gap_id	start	end	length	sequence
NZ_CP168972.1_gap1	1963	4310	2347	GTTTTCGCAACGGATTTGGAAGTCAGCCTTACAGACCAAATCAAAGTTCAAGTTCATCAACCTGGTAAAGTTGCGGTGAGTGCAAAAAGTCTTTTTGAAATTGCCAAAGAACTTTCAGAAGGTCCTATCACTCTAATCAAAAAAGAAAACAACTGGCTTGAAATTAAACAAGGTAAGTACACTTCAAAAATCGTAGGTATCTCGGCTGAAGAGTATCCGATCTTCCCAACTTACAACTCTCAAGCTTTCATCTCTATTCATGCGCAAGTGTTGAAAGAGATGATTGATAAAACAATCTACTCTGTTTCAAATGATGAGACTCGTTACCACTTGAACGGTGTCTTCTTCGAGTTGAATGCACAAGGTGGATTTAAAATGGTGGCGACAGACGGTCACCGTATGAGCTTGGTCAATAAACCTTCTTCCGAGGTGAAAGTAAACGCAACTCAAGGCGTGATCATTCCTCGTAAAGGTCTTCATGAAATCAAAAAGATTTTGGAGAGCATCGAGGGAAATGTTGAAATCGCTATCGAAGGTTCACAATTCGTATTGAAACATTCGTCAACAATCTTGATGATTCGTTTGATCGAAGGAAAGTATCCGAATTATCAACAGTTTATTCCACAGAAACTTTCACAAAAAGTGATGATCAGCCGAGAAGCTTTCCTCACTTCGTTGAAACGTGTTTCTCTTTTAGCAAATCAAAAATCAAAAGCGGTTCTTTTGAATCTTTCAAATGGCCGTATGGAGATTTCTTCGAACAATCCTGAGTTGGGTGACGCGAAAGAAGAAATCGAAGTTGAATATGCCGGCAACGATATCAAGATCGGCTTCAACGCGAAGTATATCACGGATATCTTGACGAGCATGAATCAAGACAAAATTGATTTCGAATTGAATGACCATCTTTCGCCAGGTTTGATGAGACCTCACAACGACGCTTCTTACACTTGCGTTGTGATGCCTATGAGAATCTGATGATCTTCGAAAAACTTCGTCTTGTTAATTTTCGCAATTATCGGGACGTTGTTGTTCCCTTCTCTCCGAGAGTGAATGTTTTCCTCGGAGAGAACGGCCAAGGAAAAACAAATCTCCTTGAAGCTTTGTATCTCGTTTCCCAAGGTGAATCTTTTCGCTATAGCGACAACTCAACTCTTATCAACGCGCAATTTTCTGAATCGGTTATCCAAGCTTTGGTTAGGCAAAATGATCTAAGCTACAAACTCACACTGGGACTATCCAAATCGCGCAAGGTACTTACACTCAACGATAAAAAAGTTCGACCGACCGACATTCGCAAAATTTTCGCGAGCGTTGTGTTTAGTCCGGAAAGTTTGGCGTCGATCAAAGAAGGCGCTGATTATCGTCGTGAACTTGTGGATGATTTACTTGTCACCTTTGACCGGAAAAACGCCGATTTGATATCGGATTACCGAAAAGCACTCAAAACTCGTAACAAGATCCTTAAAAACCATTTAGAGGGTTTGAACGACAAAACGGTCACCGAGAACCTTTTGGACGCTCTAAACCCCCAATTCTTGCGTTTAGGAGCCGATTTAGCGTACGCCCGCATCGCTGCACTAGCGGGTCTCTCCAAAGATTTTAATAATGCCATGCAGTACATTTCTGGGAACACGGCTGTGGATATCTCCGTGGAATACGTGATTTCCGATCAAAATGCGGTGAGTTTTTCCCGAGAAGAAGTCTATTTTGCGCTCGAAAAACGTCTTCGCGAGTTGCATGATGCGGAGCTCTCTTCGGGCTCCAGTCTAGTAGGCCCGCACAAGCACGATATTGTGTTCCTATATGGGCAAAAAGACTCAAGATTTTACTGTAGCCAAGGGCAGCAAAGAGCCATCATATTATCTTTCAAAATGGCCCAAATTGTGTATCATAGGAAGGCTCACGGAACCTATCCCGTGCTGATGTTAGATGATGTTTTATCTGAGCTCGATAAAGCCAAAAGAGATGCGTTGATTACGTTCTTACATGAGATCAATACGCAGATTTTTGTAACGACAACAGATTTTTCATTACCTGATTCTTTCAGCCTCGATCAGCTCTCCGTTCTGCGCATCAAGGATGGTCACATTCTTGATTAACGCGACTCCAGAATAAGAAAACTGGAGTACGCCCGTTTTCTAAGTAAGGGGTTACAGTGTCAGTCGAAGAACAAAAAACATATTCCGCCGACTCGATTCAAGTCCTTGAAGGTCTTGAAGCCGTTCGTAAACGTCCAGGGATGTATATCGGTGATACCGCTTTCAAAGGTTATCACCATCTTGTGTATGAAATTGTGGATAACTCCGTAGACGAACACCTTGCAGGATATTGCAAAACAATCAAA
NZ_CP168972.1_gap2	5559	8099	2540	CTGGGATCGGCAAAGATAACGTGAACGTGGATAAAATCCGCTATCACAAAATTATCATCATGACCGATGCCGACGTCGACGGATCGCACATCATGACTCTTCTTTTGACGTTCTTCTATCGTCAAATGCCGATGGTTCTTGAGCGTGGTTACGTTTACATTGCGCAACCGCCTCTTTACAGAGCGAAAAAAGGCAAAGAAGAAACTTATTTGAAAAATGAAGCGGCTCTGACAGAGTATCTTTTGAGCTCTGGTTTGAATAACTTCAAAATTAAAGGCAAAGAAAATCTTCCTGAATCAGAACTTCGTCAGTTGATCTTGAATATTCAACGTTTCAACGACTTGCTTCGTGTTTCCTCGAAAAAATACGACAAAGATGTTTTGTATTTCTTGTTAAGCAAAGTGAACGACTTCGAAGGTTTGCTGGCTGACGATAAGAAAATCGAAACCGCTTTGAAAGATTTGGGCGCATGGATTAATGCGGATCAAAAATTGGGAATCACGGAGTACAAAGGCGAAGTTAAAAAAGATGAAGCAGGCCGTTCTTATGCTGACATCTACACTGTTCGATACGCCGATCGCATGACGACGAAGTTTGGTCAAGACAACCTACGTTCTTCAGAGATTATCGAACTTCGTAAGATCTGGGCGCAAATCCAAACTATCAGTACTCTTCCGTTGACGATTCTTGAAGGTGAAACAGAAGTTCAGTTTGAAAACTACAACGACTTCTATACGCATGTGATGGAATCTACGAAAAAAGGAATCTACATCCAACGTTACAAAGGATTGGGAGAGATGAACCCAGAGCAGTTGTGGGAAACAACGCTCAATAAAGAAAACAGAACCCTTTTGAAAGTGACGATCGACGACGCTGTTGCGGCCGACGAGACGTTCTCGATTCTGATGGGTGAAATGGTTGAGCCTCGTCGTCAGTTTATCCACGACAATGCTCTTCTTGCTCGTAGTTTGGATGTTTAATTTTAGTTTTTGAAACTGGTGATCTATGGAAAATAATCAAGAAAAAGGCGTAACCCTCGTCGATATTAGTAAGGAAATGCGCGGAGCATACTTGCAGTACTCGATGTCAGTTATCGTGGGACGTGCTCTTCCTGACGTGCGTGACGGTTTGAAACCGGTTCACCGTCGCGTTCTTTTTGCACAAAGTGAAATGAACAACCGCCACAACAGACCGTACTTGAAGTCGGCTCGTGTGGTCGGGGATGTTATTGGTAAATACCATCCGCATGGTGACGCTTCCGTTTACGATACAATGGTTCGTATGGCGCAAGACTTCTCTTTGCGCTACCCGCTTGAGGATGGACAAGGAAACTTCGGTTCTATCGACGGTGATAGCCCGGCAGCCATGCGTTACACGGAGATTCGTTTAACGAGCCTTGCTGAAGAACTTCTTAACGACCTCGAAAAAGAAACAGTTTCTTTCGGTCCGAACTACGATGACTCTTTAGAGATTCCAACGGTTCTTCCTGCAAAGTTTCCGAATCTTTTAGTGAACGGTTCTGCGGGTATCGCCGTAGGTATGGCGACGAACATTCCTCCACATAACTTAGGAGAAGTGATCGACGGTTGCGTGCACTTGATCAATAATCCGGACTGCCAACTTGAAGATCTCATGCAACATATCAAGGGACCGGACTTCCCGTCTTACGGTGTGATTGCAGGTCGCGAAGGTATTCTTCAGGCTTATAAAAAAGGCCGCGGAATTATCTCTTTGAAAGCGGTTGCGGAAATCGTTCAGGTTAAAGACCGTGAAGAAATCATCGTTACCGAGATTCCTTACCAGGTTAATAAAGCAAAATTGATCGAAAGCATTGCGGACCTTGTTCGTGACAAACAAATCGAAGGTATCTCTGATATCCGCGATGAGTCTTCACGTGAAGGTATGCGTATCGTGATTCAATTGAAGCGCGGTGAAAATGCCAGCGTGATCTTGAATCGTCTTTACAAATTCACGCAAATGCAAATCAGCTTGGGTATTATCATGCTGGCTTTGGATGCGAAAAACCAACCGGTTACTTTCGATCTTAAAGGCATGCTGGAAGCGTTCGTGGATCACCGTCGTGACGTTGTTACGAAACGTTGTATCTTTGAACTTAAGAAAGCCCAAGAGCGCGCGCATATCTTGGAAGGTTTGAAAAAAGCCCTCGATCATATCGAAGAGGTTATCAAAACTATCCGTGCTTCTAAGGAGGCAAACGCTGCCCGCGAAGCTTTGATGCAGAAATTCGAATTCTCTGAAAAACAAGCCGTTGCGATTTTGGAAATGCGTCTTCAACGTTTGACAGGTTTGGAGCGTGATAAAATCATCGCTGAACTTGCAGAATTGATGAAACAAATCGACTGGTTGAAATTCGTCCTTTCTGACGTTCGTGAAATTTATAAAATTATCGTATCTGAGCTTGAAGATATCAAAAAACGTTACGCAGATCCTCGCCGCACACAAATCCAAGGAAGCTTGGATGATATCGAGGACGAAGATTTGATCGCCGATGAAGACATGGTTGTCACTGTGACAAACAC
NZ_CP168972.1_gap3	185102	189908	4806	GATGAGATCTCTGCGACGGACGTTCTACACTATGTTGCAAGTATCTTCGCTCGAGGGGACGTAAAGAATAAATAATGTCGATACGTGAAGACCATAATAGATTTAGAGAGATCGTAAAAGGGAAGGTTAAAGAGGACCTGCGCAAGTACGTCTCTCAAGGCGAGATGATCGGGAAGCGTGAAGATGAATTTGTAAAGATTCCGCTTCCTCGTATCGACATCCCCAACTTCCGTTACGGCCCGAAACAGCAAGGTGGCGTCGGTCAGGGTGAAGGTCAACCCGGCCAAGACGTGGGCGATCCGGGTGAAGGCGGTCAAGGTCAGGCGGGCGAGGCTCCCGGCGAGCATTTGCTTGAAGTCGAATTAACCATGGAAGAGCTCGCTGATATTCTTGGCGAAAAACTCGAGCTTCCGCGCATTGAGCCTAAGGGCGCGAAAAACATCGAATCGATTAAGACGAAATTTACGGGTTTGGCACCAGTTGGGCCCGAAGGTCTTCGTCATTTCAAATCATCCTATAAAAGGGCTTTGAAGCGTCTTGTGGGTTCTGGAACCTACAATGCGGAAGAACCGCTGGTTATTCCGATTCGTCGGGACATGCAGTACAAATCCTTTAAGAAAGTCACTCAGCCGCAAACTCAGGCGGTGGTGATTTATATGATGGACGTGTCAGGCTCAATGGGCGACGAACAAAAAGAGATCGTTCGTCTTGAAAGTTTCTGGATCAATACCTGGTTGAAAAAACATTATAAGGGTCTGGAAACACGTTTCATCATTCACGATGCTGCAGCAAAAGAAGTTGATGAAGATACGTTTTTTAGAACAAGTGAGTCGGGCGGTACTTTAATCAGCTCTGCTTATAAACTTTGTCAGGAGATCATCGAAAAAGATTATCCTGTGAACGAGTGGAACATTTATCCGTTCCATTTCAGTGACGGCGATAACTGGTCTGGTGAAGACACGCGCCTGTGCGTGAAGATGCTGACGGAATTCTTCCTTCCGAACTGCAATGTGTTCAGTTACGGACAGGTGGAAAGTAAGTACGGGAGCGGGCAATTCCTTAAGGATTTGCAAAAAGAATTTGGCGGAGACGAAAGACTGACTCTGAGCCAAATTGAAAACCGCGACAAGATCCTCGATTCAATCAAAGACTTCCTTGGGAAGGGCAAATAGGAAAAAGGTACCAGGTACCTTTTTCCATGCCAAATTGGAGTAAAACTTATGGCAAATTTAACTCCCGAACTTGAAGCAGAAAGAAAAAGAATTTGGGCCATCGCTAAAGAGGCGGGTCTGGATTGCTTTGAAACTATCTTTGAATTGATCACTTACGATCAAATCAATCAGTTCGCTGCTTACGGCGGATTTCCGGTGCGTTATCCACACTGGAAGTTTGGTATGGAGTATGAGCATCTCTCCAAGAGCTACGAATACGGTCTTTCAAAAATTTATGAAATGGTGATTAACACAGATCCTTGTTACGCGTACCTCATGGAAGGTAACGCGATGATGGATCAGAAGCTTGTGATGGCCCACGTGTATGGTCACTGCGACTTCTTTAAAAACAATATTTGGTTCTCGAAAACAAATCGCAAAATGATGGACCAGATGGCGAATCACGCGACACGTATTCGTCGCTATATGGATCGTCATGGTCAAGACGTTGTGGAAAACTTTATCGACGTCTGTTTGAGTCTTGAAAATTTGATCGACCGCTACAGTCCCTATGTGGAAAAGTCTGTGGTTAAGCCGGAAGAAAATCGTGCGCAAGAGCCGAATTATCTTTTGCGTGTCGATCGCTCTTATATGCGCGACTACATTAATCCTCCGTCGTTTGTTGAAGAACAACGTCGTAAGGCTGAACAAGAAGCGCAAGAAAAGGCGCAAAGATTCCCGAGTGAGCCTGAAAAAGATATCCTGAACTTCTTTATTCACTACGCTCCGTTGACGGACTGGCAGCAGGATGTGTTGTCGATCATTCGCGATGAAGCTTATTACTTCTCTCCGCAAGGAATGACGAAAACGATGAATGAGGGTTGGGCGTCTTACTGGCACTCGAAACTCATGACGACGAAAATTCTCAATGACTCTGAAATTATCGACTTTGCCGATCACCACAGTGGAACGATGGCAATGGCTCCAAACGGATACAATCCTTATAAAGTGGGGATTGAACTTTTCCGTGATATTGAAGAGCGCTGGAATAAAGGTCAGTTCGGTCGCGAATGGGAACAGTGTGATGATATTCGCGAACGCAAAAACTGGAACAGAGATCTTCGCTTAGGCCGTGAAAAAATCTTTGAAGTGCGCAAAGTGTGCAATGACGTCACTTTCATTGATCAGTTCCTGACGGAAGATTTCTGTGTTCGCAATAAACTCTTCGTTTATAAGTTTAATAAGAAGACGCAGAAGTTTGAGGTCGATACCAAAGACTTTAAGGCTATCAAAGCGCAACTTCTTTTCCACATGACAAACTTCGGTCAGCCAATCATTCGTATCGAAGATGCAAACTTCGAAAATCGCGGTGAGTTGTTGTTAACTCACTTGCATGAAGGCATCGACATGCAACCCGATTTTATGAGCGAGACGCTGAAGAACGTCTTTAAAATGTGGAAAAGACCTGTAAACCTAGCGACCGTTATGGATGAAACTCCGCAGCTTTTTAGATTCGACGGGAAAGAGTACACTCAGCACAAACTGGGTGAAGAGCCTAGTCCGAATCCGTCCAACGAAACTGCAGGTTCATGAAAAATACTCGCTTAGTTTATAGTACTGATCCCAAGGACAACATTGTTTGTCCTCAATGTAAGCAACTCAAGGCCGAGTGCCGCTGCCGTCCTGAAGAAACTGTCCAAGAAGGCCAATTCACCGTCATTTTCCGTCTGGAAAAAGGCGGAAGAGGAGGAAAGACCGTGACGATTATGGATGGATTTCCTCGCAACGAAGACTATATCAAGACGCTTGCGAAGGAACTGAAAGCCAAGTGTGGTGTTGGTGGAACGCATATCCTTGGCGAAAAGCATGGCATGATTGAAATTCAAGGAGACAAAAGAGACCAATTAAAAAAGATTCTCGAAACTAAGCGAATCAAATTCAAAGGCATGTAAAACTGGACTCCGCGCGCCTTGTATTTTCCGTCCATTCGGGTGATCCTTCAAATATGAACATGTTTACAAGTATTACAACTCCTCTGAGAGGTGCGGACTTGGCTGCTAAAAAGATTGTTATTGTGGACGACTACGAAGAGAGCTGTAAGCTCCTCGCAGAGATTTTGAGCTCTACGTACGAGTGTTCATACACTTCTGATAGCAACTCTGCATTCCGTCTTATCAACGAAAAGAAGCCGGATCTTATTCTTTTGGACTATAAGATGCCAGGTGTGATGGGAGTAGACGTGTGTCGTATGGTTCGTGAAAGCGAAACCACGAAGAACACGCCGATTATTTTTGTATCCGGTGCTGCGACTATCGACGAAAGAATCAAAGCGTTCGAAACGGGTGCTGATGATTTCATTTCAAAACCTTTCCATGTAAAAGAGCTCATTCTTCGTATTAAAGCGCGTCTATCAGATAAAGAACCGGAAGCGGCTTCCGAACTGACAGCGGCTAATCTGCGAATGAATCTTCTTTCTCGTCAGATCTTCGTGGACGGAGAGGAAGTTAATCTCACGCCGAAACAATTCGACATTCTTAAGATGCTCGTTGCCGCCAAGAACAATCTTGTGACGCGCGAAAAATGTTTGTCGGAAATTTGGGGTGATACTGAGGTGACTTCACGTAACGTCGACTCTCAGATCAACTATTTGAAACGTAAGATTCACAAGTTCAACGGTCGTATCGTGGCTGTTCCTTCTTTGGGATACCGTCTGGAAGCGCAGGAATAGTTTCTGCGCTTTGATCTTTTTCAGAATAGACCAAGGTCCAGCGAAAATGCTTTAGGTCAATGTCTTAGACACCGATAAGCAGGTATGCGCATTTTTCTTTTTTTCATTCTCAGTTTAATCGTTCTTCCGGCATACGCTATTGCGCCGGGGGTTCTCTGCGATCAAGCGATTATCGAAGAGCTTTCTTCTTCTGAAAAAGCCGGGATGGAAGAGATCTGTAGCTACGCAGGTCAGTACGAAGAATCCGCTTTGCCTGATAAAAATGCGACGTCCTCGGGAAAATTCCGCGACGGCTATCCTCAGACACATACTTACTTTGATTTTTTTGAAAGCTTGAACGAATCAATTCACACCTTGAACCGGGGTGAAAAGTGCGATCCGAAAGCGAATAAAAACGGCCGTATTCCTTATCCGACTGTGAATGTCGATAAAACGGCGGCGGGAACAATTCCTATTTCCGTGGTGAAAGAAGAGGAGCTGAATAAAATCTTCGCCGACTTTGCAAAAGACCCCAAGTACGCCTTCGATGTGCCTGATGACGGGTGCTGGGCTCGTGCGCATATCATGGCCCGCGAGCTTGAGAAAAAAGGAATTCGTGTTGGTAAAATGTTTATCGAAGGCACTTTGATTGTTGAAACCAAAAATGCCCGCAATGGCGAGAATGTCGTGTGGTCGTATCATGTGGCTCCGATGGTGGCGGTAGAGACAAAGACCGGCGTTGAGATGAGAATTCTGGATCCGGCGATGTTCAACAAACCTGTTCCTGTAAAGACGTGGACCGATAAAATGCTTCCTGACGAAGAACTGAAAGAAGAAGTCTCGATATACACGACAGACCGTTTTGTCCTTGATCCATTGCGAGGCCAAGAGTTGAGCGCGATTAGAAATGATCCGGGCCAGGGCCGCTGGCACATGGCTGAAACGGTC
NZ_CP168972.1_gap4	196810	198264	1454	TCCTGCTATTAGGATTGGTACTCAAAAGTCGTGCCAATTTTGATCATTTTGTGAATGAAAATTTACTTGAGAGTGTCGCTCACGAAGGAGTGAAAAAGATCCTTGAAAAAGCGACGGATGTGTATGGACAAGATCTCAATAAGTTTGATAAATTGACCAGTCTTCTTGTCTCTTACGTCGATCAGCCGGAGTATTTATTCCAAGCCGGCCCAGTCTCCGAGGGCGAACCTGGGTTTGACGAAGAAGCAGAGATGAAGCTCTTGCGTGATTGCTTTAAGCGCGTGAAAGAAAACTTCCTAAGAGAGCAAGCAAAGCAATTAGCACGAGATCTTAAAAACGAACCTAGTTCGGAAAAGTTGGAACAGATTATGAATATTCAGAGAAACAGAATCTCTCTGAATAAAGGGTAAAAGGCGGGGTATTGATGAAACCGAACCTACCAAATAAACAAGAGAAAGAGCCTGTAAAGGTGCTTTCTTTGCAAGAACAAGAGTCTTTGATTAAAGAAGAAATCCAAAGATTCCTGAAGCTTGCGAAGGAGAAGGGTGCTCTTACGATCGAAGAGATCAATGAGCTACTTCCTCCAGAAATTATCGCGCCGTCCGTGTTGGACTCGTTTATGCAGGCTCTCGAGACTGCGGGTGTAGTAATTTCAGACTTGTCTGAAACTTCGAAAGCAGAAGAGGGCGAGGGTTCATTCCTTGAAAGCCCTGATTCTGAAGACGAAGAAGTTGATGAAGAAGAATTGGCTGAAAGCGAAGACGTTAAGGGTAACGACCCTGTTCGTCTTTATTTGCGTAAAATGGGTAGCGTTTCCCTTCTCACTCGTGAGGGTGAGGTTGAGATCGCTCGTCGTATCGAAAAAGGGGAGCGTGAAATCGTTCGTGCGATCCTTTTGTCTCCTTTGGGAACATACGAGATCATTCAACTTGGTAAGCGTCTTGATGAAGGCCGTATCAAAGTTAAATCGATCTTCCGTGGTCTTGAAGACGAAGACACTCAATACGATGAAAAGGAGTACATCGATAAGATTCATGAACTTATCGGCAAAGTGACTGAGTACCAAAAGGCGGCTCAGAAGTACTTCGACGTTCTTCGTAAAGAAGAAACAAACACGCCAGCTCGTCAGGCTGCCATGAAAGAGCTTGTTGCGATGAACGACAAGTTGATGGCGAACTTCGAGTCCGTGAACTTCAATCGTAAGACAATCAACCGTATCGTGATCAAGTTCAAAAACTTGGTGAGCCGTATCGGAACTCTTCGTCGTCGTATCAAAGACGGTGTGGAGCGTACGTTCTCTAAAGACGTTGCTGCGATGGCAGAGCGTATGAAGTTGATCGATGCGAACGAAAAAGAATTAACAAGAATGACTCGTGATACTGGTTTGAATTACCAAAAGTTCAAATCTTACGTATTGCAAGCGCAAGAGGCTGAGAAACGTATCGGCCGCTTGG
NZ_CP168972.1_gap5	199847	202622	2775	TGCTCATAACACTGGGATCGGGGGTTCAAGTCCCTCGCCCCCTACCACCTTTTCTGTTCTATTTTACTGCCGTTGATTTTGGGTTTCTTAAGAATTTTTTTGCTGGCACTGTCGGGACGCTGAATGTTCGGCGTTGAGCCGAACATTCACCAGTGCTTGCCGTGGCCGCCTTCGCGGCCGAGGACGCGCACATGCTCCGCACTAAAACGCGCCGTCGGGCGCGTTTTACCGCGGGCACAACCTCGCCCCCTTTTCTTAATTAAATTTTCTTTGGTGATAATATTTTTGGATATTTTTGTTTCTAGATTGTTTTTTGTTTATTTGGCATTCTTTGGTTAGGAGAGGTTATGTTTTTTAAGGATCTTGGTGATGGGTTTTCTGTTCGTGAGGTTTCTGCGGCGGAGTTGAGGGCTTGTTTGGCGCAAAATTTTGATTCTGTTTTTTCTAATAGGTTGGAAGTGGAGTCTGTGGCGGCTGAGAATGTGTCCAAGATGGAGAAGTTGGCTGGGCGGCGTAAAGCAGATCAGCGATTTACCTTGCGCATGGGTGTTTTCCATCAAGATCAAATGGTCGGATGGCATTTTGGTCACGCGACGGACGCTGAGACATACTATATGCAGAATTCTGCGGTATTACCTGAATACCGAGGCAAAGGACTTTATGGGGAGCTTCTTCACTGTGTGCTCGAAAAAGTAAAAATGGAGGAGTTTCAGGTCGTCACCAGCATTCATCATCCTAACAACCCTGCAGTTTTGATTCCGAAGTTAAAAGCAGGGTTCATAATAGCGGGGATGCATTTCCATGAGCGATTTCGCTCCCTCGTCGAGCTTCGATATATTTACGATCAGGAGCGCCGGAAGAGGTTTCATCGCAGCCTAGGTTTGGAGTTTTAGGCAAAAATCGCGTTGCCACATTGCGCTATAAATGTCGAGGTCCAAGTAGGTCTGAAAAGGGTGAAAATTTGTCGAAAACCTGATAGATATTGGGGACCTATGACAAATGCAAACAACACCCGTACACCTTATAATCCCGTAAAACCTGATGTCCAACTTGCGAAGCAAGAAGAGACGATTTTGGATTTTTGGGATCAAGAGAAAATTTTTGCTCAGACTTTGGAAACTCAGGGCAAAAAGACATACAACTTCTATGACGGGCCTCCGTTTGCGACGGGTCTTCCTCACTATGGGCACTTGCTTGCCGGTGTTTTGAAAGACGTTGTTCCTCGTTACTGGACGATGAAAGGCTACTCGGTGCCTCGTCGTTTTGGTTGGGACTGTCACGGTCTTCCTGTTGAGTACGAAATCAACAAGACTCACAAAATCGAAAGCCGTAAAGACGTTTTCAAAATGGGTGTCGCGAATTACAACGACGCTTGCCGCTCTATCGTTAAACGATACTCAACAGAATGGAAAACGACAGTTCGCAGAGTTGGTCGCTGGGTTGACATGGAAAAACCTTACTTCACGATGGACGTTGAGTTCATGCAAAGTGTGTGGTGGGTGTTCCAACAGCTTTTCCAAAAAGGTTTGATCTACGAAGGCTACAAAGTTGTTCCTTACTCTGTTGGTATCTCGACATCACTTTCAAACTTTGAGGCGAATCAGAACTACAAAATGGTTCAAGATCCCGCAATCACAGTGATGTTCAAGTTGATCAATCAACAAGACACTTCGGTGCTTGCTTGGACGACGACTCCTTGGACTCTTCCTTCCAACTTGGCGTTGGCAGTGGGAGTTGATATCGACTACGTCAAAGTTCAAGAAAAAGCGACGGGCCGTAAATTGATTCTGGCGCAAGCCTTGCTTCCGTCTGTGTTTAAAAAACCGGATGAGGAAGTAGAAGTTCTGAAAATGATGAAAGGGCAAGAGCTTGTCGGTCTGACTTACGAGCCGCTTTTCCCTTACTTCGGTGATCGCGCGGATAAAGGGGCGTTCCGTATCATTACTTCCGACCACGTAACGACGGACAGTGGTACGGGTGTGGTTCACATGGCTCCCGCATTCGGTGAAGAGGACTACTATGCGTGCGCGAAAGCAGGTATCCCGCTTATCAATCCTGTCGATGACGACGGTATGTTCACAAGTGAAGTTCCGGACTACGCTGGTAAGCGCGTGAAAGACGCGGATAAAGATATCATTGCGGATTTGAAAAAACGCGGGAACCTTTTCAAACAAGATACGATCCAACATAGTTACCCATTCTGTTATCGTTCAGACACTCCGCTGATCTATCGAGCGGTTTCGTCTTGGTTTGTTGCGGTTGAGAAAATCAAAGAGAACTTGGTTGCGAATAATAAAAATACGACATGGGTTCCGGATCATCTTCGTGATGGTCGTTTCGGCAATTGGCTTGAGGGTGCTCGTGACTGGGCGATCTCTCGTAACCGTTTCTGGGGAACTCCACTTCCGATCTGGAGAAACGCTGAAGGTGAAGTGATCTGTGTTGGCTCGCGTGAAGAGCTTGAAAAACTCTCTGGCCAAAAAGTCGAAGATCTTCACATCGAGTTTGTGGATAAAATCACAATTCCTTCGCCGACAGGTAAATCTCCATTGAAACGCGTTGATGGCGTTTTGGACTGCTGGTTTGAATCAGGTTCCATGCCTTACGCGCAGTGGGGTTTCCCGAATGCGAATGTAGAAGAGTTTAAAAAAGCTTTCCCTGCGGATTTTATCGCGGAAGGTTTGGATCAAACGCGCGGTTGGTTCTATACGTTGTCGATCATCGGCACAGCTTTGTTCAATCAAGCGCCTTTCAAAAACGTCGTCGTGAACGGTC
NZ_CP168972.1_gap6	204138	208796	4658	CCCGATCCCGATCTCATCACGGCTCTTAAAAGTCTCGAAGAATTCAGTCATTTGTGGATTGTGTTCGTGTTTCATGAACATGGCGGAAGAAACTGGAAACCGAGCATTCGTCCACCGCGCTTAGGTGGCAATCGCAAAGTCGGTGTTCTGGCTTCTCGCTCTCCACATCGTCCTAATCCGATTGGTATCTCTGCTGTTTCAATAGAAAGTATTGATCTCGAAGCGGCCGGTGGTCCCGAGATCTCTGTTGGCGGAGTGGATCTTATCGATGGAACTCCGGTCTTGGATATTAAACCCTACATTCCTTATGCAGATGCAATTCCCGAGGCAAAAGCGGGATGGGCGTCTGAACCGATTCCTCGCTTTGAAGTGAAGTTTTCTGACGCAGCGGAAGCGGAAATCAAAAAGCGCGATCCGCAAGGAGATAAAAATCTGCGGGCTTTGATCATCAACATCCTTGAATTGGACCCTCGCCCGGCCTTTCAAAAACGTCAAGCTCCTGTGACAGATGAAAAAACGTGGGGAAGTCGCTATGGGTTTGACGTCATCGGTAACGACGTAAAATACGAAATCCGCGAAGGCTATTTCTTCGTTTACGATTTAGGTTATCAGAAATAACCGAATGGTTTTATCCAAAATAGAGATGCGGATCTTCGAAACAGCGCTCAAAGATTTTTTGTAAAGCTGCCGCGTGAACGCCATCCATAAAACGGTGGTCGAAGGTCACGCCGATCCTGGCAACGGGACGAGCTTCCACAGTTCCCTCAGATGTGACCCAAGGACGTTGTTTGATTTGTCCTACGGTCAACAAGATAGGAACTTTCGTATACGTCACAAGGGGAGCCCACGCGGTATCCCCGCCCATGCCGCCAATGTTTGTGATCATGATAGAGCCGAAGGCGTCGCGTGGCATTCCAGCCCACGTCAGATTGATTCCCAAGTCATAGTTTAGAAAAGAAGCGATATTAAGAACCGTGCGAATGAAAAACCACGGCACCCATTTCAGGGCGTCTACGGACTTCGTAAGTTCACTTTCAATTCCATCTTTGATAGAGCGGGAATTTTCGGTAAGAGCTTGCGCGATTTGCACGGCGCTGAGATTTTCTGCCTGGCGGACCACCACACCAGTAAGGTTGGCTTTACCGACAGGATCGTTAGGATTACCAGGAACATTCACTTGATAAAAAAGGTCGACATGTTCGCGCAGATAAATGCGATTAAAGCGGATCATGCCGTTGATTTCGGGCCGCTCTTTCATCGCAATCGCAGCGGCTTTTCCCACAAGATGCGAAACCGTGATCTTCGCACCTGTAGAGGCTTCTTTTTCTTTGATATAGGCCAAAGCTTTGCTCATGTCGATTTCGAGCAATCCATAAACTGAGGGATCTCCGGCAGTACGCCACGAGCCCATCGCGATTTTACGAAACGCGGATCCACCTTTTGAAAGTCGCAGTTTTGGCTTCATAAAAAAAGACTAACAGCTTGTCCGTCATGAAGCAAACCGCCGCGGATTTATTCCTTTGGCAGTGTTGCGATAAACTTCTTTCCTGTTTCGGAAAGATGGGTAAAGCGAATGCCATAACGGATGTAAACGTTCTCCGCTCCGGGAAGCTTTACTTTTCGAACAGAGACGACTACGCCTTTGGCGTCGAATTTATTATCTGTGATGCTGTCGCTGAATTTGATCATCAGGGTTTCATTCAGGTCGCATTTTGCCGTTCGAACGATGAGACCCATTCCGGTTCGTGAAACATCCGGGCAGAAAACTTGAAAACCACTGCCTTTACTGGAAAGAGCGATAAAAACTTTACCACAATTAAAACGTGGAGACTTGCGGCGCATCTTTACGTCAGGAAGCTTTTCACCAGAAATCTGCTTATAGTTTTCCAAAGATTTCGGAGAGAACTCTTCCCAGTCGATCAGTTTCTGCCAAGGTCCCTGCGGGCTCTTCGAGATCAAACTCGTCTCGGACAGCTTATGCTCGTGAACTAACGCTAAAATTTCCAAATACTTCAAAGGGTGGTCGCCGCGATTTTTTTCGTACCAATAAACGGGTGTAAGGATGGGAAAATTTTCTGGAGTGATAAACGCAGGTACTTGCGTGTCTTCGTTGACGTCGCTGATCAAACCGACCGCGACGTGATCGCCGTAATCGTTTTCGGAAGAGTCGCCGTCCCCGTCACTTTCTAAGTCAGAAAAGTCTGGATGTTGTGCGAGCATCATCCATTCACCGGTTTGATTATTAAGGATCATATCGAAAAGACTGATTTTTCCTGAGCGAACGCCATCGATGACGTTTTTCTCCGTCAGAGGTCCTAGTTTTTGTTTTCCTGTCGTTAAGTAATACCCAGATGTCATATAAGTCTCCGTCAACAAGTACGTTTCAAAGGTTGGAGATTCCACATGCTTTTTCGGTAATTTCGGGATGCTTCTTAATGGAATGCCGTGGATCGTTTCACTCTGAGACGAAAACACCCAGCTTCGAAGCGCGCAGATATGAATCCACTCTGATTCGATCAATTCACTGTAGTTTGTTCACGCGTCCTCTGTCGGGAAAGGGGAAAAATTTGCCGACGCCAAAGTCCGATTTTTTTCGCAAGCTTAATGAACTTCACTGGTTACGAAATTCCTCTTGTAGGTTTGTCAAAGCACAATCCTTTAGGAGGAATAATGAAGTTAAAAATCGGAAACTCATTTTTCTCACGTTCCAGGACAATTCTAGTTGCTGCTGCCTTTTTATCACTTGCGGCTTGTGGCGACGACCTACGACTTCCCGATGATCCAACAAATGAACAAGTGGCGGAAAGCCCTTCGACGTCTCCTGATAAACCCGCGACGGAGACGCCCAGTGTAGAGGATGCTGAGAAAGCAGCTATTCTCAGTAAATATGACTACGTCGATCCGAACCATATCGTTCCGACGAAATCTCTGACCGATGCGATTCTTTACTATCATCACAACAAAGCAAAAATTGATAATCCCAATTATCTTTCAATTATCAACTTTGCGCAGAGTTCAAAAGAAAAGCGTTTCTATATCATTGATATGAAATCAGGAAGCGTTTGGGCGATTCACACGTCGCACGGAAAAGGTTCGGATTCTAATCATGATGGTTATGCGGAAAAGTTTAGTAACGTTTCTGGTTCGAACGCGAGTTCGTTGGGATATTACTTAACAGCGGAAACCTACAATGGAAGCAACGGCTACTCATTGCGCTTGGACGGCTTGTCTTCGACGAATTCACGGGCGAGATCTCGCGCGATCGTTATTCACGGCGCGAGCTATGTTCAAGAGTCGAACGTGATTCAAGGCCGAAGCTGGGGATGTCCAGCAGTTGCAACGGATATTCGCACGAAAGTTATCAACATGCTTAAAGGCGGAAGTTTGATCTACGCCGTTGTGGATAAAGGCGGTACAGGGCCTATTACTGTGCCGGCGCCGACGCCAAGCCCGACACCGACAAATCCTCCGACCTCGGGAGCGTATCAGATGTATTCATTAGCTTGGGAAACATCGAGCAAACCTGAAAGAAAAAATTGGTCGCAGTATTTGATGAAACTCGTTCTTGAAGATTGGAATTCGCTACTGAAGGGTACCAGCGACATCACAAGTTTCTGTCCGACATACTACTCTTTGAATAACAACGAGAGAGCCAACGTGTGGGCGCAGCTTTTTGTAGGTATGGCGAGATATGAAAGCAACTACAACCCAACGTCGCGCATGCATGAAACGACCATGGGAACAGACTATGTGACGAAGAAACCGGTTTATTCCGAAGGTCTTTTGCAGCTTTCTTATCAAGACATCGGCGGCTACAGCTTTTGTAAGTTCGATTGGAGCAAAGATAAATATTTAAGCTCTACGGATCCGAAGAAAACGATCTTGGATCCATATATCAACTTGCATTGTGGCGTCGGTATCATGGCAAAACAAATTGCCAGAAAGGGAGCGATCAAAGTGGGAAGTGGCGCGTACTGGGCCGTTCTTAAAACTTCAAGCAGCTCCAATAAGATTTCTTCGATCACTTCGATGGTGAAGTCTTTGCCGATTTGTAAATAATCGTGTTTACCCCCTCAGAAACTTAGATGACTTTCTGTTTAATGCCATCTAGCCTAAGTTCATGAGGGGATTCTTTTTTTTATTATTTCTAACATCTTACGCCATTCTTGTTTGGTCCCCTCTGGCTTATTCGCAGACGGCAATGAAATCTCCCGAATCCTTGGAAGAAGAAGACGAAGACTACGTTTCTTCCAGCGAAATTTATTTGGAAGAAACAAGAAAGACCGTCTCTGCGCGTGTTTTTCGTTTGGCTGACAAAATCGACTCCCTTTTTGGTGACAGACGTTACGACGATAGAAGAAACAAAAGTACTTTACGTGTCGGGGAAAGATTCTTTTATAAAGATGGCACAACCGGAGCTGAAAACCCTGAAGTAACACTCAACCTTTACTTGCCTAATTTGCAAAAGATTATGGATCGTTTCAAATCTTCCATCGCGGAAACGATTGAATCCGGAGATGCGCAAAGTATAGAACCCGGCGCTTACAATAGGGAAAGTCCTTGGGACTTGAATACGGAAAGTGGACTTGTTGTCGCGAATCCTTTGAACTATTACGGCCGTCTTCGTCTAAGACGTGATTTTCTGATCGAAAAAACCA
NZ_CP168972.1_gap7	217137	220786	3649	CAGCAGGAAGTTCAACAGAGCTGATCTCTTCGAAATCTTCAAGACCATCTTCGTTGATGCCAATAGTGATCACGCCATCTTCTTGGCGGATCCATAAATAACCCATGAAATTTCTAACGTCGTCTGATGCCATCTGTATATTCCTAGTTGATGCCGGAGGCAGTTTTAACAATCGTAATATAAATGGAACTCATATGGAACAGGTCTTTGTTGTACAGGTCGAACTTCTTTGTCGATTTTGTACTGGACCCAAGTCTCAATGAGGTCTTCAGTAAATACGTCGCCTTTTTTCAGGAATCCGCAGTTCTCTTTCAAGTGATTCAAGCTTTCTTCCAAAGTGCCTGGAACAGAAGGAATCGCGGCTGCCTCTTGCGGAGGTAGACCGTAGATGTCTTTATCCAATGGATCGCCCGGGTGAATTTTATTGATGATTCCATCAAGTCCCGCCATCAAGATCGCTGCTTCCGCCAAGTAAATGTTCGCTCCAGGATCTGGCGTGCGGAATTCAATACGTTTTGCTTTTGGATTGGGCCCGGAGTTTGGAATTCTCATCGCTGCTGAACGGTTCTTAAAGCTGTAAGCCAATTTTGTCGGAGCTTCGAAACCAGGAACCAAACGTTTATAAGAATTTGTCGTCGGATTGATGATACCACAAAGCGCCGGTGCATGTTTCAAAACGCCACCGATATAGTAAAGGGCCATTTCAGAAAGACCCGCATACTTGTTGCCGGCGAAAAGATTTTTTCCGTCTTTCCACAATGACATATGGATGTGCATTCCGGAACCGTTGTCGCCAAAAAAGAGGCTTCGGCATAAACGTCGCTGTTTTGCCATAACGTTTCGCCACGTTCTTTACGATGTATTTGAACCACATCATTTTATCGCCCATGTTCAAAGCTGTATCGAAGCGGAAGTTGATCTCGCCTTGACCTGCAGTTGCAACTTCATGGTGATGACGTTCTACTTGCATGCCGCATCTTTCAAGCTCAAGACAAATTTCAGAGCGAAGATCTTGTTGGGAATCCGTCGGAAGCGCCGGGAAATATCCTTCTTTGCCACGGATTTTATAGCCTAAATTTTTTCCGCCTTCATCGCGACCTGTATTCCAAACTGCTTCATCGCTGTCTACCATGTAGAAAGCCGAATTGCTTGTTTGTTCGTAGCGAACATCATCAAAGATAAAGAACTCCGCTTCGGGTCCGAAGTAAGCTGTGTCGGCAATCCCTGTTGACTGCATGTAAGCAATCGCCTTTTTCACCACTTGGCGTGGATCGCGATTGTAAGGTTGTAGCGTTTCTGGCAGGCAGACATCACAGATGATAGACAAAGTTGGAACCTGCATGAAAGGATCCATCATTGCTGACGCAGGATCCGGCATGATCACCATGTCAGACTCTTCGATCCCTCTCCATCCGCGAATGGAGCTTCCGTCGAAACCGAATCCATTCTCAAATGCATCTTCAGTTAGTTGATGCAAGGGAACTGTTAAGTGTTGCCAAGTTCCGATCATGTCACAGAACTTGAGGTCTACCATCTTCGCGCCTTTTTCATTGGCGAACTTAAGAACGTCTTTTCCTGTCATTTTGGCCTCCGGGGCGTAAAAAATTTAAAGTGCTTCTTCGTTCTTCTCACCGGTGCGGATGCGAAGTGCTGACTCAACAGGTATTACGAAAATCTTTCCGTCACCAATTTTTCCTGTGTGAGCTGTTTTACGAATAGCTTCAACCGCACTCTCTATAAGAGCGTCAGGCAAAACTACTTCGATTTTTATCTTTGGGAGAAAGTCGACGACGTATTCGGCGCCTTTGTAAACTTCAGTGCGACCTTTTTGTCTGCCGAACCCGCGAACTTCAGAGACGGTGATCCCTTCAACGCCGACCTCGGAAAGAGCGTCGACAACATCATCGAGCTTGAAGGGTTTTATAATCGCCTCAATTTTTTTCATTAAACTTCTTTGTGCTGAAGGAAGTCCTAAAACAACTTTTTGAAGATGTTAGCAAAGGAATCGAAGAAAGCAAAAACTGTTAAAGTCATTTAATTTTTTTAATTATCGAATAACGCAAAACAGTAAGTGTCACCTCTATGAAAAAAATGAAAGACCGCCAGAAACTGGCTTGCGGAGGTATGTGGTTTTTGGTACACACGGGACCTCTTTTTGGAAAAGCCACTATTGTTGTCGTGCTCGGGGGGGATAATGACTACAACACGTTTTTTCTTCTACGGTTCTTTGTGCGAGGGGATGGTTCACTTCGCAAAAATCCAAAATTTCGTGGAATCTTCAGTATTTGCGAGAGTTAAGGCGACAGCCTATCGTCTCAAGGTAGGTTTCCCAGCGATCGTCAAGGGCGGCTCGGACTTGGTTCCGGGGCAGATCGTCGAACTCAAAGGCTCGGAGATTCTTTTGAGTCTTCTTGACGAGTTTTTTGGCTTCAACCGCCACGATCAGGATAAGAGCCTTTACTCTAGAGAAGAGATCGAAGTTTATCCGGAAGGCTCTTCGCAACCAGTGAAAGCTTGGATTTACTTTTTGAATCCATTAAAACTGCCGGTGAGTGCCACAGTGATTCCTGGCGGAGACTGGCAAAGATCGATGGCGGAGCAACCGACATTGACTTCCAAGTTGACGGACAGACAAATCACTTACATTCAAAAGTTGGGACGTTCTACTGGCCGAGAGATTGTTCCTATTGATCTCACTTTGTACCGTGAGTTGATGAACTTAGAGTTGATCGTCGATAAAGGTCGCCGTTTGGCTCTCTCTAAACTCGGCCAAGAGGTTTATAAGCATCTTGCCTGATTCACAGAAATTATTCCGAATTGTATTGATCGAGCCCGAAATTCCACAAAATACGGGGAATATCGGGCGCACATGTGTGGCCACGAACTGTGAGCTGCACATCGTGGGAAAAATGGGTTTCGAAATCAACGACACCAACCTCAAACGCGCGGGCCTCGATTACTGGCCTCACCTTACCTGGCATCGTCACGAAACTTTCGCCGATTGGTGGAAACTCGTCGAAGACCCATCGCGAATCTGGCTTTTCACGACGAAAACCAAACGCACCTACTTTGACCCTGAATACAAACAAGGCGACTGGTTCGTCTTTGGTAAAGAAACCAAAGGACTCGATCCAGATCTTCTTTTACAACATCCGAATCAAACGGTCACCATTCCCATGATCGGCGAAGGCGCGAGAAGCCTCAACCTTGCCACTAGTGTTGCTATCGCCGCCTACGAAGGTGTCAGGCAGCTCAACTATTCAAAGTAACTTCATAACTCCCAGACGCGAGCGCAATCCGAGAGCGAGAGCTCCTGGCTTCCCCTCGCTGCGGATGGCACGCCCTCCAGGCTCAGTTGCCGCCGCACTGGCGTGCGGTTCGCGACATCGTGTCGCCGGCAAAGGCCCTCCTTCGGAGGTGAATCCAGGAGCTCTCGCTCTCGGATTGCTCGGCCTGTGATTTATTAAAATATTTTAAAACTCTGAGCTTTTTCCGCAGGCGCACGAAGGAAAAAGGAAAGGGAAATTTCGTTTCAAAAATCTTTGGAGGGGTTTTTCGAATTAATTTTTTCTGATCTTTGTAGTGTCTTGAATGTTGTTTCATCGAGATTCTGGCTTGCTACTTTTATACTTTGCAGTCCGTAGAGAGG
NZ_CP168972.1_gap8	223244	224614	1370	AGGTTCAGAAAATGATTCTTCTTCAAAGCATCGACCATCACTGGAAGAACCACTTGTACGTGATCGATAAGTTGAAAGAGGGTATCGGTTTGCGCGGTTACGCCCAAAAAGATCCTTTGATCGAGTATAAAAAAGAAGCTTTCAAAGCTTTTGAAACTTTGAACAACACGATCAAAAACGATGCGATTGAAAAAGTCATGCGCGTTCAACTTGTAGCTCAGCAGTCTGAAGAACAAGTTTTGGAAAGCCTGCGCCCTGAAGAAGCCGATTTAGATGAATTGGATTATTCTTCTTCGACGGAAGCTGACATCGGTCACTCTTTGCCTGATGTTGGTGTGTCTGAAGAACCGAAGCGCAAAATGACTTTCCAAAGCGGACCTCGTGAAGACCGTCCGATGAATCGCGAAGAGCGTCGTCGTACTGAAAAGCAAGGTAAAGGAAAAAGATAATTGATCCCTTGTCCGAGTTGCCAACAGCCGGTAGAGATTCTTGATAAACACATGGGGACGCTGTTCACGTGTCCCCATTGCAATGCGGTTTATTTTATCGACTGGAATGGGCAACCGGAGCTCGCTCAACATGAAGTTGAAGAAGAGCAACCGATTGAAAATCCCCAAGACATTCAAGCTGGAACTGATTTCGAAGGTGGTGCCTCTTTTGAGGGAGGAGTTGCTTTCGAACCACCTCAACAAGACTTCAACGCTTTCGGCGGGGCTCCTGATTATTCCGCACCTGTTGAACAGGAAGGATATGTCGGAGATATTCCGCAGCAAGTTCCTGAAGAGATGGCACCGCAAGAAGATCCTTATTTAGCGCCAGCTGAAGAGATTCCACCTGGTTCTGTCATCGAAACTCCTGGTGAAATGAGTGCTGAAGCAGGTATGGAAGCTTATTCAACAGAAGAAGCTCCTTACGATTTCAGTCAGACTTTGGATCGCGTGCAAGAGCCGACTCCCGTACCGGCAAGCACTCCGGATACTCCTGATTTTTCTGACGTCACTGATTTTGCGAATGCCAATACATCGGCAGGGCCTCTGACATATTCCGTGATCATTGATGGCATCGAATCAAGTCATCTTTTATTGCAGTTGCGTGAAGCTATGACAGACTCACGTTTTGGCTGGGATGTCGCTGAATTGCTTTCTCACGTCGGCGGAGGACGACTTGTATTAAAGGGCCTGACTCCGGCTAAAGCCTCAGTCCTAATCAACCGAATTAAGTATCTGCCTTTTAAAATTTCTTGGAGGCAAGATGTGCTCTCAAGTTCTTAAGTTATCGTTAATCTTTTTGACATACGGCTCATTGGCTTTTGCCAGTGGTGGGGAAAGTGCTCCGGCCAAAGAAGAGCCCAAAGAAATCAAGACGAGTGA
NZ_CP168972.1_gap9	336300	340309	4009	TGAAAGTCCTCTAGAGAATGCAGGTCATCAAGTTTTTCTAAGCTCTGCGACAGATCCTGAGTGATCAGTTTTAGGCGAGGATTCTTTTTCGCTAAAGCGTGGTGTCGGTAAGGATGAAGAACGTCGACCAAAGTGATCTGCTCAAAGTTTTCGACAAGAAGATGCAAAGGAATTTCGTGCAAATGAGCACTTCCCAATACGATAACAGATTTTTTTTGAGGCAGTTCACGCGCGGTTTGCAGAAAAAGATCCTGACAGTTTTTTAAATGCGGCAACCAGGCTTTTTGACATCTTTCATAGCGATGCTTTAAAGAAATGGATTGGTAAAGAAATCCGTACTTTTTGGCGAGGGGAGTTGTCGGTGTTAGAAAAAACTCAAAAGCTTCGCGAATCACGTCTAGGCACTTCCTTTTCTGCAAAGAACATAGTTCTTTTTGTGAACAAAGGGAAGCAGGTACCTATTGGAGGGGGAGGACTCTTTCGGCACGGATGTTGATAAGTTCTCCGACTTTCTCAATAGTTCCATGAACTTCAAGAAGAGAGCGGCCGTAAATAGCCATCCGGTCTTTTTGATAAACGTCGGGATGAATCACGATATTCATGAAACCGAACTCGTCTTCCAGAGTGATGAAACACATGCCTTTGGCTGTCGGGGGTCTTTGGGTCACCGAAACAAGTCCCGCTAAACGCACCTTGCACTTGTTCTTCATCTTGGGGAGATCGGCAGAATTGAAATAAGGCACGTAACGTTTGGCGACCAGTTCGCTGCTTTTGCTTTTCAAGTAAGAGCGCAAAACTGACAGAGGATGTGAATCCACCGAGAAACCTTTGCTGTCATATTCGCGGCGCAAGCGATCCCAGTTGGATTCAAACGGCAGATGCTCCGGTTCGTCGTCTTGATCTTCTAAGCTGAATTGTTCTTTCGGATGTCCCCAGAGGAAACTTTCCTGATCCAGGCTTAGACTTTCCAAATGCCAAATCAGCTCGCGCACATTGGTATTAAAACATGACAAAGCTCCCGCGCCGGCGATTTTGACCAAAGCGGCTCGTGGTAACTGAGTCCGGCGGATGAAATCGGCAAGATCTTTGAATTCGCCGTCCTGTCTGCGCGACTCTTCGATACGTCTTAACAAAACTTCAGGCACTCCGTACAGAGAGCGCATTCCCACACGCAAAGCATGACCTACTAAATTTGTTTCTAAAGTATAATCGTAATCAGAGTGTTGAATGCAAAGAGGACGAACCTCCACACCATTGCGCTGAGCCTCGGCGATCAAAGTGCGAGGCGCATAAAAACCCATGGGCTGACTGTTCAGCAAGCCACAGGCAAAAACGTCGGGATAATGATGTTTTATATAGCAACTGGCGTAAGTGAGAATGGCAAAGCTCGCCGCATGACTTTCTGGAAAACCGTAGTTCGCGAAACCTTCGATGGTTTTATAAATCTGTTCGCCATACTCAGACGTGATTTCATATTTGGCAAATCCCGCAAGAATGCGTTGTTTGATGCCTTCCATAGTGGAACGTTTGCGCCAAGCCGAAGACATAATTCTTCTCAGCTCATCGGCTTCTCCCGGAGTGAAGTCCGCAACTTCAATAACGATCTTCATAACCTGTTCTTGAAAGATAGGTACGCCGAAAGTTTTTTCCAGAATAGGTTTCAGGCGGTCATGCGCATAATGCGCTTTTTCCAAACCCTGGCGTCGACGTAGGTAAGGATGCACCATGCCCCCTTGCAAGGGACCTGGGCGCACAAGAGCCACTTCGATCACCAAGTCATAAAAATCTTTGGGCTTCATTCGTGGCAACGTTTGCATTTGCGCGCGCGATTCAATTTGGAAAACTCCAACAGTATCCGCGCGACCAATCATTTCATAAGTGGGTTGGTCGTTAGCCGGAATGGTATGCAATTCCAAAGGTCGGTTTTTATGAGTCTTCAAAAGATCGAAACACTTTTTCAAACACGTGAGCATTCCCAAACTCAAAACGTCAATCTTCATGAGCTTGAGTGTTGCCACATCGTCTTTATTCCATTGAATGACATAGCGGTCATTCATCGTGGCTTTTTCCACGGGAACCATTTCTGTAATAGGGTCTTGCGTGATAAGAAATCCGCCCGTATGAATTCCAAGATGGCGTGGAAACCCATGCAGCTGTTGAGCCATAGCTAGAAATAATTTCCACTCATGGGGAGCTAAACCAAATTTCTGTCCCACTTCCGGTTCAAGCAGACGGCTCATTCCGTCCCGGCCCATAAATTTAATCATTTCGTTAATTTTGGAAAGAGGAATACCAAAAACTTTGGCGGTTTCACGAATAGCCATGCGCGAGCGATAACGAATGACCGTACAAACCATGGCGGCGTGCCGTTCATTGTATTTTTCGTAAATATGCTGAATGACTTCTTCGCGACGGTTGTGTTCGAAGTCGATGTCAATATCCGGAGGCTCCCGGCGTTCGCGTGAGATAAAGCGCTCAAAGAGTAAATCAATCTCGTTCGGATTCACCGACGTCAAGCCAATACAAAAACACACGACAGAGTTCGCCGCGGAACCTCGGCCTTGATGAAGAATGTCTTTTTCCGTCGCGAAATCGCAAATTTCCTTCAGAGTTAAAAAATAATCCTCATATTCAAGCTCTTTAATAAGAGCGAGTTCGTAATCAATCATCTTGCTGACTTTTTCAGGAATGCCAGAGGGGAATCTTTTCTTTGCGCCCTCCCAAGCCAGATTGCGCAGATGTTCCGAGGGAGTGAGTCCTTGCGGAAGTTGTGAGTGCGGATAGCGATAACGAATTTCATCCAAAGAGAACTTCACTCGTGCGGCGATCTCCACAGTTTTTTCCACAAGATCTAAGCGGTCTTGCCAAAGAAAGGAAAGATCTTCGAGGCTTTTCAAACAGCGCTCGGCATTTTGAATCAGTTTGTTTTTCGCCTCTTTCAAAGTGGTGTGGTGCAAAATGCAAGTGAGCACATCGAAAAGATATTTGCGCTCCGGATGATGCATAAAAGGTCGTTGTGTGACAAAAAGACGGGCTTGATATTTTTCTTCCAAGGCAAAAGCACTTCGGCAATGTTCGTGCGATTCCCAGGTCAAATCTCTCCACACGGGAAGATAAAGACGGTCGTCGAAAATTTTTTCCAGGCGTTCATAGCGTTCGTCAGTCCAAGGCGGCAAAGCCAAACACAAAAGACCTTGATTGTATTTTTCAACTTGCTCCAGAGTGAGTTTGGAAAAGCCTTTGGCTGCTTGTCGTTTTCCTAAAGTTAGAAGTTCGCAAAGATGTGAATAACCCTGCTTGTTTATAGGAATCAACGTGATGGAGGTTTCATCCGTCAACGTCAGTTCGGAACCAATGAGATAATGAAAACCTTCTTTGGCTTTCTTTGAAGCCTTAAAAAGGGACGGCGACTGCATCGTTTGAAAACCGCGCACGACGCCGTAAAGACCGTTCAGGTCGCAGACGCCGATGCCGTCATAGCCGTGAACAATGGCTTCCGTGACCATCTCTTCGGGATGGGAAGCTCCCTGCAAAAAAGAAAAATTCGTGCGGGCCATGAGCTCGACGAAACCTCGCGCTCGCACCGCAGGTACGGACGAGTTTTTTTGCGTGGTCTGCATGCCCGACATGCGCGAAGGCAGATTTATTTTTTTCTGACCGTTAATCGAAATACCCATGCAAGTACACCTGTGAATTTATGCGATCCTTGAAAACCCACAGAAGCTGACCTTGATGAGAGAGCGCAAAATAATAATCTCTGTTTTTTAAATCTTGAACTGATATCTGCCACCACGAGGACTCAATACGCTCGCTAGGCAAAGAAGAAACAAAACGTAATCTTTGAACTTCCGCAGAGCTTAAAGCTTGCGGTTTTTCCAAAAGCAACGCGGGTCGGGGACTGGCGGACAGCCCCTTTGCATACACTGATTTGATTTGCAGAGCATCGTCTTGTCGTTCGACCAAGTCGTGTGCCTTGAAGTCTTCGGGCCAATCCGTCACCAGGCGAAAA
NZ_CP168972.1_gap10	385619	388594	2975	AACAAAAAGAAATCAGTCTTTCCCAAGAACAAATGACAGGTCCCACAGATGCGTTGATTGCAAGTCTTGAGGCGGACGGAGAAATTTTCGGTCGCGCGGAAGCTCGTCGTATCGCCTATGAAAACGGAGACGATCTTTTGCTGGTGGAAAAGAATGGAAAGATTTTTTCTTTCGATCTTTCTCATGACGAAAAACGATTCTTCTGTCAGGGCGCCGATGTGGCCGCGACAATGAATTGCGAATGTAAATAGATTTCAGCAGTCTCTAAATAAAAAAGGCGAGATAATATATCTCGCCTTTTTTATTTTTTAAGAGCTTTTGTTTTATTGGAAACGTGTCAAAGCTTCGCGCAAAGATTCTAGTTGAGTCTTAGACTGACTTAGAAGAGCCTTGTCAGCCGCAACGACATCTTCATCGGCGTTGGCGATAAACTTCTCGTTAGAAAGTTTATTCGTCAGCATAGAGATATCTTTTTGCAACTTCTCGACGAGTTTGTTGATGCGTTTTACTTCTTCATCAAAGTCGACCAAACCTTCAAGAGGGATGATCACCTTCACGCTCGCATCTTTCACGATCACCGGAGCCACCGCACACTTCATCAAGTCGCCCTCAGCACCAATTTCAAGATTTTCCACGCGGCCCATTGTAATGATAGCCGTGCGGTTATTGCCAAGTATTTTTTGGACTTGATCGTTCATCACGCCCAAACGAACGTTGATTTTCGTTGCCGGGCTGATGCGGTTTTCACCACGGATATTACGAATGGCCGTGATGACCTCTTTAACCACGTCGATTTCAAACGCACTTTGCGGTGAACCAAGGCTTAAAAACTCGCGGTCGTTTCTGGTATTCGGGAACTGATCCACGATACAAGCGGCACCTTTGATCGGCAGCTTTTGGTAAATCTCTTCCGAGATAAACGGCGCGAATGGATGCAACAAACGTGTGATGCGATTCAAGACTTGCGCAATCACAAGCTGAGTCGCTTTCTTTTCGTCTGCGTTTGTGCCGTTCATGATTGGTTTTGTGAATTCGATGTACCAATCACAGAATTGATTCCAAATGAACTGATAAAGAGAGTTGGCAGCGTCAGAGAATCTTTCAGACTCCATCGCGTCCTCAACTTCTTTTGTAACTTCCGCAAGTTTCGTGATGATCCATTGATCGAACACGCTGATGTGCGCTTTGTCCGGCAAAGCTTTTACGCCTTCTGCAGGAGCTTTAAAATCAGACAAGTTCGAAAGGGCAAAGCGGGCCGCGTTCCAGATTTTATTCATGAAATTGCGGTAGCCTTCCAGGCGCTGTTCGCTGAACTTAAAGTCTTTGCCCGAGTATAAGTGAGCCGCGAAAGTAAAGCGCAGAGCATCCGCACCGTACTTTTCGATCATTTCTACCGGGTCGACAGAGTTACCAAGAGACTTCGACATTTTACGACCTTGAGAATCGCGCACCAAACCGTGGATATAAACCGTGCGGAAAGGAACGTCGCGCTTAAACTCAAGACCCATCATGATCATACGCGCCACCCAGAAGAAGATGATGTCGTGACCCGTGACAAGATAACTTGTTGGATAGAATGTCTTTAAAGCTTCCGTTTCGTTTGGCCATCCCATAGTGGAGAACGGCCACAGACCCGAACTAAACCATGTATCAAGAACATCTTCATCTTGATGTACTTTAGTGCTGCCGCATTTTTCACAAGACGTAATGTCCGTTTCGCTGACAGTTTGGTGATTGCACTCGTCGCAATACCATACAGGGATGCGGTGGCCCCACCAAAGCTGACGGGAAATACACCAGTCTTCGATGTTATTCAGCCAATGCAAGTACACTTTTGTCCAAGATTCCGGTTCGAAACGAATCGTACCGCTTTCAACGACACGTTTTGCAGGAGTCGCAAGCTGATCCATTTTTACGAACCATTGTTCTGACAAGAACGGCTCAACAACGGCGCCCGAACGAGAGCAATGTCCTACTGAGTGAACATGCGGCTCTTCTTTTACCAAAAGATTTTGCGCCTTCAGATCTTCAAGAACACGCTTGCGGGCTTCTTGAACTTTAAGGCCTTGATAAGGACCGGCATTTTCATTGAGCTCGGCTTTTTTTGTCAGGATGTTGATGAACTCCAAGTGGTGCGCTTTGCCGATTTTGTAATCGTTAAAGTCATGCGCAGGAGTGATCTTTACAACACCCGAGCCAAATGATTTGTCCACGTAAGTGTCAGCGATGATTTTGATCTTTCTGTTGATCAAAGGAATCACCACGTTTTTACCGATCAAGTGTTTGTAGCGTTCGTCTTCAGGGTGAACGCAAAGAGCGGTGTCTCCCAACATGGTTTCAGGACGAGTTGTCGCCACCGTCAAGAAGCCGGAGCCATCTTCCAGCGGATAGTTGATGTGATAAAGAGATCCCTTGATCTGCTTGTGTTCAACCTCAAGATCTGAAATAGCTGTCTCAAGTGGACCTGACCAGTTCACCAAGCGCTGACCACGATAGATCAGGCCTTTTTTGTGAAGAGTCACAAACACTTTGCGAACCGCTTTGGATACGCCTTCGTCCAAAGTGAAAACAGCGCGATCCCAATCACAAGAGTCGCCAAGACGGCGCATTTGTGAATAAATACGATCGCCATATTGGTGTTTCCACTCCCAGATTTTTTCAACGAACTTTTCGCGGCCTAATTCATGGCGAGTTACACCGTCTTTTTTAAGTTCACGCTCAACAACTGATTGAGTCGCGATGCCGGCATGATCCGTTCCTGGCAACCACATGGCATTGTAGCCATTCATTCTTTTCCAACGAATAAGCATGTCTTGGATTGTGTGATCCAAGGCGTGACCCATATGCAAGAAACCCGTGACGTTGGGAGGAGGCAAAATGATAGAGAACGGAGGTTTTGTTGATTGATCCTGTGCTTTGAAATAGCCGGACTGTTCCCACCACTGATACGTGCGTGTTTCTACATCTGCGGGATT
NZ_CP168972.1_gap11	395431	396429	998	CGGCAGTCTGGCGCCAGTTCATGAGGGCCGCGAGTAATACCAACCACAATCAAACCTCTTGAGGTTTCAAGGTAAGCAGGTCCGCCAGAGTCACCACTGCATGCACCTTTTGCCCGAGTTTGGTCTGTCACAAGAATATTATCGAAAGTTTTTGCCAAAGGAACGCGTACGTAATTCAAGCCTTTCGCTCTGACAGGCTGGTTGATTTCATTTGTTAGGCCATAACCGGCAAGCAAAAGCGATTGACCGTTTGCAAGAGCAATATTTTCCTCGAGAATCGGAATGATTTGAGCCGTCCCCGGCAAGTCTTTTTTGAGTTTAATCAAAGCAACATCATTCACGCCGGTGCGAGGAAATCCATTAGAATCCAGTACCATTTTATATTCGGGATGGACCTTCCATGACTCCACTTCAAAGCCCGCGTTCTTTTCAAAAGAAGTCGGAAGTGTTTCGCCAAGATAAATAGAGACATTCTCTTTGTCATTTTCCGGATCAAGTTGTTCTAAGCAATGTGTTGCCGTCAAAATAAGATTTTTTGAAATAACAGTTCCTGTGCAGAACAAGTAAGGAGAGGCTTCAAGATTGTAGATAAGGGAAACTGTGGAGGAAGTCACTGTATCGGTTGCTTTAGCCGCTTCACCGCCAATAATGGAAGTGTCGGCTCCGCCAAGCGTGAGACTTTCAGAAGTTTTCTCTGAACAAGCGGAAAGAGCGATAAGAGAAGCTAGCAACAACGACATACGTACGGACACAGAAGTCTCCTCGTGAATAGGGTGGCTCAATTTAGCAGAGTTTTGTGAAAACCCCTAAAAGAACCGCGCTGTCAAAAGTATGGACGGTAGAAAGTTCACTACTGACTATTTTCCATTCTCGAACTCAATTTCAAGATCCTTACCGATTTTTAAAATCGCGTTTTTATAAGAAAGAGCGCGGTTGCACGATTGCGCAAGTGATGAGGTCAGAGTTTTGTCAGAGGCGTTTAGTGTTTTACGCACATC
NZ_CP168972.1_gap12	409761	412124	2363	TGTCCACGCGTTTAAGCCTATCATGCGTCAAAGCGAAGTGAAAAAACTGGCGGGGACAACCTACCTGCTGAGCGGTGTTCTTATCGTTGATGTTTTGTTTCCGCGCGAGATCGTGGGCCTTACTCTTCTGTTCTTGGCATTCGCGGATCCTATCGCAAGTTACTTTGGTATTCTTTACGGTAAAGACAAAATTTTCGGTCACAAATCCATTCAAGGGTTTATGGCGGCGTTCTTCGTTTGTGCCGCGGTGACATTCTTCTATCTGCTGTATCACAATTATTTGATGGATCGTTTGATCATCGTGAGCTTGTTTGCAGGCCTTGTCGGCGCGTTCGCGGAGCTTATTCCCGTAGGTAAACTTGATGACAATTTGACTCTGCCTCTGATGAGTGCGGTCGGTCTTACTATCTTGTTTTATTTCTTTGGTTTTTTTGCCACCGTAGGATAAAGTTCTCGCGGGAGAACTAATGGCAACTGAAACTCATCTAGACAAAATTGACTCTGAAGAAGCTCGCGCTCAGCGCTTGGCAATGTACATCTATATTCTTCCTAACTTGATGACAACGGGGAACCTTTTCTCGGGTTTCTTCGCTGTTATTCAAGCCATCAAAGGAAACTTTCTTTATGCCGCTTATGCGATTGTTGTCGCTGCGGTTTTCGATCAGCTCGATGGCCGCTTGGCACGTTTGACTCGCTCAACAAGTAAGTTCGGCGCTGAGTACGATTCTCTTTGCGACCTTGTCAGCTTTGGTATGGCTCCGGGCGTGTTGTTGTTCTTGTGGGCGCTTCAACCCTTCGGTCGTTTGGGTTGGGTCGCATGTTTCCTTTTTGTCACTTGCGGTGCGCTTCGTTTGGCGCGATTTAACGTACAAGCAAACGTTGTAGAGAAGAACTATTTCCAAGGACTTCCGATTCCAATGGCGGCGGGTATCGTTGCCTCCTCTGTTTTGGCATTCCAAGATTTGGAATTGGATCCTATGGGGAATTATGGTCTTCTTGTGATGACGATCTTGTTGGCTCTTGTGATGGTCAGCAACTTCCGTTTCCGCAGCTTCAAAGACTTGGATTTGAAAGAGCGTTTGCCATTCCGTTATCTCATTTTGGGTGTCGGTGTTCTTGTGGTTGTGGCTTTACGTCCTGAAGTTATGTTGTTTGTCCTTTTCATGGGATATGCTGGTCTTGGGGCGATTTTTGGTATTTTCAGACTTGGTAAAAACATCCGTAAGATTAAGCCTAGTGTGTATGCTCCGGCCCAAGTGCATGAGAGCGACTTAGTCCTCGAAGAAGAGGAAGAAGAGGCGAAGAAAGATGAAAAGAAAACTTAAAGTCGGAGTGGTAGGCGCGACCGGAATGGTCGGCCAAACCTTCATGAATATCCTGGCAGAGCGTGACTTCCCTATTGCTGAGTTGCGCCCTTTTGCATCTGAAAATTCCCTGGGTAAAAAAATCGAATTGCAGGGCACACAGTGGCCCGTGCAAATTTTGAAGGACGGCTGTTTCGACGGCCTCGATCTTGTTTTCTTTTCTTCCGGAGATGACATCTCCAAAGAATGGGCTCCGAAGGCTGTTCAAGCCGGTGCGTTTGCTGTCGATAACTCGGCCGCTTTCCGTATGGACCCGAACACTGTTTTGATCGTGCCTGAAGTGAACGGTCATTTAATCAATGGTGGTTCTAAGCCGCAAATTATCGCGAACCCGAACTGCTCGACGATCCAACTTGTTGTCGCTTTGAAACCTCTTCTAGATAAGTTTGGTTTGGAAGAAGTGCGCGTGAGCACGTATCAAGCGGTGAGCGGTGCCGGTCAAGGTGGTTATGACGAACTTATGGAACAAACAGCGAACCATAAGAAAGACAACCACGAAGCAAAAACATTTCCGCACACAATTCTTTTTAACTGCATCCCGCAAATCGGTTCTTTCAACGACGACGGTTATTGCAGTGAAGAAGTGAAGATTATGAAAGAGACACGCAAGATCTTGGAACAAAAAGATCTTAAGGTGTCCGCTTTCACCGTGCGTATTCCTGCATTGAACGCGCACAGCGAATCCGTATGGGTGACTTTGAATAAAGAAGTAAAACGCGATGACATCATGGCCGCATTGAAGGACTTTCCGGGTATTGTCGTTCAAGATGATCCTAAGAAATCGGATTATCCTTTGGCTCGCGATGTTTCCGGCAAAGACCCCGTCTATGTAGGTCGTATCCATCGCGATCCGGAAAATGCCAAAATGTGGTTGATGTGGGTTGTCTCAGACAATATCCGCAAAGGGGCCGCATTGAACGGCATTCAAATCGCCGAAAAAATCTTCCACTCTTAGCGCCGAAGCCGCCCAGTATCGAGATGAACCGACGAAGGTCTGGT
NZ_CP168972.1_gap13	417540	420825	3285	AATACGGTAAAGCAGGTGCACGCCGTAGATTCCAATACTCTAAACGTTAATCGTTTCGAGTTATCGGAGAAGAAAAGGGAAGCTGTTTCAGCTTCCTTTTTTTTTGCTCCGGCCCTCAACCCCTTCGGGGCAGTCGCGCAAAAAGGCTTTCCTGGCATTTTTGTCTTTCTTAGGTCAATGCGGCCACGATCTTCATTCGAATTTGTTTATTATAGTGTGCAAATTGTAATTTTCCTCTGATTGATTGCAATGTTCGTGGATGATAACTCCTATTTCGAAGGGGCTTCATGGGCATAATCAGAGAGATCATTTCAGTATTGCTTTGCAGTTCGGCGGTTCATGCGCAAGAGCCCGTTACGACGACTGTCGTAGAAAAGAAAACTGTCGAAGAGCGATTGGCAGAGCTGGAAGCCCAGCAAAGTTTGAATTACTTTTCCTTTAGCGGAACTCTTGTCACTTCTTATGACGACCTTCGTGCTGAAGAAACCTATCCTGTGAAACGCGATCACGATGCCTTGGATTACTTGCGTCTGCGCTTCTCTCTGAATATTGATGCTGAAGTGAATCCACAGGTGAAGGTGTATTCGCGCACGACCGTCACGAAGTTTTTCAATCGTTGGCAACAACAAGGTAATAGCGGCGTCTTCAATGAAGACTTAGAAATCGCTTACTCCGAAGCGGGCAGCCAAGTTTATCTTGAACGGGCTTATGCGGATCTTTCTCCTATGGGAAGCGATTGGACTCTTTCTGTGGGTCGTTTGCCGACGATTCATGGTTCGCCCAGCAACTTCTGGGATTTGCTTCCTCGTTCGGGAACTTATGCGATGATGTCGTACAATTCGATTTTGGACGGCATTGCCGGGACATATCGCTTGGATCGTTATCTTGCGGAAGGCAATCAATGGGCTTTGCGCCTTTTGTACACGCCGTTCACTTCGGTTAACGGTGGAACTCCGGGAGGTGCCGACGGATTTCTGAATCCTCCGCGGCAAGATACTAATGCGGGAACTCCGACGGGAAGTGTGACGAACACGATCATGGATTTGATTTCGTTTCAGTCGGACTACTCTTCCAAAAATGTCGATTTCACGAATCAGTTGGGATTTATTTTGCAGGGTTACCAACTCACGGATTTACCTATTCCGTCGGGAGCGGGAACTTCGAATTTAAATATTCTTTATCGTGCAGCGACAGCTTCGGTAGAACTCGATGGTCTTGGGCAGAGCGGTTTCGATATTTCATTGAATTTTAGTTACAACCAGAACGAGAGCCGCGGTTTCTTTAACGGGCCCGGAACAGGTTTTGGCACAGTGAAAGAGTCCGACACGATTTACGGAAATCTTGCTTTGATTTCTACGCGCTATCGTTGGGAGAAATGGTCGCTTGGCTATGAGTGGTTGGAGGCTTCCAAAAACTCTGTGTATTTCTCTGGAGCAGAAGAAGATTTGACCGACTTCTACCGCACAAATGGTGTCGGCCATCACGTCTATGTCACAAAAAAATGGATGAGCTACGTCACTCTTCGTGGCGGTTATCGTCTGCAGCAGTTGACGAATTTGCCGGTGTTTTTGGGACCGGCGGCCTCGACAGATCGTAAGGTTGAAACGTTGTACGTCAATATGAGAACGGACTTTTAAGTGTTATGAAGAGGGTATTAGGAACACTTCTTATTCTAATCTCATTGGTGCCTCGTGCTTACGCTGGCAAGGTGGAGTCCGTCCAGGAAGCCTTGGTCAAACAATGTCAGAGAAAAGTTTCGAACGAAGAGGCGTTGTCTTTGGTCCGCTCGCTCTATTTGAGTTGTATTCCGGGCACGTTAGTAAAGGTCGACGAAACTTGTAAGGTGATTTGTTTGAAGCCGAATTCAGGTGTAATTGGCCGATAAAAAAAGAGATCCTTTTGCAGGATCTCTTTTTAATTGAACTCGCGAAATAAAAAACTATTTGCAAGACAATGGGTAGATGTTGCCGTTGGCAGCCAAGAAACCGCCGAACGTGCCGTCAGCTTCTTTACCTAGAGCCAAGAAGCCTGTGTTTTTGATAACGCCATCTTCTTGAGCAGACTTGTCAGTCAAAGCCAAAAGTTGAAGGTAGCCAGCGCCGATTTGTGCAGCCACTGTGCCTTTTTCCATTTGCGAGAAGAATACAGATTGTTTGCTTTTTTCGTTCAAGTTCACCATCACGAAATCAACAGATTGATCGTCTGCTAGATCGATGTTCAAAGATACGAAAGTGCTTTCAGGAACTGCGCATTTCAAAACAGTTGTGTCTGCCATTGCAGAGGAACCCATAAGAATCAACGCTGCCATAACTAGCTTTTTCATTAAAACCCTCCATTTAGGTGTTCGGCTAGGAAGGCTATTTCACGAGGGGCGGGGGCGCAATGCAAATGCAACGCAATATCCGTTCGAGTGGATGAAAAATTGGCGGAAACTGACCGCAGTGTCCAACTAGAGAAAGGTCCGTTTTCGCTGGGAATTAACGGACACCTTAACAGATCTTGTCTATTCTTTAATAAGAGTACGTTAAGGAAAATTCGAATAGATAAGGGACATCTTGTGAAGTGGATATTAGCATCTTTGATTTATGCCGCCGGACTTTCACTTGCTTACGCACAGACTCCGCCGGTCGCCGCGGAAACAACAGAAAGTAAAAATGAAAGCAAGCATCCCGAATTTAATCGTCCTCTTTTTTTCTCGGTGATGGACCGAGAGCTCAAAGTAAAAAATCCCCGCGTTGAGTATGATCTGAAAAAATCCAAAGGTTCGAAATTAGAAATTGGTTCTCTGACTTTTTCGAATGATTCGTTTGTCGCGAAATTGGAAAACGATGCTTTGAATTTTACGTGGGATAAGCAACTTGTCTCCTCCGGGGAAATTTCCATTATCAATCAACAGGGTAAAGAGCTGTGGAAGCAAAAAGCCGAAGGTGAAGGTGCCTGGTCTTTTAATGATTTGAAAGGAAGTAAAGCTCCACAATGGAAAGATGGCGAGAAGTTCCGTTTCTGTCTGCGCACTGAAGTGGAAAAGGGCTACAGCGGCATGTGCACACAGTGGTATGGAATGGAGATTAATGACAGCGGCATGCAGATGGGACTGGCAAAGTCTTCGGCTTCTCCGCGTGTGATTTTGCAAAACGAAGAAAAGAAATTGCAGGGTTCAGAGGAAGTTGCTGTCGGAGCACCCGTGCAATTTTTGGCGACTCTCAATTCAGAAGCAACCTACGAATTTGTTTCTGAACCTTTACCTTTAGTTGTTAAAGACATGATTCAATCTGAAAGACCAGA
NZ_CP168972.1_gap14	422041	423617	1576	AGCCCGCCCTTACGCGGGAAGTGGATCGTCTTAATAATGATTTTATCAGCTTGGAAGCCAACGTTCTTCGTTTAAAGAGTATGGTGGATCTTTTTGAAGTCATGCCGGCCTCCTTACGCAAAGAAAAGTTTCGCAGTTTCGCGGCAACTTCAATTGCGCCACATCCACATCAGTTTAATACTTATTTCGCCTTGGGACCGCGCCTGTCCCAAGAGTACTTTGGCAGAAAATCTTACGTCTTTGTCGTGCATCGCGATTACTCTCTGTTTGCGAGTCCGAAGTACAATGATCCGAAATATTTTGTTTCCGAAGAATTCAATGCTCCGGGATACGATACGGATCCCGAGATGCAGTGGTGGGCGATGAATGAAAACAGCCCCGGCATTAATTACTCCGATTTTTATTTCGACAAGGGCTACATGGAAAAGATCATGTTCAGCACCACAACCGGAATATACAAAAATGGCAAACTTGAGGCCGTTGTCGGGGTCGATACCTTATCAAGCGATATTGCGCACCGCTTGGAAGCATTCAAGCTTGGAGAAACCGGCGGCTTAATGATTGTCGATAATCACGGACGTCCGTTATTGCCGTTGATTGCGAAGAACTTGCCGCTGATTGATTACCGTTATCTGCGGGCGTTCAGTAAGTCGGAGTTTAAGAATCTTCCGAAAATTTCGCAGAAAGTGATTAATCTGCAGGGAGCTCGTCTGCAAGACTTTCTGGGGGCCGACGGGAAGACATACATCACTTATTCGAAATCTATTAAAGGCCGTCCTTGGCACTTGGTGATTTTTCAGGAAAAAACGGAAGCGTACTCAAATCTTTATTTCCGTCTCGTCTTTTTCGGTTTTGTCGCCTTCGGAGCTTATTTCCTTTTAACGTTGATGGTGTGGTTGACGGGAAAGTACATCGTCAATAACGACAGAGCCGTTTTGAATGAACTGAAAGAATCCCGGGATCGCGCGGAAGCGGCGATGCGTGCGAAGACCTTATTTCTTTCGACGATGAGTCATGAAATTCGAACGCCTCTTAATTCAATGTTGGGCTCGGCCGAACTTATTAAAGAGGGACCTTTGACGGCGGAACAGAAAGGGTGGCTGCATTCTTTGGAAAGTGCCGGCGAGACCCTGTTGGGAATGTTGAACAATATTCTCGATTTTTCGAAATTCGAGTCGGGCCGTATGCAGTTGGAAAGCCGCGAATTTTTGCTGAGCGATCTGGTTCGGGATCTTGAAGCCTTGGTTGCGACGGAAGTGATGCGCAAAGGGTTGAAATTTTCTTTACGCTGCCCTGAAGACGACCGCTGGGTGATTGGCGATTCACTAAGATTAAAACAAGTCCTGATGAATCTTCTCGGGAACGCCGTGAAGTTCACGGACCGCGGCAGTGTGGAATTTAGTTTGCAACCTCTGCCTGGAACAACTGCGGAGAATGAAATCTTTTTGTTTGAAGTGAAAGACACCGGTATCGGAATCGCAAAGGACAATCTGGAAAAAATATTCGATGAGTTTGGCCAGGAGGATTCGTCGGTCACTCGGCGTTTTGGCGGTACGGGATTAGGGCTTAGTATTTC
NZ_CP168972.1_gap15	427114	428097	983	CATGGACCGCAAGGACCGGTGTCGCCCATTTTCCAGAAGTTGTCGGAGTCAAAGCGGAAGATACGTTCTTTAGGAACGCCTTCTTGTTGATGCCAGATATCCGCGGCTTCATCGTCGGACAAATGAACTGTCACATAAAGTTTTTCTTTGGGAATGTTCAGCTCTTTCGTCAAAAATTCCCAAGCAAAGTGAATCGCGTCTTTCTTGAAGTAATCGCCGAAAGAAAAATTTCCCAACATTTCAAAGAATGTATGGTGACGAGCAGTGAAGCCTACGTTTTCCAAGTCATTGTGTTTACCGCCGGCGCGCACACATTTTTGCACAGTGACGGCGCGGTTATAGTCGCGCTTTTCAAGACCCAAGAAAGTATTCTTAAACTGGTTCATCCCGGCGTTCGCGAAAAGAAGGGTAGGATCATTTTCAGGAATCAAAGAAGAAGAGGGCACATGCGTGTGACGTTTCTTTTTAAAATACTCCACGAAGGCATTGCGGATATCAGAGCTTTTCATAAATAACCTTTCTTACGGTCTCGGAATCAAATCCTCGCGAAGCTAAAAGACGGCCGACTTTGGCTTTGTCTTCGCGAGAAAACTTGTGATCTTCATCATACTTATTTTTGACAATTGAGAGAGCCTTTTCAAGCTCCAAGTCGCGGTCGCTTTCAACAGCAGGCAAACCTTTTTCACGGAGGTAGTTGTTGATGTAGTGAATGCCTTTATTGCGGCGATGGAGCATCTCGGCCATACGATGGGCGAGGTCCGCGGGGTCTCCCAGCCAGTTATTGTCTTTGGCGAACTCAATGGCTTCGTCCACGACATCCCCGGCCAATTCGTCGTCTGAGAACTTTTCTCGCAATTTTTTGCGCAACTCTTTTTCGGAGTGGTCCCGGCGGGCTAAAAGATCCATCACTTTTCTTTTAGCGGCTTGTCGGGTTTTTTGCGGGTCTTTCTCTTCTGGCATGGATGCCATTATTACTCTGTTTT
NZ_CP168972.1_gap16	456507	458500	1993	AATTTGATCTCAATGGAAAAAAATTGCAAAGTTTTCCGTTAGCCGAAGGCAAAGCGCTTGAAGCGCGCTATACGGACGAAGATCACGCTGCGGTTTTGTTGAATTCCAGAACCGGTGAAAGATCTATCGTCTCTGTTGATTTGAAACAAAGAAAAATCGTGAAACAGATGGTGCCGCCCTCACGCAATCTTTTGACGGCACTTTACGTGGATAAAAATCACAATCTGCTTTTTGAAGCCCAGTACAAAGGAAGCAACGAGATTTTCAAACTCGACAGTCAAGGCCTTGCTCGTTGTACCTTTACGAAGTTAGGAGCGTTCACGCCGTCTTCGGATGGAACGTCTTTCTATTTCAGCAATATGGATACTTACGGTGCAAAAATTTCTGAGGGATCTCTTTCGTCTTGTGAGAGTTTCCCGATGGATGAACTTGTGAATTTTAAGTATCTTGGTGATACGCCGTCAGACAACTACAATAAATTTGCTCCGCAGCCTTTCCCGGAGCAGGCGGAGCTTTTTACAAAGAATGCCGCTCAATACAAACCCGAAGAGCACGGTGATTTCGACAAGCGTCTGGCGATTCCTCATACTTGGGGCATCATGGTCGGTCGCGGTGGAGGATTGGGGGTTGAGGCGGACAACTATCTGCGCACTCTGAGCTGGGCGGCTTTGTCGGGAACGGACGCGGAAGAAGGCCAGTCTTTTTTCAATCTTAGTTTTGACGTGAAAAAGTATTATCCTTTGTTCAGCTTTGAAGTCGAACAGCGCAACCGCAAAGTGGAGTTCTACGATACCGATGACGAACTTGCATGGAGCGAAAAATCGGCAGGGCTTTCGGTCGTTCTTCCCTACGTTAAAAAATATGGTCTTTACAATGTGACGACGGCGCTTTCTTTAGGCGGAAGTTACGCAGACGCTGCGGAGTATGAATTCAACAAAACGGAAATCGATGGCGGCAACTTCTTCTACAAATCATTTGGGCAGTTCTCTTTCGTGTGGAATAAAGATCCTCACCATCGTTCCATCATGGAGCCGTGGCTTTTGGGTTACAACATCCGCTATGACAAAGCCGAGCAGCCTTCCGTGCCGCAAAACTCAGGCGATCGACTTTTGCAGCAAGCGGTTTTAAAAACGCCGGGAGCTTTTGCTAACGACGGTTTTATGTTCAGTTATGATCAGCAAAAACAGGAAAGTTCGCCGACAGCTTACAGATTCCAGCCGAATGTGGCATTGGGTGTGGGTTCGGCGTTCTCGCGTGGTTATGCGTATGAAGATGTCCCCGGTTATTATAAAATTTCAGGGAACTACGTTTTCCCGTGGACGTATCCTGACTGGGATTTCGGCGGTTGGTACTATTTGAAGAGATTGTACTCAACAGTCTTCTACGACTCGACAGAGATCGACGACACAGAACTTCCCTCGACTTTGAACAGTTACGGTGCGGAGTTGCTGTTCGAATCCCGCTTCTTAAGATTGCTCCCGATCACCTTCGGTGGTCGAGTCGTTCACACTCTTGAAGACAATGTCGTCAAAGGACAATTCTTCCTGGCGACGTCTCTCACACTATAAAAAGAAAAAAAGGCGGCCTTAAAAAAGCTGCCTTTTTTATTTTTACCAATCTGGCCGCGGACACAAACGGCGATGCTCTCTGGAAGAGATCAAAAAGTTCATTTATAAGTCTTGAAAAACCAGCTTCTTACTTGAGAAGCCCTCATTTCAGTCCGATCTTGATAATGGGGGGAACTCATGAAGCGTCCTGGAAACGGCGGATTTATGATCATTCAAGCTTTGATGGCGGCCATGCTGCTTGGAATCTTGGGGTTGGCGTTTGCAGGTTTAGTGAAAGATATGTGGCTTGAGAGTCAGACTTTGCAAAGTAAAAGCAATGAGCTTTCTCTGGTGCAGGCTTTACGTCAGCAGGTTTCCACGCCCAGTCTTTGCAATGCTTCGTTCGATGTCGGGAATAGAAATTTTAATCCCGCCTCTTCCTCACG
NZ_CP168972.1_gap17	474150	475818	1668	AGGGTGTGGACCGTGTTTTGGATCGCAGCGGGAGCCGCGCGATCCAAAATGGCTGGGTGACGGCAGCGCAGGTGAAATCTTATTCTTCTGTGTTTTTGCTTTTGTCCATTCTTTGCGCCGTTCCTTTGGTGTTTGCGTTTCCGATTTTGGCCGTCGTTATTGCGCTGGGTTTGGCCATCGGCGTATGGGCACAGTTTAAAAAACAAAACTCTTTTAAGTATCGTATTGGCGGCGAAGTCGCTTTGTTCGTGATGTTGGGTCCGCTTCTCACAGTCGGTTATCAGTTGGCGATGGGCGCCCCTTTTGATCAGGAAAGTGTTTGGATCGGCTGCGTGTGGGGATGGCTGGTTCTTTTCGTCGTTCATTTGCGCAACTTTGTGAATATCCTGCCAAGCAGCCAAGCTCGCTTTACGAACACCGTGACCTGGTTGGGATTTGATAAATCCCGTCGTATGATTGCGGGTTGGTGGGTTCTTTTTGTTCTCTTTAACCTCGCTTACCATATTTGGTTTGCAGGTTTTTATTGGGGCTTTTACCTTTCTTTGGTTCTGGCATTTATCTCTATTAACTTTGTTTTGAAGTTGAAGGCGATTTCAAGTTCCGTGGGAAGTGAACTGCGCGCCGTATTTCGTTCGGGCTTTTATCTGTTTCTTTTGACCATAGGCCTTTGGGTGTTTGAATGTCTGTGGTATCTGCTTCAGTAAGCGAACCGAGCCTTTGTGTGATCGGATCTGCCGAAGCGTTGGAAAAATCCCAGCGCTGGGCTGAGTTTCTAAAAGCGCCTCTAAATCCTTCTTCTTCTGAAAATTTCTTTTTTCATTTCCACGTCGAAGCCGACCGCGTGTACGTCCGGGACCGCGAAAAGCGTTTATTGGAAATCGACTTCGACAAAAATCATCTCGACTATGAACGCAAAGGCCATCGCGGGAAAAATGAATTGATCGCGAAAGCTTTGGGAGTCGCCAAAGGTTACAGAAAGATTCTCGATCTTTCTGTCGGTCTGGCCGTGGATAGCGTCTTTTTGACTCAGCTGGGATTTGAAGTGACGGGTGTGGAAAGATCGCCGGTTTTGTATGCACTTCTGAAAGAAGCTTTCGCAAAAACTTCCAAGGACTATCTAAAGTCTTATCAGTTGCACTTTGCCAACAGTTTGGATTTTTTGCGCGAACAAAAAGGAAAAATGGAAATAGACTGTATCTATTTCGATCCGATGTATCCGCATAAAAAGAAATCCGCTTTGCCCAAGCAAGAGATGGTGGTTTTTCGCGATCTGGTTGGTCATGACGAAGATGCCGCCGAAGTTTTGAAAGAGGCTTTGCAGTGGCCGGTGCAGCGAGTGGTGGTGAAAAGACCGGTGCATGCGGAAGAACTTCTTCCGGGAGTTCGCCATTCATACGAAGGAAAGGTGGTTCGCTATGATACTTATGTGGTTGGGTAGTTTTGTCCTGATGATGTTTGGTCTTACGGAATCACAAAAGCGCGCGGCTGTGGTGTTCTCTGGATTGCAAAAAAGATTTTTAGATAAAGGTTTCGAGACATCCTTGGGATTGCAATTCATTCGCGCTTTGGATCTTGTGATTTTGGAGGCCTCCCCGCAGAAGTCTTTGTACACCGGAATGGCTTTGTACAATCTACGCATTCTGAATCTCAGTGGCAGTGTTCTTATCA
NZ_CP168972.1_gap18	658486	659244	758	CAACGTCCCGGTGAGATCATGACAGCGGCGGCGTACTTTCGCAAAGCCGAGCTGACGAAAGAAGAAGGCGATTGGCTTTTGAAACTCGTCGAAAAATACCCGGATACTTACGTATATCATGCGCGACTGGCTTCCTATTACAAACGCCAAAAAGACTATGCGAAAGCTCTGCCAGAGGCGGAAAAAGCGGTCGAGCTCGGAGCGGATTTGCGTTTCTTTTATTTGAAGACTCTTGCTGAGATTCAAAAAGAATTAAATCAAAAAGAGGCTGCGAGAAAGTCTATTGAACAGGCTTTGGCTTTACCGGAAGCCAAGAACGAAAAATATAAATCGGTGGCGCAGGCACTTGAAGAAATGAAAAAGAGTTTGTAAAGGAAAGGGGCCGCAAAGCCCCTTTTTTAATGGGAAGCCGAAGTGCTTTCCGGTGTGAGGTTCCAAAGAGCTTTGTCCGTTTTAGGATCGATCGGCACAGAATATTGTTCGTGTGTGATCAGCCACTGCCCGTTGATTCTCTTAAAACAGTTGGTTTGTCTCATCCAGCAATCTATTTTTTGACCGTCATTCGTCGTGCCTGTCATGTGACTCAAGCAATGACTGTAACCGACATCGTTGCCGGCGATAACATGCAGGTCTCTTATTTTATAAGTCGAAGAGCCTTGCATTCCTGTTACATAATGATTCCATGCTTTGCGATATTCCTCTTTGCCGACCATTTGTAGCGGAGGCATCACATCAAAAGCGACAACGTCTTCTGAGTA
NZ_CP168972.1_gap19	717530	718728	1198	GATGGCTCTTCCAGGAGAGTCGCAAGGCCTTTTTGAAAAAGAAAATATTCCCGTCGTTTATTCCGGAATCGGAAAAGTGAATGCCGCGCTTTCGGCGATGGACACAATTCACAGAACGAAATGCAAAGTGCTTATTAATCTGGGCACTGCGGGAAGTTCGAAATTCCAAACTCATGATCTTGTTGAGGTCGCAAGCTTCGTGCAAAGAGACATGGATATTTCTCCTCTGGGGTTTAAGATCGGGGAGACTCCCTACGATCCTCTTCCGGGAGCAATTGAACTGATTCCCTATTTCCCTGAACTTTCAAAAGGAATTTGCGGAACGGGCGATAGTTTCGAAACGGGTAAAACAAAAATTCCCTGCGACCTTGTCGATATGGAAGGTTATGCTCTTGCGAAAGTGTGTCGTAAAATGGGTGTGCAGTTGATTTCACTAAAGTACATCACGGACGGCGCGGATCACAACGCGCATAACGATTGGGAAGCCAATCTTCTTAAAGGCGCGCATCGACTTCTTGAATATTATAAGAAGATGGTGACTACTTAACCCACAATTCCACTTTGGGAACGCCCACGTTGGCGCCAGCCATGTCTTCACACGCAGGCAATCCTGCTGGCGTTCCCCATGCAACGTATGACCCGATAGCAAAGAACCAATTCGAGTGATTCACGGAACCGTCAGATAGAACGGACGTGGTGTCACTATTAAATTCGAGTCCACCCCAATAGTTCGAAGAACAACCGATAGAAACGGCCGTGTACCCTGCAACAGCTTGTGAAGTGAAGTTGCTTGTTTGAGTCCAGATGTTTTTCGGCGTGTAGCCCGGCCAGTTGATACGCAACTCAAATTTTCCAGAGCGACGGAAGCTTTCAAGCTTATTTAAAATCGAATACTTCGATGCTGTCGGATAGTACGGATTCACCGAACGAGCCTCGGTGCCATTTGCAAAGTATCCTCCTGCAATATCGTGAGCGAAGATTCGCGTCCAGCCTCCGCCATCAGAACTCATGTCACAGTAGACGGGAAAAGGAGGATTGTTATTTCCAGAGCCATCCGTATCGATATAGTAAATGCCATCTCCATAAGCGTAACCTGCATCCAAAATCGCCTTACATGAAGCATACACTTGCGGAGGATCAATTTCTTTTACCCAAAGATTCACCTCGGAAACGCCCCCAGAAGAGAGTGTTCCTGATG
NZ_CP168972.1_gap20	738028	741763	3735	GTTTAAAGAAGACGAAGCTTTGATGGAGGCGCGTATCGCCGCTTTGGAAAAAATCTCCAAAGACCGTCAAAGGGAAATCCGCGTGTTGGATTTGCTCCAGTCCGTTATTCCCGAGAAAGCTTGGGTCACACGTATTCAAATCAATCCGGAGCGTGTGAACATTCAAGGTCTTGCATTGAGTGACTTTGAAGTGTCTTCGTTCTTGGAAGCTTTGACGAAGAGTGTTTTCTTAATGGACGTCAACCTTGTGAGTTCCAGTGAAGTGACGCAAGAAGGGTCGACACTGAAAAAATTCGAGATCAGTTGTTTGTTGGAGAGACCAAATGAATAAGTTTTTTGAAACTCTCGCAGCACAACAAGTAGGAAAGATCCTCATTATCGGTCTGGGACTGACGGCCTTCTATTGGTATGCGCTTTACAATGACGGCTCGGCAATTGATGCGCAAATTGCGTCGATTAGCCAAGAATTGCAAGTGGAAGAAAACAAAAAGAAAGACACGGATGCGACTTTGAAACAAGTGCAGGAAATGCAGGAAAAAGTCGGTCAACTCAGTCAGAAGTATCAAGAGATTTCCCGTCGTCTTCCTTCGGTTTTATTCTCCATCGATATCAATAAAGCGATTGATGATTTCGCCCGTAATGCGGGTGTCAGCGTGAAGTCGAAAAAACCGGGCGAGAATATTAAAAAAGAAGTCGTTGAAGAAGTGCCCGTTGAAGTGGGCCTTGAGGGGAATTATGCAGAGCTCGCACAATTCACTTACCTCGTATCAACAGCTGAAAGAATGGCTCGTGTTAAGAACGTGATTATTACGGAAAGTGAACCAGGATCTAAGAAACTGAAATTTGAAGGCCAAGTAGTTGGTTACAAATTAGCTCCTGAAGAAAAGAAAAAGCCTGAGGGCACGGAGACGCCGCAGTGAAATCTGTAAGATGGATGGTATCTTACATTGTAGTAGCTTCATTGGGACTTTGGCTGGCTTTTGCAGTCAGCATGAAGTTCATGGCGCCGGCGTATTCGCAAGAGACTCCGGCGAACGGTGATTTGCCTCCTGATTTCATGAAAGAGGTTGAACAAACGCAAGTGCCGCCGGCAGGAACAACACCTCCGCCTGCACAGGGAACCACGCCGCCGCCGCCGACAGCTCCACCTATGGAAGGAGTTCCTCCTGCGGCTCAAGGTACACAACAACAAGTACCTCCGCCGCCGATGGATGCTCCGATTGGTGATGCGATGACAGCGCCTCCTCCAGCACCGGTTCCAGGCATTGTTCAGCAAGATGGATATATTTATGACCCGACAGGAAAGAGAGACCCGTTCAAACCTTTCCGAACTGTCAGACCTGTGGCAATCGACCCGGCAAAGCCAATGGAAAAAGTAGAACCATTGCAACGTTGGGAACTTGATCGTTTGCAGGTTGTTGGAATTCTTTGGGACGTACGCACGCCGCGTGCGATGATCAGAGATCCAGATGGGGCTGTGTTTACGGTTACAAAAAATGCCAAGATTGGTCGCGCAGAAGGATATGTCGCGGTCATTCGCGAGGGAGAAGTCGTTGTCGTAGAAACTCGTTACGATGACGGTAAGTCGTTCAAAGAGTCTCGCGTCTTGGAGCTCAAGAAGTAGTACTTTTTTAATTGGAGGAGCTAATGAACGGATTCATTAGATTTTTTATCCTTACTGCAATGATTGCATCGTTGACCTCTTGTGCAAGTCAGCCTGTCGAGGATGATTTGGCATTGGATGGTATGGAATCTTCCACGGAGTCGGCTCCTGCTGAATCCGGTCCTCAAGACGATTTCGCTGACTTCGAAGAAACCGATGTTGACCAGCAACAAGCGCAAGAGCCGGCTCCAACTCAAGCCGATCAAGATCTTGCGATTGAAGATGAAGTGAATCAAGCGGGTGGTGAACAACAAGCTGCTCAAGAGGTTCCGCCTGCAGAGCCAGCTCCTGTAGAGACCTCTCCGACGGAGGACCCCTTTGCCGACACGACAGTTGCGGACGCTCCGGCACCTGCACCTGAAACAACAATTCCAGAGACGACTCCGGAGCCGACAATCACAGAAACAACACCAGTTCCTGTCGAAACAACACCTGTCGCAACACAGCCGGTGGGTGTTCCTGCGAATATCACGGATCTGCAGTTTAAAGCAAATGAGACGGGCGGTACCGTTGTCGTGCAAGCGGACAAGCCTGTGACGTTCACGACTCGTTCAAATCCAGATCTTCGCCAGTTTATCGTTGAAGTTGATAATGCGAACTTGCCTGATCGTTTGAAAAGATCTTTGAATACGCGCGATATTAAAGGCAGTGTGGGTGCGATCGACGCCTACCAAAACCCTGGTTCTACAACAGCGCGTTTCGTGATCCAATTGCGCGAAGGCGTGGGTGAACCGACGGTTCAGGCCGAAGGCAACAGCCTTTTGATCGTGGCCAACGGTTCGGCTGCGGCGGCTTCGCAAGTGGCGCAAGCGGATTCTCCAAACGTTGACATGAACGATGGAAATATCCTGCCAAGCCAAAATCTGACAGAGTTCTTGGCGGGGAACACGAAGTTCTACGGAAAGAAAATTTCGATCGAAACTAACAATATGGATATTCGCGACGCTTTGAACTTCATTACTGAAGAGAGCGGCGTCAACATGGTGATTTCTGAAGACGTTAAAGGCGCGGTCAGTTTGAAACTTCGCCAGGTGCCTTGGGACCAAGCTTTGGTTGTTATCATGAAAGCTAAAAAGCTGGGTTATACTCGTCAAGGGAACGTTCTTCGTATTGCTCCTCTTCAAGACCTGAAGGCCGAGGAAGACGATGCGACGAAACTTGCGCAAGCTCGTAAGAACGTCGAACCATTGAAAGTTCGCATGTTCCCAGTAAGCTACGCGCGTGTCGACGAGCTGGAAAAGAAAATCAAAGATTTCTTGGGTGACCGTGGCCGCGTGGTCGGTGACGTCCGCACAAACGCTCTTGTCGTCACAGACATTGAAGAAAACCTCGAGCGCGCCGCAAAACTCATCGCCAGCCTCGACACCCAACCAGCCCAAGTCCTCATCGAAGGCAAAATCGTCGAAGCCAAAGAAAGCTTCACAAGAAATATTGGTATCAATTGGGGTGCCACAGGAGCTCCAATCAAATTGGGTAATACAGCTCGTGGCCCAGTGAATATGAATCCAAGCTTTAACGTGAATCCTGGTGCGGGTAACAACGGTAACTTCAACCTGAATTTGACGTTGGGTACCTTGGATATCTTCGGAACTTTGACAGCGGCATTGGCTTTGTCTGAAAGCGAAGAGCAAGTCAAAATCATCTCTGCTCCGCGAATCATGACTATGACAAACGAGAAAGCCGACATCAATCAGACGACCGAGGTTCCGGTTCGTCAAGTGACTCAAAATGGAACAGCGACACAAGAGACGTTCCAGTTCAAGCCATTGACTTTGAAACTTGAGGTGACCCCTCAGGTAACAGCCGATGGATCTGTTATAATGAAAGTGCTTGTGAACAGACAGTTCCGGGGCGCCGACGTGAGTAGTGCCGGTCAGGGTGCTTTTGCGGTTAACAGCCGTGAAGCGAACACTCGTGTCCTTGTGAAAAACGGGCAAACGGCTGTTATCGGTGGTATTTACCAAAGCGACGCGACGGACGGTGAAGCTGGTGTTCCTTGGTTCCGTGAACTTCCTTTTATTAGTTATTTGTTCAAGACTAAGAACATCAGTAAGGAAAAATCGGAACTTTTG
NZ_CP168972.1_gap21	835776	838413	2637	CTTGCCAAATCACAACCGGGAACTTTCTGCAGGATTTCTTTTTCCAGTTGCTGAAGTTTTGCGCGGTTTTCTTTTTGGGTTTTTTCGTCAAAAAAGAAATGACGGTGCATCTTGCGATTGTGATAGCGGAAATAAAATCCGCCGTTTTCTCCAACGATGCCGCTGACGGGCCACATGCGTGCGATCATTTCGCACCATCCTGCGGGACGACCTGTTACTGGAATCACGTGGACTCCGGCGCGGTGCAAACTCCACAAAGCTTCATAAGCTTCAGGACCTAAATGGCCTTCATCCGTGAGTGTGTCGTCGATGTCAGTCAGAAGAAAACTTAAGCGTTGAGAAAACTTAGTAACGTCTTGCATACCTCAAAGTACCAAGGGAAAAAGGTACCTGGTACCTTTTTCCCACGGAGGGAAGCGGGTACCTTTGGTGTGGGTTGTCAAAAATTAGACTTGCACCTTTGCGTAAGTACCTTCATTTTTTGTCTATATATATAGTACTGGCTACGCGCTGGTCTTTAGTCAAGGAACGATCATGGCCAAAAAAAGTGACGCATCAGAGGGAATCAAGCTTGTCGTTGTGGAGTCTCCCACAAAGGCCAAGACGATTCGTAAGTTCCTCGGAAAAGATTATGTGGTGGAGTCCTGCATGGGACACATCCGCGATCTTCCGCAATCCGCGAAAGATATTCCTGAAAAAGTAAAAAAAGAGAAATGGGCGCAATTGGGCGTGAATGTTGATAAAAACTTCGAGCCTCTTTACTGCGTTCCAAAAGACAAAACCAAAGTTGTAAAAAATCTGAAAGATAAACTCGATGAAGCCTCAGAGCTATACCTCGCGACCGATGAAGACCGCGAAGGGGAGTCTATCAGCTGGCATTTGCTTGAAGTTCTAAAACCAAAAGTGCCGACAAAGCGAATGGTTTTCCACGAGATCACGAAAGACGCGATTCAAAAAGCGTTGAAAGACACGCGTGAAATTGATTTGAATCTTGTGCGTGCGCAAGAGGCGCGTCGTATCCTCGATCGTTTGGTGGGTTATACGATTTCTCCCTTGTTGTGGAAGAAAGTCGCTTACGGCCTTTCAGCAGGCCGCGTGCAGTCCGTAGCTGTGCGTTTGATTGTGGAAAGAGAACTCGAGCGTATTCGTTTCAAAAAGTCTTCTTATTGGGGAGTTCTTGCGGAACTTTCCAAAGACGGCGTTAACTTTGAATCACGTTTACAGCAGTACAAAAATCAAAGAGTCGCGACGGGTAAAGACTTCGATGGTCTGACGGGGCAGCTTACAGCAGGTAAGGATGTTCTTGTCCTTGATGAAAAAACGGCGGCAAAACTTGCAGCCGATTTGAAATCGGGCGCATGGACTGTTTCTGATGTTGAAGAAAAACCGACATTTAGAAAACCAGCACCTCCCTTTATCACTTCGACATTGCAACAGGAAGCCAACCGTAAATTGGGTTTGAGTTCGCGAGAGACAATGCAAGTCGCTCAGAAGTTGTACGAGCAAGGTTTCATCACCTATATGCGTACGGACTCGACCTTCCTTTCTAACGAAGCGATCAATGCGTCTCGCGATTGTATTCAGAGCAAGTACGGTAAAGAGTATTTGACTCCGCAGCCGCGCAATTACGCTGCGAAAAAAGTAAAAGGGGCTCAAGAGGCCCATGAGGCGATTCGTCCTGCGGGAAATCAGTTCATGGATCCGGATGAAACGGGTCTGACAGGCACGCAATTCCGTCTTTACGATTTGATTTGGAAGCGCACAATTGCCTCACAAATGGTGGATGCTCGTCAGAAACAAGTCAGTGCAAAGATCACAGTGGGTGAGGCGTTGTTCGGTGCTTCGGGGATGACAATTGAGTTCCCGGGTTTCTTGCGCGCCTATGTCGAAGGCAGTGATGATCCAGAAGCGGATTTGGCAGAACGTGAAGTGCGTTTGCCGGCGTTGAAAGTGAAAGACGCCGTGAAGTGCGGAAAACTAGATCCGACGTCTCACGAAACAAAACCACCAGCTCGTTATACAGAGGCGAGTCTTGTGCAAACGATGGAAAAAGAAGGTATCGGTCGTCCGTCAACGTACGCTTCCGTTATCGGTACAATTATCGATCGTGGTTACGTTCGAAAAAATGGGACCGCCTTGGTGCCGACGTTTACGGCGATGATTGTTTCAAAACTTCTCAGTCAATATCTTTCCGAGTATGTCGATTTGGGTTTCACTTCCGAGATGGAGCAAAGCCTTGATAACATCGCGGACGGTGATTTGGATTGGGAAAAGTATCTCGCGTCGATTTACAAAGGACCGAAAGGTTTAAAGGCGCGCGTAGACGATCAAGGGGAAAAAATCAATCCTGACGAAGCTCGTACGATGACTTTGGAAGGAATGGATAAATATAAATTCCACGTCGGTCGTTATGGCGCTTACGTCACAACGACAAGAGACGGCGCGGATGTCAGTGCTTCTTTGCCAGACAATGAATCTCCGGCGGATATCACTCCGGAGATCGCTGAAAAACTGATCGATCAAAAGATCAATGGTGCTGATGCTTTGGGCGTGGATCCGACGACAGATCTTCCAGTGTATGTTTTGAACGGTCGTTATGGGCCTTACGTGCAGTTGGGTGATGTGACTCCGGAAGAT
NZ_CP168972.1_gap22	842271	845626	3355	AGAGTGGATCAAGTCATTGAAAGAAAGATCTTCAGAGCGCGTTGCTAAAAACGACGAATTCAAAAAGATCGTGGATGAATTGAACAAAGCCAAAGCGCGCGGAAAAGTAATCCGTGTCAGCGAAGTGCTTAAAGATAAAAACGAAAAAGATAAAAAAGATAAGGCAAAAAAGACCGCTAGTAAGGCTAAGAAAAACGAAGAGTACTTGAAGCGTCCTGATGTTCAGGAAGCAGAGAATGTTCTTCTTGATCTGATTCAGTTGCAAGAGGGTAAAGCTCTTGTTCCACCGAAGCAGGCAAATGCTAAATAAGCAGTTTTAGTTACCACGTTCGTTGTTGTTAAAGCCCGGCCACAAACCGGGCTTTTTTATTTTGTCTTGGTCCGGGATTTCAGGTACGAAAAGATATGACACACTTTCTTGCAAAACAAATCGCATGCGCTTTGGCTGTCGTAGTCTCTCTGGGATCGGTAGGCTTAGCTAAAGAAACAGTTTCACCGGTTCTTCTGAGCCAAACGTATTCTTACGACAATCATCTTACAAATGCCGATGATCTGTACGTTATCACTCTCAAGAATTCGTTGGCGGCGGTGAGCGATTGGGGCGGTAGGACCCTTGAGATGAAAGTAAACGGCTTCACGACAGTGAACGTCACTTCAAAGAAGGCGGGTGTTTTTACTGTCGTTACTGATAAAAACTATCCCAAAAATCTGGGACAGCCTGTTGCTAAAATCGAAAATGACAAACTCGTTATTGAAGTTCCGCAGTGGCATGCTCTCAAAAGCGGAAACGTAACCACGCAGTATCGTTTCGTCAATGGTGACGATGCGAGCCCATGGGTGCAATTTCCGAATACGCTTGTGCCGCTGATCATACACCAAGAGGAAATCAAACTTACGACGGTTCTCAATTCGCCTGAAAAAAAGGAGCTGAAGGCGTGGCTTGAGCTGTTGTTAGCGAAAACGGTAGGTGTCAGCCCCAGCCTTATGTATTCCTTCCGCGTTTCTTATGAGTTTCCGATAGGCTTGCCAGATCAGTGGAGTATTATGCCTGTCTTATTGGTGCCCACTAAAAAATATGAAAAAACGGATGCCGAACAAATGGCTGCCGGTATCGAGAACTTTTTTGCAGGACGTCCTTCTAACTCGGGTGCGCAGTTGGTTTTCTCAATCATCGTCTACAAAAATGCATTGCCGTTGTTAGAAGTTCAAGAAATGGAACTTCCGTTATCGTTGACGGATTTGGACTAAAATTTTTAGAAGTGTTTGAGTTTATAATATAAAAGGGACAAGCCGAAGGTGACGGTGACAAGCCACGCGTAGCCTTTCCAAGTTCCTTTAAGATCGGCGTCGCTTAATTCCATTTGCGAGAAAATCGCAAGCGTGACATAAAACCACAGAGCTAATTTCCAGGTGAAGGCCGGGAAGTTCAAGAATCGCGGATTGTGAACAAATGTCTTTCCGCCGGGAATTAAAAAATAAAAAACGGCGGCGCAAATAAGAGGCCCGATAATAAGCGGGGCGATTCCAATAAACAGTTCACCCATCTTTTGCCATATCTGCAATAGCATCGGAACATTTCTGGCGCGACTGATGACGTGCCCGTGTGTCCCGCCTTTAGCTTTAAGATCGAAAAACTTGATGTCGATAATCTCATGCAGAAATAGAAACGCCATGAGTGCGTGACTGATTTCATGCATGACGATGCCGATTCCAAAAAGAACGTTAAAGCCTTTATCGCCCAGGAGTGAGGATATTTGCACACGTAAAAATCCGGAGAAGTGATGCAACAAAAAACCCGCGGCAAACACACCTCCGGAAATTTTGATCAAGGTCCAAACGCTTTGAAAGCCGAAAAGCAGGGTGGGATACGTGTTACTCATGCACTCACTTTCATTCTACTTCGCAAGACTGATTCCGATGTCGCGGGGATCCGCGACGCCGTGAAGTTTGTCGCCCTCTTTGGCCACGGCCATAACGTAACAAGGCACCGGTTCAATTTTGATATTGTAGCCCATGCGTTTAAGCTGCTCGAGCACTTCTTTGCGAGGGCCTGGTGGATCAATGTAAAGCACATCGGGTTGCCATTGTTGATGGTAGCGAACCGTCGTAACCGCGTCGTACAGCGACGTTTTGAATTCAACGTAATTTAGAATCGTTTGTGCTACACAGCTGATGATGCGTGTCCCGCCGGGAGCTCCGACACTCATCACAGGTTTATTGTTTTGCAGTAAGATCGTTGGCGACATGCTGCTCAGCGGAGTTTTCTTTGGCTCGATCGCATTTGGTTTTCCACCGACGGCCCCGAAAAGATTTTGCGTACCTACTTGCGCAGTGAAATCGTCCATCTCATTGTTCAAAACAATGCCGGTGCCTGGCGCCACAATGGCAGCACCCATCCAGCCGTTGATGGTTTGGGTTGTGCTGACGGCATTGCCTTGCGCATCGATCAAAGAAATATGCGTCGTTTGGGTTGACTCATAAGGAAGAGGTTGTCCTGCCTTCACTTGATTTGCCGTGCGCGCACGATCTGCCGGGACTTCTTGGCGGCGGCTCTCAATGTATTTTGGAGAAATAAGACCGTCCACGGGCACTTTCACGAAATCGGGGTCACCAAGGTAAGTCGCTCTGTCGGCAAAAGAGGATTGCAGTGCGGAAGCCGCTAGATGGATGGATTTTGTGGAAAGAATGCCCGCGTCGGCCAAGTGGTCTTTTTCAAGGAAATCAAGGAACTGAATGACGTGGACTCCGCCGGAGCTTGGCGGTGGCATGGAAGCGACATCGTAACCTTTGAATTTTCCCATGACAGGTTTACGCCAATGTACTTTATAAGTGTCGAAATCTTTTTGTGTAAGAAGTCCTTTTTTTTCTTTGGAAAACTTGAGAATCGCCTTAGCAACCGAGCCTTTGTAAAATCCGTCGCGGCCTTTTTCGGCAATAATGCGCAAGGTGTTTGCCAAGTCTTTTTGCACCAGCTTTGTTCCGACTGTGGGAACTTGCCCGTTCGCATCCAGGAAAATACTTTTCGCCGAAGGATCTTTACTGAGGACCGCGGCTCTGTTTTCAAGAGCATTGAAAAACTCGGGATAAATCTCAAAACCGTTTTCAGCCAGATCAATCGCCGGTTGCATGACATCTTGCAAAGGCAGGGAGCCAAACTTTTGATGGACTTCTAAAAGACCCGCAACTAAGCCTGGTGTGCCGACGGCGAGAATTCCATCTTGAGAGAGATGCGGGTCTGCCTTGCCATCTTTCCCGATGAACATATTTCGGGTCGCGCGAAGGGGGGGCTCTTTCGCGGAAATCAATGGCGTACGTCGATCCTGTTTTCGCTTCATGGAAAAGCATAAAGCCGCCG
NZ_CP168972.1_gap23	847825	851256	3431	GATATTTTCGGACAAGACGTGGGCGCGCCACTGGGTGGTGTTTTTACGGCGACTCAAGGTCTGAAAACAGCTTGGAACTCTCCACTGGATGAGCGCGGAATCATTTCTATGGCAATGGGTATCGCTATGGGCGGTGATCGTTGCGTAGCAGAGATTCAGTTCGCCGATTACATCTTTAATACCATTGATCTTTTGAAAATCGCTGGAAACACTTTGTGGTGTACGAATGGACAGATCCAACTTCCAATGGTTGTGATGACTCCAGTGGGTGCGGGAATCTTTGGTTCCGTTTATCACTCACACTCGTTCGATGCGTGGGCATCTCGCTTGCCGGGTTGGAAAATCGTGATGCCGTCGAATCCTTTGGACGCTTATGGTTTGATGCTTGCGGCGATTCAGGATCCGAATCCAGTTTTGTATTTGAAATCCAAAGCTTTGATGCGCCATAAAGGCGACGAACTCATTCCGGGCGAACCGGCGGACGAGAAAGAATTGAAAGCGATGATCGATAAACCGGTGCAAAACTCTGAAGGCTGGAAGCCGCGTTGGCCGGGTCTTGAAGAGTACATCGTACCAATCGGTAAAGGTAAAATCACTCGTTCCGGCGAACACATTACGGTTGTTACTTACAGCCGCATGGTTCATTTGTGTGACGAGGTTGCAGATAAATTGGCGCAAGAGGGCATCTCTGTTGAAGTGATCGATCTTCGCTCTATTTACCCATACGATTGGCAAATGATTAAATCTTCTATCGAAAAAACAGGCCGTGTTCTTTTCGTGAATGAAGATACGGAAGTGACGAACTTTGGTGAGCACTTGGCTTATAGAGCAACGCAAGAGTTGTTCTATCAATTGATGGCTCGTCCACGTGTTCTAGCTGGTAAGAACTTGCCGGGCATTGGTCTTCACCCTAATTTGGAGAAGAACTCTGTGCCTCAAGTCCATGACATTGAACTCGCAATTCGCGAAGTTGTAGCGGAAGTACCTTAATGGCTAAAGCTGAAACGTCTCACAGAAAAAAAGTCCGTCGTCGCGTAAATAAAAAAAGCGCGAAGATTCTTTTCGACAAATACGATCTTTACCGCAGAGCTGTTCAATCAGCTGAAAACGATGTGGTTTTTATCCGCGACACCTACAAGGAACTCAAAGGTAAAAGCCCGCGTACTTTCCGTGAAGATTTCTGCGGGACGTTCGCTCTTTCCACAGAGTGGATCAAACTCAATCCTCGTCACGAGGCTATTGGGATTGATCTCGATCCAGAGCCAATGGCGTATGGACGCCAAAATTACCTGGTCAAATTAAAGCCGGAACAGCAACGTCGTATGAAGTTGATCGAGGGCAACGTCCTTGATCCCAATCTTCATAAGGCTGACATCGTCGCCGCGATGAATTTTTCATATTTCTGCTTCAAACAAAGAGACGTTCTTAAGAAATATTTCGCGAACGTTCTTAAGACATTGAACAAAGACGGAATGTTTCTTGTGGATATTTTTGGTGGCAGTCAGTGTTACGACGCTATTGAAGATACAATTCGTCACGAGGGTTTCACGTATTATTGGGATCAAACGAACTTTGACCCAGTAACCAACGAAGCTCTTTTCCACATCCATTTCCGCGTCGGCGGTAAAAAGATCGAACAGGTTTTCACTTACGATTGGAGACTTTGGTCGATTTCAGAAATCCGCGACATTATGCAAGAGGTGGGTTTCCGTAAAACGCACGTATATTGGGAAGGCACTGCTAAAGACGGCTCCGGCGACGGCAATTTCACGCGTGTAGATCACGGGGAGTCCTGTCAAAGCTGGATCGCCTACATCGTCGGTGAAAAATAAAGATCGGTGAAAAAGGCCCCATCTTTGATGGGTCTTTGTTTGGCTTTTTCTTTGCTCTGTATCTAGAGCGTGTTTTTAAAACATTCTAATTGGATTTTGGGACCTGGCAGGGCCGCGGGCTGGCGCTCGCTGTCTATCTTTTAGTCATTGGGTTCGAGGTTCAGAGAAGGAGAAGTCGTATGATGAAGCTTACTACTTTGGTTTTATCTTTGTCTTTGCTGTCACAGGCGGCGTTGGCGAAGATTCTTGTTGTTTCCGATATCGACGACACAATCAAGGTGAGCCACGTTCTTTCAAAGAAAGGGGCTGCGACTTCTTTCCTCGACGACGACAGTCGTTTTGCCGGAATGTCCGAGCTTTATAACCTCTTGGATTTTTACCACAACGACATCGAGTTTCACTATGTGAGTTTGGCGCCGAAGCTCTTGATGAATGAACAGCACGGTGATTTCTTGGAGGAAAATGATTTTCCGGTGACGAAGTTGCACATGAACTCTGGCATTAAGCAAGACCCCGAGTTGAAACAAAAAGTCATCCGCAAACTTTTAGAAGATAAAAAGCCTGAACTCGTTATTTACTTCGGTGACAACGGTCAGTTCGATGCTGTGGTTTACAATCAAATGGAAAAAGAATTCCCGCAAATTCCGGCGGTCAGCTACATTCGCGAAGCATATTCTGCCAAAGGGGAGTCGAAATTTCCAACGATGCCGGGACAAATTGGTTTCGTCACATCCGTCGAGCTTACGATCGACCTCATTCAAAAAGGTCTTCTGCCTCACAAAGCCTACTCGATCATTGAGCGCGAAGTTTACAAACGCTTGAAGCGCGATGAAGCGAAAGGCGAGACCTTCGGAAAAATGGTTTTCCCATGGTGGCAGGACTGCCGCGACTTCAAGTGGCAGTGGGAACTAAAAAACCCTTCCGAAAAACTTGTGACCATCCAAAAAGCCATCGAAGAAAAGTGCTCGAAGTAATTTCCTAAGGTTGAAGTGGAGCGAAAGATGAAACCATCTCTTTCTTTTAAACTAGTCTTAGCATCATCATTAATGGTGACGGCATGCTCTTTTCAAAAGAACCCCGACAAAACTCCACCCAAACCCGAAGTCATAAAAGTCGGAATGACCAAAGAAGAACTCCAAGAGGAGATTGAAGGTAATGCCGGAATTAATTTTCCCGATCAAATTTCTTTTGCTCTCAAAAATGAAGATATGTCTCTCTTTTATAAACTAATGGATGACGTGTCTGAATATAGAGTTAACGACTACGGAAAAGACGGTACTACTGCGTTGGATTTCATGATCCTTCATGAGCAAGATCAATGGGCCGCTTCTCTTTTGGAAAAAGGAGCATCGCCGTACAAAAGAAGGAGAGGAACACAGTATTCGATTTTAAAATTATTAGAAGAGAAAAAAGATCAGTTACCATTTACAAAAGCGGCTCTATTGGCGGCAGATGAGGACCTCTATAAAAGAGGAAGGCATAGTATGTCCAATGGATCATCTGCTTTAATGTTCTACTGGTCTACGCACTTTCCTATGAAAGCATCCATTCAGGGAAAACGACCTTTATTGTATACTCTTTTTGATGAAAAAGAGTCTC
NZ_CP168972.1_gap24	1042010	1045025	3015	AAGTCGAGCGCCAAGAAAATCAAACTAAGAAAATCCGCGGTTTCCGTTCTAACAAACAAATCGAATCAAAAGCCGTCAACGATACAATGTTGCTCGCGGAAAAAGACGAAGAAAAACCTAAAAGATAATCTGAATACGAGAGTCATTTTACCTGGTCTCGGTTGATAGCGAGGGATTTGTTGCTGGAATGCCTTCCCTAGCTTTGTCGCTTCGGTCGGCACGCCATCGTGGCTCAATCGCCGCCGCACTGTGTGCGGTTCGCGCATCCTGCGCCGGCTAAGGCCGAGCCTTCGGACAAAGCTAGGGAAGGCATTCCAGCAACAAATCTTGCTTTCAAACTTTCCTTTGAAAAGATCTTCTGATTGAGAATTTTTTTTGAAGTTTTGTTAATATTTTTTCGGAGCTTTAGGCTTTTTGGTTTTTTGAGTTTTTAGGCTTTGGATTTTCATCTTAAGAAGTTGGGTTTCGATGGGACATTTATTTTTGGTTAGTTAATATCTTGTCAAGAAGTAGGGCTTTGGTCCTGTTTATTGCATAGTCATTAATGCCGATATGTTCTGTGAATGTCTCACAAGATTACTTTCAGAGAGCGCGGGCCGGAGCAAGGGCCTATCTTAATTCTTCTTCATGGCTATGGTGGAAGTGTTCATCATTGGGATGCGGTGGCTGACAGGCTTGCGGAGAAGTATCGTGTTGTGATTCCGAATTTGAGCCATCTTTACATGAGCAGTGATAAGCTGTTTTTCTCTGTGCAGATCGAAGTTTTGGCGAAGTTTATTCGAGAGACTTTTCCTGAGCAAAAAGTGCATGTTGCGGGGCTTAGTTATGGCGGGGCTTTGAGTTGGGGGCTGGCGACTCAGCATCCGGAGCTTGTGCAAAAGTCTTTGCTTATTAATCCGATGGTCACGAATCCTGTGAAACATTTCTTGCCGAAAGAATTGAAATTTTTCTTTTCGATTCCGCTGAATTTAAAAAGTATTTATTTGATGCTTTCAACGCCGATGGGACGCATTTTCCTGAAGCGGGCGGCGCAGATTTTCCGTGACGAACGCAGTGAAGGTTCTATTTCTGTCGAGCGTTTACAAGGACGCAAATTGCAGTTTGTCGCTCACATGATTCATCATTTTTCTTGGATCTTGCGCTCGGAAGACTGGCAGTACTGGCATCAGCGTTTGTATTCACATCGCGGGGAGTGCCGACTGATCTTCGATCAAGAAGATCTTCTTTTCGATCAAGCCGCTTACCGCGAATTCGCAAAACATATCGGCTGCGACGACATCATCGCCATCTCGGGGGCTGGCCACTTAGCCATCAAAACCCGCCCCGAAATCATCTCCCAGCTCATGCTCGAATTCCTAGAATCCCAAATCGCCGCCTAAAAAAGGTGCCTGCTTCTTTTTCTGGCTACGCCACGTCATTTCGTTCGAATATTGACGGCCACAGCGTCCAAAAAAAAAGAGCCTCTCATGGAGAAGCTCTTAGTCCGTTATTCGAATCTTAAATCGGATGAAAAATTAAACGTTGAAGCTTGAACCGCAGCCGCAATGCTTGGAGGCATTTGGATTGTTGAAGACAAAACCTTTGCCATTCAATCCGCCTGAATATTCCAAAGTCATACCCAAAATGTAGAGCATACTTTGTGGATCTACGGCGACTTTTTGACCGTTAGATTCAAAAACTTTATCGCCTTCGCGTTGATCGTTTTCAAATTGCATTTTGTAAGACAAGCCAGAACAGCCGCCTTTTTTCACCTCAACGCGCAAGAATGCGGCATCGTCTTTTCCTTCTTCTTTTTTAAGATGAGCAAGCTTTTGAGCTGCTTCTGGTGAAATTTGAATCATAAAAGGGCTCCCTATTCTGAAATACAACGTGGGTAGTATATCATAGGTGTCAAGCCCTGGGGAGGCCCGATTTCCGCGCTTTTCAGGCTTTCTAAGTGTTTAAATTTATTGAAATTTAGTGAGGAAGCGCGTTTTTAAGGATTTCCGCAGCTCTTTCAAGTTCTTCTTGAGTTGTCCAGCGACCCAAGCTTAAACGCAACGAACATTGGATTTCTTCGGTGCTCAAACCAATGCCTTTTAAAACGTGACTGATGACCATCGCTCCTGTGCCACAGGCAGAGCCGGTGCTGACGCCGATCTTTTGCAGACGGGCGATCAACGCTTCGGTTTTATGACCTGGTAAAGTCACGTTCAAATTATTTGGCGCGCGCTCGGTGGGATGGCCATTCAAACGAATGCCCGGAACAGCCGCTTGAAGCTTGCTCCAGAAAAAATCACGGAGTTCTGTCATGCGAGCTTTTTCTTCGTTCAGATTCTGCGCGCAAATTTCAGCAGCGACACCCAAGCCCACAATCGCCGGCACATTCAAAGTGCCAGAGCGAAGTCCACGCTCTTGGCCTCCGCCGTAAATCAACGGATTGATCTGAACTTTAGGATCTTTCGAGCGAATATAAAGAGCACCGATGCCTTTAGGTCCGTAAATTTTGTGACCAGAGAAAGACATCAAGTCAATTCCCATCTCTGTCACGTTCACAGGAATTTTGCCGACGGCTTGAGTCGCATCAGTATGGAAATAAATCTGATGTTCTTTCGCCAGACGAGCGAGTTCCGGAATAGGATTGATCGTGCCGATTTCGTTGTTCACCCAAATGAAACTCATCAGTTTTGTGTGCGGCTTGATAGCTTTACGAACAGTTTCAATTTCGACTTGTCCGTAAGAATTAACGGGAAGGAAGTCAACTTCCACACCCATTTTTTCTGCAGCCGCCATCGCTTTCATGATAGAGCTGTGTTCAACGCAAGAAGTGATAAAGTGAATCGGCGTTTGTGGATTTTCTTCGCGCAGTTTTGAAATCAAACCAAAGATCGCCCAGTTGTTTGATTCCGTGGCTCCAGCCGTAAAAGTGATTTCCAAAGATTTTGCGCCAATCAACGAAGCCACTTGGCTGCGCGCTTTTGTCGCCGCATTGTCAGCGATCCAACCCCAATGATGGCCGGCGCTGGCAGGGTTGCC
NZ_CP168972.1_gap25	1047805	1049277	1472	GATTGACGGATGCTTTCTTGAAGGCTGTGGAAAAAGACAGCCCGTGGAAACTCAAAGCGCGTGTTACCGGGAAAACGATGCGTGAGTTGCCGGCCGCGGAGGTTTGGAAAAAAATCACTCATGCCGCGTGGATGTGCGCGGATCCTGGCGTGCAGTTTCACAATACGATTAATAAATGGCATACGTGCCCGAATACGGACGATATTAATTCGAGCAACCCGTGTTCGGAGTACATGTTCCTGGATGATTCCGCGTGCAACCTTTCATCGATTAATCTCGTTAGATTTTTGGGTGAAGATGGAAATTTCGACTTTGAATCTTTTATTCATACAGCCCGCACACTCTTTGTCGCGCAGGAAATTCTTGTCGATTACTCAAGCTATCCGACAGAGAAAATCGCGCAGAACTCGCATGACTATCGTCCTTTAGGATTGGGGTTTGCAAATCTGGGAAGTCTGTTGATGCGTAAGGGAATTCCTTACGACAGCGATGAGGGACGTGCGTGGGCGGGCGCTTTGACCGCTCTTATGAGCGGTGTGGCTTATCTTACAAGTTCCGAGATGGCGCGTGCGAAAGGCCCGTTTGCCGGCTTTAAGAAAAATCGCGCACCGATGTTGCGAGTGATGAAGATGCACGAAAGTGCTCTTAAAGATGTGGCGTGGTCGTTTCTTCCGCACGGCTTGGATAAAGCGGTAAAAAATCTTTGGAAGGGCGTGATCTATAACGGTGGCAAGTACGGTTATAGAAACTCTCAAGCGACGGTGATTGCGCCCACCGGAACTATTGGTTTGCTGATGGATTGTGATACGACGGGAATTGAGCCGGATTTCTCTTTGATCAAGTACAAGAAACTTGTCGGCGGCGGAGAGATTCAAATCGTCAATCAAGCGGTAGAACCCGCTTTGCGAACATTGGAATACACCGACGAAGAGATCGCAGAGATTATCAAATACGTGGAAGAGCATAACACCGTTGTGGGCAGCTCTGCCATTCATGGTGAAGACATCAGTGTCTTTGACTGTGCGGCGGGCGTGCAGGGCAGCCGTGTGCTTTCTCCTGAAAGTCACGTGAAGATGATGGCGGCCGTGCAACCGTTTATCAGCGGTGCCATTTCCAAAACCGTCAATCTGCCGAACAGTGCGACGGAAGAGGACATCAGCCAGATCTATATGCTTGCATGGAAACTGGGTCTTAAAGCGGTCGCGGTTTATCGTGACGGCAGTAAGCAGAGCCAGCCTCTAAATATGCAAAAACCTAAGAAATCCGAGGAGCCCGCGGTCCCTAATTTCACGATGAAATGTCCCGAATGTGGAAGCGACACGGTGCTCACAAGTGGTTGTTATCGTTGTCCTAACTGCGGCACGACGGTCGGGTGCTCGTAATCTTTCTTTTCAGCGGGCTTAGCTTAGGGTAAGCTCGCTTCCTCAGGTATACGTATAAAGGACGACATTATGTCTAAAAAAGATATTTTT
NZ_CP168972.1_gap26	1084602	1085124	522	TTGCTGTTAAGCTGAGAGGTCCGAGGGGCAACGCCAACGGAATCTCGTGTGTATAGTCACGAACATCCAGAGTGCTATTGGCGATTTTGACGTTTTGAAGAGTGAGAATCCACTCCGTATTGCCTTCGGGCTCAGGCTCTTCAGGTTCTGGCGCGGGTGTAAGCGCCCAGTTTATAGAGCCGTCCTTGAAAACAATAAATTGTCCTTCGGCTGAGTCGAGTTCAACGCCTCTAAGACGAATTTCTTTTTTGAGAAGGGGATAAACGGTCAGATTTACGTAGAATTTTTTAAGCAGCAAACGATCACGGATATCTGCACCGGTTTGTTTTGCGGGAATCTTGAAATCCGAGAGCGTGAGTTCGAAAGTATAGGGATTAAAACTTAGCTCACCTATGCGAGGCTCGACACCGAGTTTACTCTGCACCTGTTTAGCAATCTGTTTTTCTATAATAAAAGGAACTAAGAAAAATCCAAGAAGGGAGTACGCCACCAAAATGCCGACGCAGGAGTAAATAATCTTCT
NZ_CP168972.1_gap27	1117246	1120767	3521	CCTGTCTCTGGATCATAAATTTCCGCACTGGAAAGAGCGAGGTTGGTTGGTGTGGTACTCCTATTGAGGGCTCCGCCCGCCACAAGAATTTTTCCGTTTGGAAGAGTCGTCGAGGTATTCAGAACGCGAGCGATTTGCGGATATTGAACTCTGAGGAGTTTTGAAGAGTTGAGGGTGTTATCAAGGCTTGGAAGGTCGGTGATTTCCTCGGAAGCATCTATGGCCACTTCCAAAGTACAGCCGTTCAGCAACGGCATAGTAATAAATAATATAGTCCAAAGGACTGAACCGATTACGTTCCTCATATTGATTAGATAACTTATCGGAAAATTTCCGACGGATTTTTAGCAATACAAAGCGCTGAAGAAATATCTTTTTATTAGGTACTTGATAAGTCTTAAAAAGAGACGAAAAAATGCGTCGGGCTTATTTGCCGGAACAGTTTAGCGAAGTGGATCTTTGTTTTTCGCCGAAATTTCGTTGAGTTCTGCGGGTGACATGCCGAGGAGGTCGCCCCATTGATCGAGAACTTTAGTGTATTTTCCTGAAGCTAACAGTTTCTTCATTCCCTCATCAAATTCGTGCGCGTATTTAGAGCCAAGGCGATGCTTTTTGCTGAACATGACATAGAGGCCTCCAGTTCCTATAGGACCGGAAATTTTCAATGCGTCGCGAGTTTTCTGATCCGCTTTTTTCGCGTGATAGTAGTACGCCAGAATATTGATGACTCCATAAGTGGCGCGCTTGTTGGCGACAATCTTCAAAACGTTGGTGTCTGAGTTCGCAAAATGTTTATTAATTTTTTTATCATAATCAAAAGGGCCATAAGAATAACCGGTCGTCAGAACAACTTTCTGTCCATGCAGATCTGAGACTTGGCGCACCTTCGGTCCCAGGCTGTTGTCGCGATGAGTGATAGCCACGGCGCTAATAACAACCAATGGAAATTTCGGAAAGATCAGAACGTCAGTCATCTTCTCGTCGTAAGTGGAGTTAAAGCACGCGACTTCCGAGGCATTTTGTGTTTTGGTCAAGCAGCGCGAGTAAGGAACTCCCTCAAACGCAACGTCAATATTTTGTTCCTTGAACGCGGCGCGGATGATATCGACGGACAAGCCTTTGAGTGTTCCGTGTTCGACAAAACTGTACGGAGCAAAATCATCTTCCGAAAGAATTTTTATAGTTTCTGCAAATGCTAACGTCGAGAAGGCACAGCAAAAAAATAAACTGAGGATGATAAGTCGCAACGTTTTCTCCAAGCGATTTTTTAGTCATTGTGATGGGAGTAACTTATGTCGGCAAGTGCAATTATCAATATTGCCAATTGACTAAACAGAGTTATATAGTCTCGCGAAACCATCTTAGGAGAAAAATGAAATGAAGTTATTGGGTTTGTTTTTGTGTGCTCTCATCGGCTTTAATGTACAAGCGCAAGCGGAGACGCCGCTTTATTTAGGCGCTCACTTTCAATGGGCGACGCCGTTAGCTCCCGATGAATTTAAAGATGATGCGGGCAATGCGACCGGCTTTGGCGTCCTCGGCGGATACAAGTTTAACAATCGTTGGGCGGCCGAGCTTGGATTTGACCGTTTTAAATTTGACGATATCGATATGACTCACTCTTTAACCTCATTGGGAGCGGTGTATCGTTTCTCCGAAGGTTTCATTGTGCCTTATGCGCGTTTGGCATTGGGTCTTGGTGAAAATGAATTTGACGCCGATGGCGTTGAAACGAAGAAAACATTCGCGGGTCATATTGGCGCGGGTGCGGAGTTTAACTTTGCTCCTGTGACTTTGTATGCAGGAGCTCGCGTGAATTTCGTTGGCGATACAGCGGGACTTGATGATGCAAGTTCTTTGAACCTGCTTGTCGGTCTTATCATTCCATCATTTGGAAACGGCGATGCTAAATCGTCTTCTAGCACAGCAGCCGCAAGCGAAAACAAAGCAGCTTCTGTAGCTCAGGCACTGGCACCCCAGGATAGCGATAACGACGGCATCACGGATGACAAAGATAAATGCCCTTCCTCTGCGGCCGGCGTGAAAGTAAACGCTTACGGTTGCGCTGAGAAAGAAAAAGCCGTTGTGAAAATCAACGTCGAGTTCTCTGCTGGAAAAACAACTGTCGAGCCGCAGTACGAAGCGGAAATCGAGAAACTTGCGGAGTTCATGAAAGAACATAAAACAACGACAGTTGAGATTGCGGGTCACACTGATAACACGGGTTCTGCGAAGCTCAATACGACACTTTCACAAAAGCGCGCGCAAGCGGTTGCCGATGTGCTGGTAAAAAAATATGGCATCGAAAGCAAACGTGTAAAAGCGAAAGGTTACGGCCCTAGCAAACCGGTTGGTGACAACAACACCGAAGAAGGTCGCAAGGCGAACCGTCGTGTAGAAGCGCAAATTTCCGCTTAAAGAACTAATCGCGGATCCACAATGTTCTATAAGCTTCACTTGAAGAAGTGGAGCTTATAGAAGTCACATTGGCGTAGTGATCCGATTTGACGATGGATCACTATGAAGAGTTTTAAAATGAGAATTTGTTAAAATGTGATAAACGAAGTCTTTAACGATCTTCGTATGTGCCGATAGATATTTGAGTCGAACTTTTTATGGAGGCTCATTTTTGCGACGACTTTCCGGCACGTGGTCTCTTATTGTTCTTTGTTTTTTCTTAGGCACGCTAAGCGGCTGTGCCTTGGATATTCAATTATCGAAGACAGAGAGCGCCTCTCTGCTCGATTTCGATTTTCCAGCTGTTTCAAAACTTGTCGGCAATAAGGCGACTCTGCGCGGTTCTCGCGGAGAAACTTTTGCAAGAAGCGTCGCCCTTTCTGAAGATGGAACAACGTTGGTTGTCGGTGCTTCTTCAGACGACACGGATGCCTTGGGAAAGAATTCTCTCAATAACGCAGGTGCCGTTTTTGTTTTCATTCGCAGTGACGATGAATGGGTTTTGCAGCAGAAGCTCGTACCAAGCGGATTAAACGCCCGTATGGCAGGCGATAATTTTGGATATAGTGTTGCTATTTCAGGCGATACGATCGTGGTTGGAGCTTATCTCCACGACTACGATGCTAATGGCGAAAATTTCGTCACAAATGCGGGTGCGGTCTATGTTTTCACACGAACCAATGATGTCTGGGCTCAACAACAAAAGCTTGTCGCAAGTGGGCTTAATAGCCGCGTGGAGCCTAGCAGCGGATCGGGAGATGTTTTTGGATACAGCGTTGCCATTGCGGGAGACACCATTGTTGTTGGTTCTTACGGGCAGAGTTACGATGCTGATGGTGCGAATTATCTTTTAAGAACGGGAGCCGCCTACGTCTTTATAAGGTCTGGCAATTCATGGACTCAACAGCAGAAACTTGTCGGGAGCGGTACTAACGGTCGGGTGGCTGAAGATAATTTCGGAAAGAGTGTCGCCATTTCTGGAGACTCCGTTGTGGTTGGTGCCGAACGGCAGCGCTATAATGCGACGGGAACAGGCTCTTTATCGAATGCGGGAGCGGCTTATG
NZ_CP168972.1_gap28	1133133	1137834	4701	GGGGATGCCGTTGTTTGTGGGACCCAAACCGTCCTTCTGGATCTTGACGAAGCCAAGACTCCTTTACAGGTCTCGTTTCCAGAGGTCGACGACGTATTTATGCGAAGCTTTGAAATAATCAATTCTTGGCGTGGACTGGATCCAGTTCGTGTAAGTAAATGGTTGGAAGAGTTGCATTATCTAGATTTGCGCACCTACTGGGTACCGAAGGGTATGAATCTGGTGAACGTCGCTGATGAAGGTCCCGTTATGTTAAGAAATGGGTGCGGTTTAGAGCAAGTAGCGGTGCAAAGCACAGACCCGGAAACAGACTCTTACCGCTATCATATCAGCTCTGATTTGTGGGGTCGATTTGATGCGGACTCTAAGACGGCACTGTTAATTCATGAAATACTCTACAAGGACTTGCTCGATTCGCGCCCTGGAAGTCACAGTCACCGTGTGAGGCCCTTTGTTCGCACTATTCTCGGATTGCCTCCGCACAAGATCTCATTAGAAGAATATCTCGAGACTTTAAGAAAGATGGGCTTCTTGTATTACGCTTTTCATGAGTCCTTCTTTCGTGATCTCTTCGTAGATTTGAGCAAGCCCTTTGTGGTTTCGGAAAACGGTCTGCAAGAAGCGCAGGTATGGAAGAGTCTTGAGGACCGAACTCCATATAAAATGATTCGTAAAAAACAGGGGAGTCAGTTTGTTGTCGAACTCACCCCGGTTCATTAATGAAAATTCGCTCCCGGCTTAAGAATAAAGGGAGCGAATTTTTCTCTCCATCGCACCAAAAACCATAGAGTTATATTTAGAAACTGTGAACTCGCGCCGTTAGATTTAAGTGAGTATTTCTTAAAGCACTTAAAAACGAAAATGCGGAGTTAAAATCTCGGCTGTATCGTTTAGAAAAGATATTGAATGAGAAACAGGAGCCCTCTGCAAAAAAGGCATTCCCAACGCGGAGTTTCTCTGGTGGAGCTGCTTATAGCCGTAGGCATCTTAGGGATTCTTTCCGCGGGCATGGCGACACTCATGATCAACCAGCAAAAAGAATCTCGGGCCCTCCAAGAAACCTTTGCTCGCATGGATTTGGAAAAATCTTTGCTGAGTTCGCTTGCTAACGGCAGCATTTGTACTTTTATTCTGAATCATTCGTCGCAAGGCCCGACATCCAGCACTCCGAATCGTGATCGAAACGTTTTTGATTCCAACGGTGTGACCAGCAGTCAGCCTTTAATTATTAAAATTCAAAATTTATTGGCCAGTCCTTCAGAGAGTGCTCCTTCTTTGGCGCGGGTCGGAGAGCGCGCTTCGGCCCTCTCGAATAATTTGATCGTCTCGGATATGAGATTTGTGATCAGGCCGAATCTGCCACCGGATGTTTTTCTTGCGGATTTTGAAGTGTCCTTTCGAGAAAACATGACCGTGCGTGCGCCGCGGAAAATCGTCATTAAAAATATTCAAATCGCCACCGACAGCGGCACCCCCCTTAATGCCAAAGAAATCATTGGTTGCTCGGGGTGGGGCGAGCCTCGAGCTCGACGTTTCACTTTCACCTCTTCAACGACGTGGACAGTCCCCGTAGATACGCGCCGAGCTTTTATCACAATGGCCGGAGGCGGAAGTTCAGGAATGAGTTGGAGAGTTGTCAATTCCGTGCAAGCGGGGCACTCCGGCGGTTATGTCTTCTCTCAACCAGTCAATTTAGTTCCTGGAGAAAAGTTACAAATCATTATCGGCCGTGGCGGTAAAGGAGTTTCTACTATTCGGACCGCAACCATCGCGGATATCGGTCTTCCGCATTATGTTTGGACGAATCCTCCTGGAGAAGATGGATTGAGTGGTTACCCCGGGGAGTCAACTAAAGTAATTTCTCCCTCTCAAGGCACCTTGCTTGAATGTACGGGCGGTAGCGGCACTTACCCAGGAGGAGTCGACAGCTATACCGGATCTCCTGTAGCCGGAAATGTTCCTGGAGCCACCGTTGGAAGTGGGAATCCTCCTCTGCCAGCTCCTAATAGAATGGCGACAGGTCCTTGGGTATCTAGTGATGGCCCTGGCGCTTGCGGGCCTGATCTATATGGGATTGGCAACCGTGGTGTTAAAGTTTGGGAACCTAGCTCCGGTGACTACATGGGAGGAGCGACACCTTTCGGCTATGGTTCTGGCGGCCTCATCAGCAGATATGGATGCTGGGTGACACCCAATACTATGGGAACATGTGTTTCGGCGGGACCGGGCCGCGATGGCGTTGTCTTCATTGATGTATGGTGAAAATTTTGCGGAAGACCCTGCGAGTCGTATCCTAGTTCGTTAATCAATATCGGCACGATAATAAGGAATTTCAATAATGGATCTTATCTGCCGTCGTGCTGTCACGGCAGATAGAATACAGCGAAGAGAGCTGATTGTTTTTCCCTTAGAGCCAATCAAATATCCGATACACCGTCTGCTGCAATCAATATTAAATATAGTCGTTTTTTCGCCAGTTTTATAAGTGACTTTAATGTCTTCGGGATAGGGAACTATTTTTTTGACCAACGTCTCTAGCGTCGTACGCATTTCTTCGCGAAGTTCCTCTTTGGATTTGGGACAAGGGACTACTTCTTCATGCGGTGGGGCCATTTTTAATTTTTTTAAAACAATCATAGATCACGTCCTTCGTAAACATAGATTTCGTCATATTTTGATTTTAATAAATGGGCTTTTCTCGATTTCTAGACGGAATCTGTCGCTTTCTGCTCTGCCTAATTCAAGAGCAGAGAGTTGCGAGCATGCCAATTGAAATTCGCTCCCAGTTTGAAAATAACGGGATCGAATTTTTCTGTCCGTTGGGCTTAAAACCATAAAGTTGTATTTAGAAACTGCGAACTCGCACCGTTAGATTTAAGTGAGTATTTCTTATGATAGGCGGTTCGTATGGATTTAAAGATATTCATTGTGGTGGGAGCTTCATTGCTGGGCGGGTGTTCATTTGAAGCCAGCATTCAATCTTTAAGTTCGGACATTAATACAATTTCTCAAAAGGCGACATCCAGCGAGGTGACACCTGCAAGCAAGCAAGGAGTGTTCACTACGAAGGGTTACGAAGTTCAAACTTCGGTCAGCTATTACAGTGCCCCTGCGGAAGTTACAACGGCTCAAGGGTACACGGTGAATATGAATGTCCAATCGACTTTATATAAAGAATAGGAATAACGATATGAGACCACTTAGAACGTTTGCGGCATATACGTTTCTATTATTGTGTGCTCCGTTACAGATTTGGGCAGGAGCTGTGATTACTTATCACGGGCGTATTCTCAACGCCCAGAAAAATCCTGTTGAGAACAGCAGCGTGGCTTTTCGTATTCGTGTTTACAGTCCGAATCCGGAAAAATGTCTTTTGTATGAAGAAGTGCGTTCGCTCAACATGACGGGCTCCCAAGGAGTCTTTGTGATTCCTATTGGTGACGGCAATGGTTCAAGAACTGCGGCCGATCCCGGTTTAACGATAGAAAAAGTTTTTAATAACGATCCAAACTATACGTTCGATACAACGAATACGCCAAAGTTGGTTTGTAATAGTGGTAACTCATACACGGCGGGGCCTTTACATCAAAGACTTCTTGCGGTGTCTTTCGATGATAATACGGGCCTGGGAGAGCAGTCTTTGCCTTTGATGGATGTTAACTTCGTACCTTTGGCGGTGAATTCCTACGACGCCTTGAATATCGGTGGAACTCCGGCGAATTCAGTTCTGCGAGTTCAAGGTGGGACGGCGGCGCCATTAACTCCGGCTTACTTTACGGAGCTTATGAATCTGATCACGGGAAATTCTTTGCAGTATGAAAAAATAGGCAAGCTCAATGGATCGGCTCTTCCGGTATTGGCGAATGGTCAAGTACTTGGTTGGAACGGTGGCACGTGGTCGGCGGTGACACCGCTGACCAGCTACACTGAAACCGATCCTAACGTACAAGCCTTTGCGAAATCGGCGTTGCCTGCTTGTGCCACTGGATACTTCCTGCGCAACAACGGCTCTGGAGGCTTTGAGTGTGTAAGTGTTCCAGGCGCCACCGGTGGAACAGTGACAAGTGTTACGCCTGGTACAGGATTGAAATCAGACGTGCCAAGTAATGGTGCTATCACATCGGCAGGGACTTTATCCGTGGATGTCGGGACGAGTGCTGGTAAAATCGTGCAGCTCGATAATGATAGCAAACTTCCAGCGGTGGATGGTTCAAATCTTTCTAATGTCACGGCCAGCGCTTTGTCTAACACGGCAAGTATTAATACGTCTGGAAACATCACAACGTCAGGCAATATTTCAGCAAATAACGTTAGTGCGACAGGCGCCGTTAGTGCAGCATCTGTGACAACAAGTGGAGACATTGTCTCCACGAACGGGAATATTCAAACGAACAAATCGTTAACAGCTAAAGACGGCTTGTTCTTGTATGATGCTAAAACTCCGACGCCAGGCTCAGTGGGTATTAAGGCCCCTGCGGATGTTCCGACGAATTACGTTTTAACCTTGCCAACGGCACAAGGGGCCTCGGGACAAGTTCTCGGTTTAAGTGCCACGACAGGGCAGCTTATTTGGATCAATCCTTCAAACGGTTCGGTGACGAGTCTTACAGCGGCGGGTACTGCGGGAAATCCGATCGTTATTGGCGGGACAGCCTCGGCTCCCACTGTGGATATTCCTGCTGCGAACTCGACGATCAATGG
NZ_CP168972.1_gap29	1139056	1140889	1833	TCTTATAAACCGAATAATGCAGCTTGTGCGAACAACGAAGTTTTAAAATGGAACGGTACGGGTTGGATTTGCGGAGCTGACAATGCAGGAACGGGAACAGTAACCGGAGTTACTGCAACAGCACCGCTTGCAAGTTCGGGTGGAACGGCTCCGGTGATTTCAATTTCAAATGGTACAACATCAGGCCAAACACTTCGTTGGAATGGAACGAATTGGGTGGCGGCACAGCTTTCAAATGCGGATGTCACAGGTTTAGGGACTCTTGCGACTAAAAACTCTGTGGATCTTGGAACAGCGGATGCAACAGGAACTTTGGCAGCGGCTCGCATGCCTGCATTGACGGGTGACGTAACGTCGACGGCAGGATCATTAACAACGACCCTCGCAAATTCAGGAGTGACAGCGGGAACTTATTCAAAAGTCACTGTCGATGCTAAAGGCCGTGTGACGGTAGGTGCTAATATTGGTTCTTCAGATGTGACGACAGCTTTAGGTTACACTCCGGTGAATAAAGCTGGCGATGTGATGAGTGGACTTCTGGGTTTGAATAGTGTTGCAAGTGATCCAGTGGGTTTAACTGCAGCTGACAAAGGTAAAGTGTGGTATAACGCGACATCAAATCAGATTAAGTATTGGGATGGCGCTGTGAAAGCCCTAGGTGTTTCTGGCGCAGGCCTAACATCTCTGGGTGGACAAACAGGTTCAACACAGTCCTTTGCGATTGGCACTGCTGGAACTGCTCCGGCGTGGAATTCAGCATCTGATACTCACACATTGAATATTCCGATGGCGTCGACTGCGGGAACGACGGCAGGGCTTTTAAGTAAAGCAGATTACGATACCTTCAATACAAAACAGGCTGCGGGCAATTATATCACGGCCTTGACCGGTGATGTGACCGCCGCAGGACCTAATTCCGCCGCGGCGACGATCGCAGCGAATGCTGTGACATCAGGAAAGATTTTAGATGGAACCATCGTGGGTGCAGACTTCAATTACAGCGGAGTCAATACAGCGACATCAGGCTTGGTTATCAAAGATAGCACGGGAAAGTTTTTTGATTTCGCCTGCGGAACGACTGGTAACGTAGCGACATGGACTGCAACAGGTTGGGCATGTCAGGCACCAACTCCACTTTTACCTTCGCTGGCTGACGGAAAAATCTGGATTGGAGATGGAACGAATGCAGCGGTTGCGCAAACAATGTCGGGTGACGCGACAATTTCAAATACAGGCGTATTAACTTTAGCAAATTCCGGTGTGACCGCCGGAACTTATTCCAAAGTCACAGTGGACGCAAAAGGCCGTGTTACGGTAGGTGCGAATATTGGTTCTTCAGATGTGATTACAGCTCTGGGTTTTACTCCGGTGAATATTGCCGGCGATACGATGACAGGTGATCTGACGTTTAGTGCAACGAAGGGTATTAAGTTAAAAGATACCGGCGGTCCTGAGAGCGTTTATATTAAATCACCTGGGACGTTGACGGCTGCTTATACGCTGACATTGCCGACGAATCCTCCAGCAGCAAATCAAATTCTTCAATCTGACGCCTCAGGAAATCTCTCATGGATCTCTAGTGCTGGTGGTGTAACCAGTGTTACTGCGGGAGCACCGCTTTCCTCGAGCGGTGGCGCAACTCCGAATATCACAATCTCTCAGGCGAATACTTCAACGGATGGTTTTTTGAGTGCGACGGATTGGAATACTTTTAACACCAAACAAGCTGCGGGCAATTATATCACGGCCTTGACCGGTGATGTGACCGCCGCAGGACCTAATTCCGCCGCGGCGACAATTGCTGCGAATGCAATAACAACGGGAAAAATTTTA
NZ_CP168972.1_gap30	1144205	1148288	4083	GAAAGCTTTTAAGAGGGAGAGACTGCTTGTTTAAACGGGAACATCACAAGCGCATAGCATCGATTCTTCAGGCGTTAAATGCCGATCTACTTGATCAACATCAATGTCTCTTTGGGGGCGGTACTGCTATTGTACTCGCGCGGGACGAGTATCGTGAATCTGTTGATATTGATTTTTTAGTATCGGATAGCTCTGGATATCGAGATCTAAGACAACTTCTTGTCAGCAAGGGAATTGCCGCGATCGCCCGCCCAGGAATGCAAATTGTGTCCATGCGCGAGGTTCGGGCAGATCAGTATGGCGTACGTACGATGCTTCAGGCTGACGACATTGAAATAAAATTCGAAATCGTTTTTGAGTCGCGCATTGAATTAGAAACCTCAGGCAAAAATTCAAAGATCTGCGGCGTTTCCACACTGACTTCTTTGGATATGGCGACCACCAAGCTTTTGGCAAACTCAGATCGTTGGTCAGATAGCTCGGTTTATAGTCGTGATGTTATAGATCTAGCGATGGTGGGATTACCGAAAGATGAGCTAGCATTAGCGAAGAGTAAGGCGGCTGAAGTCTATGGCGAGAGTATCCAACGCGATTTAGAAAAGGCGATAGATTTTTTAGCCATGCGAAAAGGGCGTTTGGAACAGTGTATGGATGCACTCAAGATAGATACTGTGCCCAAAGCCCTTCTGTGGAAGAAGATAAAAAATCTTCGCGACTAGGTTTATTTACAGATTCCGAAAGCAGGGCTTATAAACTCATAGCCCATGGAAGGCGTTCTGATGCGAACTCTATAGTCATTGCCCAAAGGCATGCTTTTCGGAATCATCGCTGAGATACGGCTTAGGACAAGTTGCGCATTCCAACTATTTTCAACGACTGTCATATAAACGGTGTCGCCTTTTAGAATTTCAATCGTGCCCGGAAGACGAAGGGTTGCAAACTCTCCCGCTGCGGACCATTCCATATAAATAAGAGGGGCCTTTCCCGATTTTTTGAAACATGTGTTTGTGCTTGGAGAAACCCAACTCACAGTGGGTACGGACGGAGCTACAATTGAAAATTTGCCGCTTTGAGAAAGAATCGATGAATCATTTAAATTCACAACTTTGATTTGATAATCGCTGCCGGGCTCTTGCCACGCTGGAATAACCCAGTGGGCTTTCATCGAGCCACCTAGTGATATATAAGTCGATTGAACTCGCGTCAGGAAGTTGCCGCCTTTGTACATGTCAAAGGCGATCGGTGTATTCGCAAAGTTGCTCCAACTATAAAGAATATAGGTCGTTTCCCAAGAGGAACCAGAAGTGGAAGGATTGGTTCCAGCCATGATCACCTCACCACCGACAGGATAGGTGAGTGAAACTGTCTGAGCTTGCGCGATACTAATTCCTAAAGAGAAGTAGGCTATTACTATTAAATGTTTCATATTGGATACCCCCACTGCTTTATTAAGCAGGGCCCGTGCCACTGATTTGACGCCGTATAAATCGACTTTGGTTATATAATTTTTTTTCAGGCTGTTAAACAAGTGTCTTCGAAAATATATTCGACAGATTTGTTCTCAGATTTAAAAAGATGGGAGCGATTTTTTTTGTGAAAATGAAATCCGCTGACTAAGTTTTTATAGAGACGCAGCTCATTGAGAGCAGTCACTAGGAAAACTTGTATGTCGTTGCAGATAAATGTGAGTCGTTGGATTCGTAGAAGACACTTGGTTGAAATCAATTTGCAAAGCGGTTTGATAGCCGGTTTTTAAAGCGGCGTAGTCAATAACACCGTTATCCAGAATCACCCAAAGATTCGTGCTTGAGTCAGGTGTAAGACCGAACATCGTATCTTTTGAAGCAGGACTTCCCCAAAAAGGTGTGAAGGCTCCGCCGGGATCATCAGCACCGAAAAAATACCCTTCGTAGGCACTGATACTATTGTTAAGACTTTCGCTCTCTGCTTTGAGTTCTTGCGAGTACCAGGTTAAGGCAATAGGCCCTGAGGGGTTGGGAGTGGGGCTCACTCGATCCTGACAGTCTTGAAGAGAGGCATAAGAACATTGCAATCCGGAGATATCGCTTGCGGTGATGTTATAATAAACCCTGCTGTAGGCTCCAGCCATTAAAAAACAATCAGTTTGCCAGGCGCCGTAAACATCAGAAAGTGTCCAAACATTTCCCGAAGGAGGAGTCGCGGGAGTGTCAGGGGATGAGTTCAAGTCAGAGTGGCTTGCTTTAAGGTCCAATTCCAAAGAACAAGAAGAAAGTAGCATCGCAAGGCCGATGGCGAGTGTGCCCCTGATAATCAACTTCATGAACGCTCCCTGTTGACACCAAGCTGATCGGTTGTCCGTAGGGCTACTAAAGACTTATTCTCAGTCTGAGACAGTTTTGCGATGCGACCTCTCAAAAATGTGTTTGCTGTTCGCATCAATTTGCCAGTCCGCTCGATCAAATGCGGAAAGTATCTCTACTCAGACAAAATACTATTCGCAAAATCTATGGCGATGCGATCATTCTTTTTTTCCAGCATGTGAACGCTTTCCACCAGAGTTGTCACGACGAGGTCAATGTGCGTGGAGACAGTGGTGATATGCTCGTCAATCTCGGCAAGACTCTTCAGTGTGAGGACCGAGTTGTAAGCTTTCGCCGCAGGATTATACGCAGGACTTTTATTGAGGGATTCGACAGACTGTCGACCCTGTTGTGCTCCTTGATGAAGTTTCTCATAAAAAGCCGAAGCAAGTTTGAAGCTCTCTTGTGTTTTTGCGAAAGCGTCGCGGGAGGCTTTCGTGCCCATGGCGCTGTACACGGTGCCGCTTCTTCTTACGATGGCGTTGCTGACGAAACTCATCGTTTCTGCTGCCTGAGCGCTATCAATAGCGCTTCTGCTATCTTCCAAGGATTGGAGGGCGCGACGACCTTCTTCGATGTACGGAACCAGGTTTTTCGCAACTAAAAGATTTTTTCGTGCCTCTTTGTCATAGGTGATAACGTGAGCTAAGGCATAGAGGTAAATACTGTTTTTATAGACTTCAACGGTCTGATTTTCTTGCGTGATCAACTCGTCAAAACCGCGGGCGGTTTGTCGATGACGCCATTCTTGGAGCGAAGGAAAGATCTGCCATGGCTTTTCTCTTTGCTGAGCTAAGACGGCTTCTTGCTCGCGATACCATTTGGCGTAATAGGCTTCCTTTTGTTGGCGTTCTCTGATTTTGCGGATTTCTTTACTGATGGTGCGAATGCGCGCGGGGATATTCAAGTCTTTCGCTTCGGCTGCGGCGCCATTGAGGAAAGAAAAGGTGACGATAAAAAGAAGAAGCATTCTCATAAGTTCTCCAGGAAAAAATCAGCTTTTTTACAGCAAGAAATATTCCCGCAGTATGTCGGTAAAAAGAAACGCCCGATGTGGGCGTTTCTCAGATAAGTTACTTATGAAATGACACTTGAACATGAACGTTATGCAGATTCAAACCAACGATTTCAACCATGCCGATCGAAGGGCCACCGCCTAAGCGAACGGCTCCGATTTGAATGCTCTTAAAATAAGAAGGAATAGCGACCGTGGTTTTTACGCCATTTGCATCCAATGTCATGGTGCCGTTGTACTGAACACCATCGACCACGATATTGTCTAAGCTAATACCCATAGCGCCAAAAATGAGCTGCGTTTGGCCAATAAATGTTTCTGCGCTGATTCTTCCGTCACCGTCGTTAGCGTCGGCAACGAGCTTTGCTTGAAGGTCGGCAAAGTCCTGAAGAAGGCGTTCCTTATTAAAGCCCTCTCTCCCAGTCACCGACGCAAGCTCGTTATCAGAGAGAGGTTCCATTGCATAACCGGGTTGAAGGGCCATGACACAGCCAAGGACAAGAAGACCGTTGAGTAAATTTATCATCTTCATAAAATGAACTCCTTTGATTGGAGTCCATTTGTTTGCAAGGCTTGAACCAGGAGTGTTCGCACGCAAAGAAGCGAACATCGCCGCGATTTATGGTTATTTTACTCGTTGAGCAGGCACATTTTCAGAGCCGAAATAAAGGTAAGAGCCTTGCTTTGTTGTAATAGCCAATTCATAGCTGATTTTTTTGTTTCCTG
NZ_CP168972.1_gap31	1157341	1158770	1429	GTCACGCGTGTGATCCTCATTGCCTCTGACGGGGAAGATCACGAACAAGGCGCCTTGGATGAAGCGCAGAAGATGGCCAAAGAAGGCATTCGCATTTTCACTTTGGCTTACGGAACTGAAAAGGGCGGCGCGATTCCTGTTCGCGACGGTATGGGTTTCCTTAAAGGTTATAAAAAAGATCGCCAAGGTCAGACTGTCCTTACAACCGTCAAAGGCGATGCGCTCAGAGCATTAGCGGAAGCAGGCCAAGGCAGTTTTTATTTTGCCACGTTTGGCGGAGATCAAACGAAGCTGCTCGTCGAAGACATTGGCAAACTCGAAAGAACGCAGTTTGATTCGACCGTGGCAACCCAATACGAAGAAAGATTTCAGACGTTCTTGTTGATAGGAATAATTTTAGCTCTTCTTGAGTTGTTCTTAGGGGAACGCCGCGCCGGATTTAGATTCTGGAAAGGCCGTTACGAGGTGCCTCCATCATGATGCGTGTAACTTCAACCTCCCTGGCTGTCATTGTCTTTTTGTCTGTTGCGGGATGCGGTCCCGGTCGACCTCATTTGCAGACGTTGGAGTCGAACCGCGAAGGGAATAAAGCGCTCAAAGCGCAAAACTTCCAAACGGCGATGGATAAATATCTTGAAGCTCTTCGCCACGATCCTTTCGTAGGGCAATTGCATTTAAATTTGGGTTTGACGTTTGAAGGCGGGCAACAGGCCGAAAAAGCTTTACAGTCCTACAAAGAAGCCGAAGCTTTGGCCGAGAAAGAAAAAAACGGCGAGCTTCTTTTCATGGCTCGATTCAATCGCGCGCAACTTTTGGGGAAAGCCAAAAAGATCGACGAAGCTTTGGAAGTTTATCAAAAAGCATTGGAAGTCATTCCGTCATCCAATGAAGTGAAGGTCAATATTGAACTCCTCACGCAGAACCAACAGGGACAAGGTGGCGGAGAGAATAAAGACCAACAACAGCAAGGCAATCAAGGTCAGCAGCAACAGAATCAACAAGGCCAAGATCAGAAAGATCAAAAAGATCAAGAGCAGAAAGATGAACCGAAGCAGGTTCAGCAGTCGCCGAAATACAAACCTCGTCCTTTCAAAGGACAAGAGCTTTCCGAAGGCGACGTAAAAAAGATTCTGGGAGAGCTCAAACAGCAGGAAGAAAAAATCCGTGCTGAGTACAATCGTAAAGAAGTGAAGGAGCAGCCTCGTGATAAAGACTGGTAATTTTCTGTTCTTTCTGAGTATTTTGTTTTGGACGTTTTTTGCTCAGGCGAACACGACCGTACAAACAACCGTCGATCGCAATGAAATGGGAATGGGGGACACTTTCACTTTAACAGTGGCGGTGGTTTCAACCGATGAGGTCAACATCCAAGACCCGCGTATTCCGGATTTGGACGGGTTTGATCTTTTGAATAACTGGCAATCAACGG
NZ_CP168972.1_gap32	1160631	1163575	2944	TCGCAGTCGGAATTAAAAAGCAAACTCTCGCCCTTGCAATACGAAGTCACACAGATGGAAGGGACCGAGCGTCCTTTCAACAATAAATACTGGGATAACAAAGAACCTGGAATCTATGTTGATATCGTTTCAGGAGAACCGCTTTTTAGTTCGAAAGATAAATACGATTCGGGAACTGGTTGGCCTAGTTTTACGAAGCCTTTGAATCCTGAATTTATCATCACCCAATTGGATCGCACGCTGTCTTTACCTCGCACGGAAGTGCGCAGTAAACACGGGGATAATCATCTGGGTCACATTTTCAACGATGGCCCCTCGCCTTCAGGGAAACGGTACTGCATGAACTCAGCGGCCCTGCGTTTTATTCCTGTGAAAGATCTTGAAAAAGAAGGTTATGGCGAGTTCTTGCGGCTTTTTCAAGAGCAAGAAGGGGAGCCGGAAGCTGGAGCGCCGGGCTATTGATTCTCAATGCATTTTCGATTTCCTGTTTTTTTGAAATTGCATTGGAATTTGCGAAAGAAGCCTTTAAGTTTCCTCCGATTTTTAAAAGGAGAAAACAATGCGCTTCATTCTTGCATCTTTGACTTTGATTCTTTCAACGACAGCTTTTGCTCAACAAGACAACTGTCAAAAATACGCAACGAAAGATCGTTACATGACGGCGATTAAAACGGTGGCGGCTCACGTAGAATATTCCATCGACGAGCTTTGCACATTGCCAAAAGTTTTGGATATCGAAGCGCAACCTTCGCGCGTGATCACACCAAAAGGGGATGTGATTCCTCACGTGCGCGTACAACTTCATATGGCATACGAAAGCTGCTTGTACATGGTTCGTGACGCCGACCAAGTCATCACTTCCAGCCGTTGCTACTCTGGTTGGTAATCACTCCTCCGAGCTGAAGAACTCTTTGATGAAACGTGGGACTTCGCTGGAAGCGGGGCCCACGTAGTGTTCGCTGAAGGCCGAAGAGATTTCGGTGTCTTTGAGATTGATTTCTATTTTCTTAGCTTTCCAGGCCAGGCGCACGAAACCGGCAGCGGGGTAAACATTGCCGCTGGTCCCGATTGAAATAAAATAATCGGCCTTTTCCAAGGTTTCATAGATTTCCTCCATGTGATGGGGCATCTCGCCGAACCACACGATGTCGGGGCGAATGCCTCCCGCGCGCCCACAATTTAAGCATTTCTGATCTACGTCGAGGTCTAAAAGCCATTCATAGTGTTCGTCACAATAGAGGCAAAAAACTTGGTCGAGGCGGCCGTGCATATGGCGCAGGTTCTTTGAGCCCGCGCGGCGGTGCAGGTTATCCACGTTTTGGGTCACGAGAAGAAAGTGGCCTTCCCACTTTTTCTCCAACTCTGCCAGCGCTAAATGGGCGGGATTTGGTTGAATTTTCGGGTCTTGCAGTTGGGCCCGTCTCAGGTTGTAAAAGCGCTGAACCAGAGCGGGATTGCGGGCGAAGGCCTCGGGGGTGGCGACATCTTCGATTCGATGCTCCTCCCAAAGTCCATCTTGGTCGCGAAACGTGCGAATGCCGCTCTCTGCAGAGATCCCCGCACCTGTGAGAATCACTATGTTCTTAAAAAGCCTTAAGTCCATTTATGCCTCGCACAAACCTGTGGAAACGTTGAGCTTTCAACTGATTTTCATTAGGATGGGGCGTTCTTCAAAGAAAGGCAATTACAATGGCTTCTAAAATCGAAACGTCACCTGAAATGGTGCAGAACGTTTACAAGAAGACAGCAGAAAGATTGGCTGTCGTTCGCAATCGTTTGAACCGCCCTTTGACTTTGGCGGAGAAAATTTTGTTCGGTCACTTGGATGATCCACAAAATCAAGAATTGGTTCGTGGTGAGAGCTTTCTTCTTCTCAGACCAGACCGTGTGGCGATGCAAGATGCGACTGCACAAATGGCTTTATTGCAATTCATGCTTGCTGGAAAAGACGAAGCAGCCGTTCCTTCAACAGTTCACTGCGATCACTTGATCCAAGCTTACAAAGGCAAAGACGCCGACATGAACGCTTCGAACATCTCGAACAAAGAGGTTTTCGAATTCTTGGCGACAACGTCTTCTCGTTACAACATCGGCTTCTGGAGACCTGGCGCCGGTATCATTCATCAAGTTATTCTAGAAAACTACGCTTTCCCGGGCGGTTTGATGATCGGGACAGACTCTCACACTCCGAATGCGGGTGGTTTGGGTATGTGTGCAGTAGGTGTTGGTGGATCTGACGCTTCTGACGTGATGGTAGGACTTCCTTGGGAAGTTAAAAATCCAAAATTGATCGGCGTTCACTTGAAAGGAAAACTTTCCGGTTGGGCTTCTGCCAAAGACGTGATCTTGAAACTTTGCGGAATGCTAACTGTAAAAGGTGGTACGGATAAAATCGTTGAGTACTTCGGTGAAGGCACTCACTCCATCTCTTGTACTGGTAAAGCGACAATCACAAACATGGGCGCTGAATTGGGCGCGACATGCTCTGTATTCCCTTACGATGACAGAATGGCAGCCTACTTGAAATCCACAGGCCGTGACGAGTTGGCGAAGATCGCCGACGGTCACAAAGACATCTTGTCTGCGGATGCGGACGTTGTTGCAAATCCTGGCAAATACTTCGACGAAGTTTACGAAATCGATTTGTCCGCTTTGGAACCTCACCTTGTAGGTCCTCACACTCCAGACTTGGCTCGTCCGATTTCTGCTTTGAAGAAAGAAGCGGCTGAAAAAGGTTACACTTTGAAGATCTCTTCAGCGTTGATCGGTTCTTGCACGAACTCTTCTTACGAAGATATCGGCCGTGCGGCTTTCGTCGCGAAACAAGCGATGGAAATCGGCGTGAAAATGAATCAGCCGTTCCTTGTGTCTCCGGGCTCTACACAGATCCAAAAGACTATTGAACGTGACGGTCAAATGTTGACGTTCAACGAAGTCGGCGCGA
NZ_CP168972.1_gap33	1213377	1214041	664	GCGATCTTCATTTGGATATGGCTTCAGGGGCAGGTTTAAAAGCAGGAGACGCTTACATTAAAAGATTCCCGTCACGTGCTGAGCGTCTTCGTTATCCTGGTTTGATTTTCGAAAGTCCAGTGTTCGTCAACGGAAGCGTCTTTCTTCCCGATACGCCGCCTTTGAATCCTGGAGCGCCAGAAGGTGACACTGTTTATGCTCCCGTCACGTTCAAAGATAAAATTATTTTAGGGCAAGGTCCGATCATGAGAAAGGACCCAGAGACCGGAGCGATCAGTGAGTTCCGTCCGCGGACTTCAGGCTACGAGTCTGATCAGTTCTGGTCGAATGTGCGTCAGTTTGGTGGCTTTCAAAAAGGTGTCGAAGTTGACGGGGACCGAGACGAAGGGCTCGACTTTCTTTCTGGTTTAAGAACAGAAGCAAGCACAGCCGACCCGAACATGATGCAAAGATGTATCGAGTACAATCTCTCTAAATATGATCTGGGCCGTACATTCAATAGTAGAGTGACGGGTCAGTTGATGGATCGTAATAACAATAAGTTCAGCTACCGTATGGGATTAACGGATAAGAACCGCTTTAACCCGCAAACGGGTGAAGTGGATCAGCCGTCTGTAACTCGTTCAGGTTTCCTCGGAGAAATACTGAAAGGCTGGAATCTCAG
NZ_CP168972.1_gap34	1215950	1218581	2631	GTTTCGTCGATTACCAGTTTGTGGTGAACTCGCAATGAGACTGAATCAAAAAGGTTTTTCTTTAGCTGAAATGGTCGTCGGGGTCGCTCTCCTTGGAATTATGGGGATGGTGGCCGCTTCGTTCTTCGTATTCACAGCTAAGCAGAAAGAAGAAATCACAAACGAGATTGAAGATAAAGTCGATAATATCATCGCGGAGCGCATGCTATTGAAGGACCTCAAAAATTCGGAGCCTTCATTTAACAATCTTGTAGTTACCGATGACTATGGTCGTCCTTTCTTTGATTACGTGTCGGACGTTACCGATATCTCAGTGGATCAGGCAGAGCGTAAACTTACTCTGCAACTCGGGCGTCGCAATGAGCTTATCTTCCTTGTTTCAGCCGAGAAATTGCCAACGCTGATGTATACGCCAGCGACGGCTTATGATATGTCCAACGTAAATGGAAATCCGTTCAAGGCGGCCGATCTCACGTTCCGTTCTTTAAATAAGAACAACGAAGTTTATAAAGCTTCGAATGGAGCACTCTGGGGTGTGGGCACTATTTTAATGCTCGACTCGCCAGCAGCTGTTCGTGAGATGACTCCGCTTGGTCCCAACTACAATCGCCCTGCGCGCTCTCCGATCTTTGTAGGAGTTGTGACGGCGGCAGGCGAGTCGCGTTTGAATCCAGTGATGTTGCCGAACTTTCTTAATCGCACGCACCCTATGTATCCGAATGAGACAATCAAAGACGAGGATTCGTTTTTAAGAGACATTCCGCCCATGGGGGGCGCGGCACCACTTGTTCGCTTGAAAGCAGTGCGAATAATCAAGTATTATTTAGCTAAGGAATCAAAGGGGAACAAAATCAACCTATGGCGGTCATCTTTTAACGGAAGAGATTTTGATCAAGGTCAGCTCTTCGCTGCGGATGTCACTGGGGTTGAGTTTTCTCGCAAAGATGCTCATGACTCATTGATTTATTATAAAATCATGCGTCCTGATAAAAGCGGGAAATAGTAGGGGAACCAACAGAGGGGGCTTGTATGTTACTCAATAAATGGCTTTGTTTGCCACTGACGGTGGTTATGGGCTTACAGGCCCAAGCAGAGCAACCAGCAGCAGTCAACTCCGGGGCTGGTGGCACGGCAGGATTTCAAGGAGTCGTACTTTCAGGGCAGGCATCGCGTGCTTCGACTGAAGGGATTACGATCAATATCGCGAATTCGTGCTTTGGAACAAACTTGCGACACGTGCAAAATCCAATTGCGAAAGATTCAATCATTACTTTTTATATTACTTTGAATGATAAAGGGACCAATAGACTTTATCATGTGAAATATCCAGCGGCAGTCGTCTCGCTTTCTGGAAATGCCAGTGAAGTGCGAATTCCTGACGGGGATACCTCGGGCAATGGTGTTGTTGCCTCTTACGCCGGTAATAACGTGCGTATTACAGTGCCAATCAATTTCACAACGAAAGTGGATGAAGAAGGAAATATCAGCGATGACTTCGATGTGAAGTTGGGCGCTGTTCGTTTCCATCAAAGTTTTGCGCCCGGAAAAGAAACGGGACGTGAATACATGGGTTTCACTGGGGACCTATCCGGTAACGTTTATACGAGCCATTCAAAGGACGGAAAGCAGTATAGTATTTCTGCATTCTTCCCTGGTGAGAACGGTTTCTGCGGCGGTTATTTCTCTCCTCTTATGGTGTTCTTTGATGACAAACGTCCTCAGTTCAATGCTTCTGTGGATTTCCCATTGATCCCGGGCATGAAAACAAGATGGCCTGAAAAGGGTGCTCCTGGTGCCTTTATCGCTGTGGATCGTGATGGCGATAAGAAAATTACAAAAGCGGAAGAGCTTTTCGGAAACCTTGGCGATAAATATAAAAACGGTTTCGAAGCATTGCGTGAGTTTGATTCCAACAAAGACGACGTAATCGACGCCAAAGATAAAGAATTTGCGAAGCTTCTCTTGTGGTTTGATCGTAATGGAGACGGTATCAGCGATGCCGGTGAATTGGTGCCATTGAAGAAACGAGTGAAGTCGATTTCGTTGAAATATGACTCCTCACAAACAAGTTCAATGGGAGACCGCGCCGAAGTTCGTGAACGCAGTACTTTTGTGTTCAAGGAAAAAGGCAAAGAAAAGCAAGGTGCTGTTATCGACTTGTGGTTTGCTCCACAACCGAAATAGTCAAAGTTAAAAAGCAAATGAAAAACGGCGCTGAAAAAGCGCCGTTTTTATTTTATAAGACCTTTGTATTTTTGACGTCTTATAGTGCAGAGTTTGACTCTCTATGCAAGCGGCAGTCGATAATCTTCCTATCAAAAGGAGGATATATGCCTATGCGTTCTTTGGGTCCCTGGGTGGGTGGCCGTCGTGGGCCCAGTCACGATTTAATGAGTCAGTTTGAGGAATTTATCAATGAATTTGATCGTGGTTTATCGCCCACTCGCCATGGTCAGTTCGATTTCTCTCCAGCGGTGGATCTGGAAGAAAAAGACAATGCCTATATCGTTACGGTGGATCTTCCTGGTATAAAAAGGGACGAAATCAAGGTCGATCTCTCCGAGAATATTCTGACCATCTCGGGCGAAAGAAAACGTGAAACTCAAGGCGAGGGAAAATACACCGAACGGT
NZ_CP168972.1_gap35	1219881	1221330	1449	GTCGGAAAATCTGCTGATATTTTGTGCATCGATCAGGATTGGCAAACCTTGTTTTACAGTGTGGGTGAGCGTTCTGAGAAGATGGTTTTCTCGAGAGGAAAGAAAGTTTTCGACAGCCTCAAATAATCTACTGCGTCAGAAAATTTAAGATTCTTAAAATTTCCTTTGAATAATCCCCCCTTTTCTTCCTAGTCTTGAGCTAAAAGGTGCCTGCTTCTTTTTTCTGGCTACGCCGCAAAAAAATGTCAGACACCTTTTTGGGGGGGAAGTTACAGCATGAGATCGTCATACAGCACTTTGATGCAATCGAAGTATTTTAATCCTGCTTTTAACAGTGCCATCTTTGATGGTCCCGTGCGTATTTATTTCGCCCAATTTCATGAAGCTTTAGCGCTCAAAGTCTATTTCCTCATCCAACAGAAGTTGGTCGAGCAGATGGCGAAGGCGAAAGAGATTTCGAAAAACTCTGGCGCTAACATCCTTGTGATGATTTATCCAACAGAAGACTCTTTCCTGCTCTCTTTTGAGGGCGCAGAGAAGCATATCAGCCCTTTGGAAGTCGAAAAGTGGCATAACGACGTGGTTATCGGACTTCGCGGTCCTATCGAAGACGAAAACCTAGATCTTTTGATAGAGACACTTCGTCTCACAATGGAAAACTGGCGTCCAGCTATGGCGGAGCCGTCTTCCTCTCCCGCAGAACTGTGATATCATTATTAAATGAAGAGAAAAGGTCAAAGCGGTCAGATCGTGGTGGAGTACGTACTCCTCTTAGTTATCGCCGTCAGCGTTGCCGCCCTTTTAGTAAGTCAATTGGTCAGCCGTAGTGAGGACGATCCGGGCGTACTCACGGCCAAATGGCAATCCATCCTAACAACAATCGGAGAAGACGTCCCAGACCGCCGCCAATAAAAGGTGCCTGCTTCTTTTTTCTGGCGATACTGCAGCATTTTTGCGGCGTAGTCAGAAAAAAGAAGCAGGCACCTTTTAGAGGAAGGCGCCGCCGCGTTTGCGGATTTCTTCTTTGACGGCTGTTTGCATTTTTTCTTGGATGTCTTGAGCAATGTCGTGCACGAGTTCGGCGTCTTCGACGGCGGAAGCTTTGTACGGAAGGTAGATCGGCTCCAGGAAACGGATGCGCCACTTCGCAGGTAATGGAATCACGTTCAAGGGGAGCGGGATTACGGAGCCTTTCAAAAACTTCGTGAACTTGAGCTGTTTCAAATTAATGTGCGTCTCTTCGGCGCCAAGAATCACAACAGGCACAATCGGACATTGCGTTTCCAAAGCCATGCGCACAAAACCGCGTTTGAATTCTTGCAGTTGATAGCGCTGTGATGTCGGCTTGAAGTTGCCATGCTCGCCTTCAGGAAAAAGCACGATCGCATTCCCTTTTTTAAGAGCATTTACGCCATTTTCATAAGTCGCTTCCGTGAAACCCATTTTTTG
NZ_CP168972.1_gap36	1236340	1241266	4926	TTTCGTTTTTCCGAACTCAACGATACAAGAGCCCTCGGCGTATTCAGAAACATGAGGTGTGATTTTAACTTGTCTGAGTTGGTCGTAAAGACGGCCGTCTGCGCGCATGAAAAACTCCTAGGTTGGACAGGAGTTAATCTAATGTTTTTGCCGTGTGATTGTCCATCTTTTCTTTGTAGGAGAGCAAAGCGCTGTAGATTTTCTGAGCAAGATCATTCTGATAGTCAGAGGTTAAAAGACGCTTAGCTTCTTTGGGATTCGTGAGAAAACCAATTTCAATCAGAACGGAAGGCATCGTCGTTTTTGAAATCACATAAAACGGCGCTTGTTTGATTGTCGCGTGCGCCGCATTTTGATCCGCGCCCCAAACACTCGTTAATGTTTGTGTCAGGCGCAGACTGCTCATCAGACGATTTTGTCGATGCAAGTCCTCGACAATCGCAGCGACGTCACCTTTTTTGGAAAGCTCGTCGCCGCCGGAAATGCTGTGCAGCTCTTTACTGTTAAGGATCATTTGATTTTCTTGGCTTGCCAAAAACAAACTCTCTTCATCGGGTGGCAGATTGTTTTGGAAAAAGAATTCAACGCCCTTCGCGCGCTGATCGGAAGCGGCATTCGCGTGAAGGCTGACGAATAAATCCGCTTTCGCTTCTTCGGCCATTTTCACACGCGCAGGCAACGTCACGTTTTTGTCGTGATGACGAGTCAAAGTCACTTTGAATTGCGTGTCTTTTTCAAGAAGCGCTTTCACGCGTTGAGCGACCTTCAAAACCAGGTCCGCTTCTTTAGCGGGACCGTGAACGGCCCCCGTATCAACGCCGCCATGACCGGGATCCAACATGATATGAAGCGCGGAAGCGGGAAGAGCCCACAACAACGCACTGACAGCCACGGCCTGTTTGAAACGCAAAAAGTTCATTTTTTTAGATTAGAAAGGCCGACGGAGGTTGTCGAGTCCGTAACAGACCAAGGCCGTGGTGAATTCCGGCAGTACATACGTTGCACCGCCGGAAAAAGTTTTAACGCGCCAAGAATTTACAGTGAGACACCTGTTGCACATGGAATTCTCTGACAGTGCTGGACAAAGATTCGCCGGAACGGACGCGTTCGTCGATGCGCACTTGTTTTGTGAACGTATTGCCATGGGCGCCTGTTCTTTCAAATTCAAAAACGACGTACTTCATGTCGAGAGTACTGTCTGTGTGGTTGTGCAAGGAGCACGTCCACAGACTGCTGCCAGAGCGAGTCGCTTTGCCATAATAACTTTCCAAAGCTTGAGCTTGGTGAACTGTGCCTACCATCATTAAAAGTGCGATGAGTGTTTTCATAGGAAGTTTCCTTTCTTGTTTTGTGAAAGGTCTTCCTCGAAATCCGCATCGTGATCAAGAATTTGCAGAATTACTTTTTTGAATCTGAGAGCTGACAAAAAGAAATCGAAAAACAGAAACTCTTACCGGTTATTTTCATTTCACTTATCTCATGTGGAACGCGTGAGCCGCTCGGAGTAGATCGTGTGCATTGGAGCGTAATGAGGTCTTGCTTGTGGCCTCTTAATCTTTGAAATCCATGCAAGTTAGACTTTTGCCCGTCTCATTTTGGGAAGACTTTAAAATATTTTGTCAGACTCTTAGATATGCGAGGAGATGCTTCGCTGCTCAAAAAAGTGGCCCGCAATTGTCGTTTTCTGTCTAAAAGCTCGACATAGGTTTTGCGATCGCCGCAAGTTTTATCCATTTTGGCGAAGAAGTGATCATGGCACCGCCGTTGCTTTAGTAGAAAGCACCCCCCCATGGCGGCCAGGACCCTCCCCCCCCAATCCTGGTCGCTTTTTTTTTGCCAAAAATCCCGATATTCTAATTTCTGTTCAAAGACATCATCTTAAGGAGACAGTCAATGTATCAAAAACCCCTTGGTATTCTTCTATTGGCCGCTATCGTGAGCGCTCAGCCAGTGTTTGCACAAGTGGACAGCTCGCAGATTGAAGCGGAAGAAGCAACAGCGGACGCCGAGGCTGCAAAAGCTGAAGCATCGGAAGCAAAAAAACGCGCTGAAGAAGATCGCAAACGCCGTGACAAAATGAGAGCCGAAGCGCAATCCGCTATTAATAAAGCGCGTTCGTTGGAAAACGATGCGAAGAAAGAGCAGGCGGAGTCTGAAAGAGAATCCGCAAAACTCAAAGCCGAAGCCAACGAGCATGAGCGCCAGCAAAAAGCAGCCGAGAAAGATCAAGCGGCAGCTCAAGCACGTATCAAAGCGGCTCAAGAAAAAACTCAAAAGGCCCAGCAAGTTCGTGATGAAGCTTTAGGTAAGCGTAAGCAAGCGGAAGAAAAAGCCGAGCAGCTTCGCGACCAGGCGAAAGAGCAAGAAAAGCAGGCGCAAGAAGCGACTGAGAATGGAATGCAGGCTACGAAAGAAGCGGAAGCTGCCAAAGCGGACGCTGCGAAAGCCGAACAAAATCTTTCTAAAGCTCGTTTGCTAACGCAAAAAGCGGTGGCGGAAGCCAAAGCTCGCGAAGCCAAAGGCAAACAAGAGATCGCTCGTGCGGAAGCTGATAAAGCAAAAGCGGAAGCGGAAATGGCACGTTTGAAAGTTCAAGAAGAACAATCAAAAGCCCTGATTGAAAAGATCGACGGTGAATTGAAGTCGGCGCAATCCGCAGCGAAAGAAGCTCTTCAGCAAGCGGAAGTTGAGCGTAAAAAAGCGGGCGAGTTGAAATCTCAAGAAGAGAAAGTAAAACAACAAGCCGCGAAGGCGCGCCAAGAGTTGGAAAGCAACCGCAACACTCTTAAAAAAGAACAAGCGGCGGCAAGTCTTGAAATCGCAAGAGCGAAAAAAGCCATTGCTGACAGCGAGGCTGAAACTCTTCGTGCCGAATCTGAGTTGAAGCGTCTTCGTGACGAAGCTGAAAAAGCGAAAAACGAGCGCGAAAAATTGGAGCAACAAATGGATGTGGCTCTGAACAAAGCAGAAGAAGCAAAAATCAAAATGGAAACCGGTAAAGCCGAAGCGGAAGCTGAGAAAATGAAACTCGAAGCACAGAAAATCCGCACTGATGCCGGCTTGGTGAAAAAGAAGAAAAAATAATTTCTTCCTGTTAAATAAAAATTCAAAAACTCCGCGTCTCAAAACGCGGAGTTTTTTTATGTCAAATCTCCGCTTTTGAAAGACGTCCTCTTGCATCCAGCATTCTATGTTAAAACTCACTGGAATTGCCGTACCTTGATGAGGCAAAGACGTTAACAATGGCATCATGGTCCACGAAACGTTTCGTCACATAGCTTTGATCTTTGAAGTCGCTGGCATCGGCGTCGTTGTTATTGGCGCGATTGTCTCGACATTTGAATTTTTGAAAAACTACATAAACAAGTCCGCAGAAGCCTATTTCAGATATCGCAGTTCTTTGGGAAATGCCATTCTGCTAGGGTTGGAGTTTCTAGTCGCCGGGGATATTATCGGCACTGTCGCCGTAGAACCTACATTTGTCAGTGTCGGAGTTCTAGCTCTTATCGTGCTAATCAGAACGTTCTTAAGCTTGTCGCTGGGAGTTGAGATTCATGGGCGCTGGCCCTGGCAGGAAAAAGACAAAGCCCCTGTCCAGGACAAGGGCTCTTCTCTTTAAGTCGTTGTGAGGGACGGAGTCGCAGGCTCCGCCGATTTATAATAAACAGTTTGTGTGGGATAAGCGAAGTCGACTTTCATGTCAGCGGCGATCTTGAGGATTTCAATAAAGATTTGCTGCTGATTTTCGAGTTCTTCCGGTCCCGTAAAGACGTTCAAGTGAAAATTCACCAAAACATCCAATGAAGAAGCGTTGTAATTATTAAAATGAACAGTCACAGTTTCCGGATTTACTTTTGGGTGTTGTTTAATCATGTAACGAACGTGCTCGCAAAAGGAATTGATTTTTTCCGGCGGCGTTTCGTAAGCAAGACCCAAGATTTGACGTGAACGACGGGCAGGGCGCACCCCCATATTGTCGATGGTCTCTTTTGCCATCATCGCATTCGGAATCGTGATCAAAGAGTTGTAGAACGTGCGGATGCGTGTGGAGCGGAACCCGATCTCTTCGACCGTCCCTTCCATGTCTTTCACTTTCACCCAGTCGCCGATCTTAAAAGGATGGTCGACAAGAATCGTGATGGAACCAAAAAGATTTGCAGCGGTGTCTTGCGCTGCCAAGGCCAACGCCAAACCTCCCAGTCCAAGACCGGCAAGCAGAGACATCACGTTAAGTCCGAAGCTTTGCAAGGCGATCAAAACACCAAGAACGACCACCAAAACTTTCAACGCCTTCGATGCGAAAGGTACAAGTTGATCATCGTAAGTGCTTTCCGTTTTTGCCGCCATCTCCATAAAGACGGAAGACAGAGCATCCACAGCATAATAAATCACACGAATGAGACAAAGCGCCACAAGGCCGCGCAAGAAATGATTGTAGTAAGTTTCAAACTTACCCGACAATGCAACGGCATCACCAATGGCAAAGAAGAAGAAAATCACAAGCAACCAGGCTATTGGTTTTTCGACAGGCAGGTTCAGGAAAAACGCCGAAAAGCTTTTCGGATATTTTTTCGTGAACGGATTGTGCTTCTTAATTTCCTTCAGAATAAACTGAATGACGGGGCGGAGGATAAAGCCAAGAACAATCGCCGTCAGCAACACCCCCCACTTCCAATTCGGCATCACCAAAACGGTCGTCTTTAAAAGTTGCGCCAATTCATCGGAAATCAAAGCAGCTTGATCGAGAATGAGTTTTTCCATGAACGAAGTATCCTTATATATATGTCTACATCAACGTCAGGTTGCGACCTGAATAAATCATGATCAAAAGAATCACGCCGAGGACGATACGATAATATCCAAATCCGCGGAACCCGTAGCGCGCCACCACGCCGATAAAAAATTTAATTGCGATCATCGCAACGA
NZ_CP168972.1_gap37	1297157	1299176	2019	ACGACTTCAAATATGCAGATGATGGATTCTCGTTCTTGTTCGATCTATCGACAGAAGTAGGTCGTAAGGCTTACGAAGATATGATCCGCGGTAACGTTCTTGCTTCAGAAAATATTGCGGCACAGCCAACGAAAAATCTTGTTGAGCGCGCTCCTGTATTGAAAGTGGAAACATTCCGCTCTGTCTCTACAGGCCGTATTGTCAGCAAGTCTTTGGCGATCCCAATTATCTGGGACAAAACATACAGCACAGGCAAAGTATATTCATTCACGACATCTGATATGCATATCGATCGCAACACGGCTCGTGTTCACTACGGTATCTACTCAGATTCTGAAGACTCTCGTTTCTGGACAAGACATAAAGAGAAAGACCTTATGTTCTATGGTGCGAAGTACTCCGTTGAAAACTGGGATACTCACTCGACTATGGAAAGCATGTTCGGTACTTACTCCTATGCATTCAGACATGAGAAATCAAATGGTGCACGCCTTAAAAAAGGTATCATGGAGCTTGTTAGAAAAACGGGTATAGACTCTTTGATGATTGGCGTCCCTGATCGTGATCTTGGTTACACAGGTCTTGAATTCAACGTCAACTTCAGTGATGAAGGAACTATGAGATTGATGAGTGCGGCACAAAGCATGAGTCAAGACGAGTTCATCGATAAAGCCGTGGATATGGTACAACCATACTTCAGCTCTAAAGGCGATCCGTACGACTATTGCGTCTTTGACGGTGGCGCTGGTGTCTCTGGCACTTGCGTAAACAGAACGATCAAAAATACATCCGCAGCAGCTAGCAAAATGTACTTCGCGTTGCGTTCTATGTACAAGTACATGAATTCGAATCCGAAGGCATTCGCAGCAGCTTACGGTAAGTTCGGTGAAGGTATGGCAGAGAACCATTTCACATTCAAAGCAGCCGTGAAAATGGCGGGTCCTGGTACAACGATGGATTACCTTGTTGAAGGTACTCATACGAATATGTACTACCGTGAATGGACAGTGGGCGACAACGGACGTTGGGTGCCATCTCCAACGACGGGTCAAAAATACAAAGGTCTTCCGTTCAAACCGCAAACTCGTCACTCACGAGTACGTGGTATGATCATCGGAAACTCAGATGCTGGCAAATTGCCGCATATGACTCCAGTGACATTCTAATAAGAGTGTTGGAAAAGACTCAGTTTACGAAGCCGTCGGGGGAAACCTCGGCGGCTTTTTTAATAGCCGGCGTCGATCATGTCGAGGCGCTCTTGTTCGCGCTCAAGCTGGAAAAGATATTCATCTTCGCCATTGGGATCTTTGCTATACTGTTTGAATTCTTGCAATGACTTGCGAATGCCGTCATTAAAGGACTTATCCGCAAAATTGATCTTGATATACCCTTGAGAATCATACTGTGTCGCCGGAGTGAATGTCAGGCGAGCGTCCATTTTCGGATCGTGCTTCGTCATATCCGCTTTCCACTGTGTCGATGGGACGGCCTGGCTTTCCATGGAAGGGTCGAGCGTATAGGGAATGATCTTTCCGTTTTTTTCAACCAAGACCACCGGAGCCACATGATATTTCCATGTGATGATCTGACCCTTTTTCTTTGGATGCGGAATTTTAAGGCGCGGAGCTTTTTTCAAGTCCACCGTCGCAAAGCCTTTTAACGGAGTAATACCTTTAAGCAAAAGCAAGCGCGACATTTCATGAGCGCGCTGTTCGCAACCAGCCACGGAAAAATCGAAAGGGATTTCGTCGTTGCTTTGGAATTCCGCAAATAGTTTTTGCGCGTCTTCTTCGCTCATAACCGTGGCGCGTTTTCCCTCGAAAGTCACCGTGCGCGCCGATGCCGGAGTCACCGATTCCGCATTACAGGGACGGCTTTCTGATTTATTCAAATGGCGAAGAGTTTTATCGAGTTGCTTCGCAAACGGCACGAGGTCATCGCCTTGCGCGAAAGAAGCGGAACTAAGAAATAAAAGAAAAACGAGCAGCCTCAGCATTCTCTATCTTGTCGGTAAGCGAG
NZ_CP168972.1_gap38	1302274	1305517	3243	TTTATGGTTGCCACTGACCAGATTTTTTTTATGCAAAAGATGAGTCGCAAGAGGCGTTCCGACCAGTCCGCCCAAAAGAATTCCACCCATCGCGGTCGTAAGACCGATGACGGAAGCGCCGGTGACTCCAGCTTGTTCAAACAAAGGACCAAAAGCCAGAGCGGTGCCGGGACCTCCTGTCAACGACACCGCTCCAGTCAAAACACCCATTAAAGGCGGCAAATCCATAAGTTTTGCCAAGCCGATGCCCGCGCCAATCTGCAGGAAAAGACCGACGATCGCGAGAGCCAAGAAAAACACAACGGTACGTCCGCCTTCTTTCAATAATTTGAGAGACGCCGAATAACCGATCGACGCAAAGAAGGCGATCATCAAACCTTCTTCGAGACCTTTGTTAAATTGAATCGAAAATAAATCGTAACTTTTTAAAATCGAAAGAATGAACGCCACAATGAATCCGCCAATAACCGGGGAAGGCAGATTGTATTTATCGATAAAGTGAATCTTGCGTTTGAGGTAGCGACCAAAATAAACAACAAGAGCGGCTAAAGCGACAGTTTGCAAAGATGTGAGTGTCATACCTAAAGCCTAAACGGATTTTGGTAGTCCTGTCTAGGCGATAATCCAGTTCATCACCACAACGGAGAGAGCTCCCATGACAAATTCTTTTTGTAAGAGATAGCGCATTTGCGTTTCTTTGAGCTTCGCAAAAACTTCTTCTAAAGTAACGCTGATCATCGCGCCGCCGGCGAACGCAAGAATGTAAGGTAGAGATGCCGAAGTCACCGTCGCGAACAATCCACCTGCGGCACCGCCCAAGATTTCCATGACACCTGTAAGGCACGCACCAAAGAAGGCCGTTTTGCGGGAAAGCCCAATAGAAAGAAAAGCAGCAGCCGTCGCTAAACCTTCAGGAAAGTTTTGAAAGACGATAGCGCCCACCACAGTCCAACCGTTGGCTTGAGAAATAGAGTCCGCACTTAATGCAGCTCCCGAAGCTAAACCCTCTGGGAGATTATGCAGCATCATCGCCGTGACAAAAAGCCAAGCACGACGATGCAATGACCAATCGGAAGGCGACACCTTGTGAATCAAATGACTGAGTCCGTAAATGGAAACCACGCCTAATACGAGCGCCAACGAAACTCCAGTCGCGCCATGGGCGCTTGAATAAGCGGGACCGATAAGATTAAAGGCAGCCGCGGCGAGCATCATCCCGATAGCAAAATCGAGATTGAGGCTTCGCCAGGGATTCCACGTTTTCGTTTCCTGCTTTAGCACAGGCAGAGCACCGAGCATCGTTGAGAGCCCTGTAATACCACCTGCTAAAAGTCCCATCCACGCACTCATCATAAAGCAGTTTCCTTTCTAAAACGTCAGTTAAGATCTGTGGCTTCGAATCATCCAAGCTGCCTTTTCATGGAAAGTAATCAAATCTTCGTAAAGCACCACAGCACTTGTTTCTTCCGCTTCTTCCGCGGCTTCCAAACGGGATCGCAAAGCAATCGCGATATTCGTATGATCTTGACTCAAAGTCTCGATCATCTGATTCGCGCTGAATTTTTCCGGAGCTTCCTGAATTGATGAAAGTTCTTTAAATTCTTTAAAAGATCCCGGAGTTTTGGATTTCAAAGCCCTGACGACTTCCGCCGTTCTGTCGACAAACTCAAAAAGTTCTTTGTATTGTTCTTCAAAGAGTTTGTGCAAAGAGAAGAACAAGGGACCTTCCACGTTCCAGTGAAAGTTTTGAGTTTTTAATTGCAGAAGATATTCGTCGGCTAACGTGACTTTCAGGGTTTCGACAACATTAGCCATATCCGTTTCAGCTCGCGGCACGGATTGCAGATTGCGACTTTCTTTAGACGCATGTGTACTTTGTCTCATAAATGCCTCCTCTGACCTCTTTTAGGATAGGGCAGGCTTTTCAGAGGGGAAAGTTCTCTTTTTCTATAGAAAGTATAGTGAAAATCTATAGATTAAAGGCGGGCATAGATGAAAACTATTTGAGAGTTCCTAGCGGATTGTCTACTTTTAATTGGTTTTTAGCACGAGTCAAAGACAGCCCTTCAGGAAGATTTTTCTTTATGTTTTCAATAAGCGCTTTAAGCAGCGCTTTTCTTTGAAAATGTGGTCCATGAATGAGACTCACCTCTCGAGTAGGAATCGGCTCTGAGAACGGTCGTAAGCGCTTTTTATCTTGAACGTCCATGGCCGCCAGCCAAGGTAAAAGTGTAAAGTTCTCGCCCTGATCCACGAGTTTTTTCAAAGTTTCAAGACTGCCGCTTTCGAAGGTGAAACTTTTGTCGGAAGACAGGACTTGTTTGCGATTACGACACAAGGACAGGCTTTGCTCGCGGAAGCAGTGGCCTTCGTTTAAAAGCAAAACCTCATCAATGGACAAGTCTTTTTCATCCACACTTTTTTTATCTAAGAGCGCATGCCCTTTGGCGAAGTAAGCCCAGAAGGGCTCATAAAAAAGAACGTGATTGGCGATGTTCAAATCGTCAATGGGTGTGACAACGATACCTAGATCAAGGCTGTGCGTGCGGATTTTTTCCACCATTGTTTCCGTTTGCAGTTCTTCAAAGGTCAAATGCAGGTTTTTGTAAGCATCCTTCATTCTTTTCAGAAACAACGGCAATAAGTAAGGTGCCAAGGTGGGAATAATTCCGATACGCAGTTCGCCTTTTAAAGAACCTTTCGCATCATCGACGATTTCCCGAATATGTTGTGAACCGCGCACGACCAAGCGCGCTTGGTGCAGAATTTCTTCGCCGACCGAAGTCGCTTTGATAGGCTGTTTCGTGCGATCGAATATGACGATCCCCAACTCTTCTTCCAGCTTTTGAATCTGCATGCTTAAAGTCGGTTGTGTAACGTGGCACTGGCGTGCGGCCTGGCTAAAGCTTCCGGTGTCGGCGACGGCAAGAATGTATTCGAGTTGCGTGAGTGTCATGATACAAGCTTGCCGTTGCCTCTAAAAGCTTGCAAGCTTAATCATGGCTTCACAAATCGAACTCTATCAGGAAAACGTGATAAAAAAAGCGTTGCCTCTGTCTGAGAAGGTGGTCGAGGCTTTTTATCATCATCCTCGTCATCTTTTTGTACCGGAATATTCAATAGCCGAAGCGTACTCAGATCATCCGCTTCTTTTATTTGAGCGATCTCCGCTTTTGTCGACGATTTCGCAACCCAGCTTTGTTTTGAAAATTCTGGATATGTTGCAACTTGAATCCGGTCATA
NZ_CP168972.1_gap39	1308519	1309359	840	GGGTAAAGAAATACCATTCTCTACTTTCCCCTGGTGCCAAATGAACAGGATTTTCAGCGACGGTGATTTCAATAGCGAGTTTGTTTTCTTTTAAAGACAGTTCATAGAGGGCAGGAAGCTTGCCTTGATTTTGGATGTGGACTTTGAACTGATTGAGGATCAACGTTTCGCCCTTTTGACCTTGGACGGATGAATAAGGAAGGCCGGCTCCGCGCAAAACGGTAAAGTGCACAGGTTGGCGGCTGCCTAAAGAGTAAACGAGACCGGCAGTGAGCAAAGTCAACGCAAGGATATAGAAGATGCTGCGCGATTTTTTCAGACTGATGGCGCTGCCATCCAAAGTGCGATAGCTGATCAGACCCTTTGGTTTTTTAACTTTTTCCATGATGTCATCGCACGCATCGATACACGCTGTGCAAGCGATGCATTCCATTTGTAAACCGTTACGGATGTCAATCCCCGTAGGGCAGACCTGCACACAGCGATTGCAAGAGACACAGTCGCCCGTTTTTTTGTCGGTCTTCACTCCCTTGCGAGGTTCGCCGCGCTCTACGTCGTAAACGACCGCCATGGACTTCGGATCCAGTAAAACAGATTGCAGCCGACCGTAAGGACACATGATCACGCAGAACTGCTCCCGGAACCAACCGAAGTCGAACAAAATCAAACCCGTAAAGACGAAGACCAAAACAAAGTAAGTCAGGTTTTCAGAGGGCGCTTTTTGCATCATCGCAATCAAGTCTTTGGCGCCGACGAAGTACGCCATAAAACTATGAGCGATAAGAGCGGAAACAACAAAAAACAAAAACCAGGTTGTGGCTTTTTTGCGAGCCTTCGCAG
NZ_CP168972.1_gap40	1452849	1456714	3865	CTAAATCCGCCGTGATTGGAACGGTTTTGAATCACATCAACGAAAAGTTGGATCTTTTGAAGGTGAGCGATCTTTATGCGAATCGCCGCGAAGAGATCACGGATCGCATTTATCAACACATTAAGGAAAAACCATTCGAGCCGCTGTACCAAAAAGTCGAAGCCTGGGGCGGTCCTGTGGGCGGACTCAATCTCGCGGCGACTCGTCACGTGACAACGGGAACTTACTTTGGAAGTTCCGCAGCGATTCAGCTTGTGGATAACATGAGTGTCGGAGGACGCTTAGGTTACTTTATGGCTTTGGATGGCGTCCCTGATGTGATTCCTGTGGGCGGCGCAAACATCCAAGTGATGCGTGACTATACGCACGTTCGTCCTTTGCTTTCTATTCAGGAAGGCACGAAAGTTCCTTGGCAGAATCTTTTGGTCCCGCGCTTTATGTCGAACCTTTCAAAAGTTCTTTCTAAAAAGGAACTTGTCACTTCGGAAGACGGCAAAACACAGCGTCAGCCTTTGGATGCATTCCTCTCGGAATTGCGTGAAGGGGAAGTGTTTACGATTACGGACTCTGTAGCGTTGTCCGTTTACGGTCAGTTGTCTTCTTCACTCGACGTATTAATGGGAATTTCGCCGTTGAACTACGTCAACTCCGTGACCGTGGGCGGGGATGCCTCCCGCGTGATCTTGCGCCAAACAAGCTTCATGCGAACGCGCGACGGCATTCAGGTTTATGTGCGCAGCCAAGGTGCGAAAGCTTTGGGGCTTTCGTTGGATGTGAACTTCTTCATCAACGTGGTTCGCGCTCGTGCAAGTACGACATGGACTGAGTTGAATACGGACGCTTTCGTAATCAGCTACAATCCGGAATTGGCGGAATACATCGATACGGACCGTGCGAATGAAAAAGTCGTTCAGGACTTTATCAAAACCCGCGACAATTTGAAACCGGCACTGCGCGCACTCTTTAAAGAGAACGATCCCGAGCTTCTGTACACACATTTCAGTCACAAAAAATTCGAAATCGATCACGATTTGAAAACGAAAGAATTGCGTTCGAAATTCCTGGCAATGCGTGTGAGTTCATTCAACGAAGACCATTTGTTGAAAATCCGTTACCCGCGCAGTCTTGAAGCGCCGGATTTAAATCCTAAAGATGAAGAAGTGACTTTGTTCTCGAATAAAAGAGGCGAACTCAAAGGCCGTGACCTTCTTGGTTTTGCGATGGATTGGATCGAAGGTATTCTCAATCGTTGGTGGCCCAAAGGCCGCGCAGACTTGGCTCGTAATGACGATCCAAATCCAGCGAACACGCCTTACGGTAAAGCGTACTGGAGAATGATCACGACAGAAGCTGATTTGACGACGAACGGAAAGCAATATCCTTCCATCTCGATGATCCAACACGTCTGGGGCGGCTGGCACTTGAACCGTAAAAAGTTCTTAAAGCTCATCGACGAGGTTCAAGGGGAGCTTAAGGGTTCTCCGGTTTCCTCGTACCGTTTGATCGAGCCCGAGGCTTTCGCCAATGTGACGGCGGTAGACTTCTATCGTATTTCGGCAAATCTCTCGATCTTGCCGGGGGGCTTGGATAAAATTCGCGACTTGATTTTGCAACCGGATGCGGATGGCAAACCTGTGAAAAGAGCCCGCTTCATCGGTGCTATTTTCCAAAAGCTCAGTCAGAAAATGGGCCGTAAAGCCCGCGCGAATGATCAAGAGATGTTCGACGATATGATGCGTGTCATGGGTAACGGCAACTTCGAAAGAGGCAAGAGCCGTTACAAACAAATCTGCGAAGAATACCATGAAGACCGTCAGAAAGAGCGCACGATGCAAAACAACGGCGGCGCTTGGGTGAACGGTACTTACTTTGACTGTATGATTCCTTGGATGTCGAAACTCCTCGGTTACTCGGCAAACTATCCAAAGGATAAAAAGTCACAAACGCAGTGGATGACGAATGTGCTTTACGTTCTTGAAGCGGAAATTCCATTGCCACAGTTATTGAAATTCCTGGGCGAGGAAAATTACGTGTTCTTTGTGCGCATCAATGGTTTCCGTACCGGCGATGAAGACGGGGACTTGGAATACTTCTCGAACACTTTGGGTGACCCGAAAAAGAACGTCGAATACGCCAACGGTTTGATTAATATGTTCGCGACGAAGACAGGTATTTCACCGATTGAGTTGGACCGTTCATTGGGGAGCTTCCGATGAGACACGTTATTCTTGCTTTGACCTCATTGGTAAGTCTTCACGCTTTTGCCGCAGATCCTTTTTCAGGATTTCAGTGGGGCTTGAACAATCAGGGTCTCCCGCAAATGATCGATCTCGATCCTTTGCATACGTATAAAGTTCCAGCACGGGCGCAGGAAGACGTGCGCCTGCCTTCACGCAATAAGGCAAAACAAAAGGTTCTTGTCGCCGTTCTCGACACGGGAATTCAAAAAGATCACCCGGATTTAAAACTCGTTCTTCATCGCAATGAATCTGAGTGCCGCGCTCTGCAAAAGTTTTTAAAGTGTGTGGAAGATGGCGAGCGCAAAGAGTGCGAAAAAAAATGGATGGATCTTAGCAATCCTGAAGTGGATCAGGATAAAAATGGTTATCCTTTGGATTGCCAGGGATGGAGTCTTTTAGGTGGAGTGAATTCCGCAGGCATCTTGGGGCGCCCTGATTTCGGTGACGACCAAGGACACGGAACCCACGTGGCTGGGATCATCGCTGCGGAAGCCGACAATAATATCGGCGTTCGTGGTCTCAGTGAAAACGTTGCGATTTTACCGGTGCAAGTGATCGGCGTGCAGCCGAGCGAACCCATGAAGCCGCTTTCTATTTACGATTCTCCTCTGGAAGCGGGTCGGGAAAGTATCAACAGAAGCTTAGGTGATATGGTCGGCCGTGGCGTGATCTATGCGATGCGCTCCGGTGCTAAAGTTATTAATTTCTCGATGGGCTGGCCACAAGCCCGTGACTCCGAATTTATGCGCAAAGTGATCGCCGAAGCGCAAGCTCGCGGCGTGATTATCGTGGCGGCGGCGGGGAACGATTCAACTCGCGCACTCTTAAGGCCGTGCGCTTATCCAAATGTTATCTGTGTGGGCGCGAGCGGTCCCGACGGAGCGTTCTCGCATTTCTCAAATTTCGGAAGTGGTGTCGACATTGTTGCTCCGGGCACAAACATCCTCAGCACGTATCCTGAAGCGAAGCGCCCGGTGCGTTTCCGCTCGACATTGGGTTATGAATACTTGTCCGGTACGTCTCAAGCTTCTCCTTTCGTTGCGGCGGCGGCAGCAGAGCTTCTCGCTCGCGGCATTCCAGCCAGTGAGGTTTATGCACGTCTTGTTTTAGGGGCCCGAGCACTGAAATCCAACCTTTCTTTGGTGCAAGGGGGCTCTCATGAACAAGGACAAGTCTTGAGCCCTGAAAGGGAAATTTATAAGAAATATTCTGTCGCTGGAAACTTGGACCTGGAAACGGCGCTCAAAGTTCCTTTACAACCTTTGATTGTTCCTGCGGATAAAGAAAAGGTCGAAATTGATTGGGATCGTAAGTCCAAAGACTTGAGCTTTGAGATTTCGTTCGTCAACAAATGGCAAGCGGTCGACATCGGCAAAGTCAAAATGAACGCGCAGTTTTTAAAGCCACATGCCGAGGCCGTTCGTCCGTGGATCACTTCGATTAAAGAGGCGGCTCCTTATCCTGGAGTATGGCAGCAAAACGAAGTGCGCAAGTATGTTGTGATGATGAGTTTGGTCGATACCGCAGACCCTTCGCAATCTCGCGTGCCGAGCGAGTTGGATCTCACTGTCGATGTCAGTGTTAGCGGTCAAGAGGCACGTCGTTATGTTTTTGAAAGCGAGATC
NZ_CP168972.1_gap41	1472865	1476088	3223	TCGCGGAAATTATCTGCGCGAAGGGCTGCCTATCAATGCCGAGACTTCTATGGGGCTTGATAATAAAGAACGATTAGAGATTCTAAAAGGGTTGACGGGCGTGCAGACGGGAACAAGTGCCCCTGGCGGTCTTGTGAATTACGTCGTGAAACGTCCGACAAATAAAGACCTGCGTGTTGTACGTAGTGAATTGAACGACAAAGGAAACGTTTTAACCGCGGCGGATGTCGGGGGCCGCGTTCAAGGTTTTGAAAATGCGGGTTACCGCATGAATATTGCCTATGAAAAACTGGAGCCGCATCTGCGCGATAGTGATGGTTCGCGGGCCTTGGTGAGCCTTGCGAATGATTTGCGCCTCGGTGGTTCTGCGTTGGTGGAAACGGAAATCGAGTGGTCTCGTCGCTCACAACCAAGTCAAGCGGGCTTCAGTCTTTTGGGGCCGAAGCTGCCGGAGGTTGCAGATCCTTCGTTGAATTTGAACAATCAGGCGTGGACTCAGCCTGTTGTCTTTACGGGACTGACGGGTTCTGTGAAGTTTTCGCAAACGCTGAGCGAATCGGTGAATTGGAATGTGATTGTTGGTAGTCAGAACCTCACGACAGACGATCGCTTGGCCTATCCTTATGGATGTTCGGCCGAAAACAATTACGATCGCTACTGTTCGGATGGGACGTTTGACATGTACGATTATCGCAGTGAAAACGAACGTCGCGAAATGCACGCCTTAAAAATGACGTTGCAAAAGCAAGCACAGCTTGGTGAGTCCCGCCATCAATTCAGTTTCGGAATTTTAGGCACGACGGCGAATGAACGCTTTCAGCGCCAGGCTTATAACTACGCCGGCATCGGCAACGTGCAGGGAACGGGTGTCGGCACGGCCAATGCCACATTGAATGATGAAAGCACGAATCGCGATTCACAAAATGCCGAGGCCTCGGTGATGGATGCGGTTTCATTCGGAGCATGGCAAGCGTGGTTGGGACTGCGTTATACGTATATTCATCGCGCGAGTGTTAGAACCGATGGATCGCGTGCCGTGGATAACAGTCAAAATTTTGTGATTCCCTGGGGCGCACTTTCATATGATTTTGAAAAAGTGATGGCGTATATCAGCATGGGCGAAGGTGTTGAGTCGTTCGTTGTTCCGAACAAAGCCGGATACACTCAGCGCGGTGAATTCGTGCCCGATGTGATCAGCAGACAAATTGAAATCGGTCTGCGCGGCGGGGAGCAGATCTCTTGGTCGTTGGCGGCTTTTCAAATCAACCGCCCCGTTGTGGAAGATAAAGCTCCCGACTATAAAGTCGATGGCGAAGCTGTTCACCGCGGCCTCGAAGCACAAGCGACTTTTGCTGGCGGTCGCTGGCAAACGGGAGCTTCTGTTATGTATTTGGATGCTCGCCGTGAAGACAGTCAGTTGAATCCGGCTGTGAATGGCAACAAACCTGTTAATGTGCCTCACACGACGTTGCGCGCGAATGTGAATTATCAAGTTCCGTCGTTTGCAGGACTCGCTGTGAATTCGCGCGTGTCCTATGAAGGAGAGCGGGCGGTGCTTGCGGATAACAGTATCCTGTTACCGGGCTGGACACGTGTCGATGCGGGCGTGTCTTACGAAATGAAATGGGAAGATATTCAAACGCAGTGGCGCTTGTCAGTCGAAAACATCACGGACCAGCGATATTGGCGTGAAGCTCCTACGCAGTACGGGCATATTTATCTGTATCCGGGGGAAGAGCGCAGCGTGTGGTTGAGTTTGCAAGCGGCGCTTTAAGCCGCTTTGACGACTTTGTCTTTTTTAAACTCTGTGATGTAAGGAACTTCGATGGACAGGGTCGTACCTTGTCCAACAGTCGAATCCACCCAAACGCGGCCTTGCAGTTCTTCGGCGGCGACTTTGATGGCGTCCATTCCGACACCGCGACCTGAAATCTCTGTGACTTGGTCGCGTGTTGAAAACTGACTGTCAAAAATATGCTGGATAACTTCGTGATCCGTTTTCTTGCGTGTGTCGACCATGCGCTTCGCTAATTTTTCGCGAATTTTCACAGGGTCAATGCCGCCACCGTCATCTTTGATTTCAATAAACAGGGTCGGGTAAGATTTGTCGTGACGAATGCTTACACAAACTTCGACTTGTCCCTCTGCGGGTTTGCCGGCGTTGATGCGTGTATCCGGCACTTCGATACCGTGATCGACGGCGTTTCTAAACGCATGCACGAGAGTGGCGAAGAGAGGGTTGTAAATCTCTGGAATGACCATGACCGAGCCGTTATCGATTTTGAGCGGCGCCATCATTTTGTCGATCTTCTCGGCAAGACGAAGCATGACATCGTTGTACGGCTCTAGGAATTGAGAGACGGGCTCCATCGCGAGTTCCAAAAGAAGTTCTTGGGCGACGGGGCCTCCGCCGGGAAGAGTTCCGACTTTGCGAGCGATGTCGTTAAGTTTGCTGATCGCGATTTCAATCTGGCGTTCTTCGTTGACCGCGTTGGAACCCAAAATCTCGCGCGTTTCTTCAAGGAATTTGAAAAAACAATCTTCGATCTCAAAACATTTTGCACGAAGGGCGATAAACGTCGGGTGATGCCAGCCGTTTTTTAATTCGGCAAGAAGGCCTTCGGCTTGATGACAGGCTTCCGCAACTTCTTTTACAGAGAAAAGAGCCGCGCCCCCTTTGAGGGTATGCAAGTGGCGGAAAAGAGTTTCCGTGTCATAAGGCTCTTGGTCTTTGGAAACTTCCTCGCGCACGGCGATCATCATGCCTTGCGCTTCTTGGATGAAGCGATGGATCTCGCGCTTGCTCTTGATCATGTTGATAATGAGCTTCGCGTGTTCTTTTTCGGTCTCGGCTTGTTTTTGAGCTTCGACAAGAGAAGTAATATCTGATGCAACAACCACGACGCCTTCCATCACACCTTCGTTAGAGCGAAGCGGGTGATACTCAAGAGCGATATTGCGACCTTGAGTGTGCGGATAAGTCGCCGGGCCCAGCGGAGCAAGGTCTTCAAATGGAAGCATTTCCATAAACAGCGTCTGCATCCATTTTTTGAAGCCTTCGACTTTGTTCTCAGGAAGTTTTAAAACATCCCAAATAGAGTGACCGTCAGGTTTGCATTCCACCGTGCTTTCACAAGCCTTCGAAGAGACATCCAGAATTTTTCCGTCGGCATTGAAGATAAAGAAACCTTGGCCCAAGCTGTCGAGCAGGGCGGACATCGTC
NZ_CP168972.1_gap42	1597506	1602292	4786	GCGAGCTCAAGAGAAATATGTGACAAAGGTCTCTTTGAAATTACAGCCTAGACGGAGTCCTGAACTGACTTTACACTGAGGTCATGCGAATCAGACAAATGGCCTTTTCCTCACGATTGAAAGCTCACCGAAAACTTCTTACGCTCGAGACGTTGCGGTTTATTGTCGAATTTTTTAAAGACGGGAACGCGCGCATGGCGGCGTTGCGATCGGGGATTCCTGAAACTTATGCTGCTCGGCAAGGGCAGTGGCTGAAAAAGCATCCCATCGTCGTGGCTGCTCTAGAGGCTGACGTGGACGAAAGAGACATGTTGAAACTCGACAAGGCACTTGCAGAAATTGATCGTCAAATGGAAATCTGTAAAGAGATTTTGGGTCTTCAAGATTTTTAGTTATCTTTTCCAAGTAAAAAGGCCCGGCGAACCGGGCCTTTTTCGTTGCAATTATTTCTTCTTAAATTACAGAGACGAATCAAGATAGAAAAGCATTCTCATTGGTTGAAGATGTTCTCCTAAATCCATATTCGCTCCGGTCGTTTTGCCCTCCAGAGCAGCCTTAGCCGCGGCTTGGCAGGCGGCTGTCGTGCTTGCCATACGGCCTTGCTCTTTGAGATCCAAAAGCAGGCGAGTTGCAGAAACTTTTTTGAACGTGATATTCGTGCGACGAACCACTTTACAGAATGTGCTGCTGTTTAATCCCGTTGGAAGAGTGATAGTTTCCTCTTGCTCATCTTCTAACGTTGCGGACTGTCCGTCGGCTGCGTAGTTTAAGATATTCGTCACAAACGCATTCTTAGGTTTACCGCGATAGTCTTGAACTACGAACTCAGCAGATGTTGTCGCCGCCCAATTGAAGCGGAACTCGCGCGAACAAGAACCGGCACCGGCTTGATTGCTCCAATAGCTTTCCGCGTAACAGCGATAAGCAGCAAGCTTCGCGGAATCCGTGGCGTCACCAATTGAAGAGCAGGCTTGGCCTTGCGCGACCAGTTCTTCTGGTTGGCCAAGGTATTCGCCTTGGTTCATTGTCGCAGGAGCCGCCATGTTTGGAGCACCACCGTTGTCATCGAAGAATCCATGTGTTCCGCCGCATGTGAAAGTGATTGCAGCTGTGTTTGAATCATTGTCATGGTCGGCATTGGTATAAGTGCAATTATTTGTAGCAAAGCCAGCGCCGTAAGTTCCTGTTGCGCTGGATTGCGAGCAGCTTGCAGAGCCACCGATGTTGCCCCAGTTCGTAACGTTGACAGGTTTTCCGTTGCTAAAGCAACCTCCACCTTCAACATTCACCATCCATTTTGTTTGACCCGTCGGAGTTCCCGGCCACTGACCTGACATCACTTTCGATTTACAAGCCCAGCCGCGATAAAGCGAGTTGATCGTCATTGGGCGGCAATCGTGAACGGGGTGATTCGATTGTGCGCCCGTTTTCATCCAATCTTGATTGAAAGGCGCGGCATCGCCACCGAAACCGGTTTTCGTGAAAATGTAATCGCCGAACGTGATCGAGTTTCCTGAAACTGTTGGCAACGAAGGAATGTGGATTCGTCCGAAGGCTCTGGCTTCATCCGCAGAGAAACCTGCTTTTGATCCGCAAGCTCCGATACTTTGTGAAAAGTCGCCACCCCAAATAGAAAGCGCGTAACGATCTGCACTCCCAATGGTGCCGTCTGACGACGCACACGCGCCGCTCAGCGATCCGTTGGTGACTGAGCAATTGCTTGTCGGTGTAAATTCTTTTCCGGCATAACGAACGAATGTGACAGGGAAGTTTACGCACGGGCCATGGCTGCAATCCGCTGTGACGGTTTGATAGCCTGTCGCCAGCGTGCCAGTGAAAGGTTTCATGTACCAAGTTCCGGTCGGATCAAAGGCGCTGCCCGAGCTCACGTCGCTTGCAGAACCCAGCTTATCCGCGACTTGTGCAACGGGCACTTTCACCTTTCCGTCGGAAGAAAGTGAAATACTTCCCAAAGCCACGCTATCTTCAAGAACAACAGAAGAGCTTTGCGAGTTATTTCCATTCAAATCTTTTTTCGCGGAGTCTTCAAAAACGAGAACGCCAATCTCTGCTTCCGTATTTTTATCTCGGAAGATAGCGGTGACAGGGGCGCCCTTTGCGCCGGGAATGGAGATTGTAAAGCTGCCATCAGCGCCGATGCTGGCGGTGGCTGATTTCATACCATCAGCGGTGAATGCCTCGGCATAAACTTCAAGATCGCTGACGGAAACGGCCTCTTGTGAAGACACGTCGTCGCCGGCTTTGGCTGAAACTTTCGAGAGACTCTGCAAAGAGGCACCTCCGAGAATTCCACTGATATTCAGACTGTTGCTTGTAAGATCGGCGCCGCCACCCCCGCTACATGCGGTAATAAAAGCGGGCAGAGAAAGTGCGACCATTTTCTTGAACGCATTACCTTGAGACATTCATCATCCTCCATGGATTGTTGTGCTTAATTTGACCTCCGAAGTATTTCATCTAACAAAAAGCACCTCAACTCACATTGGTGTAAGAAAGCAAAACTGGATTTCCGTGTTGTGGTCAGTTTGAGAAAAGCGAAAATCATCAATAAATTGGAATTTATATAGGCACGACGAAAACGGATGAGGTTTCTAGAGTTTATAAAGAGGTGAGGATTGCCTCGCAAAGAGCGAGTCGAGTTTATTACACGAATTCAAAGTTCGATTTAATGTCGAAGTATGAGACGAAAAAAATCGGAAATCATTTTTTATTCTGGCTTTCAATCTTCGCAATATATTCTTCCACGTACTTCTTCAGTTCCGGAGCTTTGTTGTTCAGTGTTTTTAAAAGTTCCGAATTAGCGAAAGATTTTTTCAAGGCGATACCGTACTTCTCAATCACGACAGGTTTCGGGTTGAGTTGCAGATTGTTTTTGTAAGGCCTTAAAGTGGGATCCGTTGACACAAGATAACGAAAAACCAGAGGATCTGTAAAAACAAAGTCCACACGTTTGGTCGCAAGCTTCAGGATATTATTAGTTTGGGAAGAAGTCGTTTCCACTCGGAGCTTTTTTTGTTCAACGAGTTCTTTTGTGCCAGGTCTTAACTCCACACCAAGCTGATTGCCGGCAACATGCGCGGTGAGATCGTCAAAGCTCTTCCAGTGAATCGGGTGGTCTTTTCTTTCGCCGATCATCCACGGACTTTCAAAAAGATAATTGGAGAAGACAAAAACATCTTCTTTTTCGGGCACGCGATAGGGAGCATAGCCGTCTATTTTCGGATCTGTCTCTGCAAGCATTTTCGTGCGAGTCCATGAGGGTGCGAATTCAGCGCGCAGATCGTAACCCATTTCTTTGAGGACCTTGCGAAGCGCATAGAACATAGCGCCTTGGTCAGGAAGAGTCTCAGACATGTAAGGAGGTGATTCGTGAGTGACTAAGGTGAGAGTCTCTTTGGCGAAGGAGATTGAACTGCAGAATAAGAGAGCCGCTATAAAAGATACTAGTGGAACTCTCATTCTTCCTCCTGTTTCCACAGTATCAACCCTGGGGAGCAGTGGCAACCCCGACTAAACATTTTCTGTTTTGTGAGTGAAGTTTATTTAGGAGAGATAAATAGTACGATTGTTCGAAAATTTGCTTAAGTCAGAACATTACAGGTCCGAAAGGTTAGGTACCATATTGTCGGGGTGAATGAATGTCTGGCCTGAAAGAGATCAAAGTGATCCGTAAAAGACCTGAAAGTCCAGTTGAAGGAAATGATAATCTCGCGCGCGAAGAAGGACGAAAGCTCTTAGAGGGTTTGATCCGAGGTCTAGTGGATTATCCAGACACCATTCAGGTGAGTTACGCTGTCGGCGATAAGACGACGGTTTATAGGGTTGAATGTGATCAGCGTTGCCTAGGGCAAGTGATTGGCTCTAAAGGGAAAAATATTTCCGGCGTGCGAGCCGTGCTTTCTGCAACGATGGCCCGCAAGGGGATTCGAGCCGTCGTTGAGATTCCGTATTACTGCATTGATGTCTAAGGTTCTACGTCGACGTTGTACTGCGCTTGTTCGCCGTTAACGAAGAAGCGCACTTGCCAGCGTCCGGCCATGACAAAATAAGCTTCTGAAACAAAGTAAACGCCTTGATCCTGTTTCACGATCTTAACAGGTGAAGATCCGTGGCCGTGATGGCCCATATTCATCCACAAATCTATTTTGAGATGGGCCGGATCTTTCATAACGTGCTCGCCGTGAGCAGAGGCATGATCAAAAAACTTCACGATAAACTGGGACTCTTCGCCGTTAAAAGGCCCTTTTGCAAATTCAATTTCCGCGCAAAGCTGATTGTTTTTGAAATAGATTGGACAAGCACTGTCTTCGTGCACAACCTGCGTGTGTTCGGTCGCGTGTTCCGCGCAGGCATAAGCGGCAGAAGCACCGACGAGAAATGCGGAAATTAAAGTAAATAGTATTTTCATAAAATCTCCTAGCGAGGCCAGCGTTGCTGGTAGCTTAAATTAATTGTTTTACTTAAACTTGAATTAATTGGATTCCCGATCAAAGTTTGATCGTTGTAACTCACCGTGATGGCAGACTCTAAGCTCAACATGTAGCTGCCAGAAAGACCCCAGGTAAAGTTTTTTTGCGCAGTTCCCTCAGAGTGAGTGACACCGTCGATAGAAATCGCTTCCTCATAAAGAAAACTCAGCGCACTTCCCAAGCGAAGATCACCACGGTTCCATCCCACCCCGAGAGTTTGCGACGTGCCCCAACCCGGAATCACCGTCGCGTTTCCTCCGAAGTTTTCATTGGAGACATCTCGCGTGAAAGAGCGA
NZ_CP168972.1_gap43	1640120	1643524	3404	ATCCAGTTCGCACGAATCTCATTGTTGCGCGGTTGGATTTTGTGGGAGTGGCTGATCACTCGAACCACCCCGATCCCCAGATCCGTGGTAATTCCTGTTAAGTGGGTGGTTCTCACAATCGCGCCGAAAGCAGAAGTGATCGTGGCGTTTTGAATTCCGCTCGCCAAACAAAGCGCGGCAAGAAGATAATAATCGCGCGCAAGAAAACTTTCGCCGAATTTCCCGAAGAGCCCCATGTTTCCCGCAACGGCAACCATTCCCGTCAGTGCTAAAATCAAAAACAATACGATCGGGTAAAGAGGACGTCGGCCTGTTTGAATACGGCGATCTACGAAGAACGCCGAAAGCATCGTGCCGCCGATGAAGAATCCCGGAACGGAGAGGGCTCCCAAAGTATGAAACCATTTTCCTTGAGCCGCTTCCGTTCCCACCATCGTGCCGAAGCCTGTGACGTGACTGACGAAGCGATGACAGGCTAAATAGCCGCCCGTATTGATGGCGCCTGCTTGAAAGGCCATCGAGAGCCAGATTGCAACATTCGATCGATTGAAGTGAGAGAGAGTCTGCGAGTAGGAAAACATACTGCAAATAGAGTAAAACATCTCTTCTAAAAATACAAAAGACACCTATATACTTAGGTCTATAGGGAGTTATTGATCATGTCTCAGAAGACCGAACCCGTCCTTGTTGTTGCTGCAGTGATTCGGCGCTATGCGGACCCCGAAAAGAAGATCTTAGTCGTGCGCCGTGGGCCAGAACAAAGTGGCGCGGGGTTTTGGGAGTTTCCCGGAGGCAAAGTTGAAAGAGGCGAGTCGCCAGAGCAAGCGCTGATCCGTGAGATCGACGAGGAATTATCGCTCTCTATCCGCGTCGGAGATTTATTAGGTGAGCAAGATTTTGCTTATCCGACCAAGCTTATTCGTTTGCGGGTTTATTGGGCTGAAACCGATCAAGGGGATATTGTTCTGACCGAGCACGACGCCTTTAAGTGGTGCAAGTCCGAAGACATCGTCGTTGACGAGCTCTCCGCGGCCGACAGGTCTTTTGTGCAGATGATTCAAGGGAGTAAGTAAGAGCGTTCTTCCGGAGTCGGCAGTCGGCAAAACTCTCTTTGACCAAACCAGGCATAGCGATTTTTGGCGATAATGCGATAAAGGAAATCGCGCAGGGGAGCGGGAATAATCCACGCAATGCTAAAGAGTTTATAGACTCCGCCCAGGCTCGTAAGAATTTTGAGAATAGCGGCCGACCGATAATAAATTTTGCCTGCCTCAAAGTAGATCACTGTATCAAGTTTGACCCGGTCTTCTTGCGGCAAAACGTCTTCGGCCGTGGTCCCTTGTAGTGGCGCAAAAAGCAAAAGGTGAGCTTTGTCCCGGCTGATCACAGCATCGACAAAACCATTGCAAAGGTGACAGACACCGTCGAAAAAGACTACGTTTCTCATTTTTAAGTCCACCTTTTCCATAGCAATTATAGGCTACAGTCTTTATAATAAAGGTTCAAGTTGAGGAGTCTGGTTCGCATGGAAGTCTTTCTTTTTCCACTAGTCAACGTGACTTTGTTTCCGAGGACGACGAAGCCCCTCAATATTTTTGAGCCGCGCTACCTTTCTATGATTAAGGAAGCCGTGCAAACTCAAACACCTATTGCTCTCGGATATATTGAAGACCCGTCTAAAGTCTCATCCGTTCGCCCGGGAGAGAAAGTCCCCTTCGTGCGTGAGATCGCAGGATACGGTTACGCGCAAATCATTGAAGAGCGAGTGAACGGGACCCTTTTGATCTTTTTGCAGGGGCAAGGCAAGTTACGTTTGGGAAAGGTCCTTGATCGCGGGACGCCTTACATTATTTGCGAAGGACAAATCATTCCGGAAAAAACAATTCTCGAACCTGAATTTAAACCGGAACTCGATTCGCTTTATAAGATTCTTACAAGATGGATTCAAACTCATATCCCAGAGCCGGCTCAGCGTGATCTTTTCATGCGCAGCTTAGTGCATCCCGAAGAAATTGTCGGAAGTTTCGCCTCTTATCTTGTGCGTGATTACGATCTGCAACAGATGGTTCTTGAATACGACGACATCAACGACAAAGTTCATTTCCTTCATCGTTTGATGGAATCAAACGAACTTACAACCTAACAGATTCGCTGCGCACGAAGAAAACCCATTGCAACAAAATCACCCAAATAGTGTGCGCGAGTGCCAAATGCGCGATTTTCATCCACACTGGAGCGTGAAGCAAAAGGGTCGCAATTCCAAAGACAATGCCCGTGATCAAAGTTAAAGCCATTTGATAAGACCGTCTTTGAATTAAAAGAGACTCTGCCGTTTGCGCTTTCACCCAGAAAAAGAGCGCCAGTCCACCTCCGCCTAGAAGAGCTAGAAGTGGATGAAGGCCTCTCAGGCGAATGAGAAAATGCGACTCGCCGGAGAAATCCGCCATGAAGCCTTCCCAAAGATTGTCAGTCGGAAAAAGAGAATTCGAGAGGGACGCCCAAGCTCCAGTGATGCCGATTATGACAATCACCCAAGGAAGAAGCCGATAACGGCGGTCCGCTTCAGAAGGTTTTTTAAGATCTTCCTTTAATGTCGCCGCAGCGAAAGCTAAAGCGACGGCCCCGGTGAGCATAAAAGAGTTGATCTGATGAAGAGCCATAACGAAAGCTCTGTAAGGAGTGTCGTTCGTTGTAACAAGTTTAAAGAGGACGAGTTTTGCGCCGAGCAGAGCTTCCGTGATTGTAAAAATCAAAGTCGCCAGAGCGGCTTTGCGTACGAAGTGAGTCTTCGGATAGATTTTGCGCGCAACCCACCAAAAATAAATCACGACAAAACCGTAAATTCCCGACATCAAGCGGTGAGCGTACTCGACCCAAGTTTTTCCACGTTGCGCTTCCGGAATGAGCTGGCCATGACATAAAGGCCATGTATCGCCGCAGCCGTCTCCGGAATGAGAAATGCGCACCCATGCACCCCATAAGATGACGAGCAGGGTGTAAAACAAAAGGCCAAATGCAAGTTTCTTGTATTGAGGTTTTGTCATAGGCTTAAAGGGATATCATGATGGTCAAAAGGGGTCAATGTGAGGGGCCTTTGATTGACTTCCAATCCCAGAAAAGAGTTTAATAACGCTATGTCAGAAGCAAAACAAAACCAGCATCATCACTCTCATTCACATTCGCATGGTCACCATCACCACCATGGTCATGGCGATGTTTTAGGCCGAATGAAGATGGCGTTGGCGCTGAATTTGGGATTTGCTTGTATCGAGCTTGTTGGAGGATTGTGGACCAACTCCGTTGCGATCCTCAGTGATGCCCTTCATGATTTTGGTGACGCGATCGCCGTCTTGCTGGCGATCTTCCTCGAGAAATTTTCGCATAAAAAAAGTGATGGCAGTTTT
NZ_CP168972.1_gap44	1716381	1720393	4012	TAACCCCCGGTGTTTCCCCGTAAAAAGGATGTTTTAAATAGGACACGCAATATGCTCGCTACGCCCCAAGTTCAAAAAGAAATTCAACGCCGTCGCACCTTCGCCATTATCTCGCATCCGGATGCGGGTAAGACGACTTTGACGGAAAAGCTGCTCTATCATGGGGGCGTGATTCACGAAACGGGAGAGGTGAAAGGGAAAAGCGGAACCAAAGCCGTGACTTCCGACTGGATGGCGATGGAGAGAGAAAAAGGGATCTCGATCACGTCTTCGGTCATGACTTTCGACTTCGATGGTTTGCGCGTGAACCTTCTCGATACTCCCGGCCATAAAGACTTCTCGGAAGATACGTATCGTGTTTTGATGGCGGTCGACTCTGCGTGCATGCTGATCGACGTTGCGAAAGGTGTCGAGGAGCGAACGAAGAAACTTTACGAAGTTTGCCGTCTTCGCAATATTCCTATTTTTACATTCGTCAACAAGCTTGACCGTGAAGGTAAAGATCCTCTCACTTTGATTGATGAAGTGGAAAAAACTCTCAATATGCAATGTTATCCTGTGACATGGCCTTTGGGGATTGGACAGCGTTTCCGCGGAATTTACAACCGTTTGACGAAAGAGATCTGGATTTACGATCAGCGCCGCGAAGAGGTTGAGGACTACAAAATCATTCCATTCGAAAAAGGCAAAGACGATCAGATTCTTTACGAATACCTTGATAAAGAGTCCGCGGATCAAGTGATTGATGAGCTTGATTTGATTGAAGGCGCTCTTCCGCCATTTGATGTGAACGAATTTCTGAACGGCACGATTTCGCCGGTCACATTCGGTTCTGCGAAACAAAACTTCGGTGTGGATACCTTTCTGCAGTTCTTTACGAAATACGCACCAGGTCCGCAGCCTCGTCGCACGAAAGACGATAAAGAAATGGATCCTTGTGATGCGAACTTCACGGGCTTTGTCTTTAAAATTCAAGCCAACATGGACCGTCGTCACCGCGACCGCATCGCTTTCATTCGTATTTGCTCAGGAAAATTTGAGCGCGGCATGAAGGTGAAGCATTCTCGTCACGACAAAGAATTGCGTTTGTCTTATGCCAGTCAATTCGTAGCGGCGGATAAAGAAACGGTCGATGACGCTTATGCAGGCGACATCGTCGGTGTCGGCGATACCGGCAACTTTGCAATCGGAGACTGCGTTTACGCCTCTGGAAAAATTCATTTTGAAGACATTCCGAAATTTGCTCCCGAGCTTTTTGGTCGCCTGTCCGTGCGCGACGCTTTGAAGCGCCAAAAAATGCAAGAAGCTTTAAATCACTTGTCTGAAGAAGGCGCGATTCAGCTTTTCATTGATCCTCTTATCGGTCCGCAAGATCCGATCATTGGTGCGGTCGGTGAGCTCCAGTTTGAAGTTCTGTTGCGTCGTCTTATGGATGAATACAATCTGGAAGTTAAACTCAATCGCCTGCCTTACGGTGTCGCTCGTTGGCCAAGAACCGCCGACGGCAAGCCGGTCAGTGATCTTAAGGGCGGCGCGAATATGTTCCGTGATTTGCAAGACAACCCGGTCGTTTTGGTGAACCAAGAATGGGATTTGAACTGGCTTAAACGTGAAAATCCTGATGTTGAGTTCCACACCAGTATTTCACGCGCACGTTAGGCATGAACCCTTGGGTTCAGAAGGGGAGTAGAAGTGATTCTGCCATTAGAAATTACGAATCTTCGTAAGCGCTATCGGGATGGAATTGTGGAAGCCGTCAAAGGTGTTTCCTTCAATGTCAATCCCGGCGAAATCTTCGGTCTTTTAGGGCCTAACGGCGCAGGAAAGACGACGATCATTTCGACCATCACGACCTTGGAAACCCCCACTTCTGGCGAAGTGAAAGTCTTTGGCATGGATGTCACAAAAGATCCTATGTTCACAAAAAGACAGATTGGTGTCGTTCATCAGGAGGTGATCAACTCTGGATTTTTTGATGTCGAAGAAATTCTGCAATTTCATTCGGGATATTACGGCCTTCGGAAAAACACTGAACGTATTCATTTTGTTTTAAACAAACTGGCTCTTTACGAACATCGAAAGAAAAAGGTGAAGCAGTTATCGGGCGGGATGAAGCGTCGCCTGATGATCGCCAAGGCCCTTGTTCATAATCCGAAGTTATTGCTTTTGGATGAACCGACCGCAGGGGTCGACATCAGTTTGCGTGAAGATCTGTGGAAGTTCGTGCGCGAGTTGCGCGGGGCGGGGATGTCTATCCTTCTCACAACTCATTATCTTGAGGAAGCCGAGCAGCTGTGTGATCGTGTGGGTATCATTAATCTCGGCGCTCTGGCTTGTTTGGGGGATACCAAAGAAATCATCCGCCAATACACCCAGAAAAAAATCCGCGTTGTGTTGACAGAGCCTTTGCATTTGCGCTCGCAATTCCTTATCGAGGAAAAGGGCAAAGAAATGCTCTTCATCGTTCCCCAGAACAAACCGCTAGGGGAGTTTCTGAGTGAGGTCGCCATCCCGACAAATCTGATCAAAGACGTGCACATTGAAGAGGGCGATCTGGAAGAAGCTTTCTTAAAACTTGTCAGCAATAACAAAGAAGTGCGAGAGGCTCTGTAATGTCTGGCTTTGTCACAATCTTTCAGCGAGAAATCGCACGTTTCCTTAAAGTGATCGTTCAGACGGTTGTCACGCCGTTTGTATCTTCATTCTTATATTTGCTTATTTTCGGAGTTTCCTTAGGCGAACAAATGGCGTCCCATCAAGGGGTCAGCTATTTGGCTTTTTTAATTCCCGGGTTGATGATGATGGGGCTTATCAACAATGCCTTTCAAAACTCGTCATCGTCCATTGTGTCTTCTAAATTTTCCGGGGACCTTGAAGATCTGCGCGTGGCACCCATCACAGATCAAGAAATTATCTGGGCTATGAGTTTGGGCGCGGTTGTGCGCGGCTCGTTGGTGGCGTTGATCACGTACATCGTTGGCTCTGCATTTCTTTGGTATCAGCAGGGACAATGGCTGACGGTGGCTCATCCTCTGCTCACTTTGTTCTTCCTTCTTGTGGCGGGACTGATTTTTGGAATGATCGGGATCAGCATCGCGTTCTGGGCGACAACATTTGACCAGCTTTCGGCGTTTTCAGCCTTTATCTTGCTGCCACTGACTTATTTGGGAGGCGTGTTCCTGTCGATCGAGCATCTTCATCCGTTCTGGCAGATGGTTTCTAAATTCAATCCTCTCTTGTATCTGATCAACGGACTTCGCTATGGAATTCTGGGTGTGAGTGACGTGAATGTCTGGACCGCAGCCACGATTTCAGTGGTGGGCTTTTTGTTCTTTTATGTTGTCGCACGCTGGAGTCTTAAAAAAGGCTCTTTCCAACGCTGGTAGAAATAAAATATCTGATAAAGAAAAATAAAAGAGGGAATTTAAAGCCCCCTCTTTTATGTGATACTAAAAAATGAGGACTTAGAATGTCGCAGGTTCTGTTGTCGTAATCACAGCTGCAGGAGCTGGAACAGACGTTGGTTCAGCGACCATATTGAAGTTCAAAGTTTCCACAGTTTTCATGCGGTTTCTTTCTTCCTGAAGACGTTGTTGCTCGAGAGCCTCAAGAAGTTTCAACTCAGTTTCTTTTTCCATCTGAACGCGAGCTTGTTTCAAACCCTCCGCGGCGGAATAGTGATAAGATGCTTGTTGAGCTGCAGCTGTTGTCGCTGCACCAAGAATAGAAATGAGTACGAGTTTTTTCATAGTCAGTGCCCCTTTTTCGTAGCTCATACCGGGAAAGATTCGCGATTGAATCACTCAATGCGCCGTGACTAACCTTATTACAGGGTGGCTTTGAATGCGGGGCGTGTTAAAAGTCGTTCCTTCAGGAGTTTCAAATGTTTGAGAATTTATCTGATAAAATCATGGCAAGTCTTAAAAAGGTGCGTGGTCAGAACAAGATCACGGAAGCCAATATTGAAGACGTTATCAAAGAAATTCGACTCAGCCTTCTTGAAGCCGATGTG
NZ_CP168972.1_gap45	1727945	1730224	2279	GAGTTTTCATCCAAAACATAGCGGTATTCAAGAAGACCCTTGTTACCACGTTTCGCGTAATTTTTGAGGGTAAACGTGGCATCGGTGTTGCGGGAAATCGCCCAGAAGTAGGGTTGTGAAAGTGTGAAACCCCCTTTGTCAGAAGACTCGAAAGAGGGAGTTAAAAGACCCGATTGACGATCACTCTTCAAGGGAACGATCAGATAGGGAAACCAAAAAACGGGGATGTCGGCAAAACGCAAGACGGCGTTTTTGATATAAGCATAACCGCCTAGTTCCGCGCGAACAGTCGTTCCTGAAAAACTCCAGCTTGGCGGACAGTTCGCACAGGCTGTGTAGTCGGCGGAACTCACGATGTATTCGGACTCTCCCACTTTCTGTAAAAGAGATCCCGAGAACATGATCGAGCCGGATTGCACAAAGCCGTTGTAAATGACACCAGTGTTGTTTTCATAATCCAAGAACACTTGATCGCCGACAATGGTGTTTTTGGCATCCATGATTTCAACATTGCCGAAAAGTTCAACTTGGCGAGAACGCAAATGCACGCGGGCTTTGTCGGAACGAATGTGCTGTCCTTGGAAAACGATTTGCACGTTGCCTTCAAGTTCGGCCAGTTCTTTTTCGGAATCGCGGTACATACTGTCGGCATTGATCAAAATACCATGGATCTTCGCCGTGGGTTCGGCAGCCCATAGGGGAGTGCCTGCAAAAACAGACACGACTAAGAATAAAAACAAGAAGATCCAGCTCTGAAGCACCAAACTATTGTAGGGACCAGTTGGGCGTTTGTCGAGTTGGAAAAGTGTTTTTGCCTGGCCTCTTTTTGGACTCAAAATGTCACGAAATTCGGCCGTAAAGATCTATGCGTTTAACCAATTCGTGAGGTTCTACATGGAAGTCAAACTCGTGCTCGACGGTGATATCACTGTTGTGTCTTTGAGCGGTCGTATTGAAATTGAAAAAACACAGTCTTTCAAAAAAGCATGTCTGCAGAATTTTGCCCATAAAAAGGTCGTTTTCTGCATGAAAAACCTCCACTTTGTCGGTTCTTCGGGCATTCAGAATTTCTTTGGAGTTTTGAATGATTTGAATTCTAAAAACACATTCAACGCGAAAATCGCGGGTTTGAACCCGGATTTCCAGCGCCTATTCAGTTTTTCAGAGTGTTCGCACTTGGAAGTGCATGAAAGTATCGAAGGGGCTCTGCAAAGTTTCTAGAGCCCGTCCTGCTTACGAAGTTCATTGAGCTTCTGGCTGAGCTCAAGGTTGAGTCGCTCTAAAGCGGCTGTCGCGACCTTGAGCTTTTCGTGTTCCTCATTTTTCGCCGTCCACATATAACGAAGGCTCTCCAGTTGCTCTTGGAATTGGAAGTTTTCTTTTTCCAATTGTTTAATGCGCTCCTGGTCTTCGACAACGCGAATTTGCAAATCGGCGTGCTCAACGCCCAGTTTTTGATTCTGACGAGTTAGTTCAGACATGCGTTCTTGCTGGCGAGTGATTTCACCTTCAAGACGTTCTTTCATTTCCTCTTTGCTGCGGCGAAGTGTCACGATCTCGTTTTCAAGAGTGTCCTGGCGCTCCAAAGCGGAATGCAGCTTCAGAGTTTTTACTTCCAGGTCCTCTTGAATTCCGTGAAGCATTTGCAACTCACGGTTGAGGCTTTGGATTTGCTCTTCATAGAAGTGCACCATTTCTTGAGCCTTCTTTTCAGAAGCTTCGACTTGATAGCGCGAGTTTTTCGTCACTTCGATCACTTGATGGCGAAGGTCACGCAACTGTGCTTCCTTGTGGCTCAAAGAATTTTCAAACTCCTGCAGACGGATATCCTGGATGCGGGAGTATTCCTTCAGCTGAGAGATGTAGGGTTTGACCTGCGTTTTGATGCGCTCATGGTATTTCACATGACGGGAAAGCTCCGAAGACATCGTCTGGATTTTCTCTTGCAATGCACGCAGTTTTTCAACATGGATTTCTTTGTCTTTTTCCAGTTGATCGACTTTTTGTCTCCACATCGCATCCTTCTCTTTCCAGACAAGGATTTGATCTGTCACAGAGGACTGAGAGAGGCGGGCTTTGTTCGATTCGTCGCTGAGTTTTTGATTTTCAGTTTCAAGAATAGAAAGGCGGCGCAACGCCACTTTAAGACGCGCCATCAAATCTTCGTTCTGGGAAATCAGGTTTTCTACAGTGGAAGATTTAAGAATCTCTTTGGGAAGATGACTGAAGTCATTACGACGTGGAAGCTCATCCGGCAGGGGAATGTTCCCTACGGCAGG
NZ_CP168972.1_gap46	1731445	1734770	3325	TGTGAAAGCGTGAAGGCTAGGGGCTGCGTGTTTACAGTGCGGGCAGCGGAAGTCAGCAAACTCCACAATCGTCATTTTTGGTTCGCCTGTACCGGTTTGCAGAACCAGTCCTGCATTAGGATCAAACTCTTGAACCGGAGCGACTTGCCAGTAAGCCACGCGCTCTTTGGTGACTTTTTCGATTTCCGTCAGACCATGGCTTTCAAGGTACATAATATTTCCAAGGAAGGCCAAAGCTGGAATCGCCAAAAGGAATCCTGCCACCCATCTTTCGCTGACAAAGATGTCTTTGATGTCTTCTTTAAGATTGGAAACGGAGAGGTCTTCAGCCCCTTTCCAGATTCCGAAGAAGCCGATCAGAGAAAGAACGTACGCGGAAACGCAGAAAATGCAGATGTTGCTCATAGCGGTCAAGCTGATCGCGCCCATAACAACGGAAGCTAAAACTGTGACGGAAGAAAGCAAGAACGCGTAACGAGATGTCTTCGCAGGATCTTGAACAAGGTTAAAGCGAGTGACCAGCAAGAAGTAAAGAAGGATGAGGTTGGTTGCGGCTCCCCAAAGCGCGATAGGTACACCGAGGAATGCCGAAAACTTGCTGGCTGTCACAGCATCGCAATTCATCACTTCGCTGATGTTACAGACGGAGTCCCCTTCAGCGATACCGAACTTGATGCCGTAGTAGTGCTGCGTAAGATAAGTGTGGACTCCGATAGCTACCAAAGTCGCAATAATCGCAAGAAGAAGATAGTTGTTTTTGCTGGCTGTAGTTTTCATGTCCCCATTGAACTTAGATTCGTGTTTGAAATCAATCAAAATTATGTAAAAATCAAAAGGCTATCAAGGAAGACAGCTTTGAACGACCTACAAAAGTGGATAAGAATTCGGAAGGATCTTTACTTGCAAATGGAACGGCAAGTGCAGCATCGCCTTGGGGAAGACACTCCAGAGTTGATGCGTTATCGTAAGATCTACGAAAAAGAATTCTCGAAAAAATGGACCGCATCGACCAAAGAAGCTCTGTGGGAGCAAATCGAAAAATCCCAAGTTGTGATGGTGGGGGACTTTCACGCGCTCCATCAATCACAAAAAGCTCAGCTACGTATTTTACGGGGGCTGCCGCCGCAACGAAAAGTGATTTTGGCGGTCGAATTTTTTGAAGCCGCGGATCAGGAAAAGCTCAATAAATTTCTTTCCGGAAAAATGTCAGAGAGGGACTTTTTAAAAGCGGTTCAGTGGCAATCCAAGTGGGGCTTTCCATGGGAGCATTATCGTCCTCTATTGCGGTGGGCTCAGAAACATAAGATTTCCGTTCAAGGAATTAATAAAACCTACAAAAAAAGAAATGCAGCCACTTTGAAGTCCCGGGATGTCTTTGCCGGAAAACTGATCGCGGATCTGGTGAAGCAGAATCCAGAGCATCTGGTCTTTGTCATTTACGGAGACTTGCATTTAGCCGGGGCACATATACCGCAGGAGCTCGAAACTATTTTAGGGAAGTCCTTTGCCAAGAAGGTGCTTCGCATTTTTCAAAACTCCGAGAAGATTTATTTTCAGCTTTTAAATCGCGAGATGGAAGCCACCACGGATTTGGTGCGTTTGTCGCAGAATATTTTCTGTTTGATGAGTGTGCCGCCGTGGGTGAAGTGGCAAAACTATCTGATGTATCTTGAGCAGGCTTATGATCTCGAACTCGATGAAGACGACGAAGATGATGACGACACATTCTTAGATTACACCGATCATATAGGCCGCTACGTGAAAATTATCTCTGAAGAGTTAGGCACACCTGTTTCTATTGCGGGGCTTTCTGTTTATACGGCCAGAGACAGCGCTTTTTGGAGTCAGGTCCGGGAAAAATGCGATGCTAAAAAATTGCGTTGGATCGAGGCGATGATTGCGGAGCAGATGTCTTTTTACGTTCCCGAGGTCGGGGCGGCTTATCTGGCGCGAGCTTCGGTGAATCATGCGGCGTCCTTAGCCATGCGCTACGTGCATGCCCAAGTCAGCGGCACGAAAGAGCTGCACTCTGAAATGCCGGGGGACTTTCTGCGTTTGATTTGGATGGAAGGGGTCGCGTACTTCGGCTCTAAGATCATTAATCACAAAAGAAAAGCAGACACGATTGCGGATATCAAAGCGACTTTGGCGGCGCGCGGCCCGCAGACGGGAAAGGAAGCCCTCCAGTTGGCGCTTGCGCAAAAGATGCATGAGCTTATGGTGATTACCGGCGTGGCGAAACACCGGTTGCAGGCTTTGCCACGAAAAAAATGGAGTTACCTTGTGGCGGCTCAACTCCTTGGCGGAATGATTGGGGAGCGATTGTATTTTGGATATCGCAAAAAAATGATCTCTCCAAAAACGATTCTTACGTTTCTTAAAAAAACGGTGGATAATGAAAACTTCAATGTCACTTATTACGATATTTTGGAAGTGATCGAATCCTTGCCGGCGCCATTTCACAGCAAGAAAGAGAAGTTATGAAAAAGATCTCTTGGTATTACAATGAGAACCTCAAACCGCAAGGTCCACTGACTTTGGAAGAAATGCGTGCGCGCATTCATAGCGGCAAAATAGGTTTGTTCGATCTTATCAGCAGCGATGCCACCGGAGAGTGGAAGGCGGCCTGCGAGTGGCCCGAGTTTGAACGCTCTCTTTTTCCGGCTATTCAAGGTTTTATTCCGGGCGCGGAAATTCTTGAAGATGAAAAAGAATGGGTTTTGTTAGTGCCCAGTGAGAATGGCAAAACGTCTTTGCAAGAAGGGCCATTTTCCATTCGCGAACTGAAGGCTTCCTTAGCGGCAGGCACTGTCTCGGGAAATCAATATATCTGGAAAACAGGGTTGAGCGGCTGGTGCCGGCTTTTAGATCGCCCCGAGTTTAATTAAGAGCGTCTTTAAGATCTTTACCTGGTTTAAAGCGGGGGACATAAGCGCTGGGGATTTTCACCGTTTCGCCCGTTTTAGGATTGCGTCCCTGGCGAGGTTTGCGCGCGCTGCGGGAGAATGTGCCAAAGCCGACCAATTTCACTTCGTCGCCTTTTTTCAGGGCTTCTTGAATCACCTTCAAAGTTGCATCCAAAATAAGTTCTGATTGTGATTTTGTGGACTTGGTTTTTTCCGCAACGAGTTCAACGAGCTGAGCTTTGTTCATGAGGTTCTTGTCCCTTCACTCAAAGGATCTCAAGCTAATTTTGCCGTTTAAAATGGTCAAGATATTTGCGTTGTCGGAGTCCAGGATGTGATGCAGTATTGTAGACAAACATCGAGGAGGTTTCCGGTGTCCGCTTTACTGGCAGTTCTTTTTCCTGTTTTCGCGTTTGCAC
NZ_CP168972.1_gap47	1746200	1748653	2453	CGCTGGAAAAGAAACTGGCTCCCGGAAGAGCTGTCACAGTTTGTTTGCCGGCGTTGATCAGATCTGCATCGACGTCTTTTTCGTAGGGGAAGGGGCCCATTCCAAGAAGGCCGTTTTCACTTTGTAACATAACGAATTTATCGTGGGGAATATAGTTCGCAACCAAAGTTGGAATGCCGATTCCAAGATTCACACAATAGCCGTCTTCAACTTCTTGCGCGATACGTTTCGCAATTTGTTCTCTTGTTAATGGCATGACTCTAGTCCTTTCTCACAGTTTTTTGTTCAATGCGCTTTTGATATTCCTTACCTTGGAAGATCCTTTGCACATAAACACCTGGAGTATGGACTTGATCTGGATCCAACTCGCCAATTTCAACAAGTTCTTCCACCTCAGCCACTGTGATTTTGCCAGCCGTCGCCGCCATCGGGTTGAAGTTGCGCGCTGTTTTTCTGAAAACAAGATTTCCGAATTTGTCGCCTTTCCAGGCTTTCACGAAAGCAAAGTCGCCTTTGATTCCGCGCTCAAGAACATAATCACGGCCCTCGAAATTCTTGATCTCTTTGCCTTCAGCGACCAGAGTTCCCACGCCTGTTGGCGTGTAGAATCCTGCGATACCCGCACCGCCGGCACGAATACGCTCTGCCAAAGTTCCTTGTGGGCAGAATTCTAATTCCAATTCTCCGCTCATGTAGAGTTTTTCAAACAAGGCGTTTTCGCCGACATAAGAAGAAATCATTTTTTTGATTTGGCGATTTTGCAAAAGCTGCCCCAAACCAAAGTCGTCAACACCGGCGTTGTTGGAAACACAAGTAAGACCTTTCACACCCATGTCACGCAAAGCTGCGATGCAATTCTCGGGAATTCCGCACAAGCCGAATCCGCCAAGAACTAAAGTCATATTATCTTTTACGTCAAAGAGGGCGCTCTTCGCGTCTGTAAAGACTTTTTTGCTCATAGCAATTAAGCCTTCTCGACGATCAATGCCACCGCTTCACCGCCACCGATACACAAAGTCGCTAGACCGTAACGTTTTCCGTGCGTATGAAGAGCGTGAACAAGAGTTGCCAAAATACGAGCGCCTGAAGCGCCGATCGGGTGACCGATAGCAACTGCTCCACCGTGCACGTTCACTTTTTCTGCAGGGATCTCAAGCTCTTTCATCGCCACCTGAGTCACAACCGCGAAAGCCTCGTTGATCTCCCAAAGATCAATGTCACCAACATTCAAGCCGGCTTTTGCCAAGGCTTTTTTGATCGCGCCTACAGGAGCTGTCGTGAAGTATTTTGGCTCGTGCGCGAAAGTGCCGTGGGCTACGATTTTCGCCAACGGTTTTAAGCCGCGTTTTTTTGCTTCGCTTTCAGACATCAAAACGTGAGCCGCAGCACCGTCGTTGATTTTTGAAGCGTTCGCCGCTGTGATTGTTCCTGCTTTATCGAAAGCGGGTTTCAAACCAGGGATTTTATCAAAGTTTGTATTGAACGGCTCTTCGTCTTTATCAATAGTGACCGCGCCTTTTTTACCTTCAACAACAACCGGAGCGATTTCGTTTTTGAAAACACCTTTGCTCCAAGCGTCTTGCGCTTTTTTGTAAGAGTCGATCGCGAAAGCATCTTGTTGCTCGCGTGTGAAGTTGTGCTCTTTCACGCAGATCTCAGCCGCACTTCCCATGTGGAAGTTGTTATACGGATCCCAAAGGCCGTCTTTGATCATAGAGTCTGTCATTTGCGTTGGACCCATGCGGTAACCAGCGCGAGAATTTTCAAGCAAGTGCGGAGCCAAAGTCATGTTTTCCTGGCCGCCGGCGACAGCAATTTTTGTGTTGCCAAGAGCAATCGAGTCCGCTGCCAACATCACCGCTTTAAGACCAGATCCGCAAACTTTATTGATGGTCATACAAGGTGTTGTGTTTTTAAGTCCTGCATAAATCGCTGCTTGACGAGCCGGAGCTTGCCCTACGCCTGCAGTTAAAACCTCACCCATAATGCACTCATCGATTTCGTCAGCAGAAACACCCGCGCGAGTGATCGCTTCCTTGATAGCAACCGCACCTAGCTTTGGTGCAGGTAGGGAAGAAAAACCACCCTGGAAAGAAGTTACTGGCGTTCTTACGCTGCTCACAATCACGACATTTTCCATATTTCACCTCAATTAATTGTAGTAAATGCCCGGATACTTTTTTATATTTTGAAGTCAGAGTCAAATGCAGGAAGCCATTTGCAGGGAGTCAACGCATGTCAGCGATCTTGTTCATATTGTCCCAACTTCTTTTTCAGCCTTTGATGGCAGCCACTTTCGAAGTTCCCGTGAAAGAGGGAGATCGTCTGGTCCTCAAAGGATTAGAAGCCCAGGTGCTCGTTGTGGGACAGGCTGGCAGTTCGCTGCGTGTGTCTGGCGTGGAAGATTCCAGCACCGAGGGCGTATTCGTCGTTACGAAAAAAGATAATATCAT
NZ_CP168972.1_gap48	1760597	1764456	3859	ATCGCTTTGTGGTTTGTCGTCGGTATTTTTCTTATTCCGATTTTCTTGCGCAAAATCCGTTCACTTCTTGAAGATGAGACGACGTTGCTTGTCGCCATCGGACTCTGTTTTATGATGGTGATGATTGCCGCCAACGTCGGCTTTTCGCCCGCATTGGGCGCGTTCATCATGGGCTCGCTTTTGGCGGAAACACCTGAAGGCCACGACATGGAAAATCTTCTCCAGCCGGTGAAAAATCTTTTCGCGGCGATCTTCTTTGTTTCTGTCGGTATGATGATTGATCCCAAGGTCTTGATGGAGCGTTGGGATCTGGTTCTTTTGGTGACTGTCGTGACGGTCGTCGGAAAATTTATCAGCACATTCCTGGGAGCTTTGCTTTCGGGGCAAGGTCGTCGTCAGGCGTTCCAAGCCGGAATGAGTTTGGCGCAAATCGGAGAGTTCTCTTTTATTATTGCGTCCTTGGGTGTCTCGCTGAAAGTGACAAGTGACTTCCTGTATCCGCTGGCGATTGCCGTTTCCGCAGTGACGACGTTTACGACACCGTATCTTATTAAAGTGGCGGAGCCTCTGAATAGATGGTTTGAATCCAAACTTCCTGAAGGAATCAAGGTCAGCTTGGATCGCTACCAGATGTCGTTCAATCAAGATGGCAAAAGTGGAATTGGCGCGCTTCTTTTTAAAGCGTACGGCGTAAAAATTATTCTCAATACCGTCGTTGTTATCGCAATTTTAGGAGCGTTCAAAGGATTTCTCACGGGAGAAGTGCAACAGTATCTGCAAGAAAGCCCGTGGGCCAGCAGCGTATCGCTGATGCTTTGTTTGTTGGCCTCAGCTCCGTTTATGTTTGGTATCGTTATGAGCGGGCCGTCGTTGGGCGCTTCGCGAGAGCTTGATGAACTGCAAAAGTTAAAAGGCCTGCAGTTTGGTTTGTTTCTTGGCCGTTCGCTTTTGGCTTTGCTTCTGTTATCGGCGATCTTATCGCAATTTGTTTCACTCAAGATGACGACGGGCGTGATGATTGGTGTCTTGCTGGTGGCGATCGTCTTGGGTCAATTCTGGGTGCGTAAGCTGTATCAGTTTATTGAAAAGAACTTCCAAAAAAATCTGACAGAGAAAGAACGGCAGGAACTGGTGAGTCCTGTGGTGGCGACGAATATTCTTCCTTGGGAAGCCAGTCTCGGAAGTTACGATATCTCTCCGGAATCTAAAATCGTCGGGAAGACATTGCGGTCTTTGGAATTTAAAGAAAATTTCGGCGTAAATGTCGCGGCGATTTTCCGCGGTTCAAAACGAATTTTTGCGCCGGACGGGGAATGCGTTTTGTGGCCTTATGACAAAATTCTTTGCTTCGGAAGTGAAGAGGAACTGCAGAAGTTTCACGAGATTCTCGAAGAAGAAAAAGCGCATCTGGAACGCCAAACGGCGGAAGAAAAAGTTTTACGTGAAGAGGATTTCCGTTTGAGTTCTTTCATTGTCACGGCGGAATCCGCGTGTCGTAATAAAACGATTCGTGACAGCGGAATTCGCGAAAGCATGCGAGGCATGGTGGTCGGCATTGAGCGCGGCTCTGAGCGCATCTTAGGACCAAGAGCAAGTTTCCAGCTTTTAGAAAATGATCTCGTGTGGTTTGTATCTGACCGCAGACAAACTTAGCTTTGTATTTCCTCGCTTGCGCCGCTGTCACCTTTCCTTCCGCTTAAAGAAGATTTAGTTTAAGGAGGGAAGGAGCAGGGCATGCCGAACATTGGTCTTGTTCTGTCAGGCGGAGGCGCGCGTGGCGCTTATCAAGCGGGTGTGCTGGCCGCGATGGCGCACATCTGTGAGCGATTGAATCTGCACAATCCTTTTCAAATTTATACAGGCGTGAGTGCTGGAGCTATTAACGTCGCGATGTTAGTGGGTTACCCCGGTGATTTTGTTGAAAGTGCCAAGCGTCTGGTCGGTCTTTGGAGTCATCTGAATTCAGACAAAGTTTTCTATGCGGATTTGATGGCCTTGTCGCGCGGCGGATTGCAGTGGATGACCGAGCTTTCTTTAGGGGGAGCGAAGAAAGAAACTTCTTTACGATCTCTTTTAAGTACGCATCCTCTGCATAATTTGATTTCGGAAACCTGCCAGTTTGAAGAAATTCAAAAGAAAATAAAAGCGGGGATCATTCGCGGTGTTGGTGTTTCAGCTTTGGATTATGAAAGTGTTTCGACAGTGACTTTCTTCCAGGGCGCCAAGGACATCAGCGTGTGGGAAAAAGGTCTGCATCGCAGTGAAAAAGCGATTTTGACTTCCGAACATATTATGGCTTCAAGCGCGATACCGCTTCTTTTTCCGCCAATAAAAATCGGCGATCGTTATTTCGGAGACGGCTGCATTCGCAATCAATCTCCCTGCGGTCCTGCTATTTACATGGGCGCGGATAGTTTGATCGCTGTCGGAGTTCGCCGCCGACAGGATACTTGGTACACTTATCATCACGCGACGGGCGGGGAAGTGCCGACGGTTTCGCGGGTCGCGAACGTTTTAATGAACGCTGTGATGATGGACGGTCTTGAGTCGGATATCCAGAGAATTGAAACAATCAACAAGGGTTATTCCACGTTAAGTCCGCAAGAACGAAAAAAACTTTCCGTGCGTGAGATTCCCAGTTTGTGGATTGCACCTTCGATAGATTTCTCGGAGATTGCAGCGAAGAAAAGTGGCGAGTTGCCGCGAATTATTCGTTATCTTTTGCGCGGACCGGGCTCGATTGAAGAATCCACCGAGATGCTGAGCTATCTTCTTTTTACGCCGACCTACTGTAAGCAATTGATTGAGATAGGTTTTTCCGATGGGATGAAAGAGAAAACCCGTATCGAAGAATTCTTAAGCACCGCAGAAGAAAAGGGAGCGCGTCCCCACCGACACAATGCCCGTCATGCATAGTCCTCATTTTCGGGGCTTTGCGATAATCTTGCCAGATAAATTTTGAAAGCGTAGCCTGAAGGAATTGAGGTGTTTATGAGCGATGTATTTGTGCGAGCACGTGGCGTTTCTCCTGTGGTGGGTGAGCATGTTTTTATTGCGGATAACGCGCGCATTATCAGTGACGTGGAGATCGGCGATAAATCCTCGATTTGGTACAATGTCGTTGTTCGCGGCGATGTTATGCCGATCCGTATTGGCAAAGAAGTGAATGTCCAAGACGGAACCGTGATTCATGGAACTTACGGAAAATGGGGCACGACGCTGCATGACCGCGTAACAATCGGGCACTTGGTGATGTTGCACGGCTGCGAAGTCGGTCGCGGCACTTTGGTGGGGATGGGTTCCATTCTTATGGACGGTGTGAAGGTGGGAGAGCATTGCCTTATTGGCGCGGGCTCACTTTTAACTGAAGGCACTGAGATTCCTCCGCGCAGTCTGGTCGTAGGACGCCCTGCGAAAGTAAAAAGATCCCTCACAGATGAAGAGGTCGAGTTGCTAGAAAAATCTGCGGATAACTATTTGCTCTATAAGTCCTGGTACGAATAAGATGGGGAAACCCCCACCACGCCAGGAGTTAGTTTATGGAACGCGACGTCCCTTATGCTTTAACTTTCGACGACATTCTTCTTCTTCCGCAATATTCAGAAATCACGCCGACAGAAGTTGTCCCTCGATCTCTCTTTGCGAGAGAAAAATATCTCAACACGCCGATCATCTCGGCGGCGATGGATACAGTCACTGAAAATCGTATTGCGCGAGTGATGGCTCAAAACGGGGGCCTCGGTATCATTCATAAAAATATGGATATCGAGAAACAGGCTCTCGAAGTGGAAAAAGTAAAAAAATACGAATCTGGAATGATCATGGACCCAATCACATTGGGACCGGATCATCAAGTGCA
NZ_CP168972.1_gap49	1953313	1954434	1121	TCTGCCGATTTTATTCATTCTACCCTCCTGGTAGTGTTCAGTTCAGCTCTTACTGTACTCCTGGTGAGCAAAAGAATAAAAAAAGCCCTCTCTGAAACATTCATTTCGAGAGGGCTGTCTAAAGATTTTTCAGTTTCTTAAAGATTCAGCAGCAGGGGCCCTCTACTGCGCTGTCCACAGAATCAGGGCCTGGCACCTTTTAGAGGTTGCGCCGGTATTGACCGCCGACTTCATAGAGAGCTTGAGTCATTTGATACAAGCTGCAATGTCTTGCTGCAGACATCAAAGCCGCGAAGATATTGCCGCCATTCAAGACCGTGTCCTTGAGGTTCTTCAGTTCGATATCGGCTTGAGACTTATGGTCCACCTGATATTTTTGAACGTTGGAAAGCTGCTGGTTTTTCTCATCGTAAGAAGCGCGAGCAAGCTCGATTTTAGGTGGAACATAATCCGCAGCCATTGTCTTCGGATCAATGAACGTGTTGACACCGATGATCGGCAATGTGCCGTCATGTTTCAAGCGCTCATAGTATAAAGACTCTTCTTGAATTTTCGAGCGTTGGTACTGAGTTTCCATTGCCCCCAAAACACCACCACGTTCGTTGATCTTTTTAAATTCATTCAAGACGGCTTCTTCAACAAGATCTGTAAGTTCGTCCATGAAATAAGAACCCTGCATTGGGTTTTCATTCATAGTCATGCCGAACTCGCGATTGATGATAAGCTGAATCGCCATAGCACGACGAACAGATTCTTCCGTCGGCGTCGTGATCGCTTCGTCGTAAGCATTCGTGTGCAAGCTGTTGCAGTTATCATACAACGCAATCAAAGCCTGCAAAGTCGTGCGAATATCGTTAAAGTCGATCTCTTGCGCATGCAAAGAGCGGCCCGAAGTTTGAATATGATATTTCAACTTCTGAGAGCGATCGTTGGCTTTGTAAAGATCGCGCATCGCCACCGCCCAAATACGACGGGCCACACGACCCAGCACTGAATACTCAGGGTCCAGACCGTTCGAGAAGAAGAATGAAAGATTCGGAGCAAAGTCGTCGACTTTCAAGCCGCGCGCCAAATAGTATTCAACGAATGTGAAACCATTTGAAAGCGTGAACGCCAATTGT
NZ_CP168972.1_gap50	1956239	1959759	3520	CAAAGCCACACCCAGTTCCACCGAAGGAACGATGTCGCCCTGGAAGATATTCTTTTTTGTCTTAAATTCTTTTTGTTTTTCTAGAAGGTCGAAATCGCAACCACGAACAATCATCTCGATCATTCCTTCCAAACCTAAACGACGGCCGTCGTCGGGGTGGAAGATTTGCGCAATTCCGTAAGCTTCGAGCTCACGTTTTTCTTCGTGAACGATGACACCACCGCCACCACCGAAAATCCTGACGTAACCTGCGCCCGCTTCATCCAGGAGATCCTTCATGTACTTGAAGTACTCCATATGACCGCCCTGGTACGAGCTGATGCACACGCCTTGAGCGCCTTCTTGCAAAACAGCTTTCACAACGTCGCTGACAGAGCGGTTGTGGCCCAAGTGAATAACTTCAGCTCCCATATCCTGAAGGATACGGCGCATGATATTGATACTCGCATCGTGCCCGTCAAAGAGGGCCGCTGCAGTAACGATACGAATAGGATTCTTCGGAGTGTATGCCATAGTTCTAGAGACCTTTAAAATTCGGCTTGCGTTTCTCGATGAAGGCGCCCGTGCCTTCTTTTACGTCTTCAGAAGTGAAAAGCTCTGCAAAAATCTTTGCTTCGTTCTTTTGCGCTTCTTCTACATCCATATCCCAAGCTTGATTGATAGAAATTTTCGCTGAACCAACAGCGATCGGCGCTTTCGCCAAAATCATCTCGACTGTTTTCATCACATTGTTCATGAGTTCAGCCGCCGGGAATACTTTGTTTACAAGCCCCATGCTTTGCGCTTCCTGAGCCGTAATCATCGCACCTGTATAAGTTAATTCACGCGCACGACGCTGTCCAATCGCTCTCGCCATACGAACAGTCCCGCCGAAGCCAGGAATCAAACCCAAGCTCACTTCCGGTAAACCAAACTTCGCGTTTTCAGAAGCGTAAATAAAGTCACATCCCAGCGCGAGCTCACAGCCTCCGCCCAAGGCGAAACCATTCACCGCCGCGATCACAGGAATTTTTAGCAATGTGAATTCATGGAAAATGCTCTGACCGCGTTTTGCGAAAGACAAAGCTTTCTCTTCGTCTAGTTCGTGAATTTCTTTGATATCTGCGCCCGCAACGAAAGCTTTTTCGCCGGCACCCGTGACAATCAAGGCCCGCGCATCTTCGTAGGACATTTCGCCGATCTGACGAAGAGCCTCGCCCATTTCATTGAGCACTGTGGAATTCAAAGCGTTCAGGGATTCAGGACGATTGATCGTCAGAACCCACACGCCATTTGTTTTTTGTTCAAGTAGAATTGTTTTATAATTACTAGCCACAAAATCTCCGATTACTTCGCGGAATAGTCGTAGAAACCACGACCGGATTTACGTCCCAACCAACCCGCTTCAACGTATTTCACTAGAAGAGGACATGGACGGTACTTGGAGTCGCCCAAACCTTCATGCAACACATTCATGATCGCCAAGCACGTATCAAGACCGATGAAGTCCGCCAAAGTGAGAGGACCCATTGGCTGATTTGTTCCCAATTTCATCGCGCTATCGATAGACTCAACCGATGCAATGCCTTCATGAAGCGTGTAAACCGCTTCGTTAATCATCGGCATCAGGATGCGATTCACAATAAAGCCTGGCATGTCCTTCACTGACTCGACGAAAACTTTATCCATTTTCTCTGCCAAAGCTTTTACTGCTGCGAATGTCTCGTCGGACGTTTGCAAACCGCGGATGCCCTCAACCAATTTCATCAACGGCACTGGATTCATGAAGTGCATACCAGCGACTTTCGTTGGACGTTTTGTCACGCCCGCGATTTTCGTGATAGAGATGGAAGATGTGTTAGACACCAACAATGCTTCGGGTTTTACCGCAGCATCCAGGTCTTTGAAGATTTTCAATTTCAAATCGATGTTCTCAGTCGCCGCTTCGATCACGATGTCGCAATCTTTCAAAGCGCTAGTTTCTTGCGCTGTTTTGATTCTGCCAAGTAAAGCCGCTTTGTCCGCTTCGCTCATGCCGCCTTTTTTGATAATGCGATCACAGCTTGCAGAGATTGTTGCAATTCCTTTTTCCAGAGCCGCACCACTCACATCGAGCATGATGACGTTGAAGCCAAAGTTCGCTGCCACTTGTGCAATACCGTTACCCATTTGACCTGCGCCAACCACACCAATCAGTTTGATATTCATTCTTTACCACTCCGCGTTAATATGTCTGTTAAAACAACCCGATATGACTACTTTACTTTAGGCCAGAGGTCAAAAGTTCTGGTCTTGAGAGCACCGAGCCTAAGCCCGCAAAATAAGGGAATGCGGTCCGTACTTTCGCTGTCTTTTTCAATGCTAATGCTCTCCTCTGCCTCTTGGGCCGCTCTTGCCACCGACGCAGGCACGGCTGTCTCGTTTTTCCGTAACAAAAACAGCCTCTTTCCCTCTGGCCAGGTGAGTCGAACAAAGCTTGAAGACAAGCTGATTCGCTCGGAAACGGAGATCGCTTACCGCACATCGTGGGACAAAAAAGAATACGTTCTCAATGGCGATCAAATTCTGCGCGATATTCAGGTGTCGCGTTTTGTAGAGACAAAAAATTCGGTCGTACTTTTAAGCTTGGATCGCGCCGAGGCACCTCCCGTAAAAACTCTTCCAGCGAAAGCCTCGCTAGAAATTCTTTCGACCGATGACTATTGGGCGCGGGTGCAAGAAAAAAGCACCGGTGCTCAAGGCTACCTCCCCCTACATCTTTTGCAGAGCCGTCACGATGATGCCGGTGTCTTCGTGAATCTTGTCGATACATACATTCGTAAAGAAGCTTCCGCTGCGGGCAAAGTCATTACTACTTTGCCTCGTTTGCGCCGGGTCACGCCTCTTGAGATCTCGAAGAGCTTTTTGAAAATCAAATACAACGGACACATCGGCTTCGTTGATACGACACACTTCGTTTCTCGCGCTGACTTCGCGAACCTCGCTTATCATCCCAAGAAGAACTGGGTCGCTGTTCTGTACCGCAACAACGATGCCGTCATCACGCAACAAGGTCTGACTCTTCCGATGAAAGAACTTTTGGGTTTCGTGACGAACTCGCATCGCGGGATTATCGTTCGTCCTGACTCTTCCTACGGCCCGCCTTTGCGTGCGCGTGTGGAAATTCTTAAACCGGAAGCGCACATTTGGGGTGTCAGTACTGTCGACGGCCACGGCGAAGTTTGGTGGAAGAAAAAAGATTTGCTAATTGAAGAGGCCAAGCCTTCCACAACAACAATCAGCACAGACACATTGATGAAAAGAGAAATTTATTCTATCGCCTTTGAGAATAAAAACTCAGTGCGCGGTTTGATTTCGTCTGAAGGTGTTTACACGACGGAAGATGGCATCACTTGGACAATGATTCCCTTCTTCGGAAAACAAAATTATCCCGTCAGCATTCATCCGAACGGCACGTGGTTTGTGGGTTCTTACAAAAGCACCAACAAAGGCAAAAGCTTTGAACCGTTCATCCGCTGGGACAATATCGCACAAGCAATTG
NZ_CP168972.1_gap51	1968007	1968754	747	CTGCAAGAAAAAATCTCGAACTCCCCGGCCACAGCCTCACAAAAATACGACGTGGTGATTGTCGGCGGAGGAATCGCCGGTCTTTCCTCTGCCTACTGGCTGCAAAAAGAAAATCCGCAATTGAAAATCGCGATCTTAGAAAAACACCGTCTGGGTTTTGGAGCTTCCGGCCGCAATGCCGGCTTCGTTACTTGCGGCTCAACCGAGCATTTTATTAAGCTGCAAGAACAGTTCGGTCTTACTAAAGCCGTCGAGATTTGGAAGTTTTCCGAGGACAATCGCAAACTTCTTCTTGAGCATATCATCGAAGACAAATGGGATGACGTGGATTTCCGCTTGACCGGCTCCTGCACGGTCGCGCCAAGTTCAGCGCATTGGGAGAAGTACAAAAATGTCGCGCGCACAATGCGGGACTCTGGCATTGATGTTTACGAAGTCAGTCCCGAAGAAATGGAACGCGATTATGGCGTCACCGGCTTTGAAGGCGGCATTCAGTATCGCGGTGACGGTTACATCCATCCCATCAAGCTTCTACAAAAAATGCGTTCTCGTTTGAACGTCGACGTTTTTGAAGAGCACGATGTTTTAGACATTCATCAAACGGGCCACTCACAGGTCGTGCGCACTTCCCGCGGCGATTTTTCTGCGGGAAAAGTGATTGTCACCTTAAACGCTTACCTTCCCTTGGTGCTCAAAGATTTTTCTAACATCATTAAACCAGGCCGCGGGCAAATTTTGGTGACAGAG
NZ_CP168972.1_gap52	1971926	1973036	1110	ATTCAAAAACAAAAATAAGATGCAACTCTAAGCATTTTTTAGAAGTGGATCACGTTTTACCAGTGGCGACAGGAGGAACCAATAACATAGACAACCTTCGCATCTTATGTAGAACACATAACGCTCTGGCCGCACGCACTTGGGGTTTGAAACTCAAAACTTGTTGAGGTTAATAAAACACTTACACTCATACACGAAACCTCGCAAGGCTCCAAAAAAAATCTCCCCGCCGGAACCCAGCACGAAGATTGTACCCGTAGGGCTTTGCCAAGTTCACGAAACTGTCGCATTAGTTTACTTTAAGCGAAACGCATTTACGGCCCAAATGTATTCACAGCCCCTTGATTCCTTCTTTTTGCCCACAAGAATCATTCACGATCGAAAAAATCGTAGACCACTTCCAATAAAAAAGCCCTCTCGTTTTCGGAGAGGGCTTTTTTGCTATTTAATATATAGCTCAAACTTACTTGCTATTTATATCTCAAACTTACTTATAGAACTTGCTGTTCGACTTCGCCATGTTCGTAAGAGGAACAGACGGCTTCAAACGGCCTGCTTTTCTGCTGGCTGCGTAGTGCGCCAACTGATCCGCCACGTATTGCGTGCCTACAGAGTCTGTGTACTTCATCAAGCCACCGCGGAATGGAGGGAAGCCTGTTCCCATGATCATCGCCAAGTCGACTTCGTGTGGAGTTTCCACAATGCGGTCTTCAATCAACGCCAATGAACATTCGTTCACCATCGCAAACACGCCGCGCTCAATACACTCTTTCGAGTCATAAGGATTGGAAGGTTGTCCCAAGCCCAACGCAGAGTAAATCGTTTGATCCACATCACCGCGCTTACCGTCTTCCGAGTACGTATAGAAACCTTTGCCGTTCTTACGACCTAGACGACCGGACTTCTCAAGAGCTTCCATACATGGAGCCATCTCAATGCGCTCGCCGAAAGCTTTCTTAAAGATCTTAAGAACCTTGATACAAACGTCCAAACCGACTTCGTCCATCAATTCAAATGGCCCCATCGGCATACCAAACTCTTTCACGTAAGCCTTATCGACAAACTCAATGCTCATACCTTCTTGCATCAAGAACGCCGCCTCCGCCATGT
NZ_CP168972.1_gap53	2064247	2066111	1864	ACCACGTTTTCTAGCCTCTTCCATGACCGCCTTTGCAAGCGGATGTTCGGATCCAGCTTGAACGCTGGCAGCAAGAGTGATGATCTCGTTTTGCGGTTTTTGACTAAGAACGCTTGAAACTTGAGGGCGGCCTTCCGTCAATGTGCCCGTTTTATCAAATGCAACTATCGTAACGGAGTGAGCGACTTCCAGAGCCTCCGCATCTTTAATAAGAATGCCCGCTTTCGCGCCCTGACCTGTTCCAACCATGATGGACGTCGGTGTTGCAAGACCTAAAGCGCACGGACAAGCGATAACAAGGACCGCGACACCGGCGATAATTGCCGATTCCCAGTCACCTGTGATGAAACCCCACGCAAGAATTGTGATAGCTGCGATAACAAGAACGACAGGCACAAAGACGCTGCTGACTTTATCTACCAGACGTTGAATTGGAGCTTTCCCCGCTTGTGCGGACTCAACCAGGCGAATGATGCGCGCCAAAGTTGTTTCACTGCCAAGAGCGGCCGTTTGCACAATTAGCAAACCATCCGCATTGACGGATCCTCCAGTCACCTTGTCGCCATGGGATTTTGCGACTGGCAAACTTTCACCCGTGATTAAAGACTCATCGATTTGACTTGAACCTTCAATGACGATGCCGTCGACGGGAACTCTTTCGCCCGGGCGGACAACAACAAGGTCCCCCAAGCGGACTTCTTCAATAGAAATTTCCAATTCTTTACCGTCTCGTTTAACACGAGCTGTTTCGGGACGCAGAGCTTGAAGCGCTTTGATAGCGGCCGATGTCTGCTGCTTTGCTTTCGATTCGAGATATTTGCCAAGAAGAATCAATGTAATGACGACTGCAGCACTTTCAAAATAAAGATGTCCCGTTCCTTCGTGACCGACATGCTCGCCAAAGCGGGCAACGTAGTAAACGCTTAGAAAATAAGCCGCTGATGTGCCCAGCGACACAAGAAGATCCATATTGCCGGATTTTGCTTTCACAGCTTTCCATGCCGCTTTATAGAAGCGCGCGCCTAACCAAAACTGCACCGGAGTCGCAAGCAGAAGCTGCACCCAGCCTGGCGGCATCCAATGAATTCCAAATGGCATTAGCAACATCGGAAGAACCAATGGACTTGAGAGAATCGCCGCAATAATAAGATGATTGCGCTCTTTCTTTAAAAGTTTTTCTTTTTCCTTATCTAAATTATCCGCAGAGCCTTTTTCTGAACCTACTGGCTTCGCTTCATAGCCGGCACGGAAGACCGCACCGATCAAATCATTCATTGAGACCAGACCCGGAACGTAGGTGACTTTTGCTTTCTCGGTAGCGAGATTCACAGACGCTGTCTTTAGGCCGGGCACAGCTTTGAGTGACTTCTCAATTCGGCCCACGCAAGAAGCACAGGTCATACCCTCAATACTAAGTTCAGCTTCTTGAGTTGGCACTTCGTACCCGGAATTTTCAATCGCAGCCACGACAAGAGAAAGCTTTGCGGGATTATCCAATTTCACTTTGGCAGATTCCGTAGCAAGACTCACAGAGACATCAATAAGGCCTTCAACCTTACGAACTGATTTTTCGATTCGAGCGACGCAAGACGCACATGTCATTCCAGTCACGGGAATGGTGGTCTCAAAATCAGATACTTTCGAATCGGTGGTATTTATTAGGTTTTGCATTTTCAGTTCCTCCAACACAATCCACTCTAGGGCTTCCAATTGTTGGAAGGTCAAGGGTCCAAAGTCATTTTTTGGGGGTTGTGTCGTAAAAAACCGTTATAATTCCTCATTTTAGGACATTCGCTACAAGGCGTCTTAACCTTCCAGTCGTTGGAATCTCGACCAGAGTGGAGGCTTAGACCTCGAACTTTTT
NZ_CP168972.1_gap54	2067298	2067821	523	CCTGATCGACCAATTTTTGAATCGGCGCGCGAGAGCGCTGAGCTTCGGCCACCATCTGCACGATTTGGGACAACAATGTGTCTTTTCCGACTTTCTCCGCTTCAATGACTAAGGAGCCCGTGCCGTTGATGGTTGCGCCAACAACTTTTGCTCCCGGGAGTTTTTCAACGGGGATGGGTTCCCCTGAAACCATCGACTCATCGACGGAGGATTGACCGGAAAGAACTTTGCCGTCGACTGGGATTTTTTCTCCGGGCCGTACTCGAAATTGATCTCCCACGTGGATATGTTCAACGGGAATGTCGACTTCGCTGCCATCGGGATTCACTTTTCTTGCAGTCTTCGGTGCTAATCCTAAGAGCGACTTAATGGCAGAGCTTGTTTGTCCTCGCGCGCGAAGTTCTAAGACTTGTCCTAACAATACCAACGTGACAATGACTGCGGCGGCCTCGAAATAAAGTCCCACCTCCCCTGTCATCGGATCTTTAAACGAATCAGGAAAGACATTCGGAAAAACAATTGC
