gap_id	start	end	length	sequence
NZ_CP021023.1_gap1	77153	79235	2082	TGTAGGTTATTCCTTACGCCCTGAAGGGCTTCTGCTCTATCATTTCACTAAAATATATTACAAAAGAAATGTCTTGTTCCTGATACAAAATCAAAGATGTAATTTTATAATTATAGACTGTGCAATAAAAACGCTAATGAAGGGTAATAACGGGAAATCATTTATGAAAAGATTGAACTCAGCATCAAATTGGCTTATGGATTTAGTACTAAAAAAAGGTGATGACGGGAAGAAAAAAGTTGAGAAAATTCTTTTCTCAACGTCTGCAGACGAGCTGTATCGCCTTCACTCAGCTCTTCTGGAGATGCACAGGATTACAAAAGAAAACGAAGAACACAAGAAGCTTAATAAGACAATAGAGGATTGTCTTAATATTACTTCCGGTGTCGCAGCGGAGATATCAATGAGAGAAAAGATTATGCAGTAATATAAAAAGCAAACACCATTTCAGGGGGCAACCAGGCATTTGAAAGCTGCACCCTCTTACACTTACATCAATTCCGGGAAAATGAAAATTTTCTCGGAATTTTTAGTTTGCCCTGAATGTTCATTAAATTAGTTGTGCAGGTTCACTGCACGCTCGGCAGCTGGGACTCCCGAAAGCAGGAAAACACGAAAAGGTTGCGAATATTTTCTCTTGAATAACGTTTTTGATTTGATAAAGTGAAAATACTAAAATTGTAATAAAATTTCCAAGCGAAATTAAGGAGCTGAAAATGAAAAAGATGTTGGTTGTTTTTGCGGTTTGTTTTGCTGTTTTTAACGCTGAGGGCGCGGTTGATTGGGATATCTATGATGATGCCTCAATTCAGGATGGAGATGTTTATCTCGCCGTAAACATTTATGATAACCCCCCTGAACAGACAGTGGTAAATATGACGGGTGGAGACATTTCTCTTTGTTCAATTAACAATTCAGCGACGCTGAATTATAAAGGCGGCGACATAAGTACTTTACAGGCAAATAACCAAAGCGTTGTTATGTCTGATTCTGTAGATATTCCCACAATGTATTTGTACGAAGAAACACAAGCTTATATCCATAACGGCAGCTATGGTTCAAGCATCTTTCTTTATGACAACGCAAAAGTGCATATTTATGGGTACAACTTTGATTACAACGAGCTTGTTAGTCCCAATTTATTGAATGGACAATGGGAAAATGGTGAGAGCTTTTCTTTAGTTTTTAGAAATTCATACTCTTACAATTCTGATCAAGTAATCCTGCATGAAGTCCCTGAGCCGGCAACGGTACTGCTTCTTGTTTCAGCAGGCGGTGTTTTGTATAACAGAAGAAAATCTTAAAAATTATAAAATAATCCTTTTTTTTTCTTGAATAACGTTTTTGATTTGATAAAGTAAAAATACTAAAAATGTAAGGTAACTAAAATTTTCCAAGCAAAATTAAGGAGCTGAAAATGAAAAAGATGTTGGTTGTTTTTGCGTTTTGTTTTGCTGTTTTTAATTCTGATGGCGCTGTTGATTGGGATATCTATGATGATGCCTCAATTCAGAATGGAGATGTTTATTCAGCTGTTAATGTTTTCAGTGATTCTTTTGTTGAAATGACTGGAGGCGGAATAAATATTTTAAAGACGTTTGATACCGCTGAATTTGCAATAATCAGAGGTGATGTTTCAGCTGGAATTCAATTATACGATTCGAGCACGGTTAATATTTACGATGGTAATATTTTCGGGTTAACTGCAAATGATGCCAGCACAGTCAATATCTATGGGGGTGGGCTGGAATATCAATACGGCATCTCTTCTGAAGCTGTAGTTAATTACTTTGTTAGTTCTTATTCTCTTTACGATGCGGGAGGGCAAGGTGTGATAATGAATGGTTATTGGAAAGATGGTTCTCCCTTCTCGGTGTCTTTTAGAGATTCTGAAAGCTGGGATAAGGCCAATATTATAATCGTCCCCGAGCCGGCAACGGTATTGTTTTTCGGCTTAGCGGGCGGTGTTTTGTATAACAGAAGAAAAGCTTAAAATTTATAATATTATTTTTTTTCCTTGAATAACGTTTTTGATTTGATAAAGTAAAAATACTAAAAATGTAAGGTGATAAAATTTTCTAA
NZ_CP021023.1_gap2	170595	173799	3204	AACAGTGTCATTAGAAAAACTGCATTCGTAAATTTGCTGATTTTGTTTACCTGCGGATTGGTATTCGCAGATAAAGCGGTTGATAACCGATGGTGGCCAGTGCAAAAGGCACCGAAGAAAATATTGAAAACTTCACTGGCCGAAGCGAGCCCCACTTATCCTGAAGCCGAGAATTATATAATCAAATATTCTCCCGTGCATATGATGCTTCAGTCTCTTTCCGGCCTGACCGCTAAAGCCGTGAATGAAGGCAGCTTTGATGAGATGGTTTGGATAGACCTGCTGCCCAACTGGCGTCATCAGGATGACTACAGATACTGGTATAAGAAAGCCTTGCAGAGGCTGGAGGTAAAAGTAAAAGGGCATTACACCCCTTTCGAACTCCTTGAATATCTAAAGGACAAGGGGGTGTATAAAGGTTATGTCCTCTACTCTATTGACCAATCTGAAGGCCCGTTCGTCGGTTCAAGGCCATGGATGGACAGCTCAGCCAACGCTGCTACTGTCGCAGCGGGAATTCTGGACGGAGTTCTGATATCTGAAGAGCTTGAGCCAAGGGCAAAGAAGCTCGGCCTCAAGAAGCTCCTTGATGTTCGAGGAAAGGATGAATCCTGGGCGTTTCTGGAATACAAAGAAAGGCTAAACAGAAACTATGCATTAGCCCAAGACCCAAAAATGCCCCGCCAGAGGGCGCTTGCAATAGCAAACAAAATGATGGTCTTTTATGAAATGGATGAACCAGCTGATTCTGTTTATGAGTGGCTGAATCCGCTCTCAAGCATTATTGGTTACAACGGTACCCACGAAGGACAGTTTATCGAGCAGCTTTCAAGATACGGCCACATCCTTCCTGCCAGCAACTGGTGTATGAACCTCCCGATACTGTCAGCTGAAACGGAAGATTGCGAGCCGGTAAAATTCGAAGCTATGGATTTGGCTGAGTTCAAGAAAAACTATGATCCTGCTTCGAATGCGGTTTCTTTCATTATGAGCGACGGCGACAATGTACAGTGGCTCATGGGGGATTTCTGTTTTAACAAGTTTTACTGGGCAAGCCCTGATCATGGGGATTTCCCGTTCGGCTGGGGACTTCCTTTTGCCGGTTTGGATCAAGTTTGCACGGAGACAATGCAGTATCTGAAAGAAACTCAGCCAAAAGACTGCACATTGAACCTGCATGCAGGCGGATACTATATGCCGGATGTATTCGGAGTTCGCTACAGTGATAAGGAAAGGATCGCTCTGCTAAGAAAACACGCAAAAAGGCTGAATTATTATATGAAGCGCAACAACTCCAGGACGCTTCAGTTTATCTGCGATGATATAGACGGTAAAAATGCAATGGAGGCTTACAAAGTTTTTGCCGAAGAGATTGAACAGCTCGCAGGAATATTTGTGCTTCAGTATGCCCCTTACACCGCTGAGGAAGGTAAGATTATGTGGGTTAGAAGCTCGAGCGGAGTTCAGATTCCAGTGATAAACTGCAAGTATACAATTTGGGCCAACTACAATCAGCCTGACGGCGGAACCCCCTCCGAGGTGGCTCAAATGATAAACAAGGACGCTGATAAAATGTGCGATTCTGATGATCCGTACTTTGCCTGGACTATAATCCATGCATGGTCGGGTTTCAAAAAAGCTAACGGGGAAATCAAAAGCACAGCGTTTGAGGCCGACGGAAGCTGGGCCGGGGTTACACCTACGAAGTGGTGCGTTGATGAACTTGACAGAGATGTGAATGTGGTTTCTCCCGAGGAGCTTTTGTGGAGGATTCGTATGAATCATAACCCAGCACAGACAAAAGAAGTTATTGATGAACTAACCGGAAACCAATAAACAACTTTCAAATAAGTCAAATGTTTATTATACCGCGAGAAAAGTTCATAACAGCCTTGAGCAGGGGGTCTTCAAAGAAGGCTCCCTCGCTTGAAATCCGCTTTTCTTGCTTATTGTGGAAGTATGTTTCTAAGACCGCCGCAGGATTTGCGAACAATAAGCTGGGTAGATATCAGGATAGTTTTAGGAGGCTGGTCAGGATTGTTTATCCTTGAAAGAAGTGTTTCTATTGCATTTTCAGCTATCTGAATTGTCGGCTGCCGCATCGTTGTAAGCGGTACAGACATAAACGCTGCAAAAGATTCATCATCAAACCCTACAACCGATATATCCTCGGGAACTTTCATTTTAAGATCTTTCCTTATTATCTGGATAACCTCAGCTGCCATTCTGTCGTGCATACATACAAGGGCATCCGGTTCGTGCTCCTGCACCACTTCAATAATGTTTTCTTTTTTGAACGTATGTTCTATGTCCGATAGAGGATTAGCTTCAAATTTGAATACCTTGCAGCCCTCTTTGCTGGAAAGCTGTTTTACAGCATTTTTGTAACCGGTAATCTTGTCCTTTGTGGACGAGCATCTTATTTTGTCAGAGAGGAATAAGATCCTTTCCCTGCCGGTTTCGATTAAATGTTCTGTAACCTCATAGCCGGCGTCGGTGTGGTAAGAACTGACCAAATCATATTTACTTCTTTTAGGACCTTCGTATATATCTCTGTCAAGCAGGGCTACTGCAATGCCGGCATTTTTGAATTTTTCTGCAATTTCAATATTTACATTCTGATTGTCTTCAAGGATTGGAAGCGGGAAAAGAAGAACTCCGTCAACATTTCTTTCGATTAAAGAGTCGCAGATTTTTATTGTGTTTTTTACAAGCTCTTGGTTGGTCTGGGCTATCAAATTATTGTAAACAACATAGCAGTCTCGGTTAGTTGCAACGTGAGACATCTCTGCTAATACATTGTCAAAAAGCGAGCTCATATTGCCAAATTGGCTCGATTTGAAAGACACCCTCGGCATTACTACACCAACGCTGCAGCTGTCTTTTTGATTATTTATGTTCGGCTTTACATAAGTACCTGAACCCTGCCTTCTTTCAATAATCCCCCTTTTAACTAGTCTCTGCAGCGCTTTGCCTACGGTCGGACGAGACACCCCGAAGTGCCTGGAAAGTTCTTGCTCTGTAGGGATCTTATTTTCTGGAAGATAGTCCCCGGCAATTATGCTTGCATAAAGCCTGTCATAAATCTGAGTATGTTTGGCGTTGTTATTTGTAGTATCTGTTTTCATTTTTTTTAAGCTTAATCTGTTTTTTGTTTTTTGCAACAATAAACAAACTACAAAAAAAATGCAAATTTGTCAATAG
NZ_CP021023.1_gap3	297297	298985	1688	GGGATTCTATGAAGGCTCTTATTTATTGCAGACCTGACAATACCGACTGGGTGAAAAGCTTTTTCCCAGACGAGTCTCCGTATAAGCTCAGAATAGCGAATAAGCCGCTTCTGGAGTATTATGTGGATTTCTGCGCGCTTATAGGAATCAAACAGATAAGGGTGGTTACAGTTGATGATAACGGAAGCATCAACAACTTCCTTGGCAGCGGAGAGAGTCTGGGCGTTGATATAACTTACAATCTTTCAAGAAAAGAAGATTCTCTTGCAAAGGTGTTCCTGAAAAACAAGGGTTTCTGCACAAGCTCTGATCTTTTGGTGATTGATGGATTCGGTTTTATCAATTATGACAAGGAAAAGGTGGATTACTCTGATTTTATTAACGCCTCTACGGGCTATCTTCAGGAAGGTGATTTCAGAATCTATTCTCTGAACAGCCGTGATACGGAGGGGCGTGTTGACTGGGAAGCTCTTGAGGAGTTTCTTGATTCCACGCTCTCAATCTCCCGTATAGACGGCATTCAGGACTATTTCGCCCTGAGCAGGTCGGTTATAAGGGAAAGAGCCGCCAATTTTGTTCTCCCGGGCTACAGCAGCGAGAGGGATGTATTTATCGGCCAGAATGTTGCTCTTGCAAAAAGCAGCAGGATCGATAAGCCCGTTATGATAGGAAATAACGTGCAGCTCAGAAATTCCTGCTCTATCGGAGCGGAAACAATAATCGGCGATAATATAATCATAGACTCCGATGCCACAGTATCTTCGAGTATTATATATGGAAACAGCTATATCGGTCCTGGCGTTGAGCTTGTAAACAAAATCGTGTACAAGAATTACCTGATCTCTCCGGATACCGGCGACAGGATAGAGATTGTTGACAGCTTCCTCACTTCCAAGATTGCTGAGAAGGCCAGAACAGCTACAATAAGAAAATTTGCTCACTACGCTATTACGATTTTCCTTATTATAGTTTACTGCGTTCCTTACAGTGTCTTTTGGCCGTTTGTCAATGCGAGCAGAGATAATTTTAAACGAAAAAGCTTTGTGATTTCAAAAAATCTGCGCACAGTGAGAGTGAATGTTGTAAATAAAAGCAATTTTATTCTCAACCTGTTTGTTAAGCTTTCTCTCGATAAATTCCCGCTTCTGATAGAGGCGTTCAAGGGAAATATTCATCTAACCGGCAACACGCTCTATGAGGACACTGATAAAACCCGTAATTTTATTGAATCTCTTCAGTTTTATAGGCCAGGAATATTCAGCTACTCTGAGAGCATATCACCAAATTACGACTTAGATCAGGCTATGCTCAACGATTCGTTTTACTGTTATCACAGAACGCCGCTTATGGATATTCAGGTTTTGTTTGGGTCTATCTTTAACAGATTTTTTTATAATAATCAGTGAAATGGTGTACAGGGATGTCCACAGTAATTTTAATAGCAGGAGGCAGTTGCTCGGGTAAATCAACGCTCTGCTCCACTGCTCTGAGCAGGGTGGAGCCGGCGGGTGTTGTAATACCCACCGATAACTTTTATAAAGATTTATCGTCCTTCTCAGAAGAGCAGCTTCTTAACCACAATTTCGATATGCCCTCGGCAATTGATAAAGACTGGCTTTGCAGCGCTGTGGAAAGCCTTGCCGAATCCAAGCCTGCTGAAGTGCCGGTTTACGATTTCTCAACCCATA
NZ_CP021023.1_gap4	302114	303749	1635	TATTCGAAGGTTTTCAATGAATCTGCTCAGGAGGTTTATCAGTACTATCTCAGTCAAAGGGAGAAAGTGTTTCAGCAGGTTAGCGATGCTGAAGATGAGCTGAAAAAGGTTAAGGAAAAGCTGGGCGTGATCCAGCCGGATCAAGAGCTCGAAATGAAGATGGGTCAGCTCAGTGATGCGGAGGTGGCTTATCAGGAAGCCCTTATGAAGAAGGAGGAGCTCAATTCTAAAATTGAGGATATGAAGAAAAGGATTGCCGACCTGCCGGAGAAGATTCAGGTTAGTGAAACTATTACAAGAGAGAGCGGCAAAGAAATCGAAATGCTTGAGCGGGAACTTGAAAGGAGCCTTCAGAGATACACAGAGAATAACCCCAAGATAAAAGAGATGAAGCTCAAGCTTAAGCAGCTTAAAAAGTACAAACAAGAGAATGCTCAGGAAAAGGAAGTCCCGGACAGCAGGACATTTTCACTTAACACGATTCGTCAAGATCTCGAATCGCAGCTCACTTCTATGAAGAATGAGTATGTAGTTTTGGATGAAACTATTTCAAAAAGAAAAAAACGCATTGAGGAGATTCGTTCAGAGCTCAAAGGCATTTCAAATATTCAGGAGGAATATATGAATGCCAAGCATAAAGTTGATGTTTCACGAGAGCTTTTGGACGTTATAGACAGACGAATATCTGAAGTTAGGATAGCTAAGGATTCAAGTTCCCACGATATAGGTATCCTTGAAAGGGCGGTTGCTCCGGTTTTCCCGGAGCCCACAGGCCGGAAAATTCTGGCAATTGTTTCAACCTTCGGCACCGCTTTCTTCGGCGTGGTATTTGTGCTGGTTTATGCAATATTTAGTCCGGGCGTCAAGGTGCCCGGAGACCTTGATTCCATGACAGCCGTTGAATTTATAGGAACTCTTCCCAAAAAGAAGAATTCTACCCTTACCACTTATTTTTCTACGCTTCAGGTGGTGGTTAATAAGATCGACCAGCTCACAAGCAGCGGTACTATAATGGTAAGCTTCTCTTCAGTGAAGAATAAAGAGGGTAAGAGCACAATAATGGATGATATAACAGATATGAAATCCGTTACAGGCAAGAGGTTTTTGATCCTAAAGCGTGTAGTAGAAGAAGACGCAAAGAGGATTATTCAGGTGCCAAAGGAATCTATAATCAATTTCCAAGACTTCAGGGAAGAGAATATGGATCTGCCCGAGCCGGTTAGGATAAATGAAAGGGTCTCAAGGCTTTACTATATTATCGACAGCAACGTCAGCAAGATGAACATTCTTCCCGAAATGGTGGAAAACTTCAAAAACAGCTTCTCAGAATATGATTACATCTTCGTTGAGCTGTTTTCTCCGAAGAAAAATTATCAGGTTTCCAGCTGCATTATGCATTCTTCAAACTACAATATTCTTGTAACAAAGTATGGAAGCAATACAGTATCTGCTTTGGATAAGGTTACCAAACTTGCTTCAGCAGGGACCGACAAAAAAGTTGGTACAGTGATTAATTTTGGTGATTTAAGTTTGGGTTGATGTATAGATATGATTAGATGCACGATTTACATTTTGCTTGCTTCTCTTTTTCTTGGTTGTGCAAACAGAGAGAGATTCGTTCCGCACATAGTAGAT
NZ_CP021023.1_gap5	466482	467250	768	AACCTCCTGCCAGCGGTTTAGGGCCAGAGAATTCTTGGTTAAATTATGGCGGTGATAAGCTTTGGCTTGCTCCTCAAGGATGGAGCAATGAAAAGCAATGGCCGGGACCACCGGATCCTGTTCTCGACGGACAGCCATACAAAATTGAAATTATTAATAACAAAAAGGTTCGCCTGACTAGCAGAGAAGATCTGAGAAGCGGGGTAAAATTATCGCGAACAATAGAAATATTCGACGGCACCACCCGGGTTAGCATAGATGCAACAATGAAAAATATCGACACCAAGACTCGCAGGTGGGGGATTTGGGCTCATACCCAGTTCTATGCAGGTAACAGACATGGCAAAGGCTATAACAAGAATTACTGGGCTTATTGTCCCATAAATGAGAATAGTATCTTTCAAAAGGGATATGGAGTACAGTACGGGTTGGTAAATAACATCTCCTATAAGCCTGATTATGATAAAGGGATTATGAAAGTTCACTATCAACGAAGGGTAGGAAAGATAGGCCTTGATTCCGCTGCTGGATGGACAGCAACTGTCGATGGTACCGATGGCTATGTTTTTATCCAACGGTTTACTTACAAACCTGAAAAGACTTATCCGGATAATTCATCCGTTGAGATATGGATGGATGGTCTTGGGGAATTTGTTGCATGGGGAGAAATCAATCGAATTACCAATGACGACCCTTCGGTTACTCCATATAATTTTGAAAATGAGCTGATAAGTCCTTATGCAACTTTGAAACCTAGCGAGGAATATA
NZ_CP021023.1_gap6	560567	561114	547	AAGGGAATACATTCACGCCGTTGATTATCATCATATCATCGGTTCTCCCCATAATACGGGAAAGCCGGCGGTGAGTTCTACCGCACGGGCAGTCTGAATCATAGATATGACACAAGTCTCTTGTTCTGTATCTTATAAGCGGCATAGCTGTTCTGGTAAGGTTTGTGAGAACAAGTTCGCCCTTTTCGCCGTCCGGAAGCACTTGGCCTGTTTCAGGGTCGATTATTTCTGCGATGAAGCCGTCTTCCCAGATGTGCATTCCGTTTCTGTAAACGCATTCAAACGCTACTCCCGGCCCGTTCATTTCGCTTAGCCCGTAGGAATTGTAGCAAGGCATATTGTAAAGCTCTTCAAGTTTTTTTCGTGTCTGCTCAGTATGCGGCTCTGCGCCGGTGATAGCCCTTTTGAGATTCAAGTCTTCTATTTTCGTATTAAATTCATCCAGCTTCCCGTGGATGTGCAGAAGGTAGCTCGGGGTAATGTGCAGAGTTGTTGTTTTGAAATCCTGCATATATTTAACCTGCCGGATCGTGTTTCCACCGCCGAT
NZ_CP021023.1_gap7	563394	563979	585	CTGCCCTCTAACATCAGAGCCTCCTTCGGTTTCCATAGCAACAGCGCAGCCGTCTGAGGTTACCAGCTCAATTGAAGGATACCAATCACGGCTCAAGCCACCCATTGAAGGGTAATTGTAGCTTTCTCCCTCAGCGGGAAACTGGCCAAGAACGCTTACTCTGCGATCGCCAGTGAGATTTGTTGAGCCTAATGTTCCTGTTATGGTTTCTTCATAGAGCCTTCCGTTAATCATAACTGCAAGCTCGCCGGTGTTCGCATTGAAAGAAGCAAAAGCTTCTGTTTCAACGCCCGGATATACTGGTCCCATTGCCACTGCAACGCCTTCATCACCTGAGGCATCGGTATCATCAAGGCTGGCTACATTTGCCTGCTCTCCGCCGGAGCCGCCGGCTCCCTTTGAGCAAAATGTTAGCATACCATCGCAGATATACAGACCTGTACCAAAGGTAGTTCCGCCTACCTCAATCACTATTACCGGCCCGTCTGTTTTAGTTGTGTCTGCTTCAGTCGGAGTAAATTTTGCTGAAAGTGTTATCAGCCCAGAGCTGTCTATTGGCGGACAAGTTTGGCTTTGAGCGGTTTT
NZ_CP021023.1_gap8	565647	567734	2087	TGCCGGATACGGTAGTCATTCCCCACGTATTTTCTGCATTAAGCAGGGGCTCATTTGCTCCATTCAAGCCGCCCATTGAGCCTGTATCAATAGTACCTGCTCCGAGAAATGTAACAGTTTGGTTACCTGTCAGATTTGTTGAGGTGGGGAAAGTGTCCAGATAGACGATTCTTCTAACTCCATTAACTGAAGAAAGAACTATACCTGAATTCAAATCGACAGAAACCCACGCATTTACTTCTTGTTCTGCCTCAATATCGCCCATTTTTACTGCACCAGCACCATCTGCAAATTCGAAATCTTGAAAGGTGCGGTCGTTATTTCCGCTAACATTTGCCCTGAAGGCGTAGTGAAGCTCGCCGTTGCAGATCCAAATGCCGCTGCCGAAGGTGGTACCGCCGGTTTCAATTACAGCCACCGGGCCGCTGTCTTCTGTAACATCGGCCACTGAAGGTGTGAATTTTGCGGCGAAGGTGATAGTGCTGCCCGGGTTCAGGGCTGTAATATCGCCGAAATCTCCATCTCTGGCAGCGGTATAATCCACCAGGGCATCGCCGTCATCGAACCAAGGGACTATCTCCCCTGCCCAGACGGACGCCGCAACTGAACAACAGAAAAGAATTAAAAACACTTTTTTCATAATGAAATACTCCGAAATAAATTTAACTTATTAACTATATGCAGCAACCAAAGCTGCAACTTCCATTTAAAAATTTTCTTCAGTGAATTAATAAGAAGGAGCCAATCTTTTTACAAAAAAAATCACAGCCATCCCATAGGTCCATAGATTTATCGTTGAGGGCTTGTTTATTGTATTAAAACGCCCTTTTCCTGAAGGATTTCAATCACCCCAGTTTGCATTTTTTTGGCTATTGTTCAATTGTCAGTTATTTGCTCAATACTGCCCACTCTTTTTTCACCTCTTTCTTTGCGTAAAATCTTGCTACATATTAAAACCTGGCAAATAAGCCTGCTGAGGGCTTGCAACCATACGCGGTGAACCACGTGCTGTCCCACAGGCAGCCATAACGCTAAAAACATCCAGCCGGCTGAATAATACACCCCTCAGCAAAGTAAACAATCGACTGAATGTTCCTTTCCATTTGCCGAGGAAACCTATATACCGTATTAAAATATAAGCAAGCATTGCCGTCCATACTTGCCATAGAATCGCTTCTTGGCTATGCCCTAGGAAATCGCTTAGCTGCAAAGTCTGCTTTATTTGCTTGAAAAACACCTCTATGCCCCATCGGCATTTATATAGGCCGCAGATACTGCTCGGCGCCCACTGAGTATTGTTAGTGATAAATTTCATAAGCTTTTTCTCGCCGTTAACTTCCACATAAGCCTTAACCAAACGGAGCTGCTTCGGGTAGGCCTCATAGCTTTTCGGCATTTCAAGTTCAATTAATGCATCGTATTGGATATCACCTTTTGGTTCTGTATTCTGTTTAACAAAACGATATTTCATATTGTCTTTGGCTCTGGTAACCCAGAATAATTCTCGCCTGTCAAGATCAGCCAGATGCTTAAAATCCACGTAAGCCTTGTCAAAAACCGCTATTTCGCCGCTTTTAAGGTTCTGACAGAGCTGATAAGCCTCTGTCGAATCATGGGTTGAGGCTTCTTTTACAATAGCAAATTGAGGCAGGAATGTCTGGAGATTAAGCTGCATGTGGCACTTTGCAGCGGCTTTGCGTCTGCGATGTTTAGCCCAGTCAATACAGTTGGCTACAAGCTGAATCGTTGTTGAATCAACCGCATATATTGCTCTCTTAAAACGCCTTGGAAGGCCGGAGTATTTATGACCTCTGCCAAAATTAGGATGCTGGGCTTGGATATGGGACAGCACCTCCCAGAAGAGAGTCTCTGCCATACGAGGATCTCGAACCCTGTTTGCATGAGAAAGCCCATTCCTGCTTGGTGGGGTTGCACGGCGAATAGGAATCAAAGCTCCGGAATGATTACGCAATGTGTCGGCAACGTCGTTCAGCGAGAGGCTGTGAGCAATCTGGACATGAAGCATAGATACAATGTGAGACCAGCACGAAAATGTTCGTGATTGCTTGTCAATACCGTAAAACCGG
NZ_CP021023.1_gap9	574042	575628	1586	CCCTGAGAGCTTGTCCATACGCTCTGAACGCGAGAGCGGCTCTGACATAATAGAAATATATTCAACGTAGATATTGAAATCGCCCTGCTGGCGGATCCTGTTGATAATCTTAATGCACTTTGCCTCGCCATGCTCAACATTGTAGGCACTGATAACCCACGGCATATAAACCCTTTGAGGAATTTTTTGATCGGGGTTTTCATAAACAAACAGGTCTGCTGCATATTCATAGGTGTCACGGGCTATTTTAAACAGACCGTATTTGAATGCATAGTCAGCAAAATCAAGGGTAAGCTCAAGGCTGTATGGGTCTAATACAATCTTCCTTCTGAGATAAGGCCCCATATTAACCACGTTCACGCTTTCAGGATCTATCTCAGAGAGCTTCTCAAAGGCCACAACGTTGTAAGGGTCTTTCTCGTAGGCAAGCTTAAACTGCCTTGAAGCCCGCTTAAAATCGCCCGTTTCAGCAATCAGAGAGCCCAGAAATGTGCTGAGTCTTGAAGAAAACTGCTCATTAGTTGAGCCGATGTCGCTGTTGAAGGCATCCAGAATCTCTTCCCTTCTTTCTCGGGTGGGCGCCTGATTCAATAGGTATGAAATGCCCCGCATAGCAAGCTCCGAGTCGCTTGAGGCTGTAACATATCGATAAAGAAGCTTCTTTACGAAATCCGAATGATCTGTCTCTTCGTCTATCTCAACTGCATCCAGAAGCTGAGGAAGCATATTGTTCATAGTTTCATCAAGCCGGTGCGCAGCTTTGATCAGGACAATGGCCTCTTTCGCATCGCGTACGCTCACATACTCCGGTTCAAGAATATCGCATGCAATATTATGGAACGTCTGAGCGGTTTGCGGTGAATATATTCTGTCGAGCTTTTCGGCCTCAAGCTCTGCTGCGTGCAGGCTGAAACTCAAAACCAATAATGCAGTTATACTTCGTAATATCAATTTCACCATAATATCCACATAATATTTGTTTACAAAACTTTTTCCCTCAATAATCCAGTTATCAAGGCCTGATATATAATAAGATGCTATTCTACACAATAGAGCTAAACATCAAAGCTAAAATATTTCAGAAAAGCCGCTCGAAATATATTTTCGCTTGCCGATAAGCAGCTAATCCAAACATTCAAGCTTGGCATATTTTTGAATTAGGGTTTTAATCTGCCCCTTATCGAATTTAACGGTAATCACGCTGTTTTCGCCCAAATCGAGGTATTCTTTAACCACACCAGCGCCGAATTTCCTGTGGCTCACCCTCTGGCCGGCAAAGTATGCAGGGCTTCCAGAAGGTTTGCCTTTGCCTGCAAATTCTCTTTCAGCTTTCCGGGAGCTCCGCATGCTTTCTTGAATTCTATCGTTTACAGCAGAATATTTTTCGGTTTTAAGACCGCATTCAAAGATAAACTTTGAAGGCATAGTTCTTATTTCCCTGCCCCATATAGTTCGATATTTCGTCTGACTTATAAAGAGATTTAGCCTTGCCCGAGTGATCCCAACGAAAAACAGCCTTCGCTCTTCCTCGAGCTGAGATTCTGACTCACTGCTTCTCTCATGGGGAAGTATGCCCTCTTCGAGCC
NZ_CP021023.1_gap10	609360	612141	2781	GGATATCCATAAACCGCATTGCAAGGTCTTTGAACTGAATATCGGGATACTCATACATCATCCACATAATCTTTGCAGCATCTATTGGAGACCCGCCGCCCAAGGCGATTACTGTATCGGGCTTGAAGCTGTTGAATACATCCAGCCCCCTGCGTACTGTAGAAAGATCTGGGTCGGGTTTAACATCATAGAAGATCTCGCATTCAATCCCGAGCTTTTCGAGCACGCTTGTTACCTTATCGGTAATGCCAAGCTCAACAAGAGGTTTATCTGTAACGAGCACCGCACGTTTATGGTCGGCGATTTCTCCAAGGGCTGTCTCAAGGCAGTTATATTTGAAGTAAACCTGCGGCGGCACTTTAAACCAGAGCATATTTTCTCTCCTCTCAGCAATAGTTTTCACGTTCAACAGATGCTTTACACCCACATTCTCACTGACACTGTTTCCGCCCCAGCTTCCGCAGCCAAGGGTTAGTGAAGGTTCAAGCTTGAAGTTGTATAGATCACCTATCGCACCCTGAGAAGAGGGCATATTGACAAGCGTTCTTCCTGTTTTCATCCGCCGGCCGAACTGCTGGATGCGGTCCTGATTTGCGGGGTCTGTATATAGAACAGAGGTATGCCCCATGCCGCCGTATTGAACCATAGCCTCTGCCTTTTCAAGGGCGTTAGCGTAGTTTTTGGCTCTGAACATACCCAGCACAGGAGATAGCTTTTCGCGGCTGAAGGGCTCGCTGTCTCCGATTTTCTCTGCCTCGGCAATCAGCACCTTGGCATCCTCGTTTACCTTCACACCGCCCATCTCGGCAATTTTTGCCGCAGGCTGGCCTACAATCTTCGTATTGAGTTTCCCGTCAATTACGATGGTATCAGCCATTAGCTTTTTATCTTTTTTGCTCAGAAGATGAGCCCCTCTTATCTCAAGCTCCTTCTTCACTTTATCGTAAACCTCATCGCAAACGATTATTGCCTGCTCTGATGCACATATAAGCCCGTTATCAAAGGTTTTGCTCAACAGAACAGAGCTCACTGCCATTTCGATATCGCAGGTTTCATCTATTACCACGGGAGTATTTCCGCTGCCCACGCCGATCGCAGGTTTACCGGAAGAATAAGCGGCCTTTACCATTCCGCCACCCCCTGTTGCGAGGATCATAGCAATATCAGGGTGAGTCATAAGCTCACGGCTGAGATCAACTGTGGGCTCTTCGATCCAGGCGATAAGCCCTTCCGGTGCGCCTGCTGAAACTGCCGCATTGAGAATGGTTTTGGCTGATTCTACAGTACATTTCTTCGCACGGGGGTGCGGAGAGAAGATGATGGCGTTTCTGGTTTTAAGCGCCAGAAGAGATTTGAAGATGGCTGTAGATGTGGGATTAGTTGTTGGGATAATCCCACCTATTACGCCCACAGGTTCCGCTACCTTCACGATACCGCTGTCTTCGTCCCTTTCGATTACGCCGCAGGTTTTGGTATCGCGGAATTTGTTGTAAACAAACTCGCTGGCAAAATGGTTTTTCAAAACCTTGTCTTCAAACACACCCATGCCCGTCTCCTCGGCGGCCATCTTGGCAAGCGGGATTCTTGCATCGTTTGCAGCAACTGCTGCCTTGTGGAAGATCTTGTCAACTTTTTCCTGATCAAAGTCGGCAAAGGTCTCCTGAGCCTTTTTGGCTTTAGCGATAATTTTGTTCAGTGCTTCACTCATTCTATTTCTTCCTTTCATAACTGCTAAGTTCAAATTCTATCGATAAGCTGGCTGTTTCTTCATAAGTTTGATAATATCTTATCAATGATATGTTCGTACGCAACACTTTTTTGTTTGAATTTTTTATTTTGTTGTTCTATATTTTCACATAAAGACAAAAGGAAGGACATAATATTTTAATATAAGTTGTTTAATAGATTATATTTACAAACTATAAAAGAGCATTTTAAGCAAACATATAATTTTTAACATTTTTCTTTATAAGTTCATAAAACTCTAAAAGTATTTGTTCATATGAAGAATTTTTATGGCAAACCTTCCATTGGCTCAGTTGATGTGTTCGACAATATTTTTTGGCAAAGCTTTTTAAAGTTGATCTATCCGCTTGTTCTCCGCCTTCGGCGGATTGGCTCAGTTAATAGATAGCAATAAATCCTGCAAAGTATTGCAGCTTGATGATTTGCATTTTGCCCAAAAAATTGTCGCACACCAGTTGATTTATAATTTGGAAAAAGCTTGAACAATGTACTTAAAATGTTAGTATACCAAAGAAGTATGACTGAATTGGTAATACTTAAATATTATCTAATTATAACCCACAGAGGAAAATTTAAATGACTGCAGCAAAAACAAGAATTGTTATAGACGAGGAAAAATGCATTGGCTGCGAGCAGTGCGTCAATGTATGTCAGGGCGGGGCACTTGAGATGGTGAACGGGAAGGCCAAGCTGGTTAGAGAAGACTACTGCGACCATCTCGGGCGTTGCATCGGCAAATGCCCCGCAGGAGCAATTACTTTTGAAGAGGAGAAGGTTGATAATAAAAACAATAAAAAATCAAAAATCCGCCCTGAAGAAGGGGGCTGTCCATCTATGCAAAATAAGACCTTATCCGGAGGCCGCGGAGATACTGAGCCTTCTGCCGGCGGCGGAAAATCCGAACTCGGGGCATGGCCTATACAGCTTCACCTAATCCGCCCTGACGCCCCGCAGTTTTTAAATTCAGACGTGCTAATAGCGGCAAGCTGCACAGCTTTCTCGTTCGGGAACTTCCATCAATTCTTGCTCAGAGGC
NZ_CP021023.1_gap11	650947	652196	1249	AGCGAAGATGGAAAGCTTCTCAATGCATACGCCTCAAGCGTTCCTGCTCCTCAAAAAATCACGGATGAAGATTTTCTAAGAGGCGGGGAAGCAATAAAAACAAATTTTACCGGCAGCTGGAGCCCCGATTCCAAATATTTCGCCTGCTACAGGGTAAATCTTGAAGACTGCGGCTGGCTGCACATAGTTAAGAATGCCCCTAAGGATTCAGCGAGGCCTGAGCTCTATTCGTTTGTGTATCCGATGGGAGCGGATGAAAACGTTCCGGAATGCAGCCCTTATGTATTCTGCCCCTCCGAAAAAACAGCGAAAAAATGCAGCGTTAAACCTGTTTACAGGCTCTACTACGGCGGCGCAGCGGGGATAAACTGGGACAGGAATTCAGAAACTTTCACCTATCTCTGGAGGGCAAGAGGCTATAAAGAGGCAAGGTACATTGAGGTAAATGCAGAAACCGCTGAGCCCCGAATAATCATCTCTGAGAAGACAGATACCACCCTGCCGCCGATGTACCGGCAGGTTTACAAGCTCAAAACTAAAGCGGAAATCCTTTGGACAAGCGAGCAGAACGGCTGGAATCAGCTTTACAGCGTAAGCAGAAACTCCGGCGAGGTTACCCTTCTCACCCCTGCCCCTTTTTTCACGAAGAAAATCTACTTCGTGAATGAAAAGGAGCGTTTTGCAGTAGTAGGGGCAGCGGCGCACGAAGAGGGCGATCCGTATTACAGGTACATATACAAAGTGGACCTGGACGGGAAGGGAATGAAGCAGCTGACGCCCAAGCCGGGAAATCATAAGGTGAAGTTCGGGCCTCAGCACAAATTTTTCATTGATTCATCAAGCACTGTGCAAAATCCTCCAGAAATCTGCCTGCGGAATATGGACGGAGAAAAAGTCTTGGGGCTCGAAAAGGCAGATACCAGCAAGCTGCTTGAAACCGGCTGGGAGCCTCCAATCAAATTCAAGACAAAAGCGGCAAACGGGGAAACTGATATCTACGGAAATCTCTTTCTGCCCAAAGATAAAGACCCCAAGAAGGCCTATCCGGTGCTGGAGCACGTTTATACCGGGCCGCACAGCTACTATACAAGGAAACATTTCCGCCCATGGTGCTGGGAAGAGGTTTACACGAAGCTGGGTTTTGCTGTGATTCGGGTTGACCCGCGCGGAACAGGCTGCAGGAGCAAAAAATTCCACGACTACTCTTACAAGAATCTGGGCGGGAGCGGCATTGACGACCGTATAGCCG
NZ_CP021023.1_gap12	768471	770309	1838	GAGCATTTCAAACAGCTCTGCCAGATGGGCTTTTCCTACGGAGAAACAGAGCATTTCCATAAGAACGGCGAGAGGAGATGGTGGTCTGTTTCAGCAGTGAAGCTCAGCGAAGACAGATTCCTCGGATTCACCGAAGACATCACCGAAAAGAAGAAAGCCCTCCTCCAACTCGAAGAGAGCGAAGAGAATCTCAGGATTACTCTCGATTCAATCGGGGATGCTGTTATATCCACAGATACTGAGGGGCGGATTGTATTATTCAATCCTGTAGCGCAAAGGCTCACCGGCTTCAGCTTGCAGGAAGCGGCCGGCAGGGATATATTTGAGGTGTTCAATATTTTCAAGGGCGGCACTAACGAACCAGCGGAGAATCCTGTTAAGAAAGTTTTGGAGAAGGGGGAAATCGTAGGCCTTGCCAATCATACTGTGCTTATATCTAAAGACGGCAGCGAGTATCAGATTGCAGACAGCGGGGCGCCCATCAGAAATTCAAAGGACGAGATGATTGGCGTTGTCCTTGTGTTCAGGGATGTAACAAAGCAGTATGAATATCAGCGCAAGATAAGGGAAAGCGAAGAGCGATTCAATGCCATCCTCCATACAATCCCCGATATGGTATCCGTGCACGACCGCGATCTGAATATCGTTTTCAGCAACTGGAAAGGCTTTGCAGCAGTGGACAAGAGCAAGAGGGTGATAGGCTCGAAATGCTATAAGACATACCGCGGCTATGATGATATATGCCCGGACTGCAAGGCAGGCGAGGTTTTGAAAACCGGCAAACAGATTCATAGAGAAGCCCGTCTCCCAGACGGGAACTGGTTCGATATCAGGGTGATGCCGATATCTCCGGAAGGTGAAAAAGAACCTGCATACTTTGTCGAATGGGTTCGGGATATTACAGAAAGAAAGAAGAATGAAGAGCTGATAAAAGAAAGCGAAGAAAAATTCAGGAGCCTTTATCAGAGCATTCTTGATGTAATTCTCATACTTGATGAAAACGGCTTTATCTTAGACTGCAACAAAGCGGCAGAAGAAAACTACGAATACACCAGAGAAGAGCTGATAGGGAAAAATGTAACTGATCTTTGTGAAGAGTCGGATATAGAAGATTTCAGAAGTTTCACCGAAAAGGTGTTTAGAGAAGGTTCGGAAAAGCGAAATTCCGGACACCCGCACATCTCCAAGAGCGGAAAGAAAATATACCACGACGTAAATTACAGCTTAGTTGAGTATAAGGGCGAAAAACGAATAATGGCCGTATGCAGGGATATTACGAAGAGGCTTAAAGCAGAAAATGAGCTGCGGGAAAACAAAACCTTCCTCGACAGCATCCTTGAGAGCATACAGGACGGAATCAGCGTACTTTCTAAAGATCTTGATGTGCTGTACACAAATCCAAAAATGGAGCAGTGGTATTCCCAGAATTTGCCCCTTGAAGGGAAAAAGTGCTATGAGTGTTATCACAACAGCAAAAAGCCCTGCAGCAACTGCCCCTCTATAAGGGCAATGAAAACCGGAAACACAGAATATGAGATAGTTGAAGGGCTCCCCGGAACTGAAATGTCTTATGTTGAGCTCTTCAGCTATCCCATGAAAGACCCCATTACTAACGAGATCATCGGTGTAATTGAGTTTGTGCGGGATGTAACCGAGCGTCTCAAAAATGAGCATGAGATTGAAAAGCTTACAGAACGCCTTCAGCGGTCAACCAAGGCCGGCGGCGTAGGGGTTTGGGAATACAATATAAAAACAGGCGAGCTTATATGGGATGATTCAATGTACGAGGTTTACGGGGCAAACAAAAAAACTCATCCCGTGCAGAAATACAGCGACTG
NZ_CP021023.1_gap13	838023	838730	707	TTTATCTGACATATCGAAGGATACTCTTCCGCCGTTTTGGATATCTTCATAATTCAGATAAGTCTTCGAATACGGCTTGCCGTTCAAACGGGCGGTTTCGATATAGATATTATCTTTGCAGTTATCTTCCGCTTCCACAGTGAAAGTATTTCCGTTTTCGAGCTTCATCTCAGCCTCTTCAAAAATCGGGCTTCCTATCACAAACTCACCTGAACCAGGGCATACTGGATAAAAGCCGAGAGCTGAGAATACATACCACGCTGAGGTCTGGCCGTTATCCTCATCCCCGCAAAGACCGTCGGGGGTGGGCTGGTAGAGCCTGTCCATAACCTCTCTGATCCATTTCTGAGCCTTCCAAGGCTGGCCTGCATAGTTGTACAGGTAAATCATATGCTGGATCGGCTGATTGCCGTGGGCGTACTGCCCCATATCTACAACGGTCATCTCTATGATCTCGTGTATCGGGAAGCCGTAATAAGAAGCGTCGTATTTCGGAGGCGTTGAGAAAACAGAATCAAGCTTCTCTGTGAACGCTTTCTTTCCGCCCATCAGGTTCATAAGCCCCTGAGGGTCCTGGAAGACAGACCACGTATAATGCCAGGCTGAGCCTTCTGTGAAAACTCCGCCCCACTTCTCCGGTACGAATGGAGACTGCCATTTGCCGCTTTCTTTTTTGCCTCTCATAAAGTTTGTGCTTTCATCAAAAA
NZ_CP021023.1_gap14	854449	859282	4833	GGCACAGGGTCCCATGCAGACGGTCCGAACAGAGCAATATTGTCAACTTTAACAGCGCCATTGAAACTGTTATAAACTCCGTTACTGAGTTCAACAGCAGCTTCGGCAACATTTGCAAAATCCACTGTAAACTGGCCGGTCAGTGTGTTCCATCCGAATCCGGTATGTTCAGTAATCTCTTCTAAGACTATGTCGCCGACCCAGTCTCCCTGATCATCAAAGCACTGAATTCTGAAGAGATAACCTTCGGTTTGCGGAGTAGCGGATACCCATGTTGCATAGTCAATACTGTAACCAAGCTCCATTCCCTGATAAACCGAAAACCGTTCACTGCGAGCAAAAGCTCCATAGTCTTCAGGGTTTTCAAGATTCGCTTCATTACTGTCCATGTACAGCTCACCGTTGGCGAATGAAAGGTTTTGACCACCCCACGAACCGGTTTCCGGCCAATTGGCATTACCATCGGCAAAATCACCGTTAGTAATAAGATTAGCCTGCGCAATTCCTGTTATAGCTAATATCAGTAAAAAATAAAAAGTCTTATTCATATCTTTCTCCTTATATTGATTTATTCAATTAATCTATTTAGAAGGCCTGTGGAGTGTAATTACCGTCATTCAGCCATTCCTCTGCAAGCAGAGAGAAATCAACGAAATCTACTACGCAATCACCATTCAGGTCAACTTCCGGCCTTAGTTCCTCCAGACAGCGGCGATCACCTGTCTCATCGTAATACAGGTCGTATATATCTGTGTCAGAGAGAGCATAGTTGAAGACCTTGAAGTCATCAATTGCACCATCAAACCATTCTGCGGTGCTGTCATTGCGGCCAATCCAGAACGTGGCATCACTCTTGGTTCCCATAACATAGTTATCATTCGCAGCCTCAAGTTCACTGTTCAGCCATATTTCAGCGCGCTGACTTGAATCATAAGTTATAACCAGATGATGCCATTGTCCGGGTGTTATTGCACCGCCGCCGGTACCAATCCAGCCGCCTCCGGGTGTTTCCATAATTACAGCTCCGTCCCAATCATCATATACGTGCACCATATACTGAATAGAATCGAAGCCCCAGCCGTCTCGTTTAGACCATAGATTGTTGTAAACCGAATCAAGGCCTGTATCGTTCCAATTGAGCCAGAGACTAACCGACCATTCGCCTGATTCTGCAGCAGGGTCAAATGTGCCAGCGTTGGCTGTTCCGGCGAGATGATCAATTTCAACAGCACCGTTTGGTTTTAAGTTTTCAATATCCTGATCGCCTGTTACTACGCCGTCAACAAAGTTCACCGGTACAGATTGTTCTATATTTGCGTTATGCCCGTTACCTGTTAGATCGGAATAATAATTGGGGTCTGACCCCGCGACATCAGCCTCGTCCATACTCCAGTGCGCCACAAGGTCGCCAAAACTCAAGAATGCAGCATTGGTAGTTATAGTACTTGAATTTACTGATGCTTCACAGTAATAAAAACCAGTGTCAGCGGATGTTACATCAGCAATAGTCAATGTTGCTGCTGTCTCTCCGGAAAGCAGCTGGTCATCTTCGCCGCCAATAATTGAATCGGCAGACTTGTACCATTGGTATGATGGAGTATTTCCGGAAGCAGCGTCTGCTTCAGCAGTAAAGCTAACATCATCACCTTCATTTGCCAATACACCTTCCGGCTGGGTAACGATCCAAAGGTCTGCCTCAATTAAAATATTATCAATTATCAAGTCGCCGGTGAAATCATTGAATACACCCAAACTAACACGAACATCAGCTGTGGAAGTGCCGGCGGGAGCTGAAGCTGAACCACTCGCTGTTATTGTTGAGCTCCCTGTATCAGCCAGATCTACATTCTCCTCGCCGAGAAAAGAGCCGCTGGAATCGAAAAACCTCAACTGAAACAAACCGGCCAAATCATCGCTGGAAAAATTGTCTACCGAATACTCAAAGCTGTAATTGTATGTTGTAGCAGAAGCGCTGAATTTGTCGCTTATTATATCAGCATGGTCGCTGGCAGCGTCTGTACGCAGATATCCGTCGTTATAAGAGAAATCAACTACACCGTTGCCCCCAGTACCGCTGTTCCAATACTGGTCTGGCGGATCCGCTTCAAAGTCTCCGTTAGGCAGAATATTTGCCTCCGCGGCAACACCCATAAACCCAATGAAAGCTAAAACCAAAAAATAGCTAATGCTTTTTTTCATAATTTTCTCCTTACTAAAGAATTTCATTTAATAGAAGGGGCTTGAATACCATCAAGGCTCCCTTCAGTTCACATAACGTTTTTACGCTGAGCGTCTTTTCCTCATCATTGCTGCAGCGCCTAATCCGAGAAGTGAAAGCGAAGCCGGCTCGGGAACTATCGAAACATTATCAACCTTAACAGCTCCGTTGAAATTGTTATAGGTTCCGTTACTCAATTCAACAGCAGCTAACGCCGCATTTTCGAGCCCCACTGTAGTCTGGCCTGTGAGCGTGTTCCAACTGAACCCCGTATGATCAGTAATCTCTTCTAACACAGTATCCCCAATCCAGTTTTCCTGTTCATCATAGAACTGAAGTCTGAAGAGATACCCTTCAGTCTGGGGGGTCGAGGATATCCATGTAGCATAGTCAATGCTGTAATCAAGCTGCATACCCTGATAAACCGAAAAGCGATCACTGCGTGCGTTAGCCCCATAGTCTTCAGTGTTTTCAAGATTCTCAGCATTAGTGTCCATGTACAACTCACCGTTGTCAAATGTAAGAGTTGCACCGCCCCAGTTGCCTCTTTCCGGCCAATTGTCAGTCCCGTTTGCGAAATCACCATTGGCAATATAATTCGCATGAGAACTAACTGCTATAGCTGCAACAGCAGCTAACATTAAAATACTTTTTACTTTTTCCATTTTTTTACCCTCGAAAAATTAATAAAACAATTTACACAATTTTCTTTACTGTGCTCACACCTTAAAATAAGCGCGAGCACACCTTTAAAAAACGCTTTTGTCTAGTCCTGAGTATAGTTGACAGATATCAGAATAGATGTTAATTAAATTTCAGGAATATTTATGAAAGACAAAAGACCTACAGGCACTCGTTATAGTGAAGCATTTAAGTTGCAAGTGGTAAATGAGCTTGAATCTGGTAAACTCTCATGTATAAATGAAGCCAATATTCGTTATGGAATAGCAGGAAGCCACACCGTTAAGCGTTGGCTTAAGAAATACGGCCGAAACCATTTAATACCAAAGAGGATACGCGTGGAAAGACCAGATGAACATGACCGGTTAAAGCAATTAAAAGCAGAGAACAAAGAGCTGAAAGAAGCTCTCGCAGATGCTTATTTAGAAAAGCTTGTAAGTGATTCTCGATTTGAAGTTACCTGTGAGCAGTTTGGCTTGGACAGTGAAGAAGTCAAAAAAAAACTAGATACGAAACGGCACACAAGGCTTACAAAAGGGCTTCAGAAAAGGAAGAAAAAGTAACCATAACTGAAATATGCTGCGCATCAGGCATAAGCCGCCAGTATTTTTATAAGACTCGTAAAGTGCGTCAAAAGCAGCTTATTGATGAGGCTTTTATAATGGATTTGGTAAACCAGGAGCGTTCCTTGCAGCCTCAATTAGGCTGCAGAAAGCTCTTGTCGCTGATATCTGAGGACTTATCAGAAGCGGGGGTTAGTATAGGTCGAGATCGGTTTTTCGATTTGATGGGCAAGTTTAATAAGCTGATCAAGCCTAAAAGACGCAGCACCTCAACGACTAACAGCCGGCACAGGTTTCGGGTCTATAGTAATAAGCTTAAAGATATGAATCTGCAAGGCCCAAATGAGGCAATTGTAAGTGATATAACTTATATACGCACCGATCAGGGTTTTGTCTATCTTGCTCTTGTAATGGATGCCTTCAGCCGCAAGGTCATAGGTTATGATTGCAGTGATAGTCTTGAGGCCGAGGGTTGTTTAAGAGCCTTGAACCGAGCATTGAAGCAGATCCCCACCTCAGCAAAGGCGGTTCATCATTCCGATCGAGGCTGCCAGTACTGCTGCAATGCTTATATTGATATGCTCCAAGAAGCTGGTATTGGTATCAGCATGACAGAAGATAAACATTGTTATGAAAATGCTAAGGCAGAGCGGCTTAACGGAATAATGAAACATGAATATGGTTTGTGCAATACCTTTGCGAAAAAGGAACATGCCTATGAGGCAGTAAAACAAGCGGTGTTGCTTTATAATACCCGCCGCCCGCATGCAGCATTAGGCTATCGAATACCAGAGGCGGTGCACTTGGCAGCGTGATATATTCCTCCGTTCCGGTCGCCCTTCGGGCTCCCTCCACTACGGAATATATCGTTAAATCGTAATAGAAAAGAGAAAAGAAAAGTGTCAACTTTAAACCAGGACTTGACATTGCTCACTACCTGCTTATCACATCTCCTTTCTTGTCTGCGGCTAATCCTGCCTGCTGTATTGTTGAGAAAAAGCCAAACCCTTCTATTCATAATTTTTACGCTTTCAAAGCCAATCAAATTTTGCCAAATTATGCCGTATTACGCATATGATAAGAGCAGTTTAAAAAATCAAAGCTCATCGAAATCCAAGCCCCTGAAATCACCTCTATTTCTGCCTGAAAAAGGCTGGAGTACTATTAAAAACATTTTTAAGTATTTCATAGCAGGTCTTCGGCCAAGTACGAGGGCTCAGTTTACAAATATAAGAAATATCAACATCTAAATGAAGGCCATTTTGCGTTAATATAAAGCCATTTTCCGCAAATAAAAAAGCTGTTTAATCCTCACAAACATTGCCTATTCTGCCTTAGTTTAATTTCAATCTTCCCCTGCTGAAAAATGCA
NZ_CP021023.1_gap15	903212	905425	2213	ATTGTGTAGGTGTAGGATTCTTCATCAATTTGAAGTACATAGCTTGTGCAGTCGCTGATTATTTCGCTGTTTGGATCGCATTCCCAGCAGAAGTGTTCATACGTTGAATACACATCAACCTGAAGCGTTCCCCCGTCTTTATCGTAGAATTCGCCGAAGCCTTCCTGCACCTCTATCATATTATCGTTTGGATCAGGTGCGTTTTGCCCGGGCTTCCAGCAGTCCGGCTCAATAAAGTAAGATACATCCTCCACTACCATAAAAGTGTAATTTTTGATAGTATCAGAAGTGCTGCCGGTATTCCCGTAGGCGTTTACAAGCTCCTCAACGCTCATATTCACTGAATCGTCCTTCATTTGCTCAAGAGCAGCGCAGTCGTTTTCAAGCTGGCTGTCGTTTGTGCCGGCAAGATATTTCTGCCCGGGAGCAGGATTTGTGAACCTGCGTTTGAATCCCTGATCGTCGCTGTCTCCATAGTACAGGCGGGTGAAATTTATGTCCATCGTGTTGCCGGGCACATAAATATCATTTATGCTCTGTATCCCTTTTCCTGTGCAGAATTCCACAGGATCCATCCCTTTGTCTGTATCAGGGAGCACTTGATCCAGACTCTGGATTCGGTATTTTTTGTTTTCTTCTTCTGTTTCAAACGGCAGCACATGAATATTTTCCAGCCAATGATGGTAAAGAAAGCTGTCAACAGAGACGTGTGCAAAGTAGTTGGTGAACATCGGGGGAGCAGGGTTGTTTACAGTAATCTCGTAATGCTCCTCAATATCCATATCACGGAGCGAGCCCTCTGAGACAAGCTCCACACCGCCCGCTGTGCGTATAGAGCAGTACCCCTCATCAGGGCCTTTCTCGTTGAATGCTTCCACCTGCAGAATCACATCGCTGCCGTAAAACTCCCAGTTGTAGAAAATGCTGTTTGGGCACACAGGGAAGAAGCTGTTGTCTAACGCGTACCTGTAAACTGTAAGCCCTTCTTCGATTGGAGGGGTTTCCAGCTCAGGGTATGCAGCGTTGCATTCAGAACGCTCTGTTTTAAAAACTACCTTAAAGAGCTTAAACCATCGTCCGGCTGAAGCGTTCTGGACAACAAAAAACCCAAGAACAACCGCCGAAACCAGAAGTCCGCTTAAAATTGACCGTTTCATTGTAATAACCTCATTTTCTATTTCGCATAATACAACCCCGGATAACACTTGCTATCCAATCTACAGGTTTATAGTAGTTTTACTATAAAGAGATGTCAAGGAAAATAAATATGAATTTTTAAATAATTTTTGGGTCATCCAAATAATGTGCAACTTTCTTTGTGGAGGCTGAACATTCTGTTAGTGTCCCAAATTGTGTGTCTGAAGAAACTACTTATATTTTAATCTTCTGCGGGTTGGCTGTGAAATTATCACATAAAACTTATTACTTACAACTTACAACTTAAAACCTACAACTTAAAACTTAAAACTTATCACTTTTAACTTTTAACTCTGAACTTCCCTAAAATACTCAATCGTTTGGGCAAGCCCTGTATCGAAATCGGATTTCGGCTCAAATCCCGCTGCTTTGAGCTTATCGATCAAGGCCATACTGTGCCGCACGTCGCCCGGGCGCTCTTCGGCATAGCGAATCTCTGAGCTGGAGCCTGTGAGACTGATTATCCTTGAGGCGAGGTCGTTTATTGTCGTTTTACCGCCGTATGCCACATTGTACACGCCGACAGGTGCATCGGATTCTGCGAAGAACGCATTCGCCGCTGCAACATCCTGCACGAAGACGAAATCACGGGTCTGCTCGCCGTCGCCGAAGATTGTGATCGGCTCGTTGCGGAGGGCTTTGTGGATGAAGATCGGCACGGCCGCGGCGTATTGGCTCTTCGGATCCTGCCGCGGGCCGAATACGTTGAAGTAGCGAAGGCAGGCTGTGTTGACCAGCCCCTCGGAGCTGAACATATTGCAGTAGTATTCGCCGTCGAGCTTGGTGATGGCGTATGGGCTTTTCGGCTCGGGAAGCATTGTTTCAAGCTTCGGGACGGTTGGGTTGTCGCCGTAGATTGCGGCGGATGTGCTGAAGCAGAGCCGCTTTACGCCGGCCTCGCTCGCCTCGCTAAGCACGTTCAGCAGCCCCTGCACGTTCGTTTCTACGCATTCCTGCGGCTTGTGCATCGATTCGGGTACGCTGATCATTGCGGCCAGATGGAACACGTAATCGCA
NZ_CP021023.1_gap16	907502	910509	3007	CGCCTGTGGGGAAGGGCCTCAGAGATAAGATGCCTTCTGGCATGCTCTGTATAGCAAAGATTAAAATCTGCGATGTGATCTATAATCCTGCGGTTTGTCTCTTCTGGTACGTTCTGATCAAAGCTTCTGTTGCCGGCCTCCATATGGAAAATTGGTATTTGAAGCCTTTTTGCAATAATCCCTGCAATCGAGCTGTTGGTGTCGCCGAGAATAAGGACAGCGTCCGGCTTTTCGGCTTTGAGTATCTCTTCGGCTTTGATTAGTATATTTCCGTACACCTTCCCTAAGCTGGAGGTATCAACGTTCATAAAATGATCGGGCTTTCTTACGCCGAGGTCATCGAAAAAAACCTCATTGAGCTCATAATCATAATTCTGGCCTGTATGAACTATAATATGATCCAAATGCTTATCCAAGCGTTTGAGAACCGCGGAGAGCCTTATTATTTCCGGCCGAGTGCCGAGGATTGTTACTACCTTCATATAATGCTATACCTCTTCGTAGAATGTGTCTGGGTCTTTCGGGTCGAATGGTTCACTAATCCAGAACAGGGTAACAAGTTCTGTTTTTCCCGTATTCGTTATATTATGCGTGTAATTAACGGGCATTTCAACCCAGCTCGGCTCATCACCGCTCACATTATATTCAATTATTTTTTCAGTACCGATTCTGCGAAGCTTAATGCTCGCCTTTCCCGAGACAACACAAAATTTTTCGCTTTTTCTGGTATGATAATGATTGCCTCTTGTAATGCCGGGCTTTGTTGTAGAGAACGATACCTGCCCCGCTTCTTCAAACTTATAAACCTCTACAAAACTCCCTCTGTCATCGCTGCTTGATTTGAGGTTTTTCTGCCAATCGCTTGAATCCATATAAGTAACGAAAGTATTGTACAGATCTCGTTCAAAATCACTGGAAAATGAGGGCACAAAACCATCTGAGTAGGCTCTCTTGAAGCGCTGGAGCAGCTCCAATATTTCTGACACCCTAACGCCCTCGACTCTTGGCTTTATGTGCTCCACCCTGCAGCCTGAAGTATTTTCTCTGATAAGCCCGCAAATATCATCAACCAGATAGTTGATGTGAATCATACTGAGCTGGCCGTCAACCTTTATCTCAGGCTGCTCGCCGCGTGCAACCTGATGGCAAAACGTTGCTACAACAGAATTGTAAAACGGCTTCCCTCCATCCCCGAATACGTTGGGAACAACCATAGAAACTCCTGCGGAATCATGCTCACCGCACCATTTCTCCAGAATCTGCATAGCCGCCAACTTACCTTTCCCGTAAGGATTGTCCCTTTCAATCTGCGTGGTTGAAGAAAAAAGTATTTTCGGCTTACTGCCCGATCTGTCCGCCGCATCAAGGAGCTTCTGCATAAGCTCGATATTCTTATTGTAGATTACGTCCGGCTCATCCCTGTTCACGCCGGCAAGATGAACAATAACATCAGCATTTGAAGCAAAGTCTATAAGCTTTCGTTCGTCATCGTAGTATGAATCTTCGAAGGGAAGAACCTCAATATCCTCTTCACGTGCAAGACGCTTCTCTAAATGGCCGCCGACGAATCCGCTTTTACCTGTAATGCCAACATTCATAAACTATTGCCTCTGCTCCCAGATTTCAAGCTCTTTTTGGACGTATGGAAGGCTGAGAAGGAGCTTTTCAACCTCAGGGATTTCCATTCTTCTGGTGTTGTGAGAATTGTAATCCTGATTCACAACTTCCTTTTCCTTGCCTTCGGAGAAATACATCGTGTAGTTCAGGTCTCGATCGTCCACGCCAATCCTGTAATAATCCTCCATATCTTCGGCCTTCTGAAGCTCTTCTACCGTAAGAAGGGATTCATATATCTTCTCGCCGTGGCGTATTCCGATCACTTTGATTTCATTATCGGCGTTCATTATGTTTCTAACCGCTTTGGCAAGATCCATCATTGTGCAGGCCGGAGCCTTGCGCACGAAAAGATCGCCCGGGTTGCCGTTTTCGAAAGCGAACAGCACAAGGCTGACTGCATCACGCAGAGGCAGCATAAAACGCGTCATATCTGGGACAGTAAGAGTTAGGGGCTTGCCCTGTTTGATCTGATTCATAAACAACGGAATAACCGAGCCGCGGGAACACATCACATTGCCGTAACGGACGCGGCAGACTATTGTATCGCCGGAATTATCAAGCCTTGAAGCCGCCGAAGCAACCTTCTCCATCAAAGCCTTGCTCATGCCCATTGAATTGATGGGATAAACCGCCTTGTCAGTGCTGAGGCATACAACTTTGTCAACGCCATGCTTTATCGCAGACTGAATTACATTGTTGCTGCCGGAGATATTCGTCATCACAGCCTGCATCGGGAAGAACTCGCAGGACGGGACCTGCTTGAGGGCTGCGGCATGGAAAACCAGATCAACGCCGTTCATCGCCTCGTCAACAGATTCTAGGTCGCGCACATCGCCGATGTAAAAACGAAGCTTGGAGCTCGCCTTCTCTATCCGCATAAGCTCCTGCTTTAATTCATCACGGCTGAATATGCGAATCTCTTTGCAGCCAGTTTCGAGCAGGGTGTTTGTTACGGTTTTGCCGAACGAGCCCGTTCCGCCGGTAATAAGTACGGTTTTTCCTTCAAGTTTTTTCATAATCCACCAAAAATTGTAAATGTTTTCGGGTATATTAAACAATGACGGGAAAAAATCAAATAAAGCTTTTGTTAATCTTTGCCGGAATCTTTCTTGTCTGCCCTTTTTCGAAGGTTCATAAGATATTCTGATGTTATCTCTTCCGGCGGCTTTTCCATAAACTCATCTAAAAGCTCTTGATGACCTTTAAGTGCGACGGCATCTTCCACCCCTTCCCGCCAAAGCTGCCACCTCTTCGACGGAACTATCGGCTCATATATCGCATCTTTGGGAAAATCGGGATGACGGCCATTATACACGGCACCCCAACTAATTTTTTTATAATCATTGAATTGTCCGCCTTTGCCATCTAAATAAACCCAAAAGCCTGCCCC
NZ_CP021023.1_gap17	912896	917346	4450	TTATTAAGTTTTTTTATTTCATTAATAAGATTTCTTGGTACATCCCCCCATTTCCCTGCAATCAGCAAAACCGATTTAAAATTACGAGAATTAATTTCCCATGCATTTTTTAATGTTTCTATGCCCTTGCACATTCTAGGACCCGTAAACAAAAAATAATCTTTATCACATGGAATGATGTTCCGCAAAACATCTTCTGCCTCTCTAAGTTTTGCTGGTTCTATAATTTCATCATAACTACTAAAAGGAAAAGGATGATATTTAATTCTATTTTTTACATTGTCATTTAAAAATCCAATTAATAGTTTTTTTGCCGAAAAGCTATGAACTATAAGAAAATTTGCTCTCTCCAGCATCAATAGCCTTAATTTGCCCATTTCTTTATTCCTAGTCGCCACATCATGACAAGTCAAACCTACCTTTAAACAAAATATTTTACACAAAAAAAACATTATAAATACAGAGAAAAAAGGGCCAGCTGTATGCAGAACAATGATGGGCCTTCGAAATATTGCTAAAAACCAAACTGCTAACATTCCGAAAACAACTTCAATGCCCCTAACTATTTTAAGAAAAAAGCCACGATTAGGAATTTTATCCGTAATTGGGTAGAAACACTTAATAGTATTTTCAGTATTATACTTAAAAGCCCAGCTAACAAAAAAAAAGGCCTTAATACCTGCTTCTCTCAAAGCTTTTTGCAAAGCATCAGCATATGCTCCCGCTGCCCCTACTGTACCAGGATATATATGCCAAAATTCTTTCTTTTTCAAAATACCCTCACTTTAACTAAATAAGATGTTAATGTTTTGAAATTAGCTGTCCCAGCCTCTGCTTATAGCCTGATGTCCTATCCCCTCAGCAATCCTGCCAGTCGAGCCGGAATTGAGAACTGAATTAATTTGAAGCAATTTTTTCATTTACTAATCACATAATCCACTGCGTCACGAATAGCACCAGCCATTTGCTCCGGAGTTCTGCTTTTAACATAATGTTCTCTTGCTTTAAGCCCCATTTCTACATAGAGATCCGGCCTTTCAGCAATATTCTTTATAATATCCGGCAACTCTGAATGATTATTATATAATATACCATTCTCGCCATTTTTAATGTTAAATATTTCTCCACCGGTAATTGCGTCCTTCACAGTTACAAATGGAGCGCCATAGCCCATACTTGTTAAAACGGAAAGCCCAGCCTGACCTGGGGAAATGCATGCATAAGCACTCCTGAAATATTTCGCCAGCAATTTTTGGTCAAATATCGGCCCAAGTAAACTCACTTTATCTTCAAGCTTGTTTTGAGAAATCCAGCTTTTGATATTTTCGAATTCCTCCCCTCCTCCGATAATGTTAAGAGGCATAATATCATTCACAGTTTCAGCAGCCTCTTTATAGGCTTTAAGAAGCTCGTAAATCTTTTTCTGTTTGTAAAGAGTACCTACAAAAAGAATACTGTTCTTTTCGTAATTAACGCTCTCATCGTAAAAAACCTCCGTAGTGTTATTAGCTACAAACAGGCTCTCTTTCGAGAATCCAGCAGAAATATACTTTTCTACAGGATAGTCAGAATAGAAGATATTAGCGTCTGCCTTTTTGAAGATAAAGTGCCTTACACAGTCGAATTTATTGTTCTGGTCAAATTTTTTATCGTAAGATGCAGACACTCCAATCCCCCAGCCTATCCATTTATAATTACGGAATGGATTAATTATAAGCATATCCCTATCAAGGTAACGGATATTTGCCTCTGAAATAACAACATCAAACTGATTGCAATATTTATGCAAATTTACTTTCAAAAAACTAAAAAAAGGCAAATTTATATTTGCAACAACCTTTTCCTTGAATTTCAGCTTTGTTCCGTATTTTTTAGGCTCGGTATGCAAAAAAGTAAGTTCATAATATTCAGATAATAAATTTAAAATCGGGATACGATACTCTGCAATATTCTGATTTATTATCAAAACTTTCTTCTTAGACATACACAGGAGCTCCACTAAGTATCCCAGCTATTCTCTCAGCAGCTTTGCCGTCCCAGTATTTGGGGATTTTGCCGGAGACGTTAAAATTATCAGCCTTCAGCTGATTATAATTTTCAAGTATATCAGACGTATCTATATGAACAAGCCGGTTGGTTCCTTCGGCTACAGTTACCGGCCGCTCTGTATTCTCACGCAAAGTCATGCAGGGCACCTGAAGGATGGTTGTTTCCTCCTGTATCCCGCCGGAATCAGTAATTACAATTGCCGCATTAGAAATAAGCTTCATAAAATCCAAGTATCCCACAGGATCAATCAATCTGATATTGCCGCATTCAGAGATAACATCCGCAAAACCCATTTCCTTAATATTCTTCCTCGTACGGGGATGAATCGGGAAAATGAGCGGCATATCTTTCTCTATCTCTCTAAATGCTTCAATTATTTTCCTGAAATCATCTCTATTGTCAACATTGCTCGGGCGGTGCAGAGTAATTACCCCATATCCTTTTGGCTGAACGCCTAAATCATTCAGAACAGCAGACTGCTCCGCCTTCTCCCTGTTGGCAAGGAGCGTATCTATCATCACGTTCCCAACAAAATGAACCTTTTCGGCAGGGATGCCTTCCTTCTTCAAGTTATCAATTCCGGACTGCTCGGTAACAAAGAGTAAATCGCTGATGGAATCGGTTAGGACTCGGTTTATCTCCTCAGGCATGCTGCGGTCGCCGCTACGAAGCCCCGCTTCCACGTGTATCAGCTTGACGCCGAGCTTCACTGCTACCAGACCGCAGGCAATTGTGCTGTTCACATCGCCAACCACAAGGACGTAATCCGGCTTGAAATCCTGAACCACCGGCTCGAACCTTTTCATCACCTCAGCTGTTTGAACGGCGTGAGAGCCCGAGCCAACCCCCAGATTGATATCCGGCTCAGGTATGCCAAGCTCATTGAAGAAAAGATCGCTCATCTTCTCATCATAATGCTGCCCGGTATGCACCAGAAGCGATTCTATTTCGCTGCATTTATCAAACTCCCGCATAATGGGAGCTATCTTCATAAAATTCGGCCTCGCACCGCAAACACATATTATTTTCATATAAATCCATTTCTCTCAAATCATAGATTCCATAAATTTAAGCATCCCTTCAGATCTCAAGTTTACATCGAATAACTTAGCTCTTTTTAATGCAGCTATCGACATTTCTTCAAGTTTATTTGGGTTATCCTTCAAATCTTTCACAGCTTTTCTTAATTCTTTTATATCCATCGGATCAATCCTGACAGACATCTCATCAGAAAGGAGTTCGTCATTGAAAGCTCCTTTTGAGCTTATAACCGGCAGACCGCAAGCCATCGCTTCAACAATTGCATTACACGAGCCTTCGCCAAGCGTAGGCAACACGAAAACGTCACATGACCCTAGCAATTTGGGGATCATCTCCTGTTCAACACTTCTGCTCCATAATATTTTCCCTTCCTCTGAATAAGGCAGGCTGTTGCCGGCAAAAACCACTCCCACATCTTCAAAAGGTTTTATAGCTTCCAATACTCTCTCTTGCCCTTTTCTCTCGCTATAATGACCAATGCAGGCCGCAAGAAAGAGGTCTTGGGGGAAGCCCAGCTCTTTGCGGCATTCAGATTTATCTAAAGGTCTAAATTTGCTCAAATCAGATCCATTCGGAAAAACTGCGATCTTGTTTTGAGGATATGAGAGGGTTCTGTTCACTAAATTTGAAAGCAAAGCAGAATTGGTAAAAACTCCCGCCGCATTTGAAATAACTTCTCTTGCATACTTATTTCCGTAAGCTTCAACTGAACCAATTTTTTCGCCGCTTGTGCTCTCTCCCAAGCCGGGAAAAGCTGGAACCCCATAAAGCTGACCAATATTAATGGCAGCCGCACCGCCTGCAAAAAGAAAATGGCCATAAACCGCATCAAATTTCAGCCTTTCTTTTCTTACAGTTCTTAAAACTGCTTGAGTAAAATTATTAAACATCAATCTTGGGCTGCTTAATCGGCCAAGCCAAAGCTGTCGCTCAATTTTTCGGCCAAAATAACACTGAAAATATGCGGGGCGATAAACATTAACTACCTTACCCTCGCCGGCATCTTCTAAAGAATGATAAGGATTGCCTTTCCTGTCTGCAGTGCATCTCAAGTTTGCAGGGCAAATAACCGTCGTTTCAACGCCTTGCCTAGCAAAAGCGTGGGCAATCTGCTTTACAAAAGTAAGTCTCGCCGGCTTTGCCGGTGAGGGGTAATATATGCTTGTTATCAGAATTCGCTCTATCGACATATTAATCACGTAGAATTCCTTTTCGTCTTGCAGTTTCATAGAAGGCTGCGATTAATCCTAAAACTACCCAGTGGTAATGGGAGAAAAACAATGGAGCAACCAAGGATATGAGAGCTGCATAAGCGAAAAATACTATCACCATCTTTGATACAATAGCAACTTCGGGGATA
NZ_CP021023.1_gap18	930810	931850	1040	CGAAACCCAAAACATTCGCTCCGCCGGCGGCAAATTCCCTTGCCAGCGGCAAGCCTACATAACCAAGGCCAACTATCCCAACGTAAGGGATTTTATCGCTTTCGCTCATACCAGTACTTCCTGTTTTTGTAAATCAAAGTTAATGATGCGGAGCATTATAACAATCAGCTTCTTAATTTCACTAACTTTTCTGCGTTTAACAATATTAAAATAATATATTTTCCCCCTGAGATGTAAACCCTGCTTCGGGAAAGTTTCTGGGATTATTAAGAGCCCAAAATCTGCAAAGCTTCGAGAGGGTTATGCGGTTTACAGAGCCCTCTATTCAGGACTATATATATCAATGCCCAGTTTCCTGCATAAATTTTCGAATATTTCAAGCTTGTTTTCTACTATTGCTTTCAAAACCTCATTTTGAATCCTCTGATACTGATGCACTGCAATATTCCTAAAACCAGACATAGCAGCGAGCTCCTGAGCCATCGGCTTATCTATTATGCCCGAATCTGCGAGCAATTTGAAGGCTTCCGCTGAGGAATTGGGAACTCCCAGCTTCGATTTGCTTACTGTATGATTTGCCAAATCAATTGCCGCCTGACAAGCTCTTTCGAGGTTAAGCGTCATAGCGTCGAGATGGGTGAAGCTTTCGAATGATGGATCTGCTTTGTACTCCTCCTTGATTCGTTTCAGGCATCTCTGCAAAACCGCTGCCTTGCTTCGGCTGACATCATCTGGCTGAATAGGCTTCATAAATCTCCCTCATTTCAATACGATAGTCCTGAATCATTCCGATTAAGGTGCATTCTCTGAATTCTGCGGCTGTTTCGTCTCGGCAGAAGAAGCGGCGGCCTGTTTGGAGAACCTGCGAGGCATAGATCAAATCAGAGCTGGAGAGAACGCCAAGATCCACCGGCCGAGGGCTGATTAGGTTCAGCTCGCCTGCGAGATCGAAAAGCTGCATGCCGGAAATCTTTTGGCCCGGCTGCGGAAGAAGAGCTATGTCTATATCGCTGGACGCACGCAGCTCCCCCCTTGCAGCA
NZ_CP021023.1_gap19	1042931	1044924	1993	ATAGACAGCATCGCATTCCGCACAATTTTACCAGCAAACGGCTTAAAATCCTCAAATCTGCCCTTCAAGCGGGCATTTTCAAGACTGCTGTCTATCAGGGGGAAGAGATATCTGCCGTCTTTGGCGGCCGCCCTTTTTGCCATCGCTTCCTCGCTGCCTCTGCCCATATGCTGAACAGAGAGGGGCTTATTTATAAAGCCGTATTCAGGGAAATCCATCGCAATCCGCCAGTAAAGGTCTCGGTCTTCGTTTCTGTAAACCTCGGGCTTAAAAAGTCCGCACACTTCGAAAACATCAGCCTTTATCATAATGGTAATCGTGGAGCTGGAGATGAGTCCTTTGTTCATAAGGGAGAAGTATTCGCCTTTTAACTCACCGGCGGTTTTGTGTACTGCAGCGCTTTCCCGCCCATCTTTTTTTATAATATAATTAGTACCGCACCAGAGCAGTTCGGGATTTCTCTTCAGAAATCTTGCCTGAATTTCGAGTTTCTCCGTGTACCACTCATCATCTCCATCAAGAAAAGACGCCCACTCACCCTTCATTGCGTTTATTCCGTCGTTTCTCGCAGCCCCGGGTCCGCCGTTATGCTGCCTCTGAATAAAGCGAATCCTGTCTTCAATGCTTTTAAGCACCTCGCTTGTGTTATCTGTGCTGCAGTCGTCAACAACTATAACCTCCAGAGGCTCGAGCGTTTGATTGAGCGCAGACTTCACCGCCCTGCTGATGGTCTCAGCATTGTTGTATGCGGGTATTATCACGGATATTTTTGGCTTTTCACTCATCGATTCTCTTAGGAGGCCTTACTGCCCTTTTCCTGAGACCTGTTTTCCGCACCACTCTCGATATTGCACGCAAGGCTTTCATTGTGAGCCCCGGGTTTATCGTGAGAGTCATTATAACAAAATATTTCCACGCGGGGAGGTAATCAGAAAACTGCTTTGCAAACTGCCTAACCTGATATGCCCTTTTATCGAAAAGACTCGCCCTGCACCACGCCGGGACCTGCCACCCGATATGCTCAGAAAAAGCTTCAAGGCTGCCCGCCTCTTGGGCAAGTTTTATATGCCGGCGGAGGAGGTCGCTGAATTCTTCAATCGTACAGAGCCTTCTGCTTATGCTCCATTCGGCGTCTAGGTGGTATATCGCTGCCGGCTCGGGCGAATAGCCTATACTGGGGTATTTATGGGCAATTCGAAACCACATATCAAGATCATTTGCGATCTTCTGCTGCTCTCGAAAAAGACCGCTTTCGAATAAGACATCCCGCTTAATAACGACCGTATCAGTGCAGCCTGTCGCCTGCTTTCTGAACGCCCTAAAGTAGCTTTGGTGGTAATCTTTGCCGTTGAGCATTTCCTTTGCTGCAGCAGGGTCGGTGAAGGGGAAGCTTTTGTTTTCAGATTCGAGGTTGTTTATGTGGTTCGCCGCAGACCAAACGAGAAACGGATTTTCAAGCAGGATTCTTTCCTGAGTTTCCAGATGCCTTTCCAGCCACTCATCATCGGAATCAAGAAAAGCAATCCAGTCGCCTTCTGCGGCCTTTATCCCTGCGTTTCTCGCTGCGCTTGCTCCCTGATTTTGCTGCTCAATCAGCTTAACTCTCTTTCCAAAACTGCGAACAACCTGTGAAGTACGGTCTGTGGAGCCGTCATTAACAACGACAATCTCATCCGGCGGGCGATTCTGGGAAAGAACGCTTTGTATGGTTCTGCCTATCCTTTCAGCAGAGTTGTATGCCGGCAAGACAGCGGATATTTTCAGTCTCTTCTCATTCACCGGCGCCTGCCTCCCTAAGCACATCTTCAAGTTTGTGAAATTTGCTGCCGCCACATCTCTCACGGCAGAATCTCCGCACAGGAGGGCCAATCAAACGCTTAAACGCTGTCCAGTATTTGAAGTAAAAGCTGAAAGCCATCTCACGCTGAAGCTTTGAATAGAGCTTGGGAAATTCCTTCATTCGCGGAAAAGACTGATAAAGAAATTCTGCATC
NZ_CP021023.1_gap20	1046909	1049232	2323	CCATAAAGTACAGGTAGAAGGCAAAATCCTGCTGCTCAACGATCCTGTGGCTTATGCGGGCTATCCCGATCGGGCCTGAGAGCATATCCGCTCCAATCTTTCTCTCAAAAAGTCCTTTGATTGTGCTGATGCTCTGGCCGAGCATATCACCCACCCAATACGTGCCGAGCTGGAAGGCCTGAATTATATTCTCGCCTCGATACTCAACCCGCAAATCATCAAAAGGCTCAGGCTCTGCAAGCTCTTTTACAAGCTCGAATCTCTTGCCATCATTAAGCTCTAAGGAATAGCTTTGTTTCTCTCCGCTTTCAAGCTCAAGCTTGAGAGAAAGCTTTTTAATCTCTTTATTTTGAAGAATACTGATTATATCAAAATAGTCGCTCACATTCTCGCCGTTTGCCTCAAGGATTCTCGCTGCCTTGGGAAGCTCTGCAGCAGGATAATTCTCTCCCGAGCTTGATGTATCAGCGATTATCGGCATAGACATCGCAAGCACAGGATTGATTCCGATTTTTGGGTCTCCGCCTTTCTCTCGCACTTCAGGGGTTACCGTTACCGTAACCTCTTTCCTCGGTCCTTCATACTCCCTGAGCACAACAAGCTCAAGCGGCTTGTTTTCGTGTTTAGATACCACTTCGTTGAGCTGTTTGAAAGTGGGAAATTTTACATTGCCGGCTTGAAGAACCACATCGCCCCTTACAAATCTGCTGTCAGAGAGCTTTTCTGGTTCATCTATTCTCGGATCGAAAACGCCTATCCCGCCGTTGATTTTCAAAGGCGGAACAAGTGAATAAACATTTGCCAGATTATCCGTTCTGTTGTATAGATTCCCCGTTGTTACTGGGTATGAGAGCTTGAACCGCGAAGATACCGCCTCAAGCAGGTCGTCGTTTTCAGCAAAACGCTTGGCGGAAAAGGTTATATGAGGCTTATAAATCTCTTTGAGCTTATCTCGGTAATCCTGATAATTGCTTATATGCTCGCCTTCAATTGCAAATATTTCATCCCCGGGCTGCAGGCCTACTCTCTGGTAGTATTCTTCTGCATCCTGAAATTCTGCCACTTCAAGAACCTTCGGCTTGTAGATTCCGAACATCTGTGTTCGTGAAGCATTTGACGGCTTAATCTCCACCTGCCTCAGCTGATCCTCGCCCCTGCGGAGCTTCATCGCAACCGGCTCTTCCTCTCCGCCAAGTATGCCGGCAAGAACAATGTGGGTGTAATCGAGATTGGATCTTCCTCCAACCTCCATCTTCCTGCCGTTTATAGAGACAATCTCATCTCCGGGTTCAATGCCCGCCTCTTGAGCGGGCGAATCCTCTGCCACATACCCAACCACTGCGGGAACTTTATCAAGACCGTATCTGGCCAGCCCTGCAAAGAGCAGGAAAGCACCAATCACATTGAAAATAACGCCCGCTGAAACAACGGCCATTCTCTTTCCTACGCTTTTATTAACGAATGAACGCGGGTCATCGTCTTTCTCTGAATCCACTGGCCCTGAATCATCCTGGCCCTTCATCTTAACAAACCCGCCAATTGGCAGCGGACCGAGGCAGTATTCTGTGTCTCCGTCTTCCTTGAATCCGAGGGGGACCCTTACAATCCAGAGGCAGTCGTCTTCTATATCCTCTCTTACGCCTGATGTTTTCGGGAGCAGTCTGATACGAAGCCCCCCTTCAGCCTTCTTAACCCCGAAGAGGTAAGGCGTTCCGATAGACATACCTATGCTGAAGGCCTCGCAATCTATATCGCATGCGCGTGCTACAAGGAAATGGCCGAGCTCGTGGATGAATATGATTAAACCAAAACCAAGCAGAGCAATCGCCCAGCTTGATGCTGTTTCCCAATTTGCTATAAAGAAATAGCCAATTAATGCCAAAAAGATTACTAATGATACGACTAAATCTTTTTTCGATTTTTTCTTTTCCATATTTTATTTCTTCAAACTGTAAACATACCTGCGGGTTTCACTGTCAGCGGCGATAATATTTTCCGCTGTAACCTCGCCGGATGAAGGACAGTTGTTAATTGCTTTTTCTACAAATTCCATAATTTCAATAAAAGAGATCCTGCGATTTAAAAACAGCGAAACCGCTGCCTCGTTTGCCGCATTAAAAACGGCAGGCTTCAGCCCGCCTTCTGCGGACACATCATAACATAATCTCATTGCGGGAAAAAGTTCGCAATCCGGTGATTTAAAAGTAAGAGTTTGATAATCCGCTAAATTTACCGATTTGCAAGCCCCGCTTACTCTTTCCGGATAAGTAAGTGCATATTGTATGGGCAGTTTCATATCGGGTTCTGAAATCTGTGCGATCAC
NZ_CP021023.1_gap21	1112099	1116924	4825	GCAGCAAAAACCACCTCCGAGGATATCGGCTTCTACATCAGCTGCGATCAGATGCTGATTAAGGAAAATGAAGACCGTGAAGATTCTCAGGGTATTGGCGGATTTTTCCGTTACGGCTGGGCAGACAGCGAGTACAATTCTGTTACCAACTTTTTCAGTTTCGGTGTGCAGGCCGCCGGCCTAATCGATACCAGAGATGAGGATATTCTCGGGATTGGCTATTCCAGAGGCTTTTTCAGCGACCAAGCGGACAATACTTACATCAGGGATTATGAAAGCGTTATGGAGGGGTATTACAACTTCCAGCTTTCGCCTTCTTTTGTGCTTAGCCCGAACTTGCAGTATGTCTCTAACGCCGGCGGGGAAGCTGTGAGCGATGCGTTTATAATGGGGCTCAGGATGCAGCTCATTTATTAAAGGAAGCCATCAAACCCAGATTTTATCCCTCACAGCGGTGTCATCCGATTGATATTAACACATCGCAATTGCCGATCGGTGCCGCCGCCGACTTTTTACACAACGAAAAGATTCTTTGTCATACAGCGTCCTCCTTTGCGAATACGCTAAGCATTCGCAGCGCGAAGATTTCCCGCTTGCCGCCGGGCTCACAGCGAAAGTTTCAGAAGGTCTGACAGATATATTGAATATTCTGAATCGTGGAACAAATTTTGATATTGACATTTTAAGGCGAATCTTATTATATTAGGCTCTTTGATTTCGGGAGAAAAAAATGAGCAAAGATAAAGAATTATCGGCCAGTCTGGAAGATTATCTGGAAGCCATATTCACTATAATAGAAGATAAGGGAGCCGTTCGGGCGAAGGATATTGCAGCGAGGCTTAACGTAAAGGCCGGGTCTGTAACGATTGCGCTGAAGTCTCTTGCACAAACAGAGCATATCAACTACAAGCCTTATGAAGTGATAACGTTAACTCCCAAAGGCCGGGAGGAAGCCAAAGAGATTGTTCGAAAGCGTGAAATACTCAGGGATTTCTTCGTGGAAATCCTCGGGGCAGATAAAGATACAGCTGAGCAGGGTGCATGCGGTATGGAGCATGTTATATCAGAAAGCCTCGTTAAGCGTTTGATCTGCTTCACCGAATTCATTCAGGCCTGTCCGCGCTGCGGAAATGATATAATACAGAAATTCCATGAATACTTCAATAAAGACCTTCTCTGCAGCTCTGAAGATTGCGGCGGGTGTCTTACCGCAGGAATTGGCCGCTTGCAGGAGGAGAAACGCAAGCTTCAGGCAAGCACCGAAGAACTAACCCTCTCTGATATCGCTATAGGCAGCAAATGTATTGTGAGAAGACTGAAGAATTCAACTGTATTAAAGCGTTTTGCTGAAATGGGCATTGGCAGAGGCGCCGTTATTGAGGTGGAGAGAGTTGCCCCGCTGGGCGATCCGGTAGAAGTGAAGGTGAGAGGCTATCATCTTTCTATCAGGAAAGATGAGGCAAGGTATATTATAGTAGAAAAGCAGTAAAGCCCGAACAAGCCTTACTGCCTTTCTGCAGACTGCTTTTCAGCCGATAATTTCCAATTCCCAAGCACGGAGAGTCTTTTTTCAGAAAGCTTAGAAGCTGTATCTAACAGCGGTGTATATATTCGTATTATCTCTGAACTGACCGAAGAACGTGTAGGGGTAGTCGCCCCAGAATATATTTGCCCCCGCTTCAACAGCGAGATTATCATCAACCTTGTAATGAATGTTCGGCCTCATATACACATCCTTGTCCGAAGGCGAGAAATACGTAAACAGCGAGGTTGTGAGGTTCTGGTTGAAATAAAGCTTGGTTATTCTGAAGGTCAAAAGCTGGCGGTACTGGTCTATCGTGGACTCCTGCCCGGGCGGAAGGCTCTCTTCATAGCTCTCATACCGCATTGTCTGCTCTACGTAAAACTGCACCGCTGCAGTAAGGTCGCTGGCGATCTGCGGGAGATCCTGCTCATAGCCCACGAGGTATCTCATCTGGCTGTTTGCTGCAAATGGGTCGTCGCCGTCCTGATCGTCGCGTGAGTCGTAATAGCCAAGTTCGATATTACCTATGCCTGCTCCAACCTGCCCGCGAACGCTCGCTCCATAAACGTTAAGGTCGTTGAATGTAAATTCGCCTGTAGATGGAATCTGCCCTGAGGGGCTTTTCCAGTATCCCCAATAGCCGTAGGCTGCGAGTTCATATCCCTGAACATTTTTCGAAACTCTCACCGCCCATTCATCATCTCTGAACCACTGATCCGGCTTTTCTGTACGGAGAAGGGAATCCTCCCCTGCGGTCTGCATACCGTTCCAGTATGAGTTTCGCTCGCCGTTGATGAAGCGGTCGGAATCGAATCTTGGAGTGTAAACAACGTCAACGTTTGCGATGTCTGTATAAAAGCTCGCCTTGGCGGCATCGGATGGGGCCTTGAGGTATTCGGTATCTCTTCCGCTGAAGAAAGACTGCCAGTCTTTCGGGAACATATCGTTGATGAAGATTAAATCGCCAGTACCCCATGTAAGCACCTGACGCCCTGCCTTGATGTCAACGAAATCTGCCGGCGAGAATAGCAAGTTTGCCTCTCGGAGATCTAAGAAGCCCTCGCCCCGCTCCAGATCCACTCTGTGGCCTCCGTATGCCCAGTCGTAGTAGATATCCGAAGTAATTGCGAAGGTTATTCCCTCCCAGTATTTCTCCATCTCGAGCTGAAGCCTTGTCTCGCCTATAGACATATCCTGCTGATGCTCATCGTTCTGAAGCCTCCAGCCGCTTCTGAATTCCAGGAATCCCGTCAGGCCAGTGAGGCCGGAATCGAAGAAGGAATCGCTCTGGGAATCCTCCCTGCTTTCTTCCTGCTCGTCCGATTCCGAATCTCCCCCAAGCCCTGAGGGCAGTGAAGGACTGGATGTGCTTTGTTTTTCTTCAGAGCTTTCCCCTCCGAGGCCTGAAGGCAGTGAGGGGGAGTCTGAGCTCTTTTCCCCTTCATCAGAGAGCCCGGAAGGGAGACTGGGCGGCGCAGCTAGAGCCAGACCGCCCATTAAAACTGCAATCGAAAAAACTCTGAGCATAAAACTCATCTTTATATTCATAGCAATTTTCCCTGTAAACAGGATTAGTCTTCCTCAAGCGGTTTGTGGCAGAACCACCAGTCGTAGTTATCGTAATCTTTGATTCTCTGCTCTGCGGCTTTAACGTCCGTAGCGGGAGGGAGGATAACGTTGTTTCCGATAAGCTCATTATCCGGCCATCCTGCCGGGATAGCTCCCTGATTATCAGAAATCTGCAAAGCCTTAACCGAGCGGACGACCTCGTCGATGTTTCGTCCAATCTCCTGCGGGTAGTACATTATCAGCCGGACTTTGCCCTGCGGGTCAACAATGAATACCGCCCTTACGGTGTTTGAGCCCTTCACCTCGTGAAGCATACCGAGCTTCTTTGCAACCTTCTCATCCGCTGCCACAACTGGGAATTCGATAGTTACGCCGAGCTCTTCCTTGATCCACTGAACCCATTTGATATGCGAGAACACCTGATCTACAGACATCCCCACGAGCTTGCAGCCGATCTTGTCGAACTGGTCTTTCCTCTTCTGGAAGGCAACGAATTCAGTCGTGCACACCGGAGTGAAGTCTGCCGGATGGCTGAAAAGCACAAACCAGCTGCCTTTCAAATCCTCCGGAATGTTCATTCTTCCGTGAGTTGTCGCAACGTCAAGATTTGGGAACTCGTCCCCAAGAAGCGGCATATTGAAATTGTTATTTTCCATATATAACCCTTTCTAAAAATAAATTTACCTTAAATATTTCCTTGCAGGTCTTCTGAGATAACGCTCAGTGAAGACCGATTCCTCAATACCAATATTATATTCAACATCTGAATAAGTCAGCACTGTATAACCACCGCTGTCCAGATCAGTCATTTTGGATTTAGTTACAGTAGGGTAGCCTTCGATGGTCTTAACTTCCTGAACCTCGTAAACCCTGTAGGGCTTGTCCTGAGAGTTGTAGTATTCAGATTTCACCACTACGAAGCTGTCTTTATGAATCCACATTTTGTAATACTCAAACTCCACAAGTTCTTCATCTTTAGGCGTATTCTTGAGCACATAATAATTGTCTGTGGTTTCTACAAGCTCGTGCTTATCGTCTTTTATGCTTCTTCCGGAAACGTCTTCATAGAAGAAGTGCGAGCCTACGAAGCTTGTGCGTTTATCAGTAGCCGAGATCCTTTTCACCAGATCCAGCGCCGGAAGATACATCCATCTGTCATCATCCTTGGTTAAATGCTTCCAAACCATAAACACGGTTTTATTTACATCAGCAGGACGGGTGAAGTAGGCATAGATTTTCTGCTCCTTGCAGTAGCTGTCGTCCTTTCTGGCCTTCTCTTCAGGCAGCGAAGGATCCAGCTCATCTCGCCGGAGGATAATCAGCTCCCTGTTTCGAACCCTGTCTTTGCTGTCAACGATTTCCATACTCACTTCAGCTCTGCCGTCGTATCCCTGATAATAGGAGACCCTGTTGGCATTGTGAACGATTTTCTCAACAGTGATTTCACCTTTTTTCTCTTCAGCGGAAAATGCCGAAGAGCTGATCAAAAGAGCTGAAAAAACTGAGGCTAATGTTAATAATTTTCTCATTCTAATTCTCCCTTCCTTTCATTTTTGAATAATCTTTTCTCGAATACCCTCACCAGCGCCGGCAGCAGAAGGAGTGTGCCGACTCCGGAAACAGAGAGTATTGTTGCAAGCAGTATTCCAACTGTCTTATACGGTGTTAGCGGTGCAAGTATGAGCGGGAGGAAACCAACCGCAAGTACTATAATATTACGGGTTATAGCAA
NZ_CP021023.1_gap22	1167058	1171396	4338	AAACAGTATATGTAGATACTGATAAAATTATACATAACAATAGCTGGATTAATAAGCATAAAATTTTAATTTCAATGGCTTATGGAATGGGAAATGCTAAACCATATCAAGTTATCAATAAACCTTTCTATGCTGAGCCTAACTCCTGCTGCACTGAGACATACCTTGTAATTGGACCATTTGATTCAAAAGAAATATGTGAAAATGTAATCAGTTATATAAAAACAAAATTCTTCAGATTTCTTGTTCTACTCAGAAAAAATACTCAGCACGCTGCAAAAGGTGTTTATCAATTTGTCCCTATTCAGGATTTCAACGAGCCTTGGACAGACGAAAAGCTTTACAAAAAATACGGCCTTGATGAAGAAGAAATCAGCTTTATTGAATCAATGATTCGTCCAATGGAGATGGATAATGAATAATAAGGCTGAAATTGAGAAAATAAGCGTCGCTCATCAGCAGAATATCATCATTTACACCAGCCCCGACGGCAAGGCATCGGTTGCTCTTTACACCAAAGACGGCACGGTGTGGATGAACCAGAAGCAGATCGCAGAACTTTTTGCCACCTCAGTACCAAACGTCAGTATGCATATATCTAACTTATTAGAAGAAAAAGAGTTAGATGCAAATTCAGTCATTAAGGATTACTTAAAAACTCACCATATCGGGAATTGACAAAGGGCAGGATAGCCGATATTATCCTAAAACACAGGAGCGAGAAATGAGCAAGTTCACCTTTCCCTCAAGGCCGCAGGCAGATCCCAAAATATACGCATACGAAGATACAAACCCGCAATATGAAGGGTTTTTGAAGGTAGGTTATACCAGCGTGGATGTTGAGAAGAGAGTTGCCCAGCAGTACCCGACAGCGCGGCCCGGGAAACCGCCATACAAAATTGTGCTCAGCGAGCCTGCTATAAGGAGCGACGGCAGCAGTTTTACAGACCGCGATGTTCACAGGCAATTGCTGAAGATGGAAAAAGAAAATCCTGAGGGCGAGTGGTTTAAGTGCAGCAAGGAAGATGTTAGAGCGGCGATTATAGCAGTAAGAGAAGGGCTGGAGAACGAAGAAAACCGCTATAGAGATTTTGAAATGAGGCCTGAACAGGCCGAGGCAGTGAAAAAAACCGCCTGTTACTTTGAGCAGTGCAAAAAGGAAAGGCCTGATAAAACCTCCCATTTCCTATGGAACGCAAAAATGCGTTTCGGAAAAACATTTGCTGCTTATAAGCTCGCAAAACGGATGGGCTGGAATAAAATTTTAGTTCTCACATTCAAGCCCGCAGTTCAAAGCGCATGGGAAGAGGATATTAAAACGCATATAGACTTTGAGGGCTGGCAGTTTATCTCAAGAAACGGTCTGCGTTTTGAAGATATAGACAGAAACAAGCCTTTTGTATGTTTTGGCTCATTTCAGGATTATCTCGGCAAAAACGCCCTGGGCGGAATTAAAACAAAAAATGAATGGGTACATGAAATCAACTGGGACTGTGTAATCTTTGATGAATACCACTACGGGGCATGGCGGGAAAATGCGAAAGAGCTTTTTGAAGCGGAGGATAAGAAAGAGCAGAAATTTGGCCAAGGAGAAGGGATTGAGCTTTACGAAGAAGAAATAATGCCCATTACAACCGATGCCTATCTCTATCTTTCCGGAACTCCTTTCAGGGCGATAAGCACAGGCGAATTTATCGAAGAGCAGATTTTCAACTGGACATATTCCGATGAGCAGAAAGCAAAAGAAGAATACGCCGACAATCAGTATAACCCCTATGCTCCACTGCCGAGAATGGCAATGCTAACTTATCAGATGCCCGATTCGATAAGACAGGTTGCAATGGGAGGCGAGTTTGACGAGTTTGATTTGAATGTGTTTTTCTCGGCAGAAGGCGAGGGGGAAGAGGCGAGGTTTGTATATGAAGCTGAAGTTCAAAAATGGCTAAATCTCCTGCGGGGGGCAAATATAGAAAACTACACCTCAGATTTGAAACTCGGCTCAAAAAAGCCGCCGATGCCATTTTCGGATTCGAGGCTGCTTAATATGCTCACGCATACATTCTGGTTTCTGCCGAGCGTTGCCTCATGCTGCGCTATGCGAAATCTTCTAACTAAAAGAAACAACACCTTCTTCCACGATTACAAAATAATTGTTGCCGCCGGCCGCTCTGCAGGCATTGGAGTTGATGCGCTCGGGCCTGTTAGAGAAGCTATGGACAACCCGCTTAAAACAAAAACCATTACTCTCTCTTGCGGAAAGCTTACTACGGGGGTAACCGTTAAACCGTGGTCTGGTATTTTTATGCTGAAGAATCTTTCAAGTCCGGAAACATACTTCCAGGCGGCCTTCAGGGTTCAGTCTCCTTGGACAGTAAAAAAGAGCGATACCAGCGAAGAAGAAATATTGAAAGAGCAATGCTATGTATTTGATTTTGCTCCAAACAGAGCTCTTTCTCAAGTGGCAGAATACAGTTGCAGATTAAACGTTGACGAAAACAATCCTGAAAAAAAGGTGGCGGAGTTTATTAGGTTCCTGCCGATTCTTGCATACGACGGCAGCTCCATGAAGCAAATTGATGCTGCGGGGGTCTTGGATATGGCAATGAGCGGCACATCCGCTACACTTCTCGCCAAGAGATGGGAGAGCGCTTTGCTTGTTAATGTGGACAATGGAACACTTCAGAGAATAATGGATAATCAGAAAGCGCTTGATGCTTTGATGAGCATTGAAGGATTCAGGAATCTAAATCAGGATATTGAAACGATAATCAACAAATCGAATGATGTTAAAAAAGCCAAGAAAGAACTTGGCGAAGAAGAACCTTCAAGCGAGAAAAAGAAAGAGATTTCCGAAGAGGAAAAAGAGTATAAGAGCCTGCGCAAAAGGGTTCAAGATAAGCTGATAAAATTTGCAGCGAGAATCCCTGTATTTATGTATCTAACAGACTACAGAGAACGAACGCTTAAAGACGTAATAACGCAGCTTGAACCCGGGCTTTTCAAGAAAGTAACAGGGCTAACCGTTCAGGATTTTGATCTTCTTGTAAGCATTGGAGTTTTCAACGACTCGCTGATGAACGACGCTGTTTACAAATTCAAGCGATATGAAGATGCAAGCCTTGATTATACCGGAATAGACAAACACGAAGGCGAAGATGTAGGCCTGTACAGTACGGTAGTGAGCAGCGATGAATATGAAAATATGACGTGAGTTTGAAGCGGGCAGCATTATTCAAACGCTTGAAAAACAGATTGCAATTAAAAGACACAGAACCGCTGCTTTTGTCTGCTTTATTTGCTGTTTACAATCACTGCTTGGGAATATAGAATAACAGCAGTGTTTCAACTGCGCCAAACACCAAAAACAGGGAACAGGAAATGAGCTTAAAAGTATATAATTCGCTAACAAGAGAAAAAGAGAGCTTCAAACCGATAAATGAAGGTTCGGTGGGGATGTACGTATGCGGGCCTACCGTTTACGGCGATGCCCACCTCGGGCACGCAAAGAGCTATGTGAGCTTTGATATAATCGCCCGATATATTGAATACCTCGGCTACGATCTCACATACGTTCAGAACATAACAGACGTAGGCCATCTGACAGACGACGCCGACGAAGGCGAGGACAAGCTCGCTGTGGCGGCGAAAAAGCAGAAAAAGCACCCGATGGCTCTCGCCGAATACTACACCGCCAGCTACTTCGAGGATATGGACAAGCTCAACTGCCGCAGGCCGGATATCAGCCCGAGGGCAGCAGGACATATCCCCGAGCAGATTGAGCTTATCGAGAAGCTTATAGATGCCGGCCACGCATACGAGGTGAACGGCTCGGTGTATTTCGATGTAACAAGCTTCAAAGGCTACGGCAAGCTCTCAGGCAGGAATCTTGAGGATATGCTCAGCGGGACGCGGGTGGGCGTGAAATCGGAAAAGAAGCATCCCGCAGATTTCGCCCTCTGGAAGAAGGCAGAGCCGAATCATATAATGCAGTGGAAGAGCCCTTGGGGGATGGGATATCCGGGCTGGCATCTGGAATGCTCTGTTATGAGTATGAAGTATCTCGGGGATACGATCGATATCCACGGCGGCGGGCTCGAAAACAAATTCCCCCACCACGAATGCGAAATCGCCCAGTCCGAAGCGGTTACAGAATGCCCCTTCGTGAAATACTGGCTGCATAACAATATGGTAACCGTTGACGGGACGAAGATGGGCAAAAGCCTGAACAACTTCATCAACTTAAAGCAGGTGTTCTCTGGCAGCCATGAACGGCTCAGCAAGGCCTACGACCCGCTCGCAGTTCGAATGCTCATTCTCAACAGCCACTACAGAAGCCCG
NZ_CP021023.1_gap23	1174701	1178783	4082	GAGTATAAATTTACCATCCTCGCTAGGTCTGTAGCCTTGGATAAAATCTTCATAACTGTAAGACTGATGAAACTGGATCATCTTAACTTTGCTGTTATCTTTAGCCCCAATAAGACTGTACGCTATCCTCTTGGCTATGAATGTTTTCCCAACCCCCGGCGCCCCCTGCAGTATGATATTCTTTTTCTCTTGGAGCAAATCAACTATACCGCTGAAAGTCTCCTCACTCATAAACAAATCCTGCATCGCATCAGAGATAGAAAAAGAAGCCGCCTTTTCACTTTCGCCAACCAAACGAAGATAATAATTAACCATATTCTCGTAAGGCGTTATATCGGTTAGCTCCTTCGCCGAACTAAGCATATTCTCCTTGACATTCCAATTGCCTATTACCTTCCACTCAACTTTGACACTATTTCTCAATTTAAAGTCTTCTTCTTTGCGATATTCATACTCTCCTGAAACTACACCATACCCCACAATCTGCTGTTTATCATAGCCTTGATTAAACTTAGCAAAAACAACATCTCCTCTTTTCAGTTCATGGGCGAAATTATAACAGAGCAGTTGAATCATTATGGGGTTAGAATACTGTGGGAACTTCTTTTTTATCGCTTCCCCAACTTCCTCTTTAGAATTGTATTGACGCAAATCACCGATCTCCCCCCACCCTATTGTTGCAACTTCTTCGTCCTGCCATTTCTGCCATTTTTCTTTTGTAAACGGCGAAATAGCCCAATAGCGAATCTCTTCATGAGATCCAGTTTCGTCATCTTCAGTTTGGCTGGCGTTTCTGCTTAGCAATGCTTGCCTTGATAATTCAGGGAAGGAGATTTCTTCCCCTTTCTTACTTAAAGCATCCTTCATATCATCTATCGCATTCAGGTAATTAGAACCACTCAAGTCTTTACGACTTGGGACTTTAATGCCCAGATTAGATTTAAGATAATTCCTGGAAAGGCTGTCAAGAGTCATAAATTTAGTAGGGCGAACCCAAAAGAGCCCAGAGGTTAAGTTGAATTTAACATTTTTCAGATCAACCGCGCTATCAAAAGCCTTTACGAAATGCTCCTTTTGTTCCTGATTAGACTTATCTGCATAACCCAAGGATGCCTCGAAAACATCCCAAAGCTTATCTATATCACCCTCCTTCCTTAGATACAAGAAACGGTAAAACAATGCCATGAAATTGTTAAGCGTGGGAATGCCGTCATCAAAATTAAAATTATCTGGCAGTCGGTTTTTAAGACTTAAAGATTCAGCTAAATAGTTAGCGAGATTAACACGTAAATTCTTTTTAATATTGCGATTAAAAATTCCCATAAAAGTAAAAGGGCAGATATCCTGAAGAGGAATTTTTTCATTTGGGGCTTTTTTGTCGTGTAGATAATCTAATTTATTAGATTCGGCTTTTTTCAGTTTGGAAACAATCTCAATCAAGGAATTGCGGTTATTCTTGTATTTAAGCAGTTTATTTGCAAACTCTTCATAAAACTCAACCCAACTGCTCATATTCTTAACTCCATAAATATAATCGTTCTTTCAAAAAATAGGCTTCTGAAACGGGCTTATTAACACTAATTTAAGTATTATACTCATCAGCAACTGAAGCCTAAAACGGACATTATACTCTTTAGAATCTATAAGTCCAGCGGGTACACTGCCCTTCACGTTTTTTCACTCCCGTTTTGCAGTGCCTTCTTGGGAAATCGATATTTTTCTCAACAGGGGCTTACAAAAATTTACCGCCAAAGTTAGGAAAAGACTATAAGATAAGCGTACAACCCAAATGCGGCAGTCAAAAAGTAATTTTTCTAAAAAACCAAAAAGAATTTTATGCGTAAAACTAAGAAATAAAAAAAACTTACAGAATTGACACATAAATGTTATAATCACTTTCAGGTATAGATGCTTTTTGACGAGCATTAAAGGCCTGAAATCAAAAATGAAAGGGTTTTACCGATGGATGAAAACAAAAACTTAGAAGATCAAAACAGCGAAAATCAGCAAAACGGGCAGGAGCAAGGCCATGAGGGCCAGAGCAAGGTTCATAAGTTCTGGCCGCTTGCTTTGATCGTCATTATTGCGGGAGCTGCAATACTGATCCAGAAAACTCCGTGCTGCGGCATAGCAGGACAAAGCGGTCAGGCAGGCGGAAACGCCGAGGGCATAAAGCAGGCAGAAGTGAGCAGTTCGCTTACAGGGATAATTCCCGCAAGCAGGCTTGCTATGGAGAGCTTTTACGGTGCAGATGCCTCAGAGATGTCGGTTGAGAATCTTGAAGGGGAAAAGATCGAACTGGCAGAGATGGAGGATAAGAACGTTTTAGTTGTATTCTGGGCGACGTGGTGTCCGCCGTGCAGGGAGGAAATTCCGGAGCTCAAGAAACTTAGAAACAAGTACAGCTCTGATGAGCTGGAAATTATAGCAATCAGCTTTGAAAATGAAAAAACAGTGAAGGATTTCGCTCAGGAAAAGGGCATAAACTACACAGTTGCGGCAAGCTCGCAAAACGAGCTGCCCTCACCTTTCAAAGATATAAGGGCTTATCCAACGATTATGTTTATAGATAAGGAAGGCAAGTTTAAGGCTGTAGTTGAAGGCGGAATTGGCCTTGATACTATGGAAAAAGTTATTTCGCTGTAATATTACAAAAGCAAAAAGGAGAAAATTATGGACAGACACCTCATTCTCGGCGTTCACGTAACAGAGAGGCTCAAACACGCTCAGGCAATTCAGGAAGTTCTCACAAACTTCGGAGACACAATCAAAACCAGAATAGGTCTGCACGATGTGAACGGAGAAATCAGCTCCCCTAATGGTGTGCTTCTGCTTGAATGCATCGATAAGCAGGACCGCTTCAGTTCGCTCAAGCAGGATTTGAGCAATATTGAAGGAGTTGAAATCAAAGAAATTGTTTTTGATCACTAATCGCAAACTTCAATGTAATTTCCGGCCGCAGAGAGCAGATTCAATTGATTCTCTGCGGTCTTTTACTTTCCCAGAAAAAGTTTATGGAAAAAGATCTTAAATCATACACCCTTCCCGCTCTGCAGGAGCTTATTGCCGAAAAATCGGGAAAAAAGTTTCACGCAGGCTACATATTCAGCTTTATACACGAGAAGCAGCACAGCAGACTTGAAGAGATCACCCCTGTGCCTGAGAAACTGAGAAACATTCTCTCAGATGAGGGCTTCTTTATAAGTTCTCTGGAGATTCTCGAAAGGCAGAAAGACGCTGACAGCACCGAAAAATTCCTCTTTTCCGCCCAAGACGGAAGCAAATTTGAATCCGTTCTGCTGGATGATAACGGAAGAAAAACAGTTTGCATCTCCTCGCAGGCCGGCTGCAGAATGGGCTGCGGATTCTGCGCTACAGCAGGAATAGGCTTTATAAGGAATCTGTCTTCAGGGGAAATAGCTGAGCAGGTTTACGCCGCAAAAAGAAGCGCTGAGAAAATCAGCAATGTGGTATTTATGGGTATGGGCGAGCCGTTCGATAATTACGAAAATGCAGTGAACGCCGCCATAATTCTCAACGACAGCAAAGGGCTTGGCCTCGGAGCAAGGCATATAACATTAAGCACCTGCGGGCTAATCGACAGAATCGAAGATTTTACCCAATTGGACAAACAGTTCAGACTCGCTGTAAGCATACATGCAGGATATGAGGAAACAAGAAACAAGCTGATGCCAATAAACAAATCCAACCCGCTTGCCAAACTCTTTGCTGCTGTAGAAAACTACTGCCGGAAAACAGGGCGAAGGGTAACGCTTGAATACTGCCTCATCGACGGCATAAACGACAGCAGAGAGGAAGCAGTTAAATTTGCCCAATCAGCCCAGCGGCTCAAATGCAACGTAAATCTCATAGAATTCAATCCCGCTGGAAGCCTGAGGTTCTCAGCACCGAAAAAGGGAAAAACAAACGCATTTGCAGATATCCTTCGCGAGAACGGCATTGAAACCCATATTCGTTACCGCAGAGGCAGGAATATCAAGGCCGCCTGCGGACAGCTCGGCGCAGAATGGGAAAAATAGACTGCTAAAATAATTCTAATATCTTGCTAACATTTCTCTAAC
NZ_CP021023.1_gap24	1202353	1206999	4646	AGTATCAGAGCGTATAGATTTATGTTTTGCCCGTTAGAGTTCATTCTGTCCTGCCATTTTCCTGCGAACACAATTCATTAAAAGCTTATGTATCCTTGCAAGGGCGTAATGGGTTGCCCTTGTAGATTTGGAGATCTTGGCTCCAATGCTTTTTAACGTGAGGTTGTCTTCATACCTCAATCGAATTATGTCTTTATCCAGAGTTTTTAATTCTTTTAAGCATACCTCAAGCAGTTCTGTCCGCTCATCAACAGGCTCTGCATTGCAGTAGTCCTGTTCGAGAAGCTCTAAAAGATTGCTGCTGAACTTTACTTTTCTGTTCTTGTTTTTCTTGTAGAAACTGAGCACCTGATACTTTGCGATAGTCATTGCCCAGCTGCTGAAGTTCATTGTTTCCTTGTAATTAGGAAACTTCTTCCACATTACGGTAGTTACTTCCTGCATGATATCATCAGCATCGTTGCTGTTTGATACCATGGAAAGTATAAAAGCATACACACGTTTCTCGTGCTTCATAAGCAGCCTCAAGAAGCGGTTGGTATCTTCACTGCGTTTGTCTTCATTAAACTTTTCCATTTCTCTGTATGCCTTTATCCGTTAGGGGCATTATTTTACAAAAAATATTTTGGATTTAACAATTTTTTTCTTTTTCTTGAGTTTTATCCCTCAATAACAATACCCTTTTCTTGATAAATACATTTCAGTTTATTATAATCTCTGAAGTTGGAGCATTGAAAATGATAATATTATTAGTCTCGGTGCGGAAATGATTTGGAACAAAGAAATCGAGCAGATGCCTCTGAATAAGCTTAAAGAGGTGCAGTCTGCCAGGCTTTCAAGGCTGGTAAAATATGTTTACCAGAATTCGGATTTTTACAGGGCGAAGCTGGATAAAGATGGCCTAAACCCCTCACACATCAACGGGCTTGAAGATATCGAAAAGCTCCCATTCACAAACAAAACAGACCTTCGAGACAGCTATCCCTTCGGCCTTTTCTCAACAGATGTAAAAAGGCTCTCAGAGGTGCATGTTTCCAGCGGTACGACAGGAAACCCTACGGTTGTGGGCTACACAAAGGAAGACCTGCAGCTCTGGGCTACTGTAGTGGCGAGGTGTCTTTGCCTTGCCGGCGCAGAGCAGGGCGATATGCTTCAGGTGGCCTACGGATACGGGCTGTTCACAGGCGGGCTCGGCCTTCATTACGGCGGAATCGAGATGGGGCTTACAGTGATCCCCGCTTCCAGCGGCAACACCCAGCGGCAGCTCAAGATGATGCAGGACTTCAAGCCCCGAATCCTCGCCTGCACACCCAGCTATGCTTTGTATATGGCAGATGAGGCGCGAAAGTCCGGCCTGGATCCGGCAGAGAGCAGCTGGGAAATAGGCATCTTCGGGGCAGAGCCCTGGAGCGATTCTATGAGAGATGAAATCGAAGAATCTCTCGGCCTTTTAGCAACCGATATTTACGGGCTCAGCGAGATAATCGGACCGGGCGTATGCCAGGAATGCACATATAAAGACGGCCTGCATATATTCAGCGATGTATTCTATCCTGAGATTATAGACCCTGCCACAGGAAAACAGCTCCCGCCCGGAGAAGACGGCGAGCTTGTAATCACAACTCTCACTAAGGTGGGGATCCCGCTTATCAGATACCGCACGAGGGATATAGTGAGTATGGATGTCTCGCCATGCAGGTGCGGACGCACCAGCCCCAGACTCAGCAAGATCAAGGGCAGAACTGATGATATGATGATTATCAGAGGGATTAATGTATTCCCGTCTCAGATTGAAGATGTTCTGCTAAGCATAAGAGGCACTCAGCCTCATTATCAGATAATCGTTGACCGTGCTTCTAACGGGATGGATACGATAGAGCTTCAGGTTGAGGTGGAGCAGCAGATGTTCTCCGATGAGATCAAGCAGCTCGAGGCCCTTGAGAGACAGATTAAAGAGAAGATGGATTCGGTGCTCTCGCTGGGAGTGAATGTAAGGCTCGTAGAGCCCGGTACAGTGGCAAGGAGCGAGGGAAAGGCTAAGCGAGTTATCGATAAAAGAGGCCAGAGATAATCCCGCAATTTTGTGAGGTGAATAATGAAGATTACTCAGATTTCAGTTTTTCTTGAGAACAGAGCAGGAAGGCTCTCTGAGGTGTGCCGGCTTTTCGGCGAAAACAATATAGACATCAGGGCGCTGAATATTGCAGAAACCGAATCTTTCGGCGTAATGCGGGTGATTGTGAACAAGCCCGAGAAGGCAATCGAAGTTCTGCAAAGCAGCAACGTAACTGCAAACATAACCGACGTGGTGGCAGTGGAGATTCAGGACCGCCCGGGCGGGCTTGCTGAAGTGCTCGATACGATTACCGACAACGGGCTCAACGTAGAGTATATGTACGGCTTTATGGAAAGGCAGCAGGGCAAGGCGATTATGGTTTTCCGATTCGAAAAACCCGAAGAGGCAGCCAAGGTTCTCAGCGATAAAGGGCTGAACGTCTTAAGCAGTGATGTAATTCTTTAGTAAGCCCTGCCTCAAAGCAGCTTTTGCCCGAAGGCGAACAATATCGCCTCTAAACCACTACTAATAATTGATTTTGATTCAGTTAGGATTTATTTATGCGCAGAATTTTTATAACTCTCGTTCTGATCTCTTCAGCACTGCTTGCAGGCGGCGAGAAGGTTGACAAACTTATATCAAAGCTCGAGAAGCGTGCTGATTCTATCAGCTCATTTAGAAGCGATATAAAATACACCATAAAAGAAGATAACGGGATTTTCAAGACTCAAACAGAGTATTCAGGCAGATTTTCCTTCTACAGAAACACTAAAGACGGGGAAAAAAGAGAAAAGGCGGCCGTAGTTTTCCTTACAAAGAAAAAAGATGACGGCAAGGCAAAGAAGGAAAAAAAGAGATACGTTTTCAACGGCGTATGGCTTGTGAAATTCGATTATCCCCTCAAGCAGGTCTCCAGATTGCAGCTTGCACCTGAAAACGAGCCTATGGACACCTTAGACCTCCTGGCAGAGGATTTTCCGTTAGTGGGCTTCGGGAGCAGGGAGAAGCTCAAAAAAGACTATCAGATTAAACTGATTGAGGAGAATGATAAAAAATTCACCCTCAGCCTCAAGCCCAATAAAAAGAGCGACAAGAAAAAAGAGCTCATTATTGAGATTGATAAGGAATTGCTTGTTCCCCAGAAGATAACCGCAAGGCTCAAAGATGAGAGCGAAACAATGCACATCAGCTTCAGCAGCGTAAAAATAGATGGAAAAATCGAAAAGAAGGATTTTTCCGTTGAAACTCCTCAAGGTTTTTCAGAGAATATAAAGAGATTAGAAAAAACCGGAACTAAATCAAAGGAAGAAAAAAATGGCTAAAGCACTTGTAATATACTACTCACGCAGCGGAAATACCAAGCTTATGGCTGAGATGATCTCTGAAGCGATGAATGAGGGAAACCTCGACACTGAATGCAAGGCTGTTGCAGATGTAACAGTGGAGGAGATGGCAGAGGCTGATGCTCTTGTGCTCGGTTCGCCAACCTACTACGGCCAGATGGCAGGCGAGATGAAAAAACTGCTGGATGAGACTGTGAAAAGGCACGGACGCTTCGACGGGAAAGTAGGCGGGGCGTTTACGAGTGCCGTGAATGTTGGCGGAGGAAACGAAACCACGCTTATGGGAATCCTGAGCTGTCTTCTGGTGCATGGATTTGTGATACAGGGCGACCCTCAGGGCGACCATTACGGGCCTGTCTCACTTTCCAAACCAAACGAAAGAGCCCAGAAGCAGTGCAAAAGATTCGGAAAGAGAATCGCTCAGCTCACCCTCAAACTCGCAGAATAAAGTTCCAAGCCTCTAATGGACTCAGGGGGGCGAGCCAATTGGGAGTTCAAAGCCATATCGCTGGACTCTCGTGTAGAGTGCAGCAGTAATCAGTTTTCCGCTGATTCGCTGCCCCTTCGGCAGATTTATTGCGAGGCCCCTTTAGCAGAGCTTAAAATGTTAATCCGCTGCCGCTCTTGTTTTGCAGCCTCCCCGTTCATTTAGCATTTTGAAATCATTTTTTCTTGACTTCACCGGTGTAATTTGAGATAATTTAATCGCAATAGAAAAAACCGCAGAGGGAGGCGTTTATGAATTTGACTGTTCTCAAAGACGGCGAGAGTGTTAATGAGCTTCGTTTCGACAGCGGCCCGATCAGGGTTGGCAGGGAGATTGGTTCTGAAGTTTTTCTTCCGGATTCATCTGTATCCAGAAAGCACGCTGTTATCTACAACGACGACGACAACAACTGGGTAATCGAAGACCAGCACTCCTCTAACGGCACAAAAATCAACGGCAAAGAGATCTGGAAGGCTATCCTCAAGCCAGGGGATGTTATCAACATATCCTGCTTTGAACTCAGGCCTCGGATTCATAAGGACAAAGAGCGTCCGAGAGCTGCCCACCTTGAAGACACGGTCGTTGAGGGGCTGGATGTTTCAGACAGCGTTGAGATCAAGAGCAGGGATATAATCACGCGTAATATGCGTTCTGATGACAACCCCATGCTCCGCCTTAGCAACGAGAGATTCCGCAAGATCCGCGAGCACCTTGCAGATGTGCTTATGATAGACGAAACACCAAAACTGCTCGAATACTG
NZ_CP021023.1_gap25	1209561	1211936	2375	CAACGCTCTGAAATCCAAAAGCTATTACAATTGCCTTCAAGTCCTCCACCCCTCTCGATGTTTATAAATCCAAGCTCTTCGAGATGGTCAATTGCATTTTTGAATCTTCGCTCGCCGTATCCGAATTTTTCCTTCGCCTTTTTGTACGGAAACACTATCTGCCCGTTGTTTGCGATACTCCACTGCACGTGTTTGCCATTTGAGTTTCTGTTCTTTACCATTCGGCGGCTTGCGTATAGCTCCATTAAAACAACGTGAGCTGTCGCCGTCTTAATATCCCTGAAGGCCTTGCTTGAAATAAGGCCTGCTGGAAGTACAATGTTTAGCTTTTTAGTCTTGCTCTTGCACATTTCCGCTCAAGTCCTCCTCTGGAGAGTTTTGGCGTTCTCTAAGGGCTTCGGCGGCAGGGCTCAAGGGGTACAGGGGGCAGCTGGTATTTTCGCATTTGCGAGCCTCTGAGGCCTTCCAGCCGAAGCAATGAATGCAATGGCATTTTATAGCCTGCTTTGCCGAAAGTTTTCCCGCAATCGCTCTCTCATACATTTTGCGATATCGTTTGGGAATATCTTCAGTTTTCATTTCTTACACCTCAAAATAAAAGCTTCAAGGTCTTTAATGTCGAAGCGAACGGCTCGCCGCAATTTCACTTGTGGAAGCTGGCCTGATTTTTTCAGGCTTGCGATTGTCCTCGGGGAAACCGAAAGGAATCCAGCAGCCTCTTTAACAGTGAGCAGCCTGCGGCTTTGAGCTTTTTCTTTAGCTTGCATTATCCACCTCCTGTATCGCTGCTTTTACATCTTTGATATAAAAGGCAGGTATGCAACGAGTTTCGCCGATAACAGTGGTTTTAGAGGGGTCAAGCCGTCCTGAAAGATAACAATCCTCAATACGCTGAGAATCAACATCGAGGATTTCCGCCAATTCGTGAATTGTAAAAAAGTTTTTTAGCATTTTAGCTCCCGTAAAAAATTTTTAATTCCGGCAGCAACTGCTGCTGCCTTTGTAATGGGGAGCTGTTCTAATGAAATGCGGCAAAATGCGGTTTTGCAATAACTTAGCGATTTTTTTTATTCTAATCTATTCTAAGAATAAGAAGGAATCAATCAGAGGGGTACATATTGAAATCAGGCTCTTTCTTTTGCTCTTCGTAAATCCCAAGTATCTCTTCTCTGTTCTCAAGATTTTTTAGAGCTTCCTGCCCGCTGCCTGTGTGATTATTCACTTGCTCGGAGGGGGCAACGCTGCCCGTATATTCTCCCCGCCCCTTCTGCCGTTCTTTGCAAATCTTCCCTTCTGCCAAGAATGTTTTATATGCCTTGCTTGAATAAACGGCTTTTCGCGCAGATTTAAAATCTCTATATCCAAGCTTAGGCTCGATATGCGCTGCTATTTCCTTAGGAATAACCGGCAATCCAGTTTCTTCAAAACGCTGTATTACAAATTTCCTGATTGCCTTCTCGGCTTCCTTTTTAGCAGGGTTCTTTTTCTCTCGCTCCGGCTTGCCGGCCTGCTGTTCCTGAGAGAGTTTGCCGGCCTGCTCAATAGCTTCGTAAATATCCGTCCAAGAGTATTCGCTTAGCTCTTCCCCGTGAAATTCTTTCCGCAGAAAACGGCGGATATTTGAGAGCTGCCCGCTCCCAACAACAGAGATGATCGTGTTCTTTTGTTCAGGCGTGAGAGGCTCTCTCGGTGATATGTGGATATTTAGTTTCCTGCCTCCGGATAAAGCGCTCTCAAGGGGCTCGAAGCCGTTCTCTGTCAAACGGTCGAAATCCTTCTTTTTGATAATATAAATATAGGTCAAATCCTCGTTTGCTTGAGCAGCAAGCGGATATACAGGGGATATGTAAACGGGTTCTCGTATTGCTTGAAAGAGCGGAAAGCTTTCTAAAGATTCGATGGTATCTGCTAAGTCGCAAATCCTTGCAAATAAGGGCGGAGATGGAAATCTTGCTTCTTTTATCTCGCTTGCAATTTTCTGAGCTTGAATAAAACTACACCTCGATTTTACAGGTATGCCTTCGCCGGTACGGAAAAAAACTCGCTCGGCAGCGGCTTTTGTAAATCTTATAAATTCAGGGCTCGGGGCTGAAGTTTCGTTTTCGATATTGTTAAAGAAGGCCTGCGGAGATGTCCATTCGTGAGCGTCTGCAAAGTCTAAATATAAGGCTTCAAGCTCCGCTCTAAGCTCTTCGATTTCGCCGGAAGTATCTACCTCGCATAGATGTTTTAAGAGATTCCATAAGCCTGCCAACTGTTTATAAATTGCGTCCTGCATATTTGCCGTCTTTCTGCCGCCTTAATAAGTAATGGTGAGCTTCGCAAGACGGCAAGCAAAGCCCACCTGAGCGGGTAATTAGTCCGCTCGTTTAAGA
NZ_CP021023.1_gap26	1235550	1239594	4044	ACGCCCGCTGCGTTAATCCGGAATTTGAATTCCGCTGAAATCTTCCCTGCGCTGCCCTTTATATCTGCCAGAAAAACGCCCTTCTTAACTGAACAGCTCGAAGACTCCACTTCCCATTTCTTGCCGGCAAGGGCTTTTATCGGGCTGTTCCATCCGAGTTTTTCAAAGATTTTGATATTCAGATGCGGCCCGGATTTTATAACCAGCTCGCCGCCAATTTTGAGGTCTTTTATCAGGCCGTCCTCTTTATCTAAAACGAGCTCAAAGTTCTCGCCTCTGGCTCTCGTTTGCGAAGAGCTTCTCTGGAGAGTTATCTTGCCGTCTTCTTTTATTGCAGGGAGTTTACTGCCCTGTTCTCCGATTCGAATGTTGTATCTGTCGAGAAGCCTCCTGTCTTTGAAGAACTTGACTGAAAGCTCGGTTCCGCCCTGCCAGTTCAATGCAGGCAGAGACAGCAGGCCTTCTTCGCCGGCATCTATATCTGAAAATGCAAATCCTGATTTGCCCATATACTGCCATTCAGCAGCGACTTCGCTGAGGCTGGTATGGTTGAATCTGTTATGCACTTTCAGCTTGAGCTGTTCGCCCGAGGTAAATTCATCAACCTGCTTTTCGAGAATCTTCACAGGCGAGTATGCCTTCTTGGTTCTCCAAAATTCCGGCTTCTTCCTCCTCCAAGGATCCACTATCCCCCATCCGCCATAACCGATTGCTGGGCCGCGGGCCTCAGTGCTGCCGTTCTTGCCCTGATTATCCCAGATCTCTCCCCTGCCGGGCAGGCCTTCAGGCAGGAAGAATGTTTCGTCTATCATCCCCCAGATCGCTCCGCCTGCACCGCTTCCTGATTTGAGCAGATTGGCATACATCTTATCAAGGCTTCTCTCCCAAAACGCCCTTATGTTCGGCTCTACCCTGAGGCTGTCGGTGCAGTAGCAGGCAACATGCGCCCATTCATCATATATAACGGGCATCCCGCTGCGGTCGAAATCTTTGATTGGAAAGCCCTGCACTTTATCATTGCCGTGCCACTTTGGATAATGCAGGCTTAGGATGTCGTACACCTTCTTTTTATCCGGCACGGTGTTTGGGAAGCTGAACATCACCGGCCTTGTTTTATCGTTGGCTTTGATCCAGTCGTAGGATTTCTGGAAATTCTTTCCGTAGGTGCTTTCATTGCCCACAGACCATATTATCACGCTCGGGTGATTGCGGTGGTTGTTTACCATTTCCCTCAGCTGAGATAGATAGCGGCTGGTAAATTTATCCTTATTCTGCGAGGTGCCTTTGTACTGGAAGCATATAGCCGATTCATCCTCCACATAAATCCCGTAACGATCGCAGTAGTCCAGGAATCTCTCTGTTGGGGGGTAATGAGATGTTCTGATGAAATTCATATTTGCCTGTTTTGCGAGCAGGGCATCGAGCTTGTCATATTTTGCGGTTGCGCATCTTCCAAGCTCGGGGTGCAGATCGTGCCGGTTGGCACCTCTAAGCCTTACCTCATCGCCATTTACATAAAGCTTCTCGCCTCTAACTTCCACTTCCCTGAAGCCCACTTTCTCCGGGCAGCGATATAAAACCCTGCCCCCTTCGACAATCTCTGCTGAGAGCGTGTAGAGGTATGGACTTTCGCTGTTCCATTTCCTTGGAGACTGGATATCCATCAATACAGTGCCCTGTTTTTGTGCCTCAGCGAGCTTCTCTTTTTTTATCACTTGGCCATGATCGTCTAAAAGCCTGAAGAGCACATCAGAGGGCTCTGAGCGGGAAAGGCTGTAGTTTATTTTCAGCTGCGCGTCCTTATATTTTTCGTCCAGCTCTGTTTCGATATGCAGCTTTTCAAAATGCTGAACAGGCACAGCGCTGAGCTCAACATCTCTTAGAATACCGCCAATGTTATGCTTTGCATAATCGCTTGCTCCGGAGATATCATCGCTTCTGTCAACCACCTCCACTGCAAGCTCGGCTGTTTGTCCGGGCTCTGCAAGGTCTGTTATATCGCAGCTCCATTTGGTAAAGCCGCCAAAGTGTTCCCGCAAAAACTCACCATTCACCCATACTCGTGCGTAGCTGTAAACCCCGTGGAAATCCAGCGAGATCTTTTTGCCGCTGAAATCTTCGGGCACTTCAAAGCTCTGCCTGTATGCAAAGGGGGTGTCTGCTTTTATCGGAAATCCCTGCATCTGACACTCTCCCGGAACTTTGATATCAGCCCAGTCTGAGGTGTCTAAGCCTTTCTGCCAGAATTTTTCGGGAGGGTCTATGGAAAATTTCCACACGCCGTTAAGCGATATTACAGGGTTGTCCACTCCCGCCACTGTAAGCTTCTGGTTCTCTTTGCCTGTCATACATCCGCTGAGAAAGACAGCCGAAAAAGCTAAAAAAACAAATCCCTTGAATTTCATTTTCGCAATCCTTAAAAATTCTTATTTGTATTCCCTGCAAGCCTCAACATAGGCTTCTATATTCTCCCAAGGCACCTCCGGCTCGATAACATGCGATGGGCAGCAAAACAGCCCGCCCTTCTGCCCTGCTATATCCAGATTCTTCTTCACCTGATCCTTAACCTCCTGCGGCGTTCCAAAAGGCATAAGCTGCTGAGTGCCTATAGTACCGTTGAAAGAGATCTTGTCGCCAAAATCTGCGTGAACCTTTTCAAAATCCATACATTCAGGCTGCACGGGGTTTAAGATGTCTATCCCGGCCTCTATAAGTTCAGGGATCAGGCCTGTGGCTTTCCCGCAGGAATGATAGCTTATGAGGATGTCGGGATTTACCGATTTGGCAGCATCAATCACCTTTTTCAAACGCGGCTGAAGCCACTCACGATACATCTCAGGAGACATAATCGTTGTATTCTGCATACCGATATCATCTCCGAGCCCGAGGATATCCGAATCCATTGCCGCAAACTTCTCCGCTCTGTAGCAGGCCTTTTCAGTGATGATATCCAGAAGCCTCGAGGCTTTAGGGTCGCCCATAGTCATATCAAGCATCAGATTATCCATGCCCCGTATATACCATGCCGTTTCCCAGATCGTACACTCCATCCACACAAAAACAGCGAGCCCCCTGCTTCTTATATTTCTGCAGGAATCCGCAAACTGCTCAAAGTCAACTCCTGTGAAATCCGGCCAGGGGTAATTCTCAATCTGCTCAACAGAATCAAAATCCTGCATAGGGTGGTGCATCTGAGTCATATGCATTGAATTTGGGTTCTCCTCATGGGCAACTCCCCAGATATCGAAATCTACGCGGTGGCTGAAGCCCTCGGGATAGAATTCATTCCAGTCAACGTTTCTCTCAGGCAGAAGGCCGTTATTTTCAAAAGCCCAACCAAAGCCCGGGTCCACAACGATTCGGTAAGGAAATTCGAAATAATCCTGATAGCTCTCGGCCTCAGGATGTTTCCTTTGAAACTCTTCAATCTTGCTCGGGCATAGATTAAAGCCTGCCGGGGCCTTCTCATAGCCCTCACGCCTGTATAAGCTGAGCATATTTTCGCGCATATCCATAATTAAAAGCTCTCCAGTTAATTGTAGTGCACGCTATTATCTCATATCAAAACTTGATTCCAAGCCCAAAATGCGGTAAAATATCGCCAAATTGCGACAAGAGGTATGTTTTGAAAAAGATTCTGATTACAATAGACACTTCAAGGGCCTCGGGCAGGAAATTTCTTGCAGGTGTTGAGAGATACTGCTCAAACTATTCAGACTGGCAGGTGCTTGTAAATCCGCCGGCATATATCAATTCGCCCAAATCCGCATACAGCTCAGCAGTAGGGGTGAAGGATTTTGACGGCCTGCTTATCTATGATCCGTCCCGATTATCAGAATTTCTCGGTTCGAGAGTTCCCAAGGTAATACTGGACACGCAGATAGAATACGCAAAAGGAGAATCTACTATTGTGGTCAGCTCCTTCGAGGTTGGCCGGACTGCTGCTGATTATTTTATCGGGAAAGGGTTTCAAAATTTCGCCTACTGCGGATTCTCCGAGCTGCCGTGGTCAGGGAAGCGTTTTGAAGGCTTCTGCAAAACCCT
NZ_CP021023.1_gap27	1252530	1254267	1737	ATAGGTGCTTTCAGCTACCTGTCCAGGGTCCGCACCGACAGCGCCTACAAAATTCGGCTCTGCGCCCGGGGCGTTTGATACATAAACGTACTGATCAGCAATTGCCGGATTTACATCATTGGCTGAGCCCGGATTCATATAATCCTTGCCCGCCATCCAGCTCAGGTCAACATCAATTCCGCTAACGCCCGGCTGCTGCTGAAATGATGCCCCGTAGGCAGCGCCTGAGAAGCCTAATGATATGTTATCAGCCCAGGCAACACCGTTGAGTGCATCTAATCTAAGAGTAAGATTGCCGCCTTCATATTCCTGCGGGAACTGAGATGTATCGATGAGATAGGAAAAGGTCTGATTTTCTTTCCAGTCAGGAGCAGAAGATACGCCCTGCTCTCTTGTACCGTCAACATTGACCGTCTCGCTCCATAAAATCCCGTCGCCAGTTACATCATCGTAGTTTTCTGTATCTACGATAAGAACTTCAAACTCGTCAACTTTGCCCTCGTCAGATCTCCAATGAGCCTCGTGGCCGTTGAGAGTTAATACCAAAAGATCTCCAGCCTGCCAAGGAGCGCCGGTGGGTTGGGATAAATGAAAATTCGGCTTGAGCCTCAATACCTGATTATCCGGCTCTGCACCCGGAATCCTGTCGTTGCCGAGCTTGGAATCAAGCGGGCCGTTCGCATTCTTTTCTTCCCAGCCGACAATATCCACCCAAACGCCTGTTCCGGTAACTGCCGGTTCCTCAAAACCGCCGTGAGTGATCACCTCATTTATGCCCGCAAAGGCAAAAGCTGCCGCCGGCAAAGCAGCTAACGCTAAAACTAATAACAATTTTCTCATAATTAAACCTCGTTAAAGAATAAAATTTTACAACCAAGCGATAACCTCTCGCAGGGTATTCTAATAGGTTAATGTTTCTGAAAGTCTGGCTTTTGACAACTTTTTCACAAAAAAAGCTTTAAATCGGCTTCTAAATATGATAGAGTTAAAGTTGGTATTCTTAATAATTAACTAAGGAGTTTCTAAAATGAAAAGCATTATGTTTAAGGTTTGGAGTTTGGTTTTTGCTGCTGCCTGCTCTGTGTCTTTCGCTGCATATCAGCAGATAGATTTAGACCAGTTCGCCAATGGACAGGAACTTACAAACCAGATTTCAGGCATCACTTTCTCCGCTGATAATACCGGCGGCGGCCCTGATTCTGTGGCCATCTTTGACACAACACTTACAGACACTGCCGACCCAGATCTGGAAGGCCCTCCAAATACCAACTGGCAGGGAGGAAACTTATCCGATCCCCAGACAGGCGTTGGCAACATCATCATCATTCAGGAGAACACAACAGGCTATGACCCTCCAGGAGACACGATTTTTGACACTCCCGACGATGAAGGCGGCGGAGGCTCCATATTTATAGATTACGGCAGCACACTGATGAAGGGCTTCAAATTCGCATTTGCAGATTCGGAGGAATACAGCTCGGGCGACAGCGTTTGCGTAGGAATTTCCTTCTACAGGGATTCTTTTGATGAAACTGACCTCGTTGCAAAGGTTCCATTGGCAGATTACCTGGAAGCAGGAAACTACTTCAAAACAACATACAACTCAGATGGTTCAATCGAATTCGAAGACCACTATGCGAATGATTTTGAAATAACCAGCGGAGACCTTGAAGCCGCTTTCCAAGGTGTTGCAGACGGAACATTCAACAAGATTAAGATTTGTCTGGACAATTCCTC
NZ_CP021023.1_gap28	1373956	1377673	3717	TGAGCTCCTCGCGTTTAAGCGAGAAATACTATAATACTGCAAAGAATTGTTTTTTCAAGTCTTATCTAAGAAAAATAAGAAATTTTTAGTCTCATCGCAAACATTTATCAAATTTCAATTCCCGCAACTGCGTAGGCGGCGGCTATCTGGGAGGTATGAGATATGCTCAGGGATATACTGGTGAGACGCATTTGGTCTGCTCTAACTGCAGTTTGGCCGTAGAGATTCACTACAGGCCGACCTAAGCTGTCCGCATCTGTTTCCACGTCTTTCCAGCTCATACCGCCGCGGAGCCCGGTGCCGAGGAGTTTGAAAACCGCCTCCTTTGCGGCAAATCTTCCAGCAAGCTTTTCCGGAGTTTTGCGGTTGTCTCCAGCAAGTTTGATTTCTGTTTCCGTGAAAACCCGCCTGCGGAAATGCTCGCCGTGTTTTTCAAGCATATCTTTTATTCGAGAAATTTCTACAAGATCAATCCCGTTCAAGAGCTTAATCAACCTTCGGTGCTCCTTACATACGCTTGACGGATGCAGAATTCAATAAACCCGTTTGCTTCGCTTATTTTTGCCTGCTCGAAGAGCTCTTTCAGAATATTGTTCATTTTTTCAGAGCGGCGTTTCATTCTTATGAATTTTTCTATCTCGTCCTGCACTTCTGAAAGTTTTTGGTAGCCGGCTTCCTGCTTTTTATCAAGCTTAACAACAAAGAAGTTTCCGTTATTCTCAATCACTTCAGATATTTCCCCTTCTTCGAGCTTTTTCAGCTCCTCAGCGAGAACATTGTATGGCTGCGCGAAGGATGAAGGATCTGAAGTTTCCCATTTGCCTCCCTGAGAAGCTTTGATGCCTCCGGAGAATTTTTCGACCGCATCTGCAAAGCTCATCTCCCCTTCTATTGCAAGTTTGGCTAAAGACGCCTTTTTCTCAGCGTTTTCCTCAGATTCAGGCACATGAATGAGAGTAAATTTATATTCGGGCTCAACCTTAAATTTGTCTTCCTTATTATTTTCGTAGAACTTTTCAATCTCCTTGAAAGTTACCGAATCGCTCTTTTCAAATTCAGCAGTGAAATAGTTTTGGATGAGCATTTTTCTTCTTTTATCTTCTTTGAATGTCTTCCAGTGGTAGCCGGACTCAGCCAGCTGAGACTGGATCTTTGAATAATCGTAGTCTGACTCGGCAAGCATCCTTCGAACCTCCTTGTCCACAGCCTTATCCAGCATACCGTCTTCCTCCAGCACTTCCTCCGGCACCTTACCCGCTGCTTTTTCATAGATGAGTATATCGGATATCTGCTCTGTAACGAACTGGCGGACATACGGGTAAACCTGCTGCTTGTACTGCTGATAGCTGGAAGCTTTGATCTGGCCGGAAAGCGAAACAAGCTTTGAAATAATAAGCTCGGAGGAAATGGTCTGATCTTTTACAGAAAGCACCATCCCGCCTGTGGGCTCTGGTACGGGTCTTTTGGCGAGCTCCTGATATTTTGCAATCTCTGCGTCTGTATAGGCTTTTTCCTTATTTCCTCCACATCCGTTCAGGAAAATTGCGGCAGCAAGGATAAATGCAAATGTTTTCATTTCTTACCTCATTAGCTTTTTCAAAAAGTTTACGGGAATTTTAGTTTTTTGGCCTGTTTTTTCAATTCTAATTATTCCCCGCCTTTCAAGTCACGTCAGTTTGAATTCAGTTCTCAATAATAAAACAGCTATGCTCAAAGCAATCAAATCATCGGGCGGACGGAAAAAAACTTGTAAAATGCCGGCATTTGCAATAAGATAACCAAGAGTAAAGCTGGAGGGGTTGATTATTAAGCAGCTTTTGGTTTGAGTTTCATAATGGATTTTTAATCAATCCCGCACAACATTCTTACGCTAAATACTAAAACTCAGCTTGCTCGAAATTACAATTATTTAAAGGGGATTCCAGTTTTGGGAAGAAGTGTTATTTCATTATTAGTGCTGCTGGCTGTTTCAGTGCAATGCATATCGAAACAAGCCGACCCGCGGGATAAGTGCAGAGAGCTTCCAGATAAGGAACTTAAGCCTATTAAGCTCAAGGTGCTCTGCGAAAAAGATATCCTGGGTGAAAGAAATTGCAGAGAAAACCTCAGACAAAAAAAACATGCGCAGCAGACTTTATTCGTTGACAAGGTGTTCTGCAGGAGCTTCTTTACTGTGCTAAACCCTTACCTGCCGGAAAAAGAATTTCTTCCGGAAAAGCAGCTTCTCAATTTCGACACCAGATTCACAAAAGAAGCAAAAGAGCCCTTTTCAATACCGATACCAGAAATATACAGCAAAGACGAAACTATTTTAGAGCTTTAGAAAACGTTCTCCCTGCAAAAGCAGGTTTCAAACAAAACAGGCAGTTTCAAGAGTAACCGTCTGCAAAGGTACATCATCATGGAAGCCTTTTCTGCCGGTCTCCAGCTCTGCTATTTTATCAACCACATCCATTCCTTCTATAACTTCGCCGAAAGAGGCATAGCCGGGATTGCCCGGGGCATAATTAAGGAAATCGTTGTCTGCGTGGTTAATGAAGAACTGTGATGAAGCGCTGTCCGGGTCTGACGTGCGTGCCATAGACACCGCCCCTCTTTTGTTCTTCAGTCCGTTGTCTGATTCCAGCTTTATAGGGGCTTTGGCCCGTTTCTGTTTCATATCCGGCGTAAATCCGCCTCCCTGCACCATAAAGCCCTTAATAACGCGGTGAAAGATTGTGCCGTCGAAAAAACCCTCTTCAACGTACTCGGCGAAATTTCCCGCTGTTACAGGTGCACTCTCAAAGTTCAAACGCAGCTTGATATCACCAAGACTGGTTTTCAATAAAACGGTATCTTTGTTCATACTACTTTTCTAAGCTTAATTTTTATCGTTTCAGACGAGCGAATCGAGCACGTCGGTTACATCGTCTTTCGAGACAAGCCCAACCCACTGCTTCTGCACCTGCCCCTCCTTGAAGAGGATGACAGTAGGTATAGAAGAGATGTTGAATTTCATCGCAGCTTCTCTGCTCTGGTCGGTATCCACTTTGCATACCTTTGCCTTGCCTTTGTATTCCTCTGCGATTTCATCAATAATCGGCCCGAGCATTTTACAGGGTCCACACCAAGGCGCCCAGAAATCCACCAGCACGGGCATATCCGAACCATTAACTACTTCATCAAATTCCTGGTCAGTAAGCGCAATAGTATTTTCGCTCATATTTAACCTCTATTCATTTGAGTTATTGTTTTTATAAACATCTTTCTGAATTTTAAGCTAAACAAACCGCAATGTCAAACGCAAACAACGTTCATTAGCTTCTTTGAATACATATATAAATTATATCTCCCAATGTTCGGGAGAATCGCAATAATCTAACCTTTTGCTAACAAACTGCTAATATTAACGCTTTATTATTTGTTTTATTGTGTTATATTATGATAATGCTAAGAAGGATTCAAAACGTAATATGGAAAAACAAAAGATTCTGGTAGTAGAAGATGAGGCTGATGTAAGAGAGCTGCTTTGTTACAATCTCAGGGCAAACGGATTTGAGGTTGAGACTTGCGGAGACGGCAGGCTGGCGATGGATAAAATTGAAGAATGGAAGCCGAATTTGGTACTTCTTGATTTAATGCTCCCCGGGCTGGACGGCTTCTCAGTATGCCGCAAACTCAAGAATGAATCTCAAACTTCCGGCATCAGGGTGATTATGCTCACAGCAAGAGGCGACG
NZ_CP021023.1_gap29	1378701	1382339	3638	GCGTTTCCCTTCTTATAGCAGCAATTTCATCTGCTTTTCTTGCTAACGTAACAATAAGACCACTGATAAAAATGAGAAAAGGCGTGATAGATTTTGCCGAGGGCAAGCTCGATAAAAAACTCGAAATACCGGAAACCCACGAGATGGGAAGTCTTGCAAAGAGCCTCAACAATATGGCAAGAGAGCTCGACAAAAAGATCGCCCAAATCACAGAACAGCAGGCGAGCCAGGAGGCGATTCTTACAAGTATGGTTGAGGCGGTTGTCGCTCTGAGCAACAAAAAGGATATTATAATGGCCAACAAGGCTGCTGTGGAACTTTTCGGCCTTCAGGAAGGTTATATCGGCAATTACTATGCCAATCTTATTCGTAACACAGATTTTCAGACGGCAATAGAAAACACCACAAAAGAGGGCTCATCGAAAAGAGAAATCGTTTTGATGAGAAACAACAATGAATTCATACTCCACCTTCAGGGAACTGTGCTGAAAAACCCTTCCGGAGAAACTATCGGTTCTCTCTACGTTCTCAACGATGTAACAGAAATCAAAAGGCTTGAGGCAATAAGAAAAGATTTTGTGGCTAACGTTTCACACGAGCTGAAAACCCCTGTAACCTCAATTAAGGGCTTTGCTGAGATGCTTGAAGACGGCGGAATAAGCAGCCCCGAGGATCAGGCGAAATTCATAGGCATAATAGCTCGCCAAACGCAGAGGCTCGAGGCTATAATAGAAGACCTTCTTTCCATCTCCAAACTCGAACAAAAAGGTGATCAGCTCAGGGTTGATATTGAGCCTGCTGATATTAGGGATATCGTGATTTCGGCAATGCAGCTGTGCGAAAAAAGGGCATCACAAAAAAACATCTCCATAGAACTGACATCAAGCGGGGACATCCATATTCCCGTTAATCCAAACCTTCTGGAGCAGGCTGTAATGAATCTGGTGGATAATGCAGTAAAATACAGCAGCGAGAATACAGAGGTTCATATAACAATTGTGCAGGACAGTGATGAGACCAGAATAGCCGTACAAGACCACGGCTGCGGAATCCCGAAAAGCGAGCAGGAACGTTTATTCGAACGTTTTTACCGCGTGGATAAAGGGCGAAGCAGAGAATTAGGCGGAACTGGACTTGGTCTTTCAATCGTAAAGCATATCGTCTCCACCGTACACGGGGGCAGGATTACTCTCGAAAGCACGCTCAACAAGGGAAGCACTTTCACCATACATCTGCCTAAAAATTCAAAAAATACGTAAAAATCAGCCTTCCGAAGATATACTAAAGTAATTGCAGAATATATTTTGGTTTTCGGCTTTTTAAAGCTTTTAAGCTTGGATTTTGCGAGATTTAGTTTAACTTCATCTTTTCTGAATCAAAATTTTAATGACTATTACTAATTTATGTTTTTAGGAGCTTATTACCATGAAAAAAACACTAATGTTTCTGCTTCTCTCAGCGGCAGTTTGTTTTGGAGGAAAGATTTTCCTCAGCGATCTGGACATTTCGAATACAAGACAAGGCTGGGGCGAACCAATGAAAGACAAGTCTGTTAACGGCAATCCAATCAAAATCAACGGAAAGACATACAAAAAAGGCCTCGGCACCCATGCCCACAGCATACTTGAGATAAAAGTGGGCGGAGCGGAAAGATTCAAGGCTCTTGCAGGCATTAATGATGAAGTTATAGGGAACGACGCTGAAGTTCGTTTTGTTGTGCTTGTTGACGGGGAAAAGGTTTTTACAAGCCGGAAAGTTAAAGAAAATGAAAAACCTGTGGAGATCGATATATCGCTGAAAGACGCTGATAAAATGGCTTTGGTGGTAGAGCCGGCTGGCTCAATGAACTTCGACCATGCAGACTGGGCGGATGCTCACTTTATGGTATCAGGCAAAAAGCCCGAAACAATCGGCAGGCCTGAAGAAGAGCCCTATATCCTTACCCCTGCCCCGCCGAAACGGCCTCTTATCAATTCTCCAAAGGTGTTCGGTGTTCGCCCGGGCTCGCCTGTGCTGTACCATGTTGCTGCAACAGGAAAAAGGCCCATTAAGTTTACTGCATACAAACTCCCCAAAGGCCTAACACTAAACAGTAAAACCGGCGATATTCGCGGCTCTCTCAAAAAAGAAGGGACTTATGAATTTACCGTTGCTGCTGAGAATAAATTCGGCAGGGATTCCCGCAAAATACGTTTCGAAGTTGGTAATACAATCAGCCTTACGCCCCCGCTCGGCTGGAATAGCTGGAATTGCTGGGGCTGCGCAGTAGATGCGGATAAGATCAAGGATGCCGCAGACAGTATGGTTGAATCAGGGCTGATCAAATACGGCTGGCAGTATATAAACATAGATGACTGCTGGATGAAAGAACCGGGCGAGAATGCCCGCGATGAGGAAGGAAACATCCTCTGCAACGACAAATTCCCCGATATGAAAGGCCTCGTGGACTACATACACGATAAAGGCCTCAAGGCTGGAACATATATCTCGCCGGGACCTTGGACATGCCAGAAGCTTGAGGGAAGCTGGGAGCACGAGATGCAGGATGCAATGCAGTTTGCTGAATGGGGCTTTGACTACCTCAAATACGACTGGTGCGGGTACGGCAGCGTAGCACCAAAGGAAAAGAAGCTCTACGACTACAAGAAGCCGTATATCGTTATGCAGGAATGCCTGAATGAGGCGCCCAGAGATATTGTTTACAGCCTCTGCCAGTACGGAATGGCTGATGTATGGAAGTGGGGAGCTGAAGTTGGCGGGAACTGCTGGCGAACTACAGGCGATATCAGAGATACTTGGGGCAGCGTTTCAAACATACTCAATAAACAGAAACCGCTCTATAAATATTCAGGCCCGGGGCACTGGAACGATCCGGATATGCTCGTTGTCGGCGAGGTCGGCTGGGGGCCGAATCTGCATAAATCAAAGCTCAGCCCGAGCGAACAGTACACACATATAACGATGTGGAGTATGCTCAATTCACCACTGCTTATCGGATGCGATATGACTAAGCTCGATGATTTCACGCTCAACCTGCTCTGCAACAGAGAGGTGCTTGCGGTAAATCAGGACCCGCTCGGCAGGCAGGCAAGAGTGGTAAGCTCTGAGAATAAATGCGATGTATGGTTCAGAGAGCTTGAGGGCGGAGATTACGCCGCTGCAATTGTTAATATGGACTATATGCAGAAGCAGTGCGAATTTGATTTTGCAAAGGCAGGACTCTCAGGCGAGATTGAAGTGCGCGACCTTTGGCGGCAGAAAAACCTCGGTACATACAGAGGAGTTATCTCATTCAATCTGCCTTCCCACGGCTGCAGAATGCTGAAAATTACTGAAAAGTAACCTTGAAAGCCGCTAAAACTAAGATTGAAAATGGAGAGGCAGCTTTTGCTTCTCCATTTTTGTTTACCGAAATCCCGCGAACAAAATTAAATTTAAAACCTACTGAACTTCAGCATTAAAAAAATATTTTTGTTAAAAAGTAAAAATAAAGAAATTTTACTTGACAATTATCCGTCAGCAGTTAGAATAAGTTCGTAATCATAATTTGATTTTCAATCACATACTCCTTAAAAAATAACACTACAATTTCCAAAACTTTCCCCAAAGCCGCCTCCCCGGCGGCTTTTTATTTTACG
NZ_CP021023.1_gap30	1395664	1397935	2271	TTAGAGATGAGCTTTACGATGAAAAAATAGGATTGAATTTAGATAACTTAGAAATTGATGCAGGAAAATTGATTGTTTAATAAGGAGATTTTATGAGCTATGGAGTGAAATTAAAAGTCTGGGGCGATTACGCGCTCTTTACCCGGCCGGAAATGAAATCCGAAAGAGTAAGTTATGATGTAATCACGCCGTCTGCCGCAAGAGGAGTTTTAGAAGCGGTTTATTGGAAACCGGAAATAAAATGGATCATAAAAAAAATTCATGTATTAAAACCTATTCGATTTACCAACATCAGGAGAAACGAAGTTTCTCAGAGAACAAAAAAACCTTCAACCAGTCTTATAAATAAAGGCGGAACTGATGACAGCTTAGCCCTCTATATTGAAGACTCAAGGCAGCAGAGAGCTTCTATGATTTTGCGGGATGTATCGTACGTGATAGAAGCATATTGCCAGCTTAATGACCCTGCAGACAGCAACATAGGCAAGCATTTAGATATGTTCAAACGCCGCGCTGCTAAAGGCAAATGTTTTAGTCAGCCCTATTTTGGATGCAGAGAATTCAGCGCAAATTTCAGGCGGCTTGGAGAAGACGAGGCGATTGCGTCTTCTGAAAATAATGGAGAAAAAGATTTAGGGTTTATGCTTCACGACTTAGACTACCAAAATAACTATCAGCCCAGATTTTTCCGTGCAGTAATGCACAATGGCATAATTGAAGTTCCTGATTTATTCGCAGAGGAGGTGAAAACATGATTATCCAAGAATTGAGCAGATATTACGACAGGCTCAAAGAGAGAGAAGACCTTCAAGTTCCAGAGCCAGGTTTCTCCGTAGAAAAGATTAACGCTGCTGCGGTTATTGATGAAAACGGAAATCTGAAGCAAGTTAAAGACCTGCAAATTTATGAAAAGAAAAAATCGTATCCAAGGTATATGGATGTTCCGCAAAGTTTCGGCCGATCTGGTTCGAAAGCTCATGAGCATCCATTTTTTCTCTGGGATAATACCGGCTTTGTATTAGGAAGCAGCGGCAAAGATGCAAAGAAAGACAAGCTGAAGTTCGATAATTTCAAAAAACTGCATTTCGATTTACTCGAAAAATGCGAGGAACCTGAAGCAAAAGCCTTACTGAATTTTTTTCAGAAATGGCAGCCATCTTCAGCTGAAGGTATTGACAACTGGGAAGAAATTGAGGGCAAGAATATAGTTTTCCAGCTTGAAACCAAAAGGGCATTTATTCATGAAAATCCTGTCATAAGGAAGATATGGTCGGATAATTACAAGAACTTCTTGAGTATTGATTTTTCAGACGGAATATGCTCTGTTACAGGCGAAGCTGAGCAAATCCCTAATATACACCCTATGCTTGGAGGGGTTAGAGGAGCTCAAAGCAGCGGAGCTGCAATTGTTTCATACAATAAGAGTTCTTTTGAGTCTTATGGAAAAACACAAAATTACAATTCGTCTGTTGGCAGTAAAGCAGCCTTCAAATACACTACTGCCCTGAAATATCTCCTGAGCTCTAACAGCAGGCAAAAGATTCAGATAGGTGACGCCACCACAATTTTCTGGTCGGAAAGGCAGAGTGCTGTTGAAGGTATCTTTGGTTTGGTTTTTGAACCATACAATAATGAAGATTCCGAGAATAAATCTGTAAGAACTTTTCTCGAAACAGTTCGATTAGGAAGAAAGCCGGCTGATATTGAAGAAGGCAACAACTTCTACATCCTCGGGCTCTCTCCAAATGCTTCAAGATTGTCTGTGCGGTTCTGGCATGTTTCAGATGTTTCTGATATATGTGAAAAAATCGGGCAGCATTTCAGGGATTTACAGATAATCCGCAGCTCAGATAAAGACAGCGAATTTCCTTCTCTCTGGCAGATCCTTCGGCAGACAGTAAGCCAGAAATCACATGAAGGCCCGCCTCCTCTGCTTTCCGGAGCATTGATGATGGCAATCCTAAAAGGAACTGCATACCCTGAACGAATCCTTTCATTACTTATTGAAAGAATAAGAGCTAATGAAAATGTAAATTACTGTAAAGCAGCAGTGATTAAGGCTGTGCTTACAAGAAAATCAAGAATTTTTAATAATAACAATTTGGAGGTTGCTATGTCGTTAGACAAAAACAACAAAAATCCAGCTTATCTGCTGGGGCGTCTGTTTGCAGTGTTAGAAAGGCTGCAGCAAAGCGCTATCGGAAATGCAAATGCTACAATTAAAGACCGATTCTATGGCTCGGCTTCTGCCACTCCACGGGCAGTTTTTCC
NZ_CP021023.1_gap31	1404533	1406140	1607	GAGAGCTTTGAAAACGGGAATCTCGTTTTGCTTGCCAAAACTGGGATAACAGGCAGACTGCTTCAAGCGAAGGCTCAGGATGCTGAGAAGGTGTTCTCGAAGATCCTCGGGGCGAGCGTTGCTGTTAAGGTAAAGCAGCAGGAAACGAGCGGAGAACCTGCAAACAAACCCAAAGGGGCGAAGAGCAGCCTCAAAGACCAGAAACAGGCCATGAAGGACCCGGGAGTGCAGAAGATACTCAACACCTTTAACGCTCAGATTATTGGGATATCAAGGCCGAAAAATCAATAAGAAGCGAGGTTTTAGAATTGCCCGAAAACAACACCACAAACCCCGCCTATACGAAAGCTCTGAATAATCTGATTGAGAAGTTTGCGGAGCTGCCCGGGATAGGCAGAAAAACAGCGGAAAGGCTTGCTTTTCACGTGCTCAAATCCGATAAGGCCGAGGCGATGGAGCTTGCAAGGGCTGTGAGCGATGTAAAAACGAAGATAAAGCAGTGCAGGGTATGCTGCAGCTATTCGGAAGAGGATGTATGCCCAATCTGCCAAGATCCCTCGCGGGACAAATCGACGGTGTGCGTTGTGGAGCAGCCGAAAGACCTAATCAGCCTCGAGAAAACTGGGATATGCAAATGGACGTATCACGTGCTGGGGGGGCATATCGCCCCGCTGGAGGGCATTGAGCCGGAAGACCTCACGATAGACAAGCTGATAAGCAGAATACGGCAAGGGGAAATCAGGGAGCTTGTGATGGCAACCAACCCCACTGTGGAGGGAGATGCCACATCGCTCTATGTTACCAGCCTCCTGCGGGACAGCAGCATCAGAATCACCCGCCTTGCGAGAGGTTTGCCGGCAGGGAGCAGCATTGAATTTTCGAATAATTCGATTCTCTCGGATGCGATCCTCGGGAGGGATGAGATTGAATAAGCTTTGCGAAAGGAGCTCAATGAAAGCTGTTAAACTTTTGATTTTTATGCTTGCCTGCGGGGCAAGTATGGGGTATGAGGCTAAAATCTGGCTAACGCAGGATGCGGTTAATTCCAAAGGCCTCTCCGATACCGAACGGGCGGATGTGTCGGATTTTGTGAGCTACGATATCCTTGATGGCCCGATGAACGGTTCAAAAGCGCTGAAGGCCAAGGAAACGAGTCTGTATTTCTCGGGCGATTTGAACGTGCCGATTTCTGAAGAAGGTACGTTTATGATTTGGATTCGCCCGCATAAAACGATGCGTACGGGCGAGGGCGAGCCGGAGAATACATACGAGATTGCAGCGGTGGATAAGCTGTTCAAGTTCGATCTTGCAAGATCGGCAAACAAGCTGGACTTCCGCTTTTCATGGGAGAACGGCACAAGCCGCCTGAACGATATGCACATTCTTCTCCCGGAGATACCGGGAGAGGAGTGGATGCATTTTGCTTTTGTATGGGATGCAGGGGACGGAATTTTCAACTGCTATATAAACGGAACACCGTATCTGAGGAAATCCCGCCGGCTGAAACAGCTCGACAGCGAAGGAGGCAAAAAGCTCATCATCAACACATCACAGATTGCTGTTTCCGAATGCAGGCTGTATGACAAGGTTATCGAGGAATCTGCAAT
NZ_CP021023.1_gap32	1408964	1411735	2771	TGAATAAGGCCGCCGGTGTTGTCTGCTGTTATTCCGCCAGCATCTTGCACAGCAAAAAGAAAAGCATCAACCCTGCAGTTGGAAATTATGCCCTGATTGAGGCCTGCAATACCGCCTACGGTACTGTAAGGCTGAGAAACCACTCCCCTTACCACGCAGGAATCTATTGCGCCTTGGTTAATTCCAGCCAATATCCCTGCAACGCTCCCGCCTGAAGACTGGAAGTAAACATCCAATGCCAGATTTTTCACTTCCCCGCCTGAGCCGATTTTTCCGAAGAAGCCAATGTTATCGCTGTAGCCCGCATCATACTGAAGGCCGTAGAGCCTGCTGCCCTGTCCGTTAAATGTACCTTCGAAGGCAGCCTCTTGAGACCCTATTGGAGAAAAGCCGGAAATACTGCCGCAGTCTATATCATTTGCGAGAATGAAGCTCTTATCGTAATCTGCTGCCCGCATTGACAGCTCCTGAATATGCTGAGCATTTTCTAATATGTATGGGTTTTTAGCAGTTCCCTCGCCTCCGCCGTATGAGTAAACAGTAGAAACGATTTCAGACTGGGGCGAAACATTCCCGCTTGTATCAACAGCCTCGATATAATAATAAGCGTGTTCGCCGGAGGTTGAAAGATAATCAATCACGGATGTAACCTTGAATCCGCCGGCAAAGAAAGAGAAGCCTTCATCCGGACTGCTGGATTTATAGATTCTGTATTGGTCAAGATCGGGTGCAGGTGAGCTGTCCCAGCCCAGCGAAACGCTTGAACCGCTAACCTGAACATCAAAGCCTGTAACAGCAGGCGGAGCAGTTGAATCGCCTACGCCGGCATATACAATTCTCACCTTGTCCAGATGGAAGCCGTCTTCGGCCGCGCCGACTCTGAATGTATAATCTCCCGGGCTGAGCACTTTGGATTTGCAAAGCATAACATCCCAGTAAAGCGAATCTGCATTGCTTTCCCATAGTTCCGGCTGCTCATCGTCGCCTGTTATGTCAATCCAGAAGGCATCGTTATCTGCAGTAGAGCCGCCTGTTTCTGTCGGGCGAACAGTAAGCACGAATTTAACTTCGCCTTCGCTTTCAACGCTGAAATCGTACTCAGCCCAGCCTTCCTCAGGCGGAGCGGCGGTGCTTCCTGTTCCTGCAGCGGGGGTAACATATGCCCCGCCGGAAGCGCTTTCATCCTGAATAACAACCATCGGATAGCTTAACGTATCTGCATCTTCTGCTTCGAGGTAGAAACGCAGTTTGTCGTTGGTTTTGAAATTCCAAACCGTGCCCTGAACCGTAGGCTGACCATCTTCAACAGTATCTACGCGCCAGTAATAATCAACAAAAGGCGAGAGCCTTTCAGGCACAGGGAAACTCATTCCGCTGACTCTTCCCAGATAGCAGTCTGAGCTGAGCCCAGCGTTTTGCACTTCGCTTTCGCTGGGCGAAAGATAAACATCGTATGCCTCGCCGGGCAGCGGGCATTCCCATTTGAGCTCAACATTGAGCTCAGCATTCTGGAAGCCGTTTTCCGGATCAGGATTAACTGCGATATTGCTCAAAGCCGCAGATTTTATCTGATCATAGTTAAGCGAATAGTTGTAGATACGCGTATCATCAAGCTGCCCTTCAAAGAATCTGTCTTCCATATCATCGCGTCCGATTACAGTCCTTCCATTAAAGGTGTTGGGGGTGTGCTCTCTTGTGTTTACCCAGCTCTCCCAGCCGCCGGAAGCGGTGTATTTGTAGAGCGTTGCCTTATCCGGCTCAATGACCACTGCACCAAATGACCACTCATCCTGAGCGAGATTGAGGCCGGTATTCTGATCCCAGCTGCCCTGACCGTCCCAGTGATACCTGAGCTGGTTGCCCGATAAGTGCATACCAATTGCATTGCCGTTACGGTTCATCAGGATACCTTTTACCCCTGAGTTTACGCCTGTGGGCCTTATCCATGAAGTTATGGTAACTGTATCCGTGCTGTAAAGCTCTAAGCCTGTTATATCGGCAAAGTCGTCTGTGCCGTCAAGTTCGACGGCGCCTTTGTAGAAGCCTTGTGTCCAGCAGTTTACGGTATCCATATTATTCAAAACAGCATCATTATCGCCTGTGCCGGAATCAGCAGCTAAGGCGCCGCTGTTTTCATCGAATTTCCAGTGGCCAACAAGAGCAGGCTCCTGCATGTCAACTCTTATTTTTCTCTCTGAGGTCTTGTTGTTTGTTGTATCTGTTATTGTTACAACAGCGTAGTATATCCCGCCCTCGCTCATCTGAGGAGCATTTGAATCAAGGCTGGCGCTGAGAACAAAATCCCCGCCTGCATCTACAGTGCCGGAAGTATTGTTAAGGTTGAGCCAGCTCTGGTCGGACTGGGCTGTCCAGTTGTAGGCGGCATCAGAGGTATTCATAAGAGTATATTCCACTGTCCCCTCTGAGAACCAGTCGAAAGTGTTGTTATCCTCTGTGGTATTCATTAAGCTGAAACTTATCCCTGAACCGTACTCCCCTGCTCTTACCCATACATCTTCAACGGGCGTTATCATCATATCCGGCAGGTCAGAGTAAACTACAACAGATGGATCGCCATACATCGTTGTTCTTTTCTGATTAGCTTCTATACCATACCTAAGAGAATCATCTTTGGAGATACCGCAGCTCATGCCGGAAAGAACATTTTTGCCGTATTGATATACATTATCATTTCGATCGGTATAATCCCTTTCGCCTGGATGGTAGTAAAGATTCCTCGATCCGCCGACAGTATTTATTCCGCCGTGTTT
NZ_CP021023.1_gap33	1413805	1416363	2558	TCCAAAGCGCTAATAAGCTTAATTCTGTCTATGGGCTTTGAAAGGTAGTAATCGCAGCCTGCGGCGAGACATTTCTCTCTGTCGCCTTTCATAGCGTTGGCCGTTAGAGCTATTATCGGGCCGTTCCAGTTTTGCTTGCGGAGCCTCTGTGCTGCCTCGCATCCATCCATCTCAGGCATCTGTACATCCATAAATATGAGCCTGTAAGACTTTTTCATAGCCATATCAACTGCAAGCTGCCCGTTCTCGGCAACATCTACATCAAGCCCCATCTTTTCGAGGTAAATCCTTATAAGCATCTGATTTGTTGGGCTGTCTTCTGCCACAAGTATGCTGCCGGAGAACTGGTTAGTAAGCTGCTGATGATTTTCGTATGAGGCCTCTTTCAGATTGAGCCTGTCCATCCTCGCCTGCGAATTAACATCCAACCCAGCAGGTATTGAAAGGGTGAACGTGCTGCCGAGCCCTGGCTCACTGCTGCATTTGAGCTCTCCACCCAGAAGGCCTGCGAGTTTCGATGTTACGCTCAGCCCAAGCCCAGTACCCCCGTACTTTCTGGCTGTAGATTCCTCGGCCTGAGTGAATGGGTCGAAGATATGCTCCAATTTATCATTGCTTATACCAACCCCAGTATCTTCTACTGCGAAAGAGATCCAGTCATCGCCGTTTTTCCTGAACGTTGAGACGATTATATGAACATGGCCGGAGTTGGTGAATTTAACCGCATTGCTGCAAAGATTTATCAGGCACTGATTCAGCCTGTGCTGATCTGAAACTATATTGGCAGGGATTGCGCCGTTTTCAATGATGCCGAATTCAAGCTTCTTCTCTTTAACCTTCTGATAAATGATTGATTCCACATTATTGAGAAGCCGGCCAAGAGAAAATTCGTTTACATCAACCTTCATTCTTCCCGCTTCGATTTTAGAGAAATCGAGTATATCATTTATAAGCTCAAGAAGAGATTCGCCGCTGATGCTTATCTTTTCAACATAGCTTCTTGCCTCTCCGGGCAGGTTAAATTCCCTCAAAAGATCGCAGAATCCTATAATTGAATTCATCGGAGTTCTTATTTCGTGGCTCATATTTGCAAGGAATCTCTCCTTGGCACGGTTTGCCTCCTTGAGCTGTTTTTCCGCGTTTTCTCTTGCCCTTATTTCCTTCTCTTTAGAAGCAGTTGATAAATGCAGCTTCCTGTTTAAAAGCACAAGCCAAACAAATACAAGACCAAGAACAAGACCTGCAAAGAGAATGAAAAATATTGAATTTCTAAAATTCTTAAAGACCTGCGCGAGAGTAACTTTCCCGTGCATTTCATAAGGCTTATATCTGATCTCTCTGAGGCATTCACGAACTGATTTGTAATGGCTTGGTACTGTCCATCCGCCGATATTAGCCTGAACGGCAGCATTATGCCCTTCCGGCATATTCAAAAGAGCAACCGTAACCCGCTTGGAAACAGTTGCAGGGATATGTTCAAGTGCTGAGAAAGGCCATTCAGGATAAGTTTCAGTGGAATGAAGGAACGGAAGATCTTCGTTTGTGCAAGATTCAACTATCTTAAAATCGTCAAGATTTATTTTTCCCTCAGCCGCAAGCCGCTCCAGACTGTTGCTTCGAACAATCCCTGCATCTGCAGAACCCTGCTGAACAGAATAGACAACTTTATCATGGCTGCCTGTGAAGCTCAGCGAGCTGAAATCCCCGGGCACATCAAGGCCGTCAGCCACAAGCTCTCGTTTTACAGCAAGCCATCCTCCAAAGGAATTCCTGTCAACAGCGGCAATGTGAAGGCCTTTTAAGTCTCGAAATCTTTCAAAGCTTTTGTCTTTAAGGCAGAAAACAATGCCGGCAAAGCTGTTTATGTTTCCCGCAGGGCTTTTGTTTACGAGTGTGGCCAATCTTTTAACGTGATAATTGTATTCCAGATTTACATACACAGCTGGATTTGCCAGAACGAAATCCACCTGTCCGCTTTTAACAGCTTCCTCAATTTCATTAAAATCTAAAGGAACTATTCCGAAAGAATCTGACTCGAATTGATCACTGAGATACCCGCCCGTGGCAGACCATCTCTCCAGACATTTGGCATCCCCCCGTTTTGCAAGCACACCTATTTCATAATCATCGGCCTGAGCGGCGGCTGCCAAAAAGACGAGAAAAAGGAATATAATATTCACCGGTTTTCCCATTTTTTCTCCGTAATTGGTTATACTACATCATAACACGTATCATCATAACCTGCATAAAGCCGAAAGCAAACATTTTTATGACGCAAATAAAGGTTACTCCTTCAGTTAATGGCCGCTATAACCACGATACGTTTCTGTTTACAGTAACTTAAAAAAACTTATAATCTGAGAGGTTTATTAAAAGCATAGCGTAATTTTAGGGAAAGATTATTATCTTATATATTGGAGTAATGAAATGCTTGGATGCCATACAGGAAGAAATTTTCAGGTTAGCGTTGCAGGGGGTTCTTATCAGGACGGGCTTACATCTATGATTCACGGCTGCCCGCCCGGAATGAAAATCACCGAAAAAGAAATCTACGGCGA
NZ_CP021023.1_gap34	1434217	1434913	696	GCCAGTTTCCGTCAGTCTCTTTTACAAAATCTGAGACATACGCAACTGAAACTCCGCTGTCAACCGGATTAGTAACAAGCCTGAAGCCGAGTCCAGTGCCTGGACCTGTCGGGTCCCAGCCTGTTACATTTACCATCATACTCATTTCGACGGTATCGCCGGCATTATAAGACAGACCTTCATTTATGACATTTCTGCCAGTGTTCAAGCTCACCCCGTCCTCTTGCCATGTTGAATTAGACCTGATCTCGAGCGAACGAGAACCCTGAAAGGCCTTATCTTCGGTCCCCTGGGAATGAACTCCAGCATTCACATTCCAGTAATAGACCCACTCAGGATTGTCAAAGTCCCACTCTTCAAAAGAGCCATCCTTCAATAACTGAGCGTTGTAAGGGGCGGCAGTTGCTACCGCAACAACACTAACTAACGATAGAAATAGGATTTTTTTCATTTTTTCATCCTCTCAGAAAAAACATAATCAACATCGAACCTTAAACATAACTTCAACGCGAAGATTAGGCTCGAAAATCAAATTCCACACAAGCAATCCTTGGTGCCAAACATGTTGTACTAAAGATTTCATCATAATTAAAAGTTTACTGCATATTTTTAACATGAACCATTATATTACAATAACTTGAATCTTAACAATTGTCAAGTTAATTTCTTGAAATTTAAACAAAATAAAAAATTATT
NZ_CP021023.1_gap35	1445324	1447580	2256	GAATAAAATCTGGGTGTCTGCAGCTGTTCCAAAAGACAATTTGCCGTAACCGCTCTGGGGGTCATCGCCAAAATGTACACCAGGTGTTGTACCGTCAGCGGTGATATCACCATTAAATACTGTCCAGTAATCAGACATAGTACCGTCATTGAAATTTTCTTCATAAATAACTTTGGGTTCGGGTACTGGGACTGCCAGCAATGTTGCTGTAACAATCAAAAAAGCCATAAAACAGAATATCTTTTTCATTATCTGTCCTTTCATATTAAATTTTTATTTCTCTAAAAATAACTAATCATTCAGTAATTCTATCACCATACAAATTGATAACATTCACATTAAAGCCATGAAACAGAGTAATTTACGCATAATCCATCCTTTCATATTAAGTCTTAAAAACACAAAAACCATTTAATATATTTATTACAACGATCAATTATCCTCATTAAATAAATATAGCGTCTCCATACTTTGCACGAGACTGCTCATATCAACATCAAGGTGTGGTCCGTAAGGATTCACAACAAAGCGTTTGTCTGGGGAATTAACAATCGAATCGAACGCCTTCCACTGCAGGACTGACGAATCAATTTCATCGGCAAGCGGAATTCCAACAGCAACTGGTGCGGTTATCCTTGATGCATGAATGGCTGAATCGCAATAAGCCAAGACGTTTAAGAACAGGTCTCTTTTGGACATTCCTTCCGGAGGTGTATAAGACTGGTGAGGCGTATAATAAGCCGGATCCCAAGTGCATTTATCCCATCTCGCTCTGCCCGGACTGTTCACAGTTACTAAAGCCACATCCGGGACAAGACTCGCAGCAGCAAAGGCTAACGCGCCGCCCTGGCTTCCGCCGCCTACCGCTACCCTGTCCGGATCGACCATATCCAAAGTGCGTACAAAATCCACTGCACGTGCCATTGCTATATAGGCATCTCGGTAAAAATAGGTATCTCTCGACTCAAGACCTGTTCTCATATATGCGCCGGCATCGCTTGTGTTATAGTGTTCTGTACTATGTGCGCGGCCTATAGTTGGATGGTCAAAAGGTAAATCATGCACGGACATCGCAAGATAGACATAGCCTTCATATAAACCGGAAGTATCGAGGGGAGAAGCTGAGTAGCCGGCTCCCGGGCAGCTGATCTTAACGGGCAGCTTATCGCCGGGGTTGTGAGGTGGTATCAAAAGAAAGCCCCTTCCCTTGCGATTGCTGTTAGCATTAAACTCTACAACCGCCCATTCACTGGATACACCCGGGCGATTGTGATTATAATCAACTATCGGATTAAGCGGCACTGCCCTGGCATCAGCCATTGCCTGCGACCAGTACTGGTCAAAATCTGCTGGTTTGTAATCAACAAGATCATAGTTGTAGGGGTCGAAAATAAGATGAGTCCTCACATCGCCCAGAACTACCTCACCATTATATATCAGACTTGCAGTGATTTCATAGCCGCCTGCTGATACATTTTCGAAAGCCGCATTTAGTGTTTTTGTCTGCCCCGGCTCAATCTCAAAGAGAATGCTGTGCGTATCAGCTATAAGGCTCTTGCGTGTTGAGAAGTGGTCCAACGTTACAACTGCGATAAGCTGAAGCGTTGAATCACCGCTGTTTGTTACTTTTACAGGAACCGTCAAAGGGTTGGCATAATCAAAGAAATGGTTTTCAGGGAAACCTGAATAATCAGCAGATAAGCCAGATGTCTGCGCAGAAGGAGAACTGGGATTAACAATCCCTCTAAGCGAGATATCATCAATATGGAAGTATTCCCCATCTTCAAGATTGAATGCTATTTCGATATAATGATCACCGCCGGATGAGGTTACAAAAGCTATTTTCTTTTTCTCCCAGTTCATGTCCGTGGTATCCCATTCACTGAAAGTCAAGACCGAATTATCCGCTCTTCGAATCCTTATCGAAACGCCTTTTGCTGAGGTAGCCTTGTCAAGCAGCCCGTTTAATTTAACGTGTGCGCTGAGCTGATAGTAAGAATTAGAGTTTAGCTCAACCGTCTGACGAATCTGGGTATCGGCAGAGCCTTCAAGCCTTATGCTGCGGCTGCCTGTATGTGATACAGAAGAGTCCAACACAGATTTTGAACCAGCCATAACCCAGTTATCCGGAGAGCTCCCACCTGTTTCGAATGAGGGATTATCAAGGAGTTCAGATGTCATGAGACTCTCGGCATCAGAATCATCAGTGGTTACATTCAATAAATCGCTCCTTTGTGAAATATTGCCTGCTGCATC
NZ_CP021023.1_gap36	1514506	1515041	535	AGCTATTTCTTTTTCTTCTTCCCAGCCAAACAGGCCTCCATCGCTTGCGTGCGGGTTAAGGCCGGCAACCCCAATCAAAGGCGACTTAATGCCAAAACGCAAACAAGCCTCATTGGCCAGCTGAATGACTTTAAGAATCCTTTCCTTTTTAACAAGATCGCATGCCTTGCGAAGCGAGACGTGGGTGGAAACATGCACGACCTTCAAATTCCCGTCAACCAGAAGCATAGTATAATCTTTTGTGCTGGTGTATTCACCGTAAATTTCTGTATGGCCTGAGAAGTGGTGCCCTGCCTTATTTATTGATTCCTTGTTTATCGGTGCTGTTACTGTAGCATCAATTTCGTGGTTCATAGCCAGCGATATTACAGTGGTAACTGCATCAAAAGAAGCCTCCCCTGCCATTGCCGAAACAGCGCCGAGCTTGAGCGATGCGATATCTACATTCTTCAAATCAAGTACATCAACAGCACCAAACTCAAAACGTGCCTCGCTCACTTTGCCAACCGGATTAACAGCCGTATCAACATTTGCG
NZ_CP021023.1_gap37	1516073	1516754	681	GCTCTGTAAAGGGAGTTGCCATTGGAACTATAACTCCTGAATATTTTTCTTTAGCATTTGTTTTCATATTTTTCCCTGTCAAGTTTCATCTGCCTGTGGTTAATGAATATCAATTTGTTATTTAATCTGCCGAATCTCTGACTTGCTGAAGGTTAATACTTTAAAAGATGCTGATAGATTTTTTCCGCATCCTCCTGTGTTAGCTCTCGAACATTATTCTTGAGAAGCCTCGTTACAGACATAGCAGATTTCGCCATAGCCGGCACATCACTTTTGGCAATACCATACTGCGAAAGTGAATCAGGAATCTTGCATCTGCGGCAAATCTCCCGAACGCGTTCAATGCCAAGCAGCCCCGTTTCCATATCAGAGCTTTGCGCCGGGCAGCCAAGAGCTACTGCAATTTCAGCATATCTCTTCGGCGCAGCGGTTAGATTGAACTGCATAACCTCCGGCAGCAATATAGCATTTGCCGCTCCGTGGGCGATATGGAATTTCCCTCCAAGCGGATAAGATAAGGCATGCACTGCTGCCGTGTTTACCGGCCCAAGACAATACCCGCCATACATACTTCCAAGCGAAAGAGCGCTTCGGGCATCCATATCCTCGCCGTTTGAAAAGGCAGTTTCTATGTTCTTTCCGATCAGCTCAATGCCCCTGATGGCATAGGTGTCAACAAAT
NZ_CP021023.1_gap38	1625556	1630394	4838	GGCAGGGGAAGGTTTAAGGGCAGCATTTTTATTAGGCAATGCGGCTAGAAGCTGATCGTCAGTGAGAATATCTGAACTGAAACGCAGCTCATCTATCAGGCCATTAAAAGTTTTTGCGCCGCCGGAAGTTTCCCTGCCTATAAACATTGATTCGTCATTCCCTTGATTCAAACGGCTTCCGTCATAAAATTGCTTCATACTGGTATCAAAGCTGTCGTCTGGGTTTAGGATACCGAAGGTTAGCCTGTCGGATACATTATTGTACCTCGCAACGAAATAATGCCAGTTTCCATCGGCATAATTTCTGCTGTTTAGAGTAACAGACTGGATACCTCCAGGAAGCATATTGATGTTGAAGTCGGCAGCCCCTCTTCCGCTCTCATTTAGCACCATACTGTAGCTGAAATCGCTGTCTGCCTGTAGAAAAATCTGCATTGGGCCGGCAAGAGACTGCTCGCCATTTGTCCTGAAGAACCCCTCAACTGTAAATGAACCTGAGAAGTCCAAATTATTTCCATATTGATCAGGTGGAAAAAACAGTACCCCGTATCCTGACTGCTGTGAGGGGGCATAAGAATGAACACCGCCGCTGAAACCGGCATTGAACATCTCAGCGGGCGGTGTCTGGTTAGACGTGGTGTACCCTGCTACTCCCATATACCAGAGATTATTCCCATGCCCGCTTGAATCTTTTACTACCGGATTTCCGGATAAAGGATCCATAGACCAAAATCCAACCGTCTCAGCACAGCCTAAACAGCAGACAAATTCAACAAAAACTAATATAAAAATCACCAGTCCCAATCTATGCATAATATTACCTCAGAAAATCTTATAAACAGTCGCTTTCAGGAACTATTCCGCAATCCAGCCAAGCCGCAGCAAAATGAGCAAGATCATTTGTATCTATAACGCAGTCATCATTATAATCATGAACTGTAAAAAAATCGCAAGAAGGCCGTTTTGTAGTAAATGACCAAACCTCTCCTTTTACAATAGTCCCATCTTTGAGGATATCATCAACCCGCCAGAGATAGGTTGTGCCCGGATTTAATGTTTCCGGAGAATAAACAGTTTGTGTTTGCTGTTTCTTAAAAGCAGGTGGGTCTGTTTGGCCAAAATACACATTGTAAGCGTATATATCTTGGCTTGATTCCCACTGTAACTGCACGTCCAAATCAACATCATCCTGCCTTGGTTTCGGCTGCGGGTTCTTAGAAGCAGGGAGATTGCCAATAAGATTGGTATTTGAAACAAAGCCCCCGCTCAGCCTTAATTCATCAATAAGGCCCGCAAACTGCCAACTTCCGCTGTAGTTTTTACGTCCGATGAGCATATTCGAACTTCCGCCTCTTCGCACCTCAGAACCTGAAGCAAGCTGCACATTCTTCTGTTCTACCTGCCCGTCCTGCGACAAAACTGTTAAAGAAATTTCATCGGAGGGGTCATTATAACGGGCAGCAAAATAATACCATTGCCCATCAGCATAATTGCCCAAATTCGTATCCGCAAAAATTATTCCGTCAATAGTCGAATCAATTGCGAACCTTAGACAGCCTGCTCCACCTTCATTGATTGATATTCCATAACTGTAATCATTCTCAGCCTGACGAAGAATTTGCTGAGGACCGCTTTCCGATTGATCCCCGTGAGTCTTGAAAAAACCTTCCACTGTAAAGGAGTCGTAATAATCAAATTCATTACCATATTGATCCTGCGGAAAAAAAAGCACCCCATCACCAAACTGCGCACCTGAATCATAGGAAGCGCCTCTCGGGAAATAACCATCGGAAAAGAGAGTTTGCGGAGGCTGCAGAGAATTTTCAGTAAAGCCTGCGTTACCGAAATACCAGAGATGGTCGAATTCGACAACATTTTCCCCCGACCCGCCGATCGTGCCTTGGCCAAGCCCAAATGCGATATCATAAACAGAAGGATTTGCAAGATGAGTCCACTCCATAGACCAGCGTGCAGTTGTCTGGGCAAAACAAACTGATACTGCAATTATCATCGCAATGAAAGCTGTTTTCTCTAACAAACGATTCAAAAACATTCTCCCTTCGAATTGCTTTTCAATTTTATCAGTTGGATTATTAAAATTTTTTCCATTTACAGAAATGTAATTTCCCGCCTTTCCGACAGAATCGCAGCTTAGAGCCGTCCTCAGTGTTGTGAGAGTGAGGTTTTATATGAAACATTAGAGTTTCAACTTTGCATCACCTCTGTGGAAACTTAAACAGCAGGGGGTTCCCCTGCTGTTTAAGTCTTAATTTCTATGGACAAGCTTCGGATGGCACAAGGTTGCATTTGAGCCAATTCGATGACATCACAGCAAGGTCCATTAAGTCAATATAGCAGTTTCCGTCAGCATCGCCCGGTAATGGCGGATCACATTGAGGAATAACAGTGGTGAAGCTCCAAACTTTACCCTGAAGAGTATTGGACATACTGTCAACCTGATCAACCCTCCAGTAATATGTGGCAGACCAGTCAAGACTGCCAGGGTCGTAAGTTGTAGAGCTCTGATTCCCCTGGAATGTAAGGTTATTGGGATCGGTGCCGAAATACACATCATGGCTTACTGCATCTTTCCCTGCATTCCAGCTCAGTTCGACATCAATATCAATACCCTGAGCCCCGTCTGCAGGATACGGGCTGTATGCCCATGGAGACATACCACCCACTTCCGCCGGCGAAAGTTTCTGGTCGTAGATGCTGAACTCATCAAGTTTGCCGACAAAATTCAAAGTATTTGACCATATATTCTGATAAGTAGAGGCCTTCACCTGAGAACTGGAATCATTCAAATCAAACTGTGCTGAAGCTAACTCAGATCCGTTTCTATAAAGAACGCACTGATTAGTCCATCCGTCATAGGTTGCTGTAATCATCTGCCATGTGCCTGTGGTAAAATCTACGCCCGATTCAACATCTGTCCGATTGCCGTAAAACGTAATCCCGCTCCATGGGAAAGAAGAAATATAGCGCAATGAACCGAACATATTAGGATCTGCTGAAGGGTCTTCTGTGTTTTCGCTTGAGGTAAACATCTGGTCGCCCATTCCAGCAATGATGGTTTCTTCATCAAGAGGCTGATCGATATACACAAAGATATTCATTGTCCATGAATCTTCGCTTCCCAGAGGCAGATTAACAGGGCTCTGATTCACTACAGAACCTCCCCCGTTGAACTCAAGGCAGTTCCCTTCAAAGCCCTCTGTCCATGTTGGATTTGCCCATCCGTCAAAGTTGCCGTCATTACCATTTCCAGAAGTGTCTTGTACGGTCTGGCCTGAGCTTTCATCCATTTTCCATTCAAGAACCTTTTGAGGAGCCTGACGTGTCGTGAAAGTCCAGACAGGGCCATTAACCTCAACATTCCCTGAGGCATCCAAACCATCAACCTTCCAGTAGTAAGTGGTGTTTTCTTGAAGGCCTGAGAGAGAATCATAAAAGCTCTGAGAAACATTATCAAGCTTGGACATACTGGTCTGTGATTCTCCAAGATAGACATCATAAGAAGCGATAACCTCTTCATCACCCCACCACTCAAGATAGGCATCCTCAGCCACAACATTCTCTTGACCGTCCTGAGGCTGGATCACGCTTACGCTAACCGGCACTGCACCCATAAGCTGCGTATCAGATACAATCCCCGAGCTGAAACGAAGTTCATCTATAAACCCGTTAAAATTCCGGCCGCCTGTAAAGTTTTCTCTGCCGATAAGCATATTCCCCGCTCCTTCATGAAGGAGCTCAGAACCGCCTGGAAGGGCCTGTGTTGCGGAGTAAACCGAACCATTCTCTTTCATTACAGTTAAAGAAAAACGGTCGTTGCGGTCATCGAAACGGGCTGCAAAATAATGCCATGTACCATCCGCGAAGTTCGCGACTCCCGGCCCCCCTGCATATACTGTGGTGATCTGGCCGGTTCCAGAGGCTATCGTGTTTACAGCAAACATTAAAGCTCCTTCACCGCCTTCGTTAAGCGTGATGTTATAACTGAATCCAGCTTCATCCTGAATCAGAATTTGCTGAAATCCATTTTGAGACTGGTCTCCATCAGTTTTGAAAAATCCTTCAATCGTAAAAGAATCAGCGAAATCGAATTCATTTCCGTAGCCGTCCTGAGGAAAAAACAAAACGCCGTCCTGACCCTGCATATATCCAGCATAAAACGATTCTTCGCCGCCAGAAAATCCATCGTTGAACATACTAGCGGGCGGTGTATCATAACCAGATACATATCCGTTTTCAGGGAAGAAATAAAGGTGATCTTCCGATTCTTCGACAGGCAATCCACCACTCAAGTTCCCTTGGCCTGTCTCAGTAGCGGAATCATTAACCACAGGATTAACTGCTCCGGTGTAATCCATACTCCAATGACTTATTGGAGTAGCAGCGGAAACCATAATGCTCGCCGCAAGCAGAAACAGTAATGAAACTAATCTATTAATTTTCATATATAAAACCTCTAACATGCACATAGAATTATTAACGAATACAACTGGTGCAGACAACTGCATCCGTGTTTCATCAATTTCAACAAAATCAAGCCTTGCGTTTTCTCGTGTAAAGCAAGCTGCCAATACCAAACAAAACGGCGGTAGTCGGCTCAGGGACACCTATAAGATCAGGATTGCTAAGCGTTTCATTTGAAAGCCTTACCTCATCAATCAAACCGGCAAAACGCTCAACTTCAGCTTCCCTGCGTCCAATCATAATATTATTGGTCCCTCCGCTGATGAGTATATCATTAGTGAGAGTCTGGTCTTTAAAATAGGCGTTGCCGTCTTCACTGTAAACAAGCAGGCTCATTTCATTAGCCACCTGATCAT
NZ_CP021023.1_gap39	1632278	1636023	3745	TATCTTACGGACAACTTAACTTTACTTAAAAGAAACATAATCAAAATTAAACCCTTTAGACTTATTCGCAACCAAGGATAGACAACCCTTTCAAGGCTTTTAATAAAATTGGGCTTTTCTGATAGCTTTACAGAATTAAACCAGCCTCTAAAATCTCCAATAAGCTTGACTTTCCTCAAAAGCTTTTTTTGTTTTGTGGCTCTCAAATAAAATCGGCTGGACAGGTATAATGTATAGGAAGCCTAATTTCATTTGGCAATTGTACTGGAATTATTAAAATACCCGTCTATGCCCGGAAAAAGCAAAAGAAAGAACAAGAGAAAGCGCAGCGCTGCTGAGCATTATATCGAATATCTCGGTGTTCGGTTTGCCGCGGGGGTGCTGCATACCCTCGGTGTTCGCCGTTCGCTGAAGCTCGCTATGAAGATTGGCGAGATTATGTGGGACCATTACCCCAAAGGAAGGAAAAAGGCTGTGGAGAATCTTCGCAGCAGTTTCCCCGAGAAGGATGATGAATGGATCAAGCAAACCTGCATCAAGAGCTTTCAGCATCTTGTGATGCTTGCCGCAGACGTTTTCTTCACAACGAAGCTCGTCCGCCGCGATAATTGGCGAGAGTATGCAGAGTTTATCAACGCAGAGCGGGCAAAGTGGATGATGGCCGAAGGCAAGGGGCTTATAATGCTCACCGGCCATTACGGAAATTTCGAGATTATGGGCTATCTGATGGGACTTTTCGGCTTCGAGGTGTACAGCATTGCCCGCCCGATAGACAACCCATATGTAAATAAATGGCTCTATTCGGTACGTGAGAGGCACGGCCAGCACATAATCAACAAAAAGGGAGCGGCAAAGGTGATGCCGGAGCTGGTGAAGAAAGGGGCCACGCTGGGCTTCATTGCAGACCAAAACGCCGGCAGGAAGGGCATATTCGCTGATTTCTTCGGCAAGCCCGCAAGCACATACAAAAGCATCGGCCTGCTCGCTATAACGGAAAACCTGCCCATTGTTGTAGGCGTATGCCGGCAGCGGATGGGTGAGTTTTTCTTCGAGATCGAATGCGGGCGGATTATTATGCCTGCAGAATGGCAGGATAAAGATGAGCCGCTCAAATGGCTCACGCAGGAATATACCAGTGAGCTGGAGAAGCTTATCCGCAAGGCTCCAGAGCAGTATTGGTGGATACATCGCCGCTGGAAGACGCGGCCGGAAGACGTGAAACGAAGGCGGAAAACCAAAGCGGAGGAAAATTGAGCGATTTTTGCAAAAGACTCATAGATCTGCTCGCCTCGCTTGCCGCCCTGCTTCTGCTCTGGCCTGTGATACTGCTTATTGCAGCGGCTGTTCGGCTGGAGAGCAGGGGCAATCCTTTTTTCCTGCAGGAAAGAGCCGGCAAAAACGCAAAGCCCTTTACGATGATCAAATTCCGCACAATGAGAGCCGATGTGGATCCTTTCGGCAATTCGCCCAAAACAAGCGACGACCCGCGGGTAACACGGACGGGCAGATTTCTGCGTGAAACGAGCCTTGATGAGCTGCCCCAGCTTGTGAACGTGCTCAAGGGAGATATGTCTCTGGTTGGGCCGAGGCCGCTTTATGTTTCCCAGATAGCAGAATGGAACGACAGGCAGAAACGAAGGCTTGAGGCCAAGCCCGGGATTACAGGCCTCGCGCAAATCTCCGGCAGAGGTTCGCTTACGATCGAGGAAAAGCTTGAGCTGGATGTGCAGTATATCGAAACACGAGGACTGATTACCGATTTGAAAATCCTGCTGCGAACATTTGCCGGCGTTTTCTCAAGATCGGATATATACGAAAAGAAATATTCACAGAATCAGCATACGCGGGGCGAGAAATAATGACAATCACAAACGCAAAGGCTGGTGTAACAGTATGAGAATTCTCCAAATACTTCCAGAGCTGAATCAGGGCGGCGTTGAACGGGGCGTTGTGGAGCTGAGCCGTGAGCTCGCTGCCCGAGGGCACGAAAGCTTCGTGATAAGCGCAGGCGGCAAACTCGCGGGCAAAATAAACGCAGAGGGCGGAAAGCATATAACAATGGACGTATGCTCAAAAAACCCGATCACAGCCCCGCTTAGAACATGGGGACTGCGGGGATTTATCAAGGGGCTAAAGCCTGATATCGTGCATGCGAGGAGCCGCGTGCCTGCGTGGATGTGCTGGTTTGCCCTGAGGGGGATGAAGATTCCGTTCGTTACAACCGTGCACGGATTCAACAGCGTAAGCGCCTACAGCAAGATTATGACCGGCGGCGACAGGGTTATCTACGGCAGCAGCGCTATCAGGGATTTTGTGGTAAAGAATTATAAATTCGATTACGAAAAACTAAGATACGTTCCCCGCGGCGTGGATATGGACTACTTCGATCCTGAGAAATTGGACACGGATTTTATCGAGGCGTTCAAAAAACAGTACGCCCTTGACGGCAGATTCGTGATCTCGATTGTGGGAAGGGTTACTGAATTGAAAGGCCACGAGGATTTTATCAGCGCAGTTGCCAGATACCGGAAAAAGCACCCAGAGGCAGTGGGGCTTATCGTTGGGCGTAAGGCAGGAAATAAGGGAGACTATTTCGAAAAGCTTCACAGTATGACCGAACGGCTCGGTGGAAAAGAGGCGTTCAAATTCGCCGGCCCTCAGGCGAACGTGCGTGAGATTTACGCAATGAGCGATCTAACAGTATCAGCGGCATCAAGCAAGCCCGAATCGTTCGGCAGGGTAGCAGCCGAGGCGATGGCTATGAACACGCCCGTTGTAGGAAGCCGGCACGGCGGAACGCTCGATATCATTAAAGACGGCCAGACCGGCCTGCTCTTCAACCCCAGAGATGCCGATGAGCTCGCAGAGAAAATTGAAACTGCGGCGAATATGAGCTTCACCGGCCTGCGGGAATATATTGATGACAACTTCAGCCTCAGGATTATGGTCGATAAAGAGCTTGAGGTTTATCACGAACTCCTTAGAGGACCCGCTGATATACTTACTTGACATTGACAGTTAATAAGGTAATATTTTTCTGCAATCATAATTTTAAGATTAAAAAGTCGAATAGGAACACTATGACTCCTAAAGAGCCGGTAAATATAATTACCCTGAAATGGGGTAATCTTTACGGATATGAATATGTAAACAGACTCCAAAAGGCTGTTGAGAGGAACTTATCCATAAAGCATAATTTTATCTGTTTCACAGACGACAAAACAGGATTGAATAATAGCATTCAGCCTTACCCAATACCAGAAATAGACCTTCCCCCGCAGCCTAAGGTTACAGGTTGGAGAAAGCTTTGCCTATTCAGGCCGGATTTACCTATAGAGGGAATCTGCCTTTTTTTAGACCTCGACATTCTTATACTGAATTCAATTGATAAATTCTTTGATTACGGCGAAGATGATCAGATACCTATAATTCACAATTGGATTGAACCTTACAAAACAATCCTCAGAAAGAGGCCAGAAATAGGAAACTCTTCAGTTTTCAGATTTGAGGCTAATAAATGCACCTTTGTTTATGAACAGTTTTTAAGAGAGAAAGAATGGGCTTTAGAGAATTTTCGACCTCCTCAAACTTATCTCACCCACTGCATAAGGCCGAAAATGATTTATTGGCCTGAGCAATGGGTACGAAGTTTCAAGAGACACTGCCGGCCTGTATTCCCTCTCAATTTGCTTCTTACCCCAAAGATCCCAGAAAATGCATCTATACTTGCTTTTCACGGCAAACC
NZ_CP021023.1_gap40	1816521	1818284	1763	GTGCTGGGCATAAAAGCAGAAAACACGGACGTTGAAGCGGGGAGCCTCGATGTTCAGGCATATAAAGACGTGGCCGCTAAGATCAGCAGGGCATTCCCAAACATTGAAAAGATAGCCACCACATTTCGGGAGAGCGTATCGGCCTCGCACAACAACTGGGGAGCAATGCTTTACGACTGCAAGCAGGCCAAGGCCTTTTACGCCCCGACCGAAGCCGGAGAATACCAACCTTACAGAATCACGGATATTGTTGACAGAGTGGGCGGAGGAGACGCCTTCGCAGCAGGGCTTATTTTTGCTCTGAACACACCCGAGCTCAGCGGTTGCAGGGAGGCGGTGTCTTTCGCTGCTGCTTCTTCCTGCCTTGCCCATTCAATCAAAGGCGATTTCAATTTCTCCACGAGAAGCGAAGTGGAAGCGCTTGCCGGCGGCAACGCTTCGGGCAGGGTAGTCAGGTAAATTAAGACAAGAATCATACAAGGAGTTTGAATTATGCAAACACAAGAGAAGAAAAAAGTATCACCTCTAAGAAAACTCTGGCTGCTTCTTCTCACAGTAGGCCCCGGGATTTTTTGCATTGGTTACACAATCGGCACAGGCAGCGTAACCTCGATGAGCAAGGCGGGTTCTGAATTCGGCACTCAGCTTCTCTGGGTTTTGGCATTCAGCTGCCTGTTTGCGTGGGTGCTGATGGAGGCTTACGGCAGATACGCCGTGATTACCGGCGAAACAGCGATACACAGCTTCAAAACGCAGCTCAAAGGCGGTAAGTTTATAGCGATACTGGTGCTTGTGGGGGTAAGCGTAGGCCAATGGTGCTGCCTGTCTGGGCTCGTTGGCCTTTCCTCAGCGGCGGTTTACGAAACTCTGAGGCTATTAGTTCCCTCGCTGGATCCTTCCGGATATGTGCCTACGCTGATTATAGCGATTCTGATAATGGCAGTTATGTACGCCATACTCTGGTTCGGCACCTATTCAATCTTCGAAAAGGTGCTGGTGTTTTTCGTTACGCTTCTGGGCTTAAGCTTTATTGTTTCGATGTTTATAGTGCTGCCTTCGCCTGCTGATATTGCCGAGGGTTTTATCCCGTCAATACCGGATGTGGAAGGGGCTAATCTTATGATAGCGGCTTTCGTGGGCACAACTATGGCGGCGCCTACGTTTGTTGTTCGTCCGCTTTTAGTCAAAAGCAAGGGCTGGATAGAAGCAAATGACGGCCTTCGCCAGCAGCAGAGGGATTCATTCACCTCTGCACTGATGATGTTTATTATAAGCGGCTCTGTAATGGTCTGCGCAGCGGGTGCTTTGTTCGCAGAAGGCAAGGTGATAACCAACGTGCTGGATATGGCAAACAGTTTGAGCCCGTTCGCAGGCAGATTTGCCGTTGCGCTGTTCCTCGTGGGCACGCTCAGCGCAGGGCTGTCTTCCACATTGCCTATAATGATGGTTGCCCCGCTTTTGATTTCCGACTACAACAAGGGCAAGATGGTTACTCGCTCGGTGATGTTCCGCTCGCTCACAGCAGTGGCCGCCTTGATAGGTTTGACCGTCCCAATACTCGGGGCAAACCCGATACTTGCCCAAATCGCAACGCAGGTATCGCAGGTTTTCAATCTACCGCTGGTCGTAGGCTGCATAATATTCCTCGTAAACAGCAAGCAAATGGGCAGATACCGCGCAGGCTGGCTTCTTAACTTCGGGATGGCAGCAGCGTTTATGTTCTCTCTGGTAATCTCATATATCGCAGTTTTAGGCTTGAGGGA
NZ_CP021023.1_gap41	1827343	1831130	3787	GGCCAACCAAACAAACGGGGCAGTGCACTGGGGCGTATATTTCGCGCTGCCTGCTTTATGGGCTGGTATGTGGGGGCTGCCGCTCTACCCGTCTTTGCTTCTGCCTTCGAGCAGAAAAGACAAACTGAACGCTTCATTGGCTTTTGTATTTAGCTATATGATGCTTTCTGCTTGCCTGTTTTTATTGGCCGGGCTTATATCCAAGGCAGCGGCTCCGTATATGCCTTTGCCTGCACCGGAGATGTTCAGCAAAGATTTTCTTTTCGCTTATCCGGCATTTCAAAAGGTGTGGCTGTTATTTTTCATAACTCCGCTTTCGTTTTCTGCAATCGCTTTATGGGGAAGAAAATCTGCTGCGATGGTGTATGTATTCCCGATAATTATAATGTTCGTTGTGCTTCTAAGCGGTTTAGAGGAAAATATTCAGCCAAGGCCTCTTTGGGTTTTTCGGCTTGCGGGAATCGTGCTTAGCTGGATAATATCGTTTTACATCCTTAGATTCAGGTGCATAAAGGGCTGTCTTGCAGGTGAGAAATTTGTTTAAGCCCCGAGTTTATAGGCAAATAAGCTGAATTTTCGCAATAAGGTTTGCGTTGAAACCCACAAAACACTTTACCTTAACGCATTTTTTTATTACCATTTACAGCTGAATGTATGCTAATTCAGCTTGAAAAATGTCCTGATTTTAGGAATACTTATTATGAAAAGAGCTTTAATTTTATTCGCAGCAGCAGTAACAGCAGCAGCGGCCGCCGCTCCTGAGCCGAGCCGTGCGCCGGCCCCGGGCATTTGGACCCTTGATGTTGAGTTCAATATGCCGAGGCAGATTACGTTAAAAACCGGCGAGCAGACTCAGAGATACTGGTACATAATTCTCACTCTCACCAACAATACCGGTGAGGATGTGGATTTCTATCCCGATTTTGAGCTTATGACAGACACTTGGAAGCTTTATTCCTCGGATACTGGGATTACAAAACCTGTATATGAGAAGATAAAGCTGATCAATCAGGGTCGTTATCCTTTCCTCCAAACACTTGATGAGACCAAAGACAAGATCCTTCAGGGGGACGACAACAAGATAGATCTGCTCGCAGTTTGGAAAGACTTTGATAAAAAAGCGAAAAATATAAAACTGTTTTTTGCAGGTTTGAGCAACGAAACCGAAGTTGTAACTATCCCTCAAAAGGACGGAGAGGACAGGAAATTTATCCTTCAAAAAACTCTCTGTTTAGAGTATCTTCTGCCCGGAGACCCGAGAAAAAGGGCAGCGCAGAAGCTGGAATTTGTTGATAAAAGCTGGGTTATGCGATAACCGCTTTAATTTTTTGGTAGAGTTTTATTATGATAACAGACTGCCAGATCAATCTTACAGGCCGTCTGAGCCCGATAGAGCTTGCAGAATTTAACGAAGCTACTGAACGGCTCGATAACTATCTGGTTTTGGCCTCGCCGAAGCTGGCCATGGACCCCGGCGCCAATGAGGTGCTTGGGGATTTCCTTAGCACAAATACAAAGGCCATAGGTTTCGGTGTTGTAAATCCGCTGGTAAAAGAAGGTCAGCAGTGCCCGCAGGAAGTAACGGAGAAATGGGGCATTAAGGGCTTCGCCCTGTACTGCTCCAAGCACGGCTTCCATCCGGCAGATTCTCAGGCAATGCGTTTTTATGAATACGCAAACGAAAATTCGATGCCGATATACTTCTATATGCCTGAACAGCTCGACCCGACCGACATACTGGAGTATGGAAGGCCTTATCTCATAGACGAGATAGCGAGAAATTTCCCCGATATGAAAATCATCATCAGCAACTGCGGCGTCCCGTTCCAAAGCGAGACGGTGGCAGTTCTTGCAAAGAATAAAAACGTTTATTCCACACTGCCTGTAAACCCGTCTAAATGGTATCAGACATACACCCTTCTTGTAAGGTTCTTTGAGGGCGAAGCAATCAACAAGCTGCTCTTTGCGAGCAATTATCCCAGTCATCAGCCGAATGAATGTCTGGAAACACTGCTCGGCTTTAACAGAATGATTGCCAACACGCAGCTTCCTGTGGTCCCGCTTGATGAGATTAGGAAGATTGTTAATGCCAACGTTCCCAAGAAGCTCTCTATAGACCTCTCCGCCCCTCCGAAATCGGAAGTAGTAGATGCGGAAACAAAAGAGCCTGTTGCACAAGAACAACAAAGCAGCTCATCAGAAAACGAGACGGAAGAGAAAAAGGGCGGAAAAGAAAAGGCCAAAAAGAAAAAATAAACTCACCCGCTGATTTTCCGGTTCTTCGCTTTGATTTTGCAATCTTGATTTTTTAAGGTACATAGTTTATGACTGATCTTCTTGAAAAAAGAGAGAACTGGGGCTCGCGCGGCGGGTTTATTCTGGCCGCCGTCGGCTCGGCAGTAGGGCTGGGAAATCTCTGGGCTTTCCCATACAAGATATACAGTTTTGGAGGCGGGGCATTCCTAATTCCATACATAATCGCCCTTTTCGCTGTTGGCCTGCCCCTGATTATCCTTGAATTCAGCCTCGGGCATTACACCCAGCGAGCCGCCCCAAACGCAATGCGCCGCTGCGTAAAGCCGTTTGAGGGGATTGGATGGCTCGGGAGCTTTATGTGCATCCTGATTATCTGCTATTATCCGGTGATTTTAGGATACTGCCTTACATACCTCGGATACAGCATTCAGGGTATATTCAACGGGGGCGAGCTGCCCTGGGCAGCGGAAGGAGTTGAGGGAATCAATCAGGCCAAGGGTTTTTTCTTCGATAAATACCTAAATCACCACGAGAGCTTCAGCCTAGGCGGGATTGAGCTCAAGGTTCTCGGGCCGGTAATCATAATATGGATACTTATGTATCTTTGCATCTTCAAGGGAATTAATCTTGTGGGCAAAATTGTATGGCTCACAGTCCCGATTCCGTGGATTATGCTCATAATCCTCACAGTTCGCGGGCTCACGCTCGACGGGAGCACCGAAGGGCTTGCATACTACCTCTCGCCGGACTTCTCGGAGCTTGCAAAGCCTATAACTTGGCGATACGCCTTCGGGCAGGTGTTCTTCTCGATGAGTCTGGGCTGGGGAACAATGATTGCATACTCCAGCTTCCTCCACAGAAAAAGCGATCTGAACAACAATGCCGGCATAATAACCCTCACAGACTTTGCAACCAGCTTCATAGCAGGTGTTGCAATATTCGCAACCCTCGGCGGGATGTCTTACGTTACAGCTCAGGCGGGCAATGCCGTACCTGTGGATCAGGTGGCAGATAAGGGCGTATCGCTTGCGTTTATAGCCTTCCCATACACCCTCGCTCAGCTTCCGTTCTCGGCTTGGTTCAGCTTTTTCTTCTTCCTCGCCCTTGTAACATTGGGAATTGATTCTGCCTTTTCAATCACTAAAACCCTGCTTGCGAGCATCGTTGATAAAACAGGTTTCTCACGCGGGAAGGTGCTTGTAGGGATAACAGTTGCGGGCATATTTGTCAGCTCAGTTTTCGCCACTCAAGGCGGACTGAACTGGGTAGGCGAAATAGACGGAATCGTAAACGGGACCTTTGGTGCTGCGTTCCTGGGGCTGCTTGAGTGTCTTGCGATAGGCTGGCTCTACCGGCTCGACTACCTCAGAAAACACAGCAACTCTTGCAGTGAATGGCCGCTGGGCAAATGGTGGGATGTGAGCATAAGGATCGTGATTCCGATAATCCTCGGAACGCTCTTCTTCTGGAATATATTCGACAAGGCAACAGCAGGAACGCCGATGAAGAACCCGGAAGGCGGTTATAACAT
NZ_CP021023.1_gap42	1845414	1849035	3621	GCTGCCGTATGCATCATAGCTGTATCTCTCAGCGATCCCGTTCGGCTCGGTGCTGTAAACAGCAGCCACGCTGCCCAGCTCGCCGGCGAAATAGCCATAGTAATCTTCCGCAAAGGCGGCATCCCGCTCTGCAATATAATACTCGCTCAGATAAAACGCCATCTCTTCGATGTTGATCATATTAGGCTCTGTGCTGTCGATAAAATCGTAATTTGCATCATAGCATAAATCGCCCTCGGCGCACAGCCACGCCTCAGCCAAATCGCTCATGCTTTCTGTCCAGCAGGCTCCCGCCGGCCTCACCACATCAATCATACAAACCACCTCATCAATTCCCGCTCCGTAAACGAAGCGTTTCTGCAGGCCGCCCGAGCCGTCGTATTCCGCTATCACGCGATGCCCCGAATATGCAAAGCTCTGCTGCAATATATTAAACATCACCAATTTAACCAGAATAAAGTCGTAAATATCAGAAAGAACGCCAAACTTATCGCTGAGAATATTTTTTTTATTGTATTCGCATTTCTGTAATAAAGAAATACCAGCAGAATGCATATCGCAAGACACGCAATCCAAAGGTGTATTATTGGATTAGCATTTTTTATATCCATCTCTTGCGAAATACACCTGTTTATCATCCCGATGCCTCTCGTCGAATACAAAAAATTGAATATTAATGCCAACCCCCAAATAATTTCCGCAACAAGTTTTTTTACAGCCATATTCCTACTCCAATATAAGCACGCATTCCATTTCCCATTCTCTCTTCTTCTTTACCATATGCATTTTTAATTGCATTAAACATTAAATTTGTCCATGCGTGGCAGTTAGCACCAATTATAAAATAGTTTCCTCTTTGCCCTACAATACTGTCAAGCCAGCCAGATATTGCTTCATCTTCTTCGCTTGTAGTATTAAGTTTTTTCTCGACAAAACCACCTTTATGACATTTGTCTCGATAAACTTCACCTGTTAGAAAATTTTCTGCCCAAGGGTTAAATGTGTTTTTTAAGAATTCATCACTACCACTTGTCCCCCAACCAATTTGATGGTACCCGAAAGATTTGTATCTTCCATTAGGATTCCCAACATTTAAATTAGCGTGCCATCCAGTTGCGTAATGCCTGGCGATCCAAACATCTTTTCCCATTGGATCAAAATAGTTCACAGGATTATTGCCACAGTATGCGTAGAGGTTCATGCTGTCGATATAGCCGAGGGGGTCGCGGGAGTGGAAAACTCCGAGGGCCGGGTTGTAGTATCTTGCCCGGTAGTAGTACAAACCGGATTCGCTGTCGTACCGCCGGCCGGTAAACATATACGGATTTCCGACAGCGCTTTCATCCAGCGGCTGGCCGTTCGGATCGGTTATTGAAACGCTGCCGTATGCATCATAGCTGTATCTCTCAGCGATTCCGTTCGGCTCGGTGCTGTAAACAGCAGCCACGCTGCCAAGCTCGCCTGCGAAATAGCCGTAGTATTCTTCCGCAAAGGCGGCATCCCGCTCTGCAATATAATACTCGCTCAAATAAAACGCCATATCTTCGATGTTGATCATATTAGGCTCTGTGCTGTCGATAAAATCGTAATTTGCATCATAACATAAATCGCCCTCGCCGCACAGCCACGCCTCCGCCAAATCGCTCATGCTTTCTGTCCAGCAGGCTCCCGCCGGCCTCACCACATCAATCATACAAACCACCTCATCAATTCCCGCTCCGTAAACGAAGCGTTTCTGCAGGCCGCCCGAGCCGTCGTATTCCGCTATCACGCGATGCCCCGAATATGCAAAGCTCTGCTGAAGCTCCTATATATCATTTTCCCCTCTCATTCCTCTGCTCTATAATAAAATTGATTAGCTCATTTATGCTCATATCACTGAAAAAGTCATCGCCCTTTAGTCTTGATTTATCTTTGTTTTTATGTATTCGAGATTTAACAAATTTTTCTAATTCTTTGCGGAATAACTCCGGATTAGGCGATTTTGACTGCCTGTGAACAAAATACTTAGTTTGCATTTCCATACTTTCAGTTTGCAAATGATTACCATTAGCATCAAATGCTGTAATGCGGTTAGTATCTTTCGGAGGATAATTCAAATATTCACAAGCCGCAAGGACAGTTTCAAAAATCCGGAGTTTTTTATCATAAAGAAATACCGGAGGCTTTACTTCCGACAAAAGTATTTTGATATACAATTCAAACTCCTGCCGGAAATATGCCTCGTATTTTTCATCTTTAGTTCGAATATCACTGTCGTTAGCGTAATGCTGGATCTGGTGTATTATTGCATCAATATCCTTATCCGGGAAATTATAAGAAGAGCATTCCTTGCCCCACTGCTCGAGAATATATTGCGCACTAACCTTGCCGTTCAGCATATCCTCTATTAATTTGGCTAACTTTACCTTTATGCTAAATGAATCAGTCATTAAAAACCTCTATCATAACAGAAATAGCAGATGTCCCTACAGACCATATAGCGAATCAGTGATCATCAGATTAATTATTCCCAGCATTTTCAATTGACCAGTTTTTTGGGAGCTTCTCTGAATCATCAATAAGAGAGCTGCTTGGTATATTATCCGGTACAAAAAGGACTCTTTGTTTTACAGCAAGTTTTTGGGATATATACCAGCCCGGTGAGATTTCAGAATAAGGCTTGTAACGCGAAATAATTTTATCTTCTGAACTATTTGGATTGATATTTTCGACCGAATAACACAGTCCATACTTTACAGTACTAAAGTGATGGGTTGCAGTGAAAAATAGAACGAAATCATTTCGCCTCCGAGCTTTATAAAATCTCCCCCTTCTCATTTTTTTCATTAATTTATGCAGCAATTTTGTGTCAACATTTTTAATCTTCTTAATCTTCTCTCCAACATATATCTTATCTTCCATAATCACATCCCAACCTGTAACTTCATAAATAGCAGGTTTATTTTGGAATAATGCAGTAAGCTCTTGGATAAGGCTGCTGTTGCTGCTTGTAATTACAGGAGCCGTGTAAATATACGGCATGGACAAAAGAAGCAAATATAATGCAACAACTGAAAGTATTAGTTTATAAATTTGCTTTTTCATCAATCCCAAGCCCCGTTTATTGCGTCATCCCTACCGCGATTTATATCTCTAATACTATCCTCATCATCCACAAAGCTCTCATAGTCCCAAATAAGCGGTTCACATTGATCAATCATTAAAGGAACCATAGGAATTTCATAATAATCACAACCATCAATGTACCCATATAGGTGCCCGCCTACCCTCATACTTAACCAGCCAGCTGTTCCCAGATGATATTGAGCGAGATAACCTGCAATATAGTTCCCAAATTGGGATGCTGATACAACATCTTCTTTTTTCTTTTCAGCTGTATTTGAAGCTGGGATTGTAAAAGTTCTATTGGGATTATTGGCTTTATAATCATATTTTGCATTTTCACTAATAAAAGGAACAATAATATGATCAAAAGGAGACCAATCTCCTTTTTCTCCTTCCTTTATTATATCTCTTGTTTCCTGATAATTAAAATGCCAACCACCATATTTATTTAATTTTCTTAACCCCATTGGATCAGCGTAGTTTACAGGATTATTTCCGCAGTATGCGTAGAGG
NZ_CP021023.1_gap43	1856068	1857186	1118	TCATACAAACCACATTTATCTATAATAATCATTTTCAACAGTTTAGTTTACAGGACCGGTCAGATAAGTTCTTTTTTGGGCAGCAAAATCAAATCTGATGTTATCATCAATCGTTTTTTGGTTCTTAGTAACGGTAACACTTAAAATCAAATCAAGCCTATTGTTTCCATCTGAATTAAGATGCAATTTTTCTTTTGATGATAAAACTTCAAATCCGTTCAGCTTGGAGAATTCCAAATCTTGCTCTTCTAATTTTATATCTCCCTGTTTTCTTTTGATATAAATATGATTTATTTCTGCATTAACAGCAGGATTTGCTTTATGAACCTGAATATAAAGGCCGTAAGGTCCGGCTGTATTATTTCTATATGCAGAAGGCTGAAAGAAAGGATAAAACAGTACGCCCTCTATCACATTGAAATCTTCTTCATCAATCTGATTTTTGGTAATGGGAAGATTGTACTCGTTCAGCTCCCTGCATATATATTTTTCCTTCCTGTGGATAATCAAAAATCCTGCTTGAAAACATAATACCACGATTGCAACAAGCAGAAGTCCGCTTATAAGCAGTAAAATATTTCTCTTTGACGCACTTTTCGATTTGTCCATCTTAATATCTCATAATCAAAAAACAGTACCCATCCCGTTCGGATCGGCCGAATACGTTTCGGCCGCAGAGTCGATTGTTACGCCCTCTCGCATCAGCATATTGTTAGACAACTGACGAAGGAATTGTTTTTCTTTTTGCTGTAAAGTTATATTCAATGCTCCTTCGTGAAATATTGCCTCCCTCTTCAATAACATCAAGCTTTATTTTCAGTTTAAATTTCTTTTCGGCATTATAATCCAGATGAATCTCTTCTGTAAGGTTAAATACCTCCATCGCTGGATATTTTTCGGAATCAAATTTTTCCATAGGGAAATTCAATTTTCGGCTTTCTGTTTCTAAGACACCGCCAGCTACTTTTATCTTGCAGTTATTCCCTGAGGGCTTGCGGATTTGAATGAATAATTCGTAAGGCCCTCCTCGTACATTGCCGTCGAATTCATTATCATTAGTTGATAAGAACGGGTAAATGCAGCAGCCTTCTACCATAAAAGATGCGTTTTCATCAATC
NZ_CP021023.1_gap44	1870813	1871431	618	TGCTGTAAGCGACTTCTCGAATGGAGGCAGGCAGGTGTCTCCTGCGCAGCCGATCCCTTCAATAATCACATCAGCCCCGCTCTTTTCGGCCTCCTGCTTAACGGGAATATAAACTGAAAAATCGCCCTCATAAACCTCATAGCTCTTGCCCTGCTTATCAACATACAGGCTCGTTTCAGGATAAACAGCGCTGCCTGCTGAGAGGTCAGGGTCTGCAAGGCTCACCGAAAGAACTCGCCCGCCCGGGGCAGTGCTTTGGTCTGCGTAGTAATGAATTACCTCACTGCCTGTAAAATCAACCTCAACAGCGAGCCTATTCTTAGAGCCTCTTACGAGCCCTGCTTCGGCTGCGCTGGTGTAGTCCTGATAGCTGATTATCTCCACCTTTTGAGCAATTGCGCCGCTAAGGAGCAAGAGCAAAACAGCAAAATATCTTTTCATTTCCCCGCCTCGCGTATTTCTATGCATTGTTTTGTCTAAGAACTAATCTTTCCTGTCCTCGTTATCGCTGCTGTCATGAGAGTCTTTGTCATCATCGTTGTCTTCAAATTCTTCATCTTCATCGAGGTCCCAGTAGAGATCGTCGTCTTCCTCTTCCTCATCTTCGATATCAGTATC
NZ_CP021023.1_gap45	1872675	1873901	1226	CGCTGATGCTGTAGAAGGGCACATCCGCCTCGCCTGCTATAGACTTTGCCAAAAGCGTTTTTCCGCACCCGGGAGGGCCTTCCAGAAGAATACCGCGGGGTATCCTTCCGCCAATCTTCATAAACCTCTTCGGATTTTTGAGAAACTCAATCGTCTCGGCTACCTCGTCTTTGGCCTCATCAATACCCGCAACATCCTTGAACGTTACCTTTTTCTGCTCATCTCCCATGAGCCTTGCCTTGCTTCTGCCGAAGTTCATCAGCATACCGCCGGCGCCGCTCTTCATATTCCTTGCGAAGATGAAGTAGAAAAGGGCGATTATAATCAGGAACGGTGCTACCTGTATCAGGAAGGTTACCCAGAATCCGTCTGCAACGAATTTGTAGTCAACCTGTTTCTCTGCAAGCAGGTCTTTAGTTCCCTCGAGGATTTCCGGAGAATACTGCGTTTTGAAGCGGTTTGCAGCGTTCGGGTTTTCTCTTTTCCTCGCCTGCACGCCCGCATCGGTAAGCTCGCCTTCAATCGTTACAGAGCCTGTGCCGATTTCAACATTTCGCACATACCCCTGCTCCACAAGCCTTTCAAACTCGCTGTATTTTATTGAGTCTGTGGGGGTGAGCTTGCCGAAAGAGCTTATTATCAAAAGCATCACCGAAATAATAAAAAGCCAACCCATCGGGTTAGGCTTTTTGAACTTCCCGCCGCCCGGAACCTTTGGAATACTGTTTTTCTGTTTATCGTTATTGCTGTTATTATCTTCTGCCATAAATAGCTAATCCTTTATGTATATTTTTAACCAGCTGAGCGAAAGCCCCGGCAGTTATAGAGCTTTTACCATTCCAACTGCATAGCTTCTACTATTTTCTCGGCGGCCTTGTTCACTGCCGCCTTCCCTGCCAGTTCCACGTCCTGCCCGTCTGCATAAGTACCGGCAGCCTTAATCCTCTTGTTATTTGCGTACAACTTCCCTGTTACCAGATTCTTCCACGTAAACACCGCATTCACGCCAATCTCTCTTTGAATCGGGAGTCCTGTTTCGCTGTCTGTATTCAAAACCGTCTGGGAGATTGATTCTATCTCTCCGTAAATCAGGCTGTCTGCCCGGGAACGGTCTGAAACGATCTTGTACGGGGTTTGCGCCTCAATCTGTTTGCAGAGGGCTTCGGTGAGCTCGAATTCGTATCCCCTGCGGAAGCTCTTGCTCTCAAACATCTCCACGCATACAG
NZ_CP021023.1_gap46	1875264	1880200	4936	CGCCTCAAGCCTGAGCTTGAACACCGTATCGGTTACGCGGTTTTCAATAGATTCCAGCATATCGCTGAACATCCGGTAGCCCTCGTGCTTGTATTCGATGCGCGGGTCTTTCTCTGCAAACCTTCTGAGCGAAACGCTTTCCTTGAGCCTGTCCATTGCGTAGAGGTGGTCTTTCCATGCCGCATCAAACACCTGAAGAAGTACGTATCTCTCGAGCCTGCTGAGCTCTCTGCGCATAAATTCATGCACCTGATTTTTGAGCTGCTCGGCATCCTTCGGGGCGTTTTCTGCCTCAAGATTGAAGCCGAACCTCTGAGCAGACCACTTTATCGCCTCTTCAGCTCCGAGGCTCTGTATCTTTTCTTCTACTTCAGCAAGCACTTTCTCCGGCGTGTTCTCATGAGCTATCGCCATGAGCTTTTCTTCCACCTGATGGAAGCTCATATCCTGCAGTTCGCTGGGGTTTAAGTCTGCATTGTACTTATGCTTTGCCCATTTGGCGAGGCTGTCGAACTGATAAACGTTCGCCGAATCGCCGGAATATGTCATACTGAGGGCATATTCCACCGGATACTCTATCTCGCGCTGATTATACTTCTCATAGACAAGGCTCAGCACATAATCTCGAACCTCTTCACTCTCTTTGCCCTTAATCCTTTCCGGATCAATCTTTATATCAAACCTCGCGGATACAGTATCGGTAAACACGCGTTCTGCGAAGCCGTCTTTTAGGAATTCGGCCAGCTTGCTGCAGTCTTTCTTGTTAAGCTGCCCTGACGCTGCTTCAACTGCTGTCTGCTCGATCTCATCCGCTTCCATCTTGCGCAGCTTGGAGAGGGGAACATTTGCGCTGTAGGTGCTCATAAGCCATTTGCTCAGCTTATCAAGCTTCCATGTGGATTTATCTGAAGAATCTTCGATATACTCGCCCATAGTTATTGAGATATCGTTCTCGATATTCTTTCTGGCCTTCTCTTTGGCGAGCTCTTCGATCTCTTCCGGCGTGGAATTGGCCTTAATCTGGCCGGGCTCAACATCCACACCCAGATTCACACGCAGCCATTCAACGATGCAGTTTTTCGGGTAGTCATCTGCGAGGATCGTATCGCAGGCATCTGCAACAACGTTCTCCATCATCTCCTCGATGATCTTGCGCAGCCCGATGCCCTTCAATACGTTCTTTCTTCTCGTGTAGAATTCACGCCTCTGGTAGTCCATCACTTCATCGTATTCCAGAAGCGATTTTCGTATCTCGTAGTTCTTTTCCTCTACCTTCTTCTGAGCCTTTTCGATCCCGTTGGTGATCCACTTGTGATATATCGGCTCTCCCTCTTCCCAGCCTGTTTTGGTGAGGGCTTTTATTGTCCAGTCGCCTGCGAAGACAGACAGCAGCTCATCATCAAACGAAAGGAAAAACTGGCTCGAACCGTTGTCTCCCTGCCTTCCGGCACGTCCGCGGAGCTGATTGTCGATTCGCCTTGATTCGTGGCGTTCAGTACCAACGATATGCAGGCCTCCGGCCTCTGCCACGCCTTCGCCCAGCTTGATGTCGGTACCGCGTCCTGCCATATTCGTGGCGATAGTAACATTTCCCCACATCTTCCCGTCGCGGCCTTTATGCTGATGGCCGGCCTTCTCCACAATTGAGGCCTCTCTGGCGTGCTGCTTTGCGTTGAGCACCTCATGCTCAACGCCGTATTTCCGCTTCAATGCGTTGGAAATCGCCTCTGATTTCTCAATGCTCACAGTTCCCACAAGGACAGGTCTGCCCTTTTCGCTCTCGCGTTTGATCTCTTCAACAATAGCGTTGAATTTCTCCGGCATAGTCTTGTATATAACATCGTCCCTGTCGTCTCGTATGCATGGCTCGTTTGTGGGTATCGATACCACATCCAGCCCGTATATCTCGAGAAACTCCTGCGCCTCGGTCATTGCAGTACCGGTCATACCGGCAAGCTTGTCGTATAGCTTGAAGAAATTCTGCAGGGTGATTGTGGCGAGAGTCTGGCTCTCTTCCTTTATCTTAACGCCTTCTTTTGCCTCAACGGCCTGATGGAGCCCGTCTGACCACTGCCTGCCGTGCATAAGACGGCCGGTAAATTCATCAACAATAACCACCTTCCCGTCCATAACCACGTAATCCTTCTCACGCTCAAAGCATACATGCGCCCTGAGCCCCTGTTCGAGAAGGTGAGGCCAGTCCATATTCGAGCCCACATAGAACGAACCCACATTCGCTATATCCTGCGCAGCCCCGATGCCTTCGTGAGTGAGGTGTACAGATTTTTTGTCGTATTCAACTTCGTAATACTGTGTATGCCTCTCAAGCTCCGCTTCCAGCTCCGCCTTTTTCTGCTCTGCGGCCTGAATATCTTTATCGGCCTTTTGCTTCTGCTCCTGCGAGGAAGACGAATCCGAAGAGATACCCTTTGCGTTTGCGATATCCTTCTCGAGCTTGTCTATCTGCGCCTGAATCTTGTTGTAGCCGCCCTGAAGCCTTATAAGCTCCCGTACCACCGAATCGGCCTTCTTGTATCTGGTAACATCGTCGTGCGCAGGCCCGCTGATAATCAGAGGCGTTCTCGCCTCGTCAATCAGGATCGAATCCACCTCATCAATCAGGGCGAAATCCAGCCTGCCCTGAACGAGCTGCTCTGCGCTGACTTTCATATTATCACGAAGATAATCAAAGCCGAATTCGTTGTTTGTTCCGTAGGTTATATTTTTGGAATACTGCTCTTTGCGTTCCGCTCCGCCCGGGTCCATATCGGCCTGAATAGCCCCTACAGTGAGCCCGAGAGATTCATATACCGGCCTCATCCATTCAGCATCACGCTTGGCGAGGTAGTCGTTTACCGTAATAATATGCACCTTACGCCCGGTAAGACACATCAGATAGCAGGCAAGCGTGGCAACGAGCGTTTTACCCTCACCCGTGGCCATCTCGGCAATCTTGCCGTCGAAAAGCACGTTCCCGCCAACAAGCTGCACATCATAATGCCGCAAATCGATTTTTCGCTTGGCAACCTCACGAACTACAGCAAACGCCTCTGGCAGAAGCTCTTCGGGGTCTGTCCCGCCGGCTATCGCCTCGCGGAACTCGCTGGTTTTATCTCGGAGCTGGTCATCAGACAGCTCAGCCATCTGCTGCTCATACTCACCCGCCTTCAGCGCAGTTTTCATGTAGTTTTTAACGACTCGCTCATTGCGGGAGCCGAAAAGATTTACAAGCATTTTTGAAAAGCGTGAAAACATTACTGCCTTTCTGTAATAAAATTATTCGCCGGTAACGGCCGGCAAATGCAGGCCGAATGCAGCATTCTGCGAAAACCAAGCTGGTTCAGCAGATCATTCCTTCACTCTGGTAACATACTCATTCGTGCGAGTGTCAACGCGAATCTTCTCGCCGTTTTTTACAAAAGGCGGAACCATAACGCTTATGCCGGTTTCTAGGGTTGCCGGCTTGTTCTGGTTGGTTGCTGTGGCCCCTTTGATGTATGGAGCGGTATCGGTTACCTCGAGGTCAACGGTGTTGGGAAGGTCTATCAGAACCGGCTTGTTCTGATACATACAAACCTGAAGCTCTTCGTTGCCTTTGAGGTATTTCGTGCCGTCGCCGAACTGATCATCATCAAGCGATATCTGCTCGAAGGTCTCTGTGTCCATCAAAACGTGCTCTGTGCCCGTGGAGTACAGATATTCGTACTTGCGTTTGTCTAAATACGCCTGCTCAATGTCCTCTTCCGCACGAAGACGAACCTCTCGAGTGCCCCCGTCGGTGAGGTTTTTGAGCTTTGTCTGATACACAGCGCCGCCCTTGCCGAGCTTCACATGCTGGTAATCGAGGATTATATAAAGCTCGCCGTCCATGGTTATGGACATACCTTTTTTCATATCAGATGCTTTCATACTGCTTTTGCCTGTTTAATTAGGGTTTTAAGTAAGATAAAAACAAAAATCAACGATTTTGCTAATCTCACGAGTATCTCTAACAGGCTGGAAAAGTCAAGTTTTTTGCCTGTTAAACAGAAAACCAACGCCATTTTATTTGCTTTCACGCAGAGCGAGAAGGGATAAAGCTAAAGGGCGTAAGAATACAGGGAATAGGCAGAGAGAATCTTTCAGCCGCTAATCGGCGCTGAGATTTATTAGCCGCTGAGCAGCACTAAGATACGCTAAGGTTTTTTAATGCGAGATATATTAGCCGCTAATCTCCGCTGATTTTTCTCTAATGATTTTGTAAGATACCTTTTTTTGACGGGATTAACAGGATAAATATCCTAAGATTTAAAGATAAAATTCACACATCCTCCGTGATCCTCCGTGTCCTCTGTGGTAAAAAAAACATTAACCACGGAGAGAAAAGATATATATTAACCACAGAGGCACACCGAGGGGCACAGAGGTTTTTTAAATAAATATATTAACATCCTCTCCGCTGTCTCCGCTCCCTCCGATGTTTAACTCTCTTTTACATCAGAGAAAACATTTTCATAAATGAGGGAAAGCTCTCTGTCGGAAGAACGTTTCACCGCAATACCAAACTCTTCTCCAATGTTTAAATTGTATTTTTGACACAGAGTTATCGGAGGAAGCGGAGGGGAGATATTTTTAGTTGCTAATCAGCACTAATTTTTCACTAATGATTTAAGATAAGTTTTTTTGATGGAGAAAGCCGATTTAAAATTAATATGAAATCTTTATCTCATCCTGTAAATCCTTGCCCCGTAGCCAAAGCGGTTCGGGGTTGTTAATCCTGTCTAATTTATCACATCCTCTCCGCTGATTTTTCTCTAATGATTTTGCTGCTTGCAATCCGCCGCAGGCGGACTTGCAGCTCTGCCACTCTGCCACTTGCCACGAATCTCTCCGCTGTCTCCGCTTACTCCGATGTTTAACTTTCTCTTAAATTAGAGATTAGATCCGCCTGCGGCGG
NZ_CP021023.1_gap47	1949292	1952894	3602	CTGAAACCGGAGAACCCATCTACCCAGAGAAGTGAGTTTTCTGCAAAGCTGCTTTTCGGAATCTCGCTTACGAGCTCTGTTAAGTATGCGTCTGGGTCTCTGTAGCGGTTTTGGATGAATTTGATGAATTCATCGTAGATAAAAGCTATATCAGAAAACTTCTGGTAGGTGTAGAGGTTTTGCTTTTCCTTGAGATCCTCGGCTGCTGTTTTCAAATCCAGGGGGGATAAATCGCTTGCGTAGAATTCATCTATAAGCTTTTCAAGCTCTTCTGCATTGAGCCTTGAAGCGGAAATGTCGGAGAATATGCTGAGCCTGCCGGCATTCTGCTGCAAAATCCGAAGGAGTATCATACGTTTTGCGGATTTGCTGATTGTTTCCAGCGATCTGTTCTCGCGGAGGATCCAGTAAGAGAGCCTTGAGAATGAAACCACGCTGAGCCTGTTGTACGCCCCGGCGGTGCATCGCTTGAGCACGGCCTCCTCAATCTGATAGCTCGCCTGCTCGGGCACAAGGAAGATCAGCTTTCTTGAATCGTTTTTATCCTCAAGAAGCCTCACAATTTCTTCAATGCAAAGTCTCGTTTTGCCTGCCCCGCTTCTTCCTGTAACAAATCTTACATTCATATCTCAACCAGTCTAAAAGCCCATCTCCCTCAGCTTTTCTATCGTAAGCCCGTTTTCTTTCGTCCCCGTAAGCACCTCAATCTGCTTTCTAACCGCTCGCACTATCATATCAGTCTCGATGTTTACAAGGCTGCCCTTGAGAAGTGTTTTGAGGTTTGTTCTCTGCCAAGTTTCCGGAATAACAGCGCAGCTAAACCCTGCCTCGTTCAGCTCGGCTATCGTAAGACTTATCCCTTCCACGCTAACAGATCCTTTTTTTAGGAGCATTTCTGAGATTTCCGGGCCGATGTTCACTGATATTTCATAGAAATCGCCCTTTTTCTCGGCGCTTTCTAGTCTGCCGAGCCCGTCGATATGCCCCTGAACTATATGCCCGCCAAACCTGCCCGAGGCGCTCATTGCAAGCTCGAGGTTCACCTCGCTTCCAATGCTTTTCTGCTGGATATTGGAAAGTCTGAGGGTTTCACTGCTAACATCAAAACTCCAGCTGCTGCCGTTTTTTTCCGCTGCGGTAAGGCATACCCCGCTAACTGATACGCTGTCTCCCTCGTATATCTGATCTGACAGCTTGCCGGTATGAATTTTCAGTAATGCTCCGCCGGAGGTTTGGGAAACCCCCTCAATCCGGCCCGTCTGCTGAACTAAACCTGTAAACATATTTCTTGATTTACTCCTAAATAATCCTGCTTAACAGTATAAAATATGCCGTCCGAAGCTCAAGAAAATTGCGCATAAAAAAAGCTGCCGAAGCAGCTGTTGTTTTTTTCGCTATTCATCCAGCCAGTCGTCTGTGCAGAGGTCGTAGCTGAGAACCTCCTCTTCCGAGAAGAAAAGCGGGATTTCGTATTTCGCCGTTTCCACCGAATCAGACCCATGAACGAGGTTGCAGGTTTTGCTCAGGGAGAAATCGCCCCTGATAGTTCCGGGCGAGGCTTCAAAGGGTGATGTTGCCCCGATAACCCTTCTGGCCAGCTCCACAGCATCTTTACCCCGCCATACCATCACAAGCACGGGCGATGATGCGAGATATTTGCAGACCTTTTCGTAAAAAGGCTTGTCTTTATGTACTGCATAATGCTTTTCGGCAGTTTCCCTGCTAACGAGCATAAATTTAGAAGCGGCAAGCTTGAGGCCCTTGTTTTCAAAACGTTTGATTATATCGCCGCACAGCCCCCGCTGCACAGCATCCGGCTTTATTATAATTAAAGATTTCTGCATTTAAGCGGCTCCAAAATATATTGTGAATAAAATAAAAAAAGCGAGACAGCCTCATGCCTTTGCAATCGTCTCGCATACACTTAAGTTCGTTCAATTATGCACGAAGCCGGTTTTTTTTCAAACAAAACCTTTCTCGCCAATGCCGGCAGTTGTTAAAAAGCCGGCTGCAGTTTGCTGATTAAGGCAAATATCCCTTGATATCAGATATTTTTTTCAGCAGGCGGTAGGCTTACTTGCCGAAATGTCTTACGAGCCTGTTGTATTCTCTTTTGCTTATTGTAATCATACATCCGTGCCGAACTTTTTCGGGCAGGGAGTATTTATCCCAGTTTTTGTGGTTGGTATAGCCGGAGATCTGATACCAAGGCCCATCCATCGAATCTGCCACAGAAAGCCCGTATGAAACTCCCGGATACTGTTCGTAGTATAGATACCATGCCGTTCCGTCCGGCGAGGGGATTAGCGTTGGGGCCTCTCTGAAATTTGGGCTTATCGGCTCGGAGGGCTTGGAGTATGGCCCGAGCAGTGAATCCGAGCTGCAAATACGGATTGTTTTGCCGGTAGGCCAGTCCAGAGTGGGGTATCGCTCATCTTTGATTATTGCGAAATACCGCCCCCCGATTTTACGGATGATAGTGTCGATTGTGGCCATATCCCAAGAGTTGAACAGCCTGCGCGGCGGGGATTTGAACTCTTTGAGGTCTTCGGAGAGCAGATAAAGCGTTCGCTGGCTCGCCCAGTACGGCTCAGGGAGGCTCGGGTCAACGCCTCTGTGCGGCGTGTGCCAAGTGAGCAGATACTGGCTCGAGGCCTTGTCGTAGAAGAGCTTCGGCGCTCCGATTCGCTGCATTGCTTTGTCATAGTTGGGCGTTTCTTCGAGGTTTGGATCGAGCCTGCTGTAAAACTCCCAGTCGATCAAATCATCTGATACCCAGAAGTTTATATCCGGCGAGGGGTCGCTTTCATTGCCCACGATATAATAACGCCCGTCGTGGCCTTTGCATATATCGGCGTGGCCGTGGTAGGGCTCGTAAACACGCTTCCCGTCGTTAAGCAGCTCCCAGTTCAGCCCGTCTGTGCTAACAGAGTAATAAAGCTCCCCATAATCGCCGTGCATCATATGGGCGAAAAGATACGCCTCGTTTTCCGCTTTCTTGCCCACTTCAACCTGCCCGGGAGGATCCGGCAAACCAAATGCAAATACCGGCAAGATCAATAAGGAAAATAAGGCCGCAGTTTTATAATTCATAGAATCGCCTTTCATAAAAGCTCTAAAAAATCGCTGCTTCAGAATTCAAAAGCATAATCTTCTTTATCCAAAACAAGCTATTATAGAGAATTGAGCAGGTGCGGCAAATATCATACTAAACGTCTTCTGCCTTTGAATCCGCCCAAGCCTTTTTGAAAACAGAGAAAATATAAGTTAATCCTGCAAAAACAGCAAATCCTGAAAAAATCCCAGAAGCTATAAGCCAAACTCCTTCCCCACCTTCATAATCCATACTCAAGAGAAGTATTCCTTCATGCAGCAGAGATGCGGCTGTTCCGAAAAGAAGAGCAAACAGGAAATAGAGGATTGCACTGTCGTAAACTATCAAAAATCTTGATTTACGGAACACAAGCTTAAAAGCCCCTGCCCCTGCGAGGCAAATCAAATAAAGAAAGATTATCCTTATTAGATATACTATGAGCATTGTGAAATCATCTAAACAGCCCTGAGTGGAACGCAGAAAGAAAAGGGTGGTAAAACCTGAGCCA
NZ_CP021023.1_gap48	1956398	1957896	1498	CTCGAAGATCCTTCCGTCAACTATCACAGAGGAATCCAGCACCAGCGGCCTCACGCCTTTTGTCTGGCGAGAAAACTCCACATACGGGATAACAAATCGAACATCATCCTTTGTCCGCATAACTATGCTTATCGTGAGATAGCAGATGCAAATGCTTACAATCCAGCGGGTTGTCCCGAGTGCCTGCTCGTTCATGCCGATATTGTAAAGGTCGTTCACCGTGGAAATTACAGGCGTGATTGCTGAGCTTATCAGCATACCCACAAGAAGCCCGAAAAAGATGCTCGTTAGCGATGATAGATGTTTTTTGGGGGTAAGCCAGTCTATCACTATAACAACGATAGCGAGTATCATTGCGAGGAAATAGCCGGTGAGAAGCTTGGGCTGGTTTAAAACGCCTGTTTCCTGAGCATTATCAATTGCGAGGAAGAGGACAGCAAGAATTATCGTAAAGAAAAGACCGCGAATAAAATAAAGAAGCATTTGGGCACTCCCAACGAAGAAATAATATACAGTTATTAAATAGAATGCGGTTAAATTTTACCTCCTCGGCTTGAAAACGTCAAACAAATTCCCCATTCTGAAAACCGCATGGGGTTTTCAGTTGTCCAAAGCTCAAACAGAACCGCAGCCTATTAAATCAGCTGTCTAAATCTACCGGTTCGTAATCAGGGTGCTTCGCTCTTTCCACCTCTTCGTGGTATGCCTTTAATATCGCATCCTGTATTTTGTCTCTGCATTCAGAGTTTATAGGGTGTGCGATATCGGCATGGAGCTTCGACCTTCCGGCAGAATCTTTCTTTGTTCTGTCTTCCTGAAGCTTCTTTCCGCAGCCGCTGCAGTATCTTGCACGCAGGCTGTTCTTGGCGCCGCAATCAGGACAGTGATCGCTCATCTTTCTTGAAGGCATTGCAACAAACAAACCGCTGCTGCCTTCGATGATCTTTATGTCCCTCACGACAAACTCCCCGTCCATTGTAATCGAACAAAAGGCCTTCAGCCTCTCATCCTTATTTTCAACCAACTTCACGCGAACTTCGCTGATTTCCATAGTTCCACCTCGTAGTTTTTACCAACTGTTGGAAGACACTAACCTGCTGCCGCCAAGGGCAGAGTAGTTATCGATTTTCGCATTTTTTTTGTGATTTTCAAGTTTATTTATGGAAAAAAAGCGGTAAAAAGCACAGCCGCTCCCGCTGAGAGCAAGTTTTTCGCCGTTATTTTGCTTTTTGGCAAATTCTTCTGCCTCAGGATAAGCCTCAAAGCAGGGCTTCTCAAGCATATTTACTCCAAGCTTGCAGATTTTTTCAGCAGAACCCTGCTTCAGGGCATTATTAACTGCTTCCAGTTTTTCTTCGTAATCTTTTTGCGAATGTTTGCAGAAGGAGTAAACTTTCGCTGTTGAACAGGTAAAATCAGGCAGAAAAATCTCAAACATAACACCTGAAAGGGACAAATCAACCTTCTGCAGCTTCTCGCCTTTTCCCGTGCATCTTGA
NZ_CP021023.1_gap49	2025809	2029259	3450	AGGAGAGGCGGGGTTTGGGGCAGAGCCCCAAGAAAAATCTATTTAAATACTTGACTTTTAACACAGTCACTCTGTGGTTAATATGTATATTTTCTCTGCGTACTGCTGTCCACTTATTCCGTCCCGCCTGCGGCGGGCCTACATGCGTGGCTCGGTTTAAATATCTCGTTTTGTGAAATCGCTGCGAAATACTAATGTCAATCAGAGCCGTGCGTGGAGTCCGCCGAAGGTGAAGAGCCTGTCCGCCGAAGGCGGAAAACAAGCGGATAGATTCGTAGCTCGTAGCAAAATCATTAGTGAAAAATTAGCGCTGATTAGCGGTTAGTAAATCCTTAGTGCTGCTTAGCGCTGCTTAGTGGCTTATAAATCTCAGCGGGGATTAGCGGTTAAAAAATTTTCTCTCCGCCTTTTCCTATATTAAATATTTATCCTGTAGATCCTTGCCCCGCAGCCAAAGCGGTTCGGGGCTGTAAATCCTGTCAAAAAAATATCTCCCCTCCGTGCCCCTCTGTGTGCCTCTGTGGTTAATATATATCTTTTCTCTCCGTACTGCTGTCCACTTATTCCGTCCCGCCTGCGGCGGGCCTACATGCGTGGCTCGGTTTAAATATCTCGTTTTGTGAAATCGCTGCGAAATACTAACGACAATCAGAGCCGCACGTGGAGTCCGCCGAAGGCGAAGAGCCTGTCCGCCGAAGGCGGAAAGCAAGCGGATAGATTCGTAGCTCGTGGCAAAATTATTAGTGAAAAATTAGCGGGGATTAGTGGTTAAAAATCTCAGCGTCCTTCGTGGTTTAATACGAATTTTTCAAAAAAATCGGCGAAAATCTTATTTTTACCCTTGAATTAAACCTCTTATCCGCTATTTTAGATTTATATAAACACAATACGGTTGGCAAATGAAATTTCAATAATGTTTATGAGGAGAAAAATGAATACTTTAAGGCTTCCCATTCTCGCAGCAATCTTTACAGCAAGCATTGCATTCGGTTTCGCCGCAGGAGACGGCACAGAAAACAACCCATACCAAATTTCCACCCCCGACCACCTCGAAGCGGTGAACAACGACCTCTCCGCCCATTACGTTCTGACGAATAACATCGACCTCTCGGATAGAACCTACGAACGAGCCGTTATCGCCCCGGATACTAGTTACATTAGTTGGGGTTTCAACGGTACGCCTTTCTCCGGCTCATTTGACGGGGCTGGCTATAAGATTTTGAATCTCACCGTTGATACATTAGACGTAACAGAAAATCATCCCCGATATCTCGGACTTTTTGGAAAAATAAAAGGCGGCGAAATTCAAAATCTTGGTATTGAAAATGCTGGTATAATTGGCTGTAATGATTCGTGGTATCTTGGTGGCCTGTGCGGATATAATAGCAAAGGCTTAATCAAGAAATGCTATACGAAAGGCTCTGTTTCAGGAGGCGGCGGGCTCGGCGGGCTGTGCGGAGTTAATGCAGAAGGCACAATCTTAAACTGCTATGCGGAAGGCTCTGTTTCAGGATATATATATATTGGCAGCAAGGGCGGATTGTGCGGATACAATGAAGAAGGCACAATCACGAATTGCTATGCAACAGGCGATGTTTCGGGAGATTCGAATCTCGGCGGCCTGTGCGGAGATAATTATGGTGGCACAATCACGAACTGCTATGCGGCCGGCTCTGTTTCGGGCGGTAATGATTCATGGTGTTTCGGCGGCCTGTGCGGAGATAATAGCAGCGGCACTATCACGAAATGCTATGCGGAAGGAGATGTTTCAGGTGGTGATAATTCTGATTATCTTGGCGGCCTGTGCGGAATGATTGAAGGAGGCAAAATAACTAATTGCTATGCCACGGGCTCTGTTTCGGGAGGCAAAGATTCCGAAGATATTGGGGGTCTGTGTGGATATAATGATTTGGGAACAATTCAAAATTGCTATTCAAAAGGCGAAATGACAGCTGGCGATAAGAGTAAAAAACTCGGCGGTCTGTGTGGAGAAAATGAAGGCGGGACAATCACAAATTGCTTCTGGGACAAAGAAGGAAGCGGGATAGCTATAAGCGAAGGCGGAAGGCCTAAGACTACAGCTCAAATGAAATCCGCTGCAACATTTTTCGGCTGGAATGACGGAAGCTGGACAATAAATGAAGGCAATGATCACCCTTGCCTCGCTTGGGAAAATGCTGAAGGCTCAGTTGTTTCTACCAGCTACCAAGCCAGAACTTACAGCGGCGAAGGTACGCAAGAAAATCCTTTCGAAATTTCTGATGCGAAGGATTTAGTCTGCCTCAGCAATCGCCCGCCAGACTGGGATAAACATTTTGTTCTAATCAATGATATAGATATGGAAGGAGAAATTTATTATCCGATAACAACTTTCAGCGGCAGTTTTGACGGCAGCAGCTTCAAAATATTTAATCTGGAAATTAACAGTGAATATATAGGGTTGCGTTCGCAACTCGGTCTTTTTGGAAAAATCAATGAAGGAGAAGTTAGTAATATTGGTATTGAAAATGCTCAGATTACCGGTGGCGAGGATTCTTTGTATTTCGGCGGCTTGTGCGGGTATAACAGAAATGCTACAATCGAAAACTGCTATACGACCGGCTCTGTTTCAGGTGGCAATAATTCAAGACTTATAAGCGGCCTGTGTGGAGAAAATGCAGAAGGCAAAATCATTAAATGTTATTCGAAGAGCTATGTTTCAGGTGGTAATAATTCTGAAGATCTTGGCGGCCTGTGTGGAGATAGCAGCGGCACAATCACAAAATGCTATGCAAGAGGGCATGTTTCTGGCGGTGATGATTCAAGACATCTTGGCGGCCTTACTGGATTAAATTCGGAAGGCAAAATCAAGAACTGCTATTCTACATGCGATGTTAAAGGGGGGGATGTTGCGGGAAAACTTGGCGGCCTATGCGGAATAAATTCTGGAGGCACAATTACGAACTGTTATTCGACCGGCTTTGTTTCAGGGGGTGGAGAGCTTGGCGGCCTGTGTGGATGGAATGGAGGCACAATTAAGAACTGCTATGCAGAAGGCGATGTTTCAGGTGTTGCAGTTATCGGGGCCTTGTGCGGATTTAATACTGATACAATTACGAACTGTTATGCTGCGGGCGATGTTTCAGGGGGTGATGATGCAAAGAGTATCGGCGGCTTATGCGGAATAAACTTTGAAGGCAGAATCACGAAGTGCTATTCTAAAGGTTATGTTACAGCGGGGGGTAAGGCTGAAAATTTTGGCGGATTTTGCGGAAATAATAGCGGGGTAATTATAAACTCTTTTTGGGATAAAGAAACGAGCGGAATAGATACCAGCGATGGCGGAGCAGGGCTTTATACAAACCAGATGAAGACGCTGAGCACATTTACTAATGCCGGCTGGGATTTTGCGGACAGTTCAGCGGCAAATGAGGAAGATGGGATATGGCTGATGGATGAGAAAAATTATCC
NZ_CP021023.1_gap50	2221981	2223040	1059	TCCCCCAACTTTTCAACGTTGGTGGGTTCGGTCGTCCAGGAATTTTTACACTCCCTTCCACCTGGCCATGGGTAGATCACCTGGTTTCGCGTCTACCACCTATGACTGAATCGCCCTATTAAGACTCGGTTTCCCTGCGGCTGCGTCCCTGAAGGACTTAACCTATGCCATAGACAGTAACTCCCCGGCTCATTATGCGAAAGGCATGCGGCCACCCATTAATGGGCTGCCACTGATTGTAGGTATGTGGTTTCAGGTACTTTTGACTCCCCTTGTAGGGGTACTTTTCATCGTTCACTCGCGCTACTTTGCACTATCGGTTGCCGAGGAGTACTTAGCCTTGGAGGGTGGGCCCCCCATATTCACACGGAGTTCCACGGGTTCCGTGATACTCGTATGTGCCAATCCGTATATAAGCTTCCGACTACGGGGCTTTCACCCTCTGTGGCTCAGCTTTCCAGAAACATTCGCCTGACTAATATACGGATAAGGCACGGGCTGATCCGCTTTCGCTCGCCGCTACTAACGGAGTCTCGGTTGATTTCCTTTCCTGTGGGTACTTAGATGTTTCAGTTCTCCACGTTCGCCTCATCACCCTATGCATTCAGATGATGATTACAGGGTACGGTTGCCCGGCCCTGTTGGGTTTCCCCATTCGGATATCCCGGGGTAATCGGATGCTTGACTCCTAACCCGGGCGTTTCGCCGCCTGCCGCGTCCTTCTTCGCCTCTCGGCACCTAGACATCCCCCACATACCCTTAGTAACTTGACCACATCAATCATTAACTGACTAATGTGTTCGCCTTTATTGAAAAAACTAACTTAGGTATATGTGTTAATCTACAGTGAAATTGTACCGCTTATTTGTATGGGTACAATTAACCTTTTCGCTATCTCTATTAAATTGTCAAAGAACATTGGAGCTGGACGGATTCGAACCGACGACCTTCTGGATGCAAACCAGATGCTCTCCCAGCTGAGCTACAGCCCCCTGATAAGTAGTGGGCCCGGAAGGACTCGAACCTTCGACCTCTCGCTTATCAGGCGAACGCTCTAGC
NZ_CP021023.1_gap51	2227071	2230758	3687	CATCCCAATCTGTAACCTTGGAATCAAAGAGAGCAAACCCGTCGTGGTGTTTTGAGGTGATTACTATGTATTTCATACCTGCATTTTTTGCGAGCCTAACCCATTTATCGGGGTCATAGTTTACGGGGTTAAAGTCTTCAGAATACTCTTTATATTCAGCAACGGGTATCTTACCGCGATTCATTATCCACTCTCCAATACCCTTAACTTTATGCCCTTCGTAAATGCCGGCAGGGACGGAATAAACGCCCCAATGAATGAACATCCCAAAATGAGCATCTCGCCACCAGTCCATTCTTTGATTCCTCTGCTGCTGTGTTTCATCTGCATAAGGCCACGAAGAACCATCAGATCTTGCTAAGCCGCTGAATGCAGCAATAACTAAAAAAGAAAACAAGATGCTTGATACTAAATTTTTCATAAATTCGCCTTTCTTAAAACCAACATTTGAAACTCTCCTCAAAAATTTGGCGGCAGTGTCCCAAATTGTGAGTCTCTTTTTGTTTGCATTTTCTGGATTTTAATTAGCAAAGCGTTGCGCTTCAAATTAAAATTTAAGAAGTATAAAAAAGAAGCAGGGAAATTCATTCGGGTAATGTTTCAGGAGCGGATGGAAAGAGATTAAGCCGCCGGGCGGCGGGGGCTTTTTCAGCCCCTGCTCCCGCGGAGTATATTCCTGTTTCCGTCTGTGAAATGGTCTCTGTACCACGTGCACTGCTGATTCTCATCGCTTATGCTTGCCATCTTGTTTTCCATCTTGGTTTTCAGCTCAGAAAGCTTGCTGCTGTAAGCGGGGTCTGAGGCCAGATTATTCATCTGATAGGGGTCGTTCAGGTTGTCAAAAAGCAGCTCAGCCCCATCCACGCGGTAACGTGCATAAGTGTACTGCTTGTCTCGCACAGCCCGCCATTCGTATCCGTTCTGCCATGCGGCGCAGGCACCCGTATTCTGGAGGAACGCAAATTCAGGCTCCGCGCCGGATTCGCCCTTGCAGATATGGCTGAGATTCTGCCCCTCCACTCTCGAAGGTATAGGCAGCTTCATCAAATCCAGCAGAGTAGGCATAAAATCAACCGTTGAGATGCAGGTATCTGAAACCTGCCCTGCAGGAATCTTCTCCGGCCATCTTACCAAGAACGGTATCCTTGCAGCTTCTTCGTAGAACGTATTCTTGGCCTCTCTTCCGTGCGAACCGAACATCTCTCCGTGATCGGAAGTGAATACCACAATGGTGTTATCTGCAAGTCCGCTTTCCTCGAGATAATCAAGCAGACGCCCGAAATTCCAGTCCAGATTCGTTGTCATAGCGTAGTATATCCGGCGGCGCTGTTCGAGGTGGGCTCTTGCGTTTGGGCTTAGGTCTGCCCAGCTGTCCGAATACGGCTCATCATTCTCCGGCTCATAGTTCGGCGGGTTCGGCATACTCTTATCTGCAAACATATCCATATATTCCGGCGGTACGTTCCCCGTATTCCACGGAGCGTGAGGCGTGCCGTAGGAAAGAACCATCGAAAACGGCAGAGAAGACTTCTGCGCCCTGCATTTGAGCCAGTCGATTGCCAGATCAGTCTGTCCATCCGGCTCGTAAACTCCTTCGCCGAAGCGTATTTTGTCTTTTGATTCGGTATGGTAGTAGGCGTGGTCGCCGTAGTAGTCGTGATGGAAATTATACGCAGCCCAGAATCCGTTAAACCCAAGCCTGTGTTCGCCGCGAGGCACGAATGAATTGTTGGGGTCGTAGTGATTACCGAGCTGGTTGGCATAAAGATGCCACTTGCCTATGTATGCGGTATTGTAGCCGCCCCTTGTGAGTACATGGCCAAGACATTCGTGGTATGGGTTCATTCTCAGCTCATTTATCACCATCCCGTTGGTTGTTGTGTATTTGCCCGTAAAAAGGCTCGCTCTGTACGCCGAGCATACCGGCATATTAGAAACGCAATTCTTGAAATTTATTCCCTGAGATGCGAAATTATCGATATTCGGGGTATGTGCGTGCTGGGCATTATGGTAATTTGTTCCGTTCCAGTATTTTGCATAGCTGCAATGATTAACCCCGAGCTGATCTGCAAACACATATATCAGATTAGGCCGGTCTATGTCAGCGGCCGGGCTCATAGAAGAAAGGCTGCCGAGCGCTAAGCCGGCAGTTCCGTAACAGCTTGTTTTCAGAAATGTTCTGCGATTCATATTATTGCTTTCTCAAAAAAATATCAGGTTTTGTAAAATCAATTCAGCAAAGCAGGCTGACACTCCGGATCCGGCACCCCGCATGCTAACCACTCATCAGCGAAGAGGTAAAAATCAATCAGATCCACGCTGCAGTCCAGATTAAGATCCTGCCGGCTGAAGCCTTGGCTTCCGCAGTCGTTATCTTCAATATCAACCCATATCTCTGGGGACTCCATCCCATAATAAGGCGAAGAAGTATCAGTTTGAATATCAAATTTGATTGTCGTATCGTGAACCGGCCTTTCCATAAAATCATCATCAACAGCAGTAACCGTGAAGCTGTGTATGTCCTGCCAGTTGCCCGAATCGATCGTGATTGAGGAAGGGCTGATTAAAATCTGTCTTGGGTCTAATGTTCCCTGAGGCGTGATTTCAATGGGGCTGCTGCCCGGGCTTGAAGACACGCTTACATTCACGATATCGCTGAATCCTCCCTCTAGAACAATCGTTTCGCCGCCGGTTTCATCAATCAGAATCTCTTCTGTTGTAAAGGGGAGGTTGTATTTCTGCGAGAGATAATCGCCCACAATCTGCATTTCAGAGGTGAGAAGCTGCTGGTTGTAAACAATGAGCTCAGCGAGATCGCCTTCATAGAAATCCGGATACCACTGGCCGTCTGGGCCTCTGCCGCAGCCGAGGGTTATATCGTTATTGTACTTATCGAAGGTTATCGCATTCGACGGATTATTCGCCTGAATATTTTCCGCCTCCAAATCATTGCACGAATAGAATAATTCGCTGTGCGTCCCGCCGTCCGGCATCTGTCTTACGCCGATATGGAACTGGCCAGCCTCCACCGGATTGGCGTCTGCCGCGGTCAGCGAGAAGCCGTTATTGTAGCGGCAGCCCGATGTGTTTGAGGATACGTCCAGCCCCATAAGATGAGAGGCCGTGCCGTTGGAAGAGCCTATCTGAGCAGCTCTTTCCACGTTTCCGCTTGCCCCGCCTTTGCACACTATAAAAACTGTAAGCCCGTTTGACGGTTCGGGCAGAGCGAAATCTGAGGACACTAAAACATCCTCCTCAACTCTGCTGAACCGTACTGCCGGCAGTCCGTTTATAACGTTTGTTTTGTACGTCGGCGCGCCTGTGCCGGCCTGCGGATAAGCGTCGCCTACAGCCGTATCGCCGGTTGCTGAATCCTGCCATTCGCTGATGTTGTCTCCGTCGCTGAGGCCTGTGATATCTCCTGCATCAAAATGGAGAATGAGCCCGTCTGTTACGGGAACAGCAGCAGCCGTAATGGCAATTGAACACAGCAAAAATAAATATAACTTCATTCTTAATACCTGCTATTTACATAAATATCAATTAAAATCTTTTTTTAAGCACCCTCTCCGGGCATTGTGCTGCTGAGCCATTCAGTTGAAAATTCAAGAGCGTCTTCAAAATCAACCTGACAGTCGTTGTTGAAATCTGCCTTGTTGAACATACCCCAGCTTCCGCAGTCATTCT
NZ_CP021023.1_gap52	2234439	2236052	1613	GCCGGTAATGTCCTCAGAAACCGCGCAGCCTACGCCGTAGCCCGGTGTCTGCCAGTTGCCGCCGGAATAGAAGCAGTAGTATTTGCCGTCTTTATAGAGCACTGCCGGCCCCTCAACGGTGTACCATGCAGGCCATGTTTTATCGTACCAGTGGCGGTTGCGTTCGTAAATCTGCCAGTCTGAGAACGCTCGCATCACTGTATGCACCTCACCTTCCGTTGAGATCATATCATCGCCCAGCTTAACTACAGCAAGCGCAGTTCCCGGCTTCTTATCGAAAAAGTCTTTAGCGAAAAACAGATACCACTCCCCGCTTACGGGATCTTTGTATGGATGGGCGTCTATCGAAAATTCCAGATCGGGGAAAAGCTTGATCCCTGCATCCTCGTAAGGCCCTTCAGGGCTGTCTGCCACTGCCACACGCATATTCATATCGCCGGCATAGTACAGATAGAATTTTCCGTTCCTCTCAGCAATCTCAGGAGCCCAGTACAGCTCAAGGTTCGGCTCTTCGAGAGGCTCAAGCGCCCCGCCCAGAGGCTCCCAGTTCTGGAAGTCTTCAGATCTCACTATCGGGAAGTGCCTCCCGTCTTCGGCCTGCCCTGTTCCGCAGGCATAATAAACCCCATCGCTCTTGAATACGTGAGGGTCTGCAAGGTAACCATCCCATACAGGATTTTCATAAGACAGCTCCATACTTTTATTTCCAGCACAGGAACTGAGGAAAATAATTGAGCTGAGAGCAGTTAAGATAAGCAATTTTTTTACGCGCATCAGAGATCTCCTTAAATGCAGTAATTATATTCGTTCTGTCTTAATAATAATCTCCGCACGCAATTTTTGCAAATTTCTCTTAAAGACTCTGTTTAACTGTATGCCAAATATTATTCTTGCTTCGTGGTTTTATGCCGATTTTCACGCTGCGAAAACCCTTCGCTTTGTGCTCTTCGAGATAAAGAACACGTTAAAACGCAGCAGTAAGTGAATTTTGGTTGCACAGCCTGCTCTAAATTTTCTCCGGTATTTCGGCGTTCATCCGTTCAAGCCAGTTGTCAAGTTTCTGCTCAAGCTTTTTTACCTTCTCAGGCATTTTCTTAGAAAGGTCGTTTTTCTCGCTGATATCTTCTTTCAGGTTATAAAGCTCCAGCTTCGGCCCTTCGTAATGCCGTATGAGTTTGTAATCGCCGCTGCGGACGGTGCTGCACGGCCTTTCCCCTTCGCCATGGTAATGCGGGAAATGCCAGAAGAGATCTTTCCTGCTGAGCCTGTCTTTCTCGCCGGATAAAAGAGGCATAAGGCTGATGCCGTCTTTATGCAGCTGAGGGAGAAGCTCGCCTCCTGCTGCCTCGATACAAGTTGGGAATATATCGTTCGTTATTATCGGATAATCGCACTGAGAACCCGGCTTTGTAACTCCGGGCACCCTGAAAATATACGGCTCCCTTATCCCGCCTTCGTAGTAGTAGCCTTTGCCCGAACGCAGCGGGTAGTTGCTGGTAGGGCCGTTTTTATGGGCACTGAGCCCCCCGTTGTCCGAGGTGAATACAACTATCGTATCATCCTCCAGCCCCTTATCTTTGAGCATATTTAGAATCTTCCCGCAGTTTACATCC
NZ_CP021023.1_gap53	2243042	2247915	4873	ATTCTTCTATGTTTGGCTTGATGCCCCGATCGGCTATATGGCTTCATGCAAGAATTGGTGCGATAAGAACGGCTTTGATTTAGCAGAGGTGTGGAACAGCCCCGACTGGGAGCTTTATCACTTCATCGGCAAGGATATTATGTATTTCCACGCGCTCTTCTGGCCTGCAATGCTTATGGGCAGCGGAAACAAAATTGCAGACAAGCTCTTCGTACACGGCTTTCTCACCGTTGACGGCGAGAAGATGAGCAAGAGCAAAGGCACGTTCATAAAGGCCAAAACCTTCCAGAAGCACCTGAACCCTGAGTGTTTGAGGTACTACTATGCCTGCAAGCTCAGCGACGGAGTGGAGGATATAGACCTGAGCCTTGAGGATTTCCAGTCCCGCGTGAACGCTGATCTTATCGGGAATCTTGTGAACCTTGCAAGCAGGTCTATCCCAATGCTCAAAAAGAAGCTCGGCGGACAGCTCGGCGAGATGGACGAAGAAGGCAGGGAGATGGTAAACGAGATACTTCAGGCGAAGGATTCAATCTCTCAGAGCTATGAAACGCTCAAGTTTTCACAGGCGGTAAGGCAGATAATTAACCTTGCAGGCAGCGTGAACAGGTATTTCGATAAGCAGCAGCCTTGGATCACGGTTAAGGAAGATAAGGACAAGACACTCAAAACCCTCACTGCAGTTGTTAATGCGGTTAATGCCCTTAATATTTATATCAAGCCGGTAGTTCCCAAGCTCTCTGAAAAGCTTGAAAAGATTCTCGGCTGCGAGAATCAGGGCTTTAAAGACATCGCAATCCTGCCGGAGGGGCACGAGGTGAACAAATTCAAAAGACTGATGAACAGAATTGAAAAGGAGAATATAGAGGCTATGATAGAAGAATCAAAATCAGAGCAGGAGAACCAGCAGACCGAGCAGAAGCCGGAAAATCAGCTCGATGAGCCTCTTGCACCGGAATGCAGCTTTGATGATTTTATGAAGGTTGACCTTCGCGTGGCAGAGGTTAAGAAGGCCGAACCTGTTGAAGGGGCAGATAAACTGCTGCATCTCCAGCTTGATATAGGCGGAATAACTAAAAACGTATTCGCAGGAATTTCCAAGGCCTACAAACCCGAAGACCTTGAAGGCAGGCTCGTTGTGTGCGTTGCGAATCTCGCTCCGCGGAAGATGCGTTTCGGCGTGTCTGAGGGTATGGTAGTGGCCTCGGGGCCGGGCGGTGAAGACGTATTCCTGCTCAGCCCAGACAGCGGGGCAAAGCCCGGCCAGCGCGTACACTAACCTAAGGACGCCGGAAAACATATGCTCAAATACCTGCTTTGTCTGCGATACCTGCTGAAAGTTCGTCTTGTTGTAATCAGCGTTCTTGCAGTAGCGCTGAGCTGCGGGCTCCTTGTTTCTATAAGCTCTGTATTCAGCGGCTTTATTGAGGCTGTTGAGAAAGGGGCATCCGATGCGATGGGCGATGCGGTTATCAGGCCTCATCCATCCCTGCAAATATCAAATTTCAGAGACCTTACCGGCAGGATAGAAAATATTGAAAACGTGCAGGCGGCTTCCGGACTGTTAAACGCTCAGGGGCTCGTGCTTATCGGCAGGGGAGAGGTGAAGAAGGCTCAGATCTGGGGAATCGATATTGAAAGTCAGGATGAGGTTACGGGCATACGCGATGATTTTATCAGCTCTGAAGGCAGGTTTGCAGAGGATTCAGCTGCCCTTTCTATCGGCCTGCTAACAAGCCCAGATCCGGTTACCGATAAGTATGATTTCGACAAGGCCAAGAGCTGGACGGGGAAAAATGCCCTCGTTCTCACCGGCAGGCAGGGCTCCGGCGAAGCTGCAGACTTCCGCAGAAGCGATCTGCGGGTTAAGATTGATGCGGTATCGTTCAGCGGGATAAACCAGTTCGATTCCTCAAGCGTTTACCTGCCTATAGAAACGCTCAGCACTGAGCTCTATCCCGAAAAGAATAAACCCCTCGCCGACACCATCCAGATCAGATTCGCAGAAGGGCTCAGCGAGAAGCAGCAGAGAAATCTTCTCTCGCGGATTCAAGCAGTTTGGTCGGATTTCGCAAGAAATGAGCTCGGCTGGCCGGCAAGCTGGGTGGGTTACAGTTCAATATCTCTTAGCAGAGATATGCAGAAACGCCTCGTTGCCGAATACCAAAAGCAGATGGATGTTCTGATGGCGGTGTTTTCAATCGTAAGCGGAGGCGTTGTACTGCTGATATTCTGCATATTCTATATGATTGTAATGGGCAGGCGGAAGGACATCGCAATCCTGCGCAGCTTCGGGCAGTCTCGCGGAGGCGTTGCGGGAGTTTATCTGCTGTTTGGGGTGTTTATAGCGATTGCAGGCATTGTGCTGGGAATCATATTCGGCTGGCTTTTCACCGAAAACATCAACACAATCGAAAACCTTATCAGCAGGCTTACAGGAGTGAAGATATGGAAGAGCAGTGTTTATATGTTCAGCAGAATCCCAAACACTCTGGACATTGTCTCTGCGATGAAGATATCCCTTTATGCCCTTGCCGCCTCGCTGGCAGGAGCCCTGCTCCCCGCTGTAATAGCTGCAAAGACAGACCCCGTAAAAACGCTCAGATACGAATAAGATGAATTCATTTGAATCAAAAGTGCTCAGCGCTTTGGAAAGCGTGAAAGAATTGCATCGGTCAACACGCCTTCTTGCTGCTTTTTCGGGCGGCCCTGATTCCTGCGCTCTTCTGGAGGCAGCAGCCGTTCTCCAGAGGGAAGGAAGGTTTAAGCGTTCCATTGCAGCCCTGCATATTAACCACAATCTCCGCGGAGAAGAATCAAATAGGGATGAAGAGTTTGCCCGAGAATTCTGCGAACAGCGGGATATTGAATTTTTCAGCGAAAGCGCAGATGTTACTGAGAGAGCAGAAGAGCAAAATGAATCTGTGGAAACTGCGGCAAGAAATATCAGGCTCGCTATTTTCACCGATTACTGCTGCAAAAGAGGCTTCGATGCAGTTATTACTGGCCATCACGCCGGCGACAACTGCGAAACAATAATCCACCGCCTCCAGAGGGGCACGGGATTCAGGGGGCTCTGCGGAATCAGGCCTGCAAGATGTGTAGGCGGAATTTTGCTCGTAAGCCCGCTTCTCTTTGCCGATAAAAATGAGATCCTCGAATACTGTAAAGAAAAGGACATCCCTTACGCTGTTGATGCAACAAACCTCACCAATCACTGCCGCAGGAATTTTATACGCAATTCGCTCCTGCCAATGATCAGTGAGCGGCATCCGGATATCTGCGAGAAGCTGTGTCTGCTCAGCGTAGAGGCCGCAAGGCTCGATGAAAGGGTATGCAGAGAAGCGCAAAACTCCTGGCACAGCACTGTGATTATCAGCGAGCCGGATTTTGTAACGGTAAACCGCAGAGAATTCAATGCCCTGTCTGTGCTCGTGAGGCAGGAGATTGCCCGCAGGATTCTGATTAGCCTCGGTGCAGGAGAGGATAAGCTCAGCAAAGACCACTACAGCCGAATTCTGCAGCGGACGGGAGAGGCTCAAAGCTCAAAGCTCCAGCTCCCTGATGATATTTACGTTTTCACAAATCAGGATAAAATAATCTTTTCAATTTTGAAAACCGAAGGGCTCTCCAGCGTAAAAATTGACGCTCCCGGTACTTTCAGATTCGGAGTATGGCAGATTGAGCTGCGCAAGGAAGATTTCGACAAGACAAAATTCGAGAAATTTCTCAAAGAGATGCCGGAAAATACAGCTCTGTTCGATGCAGATAAAACCGCTCTGCCTATAACCGCAAGACAGAGGCAGGCCGGCGACAGGTTTGTGCCCTTCGGCCTCAATTCGCCCCAGAGGGTGAACAAATTTCTCATTCGAGCGAAGGTAAATCGTATGGAAAGGTCTAATGCGGTTGTATTCCAAGACAAAACAAGTAAAATAATATGGGTAGCACCGTACAGAACTTCAGAGGAAGTGAAAATAACGGAAAGAACAAGAAAGATTCTTTTAATAAAACTTACGAGGCTTTAATAGGTGAGTAAATGTCTATGTATGTAAACGGCGAAATAGTAGAAGATACGCTTATCAGCGAAGAGATGGAACGTATGCGTCCGCAGTACGAGCAGGTTTTTGCAAATATGGAACAGACAGAGCGCGAAAATCAGCTCAAGCAGTGGGCAAAGGAGAATCTCACAGAGCAGTTTATCCTCAAGCAGGAAGCTGACAAACGAGATTATGACGTAGCAGAAGAGGTTCAAAAAACCTACAGCGACCTTATCGAAAAGGCCGGCGGGAAAGACAAATTCTTCGAAGAAAGAGGCCTTGATAAATCCAGTGAGGATGAGGTGCTCAAGGATATTGAGCTGCAGACCAAAATCCGCAGGCTCGTTTCCGAGATTCAGGACTCAGCAGATGCCCCAACGTTCGAGGAAATCGAAGACTACTACCAGGGCAGCAAAGAGAAATTCGTGATACCGGAGATGGTTCGTGCGAGCCATATCGTCAAGCATCTTGCCCCGGGCGAGGAGAACGACGAGGCGTACGAAGAGCTTCAGGGCGTGCTCGAAAGGATCAAAAACGGCGAGAAAGATTTCGCTGAATTCGCAGCCGAATATTCAGAATGCCCAGATCAGGGCGGAGACCTCGGCTATTTCGCACGCGGGAAGATGGTGGAAGACTTCGAGGACATCGCATTCGGGATGGAAGTTGGCGAGGTTAGCGAGGTTTTCAGAACCGAATTTGGCTTCCATATCGCAAAAGTTACCGACAGACAGCCCGAAAGGCAGTGCGGGCTTGACGAAGTGAAAGACTACATCGAAAACCAGCTTCAGGAACAGAAAAAAGAAGAAGCTCTTGAAAAATTCCTCGATAAACACGTT
NZ_CP021023.1_gap54	2257658	2262243	4585	GCCTGAGGAAATCTCGCTCTCGCTCCTGTCTTTGGGAACATCAATTGCATTATCCGTCAGGGCGGAGCCCCCGAGCTTGCCGAGGTCTATGTCAATAATCCGGTGCTCCTCGGCTTCGCAGAATTCTGCGATTTTCCGCGCAGCCTGAAGCTCTACAGTATGCCTCTGGCCGTACGAGAAGCTCATCGCATATATCTCAAGCCCCTCGCTTGAAGCGATCTGGGCTGTTGTGCCTGAATCGAGGCCGCCTGAAAGAAGGACAACGGCTTTGTTTTTCTCCTGCATATCTTTAAGCTTTAATGTTTCAATATTGCTTGTTTTTTGTAGAATTATCCGTTTACGGCAAGCGGGGCAAGCTGTCCTCTGCCTTTCCGAAAGCAAGAAAGTATAATCGATAAAATTTTTAGAGCAAATATTATGGCCAGCGAAACAAAGATTGATCTTTTTGATAATCCCCGCCCGGGCAGGGATTACGTAATAAGCACCGACGTGCCCGAATTTACAAGCGTCTGCCCCGTTACAGGGCAGCCGGATTTCGGCACTGTCAGCATAGACTACTGCCCCGATAAATACTGCATTGAGCTTAAGAGCCTCAAATTCTATATGCAGAGCTTCAGAAACCGAGGGATTTACTACGAATCGGCAGCCAATGAGATTCTCGATTACCTCGTGGAATGCTGCAAACCCAGATGGATGAAGATTACCGCTTCATTTACGCCGAGGGGCGGGATCTCCACTGAAGTTGTATGCGATTATGTAAGCAAAAATTACCATGGGCAGTCTTAGATTAAAACTTGAACATAAAAGCTGAATGGGCTAGCAATGGACAGCGAAAATACAAAAAACACTGAAAGACTTGACTTCATCAGAACCATCGTTAAAAACGATCTCGAATCGGGCAAGTGGGATAAGGTTGTAACGCGTTTCCCGCCCGAGCCGAACGGATACCTCCACATAGGCCACGCAAAGAGCATCTGCCTTAATTTTGGTATAGCCGAAGAATTTTCCGGCCAGTGCAACCTGCGCTTCGACGATACGAACCCCTCGAAAGAGGAAGACGAGTATGTCGAATCGATAAAAGAGGATGTGTCTTGGTTAGGCTTCGACTGGAACGGAGGGCTGTATTTCGCCTCAGACTATTTCGAGAAGATGTATGAGCTGGCAGTGGAGCTGATAAAGCAGGGCAAGGCATACGTATGCGACCTCTCCAGCGAAGAGATCCGCCAATACCGCGGCACGCTCACCGAGCCCGGCAGGGAAAGCCCATACAGGAACAGGAGCGTTGAAGAGAACCTCAATCTTTTCGAGAGGATGCGCAGCGGCGAATTCGGAGATGGCGAGAAGGTGCTCAGAGCCAAAATCGATATGAAGAGCCCGAACATAAATATGCGCGATCCGGTTATGTACCGCATACTGCACGCACCCCACCACAGAACCGGCGATAAATGGTGTATATACCCGATGTACGACTGGGCGCATGGCCTTGAGGACTCAATCGAAGGCGTTACCCACTCAATCTGCACACTCGAATTCGAACATCACCGCCCGCTTTACGACTGGTTTCTCGAAAATCTGCCCGTGCACAGGCCGCGGCAGTACGAATTCGCCCGCTTGAATCTTAACTATATGGTTATGAGCAAACGCAAGCTCCTAAGGCTCGTTCAGGAAGGCTATGTTGACGGCTGGGACGATCCGAGAATGCCAACGATTTCCGGCATGAGAAGGCGCGGCTTCAGCCCGGATTCTATAAGGAATTTCTGCAAGGTGATTGGGGTTAACAAGTTCAACAGCACCGTTGATTATGCCCTTCTCGAACACTGCCTCCGGCAGGATCTCAATGCCCACTCGCCAAGGGTGATGGCAGTGCTGGATCCGCTGAAAGTGGTAATCACGAACTATCCGGAAGACGGCAGCGAAGAGTTTGATATAGCGGTTAATCCGGAAGATGAATCTGCGGGGAAGAGGAAAGTTCCGTTCTCGAAGGAAATCTACGTTGAGAAGAAAGACTTTATGATAGACCCGCCGCGAAAATTCTTCCGTCTCGCCCCGGGCAGGGAAGTTCGTCTCAGAGGGGCATACTTCATCAAATGCGAGGACTACAAGCTCGATGAAAAGGGAGAGGTAGCGGAGGTTCACTGCACCTACGACCCCGAGAGCAGGGGAGGAAGCTCGCCGGACGGGAGAAAGGTGCGGGGAACACTGCACTGGGTCTCCGCTGAGCATGCCCTGAAGGTGAAGGTGAATATCTACGAGCATCTTTTCACCACAGAAAACCCCGAAGAAACGCAAGAAGGGCAGGACTTTACCGCCAACATCAATGAAAACTCACTTCAGACAATCAATAACTGCCTTATCGAGCCGAGCGTAAAGGACGCAGAGCCTTTAGACAGATATCAGTTTGAGAGGATAGGATATTTCTGCGTGGATAAAGATTCAAGCCCTGAAAAACTTATCTTCAACAGAACCGTTACCCTGAAAGATACATGGGCAAAAATGCAGAAAAAAAAGCAGCAGGCAAAGAAGTAAACAAAGCCCGCACAAGCCGGCGGGCAGATCGCTATCCGGTGTCTCAGCATTTTTTTTAAGCTCATTTGAGATTATTCAAGAGCGGATTTTGTTATTGCGCAAAATGACTGAACTTTTTCGTAAAGTAACGTTGTGTTTCTGCTTTTGTTAGAAATAATAGAATTAGCATCAGAATTTTTTAACCGTGGTATAATTTTTGAAAAAAATTAAGTGATTTTGAATTTTTTGGGAAATATTTTTTGGTTTTTAACATATAATTATGGATAGGCGCTCTATAAGTTAATTAACATTCAGGAGAAAAGCGTTATGAAACAGAAGGCTTTTACATTAATTGAACTTCTCGTAGTGATTTCAATTATAGCTCTGCTTATGGCTGTTTTGATGCCGGCATTGGGCAAGGCAAGGAAGCAGGCGATGAATACGATGTGCAAAACCAACCTCCACAGCTGGATGCAGGCAACGAGCCTTTACCTGGCAGACAACAACGACAGTTTCTGGCCGGGCTTCTATGGCTCAGGGTCTCAAGGCGATAAAGCTGAGAAAAGCTTGTGGTGGATGGATGTACTGGGCGAATATTACGATAATATAGATGAATTGAGGGTTTGCCCGAGGGCGGACGAGCCGAGGCAGTATTATGATGGCCGGCAGAATCCAAAAGCCAACGAGCCTTTCGCAGCTTGGGGAATCTACAATAAGAGCAACAACTTATTCGGCCGGAAAGTTGACGGCCATTACGGCAGCTATTTGGTTAATGGATGGGTCCAGAATAAATATTGGGATTATGTTGATGTTGATTTTAAACAAAAATTCTGGAAGCTCAGCTCAGCTATAACCACCCCTTCAAATGTGCCGATTTTTACAGACGGACAGCATATCGATGCATGGCCGAATTCAGGCGATAACCCGCCGCCAACGGAGACAACGAGATGGAGTTCAAACGGCTCTCATTTCGGGCGTATTGTTCAAAACAGGCACGGAGATGCGCAGAATGTATTAACCGCAGATGGTGCTGTTAATACCGTTGGGCTGAAGAAGCTCTGGACATATAAATGGCACAGAACTTACGATACCCACGGCAGATGGACATCCTCCGCCGACCAGGCCCCGGACTGGCCTGAATGGATGGAAGGAATGAAAGATTACTAAAGCAAGTTTTTGGATAAAATCTTAAAGGACGGTGTTTTTATGCCGTCCTTTTTTTGTAAAAAAGCCCAGTCAAGATATATACTTAATAGAAGGCATATAGTAACAGGTTAAATTACAAGGCTTAAAATGAGAAGAAGAGATTTTATGAAAGCCGCTTTCGCTTTCACAGCAGCGGCAGCTTCCGGCACTGCTTACGGCAAAGAGCAGGAAAAGCCCAATATAGTCCTTATTAATATTGATGATATGGGCTGGCGTGATATCGGCGTAAACGGTTCGGACTTCTACCGCACGCCGAATATCGACAGCCTCGTAAGAAGCGGTATGAATTTCAGCAGCGCGTATGCAGCAGCCGCGAACTGCGCTCCGTCTCGAGCGTGCCTTTTGAGCGGGAAATACACACCCCGCCATGGCGTATATACTGTGGGCAGCTCCGAGCGAGGAAAAAGCAAGTATCGCAAGCTGATACCAACCAAGAACAAAAAATTCCTTGATGAAGATGAAACCACAATTGCAGACTGCCTCAAAGATGCAGGCTACAGAACCATTACGCTTGGAAAATATCACGTAAACTCTGATCCGCTCAAGCACGGCTTTGATGAAAATGTAGGCGGCTGCCATAAAGGCCATCCGCCAACGTACTTCAGCCCCTACAGCATACCAACTCTCGAGGACGGCCCGAAGGGCGAGCATCTGCCCGAAAGGCTTACAGACGAGGCCTTGGAATTTATCGACAGAAACAAGAACAGGCCATTCTTTTTGTATTTCCCGTTTTATTCGGTTCATTCACCTATTGAGGCAAGAGATGATCTTCTTGAAAAATATAAAAACTATGAACCCGGCGAGCTCCATAAACGCGCAGATTATGCCGCTATGATAGAGGCTGTGGATATCCATATAGGCCGTCTGATAGAAA
NZ_CP021023.1_gap55	2267591	2271273	3682	CCACGCGCGTTTCGCCTGCTTCAAGCTCGCTTACCTGCTGGAATCCGGCAGATGAAGCCGTTTCGCAGTTTACAGACTGCTGGCTGGAGTAGTATATCCTCATCCGGAAGCTTCCGTTTGTGGAGGCAGCGCCGGAATTCTGGATTGATGCATCAAGGGTGATAAGCTGGCCGGCAAATATGTTCTCCGGCAAACTCCCCGGGGAGGTTATTGTAAGTTCGGCGAGCTCATTCTGCGGAGCTGCTGCCTCTTGGAGCTCGGGATAGCCTCCGCCAGCCGGCATCTGCCATACTGAGGCAAAATCCCAGCCCGCATCAGTGAAAGAAGCAGAGCTTTGCATCTGAGCTGTGGCAAGGCCTGTAATATCAAAGCTCCCGCCTTCGTTTCGTGCTGTTGCGTTCTCGAGTCCGCTGGCCTCGGTGTCCCAGAAGCAGGCATCCCCTTGGCCGGCGGAGGTTTTTGCGATGAATCCTGCTGTGCTGTCTGATTTGCCCGAAGCCTGACCTGCCGAATAGCAGTTTGAAATCTCGCCTTCGGAGCAGTTGCCGATAAAACCGCCCGAAAGGCCGATATCCGGGCTCCCTGCTGCCAAAGACTCAGCAGAGCCCAAGGCAAAACAATCGCTTACATTGCTGCCCGACTGTCCGAAAAAACCGCCCGAGTAGCTGTATGAACTCTGTCCCTCGGCCTCTGCGGAGACTGAATTCGAGGCAAAGCTCTTCTCTGCAGCAGTTTCTGCATTGCTCTGCCCAACCGCTCCGCCCGCAAATGCGCTTGCCGTGAGGCCGGAGGAGAATGAATTAACCTCGCAGTCTGTGCCGGATTTACGTATGCTGGAATACTGGTCGCAGTAGCCCGCCAATCCCCCTGCGTAGGATGTTGTGTTTTTCGAATCAAGGTTTACCGATGCGTCCACAACCCCCTTGGATGAGCATAGCTTTATCGCACCGTCTATTCCGTTTATCCCCGCTATCCCGCCTGCATACACAAATCCAGCGGGATTGTCTCGTGCGATTATCGTTGCTGAAACTGCGCATTTATCTATGAGCCCTTCGCTTACTCCGGCAGCACCGCCTGAGGTGCTGTTTGAGAAAACTGTTCCCGAAAAGCTGCTCTCTGAGATAACCCCGAGGTTTTCGTTTGAGCCTGCTATTCCCCCTGAATAAGAGGTGGAAGAATCTATGCTCACTGTTCCGTTAACAGCGCAGTTGAGGATGAAGCCCCTGTTTGCGCCGGCAAGCAGGCCGCCGTAAACCCAGCCCCCCTCTGAGCACACAACAGTTCCCGAGAGCGTTAGATTTTCCACTATAGCATCATCGCCTATCATACCGAACAGCCCGAGCAGGGAGAGATCGCTGCGGTTGATGCTCAGCCCGCTTACTGCAAAGCCTTGGCCGTTGAATGTGCCGTAGAAGGGCTGGGAGCTTGTGCCTGTGGGCAGCAGCTCTTGACCTGTAAGGTCTATGTCTGAGGTGAGTACGAAATTGGAAGACCAGTCCCCGCTGGATGAGCTCAGCTCAAGAAAATCGGCAGCAGAGCTGATCTGATAAGGCGCTGCTGAAGAGCCGTCTCCGCCGGAATACCCCATGGCGAGCCCTGTAAGTGAAATCAAAATAATGATATGCCTGAGCATAGTGTTACCTCCGTTTTTATTATAGATATATCTCCCCGTCAAGGGGGATAGATTCATCTCTTCTTTGCTGAAGCGCTGATTTTCTCAACCGCTTCTTGGCGGTTCTTGCTGCCGAAAACAGCCGAGCCTGCAACTAAAGTGTCTGCCCCGAGCTCTCCGGCTTTTCCTGCGGTTGTCTCGTTTATCCCGCCGTCCACCTCTATTCTAACATCTTTGCCGAGAGTTTCTCGCAGAAAAATGCATTTCTCAGCGCATTTCTCACGGAAGACCTGCCCGCCGAAACCCGGCTCCACAGTCATCACGAGAATCATCCTGCATAAAGACGCAATTTCAAGCACCTCTTCAGGGTTGGTGGCCGGCTTTATGCAGATCCCCGCGCTGCACCCGAAGCTTTGTATCATCGAGATCGTTTCGTGGGGGGCTCCCTCCGCCTCAATATGGAACGTGATGTGGTTCGCTCCTGCCTTGGCAAAATCTTTTATATACCTTTGAGGCTGGGAAATCATTAGGTGAGCATCAAAGCAAAGGTCGCTGGTTTTCCTCAAAGACGCAATTACAGGAGGCCCTATCGTTATATTCGGCACGAAATGGCCGTCCATAATGTCTAAATGGATAATCTTAACCCCGCTCTTCTCAACGTCGGCCACTTCCTCCGCCAGGCAGGAGAAATCAGCGCTGAGCAGGCTGGGGGCAATCTCAATTGTTCCGGGTTTGGGCAGCTGCATTAAAGCTCCAAGATGTTATTGATGTTGTTCTCTTTTCTATGATAACTATAAAAATAATTCTGGCAAGCCGCTTTAATTCGGGTCTATGAAGTCTAATCGAAGATGCCGCTGATTTTCTCGGCGTTTAATTCTGTAAGCGAATCCACCACCATATCAGCCTTCGGCTCGAGCTCGCTGCGGCTGTAAGTGCCTGCAACGCCGATGGTTTTAGCTCCGGCCGCTGCTCCGGCTTCAAGCCCCCAGTGCGAGTCTTCAATCACGGTGCATTCTGCCGGCGAAAGTCCGCCTGCGGTTGTTCGGGCAAGCTTCTCAGCCGCTTTGGTGTAGCCCTCTGGATGGGGCTTGCCTCGGGATACATCATCCGCTGTTACTACGGCATCGAAATATTTGAAGTAGTTTTTCCCGCTCCTCTCGGCCTCGGCGGCAAATATCCCCTCAATATCTGAAAAAAGCGCTCCCGAACAGATTGCCATTTTTATGCCGGCCTTCGAAAGTGAGCTTGTTAGCTGTGCGAATCCCTTAAGTATGCATCTTTCCGTGCTTGCAAGCTCATCAAAAACTGCTGCCTTCTCATCAATCAGCCAGCCGAGCTTTTCTTCAGTGAGCTCGAAGCCGTAATCACGGCTCATCGCCTCAAGGGCTTCTTTGTCTGTGAAGCCCAGATACTTTTCCCAGTAAACGTCTTTTTCTATTCTGCCTGCCTGCTTCTCGAGAATCCTGCAGAAGGCCATATAGTGGAGCAGCTCGGTATCTGCTATCACTCCGTCAAAATCGAATAATACTGCTTTAAATCCCATATTGAATCCCTTATTGCTTATAAATTCATAATGTATGATATTTTACTTTCCCTGTTTTGCAACTCTAATGAAAAATTCACCACTAGCAAAGCATTGCGATTCAAATTAAAATCCAAGTGTTAAATTAAAAAAGTTTGAGAATTTTTTGAATTTTCTTGAATTGCTGATTGAAATATTCTATAGTTAAACGTGGAGTTAGACAATACAGACCAAAAGTTTCTCTGCTTGATTTTCAGCCGCCTGTATTATCATAATCTTTTGATGTGCATCCCTTAAATCAGAACAGTTAAAATTTTCATTTTTTGCTTTTAGCTTCTTCGATGCTCGAAGAGTTTATTAGTTTAATTTTTATTGGAAAGGTGTTGAAAATGAAAAATTTAAAATCAATTTTGGTTCTGCTATTTTGTGCTGCGGCGTTTGTTCAGGCGTATTATGAGTCTAACTGCATAATTGAAGTTCCGAACGGCCAGATACACTGGGGAAACGGAGATTACGACGTAGTTGCGTTTAGTGTGGATGGGTTTATA
NZ_CP021023.1_gap56	2292427	2293990	1563	TCAATGCCGCCGAAAAAAGGACGAATGAACGGTTCGTTCTAAAGAACAAACCCGAATATATAGAAGGTAATTTCATAAATTACTCCCCCTTCGAAAAATAGATACTTGGCAAATCAAAGACATTTCATTTTAAAAGCAAAGGCTTAGAAGCCCTTCTTTACAATGCAGGGTTATTATAACATACTGCTGCTATGATTTTAACCGTAAATTATTTTTTATTAAATCGTCCGCAAGCAAGCCTTATACAGGTTCAAATCAGTAATTCCTTGAGCCGATGCGCATTCCGCAGATTTCCACGCAGTTTCTCCGCCCGAAAACGTCTTTCGGCGGCACAGTGCGAACGGTAAAAAGCGAATGCAGCGAATATTCAGAAAAGCCGAAACGGCTTTTTGCAGCCGTTGAGAGAGGATGAAAGCGAACCGTCCCCGGCAGGATTCGAACCTGCAACCTTTGGCTCCGGAGGCCAACGCTCTATCCAATTGAGCCACGGGGACATTGAAATTCGGGTGAACATATATTTATATGAAAGCCTCGCCGGCTGTCAAAGCAAATTGACTGCATAGAATAGCAAAAAACAAAAAAGTTGTCATTTTGTTATAAAAATCACAGCCATCCCATAGAAGAACAAAATATAAGATGTTTCTTTGAAAATAGCGGGGTATGAGTTACACTAATTTCAACAAACTAACCAAAAATTAGGAGTAACTCATGACACCCGCTAAGCATCAATATACAGTTCTCAAGCAGATATGCCAATATATTCCTGCTTATCTTGTTTCAAAATTATCCCGGCTTTACGGTATTGACAAGCAATCACGAACATTTTCTTGCTGGTCTCACATTGTATCTATGCTTCATGTCCAGATTGCTCACAGCCTCTCGCTGAACGACGTTGCCGACACATTGCGTAATCATTCCGGAGCTTTGATTCCTATTCGCCGTGCAACCCCACCAAGCAGGAATGGGCTTTCTCATGCAAACAGGGTTCGAGATCCTCGTATGGCAGAGACTCTCTTCTGGGAGGTGCTGTCCCATATCCAAGCCCAGCATCCTAATTTTGGCAGAGGTCATAAATACTCCGGCCTTCCAAGGCGTTTTAAGAGAGCAATATATGCGGTTGATTCAACAACGATTCAGCTTGTAGCCAACTGTATTGACTGGGCTAAACATCGCAGACGCAAAGCCGCTGCAAAGTGCCACATGCAGCTTAATCTCCAGACATTCCTGCCTCAATTTGCTATTGTAAAAGAAGCCTCAACCCATGATTCGACAGAGGCTTATCAGCTCTGTCAGAACCTTAAAAGCGGCGAAATAGCGGTTTTTGACAAGGCTTACGTGGATTTTAAGCATCTGGCTGATCTTGACAGGCGAGAATTATTCTGGGTTACCAGAGCCAAAGACAATATGAAATATCGTTTTGTTAAACAGAATACAGAACCAAAAGGTGATATCCAATACGATGCATTAATTGAACTTGAAATGCCGAAAAGCTATGAGGCCTACCCGAAGCAGCTCCGTTTGGTTAAGGCTTATGTGGAAGTTAACGGCGAGAAAAAGCTTATG
NZ_CP021023.1_gap57	2312575	2316534	3959	CCCCGCAGACAGAGCTAACCCCGCAGCGGCGAGCTGATTGCTTATATTGAACTTGCCTGCTAACTGCGTTTCCACGGTAAATTCCCTGCCTTCCCAGCAGAGCAGGTAACTGGTGGAAGAGGGCGAAATTTTTATTTCTTTTGCCGCTAAAACCCCTTCATTGCTGTTTTTCAGCGAATACCCTATCATTCCGCACTCCAATTCTTCTGCAAGCTCCCTGCCTTCCGGAGAGTCGAGATTTATTACTCCGCTGGAAATTGGCGGAGTGTGGTGGAAGAGCTTTTTCTTGGCCGCGAAATAATTATCAAGGGTTTTGTGATAGTCTAAATGTTCGCCGGAGAGGTTGGTGAAAGCAGCGGCTTTGATATTTATGCCGGCAAGTCTTTCCTGGTCGAGGGCATGGCTGCTTGCTTCAATGCAAACTGCTTTACCCCCGTTTTCTGCTGTTATTTGCAGCATCCGGGATAAAGTCTCGGCAGGAGGGGTGGTCATAAACGCATGGCTTTTCCCCTCGCTCCCGCATAAGTCGTTCCATACCGTTCCAATCAGTCCGGTCTTTATTCCAGCTTGCTCCAAGAGCTGTTTGGTAAGCGAGGCAACGGTTGTTTTTCCGTTAGTGCCGGTAACAGCGAGGCAGCACAGTTTTTCCGAGGGGTTTCCGCAGGCAAAGTTGGAAAGGATTCCAAGAGCCTCACGAGAATTCTCTGTTTTCAGTGCGGGAAGGTTAGCGGGTAGATTCCCGTTTTGATAAACAATAAAGCCTGCCCCATTTCGGGCTGCCTGAGAGATGTAATTATGTCCGTCTGCCTTAACGCCCTTAACTGCAACAAATAAATCTCCCTCCTGCACCTCACGGGAATCGCTTGTTACCCTGAGTTTGGCGCTTGAAGCGAGATATTTTATTGCAGGCGATAAGTCCATTTCACACACACAGCTTTGCTAAACGAGTTTCGATATGCACCTTGCCAGCTCGCCGAGATCTCGTTCTTCGAGGATATATTTAAGCTGAGCAGGTTTTATTTCTAATTTCTTGAGCTGAGTTTCAGCTTTCTTCCAGAGGCTTGCTTGTTTCTTTTCTGATTCACAGATATAAAGCTCTGAAACAATCTCCTGGAGCTTTTGGAGCGCTATTGTGTCGAGGTTTTTGTAGTAGTTTTTGATAATATTCTTTTGATGCTGTGAGTAGCCCCTGGCCATAAACGAATCCCCGGTCCGAGTTTCAAATAAGTTAAGTTTAACCCTTTTGAGTGGTATTGTACTGTTTTGAGTGGATATTGGAAGGGTAAATATTGGCAAAAAATGAAAATTTTAATGTGAAAAGTGAAAGCAAATGGAAAAATTTTTAATTTTTTTGGAAATTTTTCTTGATTCGACAAATTTACAAGGTATATTCTAATATTGAACCAACACCTTTATTAAGGTTTGGTTGTAGCGGCAGCCGAAAACTTCTTATTAAAAGGAAGACGAAAAATTGGCTTTTTTATCCGGAGAATACGATCATAAGATAGATCCCGAATCCAACAGGGTCAGCCTGAAGGTTGAGCTCAAGAAGATGCTCAGCGATACCGGCTTCACCGGGACCTACTACCTTACCCTCGGAGAGCGGGGGGTTCTCTGCCTCTATCCTGAAAAGGTTTACGAGCATTTCGTTTTCAAAGGCGCTCCCAAAACTGAAGGGGGCGAGGTGAAAGACGATCAGATCGTAGCCTATGAGAGGATGAATTTCGGTTTTGCCACAAGGTGCGAGTTCGATAAACAGGGACGTTTGCTTATCCCCCAGAGGATAAGGCGAAGAGCAGTGCTGGGAACGGATATAGTGATTGTGGGTGTGAACGATCATCTCGAAATATGGGATCCGGACAGATGGGAAGCCTATGCAGAGCAGATGCTTCCGGTTCACAATCAGCAGCACGGAGGCGCAAGGAAAGCCGCCTTCGAGGAAGCTTTGTCCAGAAATTTGTGATTTAGAAAATCGCTCATGGATGGTTCGTCGGTCAGGAGGACCATTTTTAGTTCTTTGAAAACGATATAACTCAGGATGTGAAAGCCGGCAGGAAATCATAGAGGCAAGGATTAGCCTTTTGTTAAGATTTTTTCTGCAATAGCCTTTGATTTAGATTCAATTAGCAGTACAATTCTTCCTCAGGACGAGATGGAATTTACTCTTTAACCAAAAGGCAAAAAGCAGAAAGTATATGTCGGCAAAACACATACCGGTTCTTGCAGAAACTCTTCTTCAGTGGATAAGCATAGGAAAGGATGCTGTTTTTGTTGACTGTACTCTCGGGCACGGAGGCCACGCTTATCTTATCTCGAAGAAGCTTAGCAGCAGTGGTATGATTATAGGCTTTGATGTAGACCAGAAGAGCCTTGATTATTCAGCAGATGTCCTTGCCGGTGCCGAGTGCAGGGTAGCGCTGGTGAAAAGCAATTTTTGCCGGGTTAAGGATAACCTCCATCGGTTGGGCCAAGCAAAGGCTGATTTGATTTTCGCTGATCTGGGATTTTCCTCCGGACAGGTGGAAGACCCCGATAGGGGAATGAGCTTTCAGAATAATATGCCTCTGGATATGAGGCTCAATGAAGACATTGAGATTACCGCTGCGGATATAGTTAACACTGCGCCGGAGGAAGAGCTTGCTGATATAATCTATCAGTATGGCGAGGAAAGGGCTTCAAGGAAGATTGCCCGGCTGATATGCCAGAGAAGGCAGCACCAGAAGATAACCTCCACAGGCCAGCTTGCCTCGCTGACGGCAAGGGTAGTTAGAACCGGCGGAAAGCAGCACCCGGCAACCAGAACCTTTCAGGCTCTCAGGATAGCGGTGAACGATGAATTGGGTGTTCTTGAAAAGCTTCTGCAAGATGCGCCGGAGATTTTGAAACCGGGCGGGCAGGTTGCAGTGATAAGCTTTCACAGCCTCGAGGACAGGATTGTTAAACAGAACTTTAAAGAAAATAAACAGGCAGGTATTTACGAAATTGTAACGAAAAAGCCTCTGACTGCTTCTGAAGGCGAGGTGAGGGAGAATCCCCGCAGCAGAAGCGCCAAGCTGAGAATTGCGAAACGAGTTTGATTTCTTTAGCGCAGCAGCAGTTTCAGAGAGGGTATAGATATGTCAGGAAAAGAAAAAACGGGTTTACTCATAGCTTTCGCAGTGGTAGCGGGAGTATGGATCGCTGTGCAGGGCGCATCCCCGCGTCCGGAGGGTATATTTTCACAGCAGGAAAGCGAAGGGATTCTGCCCTTTCAAACGCAGAAAGTGGTAGTGAAAGATGCCGACGTGCTGGACTCTGCAAAAGATGCTGTGATGGTGATTTCCGGCCCGGAGGCAGCCGCCCAGCCAGAGCCTGCCAAAAAGAAAGAAACTGCTTCTTTTGCCTCGAATAAGAAAGAGGCTGAGAAAATCGTTGCAACTAAAGAGAATCAGAAAAGGGCGGCCAAAAGCGTTGAAGACGTTATAAAAAATAATCGTAAGCAGGTCGTTAGATACAGGTCTTATGAGGTTAAGAAAGGCGAGAGCCTCAGCAAAATTGCTGTAAAGATATACGGCAAAGGAGACCTAAGCGAGAAGGTGGAAAAGATTTACTCGGCAAACAAGGATGTGCTGAAATCCAAGAACAATGTTATTGCAGGCCAAGAGCTCAAGATTCCGCCGGATAATGAGCTTTCTGATTCTGACAGTCTCAAAAAGCTTGCGAAAAATCATTCCGGCAGCCTCGAATACACACAAGCAGGCTCTTCAAAAAGGACCTACGTCGTAAAAGATGGAGACAGCCTCTGGAAGATTGCCAAGAAAAAGCTCGGAAAGGGAAGCAGATATCGGGAGATTATCAAGCTCAACAAGGATAAGGTCTCTAACGATAAGACCCTCAAGCCGGGAGTTCAGATCCTTTTGCCGAGCTGAGTTTGCGCGTTAAATGTTTTCCGCAGGTTTTGGGATATAATTATTATGCGG
NZ_CP021023.1_gap58	2427838	2431610	3772	GGAGGACTTCCCAATCATATAGATGCAGGGGCATATCCCGAGCTTGTGAAGCAGTTTTCGATTGGTATTAAAAACGAATACCCGAACATAAAGCTTATATGCAACTATATACACGGCCTCACGCATTGGACAGTCAAAGATCTTGTCCGAGATTACGGGCAGTATTTCGATGTGATAGACAAACACCTGTACTACAATACAGGCGTTTGGGGCGAATATTCGCGAAATGATTGGCTCAATGATTTTACGGTTGACGGGTACAAATCAGAGATAGACAGCTTCCATCAGTTCTGCAAAGATACCGGTAATGAGCACATCCAGCTTGGATTTATGGAGTGGAATTTCGGCGGCTCAGCGGGAACCAGCAGCGAGAACGGGAATTTCTTCGATCAGGCTATGGTTATGTCTGAGATTATGATGATGTTCATTGAGAAAAATGTGGATATGGCATGCGTATGGCCTATTTACTGGCCCGGGACCGGCAGAAATCTCGTCGAATTCGAACCATACAAACACAGGCCGAGCTTCACTGCGATGCAGATGTTCAAGGAGATTCAGGGGCAGGAGGTGCTTTCTTTCAGCTCAGATGCTCAGAATGCTATTGTGTTGGGGGCACATGCAAAGAGAAGCGAGACAGCCAAGAATCCGAAAATAGTAATTCTTGTCCTCAGCAAAGATACCAGCGAGAGCAGGGATTTTACGATAAACCTTGGGGATATCAGCCCGGAGTTTGTTTCCGGAACCTCTATTGCAGAGGGCGATAACGGCTGGCACAGGTCGGTAAGAATGTCCCCTTCTTTGAATCAGGATAATCAGATCAGCTTTAACGTCCCCGGTCTCTCGCTTACCAAGATAACAGCAGTTATGAGCAAGTCGGATATAAATGCTGATTTAGAGGTGGATATCGAAGACTTTATGCTCCTCGGCGACGAATGGCTCTCTTCGCCGGATAATGTGTTCGCAGACATCGCCCCAGCTCCATCTGGTGATGGATTTGTAGATATGATTGATTTATCCGCATTTTCGGGGCAATGGCCGGGATTTTATAATAACCTGTTTTGCTGGTGGGAGTTTGAGCAGGCAGCAGGCCAGGAGGCAGGCGATTCAAGCGGGAATTCAAGAATTGGAACTCTTTCAGGTACAAACTTTCAGGATAGCTCTGTGCGGGGGATTTCCGGCGATGGCCTTTATTTCGACGGAGTTGATGATAAAGTTACATTAGATTTAGCCGGCAGCGAGTGGCCGGAATATACGGTAAGCTTTTGGGTGAAGACATCGCATTTAGGGCAGGCCAATTACAGCGGCTTATTCAACACAAGCAGCAATAATAACGCAAATACCTTCCAGATTGATGTTGACGGCGGGAATCCGGGCAGCTACAGGTATCACGGCTCTGCAGACGGGATAATCGGCACGGTGAAAGATGACTGGACGTATATTGCGGTTTCGTTCAGCAGCGGCTCTGCCGATCTCTACTATAACGGCAGTTTCGTTCGAAGCGTCAGCGCCGGCGATACGCAGATAGACAGGCTCCAGCTTGGCGTTAATCGCAGCGGGCATTTGCCTTTCGAAGGCATAATTGACGAGTTAAGAGTGTATGATGATGCCTTGAGCAGCGGGGAAATACAAGACTTGTATCTTTCACTACTGCCGCAGCGATAGTTGAAATTGGGGACAGTTAACTATTTAAGTAATATAAAATCTTTTACTTAAGCGAGATATGAGATTTGGTGGCTTGGGGAATTAATTTGTAACTGTGTCCCCCTATTTCGTTTCCTATTCTCCAAGCCAGTTTTCGCTGAAAATGAGCAAATCTGCGATGTCTATTTTTTCTCCGCTATCGCCTTCAATATCAAGATTGCAGGCTGCAGTCCAATTTGAACCGCCAAGCTCGCTTAGCCAGCAATCAGCGAAAACAGCAAAATCTTCATAATCAACAACTCCATCGGAATTGAAATCTCCGACCAGCTCTTCTGGCTCTTCGCCGATTATAATATCATCATAAAGCACACTGTAATTTCCTACAGAAGAAGGGATGCTGTGCCCAGACAGCCCAACACCCTCAAAGTCGTCTCTATTAATTCCGCTTAACCCGTTTTGAGCATCTACGGTAATATCAACTCCGCCTGTACCTTGAATATTTAGCGACGAAGTTTTTTGCTGCCAATTGATATTGTAGGTGAGGGTATATGTGCCGCCACTTACAAAATTGCCGATTGTAGTGAAGGGGTAAGAATCGTAATTTACGTAAACTATCTTGTAATGAGAAGGACTAACCGATGAGCCGTATGGCTTTTGCAAATCAAAATATATGTTTCCAAGCCTGGAACCAATGGCATTAGCTCCTGTAAATCTTGCCCTGCCCAAACCGACATAGCCATGTCCATAATTACTCGGACTGTATGAAGGCACTCTTAATGTTAAAGTAAAAGTAAACTCATCGCCTTCGGGTAAGTCAAATGGATATGTGCATATCGTTCCCGAAGTTGTCGAACCGCCGCCGCCCGAATAAAGTGACTGAGTGCCGAAGACAGGACCAACATCTGTGATCCCAGCATTTTCCGTTCCAGCAGTCCAAGGCGCCGGCAAGCCTTGAGATGCCGTATAATGCGGCGGCTCAAAGTCTATAATTTCAAAAGAATACGCATTTACCGAAAGCAGTAAAGCTGCCAAAAACACTGAAATAGTAAAACACCTCATAACTTACCTTTCGACTTTAATTAATTACTAAAATATACAATTTATCTTATTTTTTATTCTACCAAATTTAAAAACGCTTTTCAAGAAAAATTTTGGCTTTTCGCGCATTTGTATGCAACAATTTTTTTGGGCAAAATGTAAATCATCATGCTGCAATGCTTTGCAGAATTTACTGCTATTTATTTACTGAGCCTGTCCGCCGAAGGCGGATTCATGAGTGGCTCAGTTTAAATATTTCGTATCGTCAAGTCGCTGCGTAATACTAAAGACAATCAGAGCCGTGCGTTGAGTCCGCCGAAGGCGAAGAGCCTTTCCGCCGGAGGCGGAAAGCAAGCGGATAGATTTTTGGCTCGTGGCAAGTGGCAGAGTGGCAGAGTGGCAGAGCTGCAAGTCCGCCTGCGGCGGGTTGCTCGTTGCAAAATCATTAGTGAAAAATTAGCGCTGATTAGCGGCTGCCTCTCATATTCAAAAATCCCTGTGCAATCCGTGTAATCTGTGGATTATATATATTTCCCCTGCGTCTGTCCGCCATTTCCAGATAAATTTTCGTCTATTCATTTTTGTCCCTTTTGATCTGGTCAAAAGCTTTGGTGATAAAGTCGAGCATTATCGGCATTGCATTTTTTTCAGTTTTCCGGCTCTGATAAAAGAAGCCGTGTCCCAGCCCTTCGAAAAGTTCGATCTGTACATGGGAGCCCTTTTGCTTTAAGGCTTTTGCAAACCTGACGGCCTGCAGATAATCTATGGTAGTGTCAGCGGTTCCATGCATAAGCAGAACGCGGGGAGGTTTTTGGGGGATGTTATAAATTGCGGAGGCGTTTTTTTTGTCTTCGAGGGTTTCTATGCCGTAATTTTCACATGTTTTGCCGAATCTGCCCTGGCCTACGTCAACCAGATCATAGAGGCCGCAAAGTCCTACGTAAACTTTGATGTCGGGATTTTTCTGGGCAAATGTGGAGGAAAGCTGCGCGCCGGCCGAAGCCCCTGCCATTGCGATTCTGTTTTTATCGAAACCATAGGTTTGGGCATTATGCTTTACCCATCTAAGAGCGTCGGCGATATCGGAGGCTGC
NZ_CP021023.1_gap59	2462232	2463246	1014	ATGCGCCTGACAGGGAAACGCAGGTTCTATCGAAGATATGCGAGCTGAATAAGGGGCCTCTGCCGGATAAAACTCTCGTGGCAGTATGGCGTGAGCTTATGAGCGGGTCTTTCTTCATTGAAAGGCCTCTGAGGATATCGTTTCTCGGTCCGGAAGGGAGCTATTCGCATCAGGCTTCGATGAAGAAATTCGGGCAGAGCGTGGATTATCTGCCGCTTGCAGATATCAGGGGTGTTTTTGATGAGGTTGCCCGCGGTCAGTGCGATTTCGGTATGGTGCCTGTGGAGAATTCCTCGGGCGGAGGCGTTGTGGAAACGCTTGATGCCTTCCTCGAAACCCGCATTATGATCTGCGCAGAGATGGAAATGCCCATACACCACAACCTGCTCGCAAAATGCAGGCTTGAAGAGATCGAAAAGATATACTCAAAGCCCGAGGTGTTTGCCCAATGCCGCAACTGGATTACAGAAAACCACTTTGAGGGCAAAATAATCACCGAGGCCTCTACCGCCAGGGCAGCAGAGCTTGCCGCACAATCAGATAATTGCGCAGCTATAGGCTCTTCGCTGGCCGGCAGGATATACGGGCTGAACGTGCTTTACGAGAAAATCGAGGACAAACCGGATAACGTAACCCGCTTTTTGATTATCTCGAGCCGAGATACGCCCAAAACAGGCGACGATAAAACGGCGATAGTTTTTACAACGCCTCACAAACCCGGGGCATTATTTGATGTGCTCGGTGTGTTCGATAAATACGACATAAACCTGACAAGAATAGAATCTCGCCCGAATAAAACGAGGAACTGGGAATACCATTTCTTTGCAGATATAAACGGGCATAAGACCGATGAGAATATTATCAAGGCGCTTGAAAAACTTCACGACAGGACTATACAGGTTCAGATACTCGGCAGTTTCCCGAGGTATACAGGTGAGACGGATTAGTAAACAAAACTTTACAGATATGAATTTTAAAATAGATAAATGGAGCAAATTATAATGAGAAAACCAT
NZ_CP021023.1_gap60	2611739	2615275	3536	GCACTTCCGGAAGCAGGGCCTTGAAGCGGTAGTCTCCCGGCTGCCAGCTGTCCGGCCAGTTCTCCGGCAGCCTTGGCACTTCGAATTCTACAATCTGCTTTTCGGGGTTGTTTCTCGCAGGACGTCCTCGAAGGGTATAGGGCTTTTCTCCCTTAACGCTCGACTGACACGCACTGCATACAAACCAGCGGTATTCAGCCTCGGGAACAATCTTGCGGGCTTTGCTTGTAAGCTGCCTTAAGAGCCCTTCGGCTGTGCCGTTTTCGATATCATCGTTGTAAATCATATCGGCCTTGGAAGCCGCAAACGCGACTTTCTCAAGCGGACGCTGCCAGAATTTTATCGTGCTTGCCAGTTTTCTTCCGATTGATGAGTCTGGGCGAAGGGTCTGGAAGAGGTCTTGGAGGATCTGCCGATTATCATTATACTGCCCAACGCCTCCTGCAAGCAGGGTTGGCAGGTCTATCAGCACAATCAGCTTCCTGCACTTCCCGAGCTCTCGGTACAGCGGCATCACCACATTTCTTCTGTACAGCCTGAAATTCTTGTGCATTCTCTCTGCGTATTCGGGATTTTGCTCACAGTATTCTCTGCTCAGCGGAACGAATTCGCTGTCAAAATCCAGCCCGGAAGCTCGCTGAGAGGCAAGCTCGTTAACAGAGCCTTTTTTTGCCGTTATCCCTTCTTTGCTCAAGAGAAACGTGGAGGGGGTAATCAGCGGCTTGAAATTCAGGATAAGCCGGGCGAGGGTAAGCTTGTATTCGAAGATTATCTCCTCCAGCGGGGCGCTTGGATTTTCAAGTATTTCAAAATACCCTCTGGCATCCTCAAAAAGGGATTTGTGATTTTTCAGATGACTTAGAATATGTTCAGACCACTTCCGGTAGTCTGGTACTGCAGCGATCGCGCTGTCTGCAATGCGCTCGCCCGGGAAGTCAAAGAAATTCAGCCTTTGCTTCCAGAATTTCCAGTCAGAACGCCAGTATTCACAGCTGTAGCAATAAGCGTCTGAGGTTTTCTCAGGCCAGCTTCCCCGCATAGCGAGAAAATCTCGGTATCTGTCCAGCGGGAACTGGCGGATAAAGTCAGATCTCGTTCTCAGCTCTTTGAATGCCTCGATCTTCGAATTGCCGGCAAATGAGAAGTCTGCCTGATCAAATTCTTCGAGCTGGGCGAGCAGGGATGTGAGAAACACCGTTTTTCCGCCTCTTGCTATTCCTGTAACCGCTATGTTGTCATTTTTGCTGAGAATCTTTTTCATATATGGAGCAATCAAACTGAAAGAATAATGCAAATCCGGAGGCTTCTCTGAGCCTCCGGGGGTTTTAAGCCGCTATTCTACAGTAATTACTGCTGAATCGGAAGAAAGATTTCTGGATTTTGCGGTTAATTTTATCTCTCCCGTTTCGCCCTTGTATGAACGTATTATTGCAAGACAGAGGCCGTTGAAGGCCTTCCTTCGGCTTGCCTGAAACGGTTCGTGGCTTGTTTGATCTCCGTTGCCCACAGCCGCAATCTCGCCGGGTCCTTCAATCTCAAAATAAACCATATTATCAGAACGGGGCACGAGTTTTCCAAGGTTATCAGTTATCTTAACTTTTACAAAGCTCAGATCGCTGCCGTCAGCTTTGATAGTTTTACTGCCTGCCTCAAGCTCAATCTTTGCCGGTTCGTTTGTGGTTGTTACAACCTCGGAAGCCCATTTCTTACCGTCTTTGTAGGCCACAGCTCTCAGCTCGCCTGCCTGATATTTTACTTCATCCCAAACCAGCCTGTACTGATATTCACCTTTCTTCTTTCTGCCAAGAGATGTTCCGTTGAGAAACAGCTCCGCCTCGTCGCCGGAGGTGTAAACGTGTACAGGGGTAATTTCGCCTTTTCTCTCAGGCCAGTTCCAGTGCGGGAGGATATGAACCATAGGCTTCTCCGGACGCCAGCGCGCCTGATAGATGTAGAAGCGGTCTTTCTTGAATCCGCAGAGATCCATTATCCCGAAATAAGAGCTTCTTGAAGGTGCTTTACCGCCAATCTCATCCATCTTCTGCTGCATAGCGATTTTTTCCTCTTCGCTCTGGAAGTTCAGCAGGTTGGTTTTGTCTTTGTTGTATGGGGTTGGCTCTCCTATATAATCGAAGCCCGTCCAGACGAATTCTCCAATACATTGCGGAACTCTGTCCTGCCCTTCAAATTCCAGATCAGGCCTGCTTGCCCAGCTTGGGGCATAAAGGTCGTATGAGCTTACATGAAACTGGAAAAAGCCCTGATCCTTTTTCTGCTTTACGGGGAAGAAGTATTCGCCCATCGAGCTTACACATGACGCTGATTCAGAGCTGAGGAAGGGCATATTGGGGTTTTCTTCTGCGAATTTTCCGTAGATGTGCGGCTTGTAGTTGAATCCTATGATATCGACAGTTTTCTGAAAGCCGTTAAATCCCGATTTCCATGAATTGCAGCCCACTGTTACTGGTCTTGTGGGGTCGAGCTCATGAAATATTCCCGTCAGTTTGCGGGAAACTTCTCTGCCTTCCTCTCCCTGACGCTGCTCTTTTACTTCATTCCCTGAGCTCCAGAATATCACAGAGGGGTGGTTTCTGTCTCTTCGGACAAGGTTAGTTACGTCTTTCTTATGCCATTCTTCGAAGAACCTGCCGTAGTCGTTTTCTGTCTTGCCTTCTTCCCAGCAGTCGAACGCCTCATCCATCACAAGAAAGCCCATCTCATCGCAAAGCTCCAGCAGTTCCGGCGAAGGCGGATTGTGGGCTGTTCTTATGGCGTTGCAGCCCATTTCCTGCAGGATTTCGAGCTTTCTCTCTATCGCTCTTTTGTGTATAGCTGCGCCAAGCGGTCCTAGGTCGTGATGCAGGCAGACGCCTTTAATCTCTACCGGCTCATTGTTTATCAAAAGCCCTTCGTCGGCGGTAAATTTCACCGATCTTATCCCAAACTTTGTTTCATATTTATCAACCGTCTCGCCGTTTTGCCGGATTTCTGTAATAAGTGTGTATAGGTCTGGGCTTTCAACGCTCCATAGATGCGGGTCGGTTACCGTAAGGCTCATCTCGGTTTTCTCGGTTTCGCCGGCTTGAGCTTTTATTTTCCTGCTTTCAGAGCATACAATTTCCCCGCTATCCGGTGCTGCTATCTGATGGGTTATTTCTGCCCCTGAGTCTTTGCCGGCGGCATTATTTACATCGGTCTTGATTTCAACAATCGCTTTATTTGTCTGCACGAGCGGTGTTGTTACAAATGTTCCCCATATATCAACGTGCACGGGTTCTGTTTTTATCAGATATGTGTGCCGGTAAATCCCGCCGCCCGGATACCATCTTGATGAATCGGGTTTGTTATCAAGACGCACTGCAACAACATTTTCTTCGCCGTAATTCAGGTGTTCTGTTATGTTGAAGTAGAAGGAGTTGTATCCGTAGGGCCAGCGTCCTGCATATTCCCCGTTCACCCAGACCTCCGTATCAGACATTGCCCCGTCAAACATAAGGTAGATCTCTTTGTGCTTATCTTCTTTGCTCAGCTTGAAG
NZ_CP021023.1_gap61	2677397	2681602	4205	CAGTCGAGCCTTGAGAGCACTGCATCTCAGGTTAGACGGCGAAACCGTTGAAGTTCTTGAATCAGAACTCATCGAACACAGGCATCTGCTCAGCGCTCCTGAAGTGGGCGAAGAGCAAAAGGAGCAGTACGCAGCAGAAACTATAAAGAAATTCGCCTCCAAGCACGATCTGCGTGGCGAAGAGGTGGCAATATCAGTGCCTGGGCAGACAAGCTTTGCAAGGTTCGTAAAGCTTCCGCCTGTAGATAAAAAGCAGCTTACAAAGCTTGTGCGGCACGAGGCTGCTCAGCAGATTCCCTTCGACATCCATGAGGTTGAGTGGGATTATGAGCTTATGAGCGAGGAGGATTCTCCGGATACCTCCATTGGAATTTTTGCAATCAAGAATGAGCTTGTTGAGTCTATTCTTTCTCATTACACTGAGGCCGGAATTCGTGTTAATTATGTTCAGATGGCTCCTATGGCTATCTACAACTATGCCGCCTATGAATTCCCCGATGTGCTCAAGAATCCCGGCAAGGCAATAGTTCTGCTTGATATCGGAACAGACAATACAAACCTCGTAGTATGTTCCGGAAATTCGGTATGGCAAAGGTGCATACCAATGGGCGGCAACGATTTTACAGAAGCCGTATCAGACGCTTTCAAGATTGATTTCGAGAAGGCAGAAAAGCTCAAAAGGAATTCACAGTCGAGCAAGTATGCAAAACAGATATTCCAGGCGATGCGGCGAACCTACACAGAGCTCTCAGAAGAGATACAAAGGTCTCTGGGATATTATTCTGATGCCCATAAAGTGGATTTTGTGCGTGTTATAGGCCTCGGCGGGGGCTTTAAGCTTCAGGGGCTTGCAAAGTATCTCCAGCAGAGCCTCGGGATTAAGATGTTTATGCCTACCGAATTCAAGAAGGTAAGGCTCAGCTCAGGGGTTTCAGCAGCAAGCTTCCATCAGAATATATTAGATAACAGCGTGGCTTACGGCATCGGTCTTCAGGCCTTGGGCAAGGCCCCGATAAATGCAAATCTTCTGCCAACCAACGTAGCCAGAACTATGGCCTGGAAGCAGAAATCTGTTTATATGTACGCAGCGGCTTTCATATTCCTCATAGCCTGTATAGCAGCATTCGGAAAGAGCATGGCAGACAAAATTGCCTACAGCGCAAATCAGGACACAAGAAGAGAGGTTAGAGCTGTAATAGACAGGGCTCAGGATGCCATTAGCAAACTCGAACAGCAGAAGCAGAAGGACGAAAAGCTTGAAGAGAAGATCAGCAAGTATATGGATTACTTCGACAACAGGGATATTATACCCTCTGTTGTGCAGGGGATAGGCTTTTGTATGCCGAATGCCGAGAACAACCCCGAACAGTCCGAACTCTATGAGGCCTTCCAGAACGGTAATATTGAAAAAGTTAAACAGACTCCCCGCTCTGAAAGAAAGCAGATCTTCGTATCAAGTCTCGTTATTGATTATACAGACAGCATTAAAACCACCGCCTTTTCTGAAACAAGAAAGCAGACCGATAGAGGCGGGACAGACAGAACTGCAAGCCCGTTCGGCGGAGGCGGAGGCTTCGATCCGTTTGGCGGAGGCGGAGGCGGTTTTGATCCGTTCGGCGGAGGCGGAGGAACCATGGGCGGTATGCAGACCGGCGCAGAGGGCGAGCAAAGAACCGACGAAGAGGAAACAGAAGAAGACGGCCCCGGATTTGTGGTTGTGGTTGAAGGGTATTCGCCTTACAGCGAGATAGGCAAGATTATGGACCCTGTCGGCGTGGGCGATAACAAGGATAAATGGGGATTTGTTACACGTCTTGAGAATTTCAAGGAAGTTTTCGAAAGGTACGACATAGAGCTGTACCAGAAAGAATCCTCGAATCACTTTGAATATGAAACAGGCCCGGTTTCCCCCGAAAGCAGTGAGATGCCTGTAGGAATCGGGATTGAAAAAACTGTTGAAAGATTAGACCCTGAAGAAAGCAAGGCAAAGGCCGGCCAAGAGATACTTGAAGAAGAAACAGTTCTCATTGACCCGGTTACAGGGGAAGAGATGAGCAAGGTGGTAAAGACAGACCAGAGCGGTGTTATCCAATTCGATGACTACGGCGAGAAAGAGTATGTTATAAGAGACCACTGGTTCAAACTCAAGTTCAAGTTCCTTTGGAAGGATGCCCCCGAAGCCGACTCTGAAACAGAGGTTTCTGAATAATAGATGCTTAGCTGGAGAATTTAATGAATTTCCTAAAAAGATACTTAACCATAATCATCCCGTCTGCTATCGCTTTGGCAGGCCTTGTTGTCCTCGTGCTTACATGGCTTTCGAATTCAGCTTTGAAAGAAAAAATGCAGGACAGCGTTTCAATGGGTTCGCAGGTTCGCCGACTGTCCTCTCAAACGCCTTCTGCTGAGCAGTACAAGGTGGAGGCTTCTTATCAGAAGATGCATGAAGAAGATGCGGCAACAATTGAAAATATGTTCCTTCAGACCACTATGAAAGAGCTCATAAGCTATCAGATATTTCCCAAGCCGGACGATACTTCAAGGCAGCTTTTCACTGACTACTCCAAGCAGTACAGAGCAGCGGTTGAGAAGATGGTGGAAGATGCAGGCGGCGTTGATGCGCCCAGCGAGCAGGAGATAAAAAATGTTAAGGCTGCCCGCGAGAGAAGATCCAGAACCGAAGAGGGCGAGGATCCGATTGTTGAAGCCCTTTGCAGGAACAAGGCTGCTTCAAATCCGGTTTATATGAATCCCCGAAATTTCCCGTGGTACGATTTTTGGCATAAGTACGAGTTTGTATCTGAGAATATTGCCGTTCAGGACTGCTGGAATTCGCAGGTTGCTTTATGGGTGTATAAGGACGTAGTGAAGTCTGTTAAAACGGCAAATGCTGATGCCCAGAGCGTGTTTGCCTCTCCTGTTAAAAGGCTGCTTGCCGTGAGATTCCAGAAAAGAGCGGACAATGTTGATTACGTTTCAAGGGGGACAGGAAAATCCAAGATTATAGACGAGCCCTACTACGTTACTGAAAATAACAAGCCAATTCTTGTTGCCAGCTCCGTTACAAACAGGGTGGGCGATAACGAAACTCTGGATGTAATACATTTCAGCGTTTCTGTGGTAATAGAAAAGAGCAAGATACCTGAATTTGTAGAAGAGCTCTGCTCGGAAAAGATGCACAAGTTTTACGGCTGGGACGGGAATCAGCAAGAAAAAACCTATCAGGGCAATCAGATTACAATACTCGACTGGAGCTCTATGCCGATCATTCGAGATGACAGGGCACACGAATATTACAGGTACGGTGATAAATCTGTAGTACAGTGGACAGCTTCATGCGAGTATATATTTGCCCGAAAAGCATACGAAGAAATTATCCCTGAAAGCATTAAAACAAAAATGCAGGGCGAAGAAGATTAAAAGAAATAACCCTCTTAGAATTAACGGGAAGAGATAATGAGTAGATCTAAAGAAAGTCCTATAGAACGTATTGTGCATTGGATAGTGCTGGGTGTTTCAGCGCTGTTTTCTCTGGCGGTGCTGCTCTATTTTGTAATTATGGGGCCTAACACCTTAAAGTATGGTTCTCAGGAGGTTTCACCTGCAAACGTTGACAGAGAAATACTTCAGGATACCCAGACTATTGAGAATAAACTTGAATCCTCGCCGCAGCCGAAGACGCAGTATTCAGCAAAGCTGGATGATTTCAAATCTATGATGGACAGCAGCCTCGGCGGACTCGACCTCCAGCCGATTGGAGTGCCTGCAACAGATCTTGATGCGATTCAGGGAGACAGGGAGTATGCACTGCCTGATATACCTCGCCTTGCAAATCTCGAAGCTCAAAAGGTGCGTACAGTCGGTTTTATGCCTCTCAGCAAGCTTGAGCCGGCCAATGATTATTCTCAGGCTGAAGTAGAGCCGAGGGATATTGATGTTGTAACTCTGCAGGCAGAGTTTGATATTTCAGAGCTTTTGGCGAGCTTCAAAAGAACTTTCGCAGGCCGCGGAATCAAAGCCGAATGGCGAGACCAGACCCTTGCAAGCCCTGTTTTTGCCGGAATCGAAATGCAGAGGCAGGTTCTCACTGCCACAGGCTGGAGCGACTGGCAGACAGTTGAAAGGCCTAAGGTGGACAAGTATTCAGAGCTTATTCAGCAGGCCTATGATGTGCAGAAGGCTAATCAGCTCAATGTTCTTATGCC
NZ_CP021023.1_gap62	2683384	2684039	655	TGGTCAAGTATCTGTTCGTTAGTACCGGTTAGCTTAATGTATTTCTACACTTACACACCCGGCCTATCAACCTGGTAGTCTTCCAGGGAACTGTAGAACCCTAATCTTGAAGTTGGCTTCCCGCTTAGATGCCTTCAGCGGTTATCCTGTCCCGACTTAGCTACCCAGCAATGCACTTAGCAGCACAACTGGTACACCAGCGGTCAGTGCTTCCCAATCCTCTCGTACTAGGGAAACATCTTCTCAAGGTTCTTACGCCCACGGCAGATAGGGACCGACCTGGCTCACGCCGGTCTGAACCCAGCTCGCGTACCACTTTAATCGGCGAACAGCCGAACCCTTGGGACCGCCTACAGCCCCAGGATGTGATGAGCCGACATCGAGGTGCCAAACCTCCCCGCCGCTATGGACGCTCGGGGGAGATAAGCCTGTTATCCCCGGAGTACCTTTTATCTGATGAGCGATGGCCCTTCCACTCGGAACCACCGGATCACTAAGACCTGCTTTCGCATCTGTTCGAGCGATAACTCTCACAGTCAAGCACACTTATACCTTTACGCTCTTCGCATGATTGCCAACCATGCTGAGTGTACCTTTGTACTCCTCCGTTACTCTTTAGGAGGAGACCGCCCCAGTCAAACTGCCCATCAAGCAC
NZ_CP021023.1_gap63	2686847	2689750	2903	CGTAAGTTAATAATAAGTAAGACTTAAACCTGAAAGGGGAAAGAGATGTTTTACAGGATATTGATAATTACAGTTGTTTGTCTTTCGGCGGCATTGATTGCAGGCTGCTCCAAACAGTATAAGCCTGATGCCGAAAATGACAGGTATATAATAGACGATTTCTCCGGAGGGCAGAATAACTGGCGGTTTTTTACTGATCAGGTTATGGGCGGCGTTTCTGAGGGCAAAATGAGCATGCCGGAAGAGGGGAGGCTCAGGATGCAGGGCAGTGTTTCACTGGAGAATAACGGAGGATTCATTTTAGTCCGTAAGAAACTCAAGACTGATAAAGGATACTGTGATGCCAGCGGGTATGATGGCGTATGGATATCTGCGAGCGGTAACGGGAAGGATTATTCAGTTCACATCAGAACTTCTGTAAACTGGTTTCCATGGGAGTTCTTTAAGCAGGATTTTGAGGCCGGCGAAAAAAGCGAAACGCATTACCTTCCTTTTGAGGATTTCGAAAAATACGGGACGTGGAGAGGCTTTGATCCTTCCAAAATTAAATATATTGCAGTTGCGGCGGCTTTCGAGAAAATGCAGGCTGATATTGTAGTTGAAGGAATAGGATTCTACAGGGAGCAAGATATGTATAATGAACTTACAGAACAGGAGAAGAGGGTGATCTTGGAAAAGGGCACTGAAAAACCTTTCTCCGGCAAATACAACGACCACTATGAAAACGGGATATATACCTGCAGGCGCTGTGGGGCGGCTTTATATCGCTCTTCGAGCAAATTCAAAAGCGGCTGCGGCTGGCCAAGCTACGACGATTCTATCAAAGGAGCTGTGAAGGAGTCTCTTGATGCAGACGGGATGCGAACCGAAATCACCTGCGCAAACTGCGGCGGCCATCTAGGGCACGTATTCAGGGGAGAAGGCTTCACAGAGAAGAATACCAGACACTGCGTAAATTCTATCTCAATGGATTTTGTGCCGGAGAGCAGAATAGAAAGGGCTGTATTTGCTTCAGGCTGTTTCTGGGGCGTTCAGCACCATCTGCACAAGATTGACGGCGTGCTTGCTACGAAAGTTGGCTATACAGGAGGCGAGACAGATAATCCTACATACAAGCAAGTCTGCTCTGGAGATACAGGCCACGCTGAGGCGGTTATGGTAGAGTTCGACAGGGACAAGACAGACTACGAGACTATCGCAAAAATCTACTTCGAAACGCACGACCCAACTCAGGTGGACAGGCAGGGGCCGGACATCGGAGAACAGTATCGCAGCGAGATATTCTATTTTTCACAGCAGCAGAAGCAGACCGCAGAGAAGCTCATAAAAAGACTCGAAGAAAAAGGGCTTGATGTGGCAACTGAGCTGAGCAAAGCGAATGAATTCTGGGATGCTGAAGATTATCATCAACACTACTACAAAAAGAACGGCAAAACTCCATACTGCCACATTTATCAGAAAAAGTTCGATTAAATCAGCCGAAAAGCTTTCTTTCTCTTGGGATTTCGCAGTCGCTTCGGACAGGTTTTGTATTGATAAAAGGGCTGTTTTTATTAACATACCTCTCTGCGCCGCAGTTAAAAAAGCGGGCTGAGGCGGCGTGTTTGCCCGAATGCTCTGAAAGACTAATTAAGGGTTACGCGAAAAGGTAGTAATGACTGAAACTTTCAAAGAAAGCAATTATCTCCCGTTTGAAAAGGAGATAATGGAAATAGACAGGCAGCTCCACAAGCTCAAAGCAGAGAATGCCGAGAGCTCAGAGATATACAGTCTCCATAAGAGACAGGTAGAGCTGCTTCAGGAAACATACAACGAGCTCAGTGCGTGGCAGACAGTGCAGGTTTCCCGTCATCCGAATCGGCCTATACTAAGCGATTATCTCAAAAATATGGTTAAGGAATTCAGCGAGCTGCATGGCGACCGGTGTTTCGGAGACGATAAGGCAATAGTTACCGGATTCGGTCATATCGGTATGGAACGGGTGCTGATTGTTGGCCATAAAAAAGGGCGGGACGTTAAAGACAAGGTTGAATGCAATTTCGGCTGCGCAAATCCGGAAGGATACCGCAAGGCGCTGAAAAATATGAAGCTTGCGGCAAAATTCGGCGTCCCTGTTGTAACACTGATCGACACTCCCGGGGCTTATCCCGGTATAGGGGCAGAGCAAAGGGGGCAGGCTCAGGCGATAGCTCAAAACCTTATGGAATTAGCACGCCTTCGCACGCCTGTTATATCGATCGTCATTGGAGAAGGGGGCAGCGGAGGTGCTTTGGGCATAGGCGTTGGCGACAGCTTCGCTATGCTTCAATACTCCTATTATTCCGTTATATCCCCCGAGGGGTGCGCAGCTATCCTTTGGAGAGACGGAAGCAAAGCCGACCAGGCAGCAGAAGAGCTCAAACTCACAGCGAAAGACTTAAAGAACCTCGGCGTAATACAGGATATAATTCCCGAGCCGCTCGGCGGCGCGCACAGGGATAAATACACCGCTATTTACAATGTTGAGAGTTTTATCCTAAGCAAGCTGAACGAACTTAAATACAAAAACATTGACCAGCTGCTCGAAAAAAGATACGAGAGAATAACTTCAATCGGGCAGCCTTCACAGTTTTCATCGGCAGGCGAATGATGGATGTCAAAGAGAATAATGAAGAGCTGGTAAGGGAAGTGCTTTTTACCGAGAAACAGGTAAACCAGGCAGCTGATCGCTGCGCTGAATGGCTTGGCGGGATAATCAAAACTCAGAGAGGCGTTTTGGTTTTTTATATGCTCGAGGGGTGCAGGACGTTTGCTCAGATGCTGGAAAAAAGACTGCTCAGAGCGGGGATTGAAAAAGAGCTTATACCCATAAGAACTTCAAGCTACCAAGAAACCACTCAGTCCAGCGAGGTAGTGAATATTGA
NZ_CP021023.1_gap64	2827492	2828040	548	CTGATCTTTCCCCTTCAAGCTCCGGTATGTCTCTGCTCGCAAGCACCTGTTCCTTGCCGCTGTAGCTCTTAATGAGAAACATTTTCTGCTTCTCTAAATCCACCAGCCCCCTGTAAACCCGTCCGTATTTCCTGATGCTCGCTCCAACTTTGAGCGTATCCCCGCTCACTTGAGCCTGATATTCCATCTTCAAATCGCTGCATATTTCCCCCGGGTAGGCGGGTGAAGCGTTATATGCGTAGTATGCGCCGAAGCCGTTGCCCGTATCTGAATCATATTGGAGCTCAGAGATGCCTTCGCTGGAGCAGGATATTATTCTGCCTTGCCGCGAATAGCTCCAATTTCCGCCTTCCTCTTTAAGCGGCCTTTCCCATTTGGCTCCGTCCTTGCTGAATTTCGGCTGATCAGGTCTTGCGGGGAGAAAATCGCTGCTGTAAACCGGCATCCACATCTCCTCTAAAACCCTCTCGGGCTTTCTTGCTATCTCCCCGTCAATGAACAGATCCCCGTCGTAGAGGTGTATGGTTTCCCCGGGAAGGCCAACAAGC
NZ_CP021023.1_gap65	2866926	2867669	743	ATAAGCCCTGTTTTCTGGCTGATTTTAAGGAAGAAATCTTCGTTGCCCACAAGTATTGTATCACCCTTGGTTTGATATTTGAGCTCGGGGAATTCTCCTGAATCTATTGTTTCAGGTTTGAGGTATTCATCCAGCCTGAACTGCTCGAGAGCCATTTCTGTGCCTGCGGGAGCGTAGGGTTTATCTTCCTTGAGCACAAAACCCACATTTACAAAATATTCCTTGCCGTAGTCCGGTTCAATATTAGGTACTTTCAGGCTTATTTCCTTTGTCTGCTGGGCAGGGATGTCAATATCAAACTCTCCTGCAGCAAGCTCCTCGCCGTTGATTGTAAGAGACCACTGGCCCTGATATATCTCATTGAGGTTTGTAAAGTAGAAGCGGTTTTTCACGCTGAACTCGCCTTCCGCTGTATTCACCGGTTCAACTTTAACATTCTGCTGCCAGTATTTCAGGTGATGAAGCCCGGGCTTAGGTTCGCAGCCTGAATCTACAAGTCCGTTCATGCAGAAATCGCGGTTCGTATGTACGTCCCGCTCATCTTCCCACCAGCCGCCGTATGCGTAGAATTCTTCAAGTCCGGAGCTGTTGCGGTATTCCTCGGGTACGGGCTGAGTGAGTCCCTGGTCCATCCAGTCCCAAACGAACCCGCCCTGAACTCGGTTGTTTTTGTAGAACTTAGCCCAGTATTCTTTCAGAGTTCCGTTGCTGTTGCCCATAGCGTGCGAATATTCGCAAAGAAG
NZ_CP021023.1_gap66	2920409	2923368	2959	TGTGCTTCAGCCTATCTACGACAGAATTCACCTCAGCTCGCTTGGAAGCCCAGGTTTCTATAAAGAAGCAGGCGAGAAGGTTGGATTCAAGTTTGTGGATTTCGAAGACCATACATCACAGCTGCCTACACATTACGGCAATGTCCTCAAGGAATTTGAGAAAAGAGAAGATGAGCTCAAAGGTATCGTAAGTGAGCAGTACGCTGCTAATATGAAAAAAGGCCTTCGTCATTGGGTGGAAGGCGGAAACAGCGGCCATCTTGCATGGGGCATATTCCTTTTCAAAAAAGTTTAATTCTCTGATATAAGAGATTCCTTTTCAATTGAGAACGCTGCTTTAATAGGCAGCGTTCTTTTTGGTATGACCTGAATTTTCAATAACTTGTAGGCGTGAAAGCACAAGGCTATTCGGATAATCAATAGCATCCTGCCTGATTAGTATCTTGCTTCCATCTCTCCTGCGCAGCAAAGGGCAATTGCCGAAGCATCCGCCACATCCGCAGGTTTGGGCGGCTCTGCAAGCCCCAGCACAGACTGCAGAGCCTTCTGCATCTGGTCTTTTGTGGCTCTGCCGTTGCCGGTAAGCGATTTTTTGATCCTCGTTGCTGCATACTCAAGCACGCGGATATCTCTCTTCCCAGCCTCCAGAAGGATTACTCCTCTTGCATGCCCCATAAGGATTGAGGTTCTTGGATGCTTGTAATGGGCGTAAAGCTTTTCCACAGCTAAAACATCCGGCACAATTGATTCTATGAGGTTTGAGATGTCTTCAGATATCTGGGCAAGGCGTTTTTCAAGGGGCTGGTCGGTTTTTATCCTTATTGCGCCTGCCTCTATCAGGTTAGTGTTAAGAATCCCGCCCTGCACGGCGGCATAACCGCAGATGCGCAGCCCGGGGTCTATTCCAAGCACCTTCAAACAATCACCCCGTCCTGAATCGTTACTACCCTGTCAGCCATCGAAGCAATCCTTTCATCGTGGGTAACGAGCAAGATGGTTTGTCCGGTTTTGTGGAAGTCTTTGAGAATATCGAGTATTTCCGTTCCCGTATGCCAGTCGAGATTTCCTGTGGGCTCATCGGCAAGAAGGACGCTGGGATTGTTTATAAGAGCTCTGCCGATAGCGGCTCTCTGCCTTTCACCTCCGGATAGCTGGGAAGGCCGGTGTTTGAGCCTTTCGCTCAGCCCGAGCCTTTCGGAAAGCTCCCTGCCTCTTTTCTTTGCAGATGAGCTCTTTGCCGCCCAAGCAAGTGCAGAACAGCCTGCCATCGCGGGAACCAGAATATTCTCCATTACATTCAGCTCTTCAATGAGGTGGTAGAACTGAAAAACAAAACCGATATTCTGATTTCTGTATGAATCGAGCTTCCTGCCCGAGAATCGGCTTATCTGATCCTGAGAAAAATAAACCTTGCCTGAATCGGGCTTATCCAAAGCCCCGAGGATATGAAGCAGGGTGCTCTTGCCCGAGCCGCTCGCCCCCACAATTACTACAAACTCGCCCTCCTTAACGCTTATCTGTGCCCCTTTTAGCACATCAATCTGAGACTGCCCTAGAGAGTAGCTTTTGCAGATATTTTTGCAGGAAATAATCTCTTTCATTTGCCGCCTTTCGGGCTGATTCAGTCTTTAATGCCGAGGTCTTCTTTAGTTATAATGCTCGCAAATTCAAAGCCGGCATCCTTTATGTTCTCCTCAGCTCCCTGTTTGCGATCTATCACTGCCACAATCTTCTTCACCTTCGCTCCGGCCTCTCTTATCACCTTCGCAGCTTCGATCACCTGCCCGCCAGTAGTAGCAATGTCCTCCACGAGCAGCACCACGTCGTTCTTGGTTATCTCTCCGCCTTCTACGACATTTCCTGTTCCATAGCCCTTTTTGCTGTTGCGGATTATTACCCACTTCTTCCCGCTGGCGATAGATGCAGATGCCGCCAGCGCAACGCCGCCGAGTTCGGGGCCCGCAATCATAGTAACATCTTCATCTGCATATTTGGCAAACTCCTCCCCGAGAGCCTTCAAAATGTCAGGACAGGCCTCGAAGAGATATTTATCGAGATAATAATGGCTTTTCTTTCCGCTTCTGAGGGTAAAATCGCCCTCAAGATATGCCTCTTGTTTGATCCTTGCTGTGAGGTCTTGTTTATTCATATTTTGCTTCCTGTTTTTTATTCCTTAGTTTCGTTTATACTTTCAGCTCTGCCGAACCCTTTAAGCTGTCTTTATTGGCTTTTCTAACAGGCTCTACTGCCTTTTCAATTAATTCATCAACCTGCTCCGGGCACCTGCCGATATAAAGAGAAGGCTCGAGAACTTCATTTAGATTTATATCTTTGAAATCTTCGTCTGCTTTGAGCCTTTCGAGTAAATCGTTGTTTCCGCCTTCATTTTTCACCCTTTCAGCTGCCTGCTGGGAATACACCCTTATCTTTTCATGCAGCTGCTGTCGGTTTCCGCCCGCCTTCACTCCCGCCATAAGGATATTTTCTGAGGCCATAAATGGAAGCTCCGAATTGAGCCTTGCCTCTATCACCTTAGGATACACAACAAGGCCGCCGGCAATATTGATAAGTATCTCAAGGATCCCGTCAACAGCGAGGAACGCTTCCGGAAGTACCAGTCGCCGGTTTGCAGAATCGTCAAGCGTGCGTTCAAACCACTGCTCGCCCGCAGTCATCGCAGGGCTGGATGAAAGGCTCAGAACAAATCTGCTAAGCGATGTAGCCCTCTCGCTTCGCATCGGATTCCTCTTGTATGCCATTGCAGAGGAGCCGATCTGATTCTTGCCGAAAGGCTCTTCCATCTCCTTGAGATTTGCAAGAAGACGTATATCGCTGCACATCTTATGGGCAGATTGAGCGATAAGAGCGAGAGTATTAACTGCCATCGTATCGAGCTTTCGCTGGTACGTCTGACCGGTAACTATGCAGCTTTTATCGAATCCGAAGGCTCTGGTAACTT
NZ_CP021023.1_gap67	2924594	2926385	1791	AAAGACATCGAGAAAATACTTTCCGTTGAAAACGGCTGCAGCGAACAGACCGAAGCAGAAATGAAGTTTAAACAGGCCGAATTCTACTGCTGCCTTGAGGATTTTGACAAGGCTTGCGGAAAGCTTGGTGAGCTGATAAACTCCGATAAAACCCCTTTGCCTATTATCGTGAAGGCGATTATACATCGTGCTGAGCTTAATGAAGATCTAAACCGAACAGACTCAGCAAAGGCCGATTATCAGAGGCTAGTTGATATGGCAGATGAAGTTACAGGCCTTGCAGACATCTCACGAAACGCTGCTCGGCGAATTGAAGAGCTTGAAGAAAATGAGCAGAAGCCGGGATAATCCGGTTTTTGATAATCAGGCCGCAGGGAATATTATGGATTACACTGAAGATTCTATAACTGCATACTTTGCTCAGGCGAAAAATTTGAACTCAGACAGATTCCCAATAGGGATTGGAGATGATATGGCGCAGATGCAGCTAGAAAATAGTAACGCCCTTATTTCCACAGATATGCTGCTGGACGGAAGCCATTTTGATACAGATATTCACAGCCCTGAAAACATAGGATACAAAGCTGCGGCTGTCAGCCTAAGCGATGCAGCTGCTATGGCGACAGTACCTTTTGCAATGGTTGCAAGCGTGGGGATTCCAGACTGGTGGGGCGCTGAAAAGCTCAAAGAGCTCCATTCGGGGCTTCTAAGGGCATGCAGTTTGTTCCAGTGTTCGCTCATAGGAGGCGATATAACAAGCTGGCGGGCAGAAGGAAAGCTTGCAGTCTGCTCTACTGTAATATCTCGCCCGGGCGTAACAAAGCCTCTGGAAAGGGGCGGGGCAAAGCAGGAAGATTTGATTTGCGTTACAGGTGAGCTGGGAGGCTCGCTCGAGGGCAAACATATCAATTTTACGCCTAAAGTGAATGAGGCGCTCTGGATAGCGGAAAAACTTTCGCCCACTTCAATGATGGACATAACAGACGGCTTAAGTACCGATCTGCACCGAATTCTGAAAGCCAGCGGGGCAGGTGCGATACTGGAATCAGAGCTTATTCCTGTATCGAAGGCTGCAAAGGACAAAAAGGAGCCTCTACGTGCAGCGCTGAATGACGGAGAGGATTTCGAACTTCTATTTACAATTCCGGAAAAGAACAAGAATTTAATAAAAAACGCAGACTTCAAGATATCAGTAATAGGAAAAATCGCTTCTTCCAACGGGCTGTTTATTAAAAACGCTAGCGGACAAACAACTGAGCTAAAACCAGAGGGCTTTGATCACTTAGGTTAAATTATGATAACATCAAGCGTTGCGGAAACTATCGATATAGGCAGAAAAATCGGCAAGCTGCTCAAGGGAGGAGAGATATTCGCTGTTACTGGCGATCTGGGAGCAGGGAAGACCCACTTTATAAAGGGGATTGCCAGCGGCTGCTGCCAAGAAGCAGCGACGGAAAAAACTACAAGCCCAACGTTTGTTCTGGTTAATGAGTACGAAGGCCGCCTGCTCATTTATCATATCGATGCCTACAGGTTGGAATCTGAAAAAGAATTTGAAAATCTCGGTTTCGACGATATGATAAGTGAGGATTCTGTAGTATTGATAGAATGGGCAGATAAGGTGGCCGGATGCATCGCAGATACAAATCCGATAAAAATTGACTTGAAGCATATCAGTGAGACAAAAAGGCAGCTCAGCTTATCTAATCTGCCGGATTACATATCGGAGAAGCTGCACGATATAAAATAAATTTTGTAATTAGTGTTTCCCGTTTCGGCTTTAAAACAGGG
NZ_CP021023.1_gap68	2970250	2973480	3230	TCTGCCATCTTGTTCTCTCCAGCACAAGCTCGCCTCTTTTCCCGTCCCAGCTTTCAGGGATTGTGATCATTTTTTGATACCACGCAGGACCCAGATAATGTTTCCGCGGTTGAGCAAGAAACGGCACCTTCACATCCCCGCGGGCAAACTGCCTGAATTTTTCCCGCTCATACCAGTATCTGTCATAGAGCGAGATAACCCACGGCGTGTCTTTGCTTATGTCGTTGCCGTATCCCTGATTCTGAAGTATCCCGGGAAGCCTTATTTCCTCCTTAAGCTCCTTGCTGAACCATTTTTGTTTGATTCCTGCATCTTTTCGATCTAAGGCAAAATCCCATGTTCCGCTCAGCGAAATCCTCTCGCTGCTCTTAGCGGAAAGGGAATTTATCAAGCATAAAGCTAATAGAAAAGTAATTACCTTAAATATTCCTGTGTTTGCGTGAGTATTCATCATTATTCCTTCACTTGCCGGCACAATTAAATTATGTTAGCTCTCAATTTTCCTCGCAGAGAATTCTAAAAGTTTACCAATTTAGAGTAATACGCAACAAAAGACGTAAAACAACCCATAGTTGCGACAATAGTTTGTTCTTTTGCGACAATGCATCGTGTTCCTTCCTCTTGCATACCGAATCTTGTGTCGCAAAAAGACAAAATTATGTCGCAGCAATGGGTTACGCTCCTCTCGTTGAAACGCTAAAATTAAAATCAATATTTTCAATAATGGTATTTACAGTATAAAATAAAGGTTATTATGAGCAGTAATATCGAGACTGAATACAGAATCGCCAAAGAGCAGTATGCTCATTTAGGAGTTGACACCGAAGCCGCAATTGAGACATTAAAAACCATACCTGTTTCGATGCATTGCTGGCAGGGGGATGATGTAGGCGGTTTTGAGCATACCGGTTCAGAGCTTTCCGGAGGCATTCAGACCACCGGCAACTACCCGGGACGCGCAAAAACAATCGACCAGCTGCGCAGTGATATAGAATTCGCAATGTCTTTGATCCCGGGCAAACACAGGCTGAACCTACACGCCTTCTACCTTGACAATCTCGGCACCAAGGTGGACAGAGATGAGATTGAAGTGAAGCATTTTGAGAGCTGGGCAGACTGGGGCGAAGGCAGGATTGGCGGCATTGATTTCAACCCCACTTTTTTCGCTCACAAGATGTTTACCGGCGGGCTCACTCTCAGTCATCCGGATAAGGCAATCAGAGACTTCTGGATTGAACACGGAAGAAGATGCCGCGAGATTGCCGCATATTTTGGAAAAAGGTTTAGCTCCCCCTCAGTGAACAACTTCTGGATTCCGGACGGTTTCAAGGATATACCCGTTGACAGAACAGCCCCGAGAGAAAGGCTTATCCGCTCGCTGGATGCCGTCTTCGAAAAGGATTTGCGTAAAGAGCTGATTCTCGATTCCGTTGAATCTAAGCTGTTCGGCATCGGTGCTGAGAGCTGCACTGTCGGCTCGCATGAGTTCTATATGGGCTATGCTATGAGCCGGGGGAAGATGATATGCCTTGATTCAGGGCACTATCACCCAACCGAGATGATATCCGAAAAGATCTCAGCAATTTTGATGTTTTATGATAAAATGCTTCTGCATGTAAGCAGGCCGGTACGCTGGGACAGCGACCATGTTGTAGTGTTGAACGAAGAGCTGGTTGAAATCGCTCATGAGCTTGTGCGCAGCAAAAGACTCAGCGATATACATATCGGGCTCGATTTTTTCGATGCAAGCATAAACCGCATAGCGGCGTGGGTGATAGGCACGCGGAATATGCTCAAGGCGCTTCTCTTTGCGCTTCTTGAGCCGACAAAACAGCTCCAGCAGATGGAGTATGAATTTGATTTCACCTCAAGGCTTGCATACAAGGAAGAGCTCAAGACAATGCCGTTCAATACTGTATGGAAGTATTACTGCGAGCAGATGGGTGTTCCTGCCGGCATAGACTGGCTTGATGAAGTAAGGAAATACGAAAAAGATGTTCTCGCCAACAGATAGATCGATGAGGCCAATATGATTCTTGAAAACTTTCTCACTGAGATCAAGAAAACAACTGCCGATTTGTGGCATAAAGGATGGACTGAAGCCAACGGCGGGAATATCAGTGTCCGCGTTGATAAAGCCGTGCTCGAAGAGATAGACCCTGCCGCAGGTCAGTGGGTGGAGCTTCCCAAAAAGTGCCCTAAGATTGCAGGTGAAATTTTCTACGCCACAGGTACAGGCAAACACCTCCGCAATGTTGAGCTTTCCCCTTCAGCCAACGGCGGCTTCATAGAAATTTCGCCTGATGGAGGCGCATATCGTACTTTGTGGGGATTTCAGGGCGGCTCAAAGCCCACCTCAGAGCTGCCGTCTCATCTCTTTACACATAATGAGGTTACAACAGACCAGCCCGGCAGTCCCCGAGTTCTGATTCACTGCCATACACCTAATCTCATCGCCCTTTCTTATGCAATCAAGCTCGATTCAAACATTCTCAGCAAGCTGCTGTGGGTAATGCAGACTGAATGTCTTGTTGTGTTTCCCGAGGGCGTATCTTTCCTGCCGTGGCACGTACCGGGCACTAATCAAATAGGCGAGGAATCTGCGAAACTGCTCAAAAAGCGGCCGGTTCTTCTATGGGAGTATCACGGCCTGCTTGTGATTGGAAGCAGCCTTGATGAGACCTTCGGCAGGATACACGTAGCCGAGAAGACGGTTGATATATTCTTTAAGGCGCGTTTATGTTCAGCAAAGCTGAACTATCTAAGCGATGAACAGCTTGAAAAGCTGCGTTCGCAGTTTGATTGCCGGATAGACCCTGAGATAATGAAAACTAAGCTCCCTTTTTGATTAGAGGTTGTTATGCAGGAAGTAATAGCGGTGCTGGATGTCGGCAAGACGAATAAAAAAATCGTTTTATTTGATAAGCGCCTTAATACTTTATCGGTAACCAAAAAGGCGTTTCCCGCTGTTGAGCAAAACGGCCTGCTTATTGAAACTCCCGATCAGGTTTTGAGTTGGCTGCTTGATTCCTTAAAGCTGTATTCACAGAAATACCATATTGCAGCAATTTCCATAGCAGCTCACGGAGCAGAGGCTGCGTTTCTGGATGAAAACGGGGATTTCACCGTTCCACCTCTAAGCTACACCAACTCCTCGAGCCCGGGCATTATCGAAAACTTTTACCAGAGATTCGGCTCACGTGAACAGCTTCATATTTCCACTGCAACCC
NZ_CP021023.1_gap69	2981537	2983007	1470	GTTTTTGCAACTAAACGCTTGTATTTCAGCAGGGAATATGGTTCAAGTTTTTGGATGAAATCCACGTAAACGCAGGCAGAGCGAACATGGGAATGGAATTCGGAGAAGCAAAAACTGTATGCTTGAGAAAATATAACGCCGGAAAAGCTTGTAATACAGGCGAAACTTATTAGATTTGCTGAAAGGCCTTTATGGCCGAAAAAATCAGAGAATTAGCACAAGCGGTCTCTACTCCTGCATATATTGTTCTCTTGCGAAACGGCAAACCAAATCTCCTGCGCAGGTTCACTTTCGAGGACTTCAAATCCCGTCTTTCATAAAAGAACACTTAATTTTACGCTCTTTGTTCCTTCTTTTGCACAAATTTGCGGAATTTTTATACAAATATGCGTTGGTTTTGGTGTGTTTTATAGTATTTACATAGTAAGACGAAAGCTGATTCAAGGTTAATTTATTTTATATGTAGATATCTATCCCAAAAAAGGGTTTGTATAATATTCAAGTGATTTAAAGCTGTCTGCAATAAAATAATCATTTGATATTTATCTTTTTTATGAAAGGACTCCGCACGATGCTTATCCAAAAAATAAAATTTTTATGTTTAGTTATTATTTTATTTATTCTTTCTCATTCAGCTATTGGTGGAAACACGGGTGTTTATAAAGCCGACTTAGACCAGGATATTGCTGCGGACCGCTGGATTGAAATAGATCTTTACTGGTTTGACTACGATGATATGGAAGCCAGCGCTGAACAGTTCTGGGACCGTTACTACCCAATGTTCGAAAATATTGAAAACTGGAAGGGCGTGATTCTTAATGTCGGCTGGCTTATGGATACTGTATATGAGTGGCAGGGCAGCCTCAATAAAAAAATCGCCTTGCCCAAAGATATGGAGCACTGGCCGTTTATTAAGGATGAAGGACAGCTCACCGGCAATACTGAGCAGCGCAAGGAACTTTGGAAACATCGTTTTGAGACACTGGACGGTTATAATGTTGTAAATTATGCTCCTTGGACCTACGGCGACTTGAAAAAACTTGTAACTATACTGAAAAAGGTTGGCCGAGACAAATATGGTCTTGAAGATATAAGGATTGGAATGCTTGCCCTTGGCTGGCGCAGCATTTATCATGGGGAGTTATCTGCTTTCTCTAAGACACATGAAAATGCTTATCTGAAACGCGGTATTAAGTGGGGAGTCCCCAATCTTATAGCGAAACTAAAAGAAGATCCGAGGGAATATGGAGCTTATCCTGACGGAATTCCCGAGGGTACTCCTTTAGTTGAATTTTTCGGCAAACAGTGGGGAGACCTCTCAAAAACAGTAGGACTCGATGCAATTGTGCTTCGTGACAGCATCATGGGTGTCGGCATTTATGTAAGAAACGGCCCTTATGGCCGAACCCCGCCAGAAGAGCCAAAAAAAGTGTCTCAGTGGAGCCAGGCAACAGCTGATCTGGTAAGACA
NZ_CP021023.1_gap70	3083899	3084449	550	AGGTCTCTTTCCCCTCCGGCACTCGCCACGGTACGGTATTCAGGGTAACTGAAGAAATCTTCAGCGGCCTTGAAGAGCTTGCTCCCTGAGAAAAACAATTAGCAAATTAAAACGGTCTCCACAATTATATAACATTTAGTATCCTTAAAATGCCCCGCTGTTTGCGGGGTATTTTTTTGGGCTTGCAGGGTTGTCTTTGTCTAACTTATCCAGCAACGCTCATATATATTGCGCTTTCATCAGTGCCGTCAACGCCGATTATATTATTAACCTGATCATCGAAGATAGCCGCTATCTGGCAGCTCTCAAGCTTGAGGCTTGCAGCAGCAAGGGCAAGATTCTCAGCTATATGCCCTGCATCAAGGTATATATACCTGTAAGCCCTCTGACCGTATTTCCATTTCATTCGCTGAAAAACAGCAGTCCAGATAAATACCGCAGGCGCCTCTGCGCACATCCTCTGGCCGAGAGCGGCTCTTGCTGTTTCAATTGACAGGTCTTCTTCCCTGAGCACTTCCAGGCAGTGTTTCTGTATGTTGTAGTGATATAC
NZ_CP021023.1_gap71	3132583	3135738	3155	GGAGAAGGGGGTTGTATGCTTGTTTTTTTTGCATACCTTAGAATAACTAAGCTTAGGAGAATATATGGGACATTTAGCCGTTGAAAATTCTAATTTAGAAATTATTAAAAAAAAAGCTAAGCCTTTTTTGAAGTGGGCTGGAGGAAAAAGGAAACTTGTTCCTGAAATTGAAGCCAGACTCCCAAGTAATTTTAATTCTCTGAATTTTTCAAAGTATGCTGAACCATTTTTGGGTGGAGGAGCATTTTTTTTTCATCTAGTTCAAGAATATGATTTCATAGAAAAATCAATCTTGGTTGATTCGAATCCTGACCTTATAAATTGTTTTGAAGCGATAAAAACAGATTTTAACAAGTTGATTGAATATTTAGAATCAATGAAAAATGAGTATCTTTCATCAGATGAAGAGGGTAGGCGACATTATTTTTTGAAAATTAGGTCTGAGTATAACAAAGCTAAATTAAATAGTCATTCTACTCTAACCGCAGCTCAAATGCTTTTTTTGAACAGGACATGCTTTAACGGTCTCTACAGGCTTAATAAAAAAGGTGAATTTAATGTCCCGCACGGTAAATATAAATCCCCAAGCATTTATGATAAAGAGAATTATATGTTAGTTTCCAATTTGTTGCAGAATGCTGAGTTGATTTTAGGAGATTTTCAAGATTGTATCAGCTATCTTGACGAGGAGACTTTGGTTTATTTGGATCCTCCCTACAGGCCTATTAGCAATACCGCTTCTTTTACCTCTTATTCTAAAGGTTCATTTGCAGAAAAAGATCAGGTTAGACTTGCTGATTTCTGCAGAGAATTAGACCAAAAAGGTGTCAAATTCATTTTAAGCAATTCTGATCCCAAAAATGAAGAGCCAAACGATAATTTCTTTGAAAAATATTTTGATCTTTTTAAGATTGAAAGGGTTAAGGCAAATAGAGCTATCAATTGTAAGGGCTCTAAAAGAGGAGCTATTAATGAGCTGATAATTACAAATATTGAGGAATGAAAATGGCTAGCAGTGCTGCTTGGAATAAAATTTTTGAAAAGTATAATATATTCTCCCATGATTTCGATAAATCTCCGTTTATAATTAACGCAACAGAAATAAAGACAGCCTGTCAAGATTTTACTCGAACGACTGATAAAGAAGTTCGAATTTTATGTAAGCAAGACTCCAGAGAATTGAGGCCGCAATGTTTTAAGGATTTAGGACTTTTTTTGCTTCCTATAAAAAATGGGGAATATGCTATAATGAAGGGGGAAGGGTATATTGATATACCTGAAATTTCAGAAGAAAAAAATGAATATATCTCTAAACTAGATTTTAAGCTTGAAAGCTCACTTATTGGCAACTCTGAAATGCAACATTTAGATTATGCATATGCCTGTAGTCTTATTAGAACTTTTGCTGAAGACGATACATTGGTTCTAACTATCCGTGGTCGAAAGTATACTCCTCGGTTTACTTTTAGAGTTAATAATAAGCCTATAGAAGTTAAAGGAGTTCAAACAGAAGTAGATGCAGGATATGAAGGACAGGATCAGATTGTATTGATAGAGGCGAAGAATAGTCGTATTACAAATACAATCATAAGGCAGTTGTATTATCCGTTTAAAAAGTGGACAGAAGAAACTTCTAAGACAGTAACAACTTTATTTTTTGAAAAAGAAAATGATGAATATAAACTTTGGCAATTTGGTTTTGCCGATAAGAATGATTATAATAGTATATATTTAATTAAAAGTAGGCGTTACATTATTAAAGATGACCTATAATAGTGATAAAAATCTTGAAGTTACTACTGTATGGTCTTTTCCTGAGAGAGGCAGTTGGGCTACTCACAGTTCTAATTTCCGTGGAAATTTTGCCCCTCAAATTCCGAGAAATATTATGGAAATGTTTTCCCAGCCGGGAGATTATATTTTAGATCCTATGGTTGGCGGAGGTACTACGGCAATTGAAGCCAAAATGCTTGCGAGAAATATTTTGGCTTCAGATATCAATCCTAATTTTATAAATAAAGTTAATAATGTTATGGGTTTTGAAGGAGCTAAGGTATATTCTGACTTAAAGGTGGCTGACGCACGTTGTTTGTCTCATATTCCCAACCAAAGCATAGATTTAGTTATAACTCATCCACCATACTTAAACATAATAAAATATTCTGATGGAAATATTCCGGAGGACTTGTCAAATATTGGTTCATTGCCTAAATTTACTGCCCAGATTAGGTTGGTTGCTAAAGAACTTTACAGAGTTTTAAAAGGAGATAAATTTTGTGCCGTGTTAATTGGCGATACAAGAAAAGGCAGGCATTATGTACCTTTAGCTTTTAATGTAATGCTGGCATTCCTCAAGGAAGACTTTATCTTGAAAGAGGATATTGTTAAAGTGCAGCACAATTGCAAAATGACTAACCGTTGGGGATGGAAAGCCAAAAGAGATAAGTTTTACCTCATAATGCACGAGCATCTCTTCGTTTTCAGGAAGCCCAGAGCTGATGAAAATATAAGCAGACTTAAGCAAAGTACCAAAAATATTTATCAGCAGTAGGTTTTATTCTTCAAGCATATCGCCTATGTATTGAAGTACTTCAGCAAGCTCATATTTATTGATTTTTCCTCCCATCATAATGGTCATCAAGCTTTTAACCCTCCCCTTGGCCTCCTCAGCCTCGTCAGGGTTGATAGCGAAGTCATAGTCATGGACCGCAGGAAAATAAATCTCGTTTCTGTTGTCGTCAATTGTTAGTTTAGAAGCTAGTCTCAGCAAATTAGTTGAATCGTTCATCTTATTCTCCAAAATTTAAATATTTCACTTAATACGTATGATCTTTATACATCCTTTTAGATCTAATTTCAATAACTTTTTTAAATTTTTGTGATTTTTTTTTATATGATAAGCGGTTTATGGATAAAATCTTTAGTTTTGTTAGAATTAGTTATTATTTTATTTGCTGATTTAGGTTAATTCCTTGGGAGAATATTGATGTCGGAGAGTCTTGATATATCAGTGATAGTGCCTGTATTTAATGAACGGGATAACATACAGCCCCTTCATGATCAGATAGCTGCTGCCATGAAAACCGGCAGTGTTGAATACAGCTATGAGATAATCTTCGTAAACGATGGAAGCTGGGACGGCACAGCGGAAGTTC
NZ_CP021023.1_gap72	3161306	3162794	1488	AAATCAGGTTTTACGCTAATAGAACTTTTGGTTGTGATATCAATTATAGCTCTGCTGATGGCAATCTTGATGCCCGCTTTGGGTAAGGCAAGAGAACAGGCGCAGAGAGTTGTATGCAAATCAAACATAAAGCAGGTTGGTACAGCAATGAACCTGTATTCAATGGACAATGAGGATAAATTTGCTTCTATGTCTTGGCAGTCAGGCGATTACTGGTTCCAGAAGATTTCCTCATATATAGGCGACGATGATGACAGCGAATTCAAAGGGGACAGAGTTAAAGTTATGCTTTGTCCGAGCGCTGAAGAACATTATGCACCTACAGATGTTCCACCCAGCAAGCTGAGGAATTACTTTTATCCTGAGATGCCGGGAGGTACAATAAAAGCCGATGAAAACTGGAACTGGAGAGGCAATCAAGGCTCTTACGGTTTGAATAACTGGCTCACCTCTGATTATCAGGAGTGGGAGAAGCAGTTCGGGAAGGAACGCTTCTATCGAAAATGGAGTGAGCTTGAGGGAAGAGTGCCGTTAGTAGGAGACAGTATCTGGGTAGGTGCTTTCCCGGACGGTGAGAATTATGTCCCTACAGAACCCGAAACCAGAAGGATACAGATTTCCGGCGATTTTGATCAGCAGATGAGGCGGTTCAGCATTGACAGGCATAATATGAATATTAACCTTGCTTTTTCTGATTTGTCTGTTGAAAGCGTAGAGCTTGAAGATTTATGGTCTTTGCAATGGAATAAGCTCACAAAAATTCGCAGAGATGTTGAAATAGAAAAACGCTGAAGCTGTGTTGAAATAACAATAATAAATGGAGTATAATTGATGATGACCTCACGGGAAAGATTGCTGAAAGCCCTTAAAGGGGAGCAGACAGACAGAGTTCCGGTTACTTTATTTATGTTAGACCAAGGGCACTTCCTCGAGCAGGTTTATCCCGAGGTTGACCCTTTTGATTATGAGCAGCTGCAGCTGAAAGTGATTGAAATACAAAAACAGCTTGGGGTAGATGTTTTTGTAAGAATGCTGTTCGGGATTAACGATCCAATAGGTGTTCACTGCGGAGGGCTGAATGTATCCGAGCAGACGGAGAACTGGAAGGTTACAAAGGAAAAGATTCAGCAGGGCGATACAACTGTAATACGCTCTAAAATTGAAACTCCGGAAGGCGATCTTACTCAGGACTTTTCTATAAACAGGCTTCGCGCGTCGACCTATATGTACGGCTGCACCAAATTCCCTATTCAGAATAAGCTGGATTTAGAGATTGCCTCTAAATATGAGCCGCCGCTTATGAATGAGCAAAAGGCTCGGATGATTAAGAAAAGGGTGAGCAGAATAAAGCAGGCTTTGGGCGAAGATGGCATTTTAGGAAGCTGGACTCCTCACGGGCCGTTTAACAATTCTTCCCTTCTTACAAACCATGAGCAGCTCTACAGCTTGTTTATTGTTGATTACGAATTTTATGAGAAGCTGATGAAT
NZ_CP021023.1_gap73	3172085	3173070	985	ATGGACTTCAATGTCGCATCCTCTACAGGCAGTGAGCTTTATTCAGGGAAGCAAGACCCGCTCTACGGGCACTATGAGGGGCTGATTGAGCTTTGGCAGTTTATGAGAAATAACTACCCCGACCTCGTAATAGAAAACTGCAGCAGCGGTTCTAAGCGTGCGGATGTAATGACTTCCGCATTTACTGATACTCACTGGAGTTCGGATGAAGTGGATAACCTTGCCAATCTTGCGATAAATTTCGGTTCGACATATCTCTTCCCGCCTGAAATGTGCAGCGACTGGACAACCTACCCTGAAGATAAGGAACATATGGATGTTCTTGATGTCCCCTCAAGGTTTACCGTTAATATGATGGGGCACTTCGGCCTTTCCGGCGAGATTGAACAGTGGTCCAGCAGCACAAAAGATACTGCAAGAGAAAGAATTGAATATTTCAAAAAGTACCGTCATATAATTAGAAATTCTGAAGTGTATCACCTCACTTCGCAGATAGACGTCAACAATCCTAACTCTTCAGTTGCGGTTCAGTTTGCCGATAAGACCAATGATAAGTCTATGGTATTCGCCTATCAGGGTAATGCTCCGGAAATGAAGAAAACAATTCGCCTGAGGACTTTGTCTCCGCAGAAAGAATATAAGGTTAGTATGCCCGAAAGTCTCGGCGGAAAAACGCTGAAAATAAAAGGCGAAAAGCTTCTGGAAGAAGGCCTTCAGCTGAAGTTCGCTGAAAAGGGCTGTTCCGGCATTATTCAAATTAAAAGAAACTACTAAAAAAGCAAAATTTTAACACAATGAAAGCTTTTTTACTACCGGGGGTTATATGATTAGAATTGGGAATGTTTTATTTATGCTCGCAGCGATAGCGGTTTCTCTTAATGCAGAAACGGTTTTTATAGATGATATGCTTTCGCTTTCGGGCTGGTCTTCAAATACCGGCGGCATTGGTCTGGTGAATTACGGCGACGGCAATTCTGTGCATATG
NZ_CP021023.1_gap74	3179190	3181801	2611	GTCGCAGGCGTAGATGCCCCTAACACTTTATTTGGATTCCCGAATGAAGGATGGAAGCCTTTCGATATGCACGACGGAACGCCGACCCTTGTACCTGAAAAATTTAATTATACCATCGATGATGACGGTGCAGTGCTGCTGTATCCGCAGGGCGATAAAAGCGTTGCTCCTTGCGCAAAAATGCCTACTCACAGCTATTTTTTTGATTCGATTATTCGCCAGGAACCGATTGACGAAAACAATCTCAATCCTGAAGATAATTGCGAAGATTTTGCCCTGCTTTCTCAAAAGGAGGTTGACTATTATGCCTCAAAGGCCAAAAGCTTATACGATAATACAGAATATGGTGTATATATAACTCTGCCGGCAGTGGGATTCGGAGATATAGCGGTGGTTCCCGGGCCTTACCTTAAAAGGCCCAAGGGAATTCGGGACATTTCCGAATGGTATATGTCCACGGTTTTAAGGCCGGATTATGTTCAAAAGGTTTTCGAAAAGCAGTGTGAAGTTGCTTTGAAAAATATTGAGATGCTTGCTGAAGCTGTTGGTGATTATGCTCAGGTGGCCTTTGTAAGCGGCACTGATTTCGGCGCACAAAACTCGCTGTTCGTTTCTCCAAAAACATACCGAGATTTGTATAAGCCTTTTCATATAGCTGTGAACAAAAAGATCCACGAGCTTACTAACTGGAAAACTTTCATCCATACCTGCGGTTCTGTCTTTGAACTGGTGCCGGATCTGATTGAGGCCGGCTTTGATATTTTGAATCCTGTTCAAACCTCTGCTGCAAATATGAATCCCAGAAGCCTGAAGAATGAATTCGGCAATGATATTGTCTTTTGGGGCGGCGGGATAGACACCCAAAGCATACTTCCCTTTGGTTCGCCTGATGATGTTCGTAAGGAAGTAAACGAAAAGATTGAAATATTCAATGACGGCGGCGGGTTCGTTTTTGCCAGCATTCATAACGTGCAGAGTAATGTGCCGCTGGAAAATATGCTCGCAGTTTTTGAAGCACTGAAACAAAACGGCGTGGATGTTCAAATTTAGACGCCTTTCATTATAAGGGCAAACAATAGCCGAGAACAGAGAATAGGCAAGGGGAAATAACAAAACCTTCCCGCCTCGCGATTCTGGTAATTTTAAAGCAAATAATTATAATCAGCTCTTAGTGAAAGCTCAGTGTTTCATCGGCTAATATTGTTTTGTTCTATTAAAAGGATACATAATGGAAAGAAGAAGTTTTCTCAAAGCAGCGTGCAGTTCGTTGGCATTTTCAGCCTTTTCAGGAGCCTCTTTTGCAGCCAGTGATGCATCAAAGCAGGCTGCGAAGGATGCAATTAGCTCTAATAAGCGGCCTAACGTAATAATTTTTCTCGCAGATGATGCCGGATACGGTGATTTCGGATTTCAGGGTTCAAAAGTCCAGCAGACCCCGCACATCGATTCGATTGCCAAAACCGGCACAAGATTCTCGCAGGCTTACGTAACAGCCTCGGTATGCTGCCCCTCAAGAGCAGGGCTTCTCACGGGGCGTTATCAGCAGCGTTTCGGCCACGAATTCAACGGCCCCGATGCAAAGCCCATGCCCGGCTACACTCAGGACGACCTCGGCCTCGACCCGAACGAGAAAACCTTCGCCGACTACTTCAAATCCCTCGGCTACCGCACCTGCGTTATCGGCAAGTGGAATATGGGGCTTCGTCCGCAGTTTCAGCCGTGGAACAGGAATTTCGATGAATTTTTCGGATTCCTTGGCGGCGCCCGTTCTTACTTCCCGATCGAAGGAGAAGTAAACGAGCACCATGTGATGATAAAGAATCAGAAGGTTTATCCCGAAGAGAAGATTACCTATACCACAGATGATTTCACCGATTATGCCGTTGATTACGTACAAAGGCATAAAGACAGGCCGTTCTTCTTATACCTTTCCTATAACGCCGTTCACACTCCAATGCATGCTAAGGAGGAAGACTTGGAGCAGTTCAGCGATGTTGAGCCTTGGAGAAGGCGGGCAAACGCCGCTATGACAAAGGCGATGGACGACAGCATTGGGAGAGTTTCCGCCAAGCTAAAGGAGCTTGGGCTTGAGGATGATACGCTCATTATGTTCTTCAATGATAACGGCGGCACAAATAACGGTGCTTCAAACGGAAAGCTCCGCGGCATGAAGGGTTCGCAGTGGGAAGGCGGAATCCGCGTGCCTTGTATAATGAAGTGGCCGGGCGAGATAAAGGAAAATACTGTTTATGATAATCCTGTAAGCGGGTTTGATTTCCTTCCCACAGCCTATGCCGCAGCAGGGGGGAGCAAGATTCTCGGCAAGCCTTTCGACGGCGTTAATCTCCTGCCATACCTGAAAGGCAAAAAGAAATCACGCCCCCATAAAACACTCTTCTGGAAGAGGGGCAGGGGATATGCCGTTCGGGAAGGAGACTGGAAATGGGTTCATCAGGAAGATGGCACGACCGGTCTTTATAATCTCGCAGAAGACGTCTCAGAAAAGAACGACCTTTCAGAGAAGTATCCTGAAAAGTTGAAGCATCTCAAGAAGCTTTATAAGCAGTGGGAAAGTGAAATGGCTCCGCCGAAATGGAAAAGAGGCGGCGGC
NZ_CP021023.1_gap75	3184263	3186397	2134	CTGCTGCGTCGGCCTCTGTGTCTTCAAGATCGTTTGAAATCTGAAACGCAGACCCGCATTTCTCCGCTGCGAATCCGGCTTTGGAGCTCTCCGGCCTGATCCCTTCAGCCGCCGTACGGAAAAGCGAGGCAGTTTTCAGCGAGATTATCTTCATATAAACATCCGAGCTAACTGCACCGCAGAATTTCTGCTGTTCCTGCAGGAGCTCGCCCCTGCACATATCCTTCACGGCTTTCATCAGCGATTTTGTTTTTTCCGCCCCGCACTTTTCCAGACACAGAAGAGCCGCCTCAGACATCAGCGAATCGCCGTAGAGCAGGGCGGAATTCGCCCCTTCCCTTGCGGGAAAGCTTACCTGCCCGCGTCTTACCGTGCTTTTATCAAGAAGGTCGTCGTGGATGAGGCTCGCATTATGCACGATTTCGATAGAGGCTGCAAAATTAATTGTCTCCTCGTCCACTTCCCCTCTGCTTATGCAGAAGCAGAACAGCGGCCTGAGCATCTTCCCCTCGTTGAGTTTATCCGCTTCCTCCGAGAGCTCTTCAAGAGAGATGGCCGCATCAAGCACCTTACCTCTCACCTTGTTGAGCTGTTCTCCGAACTTCTCTGTTAATTTGTCATAATTGCTTTTCATTCGCCCGCATATAAAATAGTTATCAGAAATTATGTTTTTAATTATCATAACATTTAAGATTGTATGAGAAAAGCTATTTATTATGAACTTTATACTTCTTGTTAAGTACGTCCCCGACGTTTCAAGGATCACAGACAGCAGCTTCGACAGCGAAACAGGCAACCTCAGAAGGGCCTCACTGCCCGGTATTACCAACCCCGAGGACATATCGGCAATAAGCCTTGCAAAGAGAATAGCAGACCGCAAGGCAGACGGCAGCGACAAGTTTATCGCCCTTACGATGGGGCCTGCCCCCGCCTCGAAGGCGCTCTATGAAGCACTTTCGCTCGCTGCGGACAAGGCTTTCCACCTCCAAAACAGCAGGTTTGCAGGTGCTGACACTTGGGCAACTGCCGAAATCCTGACAAAAGCTATTAAGAAAATTGCTCGTGAAGAGTTTGGCGATGAGCCGTATGCAGTGGCGGGGGGGATGCAGTCCTGCGACGGAGATACCGCTCAGGTGCTTCCGCAGACGGCTGCCGCTTTGAATCTTCCAATAATCAGCTATGCCTTCGACGGAGACTACAGAGACCGAAGGTTTCACTTCTCCTGCATAAAGGAGGGGGGAGATGTATTTCTCAGCACGGGCGAAAAGTCCTTCGTGCTCACTGTATCTTCATTCGAATACCCCCTGTACCCATCCTTCAGCCGCTCTAGATGGGCGAGAGTCCAGCCGCACAAAAGGCTCACTGCTGAGATGATCGGCCTCGAGGGCAGCGGGATGTCCAATTCGCTCACGAAAGTTGTGAAGATATTCCGCCCGAAAGAGAATCAGCGGAAACAAGAGCACATTACCAGCCTCAAGGAGTTCAGCGAGCTTATAGTTCAAAGCTGCAAAAAAAAGCATCGCAGGGAATCTGCCGGCAGATTTGTTGATTACAAGCCGACAAACAGCAGTGAGGTGTGGGTGGTGTGCGAGCCCTCCGATAAGCTCGAAGAATGCACTGCCGAGCTGCTCGCCGAGGCCAGAAAGCTTGCATCCGAGATCGGCGGGGTATGCTGCCTTGCGGCCTTTGATTCGCCAGACCAGAAGTTTGCGGAAAAGGCCGCAAGGGCAGGGGCAGACAAGATCTACCGGCTGCCAAACTGCGGTGTAAACGAAAACCGTGAGAGACAGGGCAGGATGCTCGGGGAGCTTGTAAACTCCAAAAAGCCGAAGATCGTTATGTTCAGCGCAACGCTTTTCGGTAGGGTTGCAGCTCCAATCTGCGCATATATAACCGGCAGCGGCCTCACCGCAGACTGCACCAGCCTTCACCTCGAGAAAAAATCCGACGGCGGTTTCGAGCTTATCCAAACGCGTCCGGCTCTCGGGGGCAATATAATGGCTCAGATAAAAACGATTAACTCCACTACCTCTATGGCCACGGTTCGCCCGGGCAGGTTTACAGCAGCGATAAGCGATCAGGAAAGGCAGTGCGAGCTGGTCGATTTCCCAGCAGCCCTCGTTAAAGACAGGGA
NZ_CP021023.1_gap76	3191598	3192293	695	GGCGGGGCTTCTCATAAACCCCTCCCCGGGACAGAGGATTCTCGATCTCTGCTCCGCCCCGGGAACCAAGTCTTCCCATCTCGCAGAGCTTATGCAGGGTCAAGGAGAGGTGATCTCCACGGATATAAACCCCGCTCGTCTCGAGAAGGCAAGAGAAAACAAGCAGCGCCTGAGGCTTGATAATATCACCGTTTTAGACTATGAACAGGCCTTCCAATACGCCGCTGACAGGCAGATTGATGCAGTTCTGCTCGATGTTCCCTGCTCTAATTCGGGTGTGCTCTCCAAAAGGCTGGATATGCGCTACCGCCTCAGGCCCGAGGGCATTAAGCAGCTAAACTCTCAGCAGTACGACATAATCAAAACAGTTCTAACTCGTCTGCCGGCGGTGAAAAAGCTGTTTTACAGCACGTGCAGTGTTGAAAAGTCCGAAAATTATGGAATTTTGCACAAACTCCTTTGTGAGCTCGACAGGGGGGCTATAAGGCGTACTAAACTAACCCTCCCATCCGACGTAAGTTTCGGCAGGGACGGGGGTTATATCGCTGAATTTACCCTTTAATCACCCCTCCCGAAGGTTTCCCGCAGAATCGCTTTCCACAGCTTTTCAACAATAAGGGCTTACGATGTGCATAACACGTGCCTTAAAAAAAATCTTTTCTCGTAAGTTCTTATTTTCAGCGAGTCTCCAAAAT
