gap_id	start	end	length	sequence
NZ_CP106855.1_gap1	1220	2342	1122	GAACCTTATGATGAAGTGTACGCTCCGCAGACTAAAATTCCAGATCACCGTCATCCGTTTGCAGAAGTTCGTATTATTGTAGCTGGAGAAATGCTATTTAATATCTCTGGAAATCAATTTGTATTGCGCCCTGGGGATCGCGTGGAAATTCCTGCAAATACAAAGCACACGCATACATCACAAGGCTCTGCGGAGTGTATTTGCGTTTGTGCTCAACGTGCGATTTAAACCTTTAATGAAATTCTAAAAAAAAAGAAGGACCCTCGCGAGGTCCTTTTTTTATTCCTTGTTTTCTGAACGCCGCTGTTTCATCCAAGCCAAATACTCTCGGATATTTTTTTCGAATCCATGCGACGTCGGCTCGTAGATTTTTTCTGCCTGAAGTTCTTCTGGAAGGTAAGATTGCTCAGTCCAGCCGGAGGGATAGTCGTGAGGGTATTTGTAATCTCTGCCGTATCCCATTTCCTTGGCCAATGCAGTTTTAGCGGACCTTAAGTGCAATGGGACTGGCAGTGTCTTGGTTTGCTCGACCAAGGCGCGCGCTTTATGTAGAGCCATGTAGGAAGCATTCGATTTTGGACAAGAAGCCAGATAAGTCGTCACTTGAGACAGCGTGATGGCACCTTCCGGAAGACCGATTGCTTCGACGGCTTGAAGGCCTGCTATCGCAACGGAAATTGCGCGCGGATCGGCGTTACTGATGTCTTCTGAGGCGAGGATGATCAAGCGACGAGCGATGAAAATAGGGTCTTCTCCACCGTCCAACATGCGGGCTAAGTAATAAACAGCAGCGTCTGGATCACTGCCCCGCACGCTTTTGATGAAAGCGGAGATCAGATCGTAATGCATTTCCGAGTTTTTGTCGTAGCCGATCGGATTCTGCTGAAGAAGCTCACGCATATCATTAGTCGAAAGAGGGGCTTCCTGGCCATCTTTCATGAAACTGTAAAGAATCTCAAGGCTGTTAATCAGCCGACGAGCATCTCCATCAGAAAATTGCAGAAGGTTTTCGATGGCCTCCGGCTGTAACACCTCGGACATCGGTTTTTTGTATTGTTTTTCTGCACGAGCAACAATGTGGCGCAGATTATCTTCGTTGAGACGCTCAAAAACTACGACACG
NZ_CP106855.1_gap2	6641	7687	1046	CTGCTGGCGGAGGAGTCTGTGAATGAGCTGGTGCCATGAACTTCGCGCTGACAGCAAATGCCAACCAAAGCCCTAATGCAGCAACTATAATGTAAGACATCATCCATCTTACCGACTTCACTGAGGATTCTCCACTTTAGGTTTTTCGGGTGCTAGCTTGTAACCCACAACCTGACCTTCAAATTTTAAATTCTTAGTCGGGTCGCTGTTATCTTCGGCATTGATAACTATATTTTTCACACGAGCCATACGTTCTGAAGATGAAACCAAAGAAACAAATTGTGCTAGTTGGGCATAACTGCCTTCTAACGTAACATCTACAGGAACTTCTTCCACAACTTCTCTTTTTATATTTTCAGCTGGCTTTTTAATTTTTACGCTGACGCCTGCTCCGCGCGCAAAACTATCGATCGCCTTATTGATATCAATTGAAAAAAGAACCGTTGGAAGTCGGCGTGATATTTCTTGATACTGCTGGCTAAGGCGGCCGAGTTTCTCGCGCATCTCGTTCACCTGTCTTAAGGTTGCATCTGTATCTTTCTTTTTCGCCTCTTGCTCTTGAACCTGCTGCTGGACAGCCGCAATTTGAGCTTCGACCTGTGAACCATCGTCATAAAGAGTAAAGTAAAACACAGCCGCAAAAACCAAGCCTACGCCAAGAGTTTTTCCGTAAGTGAAACCAGCGAGGGTATCAAACAACTTATTCATTGTGTTGTAGTCCTCTCTAGCACGGCGCTAATCTCAAATTTTTTGAGGATCATGTTATCAACTGTTACCTCAGTTGAACTTACCAAATTTACATCCATCAAAAACACACTCTTAGTCAGTGCTTCCAAAAATTGGGATACTTCAAAGTCACTCATCCCAAGGCCTTGGATGTTAATCCTCTCGGGAGTGAGACTGACTTTAGTTAACCAGGCTTTTTCTGGAATCACTTGTTGCATGAGATCGATGACGCGGATTTCACGTGACCGGTCTCGAGAAATTTTGTCGAGAGCTGAGATACGCGCTTCAATGACGGCTTCGTCCTCTTTGAACTTTTTAAT
NZ_CP106855.1_gap3	12088	13472	1384	GCATCAACCAGACCCGCATAATTTTTTGAAATATACATGTTCACCGGAATCTGCAAACGAACCTGCAGTTCTTGAGCTAAAGCCATCCCTTGTTCTGTTTCCCTCTTGGGATTCCCACCAGGAATCATCCCAATTGTTAACTGAGCCGGAGTTTTATCAGAGCCCATCGCGAAGGATGAGCTCAACGTCACGGCCGCAAGTGCGCCGCAAATGGCTTTAGTGAACGCGCGAAATGAAATCAAAAGACCTCCATTGAAGGCAACGCTTCAACTGATGATGAATCATTTCTGGTATTTTTCAAGGCAAGAACAAACGCCTCAGCAGCGTCACTTTCCGTTAAACATGGGATATTATAGTCGGTGCAGGCTCGACGAATGTCGAAGCTTGCCTCAATGGCCCGTCGACCTGACGTTGTATTGATCACAAATGCCACTTCGCCCGAACGAATCTTGTCAACGCAGTGAGGACGTCCCTCGTCCACTTTTCTTAAAGATAAACAGTTCACGCCTTTCTCGTTAAAGAACGCAGCTGTCCCTGTAGTTGCAGAAACTCCATAACCCATGCGCTGCAGTTCCTTTACCAGTGGCAACATGGCGTCTTTATCTTTATCACGCAAAGAGAAGAAAACCTGACCTGTCTTTGGAAGTCTTATGTTACTTGAAAGGAATGCTTTGCAAAGAGCTTCGGAATAATCTTTTCCGCGGCCCATACTTTCCCCGGTTGATTTCATTTCAGGTCCCAAAATCGAATCGGCCTCTGGGAATTTTTTGAACGGGAAGACAACACCTTTCACGGAAACAGTGTTGGTTTTTCTCCATTTTAAGTTGTCCAGCTTCAACTCGGCTGCTTTCTTACCCACCATTGCAGCGACGCCCAAATCAATCAGTGGAATTCCTGTTGCCTTGGCTACAAAGGGAACCGAGCGAGAACTGCGCGGATTTGCCTCGAGCATATATACAACATCGTTTTTAACAGCGAGCTGTAAATTTAAATGACCAATGACACCAATACGATTAGCCAACTGGATACTTAGTTGTTCGATACGCTCGCATGTTTCTGGTTTCAAGCGATGCGGAGGCAATACACCCATCGAATCACCCGAGTGAACTCCGGCCGCTTCAATATGTTCGACAACTCCACCAATCAAGGTCCAATCAGTCCCGCGGATCAAATCGACGTCCACCTCAAGCGCGCCCGCCAAGAATTGATCCATTAAACATGGCTTTTCGGCAGAAATATAATCCCCATGGCGTTGGAAGTAAGACAACAGCTCATCGCGGTTTTCAATAACCTCCATACGACGCCCACCCAACACATAGCTTGGGCGACAAATCATGGGATACCCGACTTGCTTTTCTGAAGCTAGGGCTTCTTCTAACGATCC
NZ_CP106855.1_gap4	30953	31791	838	TTTTGGCATCTCTCTCATAACTGCTGCATCCATTGCCACTTGAATTTCTTCATCGGGGCGTTTGTTCATTGCTTGTACTAGGCCCGCTTTAACTGTGTTCGTTAAAGCTGCTGGACGAGCATCGCAATAAGAGATTGCTTGGCGAAGATCACCAGCTACTACCATGCGGAAGATTTGATCTGTGAATTCTTTTTTATCCACGTTCAAATTTTTAAGTTTCATAATTCTATCCACGATAACGATGATAGACATGATCGCGATTGCCGCGATGATGTACATCACAATACCGCCTTCAGAGAAAGCGCGTTGGATAAAATTCATATTGTCGCCTGTTGCAACTTGCATTGCTGCGTTAGTTGCTGACTGTGTTGCTGCTGCTGCTGCGTCTGTTGGGTTCACGAAAACTCCTCCTGTAGAGTAACTTTAATTCTTAATTTATTAAATCTATTGTTGGTTCAAAACGAATGGATAAGCTTCGATCACTGCCACTAAACCTGCTGGAGGCTCAGGGAATGTCCAACTTGCCAAACGATCTCTGATACAGTTTTCAACACCTTTATCACCCAGTGTTGAGCTCTTCACTTTCACGTTGCGGGCCTGACCTTGTGCTACGATTTCCCATCCCAAGATAACTTTACCTTCAAGACGAGTTCCCTTAGCTTTCGTATTCAAAGCTCTTTCGTAACAGCTTTTTACTTCGTGAAGCTTCGCGCGAATAACACGACGAATAGCTTCTTTGTCGATAGTACCGTCGAAAGATTCTTCCATACCGCCACCTTCGATGGCCACTTGGGATTTCGAACAGAAACCTTCAGAGGCACCGTAAGCAGATTGACCT
NZ_CP106855.1_gap5	49370	50123	753	GTAAAGATCCGGCCAATTTAAATGCCTCAGATATCCAAGAAATCCAAGATCGCCACACTGTTCGCCAAATGGAGCGCACTCTGCGTTCAAACAAAGAGAAAGAACAATACTCTAAGATTTTGCCATGGCTGCAATCAGATGCGGAAAAAGTAGAGTTTTTATCGATCCCGTCCATTGAAGGTCGTCAGGCGTGGATCAATAAAAACAAAATCTGGAATCGTTCCGCTGCTCCAAAAGCGGAGATGAGAGACCTGGTTGAAACTCAAGACATCGCCATGGGCATGCCCCAGGAATACGTCAGGAAATCATGGGGTGACCCCACAAGCATCGATGTCTCAGGAAATCCCATCTATAAAAACGAACGCTGGCGATACGAACGCCAAAGCTCAAGCACCTCCGGCTATCGCAAAGAAACTCGCTTTGTCTATTTCGAAGGCGGCCGAGTAGTAGGCTGGGAAACCCAATAACCTCAAATAATTCTTTAAATAAAAAGGGGCCAGCAATTGGCCCTTTTTTTTCGTATCAATGTGCTTCGTCCCAGTTATCGCCAATCGAATAGTTTACTTTCAGAGGCACTCGCAGCTGAGCAACGTTTTCCATGATGTTCACTAGTTGCGGAGTTAGCTTCTCTAGGTTTTCTGTGAAGTCTTCAAAGATCAATTCGTCGTGCACTTGTAGCAGCATGCGCACGGGAACTGTTTTATTTACTTCGATCATGGCCTTTTTCACCAAGTCACTGGCAGTTCCTTGAAT
NZ_CP106855.1_gap6	90473	93001	2528	CTTGACCGGCTTTTTCCAAATGCTTTCTATAGTATTCGCGGCTTTCTGGATTTGCGCATTCGTAAGACGTGATTAGACGACGATGAACGATTTCCAGGCCTCGCTCCTCGTGACGAACCAGCTCCATGCGCTCGAGATTTGTAATCGCTTGCTCGACCGCCTCCGGAGTCAATCCCAAACGCTCACCAATCCATTTCACATCATCATTGCCGTTAGAAATTCTAAGCAAATTCAAAATTGCGTATTCTTCCCAGCCCCCCATTAAGTGGCCACTTTTCACCCCTAGCACTCGGTCTGAATTAAAGCGCCGAGATGTGACGGAAATGTATGAGCGAAGTTGCTGGCGCTCGTCTTGATTCAATCCCAAACCGGTCGAGATCTTTTCAAAATAGAACTCACTCAAAGGACGCTTGCCACGAATAAGTTCGCTTAAGCGACCTGGTGTGATGCCGATTTTGTAAGCAACCATGCGTAGGGAAATACGGCGGTTGGTCTTACGGAGTTCTTCGAATTTGTTCATCATGAATTCTGTAATAGTCTGGTTTTGCATGAACACAGTATTCGACCAAGAGGTCATTTTAATCCATACATATCGATAGGTTACGCTCACTAAGCGCTCCCTCAACTGTATCACGGGAACATCATTTCCCATTATGGAACGGTATTTAAATTCTTATTTATAATGAGAGGCCCGAAAAAAACCGAAAAGTTCCATAGGCATGACAACTCAAAAAAGAATAGGACCATTCCAGATTATCAAGCGTATCGCTGAGGGCGGTATGGCTGAAGTCTATTTGGGAAAATCAGAATCGCGATTCGGCGTCAGCAAGCTTGTCGCTATCAAAACCACGTTGCCTGTGGGACAAACAGACGAAAAAAATGCCGAGATTTTTAAAGAGATGTTCTTTAAAGAAATTCGTGTCAGCGCCAATCTTAATCATCAAAACATCGTAAAAATCTACGACTTTGGCGAGCACGAAAGTCGCGCCTATATGGTCATGGAGTACATCCACGGCGTAACGTTGCGCGACTTGATGGCCTATCACCGCGAAATTGAAAAACCACTGAATACAGCTTTCATTCTGTACATCATTCATCAAGTGGCCCTTGCTCTGGGGTACGCCTTCCATTCCGTGGATCCGCAGACGGGATCAAAACTGAAACTGATTCATCGAGACATCAGCCCCCACAACATTCTGATTTCTTTTGAAGGGGAAGTTAAAATTATCGACTTCGGAATTGCGAAAGCATCTCGAGATAAAGAACTTACGCAGTTAGGTTTGGTTAAGGGCAAAGTCGCCTATATGAGCCCGGAACAAATCAAACATGAAGACTTAGATCAACGCACGGATATCTTTTCCCTGGGCATTGTTTTCTGGGAACTGCTTTCAAACATGCGCTTCTTTGCCGCAAGCACCGTGGGTGAAATCAAAAATGCGATTAAACTGTATGATGTTGCCCATCTTTCGACTTCAGCCATTAAGGACCGCTCGCCGGAGTTGCGAAATTTGCTGACGAAAATGCTGAATCAAAATCCCGAACGTCGTATCGACGATGCCAATGATGTTGCCCGCCTGGTGGGTACTTTATTATCGGTCAAGCATCCTGATTTTTCTGCATTGGCATTTGCTGAATACCTGAAAGATGTTTTCGCGGTCACATACAAAGACACGATGGCGGAGATTAAAAAGTTCGTCCTTGAAGACGATCAAACCATGACTATTAGTACGACAGCTACCGCCGAGGAAGTGATGTCAATGCTGACTCACGAAACGGAATCAGGCACTAAAACTGGTACCGGCACCGGTAATACCGCACTGACTTTGAGAGGCATCACAGTGCCACCTCTGCCCGTCACTTTAAATCCTCCGCCACCTCCCAAGGTCGACCCAAGCACATGGGAGAACCCACAGCCTATTATTCGTAATTTTGGTAAACCCCAACCTCAGGCGCCGAATATCAAATTCGGAAACGCTTTGATGGGAGCACTGGGTATTGCTGTGGTGCTGACTGTGGGATTGCTATTAGGAAAATCAAATCTGGAAGGACAAAAAGTCGCCGCTAAAAACCAAGTGCAAGTTCCGACTTTGACACCAATCCAGGTGCGCAGACCAGCTCAGCAACAAATGGTTTTACCGGCTCCGCCAAGCCCATTTAAAAAACCGCCGACAGTCACAAAACGAATGCCCAAGAAAAAACGTTACCCGGCGGCGACTCGAACTCAAGACATCACCACGTCCACTCCAGCTCCGGTCAAAAAATAAAAAACCCGGCTCATCACCGGGTTTTGCATTTTAAGTCTTAATTTCTAAGGAGCAACGGTCACTCTGTTTCGTCCACCTTGTTTTGATTGGTACAAGGCTTTATCCGCGCGATCATACAACTGAGTCCACTCTGTCTCCGCTGCGTATTTCGTCGCAACTCCGACCGAGATCGTCACTGGAATCTTTTTACCTTCGAAAACAAAATCATTAGATTCAATAGTGTGACGAATGCGCTCGCCTACTTCCGCAGCCACTTTATCGTTG
NZ_CP106855.1_gap7	120461	122037	1576	CAGCTCACGATAGCTACTCTTTAACGGAACATACTTAACCCGAGGTTCAGCCGATGCTGAACGCGAAGCCAAGGCGCTAAAAAGCCCACCGACAATTCCGGTTTTAAGAAAGCCACGACGAGATATATCCATCCCTAAAGAAGACCGCAGAAACGCGAAGAATGAAATCTCCCCCAAAAGACAATGCAGAAAGACAGGTAACTATTGAGCAACAGCCCAACTAACCTGCAAGTTCGGTTTACCGGCAATATCGACGACGTTGACGCTTAGGTTTTGATTGACCCACCGAACGATCATTTCTTTTTCAGAATTTGTTAATGTCGGATTGTGGAATCTAAAATCGAATTCAGACAAGGGTAAGCTGAAGCTTAAGGATTTCGCTTTTCCTTTTGAATTCTTAAGTTCAATTTCCAAGTTTACAAAGTTTGCTTTTTTACCCGGCTCTTCGACTTTATATGATGTCGTGGTCGTACCGGCAAAAAAATCTCTCCACTCGTCATCAGTCAGCTCCATATTCAATTTATTTTGACGCATTTTGAAATTCGGAGAGTGTGACAAAACATAAGACTGCATCATTGAGCTTGAAAGTTTCCAGTCATAGGCGACTGGAAGTGTGCAGTGATAGCCTTCGGCGAATTCAACAACGCGGATGTTTTTGCTGTCGACTTTCAAAACTTTATTCACGATCTTTTGCGAATTGATAGCATAAGGCACTAAGTAATCATGATCCGTTGCCCAGATCATCACAGGCTCTTGCACGTCTTTGTAATACGGCCAGAAATTATTCAAAGCCCAGAAATTTTCGCTATCCTTCATTCCCGGTGGCAACTTTACAGAGGAAATATAAGAAAGACCCCCATGATAAGTTCTAACAACTTCAGAAACGGCTTTGCTTAGATATTTAAAACTCTCGTATTGAACCATTCCAGGAAGTTTTTCTTCGATCCCACGCAGACGACGACGTCCCCACAAATCGATGAATGCCGAGCGTGTGCCACTTCCGGTTAATGCCTCCATTGTCTCTTTCAAATTAACTACGGGGCAAAGGGCAAAGAAGCTTTGGATCAAAGGCGCATTGGCAGGTGAATTATATTTATTCAACAAAGAAGCAAATAAAACACCAGGACCGCCTAAGCTCATACCCATAACATGGACACTGTCGACAATACGAGACAGTGGCTCTGTCGGATTGCGCAGCATCTGTGCGATTAAAATATTTTGAATACCTTCGTCATAACCGCCGAAGGAAAACTGATTGTTGTTCGCGATAAAATCGGCGCTTGTTAGATTTTCCAATAGCAGCACATTGAACGGTGACTGTTCGAATAACATCATCATCCACGCACGTTCAGGTCGAAAATCTTCGATGCTTGAAAAAATACCCGATCTAAAAATCACCAATGGACGACGTTTGGAATCTCCTTTAAGGGCCAATAAACCTTTTACTTTAACGTTCCCTGGAAGATTGATCACCACGCGACGAAGAAACGGATGATCATAAGAGTCGTAACGCATTGTTAGATAGCGTCGGACATTTACCAGCTCTCCCAAGTCATGAGTCTGCAATTGCGAGCCG
NZ_CP106855.1_gap8	138475	139093	618	AAAAGTTTACGACAGTACGAATGCACACAAAGGTTACATCTACTTTGGCACTCCGAGTGGTAATGGTGTTGCCGTTCAAATGAGAACTGCGGACCAATCCATGTCGACAAGTATTCAATTGATCAACTCTGACGGTCGCTTAAGCTTCCAAACTGGCGGCACAGAAAGAATGTCTATTGCCAACGCAGGTACAATCACGACTAAATATGCGGTCGCTGGTACGCCCACAACTGTTGCTGCTGCGGCGGTTGACCTTTCAACAAGCAATACTCACACATTGGCATCAGTTGGTGGCTCGACAATCACATTGTCCAACATGGCGAATGGTGGTCACTATACTTTGGTGATTACAGACACAACGTCGCGCACATACACATTCTCAGGTTGTAACTCCACGAAATTCTCGCCTTCAAATCAGGCAACAGTTTCAGGAACTCCTTCAATCTATTCCATCATCACGATTTACAATGGTTCCACTTACGACTGTTACGTGACTTGGTCGACAGGATATAACTAATCATGAATAAAACCATCGGCTCAATCATGATGATTTTGCTTTCTGTGTCTGAGTTAGCTCTGGCACAGATTCCTGGCACGCAGACGGGATTGCCTTCGGCG
NZ_CP106855.1_gap9	255351	258100	2749	AAAACATGGTACCGCGTCAGTGTCGGCCAGTTCGCGACTTCGAAAGAAGCGGCTTCTTACAGAACTGAACTTATCAGCAAAGCAAAAGTGTCCTCTGCAATCGTTCAAAAAATCACTGAGTAATCTTCCTTCCTCAGCTTTCCCAACCGACTTGGTGTGAAAGAAAATTGAAAATCCGCAAAGCCTGCGCTTCCACGCAGGCTTTTTTTATTCTCTTTTTCCTGAGGCTCAGTGACAATGAACCATGCCAATTAATAATAAACCGTTAGTCGCAGTCATTATCGCTTTTGATCTTATTTTCATTTCTATCGGTTTATTTCTGTGGCTCTGTTGGACGGCTGCAGCCAGTGAACAAGGTGCCATTGCTTTGGTGTTTTATGCTCCAGTGCTATTTGCTCTGACGGCGACAGCTTTCTTTTTAGGAAGATACTCGGTTAAATCTACGTCACTTGGAAAAATTCCCAAGATGACTGCAAGTATTCTGGTACTGTTCTATTTAACGTTTTATGTATCGCCATTTATTGGGCTCGGAACATTCCCAAACAGCATTATCAACGGTGTTGCCAGTTCCTTTAAATTCCTTACTGGGAAAAGTCCGATGGAGTGGAGCAAGCCCCCCTAGTCCGACTTGGGTCGCGCTGCTCTCCTGTTGCTTATCAAAGCGTCCATTTCATTCTTGGTGTTTGTCTTAAGCAAGCACATGCTTAAACCAACACTGTGATGGAGGTTTTTCCTATGGGCAAATCCAGTCGTTTGATTCTAACTGGAACCATCTATTCTGTTCTGGGGCTTATCGCCCTTAGTTTTGCAGGCGTTACAACTCTGGCCGCAGTTCTAACTTTAGCTGCCGTGCTGGTGGTGGCAGGAATTGCACAAGTCGCTTACGGCATCCAAGGCGTTAGGACCGGACAGCTGTGGCCCCACGCAATCCTGGGGTGTCTTGCTATCGTGGCTGGGATCATCATTGCCAGAGATCCTTACGTGAACACGATGCTGTTCACCGCAATCATCGGCTTCATGCTGTTGGTGGGAGGCCTCGCTAAAGTCATCGGTGCTGCTGTTGAACGGAGCACAGGCTGGGGGTACTATTTTTTAAACGGTGTCGTTTCAATGATTCTGGCGGCGGTCATCTTTAACAGCTATCCGTATTCAGCCTATTGGGCGATCGGAACCTTCGTCGGTGTGGATTTATTAGTAGGAGGTTTGAGTTTAGTTGGGTTGGGATACACCCTTCGTCAGACAAGACAAGAAGCCGTGCAAAATATGAACTCTATGCTGCCCGAAACATATGACGAAATTGAGTACGAATACTTTCACAAACAAAATGCGCAACGAGATGACGACCGCAGCGGTGGTGGAAAAGAAAAAAAACGAGACAAAGACCCCGACGAGTCACCAACGATTCATTAGTTACCAGGCAAAATAAATTCCGGTGCGAATCAGAACACCGAACGTGGGATTAGGATCAAATTCCTGTCCCACCAAACCGCGGCCCTCTGCAGCCGCAATCACGCCAAGACTCTCGCTAAAGCCATAGGAAATATCTGAACCTGCAGCTAATCCGCCCATGTATTTAGAACCCGTGGATTCAGTCACGCTGGAGCCCGAAAGAGTTGTTGTGACATCTTCTTTATAGGTTCCAAGACCACCACCACCATAAACAGTGACTTGCATCGCTTTTTTACGCAGACGCCATAAATGCCAACGTCCCCAAAGCAATGTTTCTTGATGATCACGAGTGATCTTAAGAGTTGGATTCCCGCTATCTTGAGAGAACTTGGAATATTCAAATAACAAAGACCAGGAAGCTTTACGGTAGGCGACGCTAAAATTCATCGGTGTTTGCTCGACGTAATTTTCAGAAGCATCTTTCTCGTATCGAACTTCATAAGCCAGGGGGTATATTTGAAAGTGATTAAGGGGCAAAACGCGAACATTTGCAGGTTTAGCTGATTTTTTAGAATTGTCTACAGAAGCTTCCTGCGCCGAAGCTGCTGCCGTCATCAGAACTGCAAATACAACAACGATAAATCTCATTTTTTTGCCGCCGTCGTATCCGTAATTTGATAACGTTTTGCTGCTGCTACGCAGATTTTATTCGTGTTCTCTTCTGTCGAATTAATAACCTCAACCAAGAATTCACATTCTTTTTGGCTCATGTCTGAAATCACGCTTGAAAGTATGCTTAAAAAGCGAGTCGGCGGATAGTACTGAGTTGAATCATAGGCTAAGAAGTCTTGGCGCAAAACCGGAAGTGCCGCCACTAACCAAGTCGCCATTTTCTTACGCATTTCGATAGAATCAACTCCACGTGTTTCCGCAGCCGTATCAGTGAATAGCTTCAACAAACGGGAATACTTTGTTCCCAATGCATAAGAAATATCACGCATGTATTCTTCATAAGATTCACGATTATTGAAGTTCGTGTATGTCGCTGCGAAATCGCGCAATCTATCCGCCTTTACTAAGCTGACAACTTCATACTGTGCAATATTCAAAGAACGTTGACGTTTATAAGCCGGCAAAGAGGGAGAAATGAAATCAGGATCACCTGTATACACCCAGCCCCAGAAGTCTGCCAGACCTTCATTCAAGCCACGGTGATAATAGCGATTGTAGTAACGCTTTACCAGTTTCTCAGAAGCAGGGCTAACCATACGACCCGATCCTAATTTTGGATTGGAATCTGTTTCCACACGTGGATTAGGTTTGGCACTTAATACATCACCTTTACCTGTTTCAACTCCTG
NZ_CP106855.1_gap10	343815	347493	3678	GACGGTTTTATTTTCTGCCACATTCACAGACGCCGTTTTGGATCTTAGCAAACGGTACCAAAAAAATCCGCAAAAGGTTTCCATCGAAGAGGGCGCTGAAGCCCTGCAAATCGAAGAGATCACTTATGACTCTGAGGAAAAAGACAAAGCCAATAACTTAATGCGGGTTTTACAACAGCACCAAGCAGAATCTTGCATCGTATTCTGTAACACAAAAAATGCGGTCAATGATGTGATGAGCAAGTTTGCCGACCTGAAAGCCAGTGCAACCTGCCTGCATGGAGATCTTGAACAAAAAGATCGAGAGCGTGTGATGGCATTGTTTAAAAATGGCAGTGCTAAAATTTTAGTGGCAACAGATGTAGCGGCTCGGGGTTTGGATATCGAAAATCTTGAACTTGTAGTAAATTATGATTTTCCTTTGCAGCCAGAGACTTATGTGCACCGAGTGGGCCGTACCGGACGTGCTGGGAAATCTGGGGTGGCCGTGACTTTACTGTCGGCCCGCGACACCTTGAAGCTGATCGAGATTGAAAATATCACAGGCCGTAAATTTCAAAAGCCAACGTTAGGATTTAAAAACCAATTTGGTTTAAACTGGGAATGGAAACAAGCTCCTATGCAGACTTTGATGATCTCTGGGGGACGTAAAAATAAGATTCGTCCGGGAGACATTCTGGGGGCCTTAACCGGCGCATCGGGGGGCCTTAAAGCTGCCGATATTGGTAAAATAGAGATGTACGACACTTACACGTATGTGGCGATTAAAACAGAGCATGCGAACCACGCTTTGAACAGCCTTCGTAATGGCAAGATCAAAGCGCAAAAATTCCAAGTTAAAATCGTAAAATAGAACCTCGATGTTCGCACGCCGCCTTTTAAAAATGCTAGAGGCGACGTGCGCAATACCTTTTATTTAAGACCTAACAAGATATCAAAGTCTTCTTTGGACAAGGCGCCACTTGCGTTGCCACCAATATCCGCAGTTGATTCGGCATTTCCAAATAGGTTTTGGAATTTAACGCCTTTGCGGTTCTTTAAAACTTCAATTTTTTCTTCTAAGGATTCATGCATGATATAGCGGAACACTTGTACCGCTTTGCTTTGTCCCAAACGATGGGCACGGTCCGTCGCTTGATTTTCTACCGAGGGATTCCACCATGGCTCTAAGTGGAACACATAGCTTGCCTTGGTCAAATTCAGGCCCACGCCACCCGTTTTTAACGTCATCACCAGCACTGCCCCACCATTCGTGGCGTTGAACTCGGCCAAGATCTTTTGACGTTGAGCCGTTGGAATTCCACCATGCAAAACAAAGACAGGAACACCCGCCTCATGCAACAGGGCAGCGGTACGTTCTAATGTCTGCAAGAACTGGGTAAACACTAAGGCACTTTCACCAGATTCCACGATCTCGCTGATGGACTCTAAAAGAGTTTCCAGCTTTGGTGGAACCTTTTCATATCGAACGTTAGGCAAACCCGCTGGATCAGAACAAGCCTGACGCAAGCGAAGCAAGGCCGTTAACATTTGCAACTGAACGCTCGCCTCACCATTCGTGGTCATCGCCTCTTGAACTTTTTGGTTATAAGACAATGCGATATCACGATAGATCTCCATCTGCTTGTCTTCGAACGCAATGCTCATCTTGGTCTCTTGTTTTTCAGGCAATTGATCCAAGATCTCTTTTTTGGTTCGACGTAACAACAGGGGTTTGATCTTAAGTTTTAGATCATCCATCTCTTCTCGGGTCACCATTTCCGTATTTACAAACTGACGACGGAAATCCTCGATCTTACCCAAACTGCCTGGAACTAAGATATCCACCAATGAATAGAATTCACCATAATGATTTTCCATCGGCGTACCCGTCAGACAGATTTTAAACTGGGCATTCAAAGAACGTGCAGCACTCGTTCGCTTTGTGGTGATATTTTTCAGATTCTGTGCTTCATCGAAAATCAAAGTTTTCCAATGAACTTGGGATAAGAAATCCTCATGCTCCATCAAAAGACCGTATGTCGTGATTAAGACGCAGTCTTGCTTGGTATAAAGTTTTTTACCCAGGCGATCGCGGTCTTTATTGGTGAAGACTTCCAACGGAATGTCGGGCGTGAATTTTTGGACTTCACTTTGCCAATTAAAGATCAAAGAGGATGGAACAACGATGAGAACTTGTCCCAGTTCTTCTTTTACACGCAGGTCCTCAAGGAACGTCAACGTCTGCAAGGTCTTACCAAGACCCATATCGTCCGCCAATAAGGCGCCCAGGCGAAGATTGTAAAGATCCTGCAACCACTGCACACCGTACTCTTGGTAAGGCTTTAATTCAGCTTTTACGGTTTTAGGAATGGTGACAGGACGTGGACCTTGTCCCAGGCTATCATAAAAGTCACAGATCTTTTTCCACTCGTGATCTCCGCGGATACCTACGCCAGATGCACGCAATGCCAAAAGCTCCAAGATCTGATGGCGAGGCAGTTTGTAAACTCTCTCTCCAATTCCGCCCTTAACTTTCGCGTCGGATTTGTGCCCTTGCAGCTTTTTCCAGAAGTTTTCCAAACGGCGCAGGCTTGGCATTTGTTTTTTTGGAACGAGATACAGTTTGCCATCGTATTCGACAACACCACCGCCACCGAACCCCGACATGGCATTAGCGTCGATCTCTTGTCCTTTAAGGAAGAACCTAGGATTTAATTCGAACCAATTAAAATATTTTTCAGCCGCATCGCTGGTTAACAAGAAATCGACCTGGAAGTCGTCCTCGTTCAATTCCTGCAGCGCTTGTCCTTTATAATAAATTTTAAAGCCATGAGGTAATAAAGCCTGCAAGGACTCAATAGTGTCATGAGTGTGTGAAGACTCTTTACGTACATTGGGAAAATGGAATAGGCCCGTGCGCAATGTTGGATCTTTTTCAGGATCACCGTTCCACACCTTAGACAAAAAAGAGGTGCGCGACTTTCGGAATGCATCACCGTTTGTCGTCGCAACAAGACGCTTTAACATCTCATAGATCAAACGGAATTCTCGTTCAACAGCGCCCTCAAGGATCACTTCACCGGATTCAGAATAGAAAGATTCACTGGTCTTTAAGGCCTGAACAGTCTTAGAAACATAGTCATCGAAATAGACCAGGACATTGCGCGAGCAAAGCTCCTGCAAAGTCATATCCCGAGCCAGTACCACACCCGTTCCGCTGACCAGGATGGATTGAATATTATCTTGAAGAAGTTTAAAGATTTCGTCTTCCTCAACTATTCGACCATCAGTCAATTCTCCAGCGAAATACCAATTCAAAGTTTCCAAAGTCAGGTACTGCAACACACCCAAGTGGCGCAGAAGTTTTAAGTCCCAGTCCCGTTTACCACGAGCCCGAGTCGCGACTTCTTTGGCGTCTGTTCCCAAGAAATAAGGCAGGCCTTCTGAAAGTACATGCAAGTACAAGGAGGCACGAGCTGTCCAACCCGAACGTGCCAAGTCCTTTTGACCCATAACACGGGCTTCATGTTGTAAATGAAAGCTGCCTGTCTCCGTTAAGTAAATACCCATCACACTTTGTGAAGCTTCTAAAACTTTCGTTTCGCCTGTAATGTGAACAGGAATTGAACGCGAACGCAGATGTTTCACCATGCGTTTGGCTTCAAGTTCTCCTTCAATTTCAATACGCGGGTACTC
NZ_CP106855.1_gap11	462435	465988	3553	AACCAGGTACTATTTTAAATATGATTAAATCCCCTGCGTTCGACGCTAACTTCCGTTTGCGTAAACGCGGTGCTCAGTAAGAGGTTCGTATGCATTGGAATAAACTTTCACGCCGTCAATTTTTAAGAGGTACCGGTGGGTTTGCATTAGCCCTTCCGTTTCTTCCCTCCATGCTGCCTCAAGCAGAAGCCCAAACGGGACCGACTCTTAAAAAACGCTTTATCGCTATCCACAATGGTCACTGTCAGGCCGTCGAGCACTGGTTGCCAGATCCTGCAAAATTCACATGGAATGAAAAGCAAACCTATGCTCGCGAAGTCGCGCTTTCCGCAATTCCAAACACGATGTCACCAGTTTTGGGCAGTCAATTTGATTCCCTGCGCTCTAAACTGTTGATTCTGTCGCGCCTTGATCCTCTTTCAAAAACGCCGAATCACAATGCGGAGTGCATGCTGACCGGGGGAGTCCTCTCGGAAGCGACTTCAAGCATTGACCAAGTGATCGCTAAATTCCTTTATGGTGGCTCGCCGTTAAATCTATATGTGAAGTCCGTGGATGACGGAAATTACACGGGGGCTTCGCACGTAAGTGTTTTAAATAAACAATACGTCCCTGGACAGTTCAATCCGTCGGCGGTGTTTTCAAGCATGTTTGGCAGTGGGCCCACCACAACACCGACGAATACAGCAGATAAGCTGACCCGCCGTGATATTTTGGTGGTGGATAAAGTTTATGCTGAATACGTTAATTTACGCTCGAACAAGCGTCTGTCTAAAGATGACTTAGCTCGCGTGGAGCAACACATGGCTTTGATCAATGATCTACAAAAGAAATTAAATGCCAACGTTTCAGCTCCGCCTGCAATGACCTGCAATTCCCCGACAGGACCATCCACATCACCAACGAAATCCAGCAACCCAGCGGATTATCAAGTCGTGATTGATCAGATGTTTGATGTCATCGAGGTGGGAGTTAAGTGCGGAAAAATCCAAGTTGCCACTTTGATGATGCACGTTTACGACTATTTCAGCGGTTCCGTAAACTTTGTTCCCGGCATCACGGGATCTAATCGCTTCCATGAAGACATCAATCATGCGGGTACCAGTGAATTGCGCGCGATGAAACTTGCTATGATGACTTTTTTTGCAAATCGCGTTTCACGATTTTTGACCCGCATGGATGTCGTTGAGGATTCAACAACCGGCTCGACCTATTTGGATAATTCTTTGATCCTTTGGGGGAACGACCAAGGGACCACAAAAAATACCAATGCCCATAATTCAGTGAACAATCCTGTCTTGCTTGCGGGAAGTGCAGGTGGTTATTTAAAACCGGGTCGCCATATTGATTATGGACCGTCCTATGGAAATTTGCGCCGCCCTATTGGAGGAGATGAAGGCGACTATAAACGCGGTCGTCCATACAATCAGCTTCTCATCACCATCATGCAAGCAATGGGAATGCAACCAGCAGATTATGAAGTGGGTGCGACTCAAGGATACGGTGTGTACGGCACCTTAGAATCCAGCTATACGTATTTGGGAGTCAATCACCGCCGTGAAATTCTGCCACTGATTAAAGGCTAAAAACAATGCGGGTTTAGAACATAAAGCCCGCTCTGAATTCATCCACGGATTGATCATAGTTTACTAAAGTTTCTGCATAACCGTGGTAATATTGAACATAAAAAGCCGGAACGACTTTAATTCCACCGACGTGGAAGTTCATACTGATCTGATAGCCACCTTTATTAAACTCTGTTCCCCACTTACCACCGGGGTTGACATTAATAACAGCTTCCAGTTGATCGAACATAGAATCAAAGAGCTGAATAAATTTAACTTCGCCTTCGACAGGTCCAACATAGTCATAGATGTCGCGATTGGTTTCATCAACATCGTACAGCAGTTTCACTTTTGCAGAAAATTGCACAACCCAGCTTTTTGATTCAAAGGCCCAATTAGCGCGCAAGTAACTTTGGTTATACGAACGAGAGTCCGCACCCGCTTTTCCATTGGAGTTGTGTTCAAAAATACCTAAATCCAAAGAGCGAATGGATTTACGGTCATAATCCCAACGGTAAAAAATCTCTGGATTGTACGTGGCATCCTGAAAGGGTTTGGATTCTTCTTGGAGTTCCCAGAAAATAATTTGGCTATAGGCAAAATTCAATGGAAACTGTTCCGCCAAAGGCACTCGAAAACTAAATTGCAACTTGGATGAGGGCTCCCCATACGCAAAGTAGATCGGCTTATAATAAAGAATTCGCAGCTGCTCTCGTTCCTCTAAAGCCGTTAGTTTCTTTGACTTGTTGATCAAAGCATTCTGCCCTAAAGAATCCTCAGGCGTTTCCGTGGAAGTCTGAGCATTGGCGATCAGCGGAAGAATAAATAATAAAATAAGTAAAAATCTAAACACCGCTCGTCCTAATTCACAGGGTTAGCGACAGGTTGGTCAACGGGGCTGGTTGGTGCTGGTTTATTCGGATTAAAAAGAAGTGGATACACCACGACCGTTACGCCGAACACCACAATTAAAATAAGTGCTACTGTTGCCATTGATTTTTTATTCCACATCGCCACCACTCCTTGAGTATGCATTCATCATGCAAAGCAAAGGATGTGCACAAACTGAAGTTGCTTTAAAACAAACCAATTGCATTATACGCAGATGCGCTTTTTGAAAATCCCATTCTTCCCCAAGCGCCTGACCCTTTTTGCCCCATGACAAATGGATCTAATAAGTATTCTTTCTCTAAGTTTTTGATCCAAATAATGGCATTCAGGATCAAATTTTGATACTTTAAAACCCGCTCTTGAAGTGCCATCGTAAACGGCGCAAAACTGCATTCATACCGCCCCTCTTACAAAGGAGAGACAGATATGAAAGCACTGTGGAACTGGCTGACGACACCTGGCGCCTCTGAAGTAGACATGGCCTTGCTGGAAAAAGAATTCGGTACAGGATTCATGAACTGGAAAGATTAGCTACACATGGATATCCAAATTCAAAAGATCAAAACAGTCCTTAAAGAACAGCTAAAAAAACGCAAGATGACTTATGAGGATTTAGCTAAAGACCTTCAAGTGTCTGTTCCAACAATCAAACGTTGGATGGGCGATCACGACTTGGGACTGCAAGATCTTTTCAGAATTTGTGATATTCTGGATCTGACTCTTTCGGATCTGCACGCATTGAGTTCGAATGTCAAAAACTCTAAAACTCCGAATCGCTTGACGGATGAACAACAAAAGTTCTTAGCAAAGAACATGAACTATTTGTCCTTCTTTCTGCAAATTCACGACGGCAAAAAGCCTCAGGAAATTGCCGAGCGCTATAAATTGACCAAACTATCCGTCGACAAATATTTGGTGAAGCTTGAAAACTTAGGCTTGATTAAAGTGACAGGTAAACTGCGAGTTAAATCCACTTTTGATGATCAAGTTGATTTTGGGGATGGCCTTTTAGCTAAGACCTATTACAAGCGCTGGATCGATGGCACTGGAGAATTCTTTACGCAAGTGATCACTCACGCACTCACTAATGAGCAGTC
NZ_CP106855.1_gap12	503222	507231	4009	TTTTCTGGGAAAGTATTAAATTATATTGAGTGGATGAGGCCACGAATTGAACTTATTCACAAAAAATTGAAAAAGACAGGCAGCATTTTTCTTCACTGCGATTGGCACGCCTCACATCGTTTGAGATGTGTTCTTGATGATGTATTCGGTGAGGACAACTTTAGAAATGAAATTATTTGGAAAAGAACTTTTACTACCGGAAGCTCTAAATCTATCGCGAAAAAATTTAGCGCCAATACAGACACCATATTTTTCTATCAAAAATCAAAGGACTCTTATTTTAATGTTCCCTATAAGGACTACGCTCCCGCTACTCTAAAGCGGTATGATAAAGTTGACGAAAATGGACGGCGTTTCAAATGGGAAAATCTGAAGACCTATTCGAAAGATAGATTAAAAGAAATGTTAAAGTCTGGAGAAGCCAAGTTCAATAAGGGGTCAAAGAACCCTGTTTACAAGGCTTATCTTGACCCCAACAAGGGAACCCCTATGGATAATCTTTGGGATGACATTGAGTTTATTGGCACCAAGTCTCCTGAACGACTTGGCTATCCAACGCAAAAACCCGAGGCCCTTTTACGAAGAATTATTGAATGTGCTTCAAAAAAAGGAGATGTGGTTCTTGATTGCTTCGGGGGTGGTGGAACAACCGCAAAAGTCTGCGCCGATCTTGGTCGAACATTTATCACGGGTGATGTGTCCCCCGTATCTGTTAAGATTATATCCGAACGTTTATATTTCGATGTTCCCGATGTGAAGTTCGAGATCAAAAACTTGCCGCAGACCGAAGAAGAACTAAAGCAAATGAACGGCCACAAGTTCGCGGAAGTTGTCTGTGAAGTAATGGGTTGGGATGTAAATACTAAAAAATCTGGCGATGGTGGGATTGATGGATGGGCAGATGGTGGAAAACTTCCGATCCAAATTAAGAACCATGCTACGGCTCCCGCAGGTCGTCCTGATCTTCAAAGGTTTTTCGGAGCTTTGGGGAAAAATAAAAAAGGTATTTTTGTCGCGTGGAGGTTTGCTTCTGAAGCTCGAGAATATATAGCTAAAGTAAAACAAGACCATAAAGTCGAGATCGTAGCGATGGAATGTTCGGCGGTTTTCGGAGGTCTTCTTTTAGAGAAGGCTAAAGGTGAAGAGATCGAAAAATTATATTTAGAGCGCAGACCGAAAAACTGGGCTAAAAATGTAGCAAAAGCCGAAGCACATCAAAAAGTTTTGGAAAAAATCGCAAAGGCAAAGAACAAGCCGATCCGAAAGAAAAAACAAGTGGAAGCAGGCTAAACGAGCCTTAATCCGCTCTCATTCACACGGGCCTTCTTATAAGAATATTTAAGAAGGTTCTCGTAATGATCCAAAATCTCATCATAACGAGCCATTTCATACGCATCTTCAAGAACCTCTGGATCTAAACCATCACGAACGACAAAAATCTTTTCGATTTCCTGTTCAATTTGATGGAGCTGGAGATTGGTTAAAACGGTCTGTGTCATATCGGAACTTTTAAATTCTCGCAGTTAACCGATCAACCAAATAAGGCTTAACGCCGCACAGAGTCGTCGTGGCGCACGGCAGCGAATAGCAGATTCATCCTGTTTACATGCTATAGGGTAGGCTCAGCTGGTTAGAGCAACGGAATCATAATCCGTAGGTCGACGGTTCAAGTCCGTCTCTCACTACCAAATTTTATCTGCTTACGGGCGATAAACATAGTTCATCGGATGCGTTCTGATGGAAGTTTCTCCGGAAATGAGCCTCTGAGAGAAATATCAAACCTGCAGAGATGCGGGTTTTTTTATGCCCTCCGCAAGTTCTAAATAACCAAAGCCCTTAGCAGAAAGCTTCTTGAGGAGCTTCCACAAGTCGCGAAGCTTCACGTTGGCAGTTATCGCAATGTTCGCAACGTTCCCATTCTACTTTTTGCTCGAAGTATTCCAGGATCATTTTCCATCGGCAAAGAGCAGATTGCCCGTACACGATCATTTGTTTCAATTTATCGGCATCAGCCACTTTTTTCTGCAAATATCCATCAATCAGATTTTGTAGCTGGGCTTCAGTTAAATTAACGACTTTTAGGCGCAGAACCTTTTTTGATAAGACTAGAACTTTTGCGCTTTTCAATAGCGCTAATAATACTTTCACTTTGGATTTTGGAACTCCCAAATCTTCAGTGATGTCGGCTTCGTTCAAAGCGGGATCTTTAAGAGTTAAACTTTGCAAACGTTCATAAGTCTTTTTTAAGTCTTCAAGGTCAGGATATTTACCTGCCAAGAAAAAACTTTGAGTTCGCTTGTCTTGTTTTAGATAAAGAAGGATACAGCGAGAAAAATTTCCGTCGCGTCCTGCCCGCCCTGACTCTTGATAGTATGCCTCCAGAGAGCCTGGAAACTGAAAATGTAGGATGAAACGAATATGGGGATTATCGATACCCATACCGAAGGCATTGGTTGCGACCATGATTCGATCTTGGGATTGCATAAAGCGCACACGATTTTCCGAGCGGGCCGCAATCGAGAGTTTGCCGTGATAGAGATCAACGGGATACCCTTCGCTTTCTAAAAGCTCGTGCAATTGAACTGCGGATTTAACTGTGGCGCAATAGATGATGCCACTGCCTTGGACCTCTTTTAAAATCTCTAAAGTTTTCGCCGTTTTTTCAGCTTCCTTTTCCACCATGCTGACTTCATAAAAAAGATTCTTGCGCAAAACGCCCGACGAAAAGACTTCCATCTGCGGCAGCTGCAATTGCTTCTTGATATCGTCCACCACTTCCGGTGTCGCCGTGGCAGTAAGGGCTAATACAGGAGGCTGACCTAGAGTCCTCCACGCATCGGCAAGTGAAAGATAGGCCGGTCTAAAATCGTGCCCCCATTGGCTGATACAGTGGGCTTCATCAATAACAAAAAGATCGATCTTTACTTGCTGCAAAGATTCTAAGAAATCCGGGGCCGTTAATCGTTCCGGAGTGACATAAATGAATTCCGTCTTACCGTTGGTAGCGACACTGTAATTTTCTGTTTGTTGTTGGGAACTGAGAGCACTGCTTAACTCTACCGCATCGATATTTAAGCTATCAAGTTTACCTGTTTGATCTTTCATCAAAGCGATCAAAGGCGAAACGACAACCGTCGTGCCCGGCAACGCTAATGCCGGCAACTGGAAACATAAGGACTTGCCCGCCCCGGTCGGCATGATGGCCAAGGTCGGTTTTCCTGCGAGCACCGAGTTGATGACTTCTTTTTGCCCCTCGCGAAGGGAACTAAAGCCAAAACGATCTTTTAGAATTTTTTTGATTTTAGGAGATGAAACGGTCAGCGCTTTTTCCATAGAAAATCTTTAAGGCACATTGCTTTAGACGTAAAGCGGAAGTCCCTAGGTGACAAATTCGTAACACGTTTTGACCCTGCATTTTACTCTGTTTTGTGATGTTCTTAGAGGACCGGGAAGGAGCTTTCATGGAACGGAAAAACATTCTAATCACCGGAGCAGGAATTGCGGGACCCACGTTGGCATATTGGCTGACACGTTCGGGTCACAAGGTGACGCTTGTTGAAAAAGCTTCCGCTCCACGCTTGGGTGGTCAAAATATCGACATCAGTGATGCGGCGATTGATATCGTCAGGCTGATGGGAATTGAGAAAGAAATTCTTCGCCATAACACAACGGAAGTTGGACTTCACATCGTGAATAAAGATAACCAAGTCGAGGCAGAATTTCCTAAGGATGCTCCGTTGTCTTTCACATCGAAATACGAAATCCTGCGCGGTGACCTTGCAGATATTTTGATTCAACTGACGCGATCGAAAGTGGATTATCGTTTTGGAGACTCGATTGAATCTCTGACCCAATACGCAGAAGGCGTGGAGGTTGTTTTTAGCTCCAAGACTCGGCAACGATTTGATCTTTTGATTGTTGCTGAAGGCGTTAGCTCTGCCACTCGTAAAATGATTGTGCCTGATAAAAATCCCTATAAATATTTGGGAGTCTACACCTCTTACACCAC
NZ_CP106855.1_gap13	565443	568633	3190	GCAAGCATTTAAAAAATTATCAGATGTGGAAGAGTGCACTGAGGAAAAACTCAGTTCAACTAAGATGATCGATATTTTAACAGCCGACCACACCACTCTTGCAGAACTCTACAAAGCCCGTCTGGAAACAGCGGAAAATGAAGAGGAGACGAGTGCTGTGACACTGTATGAGGACTTGATCACATTCCACGAAAAAGCAGCCTGGATGATTCGCAGTCATCTCTCCTAGTGGCGCTGCTTTTGAAAACGCAAAAGGCACCTTGCTGAGGTGCCTTTTGTCTTTCTAGATGCGTTGAAATTAAATATTAAACAACAAGCTCGATGATGGCGCGGAACCCGTGATTCCCTGCCATTGCTCCTAAAATATTTCTCAGTGAAGAAATATTCTTGCCCTGAGCCCCGATAAGTTTACCGCGAAATTCCTGTGGCAACTCCACTTTATAAATCGTGGTTTTCTCTCCGCAGGAAAATGAGACTTCGACGTTGTCCGTACAAGATGTCATTTCCTTTACCACTGTCGCCATAATTGATCCGATTCGTTGACGTGCTTCATTCAATTGTTGTTCGACTGTCACAAAAACTCCTACATACTACACAAGAAATTGTTGCCTCAAAACCGATTGATCGCAACAACCAGAATATTTTCTGGTCCTTCCGTTCCCCGTAAAAAATGTGAAAAGTATTCGGTGATACTCCACAGATTGTTCACAGACATGTTAACTCGTGTAGCTATTATTCAATTCGACAAAGCTTGCGAGTTCAACTTTTCTTTTTCATTGTTTTTGTTTTGAATCGAGACTCCAACAACAATAGGAGGATTCAAAAGTGAAAAAGTTAACAAAACTTGCCGTAATCGCAGCATTCGTGACTCCAGCATTTGCTCAAGCAAATAGTGAGGCAGAGCTCACAGTTTCTATGGTTGATTCAATCGTCTACGCAAAAGCCGACGCTCCGGACTCTTGCAAACAAGTGAATTTGACCGATGCCCAACAAGTTTCTTTGCGTGATGCGTTCTTTGATTTCAATAGCGCGAAAAAACCACTTAAAAGAGATGTGAAATCTTCTTTGAGAAATATGAAGCGCGTTTTCTCTAGCTCAACATCGACTCGCGAAGATGCAGTCGCATCTCAAACAGATGTGGGTGCCAAAATGACTGCTTTGGGTAAATTGATGGGCGATTTCCAACTGAAAGTGTTCTTTGATATTTTGACTCCCGAACAACGTGATCCAGCTATGCGCTGTTTGGAAGATCTTAAATAGATCGCCGTCGAAAGAAAATTTGATTTCAGGTCAAAGGGTCTCTGGGCACAAGAGGCCCTTTGCATTTTAACGGTGGCTCAGCGTCTTTTTTCGAGACTTTAGCCTAGCTCCATAGTCTCTCCACATTTATGGCCGAAAATGGAACTTAAGGACAGGGATCAATTTTGATACCTTAAAGACTATGGCGACACAAATATTTCTACTTGAAGACGATCCTATCTTGGGCAAAGCAATTCAGATGCAGTTGGAGTTAGAACAATTCCAAGTGTATTGGGCGAAATCATTGGCGGCAGGTCGCGAGATCTTTAAAACGACCCCTGGTATTGATCTCTTCTTGTTAGACGTTAATCTTCCGGATGGCAACGGCTATGAATTTTGTGAATGGCTTCGCAACGAGGGAATTAATACTCCCATCATGTTTTTAACTGCGCGCACTGACGAAGAAAGTGTGGTGCGCGGATTTGAACATGGAGCAAACGACTATATTCGCAAACCATTTGGCCAAAAAGAAATTTTGGCCCGTATCAAAAACCAGTTGAATGATCGTAAACCCACGTTGGATTTACTTCGTTTCGGCGGATTAACTTTGATCAAAAATCAGCAGGTCCTAAAAACCGAAACGGCTCTGGTGACGTTGAATCGTCGCGAATTCGAGATACTGCGTGTGTTTTTTGAAAATCCTGAAACGATTATTTCCCGTGAGAAACTGATTGCGAGCCTTTCCTCGGGAGAGGAGCTTTTTGATCGTACGGTTGATTCTCATATCAGCCATATACGTTCGAAATTAAGCAAGAATGGAATCTTGAATGTGAAGATTAACTCGGTCTATGGCCAAGGATATCGCTTGGAGAAAACGGCATGATCACACGTTCTTTGTTCCGCCGAAATTACTTCATCTTCGTTTCGATCATTATTGTATTTATCTTTATGGCTTTTGGCTCGGCTTGGTTGGTGTCTTATTTGGATCGCCCAACAACCCAAGTGCGTTATATGAAACCCCCGAATTACTTATTCAGAAACTTGTATGAACAATTGGACAGTGATCCATTGGTCGCCTTTCAAAAGTTCCAGGCAAGTAACAGTGCTGATAATTTCATCCGTTTTGAGTTGATTGATAAATCGGGACAAAGCCTCGTCGATGGAAAACCCGTCCTGCCACAACCTTTGACTGAAACTGAAATTCAATCTTTGGCGCAAGATAAAGCGGTTCGTTTCGGAGAAATGGAATTCGGCCCTCCCCGACTCGAAGTTTCTAAAACGAAATTTGCAGGGGTTTACTTCGTTCATAGATTTAGCCCGCAACAATTTGGCGCGGGACCTGGCGGACCCGGAGGCTTACCTCCAGGAATGCCTGGGATGTGTGGCCCCAAACCTTGCGGTGGAGGCGGACCGGGCGGTCCTCCTGGGCAAATGGGTCCTCCTCCTGGCCCTGGCGGTCCCGGTGGACCCGGCGGTCCTCCAAATTTTTGGTCGGTGCGCAGAAATCCTCTCTTCATCATTCTTGGTTTCTTGATTGTTTTCACATTGGTATCTGTGGGTGTTGCTTTGATCTATCAATTCTCCCGCTACCGTGAACGGGCTGAAGAAGCTGTGAGTGTCTTGAATGAACTTCGCCACGGAAATTTGTCAGCACGATTGCCCGCAAAAAAATATGAAGAGCTTGCACCACTGGTTAATGCCTTCAATCAAATGGCCAGCGACGTTGAGAGTATGGTTGAAAGCTTGCGCAAAGCAGACCAAGCCCGCCGTCAATTACTGCAGGATTTAGCACATGACCTGCGCACTCCCCTGGCGTCGCTGCAAACATTTTTGGAGACAATGCAAGTCGGTGAAACACGATTGTCCTCTGAAAAGCGGCAAGAGATTGTTGCGTTGTGCTTTTCTGAAGTCGAATATTTTGGAAAATTGGTTGAGGATTTGTTGTTCTTAG
NZ_CP106855.1_gap14	579878	581251	1373	TTTCTGGACAATCCCCACAGCGCTTGCCTTAGGGAATGCATATATTTGGAAGCCGTCGGAGAAAACTCCGCTCACTTCACTTAAAATCGCTGAAGCCATTCATGAAGCAGGAATTCCAGCGGGGGTCTTCCAAATCTTGCAAGGCGATTCTGAAACATCACAGTCCTTGATTGATCATCCAGATGTCAGTGCGATCGCATTTGTGGGCTCAACTCCTGTGGCGCGTAAGGTTTATCAACGTGGAGCAAACCTCGGGAAACGTGTTCTGGCTTTGGGTGGCGCAAAAAATCATATTGTTCTTTTACCGGATGCCCAACCTGACATCGCAGGCCCCGGAATTTCTGATTCCTTCACGGGATGTGCGGGACAGCGCTGTATGGCTGCAGCGGTATTATTGGCGGTCGGTGACGTTGAGACTCACGTTCAAAAAATAGTTGAGCGGGCGCGCTCGATGGAACTTGGTAAAGATATGGGTGCCATCATCACGAAATCCCAAGTTGAATTCCTGCACCAGCAAATTGAGAAAGCTGTTCAGGAAGGTTCTAAAATTCTTTTGGACGGTCGAAAAGCAAAAGCCCCAGCCGGCCTTGAAGGTGGGAACTGGATTGGTCCCACTATTTTGGATCATGTTCGTGCCGATCAAGACGTAGCTAAACTTGAATTATTTGGTCCGGTATTATGCATCGTTCGCTGCAAGGATATATCTGAAGCCATGAGCATCGAAAACTCATCGCCAATGGGTAACGCCTGCTCCGTGTTTACCTCTTCTGGGGCCTTGGCTGAAAAAGTTATTTCAATGGCTTCAACAGGAATGGTTGGCGTCAATGTGGGCGTGCCTGTGCCTCGAGAACCGTTTTCTTTCGGCGGCATTCGCGAATCCAAATTCGGTCACGGAGATATCACTGGCACCTCGTCGTTAGATTTTTGGTCAAACTTAAAAAAGGTCACCGTCAAATGGGACCAACAACAAGACAACAATTGGATGTCATAATGATGGACTTTAGAAGATCACCGCACGTCGTACTTACTTCTCACTCAAGTCATGTCTTCAGGGAAAGCCTTCCAATTCATTGGGGCGCCAAAAGCCCGATGGAACGTGGGCCTGTCATCGGTTCTTTGACGGATACGAAAAAAAGAAATGCCATTGGCACACACAGTGGCAGCTACACAGTCTATCGTGCTTTATCCATCTCTCAAGGGCGATACTCCACATCTCACCGTCCTGATCTGCACAACACGGAAAGCCCGGTGAAATTCGGTCCATTTCCGTCGTGGTGTGACCCTGACAAAATCGTTTCATTGGACCCGTGGGGCTTTGATGTTCCCCAACATTTCAAAGAAGCTTATGAATGTGGGTACGACGTGAGACCCAC
NZ_CP106855.1_gap15	591373	591919	546	AAATCTCTGTTACGTAACGAAGATCAGAACCTCTACGTGGCTCATTACGATTGCGACGTTGTTGACGAGGACCCCCTCCACCAAACAGGTCACCAAAAATATCACCGAAATGAGAGAAAATATCTTCCGTATCTTGGAAGCCACCTCCTCCACCACGACCTGTAAACGCATCATGGCCGAAGCGATCGTATTGAGCTCGCTTTTGAGCATCACTTAAAACCTCGTAAGCGCCAGCCGCTTCTTTAAACTTTTCCTCGGCTTCTTTATTCCCAGGATTTTTGTCAGGATGATACTGCATCGCCAACTTGCGATAAGCTTTTTTAATAGTGTCTTGGTCCGCGCCTTTTTCGACGCCTAGAATTTCGTAAAAGTCTCTTCGAGCCATGTGAATCCGCCATTAACAATATGCGCTATTTTAAGTCATCAAAATATGGTGCTTCATTGGGATTCGTCAAACGCGGATTTTAAGAATCGTACGATTTTAGATCATTTCTTTGAATATAAGCAGCTTTTGGCGGTGTCACGTAGGTTTTCATGTCGTAATCC
NZ_CP106855.1_gap16	592952	596179	3227	TTCAGTAATACGAAAAGAACAGAAATACCAGACCCAATTCCAGTCCAAACTATAAATGATTTCGAAAACTTGTTTTTGTAAAAAACCGTACAAAATAAAATCCAGCCGAGAAGTGAAAATGGAAGCAGCAGAAATCCCGCTTTACACAAGAGGCTGAACCAAAACATTAAAGTCGCCAAAGGCAAATTCCATTTATCCAGACGAGACTTAGCCTGGAAATAATCTTGAACAAATAAGACACTGCAAAGAATAAAAAACCAAGACATCAAATCTTTTCTAGCTGAAATCCAATGAAGTGATTCAAGATGAAAAGGATGGAGAAACCAAGCACAAGACATAATTAGGCTAAAAAAGACCTGACTCGTAATTCTTTTTAAAAAAACAAAGGTAAGTATTCCGATACCTATGAGCCAAAGCAAATTTTGGATTTTGGGAATAGTAGTGTCGACATCTATATTTTTAGAAAACGTCCAATCTATCCACGTGCTTAAGTCACGCAATGGATAGAAATCAGGAGAATAACCTGGAGTGATAAGAACTTTAAATGAATCCCAGCTCCAGTTATTGCGCAGAAAACTTTGCGTGAACAAAGTGCTGTCATCAATACTAAAAATAGCTTCACCAAGTCCCGGAATAAAAAAAAGGATTAGGAACACGACGGACGCAACAGGAATCAATGTAATCCAAAAATGCCGTTTGCTCATTTATATCGAGCTTTCATACTCTCAATTTTTTGCTCTAATCGTTTAATCAGATGAGGGTCTTGATTTGAGGATTTCATGTCTTGAAGAAGCTTTTCGGCTAAATCAACATTTCCTGAATCAGTATATAATCTGCCTGCCAAAGTCCGAGTCCACGGAGGAGCCCCGTTATCAGCAGCCATCAGCAAAAGCTCGGCTGCCCTTTTATTGTCTTTAACTTCATACAAATAGTGATAGGCTGCCCTGTATAAAATTGGCCAATCTTTTGGAAATGCCTTCACAGACTTATCAAAAATTTTCGTTGCACCATCGATGTCTGTTATTAAAACGGTAAGTGCTAGTCCGCCTACCGCGTAAGCAATGCGAAAATCGGGAGAAAGATTCGTCACGGTATCAACCATGTGATACAGCCAGGAATCATTCTTACAAGTGTTTTCTGCAATGGACTGTTCACAATAATCTAAATCCTGCAAGAGACGAATCCAAAGGCTGTCAGCCATTACTTCGTTAAAACCAAATGTAAAATGCTCAAACATCGGCGGGGGAGCAATGTATACCGACTTAGGAATGACTGGAGGTGCCAATCGAGACTGGGTTGAAACCACCATTAATAAAGCAAGAATCCCAAGTATGACACCTGGGATTCTTTCTTGATAAATACTAAATTTCTGATTTCCTATGAACACTGCAAAACCTATGGAATACCTGAAGAGTCGTTTCTCAAGTATTTAGTTTCGTTGATTGACCACTGGTCGCCCGTCGCTGGTCCACCGCTATGAACAATCGCAACGGCTCCAGCGATAAATGTGGTTGCAGTGGATGTTTTGCCAGTCGGTTTCAGCAGGTTTTCTGCACCAGTAGCTCCAAGAAGCAGAGAACAGCCGTTGGACATTGCGCCCCTTTTACCGCAGTAGTCATAAGTCTGCATATACGCGTTTGCGGGAGTACCATTGTAACCATTTGTCGGACCCGCATTCGTACCTGAAGCAAAACCGACGTTATAACGAAGTTGCCCCTCTGGAGAATAACCGATCGCTGCAAAACGAGGATCAAAAGTTGTATACTCAGCATAGAATGCTTTTTCTGAAGTATACAATGAAGCCAAGTTTGTCTTTGCTTCTGATTGACGCGCTTTCGCGATGTATTTGTTAACTGCTGGTACTGCGATTGCAGCCAACACACCGATGATCGCAACAACGACCATCAACTCCACGAGTGAGAAACCCGCTTGGGACGTTCTAGTAGTTCTTTTCACTTAAGACCTCCATTGATCTTTTTATTTTAAGAAACCGTTTCATTCGCCTAATGCTTATCGACAATAGTGTGTCAAAGCTAAAACTCGAAATCAAGTCATCTTCATCAAAGTGACTTCATAGAAACTATTTTTTGTTTTTCCATCGAACATTTAACCGAACGGTTTTGAGACACGACTTACCGCTAGCTTTTTATTCTCGCCTAGACTTGCCTTCATCAAAATCGTGCCCATTATGAGACAAGGAGTAGAATGAAGTCTATGGCTGAAGATAACGGAAATAAAAACGGCAACTATCCTTTTTCATCACCTGAAGGCGAAGCTGGGGTCCAGTTAATCCCAAAACTAGACACTCCGAAGATGTATAAGGTGATCCTTTTGAACGACGACTATACCCCTATGGACTTTGTCGTTCTTGTATTGCGTCGGTTCTTTGCAAAATCAGAAGAAGAAGCGACGAAAATCATGTTAGATGTACATAAGAAAGGCGCAGGTGTCGCTGGAGTCTATAGTCTAGAAATAGCTGAGATGAAAGTGATGCAAGTGAACCAATTCGCCCAACTTAATCAGAATCCCCTTAAGAGCACACTGGAGGAGGAACCATGATGAGCCGCGAGCTTGAACGAAAACTAGCGGAAGCAACTGAACTCGCAAAACGTCATCGCCACGAGTTCGTAACCCTTGAACATATCTTGCTGGTCCTCTCGGAATCCCCAGTCATGGTGGAAATCCTTGAAGCGTGCGCAGTCAATGTGCAACGCCTTCGCCAAGACCTGCGGGAACATCTTAAAGTCGGAATTCCGCAAATCACCGATGAGCAACTGGGCTCTTATGGTGGATTCGATTCTTGGAATCCCGAGTTTACTCTGGCTTGCCATCGATTGATTCAAAGAGCCGCGATTCAAATGAAAAGTGCGGGTCGCAATCAAATTAGCGAAGGCAGCCTTTTGATTTCTTTGTTCTATGAACAAGATTCCCATGCAACATTTGCTTTGGCTCGCCAAGGTCTTTCGCAATTCGATATTATTAATTATGTTTCTCACGGGATCACCAAAGATGGGAAGGACCACGAGGTTCCCCCATCAGCAGCACCTCGGACAACGGAATTCAATCAAGAGTCCTTCGAAGAAGGTCGCGGCTCCCCGCTTGAAAGCTTCTGCGTAAACTTAAACGAAAAAGCCAAAGCTGGAAAATTGGATCCTCTAATCGGTCGCGAAGATGTTTTAGAAAGAACGATCCAAGTTCTTTGCCGTCGTACTAAAAACAATCCTCTA
NZ_CP106855.1_gap17	677276	678789	1513	GTTTGCGATCCGCCTTCTTTTGGTCGCTCCAAGAATGGTGTTTTCTCGATCAGCAAGAATTTTGATGAACTGTTAATCAACGCCATGTATTGCTTAGAAAAAAACGGCCTGCTGTTGTTCTGTACAAACTACGAAAAATGGAACAGCGGAGATTTGCATTTGCGCTTAGAAAAACTGAAACGCGAATTCTCGTTTAAAATTCTGCCCGCACCTTCGCAAGGCATGGATTTCGAGCTCCCCGATCAGGAGCCCTTGATGAAATCCATCATCTTGCGTAAGAACTAATCAGCCACTCCCTGCAGAACCACGACCGGAAAACTTCCAAAAAGGTTCTGCGCGGTGAATGAATTTCCAAACATTTTCTCGCCCGTGAGCACATTCATCCAAGTCTTGGGAGCGTCCTCGGGCAGATCAAATTTAACACTTAAAAGCTCTTGATCATGAAGCTTCAAATCACCCAGTTCCATTTTCGACTGGCCTAAAAACCTTGGAATGACAGTTAATACCCACTGCTTATCCAGACGTCGTAAGTACGACATGAAATGAATTTTCTTATCTCCTTCTGGAGACACTGGCAGATACTCACCTTTCAGAAAAATGTCAGGCCAATGATTTCTAAGTTGTAGCAGCCTCCAGGTCAGATACATTTTCACTTCGCCCGATTTCCAATTCTTGGAAATCTCCTGCAGATAGGATGAAGCATCTATTTTGGCCTGAGCCTGCATACGAGCTAAAAATTGTTTTCTTTCGGCATAATCAACGGGTCTGCGATTGTCAGGGTCCACCAAGCTTAAATCCCAGCTGTCACATCCCTGATAGAAATCGGCAATTCCGGGGCTTGTACCTTTCATCGTAAGTAACGAGAGCGAATTAAAGGCACCATAAAAGCTGCACTTTTCCGCAAACGCAGAAAGTTTTTTCAACAAGCGTTTGTCCCCTTTACCTGTGGGGTGAAGAAGATCATGCACGAACTGCTTTAATTTTTCTTCGAAATCAGGGTTTACTTCGGACCAACTGGTTTCGGTTTTTGATTCACGGGTGGCTTTGATAAAGTATTCCTGCATGCGCTTGATAAATTCATCTGACATAACTCCATCCATGGGCCACGCACCCAGCAATGTCTCTAGGATAAAATAAAGAACTCTTGGAGTCGGAAAATCCTGCTGACCAAAATCCTGCAGAATCTCTTCAAAAAGTGTCGTCCACTCCTGAGGAACTTCCGAAAGATAATGAATCCGCGAGCGCACATCTTCGCTACGCTTCGTATCGTGGGTAGAAGTCGCATTAAAACTCAAAGGGAATGTGCGTAATTTCTCTTGCTGAAAGGCGTGGTACTCTAATGAACCATCCCCGATCCAATCCGGTTCACCACCGACACCGTTCAATGACAGCAATGGACAGTAACGATATAAAGCTGTGTCTTCAAGCCCCTTCGCCATAACGGGTCCAGTCAGCTGTTCCCATCGTTTGATGGTCAGAAATAAATCGTCACTCCACGTTCCTTCCTCATGAA
NZ_CP106855.1_gap18	702006	706187	4181	GCTGAAATGGCGATGATCTTTTGGCTTCGACATCTTTAAAGGTGCGAAACACCAATAAGGCCCTATTACGCTAGGATGGTTTTCAGAAAATCTTTAAACCAGTTTTGGCGCGCAAGCTCTTTGCGATAATAGATGTAAAATTCGACCGGCTGTTTCTTACACCAATGCGAATAGGCCTGGGTTTCATCAAAAAGGTGCCAGGTCCTGTTTCCGGAAACAGTGCTTCCAGAAACAGGACCTGGCACCATTCACAATCTGCGAGCGTGCCGTTCACTTTCTAACACTACTTAATGTTTGCGAGCGCTTGTTGACCGACCTTTAGAGCGTGCTCCTGAATATCCTTAGGCCAGTCCGCAATCATTTTTTTAAATTTTTTAGCGTCATTCGCATACATCGCTCGAAGTGCCTCTTCGTAATTAGGAAGATCCCCGGCCATGGCATGCATAAACTTATAAACAGCTTCTTGCGCTTGCCGAATTTGGTCTTTGGCGAAATTTTTCTTTTTCGCTTCTTCGATGAGTTTTCGTAAAGTCACTGAAGCACCACCAGGTTGCAAAGACAGCCATTCCCAATGTTGAGGTAACAACGTCACTTCTTTAGAAACTACTCCCAGTTTGGGACGGCCTGGTCCCGATTTTTTTTCTTCTGGTTCGACCATCGCCTCAAGTCGTTTTGTAACGGCTTCCACAGTGCCTCGGAGATCTAGCTCCACCTGTGCGCTGGTGACGTCATCAAAGATCAATACATTTTCTTTGCCATCTTTTAGATATTTTTTAACTTTCAATGCAACTGCCAGCACGTCACCTGATGCAATTATTTTCGTTCCCGCAAATGCCGTGCAAGTCCGATCCATTCTAGGTCCCATATAAACTCCTAGTGCCCTGCTGGCGCTTCGGCAGGATCCAATTTCATCGCGCCTTTGTTTTTTCCCATCACGTCTTTATTGATGAAATACATCATCACCAGAGCCAACAGCGACAATGCCGTCATCACATAACCAATAACATCATAGTGAAGCATAGCACCTGACGAATCTTGAGCCACGATGGCGCCTGCTAAGATAGCTCCTAGCCCACCCGCCATTTGCTGCAAAGAAGCACCAATAGACATAAAAGACCCACGGCTATCCGCAGAGGGAATCGCAGACATCAAAGTTTGCGATGGAATCATCCGCGAGAAAATCCCCACGAACATGATCGAGTTGATCAACATCACCATCGGCATCGCAGTCACTCCCAAATGTGTGTAAATCAGAACTGTCACAATGCTGATAATACTTCCAAAAATGAACGTATTGAAGTTTCCAACCGTATCGCTGATCTTACCCACCAGAGGTCCAATCAAAATAGAAGCGAACCCCGTCACCAAATAAATCATTGGAAGATGCTCTAAAGAAATTCCTAAATTATGAACAGTGAAGGCACTAGAAAAAGGCATCAACATAAAACCACCAATGGATAAAATGGCCGTCGTTACAAAGGCCAATAAATATCTTGGATTAGTAATAGTATGTGCCAGGTGAACAAAGGCCTTTTTATCTGTTTGCAGAGCCAAATGGCCCGTCACCGGTTCCATATGAATCCAGAGGAAAATTCCAGCAATGGCGCTGGCTATGACGATCATAATAAAGGGCGCATGCCATCCTAGGTGGTTGGAAAGATACAATCCCGCTGGCAGACCCAAAATCTGACTGGCAGCAAATGCCGTTTGTAAATAACCCATGACACGACCACGTTGCTGTAAGGGGAAGACATCCGTTGTGATTGCCATCACAATAGAGCCAATCACTCCCCCAAAAAGTCCCGTCACAATACGGGCAGCTAATAAGAAATGATAATTCGGAGCTAAACCACAGAATAAAGTTCCCAAGATAAAGCCGACGTAAAAAAACATCAGAAGTTTTTTACGATCAAACTTATCCGCAAACCCCGCTGTCAGCATTCCGGAAACAGCGGCACTGATTGCATAGGCAGAAACCACAGTTCCAAACTGACCCGCCGTGATGTTCAGTCCCGGCATCAGAATCGCCCCGAGCGGAGCTAATATCATAAAATCGAGAATGATCGTAAATTGCAGAAAGGCCAAAAGACCCACCAAGATTTTTTGCTTTTTAGTAAAGACCAATGCTGATCCGGAGGGAATTTTTTGAGTTTCACTTGTCGCCATCTAAAATGCCTTTGAAAAGGTTGATGGAAACAATATTACCCGGGTTTTATTAAAAATGCAATATCACCCGGGTAATAATAATTGAACCCGGGTAAATCACTGAATCCGCTAGGGAATAACTTAAACGCAAAATAAAAAAGCCCCCGTCTTTCAACAGAGGCTTTCTTAAAACATTCAAAATTTAAAAAGGTACCGCTTACTTTTTGGGTTTGATTTGCAAACCTTTAAGAGCGTCCCCTAGGGAGCCGAAACCGGAACCGGATGCCGGTTGGTGAGCTCTCCATGTGTGGTCTTCGCCTGCACCTGGAACACCCAATGAAATTTTCTTGTCTTCGAATTTGATTTCGTCGATTTGCACGGCGATATCATCACCGCGTTTTTTATTTTCGAATTGAGCACCATCAACATGATCGCGCCATTTTGCCTTTGGCAAAAGGCCCGTAATGCCTGGAGCGATGTTTACAAACAGTCCGTAAACTTCTTTCTTTTCAACTTTTCCGTTAACCACAGTTCCCACTGGGAATTTTGCCGGAACGGAATTCCAAGGATTGCCGTCACCGTCGGCCTGCTTCATTGACAATGAAAGCTTCAACTTGCCATCGATCTCTTCCATTTTCAAAAGCTTCACAGTCACAGTTTGCCCTGGAGAGACAACTTCTTGAGGGCTGTGCACGCGCGACCACGTCAGCTCTGACAAGTGGATCAGGCCTTCGACACCTGATTCAAGCTCAACAAATGCGCCGAACTTCTCCAAACGAGTGATACGACCCTCGAGAATCGCGCCTACTTGCACTTTCTGCATAAAGGCACCTTCGTTTTCAACTTTTTGCATTTCCAAAAGTTTACGACGAGAAACCACGATGTTGCGTTTATCAAATTGCGTGATCAAGAAATCAAATTTCTTACCCACGTATTCAGATGCATCCGTCACGAAGCGAGAATCAATTTGGGAAATGGGGCAGAACGCTGTTTTGCCTTGAACGTTAACGCGCAAACCGCCGTTAACAACTTCAGTCACAGTACCAGATACCGGAAGCTCCATATCGTAAGCGTCTTCCAAAGAATCAGCTTCCGCAGATTTTGAACCTTTCATCGTCAAACGGATCTCGCCACCTTTTGTGGAAAGAACAACAACGTCGATCATATCGCCTACGTGATATTTTACTTCTTTGTTTTCATCCAAAAGGTCTCTGGTGAAGATCATACCATCCGTGGGAGTACCAGTAGAAACAAAAGACTCTTCCTTACCGATAGACAGAATTTCGCCACGAATTTTATCGCCCACAGAAACGCGGGTTTTCAACCCACCCGCTTCAGATTGTGCAAACATCGCCTCGAAGTCTTCGAAGGATTTACCAGAATCAATATCATCACCAAAAATATCTTTTTTACTCATACTTTCTCCGCAAAAAGGAATCTCTAAGGTGTACTCAATCCCCCCTTGAAGGGCAAGTCAGCACCCGACCTATGCCTTGATTGCCGGAGCGAGTTAGGCACAACCTACAGTGGTGCCACAGTTAGGACAGCGGTAACAGCCGCTCGTAAGCACTGTGTCGCTTCCGCATTCTGGGCATTTCATCGTAAATTTTGGAACAGATTCGGCCTTGGAACTCTTTTTCTTAACGTTCAACGGCTGACTGAGTTTGCTGCCATCGCGATATACAGCCACCGCCTTGACCCCAAGCTCCCAGGCAAGGAAGTAAATGCGTCCAATGTCGTCTTCAGTTGCGGAGTGAGGCAAGTTCACTGTTTTTGAGATCGCTCCACTAATAAACGGCTGAACCGCAGCCATCATTGTTACATGGCTCTCCGGGGACAGCACGCGCCCGCCAGGTGCAGCGTTGGCGCAGTCAAAAACTGGCAAATGCTCATGCTTAAATTCAGGGCAACCAACAAGAGTGTTATGTTCCGCGATAAATGCCACAATACTTTCAATTTGGCGCTCATCGTAGTCCAAAACTTTTAAAGCAGACTTTACGGATTGGTTGACGATCTGAATTTCCCCACCACCCACC
NZ_CP106855.1_gap19	717895	718558	663	TTTTGCCGCTTCAGACTTTGCTTTGTTAACGATACGCTCTGCTTCAACGCGTGCAGATTTTTTGCTGTTGTTATCTTGGATTCTTTTCACCACGAAAACAGCGACACCGCCCAAAATTAAACAGATAATGGCTGTGATTAAAATTTCCATCTCTTCCTTTTCTCCTAAAAGTTCCTAATGAACTTCGTACTGCTGACAAACCTTTAGACCCGACTCTGTGATAATGTAATCCATCTTCACATCATGGGCGTCCATCGGTAACGTCTGTTCTGAAACTTGAAAATCAAAACAGATACCCACCTTGATTCCTTTAAAGTGCGCCAGGGTTTTGTCATAAAACCCCTTACCCTTACCAAGGCGGTTGCCATTCTTATTAAAAACTAATCCGGGAATCAGCAGGCCGTGAATGCCTTTAAGATCAATGATAGCGGAGTTGGGATCAGGCTCCAAAACGCCGAACGCGCCCTGGCTAAAACCTGATGCAAAACAAAACTCAAGCTCACTCCCCTTTACTCGGGGGAAGACCCAGTCTATGTGGTCGATTTTAAAAATCTCGTCCACACTGGTTTCTTGAGCGAGAGCGCGATAAGCACCCCAACATCCGTCCTGCTTGGACATAAAGTCCTGCAGAAATACATTCAACTGCTGCTGGTTTTGAACAAG
NZ_CP106855.1_gap20	720605	724042	3437	TATTAAGTTCGATTTCCTTAATACGTTGTTCATAAGGTACATTTAAATACTTCAATACTTTTGAAAACTTTCCACCGATACGACCATCGATTTTTAAAGAGCTGTTTCTTTGAAAATCTTTAAGAGATTTATCAACATCAGCATCGAATTGATCACTGCCATTGACCGGGACGTTATATCCCAGCTGCGCCAGCCTTTTTCTGATTGCAGGAACCTGTGGATGACGAACGCCAAGGTACAAATCTGTTCCTGGCGCTGGAATCACGGGCCATGTTTTATCTGGTATAGAGCGGAGTTTAGCCAAAGCATTTTTCAAATTTCCGTATGCGGGTATTTTTGGAAGTAACTCGTTGGTTTTTTCGATAAGGTCGTACTGATTATTTCTTGCAACCATCTTTAAGCGCAACATCAAAGCCGGCATCTGCCTTGGCTCCATTTCGATATTGTCGTCAAATTTGCGAGGATCAAAACGTCCAACATACACGTGATGGGCGTATCTCAGGTAGGCTTCAGAAAGCTTCACTTCCAATTCAGCTATGTCTGCCACTGCCAGATTTTGTGAATTGAACAAAGATTCAAGATTGCTATTCCAATACACATCCCAAAGACCTTGGTCAGGTGCCGCTTTCAAGATTTTTCTTAAAGCTTGAGCTTTGAAATTCGGGCGCATGGAAGAAGCGTCGATCCAATACGGTTGATAGCTTAATTTATCGTCGGAATAAAAACTGTTGAGCTTTTTCGTATTTAATAAAACTTGGTAGTTCGCAGAAGAAGGGTTGTTAACTTGGTCTTGAATCAAGCGTGACAACTGAGTGGCTTGGGGATCAGCAACCTGTGCACTGGAAAATAACGGAAACAGGATGATGATACCGATAGCTATCAATAGAATTTCGTTACTGCTGATGAAATCTTTGATTTTCATTGAAAACCTCACTCATACCAATAACTTCCAACTTCCGTGCCATTCCAGAAGGAATCTATTGCTTATGAGGTCTCCCGGGCCGAGAGGTAACAAATACCGTCAGTCAGTGTTTGGAAAATTCACCGTCTAAAAATGAGACAGTGATTTTTCACGAGGCAGGGAACCAATACCCGCAGTTGGCAAAAAAGCCGACCCTTAGCGAGATCGGCTTTCGGTTTTGATTTCAATTGAAGTTTTGCTGTTGAATTATCAGCGACGGGTCCCGGTTTGTAGGAATCGAACGACATCCACGTCAGGCGGATTGGCGATGCCCACTCCTGGTTTTGGTCCGTTCAGCTCCCCCAATGAGTAATCCATGCGAGCATCGTAGGTACGCTCCCATTGATAACGGAGCCAGCGTTCAGCGTTGTACCAAGCGCGCTTGTTTTGATTATCAGGACAAGATGCTAGTTCTTGAGGAGATTTAGCTCCCCAGCGAAGCTCGGCACAGTGATACGGATCGAAACTCATGTCGAAAACTCTTTGGCGAGCTTGTTCCAAATTCATTGTGACTGCTTGGCCGCGACTGTTGGTGTAAGAAAACTGACAAGCCCTTGCATCGCGATTGTAAATCGCTAACAAATCACCACGCAGGTTATTTCCACGATACACAATCGTGGGATCACCGACTTGGTGTCGTTGCACCATACTGCGAGTTTGCGTCAGCAAGTTCATAAAGGAAACCTTCAAACGAGCGTCACGGGATGGGGATGCAAATTGCTCCCACTCACCAGTTGTGCCATAGATATTTTGCGGCAGACGATCTGGATGAGGTTTATTTTGAACGCCAGAGCGAAGCGCCATATCCACTGCAACCACACGGTCTTTCATATTCACACAAAGATCAGCCACCATGCTTTGCATGTCAGCGATTGGATCAATACGAAGTTCGCCGTTTGCGAGCATGATACGAAGATATTCATAATAGTCGACGGCGCGGCCATTATAAACGAATTGCCCTTTGGACCATTGGCCGTCGGGATCTGGCTTTGTCCCATAGTACTGTTCAAGACTGTAGTAAGGAAGACTGTTGTTCTTAGCTCCCTCGACTCGCCCACCAATATAAGCCCCGCTGGAATCACGTTTTGCTCCCGTCAAAGTCAGCGGGCGGAAGTTTTTAAATCCCGCGCCTTGATAAGGGTTGCTGCGCTCGAATTTGGGATTGTACATTCCTGACGTCAACGTATTGTCGGGATGTGAATCGATATAATAAATCTGACCATCTTGTGTCACTTTGTAAACGATAGCCACGTGGCCATTCGGATCATAGATCACAGTTCCCGGTCGAATACTGAAACGAGTCAGCCAGCTTAACAGGATAAAAATCCGCATACATTTTACCATCTTCGACTCCCATCATGCGGAATGTTGCCGACAACGTAGTGTTGGTGATTGTTCCATTCAAAAGTGAAACGGCATTGGGATAGCGTGACGCCAGAATTCCAAAACCATAATCGAAGTCTTCAATATTATAAATGAATGCCGAACGGTTTCTGCCGTTACCGGCTATCACATCGAATCTGCCGGTCACGTAATTCCCATAAGGTGTATACCTAATGTCACCAGTATTTCCAGGGACTGGGCGAGCACTCACTCGGCTTGCAACCGACATCGGCAGTCCATTTTTCCAAGCAAAATACGAGCGCAAATAATAAGGAAGATCCGCACAGTCAGCATAATATGCGAGCCCTGAGGGGTCCGAAGAGTAATACGGGTTGGCATTGCTCGTAAGACAGCCCTTCACGGTATCGCACTGTCTATTTTCGACGGCTGCACCAATACGCGCGATGAAAGCTCCATATCCATCTTCGTCTTGTTGCGACCATTGCGTTTTTGTCACGCGCCAGTCTCTGCTCCCCGCATAGGGGCTGAACTGCGCCTGACTCAGCGCAGGCAAAACAATAAGTAAACTAAGGCTCAAAATCCATTTCATGAAACCTCCAGCAGTGCCGCGGGGCACTTTTACAATTCCCAACTTTTTGGGATGCCAATATCCACTTTCTGATATACGAACACTCCAATTTGTAATTTATGCAATTGATCTCTGGGGAGGACAATCCATGATGAGCATTCTTGGTAAAAGTCGCATCAGCACAGCATTCTGCATGCTAGTTGCCACTTTGACACTTAACGCATTTGCAGCTTCTCAATCTTTCGCTCAAGTGCAAATCACTGCTGTCGCGAAAAACCAACTTATCGTTGGCAAAACTTATTACATCGCTGCAGATAATTTGAACCTGCGTAGTTCAAATTCTACAACTTCCTCTGACAACATCGTAGGTCAGCTTTCCATGAATGATGAAGTTGTTTTGGTGAACGCGTTGAGTGCAGACACTCCTCTGGTTCAAATCAGATTGATCAAATCTAAATCAGTACCGAACAACGTTGCTGCACAATTGTTCGTTTCAAAAGACTACCTGTCGGATAAAGTCTACCAGGCACCTGTTGCTAAGTATTTCGTTATCCAAAACGTAGC
NZ_CP106855.1_gap21	727322	729172	1850	AGCGCCATCTGCATTCCATCATGATCCCAAGTACCACCAAAGTTGAAAACTTCAAACGCCTGCAATCGACTGCCTTGATTTAAAAGTTCAACCACAGTATTCGCCGCATCCGGGAGGTAAGCCCATGAATGTCCCACCCCGCTTTTCGACGGATTGGCTATCTTTGTGACAGGTTGGTTTGGTGTAATCATCCCTTGTGAAAACCAGTTGTTTCCAGGTTTCGGTCCAAAGAAATCACCACATCTGACAATCAAAACCCTGACTCCGTGTCTGGAGGCTTCAAAAAGTCGATTTTCTAGCTCTTTGCGGATTTGCCCCTTTCTAGTCGTAGGTTCTTGAGGAGTTGTTTCTGTAATATTTGAAGGGGCCTTATGGCCAAAATTATAAATGGTCCCTGGCAACACTATCCTTGCACCCGTGGCTTTGGCGGCTGCGATCGTATTATCAATCATCGGCAAAACCAGTTGGCTCCAGTTTTTGTAACCTGGAGGATTTACAGCGTGAATAATAGCGTCCACTCCCTTTGCCGCATTCAGCACGTCGGCGGCATTTAATGCATCTCCTATGATAAACTCGACTCTTTCAGCAAGTTTTTCGTTTTCTTTCCTTACAAGACCTTTTACCACCCAACCATCGGCGATAAGCGCCTTTGCAATCTCTCCACCGATACCTCCCGATACACCTAACACTAAAGCCGTTTTTTTTTTCATATGTGCCTCCATAAGATCAGTATCGTCCAAATCCGCATTATAGAAAATTGCATATCTTCGTATATCTGATATACAATAATGAATATGAACAATATCAGCTGGGATCTATTTAAATCATTTTTGGCAGTCGCCCGCGAAAAATCCCTCTCTGGAGCAGCTAGGTCCTTAGGAATTGCGCAACCTACAGTAGGTCGACACATGGATTTACTGGAACAGGGCTTGGGCACGTCCTTATTCACACGCTCCCCGAGCGGTTTCATGCTAACGGATGCTGGAAAAAGGCTAATACCTTATGCTGAATCCATAGCGTCGAATGCTGTGGCAATGGCCCGAGAAATTGCAGAGTATAGTGACTCAATAAAAGGCACGGTAAGAATCACCGCCAGCGACGTCCTTAGCGTTGAGGTATTACCAAAAATTCTTGCAAACCTGAGATCCGAACACGCGGGATTAAACATCGAGCTTGTGGCTTCAAACACGGCTAAAAACCTGTTGGACCGAGAAGCCGACATAGCTATCAGAATGTTTAAACCCACCCAACAAGCCCTGATTGTCAGAAAATTAGGAGAGACCGAATTAGGATGGTTTGCTCATAAATCTTATCTTAAAAAATTTGGAACGCCTCTTAACCAGGCCGATCTTAAGAAGCATGCTCTTATCGGATTCGATGTCGAGACAGATTTCATTCGCAGCTTCAAATCCAAAATAGGTAATATCGAAAGAGATGATTTTGCTTTAAGAACGGACAATGATTTAGTTCAGTTGTCAGCAATAAGAAGCGGTTTTGGAATAGGCATGTGCCAAACAAAAATAGCAGCCAAAGATTCAAACCTGGTCCGCATTCTACAAAAAGAAATCGGCCCCAAGCTAGGTTTATGGATGGCCATGCACGAAAACCTAAAAAGCTCCGCCAAATATAAAACCGTCTTCAACACCTTAAGCACAGGCATCATAAACTACTTAAACGAAAACCAATAACCTAAAGCTACGATCTCCCCCCCCCATCTCAATTCGCCCAACAACGATTCAAGGTTAACAAACCGAATCCCTCGTCAGGCTATCCCGAGACAGCTGACCAGGTACCTGCAAGCAGCGACCTCCGTGGGCGCCACGATGGCGCGCACTCGCCGCAGGCGAGCC
NZ_CP106855.1_gap22	738319	742973	4654	CTGGGGTTCAATTGTAGTTTGTCTTTGTACGGCTCTAGCTTATCACTGGTTTGCATAAGCTTACGAAATACCGTGGTATCAATGAAGGCTAAATCAATTCGATTTTTTGCCACCTTCATCAAGTTTTGCTCATCGCTATTGGTCTCTTCGATATTCAGAAGCTTTTTTTCCTGAAGAGGTTTCAAAACACCGGCAAGCTCATAGCCCACCACATTGCCGATTTTGTATTTCGTTAAGTCCGAATAGTTTTTCCACGAAACGGGATGTTCTTTACTTTCTGCCATGACCCAAGGGCTCTTATGAAGCGTGCGGGACAGAATAAAATCCTTCGGAACGTTTTCAGATTCTGACGGAAAGAACGCAACCACTTCAGGTCTTTCCACCGCCTGTTTTTTCGCTCGGACTACCGGCGCAAAACTGACCTTCAGTTCGTATCCTTGCTTCAGGAAAAGTTTTCGGAGTGCGGAGATGGCCGGGCCACCATCAGGAAGGTCCTCCTTGATGAAAGGAGAAAGCTCATAAGTGACAACTTGAATTTGCTTGATAGGAGCGGTCGCGGTCGCGAAGGACGGCGTAAGAATTAAGCTAGCTACTAGATAGCGAAACAGCATCAGTCACCTTTCAAAACAATGTCACTGCTCAAGAATAGTGGTCGTGATTGATTGAACGCAAGAGATGCTGCCCTAAGGTCAAAATAGATCTGGACCTTTATTTCTCATTTTCTACGACGTAGCCCGGCTCGAAATAGACATTTTTATCCATCGTCACCTCGGCATATTTTTTATCATGAATTCTTGAGATCTTGGCAAAGCCTACGCGATCTTTCGTGCACACAGCAAATCTGCCACCCGCGCACTCTTTACGAAAAACAGCCAAGCGTTGTCCCATCTTCACTGCTACGGCAGACTCTTCTAAATTAACTTGTGCCGTGGAATCGTCCATTTTCATTGTGATGTCGCCGTGAACCGCTTTTTTGAAAGCACAGAAACCAGAAACAGAAAATAACATCATCGCTACCAGCGTGAATGCTGCTACCATATTGAAAATCCCCCACAGATTTTTTATTAATAGATTTTCTTTGAAGCTACTGCATGCTGAGTTTCCGGGCAAACCTTCTGTGCACGGTTCATTCAGTTTTATGGTTAGCCCCCGAACTATGGCCCCAGAATATGCTGCGCGTTTTTCCTACTCTACATAGTCCTTCAGAATGCTTTCTAGCCAATCCATAAATACTTGAACGCGCTTTGCAACGTTTCGACGATGCGGATACACAATCGAAACTGGCATCGCCTCCGCGCGAAGCTTTGGCAGAATCTCTTCCACTTTCTTTTTATGAAGAAAGTCATTTTTCCCCACAGAGGGCGCTTGAATAATTCCTAAGCCCGCTAAGCAAGCGGCGGTATATGAGTCGACATTGTTAACTGTGATTTTAGATTTCATCGCCAAGGTTCGGTACTTTTCTCCGTCAAAGTATTCAAAACCGTCGGGTTTCCCTCCCCAACTTTGTACATAATGAACTAGATAGTGATTCTGCAAATCCTCGAGCTTTCTCGGGCGACCGTATTTTTCCAGATACTCAGTACTTGCGTAGTTTCCGATGGCAAACTTTCCAAGGGGCCGAGCAATTAAACCTGAGTCTGCCAAATTACCGACACGAATAACACAATCGAAACCTTCGCGGACCAAATCAACTTTGCGGTCTGAACAACTCAATTCAATTTGTACATCAGGGTACATCTTTAAAAACTGCGGCAGTTTGGGAACAACAGCATTGCGAGCCATGGCAGCCCCCATATCAATACGGATTCTTCCATGCACTTGAGAGGCATCTTTTTTAAAAAGATTTTCCACTTCATCTACATCTGACAGCAAATCGCGGCAGCGCTCAAAAAAGGTCATTCCATCTTGAGTCAGCTGCACCTTACGGGTCGTGCGATGAAACAATCTTGTACCTAAGTTATTTTCCAACTGTTGAATCGCATTTGAAACCGTCGCCTTAGGCAGGCTCAGGTGTTCTGACGCCCCGGTAAAACTGCCTAATTCGGCGACCTTCATAAAGATATGCATATTTTCGATACGATCCATCGTTCCCTCTGTGATTGTTCAATAATCATGAACAGTGTTTTTAATTATAGCCTATTTATTCGTTTTTATGAACAGGGTAAATTAAAGACATCACAAGGAGTTTCAAAATGAAAATTGCAATCATCACAGGCGGAAGCCGCGGACTTGGAAAAAGCTCAGCTCTACATATGGCAGACAAAGGTGTCGGCGTCATCTTGACCTACAACAGCCAAAAGGACGAAGCAGATAAAGTTGTTGCCGAGATCGAAAAAAAAGGTGGCAAAGCAGCGGCCATTCAGTTGGATGTATCTAATTCAAAAAACTTCGTAGCTTTTGTCAGCTCAATAAAAGATGTTTTAAAATCAAAATTCGGCAGCGACCGCTTTGACTACCTCGTCAATAATGCCGGAACTGGCGCCTATGTTCCGTTCACAGAGATGACGGAAGAAGTATTTGATTCTCTTCAAAACATTCACTTCAAAGGTCCTTACTTCCTGACCCAAAAACTTTTGCCCATCATGAACGATGGCGGCCGTATCGTAAATGTATCCAGCGGCCTTGCTCGCTTCTCCGTTCCGGGCTCGTCTGCTTACGGCGCCCTTAAAGGTGCGGTTGAAACATGGACTCGTTATTTAGCTAAGGAATTGGGCCCTCGCAAAATCACAGCCAACGTTGTAGCTCCCGGCCCTATCGCCACCGACTTCGGCGGAGGCCGCGTTCGCGACAACAAAGAAATGAATGCCATGCTGTCATCTCAAACAGCCTTGGGTCGCGTGGGTGAAGCGGATGACATCGGCAAACTGGTAGCCAGCTTAGTTCAAGACGACATGGGCTGGGTCAACGCCCAAAGAATCGAAGCCTCCGGCGGCATCTTTATCTAAAGATATCCCCAATAACAAAAAAACCCAGGTGTCATCCACCTGGGTTTTTAGTTTTAAGAACCGGTACGCTAAAAGCGGTCAAAATGGTTCGAATACAAGGCGGAGGGTCTTCCCGCAGCGCAAGCGTACTAAATGTACGCTGGAGCGAGGACAAGGCCCGACAACGAAGTAGTCGAGCCATTTTCACCGCTTTGGGTTATTTGATATCGTTGAGGGCTACAGAAACCATCGTCGATACACCACGCTCTTGCATAGTTACGCCGTAAAGTTTCTTAGCAACTTCCATCGTGTGTTTGTTATGGGTAACAACGATGATTTGAGAGCGTTTTGCCATCTCGCGAACCAAGTCGTTGAAACGGAATACGTTGGCGTCATCAAGTGGCGCATCAACCTCATCCAGCAAGCAGTATGGTGATGGTTTCACCAAGAAGATCGAGAATACCAGCGCTACCGCAGTCAACGCTTTCTCCCCCCCCGACATCAAAGACACGTTTTGAGTCTTTTTGCCTGGAGGACGTGCGATGATCTCGATACCGGCTTCGTTCTTTTCAGTTTCTTCAACCATTTCCAACCACGCTTCACCACCGCCGAATAGCACTGGGAATACGCGAGTGAAACGTTCGTTAACCAAATCGAAAGTTTCCTTGAAACGTTTAGAACAGATTCTGTTGATACGATCGATAACTTTACGAAGTTGCTCTTTCGCTTCTGTCAAATCTGCGTGTTGTTTCGTCAAGAACTCATAACGTTGAGCTGTTTCTTCGTACTCTTCAATCGCTGACAAGTTCACTTCACCGATTTTCGCTAATTTTTCACGAAGATCTTTAAGTTGAGCATCAGCTTGCAAGAAGTCGCCTTCTTTATTGATGTACTTTTCGATAACGTCCGGAAGGTTCAACATATAACGTTCGCGGATGGATTCGATCAAGTACTGCTCTTTCATCTTAGCTTGTTCAAGCTTCAATTGAGAGTCATTCATTTTGTGCTGTCTTTCGTTGCGAAGACGTTGAGAAGTACTAGCTTCCTCTTCGATCGCGCGGATGGATTCAGACATCACTTCATATTCGTCTTTGGTACGAGCTGCTTGCAATTTCAATTGCTCAACTTCATCCAAGAGACGTTCAAATTCGATTTTCTTTTCTTCCAAAGTCACTTGGCTCTCAGTCATTTGAGAGTTGTAGCCTTCAGCCTCTTCGCTCATGCGAGCCAATTGTGCTTCAAGGTCATTCAATGACTTAGTAACCATCTCAAGCTGTCTTAATACACCTTGGTATTCTTGAGTTTTAGAAGCTGATCTAACTTGAAGGTCAGTTACTTCCGCTTGAAGACCGTCAAAACCCAAACGAACAGAGTTTAACTCAGAGTTCAAAGCCTCTACTTCGCCTTCAAGAAGAACTTTCTTCTCGCGAGCTTCAATCAAAGCCTGATTCAACTCCTCAAGTTTTTGCTCTTGAACTTCCAACTGCTCTGTCAGTTTTTTGACTTCGCGTTCTTGGCGTTCAACGGCAGCTTGTGCATTTTGCACTTCATTTTCAGCGCGTTCCAGGTCTTTTCTCAATTCCGTAACTTTGATCTCTTGATCCATTTTACGTTTTTGAGCACCTTCAAAATCGTTCACAACATTGTTTAACTGCTCTTCAACTTTTTTCAAAGCCATTTGAGCCAATTGCAATTTGCCCGCGTATTCGTCTTTTTTCTCTGACAACTCT
NZ_CP106855.1_gap23	780752	781672	920	CAACACATTAGGTGATGCAGAAAGCCGCGCTGCTTACCGCGATGCTCTGGTCGCTTACTTCAAATCTCACGAAAGTGAATTGTCCGCTGACAGCAAGACTCGCTTAGAAAAAAATCCGCTGCGTATTTTGGATTCCAAAGACGAAGGCGATAAAAAATTAAATGCAAACGCTCCTAAGTTTGAAACTTATTTGAATGAAAACTCTAAAAATTTCTTCAAAAAGGTTTTGGCCGGTATCGAAAAATTAGGAATTCCTTATAAGTTGAATCCTCTTTTGGTGCGCGGACTTGATTATTATTGCCACACGGTTTTTGAATTCACGACTTCAAAACTGGGAGCACAGGGCACTGTTTTGGCGGGCGGTCGTTATGACGGTTTAGTGGAAACAATGGGTGGCCCGAAAACTCCGGCTGTGGGTTGGGCTGCGGGAATTGATCGTCTGGCTGATTTGACTCCGAAGGAACTTGCGGTCTCCAAAGAGGTTTTGATCGCAATCATCGGTGCTGACGAAGCTGGCGACGAAGAAAGCGTCAAACTCGCCCATGAAATCCGTTCGCGCGGGTTGAAGGCTGAAAATTTCCTGTCTGGCAAAATGGGCAAGAAAATGCAAAAGGCCAACAACAAAGGCGCTCACTACGCGTTGATCTTAGGCGGCAACGAAGTGACGAACAATACTGTTACGGTCAAAAACTTCCAGAGTGGCGAACAAACAACAGTTTCCCGCTCTGAAATAGCCACCTTCGATTTTAAAATCTAAATAAAAAAAGGGCAGTTCCACTGCCCTTTTTTTATGCTTTTTTCTTAAAGATTGCGGTTTCCAATTTTTTAAGACGATCTTCAAAACTGTCTTGATCGCTCATCGCTTTCGCCAGAAACCAATTCAGAAAAGTTTGATATCCCATTCCCTGTTTTTCGCCTTC
NZ_CP106855.1_gap24	786679	788126	1447	TGTTCCAATATTGGTGACTGCTGGAATATTTGCTATCACAGAGAAATCGAATCCCCACGCCACTGTTAAGCTTGCCGGAATCACTTGAGCATTTGTAATGTATTGGCCAACCCCATTCAAATTTCCATTCGGTGTGTACATCACGCGGTAAGTGAAATCCACAACCGTCATATCAAAACCATTTTTGTATTGAACGTTGTAGGTTTTGTATTTCGGGGCACTCCACCCTTGCAGGTCCGTCCAGCATTTCACCCCCACAGGCAAGGCATTGGCTGTATCAAATTTTGTGTTAATCGCAGGTTTACCGGCCTCGATGATTTTCCAAATCTCTTTGCCGATGTTGATGATTTGTTCTGGCGAAATCATATCCGCCGCCGCAGTGGGAGCTGCTTGTGACAGAGTTGTGCAATCAGACGCGACTTGAAATGTTGACGGGGGAATTTGTTCCGTCACTTCTTTGACGGTGATGTTTTTTATTTTGTAGTAATCTTGGTTGTGCGGATTTGTTTGCGCGTAAGAGTGTGAAGTAACGACAGCAGAAAGAGCGATGATTGCAAGAACACGAATCATGAAAACCTCCCCTATTGTGGAAAGATTTCTATCAAGAGACGCTTGTCAGAATCAAGTTGGGATTTACCAAGTTTTGCTAAGGGCAAGCGACGGAAACATCCATGTCTTTGTATTACTTTCAGAAGTCTCCGTGCCATCGACGGTTTTCTTGCTGTAAGACGCTGAATAGTAGTTAATGGCAACCCCGATATGGAATCCGGATTTCACTTCCGGCATTAAGCCAAACGAAACAAGATAGCTTGTGCCATTCCATGACTCAGTTTTATCCGTCACAACATTTTTAAAAGATGCTTTAGACAGGACGTTAAAAACGGCCGTCATGCTGAACACTTGATTTTTACCGAAGTAATATCTGATTGCCGGACCAGTGTCCGAACTTTGGAACGAAGTCGATTCGTTACTGCCTGATGCGTTGGATGTGCCGGCCATGTTCACACCTAAGTAACTCCAACCTGCCCACCATTTTTTTCCGAAGTCTAAATATCCAGCGACGTTATAGAAGTACTTTGTGGCGTCATCTTTGACGTCAGTGGCACCGGTCTTCTCGGTAATATAAGTTCCTGAGACTTCAAACATGAAGTCAGCGCGGGCCGCTGGCGACAGCGCAAGAAGGATCAGAATGATAGAGAGAATTCTCGGTTGCATATCATTCTGATCGGATTGTTCAAATCTTGACTGAATTTATTTAGCAGTCTGAATCAGCCTTGTAATTATCAAGGCTGTTGGTCTGGCTATTTGCGAATCAAAAGTGCGGCGTAAAAGCCGTCGAATCCTTCGCGGTCTGGACGAAGGTGGATCTCTTTTTCCAAAGACCACTCGGCACCATGCTCACTCATAAAGCGCTCGATCTGTTTTTCGTTTTCAGATGGGAATAAAC
NZ_CP106855.1_gap25	811834	816080	4246	GGGATGCTCACTGAGTTGACACCCCGGTGACAATTCAGCGAAGACCTCTCAGAAGTTAATAAATGGAATGAGGGCGTAACGATCTAAGCCTTTGAAAGCACTCGATACTTTACCCATGCCAACTGTGCCTAGTCCTTGCACTACCTGTTGGTATGGAAATCAATAGGCTTATCAAACGAATATTAGCAGGAACGGTTTGCATCTCTTTATTGTCGGGTTTTACCGGCAAAGAAGAATATGTAGAATTAAAAGGCATGCTAAACGGTCGCAGCTCAAGTTCATTCACTAGAGGGGATCGAAATATCCTAACGACTCTAACTCGTGGTACACGTGGTGAAATTCTTGAGACGAAAAAACTTCGTTCTGGTAGCTTTGGTATTAAAATCAAAGTGATGAACGGCAGAAGCGCTGGCAAAGAAATGTGGGTCTATCACAGAGATGGCGATTCTGATCTTGCTTTATATGAGACTATTCCAGCTGATTGGTCCACGGCTAAAACAACTCGCGATGTCGCAACAGCTCAAGCAGTATCTGCAAAACGCGATAAACCTGCAATCGAAGAAGACGGCACCGCTAAAAAAGTCGCAAAACAAAAAGAAACAGCCCGTGGCGCGATTGACGCTATCGAGAATGCCAACAAAAAAACTAACAAACGCCCTTGCGTGGACTGCTCAGCGGTCGCTCCCACAACGGAAGGTCGTGGCAGTTTATTAAGATCAGAAAAACGTGGTATGGCGAATGCTTGTTATAAAATCGTGAATAAACAAGGTGCGCCGACCTCCAAAGGTCAAAAGCTAATTTCTATCATGTCCAATTCTTCGAATCGCAGCGAATACCTGGCGAGCAACGCACTAGGTGGTTTCTGTCCTAAGTTCAATCAACTTTCCTCTGCCGATAAGATGATCGCATGGGCTTGGTTCTGGACAGCTTTGGGCCAAGAAGAGTCAGGATGTAAGGAAAGCTTAGTGCACCCCACACGCGTGAAAACTCGTGCCGGTTACCGCGTTATCAATGACAGACCTGGTTATGGAATTTGGACAATGGAAAAAGACAGAAGTTTGCGCCTGCGCACACGCGGTTCCGAATGCCGAGATATCTCGACTTTCGAAGGCCAAGCAAAATGTTCGATTGAGATTATGAAGGACAATCAGTTAAGCAACGGTTACACTGCGACTTCAGGGCCGATGTACTGGGGTCCGATCATCCGTAAAAACTCACAAATGATGCCGCACATGAAAAGGTTGAAACTATGCTTCTAAGATCAAAACACTTCGCTTTTTTGATGGTATTAGCAACGACATTCACGGCCCACGCAGGATCGGTTTCTACACTAAGCTTTGGATCCTACGACTTGCAATCAGGTGATAAAAACATCTGCAGACCTTTAGAGGTTTCTAAAAAAGATCTGCGTGAAAAAGAATTGCGTCTAGGTGGTAAAGAAAGTTTTGCTTTGGCCAACGGTCAAGATACTCAACCATCTGATCTTGATAAAAATTGCGAATTTAAAGAAACGTCCGTGCGTAAAGATGATAAAGAAGTCACAACTTTCATTCGCACGAATGAAGAAATCTGCAAAGGCAAGAATGCAACTAAATCAATTGCGACTGCAGAAATTCGCAAGTCAGAAATCAAAATGATTTTTTCTGACGAAGCGGGAGAACTGACGACTTGTGTTTATAAACTAAAATAAAAATTATCTTGTGCAAGAGGCAAGATAGATTGAACGAGGTTTGGTTCCACCGTTGAATGTCAACGTGTCTTGGGCCAGACCTTTTCCCGTTTTATAATCGATGTCCAAGGACTGTTTAGACAACACCATACCCATTTGTCGTTTCGTACTTAGCAACTGCAAACGGTGGTCATCATTTCTTTGGATGACTTCTGCTGCATCCACTTTGATATAGATCTGTGAAGCTTTGGCATCTTGACCTTGCAGGACAATGTCCCCGAAATCCGTCAGATTCACCGTATAAGTTTCCTGAGGCTTCATCGAGGGATTTACTGAACCTTTGCAAGTTACCACCACCTCTTTTTCAGCGTGCGCCAAAGAGCTCAGAAAAAGCAAAGCAGGGATCACGATAGTTTTGATCATAAACGACCTCCAAAGGACAGATGCCGTCATGGATACAAATGCTGGGCCGGTTCTCATCTCTTCCCTATTCCTTGAGAAGCCATTTTCGTGTTCTTAGAGTGAAAGAATGACAGGCCCTGACTGAAAACGGCGCATTCCTGGAACAGGGTGAGTTTCAACAATCTTTCCGGATTGTCAGCTGTGCTTTGTGGACTTCGACTTCAAAATATTGGCATGGCTGACTCCGGCAAGATGCTTAAGAAACTCAAAAAGGCAGCAGAACATTGTCGCGATTGCGATTTGTATAAATATGCTACTCAGGTTGTTTTCGGAAACGGGAATCCAAAAGCCTCTTTGATCATCGTCGGCGAACAACCGGGCAATGAAGAGGACTTGCAAGGAGAACCCTTTGTGGGACCCGCTGGCGGAGTCTTAAGGAAGTGTTTAGAAGCGGCTGGAATTGATATATCCAGTGTCTATCTGACCAATGCCGTTAAACATTTTAAATTCAAAACTGCAGGCACCGGAAAAAGACGAATCCACGACAAACCCAACACGGCTCAAATCAAAGCGTGTCATCACTGGTTGCAAGATGAAATAATGACGATTCATCCGCAAATCATATTGGCACTGGGAGTGACAGCTGGTCGCAGTGTCTTGGGAAGAAATCCAACGATTTCCCAAGAACGCGGTAAGGATTTGAATGAAGCGGATCAGGGCCCATCAATTTACGTAAGTTGGCATCCCTCCGCCATATTACGAAGTCCCGACCGAGAAAAATCGGATCAGCTCCGGAAAGAGCTGATTCAGGATCTTAAAAAAATCGCGAAGCTTTTCAATATTTAAAGCGCAGAAGAAAAAATTTCCCAGCGTTTAGATTTTAGTTTTTACGAAGGCTTCGACTTTGTCGACAACCTGATTCAGATCCAACTCTGTGGAGTCTAATTCAAAGGCATCAGCTGGGATAGTCATGGGGGCCACTTTACGAGTGGAGTCTTGATGATCGCGTTGTTTTTGAGCTTTCGCCATATCGCCTTGATCAAGACCTAATTCTGTCGCGCGACGAGCGGCTCTGTGAGCGCTTGATGCCGTCAGATAAACTTTCGCTTCTGCTGTGGGGAAAACAACTGTTCCGCAGTCACGACCTTCTGCAACCAAACCAGATTCACCTGCGCTGCAATTGCGTTGAGCATCTAAAAGAGCTTTACGAACTTCAGGATAATGGCTGACTTTGGATGCAAAGTTACCCACGTCTTCGTGAGCGATAGAATCTGTGACATCTTCATTTTGAAAATAAACACGCGTGCGATCCGGCTCCATACTCACGCTCCAAATTGGATTATGAGTCAATTCAGCCAATGCTTTCACGTCATCAAGATCAACATTCAATTGGATAGCGGCATAGGCCAAGCCACGATAGAACGCACCTGTAGAAACCCACTTCCAGCCAAGACGGCGGGCAAGTTCACGGCTCACTGAAGATTTACCAGATGCCGCAGGTCCATCAATCGTAACTACTAATCCCATTTCCACTCCAAAAATCCAATCTACACGAAACTTCGAAATTTCTAAACTGTTGGAATCGGTGTTCCAGCAAGAACAGGAATTTCTTTAAGCACTTCTTTCAAAGCGGCGATGGCTGCTTCGTTTTCATGCTCAAGCCCTACACTCAAACGCATGTGCGTTTTAAACCCATAGTTCAAAACAGGACGCATAATGATCCCACGACGAAGCAAAGCTTCATTGACTTTAACTGCATCACGAAGCGTGTCAAACATGACGAAGTTACCTTGGGAATGGATGTACGGCAGGCCTAATTCTTCTAATTTCTTGTAGAAGTAATCAAGCCCTTTCCAGCAAATTTGCTGCGAGCGTTGAAGGAATTCTTTATCTTGCAGAGCCGCATTTGCAGCGACTTGCGCTAAATCATTGACATTAAAAGGCTTGCGCACGCGGTTAAACACCTCAACAACAGTTGGAGGGGCAATCATCGCACCCACGCGGAAACCCGCCAGGCCATAGATTTTTGAGAAGGTGCGCAAAACGATTAAATTGTTATATTTGTTAATATAATCCTGAGCAGAAGCGTAATCCTCAGCACGCACAAATTCGTTGTAAGCCTCGTCGAATATGATCATGACGTCATCGCGATTTCCTAAGCGTCCTAAGAAAGAT
NZ_CP106855.1_gap26	870955	874242	3287	ACGGCCACTGGTAAAATCAACCGCCAAGATTTTGGTTTAAGCTGGAGCAAAGCTGTTGAAGCAGGTCCGGTTGTAGGTGACGAAGTGACTCTAACAATCCGTATCGAAGCCAACCAGCCTATTGCCAAAAAATAAGGAAGGTTTTTATGAAACGCATGCCTGTGATTTTTGCTGCCCACGGTTCCCCGATGAATGCTTTAGCGAAGACTCCGTTCACGGAAGCGCTGACTGCACTGGGTAACAGCGTGCCGCACCCACAGGCTATTCTTGTGGTGTCGGCCCACTGGGAAACAGAAGGAACGAAAGTTCTGTATAATGCGACTCCGCCGACGATCCATGATTTTTATGGATTTCCGAAAGCCCTGTTTGATGTTCAATATCCTGCGCAAGGCCCTTTGAACCTTGCGCAGATCACGCAGAAATTAATTCCTGGTTCCAAGCTTAGTGAAAAATGGGGCTTGGATCATGGAACTTGGTCGGTGTTGGTTCACATGTTTCCGAACGCGGATATTCCTGTGTACCAACTGAGTCTTGATGTGCATGCTCCTCCCGAAAAGCACATCGAGATGGGCCGACAGCTGCGCTCCCTGCGCGAGCAAGGTGTTTTGATCGTCGGCAGCGGTAACATTGTTCATAACTTGCGTCAGATCCAATGGCGTGACGTCAACGCCAAATATGATTGGGCGGTGGAGTTCGATGCGGGAATCAAAAAAGCATTGGATGTAAGAGACGAAAAAACGTTGGCTCAGTACATGGAAAAATTCGGATCCGCTGCGGAACTATCCGTTCCCTCCCCCGAACACTACTGGCCACTTTTATACGCCTTTGGCGCCTCAGACGAACAGGATAAACTATCCTACCCGTTTGAGGGTTTCGAAATGGGATCTCTTTCTATGCGCACCGTAATGTGGAGCTAAGGTAACAGTTCCGTTTTTTAGGTTCTAAAAATAAAGGCACAGATATTAATCTCTGTGCCTTTTCTTTTTTGTTTATTTGCGATCAGCCGGATGATTTAAACCGTCGGAGACAGGGACATCACCCAACTCAAACGGATCAACACCTTCAAGGCAGCCAACATTAAATCTAATTTGATGAGGGTTCGTGCGACTTACGTTGTGCGTATGAATCCCACACACTGAACAAAAATAGTGTTTCGCAGTTCTAGTATTAAATTCATAGAGCGAAAGTCTGTCTGCCCCTTGTAAGACCTTGAACTTCTCTCGAGGAACCATCGCTACGATAGTTCCTCGACGTCGACAAAAAGAGCAATTACAGCGCTTCGGATCTTCAATCCCGTTGGTTAATTCGACTTCAAATTTGACAGAATGGCAGTGGCAGCTTGCTGGATGGTTTACAGCTATTTTCATAATACAACCTTAACAATAGTTTTGGCTGATGGTCACATGTGATTAACAACGCACGCTGCTAGCGAAGTGAACGCAAAGATGCGTCACGACTCACGGTTGTCATGGAGGAAAAGCTTGGATTAAATGTGGAGCTATCAGGAGACATAAACAATGCTTTACGAAATCACAGTTCCTTATTTTATTAAAATGCTTCACAACCTAGAACACATCTTGGATAAGGGCGCGAAATTCGCGGAGACGAAAAAGATCGATATGGAAGTTCTTTTGAACTCTCGTTTGGCTCCTGATCAATTTCCTTTGGGTCGTCAGATTCAAATTGCTTGTGATACTGCGAAGCTTGCGGCGTTCCGTTTAACGGAAAAAACAGCGCCGACTCACGCTGACACTGAAAAAACTTACGCTGAATTCCAAGAGCGCATCAAAGACACCGTAAAATACTTGGAGTCTTTGTCTGCCGCTGATTTTAAAGGCTCTGAAACAAAACACATCACGACTCCTCGTTGGAATGGCGAATGGATGACGGGTGCCGAGTTTATCTCTCACCACGCCTTACCCAATCTTTATTTCCACGTAACGACGGCTTATTCAATTCTTCGCCATAATGGTGTTGAAGTCGGTAAGAAAGATTACTTGGGCGCGATGCCACTAAAAAAATAATTTCAATGCTAGAAACAAAAAACCCGGTTTCACCACCGGGTTTTTTTAGGACTGTCCATTTTTAAGGCTATTAGTGAGCTCCGCCATCGCCAACTGCTGCGAAAGCCTGTTTTGTTTTTTCACGGACTTCGTCGCGTTTTCTGAATCTGTCTGAAACAGAGTAAGCTGCTGGCACCACGAACAATGTCAGGACGGTAGAAACCAAGACCCCACCAATCAAACACAAAGCCATCGGTCTCATCGTTTCAGAACCCGCTCCTGTTGCCATCGCAGATGGGACTGCGGCGGCGATCGTTGCGATAGAGGTCATTAGGATCGGACGCAGACGAATCGGACACGCTTCAATCAATGCCGCGTCGGCAGTACCTGCACCTCGGTCGCGCACGGTATTGGTAAACTCAATGAGCAAGATCGAGTTCTTTTTCACGATCCCCATCAACAACAAGAACCCAATGGCCGAATACATGTTCAAGGATTGACCCGTGAACAACAAGGCAAAGAATGCCCCCGAGAAACTCAGTGGCAAGGCCAATAAGATCGTCGCAGGATCGATGAACGAGTTAAACTGGGAAGCCAAGATCATATAGGCAATCACGATACCCAAGATAAACGCCACAAAGAAGCTTTGGATGGATTCTTTAAACGTTTTCGAAGAACCCTGTTGCTCGATCATGTAACCCGGCTCTAAAACTTTTTTGCCGATTTTCAAAATCTCCTCCATAGCGGCTTGCTGAGAAGCTCCGGCTTTTAAATTGGCCGTGATCGTGATCGCGCGTTGACGATTCATACGCGAAATACTTTGTAATGCTTTCGTCGTTTCTTGTTTTGTCACGCGATCAATTGGAATCAAATTCGAGCGATTATTTCCGATCATCAACTTCTTGATCTCGACCATTGCATCTTCTTTATTGTCCAATTTCACTTTGATATCGTAACGGTGACCACCCTCGGGATACTCCCCGGCTTTCACACCACCAATCAATGCATTCACAGTCGTACCCACAGAGGCGATGCTAACACCGTGCTGGGCGGCAGCCACACGATCAGGTTTTACTTGGATTTCTGGCATACCAAGCAGGTAATTCGTATCGATATCGACCATCAAGCCCGTTTTTGCCATTTCGTCCATGATTGTTTGGGAGAAGCCTGCAAGTTTTTCCCAATCAGAGCCCATCACCGTAAATTCAATCGGATACCCACGACCGCTGGAAAAACCACGTTGTGACATATCCATCAACACCGGACGCACATCTTGGATCTTTG
NZ_CP106855.1_gap27	988441	989963	1522	ACATTCAATTTGGACTAAAAAATTGGGGCCTTTTCAACCGCCTGGAAAAATGCGCCGTCGTAGCCGATCAAAAATGGATTCGCGTCCTTGCCGACTCTATCGATCCACTTTTCAAACCTGAAATTAAAGTTTTTCAGCCTGCACAAATTGAAGAAGCTCGAGACTGGGCACTCCACTGAAGATTTTGATCAGTGATTAGAAAGACAGTCGTAGCGCCCTCACCCGGGCGCTACATAACTGCTAAGATTTATTGAGAACTAACAAGCAACGCTCGTAATTCCTTCATACGCTCTTTTACCAGAGCCGAATGGGCCGGACCTATTCTGAATAAGACTTTTTGCACAGCCGGAGCTGCTTCAAGCTCTGCATCTTCAAAAACAAAACGCCCTCCATCGATCACAAGCGAAGTATCCAAGCTCGGGTCCTTGGCACCGATGATTTGGTCCAAAACATCGACGACTCGGTCATTGAAATAACCTTTGCGTCCCATTTCGGCATAACCTGCCTGCAACAAGGGGTACATGCGTTGGTAGAAGGATACGAGCTTTTTCAAATCTGCGGATTTCAAAAGTTCTGCATAAGAATCGTAACGACGGAAATTCTGTTCACTGATCTGAACTTTATCACCAAGGGTCGTCGTTTTGAAATCACCATTCACAGATTCAAAAATCGAAGCCTGAGCGGGAATTTTAGTTTCTGTGGCGTTTTCAAACATCAGCACGAAATGTCGAACGAAGTTCTCAAGGCGTAATAGTTCTTGGCCCTCTTCTTTGCCAAAGAAAGATTTCCAACGGGCTGCGATCTCTGTCCCCATATTTTGCTGAGTCAATGCTGCGGGTTTGGCTCCACCGACTGTTTCATCAGAAGATTCGTTGGCAGCTGGGACAGGATGCTGAGGGCTGCTTGATGTGTCATCGCTGGCTACACCTGAAGCAGGCTCTGGAGTTGCAGTCGCTTCTGTTGCTGTCTCTGGAACAGCCGCCGGATTGAATCGCACATAAAGGGCAACACCCAGTGCAAGAACTGCAAGGACCAAAATGGCAGAAACTATTTTAACGTCGGTTTTATTGCGCATACTCACCTCCATCATATTTCAGCTTGTGAAGAGGTAAATTGTCACGACAATAGGCAGAATAAAAAAGGGAGCATCACGGCCGTGTGCTCCCCCGGGAAATTTTTAAAACTTAATTCTTATTCCTTAATTTTTTTATACTTTTTGCGAACAGCGTATGCGCCATCAACGGCAGCTTTGGCATTTACCAAGCCCTTACCTGTTTGGTTTGGAATGTCTGTTTTAATAGGTGTTGCAGTTCCTTCCATGATTTGGCGCAATTTCCAGGCGGTAAGCCCCGGAACGGTTGCCCTCATCAAGGCGGTCACACCCGCGACATACGGCGATGCCATTGAAGTGCCGCTGAATTCCGCATAATCGGATGCTTGAACCTCAAGGCGAACATTCATACCGGGAGACTTCATCAGGTTAAGGATCAGATTTTCACCGGCGGCAGTTTCCACCATGATA
NZ_CP106855.1_gap28	991933	993660	1727	GCGCCACAGTTACCATCGAAGGCTTTAGAAATACCAAAGGCTTTGCTGCCGTTAGCGTTTTTCATGAAAGAGAACAAAGAGCTTTCCCTGGTGACGCAGAAAAAGCCATCAAAACTCTTTATGTTCCCGTTCCAAAAAATTCTAAATTAGAATTCACTCTGGATAATATGCCGGCTGGAAAATATGCGGTGGCGATTCTTCATGATGAAGATGGAAACAAAAAACTAAATACGGTTTTGGGTTATCCCCGTGAAGGCTTTGGCTTCTCTAACAACCCAACGATCCTTGTGGGCGCACCTGCATTTTCAAAATGCGCGGTGGAGTTGCGTGACGACTCTGTTGTGAAAATCAAAATGAAGTACTTCTACTAAAGCTGCTTCGATCAAATCTTGTAAAATAAAAAGGGGCTGCTAAACAGCCCTTTTTATTTCAATTATGGAGTCCTAGGGTGCGAGGAGCCTGTAATAGAGATCATCCGATAGTTCAATAAGACAATCGCAATGATGATAACGGCGACACCCAGCCATTGTTTTGCAATGACCGTCTCATTCAAGAAAATAAAAGCAATCGTCACGGCAAATGGCAATTCAACAGATGACAAAATACTACCAAGACCCACCCCCACAATCGGGAAACCTTTATTCAACATGATCGGCGGAATAATCGTTCCAAAGATCGCTACGATTAAACCATAGGTCAAAAAGATGTTGGGATTAAAAGCTTGATTGCGGATGAATTCTTCACCCACTAAATGCAGATTCAAGTAAAATGGCAAAATCTGGGTAAGTAATCCAAAGACCAATACAATGAATGAACCACTGTATAGCATATACTGACTGCGCTTCACGGAATGTAGATGGGACGCAACCGTGCTAGTGGCAAACATCGTCCAACTGAAAGACATTGCCGCCATAAGCCCCAGAATCACGCCACGAATATCCAACGAGACTTTCGTTGCACCTAACACATTTGTCGCAAGTAAAGTTCCGAACAGAACTAAGACCACCGCCAAAATTTTATCTGCTTTGGGAAAGGTTTTTTTCTGAAAGGCTTCCACCACAACTCCCATCCACACCGTTTGCATAAGCAAGACCACGGCGACGGATGCATCAATGTATTTCACAGCAAGATAATAGAACACACTGGTAAGCCCAACGGGAATACCTGCAATCATCAAACTCACAATATCGGAGCGTGACGGTTTCGGAGAACTTTTTTTAAGGAACTGACTCATGATCGTAAGAACCAAAGCCCCCCAACCAAACTGCGCCATTGTCACTTCGGCAGTTGTAAAGTTTTGCTTGTAAGCAAGCTTTACGAAAGTAGAAAGCATACCATAGCTGGATGAGCCAAGAATGATAAAAAGAATACCGATCGCTAGACCGTTTACACGTGTTGAAGATTGAATTTCGAAAGATCCAGATTGAGCTGCCATTTTCCCGTACTACCACTGACTAGAGTTAATTTTGTCAGTTAATATTTCGTTCCAATAGTCAACTCTTAGAGGGAGTTGGTAGAGACGTTCAACCAATCTTGAACTTATATCGTTACGTATTAACAGCTCGAAAATATCACAGTCCGTAGAGATGGCAAATTGCAAATGCAATTTCGACCTTTATTCGAATCTGAACGTCTCAAATTCTATCTATTAGTTAAAAGGCTTGATGTAGCGCGTGAGAATTCCCCGGGGCGTATCGACTGCGCCCCAGGGTTGGGATGAAAATGTT
NZ_CP106855.1_gap29	997860	998946	1086	GGTCAAAGACAACGTATTTCTATCGCACGTGCCTTGATGGTTAAACCTGATTTCATCGTGTGTGACGAATCCGTATCTGCTTTGGACGTTTCCATCCAAGCTCAAATCTTGAACTTGTTGTTGGATCTTCAAGACGAAATGAATTTGACGTACATCTTCATCTCTCATGACTTGTCAGTGGTTAAATTTATCTCTGACGATGTGGCCGTGATGAATGGCGGTAAAATCGTGGAAATGAATACAGCTGAAAATATCTATTCAAATCCACAGCATGAATACACTCAAAAACTTTTGAGTGCGATTCCTAAAGGCATTCCTAAAGAATTAGTTCTATAAGAAACCTCAAGGGGACCCATCGGTCCCCTTTTTTTATCCTATTTTCGACTGACCTGAGTTTTCTCTTCCGTGATTTTTTGAAATTCAAAAGCCTTAACAGGTTTGAAGTATCCCGTTATATCGCCACTTAACTCATAGTTTTTTACTAAGGTGATTTTCTGAACCGGAGCATTCTTTTTAAAATCCAAGCGATCTAATTGCACCCATACGACGCTAGGGCTTAGGGTGTTTTCATAAAAATAAACTCCTCGGGTCATATCGGCCACAGTCCTCCACCGAGTCGTAGAAATATAAGGGCGTGCTGGATCAGGCGTTCCAAACGGCTGGGACACGTTTCTAAGAACACTGAAGACCCCAGCAACCGACTCACGGTAATCGCTCGGCTGAGGCAGTTGCTGGGCGTAATAAGCGGCACGGACGAAGCGGTCCGCGGCCGCTGTTGTTCCTGGAAGTTCTTTAGATCCGCCAAAGCCTTTATACTGCTTCAAAGCTGCTAACTGCTGATCAAAGGTGGGAGAATTGGTCATCACTTTATAAGTTCTATCGTGATAAATCTTCGGCTCCCCATCAATGTATTCAATGACCACTGAATCACCCGTCTTATCAGAAATGGCCAAATGCACAGCGCCCTCTTTTGATCCCAGGGCTGTCTTAATAGTGAATGTTTGAACCTGGAAAGGTTGGGATTTCAAAGAGGTCAACGCCTCTTCCACAGTTTCAAAATTATCTAAAAAATATTGTGCCCACAAC
NZ_CP106855.1_gap30	1032420	1035129	2709	ATCTAGGAAATCACCACTCTTAATAATAGGAACAAGCTTTCCGGCTTTACCCATATAAAGAAGTTTCACTTCGTAAGGTCTCACACGCAAAGAAAGTGTCGTAGGCCATTGACGAGAAATCTGTACGCCCTCGATCCACTCTTGTTTTTGTAACTCTTTATTTACAGATCTCAATTTGATGTTCCAAAGAGATTCGCCTTTGTATTTAGCAAGGGCGGCTTCTAGCGCATCGACATTTGGTTTTAAAAACTGCTCTTGGCCTTGAGGTGGATTTTCCAAAACCACTTCCACTTTTTGAATATTGAAAAAGCCATTTTCATTCAAATAATAGAGAGTACCAATCAAAGCGGCTGGAATAACAACGAACCCAACAAATAATTTCAGCACCAACTTCTTCACAAGAACTCTCCAAAAGAACGGCTTTTCCACCTTAGCGTATCAATATTCACTCGACCTTTCACTGACTGACACCAGTGAAAAATAAAACACGACTAAGGAAGGGTTCATTCAAAACAGCATGGAATCCAACTGTTTTTAGATGAAGGTTTCTGGACAGGACTAAAGTTTTGATGTCACATTTACCTAAGGAATACGCGAACTTCTCTCCATATAGTCCAATGACTCCTTACCGATATTACATGCATGAAATTTGGATCAAAGATCATTTTAAATATCGCAGTCTCTAGCGTGGTTTGTTCTCTGGCAGCCGTGGCTATTTCGTCTTCAAAAATTCACAAACAAGGCCAAGAGCAACTGGTGGAAAAATCCCAAGCTATATTGTCCCGTCTTGAAGCTATTCGTGGTTACATCGCCACTCAGGGTGGACTTGAAGAAGATATCAAACACATGGTTGCGACCTATCCGGATGGAAAGCTTCCAGCTGAAGCCCAAGAACGCATTCTTCACAAAGTTCCAATCTATGCCTCTATTAAAGTAGGTTTTGAAAACGCAGATAAGGATCACTATAAGTTCCGCGTTTTTGCGGCTCACCCAAGACGCGTTCAAAATACGCCCACAGCTAGCGAATCTGAAATCTTGAAAATGTTTGAATCAAAACCAGAGCTGACTGAGTTTGTAGAAAACAAAGACGGTGAGATCACGGTCTACCGACCGATCCGTTTATCTGCTCAACAAGGTTGTATGCTTTGCCATGGTCATCCCTCCACTTCTCCATGGGGTAACGGCAAAGACATTTTGGGCTTCCCGATGGAAAATTGGGCTGATGGAAAAATGCACGGTGTATTCGCGGTAAAGTCTTCCACCGAGGAAGTGAAAGCAGCGGCTAACAACGCATCTATTTCTATTTTGCTTTGGACAACATTAATTTCAGCTTTCATCTTAGTTGTTTCATACCTACTGATCCGCAAACCATTAGGCGCGTTGATGGAATCCATCAACAAGCTCAACGTTGCGGGCACACAAGTTTCTGCCACTTCGAATGAAATTCTTGCTTCAAGCCAAACAGTGACGCAATCTTCTGTGAAAGCCGCAGCATCCATCGAAGAAACATCTGCCTCTACAGAAGAAATTTCCAGCATGGTTAAACGCAATAGCGAACATGCCAACGAAGCGAAAAACCTGGCTCACCAAGCTTCACAAAAAGCACATATTGGCGAACAAGAAGTCCGTAAATTAACGTCGTCAATGGAAGACATTTCTGCAAGTTCGAAAAAAATTGAAGAGATCATCACCGTGATCGACGACATTGCTTTCCAAACAAACCTGCTGGCATTGAATGCCTCTGTCGAAGCTGCTCGCGCAGGAGAACATGGTAAAGGCTTTGCCGTGGTCGCTGATGCCGTTCGTTCTTTAGCGCAAAGAAGTGCAACATCTGCCAAAGAGATTTCAAACCTGATCAATGAAAGTGCGAAAAAAGTAGAACACGGCCACGAGGTCGTTCGCTCCAGCGAAGCGTCTTTGAAAGAAATCGTGACATCTATCGAAAAGCTTTCAAACCTGAACACAGAAATTTCAACAGCCAGCGCTGAGCAAGAACAAGGTATCGCGCAAATCAACCAAGCACTAACCGATATGGAAAAGATAACAATCTCCAACACAAGCTCTGCCCAAGAAGTTTCCACAGCCTCTGAAGAGCTCAACAACCAAGCCGACGTCATGAAAACCGTCGTCGACGACCTAACCAAGCTAATGGCCGGCTAAAAGGCACGGACTTCCCTCCAAAGGTAGTTACTTACCTCATGAAAATAAAAAACCCACGACTTAAAAGCGTGGGTTTTTATTTTCAAGTAAGGACGTAACTTTTAATTTTGGATTTTATCCAAGACATCTAATCCTAGCTTCCAGCCGTCGCCGGCGCCTAGGGTGATGAAGACGTCGCCGTCTTTAAGCATCGATACAATCTTAGAAGAAGATTTATCGTCGCGAAGGAAGTACTGCGCGTGCTCGTGCTTCATTTCAGAAGCCAGCTTTTCAGAGCTGATACCTGGAATCGGTGCCTCACCTGCCGGATAAATATCTGTCAGCAAGATTTGATCAGCTTCCATGAACGCTGTCGTAAAATCATGCCAGCAGTGCTGAGTACGAGAGAAACGATGTGGTTGGAAATACACCACCAAGCGATTATTTGGATACTTCTCGCGGAAAGCTTGAAGAACCGCACGCACCTCTGTTGGATGGTGACCATAGTCATCGTATACTCTGATGCCTTTTTTCTCGCCTTTAAAGTGGAAGCGACGGTCAACACCATCA
NZ_CP106855.1_gap31	1037594	1041120	3526	GCCTTTTTGCGCAGGATCGGACCATGGATCCAGAAACGCCAACACACGAGCACGACGATAAGGCACCGTCATCACTAACATATAAAATGCGGGAACGATGATAGCGAAAGCCGCCACGATATATTTCCATTGCAAACCAAAGGCGAACAACAAACTCACTGCGACCATCGTGATGATCGCAAAAGATCCAAAGTCTGGCTGGCGCAATAACAGGAACATCGGAACGATCATCGCCAATGCCAACCACCACCATTTCACGTGGCCCAAAATATTATCGCGGCGACATAACAAACTTGCGAACCAAACCGAAAATGAAATTTTCAAAAGCTCTGCGGGCTCAAAGCGGATACCGAATGGAAGTTGAATCCAGCGGATCGCACCCCCGACTCGAACACCTAAACCAGGTACGAAAGTCATCAAGACACCGATAGCCGCTGCAAACCACAGCATCCAACCGTGTTTTTCAATATACTTAAAGGGGATATGAATGGTGCCGACCAAAACACAGGCAGCAATTAAGGCAAAGACAAGTTGTCGTTTAAAAAAGAAAAGACCATCACCATAGGATTCGATCGCGAAAATAAAACTGGAAGAGTAAACTTGCACCAGGCCGATGCCTAACAAAGTGATGATCGCTAAAAACAAGCTGCTCGATAAATATCTGAACATGATGGACTCCCAAAGGCGCCGATAATTGCAGCCTTTATTGTAGCCAGAAGTCCATTTCAACGTCTAGGAGTCGCTCCAAGACTGGACCCTGTTAAAATCAGGGTCCTTGAGGCTTTTACGAAAGACTACTGTGCTTCGATTACTTCCGCGTTGTTGTCTGATTTTTTATCCGACACGGCAGCTGGCTTTGCTTCAGAACGTCTGCTTACAGAAGCTGAGCCACGAGTGGCCATTGAACAGCAGTAAACGATGCCGTTTTCGTTGGAAGCTGTTTTATAGTTAGTAATAGAGAATGCGCGAGAGGAATCACAACGCTTTGCCATCTCCATGCTCAGCTCAACTTCAACATCGGCGAAAACTTCACCGCTTACAAAGTTGCAGTACATGCCCGTGTTTGCTGCCATTTTGTCACGTTGTTCCTGACGTGCCTTGAAAGTGCCGGAAGCACAAGCAGACAATAAAAGTAATGAAGACATAGCGACAACAAATAGACGAATCACAAAGCACTCCTTGCTTTATTAATTACTCAAAAAAAAAGCTCTCGTAACGAGAGCTTTTTAATATCACCTGAAGTCCCACTCCGAAGAACTCGGAGTACAAACTCAACTCAGTGAAATTTTCTCACGATTTCTTTAAAGTATTCACCACGCTCCTCGAAACTGTCAAACATGTCAAAGCTTGAACAGCCCGGTGACAACAGAACGATATCGCCGATTCTGGACTTTTGGTAAGCGATCAAAACCGCCTCCTCAAATGTACCGATCAAGAAAGTCTCAGAGAAGTCGCCAAGATCACGGTTGATGCGTTCTTTCGCTTCCCCGACCAAGATCAGGGTTTTCACCTTGCGTTTAACAGAAGTACGAAGAGGTTCGTAGTTCAAGTTTGTGTCTTTACCACCCGCAATCAAAATCACGTTTTCATCGAAAGTATCCAACGCGCGAAGAACTGCATGAACGTTTGTTGCTTTAGAGTCGTTGTAGAACAACACGCCGCCAACTTTACGAACATACTCAATACGGTGAGGAAGACCGTTGAACGTCTCAATCACTTTTTGAACCGCTTCACGAGTTGCACCATGTTCACGAGATGCCAGAATAGCTGCCATCACGTTTTCAATCGAGTGCTTACCGCGCATTTTCATGTTCTTGATATTGAATGTCTCAATCTCAGGACCTGTGCGCACACGAATCTCGTCACCGATATTCACAGCACCACCGATATTCATGATTTGTGGTTCCAAAGCTGGTTTACGAGAGAAGTAGAAAATACGACCGCGTTGAACCGCTGGATCACGAGCCAATTCAACAACCGCATTATCATCAGCATTCAAGATGCTTGTTGTCGCTTGGTTCGTGTTTTTGAAGATACGGCGTTTTGCGTTTACGTACTCTTCCATGGAACGGTAACGGTCCAAGTGATTTTCAGCCAAGTTCGTGAAGACCACGTTGCCTGGATTGAAAGTATCGCAGTGTTCAAGCATGAAGCTAGATACCTCGGCGATAACAACTTGGGCTTTGTCATCAAGACGAAGGTAATCTACCAACGGCTTTTCATTCGCGCCGCCAACCCAAGTTTTAACACCTGATTGAGTCAAGATCGCTTCAGTGATACGAGCCACAGTAGTTTTACCGTTTGTACCAGTCAAACCAATGATTGGTTCTTTGATGAAACCAGCAGAGAACTCGAACTCACCCGTGATCTTGATACCTTGAGATCTTGCATAATCGAAGATCTTCAATGTGGAAGGAACACCTGGAGACAAGATCACTAGATCTTGTGCGATGAAAGTTTTTGGACTGTGACCACCCAATTCGTACTTGATTGGAAGATCGCCCAATTGCTCAAGCTGCGCAGAAAGTTCTGGTTTGGATTTATGATCCGTTACAGTGACTTGTGCCCCGTGCTTAGTCAGGAAATGCGCCAAAGACACACCCGTTTTACCAAGACCGACAACAAGGATTCTTTTGTCTTTTAATTCACTATACTCTTTATACATTCTTCTACCTCAATTTGAGAGTCGCTAGACTTAAAACAGCCAATAAAATCGAAATAATCCAGAAACGAACGATGATCTTCGTCTCCGTTAAACCGCCCAATTCAAAGTGGTGATGAATCGGCGCCATTTTGAAAATACGCTTACCGGTAAGCTTAAAGGAAATAACTTGAGTGATGACTGACAATGCTTCCACCACGAAGACACCGCCCAAAACAACCATCAACAACTCATTCTGAGTGATGACAGCCATAGAACCCAAGAAACCGCCAAGAGACAAAGAACCCACGTCACCCATGAAGACCTGCGCGGGATACGCGTTAAACCACAAGAAGCCCATTCCCGCAGCAACAATCGTCGCAGCCACCGGAGTTAACTCACCTGCTCCCACGACATGTGGAATTTGAAGGTAATTTGCGATGGAATAGTGACCCGTGACATAAGCAAATAACCCCAAAGTCGCTGCAGAGATCATCACTGGAACAATTGCCAAGCCATCCAAACCATCAGTCAGATTCACCGCATTCGCCGTTCCGACCACAACTAAAGCTGCAAAAACAATGTAGGCATAACCTAAATCAAAGCCGAATGATTTTACGAACGGAACGTAGACAGTTGTGCCCAAATTATGGAAGTGAACCAAATAAGCGACAACAGCACCACTGATCAAAAACTCCCCTGCCAAGCGGATTTTTCCAGACAACCCTTTTGAGTTCTTTTTGGATACTTTCAACCAGTCATCCATATAACCGATCATCCCGAAGCCCCAAGTGATGATCAAAACCGCCCATACCAGTGGATTTTGCATATCAACCCACAGCAAGCATGGAATTAAAGTGGATAGAAGAATCAACCCACCACCCA
NZ_CP106855.1_gap32	1102290	1103601	1311	ACCTTTCCTTGAAAGAGTATGTGGCCAAGTTGAACTACTATCATCAACAAGCCCAACACGCGCAAAGCGTAGTTACTCAGATCGCACAGGTTTCAGCGGCACAAGCACAGCAGCAAGCTCAACAACAAGCAGCTCATATTCAACAGATGAACGCTGCTCAGCAAAACCAAATGCCCGCAGCTTCCCCACAGCAACCTGTGGCGACTCCGGTACAATAGGTTTAAGTGAAAGTTTCCTCCGTGGGTTCAGTGGTCCCTCCGCTGAGCCCTATTTTTTTATTTTCCCCAATGTTTAGACTGGGGCAGAAAATAAAACATCACCTTGTGAAAAATCGATCCTGGGATCACTCTGCGTAAAAAGCCAAAGACTATTGCATCCAAAGTCACCTTGACCCTTAAAGGTGGATTTTTTTTCTCGATTAATTTTTGAATCTGTCGAGCCACGGATTCTGAACTTGTGAAAGAATATCCCATCAATTTTTCAATAAATGGAGTCATCGAATCGTAGTACTCCGAATGGGGACCGTGCAGTTCATAACTTAAACGTGCTTTTCGCGACAACAGGACATTCTTGAACGCTGGAGAATTAATGAATCCCGGCTGCACAATGCTAACATCAATGCCATAGGGTCTGCATTCATACCACAAAGCTTCACTCACTCCCTCTAACGCATGTTTAGAGGCACTGTAGGAAGCCATCGTTGGCATAGAAACCATACCGCTAACTGATGAGATGTTAATAATATGCCCGCATTCTTGCTCACGCATAATAGGCAGGACCGCCTTCATTAAATTCACAGGACCAAAAAAATTAGTTCGCATCTGAAGGTCTTCAGCACTGGAGTCCATGTGCTCGACCACCGAACGATAGCAAACTCCTGCATTGTTAATTAACACATCAATTCGCCCCCAATGACGACAGACCTTATTCACCACCGAGGAAATTTCACTTTCTTCGGTAACATCCAAGGGGACCAACAGTGTGTTTTCATTGGCAGGGAATATTTCGCATAAACTACCAAAGGACCGCGATCTTGCCGTTAACACAAGTCGATATTGATCAGAGCGGATAAGCCTCTCCGCGATGGCTTTTCCCAGTCCGGAGTTACAGCCTGTTATTAGAATAACTTTTTTTATGGGTGTTTGGATTTGCATGATCGACCGCCCTAATTGGAAGGTGCGATATCCACTCCAAATATTGTATCCAGGGCACGATCACACTGCGGGACACTGATGGGTTTTGTAAGCACCTGCATATTGGAGAGCAAATCACCATATTTTTCTCGGAGGGCCGCTTCTTCTACGACGGATA
NZ_CP106855.1_gap33	1184999	1188191	3192	AATCTGAATCGTAAACTTAAGAGGAGGTCCCCGTGAACTTTGTAACCCTGATCGCTTTTCTCGCAGGTGCATTGATTGCCGGTGTCGTCGTTTATTTCAAATCTAAAGCCCAAGCGATGTCTGAAAAGTCGCAAATGATGGCTGACGTTCAATCTTTGCAGATGAAGAACGAACTTCTGACGCAGAACCTCGCTGACACCAAAGCTTTGATGAGCGAAGCTCGCAAACAGCAAGAAGAGCTTACAAACCGCATGAACACGCAGTTTGAAAACATGGCTCAAAAGATTTTCGAGGAAAAGTCCGCAAAATTTGCGGATCAGAACCACAAAAACATCTCTTCTGTTTTGGAACCCCTAAAAGAACGCATCAAAGATTTTGAAAAGAAAGTGGAAGAGTCCTACTCCACTGAGCGTTCCGAGCGCGGTGTGCTGCGCGGAGAACTTACGAAACTGATGGAACTGAACAAAGTCATGTCCACCGAAACTCAGAATTTAACGAAAGCTTTGAAAGGTGAAACAAAAACTCAAGGCAACTGGGGCGAATTGATTTTAGAAAACATCTTGGAACGTTCGGGCCTTCGTAAAGGCGAAGAGTACATCGTTCAAGGCGTTGACATGGATTTACGCGGAGAAGACGGGCAAATGCTTCGTCCTGACGTGATCGTGAACCTTCCCGATAACAAGCACTTGATCGTCGATTCTAAGATGACTTTGGTGGCTTACGAACAATACTCGTCTGCAGAATCGTTAGAGGAGCAGGAGCGCTTCGGTAAATTCCATATCGATTCTTTGAAAAAGCACATCGATGGTTTATCTGAAAAGAAATATCATGCCGCTGACAAGTTGATCTCTCCAGATTTCGTGATCTTGTTTATGCCATTGGAGCCAGCATTCGCATTGGCGTTTAAGTTGAAACCAGACATTTTCCAATACGCATGGGAGCGCAATATTGCCATCGTCAGCCCCACGACATTGCTGGCAACATTAAGAACGGTGACAGCTCTATGGAAACAAGATCGCCAAGAAAAAAACGCCCTAGAGATCGCAAAACGCGGTGGTCTGTTATATGAAAAATTCGCAAACCTTCTTAAAGACATCCAAAACCTAGGGGAAAAATTGGGTGCTGCTCAAAAAGCTCACGAAGAAGTCATTAAGAAAGTTTCCGAAGGTCGTGGCAACCTCATTGACCAAGTCGAAGACTTAAAACGCTTGGGAGCAAAAACCGAAAAATCCCTTCCACAGCTGGAAACAACCTAAAAGGTATCCGGTACTCTTTACGTATGAAAAAGGCACGGTAACCGTGCCTTTTTTGTTTCCACCTTTTTAACGGAAGCCGCTGGCTGAATCAGGATCTGTTACGGCGTTTGAAGCTCTGTGCTCCAATGACAGTTTTACTTTGCCGGCATTGATGGCTTCTTGGATACGGCGAGAAGAACTGTTGAAGTGCTCGACCTCTTCAGGGCTTGCGCACAAAGTTTTCATCGCCATTAATTTCTTATTTAATTCAACTGCATCAGCGATGCGTAGATCATTCACGGCTTCGTTGCCGTTTGTGATTGCATAGCTTTCTTTCCCGCGCAAAGTGATCTTTTCTAGCTCGCCCTTGATGCCCTTTTGGCCGCTGGTTTCGCTATAGAAAATCTGCTGACCATCCGGCAGGGCTTCGACCACCAAACGGTCTTTACCCTTGACCTGAGCGCTTTTGCCCGGACTGCATTCCAGAACGATAGGATCGGACGAATTCTTATACCATTTGAATCCAAAGTACCCACCCACAGGAATACCGGTATCACCCAACGTTGCGGCAGCTCCCACAAAGGTAAAAAGTGTCGCATACACGGGTGCTTCCGCACTTGCCAATTTGCGAGTTGAAAGACTCTCTGGGAAATTCAACTCTGGAAATGCTTTCCAAGTTTTACGCATTTCCTCGAAATTAGATTTCACACTTTTTTTAGGCTTGTAAGTGAAGACCACGTTTTGATAAGTGAACTCGGCCGCTGTTGCACCCATAATCAAAGGCTCATTCAAACCTTCAATACGTGCCTTATTGCCATCGAATTCCACTTTGGCAAAGGGTTGGGTCAGATCAATTTTTTGTGATTTTAAAATATCGCGGGAACCCTTTTCGAATTTGTCATTCCCCGTCGCTGCTGTGACCACGCCGAACACGGATTCCCAATTCTGAACTTCCCAAAACAGGGAGATATGAGGAACCGGAGCAGCCACCGCTGGAACTGTCACCGTTTGAATGAGGCTGCATGAAAGCAGCAACAAAGATCCCCAAAGTTTCATTGAAAAATGGCCTCCGCTGTTTATTCAGGATAGCACGGTTTTCAGAGGAGAAAAGCCTTATTGCAGGTAATAAAAAAGGCCTCAATCTTGCGACTGAAGCCTTCCTCAATTCCTCTAAAAATCCGAACTATAGTTCTGCGTCTCTTACGACATGCAGCTTCGTCGCCACATCGATACCAGTAGATTGATTTTTGATCGCCACCGCTGGATTTTGCACAACACGTTGTTGAAGTTTCGTGAAGATTGGTTCACGGATCGCCAAGTTGTTGTCTTGGAGTACGCACTGACGTGCGATTTTTTCAGCAACATTGATCACCACTGGAGCTTTCAAGTTGGCTGTCATTTGCGTTGGATCATCTGGAATAGTCACAATCGAAAAGAAGCGCGCTTTATCAGCTGAAGCCAACTTGATCGATTCCATATCCCCTTTAGTCAAATTTGCTTTGTAAGTTGGAGCAAACAACTCTGGCTCCAGAACTGGGAAAGCAATATGCGGAGATTCGCAGCTTTGCAACCAAGCAAAGATCTCATCACTTGGATCATCGAGAAGAGCGAACTTTCTTAGATCCGCAAAGCCCAGTAGGCCTTCCGGAAAAGTCAGAACATCTTCTTGTTTCAGCTCAACTTGGCCGAATCTCGATGTTGAAATGATCATTAGAATTCCCCCTCTAGACAAAGCGGACTTACCCATATCTTAGACACGCCAGGATAAATTTAGGGTAAGTGCTCTTATAAATCTGGACCTAAATCCAGGGAGACTCAATAAAATTCAATGGATTGACGCAGTCCAATCAACCCCGAAGGGGGCGAACCCGCGAAGCGGAAGCCAGAAACGCAAAACAGATGTGTCGATAAGTAGGCAATTTCAAGGCGGAAGGAGGAAAGCGTACGCCTGTACGCT
NZ_CP106855.1_gap34	1195535	1199705	4170	AGCAAATTTAACGATGGGGGTTTTACCAAAAATCATCATTGTAACTTCACCACGCCTTTTTCAGCGATCACCGCTGAAAGAACTTTTTGTGTTTCCAAGTTTTTAACTTTAATCAAATCACCAACAAAGCCTGTGTCCTCTGCTTGGACGTTCACAGAGACCTCGAACGTGTCATCGCCAATTATGGCTTTAACTATCTGTCCCCTCTTAGCTGCCGGTTCACGTTGAAGATCAGAAGCCCATACTGGAGTTCCGACGGGAAGTGCGCGAGCGGCTAACTGCCCATTTGCATCTTCAATTCTAAGACTGTTGTCTTTAGCAAAAGTCACATCGACCATTTGCATTTGAAGATCTTGAGAAGTTACACGCTCCCCCTGTGAGATGAGTTTCGTCGTCACCGGGGTTAATTTAGAAACGCGAATATTGCCCGAGATCCATTTAATTTGACGTGAATCCCCGTCGCGGATCGGCAAAAGAAAGCCACCCTTAGCACTTAGCTGAGACATATCAAGATCCCAAGCGCGATTAGATGGATTGGGCGTCGACTGAATTGTGACCTTGTATTCACAATCCGCACAGCGCGCCGTCAAATAATTCATAATCTTACGTTGAACCTCGTCACGTGACACCGGAGTTTTAGCAAACTCCACTTTCACAGTGCTGGGGATACGGAATGCAGGATTGGCTTTGCGGAATTCATCGTCTTGTTCCATTTCCTTTTTCAGGATGGTCAAAACTTCTTTCGCTTCCAATTTTTGCGAGATCAATAGTTCGCGGGCATCTTCACGAATAACGATAGAATCGATTTGCGCAACCAGTGACTCACTTGCACCCTTAACGACAGCAACATCCCCCAAACGCAACAATGGACGCTGGGAAATCTCGACTGTCGACGGAATAGAGATCTCAGGCCTAGCAAAGGCTTGAGGACTCAATAAGAAAGTTAGAGCCAAAAGTATCTTCATTAAAATTATCTCAAGTTATTGATTGATTGTAGCATCTGATCGGACGCTTGAATCACTTTAGAGTTAGTTTCATACGAACGTTGAGCTGTGATCATGTTCACCATTTCATCCACGATGTTCACGTTCGAAGACTCGAGCTGACCTTGTGCCAGATAACCCGTACCATTCAAACCTGGACGAGACGTCACGGGCTGACCGCTTGCTGGAGTTTGCATAAATAAGTTCTTACCCATGGCCTTCAAGCCTGCTGGATTTACGAAAGTCGTCAGATCAATATTACCCACAACTTGCGGGGCATCATTTAAGCCTTGAATCGTACGAACTTCACCCGTGGGAGCAATCTCCACACCTGAAACGTTCAACGGAATAGTAATTTCCGGTTGCAAAGTATTGCCATTTTTATCTACCAAACGACCTGTGGGATCTTTTTTAAAAGCACCGTCGCGGGTATAGGCAACATCTCCATCCGGAGTCATCACACGGAAGAAACCATTACCTTCAACTTGGATATCGAATGGATTCTTAGTGATTTGTGCATTTCCATTTTCAAAATTCTTTTGAATAGCTGCAGTGCGAACCCCGAGACCTACTTGCACACCGTTTGGAGAAACGGAGTTCATACCAGTTGCAGCGCCTGGCTCTTTTTGGGTTTGATACATTAGATCTTCGAACTCAGCGCGGGATTTTTTGAAACCATTCGTCGATACGTTGGCAATATTATTGGCAATAACATCCATATTAGTCTGTTGTGCCGCCATACCCGTAGCCGCTGTATTCAAGCTCTTAATCATCTAAATTCCCTCCTGGAATTTTCACGAACTAAAAAATCAATTCAATTATTTTACGCTACCAACAACATTGACCATTTTTTCTGCCATTTGGTCATATGCGTGGATGGCTTTTTGCGTGCTTTCAAAAACACGATTCGTCTGAATCATATCTGTCATTTCTTGGACAACATTTACGTTAGACGTTTCAACAAATCCTTGGCGAACACTTGGATTTGCGATGTTGGTTACTTCCGCATTCATATTTGGTTTAAAGCCGTACATGGAATTACCCATCTTTTGCAAAGAATCGGGATTCGTTACGTTCACCAAAGACAACTTACCAAGGTTGTTAGTTCCTTGAATTACATCACCACTGTCAGAAATCGTTACAGAACCGTTGTTAGGTTCAAAACGGATCACACGTGATGCAGGATCAGCTCCACCAGCAGCATCTGCTCTTAAAACAGGGAAGCCTTCTTTTGTTACCAATTGACCATTGCCATCCATGGTAAAGTTACCTGCACGTGTCAGTTTCACTCCACCGGGTGTTGCAACTTCGAAAAATCCTTTTCCATCAATGGCTACATCCAACGTATTTCCTGTAGGTTTCAATCCACCTTGAGAGAAATCTGTGAACGTACCCTTTGTATCAACATAGCTTTTGTCACCACCCTGCATGTTATAGAAGCTTTCTATGGATGCGACATCACGGGGGATTTGTATAACTTCAGGCGGTTTTTCGTTCGCCGTCAGATATTCCTGAAAAAGCTGTTGATCACGCTTAAAGGCAGGCGTGTTCACGTTCGCCAAGTTATTGGCGATCGTATCAAGTTTAGTACTTTGTGCCATAGCTCCACTCAGTGCTGTATAGACGCCTTTTACGCTCATCAGTTCTCCTCTACGTGTTGAGCAGCAAGGGGTATGCCAGCATTTGACAGGACCGATCTTAGTCTAGGAAAAGAACTCCATGCTGGACTTCTGTCGCGTTAAATTTTTATGGACTCAAGTTTTCTGCGATCTGACCGACTCAAGGACCTTCGTCATGGTGTCGTCTTACCGGCAGTTCTTTGTCGACAGTGTCAAAGAATCGACTTCATAATAATCTTTATGAAAAGAACGTGGGTAGCAGCTTTCCTGACATTTCAGATTTCCGTTTCTGCCTTTGCAGAAGCCAATTTCAAAGCGGCAGTACCAACGCCCACAAATCCAGTCGCGCAGCCAAACGCTCTGACTTTAAAAGAAAAATTGAAGGCATTAACAGCGCGCCAAACTCACGTACAATCGGACAATCTGATCTTTGATTTACCTGTGACGTACAATAAGAAAGTCAGCAAGTGGGTCGCTTACTATCAGGTTCGTGGCAATAAATGGTTTCGTGAATGGTTGCAGCGCTCTTACAAGTATATGCCTTTTATTCAATCTGAACTTAGAAAAGCCAACCTTCCAACAGATCTGGCTTATATGGTGATGATCGAAAGCGGATTTGCACCAAATGCGGTAAGCACGGCGGCTGCGGTAGGGCCTTGGCAGTTTATCGAACCAACTGGAGTTCGCTATGGTCTTAGCAAAAACTGGTGGTTGGATGAACGCCGCGATTTGCAAAAGAGCACGACGGCGGCGATTAAATATTTGAAAGATCTGCATGAAGAATTCGGCTCTTGGTACCTTGTCGCTGCAAGCTACAACATGGGCGAAAACGGCTTACGTCGTCAGATCAAAAAATATGGAACAAAGGATTACTGGACGCTCATTAAACTTTCTGCACTTCCTGTAGAAACTCAAGAGTACGTTCCTAAAATCCTTGCTGCTATGTTGATCTCCAAAGCTCCTAACCTTTACGGCTTTCGTGACCTTGAAAAAATGGATCCCCTTGAGTACGAAACCATTTTTGTTCCTGGCGGCACTGACATAAACTCACTTGCCGATCATTTGGGTGTCACAAGAAAATCACTAAAAGATTTGAATGCCGAGCTGTATCTAGGGTACATTCCTCGTCAGGTTGCAAAGCACGCTATCCGTGTACCAAAGGGTGCAGCGTTGATGGCGTCGAGTTTTGCGAATCGTTAGTACGTTTTTATTCATCGCAGAGGTTGCAACTCATGAAGCCCCTAATCGTGCAAAAATACGGCGGAGCCACACTGGCAGATCCGGAAAAGATCAAAGCGGTTTCGGCGCGCGTAGCAAATCAAGCGAAAGATAATTCCCTTATCGTCGTCGTCAGTGCGATGGGAAAAACAACGAATTCACTGATCGAACTTGCAGCCCAAATTTCAACACACCCACAACGCCGCGAAATGGACATGCTTATGAGCGTGGGCGAGCGTATAAGTATGTCGTTGGTTTCAATGGCACTGAACGATTTGGGTTGCCCAGCGATCAGCTTCACAGGAAGCCAAGCGGGAATTTTCACTGATGATTCTCACGTCAATGCTTTT
NZ_CP106855.1_gap35	1221202	1222382	1180	GACGATAACAAACCGTTCTATTTCCGCTCTATCCGCAAAGGATTCTATGCATCGAAAGTTTGGTTTGATGACTCGTCCGGAAAATCAATTTTAATTCCTAAACCTGACGATGCGGACCTCTACTCTCTTTTCAAAGGGCAATTACTCATCGAGCTTCGCTCTGCCTTCAAAGGCTTCAAAGCAGGCAGCTTGGTCGCTTTACCACTTAACAGCCTTGAAAAAGGCGAAGCAGCCCTTGATCAACTTCATTTGGTATTTGCGCCGACAGAGAAACGCTTTCTTCAGGGTGGCAGTCAAACCAGAAACCATCTGATTTTAGATATATCTGACAACGTTCTTAGCCGAATGGAAAAACTAACCTTCACTCCACCAAACATTTGGAAATCAGAACCGATTCCTTTGGGAGTAAACGGAATGGCATCTTGCTATGATGCTGATCCCTACTCTGATAAGTATCTTGCCACATACACGGATTTCTTGACTCCAACGTCGACCTACATAGGCGATGCAACGGATCCAAAAAATCAGTTTAAAATGTTGAAGCAAGCCTCTAAACGTTTCGATGCTTCAAACTTAACAACATCACGCTTTGAAGCCATCAGCAAAGACGGAACCAAGATTCCCTACTTTGTCGTTCACAAAAAAGACATCAAGCTTGATGGCAAAAATCCAACTTTGCAGTATGGGTACGGTGGATTCCAAGTATCGATGACACCAAGTTATCTGGGAGCTTTGGGAAAAACGTGGGTTGAAAAGGGTGGAGTTTACGTACTGACAAATCTTCGCGGTGGCGGAGAATTCGGTCCTGAATGGCATCATGCTGTGATCAAAGAAAATCGCTATAAGGTGTACGAAGACAACATCGCAATCTCTGAAGATTTAATTGCTCGCGGGATAACCTCCCCTGAACACTTAGCGATTTCCGGAGGCTCTAATGGCGGCCTGCTTGTCGGCGCGACTGTGACTTTACGTCCTGATTTATACAAGGCTGCGATCATTGGCGTCCCTCTGTTAGACATGCTTCGCTATCACAAGCTATTGGCAGGTGCGAGTTGGATGGACGAATACGGAAATCCAGATGACCCAGAAATGCGTGAAGCGATTCTAAAATATTCGCCTTATCAAAAACTAAGTCCCGCAGCGAAGTATCCAGAAGTGCTTGTGATGACGAGTACAAAAG
NZ_CP106855.1_gap36	1231296	1232126	830	ACCAATGCCATAACAATCAGTAAAGACAGTGGCACTTCCGTAAAAAAGGAAATTAATACGGGAATTAACACGATCACCATGCGTATTAAATCCACACGAAACATAGTATGATGCGGATTCCAGCGATCTGCCCATTTTCCCCCGATAAAACTTAAAAGCATCAACGAAGCTGTTTGACCAGCTGCCAAGTATCCCGTGTTGGAACCCATTAAGTTCACTGCGAACCAAGTTAGTCCTACTCGATAGATTTCATCACCGACCGATGAAAAGGCCTGCCCGACCCAAAGACGTTGTAGCTGCGGTTGCTTAAGGGCTTTGATCATGACGAACTTTCTATTGAGCTATGTAATACACACCGTCTTCGGGAGCAGGGCACGCGCCTTTGAACAGCCGGCTGTGCGCAGGAACCATATACACTCGACTCCACTTGTAGCCATCTTGTGAGACTACTTTGCTTAGTCTTGGATCGACATACACAATATCTCCAGGATTCAACTGACCGCAAGCTTTGGCTGTCGTTGTTGGCTGAAGACGAATATTCCGTTTATCTTTGGCCGTGTATTTGGCATAGCTTAAATCAATGTCTTTCGGAAGGGCGTTTAACCACTTCGACAGAAGCAAATTGAGCTGTTGTCCCTCAGGCGTTCCGAAAAACTGTGGCTTATCAAGGGGCGGCATCGGAGTGTAACCTTCAAGACGAGCAATGGCGCCATATGCCTTACTGTGTTCTAAATCCTGTGGGACAATCCAACCATTCTTAACCAAGAAATCCAAATTGCTAAACCGATCTTTCGCGATGTCATCGACTTGCAAGTTTCCGTGACAACCTG
NZ_CP106855.1_gap37	1309737	1312202	2465	CTCCTCAGCTGAGGCCTTCCTGGTTTTAAGCCCGCGCGTTCAGTTTCGTTTTCCGCATTATATTTTTGTTGATATCGAATCCACATCACATCTCCTAGGAGGAGAACATGGCGTTTTACAAAAGGCCGTCGAGATTGGTCGTAAATTCAGTGCAGATAGCAGTGCCGCGATTGCAGACACCGCTCCTGTCGCGCAGATGCTTGCGAAATGGAAGCCTTTCACTGTGGCTCCTCGTGCTGCTGAACATCGTGAGTTTTCAGGTCTCGGCCTTGATGCGCTAAAAGACCTTGAGGGTTTAGCCCCCTGGTCACAAAAGCGTTTGATTGAACATGTGATTTCATTCGCACGCACTTTAGGCGTTTGCACGTTAGAAGAAGTTTATAATTTCCGTTTGGTTTCACTGCGCGAGCGGTGGGGAGATTTCGGTGTTTTACTTTGGAATCGTTTGCATTCTCAAGACTCTCAAGTCATTTCACCTCTTGTTCCTCGCGATCCTCTTGTGGGGTATGGTTACCTTGACGATCCCTTAGGCTCCGTTCCCCTTTTATTCAATCGTATTAAACCAGTGATGGATACTTTATTTGCGCGTTTAAATGGCCTCTCCCGATACGCGCATAAAATGGAGGTGATCCTTCACTGTGAGTATTCTGACAAAAAATATTTGCTATTGATCGAACCCATCAGCGCCAGCCGCGACCAAGCTCTGTTCGAAGATCTTCTGTATAAGAAGATGGAAAAAACAGAACTGACAAATCCCATCAGGGAATTTGAAGTATCCGTTTACGATGTGCCTGAAAAAATCCAACAACTGGATTTTTTCGAGCCGCGCGACAACTCGGAGGACCGTTGGCGCCGCTTGATCAGCTTTGCCAAGCAATCCAATTGCGAAATGGGATTTTTGCAGGTGGAGGCCAGTCATTTTCCCGAAAAAAGTTTTCAGCTGGTCACCGAGTGGCCCGAAGATTTTAAATCGGAAGATTTGGTCGAGCGCCAAGACAATGCCGTCCAGGTAAAGACCACTTACGCAAAAGGTTTAAAGGAAAGCCCCCGCCCTTCGCTGTTATTGGAAAACCCGCAACCCTTAAATAGCTTTGAGGTGCAAAAGCTTCGTTTTGTATCCACGATGCCCAGCGAACGAATTGAATCGTCGTGGTGGCAAATTTCTTCGCAGGAATTAAAACATCGTGATTATTTTTTCGCTTTGTCGCAACAAGGACAGTTGATTTGGATTTTCCAGGATAAGGTCAGTTCGCAGTATTATCTGCACGGGTACTTTGACTAAAAAATGAGTAAATCAGTTCAAGTTCGTCAAACACATGCGATCACCCCCACAGCCAAGGGTTTTGTCGAGCTTTTAGGTCGCAGCAATTTTTCTTTTCTTCGTGGGGCTTCCTCCCCGGAAGAAATGGTCGAAGCCGCCATCCATAATAGCTATGATGGCATTGCGATGTGTGATCTTAATGGTCTTTACGGAGTGGCCCGTGGTTTTCTGACAGCCAATACTCCATCCATGTTCACGGAATCCACCAAACCCAAAGATGGCTTTCGTTATATCATCGGTTCAGAACTGACTTTGACAGATCAAAGTACGATCACCCTGATCCCGATGAATAAAAATGGTTACACACATTTGTGTGAACTGCTCACTTTAGGAAAAAGACAGGCCGCCAAAGGATTTTCATCCCTGCGCTTGGAACAAATCGAAAAATACAATCAAGATCTACTTTGCTTAGCTTTGCCGCCCATCGATGAAAAACGCTATGACAGTTTAGAAAAGATTTTTAAAGACCGTCTGTACATTCCCGTATGGCGAGATCTGACCTGGGAGTCTCACGAATTTTATCGTCAGGCCCTTTTACTTGAACAAAAATGTGGCGCTCAGTTGTTCGTTTCTCAGCGCCCCTTCATGCACACTCGCAAAAGAAAACCTCTGTTCGATGTTCTGACTTGCGTTCTTCACCACACCACTTTGGAGCAAGCTAAGGATAAATTGATCCAAAATGCTGAACGTTCACTCAGAACAATCCCGGAAATCAGCTCCCTGTGGGCCGATCGCGTCGACCTTGTGGAAAAAACTGTGGAAATCGCAGCACGTGTGAATTTCACGCTGAATGAAATTCGCTATCGGTATCCTCGTTCAAACTTACCACAAGGTAAGACTCCGACAGAATATTTGCGCTTCTTAGTTGAGGAAGGAATCAAGTGGCGATTCCCTGAAGGGGCCTCCGAACAAATCTTAAAGACCATTGATCATGAATTAAAAATGATCAAAGAGTTGGAGTACGAGGACTACTTTCTTACATTACGTGAAATTTGTGAGTTCGCCGATCGCAAGGGTATTTTATATCAAGGACGGGGTTCTGCGGCGAATTCAATTGTTTGCTTTTGTATCGGATTAACGTCCGTGAATCCTAAAGACATTGATGTCTTATTCGAGCGCTTCATTTCCGTGGAACGTCGTGAAC
NZ_CP106855.1_gap38	1357686	1360998	3312	TTTGCAATGTCGTTCACAAATTTTCCGGGTTCTTGAAGCTGAGGAATCCAAGTAACTAGAGCGGCTGCTAGTAAAAATCCTAAAATAAACCAGGGAAACTTTGTTTTACCCACCGTAGCTTCTTGTTTTCTTGAAACGAGGTATCCATAAAACAATGTCACCGGCACAATCCACAAAGCGCGCGCAAGTTTCACTGTCGTTCCCACTTCCAAAGCATGCGGACCGTATTGCAAAGTGGCGCCCACAACGGAGCTTGTATCGTGAATCGCTAATGCGCTCCACAAACCGAATTGCCCTTCTGTTAAATTGAAATGATGACCGACAATGGGAAACACAATTAATGCCAACGCGTTCAACATAAATACGACGCCCAGGGAAACAGATATTTCGTGAGGTTTTGCCTTGATCGATGAGGAAACCGCAGCAATTGCGCTCCCCCCACAAATTGCAGTTCCTGCTGAAACTAAGATCGACGTGTCACGTTCTGTTTTTAGAATTTTTCCTAAAAGATAACCAATCCCCAACGTCATCGAAATACCAAGCACCGTATAGCCGACCCCTTGAGCACCCACTCTCCCCACCACATTCAGATCCATTCCAGCGCCTAAACCGATGACGGCGATACTTAGTAGGTTTGACGTCAGTTTCCGAGTTTTTGTGATATAGGGATTCCCAACCGTGATCGCAGTTACTAATCCCAACACCAACGCCAGTGCAGAGGAAACAGGGAAAACGAAACAGCCTATTGCAAGCACAGGAATTAGGGCCATCGATACAGGATATTGGATTTTTTGTATGTTCATCAGGATACAATACCTGACCTACTTCTTAGTTGATACTCAATTGAAGATAAGCTCCAATATTCAAAAGGGGACTTTATTATGAAAGCTAAAACTCCAGTCATCGTGCGTGTACTTTTTGGATTGATCTTTTTCGCGTCGGGTATTGCAGGCTTGCTGCAGCAGATGCAGCTTATGCCACCACCACCGATGGATGGAATGTCCCCAGCTATGCTGACTTACTTTCAAGGTCTTGTAGCCTCTGTCTATTTCATGCCGTTCCTAAAAATCGTAGAAACCGTATTTGGCCTTTTGATCATCATGGGCTGGTTCGTACCTCTCTCGTTGGTCATCTTGGCTCCTGTCGTTTTGAATATTTTCCTAGTTCATGCCTTCCTGGCACCAAGTGGTCTACCGGTGGCGGTGATCCTGGGGCTTATGATGATTTATCTTTCCTTCTTCTCGCCTTATTCGCCTAAAATTAAGGCCCTATTTACCAAAAAATAGTAAATAATTCAGTTAGTTGGACACGGCAGACGTCTCCATGATAGACGTCTGCCATGAAATTCGAAAAATTCCACCTCTCTGAAGACCTTCTTCGCAACCTAGAAGACAACGGCTATTTCCGTACCACTGATATTCAGTTCAAAGCCATTCCTTCCATCTTAAAAGGCGAAGACGTTCTGGCGATCGCGCAAACGGGCACAGGTAAAACGGCTGCATTTGCAATTCCGATCATCAATATGATCCATTCCGAAAAAAGCAGCAAACGAGCAGTAGGCATCAAGTGCTTAGTGCTTGTTCCGACGCGGGAACTTGCGCAGCAAATCGGGGAAGTGTTCAATAAATTCGCGAAACACACCAAGGTGAAAGCTTTTGCCTTGTACGGTGGTGTTGAACAAGACGCTCAAATTAAGAAACTTGAAGACGGGATCGATATTTTAATCGCGACACCGGGTCGCATGTTTGACTTAATCTCTCAAGGCTTCATCGGCATTCATCAGATTGAACACCTCGTTTTGGATGAAGCGGACCAAATGCTTGATCTTGGTTTCATCGATGATATCGAAGACATCAAGCGCAAGCTGAACCGTCGTCATCAAACTTTGTTCTTCTCTGCCACGATCAATCCTGAAATTAAAAAATTGGCTTATTCTCAAGTTCGTAGCAATGCGATTCGCATCGAGATCTCTCCAGAAGATCCTGTTTCGAAAAATGTGAAGCATTTTGTGATGTTCGTAGAGATGGACGACAAACGTTTCTTCTTGGCGGAATACATCAATCAAAATCCTGATGGCAAGTTCATCGTTTTTGTTCGTACTCGCGTCCGCGCAGAACGTGTTGCCAAAGCTTTAGAACGCGCACAAATCGCATCAATCACATTGCATGGTGAAAAAGACCAGGCTGACCGTGCTGAAGTTCTGAGTTCATTCCGAAAGGGTGATTGTAAAATCATGATCGCGACGGATGTCAGCGCACGTGGTATCGATATTCCTGACGTCACACACGTGATTAACTATGACCTTCCTGAAAAACCGGAGAACTATGTTCACCGTATTGGTCGTACCGGTCGCGGCTTTAATAAAGGTATTGCAGTTTCATTCTGTGCTACTGAAGAAAAAGAGCTATTAGCCGACATTGAAGCATTATTGACCAAGCCAGTTGAAGTTATTAAAGTAAACAAAGCTGATTATAAAATTATCGCTTCACAACCAGAAATGTCAGATATCGACAAGAGTCTTCAGGCGCTTCTTGATAGCGAAGATCTTTTCGCGAACCCTAAAAAAGCGAAGTGGAAAAAAAAGTAGAAGGACCGTGTTCTGCTATTGGCTACACATTCCCGAACAAGGATTTGCCATTCTGAAATTGACTAATTTATAGTCAGTAAATTTACAGATTTTCACAGTGCACAGACATTATATGTTATCAATCTGCTATCGTCCTGGCACAGGTTTCGCTATCTCTCAGAAATAATAAAACCTGGGGGATCGGGATGAAACTAAGAACAATTGCATCGCTTACTTTAAGCTTTTCAGGGGTCTTATCTGGAACCACCTTTGCGATAACTTCCTCCTCCAACATTTATCTGGCTAAAAGCACCGAATACACTAAGCAATCCATGAAACTTGATCGGGCTTTGCAATTAACCACGGGACATCTCAAAGTGAACAGTTTGTCTGTTCCCTCCACAGCCATCGCTGCTTGGAAGTTATTTGTCAAAGCCTGCGTTCCGAGTGTTAGAAATGATCGCTATGCAAAAACGCTGACAGTCTCTAAAACTAACAATTTAACCATTTTAAATTTCCAGTGTGATAACAAGTCAGATTTTCAAACCATACCAGATGCTGTGCAGTTCATCGCAACTCTTGATCAAGCTGAAACGTTGGTAGATCTGCAGATCATGCAGTTTTCCACAGAACGCTCCCGTCGAGCTGACATTAAAACAGACGATTCCAGTGATGTTTTATTAGAAGTCGGTGCAGGAACGTTGATTGATGGTCTGTTGGCAAAAGCAGATCAAAATGCTGAAAAC
NZ_CP106855.1_gap39	1370338	1371375	1037	GGTTGGTAAGGTGTCGCCAAGGCTCGTTCAGAAGAAACCGTATATTTAACCCCTTTGATCGTTATATACACATCACTGTGAACATCTTGAACATCGTTTGCGGCATTGTAGTTGATAACATCCCAGGCAATGGAGTTGCCGGACTTGTCTGCACAACGATAGTCCTTCGTCGGTGGCGTTGCTTGCGCCAAAACGGAAGTACAAAGAACAGAAACAAAAATAAATGCTTTCATAAAATCTCCTAAGTTAATCCCGCCCTATTTTGAGGCAGCTAGTTGTTGGAATAGGTTATAAAGCATCTCAACGCGCAGCTCCATTTATTTAATATTAATTTAGTACTTATATGATTATAATTTATGAACAATGGTTTCAGTCTATGAGTTTACGGACTATAAAACGTATCTAAAGAAGCGGGTTTCCCAGTCCGAGCAGCGTGGTTTTGCGACCCGTTTGGCGGAGGCCGCGGGCTGCCAGCGGTCTTACTTTTCCACGGTTTTAAATGGCAACATCCATCTTTTACCCGAGCATGCCTTTGGCATCAGTGAGTTCTTAGGACTCTCTCATGAAGAGCAAGAATATCTGTTCCTGATTTTGGATTATAACCGCGCTGGGAACGCCGCCTTTCGTTCACATCTTTTAAAAAAAATTAAGGAAAAGCAGCTCGCCTGGAAGGATTTTAAAAATCGTCTGAAGAAGGACAGCATCGCAGAAGTTGAAGACATGTCGGTTCGACAGTTTTATTATTCTTCGTGGCTGTACGCCGCAATTCATATCGCGGTCAGCATCCCTAAACTTGGAGAGGTTAAACATTTGTCGACTTACTTTGGAATCTCCGAATCAGTCGCCGTATGGCATCTTGAAAAATTAGCACAAATGGGATTGGTCGAAAAAAAAAGCGGCCGATGGAGCTGGAAAAGCGGCGATCTGCATCTTTCCAAAGATTCTCCGTGGATTGCAACTCATCACTCGAACTGGCGCATGCAGGCTTTAAATGATCTGCCGCAAAGAAAAACCGAATCACTGCACTTTTCGGTCGT
NZ_CP106855.1_gap40	1479871	1483373	3502	TATCTAGCATTGCCATCATACGATCCATGCGAGACTTTTTGCGCTCTAATGAAAACAGTAATGCTTTCTCTGAACGTTGTGCCAAGAATGTTAATTCCTTTTTACGGCGATCAATTAGGTTTTGTGGTGTACCCAATTTTTGGGTCATCAATTCTACACGGTGTTGCTTTTGACCGATCGAACGGTTCATCGCTAACTCTAGACGTGTCAGCAAATCATCATTGCGAAGTTCTAAATCTTGTAAGCGACGTTTGGGATCAACCAAGCGTTTAGAAAGGCCCAACGCTTTTTCACGCAAGAACTTCATCTTTCTATCGAAAGATAATTTCAACATACGTTCAAGCGATGTCACTTTATTCACTAGCTCCGCAGAACTTTTAGCAACTAGCTCTGCTGCCGCTGACGGAGTTGGCGCACGTAAGTCCGCCACAAAGTCTGCAATTGTAAAATCAATTTCGTGGCCAACAGCCGAAATGACAGGAATTGGACTGGCTGCGATCAAGCGAGCCAAGCCCTCGTCGTTAAAGCACCACATATCTTCAATAGAACCGCCGCCACGACCCACAATAACTGCGTCGACATCAGGCAGTGCTACCGCCTTTTTAAAGGCTTCACGCAACTGCGGAGCCGCAGCCTCGCCCTGAACGATTGTGGGGACGATTGTTACTTGAATAGACTTTGCACGACGAGAAAGCACGTTCAAAATATCGCGAATCGCAGCACCTGTTGGTGAAGTCACAATTGCGATATGTCTTGGAAAAGTTGGAATAGGTCTTTTTTTAGCAGAGTCGAACAAACCCTCAGCACGAAGTTTATGCTTAAGTTGCTCGAACGCCTTTTGCAAAGCACCCGCGCCCACCGGCTCCATCATATCAACCATCAACTGATAGTTGCCCCGAGGCTCGTACACGGTCACACGACCACGAACCATCACTTCCATACCGTCAGTCGGTTTGAACTTGAGGCGTGCGTTATTACCGCGGAACATAACCGCCGTGATCTGTGATTTTGAATCTTTAACACTGAAATAGAAATGTCCCGAAGTGTGAGCTTTGAAATTTGAAAGCTCCCCACGCACCCATACCATCCCCATTTGACCTTCGATCAACTGCTTGATTTGGACATTTAGTTGCTCAACAGAAAGCACCACGGGCTCATTGGATTTAACAGGCGCAGAAGCCGCATCCAACGTAAGTTGCGCGTAGTTTTCAGTCTTGCGAAGGGGCTGATTTGGAGAGTCGGACATGGGGTGGAAAGTTAATCCCAGCCCCCGGAGGAGTCAATACTCAGAGCGACGAGTACCAGACATTTTGCGCGGCCCAAAGACCGCCAACGAAGAAACACACCCAACCCAAATTTTTGTGCTTCATAAGGTTGTGAAACGCTTCACCCATGCGCTCTTCACCGATCTTTACTAAGGCCGGATTTTCCAGCACAAACACCATGAGGAGTCCATAGAAAAAAACCACGAAGGGAAAAATAAAATCCAATTTTTGAGGTGTCATATGCAATATATCGGAGGCTTACGGAAAAGTTAGAGTCCGGTTCGATTGACGAAACTATACTTCCTGCTAGAATAGTCTTCAGAGGTTCGACGACGTAAAGCTCATCGAAATTAAACCTTACAAGCATATTTTTGGGGACTGTCCCTGGCAATGGTGTGCAAGCTCAGCTCGTACTGAGAAGCCTAAAGTCGCTATCATGGTCACCCACCTTAGCTAAAACAGGTTTAGTTCAGAGTAGTCATCGGGCCTTTTTTTATTTCCCCAAAAGGTACAGCCTTACCTCCTCTTCTGTATTAAAACTCCGAGCTTTTCCCTCGAAGAAATCTCGTTTCGAGACACTACCAAAGAACGGTTTCCTGGCTCTGATTTAGGACATTGTTCGACAACTTATTTTCGTCCACCTATCCTGAAATAGTAGCGATTTAGAACGTTATTTGTTGGAGCAACAGCATGAGCAGATCATCCGCGACGTCCAAAGCCTCTAGAAAAAACCAAACAACCATTCCCCAGCGCGTGCGCAAAGCATTGGGAATCGCCAAGGGCGATACTCTTCTTTGGACCATCGAAGGCAATGAAGTCTCATTGAAGATCATCAATCGCGTAAATGTCGACTGGAACAAAACTTCAGAAATGTCATTACTAGAATGGACCCCAACAGAAGAAAAAGAAATCGAAGCCTAAAGGTAACAGTTCCCTTTTTTAGGATTAAGCTCGAATCATAAAAAAAGCCCACCTATAAAGTGGGCTTTTTGCTTTTAAGAACAGCTAATCCTAAAAAAGGGAACTGTTACCTAAAGAGGGATGACTTCGATTGTTGGGTTGAATTGGTCGCGGAGGATGCCTTCGATGGCCATCAATGTACCCGATGTGGCGCTTGGGCATGTTCCGCAGGCGCCTTGGTAAAATACGTAGAGTTTATTGTCTTCGTATTTTACGACATCCAAATCCCCACCGTCACCTTGAAGACCTGGTCGAACCGTGTCGTCCAAGATCTCTTCGATGCGTTGAACCTCCGGTGGAAGTCCCGCACGACGCATTTTCTTTTCATCCGCCTGGGTTACGTTGGGATTATGAATTGGCATGCGAGTTTGAATCACTGCGCATGCATTCTTTTGAATTTCCTCTGGATCAGAATCAAAGCTGTGGGTGATCGTGATCACGTTTTGGAACAAGTGAACCTGACGAACACCTTCCACTTGGAACAAGCTTGATGCCAAAGGGCTTTGCTCAGCTTCTTGGATAGAAGTGTAAGTTGCTTTACCTTCAGACAACACAGGGCGATCTAAAACGAATTTCCATGCGTTTGGATTTGGTGTTGCTTGAATTCTGATTAATACATCCTGCGTACTCATAATAATAACTCCCGGGCCTTCACCACGGCTTTAACTAAAGCATCAACATCTTGACGATTATTATACACTGAAAAAGAAGCGCGAACAGTTCCCGGAATGCCAAGTCTTGCCATCAGCGGCTGAGTGCAATGGTGACCGGCTCGAACTGCGACGCCCTCTTGATCTAAAATCTGACCTACGTCCGAGTGATGAGCACCTTTCAGATTAAATGAAATCGTAGGGCCTTTATCATTCGCCATTCCATAGATTTTCAAATCAGGAATTTCCAAAAGTTTTTCTGTGGCGTACTTCAATAGATCCATTTCGTAGGCATGAATCTTGTCGAATCCGATATTTTCTAGGAACTCAATAGCCGCGGCCGTACCGATTGCTCCCTCGACGTGAGGCGTACCCGCTTCAAATCGTGTTGGAACATCATTGTAAGTCGTTTTTTCTATCGTGACTTTGGAAATCATTGATCCGCCACCTTGATAAGGAGGCATTGAATCCAAAATGGCGCGCTTTCCGTAAACAACACCGAAACCAAATGGGCCAAATAACTTATGAGAGGAGAACACAAAGAAATCTACATCCAAAGCCTTAACATCGACTTTGAACTGAGACACAATTTGCGCGCCATCCACCAAAACTTTCGCCCCCACAGCG
NZ_CP106855.1_gap41	1485475	1489291	3816	AAACGAGGAGACAAAACTGCCATCTGAAGGATTTCGTTTTTCTTTTTCTCGCCGCCCGAAAAACCCGTGTTCACTGGACGATCCAAGTATTCAGGTTTCATGGAAACAAGTTTCAACTTTTGCACCAAGAATTCACGGAACTCACCCTCAGGCATTGGTTCAGAACCTTGATGTTGCAAAACAGAGTTAAAAGCTGTGTGCAAGAACGTGAAGTTAGATACTCCCGGAACTTCAATCGGATATTGGAATGCTAAGAAGATTCCTTCTTTAGCTCTCTCGTCTGGAGCAAGCTCCAACAAGTTCTGCATCATGAAGTTGATTTCGTATTTAACTTCGCCACCTGTGACTTCATAAGCTGGATGACCAGCTAAGACTTTAGACAAAGTCGACTTACCAGAACCGTTTGGTCCCATGATGGCGTGAACTTCGCCAGCTTTAACCGTCAGGTTTAGACCTTTAAGGATTTCTTTTTCTTCAACACGTGCATGGAGGTTTCTAATTTCTAACATGATACTATCCTACTGAATTCTCTAACTTCATTTCGATCAACTTGACGGCTTCCACTGCGAACTCCAAAGGAAGTTCTTTAAAGACTTCCTTACAGAAACCGTTCACCAACATTGAAATCGTCTTTTCCATATCCATACCGCGAGATTGCAAATAGAAGATTTGATCTTCACTGATACGTGAAGTGGTCGCTTCATGTTCAATCGTCGCCGTTTTATTTTTAACTTCGATATAAGGGAATGTACTCGCAGAGCACTTATCACCGACCAGCATGGAATCACACTGAGAATAGTTACGTGCGTTTTCCGCTGAAGGCATGATCTTTACTTGGCCACGATATGCATTCGAAGATTTATCAGTGGATATACCCTTTGAAATGATCGTCGATTTCGTGTTTTTACCAATGTGGATCATTTTTGTACCCGTATCTGCTTGCATTAGATCGTGGGTCAAAGCCACAGAATAGAATGCACCTTCGGAACCATCCCCTTGCAAAATGCAAGAAGGGTATTTCCAAGTGATGGCAGAACCAGATTCAACCTGAGTCCAAGAGATTTTAGAGTTCTTACCCGCAGCTTTACCACGTTTAGTAACGAAGTTATAAATGCCGCCCTTGCCTTCTTTATCGCCTGTGTACCAATTTTGAACCGTGGAGTATTTGATCTCCGCATTGTCCAAGGCAACGAGCTCAACCACGGCCGCGTGAAGTTGGTTTTCGTCACGTTGAGGAGCTGTACAACCCTCAAGGTAATTGACGTACCCACCTTCATCACAAACAAGCAAAGTTCTTTCGAACTGACCTGTGTCCTTAGCGTTGATACGGAAATAAGTCGAAAGATCGATCGGGCAACGCACACCCTTAGGGATGTAACAGAAAGATCCGTCTGTGAAGACAGCCGCATTCAATGCCGCATAGAAATTGTCTGTGTAGGGAACAACTGAGCCCAAGTATTTTTTTACTAGCTCTGGATGTTTCGCCACGGCTTCAGAAATCGAGCAAAAGATAACTCCCGCTTTTTCTAAAACTTCATTGTGTGTCGTTCCCACAGAAACGGAGTCAAAAACCACGTCAACCGCGATACCAGAGATACGCTTTTGCTCTGACAAAGGGATGCCCAATTTTTCGAAAGTCTTAACCAATTCAGGATCAAGATCTTCCATAGATTTAGGCTTATCAGCATCTGATTTTTTCTTAGGAGCAGAGTAGTAACGAATCGCTTGAAAATCGATGGGAGGATAAGAGACATGGGCCCAAGTCGGCTCTGTCAAAGTTAACCAGTGGCGATACGCCTTTAATCGATAATCCAGCATCCATTCAGGTTCATTTTTCTTACCAGAAATCAGTCTGATGATTTCTTCAGTCAAACCCAATGGGGCCTGATCGGTCTCAATATCTGTTGTGAAACCGTATTTGTATTCGTACGAATCAAGAGGGTTGTTCTTGTTGTTATCCATGAATCACCGTCTCAGAAGATTTTTTCGGCATCGCAGTTCTTTCAACTAAGAGATCTTTCAAACTGACGGATTTATAAAAGTCAGTGAGCTTATTATTTAAAGTCGTAACCGGAGAAACGATGTTGCACGTACCTTGAATTTCACAAGGAACTTCTTTGTGCAGGCATTTCACCAAAGCCGTCGGGCCTTCGATCACTTCGACCAAATCGTGGATCGAAACCTTCGCAAGATCTTTCGTGATCTGATATCCACCGTTAGCACCATACTCAGCCCGCAGAATCCCGCCTTTTTGTGCCATTTGTTGCATCACACGAGCAGTCGCATCAAAGGGAGTATGAAAAGAATCAGACACTTCTTTTGCAGAAGTTAACTCTCCCGGAATTTTCTGACTCATATATTTAAGAGCCATCAATGCGTATTCTAATTTTCGATTGATCTTGTTCATATTGGTACCTGACGATTACGTCCCTGTTATCTAATAGAAAGCTAATTGAAAAACAAGATGAAATACGCCTAATTTTAGCGTATTTAAGATTGTGACAGGAATCTTTCCTTTAGTTTTGAAAAAATGTGCTGATTTCGGCATCTTAGGGTGCTATACCAAAGCCCTTATGCGAGTACTATTAGCAACAATTGCGTCGTTAACGATGGTGGGTATCATTATCCTGGCAACCCGTATTTGGGGCTTGGGTCAGACCTTCCAAGAATATAAATCTCCCTACATGGACGGAAAAGCTCCATATGTGGCCGTAAAAACTCACACTTTGGCCAAAATGCAGGAAGCAATCGATGCACGCCCGGACGTTATCCTTTGGGCTGACGTTCGCGTTTCTAACAATCGCGTTCCGTTCATTCTGCCGCCAAGCCGTGACGTGGAATTCCTGAATGCAAAAATGGAAGAGCAAAAGGCGAATCCCACTGCGCAGATCATGACAAGCAGCAAATTAAGCGGGTTTTCTTTTGAACAGATCAATGAGTTCTATAAAAGTACTCCGGCATTAAAAGAACTGTACGAAAAATTCCCACACCAACGCTTCATTTTGAACGTTGTGGATAACGTAACAGATGTTGATTCTATCGTCGCAAACGCAGTCCAGGATTATAAATCAGAAAATCGCACTTTAATCCAAAGCGATGCCAACGTGATCACAAACGCAATCAAAAGTTTGCAACCTACTTGGCTTTACGGAACAACGAAACCGGATTTGATGCGCTTGATGAGCTTTGATTCTTTGTGGGTTTTGCCGTCCACCCAATTTAAGGGCGACGTTTTCGTAGCTCCATTTAAAATTGCGAAACGCCCTGCCTTTAATGACGCCGTCATTGAAGAAATGCGTCGTCGTAAAAAGAAGATTTTCTTGATCGTTGAAAATGAGGAAGAGTTCAAACGCGCCATGGAAATTAAAGCTGATGGTTTGATTGTGAATGATATCAAGCAAATCAACTCGTGGTTGCCAATAACTGCAGCAGAGCCGACGGCAACTCCAACCTCCACTAAGTAATCTCCCACGACGATGGTCCTGCGCCATAGGGACATCGTGGGTTGATCTCAGGACCTTTTACGCATAATGTGGAACATGGAGGTTCATCTATGTTTCCACTTTTAGTCCAGGCAGCTTCGGCCGCACCTTCTGTGTCAGTAAATACAAACTCTTGGGATGCAATTGCCCAAGCGAGTCCAGTCGTACAACTGACATTGGTTATTCTTATTGGTATGTCCGTGGTTTGTTGGGCGATCGGTTACACAAAATATAAAGCATTCAAAAATATGCGCACAGCTGATGATCTTTTCCTGAATAAATTCTGGAAAGTGAATTCCTTGGATTCTCTTTATGAAGATATCGATCAATATAA
NZ_CP106855.1_gap42	1565831	1569076	3245	AGCGCCCAAGAGCTGCAACATAAATAAGTATCCAGTTTTTGCTGAGAACCTGGGACTTATGGGAGATCTTCTCAGTTCTAACACGGGTAAAATAGCTAGCTGTCTTGAGAAAGTGAAGAAAGTTAATGATATTGACCTGAACCTAGTTTCAGCGAAATTCAAATTGACTGTCGAAAAAATTTCCAACGGGGATTCAAAAGATATCTACTCTTGTCAATTGACCGACCAAAACAATGTCGCTGGGGAAGCTACAGAGGACGGAAGGATTAAATTCCTTATTCCATCAGAAAAACAGGATCCAGTAATCGAACCGGAAGCCATGGTCTCTTTGTTCCTACACGAAATCCTTCACACATCGGGAATAAAGTCTGATCAAACAAACAATTTTATCCTAAAACTATGCCTAAGCGAGGACTGGGATAAGATGGGGGCAAATAATATTGCAGTCATAACAAATCAGGCAGTGCAAAAAAGTGTTGATGATTATGCTTCCCAAGAAAGTGCGAATACAAAGTCCACAAAATCTGGAAGGGCCATCAGCGCGTCAAAAAAAACAAAAAGAGAGATTGCGAGTGCCACCGAGAGTTTGGGTGCAGACGTCGATATGAAATCCGAAATAGCTAATGCCGAATCAGTTGTTCCGTCTGCTGAAAAGCTTACCGTCGCAAAAATCGACAAGTCCCCTGCTGGGAAAGAGCAAGCACTTCGCGATAGCGTACAAGAAAGTGCACCTGTATTTAGAATGGCCAACCAAGTAATGGGCGCTTCAAATACTCCGGCGTTGGCGGATACATCCTCAGGGTCGTCTTCCTCAGAAGTGGGCGGCAGCTCATCATCAAGAGGTCGTTATCAATCACGATACGGAAGGTATCAGTCAGACTCGTCATCGGGTGGCGGCGTTGGCAAAGACGAATTCATCGCCGAAGAAATTGATCTGACTAAAAATCAAAATGGTCGAAACGAAAGATCTGGTTCAAACACCCGATCCTTACAACGATCGTACCAAGTTGAAACACCATCTACCGCATCATCACAATCCGAAAATTCGAACTCCCGTGGACCGGCCTCTGTATCTAATGAAATTGGAGGAGCCGGCAGCAGACGAGGCGGCGCAGTTGATGGTGGTGGCAATGTAGCGGTCGGCGGATCCACAGGCTCCGCATCACTAAGTATGGATACAAGTTCTGTCGGTGGTGGTGGCGGAGGATCTGCTTCATCGAGAAATACTCAAAAGGGTCGTTCTGCAAACACGGCCAGCCGAGGTCCGGCATCCACGGGTAACAAGGGATCTCCCGCCGAACGCCGTGAATTGATGAGCTCGCTGGTGGATAGTGATTACACGCTAACTAGGCGTAAACTCAAGGATCCTGGCTTTCAAACGAAACTTTCTGACAATCAAATTACTGTCATTGATGTGAACGGAAACCGCTGGGGAGCAAGCCGAGGTGCCCTCATATATTTAGATGATGGCAGCCGCTTCATCCGTCAGCGCTAGACCATACCGTTCCCTCACATTTGTTCCAAAAAAAGAAATCTCGAGAAAACAAGCACTTAAGTTGTTTCCTTAATGACCCGATAAACAAATTGTAGTCGGTATCTTCAAGGAGAGAACTTTTGTTGTCTAAAGTGAAACGCAACAAATCAATGGTGCTTTTAATCGTCGCAAGCTTTTGGGTTTGCTACGTGGGCATCACTGCGACTCAATTTTATTTCAACGTTGCTGAGATGACCGAGCAAGTGATTGAAACAAAACACGCACAAATGACTTTTGTTGAGGACAGTCAAATCTCCGCTCTCGTCTCTGACAACTCTGATTTAGTAAAAGCAAATTTAGATAAAGCCCGCGAGCTGAATTTGATCCACTTCTATATCCTACAAAAAGGAAGTGATGTTGTTAGCTTTCACAACAACAATGGCGACGTTGAAAGCATTAACGCCGACTATAAAGTCTTTAATCAAATTCTAGCCACAAAGAATATCGCTTTCCGCACCATCAAGATCATGGATTATCGCCTGACCGTGGGAGTCTTCCAAAACAAAGCCCGCATCATCATGCAAACAGCATGGGACTACAAAGGTATGATCCTGCGTGACCTTGTTTCAGTGACGACGTTCCTGTCATTAATTGTATGGTTGTTCCTTAAAGACATCATTGATCTAACTAAAATTCTGTCTTCTAGAGACCGCGAAAAAATGGGCAAGATCCGCTCTCTTTCTAAAGAAGGCGCAACACTTCTCCACGCGGCGCAAACGTACGAGGCAACACAAAGAACTTTAGCCTACGAAAACAAAGTTTACACCGAGACTTTAACTCCCGCGATTATGCATGAACTTAAATCTGGCAGAAAAGCTCCGTACGCATTCCAAACTTCGATGGTACGTGTCGATCTGAATGGCTACACACAGATCTTCTTGGATAAAAAAGATGAATATGTAAGCGACATGATGAATCAGTACTTCATCCGCTCTCGCGAAATCATCGAACGCTATGATGGTCTTATTTACCAATACGTGGGGGATGAAATCGTATTCCACGTTAAAGAGTGCCAAGGCGTTAACTCTCAAGCAATGTCTCTGGCATGCTTGCGTGCCATTTTTGAAATCGCCCAAGACATCGAAGATCATTTGCCATCGGGTGCTGATCACTACTTTAAAGTAAAGGGCTCTTTCGTCATCGGTAAGATTCGTTTTGTGCCGCAAGATTCAGGCTATGGACTTTCAGGTTTACCATTGATCGAATCCGCACGTCTTTTGAGCCAAGTAGATGACAAAGCTAACAGCTCGATTACTTTCTATAGCGAAGCGACTCCGTCAGTAAGTGATCTTTGCACGATCGCCGAAACGAAAAGCACAATGCTTAAGGGTTTCTCAACTCCTGCGACATTGTGCAAAGTTACTGAGTTCTCTTCAATAGATCGTCTTTTGGGGCGCCATCAGCTTGAGAAGCTTACATACTATCGCAGTGACAGCGATTTAATCAGCATCTATCGCTTCCTTGAAAAAGCACTGCAAGAAAAAGACGAAATCAGTTTCTTCCGCGTTTTCTCTGTTCTTAAAACTTTTAAAATAAATCAAACTAGCCTACAACAAGTGGCGGGTTTTGAAAAGCTTGTGGAAACAGCTTACAAATTAAATAAGCAGAAAGACCTCTCTGACAAAGTCTTAGCGTCTGTTGTATCGCTTGCTTCGAATTTAGTTCCACATGCTTTCGTGGAAAGCTCTTTGTTGGCCATCTTAGAAAAATG
NZ_CP106855.1_gap43	1657184	1662080	4896	TTGGCTAAGACTTCTCTAGTTTTCGGTCAAATGAATGAACCTCCTGGTGCACGTGCTCGTGTTGCTTTGACTGGTTTGACTGTTGCTGAATACTTCCGTGACGTTGAAAACCAAGACGTTCTTTTCTTCGTTGATAATATCTTCCGCTTTACTCAAGCGGGTGCTGAAGTATCTGCGTTGTTGGGTCGTATCCCTTCAGCGGTAGGTTACCAACCGACGTTGGCAACTGAGATGGGTACTCTTCAAGAGCGTATCACTTCTACTAAAAAAGGTTCGATCACTTCAGTTCAAGCGGTATACGTACCTGCCGATGACTATACGGATCCAGCTCCAGCAACTACATTTACTCACTTGGATGCGACGACGAATCTTGACCGTGATATCGCAGCTATGGCGATCTTCCCAGCGGTTCACCCATTGACGTCTACATCACGTCTTTTGGATCCAGCTGTTATCGGTGAAGAGCACTACAAATGCGCTCGTGACGTTCAAGCGTTGTTGCAACGTAACCGTGAGCTTCAAGATATCATCGCTATCTTGGGTATGGACGAATTGTCTGAAGCGGATAAATTGGTTGTTTCTCGTTCTCGTAAAATCCAACGTTTCTTGTCTCAGCCGTTCTTCGTTGCTGAGCAGTTCACAGGTTTGCCTGGTCGTTATGTTGACATCAAAGACACAGTTCGTGGCTTCCGCGAAATCCTTGATGGTAAACACGATGCTCTTCCAGAACAAGCGTTCTACCTTGTTGGTACTATCGAAGACGTTATCGAAAAAGCTAAGAAGTTGCAGGCGTAATCCGAAAGGATTTCGTCTTCATGAAGCGGCCTGAGGGGTCGCTTTAAGAAAAGGTGATTTATGTTTAAACTGACAATCGTGACTCCAGAGCGTCGTCTTTTAGTAAACCAAGAGGTTGAAGAAGTAACTGTGCCTGGTTTTAAAGGAGAACTTAATATTCTTCCTGGTCACGCGCCTCTGATCACTACGCTAGGAATTGGTGTGATGAAATGGAGACTTAAGGGTCAAGAAAAGCAAAACCAAGCTGTTATCAGCTGGGGTTATTGCCAAGTATCCCCTGAAGGCGTGAATGTTCTTGCGAACATCGCTGACTTGCCAGAAGAAATCGATCTTGTTGCAACTAAAGAGTACCTTGCTAAATCTGAGAAACACGTCCTTGACGAAGTTATCACAGACGCAGATTGGACTGAGTTCCAAAAAGAGTGGACTCGCGCAAGAGCGAAAATCGAAGTTGCTGAAAACTCAGCAGCTAAGAAGTAGTAGTTAGGAATAAATTCGCTTATCGCGAATTTAAACCAAAATAGATCGAATGTTCAGAAGGCTCAGGTTCACACTTGAGCCTTTTTTATTTCCAACACTCGTGCGATACTCCGCCAATGACCCGAGAATTTCGCAAAGATATCCGGGGCAGAGGCGCCAGCAGTAATATTCCGAATCGTTTCGATTCTCTCCATTTCGAAGCCGAGCCACAGGATTTTGACAATTATCTTGAAGAGGAAAAACCTCGTTTGCAGACGCAAGTTCTGAAGGATTCGTCGCGCGCGGTTTTGACTAAGAACGATAGTCCAGACATCGGATTCACGTATTCTGTAAATCCTTATCGTGGATGTGAGCATGGGTGTATCTATTGCTATGCTCGTCCAACGCACGAGTATTTAGGGATGTCTGCAGGATTAGATTTCGAATCAAAGATCATGGTGAAGGAAAACGCACCTGAATTGCTTGAAGAAGCTTTGATGAAAAAGTCCTGGGAACCACAAGTTATTGTCATGAGTGGTGTCACCGACTGTTATCAGCCGTTAGAGCGCGAATACAAACTGACTCGTGGTTGCTTGGAAGTTTTAAATAAATTTAAAAACCCCGGAGCAATCATTACGAAGAATCATCTGGTCACTCGAGATATCGATATTCTGCAAGAAATGGCTCAGTACAAAGGGATTGTTGTCACAATTTCGATCACATCACTAGATACAGAGTTGATTGCATCCTTGGAACCCCGCACATCCAGACCTGCGGCGCGTTTGCGAGCGATTGAGGAATTGGCAAAAGCGGGAATTCCTGTTGGAGTGAATGTGGCTCCAATGATTCTTGGTCTTACGGATCACGAGATGCCTGCGATACTAAAGGCTGCAGCAGATGCTGGAGCGACATCTGCTGGATACACGATGCTTCGACTTCCGCATGCCGTGGCTCCATTATTCGAAGAGTGGTTGGACGTTCATCGCCCTTTGAGAAAAAACAAAGTGATCGAGGCTGTTAAGGATGTTCGCGATGGAAAGATGTACAAATCTGACTTTGGAAATCGAATGACGGGCACAGGTCCTAGAGCAGAACAACTGGCGCAAGTTTTTGAAGTGTACTCGCGAAAGTATAAACTAAATGCGAAGAACTGGAGTTTATCTGCGGCCCATTTTAAAAGACCGCCGACAGCGGCAGAGATCGCGGCACAAGCACAATTGAGTTTTGATTTAGAGTAATATTAACAAGAGAGATCATGGCTAAAAGGAACTTACGCAAAATTCAAATAGATCTGCGCCAGTTCGCTTTGCCCTGTCCTCGCGTGGGTAGTATCGAAGCGCACTCGGGTTATGGCCAAACTCCAAAGCTTGGGCAAGAGATTCACCAAAACATTCAACGCAAAAGAATTCGTGAAGTTCCGGGTTATGTGGCCGAGAAAAAACTTTCAATTGAATTTGAGCGCGAACAGTATCTGTTCGTCATTTCAGGGCGTGCCGACGGTGTCATCGAGGGATCTCAGTTTCAAGTTGAAGAAATTAAATCCGCGTTTGATGTTGAGGGGCTAGAACATAAGCTGACTGTTGATGATAACCATCCCTATGTGTGGCAGCTTCGTACCTACGGATACATTCTCTATAAACAAACGGGTGAAGTTCCAGATTTAAAGATGCTTTTGGTTTCCTCGCGAAACTTTAAGCAAAGTGAGATTTATTTTGAGCTGGATATTGAAGCGTATGAGGCCTGGTTAGCGCTCCGTTTGGCGGAGTTAGTTGAAGAAACCAAGATTCGTGAAAAGCTTTTCAAAAAAAGAGTGGTATCTTCCGAGGAGCTACAGTTTCCGTTTAGCTCTCCGCGCCCAGGCCAAGTTGAGCTGATAGAAAACATTCAAGTCGGATTCGTCGAAGAAAAATCAATGGTCATTCAGGCACCCACGGGGCTTGGTAAAACCATTGGGGTATTATATCCATCCTTGAAGGATTCTTTGGCGCGTGGACAAAAGGTAATCTATGTAACGCCTAAGAACTCTCAGCACCAAGTTGCTGAGGAGGCGGTCGAAAGACTGCAGGATCAAGGTGCTTCAATCAGACCCCTGACAATCACGGCAAAAAGTAAAATGTGCTTTAAGGCTGAACCTTTATGCAATCCCCAGTATTGTGAGTTTGCGAAGGACTATTATAAGAAGATCGCGGAAAATGATCTGATAAACAAAGTGTCGAAACTTCGTTCATTAAGTCAAAAAAAGTTGCAAGAGCTAGGTGAACAATACCAAGTGTGCCCGTTTGAACTTTCCCTTGAGGCGATTGAGCGGGCAGACGTGGTGATAGCTGACTATAACTATGTTTTCTCTACCAGAAGCCTTTTAGGACGTTTAGAGCTGCCCCTAATGGAGCCGAACCAAAAAGCAAACTTGGTGATCGATGAAGCCCATAATTTGCCCGCGAGGGCGCAAGATTATTTCTCGCCAGCGATTTCAACACGCGATTTACAAAACATCATTCCTTCTCTGGGAAAAATAAACATCCGTTTTCAAAAACGTGCACAGTTGTTATGTGAAGAAGCAATCGAGCTTATTGAGTCCTATCATGGCGAATCCAGAACCATTCAAATCAATTTTGAACCTGTGTTTGAGCTTGAGTCGCGCATGCGAGAATTCTTGTCAGAATACTTAGAAGCAGATATCGAAATTCAAACCCAAGATGGCGTTTTAAAGCTGGTCAATCTATGGAGCGACTTTGCACAAGCTTCCGAGTTGCAAGGACCTGAGTTCTTTCAAACATACCAAAAAAACAGACTCTATGGAGAGATCAATCAGACTCTGAAACTTACGTGCTGTGACGCTTCGGTTCACCTAAATGAAGTTTATAAGTCATTCAAAAATGTGGTGGCATTCTCTGCGACACTAAAGCCATTTAGTTATTCGATGAAACTTTTGGGCTTTTATGAGTTGACGACAAAGTGCCTTGAGTTCGTTTCACCGTTTCCGAAAGAGCATAGAAAAATTCTTTTAATTCCACAGATTTCAACGAAATATAAGGATCGTCCTGCGAATGCTCCTAAAATTGCTCAGGCAATGGAGAGGATCATGGCGGTAAAACCAGGCAATTACATTGCTTTATTCCCGAGCTTTGAATTCATGAAAGATGTTGAAGGATATCTGAGAGACAGTACCTATCAGCGTTTAGTGCAACAACGTGAAATGAAAGCGGATCGGGTGGATGACTTTCTTTCATTTATGAAGAGTGCAGACAAGCCAACACTGCTGTTGGCTGTTCAAGGTGGAATTTTCTCGGAGGGAGTGGACTTTCCGGGTGATATGTTAATTGGTGCCTTTGTTATTGGACCGGCGCTACCGAATTTTGATTTCGAGCGCGAGCAAATTCGTGAGTATTATGAGCGCTCCTATGATAAAGCCCAGGCATTTAATTATACTTACGTTTACCCCGCTATGGCGAAAACAATTCAGTCTGCGGGGCGAGTCATTCGTTCTGAGAATGACAAGGGCATTATCGTCTTGATGGACTCCCGATTTTTAGAGACAACATACGCCGAAACTATGCCCCAGGGTTGGTTTCAGCAGGGTGCGCAGGAGTTGGTTTCAGGGAAAATTATTTCTGACGTGACTGACTTTTGGAATAGTATCCA
NZ_CP106855.1_gap44	1664370	1668989	4619	GCAAAGCCTTTAAAGCGGCAAGATCGGTGCGCAATACTTCTTTTGATCCCTTCATCTGCAAATCGTCAGTAACTACCAGGCCTTTATATTTCAAATCATTGCGCAATAGATCTGTGGATATCTTTGAGGAAAAACTCGCAGGGACTTTCTTAGGATCAAGAGATGGATAGATGGAATGAGAAAGCATGACGGCAACGTTGGTACCAAGTGACGAATAGCCCTCAAAGGGGACGAGATCTTTCTTTTTAAGATCACTTTCTGAGGCGATGTTATTTACAATTGTGCTGTGAGGATCGGCTTTGATGTTACCCGTGCCAGGAAAGTGTTTCGCTGTAGGAATTACTTTAGATCGCAACAATCCTTTGGCGTAAGCGGTTCCAATTTCTTTGACTAAATTTGGATCAGAGCCAAAGGATCGAACACCAATGAAACTTGTAGAGTAGGGATCTGCAATATCCAGTACTGGTGCAAGATTCATGTTGAATCCCACTTCGCGCAAAAACAAACCAGTTTGATAACCCATTTCTTCAGAAAGTTCGGCAGACTGGGTTTGCCCGATGGCTAAGGCATTTGGCGGACTTGGTTGAATGGGCAACCTGGATACGGCGCCGCCTTCTTGGTCAATAGCTATCAAAGGAGGAAGCTTTGTTGCTTGATAAGAAATTTTATAAAGATCTTCGTTTAACTTTTTAACTTGCTCCAGCGATTGAATATTTCGTTTAAACAGAAGAAAAGATCCCGGTTTATATGTTTGAATAAACTTTTCGAGTTCTTTGTTAGACTTTGTGTATGGAAATCCTACGATAAATAACTGACCGACTTTTTCATTGAGAGACATTTGGGAGATTTTGATGTCGATGACTTCATCGAGAGATTTGCCCTGGGCTAGAACAAGGGCGGGAAATGCAAAAGACAAGAGAGTAATGCTCAAAATTCTTAGAATTTCCCTGATATAATTGTTCATATAGATCTTAGAATATCATTCGTGAAGTGCGGGAATAGACAAGATTTGAGTAACAGCATGAAATTGCACCTTAGTCCTATAATCCATCTAAATGCACTGGTGTCACTGGTGCTGTTGATCATGACATCTGTGTCTATGGCTGCCACACCGTCTTTGGAGATAGAAGGAAACCCAGAAGAGCAGGGTCTGGTCGAGACTTACTATGATCCCCAATCGCTTGTGGAACTTCATGTACGTCAGGACAATCTTGCGGATTATAAAACCCGACGGGAAACTCACGGCGTGTACTTTGGGATCAATTATGAAAACTATATCCCTGTTAGTTTTGTTTCAGCCAACGACGGAAAGACATACAATGAGCTTTTCAATGGAGATTCGATCTCTATCTTGAGTTTGCTTATAGATTATAAATTTAATTTCGTTCTGGGATCCATCGCATTGGGTGGATCGGCGGGGATGGGTAGCATTTCTGATAATCGCAGCGGTGATACGCGTACTTTGGAAGTTACAAAATACATGGGGACCCTAAAATACACGATAGATAATTTAATGAAGGAACCCTATGTGGCTCCTTATGTTGGATTCTCGATGTATCAAATGGAACTTAACGATAAATCAACAACAAGCTCTATCAGTGAATCAACCCCGACAAGCTATGCTTACACATTGGGACTATTGCTTCAGTTAGACTGGCTTGATAATGATACGGCAAAATCTGCGACCTTCAATTATGGCTTAGAAAATACGTTTCTGGATGTGTTCATGAGTCAGTATTTATCATCTGGCGGTGATGCCGATGCCAACATGGAGACCGATCCAATTTGGGGTGTCGGTCTTCGCATGGAATTTTAAATCATATTTAAAAGCTTTTCCATTTCCTGATGGACAGCGGACCACGAAATAGTTGCCATCTTGATGTTAAGGCGATTATCTGGCGTGATGGAATACTTTTTGGATTCCTTCATCGCCAGCTGAATTACACGTGCGGGCTCAAGCTTGGTTTTTTCTGTGAACACCAATGAGATTGAAGTAACACCTGCACTGATATCGCGAACACCTAATTCTTTACATTGACGTCGAATTAACATCAAACCCATCAAATTGACTGTTTGGTCAGGAATTGGACCGAACTGATCGCGCAACTCCTCCTCGATCCGATCAAGATCATCGCTCGAAGTAATTTCTGCGAGTGCTTTATAGTAACCCAAACGAATGCGGATATCTTTAATGTAAGCATCAGGAATAAGTGCTGGGATCTTAAGATTGATTTCTGGATCCAGATCCATATCCTCGACTTTTTCGCCCTTAGCTTCCGCCAAGGCCTCGTTTAATAGATCCATGTACAATTCATAGCCGACAGAATTGACGTGGCCTGACTGCTCCTCGCCCAAAATATTTCCTGAACCCCGAAGCTCTAAGTCATATTGAGCAATCTTAATACCACTACCTAGAGCTGTATTTTCTTGAATGATCTTTAAGCGCTCTTGCTGTTCTTTATCGAGCTTGCGATTCTTTGGCATCATCAAATAGCAGTAAGCGCGCGTTTTTGAGCGACCTACGCGACCCCGCAGCTGATACAGCTGTGATAAACCAAACATATGAGCGGAATCAATGAACATTGTATTTGCCCGTGGAACGTCCATTCCGGACTCCACGATCGCAGTACAAATTAATACATCAATTTCGTGATGAAAAAACGACAACATCGCTTTTTCAAGTTCGTGCTCTTCCATTTGCCCGTGTGCAACTTTAATACGTGCCTCGGGAACAATGCTGCGGATTTCATCTGCAAGTCCATAGATAGATTCGATACGATTGTGAATGAAGTAAACCTGACCACCGCGAGAAATTTCAGCGGTGATGGCTTTGCGAATAGTTTCTTGATCAAATTTGGTCACGAAAGTACGTGTGGGCAGTCTATCGACAGGCGCCGTGTTGATTAAACTTAAATCGCGAATACCAACCAAAGCCATATTCAGCGTTCTTGGTATTGGTGTTGCCGACAAGGTCAGGGTGTCGACGCTGTTTTTAAGCTTTTTCATCTTTTCTTTGTGAGTGACGCCGAACTTTTGCTCTTCATCGATAATCAAAAGACCTAGATCCTTGAATCCTATCGAACTTCCTAAAAGTTTATGTGTGCCGACGATGATATCGACTTTCCCATCTTTAATATCTTGAACCGTTTTCTTGCTTTCCGACGGAGTGACAAAACGATTCAACACTCGAATGTCAACGGGCCAACCCTCAAAACGCTTTTTGAATGTTTCAAAGTGCTGGAAGGTTAAGACCGTGGTTGGTGCAAGAATCGCAACCTGGCGACGAGCTTGAACAGCAAAAAATGCTGCGCGCATCGCGACCTCAGTTTTTCCAAAACCGACATCTCCACAAACCAGTCGATCCATTGGCTTCGTTGATTTTAAATCAGATAAGATATCGCCAATAGCCCGCAACTGATCATTGGTTTCCTCGTAGGGGAAGCCATTTTCGAAAAGTTGAATTTCGTTTTCACGGAACTCAAATGGAGGTCGGTACATCTCCGCACGTTTTGCATACAAAGCCAAAAGATCTGCAGCGATATCGCGAACATGAGATTTAACTTTAGCTTTCGTTTTTTCCCAAGCGGTTCCACCGAGTTTATCAAGGACCGTGGTTGCACCAGCACCAGAAAATTTTTGGAGCTGGCCAATGCGGTAGACGGGCAGATAAAGTTTGTCCTTGTCTTTAAATCCGACCTGGATGAACTCGGATTCAACCCCGCCGATGGCCATTATTTTTAATCCGTCGTAGACACCAATGCCGTGTTTAACGTGAACGACGAGGTCGCCGGGCTTCAAATCTCCAAAGGCTAAACGCTTGGCCTGTTTTTGAAAATCTTGCGCTGCTGAAGACTCCCGGCTGCGCATTTTTTTGCCAAAGAAATCTTCATCACGCAGAAATATCACGCGCTCTTCATCAAAGCGCAAGCTGTCTGGCAGATAGCGACTGACTATGTGAATGAGGTGTTTATCGCTTTCTTGTTCTTGGAGCCATGAATCCCACTTGTATTCATCCTGGCCACAGCGAACTGCTTTTAGTTCGAGTTTTTCAAAGATCAAAGACAGACGATCAATATGTGATTGATTCTTGGTGCTGACGAAAATTCTGTAGCCGTCGTCTCTCCACTTATGAAGCTTGTTGGTTGCAGCTTGTAACCACAACTCAGACCCTACGGGATTTGTGCTGGATAAATTTGAAAAGTCTTGAGTCAATGAAGTGCGATATTCAACATGCGAGTCCGCAGACCCCTCATCATTTGCATCATCTAAGTATTCTAATGTTGAAAAATAAATTTGGCGGCTGTTCTGAGGATAAGCAATCTGCTCAAAGCCTTGGAACAGTAAATCCATCTCGGGGCGAATCACGTGGGACTCGCTAGTATTGTAATCAGCTTTTAGTTCCGCCATGAAGTCATCGGCGTTACGTGAGATTTCAACAGGATCTAAGAACCAAACATTCACGGCACCTGGAAAGTGATCGATTGGGCTTGCAGGCTCGCCATAAAAATAGGGTAGTAAAAATTCAATACCCGGAAACGAATTTTTAAGAACCAAAGAGCGAAGCATTTCGTCAGCCTCGGCTTTGTCGACGGGGCGACCATCGATGTGCGCACGAACTC
NZ_CP106855.1_gap45	1687539	1690186	2647	CCAAAAGGTCACGGATGAATCTTTCGCCACCGTATTTCATCAACTCGGAACGCTCTTTGATCGCGTTGCGTTTATAGTTTTCAAATTCCGCGCGCAGGTACAAGAAATCGTTTTTATACTTCTCTGCTTGATCTTGAAGCTTTTGAATTTCAGAAGAGACATCGAAATTTTCAGATGCCGCTGGATTGGAATTTTGAGAGTTGTTTTCTTCTGACATGAAAGTTCCTTTCGCAATACTTAAGATTGTGTATTCATTAGATATTGTCAATTAGGGTGGGAGCAGATTTTTGGAACCTAGACATCTTCTTTGAGGAAGGTAAGTTCCTGGAAAACCTTGTTACTAATAACTAGGCCGTCTCGTGTTAATTTCCAATGCTCTTGGTCAGATTGAACCCAACCATTGCCCACGAGTTTATTCATAATGCTGGAAATTTGATGATAGACCGCAACAGGGAATTTCTCTTGCAGTTCTCGTTCACTGAGGCCACGCATTAAACGCATGGAAGTATGACAAAAGTCCGTGAGGGCTTGATGCATTTCTAGTTGTTCCACTTGCGCGTCGGGTAAATGAAGGGATGGCGACGTGAACTCTTTTCCTTCGAACTCAAGAATCTGCTTTTTGTATTCACCAATAGAGTTCAAATTCCAATATCGAGTACCCCATTTAGATTCTTTGGAATACGAATGAGAACTTAATCCCAAGCTCCAATAAGGTTGATCGATCCAATAAAGCATATTGTGTCGTGATTCATATCCCGGGATTGCAAAGTTGGAAATTTCGTACTGTTGAAACCCATGTCCAGTGAGCTCGTTGGCAATGAAATCGAACATATCGACTTGCTCGTCATCTAAAGCACGGCCTTTAGAAAGGGGATGGCCTTCGGGAACTGTTAAACAATAGGGGCTGATATGTTTTGCCCCTTGTTCCACGGCGATGCGAACATCATTTTGTAGGCCTTCCAGAGTTTGAGAGGGCAATGCGAACAAAATGTCGAAGCTGAAATTTAAGTTGTGAGCTCGCAAAAGGTCCAGAGTTTCCAGCGTCTGTTTTGCTGAGTGTTCGCGATGCACCATTTTTAACAAACGATCATCGAAAGTTTGAGCTCCCACACTGAAGCGATTTACTCCGTGGTCGATGTACATTTTCAATTTTTCTTTGTCGACTGTCGCCGGATTAATCTCGATCGTGATTTCGGTCTCGGGTCCAGTTGTATAGCCATATCTACCCAGCTCTTTGATAACAGCTACAATAAGATGAGCAGGGATCAAACTTGGTGTTCCGCCACCAAAGTAAAGTGTGTCTAACTTTTGAGGCTGATAGTAGCGATGCTTTTGGCGAATCTCTTCAAATAGCAATTGGACGTACTGATCCGGAGGCAAAATCTTACTTTGCTCGTAAGTCGCGAAGTCACAATAAGTGCAGCGCTGAATACAGTAAGGAATGTGAACGTAAACGCCAAAAGCCATGGGAGTTATCTAGAGTATGTCTAAGAAATTTCAACTAAAAAACGGCCTAAAAGTTCTTTTATTAGAGAGTCATAAGTCACCCGTGGTCTCAGTTCAAATGTGGGTGAAAACAGGCTCTGCCGACGAAAAAAAGGGCGAAGAGGGGATTTCTCACTTTATTGAGCACTTGGTATTTAAAGGAACTCGTAAATACAAAGTGGGGGAGATTGCTTCCACGGTAGAGGGTTCCGGTGGGGAGTTAAACGCCTATACGTCGTTCGATCAAACTGTATTTTACGTTACCATTTCCAAGCAGTTTACTGACGTAGCTATGGATGTAATCAGTGAAATGATGGGTTATCCAACCTTTGATCCACAAGAAATCGACAACGAGCGCGAAGTGGTGATCGAGGAAATTAAACGCGGTCAAGATAGCCCAGGTCGCAGATCCAGCCAGCTTTTATTTTCAAATATCTTCCGTAAGCATGCTTACGGAATTCCAGTAATTGGATACGACAAGGTTATTAATAAAGTTAGTGCCAAAAAAATTCGCGAATACTATCAAAGTCGTTATGTGCCTTCGAACATGTTCCTGGTCATCGCTGGAGATTTTGAATCGAAAGAGATGAAACAAAAAGTTGAAAAAATGTTCGGAGGATTTGCTCCGTATAAACTGCGCAAATCAAAACATGTTAAAGAGCCTGCACAGAAGAATATTCGTATCAAAGTTGAGCAAGCTAAATTTGAAACAACCACTGGTTACTTGAGCTGGAGAATTCCTAACGTTAAACATAAAGATATTGCTGCTCTGGAAGTATTGGCCTCTATCTTGGGCCAGGGGGATTCATCGCGTTTGATGCAGACCCTGCGCATTCGTGAACCGCTGACAAACTCCGTGGGAGCTTTTAGCTATTCAATGCCTGATGATGGGTTATTTGCTATATCGTTTAATCTTGAACAAGAAAACTTAGATAAAGCGTTAAATGCGATGATTCCGGTTCTGACCAAGATTATCCAAGAACCTCCAAGTGTCATGGAGATGCAAAAAGCGATTACGAATTTTGCAAGCCACGAAGTTTATTCGATGGAGACTGTGGATAACATTGCGAGAAAAGCCGGAGGGGATCAGTTCTATTACGACGATCATGATCACTACCGCAAATATATGAAACAAGTTTACTCTTTAAAGCCGGAAGATATT
NZ_CP106855.1_gap46	1694103	1698172	4069	TGCTCACCAGGCCGAACAGTCCGTCAAAATGGAAAAGTTTAAAAAGCTGGGCGATCGCGCACTTTATATCAGTGGCTTTTTCGGAGACTCTCTAAGTCGCAAAGCAGTTGATGTGGATTACTACGCCAACATTGGTGGAGCGGCCTACACGCACTTGGCTCATGCGACACGTGAGGATGGCCTCGCAAAGGTTTATAAAACGTTCTCAGCGCGCTTCATTGAGTTCGTTGATGTGCTGACTTACATTAGCCAACACTCCTTCGTGAAGTCAGATGAAAGTATTCTTAGACTCTATGACCGGTACCAGAAGACGGGTTCAGAGCTTGCTCGGGAAAAGCTCGTGGAAATGGGGGTTCTGACCCTGCCTCAGGACCAAGTAAAGCTTGGCAAACAGGGGTGATTCCTCTAATCTGCGACCATGTTCGGTTTAGGCATGTCAGAAATCATTTTCCTAGCTATCCTGGCACTGATCGTGATCGGTCCCAAGGAACTTCCAGAAGTGGCGCGCACTCTTGGCCGCTTTCTTAACGAACTTAAAAGAACAACAGGTGATTTTACCGAAGACTTGAAAAAACAAGCGCGCGTAGATCACATTGATTTGTTCGAGACGCCTAGAAAAGGTCCGCGGAGCGCTCCTCCAGCAAATCCCTCTGTATCGAATGATGAAGAAGGTGATTGGAGTTCGCCAGATCACGTACCTCACGGTGGTGCGCCAACAATGCACGATTCAGCACATAAGCGTGAACCCGTTCAAATGGATCTTCCTGAACAAAAGAGCACTGATGACGGTGGCGATAACAAAGGGAACAAGGCCTAATGAGAACTGAAGACTTAGACCAAAAATCCCAGTCATTATACGAGCATCTTGGTGAACTTCGTTTCCGTTTAGTTCGTATGGTTTGGATTCTGCTTATTGCAACGGGGATCTGCTATCATTTTAGCGAACCAGTTTTTGATTTCATTCGAGCACCGATCGCACCTTATCTTCCTGGTGGCGGTTTGATTTACACCGGTCCTCTGGATAAATTCATGGCTCATATCAAGATCGCATTTGTCTGCGGTATTATCGTGTCGTGTCCGTTGTGGCTTTACCAAGTGTGGAAGTTTGTAGCTCCTGGTCTTTATCAGAACGAACGAAAATATTCTATGGGCTTCATCATCGCCGGATCGGGATTATTCGTTTCTGGAGCCGCTTTCTCCTACTACGTAGTTTTGCCAATGGCATTTCATTTCCTGATGAACTATGGCGGCACAACAGATAAAGCGATGATTTCCATTGAGCAGTATTTGGGTTTTTTCACGCAAATGTGTTTGATGTTTGGTGTCTCTTTTGAGCTTCCCTTGATCATTTCGATTCTTGGAATGATGGGTTTAGTGAGCCAAAAGTTTTTAAAAGATAAAAGACGTTATGCGATCATGACTTTAGCGGTAGCGGCAGCCATCATCACTCCACCAGATTTAATGAGTATGGTGATGATGCTGATTCCGATGGTTCTTCTGTATGAGATCGGTGTGATCATGGTGGGTATTTTTGAACGTAAGCGCGAAACGGAAATCCGACAAAACCAAAGAGAGTAGCGATTTACACGCTGGCAACAGTCAGCAGCTCTTCAATTTAAAAAATAAAAAAGGGAAGCTTTGAACAAGCTTCCCTTTTTTTCTAAACATTCTAAGAAACAATTAAGGCTCTTCGAATTTGATCAGCACAGCGCCTGATTCGACGGAATCACCCTGTTTGATTTTGATCTCTTTGATTTTTACATCACGAGTAGCGCGCATTTCGTTTTCCATTTTCATCGCCTCCATGATCAAAAGTGGCTTATTCGCCTTCACGATATCGCCTTCTTTTGCAAAGATTTCGATGATTTTACCTGGCATGCCGGCCTTCAACTCCATATCGCCGCCAAAGCCGCCGCCTTTCTTCAAAGATTCATGCAAAAGCATTTCATCATTGAAGATTTTGATCGAACGGAACGAGTTACGCGTAAACACTGTGTATTCAGTGTCTGAACCCACAACGTCTATCAAGTAAGACTTACCTTGGAAAAGGAAACTGATGTATTCCTCAGCGTGTTTAAAGTCATTTTTGGAAATGTCATGGTGAACCCACTCTTTGCCCTCTTGTTGCAAAGAAATCTTCCAAGCGTGACGACCTTCCGTCACGTCTACTTTGTATTTGATTCCTCTAAGTTCTGCTTCGAAATACATGTTAAGTCCTCAACTGAAGTTTACGACCAACGCTTCTCCAAGTGGAGCGAACGTTAAGCTGACGGATATCCTTCGATTTACGATCGTTATAGGCTTCAATAGCCGCCGCGATCAAGAACACTGGATCATCAACTTGTTTGAACATCACAGGTTCGATAACTTCGAAGTTTTTCTCGATAAATTGTGTCGTGTAAGTACCGTCACGGAAAGTCGGGTGGTCCAAAATCGTTTTATGCAGAACGATGTTTGTTTTGATACCCGTCAATACGAACTCAGACAAAGCACGTTGCATACGATCGATCGCTTCATTACGAGTGTCACCCCAAGTAATAACCTTAGAGATCATAGGATCGTAATAGATCGGAACGTTGTAACCAGGGTAGGCGTAAGAATCCACACGCATGAACGGGCCTTGAGGGTGACGGCAAGCGCGGATAACACCTGGATTCGGTTTGTAAGTAACAGGATCTTCTGCGCAGATTCTGGCTTCGATAGCGTGGCCTTTTTGCTTGATGTCTTCTTGCTTAAAGCTCAAAGGCTTACCAGCAGCAACGTTGATTTGCTCACGAACCAAGTCAACACCAGTCACGATTTCCGTGATCGGATGTTCAACTTGCAAACGTGTATTCATTTCCATGAAATAGAATTCTTTAGTCGTGTTGTCGAAGATATATTCTATAGTACCCGCGCCAACGTAATTGATCTGCTTCGCCGCGCGAACAGATGCTTCACCCATGCGCAAGCGCACTTCATGCGGGACAGAAGGAGACGGAGACTCTTCGATGATCTTTTGGTTACGACGTTGAACAGAGCACTCACGTTCAAACAAGTGAACGTGGTTACCGTGTTTGTCGCCAAATACTTGGATCTCGATGTGTTTCGGATCATTGATGAACTTTTCGATGTATACAGTCGGATTTGCGAAATAGTTCTGACCCTCAGAGCGGCAAGCGCGGAAAGCACTTTCAAACTCATCCATCTTACGAACGATACGCATCCCTTTACCACCACCACCGGCGGTGGCTTTGATAATAACTGGAAGACCGATTTTTTCTGCAACTTTCAAAGCATCTTCAACAGTATCAACGCCACCGTCAGAACCCGGAACAGTTGGAACGCCAGATTTTTTCATCAAAGCTTTGGCCGAGATTTTATCTCCCATAGATTCGATGTTAGCGACTGTTGGTCCGATGAAAGTGATTCCTGCTTCTTCACACGCTTTTGCAAACGTCGTATTTTCAGACAAAAAGCCGTAACCTGGATGGACTGCGTCTGCTCCAGATTGCTTAGCTACTTCTAAGATTCTTCTGTAATTCAAATAGCTTTCTTTCGATGGTGACGGCCCAATGTGATAAGCCTCATCCGCCAAGAAAACGTGCAAACTATCACGATCGGCATCGGAGAAAACCGCAACGGATGCGATACCAAGCTCGCGGCAAGCGCGAGTGATACGAATTGCGATTTCCCCACGATTAGCGATCAGGATTTTTTTAAACAATGCCATGTTCGCTCCTACAAAGGGATATTGCCGTGCTTTTTAGCCGGAGTGATATCGCGTTTATTTTTAAGCATTTCCAAAGAGTCGATGATGCGTTTACGAGTCAACGCTGGATCGATCACTTCGTCAGTATAACCCAACTCTGCAGATACATATGGATTTGAGAACTTTTGTTCATACTGAGCAGTCAGACGTGCTTTTTCAGCAACTGGATCGCTTGCTTTATTGATCTCCTCGCGACTGATGATGCTTACTGCACCTTCAGCCCCCATCACTGCGATTTCTGCAGAAGGGTAAGCCAAGTTCACGTCAGATCTCAAAAGTTTAGAGCCCATTACAATGTAGGCACCACCGTATGCTTTA
NZ_CP106855.1_gap47	1704081	1705672	1591	GTTGACCTTGAATAAGAGCGACACCCGAGCTAGTTCCCAAACGAGTTGCACCCGCAGCAATAAGTGCGACAGCTTGTTCTGCACTTTTCACACCGCCGGATGCTTTTACTTCCAACTTGTCGCCGACGACAGATTTCATAAGTTTTACATCTTCGACTGTGGCGCCTCCGCCAGCAAAGCCCGTGCTTGTTTTAACAAAGTGAGCGCCAGCCTCTAATGCAGCCTTACATGCCAAAGTTTTTTCTTCATCATTAATCAATGATGTCTCAATGATAACTTTAACTTTCGCTCCACCCGCCGCTTGAACAACAGCCCTAATGTCATCACGAACATAGTCCACGCGACGATCTTTAAGTGCACCAATCTGCACGACCATATCAATCTCTTGCGCTCCATTTGCAATTGCAGTGCGAGTTTCAAAGGCTTTGCTAACAGTGTCCATGGCACCCAAAGGGAAACCAACAACACAGCAAACTTTAACGTCAGAGTCCCGCAACAGTTCCGCACATTGCTTCACATAGGAAGTATTCACGCAAACACTAAAGAACTTGTGCTCGATGGCTTCTTTACAAAGCTTTTCAATTTGCGCGGCCTGCGCTTCGGGTTTCAAAAGAGTGTGATCGATAAATTTATTTAGTTGCAAGCTAGTACCTCGACTTCAGATTCAAAAGAAAAAGGTACCTTACAATAAACTCAAGGGCAATCTATGAAAAAAGAAGAGCCCTTGGATTTGCCAAGGGCTCGTTGTGTGTATGAATGTATATGCCGAAAATATTAGCCAGTTTTTGCTTTTGTTCCGCCAGCCATCGTTTGTATTGCAGTGTCGGCGCTGGATTGACCCAGGAATGTCTTAGCATCGGCAGCAGACACTTTTCCTTTGCGAACCAAGTCTTCGATGTATTTCTCAAACAAGATCATACCTTGACTTGAACCTGTTTGCATCGCAGATGCCACCTGATGGAATTTACCTTCACGAATCAAATTCGAAATGGCTTTTGTATTACGCATGATTTCGTAAGCAGCGACACGACCTTGACCATCCGCACGCGAGAACAGAGTTTGCGCGACAACTCCGCGCAAAGATTCTGCAAGCATGGTTCTGATCTGAGCTTGTTGTCCCGCAGGAAACACGTCGATGATACGGTCAATAGTTTTCGCAGCACTGTTGGTATGTAGAGTACCAAACACGATGTGACCTGTTTCCGCAGCAGTTAACGCCAAACCGATCGTTTCCAAGTCACGCAACTCACCCACCAGCAAGATATCCGGGTCTTCACGGAGTGCAGCTTTTAGTGCATTTGCGAAAGTTTTAGTATGGCTACCAACTTCACGTTGATTTACCAATGATTTAATATTGGGATGCACGAACTCGATCGGATCTTCCACCGTGATAATGTGAGCTTCACGAGTTAGATTGATTTGATGGATCATTGCCGCAAGAGTTGTGGATTTACCAGAACCCGTGGGACCCGTAACCAAAATCAAACCACGGTCACAATCAATCATATCTAATACCGCTGGAGGAACTCCAAGTTCTTGCGCGGTTTTAATTTTTTCAGGAATGATACGCATAACTGCGCCAAGGCCCTTA
NZ_CP106855.1_gap48	1708637	1711602	2965	TGCAGCAGAGAAATCCTTGGGGCGTGCTTTAACTGCGGCAGAAAAGAAAGCCTTGATCGATGCTCACGAGGTAGCAGCTCAAACAGGACGTGGCTACGGAACTTACTCTGCCACAGATTTGAAAAACAAAGCCGACATATTAAAGACAGCCGGTTTTAGCGAAACGGAACGGAACTTGTTAATGAGGCAGGGACTTGCTGGGTCGGTTTCAAATGGGTCATCAGCGCGAACATTTTCAAACACCATGCGTCTTCAGGGGGAGAAGCTCCTTAGCAGTGGCAAAACTGCCGAAGCAAAACAGAGCTTCCGATCCGCCGCCGACTCCTTTGAGGTGGTTGCCAATGATGTAAAATTTGCAAAGTCAGATCGTGATTATTGGGTGGCAGCAAAAATAAACGCCAACGCCGAAAGATACGACAAAGCCGCCGACTATTTCATCAAAAGCTACAGCAAAGAAACCGGCAGTTCCAAGTCAGAGGCCATTTTCGAAGCTCTCAACCGTGAAAAGCAAGAACTACGGGTTATTTCAGCAAAGAACCCAAGCAGTGTTGGAGCACAAACCACCTACCAAACTCACCGCAAACTCATCGAAGCCGTGGTGAATAACCCTCAGCTCCGCTTAAGCGACGCACTAAGAGCGGAACTCCTGAAACCGTAATTTATAATTAAGCTGCTGATTATACGCGGCTTTTATGGAACGGCTTGATTCTGAAAAAAGCTGTCTTTTTTATTGCCAAGAGTCACCGACATCGATAATCTCTTCTTCTTCCTGAAAAGCTGAAAAAAATAGCATGTAATAGTTGACAAAGCCTAGTGCGAAGTGGCATTTACGACTGGCTTAATTCGGGTAGCTGGAGGTTCTAATGTACGCGATTATTCGTACTGGTGGTAAGCAATATAAAGTTCAAGCTGGTGATGTTGTTCAAGTTGATAAACTTGATCAAAAACTAGGTGCAGAGTTTGATATCAACGATATCTTGATGGTTGGTGGTGAGTCCACTCATGTTGGTCAACCTCTTGTTAAAGGTGCAAAAGTAACTGTTGTTGTTACTAAGCAAGCTAAGACTAGAAAAGAAATCGTTTTCAAAAAGAAACGTCGTCAAGGTTACAGAAAATTCGCAACTCACAAACAAGAGTTCACTGAACTTTTCGTGAAAGCAATTTCTCTTGATGGTAAATCAACAAAAGCTGACGCTACACCAAATGTAGTAGACGTTGCTGCGAAACGCACTGAAGCTGCTGAAGCTCGCGTTGCTGCTCGCAAAGAACGTGCATCTACAAAAGGTAAAGGCGAAGAAGTAGTTAAAAAAGCTGCTAAAAAAACTGTAGCGAAAAAGAAAGTTGCTAAAAAAGCAGTTAAAAAGACTGCAAAAAAAGCAACCGCTAAGAAAAAAACAGCTAAAAAAGCTTCTAAAAAAGCGTAATTTAAAAGATTTTAAGCGAGGTTAGTCATGGCAAGTAAGAAGGCCGGTGGTAGTACAAAGAATGGTCGTGATTCACAGAGTAAACGCTTAGGCGTTAAACGTTTCGGTGGCGAGAAAGTTCTTTCTGGAACAATTATCGTTCGTCAACGTGGCACAAAATTCCACGTTGGTAACAACGTAAAAATCGGTCGTGACCACACGATCTATTCTGTAATCGAAGGTCTTGTTAAATTTGAGCGTTTTGCAAAAGATCGCTTCAAAGTTAGTGTTTATCCTAAAGCTGTCTAGTTCCGACTAGATCCGCAGCTTCGATAAGCACCAAGAGATTTTACAAATACATAAAAAGGAGCCTCTCTGGGCTCCTTTTTTGTTGTATATCTCTCCTCAAAGTATTGGTGCTCTTATGAAATTCATTGATGAAGTTAGAATCACATTAGCCTCTGGCCGTGGCGGTCCGGGTTGCGTTAGTTTCCGTAGAGAATCGGGTGCTCCTCGTGGTGGACCAGATGGCGGTGACGGTGGCAAGGGCGGCGATGTTATTATCAAGACTTCGCGACATATCAACTCCCTGTTCGAAATCAGACAAAACAAAAGATACGCAGCTCAAAATGGTGAGATGGGTTTCGGCCGTCAAAAACATGGTGCGGACGGTGAAAACCTAGTTCTAGTTGTGCCTCAAGGTACAATTCTTAGAAACCTAGAGGGTGAAATCGTTGTTGATATGACTGGCATCGATGAGCACGTGCTTTTGCGTGGTGGACGTGGTGGTAAAGGTAATGAGTTTTTCAAAACTTCCATTAACCAAGCGCCAACACATGCGCAACCTGGTGAAGACAACGAAGAGTTGGAAGTTAAGCTTGAGCTTAAATTGATCGCTGACGTGGGTATCATCGGCTTCCCAAATGCGGGTAAATCGACGTTGATCTCTCGTATCTCGGCAGCGAAACCAAAAATCGCCGACTATCCTTTTACAACTTTGACGCCAAACTTGGGTGTGGTTAAAGCGGGTGACTATAGCTCATTCGTGGTTGCCGATATTCCCGGTTTGGTTAAGGGCGCGCACGAAGGTGTGGGGCTTGGTATTCAGTTCTTGAAACACGTTGAACGTACACGCGTATTCATTCACTTGGTGGATGCATCGGGTTTGTCGGGCCGTGATCCACTTCAAGATTTTGAAGATCTTAACTATGAACTTAAAATGTATGATGAGAGCAATCAGGACAAAGAGGGTTTCTTCCCTTTGCAGACGCGTCCTCAATTTGTCGTGCTCAACAAAATTGATACTCTCAGCACAGATCAACTTGAAAAACTAAAATTGAAATTCAAAAAAGCGACAGGCTCTAGTCCCTTGGCTATTTCTGCAGTCACGGGGAAAAACATCACAGAACTTGTTACAGAGTTGGGTCGCCAGATTTTGAAGGATGAAGAATAATGAAAATTGGTATCTTTGGCGGAAGCTTTAATCCTCCACACATGGGTCACATCAACGCCATTCAAACAGTGGCGAAAAAAATGGGCTTGAACAAAGTCCACGTGATTCC
NZ_CP106855.1_gap49	1832215	1832818	603	GTGAACTTCCGCGCGCACACGAAGAAGTGCTTCACTCAAACGCTCGGGGAATTCATTCTCTGATTTAAGAATGAAATAGGCCAAACGTTGAGCAGTCTTGGGCCCGATACCGGGCAGACGGCTCATTTCGTGGACTAATTTTTCAAGAGCGGTGATGTGAAGCAAGGGTTTCTCCGATTATTTAACTAGAACATCCCTGGGATGTTCATGCCGCCAGTGATCTTTTCCATTTCTTTGGAAGAAGTATCACGAGCTTTTTTAACTGCTTCGTTAGTTGCAGATACGATCATGTCTTGAAGCATTTCAACATCGCCGTCTTTCATAACGTCAGCGCTGATTTTCAAAGAAGTGATCATGTGATCGCCGTTCACTTTAACAGTAACTGCGCCGCCGCCAGTGCTTGCTTCGTATTCAGCTTTAGCAAGTTCTTCTTGGGCTTTTTTCATTTTCATTTGCATTTGATTGGCTTGCTTCATCAAAGCTGCCATTCCGCCGCCAAGGCCTTTCATAGAATCCCCTTACTTTTTAGGCGCGTTGTCGCGCTTTAGTTCTACGATGGATTTGATTTTGCCCTGGAATGCATCCTGAGCAGCTTTCACCATC
NZ_CP106855.1_gap50	1835254	1838187	2933	AACAAAGATAACCAAGTTCTTTCGATGAACTGTGGCAAGATGGTTTGCTCTACGGAAGGTGTCGAAAGCACATGCCGCTCAAAAGCCACCTACAAACTTAAGATTCAAGTTAAATAAAGGTACGAATAAAGGTACGGACTTACTTTGTCCAAGTATTAGAAATTAAGTCCCTACCTAGTTCGGTAAGGACTTAATTTTTAGATTTTAACCAGATTGAATTCTCAATCTGGTTTTTTATTTTTCGGTCTGAAGATATCCCAGAAGCTGGATTTTCCATTTGTGGGAGTTATGACTGGTGCTGGTGGCAGTTCATTGCTGTCGTTTTGAAATTCGTTGATGTATTCCTCAGCAGGGCCGTCGGGTGTGTGATTTTGATGAGGCCTAGAATCGCGTTTTGCTGCTTTGATAATTTGTTGAGGAATATCTCTTTTGATTTCCTGTCTGTGCTCGGAATTTTTCATCGGAGTCTCCTTTTATTAAGTGCGATATTTTGCATCGAACATTTGCGTTCCTCTTTTTTTCAAAGAGTTTTCGGCGATAGCCATACTGACTCCCCAAACTACGTGAGCGCCAATAATCATGGCTTTACGCTGCGGGGTTTGTTTCCGATCTTTAGGTTCAAGATTAAGGGCGGGAATAATACCAAAGTAACTTGCTGCCCATACACCTAATCCGAAAAGTCCACCTTTGACTACGGGGTTACCAGGAACCTTTGAAGCCAGAAGGGCATAAGCGACGCCAAAGACGGCGCCATACCCATAATGCGCCACCATCGAAGCCTCTTGTCGTCCTTCAGAGTTTAATTTTTGGGTGAGATTCATTTTGTTCATCACCGTGGTTGCGACCTGAGCTTGGGGCAGTGGTTTCACGCGGTCGCGCAGTGTGAGATTTTTGAAGGCCTCGAACAGTGAATAAGTCATCGTACTGGTTGCCATCGTGCTGGCCCAAAAGCCTCGAAATAAGACGTTCATACAAACCTCCCTTTCATTAGTATTTTACTCTCATAATCTAGCGTGAAAACCCATCAATGGGATTTGTTGTTTGATTACAGTCATTACTGTTACGTTCGTCGTGGGATGTCATTTGGGAGGGGGTACAAAAATGCAACAATGATTTGCGTATCAGTCCTCTGTCGCGACAATGTCTTTTCGTCGATAGTTAAGGAGTAGCAAATAACTTAAGTCTCTAGGAGGACACTATGACTACAGCAAAATTCCAAATCGACCCATCCCATTCTTCTGCAAACTTTTCTATCAAACACATGATGATCGCTAAAGTACATGGTGGCTTCGAAAAAATCAGCGGGACCCTTTCATTGGATTCTTCAGACATCACTAAATCTGTGATCGAAGCATCGATTGAAGCGGCAAGTATTAATACTCGCGAAGCACAGCGTGATGCCCATTTAAAAAGTGCCGACTTCTTTGATGTGGAGAAATATCCAACGATCACTTTTAAATCTTCTAAAGTGGAACGCGCAGGCGATGAAGAACTGAAAGTCACTGGCGCTTTGACGATTCACGGAGTGACGAAAGAAGTCGTACTTGAAGTTGAAGGCCCATCAGCAGAACACACAGACCCATGGGGCAATACTAAAATTGCAATTTCTGCGAAAACTAAAATCAAACGTAAAGATTTTGGTTTGAACTGGAATGCGGCTCTTGAGGCGGGTGGTGTACTCGTTGGTGACGATGTTGCAATCACTCTAGATATTCAGTTTGCTAAAGAAAAATAACTGATTGAAGCCGATTCAACGTCGGAGAAAATCTAAAGATATTTCGCAGCGACTTGCTATTAAAGTAAGTCGCTTTTTTTATAGGTCTTCCGGACTGAACCAAAGCTCCTTGCGATCAAATGGCACCGAGGAGGGCAAATATGGATTTGGTATTTTTATAAGAGCTCTGTTTTTCAGATCCAGTTCCCTGATCACTTTCGAATAGTGCTTATCAAATATCTTGCGATAAGAACCGCTTTTAATCATGAATCTTAAACCTTCTTCCACTCGACGGGCCATCAGGCGGCCATCCGATGAATCGTGGAACCAAAAATAAGTCGGCAGGGGATAATAGAGCAGAACGTGGTCATCTATCACCAAGTTGGGGTAGCGTTTTTTGAACTGGCGATATTCTTCAAGGACCTCAACGACGCCACGGGGAAATATTTGAAATTTTCCAGCGCTTAAAGATTTAAATAAATCGTCGTACTTCTCTTCCGTGATAACGCTAAATCCAGAGTTTTTTAAAATTGGAATATCGCCCCAGCCTGCGCCTTGGCCCACCTGAAGAGTGACAAGTTTTTCTAATGAGTCTACTTTAGTAAGTAGTGCCTGATTTTTTCTGTCAATCAACAGCACTCGATAGCCGATCAGGTTGCGATCAATCGGAATTTTTACCGCATTTAATTCTGTTTCAAAAACCTTATTGGTTTCGCGAATCATGACGGTAAGTTTTGGACTTCCCTTTTTCATCTCCGCCAGTTGCTGATCTTCGGTAAGAATTTCAGAGGGCGTCAGAGAATATGGCCCAAATTTTTTAGTTGTCAGATCGAGTGCGGATTTTAAGACTTCCCAATGATATTTATAACGAAAATCATGATCAGACTCAGGCGCATGATAAACAAATCGCATAACGGCAAGGCTGTTATGACCCAACGTTAAAATGCCTATAAGTGTTAAGACTTTGATTAAATTCATACGCTTTACCCTTGAGTTCAACTGAAATACTGTGTCCTATTTTGTAAAGGGCGTAAAACAAAAAATAATATACGCGTGAAGGAGCCGACGTTGAAACAAATGAAATATATCGCGGACGTTTGATTGATCACATTCAGTTAGTCGTTAAAGATCTAGAGTCCTCTAAAAAATTCTACTTACCGATCTTTGAAACATTACAAATTCCCGTCGGTGGACAAGGGCCCGACTTTTTTTGGGTGGA
NZ_CP106855.1_gap51	2013688	2017712	4024	CCAGCAGCGCTCTGTAACGGATCAAAGTGTCAGTTTTGTACCTACATACATTTCAACATCATCTTTGTCTGGATCTGTTTCATGAATATAACGAAGACCCCAGCTTAAAGGTAAAAAGCGGAAGAATTTCGAATCCAAGATCACCTCCGCGCCGGAACTCTTTAAGTTGTAATCAACATTCAGCGCTGTGTATTTCGTATTATCCACAAAGAGATTTGCGTAAACACGATTTACATAAATCCAAAGACCGGCATTCCAGTCAGGATATGCAATCGGGAACATGTAGTTTGCACTGACCTTAGCAAAGCGGTCTGACGTTTTATACTCAAAACCTCGAGAGTAAACATACCCTGTCGGATTTATAATTGGAGCCGGGAACAGGTAACGGTTCATGCCTTCCGCATTTTCTTGGCCGCTGAATGAAAGCAAGATGCTATTGTTTTTAAAAATACCAGGCGTCGTAAAATCGATGTGGCCATAAGTGCGATAAGAACCAGCTGCTGACTCGTCACCCATGGCATCGGCGTCTTCATACGTCGCGGAAACAGCAACACTCCAAGGGGAAAGAATCGAGCGGTGGTAAGCTTCCTTTGCATAAGCAAATTGGAAACTGACAGTTTGATCAACATACTGAGAAGTTCCAGCCCCCGGAACGCCCACTTCGTCGATGCGGTAAGTTTCAGTGCGAAGGATTTTTGCCGAGTACTGTAAGGCTGCCAGACCAGAGTACATGTGATGTTTAAACATATAAGGCAAAAGAATGCCCACTCCGTAAGAACCCTCTCTCCAAGTGAGTTCTTGCTCGGGATTTGTGTTCATCACATCGGTGCTGCGGTTTCTGATGTCACCCAAAAGGCTGATTACGGGCCAATAGCGTTTGAAATCAATTTCTAATGCCGTGTAAGGAACGTTTTCTTCGCCATCGGTCCCTGCGGCGATGGTCGCTCCAAAGTCACGAAGGTAATTATCGGTTGAAACCGAAGCACTCACACCGCGTCCCAACAGGAAGCTCCAGCTATGCGGAGTAAAGGCGCGGGCATCAAAGCCGCTATAGTCGTCTTCTTTATATTCACCAGAGTTTTTAGTGTAGTAACTTCCTTGGTCAGAAATTTTGACTGGTGGGAACTTATTAAAGGCATCACTTGGCGAGTCGCTTAAGTATTTAAAGTCGGCCAGCTCGGTTTTAGCCAAAGGTTTACAATCCTTTAGTGAAGCCTTTTGAATACGGTTTCCGTAGGGGAATTGCTCGGAGTAATAAATATCAGAGCCGCCAAATGTTGGCGCATAAGCCGCCATTTTGCTTTGGGTACACTGAACCAATTCTTGGGAGTGGGTGTTTAGCTTCATGATCTCAACGGCACCTTTGTATTCTGCTTCAAACAGAATTTCGCCTTGGCCGTTAGCATGAAGGGAGAACAAGTTATTACGAGATGCCGGCAATAACGTTGTGATTTTGTCAGAACCAAAGTTTGCAATGATCAATGAGCGATAACCAGAGTTATCAAGCGCGAAAGCTGCAACCTTATCCTTATCAAAAGCCACCGCCTCGACCAGATTCAATCCTGGCAATTTTAAATTGCGCAAGCGTTTACCAGATAGATCGAACTCAACGAGCTGCCAAGTTTGATCTTGCATATATTCAGCAGCGATCACAGTTTTTCCATCGGGGCTGAAGTGCGGATTATAAACGCGTAAATCTGAAGTGATATATTTGTGGGAGCCTTTTTTTAAATCCACCAGGACTAAGTCAGAATACCCTTCAAAGCCAAAACGAGGATGAGGAAGGAGGTCCGCATAAATAGCGTGCTCGTTGGAATAATCCAGACGCCCCAAATCTCCAGCATAAGGGACTTCTGCTACTTTTTCTGTTTCAGTACCCGAAGTCTTATAGAGAGCCGGCAAAGTATTTAGATCGTAGCGGACGAAGTAAATATCATTTCCGATTTGTTTTGGATCTGTGGAAACAGAGAACTCCGTTTTCTGCAGACCTGGGAACTGATCCTTTGCCCAAGCCTTACGAAGTTCGTCGAATGACTCATAATAGAATTTTCTAAACGATGTGCCGCCGGAAAGTTCTTTGAATGCGTTTTCAAATCTCCACGGATGTGGACCGCGGCTATTTTGTTCATTTATTTTATTCCAGAAATCATCACCGTATTTTTGAGCAGCACGGGAAATTAAGATGTAACCATAAACATACTGATTCACTAAGCTGTCTTGATAAGTACCACTGATAAATTGATCGTAGGTCGGGGTGGCGCGACCCATGAGCAATGCTTTTAAGCGCGCCATAAAGCGCGGTGATCTGCCGCGACCCGCATCGGTGAATTTAGTTTCAGCCCAAACCGCATCGCCTTCCTTCATCCAGGATTTGTTCACTAGGGCGTCGGCCAAGGCAATACCCATGTCCCCCAGGAAAAAGTTAAACCACTTTACCGAATTATCGCTGAAGGCATCATATTGCTGAACGTGACGGTATTCGTGGATCGAAAGCGTCTGGTACCATTCAGTTCCCCCTACGATCGGGGAGTATACTTGCGAACCGTACCATTCGGTGCGACGCGGGCCTACAGTCACAAACCCGTTCGGCTGAGCCATTTTGTCACGGATGATCAATGTTACTTTTTTAGGATGTTTAATTCCGTAAGTAAGACCAACAACCTCAGAATAATGTTCGATCAAATTCGCCACATACACGGCGCGATTTTTAAAAGTCTCGGGATAAATGACTTTTACAAATTTGTTTTCGATGGTCTTCCACTGGGTGGAGGAGGGGCTTTGATCGATGATCGATACCTGCGCTTGCGCCACGATCGACGTCATTAATAGAGCTAACACTAAGCTGAAAATCCGCATTTTTTCCTCTAAGAATATTATTACTTTAGGAGACCGATTCACTATATTTTGTTGGTCTTAAACGGCAATGAAAAAGCCCCAAAGCTGCGAGGTGTAAAGGTATTAGACGATTTGGATTCGCCTTTGTAAAAAGGGATGACCACAGATTTGACGAACACGAGATTCGGTGAAAAATCCATGACCCCCGGTTATATTCCGGGTCATAAAAAATGGAGGCATTATGAAGCGTTTCGTAGCCATGTCTTTGGCAGTTCTGTCGTTCAACTCTGCATTCGCCCAGTCAGAAGGCGAAGTCTCTAAGCTTGGCCCCGTACCCTCCAACGAAGAATTGATCCAAATGCAAGAGCTGCAAACCCAGTCCTTCAAAAACCCATTAACAGACGCTCTTACGTGGGGAAGTTGCACCTATGCGATTCGTGTTCCCGATAAGGTGACTCGTGGTACGATCGCTTTAACATTTGATGATGGTCCAAATCCACAAACGACACCGATTATTTTAGATGTCCTTAAAAAACATGACGCTAAAGCGGTCTTCTTTGTTTTAGGTGGCAAGATCGCGGGGAATGAAAATTTGATCCGTCGTATTCTTAAAGAAGGTCACCATATTGCCAATCACTCTTACAACCATCCTAACTTTCACACTTTGTCGGACGTGAATGCTAAAAATCAGATTTATCAAACAGATAAATTGCTAAGACAGTTCACAACACCTAAGTTTTTGCGTTACCCCTATGGAAATTCAACGTGCGCAGCGAATGAGTATGCGGAGTCCATTGGTTATAATATCGTAGGTTGGAATATCGATACGTGTGATTGGGCGTTCGCTAACACCGGAACGGTTTCTGAGAAATCTAATAAAACTTGCCAAGCTCCAGCAAGTCTTCGTTCTGACTATGCAGGCTATGTGAATCACGTTGTCAGCCAAACCAATGGTGGCGTTTTATTAATGCACGATATTCATATGAACACGGCAAAAAGCTTGGATCGTTTGATGACGAAACTTGAACAACAAGGCTATCGATTCGTTGATCTAGCTGATAAAAATATCTTTCCACATCTAAACGCGAACTGATCGCAAAAGGGAGTACGAAAGTGCTCCCTTTTTTTATGGTTTCAGCGGAGTGACTAAGATACGACGCTTATAAGCGTCTTGCATCAATAAGCCCAG
NZ_CP106855.1_gap52	2098560	2101146	2586	GAGGCAATCGTCAGAGTGTTACCAAGTTGATTTGTATAAGCATCGTCATTTTTAATTACGAAAGTTGTCACTGTCGGAGCCACAGTATCTTTCGTATAGCTTTGCGAAGCTGCCGTGGCCGCGATTCCACCAGAGCTGCTATGATTCACCGTAAATGTAATCGAGGCATCCGCTAAAGTTGACACGTCAATCGATTTGCTCCAAGCACCCGCAGTACAAGTAGGAGAAGTTACTGTTAATCCTGTAACGGTAATATCCACCGGCTGTCCATTTTCAGAGCAAGCTCCTGAAATTGTAAATGATGTGGAATTCGCAATATTAATATAAGAGCCCGAAGCAGGAGAGGCGATAGTGACAGTCGGAGTCGTCGAAGTGTGAACAATCGTGTCTGAATAACAGCTCGATTCATTTCCCGCAGCGTCTTTAAATTTAGAATAGACCGTGTTCGTCGCGTCGGCAGTCGCCAAACTCCACGATTTAGATGCGGCAAAAGTTTCCCAGGCGCCACCACTTGTACAACCTGACGTGTTTGTTACATACATCTGACCACCCGTATCTGAGGAAGTGAGTGTCAGCGTAGTTGTCAGATTCGTAGTGCTTGCAGCCCCACCGTTGATAGAGACAGTTCCCGTAGGAACGACCGTATCTTTGGTATAAGAAGGAGAGGTTGCAGAGCCCGTATTTCCAGCAGCATCATTAATAGAAGCACCAAGTTGAAAGCTGCCCTGAGCTAATGAAGTTAAATCAAGAATGGCATTGAATGAAGTGCCGGAGCAAGTCGTAGTCGAAGTAAAGCTGCTTGGACCTGTGATCGTGATGGATCGACCGTTTTCAGAGCAAGTACCGCTGATCGTAAATGCCGCTACATTGGCGCCATTGACATAAGAACTCGCCAGTGGAGAAGTGATTGAAATCGTCGGATTCGAGTTGTCGTGTAAGATATCATCACTTACACAGGCCGTTTCGTTATCATGGCTTTCTTTAAATTTTACATAGACCGTGTTTGTCGCGTTAGCAGAAGGCAACGTCCATGATTTTGTCGCCGCATATGTTTCCCAAGCACCACCGGATGCACAGCCGGCAGTGTTGGTAATGTACATTTGAGTTGCACCAGATACACTCATGTTCAAAGTTGCTGTCAGGGAACTTGTAGTTGCCGCTCCTGCATTAAGTGCCACAGAGGTAATTGTGGGAACTGTGACATAGCGAGAAACAATAACGAATTTTGAGCGAGTGTTGTCGTAGGTGTCTTTGTGAGTTGCCGAGAGCGAAATTGTATTCCCGGTTAAACTAGTCACGTCCACCGTGCGAGAAAATGCACCCGCTGAACAAGTAGCTGTCGTATTAATAGTACCAATTGTAATCGCAACGGATTCACCATTTTCGGAGCATGTCCCAGTAACAGTATAAGCAGCTTGATTGGACGCGGTGATATTAGAAGCTGAGGGAATATCAATCTTTGGTGGCACGGAGTCTTTATCAATTGTTACTGTGTATGATTTTGCTGTTCCACCACCTGAAGGTGTCACGGTAAAAGTTAAGTCGCCCGCATAAACACCCGCAACTGAACTTAAATCAATTGCACGGGACCAATTGCCGCTTGAAGCACAAGTGAATGTTGCCACATTTGCTGAGGATGGAGCTGAAACTTGAACAGTCGAACCTTGAGCACAACGACCAAAAAACGGTGCTGTCGCTACGTTGGCTTCGTTGATTTTTCCTCCACCAGCCGAGGTCGCAACCGCGAAAGAATCCTGATAGACCACGGGAGCGGAGCAATCAGAAGGAACAACTTTACCTGTCATATCCATCGAAAAAACTCGGTAGGTATAAGTTTCGCCTTCGTCTTTGGTAAAAGATGCCGTGTTATTGCTAGCGTCTGCACCTAATTGAATTGTTGGCAAAATGGGATCGTCACAAGTCGCACCTTTATAATAGAGCAGTTCTTGTTGAACGATTTTTTCATTCGTCGGGGCCGCCCATTGAGCTTGCAGATCTCCAGTGGATTGAAGGGCATTTTGATCCCAAGCCAATGAGGAAGCAGCTCTTGTCGTTAATTCTTCAAGAGACAACTCAATCGAACATCCTGCTATAAAAACAGGCAATGTCGTGACGACGAATAATCGTGAGAACAATGACTTCAAATACGTTCGGGGTTGTTCCATGAAGTACTTATCGGCGTTTCGTAAGTATCTTTAATCACAATACGAGGTAACCTATTGATATCACGTCAGTGTTACCCGTTTTTAATATATGAGGTCAGTGATCCGTATCAATATGATACGTACAGATGTCAGCCTTGAAATTGACTACTTTTGAAGAAAAGGAAGTCTTTCAGTGAGCTGGTATCGCGTTTTTGGAGTCGTTCCATCAAGGCCGCTGCTGGCTGTTCCCATAAAAATATTCAGGGGAGTTTGCGCCTTCACTTGATAGCTCGTGTATAAGATCTCACCCTCTGCAGGGGCTTTATACTCATCACAAACTTGACCACTTACTGTTTTGGGTTGATTGGTTTTCCAATCAGAAAATCCACACCAGTTAATCATGTTGAGGGACTCGGTCACGGTGTCAGTCAAGCTTGTGTAA
NZ_CP106855.1_gap53	2200798	2204212	3414	CTCATCGGCAGGCGAGACGTTCTTAAGGTCACTTCGTCATAAAAGCTGGAGATTGCCTTCGCTGATAACCTGGAAAATCCCACGCGGAAAATCATGGTCATCACAAAACCTGTCAAAGCCATCGTCAAAAGCAAACCAATGATTTCAGCGGAGGTCAGATTTTGCATCGGTGAAGGTTTGCCGACCAAGCTGTCAACCCAGTATCCGATAACGTTGGTGTTACCCAAAAGCAAGCCCCGTCCCAGGACACCTAGAACTAAGCACAGACCGATGCGCACCAAATAGGGTTGATATGCAAAGTACAAAGTTTCAAATAAGGTTTTACTGTAGCCGCCTTCTTTGCGTACTTCGCCGTCAGATAGGTATTTTGGTTTTGCAACCGGGGTACGATTAGCCACGAGTCACCTCGGTTTCTTTTTGAGCGGTGGCTTCTTTGGCAACCGATGTCGTGTATTCGCGGAATTTTTCATTGCGGGCCAAAAGTTCCTCGAAGGTCCCTTGGTCAATGATCCGCCCATCCTCAAGGAATAAAATACGATCCACCCGATTTAACGCTGATAAACGGTGAGTGACCAAAAGGCGTGTTCGATCTGCCCAAGCCCCCATGAGCAAAGATTCAAAAAGTTTTTGCTCTGTATCGACGTCCACCGCACTTAAGCAATCATCCAAAAGCATGATCGGTGCATTGTGAAAGTGAACTCGAGCCAGGCTCACACGTTGGCGTTGTCCCCCAGATAAATTCACGCCTCGTTCGCCGATCTCTGTACCTAAACCTTTTTCAACTCGCTCGGTGTTCAATTCAAACTGGGCAAGTTTTAAAGATTCTTCAACCATCGCATCGCGCTCGGGATCGATATCATAAAGGAAGGCGACGTTTTCACGCAAAGTCGCACTCATAATAAAGCCCTCCTGCGGAACATAGGCAAAATTACCGCGAACGGCATTGTTTTTTTCTTTCAAAGCATCCATCGCACCGATGCGATAGCTTTGGAAGCGAGCCCCTGTTTCACGTAGCAGTGATAGGAGCAGCATCGATTTCCCAGATCCCACTTCGCCAACGACAGCCACAAATTCGCCATCTTTGATATCGAAATTCATATTTTTTAAAATATGCCGGCTCCCGATACGAAGATTAAGACCCCGCACTTGCAACGCAAACTTTTCATCCAGTGCCGCTTGCTCGGGAGTTTCTGTGTTCGCAGCATCCGTTTGGTTGTTTTTTGTTCCAAAGAATTCTTCCAGACGTTTTAACGAGGTCCATGAATCAAACGCAAAAGTAAAGAACCAAGGCATCTGACGGAACGGGCGAGTCAAAAAGATGCCGACAATCCATAGCAGCGCCAAAAGTTCGCCGCTGGTCAGGCTGTGCTTTGAATAAAGAACCAAAGATCCCAATGTTACAACATTCAGGACGAATGTGATCGACGAAGAAATGGCATTCATCATTTGACCATTCGTCACCATTTTGACACGGTTGCTGGTTTCAACTTCACGTTTAGCGAAAATGTTTTCTTCAAAATGACGAATCCAACCTAAGATACGAATCGTGCGAATGTTTTGAATCCATTCATTCACTAAACCAATTCGTTCTGCCGCTAATTGTTTAAAACGGAAAAAAAAGCGCGACTGACGGAAAGCCATGAATGTGTTTAAGCACGTGATTCCAACCATCACCCAAATCGTGGGCCATAAAGGAATGTCGAATAAAACGGAAATGGCGAACGGTGAAAGGATCAAAGGGAACAAAGTCGAAGCACCTGCAGGCAGCGTCTGATCCAAAAACACCGTGGCACCTTGAACATCCGTCGCATACAAAGAAACGATCTCGCCCACAGGACGATGGCTCATCGTATCCACTCGAAGGTTCAAAGTTTTTGCATACAGGCGTTCTGCAAACACTCTTTGCATGAACAAGGCTTCCTTCGAACTTAGATAATTGGTCAATTGGCTGAATGTTTGAGAAGAAAGCACACAAACGAATGCGCCTAAGATGAACCACAAAGGGGAGCTTAATTGAATCAAGTGAAGTTTGGTGTGGACTCCGGTGATTTGATCAATGAACTCCTTTTGGAAAAAAGGTCCCAGGATACCGAATAAAGCCGCCAGCAACGAACAGCCCAAAATCAATATGCGGGCATGAAGGCGGGTGAAAACTACTTCTGAAAACAAAGATCTCATAATGCGTCGTCCCTAAACCACCCAGTTAAACTCAGGCCGGGATTGAAGCTCTTTTCTACTTGGTGAGGGAAGAGGTCGCTTCGAAAAAAAATCAACTGACCCAAGCGAGGCTCTACACGAGCAATCATCTCTTCGGGGTTCTCTGGATTGTACAGGCTCAATTCTCCGCCGTGCTCTTTTTGCCAAGCCTCATTGAGATACAGCACGAAAGTGATTTTGCGGTGACTCGCTCCACGGGGGTTATCGATGTGCTTATCGTAACCGGCTTCGGGAGGGTAAAAAGCAAAATGACTTTCCACACGTTTTAATCCCATAAAGAAAAACTGATTCAATTCCTCGCGAATGACATTGAGGCTCTGCAGGAATTGTTTCTGTGTTTCAGAGTTTCCTTCATCCAGCCACAGAGTGAAATCGCCACGAATTTCAGCAGATATTAATTTGTTGCCAGAGGGACCCATGGAAGCTTTTTTAAGAAAGCCGTCGGAGTATAATTTTTGACACTCTTGGGCGAGACTTGCACAGAATTCAGGAGCAAAGACCTCTGCTGAGAGAGCCCAGTTTTTTTCCGCCAATTTCTCGAAGGACTGTCTTAATGCTGAGAGATTGATTTGCTTCTGTTCCAAAGTGTTGCCATTCTATTCAGGTGAGGGATTGATGGCAAAGCGTTCTTTAAGTCGTCGCGAGTTTTTAAAAATTTCTGCGCTGAGTTCAAGCGGTCTGTTTGTGTCGAGTGCTTTGGGGGGCTGCGCAGGCCTTGATAGACTCTTTACCGGAGACAAGCGAAATCTTGACGGAGAAGTGGTCATCCTTGGGGCGGGCGCTGCAGGATTGGCGGCAGCTCACACTTTGAAAAAGAATAAAATTCCATTCAGATTATTTGAAGCCTCCTCGCGCGTCGGTGGACGGGTGCAAACAGTTTCAATGTTCCCAGGGGAGGAGCCCCTGGCGGAACTGGGTGCTGAGTTTTTCGAAGAGCACCATCGCACCGTGTTCGCGATGGCTAAAGAGTTCAGTTTGACTCCGTTAGAAATAAAAACTCGCAAAGGACTTGAATCGCATTATTTCCGCTTTGATGGGCAAAACTATCGCGTTCAAGACATCCAACCTCGTCTTAAAACTTTAGCGGCGCCTTTACGTCGCGTCCGTTCGGATTTATTCCGTGATCAAGAGGCGATTCTGACCTATCGCAACTCTCTGGTATATGATCGCGCCAGTTACTATGACACCCTGTCCTTA
NZ_CP106855.1_gap54	2218498	2219958	1460	ATGATCGCTATAGTCTGTTCTTTGACGAAACCGATCGTATGACAAACAGTCTCAACACCTTGTGCGAGTTCATTCTTAAAAGGCTTCAACAGAATCGTCTGGAGAATAAATAGAGCCTGTAATAACACATAGGACTTACTCCCTCGGACTCACAAGCATAAAATGGGATATGAGGGAGGTCCGTTATGAAAATCACCGTCACCTTCACCGCCCAAAATCGCCTTTTAGAAGCAGGTCTTTTTACCCCGGAACATACCACTGATGAAGAACCCTTAGCCGCTGTTCTGATCGAGGGTGCCATGACCGGCGGTGCCCAAGAGATCTCAGAACGAGTGGCACGCACTATTTGTGAGCAGGGACTTGTCTGCATGGTTTTAGATCATGCCTTTTACAACGATGATCAACTGGCACCGCGATCGTGGGAATCTCCCAGTAAAAGAGTCGCTGATATCGTCGGGGCTTTGCATTTTCTTCGAGATAACAATATCGTAAATCCGCAAAAGTTGGTTGCCATGGGCATCAGTGTCGGTGCCGAATACATGACAAAAGCACTTGAGGTTACAAATTTATGTAAAGCCTTTGTGATTATTCAAGACCGTCATGAAGTGACACCGGACTTTGCTGGCAGAGTAGAGGTTCCAACCACATTGTTTGTATCAAACAGTTATGAGGGCTCTGCTGAAGATGCCGTCACCTGGATCGCCACTCTTTTTAACAGCCAACAAGGTTTAACAAATAAAGACTTTATGAGTTGGGATAGTTTCAGCGAATAGGACTGTCTCATCCTGAGATAGGGCACAACCCTTGAATTAGTTCCCAGCAGTGAGCTAACGAAAGGGTTTACTGTGAAGTTGGGTCAGTTCAAAGTTGTTGTAACGGTGATTCTAACGCTATTAATGGGGCTTTCGGCGGCAGAGGCTGCCAACAAGAAGGCGCTTATCAAAATGAGACAGCCGAAAAAGGTCTCGGCCGTTAGCAAAAGCTGGCAACGCGAAGTTGTTAATGATTTATATGCGGCTACTGCATCTGCAGAAAATATGGATTCCCAACTAGAACCTCTGATGAATGCTTCAGGATTTTCTTTCTGGCAGAAATGGAAGCGCGGGATAGACGAAGCTTCTTTGCAGCGCACTTTCTCTAAAGATCTAAAAGGCCATTTGCAAATTATGGCGACGTTGTTTGAAAAACACGCTCAATATAAAAAATTTGATCGCGTCAGTGAATTTGAATTTCAAAATTTAGTTCGCAGAAGTGACTACATTCTGTCGTTGCCAGTCTCACGAGCTGCTATCGAGAAAAGCATGGAAACGGCAAAATTTGCGACAGATTTTAAAGTCGCCCTCGCAACCTATAACAAAGAACGAGTGCGTTTTGATTCGAAAGTTATCCAGCTAGCTCAAAAATAAATTATCGCGTTCTCAGACTGATAATCTCCAGCGTTTCCACTTTTTCTCCATACT
NZ_CP106855.1_gap55	2223590	2225401	1811	TTAAAACAGTTATCTGAAGGTCATGCTGAACCCATCTAAAAAACATCGCAACACTTTCGGTGTGAATTTTTCTTCAAACGATCCATAAACATTCGTGCCACTCTGTAAAGCACCGAAATCAAAGCAAAAGGTCGTTTAGTTCATCGCGCGAATGAAAGTTTGTCGGTAGATAACGAAGCGTCATTCAAATCGTCACTCGCATTTTTATTTTACATTTAGTCTAAAAATTTGGAGTCAAGGGAACTGAAAATTCCGAGCGCAGCGGCCTCGGCTCCATCGATCACGCACCAGCACTTCACGACACGCCATCCATGGCTCAACCGTGGCTCGCCTTCGGCGAGTGCGCGCCGTCGTGGCGCCCACGGAGGTCGTTCCGTGCAGGTACATGCCCGCTGAATCCGAGTCAGCTGCGCTCGGAATTTTCAGAGCGCAGCTGGAGATTTTTTTGTGAATGGAAAATAAAAAATTGATTAACTCATGGCGAGGCGGCTGAGTTCGGCGAATTGTTTTTCTATTTCGGTTATGAGTTGTTGGTACCAATTGGTTGGTTTTTTTGTTTTTAGAATGTGTTCTACGTTGTGGGAGGGGATCGTTGTGTTGATGCGAAGTTTGATTTCTGTTCCTTCCGTGGCTTCGCTGTGAACTAGTTTTAGATGTACGTTTACTACCGTATCTTTGTGTGTTGCTGTGGTTCCAAGAAATTTGAGTCTAAACATCTTGCCTCCAATCACTGCTATTGAAGAGCAAAGGGGAGGCCGCTTTTAAATGCTTTAATTGGTTTTTAACGGCCTCGCGAGGAAAAATGGGGCATTTTTCCCGGGGTTTTATTCCCCCTAGTTCGTTGATTTTTTAAAACATTGGCGGTCTTAAAAGAAACATAAAAATCTTATTGGGGTTCGCAAATTTTACTCGTTCGGAGACTTTTTTGAAGACAGGTGAGTATAAAAAAAGCCCACTTCGAAAAGTGGGCTTTTTGGTTTTTGCTTTAGGGAAACTAAATTAGTTTCTTTCTGACAAAGGAACAACTTTGCGTTGTTCTGCACCTACGTACTCAGACAAAGGACGGATGATGCGGTTGTCAGCAGCTTGCTCCATGATGTGAGCAGACCAACCTGTTGTACGAGCCATAACGAAGATCGGAGTGAAGAAGTCGATCTCGAAGCCCATCATGTAGTATGCAGGACCTGCTGGGAAGTCCAAGTTAGGGTAGATCTTTTTCTTATCAACCATAACTTTTTCCAAAGCCGTGTACATTTGCATCCATTTTTGCTCGCCAGTTACGTCAGCCATAACTTGCGCGTACTTTTTCATCGTTGGAACGCGAGAGTCACCAGAGCGGTAAACGCGGTGACCGAAGCCCATGACTTTTTTCTTTTGTGCCAATGCATCGATCATCCACTGTTCTGCTTTTGCAGGGTCAGCGATTTCTTTCATCATATGCATAACCATTTCATTCGCACCACCGTGCAAAGGACCTTTCAACGCGCCGATACCCGCAACGGTTGCAGAGTAGATATCAGATTGAGTTGAAGTCACAACACGTGCTGTGAATGTAGAAGCATTGAAGCTGTGTTCAGCGTAAAGGATCAAAGAAACGTCGAATGCTTTAACAACTTCTTTTTGAGGTACTTTACCAAAGCACATGTGGAAGAAGTTTTCAGCGATGCTCAAATCAGCTTTTGGAGGAATAAAATCCAAACCTTTTTTGAAACGGTAATCAGCAGCAACCGCTGTTGGGATTTTCGCCAACAACATCATTGCTTTGTCCATGTTCGTCGCTGGAGATGAATCCCAGATACGAGCGTCTTCAG
NZ_CP106855.1_gap56	2251276	2255401	4125	GGTGAGAATCCAAAGAGCCAGAAAATTGACCAACGCTTTTCAAAGATACGGCCAACGCCGGAGTGTTAAGCTTGGCTGTGATGTTGCGGCCCATGTTCGTAAGCAATAGACCGGAATTGCTTGCTTCAACTTGGAAGCCTAACTTTTCAGAAGATACCAGCACATGCACATTGCTTAGCAGGATTTTTTGCAAAGGAATCTTTTCAGTGATCGCAAAAATCTGATCCATCGGTAAAGGTTCAGGTTTTGAATCCTTCTTCATGAGGGGGTCAATGTGAATGTGTGCTTCAGGGGATTCGATCACTAATGCCGACAAATTGACACGGCCACCAAGCAAAGAAAAGAAATCAAGGTGCAGGCGAGCACGACCGATGCGAACTTCCTCAGCGACTTTTGTAAACTCACCCTTGGGAAGAATACGGATTCCTTCAAGTGCCACCGAGGTTCTTAATACACGGATACGCAGACGATCCGCTTGAATTTCAACCGGCAGAGATTTTTTGGAATAATTTTGCAACTCCTGCAGGCCCCAAGCTTCTAAGCGAGGAATCAGAAACGAGGTTCCTAATCCCCATAAAACCAAAAACGCCAGGGTGGGAGTGATTAAAATCCAAAAGACACGTCTCACTGGCCACTCCAAATGCTAAGCAGGGCACTGCCAGCTCTGTAATGGGGACGCGAAGCCAAAAGGCCTTCCAAAATTTCGACAGCCGAATGTTTTTGACCAATTCCCCACATAGCTTGCGCGCGCAGGTACGCAGTTGCAAAGAATGTTTCTGGTTCATGGGCAAAGGCTAACTCGACTTGCGCAATCTCATTAAGCAGTTCGATAAAGCGACGACACTGTAAAAGGACTTCCAGGCGTAGCCATGCTGTGCTTTCAGTATTTTCGCAGAACTGCAAAATATCGAGTGCTGTTTCATAACCTTCGAACATAAAAGCGGCGATCGCAAAATCAAAAGCCATTTCGGGAGTTTCTTCAGCGTGGTCGCGCAAAGACTGAAGTAAAGCCAAAAGTGCTTTTTCAACTTCAGGATCTTTCGGGGCAAGCTCTTCCGGTTTTGGATCGCGAGCGCGTGGCGAGCGACGAGCCAAGATTTCCAAAGCATGGCGTTGGCGATGTTCGCGCACCTCGTTGTTCACGTCGTTGTCGCCGGGATAAAGTTTCTGCAAGCGTGCCAGTAAAACTTTTTCCTGTTCATAAAGCTGTTGCGTGCGCAACGTGATCAACTGATCCAATAAGTTTTTCTTGTTGTTTAAAAAGTCTTTATGAATGCGGTATTTTCGATTGCTGCGCCACTCGCCCAGAAGGGGGGAGAATTTGTTCAAGGCTGCGGAACGAGCGGCTTCATTTTCCGCTTCACTTTCTTGAATACCTTCGATCAAAGCGTTCATCACTTTTTCATCAAGAGTGATTGTCGCATGTCCCAAGGCTTCTAAAAAATAAGGCCAAGGGATATGAAACGTTTCATTGTCGATATGTTTGACGACGAATTCGGCCAACTGCAAGTGACGACCGCTAAGATTTAAAAAACGCGCCAATGCATTGATGTTGTCTAAAGAAAATTGTTCCGGAGAGGATTCAAGACTTGAGATAAGGCGAACGGCCACTTCATCGAGATCACTGGTCTCATTGAGTAAATTCTGAATTTCCAACTCAACAAAAGTGGACAAAAAAAGACCTCCGCTTTCTGCAAATACTCCGGCGGCGCCGGAGTGCATACAGTCACTCAATATTTTGGTATAAAACTGAGTGTTTGCGGAGGTTTAATATCTTGCGTTAGGAAACTATTTTCCTGACTATTTTTGGCTGACGCGCTCTACGTACTCACCCGTTGAAGTATCGATACGAAGAGTATCGCCTTCATTGATGTGCAAAGGTACGCCAACAGTCAAACCAGTTTCCATAACAGCGGGCTTCGTTGCACCCGTAACACGGTCACCTTTGATGCCTGGATCTGTTGTAGCAACTTTCAAGTTCACGGCTTTAGGTACGTCAACTGCCACTGCTTTATCGTTGTAGAATAGAACTACAACTTTCAAGCCTTCAGTGAGGTAGTATCGAGATTCACCAAGGTCTTCTTCAGACATTGCGATTTGATCGTAAGTTTCATTCGACATGAAGTTGAAACCTGAATCATCTTTGTACAAGAAGTTCATCTCTTTATTTTCAACGTTTGGTACTTCGAATTTTTCGCCAGATTTGAAAGTGACTTCCAAGTTTTGGCTTGTAAGCATGTTTCTCAATTTTGTGCGAGTGAATTGGTTGCCTTTACCTGGTTTCACGTGTTGGAAATCCACGATGACATAAGGCTTACCTTCAACCATGATTTTCAAATTCTTTCTAAAATCCGACGTTTCGTACATACGGTCCTCTTTCTAAGCTTGGAAGCGATCTCAAAACTACCACTGACTGCGTTGCTCGTCGGCGGCATACAGGAAGTATGCCTTCTCCTCGCGCCTTGCATTGGCACTTTTGATATCGCTTCTGTTTTGCGATGATTCAAAGGGGATAATATGCCCAATTCACTCTTGGCTTGTCAAATGAGGGAGCGATAGTCCTCGATTTTGCGAAGCATCATCTGCAGGGTTTCGATCTTTCTTTGGCGGATCATTTCATCGCGCGGCAAAAGAGGCTTCAGGGGAGTCGGTTCGTCAGGTTCATTATAACGAACTTGCAGCGTTTTCATTCGGCGTTCAATTTCAGCATGATCACCAAATTCCACGCGAGTGTCCTTTAAAAGTGCATGAGCTTTTTCCAAATCGTTGCGCACAATGAACGCGTCAATTAATGAAAGCATGCGCTCAAACGCCTTATTTCTAGGCACTGGTTGTGGCTTGAAAACTTCTGTTGCAGCTCCGGTTTTTGTACCAGGAACTGTCGCCTCAATGGGTGGAGTTTCTAAGTTAACTTGCGGAAGTTTTGCCATCGCAAAAACTTCCTCATCATACTCATCCGCCGTTAAGGATTCCAATTTTTGTACCGCTTTTTGCGCTGATTGAGAGCTCGGATTTAAGAATAAAACCATCTTGAAAGCTTTCAAAGCTTCCTTGGGGTTTTTATTTGTCAGTTGCAGCTCGGCCAAAAGTTGATGAGCCAAAATGTTTTCGGAAGCCAAGCCAGTGGCCTTTTTCAGAGCCTCGATCGCGCGGCCGATTTGGCCTGCATCGCGCAAGATTTTAGCGTATGTGACCAATCCTCCAACAAATTGCGGATGGCGTTGAACGCCCGCAGTCACAACCTGTAACGCCTCTTTCAACATCCCCATCTCTCTATAAGCTTCCGCCAGAGGTGCAAACACCTGGGAGGTCGGATCCTTTGCGAGGATGTGCTGATATTTTTCGATAGCGCTTGCTTCAATCTTCGGCATACTTCAGATTCTAGTGCACATTCATTGACTTAGCAATACGTTCGGAATGAAATTAAAAGTATGAGTTTGACGATTCTTGGGGTTGACCCCGGTTCCCGCATCACAGGTTTTGGCGTGGTTCGCATCAGCAATGGCAAGATTGAGCATATCAATCATGGCGTGATTTTGTTAGATGCTGTTCAGGAATTTCCTGTGCGCATGGCAGAACTGGGTTCTGCTTTCCGTGAAGTGATGGAAAAATATCGTCCTCATCAAGTCGTGATCGAAAAAATCTTCCTAGGTAAAAACGCAGACAGCGCTTTTAAATTGGGTCACGCACGGGGAGTGATCATGTATGAAGCCGGAATTGGCAAAGCCACGGTTTCCGAATATGCCACTCGTTCCGTGAAAAAAGGCATCACCGGCACAGGTGCAGCTACTAAAGAAGATGTGCAGGCAGTGTTGAAGGCGATGCTTAATTTGAAAGCCATCAGTCGCATCGACGCTTCGGATGCCTTGGCTATGGCTTGCTACCATGCCTTTGAAATGAAAAAGAACGCAGTTATTCAAAAAGCGGTGAGTTTATGATCGGTTATTTGCGCGGAAAAATTATTGAAGTCTTGGGCGATGCCGCTCTAATTGATGTTCAAGGTGTGGGCTATGAAGTTTTGGCTTCCTCAAACACATTGGGCGATTTCACAACATTGCTTGGTAAAGACATCATCGTTTGGATTCACACCCATGTGCGCGAGGACGCTCTCACGTTGTTCGGTTT
NZ_CP106855.1_gap57	2282341	2283428	1087	TGCCACTGGATTCGTCAGAGTTTTCTTACCTTTCCACGCAATACCGTATTTGTTTGCGATCCACTCTGCTGTATCTGGTTTGATTTGCATCAACCCGATTTCGCCAAAGCTTCCCACAGTCAGTGGATTGAACGAGCTCTCCGTTTTTACGATTGCCATAACAAACACGGGATCCAAGTTGTACTTGTCAGATTCCGCGATGATAGTGCTGGAAATATCGCCAGCGCGGTTTTTCCATTGTGGTTCAAGGTAACCTTGAACCTTTTTATAGATCATCAAATTAAGAGCCACACGGCCTTCAATTTTTTGAGCAGCAGAGCCTTTGTAGCGTCCACCCAGCAATTCTTTAGCGTGGGCAACACGTGAAGCCTCGTTCACTGTTTCGATCACTGGCAGCTTTAAGATCTTGCTCCAGTTCACGTATTCAAAGTTATTAAACAGAACCATCATTAGAGTGGCGGTGACTAAAGCGAGTGTCGAATTGAGATGTTTCGTTTTCATTTCCCGTCCTCCTGTTGACTAGGTACTAGTGCAGGGGGCGGGCCAACGAGCTAACTGTTTAGAATTGTTTAAGTCTTTTTCTGAGCCGTATATCAGATGGAACGTGGACGAATGTGAGGTAGGCAGTGTCAACCAATCTCTAGACAGTGTCAGATCATTAGTTATCCAAAACGGCGCACTTTCTCACTCTGACACGTTGTTGTTGGGACACCGATCGTCGTCTCAAATGAGGGCTTGTCTGCTGCCTGCCCGCAGCTTCGTCGACACGCCATCCTTGGCTCACCGTCGCCGCCTTTGGCGGTTCGCGCATCCTGCGCCGACGGAGGTCGACTGCGTGCGGGCATGCATCAGCCTATCCCTCATTTGAGACGACGATCGGTGCACGACATTTAGTTGCAGACTGGCTTGTTCGCTTTGCGAACTCGCAGGGAGATGGGGACTGGCTTGTTCGCTTTGGCGAACTCGCAGGGAGATGGGGAATGGCTTGTTCGCTTTGGCGAACTCGCGGGGGAGACGGGGAGTGGCTTGTTCGCTTGGCGAACTTGCCTGGATGAAACGCGATAGGTGCCTGGCGGTTTTTTATAGA
NZ_CP106855.1_gap58	2293440	2294674	1234	TAAAAATAAAAAAGCCCGGGAGACCGGGCTTTTTTGGTACTGCTATGCGAGCAGCAGTGTAGACAGGCTTAGTCCAAATGTTTCGGTGTGAAAGCTTCTGGGAAGATCTCTCCAAATTTGAAGGTCTTCATTTTTCCAGTTAGGTTGGCAGTATAGATCAAAGTTTCTTCGCTACCGAACTCTGCGATCACTTGGCGGCAGAATCCACACGGTGGCCATGGTTTGTCAGCGTCGCTGATAACCATCACTTCTTTCACAGATTTCGAAGCGCCTTCGCTAACAGCTTTCCACAAAGCCACTCGCTCCGCACACACAGTTCCACCGTAAGATGCATTTTCAACATTGCAGCCGTTAAAAATTTGACCGTCAGCCATCAAAACAGCGGCACCGATATGGGCGCCGGAGTAGGGCGCGTGGGCGCGTTTTTGGGCTACAGCCGCGGCATCGAATAATTTCTTTTGCATGTCGTTCATAGATGACTCCTCAGGTACGCGGGGCCGGAACCAAATGTTCGGCTTAAAGCGGACTACAAGTCTCTAATATTTTTGACAGTTCAATCAAGGGTAATCCTTGAATGGCCGTAAAATCTTGGGATTCAATTTTGGAAAACAGCATGATTCCGTGTTTTTCGATCTTATAGCTTCCGGCGCAGTCCGTCGGCATGTCGAGGTCAACATAGCGTTCGATCTGCTCGCGACTCATCGCTTTCATATGCATGCGCGTGATGTCGGTATAGGGGATGGCTTTTTCGCCGTCAAAAACGCAAATTGCTGTCACAAGCTCGTGGATTTTACCCTGCATGCTCATCAGTTGCTCAATCGCCTTGTCACGCGTATGCGCCTTGCCAATGATGCGGCCCTCAAAAGAAACCAGCTGATCTCCACCGATAACGACTTTTCCTTCGCCCTTAAGGCTTTGAGCCTTAAGGAAGGCTAAGTGTTCAGCTAAAGCGCGGGGAGCCAGTGTGGGATCTTTATGCTTATCCTCGTCGATAGCAGGCGGTTGAGCAGTAAAAGGCACAGCCAAACGAGAGAGAAGTTCTTGTCTGTATTTGGAGGTCGAAGCCAGGATCAGTTGCTTTTTCATGTTATCGGTTATATTTCAATTTCGCTGTAAAAACTATAAAAACAGAGTCTTTACAGGGAATCTGCGGTACAAGGCAAAACCATGACGAACAAACATCTTCCAGACGTCGCTAAAGAAACTCATACAGAAAAATTCGCTCCCATTGATT
NZ_CP106855.1_gap59	2315722	2316555	833	TGGTAATGGAAGTTTGTCGTTGTACTTAGCAGAAGGCTTCACGTTGTAAGGCGTGATAATTTCACCTTTCACTTCAAAGTAAATCAACTGCCCAACGGGCATTCCAGTGTAAACTCTGACGGGTTGTTTTACGGAGATTTCCAGAGTCCAGAAGTTACAGAAACCCACGTCGCCTTTTCCGGCAGTTGCGTGGATGTCGATACCAAGACGACCAACACTGGATTTACCCTCGAGGAATGGAACGTGTTGAAGAGTCTCAGTGTATTCCTGAGTCACGCCCAAATACAAAGTGTCCGGCATGAGAACAAAGCCCTCATCCGGAATCTCGAAGGTACGAATCTTGTTATGCTTCTTAGCGTCCAGCACTTTATCTTCGTACACTGCAAGAGTTTTACCCAAGTGAACATCGTATGAGTTCGTGCCTAGGCATTCTCTGCGGAAGGGCTCAACTTTAATTGTGCCAGCTTCCATGTGTTCGAGAATCTGCTGATCCGTAAGAATCATTACTTAGTTTCTCTGTGAACCGTGTGTTTTTTCAAGTTTGGATTGTATTTCTTCTTTTCCAAACGACCTGGAGTCTTAGTTTTGTTCTTAGTCGTAGTGTAGCGAGAAACTGGTTTGCCTTCAGCGCGAGCTTCAGTGCACTCAAGAGTGATGATGATTCTTCCAGATTTTTTAGCCATTTTAGTACCTCTTAAACTTATATGTATTGCCTCGCGTGTTATGCGAAAAATGACAATACCTTTTCGAAGGGGCTCAAGGTATCAAAGGAAAATGGAAACTTCAACAGACAATTTCACGTCTTACGAGGGAAATCATGAAGTCCTTAAACC
NZ_CP106855.1_gap60	2330663	2332583	1920	AATAGTGATGCTATCTTGAGCATTTTGAATGTCCTTTAAGAGACTTTCAAAATAAGTATCACCTGTATGAAATAGCTGTACGGCACTCCATGAATCCATATGCTGCATTGTTCAATAAATAATTAAAAAAGTCGACAGCAAAGCAAGGGGGAGGGCAAACTTGAACTCTATGGCATCAAGCAAAATAAGAACTATTAAAAAAATTGTGACAGTAAGTCTTCTAGGTGCAATGTGTTGGGGCAGTGCTTTGGCGCAAGCTTCAGTTCCTGCAAGTAAAACGCGTGTGGTTTATTTCGGATTGCAAAATCAGGCTGATTTTGAATTGAAAGTGAAGCCTGTCTTTGACAGCACGGCTAGTTGTAAAAACTGCGAAATCATCAATTATACTCCTTACACAGCCGATGGTGCTGTGGATGAGGCGGCCATGGAAGAGCGCATTGGCTCTTTGCCGGCGGATACAAGTTTCGTATTCTTTGATTTCAACTTGAAATCAAACGATCAAAACAAGGCCCTTTTAGAAGCTTTGAACAAAAGAGCCGACAGCGGAATGATCTTTGTTGGATCTGCAGGGGTTCCTAAATCAAACGAAGCGTCTGGACCGTTGACTCGCACGATCTTGGGGCAAGTGCACAATGCTGTGATCATTGGAGAGTTGGGAGATCGTGATCGCCTAGTTCCATCTGCATTCTATGGCCCTGAAATGCTCACAGCGATTCGCCCACCGAAAGACAAAATTGGTCAGGGTTATTCTCCACTGATATTTGCTGCCAACTTGGCTGAAAAATGGAATAAGCGCAGCCCCCAAGAGTGGACTGATTATTTTAAAAGCAAGAAGCAAAAAAATCGTAAAATCTGGATGGATCTAAACGATCTGTTCTGATGAACTAAGTGCAAATTTAGATTCTTACGAAGGCTCCCAAAAGGGGCCTTTTTTATTGCAGAAAATGATGCACTCAGTAGCCGGAGCGGGTGTGGCTAATATCCGGCCGTGGAAATAAAGTCCTTAATGGCTTCGATAAATATCTTGTGATCTTTTTTCTCTGGCAAATGCCCGGAATGTTTTTGCCGAATCAGCTGAACGTTCTTATGTGATTCAAGTTTCTTGGCCTGGTCATCTAAAAGCAAATGTCCTTTGATTGTACCCTTAAAAACCAAAACGGGGATTTTGATTGAATCAAAAAATTCACGAACGTCGATCATGATTGATCCCAAGACTCGACCTGGGCGCTTTTTAGGGAGATGATGGTGATTCCGCCCGGAGGAAGACTGTCGATCACCGCGACCACATCACTGACACGGTCTTCGAAAGTGAATTTTTCAAAGTTCTCCCACCTATCGTCCTGGATAAATAACAACTCGAGAGCGATGTTTTTCAGGAATACGGTGATTCAAAATTTTCAAGGCTTCGTGATCAGGATAGCGGCTGGAAATATGAATCAGGACAATTTGTTCTGATTCGATTTCGTCTAGGCGCGGAATGATCTCATCAATGTGGGTGTGGCCCCATTCGCGAGCGTTGGCGATGGTGCGCTTGTTGTCCAGATATGTCGATTCCATCATAAGGATTTTGGATTTTTTAATCCAAGGACGTGAATCCAAGAATTCAATCTGCGTGTCACCTGTAAAAGTCACCATCGGGTGGTGATGGACTTCGTTCACCTCTTCACCTTTACGGCGAAGACTTACGATCTCTTCCTGGCTAAGCCCCGCCAGATCTGCGCGCAATTTTTTGGACGTTTCAAACAGGGTATAACCGAAAGATTCAATTCGGTGGGTAGTTGGAAACACCTTAACATAATTATTCTGGTTGATCTCGATTTCGTCGTCAGCTTTCACGGGGATGAAATCAAATTTGTACTGATGTTGCTCAATTTTTTCCCATTCCCGCATGATATTGGTCATCGGTGCCACCAACGACGT
NZ_CP106855.1_gap61	2338633	2339150	517	CTCGTACCCACGCTTAAACCTTGGTTGAAACCTTGTAGGTAACGGCTGCCAATAACCTGTTTAGCAACCAAGCGGCGTTCAGTTTGGAAAAACGCTTCAGGATTTTTCTTAACAGCACTGTAGCAATCCGAAGCCAAAGTCATGACAGCATCATTTTGCAGAGTGCCGCCTTTGTTTTTATTCATGCGCGGCAAATAGTCCTGAGCCCAAAAGACACAAAGTTTTTGCGCGATGTCCGCTGTCAGTTTACCTGTTGCGATCACGTTCATAAGATCTTTTTTAGTTGTCAGCAAGCGGCGGTCGCGGTTGGCAAGGGCAGGAACCAGGCCACCCAGAGTGTTGTTTTCTGCAGCAGTGTTCAACGTTATCAAATCCAAATTGTTTTGCATCGCAAACGCCACTGGTTTTGACATCGCATCCAAGTTTTTCAAACGTTCACGTTGTTCAAGTTGACCTTGAGCCATGATTTTGCTGATGATGCTTGTTTGCACATTCGCGCCTTGACCATTGATCAAGA
NZ_CP106855.1_gap62	2344887	2347449	2562	CTTGTTTAAAACGTTCCATGGCTCTGCCCCTTAAAATCCGCCTCACCAGGGCACGGCCTGTGAAGTATAAGCGGTGGATAGGGAGAACTATGTTATTTAGACGACCCCCCAAAGGGGCTTCTATATTTCATTTGATTGTTTTTTGGGCAGTGCTAGCTGTCCCAGGTTTCGCTGTGGCCCAAGTGCGCACGGAAATGAAGCTATTCTCCGACTCCTTTATCAGCCCAGAATTTGAAGCTACGCAGAAAAATAACTACCAGTTTGTGGGTGCCGGCATTAAGACCGAGCCCTTTTCAGACGCAGCACTTCGTATGGATATTTCCGGCGGTGTGGCGGTGGGTTCGCCTCTTTTGAATTATCTAAATATCGCTGAATTTTATGTGCAAACCAAACAAAGTGACACAGAGACGTTCTTTATAGGACGTAAAAAAATGCTGTGGAGTGAGCTCGACGCGCGTTGGGAATTGGGCGTGTGGGAGCCTCTTTTTAAATGGAACCCACTGGCTCCAGAACGCCAAGGTCTGTCGGGTATTTTCTGGCAAACAGAAGGCAAACAATACTCATTCACTTTGTTTGCTTCGCCTATTTATATTCCAAGCCAAGGCCCGAGCTTTGAAATCGAAGACGGGGACTTTGTAAAAGGAAATCCGTGGTTTCACCAACCGCCACAAAGTGTGCGCATCTGGGATGAAGCCACTCAAATGCAGTACAACATGAATCAACCAAACACGACCGAAATTGTCGTGCAAAACTCCTATGGTGCAAAGATAGCCGTCGGGGACCCGAATGGCTTAAAGGCACAGTTAAGCTATATTTATAAACCCGATAATACGTTGGCGATTGGTTATCAAGGCAGTCTTGATCTGAGCACTTTAAAAGGGAACGTCGAATTGCGTCCCCAAGTTTTCTATCACTCGCTCACTGGCGGGGATTTAACTTATAAAACCGGCCGTTTGCGTATGGGGATTAGCACGATTTTGGATCGCCCCACAAAAGAAAATGTTTTTAATGATCCAGATTGGACTCAACCTGTTTTCGAAGATGCTTTGCTAGTAAGTCCCTTTGTCGAGTGGGACAATGGAAACTGGGCCCTCAATATCATGCGCTTGGATATCTATGGCGGTAAAGTGACAGAGACAGGGGCGGACTTGGCCAATGAGCCATTGACGAATCTGTATCCATTCTATGAAGCCAACCAGATTTCGGTATTGAACAACTTGAGCTTAGGCAAAGCCCGCCGCTTGCTTTCCAAAGTAAGCTACATGATGTCTGATAAAAATGATTTTCAACTATTCCGAGTCCATACTCGTCTGCGCTTGTCAGGCTTGTGGTCCTTCTTTGGCGAGATGCAAATGCTCAAAGCCGGTCCCACTTCAAAAGAAAATCAAAATGAACTGGCGCAGTTTGCAAACAACGACCGTTTGATGTTAGGAGCAGCTTATGTCTTTTAAGAATAAGCTCTCTTTATTAATGGCCTCGTTGATCATGACGACATCCGTGGTGGGTTGCAGCGATTTTATCAATGGCCGTGAGACCAAAGAAGAAGAACTGCATTTCGCTAATGATAAGCTGGTCTGTTTAAGAGATGTGCCTGCTTCTTTGAAACGCTTAACAACAGGCGATGCGGAATCTAAAGAAATCATTATCTCGGTGGATTGTCTGCGCGAAGCCCTGGTGTACTTCCAAAAGAAAACTTACGGGGCGCAAAGCAATGCCTACACAGTGGAAGAAATGCGTCGTTTCTTCAGTAAGTATTTTTTAAAAGAAAACGTTGTGACTCCGGAGTTCGCTCTGGAATTGATGAAAATTAAAAAGGCCCTTCTGGGTGGTTCGAATAATAATCTGACTAAGGATGAAATCACTCGTTTGGTCGAAGTGCTGGCGATTTTACGTGATGAGGCGGTGGATTTAGCGCCGCATATCAAGCTATTGCTTTTAAAAACGGAAGTGGACGAGGCGAACTGGCAGCAGGTTTCGGCAGCGACAGAGCAACTGCGCATCGGTGCTCAACGTTTACTGGAAAAAACCGAGCTCAGCCGTTCTGATTATTCCTTTGAAGACGGCAAACGTGCGATCAAAGGTTTCAAAGAATTCGTGAAAGAAAAAGACACAGAGGCCCGTGTATCGCAGTGGCTGCCTGTGGTGGAAGTGGTTAAGAATGTGCTGATGGGCCGGGAAGCTCAGCTTGCAACCTTCAGTCAGTGGAAGGGCAGTCTGAACAGCTTGGTGGATTTATACGGCTTATTCCTAAAGTACCACTACGTGATTCATAATTTCGATACCAGCAATCAAACCAAAGTGCGCGAAGTCAGTCAGTTTATTGGTCAAGCGATTGACTTGATCGAAGGATGTCCTCAAATCACCACCCGTGGCATGATTCCATTGGAAGATATTGATAATTTAATTGAGACGATTTTGAATCTGCCCCAGGTAAAAAAAGTTGTTCAGATTCGCCCTGTTTCCGTCGAGACTTTGTATCGCGCTGCCATTTTGAGATTGTTAGAACCGGGTCGTAACGGAGATTCTCGAGGTATATTAGGGCTTGAGAAAAAGCACATCGTC
NZ_CP106855.1_gap63	2357005	2357936	931	CTAACGAGCCGATATTTCAGTGGATGTCGCAGTTTGCTTACCAGCCATACACGGTTTACTTCGCGTTGATCGGTATGATGTTGTTGTCAGCAGTTGGCTTGCCGTTGCCGGAAGAAGTGACTCTTATTAGCGTTGGGATTCTGGCGTTCATGGGTGCTCACCCAGATCATTTTCCTCCGCCGTATCCGGGTGCTCCCGTGGTCAACGTTCATACCGCTGCCATTATTGCATTCTTTGCCGTCTTCTTAAGTGATTTCCTCATTTATGGTGTGGGCAGGGTGTTTGGTCGGAAGCTTTTGTATCACCCTCGCGTTCATAAGATGTTCCCGCCGCACTTGATGAAGCGTGTGGAAGAGTGGACTCATAAATACGGTGCCTATGCATGCGGTATCTTCCGTTTCACTCCAGGTATTCGTTTCCCAGGCCACTTGGCGTGCGGGATGCTGCACTTCCCAGTTTGGAAATTCTTGCTGATCGACGGTTTAGCGGCAGCGATCAGCGTTCCGACCCAGATTTACCTTTTGGCTCATTACGGGGAGCCGATCCTGATGAAGCTTCGCCAGTTTAAACTGGTGGTTTTCGGAGTGATTGGGTTGTTGTTAATTTACTTCCTCTTCAAAAAGATCCGCGAAAAAATGCTGCAAAAGAAAAACGCAGCTACATAAAAAGCAAAAAGCCTGGCTCATCACCAGGCTTTTTTTATTGGATCTTTTTTAGCGATTTTCGCAAGCGGCCTATGCCGCTTTTACCCCGTGAACCAACTCTTCAGAAACTTCGCACGACAAGTGCAAAGCGACTGGTTTGTTGTGGCTCTTAGGCTCGATGTCTTTCCAAAAGATTTTTTCATAACCGTTTTGAAGGGCGAAAATTTCTTCGCGGATTTTAAATAACAAACCAGCAGGGGACCCTAACAACCAATCGATTTGAACCA
NZ_CP106855.1_gap64	2469316	2473783	4467	AATTGGGTATGGTTTGCCAATCTAAGGAACATAAGCTGGAAGCTGGATAGGTTTAATGCTTTTAAGGCGGTTCAGATAAATCTCCGCATTAAAGCGCCCTAGGCCGGTGTCTTGTTTGATCGCCGTCTGTAAGGCTTTTTTGAAGTTGGCATCTAAAAGGTTCAAATCTCGAAGGGCAGCACTTTCTGAATAGTTATGAATGACGGCTTCGCCAGCCTGAATGCGAATTTTATCCTGAAGTTTTGCTGGTGAGGTGCGGATCAGGGCCATGTTCTCATAGTAATCAGCATTGATGGAATAGCCTTCATTGCGGTAAGCGCAAGCTAGCATTTTGCTGTACTCAACTTTTTCAGAATTCAACAGAAAGTTTTTACGAAGAGTTTCTGTGTCCTCTTTGTTAAGAACTTGCGTGGGATTATTGCAAACACTTTTAATTGCGTCACTCATCGCTAATGGCGGAAACGTGAAATTTCGTTTTGACTCTAGTTCTTTGGCGACGCAAGAGGCCTCGCTGTCACAGAGCTCCCGCACTTTCATCGCAACACGCACTGCTTTATAGCTATTTAAAAGACCTGCGTGATTAATATTTGAATACAGCCTGTGTAGTGACGGATGAGCCGTTCTTTTTAGAAGTAAATCCGCCTGCGCGCGATTTAGCGAAGGCAGCAGCGCCTTAAGATTTGCAATAGTTCCAGAAATAAGGGGCGCGGCCCCACTGGTCGCCCCAAATAAATCAGCTTCACCACTGGCGTTGATTGAAGCCAAATAATCATCAGAGGGAGCTAAGATATCGAGCTCTTTTGATTCTTGCGAATAGATCGTTTGCAGCCCACGGGGAGAATAAGATCCTGCAATAATCACATGTGGTGTTTGCTCATAGCTTTCGACGGGCTCGGGATGGTTATTACCTCCCGCTAAAACCCAGATCAAACCTTGATGATCTAGTTTTTCGGCAAGGGCTGTGACCTTTTCCCCTGGCCACCCCATGGAATTCGAGATGATCATGGGAGGATTTTGTAATTTTGAGATTTCTTCGATAGCTTGGAAATAAAACGCACCGGGATTCACTCGACGAAGTTGGACGTAATCAACGAGTTCTGAAACGGAGATCATTCCACGCCCGTTGATGAGATTAGCAACTTTAGTCCCGTGGTTAGCGCGCATCTTTCTGCCACGGTCTTCTTCGCGGTCGACAGGAATATCCCGTAAAAGATGGATGTACTGTTTTTCAAAGCCCCCATCGTATATGGCAAAGGGGACTGGTTTTAAGTCACTGATCCGGCGAAGTTCTTCTTTCACAAGGTCCGCACCGATATATTCCTGTGCCCAATAAGGTGTAAGCCTTCCGCCTTCGACGTCTAAGGGCTGGCGGTCCTCAAGCTCCACAAAACTGTGGGCCACAGAAGAGAGTAGCAAAATTAAAGGCGCAACAAGGCGACGAAGGTTCAATGCCATCGTTTGTGCATCTTGCGAGAGTCATTCCATAACGGGGGCCGATCAGCAGCGATATAGCGGCTTTAAAAGAGTCAGAGGGACCCTGATGCTCAAGAACGCCGTCTGTGTCTAGGGACTCGACAAACTGGGGGCTACTCTAGAAATGCCGTTTCTGGAGAAAGAACCTCGTCCCCCTCGCTAGTTGATGCTTTTAAAAATTCATCGCTGTCGCGATTGATGCCAAGGCTGACAGTAGCCACGCGATAAATTTTGCCATTTTGATCTTTCAGTATTAAAAAATCGACGGGGCCTGAGCCTGAATCCATGGTTGTGATTCCGTGCTTAGTCACGGAAACGTATTTGATGATTTGAAACTCTAGATTTGATTTTTCATCGATCAAAGACTTTTGACCTTTTTCAGTGCCTGCGTATTGGACTTCGACGATATGATTCGTGTATTGACTCATGATTGGCAGGCAAGCGTACTCCGCAGGCTTCCCGCTGATCACAGCTGCTTGGCGAATCAAGGAAATTTGAGCACTCACAAAACGGGGAGAAACAGTTCTTTCCTCCTCCGTGTAAATACAGTTTCGGGTTAAAGAGCCATAATAACTATAACGAGCACCTATTGCGACGATAATAAGCCCGATAACACCCATGATGAGTTTTTTTAGATTTCCGTTCATATATAAATCGTAAGATGTTGTTTCCGGCAATTCAATGTCGATTAGTTAGACGGTTTGTCTAGAGAATGTGAAATAAATAATCGCCAACTTTTAGACGTTCCTGAATTTTGCGTACCGACCTGAGAAGGGTGTTAGGTATCATCTCTGTTCCCTTGTATACTGGCCAGCATGGAAAGACTTAAGGCATTCGGTTTTTTGATTTTGGTGATGGCGGTACTAGGTGGCGGATATGCTCTGGTGAGTGGCTCTGCAGAATATCGTGCACAGCAAGATGCCAAAACGATCACAATTCACGTCAGCTCCACATCCGCGATCGCAGCTGGGGAATAGTCCCCCTTTTTTTGACAAGATTTTTTTAAACTGCTAGAGTGGACGTCTGTGAAACTCTCAGGCTTTTTATTTCTTTTAGCATTTTTGTTTTTTGCGAGCTTCCCGCAAGTGGAGATCGTGGGCGGCTCTGATGCGAAAATCGTTTCTGTTCAACGATTGGTTCCTAGTCCTTCATTGGCCTTCGAAGTTTCTAACCCTCTTCGTTTCTTTAAAAACACGGATCGTCTTCCTACAGAATTTTCAACCGTCAATGAGTTTACGTTGGAAAAACCTGAACTCCACTACGGTCACAGGGATCCTGTTTATTACCGTTATCACAGTCTTGTCGAATTCAATTGGTCGCAATCTCGCGCGCCGCCAGCATTCAACGCCTAACTTCTTCAGTTAATTTAAATTATTAAATTTTCACTCGAAAGAGTGTGATGCTGCTTGCCTTTGCTCGAACGCAAAGGAGATTGGAATGAGTTATATGGAAAAAACTCCTGAAAATGCGCCACCGGCTGTCAGACAAAATTCTCGCGGAATTATTATCCTAGGCGTGCTTGTCGTTCTCTTAATTATTTTCAAATTATTTGTGTACCCGCACTTCGAATAGCGGTCGCACTGAAAAGGCCCCGGTTGTCTCCCGGGGCTTTTTTTCTAGGCGAATTGTGCTTGATCAGTGGCGACGGTTTCGCCATTTACTTGCACGGTGTAAAAGATAGGAACTGCTTTTGATAACATGGCTGCCGTCCCGCTATATTGATGAGTCGAACGTTTCACAGCTTCAACAACCTGAGTTGCGTCTATCTCAGAACCTTTGACAGAATAAGTTAAGTCAATGCGGTTGAAGATCTTTGGGTGTTTGTCGGTTAAGCCTGCACGCGCTTCCAATTCCAAACTTTCATAAGTCACTTTGAATTTGGCCATCAGGTCGATGATGTCGGTTCCTGTGCAACCACAAAGTGCAGCGAGTATGAGTTCCTTGGGACTGGGGCCTTGTGCTTTTACTTCAGGGGCAGCAACATCAATATCTCCCTGCATGCCGCGAACTTCAAACTTGAAATGATGACCATCTATTCTGTGGACCTTTGCTCGCATAACGAACCTCTTTTGAAAGGTATTAAAACTTTTCTTAGCCTGTGGGTCAACACGGGAAAAAATCTTGCGCAGATCTGCTGCTAGGAACAACCTAGAGTATCACCTTTGAAAGGATCTGTTAGATGACTTACGATCTTCCTGCATTCCCCGGTATTCCTCAAATTAACGGCCGAATCCTGATTAACGGCGAAATTCGTGAACAAGGATATGAAAGACAACCCGTGTTTTCAACTTGCACAGATGACGGGAAACCCCAACAGATAGGGACTACACCTCATGTCAGTGCGGATGTCTTGCGTGAAGCAGTCGAGGGCGCCTCCCAAGCCTGGGCAAAGGGGCTTGGCGATTGGTCCACGTCTCGTATGGAGGATCGAATTAACGCCGTCATCGCATTTAGAAACGGAATGCTTGAACAACGCGAACTCATCTGCCGCTTGCTAATGTGGGAGATTGGTAAAAACTGGGCAGACTCCCAAGGGGAGTTTGATCGGACCATTCAGTACATCGATGATACGGTGAATGAAGTAAAAAACATGGACCGCGAAGCAAGTCGCTTTCAATTTTCTGGGGGAGTCATGGCGCAAATTCGCAGAGCGCCCCTGGGAGTGACTTTGTGCATGGGTCCTTTTAACTATCCTTTGAATGAAACATTCACGACTCTGATTCCTGCTTTGATTATGGGGAATACAGTAGTGGTGAAGCTTGCCCGCTATGGACAGCTCTTGTGGGAGCCTCTGCTTGAACCTTTTCAGAAAGCTTTTCCTAAAGGCGTCGTCAACATCATCAACGGATTGGGTCGCGAAATTGTAAATCCAGTGGTTAAAGATGGTAAAATTGATGTCTTGGCCTTTATCGGAACCAGCCGAGTGGCAAATCAAATTAAGGTTTCCCATCCTCAGCCTTTCCGTTTCCGCAGTATCTTAAGTTTGGAAGCAAA
NZ_CP106855.1_gap65	2488445	2491760	3315	TTTTCTGACGAGGCTGAGGCGGAAATTAAAAAGCGCGATCCCTCGAACGAGAAAAACCTTCGCAGTCTGATTATCAGTATTCTTGAATTGGACCCTCGTCCGGCTTTTCAAAAGCGCCAAGACCCGATCACTGATGAAAAAAGCTGGGGCCAGAAATACGGCTTCGATATTTTAGGCTGTGACGTAAAGTACGAAATAAGAGACGGTCACTTTTACGTTTACGCGATTATGGACTTGAATTAGGGCTACTGCCGCGGGCTAAAATAGTCGTATCAAAATCTAAGGAGCCTCCATTGAATCTTAAAGGCGCTATCAATTTCCGCGATCTGGGCGGTCAATTGTCTGTTCAAGGTCATAAGCTTAAATCTGGTCAATTCTATCGTTCAGGGGCTTTATCAAAGCTCACAGCAGATGATGTGTTATTGTTGCAAACGACAATCGGGCATGTGATTGATTTCCGTGATCCATCAGAAGCCGCTCATGATAAAGATGTTTTGTGGGAAGGCGTTTCATACGAAAACTGTCCCGCAAATCCCGTCGCCTACAGAATGAGTGCGAACTTGGGCTCGTTCTTTACCAAAGAGCATTTAGAAAATATTCCTCCGCACTACATGGAAAAGCTGTATCGGCAGTTGCCCTTTGATAATTCTGCTTATCGTCGCATGTTTGCGGTGATGGATGAGATGTCGGGTAAAGGCATGCTTCAGCACTGTGCAGTTGGTAAAGATCGCACCGGTGTAGGATCTGCTTTAATGCTTTTGGGACTGGGAATCGATGAATCCCAAGTGATGAAAGATTACTTGCTGACTCAGACGGGACTTGAGCCTTTCCGCAATGGCCTGATGATTCAATTTAAGAGTATTTTGTCAGATAAAGCGATGGAGGGATTCCAATACATGATGGGAGCCCATGAAAGTTTCTTAAGCGCTGCCATCGAAGAAATGAAGAGTAAAGCGGGCAGTATCCAGAAATTTTTACTCACTGAGTATGGCATCACTGAGGAGCGCCAGGCGAAGTGGCAGCAAAAATTCTTTGAGTCGTAAAGACCTTTGAACCTTTAAGGGCGTTATGGGATAAAGAGGACCTATCTAAACGAGGTTTTCCCATGGCGTCTTTGAATGATTTTGTCGAAACGGCTTTTGATCTTAGCTATCTCAATTTCCCTAAATATCCAGCGACTGAAATCAAATCTATCGGTATCTTGGGTGGTGGTACGGCCGGTTACCTTGCGGCCTTGGCTCTTAAAAAATTGCATCCTAAAATTCAAACTTCGGTTATTGAATCCAGTAAAATTCCAGTCATCGGTGTGGGGGAAAGCACAACAACAGAGATCGTGCCCTTTTTGCACAGAACTTTGGGAATTGATCCGCAAGAATTCTTTCAAGCTGTGGAGCCGACCCTCAAGCTCGGTATTCGTTTTGATTGGGGTTGCCCCGGAGATTATCACTTTAATTTCAACTTTTTTGCGGGCCATCAGCAAGAGAGTTACTATTATGAAGATCATATCAACAATGCCAACTGGGCATCGGTGCTGATGGATCATCATAAAATCCCGGTGATTCGCGAGAAAAACGGAGAGATGATCTCTTTGCTTCAAAGCATTCCGTTTTCTTATCACATCGATAACAAGAATTTGATTGGGTTCTTAAATAAGATTGTAAAACAGCGTCAGATTCCCATTATCGATGCTGTGGTTGAAAAAGTTCACCTGGATGACAATGACTTTGTAACATCTGTGGAAACAGATGACGGCAAAAGACACTCGTTCGACTTGTATATTGACTGCTCAGGTTTCCGTTCCCGAATTTTAGGTCAAGCCTTGAAAACAGAATTCATTTCATTCAAGTCCTCGCTTCGTAACAACCGGGCTTTGACGTTCGACCTTCCAAACAACAATGACATCCGACCTTATACACAATGTACGACGATGCCGAACGGTTGGTGCTGGACGATTCCAATGCGCGCAGAAAACCATTACGGCTATGTGCACTCGACAGATTACTGTGACGAAGCTCAAGCGGTGAAAGAAGCCCGTGAAAGATTCGGTCACTTTGAAAAATACAAAATGGTGGAGTTCCGGACCGGTCGCCACAAGCAAGCTTGGAATAAAAATGTCTTTGGTCTTGGCAATGCTTACGGCTTTGTTGAACCTTTGGAATCAACGGCAATCCAAACCGCCGTTCATAGCATTATGACGTTGTGTAAATTAATGCCAAATAATCACCAGGACTCTTCAAGTATTGCAGCTATCAATCAAGAGATCGCAGCAACGTGGGACACGTTCCGTTGGTTCCTAAGTATTCACTATAAATACAATAAGCAACTGGATACACAGTACTGGAAAGATTGCCGCGCGAACACTGAGATCGGGGACGCGAAAATGGTCGTAGACCTTTTCAACCAACGTGCACCACTCAGTGCCAGCAATCTAGGTACGAACTCTCCGTACACGGCGTGTGAAGCCTTGGTATTCAATAGCTATAGCTATGACACTCTTTTGTACGGTCAAAAAGTTTTAGAGAAGCCACCGATTCGCCCTAAGATGTCTAAGGAAGAGTATGTGCAGCGCACACTTTCTTACCAAGAACTGACTAAGAAATCCCTGACTCTGCATGAACTTTTCGCAGAGGACTATTTGATCGAGGGTGGGTTGCTTGAGCAATTGTTCGAAGACCAAGACACTTGGATCGTGGAAACAGAAGCCTAAGAGCTTTAAAAGCCGCGTGGGAAGCGCGGCTTTTGAATTTGGATTTCACCTGTATTGGCGTTAATAACAAATGTTAATTCTTTCGAAGCTTTTGCATCCGTTCCAATGAAAAAAACAAAAAAGGAACGACTTTTTGTACGAATCACGATAGGTGATGAGCATTAAAACCAAAGGACGAATCATGAAATCTGCAATTATCGCTTTCACAATGTTGTTCGCATCGATCTCTTTCGCCGACGAGCGTGTATTTGACTGCCAAGCAACTCAGTTGAATAAATCCGCTGATGTTCCTGCCGAGATCAACATCCAAAAAAATCCAACGGTTTTGTTCCGTCATGGTTTGCAACAATGGTCTTTGAATGTGGGCGACTATAAAATCGATACTGCTGATTTGAATGGTCCGGCATTGCATTTGGATATCGATTCAACTCAAACTTCCGTTGAATACATCTTCTCTGTAGAGGCTTCGACTGAATTCGAATTGTCGATCTCGGTCGTTGATCACACAGCAAAACTTTACTACTGGGGATTAGGAGAGAAAACTCACGTAGGTAACTTCAAATGCGAAGTTGTTGAACAAGCCCGCTAAATCGTACGGACACACTTTG
NZ_CP106855.1_gap66	2529135	2533935	4800	TAACGTCGCCCCTTGAGTGAGACCCTTACAGACAGAATCAGCGCAGAGAGGGTTGTGTTCGGTGATGACTTTTCCGTTTTTTGCTAAAAACGTTTTATCATACTGTGAATTGACGATTTCCATCGCCACAGACCAATTAAAAACATTTCTGATGTCTTGTGCGCAGGATGCTGCTGAGTAAGGCTTTTGCAGCAAGTAGTCGCAGTTGAATTCATTTAAAGTCATGGGTGCAATCATTTTATTAAGTAAATTCATTCGAGCCCTCGAGATTGAAATTTATCAAAAAAATATTTTTCAAAGGATTACGAATAGGTAGTGAATGATAATTAATTTAAGAATTTGAGTTTAAGGGATGAAAATAAAAGAGTGACGTAATGTTATTAAATCAAAAGAGGTTGAAATGAAATACGTGTTGTTTTGCGCACTGGTATCGATAGCGATGTCTGTGTCTGCGAATGAAGGGCACTCAGAAAAATCGGCTCGTTCAGGGTCTTCACCGGAGATGTACGAAAATCAGGCTCAAAAATCGCAAGGGAATCGTAAAAAAGGAAAAAAACAGAACCGTCCGGATCTGGAGCGTGGGGTGAATACGGGAACTCCGGAACAGGGAAGTGGAATGCCGAACAATATGGATAAAAATCTAAAGCCCGAAAACGAATAGCACGGATCGAATGATTGTTTTGGCGTGTCTTCAAATCGGATATTTTCTGATAACAGGTGTTTGGCCTTTAATTCATCGCAGGTCCTTTGAAGCAACCACGGGTCCGAAAGTGGACTGGTGGTTGGTGCAGATGGTGGGGCTTTTGACCGTTGTCATCGCGATCGTTCTTGTTTACGGCCTTCGTCAGGAAGATTACTTTCTGGTGCGTTTGATAGGAATGGCCAGTGCAGATGCTTTTATTATTATTGATCTAAGTTATGCTCTCAAAGGTCGAATTTCTAAAATCTACATTGCCGACGCGTTCATTCAGTTCCTATTCTGCCTGGGATATTTAATTCTTTAATGGTTCAGTAGTGACGAGAACTGCGTGCCGACGTTACCCGCTTGATTTTTCCAAGTAACGTCTTGCAATTTTATCGCATGAACTGGAAGTGGGGGCATTTCACTCAGTGCCAACCTTGGATCGGAAAGATCCATTTTGAACATAAGTCTGCGAGTAAAAAAATCAAGGGCCACTTTCATCAGCTCCACAGTGATAGCTTCGCCGGGACAGCGGTGACCTGTGCGATAATTACCACCACCTTGAGGGATAAAGTTTTCGATCTCCTGCCAAGGTATTTCGCGGAAACGTTCTGGATTAAAGGTCATGGATTGGTACCAGAAATCTTTATCGTGGTTGATGCCATAGACATCTAACATGACTCTTTGTCCTTGTGGAATAAAGTAACCATTGAAATACAAATCGCGTCTGCTGACCGCAGATACCGCAGGGAAGAATGGATAAAAACGGCGGACCTCTTGAACGAACAGATCTAGATATGAGGCTTCAGTTTGTAGCTTTTGGGCTTGTTCTGGATAAAAGGTGATTGCATGTAAACTAAAAATCATAAAAACGGAAATAGCCGTGATAGGACGAATCAAATTTAAAACCTCATCCGCCGCGTGAGGCACAGGCAAAAAGTTTCCTTGCGAGTCCTTGTACAGCGCGATTTTCTGCAAGGGCGTCGCCGCGGCTCCTAAATTTTGGCGACGTATATCGCGAACCATCTGACCAATCCATTTTCGTGATCTCCAACGTGCGAGACGAGATTTCATATGTTTGGCGATCGGCGAAGCTGCGTATTGAAACAGTGCACGCATATCAGCAGTTCTTTTTGGTTTTTCTTGTGCAGTTAAGGGAACACCGACCCACTCGCATCCAGAGATGACCAAAAGATCGAGAAGCTCTTGATAGACATCGATCTCCTTTTCATGTGACCAACTTGGAATTCGCGATGTCCAAGCGTCGTCGAAAAGATGCGAAAGATGTTGAACTTGTTCGGGTGTCATAAATGACATAAACAGTTCTTTGCGTTTCTTATGTTCTTCGCCGTCGGTCCCTTGAACGCCTCCTTTTCCCAGAAGTGTGGCGCGAACGGGTTCGGGCATAGCACCTTTGCGAATAAAGTTCTGAGGATCATAAAAGAATCTCACGGCTCCGGGCCCTGAGATGACCGTTGTTTTTTTCAGCATGAGACGTACGTCAACCGCTGGACTGTTATTTCTTCTGCAAACGGTTGAAATAAATTCGTAAGGGCGTGACATAAAATCCCATGTGCTATCAAAACGTTGTTCTCGAGGCGGGCGATTCTGCATGTCGTACTCCTTTTAAGAAGGAATAATGCCAAATGCTCCGTCATTTTTGAGAAAATAATGGATGCGCATGCTGAAACACACCAGCTTACGTGATCATGTTTTTTAAAAGCGTTTTAAAACTAGGTCTATAAAATCAATTTTGTTTCAGACACATTGGAGGCAACTTAAACCCGGAGGTTTTATGAAAAAAACGATTCTTGTTTCAATCGTGATCGCTTTAACCAATGTAAGTTTTGCCGCTGATAGTTCTCAGTACAGAACTGATCAACAAAGAAATACGACTGGTACCAGTTCAACTTCTCAAAAGTGGTAGCGGCAGTTCTTCCGATTCTGGTAGTGGTACAACTCGATAATCCATTTGAATATGTCTTAAAATTCATCCGTCACCTTAGATATTTTATGGCACTAAGGTGACGTCTTTTTTTCTAATCCAACGGCGTGAAGTCGCTCTGTAAATTATCAAATCCTAAAAATATAGACTTTAAAGAAACCATCTATGGCGTGATGGTAGCGGTAACTGATCAGGTGCAGACTGTCTGTTCAGAAGGAGGTTAAAATGTTTATGCATAATAAACGACTTATGTATACAGTAAGGGTTTCGGAACCAAATCCTGTGCTAGCGGGCATGATGTTAGAACAGTTCGGTGGTCCTCAAGGTGAGTTGGCGGCAGCTATGCGCTATTTCACTCAAGGACTTGCAGATGTCGATCCAAAGCGCAAAGACATGCTGATGGATATCGCGACCGAAGAACTGTCGCATCTTGAAGTGATTGGCAGCATTGTGTGTATGTTAAACGCCGGTGTGAAAGCAAAAGTCGCCGAAGGTCTTGAAGAGGGAATGCTTTTAAGAGAGTTAAACCAAGGTGGGGAAAGCCAAACGACGAGCTTGCTTTACGGCGGAGGAGCGGCGCTTGTGAACTCCGCGGGCGTACCTTGGACCGCAGCCTATATCGATACTATCACGGAGCCTACAGCCGATTTACGCTCGAACATCGCAGCAGAAGCCCGCGCTAAAATCGTCTATGAACGGTTGATAAATGTAACCGACGATCCTGGTATTAAAGATGCGTTGAAGTTTTTGATGACCCGTGAAGTGGCCCATCAAAAAGCCTTTGAAAAAGCCCTTTATGCAATCAAGGAAAATTTCCCTCCAGGAAAATTACCAGGAGAACCAGAGTTCTCGAACAAGTACTATGACTTGTCTCAAGGTGCGGGGAATGCTCGTGGACCTTGGAACGAAGGTGAACAATGGGAATTTGTGGAAGAGTATCAAGAAATGCAAGCGGTTGATGGCGGCGATGGTATGGCCAGTGTTGTCTTAGAACCTGAAGAGGAAGCCTTGGCAATGAATGTACAGAAACGTACAGAATCAAGTCTCAAAGATCCAACGACAGGTGCGGACCTAGGAGCTAAACGCGATGGTTCCGCTGGTAAAACAAAGTCTATACACTAGATGAAGGCGTACGCAGATGAGAGGGGAATACCCCTCCATTTGCATATTAGACCCTAGTTTCTATTTTTCTAAAATGGCGCATTTTCACATAAGGTTTTTAACTTTCCTTTTGTATTGGGGGCTAAATGTGCCGGAACCAGATGACTTGCGTTATCATAGGCCTCGCGAATGCCGACTCCGATTTGCAATTGTTCAAAAATATTGTGAGCAAATTGTCCCAGTTGCAGAGCATGGGATTCATTAAGTTGCTTACGCATCACAGGAATCAAAAAGGCCTGCTGATTTGATTGGTACAAATTTAGATGAGCGCAAATTCTAAGGAGTGTGTCGCTGGCGTCTTGACCTTCTTGATGTTGCAGGAGTTTTATACTGTTCAGAATATCGCGCTGGTGACTTAACGATGTTTCGGTGATTTCACTGTAGCTCATCGTGTTTAATAAAGGCAGATAAAAGGAAAGCTGTTCCACTTGAAATAGATCTTCCAAGTGGCGGTATAAGTCCTTGGTGAAGATCTTACGGCTGCTTTGGTCAGAGCTGACAAGCCTATTAATTAACTCTGCCTTTTGCGTCGTTTGCATATGTTGAGTTGAAATAAAATCAAAAATATTCATGTGCATCTCCGATTAATTGTGGGGGCTTTGAACATTCACAGTTTTTGGTTTTCTGTGGGGCGGGCGCATAATCATCTGGCCCTTGTGAGGTCGGGAGCGTTTGTTGGTTTGGTCAAGGCTGACAGCTTTTCTGGATTGTGCGGATTTAAAGATCGCATTCAATATTTTTACGTCTGCAAGACCTTCTAAGGCAGAGGGTTCTGGGTTTTTGTTATTTAGAATGCATTCGCTGAAATAGACGATTTCAGGTGCAAACTGATCTCTTTTTTTATATTCGCGCACTTGATCTTTGTCTTTTTTGGTGACGGTCAAAGTCATGTCTTCCGTGTATTCATAGGCATTTTCTAAGCAGAGGGCTCCTTTTGTTCCGAAAACATCAAAATTTGCCGAAGCCTCTGTACCAAAACTCACCACAAAGTTTGCAAGTTTTGCATTGGGAT
NZ_CP106855.1_gap67	2675519	2676901	1382	CCGCGCGAACGGATTTCAAAGCTTGAGTTTCAAGCTGACGGCGAAGCTTCATTCCGCCAAAGACGTCATTGCCGAATAATTTATTGTGATCGATAGAAACAACAATCGCCGCATTCGCAAACGGCGAGTTGCGATTGTAGTTACTCATCCCGTTACAAACGATACCGTCCTCTTCAGTTCCTGCAGATAACACATATCCACCTGGGCACATACAGAATGAATAAACACCGATACCGGTTTTATCATCATGATCAGCCAGTTTATAGTTTGCAGCTCCTAATTTTGGATGTTCTGAAAACTGACGATATTGGATTTTATTAATATCAGCCTGGGAGTGTTCAATTCGCAGACCCATCGCAAAGGACTTACCATCCAGATGAACGCCAATGTCGTTCAAGTGATTGATCATGTCTTCCGCTGAATGGCCCGTCGCTAAGATCACATGGGGAGATCTAAATTCAGTGCCATGTTCAGTGCGCACTCCGACAGTTTGTTTTCCTTCCATCAAAATCTCAGTCACTTGAGTATTGAAATGGATTTCGCAGCCATTGGCTTTTAAGAATTCACGAAGCTTAGGAATCACACGACGGATACGATCTGAACCGACGTGTGGATTTGACAACCATTGAATTTCCGCGGGGGCACCGAATCGGACCAAGCGATTCATCACGTAAGGAATATGCGGAGATTTAATACGAGTGATAAGTTTTCCGTCTGAATATAAACCCGCGCCACCTTCGCCGTAACAGACGTTATTGCGAGTGTCGAGCTTACCATGACGCCAGTACTGATTGATGCCCTTCATGCGAGCGCCGGAATCAGAACCACGTTCAAATAATACGCAAGGAACTCCACGCTCCACAAATCGCAAAGCTGCAAACAATCCCGCGGGACCTGTGCCGACGATTAAAGGCTTTTCTTTGGGAGTCGCGATTTTTTCTAAATTGAATTCGGGAATATTCAGAGTTTCGCCTTTTTCAGCGACCTCGATCGAATATACAAAGTGGGGAGAGTGAGCGCGTCTGGCATCAACGCTTTGTCGGAGAATGCGGTACGGTCCGTGCTCGGGAACCATCCATTGAAGTTTTTCTTCAAGGTCCTGATCAATAGGAATCTCGATATTATTAAATATCTTTGCCATCTTTTACCTCGCGGGCACCTGTTAAGCGCCAAACTTGGCGGTTTTAAAAATCTTAAAACGCGCCTAGGTGAACATTTTGTTTCAAAGCTTATACCAGAGGTCCCGAGTCGTGACAAAGGGGCTATCTTCGGTTAGATAATTTATATATGTCAGCAATCACTCGTATTTTACCTAAAAGAAGCCTTAGCCGATTCGTCGGCAAACTTATGCATTTTAAAGGGCCTAAAATGTGGGCACGTAT
NZ_CP106855.1_gap68	2773363	2776950	3587	CGTGTTCCGTAAAACATCTGCCGAAGTTCTTGAGGTTTTCCTCTGAACTCCATAAAGGCTGATGATAAAGATGCGCGCTGGAAAAGCCGCTTTTTAAAGTTAAAATCATGCGTTCGTAATTCCCCCGTCAATTGCTAAGGTAGCTCCTGTTGTCCAGCTGGACTCGGGGCTGCCAAGGAAGTAAATTGCTTTCGCAATTTCTTCTGCCGTCCCAATGCGACCCAGCGGCTGCATAGGATTCATCGTAGCGATCGCTTCTTGGCGTTTTGATTCTTCTAAAGCATGGAAAGAGTGGATAGGAGTATCCACAATACCTGGTGCTACACAGTTCACACGAATATTAAAAGCACCGCCTTCAAGGGAATTGCTTTGAGTCATGTTAATCATCGCAGCCTTCATCGCGGAATAAGCGGATGTTGCCGCTGTGGGTTTCAGTCCCAACGATGACGAAACGTTGATGATCGAACCGCCGCCATGTTGTTTAAAGTACGGGAAAAAGGCGCGAGTCAAGCGAACGGCACTCATTAAGTTAACTTCAAATTCTTTTTGCCACAGTTCATCCGAGCCTTCTTCGGTGGAGTGTACATCAAAGATTCCAGCGTTGTTGACCAAGACTTCAACTTTATGAATTGTTGTGGACGTGATTTCGCCGATGCGTTTGTTAAGGGCAGGGACGTCGGTTAGATCGCAACTCATCAATGAAGCGCCTGCGCGACATTGGACGGCGACCTCTGCCAAGCGATCCTTATTGCGGCCCATAAGGTAAACGAAGTAGCCGTTTCTGCCAAACTGAATAGCTGTCGCAGCTCCAATCCCTGAGGATGCACCTGTGATAACGACCGCTTTTTTCATAAAATCACCTCTGACTCAATTTTGGACTCATGCTAACAAAGGTCCTGTCCGATAGGAAGTCATGTCATTGCGCGAAGCTGCTACTATCGGTTTAAAATACTTCATTTTCGGGACAGCTATCTTAGTGGCCTTTTACGGACATTTTTAGACTCACTCCAGGATTGTACTCTGAGTAGGCAATACTCTTAGCAAACGCTCTAAAGTAATCGTCATACATGTGGTAATAGCCATCGTCACCTGAGGCTGTACCCCAACTGTTTTTAATTTTCCATTTTAAGATCTTACCTGTTTGTGGGTCACGCTCATATCCAACGATCTGCACGGCATGACCGCCATCGTTTTTGTCAAATTGCTCCCGCAAAGTACGCGTTAAAGGTTTTGCATAGGAGGGCGTATAGAATGCACGGATGGATAAAATGCCCGATGGTTTGTCGACATACTCCGCATGATGCTCATAAGCTAAGTAAACCATTTGCCCGCGATCAATCAGTAGGGCTGCGGTCGCTTCCACCGTGTTTAAGTCGGTGTAAACCTTCGTGTCTGACTTGACTTGTTCTGCATATGGCATTCCTTTGCGATTTGCCAGAACAATCATTTGTTTTTGCGGACCTTCAAAGAACGAGAAATATTCCTTTGCAAATTCTTGTGGAGTCCATTGTTGACCTTTCCAATTAAATTTCGAAGGCAGTTCACCGACGAAATCATTGAACAAGGATCTAAGTTGTTCCTCGCCGTGCGCTAGGGCTTTTTGTTTTTCCTCCGGACTCTGCGCCTTTGCTACATAAGATTTGGTGCGTGCGATGATATTTTCAAAATACTCTTTCATCTTTTGCGCCGTCGGATTTTTATAAAACTCTGTCTTAGGGGTCCAAACGCTTTCGGGGATCACGCCGAATTCCAAAATGCTGTCGCGAGAATTGAAGGGGCCCGCTCCCAAATCAATATCAGCCCGATTTACAGAGTCAGGGCTATTATCATTCATTTGCATCAATGAGCGAGTTAACAATTGCTTGGCGCTGAGATAATGGTTTGACAGAGGCATGACATCACCCGTGCGACGAGTGTAGGTCTTTTCAATAGAGGCAAGCCAGGAGTGCAAATGGCATGTACCAAGATTGCATTGGTTCTTTACTTCCACCTCTTGCGGAATTTCTTTGGTGTAGTGTGTGTTGTGTTTGAAGTCGGAGCGAAGTGAACCCCAGGGTGTTCCGGAGAACACATGTGCGCAAACCGGGGGCTGCGCATTTACGGCAGAGAGTTGACCATATGTTAGACATAGGAATAACCCCAAAGCCGCCGTTAAATGATTTGCGCCCAATTTCCAATTCATGGGATTTTGAAAGAGCAAGGGCAGGGCCACCAGATTTGTATCAAATTGAGAAATAAAAAAAAGCCAGGATGGGAGTCCTGGCTTTAACGGATTTGGAATTCGAAATAGTAACGAGTTCAATATACTCCGACGGAGATCGGAGTTTAAAAAATAAATTAAGCGGCTTTACGAGCTACGAACTGGTAGTACTTCTTATCGAAGTCTGCAGCTTTCGCGCCTTCTTTAGTAATCAAACCTTCTTTGAACCACATGAAGTGTTCAGCGCAGAAGCTAGCTTTTTCAGCTTTCTTTTTGCAGCCTTCGCCGCAGCATTTTTCAGCAGCAAGAGATACTACGTTATTTGGAATTTGTTTTTCAAACTTTTTGTCAGCCATCTGAGTGACCCCCGTTGTAAATCTTAAGCTGGTTAAATGTCTTAAGACATAGTGCTTATCGGCGTTGGTCTTATCGACTTGAGTCGACCTAGAAGAAAGTTCTAATTTCTGGACCATGGTATTACGTGATCTCAGAATGAGACGCTGAAATACGATGAGAAACAGCTGGCGAATATTTTGCTAAGTCATAAAGTATGAAGTGGTTTTCGCTCATCATCTCTATCTTAATGGCATTGCCTGCATTTGCTGACCTAGAACGTTGGCAAAAATGGGAAGTCGAGCGCAATGACTTACAGTCAAACGAACAACTCTATCATAAGCTTCCTAATATTCAGGAATTAAAGGCGTATCAAACTAAGACACTTTATATGGTGGAAGTTGAACCTCGATTTGTGGATTTTATTCATGCTCCCGGTTTGGAGGGAGTTCCCAATGAGCTTAGATCTGCTGATGGCAAAATTAAATTTTTCATTCACCCATCATCCTTGCATCTTTTCAATGAGCTCATTTCCCACGGAAAGCTTACTAAGGTTGAAGCAAAGCCAACTACTTCCCCACGAACGTTTTTTGTGAGCGATCTGCTGGTGAAAGTTTCGTTGTCAGATAAAATCAACGGCGCGATCCGAACCGTATACCCTCTGCAAATGCAACGAGCAACCGCCGTCAGTTCTGAATTATCAAAAATTCCAGAGGCACTTCAAAAAGAGCACTCTTTTGGTTTTTTACAAGAGCCTTTAGGTGTTTTCGATAAAACACCCAACAGTCCCTTTGGCTTTTTAATTAGAAAAATCCCCCAAGATATTAAAAACGGACAAAACACGTTGGTACCCCTGTTGTCCTATGTCGCTAAAAACCAAGGCGAATCACTGTTAGAGCAAGATGCAAAATCTCAAGGGAAGTCTTCCTTAGAGATTGTTGAAAAATCCCTGATACCCGCTCTGACAAAGAGCTACGCTTTCGCCGTATCAGAAGGTGTCGTGATCGAGGCTCATCAACAAAATACTTTGTTAGAACTTGATTCCAAAGGTCAG
NZ_CP106855.1_gap69	2778356	2781994	3638	CGGAAGCGGAGCGATCTTGGTTGTCGATCAGTGACATCTCGCCGAAAATTTCTCCTTCGCCCAAAATAGAAATCGGAATTTCATCTTGATCTTTGGAAAGGTAAACAAGTACACGACCTTTTTCGATGATGTAAGCGCAGTCGCCTGCGTCGCCCTCATTAAAAACGACCTGATCTTTCAGAATATCAACTGATTGAGGTAACAATGTCATATGGATACATATTAAGGTCTTGGATGTAACTGCGACAAGTCCAGCTGATTCATTTGATTGAATTTCCACCCAACAAACTCGGGCTTGATCAGCATTGCAAAGTCAAAGGCTCCCAGTGGGATGATCAAGTTCCGATCCATTAAAAACTTTACGCCTGTGAGACATAATTTTTTTTGTTCGCTGGTTTTTGTGGCACTTCCCAATTGCTCAAGGATCTTATCGAACTCAGGGCTTCTTAGATCGATGTAATTTTCAGGAGAGTGACTGCCAAATGTTTCAAGTGCTGCTAAGCAAGTGGGGCGATCAGGAGCAATACCTTTGCGAAAAATTGCCGGAGGACTGGTTTGAAGCTCATTGAGGAAGACTTTGTTTTCCTTCATTTCTAAATGAAGACGAAGGCTGGCATTTTTCTGCCATTGAGCTTGCATCCACTCTGTAGCACGCTTGTGGTCTTCACCGCCTAATGATGAAAACATCAACGTGAATGTTTTATCGCTTTTTATTTTCTTCACCTTTTTTAAATCATAATCGAAACAAGGAGCTTTTTCTGGAAACCACGAATCGGGAAGTCCAGCACAGCCAGGTCTGCCTTTGGAAGAAAAAAGCTTTTGAAGTTCTGGGTAGTTAAGGGAGTAAGTCAAAGCTTTACGAGAGTCCTCGTTTTTCTGCAGCTCCGGTCCAAATCCCAAATAATCAAAGCGTAAAACAGAAATCCAATGAAAGTCTGAACGGGATTTGAATTTTGGAATGAACAGGGTTGGTAATCTGCGCAGCAGGTGCAATTGTCCTTTTTCATAAAGCTGCAAAGCCACAGTGTCTTCTTCGATAAATAGGAATTCGACGAGGGGTCTTTGTGGGTGACCCCCTTGATATTTAAAGTTTGGTTCAAGCACGATTTTTTGACCTTGCGACCACTCCTTAATTTTATAGGGACCTGAGTAAACTTTTACGTCCTCTTTACTGGGAGCTATCAGGAAGCTTGCTAAATTAAATTCAAAGTCCGGAGCATTGCCTTGAAACTCAAATCGCAAAGTGAGTGGATCGGGTGCGATGACACCCAGAGTGTCGATCTCTTTAAGTCCTTTGTATATGTCTTCTGCATTTTTGATCTTAAACAATAAATCAGCGCGGGGGGCTGCAACTTTTGGATTTAGCATTCTTCTATAAGTACGTAAAAAATCTGCGGATGTGAGCGGGGAGCCATCACTCCATTGAAGGTCTTTCTTGAGCTTACAGACCAAAGCATGAGATTTTTCGCGAGAGCAGGAGCCAAGATCTGGTACCAGTCCCTTCTCGTTGTCATAGATATAAATATTACGGAAAAGATTTGCTAACAAATAGCTGGAGGCAGAGGACTTCTGGCGATTGGGGTCCATTTGATTGGGCTCACCAGCCAGATGCAGTCTAAAAACAAAAGGTGCTGACTTTGAATCAGCACCTTTGGCGTCTTTATAAATAGAAACAGAAACAAGAATTAAAAGTGCCGGAAGAATGCGTTTCATCCGACCATTTTGCGTCTCGCCGGACTATTTGTCCAATTCCATTTTAGCGATCGTTTGAAGTTGCATATTCGTCGTACCTTCATAGATTTGACCGATTTTTGCATCTCTCCAGAACTTTTCAACTGGGTATTCTTTAGTGAATCCGTTACCGCCAAACAAATCGATCGCCTTAGAAGTGATCTTTTCAGCTGCACGTGAAGAGTATAGTTTTGCCATGGCTGCTGACTCGATGAAATCAAGGCCTGCATCTTTCAAACGAGCGGCATTGTAAACCATCAAACGAGCGGCTTCCAATTCTGTGCGCATTTCTGCCAATTGGAATTGAACGCCTTGGAAATGAGCGATAGGTTTGCCGAATTGCTCACGACCTTTAACATAATTCAAAGCAGCTTCGTATGCGCCTTGAGCGATACCGATCATTTGGGCACCGATACCAATACGACCTTCATTCAATGTTTCGATAGCAATTTTGTAGCCTTTGCCAACTTCGCCAAGGACGTTCTCTTTTGGTACTTCGCAGTTTTCAAACAACAATTCGCAAGTCGAAGAAGCGCGGATGCCGAGCTTGTCTTCTTTTTTACCAACTTTGAAGCCTTTGAAAGATTTCTCTACGATGAACGCTGTGATGCCTTTGTAGCCTTTAGCAGTGTCGATGTTCGCAAAGCAGATGAATACGTCAGCTTCGTTACCGTTTGTGATCCATAGTTTTGAACCGTTCAAAACCCACTTATCACCTTTATCTTCTGCTTTAAGTTTTAATGCGAATGCATCAGAACCAGAAGAAGATTCAGACAATGCGTAAGCGCCCACCCATTTTGAAGCCATGGCGCCTAGGTATTTTTCTTTTTGCGCTTCAGTACCCCATTTAAGGAATGCATTTGTAGTCAGAGTATTTTGTACGTCTACAAGAACAGAAACTGAACCGTCTACGCGACCGATTTCTTCAACAGCCAAGCAAGCCATTGTGAAAGTGGAACCTGCGCCGCCGTATTTTTCTGGAGTCTCGATACCCATCAAGCCCATTTCGAAAAGCTTTTTAAGGATGTCTTTGTTCATCTCAGCTTTTTCGTCCATGTGTGTCACATGGGGTTTGATTTCAGATTCTGCGAAGGCTCTCACAGCATCGCGGAAAGCTGTTTCGTCTTCAGATAGTGTTGTCAGAGCTGGACGTGCGTTAGTTACGTCAGACATGGTTTCTCCCTCATTCGTTATTTAACAAGTCCGAAGACCATATCCAGATCATGATTTTTATTCAAGAGGCAGGGCGGAACGGAGCTTTTCTCTTAACGACGTGTGTTATGATGGTTGCACTTATTATGTGCAAATGACGTCTCACACTAGACAAGGGTCTAGGTTTGCCGTCTAATCCTATGAAGGTAGATATATATGGATATTGCAGAAATCGGCGCCAAGATTGGCATTTATTTTATCCCATTTCTTTTTGCATTGTGCTTTCACGAGTTCGCGCATGGTTGGGTTGCGCGTCTTCGCGGAGATAACACAGCAGAACAAATGGGTCGTCTATCAATGAACCCCTTGGTTCATATGGATATGATAGGTACATTCATTTTGCCATTGGTGTCCATTGTATTGGCGACCCCGATTTTCTTTGGTTGGGCAAAACCAGTTCCCGTGAATTCTCGAAATCTTAAAAATCCCCGGGTCGATATGTTTTGGATCGCACTTGCGGGTCCCCTTTCAAACATCTTGTTAGCTATTATCGCAGCGTTTCTTATTGGATTCTTAGCGAAGTTCTACGCTGCGGGCATTTACTTCAAACCGGTGTTTGAAATTTTAAAAGCATTTTTGATGACAAATTTGTTCCTGGCGTTTTTCAATATGATCCCGCTTCATCCATTAGATGGCGGTAAAGTGCTCGCAAGATTTTTGCCAGCCCAATTGAATTACAAACTAGAACAGAACGA
NZ_CP106855.1_gap70	2783469	2787897	4428	TTGATACTGATCCTAAGACCGAAGCTGAGGCGTAGAAATGTCTAAGAAGAAAAAGAACTCCAAAAAGAATAAAGAAGTTTTAGACACAGAAGTGATGGAAAACGATGTTGCCGTGGCAACGGAAGTTGAAGCTGAAGAAGTCGCTTTCGAAATGGCGACTGAAGAAACAGCCGAGGCTTCTGCAGAAGGAATTTCTGAAGAAGCATCTGATGAGTTGAACGAACTTGACGGTATCGAAGCTGATGCTTCTATTTTCCTTCAAGAAGAGGAAGAGTCCGAAGGATTCTTGCCGGAAGCAACCGACGAAGAAACTGCAGAAATGGAAGCATCTGAAGAGACTTCAGATGACGTCTCTGTGGAAGGCACAGAGCTTGATGGTTTTGAATCTGCCGACATCGAGGAAGTAGAATTCGTCGACGAGGAACGTCTTGAGAGCATCGTTGAAAGCGTTCTGTTCGCTTCAGATCGTCCGGTTTCTTTGGCATCCTTGAAATTGCTATTCAAAGGCACCAATATCAAAGGCGACAAGCTTCGTCGTGTTCTTGATCAATTGGCTGTGGAATACGCGGGTGGTCGTCGTGGTGTTACTCTGGAAGAAGTTCCAGGTGGTTACCAACTTCGTACTAAAGTTGACAATATGGACTTCCTAAAACGTACTTTGAAAGCTCGTCAATTCAAGCTTTCTGGTCCCGCTTTGGAAACTCTTTCTATCGTGGCTTACAAGCAGCCATGTGTGAAATCAGATGTGGATGAAATCCGCGGTGTCGAGTCTGGTCACTTGTTGCGCGCTTTGATGGAAAAAAATCTGGTAAGCTTTGAAGGTAAATCAGACCTTCCAGGCCGTCCTATGCAATATGGTACAACTCGCAAATTCTTGGAAATCTTTGGTCTAAGATCATTGAAAGAGCTTCCAACTTTGTCACAAATTGATGAATTGTTGCCAGAAGGTATGGATGAACAAATGGCGGAAGAAAAACCGACATTGGCGTCTATCACAGATTCATTGGTGGCTTCTGATGTTGAAAACGTTTCTTACTCTTCAGGAGAAGATGAATTGATGAAGATCTCTTCTCAACTTGAAGAAATCACGACGTCATCAAACTTCTTTGAAGAAGAAAAACGTCGCCAAGCTGAAAAACGTGATCTTGAGCGCGCACAAAATATCCGTGAAGCACTTGCGATGGATGAACCGGTACCAACACGCGATGCGAATTGGTTGAAAAAATACGATGATGCTTTGGCGGCGGGAACGACTTTGGTACAAATCAAAGCAGCAGAAACTGCAGCTAAAATGGCAGCATTGAAAAACGGTTCCGCAAATTCCAGCGAGGGTGGAGCTGAGGATTCGGTAGCGGCTGAGAATACAGGGGCTACTGAGGAAATGTCTGCTGAAGCTGAGTTAGAAAATGAATTGACTGCAGCCGAAGAAGCTTTCGACAATGATGAAGACATCGAGATGGCTTCTGACGATCAAATTTATGCTGATAACGAAGAAGGGGAGTCATCTGATGAAGACGAACTACCGTTCTACGGAGAGGCGGATGAGATCGATGGTGAAGGTGGAGAAACTGAGGCCGCTACTTAAGATCCTGGCAAGTGTCTGGATCGTTTATAATATCTTTTCTTTGATGGTGATGCCCAACGTGAGTTCTTACTTTGGGCGTGTCACATCTAAATTTGTGGGGCCTTACGCGAATGTTGTGGGGCTTAATGTCGGCTGGAATTTCTTTTCTCCAGACCCAGCACAGCCCATGTATCTTAAAATCGTCGTGAATTATCCATCTCAAGAGGATGGGGGTTATCGCGAACCACTCATTACCTCGTATCCCGATCCCGAAGAAGACGCGAAGGTTCCGGGACTGACTCGCAAAAGAGAATGGGCGGCGATGCGCTTTATGGTGATGGACCCGCGTCGCCTGACGCAAGTTTTCGGTCCATGGCTTTGCAAGAAGTATCCCGATGCCGAAAGCATCGACATGGAGCAAGTCGTAGATGTGCTGCCACTTCTGGATAACGCCGTCTTAAATAAAGAAGTCAATTTATTAGAAATGTCCCAAGAGCGTCGTTTCGCCAAAGCTTCTGTTCGTTGTGGCGTGGCGGGTGACGAGGAGATTCTATGAAGCATCTTCAATTCCAAATCAAACGAGCTTGGGCTTTGTGGGATGAGTTTTGGTTTGCTCCACAAAATCTTTTAGGTCTGGCATTTATGCGTGTCGTCTTGTGTGGAACTTTGTTCTACATGAGTTTTATGCGTTTTTTTAATATGTGGTTTTTCACCGATGCAAGTTGGGTCACAAAAGAAAAATCACTGCTGATTTTGCCAGAAATAGGTCGTCCGATGTGGGATTGGAATTTCTGGTCGGATGCTTACAACGTTCCAATCAACATCCTGGTTGTGATTCTGTTTGCTCTTTTGACTCTGGGAATCGGGGGCCGAATTTTAATGCTCCTTGCCTGGGTCATCAACATCGGCTTTATCTATCGCAATTATCCTGTTCATTTCGGTGCCGATGTTATCGCTTCATTGTTTTTGTTCTATATGTCTTTTACGAATTCCTGCGAGCGTTTAAGTGTGTTGAATTTGATTCGCAAAAAGAAATCATTCAAACCTTCTGACGCTTTGTCGAGTATGATGATTCGTATGATGCAGGTTCAGATCATTGCGATTTACGCCTACACGGGTTGGGAAAAACTTAAGGGTGCCAGCTGGTGGGATGGAACCGCTATGTGGAGTGTCCTTGCAAACCCGCAAATGACCACGGTGGACTTCAGTTTCCTTAGGGACTTCCCCTGGATCCTTCCCATTATTGGCTATATGACGATTATTTTCGAAGTGTATTTCCCTCCGATGGTGATCTGGCATAAAAGCCGCCACGTGTGGCTTTTGATGGGCTTTGTTATGCATATGGGAATTGGTTTATTCATGGGGCTCATGCCCTTTGCGACTATAATGCTTTCCACTTACTTCTTGTTCCTAAGCCCCATCGCTTTGGAGCAAAAGGTTGTCTCAAAACTAGACTTTTCCAAGAATTGATTTAGTTCTGGTCGCTCCCTCGCTTATTCTAAAGGAACGGGGGAGTTTCTATGAAGTCCGATTTATTCAAATTCGCGACCTGCTTCGCGATGATGGCGGTGCTGGCATCTTGCGCGCCAACATCGGATAATTCTCTTTTGACGGATGATCCATCAAATCCAAACTCTCATACTTTGAATACAGACCCTTCATCCACAGAGCTTCAGCTGGTGGCTGATACTTATAATCTGGGTACGATCACTTCCGCTCGCTACTTGGAGCTAAGTGGCGCTTGTTATGCTTCTACATTTCCTACTCACAGAATCACGATCACAGTGAATAATGTGACGACGGCCGCTGCGAACTATTACGATATGAAAAGCACATTAACGACAGGCTATGGAACGTGCCGTAATGGTCGCTATAATATCGTGTTAAAGGGTTCAGCATTAAGCACGGGATCAAACACGATTGTTCTAACTTTAACGGGATATGATTCAAGCAACGTCGCTTCCACAAGCGGGAATGCTGTGTCCCGCTATGTCGTTATAAGATCAGATTAAAATCATCTCTGAGCTTTTTAGTCGCTTCCAAATTCTTGGTGTTGATCAAGATGGTTCCTTTTAATTTCAATTCACGAATATGCGTTGCTCTTCTTTGCGGTGGCAGGGAAGGCGTTGTTAACTCCTGAAGGGTGCTGTTGAAAGGCGTTTTCATCAGGCTTTGTTCTTGTATTGAGTTCGCAGTTAAGGCCGTTAATATCTCTATAGACAATTCTTTTTTATCAGAGGCCTCTGGAATAGCGGCTCCCCACACCAACAGGGCGCTCAAGTCATCCTGGATCGTTAGGTTAGAATTGCTTTCGTTCAAAGGAAGTTCGCTCGCACCTTCACGCTGTTCGTTAGTCACCAGGCGATCTAAGGGAAGCGTCAGGATCTTTTTTTGTTGAACCAAAGTTAATAAGCCTTTGTCCTGCCAGATTTGAAAATGGCTTAAAAGCAAATCTTCATCGTTCAATAGAAACAGAGTTGTCGCTTTTTTATCTTTTAAAAACTCTTCGAAAGTTCCATTAGAGGCTGTTTTAAATCCTGTTTTCATCCAGTACAGCGGATAAAAATACAAACTGCGATTCGAAATAACAGGCGCCAGAAAATCAGGAGCAATTCTTTGAGAGAGGGAGTTTTCTGCAGAGATATGCAAAAGATTTTGCTGTTTTAACGTATTGGCCCAGTACGAAGGCAATAGTAAAATATCTTGGGCCGGGCTTGCGATAACTTTTGCTTGGATGGAATTCCAATCACGCGTGACCGTGACCTCGAATTTGATCCGAAGATCGTTTTCAAGTTCTTCTTGGATGCTTTTTGGAAAAAGAGATTCGTCAGTGATCAGTACGCGAACCTTTGTAGGTCGCAGGA
NZ_CP106855.1_gap71	2853555	2857137	3582	GTATTGTTTTTAAAGAACAAAACATGAACTTCTACATGGGGGGTACAGTGGGTCTTATTAACTGGGAAGAGTTAAATGACGCAGGTACAAGGGAAAAACAATCCGGCTTTGAGTTGGATGCAGTTTTCGGCGGTGAGTTTTTCTTTACAGGTCTGGAATCTCTGGGGTTCACTTTTGAAGGTGGCGCGGGAGTCATTTCAGCTGACAACGTTCGCTTTAGAACAATCGCGGATAGCCCTTTCCGCGCAGGTATTATTTTTTACTTTTAATCCACAAAGGATATTTTCATGAAAAAAGTTATTCATACAGACAATGCACCCAAAGCAGTAGGACCTTACTCACAAGCAGTTGCGGTGGGGGATTTCTTATTTTGCTCAGGTCAGATTTCGATCGATCCAAAAACGAACGAAGTTTTCACCGGCGATATTAAAACACAAACTGAGATGGTTATGAAGAACGTTGAAGCAGTTTTGGCTGCGAACAATATGAACTTTTCAAATGTTGTTAAAACAACCATCTTCCTGACTAATATGGCTGACTTCGCAACAGTAAATGAAATCTATGCAAAAGCATTTACTCAGGCGCCACCAGCGCGTTCTACAGTTGCTGTGGCGGCGTTACCAAAAGGTGTGAATGTAGAGGTTGAAGTACTTGCTCACCGCTAAGGGGCTTTTACGCAGTCGAACTTTTTGGATCTTCATGGTCATTGGGGCGCTGGTTATCCAGCGCTTCGTTCATGAGTATCATTTGATCGAAAAAGAGCCGATGATCTCTTGGACAAAATCTCAGACAGCAGATTGTGCAGTGGTTTTGACCGGAGGTGCGGGGCGGGTGCGTGAGGGATTTGATCTTTTAGCGAATCAAAATGTCAAAAAACTCGTTATTTCAGGCGTGTATTCGAACGCGAGACTGCGCGAGATCATGCCGGTATGGCCATTCTATGGAAACTTGAATGAAAACGATGTGGTTTTGGATCGTCGTTCCGAGACTACGTTCGGTAATGCCCAACAAAGTCTTCCGTTGGTGGAAGCATTGAAGTGTCGCGATATACTTTTGGTAACTTCACGACTTCACATGTATCGATCCTACAAAACATTTCGCTCGGCTTTTCCCGAGAATATTTATATTCAAAAACATCCCATTGTGGGAGGCCGTTACGAGGCTTCAGTCGTGGAAACTTCTTTCGAAGCGCTGAAGTCTTTCTTTTATTCTTTGTGGGCGTACTAAAACCAGACTTAAGTTAATAAACGAATGTACGGTTTTCTCCGATAAATACCCTAGGAAACTGGGGTTTTAGATGAATTCATTATTCTTACAAATCGACTCCCTTGGGAGATTTGTGACAAGGAATGTGGAGTACACATGGCGTGTTCTCTTGATGGTCTATCTTTCCCTGCGCGCAACTGTTCTTGATCAAACGCAAGGTATGCGCGAAATCGTCCGTGTGATTTCAGCACAGATTTACTTCACAGGTTGGCAAGCTTTGCCTCTGGTCAGCGTGTTGGCTTTGACCTCAGGAAGTGTATTAGTTTTGCAGTCTCTTTCCAATTTATCAATGTTCGGTGGTACGCAAATGATTGGTCAGTTTTTGATCGTGGGTATTTTGCGTGAAGTAGGTCCATTACTAGTGGCTCTCGTCGTCACTGCACGATCGGGAACGGCTGTGGCCAGTGAACTTGGGAACATGCGTGCAAATCGCGAGATTGAAGCCCTGGAAGTTATGGGTATCAATCCACTCAGTTACATTGTTTTTCCCCGCGTCGTGGGTGGGGTTATCAGTATGCTGTGTTTGGCCTTCTATTTTAATTTCGTCGCATTGATCGGTGGATTCTTTGTAACCAAGTTCATTCAAGATATGCCATTCGCTTTTTATGCAGAGTCATTGATGACGTCTTTTGCAATGGATGATTTTCTGATTTTCCTTCTAAAAAATAGCTTTAGTGGAATGATTATCTTTGTCGTGTCCTGCTATCAAGGTTTGTCAGTCAAGAAAAGTCCTACGGAAGTTCCACAAGTTACAACTCAAGCAGTTGTGAACAGCATCATCTTTGTCGTCGTCTTTAATTTAATTGTAACAGCTTTGTTTTATCTTAATCAGTTGCGCAATCTGGGGGTCATATAATGAAGATCGAAAGTCTAAAGTTTGAAGGCGTTTCTTTTTGTCACGAAGGACAGGATCCAGTGGTTGCCAATGTGGAATTTGATTTCCCTATGAATGAAGTCCTCTGGGTGAAGGCAGAAGAAGGCGCAGGTAAGAGTTCTTTACTGCAAATTCTTGCTGGGTTACAGATGCCACAGTCCGGACAGTTTTTGATCAACGGTCAAAACGTTTGCGAAATGTCTTTTGAGGAGTTTTTGCCTTACCGCTTACAGATTGGCTATTCCTTTGACTATGGCGGCTTGATTAACAATCAAACTTTATTTGATAATATGATGTTGCCTCTTTTGTATCATAAGACTTTAAGTCATAAGGATGCAAAGGCTCGCGTTGATGACATCTTTAAATTGTTTGACGTTACAAAATTTGCCCACGAAAGACCCGCACACGTACCAGGACGCTTGCGTAAGTTGGTTTGCTTGCTGCGCGCGATGGTGATGCGCCCGCAAGTTCTGTTGTTGGACGATCCAAGTGTGGGACTTGGACAGGACAGCGTTTATACATTAGTGGACTATATCCATCAATTGCGTAAAGAAGGCTGTTTGCAACATGTCTTCATTAGCTCTTACGATGAAAAGTTTATGAACCTATTTAATTATCAAATTGTTCATTTGGATGATGGACAACTTTACTTCCAGCCAGTTGATCCAGAGAAGAGAGTCGTACATCTATGATGAATGTAAAGTTCAATAAATTTGAACGAATTGCGGGCCTGTTTGTCGGGCTAGCGATCCTAGGTGTCATCGTCACCGCTATCAGTATCGCTATTAAACAGGGTTGGTTTGATTCGAAAGTATTCTATACGACGACTTTTGAAACCGCAGATGGGCTCCATCAGGGAACAGCCGTGCAAATGGCAGGTCTTCGTGCGGGGGCTGTTGAAGATGTAGAATTGCGTGCGGATAATAAAATCCAAGTGACGTTTTATGTTTTAAGTAAATTTCAAGAACGCGTTCGTCAAGACAGTGTCGTTTCGATGAACCGTCCCTTTATTATCGGAGAGAAAATCCTTGAGATTTCTGTCGGTAGCGAGAAGCTTCCAATGCTTGCAAATAACACTTCGATTCAATCTCATGAGACGATGGATGTTGTGACAATGTTGAGCAGTCGAAATATTGGGACGACCATGTCACGTGTAGGTGGTCTGCTTGAAAATGTGCAGATGCTTTTGGAAGCCTTTGCTGATAAAAATCGTGCTCAAAGCTTTGTTCGTGTCATCGATCGTATGGATCCACTGATGAAGAATATGACTGTGATGTCTCAAGAGGTCATCAAGCTGTCCAAGCAAGCGACGGCAAATGATTCGATGGAAGTCTTGATGAAAAATCTGGCTACGACGACGACGGAGATCAATCGTATTTTACCTGAGCTTAACAAACAAAATCCTGATCTTGCAAAAGACCTTGCTATTATGACTCAGAATT
NZ_CP106855.1_gap72	2871515	2874072	2557	TTCAGCTTCGCCTTTGTCGTTCAGCTGAACAACTTTAGTTTTGCTTACACGAATGGTTGGAATATCAGTCGCGCCCTCGGCCTTCATTTTTTCGATATTAAACGGAACAACTTGTTTTCTGGCTTTTTTGCCAGGGTGAAGTTTTAGTCCGTGAGCACAGTTTCTGGAACAAGTGTCTTTTTTGAATTCCAGCTCGATGCAGTTCACGCAAACCATACCTGGTTCGTCACAACGCTTGCATTCAATTTTGATTTCAGATGGCTGACCACAGTGAGGACACAGGCCATACTTCGTTGAAGGTTTTAAATTCTGATCAACAGCCACGCGGTGGTCAAAGACGAAACATTCACCTTCATATTGATCATTCGGATATTCGTTTAAGTAATTCAAGATGCCGCCTTCCAATTGGAAGACATTGTTGTAGCCCTTGTCTTGAAGCTCCAGAATTCCTTTCTCACAACGAATGCCGCCAGTACAGAAAATCAACATCTTCTTATCCTTAGCGATCCCTTGAGATTCGATGTATTGAGGAAAGTCGGTGAACTTTTCAATGTTCGGGTTCAAAGCACCTTTGAATGTCCCGATTTTATACTCGTACCAGTTGCGAGTATCAATCATCACATAATCAGATTCTTCCTTCATGACCTTGTTCCACTCTGTCGGGGTCAAATGGTGATTAACGCCATCAGGTGGTTGCATTTCAGGAATACCTGTTGTCACGATTTCTTCGCGGATTTTTACTTTGAATCTGCGGAATGGTGCTTTGTCGGAATAAGAGTCTTTATAGAATTGAGTCGGTTTGTGAAAGTAGTCACGAATGAATTGCTTCCAGGTCTCGAAAGATTCTTCGCTAACGGCTGACACCGTGGAGTTATAACCTTCAGTTCCTAAAATGATCAGGCCTTTCACGTTCAGCTCATCGGCCTTCGTTTCTAAATCTAATTTAACTTGTTCGGGATTTTCGATTTTTTGGAAGCTATAAAAAGTCGTAACATAATGCTTCAAGGCATTTTCAGTTGTCATAATATCACCTTCAGTTGTCCAAATCCGGTTCCAAACCAGTAGGAGTTGTTAGTTCGAAGAGGGTTATAATGCCCAGGTGGTCCTTCGCGCAAGAAGGAAAAAGACAGCGGGCGTTAATTCCATCCCGGGAGGGGATTCCCTTGCGCCACTGGTTATGATCGAATAAAAATGATTTTTTACAGCAAATCTAAAGGTTTAAGTATGTTAGCCACACCCGCAATCCAAAAAGAAATTCAAAGACGCCGAACATTTGCGATCATCTCGCATCCCGATGCCGGTAAGACGACTCTTACTGAAAAATTACTTTATCACGGGGGTGTGATTCACGAAACGGGCGAGGTTAAGGGCAAGTCCGGCGCTAAGGCGGTCACATCAGACTGGATGGAGCTTGAAAGACAAAAAGGGATTTCGATCACCTCATCTGTCATGACATTCGATTACGACAATTTGCGTGTGAATCTTCTAGATACACCGGGGCATAAAGACTTCTCTGAGGATACATACCGCGTTTTGATGGCGGTGGATTCCGCCGCAATGTTGATCGACGTTGCCAAGGGTGTCGAGGAACGTACTAAAAAACTTTATGAAGTTTGTCGTCTTCGCAAGATTCCCATTTTCACTTTCGTCAATAAGCTCGATCGTGAAGGCAAAGATCCTCTGACATTGATCGACGAAGTCGAAAAGACTTTGAATATGCAATGCTATCCAGTGACTTGGCCATTAGGTATCGGTCAGCGTTTCCGTGGAATTTACAACCGTTTGACTCAGGAAATCTGGATCTACGATCAACGGCGTGAAGAAGTTGAAGACTATCAAAAAATACCTTTCGTTAAAGGGAAGGACGATCAAATTCTTTATAACTACCTTGATAAAGAATCTGCCGACCAAGTTTTGGAAGAGTTAGATTTGATCGAGGGTGCTCTTCCACCCTTCGATGTGAATGAGTTCCTAACGGGTCAAATTTCACCCGTGACATTCGGCTCTGCAAAGCAAAACTTCGGCGTGGACACCTTCCTTCAGTTTTTCACAAAATACGCTCCAGGTCCTCAAGCTCGTCCGACAAAGGACAATCAGGTGATGGATCCTTTGGATGCAAAATTCACAGGTTTTGTATTCAAAATACAAGCGAACATGGATCGTCGTCACCGTGACCGTATTGCTTTTATTCGAATTTGCTCTGGTAAGTTTGAACGCGGAATGAAAGTTCAGCACTCTCGCTTGGAAAGAGAATTGCGCTTGGCTTACTCTTCACAATTCGTGGCTGCAGATAAAGAAACGGTCGATGAAGCTTACGCCGGCGATATCGTGGGTGTGGGTGACACGGGTAACTTTGCGATTGGGGACTGCGTTTCATCATCAGGAAAAATTCAGTTCGAAGATATTCCCAAGTTTGCGACGGAGTTGTTTGGTCGCTTGAGTGTTCGGGATGCGTTGAAACGTCAAAAGCTTCAAGAAGCTCTTCGTCATTTATCAGAGGAGGGTGCGATTCAGTTGTTTATTGAACCTCACGTAGGTCCCCAAGATCCTATTATTG
NZ_CP106855.1_gap73	2875270	2878616	3346	GCGCGTTTCTTAAAAGTGATCGTGCAAACAATCGTGACTCCTTTTGTTTCCTCATTCTTGTATCTTTTGATCTTTGGTGTGTCTTTGGGTGCAGCGATGCCGACTCATCAAGGAGTTAAATATCTTTCGTTCCTGATTCCTGGTTTGATGATGATGGGCTTGATGAATAATGCCTTTCAAAATTCATCTTCATCGATTGTCTCGTCGAAGTTTTCTGGAGATTTGGAAGACTTGCGGGTGGCTCCTATTAGCAATCAGGAGATCATCTGGGCGATGAGTCTTGCGGCTTTAGTGCGTGGATTTATCGTGGCATTGATCACTTATATCGTGGGATCTGTTTTCTGTTGGTATCAGCAGGGAGAGATCTTAACCATTGCTCATCCGATTTATACGATGTTCTTTGTGGTCGTGGCTGGATTGATTTTTTCCCTTTTGGGGATCTCAGTGGCTTTTTGGGCAACAACGTTTGATCAATTGTCGGCGTTTTCGGCTTTCATTCTTTTGCCTTTGACGTACCTGGGAGGAGTTTTCTTATCCATCGATCATCTGCATCCGTTTTGGCAGATGCTTTCAAAACTGAATCCTCTTTTATATCTTATCAACGGTCTTCGTTATGGGGTGATTGGGGTTAGCGATGTCAGCATGGAAGTGGCTGTTCCAGTTTCTATATTGGGATTTGTGGTATTCTATGGCCTGGCGAATTTCAGTTTAAAACGCGGCTCATTCCAACGCTGGTAACCTGATTTCGACAAGTTGACGCCGGTGGTTAAGGTGAGTTCTTTGTGAATCGGTGTCCTTTGGGTTAATAAATTTCGATCATTCGGAGAATACGATGTTTGAAAACTTATCTGATAAAATTATGGCATCCCTTAAAAAGGTTCGTGGTCAAAGCAAGATCACTGAATCCAACATTGAAGATGTCATTAAAGAAATCCGCTTAAGTTTCCTTGAAGCTGATGTGAACTTTAAAGTCGTAAAAAACTTTATCGATCGCGTGAAGGCAAAGGCCTTAGGTGCGGAGGTTCTGCAAAACGTAAATCCAGGTCAGCAATTTGTAAAAATTGTGCACGATGAATTGGTGCAAACTTTGGGTGGCGGCGCAGTTGATATCAACGTGCGCGAAAATCCAAGTGTGATTTTCATGGTGGGTTTGCAGGGGGCTGGTAAAACCACATCTTCTGCAAAATTGGCTCTGTATATCCGTCAGAAATTGGGTAAAAAACCAGGATTGATTCCAGCCGATATCTATCGTCCAGCGGCGATTGATCAGCTACAAACCTTGGGTAAGCAAAATAATATTCCTACTTTCCCGACGCCGATTGGGATGAAACCGGAAGAGATTCTGGAAAAATCCAAACAATGGGCAAAAGACAATATGATCGACGTGGTTATTGTAGATACAGCCGGTCGTTTGCAAGTGGATGACGAGTTGATGGGAGAGTTAGGGCGTTTGAAGGACATCTGGGCTCCACAAGAAATCTTGTTGGTTGCAGATGCGATGCTAGGACAACAGTCTGTGAATGTCGCAGAGGGCTTCCACAAGCGTTTAAACTTAACAGGACTGGTTCTAACAAAAGTAGACGGTGATGCCCGTGGTGGTGCTGCACTGTCTATTCGTGAAGTGACAGGGATTCCAATTAAGTTCCTAGGCGTGGGCGAGAAGGTTAATGCTCTTGAAGTATTCCATCCAGACCGTCTTGCGGGGCGTATCCTAGATATGGGTGACGTTCTGTCGTTAGTAGAAAAAGCGGCGGAAGTGATCGATGAGAAAGCTGCTCGTGACTCTGCTAAGAAGATCATGAAGAATGAATTCACCCTGGACGATTTCTTGGGTCAGATTCAACAGCTTAAAAAGATGGGTGGCTTTGAAACTATCTTGAAATTTTTACCGGGTATGGGAGAGATCTCAAAACAGCTTAAAAACATGACTCCCCCGGATAACGAGATTAAGAAAATCGAAGCGATCATTCGTTCGATGACCATCCAAGAACGCAATAATCACAAGATTCTTAACGCATCGCGACGCACAAGAATTGCGAATGGCTCGGGAACCCAAGTTTCCGACGTAAACAAGCTGATAAAGCAGTTTGAGGACGCCAAGAAGATGATGAGCGGAATGATGAAAATGGGCATGGGCCGTGGTGGGATGAAGTTCCCATTTTAAGGCTTGATATTTTAAATTAAACACAGTACACAGTTGAGCTTACTGTTTCGAACAAGAGGTTTAGAAAAATGGCAGTTGTAATTCGTTTGGCTCGTATGGGCGCTAAGCATGATCCTAAATACCGCATCACTGTTGCGGATTCTCGTCGTTATGTAACTGGTAAATTCCTTGAAGTTCTTGGTGTTTACAATCCAACTCCGCGTGGTAACGATAAAAAGGTCGAGCTTGATCTAGCTAAAGTTGAAGCTTGGATCAAAAAAGGTGCACAACCTACTGACCGTGTAAAACACGTTATTAAGTTGGCCCAAGGTAAATAAATAGTTGGCATCTGAGTGATATGCGATAAAATATCACTTAGGTAACTTCTGTTGGGGGTAATATGGATAGCTTGAAAGACCTCGTTGAATTCATGGCGAAGTCCCTTGTCGATAAGCCTGAGAATGTTGAAGTGGATGAAATTCCAGGTCAGCAAACGACTCTACTTGCTCTAAAAGTAGATAAAGAAGATCTTGGTAAGGTTATCGGCAAACAAGGTAAAACGGCAGCCGCTATGAGAACAATCATTCGCGCCGCTGGTACTAAGCTGAATAAACGTTATCACTTGGATATCGTTGAATAGTATTCAGACATATTAAATTTTAGATTCTTAGGAAAGGGGTTGTGTTACACAACCCCTTTCTGTTTCTTGAGGTATTTATGAAATTAGTTGGAAAAGTCAGAGAAGCGCACGGCTTAAAGGGCGATCTTTACGTCCTTATTTTCTCCGGTGAAATCACTTGGGCAAAGCGCATGAAGAAATTCGCTCTGCAAGGTAAAGATGGTTCCACGAAGGAATTCACGGTGGAGCGCACGAAACCTTTTAAAAAAGGTTTGATCGTGAAAGCCGCTGAGATCGGGGATCGCACGGCTGCTGAAGGCGTCGAGCACATGGAATTCTTGATTGATGACGACTTGTTGGTTTCTAAAGCTGGCGAGACAATCTATCTGAATGAAATCAAAAACTTCAAATTAAAAGATCCAGAACAAAAAGTTTTGGGTGAAATCGTGGGCTTCTCAAGTAACGGCGTTCAAGACCTTTTGGTCGTTGAAACGAACGGCAAAAAAGTTGAAATCCCCTTCGTGGATGCTTTCATCAAAAAAATCGATTTCAAGCACCAATCCGTTGTGATGGATTTGCCAGAA
NZ_CP106855.1_gap74	2910743	2915530	4787	AGGCGTGGGCCCGGGCAGTATTTGCACAACTCGCGTGGTGGCTGGTGTGGGTATGCCGCAAATTTCTGCGGTGATGGAGTGTGCAAAAGTCGCTAAGAAATCGGGAAAAACAATTATTGCTGACGGCGGTATTAAGTTTTCAGGCGACATCACAAAAGCGCTAGCACTTGGGGCTAATAGTGTGATGATTGGAAATTTGTTAGCGGGTGCTGAAGAGTCTCCAGGGGAGACTATTTTGTTCCAAGGTCGTAGTTATAAAGTTTATCGTGGCATGGGCTCAATTGGCGCGATGGCCAAGGGTTCTAAGGACCGCTACGGTCAGATGGATATTGATGACAACGAAAAGCTCGTTCCAGAAGGAATCGAAGGTAAGGTTGCATACAAAGGGCCTGCTTCCGGTATCATTCACCAATTGGTGGGTGGTTTAAAATCGGGTATGGGCTATTTAGGCGCGGCGAATATTGATGAGCTTCAGACGAAAGCAAAATTCGTCCAGATCAGTGCGGCGGGTCTGCGTGAATCTCACGTACACGATGTCAGCATCACCAAAGAAGCTCCGAACTATAGAATTGAAAGTTAATCATTATGCTACGTGGATTTATTATCTTGGATTTCGGTTCGCAATTCACTCAGCTGATTGCGCGCCGTCTGCGCGAAATGGGATACTATTCAGAAATTCATTCCTATCTGTATCCCACTGACGAAATCATTAAAAAGAAACCTTATGGAATCATTTTAAGTGGAGGTCCGAACTCAGTTTACGAAACGGGGTCCCCGCAAAGAAATATTCAAGAGCTTCGTAACATAAGTCCTTTATTCTGCGTTTGCTATGGAATGCAGTTATTAACTCACTCCTTGGGTGGCCGAGTTTCTAAAGCTCAGCACCGTGAGTATGGTTTAAATTATGTAACATGGACTGACGTCCTAACGGGTGTTCCGCAAAAACAAAAAGTATGGATGAGTCACGGTGACGTTGTTGATGCCGTGCCAAAAGATTTCACAGTGATCGCCACGTCTGATGGAGATCATCCCGCGGCGATGCGAGGGCCCAACGTGTTGGCTGTGCAATTTCATCCCGAGGTGGCTCACACTGAACATGGTTTAGATCTGCTTCGCTATTTTACTTCGGAAATGTGCAACGCTCCTGCTGATTGGGATGCTCCTCATATAAAAGATCATTTGATGGAAGAAATCCGCCACAAAGTAGCCCCTGAAGATCACGTCCTGGTGGGCTTAAGCGGCGGTGTTGATTCCACAGTAGTGGCGACCTTATTAACGAAAGCTTTGGGTGCGGATCGCGTTCATTGCGTTTTCGTTGATAATGGTTTGCTTCGTAAAAATGAATACGAAGATGTTTTAAAAAATTACCAAGGCTTGGGTTTGAATGTTCGTGGTGTAGATGCATCAAAAGAGTTCATGGATGCTTTGGTTGGCAAGTCTGATCCTGAAGACAAGCGTAAAACAATTGGCCGTGTGTTTATCGAAGTCTTTGATAAAAGCTATGATAAATCTCTTCCGATCAAGTGGCTGGCACAAGGAACTTTGTATCCTGATGTCATAGAAAGTGTTTCATCGGTCGGTGGCAGTGTAACCATTAAGTCCCACCACAATGTCGGTGGTTTGCCAGAAAAAATGAATTTGAAACTTTTGGAGCCTGTTCGTGAGCTTTTTAAAGATGAAGTCCGCGCCATGGGTGCTCAATTAGGTTTATCAAAAGAACTTTTGTGGAGACATCCATTTCCAGGGCCAGGCTTGGCGATTCGTGTCTTGGGTGAAATCACACCTGAGAAATTGCGCATTCTTAAAGAGGCTGATGATGTTTACATTTCTCAGCTTCGTAAACATGGCTTGTATGAAAAGATTTGGCAGGCCTTCTGTGTACTACTCCCGGTGAAAACTGTGGGTGTACAAGGCGATTCTAGGACGTATGATCACGTCTTGGCTTTGCGTGCAGTGACATCCAGTGATGGCATGACCGCGGACTGGTATCCATTCGAGTTTGCCTTCCTTCGCGAAGTCTCAAACCTTATCACCAATAAAGTGAAAGGTGTGAATCGCGTCGTTTATGACGTTACTAGTAAGCCTCCTGGCACAATTGAGTGGGAGTAGGATTAAAGATCAGTCTCCTTGTGTTTTAACGTTGGACCTGGGTGCTTGCGGCTGTTCGTGATAAACCATAGGCATACAAGTTCTAAAACTGAATAGGGGGACCGATGAAGCACTTGAAGTGGGTGTTTTTGGTAATCACGGCGGTGGCGGCTGTGGCTGTCGCATCTCAACATGCGTTTTTTCAAACAGCAGGGACCTCAAGTTTTGGTTACGTCATAGATTTTAATAATGTTCGTAAAGTTCAGAAAAGCATTCAAGATTATGAGATGCTGGTCGGGTATAACCCTGATAGCACACAGAGTTTGTATTTGGTCGATAGTCGTCTTAAACGGGCTTATTCTTTGGATGTGGATGGATTAACTGGGAATTTGAAGTTTTCAGCTCGTACGGGACCTAATCTGCAAACGGAGCTTTGGAAAAAAGAAGAACCCGCAACGTCTATTAATTATGATCATGAATTCTTGCTTGTTACTACCGGAGTAGAGCAATGTTGTGGCGCGATGACGGGTTATCGCATTTACGACGTGAAATCAGGTTATTTGATATTGTCATTTAATTCTTTTTCGGAAAATCCAGTAGTCCGTCATCCCTTTGTACTGGATGTTCCAAACTCGCAAATGCCTCAACGGTATATCGGTGTCATCAGTGGAGATAGCACTCGCGATACAGATTTTATCACTCCCACCTCTGGTATGGTCAAAACAGCTTTGGTGAAGATGGGGATCGTCGGGCAATTCTATCAGCGGCTGCAAATCGATATGCAAGTTGCTGAGGGTTATGCGCCAAGTATTTTGAGTGTGACGATGGAAAAGAATCCAGCAGTTCCTGGCAGCAACAGTATCGAAATTAATAATGACGTTGCCACACTTTGGAATATCGATGCGGGAACTGATCCCGCAGCCGTCCAAGGTGTGCAGCTTAAAATTGTTTTAAACGGTGGCGGCGGTGATCGGACAGTGATCATCCCCGTGATCAAAGATCGCTTAAGTGTGGAGCAGGCAACGGTACCTGCGGGGGTTGCCCTTCGGGCACAGGCCCTATAATCAATACGCTTTCCTGACAGTCGCGAGTCTTGCGGAGTTAACAAATTTGAATTACGATAGCGCATGCTAATTAATCTGACTCCTCTTCGTAAGTATCGTGATTTCCGCCTGTTATTCTTTGGACAAATGATTTCCTTCTTAGGAAGTATGGTGACTTATGTTGCCATTCCCTACGAAGTCTATGAGCTTACCAAGGACAATTGGTTGGTGGGAATGTTGGGCCTTGTGCAGCTTCTTCCAGTTCTTGTTTTCGGAATTTTAGGAGGAACTTATGCAGATCGCATGGATCGTCGTAAGTTGCTTCTTACTTCTGAAATTATCATGACATTAATTATTCTTGCTCAGGCACTGAACGCTTGTCGCGAAAAGCCCTCGGTGCCTTTAATCTTTGTTTTGGTTGCGATCTTTCAATCGGTGGTTGGTTTTCACCGACCTGCGATGGAAGCTATGACCCAAAAAATTGTGGCTCCTGAAGACTATCCGGCCATCGGTGCATTGGGCAGTTTCCGGTGGGCTGCGGGTGCCATCGTAGGTCCGGCATTAGGTGGGCTTTTAATTGCTAAGTTTGGAGTTAAAGGTGCTTACTTTTTCGATGTGGCTAGTTTTGCCGCAGCCTTTGTTGCTTTGTATTTGATGAGTCGCATGCCAGCTCCCGAAAAAAGAGATGTTTCTCCATTGGAAGATGCAAAAGCCGGCCTCAAATATGCTCTTTCAAAACCAGAATTAGTTGGCACATATGTGATCGATATTGTGGCAATGGTCTTTGCATTTCCTGTCGCTCTTTTTCCAGCGATGTCTGAAAACTGGGGAGGCGCAACGGCTGCGGGAGCATTATTTTCAGCGATGGCTATTGGCTCTTTGCTTATGACTTTATTCAGTGGTTGGACAGGAAAAGTTCATCATCATGGACGTGCTGTGGTGATTGCAGCGACGTTGTGGGCTGTCTTCATTATCGGAGTGGGATTTGCGCAAAATCTTTGGGTGGCCGTTTTGTTTTTAGGACTCGCGGGGGCTGCTGATATGATGAGTGGGCTCTTCCGTGGAATTATTTGGAATCAAACAGTGCCGAATGAATTGCGGGGTCGCTTGTCAGGAATTGAAATGATCTCATACATGTCAGGTCCACTCTTAGGAAATGCCCGTGCGGGATGGGTGGCTGCGAAGTATTCAGTTCCCGTGAGTATTACGAGCGGAGGTCTGATTTGCGCGGTGATGGTGGTTTTAACTGGCTTTATGCTACCCCAATTCTGGCGCTATATTGGCCCTGGCAAAGATGATCAAAAAATGGTCCCCGACGAAGGGTTAACGCAAGGCTCCTAATTTGAATAAACGACATAGCTAAGATATGAATTTAGCATGTCTTTTGTTCATCTTCATGTCCACTCAGAATACTCCCTTTTAGAGGCTGCCTGCCGAGTTAAAGCTATCGCGAAAAAAGCGGCGGCGATGAATATGCCGGCGGTTGCACTGACCGACAATGGCAACATGTTCGGCGCCGTTGAATTTTACTTTGCTTGTAAAGACAATGGCGTAAAACCTCTTTTGGGATTGGATGCGTATCTAGCTCCGGGTTCACGCCTGGAGAAAAAACAGGATCGCGATCAAGTGGCGCAAGGTCCACGCCGATTGGTTTTC
NZ_CP106855.1_gap75	2919700	2921225	1525	TGATCCGTGTGACCGTGACTGGTAAACACACCCTTCCATCGATGGAAGTTTTGAAAGAACGCATTCGCTCCCAATTAACTCAGGTGAAAAATATCCGTGAGCGTTTGGTGAGTTCTGACTCAGTTAGTTTTGAAGTCGATACAGTGGTTTCATCAACGGAACTTGCATCCAAGCTGGAAGCTTTGGATGTGAATGGTAAGAAGCTTGTGAAAGTTTCTGAAGGCCGTGAAGAAATCGTTTTAAAGCTGGCTCAATAAGGGGAGGCCTTTTGTGAGAATGTTTTTGGCTTTGGCAGTTGTAATATCCATGGTGGGATGTGTGACTGCGGATCGCGCGGGTGGTCCTCGTCGCGAAGTGCGTGATGAAAATCAGGTCTCTCTCAAGGACGAATCATCCCCTAGAAAACGCCTCATGGTTCTTCCGTTCCTTGATACATCCGATAAAAGACCTCAAAGTTTCCGCGATCGTGCGCGCTCTGCTTTCATCACGGATTTGAATCGTTCGGGTGAATTGATTGCTTTGGACAGTCGTGAACTAGGTATTGATCTGACAAAAATGATGGACCCGGCCGGTGGTTATAAAATGTCAGACGTTGCTAAGGCTGCAAGTGCTTTAGGTGTGAACGCCGTTTTGGAAGGGCGTATTCTTGATATCCGCGTACAAAGAAAATCAGATAATGTCGGTGTGGTCCGACAGCTGACGACGGGTTTTGAAGTTGTTGCCCAAGTGCGCGTGGTCACAACACGTGGTGGTCACGAGATTTTTAACACTGTAAAAACAGTTATTCTAAAAGACCAAGGCGTTCGCGTAGCTGAACGTGTCGAGACAGATAAATTTTTGCAGAACAATCCTGAAATGATTGAAGTGATCGTGAAAGATGCGTTTTTGGATTTCTCTCCGCAAGTGCTGGCTGCTTTGGAGAAAATCTCTTGGGAAGGGCGTATTGCCGCTATTCAGGGGGATCGAATCTATTTGAATGTTGGAAAAGTTTCAGGGTTGCAAATGGGAGATCTTCTGCGTGTGATGGAAGATGGTGATGATATTTATGACCCAGAAAGTGGGACGCACATTGGCCGTGCTCCAGGTAGATTGAAGGGGACTTTAGAAGTCATATCTTATTTTGGCACAGATGGCGCAATTGCAATAATTCATTCGGGATCTGGTTTCAAAGAGAACGATCGCATAGAAATTTATTAATCTTTAATTCTTTGTCTTTCGAAATTAATTAGGAGTATTATCAAAGTGTGAGATTTATTTTTGCACTTTGTTTGTTGATGCTCGTTTCTTCAGTCTCTTTTGCCAAGGACTGGAAGGTCGCCGTTCTATACTGGAGTATGAAAATCGAAGGCCAGGTTGCCATGCGCAAGGGTCTCGAGGAACAAGTCCAAATCTATAATAAAGAAAATAAAGGCAAGAGCTCGATCAACCTTATCCCTTTTGTAGCGGGAGAAGGTCGTAAAGGTATCGAGAACCAGGCAGCGCAGATGCAACAGGCCTTAAAAGAAAAGCCTGATGTTATTGTGAT
NZ_CP106855.1_gap76	2930323	2932491	2168	CAAGTGTTTTGGGCATTGATTGCTCGGGTTACGTTTACACCTCCATGGCCACGGCGGGGTTGCGCTTAAAAGAAGGTCGCTCTTTGAAAGCATCTGACTCTTGGGCGTGGGGTTCAACTTCCTACGTCGAGCCTGCAAAAAATGGTTTAACATGTTTAAGTAAAATCACGGTCACACCTGCAATGAGTTTACAAGCAGGTGATATCGTGGCTGTTCCTGGACACGTGATCATTATCGATAAGGTGGGTGCCGACCCCTTTGGTATTGCGAACGCTCAGGCGGCAAGCGATTGCAGCAAACTTACTTCAGACGGTTTTGATTTTACGGTGGCGCAAAGTTCACCAAGTAAAGAGGGCGTGGGTATCAATCACTCTTTAGCTAAGGACTATTTGCCCACAAGTGAGAAAATGCAGGCAGGTTTGCAAAAGTATGCTTACTACGCGTGTCTTGCTAAATTTAATGCTAAAAATTATACACCAAGTTTGGGCACTTTATCGGTGGTACGTCATAAAGGAACCAAAGCTTGTACGGATACGCGCGTCGTTTTATCTCGAGAAAGCTGCATCCAGTCGTGTTCGTCATCTGCATTTACGCAGTAATTTTTCTGAAAAAAGGAAATGACTTCAGAGGGCTCCATGATATGGGACCCTTTTTAATTATAAAAGAGAAATATCAGTAAGAAGTGTTTGCATAGAGCTTTTGCTGGGCTATAACCGCTGCCATGAAAACAATTTCTATGCTTATGGCTTCAATTGTGATTTCGACGGGAAGTTTAGCTTTTGCTCTAACTGGATCTTACTGTGATGACATCACTCGCTTGGATCAGCTTCCTCATTTAAACTCTGTGCAGTTCAAAAATTTCTTTATCGACGGCACCAAGATTGATCGCATCATCATCTCTAAGGATCGTAAGAAACTTTATGCCCTTCGCGACGATGTGGTTTTAAAATCTTATGACGTCGCCTTTGGAAACCCCTTCGGTGCTAAGCAATTTGAGGGAGATCGTAAAACTCCAGAGGGAGTTTATAAAATCGATGGTAAAAACAAGGAAAGTTTGTTTTATCGGGGACTGCACATCGACTATCCAAATAAAGCGGACCGTGCTTATGCAAAGTCACAAGGTCGTTCTCCGGGTGGCGATATCATGATCCATGGTTTCCCCAATGATCCGACTCAAAATGCATTAGTGACGGCGGTTCATCCATTTTACAATTGGACCTCGGGATGTGTGGCCGTCACCAATCCTGAAATCGAACAACTCTTTATGATGACGAACAAGGGCGTGACAGTCGAAATCTGCAAAATGTCGACGCCACCGCAAGCTCCCCAGCCTCCTGAGCCGCCTCAAGCCCCCGAACCACCGAATCAGCCGGAACAGTAAGATAACGAAAAAGTCTTCTGAACTCAGAGGGCTTTTTTTATGTCAAAATTCGACCGACAAAAGTCCAGCTGGATGCGAGAATTCGTATCCCAAAATGAGAGTCCATGATGGAATCAGAGTTAAGTGCAGGTTCTTGTTAAAGATTTAGCGTGATGTACCGAAAAGAACCACAACTATGAGGTCGTTATGAGATTGAAATTGAAGCCGTTATCTACAATCAAAGCACTCGCAGCCACAGCGTCCGTTTGGACTTTCTGTATGGCACCCGTCGCGCAAGGTGCTGCAGCGGCAAATCAAAAGCAATTGATCAATCAATTCTTGAAAGAGACAAAGCTTTCTACAAAACAGCAAACTGTCTCTGAATTCTGGCAAAGCGTTCGCCACGTTTTCCCTAAAAAACCTCAAGCACAGTTAGATACTTGGGTGCGTTTGAATGGCTCTCAACCAATGCCGAAAGTTGAAGCTCAAACGATCAAAGGTTCTGACGGCAAAGAGCAAGTTCGTTTGAACTTCCTTATGGCTGGCGGAAAAACAATGACGATCATCGTTTCTGGTGATGAAGATCAATTCATTAAAATCAACTCTCAATGGTTATCTGCAAAAGATCTGTCTCGTTATAACAACTTTAACGACATCGTAGACAAACTTGCAAAAGATCCAGAAATCAAAAAAGGTTTGGAATCAAGCCCGGTTCAGAAAGTCACTGTTGCGACAAATGCTCCGAACAAATTTAAAACTCAAAAAAGATTCCTAACAGGTCGTGAGATCGCGAAACTTCCGACTCTAA
NZ_CP106855.1_gap77	2941801	2944226	2425	CCAAATTCGGGCAAGAGCTAAAAAGAACGCAGGAAATCGTCAACGAGAAAAACGACGATACGCAAAGACTTCTGCGTCGTCGTACGGCGGCCGTGGCAGAATCACCTGAGGCAACGACACCAGACAATTCTTTAAGAAAATCTCAGCTACAACAAGAGGTCCAGGCGCTTTCAAATCAAGTGCTTCAGGAAAACCAAAAATTGGAAACTCAGCAACAGTTTTTAAATGAACTTCGAAATCGCAACAATCCTGCAGCGGCGGAAATCAATTATCGGAATCAAATTAGCACCGCCCACCGAGAGATCCAGTTTTTAACTGACACCCTTCGTTTCAATCAATTTAACGAGACCGATGTCCAGCGGGAAGTCGAGCGTTTTCAGGCAGAACAAAGCAGTGCTGTGCGCCTTTATCAGGAGCAGATGGATCAAAACATCAACGATCAAGAGGTCTTAGTTCGCAGAACTCAAGAGGACCTTCAGTATTGGAATGGAAATTTAAATGATCTGACCTTACGTGCTCAGAATGTTCAAGTGTTACAGCAACAACTCGCAAATCAAACGCAACAGTTGCAGGATATGAAAGTACAACGTTTAGAAATCGCAGCCCGGGCCTTAGAAAATACTCGGGCTCTCCAGGCCCAGGCAAGGCAACTCGCCAATGAGACGTCCCAAGCCAGAGCGGATATTCAAAATGAGATCTCTGCACTCCGCGAAGATATCCAAAGGCTCGAGTCTAGCTACAGCCAAACCCGTTTCACGCAGATGTCCGCCCAATCTCAAATGCAGCAGGCTGAAAGAAATGTCCAGGGGCATAAAAAAACCCGATCTGTTTCCAGACCGGGTTCGAGTAAAAAAGAGCTGGCGTCGTGCTACTCTCCCACATGGTCGCCCATGCAATACCATCGCCGCAAGAGGACTTAACTTCTGAGTTCGGAATGGGATCAGGTGTGGCCCCTCTGCTATAAACACCAGCAAAGCGTTTATTAAAACAAAGATGAAGTACGTTTATACTTCGTCGTTCTTCTTTGCAACTTACTTCCAATACAAATGGAGAAGTTACTTTCTATTTCAGACAACTGAATGATTGATTTAATTGATTTTTAGCGAGTCGCTGTTAGTTCCAAATTTTAACTCTCTTACTTATTCAGAGAGCTAGTCTCTCGTTCTCACTTAAGAGAAGTCACTGAGACGAAATCTTCGTAACTTAAAGTTAGAAGAATGTTTTTTAAAAAAGCCTCACGACCTATTAGTACGGATCAGCTGAATACATTACTGTACTTACACCTTCCGCCTATCAACCTCGTAGTCTCCGAGGAGTCTTTAGGGGGCCGAAGCCCCAGTGAGATCTAATCTTGTAGTCTGCTTCCCGCTTAGATGCTTTCAGCGGTTATCAGTTCCGAACATAGCTACCCTGCATTGCTCTTGGCAGAACAACAGGAACACCAGAGGTTCGTCCATCCCGGTCCTCTCGTACTAAGGACAGGTCTACTCAAATCTCATACGCCCACAGAAGATAAGGACCAAACTGTCTCACGACGTTCTGAACCCAGCTCGCGTACCACTTTAATTAGCGAACAGCTAAACCCTTGGGACCTGCTCCAGCCCCAGGATGTGATGAGCCGACATCGAGGTGCCAAACTCCATCGTCGATATGGACTCTTGGATGGAATAAGCCTGTTATCCCCGGAGTACCTTTTATCCGTTGAGCGATGGCCCTTCCACGCGGGACCACCGGATCACTTTGGCCTGCTTTCGCACCTGCTCGACTTGTAGGTCTCGCAGTCAAGCCCCCTTATGCCAATGCACTCGACGCCTGGTTTCCAATCAGGCTGAGGGGACCATCGCGCGCCTCCGTTACTTTTTGGGAGGCGACCGCCCCAGTCAAACTGCCCACCAGACAGTGTCCCTCTCCTCGTGACGAGGAGCAGGTTAGATTTCAAAGGTGCCAAGGGTGGTATTTCAAGGTTGACTCCACAAGGGCTAGCGCCCCTGCTTCAAAGTCTCCCACCTATCCTACACATGCCAACTCTAAAATCACTGCCAAGCTACAGTAAAGGTTCACGGGGTCTTTCCGTCTTTCTGCGGGTACTCGGCATTTTCACCGAGAATTCAATTTCGCGAGGCATTTGGTCGAGACACCGGAGAAGTCGTTACGCCATTCGTGCAGGTCGGAACTTACCCGACAAGGAATTTCGCTACCTTAGGACCGTTATAGTTACGGCCGCCGTTTACTGGGGCTTCGATTCTCAGCTTCGCTTGCGCTAACTAATCCTCTTAACCTTCCAGCACCGGGCAGGCGTCAGTATGTATACTTCGTCTTGAGACTTTGCACATACCTGTGTTTTTGATAAACAGTCGCTACTCCCATTTCTCTGCGACCCGAAAAAGCTTGGGGAGTAAATCCTTACACTCTCGCGGGCACACCT
NZ_CP106855.1_gap78	3016547	3017559	1012	ACTCATCACAGCGATGGCTGTAAGTACTTGAAGAATAGCATTACCCTTCGTATTTCCTTTATACCTAAACATACCGATGGTTTCCTTGTTATGAGTTCTTATCGGCAAAGAACTCACGAAACCTTACGGAGCAATTCGATTATTTCGAGGAAATCTAGATAATTAGATAGGCTTCATGACTATAAAAATGCCACAAAAGTGAACTTTGTGGCTCAACTTAGTACAGATCCAAGGTCGGGTCGTTTAATCTATTTAAGAATGCTGAGGGTCTAAACATGAGACACCCGTTAGCTCTGTCTCAATAGTGGCCTCGACAATTCCAAAGTTTTTCACGCGTTTTTTTATTTCGTTCTTTACGTTTTGCATATCGGAAGTATTCGCTTCACTTTTCAAAACAACATGCGCGGTATAAACATGGTTTTCACCGTCAAGGGACCAAAGGTGCGAATGGTGAACATCGACGACCATCGGAATCTTTTTGATCTCTTCAGAAACAACCTCGGCGGAAGCCCCGGTTGGAGAAGCCATTAAGAACACCTTCATGGCTTCACGAAGATTTTTGAAAACATTGAATAAGATCCACAATGACAATGCCACGGCAAGGCCCGCATCGACTTGTGGGATGTCCCAAAACTTCATGACCAAGGCTCCGAATAAAACCAAAACCCAACCTAGAACATCTTCAATCATGTGCCACATGAGCATCCGCTCATTCAACGAAGTCCCTTTAGAAACTCGGAGTGCCGCAAATCCATTTATTGCCACACCCATAACCGCTAATACTAACATTCCGTTAGCATGAACGGGCTGCGGGTTTAACAGGCGCGGAACTGCTTCCACTAAAATAAAAACAGAACCGATGATCAGTACCATCCCCGTGATGACCGCACCCAAAACAGAAAAGCGACGATATCCATATGAAAACTTTTGATCACTCGATTTATGAGAAACTTTCTCCATCACGATAGCAATGATCATCGCTAATGCATCTCCGAAATCATGAAGAGCATCA
NZ_CP106855.1_gap79	3085257	3087579	2322	CAGACCCCTGATCCGACACCAACCCCTTCTCCATCACCGTCACCTACGGCGAGTCCTTCTCCATCACCGACTCCTGAGGCAGCACTGGCAGTGGCTCCTATTTGGGAAGCTGCAAAAGCTGACGGTAAGTTATGGACGGCCCACGTGATGACTCAGCTTGAAGTTTTAGGCGATGACCTTTTGGACGTCATCCCTGCTGACGGCGCGACATTCTGCCCTAAATACAACAGTCTGACTCGCGACCAACGCAAGAATTTCTGGGTGTACTTGATGTCACAAATGGCAAAGTATGAATCAAGCTTCAATACGAACTTGAATTATACGGAGGACTTTGATGACAGCTCAGGAAATTCGGTGATCAGCGCTGGACTTTTACAGCTGTCGGTCGAGAGTGGAAATGCTTACGGTTGTGGTCTGAAATCCACTTCGGACCTCCACGACCCTTACAAGAATCTGAGCTGCGGCATTCGCATCTTAAATCGCTGGATGGGCCGAGATGCACGCATTGCAGGCCAAGTCAGCGGCAGCTGGAAAGGTGGAGCACGTTATTGGGCAGTCCTTCGCTCGACAAACTCCCCTTACGCGAAAATCGTCGCGGCAACAAAAGCTATCTCGATCTGCAAATAAACTTTTAACAGGACTAAAAACGAAAAAAGCCTCTCGGAAAATGAGAGGCTTTTTTACCCTAACAAGGGATGAGCTCTTTGAGAGCCTCTTCAGAAGGTTCTTTATCCCACAGAGAGATCACGTAACCCCCACCACCGGAGCCCGTCGGTTTCACTGCAATCGCGCCCTGACTACGAAGCCAAGCAATATGATTCGCTGGAGCCCCGTCATTTAAGCCCCATTTATCAAAACAATCAGCTCCCATTTCAATAGCCTCGACCAAGAACTTACGTCCTTGCTCTTCATCCATCGCCAATGCTTGCTGAGCTGTTTCGACGGCTTTTGCCATGTTCATATCAATTTGCTGTCCCACTGGCGGCTGCTTAGCCAAAAGATCTTTCACCTTGTTCACTGCATCCACAGTTACGCCACGCTTGCCAGAATAAGAAATATACCAACGAGGTTTCCATTTGGGAGTGATCTGTTTGCGCTCACCATTGCGCACGAATCGCAAACCCTCCCCCGATAAGGCCACGGCGATATCAATCCCGCTGCTCTCACCGTGGAAAAGATCTTCTAGATTTCTGGCGAAATCAAAGTATTCAGATTCTTGAACAAAGCCTAAGTGCCCTAACCAACGAGTCAGCGCTACGCAAAGTGCCGCAGAAGCACCCATTCCGGCTCCCACAGGCAGCGAGGAATCCAGATGCAAAGTCCCCGTCAAATTCTGGCGTGAAATGCCTTTTAACTGAAAGGCTCTTTCTAAGACTCCCCAGATCAACAGCTGAAGTTCTTGTCCATGATCACCATGCAGATCCAGTGACAAAGGATGATCGCCCGGAGTGTATTTTAATTCCAAAGTTCTGGAAGGAATAGGAAACACTAATGACGGATATCCACGAATCACCGAGTGTTCGCCGACCAAGATCCATTTTCCGTAAGCTGTGCATTGAAAGCTAGTGGACATCGGGTTTTACGCCTTCAAACGCCAAGATTTTAAATTTCTCACCAAAAAACTCACGATATTCTTTAAAGCGCTTCAATTGATCGTGACGGAATAACATATGAACATTGGCGCCGGCGTCCATTGTCACCAAAGGACCATCTTGCCAACGATTCCAAAGTTTTTGGCATTCTTCCAAAACTTGTTTGGAAGCCTCCGTCATATAGCTAAATGCTGGTGTGCTTGTTTCAAACAGACGGTGCATGTCAATGAACTCGTCCCAAACAATTTGACGAGCCATATGCCAATCCGTCGATTGCAGTGCCTGACTTAAATCGGCCAGACGAAGTTCCGCTCGCTCAACTCGCCCGGTGAAACGAGGACTTGTTGTCACAAGTTTATGGGCTTCTGACGAAGAGACTTCTTTTTTAGAGGCTTCCACAACAACACAGATGTGGTGCATATTTGTCAAAGGCAAGTTCATTGGTTGAGCATACTCTTGCTGCCACAAAGCCCACGGTGTGAACAATGAACGGCAGGAAGATCCTGAACCTTGACGAGATAGTTCTGACAACGTTTTCTTGTCGGTGCCCCAAGGTTGCGGATTCAATTTTTGAAACATTTCTGCTGCCGCTAAAGTCAAAGCTGCAAAGCTTGAAGCGGAACTAGCAAGGCCGCAGTCAGAGGGAAAGTTATTCGCTGATTCCACCAGGAAGTTTTTTGTGACTCCCCATTTGTCTTTCAAATTTGCTAAGTGTTTTAAGAATCGCTGT
NZ_CP106855.1_gap80	3116779	3121598	4819	GCGGGATGGATCGCCGTATTGTTCCGTGACGCGACCGCCAAAATACGGCCAGTTGTATCCAACTTTGAATCCTGCAGTCACATAGGCCGCTATCACCAAGTCTTTGAAACGCGGATCACAGCTTTTGCCTTTGCTATCGCTGACCACGATATCAGCACGGCGCTCGCCTGGATCGCGGTGCTCAGATGTTCCCACCGATGGCATCGAGTGCGCATCAATGTGGAAGGTTTTCGTGTAACCTGCTTGATGAAGTTTTCCGTAAAGATCACGGATATTATTATGGAAAGGCTCGTAAATGAGCTTCACCAACTCATCGTGAGCTTGTTGGGTCATTGGTTCTTTCATCAATGGATGTTTGTAGGTCGTGATCACCCAGTGAAATCCACGGTTGTGCATTCCTGCTGGATTTTTGTTGCCGATCACAGAAGTTGAATCCACGTCTTCTGGAACGCGATTCATATCGGCGGCATAGCGATGCCACTCGGTTTTAACAAATGGGATTTGAAGTTTGTGAAGTGTGGGTTCGTACAAGAAGTCAACGTACCGATCGACATCGCACATCACAATCTCTTCTGGCAGAGCATTCAACCAGGGCGTTTGCGGCGGGATTTTTTCACCGGAATGAGGAATAGTGACCATTAAAGGAGCTGTGATTTCCATCGGAACCTCTCTTGACCCACTCATACTAAAACGCGACACTTATATTGAAAAGGGCAAAAGTTATGACGACACCTCCCAAAGCAAAGATCTACACTCGCACCGGTGACAAAGGAACGACTCGTTTGGTTGATGGCTCCTGCGTCGAAAAATTCAATCCCCGCGTTGAGGCCTATGGGACGGTGGACGAGCTGAACTCCTATTTGGGAGTTTGCCGATCTTCTTTCCATACCTATCCAGAGCTACTTTCATTAGACGGAATTTTTGAGAAAATACAAAATGAACTGTTCAATATCGGTAGCTTGCTTGCGACCGAAAAAGACGAAGTTTTCCAAATGTTGCCCCCAATCACCGAAGAACAAATCCGTCGTGTTGAAAAGAAAATCGATGAATTAACGGCTGGTTTGCCAGAACTTCGCAATTTCATTTTGCCTGCGGGTCACATTGTGGCTTCACACATCCATGTCGCACGCACCTGCTGTCGCCGCAGTGAACGTCGTGCTGCCGAAATCGCAGTCAAAGACGATCGTTATTCCATGTGTTTGCAATACCTGAATCGCTTGAGTGACTTTTTGTTCGTGGCGGCCCGTTGGGTTAACTTGAAGATGGGACAAAATGAAGTCCTTTGGAAACAGACTTAATGAGACTTGAGATCGCCTCCCCCGACGACTCCGCTGCTTTGGTTGAATTTTACAAGAGTTTTCCATTAGATGGTCCTGTGCAAATCAAGATCGATCGCGATGGCAATTTCTTTAAGCCCTATGAAATTCATGGCGAAAAATCTTTAACCTACATGCTGAAGGACGAAGATAAACTGGAGGGAATGGCAAGCTTCGTGGTGCGCGATGTTTTGTTAGATAATAAAGTTCGCACCGTGGCCTTTGGCCGTGACCTGCGTATTTCATCGAATCGTAAAGCAATCATAGAATGGGGCCAGCATTTTTTGCCCGTGATGAATGAAGTCTCTTCGGTTCTTGATGCGAAGTACTTCTTTACGGTGATGAGCTTGAACGAAGCAAAATCCATGAACGCCTTCGTTCGCCAAAGAACTTTGAAACGCCCCTTGCCTCGTTATCACCTCTTCCGTCGTTTCAATATGATCTCGGTGCACGGAAGATTTCCATGGGCGAAAAATCCACTTCCGCATTTACGCATGCGCCATGGGAATCAACAGAACGTGGATGCATTGATTTATTATATCTCACAAAAATCCCGGTCCAAGGATTTAGCCACGGTCTGGGATGCGCAAAGTTTTCACGACAAATTGGATCGCTGGGAAGGCCTGAAGCTTGAGGACTTTATTATGGCGATCGATAAAAACGATAATATCGTCGGGTGCTGCGCACCTTGGTCTGCCGAAGGCATGCAAGATTTAATTCCAATGACCTACAATTTGAAGGCTCACAACTTCCGTCAGTTTTTAAAATTCGGCAAGATGCTGGGTTGGACTCGCACGATGACAAAGCCCTTTTCGCGCATCAAGATCGAAGCCAGTTTGAATTTCAAGTATTTGAATTTCCTGCACGCCGACAATGGTGACATTTTCGAAGCGTTATTATGGAAAGCTTTCGATGATGCTCAAGAAAATGAATTCTTGGTATATAATCAGATGAGATCAGAATACGTCTATCGTAGACCTATGGACTGGGTTTCGGCGAAAATCCCCTTCGGAGTTTACCTCATGACCCCGCCCGATTCCGAGCCACCAGACTTCATGCACCCCGTAAATGAAAAAGCCATCGAGATGGAGCCGTTCTTCACTTTCTAAAGGTACGGCCTTACTTTCTAACGGTAGGGCCTTACCTTCACCATCGAAACCTTACTGAGTAAAGTTTCTTGGTAGCGCGGCTGTTTAAACAATTATTTTACTGCATTTTTTTGGGCTGTGGCGCCGGCTTTGGATGAGGTTTTAAATTTCCGTTGCAGGTCTGTGCGAGCTTCGATGACGGCGTCACTAATGGATCTTTTTCCGTTGGATGTTTTGCTGTCGATGAGGTCTTCGCATGTAAAATAGGTGAAATCGAGCTCTTGCACGTTGGCTTGAGTGGGCTTTATCGCTCTGACTTTATCCAGATAGGCGGCGATAAATTTATCATAAAGTTCAATGACAGCGTTGACCGGCATCGAACGGCCACCCAGTTTTTCCATTGAAACACTACCTACTTTATCTGTTCCCCACTGAGCATAATTCCAAGCTGGTTCCGGCCGCTTTCCTTCATCTTGACGAATCAAATTTAAAGAATCATCACTGGAGGCCCATTGCATATCCATGTAATCGACCCGCACAACCCCTGTCTCGAGTTTCTGCAGAGCTCGTAAACACAGAACACGCTTTTCATCCAATTCCTTGGCAAAACCAAAGGATGGAATCAGGCAGATTGAGATTGTTAGAAATAACTTTAAATACGAAGCCATATCTTATGATCTCAAATTCAGGAAGAAGTGTAAATTACCAAAAAATAGGCATATGTTCACAGCATGAACACGCAAATCTGCGGGATCGAATAGATTGTTTTTAGGGGCTGTTATAAGGGTCCAAATGAGTGTTCGTTACACGAAGTTTCGTGAGACTCGGAGCATGTTCTTCGCCCACACAATTTTCAATCATTTTCCTCAATTTCGAATAGGCTGGCGATATGTACATCTTAGATTGAAGCCACGCCATTGCATAAACGAACACCAGGATGAAAATAAGATTTGGGATGCTGCCGTTCATATAGACTCCCAAAACCACGGTCACAATGGCGACGCAAAAAAATCCAGTGGCAAATCGGCGCTCACTGGCGCGCACAATTTCAACAGCTATAAAATCAGAATCATTTCTATTTTTAACAGTTATTTTCCACAACATAGGAATCAAATAAAGGCCGGGATGAATATCTGATTCATACATATTGATGCGGAATTCTTGCTCTGACGAAGACACGAGCTTACCGCCGGTCAGAACCAGATGCTGCTTAAGTCTTGCGAAAGAGCGAGCCTTGTCGGCTGATTCCTCATAGACGTGATGTGTGTAACTTGGAAATATCCGAAATTTAAAACCTTGCTCCACGGACCCTCGTAAGAGCTCTATTATCCAATCAGGATCCCGATTTTACAAACTTTGTCGATACTAAGGAATCTTCGATTGCCACTTCACAGCGAGCGAGGGCTGGGGAAATTGAATGGAACCAAATAACGACGGAGCCGTCTTTAAATCCCGCCCATTTTGCTGGTGAAAACGTTCCACGATTCGCGGCATTTACAGTGTCACCGGCTGGGTTCCTTAGAACCATTTTGTCGAATGATGAAGCTCCCGTTAATTGCATGACTTCGTCCAAAGACTTTCCGATTTGTATTTGATCGCAGAAATCTTGAGCTCGGGCTTCGGTATTCTTAGAGCTGATAAGGACCGTAGCAATGCCTCCCACAATAGAAACACTCAGAAAACCCACGACTATCACAAGCATTTTGATGACTTTTCTTGTTTTTAAACTCATGCATCGACCTCACTCAAAATAGCTTTGAGTTTATGATAATCAGAGTCAACTGCAAAATGCATCGCTCACACATGGCCATCTTGAATGTTGGACGAGGACTTCACTGATGATGTCAATTGCTCTCGAATTTCCTCGAGTTCTTTTATGGCCCTCCGTTTTTCTTCAAATTCTTTCGCTTGTCCTAAAGAAGACGAGAGCATCACAGAAACGAGTGAAAACGCTTTAAAGACTTCATCGTCATAGAAATTAGGACTCATTGAATAATTTTTTAGAACGCCCAAGAGTTCATCTCCATAATACAGGGGCACGATGATCATAGAGCGTAGATGAATCTTACGGCACGCTTCGCGATCCACGCGGTCATCAAGTTCGGAGTCTTTGCACATAAGAGGTTTTTGCTCCCTTAGGCACAATCCCGAAAAACTGCTGCGCGCTTTAATTCGAGTGCCAATAAAGGAACGAGCGGCACCTCCAGCATAACGATACACCAGATCTCCACTGTCTATATCGAGTTCTTCAATAATGGCGCCATCTGAATCCGTCAAATCCATTGATAAGTTCACGACCTTATTTAAAATAAGGTCAATATCCATGCGCGAACTTGATAAGTTATTCTGGATTTCAATAACTTTAGAAAAAACCTCCTTTGTTCTTTCCAAGGATCGATTTGATTCCATCATCGA
NZ_CP106855.1_gap81	3190610	3194107	3497	GTTCCTGTTAAACGTTCATAAATTTTTCTGGCTTTCAGTTCCATTGCGGAAGGATCTGCGGCTGTAAGAACGGGTTTAACTTGCGCGTTCGCAGAGTTAGTCCCTATTCCCATTCCTAGTATAATAAGTGGTAAAAGTAAGAATCGCATTTCGCCCCCCCAGGCCTTATCGACAATTTTCACGCACAAATGACAGTTAAACGATAAAAAACTCTTGCAATCTCAACTTGATACTGGAGAACTTTTTTTCATGGGGGGTGTTTTGACTAAGAGATCTCCATTTCAGTTGTTCGACTTCATATATTCAAGCTGAATTCACTGGAATTTCGTCGGTTTTCACTGATAAAAATTAGCCACTTTTCAGCGACTTTTTTAGGATCTAAAGTAATCTTGAACTATGAAATTCAACGATCATCAACGATGTCCTTCGGCGAATTTCGGGAACTGTGAAATTCATTCTGTTGTTTGTGCAAAAAGAATCGTTTTCATTCGGAAAAAAGACAGACTGAGAGCCAGTTTTTACACCCCAAAAACCTGTGGAGTCACACTCCTCTGTTGGCAGTCTGCTTGAATTGTTATTGAAAACACTAAGAATGAAATCATGAAAACACTCCTGCTGCTTGCGATTTTTCTGATGATGGGAATCCCTTGCCGTGCAGCTCTTTCACGGGAATCAGCGGTTAATATTATTACCTACTGGCCTACCGGATTTCGGGTGGATAACAGCGAACAAGGGCTACGAGTGCAGCGTCTTTTACGCAAGATCAAAGATTTAGGGGTGACCACTGTCATATTCAATTTTCGCAGTAGAATGATCGGTGGAATTACTAATGAAGTGACTTCCGTGGTCCCCGCCGATCAGCAGCGTGAGGAGGAATACCACCTGGAAGCCACAATTCACTATGCGCATTCGCTGGGTTTGCAGGTAGCTTTTCGGCCCATATTATTAGTGGTAGGTCCCCATGGAGAATTTCCTTACGAAGATGCCAACGGTGTTTTATGGTGGCATGGAGTGATCAATCCTTCAGACCCCGAAGAATGGTTTCGCAGTTTTTTTGATTACCATTCCCGCTATATGAAAATCGCCGCGCGTACAGGAGCTGTGTGGTATTCAATTGGGGCTGAAATGCATTCGTTGACCTCGGGCTTAGGCAGCCGCAACCGCCCACGACGTTTTGGTCGCCCCGATTTATGGATTCAGTTCGTGACAAGAGCCCGAGACCTGATGGGACCTCAAGTGAAAATCACTTATGGTGCAAACTACACGGATCAATATGTTTTAGAAAACGGGGTTCGCACCTGGGGTGGCGAGTTCGAGCAATGGCGTCACGATATGACCTTCAAAGCTCGCTCAGAAAAAGAAATCCGCCATCAGCAAGACCTGCGACAGTTGTGGCGATCCCTCGATTTCGTGGGACTTGATTATTATCGAGCTTTGGGCACATCAGATGCAACTTATCCAGATTCTTACGATGAACTCATAAAAGTACTGAATCCCTTTTCCTTCCAATACGCTAGCAATTTGCAAAATGCCTTGGCACAAATCAACAAGGCCGCGGCGACTGAAAAACCGCTAGCGATTCAGGAAGTCGGCTATCGCAGCGTCGAAAAATGTTTCGTATCACCCTATTTATACGAAGACGGTCAGACACCCATCAACTATCAGCACCAAGCTGCCGCTTGGGATGCATTGCTAATGTCACTCTGGAATGACAAAACGCCTTGGATGAACAGCATCGGCATCTGGCAGGTCTTGCTGGATGATGACAGCGACACCACAATCAACGGCGGCTTCTCCCCCCTGGGCAAAGCCCCCACCGAAAAAGTACTAAAAAGGTACTTTATCCCGCCCGAATAAATACCGTACGCACCAAGAAATACCTTAAAAAGGTACTTCCTTCCCTCCGAATAAATACCTTACGCACCAAGAAATTAGACAGTTGCAGCTTCCGAAGGCGCAGCTGTGTGGTGGCTTGAAAAGCAGCGACCTCCGTGGGCGCCACGATGGCGCGAACTCGCCGCAGGCGAGCCACGGCTGAGCCACGATGGCGTGTCGCGGAGTTGCAGGGCATCAGGCAGCTGCGCCTACGGAAGTTGCAGCTGCCGAATTTTTACGAGTTAGGGATGGGAGTGCCATTCACACCAGTTCATGGCAGGCACGCTACGACCCTCAGAGATGAATTCGAGAACCTCGACAATACTTTGACCAACGCCCATAGCGGAAGCCGGGTTTTGTCCTGTGACCAATCGACCACTTTTAACGACGTGAGGAGCAAATTTTGAGGCATGGGTGTAATGCGCTCCTCTTGAAATGATTTTGTCTTGTAAAAGGAAAGGGACCACGTCTTCCATCCCCACGGCTTCCTCTTCTGAATTGCTAAAGGCTGCGACTTCGTGATCTTTGATCAAATACTGTCCATCAGAACTTCGAACGTTCACCAGCCCAACAGTTCCGTGGCAAACTGCGGATACGATGCCATCATTTTCCCAAATTTCTTTGGTGATTTCTTGAAGTTTTTTGTTATCGGCAAGATCAAACATGGCACCATGCCCGCCAGCATAATAGATCGCGCAGTAATCATCGGCATTCAGTTGATCTGCCGACAAACTGTTTGCGATCTTTTCCAAAAAATCCTCGTCATTCATCCACACGGCGTTGACGGGATCATCCATCTTCACACCGTCCAAAGGAATTTCGCCACCTCGGGGGCTGGCAATATCAATCTGATAGCCAGCCCCCGAGATTTCGTCATAAGGATGGGTCAGCTCAGACAAGAAGGCCCCGGTGCGATGCCCCGTATTTCCTAATTTTGAGCAGTTCGTCGCCACGAATAGGACTTTCTTCGCCTTCATAAAATCTCCCCTTTTTTTAAGGATGGTCGATCCCTTGGGGAAGAACCAATTTTTTGGAAAGTTTTGCGAATGATCAAAGGGATTCCTGGACAAAAGCAGGCCAGACCCCTAGTTTGGCACATCATGAAGATTCTTTTCCAAGACGAACATTTTATCGCGGTTGATAAGCCATCAGGTTTTCACGTGCATCCACCCGAGGATTCGCAATACAAAATTCCTCGCGATAAAATCTGTTTGTACTTGGTTCGTAATATGATGAAGCAACACGTATTTCCAGTGCACAGACTGGATGCTGCAACCAGTGGCGTGTTGTTGTTTGCCCTGTCTTCATCGGCGGCAAGTGTGCTTTGCAAAATGTTTGCAGAACGATCCCCTAAAAAAACCTACTGGGCGGTGGCCCGTGGATATATCCCCGAAAAGGGGGATATCAAGGTGCCGCTGGAATTGGACTCTACGGGCGACCTGGTTGATGCACACACTTCCTTTGAACGTAAGGCCACCATCGAAATTCCCGTCGCCGTTGGGAAAAAATTTCCGGTGGCTCGCTACTCGCTGGTGGAGGTTAAGCCCCACTCCGGCCGTTATCATCAGATCCGTCGCCATTTCAACCGTATCTCTCACCCCTTGCTTGGCGATGCCTATCAC
NZ_CP106855.1_gap82	3216127	3216752	625	CCTTGCGGAGGCTGGGTTGCTTCGATCAAGTTACCGTCAATGCGAAAACGCACGCGGTATCTTTTTTCGTAAGGTTCAAAGTGGATATCCGAAACCTTTTTGATGATCGCATCACCTAAGATTTGATTCACGAATTTTACGATCGGAGCTTCTTCACCACCCGAATCGGAGTCGATAACTTCTGTTGCCGTCGCCGTGGCAGAGTATTCCTCTTCCATCGCTTCAGCGACGGTATTTAGATTTTTAACGCTGATGTTACCGCCATAGTATTTTTCAATACTGGCGGCGATCGCAGTTTCTGTCGCAACAACCGCTTGGATTTTACAACGAGTGATGAAGCGCAAGTCTTCTTTCACCATAATGTTGCTTGGGTCAGCAAAAGCAACAACCAAGGTATTTCCGGCTTTTTGAAGCGGAATCAACTGATTGCGATCACAGACATCACGCGGAATTAATTGAATGACAGACGGATCGATTTCAAATGACGAAACTTCGACACCTGGGACAGCAAAATGCTTTTCCATGGCACGAAGGATTTGATTTTCTTTAAGGTAGCCCAGCTGAGTGATGACACCTGTAAGGCGCGCAGATCCGGTTTTTTTCTGTTCTTCAACAGCATGAGCAA
NZ_CP106855.1_gap83	3218938	3221381	2443	TTGCGGGAGTTTACGCAGACCGTACAACGTCCATGATGGATATCGATGAAGCCACGGATATCACTGATAGCTTTTTCTGGAATAAAAAAATCTGGAACCAGATGCTGACTAAACTTTTAAAGCAAAATCCCCGTGCTATCGGTGTCACGCTTTATTTTGGTGATAACATTGGCGGCGTTCATTTAAGTTCTGAAGAACAGAAAAATTTTTTCGACCCCAGAGTCGTTTGGGCGTCCACAACTAACAACTTAGAACGCGTCCTAACGCCGGCCTTTACAAACCGCGAGCACACCAATCTTGGGTCCAATGAAATTCGTCGTGACGAAGATGGTTTGGTTCGTCGTGTATTCCCGCAAAGGGTGGAGATGCCTCATTTGGCGGAAAAAATCACCGGCAAAACTTTCCCAACAAGTCTTGCGGGTCTCCCTATCAATTACCGGGGTTCGATTTACAATTTCACACAGTATGGTTTAAGCGAAATTCTGTATGATGAACTTCCGCCAGACACGTTTAAAGATAAAATCATTCTCATCGGTGCTGAGACTTCGGCGACTCCGGTGTACCTAACACCGCTGGGCACTTTGTCCCGCACTGAAATTATGGCGCATATCACAGACACGCTGTTGGGTGATCGTTGGATTAAACGCCTAAACTTTATTTGGTATGCGGCAGGTTTTTTAGTACTGATGGGCTTTGCGGTTTTCATTATCACCACCTATCCGCAGTCTGTGGCGCTATTTTTCATTTTGTGGATCGCGACGTTGCTTGCAGCCTTGTCAGCGTGGGTTTTTGACAGCTTCTATTTCTGGTCACCGGCCTTTGCACCCTTTGTGCTTCTGGCTGCCACGTGGACAATTTTCATCGGTTATCAGGCAACCAAAATCGAAAGAAAAAACTTTGCCTTGCAGCAGGAACAACAATATCTGGCAGAGCTCGAACAGCTTAAGAATAACTTCGTGAGTTTGATTTCCCATGACTTAAAAACTCCGATTGCGAAAATTCAAGCCATCGTCGATCGCTTGCTAACTCAACATCAAAACGAAGAACTTCAAACCGATTTAAAGTCTTTGCGCATGTTTGGTGACGAATTGAATCGCTATATTCAATCTATTCTGAAGGTTCTGCGTATCGAATCCCGCGAATTTAAAATTAACAAGGATGCTGCGGACATCAATGAGGTCATCGAAGAAGCCTTGGTTACTCTGCGTCCCTTGGCTTTTGAAAAGGGCATTCGTATTCAAACAAATCTGGAACCCATGTTTTCAGTGGAGTTTGATACTACGCTGATCAAAGAAGTCATCATCAACTTGGTGGAAAATGCGATTAAGTACACGCCTGCCCAGGGTTTGATTGACGTGACGTCCACGGAAACAGACAACGATATCAAAGTGACCGTTAAAGACACGGGCGACGGTATTAAACCTGAGGACTTGGATAAAGTCTGGGGCAAGTTCACTCGCGGCAGTGACCAAGATTTAAAAACCAAAGGGACCGGCCTGGGTCTTTACTTAGTTAAATATTTTATTGAACTCCATGGAGGCAAAGTGGCAATGGACAGTAAGGTCGGACATGGAACAACCGTGTCCTTCACCCTGCCGCTTGAATCCGAAGACAATGTGATTGAGGAGATGTTATGATCAACCAAATGAACGCCCTGATTGTTGACGATGAAGCTGAACTGCGCCGTTCGGTCATTTCCATTCTTAAATCCACGATGCCTGAGATCGAATTCACAATCGACGAGGCAGCGACGGGTAAAGAAGCCCTAGAAAAAGTAAAACAACAGTCCTGGGACTTAGTGCTTATGGACGTTAAAATGCCAGAGATGAATGGCCTTGAAGCTTTGACGGCGATCAAAGAACACGATCCCCGCACGTTTGTAGTTTTAATGACTGCTCACTCAAATCTTCATGATGCTGTCCTAGCCATCAAAGAAGGCGCCTACGATTACGTTGAAAAACCAGTGAACCCGCAAACGTTGACTGAAATTGTTCGCAAAAGTCAGGAAGCCCGTGACTTGGTTTCAAGCCTGGCTTTATCAAATCCGATTTTTGATGACGATATCGAATCCGAGTTCGTGGGTTCTTCGCAAAAAATGAAGGAAGTGTTTAACTTGATCTATCGCCTGTGCAAAGTGGACACGACGGTTTTAATCCGTGGTGAAAACGGGACAGGTAAGGAGCTGGTTGCACGCGCAATCCACTTCAACTCCCCTCGTAAATCTGGCAGCTTTGTTGCGATCAATTGTGGGGCGATTCCTGAAAATCTGATGGAAAGCGAATTGTTCGGACACGAAAAAGGTGCATTCACCGGTGCGATTGAACGAAAAATCGGTAAGTTCCAAATGGCTAACAACGGAACTTTGTTCTTAGATGAAATCGGTGAGCTGCGTCCTGATATGCAGGTTAAACTTTTGCGTGTTCTGCAAGAAAAGAAATTCACC
NZ_CP106855.1_gap84	3234338	3235466	1128	AATTCTCCAAAAATCGAGAGGCCACCAGAGGCTCATTTTTCAAAAATCTCAAAGATTTCTCGATAGTTACCATTTAAACTCGAAAATCGTAGCCCATGACCAAGGTCCAGTACACCAAAAAAGCCCACAGTGACGCGGCACAAGGCTCTGGATGCAGACCATTATGCTCAAGAACTAAGCGGGTTCCGACACCTGGGGAAACGACAACCGCGCTGCCAGGAAGAGGTGTGTCATGATTCGCTCCACTTCACGTGTCATGATTCACACCTCATGATTCACACCCCTCTTCACCTGTCACATTCACAACTCGTCCCTGCCTAATGCTTTAAAATTCCCAACCTCTGGGCCTCCGCCCGATTGTGCACCCCACACAAGATGCGCAAATTACTGAAGTCATTCGTTCCACCAAAAGCCAACGGAATTTTGTGATCAACCTGAAGTTGGAACTTACTTGTACATCTGCCGAAGTTGTCATGAACAAACTCACACTGCCCCATTGAGTTAGCGAGTAGCTTTCTGCGCGTCGTAATTTTAATGGCCCTTCGTGCGCCAGCGCCCTTGACGATGACTTTGTCTGCGACCACTGTTTTCGCGTTGGCACCTTCTACTTTACCTACGCTTTCAACTGACGCTCCGGCCGTATTGGCTTCAACCTCAATCACGACTTCATCATTAGTTTCGACTTCACCTACAGCACGAGTTTCACGAATGGAGTATTCAGCAATTTCATTTTTCTCAATAAAATCTGTGTTTCGGGATTTCCCCCTACGCTTTTGAATCTGCGTTTCAGCTAAATACGAAATCAGATCTGCCCAAGTAGGATTTGGTAATACGTGGGAGAGCAATTCCTTGGCGTGTTCCAGCCCTTCCATTTGCTCAGATGAAAATGTAATTTCCATACGAACAGATTCATCTTTTTGAGGCAGTATAACTTCGTGAGCTCGAATAGGTTGATTGAACTCCACAGCCAAAATCTTTTTAGTTTCAAAACTTGTTTTATTTTGAACAAGTGCGAGAACTTCCTCCGTTTTTTCAACCGAAATACAATTCCCTTGCTCCAGCTCTTTATTTAAACATTTCTGAACATGAGTCATCTGAGTCAGATTCAAATCCCCTGACTCAATAAGT
NZ_CP106855.1_gap85	3266100	3268527	2427	GAAGGTAAACCACAAAAGTCGATCGACTTTGATGTAACCTATTTCATCCAAAACGGAGAAAATGGTCCAAAGATTTTTGGCTTTGTGGCAGGAGACGAGAAGCAAGCCTATCGTGACGCTGGATTAGTTAGTTGATATTGCTAACGAACTGCACGACGATAAGTTTTTCGGAGGTTCAAGTTATGGCTAAGAAAATTGCAATTGGCATCGTGGTGTTCGTGGTTTTGTTCTTGGGATATGTTTCCACACGTAGTGGTTCATTTCGCTATGAAAATAGCACGGTGATCAATGCTTCCTCAGACAAAATATTTCCTTACTTGAGTAATCTTAAAAAGGGCGGCCAGTGGAATCCATACGAACAAGCCGATCCCAACATGGTAAAAAACTTTTCCGGCACCGATGGGGCTGTGGGCTCTAAGATGGAATTCAAGGGCAACAAGGATGCAGGGGCTGGATCGCTGGAAATATTAGAAATAAAACCCAATGAATTTGCCAAGCTTAAGTTGATTATGACGGAGCCAATGCATGGCGAGCAGCTGATTGAATATAGCCTTACACCCGAAGGGCAAGGTACGAAGTTCACTTGGACGATGCACGGCGAGGGCGGCTTTATGACAAAACTTATGACGGTTCTAATCGATTGTGAAAAGATGTTCAGAACTCAGATGGATAAAGGTTTTGAAAATTTGAAGAAAGTTGTCGAAGCCCCGGCAGGTTCAGCAGAGGCAGCTCCCTCTGCAACCCCAGCCGCCGAAGCATCACCCGCTAAGTAACTAAAAGAAACGTTTGTGTTCAATGATAAGGCAGCGATTAGAGACAACTTTAATCCCTGCCTTTTCTGCTTTGGCCTCTGCCTCGGGATGACTGATTCCAAGTTGTAACCATAAGACTTCAACTCCACCGACCGCTAAAACTTCGTCTACAACATCGGGTATTTTGTCTGAACTTCTAAAGACATCGACAAACTTTCGATACTCTGTTGGCACTTCTTTTAATGATGAATAGATCTGAAATCCGCCGGCATCGTGTTTTTTGGGATAGGTTCCCACCATCTGCCATCCGTGCTCCCGCATATACAAGGGAACATAATGACTGGGTTTGGTTGCATCATTGCTTAAGCCATATACGGCGAATTTCTTATATTTCTCAAGAAGTGCTTTAATCTCAGTGTCTTTAACGTTCATTACATTTCCTAACTTTGGGTGCCACCAATTGGATCAGGTGGCAGTTTCTTTTCAGGCTGATTCGGTTGCGGATCAATTTCAGGTTCTTTATTAGGACTTGGATCAATCTCAGGCACGTTTTTTCTTGGATCATTTTTATCAGGGTTTTCGACCGGATTGTTTGGTGTGGTCGGTTTATCTGGTGTTTCCGGCATTTAAAACCTCCTGCTAATAGTTGGAAACCTCGATCTCGATGAGGAATGCGATAAGACTAACACCTAGGACACTACATGTCTTGGAGGTTCTGTCTGGATAATGCTTGTGATTAAACACAAACCACCTAAATCCAGTGGGTAATGCAACCCTTGACATCGTTTTCAAGTCTTACTGAAATCGTTGTTAAAGAGGTATTTAATGAAAATCATCGCAGTTTTGATATTGACGATCGCAACTTCGAATTCTTGGGCAGAAGAGCGCTTCAATCATATCACATGTGAATATCAAAAAACGCCTCTTGCGTGGGAGTTCATGGCGGTTGATTATAATCGCGAGGGTTTTGAGCTGCGACCAGGTGAATCCAAAGCCATAGTCAGTGCATGGACAACTACCCGAGTAAAAAATCTTGGGTTCTGTGTTTCATTACGTGGAACATCGACGCCTTCTACGGTGGAAACCATTTTAACTGTTTTCGAGGGATCTGATATTTTCGGAATTGATTACGATTCCTGCCAGCCAAGCGGCGCAAATATTTCTATAATCAAAAAAGAAACATTAATCACTCGTCGCGGTGATGTTGTGGAGATGTTCGTTGATAACTGGTGGGATGAGGGGCAACCAATGCTTTTGTTAAAGCACTATATCTCCCAACAACTCGAAAACGCCAAAGTGTCTGAAATCGCGCCGGCTAAGTGCGCTGAGCTGAAACCGCCTTCACGGTGATTCATTAATTAATGGGAATTGGATTTAACCGGATAGTACTCGTGAGGCACTTGCAAGCCACGTCTAACAATTTTCTCTGTCATGATAGAATTTTTCATTAACAAAGAAGAGACCACATACGCAATCGAACAGCATCCCAACAACGGAACTAAACCTAGTGGTTGCTTTGTTCCTTCCAAAGCAAAAACGACCGACGTTAACAGGGCTCTTGAAGATCCAGCAAATAAAGCGGCCATGCCGACTAATGCCATCGCGTGTGGATCAATATTCCAGTCAGGGAAAAGCATTGTTATTCCGGTTCCAACTATAAACCCAAAGGAAGCAC
NZ_CP106855.1_gap86	3270253	3273090	2837	CTGGCTTACCAAGTTTTGGCCAGTTGCCTTTAGGTGTCCCGTGAAGGGCGTAACCACCTTTGATGAAGACGGCATAGGGCATATTGCCTAAGCCATTGTAATCACCTTCTGGATATTTTGTAGAAGTATAACGGTCATAGATGCGACCATCTGGATGTCGATCAAAATTGGGTGTGGTGTAGCCTGCCATTCCTGTTGAGACAGCCCATGAACCTTGCATGTAACCATTCACGTAAAGGTACATACGTTGTGAACTTTTGACGACCTGAGCCCAGACCGAGCACGCATTTCTAGAGCAGCCTCCAAAGGGTCCGAGTATGTCATCCATCACAGTATTAATGTGAGCGGGCTTGCCGGTTTCTTGTTCGTAAATTTTATCGTACTGATCTAGGATTTCTTCAACGTTTGGATCGAATGGATTGATATGTTCAAGCATGTTAGGAATGCGGTCATCGTCGATATATGTGGTTACTTCCGCTTTCGCATAATTCCCCATTAGTAGCATAAGCGAAAGACTGAAACATGTTACGTGATGGCTTGTTCTCATGTCACACCTCAATTTGTGAGAGAGTTAAACTTGTTTCAAGTCTACTCTTGCGTACAAAAAATTGAGGTGGACCTAGTCTAATACGAGACTTCTGTTGCGGAACGAACTGTTAAAGTTTCGTTCTGTACGTTGCGCATTACCAATTCGAATTGGATCTTTAGCAAATCGCTGTCGGATATTGTGTGGCAGAACAAGAATGTCAGGTGCAGTCGCTCCTTGTCAGACAATTTGAATAGATCCCATAATCGGGGAAGAGTATCCATAGAAAAATGTCTTTTTTTGTCGAACACAAGCTTCACGAATGTTTTCGATACCTGAAGTCTGTCGGCACAGTATTGCAAAGAGAACGAGTATTTCTTTGTTTTCTCTGCAACGAATTTCTCTTTTAAGAAATCGCGGTAATCTGGATAGCTACCGATGTGTGTGGGTTGAATCATAAAAAACTCTTTTTGTTGGAGGGGGCTTGGAAGGGCGATCGCCTCTCCGGATAGTTCTTGGAACATTTCATTCACCTTTTCGGTTAATCAAATTTTAAAAATTCTAGAGAAAGAAGAGCCGGGGAGGTTAAATTTCCCCGGCTCTGAAGGATCACGCTCCCAATTCACCAATGAATTAGTTACGGTCTTGATCTAGAGCGATTTCCATTCTGTTAACACCAAGGTTTACGCCGAAACCTTTTGCGAACTGGAAGGAAACTTTAAGAGCGATTGTTGGAAGGTCTACGCGAGTCGCAGTAATAACACCAACGCCACCAAGGATTGCGCCTTGAGCTTGAGCTACGTAGTAAGTGCCAAGGATAGATTCTGGATTAGAATCAAAAAGAGCGATTTCAGCAGCTTGCCCCGTCAATTCCATTTTGCCTAAAGCGATTTGTGGAGAGAAAGGTTTAGCTTTCATTTTTACAGTTACTGGATATTCTGCAGTTTGACCTGTTGGTGACATACAAGCCAAAGTGCCTTTACCGTTATATTCATAATTTCCCAGAATAACTTTGATACCAGATGCCGTGCCTTTAAAGTTCAAGTTACATGCCCAAGCTGGAGCCGTGTACGCGTGAGCTTGTGAAACACCCAAAACCATTGCGATAGCCAAGAATACTTTTTTCATTTTAATCCTCCTTAGGATTGTTTTTGTTAGTAACGTTTTAAATTCCGCTGTTGCGGTATGGAGCAAGAGATATCCGAGCCTTTTCAGCCTGTCTAGACCCCGAACGGGACATTGTGTCCCGACTATTTAAAACGGGACAAGTTGTCCCGGGGAGCTTGCGTTATTAGAGTTTTGTGTCTATAACGGGCCCATGGAAATCACTATTAAAAAGCTATTGATGCAGGAACTTGCGAAACGCCAAACGCGCAATCCCTCTTATTCATTGCGTGCCTTCGCCAGAGATCTTGATATTGGATCGACGACTTTATCAGATGTTTTAGGAGACAGAAGATCGCTCTCTAAGACGAACCTTGAAAAAGTGATGGAGCGTTTGCTTGTATCACCTCTCGAGAAAGAGCTGCTTTGGTCAGAGTATAAACAAGGCTCTACAAAGGTTGAAATCGACGAGCGCCTCTTATTACAGGAGGACACATTCCGTCTCATTTCTGACTGGTACTACCTCGCGATTATGAACTTGGCGAAGCTTCCAGAAAATAGAGCGAACCCTCAATGGATTGCAAAACGTTTAGGAATCAAAGAGGAAAAAGCAGAAGAAGCTTTAGAGCGTTTGCTCAGATTAGAACTTTTGAAAAAAAATCGTAATCGTCTTGTGCGCACGGCAAAGCCAATGGTGATGCAAGATGTGCCGTCAGCTGCAATACGCAAGCACCATAACCAGAATTTGCATCTAGCAGAGCAATCACTCCACAGAGATCCCGTCGATAAACGGGTTTTTAACTCAATGACTATCGCCGTGAATCCTGAAAAACTCGGCGCTGTGAAAGATGTCCTATTAAAAACTCGAAAAAAAATAGAGGATCTGCTAGAAGATGGCCCTCTATCTGAGGTTTATACTTTTTCGTTTCAGTTATTCCCGTTAACGAAACTTCAAGATGGTACGGAGGGGCGCAATGTTTAAGACTATGAGAGCTTTAGTATCGGCTGCGATCATCTTTTCGTCATTCAGTGCAATGGCTATGATCGGCGGTGACTGGGTTGGCAACGGAGGCGGCATCGCAGAAAAGAACGTTCTTTACGCTTACGAGCGTTTGGATCAATACATTGAAATCTGCCTTACATCTGACACATGCAAATTAGATCCTCGTCAGCGCGAGATCATCGCAAAAATCGCCAAAGGTCTTCC
NZ_CP106855.1_gap87	3312511	3314958	2447	TGGCTTCTTTTCGCCAGTTAATTTGAAACCTTGTTTTTCATAGAACTTTACAAGCTCCGTGCGAACAGAAATCACAGTCATATACAGATGCGTACAGCCCCAGAATTGAGCGAAGGCTTCGCTTTCTTCTAAAAGCATTTTTCCGATTCCTTGGCCTTGTAAAGTGGGATCTACAGTCAACATTCCGACGTAACATTTACCGCCGTGATTTTCCAAATGAACACAACCCAGAAGCTGTCCTGTGTCGTCGTCTTCGGCGATCAAGATAACAGAATTATCGCGTTCTATAATTTCTGAAATACCTTCCTCGTCGGCACGTTGACCACCCAATAGATCTGCCTCCGTTGTCCAACCTTGTTTTGAGCTTTCGCCGCGGTACGCGGAATTGATCAGCTCAACTAGTTCTTCAACGTGGCTTTCATCGGCTTGGGTAAATTCAATATGCATTTTGATACCTATTTCTTTTTAGCGTAGACGAAGAATTCTTTACCTTGGCGATTCGGCACGGAGGCTTGCCAGCGACCCCAGAAAATTGGGATGTAATTGTTTTTAACTCTTTGGCGAAGTTCCCATTCGCTGCCGCCGAACGGTGGTCCATGGCGTTTTTCCATCGCAAAGAAGACGCCCATTAAATGCCCGCCTTCAGCCAGACAGCGATTCCAAACCTTCACCAAATCTTGGCGAAGTTCGGGATTGATTGCGCAGTAACATGTGTGTTCAAAGACGATATCAAAAGCGCCGTCATAGTTTCGTGGAAGATTAAATAAATCGGCCTCCACAAAAGTTAAATTTTCCATGTGACCGTAAAGCTTTTTAGCTCTTTCAAGTGCAACAGGAGAAATATCCACAGCTGTAACAACGTGACCTGCTTGGGCAAAGAACGCAGCATCGTGTCCCTCGCCGCATCCTAAAACTAGAATGCGGGAACGAGAGATTTTCAAGCGCTGAAACATATCTTTCAAGGCTTCTGCGGGCTCACGTAAATTCCAACCAGGGTTTTCTTCGCGTTTATAGATTTGGCTCCAGAAAGATTCTTTTTCGACGTCTGTCTCGGAATTCCAATACGGCGGAACTTCGTAAGTTTTCCCGTCAGCCGTGACCGATTCGTCGTCGAATTCTTCAACAATATTAAAGAATGCGGCTTGAGCTTTGCGCGACATTACAAATGGAATTTTGTCTTTTGTATATCCATGAAAACGGTCCCACTCATCCACACTTAATGATTCCAAAGTGAATGAGAACTCTGTGCCGTAAGGGCAGAGAATCGACCATTGTGAATCGTTTTTATTAATCTGCAGAGCGATCAAGGGTTCATCGAAGGCTTCGACGATCACGGATGTGCCGCCGAAGGTGCTCAACAATGTTCCGCCTTGATGAAGATTCAGATTCTCAAGAATTTCTTGGCCGGCTTGAGGGTCTTGGATTCGCACTTCGCGACTAACACAAAACCCTTCTTCATCAATTTGAACAAAGTGAGTAGGAATTGCCATTAGTGTTGATCGTGTTCAGTCGGAGCAGGAGTAGCAGCAGGCGTTGTCGCCGGAGCTTCTGATGGAGTATCAGGAGTTACTGTGGAGCCCTCAGAGAAAACAACGATATCATTTGTGGTTTTAACGGATTGCAAAGTCCATTTATCTGTCTTGTCTTCAGTAGGTTCGCGGTGAAGGATGGCCTCACCCTCGATAATTTGCTCAAGATTTTCACCAGCTTCACCAGCCTCGGAGAATTTGTAAGCGAAAACGGCGCGAACTTTGTTGTCAGTCATAGACTCAGTCCAAAGTTTATCGATTCTTAGATCTTTAGCGTTTGGTTTTTTTGCAGACAAAGTTGCTTTGATAAGTTCAGCCAATTTCGTTTGGATGCCAGCGTGCGTCTCGAAGCCAATAGCTTCATTCGTGTGAATCACGTTCCAAGTCCAAACCAAAGCAGCAACGAAAACAACGAGGCTAACAATTTTCTTCATTTCAAATTCCTCTTAGGTGAAATCTTCTTTTGAAATATTCGAGTCTTTATCGGAGCATGATATCTTAGATTTTTCAATACCAGTAGGGAAAAGGATATCTCATGAACCAACAATGGCTGACAATCTTAATGTCTAAGGGAATTGAGCTTGAGCAAAACCTGCGTCAGCAGCTTCAACAGGCCAAAGACGGTCTAAAAAATCAACTCGAAGACCGCGGAATTCGTCTGGGTGCTGCCGACCTTGCTGCACTTCTGGAAGAGGTTTCGCCTAAGGCTTCGCATGCTGCGCTGGGTTATGCGCTTGATATCGTTAGGCCTTTTTCGGCGGGAATGGGATTAAGAATTTCCCGTCTTAAGGACACTCAGATTGAAGTGGTAATCCCCGCCCGCACTCGAAACATGAATGAAGCTAAGCAAATGCATGAGGGCGCGATTTTAACAACGGCCATTGAGGCCGTGAAGATTCTGTGGATGCGTCATGCCCC
NZ_CP106855.1_gap88	3408993	3410567	1574	GATCTTCTTATAGTTTCCAGCAGAGATAGGCCCTCTCTTGGGAACGATCAAAAGATTTACTAACGGCCAACGTAAGATGAATGGCAGATTGATGACTTCCTTATCCATCAAGAAATGTGTCAGATACTTTTTAACATCTGGAACTTCGTAAGAGCGAGGACTCCCGATGTTGAGTAGTAATACGCCTGTTTTAGCCATGTTGACTCGCGATCTCTTCACTTAAACGTTCACTGCGTTCTAAAATTTTACTAAGGCCAATTCCAGACAAGTAATTCCCATGCAGGAATAAACCTTCTGGTAATTTCGCTTTTGCCAATTCATTTTGAACTTTCTCAAGTTCAAGATCGTACATCGGCAAAGCTTTGTTCCAGCGGTTGATTTTTGCTTCTAAAATACTGTCTTGGCGTTTGAACAATTTTTTTCTTTCGGAGTTGATCAAATCCTTAAGGGCTTGATCGTTCAAATCCAAAAGATCCTGATTGTTATTGCCACCCATGATCCAAGTCTCGTTGTAGGTTTTATCACGACCTGCAAAGATATAAGGAGGCATCAACACACCTAAGGTGCGCAGACTCAATCCGCGGGGGATCAAGCAGCCAAAGCCTTTGTATTTTGTTTGAGATTTATCAAAGAACACCGTCGTGCTGATCAGTGAAGACATGCGCACGCGGTTTAAAAGAGCTGATATATCAGGAGAGTAAGATTTCAAAAGTTCTGCAGCGGCCGAAGCAGAAGTTGCGAGCGCGACAGGTCCCGCTACTTTTGAAATATCTAAATTTGAATTCAAGTGAATCTGAACGCCTAACTTTTTTAAAGCGGATTCCAGGTGATTCACAACATCTTGCATACCCCGAGGTCCTGTCATCATACCACGGAATTTTTCGCGGTCTTTGCTGAACATGGGTGACAGAATGAGGGATGCGCTCAAGTCTTGAGGTTCGTTGGCGTAAATTCCCTGCATTGCAGGTCCCAACAAGAAACGCGTCGGTGCTTTACCCAAGCGGCGTAGCCCCCACGCTTCCAATGTTTCCATTGGTTTTGGCTTAAGAGAGGCTTTGGCGAACAGAACTCTGGGAACGACTTTGAAAGCCACTGCCAAAACTTCGAAAGGATTTAAGGGAACTGCTTTGGGAAAACCTCTAAAGATAAATCTTTTCTTAGAGGATTCCAGAGGGAACGCAGGCTCAAGACCGATATCTTGATAAAGTCTCTCCGAGCGATTGGATAGGATCATCGAGTTGGCGGCGCGTTCTGCCATTCCATGCTCTGTATAGTCTGTTCCCAAAAGTCCGCCTAAGCGAGAGGACTTTTCGTGAAGCTCAACTTGAAATCCTTTTTGAGCAAGCTTTAGGGACAATGTAAGTCCGGCAAAGCCTGCTCCCACCACCGTGATCTTTTTCATATCGATTGAGAGAATATCTTAGTTTGAGGTTGTTTGGTCTTTAAGCGTTCATCAAAGAAGACGCAGGCGTTACGCAAAAACGGACGGCCTGCTTCAAGAACGACCAATTTATGATCTTTGATTACCAACAAATGGTCCTTGATCATCTCGGCCAAGAAATCAGAAGCTTGCG
NZ_CP106855.1_gap89	3459289	3463142	3853	TAAGCAGACTCAATTGGGTGCTGCTGCTGAAAATGTAAATAAGAAATTCTGGATGAAGCAGGAACCGGCAGCGAAGATGTCGACAATGCCGGACCTGAATGGCGATCTTGCATCACGTATGATGATGGATGATTCCTCTCTTCAAGAGGCTCCGCCCGTTGAAATGCCGGCGCAGCAGGCTCCAGAATCAATGAATCAACAAAGTTTGTTGGACAAGTTGCCTCCTCATTTGCAAGGTCAAATGAAGGAAACGATGTCCCCGGCATTGTTGGCGGCTTTAGCTGCGAAGCAAGCGGCAGCAGCTGCCGAAAAGGCAGAAGGTGTAGCTGCTGAAGATTCTTCGTCTGATTTGACGAATGAGTTCACGAAAGCTCTTGAGGCTCCGCAAATGGATAAACCTCAACAAGCAGATATGATGAACAAAGCGGTGGCGCCAAAAACGTCTCCGGAGTCTTTCTTCCAACAGCAAGGTCAGGGACAGTCTGCGATGCAAGATTCAGCCAATGAATACATGCAACAGGGAATGGCCCACGGCAAAGAAGCTGCGAAAGAAAAACTGACGGCTAAAGCGGCCGATTTTAAAGCAGAGATGACGGGACTTGAGGGTTTGCAAGCGCAACCACTAAAGGGTGAAGCATTGAAGTTTGACCCGGCAATGGCGGCGATGGCTCCGAAACCAGCTCCGGCAACAGAGGCGCAAAACGAAGCCAATGTGAAGCAACTGATGAATCAGGCGCAGTACTTGATTAAGCAGGGTGGCGGTGAAGTGAAAGTTCAAATGACCCCGGAGGGCATGGGAACAATTCATCTGAAAGTCATGCTTCAGGACGGAAAAGTAAATCTTCAAATGCAAGCGGACTCACAAGAGGCGAAGAAGTCGATTGAGTCTAGTCTAGTTGATCTGAAGAACAGTCTTGCTGCTCACAAATTGTCTGTAGAAAATGTTAAAGTGGATGTTGTGAACAACACGTCTGCGGATACTGCGACACAGAACCAAAATAATACGAACGGCCAAGATCAAAGAAATCAGGCACGTCAGTTCTGGAATAACTTCAACGACAGCTTTGGTAATCAAGGTCGTCGGGAATCCTTTACTGAAATGCAGGGCGTTCGTGGTTACGGCGGTAAACGTCGCGATCCATTGCAACCTATTGACACGGCTTCTGTTAAAGCAGCACCGCGCGCAATAGAGGGCAAAGGCAGCGGATTGAATTTAGTGGCTTAAGAAAGTGAGAGTTCAAGCAGCTCTCAAGGAAAAAGGGGATTTGAATGACAATGGTTAATGCGAAATTAGGAGTGAATGCTTTCGGTACGACACAAGACAAGCCGACGAGCACTGTTGGTACTCCCAGCAACCTGAGTGTTCAAGATAAGAAAAAAGTTGGTGAAGAAGATCTTGGCGCAGTGGCCAATAAACTTGCTGATCCAAATTGGACTGATCCCACTAAAAAAGTTCGCACAACTGGCAATCCCAATTTGGATAAAGATGCTTTCTTCAAATTGATGCTTGCCCAAATGAAAAATCAAGATCCAACGAATCCGATGAAGTCCCATGAGATGGCTGCTCAATTGGCGAATTTTTCGTCACTCGAGCAAATGCAGAACATGAACAGAACACTTGAAGAGTTGAAGAATGCACAAAAGCCTTCTGAAAACTTCCAAGCGTTGAATTTGATCGGCAAAGCTGTTGCGGGTGATTCTTCGAAAGTAGTGCGCGGAGCAAATGACAAAGATCACGATTTCAAATTCTCTCTGCCAATGGCAGCAGACGAAGTCACAGTGAAAGTGCGCGATGCGGATGGCGCCGTTGTTAGAACATACAATTTGAAAGGTCTGAAACAAGGCGAGAACAAACTCACTTGGAATGGTGAAGACGAAAAAGGTATGAAGGCAGCAATGGGTGAATACCAGTTCATCGCAGAAGCAAAAACTGCTGACGGGAAAAAATTGGGAATCAAAACAGATTTCGACGGAGTTATCACTGGGGTAAGTTACTCTGCTGATGGCCCGGTTCTAAATGTTGGAAACCAGGCGATTCGCTTTAGAGACGTGAAAAAGATCACAGACCCTCGTCTTATGAGAAACGACCAGAATGTAAATGACGTCACCAACCTAGACTTGAAAAAGGATGATGCCACAGGACAAACTAAGAAAGAGCCGAATGTAGTACAACAAAGTTCTACTACTGAGCAAGCTCCTGTAGCAAAATCGAAGATCATGGATACGGTGGGTTTATCTCGCGACATGATGGATAAGATCGCGAAGGAGATGGCGAAGTAAAATGGTAGACTTAAAGAAGATACAGACATTCGAACAACTCGTTCCGAAGCCGCAACCCAAGGTTCAACCTGAGGTTGGCGCAGGCACGGGTCCTTCCTTCAAGGAGACTCTTGATAAGCTCGGTGGGCCGATCGCGACCCCTGCAGCAGTTCCGGTGGCTCCACAAGGCTTAACAAAGCCCGCTGAAGGAGTGAAGTTCTCGAATCATGCGATCGAGCGAATGGGTACTCGCGGGATTAGTTATAGTCCTGATGATATCAGCAAGCTGAATGATGCGGTGACGAGAGCAGCGGCGAAAGGTTCCAAGGATTCATTGATTTTAATGAATGACTCGGCACTGATCGTAAGCGTGAAGAATAAGACTGTTGTGACAGTGATGGACAAGACCGCATTGAAAGAAAATGTGTTCACGAACATCGATTCAACAGTAGTTATTTAACCGCAAAACGCACTGAAGCTGTCCCGAAGAGACAGATAAAGTGCAAACACCAAGAACATAGAATGTGTTCGAGGTAGCAGGTTGGTAAATCATCCTGCGGATGAATAAAAACTAAATATTAGGGCTGGTCCTCGTAGAGGAGGCCCTCCAAACGGTGGTTCTCGACTAGAACTGCCAACGACATGGAGGTCACATGGGTATTCTTTCTTCATTGTACACGGGTGTGTCTGGTATGACTGCACAGGGCGAAGCCCTTGGCGTTATCGGTGACAATATCGCGAATGCAAACACTATCGGTTTCAAAGCGTCTCGCGCTGAATTCCAAGATATCATTTCTAAAAGCTTAAAAGGTGTTCTTGGTGGTAACCAAATCGGTCGTGGTGTGAAGATCGGTGCTGTGAATCCAATTCTTACTCAAGGTAACGTAGACGCAACAGAAAAAGTAACTGACCTTGCTATCTCTGGTGACGGTTACTTCAAAGTTAAAGGTTCTGATGGCGAGTCTTACACTCGTGATGGATCTTTCCACTTTGACCGCGAAGGTTACTTGGTAACTAACGACAATCAAAAAGTTCAAGGTTTCGGTACTGACGAAAAAGGTAACATCTTGAACAAAATGACTGATATCAAATTCCCACGCGCTTTGATCCCAGCTAAAGCGACTAAAGAAATCAAAATGGATTTGAACTTGGATTCTCGTATGGAACCAACTAAAAAGTTCGATCCGAAAGATCCATACTCCACTTCTCATTACTCTACAGGCGTTGAGATGTACGATTCTCAAGGTAATAAACACTTGTTGTCATTGTTCTTCAATAAGACAGCTGACAGACAATGGGAATACAAAGGCTTGGTAGACGGTAAAGAAGTTACTGGTGGCGAAGAAGGCAAAATGTCTGAAGTAGTTGCTGGTAAACTGATGTTCACAGTTGATGGTAAACTTGATGAACAAACAGTGACATCTTCGAACTTCAACTTCAAAGGTGGCGCTCTTCAAGGTCAAGAAATCAAAATGAACTTCGGTGATGCTATCAAAGCTGGTGGTAAAGGTTTGGACGGTACTAAACAGTACGGTAAAAACTCTGACCTTATCTCTTGGCACCAAGATGGCGCGGCTGCTGGTACAATCAACAG
NZ_CP106855.1_gap90	3475902	3476920	1018	AAAAATTCCGAAGAATTATCAAGCTAAACTACCATATACAGATGTCTGACTACATAATTGTAGCATATGAAAATGCACCCAGCAGATATAGTTCAGGAAATTAAGGGCTATTCCTTTTTTAAATCATTCAGCACCGACTTGTTATTGCAAGTAGCAGCCATGATGCACAATGAAGTGTTCCCTGCTGGGACGGTGGTTCTGAAAGAAGGCCAAACCAATCGCAATCTTTACTTTTTAAGATCAGGAAAATTGGAAATATCTTTGGCAGGTGAAGTGCTGGCCTCTTTCGATACACCTGGAGAGGTGTGGGGAGAGATGAGTGTGATCACTACAAATCCTGCATCCACATCTGTAAAAGCTGTGACTGAAACTAGCTGCTACGTGATTAAAGACGAAGATTTTGCTCACGTTCATCCTAAAGATAAAGATCGCTTCCAAGCTTTGCTTTATCAAATCTATTGCATGATTTTGACAGAGCGTTTGATTAAGACCAATGAAAAGGCTCGTCTGTTTGAAATTTTGAACCGCGAATTGCACGAAGCTCAAAATGCTTTGCAACGTGGAGCTGGTGGTCGTGTTTTGTTGATCGAACCTGATAAGAAACAGCAAGTTCCCCTAAAAATGGCATTGGGTTCCACGGGTGTTCAATTGGATATCGCGGCGGATGCAGCTCAAGCCCAAGAGCTTTTAAAAGAAAATAAATACGACGTCGTCGTCGGTGGGGACATCAGCGTTGATGTTCTTCGCCAAGTCGAAGAAAAGAAACTAAGCCCTAACGTGATCTTGCTGACAAGCTATGACGTGCAAGGGAATTTGGGTGTTCTTTTAAACAATCGCTTCGTAAAGAATATTATATCCCGCGATGCTGAAGACAAAAATGCGACAATTCGCTTTGTATTAACAGCTTTGGGTAAACTTTTGAATAAAGATCTTTTTGGCATCGACAAATACCTTACGTGGGGTGTGGATGTACAAAAGAAAGTGGTAACCCATTCAGGTCAACGCGAGCAGCTTCGCG
NZ_CP106855.1_gap91	3527355	3532241	4886	GTGAACTCTCGGTCGCAGGTACAAATTTCTACGATCCATGGTGTATTAAGTTTATTCTTGTCTCGCTATGGTTCTGCCATCGGATTAACACCTGATTACAAAATCATGAGTGACAGCGAAATTCGTAAGGGTGCACGCAAGATCATGCGAAAGCACATTCTGGAAATTCCCGCCTTGCAGGAATTGTTGGAAGAATACGAATTCAGCGTTATTGAAAGTGCTTTGCTGCAATATTTCTCGGAGCGTGTGGTTTTCCCCCAGGCGCAATTCATTACCGCCAGCGAACAAGAAAACGAAACAAAGAAATTGATCAAAGATATTGGCAGCCGTTTAAAACGTGTCTGCCTTGAGATCGATCAGGAAACTGATAATGAGAAATGGAAAGAGTACGTAGCGGCTCTGTGGTCCTTTAATTGGGATGCTCAAGATCTCGAGCAATTCTTTGCTTTGCTTCAGGGGATGTGGGATGGCTTGACGAAGCCTCAATATCGTAAAGCTTCTCCGCCATTTAGTGCGAGCCTCAATGAGGAGCTCGAAGAGTTGCGTGATCGAATTGACAAATTGTTAGAATCCGCTCGTTATCGTCCAACTTTTTGGGCAAAACATCAGCACAACTGTGAACTTTTCGAACAATTGGCAAAACTGTTCTGTCAGGATCTATTGCAACAAAAGTTGGAAAACGGTTTGTTGTCGATGTCCGACCTTGAAACATTAAGTTATAAAATCATTAAGGAATCACCAGAATCCGCGCGTAATTTTTCAATGGAATGGGATTTCTGGATGGTCGACGAATATCAAGATACCAGCCCCATCCAGGTTGAGATTCTAAATAGCCTTGTAGGTGAAAAACCGATCTTTGTGGTCGGAGACCCGCAACAAAGTATTTATTTGTTCCGGGGGGCTCGTTCTGAAGTCTTCCAAGAAAAAGTAGCAGAAATTGAAGCTCAAGACGGTGACGTGCAAGTGAAACTCGTAAACTATCGTTCAACTCCTGAAGTGTTGGAGTTCTTCAATCACTATTTCACACGCTTAGATCGGGATCAGTTTGCATCGATGACCCCAGATCCAAAGAAAGAAAAAAAGGGTTCCAGTGATCCCGTCGTTCAAGTTCTAGTCACCGAAACAAGTGCTGAAGATGAAACATCTAAAGAGTACTTGGGCACGGTTTCCCGTATTCAAGAGTTGCTAGCGTCGGGTGTAAGTCCTGAACAGATTTGTATCTTATCCAGAACCCACAAGGTTCTGTCAGACATTGCTAAGGTCGCACAAGATTATGGGGTTCCCTTGCAACTTCATAGCGGCAGCGGCTTTTATGAACGTCGCGAAGTGTTGGACGCTCTTTCTATTTTAAAATTTATCGTGAATCCCCATGACAATGCGAACTTTGTGGCGCTATTGCGTTCACCATGGCTTGCGATGTCTGATTCTGAAATCATGGAGCTTTGTCACAGCTTTAAGCATTCCTTCTGGAGAGAGGCTTTAAAGACGTTGGAATCAAGATCAGTGACTCATCCAATAAGCATTCTAAAAACACTGTTAGATACGGCCGAGGAAAAGGGTCTCTCTTTTACGCTAAAAAGTGCGTTGATTGATTTGGGATTATTTGATTATTCCGCAAGAATTGATTCTACCGGACGTCGCGAGGCGAACTTGTGGAAAGTGGTTTCCTTACTTAGCGAAGAAGAGCGCCGACCAGGATTTAACTTCCTGGATTTCTTAGATTCTAGTTTGGATTCTTTATCAACTGATGAGGGGGGCGAGGATTCTGATGCCACTCCGGTGATTGAACCAAAGCGCGTGAACTTCATGACCGTGCATGCTTCTAAAGGTTTGCAGTTTGAACATGTGATCTTGCCGGGGATGGGAAAAGATCCACGGGCCAGTTTTGCGCCGGTTATTTCTTTCCACGAAAAAACAGGTCAATGGACTTTGAAAGTTCGTGACGAAGAAACGCAAATGCTTGCTGGCAGCATTTTAGCGGATCAGATTATGGAAGAACTTCGTCGTCGTGAAGGTGACGAGTTTCACAGGGTCTTATACGTGGCCTTAACCCGTGCGAAATCCGGCGTGACATTGCAATGGGATGTGCAAAAGGTTGGAAAAAAGTCTTGGGCTGCACGATGTCCTCTGAACATCGAAGAAGGATTGCACGAAGAAGCTGATTTTTCATACGTGGTTCGTCGTGAAAATCCGCATCCAGTGAAAATGGCTGACCAGGAGTTGGCGCTCAAGACTTTGCGGGCTCCGTGGATGGTTAACACGGTTCAGGAAAAACGTAAGTACATTTCCGTGACGGAACTTGTGGCTCCTGAATCTGTTAAAGGTTCGGAATACACGCAAACCGTGGCCCAATTGGCTCCGGGCTTGGCAAGGGCACAACAAGGAACGATGGCTCATAGATTGTTTGAAGCTTTGAAGTTTACTTCTTATGAAGATCTTTTAAAAATTTCCGATGAAGATTTAAAAGCGCCGTTGACATTCCTGGCTGAAACCGAACAACTGCCTTTGCTTGAAATTATCAACAAGGGTTATGTCGAGTGGGGTTTTGCACTGATGGAGCAAAATGCCTTGATGCAAGGTCAGATCGATTTGTGGGGGATTGTCGGTGATACCGCTTGGCTCGTGGATTATAAAACGGGTTCACAACGTTACTCAGAGACTGCATTTAAACAACTGGAAGCTTATACATGGGCACTTTATCGCATGAAATATTTGGATAAGGTTAAGACTGTAAAGCTTGCTGTCGTTTATCCAATGGACGAAATCGTTAAGATCAAGGAAATTCCGCAACTCACAGAGCTGAATGCTCGTATGAAGTCGCAGATTACGGATTATATTACGCAGGGTTGATTGACTCCCTGACCTTCGATCGTCACGATCAAGTTGTGAAAAACAGTCGCGGTTATATCCAAATTTTTTCTGATGGTGCATGTTCTGGAAATCCCGGTCCTGGTGGCTGGGCCTCTGTCGTTTTGCTTCCCAATGATTCAGTTATTGAATTAGGCGGTGGTGATCCAGCGACAACGAACAATCGCATGGAGATGTCAGCGACAGTGGAGGCTTTAAAGTACGTGGCCGAAATTCCTGGGCCTGTGCATTTCTACACAGACTCTACCTACGTTATTCGCGGTATCACACAATGGATTTGGGGTTGGAAAAAACGTGGCTGGAAAACTGCCGAGGGCGCCGACGTTTCAAATCGTGATTTGTGGGAGGAGCTAGGCAAAGTCGTCCAAGCTCGAGGCGCCAGTAATAAAGTTGATTGGCGATATAGCCGTGGACACGTAGGTATTCCAGGAAATGAACGCTGCGATCAAATCGCTGTCGCATTTTCGAAAAATGATTACGTGAATTTGTATTCTGGAAGCTTGGAAAATTATCCCGTCAATATTCTGGAAGTTCCCGCAGATTATTCTTTGCCAGAGATGCGGTCTCCGACGGAAAAAAAGGCTGCTCACAGTTACTTAAGTAATATCGGTGGCCTGGTTTATCGTCACAAAGATTGGCCTGCTTGCCAAAGACGCGTGAATGGTAAGTCCGGTGCGAAATTCAAAAAATCAACCTCGGCGTCGGATGAACTTGAAATTTTGAAATCGTGGGGACTTCCGATTAGTACGACAATCAAGGAAGGATAATCGATGGAAATAACAGGCCGTCATATTCTGATTACTGGTGCAAACCGTGGTATCGGTCGCGCCTTTGCAAAAATTTGCGCCGAAGATAAAGCAAACTTACATCTCGTGGTAAGAAACGAGGATGCAGAGCTTGTGAAAGAGTTAAGCACATTGGGTGCTAAATCCGTCACAGTTTGGAATGCTGATCTTTCTGATCGCAGTGCTGTGACAGCATTGGTGCAAAAGCTTAAAGGTGTACAAATCGATATTCTTTTCAACAACGCCGGTCAATTGACGGGCGGATTGTTGGAAACGCAATCTATGAATGAAGTCAGTGAAATGTTGCAAGTGAATGTGAACAGTTTGATTGAACTGACTCACGGAATTTTACCAGGGATGCTCGAGCGCAAACGCGGTAAAATCATCAATAACGCAAGTATCGCCGCTTACATGTATTTCCCTTCGAATTCTACCTATGCTGCCTCTAAAGCGGCTGTGGTGGCTTTTACTCAATGTCTAAGTTTGGAACTGAAGGACACAGGAGTTTCGACGTTATTGCTGATCACGCCATCAATCAAAACTCGGATGTTGGATAAAGTCATAGACATCTTTAGCAAACATATTGAAGTTCCGGATGAAGCAATGTCACCATCCCAATATGTTAAAATGATCCGTGAAGCGATTCTGCATGATCTTGAAGTAGTGGAACCATCAGGATTAACGGGCTGGGCTTTGAAAGCCGCAAAGTTCGCGAAGCCTTTGTTTGATTTTGAAATAAAACGTCGTTTTCACCGATCATAAAAAAAGGGGACTTAAGGTCCCCTTTTTTTATTTTTTATTGAAATGCAGTGTTCCTGATCCAACCGGTCCTGTCACCGTGATCGTCATCTCTTTTCCTTCGATGGATTTCACCGGTAGAGGGAAAATCAATTGGTAAGCGGTAAAAAATCGATTGTGAGTAGGGTAAAGACTTACCAGCTCCGCCAAAGAGGACTTAATCCTTGTGACTTTACCCTGGTAACGTTTTCCATCGACATCAAGGAATGTTCTCCAAAGGCTTGTATCCTTTTGCAGATCATCGTTTTTTCTTTCCGGTGTGTAGAAGCTAAGGAAGAACTCTGTTTCAGAACTCAGCTTTGTTTCGCGCTTACTTTTTTCCTGTTGGAATTTAGCATCGTCCCACAAATAGAAACGTGTCAGCTGATCCAATTGGGCTTCCGTGACTTCGGAATTTAGCAGCGTCGCTTGCATTTCCAGCAGGTTGTAAAGGCC
NZ_CP106855.1_gap92	3549786	3551966	2180	ACTTCTTGGTAGCCGTTTTTCCAAAAACTTTCCAGATTGGCAGTCACTTGCACAGGACGGAAATTGGGGCCCAACAGGTGAAATGTCAGAGGTGTTTTTCCAAATAAAACCTTTGGTGTTTCCATCATTCCAAAGACCTCTTGGATGCGCACTTCAAGGTACGGGGCTTTATCAGAGGGATAGATAACTTTAATGTGGCTGCCGCTGGGAACCGTGATGCGGGCAGGAAGTTCCTTATTCAGCGCACGAATAAATTCAGGGGGAAATACATTTTCAAAAAAGAAAACGAGATCTTTGTCAAAGACGGCCTGCAGTTTCTTTTCCCCCATGCTGGCTTGAGCGAAAGCTTCCAGCTTCCACTCGCTCATCTGTGATTCTGTCAGTTCAATCTCAGACGTGATCGTACCGTTTTCAGTGTGACGACGCCAGAACTCTACACGCTCCCACCACTCAGCGAGTTTTTCATTGTTCTTAAGAACCAGCTCCCATTTTTCTACAAGGACTTGAGGAAGTTTTGCTTCAACTTCATCAGGGGATGCAGGCAATAAAGAGGGTTCCTCCAGTGGCAATCCAAAAAGAGATTTGTATTCACGAACAAAAAACTGACCTTTTTCTTCAATGAAAGTGAGATCGCGGTTTTTTTGAATCTCTTCTTTAAAGTGAGAAAGAATGAATTCCTTCGAAAATCCACAGGCAAGGCTTACGATGGTTTCTGCATCGCTGCTGCCTTCAACGCCATTAAGGGCGACAAAAAAGTCAGACGTTTTCACCAAAGAATCCTGTTGCAGCTTTACTCCACGGCCTCCGACCATCAGGGCACGATCTGATTGACCACGGCGACGGCACAAGCGATCTGGAAAGGCGCGCAGTAAAAGCGTGCGCATTTCTGTTTCTTGCGATTCGGGTTTGGTGTTTTTCGCAGGCCCCAGTTTTTTTGCCAAAGATAAAATTTGCGACGCTGATTGTGAAACCGTTTGTAAGGCGATAAATCCCGCTTCGCGGGGAGCTTTACCGGATTTTTTGAACTGTTGAAGCAGTTCCAGGCGAACGGTCAGATCGCATTCTGTTTTGTCGCCCAGAAAAGAACTGACAGATTCACGACGAATGAAATCACGCTCCTGAAGAATGGCAGCAAGCTCCGATCCTAATTCAAGAGAGTTTCTTTCTGCCGCAACCAACATAAGTTTGGCTAAGCGTACGGGCAAAGGAAAGTGCAGAATTTTTCTGCCAAGGTCAGTGATTTTACCGTTGCTATCCAAAGCTCCTGATAGTTTTAAATATTGCGTGGCTTTTTCGATGGCAACAGGGGCCGGTTTTTCGAACCACGAGAACTTTTGAAAATCACTTACTCCTTGAGCCGCCAGAAACAACAGGCTTTCTGTTAAATCCACGCGTTGGATCTCGGCCACTTCGCTTTTTAAAAACGAATGCTCATCAATCTTGGTCCACATCTTATACGCAAAACCAGGGAATTGACGGGCGGCGCGACCTGCGCGTTGAATTGCGCTCGATAAACTGATTCGACCTAATTCAAGACGAGAAAATCCCGTGCGATAATCTTGCTTCATATTTTTAGCAAGACCCGTGTCGATCACAGTATTTACGCCGTCCAAGGTCACTGAGGACTCCGCGATATTTGTGGAAAGAATAATTCTTTGACGAGGCCCTCTTTGCAAAGCTTTGCGTTGGTCTTCCAAATTAAGTGAACCATGCAGTGGAATCAGATCAATATTTCTTCCCGCAGCCCAGTCTTCTAAGACGTTCTTAGCACGTTCGATTTCACCCACGCCTGGAAGGAATACTAAAACATCTTTATCAGTTTTGCCGGCGGCCTCGCGAACAAGTTGCGCCAAGCTGTCAAAGAACGAAGGAAAGGTTTGTAAAACCTGGGAATTCTTTTGATAGATAATTTCCAAATCAAAGAGTTTTCCTGGAACGCTGACGATGGGGGAGTGCCCCAGATAGGCAGATATTTTTTCTGCCTCCAGAGTTGCGGACATCACCAAAAGTTTGATATCGCGACCTAGCTCTTGCAGCTCGCGAATCAGCCCCAGGGAAAGATCCACGTGCAAAGAACGTTCATGGAATTCATCCAGAATAATTAAATCGACATCAGATAATTCGGGATCGTCCAACATTTGCCGCGCTAAAAGCGCTTCGGTCATAAAAATCAAACGTGT
NZ_CP106855.1_gap93	3580939	3584038	3099	CGCGCTTCTGGCGTGAACTTGGATTTGCGTAAAGCCAATCCATACTATGGATATGACCAATTGGATTTCGATATTCCAGTAGGTACGACGGGCGATATCTATGACCGTTACTTGGTTCGTTTCGAAGAAATGCGCCAATCTATCCGTATTATTGAACAAGTTTGTAAGAACGTACCAGCGGGCGATTACACGATTCGCGATAAAGGTATCGTTCTTCCAGAGAAAAAAGACGTTTACGGTAACATCGAGGGTTTGATGAACCACTTCATGCTTGTGATCAAAGGTCTTCGTCCACCAGTGGGCGAAGTTTACGATGCAACAGAGGCAGCGAATGGTGAATTGGGCTTCTATTTGGTGAGCGATGGCTCTGCCAACCCATACCGTTTGAAAGTTCGTCCACCATGTTTCGCAATCTATCAGTCTTTCCCGACTGTTGTTAAAGGCGCGATGTTGGCGGATGCGATTGCGACAGTCGCTTCGATGAATCTTATCGCCGGCGAACTAGATCGCTAATTTAGAGGGTAATAACGATGTTTAAACTTTCTGAACAAGGCTTGGCTAACGTTAATAAAGAACTTGCTCGCTACGAAGCGAAAGAGTCTGCGATTATTCCAAGTCTTTATATTGCTCAAAAAGAAAATAATGGCTTCATCACGCCAGATATTATCCGTCACTTGTCTCAAGTTATGGATATTCCAGAAGCGCGTATCAATGAAGTTTTCAAATTCTATACAATGTTCAATCAAGAACCTGTCGGTAAATACCACGTTCAAGTTTGCACGAATATTTCTTGTGCTCTTGAAGGCGGTCGTGAAATGGCCAGCCACATCTGTAAAGAGTTGGGCGTTAAGCTTAACGAAGTGACAGCTGATGGCCGCTTTACAGTATCTAAAGTTGAGTGCTTGGGTTCATGTGGAACTGCTCCAATGATGCAAGTGAATGACACTTATCATGAAAAGCTAACTCCAGAGTCTGCAATGAACTTGTTGAGAGGTATGAGATAATGGCTGAATCAAAAGTTCTTACAGAATTCTATCATTTACCAGAGTACCAAACTCTTGCAGGTTACAAAGCTAAAGGCGGTTACGAAACTTTGCCCAAAGCTTTGAAAATGCAACCGCAACAAATCATCGACGAAGTAAAGGCTTCTGGTCTTCGTGGTCGTGGTGGTGCGGGCTTTCCGACGGGAATGAAATGGGGCTTCTTGCCGAAAAATGGCGAACCTCGTTACCTACTTTGCAACGCCGATGAAGGTGAACCAGGTACTTTCAAAGATCGTATGATGATGGAGCGCGCTCCTCACCAATTGATCGAAGGTATGATTATCTCTGCTTTCGCAGTGGGTTCACACAAAGGTTACATCTATGTGCGCGGTGAATACGTATTCCCTATCGAATGCCTGAACAAAGCGATCAAAGAAGCTTACGATGCAGGTCTTTTGGGTAAAAACATTTTGGGTTCAGGTTTTGACTTTGACCTCGATGTTTACCGTGGTGCTGGTGCTTATATTTGCGGCGAAGAAACGGGTATGATTTCTTCTTTGGAAGGTCTTAAAGGCCAACCAAAATTGAAACCTCCATTCCCAGCTGTTCAAGGTTACTTGCGTAAGCCTACAATCGTGAACAACGTTGAAACGCTGGCAGCCGTAACTTACATCGTTAAAGATGGTGCGCAAACTTATCGTAAATTCGGAACTGAAAAATCAGCGGGAACTAAATTGTTCTCTGTATCCGGAAACGTTGTTAAGCCAGGTAACTACGAAGTACCACTTGGTTATCCTTTGATTGATCTTATCAATAACGAATGCGGTGGTATGAAGCCAGGTCGTAAATTGAAAGCAATCATCCCGGGCGGATCGTCTGCTCCGGTTTTGACAGCTGAAGAAGTTATGAAAGCGAATCTTGATTACGAATCACTTGCAGGATTGGGCACAATGCTTGGTTCCGGCGCAGTTATCGTGATGGATGACTCTCAATGTATGGTTGATATGTTGGGTGTTTTGACTCACTTCTATGCTCACGAATCATGCGGTCAATGTACTCCATGCCGTGAAGGTACTGGTTGGTTGAACAAGATCCTTCATTCGATCTTGGAAGGTCGTGGCCGTCTTCAGGATATCGATTTGTTGGTTAAAGTTGCTGATAACATGAAAGGTAAAACTATCTGCGCTCTTTCAGACGCTGCTGCTTTACCGGTTCTAAGTTTCGTAACTAAGTTTAGAGATGAATTTGAATTCTACGTTCGTGAAGGACGTTCGAAAGTAAAAGGAACGACATATGCCGAAATGCACCATTAATGGCAAAGAAGTCGAAGTAAAAGAAGGCACGTCGATTATCGAGGCGATGCAACAGTCGGGCGATCGTATCGCTCACTATTGCTGGCACCCAGGGTTGAGTGTGGCCGGTGTTTGCCGTCTGTGCATGGTGGAGATCGAAGGAAATCCACGTGTACAAATCGCATGTAACACAATGGTTACTGAAGGCATGAAAATCAATAACACGTCTGAAAAAGTAAAAGACGCTGTTAAGTGGGGTCTCGACTTCCACTTGATCAACCATCCTTTGGATTGTCCTATCTGTGACCAAGCCGGTGAGTGCGGATTGCAAGACCAATACATGGAGTACGGTAAGTACGATCCAGAAATGGCCGAGCACAAGCAAAAGAAACACAAGGTTGTCGATCTTGGTCCAACAGTTGTCTTGGACTCTGAACGTTGCATCCTGTGCTCTCGTTGTGTTCGTTTCACTGAAGAAGTTTCTAAAACAAACGAACTTGGTTTGTTCAACCGTGGTGACCGTACTGAAATCGGTACTCACGATGGTATGCCTTTGGATAACAAGTATTCTTTGAATACTGTGGATATCTGCCCAGTGGGTGCATTGACTTCCAAAGACTTCCGTTTCCGTCAGCGCGTTTGGTATCTAAAAGATGGCGACAGCGTATGTAACGGTTGCTCAACGGGTTGTAACATTAAAGTGTACTACAATAAGGAAGGTCTCTTCCGTATTAAACCTGTTTACAACGAACAGGTGAATGGTCACTGGATGTGCGACAACGGTCGTAACGCTTATAAATTCGTAAACCGTGAAGCGCGTATCC
NZ_CP106855.1_gap94	3626019	3630160	4141	TAAAGGCGGCGAGTTGGGTGCGAACGTTGATATCTACAATTTGACTAAGTACCAACGTACGAACCAAAACACATGCTTCAATCAAAAACCAATCGTAACTGTTGGTGACAAGGTTTCTAAAGGCGACATCGTTGCTGACGGACCTTCAACTGAGCTTGGTGAGTTGGCTCTAGGTCAAAACATCCTAGTAGCGTTCACTCCTTGGCAAGGTTACAACTTCGAGGACTCCATCCTTATTTCTGAGCGTTTGTTGAAAGACGACGTTTACACATCTATCCACATCGAAGAATTCGAGTGCGTAGCGCGTGACACGAAACTAGGTAAAGAAGAGATCACTCGCGATATCGCAAACGTTGGTGAAGAAGCACTTAAAGACCTTGATAGCTCTGGTATTATCCGCATCGGTGCGGAAGTTCGCCCTGGCTTCATCTTGGTTGGTAAAGTGACTCCTAAGGGTGAAACTCAACTTTCTCCTGAAGAAAAACTTTTGAGAGCGATCTTCGGTGAAAAAGCTGGTGACGTACGTGATACATCACTTCGCGCACCATCTGGCGTTTACGGTACAGTTATCGATGCTCAAGTTTACTCTCGTGAAGGCGCAGACCGCGATGAGCGTTTGTCTTCCATCATCGAAGAGAAAAAACGCAAGCTTGAAAAAGACTTGGCTGTTGAGCAAAACGTTATCAAAAATAACTCCATCACGAAACTTCGCGATATCTTGGTAGGCAAAATTACTACTGGCGTATTGTTGAATGAAGATGGATCTCAAAAACTTTTGAACAAAGGTCAATCGATCACAGTTGCGGATATCGAAACAATTCCATTTGAATTGTTGAACTATATCCCTCTTGAACAAGACCTTGAGTTCCAAGTTAACAAAATCATCGACAACGCTCGTAACCAACTTGACGCAGTTAAATTGGTATTCAACGAGAAGATCGATCGCCTTCGTAAAGGTGACGAGCTTCCTCCAGGCGTTATCAAAATGGTTAAAGTTTACGTTGCGATTAAACGTAAAATGCAAGTCGGCGATAAATTTGCCGGCCGTCACGGAAATAAAGGTGTCGTTTCTAAAGTATTGCCTGTTGAAGACATGCCTTACCTTGCAGACGGTTCTCCGGTTGACATGGTCTTGAATCCACTGGGCGTACCTTCACGTATGAACATCGGTCAGGTCCTTGAGGTTCACTTGGGTTGGGCAGCGCACAACTTGGGTAAACAAATCGGTTCTCACCTTGAAAAGTGGAATGCAGAAAACGCACGTAAAGAAATGAAAGATATCTTCAATGACTCTGATATCAGCGCAAAACTTGATGGCGCTGATGAAGGTTCTTTGAAATCAATGGTAACTCGTATGAAGAACGGTATCCACGTTGGAACGCCGGTATTCGACGGTGCTCGTGAATCAGATGTTAAGAACTTGCTTGCGAAAGCAGAAGTTCCACTTTCTGGTAAGTCCATCCTATTCGATGGTCGTACTGGCGAGCCGTTCACGAACCCAGTTACTGTGGGTATCATGTACATGCTTAAACTTCACCATCTGGTTGAAGAGAAGATCCATGCTCGTTCTATCGGACCTTATTCTCTCGTTTCGCAACAGCCATTGGGCGGTAAAGCTCAATTCGGTGGTCAGCGTCTAGGGGAGATGGAAGTTTGGGCGATCGAAGCATACGGTGCTGCATACTCTCTACAAGAGTTCCTAACTGTTAAGTCAGATGACGTAGCTGGTAGAACTCGTATGTACGAAAGTATCGTTAAGGGTGAAAACATCCTTGAGCCGGGTCTTCCTGAATCGTTCAACGTTCTAGTGAAAGAGCTTCAGTCTCTTGCATTGAATGTTGAGTTGATGGAGTCCGACATCCTACGCGATCAAGATGAAGATCTTGATAACGGTGGCGATGTTATTGAAGCAACTGTTGTGGCTCCTACTGAGCCAGAGCAGCACTAATTAAAACTTTAACAACAGGGGTGTTCTTTGAGAGACTTGTTGAATTTTTTCGATAAACCAAAAGATCCACTTTCGTTTGACGCCGTACGAGTATCGTTGGCGTCACCTGAAATGATTCGTGATTGGTCATTTGGTGAAGTTAAGAAGCCAGAAACTATCAACTATCGTACATTCAAGCCTGAACGGGACGGCTTGTTCTGTGCGAAAATCTTCGGTCCTATTAAGGATTACGAGTGCTTGTGCGGTAAGTATAAACGTATGAAGTACCGTGGCGTCGTCTGTGAAAAGTGCGGCGTTGAAGTAACACAAACTAAAGTTCGTCGTGAACGTTTAGGCCACATTGAGCTTGCAACTCCGGTTGCGCACATCTGGTTCTTGCGCTCATTGCCTTCTCGTATCGGTAACTTGCTCAACCTATCACTTAAGGATGTTGAGAAAGTTTTGTATTGTGAAGCACACGTGGTTATCGATCCAATGGAAACTACATTGGAAGAAGGCCAAGTATTGACTGAAGAAGCTTTGAACGCAGCTTTGAATGAATTCGGTCCTTCATTCAAATACGGCATGGGCGGCGAGGCTGTTCGTGACCTTTTGAGAAAAATCGATCCTGAATACTTGTCTCGCAAGCTTCGTATGGAAGCTAAAGACGTTAAGTCTGAAGCGGGTATGAAAAAGATCACTAAACGTCTTAAGGTTGTTGAGGCTTTCAAAGGCTCTATCAACAAACCTGAATGGATGATGTTGGAAGCACTTCCAGTGTTGCCACCAGATCTACGTCCTCTAGTTCCACTAGATGGCGGTCGTTTCGCGACTTCAGATCTAAATGATCTTTACCGTCGTGTGATCAACCGTAATAACCGTTTGAAACGTCTTCAAGAGCTTAACGCTCCAGACATCATCATCCGCAATGAAAAACGTATGTTGCAAGAAGCAGTAGACGCATTGTTGGATAATGGTCGTCGCGGTAAAACTTTCACTGGTCCAAATAAACGTCCTCTTCGCTCTCTTTCAGATATGTTGAAAGGTAAGCAAGGTCGTTTCCGTCAAAATCTACTTGGTAAACGTGTGGACTACTCTGGTCGTTCCGTTATCGTTGTAGGTCCGACGTTGAAATTGCACCAATGCGGTCTTCCTAAGAAAATGGCTTTGGAGCTATTCAAACCATTCGTTTACAACAAACTTGAAGAAAAAGGCCTAGCAGCAACTATCAAGCAAGCTAAGAAATTGGTTGAGCAAGAGACAGTTGAAGTTTGGGATATCTTGGCTGACGTAGTTAAAGAACATCCAGTTCTTCTAAACCGTGCGCCAACTCTTCACAGACTTGGTATCCAAGCCTTCGAACCTGTACTTCACGAAGGTAAAGCGATCCAATTGCACCCGCTAGTGTGCGGTGCCTTTAATGCCGACTTCGACGGTGACCAAATGGCGGTTCACGTTCCACTTTCTGTGGAATCTCAAGTTGAAGCTCGTGTTTTGATGATGTCTACGAACAACGTTCTTTCTCCAGCCTCTGGTAAGCCAATCATCAATCCATCACAAGATATCGTGTTGGGCCTGTACTGGTTGACTCGTAACCGTTTGGGCGCAAAAGGAACTGGCAAAATCTTCTCAACTGTTCAAGAAGCTCAATACGCTTACGAAACAGGTTTGGTGGACTTGCAAGCAGTTTGTAAAGTACGTATCAACGGTAAGTTGCAAGAAACAACTGTAGGTCGCGCGATCCTTTCAGACAGCGTTCCTAAAGAAGTTCCTTTCAACGACGTGAACGTAATCATGACTAAGAAACAAATCGCTGCTTTGATCGACAAGACTTTCCGTCTTGCGGGTGCAAAAGCGACTTGTATCTTGGCTGATAAAATCATGGAACTTGGTTTCAAATATTCAACGTCTGCAGGTATGTCTATCGGTATCGATGACATGGTTATCCCAGCTGCCAAAGCTCCGATGATCGCTGACGCTGAAAAACAAGTTACTGAAATCCAAACTCAGTACGATGAAGGTTTGATCACAGATGGTGAGCGCTACAATAAGGTAGTGGATATCTGGGCACAAACTGCAGATAAGATCGCTAAAGAAGGTATGAACGCGATCGAAAAACAAACGTACGTAATTGATGGCAAAGAAGTAGTAGGACCTTCATTCAATCCTATCTACATCATGGCTGAATCCGGAGCCCGTGGTTCCGCGACTCAG
NZ_CP106855.1_gap95	3631235	3633960	2725	TGATCCCAGTGGGTGCTCAGCTTCTAGCAGCTGACGGTCAAGAAATTCATGCCGGTGACGTTATCGCGAAAATGCATCGTGAGACTTCGAAAACGAAGGATATCACGGGCGGTCTTCCGCGCGTTGCCGAATTGTTTGAAGCTCGTAAACCGAAAGAAGCAGCAATCATCTCTGAAATTGATGGTTATGTGACATTCGGTAAAGACGTTAAAGGTAAACAACGTGTGATCGTAACTCCTGAAGTGGGTGAGCAAAAAGAATATCTTATCCCTAAAGGTAAGCACGTTGCTGTAAGAGAAGGTGAGTACGTAAGAGCCGGTGAGGCGTTGATGGACGGTCCAACAAATCCTCATGACATTCTGGCGGTTCTAGGTGCTAAAGCCCTATCTGCATACCTTGTTGATGAAATCCAAGAAGTTTACCGACTTCAAGGTGTTGCTATCAATGACAAGCATATCGAAGTCATCGTTCGCCAAATGCTACGTAAAGTAGAAATCAAGGACGCTGGTGACAGCCGCTTCTTGGCTGGTGAACAAGCTGAAAGATATGCTTTCGACGAAGAAAATGCTCGTTTGAGCCGTGAAGGTGGACAACTTGCTACATGCAATCCACTTCTTCTTGGTATCACGAAAGTTTCTTTGAGCACTGATAGCTGGATCTCAGCAGCGTCATTCCAAGAAACAACAAAAGTACTTACGGAAGCGGCGATCAATTCTCGTACAGACCATTTGCGTGGTTTGAAAGAGAATATCATCATGGGTCGTTTGATCCCTGCAGGTACTGGCTTAACTTCTTACAAACGTTGGAAAGTGTCTGTAGCAGAGGACGACGATGTAAATTACGTGGCATCTTTGCCAGGTATGTCGGCTTCCGCTCAGCCTCAAGGTTAGTAGAGTTGCAGCGCTTCATGAATCCTCAAAGCCGCTTCACTGGCGGTTTTGAGGGCTTAAAGCCTCGATTCTCGTAAGAAAAATGTAAAAAACTCAAAAAGTGGAACTCACGCCAGTTTTTGGGAACTAAAAATAACAACAATGTCTTGACCCGGATACTTTCGACAATGTAAGTTCCAGCGTCTTGAATTCGAATAAATTGTTTAAGGGGTTTATAAGTGCCTACAATTAACCAGCTCATCAAAAGTGAGCGTAAAGTTCAAAAAAACCAAACTAAATCACCTGCTTTGGTGTCATGCCCTCAGCGTCGTGGTGTTTGTACTCGTGTTTATACAACAACTCCAAAGAAGCCGAACTCCGCTCTACGTAAAGTAGCAAAAGTCCGTCTATCTAACGGTTTTGAAGTTATCTCTTACATCCCAGGTATCGGTCACAATCTTCAAGAGCACAGCGTTGTCTTGATTCGTGGCGGCCGTGTTAAAGACTTGCCGGGTGTTCGTTACCACATCGTTCGCGGTGTTCTAGATCTTCAAGGTGTTAACGGTCGCCTACGCAGCCGTTCTAAATACGGTACTAAGAGACCTAAGAAATAAGGATTGAGAAATGTCACGTCGTAAAAAGACCTTTAAAAGAGAAATCATTCCTGATCCAGTTTTCAAGGATCTAACTATCGCTAAGTTCGTCAATAAAATGATGATCCAAGGTAAGAAAGCTACTGCACAGAAGCTTTTCTACGGAGCGTTGGCTGAACTTGAAGGCAAAATTCAAGGTGAAGAACCTATCGCTATTTTCAAAAAAGCTCTTGAGAACGTAAAGCCTTCTATCGAAGTTCGTTCTCGCCGTGTAGGTGGAGCTACTTACCAAGTTCCTATCGATGTTCGTCCATCTCGTCGTCTAGCTTTGGCTATGCGTTGGTTGGTAGAATACTCTCGTGAACGTGGTGAAAAAGACCATGCTAAGCGTTTGGCTGGCGAATTCATCGATGCTTACAACAATAGAGGTAACTCTATTAAGAAGAAAGATGACGTTCACCGTATGGCTGAAGCAAATAAGGCTTTCTCTCACTACAATTGGTAATCTATTTACATGTCAGCTAAAGATCCTAAAGTTGTAGCTGATCTCAAGTATACTCGTAATATCGGCATCATGGCTCACATTGATGCCGGTAAAACGACGACCACCGAGCGCATTCTTTACTACACTGGAAAAAGTCATAAAATTGGTGAAGTTCACGACGGCCAGGCCACTATGGACTGGATGGTTCAAGAACAAGAGCGTGGTATTACTATCACGTCTGCTGCCACTATGGCGTTCTGGAAAGACCACCGTATTAATATCATCGATACTCCAGGGCACGTTGACTTCACTATTGAAGTTGAGCGTTCTTTGCGCGTTCTTGACGGTGCTGTAGCTGTATTCGACGGCGTTAACGGTGTTGAGCCTCAGTCTGAAACTGTTTGGAAGCAAGCTGACAAGTATAAAGTCCCAAGAATTTGCTTTATCAATAAAATGGACCGCGTGGGCGCTGATTTTGTGATGTCTTACGGGACAATCAAAGATCGTCTTCAAGCGAATCCAATCCCTGTTCAAGTTCCAATCGGCATGGAAGATTCCTTCCGTGGTGTTGTCGATTTGTTGGAAAATCGCGCTTACATTTGGACGACATCCGGGATGGGCGACAATTTCGAAGTTACCGATGTTCCTAACGACATGAAGGAAGAAATCAATCGCTTCCGCACAGAAGTCGTTGAGAAGATCGTTGAGTTTGACGATGTTCTTCTTGAGAAATATCTCAATGGAGAAGAGGTGACTGTGCCAGAGCTAAAAGCAGCTCT
NZ_CP106855.1_gap96	3644782	3648265	3483	ATGGTTGCTATCATCGCTGCGGTTATCTATATGGAAGTCGCTCAACGTAGAATCACTGTTCAGTATTCTCAACGTGCGGGTGGCGGCGGTATGCAGTCTATGCAGACTCCTACAAGCCATCTTCCAATCAAAATTAACTTCTCTGGGGTTATCCCACCAATCTTCGCGAGCTCGTTGCTAATGTTCCCAGCGACAATGGCTCAGTTCGTTCACACGCCATGGTTGAAAGCGCTTCAGGAATCTTTGAATCCTTCAGGCACAATCTTCAATATCATGTTCGTGGCTTTGATCGTTTTCTTCTCTTTCTTCTACACAGAGATCGTGTTCAACCCGAATGAAGTTGCTGATAACTTGAAAAAGTACGGCGGTTTCATCCCTGGTGTTCGCGCGGGTAAAAGCACTGCGGATTATATCCAAAAAGTACTTGAGCGCGTAAACGTATTGGGTTGCGTATACTTGTCTACGATCTGCGTAATGCCGGGTATCTTGGCTTCTGGTTTGAATCTTCCGTTCTACTTCGGTGGTACGTCTCTTTTGATCTTGGTCGGTGTTGCTTTGGATACTGCTCAGCAAATCCAATCCCACATGATCACTCAAAAATACGAAGGTTTCATGAAGGGTGCAAAAATCCGTAGCAGAAGGGTTCAGTTTTAATGAACGTTATTCTGTTTGGAGCTCCTGGAGCTGGTAAAGGTACACAATCTGAGTTGTTGATCAAACACTTGGGTATGACTCAAATCAGCACTGGAGATTTGTTCCGAGCTGCCATCAAAGGTCAAACAGACCTTGGCAAAAAAGCCCAAGAGTACATGGATAAAGGTCAATTGGTACCAGATAGCATTGTTATCGGTATGGTTGAGGAAGTACTTCAAAAAGGCGTAAAAAACTTTATCCTTGATGGTTTTCCAAGAACTGTGGCGCAAGCTGAGGCTTTGGATAACCTTTTGAATAAGATGACACTTTCTATTGGGAAAGCCATTTTTTTGGAAGTTCCAATGGAAATTTTGATGGATCGTTTAACTGGTAGACGCGTATGTAAAAATTGCGGGGCAGTCTACCACATCGTCAGCAAGCCTACCAAGACGGAAGGCAAATGTGATAACTGCGGCGGCGAAGTCATTCAACGTAATGACGACAAAGCTGATGTGATTGAGACTCGTCTTAAGAACTATCAGGAATTCACAAGCCCACTTAAAGAGTTTTATAAAAAATCAGGAAAATACATCGAAGTCGACGGTAATAGGGACACAGCGCAGGTCTATAAAGAGATCGAAAAAATAATAGGCTAACCACTTTTATTATTTTTTACTCTAGACATTAAAACTGCTCGGTGATAGCGTCCGACTCCTCGTTTGTATTTTTGCTGTGTATTTTTGGTCATTTTTCGACCAAAAAAATAGCAAGTATGGGAAGAAATATGAAAGTAAGACCATCAGTAAAAGCAATCTGCAATAAGTGCAAAGTTATTAAAAGAAAAGGCGTTATTCGCGTAATCTGCGAAAACCCTAAACATAAGCAAAGGCAGGGTTAATCATGGCACGTATTCTTGGTGTCGACTTACCTAGAAATAAGCGCGTTGAAATCGCGTTGACATACATCTACGGCATTGGACGTCCTCGTGCGGCTATGATTTGCAAGCAAGTAGGCATTCCTTCAACTCTTAGAACTGAAGGTTTGACAGACGAGCACATCGCAAAAATCCGTGGCATCATCGAACAAAACTTTAAAGTTGAGGGTGACCTTCGTCGTGAGGTTGGCCAATTCATTAAACGTTTGATGGATCTAAATTGTTATCGCGGTATCCGCCATCGTAAAGGCTTGCCAGTTCGTGGTCAGAACACTCGTTCTAATGCACGTACTCGTAAAGGTCCTAAGAAGACGGTAGCTAACAAGAAAAAAGCAGTCTAGTTAAAGGACATTAGCGATGAACACTGAAAATAAAAACAAAACAGTAGCTAAGAAAAAAGTTAAAAGAAACGTTCCTCAAGGGAATTGCTACATTCAAGCTGGCTTCGGTAACGTTATCGTAACGATGACTGATCCATCTGGCGCGACTGTATCATGGTCCTCTGCTGGTCACCTTGGTTTCAAAGGTAGCCGTAAAGGTACTCCATTCGCAGCTCAAGTAGCAGCGGAAGACGCAGCGAAAAAAGCTATGGAAGCGGGCATGAAAGCCGTGGACGTTTATCTTAAAGGTCCTGGCGCAGGCCGTGAACCAGCTATCCGTGCGTTGGCTGCAACTGGTATGAGAATCTTGACTCTTAAAGATATCACTCCAGTTCCACACAACGGTTGCCGTCCTCCTAAGCGCAGAAGAATCTAATACTTAATAGGCGACTTTTTAAAAAGTCGCCTGTTTGGTTTGAAGTTCTTGGGTTTTTCAACGACTGCGTGATTCGATTCATGCAGTTCGATTCAAAAACCGTGCCGCGAAGCAAGACAGCTTGTTAAAAACTTCCTTTTCTTGTTGAATGGGGAGTTGCTAACAAAAGGGGTGTCTTATTCAAGTTTAACGAACACATAGTTTCGTTGAATCTTGAAGCGAACATGAATCCTTTGGAGCATGTTCGTCGATAAACTACTCAGATAAATTAACCTCTCGGGGGATCCATGCAAGAGCATTATTATAAGTTTTGGAGAGAAATGATCAAACCAAAGGGATTTGAGGTTGATCGTGATACTCTTCGTGATGACTACGCAAAATTCATTATCCGTCCGCTTGAAAGAGGTTTCGGCGTTACTCTTGGTAACTCCCTAAGAAGAATTCTTCTTAGCTCTATGATGGGTTCTGCAATCACTGCGGTTAAATTCGAAGGTGTATTGCACGAGTTCACTACGATCCCAGACGTTCTTGAAGATGTTACTGACATTATCTTGAACCTTAAAGAAGTACGTTTCAAACAGTACACTTCTGACTCTTTGACTTTGAAGATCTCTAAAAAAGGTCCAGGCAAAGTAACTGCAGCAGACATCCAAGTTTCTGATAAGATCGAAGTTTTGAACCCAGATCTTCATATCGCTACTTTGGGTGCGAACGGTAACTTCAGCGCTGAAATCGTTGTAAGTTTCGGTCGTGGTTATGTTCCTGTTGAAAACAGAGAAACAGATCTTCCAGTTGGCTTCATCGGTGTTGACGCTCTTTACAGCCCAATCCGTAAAGTTAACTACAATGTTTCTAATGCGCGTGTTGGTCAAAGAACTGACTACGATGCATTGACTTTGGAAGTATGGACTGATGGTTCATTGAAACCGGACGAAGCAGTTGCTCTTTCTTCTAAAATCATGAAAGAACAACTTCAAATCTTCCTTACTTTCGATGAAAGCATGGAGCCAGTTGAAGAATCTCGCGAGCTAGGTTCGCCTTCATTGAACGAGAACTTGTTCCGTTCAGTTGACGATCTTGAGCTTTCTGTTCGTTCTGCGAACTGCTTGAAAAACGCTAACATCCGTTACATCGGTGAGTTGGTTGTTCGTTCTGAAGCA
NZ_CP106855.1_gap97	3650281	3654172	3891	ATGCTTCCCACTCCACCTTCTGTTTTGACAGACAATTGATCGTAGATCACGCCTTCGTGGCTGGGAGAAGCTGAAGCAGCGTCTTGCATAGCTTCGCAGGACTTGTCGTTGGGTTTTACGATGATGCTGTTGAAAGTGAAGCGAATATCATTACCAAACTTTTGTTTCGCCATTGCGATTACATTGTCTGGCATGTCTTCAGCTTCTAATGGCAGCAAGCTTCCAGCGGCGTCACCAGCTTTCATTTTTGAAGCATCACCACCAACAGATCTTTCATCTTCATTAGAGACAAGGATAACTGACACCGCGGCACCCGCACGATAGCAACCATTTGAATTAGCCAACGCAAAGTGGTTATAAGTCGCCTTTAAGCCACGTTCATCAGCGGACCCTGTACCGCCGATGGCCATTGCGTTCACAGTGTTTTCAAAGATGCTTGTTAGATTGGCAGTACCTTTCTTAAGTAGATACGCCGGAGTCCCTGATGGCGGTGTGTATCCTGTCCAATCAGCAGAAAAGCCCCATTGGTTGTTCATCGCACGAGTCGTCGTCATGCACATTTGCCAGTCGATTCCTGAGGTCTCCAAGGAGCCTACAAAGTCACCCAAGCTTGCCGCTAGTTTTTTTAGATCGGGCAACATGGAGTTTGAGTCGTCAAACACGACCAAGAAGTCGACCTGTTTATTACCGTATCCGACTACTTGTGAGAAACTGACTGCATTAGTAGGAGCGGATGAAGCTGCTTCTGTCGTCACCACTGGTGTGAAAGTCATTTTCGAACAAGCTGCAGAGAAGCTTGTCATCACAGTTAGGATCAGCAGATTTTTTAGATTCATCGTTTTCATAGTTTTCTACCTCGACTATTAAAGACTAGCATCAGATCCGGCCTCAAAAAAAGTGTAAACAGCAAATGCGAGTCAAAATGACTAATGATTTCGATAATTTACGAGATACCGTCAAACTTGTATGCAGGACCTGATTAGAAGCTCGACGAAACTTCTGAAATAAAAACAAAACGGGTCGCGGAATAAAACAAATTCCGTCACTTTTAAAAATTGAGAGTGACCTCATGTCACATATCTTGCGTTTGAATTTCGAAGAACAAGTTCTTCATTACAAATCTGTGACCCCATTGAAAAACGAGGAGTGTGTTGATAGATCAGGCGTCCATGGCGAAGTTGTCTTCATTTAATCCACTCTCTAAATATGTCACTACCGAGAGCCTTGATTTTAAAATCAGAAAGCTTGATTTGATTTATCAAGAGCATCTTAAGGGCGCGTTCGCTATTCTTGGAAATGGCGGTGCATATCTTTGGGTGGCTTGGGATCACGTCCCGCACTCATTGTTGGTCGTATGGATGTCAGCGATGGCGATGACCGTGACCATTCGAATGATATCGCTGTGGCAGTGGAATAAGAAAAAGCAATCAATTACCAACAGACGCAGTCTGCAGTTTTGGCAATATCTGCTTTACTCCCAGCTGTTGATTTCGGGACTTGGCTGGGGAACTTTGGGGATTATGTCGACGGCGACGACGGATAGCTCTGTTCAGATCCTGGCTTCGTTGATCATAGCTTCGATGACTGCAGGACCCCTGATTTATTATGTGTCCTCTAAAAAGGCCATGGCGTGTCTGACGGCCCCAGCGTTGATTGGATGGAGCTTTGGTTATCTGCTGCTTTCAGAAGTTCCCCATCATGAACTTTTAGGCGTCTTGATTTTATTCTATTTAGTTTTGCTGTTCTTTATTGGTCGCAATTTAAATCGCGCCATCCTAAGAATGATTTCTTTAGACTATCAGTTAAAGAAAAATGAAGAGCATTTGCGTATGGCGATGGCCTCAAGTAATGCGCTGTCTTGGGATTGGTATGTGGAAACCAATCACTTGGATTATAACGGCAATATTGCTCTGTTTCCTCAAGGGCCCGTGCAGCTTCAGGATATCTTGAAGAAACATTTCGTAACACCGGGCGATCTGGATGCTGAAATTGAGTGTTTGGATCTAGAGGGGCGAAGCCGCTATATCGCTATTAAGGGCCGAGTTTCTAAAGATCCTAAGACGGCTTACCGTATGACAGGGATTGCTTGGGATATCACGACGAAAAAAAATGAAGATCTTTTGCGCCGTGAGCGTGACGTTCACGAAGCAGCCAATCGCGGTAAATCCGTGTTGTTAGCAAATGCCAGCCATGAGATTCGCACGCCTATTGCTTCGATTTTGGGTTATTCTGAAACCCTTTTAGGCAGTGCAAGCTTAGATGCACAAAACCGTAGTGATGTTGAGGCGATTCATCGTCAGGGCAAATTCATGGTGACACTGGTGAATGACCTTTTGGATTTATCCAAGATTGAATCAAAAGGTTTGTTCTTTCAGTCCTGCACGATGAACCCTGCCATGGAGTTAGAAGACTCGATCGCAATGATTCGATCGACCTTGGATAGTTCAAAGCATCAGCTGTCTTTGAATTTTGAAACTCATTTTCCAGAGGTGATATCTTCGGATCCGGTTCGATTCCGACAAGTTGTGATCAATCTGCTGTCGAATGCTGTGAAATACACTCTGCAAGGGGAGATCAAGGTCGTTGCACGTTTCTATCAGAATATTGAAGGTGAAGGTTTTATCGCTGTCACGGTGGTAGATACCGGTATGGGTATGGACTACCAAATGCAACGACAACTATTTGAACCATTTGTTCGCGGAGAGAATGCGGAAGTGCAACGTGTTCCTGGTTCAGGCTTAGGTTTGGCACTGAGCCGTCAGCTGGCTCGTGGTATGAGTGGTGATTTGCGACTGATTCGGTCCATGCTGGGAAATGGAAGTACATTCGAATTTACCTTACCTGTGGGCAAGGCTTCAGAGCTAAAATTGGTATCTGCTCATGAGGCACGAATCGGGACTCGAGAGCGCATCCCTATTCCGCAAGAGTCGAATCATTTGAAAGATCGCGAAATTTTAGTTGTGGATGATTCGGATGATCTGCGTGCATTGATGGCGCGCTATTTAATGCGTGAGGGCGCTATTGTTGAGACCAGTGAAAACGGTCAGGCGGGTGTTGAGCGGGCCTTAAGCAAAAATTTTGATGTGATCTTGATGGATATCAAAATGCCGGTGATGGATGGCTATCAGGCGGCGGCATTGCTGAGGGAAAATGGTTATGTGGGATTGATTGTCGCGGTCACGGCCCAGGCAACTGCTGAGGGCCGGATGGATTCTCGAAGCAACGGATTTGATGCTTACTTGAGCAAACCCGTTGATATTAATCTTTTAAAGGACATTCTGATTCAGGCTTAGTTTTGTAAGTTACTAAAAGCCAAATTTCTTTTTAAGGTCGTCGACAGCTTTTTGACCTTCTTTTTCAAGTTGCTTGCGACCTTGATTTTCAGCGTCCTTTTTGGCTGTTTCTACTTTTGCTTCGACTTGCTTCTTTTGGGCATCCAATTGATCTTGGGCTTTCTTAACTTCTTTGTCGAATTGGCCTTTCAACTGATTTAGTTGGGCTTCCACTTGGGCTTTTTGTTTGCCAATTTCCTGGTCGACATAGGCTTGAATTTTCTTACGAGCTTCTTCGACCTTGGTTTGGATTTGTTTTTCGAATCCTTTGGATAGTTCGGGCCCCAAGTTTGAATTGATCGACAAAGGTACATTCGGTAAATCACCTTGGCCTTTGGCTGTCAAAGTAACTTGCGGAATTCCTGCGAAGACAGCTTTTAAAATCTCATCAGCAATTTGGTTCGTTGATGAAACTGCATAGTCGATTTTTGTAAACTTATTATCGAAATCAATTGCCAAGTTTTTCAGCCCCACCAAAGACCCTTGGATACCCATGGCGCCGTTGGCTTTGTTGAAAGCAATTTTGACGTCAGGGCTACTGACAAGGTCTTTGCCTTGA
NZ_CP106855.1_gap98	3680688	3681188	500	AAGGTTCTATCAGTTTTGGTCTCTTGAATATTCCAGTCACCCTGCAAGGGGCTCAAAGTGAAAAAGAAATCAGCTTTTCAATGTTAGATAAAAAGGACCTGTCACGCATTCAATACAAAAAAATAAATGCAAAAACTGGCAAAGAAGTTCCTTATGAAAATATCGTCAAAGGATATGAATACAGTTCTGGTCGCTATGTCCTGATCACCGAAGACGAAATTAAAAAATCAAACGTCAAAGCTTCGCAAACAATCGATATCGAGGACGTGGTTTCATTAGATGAGATTGATCCGATGTATTTCGAACGTCCTTATTACTTGGTTCCCCAAAAAGGCGCGGAGAAGGGGTATTACCTTTTGAGGGACGCCTTGCAGAAAAGTGGCAAGGTGGCAGTTTCTAAAATCGTCATTCGTATTAAACAACATTTGGCGATGATTATGCCCAAAGGCGAATACCTAATGCTGGAACTTCTGCGATTTGGTCATGAGGTTAAAACGGAA
