gap_id	start	end	length	sequence
NZ_CP010206.1_gap1	2956	5258	2302	TGCCGCTGCTTTCCGGCGTGGCTCCACGGGCAATACCACCGTTGTTATCGTGCCCGAGATGACCGCCCTGAATGCTGAGACGGACGCTGTTATTTTCACCGTTTACACCGGTCTGATGGCTGCGGGAGCCTGCCAGAATCCGCTCATAGTCCATTGCCTGTGTCAGCATGGAGGCATACAGGGGGACTTCAGCACGATAAGCATTTTCACTGCGCAGGTACCAGTCTTCATCGCTGTCACGGTTCAGGGTGTAGTTAAAGGCGCCGGCCTGAAGCGGACGACTCAGGGCAAACGCACCTTCTTCTGTGGTGGCACCATTCTGTGCATCCACAACCCGGATACCCTGTCCGGTGGTTGCCACCCCGAGGTTACTGTTTCCGACATTTGTAAACGCAAGCCAGGTTTTGCCGGTTGCCTGACCACCATTAATCACCAGCTGGTCAGAGGTATTGCTGCCATCAAGGCGAACACGCATATTGATGGTGCCACCCTGACCGGTGAGGTTACTGGTGGTCAGTTTATGGAACGTTACCGGGGAGTCGCCTTTTGCAACAGCACGGCTCAGCGCAGCATCCGGTGTCGTCTGATTATCAAAGCGAATCTCCCCTGCGTTAACAATATCGCCGGTACTGACCACATCACCATTCAGTACCATACTGGCGCCTTTACTGAGCTGTGTTCTGCCACTCAGACTTCCCCCGGCAGCCAGCGTCAGTGTTCCACGATATCCGACAGTGGTGTTACCGGCCTGTCCCCCGGCATTAACCGTAAAGCTGCCGCCATTTTCCAGCAGCAGGCCGCTGGCCTGACCGGAGATACCATCAATACTGAACTTACTGCTGGCATTGGTCCCCTCAACAGTGGCACCACTGTCTGCAATCAGGGCACCACCGGATGTCATGGTGACACCTGTCGCCTTACCGCCGGCAGACACTGCCAGGGTACCGCCGTCATCCACCAGGGTATTCTGTGCTGAATGGCTCTCCAGTATATCCAGACGACCGCCGGATTCCAGAACAACACCGTCAGCCTTACCGTTTTCCACCGTGAAATTGCCCAGACGGTTGCTGCCAAGAACAGTTGCTGCAGTACTGGTGACCAGTGCTCCACCCTGTTTCAGGGTGACATGTGTGGCGGTACCACCGGCGTTCACCTGCAGTTTGCCTTTCTGGTTAACGGTGGTGAAATCCGCCAGACCACCTTCCTTGATAATCTGCCAGCCGTCACTGTTTACAACAGTGCCAGACGCCGTACCGCCGTTGTGCACATACTGGTACCCCCCATTCAGCGTGGTATTCAGTGCGTGACCATGTACAGTCTGGTCGCCGCCGGCATAAACCACAGTGGTATTTGCCATTCCTTCAGCAGCCACAATCTGACGACCATTTTTATTGATGGTGGTACGTACGGCATCTCCGCGAACAAACTGTCCGGTATCAGCATTTTCCGCATCCGGTCCTCCTTCTGCGCCGGTATTCACAACCGTGTCGGTTGCCACTGCGCCGGATTTGATGGCCTGCCAGCCCTTCTCATTAATGACGGTACCCGTTGCAATCCCGCCTTCATGTACCCACTGCTCACCGCCGTTCAGAGTGGTGTTCACTGCCTGCCCCTGAAGGCTCTGTCCGCCTCCGGCACTGATAACCGTGTCTGAAACGCTTCCTCCGGCATTCACTCTCTGAAGACCACCACCGGTGACAGTAGTGTTGTTGGCGATACCGCCATTTTGTATCCATTGTCCGCCGGTATTGGCCTCGTTATCCGGCCCATACTCCAGACCGGTACTGATGGTCATTCCGTTGGCCGTACCGAAGACAATCTGGTTGTCATGATTTGTCAGTGTTCCGTCGTTCACGGTTTCTCCCGCCTGTACAACCGTGTCAGCAGCCAGTGCCGGGACTGATGTGACAGCAGCAAGAGACAGCGCAACCGCCACACCGGCGCGTTTTCCCCGTGAGCGGGCCAGTTCGGAGGCCACCACCAGGGTGCCCGTAATGTGATTCCATACCAGCCTGTAGCTGGTGTTCAGATGTCGTTTCATCAGCTTTTCCTTACAGAGGGTGAATAAAAAAGCCGGTACCCACAAATGTGGATACCGGCAGGTACAAAACAGCATGGTCAGATAAAGTGTTTTTTCCCGGACATAAATGCTTCCCCTCTCTCATCTGCCAGAGAAGTATCAGTCCGTTGTGTGCAATTCCGTTCTGCATGATGAAGAGATTCAGCTGCCTTTTCGCAGACCATTAACCACTATAAACGATCGATAGTAACGATCAATATCTGTTTTATCGATCGTTTTATT
NZ_CP010206.1_gap2	6642	10519	3877	AACCACCGGGTCACTGGGTTATGTACCGGATGTGTTTCATCCTGTTTTTGTTTCAGTCTTGTCCAGAACCACTGACACATTTCATCATCATCAGGAAGGAGCCACTTAAACTTTTGACAGGCGCTTTTCTTTTTAAGCCACGCCTGCCTGAGCTCCTCGAGATATATGCTTTTTGCATTTTTATTAATTAAAGAATGGCAGGAATCAAAATATGAAATGATTACTTTTATTCGTTCGTTATGGGATGATGGATTATCCGGAAGGTTACTTTTTTTGTAAGTATTTAACGTTTCATCGGTAACTGTTCGTCTTTTTCTGACTTCAATTCCGTTTTTTATCCCTGATGAATTATGGTTTATTTCCGGGAAATTTGTATGGTCTTCCTTTGACAGATAAATAGTAGTCCAGGTAAAGAAAGTCGCAAGTTCGTCAGTTTTCAACCAGAGAAAACTCTCTTCAGGCAGTATTGCCTGCCCTGCAATAATTTCAAGTTCATTAATTTCTTTGCTGAGAGCTTCTTCTGCAGTCGAACCAAAAACACCAAAAGAATTGTTTGAAGCTTTATAATACTTTTCTTTTAAAAACGCATTAACATTTCTGATACAGTTTTGTGGGTTGTCAGGCGCAAACTGAGGGAATTCATTGGGGTATTTGTGATTCAGATATTCGGCATAAAACCGACATTTACGGGGATCTTTGCATTTGATAAGCATCTGTTCGTTATTCATTATCTCACTCCATGTCGCCTCTCTTATAACAAAATCGTCTCAATTTTATTTTGTCACTAAGTGATTATCAAATGTTTTTGTTGTGATTTGTTTATGTTTTTAAATGTTTATGTCATGTTATCAGTGTTTTTATATAAAGATACATTGATGTTTTTATGATGGTGAAAAATCATATTTTCTTTTATATTCATTGGGTTATGCTTTTTTGTTCTGCATTTGGGGGATGGCGGAAAAGAATGGGCTGTGTTGATCACATGCGCCGTATGCGCTGTCCAGGTTACAGCGCACCTCAATATTCAGTGTTTTCCTGTTGACTGGTATTGTTAATCTTATGTTTTAGTTTTGTTTTATTGTGTGGTTGTGAATGTTGTGTTTGGTTTGATGGTTGAGAAAGAAAAAAGAAGACTATGATGCACTAATCAGGAAATATTTTCGACGCCGGTTGAGTTAAAAGAACAGATAGAGTGGACAGGTGTTGTGTTAATAGTTTACGGCTGACAGCATTCTTATTTTAATAACAGGTGTTATTATTTATGGATTTATACAGACGATACTCCCGCTAAATAGTCAGGTGATGATGGTCGTTGAGTGGTTTTATAAGCTACGTATAGCACTGTAAGACTTATTAATTCAACGATCACTACCGTTTATTGATATACCTGTATTCGGGAAATGTCATAAAAAATGTCACGTTGTTTGCAGAATCTTTTGTTTTTTAGTTTCTGATACGCAATGACTAAGCAGGAGGACTCACTTTGTTTGTATGCTGACCGTGATCGCCAGTGGAGATGAACAATTGACTCTTACATTGAGAAATATACTCTTTTGTATTTTATCGTTTATCCGCATGAAGTAAATAATCTTCAGCAATGTTATTTATGTAAATGTTATTATCTTACCCTGAATGTTCATTTTATCAGTATGATATTTCATTGTTTATTGATGAAATTTACTGGTAAATGATCTTGTTAAGATTGCCAGAACGACAGTTTTCGCTGATTCTGTGCAATGGAAGAGATGTTATATCATCTGTTTAAGCAATAAGTTTAATACAAATTTCAGAAGATGTGTTGGTGAGTTGATGACTAATTTTCAGAGGGGGATGGAAAAGTGTATGGAGTCCCATAAAGAAAAAATCGTTATTGTCCAGTTGACGTACATTTCTGGGTGATGACTCCAGTCAGCGGAACATGTGTTTTCGATGAATGACCCAATAACTTTTTCGTGAATTTCCACGGAGCATGAAAAGCAAATCGTTTTCCGGTCCAGCCGTTTGATGTGGGAACGGGAGCAGATGGTGGTGCTCAATGCGCCGGGTAAATATCAATACGATTTGAGGAACCATTTGCTGGTTAATCTCTTTCCGATAGCATTGGATGCAGCAATCACTACATCCAACGTGAATAACCATGAATTGCACAGAAACAATATACCTGCGACCCTCTCCGGAAATTCCGGTATCACTGACTACGTACCGCCCGGGAGTGATTATGAATCAACAGGCGTATAACAGGTACTCGTCAATCATCAGTTCAAGCTCGCGCTTTTCCCGTTTGCGCGCCACAGCCCAGCTTTCAAGTTCTGCGTGTGATTTATGCTTTAACTCTTCAGTCCAGGGCTGCATGGAGTGGGCGCACATCAGATCATACCAGCACAGCCATATCAGGGTGTGGTAGAGATCGCGATCGTCAAAACGCCGGAGCAGACTGTTCAGCCTGTTTGCCAGTCGGCTTTCTCCCAGACGATGTAGTTCACTGAGTAAAACACCACCCAGGTTAAAATGTGTAAGTAGCATGATTTCATGAGTCTGAATGCTGGTCATTAACCCTTCCTGAATGGCAGGAATGAACGGTGGCGTTCCCGGGTTGACTACCTGATAGAGTCCCTGTGGTGCCACCGAGATGATGGTGCCTTTTTCCGGCAGAAAAAAGTGGGCCAGGGTCAGGCGATGATAACCATGAAGATGCGGAGAGCCCATTCCATGAGCGACAATAAACCGGGTTACACTTGCCATCCATTTCTGATGCTGGGTGAGCAGCAGATCACACCGGTTTTCAAGTTTTTGCATAATATTCTCTCCTTTAGCACGCAGCAAAATGCCTCCGGAGGCCGGATAGTGTATTCGCTGCGGTTGAACGGGTAATGGTCAGGAATTACGGACGGGATTGTGCAATACGCGCCTGCAACCAGGCTTCCACTTCACTTTTCAGCCATCGGGAGCTGCGGCCGAGTTTGATGGGGGCCGGAAAGGCACCATCCTTGATGAGCTTGTAAAACCACTTATCGGTTAAGCCGGTCAGTTGAGTGATAAACGCCATGTCGACCATCTGGTCATCCATCAGCGAAACTGGGGTATTCATGAAAATGTTCCTCCGGATGTTGTTAATCTCAACCGGCGTTGGTGATGAAAACGACGGACCACCTTCACCGGCATAACAACCGGGGAGAAACGTAAAAAATGAGTAGGGGGAATGTTCCTGCCGGGAGATAAACAGGGAGCATGATGCTGGGGTACCCGGTGGCTACCGCGAAACGATGCTTCTCGCGCGTACGCACGACAGAGAAGGGATGATTTTCGGGAGGATGAGGGGAATGCTGTCGTTCTGATAATTGCAGAGTTATTTACGAGGCGGTTACGGTGGAGCAGCCCGTGTCCGGTGGGCAGGGACAGGTATCACCGATGGGATAAGACTGTCTGATTGGTATTATAAATATATAAGAGAGATCAAACACATGAGTTCATATCTGTGAAATAAACACTGTGAGTGTGATCAGTGGGCATGAGAACGCAGTAGCAACAGATTACGTTGTACTCACAGGGCTATCCCTGATAGCTGGCGTATAACCTGCGTATATAAAACGTACCTGCAACACACGTGAACAGAGTGCATTAAGCATCCGTCTGAGCGGTAAACGTATCCGACCTGGTGAGTGACAGTCTGAGAGACCGGTTAAGTGGTGGTACGGGAGTAATGAGTTTGGGGTGGGTACCAGAATGCCAGTCAGGTGCGGTATGCTGGCAGTATCACGTTAATTGCAGCATAAAGTGATGAGAGGCTAATGGAAGTTAAAACCAAAGAAGACTGGCTGTATCAGTTCCGTCGTTGTTCATCCCGGGAGACACTGGAAAAAGTGATTTCCCACACGCG
NZ_CP010206.1_gap3	12220	13448	1228	TTTGTGGCAGTTCGCTCAGATATCACCCGCAATACGACACTGAACGTCCCTGGTTTGAACACACTGACGAAGGGCTGACTGAGCACGGTCATGAGTGCCCTTATGTCAGACCGGAGCGCAGAGAAATACTGTTGATTAAACGCTTACAGCAATGGGTACCGGATGCTTTACCCGTGGTGCGTAAAGCCCACCGGCACTGCAGACAATGTCACCACGATTATTATGGGGAACGCTATTGTACACACTGTCATACAGGGCGTTTCAGTGAGGAAGTAGTGGCAGGATGAACGGTCTAAAAACGGGGCTGGGGATCACGCCGGGTGAGCACATTATCAGTGCGGCCTCAGCCCTTAGCAGAAATATCAGGCATTGTTTCTGTCTTTCCTGTCGTGGTCGGTTGATTTTGCAGACAGATGCTCAGGGGGCGTGGTTTGAGCACGATTTACATGCCCTGACCGTGCAACAGAAGGTGGCCTGCGTGGTGCTGAATCCGGAAAAACCCCATCCTTACATTGAGGATATGGCGATGTTTTTATCGCCATTACCAACCGTGCTGGAGTGGCATTGTGTGATGTGCGAGAGGCTTTTTCATGGGAAGAAGTTCTGTGAGGCCTGTGGTACGGGGATTTATTGCAGAGCAACATGTACGAAGTATGTTTACAGGTACCAGCCAGATTTGCTCCGGGACCAGGAGTGAGGGAGATGCGACATAATTACCTGATCATGACAGCCATGCTTCTGCCGGATCCATACGTGGTCCGGCGTTTTTTTTCGCCGGGGGATTCACTGGCTGCGTCTGCTGATGATCCTCTTTATGCGCCATTCAGACAGGGGATACATCGAAAAACATCATCATCTGCGGGCAATATAGTTACACAGAATGATCATTGCTACCTGTTATGGCAACAATTGGTGATGACCAGGTGAAGCATCGGTGCTTCCGTTGATTCTTATGGACTGATAAAGTTTTGTCAGCTGAATTTTTATACGGAATTCTTTTCAGTATGTGTACACGAATTGACTATCTGGCGGATAAATACTGCTTTACAGAACGGAACGAATCGCCCCGTCTTCGCCGGCAATGGCAGGATGTCCTGGATGAGTGCCGGCAGACAGAGGCAGGGCCTGAAGAACGGTTGCGTATTGCACTGCTGAATGTGGATTACGTCACCAGTTTTGAACTGCCTTTTCGCTTGTTGCTTACTCGTACACCACAACTGATTGCCGC
NZ_CP010206.1_gap4	15214	15766	552	CTGCACCTGGCTCTTTTGCCCATAAGATTAATTTTCCTGTTGAAACGCCCTGTTTTCAGATTAAACAGACGGAACTGGAGGGGGCTGATGCGTTACCACACTGGTTGCCTTTACAAAAAATTGCCAACGGGGCGGTCGGGCATTGCCTGGGGGCGAAAGGAATTAATCTGCTGATGAGTACATTGCAGAACCGTCTGGTCGATCATGGTTATGTCACCACCCGGGTTCTGGCACCTTCGCAGGATTTAAAAAGCGGTATCCTCCGGCTGGTTATTATTCCCGGTGTTGTGCGACATGTGCGTCTGACACCGGACAGTGATGACTATATTCAGTTGTATTCCTCATTCCCGGCACACGAAGGCTCTCTGCTGGATTTACGGGACATTGAGCAGGGGCTGGAGAATATGCAACGACTGCCGGGTGTGCAGGCTGATATGGAAATTGTACCCGGTGAGCAGCCAGGGGAAAGTGACATTCTTATTACCCGCAAACAGGACAAATACTGGCGACTGGGGTTTTCGCTTGACGATTCAGGTACCCGCAGCACAGGGC
NZ_CP010206.1_gap5	187687	191703	4016	TCGGTGATGATCACTTTGACGCTGTGTTCGCTGTGATCAACATGGCTGCACATTGGCACGACGGTTGAGATCTTGCCTTCTTTAGCAATCGACGGAGCCATAAAGATCGACAGATACGCGTTGCGTTCAAAATCACCGCTGCCGCCGATGCCGTTCATCAGATCGACCCCGGCTACGTGCGTTGAGTTGGCATGCCCGTAAATATCAAACTCCAGGCCGACGTTCAGAGCGATGACGCCCAGACGACGGATGATTTCCGGGTTATTGGAAATCTCCTGCGGACGCAACACAATGCGGCTGGCAAAGTAATCCATATTGTCGTAAATCTTGCGCAGGGAATCGGCCGAGATTGTCAGGCTGGAGGCGCTGGCCCCGCTGATTTTGCCGGTTTCCAGTAAATGCACCACCGATTCCTGTAGCACTTCCGAATACATCATGAACGGAGGAATTTCCGGGTTTTCCCCCAGACGCGCCATTACCGCATTATTGATATTGCCCACGCCACTTTGCAGCGGCAGAAATTCCGGCGGAATACGCCCATGCGCCATTTCCTGCAATAAGAACGTGACCACGTTATCGGCAATCTGCTGGCACATGGGATTTTGCTTATCCAGCATATTACCGGCGTCGGGCAAGTTGGTTTCCACGACGGCGACAATCTTTTTCGGATCGATTTGCACATAGCGGGTACCGACGCGATCCATTGCATGGAAGATCGACACGCTATTGCGCCGCGGTGGCGCGCCAGGAATCACAATATCCGCCAGTTCTGCAACGCGCGGATCGTGATAGTGATTAAGTTCAATGATCACTTTCTTCGCCCGCAGCAGCCAGGTCGGCGCATTACCGATCCCGCTGGTTAACCAGACTCGACCATCCGGTGCCAGTGCCGATGCTTCAATGACGGCAACATCAATTTCGCCGAAGAAACCGTAATTGACCATTTGCGCCACTTCGCTCAAATGCAGGTCAACGAAACTCACCGCGCCCTGATTGATCTTTTTACGTAAACCGGACGATGTTTGATATGGTGCACGCCAGGAAACAGCATCGGCGTCAGAAAGTACATCGTCAGCGGCGGCGCTGATTGACGCCCCCGTCAGCAGGCGAATTTGATACGGCTTTTTGGCCTCATGCTGTTCGTTAGCTCTGCGGGCAATCGCGGTGGGTAGGGCTTTCGGCGAACCCGCTGGGGTAAAGCCGCTAAATGCCACCATGTCGTTATGCTGGATAATTTCTGCCGCTTCATCGGCGGTCATCCTTGTCCACTGAGTTTCCATTTTTACTCCTTCGTTCGCAGGGATTAATGACCAACGAAATTAGGTTTACGTTTTTCGAGGAAAGCGTTCATCCCTTCCTGGTAATCTTCGCTGTCATAAACCGCGCGGCGCATCCCCTGAATACGTTCAAATTCATCGGAGTTCATGGTGTGTGCTTCGCCCAGTACACGCAGCTCTTCTTTGATAACGGCAATGGCTAACGGCGCTTTCTCAGAGATGTGGTGCGCCATTTGTAAGGTGAAATCTTCCAGTTCTTCCACTTCCACAACATGGTTGAGGATGCCGACAGCCAGCGCGCGCTGGGCGGTGATTGGCGAAGCGGTAAAAATCAGCTCTTTGACAATGTGGAAGCCCGCGTCGCGGGTCAGGTTGTGAATGCCGACCAGGTTATACGGGACGCCGAGGTTTACAGGCGTCATTGAGAAGGTTGAGGTACTGGCGGCGATAATCAGATCGGAACTCATGATCATTTCAAATGCGCCACCCCAAACACTACCTTCCACCATCGAAATAATCGGTTTCGGGAATTTTTGGATCATGCGGGTGATTTGACGCAATGGATCATCATAGGAGAGCGGATCGCGACCGCCAGACGGCAGTTCGTGAATATCGTGACCTGCGGAGAAGACTTTGGATCCACTCGGCGCGCGCAAAATGATACAGCGAATTTCCGGCCGGTTGAGATCGCTTAACGCCTGCATAAGATCATCAATAAAGACTTTACTTAAGGCATTAAGTTTTCGGCCATAGTTAAACTCAATGACCGCCACTTTGTTGATAGTGGCAACGTTCACATACTGATAAGACATAAAAATTCCTTTAATCAAAATATTGCGTCTGGATAAATTCACTGAGCTGCCGCAGGCCGGTGCGCGGTGAGAGCGTATTGTTTTTGACCGCTAAAAGCGTCTGGCGGTAATAGCGATCGAAATCTTCATTCGCGAACAGGTGATTCAGTACTTCTTCTTCGGTCTGCTTACGCAGCCATGCCACCGATTGTTGTTGCCGCACTTGTTGTAAACGACCATTGGCAGTTAGCGCGGTTTTGAAGTCGATGATGGCGTGCCAGATCTCATCGATTCCACGTTTTTCCAGTGCGCTACAAGTCAGAACCCGTGGCTGCCATTCGTCATATTTACGTCGCAGAATATGCAGGGCACTCTCGTACATATGCCGGGCAATGGCGACATTGGTATGGTTATCGCCATCGTCTTTGTTGATAACGATCAGATCAGCCACTTCCATCAGCCCTTTTTTAATGCCCTGCAGATCATCGCCGCCACCGGCAATTTGCAACGAGATAAAACAGTCCACCATGCGGGCGACTTCCGTTTCCGACTGCCCGACGCCAACCGTTTCGACAATCACTACGTCATAACCCGCCGCTTCGCATAACAGCATTAATTCCCGCGCTCGCTGACTGGCACCGCCCAGATGACCGGAGGATGGTACCGGGCGAATAAACGCCGTCTCGGCACGCGCCAGGTCATTCATGCGGGTTTTATCCCCGAGAATGCTACCGCCAGTGACCGGACTGCTGGGATCGACCGCAATAACCGCAACCTTTAATCCCTCATGAATCAACAACATGCCAAAGGCTTCAAGAAAGGTACTTTTCCCCGCGCCGGGTGTGCCGGTAACGCCCAGTCGCAGGGCGTTACCGCAGTACGGCATAATGGCATCAAGCAGTTGCGTACTTAGCGCCTGATGACGCGGGTGACGGCTTTCCACCAGCGTCATGGCCTGGGCGAGTGTGGCACGCTCACCCTGACGTAAGCGGCGAATACTTTCTGCCAGCGTGGCTTCATTAATCATGATGCTGGCTTATCAGATTCAGTACGCCGCGCACGCTGTCGAGCATAGGTGTACCTGGACCATAAATCGCCGCCACGCCGCGCTCTTGCAGGAAGGCGTAATCCTGCGGTGGAATGACGCCACCGGCGACTACGCAGATATCTTCGCGTCCCCATTTTTTCAGCGCTTCGACCAGTTCCGGGATCAGCGTTTTATGACCGGCAGCCAGTGAGGATGCGCCCACTACGTGAACGTCATTTTCTACTGCCAGGCGGGCGATCTCTTCAGGTGTAGAGAACATCGGGCTTAAATCTACGTCGAAACCGAGATCGGAATAGGCGCTGGCGATCACTTTCGCGCCGCGATCGTGCCCATCCTGGCCCATTTTGGCGATCAGAATGCGCGGGCGACGACCATTGTCGGCAAGGAACTGCTCCGTTTGCGCAACAATGGCATCGAACTCGGAGGCCGATTTCTCAGATTGATGATAGCTTTGCGCAATCACGCCGGTAACACACTGGCTTGGCACCAGATAACGGTCGAAAGCGACTTCCAGCGCATCGGAAATTTCACCCAGGGTGGCGCGAACGCGAGCGGCATTAACAGCGGCAGCCAGCAGGTTTTCGTTATGCTGTGCGGCGTGAGTCAGGGCGTTCAACGCGGCGGTTACGGCGGCATCATCACGGGTGGCGCGAATGCGTTCCAGCGAAGCAATTTGCTCGTTACGCACCATCACGTTGTCGATCTCAAGTACATCGGTTTCGTCTTCGTGATCCAGTTTGTACTTGTTGACACCAACGATGACACGCTTGCCCTGGTCGATCAGCGCCTGTTCGCGCGCTGAGGCCTCTTCGATCATTCGTTTTGGCAGACCTGCTTCGATCGCTTTCGCCATGCCACCGGCTTCGTCGATCTGTTGGATAATGGCTCTGGCTTGTTTGA
NZ_CP010206.1_gap6	193521	194654	1133	CAGATAGTCGAGCGCACCAAGTTTATCGACAAGACAACTCGGCAGCGCCTGATGTTGAATACTCACCGCGCCGACCACTTCGCCGCGGCGCAGACGTTCCTGAGTGCGGGTTTCATCTTCTACCTGCAAGTTGAGGCGGATAGGCGAATCAGCCAACACAGGAGCCAGTGCAGGAAGCAACCACGTCGCCAGACTGTCGGCGTTGACCGCCAGTGAAAGCAGCAGCGGAGTCGAACCGGTTTGTTCATCGCCCAGCCACTCTTCTTCCAGCAACTCCACCTGGCGCAGCAGTGCCAGCAGTTTTTGCCCTTGTTCCGTCGGGCGCGGCGGTACGGTACGCACCAACAGCGGCTGCCCGAACATATTTTCCAGTTGCTTAATGCGCTGTGAGACGGCTGATTGTGTAATGCACAGCTTTTGTGCCGCGCGCTCAAATCCTCGTTCACGTATCACCGCATCCAGTGCCTGTAATGTTCTGTAGTCCGGGCGTTTCATTGCTGTTGTCTGCTCCTGGTAAATGCTTTTTCCTGCACTATGACACAATTTTGTGTCAGGTTGCATATACCGAAGCCGTCGGCGGGTAACATTTGTATTCGTGGTTAAACGCGCAGCTTAAAAGATCAGGGATTTGCGCTAATGCATTTCGCTCAGCGAGTTCGCGCCCTGGTTGTGTTGAATGGCGTGGCGTTATTGCCTCTGTTCGCACCGTGGAGCGGCATACCCAGACCGTTGTATGCTTTATTTGCGGGGCGAAAGGGGATGCCCGCCATTGCGCGATATTTTATGGATGAGTTAACCACGCGGCTTGCCAACGGGGTCTGAATCGCTTTTTTTGTATATAATGCGTGTGAAATTTCATACCACAGGCGAAACGATCATGACGCAGGATGAATTGAAAAAAGCAGTAGGATGGGCGGCACTTCAGTATGTTCAGCCCGGCACCATTGTTGGTGTAGGTACAGGTTCCACCGCCGCACACTTTATTGACGCGCTCGGTACAATGAAAGGCCAGATTGAAGGGGCCGTTTCCAGTTCAGATGCTTCCACTGAAAAACTGAAAAGCCTCGGCATTCACGTTTTTGATCTCAACGAAGTCGACAGCCTTGGCATCTACGTTGATGGCGCAGATGAAA
NZ_CP010206.1_gap7	201164	201796	632	ATTGCCAACGTTGCGACTTCCGTTGCGCACGAAGGCCGCGCTTTTGAACGCTTCACGCAACATGGCCCGCTGGCGATGTTGCCGATGTCTGACGGACGCTGTTCGCTGGTCTGGTGTCATCCACTGGAACGGCGCGAAGAGGTGCTGTCGTGGAGCGACGAGAAGTTTTGCCGTGAACTCCAGTCGGCCTTTGGCTGGCGACTTGGAAAAATTACCCACGCCGGTAAACGCAGTGCTTATCCGCTGGCGTTAACCCGCGCCGCCAGAGCTATTACCCATCGTACCGTGCTGGTGGGCAATGCGGCGCAAACTCTGCACCCGATTGCCGGGCAAGGGTTTAACCTCGGTATGCGAGATGTCATGAGCCTTGCGGAAACCCTAACTCAGGCGCATGAGCGCGGAGAAGACATCGGTGATTACGGCATATTGTGCCGCTATCAACAGCGTCGACAGAGCGATCGCGAAGCAACCATCGGCGTCACGGACAGCCTGGTACATCTTTTTGCCAACCGTTGGGCACCGCTGGTTGTCGGGCGCAACATCGGACTGATGACGATGGAATTATTCACCCCGGCACGCGATGTGCTGGCGCAGCGCACCCTCGGTTGGGTGGCGCGTTGAAGGCGGTTTTA
NZ_CP010206.1_gap8	212991	216477	3486	AAAAGAAGGCGAAAAACACGTTACAATAGCCGGGTACTGGATTTTCGTGAGACAGGAAGAAGATGGACATTAACAACAAAGCCCGCATTCATTGGGCATGCCGCCGTGGTATGCGCGAACTCGATATTTCAATCATGCCGTTTTTCGAACATGAGTACGACAGCTTAAGCGATGACGAAAAACGCATCTTTATTCGTCTGCTGGAATGTGACGATCCGGACCTGTTTAACTGGCTGATGAATCACGGTAAACCGGCCGATGCAGAACTGGAAATGATGGTCCGACTCATCCAGACACGGAACCGGGAACGTGGTCCTGTGGCAATCTGATTTGCGCGTCTCCTGGCGCGCACAGTGGCTTTCCTTGCTGATTCATGGGCTGGTTGCCGCTGTTATTTTACTCATGCCCTGGCCACTCAGTTACACCCCGTTATGGATGGTGTTACTTTCGCTGGTGGTGTTTGATTGCGTTCGCAGCCAGCGGCGTATTAATGCTCGCCAGGGGGAAATTCGCTTGTTGATGGACGGGCGTTTGCGTTGGCAAGGGCAGGAGTGGTGCATCGTCAAAGCACCGTGGATGATTAAGAGCGGCATGATGCTGCGTTTACGTTCTGATGGCGGTAAACGGCAACATTTATGGCTGGCAGCCGACAGCATGGACGAAGCCGAATGGCGGGATTTACGGCGGATTTTGTTGCAACAAGAGACGCAAAGATAAAGATGACGGCAAAGCATATGCGCTAAGCCGTCAGTGAGATCAGGCGTAATGCTCTGCCATTTCGTTGAGGATTTGCTCGCACCAGCTCTGAATACGCTCGTCGCTAAGGTCATACTGGTTAGTTTCATCCAGCGCCAGACCCACGAACAGTTGCCCGTCAGCAATCACCGGTTTCGGGCTGGTAAATTCATATCCTTCCGTTGGCCAGTAGCCGACGAACTTCACGCCTTTGGTCGAGAGTTTGTCATGCAGCATACCGAGCGCATCGAGGAACCACTCGCCGTATCCCAGTTGATCGCCAAGCCCATACAGCGCAACAATTTTACCTTCAAGGTTCAGGTCGTCGAGCTGATCCCAGACGGCTTCCCAGTCTTCCTGGATTTCACCAAAATCCCAGGTCGGGATACCCAGAATGAGCACATCGTACTGCTCCATTAATTTCGGGGAGTCGTCCTTGAGGTTATGTAAGGTCACCAGTTCTGGGCCGATAATATCGCGGATTTTTTCTGCCGCCATTTCGGTGTAACAGGTGCTGGAACCGTAAAAAAGACCCATATTCATAACGTAAGCTTCTCGATTCTGCTGTGGCTTTTGCAGCTAGTGTATCAGAATCGCTTTAGTCACGGCACAATAAGGCATAATGGATCAAATGAGTGACCATAAGGGGCGCAAGTGAAACAGGATCTGGCACGCATCGAGCAGTTTCTTGATGCTCTGTGGCTGGAAAAAAATCTGGCTGAAAATACGTTGAACGCTTACCGTCGCGATCTGTCAATGATGGTGGAGTGGTTGCATCACCGCGGGTTGACGCTGGCGACGGCGCAAAGTGACGATTTGCAGGCATTACTGGCAGAACGGCTGGAGGGCGGGTATAAAGCCACCAGCTCAGCGCGTTTGCTGAGTGCAGTGCGCCGATTGTTCCAGTATCTTTATCGCGAAAAGTTTCGTGAAGACGATCCCAGTGCGCATCTCGCTTCACCGAAATTGCCCCAGCGTTTGCCAAAAGATTTAAGCGAAGCGCAGGTCGAACGTTTATTACAGGCACCATTAATTGATCAGCCACTGGAGCTACGCGATAAAGCCATGCTTGAAGTGTTGTATGCTACCGGGCTGCGTGTCTCTGAACTGGTCGGACTGACAATGAGTGATATCAGCCTGCGTCAGGGCGTAGTGCGGGTCATTGGTAAAGGCAACAAAGAGCGCCTGGTACCGTTAGGTGAAGAGGCGGTTTACTGGCTGGAAACCTATCTGGAACATGGGCGTCCGTGGCTGCTGAATGGTGTGTCAATTGACGTGTTGTTTCCCAGCCAGCGTGCGCAGCAGATGACGCGACAGACCTTCTGGCACCGCATTAAACATTATGCTGTGCTGGCGGGTATCGACAGCGAAAAGCTGTCACCGCATGTATTGCGTCACGCTTTTGCCACCCATTTATTAAATCATGGTGCGGATTTACGCGTGGTGCAGATGCTACTGGGCCACAGCGACCTCTCCACCACGCAAATTTATACGCATGTCGCTACCGAGCGTCTGCGGCAACTTCATCAACAGCATCACCCGCGGGCGTGATGTCTGAAAAGAACGGGAAGATTTATGAAGAAAGGTTTTATGTTGTTTATTTTGTTAGCGGCGTTTTCAGGTTTTGCTCAGGCTGATGACGCGGCAATTCAACAAACGTTAGCCAAAATGGGCATCAAAAGCAGCGATATTCAGCCCGCGCCCGTAGCTGGCATGAAGACAGTTCTGACTAACAGCGGCGTGTTGTACATCACCGATGATGGTAAACATATCATTCAGGGGCCAATGTATGACGTTAGCGGCACGGCTCCGGTCAATGTCACCAATAAGATGCTGTTAAAGCAGTTGAATGCGCTTGAAAAAGAGATGATCGTTTATAAAGCGCCGCAGGAAAAACACGTCATCACCGTGTTTACTGATATTACCTGTGGTTACTGCCACAAACTGCATGAGCAAATGGCAGACTATAACGCGCTGGGGATCACCGTGCGTTATCTTGCTTTCCCGCGCCAGGGGCTGGACAGCGATGCAGAGAAAGAAATGAAAGCTATCTGGTGTGCGAAAGATAAAAACAAAGCGTTTGATGATGTGATGGCAGGTAAAAGCGTCGCACCAGCCAGCTGCGACGTGGATATTGCCGACCATTACGCACTTGGCGTCCAGCTTGGCGTTAGCGGTACTCCGGCAGTTGTGCTGAGCAATGGCACACTTGTTCCGGGTTACCAGCCGCCGAAAGAGATGAAAGAATTCCTCGACGAACACCAAAAAATGACCAGCGGTAAATAATTCGCGTGAAACAACAGATACAACTTCGTCGCCGTGAAGTCGATGAAACGGCAGACTTGCCCGCTGAATTGCCTCCCTTGCTGCGCCGTTTATACGCCAGCCGGGGCGTGCGCAGTGCGCAAGAACTGGAACGCAGTGTTAAAGGTATGTTGCCCTGGCAGCAACTGAGCGGCGTCGAAAAGGCCGTTGAGATCCTTTACAACGCTTTTCGCGAAGGAACGCGGATTATTGTGGTCGGCGATTTTGACGCCGACGGCGCGACCAGCACGGCTCTAAGCGTGCTGGCGATGCGCTCGCTTGGTTGCAGCAATATCGACTATCTGGTACCAAACCGTTTCGAAGACGGTTACGGCTTAAGCCCGGAAGTAGTCGATCAGGCCCATGCCCGTGGCGCGCAGTTAATTGTCACGGTGGATAACGGTATTTCCTCCCATGCGGGCGTTGAACACGCTCGCTCGTTGGGCA
NZ_CP010206.1_gap9	224463	228435	3972	CTACCGTTCCTGACTGCCCATACCCGCCAGCTCATGGGATTGCCGGAGTCTGAAGAGTATCCGCTGACGGACGTGGAAGGTAAGCGAGTCGTGGTATTGGGCGGTGGCGATACGACAATGGATTGTTTGCGGACTTCCATTCGCCTCAATGCTGCCAGCGTGACCTGCGCGTATCGTCGTGATGAAGTCAGTATGCCGGGCTCGCGCAAAGAGGTGGTTAATGCGCGCGAGGAAGGTGTCGAGTTTCAGTTCAATGTTCAACCGCAATATATCGCTTGTGACGAAGATGGGCGTTTAACTGCGGTGGGCCTGATTCGTACCGCCATGGGTGAGCCGGGGCCGGATGGTCGCCGTCGTCCTCGTCCGGTAGCGGGTTCAGAGTTTGAATTGCCCGCCGATGTTCTGATTATGGCCTTTGGTTTCCAGGCGCATGCCATGCCGTGGTTGCAGGGCAGCGGAATTAAACTCGATAAATGGGGCCTGATTCAAACCGGTGACGTCGGGTATTTACCTACCCAGACGCATCTGAAAAAAGTCTTTGCTGGTGGTGATGCAGTTCATGGCGCGGATCTGGTTGTCACTGCAATGGCCGCAGGAAGGCAGGCGGCGCGCGATATGTTAACTCTGTTTGATACGAAGGCATCGTGATGAAATCGTTAATTATCGTTAATCCGGCTGACTGTATTGGCTGCCGTACTTGTGAAGTAGCCTGTGTGGTCGCTCACCCTTCAGAACAGGAGTTGAATGCCGATGTCTTTTTACCCCGGCTGAAGGTACAGCGACTGGACAGCATCAGTGCGCCGGTGATGTGCCATCAGTGTGAAAACGCCCCTTGTGTTGGCGCTTGCCCCGTGGGGGCGCTGACGATGGGCGAGCAGGTGGTGCAGACCAATTCTGCCCGTTGTATTGGCTGTCAGAGTTGCGTCAGTGCGTGCCCGTTTGGAATGATCACCATTCAGTCGTTGCCGGGGGATACCCGACAACAAATTGTGAAATGCGATCTCTGTGAACAGCGGGAAGAGGGGCCTGCCTGCGTTGAATCTTGCCCAACACAGGCGCTGCAGTTGCTTACTGAAAGAGAACTCAGGCGAGTCCGCCAGCAGCGTATTGTTGCCAGCGGTGAGAATCCTCTGTGAAAGAAATCTCCGCGCTGAAAGGCGCGGAGAATCTATTAGATTGCCCAACCACCCGCGTAAAATGCGACCAGTGCGGCAGTAATGATCACCGTACCAATATTCAGCTTTTGCCATTCGCGTGCAAAGACGCGGCCTACGACCAGTGTCACAAAGCCCAGCATAATACCGGTAACGATATTACAAGTCAGAACGATGAACACGGCACACACCAGGCCAGCCATAGCGTCAATAAAATCATTGAAATCCAGCTTCGAGACGTTACTTAACATCAGCAAACCTACGTACATCAGAGCGGGTGCAGTGGCGTAACCAGGGATCAAAAATGACAGCGGTGATAAGAACAGAATCAGCAGGAATAACGCCCCCACTACGGTTGCGGTTAACCCTGTTTTACCCCCGGCGGCGGTTCCTGCCGCTGATTCGATATAAACCGCTGCGGGCGCTGCGCCCACCAGGCCGGAGAATATTGAACTTACTGAGTCACTGGTCAGGGCTTTGCCGCCGTTGATGATCTGGTTGTCTTTATCCAACAAATTCGCCTGACCGGCGACGGCACGGATGGTGCCAGTGGCGTCGAACACTGCGGTCATCACCAATGCCAGTACACTCGGAAGTACGGTTGGCTGGAGTGCGCCCATAATATCGAGGCTGAAAATCAGAGACTTACCATCTTCGCCAGTCAGACTTGGCATCGCCACCAGACCGTGGTATTTCACCGCTGGGTCAAAGATTAAGCCGATAATCGAAATTGCGATAATCACCAACAAGATCCCGCCGGGTACGCGGCACTTCTCCAGACCGAAGATGACCGCCAGCCCCAGCAAGCTCATCATCACCGGGAAGGAGGTAAACGCACCGAGCGCCACTGGCAAGCCTTCAATCGGGTTTTTGATAACCATACCCACACCGTTAGCAGCAATCAGCAGCAGAAACAGGCCGATACCGATACCTGTACCGTGAGCGATACCCATCGGTAAATTACGTAAGATCCAGGTACGCACACCGGTTACGGAAATAGCGGTGAAGATGACGCCCATCAGAAAGACCGCGCCCAGTGCGACAGGAACGCTAATTTGTTGCCCGAGTACCAGACTGAATGCGGTAAATGCCGTCAAGGAAATCGCACAACCAATCGCCATTGGCAAATTGGCCCACAACCCCATCAGCAACGAGCCGAAGCCCGCGACCAGACAGGTGGCAACAAACACAGCTGCGGGAGGAAAACCTGCTTTGCCCAGCATTCCCGGAACGACGATAACGGAATAAACCATGGCCAGAAAGGTCGTTAAGCCAGCCAGTACTTCCTGACGAACGGTACTGCCACGAGCGGTAATTTTAAAATAATTATCCAGCGCGCCCTGTGGCTTTGGTGCGTCCGGTGTTTGTAGGATGTCTCCAGACATAATGATGTCCTCACGAGGATGTTAAAGTTTTATTATTAGTTGCGTTCGTACACCAGACGACCATCAACGTAGGTGCGGTAGATCGAACGGTCATCGCCCAACGTCATCATCACGAACAATTTGTCGACTAAAGAAACAGAGTTGTCATAGCGCAGCTGCTGTAGCGGAGTGGCGGTGGGTTCCATCACCACGAAATCAGCCTCTTTGCCAGGTAAAAAGTTGCCAATCAAATCGTCAAGGCCCAGAGATTTCGCTCCGCCGAGCGTGGCCAGGTAAAACGCTTCATATGCCGAGAGGCGATAGCCTTGTAATTGCAATACTTTGTAGGCTTCGTTCAGCGTTTGCAGCATGTTGAAAGTGGTTCCGGCACCGATATCCGTTCCCATGCCCACTTTAACTTTCTTCTGCCATGCTTTTTTCAAGTTGAATAAGCCGCTGCCGAGGTAAAGGTTGGAGGTCGGACAGAAAGCAATGCTGGATTTGGTTTCGCTGAGACGATCCCACTCTTTTTCTTCGAGATGGACGCAGTGAGCAAAGACACAGTTTTTACCGGTCAGGCCGTACTGATGGTAAACATCCAGATAACCATCATGGTCAGGATAAAGCGATTTCACCCAGGCAATTTCATCTTTGTTTTCACAGAGATGGGTATGTACCCACGTATCCGGATATTCTTCTTTAAGGCGTTGCGCCATCGCCATCTGTTCAGGAGATGAGGTCGGGGCGAAGCGTGGCGTAATCGCATATAGCAGACGACCATTTTTGTGCCAGCGTTCAATCAGTTCTTTGCTTTGGTGATAGCTGCTTTCGGCAGTGTCGAGCAGATAATCCGGTGCGTTGCGGTCCATCATCACCTTACCGGCAATCATACGCATATTGATATGACTGGCGGCTTCAAACAGCGCATCAACAGATTGCGGATGAACAGTGCCAAACACCAGCGCCGTGGTGGTTCCGTTACGTAAAAGCTGCTTGATGAAGAATGCCGACATTTCGCGGGCGTACTCTAAATCCTCATAACGACGTTCAGTAGGGAAGGTGTGTTTATTCAACCACTCCAGCAATTGTTCACCATAGGCCCCCACCATTTCACTTTGCGGATAATGGATATGTGTATCGACAAAGCCCGGTACTATCAGTTTGCCGCGATAGTCGCGCACGCGAATAGTGTCAGGAATTTGATGCTTTCCGTCTTCCCATTCGCCAAACCATTCCACTTTTCCCTGTTTAATGAGTAATAAACCATCCTCAATAAACCGCAGCGCAGAGGCAATCTCTTCCGGGTTATCGACCGTACGGGTGACATCAATAAAACTGCCTCGTACCGCTTTCAACGTGTGTTCTCCTGACATCATTGACTCCTTTACTGTTAATCCATCTCTTCCGCTGAGGTAATACCAGGCAGAACGTTTTCCTGTCGGTAGCCACCAGGG
NZ_CP010206.1_gap10	231348	233250	1902	CGACGTGACGAGAGGTGTTAGCAATAAACTCTTCTTCACGGGTGTAGCGGAACAGTACCGGACGCCCGGTCACGCAGGTTGCCCATGCGCACACTTCTTCCAGCAGGATGTCCTGTTTGGAGCCAAAACCGCCGCCAACTCGCTCTTTAATGACATGAACTTTATGCTGTTTCATGCCTACGAGGCGCGCGACCTGGCGGCGTAAGTGCCATGGTACCTGGGTGGAGGCGTGGATAACCAGACGATCGCCGTCCATCCGGGTAAAGCAGATATGTGTTTCAGTCGGGCACTGCTGTGCCTGCGTTGAGTTATAGGTTCGCTCAATGATCACATCGGCATCGGCAAAGCCTTTGTCCATATCGCCAATATGACCATGAATACTGGCGGCGATATTTTTGCGAGGGCGAGAACCGATCGGGAAGTTGATGATCATATGCTCGCCGCGCTGGGCTGCATGGCTGTTATCGTCTTCCAGAGTATCTGGCGCACCAGCAACATACACCACCGGTTCATCGTGCACGACAGGCGCATCTTCCGCCATTGCTTCGTCGATCGACATTACCGGCTTAAGCACTTCATATTCAACGTCGATGAGCTTCAATGCTTCGAGCGCAATTTCTTCACTTTCTGCGACGACCGCAGCAACACGATCGCCGACGTGACGCATTTTCTTGCCGAACATACGGCGGTCAAGCGGTGACGGTTCCGGTGCGCTCTGACCACCCGGGGTATAGTAGATATCCGGGCAATTCAGGTGAGTAATAACGTGAACGACGCCCGGTAAGGCTTCAGCTTTGCTGACATCCAGATGAGTAATCAGTGCGTGAGCGTGTGGGCTACGTAACATTTTAATGACGCAGGCGTCAGCCGTTACGCGGTCTTCAACATAGCAGGGTTTTGCCTGCACCATTTTCGCGGCATCAGTTTTAGGATAATGCTTGCCAATGACTTCAAGGTCGTCACGGAAAGTCGGAGCGATATCAATGGTGGCCTGCGGATTATTTTTACGTGCAACCGCCAGTTCAATGACCTGATAGTATTGTTGCCAGCCTGCATCGCGGCTGAACAAACCAGAAAGCGCGTCGTCGATCTCTTCGCGGGTAGGTGCGGCGATGCGATCGAGAAGATCGGTGATAATCAGAGCTGCAGCTGGATCGTTATAACCAGACTGCACCACGCCAACATCAACCATTGCCTGTTGAACCAGACTTAACTCGTTCCATTTGCCCAAAGATTCTGCGGTACGAATATCTGCCTTCTCTAACTGTGCGGCAATAAGCAAGGACGCGTTAACGATATTACCGTTAAAGATTATTGCGTCAGAACCGGCAAACCCGAAGCCATCATCACTGTTGCGTACAGAGTGCATTCCCATGTTAAACAACAGCTTTTGCACGTTTTCGCCTGGATTAACGGTTAGCTCCTGAGGCGCGCCATTTAAAGTAAAGTGGATGATCATACGGCTTCCTCCCCAGCCTGTTGGCAGTCGGCATACAGGTCGGCTACCAGAACTCCCGTGATATAGCGTTTATAGGCCACGCTGCCCCGCAAATCTTCCTGCGGGAAAATGGCGTTGGCGACAGCCTGTTCAAGTGCATTGCCTTCCAGATTTTGTTTTTCGACATCATGCAGACGCAGTGCTTTACTGGCGACGCCATCCAGCGCAATTCGCATACCGTCGTGGTCTGTCATTGCAACGGCTGCCGTCACGACGGTTAAACCTGCCTGAGAACGGCTAATTTTGCGGGTCGCACAGGTGCGATACGGATCTTTAATGATAATTTCGGTTAGCAGGCGATCGCATGGGCAGGCCAGGTAGTCCTCGATTGACAGCGTTTCGCCGTTGCCAAAAACCAGTTCAGCATCCAGTGCCAACAGGACGGGAAGCAGCACCGACTCTTC
NZ_CP010206.1_gap11	237363	240811	3448	GCGGAGGACAGCCGTGCATGGTGGAGAGGGTGACGCCCTGCACCATACTGGTGGGGATGCGAGCGGGTAAGGCTTGCAAGCTTTCGCGTTTTTCCTGCAATCCGTGGCGGGCTAAAAATGCGTCATCCTGGAGTAATTTATTCAGCGTATCGCGATATTGCGCGAATTTCGGATGGTCAGATGCGTCCATCATATTGTCGATGAACTGTTGCATTGGCGGTTGCTTAATACCTTCGAGGTTGTAACCGACGCTCATATTAAAGATGAACGATTTACCGGAATCAGAAGGCTGGAACATCGCTTCGAGAAGGTGCAGGGCAAACCAGGCTTTGAGGTATTCATCCCAGGCTTTAAGCAGGGTAAATTCGGTAGACCATTCGGTGTTAAAGCACTCGTCTTCGGCATCGATACAGGGCTTTTCCAGCTCCAGGCGGTCAAGAATTTGGACGGTTTTTAGTTCGATGAAGCGTCCGCCAGTCAGCCAGGAAGTGACAATATTTTGCGCGAGCTGCGTGTGCGGGCCAGCGGCAGGGCCGACGGGAGTGGCACAGGTTTCACCGAAGACGCTAACAGTTTTACCTTTTACAGGTGAGTAAAACTGTTGCTCGGGAATACCAAAGATTGAGCGTTGTTGTTGGTATTCATCAAATATGCGCGTCAAAAGTTCCTCAAACGGAATGGGACGCATAATATCCCCCATAACCCTCTCCTTAGCTTATACAGATATCATTGAGTGACCGGTGTTGAGAAATCCGGTGGTTTAGGGGGATAGAGCAACAATCGCACCACTCTTGCCAGGTTTGGCGGGAAATATAAAAAAATGTGAGGCGGCTCGAAACTTAAAGGCTTTTTGTGAATGAACTCACAGGTGCCAAATGAGAATTAAAATCACTCCTGAAAATTATTATTGTCAGCCCATTTATCACTTTTTCTCTTTTCTCAAAATCAGTGATTCCTTATCATTATGATAAAGAGTGCTGGAGAGATTAAATATTTGAACGCAATCGTTTAACTACATTTTCTAAATTTTAGTATACCTTTTTTGCGCTGTAATAAAGTCGTCCGGAGTATCAATATCTAAAATTATTTCTGCATTTTCTATCTCGACGGAATAATGAGCTCCCATAAGGAGTGCCTGACGCATATTGGTGACATTGGGTCGTTGGATTGCCTGCATCAAGCATGGTTTTGACACTAAAATCGGATGGCCGGGGATGCCATTATGGAGTGGCAGTATTGCGCCATCATTTCGTAACGACCAGATTTTTCTAAAAATATCGATGGTGAGGGTTGGCATGTCACCGTGGGTGAGAAAACAATGTTCTGTTTGCACTGCGGGTACTGCGGCCTTTACTGATGTTAGTAAACCCTGCGCATAATCTGGGTTGTGGATAATAGTGATATTGCTCTGGTTCGCATAACGTTCGTGCAGTTCATTACCACGATAGCCGGTGACTAAAATAATTCGGCTACAAAACTGCAACGCATTTTTGATACTTGTATCAAGAATTGTCCCCTGTTGCCAGGGTAACATCATTTTCCATTGCCCCATTCTTGATGATAATCCGGCAGCGGTAATTATACAGTCGATGGCTGACATAGTGGTTCCATTATTTATAGGGGCTAATAACGCCTGATAATTGCGTTACTTCCTGATGGATTAAGTTGGGGATAATTTATCCCAGAGAGGTCATAAAGACTCGTGAAAAGTATAGTTGACCCATCGGCATTAGTCATTGATTTAGGTGCGCAGAAACGTCCCACTGTGATTTCTGTTGTTGGTGCTGGGGGGAAAACCAGCTTGCTTTTTTGGCTGGCAGAACTGCTCCAGGCTAGCGGCAGGCGTGTGTTAATCACGACGACGACACATATGTTTATGCCAACGTCTCACTGGCCCGTGGTTTTCTGTCGTGATCCCGCCATGCTTCCTCATGCGTCTCTTACATCCCCCATTTCATTTTGTTTTCACAGCTGGAAAGCGAACCAGGGAAAAGTGCAGGGATTTACGCCAGAAGCGATTGATGCACTGGTGCAACGACCAGAGTGTGACGTAATTCTCATTGAAGCAGATGGCTCGCGTGGAATGCCGTTAAAAGCGCCTGATGAGCACGAACCTTGCATACCCAAAAGCAGTTGCTGCGTGATTGCTGTGATGGGAGGACATACTTTGGGCGCGAAAGTGAGCACAGAAAATGTCCATCGCTGGTCGCAGTTTGCTGATATTACCGGGTTAACACCTGATGCAACCTTGCAACTGAGCGATCTCGTTGCGCTGGTTCGCCACCCTCAGGGGGCGTTTAAAAACGTACCGCAAGGTTGTCGGCGAGTCTGGTTCATTAACCGTTTTTCTCAATGTGAGAATGCGATTGCACAAAGCGAGCTCCTTCAACCGCTGCAACAACACGACGTAGAGGCAATCTGGCTGGGCGATATACAAGAACATCCTGCAATCGCGCGCAGATTTGTGAATTAGCGGCCCGGGTATTCCGGGTTACTGAAAGGATATCCATTGAGGTTGGTATGAATATTTTCACAGAGGCTGCAAAACTCGAAGAGCAAAATTGTCCGTTTGCGATGGCGCAAATTGTTGATAGCCGAGGCTCGACTCCCCGCCATTCTGCACAAATGTTAGTGCGCGCCGATGGTTCTATCGTCGGTACAATTGGTGGCGGAATGGTTGAGCGGAAGGTGATTGAAGAGTCACTTCAGGCATTGCAGGAACGTAAGCCGCGATTATTCCATGGACGTATGGCTCGTAACGGTGCGGATGCTGTCGGGTCAGATTGTGGAGGTGCAATGTCAGTATTTATCAGCGTCCATGGTATGCGTCCACGTCTGGTGTTGATTGGCGCGGGGCATGTCAACCGGGCGATAGCCCAGAGTGCGGCGCTATTAGGATTTGATATTGCCGTTGCCGATATTTATCGCGAAAGCCTCAATCCTGAACTATTCCCTCCATCAACCACGCTTCTCCATGCTGAGTCGTTTGGTGCAGCAGTGGAAGCACTGGATATTCGCCCTGATAATTTTGTCCTGATTGCCACGAATAATCAGGATCGTGAAGCCCTCGACAAACTCATTGAACAGCCCATTGCATGGTTGGGGTTGCTGGCAAGTCGCCGCAAGGTTCAGCTTTTCCTGCGTCAATTGCGTGAGAAAGGCGTGGCTGAAGAACATATTGCCCGTTTACATGCGCCCGTTGGTTACAACATAGGTGCGGAAACGCCGCAGGAGATCGCCATCAGCGTGCTGGCAGAAATATTACAGGTGAAAAATAACGCGCCGGGTGGGCTGATGATGAAACCTTCTCATCCTTCCGGACACCAGCTGGTGGTGATTCGCGGTGCGGGAGATATCGCCAGTGGTGTGGCGCTACGTCTGTATCATGCGGGTTTTAAAGTGATCATGCTGGAAGTGGAAAAACCGACAGTGATTCGTTGTACCGTGG
NZ_CP010206.1_gap12	244449	248276	3827	TTTCAGAAACGGTGAGGGTGCCTTTGCCGAGGAATTCGTCATAACCCAGACGTTGGGAGAGTTCTTGTAATTCGCCAAGAATCGGACCCATTTTGAAAATGGCGTTGTCACCGCGTTCTGGCGCAGAACCGTGGCAGCTAACACCCTGAACATCAATACGAATTTCCATACGACCGCGCTGACCACGGTATATCTGGCAGTCGGTTGGTTCGGTACTGACCACAAATTCCGGGCGAATGCCGGATTGTTCAATAATGTACTGCCAGCACAGACCGTCGCAGTCTTCTTCCTGCACAGTACCGGTAACCAGCAGGGTATATTCATCTTCCAGACCGAGGTCTTTAATGATTTTACCGGCATAAACCATAGATGCCATGCCGCCTTCCTGGTCGGAAGTACCGCGACCACCGATTAGCTCATCAGTTTCCATGCCTTCGTACGGATCGAAGTCCCAGTTTTTGATGTTGCCAATGCCGACGGTATCGATATGAGCGTCCATTGCCACCAGACGCGGGCCGTGGCCGATATAACCGAGAACGTTGCCCATCGGGTCGATTTCAACTTTATCGAAGCCGACTTTTTCCATCTCTTCTTTAATACGATGTACTACGCGTTTTTCGTCGCAGCTTTCACTGGGAATAGCAACCATGTCGCGCAGGAAGCGAGTCATGTCCGCCTGGTAATCTTTTGCTTTTTCAAGAATCAGTTTGAATGGAATATTCTTAGCCATTATTTTTCTCCAGATTTTTTACTCCCCGTTTTGCAGGGAGTAGTTCCAATAGGGTGATTAAGGTGCTACAGCGTGTTTGCCTTCCCAGACAACTTCGCGGTAGTGCTTCACGTCGGTGTCGCCTTCAGTGCTGATAACCAGCACCACGGCATCTTTGTTCAGCGCCAGTTTTTCCATCAGGCTTTGACGTTGCGGGTGATAATGAACCGCCGCGAGAACGCCCAAACCGACAGCGCCGGATTCACCGGAGATGATGCGCGGGTCGTTGCCGTACGGATTACCCAGCACGCGCATACCTAATGCGGCAACGCTGTCCTGGCAGGAGATGAATTGGGTGGCGCAGTTACGTAGGATTTCCCAGCCCAGCGGGTTAGGTTCGCCACAGGCCAGGCCCGCCATGATGGTGGCCATATCACCGCCAACGTTGACGATGTCGCCTTTGACGCCGGAGCGATAAATACAGTCAGCTTTGTCAGGTTCAACAATAATGCTGTGCAGATTTTGCGGGCTGTAGACGTCGACCAGATAACCCAGCACACCACCGGCCATTGCTCCGACACCGGCTTGCAGCAGAACGTGCGTCGGGGTTACGCCCATTTCACGCATTTGCTCGACGGCTTCATCTGCCAGGGTTGCGTAGCCTTGCATGATCCAGGTTGGGATTTTGGTGTAACCTTCCCATGCCGTGTCCTGTACCACTTCCCAGCCGTGCTGCTGCGCGTGTTGCATGGTCAGGCGAACGGTATCGTCATAGTTCATATCCGTGACGATGCACTCGGCACCGAGGTTCAGAATGGCGTCAACGCGTTCCTGAGCAGAACCTTTCGGCATGTAAATCACCGCATTCTGTCCGAGTTGCTGTGCTGCCCACGCCACACCGCGCCCGTGGTTGCCGTCGGTGGTGGTCGCGAAAGTCATTTTTTCGCCGATGGCATTTTTCAGGTGCTCAAATGACAGCGTTTCGATATCAAGATGATATTTTTCACACAATAATTGAGCGATGGCGTACGCACCGCCAAGCATTTTGAAGGCGTTCAGACCGAATCGTTTTGATTCGTCTTTGACGAGAATTTTCTTCACACCAAAAAGGTTTGCGAGATCGTCCAGCGCACAAAGCGGTGTTGGGCGATAACCAGCTATTTTCTGGTGGAACTGGCGCGCCAGTTTGGCCTGGCTTTGCGAAAAGAGCGGTGATGTTTCGCCGTTGAAAAATTTGTTATCGGCGATATCAATCTTCAATGAGAAAACGGACATATCCTATCCTTTTGGCCTCTGGAAATAGAGGGCCGACCAGCTGATCGGCCCGAGGGGTTATTTCACGCGTTCTTGCGCTTCTTTCAGCAGTTGCTCGAGCAGTGCACCTGGTTTGGCGTATTTACGGGACAGGATCATCGCGGCGATGATATAAGGCTTCCAGCTGGCTTCTTTGTAGGTAGCGATACGGTATTTTTCGAATACGCCTTCAGTCACTTCCCCTTCTTTGCAGGATACGCCGCTGATATCAGCTGGCAGGCAGTGCATGTACAGGGCTTCGCCATCACGGGTCAGTTCCATCATCTCTTCAGTACAATGCCAGTCTTTGTGTTGCGCGTTCTGTGCCAGACACTGTTTTTCCAGTGCTTTTAAGCCTTCGTGATCGTTAGCGCGCAGCAATTCGGTACGCTGTTCCATCACTTTGTAAGGTGCCCATGACTTCGGATAAACGATGTCTGCATCTTTGAATGCTTCTTCCATGCTGGTGACCTGACGGAAGCTACCGCCAGATGCTTTAGCATTGTTTTTCGCGACTTCTACTACATCCGGGATCAGGTCGTAGCCTTCCGGATGGGCCAGGGTGACATCCATACCGAAGCGAGTCATCAGACCGATGATGCCTTGTGGTACAGAGAGCGGTTTGCCATAGCTTGGAGAGTAGGCCCAGGTCATGGCGATTTTTTTACCTTTCAGGTTTTCCAGTGAACCAAAGTGTTCACGTAACCACGCGAGGTCAGCCATTGACTGAGTCGGGTGGTCAATATCGCATTGCAGGTTCACTAAAGCCGGACGCTGTGGCAGTACACCCTGCTTGTAACCGTCATCAAGTGCAGCGCCAACTTCACGCATATAGGCGTTGCCTGCGCCCAGATACATATCGTCGCGAATACCAATAGCGTCGGCGCAGAAGGAGATCATATTGGCGGTTTCACGCACGGTTTCGCCGTGAGCGATTTGTGATTTGCCTTCGTCGAGATCTTGTTGTGCAAGGCCGAGCAGGTTAAGCGCGGAAGCATAAGAGAAGCGGGTACGGGTGGAGTTGTCGCGGAATACGGAAATACCTAATCCACTATTAAAGACTTTGGTTGAGATGTTTTCAGCACGCAGTGCTTTTAATGCTGCGGCAACGTCCAGTACTTGTTTCAGTTCATCTGGCGTCTGTTCCCACGTTAACAAAAAATCTTTCTCGTGAAGGTGAGAGGTCAGCGAATTGATATCCTTAATCAGCTCATTAACAGTTTTCATCATAAAGTCCCGGTAGTGGAATGACAGGCAAAGTGGTTTATTTCACTGTGACTTGCCAAAGTGATTGGTGTTTTCACAGCTATACCTGGGACTAACAATAAGTGTGCCAGAATTATCCGCGCGGCTGCAAAAGACTAATTTGACGGATAATGTGTGGGGTTGATCACAAATTGATGCCAGCTTCTGGTTGTTTGTAAAATACGAAAACGTTTGGCTTTTTTTATCGCGTTATTTATTTGCTGCTAAGTATCAGAAATAAGATAAAGGGGCAGGCTATCTCTCTTCAGTTTGATAAACTCACCGCCGTAATTCTCATATTGATATAGAAATGTGATATCTCTTCCATAATTTCATTAGAAAATGATAAAAATCTTATGTTTTTATCAAAGCCAATTTCGCCTGAGTTAATATCATCATGATCTGTGAACCATCAACGTCTTCAATGATCGATTTTTAAGTAAGTCTGGAAGGTAAAGCTATGGAGCTTGCTACTACGCAGTCAGTATTGATGCAAATTCAACCGACAATTCAGCGTTTTGCCAGAATGCTTGCCAGCGTTTTGCAGCTTGAGGTTGAGATCGTTGATGAAAACTTGTGT
NZ_CP010206.1_gap13	250271	252329	2058	TATTGCTGTGCCGTCGACCAGCACCGTACAGGCACCACATTCACCCACGCAGCACCCTTGTTTGACACTTAGCAGTCCTTGTTCGCGGAGTAATTCCGAGAGCGGCGTGCCTGGTGCGGCGTGAAGCTGAAAAGGCATCCCGTTAATGGTGCATTCGATGGTAATTGTTTCGCTGTGATTCATTGCAATTTTCCCCCCGCCGCGGCGACGGCTTCGCTAATCACTTTTTTGGTCATCGTCTGGATGAGATGCAGACGAAACTCTTTACTGGCCCGCCATGAAGAACGCGGGGCGACATCTTGCAGGACAGATTCGCTGATAGCTTCCAGCGTTTGCAGGTTTAATGGCGCATTTTGTGCAGTCTGTTCGGCATGTTGGCAGCGAATCGGCGTTGGCGCGGCAACACCAAATGCCAGGCGTAATTCGCTGAAATTGCCGTTATCCAGTCGGCAATGTGCGGCGCAGCCAATCGTTGAAATATCCATTGCGTCGCGCATGGCATATTTAAAATGCGCGCTGCCCGCGTGTTCTTTCGGCTGTGGCGGAAAATGAAAGGCGACGAGGATTTCGTCATGCTCAAGAGACACTTTGCCCGGCCCGGTGTGAAAGCCATTAATCGGGACGAAACGAACACCGCGCGGGGAGTGGATCTCCAGTTTCGCGTCATAAATTAGCGTTGGCGTGGCAGAATCTGCGCTGGTGGCACCGTTGCAAATATTTCCACCGTAGGTAGCGACGTTACGGATCTGCGGTCCAGCAATGGACGTGGCCGCAGCACATAACGCCGGGAGATGACGTTGAGTTATAGGATCTTCTATTAGCTGGGTAAATGTCGTTGCAGAGCCGATACGTAGCGAGCCATCTTCCGCCAGCGTAATTCCCCGCAGCTCCGCCAGATTATGAATATCAACAATATGGCGATAACGGTCATTGTGATGGTGGAGCTGAATCAGTACGTCAGTGCCACCGGCGAGCAGTTTGGCCTGCGGGTTGTCAGCCAGCAGGTTGATGGCATCGGCAAGGGTTGCTGCGCGATGGTAAGAAGCAAAATCAAACATGATGTTATCCTCAAATCAATCCTGCCAGATGGAACTCTTCATATAACCGTTTTGGCGTCAGCGGCAGTGTATTGATTGCAACACCGGTAGCCATCTTCACCGCGTTACGAATAGCAGCGGCAACAGGAATTATTGGTGGCTCACCCAGTGACTTATGTCCGTATGCGGATTGCGGCTCATTGATTTCGACGAACGCGCTTTCCAGTTGTGGCAGATCCGGCATGGTCGGCATTTTGTAATCCAGCAGATTGGGGTTACGGACCACGCCGCTTTTAGCATCGATGATCATCTCTTCAAATAGCGCCCAGCCAATGCCCATTCCCATTCCGCCGTGTACCTGACCTTCTGCCAGCAGTGGATTAAGAATATGCCCTGAATCATGAACGTTGAGGATGCGGTTGATGATGACTTTGCACAGCGCAATATCGACCGTCAGATCAACAAAGGTACAGCCAAACGCCGGTGGGTTAGTGGTGGTTTTGATGGAGCTTTCAGCAGAGAGCTGCCCGCCGCGTTCAGGGTGGTAGAAAGCGTCCATCGCCAAATCTTTTAACGACATTAACGGCTCTTCCGGTCGTTCAACCAGCACGATATGGCCTTTTATCAGGGTCAGATTCATCGCTGACTGATGTAGCATGACTGCGGCGTGAGCGATGATTTTCTCTTTTAATAATAGTGCCGCACTGCGCAGCGCAGGCGCGGCAACATAGCTCTGGCGTGAGGCAAATGCGCCGGGATCGAACGGCGTAACGTCGGTATCTTGAGTTGAAATAACGCGAACGTCGCTGACCGGAACCCCCACGGTTTCTGCCACCATTTGCGAGAAGACGGTGTCGGCACCCTGACCGATTTCCGTCGCGCCGCTTTGCACGTTGATGGTTCCATCCTGATTCATCAGAAGGCGCGCGCCTGCTATTTCTACGCCGACAGGCCAGGTGTTAGAGGTGTAGCTAAAACAGGCGACGCCAACGCCGCGGCGCAAATTGCCTTGCTGGTTCTG
NZ_CP010206.1_gap14	282297	284347	2050	AACTAATGGTTGCAGTGATAGGCTATTATTAATATTTCGTGGCTTCATTTTACATTTCTCTCATTTGATTAGAGCAAAATCCGAATTCGCAGCTTCTGATAATGTCAAATATCACCTTATGGAGACGTTACGTAGAATGACTATATTTGTTATCGGCACATTAGGGGTATTAATTTTAGTATTGATGGAAGGTGATTATTGAACAGTAACATCGAGTCACGGTAAAAATGTGAGGTATACAATGGACATTGAGTTTTCGCAGATTCATGAAATGGTCTATATGCATGATATTGTAAATTCGGACTCGAAAAAGAAACCAAGGATTCCGTTAAAAAATTCCTTAATGCTGAGAAGGTTCTCACGCAAACAACATCATGGACATTAAATTCAAGATATGTGAATGTTAATTCTGTCAATAAAGTCAACGTAAAGAGTAAAGTTAAAAACAGTTATATCTCACGATCTGTCAATGATGAGTTTAGTTTAACAGATGATGAAATTAATTCTTTTAAAGAAACGTTAATCCTTTCCTCTATTGATTCACTGAGTAAACTGGTTCTTAATAATCCTCTTTCTGTATTGTTTACATCGACTGTACGAAGGAATAATAATCGAGCTAAGATGAATGTCGAGTTCGACTCATGGATTTGCACCAGATGTTGTTGATACATGATATTTTACATTGCAAGGAGATGTCTAAAATGAAAGATGTTGATCAAAACTTTGATGCTTTAGACTGCCATATACTGCGAGAATATTTAATTTTATTGTTTTATGATTAACGAGGTTCCATCTTTTTGTTATCTATTTTAGTTTACCTTGCACAATGCATTATTGCTCTGTTACCAATGCTCAAAATAAAAGCATGCTTACCTTGCTTTAGTATATTATAGCTTACACTTTTTTCTGGAAAGACATAAAAATCAGGAATAAGTTGTACAAGTCTATCATCATCAACTTGATCCATAATCTCAAACTTATTAACTTTCTTTGATGTTAAATGGGCTGTGTCATAGTTTTCAATCCATGTGTATTCAATATTTCGCCGTATTGATTTACTTTCTCTGTTACCTTGTTGCCAGGTTCCACTCAACGCAACAGTTCCTGTTTTATTTTTTTTGTTAAACATAAAGTCGATGGTAAGATTTGCTCGTCCCTGGTCATTAAAAATTACCCAATTTGCAGTGCATGTTTCGTTATATATCATTTTTTCTGCAGTGTAAGAATAGACAGTGAAGAGAATAAACCCACTGATAAAAACTAAAATAAATAATAAGTTTTTTTTATAATCAATCACGATTAACCTCACGGTAAGACAGGGTTAAACAGCCAGCCACTTCATGTTGGTTATAGTTTTTATTGCATGCCATAACAATCATCCCCGGTGAGGATTTTGCAAGAGGGAAGTATAACCACGGATATTTTTTACAGTTAATCCCCGAATCCAGTATCCGTGTTTTATATTTATCGAACTCTTTCAACCCATCAATTGTATCTTCTGTTACATTAAAATGGCAGCCATTAATTTCCGCAACAGTCTTGTAATCCTTGAAAAATGGTTTCGGTTGATTATTATTCCATAGCCAATATGCAGAATATGCGCCTATGACAAATGCGCTCAACATAATTAGATAACTTTTTATATGTTTGAGGATTTTGTTATTGAAATTCTTTGCGCCACCAATGCTCTCTTTGTATCCCGCATTAACTTTTATGGCAGGTGGGGCATTGTGTGTATGTGCGTCTGTTGATGAGTTTATTACATGATTTTGTATGTTAATGTCATTATGGATCTTGAATCCTCTTCTCGGTACGGTTGCAATAAGCGAGTGGGTAGTATCACCAACAGCGCGAAATCCGCGTCTGATAATGGATATGTTCTGATATAACGTGTTAGTAGGCACACGCATACCTTCTTCTTCCCAGACTCTGGTGAAAAAATCTTGTTGTGCAACCACATCAGGAAAAGCTTCAAGTAGAAGTGATAAACAACGACTGGCTGGCGTTGTCAGAACGACGTTAAGATCGGCGTTATGTACCGATATTAATT
NZ_CP010206.1_gap15	433989	437862	3873	CGCAGTTGCGTTTCACAGGCGCGATACTCTTGCTGACTATTTAACGTCAGCATTAACTCACGCCCAGGCACAGGCGGGACAAAGGCGCTGGCACCAGTTGCCAGCACCAGCTTGTCGTATTGCCACTGATTATTCTGGCTTTTCACCACACGGGCTTCGGCATCGATATCCGTCACCCAGGTGTGCGGAAACAGGCGCAGATTAAACTGCTCGGCAAATTCACCCGCCGTCTGGCGGGTAAGGTCGTCGGCACGTTGCCCCTGACTGATAACATGGCTGAGGTCAGGTTTGTTGTACTCATCTATGCTGTCGGCGGCAATCAGGGTTAATGGAATAGTGGCGTCCTGTTTGCGAATATTTTTCACCAGTTGGCGGGCGGCGAAGCCCGAACCGATGATCACAATGCCGTTGCTCATTTTGCCTCCGATGCCAGTTCGTCAAAGACGTCTTTGCCGAGGGAGCATTCCGGGCAGAGGAAGTTATCCGGGACTTCACTCCACGGCGTTCCTGGTGCAACGTCCTGCATTGGCTCGCCTTTTGCCGGATCGTAAATCCACTGGCAGACGCTGCATTGCATCCGTGGGCCGAGGTCGGACGTCGTGGTGGCAGAGGTTTCTTCTTTAACCACCGTATTAACCGTGCACTGCGGCAGCGGCGCGAGCGCCCACTGACGGGCGATTTCGCGACCGTGTTCACGGCATAACTCCAGAGCGTCCTGGTCTGGTCGCCATTTCGCTTTCAGGCTGAGCGACATTTCGAAACCCGCATCCTGCAGGCGCGTGGAAAGGCGATCCACCGCACCGCCGCTCCAGCCGTGAGATCCGAAAGCACTGGCGCGTTTGTTACGGAAGCGTAATCCGGTCATCTCCTCCACCAGCCCGGCGATTTTCGGCATCATCACGTTATTCATCGTCGAAGTGCCGACCAGCACGCCTTTTGAGCGGAAGACATTGGTCAGGATTTCGTTTTTATCGCTTCGGGCGACGTTGAAAATTTTCACCGCCACGCGTGGGTCGGTTTCCGCAATCCCCTGGGCGATAGCGTCAGCCATCATGCGGGTGTTATTCGACATGGTGTCGTAGAAAATGGTGATTCTGTCTTCCTGATAATCCGCCGCCCATTTCAGGTACAGCTCGACAATTTGCGTCGGGTTATCGCGCCATACCACGCCGTGAGAGGTCGCTATCATATCGACTGGTAAGTTAAAGCCCAGGATCTCGGTAATTTTCGGCGTTACCAGGCGGCTGAACGGCGTCAGGATATTGGCGTAGTAACGCTGGCACTGCTCGAAAAGCTCCGTCTGATCCACTTCATCGTTGAACAGATGCTCGTCGCAGTAGTGCTGACCGAAAGCATCGTTACTGAACAGCACCGCGTCGCCTGTCAGGTAAGTCATCATGCTGTCCGGCCAGTGCAGCATTGGTGTTTCGACAAAAATGAGCTGTTTGCCGTTGCCGATATCCAGCGTGTCGCCAGTTTTCACCACATTAAAATTCCACTCCGGATGATGGTGATGACCATTTATCGAGTCGATAGCGTTGGCAGTACAGTAGATCGGCGTATCGGGAATTTGCGCCATCAGTTCGGTCAGCGCCCCAGCGTGGTCCTCTTCTGCATGGTTAATCACGATGTAATCGATATCCGCCAGATCGATTTCATTACGCAGGTTCTGCACAAATTCGCGGCTGAATTTATGGTCGACGGTGTCGATCAGCACGTTTTTTTCTTCGCGGATGAGGTAGCTGTTGTAACTGCTGCCGCGCAGCGTTTTATATTCCGTGCCGTGAAAATCACGCACTTCCCAGTCACGTTGACCAACCCAATGAATGTTATTTTTCACCACAATAGACATAGCAACCTCAATTTATTCAGCGTGTTCTAAAAAGATGTCTTGCTAATTGCAGATTGCGTGCCAGTTTTTTATCTGATTGTTTTTACTATATAAATAAAAGTATGCTCATTAATGAGTAGTCAAAATGACTATCAATCAAATGGTCGATATGACAATATCTATAGTCAAATTGACAGTGAGGCAAAGATGAGTTTTTCCGTTGATGTGCTGGCGAATATCGCCATCGAATTGCAGCGTGGGATTGGTCATCAGGATCGTTTTCAGCGCCTGATCACCACGCTACGTCAGGTGCTGGAGTGCGATGCGTCTGCGTTGCTACGTTACGATTCGCGGCAGTTTATTCCGCTTGCCATCGACGGTCTGGCAAAGGATGTACTCGGTAGACGCTTTGCGCTGGAAGGGCATCCACGGCTTGAAGCGATTGCCCGCGCCGGGGACGTGGTGCGCTTTCCTGCAGACAGCGAATTGCCCGATCCCTATGACGGTTTGATTCCTGGGCTGGAGAGTCTGAAGGTTCACGCCTGCGTTGGTCTGCCATTGTTTGCCGGGCAAAACCTGATCGGCGCACTGACGCTCGACGGGATGCAGCCCGATCAGTTCGATGTTTTCAGCGACGAAGAGCTACGGCTGATTGCTGCGCTGGCGGCGGGAGCGTTAAGCAATGCGTTGCTGATTGAACAACTGGAAAGCCAGAATATGATGCCAGGCGATGCCACGCCGTTTGAAGCGGTGAAACAGACGCAGATGATTGGCTTGTCCCCTGGCATGACGCAACTGAAAAAAGAGATTGAGATTGTGGCGGCGTCCGATCTCAACGTCCTGATCAGCGGTGAGACGGGAACCGGTAAGGAGCTGGTGGCGAAAGCGATTCATGAAGCCTCGCCACGGGCGGTGAATCCGCTGGTCTATCTCAACTGTGCCGCACTGCCGGAAAGTGTGGCGGAAAGTGAGTTGTTCGGGCATGTGAAAGGAGCGTTTACTGGCGCTATCAGTAACCGCAGCGGGAAGTTTGAAATGGCGGATAACGGCACTCTGTTTCTCGATGAGATCGGCGAGTTGTCGTTGGCATTGCAGGCCAAGCTGCTGAGGGTGTTGCAGTATGGCGATATTCAGCGCGTTGGCGATGACCGTAGTTTGCGGGTCGATGTGCGCGTGCTGGCGGCGACTAACCGCGACTTACGCGAAGAGGTGCTGGCAGGGCGATTCCGCGCCGATTTGTTTCATCGCCTGAGCGTGTTTCCACTTTCGGTGCCGCCGCTGCGTGAGCGGGGCGATGATGTCATTCTGCTGGCGGGGTATTTCTGCGAGCAGTGTCGTTTGCGGCTGGGGCTCTCCCGCGTGGTATTAAGTGCCGGAGCGCGAAATTTACTGCAACACTATCGTTTTCCGGGGAACGTGCGCGAACTGGAACATGCTATTCATCGGGCGGTAGTGCTGGCGAGAGCCACTCGCAGCGGCGATGAAGTGATTCTTGAGGCACAACATTTTGCTTTTCCTGAGGTGACGTTGCCGCCGCCAGAAGCGGCGGCGGTGCCCGTTGTTAAGCAAAACCTGCGTGAAGCGACAGAAGCGTTCCAGCGTGAAACCATTCGCCAGGCACTGGCACAAAATCATCACAACTGGGCTGCCTGCGCGCGGATGCTGGAAACCGACGTCGCCAACCTGCATCGGCTGGCGAAACGTCTGGGATTGAAGGATTAAATAATCCCGGCCTGATAGAAATCCTGCAGGTTAATTGCGCCGGTGAGTTTGCCGTTTTCATCCACCACCGGTGCGGCAGTGATTTTGCGCTTCATCAGGATCTCTTTGGCGTCGATGGCGCGACTTTGTGCCTGTAATGTGGTGCCGCCTGTCGTCATCGCTTCATTAACTGGCGTGGTGAGTGCGCCGCCGCCAACCAGCCAGCGACGTAAATCGCCGTCGGTAAAGACGCCTTGTACCTGTTGTTGAGCGTCACATACCGCCACCAGCCCCAGACCGGTGCGGCTGAGTTCCAGCATCGCATCCATCACGCTGGCGGT
NZ_CP010206.1_gap16	587583	590714	3131	TTTATAACTCTCCACACAAGGAACTTCGTTTAGTCCCCAGTGGGATTTACACAACCCTTGTGGGTAGGCGCGAGGTTCCAGCGGTACATCGATCAACTCGCCGTTAATGCCATAAGACCAGCCGTGATACGGGCAGGTAAAGGCGCGAGTGTTGCCGCAATCTGCATAACTCACACGCATGGCCCGGTGGCGGCATTGGTTGAGAAACGCCTTGATGCTGCCGTCTTTCTGACGCACTACGACAACCGCATCTTCTCCCATGTAGGTGTTAAAGAAATCACCGGGTTTTGGGATCTGGCTTTCGTGGGCGAGAAATAGCCAGCAACGACCGAAAATACGCTCAAGCTCCAGTTGGTAAATATCCGGGTCGGTATAAATACGCGGAGTGACCCGACCATTTTGGGTGTCAATCAGTTGGTAAATGTTCAAATCTGAGGGTGTGGTCATATTTTTTAATCCTGAAAGATAAGATGTATTGACCTTCTATTTTTGTGTCATAAGGATGTTGCTGGTTGGTTGCTAATATGTGAAATAGTTAATTTCTACCAGCTGAGACGTTTTTTCGATAACAAGGGGAAGGTGATGGAACTACGGCATTTACGCTATTTCGTCGCAGTGGCGCAGGCACTGAACTTTACCCGTGCGGCGGAAAAACTGCATACCTCACAGCCTTCGTTAAGCAGCCAGATCCGCGATCTTGAAAACTGTGTCGGTGTTCCGTTACTGGTGAGGGATAAGCGCAAAGTCGCGTTGACAGCGGCGGGAGAATGTTTTCTCCAGGACGCGCTGGCAATCCTCGAACAAGCGGAAAATGCCAAATTACGGGCGCGGAAAATTGTTCAGGAAGACAGACAATTAACCATTGGCTTTGTGCCATCGGCGGAAGTGAATTTACTGCCAAAAGTATTACCGATGTTTCGTCTCAGACAGCCAGACACCTTGATTGAGCTGGTGAGTTTAATCACCACGCAACAGGAGGAAAAAATTCGCCGTGGTGAACTCGACGTCGGCTTAATGCGCCATCCTGTTTATAGCCCGGAGATTGATTATCTGGAGCTTTTTGACGAACCATTAGTGGTTGTGTTACCGGTTGATCACCCTTTAGCACATGAAAAAGAGATCACCGCCGCGCAACTGGATGGCGTGAATTTCGTCAGTACCGATCCGGCGTATTCCGGTTCGCTTGCGCCGATCGTTAAAGCGTGGTTTGCGCAAGAAAACAGCCAGCCAAATATCGTCCAGGTGGCAACGAATATTCTGGTGACCATGAATCTGGTGGGCATGGGGCTGGGCGTCACTTTGATACCCGGTTATATGAATAATTTTAATACCGGACAGGTTGTTTTTCGTCCCATTGCCGGAAATGTGCCTTCCATTGCTTTACTGATGGCGTGGAAGAAAGGGGAGATGAAGCCGGCATTACGCGATTTCATCGCCATTGTGCAGGAACGTTTGGCAAGCGTAACGGCATAATTACGCATTATTTTTGCAACATGCGTCGCGGATCTCAGTTTTTTAGTGCTTGTGAACTGGCGTTACAGACATCGGGAAGCAGGCTCGAATATTCTTATTTTTCAACTTGCACCAACATTCGATTAACCCCAGACTAACGCCTCCTGACGGGAGGGACTCATGGTTTTGCAATCCACGCGCTGGTTGGCGCTCGGCTATTTCACATACTTTTTTAGTTACGGCATTTTTCTACCTTTCTGGAGCGTCTGGCTTAAAGGGATTGGTTTAACGCCAGAAACCATCGGCCTGTTATTGGGGGCAGGTCTGGTTGCCCGTTTTCTCGGGAGTTTGCTCATCGCGCCCCGCGTCAGCGATCCTTCCCGCCTGATTTCCGCCTTGCGCGTGCTGGCACTGCTGACACTTCTCTTTGCTGTCGCCTTCTGGGCGGGGGCGCACGTAGCGTGGCTGATGCTGGTGATGATTGGCTTTAACCTCTTTTTCTCACCGCTGGTACCGTTGACCGATGCACTGGCGAATACGTGGCAAAAGCAGTTCCCGCTTGATTACGGCAAAGTGCGACTGTGGGGCTCGGTGGCGTTTGTCATTGGCTCGGCGCTGACGGGCAAACTGGTCACTATGTTTGATTATCGGGTGATCCTCGCGCTGTTGACGTTGGGCGTGGCATCCATGCTGCTCGGCTTTCTCATCCGTCCGACGATTCAGCCACAAGGGGCAAGCCGCCAGCAGGAGAGCACCGGTTGGTCAGCGTGGTTGGCGCTGGTTCGCCAGAACTGGCGCTTTCTGGCCTGCGTTTGTTTATTGCAGGGGGCACATGCGGCCTATTACGGTTTTAGCGCCATTTACTGGCAGGCAGCTGGCTACTCGGCCTCGGCGGTGGGGTATTTGTGGTCGCTGGGCGTGGTGGCGGAAGTCATTATCTTTGCGCTGAGTAATAAACTTTTCCGCCGTTGTAGTGCACGCGATATGCTGTTGATCTCGGCGATTTGCGGCGTAGTGCGCTGGGGCATTATGGGAGCAACTACGGCGTTGCCGTGGTTGATAGTGGTGCAAATTCTGCATTGCGGCACCTTCACGGTCTGCCACCTGGCCGCCATGCGTTATATTGCTGCTCGCCAGGGTAGCGAAGTCATCCGTTTACAGGCGGTTTACTCTGCCGTCGCGATGGGCGGCAGTATCGCTATCATGACCGTTTTCGCCGGTTTCCTGTATCAATATCTGGGCCACGGCGTGTTCTGGGTAATGGCGCTGGTGGCGCTGCCGGCAATGTTTTTGCGCCCGAAAGTTGTTCCCTCATGCTGATTCGAGCATTTTGCGGATCTGCTCCTGTTGATGTGTTGTCAGCGTCAGGTCCGTATAGATCAGCGGTGGTGAAAAGAGCGGTAATGGCATGGTATAAGGCGCAATAATCAGTGCCGCGCCACGCGGAGCGCCTGTCTGCAAAAATGCCTTTACCGACATATGCTTAATGTTGAGCGGCAGTAACGTTAGTTCGCGTAACTGCTGCTCAATCTGCGCTTCTCGCTCGCTATCATTCCCGGTCAGTAGAATAATCTGTTTTTCATGCAGATCGTTTTCCTGCATTAGCCAGGCACCGAAAATCACCGCGACCAGACCACTTTCCTCATCAGAAAGATGGACGCCGTATTCACTTTCAAATC
NZ_CP010206.1_gap17	703641	708249	4608	TTTAGCTTCTGCGGCATCGAGATTTTTCAGCACCATCACAATGGCCGTTTTACAGTTGCGCTCGCAGGCAATTAACGCCGCTTCCGCTTGTTCGGCATTACATCCGGTGGCGTTTTTAACGATATTGACCTGGCGCACATGCAGTTTTTCGTTGGTGGCGACCACATCGACCATCAGGTTGCCGAACACTTTGCCAGATTTAATCATCAGCCCGGTGGAAAACATATTGAGCACCAGTTTCTGCGCTGTGCCTGCTTTCATTCGCGAAGAACCAGTGACCACTTCGGCACCTACAATCGGTGTAATGGCAAACTCGGCGGTGGTGGAAACGGCACTCCCCGGATTACAGGAAATTCCCACTGTGCGGCAGCCGAGCTGGCGTGCGTATTCCAGTCCGGCAATCACATACGGCGTGCGACCGCTGGCAGCAATGCCAACCACCACATCCTGTGCCGTTAAATTAATATTTTTCAGATCGTTAACACCACCTTCCCGGCTATCTTCAGCGCCTTCCACCGCGTGCTGAATGGCATATTCGCCTCCAGCAATCAAACCAACCACCAGACCCGGTTTCACGCCGTAGGTGGGCGGACATTCGCTGGCATCCAGAATCCCCAGACGACCGGATGTTCCCGCACCGAGATAAATCAGACGACCGCCGCCGCTGACCTGGGCGTGGATAACATCGATCGCCGCGGCGATATCCGGCAGGACGCGCTCAACGGCAAGCGGTACGGTTTTATCTTCATCGTTGATAATCCGGCACATTTCCAGCGTCGATACGCGGTCAATTTCAGCCGAGGCGGTGTTCGAGCCTTCAGTAATCATCTTTTCTAGTTGCATCGGTGGTGACCTTACTATTTACGATCAAATAATTGCAGATGTATGGAATCATATATCCCGAATTGACAGACTTAAAGGAATCATTGAGTCTACACTCGCAGAGTGTGAAGAGCGTCATAAGAACTTAAGCGGAATTTATGCTGCCAGCCCAGGAGAGTGGAAGATGTTGTACCTGACGAAAATAAGCAATGCGGGGAGTGAATTCACCGAAAACGAGCAAAAAATCGCTGACTTTCTGCAGGCCAACGTGAGTGAGCTGCAATCCGTTTCTTCACGGCAGATGGCGAAACAGCTCGGCATTAGCCAGTCGAGCATAGTGAAATTTGCCCAAAAACTCGGCGCGCAAGGATTTACTGAATTGCGTATGGCGTTAATAGGCGAATACAGTGCCAGCCGGGAGAAAACGAATGCCACGGCGCTGCACCTGCACAGTTCGATTACCAGTGATGATTCGCTGGAAGTGATTGCCCGCAAATTGAATCGCGAAAAAGAGCTGGCGCTGGAGCAAACCTGTTCGTTGTTCGACTACGCGCGGCTGCAAAAAATCATTGAGGTCATCAGTAAAGCACCGTTTATCCAGATAACGGGCCTGGGCGGATCGGCGCTGGTGGGGCGCGATCTGTCGTTCAAACTGATGAAAATTGGCTATCGCGTGGCCTGCGAAGCCGACACGCACGTACAAGCCACCGTTTCCCAGGCGTTGAAAAAAGGCGATGTACAAATCGCTATCTCTTACAGCGGCAGTAAAAAAGAGATTGTCTTATGCGCAGAAGCGGCACGAAAGCAGGGGGCAACGGTGATTGCCATTACTTCTCTGGCTGATTCTCCGCTGCGGCGGCTGGCGCATTTCACGCTCGATACCGTTTCCGGTGAAACCGAATGGCGTAGCTCGTCGATGTCTACCCGCACGGCGCAAAATTCTGTTACCGATTTACTGTTTGTTGGTCTTGTGCAACTCAATGATGTGGAGTCATTGAAAATGATTCAGCGCAGCAGTGAGCTAACACAACGCCTGAAATGATGCATAAAGCAGCGACTGGATTGAGATTTTCCTGAATTAGTGAGCTGATCCGCAGCAATATTTTGTTTATCCTGTATTTTCAGAGGGAATGGAGTGTAACGCTCTGTATTAACAAGGAGAGCATTAAAATGGGTAAACTCACGGGCAAGACAGCACTGATTACGGGCGCATTGCAGGGAATTGGCGAAGGAATTGCCAGAACTTTTGCGCGTCATGGCGCAAACCTAATCTTGCTGGATATCTCCCCTGAGATCGAAAAGCTGGCGGACGAACTGTGTGGTCGTGGTCATCGCTGTACGGCGGTTGTCGCCGATGTGCGTGACCCGGCGTCGGTAGCCGCAGCTATCAAACGCGCGAAGGAAAAAGAAGGGCGCATTGATATCCTGGTGAATAACGCAGGCGTTTGTCGTCTGGGCAGTTTCCTCGATATGAGCGATGACGATCGCGATTTCCATATTGACATCAATATTAAAGGCGTATGGAACGTCACGAAGGCGGTGCTGCCGGAGATGATTGCCCGCAAAGATGGTCGCATTGTGATGATGTCTTCGGTCACTGGCGATATGGTGGCCGATCCTGGCGAAACGGCGTACGCCTTAACGAAAGCGGCGATTGTTGGCCTGACAAAATCGCTGGCGGTGGAGTACGCGCAGTCTGGTATTCGCGTTAACGCCATTTGCCCGGGATACGTGCGCACACCAATGGCGGAAAGCATTGCCCGCCAGTCGAACCCGGAAGATCCAGAGTCGGTGCTGACTGAAATGGCGAAAGCAATCCCGATGCGTCGCCTCGCCGATCCGCTGGAAGTCGGCGAACTGGCGGCCTTCCTCGCATCGGATGAATCCAGCTATTTAACCGGTACACAGAATGTGATTGATGGCGGCAGCACACTGCCGGAGACGGTTAGCGTCGGTATCTGATTCACCTCTGTTTCCTCCCTGCATTTGTGGGGAGGATTTCGTTTTAAACCCGGTTCTTATTCCCTTTTCAACTTCCAAATCACCAAACGGTATATAAAACCGTTACTCCTTTCACGTCCGTTATAAATATGATGGCTATTAGAAAGTCATTAAATTTATAAGGGTGCGCAATGGCCGTTAACTTACTGAAAAAGAACTCACTCGCGCTGGTCGCTTCTCTGCTGCTGGCGGGCCATGTACAGGCAACGGAACTGCTGAACAGTTCTTATGACGTCTCCCGCGAGCTGTTTGCCGCCCTGAATCCGCCGTTTGAGCAACAATGGGCAAAAGATAACGGCGGCGACAAACTGACGATAAAACAATCTCATGCCGGGTCATCAAAACAGGCGCTGGCGATTTTACAGGGCTTAAAAGCCGACGTTGTCACTTATAACCAGGTGACCGACGTACAAATCCTGCACGATAAAGGCAAGCTGATCCCGGCCGACTGGCAGTCGCGCCTGCCGAATAATAGCTCGCCGTTCTACTCCACCATGGGCTTCCTGGTGCGTAAGGGTAACCCGAAGAATATCCACGATTGGAACGACCTGGTGCGCTCCGACGTGAAGCTGATTTTCCCGAACCCGAAAACGTCGGGTAACGCGCGTTATACCTATCTGGCGGCATGGGGCGCAGCGGATAAAGCTGACGGTGGTGACAAAGGCAAAACCGAACAGTTTATGACCCAGTTCCTGAAAAACGTTGAAGTGTTCGATACCGGCGGTCGTGGCGCAACCACCACTTTTGCCGAGCGTGGCCTGGGCGATGTGCTGATTAGCTTTGAATCGGAAGTGAACAACATCCGTAAACAGTATGAAGCACAGGGCTTTGAAGTGGTGATCCCGAAAACCAATATTCTGGCGGAATTCCCGGTGGCGTGGGTCGATAAAAATGTGCAGGCCAACGGTACGGAAAAAGCCGCAAAAGCCTACCTGAACTGGCTCTACAGCCCACAGGCGCAGACCATCATCACCGACTATTACTACCGTGTGAATAACCCGGAAGTCATGGACAAACTGAAAAACAAATTCCCGCAGACCGAGCTGTTCCGCGTGGAAGACAAATTTGGCTCCTGGCCGGAAGTGATGAAAACCCACTTCACCAGCGGCGGCGAGTTAGACAAGCTGTTAGCGGCGGGGCGTAATTAATGTTTGCAGTTTCATCAAGACGCGTGCTGCCGGGCTTTACCTTAAGCCTCGGCACCAGTCTGCTGTTTGTGTGCCTGATTTTGCTGCTGCCGCTCTCCGCGCTGGTGATGCAGCTGGCTCAGATGAGCTGGGCGCAGTACTGGGAGGTGATCACCAACCCGCAGGTAGTAGCGGCCTACAAAGTAACGCTGCTGTCAGCGTTTGTGGCATCGATTTTTAACGGCGTTTTTGGCCTGCTGATGGCGTGGATCTTAACCCGCTATCGCTTTCCGGGCCGCACGCTGCTTGATGCGCTGATGGATTTACCCTTTGCGCTGCCAACGGCAGTCGCCGGTTTAACGCTAGCCTCGCTCTTTTCTGTAAACGGTTTTTACGGTGAATGGCTGGCGAAGTTTGATATCAAAGTCACCTATACCTGGCTGGGGATTGCGGTGGCGATGGCCTTTACCAGCATTCCGTTTGTGGTACGTACCGTGCAGCCGGTGCTGGAAGAGTTAGGCCCGGAATATGAAGAAGCGGCGGAAACGCTTGGTGCAACGCGCTGGCAGAGTTTCTGCAAAGTGGTGCTGCCGGAGCTTTCTCCGGCGCTGGTGGCGGGCGTGGCGCTGTCGTTTACCCGTAGTCTTGGTGAATTTGG
NZ_CP010206.1_gap18	721254	724548	3294	GTAACTGTTCGGTCTGGCGTTTGTATCGACGCGCCAGCACCGCACAGACCATCAATTGGATCTGATGGAAAATCATCAGGGGCAGCACCATCATACCGATCACCGATGTGGGGAACAGAATGTTTGCCATCGGGATGCCATTTGCCAGACTCTTTTTCGAACCACAAAAGACGATAGTAATTTCATCTGCCTTATTGAAGCCCAGTCGGCGTGCCATAAAGACGTTAACTACAATCACGATAGCTAGAAGAACGCAGCTGACCACCACGATAAACAGCAATGATCCCCAGCCAACTTTATGCCAGATACCATTAACGACGGCTTCGCTGAACGCTGTATAAACCACCAACAGAATGGACGTCTGGTCAGTTTTCGCAATCCATTTTTTATTGCGCGACACCCAGTCACCAATCCACGGCCGGGAAAGATGCCCCAACACAAACGGCAGCAGCAGTTGCAGCATAATTTTACCGACCTGCTCAAGGCTGCCCCCTGCACCGTGAACATTCATCACCAGACCAACCAGCAATGGTGAAAGGAAAATCCCCAGCAGGCTGGATGCTGACGCAGAACAAACCGCCGCCGCGACGTTACCGCCCGCCATTGACGTGAAGGCGATTGCAGACTGCACGGTAGCCGGGAGAATGCACAAGTAGAGAAAACCGGAGTAGAGCATCGGGTCGACATTTACCGGTTTCCACCAGGCAAACAGTACACCCAGAATCGGAAACAGCACGAAGGTGCTGCACATTACCCACAAATGCAGTCGCCAGTGACCACCGCCAGCAATAATCGCCTCACGCGACAACTTCGCGCCGTGCATAAAGAACAGCAGGGCAATCGCTGCGGTGGTCAGATTTTCAAAGAAGGGGACGAAATCGCCTCTGGCCGGAAAGAAAGAGGCCAGCAACACCACCGTGATCAGGGTTAAGGTGAAAGGATCGAGGATACGAAAAAGTTTCATAAAGACTCCAGATGATCGATGGTTCTATTGTGCTTCTTCCAGTTTGAGAAATAAAATTGATTTATTGCATCCATTCATGAAGAAAACAGATGAATTATTCTTTAAAACAATTAAAGGTTTTCGTCACAGTAGCGCAGGAGAAAAGTTTTAGTCGTGCAGGAGAGCGTATCGGCCTGAGCCAGTCGGCAGTGAGTCACAGTGTGAAGGAACTGGAAAATCATACTGGTGTTCGCCTGCTGGACAGAACCACGCGTGAAGTGGTGCTTACAGATGCAGGGCAGCAGCTGGCTTTGCGTCTTGAGCGACTGCTGGATGAACTGAACAGCACGTTGCGCGATACCGGGCGTATGGGGCAACAACTGAGCGGAAAAGTTCGGGTCGCTGCCAGCCAGACCATTTCCGCGCATCTTATTCCGCAATGCATTGCTGAAAGCCATCGCCGCTATCCAGATATTCAGTTTGTCCTGCACGATCGTCCGCAGCAGTGGGTGATGGAAAGTATTCGCCAGGGAGATGTCGACTTTGGCATCGTCATCGATCCAGGCCCAGTGGGCGATCTGCAATGTGAAGCGATTCTTTCCGAGCCTTTCTTTCTGCTTTGCCATCGCGATAGCGCTTTGGCCGTCGAAGATTATGTACCCTGGCAGGCATTACAGGGAGCGAAATTGGTGTTGCAGGATTACGCGTCAGGCAGCCGACCGCTGATTGACGCAGCGCTGGCGCGCAATGGTATTCAGGCGAATATTGTGCAGGAGATTGGACATCCGGCGACGCTGTTCCCGATGGTAGCCGCAGGCATCGGCATCAGTATTCTTCCTGCACTGGCGCTACCATTGCCTGAAGGTAGCCCACTGGTGGTTAAGCGCATTACGCCGGTGGTTGAACGCCAGTTGATGCTGGTGCGCAGGAAGAACCGTTCACTTTCCACCGCCGCTGAAGCGTTATGGGACGTGGTACGAGACCAGGGCAATGCGCTAATGGCTGGGCGGGAAGGGGATCCGTTGTATCAGATATAGATATCGATATGAGTCGTTTTTTCAACAGGATTTAGAAGGGATACATTCAGAGACAAACACTGCTCTTTCTCCTGCGCCTTTTCTGCCTGCTGTTTCTGCAACTGCGCCAGTTGTGTTTCCAGTAGGGTGATTTGCTGTTGAATCAATTCGGCCTGTTTTTGCTTGTCTTCAGCACTGCCGCTAGTGTCTACAATCTCTTTAATTTGTTGAGTGAGTTTGATGATTTGCTGACTTATCCGCGCGATTTGTGAAGCAACATCGCTACCTTGTGATGCCCTGTTACTACTCTGTGTTTGTATGGAAGGAATTGAAGTTGAAGAGATAGTGGCCATTGTTCAGTCCTCGTCACTGTACGAGGTAATATCGGTAGAAGAACAAGCAACTTGAGAAGAAAAATCAATCTTACAAATCGCAGATAGCAAAAAAGCGCCTTTAGGGCGCTTTTTTTACATTGGTGGGTCGTGCAGGATTCGAACCTGCGACCAATTGATTAAAAGTCAACTGCTCTACCAACTGAGCTAACGACCCGAAGTGGTGGGTGATGACGGGATCGAACCGCCGACCCCCTCCTTGTAAGGGAGGTGCTCTCCCAGCTGAGCTAATCACCCACTTCGGTACTTCACATTTTTACAAGAAATTTAGCTGGCGAGAAAGTGGTGGGTGATGACGGGATCGAACCGCCGACCCCCTCCTTGTAAGGGAGGTGCTCTCCCAGCTGAGCTAATCACCCACTTCTCAATTTCTTGCTACACGGCGGAGACTACATAAAGTAGTTGGTGGGTGATGACGGGATCGAACCGCCGACCCCCTCCTTGTAAGGGAGGTGCTCTCCCAGCTGAGCTAATCACCCCCGCTGTGTGGAGTCGCATTATAGGGAGAGTTCAAAATGAGTCAACGCATTTTCTAAAGAAATTGTTCGTTCGTCGTAAATTTGAGCAAGATGATCGCAAAACAGACCGTGTTGCGCAATTTGTCAACGAAAACAATAATGCGTAAGGTTGCAACCCGAACTACATTGAGGAATCAGGCGGGAGTGATAGAATATCGCCCACTCAATTTTTCCAGGATTTGCCGGTTGTCGGCATCTTTCTAAACGTAAGGCCATTTCATGAAAATCAAAACTCGCTTCGCGCCAAGCCCAACAGGCTATCTGCACGTTGGCGGCGCGCGTACTGCTCTTTACTCCTGGCTTTTTGCACGTAACCACGGCGGTGAGTTCGTGCTGCGTATTGAAGACACCGATCTTGAGCGTTCCACGCCGGAAGCTATCGAAGCCATTATGGATGGCATGAACTGGCTGAGCCTGGAGTGGGA
NZ_CP010206.1_gap19	726625	731241	4616	AACCGTGACATGAATAACTACTGAATGCGAGCGGTTTTCCAAAATTGTTCATTTGCCTGATTTTTCAGCGATTGAAACTACACGTTGCAATTTGCCGTTGACACATTCGGGCGGAATTCATATGATGCCGCCCGTCAACTCGACAAGCTTTACGTGACGGGGCTATAGCTCAGCTGGGAGAGCGCTTGCATGGCATGCAAGAGGTCAGCGGTTCGATCCCGCTTAGCTCCACCAAATTTTGCACCCAGCAAACTTGGTACGTAAACGCATCGTGGGGCTATAGCTCAGCTGGGAGAGCGCTTGCATGGCATGCAAGAGGTCAGCGGTTCGATCCCGCTTAGCTCCACCAAATTTCCAACCCTCGCTGCAAAGCGGGGGTTTTTTGTCTCTGCTTTTTGCCGCTTTTGTAATACAGTCTACGTCCGGGTTAGTGCCGCCTGGTGAAAGCATCATTGGATGAAAAATCGGCAACAGGCTGGCCCCCTGTTTGCTTCGCGATGCGAATAAACTTATTATTTGTGTGCCTGAAAACCCCGATCAGTGAGAGTAGTGTACTCATGTTTGTGGAGCATAACCTGATAAAAAATATCAAGATATTCACACTAGCGTTTACGCTCACCGTGGTACTTATTCAGCTATCCCGTTTTATTTCGCCACTTGCCATTATCCATTCCAGTTATATCTTTCTGGCGTGGATGCCACTGTGCGTAATGCTGTCAATCTTGTTTATCTTTGGCTGGCGCGGTGTCGTTCCCGTTTTATGCGGGATGTTTTGCACCAATCTGTGGAACTTTCATCTCTCTTTTTTACAGACTGCGGTCATGCTCGGTAGCCAGACGTTTGTCGTGTTGTGTGCCTGCGCAATATTACGCTGGCAGCTGGGGACGCGTTGGCGTTATGGATTGACCAGCCGATATGTCTGGCAACGTCTGTTCTGGCTTGGTTTGGTGACGCCGATCGGCATCAAATGCAGCATGTATCTTGTGGGGAGCTTCTTTGATTTCCCGCTAAAGATATCCACCTTTTTCGGCGATGCGGATGCCATTTTCACGGTCGTTGATTTGCTAAGCCTTTTCACCGCTGTGCTGATTTACAACATGCTTTTCTACTATCTCACTCGCATGATTGTAAGTCCCCACTTTGCGCAGATATTGTGGCGCAGGGATATCGCTCCGTCGTTGGGCAAAGAGAAACGCGCATTTACCTTAAGCTGGCTGGCAGCGTTAAGCGTGCTGCTACTTCTGTTGTGCACACCTTATGAAAACGACTTTATTGCCGGTTACTTGGTACCCGTTTTCTTCATCATCTTTACCCTCGGGGTCGGTAAGCTTCGCTATCCGTTTTTAAATCTCACCTGGGCTGTTTCAACGCTTTGCCTGCTGAATTACAACCAGAACTTTTTGCAAGGGGTGGAAACCGAATATTCGCTGGCATTTATTCTTGCGGTGCTGATTTCCTTTAGCGTTTGCCTGCTCTATATGGTGCGCATTTATCATCGCAGTGAATGGCTTAATCGCCGCTGGCATTTGCAGGCGCTGACAGATCCGTTAACGCTCCTACCCAACTTTCGTGCGTTGGAACAAGCGCCGGAGCAAGAGGCGGGCAAGAGTTTTTGCTGCCTGCGCATTGATAATCTTGAGTTTATGAGTCGTCATTACGGCTTAATGATGCGCGTTCACTGTATCCGCTCAATTTGCCGTACGCTGCTGCCGTTGATGCAGGAAAACGAAAAGTTGTATCAATTGCCGGGTAGTGAACTGCTGTTAGTGCTGAGCGGGCCGGAAACGGAAGGGCGACTCCAGCATATGGTTAACATCCTGAATAGTCGGCAAATTCACTGGAACAATACCGGGCTGGATATGGGCTATGGTGCTGCCTGGGGGCGTTTTGATGGAAATCAGGAAACCCTGCAACCCTTGTTGGGGCAGTTAAGCTGGCTGGCGGAGCAATCCTGCGCACATCATCATGTGCTGGCGCTGGATAGCAGAGAGGAGATGGTTTCCGGGCAGACCACTAAACAGGTGCTATTGCTGAATACCATTCGCACGGCGTTAGATCAGGGTGATTTGCTGCTCTACGCCCAGCCAATTCGCAACAAAGAGGGTGAAGGTTATGATGAGATCCTCGCGCGACTGAAATATGACGGCGGCATTATGACCCCGGATAAGTTTCTGCCCCTTATTGCTCAGTTTAACCTTAGCGCGCGTTTTGATTTGCAAGTGCTGGAATCCTTGTTGAAGTGGCTGGCAACACACCCTTGCGACAAAAAAGGACCGCGCTTTTCAGTCAATTTAATGCCGCTCACGCTGCTGCAAAAGAATATTGCCGGGCGGATTATTCGTCTGTTTAAGCGTTATCACATCTCCCCGCAGGCGGTCATTCTTGAGATCACCGAGGAGCAGGCGTTTTCTAACGCAGAAAGCAGCATGTACAACATCGAGCAGCTGCATAAGTTTGGTTTCCGGATTGCGATTGATGACTTTGGCACCGGATATGCCAACTACGAACGGTTAAAGCGTTTGCAGGCTGATATCATCAAAATTGATGGCGTCTTTGTGAAAGATATTGTCACGAACACGCTGGATGCGATGATTGTGAGATCAATTACCGATCTGGCGAAAGCGAAGTCATTGAGTGTGGTCGCGGAGTTTGTCGAGACGCAACAGCAGCAGGCGCTATTGCATAAGCTCGGGGTGCAATATCTGCAAGGGTATTTGATTGGTCGCCCGCAGCCATTAGCTGATTAACAGGCGTAAAAAAGCCGGGGAATGATCCCCGGCTTTTTTATGTATGGTTTTACAGCACCAGTGCTGCGATTGACGCAGACAGCACACTCACCAGGGTAGAGCCGTAAACCAGTTTCAGACCGAAGCGAGAAACCACGTTACCTTGCTCTTCATTCAGGCCTTTAACTGCACCTGCGATAATCCCGATTGAAGAGAAGTTAGCGAAGGAAACCAGGAACACAGAGATGATGCCTTCAGCACGCGGAGAGAGCGTGGAAGCAATTTTCTGCAGATCCATCATCGCAACGAACTCGTTGGAAACCAGTTTGGTCGCCATGATACTGCCCACTTGCAGTGCTTCACTGGAAGGAACACCCATCACCCATGCAATCGGATAGAAGATGTAGCCCAGGATGCCCTGGAAGGAGATGCTGTAGCCAAACCAGCCAGTCACAGTAGCAAACAGTGCGTTCAGTGCGGCGATCAGGGCGATAAAGCCGATCAGCATCGCGGCAACGATAATGGCAACCTTGAAACCTGCCAGAATGTATTCACCCAGCATTTCGAAGAAGCTCTGACCTTCGTGCAGGTTGGACATCTGAATGTTTTCTTCACTGGCATCAACACGGTAAGGGTTGATCAGCGACAGCACGATAAAGGTGCTGAACATGTTCAGTACCAGCGCCGCAACGACATATTTCGGCTCCAGCATGGTCATGTATGCACCAACGATGGACATAGATACGGTGGACATCGCCGTTGCTGCCATGGTGTACATACGATTGCGGGAGATTTTGCCGAGGATATCTTTATAGGCAATAAAGTTTTCAGACTGACCCAGAATCAGGGAGCTGACGGCGTTAAAGGATTCCAGTTTGCCCATGCCGTTGACTTTGGAGAGCAGGAAACCAATTGCGCGGATAATCACCGGCAACACGCGAATGTGCTGGAGAATACCGATCAGTGCAGAGATAAAGACGATTGGGCACAGCACTTTCAGGAAGAAGAATGCCAGGCCTTGATCATTCATGCTACCAAAGACGAAGTTAGTCCCTTCGTTGGCAAATCCGAGCAGTTTTTCGAACATTTCGGAGAAGCCTTTCACGAAGCCTAAACCAACGTCGGAGTTCAGGAAGAACCACGCCAGTAACACTTCGATAACAAGCAGTTGAATAACATAACGGATACGAATTTTTTTGCGGTCGCTGCTTACCAGCAGTGCGAGAATCGCAACAACGGCAAGTGCCAGTACAAAATGAAGGACGCGGTCCATATTTGCTCCAAATATGAGGCAGGTTAAATTTCCGTGCACATTCTATGTAACATGGTTAAGGAAAACGAGATCTGACACACACTATAATGACGTCCTGTGACAAGCTTCAAAAATAGTGATCTGTCATACATTTCTGCTATGTTGTGTATGGAAGCTGAAAGTTATGTAAATGTGCTAACATTAAACATAACCATAACATTCAAGTCATCAATCTTTTCGTAGTCATAATCCAGGTCTATCAGAGAAATCACCACAACCCATTTAAATGAATTTGATAATCATTCTCGTTTGGCATAGCATGAAACATAGCAAAGGCTATGTTTTAGAGGCACAAGATGACGAACTATCGCGTTGAGAGTAGCAGCGGACGGGCGGCGCGCAAGATGAGGCTCGCATTAATGGGACCTGCGTTCATTGCGGCGATTGGTTATATCGATCCCGGTAACTTTGCGACCAATATTCAGGCGGGTGCCAGCTTCGGCTATCAGCTACTGTGGGTTGTCGTTTGGGCCAACCTGATGGCGATGCTGATTCAGATCCTCTCTGCCAAACTAGGGATTGCCACCGGTAAAAATCTGGCGGAGCAGATTCGCGATCACTATCCGCGTCCCGTAGTG
NZ_CP010206.1_gap20	777727	780618	2891	GCAGGGCCAACAGTTGATGGCGGAGATTCATGCTTTGCCCATTCCGGTTATCGCGGCTATTCATGGCGCTTGCCTGGGTGGTGGGCTGGAGTTGGCGCTGGCGTGCCACGGTCGCGTTTGTACTGACGATCCTAAAACGGTGCTCGGTTTGCCTGAAGTACAACTTGGATTGTTACCCGGTTCAGGCGGCACCCAGCGTTTACCGCGTCTGATAGGCGTCAGCACAGCATTAGAGATGATCCTCACCGGAAAACAACTTCGGGCGAAACAGGCATTAAAGCTGGGGCTGGTGGATGACGTTGTTCCGCACTCCATTTTGCTGGAAGTCGCTGTTGAGCTGGCGAAGAAGGATCGCCCATCTTCCCGCCCTCTACCTGTACGCGAGCGTATTCTGGCGGGGCCGTTAGGTCGTGCGCTGCTGTTCAAAATGGTCGGTAAGAAAACAGAACACAAAACTCAAGGCAATTATCCGGCGACAGAACGCATCCTGGAGGTTGTTGAAACGGGATTAGCGCAGGGCACCAGCAGCGGTTATGACGCCGAAGCTCGGGCGTTTGGCGAACTGGCGATGACGCCACAATCGCAGGCGCTGCGTAGTATCTTTTTTGCCAGTACGGAAGTGAAGAAAGATCCCGGTAGTGATGCACCGCCTGCGCCATTAAACAGCGTGGGAATTTTAGGTGGTGGCTTGATGGGCGGCGGTATTGCTTATGTCACTGCTTGTAAAGCGGGGCTTCCGGTCAGAATTAAAGATATCAACCCGCAGGGCATAAATCATGCGCTGAAGTACAGTTGGGATCAGCTGGAGGGCAAAGTTCGCCGTCGTCATCTCAAAGCCAGCGAACGTGACAAACAGCTGGCATTAATCTCCGGAACGACGGACTATCGCGGCTTTGCCCATCGCGATCTGATTATTGAAGCGGTGTTTGAAAATCTCGAATTAAAACAACAGATGGTGGCGGAAGTGGAGCAAAATTGCGCCGCTCATACCATCTTTGCTTCGAATACGTCATCTTTGCCGATTGGTGATATCGCCGCTCACGCCACGCGACCTGAGCAAGTTATCGGCCTGCATTTCTTCAGTCCGGTGGAAAAAATGCCGCTGGTGGAGATTATTCCTCATGCGGGTACATCAGCGCAAACCATCGCCACTACGGTAAAACTGGCGAAAAAACAGGGCAAAACGCCCATTGTCGTGCGTGACAAAGCCGGGTTTTACGTCAATCGCATCTTAGCGCCTTACATTAATGAAGCTATCCGCATGCTGACCGAAGGTGAACGGGTAGAGCACATTGATGCCGCGCTAGTGAAATTTGGTTTTCCGGTAGGTCCAATCCAACTTTTGGATGAGGTAGGAATCGACACCGGGACTAAAATTATTCCTGTACTGGAAGCCGCTTATGGAGAACGTTTTAGCGCGCCTGCAAATGTTGTTTCTTCAATTTTGAACGACGATCGCAAAGGCAGAAAAAATGGTCGGGGTTTCTATCTTTATGGTCAGAAAGGGCGTAAAAGCAAAAAACAGGTCGATCCCGCCATTTACCCGCTCATTGGCGCACAAGGGCAGGGGCGACTCTCCGCACCGCAGGTTGCTGAACGGTGTGTGATGTTGATGCTGAATGAAGCAGTACGTTGTGTTGATGAGCAGGTTATCCGTAGCGTGCGTGACGGGGATATTGGTGCGGTATTTGGCATTGGTTTTCCGCCATTTCTCGGTGGACCGTTCCGCTATATCGATTCTCTCGGCGCGGGCGAAGTGGTTGCAATAATGCAACGACTTGCCACGCAGTATGGTTCCCGTTTTACCCCTTGCGAGCGTTTGGTCGAGATGGGCGCGCGTGGGGAAAGTTTTTGGAAAACAACTGCAACTGACCTGCAATAAGAAGGTCAAAGCTATATGAATCCGCGCTGAATGGCGGAGTGTTGGTCAAAATGTAAACGCATATTGACTATACTTACGCCATTGAGGTAAAAAACAGCGTTTCATTCGGTGAATGGATAAGGCACAATGCCGGCCACCGTTTTCTTTCTCTGGTTTCAGATGAAAGAAAACGGGCGAATCTGGTTAACAAAAGCGGTGCAATATGCAAGTTTTTATCATGCGTCACGGCGACGCAGCCCTCGATGCCGCCAGTGATTCCGTTCGTCCTCTGACCACTAATGGTTGTGACGAATCTCGCCTGATGGCGAACTGGCTGAAAGGTCAAAAAGTGGAAATCGAACGCGTTCTGGTGAGCCCGTTCCTGCGAGCCGAGCAAACACTGGAAGAAGTAGGGGATTGTCTGAACCTGCCTTCCAGTGCAGAAGTTCTGCCGGAGTTAACGCCCTGCGGCGATGTTGGTCTGGTCAGTGCCTATTTGCAGGCGTTGACCAATGAAGGTGTTGCTTCGGTACTGGTGATCTCTCACTTACCGTTAGTCGGGTATCTGGTTGCCGAGTTATGTCCGGGCGAAACGCCGCCTATGTTTACCACCTCGGCCATTGCCAGCGTAACGCTTGATGAAAGCGGAAACGGTACATTCAACTGGCAGATGAGCCCGTGTAATCTGAAGATGGCAAAAGCTATCTGATGTGTTCCAAATTATGCCCAATGAGGTAGATTCATTGGGCATAATTGCTCATCAGGCAGCGGATATCTGTCAACCTCACTACTATCGAAGACTCTCCTTATCTATAAATAAAACACTTTCTACATTCATTCGGAAATTATTCTTCTGCGCGTATCTTGATTTTGCCCAAAGTTACATGTTGAAATGAATAATGTCTGTTTGACACTCATTGTCATTTATTAATACAGATAATAGAGTTGAATAATCAGGCAGGATGTAATTGAAACTTGATTAAATTCTGGCTATAGTGTTTATATATTATATTGTCAAAAGTGGATAAAT
NZ_CP010206.1_gap21	784599	787015	2416	GATCGTGAAAGCCTGTTCTACTTCAACGTGCGTGAGATCCCGCCAAAATCAAACAAAGCCAACACGCTGCAAATAGCACTACAAACGCGTATTAAGTTGTTCTGGCGACCGAAGGCGCTGGAGAACGTCAGCATGAAAAACCCCTGGCAATATAAGGTTACTTTAACCCGCAACGGTCAGGAATTTACCGTCAATAACCCGACACCGTATTACGTCATTTTCAGTAATGCCAGCACACAGAAAAATGGCAATCCGGCAGCCGGTTTCTCGCCAATAGTGATGTCGCCGAAAACCTCTGCACCGCTGAATGTGAAGATGGGTAGCGTGCCGGTACTGACCTATGTCAACGACTATGGCGCTCGGATGCCGCTCTTTTTCACTTGCAACGGTAACAGTTGCCAGGTCGATGAAGAGCAGAGCCGCAAAGGCTGAGGCCGGGAGAGCCAGTATGAAAGGATCTTGTTCTGTCTGGGCGGTAACTGGGTTACTGATATGTTGTGTTGGTAGCGGCTTTGCAGTTGCAGCGAGTAAGTCAGTAAGTATGAATTTACGGGTGCTTGTCGATGCCCCTCCTCCTTGTACGGTAAATGGTGCGGCAGTTGAGTTTGGTAATGTATTCATTAATAAGATCAATGGGGTTGATTATAAACGTCCCATTGACTACTCGCTTGTTTGTAACAATCTGGCAATGGATGACCTGCGTCTACAGATGCAGGCGACAACGGTCGTGATTAACGGTGAAACAGTTATCAGCACGGGGATTCCTGGGTTTGGTATTCGGGTTCAGAAAAGTAGTGATCACACAATACTCGACTTAACCTCTGGCTCATGGTTGCCATTTAATTTTTCCTCGGGAGTTCCCGTTCTGGAAGCTGTGCCGGTGAAACAGAGTGGTACAACGTTAGCGGCAGCTGAATTTAACGCCAGTGCCACAATTGTGGTGGATTACCAATGAAACGGATCTCGCTTATTTTGCTGTGGGGCTTTTGCTCGATGGCACTCTCAAACGTCTCTTTTCACGGTTATTTAGTGCAGCCACCTAACTGCACGATTAGCAACGCTCAAACCATTGAAATAACTTTTCAGGATGTGCTTATTGATGACATTAATGGCAGCAATTATGAGCAAACCGTGCCGTATTCCATTACCTGCGATACGGCGGTTCGCGACCCATTAATGGAAATGACCTTGAGCTGGAGTGGCACACCAAGCGATTTTGATAATGCTGCAGTAAGCAGCAATATCACTGGTTTAGGCATTCAGCTCAAACAGGCAGGGCAGAGTTTTACGATCAATACGCCACTTGTGGTGAATGAAACCGATTTACCGGTGTTAACGGCTGTGCCAGTAAAAAAGAGTGGTGTCGTTCTGCCAGAGGCGGACTTTGAGGCCTGGGCCACGTTACAGGTAGATTACCAATGAAGAAAAAGCGTACGTTGTTTTTTATTAGTAGCCTGATGTTGCTGGGCAGTGGAACCACAATAGCAGGAGATAATTTGCACTTTACCGGCAATTTAATCAGTAAATCGTGTACGCCAGTGATTAATGGTAGCCAGTTGGCAGAAGTACATTTTCCTGCCATTGCCGCCAGCGATTTAATGAACCTTGGGCAGTCAGAGCGAGTGCCATTGGTGTTTCAATTGAAAGATTGTCATAGTTCTACATTGTTTAATGTCAAAGTAACGTTGACAGGAACAGAAGATAGTGCTCTACCCGGCTTTCTGGCCTTTGACTCCTCGTCATCAGCATCCGGCGCTGGGATTGGTATTGAAACTGCGGCAGGCACATCGGTGCCAATCAACAATACAACAGGCGTCACGCTCCCGCTGAATCAGGGAAATAACAGCCTAAATTTTAATACCTGGTTACAGGCAAAGAGCGGGCGAGATGTAACGCCCGGAGACTTTAGTGCCACAGTGACGGCAACCTTTGAGTATTTCTGAAATGAAAAAATGGACCATAATTTTCGCGAGCCTAATGCTGCTCGTTCTGAGTGTTGTCGGCGCATCTAAGAGTTATGCTGGAGATAAACTTATGAGTGCGAGTTTTGACAGTGTGAGAGTTTATTATGCCATGGACAAGGTAACCGGTGCTGTAGCGAGCAGTGTTTTCAATGTTACGGTGATAACGCCAAAGGAGGTTGCATATGGGAAATATGATTCTTTTGCGTATAAAGGCGATACGTTGCGGGTTATTTCCTGGTCTGGGTCGGGTTCAGCTCCAACTTTGGTACTGACTGACTTTGATACAATTAATAACTCAAATTGCCCTGGCATAGATACGAAAATTTTTCGTTGTGCATATATGACGTTTAAAATTACCGTTGCATCTGATGATTATGGTTGCCCTTGGATCGCATCCTTTTATTCCTATACAGATTTACCCGGATTTGGAAGCTATACGGCCCCTACAGTGC
NZ_CP010206.1_gap22	790430	792306	1876	GTCGGCGCTGACACGTTGCCGATACAGTCCGAACATTATCAGGTCATGCGTACCGATCAGCGTCGCTATTTCGGTCACCCGGATCTGGTGATGTTTATCCAGCGTCTGAGTAGCCAGGTGAGCAATCTGGGCATGGGTACGGTGCTGATTGGCGATATGGGGATGCCCGCTGGTGGGCGTTTCAACGGCGGTCATGCCAGCCACCAGACCGGACTGGATGTCGATATCTTTCTGCAACTGCCGAAAACTCGCTGGACCTCCGCGCAGCTCTTGCGCCCGCAAGCACTGGACTTAGTTTCCCGCGACGGTAAACACGTTGTTCCGACGCTGTGGAAGTCAGAAATTTTCAGCTTGATCAAACTCGCCGCCCAGGACAAAGACGTCACACGCATTTTTGTTAATCCGGCGATTAAACAACAACTTTGCCTTGATGCGGGCACCGATCGCGACTGGTTGCGCAAAGTGCGACCCTGGTTCCAGCATCGCGCGCATATGCATGTACGATTACGTTGTCCTGCCGATAGTCTGGAGTGTGAAGATCAACCTTTACCGCCACCAGGCGATGGTTGCGGGGCAGAACTGCAAAGCTGGTTTGCACCTCCAAAACCGGGAACAACAAAGCCTGAGAAGAAGACACCGCCTCCGTTGCCGCCTTCCTGCCAGGCGCTACTGGATGAGCACGTGATCTAATGGAAACGTTTAATAGCCTGTTTATGGTTTCCCCGCTGTTGCTGGGAGTTCTCTTTTTTGTCGCCATGCTGGCGGGATTTATCGACTCGATTGCCGGTGGCGGTGGGTTACTCACCATTCCGGCATTGATGGCGGCAGGGATGTCTCCCGCTAATGCGCTGGCAACCAATAAACTGCAAGCCTGCGGCGGCTCTATTTCCGCCACTATCTACTTTATTCGCCGCAAAGTGGTTAGTTTAAGCGATCAGAAACTCAATATCGCCATGACCTTTATCGGCTCAATGAGCGGCGCACTGCTGGTACAGTACGTTCAGGCTGATGTCTTACGGCAGATTTTGCCCATTCTGGTGATTTGTATCGGCCTCTATTTCTTGCTGATGCCAAAGCTGGGTGAAGAAGATCGCCAGCGCCGGATGTACGGTTTACCCTTCGCGTTAATTGCCGGTGGCTGCGTCGGTTTTTATGACGGATTCTTTGGCCCGGCTGCCGGATCGTTTTACGCGCTGGCCTTCGTTACGCTGTGCGGATTCAACCTCGCCAAAGCCACGGCTCACGCCAAATTACTCAACGCAACGTCAAACATTGGCGGTCTGCTGCTGTTTATTCTCGGCGGCAAAGTGATTTGGGCGACGGGCTTTGTGATGCTGGTGGGGCAGTTCCTCGGCGCGCGCATGGGTTCACGGCTGGTGTTGAGCAAAGGACAAAAGCTGATCCGCCCGATGATTGTTATCGTCTCGGCGGTGATGAGTGCCAAATTACTTTACGATAGCCACGGACAGGAGATCCTCCACTGGTTGGGGATGAACTAATGAACAGTACACACCACTATGAGCAGTTGATTGAAATTTTTAATAGCTGCTTTGCCGATGAATTTAATACCCGTCTGATTAAAGGCGACGACGAACCGATCTATCTTCCTGCTGATGCGGAAGTACCGTATAACCGAATTGTCTTTGCCCACGGCTTTTATGCCAGCGCAATTCATGAGATTTCGCACTGGTGTATTGCCGGAAAAGCGCGCCGTGAGCTGGTTGATTTCGGCTACTGGTATTGCCCGGATGGGCGTGATGCCCAAACGCAAAGCCAGTTTGAAGATGTTGAAGTGAAGCCGCAGGCACTCGACTGGTTGTTCTGTGTGGCGGCGGGATATCCGTTTAACGTCAGTTGCGACAATCTGGAAGGCGAC
NZ_CP010206.1_gap23	862548	865297	2749	GAAGAGGTGAGTGAAGCATCGCCCGCGCACAGCCAGGCACCCCATGCCATTTTCTGTCTGGTGCTAATGGTGGCGTTAATGCTGACAGATGAAATTCCTAATCCTGTTGCCGCTATCATCGCCTGCCTGCTGATGGGGAAATTCCGCTGTATAGATGCTGAAAGCGCCTATAAATCCATTCACTGGCCGAGCATTATTTTGATCGTTGGGATGATGCCGTTTGCTGTGGCATTACAGAAAACGGGAGGTGTCGCGCTGGCGGTGAAAGGGCTGATGGACATTGGCGGTGGTTACGGGCCACATATGATGCTGGGTTGTTTGTTTGTCTTGTCGGCGGTTATTGGGCTATTTATCTCTAATACCGCGACGGCGGTGTTGATGGCTCCGATTGCGCTGGCTGCTGCCAAAACGATGGGGGTGTCGCCTTATCCATTCGCGATGGTCGTGGCGATGGCAGCATCCGCCGCCTTTATGACACCGGTTTCTTCACCTGTTAACACACTGGTTTTAGGTCCGGGAAATTACAGCTTCAGTGACTTTGTGAAGTTGGGGGTACCGTTCACCATTATCGTGATGGCGGTTTGTGTGGTGATGATCCCGATGCTGTTTCCGTTTTGACAAGAGCCTGATGTCGCATCCGGCGCTTATTGCCTGATGCGACGCAGACTCCGGCTGCTTACAGCGGTGAATCCTGGCTAATCTCATCGAGCGAAAGATGGAAGCTGGGAACAAATACTTCCATGAAGTAGTCCATCTCCTGGCTGCGACGCGCTTCAAGCGTCGCTTCCAGTCGCGTTTTTGCCAGCAAGAATTCATTATTTCCGGCCGCGAGTTCTTCCAGACATTTCAGATATGCACACAGTGCATCTGCCTGTTTCACCAGCGATTTTTCTTCATCGCTATATGCATGCTCGTCAATTAACGGCGCAAAGATATCCCGCAGCTCTTCCGGAACCATATCGACCAGTTTTTGCTGAGCGATTTTTTCAATAGCCTTGTACTCCTGAGCGATTTGCGAATTGAAGTATTTCACCGGAGTAGGGAGATCGCCGGTGAGCACTTCTGAGGCATCGTGGTACATCGCCAGTAAAGCGATACGTTCGGCGTTGACATTACCGCCAAATTTCCGATTTTTGATAGCTGCCAGCGCATGGGCGACCATCGCTACCTGCAAACTGTGTTCGGACACATTTTCCGTCCGCACGTTGCGCATGAGCGGCCAGCGGTTAATGAGTTTCAGGCGGGAGAGATGGGCAAAAAAATGGCTCTGTTTCATAGTGACCTTACGTATGATGACATCATCAGGTCATTGTGGCGGGATAACGCTGCCGGATGCAATCTCCGGCAGTGAAATTAAGATTACAGCTGATGATAACCAGAAAGGAAACGCGCGAACTTGCTCAAAGACAGCTCGATATCATCGACACGCGGTAGCGTGACAATGCGGAAGTGATCCGGCCACGGCCAGTTGAATGCCGTCCCTTGCACCAACAGAACTTTTTCCTGCAACAGGAAATCCAGCACCATTTTCTGATCGTCGTGAATGTTAAAGCGTTTGGCGTCGATTTTCGGGAACATATACAGCGCACCACGAGGTTTCACGCAGGAAACGCCCGGAATATCGTTGATCAGTTCCCACGCGCGGTTACGCTGCTCATAAAGACGACCGCCAGGGGTAATAAATTCACTGATGCTCTGATAACCACCCAGCGCGGTCTGAATGGCGTGTTGCGCAGGAACGTTAGCACACAGGCGCATTGAAGCCAGCATTTCCAGACCTTCGATGTAGCCTTTGGCGTGTTTTTTCGGCCCGTTCAACACCATCCACCCCTGACGGAAGCCTGCAACGCGGTACGTTTTCGACAGTCCGTTAAAGGTAATGGTCAGCAGGTCAGGTGCCAGCGGCGCAATTGAGTGATGCTCAGCGTCGTCGTAAAGAATTTTGTCATAAATTTCATCGGCGAAGATAATGAGATTATGCTGACGTGCAATCTCCACAATCTCCATTAAAAGCTCTTTGGAATATACCGCGCCGGTTGGGTTATTTGGGTTGATTATAACGATCCCACGCGTACGAGGCGTAATTTTAGCGCGAATATCATCGAGGTCCGGGAACCAGTCAGAGGATTCATCGCAAAGATAATGCACCGCTTTACCGCTGGAAAGCGAAACCGCCGCGGTCCATAGTGGGTAATCTGGTGCAGGAACCAACATTTCGTCCCCGCTGTTCAGCAATGCCTGCATTGCCTGAACGATAAGCTCCGATACACCATTGCCGATGTAAATATCTTCCACGGTAACATCACGCATGCCACGAGCCTGGTAGTGCTGCATGATGGCTTTACGCGCGGAGTAAAGACCTTTGGAATCGCAATACCCTTGAGCGGTAGGCAGGTTGCGTATCACGTCAACGAGGATTTCATCTGGCGCGTCAAAACCGAACGGGGCTGGGTTGCCGATGTTCAGTTTCAGTACCTTGTTACCTTCTTCTTCCAGGCGTTTTGCTTCTTTCAGCACCGGACCACGGATGTCATAACAGACATTCTCTAATTTGCTGGATTTTTCAATGGGGGACATGAATCTTGACCTTTTTTGCTGTTATCGCCACTCCCTGCCGTGGAAGTCAGCTTAGAACAATGTACTCCCCCAGGACGGTGTTTTGAAGGTCTGCAGAATAAGATTTTGCCAGAGGGGAAGGCTCGATTGTGCTGTTAATAACTTAATAATGACAAAATAATGAGGTGTATAT
NZ_CP010206.1_gap24	972935	976587	3652	ATTTTCATTATAAAGACGGAATTTTGCATCAGCTTCTCATCAAGAAAAACAACTAAAAAATCAATCACAATACTTGTGCATTTCTTTAAACAGTTTTTAAAAACTGACTCCGGGTATGGAGCTATGGGTATTTTCCGTACCCAATGCTTTTAACAGCAATTAATTTCATAGGATGAAAGCTCAATTCATCAATCTGGTTCTGTTTCTCTTTGTCGTTCCGCAATATCTGTTCTGGTGGCTACAGCGTTATATTCACCCATAGCATTGGCATCAACAGTTGAGTATGGTGAGACAGTTGATGGTGTTGTCCTGGAAAAAGATATCCAGCTGGTTTATGGGACCGCCAATAATACGAAAATCAATCCTGGCGGAGAACAGCATATAAAAGAATTTGGTGTAAGTAGTAATACTGAAATTAAAGGAGGGTATCAGTACATTGAAATGAATGGTACCGCAGAATACTCAGTATTAAATGACGGTTATCAAATTGTTCAAATGGGTGGCGCGGCAAACCAGACTACCCTCAATAATGGTGTGCTACAGGTTTATGGCGCAGCGAATGATCCCACGATTAAAGGCGGGCGCTTAATCGTTGAAAAAGATGGGATTACCGTCCTTGCCGCTATCGAAAAGGGAGGATTACTGGAGGTTAAAGAGGGGGGATTAGCGATTGCGGTAGATCAGAAAGCAGGCGGTGCTATTAAAGCAAGCACGCGGGTCATGGAGGCATTCGGAACAAACCGTCTCGGTCAGTTCGAAATCAAGAATGGTATTGCTAACAATATGCTGTTGGAAAACGGCGGAAGTTTGCGAGTTGAAGAAAATGACTTCGCTTATAATACTACTGTAGATAGTGGCGGCTTACTGGAGGTTATGGATGGCGGGACTGTAACTGGCGTTGATAAAAAAGCAGGCGGAAAATTAATTGTCTCAACGAATGCGCTGGAAGTGAGTGGTACAAACAGTAAAGGCCAATTTAGTATAAAAGATGGTGTGTCAAAAAATTATGAACTGGATGATGGTTCCGGGCTCATTGTTATGGAGGACACGCAGGCCATTGATACTATCCTTGATGAGCATGCCACTATGCAATCGCTGGGAAAGGATACTGGTACGAAAGTGCAGGCAAATGCGGTATATGATCTCGGTCGATCAGATCAGAATGGAAGTATCACGTATTCCTCAAAAGCCATTTCTGAAAATATGGTTATCAACAATGGCCGCGCTAACGTCTGGGCTGGCACAATGGTTAACGTTTCAGTCAGAGGGAATGATGGCATTCTTGAGGTCATGAAGCCGCAAATAAATTATGCACCCGCAATGTTGGTGGGTAAGGTAGTGGTTGCTGAGGGCGCTTCTTTTAGAACGCATGGTGCCGTGGATACCGGCAAAGCGGACGTTTCGCTCGAAAATAGCGTATGGACCATCATTGCCGATATCACTACGACGAACCAAAACACCCTCCTCAACTTAGCCAACCTTGCGATGTCTGACGCAAATGTGATTATGATGGATGAGCCAGTGACTCGTTCATCAGTGACGGCAAGTGCGGAAAATTTCATTACGTTGACCACCAATACCCTGTCGGGAAACGGCAATTTTTATATGCGTACCGATATGGCTAATCATCAGAGCGATCAGCTCAACGTCACCGGACAGGCAACAGGTGATTTCAAAATATTCGTGACGGACACCGGTGCCAGCCCGGCAGCAGGAGATAGCCTTACACTGGTAACAACGGGCGGCGGTGATGCTGCATTTACGTTGGGCAATGCCGGAGGCGTTGTTGATATCGGTACGTATGAATATACCTTGCTGGATAATGGCAACCATAGCTGGAGTTTGGCAGAGAATCGCGCGCAAATTACCCCTTCAACCACTGATGTGCTGAATATGGCGGCAGCACAACCGCTGGTATTTGATGCAGAACTGGACACCGTGCGTGAGCGTCTTGGTAGCGTAAAAGGCGTTAATTACGATACGGCGATGTGGAGTTCGGCAATTAACACCCGCAACAACGTGACCACTGATGCGGGCGCTGGCTTTGAGCAAACATTGACCGGGCTGACGCTCGGTATCGATAGCCGTTTCTCCCGTGAAGAAACCAGCACAATTCGCGGCTTGTTCTTTGGTTACTCTCATTCTGATATTGGTTTTGATCGCGGCGGCAAAGGCAATGTCGATAGCTATACCCTGGGGGCTTATGCCGGTTGGGAGCATCAGAACGGTGCCTATGTTGATGGAGTGGTGAAAGTTGACCGTTTTGCCAACACCATCCATTGCAAGATGAGTAATGGGGCAACAGCGTTTGGCGATTACAATAGTAACGGCGCGGGTGCTCATGTCGAGAGCGGGTTCCGTTGGGTTGACGGATTGTGGAGTGTTAGACCCTATCTGGCCTTTACCGGCTTTACCACAGATGGTCAGGACTACACGTTATCAAACGGCATGCGCGCGGATGTGGGAAATACCCGGATATTACGCGCTGAAGCGGGAACGGCGGTAAGCTATCACATGGACCTGCAAAACGGTACGACGCTGGAACCCTGACTGAAAGCCGCCGTGCGTCAGGAATACGCCGATTCTAACCAGGTGAAAGTTAATGACGATGGCAAATTTAATAATGATGTGGCTGGAACCCGTGGCGTTTATCAGGCTGGGATAAGGTCATCGTTTACCCCGACGTTAAGCGGTCATTTGTCAGTCAGCTATGGCAATGGCGCAGGGGTAGAATCGCCGTGGAATACTCAGGCGGGTGTGGTCTGGACGTTCTGATAACAAAAAATAAACAGGCTGTGATGTGTCACGGTCTGTTTATCGAATTAATTGCAGATATAAAAAAAACCAACCGTAAAGGTTGGTTTTTTCTTGGGATTTTTGGTCGGCACGAGAGGATTTGAACCTCCGACCCCCGACACCCCATGACGGTGCGCTACCAGGCTGCGCTACGTGCCGACTCGTGGCTGCTAATACTACCGTTTTCCACACCGATTGCAAGTAAGATATTTTGCTAACTGATTTATAATTAATCAGTTAGCGATAAAACGCTTCTCGTCTGTCAGCACTTGCAATAACAAACTTAACTGTGGTTTTTCATCTTTCACTCTTTCACCACGTAAGTTGTAAGTGCGGTATTTACCGTTATTGTTCAGCACCAGCGTCTTTTTCGGGGTGGTAATTGCCAGCGTATCGTTATCCGCTGCAGTAACCCAGTAATGACGGCGTTGAGGGTTGAACAAATCCTGACCTTGCGAATATTCGCTGGCAGGTGTGCTGACATGTAGCAGGCGTTGCATCAGCGTCGTCATCAGATCGGTATGATCAGTCAGAGCATTAATACGCTGCGCCGGCGTGCCTGGCCAGTGAATCACTAATGGCACCTGCAGATGACCGTGGGACCAGTCAAAGGTTTCTTCGTCTTCGCTCAGCGGAATACCCCGACCGGCAGTGATAATCACCACCGTATTGTCCAGTTTGCCAGAATCACGCAGTGCATTGAGCACGCGGTTGATCTGGTCATCGACATTGCCTGCCGCCCGGCTATATTTCCGTGCAAATGCCTGCTGATTGCTGTCGTCAATGTTAGTGCCATTGAAAGAGACCCACGAGAACCAGCGGTTATCTTCTTGTGCGTAGCGGCCCAGCCAGTTGA
NZ_CP010206.1_gap25	1026331	1027341	1010	GCTGACGCAGGGCGGCCAGATTCTCTTCCAACGGATGTTCAGCAATCTGCTCCATATTTTTGAAGCCGATAAAACCGGTATCTTCTTTCACCAGATGATCAAAACGCGGCGAGACTTCGTTGGCGATAAAAAAGCCGATCGTTTTAAACACCACGCCGCCCCAACCTGTGTCGTAGGCTTTGGCACACATCTCATAGCAGTTGCCTACAGGCGAAGAAGAGAGGCAGAACGGGTTGGGAAACTTCACGCCGCAAAAAGTAATCGAAAGATCTTTCGTTAACATGAGCAAGCTCCCTCTAAATAGTGATGAATCGCCTCGGCGGCTTCTTTCCCGGTTTTCACGGCATAGACCACGGTTTTGTCACCCTCAACAATATCGCCAGCAGCAAAGACTTGCGGATCGCGGGTCTGATAATTTTGTGTTTTGATGGTGTTACGCTGCGGCTCTAACTCCGCAAAGGCATCCAGTCTGGCATGCTGACCGACGGCGAGAATAATTTTATCTGCCGCCATCGTCAGTTCGCCCGGTAACCGTACATGCTTAAACGTGACTTTATTGCCTTCCACGGCTACTGGCGTGAATCCATCGATGATCGAAACGCCCAGCTCCCGGGCGCTGGCAAACTCTTTTTCGCTTGCCGGAAACTCATCTAACTCTTCACGCGCTACGCAGGTTACCGCCTGACAGCCGAGAACTTTCAGCGTGCTGGCTACGTCCATCGCGACATCACCGCCGCCGATAATTAATGCGCTTTGTGGAATGCTGATATCGCCTTGCGCCTGTCGTACACGTTGCAGGAAGTCGACGGCAATCTCAACGTCACTATGCTCAAACAGCGGTAGCCCGGAACCGCTTGATAACCCCACGGTGACCAGTACCGCGCGGTTTTCTGCTTTCAGCTGCTCAAGGGTGAGTGTGTTACCGACTTCGTTGTTGCACTTAATGGTCACGCCCATTTTTTCAATACGGGCGATCTCTGCATCCAGCACTGATTGCGGTAACCGGAATT
NZ_CP010206.1_gap26	1041037	1042723	1686	TGGACGATGCTGCCCGCCATGTACTGAACGTTAAATATGATATGGGATTGTTTAACGACCCATACAGCCATTTGGGGCCGAAAGAGTCTGACCCGGTGGATACCAATGCCGAAAGCCGCCTGCACCGTAAAGAAGCGCGTGAAGTGGCGCGCGAAAGCCTGGTGTTGCTGAAAAACCGTCTCGAAACGTTACCGCTGAAAAAATCGGCCACCATTGCGGTGGTTGGGCCACTGGCGGACAGTAAACGTGACGTGATGGGCAGCTGGTCCGCAGCCGGTGTTGCCGATCAATCCGTGACCGTACTGACCGGGATCAAAAATGCCGTCGGTGAAAACGGTAAAGTGCTGTATGCCAAAGGGGCGAACGTTACCAGTGACAAAGGCATTATCGATTTCCTGAACCAGTATGAAGAAGCGGTCAAAGTCGATCCGCGCTCGCCGCAAGAGATGATTGATGAAGCGGTGCAGACGGCGAAACAATCTGATGTGGTGGTGGCTGTAGTCGGTGAAGCACAGGGGATGGCGCACGAAGCCTCCAGCCGGACCGATATCACTATTCCGCAAAGCCAACGTGACTTGATTGCGGCGCTGAAAGCCACCGGTAAACCGCTGGTGCTGGTGCTGATGAACGGGCGTCCGCTGGCGCTGGTGAAAGAAGATCAGCAGGCTGATGCGATTCTGGAAACCTGGTTTGCGGGGACTGAAGGCGGTAATGCAATTGCCGATGTATTGTTTGGCGATTACAACCCGTCCGGCAAGCTGCCAATGTCCTTCCCGCGTTCTGTCGGGCAGATCCCGGTGTACTACAGCCATCTGAATACCGGTCGCCCGTATAATGCCGACAAGCCGAACAAATACACTTCGCGTTATTTTGATGAAGCTAACGGGGCGTTGTATCCGTTCGGCTATGGGCTGAGCTACACCACTTTCACCGTCTCTGATGTGAAACTTTCTGCGCCGACCATGAAGCGTGACGGCAAAGTGACTGCCAGCGTGCAGGTGACGAACACCGGTAAGCGCGAGGGGGCCACGGTAGTGCAGATGTACTTGCAGGATGTGACGGCTTCCATGAGTCGCCCTGTGAAACAGCTGAAAGGCTTTGAGAAAATCACCCTGAAACCGGGCGAAACTCAGACTGTCAGCTTCCCGATCGATATTGAGGCGCTGAAGTTCTGGAATCAACAGATGAAATATGACGCCGAGCCTGGCAAGTTCAATGTATTTATCGGCACTGATTCCGCACGCGTTAAGAAAGGCGAGTTTGAGTTGCTGTAATGCTTTAGTAAGGGCGCGACGTTTGCGCCCTTTGTAGGCCGGATAAGGCGCTCGCGCCGCATCCGGCAGGAAACGCCGGACCGAATATGCCTCTTAAGTATTTATCTGATTCTGCAACTGAATCCTTCCGCTCAGGCTAACCCCGCCATTATCAACTATGCTTTTCTCTTAATTCGCTGAAAACAACAGTAAAAGAATGAGGAAAGCATCATGCCACTCTTAAAGCTCTGGGCAGGTTCACTGGTTATGTTGGCAGCCGTGAGCCTGCCGCTACAGGCGGCTTCCCCCGTTAAAGTCGGTTCAAAAATCGATACCGAAGGTGCGCTACTCGGCAATATCATTTTGCAGGTGCTGGAAAGCCACGGCGTACCGACGGTGAATAAAGTGCAACTCGGAACGACTCCTGTGGTGC
NZ_CP010206.1_gap27	1058047	1061686	3639	TTCAACGCACCATTTGACCGGGATGTGAATATTTATGTTGGGCTATTGGCAAAAAATATCTGGAAAGTAGATCGCAGAAAATAAAAAAACCTGCTGGTGAGGCAGGTTCTTTTATTTACTACAGTGACGCTAACTTGCTGATTGTGCAACATTTCGTACCAACGAATAAATTATAACCATATCCACACTCCATTGCAATTCAGTGAGTGAGATTTATAATCCTGCCCGTTGGGAGGTTGTGCCGGATCGGACCAATTTTAAGTCCTGGCTGCCGGACGGGTGGTGCCGCAGGCGGTGCCCTGATCCGGAGAGCAACGTTTCGTACCAACATACGTAAACCAGTATCAACAGGCAGTGTAAGGGTAAGGTGCTGGTGTTGCGCTCCTTAATAAGGAGAGCGGATGGACACGCTGACACAAAAGTTAACCGTGCTCATTGCCGTACTGGAGTTATTAGTGGCTCTGTTACGGTTGATTGATTTGTTGAAGTAACGGGCAAATTGAAACGCATCTAAGGGGGAATACCGTTTCCCCCTTTAAGAAAGCTATACTCGTCATACTTCAAGTTGCATGTGCTGCGACTTTAATTATCTAGAGTATATTATTCTATTTCTTGGTTGAATATATTCTGTAGTTCACGATTAAAAATTGCTATTACAGTTTCAGGTGATTCACCTCGTAATTTCCGCTCATCAATACACTCATCTCTTATATAAATCAACGCATCATTTATTAGCGGGTCAGCATCTTCTCGATCACGTTGATGAAATGTTGGATGTAGCCGGAATCGCTCCAGTCGATAGACGGAACCTGTAAATAATTCAGAGCATTTATGGATCTCAAGTCTGAAGGAAAACGGATCTTCAGGTACAGGGACCTCATAATCGTAAATAGCAACTAGCTCTTTTTGCACGATCATCGCTTTCCCCGCTGGTAAGTCGTGTAGATAACGGGCAGTCGCATCACTGCCCGCTGTGTTTTAATGGAAAATGACGTCAGGTGCGCTTAACGCCTCACTCAAATCAAACACATCAAGTTCGGCAAAAGTGACGGATTTATTGTCACGGTACACTCGAAGAGAACGGAAGCTCATTAGCGCTTTGCTATCAACATTGTAGTGGTTAAAACCGGGTGAAAACTTAAGGACCAGCCGGTACTCGCCCAGGTCATAGACAAATGCATCCTCATAGCCTGACTCCCAGCCTTTGTATCGCATTCCCATAAGCTGCCCAACGGTAGCGGATTTACCTTCCCAGCGAGTCAGGCTGTTACTGGTTGACTCATCAGGTGTGAGCAGCACCGTGCACCGCGCCAACTGGCGAAAAGGCGGCATAATTTCGTAATCGGCAAAAAGCTGTGCAAATTCACTGCGCATTTCTACTGTCATTTCTAACGGGTGGGCAATGCCAATCAGAGCGTCCGCAGGCAGGTCAATTGGCTCATCTTGCGCATTGCAGAACTCCCCCTCTGCGGCCACACGAAAGGCGTTGAGTAAACAACGCGGTTCATTTGCCGGATAAGCCCCCATATTAATCGCTGGGTAACCAGACGGGTAAAGGGATGATTAACAAACAGAGAATGAAAATCTGCCAGCGACCAGCGTCGGGTGGTACGTAGGGCCGTTTCAAGACGCGGGAGCAGGTTTTTGCTCACCTGAGTGGCATCTTTTTTTAGCCCTTTTAGTCGGGCCAGTGCCTCGGGCGCTTTCAGTTGATCGTCATCGGCGCGCAACCGGGGAACGCTTTTCTGGCGAACGTTTTGCTGATCAAAGATAACCGGGTTGAGGTTTTCATCGAAGCGAACGGTAAACTGCCGGGGACCAAAATCAAAACTCAACGCCTGCGGATCATCAAGGCCCAGGGTTGGGACTAATCTGTCCGCTAGCTCTTCCTGGCTTAGCCCGCGATTTTCTGCGACCACCTGAAGAAATTCCGCCGCGTTATCACGTAAGGGGCGGGATTTCGCCCGTTGCGATATATGATGCAGCTGTATCAGCGCCATATCATTATTCATCAGGGTAAGGATGTTCAGGCCACTGACAGCACGGGCAGATTTGCCTTCTTGTGGCCAGCCGAGGATCTGTGTCGTTAGATCCCGTGCCGTGCTTTCGTCACCAAAGAGACTTAACGCCAGAAATGCCCAGTTGTCTTTTACGGGGGCACCAGCTTGTTGCCACGCAGTGAAGAGATCCCAGGCAAAAGCTGCCAGCGTTTGTGGCTGGCAGAACGTTTTCAGTTGTTCCAGCCCGCTATAAAAACGTCCCCCCTGGGTAAAGCGCAGCATTTCGCCGATAATTTCCAGAGCGTCATCGGTAACAGGTTGATTATTAGTGATAAGGCGCGGCCTGGACCACATTTGCGGATGCCAGAAATCAGGGGCTTTTGGAATGCGTGCCGGGTAAATCTCTATTGGACTCTGTTTAAGTAATTGTTCCAGGGCAGGCCATAGATCTGTACGCTGCCAACGATTGGCTACAGTTTGTAGCAATTCGCCATGCCCATGTTCGTAAAGTAAACGCAGGGCAAGTAATGCAGCTTCGCTTTTATCGCTAGATTTGGTGAAGATAAGAGGGATAAGTGCAGTAGCCGTATGTTCCGGCCATTGTAAAATCCACTGGCGAGCCAGATTACGCTGGCCCGCAAAACGGTGCCAGACGCGGGCAATGGGCAGGGCCAGTTCTGTTGCGCCGAAATTTAAAATTAACGGAAATGTTTCTTTTGGACGATGTGAAAAAGCCAACATCAGACCTGGTAGCGTATCCAACCCGAGGATACTGAGAAAATAGTCCTCACCCGCGAACAGATGTTTTTTCTCATTGATACGCAGCCAGAAGGTCAAAGCCATCTCACGCGGCAACTGTGCCAATAAATACAGGTTCCAGACACTCTTTTCCGGACGATAACGTGAGTAGTTGTCATTTTCCCATATGTTAATTAACGCTTCTATGTGACCGCTGCGGAGCGCCTGTTCTGCTAATTGTGCTTCCGGGGAGTTCCAGCCATTCAGGATCTCTTCAACCCGCCCCTGGTAGTAATGCCACTGAACAATGAGTGAATTGCGTGCAGCATCCAGTTTTCCGGGGAGTATATAATTCAAAAACAGCCATACATCATCCCCAAAACCCAGTTCCTGTAATACAACTCGCCCACTTTTTTGTTCCATGCGTTCCGCAAGAGATTCCGTGCTGAAATAACGGGCAGGCTCAGTGGCGGCAAGCCTCTCTCGTTCGCCAGGTTGCCAGTAAACTTGCGGCGTTAATTCGAGCGGTGCCAAATCAAGACGTGGAGCTGTCATTTTTTTCTTACTACGCCACGGTGGTGAAACGAGGATTTCAGGCAGATTGCTGTTATCGGTACTATCAATAACCGGTTTGGGCGGTGCCGATAAATAACTATTCAGCACTGCCCTGGCTTGAGTACTTAACCACTGCATCATCTCTTCTGCCAGTTGTGGCTGCGATGCCATCAGCGTTTGTAACAGCGTACGCCAGTATTCATCGCGTGCTTTTTGCTGTGCAGGCAGCTTTTTGTCTTCGATGATTGGATAACCTGGGCGGGCTGGTGGTTCTGTTAACGCCAGCAGTTCTGCCAGTGCGGCGAGCGTCGCATGGGGGAAGTTTTTATGGTATTTAGCTACACGT
NZ_CP010206.1_gap28	1097229	1101742	4513	GATCACTTCGCTTTGGGTGCGATAGTCGCCGGATTCAATTAAGGACTCGATAAATTCACGCAACTCATCGCCGAGATCAACCGTCATCGTTCTGGCCATTTTACGCCCGCCTGTAAGTAAAAATCTTACATCAGTGTATGTCATAAACCGGATAGCGTCACGAAAGTATTAGAAGATATTTTGGCACATGAACATGTTCAGGAGGATAAGTATGGGATGGTAAACAAAGAAAGCACAACGAGTGCTCGTCAGTGCCCACTATTTTAATGGCGGCGGTTACTCTTAATTATTAATAACTAAGCGTTATTTGGATATAAAGCCGGACGCCAACAACCCACGCCCGGCATCGTAATTACGTATTGTCTTTCACCGTCTGGCTTGTGCCATTGGCTTTAACGGAGGCAATTCCGGTTTCACGAGATTGCGCGGTGGCGTACATCTGGCTGGAGCCGATAATTTGATGATTAGCGGCTTTCAGATTGAAATAGAATTTGCCGTTACTTGCCGTTTTTTTCTCATAGCGTTCTTCTTGCGGGCTGTTGCTACGCACCGACGCGATGCCCTTTTCCGCAGAGGCTTTTGAGGTATACAGCTCGCTGGTGAGGATAGTCTCACCATTGCCCGCTTTTAGCACAAACCGGAACTGATTATCACTGCTCTTACTGAGTTCAAACCAACCAGCCATAATGACTCCTTGATTGAAATTGCGTATCGAAAACAGCATCTAAAGGTGCTGTTTACCGATTAAAGTATGAGCGATTTTCTGATGCCTGCCAGGGCGGAGAGATAATGTCAGTTTGCTGACCATGCGTGGGATAATGTTGCCGGATCTGGTCTGAACGCCATCTCCGGCTAACAAAGTCATGTCGCTAAAACTAAACGATGCGGCAGGCGTCGGCTTCCCAGCGGTAACCGACGCCGTAAACGGCGCGGATAAATGACTGTTCGGCGTCGAGAGATTCCAGCTTGCGGCGCAGGTTTTTAATGTGGCTGTCGATGGTGCGGTCGGTTACTACGCGGTAGTCGTCATAAAGATGATTGAGCAAATGCTCGCGGGAGAACACTTTTCCTGGTTCATGAGAGAGCGTTTTCAGCAGACGAAATTCCGCAGGTGTCAGGTCAAGCATTTTACCGCGCCATGAAGCCTGAAAACGACCTTCGTCGATAATCAACGGGCTTTCAGCATCCTGTTGCTGCAACTCGCGCTGCGGTTTGCAACGGCGCAAAATGGTTTTGACGCGCGCTACCACTTCCCGTGGGCTGTACGGCTTGCAGATGTAGTCATCTGCGCCAATCTCCAGTCCGAGCAGGCGGTCGATCTCTTCGATTTTTGCCGTCACCATCACGATAGGAATGTCAGAAAAACGACGAATTTCCCGGCACAGCGTCAAGCCATCGATGCCAGGGAGCATCAGATCCAACAGGATCAGATCCGGTGGTGTCTGGCGCACATACGGCAGTACCTGATCGCCGTGGCTGATAAGCGTCGGCGCATAGCTCGCAGCACGCAGATAATCAATGAGCAACTGCCCCAGCTTCGGTTCATCTTCCACGATCAAAATACGCGGTGTGTTTTCGTCGATTGGTAACTCGGTCATACTTCTCTCTGTAAATCCCGTTCCAGCGGTAACTCTACTGTAATGCTTACCCCGCCAAAAGGCGAATGGGCAGCAATAATGCGACCATTATGTGCTTCAACAATGTTCAGGCAAATCGCCAGCCCCAGCCCGGAACCGCCGCTGGCACGGTTGCGGGAACCTTCGGTGCGATAAAAACGTTCAAACAATTTTTGTAGCTGATCGTCACTGACACCTGGCGCACTGTCGGCAAAGGTCAGGCGCACCGTTTTGTCGCGCTGCCCGGCAGAGATTTGCAGGCTGCCGCCGCTGTCAGTGTAGCGCAGGCTGTTTTCCAGTAAGTTATTGAATAACTGCATTAAACGGTCGCGATCGCCAAATACGGTAATACTGTCTGGCAGGGAAAATTGCAGTTTCAGGCCACGACTGGCGAATCGTTCGCGAAATGCGCCGCCCGCCACTTCCAGCAGTGGGATCAAATCTACCGGTGCTTTTTGATAGGCGAGAGCGCCTTCATCAGACATCGACAACTGATGGAGATCGTCAACCAGTTTGGTCAGTGTACCGACCTCCGCCTGTAAAGACGCCACCGTCTCCGGCGTGAATTTACGCACGCCATCCTGAATGGCTTCCAGTTCACCGCGCAGCACCGCTAATGGCGTACGCAGTTCGTGAGAAATATCGGCCATAAAATCGCGCCGCATTTGCTGGTTTTTCTCCAGTGTGCTGGCAAGCTGGTTGAAGTCTTGCGCCAGTTTGCCCAGTTCATCTTCACTGGTGGGCGTTACGCGGGTAGTGAAATCGCCCGCCGCCAGTTTGTGCGTGCCATCGACAAGTCGTTTTACCGGTGCCAGTAAACCGCGCGCCAGCAGAAAAGTGGCAAGTGCCGCGAGTAACGTTGCCAGGGCGACAATCAACCAGCTGGTTTGCCGCTGTTGTTTATCGAAATTGATATCAGTATTGCGCGTTAACCGCTCAACGGGGGAGGCGATCACCGCGCCAACTTCCGCACCGTTGACCAGAATGGGTCGCCGTGTACCGTCAGGTGGAATCGGCGCTCGCGGACCAACCAGCACTTTGTTGTTTTGATCAACCACCCAGAACTGGGTACGCCAGCCGTGCGGTGGCATACCCGGGCCGGGTTTATCTTCCGAATTATCGTGTTCAAATGAACGCAGGATCTGAAAGACAAAGCGATCATTGTTGCGCAGGAAGCGCCAGTTGCCATGCTGCGCATACTGCTCGCCAAGCGCATCACTTAACAGTTGTAATCGCTGTTCATTACCATGCTTGATGTAATCAATAAAGCCACGCTCAAAACTGATACGCACCGCCCAGTGCATACTGATCAGCAAGACAATGCAGGTGGCGAAAATCGCCAGAAACAGTTTGCCGGTAATACCAGGTCGCCAGAACTTCATTGCGCGCTCCTTTTTCGCCGCGAAATAGCTACATTTTGATGCGTATCGTTCGGCACTCTGGCAAAGATGAACGCCGGAAGGGCGATGATAAACGCCATGCTAAGCCAGGTGTACATAAAGACGGTTTGTGTGGTGCCGCTGTCGACGCTGACATGCTGCGAACCAAAAAGTCCCAGCAACAGCCCGGCGATGGTGACGCCGATACTCATCGACAATTGCATAATCATCGACAGCAGGCTGTTTCCGCTGCTCGCCAGATTGTCCGGGAGATCTTTCAGCGTCAGGGTGTTCATGGAGGAGAAACGCGTCGAGTTGACCATCCCTTGTAAAAACAGGACGAACGGCAAAACGTAGTACCAGCCCAGCAGAGCGGTAGTCATAAACAACAGGGTGACCAGCGACAGACCCAGCGTGGTCGCTACCAGTACCCGACGATAACCAAAGCGATTCACCACCTGTACAACAATTCGCTTCATTCCCATGCTGCCAAGCACCATCGGGATCATCATCAGTCCGGCATGAAACGGCGAGAAACCGAGGCCAATTTGCAGGAAAACCGGTGTCATAAAGGGCAACATGCCACTGCCAATACGTCCGGCAAAGCTCCCCGCCAGGCCCAGCGAAAAGGTACGAGTGCGGAACAGTTTCAGACTGAAAAGAGCGCGGTTGTTATTTCTGGCGTGCAGCAAATAAAGCACCAGTGCCACCACGCCAACTGCGACCAGGCCATCAATCGTCAGCGGCGATAAACCTGTACCTTTACTGCCGTCCAGCGCCAGGGTTAATACCGCCATGCCAACCGCTAGCAATAAAAAGCCGGAGAGATCGAAGCGCCGCGTCTGCATGGTATAGTTCGGCATTAACATCAATGTGGCGATCGCACCGATAATCCCCACCGGAATGTTGATCAAAAAGATCCAGTGCCACGACGCGTACTCCACCAGCAGACCGCCGAGCGCCGGACCGAGCAGCGGACCGACCTGACCGGGTAACGTGACAAAGGTCATCGCCGCCATATATTGCTCGCGCGGTACGATTTTCATCACCGTCAATCTGCCGACCGGCACCATCATCGCGCCGCCAACGCCCTGTAACGCGCGTGCCAGCAACAGTTCGTTCAGCGTGCCGGAAAGCGCGCAAAACAGTGAACCGAGAGTAAACAGCACGATGGCGGTAAAGAAAATATTGCGCACGCCGACTTTGTCCGCCAGCCAGCCGCTGGCGGGCAGCATCACCGCCACGGTCAGCACATAAGAGACAATGACCATGTGCATATGCAACGGACTTTCCCCGAGGCTTTGCGCCATTGAGGGAAGGGCGGTGTTTACGATGGTGGTGTCCAGCGACTGCATAAAGAAGCCGAAAGCCACAATCCACAATTGCCAACGGGTGCTGTCGGGAAGATCTGTCATTTACTCGGTTACCGTTTGTTTAGGTTTACGCGAAAAACGCAGCCGCAGACGGTCGAAAAAGAGATACACCACCGGCGTGGTATACAGCGTAAGGAGCTGGCTC
NZ_CP010206.1_gap29	1181589	1185470	3881	ATTCTCACCGAACTTACTCGAACGCCCGCGTCTGGAAAGCCATCTACAAAAACTCCTGACCGATGCCGTGAAAATGCGTGGGCTGATTGCGCCCGCCAGCAAAGAAACCCGTATTCCAAAATCGATATATGAAGGTATCCAGACCATTAATCGCAATCTGGTTTGTATGCTGGAGTTGCAAATCAATGCGTACTGGGCCACGCGCCCCAGCCATTTCGTGTTATTGAACGCGCAAAAACTTCGTGATACCCAGCACATGATGCAGCAAATACTGCTGAGCCTTGTTCATGCGCTGTACGAAGGTAATCCGCAGCCGGTTTTTGCCAATACGGAAAAATTGAACGATGCTGTGGAAGAGCTGCGTCAGTTGCTCAATAACCACCATGACCTGAAGGTTGTGGAAACACCAATCTATGGTTATGTGTGGCTGAACATGGAAACGGCACATCAGCTTGAGTTGCTATCGAATCTGATTTGCCGGGCCTTGCGCAAATAATTCCTGAACTACAGAATCATCTTGCTGCTGCTTCGATTCAGCAAGGATAAAGGGTATGATAGTGAAAAGGGATAAAAGCATTGTCATCTGCGGCAGCTATGAGTAATGTTGGCCCTAACGAATAGCGGTTGCTTAAACGAATCCGACTCTCACATTATCAGGGGTATAAAAATGGAAACTACCAAGCCTTCATTCCAGGACGTACTGGAATTTGTTCGTCTGTTCCGTCGTAAGAACAAACTGCAACGTGAAATTCAGGACGTTGAGAAAAAGATCCGTGACAACCAGAAGCGCGTCCTGCTGCTGGACAACCTGAGCGATTACATCAAGCCGGGGATGAGCGTTGAAGCAATCCAGGGCATCATCGCCAGCATGAAAGGTGACTATGAAGATCGCGTTGACGATTACATCATCAAAAATGCCGAGCTCTCCAAAGAACGCCGCGATATCTCCAAAAAGCTGAAAGCTATGGGCGAAATGAAAAACGGCGAAGCGAAGTAATTCCTGTTTTGTTCAATGAGGGTTGCCCGGCAACCCTCATTGCTCATTGATTCTTTTCTGTGTATCACCGTCATCATTCCCATCTGATAACCTGTCGAAATTAGCGACAGCCTTCTTCTGTATGCAGCAAGGCAAAAAGTTCTGCAACTCCATTGTTATTAACCGCACTGGTTACTAACACGTTGTGCGCTCCAGCTTCCCGTAACCAACATTTCACCAAAGATATTTGTTCCATGTTGGCTAAATCTGCTTTGGTTACTACTCCAATGACCGGGCGTTAACACGAGGAAGTCTGGCTATTCCACAATGCCATCTTCTTTCGTAATGGATTGAGAATGCTGGATTTTTAATTATATTACGCGCAGTATTAATCGCGTAAATGTTTTGCGGTCAGCAACGGTGGGGGATCCATTGTTCTGTTCAATGAATACCATCATACAATTGAATCAGGAGTCGGTATGATGATTTTGGTGACAGGTGGAGCACGGAGCGGGAAGAGTCGCCACGCAGAGGCGCTTATTGGGGACTCTTCACAGGTTCTGTATATCGCCACCTCGCAAATCCTTGATGATGAGATGGCTGCACGGATAGAACATCATCGGCAAGGCCGTCCGGCGCACTGGCGCACGGTGGAGCGTTGGCAACATGTTGATGAATTAATTCATGCAGACATTAACCCGCATGAAGCTGTGTTGCTGGAATGCGTTACCACAATGGTGACTAATCTGTTGTTTGATTATGGCGGCGATAAAGACCCTGATGAATGGGATTATCAGGCGATGGAACAGGCGATTAATGCTGAGATTCAGTCGTTGATTGCTGCCTGCCAACGTTGCCCCGCAAAGGTTGTATTAGTGACTAACGAAGTGGGAATGGGGATTGTGCCGGAGAGTCGTCTGGCACGACATTTTCGTGATATTGCCGGGCGGGTAAATCAGCAGCTGGCCGCTGCGGCAAATGAAGTATGGTTGGTGGTTTCGGGTATTGGAGTAAAAATCAAATGAGTAAATTATTTTGGGCGATGCTCTCTTTTATTACGCGTCTGCCTGTACCGCGTCGCTGGTCCCAGGGACTGGATTTCGAGCATTATTCTCGCGGTATTATTACTTTTCCTTTAATTGGATTATTGCTTGGCGCGATTAGCGGGCTGGTCTTCATGGTGCTGCAGGCATGGTGTGGCGTACCACTGGCGGCACTGTTTAGCGTACTTGTGCTGGCGCTGATGACCGGGGGATTCCACCTGGACGGCCTCGCCGATACCTGTGATGGCGTATTTTCTGCACGTAGCCGCGATCGCATGTTGGAAATCATGCGTGATAGCCGTTTAGGCACCCACGGCGGTCTGGCATTGATTTTTGTTGTACTGGCAAAGATTCTGGTATTAAGCGAGTTGGCTCTGCGTGGCGAACCGATCCTTGCATCGCTGGCGGCAGCATGTGCGGTCAGCCGCGGGACTGCCGCATTATTGATGTATCGTCATCGTTATGCCCGGGAAGAAGGACTTGGCAATGTGTTCATTGGCAAAATTGATGGGCGACAAACCTGCGTCACACTCGGCTTAGCCGCTATTTTTGCTGCCGTATTATTGCCGGGTATGCATGGTGTGGCTGCTATGGTGGTGACGATGGTGGCGATTTTCATCCTCGGTCAGCTTCTCAAACGTACGCTGGGCGGGCAAACCGGCGATACGCTGGGAGCTGCTATAGAGCTTGGTGAACTGGTCTTCCTGCTGGCACTGCTATAAAGAGACGTGACATGCAAACACTTGCCGATTTACTGAATACGATCCCTGCTATCGATCCTGCCGCTATGTCGCGTGCACAACGGCATATTGACGGGTTACTCAAACCTGTTGGTAGCCTGGGAAGGCTGGAGGCGCTTGCCATACAACTGGCAGGAATGCCGGGGTTGAATGGCATACCGCATGTGGGCAAAAAAGCGGTACTGGTTATGTGTGCCGATCACGGCGTCTGGGAGGAAGGGGTCGCTATTTCCCCAAAAGAAGTGACAGCCATTCAGGCTGAAAATATGACCCGCGGAACAACCGGCGTGTGTGTGCTGGCAGCACAAGCGGGCGCTAACGTCTACGTAATTGATGTTGGTATTGATACTGCTGAGCCTATCCCCGGGCTTATCAACATGCGTGTTGCTCGAGGTAGTGGCAATATTGCTTCAGCTCCGGCAATGAGTCGCCATCAGGCAGAAAAGTTGCTTTTGGACGTCATATGTTATACGCGGGAGCTGGCAAAAAACGGTGTTACGCTGTTTGGTGTAGGTGAACTGGGGATGGCAAACACGACACCGGCAGCGGCAATAGTCAGCACAATCACTGGCCGGGCTCCTGAAGAAGTGGTTGGGATTGGCGCAAACCTGCCGACAGATAAACTGGCTAATAAAATTGATGTTGTGCGCCGGGCGATTACGTTGAATCAACCAAATCCGCAGGATGGCGTTGATGTCCTGGCAAAAGTGGGTGGATTTGATTTGGTCGGAATGGCTGGCGTGATGTTAGGCGCTGCTTCCTGCGGTTTACCCGTGTTGCTGGATGGATTTCTTTCTTATGCTGCCGCGCTCGCAGCCTGCCAGATGTCTCCTGCAATCAAACCGTATCTCATTCCTTCTCACCTGTCGGCAGAAAAAGGGGCGCGTATTGCGCTGTCGCATTTGGGGCTGGAGCCTTATCTCAATATGGAGATGCGTTTAGGTGAGGGGAGTGGCGCAGCTCTGGCGATGCCCATCATCGAAGCTGCCTGTGCGATATATAACAACATGGGCGAACTTGCTGCCAGTAATATTGTTCTACCGGGGAATACGACTTCTGATTTGAACAGTTAAAAACGAAAAGTCTGATAAAAGCTATACTTAACGGATAGCTTTCGCGACT
NZ_CP010206.1_gap30	1295353	1299974	4621	TGGCTGGACGATATTCTGACCAAATACAACACTGACCACGCCATCCTTGATGTGGCGGAGCTGGACGGTTTATTGACGGCGGTGTTGAGTTCTCCGCAAGAGATTGAACCGGAACAGTGGCTGGTTGCCGTGTGGGGTGGGGCTGACTATGTGCCGCGCTGGGCGTCAGAGAAAGAGATGACGCGCTTTATGAACCTGGCCTTTCAACATATGGCCGATACCGCAGAGCGTCTGAACGAATTCCCGGAGCAGTTTGAGCCGTTATTCGGCTTGCGAGAAGTCGATGGCAGCGAGCTGACGATTGTTGAGGAGTGGTGCTTTGGCTATATGCGGGGCGTGGCACTTTCTGACTGGTCAACGTTGCCCGATTCGTTAAAACCAGCGCTGGAGGCGATTGCGCTGCACGGTACTGAGGAAAACTTCGAGCGGGTAGAGAAGATGTCGCCAGAAGCGTTTGAAGAGAGCGTAGATGCCATTCGACTGGCGGCGCTTGATCTACATGCGTACTGGATGGCGCATCCGCAGGAAAAAGCTGTTCAGCAACCGATCAAAGCAGAAGAGAAACCGGGGCGTAACGATCCTTGCCCGTGCGGTAGTGGTAAGAAATTTAAGCAGTGCTGCCTGCATTAAGAGGTCAAATTGGGTGTCAGCGTTAATTCTGGCACCCAATAAGGAATTTGAGGCTATCTGATCACCCCACTTCTGGTAACAACCCTGCCGCAATCAAAAATTGCACGCCAATCACAGCAATACCACAGAGAAACACCACCACCAGCGCCGGACGACCACCTTTCACCCGGTAACCCGCCTGAGGATTGTGCTTTCTGCTTTGCCAGGTCAACAGCGAAGGGATAATCAATGCCAGTACCGCCAGCGCCACACCGGCGTAACCCAGCGCCATCACAAATCCTCGTGGATAAAACAGTGCAAACGCCAACGGCGGCAGAAAGGTAATTGCACCAGTTTGCAACCGTCCACCAACGGTATTTGAACGCTGAAATAAATCAGCCAGATAATCAAATAAGCCTAACGCAACGCCGAGAAATGACGTGGCGAGGGCTAAATCAGCAAATAAATGCACTGCCAGCTCAACATGCGGAGAGGCCACCATTTCGCGTAACGCCTGTAACAGCCCGTTTAATCCAGCATGATTAGCCAGCAATCCCATAAAGGTTGTTGAATCAATGCTGCCAAGCGTTGCCACCTGCCAGAAAATATATGCCACCAGGGGGATCGCACTACCGGTTATAAACACCCAGCGTAGCTTACGAACGTTGCCATCCATATAGCTGACAATACTCGGCACGCTACCGTGAAAACCAAACGAGGTAAAAATCACCGGGATTGCGGACAGAGCCAGCCCCTGTTGCAACGGCAGGGTTAAAAGATTCACTTTGTGAATATGCGGTAGCAGCAATACCAGCATCACCACCAGAAAAATAATTTTGGCGCTGAACAGAAAACGGTTAAACAAATCGACCAGCGATGTCCCGACACAAACCACGCCACCGGCAACAAAAGTGAACAACAGCACGCCAGCGGTTGCCGACATTGAAATACCTGTCCAGTCGCTGATGCTGGAGGCCAACAATTCACCGGCACCGCTGATGTATGCCGCAGTCAGAGCATACATTAAGAACATCATACTGAAGCCCGTCAGCCACTGACCGTAGCGTCCCAGATAGCGTTTTGCCAGCGTGCCAAGACCGGTATCTGCCGGAACATGCTGGTACACCTCCAGCAGTAATAGCGCCGTGTAGCACATCAACGCCCAAAGCCCAATCAACAAGATTAACGTAACGCTAAAACCAACACCGGCCGCAGCCAGCGGCATTGCCAGCATGCCTGCGCCAATTGTGGTTCCCGCCACGATAAAAACACTTCCCAGGGTTCTGTTTTTCACGCTTTCTTCTGTCCTGACGATCTTTATGAGTGATATCTGCGGCGCAGGTTAAGGCATAACGGCTGCTTCGTCAAACCGACGTTACATATGGTGTAAATATAAATGTACAATAAAAAGCATTCAGTCCTGCGCTGGCGCAAAGTCTTCATAAGCGGTAATCGCTACGCTAGGCTTTTTTTTGAGGAGGAACGATGGACTCTATTCACGGTCATGAAGTGTTAAATATGATGATTGAATCAGGCGAGCAATATACGCATGCCAGTCTGGAAGCTGCGATTAAAGCGCGTTTTGGTGAACAGGCACGTTTTCACACCTGCTCGGCAGAAGGGATGACTGCGGGAGAGCTGGTAGCGTTTCTGGCAGCAAAAGGCAAATTTATACCTTCGGAAGACGGTTTTTCGACCGATCAGAGTAAGATTTGCCGTCACTGATTTGAAACGGCGGCAGTAAACCTGCCGCCGGAGAGCATTAGTTTTGTGTGTCGAGGGTAGAGAGTTCTTTGTCGATAAAATACAGACCTTCGCCGCTTTTGCCTGCCAGGCTTAATTTATCAATAATCGATTTGAACAGTTTCTCTTCTTCATGCTGCTCAGAAACATACCATTGCAGGAAATTAAATGTTGGGTAGTCCTGATTGGTCATTGCAGCATGAGCCAGTTCGTTAATTTTCTGGGTGATTAATTGTTCGTGTTTATAGGTTTCCTGGAATAATTCATCAAGTGAGGAATATTCAGCAAACGGAGATTCAACGGTATTAATACGCGGTAAATTGCCGGTATCAGTCAGGTAATCAAACAGACGCTGCATATGCGTCATCTCTTCCTGGGCGTGACGGCGCAGGAACGCGGCAGCACCTTCGAAGGTATGATAGCTGCACCAGGCGCTCATTTGCTGATAAAGCAGTGAAGAGTACAGTTCCAGGTTCATCTGCTCATTAAGTTTTTCAATCATTTCTGGTTTCAGCATGATAGTGCTCCACAAAGGTTATATTTGTTGCTGTGGCGTCACTATAATTTGTTATTTTATTATTTGCAAAAGGTAAAATATAAACTTCAATTATTAAAAATACGAATGGGAATAAAACGCATTACCGCTATTTCTTTAATCAGCGAAGATCCCCTCGCTGATTAAAATATTTAGAGAAAGACAGGGAAGGCGGAATGATGGCACTGATATGACAAAGTGAATTCCGTATTCAAACATAAGGAACCCGCAAAAAGGCTACAGTTGCCTACTGGCTGACCAAAGGGGACCGCGTGGGTATAGCCTTCCTGCTGGCATGCGCGATCGGCGATCCCGCGACTGACATAACGATCGGTATGGGCATGCTGCAAAAAAGCCTGGTCATAAACCAACCGTACAATACCTGTTGCCGCGTCAACTTCGCTCACATGGGCCTGGCGAGTAACCGTACACCCCGCCAGCGTTATTAATGAAAGAGTCAGAATCAGAAGTCTCATGGTCCAGCCAGAAGAGTAAGAGAAAGCACTATTTTACGCGTTACAGCGCTGCGACAATGGCCGGAAAAGACGCCTGGCAGGCGCTATTTCTTGCCATCTGTAGGTGTCAGAAATAGGGGGGCTGTTTTTTGATTATCATTTTTATAACATTAAAGGGGTATTTATGTGATTTGTATCACATAAAGATTGATTTTTGTGATGGTTGTCATATTATAAGCGCAAAGACAATAACACCTGTATAACAAATGGTCGGAGTGCCGCGATGAAACTGCGCAAAATCCTGAAAAGTATGTTCAATAACTATTGCAAGACGTTCAAAGACGTACCGCCAGGCAATATGTTCCGATAACAAAAAACCTGCTCCGGCAGGTTTTTTTGTGTCCTGATGACGGTGGATGTGACTATCGCTGAAGATGTGAAGCCGCTACTATAACGGCTTTCAAAATGCTATCAGGAGTTTACGATGTCCCAGCCGCTGAATGCCGATCAGGAACTGGTTTCTGATGTGGTTGCTTGCCAGTTGGTTATCAAACAAATTCTGGATGTTCTCGATGTAATCGCGCCCGTTGAAGTTCGTGAAAAAATGTCCAGTCAGCTGAAGAATATCGACTTTACTAACCATCCCGCCGCCGCAGACCCGGTCACCATGCGGGCAATCCAAAAAGCCATCGCGCTTATTGAACTCAAGTTTACCCCACAGGGTGAATCCCATTAAAAAAACCGCTGCTTCAAACAGATGAGGCAGCGGTTTCTCAAAACCTTCATCGGCGCAATGCATTAGCGCCGATGATGATCAATGCAGCTGGTGTGACACGACATTCAGAACATGTTGGTCGGTCTGCACAGGGCACATACCCGCAAGTTTCGCACTGCGCACTTCATCAAGAATGGTTTGCAGCAACAGACCATCATGCTGCTGTTCTTTTTCCAGATCGCGCAGGAAATTGACGGTTGAATCATCATTCAGTTCTTTCGCTTCATCGGCTAACTGTGCCAACGTACTAGAACGTTGCTCGTATTCTTCCATCGTTTTTTGGAACAGTTCTTCCAGAGAGTTCAGTTTTTCACCGGGAACATCAATGGCTTTAACGATGGGGGTAGCGCCGACACTCTTCATAAAGTTAAACATGCGCATCATTTGGGTCACATTACTCTGTGCCTGGGCGCGAAGGAAAGTGGCGGTGCCGTTCAGACTCTGTTCAGAACACCAGTTACTCAGGTGAAGGTAGAGATTGGATGCGTAAAACTCGCGGTTCAT
NZ_CP010206.1_gap31	1383239	1386434	3195	TTACACTGTATTCCCCGGTTAATACAGAGGAGTCTGCCGGATCGATTGTCAGTGGTTCCTTTTCATCCATTGATACTGCACGCTGGATTTCAATTGAGACAGGCAGGTATTTAAACAGGCGACGAATAGCCGTTTTTTTTGCCATTTCTTCCCAGTGAGTTACCCATGGCCCGTTATTACCAGCCTTACTCTGGCTGCGCACCAGTTCAATCTGTTTGCGCGTCATAACTTCAAACTGAGTCCCTCCGTCTTTCAGTCTTGCGACAGCATAGACGTGGGTCACTGGTGCATCTTCGTTTTCTCCCGGGCGGTGTATTAACTTTTCATCAAGGCCAAATTCAAAACTAAACTCGTCACCTTCACGGACAACACGGGCTGACAGGCTGGCGATTTGACCAGAACGGCGAGCCAGATCAATCATGCCGCGATAACCAATGATTAGCTGAACGTTCTTTTTACCGCTCTTTTCGTTTTTATTACCAAAAGGCAGTAAATATGCGTGGCCGAGGGCGCTACCTGGCTCAAGGCCGAGCTGTGAACACTGAACGATCGCACTGACAAAACTCATGGTGTCACAGTTTCCTAGCGCCGGAACCTTACGAATTTCTGTGGTGGCGATACGTATCATTCGTTCAGCCGTCATATGGCGTGGGAGAGCTGCTGCCAGTTGCTCTTTCATTGATGGCTGATTAATAAAGCTGATCACGTCGTTATTTTTTACTGCTGCTGGTGCACGGTTTCCCTGGGTTTTTTGCAGATCGGCTTTTGCGATAGGTGGTTGCTTAGTCATTTGCATACTCCTTAGCCCAGCGGGGCAGTGATAACGTTTTAATAGCTGGCCATTCATCGGTATTCAGGCAGTCAGCCAGGGTCCTCAGATTGCGGTGATATTCCTGCTGGCCTGCCAGTTTTGCTTCTTCGCCCATCATGAAAATCTCAACCGGGTAACGTCCGCATTCAACAGTTGTGCTGGCAACCAGAAAAACGAAAGTTGGCAGCACGCCAAACTGTGCTTCATAACCGTCACTGTAGAATGCATCCTGAACGTGATAGCGGTAGTCGTAATAAGCCGTTTTGAATCGTTGAATATCCGCTGTGGTTTTCACGTCCATGATCCAGTGAAATTCAGGAATAATTTTGTCCGGACGGCACCGACACAAAATTCCTGTTTCCGGATCTTCCCAGTAAATTGATGATTCAGCGTGTCCGGCGCTTTCAACAAGCCATTGCCCCAGCGGCAAAGCCATAACGCTTTGATACATGAGTTCAATTTTCCGGCCTTCTTCCGCAGTGATAACCGTTTTTCCTGTGCTTGCGCATTCCATCAGAAACGCTTTCTCTTCTTCTTTTCCGGCGTTTGTACGGCGGTTAAATTCAGGTGCTACGATAAAGCGGTTACTGAATTCTTCCGGTTCAAGTACCCGGCAGTGGAAAGCGGTTCCTAAATCGAGCGTTTTTGTCTTTGTGGTGTCCACGGGGGCATTTTTACGCCACAAATACAGTGCCGGAGTATCAGCAATGTCATCGAGCTGAGACTTACTGACACCGGGACCCGCGTGGTAATTCTCATTCGAAATTCCGTAATAAATACCTGGCTCTATGTCTTCTACGATTACGGGATCTGCGACTTCGCCAGTTTCATCACTGCAATCGCGATGCGGATCGCTGCCAGCATTCTCATTGTGCGGATGTTCAGCGCCTTCCATTTCCTCCGGATCTTTTTCCTTAGCTTCAACCTGATTCTCTTCACCGAATGTTTCCTGGTATGTTGCGTCGCCCATCACCGCACCACAGTCAGGGCAGTTATCCCCGCCAGTCTGACCGCAGGCATTGCAGACTATTTCCGGTTCCTGTTGCACTACTGGCTCAGGTTGTTTCGCATCCGGGCTGATTTTTTCCGTTTCTGGCTGGTTCTGGTACACAGAATCGCGAGTCTGGATCCCCTTAACCCATTTCGGATCGTTCGGGTCGCTAATCCCTTCAACAAATTCTCCGCGAGAGGCAGCCAGTAATTTGTCTGCATCGACAGGATTTTTGGGCGGAATGTTTTTCCGGGCTTCATGGAGTTCTGCCCGCAGTTTCTGATATTTCGCATCAACAGAATTTACCTGTGACTGAGCATCCAGCGACTGCGTGTCCTGATGATGTTCAGTTGCATCCGGTTCCACTGTTTCAGCCGTTGCCTGTTCATCTGCCATTGCGCAAGATGGTTGCAGTTTTTCTTCATCATCCTGTTTTTCTTCTTCTGTTACACGCTGCGGCATCGGGGCAGAGGAACGACCGCAGGCAATATCCACGATTTCTGGATCAGGGTTGGCATGATCAGTTTCAGTCAGTACTTTGTTCAGATATTCAGTGACGTGTGCGGGGATAACCTCGATCCCAATTGGTGCTTCTTTTACGGACGCAACCACGATGGCGCGGGAATAATCCAGCCCACCAGGCATGGTGATGAATTTGTCGCGGAAAACAGAAAAGGGTGGTTTATTTTCAGCGATAATTTCCTCGACACGTTTAGCGTGTGCCGGATGAAGGTTATAAATGTCCACGTCCATTGAACGAGCCAGTACGCCAGTGGCTACGTCGCGCGCCAGTGACGTCAGATCGTGAACGAAACCTTCGCCGCGATCGGTGAGGTTCCCGCCGCCAGCATTAGCGCCGGAAGCCGTGCGCGTGATGCGTGAAACACGATTTCCTTTCATCCACTCTTTTGTCAGCAGACCGCGATCGGTGTAGTCTGCGTCCAGGTATGCTTCGAAAAAAGCAGTCATCAGCCCCAGGCTTGAATTGCCTGGATTAGGGAAAACTCTGTCAGTATCACGCACCAGTTTGTGGAGATCGCGAATTTCCAGCGGGTCGAGCAGGCTGGTTTTGTGGGAAACAGCCAGGGCAGTAACAGCTGGTAGTTCTTCAGCTCGTGCAATGTGTAATGCCTGTAGTTCGTCGCGTGAAACGTGCGTTACCGGTTTTTCGCTGCCGTGTTGAGCAAGCCAGCGAATGGGCAGCTCCTGACCGGAAATCGGGAGTAGCATATTCTCCTCAATCTCCGTCATGTCTTCGCCATTAACATTGGTATTGTCAGTGCTGGCTGGTTTGTCCTGCGCAGAGGATGAGGGCGCGATAAATACCATTGTGATGCCATCTTCCCCGCCTTTTTCGTAACGGTTGCAGAATTCCGTATCAAATACGCCTTCT
NZ_CP010206.1_gap32	1390317	1395008	4691	CGAAAAGGTAACGCTGCCAGCGTTACACAAAGGGATCAAAAAGCGTTACCAGAGGAAGAGGAAGAGGAAGATATAAATACTGATCTAACCCATCCCAAACCCTTCCCTTCCGGAAGGGAGTTCCGGGATTTTGTGGCGGGAGTGCTTGAGGGGAGATTATCTGGCGGTACTGCAGCGGAATTTTGTAATTCTGCGGTGGTTGCGTTGCAGGCTGCTGGCCTGGATGTCTGTCGTGAGTATCCGGTGCCAGAGCGTGGTGACGGTTGCGGAGGGCGGATTGATATCGTCGTGACTGACAGGAACGGTGTCCGGTGTGGGATCGAGCTTGACCGAAATTCTCCGCGACAGAAATCACTGCTCAAAATCGGTGCTGTTGAAACCGGGATATGTGTCTTGCGGCGCAGTGATATCGCAAGGCACACCGAGCAGGGAATTCTGGTTATCGGTGGGGCTGTTCGCCAGAAAAAATTTGACCCGTTGTCAGTTGATCTGCCCGACTGGTTGCCAGAAACACTCTGGCATGAGTGGGTCCAGTTCAGGCAGGCATTGCGAAAACCGATTCGAACGGAGCAGGGCGCTAACGGGGCGATACGGGAGCTGGAAAAATTCCGCCAGCAGGGTTTTACACCTGAGCAGGTGATTCGACACAGTATCGCCAATGAATACCAGGGCCTGTTCGCGCCGAAAGGTGTTCGGCCTGAGACGTTGCTCCGACAGGTTAACACCGTCTCGTTGCCGGACAGTGCGATCCCGCCAGGCTTCAGGGGGTAACAGACCATGAAAAATATTGCGACAGGCGGCGTTCTGGAGCGTATCCGCAGACTGACCCCACCACATGTAACCGCCCCATTCAGAACGGTTGCGGAGTGGCGTGAGTGGCAACTTGCTGAAGGCCAGAAACGTTGCGAGGAGATCAACCGCCTGAATCGTCAGTTGCGGGTGGAAAAAATTCTGAATCGCTCTGGCATCCAGCCGTTGCACCGTAAATGCTCGTTTGCGAATTACCAGGTGCTGAACGACGGCCAGCGATACGCGTTAAGCCAGGCGAAATCCATTGCCGATGAACTGATGACCGGGTGTACAAATTTTGCGTTCAGCGGAAAACCTGGTACCGGGAAGAATCACTTAGCGGCAGCTATCGGGAATCGCCTGCTGAAAGACGGTCAGACAGTGATTGTGGTTACCGTGGCTGATGTTATGAGCGCCCTGCACGCCAGCTATGACGACGGGCAGTCAGGCGAAAAATTTTTGCGGGAGCTGTGCGAAGTGGATCTGCTGGTTCTTGATGAAATTGGCATTCAGCGCGAGACGAAAAACGAGCAGGTGGTGCTGCACCAGATTGTTGATCGCCGGACAGCGTCGATGCGCAGCGTGGGGATGCTGACAAACCTGAACTATGAGGCCATGAAAACATTGCTCGGCGAGCGGATTATGGATCGCATGACCATGAACGGCGGGCGATGGGTGAATTTTAACTGGGAGAGCTGGCGTTCGAATGTTGGTCAGCCAGGAATTGAGAAGTAATTTTTACCGGGAGGAAATTTTAATGGAGACTGTTTTTGACGCACTGAAAGCAATGGGAAAAGCCACATCCATAGAACTTGCTGCGCGACTTGATATCAGTCGTGAAGAAGTGCTGAACGAACTATGGGAACTGAAAAAGGCTGGTTTTGTTGATAAAAGCGTATACACCTGGCGTGTGGCCGATAACAACGTTCAGCAGGAACATCCAGTGCCGGAAGAACAGCCGGAAGAAATCGCCACGGCAACAGTAGCGAAAATCTCAGAGTGCGATTTAACCGCGACGATTGAACAACGCGGACCACAAACGGCGGATGAACTGGCTACGCTGTTCGGTACCACATCCCGCAAAGTGGCTTCAACGCTGGCAATGGCAATCAGCAAAGGTCGTCTGATTCGTGTTAATCAGAACGGTAAATTTCGTTACTGCATGCCGGGCGGTAATTTACCAGCAGAGCCGAAAGCGGCATCGGTAGCGGAAACTGATGGTAAAGCCTTTCCTCAGCCTGCATGTGTTGCGTTACCAGTACAGGACGCGGCAACACAGGAAGAAATTAAAACAGAAACTGTGACGGACATTGTGCAGTCGTTGCCATCGTTTACTGAAACGCGAGCGGATGACCTGGTTTTACCATCGCTGCATATGGCAAACCGCGAACTGCGTCGGGCGAAAAATCATGTCCAGAAGTGGGAGCGAGTCTGCGCCGCGCTGCGGGAGCTGAACAAGCACCGGGATATTGTTCGACAGATTTTCGATTCCTCCAGTCGTATTGTGTCGGAAAAGTGATTGCCGGAGGCACCTATGGCAAAAGTATTTACACCAGAAGAGCGGGAAAAAATTAAAGGGCAGGTTGTTGAACTTGTACGTCTGAGCGGTCGCGAGACGTTACGGGCTCTGGAGGCTAAAACCGGTGCATCAAGGTATTACATAAGCACTCTCGCCAGAGAACTGGTCGCCAGTGGTGATGTTTACAATTCAGGCTACGGATTATTCCCGTCTGAGCAGGCGCGTAAAGACTGGCAAAACGCCCGCAAAAAACTATCAAGGGCAAAGGTGAAGAAACCGGTTGTGGTTGATCCTGACCTTATCTGGTCATTACCAGACGGAGAAATACGTCGTTACAACAGACGACAGAACATAATCTGTCGCGAGTGCCGGAATAGTGAAGTTATGCAGCGTGTACTGGCTTTCTATCAGGGGAATTTTCAGGAGGCGGCGCAGTGAGCAGGATTGACTACCAGGAATTGGCTGCTGCTAACGCTTTCCTGGCGGATGTGCGGGCGGGGGCGTTTAACGACCTTTGCGCGGCGTTTGTCAGGCACGCAAAAGTTGCAGGGCTGGATGATGGCGATACCGTAACGCTTAAGGAAGCGACAGATACGCTGCTGCATTGTGCGGAACAGCTTCGTATATCTGAATAATTAAATTTAGCACTGTAAATAAAATTTAATCCTTAACCGGAGGAATTTCTGCACCCTCAGAACAGCAGGAGACCACCCGAAAGGGTGGTAATAAAAATGGCAGAACTAACTAAAGAATGGTTGCAACAAACAATTACTGATATTCAGATCAATTGAGGTGAGAAATGCGGATGGAAAATTGTTTATTGCCGTATCTGGTGCGGTTTGGGGCGTCGTCATTAACAGTTATTCCACATGTCATGATGGCTGACAATATTATCCCGGCACCAAAGCGCCATACCGGTATTGCAGCGGCGCGACGTGCAGCAAAGAAACGCAGGAGAGCAAAACGATGAAAAACCGTAAAGCAAAGATTCTGTTAGCTCGCAGAAACGGTGTTGGGGTCTGGCGATGGTTGAGGATTAGTAACAGACGAGTGAGGTTGACGGGGTGTTGCGGGGTGATGGGTCACAGCTGTTGCAAAAAGCCCAGCGCGGCGCAAAACCGCTGGAAAAACCACTTGCGCACTAAAGGAGAGTGATGTGCCTACATTATTCAGAAAAGAATACCCGCGAAGAAGCAGGACAATAGAAATCATGTTTCTCATTCTGTTTATCGTGTTGATGATACCGATATCCCCGCTAATTTTTATCTGGGCAATCGGGAAAATAATTGAGCCAGTTATTGAATTGTATAACGACGTGGTATGGGCGTCGTTCAACACACTGCACAATAAAATTAATCCGTATAAGGAGAATGAGATGAACGCATCCCCCAACATTAAATCCGGAGCACAGTGATGAATAAAGGGGGAAATCAGAGAGGTGTGGAGCCTCGCAGATTTCCGGCATCATTGTGCCCAATACGGGATGCATAAAGTTCCCTCAGACTGGAGACTCCACAAATGAAATATACACCGGTTGGCGTTGATATCGCAAAACATCTGATTCAGGTTCACTTCATTGATGAGAACACAGGTGAAGTGGTGGATAAGCAACTTCGTGGCAGAGATTTTCTTGAATATTTCAGCAACCGGGAACCCTGCCTGATTGGTATGGAGGCCTGTGGAGGCTCTCAGCACTGGGCACGGGAGCTGACAAAGCTGGGGCATAACGTCCGCTTGTTACAGGCCCGCTTCGTTAAGGCATTCGTCATGGGAAACAAGAACGACGTGATGGATGCCCGGGCTATCTGGATGGCGGTTCAGCAGCCCGGTAAAGAAATTGCCGTCAAAACAGAAGAACAGCAGTCGGTACTGGTTCTGCACCGTACCCGCATGCAACTGGTGAAGTTCCGGACCGCACAAATTAACGCCCTACACGGGACGTTACTGGAGTTTGGTGAAACCATCCACAAAGGTCGGGCAGCAATGGAGCGGGAGTTCCCTGAAGCACTGGAACGAATGAAAGAGAGACTGCCACCGTATCTCATCACGGTACTGGAAAACCAGTATAAGCGGTTGAATGAGCTGGACTCCCTGATAGAAGACATCGAAAAACAGCTTGCCAGCGTGGCGAAACAGAATGAGACCTGTAAGCGGTTGCTGGATATTCCTGGTGTTGGGCCACTTATTGCGACGGCAGCGGTGGCCACCATGGGGGAAGCATCAGCGTTTAAATCAGGGCGAGAGTTCGCGGCTTATGTTGGTCTGGTGCCCAAACAGACTGGCTCAGGAGGGAAAATTCGCCTGCTGGGGATAAGCAAACGTGGTGATACATATCTGCGAACCCTGTTTATTCATGGCGCAAGGGCGGCAGCATTACTGACTA
NZ_CP010206.1_gap33	1406294	1410806	4512	GATTATGTGTGGTAAACCTTATATTCCCTGTTGACAGAAAGTAAAAACAATGCGAGATGCCATTTTTATTAAGGTAATCAGTAACGGAAATAATATCATTATCGTGTGATGAAATAAGCAACGATATAACAGAGGTTAGCCGACTATTCTCTGTGGAAACACAATCTGGTGGTGATAAATCTGAATGAGTTATGTAAAAATTGAACATGTAAAAAGATGGTGTTTAACTGAAGGTATAGTACTGCTGGAAAATAATAAACTGAAAAGTGAATGTCTATTAGTTATTTCCGCATGGTAAATCAGAGGTATTGTTTTCTTGCTAATTTATTAAAGTGATAAGTCTTATCTTGATTTTAGATATAAACTTTTATCAGGCCTTATCAACTTACATCTTCAGTATTGGAGGCAGTGCCAGTTACGTAAGGACGCAATGCCTGGTATTTAAGCGAAGTGATCTACTGAATAAATAATATTCCTCGCGCTTCTTAATGTTGCCGTGTTCCTGTGCCAAAAAAGCCAGATGTGCACTATGCCTCAATATTGAGCGTGTACGTCGTAATGCACGGGATGGCCGCTATAAGCTGATTGGTTGATGAATTTAGGCCCGCTCTGGCTGGCGGGTCCTTTCCGGCGATCCGGCAGGTTACGGGGCGGCGACCTCGCGCGTTTTCGCTATTTATGAAAATTTTCCGGGGAAAATCATGTCGGTACTTCTCGAACATAACTATTTGTTTTTTCTAATATCGAATCCGTAAAAGGTCCGACATGAAAACGCCTGAAAAAGTCATTTTCGGGCACTCTCATGTCGGCCCCTGTATTTGCTATGAGACTATTTCATGAAGGTTAATAAAAAGAAGCTTGCCGAAATTTTCAACGTGGATCCGCGGACGATTGAACGCTGGCAGTCTCAGGGGCTTACTTGTGTCTCCGGAGGTGGTAAGGGCGTTGAATCTGTATTTGATACCGCCATGGCAATTCAGTGGTATGCGCAGAGGGAAGCTGATATCGAAAATGAAAAGCTCCGGAAAGAACTGGAAGATTTGCGGGCGGCTGCAGAATCAGACTTACAACCGGGCACCATTGACTATGAGCGCTACCGGCTCACAAAAGCGCAGGCAGATGCGCAGGAACTGAAAAATGCCCGTGAAGACGGAGTAGTGCTGGAAACTGAATTGTTTACCTTCATTCTGCAACGTGTGGCACAGGAAATTTCGGGGATACTTGTGCGTGTGCCGTTGACGTTACAGCGTAAATATCCGGACATTTCACCATCACACCTTGATGTGGTGAAAACTGAAATCGCGAAAGCCTCCAATGTTGCAGCTAAAGCCGGTAAAAACGTGGGCGGGTGGATCGATGATTTCAGACGCGCAGAAGGCAGCTAATGCAGCCGGTGCGATAGCTACAGGGCTTTTATCTCTCAATATTCCGGTTCCACTGACAACAGTTCAGTGGGCTGATCAACATTATTATCTGCCGAAAGAATCTTCATATACACCCGGGAAATGGGAAACACTGCCGTTTCAGGTTGCCATTATGAACAGCATGGGAAATGACCGGATTCGCACCATTAATCTGATTAAATCGGCGCGCGTAGGTTATACCAAAATGCTGTTAGGGGTGGAGGCCTATTTTATTGAGCATAAATCCCGTAACAGTCTGCTTTTTCAGCCAACAGATTCTGCCGCAGAGGATTTCATGAAATCTCATGTCGAGCCAACGATAAGGGATGTTCCTGCATTGCTGGAGCTGGCTCCATGGTTCGGAAGAAAACACCGCGATAATACGCTCACCCTGAAGCGTTTTTCCTCCGGCGTGGGTTTCTGGTGTCTGGGTGGCGCGGCAGCAAAAAATTACCGTGAAAAATCCGTGGATGTGGTCTGTTATGACGAACTCTCCTCGTTTGAACCGGATGTGGAAAAAGAAGGTTCGCCAACACTGCTTGGCGATAAACGTATTGAAGGTTCGGTATGGCCTAAATCCATACGCGGCTCAACGCCAAAAATTAAAGGCTCCTGTCAGATTGAAAAAGCCGCGAATGAATCAGCGCATTTCATGCGGTTTTATGTTCCTTGTCCTCATTGTGGGGAGATCCAGTATCTGAAGTTTGGTGATGATGCGACGCCGTTTGGCCTGAAATGGGAGAAGGGTAAACCAGAAACGGTGTATTACCTGTGTGAGCATAATGGCTGTGTGATCCGTCAGTCGGAACTTTACCAGACTGACGGGCGCTGGATTTGTGACAATACAGGAATGTGGACACGTGACGGCCTGATATTTTACAGCGCGGGTGATGAGGAGATGCCGCCACCGCGCTCCATCACTTTCCACATCTGGACGGCCTATAGCCCGTTCACCACCTGGATGCAGATTGTCTACGACTGGCTGGATGCGCTGAAAGATCCCAACGGCCTGAAAACCTTTGTGAACACCACGCTGGGCGAGACCTGGGAAGAGGCTGTGGGCGAAAAACTCGATCACCAGGTGCTGATGGATAAGGTTGTGCGTTACACGGCGGCGGTGCCTGCCCGGGTGGTTTATCTGACGGCGGGCATTGACTCGCAGCGAAACCGTTTTGAGATGTATGTCTGGGGATGGGCTTCGGGAGAAGAAGCCTTTCTGGTGGATAAAATCATCATTATGGGGCGTCCGGATGAGGAAGAGACGCTGTTACGTGTGGATGCGGCGATCAACAAAAAATATCGCCATGATGACGGTACCGAAATGACTATTTCCCGTGTCTGCTGGGACACCGGGGGGATCGATGGCGAAATCGTCTACCAGAGGTCAAAAAAACACGGTGTTTTCCGGGTGCTGCCGGTAAAAGGCGCATCTGTCTATGGCAAGCCGGTGATCACCATGCCAAAAACCCGCAATCAGCGGGGCGTGTATCTGTGTGAAGTGGGGACGGACACCGCAAAAGAAATTCTCTATGCCCGTATGAAAGCCGATCCCACGCCTGCGGATGAAGCCACGTCGTATGCCATCCGTTTTCCTGATGATCCGGAGATTTTTTCGCAGACAGAGGCGCAGCAACTGGTCGCGGAAGAGCTTGTGGAGAAGTGGGAAAAAGGAAAGATGCGCCTGCTGTGGGATAACAAAAAGCGGCGTAACGAAGCACTGGACTGCCTGGTTTATGCCTACGCAGCATTACGTGTGTCCGTGCAACGCTGGCAGCTTGATCTGGCTGTACTGGCAAAATCCCGGGAAGAAGAGACGACCCGGCCAACCCTTGAAGAACTGGCAGCGAAGCTGTCCGGAGGAGTGAATGGTAACAGTCGCTGAACTGCAGGCGCTGCGTCAGGCGCGCCTTGATTTATTAACCGGTAAACGGGTGGTGTCGGTCCAGAAAGATGGTCGCAGAATTGAATATACGGCAGCCTCTCTGGATGCGCTTAATCGTGCTATCAATGATGCGGAGTCGGTACTGGGGATAACCCGCCGCCGTCGTCCGCTGGGAGTGAGGTTATGAAACGAACGCCAGTCCTGATTGATGTAAACGGCGTTCCGCTTCGTGAGAGTCTCAGCTACAACGGGGGCGGCGCAGGATTTGGCGGGCAAATGGCGGAGTGGTTGCCACCGGCGCAGGGTGCCGATGCGGCTCTGTTGCCTGCGTTGCGTCTGGGGAATGCCCGCGCAGATGATCTGGTGCGCAATAACGGAATAGCGGCTAATGCGGTGGCCCTGCATAAGGATCACATTGTCGGGCATATGTTTCTGATCAGCTACCGTCCGAACTGGCGCTGGCTGGGGATGCGGGAGACCGCAGCAAAAAGCTTTGTCGATGAGGTGGAGGCGGCCTGGTCGGAATACGCAGAAGGGATGTTTGGCGAGATCGATGTGGAAGGGAAACGCACATTTACGGAATTTATCCGTGAAGGTGTGGGCGTTCATGCGTTTAACGGTGAAATCTTTGTGCAGCCGGTCTGGGATACGGATACCACGCAGTTATTCCGTACACGTTTTAAAGCCGTGAGTCCTAAACGGGTGGACACGCCTGGACACGGTATGGGGAACCGTTTCCTGCGGGCCGGGGTGGAAGTCGATCGGCATGGACGGGCTGTTGCGTACCATATCTGTGAGGATGATTTTCCGTTCTATGGAAGTGGACGCTGGGAGCGGATCCCGCGTGAACTTCCCACCGGGCGTCCGGCCATGCTGCATATTTTCGAGCCGGTGGAGGACGGGCAGACCCGTGGAGCTAATCAGTTTTACAGCGTCATGGAACGGCTGAAAATGCTCGATTCCCTGCAGACCACGCAGCTTCAGTCGGCCATAGTGAAGGCGATGTATGCAGCGACGATTGAAAGTGAACTCGATACCGAAAAGGCCTTTGAATATATCGCGGGTGCACCGCAGGGTCAGCAGGATAATCCGCTCATTAATATTCTGGAGAAGTTCACCCGCTGGTATGACACGAATAACGTGACGCTGGGCGGTGTCAAAATTCCGCACCTTTTTCCCGGGGATGATCTGAAACTGCAGACTGCGCAGGATTCAGACAATGGATTT
NZ_CP010206.1_gap34	1416502	1417896	1394	GAAGGAAGTGATCACCCGCACAGTGAAGGTCACCAATGTGGGCCGTCCGTCGATGGCTGAAGATCGCAGCACGGTAACAGCGGCAACCGGCATGACCGTGACGCCTGCCAGCACCTCGGTGGTGAAAGGGAAGAGCATCACGCTGACCGTGGCATTCCAGCCGGAGGGCGCAACCGACAAGAGCTTCCGTGCGGTGTCAGCGGATAAAACAAAAGCCACCGTGTCGGTCAGTGGTATGACCATTACCGTGAACGGCGTTGCTGCAGGTAAGGTCAACATTCCGGTCGTATCCGGTAATGGTGAACTTGCTGCGGTTGCAGAAATCACCGTCACCGACAGTTAATCCGGAGAGTCAGCGATGTTCCTGAAAACTGAATCATTTGAATATAACGGCGTAAGCGTCACGCTTTCTGAACTGTCAGCCCTGCAGCGTATTGAGCATCTCGCCCTGCTGAAACGACAGGCAGAACGGGCGGGAGGTGGCGATAACCTGCTGGTGAGCGTGGAAGATCTCGTCAGAACCGGCGCTTTTCTGGTAGCGATGTCCCTGTGGCATAACCATCCGCAGAAGACAAAGATGCCGTCCATGGATGAAGCCGTTAAACAGATTGAGCAGGAAGTGCTTACCACCTGGCCCACAGAGGCAATTGCTCAGGCTGAAAATGTGGTAATGCGTCTGTCCGGTATGTCTGAGTTTGTTGTGAATAATGCTCCTGAGCAGACAGAAGACGCCGGGCCTGCAGAGCCTGTTTCTGCGGGAAAGTGTTCGACGGTGAGCTGAGTTTTGCCCTGAAACTGGCGCGCGAGATGGGGCGACCCGACTGGCGCGCCATGCTTGCCGGGATGTCATCCACGGAGTATGCCGACTGGCACCGCTTTTACAGCACCCATTATTTTCATGATGTTCTGCTGGATATGCACTTTTCCGGGCTGACGTACACCGTGCTCAGCCTGTTTTTCAGCGATCCGGATCTGCATCCGCTGGATTTCAGTCTGCTGAACCGGCGTGAGGTTGATGAAGCGTCTGAAGATGATGTGCTGATGCAGAAAGCGGCAGGGCTTGCCGGAGGCGTCCGCTTTGATCCGGACGGGAATGAAATTATCCCCGCGACCCCGGATGTGGCGGATATGACGGAGGATGACGTAATGCTGATGACAGTATCAGAAGGGATCGCAGGAGGAGTCCGGTATGGCTGAACCGGTAGGCGATCTGGTCGTTGATTTAAGTCTGGATGCGGCCAGATTTGACGAGCAGATGGCCAGAGTCAGGCGTCATTTTTCCGGTACGGAAAGTGATGCGAAAAAAACAGCGGCAGTCGTTGAACAGTCGATGAACCGACAGGCACTGGCTGCACAGAAAGCGGGGATTTCCGTCGGGCAGTATAAAGCCGCCA
NZ_CP010206.1_gap35	1497218	1499783	2565	CAGCGCGAATCACTTCAGACGCGGTAACGCTGCCGCCTGGGCTATTAACACGCAGGACAATCGCTTTCACTTTCGGGTCAAGGCGAGCGTCGCGGATTTGTGCCGCAGTGGTATCACCGCCAACATTCCCCTGAGTTTCCTCGCCATCCATAATTGCGCCATTAGCGAAGACGACACCGATGCTGTCACCGGTATCTGCCGGCGTTTTCAATGCGTAATCGTAATAACTGATGGCGCGATAATTTTTATCAGTCTTACTCCAGCCGAACTCTTTGGTCAGAGCTTTTTCGATTTCGGCACTCGATGCCAGTGCATCGACCAGCTTGTTTTCCAGTGCATATTTCGCGGTATCGCCACCGGTTTTGGTTAAACCCTCAAGCAACCCTTGCGCGCCAGGGAATACCTGCTGAGCAGGGATCTGCCGGTTAGCGGCAACAGTATTCAGATAGTTTTGCCACAGCTCACCAATCCAGCGGCTGTCAGCTTCGCGGGCTGCCGGTGACATATCATCACGAATAAACGGTTCAACGGCAGATTTATACGTACCCACGCGGAACACATGGGTGGAAACTTTCAGCTTATCCAGCAACGATTTGTAGTACAGACCGTTGGTAGCAAAACCGTGCAGATCAACCACGCCTTGCGGTGACAGCCAAATTTTATTGGCGAAACTGGCGAGATAATATTGCCCCTGGCTGTAGTTCTCGCCAACGGCATAAACCGGTTTCCCGCTGTCACGAAACTCTTTCAGGGCTTTGCCGATGTACTGCATAGACGGCTGGTCGCCGCCTGCGAAGTTTTTCAGATCCATCACGATACCGGTGATATTGCGGTCGTCCTTCGCCTGGCGAATGGTGTTGACGATATCAAACAGTGAGTTTTCCTGCAGACGATCGGAACTGGCACCAAGCAGCTGGCGGCTTAATTTACTAAACCGCTGAGAACTGTCGGGTTTATCGACGATCACACCAGAAATGTCCAGCAGCAGTGCGCCACGACTGGCCGTTTCTTTCGAATCACCACCACTGACCTGCATCCAGATCCCCACACCAACCAGTACGAGGAAAATAAAGAACAGGTTAAGTACCATTTCACGGGCGAAATTCAGCAGACGCCACGTCCATTTAAAAAATCCGGCAATAAATCGCCAAAGGGTTCGCATGTATTCTCCCAACTTAAGGTCACACCTGTCACAGGCGCAATAGATGTGGTTATCGTAATGACCCAACCGGCACTTGTCAGCAGGAATTGCGGACTGTGCTGTAACAAAATCCACTCTCGTGTTAATTTTGTGAATAAATATCACGACAGGAGTTAATCAAATGGATGCACTCGAACTATTGATCAATCGCCGTAGCGCCTCCCGCCTGGCTGAACCCGCGCCAACGGGTGAACAACTGCAAAACATCCTGCGTGCGGGTATGCGTGCGCCGGACCATAAGTCCATGCAACCGTGGCATTTTTTTGTGATTGAAGGGGAAGGGCGCGAGCGTTTCAGCGCCGTACTGGAACAGGGGGCGATTGCTGCCGGTAGTGATGACAAAGCTATCGACAAAGCCCGTAATGCGCCGTTCCGCGCACCGCTCATCATCACGGTGGTGGCGAAATGCGAAGAAAATCATAAAGTCCCGCGATGGGAACAGGAAATGTCTGCCGGATGCGCGGTCATGGCGATGCAAATGGCAGCCGTTGCCCAAGGATTTGGCGGCATCTGGCGCAGTGGCGCATTAACTGAAAGTCCGGTAGTGCGTGAAGCATTCGGTTGCCGTGAGCAGGATAAAATTGTCGGTTTTCTCTACCTCGGCACGCCGCAGTTGAAAGCATCTACGTCGATTAACGTCCCGGACCCGACGCCGTTTGTAACTTATTTCTGATAATTGTCGCGAAACTGTCTGGATTGTGAGCAAAGGCGCAGGAATTCAGACACTCTCACTTATCACTTCACGGAATGAGGGTTACCATACCCGGATTGCATTGACAGGAGATGTCCATGAGCGAGAACTCGATTCGTTTGACCCAATACAGCCACGGAGCTGGTTGCGGCTGTAAAATTTCCCCAAAAGTGTTGGAAACCATCCTGCACAGTGAGCAGGCGAAGTTTGTTGATCCGAATTTGCTTGTGGGTAATGAGACCCGCGACGATGCGGCGGTGTACGATCTGGGCAATGGCACCAGCGTTATCAGTACCACCGACTTCTTTATGCCGATCGTTGATAATCCTTTCGATTTTGGCCGCATTGCGGCGACTAACGCCATCAGCGATATCTTCGCGATGGGGGGCAAACCGATTATGGCGATTGCGATCCTCGGCTGGCCGATTAACAAACTTTCCCCAGAAATTGCCCGCGAAGTAACCGAAGGTGGACGCTATGCATGCCGTCAGGCGGGTATTGCGCTGGCTGGCGGTCACTCCATCGATGCGCCGGAGCCGATTTTTGGTCTGGCGGTAACGGGGATCGTACCGACCGAGCGGGTGAAGAAAAACAGTACCGCACAAGCCGGATGCAAACTGTTCCTGACGAAACCGCTGGGGATCGGCGTTCTTACCACGGCTGAGAAAAAATC
NZ_CP010206.1_gap36	1502733	1504452	1719	GGTCTGAAACGCTGGAGTTCTGGCCGCGAAAGCCTGAACCTGGCAAAGATACCTTCCAATATCATGTGCTTCCTTTTGACTCGATCGATATCATAAGTAAAAGACGCGAGTCTTTAGAGGATCAATGGGGTATCGAAGATAGCGAAAGTTATTGTGCCTTAATGGAGCATTTTCTTTCTGGCGACCATGGAGCCAATACCTTTAAAGCAAACATGGAGGAAGCCCCAGAGCAGGTTATCGCCTTGTTGAATAAATTTGCTGTTTTTCCCTCAGACTATATCTCTGATTGCGCTAATAATCGCTCCGGTAAATCCTCGGCGAAGCTAATATGGGCGGCGGAATTATCATGGATGATCTCGATATCAAGCACAGCTTTTCAAAACGGGACAATTGAAGAAGAACTGGCCTGGCATTATATAATGCTTGCTTCTCGAAAGGCGCACGAGTTGTTCGAAAGCGAAGAAGATTATCAAAAAAATAGTCTAATGGGATTTCTTTACAGGCATATCTGCTGCTATCGCAGAAAGTTAACGGATGCTGAACTTGAAGCGTGTTATCGTTACGACAAGCAGTTTTGGGAGCACTACAGTAAGAAATGCCGTTGGCCCATAAGAAATGTTCCCTGGGGAGCATCATCCGTTAAATACTCATAAACGCCTGAAATTTTGCCGGGGGCGCTGCGCTTGCCCGGCCTACATTAGAGCGTAACTGCAATGAATTGTGCCCATTTGTAGGCCTGATAAGCGTAGCGCCATCAGGCATTTACAACTTAAATCACACCCTGCGCCAGCATCGCATCGGCAACCTTCACAAAACCGGCAATGTTCGCGCCCTGCACGTAGTTGGTTTGCTCACCTTCACCACCATGCTCAACACAGGCATGGTGGATATCCAGCATGATGTGATGCAAACGTGCGTCAACTTTCTCGGCTTTCCAGCCCAGGCGCGCAGCGTTTTGTGCCATTTCCAGGCCCGACGTTGCTACACCGCCAGCATTAGCCGCTTTACCCGGTGCAAACAGTACGCCTGCCTGCTGGAACAGTTCAGTCGCTTCGATGGTGGTCGGCATATTTGCCCCTTCAGCGACGGCTTTAACGCCATTGGCGATAAGCTGATGCGCGGCGTCAACATCCAGTTCGTTCTGGGTGGCGCAAGGCAGGGCGATATCAACCGGTACAGACCACGGCTGTTGGCCTTCGAGATAGACCAGACCAAATTCTTTGGCGTAATCTGCCACTCGACCATCGCGGCTGGCTTTGATTTCGATAAGACGTGCCAGTTTCTCTTTCGTGAATCCGCTTTCATCAACTACAGTGCCGCTGGAGTCTGACGCAGTGATCACACGAGCACCAAATTCCATCGCTTTTTCGATAGCGTACTGGGCGACGTTGCCGGAGCCAGAAACGGAAACGCGCATCCCTTCAAAACCCATACCGTGGCGTTTTAACATTGCTTCTGTGAAATAAACCAGACCGTAGCCGGTAGCTTCCGGGCGAATAAGACTACCGCCAAATGAAAGGCCCTTACCGGTGAAGACGCAGGCGGTATTGTTGGAGAGCTTTTTCATCATCCCCGCCATAAAGCCGACTTCACGACCACCAACGCCGATATCACCTGCCGGAACGTCGGTATCCGCGCCCAGATGACGATAAAGCTCGGTCATCAGCGCCTGGCAGAAACGCATCACTTCGCCTTCGCTTTTACCTTTCGGGTCAAAAT
NZ_CP010206.1_gap37	1512743	1513502	759	TTTCTTTATTATCCATCGTCATATTTTCGCCCGGCGTACCACCTGCCTCTTTCAGGGCTTCATAAAATGCTTTCGGGGTCGCATAAGCCATAAACAGCGATTTATGTCCGTTGGAGCCATCTTTAAACACAATACCGTGACGAGTGACGTCGGTGAGGAAACGACCATTAATTTGCACCAGCATGGTTACCGTATGGTTATTGGCATCGACGCGCAGCGGTTGGCTGTTCGAAAGTCCGTCGTATTCCACTTTTCCCGCCGCATTCTCTTTTTGATCGCAGCCGCTAAGCCCGGCAACAGCCAGTAAGCAGAGTGCAGCCAGTCCTTTTTTCCATGACACTGAATAATGTTGCGACATCGTTCTATCCTTCATTTTTTGGGTGAGTAAGTGGGCTGCGGCGCGAAGCAGACAGATCCACATGTTTGTGTCGGGCGTAGAGTTTTGCGAGCTGGACGAGAATAAACAGCGCCAGGCCCGCCAGACAGAGTTGTAAAATAAAGCGCAGCGTAATGCCTTCATTGGCGAGATCGCTTGCCATCACGGTATAAATAACAATACCGGGCAGGGTCGTGAGTGCCGAAATAAGGGTATAAGGCCAGAAGGCGATGGTGGTTAATCCGTAAGCGTAATTTTGAATATTGTAAGGAAACAACGGGATTAAGCGGGTCAGAATAAGAAAATCAATACCGTTACGCGCAATGCCTTTTTCAATGGCCTGGAAGGTATGGCTATGGCCCACGTATTTCAGCAGTAAATCA
NZ_CP010206.1_gap38	1516007	1519465	3458	CCCGGTCGGTGCGTTGTTGGCAACCGAAGAGTGCGCCCGCGTGATGACCGTTGGCACTCATGGCACCACCTATGGCGGTAATCCGCTGGCCTCGGCGGTGGCAGGCAAAGTGCTGGAGCTCATCAACACACCAGAGATGCTTAATGGCGTTAAACAGCGTCACGACTGGTTTGTTGAGCGTCTTAATACTATTAATCACCGCTATGGTTTGTTCAGTGAAGTTCGCGGCTTAGGTTTGCTGATTGGCTGTGTACTGAATGCCGATTACGCCGGGCAAGCGAAACAGATCTCTCAGGAAGCGGCGAAAGCAGGCGTGATGGTACTGATTGCGGGTGGCAACGTGGTGCGTTTTGCGCCTGCGCTCAATGTCAGCGAAGAAGAGGTGACGACCGGACTGGATCGCTTTGCAGCTGCTTGCGAACACTTTGTTAGCCGAGGTTCATCATGATGGTCATCCGTCCCGTTGAGCGATCAGATGTCTCGGCGCTGATGCAGCTTGCCAGCAAAACGGGCGGCGGCCTGACGTCGCTTCCCGCCAATGAAGCCACGCTTTCGGCGCGTATCGAAAGGGCAATCAAAACCTGGCAAGGCGAACTGCCCAAAAGTGAGCAGGGCTATGTGTTCGTGCTGGAAGATAGCGAGACAGGCACCGTGGCGGGGATTTGTGCCATTGAGGTGGCGGTTGGGCTGAACGATCCCTGGTACAACTATCGCGTCGGCACGTTGGTTCACGCCTCAAAAGAGCTGAATGTCTATAACGCATTGCCGACGCTGTTTCTCAGTAACGATCACACCGGCAGCAGCGAGCTGTGCACGCTGTTTCTCGACCCGGACTGGCGCAAAGAGGGCAACGGCTATTTGTTGTCGAAATCGCGCTTTATGTTTATGGCGGCTTTTCGCGACAAGTTTAATGACAAAGTGGTTGCTGAAATGCGCGGGGTGATTGACGAACACGGCTATTCACCGTTCTGGCAAAGCCTCGGTAAACGCTTCTTTTCGATGGATTTTAGCCGCGCCGATTTTCTCTGCGGCACCGGGCAAAAGGCATTTATTGCAGAACTGATGCCGAAACATCCGATCTATACCCACTTTTTATCCCAGGAAGCCCAGGACGTCATCGGTCAGGTACATCCGCAAACCGCGCCTGCCCGCGCGGTGCTGGAGAAAGAAGGTTTTCGTTACCGCAACTATATCGACATCTTCGACGGCGGGCCAACGCTTGAGTGTGACATCGACCGCGTGCGCGCCATTCGTAAAAGTCGGCTGGTGGAAGTGGCAGAAGGGCAGCCTGCGCAGGGCGATTTTCCGGCCTGCCTGGTCGCCAATGAAAATTATCACCATTTCCGCGTGGTGCTGGCGCGTACCGATCCGGCAACCGAGCGTTTGATTTTAACCGCCGCACAACTGGATGCCCTCAAATGCCACGCAGGGGATCGCGTTCGTCTGGTGCGCCTGTGCGCAGAGGAGAAAACAGCATGACTTTATGGATTAACGGTGACTGGATAACGGGCCAGGGCGCATCGCGTGTGAAGCGTAATCCGGTATCGGGCGAGGTGTTATGGCAAGGCAATGATGCCGATGCCGCTCAGGTCGGGCAGGCTTGTCGCGCAGCCCGTGCGGCGTTTCCGCGCTGGGCGCGGCTCTCATTGGCTGAACGTCAGGTCGTTGTCGAACGCTTTGCCGGATTGCTGGAAAGGAATAAAGGCGAATTAACCGCGATTATTGCCAGAGAAACGGGTAAGCCGCGCTGGGAAGCGGCAACCGAAGTGACGGCGATGATCAATAAAATCGCGATATCAATTAAGGCGTATCACGTTCGTACCGGCGAGCAGCGTAGTGAAATGCCGGACGGTGCGGCGAGCCTGCGACATCGCCCGCACGGCGTGCTGGCGGTGTTTGGGCCGTATAATTTCCCTGGTCATTTGCCGAACGGACATATCGTTCCGGCATTGCTGGCAGGTAACACCATTATCTTTAAACCCAGCGAACTGACACCGTGGAGTGGCGAAGCGGTAATGCGTTTATGGCAGCAGGCTGGCTTGCCGCCGGGCGTACTGAACCTGGTGCAGGGCGGGCGTGAAACGGGTCAGGCGCTGAGTGCGCTGGAGGATCTCGACGGTTTGCTGTTTACCGGTAGCGCCAATACCGGCTACCAGCTGCATCGCCAGCTCTCCGGTCAGCCGGAGAAAATTCTCGCCCTTGAGATGGGCGGTAATAATCCGCTAATTATCGATGAGGTGGCGGATATCGACGCGGCTGTCCATCTGACCATTCAGTCGGCGTTTGTCACAGCCGGGCAACGCTGCACCTGCGCCCGCCGTTTATTGCTCAAAAGCGGAGCGCAGGGCGATGCGTTTCTTGCTCGTCTGGTTGCCGTCAGCCAGCGATTAACGCCGGGCAACTGGGATGACGAACCGCAGCCGTTTATTGGCGGGCTGATTTCTGAACAGGCCGCACAGCAGGTGGTTACTGCCTGGCAGCAACTGGAAGCGATGGGCGGACGAACCCTGCTTGCGCCGCGCTTATTACAATCAGAGACATCGTTGCTGACGCCGGGGATCATTGAAATGACAGGCGTTGCTGGCGTACCAGATGAAGAGGTGTTCGGACCGTTATTGCGCGTCTGGCGTTATGATTCTTTCGAGGAAGCGATTCTAATGGCGAATAACACTCGCTTCGGACTCTCTTGCGGTCTGGTTTCCCCCGAGCGGGAAAAATTCGATCAACTGTTGCTGGAGGCGCGGGCGGGGATTGTTAACTGGAACAAACCGCTTACTGGTGCTGCCAGTACCGCGCCATTCGGCGGCATTGGTGCATCCGGTAACCATCGCCCCAGCGCCTGGTATGCCGCAGATTACTGCGCATGGCCTATGGCGAGCCTGGAGTCGGACTCGTTAACTTTGCCCGCAACGCTTAACCCCGGGCTGGATTTTTCCGATGAGGTGGTGCGATGAACGCCTGGGAAGTTAATTTCGACGGGCTGGTAGGGCTGACGCATCATTACGCTGGCCTGTCGTTTGGTAATGAAGCCTCTACCCGTCACCGTTTTCAGGTGTCTAACCCGCGACAGGCGGCAAAACAGGGCTTACTGAAAATGAAAGCCCTTGCCGATGCGGGATTCCCCCAGGCCGTGATCCCGCCGCACGAGCGTCCGTTTATTCCGGTGCTGCGTCAGTTGGGATTCAGTGGTAGCGATGAGCAGGTACTGGAAAAAGTTGCACGCCAGGCACCGCACTGGCTTTCCAGCGTCAGTTCCGCTTCGCCAATGTGGGTAGCCAATGCGGCAACGATCGCGCCATCTGCCGATACGCTGGATGGCAAAGTGCATCTCACCGTTGCCAACCTGAACAATAAATTTCACCGCTCGCTGGAAGCGCACGTCACCGAATCACTTTTAAAAGCGATTTTTAACGACGAAGAGAAATTTAGCGTTCATTCGGCGTTGCCGCAGGTAGCGT
NZ_CP010206.1_gap39	1536091	1537648	1557	CTCCTGATCTTATTATTTCTATCACTGCGTAGCAGTCATAGTGTTGGCGCAAGATTAACAGAACTGTGAGCTGGCTCTTATATTCAAATGGAATTGCTTATTCCAGAAAGGTGATTTTTGCCTTTTTAGTATTCAACCTGATGCTTAATAAGCCGATGAAACTGGATCTGCAAGGTATTGATCATTTGCGATGACCAACGAACAGCGCTGTTCTCGGGTAATGAATGGGGCATCCATACCGACCAGACAAATAATGCCATGCAGATAAAACGTTCCAGTTGGTTGCCCTTTTGGGGAACCAGGATAGGCAAGCGGAAACGCCAGCGGCATGGCCAGAGCAGGGGAACACCGGCGGGTGTCAGCATATCGGCAAGTATGTGGCTCAAATAACCCAGCACCATTCCTTGTAGCGCATCAGCCGGAATGAACCAGCCTTCCGGAACCTTAAGGTAAAAGGTTGCCAGCAGCGCAAATACCGCCAGCAGACTGTGGGTAAAACCACGATGCCCAAAAGCGCGGGCGATCGGTTTTGATATCCATTTTAATCGCTGCCCAAGAAACGACTTTGGGTGATCGATGTCCGGTAACAAACACGTCAGGATTGCGGAAGGGACAATATGCCACCAGTCACCCTGTGCCAGCACGGGCGTCAGCTCGGCATTTTTGGCAAATACCGCACAAGCAATAGAAAAGAGAAGGTGACCTTCCGCCGTCATGATAAAACTCACTAAACTGTCGATACGTACAGTATAGGATTTTTATACAGTGCACGGAAGTGGTGACGGTGTAACTCTTTCTCTTAAATTGACGATTAATCCGTCAGTTGAATGCAAATTCAGATAAAGAACCAGGGGCAGCGTGATCACTGCCCCTGGTCATTAACCGAGAAGGTCTTTTGCGGTGAGTTCTGTCAGCGATGAGAGTTTGACGTTTGCTAATACAAAACGTGGATCATTTTGCGCTTCTGGCGCAGGAACGACGATGGAACGCATGCGGGCTGCTTTAGAAGCGATCATGCCATTTACCGAGTCTTCCAGCGCCACGCAGGTCAGTGGGTCAACGCCCAGTTTTGCTGCGCAGTCGAGATATACTTGCGGATGCGGCTTGCTGTAAGGCAGTTTTTCAGCCGAGGCGAGGGCATCGAAACTGTCGCGTAAGTCAAACATGGTCAACACTTTTTCCAGCATATGTAGTGGTGACGCGGAGGCCAGTCCCACCAATAAACCTTGTTCTTTGCATAACGCAACAGCTTCGCGCACGCCTGGTAATAATGGACGTGTCTCTTCAACCAGTGAAATGGCACGGGCAATAACCCGTTCTACTACTTCCTGACGGCTTGGCCCATTCCACGGTTGCCGGGCGTACCAAAGATCGACCACCATATCGATGCGTAAACCTAAGGTGTCCGGCAGCTCGTTACGACGGGAGATATCCACCCCCAGGCTTGCCATCACATCCAGTTCGGCTCGATCCCATAAAGGTTCTGAGTCGATAAGTAATCCATCCATATCAAAAATTGCAGCAAGAATCTGACGCGGGGTTGACATTACAACCTCT
NZ_CP010206.1_gap40	1598962	1600284	1322	ACATTCAGGCTCTCTAAGGCTATGCGTTGGCTCCAGTCTGGATCAGCAAACTTGATTTCCTCTACTATCAATCTAAATACCCGATCCAAAAGGCCCTCTTCACCTTTTTGAATCTCAGCATTTAATGCCTGATCGGTGACGATGTGTAAGGGCTCGTAGGGAATAGGGCAATAGAAATCGGCTTCGGGTAAAATACCCGTGCGCGACATCAACGTAATATTTAGCTTTTCACTTGCGTTATCGCGGTTAAAAACGACGTGTTGTTTATCATCTTCAATGAACGAACCATGCTGAATAGCCACTGCCATTGCCGCATCCAGTCCGCTCAAGGATGTTCCCATAATACCCACGTTACACGCATCGACCTTTGCTTCCATCAGGCCTGACCACGGACTGGGAAAATACGTTCTGGTTGCTTCTTCTTCATCAGGCCAGACGTGACCCGTGGCAATCACCGCTAAATCAAACGTCTCGCTGGGTAAATCCTGATTTGTAGCGAGCATGACGCCAGCATTTGTAATTTGCAGATCGGTAACCTGGCATGATTCATAAACAGCCACTGCAAATTTTTGCTGTCGTGCCTGGTCTACTAATCGTAAAAATTGATCGCGGAAATATTCGCCCAGCAGAATTCGCGGTAAAAACTGACGATCGTGCAAGGTTTCTTTTTTAACGCCATAACGCTGGAGATGGCTGGCTTCTTGCTTTTGTAGCCATTCGAGATACGTACAATTAATCGGCGGTATTTCAATACTGGCAATATTTGCCAGCATCATTTTTGAGTTTTCCTCATCACTGTATGGCATCCCGACACCGGCCTCGTCAGCCTGCTCGAAGATAGAAATAGAAAGTGGAGTTTGTTGCTGTAGAAGCGAGAATAAGGTGTAGATCCCCGTAGGCCCGGCACCCACAATAGCAATTTTTTTCATTGTTACTTACCTGTACGCATTCTTTCGAATTTAGTGTTATCAGATAAGTTTGGTTGAGATTTTTAGAATTTGAGAAATTTCAGACAGGGATGAAAAGGGCGCTAACCGCCCTTGATTAAATTCTGTCAGGCGAGTTTTGCCTGATTGATTTGACTCAGTGGCTCATTGACATCGAAAACTTTGGCGACAACTTCCTCAACGCCGAGATTTTTCAGTCGGGCAGTGTGTTTTTCCAGATAGGCAAGGGCGCTTTTTTCATCAGTGAAAAGGTAGATCCCACCGGCTTCGTGGTTCTTTTCACTTTCGGTCCATACCTTCCACAGAAAACCAGGTTCCTGATTAATCGACTCAGCAAGCGGTTTAAGCTGCTCAGCCATTGCGTCGCCAAATGGG
NZ_CP010206.1_gap41	1603003	1604661	1658	GCTCAGGCATACCGAAATGACCATAAATAAAGATATAGTTCACCGGAATGTTCACCAGCAGGCCGATAAAGCCCATTACCATACCCGGCTTGGTTTTTGCCAGACCTTCACATTGGTTACGGGCAACCTGGAAGAACAGATAGCCCGGCGCGCCCCACAACAACGCACGCAGATAACCCACGGCTTTGTCCGCCAGAGCCGGATCGATGTTTTCCATGGAGCGGATAATGTAACCTGCATTCCACAGCACAAGCATAATGAGAACGGAAACAAAACCTGCCAGCCAGAAGCCCTGTCGCACCTGATGCGCAATGCGCTCACGTCGACCGGAACCATTTAATTGCGCGATAACCGGCGTTAATGCCAGCAGCAGTCCGTGACCAAAGAGGATCGCCGGAAGCCAGATAGAAGTACCGATAGCGACCGCCGCCATGTCGGTGGCACTATAGCCGCCCGCCATCACGGTATCGACAAAACCCATCGCAGTTTGGGCGATTTGCGCGAGAATCACCGGGATTGCTAATGCTAATAACAGACGCGCTTCACTGATATACTTCTGCACGTGAACACCTTTTATTTGTAGTTATATGAGAGACTAAAAAGCCGCCTGAATGGGCAGCAAAAAGAAGAAGCAGGGGAAATTCAGTCTATTGTAGCGAGGATTTATTAATTCTCCAGTGAAAAAATAGTCATTCTTACCCCTTCACTGGTAAGGGCGTTTGCCACCTGCTATTGTGCTGAACAGAATGTCTTAACTGATTTCAGGAGTTGTAAGTATGTTTACGGGGATTGTACAGGGCACCGCAAAACTGGTGTCGATTGACGAGAAACCAAATTTTCGTACGCATGTGGTGGAGTTACCCGACCACATGCTGGACGGCCTGGAAACAGGTGCTTCCGTGGCGCATAACGGTTGCTGCCTGACCGTGACGGAAATTAACGGCAACCATGTCAGTTTTGACCTGATGAAAGAAACGTTACGCATTACCAATCTTGGCGATTTAAAAGTGGGGGATTGGGTAAACGTTGAGCGTGCGGCGAAATTCAGTGACGAAATTGGCGGACACTTAATGTCAGGTCATATTATGACCACCGCTGAAGTGGCGAAAATATTAACCTCGGAAAATAATCGCCAGATCTGGTTTAAAGTCCAGGATAGTCAGTTGATGAAATATATCCTGTACAAAGGATTTATTGGCATCGACGGTATTAGCCTGACCGTCGGCGAAGTCACGCCAACGCGTTTTTGCGTCCATTTAATTCCGGAAACTCTGGAACGCACGACTCTTGGGAAGAAAAAACTCGGCGCACGCGTCAACATTGAAATTGATCCACAAACTCAGGCAGTGGTAGATACGGTAGAACGTGTGCTGGCGGCACGAGAAAATGCCATGAATCAACCAGGTACAGAAGCCTGATCTGAAATCGCCCCCGGAGAGGGGGCGATAGAATAGCCTTTAGCGAGCGACTCGAAGGCCGTTTTCAACACCGCGTGAGAACACGACCTGCCAGAGCTGAATATCACGGGCGCGGAAAGCACCTGCACAGGCATTCAGATAATAGGTAAACATTCGTTTAAAGCGTTCACTGTAGTTATCCGCAATTTCTGGCCATGCGGCGAGGAATCGTTCATACCACGCCATCAACGTAGTATCGTA
NZ_CP010206.1_gap42	1607002	1609230	2228	GCAGGTCGGCCTGTATGGCGGCGAAAGCAGGCAGATACATATCGGTTGCCAGAAAACCGAGTACGCTCAAACCCGCCAGCCAGACTAAAAATCTTTTCCCAGGTTGCATGTATATTCTCTAAATCTCTCAATTAAACACCGCCGCAAAGTGTAGGGAGTGAAATTAGTGTTGTGAAACGGTAATATTTGATGACTGGTTTCAAAAATTTTGCAGGCAGACTATGTGGTCAGAATATTCACTCGAAGTTGTTGATGCGGTAGCGCGTAATGGTAGTTTTAGCGCTGCGGCACAGGAGCTGCATCGCGTTCCTTCTGCGGTCAGCTATACCGTGCGTCAGCTGGAAGAGTGGCTGGCGGTGCCGCTCTTTGAACGACGGCACCGTGATGTGGAGCTGACCGCTGCTGGAGCGTGGTTTCTCAAAGAAGGGCGCTCTGTTGTCAAAAAAATGCAGATCACCCGCCAGCAATGTCAGCAGATAGCGAACGGCTGGCGCGGTCAGTTAGCTATCGCAGTGGATAATATTGTCAGGCCAGAACGTACACGGCAGATGATCGTTGATTTTTATCGCCATTTTGATGATGTCGAACTTCTTGTCTTTCAGGAAGTGTTCAACGGTGTCTGGGATGCGCTTTCCGACGGGCGCGTGGAACTGGCGATTGGCGCAACACGCGCGATTCCGGTAGGCGGTCGTTATGCCTTCCGGGATATGGGGATGCTAAGCTGGAGTTGCGTTGTTGCCAGCCACCACCCGCTGGCGTTGATGGATGGCCCATTCAGCGATGATACGTTGCGCAACTGGCCGTCGTTGGTGCGCGAAGACACCTCGCGAACGCTACCTAAACGTATTACCTGGTTGCTGGATAACCAAAAAAGAGTTGTCGTGCCTGACTGGGAATCATCGGCAACCTGTATCTCGGCAGGATTATGCATAGGGATGGTGCCAACACATTTCGCCAAACCGTGGCTTAATGAGGGGAAGTGGGTAGCACTTGAATTGGAAAACCCCTTCCCGGATTCGGCATGTTGTCTGACATGGCAGCAAAATGATATGTCGCCTGCGTTAACCTGGCTGCTTGAGTATCTCGGCGATAGTGAGACGCTGAATAAGGAGTGGCTGCGGGAGCCGGAAGAGACTCCCGCAACGGGTGATTAACGACGATAGTCGCGGAACGGGCCGTCAGCCACGGAGCGGCGTTCAATCAAGCGCGGATGCACTTCAATGGACTGCGGTTCTTCACGTTTGTTGACGATACGATCCAACAGCATGTTGAACGCTGTTTCACCCAGCGAATCTTTTGGCTGGTGGATCGTGGTCAGCGCCGGCGTAAAATAGCGGGCGTTGCGCACGTTATCATAACCGATCAGCGAAACATCCTGCGGGACGCGCAGACCCATTTCATCAGCAGCACAAAGTGCGCCCATTGCCATGATATCGCCACCACAGAAGACGGCAGTAGGGCGATGCGGCTGCGACAGTATTTGCTGCATGGCGCGATAACCAGATTCGGGTTCAAAGTCACCCTGAACAATCCAGCTTTCCGGCACCTTGATCATCGCTTCTTCCATCGCCTTCATAAAACCGGCAAGGCGGCCTGCGCCGGTGTTACGTTCCAGCGGGCCGGGGATGACGCCGATTTCGCGGTGACCGCGTTCAATCAGATAACGCCCGGCCATGTAGCCGCCTTCGAACGCGTTATCAATGACCGCATCGGTGAAGTCAGCTTTTGCTTCACCCCAGTCCATCACCACCATTGGGATATGGCGATACTCTTCCAGCATCGCCAGCAACGGCTCTGGGTACTCAGAACACATCACCAGCAGACCATCGACGCGTTTTTGCGCCATCATCGACAGATAAGCCCGCTGTTTCTCAAGATTGTTCCACGCATTACCCAGAATCAGGGTGTAACCTTTCTGGAAGCAATTTTTTTCAACCGCTTCAATGATCTCGGCAAAATAGGCCGCTTCGCTGCTGGTCGCCAGCAAACCGATAGACTTGGTGTGGTTAACCTTCAGGCTACGCGCCACCGCGCTAGGGGAGTAGTGTAATTCTTTAATCGCTGCCCACACGGCGTTGCGCGTTTCTTCAGCGACGAAACGTGTTTTGTTGATTACGTGTGACACAGTTGTAGTGGAAACGTTTGCTCGTTTCGCTACATCTTTTATTGTTGCCATTCCATTTCACTCCAGACCCTAACTTCAGCTCCTGCAAAATCGCAAGGTAAAC
NZ_CP010206.1_gap43	1611505	1615246	3741	GTTGTTCAGGTTAGTGACATAAGTCTGATGATGCTTGCCGTAGTGATACTCGATAGTTTCCGCAGAAATGTGCGGTGCCAGAGCATCTTTAGCATATGGTAGTGCAGGTAATTCGAATGACATTGCTACTCTCCTTTATTATTAATTTGCATACGTACAATAGCCTTATTGTGCGTATGGATAGGGTAGCAAATTAAAAGGTGAGACAAAAGATGAACTTACCCTGTTGCCGTAACAACAGGGTAAAGTTTTAGCGAAGTGTTTTTGGGGTCATTACCCGACGAGCGCCAACATAGTGGCGCTGCCAGTAGTCTTCACTGAGAGAAGTGATTTGAATTTCCTGACCTGTGCGCGGTGACTGAATAAATTTGCCGTTGCCGACATACACGCCGACATGATCGGCTGTGCCGCGTCCCTGAGTACGGAAAAAGACCAGGTCGCCGTTTTTCAGTTCACTACGTTCGATTGGCGCTGCATCACGCAGGTGATACATTTCATTCGCCGTACGCGGAATACGAATTTTCACCAAATCTTTATAAGCGTAATAAACCAGGCCGCTGCAATCAAAACCGGTACGCGGTGAGCTGCCACCCCAACGATATGGCTTACCAATTTGCTGCATCAGTTTATTCATTGCCACTTTCGTAGCTTTTTGCACCTTCGCTTTGTGCGCGTCGGCAAGAGTTCCTGACGCGGCATTTTTGACTTTCACACAATGCGATTTATAGCCCTTACGTTTGGTACACTTTTCGGTAAAGCTGGCTGAGGCCGTTTTATTGACGGCGTGTTTGCTGCGAGTTTTGGCGTTTTTAGAAGCGGTAATGGAAGATTTTTTAACGGAAGAAGCGGTTTTGCTTTTGGTCGTACTTTTACTGGCGGCTTTTTTCGCTGTTTTCTGGGTCTTTTTGGTGGTTGCCGTGCTTTTCTTTTTATCTGCTTTTTTGGTGATATGAGTGGTAGCAGAACTCTCCCTGGCTTGCTTTGAAGCATGGGCCATAGGCGTTAAAGGCAGGGTGGTAAAAAGTAAAGCACAGAGCGTGATCGAAATACGGTTTATCCGCGCCACTGAGCGTCCCTCTGTTAAGGCAGGTCTATCATGCCTGCGTCTGATTTACAAAACTTGATGATTCTAATGCATAGAAGAAGAGAAAGTTAATAGCTTTTATTGTTAAAAAATACGTTTCGTTGGCGAGCGCAAAAAAATGCAGCAGTGAAAGCTAAAAATGGTTATAAATACGCCAGTTTGCCGCGCATCAGAGAAGAAACGAATATTTGAAATGCAACAAATAGAGCAAAGGGATAAAATAGCAAAAGCGTGATGAAAATGTTATTTTCCGATGCCGCACTGACCCGCTACAATGTCAGATTACTGCCGTAAAGAAGTTTGAGGAAGCAAGACAATGAGCACCACTATCGAAAAAATCCAACGCCAGATTGCTGAAAACCCGATCCTGCTGTACATGAAAGGTTCACCGAAACTGCCGAGCTGCGGTTTCTCTGCCCAGGCAGTCCAGGCGCTTGCCGCATGTGGCGAACGTTTTGCCTATGTTGATATTCTGCAGAATCCGGACATTCGTGCGGAACTGCCGAAATATGCTAACTGGCCGACCTTCCCGCAACTGTGGGTTGACGGCGAGCTGGTCGGCGGTTGTGATATCGTGATCGAAATGTATCAGCGTGGCGAACTGCAGCAGCTGATCAAAGAAACTGCCGCTAAATACAAGTCTGAAGAGCCGGACGCGGAATAATCCGTCCTGCAATACTGACGGATGCGAACGGGCATCCGTCAGTCCTTTCTCTATCCCCAATCCAGCCCTTGTGGCGAACTTGAAAATCCCGCCTCACGCAGCAGCGTAAACATCGGCGTTTGCCGGACCGGTAGATCATTCACTTCTGTTAGCGTAAAGCGCAGCCGTGGTTCGCGACGCAGTGCGGTAGTCAGCGCGTGGAAAACCTCTGGGGCGAGTAATTCCTCTTTTTCCTGCCAGACCAGCATTTTTTTGCCACCTTGCGCCAGATAGAGTAACAATTTGCCGCCAGAAACGACCACCAGCGCACCCGCCCGACGCGTTGGAACCAGCGTTGCCGGATGTGCAGGCCAGGGCAGAAGATTTCCCCACACATTAGCCGGATCGTTGGCAGAGAGCGCCACTGGTGTATAGTGGCGCGTTTGCGTGGCTTGTGTCGCCAGATCGCGCAATCGGTCAATAGTCAGACGTTCAGCGAATTGCGCGCCACCCAGACCTTCTACAAAACGACCTCGCATAATTCGCCCGGAGTCTTCCATACTTCGACAAAGCGTTTGCATCGATGGAAACCCGCCAGGGATATTTTCGGCTATCACCGCCTGACGACTGATGATGCCGTAGCGGTCGAGCATATTTTCCGCCAGCGCCAGCATCCTTTCGGTATCGTTTAGTGGCTCCACCTGCAATAACGACCAGCGTCCAGCCAGATTTGGTGTGTTGTAAGATACCAGCGGCGAGACGGGTTGCGCATAGACAGGACGTCCACGACGAGCCCGGTGACTGCGGCGAGTTGAGGTGCGTGCGTTGGAACTGCTGCGGGTGAGGGCGCGTAACGGTGCCCAAATGTCGCTGGTGATGACGCCTTGCCAGACCAGCGCCCATAACGCCTCTTGCAGGGCAGAGAGATCAACCGATTCGCCGATTTTGTCGCGTATCCGTTGGCTGATTTGTTGTGCAAACCAGGCTCCTCCGTCAGCCAGAACAGCGACTATCGCTTGTTGCAGCGCCGAACGATTCGCCTGATCCGCTTCGGCGGGAGTGAACGATTCTGCAGCATATTCCTGTAGATGCAGTGCCACCAGGCCGTCATCTTCACCCAGTTTTTTTTGCCCCGACCAGATAACCGCACCGGTTGCCAGTAATTCATCGAGCATTTCTGGCGAATAGTCGCGTACGCGGGCAGGCAGGATCTGGCTTTCCCAGAGTGAGGCGGGTAAACCGACTCCGGCAAGCTGTTCGATCACCCGCATCACGCCATCTACGCCCTCATAAACGCCTGGCGATGTTGAGGCAAAGAGCGCCGGGCTACCATCGGTGGCGGGTAATACGCCCTGACGTTCCAGCAGCAATCGCGCATAGGTCGTGGCTGCAACGGGACGCGTCGCTTCTCTGGCGGCTTGCAGCGAGCGCAAACGCAGACGACGAAATACTTCATCGCTCACCCAGATGTCTTGTTGCAGATTCATCACCAGACCCTGTTCACGCAGTTGCTGAAGCTGCTCTTCGACAATGGCAATACCGAGACTAAACTCATGAGCCAGTTGTTCAGCCGTGACCAGAGCATGAGCCCGGAGATAGCGCAGAAAGAGGTCGCGAAGCGGGTAACTGACTCTATGTAAATAAATCTCTGGCAATGACTCTGGTAGTCGTACGCCGAGGGCATCACGCAGCCTGGCGGCATCATCCATACAGGCAAGACGCTCCTGTCCGCTAATCATCGCTGGGAAGATTCGTTTTACTGCAAGAAGATTTTCCAGATACGACGCAACCTCTTCACTGCTGCCTGTATGCCGTTGCGCCAGGTCTTCAACGGTCATTGGCCCCAGTTCGCGCAGCAGGTCGAACAATCCTTCTTCACCTTTCGCTCTTCTGCCAGGAGCCAGTCGTTGCAACTCTTCTTCCACCTGGCGAATGACCTGCGGGTCGAGTAATTCCCCCGGATCGACCTGTCCGAGTAGATTGCGCAGTAACTCGCTGTCCAGCGACAGTACGG
NZ_CP010206.1_gap44	1673771	1676339	2568	CGGCTTTCGTCGCAAAATATTTGGCTTGCTCTCCCTGGCGGCGGTGCTGGCTGCCTTTAGTGCGCTTTCTCAGGCCGTAAAAGGGATCGACTTGTCTGTCGCTTATGCATTGTGGGGCGGGTTTGGTATTGCCGCCACGTTAGCCGCAGGTTGGATCTTGTTTGGTCAACGGTTAAATCGTAAAGGCTGGATTGGCCTGGTCTTGCTGTTGGCTGGAATGATCATGGTGAAACTTGCCTGATGAACACGCTGCCCGCACTGTCGGGCAGCGTTTGAACATTATTTTTGCGACAGTTGATCCAGCTTGTCGCGAAAACCGGTAACAGAAATGGCCCGGTTATCGGCGCGCCAGCGATCTTTCGCGGCAGGAGCCGAACTTTGCACCCCAATTAATTGCCAGCCGTCATCGGTATGCAACATCAGAGGCGAACCGCTGTCACCCGGCAAGGTATCGCACTGATGTGACATCACCGACGTTTGCGCCCAGCCAGTCACTTCACAGTTTTGATGACTGTATAACGTATCGAGATGATCTTCAGGATATCCCGCCTGAGTCACTTTACGACCAGCCGATTTTAATGCGGCAGTAAGCGCGGCTTTATCTCCCTCAAATAACGGCAACGGTGTAATGCCAGAAGGGGGATTACGCAGCACAATCAAGCCGAAGTCCCATGGTGCAGCTGCGGGAGGAACAATCCAACCATCCCCATCTGCTTTTAACCGCTTTCCCAGTGTCGGATCAACGCGGCCTTCTATGTCGTGGATGTCATAGCGCCAAAGACCTTTATTTGACACAAAACGCAGCGCTACCGCCTTATCCGCTTTACCCTTAGGCGGCGTCAATAAACAGTGTCCTGCCGTTAATGCCAGATTGGGTGCAATCAGCGTCGCCGTACATAAATTGCCGCTGGCCGTTTCCAGTTGCCCAACCGCATCCCACGGTGATTGGGTCGTGTCATTCACTGGCACACGATCATCATGACCAAAAAACAGGGTGCTGACCTCATCGTTTGCCGATTTGGCAACGTCTGGTTTATCTGCAAACACAAAAGCAGACGTCAAACTAATTGCACCCAACACTACAGCAATGGTTGTACGCATATCACACTCTGGTGGGTAATTATGATTATTAAAAGCAAACCCTCATAAATACTATAGACGGGACGGGATGAAAGTGGGAGTAAAATCAGATAACTACAGTCAGGAAAGATAAAAACGGGCGGCAATCAGTGCGCATAAAATAAGGATGATAAGAATGAACTCAAAGCGATAACGGCCCACCATACTACCCTCCGCTAAAGGCGGTGCTAAACGTTACCCGCTTAGCACCGTAATTTTCAGGCGCGAGGGGGCGCGCCAGCATTACTGTTGAAAACTTACGCTGCGGGTTGTGCAGCAGGTTTTGCCGGTTGCTGATGGCTGTGTTTCCCGGCGTGTTTCTTCGCTGCCTGCGCTTTTTGTTCAGGGGCTTTCTGTTCAGCTTTCGTATTTTTATGATGCTTTTTAGCCGCCTGCGCTTTCTGGGCAGGTGCTGCTTTATGCTGTTTTTTATGATGTGTAGTTTTCGCCGGCGCTGCTTTGGTGGTCGTCGCAGTCGGAGCAGGTGTGGTCGCAGTCTCTGCAGCAAAGGCGGCAGAAGACAGACCCATAGCAGCGGCAACAACCAGACCTAATACTTTTTTCATTGTCATACCCTCAATTTGTTTTTTCATTTAACCCCACTGCGGGGCCGTTGAAATAACTATATCCCTGGGAATGGCAGACTTCCGTGAGTGGTTGGTTTCAGCGTGTAACGATATGTACAAACGCTGAATAAATTACAGCATTGATAATAACGTATTGTGACTTAAGGGAAATTTAGCTACCAATAATAGTAGTCTTGATCGGGTTAACTATTTTACTACTTACAAAGCGGTAGAATAACTGCGCATCAGTAATAAATGACACACAGCAAAATGAATCCGTTTATTTGGGTACTTATAATCCTGATGACGCTAGACGCGCTGCGGGAATTGGCTGGCGCTTCGTCTATTTTAGGATGGCTATTAACGTTGGTTTGAGCAAGCAATAAGTCCGGACGTGTAGTTACCGCAGTCCGGGCTTATTTTTCAGGCGTGCAGACGACGATGCAAACGCGTCCCGACCAGCAGAGCAATGACCAGCATCAGAGCAATAAATGCGCCGACGCCGTTCCAGCCATAGTTATGCCAGAAAACACCACCCAGCGTCCCGGCAATACTCGACCCCAGATAGTAACTGAACAGATACAGCGAGGAGGCCTGGCCTTTAGCGCGTTTTGCGCGGGGGCCAATCCAGCTGCTGGCAACTGAGTGGGCTGCGAAGAATCCTGCTGAGAAGAGTAACATTCCGGCAAAGATCAGCCACAGCGAGCTGAATAAGGTCATCAGTAAACCAAACAGCATAACCCCCGTCGAAAACAACATCACCGGACCGCGCCCGTAGCGGGTGGTCATGGTTCCGGCTTTAGGTGAGCTCCATGTACCGGTCAAATAAGCCAGCGATAATAAGCCAACCACGGCCTGACTGACATGCCAGGGGGAAAGCATC
NZ_CP010206.1_gap45	1743453	1746510	3057	GATGGTTTTGGTGGCACTAAGCAAGACCAGATTATTATTCGTGTATCTCAGGCTCTTGTTAATGCCGGTGTAATGAATCAGGCAAATAATTTTATCGGTAAGTTAGTCCAGATACCTGTATATGTTCGCGTCTGGTCAATGGAGGGGAGGGAAGGAGTAACTTATAACATTTCATCAGATGGCGGCATTACTGAAATAAAAGGCTGATTATGGATACATCAGGTTTCGATATTCAGTTTGATAATCATATTCCTGAAAATGGTTACCGTATTGAAGGTTATTTATGTAATGCGAACAATGCAAAAGAATGTCAGGCAATAATGGTACGTTCTGAACCATTTCATCAAATTGATTATTCTGCAATGGGAAATTACTGGACATTAGGTTTTGGCTCTGTCCTGCTGCTCTGGCTTTTTTCTGTAGGTGTGGGACAGGTAATAAAGATGGTTCGTACTGCTTGAATGCGAACCTTTAAAATGTAATGGAGATAGAGTTATGTTTAAAAAAATCGTTAGTTTTCTGGCTGTACCTGCATTAATGGCTGTTTCTGGCGCGACTTTCGCTGCAGAAGGAGCGGCATCAAGTGGTGTTGATTTATCGCCGCTGACGAACAGCATTGATTTCAGTACAGTTCTGGTTGCGATTATGGCCGTTGCTGCTTCACTGGTAACACTTTATGCCGGTGTCGCTGGCGTTCGCTGGGTATTGCGTACCGTTAAATCCGCATAAATTCATTATTCATGGGCGATGCAATATCGCCCGTTTTACTTGAGGTTATTATGGAGATTGAATTATGGAAATTGGGTTCCCTTTTATGGGGGATCGTCTCAGCTTATGTCGTTATTCTTGGGCTAAGAGGCTGACGGTTTATTCCTTTATTTTTTCCTTTCTCTGGGTTTCCTTTCCCCGATATTCATATTCATTTGTACCAGCAATTGCAGCAGTGGCTGCGCGGGCTGTTATTCCTAAAGTCGTTGGCCGGGTGCTTGTTCGTCGCTTTGCTGCCAATGATGCGATTTATACGGCATCACAGCTTACAGCAACCCGTGTTTTTGTTGGCCGCGCTGCGGCTAATGCTGCCGAATACTTGCCTGCTGCCTCATCATACAAAATGAGCGGTGTTGCAACGTGGGCGGGTATTGCTGCTGTTGTATCATCTTTTGTTCCGTCTTCTTTGAGTTCATCTGACGGCTCGGTAATGGTAATGACTAACGGTAAAAAGATTTCCGATAATTTATATGAAGTAACGTACAGTGGTCAAAGTGGTGAAAGTAAGACGATAACCGTTAATTTTGAACCACAGGAATTAAGTCCGGTAATCCTTCATGTTAGTCGTAATAATGTGGATGCGGGTTCTCCAGTTGTAGGTGTTGAAACAGGATATTCCACGCCAGATAATGCGCTTTATTATTATCAGGATTCGAAAGAGCTAATTTATTACTATGGTGATAATCCAACTGAAATTGCCAGAAATTATCTTAATGACTATAACTCGCGTACTTATACTGAAACACTAACGAATTTTGAACGCACTGTGACGAATAAAGTTGTCAACAGTAATGGAGATGTATCCTTTACTGAACAGAATTATAAGTTTACTTATCCTTCCTCATTTTATGAAATTCCTGAGATTACACACTTGTATAGCAACCCGGCCGCATCTTCATTTCCCGCAGGTATTCCCATTTATGAAAATGTAGCAGGGCTTCCCATGTATTACAGCGTTGCTTATTTAACAGCAGGAAAGCAATATCAGTATCACAACACGCCTTGTAAAACGACTAATCAGTCAAATGGTGGATATTCGACGATTTGCGCCGTTCCTGAAAAAGAGGATTACATCGCAAAAGATATTGATGAAAAGAGTGAGCTTACTATCTGGACCAATACCAAATATAAAGCCATGACGGAAGTACTGGAGGCCGGAAATATTGAGTCCATGATTGATTATCTGGAGTATCTTGATAGTGTTAGTGTATCGCCAGCACTTCTTGCCGACATGATTAACGAGCTGTGGTCTGAAGCTGCCGTTAATGCCGATTATAACGGCTTACCGTTTAAAGAGGTTTCACCGGCTGAAGTAACTTCTGCGATGTCGGAACTTAGGCTATCTCCAACGTTATTAGATATGCTTTCACCTGTATCTGACAGTGCAGGGGCTGACGTCAATATTGATATTACCATTAATAACAACTCAGGATCTGACACTGGAAATAATGGCAATATAGCTTTGGGAGAAGATCCCGGTGTAAAAGAGCCTGAGCTTGAAGAAACGCCAACGGCAAGAGATATTTTAACGCCAATTATTAACTTGTTGCCTTTTACAAACGAATTTAACATCGGCTCTCGTTCAGCATCCTGCCCCGTTGTTGAATTCAGCGTGTTTAATCACCAGTACAGAATTGACTCCCATTGTCCGTTAATTGAGCAGAACAGAAGCGCCGTAGAAACCATATTTCTGATTATATGGGGATTTGTTGCGCTCCGTATTATTCTGAGTGCCTAAAGGAGTGCAACTATGTTTGGGATTCTGATTAGTGCATTAAATACTTTGTTAGGTTTTGTATTCCGGTCATTGATTATTAAATTCGTCGTATTCTTTGCGCTGTATTTTGTAGTCCAGGGCTTCGTTGAAATCCTTGTTGAGTTACTGCCAGATTCAAGCAATCTCTCATCGCTGTTTGCCAATTTATCAGACGGATTCTGGTACTTCATTAACCTGAGTAAATTACCACAGGGGATTAGTATGATTATCTCCGCAATGGCTACTCGTTTTATTATTCGACGTATTCCTGTTATAGGGTGAGTTATGGCTATTTCTGCATATATCGGCATACCCGGCTCAGGAAAAAGTTATGAAGCCGTTTGCAATGTCATTATTCCGGCATTTACCAGCGGCCGGAGAGTTGTGACGAACATTTATGGTTTACAAAAAGATAAAATCACCGAACGTTATCCTGATGCAACGGGAGAAATTATTGTTGTGGATAATGATGATGTGCTTAAAGCAGATTTCTTTCCTTTTAAAGGTGGGGAAGGGAGCTTTTGCCAGTTTGG
NZ_CP010206.1_gap46	1853015	1857723	4708	TGCTTCGCTATCTCGTCAACTTACGGTTGAATACGATTACGTGTGGTTTGTCCCTTCTGGCGCTGTAAAAGACGACCTGCGTCATGCCACGCTGGTGGCCCTGCCTGTTCCGGGACATGGTGCAGTCGAACCGATTGGAATACTGACCCGCGTAGATGCGACGTTCTCTTCTGGTTGCCAGTTGATGATTAACGCTATTCGAAAATCAATGCCGTTCTGAAAGGTGAAGGGATCTGTCGATCCCTCCTTGAACATTTTCACACCGTAGCGAAACTAACTGGTTCACCCGCTCCGCGAGGTTCTGCCGACACAGAATGTTTGTGCAGACGGAATACATCCACCGCCTCAGTTAATCGTGCCGCCTGTTCTTCAAGGGACACCGCCGCCGCTGAGGCCTCTTCTACCAGAGAAGCATTCTGTTGCGTCACCTTATCCATTTCAGAAATCGCCTGGCTAACCTGCGTTATGCCTCTACTTTGTTCATCCGAGGCGGCGGCGATTTCCTGCATGATATGTGTGACACTCGCGACGGCATCAACAATAGTGCTCATGGTTTTCCCGGCCGTTGCCACCTCATCCGACCCCAGGTCAATTAACCTGACTGATTCACTGATCAAGCCTTCAATCTCTTTCGCCGCCTGAGCGCTGCGACTTGCGAGTGTCCGTACTTCGCTGGCGACAACGGCAAATCCACGCCCTTGCTCACCCGCTCGCGCGGCTTCAACGGCAGCATTCAGTGCCAGAATATTCGTCTGGAAAGCAATACTGTTGATGACGGCGGTGATCTCAGAAATTTTCTTCGAACTCGTGGAGATAGCGCCCATCGTTTTTACTACACCGGAAACCGTCTGCCCGCCATCGCTGGCTTTAATAGAAGCCTCTTGCGCCAGTTTGCTGGCATGATGCGCGTTATCCGCATTCTGTTTCACCGTCGCAGTGAGTTGCTCCATGCTGGCGGCAGTTTGTTCGATAGCCGCCGCTTGTTCTTCGGTGCGAGATGACAGGTCCGCATTGCCAGCTGAAATTTCGCTGGTGCCACGATAAATCTCTTCCGCGCCCTGTCGAACAGTCCCTACTGTCATCCCCAGTGAATGCTGCATTTGCTGTAAATGACGACTTAAGCGACCGATTTCATTACGACCCGCCGGTTCATCATTCATCGTCAGATCGCCACTGGCGATTTTTTCAATCCGTTGTGCGGCATGTTGCAGTGGACGAATGACGATCCGACGTAGCACCATAAATGTTATCAGCGTCATGACCAGGGCAAGCACAAACGCGCCAATCATGAACATCCCACCCAGGCGGGTGCGCTGATGGGCCAGTTCCGCCAGTTGGTTGGCTCTGGTGCTACGTATCTTAACGGCTTTGTTCAAAATATCGGTATAAGCATTATCCAGCGGTCGGATCTGCTCACTTTCATGATTGACAATCGCTTCAAACATGCCATTTTTGGCATATTTCAACATAGGTTGCATACCCGTGATATAAGCCTGAAAGCGTTGATTTAATTCAGTGTCGAGGGCTTCATCAGCAGGTGTTTTCACCGGTCGATTCTGATAAGCACGATAACCTTGCTGCGACTGTTTAATCTCCGATTCGGCTTGCGCAATATTTCGCTTCATTGCTTCCATTTCCGCAATACGACTCGCAGCCCCGGCCTGAATCATATTGATCCGGGCTGAACGCAAAAAATCTGAACTGTTCGCTAACCCGGTCCGAATCTCAATCTCCGCAGTAACATCACGCTGATCGCGATCGGCCTGCCAGAGGAAATAGCCAGCCAGAGCAGAACTTAATGCGAATAGAACTAAGATACCGCCAAGAATGCAGGCAAATAACGGAACCAGCCTGATGTGATGCAAAAAACCTAATCGCTGTGAGGGAGTTGTATTCATTACCGTTGTCTCTCGTCCAGGTTTACTCCTGATAGAAAGTCATCGGCACTTGACGGTAATTACTTATGACCAAAAACCTCTTTGCGTCACATTTTTACAACAATTATTGCAGAGAAAATTAATGCTATTGGAATGAAGAGAGTAACGAATGGCTAAACTGGCTAATCCGAATGACGAAAAATTCTGGAAAACAGCACGCAATTTCGTGAAGTGATTATTTTCGTCCCTAAGGAAACCTCATAGGATGCCTGCGGGTGCCTGAGACTTTCTGTTTTCAGGCTAACCGGGAATCAGAAAGACGAAGGCCCCGACCGATATTTCTATCAACCGAGGCCAACGAATGAACCTAGCAATTCAGATCTTAGCCTCTTACCCGCCATCCGGCAAGGAGAAAGGCTATGAAGCACAACCCTCTGGTGGTGTGTCTGCTCATTATCTGCATTACGATTCTGACATTCACACTCCTGACCCGACAAACGCTCTACGAACTGCGGTTCCGGGACGGTGATAAGGAGGTTGCTGCGCTCATGGCCTGCACGTCCAGGTAAGGGCAAGCGCGGGGATTTTCCCCGCGCATCTGACTAGCAGATTCATTTTCTCATGGCACCCCTTTTACACTTCAGTTAATGCATGTTTTTTTCGAGGCACTAATAGAACCATCATTACAGACAAATTTGCCGCCTGCCGTACAGTGTGAGATCCCCCCTTTCGAACCAGAACAGGGTTTGCGCCCGGCATCGGCATAAAAGGAAACAAGCGTTCCCATAAACAAAATAAGTGCCAGTTTTTTCATATAACCTCCATGGTTTATCGAATCTTATGTTCGATTTGAACGTTATACGCTGGTTTATTTTGATACCGTTGATGAGATCAAAGATCGGGTGAATTGATTAAAAATAAGCCAGATGGACGTATGGGCAAGGATTATGGTTTTATTTGTCATACAAATAAATATAATAGGCGCTTCCGATGTAGACCCGTATTCTTCGCCTGTACCACGGGTCGGTTTTAGTACAGGCGTTTTCTTTAAATATCCTTCAGGAACGTTTACGCGGCATCATGCGTAGAAGTGTGTTGTCCTTCCAGAAATAGTGGTGTGCCAGTGCAGCCGCAGCGTGCAACCCGATGACAAAATATCCCAGATTCGCCAGCGTCTCATGCCACGACTTTAAGCTATCAACCCGTTCGAAATTGGCCTCTGAAGCGTAAGGCATCGTCAAACCAAACGCAAACCACGGGTTGCCCCGGTTATACATCATCACCAAACCAATCACTGGCAGCGCAATAAACAGGAGATAAATCACCAAATGTCCCAAATGCGCCAGTCCCGTCATCATCGGTTTTGGCTTAGGTATAATCGGCGGGGTTGGGTATTTCAGTCTTAACAAAAGACGAACCACCATCAGCACGAGAATTGAGATACCACAGGAAACATGAACCATGTTGATGAGTGGCCGATCGCTACGTGGGAAGAAACCACGAAACTCCATTGCGCAATACGCTGCGATAACCAGCAAAAAGACCAGCCAGTGAATGCTGATTTGTAACCTTGAGTATTTATTTTCCATAACATTTCCTGCTTTAACATAATTTTCCGTTAACATAACGGGCTTTTCTCAAAATTTCATTAAATATTGTTCACCCGTTTTCAGTACGTTACGTTTCACTGTAAGAATGGAGATTGCCCATCCCACAATCCTGGTCTAAGCCTGGAAAGGATCAATTTTCATCCGAATGTTCCTGACAGGAGAAAACCATGAGTAAAGTTGGTATTAACGGTTTTGGTCGTATCGGTCGACTGGTGTTGCGTCGATTACTTGAAGTCAAAAGCAACATAGACGTTGTCGCTATTAATGATCTCACTTCCCCAAAAATTCTCGCCTACCTGCTGAAACATGATTCAAACTACGGACCATTCCCCTGGAGCGTTGATTTTACGGAAGATTCACTTATCGTTGATGGGAAAAGTATCGCGGTTTACGCCGAAAAAGAGGCTAAAAATATTCCGTGGAAAGCGAAAGGTGCAGAAATCATTGTCGAATGTACTGGCTTTTATACCTCCGCCGAGAAATCGCAGGCGCATCTTGATGCTGGTGCGAAGAAGGTGTTGATTTCCGCCCCTGCCGGTGAAATGAAAACTATCGTTTATAACGTCAATGACGACACTCTGGATGGCAACGACACCATTGTTTCCGTGGCGTCATGCACAACTAACTGTCTTGCGCCGATGGCCAAAGCCTTGCATGACAGTTTCGGGATAGAAGTCGGCACGATGACGACCATTCATGCCTATACTGGCACCCAGTCACTGGTGGATGGCCCACGTGGTAAAGATTTACGTGCTTCACGCGCAGCGGCAGAAAATATCATTCCCCACACTACGGGGGCGGCAAAAGCCATTGGTCTGGTGATCCCGGAACTGAGCGGCAAACTGAAAGGTCATGCGCAACGCGTGCCGGTGAAAACAGGTTCGGTCACTGAACTGGTATCGATTCTCGGAAAAAAGTGACTGCCGAAGAGGTGAATAACGCACTTAAACAAGCAACCACCAATAACGAGTCATTTGGTTATACCGATGAAGAAATAGTCTCTTCCGATATCATTGGCAGCCATTTCGGTTCGGTGTTTGATGCCACGCAAACGGAAATTACCGCCGTGGGCGATTTACAACTGGTGAAAACGGTCGCCTGGTACGATAACGAATATGGCTTCGTCACGCAGCTTATTCGCACCCTCGAAAAATTCGCTAAACTCTGACGCGCACAGGCGGAGGAAAAAACCTCCGCCTCTTTTACTCATTACGACTGTAA
NZ_CP010206.1_gap47	1868869	1870249	1380	ATAGTTAAGAGGAATAACCCAATATAACCACCGCGGAAAATGTATGGATATAAGCGTACAATATTCTTTCAATGCCAGAAAACTTATCAGCGCAAAAAACGTCAACGTCATCCAGCGTGGACCTGAAATCACCAGTGAAAAACAAATGACGATGCCCCACCAGGTACGAATACGTAATGTAACCTCACCCCCTTTTCTCTCCGGTAACCGCCATAGCAGAAAACGGTTTATCAGCGTTGCTAAAATTAACAACGCGAAAAGTGTTGCCAGAGATTTTTCCAGCATTATCTTTCAGCACTCATAAAAAGCACACTCCGACAACGATTAATCGCAGTCCAGAGAAGCAGAATTGAAGCAATGCTCCATAAAAGATTATTCCATTGCATCCACTGTGGATAAATGGAAACGGCCAGCCCCCACAACCCAAATATTAACGCACGATCGCTTTTGCCGAATGGACCGGCATAACTGCGAATACCGTTAATTGTCTGCGCGAGTAAACCACAAAACTCAGTCAATATGGTGCAAAATAACATGAGTATTACGAGTGATGCGTTACTTTCCGGTAAAAATAAAAACGGTAAATAGAGCGCAATATCGGAAATAACATCGCCAGTTTCATTCAAAATCGCCCCCAGACGTGTTTGCTGATTGCACTCACGCGCCAACATGCCATCCAGCGCATTGAGCGCCATACGGATAAAAAGCACGATGGGCAATAGCAAAAAGAGGATGGGTTGTGCCACCAACACCAACAGCAATCCGGTAAGAAGAGAAAGCGCCAGTGCAGCAAGAGTGATGTGATTCGCTGTAACGTGGTGCTTGTAAAGCCAAAACATCGTCGGCCTTAACAGCGACTGAAAGAGCGGTTTTATCTGGTAGAGCGTCATTATCAATCCTTGATAATTCGGTTTGCGCTATGGTGCATCAATTCCCCTGACGGAGATATCGCAACACGCCGCTTCATTAAAAATTCAGAATATATCAAGGTATTGGGGACTCACTGTCAGGAATAATTATCCCCAATTAATCAAAGGGTTAAGAAATATTACGTTGTGGATCAATACAACTCATCAAGTTTTCTCATCGCTTGTTCCCGTATTGCGCGCGTCTTACCGTTAAGCGCCAGCTGGCGGACTAAATCCAGTTCAGGGTTAACAAGCTCTAACGCCAGCAAAGGATCACGTTTCAGCCTCGCCTTTAATACATCAACTGGAAAACGGGGATTATTCATCGCCACAATCCACCACTCGGGATCAATTTCTGCCGCCAGTACTGCAGGCGGTGTGTGGCGGTTGTTAAGTGCGCCGAACTTGAAAAATGTGAGATTGCTTTTCGCCAGTGTACTCCACCATATACGATCCGGTTGTTTTGCCAGTA
NZ_CP010206.1_gap48	1875726	1879608	3882	CGCCCAACTGCCGCTCCAGCTCTTCAATCAGGTTAAGGCAATAAGATGGCGTAACCATGATCATATCTGGTTGAAAATCGCGGATCAGTTGCGCTTGTTTTTCCGTCTGCCCACCAGACATCGGGATCACCGTAGCGCCCAGACGTTCGGCACCATAGTGCGCGCCCAGCCCACCAGTAAACAGGCCGTAACCATAGGCAACATGAATTTTGTCTTTGGGCGTGCCACCTGCCGCACGCAAGGAACGCGCTACAATATTGGCCCAGTTATCAATATCGTTTTGCGTATAGCCGACAACTGTCGGTTTACCTGTGGTTCCCGAAGAAGCATGAATGCGCACCACTTGTTCCATCGGCACGGCAAAGGTGTCGAAGGGATAGTTGTCGCGCAGATCCTGTTTGGTGGTACAGGGAAATTTACGCAGATCTGAAAGTTCCCTGAAATCATCAGGATGTACGCCTGCTGCGTCAAATTTGCGCCGATACATCGGGACATTTTCATACGCGTGTTTGAGCGTCCATTTCAGACGTTGTGTTTGCAACGCCTGTAACTCATCAACAGACGCGGTTTCAATCGGGTCAAGCTTTGTATTGGTTATCATTGTAGGGTACTCGCAGGTTGATATGCTCAAACACGCTCCAGAATCATGGCGATGCCCTGACCGACACCGATGCACATGGTGCACAATGCGTAACGACCGTTACGCCGATGCAGCTCATGGCTGGCAGCCAGTGCCAGGCGGGCACCACTCATTCCCAACGGATGGCCTAAGGCGATAGCGCCTCCGTTGGGGTTAACATGTGGGGCATCATCAGGCAGCCCCAATTCGCGTAGTACACCCAACGCCTGGGCCGCGAACGCTTCGTTCAGTTCAATCACGTCCATATCGTGAATACTCAGCCCCGCGCGTTCCAGCACCCGGCGAGTTGCAGGCACCGGACCAAGCCCCATCAGGCGCGGTTCCACCCCGGCGGTTGCCATGGCTACGATTCGCGCCCGCGGTGTCAGTCCTTGCGCTGCTGCCATCTGTTCACTGGCAATAATCAACGCAGCGGCTCCGTCATTCACCCCGGAGGCATTGCCTGCGGTAATCACCCCATTGGCACGAAATGGTGCTTTTAACCCACGTAACTGTTCCAGCGTCGTTTCCGGGCGCAGATGCTCATCATGTTGTATTTCTGTTACAACGCCTTTCTTGTTTTTCAACACAACCGGAACAATCTCCTCAGCCAGAATGCCTGAGGATTGCGCTTTTGCCGTACGTTGCTGACTGCGTAGCGCAAAACTATCTTGATCTTCTCGCGATATTTTTAACAGTTCAGCTACATTCTCTGCCGTTTCCGGCATGCTGTCAGTTCCAAATTGTTGAGCCATGAGCGGGTTCACAAATCGCCAGCCAATAGTGGTATCAAACATCTCAGCCTGACGAGAAAATGCACTGGTTGCCTTGCCCATAACAAACGGTGCCCGAGACATTGACTCCACGCCACCAGCGATCAGCAAATCGCCATCGCCCGCTTTAATCGCCCGTGCGGCGAACCCCAGTGCGTCCAGCCCGGAACCACACAAGCGGTTAATGGTTGTGCCGGAAACACTCTGCGGCAGCCCCGCCAGTAACGTCGCCATCCGGGCTACGTTACGGTTGTCTTCTCCCGCCTGATTAGCACAGCCGAGGATCACATCATCGATACACTCCGCATCGAGACGCGGGTTTCGCACCAGCAGCTCCCGCAAAGGGATAGCAGCCAGATCGTCAGCCCGAACACCTGATAATGCCCCACCATAGCGGCCAATTGGCGTACGAATTCCGTCACAGATAAAGGCTTCACGCATCAGGCTTCTCCTGTAATGGTGCCGCCGATGCGGTGAGATTTACCGCGAAACAGCGCAACCGTTTTTTGTTGTTGGTTAACAATTTCGATGTCGTAAACACCGGTTTGCTTGCCCTGGTGACGTACCTGCGCAGTAGCAGTTAAGGTGTCTCCGGCAAAGCCTGGACGCAAAAAATCAATCGTGCAGGCAGAAGCGACGGCTGCCAGCCCCTGGCTATTGCAGGCGTAGGCAAAGGCAGTATCAGCCAGTGAAAATAGCTGCCCGCCGTGGCAACTTTGATGACCGTTAAGCATTTGTGCAGTGACGGTCATGGTCACTACAGCAAAGCCTTCATCCATTGAGATAATGTCGATGCCAAGCGCTTTGGCGCAGGCATCGTTCTCATACATTGCATGGGCATTTTGCCAGGCCTTATGACTCATAACCGCTCTCCAGAAGCGCTCGTTGGCGCAGCAATGAACATGGGCGATAGCGTTCTTCGCCATAGTGATGTTGTAGATTTTCCAGGAGCCTTAATATTCGCTGCCAGCCAAGTTGCGCTCCCCAGGCAAGCGGGCCATATGGATAATTCACCCCAAGACGCATGGCGGTATCGATATCCTGTTCAGAGGCCACGCCTTTTTGCAGCGCATCAAGGGCTTCATTGATGATCATTGCTACCGTTCGCCAAATCAGCATTCCTGGGTAATCTGCAATTTGCAGCACTGTTTTGCCCTGCTGTTGCAGGTAATAAATGGCCTTGCGGGTCGCTGAGTCCGGGTTCACCGCTGCCGCAGCAATGGTCACCACCTTGCCCGCCATTTTGTCGACCACTACCACCGGGCGTGCCAGTCGTATTGCCAGCGCCTGTGCCGTCTCGCCTTGTGTCTCAATCAATAAAACATCGTCAATTTCCGTGACGCCGTCACTTTTCTTTTCTACTTTCATTGGGCTAAAACTGTCGCTTACCGCTTCCAGGCCAACAACTGCCTCACGTTCCGCGCGCCAGTCGTACACGCCCAGCCCACTTTTCTTGCCCAACCGTCCACCAATCACCAGTTCCTGTTGCACCAGCGAAGGTAAAAAACGACGCTCCTGCCAGAAAGCGTTAAACACCGAACAGGTGACAGCAAAATTGACGTCCTGACCAATCAGATCGGTTAATTCCAGCGGCCCCATCGGGAAACCAGCGCCATCGCGAAGTGCAGCGTCAATCACTTCTGGTGCAGCAACCTGCTCTTCCAGTGCCCGCCAGGCCTCGGAATAATAAGGACGCGCAACACGGTTAACGATAAATCCGGGGGTCGAATGACAGCGCACTGGCTGCTTACCCCAACTCAATGTCAGTTCACACAACTGCTCGACAACTTCCGCTGCCGTTGCCAGCCCACTGACCACCTCCACCAACTTCATCACCGGTGCCGGGTTAAAAAAATGCAGCCCCGCAACACGTTCAGGATTTTTTACCTCCGCAGCAATCGCGGTTATAGAGATTGACGAAGTGTTAGTGGTCAATAGCGTTTGTGGCGGGCAAACTTCCGCCAGTTGTGCAAAGAGCGCTTTTTTAACTTCCAGACGTTCAGACGCCGCTTCAATAACCAGATTCGCTGCTGCCAGCGCGTGAATATCGGTCACCGGGATCAGGCGTTTCAATGTGCGTTCACAGGTTTCAGCGGTCAGTTTTCCCCGCGTCACGCGTGAATTTAGCCGCGCGTGTATCCCGTCGATTGCGCGGGTCAGCGCTTCAGCAGAAATGTCATACAGTAAAACCTGATGTCCATGACTGGCGGCAACTTCAGCAATGCCTGCCCCCATGGTGCCGCTCCCAATCACTGCCACAGTTTGCACATTTATCATCATGCTATTTCCCCGTGAACTGCGGTGAGCGTTTAGCCAGGAACGCACTGACACCTTCACGATAATCTGCGCTCCGTCCGGCAAGTCGCTGATAGTCACGTTCCAGATCCAGTTGCGTATCGAGCGTATTGGTTTCAGCGCTATTTATCGCTTGCTTGATAAGTCCAAGACCAAATGTCGGTTGTGTCGCCAGATGCCGTGCCAGCTGTTGCG
NZ_CP010206.1_gap49	1942357	1945583	3226	ACTCACCCCAACAAAGGTTGACTCGATGTTGGGATTGAGCGGCAGACGTAAAAAACTGATTTCGATATTCGACACCATTGGCCAGGCCACCAGACCACCCAGCAGTAATAAGCTGGGCGCGAGAAGCAGCAGCGCAAAGGGCATATCGGAACGACCTGAAAAAAGCCTGTTCATTGCGGATTCCTGTCCTGGGTTTAGTGCTGTTCGATCAGTTCATCCAGCTTTTTCTGGCTCGCTTGCAGCGTGCCAGGGAGATCGGCTTTACCCACGGTGACGTTATGCACCATGGAGCTCACCACGCCAGAACCCGTCACATCACCCATGCGGGTAAAGTTTTTATCCCCTACTGCACCAAAGACCTGAATATTTGGCAGTTCACCGATTAGCTGATTCGGTAGTTCACCCAGCGCCTTAATAACGTCGTTGTCTTTCCAGGTGGCGGTAGTGACAACCGCTTTATTCACCGGCAGCGCAGCACCTGGCGACATCATCACCCAGTCGGCAATGTTGTCTGCCTGCTCCATAAAGGTGACAAATTTTTCAGCTGCTTCCGTCTCTTCGGTCTTTTGCCCGGCGGTAATGGTCAGCGAGGTCAACATGCCGTAGACCGCAGAGTTTTTCTCGGTTGGCACCACGAAACCGACGTTTTTCGGGTCGCCTTCTTTAATCACAGCCGGAAGGATATAGGTGGAGTAAATCGCCATCGGCGCGGTGCCGTTCATAAAGGCGTCTTTCACTTCCATGATGTCGTTAGAACCCGGCATAGTGTTGGCAGCAAGGTCGCGGTAATAGGTCAGTGCCTGCATCATCTCTGGTGTATCAAGGGTGATTTTGCCTTCGGCGTTAAAGACGTTAGCCTGGTTGGATAACGCAAACTGGGAGAAGGATTGTTCCGTCAACACGCTTTCTGCTGTAGGCAGCGCAATGCCGTATTTTTTATTCGCCGGGTCATTCAGTTTCTGTGCAACGTCCAGCAGCTGTTGCCAGTTTTTCGGCTCCTCAAGCCCCGCTTTTGCCAGCACATCTTTGCGATACCAGATACCGCCAATCCAGGCGCTGACAGGAACACCGGTCCATGCGCTACCATCTTCGGTACGCACAATACGCAGTACGCCATCGTAAAACGCGCCTTCACCAACGTTACTGATGACTGTGGCAACCGCTTTGCGATCGATAAGCTGCTCTTTGTCCATCACTTTGGCGTAGTCATGGCTGGTTTCGATCACTTCCGGCAGCGAACCGCTACGTGAAAGAGTAATGACTTTAGTGTTATAGGCATCTTCTTCCACGGGCACTTGCTTAACGGTGATGCCAGGGTTTTCTTTTTCAAAACGGGCAATCAATTTACTGATAACGGCCTGGCGCTCCTGCTCCACCGAAGAATGCATAAATTCGATGGATACATTCGTTTTATTTTCTTCTTTACAGCCTGAAATCAGGGCGCAGGAAACCAGTGCTGATAACAGCACGATTTTTGATTTAATCATGAGATGTTCCTTTTTATTTAATCCACATAACCTGCCAGGGGCGCAGCGTTATTTCATTACCCAATATATCAACTTCACTAATCAGATCCCGACCATGCAGATTAGTAATATTTACATGCTGAATATTTTTACTGACATTAAACAATCCAGTCAGACAATTACCATCAGCGTTACTTCTTTGAATACGCATTACGGATGAATTAATCGTATCAATGGTAAAATTATTATCCGGATGAAACTCGTTATGGCTGCGACGAAGTGTAATTAAACGCGACAACTCATGATATACCGCATGCCTTAATGTAGCTTCATCGTTCAGTTCTCGGGTTATCTCTTTACTGTGATATTTTTTACGGTTAATCGCACGGTTATATCCGAGTTTTTCGACACCTGCGTAATCATTACGCGAGCCAAGAATACTTTGAATATATATCGCTGGCACACCGGGGAAACTTAACAAAATCGCATGGGCGAGAATAAACCTGGCGCAACGTTCTTCATCGCTACTCTCACGGCGGCTTAACGCATCCATATAGGTCACATTTATTTCATACGGACTGCGTGTACCGTCGGGATTATTTTTCCAGTTTACTAATGCACCTTCCTGCTGTAACGCCTCGACCAGCTCTAATATTTCGCTTTCAGGCAACAAGCCCCGTAGCGGGTTTAGCCCGATGCCATCGTGAGAGGCGAGGAAGTTAAACCAGGTGGTGTTGCTGGAAGGTAGTGTCAGGTTTTGCGCCCACGCACAAAGCGCCTCAACGTTCTGTTTTTGCACCGCATGCAGCACCAGTGGCGGCAGCGAGAACTGGTACACCATATGTGCTTCGTCATCGCCTGCGCCAAAGTAAGCAATGTTGTCTTTATGCGGAACATTGGTCTCGGTAATGATCACTGTACCTGGCGCAACGTTATCAATAATCGACCGTAACAGTTTGATAATCAGATGTGTTTTTTCCAGATGGATGCAGCTTGTTCCCGGCTCTTTCCACATAAAGCCAACGGCATCCAGGCGGACATACTCAGCACCTTTCGCAAGGTAACAGAGTAAAACATCCACCATCGCCAGCAACACTTCAGGGCTACGGTAATTCAGGTCAATTTGATCGTCACTAAAGGTGGTCCATAAATGGCGCGTTGAATGATCGCGCATCTGGAATGGCGTTAATAACGGTAACGCACGCGGGCGAGTGACGGCGCTGAGATCGGTTTGCGGGTCAACGGCAATAAAAAAATCTTCAAAACCTGGATGCTGTTGTAAATAGTTTTTAAACCATTCACTTTTTGCCGACATATGGTTGCAGACAAAATCAAACATTAAATGACTGCATTCACCGAGTTGCTGAATATCCTGCCACTCCCCCGCTTCACTGGCGACCTGATGATAATCAATTACCGAAAAGCCATCATCAGATGACCATGGATAAAACGGCAACAAATGAACATGTGAAAAAATGCTTTGCAGCCATTGATGGTAAAACTGATTAAATGTGGGTAATGGTTTTAAATCATTGCTGTGAAATTGATCGGCATAGGTAATTAACACGACATCACTTTCATCCCAGTGTTTTTTACGTCGCTGTGTAATTAATCGTTTCGCACTCTCAAGACGCGTTACAAGTTTCTGTAAATGAGTTGCGGTAAATGTTCCACCGTAGATTTCGTCTAGGTAATCCGTAATTTTCTGTTTCATGTTGCCTTTCCGTGGTAGCGGTCCCATGAAACGAGAGACTACTCCG
NZ_CP010206.1_gap50	2026967	2031692	4725	GGACAGGTCGCCACACATGCCGGGTTCAGGCAGTGTTCGCACAGGCGCGGCAAATACATCATGAAGGTGTTTTCGAACTGGCTATACATCGCCTTCTGGATGTTGTCGAAGTTCTTGTCTTTCGCCAGCTTGTCAAACTCACCGCCCAGGTCATCTTCCCAGTTCGGCCCTTTTTCGATTTTCGCCATCCGTTCGCCGGTAATCAGCGAACGCGGACGGGCAATCGGCTGCGATTTGCTGCCTTCCGGCGCGGTATGCAGGTTCTGATAGTCAAAATCGAACGGCTCGTAATAATCGTCGATCCCCGGCAGATGCGGGTTAGCGAAGATTTTACCCAGCAGCATGGCACGGTTACCCATGCGCGGCTGCAGTTTGCCGTTGATTTTACGGATCCAGCCGCCTTTGTATTTTTCCTGGTTTTCCCAGTCAGTCGGGAAGCCCTGACCCGGCTTGGTTTCCACGTTGTTGAACCACGCGTATTCCACGCCTTCACGGCTGGTCCAGACGTTTTTACAGGTAACTGAACAGGTGTGGCAGCCGATGCACTTATCGAGATTCAGCACCATGCCGACTTGTGAACGAATTTTCATTTTACGCTCTCCTGTACCTGGTCATTGCCTTCGCCATCTAACCAGTCAATGTTCTTCATCTTACGCACTACAACAAACTCATCGCGGTTAGAACCTACGGTGCCGTAGTAGTTAAAGCCGTATGCCAGATGGGCATAGCCGCCGATCATATGCGTCGGTTTCGGCGTGATACGGGTGACCGAGTTATGGATACCACCACGCTGTTGGGTAATTTCCGAACCAGGCAGGTTAACGATACGTTCCTGCGCGTGGTACATCATGGTCATCCCTGCCGGAACACGCTGGCTGACAACCGCACGGGCAGTCAGAGCACCGTTGCTGTTGAAGACTTCAATCCAGTCGTTATCGGCGATACCCAGATCTTTGGCATCGGCTTCACTCAACCAGACCACCGGACCACCGCGACCTAAAGTCAGCATCAGCAGGTTGTCGCTGTAGGTGGAGTGGATACCCCACTTCTGGTGCGGCGTCAGGAAGTTGAGCGCTTTTTCCGGGTTGCCATTGGATTTCTGGCCCATCACTTCTTTCACCGAACGGGTGTCGATCGGCGGACGATAAACCAGCAGGCTTTCACCGAAATCACGCATCCATTGGTGATCCTGATACAGCTGCTGACGGCCAGAGAGCGTACGCCACGGGATCAGCTCGTGAACGTTGGTGTAACCGGCGTTGTAAGAAACGTGTTCATCTTCAAGGCCAGACCAGGTCGGGCTGGAGATGATTTTGCGCGGCTGTGCCTGAATATCGCGGAAGCGAATCTTCTCGTCTTCTTTATTCAGCGCCAGATGCGTATGGTCACGACCGGTAAACTCGCTCAGGGCAGCCCAGGCTTTCACGGCTACCTGACCGTTGGTTTCCGGTGCCAGCGTCAGGATCATCTCTGCCGCATCAATTGCGGTGTTCAGCATCGGCTGGCCTTTCGCCGGACCTTCCGCTTTGGTGTAGTTGAGCTTACGCAGCAGATCCATCTCGCTCTGGGTGTTCCAGGCAATCCCTTTACCGCCATTACCGATTTTCTCCATCAGCGGGCCGATAGAGGTAAAGCGTTCGTAAGTCGCCGGATAATCGCGCTCTACGACCATAATGTGTGGCGCGGTTTTACCAGGGATCAGGTCGCACTCGCCTTTTTTCCAGTCTTTCACATCCAGCGGCTGCGCCAGTTCAGCGGCAGAGTCGTGCTGGATAGGCAGCGTGACGATGTCGGTTTCTTTACCCAGATGACCGACGCACACTTCGGAGAATTTCTTCGCGATGGTTTTGTAAATTTCCCAGTCGCTTTTCGCTTCCCAGGCCGGATCGACCGCCGCAGACAGCGGGTGAATAAACGGATGCATATCCGAAGTATTCATGTCGTCTTTTTCGTACCAGGTCGCCGTCGGCAAAATGATGTCGGAATAGAGACAGGTGCTCGACAGACGGAAGTCCAGCGTAACCACCAGATCCAGCTTGCCTTCCAGACCATTGTCCTGCCAGTCCACTTCTTCCGGCTTCACGCCGCCCTGTTGCCCCAGATCTTTACCCTGGATACCGTGCTCCGTCCCCAGCAGGTACTTGAGCATAAACTCATGACCTTTACCGGAAGAACCGAGCAGGTTAGAACGCCAGATGAACAGGTTGCGCGGGTGGTTTTTACCGTTTTCTGGTTGTTCTGCCGCAAAACGGATGGAACCCTCTTTCAGGGATTTCACCGTATAGTCCACCGGATTCATCCCGGCTTTTTCCGCTTCGCCAGCGATAGTCAGCGGGTTAGTGCCTAACTGCGGTGCAGACGGCAGCCAGCCCATGCGTTCCGCACGGACGTTAAAGTCGATCAAGTGTCCGGTATAGCGGGATTTGTCCGCCATCGGTGACAGCAACTCTTCCGCCGTGACGGTTTCATAACGCCACTGGCTGGAGTGGTTATAGAAATAAGAAGTGCTGTTCATGTGACGCGCCGGACGCTGCCAGTCAAGGGCAAACGCCAGCGGCTGCCAGCCGGTTTGCGGACGCAGTTTTTCCTGACCTACATAGTGCGCCCAGCCGCCCCCGCTCTGACCGACACAGCCGCAGAAAATCAGCATGTTGATCAGACCACGATAGTTCATATCGAGGTGATACCAGTGGTTCAGCCCCGCACCGACGATAATCATCGAACGACCGTGCGTTTTATCAGCGTTATCGGCAAATTCACGGGCGATGCGAATAATCTGGCTGCGAGAAACGCCGGTGATCTGCTCAGCCCAGGCCGGGGTGTAAGCTTTCACATCGTCATAGCTGGTTGCACAGTTAACGTCGTTCAGGCCACGTTCCAGACCGTAGTTTGCCAGCGTCAGATCATAAACGGTGGTCACCAGGGCGGTGCTGCCATCAGCCAGTTGCAGGCGTTTCACCGGCAGCTTGTGCAGCAGCACGTTTTCCAGTTCCACTTTGTTGAAGTGTTCCGTGCCGTCGCCACCAAAGTACGGGAAGCCCACCTCAGCGATCTCATCCTGGCTACCCAGCAGGCTCAGTTGCAGCTCGGTTTCTTCGCCAGTTTTGCCGTCGCGCTGTTCAAGATTCCATTTGCCCTTCTCGCCCCAGCGGAAGCCAATAGAACCGTTCGGCGCAACCATTTCACCATTGGTATTAAAGGCGACAGTTTTCCATTCCGGATTGTTTTCCTGACCCAGCGCATCCACCAGATCAGCAGCGCGCAACATACGACCTGCAGCGTAGTAACCGTCGCGTTCTTCCAGCATCACCAGCATCGGCATGTCGGTGTAGCGACGCACATAGTCGGTGAAATACTGGCTTGGGTTGTCGAGGTGGAATTCACGCAGCATTACGTGGCCCATCGCCAGCGCCATTGCCGCATCGGTGCCCTGTTTCGGTGCCAGCCACAGATCGCACAGTTTGGCGATTTCAGCGTAGTCTGGTGTGACGGCAACAGTTTTGGTGCCTTTGTAACGCACTTCAGTAAAGAAGTGAGCATCCGGGGTACGCGTCTGCGGCACGTTTGAACCCCAGGCGATGATGTAGCTGGAGTTATACCAGTCAGCAGATTCCGGTACGTCAGTTTGCTCGCCCCAGGTTTGCGGAGACGCAGGAGGCAAGTCGCAGTACCAGTCGTAGAAGCTTAAGCAAGTACCGCCAATCAGCGAGAGATAGCGTGCACCCGATGCGTAAGAAACCATCGACATTGCCGGAATTGGCGAGAAACCAGCAACACGGTCCGGGCCGTAGTTTTTGATGGTGTAAACGTTAGATGCGGCGATCAGTTCGTTCACCTCCTGCCAGGAAGAACGAACAAATCCACCGCGTCCACGCGCCTGCTTAAAGCTTTTCGCTTTATCGGCGTCTTCAATGATAGAAGCCCATGCCTCAACCGGATCGCTATGCAGCGCCTTCGCTTCACGCCACATTTTCATCAGGCGTTTGCGCATCATCGGGTATTTCAGGCGGTTGGCACTGTAAAGATACCAGGAGTAGCTGGCACCGCGCGGGCAGCCGCGAGGTTCATGGTTTGGCAGATCCGGACGGGTACGCGGATAGTCAGTCTGCTGGGTTTCCCAGGTGACCAGACCGTTTTTGACGTAGATTTTCCAGCTGCAGGAGCCGGTGCAGTTTACCCCGTGGGTAGAGCGGACGATTTTGTCATGCTGCCAACGCTGGCGATATCCATCCTCCCAGTCACGGTTGGTATTGAGAAGCTGGCCATGCCCATCGGCAAAGGTTTCACCCTTCTGTTTGAAGTAGCGAAACCGGTCCAGGAATTTACTCATCGGTTTTCTCCTGTGGGAGCCTGTCGGCCCTCTGATAAATCGACATTGCTAATGTTTAAGGGCAAGGTAACGCTCTGAAACAGCGTGGGAATTGATAACGATCAAGAGTGATGGGGATGAAAAATAAAGTAAATTCCTAAGATACCCCTTTAGGATAATTAACAGCCACCACATAACAGACTGTAAATTAAGACGTTTTATACCTGTAGTTATTTAAACTATTAAGATTTTTATGCAGATGGGTATTAAGGAGTATTCCCCATGGGTAACATATTAATGGCTCTTAATGAAATCCGGCGAAATAAACCATATAACATGAGTATGTTGTAACTAAATAACGCATAAAAAAAGCGCGACATCATGCCGCGCAAAGGATAATCAAATATTAAGATTTA
NZ_CP010206.1_gap51	2033367	2035130	1763	GTCACATTCATTAAGGTTATTGCTCATTTAAAGCCTGAAGGAAGAGGTTTACATGCTTAAACGTTGTCTCTCTCCGCTCACCCTGGTTAATCAGGTTGCGCTTATTGTGTTGCTTTCTACTGCTATTGGACTGGCAGGGATGGCGGTTTCTGGCTGGCTGGTGCAAGGCGTTCAGGGCAGCGCCCATGCGATCAACAAAGCGGGATCGCTGCGCATGCAAAGTTACCGTCTGTTGGCAGCAGTGCCATTAAGCGAGAAAGACAAGCCCTTAATTAAAGAGATGGAACAAACGGCATTTAGCGCCGAGTTGACTCGAGCAGCAGAACGAGACGGACAACTGGCGCAATTACAGGGTTTACAAGATTACTGGCGTAATGAACTGATCCCTGCGTTGATGCGTGCACAAAACCGAGAAACGGTGTCAGCGGATGTCAGCCAGTTTGTTGCCGGGCTTGATCAACTGGTATCTGGTTTTGACCGCACCACGGAAATGCGCATCGAGACAGTGGTACTGGTCCATCGGGTAATGGCGGTATTTATGGCACTTTTACTGGTGTTCACTATTATCTGGTTGCGGGCGCGACTGCTACAACCGTGGCGGCAACTGCTGGCAATGGCGAGTGCCGTCAGTCATCGCGATTTTACCCAACGCGCAAACATCAGCGGGCGCAACGAAATGGCGATGCTTGGAACTGCGTTGAACAATATGTCTGCAGAACTGGCCGAAAGTTATGCCGTACTTGAGCAGCGGGTTCAGGAGAAAACCGCCGGGCTGGAGCATAAAAATCAGATCCTCTCTTTTTTATGGCAGGCTAACCGCCGTTTGCATTCCCAAGCCCCGCTGTGTGAACGCCTGTCACCTGTACTCAACGGCTTACAGAATTTAACCCTGCTACGTGATATCGAACTGCGGGTTTATGATACTGATGATGAAGAGAATCATCAGGAGTTTACCTGCCAACCAGATATGACTTGTGATGATAAAGGCTGCCAGCTCTGCCCGCGCGGCGTATTACCCGTTGGTGATCGCGGCACAACCCTGAAGTGGCGGCTGGCTGACTCTCATACGCAGTACGGTATTTTGCTGGCGACCCTGCCGCAGGGGCGTCATCTTAGCCATGATCAACAACAACTGGTGGATACCCTGGTTGAACAACTCACCGCCACGCTGGCGCTGGATCGCCATCAGGAACGTCAGCAACAGTTGATCGTGATGGAAGAGCGTGCCACCATTGCGCGCGAACTGCATGATTCTATTGCCCAATCTCTCTCTTGCATGAAGATGCAGGTGAGTTGTTTACAGATGCAGGGCGATGCGCTGCCAGAAAGCAGCCGCGAACTGTTAAGTCAGATCCGTAACGAACTGAATGCATCCTGGGCGCAGTTGCGTGAATTGCTCACCACATTCCGCTTGCAGCTCACCGAGCCTGGATTACGTCCGGCGCTGGAGGCGAGTTGCGAAGAGTACAGCGCCAAATTTGGCTTCCCGGTGAAGCTGGATTATCAATTGCCGCCTCGCCTGGTGCCTTCGCATCAGGCAATCCACTTGTTGCAAATTGCCCGTGAGGCATTAAGTAACGCCCTCAAACACTCGCAAGCGAGTGAAGTCGTGGTGACGGTGGCGCAAAACGATAATCAGGTCAAACTGACCGTCCAGGATAACGGCTGCGGCGTGCCTGAAAATGCCATCCGCAGCAATCACTACGGCATGATAATAATGCGCGACCGTGCGCAAAGTTTACGAGGCGATTGCCGCGTCCGCC
NZ_CP010206.1_gap52	2038540	2039530	990	CCGCCACTGCATACTTCCCTGCGACAACTTTTTGGTGTCTTTCGGACATTTTTACTGCTCATTTTGAAACCACTAACGGGACAATATGCAATCCACGGACCACTTGCAAGGCAACACCGCACGAATAGCTTTAACTAAGCGACCGGTTTTACGATTTTTTATGCCATTTATCATCATCCCCTTTGGCATATTCATGCTTCACAGCAGCCCAGGCCACTTTATGCGCGGTTTCTTCGCGACTGGCGTCATCACGCCGATCTTCTTTATCTTTATATTGATCCCATGCGCTGTTGAACGCTTCTTTATAGATATCCTGGGCATGAGACGGTAGAACGTGCTTTACGCTTTCCGGCAGATCGCTTTTCGTTTTATACGGCATCGTTGACTCCTTTTACAAAGTTGAACATTAAGTGTGGTCAACAATATCTACTCTTGCCAAAACATAAGAATTTTCATGTCAGACTGTTCTTAAGAAACGCTAAAACAAACATTGTCTAAACGTAATACTTATTTTTATGTCCCAATGAGTAAAAAATCGACAGTGGGGTAAAAATTCGTAAAATGTTACCGATATCCAGACACTTTCTGTTATTTTTCCTACCTATTTTTTACATTTTCGATAAATTCATCTGCAAAGGGATAACCATAATGTCAAATGCTCAAGAGGCGGTAAAAACCCGCCACAAGGAGACTTCGCTTATTTTCCCGGTTCTGGCGCTGGTAGTGCTGTTCCTGTGGGGAAGCAGCCAGACACTACCAGTGGTCATTGCCATCAATCTTCTTGCGCTTATTGGTATTTTAAGTAGCGCCTTTAGTGTTGTCCGTCATGCGGACGTATTAGCCCATCGCCTGGGAGAACCTTACGGTTCGCTTATTCTTAGCCTTTCAGTGGTTATTCTTGAAGTCAGTTTGATTTCAGCTTTAATGGCAACCGGCGACGCCGCGCCAACGCTAATGCGTGATACGCTCTATTCAATCATTATGATTGTT
NZ_CP010206.1_gap53	2042790	2047301	4511	CCAGCACGTTCATACCGCCAAACAGTACGAACGGCAGGTCATTTGCTACGTTGATGTCGCCAATGCTAACCACTTTTTGTTTCATAGGATCGCCTTAATCTTGAGTAAAATGTCGATTAATTAATGCAGCACAATATGTTTATGCGCGATGTTATTTATTTGCGCACGGATCATTTCGCTGATCGGGTCTTCCGGACACTGTTCAACGAAATAACTTAAATCGTTCAACGCAACGTGTTCGCAATCCAGTTGCGCATAAATCAACCCGCGATCGCGAATTTCATAGGGATCTTCAGGGTTGAATTGTAATAAAGCTTCGCTGGTGCGTAACGCCAGCTCCATCTGATTTTCTTCCATCAACGAGGCTTTGAGTGTATCCAGCAATTTGCGGATTACCTCAATGTTATCAGCTTCATCAAGGTCTTCATAAAACAGTTCCGCCGACGGGCTGATATTTCCCTTTAACCATACGTCCAGCATATGTTCGCTTAACGATTCACCGTTAAAAGGATTAATCAGCCAAATTTCGCCATCCGGACATTCAATGCGCAATATCAGCTGCGTAGGGAAAATCACCGGCAGCAGCGGCAAATCGAGACGATTCGCGACCCATAATAAAACCGCACCTAATGATACCGCACTGCCCTGTCGATTCTTTAACACCTGGTCCAGCCATAATGCATCGGAAAGACGATAAACGCCGCGTGAGGCTTTAAATCCCCAGTCGCCGTAAAACAGCGCGATCAGTTTTTCCAACTGCTCTTCTAAAGGCAGAAGCTGGCTGATTTCTTCCTTCGCCAGACTAACGAGACGCTCCAGTTCGTCGTAAACATCTTGCGAGGGAAAATCGCGGCGGATTGCTTCGCAAGCCAGGATCATGCCTTCGCACAATGGCGCTTTATTAAATTCGAAATCAGCTAACGATCTCATGACTTACCCCAGTAACGGTACTTTTGTGGTGGCGAGTTTAATGATGATGTACGGCACCACCAACGCCAGCGGGAAGGCAATAATGCGCGCCTGCTGACTGTGCATACGACGATAATCGAGTGCAATAAAACCCAAAACGATATAAATGATAACTCCAAACAGCTTTTCAGTCAGCCACTGTGCCTGCCCGGAAAATGGCAGGATGTGCGCTTTAGCCATCAACGCAATACCGCTTAACAGTAACAGCGTATCGACAACCGGCGGCACAATGCGCGTCCAGCGAGCAAATGCCTGTGGATGCTTCTGATAACGTAGCCAGAAACGTAAGGTTAATAGCCCAACAGAAAGCGCGATACTAATAAGATGAACACTAAGCAGTGTAGAAAAACTTGTCATTGATAATAGCGGCCGAGCGTTACGCGCTCGTTATCACCATAGTCACGGCAGGTTTCGACGTCATGATACCCCGCGAGGATAAATGCTTGTCGCACCGCTTCGCCCTGCTGCCAGCCATGTTCCAGAAGCAGAAAGCCGCCGGATACCAGCGCGTTACGCGACTGTTCGATGATATGCACGATGTCTGCCATTCCACTGTCTGCCGCAACCAGCGCAGTGAGCGGCTCAAAGCGGACATCGCCTTGTTGAAGATGAGGGTCCTGCTCGTCAATATACGGCGGATTGCTGACAATCATCGCAAACTGCTGCCCGGCTAGCGCGCTAAACCAGTCGCTTTGCAGAATGTGGATATTTTTGATCGCCAGATGCTGGGCATTACGTTGTGCCAGGGAGACAGCATCAGGCATACGATCTACAGCGATAATTTCGCAGTCCGGGCGCTCGCTAGCCAGCGCAAGCGCAATCGCCCCGGTACCCGTCCCGAGATCAAGAATACGGCAAGGTTGTTCAGGCAACCGCGCCAGTGCCTGCTCCACCAGACACTCCGTATCCGGGCGCGGAATTAAGGTCGCTGGCGAAACAAATAACGGCAACGACCAGAATTCTCGCACCCCGGTTAAATGAGCAATGGGTTCACCATCGCGACGACGTGTCAGTAGCGCATCAAGTTGCTGACATTGTTCGTCAGTCAGCTGCGTTTCACCAAAGGCGAGAATAAAAGTACGCCCTCTGCCGGTAACATGCTCCAGCAGGATTTCAGCATCACGCCGCGGGCTTTCGCTCGCCTGAAGTTGGCTTATTGCTTCACGTAACCAGTGTTGATATTCCATTATTCCTGCTCGGACAACGCCGCCAGTTGGTCGGCCTGATGTTCCTGGATAATCGGTTCAATCAGCATATCCAGCTTACCTTCCATCACTTCATCCAGGCGGTAGAGCGTCAGGTTGATGCGGTGATCGGTAACGCGCCCCTGCGGGAAATTGTAAGTACGGTTACGGTCGCTGCGATCGCCACTCCCCAGCAGGTTACGACGGGTAGACGCTTCGGCCTGTTGGCGTTTTGCCATTTCAGCAGCGTGGATGCGAGCACCGAGCACTGAAAGCGCCTTCGCTTTGTTTTTATGTTGTGAACGTTCATCCTGACATTCAACAACAATCCCGGTCGGCAAGTGAGTAATACGAATTGCCGAATCGGTGGTGTTAACGTGCTGACCACCCGCCCCTGACGAGCGGAAAGTATCAATGCGTAAATCTGCTGGGTTGATGTCCGGCAGTTCTGCGTCAGGCAGTTCTGGCATTACCGCAACGGTACAAGCAGAAGTATGAATACGACCCTGCGATTCCGTAGCAGGAACACGCTGCACGCGATGACCGCCAGATTCAAATTTCAGACGACCATACACACCATCACCGCTAATTTTGGCGATGATCTCTTTATAACCACCATGTTCACCCTCGCTGGCGCTCATGATTTCTACCCGCCAGCGGCGGGCTTCGGCGTAACGGCTGTACATACGGAACAGATCGCCTGCGAACAGCGCCGCTTCGTCGCCGCCGGTTCCGGCTCGGACTTCGAGGAAGGCGTTACGTTCGTCATCAGGATCTTTTGGCAGTAACAGAACCTGTAATTGCTGTTCCAGTTGCTCGCTTTTTTCTTTAGCTTCGCGCAGTTCATCCTGCGCCATCTCACGCATTTCAGGATCATCGAGCATCATCTGTGCGGTTTCGATATCTTCCTGAACCTGTTGCCAGTCGGTAAAACAGCGCGAAACATCACTTAACTGCGCATATTCGCGTGATAATGCGCGAAAACGTTCCTGGTCGGCGATAGTTTGCGCGTCACCCAGCAACGCCTGAACTTCTTCATGGCGTTCATGCAGGGCTTCCAGTTTGGCAACGATAGAAGGCTTCATAGGCGTAAATGCACCCTGTAAAAAAAGAAAATGATGTACTGCTACTCCAGCCCGAGGCTGTCGCGCAGAATATTCAGGCGTTCGTTATCCCCGTCACGGGCGGCCTGTTGAAGTGATTTCGTTGGCGCATGGATCAAGCGGTTAGTCAGTTTCCATGCCAGATCCTGCATAATGGCTTGCGCGTCGCCGCCCTGCTCAAGGGCCGCTAACGCTTTGGCGGTTAACTCATCGCGAACGTGCTCTGCCTGGCTGCGATACTCGCGAATGGTTTCGCTGGCGCTTTGTGCTCGCAGCCACGCCATAAATTCGCTGGTTTCCTGAGCGACAATAGTTTCCGCCTCAACCGCTGCGGCTTTACGCTGCGCCAGGTTGTGCGAAATGATGCTTTGCAGATCGTCCACACTATAAAGATAAGCATTCGCCAGTTTGCCAACTTCCGGCTCAACATCGCGCGGAACGGCAATATCCACCAACAGCATTGGTTGGTTGCGACGGCTTTTTAATGCGCGCTCCACCATGCCTTTCCCGATAATCGGTAACGGGCTGGCGGTGGAACTGATGATGATATCGGCTTCGCGCAGACGTTCGTCGATCTCACTCAGGGCAATCACTTCCGCGCCAACTTCATCTGCCAGAATTTGGGCACGTTCGCGAGTGCGGTTGGCGATAATCATCTTCTGTACTTTATGTTCGCGCAGATGACGCGCTACCAGCTCGATGGTTTCGCCCGCGCCTACCAGCAACACTGTGACCGTAGAGAGCGATTCAAAGATCTGCCGCGCCAGCGTACAAGCCGCAAAAGCGACAGACACAGCACTGGCACCGATATCTGTTTCAGTGCGAACGCGTTTCGCGACAGAGAAAGATTTCTGGAACATGCGTTCCAGTTCGCTGGCCTTCATATGACCTTTTTGCGAATCGGCAAACGCTTTTTTAACCTGACCGAGGATCTGCGGCTCCCCAAGAACCAGTGAATCCAGGCCGCTGGCAACACGCATTAAATGGCTAACCGCGTCGTTATCCTGATGCCAGTAGAGGCTTTTACGCAGATCTTCTTCATTAAGATTGTGATAATCGCAAAGCCAGCGGATTAACGCCTCTTGCAGGTTATCCTGCTCTTCAACGCTAAGATAAAGTTCCGTGCGGTTGCACGTCGACAGCACCACGCCGCCCTGCACCATCGGCTGCGCAAGCAGGCTGTCAAGCGCCTGATCGAGCTTATCCGGCGAAAACGATACACGTTCTCGCAGCGATACAGGTGCCGTTTTATGGT
NZ_CP010206.1_gap54	2174664	2176095	1431	GGGCGCATTCGCGCCCTTTATTTTTCGTGCAAAGGAAAACGTTTCCGCTTATCCTTTGTGTCCGGCAAAAACATCCCTTCAGCCGGAGCATAGAGATTAATGACTGCACCATCCCAGGTATTAAAGATCCGCCGCCCAGACGACTGGCACCTTCACCTCCGCGATGGCGACATGTTAAAAACTGTCGTGCCGTATACCAGCGAAATTTATGGACGGGCTATCGTAATGCCCAATCTGGCTCCGCCCGTGACCACCGTTGAGGCTGCCGTGGCGTATCGCCAGCGTATTCTTGACGCCGTACCTGTCGGGCACGATTTCACCCCATTGATGACCTGTTATTTAACAGATTCGCTGGATCCTAATGAGCTGGAGCGCGGATTTAACGAAGGCGTGTTCACCGCTGCAAAACTTTACCCGGCAAACGCAACCACTAACTCCAGCCACGGCGTGACGTCAATTGACGCAATCATGCCGGTATTAGAGCGCATGGAAAAAATCGGTATGCCGCTACTGGTGCATGGTGAAGTGACACATGCAGATATCGACATTTTTGATCGTGAAGCGCGCTTTATAGAAAGCGTGATGGAACCTCTGCGCCAGCGCCTGACTGCGCTGAAAGTCGTTTTTGAGCACATCACCACCAAAGATGCTGCCGACTATGTCCGTGACGGAAATGAACGGCTGGCTGCCACCATCACTCCGCAGCATCTGATGTTTAACCGCAACCATATGCTGGTTGGTGGCGTGCGTCCGCACCTGTATTGTTTACCCATCCTCAAACGCAATATTCACCAACAGGCATTGCGTGAACTGGTCGCCAGCGGTTTTAATCGAGTATTCCTCGGTACGGATTCTGCGCCACATGCACGTCATCGCAAAGAGAGCAGTTGCGGCTGCGCGGGCTGCTTCAACGCCCCAACCGCGCTGGGCAGTTACGCTACCGTCTTTGAAGAGATGAATGCTCTGCAGCACTTTGAAGCATTCTGTTCTGTAAACGGCCCGCAGTTCTATGGGTTGCCGGTCAACGACACATTCATCGAACTGGTACGTGAAGAGCAACAGGTTGCTGAAAGCATCGCACTGACTGATGACACCCTGGTGCCATTCCTCGCCGGGGAAACGGTACGCTGGTCCGTTAAACAATAAAAATCGTAGCTTCCTGTTGTCATTAGGTTATTTTACCTGTATAAATAACCAGTATATTCAACAGGGGGCTATTATGCGAATTGAAGTCACCATAGCGAAAACTTCTCCATTGCCAGCTGGGGCTATTGACGCCCTGGCTGGCGAACTTTCCCGCCGTATTCAGTATGCGTTTCCTGATAATGAAGGCCACGTATCGGTACGTTATGCCGCAGCGAATAATTTATCGGTTATTGGCGCAACAAAAGAAGATAAACAGCGCATTAGCGAAATTCTCCAGGAAACGTG
NZ_CP010206.1_gap55	2183405	2184012	607	GCGCAAAGTGTTTTTGATGGCGACTATGATGAGATAGAGATACGCCAGGAGTGGCAGGAAGAGAATACATTACATGAATGGGACGAGGGGGAATTTCAGCTTGAGCCACCGCTGGATACCGAGGAAGGACGCGCAGCAGCTGATGAGTGGGATGAACGTTAATCACTCATACGGGCCATGATGAGTGTCGATCGGCAGCAGTAAAGTATCAAAAACCAGAGAGAATGGCAGATCAAGGATCGTGACATAACGCCAGGCGGAGTCACGCACATCCCATTGCACACCGGGATAATATTGGTTGCCATGCCCCTGCCCCGGTATAGTGCGACTAATAATGCTGCCACAGCCACTCAGCAAGGTCACCATGATGCTCACCACAATTAAACGCATTTGATACCTCTTTCGTAAAAAAATACCGGCATAACGCCGGTATTTTTATTGGCTCGTTGTTTTTGCCGGATGCGGCGTGAACGCCTTATCCGACCCACAAAATCTTGCAAAATCAATAAATTGCAGGAACGATGTAGGCCTGATAAGCGTAGCGCATCAGGCAACTACGTTTTTATTGCGAAGCCGCATCCGGTTTACGCAATGCCAGTGGATTGAG
NZ_CP010206.1_gap56	2187201	2190991	3790	GGATAGACAGACCGTTAGAGTCGTGCAACTCCGGACGATAGTTATTTGCAGGCGACGGTTGGTTCGGCCCAAACAGGAACATACTGGTTAACGGTGCAACCCCCAGTTTGCCGACTTTATCGCGCAGATAGATTTTCGACTGCACATCCACAACCGTGTCACGCCCTGGCATAACCACGAATTTGTAAGCACCTGTCGCGCGCGGCGAGTCAAGCAATGCATAAATGGTTAAACGTTTATCAGTCGGTTTTGGACGCTCGATCCAGAACTCTTTGAAGCGTGGAAATTCTTCACCCGATGGCAAGGCGGTATCAATTGCCAGGCCGCGGGCAGAAAGGCCATAAACCTGACCTGCACCAATCACGCGGAAATAGCTGGCCCCGAGCATGCTGACGATTTCATCGTTTTTATCTTTGCTGTTGATCTGGTAAAGCACTTTAAAACCGGCAAAACCAAGGTCTTTTACCGTGTCTTTGTCATGCTGAACATCGCCGAAAGTGAAATAATCCGGGCTGTATTTGATTCGTTTGACTGCGGTGGCAGTCACTTCATTTATTTTGACCGGGGTATCGAAGTACATACCCTGATGGTAGAACTCGAGTTTGAATGGGGTCTTCAGATTGTTCCAGTACGCTTTGTCATGATTAAACTGGATCTGCTGATAGTCCGCGTATTTCATATCGCGGAAAACGGAGGGCAAGTTGCTTTTGGGCGCCTCATAGCCTTTCCCGGCTAAGGATTGAGCTTGCTTTGCGACATCATCAATACTGAAAGCCCAGCTTGAAGATGTATACAGGGTTAACATTACTGCAGCACTCAACCAACGCATTTTCATCATTTGTAGTTTATGTTTCATAATTAGTAAGCACTTCCCCCTTTGTGTGCTTATATCGATCCGATCTATTTTAATGGATAACCAGCCATTCCGACAACAGAATCCCGGTATCGTTCAGCACGCTGGCTCATGGATTAAGCACCTGATTGCAACCGTTTTCACTTTCCGTGCTTCTCCTAAAGACAGAAGCATCGACTTCGTGTAGGGTTTGCCAGCAATTTTATTTATCAACCGTCTTACAGACGCTTCCATTCTGGTTAGTGGTAGCGATGATGCTATGCATAAAAACCTTGAAGCCTGCGCCTGGCGCGGTCAGGTCGGTGTCGCTATGGCAACAAGCCTAAAGGCATAACCCGACAGGGATAAGACGAAAAATCCGAGATTAGTTAACCATATATGAATCCAGTACCCGCGCAACGTGAATATTTCCTCGACTCCATCCGCGCCTGGCTGATGTTGTTAGGGATCCCTTTTCATATTTCTTTAATCTATTCGAGCCATACATGGCATGTGAATAGCGCCGAACCATCATTGTGGCTGACCCTTTTTAATGACTTCATCCACTCGTTCCGCATGCAGGTATTTTTCGTTATATCCGGCTACTTTTCCTACATGCTTTTTTTACGCTATCCCTTGAAAAAATGGTGGAAAGTACGTGTCGAACGTGTAGGTATCCCGATGTTAACAGCCATCCCCCTACTGACATTGCCGCAATTTATTATGCTGCAATACGTCAAAGGGAAAGCGGAAAGTTGGCCTGGGCTGTCATTGTATGACAAATATAATACGTTGGCCTGGGAATTAATATCACATCTGTGGTTTTTACTGGTGTTAGTGGTCATGACGACGCTGTGCGTATGGATATTTAAACGCATCAGAAATAATTTAGAAAATTCTGATAAAACGAATAAAAAATTCTCGATGGTAAAACTATCGGTGATTTTTTTATGCCTCGGCATCGGTTATGCGGTAATAAGAAGAACGATTTTTATTGTGTATCCGCCCATTCTGAGTAATGGCATGTTCAATTTTATTGTCATGCAAACGCTGTTTTATTTGCCGTTCTTTATCCTCGGCGCACTGGCTTTCATTTTCCCTCATCTTAAAGCCTTGTTTACCACGCCGTCTCGTGGCTGTACCCTTGCAGCAGCATTGGCGTTTGTCGCTTATTTACTCAACCAGCGCTATGGCAGTGGCGATGCCTGGATGTACGAAACCGAGTCGGTGATCACCATGGTCCTCGGTCTGTGGATGGTGAATGTGGTCTTCTCCTTTGGCCACCGTTTGCTTAACTTCCAGTCAGCGCGGGTGACTTATTTTGTTAACGCATCGCTGTTTATCTATCTGGTTCACCACCCGTTAACGCTGTTTTTCGGCGCATACATTACACCGCACATCACCTCCAACTGGCTTGGTTTTCTCTGTGGCCTGATATTTGTAGTAGGGATTGCGATAATTCTGTATGAAATTCATTTGCGCATCCCGTTACTGAAGTTTTTGTTCTCTGGTAAACCGGTTGTTAAGCGTGAGAACGATAAAGCACCAGCCCGTTAAGCCACATTTACAATAACCATTCCACGGGCAATATCGACGCCAGTCTGACCATAACCCGCTTCCAGAAACTGGTGGCGGGTTCTTTTTTGAGAATAATCTCTTTCTTTGCATGACGATCAACCCAGTTGATCCGTCCCCACCTGTCCAGACGGAGCTGCCAGGCCGCATCATACTGGCTCTGAATAAAGCGTTTATCAATTAACTGTGCCAGCGTTTCGCTCTCTATCACGAAGCCCATTTCAGTATTGAGCAATGTTGAACGCGGATCGAAATTGAAAGAGCCGATAAACACCGTTTTACCATCGATGCTAAAGGTTTTAGCATGCAGGCTGGCTCCGGAATTACCGGTTATGCCGCGATCGTGTAACGTACTACTTTGTTCACGCGTCGGCTTGAGTTCATATAATTCCACGCCATAGCGGAGCAATTTTTTGCGCCAGCGCGCGTATCCGGCATGGACGACAGCAACATCGTTAGCGGCAAGAGAATTGGTTAGGATCGCAATCTTTACCCCTTTTCTCACCATCCGTAAGAGTTGCGCCACACCTGCGCGTGTCGGTACAAAATAGGAAGAGATAATATCGATGCGTTCACTGGGTGAGCCCATGATATCGAACAGGCGCTGCGGTAACAGTGAATGCCGTTTTGCCTTGCCCTCCCCTTTCGCCGGATCATCACTTAATAAACGTGTTTTCGCCCAGATAAGCGGCAACGTTCCATCAACCAGATGATTTATAAACGGACTGGATTCCATTTTGCGTAAGTAACGATGCGTCATAGCATCGTTATGCCAGGAGGCGGGTAACTCGATGCGATCCGCCATTTCACCTTCCGGGACATCCAGCACTTGCTGTAAGGGTGAAACCGATTTGCAATACCAGTAGCGGGCGAAATCATCGGCAACGTCCTCTACCACGGGCCCTATTGCCATAACATCTAAATCCGAAAAAAGTGGCTCTTCCCCTGCCCCAAAATAGGCATCACCAATATTTCGCCCCCCTACCAGCGTCACCACGCCATCGACAGTGAAACTTTTATTGTGCATACGGCGATTGAGACGGGAAAAGTCGGTGATATAACCAAGCGGACGCAGCAAGCGAAACGAGAAAGGATTAAAAAGCCGGACTTCAATGCGGGGATGGCTGTCAAGCAAGCGTAAAATGTCGTCAAGTCCGGGCGTATTGTTGTCGTCCAGCAACAAACGGACGCGAACGCCACGCTTTGCTGCGGCTAACAGGGCGGAAAACAGTAACCGACCCGACATATCGTCCTGCCAGATGTAATACTGAACATCCAGCGTATGCTCTGCCATTTCGGCCAGACGATACCGGGCGGCAAACGCATCCAGACTTTTCTCCAGAGGGAAAAGACCACACTGACCGGGATGTTGCGAACACAGTG
NZ_CP010206.1_gap57	2248830	2250589	1759	GCGGTGTCAGACGCATTCATTTGCAGATATTTCAACAAGGTGCGTTCTTCACGTTTATCGAGACTGGTAAAGCCAATCATGCCGTTGAGCGTGCCGATCCAACCGTTAGCGTCAAAGTGGGCGATTTCCGGTGCGCCGTGGCACTGGTTACAGGTGCCGTTGTACAACGAATCCGCATAAGCCCAGATCGGTTTGATATCGTTCACCATGTCGCCTTTCTTCATCCACGCAGTGGCCTGCAACTTGCTCCACTCGGTATTGGTGTCGGCAACGGTGGTTTTCTCCAGCGTTTTTACCTGCTGCTGCACATCACCACGAATCGAGGCAACAAAGATGCGTTTACCTGGGAATTGGGTGAGTACACGCTGACGTCCGGCGCTTTCCGTCCAGCCGGTAATTTCAATTTGCAGCCAGTCGCCGTCACGTTTAAGGACTTTCACTTCCGAAGCAGGCAGCAGAGAACCAGAGGCTTCTTTATCGCCTTTCGCCGCATAAATTGGCTTAATATCAATAGAGTACAGCGTGTCACCACTGTCATTAGCACTGGCGCGCAGCTCATCGAACTGCTTACGGAAGCCGCTACTCATATCCGGTAACTGGTGGGCAATACCTTTATGACAGTCGATGCAGGATTGATTATCTTTCGCTGCCACCTTCATCTGACGTGCCGCTTCAGGATGCTGCTTCGCATGATCCATCGCATCGTAGTTATGGCAGGAGCGGCAGGTTGCCGAGTTGTTTTCTTTCATTCGCGCCCATTCACGCTCGGCAAGTTCCGCGCGTTTGGCTTCGAATTTTTCAGGTGTATCAATGGAGTGAGCAATAAAGGTCTGGTAGATATCATTGCTCGCTTCCAGTTTGCGCTTCACCATGCCTGGAATATCCGGCGGGATATGACAGTCATGGCATTCAGCTCGCACGCCGGAGGCGTTCTGGAAATGCACCGACTGTTTATATTCTTCATACACCGGTTGCATACTGTGGCAACTGACACAAAATTCGGTTGTGCTGGTGACTTTGATCCCAACGTGTGGCAATACAATCAGCGCAATGCCAATCACAATCCCAATTGCGACCAGCGCCAGTACCGACCAACGAGCACTGGGTCGGCGTAGCGCGTTCCAGAGTTTCCGCATAATAGCCCCTGTAAAATTATGGTTTAGTGAAGCGATCTTAATGAGCAAATATGAACAGCGGCACTGGTCAGGATGAACGGCTTACGGCAGAATATGAACAGATATGAACAGAATGAGTAAAACCCTCTGATGCCACATCACATTGTTATTGTTGAAGATGAGCCGGTTACCCAGGCGCGATTACAATCTTACTTCACTCAGGAGGGGTATACCGTTTCCGTTACAGCGAGCGGTGCCGGGCTGCGGGAAATTATGCAGAATCAGCCGGTAGATTTAATTCTGCTGGATATCAACTTACCCGATGAAAATGGCCTGATGTTAACCCGCGCCCTGCGAGAACGCTCAACGGTGGGGATTATTCTGGTTACCGGACGCAGCGATCGGATTGACCGTATTGTTGGGCTGGAAATGGGCGCAGACGATTACGTCACCAAACCGCTGGAACTGCGCGAACTGGTAGTACGGGTGAAAAATCTGCTCTGGCGAATCGACCTCGCGCGACAAGCTCAACCGCACACTCAGGACAACTGCTATCGCTTTGCCGGTTATTGCCTGAATGTGTCGCGCCATACGCTGGAGCGGGATGGCGAGCCGATTAAACTGACCCGCGCAGAGTATGAAAT
NZ_CP010206.1_gap58	2256872	2257855	983	TTTGTCCCGTAAAATGACAGGAATTGTCAAAACCTTTGATCGCAAAAGCGGCAAAGGATTCATTATCCCCTCCGACGGTCGTAAAGAAGTTCAGGTCCATATTTCCGCATTCACTCCCCGCGACGCAGAAGTGCTTATACCAGGATTACGTGTGGAATTTTGCCGCGTAAATGGCCTGCGAGGACCAACAGCGGCAAATGTTTATCTCTCTTAATATGACGCTGCTTGTTTAAAGCTGACTGGTTTTATTGGAATAGTGCAATAGTCAACATCATACATTATAACATCAGTTACTTTTCCACAAAGAAACTAATCCATTTAAGCGAATATCTCTGCACCTAATAGTTATAAATGCCATTTAACAGCCAGTTATAGTACCACTTGAAACTATATTACCAACAATAATTAATAGCTTTCGTAACAATTTCCTTATCTTTAATTTGTATTTTGCTAAGATTTATCTTATGCTCACAAGTCGTATTTCCAGAGGGGGATAGTTAACAATCTTATATTTCCCTCTGCGCGCCTTTCCTACCCGCAGTATATAGTGCAAGCGGTATGAGGAAAGGGAGATTTCACAAGGATGTTATACTCAAAGTAGACAATCCTGATCTCAAGCGTACGTATTGTCCATGCGATGAATAAAGGAAAAGTTATGAAACACAAGCTTTCTGCAATCCTTATGGCCTTCATGTTGACGACGCCAGCTGCGTTTGCTGCCCCTGAAGCAACAAACGGGACCGAGGCAACGACGGGTACTACTGGCACCACAACGACCACTACCGGCGCAACCACGACTGCTACTACCACTGGTGGCGTGGCTGCTGGCGCTGTCGGCACGGCGACAGTTGTCGGTGTGGCAACGGCTGTTGGTGTGGCGACGTTGGCAGTTGTTGCAGCAAATGACAGTGGCGATGGCGGTTCTCATAACACCTCAACCACCACGTCCACTACACGCTAATACTGCTTTAACGCGTCGAAAT
NZ_CP010206.1_gap59	2268389	2272515	4126	GGTATCGCGCCACGCATCGCCGCCTGGTACTGTGCGGCTGTGACATGATTCATATCCGGCGCATAGCGGGAGAGCAACATGCCGTAGCCCAGGTCACCTTCCAGTTCCCGGAATGCCTGCAACACATGCGGCTCACGATTGCCTTGCGATATTTCCTGCATTAACAGCCAGGCCATACGTCCGCGTTGCAAGCGTGGGTAGGTTTCAGCCATCAAATTCTTCAGACCCGGCACGGGTTTATCTAATGAGTGAGTGGCGAGGATCCCTAGCAGCGCGGGAATTTTGATGGCAAAGGCGTTACGCTCTTGATCCTGTTCCGGCCAGGCAACCACATGGAACGGTGCAGGTGCAGGTTCCGTTTGCCACTCCCCTTCCATCGCCGCCAGTTTTACCGGTTGTACTTGCGCGACTTCATACGCAGAACTGTCTCCGAGTTGCAGGGTACCGATAATCGCCAGAGTACCGAAGACGGAACCGATGGCAAACGAACGTAATGCGACATCGCGCTCCCGTCCGCGCAGTAAATACCAGGCGCTGATCGCCATAATAAACATGGCCCCGGTCACGTAGCCCGCCATTACGGTGTGCACAAATTTCACCTGGCTGACCGGGTTAAAGACCAGCTCGCTGAAGCTGGTCATCTCCATACGCAGGGTGTCGATATCAAAATGCGCACCGGTCGGGTATTGCATCCAACCGTTGGCATTCAATATCCACAACGCAGAGAGATTTGAACCGAACGCCACCAGCCACGTCACCAGCAGGTGCTGGTATTTATTCAGCCGTTGCCAGCCGAAGAAGAACAGCCCGACAAAGGTGGATTCGAGGAAGAAGGCCATTAATGCTTCCATCGCCAGTGGTGCGCCAAAAATATCGCCCACATAGTTGGAATAGAATGACCAGTTAGTACCAAACTGAAACTCCATGGTCAGGCCGGTAGCCACGCCAAGAGCAAAATTGATACCGAAGAGCTTACCCCAGAAGCGCGTCATATCGCGGTAGATTGTTTTGCCGGTGACCACGTAAATGGTTTCCATGATAGCCAGCAAAAAAATCAGCCCCAGGGTAAGGGGTACAAATAAAAAGTGATACAGCGCGGTCAGAGCAAACTGCCAGCGCGATAAATCAATGACATCCCACATGCGCACTCCTGTAGGCGAAGAGAGAAAAATAACCCGATAATGGTAGATCTCCCTCTTTATCCTGAAACTCTACGACCAGAGGTATTCGCCGATTGCGATATTCATAAGACTGAAAGCGATACTTACCGTCTTTTTACGTCGGTGCAGCTTCCGCCAGCCACTGACATACCTCGCTAAGCCGCTGCGCAGAGTCGACCAAATCTTCTGGCGCTGCCAGCACCACTTCCGGTATTGGGCAGATTTCATAACTTTCCAGTAACGGGCCTTTTAAGGTGTCCGTACAGCGTAAATGCCAGACATGGCGTAACCCCGTGGCGTTGATATAGCTCTCGCCATAGCCAATGGTACGAATCTGAATATTTCCCGGCCCACAGAGACGTGAGAGAAAAAGCCGATCAGCCTCGCTGATGGGTAATTGCGTCAGATTAATGCTGTGCGGCTGCGCGTCGGGGTTACGTACATGTGCCAGTAACTCATGCGCCAACGGTAGGCCATTCATCAGGCCATCAATGGGCGGCGGTAACAGCGAATCTGTCGGCAAGAGATTTTGCGTTGCCGCCTGCCACAACGCCAGCGGCGCGCAGCCAGCCTCCAGTTTGTCCTCCAGCAACTTTTCGCCGCGACGTCTGCGCACCCGCCATAATCCGCAGAAGATCGCCTCCTGTATTTCACTTTCACTGTCGTCAGCCTGCTGAATGCGCACTGACACTTCCCCTTCCCCGAGAAGCGTATTGATAAAGTGACGATCGTCGGCGTTGAGATTTAACAGATCGACTGCCAGCACCTCGCCCAACGGCGGTTGGCGTTCGCTTAGTTGATGTTGTAACTCGTTTAACAGCGCAATCACCTGCGGGCTGTGAGCACATTGCTCCAGGGCCGCCATACTCGGTTCATCATTCACCTGACAGGTGATCGGCAGTGGATTCATGCTGAAACTGTCATCGTTCGGTTGCGTTCCTGGCCCCAGCAGATGGAAAAATGTTTCGCTCATGAGGCACGCTCCTGCTGCGGTTCGACAAGCCCGCGCATCAGGTTTATCAGTTCCGCCCACGGGTGAATACCATTCAGCACGCCGCGATAGTTTCCGCCGGTAAACACTAAAGTGGCAGGAAAGCGAAAGACGCCAAAGCGATCGCCGATGGCTTCGCTCTGCTCAAGGTCAGCAATCGCCACCTGCCATGTATAGTCGGGAAACTCGCGCAGTAATTCGCCAATCATTACCGGATTATCGCTGACCTCTGGCGTGCGTTTCGGGTCACTGCTTAATAACAGCACGCCGTCTGGCGCTTGCGTAAGCCAGTCGTCAAGACGGGATTCACTGACTGGCGTCCAGCCGCGCGCCAGCATTCGTTGCCACAACGCATCAAATGGCGTGTCGTTGCTCATCCCTGCTCCTCCTGTGTCATCCGGTACTGGCGCAAGCGAACGCCTTCGTAATTTTCCATCGACAGACAGTCATAATTGAGACAGCGCGATTCATTAGCCGGTTGCGGCACAATTCCCCACGCAGCCAGCTGCGCCAGCGCCGCCTGTTCCGCAGCGGGCAGTTGCTCCCGTGCCAGTTCGCTCAGGCTACCGCCGTAGTCGTCGAGCATTGCGGGTTGCAGACCGACGAGGGCAATATGTGCTGGCAGATGTCCGCGGATATCCGCCAGCGCCAACACTTCGGAGAAACTGTTCTGATGCAGGCTCATTTTCTTCGCGCTGAGATAAGCCGGAATGCGTTCTCCGGCATAGGTTCGCAGCGTTCCAGGTTCCAGCCCGTAGTCAATGGCATCGAGAATCAACAGATGGCTGGCGCTTTCGACATACCCCAGCAAGTTCAGTCCCTGAGTACCGCCATCGACAATCTCCACATACTCGGGCCAGTGGTAATGGGCATACAGCCGTTCCGCCACCCGCACGCCGAAGCCTTCATCGGCCCACAGCAGGTTGCCCAGCCCCATGACCACCACGCGTTGCTCGCTCATGAACGCTCCTTGTTACTTATTTTGCCAAATTTGTGGCTACGGTAGCCGTTGACCATGGTGGAGATCACCGTGTCGTCGGACATGATGTCTTCACGCAGCGCCATGTAGACATGACCGATCACAAACGCGCCAATCAGCCACATCCCCAGCCGATGCCAGCTGTGAATGTCCATTGAGTTGCCACCCATCCAGTAGAAAAATTCCACCACATAACGGAACGGCGCAAAAATAGCGTACTGGCTGTGTTCGCTATACAGCGCAAAACCAGTGATGATCATAAAGACCGACATCAGGAAATAGCCGAACATCGCCGCCTGGGCGATGGGATTATGGCCTATATCGGCACTCGGACGTTTTGCCAGAAACAGATACCAGCGGATTTCATACCACACGCCCTGCCACCAGCTTTTACGCCATACCGGCACGATAAACAGCTCGCGGGAGTATCGATTGCCAACAAAAGCCCAGTAGATCCGCATCAGCAAAACCACGGTAAAAACCATCCCGGCGCTGAAGTGAATTAACCTGATGTAGCCCATATAGAACAGAGACGTCGCCTCGCCGCTGACGGAAGGTAGCGGCTTGCCGATAAAGTATCCGGTGACCATCAACACCGCCATGCATAACACCGTCAACCAGTGCCAGATGCGGACTGGCGCTTCAAAGACATAGTGGCTGACAACGTTGTCGCTTTTCTGTTGCATGATGATTCTCCTTCGCTGTTAACGCACCTGCACGGAGATCAGCTCGCTACCGTCGTCGCCCAGCACGTGTGTTGAACAGGCGAGGCACGGGTCAAAGCTGTGCAGAGTACGCAGGATCTCCAGCGGTTGCTCGGGGATCGCCATTTTGGTGTTCATCAGCGCCGCTTCATAAGCGCCAATCTGCCCTTTGGGATCGCGCGGGCTGGCGTTCCAGGTGGTCGGCACCACGCACTGGTAGAGATCAATCTTGCCATCGCGAATGGCGGCCCAGTGGCCTAACGCCCCGCGCGGCGCTTCGGTAAAACCGACA
NZ_CP010206.1_gap60	2310625	2313149	2524	TTTGCATCGCCTAGCTGAGGTATTGCAATGTTCACCAACTTGGATACTGTTTGGTGACGAGGATAAAACACCAGATCCACCAGTTGCACTCAACAGCGCCTTAGACTTATCGGAAGATGAGTTGGAGATGTTGCGATTGTATCGCGCACTTCCAAAATCAGAGCAGCAAGCACAAATCAGCGAACTCCGTGCCCGCGTTGAGAATTTTAATCGCCTATTCACCGAGCTACTAGAAGCTCGCAAACGTAACAAACATCAGTAACCCCCTTCACAAATTTTAAAGCCTTACATTTCAATGTATTGGCTTTATTTTGCATTAAATATTGAGTTTTCTCATTAAAAACGCTTGACCAACATTCATGAGAAAACTAAATTACCACCCATCAAGACACCGCACGGTGTTCTCAGCAAACAGTTCCGCTACCCGGCGTTAAGGGGAAACAGAGGATTTCTCAGTGGGCGAACTCAAACATCAGAATGGAAGGTATCCTGGGATCAGCAAAGAAACAGCAATGGCGCTTTATATTGATATCAGCGCCATTGCCGGACAGGTAAGAATGATCAGAGCGGTAACTAAACGGTATGCGCCTTTACTTCAGAAAGTCTCTGGTGAGTGCGCCGAAGATATCGTCAACGATTTCGTCATCGAATTGCGAGGACTCATCTTCAGTTACAAGGTGACCACAGTTTTTGCAGATGGCTCCCGCGAAACTGTCAGAGCCCTGCGGTTTAAAGGATGTGTCAAAGACTTCGCCACCACATTCTGGGCAAGAAAACTTGATTGTATTCATAACCAATTTCCTCTCGAGTAACAGACCTCTCAGAGGATACCACCTCGCCTGACGTGGTTAAAAGCAGGCAACGCTAACCACGAGGAGCCGACATGCAGAAACGAGAACCCGTCATCATCGCGCCAGACTATACCGATGATGAACTTTATGAGTGGATGCGCCAGAAAATTAATGCAGCGCAGGATCTGAAATGGGCCAATGAAGCCAGGGCTAAGCAGGCTGAAAATCTGTCCGCTCTGGAGCAGGATATCACCAATCTGGAAAAAGCAGCGGCATTAAGCATTGCCAGAATGATTACATACCCACGTTAATAGCTAACCAACGAGGCTAATAATGGAATTTAAAGATTTACCAAAAGAAATCCAGACAATTGCTGCAACGGCTCTCGGTGATAGTCTGGTGAAAATTGACCCGGCATACACCAAAAAAGAAACCATCGATAATATGGTTCGTAATGTGCGCAATGCTTTTTCTGGGCTATATGGTCCTGATAATCAAAAGCAGGAAAGCGATGTTAATAAACGGGTAATTTCTGTTTGCGTGAATGGCCATGTTCTTTCATCAATCAAAACAGAAACAGCGACAGTCTTCGATTGCCTTTGCATTGTACAGAGCCTTGTTGATGCCCTGTTTCGTTCAGTGAATTTAGAAAATGATGCAAATCTGCGAGGGCGCACAATAGCACATCCATATGCACATACTTTAGGCTCTGTGGATATCAAAGATCCCACAAATCTTTAATGAAATAGTTAACGCGAATTGTACTTGCTCTTTCAGTTGCTTTCAGAATACGCGTTGAAACTGCTGGCGGTAATTTGGTATTCCATTTATTAAAATCATGCCCGGGAAAGTACTCTTCGAAAATACTTTTAACTGCAGACTCGCCTATTGAAATGCTGCTTACCATGCGATTTTGATAAAGGCATTTAGCAATAAGAGTTGATTTTAACATTCACCCTCCTGAGGGTTGGTAATTAAGGAGTTCTCCACGGGTGAGGTGGAGTGCGTGCGCCGGACACGGGTGAACATCCGGCACAGACAGTTTACTGAAAGGATATTTCCCTGAAAAGTCAGACCATAACGCGAAAGCGCACGGCGAGGTAGCTGGTTCATAGATAGCCTGTCGTTAAATTTTCGTCGACCGTGCGCTTCCGGTTGTGGCAATCCGCGAAATGGCGCGGCGGTAAGTATGGCGGGGTTATTCCTTCCCCCGTTGAGGACACCGGGTTGTCAGGTTGACCATACGCTTAAGTGACAACCCCGCTGCAACGCCCTCTGTTATCAATTTTCTGGTGACGTTTGGCGGTATCAGTTTTACTCCGTGACTGCTCTGCCGCCCTTTTTAAAGTGAATTTTGTGATGCGGTGAATGCGGCTAAGCGCACGCGGAACAGTTAAAACCAAAAACAGTGTTATGGGTGGATTCTCTGTATCCGGCGTTAATTGTTAACTGGTTAACGTCACCTGGAGGCACCAGGCACTGCATCACAAAATTCATTGTTGAGGACGCGATAATGGAAACGTTATTACCAAACGTTAATACGTCTGAAGGTTGTTTTGAAATTGGTGTCACTATCAGTAACCCTGTATTTACTGAAGATGCCATTAACAAGAGAAAACAAGAACGGGAGCTATTAAATAAAATATGCATTGTTTCAATGCTGGCTCGTTTACGTCTGATGCCAAAAGGATGTGCACAATGAATTCAGCATTTGCGCTTGTTCTGACAGTTTT
NZ_CP010206.1_gap61	2377815	2378561	746	AAAACGATCACGATCCCAAGGAATGGTGGCGCGAGAGAAGTACAGTGCATACCCTTCAGCGTCGAGAACCACTTTCACCGCATTCGGGTTAAACGCTTCTTCCGCATTGTGGATTGGCACCGCCAGAGTCGCCATACCCACCTGACGCTGAGCGAGGTTATCAGCAACCTGACGAATGATTGTCGCAGGGATCATCGGTTCATCACCCTGCACATTAACGATCACCGTGTCGTCGCTGAATGCGCATTTTTCGACAACTTCCGCCAGGCGTTCTGTCCCTGACTGGTGATCGGCGCGCGTCATACATACTTCACCGCCAGCGGGTTCAACGGCGCGGGCGACATCCTCATGATCGGTTGCCACGATGATGCGATCGGCACCTGATTCGCGAGCACGTTCAAGAACATGAACAATCATGGGTTTGCCATTAATATCAACCAATGGTTTACCGGGCAGACGCGTTGACGCGTAGCGCGCGGGAATAATGACCACAAAACTCATGATTTACTCTCATCAGCAGTCAGCACGCGGGCTTCCGTTTCCAGCAACACTGGAATGCCATCACGCAGCGGGAAAGCCAGGTTGTCCAGTTTGCAAATAAGTTCTTGTTTTTCTTGGTTATACCAAAGTTTTCCGTTGCAAACCGGGCAGGCAATGATTTCAAGCAAACGATGATCCATAGTTCCTCCAGATGGATCGGGTTATGAATGCATAAATCTTATCATAATCATTTATGCGACGGGGTC
NZ_CP010206.1_gap62	2389868	2390409	541	CAACGTTGCCGCCAGTAAAGCCGCCCTGTAAACGCAACGGCGGATAATTTTCTTGTTCCAGGTAAGTGATCTTCGCCCCGCCCAGGCGCAGCGCATCCACCAGATGACCAATCGGGCGTTCTTTCATACGCGGCTCACCGGTCAGCACAATATCATTGCTACCCAGACAAAGAGCTGCCGCCAGCGGACGCATTGCCGTTCCGGCGTTACCGAGGAACAACTCCAGGGCACCTTCTGCGTGTAATGGACCGCCGTTACCGATAATTTCGCAACGCGTACGATCGGCTGAAAGCGTATAGCTTACCCCTAACGCTGTTAATGCATTCAGCATATGGCGCACGTCATCGCTATCCAGCAGATTGGTTAATACTGTTTTGCCGTGTGCTAATGCCGCCAGCAATAAAGCGCGGTTAGAAACGCTCTTGGAACCGGGCAGATTAATAGTGCCATCGACACGAGCGATGGGTTGTAACGTCAGGGATTCCATGAACTCAACTCTCTACAACAGAAATAAAAACCCCACAGGCTGGCTGTGGGGATT
NZ_CP010206.1_gap63	2395524	2396134	610	GGTCATTTACCTGCGTGAAAACGATCACCATTAATGGTTGTCGAAGTACGCAGTAAATAAAAAATCCACTTAAGAAGGTAGGTGTTACATGTCCGAGCTTAATGAAAAGTTAGCCACAGCCTGGGAAGGTTTTACCAAAGGTGACTGGCAGAATGAAGTAAACGTCCGTGACTTCATTCAGAAAAACTACACTCCGTACGAGGGTGACGAGTCCTTCCTGGCTGGCGCTACTGAAGCGACCACCACCCTGTGGGACAAAGTAATGGAAGGCGTTAAACTGGAAAACCGCACTCACGCGCCAGTTGACTTTGACACCGCTGTTGCTTCTACCATCACCTCTCACGACGCTGGTTACATCAACAAAGCGTTGGAAAAAGTTGTTGGTCTGCAGACTGAAGCTCCGCTGAAACGTGCTCTTATCCCGTTCGGTGGTATCAAAATGATCGAAGGTTCCTGCAAAGCGTACAACCGCGAACTGGACCCGATGATCAAAAAAATCTTCACTGAATACCGTAAAACTCACAACCAGGGCGTGTTCGACGTTTACACTCCGGACATCCTGCGTTGCCGTAAATCCGGTGTTCTGACCGGTCTGCCAGATGCTTATGGC
NZ_CP010206.1_gap64	2482778	2486763	3985	CCCGAGGTGGCATACAGTCTGTGGCGTTTTTCTGACATAATAGGCAAATTCGATTTTGCCTCCGCAGGAGTGTTTTCATGGAATTTACCACCGGATTGATGTCGCTCGACACCGCGCTTAATGAGATGCTTTCTCGCGTCACCCCACTGACCGCCCAGGAAACGCTGCCACTGGTACAGTGTTTTGGTCGTATTCTGGCGAGCGATGTCGTTTCGCCGCTTGATGTTCCGGGGTTTGATAACTCCGCAATGGACGGCTACGCGGTGCGTTTAGCCGATATTGCCTCCAGGCAACCGCTGCCCGTTGCCGGTAAATCCTTTGCCGGTCAGCCGTATCATGGTGAATGGCCTGCGGGCACCTGCATTCGTATTATGACCGGTGCGCCGGTGCCGGAAGGCTGCGAAGCGGTGGTGATGCAGGAGCAGACTGAACAAACGGACAATGGCGTGCGTTTTACTGCTGAAGTGCGTAGCGGGCAAAATATTCGCCGTCGCGGTGAAGATATCTCTGCAGGTGCGGTTGTTTTCCCGGCGGGAACTCGCCTGACTACCGCAGAGCTGCCAGTAATTGCTTCACTGGGGATTGCCGAAGTTCCGGTGATTCGTAAAGTGCGTGTAGCGCTTTTTTCTACCGGTGATGAACTCCAGTTGCCCGGTCAGCCGCTGGGCGACGGCCAAATCTACGACACCAACCGTCTCGCCGTACACCTGATGTTAGAACAGCTGGGTTGCGAGGTAATCAACTTAGGGATTATCCGCGACGATCCCCATGCCCTGCGCGCCGCATTTATTGAAGCCGACAGCCAGGCGGATGTAGTGATCAGTTCCGGCGGTGTTTCAGTGGGTGAAGCGGATTACACCAAAACGATTCTTGAAGAGCTGGGGGAGATCGCCTTCTGGAAGCTGGCGATTAAACCAGGTAAACCGTTCGCGTTCGGTAAACTCAGCAATAGCTGGTTCTGCGGCCTGCCGGGCAACCCGGTTTCAGCGACGCTGACCTTCTATCAACTGGTACAGCCTTTGCTGGCAAAACTAAGCGGCAACACCGCCAGCGGCCTGCCCGCGCGCCAGCGCGTACGCACAGCGTCCCGCCTGAAAAAAACGCCAGGACGTCTTGATTTCCAGCGCGGCGTGCTGCAACGCAACGCCGACGGTGAACTTGAAGTGACGACCACCGGACATCAGGGTTCACATATATTTAGCTCCTTTAGTCTCGGCAACTGCTTTATCGTGCTGGAACGCGATCGCGGCAATGTGGAAGTGGGCGAATGGGTGGAAGTAGAACCGTTTAACGCGTTGTTCGGAGGCCTGTAATGGCGGAACTCAGCGATCAGGAGATGCTGCGCTACAACCGGCAAATCATTCTGCGCGGTTTTGATTTTGACGGTCAGGAGGCGCTAAAAGATTCTCGTGTGCTGGTAGTCGGCCTCGGTGGACTCGGCTGCGCAGCTTCGCAGTATCTGGCAAGCGCCGGTGTTGGCAACCTGACGCTGCTCGACTTCGACTCGGTTTCGCTCTCGAATCTGCAACGCCAGACGCTGCACAGTGATGCTACGGTCGGGCAACCGAAGGTAGAATCCGCACGTGACGCCCTGGCGCGGATCAACCCGCATATTGCGATTACGCCAGTCAATGCACTGCTGGATGACGCTGAACTTGCTGCGATGATTGCTGAACACGATCTGGTGCTCGACTGTACGGATAACGTTGCGGTACGTAATCAACTGAACGCAGGCTGTTTTGCCGCGAAGGTACCGCTGGTTTCCGGCGCGGCAATTCGTATGGAAGGTCAAATCACGGTCTTCACTTATCAGGACGGTGAACCATGCTACCGCTGCCTCAGCCGTTTGTTTGGTGAAAATGCATTAACCTGCGTGGAAGCAGGCGTAATGGCACCGTTGATTGGCGTGATTGGTTCGTTGCAGGCAATGGAAGCGATCAAGCTGCTGGCAGGTTATGGCAAACCGGCCAGCGGGAAAATCGTCATGTACGATGCGATGACCTGTCAGTTTCGCGAAATGAAACTGATGCGTAATCCGGGGTGTGAGGTGTGCGGGCAGTAATTGCCACCTCCAGGCCTGATAAGACGTGGCAGGCATCGGTGCACTCCGCCACGTCATCAGCAATTTATGAGGATGCAGAACGTCCGGTTAAATCGACGTTCTGCCAAACGCTCCCTGCCAGTCCTGCTCAAACTTCGCCACAGCGGCATCAACCGCCGGATAGCTAATCATCTGCTGCGCCACATCCAGCGGCAGCGTAATTGATTCACATCCTGCCAGTAAGCAGTCCAGAGCCTGACGCGGGGTTTTGAAACTCGCTGCCAGCACTTTCGCCTGCGGCGCATGCATTTTCAATAACTGGTGTAAGTCGGTCACAGTCTGAATACCGCTACCGCCCTGAGCATCAATACGATTAACGTAAGGCGCAACATATTCCGCACCTGCCAGCGCCGACAGCAACCCTTGTGCCGCACCATATACCGCGGTTCCCAGCGTCGGAATCCCTTCCGCTTTTAACATCTTAATAGTTGCCAGCCCCTCGGCGGTCACCGGAACTTTCACCACGATATCCGCAATAATAGAGCGCAATTTACGTGCGTCATTCACCATCCCTTCAGCAGTGGTAGCCATTACCTGGGCAAACAGACGCCCCTGACCGCCCATCGCTTCATGAAGTTCCGGAAGCACAACCTCCAGCGGTTTTTTACCCGCGGCGATAATGCTTGGGTTAGTGGTCACACCCGCCAGCGGAAAAATACGTGACAGCGCCTTCACCGCAACAACGTCTGAAGTATCCAGATACAGTTCCATAACCATCCTCAAAATGTACTTTTTGTCTGAATGTAGACTATCACGGGAAAACTCTCTGAACAGTTGACGCACATCAATCTAACTTTCATTCGAAAGTATTTTAATGTTTGAACGAAACAGAGAGGCAACTATGATTTTCAATATTCAGCGCTACTCGACCCATGATGGCCCCGGTATCCGCACGGTCGTATTTCTTAAAGGCTGTTCGCTGGGCTGCCGCTGGTGTCAGAACCCGGAAAGCCGCGCCCGCACGCAGGATCTGCTGTATGACCCACGACTGTGTCTGGAAGGCTGCGAGCTGTGCGCTAAGGCCGCGCCGGAAGTGATTGAGCGCGCGCTGAATGGTTTGCTTATTCATCGGGAAAAGTTAACCCCGGAGCATCTGACGGCGTTAACCGACTGCTGTCCGACACAGGCATTAACCGTGTGTGGTGAAGTGAAAAGCGTTGAGGAGATCATGACGACCGTTCTGCGCGATAAACCGTTTTACGATCGCAGCGGCGGCGGTTTAACGCTTTCGGGTGGTGAACCCTTTATGCAGCCGGAAATGGCGATGGCGCTACTGCAAGCCAGCCACGAGGCCGGCATTCATACTGCGGTAGAAACCTGTCTGCATGTGCCGTGGAAATATATCGCCCCTTCTCTGCCCTATATCGATCTGTTTCTTGCCGATTTAAAACACGTTGCCGACGCGCCGTTTAAACAGTGGACCGACGGTAACGCCGCCAGGGTGCTGGATAACCTGAAAAAACTCGCCGCAGCGGGCAAAAAAATCATTATCCGCGTGCCGCTGATTCAGGGCTTTAATGCCGACGAAACCTCTGTGAAAGCCATTACCGATTTTGCCGCCGACGAGCTGCACGTTGGCGAAATTCATTTCCTGCCCTACCACACGCTGGGCATCAACAAATATCACTTACTTAATCTGCCCTATGACGCCCCGGAAAAACCGCTTGATGCGCCAGAGCTGCTCGATTTTGCCCAGCAGTATGCCTGCCAGAAAGGGTTAACCGCGACCTTACGAGGATAACAACCATGACCACACTGAAACTGGACACGCTCAGCGACCGCATTAAAGCGCACAAAAATGCGCTGGTGCATATTGTGAAACCGCCAGTCTGTACCGAGCGCGCGCAGCACTATACCGAGATGTATCAACAACATCTCGATAAG
NZ_CP010206.1_gap65	2614486	2616108	1622	TTATTTGTTTATAATGCGCTTACTTAATACAAACCATTGAATATACCCTCCTGACAGAAAATAAAGCCATATTATTATCGCCATAATATACTTACTATCAATCCTTACGCCAATAATGTCTGATACAGTCCCTATAAATATTAGAGCAATAAAGAATACTATGCCTGTTGGAAAACATATTACCATCATTCCATAAGACATGAGACTAATTAACTCGCTCACATCACGAGTGGAGTCTAATAGTGAAAGTCTATGCATGGAAAAGAATAGTATTAAAAGCGATAAAGCCAGCCATATAGCTCTGAATAAAAAAATAATATATTTCATTACATCACTCCGGTGAATACAAATCTAATAAAACGTCCAATGTTATTTCCGGAGCACTTCATCTTACATGTTTCTAAAGAATCATTAGACCAGTCTTGGCAGTTTTTAAATAGCCCTAAATTTATAGGTGTGAATATATCAGGCAATACAGAATAACGCGGCCTTACCTCTTTAAACTTCCCTTTTAAACAGTTCTCCACACAACTATTATCGGTTTCAACGAGGTCACAACGGCCAGCAGCTTCTTTTGTATCATTACTTGCTTTACCTGGCCCCCATAGACCATCTCCTTTTGATTCTCCCCGTTGGTCTTGGCCACCACAAGTATAGTCCCCTTTACCATCTGGGACACAAAGATATTGATGATAGAACGGATTCCCCCATATATCTGGACCGCTTCTTTCACCAGTTCCGCCCATTGAATGCAGTGGCTTAATGCATTTTAGTGTTTCTAATCCTAATGGATCTATATTTGAGATCGGATTCAACGGATACTGATAAAAATTCCATCCCCCCTTCAGCCCAATCGGATCCTGAGTGATATACCTCCCCCGCAGCGGGTCATAATAGCGGTGGCGGTTATAATACAGGCCGGACTCCTCATCATACTGCTGCCCCGGCAGGCGGATGAGCTGCTGCAGCTGGTGCGGGTTCTCTTCATTCAGCTGGTTACCCCATTCATCGTATTCTGCGTACCACGCTGTTGTCCCTTCCGTGCTGATAAGGGCCAGCGGCAGGCCGCGATGGTCGCAGTGGTACAGGTGAATTTTTCGCGCCGGCGTGTATACCGGGTCCATCTGGTTTTGCATCTGCTCCACGGTCAGGCCGCACGATGCCAGCCAGCGGCGGCTTTCCTCACTCACCCGGGCAGCCAGGATTTCACTTTCCAGCCGGTCGAGCATCTGCACCAGCACCGGCGGGAACACCACACTGCCACCGTCTTCGCCGCCGGACTGCTGAAGCGCATCCGCCAGGCTGCGGCGCTGCGTTCTGGCCAGTTCACCGGTGGCAGTTTCAACTCTGATGAGTGGTGTGAAGCTCCCCGGCTGATAAATCGTCTGGATGCGGCTCCTGTCGTTCTGTATCGTGGTCAGCCGGTCGCCGTCCCAGCCGTACCAGGTCACTTGCGGTTTCCGTGACAGCGACATCCAGCCCGTCAGGTCCCGTTCACGCCGCCATACCCGTTTTGCCACCCTGCGGCCCAGCGGGTCGTAAAGATAGCGACTTTCGACCAGCGGCTCTGCATATTGTGTCCGCGTGTAGTGCACCAGCCGGTGCTGACTGTCGTAATGGTA
NZ_CP010206.1_gap66	2681691	2686367	4676	GCCTGACCTGGGAACATCAATCCTCGTTGCGCTTTCCGGTCTGTTTGTACTGTTCCTCTCTGGCCTTAGCTGGCGTCTGATTGGCGTCGCAGTAGTGCTGGTGGCGGCGTTCATTCCGATTCTGTGGTTCTTCCTGATGCATGATTACCAGCGCCAGCGCGTAATGATGCTCCTGGACCCGGAATCAGACCCACTCGGCGCGGGCTATCACATTATTCAGTCTAAAATTGCTATTGGCTCCGGCGGATTACGCGGCAAAGGCTGGCTGCACGGCACTCAGTCACAGCTTGAATTTCTCCCCGAACGCCATACCGACTTTATCTTCGCGGTACTGGCGGAAGAGCTGGGATTAGTGGGCATTCTGATTCTGCTCGCTCTCTACATTCTGCTGATCATGCGCGGGCTATGGATAGCCGCCAGAGCGCAAACCACCTTTGGTCGCGTCATGGCTGGTGGCTTAATGCTGATATTATTCGTTTATGTCTTCGTAAATATTGGTATGGTAAGCGGTATTCTGCCGGTTGTAGGGGTTCCGCTCCCACTGGTCAGTTATGGAGGATCGGCGCTAATTGTGCTGATGGCTGGGTTCGGGATTGTAATGTCAATCCACACCCACAGGAAAATGTTGTCGAAAAGCGTGTAAGAGGTGCGCAATGCGTAAGCAGTGGCTCGGGATCTGCATCGCGGCAGGAATGCTCGCGGCATGTACAAGCGATGATGGTCAGCAACAGACGGTAAGTGTACCGCAGCCTGCGGTATGTAACGGCCCCATAGTTGAAATTAGCGGGGCGGACCCGCGTTTCGAACCACTGAACGCGACGGCAAATCAGGATTACCAGCGCGACGGTAAAAGCTACAAAATCGTGCAGGATCCGTCTCGATTTAGCCAGGCGGGACTGGCGGCAATCTATGATGCCGAACCAGGCAGTAACCTGACGGCCTCTGGCGAAGCTTTCGATCCGACACAGCTGACGGCGGCCCATCCAACGCTTCCGATCCCCAGCTACGCCAGAATCACTAACCTGGCTAACGGGCGAATGATCGTGGTGCGCATTAATGATCGCGGCCCTTACGGCAACGACCGCGTTATTTCGCTTTCTCGCGCGGCAGCTGACCGTCTTAACACGTCAAACAACACCAAAGTTCGTATCGATCCGATTATTGTCGCCCAGGATGGTTCGCTTTCTGGTCCTGGTATGGCTTGTACCACAGTCGCCAAACAGACTTACGCCCTGCCTGCACCTCCCGATTTAAGCGGTGGCGCGGGAACAAGTTCAGTGTCTGGCCCGCAGGGTGACATTCTTCCGGTCAGTAATTCGACGCTAAAAAGCGAAGATCCGACCGGCGCGCCGGTAACCAGTAGCGGTTTCCTCGGCGCACCAACGACCTTAGCGCCTGGTGTACTGGAAGGCAGCGAACCGACGCCTGCGCCACAGCCCGTTGTTACAGCTCCGTCGACAACGCCTGCAACCTCGCCTGCAATGGTGACACCGCAAGCCGCCTCGCAAAGCGCCAGCGGCAACTTTATGGTGCAAGTCGGGGCCGTTAGCGATCAGGCTCGTGCGCAACAGTACCAACAGCAACTGGGACAGAAGTTCGGCGTCCCCGGTCGCGTAACTCAAAATGGCGCGGTCTGGCGGATCCAGCTTGGCCCCTTCGCCAGCAAAGCCGAAGCCAGTACCTTGCAGCAACGTTTGCAAACCGAAGCCCAATTACAGTCATTTATTACCACCGCGCAGTAGCGTAAAGCAGGCATCTGATGTGTCAATTTCTGTAAATGACGTTAACAAAGTCACGCGGAAAGTCAGATGCCTGCCGGTAGTGCATTTGCTATAGTAGGGCACTTTTTTTAATTCCATCACGGATGTCGTAGTTCAGACCATGAATACCATTTTTTCCGCTCGTATCATGAAGCGCCTGGCGCTCACCACGGCTCTTTGCACAGCCTTTATCTCTGCTGCACATGCCGATGACCTGAATATCAAAACTATGATCCCGGGTGTACCGCAGATCGATGCGGAGTCCTACATCCTGATTGACTATAACTCCGGCAAAGTGCTCGCTGAACAGAACGCAGATGTCCGCCGCGATCCTGCCAGCCTGACCAAAATGATGACCAGTTACGTTATCGGCCAGGCAATGAAAGCCGGTAAATTTAAAGAAACTGATTTAGTCACTATCGGCAACGACGCATGGGCCACCGGTAACCCGGTGTTTAAAGGTTCTTCGCTGATGTTCCTCAAACCGGGCATGCAGGTTCCGGTTTCTCAGCTGATCCGCGGTATTAACCTGCAATCGGGTAACGATGCTTGTGTCGCCATGGCCGATTTTGCCGCTGGTAGCCAGGACGCTTTTGTTGGCTTGATGAACAGCTACGTTAACGCACTGGGCCTGAAAAATACCCACTTCCAGACGGTACATGGTCTGGATGCTGATGGTCAGTACAGCTCCGCGCGAGATATGGCGCTGATCGGCCAGGCATTGATCCGTGACGTACCGAATGAATACTCGATCTATAAAGAAAAAGAATTTACGTTTAACGGTATTCGCCAGCTGAACCGTAACGGCCTGTTATGGGATAACAGCCTGAATGTCGACGGCATCAAAACCGGACACACTGACAAAGCAGGTTACAACCTTGTTGCTTCTGCGACTGAAGGCCAGATGCGCTTGATCTCTGCGGTGATGGGCGGACGTACTTTTAAAGGCCGTGAAGCCGAAAGTAAAAAACTGCTAACCTGGGGCTTCCGTTTCTTCGAAACCGTTAACCCACTGAAAGTAGGTAAAGAGTTCGCCTCTGAACCGGTTTGGTTTGGTGATTCTGATCGCGCTTCGTTAGGTGTTGATAAAGACGTGTACCTGACCATTCCGCGTGGTCGCATGAAAGATCTGAAAGCCAGCTATGTGCTGAACAGCAGTGAATTGCATGCGCCGCTGCAAAAGAATCAGGTCGTCGGAACTATCAACTTCCAGCTTGATGGCAAAACGATCGAACAACGCCCGCTGGTTGTGTTGCAAGAAATCCCGGAAGGTAACTTCTTCGGCAAAATCATTGATTACATTAAATTAATGTTCCATCACTGGTTTGGTTAAAAATTGAACACTTGAAAGTGTAATTTCCGTCCCCATATACTAAGCATCAGTAAAAAAACTCCCGCCTTCTGGCGGGAGTTGCTATTTAATTACGTTACGCCGGAGCTGACATGAAAACCAAACTTAACGAACTGCTTGAATTCCCTACTCCTTTTACTTACAAAGTTATGGGGCAGGCGTTACCTGAGCTGGTTGATCAGGTGGTTGAAGTGGTACAGCGCCATGCGCCAGGTGACTACACCCCAACGGTAAAACCAAGCAGCAAAGGCAACTACCACTCGGTATCTATCACTATCAACGCCACTCATATCGAGCAGGTTGAAACACTGTATGAAGAACTGGGCAAAATCGATATTGTCCGCATGGTTCTGTAACTCGCTTCTCCGTTACCCGGCTCCTGGTCGGGTAACTCCCCTCTCCTCGCTGTGATATACTTTTCCCCCACTTTTACTCATTCTCCACGGAGATGCCGTTTTGTATCAGGATAAAATTCTTGTCCGCCAGCTCGGTCTTCAGCCTTACGAGCCAATCTCCCAGGCTATGCATGAATTCACCGATACCCGCGATGATAGTACCCTTGATGAAATCTGGCTGGTCGAGCACTATCCGGTATTCACCCAAGGTCAGGCAGGAAAAGCGGAGCACATTTTAATGCCGGGTGATATTCCGGTGATCCAGAGCGATCGCGGTGGGCAGGTGACTTATCACGGGCCGGGGCAACAGGTGATGTATGTGTTGCTTAACCTGAAACGCCGTAAACTCGGTGTGCGTGAACTGGTGACCTTGCTTGAGCAAACAGTGGTGAATACCCTGGCTGAACTGGGTATAGAAGCGCATCCTCGGGCTGACGCGCCAGGTGTCTATGTTGGGGAAAAGAAAATTTGCTCACTGGGTTTACGTATTCGACGCGGTTGTTCATTCCACGGTCTGGCATTAAACGTCAATATGGATCTTTCACCATTTTTACGTATTAATCCTTGTGGGTATGCCGGAATGGAAATGGCTAAAATATCACAATGGAAACCCGAAGCGACGACTAATAATATTGCTCCACGTTTACTGGAAAATATTTTAGCGCTACTAAACAATCCGGACTTCGAATATATTACCGCTTAATTCCATACATCAATGGCCCAATTTACACTGGGTCATTACTCATAATACCTGCTAATACTTTACATCTCCTTCGCGTTTGTATATTTTCTTTATCACTTGCAGAAATGCGGTGCCACGCCTTGCTCCGTAACTCACCCCATTGATTAACCTATTGAAATAGTTGATTATGGTGAGCAAAAGCGTTCCGTTCCAATTAGACATAAGATTATTGTAATTTTTTAAATATTATTTTTCCATGAATAAAATTGGAGTAAGTGCGTGGATAGTAATAATCAAATTGAACCCTGTTTAAGCAGAAAGTCGTCAGAAGGTAAACCACAAATATTTACAACCTTACGAAATATTGATCTTAACCTTCTGACTATTTTTGAAGCTGTATATGTACATAAAGGGATCGTTAATGCAGCGAAAGTGCTTAATCTGACCCCCTCGGCAATCAGTCAGTCTATTCAGAAACTGCGCGTTAT
NZ_CP010206.1_gap67	2710757	2711366	609	CTACAGACAGCTACTATAACTTTCATCTATTTATTCACAGCGCGAATGAAAAATAAAACACTCTGCTTTGCAGTGTTTACTTTATAATTAACAGACTTATCTCACTGATCACCCTGTAACGTTCAGAGAGCGTCTTCAGATGTCTATTTATAAAATTCCTCTTCCGCTCAATATTCTGGAAGCTGCACGAGAGCGTATTACCTGGACACTCAACACCCTACCCCGCGTTTGTGTCTCATTTTCTGGCGGCAAAGACTCTGGTTTAATGCTGCATCTGACAGCCGAACTTGCCCGACAAATGGGCAAAAAAATCTGCGTTTTGTTTATCGACTGGGAGGCGCAATTCTCTTGCACCATTAACTATGTTCAGTCCCTGCGCGAGTTGTACACCGATGTCATCGAAGAGTTTTACTGGGTTGCGCTCCCGCTTACGACGCAAAATTCCCTTTCACAATTCCAACCCGAATGGCAGTGCTGGGAACCTGATGTCGAATGGGTGCGTCAGCCCCCGCAAGATGCGATAACCGATCCTGACTTTTTCTGCTTTTACCAGCCTGGCATGACCTTCGAACAATTTGTACGTGAGTTTGCCGAATGGTTTTCACAAAA
NZ_CP010206.1_gap68	2785061	2788797	3736	GCCTTTACCCAGCCAGTGCCGCCAGTCGGTCTTAACGCCATTGAGCGCGGCCTGAAAACAGTGACGAAACTGGCGTAATTCAGCGGGCAGCGGATCGCTTGCCGCCATCGCCAGTGGTCCGAAAAGTCCGGTTTCCTCCGCGCGTTGCATCCATGCAGCTGCAAGCGGTTGAGGATGCGAAGGCGGCGTAATACGCAGCAAACAATAACGCTGTGGCTGTTTAACCGTGAAACGCCCGAGGTGAATCCCTTGAGCCACAACCTGTGGTCGTTCATTGCCGCATAATCCACCGCATAACGCATCGAATTGCGCGCGGCGAAGCACCCATCCTCCGGGGCCGAAACCACTACCCTGACGATGCAGCGTTAACAGTTCGCCGCTTTCCGTCATCAGGTTAATCGCCCGTCGCCACACTCCCGCTAACCGCCAGGACTGGCGATAATTCGGTGCACTACGGCTGGCAAGCAGAGGATGGATGATCGTCATTGCGCGTTCCTCAACCAATCCCCATGCTTTCAGCCAGTGCTTCCAGCGCCTGTTCAAAACACGCCAGCGGTGCCCGCACAGTGCCTGCGCCAATCTGCCCGATCCCCGCCTCTTTATGGGCGATACCGGTATTGATGAGTGGCGTAATGCCGGTTTCTACCACGCGACGAATATCCAGCCCCAGGCACGCGCCCTGGAAATCCCAGCCGGGGATCTGCAACTGCATATTGCGCTCAAGGAAGATTTCCGCCATCTCTTCAGATACCGCCCTGGCCGCTTCCATGCCACCCGCACCGACAAAGCGCGTTACGCCAGGCGCTGCGATCATTGCCGCACCTCCGATACCAAAGGTTTCGGTAATCGCGCTATCGCCCATATCCGGGTTCGCCTGCTCCTGCGAGAAGCCGGTGAAAAACAGGCCTTGCGGAGTGTTTACAGGCGCAGTAAACCAGCGTTCGCCCAGCCCGCTTACCCGAATCCCGAACATATTGCCGTTGCGGGTCATAGCCGTAACGATGCTGCCTGCGCGGATCATCGCGCCAGCATCCATCGCCGCCTTGCAGTAAGCCATCGCAAGGTTGAGGAAGAACTGATCGGTCACGCTGAGGAAATCCATCACTTCCGCGATGTGCTGTTTATCATGATCGAGGCGAGCAATTTGTGGGGCCAGCGCACGCATTAACAGTGCTGAGGAAGCAATATTGCGTTGATGGAACTCATCGCCCATCGTAATGCCCTGCGCCATCATCGCCGTGAGATCGATACCGCGCTCCATGCGCCCCAGCGCCGCGCTTAATACTGGCATTAACACATCGCGCATCCAGCGATGGCGAGTCAGGACATCTTCGCCGTAAGCGCCAAAACGCATCACTTTGCCGATACCTTCGTTGAGGTTGCAGTACGCCCGGTTGCCGTCGGTCACGTTCTCGACCACCAGCATCGGCATACTGGCAGAAGTAATACCGCCCATTGGACCGACGGCATTCACATGGTGACAAGGAATGAAGTTCACTTCCCCCTGCTCCAGTATTGCCAGCGCCTGCGCTTCATCTTTCGCCCAGCCTTCGAACAGACATGCGCCCACGCACGCCCCTTTCATGGGTCCGGTCATCTCCTGCCAGCGCATTGGCGGCCCGGCGTGAAGCAGTGTTTTGCCCTCGTTTAGTTCGCTGATAAGTGAAGAAGCCGGTTGCACATCCAGCCAGTGTGGACGAGCGCGACGAATTTGTTCGATAACCGCAGCATTGGCTTGCGCCACTGATGTAAACATGGGAACCCCTTATTGCAAACGTTCTAATAAACGAGCCAGTTTTTTATTGCCGCCGGCGACTGGCGACCATTGGTAATGCACAACCGGTTTGCTGGCGCTTTGTAGCTCCAGCGCAAAGCTGCGTAATCCGATGTTAATCACGGCGACGTTTTCCAGTAATGACGGTGTGTGTTGCTGAGTGGCAGGCGAAAGCGGACGAATCAGTGCCGCCGCCAGCAAGGTGGCTTCCGGCAGCGAACTCACTACCGCGATCCCTGCATCTTCCAGCGTGGCGATTTGCTGCGAGCGGCATTGCGGGTCACGTTCGGTACCTGTCACCGTGGCAATGGCGTACAGCGGTTGGCTGTCTGAACGCGCGGCACAGGCTTTTTGCCAGGCGCTCACCAGCGAGGCAGCAGGATCGGCGGTCGCACCGAAGCCAATCACGACATCAAGCAGCAACACGCGCACTTGCGGTTTAGCGCCGAGATCGGCAATTAACTGGTTGCGTAAGGCTGGGTCGATCATCGGATGGGGACGCCCGACGGTGTAGAAATCATCGCCCAGATCAATGATCTGGTGACCATCGGCGTCCAGCATCATGCCGTGATGATGGGTATCGTCGGCTTCCACGCCAAGGTGTCCAGCAAGTAATCCCGCCGCTTCGGCAGCCAGCGTACCGCCGGTATACAAACCGCAAATAAATCCGCTGCTGGCAGGCGTTATCGCGTTACGTCGCGCCGTAACGCGTGAAAGCAGGCAAGCCAGGCGTGCGGCCTCATCCAGCGAGGAGGCAAACCAGACATTCTCGTCGCGTGCCACCGCCGGGGTATAACCTAAAAACAGCGCCACCGTCGGTTTGCCGGTTGCTTTCATGGCATTAACAATTTTCAGACGCACAGCTTCGGCAGGTGGTTTTGAAACAAATGCCAGCACTTCGCTTTTCTCGTCTGCACTGAGCATTTCCAGCGCCGTCAGCGCACTGATGCCGCCCACTTCACGGCTGAGGTCGCGCCCGCCAAGGCCAATCGCGTGAGTAATTCCCTCCCCTGCCAGCGCAATCTGTGAGCACAGCTCCTGAATCCCGGTACCGGAAGCGCCAATGACGCCAATGTTGCCTTCCGGCATCACGTTAGCAAAAGCCAGCGGCGTGGCGGCAATCATCGATGTACCGCAGTCCGGCCCCATCACCAGCAAGCCTTTTTCCCGCGCGCGGGTTTTGAGTTGGATTTCATCTTCCAGCGTGACGTTATCGGAGAACATCATCACGTTGAGGTTGCGATCCAGCGCCTGGTTCGCCAGCTCCGCCGCATACTCGCCAGCCACTGAAATCAGCGCCAGACTGGCATCGGGTAATTTCTGACAGGCGCTGTCCCAGCGACGCACCTGCGTCAAGGACTGGCTGCTGCCTGACCCCTGCGCCAGTTGTTTTAGCGCCTCTTCAAGCTGCTGCATAATCGCCTGCGCGATCCCCGCATCCGCCGCTTCGCTACGAATTGCCACGCAAATATCGTTCGGCGTGGCGTTATTAAAATCGTCATGCCAGAAACCTGTGGTATCTAATAACGCTTTATTGGCGGGCGTACCCATCATTACGGAAACATCATCAACATTTTCTGATTCGCTGAGTTTTCGTGAAATAATCATTAAACTGACCGAATCCTGAAAACACCCTTTTTTAATAAAGGCGTGGATCATAACAACTCCTTAAAAATTGCACCCATGGCAATTGCACGAGCAGTGTTAATGTGGCGATTACGGTATCGATGACAACGAGTAAATAAGGTGATGAATATCACACAGGAATTATTAACAAAAGAATTCAAATAACCGCCAGGCTATTACGCATTATTTTTTAATAAGCGTGGTTGTTTTAAAAATCAGGTTAAAAGTGAGCGGATTATCAAATAAATTCTAACTATATTTTTTTGCCTGTCTGGATCACATAATCCAGATATTTTCCCTGTATGTTAATTGCAGTCATGCTTCACACCGTCGTTA
NZ_CP010206.1_gap69	2869588	2874386	4798	TGTTCAGTGGAGGCCAGGATTCCACCACCTGTCTGGTGCAGGCATTACAACAATATGATGAAGTCCATTGCGTGACGTTCGATTACGGTCAGCGACATCGCGCAGAAATCGACGTGGCACGCGAACTGGCGCTGAAACTGGGAGCACGCGCGCATAAGGTTCTTGATGTAACGCTGCTCAACGAGCTGGCGGTCAGCAGCCTGACGCGTGACAGCATTCCGGTGCCTGATTATGAACCTGAAGCCGATGGCATCCCGAATACGTTTGTCCCAGGGCGTAATATTTTGTTCCTGACGCTGGCGGCAATATATGCGTATCAGGTAAAAGCAGAAGCCGTAATTACCGGCGTCTGTGAAACGGATTTCTCCGGCTACCCGGATTGCCGCGATGAGTTTGTGAAAGCACTAAACCATGCCGTCAGTTTGGGCATGGCGAAAGATATTCGTTTTGAAACGCCGCTGATGTGGATTGATAAAGCGGAAACCTGGGCGCTGGCAGATTATTACGGCAAACTGGATTTAGTCCGTAACGAAACGTTGACCTGCTATAACGGCATTAAAGGCGACGGTTGCGGTCATTGTGCGGCATGTAATTTACGCGCCAACGGTTTGAATCATTATCTGGCCGATAAACCGACGGTGATGGCCGCGATGAAGCAGAAAACCGGGTTGAAGTAATTATTCCGGGTGTCGCCGGATGCGGCTTGAGCATCCGGCACCACAAAACGTTTACTTAACCATCTGCTCCAGCTTTTCGCGCAATTCCCCTTCCAGAGCTAATGCTTTCTGCGTTTTAAGATCAATACAAACAAACGTAATAAGCGCATCCGCTACCACCTGCCCTTCCGGCTCCAGTGTAATGACCTGGCTTAAGATGCCGCTTTTACCGTTTAATTGCTGCAACTGACTGGTAATAGTTAACAGGTCGCTTAATACCGCTGGGCGACGATAGTTAATATTGATATTGACCACGACGAAGGCGATGTTATGGGCCGTCATCCACTGAAAACTGTCGCTATTTTCCAACCCATCCCAGCGGGCTTCTTCGAGAAATTCAAGGTAGCGGGCGTTGTTGACGTGCTGGTAAACGTCGAGATGATATCCACGAACTTTGATTTGTGTTTGCATAGCGCAATAACCTTACGTTGTTGTTATAAGAACTGTTATAAGTACAGAGGTCATAACTGGTATGACCTCTTCAGTCTGGCAAAAAATTGCCACTATGCAAATTAATTACAGGGTTAATACCGCCAGATTACGCTCCACCAGCGAATTGCCCATCCCCGGCACCTGCTTTAGATCCTCCATCGTTTTAAACGGACCGTACTCTTCGCGATAACTGACAATCGCCTGCGCTTTCTTCAGGCCAACGCCATTCATCGCGCGGGCTAGCTCTTCCGCGCTGGCATTATTAATGCTGACCCGGGTGCCTTCTTCGTCACTGGCTTTCGCCGGTACTGCTGCTTTACTTTGTGCTGCAGGAGCTTCCGCTTTGGTTTCTACCGCCGTCGGTTTCGCCGCAGGAGCTGCCGCCAGCGCGCTATGAGACATTCCGGCACAAGCCAGAGACAGGGTAATGAGCAGTGCTTTAATTCCGTGTTTCATACTGTTTTCTCCTTGTTTGTTAACAGTGGAATCACCTTAACGGCAGTGAAAACAGTAAACAAATGGCAATGTTCAGAAATGGAAAAGGCCGCGAAAGCGACCTTTTCTTGTTACAGCTGCAACGCATTTTTTTGCGAGGCGGCTTCAGGATTATTGCTGTTCCAGCGCATCGCCAATTTTGATTTTCGCCTCTTTACGCAGGTTACTCATCAGAGCTTCAAAGACGATTTGTGCGTTGTTCTGGGTGATACCCTGCACCATCGCTTTTTTCTGATCTTCCGGCATTGAACCTTGTTTCACTTCATCCAGCGCCAGCAGAACCACATTACCTTGCATATCGGTCGCCATACCGTAGCTCGGTTTGTCTTTCGCTGGCAGTGGCAGTGCAAACGCCGCCTGGCTAATCGGGTCACGACCGGAACGGCTTAAGGTTTTCGGCTCGCCAAATTTCAGACCGGCAGCCTGCATAGCTTCCGCACCTTTGCCGGCTTTCAAATCAACCAGCAGTTTCTCAGCATCCACTTTCGCCTGTTGTTCAGCTTTGTTGTGCTGAACCAGTGCCTTAACTTGTTCCTGAACATCTGCCAACGGTTTCACCACTTCCGGTTTGTGCTCGCTGATGCGCAGCACGAATGCGCGGTCGCCATCTACGGTGATGATGTCAGAGTTGATGCCTGGCGCGCCGTTTTCACCTACCAGACCGCCGTTAAAGATAGCGTCGGCAACCGGCTTGAAGTTCAACTCTTCCGGCAGGTTATCTTTGCTAAACCACCCCGTCTGAGTGGCTTTAACGCCGGCTGCTTGCTCTGCACCGGCCAGAGACTCGGTGTCGTTGCTTGCCGCATCGCTCACTTTCTGCTGCAGCGCATAGTACGCATCGAGGGCTTTTTCGTGTTTCACTTTCGCCGCGACATCGTCACGCACTTCGTCTAACGACTTCACTTTCGCTGGCTGAATGTCGTCCAGACGTACAATCAGGAAACCGACCGAAGATTTGATGACACCAGACAGTTGCCCTTTTTCTTTCAGACCAGCATTTTTCAGTTCGTCGGGGATAGTGGCATCTTCTAACCAACCCATATCGCCGCCGTTACGGGCAGAGATAATATCGGCAGATTTTTCTTTGGCTAATGCAGCAAAATCACCGCCTTCATTCAGCTCATCAAGTACCGCTTTCGCTTCATCTTCAGTTTTGGTCTGGATGATGCTGTAGCGGGTACGCTGCGGCTGGGTGAATTGATCCTGATGCTGATCGTAGTAGCTCTGGATATCCGCATCGCTAACCGGTTGCTGCATCGTTGCGGCATCCAGCTTGATGTAACTCACGCGGAATTGTTCCGGCGTCATGAAATTGTTTTTGTTTTGTTCGTAGTAGCTGGCAATCTCCTGTTCGGTCACAGGCTGCTTCGCCGCCAGCGCGTTAACATCGATAGTCGCCTCACGCACCACGCGTTGTTGCGCGACCAGTGCCGCCAGCTCGTCGGTTTCACCTTTCAGCATAAAATCGGTACCGGCAACACCGTTAATCAGCTGTTGGGTAGTGAGCTGGTTACGCAGCGCCTGGGCGTACTGATCGGCGGTCATCCCCATCTGGTTGAGGATACCGTTATAGCGGCTGTTATCAAATTTGCCGTCAACCTGGAAGGCTGGGGTCGCGAAAATCGCCTGTTTAACCTGCTCATCACTGATACCCAGTTTCAGCTCACGAGCGTACTGATCCAACAGCGCCTCGTCGATCAGACGATTCAGCACCTGTTGACGCAGGGTTTTCATATAGCCTTCGTTCGCTGCCAGCTCGGAGTATTGATCGCCCAGCTGTTGCTGCATGCGATTACGCTCGCTGTTAAAGGCGTTCTCGAACTGCCCACGGCTGATTTCCTGGTCATTCACTTTTGCGGCGTAGTTATTGCCTCCGCCAATCAGGTAACCACTCACGCCGGTCAATATGAACGACACGATAATGATACCGAAAATAATCTTGAGCACGAGACTGTTTGCAGCCGTGCGTAAGCTGTCCATCATGGTGTAACAACACTCCGCTGTAGATGACTGTGTACCTCACGCAACGTATCGATGCGCGCAAAGGCCTATTGTGACAAGAAACGGGGGCAATTGTCAGCCCACAAGACGCAGAAAGTCACCGAATACAAATAAAAAAGGCACATCAGTAGATGCGCCCTTGAACTTCGTCACATCCCCACCGGGGACAACGCTTAGTTTACCGCGTCTTTCAGTGCTTTACCTGCACGGAAGCTCGGTACTTTAGCAGCAGCGATGGTGATCTCTTTACCGGTCTGCGGGTTGCGGCCAGTACGGGCAGCACGCTCTTTAACGGCAAAAGTACCAAAACCTACCAGTGCTACATCATCCCCTTCTTTCAGAGATTCAGTTACGGAAGCAATAATAGCATCTAACGCACGGCCAGCCGCAGCTTTAGAGATATCAGCCCCTGCAGCAATCTTGTCGATCAATTGAGATTTATTCACTCTTCTCTTCCTCTTTATAATTTATATCGCACTTGAATCCTTCAAGGTACGAACGCGCAGCAGTTATATCAGGCCAGCCATCCCCTTACAACACCCCTTAATAAGGGCAAGCCCGATCCGCCATCTAACTTAGCGAGACAAAAAAAGGCTGGCAAGCCCGAATTAGCCTGCCAGCCCTGTTTTTATTAGTGCATTTTGCGCGAGGTCACTATTTTGCAGTCACAACCTGCATGCCAGACGGTTCATTTTGCAGCGCCAGAGTCAGAACTTCCTCAATGCGCTTCACAGGATGAATGTCCAGATCGGCAATTACGTTGTCAGGAATCTCTTCCAGATCGCGTTTATTTTCGAACGGAATTAGCACTGTTTTAATCCCGCCGCGATGCGCTGCCAGGAGTTTTTCTTTCAAACCACCGATCGGCAGTACCTGACCACGCAGAGTGATCTCACCGGTCATTGCCACATCGGCACGAACCGGGTTACCGGTCAGGCAAGAAACCAGCGCGGTGCACATAGCAATACCGGCACTCGGACCATCTTTCGGCGTCGCACCTTCCGGAACGTGGACGTGGATGTCACGTTTTTCGTAAAAATCAGGGTTGATCCCCAGTTTTTCCGCACGCGCACGAACCACCGTTAACGCCGCCTGAATAGACTCCTGCATCACTTCGCCGAGCGAACCGGTATAGGTCAGTTTGCCTTTACCCG
NZ_CP010206.1_gap70	3057367	3058107	740	CCTGTCCGGTGGTTGCCACCCCGAGGTTACTGTTTCCGACATTTGTAAACGCAAGCCAGGTTTTGCCGGTTGCCTGACCACCATTAATCACCAGCTGGTCAGAGGTATTGCTGCCATCAAGGCGAACACGCATATTGATGGTGCCACCCTGACCGGTGAGGTTACTGGTGGTCAGTTTATGGAACGTTACCGGGGAGTCGCCTTTTGCAACAGCACGGCTCAGCGCAGCATCCGGTGTCGTCTGATTATCAAAGCGAATCTCCCCTGCGTTAACAATATCGCCGGTACTGACCACATCACCATTCAGTACCATACTGGCGCCTTTACTGAGCTGTGTTCTGCCACTCAGACTTCCCCCGGCAGCCAGCGTCAGTGTTCCACGATATCCGACAGTGGTGTTACCGGCCTGTCCCCCGGCATTAACCGTAAAGCTGCCGCCATTTTCCAGCAGCAGGCCGCTGGCCTGACCGGAGATACCATCAATACTGAACTTACTGCTGGCATTGGTCCCCTCAACAGTGGCACCACTGTCTGCAATCAGGGCACCACCGGATGTCATGGTGACACCTGTCGCCTTACCGCCGGCAGACACTGCCAGGGTACCGCCGTCATCCACCAGGGTATTCTGTGCTGAATGGCTCTCCAGTATATCCAGACGACCGCCGGATTCCAGAACAACACCGTCAGCCTTACCGTTTTCCACCGTGAAATTGCCCAGACGGTTGCTGCCAAGAACAGTT
NZ_CP010206.1_gap71	3060919	3061691	772	AAATCCGAGGTGACATATAATAATTTTCATCAAAATAGTATTTATGTACTAACTAAGCAGGATTTGAACCTCTATTTCTGGGTATTTGTTATCACTTAATCCATTACTGATCCTCCTTCAGCATATGTCGTATCCGTTGAAGGATTTACGCATATCGGTAACGTCGGCAACGAGCCAGATGCGGGTACCTGACGGGAGTGAGATCATTGTCCCCTCCCGCTCAGTTCACGGAGCAACACTGTGAGCAGCTCTTGTGAAGGATTTTTCAGCGTCGTTTTATCGTAGTGGAATTCCACTTTACAGGAACTGGCACTGGCTGTGCTCTGTGAAGGAGTGGATAAAAGCAGGGGAAGAGTCGCCATCGGTTCTTTCGGCTCATCAGGCGTTATCTCTACAGGTAATAATTCAACGCCTGCGTCAGAAGAGGTCGTTACCGGAAGACGCCGTGATATACGCCCTTCGTTTTGCCAGAGTCTGAGGCATTTGAAAATAACATTATCATTGACGCCATTTTCTCGTGCAATCTGGGCCACACAAGCACCGGGTTGTGATGCCAGTTCAACCATACGAAGTTTGAATTCATTCGAATACTTTTTACGAGGTTCTTTTCGCCAGTCCTGTAATTCCATACTTAGATGTCCGTCTGTGTCAGATGGGCGTCTAAGTTACCAATTCTTGTCTAATGGCTACATACGGCGGTCGGTTTACGTTTACCTTTTAATGAAGAAAGGCTCTACAGTATTAAGCTGCTGTAGAGCTCATTCACCCATGC
NZ_CP010206.1_gap72	3173170	3175748	2578	GGGTGGCACCAACCGCCTGGCGAATTCGCGGTTTATTCTTGCTCTGTTTCATCGGATTTAGCGTTAAAGGAATAGTCCGTTTCCGGGCAACAATAAGTTGTAAGCAACCAAGCGCAGGAATATGCGCATTCAATAGTTTTCCTCCGTGTTTGTTCCACGGGAGAACGTGGAAACGGCTGGCGTGTAGCACTTCAAAATTCAACAAAGAGAGCCAGTCCAGCTGCCGCATCAGAGTAAACATCCGGCTGTTATAGGGCGATGTTTTGCGCAATACCGGCACAAGTTTGCGTAATCCCATTAAACTGATGGGATTGAAGCCACTAATCACCAGCCAACCATCATCAATCAGTACCCGATCGGCTTCACGCAATAAACGATGCGGATCAGTGCACCACGGCAATGTATGTGCCAGTAGACAAACATCAACGGATTTATCGGCAAAAGGAAGATGAAGTGGATCCGCCTGCACCTGGACGGGCATTCCTTGCGCAGAAACATTCACTTGATGAGAAACCGCGCACGCTTCGCAATTGATTTCTGCGCTTAAATTGCCAATCTTAAGCAGATGAAAACCATACATTTTAGTGAACCACGGGTTGAGCTGACGCTCCAGCGCCTTGCGATAAAGCTCTCCCCAGGGCAAATCGCCCCAGCAATCAGGAGCCACGACAGTTTGAGGGACTCTTGCCGGTTTCATCACAACCTTCCGTTTCACACTGAGAGGTAATCTATGAATCTTAACAGTATTCCCGCCTTTGATGACAATTACATCTGGGTTTTGAATGATGAAGCAGGTCGCTGTCTGATTGTCGATCCCGGGGACGCAGAGCCAGTATTAAACGCCATTTCCGCCAATAACTGGCAACCGGAGGCCATATTTCTCACCCACCATCACCACGATCACGTTGGCGGCGTAAAAGAACTGGTGGAAAAGTTTCCGCAAATTGTGGTGTATGGACCACAAGAGACACAAGATAAGGGAACAACACAGGTAGTCAAAGATGGCGAAACTGCCTTCGTTTTGGGGCATGAATTTAGTGTAATTGCCACACCGGGTCACACTTTAGGACATATCTGTTACTTCAGTAAACCTTATCTATTTTGCGGCGACACGCTGTTTTCTGGTGGGTGTGGTCGGTTGTTTGAAGGGACACCATCACAAATGTATCAATCACTTAAAAAGTTAAGTGCGTTACCTGACGACACATTGGTATGTTGTGCTCATGAATATACCTTATCAAATATGAAGTTTGCTTTGAGTATTCTTCCGCACGATTTGTCCATAAATGATTATTATCGTAAAGTTAAGGAGTTACGGGCAAAAAATCAAATAACACTACCCGTAATTCTGAAAAATGAGCGGCAAATTAATGTTTTTTTAAGAACGGAAGATATTGATTTAATTAATGTAATTAATGAAGAAACATTATTGCAACAACCTGAAGAGCGTTTTGCATGGTTAAGGTCAAAGAAAGATAGGTTCTGATAAAACTTTCTTGTCATCGGCTCCGTTCGCCGTTATGATCGGTCGTCTTTTAAGCAACTATTGACACACACATGAAGGCAAAAGCGATATTACTCGCCTCTGTCCTGCTCGTGGGTTGCCAGAGCACCGGCAACGTTCAACAGCACGCACAGAGCCTTTCTGCAGCTGGTCAAGGGGAAGCAGCAAAGTTTACAAGTCAGGCACGATGGATGGACGATGGGACGTCTATCGCGCCAGATGGTGACTTGTGGGCTTTCATTGGCGACGAGCTAAAGATGGGAATTCCGGAAAACGACCGGATTCGCGAACAGAAACAGAAATATTTACGCAATAAGAGCTATCTCCACGATGTAACTTTACGGGCAGAGCCGTATATGTACTGGATAGCCGGGCAAGTTAAAAAACGTAACATGCCTATGGAACTGGTACTACTACCCATAGTGGAGAGCGCTTTTGATCCTCACGCAACGTCTGGCGCCAATGCCGCGGGCATCTGGCAGATCATTCCGAGCACGGGGCGCAATTATGGTTTGAAACAGACCCGCAATTATGACGCGCGTCGCGATGTTGTTGCTTCAACAACTGCCGCGCTGAACATGATGCAGCGTCTGAACAAGATGTTTGACGGCGACTGGCTTCTGACCGTAGCGGCTTATAACAGCGGCGAAGGTCGGGTCATGAAGGCAATTAAAACGAACAAAGCGCGTGGGAAATCCACGGACTTCTGGTCGTTACCGTTGCCGCAGGAAACGAAGCAGTACGTGCCTAAAATGCTGGCATTGAGTGGTATTCTCAAAAACAGCAAGCGTTATGGCGTACGTCTGCCAACGACCGATGAAAGCCGTGCTCTGGCACGTGTGCACCTGAGCAGCCCGGTTGAAATGGCGAAGGTTGCAGATATGGCGGGGATTTCCGTCAGCAAGCTGAAGACATTCAACGCAGGCGTGAAAGGCTCCACGCTGGGCGCAAGTGGTCCGCAGTACGTGATGGTGCCAAAGAAGCATGCAGATCAACTGCGTGAATCTCTGGCTTCAGGCGAAATTGCTGCTGTACAGTCGACGCTGGTTGCCGACAATACGCCGCTTAACAGCC
NZ_CP010206.1_gap73	3183274	3185445	2171	GCAGTGAACCTTTGCAGGTACACTCTGAAGTATTTTTTATTTAATCACTACAGAGATGGTGGAGCTATGCGGGATCGAACCGCAGACCTCCTGCGTGCAAAGCAGGCGCTCTCCCAGCTGAGCTATAGCCCCATAACATGTAGTTAAAACCTCTTCAAATTTGCCGTGCAAATTTGGTAGGCCTGAGTGGACTTGAACCACCGACCTCACCCTTATCAGGGGTGCGCTCTAACCACCTGAGCTACAAGCCTGTAGAGGTTTTACTGCTCATTTTCATCAGACAATCTGTGTGAGCACTTCAAAGTACGCTTCTTTAAGGTAAGGAGGTGATCCAACCGCAGGTTCCCCTACGGTTACCTTGTTACGACTTCACCCCAGTCATGAATCACAAAGTGGTAAGCGCCCTCCCGAAGGTTAAGCTACCTACTTCTTTTGCAACCCACTCCCATGGTGTGACGGGCGGTGTGTACAAGGCCCGGGAACGTATTCACCGTGGCATTCTGATCCACGATTACTAGCGATTCCGACTTCATGGAGTCGAGTTGCAGACTCCAATCCGGACTACGACGCACTTTATGAGGTCCGCTTGCTCTCGCGAGGTCGCTTCTCTTTGTATGCGCCATTGTAGCACGTGTGTAGCCCTGGTCGTAAGGGCCATGATGACTTGACGTCATCCCCACCTTCCTCCAGTTTATCACTGGCAGTCTCCTTTGAGTTCCCGGCCGGACCGCTGGCAACAAAGGATAAGGGTTGCGCTCGTTGCGGGACTTAACCCAACATTTCACAACACGAGCTGACGACAGCCATGCAGCACCTGTCTCACGGTTCCCGAAGGCACATTCTCATCTCTGAAAACTTCCGTGGATGTCAAGACCAGGTAAGGTTCTTCGCGTTGCATCGAATTAAACCACATGCTCCACCGCTTGTGCGGGCCCCCGTCAATTCATTTGAGTTTTAACCTTGCGGCCGTACTCCCCAGGCGGTCGACTTAACGCGTTAGCTCCGGAAGCCACGCCTCAAGGGCACAACCTCCAAGTCGACATCGTTTACGGCGTGGACTACCAGGGTATCTAATCCTGTTTGCTCCCCACGCTTTCGCACCTGAGCGTCAGTCTTCGTCCAGGGGGCCGCCTTCGCCACCGGTATTCCTCCAGATCTCTACGCATTTCACCGCTACACCTGGAATTCTACCCCCCTCTACGAGACTCAAGCTTGCCAGTATCAGATGCAGTTCCCAGGTTGAGCCCGGGGATTTCACATCTGACTTAACAAACCGCCTGCGTGCGCTTTACGCCCAGTAATTCCGATTAACGCTTGCACCCTCCGTATTACCGCGGCTGCTGGCACGGAGTTAGCCGGTGCTTCTTCTGCGGGTAACGTCAATGAGCAAAGGTATTAACTTTACTCCCTTCCTCCCCGCTGAAAGTACTTTACAACCCGAAGGCCTTCTTCATACACGCGGCATGGCTGCATCAGGCTTGCGCCCATTGTGCAATATTCCCCACTGCTGCCTCCCGTAGGAGTCTGGACCGTGTCTCAGTTCCAGTGTGGCTGGTCATCCTCTCAGACCAGCTAGGGATCGTCGCCTAGGTGAGCCGTTACCCCACCTACTAGCTAATCCCATCTGGGCACATCCGATGGCAAGAGGCCCGAAGGTCCCCCTCTTTGGTCTTGCGACGTTATGCGGTATTAGCTACCGTTTCCAGTAGTTATCCCCCTCCATCAGGCAGTTTCCCAGACATTACTCACCCGTCCGCCACTCGTCAGCAAAGAAGCAAGCTTCTTCCTGTTACCGTTCGACTTGCATGTGTTAGGCCTGCCGCCAGCGTTCAATCTGAGCCATGATCAAACTCTTCAATTTAAAAGTTTGATGCTCAAAGAATTAAACTTCGTAATGAATTACGTGTTCACTCTTGAGACTTGGTATTCATTTTTCGTCTTGCGACGTTAAGAATCCGTATCTTCGAGTGCCCACACAGATTGTCTGATAAATTGTTAAAGAGCAGTTGCGACGCGCTTTAGCGCACTGTCGCGAGGTGGCGTATATTACGCTTTCCTCTTTCAGAGTCAACCCTGAATTTCAGGATTTTTCTCTTCAACCGAACCGGCTGTTTGTGTGAAGTGATTCACATCCGCCGTGTCGATGGAGGCGCATTATAGGGAGTTCGTCT
NZ_CP010206.1_gap74	3188779	3190631	1852	TAAAGGCTGGTAATTTTTAGGCTGTTTCCACAATTTGTAATATCATTCAGGACGGGCGCTTGCCCGTCTTGTCATTTTTACAAGCTCCTGATTCAATATTGACGTTTTGATCATACATTGAGGAAATACTATGCGTGCTTTACCGATCTGTTTAGTAGCACTCATGCTAAGCGGCTGTTCCATGTTAAGCAGATCCCCTGTCGAACCCGTTCAAAGCACTGCACCCCAGCCGAAAGCGGAGCCTGCAAAACCGAAAGCGCCGCGCGCCACGCCGGTCCGAATTTATACCAATGCAGAAGAATTAGTCGGCAAACCGTTCCGCGATCTCGGTGAAGTCAGTGGCGATTCTTGCCAGGCCTCCAATCAGGACTCTCCGCCGAGCATTCCAACCGCACGTAAGCGGATGCAAATCAACGCCTCGAAAATGAAGGCCAATGCGGTATTACTGCATAGCTGCGAAGTCACCAGCGGTACGCCAGGCTGCTATCGTCAGGCTGTATGTATCGGTTCTGCGCTTAACATTACGGCGAAATGAGCAGTTTCCAGTTCGAGCAAATAGGCGTTATTCGCTCGCCCTATAAAGAAAAATTCGCCGTTCCGCGCCAGCCAGGTCTGGTAAAAAGCGCCAACGGCGAACTACATCTCATTGCTCCCTACAACCAGGCTGACGCCGTTCGCGGCCTGGAAGCATTCAGCCATTTATGGATCCTTTTCGTCTTTCATCAAACGATGGAAGGCGGCTGGCGTCCGACTGTGCGTCCACCGCGCCTCGGCGGTAACGCCAGAATGGGGGTTTTCGCAACACGCTCTACTTTCCGCCCTAACCCAATTGGTATGTCGCTGGTAGAGCTGAAAGAGGTTGTTTGCCATAAAGACAGCGTGATTCTGAAGCTCGGCAGTCTGGATCTGGTCGATGGTACGCCGGTAGTGGATATCAAACCGTATCTCCCCTTTGCCGAATCGCTTCCCGATGCCAGTGCCAGCTATGCGCAAAGTGCGCCAGCGGCAGAGATGGCGGTGAGTTTTACCGCAGAGGTCGAAAAGCAGCTTTTGACGCTGGAGAAGCGTTATCCGCAGTTAACGCTGTTTATCCGCGAAGTACTGGCGCAGGACCCGCGCCCGGCCTATCGTAAAGGTGAGGAAACGGGCAAAACCTATGCCGTCTGGCTACATGATTTTAACGTTCGCTGGCGCGTCACCGACGCAGGTTTTGAAGTCTTTGCGCTGGAACCGCGTTAAATTCACGCCCTTCTCTTTTGACATTTCTTTTGCACTGGTAAACTAAATCACTTTTTTTGTCCCAGGCTCGCCTTGAGCCTGTTCTACCTTCCAACTGGAACCGTAACAACATGCGTACTAGCCAATACCTGCTCTCCACTCTCAAGGAGACACCTGCCGACGCCGAGGTGATCAGCCATCAGCTGATGCTGCGCGCCGGGATGATCCGCAAGCTGGCCTCCGGGTTATATACCTGGCTGCCGACCGGCGTGCGCGTTCTGAAAAAAGTCGAAAACATCGTGCGTGAAGAGATGAACAACGCCGGTGCGATCGAGGTGTCGATGCCGGTGGTTCAGCCAGCCGATTTGTGGCAAGAGAGTGGTCGTTGGGAACAGTACGGTCCGGAACTGCTGCGTTTTGTTGACCGTGGCGAGCGTCCGTTCGTACTCGGCCCAACTCATGAAGAAGTTATCACTGACCTGATTCGTAACGAGCTTAGCTCTTACAAACAGCTGCCGCTGAACTTCTATCAGATCCAGACCAAGTTCCGCGACGAAGTGCGTCCGCGTTTCGGCGTCATGCGTTCCCGCGAATTCCTGATGAAAGATGCTTACTCTTTCCATACTTCTCAGGA
NZ_CP010206.1_gap75	3193670	3197263	3593	CTATGTAGCCAGCATCGTAAAGGCACTCAGCGACAGGTTCCATATAGGTGCCGGTCGCTTCGATGCAGATATGCGCATGGTCAATCTTGTGACCTTTCAGCCAGCTCACCAGCTCATCGTGCCCTTTAGTGGTGTTAGCGAATTTTTTGGTGCGATGACGACCATCAGGACGCAACACATCGACATCCAGTTTCTCTTTAGCGGTGTCGATACCGATATAATGAAGTTCATGTTCCATAGTGAAACCAACCTTGCAAATACGGATTACCGGGAAAACCGGTCCATGATACTGTCCGGTTTATCACTTTGGGAGAAAGGCAGTCCGCTGCATAAATCTACGCAACAGGTTAGAACCCAAGGCCCGATACGGCATGCGGACTGCAGGCAGAGAAAACTGGCCGATTTTCTCTGCACTGGAGGGATAATACAAGGCCTGATAAGCGCAGCGCATCAGGCAATTTTGCGTTTGTTTCTGCCTTAAGCAGGTTTACTGCCCCAAACTACTGCAATCCTTATTCGGGTAAAATTTACCCGCCGTATCGGGCGCTAATACTTTGGTTGGCGCACCAGTATCCGGATTAGCCTCAAGCGTAAAGTGACCTTCTACTGACAGTAACACCGGTTTTTCACTGTGACCGCGCGCAGCCAGGTAGCTACGCTCCAGCTCTGCGTTATTCGCTACCATGAAACGTTTTCCGGTCGCGCAATCAGTGAAGGTCGCCGCATCAGCCATATAAAAATACATGCCTCGCAGGGTCATCGGCGTCATAGGTAAACTAGATTGTGCCGGTTCCAGCGTATAGTTGAACTGCGATTCAATCGGATTGCCTTCACGATCGAGCATCTCCAGCGCATCGCCTTTCGCCCGATAATATGACTTTTCACCTTTGCTGTCGGTTAATACCAGCTTGTCAGCGGTTCGCGCCCATGTACCGTAGGAAGCGAAGGAGGAAGGTTCTTCACGAGCACCGAGATAACGCTCATTCATCACCCATGTTCCGTCTTTTTCGAGGAACAGAGAGGTTTCGATTCCTTCGCAATCAGCACACGGCAGCACGCCGCGCCAACTTTGCGGCATCGGTTTCAGTTCGGCAGCCTGTGCTGGAGAAAGCGTATCGACTTCGGCCCGGTTATTACATCCCATCAGAGTAAAGAGGCTGATTACAGCCATCGCTGTCACTATCGCTTTTTTCACCATCTATTCCTTCTTTTTATTCCCGACCGCTGCGTACTTTGCCGCGCATCGCCTTCACGCTTGATTTTTGTGCTTTCGATGCCAGCCTGCGCTCTTTCGATGCACGGGTGGGCCGCGTGGGTCGTCGGGCTTTTTGTTCTGTTGTTAAATCTTTAATCACTGCCACCAGCCGGGCTAGCGCGGCTTCGCGGTTCAGTTCCTGACTGCGGTATTCCTGTGCCTTAATGACAATCACGCCATCACTGCTGATCAAATGATGGCTGGCGGCGAGTAGACGCTCTTTGTAATACTCTGGCAGGCTGGACGCCCGAATGTCAAAACGCAGATGAATGGCCGTTGAGGTCTTATTAACATGCTGCCCGCCCGCGCCCTGCGCACGAATGGCGGTGATCTCAAGCTCACCATCGGGAATAGCAACATGTCGGGAAATCACAATCATGAAGGTTGTTGCCAGGCGGTTAAGTTAACTTCCAGATTATTCTTATCGTCCGATAACCAGATCACGCCATCCTGAATCGTTGCCTGCAGCGTCATGGTACGATCGGCAAAGGCGCTTACTTTCGCCAGTTGTTCATCGTCCAGATACCAGACGGAAAGATTGGCAAACTGCACACATTTGCTCTGATTTTGCTGCCACCAGATTTGCGCCGCCCGACTATTATAGGTAAACAGCACCACTTCTGCGGCCTGGGTGCAGGCTTTCTTAATCCGCCGCTCATCCGGCAGCCCCAGCTCAATCCACAAATCAATGCCCAGGTGATCGTTACGCAGCCACGCTTCCGGCTCATCATCGGCACACAAACCACGGGTAAATTGCAGACGTTCATCAGCATATTTCAGCCACGCCAGCAAGCGCAGCATCATACGCTCCTGGGTTTCTGAAGGGTGGCGCGCCAGCGTCAGAGAGGCATCGAGAAACTGGTTGCGGTCGAGATCGGCCACATTAACCGTCGCTTTATAAATTGTCGCTTTAAGCGCCATAAGAAAACTCCTTTCGAATCAGGAGGCCATTGTAACGGAATACGTGCAGTTGCGGCGCTGATATTGCAGAAATGAGTGTGGTATAGTCACCTTGCGAAACAGAGTTTATCTTCGTAGGCTTAGACTTGCATCCACGGTTAAGTCAGAGTGCTGACAGGAGGGCATGTGGAAAAATATTGTGAGTTAATACGCAAGCGGTACGCGGAAATCGCCAGCGGAGACTTAGGATACGTTCCGGACGCGCTGGGCTGCGTTTTGAAAGTGCTGAATGAAATGGCTGCCGACGACGCCCTTTCTGAGGCTGTCAGGGAAAAAGCAGCATACGCTGCGGCAAACTTACTGGTGAGCGATTATGTCAATGAATGATACGTATCAACCAATCAATTGTGATGATTACGATAATCTTGAGCTCGCCTGCCAGCATCATTTAATGCTGACACTTGAGCTGAAAGATGGCGAAAAATTGCAGGCAAAAGCCAGCGATTTAGTCTCCCGCAAAAATGTGGAGTATCTGGTCGTCGAGGCCGCTGGCGAAACCCGTGAGCTACGTCTGGATAAAATTACCAGCTTTAGCCACCCGGAAATCGGTACGGTGGTGGTGAGCGAGTCCTGATTGACTTTCGCCGGATGCGACGTTTGATGCGTCTTATCCGGCTTTCACTTAACTAAGCGTTTTCTGCCAGACAAAACTTACGCCATTCTCACCTTCAGCCACACCTTCTTGCGTCACAAATACCCCTGCCGCCGCAATCAGCGTTTCGCCATAAAACAGCAGTGGCGTGGTGTCACGTAGCCACGGCGGCACGCCCAGCTCTTGCCAGATTTTCTTTAGCTTACGTCCGCCGTTACGCCCGACAATATGCAGCAATCCTGGCGCTTTGAAACGCACGCTGACCGCTTCGTCTGCACGCGGAGGGCGAATATCGCCTCCCGCAGTAAGCTGTACACTTCCCAGCCCCGCCGGTAATTCCAGCGGTTGTAGCCACGTCTGCCACGGCACAATGGTTTCGCTTTGCCCAGTGACGGAGTTAATCCACCACAGTTGCGACTGATAGCGCCGTATTTCAAACGCGCCAAAACGTAAACAGGGGGAGGCATCTTCCCGCGCCAGCGCCACTTCCTGCCAGATCCGCACCAGCGCGTCGCGGGAAGGCATCGGTGCATTCTGCCCTGCCAGCCAGCGGCGGATAATCGCCGCGCGACGGGCATCACTCATCGCCAGCATTGGCGCAATCTGCAGCGTCCCCTGCGACGTTTGGCAGTGTGCTAAATCATCCGCCAGCAGTTCATCCAACAGACTCTCTTGTTCAGCACAAAGTGCGGCGCTGCGGGCCGTTGCTTCGGCAAAATGCGGCCAACGCTGCTGCAATAACGGCACTACGCGCAGGCGCAGAAAGTTACGATCGTATGAGTCGTC
NZ_CP010206.1_gap76	3206156	3208218	2062	ATCGGCACTAAGCATTTCAACTTCTGCACCACGGCTCCCCGGTAGCAACGCCAGGCAGTGGGCATCGTGAGGGATCCCCAGCACATCACGGGCGGCATTTTTATCTGGATCTAATGGCATGGCATCAGCCATGGTATGACCGATAAAGCGGCACGGTACGTTGTATTTGTCATAAAACGCTTTTTCGAAAGGCAGAAATGCGAGCACCAGATCGGTGGCTCTGCCTATTTTGAAAACACGTTTCTGTCGCCACGCCCAGACTGACGGACTGACGTAATGAATGGTTTTGATACCCTGCTTTTTGAGGTTACCTTCAAGAGTAATATTGAAGTCAGGCGCATCAATACCAACAAAAACATCTGGCTTCAGTTCGCCAAAACGCTTTGTCAGATCGGCACGAATATGCAGTAAGCGACGCAGACGACCGAGCACTTCAACAATGCCCATCACCGCCAGTTCTTCCATTTCGTACCAGGCTTCGCAGCCTTCAGCCTGCATTCGTGGCCCGGCAACACCAACAAAGCGGGCGTTGGGCACATGTTCTTTCAGAGCGCGGATTAAACCGGCCCCCAGGATATCGCCGGAGGTTTCTCCGGCGACCAGGGCAATCGTTAATGGACGCTGTTCAGTCATTAACGAATCAGACCGCGCGTTGAGCGTGCAAAGAAATCGGTAAAGGCTTTCACTTCCGGATATGTTTCCGCCAGTTCAGCAATTTCCGGTTTCACTTCATCGAGCGTTTTACCGCTGCGATAAATCAGCTTATACGCATTGCGGATAGCGGTAATCGCCTCGCGGCTGAATCCGCGGCGCTTCAGCCCTTCGATATTGACACCGAACGGCGTTGCGTGGTTACCCTGCGCAATGACATAAGGAGGCACGTCCTGCGCCACACCGGAGCAACCGCCAACCATCACATGCGCACCAATGATGCAGAACTGATGGACTGCGGTCATGCCGCCGATGATCGCGAAGTCGTCTACCGATACGTGACCCGCCAGCGTTGCGTTGTTGGCGAGAATACAGCGGTTACCTACCGTACAATCGTGCGCAATGTGCGCGTTGATCATCAGTAAGTTGTCGCTGCCCACCTTCGTCAATCCACCGCCCTGGACTGTGCCACGATGAATGGTGACGCTTTCGCGAATGCGGTTACGATCGCCGATTTCCACACGGGTCGGTTCGCCAGCATATTTCAGATCCTGGTTAACTTCACCGATGGAGGCGAACTGATAAATCTCATTATCGCGGCCAATTTTAGTATGGCCATTCACGACAACGTGAGATTTCAGTACGGTACCCTCACCAATTTCGACATGGGGTCCAACGATACAAAAAGGACCAATGTGTGCGTTCGCGCCAATCGACGCGCCCTCTTCCACAATGGCGGTTGGATGCACAAAGGCGGATTTATCAATCACGTATCAGGCCTCCCGGCTACGAGCACACATCATCGTTGCTTCGCAAACTACTTTACCGTCGACCAGAGCAACCCCTTTAAAACGGGTCAGGCCGCGGCGCGTTTTTTCGAAAGTGACTTCCATGATCATTTGATCGCCAGGCACGACCGGGCGCTTGAAGCGCGCTTCGTCAATACCAGCGAAATAGTACAGCTCACCCGGTTCCAGTTTTCCTACGCTTTTAAACGCCAGAATACCTGTTGCCTGTGCCATTGCTTCCAGAATCAGCACACCCGGGAAAATCGGTTTTCCAGGGAAATGGCCCTGGAAGAATGGCTCATTGACAGAGACATTTTTTACTGCGCGCAGAAAACGACCTTCTTCAAAATCCAGCACGCGATCCACCAGTAAGAAAGGGAAACGGTGCGGCAGAAGTTCTAAAATCTCTTCAATCTGCAGAGTATGAGTGTTAGTAGTCAAGATACTCTTCCTGTCAAAATATAAGAAACGACAATAATAACACGGCCTGCCGCAATCGTAAGAATGAGACAGGCCGTAAAGTTTGGCGAACAAAAGATGGAACGTTAGTCTTGTTGATTAACCTTGCGCTCAAGCGATTTCAGACGCTTGCTCATGTCATCAATGTTCATCACCAGTGCAGC
NZ_CP010206.1_gap77	3209905	3214337	4432	CATACGGATATTGCTTGGATCACTATAGTCCGGATATCCAGAATATTGGCTGGAATCCCAGTTTGTATCCCAAACGGTACCCATATCCCAGAAGAAGGAAGTACGAACCGAGTTAGCATACTTATCGCTAATAAACGGCGTCGGGGTGATGAACTCGAGGCTGGCAACCGCCATGGCGTTACCGCCTACAGCATCATCCGATTTACACAGGTCTTTCGCGCCGTCCTGAGTCGCACATTCGTAATCATAGTCCGGATCATAATTACTGGCCTGATGCGGGAAGTAAACTGCTTTCGGACCAATTGTATTGGACTGGAAGCCACGCACGGTGCTGGAACCACCGGCATAGAAGTTCTCGTAGAACGGCATCTCTTTGCCGCCTAAACCATCACCATAACCCCAGCGGGTACGCCCCAGAACAACCCATTTGTGATCGTCATCGATCGGCACATAAGTCGCCGTGTCTAACGTCACTTTGTAGTATTCGTTATCCGATCCAGGAATGGTCACTTTACCGGTCAGGTTGACACGTGAACCATCTGTCGGGAAGTAACCACGGTCAAGCTTGTTATAGGTCCAACCATAGTTGAACGTGAAGTCGTCCGTTTTGAAGCTATTATCCTGATCAGAGGTGCTCGGATGTTCACCCATAGAGTACAGATAACGCCACATCGCAACCTGAGGCTGCATGTTGGACAGGGAGTTATGTACATAACCCAGACCTGCACGCAGCGAGTTATATTCGTTGATCGGGAAGCCCAACGTCACGTCTGTACCATAACTCTTGTTGGTATAGTCGGACAGGTCGGCGTCATCTGCCTGGAAGTCATTATAGAAGAGACGACCACCGAGGCTTACACCATCTACAGTGAAGTACGGGTTGGTTACCGACAGTTCAGCATAGGTCTGGTAATCGTTTTTGGTCCCGTTGATACCAACAGCATAACCTGTACCTAACCAGTTATCCTGCTGCACACCAGCCTGGAAGCTCACGCCACTTTCAGTACCGTAACCAATACCAAAGTTGAAGCTACCGGTGTTGCGCTCTTTTACCTTGTAGACGACATCTACCTGGTCCGGGCTACCCGGAACACGTTGGGTATCGGTATCGACAGTTTCAAAGAAGCCCAGACGATTCAGACGCTCCTTACCCTGATCGACCAGATCGCTTCCCAGCCATGCACCTTCCATCTGACGCATTTCGCGACGCAGGACGGCATCTTTCGAGGTATCGTTACCTTCAAAACGGATCTTACGCACGTAGAAACGGTTACCCGCATCAACGTTCACGCGTAATTTAACGGTTTTGTCGGCATCGTTAATTTCAGGCATCGACTGTACGCGCGGATAGGCATAACCATAGCGACCGAGAAGCTTTTTGATGTCATCTTCCATCTTGGTCACTTTGGTGCCGTTATACAGCTCGCCCGGCTCGATCTTAGTCAGCTGCTCAATTTCAGCGGAGTGCCCGGCAAGGTTGCCGCTCACTTCAACGCCAGAAAGCTTGTACTGATCGCCTTCGGTAATGTTCACCGTGACGTAAATACCTTTTTTATCTGGCGTCAGACTGACCTGGGTAGAGTCGATGTTGAAACGGGCATAACCGCGATCCAGATAGTAGCTGCGCAGGGTTTCAAGGTCGCCCGCCAGTTTCTGTTTCTGGTATTTACGATCGCCTACCACGTTCCACCACGGCACTTCGTCACGCAGTTGGAAATGAGAGATCAGTTCGTCGGTGGTGAAAGCATGGTTACCAACAATGTTAATTTGCTGGATTTCAGCTGACACACCTTCCTGGAACACCAGTTTTAGGTCAACACGGTTGCGCGGCAGCGGGGTCACGACAGCTTTTACGCTGGCGCTATATTTACCGACGCTGTAGTAGAAGTCTTCCAGACCTTTCTCGATATCGGCAATGGTGGTGCGATCGAGGGATTCGCCCACACGCACACCAGAAGCCTCGAGGTTTTGCTTCAGCATGTCATCTTTCACCGATTTGTTACCGGAGAAAGTAATGCTGGCAATGGTCGGACGTTCTTTTACCTGAACCAGAAGGGTATCACCATCACGAAGGACGCGAACATCCTCAAAGTTGCCGGTAGCAAACAGAGCGCGAATGGTATTACTGATATCTTCATCATTAACCGTGTCGCCTGTGCGCACCGGCATACTGAGGAGGGCCGCACCAACGGCGACACGCTGAAGGCCTTCGAAATGAATATCTTTCACTACGAACCCTTCAGCACCGTATACGGTGGCGCTGCTAAACAGCAGCGACGCTATGAGCAACTTTTTCATCGCCATCGTTATTATGCGTTCTTCCTAACTAACTCTCATAACCGAGAGAAATCATTGAAAAGTGCAAGCCCCATTAACAGCACCAGCAGAATCGAGCCAATGCGATAACAAAAGTCTTGAACCCGCTCGGATACCGGTCCGCCCTTGATCTTTTCGATCGCAAGGAACAGCAGATGCCCCCCGTCAAGTACGGGCAACGGAAACAGGTTAATTATCCCTAAGTTCACGCTAATAAGCGCAAGAAACGGCAGGTAATAAACTACCCCGAGTTCCGCTGTCATCCCAGCCCCCTTGGCGATAGAGATCGGCCCACTGAGGTTGTTCAGTTTCACATCACCGGTGATCAATTTTCCCAGCATACTGACCGTCAGCTTCATCAGCTGCCACGTTTTGTCCGTGGCTTCGACGATGGCGTTGAACGGCCCATACTGGCGTACAACTTTATACTCATCTGGCAAAGGAATGACTTTCGGCTCAATACCGACAAAACCAATCGCTTTACCATTACCCGGTTTACTCTCCGGGATTAATGTCAAAGACAAGGGACTTCCCTGCCTTTCGATTTCTAACGCTAAGGATTTACCCGGGTTATCCCGGACAAGCATCACAAAGGTCACCCACTGCGTTAAGGGCTGACCATCGACTTTAACGATCCTGTCGCCTGCTTGCAAACCTGCCTTGCTTGCCGCCGAGTTTGGCTGCACATTTTCCAGTACAGGTTCAATTTGCGGCCCACGAGGACGAATCCCCAGCGAAGATACCGGATCTTCTTTATCAGGCTCAAACGCCCAGTGACGTAAATCGAGCTTTACATCCCGCCGTTGATCGCTGCCAAATGGCGCTACTGTAATGGTGGTGCTTTCATCGCCAATTTTATCGACCAACTGCAAACGCACGGCATCCCAATCAGGCGTTTCGATACCATCTACGGCTTTTAGTTCCGTACCTGGTGCAATTTGTGCTTCCGCAGCTATCGAATTGGCTGCTATTTCACCAACCACCGGACGTACGCCAGGCACACCAATAATAAAAACCAGCCAGTAGGCAAAGATAGCAAAAATGAAGTTTGCAACCGGACCTGCGGCAATAATCGCCGCTCGTTGGCCAACAGATTTATTATTGAAGGCATGGTGGCGGAGTTCCGGAACGACCGGTTCTGCGCGCTCATCCAGCATTTTGACATAACCGCCCAGCGGGATCAGGGCGATAACATATTCGGTGCCGAGCTTATCAGTTCGCCGCCAGAGCGCCTTACCAAACCCTATTGAGAAACGCTCAACGCGAACACCACAACGCCGGGCAACCCAGAAATGACCAAATTCATGCACGGTGATAAGTACACCCAGTGCAACGATGAACGAAGCCAAATCCCAGAGAAAACTCAGCATATTACCTTCCGTTAAAGCGTCCTGAATACCAGTAACAACAAGCAAGCAAAGACCGGTACCGCAGCCGTCAGGCTATCAATACGATCTAAAATACCACCGTGTCCTGGAATTAAATGACCGCTGTCCTTAATTCCTGCTTCACGCTTAAACATACTCTCGGTCAGATCGCCGAGCACTGAGGCTAACGCTGCGACAATAGAGCAAATGAGTAAGGTGACGGGAGCGACGTCGAGATTCGCCCACATGCCATAACCCCATGAGATTACCGCTGCGGTCGCTAGTCCACCTATAAAGCCTTGCCAGGTTTTACCCGGAGAAACCTTCGGTGCCAGCTTATGTTTACCAAACAATTTGCCAAACATATATGCGCCAGAGTCAGCGCCCCATACCAGGATCATGACATAGAGCAGCCATATTGCGCCACTGTAATGATTCTCGTCGTAGTGCCAGGCCCGTAACGCCAGCATGCCCCAGAAGAAGGGAACAATGGTTAGCACGCCAAAAATAAGGCGCAATGTTTTAGAGTTACGCCAGATTGCTGCGGAACCTGGGTAAAACAGCACCAGCAATAGCGCGACAATCCACCAACCCAGCGAAGCCCAAAGTGAGATTTCAACCAGCGGTTGATGAATATTTCGGTGATATTCCGGCAACAGAAAAAGCATCAGCGCCAACAATAACCCGCATAACACCGCCAACCATACTCGCTGCGAACGAGTGGTAAAACCGCTAAGCTGTCCCCATTC
NZ_CP010206.1_gap78	3219032	3220469	1437	ACGAAGTCAGTCTGGCAGTTAACTTCCAGAATGATGCCGTAGTTGCCGTCGATTTTGGTTTTGATCACGCCGTCAGCAGCAACGTTGCCTGCTTTTTTCGCTGCTTTAATAGCACCGGACTTACGCATGTTTTCGATTGCCAGCTCGATGTCGCCGTTAGCTTCAGTCAGTGCTTTTTTGCAATCCATCATGCCTGCGCCAGTACGCTCACGCAGTTCTTTTACCAGGGATGCGGTAATTTCAGCCATTCTAAAATCCTCGGAGATGTGATCTGCCCGGCATTAAACCGCACAGATATAAAAGTGAAAAAGGGGGCCATATGCAGGCCCCCTAACCAAACGTGTACTACCTGGTCTATAAGGGCTCTCCCCCTTCATATTTCGCGCCGCAGATGCGTTGTCTTCGCTCGCTCATCCCGGTCACTTACTGATGTAAGCTCCCGGGAATTCTCGAGCTTGCCGCCTTTCTGCAACTCGAACTATTTTGGGGGAGTTATCAAGCCTTATTACTCAGCTTCTACGAAGCTTTCTTCCGCCTGGGAAGCCAGATCCTGAGAACGGCCTTCACGTACGGTTGCAGCAACAGCGCCCAGGTACAGGGTCACAGCACGGATTGCGTCGTCGTTACCCGGGATAACGAAGTCAACACCGTCCGGATCAGAGTTGGTATCAACGATAGCAAATACCGGAATACCCAGGTTGTTTGCTTCTTTGATAGCAATGTGTTCGTGGTCAGCATCGATTACAAACAGAGCGTCCGGCAGACCGCCCATGTCTTTGATACCGCCCAGGCTGTTTTCCAGTTTCTCCAGCTCACGAGTGCGCATCAGCGCTTCTTTCTTGGTCAGCTTTTCGAAAGTACCGTCCTGAGACTGAGTTTCCAGGTCTTTCAGACGTTTGATGGACTGACGAACGGTTTTCCAGTTAGTCAGCATACCGCCCAGCCAGCGATGGTTCACGAAGAACTGGTCGCAGCTCAGAGCAGCGTCTTTCACCGCTTCGCTTGCAGCGCGTTTAGTACCAACGAAAAGGATTTTACCTTTGCGAGAAGCAATCTTGTTCAGTTCAGCCAGAGCTTCGTTGAACATCGGTACAGTTTTCTCAAGGTTGATGATGTGAACTTTGTTACGCGCACCGAAGATGAACGGCTTCATTTTCGGGTTCCAGTAACGGGTCTGGTGACCGAAGTGAACACCAGCCTTGAGCATGTCGCGCATGGAAACAGTTGCCATGATTAAAACCTCTATATAAAAGTTGGGGTTATGCCTCCACGTATCCCATATTACCGACCCCAAAGGGCACCCCGGAATATGTGCCGATACGTGTGTGTTGTTACACAAAGTGAGATTGTCGCTTCCGTCCAGTCTGTGTATACGAAATGGATCGGAAGTCCGGCGCGCTTTATACCACAAATACGTCATGGACACCAATAATTGTT
NZ_CP010206.1_gap79	3241889	3244081	2192	AAACGCTGGCGGGTTCGCAAGCGGTACGCAATCTGAGCGTTCCTGAAGGGTTAATAAACAACCAGATGAAAAGAAAGGGTTAATATCTTAGATGGGATGTTATTTTACCGGATGGCAACTCGCCATCCGGTATTTCACGCTTAGATGTTAATTACTACCAAACATATCCTTGATCCAACCGGCTACACCGTCGCTGTCTTTCTGCTCTTGCTGAGCAGGTTGCTGTTGCGGCTGTTGCTGCGGCTGAGAAGACTGATCAAACGGATTGCCTGACGGCTGCTGCTGCATCTCGCTCTGCTGGCACAGCGATTGCGGATCGCTGGTCCAGACCGGCAAGACACGCATGCCACCGCTGCAAACAAAGTTGCCGTCGTAGTCCACGCCCATATCTGCAATATCTTCTGGCGGAACAAGATTCAGCGGCGTTGGCGTCTGGTTAGCCAGATAACGCTGATAAATCGACATTGCCCCGCTGGCTCCATACAGTTTGGTCGGCTGGTTGTTATCACGGCCTACCCAGGTGATGGTCACCGTGCTGCCGTCAATGCCTGCAAACCAGGTATCTACGTTATTGTTGGTAGTCCCTGTTTTCCCTGCCAGATGCAGGTTCGGGTATTTCGCCCCAAGCTGACGACCCGTACCACGTTGTACCACCTGCTGCATGGTCCATAGTGTCAGATACGCCGCCTGCGCCGGAACAGCGCGTTCTGCCTGCGGGAAGCTCTGATACAGCACCTTGCCATCTTCCGCGATTACCGAACGCAGTGCAGAAAGCGGTGCACGGTTACCACCGCTGGCGATGGTCTGGAACGCCTGCGCCACTTCGATTGGCGTTAAGTTCAACGCCCCCAGCAGCATCGCCGGAACCGGATGCAGCTGATCTTTCGGTACGCCCAGTTTGATCCAGGTATCCGTAACTGCAGGCAGCCCCAGCGCCATCCCCAGATTTACCGTCGGCACGTTCATCGAACGGGTCAACGCATCCACCAGCATCACTCTGCCGCTTTCGCTATAACGACGGTCATCGTTCTGCGGTGACCAGACCTGGCCATTCGGCTGACGCAGCGCGATTGGCGCATCGGCAATCCACGTGTTCAGGCGATAGATTTTCGGCTGGCTTAAAGCCGTCAGATAAGTCGCTGGTTTTGCAAGGGAACCAATCGAACGACGCGCCTGCATCGCACGGTTGTAGCCCGCAAACTGCGGCTCAGAACCTCCGACCATCGCACGAACTTCACCACTAAAGCGGTCGACGACCACAATCGCAGTTTCAAGATCGCTCAACTTACGCTGTTTCTTCAGTGCCGGAATGCCTTCCACGGCGGCTTTTTCTGCCGCGTCCTGGGCCACCGAGTCAAAGGTAGTGAAGATCTTCACGCCGGAGAGATCTTTTACCTTATCGCCCAGTTTTGCCTGCAGCTCCTGACGCACCAGTTGCATAAAGGCTGGCTGAGGAGAGATCACCCCACCGCGCGGCTGAACCCCCAGCGGACGGGCACTCAACATGTCATAGAGTTCTTGATCAATAATCTGTTGCTGTTGCAGCAGACGCAGCACCAGATTACGTCGCTCCAGCGCCAGTTTTGGGTTACGCCACGGGTTGTAGATGGACGCCCCTTTCACCATACCGACTAACAGCGCCTGCTGGTCGAGGCTTAGCTCTTCTACCGGGCGACCAAAGTAATACAAGCTTGCCAGCGGGAAGCCGCGGATTTCGTTGTCGCCGCTCTGACCGAGATACACCTCGTTCATATACAGCTCAAGAATACGGTCTTTGCTGTAACGCGCGTCCATGATCAGCGCCATGTAGGCTTCGTTCGCTTTACGCCAGTAAGAGCGCTCGCTGGAGAGGAACAGGTTTTTCACCAGCTGTTGCGTCAGCGTACTCGCACCCTGCACCGTGCGACCTGCGGTCAGGTTTGCCAGCACCGCACGCCCAATTGAGTAGAGGCTGATCCCATCATGCTCGTAGAAATGGCGGTCTTCTGTCGCCAGCAAAGTATCCACCAGCAAATCAGGGAAACCACTGCGCGGCACAAACAGACGCTGCTCACCGTTTGGCGAAGAGATCATGGTGATCAGGCGCGGATCAAGACGGAAGAAACCGAACTGACGGTTGTTCTCCATATTGACGATCGTCGCCAGATGATCACCATCAAAGGTCAGACGCGCACGCACCTGCCCTTCTTTAC
NZ_CP010206.1_gap80	3246071	3251041	4970	CATCTGCGCCGGATCGCTGCATCCCCATTGCAGTAATTCCATCAGCAAACCGGAAAGATCGCTTTGTAAGATCTCCGGTTCACTTTGCGCGGCAGCGCGTTCTGCTTGTTCTTTGGCGATTAAATGCAGGCAGATACCCGGCTCCAGACGCCCGGCGCGCCCGGCACGCTGCGTCATGGATGCCTGGCTAACGCGTTGAGTAATCAGTCGCGTAAGCCCCGTGCGTGGATCAAAACGCGCCACCCTTTCCTGGGCACAATCCACCACCAGACGAATACCTTCGATGGTTAAACTGGTTTCAGCAATATTGGTCGCCAGCACCACTTTGCGCATCCCTTGCGGTGCCGGGAGGATCGCTTTTCGCTGATCGTTCAGCGACAACGCGCCATACAGCGGGCAGAGCAATACATCACTGCCGATGCGCGAAGCCAGTTGTTCCTGCACACGCTGAATTTCTCCGACGCCAGGTAAAAATAACAGTAATGATCCGCTTTCCTGACGCAGCATTTCAGCGGTGGCTACCGCAACGGCATCGTCAAAACGCTGATGCGCGGGCAGCGGTAAATAACGGCGTTCAACCGGAAACGAGCGCCCTTCTGAGATGACGACAGGCGCTTCTGGCAGCATTTGCTGCAAGCGGTCGTTGTCCAGGGTAGCCGACATAATCAGCAGTTTAAGGTCATCACGCAGACCTTGTTGCACATCGAGTAACAGCGCCAACGCCAAATCCGCCTGCAAGCTGCGCTCATGAAATTCATCAAGGATCACCAGTCCAACACCGCTCAGTTCCGGGTCACGCTGGATCATGCGCGTCAGCACGCCTTCGGTAACCACTTCCAGGCGGGTATGCGGCCCGACGCAGTTTTGCGCACGCATCCGGTAGCCAACGGTATCGCCTGGCTTTTCGTTAAGCAGCTCCGCCAGCCGTTGCGCGACGTTACGCGCCGCCAGACGACGCGGCTCCAGCAGGATAATTTTCCCGTTAATGCCGGGATGCGCCAGCAGTTGCAGCGGCAGCCAGGTTGATTTCCCGGCCCCGGTCGGCGCACTTAATAATACCTGCGGCGCACAATCGAGAGCGGTAAGTAATTCAGATAAGACGGCAGCAACGGGCAACGACGACACAAAACGCTCCAGAGGGTTAACATTCTTCGCGCCACATTGTAGCATCGCGGTAATTCATAACCGAGTGCCTCACATGTCTGAACCGCAACGTCTGTTCTTTGCTATCGACTTACCTGCAGAAATCCGCGAACAGATTATCCATTGGCGCGCCACACACTTCCCACCTGAGGCGGGACGTCCGGTCGCCGCCGATAATTTGCATCTGACTCTGGCATTTTTAGGCGAAGTGAGCGCCGAGAAAGAGAAGGCGCTTTCTCTTTTAGCCGGACGGATTCGTCAACCTGGTTTCACACTCACGCTTGATGACGCCGGACAATGGCTGCGTTCGCGTGTGGTGTGGTTAGGGATGCGTCAGCCTCCACGCGGCTTAATCCAGCTGGCGAATATGCTCCGTTCACAGGCTGCCCGCAGCGGTTGTTTTCAAAGCAATCGTCCGTTTCATCCACATATTACCTTATTGCGCGACGCCAGCGAGGCGGTGACAATCCCGCCGCCAGGTTTTAACTGGTCTTATGCGGTGACGGAGTTCACCCTTTACGCCTCCTCGTTTGCCCGTGGACGCACACGCTACACGCCGCTAAAACGCTGGGCGCTAACGCAATAACAAGGATTGTCGCAATGGAATTCTCTCCCCCTCTACAGCGCGCGACGCTAATTCAGCGTTACAAACGTTTTTTAGCCGATGTGATCACACCCGATGGTCGCGAATTAACGCTACACTGCCCGAATACGGGTGCAATGACCGGTTGTGCAACGCCTGGCGATACCGTCTGGTATTCGACTTCAGACAACACCAAACGGAAATACCCACACACCTGGGAATTAACTCAAAGCCAGAGCGGCGCATTTATTTGCGTCAACACGCTTTGGGCTAACAGGTTGACGAAAGAGGCTATCCTTAATGAATCAATTTCAGAACTGTCAGGCTATAGCTCGCTGAAAAGCGAAGTAAAATACGGCGCAGAACGCAGCCGTATTGACTTTATGTTGCAGGCGGATTCGCGTCCAGACTGCTATATTGAAGTGAAATCGGTTACGTTAGCGGAGAACGAACAGGGATATTTTCCCGATGCGGTCACTGAACGAGGTCAGAAACACCTTCGGGAGTTGATGAGCGTAGCGGCTGAAGGCCAGCGTGCGGTTATCTTTTTCGCCGTGCTGCATTCAGCCATTACACGGTTTTCACCCGCGCGCCACATCGATGAGAAATACGCGCAACTATTGTCAGAAGCTCAACAGAGGGGGGTAGAAATTCTGGCTTACAAAGCGGAAATTTCTGCTGAAGGCATGGCTCTTAAAAAATCACTGCCGGTTACATTGTAGTAAAGTAAGTAACTGGTTAATTTACATTCTGGTCGCGTGCGCAAATACGCTTTTCCTCACACAGTTGTCAAGTGTTACGTTTAGATAATTGCTATCCGGAAAAGCATCTGCTATTTATAGCGGCCTCATTTTTCCCCCGAACATGGGGATCGATAGTGCGTGTTAAGGAGAAGCAACATGCAAGAAGGGCAAAACCGTAAAACATCGTCCCTGAGTATTCTCGCCATCGCTGGGGTGGAACCATATCAGGAGAAGCCGGGCGAAGAGTATATGAATGAAGCCCAGCTGGCGCACTTCCGTCGTATTCTGGAAGCATGGCGTAATCAACTCAGGGATGAAGTCGATCGCACCGTTACACATATGCAGGATGAAGCAGCCAACTTCCCGGACCCGGTAGACCGTGCAGCCCAGGAAGAAGAGTTCAGCCTCGAACTGCGTAACCGCGATCGCGAGCGTAAGCTGATCAAAAAGATCGAGAAGACGCTGAAAAAAGTGGAAGACGAAGATTTCGGCTACTGCGAATCCTGCGGTGTTGAAATTGGTATTCGCCGTCTGGAAGCGCGCCCGACAGCCGATCTGTGCATCGACTGCAAAACGCTGGCTGAAATTCGCGAAAAACAGATGGCTGGCTAATTACAGCCGTTCCATCACGTTTACCACAGGCGGGAAATGCTCCCGCCTTATTTTTTGTTCAAAGAGATGACAGACACACAGTATATTGGCCGCTTCGCCCCCTCTCCTTCCGGCGAGCTTCATTTTGGCTCTCTGATCGCCGCGCTCGGCAGCTATTTGCAGGCTCGCGCCCGGCAAGGTCGCTGGCTGGTACGCATAGAAGATATCGACCCGCCTCGTGAAGTTCCCGGTGCCGCAGAAACTATCCTGCGCCAGCTGGAACATTACGGTCTGCACTGGGACGGCGATGTTCTCTGGCAATCGCAACGTCACGACGCCTATCGTGAAGCACTCGCCTGGTTACATGAACAAGGACTAAGTTATTACTGCACCTGTACGCGTGCGCGTATTCAAAGCATTGGCGGTATTTACGACGGTCATTGCCGGGTGTTGCATCATGGACCAGACAACGCCGCAGTGCGTATCCGCCAGCAGCATCCGGTCACGCAATTTACTGACCAGCTGCGTGGCATTATTCACGCCGACGAAAAACTGGCACGGGAAGATTTTATCATTCATCGCCGTGATGGGTTGTTCGCCTACAACCTGGCTGTTGTGGTTGATGATCATTTCCAGGGCGTTACAGAAATAGTGCGTGGGGCTGATCTGATTGAACCAACAGTAAGGCAAATCTCGCTGTACCAGCTTTTTGGCTGGAAAGTGCCAGATTACATTCATCTGCCGCTGGCGCTTAATCCACAAGGCGCTAAACTTTCCAAGCAGAATCATGCGCCTGCGTTGCCGAAAGGCGATCCACGCCCGGTACTAATCGCGGCACTTCAATTTCTGGGGCAGCAGGCAGAAGCACACTGGCAGGATTTCAGCGTCGAGCAAATCCTTCAGTCAGCCGTCAAAAACTGGCGGCTTACCGCCGTGCCCGAGTCGGCAATTGTAAATTCAACATTCTCAAATGCGTCATGCTGAGCTATGATTAGCCGCTATTTTTTTGTCCTGAATGATGTTTGACACTACCGAGGTGTACTATTTTTACCCGAGTCGCTAATTTTTGCCGCAAGGTGCTAAGCCGCGAGGAAAGCGAGGCTGAACAGGCAGTCGCCCGTCCACAGGTGACGGTGATCCCGCGTGAGCAGCATGCTATTTCCCGCAAAGATATCAGTGAAAATGCCCTGAAGGTAATGTACAGGCTCAACAAAGCGGGATACGAAGCCTGGCTGGTTGGCGGCGGCGTGCGCGACCTGTTACTTGGCAAAAAGCCGAAAGATTTTGACGTAACCACTAACGCCACACCTGAGCAGGTGCGCAAACTGTTCCGTAACTGCCGCCTGGTGGGTCGCCGTTTCCGTCTGGCTCATGTAATGTTTGGCCCGGAGATTATCGAAGTTGCGACCTTCCGTGGACACCACGAAGGTAACGTCAGCGACCGCACGACCTCCCAACGCGGGCAAAACGGCATGTTGCTGCGCGACAACATTTTCGGCTCCATCGAAGAAGACGCCCAGCGCCGCGATTTCACTATCAACAGCCTGTATTACAGCGTAGCGGATTTTACCGTCCGTGATTACGTTGGCGGTATGAAGGATCTGAAGGACGGCGTTATCCGTCTGATTGGTAACCCGGAAACGCGCTACCGTGAAGATCCGGTACGTATGCTGCGCGCGGTACGTTTTGCCGCCAAATTGGGTATGCGCATCAGCCCGGAAACCGCAGAACCGATCCCTCGCCTCGCTACCCTGTTGAACGATATCCCACCGGCACGCCTGTTTGAAGAATCGCTTAAACTGCTACAAGCGGGCTACGGTTACGATACCTATAAGCTGTTGTGTGAATATCATCTGTTCCAGCCGCTGTTCCCGACCATTACCCGCTACTTCACGGAAAATGGCGACAGC
NZ_CP010206.1_gap81	3353445	3357678	4233	CTGAACCTGAGCCACATCCTGATCCCGCTGCCGGAAAACCCGACCTCTGATCAGGTGAACGAAGCGGAAAGCCAGGCGCGCGCCATTGTCGATCAGGCGCGTAACGGCGCTGATTTCGGTAAGCTGGCGATTGCTCATTCTGCCGACCAGCAGGCGCTGAACGGCGGCCAGATGGGCTGGGGCCGTATTCAGGAGTTGCCCGGGATCTTCGCCCAGGCATTAAGCACCGCGAAGAAAGGCGACATTGTTGGCCCGATTCGTTCCGGCGTTGGCTTCCATATTCTGAAAGTTAACGACCTGCGCGGCGAAAGCAAAAATATCTCGGTGACCGAAGTTCATGCTCGCCATATTCTGCTGAAACCGTCGCCGATCATGACTGACGAACAGGCCCGTGTGAAACTGGAACAGATTGCTGCTGATATCAAGAGTGGTAAAACGACTTTTGCTGCCGCAGCGAAAGAGTTCTCTCAGGATCCAGGCTCTGCTAACCAGGGCGGTGATCTCGGCTGGGCTACACCAGATATTTTCGATCCGGCCTTCCGTGACGCCCTGACTCGCCTGAACAAAGGTCAAATGAGTGCACCGGTTCACTCTTCATTCGGCTGGCATTTAATCGAACTGCTGGATACCCGTAATGTCGATAAAACCGACGCTGCGCAGAAAGATCGTGCATACCGCATGCTGATGAACCGTAAGTTCTCGGAAGAAGCAGCAAGCTGGATGCAGGAACAACGTGCCAGCGCCTACGTTAAAATCCTGAGCAACTAATGGTTAAAACCCAACGTGTTGTGATCACTCCCGGCGAGCCCGCCGGGATTGGCCCGGACTTAGTTGTCCAGCTTGCACAGCGTGAGTGGCCGGTCGAACTGGTTGTTTGTGCCGATGCCACTCTCCTTACCGACCGGGCAGCGATGCTCGGTTTGCCGCTCACCCTCCGCCCTTATTCCCCCAACTCCCCTGCACAACCGCAAACTACGGGCACATTAACGCTACTTCCTGTCGCGCTACGTGAATCTGTCACTGCGGGGCAGTTAGCGATTGAAAATGGACATTACGTGGTGGAGACGCTGGCGCGAGCGTGTGATGGCTGTCTGAACGGTGAATTTGCTGCGCTGATCACAGGCCCCGTGCATAAAGGCGTCATTAACGACGCAGGCATTCCGTTTACCGGTCATACCGAGTTTTTCGAAGAGCGTTCGCAGGCGAAAAAAGTGGTGATGATGCTGGCGACCGAAGAACTTCGCGTGGCGCTGGCAACGACGCATTTACCGCTGCGCGATATCGCAGATGCTATCACCCCTGCACTTTTGCACGAAGTGATTGCTATTTTGCATCACGATTTGCGGACAAAATTTGGTATTGCCGAACCGCGCATTCTGGTCTGCGGGCTGAATCCGCACGCGGGCGAAGGCGGTCATATGGGTACGGAAGAGATAGACACCATTATTCCGGTGCTCGACGAGCTGCGGGCGCAGGGGATGAAACTCAACGGGCCGCTGCCTGCCGATACCCTGTTTCAGCCGAAATATCTCGATAACGCCGACGCCGTGCTGGCGATGTACCACGATCAGGGTCTTCCCGTGCTAAAATACCAGGGCTTCGGGCGCGGTGTGAACATTACGCTGGGCCTGCCCTTTATTCGCACATCAGTGGACCACGGCACCGCGCTTGAACTGGCGGGACGTGGCGAAGCCGATGTCGGCAGTTTTATTACGGCGCTTAATCTCGCCATCAAAATGATTGTTAACACCCAATGAATAATCGAGTCCACCAGGGCCACTTAGCCCGTAAACGCTTCGGGCAAAACTTTCTCAACGATCAGTTCGTGATCGACAGCATTGTTTCTGCCATTAACCCGCAAAAGGGCCAGGCAATGGTCGAAATCGGCCCCGGTCTGGCGGCATTGACCGAGCCGGTCGGCGAACGTCTGGACCAGCTGACGGTCATCGAACTTGACCGCGATCTGGCGGCACGTCTGCAAACGCATCCATTCTTAGGCCCGAAACTGACGATTTATCAGCAGGATGCGATGACCTTTAACTTTGGCGAACTGGCCGAGAAAATGGGTCAGCCGCTGCGTGTTTTCGGCAACCTGCCTTATAACATCTCCACGCCGTTGATGTTCCATCTGTTTAGCTATACTGATGCCATTGCCGACATGCACTTTATGTTGCAAAAAGAGGTGGTGAATCGTCTGGTTGCAGGACCGAACAGCAAAGCGTATGGTCGATTAAGCGTCATGGCGCAATACTATTGCAACGTGATCCCAGTGCTGGAAGTACCGCCGTCAGCCTTTACACCACCACCCAAAGTGGATTCCGCCGTCGTGCGCCTGGTTCCCCATGCAACGATGCCTCACCCGGTTAAAGATGTTCGTGTGTTGAGCCGCATCACCACCGAAGCCTTTAACCAGCGTCGTAAAACCATTCGTAACAGCCTCGGCAACCTGTTTAGCGTCGAGGTGTTAACGGGAATGGGGATCGACCCGGCGATGCGAGCGGAAAATATCTCTGTCGCGCAATATTGCCAGATGGCGAACTATCTGGCGGAGAACGCGCCTTTGCAGGAGAGTTAACGATGATCAATTCGCCCCGAGTGTGTATTCAGGTTCAAAGCGTCTACATTGAGGCACAATCTTCACCTGATAATGAACGTTACGTTTTTGCTTATACCGTAACCATACGCAATCTGGGGCGAGCGCCAGTGCAGTTGTTGGGGCGTTACTGGCTGATCACCAATGGCAATGGCCGTGAAACCGAAGTCCAGGGCGAAGGAGTGGTTGGCGTCCAGCCACTTATCGCGCCTGGCGAAGAGTACCAGTACACCAGCGGTGCAATCATTGAAACCCCGCTGGGCACCATGCAGGGTCACTACGAAATGATCGATGAAAATGGCGTCCCTTTCAGCATCGACATTCCCGTATTCCGACTCGCCGTTCCCACACTCATTCATTAAAAGAATATGGCGACATACCTTATTGGCGACGTTCATGGTTGTTACGATGAACTGATCGCATTGCTGCATAAAGTAGAATTTACCCCTGGGAAAGATACCCTCTGGCTAACGGGCGATCTGGTCGCGCGCGGGCCGGGTTCGCTGGATGTTCTGCGCTATGTGAAATCCTTAGGCGACAGCGTACGTCTGGTGCTGGGCAATCACGATCTGCATCTGCTGGCGGTATTTGCCGGGATCAGCCGCAATAAACCGAAAGATCGCCTGACACCGCTGCTGGAAGCGCCGGATGCCGACGAGCTGCTTAACTGGCTGCGTCGCCAGCCTTTGCTGCAAATCGACGAAGAGAAAAAGTTGGTGATGGCCCACGCAGGGATCACGCCGCAGTGGGATCTACAGACCGCCAAAGAGTGCGCGCGCGATGTAGAAGCGGTGCTATCGAGTGACTCCTATCCCTTCTTTCTCGACGCTATGTACGGCGATATGCCAAATAACTGGTCACCGGAATTGCGGGGGCTGGGAAGACTGCGTTTTATCACCAACGCTTTTACCCGTATGCGTTTTTGCTTCCCGAACGGTCAACTGGATATGTACAGCAAAGAATCGCCGGAAGAGGCCCCTGCCCCACTGAAACCGTGGTTTGCGATTCCTGGCCCTGTCGCTGAAGAATACAGCATCGCCTTTGGTCACTGGGCATCGCTGGAGGGCAAAGGTACGCCGGAAGGTATATACGCGCTGGATACCGGCTGCTGCTGGGGTGGTACATTAACCTGCCTGCGCTGGGAAGATAAGCAGTATTTTGTCCAGCCGTCGAACCGGCATAAGGATTTGGGTGAGGGAGAGGCGGTCGCGTCTTAACGAATTACCATTCAGGGAGGAATAATGGCTGACTATTTTGAAATACGTGCTGATTACAATCAGCACACCATCACGATTTATCAGGCTTACAATGATGCAATCGCTGACGTCGCCGTACGTGACGGGCGATTTGGCGCACCTTTTTCATTCAACCGCATGACCTGGATTAAACCCTCTTTTATGTGGATGATGGAGCGTAGCAACTGGGGACTGAAAAAAGATCAACAACACATTCTCGCAATCCGAATCAAACGCACCTTCTTTGATACATTGCTGGAACAAGCGGTGCTAACCACGCCGGAAGCCCATGTGTATCCACATGCAGGAATTTGGGAAACGTTATTTGCACAAGCAAATGTGTATGTTCAGTGGGACCCAGAACGCAGCATAAATGGTAAAAAACTGGAGCACCGATCATTACAG
NZ_CP010206.1_gap82	3430068	3432066	1998	TGGCTTCCACCACGGCACCTTGCTGCTCAATGCCGACCTTAGCCGCCTGGCAAACTATCTCAATCCGGATAAAAAGAAACTGGCGGCGAAAGGCATTACCTCAGTGCGTTCCCGCGTGACCAACCTCACCGAGCTGCTGCCGGGGATCACCCATGAGCAGGTTTGCGAGGCCATAACCAAGGCCTTTTTCGCCCATTATGGCGAGCGTGTAGAAGCGGAAATCATCTCCCCGGACAAAACGCCAGACTTGCCAAACTTCGCCGAAATCTTTGCCCGTCAGAGTAGCTGGGAATGGAACTTCGGTCAGGCTCCGGCATTCTCGCATCTGCTGGATGAACGCTTTAGCTGGGGCGGCGTGGAACTGCATTTCGACGTTGAAAAAGGCCATATCACCCGCGCCCAGGTGTTTACCGACAGCCTCAACCCCGCGCCGCTGGAAGCCCTCGCCGGGCGACTGCAAGGCGGCCTGTACCGCGCGGATATGCTGCAACAAGAGTGCGAAGCGCTGTTGGTTGACTTCCCGGACCAGGAAAAAGAGCTACGGGAGTTGTCGACGTGGATAGCGGGGGCGGTAAGGTAACTCGCTGATTAAAATACCAAAGGAAGGGAATATGATCGATCTGGAAAACCAGGAGCGGGAGATTATCAATATAATGTTAAGCCAGCGTATTTCCTGGCTAGCCGCCGTGCGTATCAGGCATAAATTATCGCTTGCTGAAGTAAGTAAAATGTTAGGTATCTCGATTAATTCTCTAAAATAGATCGAAAAGACGGAACGGTTTAGCTCAAACATCAAAAGCAAAATGGCAGAAATTTATGGTTGTCCACCAGAGTTGCTGATATGCCCTTCCTGGATGACGGCTGAACATAAATGAATAGATTCGTGAATAGATACTTGAATAGATTTTATTTTCTATCCATATGAAAAATAATAGTAAATCTATAAATCAGTTGCTATTGATGAATAGATACTAAAAAGCCGGAGCAGTCTCCCACTCCGGCTTCACACGACAATCGCTTTTCAGCGAAACACAATTACTCTTTATCGCCCAGCAGAACGGATTCCAGTGCGATTTTGATCATGTCGTTGAAGGTGGTCTGACGCTCAGCGGCAGTGGTCTGCTCGTGAGTGCGGATGTGGTCAGACACGGTGCAGATGGTCAGGGCTTTCGCGCCAAATTCTGCAGCGACGCCGTAGATACCAGCTGCTTCCATTTCCACGCCGAGGATGCCGTATTTTTCCATCACGTCGAACATTTCGCCGTCCGGAGAGTAGAACAGGTCAGCGGAGAACAGGTTACCAACGCGAGCATCAATGCCCAGTGCTTTAGCCGCGTCTACCGCGTTACGCACCATGTCAAAGTCAGCGATAGCGGCAAAGTCATGATCTTTAAAACGGATGCGGTTAACTTTGGAATCGGTGCAGGCACCCATACCGATAACGACGTCGCGCAGTTTTACGTGCGGCAGAACTGCGCCACAGGAACCCACGCGGATAATTTTCTTCACGCCGAAATCGGTGATCAGTTCTTTGGTGTAGATGGAGCAGGACGGGATACCCATACCGTGACCCATTACGGAAATTTTGCGGCCTTTGTAAGTACCGGTGAAGCCCAGCATACCGCGAACGTTGTTCACTTCACGGGCATCTTCAAGGAAAGTTTCAGCAATATACTTCGCACGCAGCGGGTCGCCTGGCATCAAAACTACGTCAGCGAAATCGCCCATTTCTGCATTAATGTGTGGGGTAGCCATTGTTTTATCCTTATCAACATGTTTTCACCCTCTCCCTGAGGGAGAGGGCCGGGGTGAGGGCATCAAGCCGCACCCATTATCAGAACATGGCTTTGCCATATTCCATATCAGAAGTACCAAAATATTTTGCCAGAGTCTGACCAATATCCGCGAAGGTTTCACGGTGACCCAGTGAGCCCGGTTTTACTTTCGGGCCGTAAACCAGTACCGGAATGTGTTCACGCGTGTGGTCAGTACCGGTCC
NZ_CP010206.1_gap83	3444729	3446422	1693	TGCATTTACCCCGGCAAGTGAAGTCTTGCTGCGTCACAGTGATGATTTCGAACAAAGCCGTATTCTGTTTGCCGGAGACTTACAGGATGACCTGCCCGCGCGTTTAGATACCGCGGCCAGCCGTGCTCATACCCAGCAATTCCACCACTGGCAGGTATTAAGCCGCCAGATGGGGGATAACGCCCGTTTCAGTCTGGTCGCCACGGCGGATGACGTCGCAGATTGCGATACGCTGATTTACTACTGGCCGAAGAACAAACCGGAAGCCCAGTTCCAGTTGATGAATTTACTTTCTCTGCTGCCGGTGGGGACGGATATTTTTGTCGTTGGCGAGAACCGCAGCGGCGTGCGCAGCGCCGAGCAGATGCTGGCAGATTATGCGCCGTTGAATAAAGTCGACAGCGCTCGTCGCTGTGGCCTCTATTTTGGTCGTCTGGAAAAACAGCCGGTATTTGATGCCGATAAATTCTGGGGCGAATACAGCGTCGATGGCCTGACGGTCAAAACGCTGCCTGGCGTGTTTAGCCGCGACGGTCTGGATGTCGGTAGCCAGTTGCTGCTCTCGACGTTAACTCCGCACACGAAAGGTAAAGTGCTGGATGTCGGCTGTGGCGCGGGGGTGCTTTCAGTTGCCTTTGCGCGCCATTCGCCGAAAATTCGTCTCACCTTGTGCGATGTCTCTGCGCCAGCGGTAGAAGCCAGCCGCGCAACACTTGCGGCCAACTGTGTTGAAGGTGAAGTCTTTGCCAGCAACGTCTTTTCCGAGGTGAAAGGTCGTTTTGATATGATCATCTCCAACCCGCCGTTCCACGATGGGATGCAAACCAGCCTGGATGCGGCGCAAACGCTGATTCGCGGCGCGGTGCGTCATCTTAATAGCGGCGGCGAGCTGCGAATTGTAGCGAACGCCTTCCTGCCTTACCCGGACGTGCTGGATGAGACATTTGGCTTCCATGAAGTTATCGCGCAAACCGGGCGCTTCAAGGTGTATCGCGCCATTATGACCCGCCAGGCGAAGAAAGGTTAAGTATCCCGCCGAATACTGTGTCGGATGCGGCGTAAACGCCTTATCCGACCTACAAAACCTGCACGTTAGCCCTTCGTAGGCCAGATAAGACGCGCCCGCGTCGCATCTGGCATCTGCACCCAAATACCGTGTCGGATGCGGCGTGAACGCCTTATCCGACCTACAAAACCTGCACGCTAGTTTCCTGATGGACATTTTTCCAGCAATTACACCTCCGGCGATAATTAACTATTGACGAAAAGCTGAAAACCACTAGAATGCGCCTCCGTGGTAGCAATTCTTTTTAAGAATTGATGGTATGCGAAGGTGGCGGAATTGGTAGACGCGCTAGCTTCAGGTGTTAGTGTCCTTACGGACGTGGGGGTTCAAGTCCCCCCCCTCGCACCAAAAACCACGTTGATATTGCTCGCACTGGGCGAAGGTGGCGGAATTGGTAGACGCGCTAGCTTCAGGTGTTAGTGTTCTTACGGACGTGGGGGTTCAAGTCCCCCCCCTCGCACCAAACGAGGCGATATCAAAAAAAGTAAGATGACTGTGCGAAGGTGGCGGAATTGGTAGACGCGCTAGCTTCAGGTGTTAGTGTCCTTACGGACGTGGGGGTTCAAGTCCCCCCCCTCGCACCAATTATCTTTACTTCCTTTCTTGTTTCTTCCTTGATTTTTCATC
NZ_CP010206.1_gap84	3585174	3586115	941	CCGTTTGTCACCGCCAGCTACAACAAACATCGCAAGACCGCAGAAGAGTGGAGCATCCCGGACGCCGAAGGCTACGCTAACTCTCGTACCATTAAAGAGTGCTACGATGCCTTCCAGTCGCTGGAGTACGAAGTAAACACCCTGCACACCGCCAACGGTCAGACGCCGTTTGTAACCTTTGGTTTTGGTCTGGGCACCAGCTGGGAGTCGCGCCTGATTCAGGAATCTATCCTGCGTAACCGTATCGCAGGCCTTGGTAAAAACCGTAAAACTGCGGTGTTCCCGAAACTGGTGTTTGCGATTCGCGATGGCCTGAACCATAAAAAAGGCGATCCGAACTACGACATCAAACAGCTGGCGCTGGAGTGCGCAAGCAAGCGCATGTATCCGGATATCCTGAACTACGATCAGGTAGTGAAAGTCACCGGTTCGTTTAAAACCCCGATGGGCTGCCGCAGCTTCCTCGGCGTGTGGGAAAATGAAAACGGCGAGCAGATCCACGATGGTCGTAACAACCTCGGCGTGATCAGCCTGAACCTGCCGCGTATTGCTCTGGAAGCAAAAGGCGATGAAGCCACCTTCTGGAAGCTGCTGGATGAACGTCTGGTGCTGGCACGTAAGGCACTGATGACCCGTATCGCTCGTCTCGAAGGCGTGAAAGCGCGCGTCGCCCCGATCCTCTATATGGAAGGTGCTTGTGGCGTACGTCTGAATGCTGACGATGATGTTTCTGAAATCTTCAAAAACGGTCGTGCGTCTATTTCGCTGGGTTACATCGGCATCCACGAAACCATTAACGCGCTGTTCGGCGGCGAGCATGTTTACGACAACGAGCAGCTTCGCGCGAAAGGTATCGCCATTGTTGAACGTCTGCGCCAGGCAGTGGATCAGTGGAAAGAAGAAACGGGTTATGGTTTCAGTCTCTACAGCACGCCGAGTGA
NZ_CP010206.1_gap85	3772296	3775394	3098	TAGCAACAAAACGACATCTTTACCTGTTGAGCTAGATGCACTAAATAATAAAGATATCTCTTATGCCAAAGATTTTTCTTATGCTAAAGATTTCTTTTTATACATAGAAACACAGTTAAAAATTGCAAAAGATTTTTGTAGACCTGGAGAAGAAGTATCAAGTTCTATTGCAAGTAAAGTTTTTCACGCATTTATTGATTTAGTTAACAAAATCAGGGGTAAGAAAGACTTTATGTATATTTGCACGCTTTGCTGTTTTGCCGAGGAGGTTAAAGGTGATTATTCTCATTACAGGACCTTTTTATTTGATATTGGTAATCAATATAAGGTTAAACTTACACAAAGCGGAAAAAAAGAGCTCTCTTTAACTTTAGAATTTAACGATACTATAATTGAATCTCAGAAAGTCACAGGCAATAAGGCAAAGCATATTCTTGAGGATATAGAAAAATTCTATCGTAACAAACCCGATACTTATTATTAAATTTAATAATAGTTAGATGTGCAGAAATTATTACTCCACCCAAAAAAACAGGATAAGGAATTCCAGATAATTAGGATAAGCTTAACAATAAAAGAACTAATAACGTTTATTATCTCTCACGTAGAACGATGGCATCAAAAAAATCATCTATAAAGAAAGAGTGAAAGCGACGACAGTTTAATTTCACTGCAGGCTGGGTAGCTCCAGCCTGCTTTCCTGCATTACATCACCGCAGCAAACGCCTTTGCCACACGTTGTACATTTGCCGTATTTAACCCGGCGACACACATGCGACCGCTGGCGATGAGATAGACACCAAATTCTTCACGTAGTCGGTCAACCTGAGCGGCACTTAAACCGGTATAACTGAACATGCCGCGCTGATTAAGCAGATAATCGAAATTGCGTTCTGGCATCTCTGTGCTTAATACCTTCACCAGTTCCTGACGCATTGCCAGAATGCGAGTACGCATCTCTTCTACTTCCGCCAGCCAGCTGGCTTTCAATGCCTCGTCATTCAGCACTGCAGCCACCACCTGCGCACCAAAATTCGGCGGGCTGGAGTAGTTGCGGCGAACTGTTGCTTTCAATTGCCCCAGTACGCGGCCAGCGGCTTCGGCATCTTCACACAGAACAGAAAGTCCGCCGACGCGCTCGCCGTAAAGGGAGAAAATTTTCGAGAACGAATTGCTCACCAGAGCGGGTAATCCAGCGCTGGCAATGGCGCGAATAGCGTAGGCATCCTCTTCCATACCGGCACCAAATCCTTGATAGGCAATATCGAGGAATGGAATAAGCTCGCGGGCTTTGAGAATTTCAATCACCGCATCCCACTGGTCATTAGTGAGATCGGCACCCGTTGGGTTGTGGCAACATGGATGCAGCAACACAATACTGCGGGCAGGTAATGTTTTCAGCGTCGCCAACAGGTCATTAAAGCGCACGCCGTTAGTCGCTTCGTCATACCAGGGGTAAGTACTCACTTCGAATCCAGCCCCGGCGAATATTGCTACGTGGTTTTCCCAGGTAGGATCGCTGACCCAGACGCCTGATTCCGGGAAGTAGCGTTTCAGGAAATCCGCGCCCACTTTCAATGCCCCTGAGCCGCCAAGGGTTTGAATGGTTGCTACGCGCTGTTGTTGCAGTACTGGATGGTCCGCACCAAACAGCAGCGGCGCAATGGCATGGCGATAGCTGTTAAGCCCTTCCATCGGTAAATAAAGCGAAGCGCCATGAGGCTGCGCATTCAGGCGCGCTTCCGCCTCCGCCACGGCTTGCAGTTGTGGAATAATTCCGTCTTCGTTGTAGTACAGACCGATACTTAAATTCACTTTGTCGCTGCGAGGGTCTTCTTTAAAACGCTCCATAAGCGTAAGAATCGGGTCGCCAGCGTAGGCGTCAACTTTTTGAAACACGCGATGGTTCTCCAGGTTTACGGGCAGGTGGTTAAAACACAATAAACCGGAAGAAGGCGAAGATCGAGTGGATGTTCAGGAGCGAACGGCAATTAGCAACAGAGTGAGACTCATGACAAACGTACATCCGCCAGAGGCACGACCTTTATAAGAGCATGAAAGAACATCAACTTATTGAATTTTTAGGATTTTATTGGCCGGATAAGGCATTCACGCCGCATCCGGCACAGACAATCAAATATTACAGAACGATTAATCCACGTATTTCATCGCGACCCTTGAAGTCAGGCGCGTAATAAGTTCGTAAGCGCTTACTTTCGTCATTTCAGCGATACGTTCTACGGGCAAACCTTCGCCCCATAAAATGACCGGATCCCCGGCTTTGTCCTGCGCCTGTGGACCTAAGTCTACGCAGATCATATCCATCGCCACGCGCCCGACAATCGGTACTTCGCGACCGTTCACCAGCACTGGCGTACCGGACGGCGCGGCGCGCGGATAACCATCGCCATAGCCCATCGCGACTACGCCAAGACGGGTATCACGTTCGCTTACCCAGGTTCCACCATAACCAACAGGTTCTCCGGCTTTATGCTCACGCACGGCAATCAGGCTGGAGGTTAGTGACATCACTGGCTGACAGCCAAAATCGGCACCGGTGGAGCGATCTTCCAGCGGCGAGACGCCATAAAGAATGATGCCCGGGCGCACCCAGTCAAAATGCGACTGTGGCCACAGCAGAATGCCACCCGATGCGGCAATGGAACGTTGACCAGGTTTGCCTTCGCAAAAGGTATTAAAGATAGCGAGTTGTTTCTCGGTTGCGCCACATTTTGGTTCATCCGCGCGCGCAAAATGGCTGACGATATTCACCGGCTGACGAACGTTTTTGCACTGGGTCAGGCGATGATAAAACGCCTCAGCCTGTTCCGGCCTTACGCCCAGACGGTGCATACCGGTATCGAGTTTCATCCAGACGGTAACCGGCTCGTCCAGGCTAGCCTCTTCCAGCGCAGCCAGCTGTTCTTCGTTATGCACGGCGGTATGAAAATGTTGCGCAGAAATCGTCGGCAGATCTCTGGCATCAAAAAAGCCTTCGAGTAACAGTACAGGTTTGGTGATTCCCCCCGCACGCAGTCGCAGAGCTTCTTCGAGACGGGCTACGCCAAAGGCGTCAGCATCGGGGAGCGTTCGCGCGG
NZ_CP010206.1_gap86	3820944	3824395	3451	TATGGCGGTGCTTGATCAAAGCGATCACGAAGCGATTATTATCGACCAGGTACAGTGTACCCACCTGATGCGAATGTCCGCGCCTATCGGCGGTAAATTGCCGATGCACGCTTCCGGTGCGGGTAAAGCCTTTTTAGCCCAACTGAGCGAAGAACAGGTGACGAAGCTGCTGCACCGCAAAGGGTTACATGCCTATACCCACGCAACGCTGGTGTCTCCTGTGCATTTAAAAGAAGATCTCGCCCAAACGCGCAAACGGGGTTATTCATTTGACGATGAGGAACATGCGCTGGGGCTACGTTGCCTTGCAGCGTGTATTTTCGATGAGCACCGCGAACCGTTTGCCGCAATTTCAATTTCCGGACCGATTTCACGTATTACCGATGACCGCGTGACCGAGTTTGGCGCAATGGTGATTAAAGCGGCGAAGGAAGTGACGCTAGCGTACGGTGGAATGCGCTGACTTTTTTCTGGCGGGCAGAGGCAATATTCTGCCCGTCATACCTGAGTGGCAATAGAATAAGGGTGTCTGTTAATCGCATTGACGCCAAAATAACTTATTGTCATACACTTCGCACACTTTTATTAACTCAGAATTATTTTTAAACATCAAACCACTTAATTATTAACAAAATCGCAAGATCTCATTCCACCGAAACTTTTACGGCTGCATTATGAGATTGAGCGATTTATGATATTTCTTTACTTGTTATCATATTAAATTTTTTCACTGTTCTGATAGTTAAAATTCAAGACATCAATAAACAATGAGATATTTAAATGATTACTCGTATTCCTCGCAGTTCTTTCTCTGTAAATATTAATAATACAGCCCAGACAAATGAACACCAAAACCTGAGTGAATTGTTTTATAAAGAACTCGAGGATAAATTTTCTGGCAAGGAGCTGGCGACACCTCTATTAAAAAGCTTCTCAGAGAACTGTAGACAAAATGGTCGTCATATCTTTAGCAACAAGGATTTTGTCATTAAATTTTCCACGTCCGTCTTACAAGCTGATAAGAAAGAAATTACGATAATTAATAAAAACGAAAACACGACACTCACTCAAACCATTGCTCCAATATTTGAAGGATACCTAATGGAAATTTTACCTCAACGCTCAGACACTCTTGATAAACAAGAATTAAACCTAAAATCAGATAGAAAAGAAAAAGAATTCCCAAGAATTAAACTTAATGGTCAATGTTATTTTCCGGGGCGACCCCAAAACCGTATAGTATGCCGACACATTGCTGCACAATATATTAATGATATTTATCAGAATGTTGATTACAAACCCCATCAAGATGATTATTCTTCAGCTGAAAAATTTCTCACTCACTTCAACAAAAAATGCAAAAACCAGACTTTGGCGTTGATTTCCAGCCGTCCTGAGGGGCGTTGCGTTGCTGCCTGCGGTGATTTCGGGCTAGTTATGAAAGCATATTTTGACAAGATGGAATCAAATGGCATCAGTGTTATGGCAGCCATATTACTGGTGGATAACCATGCTTTGACGGCCCGACTAAGAATAAAGAACACAACTGAAGGATGTACCCATTACGTGGTTTCGGTTTATGATCCAAATGTAACTAACGATAAAATAAGAATCATTAGCGAAAGTAAAGAGGATATTAAACACTATTCTCTGATGGATTTTATGAATGTAGATTATAGCCTCCTGAAATGGTCAAATGATCATGTTATTAACCAATCTGTTGCAATAATTCCAGCACTTCCGAAAGAACAGCTATTGATGTTAAAAGAATCTGTGGATGAAATAACCCCTCCATTATCACCTGCAACGATGAATTTGCTAATGGCAATTGGTCAGAATCACCAACTTACGCAACTGATGATTCAGCTCCAGAAAATGCCAGAACTACATAGAACAGAAATGTTGACTGCCTATAATAGTGGACATATGAACGTTATTAATACTATTTTTAACGCATTACCCACTCTTTTTAATACGTTTAAATTCGATAAAAAAATATGAAGCCCCTCCTCCTGGCAAATAATTCTAATGAATATCCCGGTTTGTTTTCAGCGATACAGCATAAACAACAAAACGTTGTAGAGACGGTTTATCTTGCTTTATCTGACCATGCACGCCTGTTTGGATTTACCGCTGAAGATATTATGGATTTTTGGCAACACAAAGCGCCACAAAAATACTCTGCCTTTGAGTTGGCTTTTGAATTTGGTCACCGGGTTATTGCTGAATTAATCCTTAATACATTAAATAAGATGGCTGAAAGCTTTGGCTTTACGGATAACCCTCGATACATTGCGGAGAAAAATTATATGGAAGCTTTACTCAAAAAAGCATCTCCCCATACCGTACGCTAAATCTTTGCCTGCGCCGATACGCATAAACATCTTCCACATGCCCTTCACGTATGCGGTTTTGTAGTGCGCGCCAGTAATCAGCGCGGAACAGGTCGGCGTGCATCTCTTCAAACAGCGGACCAATACGCGGGTCGGCGCATAGCCAGTGGCGAAACTCTTCCGGGAAAACATCGCCCGGCGAGACGCTGTACCACGGTTCGCTGGCAAGTTCGTCTTCCGGATAGCGCGGCGGCGGGATGTCGCGGAAATTCACTTCCGTCATGTAGCAAATTTCATCGTAATCATAAAAAACCACACGCCCGTGACGGGTGACACCGAAGTTTTTAAACAGCATGTCGCCAGGAAAAATGTTAGCAGCGGCAAGCTGGCGAATAGCGTTACCGTATTCTTCAATGGCGTCGCGCAACTGCTGACCTTCCACTTGTTCCAGCCAGATATTGAGCGGCACCATCCGCCGCTCGATATAGAGATGGCGAATTACAATCTGCTCACCAAGATCGGTGATTTTTTCCGCTGCTTCCTGGAGCAGTAATTCCATTAATGCCGGGGAAATATGCCGCTTCTCCAGCACAAAGTTTTCAAACTCCTGGGTGTCCGCCATTCGGCCCACGCGATCGTGCTCTTTCACCAGTTGATAGCAGGCACGAACGTGAGCGGCAGACATCTCTTTCTGCGGCGCGAACTTGTCTTTGATGACTTTGAATACCCGATCAAAGCCCGGCAGCGTAAACACCAACATCACCATTCCACGAATACCCGGCGCTTCAATGAACTGCTCATTACAGCCCTGTAGATAAACGAGATATTCGCGGTAGCTTTCGGTTTTGGCGTGCTTCTGGCAGCCGATAGCCATATACAATTCAGCAGTGGTTTTACCTGGCAGAATTTCCCGTAGCCACTCGACCAGCGCTGCGGGCAGCGGTGCATAAACCATAAAATAAGAACGCGCAAAGCCAAAAACAATGCTCGCTTCGGCGGTCGTCGTCAGGCAGGTATCAATAAATAACTCGCCGTCGTCCGTCTGGTGGATCGGCAGTAAGAAGGGCAACGTGCCGGAAGGCGTGATCAGTTTGCCCACCAGCCAGGCGGCTTTATTG
NZ_CP010206.1_gap87	3834826	3836183	1357	TCATACACGCGGCATGGCTGCATCAGGCTTGCGCCCATTGTGCAATATTCCCCACTGCTGCCTCCCGTAGGAGTCTGGACCGTGTCTCAGTTCCAGTGTGGCTGGTCATCCTCTCAGACCAGCTAGGGATCGTCGCCTAGGTGAGCCGTTACCCCACCTACTAGCTAATCCCATCTGGGCACATCCGATGGCAAGAGGCCCGAAGGTCCCCCTCTTTGGTCTTGCGACGTTATGCGGTATTAGCTACCGTTTCCAGTAGTTATCCCCCTCCATCAGGCAGTTTCCCAGACATTACTCACCCGTCCGCCACTCGTCAGCAAAGAAGCAAGCTTCTTCCTGTTACCGTTCGACTTGCATGTGTTAGGCCTGCCGCCAGCGTTCAATCTGAGCCATGATCAAACTCTTCAATTTAAAAGTTTGATGCTCAAAGAATTAAACTTCGTAATGAATTACGTGTTCACTCTTGAGACTTGGTATTCATTTTTCGTCTTGCGACGTTAAGAATCCGTATCTTCGAGTGCCCACACAGATTGTCTGATAAATTGTTAAAGAGCAGTTGCGACGCGCTTTAGCGCACTGTCGCGAGGTGGCGTATATTACGCTTTCCTCTTTCAGAGTCAACCCTGAATTTCAGGATTTTTCTCTTCAACCGAACCGGCTGTTTGTGTGAAGTGATTCACATCCGCCGTGTCGATGGAGGCGCATTATAGGGAGTTCTCCGCAGGCCGCAATAGAAAAATTGCAGAAAAATGACTGACTGCTGCATTCCCCAGCAAAACCCCGCTTTATACCTTTTTACGCACAGAGTTATCCACAATCATCAATGTAATTTCTGTATTTTTCCCACGGTAACCACTGTCAAAATTGTGATCACCATTGAAAGAGAAAAATTCGCGAGCGTTGCGCAAACGTTTTCGTTACAATGCGGGCGAAAAATAAGGATGCCCCGTTAGGGGCGTTAGCTGAGTTTTTCGCGAAAAATTCAGCTAACGCTCTCTGTAATAGTCAAATCCAGGGGATTTACCATGCAACAACGTCGTCCAGTCCGCCGCGCTCTGCTCAGTGTTTCTGACAAAGCCGGTATCGTCGAATTCGCCCAGGCACTTTCCGCACGCGGTGTGGAGCTGCTGTCTACAGGGGGCACTGCCCGTCTGTTAGCAGAAAAAGGTCTGCCGGTAACCGAAGTTTCCGATTACACCGGTTTCCCGGAGATGATGGATGGACGCGTGAAGACCCTGCATCCGAAAGTACATGGTGGCATTCTGGGCCGTCGCGGCCAGGACGATGCCATTATGGAAGAACATCAGATCCAGCCTATCGATATGGTGGTTGTTAACCTGTATCCGTTCGCCCAGAC
NZ_CP010206.1_gap88	3837366	3839753	2387	GACGAAGTGATTGCCGCCGCCGACGAGCACGGTATTGCGATGCTCTTCACCGACATGCGCCACTTCCGCCATTAATGGAGCAATAGATGAAAGTATTAGTGATTGGTAACGGCGGGCGCGAGCACGCGCTGGCCTGGAAAGCGGCCCAGTCGCCGCTGGTTGAGACTGTTTTTGTTGCTCCGGGTAATGCAGGCACTGCACTGGAACCCGCGCTGCAAAACGTTGCTATTGGCGTGACCGATATCCCGGCGCTGTTGGATTTCGCACAAAACGAAAAGATTGATCTGACCATCGTCGGCCCGGAAGCGCCGCTGGTGAAAGGCGTGGTCGATACCTTCCGCGCCGCCGGGCTGAAAATCTTCGGCCCAACCGCAGGTGCGGCCCAACTGGAAGGCTCAAAAGCGTTTACCAAAGATTTCCTGGCCCGCCATAAGATCCCTACGGCGGAATACCAGAACTTCACCGAGGTAGAACCTGCGCTGGCGTATCTGCGTGAGAAAGGCGCGCCAATCGTCATTAAAGCGGACGGTCTGGCTGCCGGGAAAGGCGTTATCGTGGCGATGACGCTGGAAGAAGCGGAAGCGGCTGTTCACGATATGCTGGCGGGCAACGCTTTTGGCGACGCGGGTCATCGCATCGTTATCGAAGAGTTCCTCGATGGCGAAGAAGCGAGCTTTATCGTGATGGTAGACGGCGAGCATGTGCTGCCGATGGCCACCAGCCAGGATCACAAACGCGTAGGCGATAAAGATACCGGACCAAACACGGGCGGGATGGGCGCTTACTCCCCCGCGCCGGTAGTAACCGATGAAGTTCATCAGCGCACCATGGAACGTATCATCTGGCCAACCGTGAAAGGCATGGCGGCGGAAGGCAACACCTACACCGGTTTTCTCTACGCGGGCCTGATGATCGACAAACAGGGCAATCCGAAGGTTATCGAATTTAACTGCCGCTTTGGCGATCCAGAAACCCAGCCGATTATGCTGCGCATGAAGTCCGATCTGGTTGAGCTCTGCCTGGCGGCCTGTGAAGGCAAACTGGACGAGAAAACGTCAGAGTGGGATGAACGCGCTTCTCTCGGCGTGGTGATGGCTGCGGGTGGATATCCGGGTGATTACCGCACCGGTGACGTGATCCACGGCCTGCCGCTGGAAGAAGTGGCAGGCGGCAAAGTGTTCCACGCGGGCACGAAACTGGCGGATAACGAGCAGGTAGTGACCAGCGGCGGGCGCGTACTGTGCGTCACCGCGCTGGGTCATACCGTGGCAGAAGCGCAGAAACGCGCCTATGCCTTAATGACCGATATCCACTGGGACGACTGCTTCTGCCGGAAAGATATCGGCTGGCGTGCTATCGAACGCGAGCAGAACTAACGCGACAGTTTTGCCAATAACGTTTTACGCGTGATCCCTAACTGACGGGCGGCTTCAGTTTTGTTGCCGCCCGTTTTCTCCAGTGCCGCCAGAATCACCTCTTTTTCCACTTCCACCAGCGGCTGAATATCCTGACTTTGCCCCAGCGGGATCGGCGTACTGGCAATCGCCAGCGGCAGCTCGCGTTCGGAAATATATTCCCCGGTCAGCAGCACCACTGCCCGTTCCACCGCGTTTTCCAGCTCACGAATATTTCCCGGCCAGTCGTAATGAATCAACAGATCCATCGCCTGGGGCGTAAAACCTTTTACCGCCTTGCGATTACGCTCGGCAAAGCGCTGCAGAAAATGGCCAGCCAGCAGAGGGATATCTTCCCGCCGTTGCCGCAGCGATGGTACTTCAATCGCCACCACATTCAGGCGATAGTAGAGATCCTGGCGAAAACGCCCGGCATTCACCTCTGCGGCAAGATCGCGATGGGTCGCCGCAATCAGCCGGACATCAACCGAGATAGTCTGGTTGCTACCGACACGCTGAACTTCGCGCTCCTGAATCGCACGCAGCAGACGCACCTGCATCATCGGCGAGATATCGCCAATTTCATCGAGAAACAGCGTGCCGCCGTCCGCCTCAACAAAGCGCCCTTCCCGGCGTTTATCGGCTCCAGTAAACGCCCCTTTTTCGTGACCGAACAATTCAGATTCCAGCAAGGATTCGTTGAGTGCCGCACAGTTGAGCGTTACCAGCGGTTTTTCGCTACGTGCGCTACTGGCGTGAATCGCCCTGGCGACCAGCTCTTTACCGGTGCCGGAATCGCCGTGGATCAGTACCGTGGCTTCCGATGGCGCGACGAGGGCGATTTCACTGAGCAGGTGTTGCATCGCCGAGCTTTTACCGACCATACCGAACTGGCTGGCAGTCACCGCAGGTGTTTCAGCATCAATACTGTGCGTATGCGCGAGCGCCTTTTCCAGCGTCGCCTGTAGGTTATCGAAATCCAGCGGCTTGATG
NZ_CP010206.1_gap89	3902476	3906849	4373	GGTGATGTTCATCATCGATCAATGCTGCGAAGAGATTGATTTCTTTAGTATTGGTAGTAATGACCTGACGCAATATCTGCTGGCAGTGGATCGCGATAACGCTAAGGTTACTCGTCACTACAACAGCCTGAATCCGGCCTTCTTGCGGGCGCTCGATTACGCCGTGCAAGCGGTGCATCGCCAGGGCAAATGGATTGGTCTGTGCGGTGAGCTGGGAGCGAAAGGTTCCGTGCTGCCGTTGCTGGTCGGCTTAGGGCTGGATGAACTCAGCATGAGCGCACCATCAATTCCGGCGGCGAAAGCGCGGATGGCGCAACTTGATAGCCGTGAGTGCCGCAAGTTGCTCAACCAGGCAATGGCCTGCCGTACTTCGCTGGAAGTGGAACACCTGCTGGCGCAATTCCGCATGACCCAACAGGACGCACCGCTGGTCACCGCCGAGTGCATCACGCTGGAAAGTGACTGGCGCAGCAAAGAAGAAGTGCTCAAAGGCATGACCGATAACCTGCTGCTGGCGGGCCGCTGCCGCTATCCGCGTAAACTGGAAGCCGACTTATGGGCGCGCGAGGCCGTTTTCTCTACCGGTCTGGGCTTTAGTTTTGCCATTCCACACAGCAAATCAGAACACATTGAGCAATCCACCATCAGCGTGGCGCGTCTGCAAGCGCCGGTGCGCTGGGGCGATGATGAAGCGCAATTCATCATTATGTTAACCCTGAACAAACACGCTGCGGGCGATCAGCACATGCGCATTTTCTCGCGCCTCGCTCGCCGCATCATGCACGAAGAATTCCGTAACGCGCTGGTTAACGCCGCCTCTGCCGACGCTATCGCCAGCCTGCTGCAACATGAACTGGAACTGTAAAAGGAAACATCATGGAACTGTATCTGGACACCGCTAACGTCGCAGAAGTCGAACGTCTGGCACGCATATTCCCCATTGCCGGGGTGACAACTAACCCGAGCATTATCGCTGCCAGCAAGGAGTCCATATGGGAAGTTCTGCCGCGTCTGCAAAAAGCGATTGGTGATGAGGGCATTCTGTTTGCTCAGACTATGAGTCGTGACGCGCAGGGTATGGTGGAAGAAGCGAAGCGCCTGCGCGACGCCATTCCGGGCATTGTGGTGAAAATCCCGGTGACTTCCGAAGGTCTGGCCGCCATTAAGATGCTGAAAAAAGAGGGTATTACTACGCTTGGCACCGCAGTGTACAGTGCTGCACAAGGGTTACTGGCCGCGCTGGCAGGGGCAAAATACGTTGCTCCGTATGTTAACCGCGTAGATGCCCAGGGCGGGGACGGCATTCGTACGGTTCAGGAGCTGCAAGCGCTGTTAGAAATGCACGCACCAGAAAGCATGGTGCTGGCGGCCAGCTTTAAAACGCCGCGTCAGGCGCTGGACTGTTTACTGGCAGGATGTGAATCCATCACCCTGCCCTTAGATGTAGCGCAACAAATGCTCAACACCCCTGCGGTAGAGTCAGCTATAGAGAAGTTCGAACACGACTGGAATGCCGCATTTGGCACTACTCATCTCTAAAGGAGCAATTATGGACCGCATTATTCAATCACCGGGTAAATACATCCAGGGCGCTGATGTGATTAATCGTCTGGGCGAATACCTGAAGCCGCTGGCAGAACGCTGGTTAGTGGTGGGTGACAAATTTGTTTTAGGTTTTGCTCAATCCACTGTCGAGAAAAGCTTTAAAGATGCTGGACTGGTAGTAGAAATTGCGCCGTTTGGCGGTGAATGTTCGCAAAATGAGATCGACCGTCTGCGTGGCATCGCGGAGACTGCGCAGTGTGGCGCAATTCTCGGTATCGGTGGCGGAAAAACCCTCGATACTGCCAAAGCACTGGCACATTTCATGGGTGTTCCGGTAGCGATCGCACCGACTATCGCCTCTACCGATGCACCGTGCAGCGCATTGTCTGTTATCTACACCGATGAGGGTGAGTTTGACCGCTATCTGCTGTTGCCAAATAACCCGAATATGGTCATTGTCGACACCAAAATCGTCGCGGGCGCACCTGCACGTCTGTTAGCAGCGGGTATCGGCGATGCGCTGGCAACCTGGTTTGAAGCGCGTGCTTGCTCTCGTAGCGGCGCGACCACCATGGCGGGCGGCAAGTGCACCCAGGCGGCGCTGGCACTGGCTGAACTGTGCTACAACACCCTGCTGGAAGAAGGCGAAAAAGCGATGCTTGCCGCCGAACAGCATGTAGTAACCCCGGCGCTGGAGCGCGTGATTGAAGCGAACACCTATTTGAGCGGCGTTGGTTTTGAAAGCGGCGGGCTGGCGGCGGCTCACGCGGTGCATAACGGCCTGACCGCTATCCCGGACGCGCATCACTATTATCACGGTGAAAAAGTGGCATTTGGTACGCTGACGCAGCTGGTTCTGGAAAACGCACCGGTTGAGGAAATCGAAACCGTAGCTGCACTTAGCCATGCGGTAGGTTTGCCAATAACTCTCGCTCAACTGGATATTAAAGAAGATGTCCCGGCGAAAATGCGAATTGTGGCAGAAGCGGCATGTGCAGAAGGTGAAACCATTCACAACATGCCTGGCGGCGCGACGCCAGATCAGGTTTACGCCGCTCTGCTGGTAGCCGACCAGTACGGTCAGCGTTTCCTGCAAGAGTGGGAATAACCTACTCCAAACTCCCGGCTTGTCCGGGAGTTTGAACGCAAAATTGCCTGATGCGCTACGTTTATCAAGCCTACGAAATCTCTGCAATATATTGAATATGCGTGCTTTTGTAGGCCGGATAAGGCGTTCACTCCGCATCCGGCACTCTGTGCCAGTAATCTGAAACTCCCACGTTGTTCAGGAGTTTTTTATCCGCTTCTGGACATTTTCTCCACAGAACAATCGTTAGCCCGGAAGGTCGAATCTGTGACTCTTATTTTCACGGACGAACCAGATGAAAGCTTCACTGGCGCTGCTCAGCCTGCTAACGGCATTTACCAGCCACTCCTTAAAATCTCCCGCCGTTCCACCAACCGTGGTACAAATCCAGGCCAATACCAACCTTGCCATCGCAGACGGTGCCAGACAGCAAATCGGCAGCACGCTATTTTACGATCCGGCGTATATGCAGCTTACCTATCCTGGCGGTGATGTCCCGCAAGAACGCGGGGTATGTTCCGATGTGGTGATCCGTGCATTGCGCAGCCAGAAGGTCGATTTGCAGAAACTGGTGCACGAAGATATGGCGAAGAATTTTGCCGAGTACCCGCAAAAATGGCAGTTAAAGCGCCCGGACAGCAACATCGATCACCGTCGGGTGCCTAATCTGGAAACCTGGTTTACCCGCCACGATAAAACACGCCCCATCAGCAAGAACCCCAGTGACTATCAAGCGGGCGATATTGTCTCCTGGCGACTGGATAACGGACTGGCACATATTGGGGTGGTGTCAGATGGCTTCGCCCGCGACGGTACGCCGCTGGTGATACATAACATTGGCGCAGGCGCGCAGGAAGAAGATGTGCTGTTTAGCTGGCGGATGGTGGGGCATTATCGTTATTTTGTTAAATAAGCGATCGCCCCACATGAAGAAAAAATTCAGATGCTTTTTACACTGACAGCTTCTTTTTTCTTACGGCTCACCAGCGCCAGTGCCAGCACAATCAGCACAATACCGCTACCTTCAACGGCCCCCGGATTCTCACCGAGCAGCCACCAGGAAAAGAGTACGCCGCAAACGGGAACGGCCAGCGTGCTTAAGCTGGCAATACTGGCAGGCAAGTTTTTCAATACAAACAACCATAAGCTCCACGCCAGCGCCGTCGCCAGAATCGCACTGTAGGCCAGCGCCCAGAACACGGTGGGCTGCCAGTCAATTTCACGTTGCGGCACCAGTAAAGCGACCACACTCATCACCAGCGCCGCATAGAGCATCTGCCAGGATGTTAACGATAATAAATCCACGCGCGGATGACGGGTGTATAGGCGTTTAGCAACAATCGCGCTCGCCCCCCAACTGACGCCGGAGAGGATTGCCAGCATGGCACTTTTCATTGAAGAGAAATCGAGTTGCCACGGCTGCAACACCAAAAATAAGCCGAAAGCGGCAATCAGTATCGCGAAATATTGCCCACGTCGCAGGCGTTCACCGAGAAACAACGCGGCGAAAATCACCACCCAGAACGGCATGGTATAGCTTAGGATCGCCACCTTCCCCGCTCCGCCGCTGACCAGCGCCCACTGCGCCAGGCCAACCATCCCGCAGGTTTGTAACAGGGCAATGGCTAAGGTGTATTTAAACGGTGTCGGGCGCATTCCGCGACCACGTAATAAAAGGACGATGAATAAAACGAGAGCGCCGAAAATGCAGCGTAAGGCGGTAAAGTCGAAGGCACCGATG
NZ_CP010206.1_gap90	3914451	3918510	4059	ATGGACGTCAATACATCTGGACATCTAAACTTCTTTGCGTATAGATTGAGCAAATCCCAAATAGCCGTTAAAATTATATGCATTATCACGCCGACAGGTGCATTACACGATGTCACGGTAACGCCTGTACGGTAAACTATGCGGGTTTACGGTCAGTACCCACATAAATTGTGTGGTCTGGTCTCAATTTATTGACGAAGAGGATTAAGTATCTCATGGCTGAATGGAGCGGCGAATATATCAGCCCATACGCTGAGCACGGCAAGAAGAGTGAACAAGTCAAAAAGATTACGGTTTCCATTCCTCTTAAGGTGTTAAAAATCCTCACCGATGAACGCACGCGTCGTCAGGTGAACAACCTGCGTCACGCTACCAACAGCGAGCTGCTGTGCGAAGCGTTTCTGCATGCCTTTACCGGGCAACCTTTGCCGGATGATGCCGATCTGCGTAAAGAGCGCAGCGACGAAATCCCGGAAGCGGCAAAAGAGATCATGCGTGAGATGGGGATTAACCCGGAGACGTGGGAATACTAAAGCGGAAAAGAGCGGCGCGGAGTTAACCAGCCGCTTTTTTCATACAAGGACGTTTAACGATGAAAATCAGGCTACTGATCCTCAGCCTGCTGGTTTCTGTGCCTGCCTTTGCCTGGCAGCCGCAAACTGGCGACATCATCTTTCAGATCTCTCGCTCATCGCAAAGTAAAGCGATCCAACTGGCGACCCATTCCGATTACAGCCACACCGGTATGCTGGTGATGCGTAACAAAAAGCCCTACGTTTTTGAAGCGGTCGGCCCGGTGAAATACACCCCGCTCAAGCAGTGGATTGCCCATGGTGAAAAGGGCAAATACGTCGTTCGCCGCGTTGAAGGCGGACTGAGTGTTGAACAACAGCAAAAACTGGCGCAAACGGCAAAACGTTATCTCGGTAAACCGTATGATTTCAGCTTCTCATGGAGCGACGATCGCCAGTACTGTTCGGAAGTGGTGTGGAAGGTTTACCAGAACGCGCTGGGAATGCGCGTGGGCGAACAGCAGAAGTTGAAAGAGTTTGATCTCAGCAACCCGCTGGTCCAGGCGAAGCTCAAAGAACGCTACGGTAAAAATATTCCGCTTGAGGAAACGGTAGTTTCACCACAAGCCGTTTTCGACGCGCCACAACTCACCACGGTTGCCAAAGAGTGGCCGCTGTTTTCGTGGTAATGGATGATGAAAAAAATAATTCCCGCCGTAGTCTGTTTGTTGCTTTGTAGTTGCACGACCTTTCCGCAAGCTGTCGCTCCGGTAAACGGTGATGCCTCCAATTAGTTGAATTAAGGATATAATACTCGCTTTTAAGGTTGTTTCATGGTCACAGTTAACCTTCATTGCCCCCGTTGCCAGTCCGTTCAGGTTTACCGTCACGGGCAGAACCCAAAAAGACATGATCGATTCCGCGGCCGTGACTGTCACCGGGTATTTCAGCTCAGTTACTGTTACGAGCCCCGTAAACCGGGAGTTAAAGACCAAATCGCTGAAATGACTTTCAACGGTGCCGGGGTTCGCGATACTGCCCGTACGCTGAAAATCGGCATTAATACAGTCATCCGAACTTTAAAAAACTCTCGCCACGAAGAATAACGTCATCCCCGGTCGCTCATGCTGATGTGGCACTCATCTGCAAACTTAGTCAGCAATGGAGCTTTGTCGGCAGTAAAGCGCGACAGCACTGGCTCTGGTACGTGTACAACACGAAAACTGGTGGTGTTCTGGCCTACACTTTTGGCCCCCGGACTGACGAAACCTGTCGTGAATTGCGGGCGCTGCTTACCCTTTTACCATCGGCATGTTGACCACTGACGAATGGGGTAGTTACGCTAGAGAGTTACCGAAGGAGAAGCATCTGACTGGTAAGATTTTTACTCAGCACATTGAGCGTAACAATCTGACCCTGAGAACCCGAATCAAACGTCTGGCCCGCAGAACCATCTGTTTCTCGCGTTCTGTAGAACTTCATGAAAAAGTCATCGGTGCTTTTATCGAAAATATATGTTCTACTAATTGGAGTCATCACCCTTCTGATAAGCTTTCCTTGGATGATTACCAGACTGAATACACAGCCAAAGATTTTTACCTCATTCTGCTCTTTTTTCTCAAATGACATATATTATATTTTACATCATATTCATAGGCATATGACATTCCCCCGCCCCCCATTATGTCATTGTGGGTTGATGTTGGGCTTTCATAAAAAAAAACATCTTTTTTTGAACTAGCATTAATTATATTTACTTTATATATTAAAATATTTTCTCCATCTGGAAATATTTTAGCCACACAATATAAAGCAGCTGAATCCGAATTACTTAAAAATATATTATCATCACCCATAACTCCAGCCATTAAATGACTGGAGACTAAAGCAAGGAAATAACAACATTGTATTGCCTTCATTTTAATTACTCCCTTGCCTGATAATTGTAACTCCATTCCCTTTAGCTTTGGGATTATATTTTAGATAGGTGTTATTTGGTGTTCCCAAGTAACTACTGTATTCTTTTTTTCCCATTCCATTCATATAAGAATTCGTTAAATCTTTGCTTGAAAAATTTAGACTATCATAAACATCATTTTCTTTTGTTACTTTATTTCCTTTATCGTCAGAGTAAAAACCGTGAGTGTGATAATCGCCTACTCTCTCTGAACCTTCAGGGCATTTTATATTTCGCAAGTCTACACTATCATTATCATTTGAACTTATCGGATTCATGGGGAAATATTCACCTTGCTTCTTACATATTAGTCCACCATATTCTTTATTCTCGTTAATTGATTCTCCATTACACATTGCCAATGCAAATATTCCAATATCATCTATATTTTTTGATTTAAATTCATATAATCCTAATGGATCCATGCTATTCACCGGGCTCAGCGGATATGTATACAGGTTCCATCCCCCCTTCAGCCCAATCGGATCCTGAGTGATATACCGCCCCTGCAGCGGGTCATAATAGCGGTGGCGGTTGTAATACAGGCCGGACTCCTCATCATACTGCTGCCCCGGCAGGCGGATAAGCTGCTGCAGCTGATGCGGGTTCTCTTCATTCAGCAGGTTGCCCCATTCATCGTATTCTGCGCACCATTCTGTTGTCCCTTCCTTGCTGATAAGGGCCAGCGGCAGGCCGCGATGGTCGCAGTGGTACAGGTGGATTTTTCGCGCCGGCGTGTACACCGGGTCCATCTGGTTTTGCATCTGCTCCACGGTCAGGCCGCACGATGCCAGCCAGCGGCGGCTTTCCTCACTCACCCGGTCAGCCAGGATTTCACTTTCCAGCCGGTCGAGCATCTGCACCAGCACCGGCGGGAACACCACACTGCCACCGTCTTCGCCGCCGGACTGCTGAAGCGCATCCGCCAGGCTGCGGCGCTGCGTTCTGGCCAGTTCACCGGTGGCAGTTTCAACTCTGATGAGTGGTGTGAAGCTCCCCGGCTGATAAATCGTCTGGATGCGGCTCCTGTCGTTCTGTATCGTGGTCAGCCGGTCGCCGTCCCAGCCGTACCAGGTCACTTGCGGTTTCCGTGACAGCGACATCCAGCCCGTCAGGTCCCGTTCACGCCGCCATACCCGTTTTGCCACCCTGCGGCCCAGCGGGTCGTAAAGATAGCGACTTTCGACCAGCGGCTCTGCATATTGTGTCCGCGTGTAGTGCACCAGCCGGTGCTGACTGTCGTAATGGTACCGGTGGGTGCGCTCATCATCCGTACGGATACCCCCTTCCGGGATGAGGTCGGTTTTCTCCGTCAGCCTGCCGTAACGGTCATACCGGTAAAGATAGTGCGCGTCACGGGCGATACGGTTATCCGGCCACATGCTGAGGGTGCTGTCCGGGTGCAGCTCCGGGTCGGGCAGGCGGTTACCTGCCGGGTCTGTGGCATACGGGATGCGGATATCAAGGTTCGCTGCGGTGGTGTGAACGCCGGTCAGCCTGCCGGTGGTGCTGTAGCTGTAACTCCGGGTCTGGCGCGGGCTGCTGATGCGGATGAGTTCGCCGTTGTCGTTCCAGGTGTAATCGCGGTCA
NZ_CP010206.1_gap91	3926084	3928352	2268	TCCCCCCCATCTATAATTGCATTATGCCCCGTACTTTTGTACGGGGTTTGTACTCTGTATTCGTAACCAAGGGGTCAGCTCGTGACAACTATAGTAAGCGTACGCCGTAACGGCCATGTGGTCATCGCTGGTGATGGTCAGGCCACGTTGGGCAATACCGTAATGAAAGGCAACGTGAAAAAGGTCCGCCGTCTGTACAACGACAAAGTCATCGCGGGCTTTGCGGGCGGTACTGCGGATGCTTTTACGCTGTTCGAACTGTTTGAACGTAAACTGGAAATGCATCAGGGCCATCTGGTCAAAGCCGCCGTTGAGCTGGCGAAAGACTGGCGTACCGATCGCATGCTGCGCAAACTTGAAGCACTGCTGGCAGTCGCGGATGAAACTGCATCGCTTATCATCACCGGTAACGGTGACGTGGTGCAGCCAGAAAACGATCTTATTGCTATCGGCTCCGGCGGCCCTTACGCCCAGGCTGCGGCGCGTGCACTGTTAGAAAATACTGAACTGAGTGCTCGTGAAATTGCTGAAAAGGCGTTGGATATTGCAGGCGACATTTGCATCTATACCAACCATTTCCACACCATCGAAGAATTAAGCTACAAAGCGTAAGGATCTCCCATGTCTGAAATGACCCCACGCGAAATCGTCAGCGAACTGGATAAGCACATCATCGGCCAGGACAACGCCAAGCGTTCTGTGGCGATTGCTCTGCGTAACCGCTGGCGTCGCATGCAGCTCAACGAAGAGCTGCGCCATGAAGTGACCCCGAAAAATATCCTGATGATCGGCCCGACCGGTGTCGGTAAAACTGAAATCGCCCGTCGTCTGGCTAAGCTGGCGAATGCGCCGTTCATCAAAGTTGAAGCGACCAAATTCACCGAAGTGGGCTACGTCGGTAAGGAAGTGGATTCTATTATTCGCGATCTGACCGATGCCGCCGTGAAAATGGTACGCGTCCAGGCTATCGAGAAAAACCGTTATCGCGCTGAAGAACTGGCAGAAGAACGTATTCTCGACGTGCTGATCCCACCTGCTAAAAACAACTGGGGACAGACCGAACAGCAGCAGGAACCGTCCGCTGCTCGTCAGGCATTCCGCAAAAAACTGCGTGAAGGCCAGCTTGATGACAAAGAAATCGAGATCGATCTTGCCGCAGCACCGATGGGCGTTGAAATTATGGCTCCTCCAGGCATGGAAGAGATGACCAGCCAGCTGCAGTCCATGTTCCAGAACCTGGGCGGCCAGAAGCAAAAAGCGCGTAAGCTGAAAATCAAAGACGCCATGAAGCTGCTGATTGAAGAAGAAGCGGCGAAACTGGTGAACCCGGAAGAGCTGAAGCAAGACGCTATCGACGCTGTTGAGCAGCACGGGATCGTGTTTATCGACGAAATCGACAAAATCTGTAAGCGCGGCGAGTCTTCCGGTCCGGATGTTTCTCGTGAAGGCGTTCAGCGTGACCTGCTGCCGCTGGTAGAAGGTTGCACCGTTTCCACCAAACACGGGATGGTCAAAACTGACCACATTCTGTTTATCGCTTCTGGCGCGTTCCAGATTGCGAAACCGTCTGACCTGATCCCGGAACTGCAAGGTCGTCTGCCAATCCGCGTTGAACTGCAGGCGCTGACCACCAGCGACTTCGAGCGTATTCTGACCGAGCCGAATGCCTCTATCACCGTGCAGTACAAAGCACTGATGGCGACTGAAGGCGTAAATATCGAGTTTACCGACTCCGGTATTAAGCGCATCGCGGAAGCGGCATGGCAGGTGAACGAATCTACCGAAAACATCGGTGCTCGTCGTTTACACACTGTTCTGGAGCGTTTAATGGAAGAGATTTCCTACGACGCCAGCGATTTAAGCGGTCAAACTATCATCATTGACGCAGATTATGTGAGCAAACATCTGGATGCGTTGGTGGCAGATGAAGATCTGAGCCGTTTTATCCTATAATCGCGTTCAATCATTTTCATCATTGTTTGATGGGGCTGAAAGGCCCCATTTTTATTGGCGCGTATTATGACTGAACAACAAATTAGCCGAACTCAGGCGTGGCTGGAAAGTTTACGACCTAAAACCCTCCCCCTCGCCTTTGCTGCAATTATCGTCGGGACGGCGCTGGCATGGTGGCAAGGTCACTTCGATCCGCTGGTCGCCCTGCTGGCACTAATTACCGCCGGGCTATTACAGATCCTTTCTAACCTCGCCAATGATTACGGCGATGCGGTAAAAGGCAGCGATAAACCTGACCGCATTGGGCCGCTACGC
NZ_CP010206.1_gap92	3949130	3953914	4784	AAGGTTAATCGACAGCACGATTTTTACACTCATCTCGTCGGAGATGTGAAGCGACGAAAAATGATGAGGATAAGAAGATGAGTAACGCGATTACGATGGGGATATTTTGGCATTTGATCGGCGCGGCCAGTGCAGCCTGTTTTTACGCTCCGTTCAAAAAAGTAAAAAAATGGTCATGGGAAACCATGTGGTCAGTCGGTGGGATTGTTTCGTGGATTATTCTGCCGTGGGCCATCAGCGCCCTGTTACTACCGAATTTCTGGGCGTATTACAGCTCGTTTAGTCTCTCTACGCTGCTGCCTGTTTTTCTGTTCGGCGCTATGTGGGGGATCGGTAATATCAACTATGGCCTGACCATGCGTTATCTCGGCATGTCGATGGGAATTGGCATCGCCATTGGCATTACGTTGATTGTCGGTACGCTGATGACGCCAATTATCAACGGCAATTTCGATGTGCTGATTAACACCGAAGGCGGACGCATGACGTTGCTCGGCGTTCTGGTGGCGCTGATTGGCGTAGGGATTGTAACTCGAGCCGGGCAGTTGAAAGAGCGCAAGATGGGCATTAAAGCCGAAGAGTTCAATCTGAAAAAAGGGCTGGTGCTGGCGGTGATGTGCGGCATTTTCTCTGCCGGGATGTCCTTTGCGATGAACGCCGCAAAACCGATGCATGAAGCCGCTGCCGCACTAGGCGTCGATCCACTGTATGTCGCTCTGCCAAGCTATGTCATCATCATGGGCGGCGGCGCGATCATCAACCTCGGTTTCTGTTTTATTCGTCTGGCAAAAGTGAAGGATTTGTCGCTAAAAGCCGACTTCTCGCTGGCAAAACCGCTGATCACTCACAATGTGTTACTCTCAGCACTGGGCGGGTTGATGTGGTATCTGCAATTCTTTTTCTATGCCTGGGGCCACGCCCGCATTCCGGCGCAATATGACTACATCAGTTGGATGCTGCATATGAGCTTCTATGTATTGTGCGGCGGTATCGTCGGGCTGGTGCTGAAAGAGTGGAACAATGCAGGACGCCGTCCGGTAACGGTGTTGAGCCTCGGTTGTGTGGTGATTATTGTCGCCGCTAACATCGTCGGCATCGGCATGGCGAATTAATCTTTCTGCGAATTGAGATGACGCCACTGGCTGGGCGTCATCCCGGTTTCCCGGGTAAACACCACCGAAAAATAGTTACTATCTTCAAAGCCACATTCGGTCGAAATATCACTGATTAACAGGCGGCTATGCTGGAGAAGATATTGCGCATGACACACTCTGACCTGTCGCAGATATTGATTGATGGTCATTCCAGTCTGCTGGCGAAATTGCTGACGCAAAACGCGCTCACTGCACGATGCCTCATCACAAAATTTATCCAGCGCAAAGGGACTTTTCAGGCTAGCCGCCAGCCGGGTAATCAGCTTATCCAGCAACGTTTCGCTGGATGTTGGCGGCAACGAATCACTGGTGTAACGATGGCGATTCAGCAACATCACCAACTGCCCGAACAGCAACTCAGCCATTTCGTTAGCAAACGGCACATGCTGACTACTTTCATGCTCAAGCTGACCGATAACCTGCCGCGCCTGCGCCATCCCCACGCTACCTAAGCGCCAGTGTGGTTGCCCTGCGCTGGCGCTAAATCCCGGAATCGCCCCCTGCCAGTCAAGATTCAGCTTCAGACGCTCCGGGCAATAAATAATATTCTGCAAAACCAGATCGTTAACGGAAGCGTAGGAGTGTTTATCGTCAGCATGAATGTAAAAGAGATCGCCACGGGTAATGCGATAAGGGCGATCGTTGAGTACATGCAGGCCATTACCGCGCCAGACAATCACCAGCTCACAAAAATCATGTGTATGTTCAGCAAAGACATCTTGCGGATAACGGTCAGCCACAGCGACTGCCTGCTGGTCGCTGGCAAAAAAATCATCTTTGAGAAGTTTTAACTGATGCGCCACCGTGGCTACCTCGGCCAGAGAACGAAGTTGATTATTCGCAATATGGCGTACAAATACGTTGAGAAGATTCGCGTTATTGCAGAAAACCATCCCGTCCCTGACGAATATCACGCGGTGACCAGTTAAACTCTCGGCGAAAAAGCGTCGAAAAGTGGTTACTGTCGCTGAATCCACAGCGATAGGCGATGTCAGTAACGCTGGCCTCGCTGTGGCGTAGCAGATGTCGGGCTTTCATCAGTCGCAGGCGGTTCAGGTATCGCTGAGGCGTCAGTCCCGTTTGCTGCTTAAGCTGCCGATGTAGCGTACGCAGTGAAAGAGAAAATTGATCCGCCACGGCATCCCAATTCACCTCATCGGCAAAATGGTCCTCCAGCCAGGCCAGAAGCAAGTTGAGACGTGATGCGCTGTTTTCCAGGTTCTCCTGCAAACTGCTTTTACGCAGCAAGAGCAGTAATTGCATAAACAAGATCTCGCGACTGGCGGTCGAGGGTAAATCATTTTCCCCTTCCTGCTGTTCCATCTGTGCAACCAGCTGTCGCACCTGCTGCAATACGCTGTGGTTAACGCGCCAGTGAGACGGATACTGCCCATCCAGCTCTTGTGGCAGCAACTGATTCAGCCCGGCGAGAAACTGAAATCGATCCGGCGAGCGATACAGCACATTGGTCAGACACAGATTATCGGTATGTTCATACAGATGCCGATCATGATTGCGTACGAAACAGACCGTGCCACCGGTGATGGTATAGGGCTGCCCATTAAACACATGAATACCCGTGCCATGTTCGACAATCACAATTTCATGAAAATCATGATGATGTTCAGGAAAATCCGCCTGAGGGAGCCGGGGTTCTATCGCCACGGACGCGTTACCAGACGGAAAAAAATCCACACTATGTAATACGGTCATACTGGCCTCCTGATGTCGTCAACACGGCGAAATAGTAATCACGAGGTCAGGTTCTTACCTTAAATTTTCGACGGAAAACCACGTAAAAAACGTCGATTTTTCAAGATACAGCGTGAATTTTCAGGAAATGCGGTGAGCATCACATCACCACAATGAAGCAAATTGTGAACATCATCACGTTCATCTTTCCCTGGTTGCCAATGGCCCATTTTCCTGTCAGTAACGAGAAGGTCACGAATTCAGGCGCTTTTTAGACTGGTCGTAATGAAATTCAGCAGGATCACATTATGACCTTTCGCAATTGTGTCGCCGTCGATCTCGGCGCATCCAGTGGGCGCGTGATGCTGGCGCGTTACGAGCGTGAATGCCGCAGCCTGACGCTGCGCGAAATCCATCGTTTTAAAAATGGGCTGCATAGCCAGAACGGTTATGTCACCTGGGATGTGGATAGCCTGGAAAGTGCCATTCGCCTTGGATTAAACATGGTGTGTGAGGAAGGGATTCGTATCGATAGCATTGGGATTGATACCTGGGGCGTGGACTTTGTGCTGCTCGACCAACAGGGTCAGCGTGTGGGCCTGCCCGTTGCTTATCGCGATAGCCGCACCAATGGCCTAATGGCGCAGGCACAGCAACAACTCGGCAAACGCGATATTTATCAACGTAGCGGCATCCAGTTTCTGCCCTTCAATACGCTTTATCAGTTGCGTGCGCTGACGGAGCAACAACCTGAACTTATTCCACACATTGCTCACGCTCTGCTGATGCCGGATTACTTCAGTTATCGCCTGACCGGCAAGATGAACTGGGAGTACACCAATGCCACCACCACACAACTGGTCAATATCAATAGCGACGACTGGGACGAGTCGCTACTGGCGTGGAGCGGGGCCAACAAAGCCTGGTTTGGTCGCCCGACGCATCCGGGTAATGTCATTGGGCACTGGATTTGCCCGCAGGGTAATGAGATTCCGGTGGTCGCCGTTGCCAGCCATGATACCGCCAGCGCGGTTATCGCCTCGCCGTTAAACGGTTCACGCGCCGCTTATCTCTCTTCTGGCACCTGGTCATTGATGGGCTTCGAAAGCCAGACGCCATTTACCAATGACACGGCGCTGGCAGCCAACATCACCAATGAAGGCGGGGCGGAAGGTCGCTATCGGGTGCTGAAAAATATTATGGGCTTATGGCTGCTTCAGCGAGTGCTTCAGGAACGGCAAATCAACGATCTCCCGGCGCTTATCGCCGCGACACAGGCACTTCCGGCCTGTCGCTTCATCATCAATCCCAATGACGATCGCTTTATTAATCCTGAAGCGATGTGCAGCGAAATTCAGGCTGCGTGTCGGGAAACGGCGCAACCGATCCCGGAAAGTGATGCTGAACTGGCGCGCTGTATTTTCGACAGTCTGGCGCTGCTGTATGCCGATGTGTTGCATGAGCTGGCGCAGCTGCGCGGTGAAGATTTCTCGCAACTGCATATTGTCGGCGGCGGCTGCCAGAACACGCTGCTCAACCAGCTATGCGCCGATGCCTGCGGTATTCGGGTGATCGCCGGGCCTGTTGAAGCCTCAACGCTCGGCAATATCGGCATCCAGTTAATGACGCTGGATGAACTCAACAATGTGGATGATTTCCGTCAGGTCGTCAGCACCACCGCGAATCTGACCACCTTTACCCCTAATCCTGACAGTGAAATTGCGCACTACGTGGCGCGGATTCACTCTACACGAAAGACAAAGGAGCTTTGCGCATGACCACTCAACTGGAACAGGCCTGGGAGCTGGCGAAACAGCGTTTCGCGGCGGTGGGGATTGATGTCGAGGAGGCGCTGCGCCAACTTGATCGTTTACCCGTTTCAATGCACTGCTGGCAGGGCGATGATGTTTCCGGTTTTGAAAACCCGGAAGGTTCATT
NZ_CP010206.1_gap93	3965487	3967389	1902	AAGTTGACTCGTCGAAGATCCAGACCGAAGTGTTCCGTCTGCCATCGACCTGCTTCGCAGAAGAGAACGGTTCAATCGTTAACTCAGGTCGCTGGTTGCAGTGGCACTGGAAAGGTGCGGACGCCCCGGGGATTGCGCTGACTGATGGCGAGATCCTCTCCGGTATCTTCCTGCGCTTGCGCAAGATGTATGCCGAACAGGGTGGCGCGAACCCGGACCAGGTGCTGAACATGACCTGGAACTACGCCATTCCGCATGAGCCGAAGTCGGAAGAAGTAGCGATGGAGAGCAACGGTAAGGCGCTGGCCGATATTACCGATCCGGCAACCGGTGCGGTTATCGTCAAGAAAGGCCAACAACTTAGCTCGTTCGCCCAATTGCGCGATGACGGTACAACCTCCTGTGGCTGCTGGATTTTCGCCGGTAGCTGGACGCCGGAAGGCAACCAGATGGCGCGTCGTGATAACGCCGATCCGTCTGGCCTCGGTAACACGCTGGGCTGGGCATGGGCATGGCCGCTTAACCGCCGCATTCTGTATAACCGCGCCTCCGCAGATCCGCAGGGTAACCCGTGGGATCCGAAGCGTCAGTTGCTGAAATGGGACGGCACTAAGTGGACCGGCTGGGATATTCCGGACTACAGCGCAGCGCCTCCGGGTAGCGGCGTCGGGCCGTTTATCATGCAGCAGGAAGGCATGGGGCGTCTGTTTGCCCTCGATAAGATGGCGGAAGGTCCGTTCCCGGAACACTACGAGCCGTTTGAAACGCCGCTGGGAACTAACCCGCTGCATCCAAACGTTATCTCGAACCCGGCTGCACGTATCTTTAAAGACGACGCCGAAGCATTGGGTAAAGCCGATAAGTTCCCGTATGTCGGAACCACCTATCGTCTGACCGAGCATTTCCACTACTGGACCAAACACGCGCTGTTGAACGCGATTTTGCAACCAGAGCAGTTTGTGGAAATCGGGGAGTCGCTGGCGAATAAACTTGGCATTGCCCAGGGCGATACCGTGAAAGTCTCCTCCAACCGTGGCTATATCAAGGCCAAAGCGGTGGTGACCAAACGTATTCGTACACTGAAAGCGAACGGCAAAGATATCGATACCATCGGTATTCCGATTCACTGGGGCTATGAAGGCGTAGCTAAAAAAGGCTTTATTGCCAATACGTTAACGCCATTCGTTGGTGATGCGAACACGCAGACGCCGGAGTTTAAGTCCTTCCTTGTGAATGTGGAAAAGGTGTAACGGAGACGACATATGGCTTATCAATCTCAAGATATCATTCGTCGTTCCGCGACTAACGGTCTGACCCCCGCGCCTCAGGCGCGGGACTTCCAGGAAGAAGTGGCGAAACTCATCGACGTCACCACCTGTATCGGCTGTAAAGCCTGTCAGGTGGCGTGTTCAGAGTGGAACGACATTCGCGATACCGTCGGCAATAACATTGGGGTGTACGACAACCCCAATGATTTAAGCGCCAAATCGTGGACGGTAATGCGCTTCTCGGAAGTGGAGCAGAACGACAAACTGGAATGGCTGATCCGCAAAGACGGCTGTATGCACTGTTCCGATCCAGGCTGCCTGAAAGCGTGCCCGGCGGAAGGTGCAATTATTCAGTATGCCAACGGTATCGTCGACTTCCAGTCCGAGCAGTGCATTGGCTGCGGTTATTGCATTGCGGGCTGTCCGTTCGACATTCCGCGCCTCAACCCGGAAGACAACCGCGTCTACAAATGTACGCTGTGCGTTGACCGCGTGGTGGTTGGGCAAGAACCAGCCTGCGTGAAGACCTGCCCAACGGGCGCGATTCACTTCGGTACGAAAGAGTCGATGAAAACGCTGGCGAGCGAGCGCGTTGCTGAGCTGAAAACCCGCGGTTACGACAATGCGGGTCTGT
NZ_CP010206.1_gap94	4007656	4009390	1734	TACGCACCATGATATGGATGTTGATAAGCCAGGCAAAGATAGCTATGAGCTGCGCAAGGCTGGCGCGGCACAAACCATCGTTGCCAGCCAGCAACGATGGGCCTTGATGACGGAAACACCAGACGAAGAAGAGCTGGATCTACAGTTTCTCGCAAGTCGAATGGATACCTCAAAGCTGGATTTGATTCTGGTCGAAGGGTTTAAGCATGAAGAGATCGCAAAGATTGTGCTGTTTCGCGATGGAGCCGGACATCGACCTGAAGAATTAGTGATAGACAGGCATGTTATTGCTGTAGCCAGTGATGTGCCGCTTAATCTTGATGTCGCATTACTGGATATTAATGATGTTGAGGGGCTGGCTGATTTTGTGGTGGAGTGGATGCAAAAGCAGAACGGATAAGCAAGAGTAGGCTGGATAAGACGCGCCAGCGTCGCATCCGGCATTTTTTTCTGCGCCAATGCAAAAAGGCCATCCTGACGGATGGCCTTCTGCTTAATTTGATGCCTGGCAGTTCCCTACTCTCGCATGGGGAGACCCCACACTACCATCGGCGCTACGGCGTTTCACTTCTGAGTTCGGCATGGGGTCAGGTGGGACCACCGCGCTACGGCCGCCAGGCAAATTCTGTTTTATCAGACCGCTTCTGCGTTCTGATTTAATCTGTATCAGGCTGAAAATCTTTCTCTCATCCGCCAAAACAGCTTCGGCGTTGTAAGGTTAAGCCTCACGGTTCATTAGTACCGGTTAGCTCAACGCATCGCTGCGCTTACACACCCGGCCTATCAACGTCGTCGTCTTCAACGTTCCTTCAGGACTCTCAAGGAGTCAGGGAGAACTCATCTCGGGGCAAGTTTCGTGCTTAGATGCTTTCAGCACTTATCTCTTCCGCATTTAGCTACCGGGCAGTGCCATTGGCATGACAACCCGAACACCAGTGATGCGTCCACTCCGGTCCTCTCGTACTAGGAGCAGCCCCCCTCAGTTCTCCAGCGCCCACGGCAGATAGGGACCGAACTGTCTCACGACGTTCTAAACCCAGCTCGCGTACCACTTTAAATGGCGAACAGCCATACCCTTGGGACCTACTTCAGCCCCAGGATGTGATGAGCCGACATCGAGGTGCCAAACACCGCCGTCGATATGAACTCTTGGGCGGTATCAGCCTGTTATCCCCGGAGTACCTTTTATCCGTTGAGCGATGGCCCTTCCATTCAGAACCACCGGATCACTATGACCTGCTTTCGCACCTGCTCGCGCCGTCACGCTCGCAGTCAAGCTGGCTTATGCCATTGCACTAACCTCCTGATGTCCGACCAGGATTAGCCAACCTTCGTGCTCCTCCGTTACTCTTTAGGAGGAGACCGCCCCAGTCAAACTACCCACCAGACACTGTCCGCAACCCGGATCACGGGTCCACGTTAGAACATCAAACATTAAAGGGTGGTATTTCAAGGTCGGCTCCATGCAGACTGGCGTCCACACTTCAAAGCCTCCCACCTATCCTACACATCAAGGCTCAATGTTCAGTGTCAAGCTATAGTAAAGGTTCACGGGGTCTTTCCGTCTTGCCGCGGGTACACTGCATCTTCACAGCGAGTTCAATTTCACTGAGTCTCGGGTGGAGACAGCCTGGCCATCATTACGCCATTCGTGCAGGTCGGAACTTACCCGACAAGGAATTTCGCTACCTTAGGACCGTTATAGTTACGGCCGCCGTTTACCGGGGCTTCGAT
NZ_CP010206.1_gap95	4011062	4015083	4021	CTCGGGGTACTTAGATGTTTCAGTTCCCCCGGTTCGCCTCATTAACCTATGGATTCAGTTAATGATAGTGTGACGAATCACACTGGGTTTCCCCATTCGGAAATCGCCGGTTATAACGGTTCATATCACCTTACCGACGCTTATCGCAGATTAGCACGTCCTTCATCGCCTCTGACTGCCAGGGCATCCACCGTGTACGCTTAGTCGCTTAACCTCACAACCCGAAGATGTTTCTTGCGATTCATCATCGTGTTGCGAAAATTTGAGAGACTCACGAACAACTTTCGTTGTTCAGTGTTTCAATTTTCAGCTTGATCCAGATTTTTAAAGAGCAAACTTCGCAGTGAACCTTTGCAGGTACACTCTGAAGTATTTTTTATTTAATCACTACAGAGATGGTGGAGCTATGCGGGATCGAACCGCAGACCTCCTGCGTGCAAAGCAGGCGCTCTCCCAGCTGAGCTATAGCCCCATAACATGTAGTTAAAACCTCTTCAAATTTGCCGTGCAAATTTGGTAGGCCTGAGTGGACTTGAACCACCGACCTCACCCTTATCAGGGGTGCGCTCTAACCACCTGAGCTACAAGCCTGTAGAGGTTTTACTGCTCATTTTCATCAGACAATCTGTGTGAGCACTTCAAAGTACGCTTCTTTAAGGTAAGGAGGTGATCCAACCGCAGGTTCCCCTACGGTTACCTTGTTACGACTTCACCCCAGTCATGAATCACAAAGTGGTAAGCGCCCTCCCGAAGGTTAAGCTACCTACTTCTTTTGCAACCCACTCCCATGGTGTGACGGGCGGTGTGTACAAGGCCCGGGAACGTATTCACCGTGGCATTCTGATCCACGATTACTAGCGATTCCGACTTCATGGAGTCGAGTTGCAGACTCCAATCCGGACTACGACGCACTTTATGAGGTCCGCTTGCTCTCGCGAGGTCGCTTCTCTTTGTATGCGCCATTGTAGCACGTGTGTAGCCCTGGTCGTAAGGGCCATGATGACTTGACGTCATCCCCACCTTCCTCCAGTTTATCACTGGCAGTCTCCTTTGAGTTCCCGGCCGGACCGCTGGCAACAAAGGATAAGGGTTGCGCTCGTTGCGGGACTTAACCCAACATTTCACAACACGAGCTGACGACAGCCATGCAGCACCTGTCTCACGGTTCCCGAAGGCACATTCTCATCTCTGAAAACTTCCGTGGATGTCAAGACCAGGTAAGGTTCTTCGCGTTGCATCGAATTAAACCACATGCTCCACCGCTTGTGCGGGCCCCCGTCAATTCATTTGAGTTTTAACCTTGCGGCCGTACTCCCCAGGCGGTCGACTTAACGCGTTAGCTCCGGAAGCCACGCCTCAAGGGCACAACCTCCAAGTCGACATCGTTTACGGCGTGGACTACCAGGGTATCTAATCCTGTTTGCTCCCCACGCTTTCGCACCTGAGCGTCAGTCTTCGTCCAGGGGGCCGCCTTCGCCACCGGTATTCCTCCAGATCTCTACGCATTTCACCGCTACACCTGGAATTCTACCCCCCTCTACGAGACTCAAGCTTGCCAGTATCAGATGCAGTTCCCAGGTTGAGCCCGGGGATTTCACATCTGACTTAACAAACCGCCTGCGTGCGCTTTACGCCCAGTAATTCCGATTAACGCTTGCACCCTCCGTATTACCGCGGCTGCTGGCACGGAGTTAGCCGGTGCTTCTTCTGCGGGTAACGTCAATGAGCAAAGGTATTAACTTTACTCCCTTCCTCCCCGCTGAAAGTACTTTACAACCCGAAGGCCTTCTTCATACACGCGGCATGGCTGCATCAGGCTTGCGCCCATTGTGCAATATTCCCCACTGCTGCCTCCCGTAGGAGTCTGGACCGTGTCTCAGTTCCAGTGTGGCTGGTCATCCTCTCAGACCAGCTAGGGATCGTCGCCTAGGTGAGCCGTTACCCCACCTACTAGCTAATCCCATCTGGGCACATCCGATGGCAAGAGGCCCGAAGGTCCCCCTCTTTGGTCTTGCGACGTTATGCGGTATTAGCTACCGTTTCCAGTAGTTATCCCCCTCCATCAGGCAGTTTCCCAGACATTACTCACCCGTCCGCCACTCGTCAGCAAAGAAGCAAGCTTCTTCCTGTTACCGTTCGACTTGCATGTGTTAGGCCTGCCGCCAGCGTTCAATCTGAGCCATGATCAAACTCTTCAATTTAAAAGTTTGATGCTCAAAGAATTAAACTTCGTAATGAATTACGTGTTCACTCTTGAGACTTGGTATTCATTTTTCGTCTTGCGACGTTAAGAATCCGTATCTTCGAGTGCCCACACAGATTGTCTGATAAATTGTTAAAGAGCAGTTGCCGCTTCGCTTTTTCTCAGCGGCGCGGGGTGTGCATAATACGCTTTCCCGCTACAGAGTCAAGCATTTTTTGCTTTTCTCTGTTGAGATTCTCAGGAGAACCCCGCTGACCCGGCAACGTGTTTGCCGTTGTTCCGTGTCAGTGGTGGCGCATTATAGGGAGTTATTCCGGCCTGACAAGAGGAAATTTAAAATAATTTTCTGACCGCGCATTTTTTATTCTTTGTGCTTATTTCAGCGTCGGTTTGTCGGTTAAATGGGCGATTTCTCGGGCGAAATTCGCCACCTGCTCCCAATCGGTATAGACAACTTCTTTGCGCGTATCCGTTTCACCGCCTGACATCTTCATAATCAGCTTGATCATAAAACGGTCGTACCAGCGATAACGTGGGTAACGCAGCGCCCCGGCAATGACCGCGCAGCGATCGGGACGCCATTGCGAGTTCATCAGAAACTTCCGCGCGTAGCTGTTGGTCTGTGGAGTACGCTTCTCCGGTTTGCGCGCCACCAGGTTTACGGAATAAAAGGCGCTCGGCATCGAATTCAGTCGCGTCGCATGTTTTTTGACAAATTCCTGGAACGCAGAGTGGTAGTGACCATAGCGAATAGAAGCACCAATGACCACACGGTCATAATTTTCCCATTGTGGTTCTTCAATGCGGTGCACATTGGCGACATCCGTCTGGATCCCCAGTTCTTTCAGTTCCGAAGCCAGGTAGGAGGCAATCTCGCGCGTTTGTCCGTCCCTTGTTGAGAAAAGAATTAATGTTTTCACGTATTACTCCATCATTCACGCCAGAAAGTCGGGGTAAAGAGCACCAGCAATGTAAAGACCTCGAGACGACCAAACAGCATGTTGGCAATCAGGATCCATTTAGCCACCGGGTTCATACTGGTAAAGTTATCAGCAACCACGCCAAGCCCTGGCCCCAGGTTATTCAATGTCGCAACAACTGAGGCAAAGGCAGAAAAGTCATCCACGCCCGTGGCGATAATCGCCAGCATACTGACAATAAACACCAATGCATAGGCGGAGAAAAATCCCCAAACGGCTTCGAGGATACGTTCCGGCAGTGCGCGATTCCCCAGCTTAATGCTATAGACGGCGTTCGGATGCACCAGTCGTTTCAGCTCACGGTTCCCCTGCTTAAACAGCAGCAGGATGCGGATCACTTTCAGGCCACCGCCCGTTGACCCGGCACAACCGCCGATAAAAGCCGAACATAAAAGCAGTACCGGCAAAAAGAGCGGCCAGCGGGCAATGCTGTCAGTCGTAAACCCGGCGGTTGTCGCCATCGACACCACCTGGAAAAACGCCTGGTTAATTGTCATCAGCGCCGAACTGTAGACATTATGAAACCACAGTACGAGGGTACAAATAACCACCAGCGTAAACTGTACGCCGATAAACATGCGAAATTCCGGATCGCGCCAATAAACCTTCAGACTACGCCCACTTAACAGTGAAAAGTGCAGACCGTAGTTACAGCCGGAGATCAGCAGGAAGATAGCAATGATAGTGTTAATAGTCGGGCTATCGAAATAACCGATACTGGCATCATGTGTCGAGAAGCCGCCAATAGCGATAGTCGCAAAGCTATGGCCGATGGCATCAAAGGCATCCATTCCGGCAAACCACAACGCCAGCGCACAGGCGACGGTCAGCAAGACAT
NZ_CP010206.1_gap96	4016242	4017930	1688	CTCTTTTTGATCTCTTCAACGACCGTGACCGGTGCCGCAGGAATTAACCAGCTTTCCATCACGCCAGTTTCAGATCCCGGGTCATGTTTTCCACGTTGTTTTCGTGGATCACCACGTTGTCTTCGATACGAATGCCGCCGAACGGTTTCAGTGCTTCAATTTTCTGCCAGTTGAAGTGCTTGCTGAACTGCCCTTCACGCCACGGTGCCAGCAGCGATTCAATGAAGTAGATACCCGGTTCGATGGTTAACACCATGCCCGGCTGGAGAATACGGGTGCAGCGCAGGTACGGATATTTTGCCGGTGCCGCGAGGTGCGTACCGCTATCATCCTGCATAAAACCGGCTACGTCATGCACCTGCAGGCCCAGCGGATGGCCAATACCGTGCGGCATAAACGGTCCGGTGAGATCGTTTTCGACCATCGCTTCTTCACTCATATCGGTGATGATTTGATGTTTACGCAGCAGTTTGGCGATGCGCTGATGGAACTGGATGTGGTAATCCACATAGCTGACGCCTGCTTTCATGGTAGCGATCAGCGCCAGTTGTTCATCATTTACGTCTTTCACCAGCTGTGCGTAGTCGTTGTCACTTTTTGCCGACCAGGTACGGGTCAGGTCAGCCGCATAGCCGTTATATTCGGCCCCGGCATCCAGCAGGAAGCTGCGCATCTCTTCCGGTGCCTGGTGGTCCAGTTTGGTGTAATGCAACACCGCAGCGTGTTCGTTGAGCGCCACAATGTTGCTGTAAGGTACGTCGGTATCACGATGACCGGTCGCGGTCAGATAGGCAATGTTGATATCGAACTCGCTCATGCCAGAACGGAACGCTTCTTCTGCCGCGCGATGACCGTTGACCGCCATTTTCTGCGCTTCACGCATACAGGCCAGTTCGTACTCGGTTTTGAAGGAGCGGTAGTAATGCAGGTAGTCGATCACCCCTTTCGGGTTGATATTGCTGGCCTCAATACCCAGTTGCAGCGCACGTTCCGGCACCGGACCGATATAACCGATATTCCCGCGCGCAGCAGGCAGCAGGCTACCAATGCCATCGGCTTTCGGCAGCGCGATCACTTCCACGTCTTCAGTCCAGAAAGAGGTCGGCAGCGGTTCGACGTTGTGCCAGTAATCAACCGGCAGATAGAACCACAGTTTCGGCTTGTTCACGCCATCCACCAGCAGCCAGCAGTTTGGCACCTGAGTTACCGGCACCCACGCTTTGAATTGCGGGTTCACTTTAAACGGATAGGGATGATCGTCGAGAAAAACGTTGAACAGTTCGCCGGAGTGAATAAGTAACGCATCCAGCTTGAAGCGCGCCAGCGCATCGCGAGTCCGTTCCTGTAAGGTAGCTATATGATTTTTATAGAGTGAGGCCAGTGATTCCATTTTTTACCCTTCTGTTTTTTTGACCTTAAGTCTCCGCATCTTAGCACATCGTTCATCCAGAGCGTGATTTCTGCCGAGCGTGATCAGATCGGCATTTCTTTAATCTTTTATTTGCATATTTTTAACACAAAATACACACTTCGATGCATCTGGTACGACCAGATCACCTTGCGGATTCAGGAGACTGACATGCTTTACAAAGGCGACACCCTGTACCTTGACTGGCTGGAAGATGGCATTGCCGAACTGGTATTTGATGCCCCAGGTTCAGTTAATAAACTCGACACTGCGACCGTCG
NZ_CP010206.1_gap97	4106070	4109800	3730	CGCTTGTGCGGGCCCCCGTCAATTCATTTGAGTTTTAACCTTGCGGCCGTACTCCCCAGGCGGTCGACTTAACGCGTTAGCTCCGGAAGCCACGCCTCAAGGGCACAACCTCCAAGTCGACATCGTTTACGGCGTGGACTACCAGGGTATCTAATCCTGTTTGCTCCCCACGCTTTCGCACCTGAGCGTCAGTCTTCGTCCAGGGGGCCGCCTTCGCCACCGGTATTCCTCCAGATCTCTACGCATTTCACCGCTACACCTGGAATTCTACCCCCCTCTACGAGACTCAAGCTTGCCAGTATCAGATGCAGTTCCCAGGTTGAGCCCGGGGATTTCACATCTGACTTAACAAACCGCCTGCGTGCGCTTTACGCCCAGTAATTCCGATTAACGCTTGCACCCTCCGTATTACCGCGGCTGCTGGCACGGAGTTAGCCGGTGCTTCTTCTGCGGGTAACGTCAATGAGCAAAGGTATTAACTTTACTCCCTTCCTCCCCGCTGAAAGTACTTTACAACCCGAAGGCCTTCTTCATACACGCGGCATGGCTGCATCAGGCTTGCGCCCATTGTGCAATATTCCCCACTGCTGCCTCCCGTAGGAGTCTGGACCGTGTCTCAGTTCCAGTGTGGCTGGTCATCCTCTCAGACCAGCTAGGGATCGTCGCCTAGGTGAGCCGTTACCCCACCTACTAGCTAATCCCATCTGGGCACATCCGATGGCAAGAGGCCCGAAGGTCCCCCTCTTTGGTCTTGCGACGTTATGCGGTATTAGCTACCGTTTCCAGTAGTTATCCCCCTCCATCAGGCAGTTTCCCAGACATTACTCACCCGTCCGCCACTCGTCAGCAAAGAAGCAAGCTTCTTCCTGTTACCGTTCGACTTGCATGTGTTAGGCCTGCCGCCAGCGTTCAATCTGAGCCATGATCAAACTCTTCAATTTAAAAGTTTGATGCTCAAAGAATTAAACTTCGTAATGAATTACGTGTTCACTCTTGAGACTTGGTATTCATTTTTCGTCTTGCGACGTTAAGAATCCGTATCTTCGAGTGCCCACACAGATTGTCTGATAAATTGTTAAAGAGCAGTTGCCGCTTCGCTTTTTCTCAGCGGCGCGGGGTGTGCATAATACGCTTTCCCGCTACAGAGTCAAGCATTTTTTGCTTTTCTCTGTTGAGATTCTCAGGAGAACCCCGCTGACCCGGCAACGTGTTTGCCGTTGTTCCGTGTCAGTGGTGGCGCATTATAGGGAGTTATTCCGGCCTGACAAGAGGAAATTTAAAATAATTTTCTGACCGCGCATTTTTTCAGCAAAACCCCCGTTAATGTGCCATAAAACAAGCAATTTGCCGTTTTTGCAACCGTAATCACACTTCCTGGTGGCATACTAAGGAGGAATAAAAAGAAAAAGGAAGATTAGTAATGCCTTTAAGCGCACAACAGTTAGCTGCACAGAAAAACCTTTCGTATGTTCTGGCTGAGAAGCTGGCGCAACGCATCTTAAAAGGTGAATATGAACCCGGCACCATTTTGCCTGGTGAGATTGAGCTGGGCGAGCAATTTGGAGTGAGTCGTACAGCGGTACGCGAAGCGGTCAAAACGTTAACGGCAAAAGGGATGGTTTTACCGCGACCGCGAATTGGTACCCGGGTCATGCCACAATCAAACTGGAATTTTCTTGATCAGGAATTGCTTACCTGGTGGATGACAGAAGAGAACTTTCATCAGGTCATCGATCACTTTCTGGTTATGCGTATCTGTCTGGAGCCGCAAGCTTGCCTACTGGCTGCAACGGTTGGCACCGCGGAACAGAAGGCGCATCTCAATACGTTAATGGCCGAAATGGTGGCATTAAAAGAGAACTTTCGCCGTGAACGCTGGATCGAAGTCGATATGGCCTGGCATGAGCATATCTATGAAATGAGCGCCAATCCGTTTTTGACCTCATTCGCCTCGCTATTCCATTCGGTTTATCACACTTACTTCACGTCAATTACCAGCGACACAGTGATAAAGCTGGATCTGCACCAGGCGATTGTCGATGCGATTGTCCAAAGCGATGGCGACGCGGCATTTAAAGCTTGTCAGGCGCTGCTACGCTCACCTGATAAGTGACAACCCGATAACAGGACATTGAATGAGCGATAAAAAGAATCGCAGTATGGCGGGTTTGCCGTGGATCGCGGCGATGGCCTTCTTCATGCAGGCACTTGATGCCACTATTCTGAATACCGCCTTACCCGCAATCGCTCATAGCCTTAATCGTTCTCCTCTCGCGATGCAATCAGCCATCATCAGTTATACGCTGACGGTGGCGATGCTTATTCCGGTAAGCGGATGGCTAGCCGATCGCTTCGGTACGCGTCGCATTTTTACCCTTGCCGTGAGTCTGTTCACATTGGGTTCTCTGGCCTGCGCACTTTCTAATTCGCTACCACAGCTGGTTGTCTTCCGGGTTATTCAGGGGATAGGCGGCGCAATGATGATGCCTGTTGCTCGGCTGGCCTTACTGCGCGCTTATCCTCGTAATGAACTTCTTCCAGTATTGAATTTTGTCGCCATGCCGGGTCTGGTGGGGCCAATTTTAGGCCCCGTTCTTGGCGGCGTGCTGGTCACCTGGGCAACCTGGCACTGGATATTTTTAATCAATATCCCCATAGGTATTGCGGGCCTTCTTTACGCGCGCAAACATATGCCCAATTTCACCACCGCACGACGCAGATTCGATATCACTGGCTTTTTGCTGTTTGGCCTCAGCCTTGTTCTCTTCTCAAGCGGAATAGAGCTATTCGGGGAAAAGATTGTCGCCAGCTGGATTGCCTTGACGGTAATTGTCACCAGCATCGGGTTACTGCTTCTCTATATTCTCCATGCGCGACACACGCCAAACCCATTAATTTCATTAGATTTATTTAAAACCCGCACTTTCTCGATCGGTATCGTAGGCAATATTGCAACCCGTCTGGGGACCGGTTGTGTACCGTTCCTTATGCCATTGATGTTACAGGTAGGATTTGGTTATCAGGCGTTTATTGCCGGCTGTATGATGGCACCGACAGCGTTAGGTTCCATTATTGCAAAATCGATGGTTACCCAAGTCTTACGTCGTCTGGGCTATCGCCATACGTTAGTGGGGATCACGGTGATTATTGGGCTAATGATCGCTCAGTTCTCTTTGCAATCACCGGCAATGGCGATATGGATGCTGATCTTGCCGTTGTTTATATTAGGGATGGCTATGTCGACGCAATTTACCGCGATGAATACCATCACACTTGCCGATCTGACCGATGACAACGCCAGCAGCGGTAACAGTGTTCTGGCGGTCACGCAGCAACTGTCGATTAGTTTAGGCGTTGCTGTAAGTGCGGCCGTCCTTCGCGTTTATGAAGGGATGGAAGGCACAACGACTGTCGAACAATTCCACTATACGTTTATCACGATGGGCATTATTACTGTTGCTTCAGCAGCAATGTTCATGCTTCTGAAAACAACCGATGGTAATAATTTGATCAAAAGACAGCGTAAATCTAAGCCGAACCGCGTTCCATCAGAATCGGAGTAAGCTGTAATCGTTGTTGCTGAAGGGTCGGCTGGGTTATCCGATGGATGAGTACATCAATCGCCAGCTCCCCCAGTTCATCTTTCGGTTGGTGGATAGTGGTTAATGGTGGCGTCATAAAGCTTGCCAGTTCGATATCGTCATAGCCAATCACCGCGATATCCTGCGGA
NZ_CP010206.1_gap98	4154222	4158684	4462	TTTCCGGAATGAATCATCTGGAAAGCTTTGGCTGGCTGGCCACATTCAGTGGTGTTACCACGACAACCGTACCGGATGAATGTGTCGCGGCCCGGCTGAACGATCCGGCAGCTATTAACCAGCAACTACGTAATTTTACTGTGGTCGTTGGTGATAAAGATGTCGTAACCGGCAAGGATATCGCCGGGCTGAAAACTGAGCTTGAGCAGAAAAAAATTAAGTTTGATTACCAGGAATATCCCGGCCTGAACCATGAAATGGATGTCTGGCGGCCTGCCTATGCAGCCTTCGTACAGAAATTATTTAAATAAAATAAGGCATTAAGATGAAATTAATCATTACCGAAGATTACCAGGAAATGAGCCGTGTCGCGGCACACCATCTGCTTGGTTATATGTCGAAGACGCGTCGTGTTAACCTGGCAATTACCGCCGGTAGCACGCCCAAAGGCATGTATGAATACCTCACCACCCTGGTTAAAGGTAAGCCCTGGTACGATAACTGCTATTTCTATAATTTCGATGAAATTCCCTTTCGTGGCAAAGAGGGAGAAGGCGTAACGATTACCAATCTGCGTAATCTGTTTTTCACCCCTGCGGGGATCAAAGAAGAGAATATCCAGAAGCTCACTATTGATAACTACCGCGAGCATGATCAGAAACTGGCGCGTGAAGGCGGCCTGGATTTGGTGGTGCTGGGATTAGGTGCAGATGGTCATTTTTGTGGCAATTTGCCGAATACGACCCATTTCCATGAGCAAACCGTGGAGTTCCCGATCCAGGGAGAGATGGTTGATATTGTGGCGCATGGTGAGTTGGGCGGCGACTTTTCGTTAGTGCCTGACAGCTACGTGACGATGGGGCCGAAAAGCATCATGGCGGCGAAAAACTTGCTGATAATTGTCAGTGGCGCAGGTAAAGCGCAGGCACTGAAAAATGTGCTGCAAGGTCCGGTTACCGAAGATGTTCCAGCTTCCGTGTTGCAGCTGCATCCTTCGCTGATGGTAATCGCTGATAAAGCCGCTGCCGCAGAATTAGCGCTCGGTTAAGCTGAAGAAATAAGGCCGGATGTATGAATTACGCTCCGGCCTGTTCTCATTATTTAAATAACTACGAAAAATCACCCCACAGTCTCAGCTTGCCGCAGTGGAGACAGCGGAAGAGATAACCCTGACAATCACCACGCTTTTGCAGGCATTTAGCTAGATCAGAATTTCTAATACCGAAATTCTCACAATCTTCTTCAAGGTTGGCAAATTCATCGAGGCGATCTTTTATATCATTCCAGCCCACATAGCCGATAAAAGCACAGAAATCGCCACAATGCGCAAGCCAGAATTCCTGTTGCCATCCATGATAACCTGGCGTGCGTTCAACCAACTCTTTCAGCATTTCATCAGGATATGTGTTCTTAATACCGGCAAATTCGTCCTCTTCATCATACTCAAATTCAACACCTTCTATGCTGGCATCATCCTGAAAACTACCTGCAAACTTTTCAGCAGCAGAACCGTCCGCAATACACCACGGACAGAGATGTTCAACTTCATCAACGCAATAAAAGGGACCCGAGTAATAAACTGACGTCTGTTGTTCACAGCAATCGCACTCTACGGTTTTATCCTGTTCAAATGCGCCTGTTTCCAGTGGCTTGGGATGATATTTGAATTGGGGTAACGGCCTGATATTTTGAGTCATAGTAACATCCTGTCTGCTTTTGAGTAGCCCAAAGATAAAGTATCCCGCTTAACTTAAAGAGTCTGTTTCAGGACATGAAATATCCAATCCGGGCAGACGGGTAATGATTCTGCTCATCACCACACCTGCCAGCAATGCAGGAATGATGCGGACAACGAGACTGTCACCAGAAAGAATGTTTTCAAACAACTCCGAGGAAGCCATGCCCTTAATATGTACAATAACTGCACAATAGATCTCGGTGATAACGACGCCACCTATGCCACCAGCCAGACAACGATAATTTTTCTGTGACCCGATCTTTTCCGGCAGACAGGCGACCATCACGCCGGTTAACAATGCAGGAATAGCTCCCGTAGTAATCGACAATAAGAGAAACAATGGAAGTACCTGTATTATTACCAAAAGAACCAGCGGTTCTTTTGCGAAGAATATGTAGAGGACAAGAAACAGAACACCAATTAACGGTCCTAAAACCGCAAAATAAAGTCCGTGATGTATTACCCGACGTGAAACAGACATATCAAACTCCCTTTACTTACCTTTGAGCGCCAATTTAAGCGGGGTAAGTGAAGGGAGTGTGAAGAACTATGCCGTAATATCCCAACCACGCGCTTTCCACAGTTCCGGTAACTGCGAAAGATGGGTAAAGGTGGTGACTTTCGGGTGAACGATCGGCTTATTGTGCGGGTCGGCGCAGAAGTAGAACACTTCCATACCTGCGTCGATACCAGATTGCGCACCGGCAACTGAGTCATCAACCAGAATGCAGTTTTCTACATTTACATTCATCGCTTTTGCCGCATGGAACATTAACGCCGGGTCTGGCTTCCAGCGCTGAATATCGTAGCCGCTGAACAGTTTATCCGGGAAGTAGTGCAACATATTCAGCTTGCCCATAGAATGCTGCATTTTGTTATTTGGGCCGTTAGATACCACACACATTGGCGCAGTGATCGCTGACAGGAGCGCTCCAGCCCCTTCGATGGCTTCCAGTTCTGAATCGAACAGCCGAGCGACTTCTGCACGGTAAACGTGTTCAGCTTCTGTTTTCGCTAACGTAACACCATGTTCAAGGGAAACAATATCGATAATTTCGTACAGTTTTACACCTTTGAAACGTTTGAATACCTCTTCAGGATCGAGCGTAATACCAAATTCCTGAAACATCGTTACATATGCGCGGGAGCAAATGACTTCACTGTCGACCAGCGTACCGTCGCAGTCGAAAAATACCGCTTCTATCTGGGACATGTCTTTCCTTTATCGTTAGTTTAACGTTTTCGTCATGCCAATTCGCATGACGCAATCGTTGCCGTATAAGCAAATACAATGAAAAAAAGTTATCTTCAGCCGTCCATATTGTCTCATTTTGGTATACGATAGCGACGGATTTTCCCTCCTTGTTCGGAAATAGATAATGAGTCAACAACACACAACCCAGGCTTCTGGCCAGGGGATGCTGGAACGCGTGTTTAAACTGCGCGAACATGGCACGACGGCACGGACCGAAGTGATCGCCGGTTTTACCACCTTCCTGACGATGGTTTACATCGTTTTTGTTAACCCGCAAATTCTTGGCGTTGCTGGCATGGATACCAGCGCCGTCTTCGTCACTACCTGTCTGATCGCTGCATTCGGCAGTATTATGATGGGACTGTTTGCTAACCTGCCAGTTGCACTGGCACCCGCTATGGGCCTGAATGCGTTCTTCGCTTTTGTCGTTGTACAGGCGATGGGCTTGCCGTGGCAGGTCGGGATGGGCGCAATCTTCTGGGGCGCGATAGGTCTGCTGTTACTGACGATTTTCCGCGTTCGCTACTGGATGATAGCCAACATTCCGGTGAGTCTGCGTGTGGGTATTACCAGCGGTATCGGTCTGTTCATTGGCATGATGGGGCTGAAAAACGCAGGTGTGATTGTCGCTAACCCGGAAACGCTGGTCAGCATCGGTAATCTGACTTCTCACAGCGTGCTGCTGGGGATCCTCGGTTTCTTCATCATCGCCATTCTGGCCTCGCGCAACATTCACGCGGCGGTGCTGGTTTCCATCGTGGTGACAACGCTGCTGGGCTGGATGCTGGGTGATGTCCACTATAATGGCATCGTTTCTGCGCCGCCGAGCGTAATGACTGTCGTGGGTCATGTAGATTTAGCCGGGTCGTTTAACCTCGGCCTGGCAGGGGTGATTTTCTCTTTTATGCTGGTCAACCTGTTTGACTCCTCCGGTACGCTGATTGGTGTGACCGATAAAGCAGGTCTGGCAGATGAGAAGGGGAAATTCCCGCGCATGAAGCAGGCGCTGTATGTCGACAGTATCTCTTCGGTGACCGGTTCGTTTATCGGTACTTCTTCTGTTACGGCGTATATTGAGTCTTCTTCCGGCGTTTCTGTTGGTGGTCGTACCGGTCTGACGGCAGTGGTTGTTGGTCTGCTGTTCCTGCTGGTTATCTTTCTGTCGCCGCTGGCGGGAATGGTGCCAGGCTACGCTGCAGCTGGCGCGTTGATCTACGTTGGCGTGTTGATGACCTCAAGTCTTGCTCGCGTGAACTGGCAGGATCTTACTGAATCTGTTCCGGCGTTTATTACCGCCGTGATGATGCCGTTCAGCTTTTCGATTACCGAAGGTATTGCGCTGGGCTTTATCTCCTACTGCGTGATGAAGATTGGTACCGGGCGTCTGCGTGACCTTAGCCCGTGCGTAATCATCGTTGCGCTGATGTTTATCCTGAAGATTGTATTTATCGACGCTCATTAAAATCGAT
NZ_CP010206.1_gap99	4164076	4168030	3954	CCAGCGCCTGTGCCGGGAACTGGTCTGCCGGGATATGCGGCAGCAGTTTACCGGCATCAACGAATGCCGCGTGACCGCCCGCCTGCTGGCAGACAACGCCAATCTCTTCCAGACCATCGACCAGATACTGTACCTGCGCGATACGATAAGCCAGCCAGTCGAGATTCATGCCGTCATACAGACCTACCGCCAGACGCTCCATCGCGCCGCCTTCCAGGCCGCCATATGTCGGGAACCCTTCCTGCACCACGCAAAGGGTTCTGCACTCGGTGTACACATCAAAGAAGCTGTCGTCTTTCATGCACAGCAAGCCGCCCATCGGTACCATCGCATCTTTCTTGGCGGACATCGCCAGCATATCGGCATATTTGTAGGTTTCGCGGGTGATCTGCTCGATGGTCCAGTCTTTGTATTCTGCTTCACGCTGCTTGATGAAATAGGCGTTTTCAGCAAAGCGTGCGGAGTCCATTACCACCGGAATATCGTATTTCTTCGCGATGCTGTACATCGCTTTTAAGTTTGCCAGTGAAACCGGCTGACCACCTGCAGAGTTACTGGTGATGGTTGCAACGATATACGGCACGTTATTCGGGCCAACTTCTTCAATACCGCGTTCTAATCCCTCAAGGTCAAAGTTACCTTTAAAGTCGTAACGCACGCCAGTATCGAAGGCTTCTTTGATATAGACGTTACGCACGGTACAGCCGTTAATCTGGCTATGGCCCTGCGTGGTATCAAAGAAATAGTTAGAGAATGCCACCATTTTGCTGCGATCCAGGCCTTTTTCCTGCTCGCGTTTTTTAATCAGTACCGGAATATAAATTTGCTCTGCGCCACGGCCCTGGTGAGTCGGAATGGTGTATTGATAACCAAAGATATTTTTCACTGACTCGGCTAACGCATAGTAGCTGCGGCTGCCGCTGTAGGCTTCGTCGCCGCGCATCATCGCTGCCTGCATACTTTGGGTTACCGCCCCGGTGCCGCTGTCGGTCAGTAAATCGATAAACACATCTTCGCTATCCAGCAGGAACGGGTTCATACCGGATTTAATAATTGCTTCTTCACGATAAGCGCGAGTAGTACGTTTTACTGGCTCAATAACACGAATGCGGAACGGTTCAGGGAGATGTTTAAAGTTTTCCATTACATAATCCTTCATTTATTTTAATTACAGTGATCCCTGTGAATATTACATCTGCAATATCCATTAATTCGCCATGTATATATACAAGCACCATCATTTACTAAAATAAGTAAATAAACGAGAGATGGCCTTTGCAAAAGGCAAAATTAAGATATAGCAAACTAATCGTTCACATTGAATCTAATCGGTTTGGCTCTGGTGATGGCTACAGAAGGGTAAATTAAGGGCGGTGATCGACAATCTTATTGTCGATATTGAACCATTTTGAGGTCACACATATATGTAAGATATTCATAATGCACTTATCCTCGAAAGACACGAGGCTACAGTATAATACTCAAGAATTTTGTCTATTCTAAAATTGTTTAAATGTGAATCGAATCACAATCGTTCGGGGAGCAATACTAAATGCTTTTTTTTAAGATTATAAATTACGTAAGAATTTTAATGTTTAAAAAAAGGGTTGAGGAATAACAGGAGTGCTAACAATGAAGCGAAGCCGCATCTGACAGTCAGAATACGGCTTCGTAAGCGCGGTTACTTACCAATACAGAAGCTGGAGAAAATCCGCCCCAGCAGGTCGTCTGAAGTAAATTCCCCGGTGATTTCGCTTAAGTTCTGCTGTGCCAGGCGCAACTCTTCCGCCAGCAGTTCACCCGCCCAGGCACCTAACAGTTGCGCTTTACCTTGCTGCAAATGCTCCGCTGCCTGTTCCAGCGCCTGTAGGTGGCGACGACGCGCCAGGAAGCCGCCTTCCATGTTGGTGTCAAAGCCCATGCTCTGTTTGAGATGGTTACGCAGCACCTCCACGCCTTCACCTGTCCTTGCCGAGAGACGAATTAACGCGTGACCGTTCACTTCACTCATTCCCAGCGTTTCGCCGGTGATATCGGCTTTATTGCGCACCACGGTGATCGGCAGTTTCGCTGGCAGACGGGCGATAAATTCCGGCCAGATCTCTGCCGGATCCACGGCGTCTGTTGTGGTGCCATCGACCATAAACAGCACGCGGTCGGCCTGTTCAATTTCCTGCCACGCGCGCTCGATACCAATACGTTCCACTTCGTCACTGGCTTCACGTAGCCCAGCGGTATCGATGATATGCAGCGGCATTCCGTCAATGTGGATATGCTCACGCAGCACGTCACGTGTGGTTCCGGCGATATCAGTTACGATTGCTGCTTCACGGCCCGCCAGCGCGTTTAACAGGCTCGATTTACCGGCGTTAGGACGTCCGGCAATCACCACCTTCATCCCTTCGCGCAACAAACTACCCTGACGTGCTTCAGCACGCACTGCATCGAGATCGGCAATCACGTCATTAAGCTGGGCTTCAATTTTGCCGTCGGAGAGGAAATCGATCTCTTCATCAGGGAAATCAATTGCCGCTTCGACGTAAATGCGCAAGTGGGTGAGGGCTTCCACCAGATGGTTGACCCGTGCGGAGAATGCGCCTTGCAGCGAGTTAAGTGCCGAACGGGCCGCCTGTTCCGAACTGGCGTCGATAAGATCGGCAATCGCCTCGGCCTGGGCTAAGTCGAGTTTATCGTTAAGAAACGCGCGTTCGGAAAACTCACCAGGGCGAGCAATCCGCAGGCCGGGAATGGTCAGAATGCGTTTTAACAGCAGGTCGAGGATCACCGGACCGCCATGACCTTGCAGTTCCAGCACATCTTCGCCGGTGAACGAGTTCGGGCCAGGGAACCATAGCGCAATCCCCTGATCGAGCACGCTGCCGTCGGCGTCTTTAAACGGAAGATAATCGGCGTAGCGCGGCTTAGGTAGTTTACCCAGCACGGTTTCGGCAACTTCACGGGCTTTGAAGCCGGAGATGCGCAGGATGCCAACGCCGCCACGTCCCGGAGGCGTGGCCTGGGCTACGATAGTGTCATTATCGCTCATGATGTTCCTGTTGCTTTGTGTGGCGGATGCGCGGTGCTTATCCGCCCTACGAAAAGAAAAAAGGCGGTCAACTGACCGCCCTTATTTTAGCGAAAACTCACCGAATCAGGATTTTTTCTTCTCGCGGCTATGCAGGCCACGTTTTTCCAGACCACGGTAAATCAGCTGCTGCTGAATAATGGTTACCAGGTTGCTGACGATATAGTACAGCACCAGACCTGACGGGAACCACAGGAAGAACACGGTGAAGATGACCGGCATAAAGGTCATGATCTTCTGCTGCATCGGGTCGGTCACTGTGGTCGGCGACATCTTCTGAATGAAGAACATCGTTACGCCCATCAGGATCGGCAGGATGTAGTACGGGTCCTGTGCCGACAGGTCGTGGATCCACAGTGCAAACGGTGCCTGACGCAGTTCAACGGAACCCATCAGCATGTAGTACAACGCCAGGAAGATTGGCATCTGGATCAGCAGCGGGAAGCAGCCGCCCAGCGGGTTAACCTTCTCAGCTTTGTACAGCGCCATCATTTCCTGGCTGATACGCTGTTTGTCATCACCCAGACGCTCACGCATTGCCTGAATCTTCGGCTGCAGCATACGCATCTTCGCCATGGAGGTGTACTGCGCTTTGGTCAGCGGGTACATGATGCCACGAACGATAAAGGTGATGATGATAATGGAGAAGCCCCAGTTACCCACAAAGCTATGGATCCATTTCAGCAGTTTGAACAGCGGCTGAGAGATGAACCACAACCAACCGTAATCAACGGTCAGATCCAGGTGCGGAGCAACAGCTGCCATTTTGTCCTGGATTTCCGGGCCAACCCACAGGGTGCTGTTCATCGCGCCAGTCTGACCAGGCTGAACCAGTACCGGCTGAGATTTATAGCCGATAGCGGCGATGC
NZ_CP010206.1_gap100	4170397	4174313	3916	AATGGACTGCTAACCAGTTTCTGCGGAGCGGATGCCCCACAGCTGCGTTTTGAAGTCGGCACCAAACCGGTGACGCAAACGCCACAAGCGGCAGTGACGAGCAACGTCGCGGCCCCTGCACAGGTGGCGCAAACGCAGCCGCAACGTGCTGCGCCTTCTACGCGCTCAGGTTGGGATAACGTCCCGGCCCCGGCAGAACCGACCTATCGTTCTAACGTAAACGTCAAACACACGTTTGATAACTTCGTTGAAGGTAAATCTAACCAACTGGCGCGCGCGGCGGCTCGCCAGGTGGCGGATAACCCTGGCGGTGCCTATAACCCGTTGTTCCTTTATGGCGGCACGGGTCTGGGTAAAACTCACCTGCTGCATGCGGTGGGTAACGGCATTATGGCGCGCAAGCCGAATGCCAAAGTGGTTTATATGCACTCCGAGCGCTTTGTTCAGGACATGGTTAAAGCCCTGCAAAACAACGCGATCGAAGAGTTTAAACGCTACTACCGTTCCGTAGATGCACTGCTGATCGACGATATTCAGTTTTTTGCTAATAAAGAACGATCTCAGGAAGAGTTTTTCCACACCTTCAACGCCCTGCTGGAAGGTAATCAACAGATCATTCTCACCTCGGATCGCTATCCGAAAGAGATCAACGGCGTTGAGGATCGTTTGAAATCCCGCTTCGGTTGGGGACTGACTGTGGCGATCGAACCGCCAGAGCTGGAAACCCGTGTGGCGATCCTGATGAAAAAGGCCGACGAAAACGACATTCGTTTGCCGGGTGAAGTGGCGTTCTTTATCGCCAAGCGTCTACGATCTAACGTACGTGAGCTGGAAGGGGCGCTGAACCGCGTCATTGCCAACGCCAACTTTACCGGAAGGGCGATCACCATCGACTTCGTGCGTGAGGCGCTGCGCGACTTGCTGGCATTGCAGGAAAAACTGGTCACCATCGACAATATTCAGAAGACGGTGGCGGAGTACTACAAGATCAAAGTTGCGGATCTCCTTTCCAAGCGTCGATCCCGCTCGGTGGCGCGTCCGCGCCAGATGGCGATGGCGCTGGCGAAAGAGCTGACTAACCACAGTCTGCCGGAGATTGGCGATGCGTTTGGTGGTCGTGACCACACGACGGTGCTTCATGCCTGCCGTAAGATCGAGCAGTTGCGTGAAGAGAGCCACTATATCAAAGAAGATTTTTCAAATTTAATCAGAACATTGTCATCGTAAACCTATGAAATTTACCGTAGAACGTGAGCATTTATTAAAACCGCTACAACAGGTGAGCGGTCCGTTAGGTGGTCGTCCTACGCTACCGATTCTCGGTAATCTGCTGTTACAGGTTGCTGACGGTACGTTGTCGCTGACCGGTACTGATCTCGAGATGGAAATGGTGGCACGCGTTGCGCTGGTTCAGCCACACGAGCCAGGAGCGACGACCGTTCCGGCGCGCAAATTCTTTGATATCTGCCGTGGTCTGCCTGAAGGCGCGGAAATTGCCGTGCAGCTGGAAGGTGAGCGGATGCTGGTGCGCTCCGGGCGTAGCCGTTTTTCGCTGTCTACCCTGCCAGCGGCGGATTTCCCGAACCTCGATGACTGGCAGAGTGAAGTCGAATTTACCCTGCCGCAGGCAACGATGAAGCGTCTGATTGAAGCGACCCAGTTTTCGATGGCGCATCAGGACGTTCGCTATTACTTAAATGGTATGCTGTTTGAAACCGAAGGTGAAGAACTGCGCACCGTGGCAACCGACGGCCACCGTCTGGCGGTCTGTTCAATGCCAATTGGTCAATCTTTGCCAAGCCATTCGGTGATCGTACCGCGTAAAGGCGTGATTGAACTGATGCGTATGCTCGACGGCGGCGACAATCCGCTGCGCGTGCAGATTGGCAGCAACAATATTCGCGCCCACGTTGGCGACTTTATCTTCACCTCCAAACTGGTGGATGGTCGCTTCCCGGATTACCGCCGCGTTCTGCCGAAGAATCCGGACAAACATCTGGAAGCTGGCTGCGATCTGCTCAAGCAGGCGTTTGCCCGTGCGGCAATTCTCTCTAACGAGAAATTCCGCGGCGTGCGCCTGTATGTCAGCGAAAACCAGCTGAAAATCACCGCCAACAACCCGGAACAGGAAGAAGCGGAAGAGATCCTCGACGTTACCTATAGCGGTGCGGAGATGGAAATCGGCTTCAACGTCAGCTATGTGCTGGATGTTCTGAACGCGCTGAAATGCGAAAACGTCCGCATGATGCTGACCGATTCGGTTTCCAGCGTGCAGATTGAAGATGCCGCATCACAGTCGGCTGCCTATGTTGTCATGCCAATGAGACTGTAATGTCCCTCACCCGCTTGTTGATCCGCGATTTCCGCAACATTGAAACCGCGGATCTCGCTTTATCTCCCGGCTTTAACTTTCTGGTAGGTGCCAACGGCAGTGGCAAAACCAGCGTGCTGGAAGCCATCTATACGCTCGGCCATGGTCGGGCGTTTCGCAGTTTGCAGATTGGTCGCGTCATTCGCCATGAGCAGGAGGCATTTGTTCTCCATGGGCGATTACAGGGCGAAGAGCGCGAGACGGCGATTGGCTTAACCAAGGACAAACAGGGCGACAGCAAAGTCCGCATCGACGGTACTGACGGGCATAAAGTCGCGGAACTGGCGCACCTGATGCCAATGCAGCTGATAACGCCAGAAGGGTTTACTTTACTCAACGGCGGCCCCAAATACAGAAGAGCATTCCTCGACTGGGGATGCTTTCACAACGAACCCGGATTTTTCACCGCCTGGAGCAATCTCAAGCGATTGCTCAAGCAGCGCAATGCGGCGCTGCGCCAGGTGACACGTTACGAACAGCTACGCCCGTGGGATAAAGAACTGATCCCGCTGGCGGAGCAAATCAGCACCTGGCGCGCGGAGTATAGCGCCGGTATCGCGGCCGATATGGCCGATACCTGTAAGCAATTTCTCCCTGAGTTTTCTCTGACTTTCTCTTTCCAGCGCGGCTGGGAGAAAGAGACAGAATATGCTGAGGTGCTGGAACGTAATTTTGAACGCGATCGCCAGCTAACCTACACCGCGCATGGCCCGCATAAAGCGGACTTACGCATTCGCGCCGACGGTGCGCCGGTGGAAGATACCTTATCGCGTGGGCAGCTTAAGCTGTTGATGTGCGCCTTACGTCTGGCGCAAGGAGAGTTCCTCACCCGTGAAAGCGGGCGGCGGTGTCTCTACCTGATAGATGATTTTGCCTCTGAGCTTGATGATGAGCGTCGCGGGCTGCTTGCCAGCCGCTTAAAAGCGACGCAATCACAGGTCTTTGTCAGCGCGATCAGTGCTGAACACGTTATAGACATGTCGGACGAAAATTCGAAGATGTTTACCGTGGAAAAGGGTAAAATAACGGATTAACCCAAGTATAAATGAGCGAGAAACGTTGATGTCGAATTCTTATGACTCCTCCAGTATCAAAGTCCTGAAAGGGCTGGATGCGGTGCGTAAGCGCCCGGGTATGTATATCGGCGACACGGATGACGGCACCGGTCTGCACCACATGGTATTCGAGGTGGTAGATAACGCTATCGACGAAGCGCTCGCGGGTCACTGTAAAGAAATTATCGTCACCATTCACGCCGATAACTCTGTCTCTGTACAGGATGACGGGCGCGGTATTCCGACCGGTATTCACCCGGAAGAGGGCGTATCGGCGGCGGAAGTGATCATGACCGTTCTGCACGCAGGCGGTAAATTTGACGATAACTCCTATAAAGTGTCCGGCGGTCTGCACGGCGTTGGTGTTTCGGTAGTAAACGCCCTGTCGCAAAAACTGGAGCTGGTTATCCAGCGCGAGGGTAAAATTCACCGTCAGATCTACGAACACGGTGTACCGCAGGCTCCGCTGGCGGTTACCGGCGAGACTGAA
NZ_CP010206.1_gap101	4214398	4216647	2249	AAACTGGTAGCGGTGGGAAATACGTTTGTCTTCCCTATGGCGGGTTATTCCAAAAAAATCACAACCGTGGCGCAAATAAAAGAAGGCGCGACAGTGGCGATCCCCAACGACCCGACCAACCTTGGTCGCGCACTTTTACTGTTGCAAAAAGAGAAGCTAATTACTCTGAAAGAGGGAAAAGGGTTATTACCTACCGCGCTGGATATAACCGATAATCCTCGTCATTTGCAGATTATGGAACTCGAGGGGGCGCAGCTTCCGCGCGTACTGGATGATCCCAAAGTTGATGTAGCGATTATCAGTACCACTTACATTCAGCAGACAGGGCTTTCTCCGGTGCACGACAGCGTATTTATTGAAGATAAGAATTCGCCGTATGTGAATATTTTGGTGGCACGGGAAGATAATAAGAATGCAGAAAACGTGAAGGAATTTCTGCAATCTTATCAATCACCCGAAGTCGCTAAAGTGGCAGAAACCATTTTTAACGGTGGCGCGGTGCCTGGCTGGTAATTCTCACTCATGCCGCGCCGGACGATTTATTTTTCTGGCGCGGCGACGGGAATCCATTGAAATCAAAATCACCGATGACAGAATCAGCAGCGTTCCCAGCTAGTCCGGTAATGTGAACGTGATCCCCAGCAACAGCAAAGAGAGTAGCGCGCTACTTAATGGTTCTGCACAGCTCAAAATGCTGGCTTTTGGACCGCCAATTAATTGTGCTCCTTTCAGGTACAGACTAAATGTCAGGGACGTACCAATGACCACCAAATAAAAAAACGCCAGAATCAAACTGCCGTTAACGACAAAGTTTGTTCCTTGTCTGGCATAAAAAGGCAACAGAATCAGACCGCCAATCAGCATACTCCAGCCGACGACTGGTAACGTGCCATAGCGGGCAATTAGCGTTGAGGGATAGGTGGTATAGAATGCAGCAGCAAATGCCGAGGCAATGCCCCAGAACAACGCGGCAGGAGAGATCGATAATGACGTCGGATTACCGTGTGTCACCAATAAAAAAGTCCCGACCAGCGATGTCAAAATAGCGCAGAAAACCAGAATGCCCGGGCGCGATTTACGCACCAGTGAGAACCAGGCGACGATAATCGTCGGTGAGAGGAATTGCAGCACCGTTGCCGTGGCTGCGTTCGATTTTTCGATGGTTAGCAAAAAAGTGAGCTGTACAGTTAGCGCGCCAACCACGGAAAAAATCAGCAGGCTAATGGCATCTTTATGATTGTTAATAATAGAAAAGATTTTATCGCCATGAACAAATGACAGCGTCAGTAGAATCAAACCGGCGAATATCAAACGCGTCATAGTCAAAAACTGCGACGACATCTGGCTTTGCTCCATGATGTATTGCGCGCAGACCCCTGAACTTCCCCACAACACGGCGGCAATCAGAACGTTCAGCATCCCCTTTCTGGTGGAACCCATTTTTCCCTCTGCATACTGTTTTGTCGTTTATGTATGCAGGCATGATAGCAAAAATGGCGAGGATGGCTCTGTTTGCGCCACGCCGATTTTTCTTAGCCCAGACTGGTGAGCTAAATATCTTTAATAAACAGCAGGCAAATCATCGCAATACCCAACATCCCTATCGCCAGCCAGAACAACGCATGGTAGCTCCAGATTTCAACCATAATTCCGTCAACAGAGCCGGCGATAATCCAGCCGACGCGTGAAGTATTTGCATATAACGTTGTCGCAGAGCCTATTTTTTCAGGCATCAAGTCCTGAAAATAAAGCATGCCGATACCACAGAGAATACCAAGGAAGATGGCATTAAGAATTTGCAATTCCAGCTCAACCGCCGGAGTCGTCGCCATGAGTACGCTGGCGTAAAAACACATTCCACTCACGATAGCAATGAGCATTAATAGTCGCTTGCCAATACGTTTCATGTAATAGCCTGCGATTAACATCATCGGAATTTCCAGACCGGCAGCGATACCAATCATTTCTCCAGCCAGTTTATCGGTTAGATGCAGTTCATCAATAATAAATAGCGGCATATTTATCATGTAGAGATTATTCGCCGCCCACATCATTGAACAGACCACAAAAAGTAGCCGCGTATCCCGCTTCCTGTGGGTGGAGGGTAAAATTTCTACGGGTTGGGTAACGACAGGAATATTTCTTTGTATTGATGGCAAAAACAACCAGACTATCAGTCCGCAAACAACAAATGCGATGGCTGCGGTGAGATACATCACTTTAAAACTAAATCCCATTGCCAGTTCATA
NZ_CP010206.1_gap102	4217700	4222551	4851	TATTGAGCAGTAGAAAATATCTGGATTGACAGTATTACAAGGGGTTGGAGAACGTCAGGAGAGGCATTTTGGCGGAAGATCACAGGAGTCGAATATGAGTATTAATATATTAATTTTAAATGATTAATTTGTGTTGGATAAATGAGTAACCCCCATAAGAACCCCCAAATAATTTTGCGTGAGGGAATGAAGCTAAAATGCATAATTGAATTCATTCTTAGAACTTTATAATGAAGGTAACATTCCCGGATAGTGTCTTGCAATAATGTCATTCAGCCTGTCAACCAGTTCCGGTTTTCTGAACGTGATGTGCGCGGAGCCCTTCTTAAAGTATCTGATGCTGAACATCTCATCTTCATAGCACTCTTTACCCTGAACGGACTGGATGTGATCATCCAGATGAATGGTTATGTTTTCCCGGTTGTCGGGGATCGGTTTACCGCTGAACAGGTGCAACATTCTTTCCAGATCGGCGAGTCGGTCAGCCTGTTGCCCGGTGATAAGATGAAATCCCCACCGGTCCCACCTTACCAGGTTGTTAATGATAATTTTACTGCCAAATTTACAGGGGCAATTAGTTTTGTAATTCCAGCTCAGTCCCCTGAAGACGTTGATCACCCCTCGCTCAAACACTTCATCTTTGTTCTGGTGCAGTTGTTTAAATGTGCTCAGAATGTTCGCTTCGCTGATTTCCGGAAAATTATCGTATTCCAGTGACCGGTACCATGTCTCACGGGCCTGCGCATCCATTAATGACAGCATCCCGGAACGTTGCATCAGGTCACGCCAGATTTCGCGATCGAGATTGCGGGTGATGGCTTTCATTGCCGTTTCAGGTTTTTCCATCAGCCAGCAACCGCAGCGAAAATCCTGTTTCATCGCCCAGTCCAGTGCGGTTTTACCGCCAATACTTTCTGTCATTGCTGAGATTTCTGCCAGTTGCCGGGTAAGTGTGTCGATTTGCAGCAGCGTACTCTTTCGTACAGCCAGAATGTGGCGGATACTGGTTGAGCAGATAACGTCCGTATGCCCGTTGACCACTTCCGGACGGGGGGCTGTGATTTCAGACATAATCGATATTCCTTTTTGCAGATAAATGAAAACGCCAGCCCTGTTCAGGCTGGCGTCAGTGGAATGAAGTCTGGTGAGTAAGACTCACCGGTTCTGTTGCAGAAGCTGCAGTTGGCGCAGGGTACGGATATCCTCCCTGGCCTGTTCAATACAGGGCAACAGTGCTGCCGAATCCGTTTTATCCTCATCGTTGTCAAAGATAATTTCCGATTCGCAGTCAATATTGTCCTGCAGCCACGCAATGAGGATATCCAGCGCTGTTTCAGTGGTTAATGGCATCACGCTCTGTATCACTGTATTGTCTTCCGGCAACTGATGAGGGCTGGCAGAAGTTGCCGGTGTTTCTGTAGCGTCACGTTCATCCACCACGCGGAGTGAATAACCGTTTTCAGCGACTTTGTTAATCAGTTCAGCGAGCTTAATACCATCGACGTCAACGACAATGCGCCCCATGTTCAGCGCCTGCACGTTAACGCTGTCTGCCTCCAGCGTCAGGGCCAGTTTCATTGTTTCGCCTCCGGATGCTTCCCCTGGGTAATGTCATTTACCGTTCTGTAATTGTCGCGGGTCATCAGGCCGGTCGCCCGGCGGGCCCGGAGGATATCGATGCTGTTTATTAACTGAGAGTGGGTACAGCTGCTGAATCCCGGCTGGTCGGTACGTACCAGCGCGTATTTTTCAACGAGAAAGTTCACCGCATCACACAGTGAAATGCCAGCTTCAATATGCTGCTCAATCACACGTTCATCGGCGAACGGTGTGTCATTTAGCGTGAGGCCGTAATGCTGGTCCAGCAGTCGGGTGAGCAGTGTCTGCCAGATGGTGACGGGAGACGGGCAGCGCGATGCCTCCCGTACGTGTGTGTCGGGTAATGTGTTCATACTGAAGATTTTCCTGATATGCAGAGATGAAAAATGGGAAAGTGGCGTGGTGAAAACACCAGGCCGTAGCAGAAGGCTATTCTGGAGAGTTAATTTTTCATTTCGGGCGTCGGATAAACAGCCAGATAAACGTAACCACAGGAGCCGAGGGTGTCGGCTTCACAGATCAGCCCCTTCGCATACAGTGTCACGGTATGCTGATGGCGGGGATTCAGTTCACCGCTGGTGAGCATGAGCTCCAGTTGTTTCATCAGCAGCGGAAAGGCCTGGTCCAGGTGGTACGCATCTGCATCGCTGAACCGGCCTCTGATACCGGCGCGGTCGGCAAGGTAATGCAACCGGTTACCCTCCTGCACCAGACGTGCCCCGAAACAGGGCGTCACGGTGCAGGGCAGTCCCCACCAGAGGCGGTCGTTATGGTCGTCGGGATAATTTGTCTCATGGAGTTTGTCTGACACGATAAAGTCCTCACAGAAAATCGGTTAAGAATGGTCCGGTGGTGGCGATAATTCGGCTCATCAGAATGTCCGTCCTGATTCAGTTCAGGGTGACGCTCATCAGCCGGACATACGGGCCAAAACTGTCCTTACGGCGTTCAGCAAAAACGGCCAGCACACCGGGAATATCCTGCACTTCACGACCGGTATACGCCTCAGCGCTACCGTGCCAGCGGTACTTACCGGTACAGAACGGAAAAAGACGGGATGTCGGATGTTGTTGGTGAATACGCATGGCTTCACTACGGGTGATGATTTTCATAGTGTGATATCTCTGAAGGTGAGAGAGAAAACGTTATGTGATATGGGGGCAACGGGTTAAAGCAGACCGTGTTCGGCAAAGGAGAAAACCTGGCTGCCACCGACTATCAGATGGTCCGGCATCCGGATATCCATCAGGGCCAGTGCCTGAACCAGACGTTCAGTAATAAGCCGGTCTGCCTTACTGGGGGTGACTTCGCCGGACGGGTGATTGTGTGCCAGCACCACGGCAGCAGCATTGTGGTACAGGGCACGTTTAATCACTTCCCGGGGATGAACTTCCGTGCGGTTGATGGTGCCGGTGAAGAGGGTTTCACCGGCAATCAGCTGATTCTGGTTGTTCAGATACAGCACCCGGAATTCTTCACGCTCCAGTCCCGCCATGTTCAGAATCAGCCATTCCCGTGCCGCACGGGTGGAGGTGAAGGCCACGCCGGGTTCATGAAGATGGCGGTCCAGGGTTTTCAGGGCCCGCTGAATGAGGTTGCGCTCGCCGGGCGTCATCGCTCCGGGCAGAAAGGAAAGTTGTTGCATTGTGCTTCTCTCCATTCAGTCGATGATGCGCATAATGGCGCTGCATTCCGGATGCTGCAGGGCGTAATCCCGCAGCCGGTAATAATGGACCGTCATGGCATAATTCTCCGTACGACAGGCATGATGGCTGTACGTCATCAGACAGGCGGCAATACCGGCGGCTTCCGGGCTCATTTCAGCGCGGTTACCGTTCATGGCATTGAACAGTACCCATGTTTCGTCATCATCGTCATCCGGTTCGGGTGCCATAAATGCCCCGCCGTTGTTCAGGGTGTACAGATTCCAGATACCACCGCAGTAGTCTTCGCAAAGACGGTCCATCCAGCCGAAGATACGGGGCTCCAGGGTCACCCACTGTGGAATGAGGCCAAAGTGCTGCGGCCAGAAGCTGATGCGCTGTTCATCAGGGACGGGAGTGGCAACCAGTTGAGACTGGTTATTCCCTGGTGCTGTGGCTGAAGAAAGAGCAGTTGTGTTCTGAGAAACGATTTTCATGAGTGAAATCCTTACAATGTGTATAAATGAGAGGAAATAAAGGCCGGGGCTGACAACATCACGTTCATCACTGACCGAGAGACCCGGTAATTTCAGGGATGAATGCAATTCGGCTGAAATTCCGGACAGCCGTACGCGTAATCGTTCCGGTCACAGGCGGATGGTCAGATGCCATTGCCTGTACTAAGTCTGCACAGCCTGAGTTCTCCGGGACGATAAAGCAGACGGGTACACCAGGCGCACAGGTCATCATCAGAAATGGAACGACACCCCGGCAGCGCCTCCGGGGCGTCGGGTGATTCAGGGACAGGCTGCATCAGCGCATGCTCTCCAGCAGCGTTTCTGCCATCACCCACAACGCGCGATTGAGCTTAATGTCAGTGTCGATGCTGTGAATGGCACGGGTATGGATACGTTTTCCTTTTGCACTGTGCCCGGGAATGCCGCCTTTCATCAGATTTTCCTGGATGGTCTGCCAGGCATTCCACAGGTCCTTACCGTAATCCTCCCTGCGTCGTGGTGTCAGAATGTCGGCAGTGGTGACGGGCTGATGTTCGTCACCATAACGGTAAGTCAGGGCTGCCTGTGCCAGCGCCTGACGTGCCGGTGGTGGCAGAACCAGCGACTGCATGGCATCACGCTTTTCCTCAATCTGGTCAAAAACGCCCACCACTTCGTAAGCCCCTTCGATAACTTTCTCCACCACATTTCCCCGGTGCGGAACACGCACTTCCCCCAGAGACTGACCACAGACGCACCCGTTCTGGCAGACGAATCTGAAGTAACCCGGCAGCATCTGGTAGCTGGAGGTACCGTCATGGGAGTTGAGCAGAATGATTTCAGGGACATGTTGTCCGTTTATCTCTCCGGTCCGCCGCAGACGCAGCATGTGTTTGGTGTATCCCCGGCGGCCCGGGTCACGTACGCGGGTCTGGCAGGCGAAGAATGGCTGAAAACCTTCCCGCTGCAGGCTTTCCAGCACGGTGATGGTGGGGATCCAGGTATAGTTCTCGCTTCTGGATGTGTGTTTCTCTTCCCCGAATACGCTGGGGACGACCTGCATCAGTTCTTCACGAGTTAAGGGGCGGTCACGGCGTATCTGGTTCGCATAA
NZ_CP010206.1_gap103	4304427	4305739	1312	CGGCTGGGCATGAAAACGCTGTGCTCCGGCACGTAAGGCTAACATGCTGAGGTTGTGCGCCAGCAGTTCTTCCAGAATCAGACGACGTTGCGCCGGATGCTGCCCGGTTTCCAGATCGCTAAGCTGTAGCGTCGGTGGCGGGCGGTGCAAAGTGCGCAACGCTTCCGGTAGCGTCATCATTCCTTGTGACAGTTCCGGCGGCAGGAGTTCTTCAATGGCGCAGGTGTCGAGCAGATCCAGCGCCTGGTCGGTTAATTTACGCAGCGTGGCCTGCTTTACGCCTTCCGTTGTTGGATAAACCGGCGTGAGCGTTTCCTGTAATTCTGGCGTGCTGAGATCGCCCTGCACGCGGTATTCCGGGTGGATCATCTCCGCACCATATTTACCGCGCTTTGCTTCGCCATAAGCCAGTACACGGCGGCCCGTCGCCAGGCTATTTTTCATTGCCGCGCTGAAATTGAAAAAGCGCATGGTGAGGATGCCGGAACCGTCGCTGATCTGGCAGGTCATCATCCGCCGACCGCCGAAGGAGATATTGCAGTTCAGCACTTCGCCTTCCACCGTGGCATAAACGCCCGGCAGTAGTTCTCCGATGGGGTAGAGATGGGTGCGATCTTCGTAGCGCAGGGGAAGGTGTAAGAGTAGATCCTGCACGGTATGCAGGTTGATTTTCGCCAGTTTGTTACTAAGTGCTGCGCCAACGCCCGTTAGGGAACTGAGTGGGACAGCATCTAACAGGCGACCTTTCATGGCACTTACCCTGCAGCCTGCATAGTAGCCCACCAGTCGGCATCAGCTTCGATCTCGCCTTGCTGATTGACGTGGGGATAAGGCAGGCCTTTGCGTTTTGCGACTTTCGCCAGCACCGGATAGCCGCCTTCAAACAACAGGCGTTGTTGCTCTGCTTCCGGCAACATGCTGTTTTCACGCAGGTACATGCCTGCATTTTGCCGCTGACGCTGGGCTTCGTAAAGAATGAGGGCTGAGGCAACGGAAACATTCAGCGACTGCACCATGCCGATCATCGGAATGATGATGTCCTGATCCGCCAGGGCCAATGCTTCCTGCGTGATGCCCGTTTTCTCCTGTCCCATCAAAATGCAGGTCGGGCGAGTGTAATCAATTTTGCGGAAATCGACAGCGTTATCAGAAAGATGGGTTGCCAGAATCTGCATGCCCTGGCCTTTGAGATGAGCGACGGCATCGCCAATGGTGCGGTGTGTTTTCACCTGTACCCAGCTGTTACTACCCGCCGCTGCCGAAGCCATGGTGCGCATGCGGCTACCAGGCCAGACGGCGTGAACTTCATGTA
NZ_CP010206.1_gap104	4317779	4320316	2537	GATTTAACGGAACGGCTATGACAGGATGCGAGCACCACAAAGGAGGTGAAGGTGAAAAACAATGCACAGCTGTTGATGCCGCGCGAAAAAATGCTGAAGTTTGGTATTAGCGCCTTAACGGATGTCGAGCTGCTGGCGCTATTTCTGCGTACCGGAACGCGCGGTAAAGATGTATTAACCCTGGCAAAAGAGATGTTGGAGAATTTCGGCTCTCTTTATGGCTTGTTAACCTCTGAATATGAACAATTTAGTGGTGTTCATGGAATTGGCGTAGCGAAATTTGCCCAGTTAAAGGGGATTGCTGAACTGGCGCGGCGTTACTACAACGTGCGGATGCGTGAAGAAAGCCCTTTACTCAGCCCGGAGATGACGCGGGAATTTTTACAAAGCCAGCTCACGGGTGAGGAGCGGGAGATCTTTATGGTGATCTTTCTCGACTCACAACACCGGGTTATAACGCATAGCCGACTTTTTTCCGGCACGCTAAACCATGTTGAAGTCCATCCTCGGGAAATTATCCGCGAAGCGATAAAAATAAACGCCTCGGCGCTGATCCTTGCACATAATCACCCTTCGGGTTGTGCTGAACCCAGTAAAGCGGATAAACTCATTACTGAACGGATAATAAAGAGTTGTCAGTTCATGGATTTACGCGTGCTCGACCATATCGTGATTGGGCGTGGAGAGTATGTTTCTTTTGCCGAACGCGGCTGGATTTAACCCGCTATGCGCGATCCTTCGGGATCTTTGTCTGTTCGGGACTTGAGCACATCGCTGAGTCAGCGTATACTACGCCACCTTTGAGAATCTCGGGTTTGGCATTTGGGCCTGGCAATCGAGAGTTCACATAGAACTGCGATGACCGGGCTGTAAAGCCTGACGAGGCGCCAATACCCCATACGAAGCTCGAGCTAATTTGATTTTTGGAGAATAGACATGTCCCGAGTCTGCCAAGTTACTGGCAAGCGTCCGGTGACCGGTAACAACCGTTCCCACGCACTGAACGCGACTAAACGCCGTTTCCTGCCGAACCTGCACTCTCACCGTTTCTGGGTTGAGAGCGAGAAGCGTTTTGTCACCCTGCGCGTATCTGCTAAAGGTATGCGTGTAATCGATAAAAAAGGCATCGATACAGTTCTGGCTGAACTGCGTGCCCGTGGCGAAAAGTACTAAGTACTTAGAGGAAATAAATCATGGCTAAAGGTATTCGTGAGAAAATCAAGCTGGTTTCTTCTGCTGGTACTGGTCACTTCTATACCACTACGAAGAACAAACGTACTAAGCCGGAAAAACTGGAACTGAAAAAATTCGATCCAGTTGTTCGTCAGCACGTGATCTACAAAGAAGCGAAAATCAAATAATTTTCGCTTTGATGTAACAAAAAACCTCGCTCCGGCGGGGTTTTTTGTTATCTGCTTGCCCCCATATTGATTGCATCTGTTCATTCCTGGAGATGCTATGCCTGAATTACCCGAAGTTGAAACCAGCCGTCGCGGCATAGAACCGCATCTCGTTGGTGCAACCATTCTTCATGCAGTGGTGCGCAACGGACGCTTGCGCTGGCCGGTTTCAGAAGAGATCTACCGTTTAAGCGACCAACCAGTGCTTAGCGTGCAGCGGCGGGCTAAATATTTGCTGCTGGAGCTGCCTGAGGGCTGGATTATCATTCATTTGGGGATGTCTGGCAGCCTGCGCATCCTTCCAGAAGAACTTCCCCCTGAAAAGCATGACCATGTGGATTTGGTGATGAGCAACGGTAAAGTGCTGCGCTACACCGATCCGCGCCGCTTTGGTGCCTGGCTGTGGACCAAAGAGCTGGAAGGGCATAATGTGCTGGCCCATCTTGGACCGGAGCCGCTCAGCGACGATTTCAATGGTGAGTATCTGCATCAGAAGTGCGCGAAGAAAAAAACGGCGATTAAACCGTGGCTGATGGATAACAAGCTGGTGGTAGGGGTAGGGAATATCTATGCCAGCGAATCACTGTTTGCGGCGGGGATCCATCCGGATCGGCTGGCGTCATCACTGTCGCTGGCAGAGTGTGAATTGTTAGCTCGGGTGATTAAAGCGGTGTTGCTGCGTTCGATTGAGCAGGGTGGTACAACGCTGAAAGATTTTCTGCAAAGTGATGGTAAACCGGGCTATTTCGCGCAGGAATTGCAGGTTTACGGGCGAAAAGGCGAGCCGTGTCGGGTGTGCGGTACGCCGATTGTGGCGACTAAACATGCGCAGCGGGCAACGTTTTATTGTCGGCAGTGCCAGAAGTAATTCATGCGCGCCGGATGGCATACCATCCGGCATAAACGCTACGCTAACTTCGCCATCAGCGCCTGATGGACATTCTCCGGCAGGAAATGGGTGACATCGCCCTGATGGCGCGCCACCTCTTTCACCAACGATGAAGAGATAAACGACCACTCTTTCGACGGCATCAGAAACACACTTTCCAGTTCCGGCATTAAGTGGCGATTCATATGCGCCAGCTGCATTTCATATTCAAAATCCGCCACCGCACGCAGGCCACGAATCAGCACCGT
NZ_CP010206.1_gap105	4321616	4324518	2902	TAAATCAGGATAACGATGGCGCAGCGCGCGCACCAACGGGATCGCCGCCAGAGTTTCACCGACGGAGACGGAGTGCAGCATAATGCCGCCTGGTTTTAGCGGATGGCGGTAAAAACCGTAACGTTCACCCCAGCGTTTTCGATAGGCCGGAGCCTTACGTCCGCGCACCCAGAGCCGTATCCAGATCAGCGGCTGAATAAGGTAGAGAAGGGCGGTGTAAAGCAATTCGAGCATAGTAAATAGCTGACTTATGGATGTGCTGGGGATTCTATGTATTTAGCTGTGGCTTTACCATTACTTTTCCCGTTTTTGACTTAAATAGCAATTTACCCGCCAATTCTTGCTGAACATCTATACTTTTTTTGTATTTTTATGCGATTCATTGATTTCTGCTGTACGTGCAGGAAGGAATCGCAGAGCAACAGTGAAAGAATATGGTTGCTAATGATTTTATTTGATTGATTTCTTTATTGAAAATCAACAATGTGCTTAAAAATCATTCGGGTCGGATTGCCGCGAAAGAAGTGATACACTAGCGCGTCAATATCAGTGCGGTATCAGTATTCAGGTAGCTGTTGAGCCTGGGGCGGTAGCGTGCTTTTTCTGCTTCACCTTAATCGGATAATCTCAACAAAAAGAGTTACTTGTGGATAAGCCATTTCGAAGAATTTTGCTCATTAAGATGCGTTTTCATGGGGATATGTTATTAACTACTCCCGTCATTAGTTCGCTGAAAAAAAATTACCCTGACGCAAAAATCGATGTGCTGCTTTATCAGGACACCATCCCGATCCTGTCTGAAAATCCAGAGATTAACGCGCTCTACGGCATAAAAAATAAAAAAGCAAAAGCCTCAGAAAAAATTGCCAACTTTTTTCATCTCATCAAGGTATTACGTGCCAATAAGTATGACCTTATCGTCAATCTTACCGATCAATGGATGGTTGCTATACTGGTTCGCTTATTAAATACTCGTGTGAAAATTTCCCAGGATTATCATCATCGGCAGTCTGCTTTTTGGCGTAAAAGTTTCACCCATTTGGTGCCGTTGCAGGGTGGAAATGTGGTGGAAAGTAACTTATCCGTGCTGACACCATTGGGACTTGATTCGTTGGTGAAGCAGACAACCATGAGTTACCCGCCTGCAAGCTGGAAACGTATGCGTCGCGAACTTGATCACGCTGGTGTTGGACAAAATTATGTGGTTATCCAACCTACGGCGCGGCAAATCTTCAAATGCTGGGACAACGCCAAGTTTTCCGCTGTGATTGATGCCTTACATGCTCGTGGTTATGAAGTCGTTCTGACGTCCGGCCCAGATAAAGACGATCTGGCCTGCGTCAATGAAATTGCGCAGGGATGCCAGACGCCACCAGTAACGGCGCTGGCTGGAAAGGTGACCTTCCCGGAACTTGGTGCGTTAATCGATCATGCGCAGCTGTTTATTGGCGTTGATTCCGCACCGGCGCATATTGCCGCTGCAGTTAATACGCCGCTGATATCGCTGTTTGGTGCGACAGATCATATTTTCTGGCGTCCCTGGTCAAATAACATGATTCAATTCTGGGCGGGAGATTACCGGGAAATGCCAACGCGCGATCAGCGTGACCGAAATGAGATGTATCTTTCGGTTATTCCGGCGGCAGATGTCATTGCTGCTGTCGATAAATTACTGCCCTCCTCCACGACAGGTACGTCGTTATGATCGTTGCTTTTTGTTTATATAAATATTTTCCCTTTGGCGGTTTGCAGCGTGATTTTATGCGTATTGCTCAGACAGTCGCCGCCCGAGGTCATCATGTTCGGGTTTATACCCAGTCGTGGGAAGGCGAATGCCCTGATGTATTTGAACTGATCAAAGTGCCGGTTAAATCGCATACCAATCACGGGCGCAATGCGGAGTATTTTGCCTGGGTGCAAAAACATTTACGCGAACATCCCGTCGATAAAGTCGTTGGATTCAACAAAATGCCGGGGCTGGACGTTTATTATGCCGCTGATGTTTGTTATGCCGAGAAAGTAGCGCAGGAAAAAGGCTTTTTCTATCGCCTGACGTCACGTTATCGCCATTATGCCGCCTTTGAGCGGGCAACCTTCGAACAGGGTAAGCCGACACAGTTGCTGATGCTGACAGATAAGCAAATCGCCGATTTCCAGAAACATTATCAGACTGAAGCGGAGCGTTTTCATATTCTGCCACCGGGGATTTATCCTGATCGTAAATATAGCCAGCAGCCAGCCAATAGCCGTGAAATCTTCCGTAAGAAGAATGGAATAACCGAACAACAATATTTATTGTTGCAGGTCGGTTCAGACTTCACGCGTAAAGGTGTCGATCGTTCCATTGAAGCACTTGCTTCGTTACCGGATTCGCTGCGCCACAACACATTGCTATATGTTGTTGGGCAGGATAAACCGCGAAAATTTGAGGCGCTGGCAGAAAAACGCGGCGTGCGCAGTAATGTTCACTTTTTCTCGGGGCGCAATGATGTCTCGGAATTAATGGCGGCGGCGGATTTATTACTGCATCCTGCCTACCAGGAAGCGGCGGGAATTGTGCTGCTGGAAGCGATTACTGCAGGATTACCGGTACTAACAACAGCCGTTTGTGGCTATGCGCATTATATTGTCGACGCTAATTGCGGCGAGGCTATTGCTGAGCCATTCCGCCAGGAAACATTGAATGAGATTTTACGCAAAGCGTTAACGCAATCTTCATTGCGCCAGGCCTGGGCGGAAAATGCGCGACATTATGCTGATACACAAGATTTATACAGTCTGCCAGAGAAAGCGGCGGATATCATAACGGGTGGTCTGGATGGTTGAACTTAAAGAGCCGTTTGCCACGTTATGGCGCGGCAAAGATCCTTTTGAGGAAGTTAAAACCTTGCAGGGTGAGGTA
NZ_CP010206.1_gap106	4446904	4451733	4829	CCTGCTGGCATATGTCGCAGCTCATCCCATAATGATGAGATACCGATAGAGAATACAGGGTCCACAATGTCCCTCATGTCACCATTTTGTCTGATTATCAGTTTACTAGCGAAAGCTAAGAAATAAACCTACCATTGAAATTAAAACTTATCAGATTTAGCATGTGAATCAATTTAGAAGGTCACAAGACGTGTGATTTTAGTCTTTTCGTTTTTAACTTTTTCTGTTGCGTAACGGAAAGTCAAAAAGTGAGCAAATTCCCGTCTCGCCGTAAACAATAAACCGGCGAAATGCTCACGGTTAGAATTGTCTCATGAACGGTACGGTTATTTCATAGGGATCAAGCAAAATGAATAACAATGAACCAGATACTCTGCCTGATCCCGCGATAGGCTATATCTTCCAGAATGATATTGTGGCGTTAAAGCAGGCATTTTCACTGCCTGATATTGATTATGCCGATATTTCCCAACGCGAACAGTTGGCCGCGGCATTAAAACGCTGGCCGTTGCTGGCAGAGTTTGCGCAACAAAAGTAGGGGATTGGTGAATGGCCGTACTGGGATTGCAGGGGGTGCGGGGAGGCGTGGGGACAACAACCATCACCGCCGCATTAGCCTGGTCATTACAAATGTTGGGAGAAAATGTCCTGGTGGTCGATGCCTGCCCGGACAACTTGTTGCGCCTGTCATTTAATGTTGATTTTACCCACCGTCAGGGCTGGGCCAGAGCGATGCTGGATGGCCAGGACTGGCGTGACGCTGGGTTGCGCTACACCTCGCAGCTCGATTTGCTGCCTTTTGGTCAGTTATCCATTGAAGAACAAGAAAATCCACAGCACTGGCAAACCCGGCTGAGCGATATTTGCTCCGGCTTACAGCAACTAAAAGCCAGCGGGCGTTACCAGTGGATTTTAATCGACTTACCGCGTGATGCCTCGCAGATAACCCACCAGCTGCTGAGTTTGTGCGATCACTCGCTGGCAATCGTCAATGTGGATGCCAACTGCCATATCCGCCTGCATCAGCAAGCGCTGCCGGATGGCGCACATATTTTGATTAATAACTTCCGTATTGGCAGTCAGGTTCAGGACGATATTTACCAGCTTTGGTTGCAAAGCCAGCGCCGATTGCTGCCGATGCTCATTCATCGTGATGAAGCGATGGCTGAATGCCTGGCGGCTAAGCAACCAGTCGGTGAATACCGCAGTGATGCGCTGGCGGCAGAAGAGATACTGACGCTGGCGAACTGGTGCCTGTTGAACTATTCCGGGCTGAAAACGCCAGTCGGGAGTGCATCATGAGTATCCTGACCCGGTGGTTGCTTATCCCGCCGGTCAACGCGCGGCTTATCGGGCGTTATCGCGATTATCGTCGCCACGGTGCGTCGGCTTTCAGCGCGACGCTCGGCTGTTTCTGGATGATCCTGGCCTGGATTTTTATTCCGCTGGAGCACCCGCGCTGGCAGCGTATTCGCGCAGAACATAAAAACCTGTATCCGCATATCAACGCCTCGCGTCCGCGTCCGCTGGACCCGGTCCGTTATCTCATTCAAACATGCTGGTTATTGATCGGTGCATCGCGCAAAGAAACGCCGAAACCGCGCAGGCGGGCATTTTCAGGTCTGCAAAATATTCGTGGACGTTACCATCAATGGATGAACGAGCTGCCTGAGCGCGTTAGCCATAAAACACAGCATCTGGATGAGAAAAAAGAGCTCGGTCATTTGAGTGCCGGGGCGCGGCGGTTGATCCTCGGTATCATCGTCACCTTCTCGCTGATTCTGGCGTTAATCTGCGTTACTCAGCCGTTTAACCCGCTGGCGCAGTTTATCTTCCTGATGCTGCTGTGGGGGGTAGCGCTGATCGTACGGCGGATGCCGGGGCGCTTCTCGGCGCTAATGTTGATTGTGCTGTCGCTGACCGTTTCTTGCCGTTATATCTGGTGGCGTTACACCTCTACGCTGAACTGGGACGATCCGGTCAGCCTGGTGTGCGGGCTTATTCTGCTCTTCGCTGAAACGTACGCGTGGATTGTGCTGGTGCTCGGCTACTTCCAGGTAGTATGGCCGCTGAATCGTCAGCCGGTGCCATTGCCGAAGGATATGTCGCTGTGGCCGTCGGTGGATATCTTTGTCCCGACTTACAACGAAGATCTCAATGTGGTGAAAAATACCATTTACGCCTCGCTGGGTATCGACTGGCCGAAAGACAAACTGAACATCTGGATCCTCGATGACGGCGGCAGGGAAGAGTTTCGCCAGTTTGCGCAAAACGTGGGGGTGAAATATATCGCCCGCACCACTCATGAACATGCGAAAGCGGGCAACATCAACAATGCGCTGAAATATGCCAAAGGCGAGTTCGTGTCGATTTTCGACTGCGACCACGTACCAACGCGATCGTTCCTGCAAATGACCATGGGCTGGTTCCTGAAAGAGAAACAGCTGGCGATGATGCAGACTCCACACCACTTCTTCTCGCCGGACCCGTTTGAACGCAACCTGGGGCGTTTCCGTAAAACACCGAACGAAGGCACGCTGTTCTATGGTCTGGTGCAGGATGGCAACGATATGTGGGACGCCACTTTCTTCTGCGGTTCCTGTGCAGTAATTCGTCGCAAACCATTGGATGAAATTGGCGGTATTGCTGTCGAAACGGTAACCGAAGATGCGCACACGTCTCTGCGCCTGCACCGTCGTGGCTACACCTCTGCATATATGCGTATTCCGCAGGCGGCGGGGCTGGCGACCGAAAGTCTGTCGGCGCATATCGGTCAGCGTATTCGCTGGGCACGCGGGATGGTGCAAATCTTCCGTCTCGATAACCCGCTTACCGGTAAAGGGCTGAAATTCGCCCAGCGGCTGTGCTACGTCAACGCCATGTTCCACTTCTTGTCGGGCATTCCACGACTGATCTTCCTGACTGCGCCGCTGGCGTTCCTGCTGCTTCATGCCTACATCATCTATGCGCCAGCGTTGATGATCGCCCTGTTCGTGCTGCCGCATATGATCCATGCCAGCCTGACCAACTCGAAGATCCAGGGCAAATATCGCCACTCTTTCTGGAGTGAAATCTACGAAACGGTGCTGGCGTGGTATATCGCACCACCGACGCTGGTGGCGCTGATTAACCCGCACAAAGGCAAATTTAACGTCACCGCCAAAGGTGGGCTGGTGGAAGAAGAGTACGTCGACTGGGTGATCTCGCGGCCCTACATCTTCCTTGTTCTACTCAACCTGGTGGGCGTTGCGGTAGGCATCTGGCGCTACTTCTATGGCCCGCCAACCGAGATGCTCACCGTGGTCGTCAGTATGGTGTGGGTGTTCTACAACCTGATTGTTCTTGGCGGCGCAGTTGCGGTATCGGTAGAAAGCAAACAGGTACGCCGATCGCACCGCGTGGAGATGACGATGCCCGCGGCAATTGCCCGCGAAGATGGTCACCTCTTCTCGTGTACCGTTCAGGATTTCTCCGACGGTGGTTTGGGGATCAAGATCAACGGTCAGGCGCAGATTCTGGAAGGGCAGAAAGTGAATCTGTTGCTTAAACGCGGTCAGCAGGAATACGTCTTCCCGACCCAGGTGGCGCGCGTGATGAGTAATGAAGTTGGGCTGAAATTAATGCCGCTCACCACCCAGCAACATATCGATTTTGTGCAGTGTACGTTTGCCCGTGCGGATACATGGGCGCTCTGGCAGGACAGCTACCCGGAAGATAAGCCGCTGGAAAGTCTGCTGGATATTCTGAAGCTCGGCTTCCGTGGCTACCGCCATCTGGCGGAGTTTGCGCCTTCTTCGGTGAAGGGCATATTCCGTGTGCTGACTTCTCTGGTTTCCTGGGTTGTATCGTTTATTCCGCGCCGCCCGGAGCGGAGCGAAACGGCACAACCATCGGATCAGGCTTTGGCTCAACAATGATGATAACGCGATGAAAAGAAAACTATTCTGGATTTGTGCAGTGGCTATGGGGATGAGTGCGTTCCCCTCTTTCATGACGCAGGCGACGCCAGCAACGCAACCACTGATCAATGCTGAGCCAGCTGTAGCCGCCCAGACGGAACAAAATCCGCAGGTGGGGCAAGTGATGCCGGGCGTGCAGGGTGCTGATGCGCCAGTCGTGGCGCAGAACGGTCCTTCGCGTGATGTGAAGCTGACCTTTGCGCAAATTGCACCGCCGCCGGGCAGCATGGTGCTACGTGGCATTAACCCGAACGGCAGCATTGAGTTTGGTATGCGCAGCGATGAAGTGGTGACGAAGGCGATGCTCAACCTCGAATACACGCCATCGCCATCGTTACTGCCTGTCCAGTCGCAGTTAAAGGTTTATCTCAATGATGAACTGATGGGCGTGCTGCCAGTGACCAAAGAACAGTTGGGTAAAAAAACGCTGGCGCAAATGCCCATTAATCCACTGTTTATTACCGACTTCAACCGTGTGCGGCTGGAGTTTGTCGGCCATTATCAGGACGTATGCGAAAACCCGGCCAGCACCACGCTTTGGCTGGATGTTGGGCGGAGCAGTGGACTGGATCTGACCTATCAGACCCTGAATGTGAAGAATGACCTGTCACACTTCCCGGTGCCATTCTTTGACCCGCGCGATAACCGTACTAACACCTTGCCGATGGTCTTTGCGGGTGCGCCGGATGTTGGGCTGCAACAAGCCTCTGCCATTGTCGCCTCGTGGTTTGGTTCGCGTTCTGGCTGGCGTGGGCAGAACTTCCCGGTGCTCTATAACCAACTGCCGGATCGTAATGCCATTGTCTTTGCAACCAACGACAAACGGCCGGACTTCCTGCGCGATCATCCGGCGGTAAAAGCCCCTGTGAT
NZ_CP010206.1_gap107	4462482	4464754	2272	GTGCTGTATCTGCGTGCGCAGTGTGCCATCAACATCGAATCACCAAACGACAAGCTGAACAGCAACCTTAATCTGGTGGCGCGTGAACTGGCGAAGGTTCGCGATAAAGGTCTGCCGGAAGAAGAGTTCAATGCGTTAGTGGCGCAAAAGAAACTGGAGCTGCAGAAACTGTTTGCCGCCTATGCGCGGGCTGATACCGATATTCTGATGGGTCAGCGGATGCGTTCGTTGCAAAATCAGGTCGTCGATATCGCGCCGGAGCAGTATCAGAAACTGCGGCAGGATTTCCTTAACAGCCTGACGGTGGAGATGTTAAATCAGGATCTGCGTCAGCAGTTGTCGAATGATATGGCGTTAATACTGCTGCAGCCGAAAGGCGAGCCGGAATTTAACATGAAAGCGTTGCAGGCGGCCTGGGATCAAATCATGGCCCCATCGACTGCTGCTGCCGCCACCTCTGTCGCCACGGATGACGTACATCCTGAAGTGACGGATATTCCACCTGCACAGTAATGCCTGATGGTGATGAGTTAGCACAACCATCAGGTATTTATGGATGAGCTGGATAGAGGGGTAACACTTTATCCAGCCTTTTGCATATGCTGCGTTTACGCTGGCATCGCCTCACGCGGGATAATCGCGCCGCGATACTGAATAACGGTACTTGCGGTCAGGTGCCCGCGTTTCGCCGCGTTTTCCGCACTGCCGCCCGTCAAACGTACCGCCAGATAACCGGCGCTGAAAGAGTCGCCAGCTGCGGTGGTATCGATCACTTTTTCTTTCGGCAGTTTCACCGCCGGAACATCCACTAACCCTTCGCCAGCAATGGACACCAGGCAAGAATCCGCCCCGCGTTTCACCACCACTTCTTTCACACCCGCGTTATGGGTGCGCGCAATGACGTCTTCCACCGGCTGTTGACCCCACAGCGCGTCTTCATCGTCCAGCGTCAGGAAGGCGATATCCGTGCATTCCAGCATTTGTTGGTACACCTGCTGTGTCTCTTCTTTGCTGGCCCACAGGCGCGGACGATAGTTATTGTCGAAAATCACTTTTCCGCCGTTGGCGCGGCATTCGCGCAGCAGGGAAAGCAGCTTTTCGCGGCTGGTCGGGCTTAAGATCGCCAGGCTAATCCCGCTCAGGTAGAGATAATCGAAATTCGCCAGCTCTTCGCAAATCGCCGCAGACTGCTCACTCTCCAGCCAGAATTTGGCGGCGGCTTCGTTCCGCCAGTAGTAGAACGTACGCTCGCCGGTGCTGTCGGTTTCAATGTAGTAAAGGCCCGGCAGACGGTTTTCCATCCGTTGGGTCAGGGAAGTATCAACGTTCTCGCCGTGCCAGGCGTCCAGCATTTGCTGGCTAAAACTGTCCGTTCCAAGCGCCGTTACGTAATGAACGGTTAATGCCGCAGGATCGACCTGACGGGCGATATAGACGGAAGTGTTCAGGGTATCGCCGCCGAAACCGCGCTTAACGTCCGCGCCTTTCTCGGAAAGCTCAATCATGCATTCGCCAATCACGGCAATCTTTTTGGACATAGTCGTGAACCTGATCTGTAAAAAATTAGCGTTAGTTTGCGCTGTGGTGGTTTGCTGGTCAACCATATTAAAACAGTGTTCCATTATTTTTTTGAGCCAGAACGTATTCCTGAAAGATTCCGTTGTGGAGTGAGGAAATTTACCCCGGCCAGGCGGTAAAGTTCTGCCCTTGCGCGCCGATAATCTTTGTCGAGTCCGGGCAGCATCACTTTTAAACACAGGACATCTTTGATGATAAGGCAGGTTATCCAGCGAATAAGCAACCCTGAAGCAAGCATCGAGAGCTTGCAGGAACGGCGTTTTTGGTTGCAGTGTGAGCGTGCTTACACCTGGCAGCCGATCTATCAAACATGCGGACGGTTAATGGCCGTGGAGCTATTAACGGTGGTCACGCATCCCTTGAACCCTTCGCAACGCCTGCCGCCGGATCGCTATTTTACTGAAATCACCGTCAGCCATCGGATGGAGGTTGTGAAAGAGCAGATTGATTTGCTGGCGCAAAAAGCCGACTTCTTTATAGAGCACGGCCTGCTGGCATCGGTCAATATTGATGGCCCTACGCTCATCGCCCTGCGTCAGCAACCAAAAATCCTGCGCCAGATTGAGCGTCTTCCCTGGCTGCGTTTCGAACTGGTGGAGCATATCCGTCTGCCGAAAGATTCAACCTTTGCCTCGATGTGTGAATTTGGCCCGCTGTGGCTGGATGATTTTGGTACCGGGATGGCAAATTTCTC
NZ_CP010206.1_gap108	4481103	4483753	2650	CTTTATTGATACTGCTTAACGCAATCATTGCCCGCTGAATGATCGCGGTAACCGAGTTTTCCTCACCGACACGTTCAGACCACGGCTTGAGACTGATAAACGCCAGGCCGTTGTTTTGCCCCTGGCCGCTGAAGCCAAAGCCGCCAACGGTAAACACCGACTGAACATTATCTTTCTCTTTTGTAAGATAATAATCCGTCACCTGTTGCAGCACTTTCGTGGTGTTAACCATGGTGGCACCGGAAGGTAACTGCGCGGTGGTCATAAATACCCCCTGATCCTCTTCTGGTAAGAAAGAGGTCGGTGTACGCAGGAACAGCACCGCCATCCCGGCGCAAATCAGCAGGTAGACCACCATGTAGCGACCGGTACAACGCAACAGCGAGCGGGTGCTATCGGTATAGTGCTGAGTTGATTTTTCAAACAGCGTGTTGAAGCGTGCGAACAGGGCGTTAGGTTTGTGACCGCCTTCCGGCGCGGCTTTCAGAATGGTGGCGCACAGGGCAGGGGTCAGGCTCATTGCCACAAATACTGAAAGCAGCATGGAGGAGATCAGCGTGATGGAGAACTGGCGGTAGATCTCCCCGGTTGCGTCGCTCATAAAGGCCATCGGCATAAACACTGCGGAAAGAACAACAGCAATACCGACCAGCGCACGTTGGATCTGCCCCATCGATTTATGCGTCGCTTCCTTCGGTGGTAGCTTATCTTCCGCAATGACACGCTCGACGTTCTCCACCACCACGATGGCGTCATCCACCAGTAACCCTATCGCCAGCACCATCCCGAACATAGTTAACGTGTTGATGGTGAAACCGACCGCCGACAAGATCGCAAACGTCCCGAGAATAACCACCGGTACGGCAATCGTCGGGATGATTGTGGCACGGAAATTCTGCAAAAACAGATACATGACCAGGAAGACGAGGATGATAGCCTCAACCAGTGTTTTAAAAACTTCCTGAATAGAAATTTCGATAAACGGCGTGGTGTCGTAAGGATAAACCGTCTTCAGACTTGCGGGGAAATAGGCTGATAAGCGGTTCAGCTCCTCTTTGACTGCCCGCGAGGTATCCAGGGCGTTTGCTCCGGTAGCCAGTTTGATGGCGATCCCGGCAGCAGGTTTGCCGTTATAGCGCGCCACGGTGGAATAATCTTCCGCTCCAAGTTCGACGCGGGCGACATCACGCAGCAGCACTTGCGAACCATCTTGCTGAACTTTCAACAGGATTTTGCCAAATTCTTCCGGCGTTTGCAGACGCGTCTGCACAATGATCGAGGCGTTTAGTTGCTGGTCTGCCGCCTGTGGCATGCCACCCAGTTGACCACCGGAAATCTGGTTGTTTTGCACCTTAATCTGGGAAATAACATCGGAAGGTACCAGATTGTATTTATTGAGTTTTTGCGGGTCCAGCCAGATACGCATGGCGTACTCGGAACCAAAGAGCTGTACGCTACCAACGCCCGCGGTACGGCTTAGCGGGTCTTTGATATTAGACGCTACATAGTCCGCGATATCGTACTGGTTGAGGCTGCCGTTATCAGAAATAAACGCCGCTACCATCAGAATATTACTGCTCGACTTATCAACGCTAATCCCCTGCTGCTGCACCGCTTCAGGTAATGAAGGCATAGCGAGTTGCAGTTTATTTTGCACCTGAACCTGTGCGATATCAGGAGATGTCCCAGTCTCGAAGGTCAGAGTGATAGAGGCATTACCCGCCGCATCACTGGTTGAAGACATGTACATCAGGCCATCAAGCCCATTCATATTTTGCTCAATCACCTGAGTGACCGAGTCTTCTACCGTTTGCGCATCGGCACCTGGATAGGTAGCGCTGACGGTAATGGTCGGTGGCGCAATCTGCGGATACTGCGCAACCGGTAAGTTCATGATCGCCAGACCACCTGCAAGCATCATAATAATGGCAAGTACCCAGGCAAAAACCGGGCGATCAATAAAATAGTTAGCCATGAAAGTCCCCTTAAGCCTGCAACGTTATTGTTTCGATTCGGTGCTGGCGTTTTCCTGGCTGGAGGAAATTGCTCGTGCTTTGATACCCGGACGAATGCGTTGCAAACCGGAAACGATCACCCGATCGCCAGCCTGCAAGCCAGAGGTGACAACCCACTGGTCGCCGATGGCTTTGCTGGCTTCAATTTCGCGTAGCTGCACAACATCGTCTTTATCCAGAATGAGCGCCGTTGCTTTACCCTGGGCGTTGTGGGTGACGCCTTCCTGCGGCACCAGTAATACATTCTGGCGGCTACCTTCATCCACTAATGCCGTGACGTACATGCCAGGCAGCAAGTCACCATTTGGGTTGGGGAAAATCGCCCGTAACGTCACGGAGCCCGTGGTTTCATCCACCGTCGGGTCGGAGAATTTCAGCGTGCCGGTCTGGCTGTAGCGTTTACCATTTTCCAGATTGAGCTGTACTGGCGTACTGCCCTGAACCTGTTTGATTTGCCCACTGGCGACCTCTTCTTTCATGCGTAAGAAATCCTGCACCGACTGCGTGAGATCGACATAAATCGGGTCCAGACGTTGTACGGTAACCAGCGAATCTGCCTGATTAGCGGTAACGAGTGCGCCGACGGTCACCGACGATTTCCCGCTGACGCCCGTAATCGGCGAGGTGACATTCGC
NZ_CP010206.1_gap109	4524377	4526350	1973	CATTTCCAGTTGCTGATCAGGATGCACGGCGTCCATCTCAGCGTGTTCCCCGAGGCTGAATACGGCGTTCGCCAGCCAGCGCCAGTTGGCGCGCGGGCGAATCACTTCGATATCGCAGCCGACTTCGCCTTCATCACTCAACAGCAGAGCGATATCGTCACCGCTATGGCTTAAGTTGAACCATAGCGGCGTTTCCGGCGCGAATGCAGGTTTGCCTTGTTCGCCATAGATGATCTCCGGTAGCGGGGAAAGCGTGTGCGAAAGCAATGCACGCCCCGCCAGCCAGCGTTCGCGTCGTGGACCTTGCGGTGCTTGCTCGCGTAAACCCGGTGGCAGTGGAGCTGCGCTTAAGGTCGAAACTTTCCCCAGAACTATCCGATACATATCAGGGCCAACGTTTAATGGAAAATGAAAGTGCGTATCGTATCACTTGTCGCCTCATCCCGGTAACCGACTTTTCGGTCTGCCCGGCCCCAGTAAAATCGCCAGTTTGCTGCCACCTTTCGTCGTTTCCATCCAGATTTTACACACGCTGGTTAATGGCACCGAAAGTAGCATCCCTACCGGGCCGAGCAGCCATCCCCAGATTAACAATGAAAGAAATACCACCATGGTGGACATCCCCAGGCGATGGCCCATCATCCGTGGCTCTAAAATATTGCCGATGACCATATGGACAACTAAAAACAATGCGCCGACCAGAATACATTCGTAAATACCATTAAACAGCAGCACCTGAATCATTGGCGGTACGGCGGAAATTACCGCGCCGATATTGGGCACGTAGTTAAGCAAAAACGCCAGTACTGCCCACATCAGCGCAAACTGTACCCCCATCAGCTCCAGCCCCAGCCAGACGATGACACCTGTCCATAAACTGAGTAGCGTCTTCAATGCAAGATAGTGCGAAACGCCTTTAAGTGCGCGGTGTAATCCCGCGATGTGAATCTGTGGATTATTCAGCGCAAAACGCATTTTGTAAGGGACGTGGCGCACTTCAAACAGCATAAAAACTACGGTCATCACCAGCAAAAGCACGCTCGCCATTGCCCCGGAAAGCCCGGTCATTAGCGCTGTGGTGAAGGTAACCACTTTTTCCGAGTCCATCCGCTGCAGCATTCGCTCCGGCGACATATGCAAATTAAGAAAAGGCAACATCTCCTGCAATTTAAAAAGTTTGCGCGTCAGCTCCTTATTAAACTTCGGCAGCATAGAGATAAATTCGTTAAACGATGCCGCCAGTACGCCGACCAGCGCGGTTAGTGCGATCAGCATCACCACCACTACAATCGTAATGGCAACGGGGCGTTGTACTCCCCGACGAATAAACCAGGTGACGAGCGGGTTGAGGACGATGGCAAAAAACAGCGCCAGTAACAGCTGCACAATGATATCTGCCGCTGCGTGAATGCCCGCGAGGATCACTACCAGCGAGGCCAGCTTGAGCAGAATGTGCATGCCCGTTTTATCGGGTTGAGGGGTTTCCATTGGGGCTTCCTTGTGACTTTTTGTATTAAGTGTAGCGGGAGTCACGCCAGCAATATTCTGATTCTTACTGCTGATTTTCACGTCAGCACATGGTAAAAATGAAACACTGTTGTAAAAATGTGGTGATCCTCATGCCCGAACCCGTAGCCGAACCCGCGCTAAACGGATTGCGCCTGAATTTGCGCATTGTCTCCATTGTCATGTTTAACTTCGCCAGCTACCTCACCATCGGGTTGCCGCTCGCTGTATTACCGGGCTATGTCCATGATGTGATGGGCTTTAGCGCTTTCTGGGCAGGATTGGTTATCAGCCTGCAATATTTCGCCACCTTGCTGAGCCGCCCTCATGCCGGACGTTATGCCGATTTGCTGGGACCCAAAAAGATTGTCGTCTTCGGTTTATGCGGCTGCTTTTTGAGCGGTCTGGGGTATCTGACGGCAGGATTAACCGCCAGTCTGCCTGTCATCAGCCTGTTATTACTTTGC
NZ_CP010206.1_gap110	4529738	4533090	3352	CGCTCACCGTTAACCTGCGCTTCAATGCCAGACCCGACCAGCGCCCGCTGTGATTCGGCGGTGGGAATGGCGAGTTCAGCAACCTGTGCTTCGCGTACGATGGCCTGCGCCAGTGGATGCGTCGCGCCTTGCTCGACCGCCGCCGCCAGTGTCAGCAGTTCAGATTCACTAATACCCGTTGCCGGATGAATCGCGGTAACGCGCGGTTTACCGACGGTCAGCGTACCGGTTTTATCAAACGCCACCTGAGTAACACGACCCAGCTGTTCCAGCGCCGCTCCGCCTTTAATCAACGCCCCACGACGCGCTGCCGCCGCCAGCCCGGAGGTAATCGCCGCAGGCGTGGAGATAACTAACGCACACGGGCAGCCAATCAGCAGCAGCGTCAGCCCTTTATAAATCCACTCCTGCCAGCTGGCGGCAAACAGCAGCGGTGGCACCAGCGTCACCAGCAGGGCGACGGCCATAATCGCTGGCGTATAAATACGGCTGAAACGGTCGATAAACCGCTCAATGGGGGCGCGGCGCTCTTCGGCTTCTTCGATCAGTTTCAGAATCCGGTCAATGGCGCTGGCACCCGGTTCTGACAGCACTTCCAGCGTTACCAGACGGTCTACGCTGGTGGCTCCTGCAGGAACTTTATCGCCCGTCGCGCGCTCCACCGGAATGGATTCTCCGGTCAGGGCGCTTTCATCAAAACTGGCAAACGGTGAGAGCAGTTTACCGTCGGCAGGCAAACGCCCACCTGCGGCGACTTCAATCACATCGCCAGGCCGCAGGCTGTTAATCGCCACCTCTTCCCGCTCACCGTTACGCAGGCGCGTGGCGGTTTCTGGTTTCAGCGCCATTAACGCGCTAACGCCCTGACGCGCGCGGCTGGCGGCCCAGCCTTCCAGTCGTTCACCAATCAAAAACAGCAGCAACACCATCGCAGCTTCAGCCGTTGCGCCAATAAACAGTGCACCAATAGCGGCTACGCTCATTAAGGTTTCAATGGCGAAGTAGCTGCCGGATTTGATCAGCCGTAATGCCTGACGAGCAATCGGGTACAGCCCAACCAGCGTGGTCGCGATAAACGCCAGTTGCCCAAACGGATGATTAAATTGCTCCAGACCCCAGCTGATTGCCATCATCACGATTAGCGTAATCAGCGGCAGATTCTCTTTCAGGCGCGATGCTTGTGGCTCGTCGGCGGCCTGCTCATCGCGCAGGGAATAGCCCGCTTTTTGCACCGCAGATTCAACCTGGGCACGGATGTCATTGTCGGCATCGACCACCAGTTTTTCGGTGGCGAACAGTACCTGCACCTGATTCACACCTGCAAGCTGGCGCACGGCATTTTCTACCTTGCGCGCACAGGCGGCGCAGTCCATGCCGCTGACTTTCCAGCTATAGCGGGTGCCGGAGACGTTTTCAGAGAGCGTTGGCGAGCTGGAACATGCGCCGTCGCAGCAACAGTCGTTGGCGTTCTGTACCGTGGTTAGCGGTTTGAACGCAGCAAATTGAGGGGCTTTCTTGCCGTGATTGTCAGGAGTCGACATGGCATCCTCCGGTTAAGTTTTTTCTCATTAACCGAAGGATACACTCTGGAGTCGACTCCAGAGTCAAGTTTTATCAGAGATACAGCGAGCGGACGATGAGGAAATGACCGGCAAAGTAGCAGGCCGCAGCAATCGCGTTATCTGCCCGGAAGCGGCGGCGATAGTGGCTACCCAGCCAGACAAAGTTACTGATAAACAGCAATGAAGCGCCAACAAACGCAGAGAGTGCCGGAGCGGTCGGACGGAAGAACCACAGTTCACCTGCCAGCCACACCATCACCAGCGTCATGCCGATAAACGTGCAGATAGGCCAACGATACTCTTCCAGCCGCGTCCAGATAATCGCCAGTAACAGCGCGCCCAGAACCAGCAACACCAGTGGCAGAGGCCAGAAGAAAGAGAGCGTCATCTGACTGGCGAAATAGATGGTGTACAGCAGGTGCGAGAGGAAAAACGCGCCGATGGCGTACATCAGACGTTGACGTGGCAACAGGGTTAGCGCATCGCCCAGCAGTGAGGCGCACAGCCCTGCCAGCACCAGATAGCTAATGGTGTCGAACATCGGCGCTTGCCAGGCCAGTAACAGCAGGAGAAGAAGGGTTAACGGTTTAAACACCCAGCGTTGCCAGGTTGGCCCACGATACGATGCATCCACAGATAGCCATGCGGAAAGACAGACAGCGATAAACGACCAAAGCATCTTAGTTCCTTGAATTCGTTATTTTTTCGTAAGCGGAATGCCTACGGTCTTGCTTCCAGTTTAGTGGCGAGGGTGGACGGATGACAACACCATAACTGGCAGGGTATGCTTATTTCCGCATTTTCCGATGAGGGATAAAGATGAGCAAACCACCTCTTTTCTTTATTGTTATCATTGGCTTAATTGTCGTCGCCGCATCGTTTCGTTTTATGCAACAGCGACGGGAAAAAGCTGATAATGATATGGCTCCGCTCCAGCAAAAGCTGGTGGTGGTGAGCAACAAGCGGGAAAAACCGATTAACGATCGCCGTTCGCGCCAGCAGGAAGTGACTCCGGCAGGCACCAGTATGCGCTATGAGGCAAGCTTCAAACCGCAAAGCGGAGGAATGGAGCAGACGTTTCGCCTCGACGCCCAGCAGTACCACGCCCTGACAGTGGGCGCTAAAGGTACGCTGAGCTATAAAGGAACGCGCTTTGTCAGCTTTGTAGGCGAACAATAAGGTTATTTTTTAACTTTAAATTTCTTCTGCCAGACCAGCAGTTCAAACACGCCGAAAAGGAAAATCCGCACCTTTTCGGCGGTGGTCATCTGCGGGCCATCTTTCGGTAAAGTGGATTTCAATAGCGCCAGTTGCATACCATGCATCAGCACGGTAAAAATCAGCGCCACGTTAACGAAAATATTCAGCGGGCGCGGGAAGGGATGCACCAGATTGAGGATTAAAAATCCCCAAACGCAGAGCATTAACAAACGACCAATATTAATCAGCATCACTTTCTCCTTGTGCTTCGCGTTGATACAGCCGATAAGCCACCTGACCCGCCACTTTTTCCCGATGTAATGACCAGTTTGCCGGAACAGTGGGCAGACCGTTTTCGACTTCGCTTTCGACATAAATCAGGGCTTCGTCAGCCAGCCAGCCGTTATCTTCCAGTAAATTTATCGTCTCTTCTAACAAGCCACGGCGGAACGGTGGATCGACAAACACGATATTATGCGGTGTGCCTTTTTGCGCCAGGAATGACATTGCGTTGCTGTTCACCACGCGTGCATTGCCTGCTTTTAGTGTCGCCAGATTCTTAATTAACTGCTGAGAAACTGCGCGATCCA
NZ_CP010206.1_gap111	4554834	4557066	2232	TCACGGGCTGCGGCAGTAACACCGATGCGTTCAGCAAGCTTCAGGGCTTCACTGCGAAATTCAGGCGAATGCTGTTTACGGGGTTTTTTACTGGTTGATACTGTTTTTGTCATGTGAGTCACCTCTGACTGAGAGTTTACTCACTTAGCCGCGTGTCCACTATTGCTGGGTAAGATCAATCTGCATCATCAAGGTAATGGTTCGCTTTCGCGAATGCGTCGTGATAAGTAATCATAATTATAATAAATATTATTGTTGAGTGTTATATTATTATTCCTGTGTGATACATTGAGCAAAGACGCGTTCATCTTCGTCAAAGATATTATTAAATGCTGGTTTTGAAAAAAGTTCATCGGATAAGATATAGTCACGAAATAAGTATCTGCTAATATTTTATGATTTCTTTTTCAGAACGTCGAACGGGATTTTCTTATTTAAGATATCAGAATCTTATGATTCGGGTAAAATTCTAAATAAATCAACATGTCATTAAAATCATCATAGCCATTAGCTATTTCGGCTAAAATAGAGACTACATGTCTTCGGTCCATCTCACTTAAGGAGTGTAGTTCCGTTGTAAGTTTTTCCATAGCTTGCACTGCTAAATTTCGAACAAGGAATTTTCTGCTGGTAATCTCTAAAAAGATGGCATGGTTTACAATGATTTTTGTTTCCTTTTGATTATTATGAACAACTGTCCATGATTTCGTTTAAGAATGAAGAGAAATCACTAAACGAACTGAATATATTTTCTGTGCCAATATTATCTCTAATTTCAAAAAAGTTACTTTTAATGTCATAAGTAAATATTGAAATGCTATCATCCCCGATCACTAACCGTTCTTGTAGATCAGGGTTTATGAAATCATCATTATTTCTATAAAATTCATTTACGGCAAAAAGGTTTTTAACTGAAGGTTCTGGAATCGAGAGGCTAAATAATCGTAATCCATTAACTTCGAATCCATCCATTGCTCTTAAAAAAGTAAGATAATCAGGTTGATTCTTAAACAGAATACTAACTTCATTACATAACTTCTCCAGGCAATTAGTTGAATTAGAATTAAATTCTATTTGGATTATACTTTCAATAAATGATTCCTTGAGCGGTGCTTCAAATGGATAGTCTAAATCATTCATCATTTTTATTAATTTATTTATTTGGGTTTTAGTCATCATTTTGTGTGGTCCATAATATTTTTCATGGGAGGATAAATTGAGCCAGATGGAATGGCCCAGGGAGTGATTTTGCTTTCACCTACTAATATTCCCTTAGCTATTCGTGATTGCATGTTAGTAAAAACTTTATGATATGGTTCGTTTTCGATTAATACTAAATTTTCGAAATCATTAGTACCACCATCATCTAGAGATAGTTTATGGTGAACATTATAATTTAGAGGAACATTGCCCTTTCTCATTCTTAAAAGGTCTTCGGCGTTGAATCTTCCAGATGTTTCGGAGGTTTTTGCAAGTTTGATAAGAAAATTTTTTCTTACAGTTTTATTAAACTCCTTTCGTAAGTTAGCTAAGTCTTTTGAAGGTCTCTTAATGTATATTATTTCTATTATGTCTATACCATCAAGAAGTTTTTGTTGACCTCTAAGTTTGCCTAAGTAACTATTTATTTCTGTATATGTATCAACATTAGAACGCTTTGTTAAAAGAATAGATGCTGTTGCTATCGCTATGCCCGCTGTTTTTTCATTTAGTATTTGATCATAGCCTTTTATTGCATCTCCACCCAGTTTTTCCGCAGTATCTCTGAATCCTTCAATGTTCCCATTGTATACGCCACCAGCAGCAAGTAGCCTGCCAATAGCTTTGCTGTTTAACGTTTTGAAACGATTATTTGTTTGGTTTTTTGAATTTGGTAAAAACAAACGGTTATAATTTTCAGGGAGTGCCAAATAGCTGAACTCGGTATTTGCGATAAGATGTTGACAGAGGATAAATTCATAACTAATAGTTATTGTTTCTGTATCCAGTTGGTTTTCAATGATCTGGTGATGAATAGCCGATAAAAAAGCGCCTCTTAGTTGTATATAATAATACTTTTCCAATCTACCAAATCTATTTATTCGATAGAAGTCAAATCCCATAAATAATTGTTCATTATTGTTAATGGAATTAATAAATAATGGAGTGCTTTTATCAATTAATTTACAAAATGTTATACCATGGAACTGTGAACCAAGCCCCGTATTATTAATATTATTTAAGAGTGAGAAT
NZ_CP010206.1_gap112	4558258	4559400	1142	GCGCCTTTATTGGCTTCGGCAAAAGCACCACCCGTTACCATCTGCCGTATGTACTTAACCGCAAGGATAGTTGGCATGTCGCGCATATTTTTCGTCGCCATGCGAAGCCGGAAGAACAGGCTCCCATTTATTCCCATATCCATTTCACCAGCGATCTCGACGAAGTACTAAACGATCCCGATGTTAAGCTGGTTGTTGTCTGCACCCACGCGGACAGCCACTTCGAGTACGCGAAGCGCGCGCTGGAAGCCGGGAAAAATGTGCTGGTCGAAAAACCGTTCACTCCGACACTTGCGCAGGCGAAAGAGCTGTTTGCGTTGGCGAAAAGCAAAGGGCTGACCGTCACGCCGTATCAGAATCGTCGCTTTGACTCCTGCTTCCTGACAGCGAAAAAAGCGATTGAAAGTGGCAAGTTGGGAGAGATTGTTGAAGTGGAAAGCCATTTTGACTATTACCGCCCGGTGGCAGAAACCAAACCTGGGCTGCCGCAGGATGGCGCGTTTTATGGCCTTGGTGTGCATACGATGGACCAGATTATTTCTCTGTTCGGTCGCCCGGATCACGTCGCTTATGACATCCGCAGCCTGCGTAATAAAGCCAATCCTGACGACACCTTTGAAGCGCAACTGTTTTATGGCGACCTGAAAGCCATCGTCAAAACCAGCCATCTGGTGAAAATCGATTATCCGAAATTTATCGTTCACGGTAAGAAAGGTTCGTTTATTAAATACGGTATCGACCAGCAGGAAACCAGCCTGAAGGCTAATATTATGCCGGGCGAACCGGGATTCGCAGCGGATAATTCGGTCGGTGTGCTGGAGTATGTCAATGACGAGGGCGTGACGGTCAGAGAAGAGATGAAGCCGGAGATGGGCGATTACGGGCGCGTTTATGATGCGTTGTATCAAACCATCACCCACGGTGCGCCAAATTACGTCAAGGAATCTGAAGTTCTTACCAATCTGGAAATCCTTGAACGCGGATTTGAGCAAGCCTCTCCCTCCACAGTGACTCTCGCGAATTAAGTTTGATGGCCCCTCGAATAGTTCAATTTTTTTGAACAGAGGGGTCAATTTTCACCCTCTATCATCCCAGGCAGATCGGGTCCACACTAAGCCCATCGAAATCATTCAGGGGGCGAA
NZ_CP010206.1_gap113	4561660	4562163	503	CGCTGAACGACGCCGCGTTTGCTATGCAGCGCACTAATAAAGTGTCACTGATCGTCTGTTCTGCATTGAAAAAACACTATCGCGACTTGCTGCGTGAAGGTAATCCGAATCTCTCTTTCATCTACCTGAAAGGCGATTTTGACGTGATTGAAAGCCGCCTGAAAGCGCGCAAAGGCCATTTCTTTAAAACCCAAATGTTGGTGACGCAGTTTGAAACGCTGCAGGAGCCGGGTGCGGACGAAACTGATGTACTGGTGGTGGATATCGATCAACCGCTGGAAGGTGTTGTGGCAAGCACCATTGAGGTTATTAAAAAAGGCAAATAAGTAGTGACTACATTAACGCTTGTTTTAACAGCAGTAGGGTCTGTTTTACTGCTGCTGTTTTTAGTCATGAAGGCGCGTATGCACGCTTTCCTGGCTTTGATGGTGGTGTCCATGGGGGCTGGCCTTTTTTCCGGTATGCCGCTCGATAAAATCGCAGCGACGATGGAAAAAGGGATG
NZ_CP010206.1_gap114	4564564	4566146	1582	TGGCGGTAACTGTACCGTAAGCCTGATGTTGATGTCGTTGGGTGGTTTATTCGCCAATGATCTTGTTGATTGGGTGTCCGTTGCAACCTACCAGGCCGCTTCCGGCGGTGGTGCGCGACATATGCGTGAGTTATTAACCCAGATGGGCCATCTGTATGGCCATGTGGCAGATGAACTCGCGACCCCGTCCTCTGCTATTCTCGATATCGAACGCAAAGTCACAACCTTAACCCGTAGCGGTGAGCTGCCGGTGGATAACTTTGGCGTGCCGCTGGCGGGTAGCCTGATTCCGTGGATCGACAAACAGCTCGATAACGGTCAGAGCCGCGAAGAGTGGAAAGGGCAGGCGGAAACCAACAAGATCCTCAACACATCTTCCGTAATTCCGGTAGATGGTTTATGTGTGCGTGTCGGGGCATTGCGCTGCCACAGCCAGGCATTCACTATTAAATTGAAAAAAGATGTGTCTATTCCGACCGTGGAAGAACTGCTGGCTGCGCACAATCCGTGGGCGAAAGTCGTTCCGAACGATCGGGAAATCACTATGCGTGAGCTAACCCCAGCTGCCGTTACCGGCACGCTGACCACGCCGGTAGGCCGCCTGCGTAAGCTGAATATGGGACCAGAGTTCCTGTCAGCCTTTACAGTGGGCGACCAGCTGCTGTGGGGGGCCGCGGAGCCGCTGCGTCGGATGCTTCGTCAACTGGCGTAATCTTTATTCATTAAATCTGGGGCGCGATGCCGCCCCTGTTAGTGCGTAATACAGGAGTAAGCGCAGATGTTTCATGATTTACCGGGAGTTAAATAGAGCATTGGCTATTCTTTAAGGGTGGCTGAATACATGAGTATTCACAGCCTTACCTGAAGTGAGGACGACGCAGAGAGGATGCACAGAGTGCTGCGCCGTTCAGGTCAAAAAAATGTCACAACCAGAAGTCAAAAATCCAATTGGATGGGGTGACACAATAAAACAGGAAGACAAGCATGTCCGATCGTATCGATAGAGACGTGATTAACGCGCTAATTGCAGGCCATTTTGCGGATCCTTTTTCCGTACTGGGAATGCATAAAACCACCGCGGGACTGGAAGTCCGTGCCCTTTTACCCGACGCTACCGATGTGTGGGTGATTGAACCGAAAACCGGGCGCAAACTCGCAAAACTGGAGTGTCTCGACTCACGGGGATTCTTTAGCGGCGTCATTCCGCGACGTAAGAATTTTTTCCGCTATCAGTTGGCTGTTGTCTGGCATGGTCAGCAAAACCTGATTGATGATCCTTACCGTTTTGGTCCGCTAATCCAGGAAATGGATGCCTGGCTATTATCTGAAGGTACTCACCTGCGCCCGTATGAAACCTTAGGCGCGCATGCAGATACTATGGATGGCGTCACAGGTACGCGTTTCTCTGTCTGGGCTCCAAACGCCCGTCGGGTCTCGGTGGTTGGGCAATTCAACTACTGGGACGGTCGCCGTCACCCGATGCGCCTGCGTAAAGAGAGCGGCATCTGGGAACTGTTTATCCCTGGGGCGCATAACGGTCAGCTCTATAAATACGAGATGATTGATGCCAATGGCAACTTGC
NZ_CP010206.1_gap115	4574254	4575190	936	TACATGGCGAAGCACATTATTCATTTGATCAATGACGTAGCGAAAGTGATCAACAACGATTCGCAGATTGGCGACAAGCTGAAAGTCGTGTTCATCCCGAACTACAGCGTTAGCCTGGCGCAGTTGATCATTCCGGCGGCCGATCTGTCTGAACAGATTTCGCTGGCGGGGACGGAAGCTTCCGGCACCAGTAACATGAAGTTTGCGCTTAACGGTGCGCTTACTATCGGTACGTTGGACGGTGCGAATGTCGAGATGCTGGATCATGTCGGTGCTGACAATATCTTTATCTTTGGTAACACTGCGGAAGAAGTGGAAGAACTGCGTCGTCAGGGCTACAAACCGCGTGAATACTACGAGAAAGATGAGGAGCTGCATCAGGTGCTGACGCAAATCGGCAGCGGTGTATTCAGTCCGGAAGATCCGGGTCGCTATCGCGATCTGGTTGATTCGCTGATCAACTTCGGCGATCACTATCAGGTTCTGGCGGATTATCGCAGCTATGTCGATTGTCAGGATAAAGTCGACGAACTCTACGAGCTTCAGGAAGAGTGGACCGCAAAAGCGATGCTGAACATTGCCAATATGGGCTACTTCTCTTCTGACCGTACTATCAAAGAGTACGCCGATCATATCTGGCATATTGATCCGGTGAGATTGTAATTTCACTAATAAATAGAACGGGGCCAAAGGGTCCCGTTTTTTTCGCCATCATTTCGGAAAAGTGTCCAGAAGGGGCAAGGGGACTCGGGGAGTATAATTTCGCCATTCAGAAAGAATGGAAAGAATAATGCAAAACAGAAAATGGATTTTGACCTCGCTGGTAATGACTTTTTTCGGCATCCCCATTCTGGCGCAGTTTTTGGCGGCGGTTATTGCCATGCTGGGTGTCGGACTTGCCGGTATTATTGAAGTTTGTAATATCTTTATCACGCC
