gap_id	start	end	length	sequence
NZ_CP007605.1_gap1	180595	182475	1880	GGAAAGTTTCTAAAAATTTTTGCGCTCTTTGAGATTTCGGGTGGTTAAAAAATTCTTTAGCGCTGTTTTCTTCAGCGATCTTACCGCTATCAAAAAACACGATTTTGCTAGCGATTTTTTGCGCGAATTTCATTTCATGCGTTACAATCACCATGCTCATGCCCGTTGTGGCTAATTCTAAAATCACTTCTAAAACTTCTTTAACCATTTCAGGGTCTAAAGAGGCGGTTACTTCATCAAAAAGCATGATTTTTGGCCGCATGCACAAAGAACGCACGATCGCTACTCGCTGCTTTTGCCCGCCGCTCAATTCTTTAGGGTAAGCTTGTTGTTTATGTTCCAAACCCACTCGCTTTAAAAGCTCTATGGCTTGAGAAATAACCTCATCTTTGGATCGTTTTTGCACTTTCATAGGAGCGAGTAAGATATTATCCAGCACATTTAAATGCGGGAACAATTCATAATTTTGAAACACCATGCCTATTTTTTGGCGCATTTGATTCCAGTTGGTGGCCTTATTGTTAAGGTTAGCGTTTTCAAAAAGAATTTCACCTTCATCAATCTTTTCAAGCCCGTTCAGGCATTTTAAAAAAGTGCTTTTCCCGCACCCGCTAGGCCCTAAAATCACTGCCACTTCACCCTTATTTAAAGTGAAATTGATGCCGTCTAAAACCAAATGGTTTTGATAGGTTTTTTTTAACCCTTTGGTTTCTAAAATCACGCTCATTTTACCCTCTAATGTGTTGGAATTTTTTTTCTAAATAGGAACTATACAGGCTCAAACTATAGCATAAACTAAAATAAAACATTAAGATAACGCCATAAACCACAAAGCTCGCATTGGGCATGCGTAAGAGGTTAAGCTCTATGATTTGCTGGCCCACTTTTAACAAATCAATCGCTCCAATGAGAGAGACTAAAGCCGTGGTTTTGATCATGCGCGTGAATAAATTAAGGCTTGAGGGCAATAAAGACAAAAAGCTTTGGGGGAAAATAACGTTAAAAATCACCCTTTTTGAATCCATGCCTAAAGCCAGAGCGCTTTCTACTTGGTGTTTGCTCACGGAAGTTAAAACCCCTCTGGTTAAATCCATCATTTCAGCGCCACCCCACAAGCTAAAAACAATAACGCTCGCTAAAACAGCGCTAATGTGCAAATCAAACCAGCTCGCTAACCCAAAATACACGATAAAAAGCCATGCTAAAAGCGGGATGATGCGAATGCTTTCTAAATACACACGACACGCCAAAACCACTATTTGAGAACCAAACGCCATCAAGCTCCCCAAAAGCATTCCAACAATGATTGAAACAACCGCAGAGCTAAGAGCGATCAAAAGAGTAATTTCAAACCCTTCTAACAAACGCTTAAGGTTGTCTAATTCTAGTAAAACTCCCATTTTTAAGCCACTTTCTTTTTAAAGAAACGCTCTAAAAACACAAACAAAACGCTTAAAGGGAGCAAAGCGATCAAATAAGCAACACTTAACATCAAAAGGCTTTCAGTCGTTTTGTAATAAATGCCAATCAAATCTTTCGCCACAAACATAATATCGGTTAGGGCTATCGCGCCCACCACAGAAGTTTCTTTGAGTAAAAAAATCACATTCGCCCCTATAGAAGGCATAGAAACGCTTAAACTTTGAGGCAGAATGATGTAATACATCATTTTCAAAGGGCCAAACCCCAAACTCAAAGCGCTTTCTCTTTGAATGGAAGCTAAGCTTTTAAACCCAAGCAAAAAACTTTGACTCATATACCCCCCACCCAAAAACCCTAACGCTAAAATCGCGCACTCTAAAGCGCTCAAACCGATTTCATTCAACCCGTAATACAAAAAGAAAAGCTGGATGAGTAGGGGCGTGTTCCTAGCGATTTCG
NZ_CP007605.1_gap2	194454	195600	1146	CCACTTGAAAATTCGTTGAATGGATGTCATTAGCGTTCCCCCAATTGTCAATGATTTGTTGCCTTAGGGAGCTAAGCCAGGTTGCACCGCCCAGTTGGACCCCAGCAAATAGCCCAAAATTCAACGCTTTAGTGTTGTAAGTCCTCCTGAATAAATTCCATAAAAAATCCGTGCCTACCCCATAAGCAAAGATATTCGCTTTCACGCTTTGATTGGCTAGGCCTATTTCACTAAAGCCGTAATCAAAGAAAAAATAATGCCTAAGGCCCAATTTTCTCGCTTTACCAAAGAAGTATTTATAGCCCAAACCAACCCCTAAGCCATTGCTCATGCCGTGTTGGGTGCTTTTAGCGGCCGCATACTGGCTTAAAACGGGTTGAGAGCCGTAGTTATTGGCTTGATTTTGCGCGTTTTGAACCTGATTTCTGGCGTTAATCATCGCATCAATGAGTTTTTGTTGCACCATAAAGAACGTTTTATCCCCTAAAAGCTGCCGTAAGGTTTGCGAGAATGACTGAATGGTGGTGGTGTTAGAAGTGATTTCTTGGAGCAAGGTTAAAATCGCATTAGGGCTAATGTCGTTTTGCAAGGCTTGAAACCCTTGAGAAATAGCGCTCGTAATGGCTTGAAAAGCGCTTGTGAGACTAGTAGATACATTACTATCATTATTTTGGATAAACCCAGCGGTTTTAATAAATTCGGTGAGCAAATTAATTAAATTGTTCGTATCGCTCACCCCATTTGTAGGGATTGCCCCTAAAAGGTTGATAAGCCCACCGGAGCAAGTAGAGCTAGCGCCACTACTACCGCTACTACCATTACCACATAAATTACTGAGACTGCTGCTATTACTTTTTAGCGCTTCAAAGAATTGTTTTAAGCCGTTTTCAACGCCCTTATTGTTCCCAGAGCTGGCGATAATGTTAGCTATTTTTTGGGCGTCATTATAGACTTTTTGCAAGTTGCTGTTGGTTGTGGTGGTTGCGTTAGTGGTTGCGGTGGTTGCGTTAGTGGTTGCGGTGGTGGTACTTTGTTGTTTGTTGGGTTCATAACAATTGCTCCCACTGCCTCCATTGCTTCCGTTGGTGCATGTTTGGTAGGCGTTATTAGTATAAGTCCCTAATTTCCCATCGCTAGCGTCTGTGA
NZ_CP007605.1_gap3	196933	197645	712	AGCGATGGCTTGGACTTGCTGGTTGGCTTGGTTAGTTGAAGTGGGGGTTGCGGCTAAAGGGGCTAAATTTTGGATGAATTGTTCTAAACACTGGACTTGATTGGCGCAACCATTGGGGTTATTTTGATTATTAGCGCTTAATGTCCCTTGCAAGGTGTTCATTAAAAGGGTGTTGTTGTATTGTTGTTGGTTGTTGCTGTTTGAAGAAGTGGAGCCTAAAAGGGAATTAGTTGGATAGAATACGACTTGTCCCGGTGGGTTTAACACCACATGCGTTGAGGTTGTGGTGGGGAAAACCCCCACCCCTAAAGTGTTTAAAGCGTTAACAAGAGCGCTCACATAAGCGGTATTATCGCTAGAGGCATTCACTGCATCGGTTAGATTGGAGAGTAAGGATTGCGCGTAAGTGGTGCTAGTGGTTTTAGTGATGCTGTGTTCAATTTGTTGCAATAATTCTGTCATGGATTGCGCGGTGTTTTGGAGCTGGGCTTTGACTTCTTGGGTGTTGTTGCTAGGGTTTAGGCTATTGACTGCGCTAATGATATTAGAGCTTAGTGCAATGCCCTGATCAAACGCGCTTTGGGTGTTGGAAAGGAGTTTGGCTGTGATTTGTGAAGAATGGGCTTTTAAGGGATCAGAGCTTCCTTTAAGCCCTATGATTTGTTGGGAAATGCTAGAGATTTGACGGCTAGAATAAAAGTCTTTTCTTTTG
NZ_CP007605.1_gap4	227726	231755	4029	CTTCACAAATACTGAATACCAATTCGGCTCCAAAGCGTAATAATCTGTCTTTATGCGTTAATACAAGGCGTTTGACTTGATTGTCTAAGATCAAGTTTAAAAGCTTGGTTAAGCCTTTTTTATAGTAGTTCATGCCACTCCCTAAATCTTGTATCACTTCATAGTTAAAGCCACATCTAGCGCAATAAAGCTCTAAAACTTGAACTTGTCTAATCAAATCATCTTGTTGGTCATGCGAGCTTACTCTAGCATAAGCTATTGTTTTTAATTCATCTTGATTAAAGACTATGTTTCTATTGATACGCCTTAAACTTTCTAACTTATAACGCCTTTCACCGCCTTTAGTGAGTTCATCAGGTTTTAACAAATCTTTTTTATCCCAATTGCGTAAGGTTTGGATAGTTACACCCAAAAGCTTACTCGCTTGACCGATTGACAGCATTCTTTTATTCATACAAGCAGTATAACACAAAACTCAACAACCTATACAAAAATTATAGTATTTTATAGGTTATTATAGTATTTTAGTTTCTGTTTGTAACCCCCTTTATGAGTGGAGGCGGAGGTATAGGAGACATGGGAGGGGGTTTTATTCCTTTCCCTTATTCCCCCGGACTTCAAAATGGTAGTGGTGCTAATGGAATTAATGGCACTAATGGAATTGATGGCACAAGCGGAGCTAATGGGAGTAATAGTGCTAATGGAGGCACTGCTAGTGCAGATAGCCATTATACCAATGAATTTTGCACCGTTCCTATTAGAAATGGCAATACGATGAATATAGACATTGTGGATAGAAATGGCTCTTGCTTTAAAATGCAAGCTTTTAGAAATGACAATGTCTGTCAATACAACTACGACTTTGAAAATATGAAAGCCATTAAGCAAACACAATTTTATTTTATCAACAGAGAAAACAAAAGTATTAACATTGGGGGTTGTGTGGATTTATATGGGGAGCAATTTGAATTTCCTATGTATGAAGATGCCAATAAATGCAAGCTAGATACCACCACTAATAAAGGCTATGGAAGTGGCATGGCAAGTTTTTTTCAAACAGAAATTTTATTTCGTGGGCTTGATAACTTAATCCATGTAGCTAAACCTTGCGCTGATTTTGCAAATGTGCAAGAACAATTAGTTAAATACGATAATGACCCAAGCACTCGCACTGTTCAAAGAGTGATTAATCAATACTATATTAACCCCATTACTAAAGAAAAAGTCTTTATCAGTCATAATGTGGTTAATCCTTTAAAATTTAGCTACCAAACTTATGCGTGCGGTAAATGGCAGTTTGATAACGCTAAATTAAAGGCTTATCGCCCCACTCAAATTCGTATCTTTGATACGGTGTCTAACCAATACTACAATGTAACAGGCTGTGATTACACTTCTGATATGGGTAAAGTGCCTAAAATTATCCAACCTTATACCAAAATCAATGTAGAAAGTAGCGTTAAAGGCGAAGATGTAGGCGATTTAGACACTATTAGTGGCTCAAATTATGATTTGCCACAATATACCACTTTTGAAATTCAAGAAATGTCTTTAAATAGCAGTCAATGGATAACCACCTCTTATTGTAATGATGGATGGGGGTCTTGGACTAAAACACACAGCTATACAGGCTATTCTCAAGGTAATTTACGCACCCTAGCTAAGTGGGTTACACGATATCAGACTATCAATCAAGGCACTACGATTGGATATATCCGCCCTAGAAATGAGGGCGATAGTGATGCTGTGTATGACACCTATAAGTATTATTATGTCTCACAAGCTCAAAAAACACTCAAACGCTTTCCATCCACTATCTATGTGAATACCCCTAATTTAAGCGATGAGTATCGCAAAAATTTTGAACTCACTGTATTAAGCCAAAAGCTTAATCTCAATAATGGTGTTAAACAACTCATTAACACACAAGAATTTACCAATTGGCAAGCGACTTATTATCGCCCTAATGGGAATGGCAATCTTTGTATGAGTTATAACTTTAGCTCTGGAAATGCTTGGAAATCTAGCACTAAGGGTAGATATTGCTCATGGGCGCAGACGCCTAATGCTAATTACTCATGCGCTTCGCACAACAATTGGGTTGTCCCAAACAATTAAGAAAGGAAAAAAATGAACACTAATTTAAAGAAAGCCTTGTTTTTAACTACTCTTGGTTATTTGCAAGCTAATGAGAGCTTTTTAGCCATTATGCCTGATGAAAATAAACAAGAAGACATTTCTCAAGAACAGAAATTAGAACACAAAATGGAGCAAAAAATTGCTCCACAAAATACCTTTAAAAAGCAACAATCAGCTCCTTTACCAATACTAACGCCGTAAAGCCCCTAGCTTTAGCTATGGGGATATAAGGCGAAACGCCTTAGGTGTTAATAGCGTATCAGTGTTGTCGTTATATCCAAAAATAATGCTAACGCTATCAATATCTATCTTGTATTAGTTATTTTTTTTGAGTATAATACAAGTATGAGTAACGCTGTTTTATACAAAAACAACCACAATGTTGTCTATTCTTGCAAATACCACATTGTGTGGTATCCTAAATACAGGCGTAAGGTATTAGTAGGAGCTGTGGAATTGAGATTGAAAGAAATCATTCAAGAAGTGGCTAAAGAATTGAGAGTGGAAATCATAGAAATGCAAACTGATAAAGACCATATCCACATTTTAGCTGATGTTGATCCAAGCTTTGGAGTGATGAAATTCATTAGAACCGCTAAAGGTCGTAGCAGTAAGGTATTAAGACAAGAATTTAACCACTTAAAAACAAAACTGCCTACTTTATGGACTAATTCTTGTTTCATTTCAACAGTGGGTGGTGCGCCTTTGAATGTTGTCAAACAATACATTGAAAACCAACAAAACAGCAACCGCCCTAAGCAAAAAGAAAAATGGAAAAATTATGTTGATAACCTACAAACAAAAGCTCTACACCAATAATAAGACTAAGCATATAGACACCCTATTAAGGCGTTATGGTGTATTGTATAATCATTGTATTGCCTTGCACAAACGCTATTACTAGGCTTTTCAAAAAGTATCTAAAACTTTACGATCTGCAAAAACACATTACCAAGCTAAAAAAGACCCATCGTTATGCTTTTTTAAAAACCCTAGGCTCACAAACCTTGCAAGATTTGACTGAGAGGATAGACAAAGCGTTCAAAAAATTCTTTAACAAACAAGCCAAACTGCCACGATTCAAAAAAGTAGCCAACTACAAGTCTTTCACTTTTAAGAGCGGAATTGACAAAAAGACAGGATTGAATAAGGGAGTGGGGTTTGAGATAAAAGACAATGTTGTTTCTTTTAATGGTTATAGCTACAAGTTCATCAAAACTTATGCGTTTATAGGAAAAATAAAAACTTTAACCATTAAGAGAGGCAACACAGGCGATTATTTCTTGTGTCTAGTCTTAAAAGAGTTAAGTTTGATTTGATAGTAGGTTCAAGGGTTAGGTTTAAACTTGCTTTATGATTATGTTTAAGAAAACTTTAAGGTTTTAAATTTTTGCGTGCTACTTAAGAAAAATTTAAGCTCTACAAGGCGTTTTAAAGCGTTTTTGTTTTTAGGTTAATAGTTTGTCTTATCTTATGGCTTTATTTTGATTGTGGGGCATTTTAGAGTGCTTTATTTGTATATCTGTTTAAATAAGCTAATTTGTGAGAAGAACAAGAATAAACCCCTTTAATCAAAGGGTATATTCTTTATTAAGAACATTAAAGGCAATCATCGCTTGAGAGCATTATCTATTACGCCCTTTAAAGTTTGTGTTGTCATTTTGTTTTAATCCAACATGATCTTTAGGGTCATCATCAAGCTCATTAGAGTGCAAGGTGTTAGCTTGTTGTTTAGCTAATTCTTTAGCTTTTTCTTTTTCTAGCATAGCTTGATAGTGTGCTTTAGCTCTAGCTTGTTCTTTTTTACCAAACTCAATCCAAGGCTCATCGTTATTAGGCTCTTTTGTGATAGCTTGAATTTCTTTTTGCTCTAGATTAGTATCTTTAGCG
NZ_CP007605.1_gap5	336422	339459	3037	CCCTCCTTTGCCTTTAGAAACAGTCGTGCAAGAAAAAGAGAATAAACAAGAGAATAAACAAGAGCAAGAAAAAGAAACCAAACCCAAACAAAACAGTGCCTCACCCACTCAAAACCATCAAAAAGCCCTAACAACCCCTACAATTGGACAAAAACCTTTAGAGTATAAGGTCGCAGTCAATAGCGTGAATGTGCGCGCTTTTCCTAGCACAAAAGGTAAAATCATTGGCTCGCTTGCAAAAGATAAAAGCGTGAAGGTTTTAGAAATCCAAAACGATTGGGCTAAAATTGAATTTTCTAATAAAACAAAGGGCTATGTGTTTTTAAAACTTTTAAAAAAGGCTGAATGAAAGAATAATGAAATTAAAATCTTTTGGGGTTTTTGGAAATCCCATTAAACATTCCAAATCGCCCTTAATCCATAACGCTTGTTTCTTAACTTTTCAAAAAAAATTAGGGTTTTTAGGGCATTACCACCCCATATTACTCCCTTTAGAAAGCCATATCAAAAACGAGTTTTTGCATTTGGGGCTTAGTGGGGCTAATGTAACCTTACCCTTTAAAGAAAGGGCGTTTCAAATTTGCGATAAAATCAAAGGTATTGCGCTTGAATGCGCTTCAATCAATACGCTTGTTTTGGAAAATGATGAGCTTGTGGGTTACAATACCGACGCCTTGGGTTTCTGGCTCTCTTTGGGAGGTGAGAGTTACCAGAGCGCTCTGATTTTAGGCTCTGGGGGGAGCGCTAAGGCTTTAGCGTGCGAATTACAAAAACAAGGCTTGAAAGTGAGCGTGTTGAACCGCTCTTTTAGGGGATTGGATTTTTTCCAACGCTTGGGCTGTGATTGTTTCATGGAACCTCCTAAAAGCGCTTTTGATTTAATTATTAACGCTACTTCAGCGAGTTTGAATAACGAATTGCCTTTAAATAAAGAGGTTTTGAAAGGGTATTTTAAAGAGGCTAAGCTCGCTTATGATTTGGCGTATGGGTTTTTAACGCCCTTTTTGTCTTTAGCCAAAGAGTTAAAAACCCCCTTTCAAGACGGAAAAGGCATGCTCATCTATCAAGCTGCTTTAAGTTTTGAAAAATTCAGCGCTTCTCAAATCCCTTATTCAAAAGCGTTTGAAGTCATGCGAAGTGTTTTTTGATGCAAGGGTTTTTAAGAAGCCTGTTTTTTGGGGTTAAAAAGATCCCTAAACCATTCGCTCCTCTAATAGAAAAGGGCGTTTTAAAAGAAGCGCTTCAATCAAATAAGGATCGCTATTTTTTAAAAGAAGGCTTTGATATAGGCAGGATTGAATGGGCAGAAAATAAGGCGTTTTTCATTTCTTTAGCGAAAAATTACCCTAAAGACCCTTTAATCAAAAACTTACCCTCTTCTTTTAAAACAGACGCTTTGATTTTATGCCAAATAGAATGTTCTAAAAAACGCCCCATAGCCTTTTTTAAAGCCGCTCTTTTAAATGCAGATCACACGATGATAGCTTATTTGGCTAAAAAAAATAACCAGATTGTGGCCATCCCTTTTAAAGAGCCTTTTAAAAAACCCGTTCTTTTAAAGCACAGCCAAAAATCCTTACTAGAATTGCCCAGGCATTGCGTGGTAAAAATCGATCTTAAAAAGCGTGAAATCAGCGAAATTTTAGGGGCTTTAGAAGACCCTTTAATAGATGAAAACCTTTCTTTAAGCCTTTTTGACAGGGTTAAGGATTTTTCAAAAGATTGTTTGAATTTAGCCCAACATTACGCGCAACTCAAAGCGAGCGATTTTAAAGACAGGATCAATTATTCTCACATCCCTTTTATCACCATTGACCCCAAAGACGCTAAAGATTTTGACGATGCGATTTTTTATGATCAAGAAAAAAGGGTTTTGTTTGTGGCGGTTGCTGATGTGAGCGAATTTGTGCCGAAACATTCCAGTTTGGATAAAGAAGCTAGGATTAGGGGCTTTAGCGTGTATTTCCCTAATAGCGTGTATCCCATGCTGCCTTTGAGTTTGTCTCAAGGGGCATGCTCATTAAAAGCGTTTGAAAAACGCCTGGCTTTAGTGTATGAAATCCCTTTAGATGATTTGAAAAACGCCCGATTATCTCAAGGCGTTATTGAAGTTAGGGCTAATTGCACTTATGAAGAAATCAATTATTTTTTAAGTGCTAATCAAAGCTCTTTAGATAAAGATTTGCAACAGAGCCTTTTAGGGTTTTTAGAAATGGCTTTAAAGTTAAAAAAGGAGCGTTTAAAAAAAGGGTTTAATTTCAATTCGTTTGAAAACAAGCTGTATTTGAATGAAGAAGGGCGTATAGAAAAAATTGAAACAGAAAAAGAAAGCGATGCGCACACCCTTATAGAAGAAGCCATGCTCTTAGCCAACCAATCTAGCGCGAGGTTATTAGATGAGCATTTTCACAATAAGGGGATATACCGCACCCATAAAGAGCCCAGTTTAAAGCAGCAAAAACGCCTCTATGCCAAGCTTTTTGATTATGAGATTGTTCGCCCTAAAAACATGGGCTTTTTCCCTTTTTTAGAGCATGCCTTAAAAATATCCCAAGAAAAGAAGTTAGAAAGAGAAATTTCGCGCCTAATCATTAAATCTCAAAATTTAGCCCTTTATAGCCCCATGCAAGAAAGCCATTTTGGTTTGGGGTTTATTAGCTATACGCATTTCACTTCGCCCATCAGACGATACAGTGATTTAGCCTTACATAGGCTTTTAAAAGAATTGTTGTTCCATCAAGCTAAAGGCTGCTCGTATTTGTTAGAAGAAACGCCTGAATTGTGCGCTGAGTTGAACGCTTTACAAAAAAAGGCCGCTTTGATTGAAAGGGATTTTGTCAAACGCAAATTCGCTCGCTTAGCTTTAGAACTTTTAGAAAAAGAATTTTTGGGCGTTGTTTTGGAGGTTAAAGATTGGGTGGTGGTGGGGTTAAAAGAATGGGTAGGGCTTAAAGTTTTAATCAAAACGAACAAGGTTTTTAAGCCTTTAGAAAAGGTGTGCGTTACAATCACGCATGCGGATTTGATTTTAGGGCAA
NZ_CP007605.1_gap6	355964	357468	1504	CTTTGATTATTTTTTAATTCTTTAGACTTTGTTAATGCGTTTTGTATGTTTTGCTTTGATTTATTTTCAAAAGCTTGTAGTTTAGGACTTAATGGCTTTTTCTCAGTGTTATTTTTTACAGATTTTTTACTATTAAAATCAACAGAATGATTACCCTGATTAAAATCAATAGGTTCATCATCTAAAAAAGACAAATCATTGTTATTTTTTACATTATTATTGTCAATAATGTTATTTTGTTTAATATTATTGTCTTTAATTAGATCATCATTAGTAGTATTTTTAACCATCTCATTAGTATTATTTTGAGTTAAATTATTTTGATTTTCGCTATTAAACTTCCAAACACCCAAAACTCTTTTATCCACTTCGTTATTGGCAATAGCGTTTTGTAAGATTTTATGTTGCTCTTCATTGAGTGGGGGTTGTTCAGTGTGATAGGTGTAGAACATGTAGGTAATTTTAGGAGCAACGAAGCGAGTAAGTGGGCGACTAAATTGTTATTAGTGAGAGCATAATGTATCAAAATAACTTAAGAGAGCAATTGTTATTTTATCAGCGAGCGTTAGATAAAGGCAAATTCCAAAGCTACCTTGCTAAAGTATTGTCTTTTAATAGCGACACTTACACCTTGTCAGCCGAGCTAATCTTACACCAACAAGAGCCAATCATTGTCAAAAATTTAAGCGTATTTAGTAGTCCGCTTATATCCACGCAATTAAGACCGAACGACTATGGTGTGTTGGTCAGTCTAGGTTTTGACATAGGAAACTTTTTTAATACAAAGCAAATAGGCAACAACGACTGCGATAGTTTTATCTTTTTACCTTTAAATATGAAACCAACCACGCAAGGCACTTATATCCAAGCGCCCACCAATGAAAACAATAATCTAAACATAGGAAACGATAGCGTTACCATTAATAGCCAAGACAACCATATCACCATAAACAACCAAGAAATACAAATAAAAACTAATCAAAGCCAATTACAGCTAAATAACACAAGTGCCGAGTTAAGCGCGAGCCAAGTTAAAATAAGCGCTAATACTCCTATAAATTTAAACGGAGCGAACTTAACACAAAGCTTTAGCGCTATCTTACAAGCATTAAATCAAATCAACATTACCTTACAGACAATCAAATACATGCCAGGTAGCATGAGCGTGCCACCAATAACCATAGACAGCCAAGCTATCACTAATTCCAATGGAAAGATAGAGTAACACTATGATAGATTGTAAAAACGAAAGCACATGGGCCTTGTTAAAAAAAGACTATGACGACTTTACATTACTCTTAATTTTAAGTTTTTTAATTGTGTTATATTTACAAAAAAGCTTAACAAAGGCTATTTTTAAATCATCTGTAGTTTTAGGAACTTTTTTAGTCCTGGACATGTCATGTTATCAGATAGGGTATATTAAAGGGCTATTTATATCCTTATTGATAGGTACACAACTAGAGAACATTTATCAATTAATTCGTTATTATGTTATAGAATG
NZ_CP007605.1_gap7	361541	362612	1071	AAGAGCTTTTGAATTTTTTAGGTATATGAATTATCAAAATTTAAGCTTGACTGATAAAGGCAATATGTTTTTAGTGGCTAAGTTTTTTAAAGATAGCGCTTTACTTGTTAATATTGCTAGGTTTGAAATGAAAAAGATAGATGATAGTGTTAAAAATTCTAACCCACAAGGCAATTTATTAGACAAACAAGCTTGGCTTAATCTTTTAGAACATTTAAAAAGGCTTGAAGAGGAAAACTATTGTTTTGCTAAGAAACGAAAAGAATTCTTAGAAACTAGAGCTATGGAGCTATCAAAAGATTTAAAATTTTTAACACAGGGTAATGAAAATGATTTGCCTATTTATGAAAGAGGGCAAAGGGATAAAATCATTAAACGCTGTGAAAAATCGCTTAATTTTTTGCAGAAAGAATTACAATGCTTTAAAACCTTATTGAAAAGTGCAAGTATAGCTTTAGAAAACTTGCAAAGCAACCATCAAATCACAGCCGTTACACAAGACACGCAAGAAAACACAAACACACTCAAAAATACCACTCAAGATTTTAACAAAACTACCAATGAACCCACAAACCCTAACAATAACTATGGAATGGATTCTTAAAACCATCCATAAAATTAAATAACTTTACTTAGCGTATTTTTTAACCAATTCTTCTAGAGTGAAGCCCAAGCCTTTGTTATCGTCTCTCAATTGCTCTTTTTGGCATTGTGAGAAATTTTGCTCCACTTCTTCTTTAGTGTTAGAAGTGTCTAAAAGACAAGTTTTTAAGTCTTTTTGGTAATCTTGTATGAATTTGTCAAAGCGCTCTTTGTTGTTATAGAGTTTGGCTTGCACTTGGGTGCAACTATCTTTAAGGCTGATAAACTCTTCTTTTTTATGTTCGTTACGCTCCATGCAAATATCTGTAGCAAAAGCGATTAAGACATCTTTATTCTTTCTCAACAGCTCCGCAGATTGAATAGCCAACTTGTTTGCATCAATAAAAGGGCTTTGCTTTTCTAATTTAGGGTTCATCTCTAAAGCGATTTCTTTCAAGCTCTTGTTTTCCAAATGCGTTCTTTGGCAAT
NZ_CP007605.1_gap8	386648	390430	3782	GATCTTACAGATCGCTTTAAAAAATTAGAAGTCCAATTAGAAGACCTTGAACCCCTTATAAAAATCTCTCGTTGCATAGGCCGCTTTTTTAGAAAATCCTCTAACGACACCCAAGAAAACTCAAAAGACGCTCAAGGAAGAGAGGAAGTGCTTAAAGCCCAAGAAGCAAACACCAAACTAAATAGAGAAAGAAATGATCTAGCTAGAGAAAAAGAAAATCTAACGAAAGCAAACACCGAACTGAAAACCGAAAGAGACAATCTAAACAACCAGCTTAATGCATCACAAAAGCAAGTGAAAGAGTTAGAACAATCTCAGCAAGTTTTAAAAAATGAAAAAGCCGAGCTAACTAAAGATAAAGAAAACCTAACTAAAGCAAACGCCGAGCTGAAAACAGAAAATCAAAAGCTAACTCAAGAAAAAACAGAACTGACTGAAAAAAATAAAGCTCTAACTACAGAAAAAGAAAAACTCAATACAGATCTATCAAATGCAAAAAGCCAAGTAATCCAATTGAACCAAGAAAAAGACAAGTTAGAGCAAAAATACGCACCATACAAAAAGTTAGAAAAACTCTATGAAGTCTTTTCGGAAGTCAGAGGGTGCTTGAATTTTAATTTTGTAGCAACAACTCACAGCACAATGGATTTGATCGCATACGTTCTTAGCGATAGCAAATACTATTTAGAAAGCCTTTATAACAAAGCGAGCCAAGAATTAAGAGATAAAAGGAGCGATAAAGGCGAAAAATTAGCTGAATTGTTTGATTTGCTTTTTGAATATATTAAGGATAAGAAATTTGAGCGTTTGAAAGAGCCAAGCGCTTATGACTCTACATGCAAAAGCCTATACCCAGAGCAAAACACTTCTCAAAAGATACAAAGAGTGGTCTTAATCGGCTATACATACGATAAAAAAACACCACCATATTACACTATCGTGGATATGGGATCATAAAATGGGAACATTCATTGAAAAATGTTTTGGCTTCTATCAAGTGAGGAAAGAGTTAGAAGCTCGCATCGGTGAGTTAGAAGATGAAAACACCGAATTGTTAAGAGAAAGAGAATACTTAGCTGCAGAAACTAGCGAGTTAAAAGACGATAACGATCAATTACGGCAAAAAAACGACAAGTTATTCATAACAAAAGACAAGCTAACTAAAGAAAACGCCGCACTGACAACCGAAAACGACAGGCTCAACCACCAAGTTATCGCGCTCACTAAAGAGCAAGATAGCCTTAAACAAGAGCGAGCACAATTGCAAGATGCGCATGGGTTTTTAGAAAAATTATGCGCTGATTTAGAAAAAGACAACCAACACCTAACCGACAAACTCAAAAAGTTAGAAAGCACTCAAAAAAATTTAGAAAACTCTAACGATCAATTGTTGCAAGTTAAAGAAAAAATAGCCGAAGAAAAAACAGAATTGGAGCGAGAAATGGTGCGCTTGAAGAGTTTAGAAGCCACAGGCAAAAGCGATCTGGACTTGCACAACAGGCGTTTAGCGAGCGCAAACCAGGATTTAAAACGCCAAAACCGAAAATTAGAAGAAGAGAACATCGCCCTCAAAGAGAGGGTTGATGGCTTGAAAGAGCAACTCTCAAAACAACAAAACCATAATTAAAGGAGAATATCATGGTAACACTCTTACAGAGTTTAATGTTGCCGATTGGCCACCCGTTAGTAGAGATTTTGTGCAAGCTGTCTTTAAACAATAAAGCCGCATTCAATGAAGAAGCTGCGATTATTTTCAAAAAAGAAGTGTCAGAAGAAGAGCAAATCAAGTTCAAGCAAGCGCTAAGAGCGCTTCATGCGATTGTTAATAATGAGGCTTCTTCAAGGTATCTTTCTGATGAGAATCAAAAATTCATAGAGGATTTAGCGCAAGCTGACAAGATCACTAATGAGCAAATAGAAAAAGCCTTAGAGATCGTTTCTACTAGCGATGTGGATGTGGATTTTGAAGCGTTTAAAAAGATGATGCTCAATGTGGATGAAATAGCGGTAGGCCTTAAGAGTTATAGCCAAAGCCAATTGCTTGATTTGAACGGAGGGCATTGGGATTTAGAGGTGCCTGGCTTGTCTAAAGAAAGCGTAACCTTTAGGTTTGATAATTTAGACTCTAACGGCAAAGAAGAGAATTTCTATGCCCGTTCAAGTTTGAAAGATTTAAACAAGCATGGTGTTGTCGCTATTGACTTTGGGACTAAAAGCACGACTGCAGCCTATATGGATGAGAACGGAAAATACCGCTTGCTCTCTATTAGCGGGGATGTAGATATAGAGAGTTTGCAAAAGTATGAAAACCCCACGATAGTAGAGTTCAGATATAAAGAAAAGTTTCTTAAAGATTACAACGCTTTAGACCATCGCCCTTTCACAGAAAAGAACGATATACAAGTGGCGCATGAATCCCAAAAGAATCTTTCAAGCGCTCAAGATAATCATTTGTATCGGTTTTTTTCTCAATTGAAGCAATGGGCTGGAGCGGATGAAAAACTGAATTTTAGGGATTTCAAGGAGGATTTTTCTTTAGAAAGCTTCACTAATTGCACGGATTTTAACCCCATAGAAATCTACGCTTACTACATCGGCCGTTGCATCAACAACATGCAAAATGGCGTGTTTTTGAAATACTTTTTATCCTATCCCATCAAGTATGAAAAGCATCAGGCTGAAAAAATCAGAGAGAGTTTTGAAAAAGGCTTGAAAAAATCCTTACCCAGGCATGTTTTTGACGATGAAAAAATGGCTAAAACGTTCAAAGTGGAATTGAAAGCGAGCGAGCCTTGCGCGTATGCCATTAGTGCTTTGAAAAGCTACGGGTTTTTTAAATCAGACAAGTTAGACAAGCCCATTTATTACGGGGTGTTTGATTTTGGGGGTGGGACGACGGATTTTGACTTTGGCAAATGGGAAAAAAGCGCTAACCCCAAATTCGCTTACAAAATGACGCATTTCAGCAATGGAGGGGATAAGTATTTAGGCGGTGAGAATTTATTGGAATTATTGGCTTTTGAAGCGTATGCAAAAAATTTTCAAACGCTAAAAGAAAAAGACATTGCCATCGCTAAACCCAACTATGACAGGATCGATACGCAACGCTTCGGATCGTTTATGCAAAAATCCAGTGGAGCGCACTTGAATTTGCAAACGATTGCTTCTAAATTGCGCCCTTTTTTAGAAAAATTAGACGCTAATATCATAGAAGCGATAGAAGAAAATGAAGAGTTTGAGATAGAAGGCTTTGAAAAGGAATTTAAAATCCAGCTGTTTGATAGGAATGGGGGAAATTTAATATCAGTAGAAGACTTCAAAGTGGATTACAAAGAGCTTTTAAACCTCTTAAAAGACAAGATAGATGACGGCGTTAAAAACTTCTTTGCCGGATTTTCTAAAGTGATGGCTGAAAATATTGATGATCAGTGTCGGGCGTTTCACATTTTCTTAGGCGGGAATGCGAGCAAATCGGTGCTGGTCAAACAAGCGTTTGAAAACGCCAAAGAAGAGCAGCTCAAAGATTACAAGCAAAAGACTTCTAAAGATGATTTTACATTCATTCTTTATGAGCCGCTAGGCACAGAAGCCTCAGACAAACAGATTTTAGAGCTTACAGGAGAAGACGTTTCTAAGATCCCGCCTTATTTGAAGCCCACTTGCAAAACCGGGGTGGCTTTTGGGCTTTTAGAAAGCAGACCCAAAGCAGGCGGGATTGAAAGGCCCTCTATAGATTCCAATCCTGTGTTTAAATACGATTTGGGTATTGAGAGAGAAGGGAA
NZ_CP007605.1_gap9	394589	396533	1944	ATTACGAGAAAAAGAAAGCAGTTAAAAGGGAGTTGAAAGACTTACAAAAAGACGAAAAATTTTGGACTGAAAGCTCTCAGTTTAAAGTGTCTGTGCCGGTAGGGTGGGATATTAACCATAAGGAAGTGTGTTTTGAAATCGGTAACGCACAAAACCACACGCTCATTTGCGGGCGTAGCGGGAGCGGGAAATCCAATTTCTTGCATGTGTTGATCCAAAATCTGGCATTCTACTACGCGCCCAATGAAGTCCAACTCTTTTTGTTAGACTATAAAGAGGGGGTGGAATTTAACGCATACACAGATCCGAATATTTTAGAGCATGCGAGGTTGGTGAGCGTGGCGAGTTCGGTAGGTTATGGCATGAGTTTTTTAAGCTGGCTTTGTAAAGAAATGCAAAAAAGAGCCGAGCTGTTCAAGCAATTTAAAGTGAAAGACTTGAGCGATTACCGAAAGCATGGCGAAATGCCCAGACTGATCGTGGTGATTGATGAATTTCAGGTGCTTTTTAGCGACAACTCCTCTAAAGGGAAAGAGAGCGTGGAGCAGTCTTTAAACACTCTGCTTAAAAAAGACCGCAGCTATGGGGTGCATTTAGTTTTAGCCACTCAAACCATGCGCGGCACTGACATTAATCCAAGCTTTAAGGCTCAAATCGCTAACCGCATCGCTTTGCCTATGGATGCAGAAGACAGCAGTAGTGTAGTGTTTTGGGCGATGATGCGGCTTGTGAGCTTGTCAGGCCAGAAGGTATTTTCAACAACAACGGGGGGCATCAAAAATACCACACCAAGATGAGTATCCCTAAAGCCCCTGATGATTTCAAACCTTTTATCAAAAAAATCCATAGAGATTTTAACCAAAGAAATCTCACGCCCATAGAGCATAAAATCTATAATGGCGAGAAGCCTTTAGAAATGCCCAACACCCTTAAGGCTAATGGAATGCGTTTGCATCTGGGCAAAGAAGCGGATTATGAGCAAAAGGACTTGATAGTGGAGTTTGAAAGTAACGAATCGCATTTGTTGGTGGTGAGTCAAGATTTAAGCGCTCGCATCGCCCTAATGAAGCTTTTCACTCAAAATTTCAAGACTGCCAACAAAGAGTTGCTCTTTTATAACGCCGAAAAACGCCTTGTGAGAGAACTTGATGAATTGAAAAAACACCACATCACGCCCATGCAAGGCCCTCTAGGGAGCGTTTTAGACACCGCTATGAATCCTAATAGCGTGCTGATGGTAGACAATTTAAACGAAGCCAAAGAGTTGCGCGACAAAATAGGGGTGGAAAAATTAAGATCGTTTTTAGAAAAAGCCACAGACAACGAGCAGTATTGCATCATCTTTGCGCACGACTTCAAACAGATTCAAACTAATTACGATTCTGTCAAGTTAAAAGAATTGTTAAACAACCACTTCAAACAACGCCTAGCCTTTAGGTGTAATGGTGAGAACTTGAGTGCTATCAAAAAAGATTTACCTTTATTGGCAAACAAACTCAACGCGCTATTTGTAGAGCTTTCTAAAGACAGCCATACTGAATTCAGGCCTTTCAGCTTATAGAGTTAAAAAAAGAGAGTTAAAAAAAGAGAGTTAAAAAAAGAGAGTTAAAAAAAGAGAGTTAAAAAAAGTGGGGGGGATTAAAAAGACTAAAGGGATTTAATCTTTTTGAAGCGCTTTTAAACCTTTTGCGTGATGGTTTGCGTGCTGAAACGAGCGATTTTTTCCCTTAAATGCAATAAGGGTTCTGAGCCTTTCGCTAAAGCTTTCACGCATAAATGAGAACTAGCGATTTCACTCACTGCCCCATCTACCCCTTCGATTTCTTCAATCTGTTCTCGCACACTAGAGAGCTCTATGGGGCAATTGACAAGCACCAAATTCAAATAATGCGTATAGCCATCAAACATGCACATGTTATTCATGTCGGTGGTTTTGGGATCTAA
NZ_CP007605.1_gap10	402081	405740	3659	GCTTCCACATAGTTAAGCTTAATGCCTTTTTCTTTGCGTTTTTTAGCCAATTCTCCAGCGTAGTGGAGCATCAACTTGTCTAACTCTTTTGGGGTGAGTTTCATCTCATTCTCCTATTCTTAAAGTGTTTTTCCTTGAAGACATAACGAAATCAAGGTTGGATGTAATTGTAGCAATGTTTTGATTTACTAAGATTAACAGAAGCGTTCATTAACTAATTATTATTTAAAATGAATTAGTGTTATACTTTTGAAGCGCTATAAAAGCGTTATTGGGAGCGCGTTTAATACCCCTTTAGAATTTATAAAGATCAAAAACTCGCAAAAAAATGAGAATTAAAATTGGAGTGATAATGGTGGCCACGACTGGACTTGAACCAGCGGCCACTACCATGTCAAGGTAGTGCTCTACCAACTGAGCTACGCGACCTTTTATTTTAAAAAGGGCAATTATGCCTTAATTTTGTTTTGTTTTTGCTTAAAAAAGAATTGTTTCAACAATAAAACGCCCACGCCCACATCTATCATGACATCAGCGAAATTAAAAATGGCAAAATCAAAGCCATAATGATAATACACATAATCCACCACGCCCCCATGCACAAACCGATCCAAAACATTAGAAACCCCAGCGCCAAACACCATGCCAAACTCTATCGCATGGTTTTTAAAAAGCTCCTTTTGGCGCATTAAAAAGATAAAAAGCCCTAAAATCAAAAGGATTTGCAAGTATTTCAAACCCCCCTCTAAAAAACTGAGCAAGGAAAACGCCACGCCTTTATTGAACACTAAAACAATATCTATCATCAAACTTTCATAGCGAAACCCCTCTAAAATAGCGTATTTAATCGCTTGATCCACGCCAAAAATAAGGAAAAAAACCCCTATAAAAATCAACAGGCTTTTTTTAGTGGTTTTTAGCACAAATGCCCTTCAAAAAACTCTTTTAATTCTTGCATTTTGGATTCTAAAAGCTTTTCATCTTTAGCTTCTAAAAGGATTCGTAATTTGTTTTCAGTGCCGCTATAACGGATCAAATGGCGGATTTCTAGCTTGTCTAATTCTTTTAAAAGAGCGTTATAACCTTTTAGGCTTTCTAAAGGAGGCTTTTTTTGGACATTCAAATTCACTAGGTTTTGGGGGTATAATTCAAAGGGGTTTAATGCAACAGAGCTTACAAGCTTACTTTCTAACACTAACGCGCTCACTTGCAAAGCGCACACCAAACCATCGCCTGTTTTAGCGTAATCGCTAAAAATGATATGTCCGCTTTGCTCGCCTCCAAAATTGGCTTTATTTAGTTGCATGCATTCGCTCACAAACTTATCCCCAATCGCGCAATGCTTCAATTCTAAATCTTGGGATTTTAGGTATTCTTTAAGGGCTAAATTGCTCATGTTTGTAGCGACAATCGCTTGAGAAGAAAGGGCGTTTTTAGATTTTTGATAAACCCCTAACACCCCTAAAAGCTTATCCCCATGCACGATATTCCCTAAATTATCCACCACCACTAGCCTATCGGCATCGCCATCAAAAGCAAAGCCTAAATCTGCGCGGTATTTTTTCACTTCCTGACTCAATTGGTTGGGGTGTAAAGCCCCGCATTGCTCATTAATATTACACCCATTAGGCTCATCATTAATCACTAAAACATCAGCCCCAAGCTCGCTAAAAACGACCGGAGCCACCTTATAAGCCGCGCCATTAGCCGTATCTAGCACGATCCTTAAACTCTGTAAATTCAAATGTTTGGGAAAAGAGTGCTTCAAATGCGCGATATAGCGCCCTATCACATCGTCTATCCTTTTAGCGCTGCCGACGCTCTCGCCCACTTTATAACTAGAATGCAGTAATCCTTCATCATGAAAGATTTCTTCAATCGCTCTTTCTTCTTCTTCTTTAAGCTTATAACCATAGGAATTGAAAAACTTAATGCCATTATCTTCAAAAGGGTTGTGGCTCGCGCTTATCATAATGCCTGCATCACAGCGCATGTCTTCGGTTAAAAACGCAATCGCAGGGGTAGGCATAGGCCCTATTTGAATCACATTATAGCCTATGGAAGTGAGAGCGCTCACTAAAGCGTTTTCTACCATATAGCCGCTTTTTCTGGTGTCTTTACCAATTAAAATTTTATTCGTTTGAGAATGTTTTTTAAAATACAATCCGGCAGCAACGCCCAAACGCATCACAAACATGGGGGTGAGTTTCACCCCTGCTTTACCCCTCACGCCATCAGTCCCAAAAATTTTCATCGTTATAAAATACCTTTTAAACTATTTTTAATCAATTTTTAGATAGAATTATGCCAAATTTTACATTACAAAGGGATTAAAACAAGGCTATGGCAAATCATAAGTCCGCAGAAAAGCGAATCAGACAGACCATTAAAAGAACCGAACGCAACAGGTTCTATAAAACTAAAATTAAAAATATCATTAAAGCCGTGCGTGAAGCGGTCGCCATCAATGATGTAGCAAAAGCTCAAGAGCGTTTGAAAGTCGCTAATAAAGAGTTGCATAAATTTGTCAGCAAGGGGATTTTAAAGAAAAACACCGCTTCTAGGAAAGTCTCAAGGCTTAACGCTTCAGTGAAAAAAATCGCTCTCGCTTAGTTTTGGGGCGTTTTTGACTTCTTCAAGCTCAGTAACGGGTTTTTGTTATTGGGCTTCTTTTTAAGTTTTGCGTTTTTAGATTGTTGTATTTTTTATTCACATCTTTTTATAGGTAGTTTTGCATGTCTATTCTAGCTGAAAAGCTTTCTTCCATTCTCAAACGATACGACGAACTCACAGCGTTGCTTTCTAGCGCTGAAGTGATTAGCGATATTAAAAAACTCACCGAATTGAGCAAAGAGCAAAGTTCCATTGAAGAAATTTCCATAGCGAGTAAGGAGTATTTGAGCGTTTTAGAGAATATCAAAGAAAATAAGGAGCTTTTAGAAGACAAGGAGTTGAGCGAACTGGCTAAAGAAGAGTTAAAAATTTTAGAAATCCAAAAAAGCGATCTAGAAACTGCCATTAAGCAACTCCTTATCCCCAAAGACCCTAACGATGATAAAAACATTTATTTAGAGTTAAGGGCCGGCACAGGGGGCGATGAAGCGGGCATTTTTGTAGGGGATTTGTTTAAAGCGTATTGCCGTTATGCGGATTTGAAAAAATGGAAAGTAGAGATAGTGAGCTCTAGCGAAAACAGCGTAGGGGGCTATAAAGAAATCATCGCTTTGATTAAGGGTAAGGGCGTGTATTCAAGGCTCAAATTTGAAGCAGGCACGCATCGAGTCCAAAGAGTCCCTGAAACAGAATCTCAAGGGCGCATCCACACTTCCGCTATCACAGTAGCGATCATGCCTGAAGTGGATGATGTGGAAGTTTCTATCAACCCTAGCGATCTAAAGATTGAAGTGTTTCGCGCTGGCGGGCATGGGGGGCAATGCGTCAACACTACAGACTCTGCGGTGCGCATCACACACCTTCCCACCAATATCAGCGTGAGCATGCAAGATGAAAAATCCCAGCATAAAAACAAGGACAAAGCCCTAAAAATCTTAAAAGCGCGCCTTTATGAAAAACAAATTGAAGAGCAACAGCTCGCTAACGCTAAAGATCGAAAGGAACAAGTGGGTAGTGGGGACAGGAGTGAAAGGATCCGCACCTAT
NZ_CP007605.1_gap11	408513	413202	4689	TTTTCAAAAATCATTTTGATTTCTAAAAATAGTCTATAATGCTCGCAAGAGATATTTTTTAAGGTTATCAATGAAAGCTATAAAAATACTTTTTATAATGACACTCAGTTTAAACGCTATTAGCGTGAATAGGGCGTTGTTTGATTTAAAAGATTCGCAATTAAAAGGGGAATTAACGCCAAAAATAGTGGATTTTGGGGGTTATAAAAGCAGCACTACAGAGTGGGGGGCTAGCGCTTTAAACTATATCAATGCGGCTAATGGCGATGCGAAAAAATTCAGTGCGCTAGTGGAAAAAATGCGTTTTAACTCCGGTATATTGGGGAATTTAAGAGTGCATGCACGTTTAAAGCAAGCCCTAAAATTGCAAAAGAATTTGAAATATTGCCTTAAAATCATCGCTAGGGATTCTTTTTATAGCTACCGCACCGGTATTTATATCCCCTTAGGCATTTCTTTAAAAGATCAAAAAACGGCTCAAAAAATGCTCGCTGATTTGAGCGTGGTAGGGGCGTATCTTAAAAAACAGCAAGAGAATGAAAAGGCTCAAAGCCCTTATTACAGAAGCAACAACTATTACAACTCTTACTATAGCCCTTATTACGGAATGTATGGCATGTATGGAATGGGCATGTATGGAATGTATGGCATGGGCATGTATGATTTTTATGACTTTTATGATGGCATGTATGGCTTCTACCCTAACATGTTTTTCATGATGCAAGTTCAAGATTACTTGATGTTAGAAAATTATATGTATGCGCTCGATCAAGAAGAGATTTTAGACCATGACGCTTCCATTAACCAACTTGATACGCCCACTGATGATGACAGAGACGACAAGGACGATAAATCCTTACAACAAGCAAATCTCATGAGCTTTTATCGTGATCCCAAATTCAGCAAAGGCATTCAAACCAACCGCTTGAATAGCGCTTTAGTCAATTTAGACAACAGCCGCATGCTCAAAGACAATTCGCTTTTCCACACCAAAGCCATGCCCACTAAAAGCGTGGATGCGATAACTTCTCAAGCCAAAGAGCTTAACCATTTAGTGGGGCAAATCAAAGAAATGAAGCAAGATGGGGCGAGTCCTAGTAAGATTGATTCAGTTGTCAATAAGGCTATGGAAGTGAGGGACAAATTAGACAATAACTTGAACCAACTAGACAACGACTTAAAAGATCAAAAAGGGCTTTCAAGCGAGCAACAAGCCCAAGTGGATAAAGCCCTAGACAGCGTGCAACAATTAAGCCATAGTAGCGATGTGGTAGGGAATTATTTAGACGGGAGTTTGAAAATTGATGGCGATGATAGAGATGATTTGAATGATGCAATCAATAACCCTATGCAACAACCCGTACAACAAACGCCTATTAGCAACATGGCCAACACCCATGCAAATGACAGCAAGGATCAAGGGGGTAACGCGCTCATAAACCCTAACAGCACCACTAATACCGACGACACTCACACTGACGACACTCACACTGACACTAACACCACAAACGATGCTAGCACCACTGACACCCCCACTGACGATAAAGATGCTAGCGGCTTGAACAATACCGGCGATATGAATAACACGGACACCGGCAATACGGATACCGGTAACACTGATGATATGAGCAACATGAACAACGGCAACGATGATGCGGGTAACGCTAATGACGACATGAGTAACGGCAACGACATGGGCGATGACATGAACAACGCGAACGACATGAACGATGACATGGGTAATGGCAGCGATGACATGGGCGATATGGGGGATATGAACGACGATATGGGTGGCGATATGGGAGACATGGGGGATATGGGCGATATGGGGAATTGAGATTAAACCCCAACATCAAAGAGTGATAGCCAAAACTTTAAGGAATATTTTTATCCCACTAGCGCGAAAAACTCTGTCCTTTAGGGTGCAAGATGTGAGTGCATAGCTGTTAGACTATATTCAAGCTTAAAAGATGACAAAATACCTCTAGTCTTTTTGGGGTAGGAAATATCCATGCAGACTTTAAAGAACAAAGCCTTTTGTGTTAGCATTCAATGGAATGCTTTAGTTAGGAAGCTCCTTGCTTTAGCAAGGGGTGGTTTCCAGTAAAAATGATTCTTTTAAGGTAATAGGGGGGGATATTTTGCGATGAATACCCCTTTTAAAGAGCCTTTTATATTAGCGTTCGTTAGGGCGAAAGCCCCTTGCTTTAGGCGGTTTTATATTTTAGACGCTCAAAATTAAAAGCAGAAATTAAAATTTCTTCTTGCTCACGTCTTCTAAAATATCTTGGGAGATCCCATCAATTTTAGCGCTGACTTGTAAAGAATGATTAGCGATAGTCAAATTATCCTGCACATCTTGTTGCAAGGCGTTAATGGAGTTGTGGATGTTTTCTACGCCCTTATTTTGCATTTTGATAGACTCAGCGTTATCGGCAATGCTTTGAACTAAAATATTGATATTGGCTTCAATTTCGCTGAGCGATTTTTGCGTCCTTTCAGCGAGTTTCCTCACCTCATCAGCTACCACCGCAAAGCCTCTGCCATGCTCGCCGGCTCTTGCGGCTTCAATAGCGGCGTTTAGGGCTAATAAATTCGTTTGATCAGCGATGTCTCTAATCATATCCACCACGCTTTTAATGTCTTCGCCTTGAGAGATCATCTCTTGGCTTTTAGAATCAATGGTTGTAATAATATTAGTGATTTCTTCTAAGGATTGAGTGGTGTTTTTCAGGCTTCTTTCTTGTTTGTGGGCGGTTTTAGTCAAGTTATCCACGCAAGTTTTTAAATCTTTGGATTCATGATTGAGCGCATTCGCAAACCCTAAAGAAGCTTTAAGCATGCTAGAAATTTCTTGCCCTAAAGTGTTGAGCGCTTTTTCCATGTTGGCTTTAGGATTTTGGATGTGGTGGGTGAAATCCAGGTTTTTATAATGCTCTAGGGCGTTATTTAGGGCTTCAATATTGGTGCCAATTTGGTTACGAAAATACTGGATAATGCTATTAATCGTATTTCTTAAAGCTTGCAAATCTTTATTTTTAGGCACGCATGCGATTTCTTGCGTGAAATCCCCATTTTCCACATAATTTGTTACTTCAATGCTGTTTTGAATGGCTTTGTTATCGGCTTGAATGCTTTCTTGGGTTTTAAGAATGTTTTCATTGATAGAAGCTTGCATTTGCCCGATTTCATCATAAGCGCTTGGGGGCGTTAGGCTTATGGCATGGTTATTTTTGGGGTTATTAAGCAAGTTGAAAAAATCATTTAGGGTGTTATTGACCCTACTGATGCGTTTGGTTATGAGATTGGAAACGATGATAAAGACTAAAAAGGCTAACACCAGCACGCCTAAAATCAAAGTGGTGATAATAATGAATTTGGTGTTTGTGGCTTCTTTAAAGACTAAAGATTTATTGACATATTTCCCAATTGCCCAACGCCAATGATTGCCGTTATTCCCTTTTTCTTCAAAAAAATCAAAGGGCTGTATGGCTAAAAAGGTTTCTGTATTCCCGCTCAATGAATGGTAGCTCAAAGTGCCCGCTTCGTTTTGATTGTAATACTCCACAGCTTTAGCGACTCTTCTATCCGGATTGATAGCGCTTAAAATCTTATCTTGAATCTCACGATTAGGGTTGATTAAAAGCCTGCCGTCTTTCCCCATTAAAAAGGTGTTGCTCTTATTTTGGCCTATTACATCGGTATAAAAAGCGTCAATGTTTAAAAAGAGGTTCAGCGCACCCATAACATTTTGATTTTTACCCATTAGGGGGAGGGTAATATCCATGCCATAGATTTTATCGCCATTAACCTCCTTATAATAGGGATCTGAACGGGTTATACTTTTGAGCGAATGGATTTGATTAATCATGTTTTCATTGAGCGTGGTATTAGGGTAGGCGATTTTTGAATCCATGTTCATTGCAGTGATAATTCGTTCATTATTATTCGTATAAATCGCGCTAACCAATAACACATGGGGGTTTGCCAACAAAAACTCAGAGAGCATGCGCCTTTTTAGGGTGTCGTTGATAGCATTATTTTCATCGCTTAAAAATTTTTCAAGGGTGTTAGCGCCCATAAAAATGCGCTTCATAATGCCTTGAATTTTAAAACTGACTAAATGAGCTTTTTTTTGCAGCAATTCTGTGGCTTGGCTTTGCAACACGCTTTCAACCTTGTAGCTGATAATAACGCCCATAACAGCGCTAATGACAATAACGACCGCACACACCATCATGACGATTTTAGAACCAATTCTTGTAGATTTCATTCCCTTTGCCCTTTTAAAACGAATTGATAGAGAACGATTATTATACATTATTTTGAAATTTTAATAAAACAATAATAAAACAAGAGAGGACAAAAAAGCAGAAAACAAAAGAGAGCCAAAGCCCTCCAAAGCTCCCCCAAAGGAGAGGCAAAAAGAAATAGAGATTACCTTTTGGAGAATTGCGGGCTTCTTCTGGCCTTTCTTTTACCATATTTTTTGCGTTCAACCACCCTTGAATCCCTAGTGAGCAAGCCCTTAGGTTTTAAAATGGCTCTAAAAGCAATATCATAAGCGTTCAAAGCTTTAGAAATGCCATGCCTTAAGGCTTCCGCTTGCGCTGAGTAGCCCCCACCAAAAACCACCGCTTTAATATCCACAGATTGCTCTTGTTTGGTTAAAAGCAAGGGTTGCATGAC
NZ_CP007605.1_gap12	415630	417107	1477	CCAAATGTTTTAAATTGATAAATCGTAATCATAGTATAAGAAAATCAATTCGCATTCAAAGGGCTTGAAGTTTTATTGACAAAATCTTTCAAATCGCTCATTCCAAGCACCCTATCAATCAATAATTTCTTTTTAGAAAACGCCCCATTATGCTCCTCAGCTAACCATAATGAAGTGATCACCACGCCTCCTATTTTATGGCTCAAGGTTTTAAAATGCTTTTGGGTTTGCACCGACCAAATGCTGTGAGCGACTATCGCTTGATGGTTGTGTGCACCTAAATAGAGCATGATATGCCCTTTTAAATAGATGAGCGTGCCAAAAGGCGTGGCGTTTTTAAGGATGTAGTCTTCTTTTTCTTTGGCTTTCATAGAGCTTAAATCCACATAATTGTTCGCATAACGGCTTTGCGCGTAGGAATTTCTGGGGAGTAAAATTCCAAAATTAGCAAAACTATCCCTAGTGAAAGCCGAGCAATCCCTATTACCCAATAGCCCACCCCAGCCGTATTTTTGCCCTAGCATGGTGTCTATAAAATACGCCATGTTCTCGCTGTTAAAAGCTTTAGGGAAAACAAAAAAATCCTTTTCTTCTAAGATCACGCTTTGTAAAGTCGCATAGCCCTTAGCATCCCTCAAAAAACCATAGGCTTTTAATTCCTTTTTTGGGGATTTTTCAGGCGTTTTTTGACTTTGGGGGATGAGAGCGAACAATTCGCCCACTCTGGCGTTGGTGTAAAAATCCCCATAGTCCGTATAAAGGGGAATCTTGTCTTTTATAGGCATGACATAATTTTTGATCTTGGTTAAAAGCTCTATGTCTTTATCGTGCATGTAGGCTAAATCGCTAACTTTAATCCAGCCATAAACAAAACTGCTCTGAATGTGGGCGTAAGTTTTATCCGTGTTGAAATGCGTGACTAAAACCGGTGTGCCTTGAAAAATCAGCGAATTTTGATACCTGTCAAAAGGATAACCTTTTGGAGAAAGATAAAAAGGCTTGTTAGTAGGCACAGCCCTAACATCGCTATCTCGCGCTACAACAGCCCTAATCTTAGCACTCGGGTAACGCTCAATATCCATGCTTTTAATAAGCTCATCATTGAAAGCTTTTGCGTTGGGTTTTAGATCTTCGCCATAACCGGTGGATTTATTCATCTCCTTAAGGATCCAAAACACTTCTTTTTTATTGCTTTTGACTTTCATATCTAGCCATGGGGAATACCACGCTTTGAGATAGCTCTCTTTCAGATTTTCTCTTAACGCTTGGGGGTCAATGCTTTGGTTGTTGTTACTGCCATTTTGAGAGCTTGCAAGATAGCTTGAAGCCTCTTGGGGCAAGGATAAATCTTTGAGCGTGAAATCCTTTTTCATGCAACCCACAAACAAAAACAAGAAAACTACAAGAAAATAACGCATGCTTTAGAGAACCTTAACATCAAATGCGCAAATAGTTTCTTAAAATGCGCCCGTATTGC
NZ_CP007605.1_gap13	431117	436101	4984	TGTTTTTAACTTTAGAAGGCCTTAATACGCTTATGGCAAAAAACTACGATAATTTAAAAGAGTTAAACCTTAACCCTTTAAATTATGAAGAAGAGTTGTCTTTAAGGGCGTTAGTGAGCGGGAGCGAGAGTATTAATCCTATTATCGTGCTAGAAGAGCGCATAGAAAAAACCCTTTTTGTAGAAATTAAAAGCATTTTTCAAGAAGAAAAGGTGTTTTATTTGCTCTAAACTAAATTTTAAAACACAGCGTTGTGTGTGGGTGGGGGTTGTATAAAAACATACAAGTAATTTAAAATCAATTTAAGATAATTAGGCACAATAGCCGTAAAAAGTTTAAGGCTGTATTTGAAAACTCTATTTAGTGTTTATCTCTTTTTGTCGTTGAATACGCTCTTTTTAGAAGCTAAAGAAATCACTTGGTCTCAATTCTTGGAAAATTTTAAAAACAAGAATGAAGACGACAAACCCAAACCCCTAACTATTGAAAAAAACAATGAAAAACAGCAAATCCTAGACAAAAACCAGCAAATCTTAAAAAGGGCTTTGGAAAAAAGCCTTAAATTTTTCTTTATTTTTGGATACAACTATTCGCAAGCCGCTTATTCAACCACTAATCAAAACCTGACTCTTACGGCTAATAGCATAGGGTTTAACACCGCTACAGGCTTGGAGCATTTTTTAAGAAACCACCCTAAAGTCGGTTTTAGAATCTTTAGCGTCTATAACTATTTCCATTCCGTTTCGCTCTCCCAGCCTCAAATCCTAATGGTGCAAAATTATGGGGGCGCGTTAGATTTTTCTTGGATTTTTGTGGATAAAAATATTTATCGTTTTAGGAGTTATTTAGGGATCGCTTTAGAGCAAGGGGTGTTGTTAGTGGATACGATTAAAACCGGTGCTATCACAACCATCATCCCAAGAACCAAGAAAACCTTTTTTCAAGCCCCTTTGCGTTTTGGTTTTATCGTGGATTTTATCGGTTATTTGTCTTTGCAGTTAGGGATTGAAATGCCCTTAGTGAGGAATGTTTTTTACACCTACAATAACCATCAAGAAAGATTCAAACCACGATTTAACGCTAATCTTTCTTTAATCGTTTCGTTTTAGACTCCCTTTAGATTCTCTTTTAAATAAGCCCATGACTTTTTTGGGGTATTTTAAAAGCATGGAAAAAACATTCGCTTGAATGCCGTTTTCTTGGCATGCTCTTATGTTTTCTTTATTCCTTAATAAAAGGCTTTTAAACCCGCTTGCGCTAACCCCACCGGTGCGCATGACGACTAGCACTTCTTTCAAATAAGAAAAGCTTATTTTTTGCACCACAAACAAGCGGATGATCATCTCAAAATCCGCTGAAATCTTATAATCGGTTTTGTATAAGCCGTAGCGTTCATAAATGGCTTTTTTGACAAAAAGCGTGGGGTGCGCTGGCACTATGCCATAAAGCAAGGTTTTAGGGCTAAATTCCCCGCTTTCATAATAACGGACCACTTTTTCTAAACAATCCGGTTTGACAAACACCAGATCCGCATACACGCTATCGCAATTTTTGTTTTCAAACTCATGCACCACTTTTTCTATTACAAACTCATCTTTGTAAAAATCATCGCTATTCAATAAAGCGATAATATCCCCACTCGCACGCCTTATACCCTTATTCATAGCGTCATAAATGCCCTCATCTTTTTCACTCATCACGCAAGCGATTTGATCTCTATATTTTTGAATGATTTCTAAAGTGCGATCCGCGCTAGATCCGTCTATAATGATGTATTCAATGTTTTTATAAGTTTGATGAAGCACGGAAAGAATGGTGTCTTCAATGGTTTTTTCGCTATTAAAACACGCCGTGATCACAGAAACTTTTAACAATCCAACCCTTTTTGATAAACTCCCCCTTGATCAAGTTTTAAACAAATTCACTTGTTTGTCTAAACTCATGGTCGTTCCACTCACATGCGTAGCGATGTTTAAAATATCTGAAGAATCGGCTAAAGTCTTAGAAGCTACTTTTTCCACTTCTGCAAAATCGCTTACCATAACTTCAATTTGGTGTCCGGATTTGGCGTAATCGTCCATGCTTTGATTGCTGTCTGACACGACTGAGCTTAAATTAGAACTCATTTTTTCGTAAGTTTCTTGCACGCTTTTACTCATATCGCTCAAGCGCTCCATTTTTTGCGAATTGAGATTCATTTGCGAGCTTACGGCATTGATTTCTTGGACAATCACCATGATAGTGGAATTGATTTCGGCTAAAGACTTTTGAGTGCGCCCGGCTAAATTCCTGACTTCATCAGCCACCACCGCAAAGCCTCTGCCATGCTCGCCGGCCCTTGCGGCTTCAATAGCGGCGTTTAGGGCTAAAAGATTGGTTTGATCGGCAATATCGTTGATAATGTCCAAAATGGATTTGACATCATCAGCGTTACGGCTTAGTTGCTCCACTTTACTAGAGAGTTCCTCTTCAGTGTGCGCGCTCTCTATGATTTGAGAAAATAAATCCCCGATCGCATCCTTGCTCTCTTTGACCAGCCCTTGCGTTTCAATCAAACGCTTCCTTAACCCTTGAGATTGTTCTATAGAAGTATTCATCATGCTCGCTACATCAGTGGCTTTATTTTTTACGGAATTTAGGGTGGTTGAGGAATTTTTCATGCTCTTTTGGGTTTCTTGCGCGATTTGGACCAATTTATCCATTGAAGTTTTATTGGAAGTGGAAATCCCTTTAATCTCTTCCATAATCAAGCGGGCGTTTTCCACAAACAAATTGATCCCACGGCCCACTTGCGAGATTTCATCGTTGCGATCACCCACATCAATTTTGGCCCTCAAATCCTTATCCCCATGGCTGAAAGCGTTGATTTTAAGGACCAGTTCATCAATGCGTTTCACGATCCTTAATTTAGCGTATATGAGCGTCAAAACCACTAACGCTATCGTCGCTGTCAGTATCCAAAGGAATAATTTCGTGGTGTTTTCATTAAAAACCTTATTTACGCTTTCTTTGATCGCTTTATTCTCTGTGTTAATGTCAGTGTAATAAGAAGTCGTTGCGATCACCATTTGAGACACCTCATCATAATGCGAGTAGGCGAATTTTTTCTCCGGCACGCCTCCATCGTATTTAGGCATTTTATAATAAGTGTAGCCTCCCCCTTTTTTAGCCGCTTCCAAATACCCCCTAACGTAATACACCCCATCAACGCTCTGAGCGTCAAGCCCTGATTGGCCTACGGTTTTAGGATTGACCGGATCAAACAATACCACCCCATTTTTATCCACCACCACCATATAAATCATGCCCTTATCGTCGTTAATGCGTTTGAAATAATCTAGTGCCATTTTTCTTGCAGTAGCATTGTCAAAATCTTTGTAATACTCATGAATGCCCTGTTCAATAATTTTTGTCATGTAAGCGAGCGTTTTTTCACGCTTTTTGTATTGCCCGGTTTCTAAATGCTCCATGAGTTGCGCTAACACATCTTTTTGCATAACCTTTACAAAACCAATAAAAAGCCCCCCTAAACCTAAAAGAGCGGCTAACACGACCAGCATGATACGAGTCCCCAACGAAGCAAACATTGAAGAAAACATCATTTATCTCCTAATAAATCATTTTTAAGTCAAACCCTAATTTTAGAGTTTAGCTTCTAAATGCACCCCCCCCCCCGAAAAAAAATGAGAGGCACAAAACAAAATTAAAACCCGGTTGTTTGAAAACGAAACAGAGAACAAACAAGCTAAAATTATAGAACACCCTTTTTTAAGTTGGGCTTAAAGAATAAATAATAAAAATAAAAAATTTTATTTAACTTCACTCTCTTTAATGGATCTTATGTTCAAAGTCCTCCCGTCTTTTGAAGTGGGGATTTTGATGCTCCCCTCTTTTAATTTTTCTCTCAATTTTTCCAACAACGGGTTTTTGAAATCGTAGTTGATGATTTCCCAATTACCCTCCAATTCAGGGGTTACCTTCCCACCTTTTTCTTCTGTGATGTATTTAATAATCAAATCTCGTATTTGCCCACTATCTTGCAATGCATCGTAAGAATCATAATACCTATCAGTATCTGTAACCAAATTCAATGTCGTGGATAACGTCCCGAATCGGTAATTGTTGATCGCTAATTTATAGATTGCTTTGGGGTCAATGGGTATGTTGTTGATTGTCGGATTAATGATTCTTTGTCCGGCGGGTTTGGTAACATCAACCTGGTATTTCACGCCAGAAAACATATCAAAATTATAGCCGCGAATGTTTTCATTAAAACTGATCGTCAAATCTCCTGGTTGCAACTGATTGTAAAATCGGTATGACCATTCCATGTATTTCAACAGATTTTCACCCGTTATATGCACTCCAATGAGCGTATTAGCGAACTTGTAAATATAGGCGACATCTTTTCTTTTGAAAGGCCCTTTTTTCAAATTCGCCCCAAAATTGAATAAGGCTGCCGCTGAAACATCGGCTTTGGCGTAATATTTTTGGACTTTATTGATCAATTCTATCACCGGTGTTTCTTGCAAGGCGGCGGTTGGCATCGTGGTGATTTTTTCTCCTCCTGTGATAAAATCAGGCCTGTCAATAAAGGTTTTTGTAACTTCGCCAACCACTTCATTAGCGTATTCTTTTGATTTTTTATCCACGTATTCATATTTTTTCGCTAATTCTTCATCTTCTGGCACGCCTTTTGTGGGTAAATTTTCAGTCGTTACGATTTTTTTCTTCGTTTGGGTGTCAAACACCACCACGCCCTTTGCCAGATAAGCCCCATACGCTCCAGGCTCAATGGTATGCACCTTTCCTATTTTAGTGTTATAAACCGCATGCTCATGCCCTGCAAAAATGATGTCAAATTGTGGGAATTTTTTCGCCAGATCAGGTATCCCATCGCCACCTTTCTCATCTTCTCGCCCCAAATGAAAAGCACCAATCAAAATATCATACTTCCCTTTCAACTCTTTCAAAGTCTTTTTTA
NZ_CP007605.1_gap14	495557	497080	1523	AAATATGCGTGCCTACGCCCTCTTCTTCAACCAACCTCATCATCACGCCATTATCGGGGTTTTTCACATAATATTCATAATCAAACCGGCAATCATTCGCGCAACTCCCTCTATTAGGCACGCGCCCCTTTTGTAAAGCCGAAATCAAGCAACGCCCTGAAAAGGCAAAGCACATGCTCCCATGCACAAAGATTTCTAATTCTAAATCGGGCAAGGCTTTTTTAATTTCAATCGCATCATTCAGGCTCAATTCCCTAGCGCACACAATGCGTTTAACCCCTAAATCATAAAACACTTGCGCATCTAGCAAATTTAAGACATTCGCTTGCGTGGATAAATGGATGGGAATATGCGGGGCGATTTTTAAAGCGAGTTTCACCACACCAGGCGCAGCGATAATGAAAGCGTCTGGCTTCAATTCTGCCATTTTATAAATGTGTTCTTCTAAAAGTTTGAGCTGTGAATTGAAAGGGAAACCATTGATCGTGGCATAGACTTTTTTATTTAGTGCATGGGCGTAGTCAATCCCTTCTTTAAAGGTCTTTAGAGTAAATTCCTTGCCTGCACGATTGCGTAAAGAAAAATGGCTCACTCCCCCATAAACCGCATCAGCCCCATAGTTGAGAGCGATTTTAAGTTTTTTTAAATTACCAGCTGGAGAGAGTAATTCAACTTGGTTCAAAACTACTTGGCTCCAAAAGAAGCGATCAAGGCTTCAATATCGTCCGCGCTGGCTAAATCTTTATCGTCATCGCCGGTGATAAAAGTCGCTGAACTCACGCGCTTAGAATCATCAATTTTGCCTTCAAAAAGCGAATTCATGTATTGGCTGAGCGCTCGCATGACATTGACCACTCGTTCAATTTTTTGGCGGTGGATGTCTTGAAACTGCATAATATCCATCGCTTGCATGGAGCTATCAGAGCAATTAGCGGCTTCTTCTTCAATGCTTTTAAGGGCGTTTAAGATTTCTTGTTGATCATTGAGTGCGGTTTTAAAAGATTCCACATGGGGGAAATGGCCATGCAAATTGTCAAAAATTTCTTGGTGTTTTTGCAAAGGTTCTTGGATCTTTTTAACCATTTTAGCGATCTTTTCAGCACTAGCCCCAATCAAATCCAACTGATCAAAAATTTGCGTGGCTTTCACTTCAGAATCTCTTGTAACATCGTCTAATTGATGCACAACCTTATGCTCTTCAGTGGGGGGAGGGGGAGGCCACTCATTAGGGCTAATCTTGCCGTATTTTTCAGCGTCTTCTTTTTTGACGGTCATTTTTTCGCTAGAGCTTTCTTCTTTAACCTCTTCTTCCTCTTTAGCCTCCTTTTTAGCTTTCTCTTTAGTTTCTAGGGCTTCCAAATTTTCTAAATCGCCACCATTCATCAAAGCGTCTAATTCTTCTTGTGTCATTGTCGTTCCTTATGCGTTTAAAAAGCGTTTTTATAGTAACCATAATTGATTAGCTGTCATTTTAGCGCACTTAAGCTTTAGCAATCAAAACGCCCTCTAAAATCGCATCAATA
NZ_CP007605.1_gap15	544776	547542	2766	GCAAAAATGGAACTTGCACACGCGCATCGCTTTAAGAATTATTTTATTGGTAGGCACAAGCCCTAGGAGGTTGATTTTAGGTTTTATGATAGCTACAGGCTTTCTGTCTATGTGGGTGAGCAATACCGCAACGGCGGTGATGATGCTCCCTGTTGGCATGAGCGTTTTGCAATTAGTCGCTAAACTGGTGGGCAAAGAAAACGCCTCTAATTCATGGTATCAAAAAGAAGAAATCACCAAAGCGCATGGGGGTATTATGAGTAATATCGTGCATAAGGGCAAAGATATTACCCAAGTCATTCAAGAAAAGACTACTATCTATCGCACGAATTTCAGTATTTGCTTGATGCTTGGCATCGCTTATGCGGCTTCTATTGGCTCTTTAGGCACTTTGATTGGCACGCCGCCTAACGCTTTATTAGCCGGCTATATGAAAACCGCTTTCAATATTGAAATTGGTTTCGCTCAGTGGATGGTGTTTGGGACGCCGTTAGCCTTTATCATGCTCATTTTAGCGTGGCTCTTGCTCACTTATGTCATTTTTCCTTTAAAGATTAAAGAAATCCCAGGGGGTAAGGAAGTCATTAGGGTGGAGTTAAAAAAATTAGGCCGTTTGAGTTGGGCGGAAATCTCTGTGGGGATTATTTTTATCCTGGCGTCTTTAGGGTGGATTTTTTTAGGCGTAATGTTAAAATCTTGGGGTATTAAAATAGATAAAATTGATTCAGTGATCGCTATGGGGGTTTCTGCGCTTTTATTCATTTTGCCCGCTAACCATCAGGGCGATAGGCTCATTGATTGGGGTGTTGCTAAAAAACTCCCTTGGGATGTGTTGCTTTTATTTGGCGGCGGGTTAGCCTTGAGCGCGCAATTTTCTAAAACCGGGTTGAGTTTGTGGATTGGGCATTTAGTCTCTGGCTTTTCGCATTTACCGATTTTATCCATCATTGTCATGGTCACTTTAATGGTCATTTTCTTAACCGAAATCACTTCTAACACCGCCACTGCTGCCGCGTTTTTACCGGTGATTGGAGGGGTTGCGATGGGCATGGGTTATGAAAACCATCAGAGCTTGTTATTGACCATTCCTGTCGCCTTGAGCGCGACTTGCGCGTTCATGCTCCCTGTAGCCACCCCACCCAATGCGATAGCTTATAGCTCTGGGTATGTTAAAATAACGGATATGATTAAAGCCGGTTTGTGGCTCAATCTGGTAGGAGTTGTTTTGATTAGCGCATTCAGCTATTGTTTAGTTTCGCTGGTATTTAATTGATTAAGGAAAAAAGTGAAAGAAGAGTTATTTAAAGAAAAATCTCGTTACATTACAGGGTTTGTTTTAATCATTGTGGCAGGCTTGATTTTGTATGCGGACAATTTGTTGTTGTTTTGGGCGGTTTTAGGGGGGATTTATGCGGTAGGGTTTTCTGAAGCGTTAAGACTATTCCAAGTTAAAGCGAGCTTTAGCCTGTATCTTATTTTGGTGTTGTCATGGGTAGCGGCGTATTTTAACGGGCGCCCTATAGAATGCGCTCTTATTAGTGCCATGGTCATGGCTAGTGTTATCGCTTATCAAAAGGCGCACCATAGCGAAGCTATTTTACCCTTTTTATACCCGGGCGTTGGGTTTTTTGCGCTTTTTGGGGTTTATAAGGATTTTGGTGCAGTAGCGATCATTTGGCTTTTAGTCGTGGTGGTTGCAAGCGATGTGGGGGCATTTTTTGGAGGCAAGCTTTTAGGCAAAACCCCTTTCACGCCCACTTCGCCGAATAAAACCTTAGAGGGCGCGTTGATTGGCGTTGTTTTGGCGAGCGTTTTAGGATCGTTTGTGGGCATGGGGAAATTGAGCGGGGGCTTTTTTATGGCGCTCTTTTTTAGTTTTTTAATCGCTCTTATGGCGGTGTTTGGGGATTTGTATGAAAGCTATTTGAAAAGAAAGGTCGGGATCAAAGATAGCGGTAAGATTTTACCCGGGCATGGGGGCGTTTTAGACCGATTGGATTCCATGCTTTTTGGGGCTTTAGGCTTGCATGCGTTGTTGTATTTTTTAGAAGTTTGGAAAGAAACGGCGGTGTTTTTGGGGGATTGAATGGTTGTTTTAGGAAGCACTGGCTCTATTGGGAAAAACGCCCTAAAAATCGCAAAAAAATTCAAAGTAGAAATAGAAGCCTTGAGCTGTGGGAAAAATATCGCTTTAATCAATGAGCAAATCAAAGTCTTCAAACCCAAGAAAGTGGCGGTTTTAGATCCTAACGATTTGAATGCTTTAGAGCCTTTGGGTGCGAAAGTGTTTGTAGGGCTAGAGGGCATTGATGCGATGATAGAAGAGTGCGTTTCAAATTTAGTCATTAACGCCATTGTGGGCGTGGCGGGATTAAAGGCGAGCTTTAAAAGCTTGCAAACTAACAAAAAACTAGCCCTAGCGAATAAAGAAAGCTTAGTGAGCGCGGGGCATTTATTAGACATTTCACAAATCACGCCCATTGACAGCGAGCATTTTGGCTTGTGGGCGTTGTTGCAAAACAAGGCTTTAAAACCTAAATCCTTAATCATTAGCGCGAGTGGGGGGGCTTTCAGGGACACGCCTTTAGAATTTATTCCTATTCAAAACGCGCAAAACGCACTCAAGCACCCTAACTGGAGCATGGGATCTAAAATCACCATTGATTCAGCGAGCATGGTCAATAAGCTTTTTGAAATCCTAGAAACTTATTGGCTTTTTGGCGCGTTTTTAAAGATTGATGCGCTGATTGAAAGGAGTTCTATCGT
NZ_CP007605.1_gap16	553667	554863	1196	TTGCGTGCGTGATTGATTCCATTCAAACGCTTTATTCGCCAGAGATTTCTTCAGCGCCCGGCTCTATTTCGCAAGTGCGAGAGATCACTTTTGAGCTCATGCGTTTGGCCAAAACAAGAGATATTGCTATTTTTATCATCGGTCATATCACTAAAGAAGGGAGTATTGCAGGGCCTAGAGTGTTAGAGCATATGGTGGATAGCGTGCTGTATTTTGAAGGCGATCCCAGTAGGGAATTAAGGATTTTAAGGAGTTTTAAAAACCGCTTTGGCCCTACGAGTGAAATCGGCTTGTTTGAAATGAAAGAGCAGGGTTTGGTGAGCGCTAAAGAAGCTTCAAGCTTGTTTTTTTCTCAAGAAGAGCCTATGGAGGGGAGTGCCATTACCATTACTTTAGAAGGCTCAAGGGCGTTGATTTTAGAGATTCAGGCGTTGGTGAGCGAGTGTAGTTTCGGAGCGCCCAAACGATTAGCGAACGGGTTTGACACCAACCGCCTTAACATGCTCATCGCTTTGTTAGAAAAAAAGCTAGAAATCCCCTTAAACCGCCATGATGTGTTTATTAATGTGAGCGGAGGCATTAAGATCAGCGAGCCGGCTTGCGATTTAGCGGTGATTGCCAGTATCCTTTCAAGCTTTAAAAACAGAAAAATTGACAATAAAACGGCGTTTTTGGGCGAAGTGAGTTTGAATGGCAGGATTTTAGAAGCCCCCAATTTGAACGCTAGATTGAAAGAAATGGAAAATTACGGCTTTTTAAAAGCCATTTTGCCTAAAAAACCCAGTCAAAAAACCTCGATCAAATGCTATGAAGCCAATGCGGTGGGCAAGATTGTTGAATGGATGTGATTTTAACTTTTGTTACCTAATAGAACAGAGTCTTATTAAAATTTAAACTCAATTTAAAGAACAACTACCATTTTTTTTAGTTATAATGGCAAACACCATTAAAATTAAAACAAAGGTTATTCAATGAAAGCATTATCTTATTTGAAAATTTTTTATCTTTTTTTAGCGATAGGAGCAATTATGCAAGCGAATGAAAACATGGGATCTCAACACCAAAAAACCGATGAAAGAGTGATTTACTTGGCTGGGGGGTGCTTTTGGGGGTTAGAGGCGTATATGGAGAGGATTTATGGCGTCATAGACGCAAGCTCTGGTTACGCTAACGGCAAGACTTCAAGCACGAATTAT
NZ_CP007605.1_gap17	591712	593485	1773	AGGGTGTTAGAAAAAATCGTAGAACTTTTATTAAAAGATTTTTGTATTAAAAACAATGTCAAAATGACGAACGATAAAATCTTAAGGGCTAAACGCATTAATGGCGAGCTGGATAGAGTCAAACGGGCTTTATGGGTGCATTTTGGAGAATATAGCGTTTTGCCAGATATTATTCTTTATCAAACCAACAAGGATAATGTCAAAATCCTGGCGATTTTATCGGTAAAAAATTCGTTCAGAGAGCGTTTTACAGAGACGCCTTATTGGAAATTAAAACTTTTACAATCGCCTATAACTTCTCACATTAAAGTCTTTATGGTAACACCGGATAATGATGATGAAATCAGTTTTAAAGACAAACCTAAAAAAGCCAGGATCGTCATGGAACATGAATGAGATGGCCTCTATTTAGCCAAAAGCCATTTTGATCAAAGCCCTAAAATTAAGGGCATAGAGAATTTATTAGAAGATTTAAAAAGGCTTTTATGAAACCTTATTTCAGTTTGGAGAAATTGGATTTATACCATGGCGATGCGAGCGTTTTAGAGACTTTTGAAAAAGGTTTTTATGATTTATGCATCACTTCACCGCCCTATAATTTGAGTATTGAATATCAAGGGAGTGATGATTTTAGGGCTTATGATGATTATTTGAATTGGTGTAAAAATTGGCTTAAAAATTGCTATTTTTGGGGTAAGGAACAGGCGAGGTTGTGTTTGAATGTCCCTTTAGATACGAATAAACATGGCAAGCAAAGTTTGGGGGCTGACATTACTATAGTGGCTAAAGAATGCGGTTGGAAATACCAAAATACGATTATTTGGAATGAAAGCAATATCTCAAGACGCACCGCTTGGGGGAGTTGGCTGCAAGCTAGCGTGCCTTATGCTATCGCTCCTGTGGAGTTGATCGTTGTTTTTTATAAAAACGAATACAAACGCCAAAAACAAACTTCTACAATCAGTAAGGAGGAGTTTTTGCTCTACACGAACGGGTTATGGAGTTTTAGCGGCGAATCCAAAAAGCGCTTAAAACACCCAGCCCCATTCCCAAGGGAATTACCCAGGCGTTGCATCCAATTGTTTTCTTTTTTGGAAGACACGATTTTTGATCCTTTTAGCGGATCTGGCACGACTATTTTAGAGGCGAACGCTTTAGGGCGTTTTAGCGTGGGATTAGAGATTGAAAAAGAATATTGCGAGTTGTCTAAAAAGCGTATTTTGGAGAGTTTGTCATTAGTGTGAGCGTTTTAAAAACCTTTGAGGGTTAAAATAGTGTAAAATAGTAAAAATTTTAAAACTCAAAAAGGATTGATAATGAATTTATTTGAAAAAATGACTGACCAATTGCATGAAGCTTTAGACAGCGCACTCGCTTTAGCCTTGCACCATAAAAACGCTGAAGTAACGCCCTTGCACATGCTTTTTGTCATGCTCAATAACTCCCAAGGCATCCTCATTCAAGCCTTACAAAAAATGCCTGTGGATATTCAAGCCTTAAGGCTTAGCGTTCAAAGCGAGTTGAATAAGTTTGCTAAAGTTTCACAAATCAACAAGCAAAATATCCAATTAAACCAAGCTCTAATCCAAAGTTTAGAAAACGCTCAAGGCTTGATGGCTAAAACGGGCGATTCTTTCATCGCTACAGATGTGTATCTTTTGGCGAACATGAGCCTTTTTGAAAGCGTTTTAAAACCTTATTTAGACACTAAGGAATTGCAAAAAACTTTAGAATCTTTAAGAAAAGGCGCGACTATCCAAAGCAAAAACGATG
NZ_CP007605.1_gap18	601109	605371	4262	ATGTGGATCACAATCTTTTATCCGCTCAAATTTTAAGGGTTAAAAACCACCGCATTAAAGAGAAATTTTTTAAAACTTTTGAGACTAAAGTGGAGACTAAAAATGGTGAAGTCCCCATTCAAGCCTTAAAAATCGCCAGAACTTATAGCCAAAAATACCCCTACACTTATTTTAGCGCGATGAGTAAGGCTAAAGAGGTTTTATGCGAAAAGCAGGCGTTTGAACAAATCAAACAAGAAAATCAAGATTATCAGGCTTGCGAAGTCAATCAAAAGTATTGCGTTTATGTGGAATCTGAGGATTTTTTAAAGGATTTCAAGCGTTTTAAAATCCAGGATGTGGATTTTTTGTTTTCGCCTTTTAGCCTTATTTATGATTTTGTGCGCGATTATTTAGAAGAAAAGCCGTTGTTGTATTTGCTTTTGGAGCGTTCAAGATTTTATTTTTTGATTGCGGATAAAAAAGAGATTTTTTTAGCCAAATCCGTGTTTTTAGAAGAACAACCTGAAGAGTTTATAGAGAGCAAGGAAGAGGATTCTATGCAGATGGATAATGAGGCTGTGAATTTATTTTTGAGTGAAATCCAAGAAGATATTGCAAGCCTTGAAGAAGCGATAGGCTTAGATAGCAGTAAGGATAATAGCGAAAAAAATAAGGACGCTTATAGTTTGATTGAAGGCATGACAAATATCCCTTTGATTGCAAACGCCTTGCAAGAGGGATTGCGTGGCGTCTATCATTCTAGAGATATAGACTTTATAGAAAAAGTGGTTGTTTTAGACAGCTGTCAAATCCACCAAAAAGCGTTACTGCATTTGCAAGAAACTTTGATGATAGAAGTGGATAGGCTTGATTTTTCTTTAGTGGAGCGCTTGAACATTTTAGCGCGCATGGAGAATGAAAAGCATGCGTTTTAGCTACATTGAGCCAAGAGCGAAATACCTTATCAGCAAGCTTTCTAAAATTTGGGTTTTTTACATTTTTTTATCTTTTGTGGTGATAGGGGGGTTAGTGGGGTTTATGCATAACGCCATTAAAAACACTCAAGACAATGCGTCTAGTTTGACGATCCAAGAAAGGCTTTACCGCCATGAAATCAGCCGCTTGCAGGTTAAGACTGATGAAACCTTAAAACTCATTAAAGAAGCCAAAAAGCGTTTGAATTACAATGATGATATACGAGATGTTTTGCAAGGGCTTTTAAACATTGTGCCGGATTCCATCACTATTAATAGCATTGAAATAGACCAGCAAAGCGTGGTGGTTAGTGGTAAAACCCCTTCTAAAGAAGCCTTTTATTTTTTGTTTCAAAACAAACTAAACCCCATGTTTGATTATTCTAGGGCGGAATTTTTCCCTTTAAGCGATGGGTGGTTTAATTTTGTCTCCACCAACTTTTCTAATTCCTTACTGATAAAAAATCCGGAGTCTATTAAATGAAACCATTGCATTTTTCACACTTAGACAGAGAACAATCAGGCGATGTAGGGTTTATCATCAAAAACCTTGTTTTTTTAGGGGTTTTTTCCTTATTGGGTTGGCTCAATACCGAGTATTTTCTATGGCCTAGCATGCTGGAATTAAAAAAAATCCTTTTAGAAGAAAATCGTAAAAAAAGCGTTTTAGAATACGCGCAAAGGCATTTTGAAACAGCCCTAACGAACTATCGCAATCAAAAAGAAACCAGCGAATCCTTATTAAAGATTTTTAATGATGAAGAGTCCAGGCGGATTTTAGAAAAGATTTTAAAAAAATGTTTTGATGCCTATAAAATCAAACCCTTGCTCTCTCAAAACCCCCTTCAAAAAACCCAGTTTTTTATCATGGCCAGAGCGAGCGAATTAGAAAAGACCTATCTTTTTTTCACCTTAATCAACAAGTATTTACCGAGTGCTCAAAGCCAATTGCCCTTAAAAATCTCTAAAGATGATGAAGGGCTGTTGGTGCAATTTAGCGTGAGTATTGATCTCCAATAGGATTAGGGGTGGTTTAATGCAAGATTTTGATTTTAGTTTTAATCCTAAGGCATGCGAGGGTTGTGGGGCAAAGTGTTGCGTGGGGGAAAGCGGGTATATTTTTTTGAATATCCAAGAAATGCAACAAATTAGCGCTTTTTTAAAATTAGAATTAGAAGAATTCAGTCAAAAATACGTTAAAAAGGTAGGGTATAAGTTCTCTTTATTAGAAAAAGACGCTAAAGAGTTGGGTTTAGCGTGCGTGTTTTTGGATTTAGAAACCAAAAAATGCCAGATTTATAGCGTGCGCCCTAAACAATGCCAAACTTTTCCTTTTTGGGAGGGCGTGAAAACTTTCTCTAAAGAGCAAAAAGAAGCTTTTTGTCAAAGCTGTCCGGGCATCACACAAAAAACCAAAGAAACTAAAGTGCGCTAAAATTCACTATAGTGATACAAAAAAGGAAATAAAATAATGAATATTCAAATAAAGAAAAGGTTTTTAGCAAATTTGTTGCTTTTTAGCTTGTTTTGCCTTAAGGCTGAAACCCTTTCAGAAGATCATCAAATCTTATTGAGTTCAGACGCTTTCCATAGAGGGGATTTTGCTGCCGCTCAAAAAGGCTATATGAATCTTTACAAGCAAACCAATAAAGTGGTGTATGCTAAAGAAGCGGCCATTTCAGCGGCGAGTTTAGGGGACATTAAAACCGCTATGCATTTAGCCATGCTCTATCAAAAAATCACCAATAATCGTAACGATGTTTCTATCAATAAGATTTTAGTGGATGGCTATGCGCAAATGGGGCAGATTGATAAGGCGATTGAACTATTACACAAAATCCGTAAAGAAGAGAAGACCATAGCCACAGACAATGTGTTAGGGACTTTGTATTTGACTCAAAAGCGTTTGGATAAGGCTTTCCCATTGTTGAATAAGTTTTATAACCAAGTGCATGATGAAGACAGCCTAGAAAAACTCATTACGATCTATTTTTTGCAAAATCGTAAAAAAGAGGGCTTGGATTTGTTGCAATCTCATATAGACAGGTATGGTTGCTCAGAGCAATTGTGCCAAAAAGCGCTCAACACTTTCACGCAATTTAACGAGCTTGATTTGGCTAAAACGACTTTTTCTCGTTTGTATGAAAAAAACCCTATTGTTCAAAACGCCCAATTTTACATAGGGGTATTAATCTTGTTAAAAGAGTTCGATAAGGCCCAGCAAATCGCAGAATTATTCCCCTTTGACAGGCGTTTGCTATTGGATTTATACACCGCGCAAAAGAAATTCGCTCAAGCTTCCAAACAGGCTTCTTTGATCTATCAAGAAAAAAAAGACCCTAAATTCTTAGGATTAGAGGCCATTTATCATTATGAAAGCTTGAGCGCGAACAATAAAAAACTCACCAAACAAGAGATGCTGCCTATCATTCAAAAATTAGAGCAAGCCACCAAAGAGCGCCAGCAAATCCTCGCTAAAACCAAAGATAAAGAAGACGCACAAGACGCTTTCTTTTATAATTTCTTGGGGTATTCCTTGATAGATTATGACATGGATATTAAAAGGGGCATGGATTTTGTGAGGAAAGCCTTAGCGTTGGATTCTGGATCAGTGCTTTATTTGGATTCTTTAGCATGGGGTTATTACAAATTAGGGAATTGTTTGGAGGCTAAAAAAATCTTTTCTAGCATCGCTAAAGAGTTTATTCAAGCCGAACCCGAATTAAAAGAACACAATAAGATCATTCAAGAATGCAAGAAATAGGGATTTTAGAAAATTTACAAAAAAGCTTGGCCTTAAAAGAGAGCATGCTTTCTTATGAAATGCTAGGTAAAAGCCTGTCGTATAACCCTTACTTGCCTAGAGTCATTCCTCAAACTAAAGATTGCGTTTTTGTAACCCCTGATGAGGTTTTAGAAAAGCTTTTGGAAGAAAACACCCACACCGATTGCGTTATTGTCAATTTCAAAGGATTATACGAAATAGGCGTGCCAAGCGTGTTTGATTTAGAAGTTTTAGGGTTATTGCGCCGCCATGCGAGTTCTTTGATTGTCCATCAGGATCTTTTCATCAGCCATTACCAGCTTTTAGAATCGCTTGTTCAAGGCTCTGATGGGGTCATTTTAGATGAAGAGCTTTTGAAAGAAGATTTAAAGGGCATGGTAGAATTTTCTTGGCGTTTGGGCTTAGGCGTGTTTGTAGAAACCCATAAGCTAGACTACACCCATTTAAGAGATTTAGGGGTTTTAGGCGTGCTAGAAAAAGTCCCCCATTCTCAAAATCAAAAAAGAATAGTCTTTTTAGAT
NZ_CP007605.1_gap19	620171	623019	2848	AGCCCTAATTCCATTATTATCCAGGCTTTAGAGAGCGGGACTTACACGCCACCCCCTGTTATTAGCGGCTCCAAATTTGACTTATCCGCTTCAAATTATATTAATGCTGACATGCCTTGGTATGATCATAAATATTACATCCCCAAATCTCAAAATTTTACAGAGAGCGGGACTTATTACTTGCCGAGCGTTCAAATATGGGGGAGCTATACCAACTCGTTTAAACAAACCTTTAGCGCGAGTAATAGTAATCTGGTGATTGGGTATAACGCAACATGGACTGATCACAATGTTTCTTCTAGCGGCACGGTGTCTTTTGGGGACACTTCAGGGAGCATTCTTAATGGGCATTGCGGGCCTTGGCCGTATTATCAATGCACAGGCACGACTAACGGCACTTATAGTGCTTATCATGTGTATATCACAGCGAATCTGCGTTCTGGCAATCGTATAGGCACGGGTGGGGCAGCTAATCTAATCTTTAATGGGGTAGATAGTATCAATATCGCTAACGCTACCATCACGCAACATAACGCCGGGATTTATTCAAGCTCTATGACTTTTTCCACGCAAAACATGGATAATTCGCAGAATTTGAAGAGTCTAAATTCTAACGGCAAGCTTTCGGTGTATGGCACCACTTTCACTAACCAAGCTAAAGACGGGAAATTCATTTTCAATGCAGGGCAAGCGGTTTTTGAAAACACCAACTTTAATGGAGGGAGTTACCAATTCAGCGGCGATAGCTTGAATTTTTCAAATAATAACCAGTTTAATAGCGGTTCGTTTGAAATTAGCGCAAAAAACGCTTCGTTCAATAACGCTAACTTTAACAATAGCGCTTCTTTTAACTTTAATAATTCCAGCGCAACCACTTCGTTTGTGGGGGATTTCACTAACGCTCATTCAAATTTGCAAATCGCTGGGAACGCTGTTTTTGGGAACTCTACCAATAGTGATGGCTCTCAAAATAACGCTAATTTTAATAATACCGGCTCTGTTAATATTTCTGGGAATGCAACCTTTGATAACGTGGTGTTTAATAGCCCTACGAACACGAGCGTGAAAGGGCAGGTTACTTTAAATAATATCACTTTAAAAAACCTGAACGCCCCTTTGTCTTTTGGCGATGGGACGATTACTTTTAGCGCTCATTCGGTTATTAATATTGGTGAAACTATCACTAATGGCAACCCTATCACCCTTGTAAGCTCTTCTAAAGAAATTGAATACAACAACGCTTTCAGTAAAAATCTATGGCAGCTCATCAACTACCAAGGGCACGGGGCAAGCAGTGAAAAGCTCGTCTCTAGCGTGGGTAATGGCGTTTATGATGTGGTGTATTCTTTCAATAACCAAACCTATAATTTCCAAGAGGTTTTTTCACCAAACAGCATTTCTATCCGGCGTTTGGGCGTTGGCATGGTGTTTGATTATGTGGATATGGAAAAATCGGATCACTTATATTATCAAAACGCTCTCGGTTTTATGACCTACATGCCTAATAGCTATAACAATAATTTAGGGAATTCAAACAACACCATTTACTATTACGACAATAGCATTGATTTTTATGCGAGCGGGAAAACTTTATTCACTAAGGCGGAATTTTCTCAAACATTCACCGGGCAAAACAGCGCGATCGTTTTTGGGGCTAAAAGCATATGGACGAATGCGAGCGATGCGCCGCAATCTAATACCATCATTCGCTTTGGGGACAATAAGGGAGCAGGGAGTAATGATGCGAGCGGGCATTGCTGGAATTTGCAATGCATAGGCTTTATTACAGGGCATTATGAAGCGCAAAAGATTTACATTACCGGCAGCATTGAAAGCGGGAACCGCATTTCTAGCGGTGGGGGTGCAAGCCTTAATTTTAACGCCCTTCAAGGCATTCTTTTAACGAACGCGACTTTGTATAACCGTGCCGCTGGCACGCAAAGCTCGTCTATGAATTTTGTCTCTAACAGCGCGAACATTCAGGCTCAAAACTCCTATTTTATAGACGATACCGCGCAAAATGGAGGCAACCCTAATTTCAGTTTCAACGCTTTGAATCTGGATTTTTCTAACAGCTCTTTTAGGGGCTATGTGGGGAAAACGCAATCTGTTTTTAAATTCAATGCCAAGAATGCGATCAGTTTCACCAACAGCACGAATTTAAGCTCTGGTTTGTATCAAATGCAAGCTAAAAGCGTGTCGTTTGACAATTCCAATTTAAGCGTTTCAGTGGGGACAAGCAGTATTAAAGCCAATGCGATCAATCTTTCTCAAAACGCCTCTATCAATACGAGCAACCATTCAACATTAGAACTTCAAGGCGGTTTGAATTTGAACGACACCAGCTCGCTCAATCTCAACCAAAGCACGATTAATGTTTCCAATAACGCCACGATCAACGATTATGCGAGCTTGATTGCGAGTAATGGCTCTCACCTTAATTTTAACGGAGCGATCAATTTCAATTCAGCGAATATTACTACGAGTTTGAATCATTCTTCTATCGTATTTAAGGGAGCGAGCTTTTTAGGAGGGCAGTTTAATTTAAGCAATAACTCTTCTTTAGATTTTCAAGGCTCTAGCGCTATCACCTCTAACACGGCGTTTAATTTCTATGATAACGCTTTTTCTCAAAGCCCCATCACTTTCCATCAAGCCCTTGACATTAAAGCGCCCTTGAGTTTGGGGGGCAACCTTTTAAACCCTGACAACAGCAGCGTGCTTAATTTAAAAAACAGCCAGCTTGTTTTTAGCGATCAAGGGAGTTTGAATATCGCTAACATTGATTTACTAAGCGATCTGAACGATAATAAAAATCGTGTGTATAACATCATTCAAGCGGGTATGA
NZ_CP007605.1_gap20	647164	650841	3677	TGGATATTGATGCGGTGGCTGGTTGGTTAGGGAGCTATGGTGGGGAGGATTCGCCTGATGATATTTCGCGCGGGCTTTTTGCTGGGGAAGTGGGGATCCCACGGCTTTTGAAATTGTTTAAAAAATACCATCTCCCTGCGACTTGGTTTGTGCCTGGGCATTCTATTGAAACTTTCCCTGAACAAATGAAAATGATCGTGGATGCAGGGCATGAAGTGGGCGCGCATGGGTATTCGCATGAAAACCCTATCGCTATGACGGCCAAGCAAGAAGAAGATGTTTTGTTAAAAAGCATTGAATTGATTAAAGATCTTACCGGCAAAGCCCCCACAGGCTATGTGGCGCCGTGGTGGGAGTTTTCTAATATCACTAATGAATTGCTTTTAAAACACGGCTTCAAATACGACCACTCGCTCATGCACAATGATTTTACGCCCTATTTCGTGCGCGTGGGGGATAGTTGGAGCAAGATTGATTATAGTTTGGAAGCCAAGGATTGGATGAAGCCTTTAATCCGTGGGGTGGAAACCGATCTGGTGGAAATCCCTGCGAACTGGTATTTGGACGATTTACCGCCGATGATGTTCATCAAAAAGTCCCCCAATAGTTTTGGTTTTGTAAGCCCACACGATATAGGGCAAATGTGGATCGATCAATTTGATTGGGTTTATCGTGAGATGGATTATGCGGTGTTTAGCATGACAATCCACCCTGATGTGAGTGCCCGTCCGCAAGTGTTGCTCATGCATGAAAAAATCATTGAGCATATCAACAAGCACGAGGGCGTGCGTTGGGTAACATTCAATGAAATCGCTGATGATTTCTTAAAACGAAACCCTAGAAAAAAATAGCGGTTGAGATCGCATCTAAGTTGGTGTGGATTTAGTGGGATTCACACTAACTGCTACGAATAAACCTTCAATTCATTTTCCATTAGTTTGATTGTTTTATTGAGAATTTGTTCATCTAAAGGTTTGAAATTTTTGTGTATGGGTTGGTTTATGTCTCTTTCGCCTTTGAGTAAGGTTACTATATTTAGATTCACGCTTTCAAAGTAGCTCATTATAGAATGCGTGGGTTTTGATCCCAATAGGGTTTCTGGCAAAGCTGAATAATCCCCTCCTAATTGACTTTCTAGCTGAAATAAATAACAAGATATATTTGGATATAAAGTTTTAAGGAGATGAAAATCTACTAATATTCGCTTTAGCATAGCATTTTCCGTATAGGCTTTACACTCTATTCCCATAACCAATTGATTGTCTACAAATATATGTTTATCAACGCTCAATCCGTAATAATAATCTTTCTTACGCTCTAATATATATGCCCTTACTTGTTTGTTAGCTATATTTTCTATGTAGCTGTCTTTGATAGGAATCTTTATTTTATTAGAATTTATTTCAAGTCTATCGGCTTTAGCGCCAATATTTTGCCACGCTATTTTTACAATCTCTTCGCTGATGTGTTCTAGTAATTTACCTTTAGCGCTTCTTATAACTCCGCCATACGCCCTGCTATCTTGCTCCTGAGCATCTTTATCAATATCTTTAACCACGCTATTATAAACTCGTATAATATCTTCTATAGAACTCAAATCGCATCTCTCAATTAAATAAATTTGTTACTTCTTTTAGTCTTGCTCTTGCTACTTCACAATATTTCTCGCTAATATCTATGCCTATGAAATGGCGTCCTAGTTGTTTGGCGACTTTTGTCGTTGTCCCTGCACCATTAAATGGATCTAATATAATATCATTTTGATAGGAAAATAGTTTTAAACACCGCTTTACTAATTCTTCTGGGAACATTGCATCATGCCCATATTGTTTCATGTTGCGTTCTGGAGCAAAGTTCCACTTGCCATAAACCCACTTTTTAAATTCATCATCGGTTATGTCAATGCTGTCTTTATCGCCCTCTTTTTTAAGGCTATTTTTGCAAAAAATTTCAATAAACTCCCATGAATATTTTAAATAGGGTGCAGCAGGGCTTTTCCAGCTTCCCCAAGTGCAGTATTTGCAGTTGTAGTTATTCTTTTCCCATAAAATCTCGCCTTTCCAAATAAGCCCTTCATCAATGAAAAATTTGCTGATAAAATGGTGTGTAGGGATATAATCGCTAAACATAGGCTGGATATTGACAATGATTCGTCCTCCGCTTTTTAATACACGAATACACTCTTTAAAAATGGCAAAAAGCGTGTTGAAATACTCTTGCCAAAGATTTGTATCCTGCGTTGCGTTGTAATTGATGCCAAAGTTGTAAGGTGGCGAAGTCAGCACTATATCTATGCAATTATTTGGGAGTTTTTTTAAAAACTCCAAGCTATCTTCGCAGTAAATTTGATTAAGACAGCTTTGAATCTCATTTGTCTCCTTGCTAAACTCTTTTTTGTAAGATTCGTAAGTCAATCTCGCCTTTGCGTTTTGCTTTTTGTTGGCGACTTTTTTGGCTTTGTTGAAGCTCTTAAATACGATTTTGCCATTTTGACTAGAAAATGAGCGAATTTTATACAACTCCTCTAATGTCTTTTGAACCAGCGTATTTTGTGTAGTAGATTCAAGCATTTTTAAATCCACAATGTCAAAATTAAGCGTGATATTTGAAGGATTAACAATCGATTCAATACCGCAAGATTGTAACAATGAAAGTGCGTCTGTTATTTCATCTGGTGCGTAAATATTTTCTAGCGTAAGAGTTCTATAATCCTGCATTAAATTCCCTATAATAAACAATTAAACAACACGAGATTTATTCTTGTTTTTTCAGTAAAATTGTAGCATGATTTAGATTTAAAAGGTTGAAAGATGTGCGTTTTATGCGGGGAGCTTATCAGTTCTTTTCATTGGAGTGATGAAAATTATGGGAGCGATGAAAATTTGAAAGAGCCAAATGCGCTTATTAGCACCAATGAAAATGCTAGAGAACGCAAAAGAGCGCGGCTCAAACGAGTAAGATTGCTCAATCAAATTTTGGCGTTTTATGGGCTAAAAATTAATGATTGGCAAGGCGCGAAGTTTGTGCTGTGCGATAAAAAAGGGCAGAGCGTGATCGTGAATGATTTAGGCGATTTGTGGGGTAAGGCGCAAAAATTAGCCAAAAAAGAAATGGACGCCCTAGATTCTAACCTATTAGCGTTTTTAAATCAAAATACACAAGCCACTCACTGATGCCCAAAATCCCTATCACGCTCATCACCGGTTTTTTAGGCAGCGGTAAAACGAGTTTTTTGAGCGAATATTTAAACCAAATAGATCACCAAGGCGTCGCTCTTATCATCAATGAAATCGGTCAAGCCGCTTTGGATCAGCGCATCTTAAGCGTTCAATATTGCGGTGAAAAAATGCTCTATCTTAACGCAGGGTGCGTGTGTTGCAACAAACGCTTAGATTTAATGGAGTCTCTAAAAGCCACGCTCAACAACTATGAATGGCGCGGCGAAATTCTAAGGCGCATCATCATTGAAACCACCGGTTTAGCCAACCCGGCACCGATTTTATGGACGATTTTGAGCGACACTTTTTTAGGGGCGCATTTTGAGATTCAAAGCGTGGTGGCTTGCGTGGATGCACTGAATGCTAGAACGCATTTAACCAACAATGAAGCTAGAGAGCAAATCGTTTTTGCTGATAGCGTTTTATTGACCAAAACGGATTTGCAAAACGATAGTGCGG
NZ_CP007605.1_gap21	744894	748543	3649	GGACTCAAAGTTGTAAAACATTAAAATCTTTAGGTTATAGAGTGATTTTAATCAATTCTAACCCGGCCACCGTGATGACTGACCCTGAATTTTCTCATCAAACTTATATCCAACCCATCACTGGAGAAAATATCGCCGCTATCATCAAAAAAGAAAAAATTGACGCTATTTTACCCACAATGGGCGGGCAAACCGCTTTGAATGCGGTCATGCAAATGCACCAAAAGGGAATGTTAGAAGGCGTGGAGCTTTTAGGGGCTAAGATTGAAGCGATTAAAAAAGGCGAAGACAGGCAGGCTTTCAAAGAAGCGATGTTAAAAATCGGGATGGATTTGCCTAAAGGGCGTTACGCTTATAGCGAGTTAGAAGCCCTAGAAGCCATCAATGAAATTGGCTTTCCAGCCATCATTAGAGCGAGTTTCACTCTGGCTGGGGGAGGGAGTGGGGTCGCTTATAATATTGAAGAGTTTCAAGAATTGGCTAAAAACGCCCTGGACGCTTCGCCCATTAATGAAATTTTGATTGAAGAGTCCTTATTGGGGTGGAAAGAATACGAAATGGAGGTCATACGAGACAGCAAGGACAATTGCATCATTGTGTGTTGCATTGAAAATATTGACCCCATGGGCGTTCATACCGGCGATAGCATCACGATCGCTCCAAGCCTCACCTTAACCGATAAAGAATACCAACGCATGCGCGATGCGAGCTTTGCGATTTTAAGAGAAATTGGCGTGGATACGGGCGGGAGTAACGTGCAGTTTGCGATCCACCCCGAGACTTTAAGAATGGTTGTGATTGAAATGAACCCACGAGTGAGCCGCAGCTCTGCATTAGCTTCAAAAGCGACCGGGTTTCCCATTGCAAAAGTCGCTACCATGCTTGCGGTGGGTTTTAGTTTAGATGAAATTAAAAACGATATTACCGACACTCCGGCGAGTTTTGAACCTAGTTTGGATTATATCGTGGTGAAAATCCCTCGTTTTGCGTTTGAAAAATTTGCCGGTGTTTCTAGCACTTTAGGGACTTCCATGAAAAGCATTGGCGAAGTGATGGCGATAGGGGGGAATTTCTTAGAAGCCTTACAAAAAGCGTTATGCTCTTTGGAAAACAATTGGCTAGGGTTTGAATCGTTAAGCAAAGATTTAGAAATGATAAAAAAGGAAATCCGCCGGCCGAATTTCAAGCGCTTGCTCTATATCGCTGATGCGTTTAGGCTCGGCGTTTGCGTGGATGAAGTTTTTGAATTATGCCAGATTGACAGGTGGTTTTTATCTCAAATCCAAAAGCTAGTCAAAGCAGAAGAGGGTATCAATTCTAGCGTTTTAACGGACACCAAAAAATTAAGAGGGCTTAAAAATTTAGGCTTTAGCGATGCTAGGATTGCCGCTAAAATCAAAGAAAATGACAATTTAGAGGTGAGTCCTTTTGAAGTGGAATTGGCTAGATCTAATTTACAAATCGCGCCCCATTTTGAAGAAGTGGACACTTGTGCGGCGGAGTTTTTATCGCTCACGCCTTATTTGTATTCCACCTATGCCCCTAACCCTTTGCCTCCTATTGAAAACAAACAAGAAAAACAAGAAAAGAAAATCCTAATCATAGGCTCTGGGCCTAATCGCATCGGTCAAGGCATTGAATTTGACTATTGTTGCGTGCATGCGAGCTTTGCTTTGAAAGATTTAAACATCAAAAGCGTCATGCTCAATTGCAATCCAGAAACTGTGAGCACGGATTATGACACAAGCGACACGCTCTATTTTGAGCCCATTCATTTTGAATGCGTGAAAAGCATCATTCAAAGGGAGCGCGTGGATGGCATTATCGTGCATTTTGGGGGACAAACCCCTTTAAAACTCGCTAAAGATTTGGCTAAAATGCAAGCCCCCATTATTGGCACGCCTTTTAAGGTGATTGATATTGCAGAAGACAGGGAAAAATTTTCTCTCTTTTTAAAAGAGCTTGACATCAAGCAACCCAAAAACGGCATGGCTAAGAGCATTGATGAAGCTTATAGTATCGCTAATGTGATTGGTTTCCCTATTATTGTGCGCCCTAGTTATGTGCTGGGCGGCCAACACATGCAAATTTTAGAAAACATTGAAGAATTGCACCATTATTTAGAAAGCGTTACGCATGCTTTAGAGATTAGCCCTAAAAACCCGCTCCTCATTGATAAGTTTTTAGAAAAAGCGGTGGAATTAGATGTGGATGCCATTTGCGATAAAAAAGAGGTCTATATTGCCGGCATTTTACAGCATATTGAAGAAGCCGGTATCCATTCAGGCGATTCGGCGTGCTTTATCCCTTCCACTTTAAGCCCTGAAATTTTAGATGAAATTGAGCGGGTGAGCGCGAAAATCGCTCTGCATTTGGGCGTAGTAGGGCTATTGAATATCCAATTTGCTGTGCATCAAAATTCGCTGTATTTGATTGAAGTCAATCCCAGAGCCAGCCGAACCGTGCCTTTTTTAAGCAAGGCTTTAGGCGTTTCTTTAGCCAAAGTTGCGACTAGGGTTATGGTGTTAGAAGATTTGAAAGAAGCCTTGAAGTTTTATGATAAAAAAAATATCGTGGGATATTCTAAAGGCGTTTATAAGCCTAAAATGCCCCATTTTGTGGCTTTAAAAGAAGCGGTTTTCCCTTTTAATAAACTTTATGGATCGGATTTGATTTTAGGGCCTGAGATGAAAAGCACCGGCGAAGTGATGGGGATTGCTAGATCTTTAGGGTTGGCTTTTTTCAAGGCTCAAACGGCTTGCTTTAACCCCATTAAAAACAAGGGGCTTATTTTTGTTTCTATTAAAGATAAGGATAAAGAAGAAGCATGCGTTTTAATGAAGCGCTTGGTTCAGTTAGGCTTTGAATTGTGCGCCACAGAAGGCACGCATAAAGCTTTGGAAAAAGCCGGGGTAAAGTCTTTGAAAGTGCTTAAAATCTCTGAAGGCCGCCCCAATATCATGGATTTGATGATGAATGGGGAAATCAGCATGGCTATCAACACCAGCGATCACAAATCTCAAGATGACGCCAAACTCATTCGCGCTTCTGTGCTTAAAAACCATGTGAGTTATTTCACGACTTTAAGCGCGATAGAAGTCTTGATTTTAGCGTTAGAAGAAAGCTCTAAAGAAGACGAGTTGTTAGCCTTACAAGACTATTTGAAGTAGTTTGATGGCGTTAGTGTATTTGGCTCAAAGCGATACCACTATAGGACTGCTTTCTAAAGACAGCGAAAAGCTCAACGCTTTAAAAAATCGCCCTAAAAACCAAAGCGTTTTAATAGAAAGCGCTGATTTTACCACCTTAAAAAGCTTGGTGCACGCGCCCAACGCGTTTAAAAACCTCATTAGAAGAAGCGCTAAAACCACTTTTATCTACCCTAACTCTAAAGCCGTTCGTGTGGTTAAAGGCAGGCATGGGGATTTTTTAAAGCGTTTTAAAACGCTCTATAGCACCTCAGCCAACCTCACCCAATGCACTTATGATAAAGAAATCGCTTCCAACCTTGCTGATGTCATTGTGAGCGATGAAAGGGGTTTGTTTGAAAGCGCTAGCTCTAAAATATTCAGGCTCTATAAAAATAAAAAAGTGAGAATAAGATAAAAAAGATAAATAAAAGAGCTTGATTTTAATCAAGCGATAATCT
NZ_CP007605.1_gap22	783815	784969	1154	CTTCATTGAAATTCAAAACAGAGCGATAATGCACCCCTAGTAAGTAATTGCGCAAAATTTCGCCATCATAGTTTTTGAGAGCGTCTTTAATAAAAAAGCTATTCCCTAAACTTTTAGACATTTTTTCGTTATTGATATTCACAAAGCCATTATGCATCCAGTATTTAGCAAGCTCCACGCCAAAGGCGCAACGGGTTTGGCATGCTTCATTTTCATGGTGGGGGAATAACAAATCCGCTCCGCCTGCATGAATATCAATTTGATAGGGGGTGTTAGTGAGCGCTAAAGTTTCAAAAACCATGCTAGAGCATTCTATATGCCAACCAGGGCGCCCTTTGCCTAAAGGGCTATCAAAGCCCACATCATTATCCCCCTTATAGCTTTTCCACAACACAAAATCCTGCTCAAGCCGTTTTTCTTGCACCAAACCGATACGGCTAAATTCCACACTGCTATTATGCACGCTCAAAGAGCCGTAATCTTTATCCTTGCTCGTGTCTAAATAAATATCCCCATTAGAGACTCTATAAGCGAAATTTTTTTCTAAAAGCGTTTCAATCATGCCCACCATAGCGTCTAAATACTCGCTCGCTTTAGGCTCTAGGTTGGGTTGTTTCACATTCAAAGCGTTCAAATCCCTTGTGTAAGATTCAATATAAACGCTGCTTAATTCTTGAATGCTTTTGTTTTCTTTTAGGGCTTTGTTGATGATCTTATCGTCAATATCCGTGAAATTCCTTACTAGCACCACTTCATAGCCGCTCAATTCAAGCGTTCGCCTTAACAAATCAAAAGCAATCGCGCTCCTGGCATGCCCTAAATGAGCGTCATCATACACCGTAGGCCCGCACACATAAATATTCGCCTTTTTTTCAACCAAAGGCTCAAAAGGGACTTTTTGTTTTAATTTGGTATCATAAATAAACATTTAAAAACCTTGAAAATAATAAAATAAATATAAATGTGTAACCCACGATTTGAACGCTAAGAGTAATAAGATTTCCACGCAAGCGAGGAAAAGGATTACAAGCCATAATTTTAAATTTTTAATTATACCCAAGAATAATTGAAAGCCAAACGCTTTTATCGTTAAAACAAATAAAAATAACCCGCTCAAACTATTCGCTAGCGCTAAACCCAAAACCCCTAACAAA
NZ_CP007605.1_gap23	805946	810179	4233	TACGCTAAGCAATTAGGTTTAATCAGTTTAGAAAATTTAGAAAATATTTTAAAATATTTAGAAAAACAAAAACAATTTATAGAAGATAATTTTATGATCACAAGAGAAAGATTCAGATTACATCAATTTGGTGGCATGGATTTTGAACTTTCACGCATTTCTTATCCTTTGCTCATTCATTCTTTTAATGATAATCAGTTGAGCGAAATAGTTATTAGAGAACAACAATATGGCTCTAAAACCCAAGCCATGCTGTATTTTTGCTTTTCTATTTTGGAGTTAAAAACCGCTACCCCCTTATTAAACAGAACGGCTATGCTCAAAGAACATGCTTTTTAAACCTTCCATAAAACCAACGCTCCCATGTTTTTAGAAATGCTTAAAATTTTTGGACTTTTAAGCCAAGCGCACCATAGCGATGTGTTAAAGATTTTAGAAAAAATACTTCAAAATTAACAATGATACGGATTGATTAAAAAGAAAATACCCAACGCTATAAGACGGGATAAAACCACTTATGAGAAACCACCATGCACCAATAAAACGCGCTCCATAAAGCTATAAAAACAAGGCTAGGCTTTAAACTTGTATCGTTTTTCTTTAATGGCTTATGTTATACTAATAAAATACAGATTCAATTGAAGGCATTAAACAACTGCATGGTATTTTTTCATAAGAAAATTATTTTAAATTTTATCTATTCTTTAATGGTTGCTTTTTTATCCCATGGGGTTCTTTTAAAAGCCGATGGAATGGTTAAAAAGCAAACTTTATTGGTGGGTGAAAGGCTTGTATGGGATAAGCTCACGCTGTTAGGGTTTTTAGAAAAAAACCATATCCCTCAAAAACTCTACTACAATTTGAGTTCTCAGGATAAAGAATTGAGCGCTGAAATCCAAAGCAATGTTACCTACTACACCTTAAGAGACGCTAACAACACGCTCATTCAAGCCCTTATCCCTATAAGCCAGGATTTACAAATCCATATTTACAAAAAAGGGGAGGATTATTTTTTAGACTTTATCCCCATTATCTTCACTCGTAAAGAAAAAACTCTCCTTCTTTCCTTACAAACTTCGCCCTATCAAGATATTGTTAAAGCCACCAATGACCCCCTTTTAGCCAACCAATTGATGAATGCGTATAAAAAAAGCGTGCCTTTTAAACGCCTAGCAAAAAACGATAAAATCGCTATCGTCTATACAAGAGATTATCGTGTGGGGCAAGCGTTTGGCCAACCAACCATTAAAATAGCCATGATTAGCTCTCGTTTGCACCAATACTATCTCTTTTCCCATTCAAACGGGCGTTATTACGATTCAAAAGCGCAAGAAGTGGCAGGGTTTTTATTAGAAACCCCGGTGAAATACACCCGCATTTCTTCACCTTTTTCGTATGGGAGGTTCCATCCTGTCTTAAAAGTCAAACGGCCTCATTACGGCGTGGATTATGCGGCTAAACATGGCAGTTTGATCCATTCTGCTTCAGATGGCCGTGTGGGTTTTATAGGGGTTAAGGTGGGGTATGGGAATGTGATTGAAATCCATTTGAATGAATTGCGTTTGGTGTATGCTCACATGAGCATGTTTGCTAAGGGGTTAAAAAAAGGATCATTCGTTAAAAAAGGGCAAATCATAGGAAGAGTGGGAAGCACCGGTTTAAGCACCGGGCCGCATTTGCATTTTGGCGTGTATAAAAACTCCCGCCCCATTAATCCTTTAGGCTATATCCGCACCGCTAAAAGCAAATTACACGGCAAACAAAGAGAGGTTTTTTTAGAAAAAGCTCAGCATTCTAAGCAAAAATTAGAAGAACTTCTAAAAACCCATTCCTTTGAAAAAAATTCATTTTATCTTTTAGAGGGTTTTTAATGTCTTATTTTAAGAATGCTTTCAATCAAAAATCTTTAATAGACGATTCCAGTGTGTATTTAGAGCCTTGTTCTAGCTCTAATTTCATAGAATTAAAACGCATGCATTATAATGAAGAGAATACTAAGAAAACATGGGATATTATTAAGTCTTTAGATAGTGTGGCGGTTTTACTCTATGAAAAAGAATCCGATTGTTTTGTGATTGTGAAACAATTCCGCCCAGCCATTTATGCACGCCATTTTCATTTTAAACATGAAATTGACGGATACACTTATGAATTGTGCGCGGGGCTTGTGGATAAAGCTAATAAGAGTTTAGAAGAAATCGCTTGCGAAGAAGCGCTAGAAGAATGCGGTTATCAAATTAGCCCTAAAAATTTAGAAACCATAGGCCAATTTTATAGCGCGACCGGGCTGAGTGGGAGTTTGCAAACGCTCTATTACGCTGAAGTGCATAAGAATTTGAAGGTTTCAAAGGGTGGGGGGATTGATACAGAAAAGATTGAAGTGCTGTTTTTAGAGCGATCAAAAGCTTTTGATTTTATAATGGATTTTCAATACGCTAAAACCACAGGATTGTCTTTAGCCATTTTATGGCATTTAAAAAAGTTTAAAAATGTTTAAAAGGAATTTTATGTTAAGGCTTGTGATGGGACTTCTTTTAATGAGTTTTATAAGCTTGCAATCAGCCTCTTGGCAAGAACCCTTAAGAGTGAGTATAGAATTTGTGGATTTGCCTAAAAAAATCATTCGTTTTCCTGCTCATGATTTGCAAGTGGGGGAGTTTGGTTTTGTCGTTACTAAACTTTCAGATTATGAAATCGTTAATTCTGAAGTGGTCATTATTGCCGTTGAAAATGGCGTCGCAACGGCTAAATTCAGAGCGTTTGAGTCTATGAAACAAAGCCATTTACCCACTCCAAGAATGGTCGCTAGAAAGGGCGATTTAGTCTATTTTAGGCAATTCAACAACCAAGCGTTTTTAATCGCTCCTAATGATGAACTCTATGAGCAAATCAGAGCGACTAACACCGATATTAATTTTATTAGTTCTGATTTGTTGGTTACTTTTTTGAATGGGTTTGACCCAAAAATCGCTAATTTAAGAAAAGCGTGCAATGTTTATAGCGTGGGGGTGATTTATATTGTAACCACGAACACGCTCAATATTTTAAGCTGTGAGAGTTTTGAAATTTTAGAAAAAAGAGAGCTGGATACAAGCGGCGTTACTAAAACTTCCACGCCGTTTTTTTCTAGGGTTGAGGGCATTGATGCAGGCACGCTAGGGAAACTTTTTTCAGGCAGTCAGTCTAAAAATTACTTCGCTTACTATGACGCTTTAGTGAAGAAAGAAAAACGCAAAGAAGTGAGGATTAAAAAGCAAGAAAGAAGGATTGATTCTAGAGAAATTAAACGAGAGATCAAGCAAGAGGCCATTAAAGAGTCTAAAAAAGCCAATCAAGGCACACAAAACGCTCCCACTTTAGAAGAGAAAAACTACCAAAAAGCAGAGCGCAAACTTGATGCTAAAGAAGGAAGGCGCTATTTAAGAGATGAAAGGAAAAAAGCCAAAGCCACCAAAAAGGCTATGGAATTTGAAGAAAGAGAAAAAGCGCATGATGAAAGAGACGAGAGAGAGACTGAAGGAAGAAGAAAAGCTTTAGAAATGGATAAAGGCAATGAAAAAGTCAATGCCAAAGAAAATGAGCAAGAAATCAAACAAGAAGCCATTAAAGAGCCAAGTAATGGAAATAACGCCACCCAACAAGGCGAAAACAAACCAAATTCTAAAGAAGAAAAACGCCGCTTGAAAGAAGAAAAGAAAAAAGCCAAAGCCGAACAAAGGGCGAGAGAATTTGAACAAAGAGCGAGAGAGCATCAAGAAAGAGATCAAAAAGAGCTTGAAGAAAGAAGAAAGGCGCTAGAAGCGGGTAAAAAATAACATGTTAGATCAACAACACATTAAATACTTTAAAAACCTAGTAGGGGGAGAGGATTTTTTCACTGATTTAGCGCATTTGAACGCTTATTGCTATGACGCTACTAAAGAAAGGCATTTGCCTAGCGGTGTGATTTTCCCTAGAAATGAGCGAGAAATCAGCCAGATTTTAAAATATTGCAACGAGCATCGCATCATCGTTGTGCCTAGGGGGGCTGGGAGCGGTTTTACAGGGGGGGCGTTGAGTGTGAGCGGGGGGCTAGTTTTAAGCGTGGAAAAACATTTGGATAAGATTTTAGAGATTGACACTAAAAATTTAATCGCTAGAGTAGAACCGGGCGTGATTAACAAGCATTTCCAAAACGAAGTGGAAAAATTGAATCTCTTCTACCCCCCAGATCCAGCGAGTGAAAATCAAAGC
NZ_CP007605.1_gap24	853934	855098	1164	TCAGAGTGAGAATAAAGCTCCATTTTAAGCAACTCCACAGACCACTAAAGAAACTTTTTTTGAAGCTGTCTTTGAAAATCTGTCCTATTGATTTGTTTTCCATGTGAATCACAAACACTTAATTGCAAATACACACTTCATGGTAAGTATGACACACACAAACCAAACTATTTTTAGAATACTTCATGCACTCACCTTGCATTCATCTTGCTTCCAACCATACTTTAGCGTTGCATTTGATTTCTTCTTGAAGGTTCATTTCTTATTTCTTTATCTTGTTAAAATTTGTCTATTCTAGCAAATTTTTGTTAATTGTGGGTAAAAATGTGAATCGTTCCTAGCCCTTAAATGCCTACAACGATCGGGCTTTTTTCAATAATTAATAATGATTAATGAAAAAAAAAAAAAGAATGCTTGATATTGTAGTATAATAAGAATGTTCAAAGACATGAATTGATTACTCAAGTGTGTAGCGATTTTTAGCAGTCTTTGATACCAACAAGATACCGATAGGTATGAAACTAGGCATAGTAAGGAGAAACAATGACTAACGAAACTATTGACCAACAACCACAAACCGAAGTGGCTTTTAACCCGCAGCAATTTATCAATAATCTTCAAGTGGCTTTTCTTAAAGTTGATAATGCTGTCGCTTCATATGATCCTGATCAAAAACCAATCATTGATAAGAACGATAGGGATAACAGGCAAGCTTTTAATGGAATCTCGCAATTAAGGGAAGAATACTCCAATAAAGCGATCAAAAATCCTACCAAAAAGAATCAGTATTTTTCAAGCTTTATCAATAAGAGCAATGATTTAATCAACAAAGACAATCTCATTGATGTAGAATCTTCCACAAAGAGCTTTCAGAAATTTGGGGATCAGCGTTACCGAATTTTCACAAGTTGGGTGTCCCATCAAGACGATCCGTCTAAAATCAACACCCGATCGATCCGAAATTTTATGGAAAATATCATACAACCCCCTATCCCTGATGATAAAGAAAAAGCAGAGTTTTTGAAATCTGCCAAACAATCTTTTGCAGGAATCATTATAGGGAATCAAATCCGAACGGATCAAAAGTTCATGGGCGTGTTTGATGAATCCTTGAAAGAAAGGCAAGAAGCAGAAAAAAGTGGAGAGCCTACTGGTGGGGATTGG
NZ_CP007605.1_gap25	858999	861027	2028	ATCACGCCCACAATAGGGATTTTGGAATATTTTTGCATCTCTTCTAAAGCTAGAGCGCTCGCTGTGTTGCATGCCACAATCAATAATCCAATCTGGTGCGGTTTGAAAAAATCCAAAGCCTCTAAGCCAAATTGCTTGATCGTAGTGGGGTCTTTAGTGCCATAAGGCACTCTAGCACTATCGCCATAATAGATGATTTCATCAAATAGTTGCGCTTTTAAAAGGCTTTTTAAAACGCTAAACCCTCCCACACCGCTATCAAAAACGCCTATTTTCATGACACTTTTTAATTTAATGGGATTAATTAGGGATTTTATTTTTCATTCATTAAATTTAAAAATTCTTCATTGTCCTTAGTTTGTTGCATTTTAGAATACACAAAGCTTAAGGCTTCTATGTCATCCATTTGTTGCATCACATTCCTTAAAACCCACACTTTAGTCAAGCGGTCTTTACCAAGCAAAATATTATCTTTTCGTGTGCCGGATTTTAAAATATCAAAGGCTGGGTAAATGCGCCTGTCCGCAATATTCCTCGCTAAAACGATTTCGCTATTCCCGGTGCCTTTAAATTCTTCAAAAATCACCTCATCCATTCTAGATCCCGTTTCAATCAACGCAGTAGCGATAATCGTCAAGCTCCCGCCTTCTTCAATATTCCTTGCGGCTCCAAAAAAGCGCTTGGGTCTGTGCAAGGCGTTCGCATCCACGCCCCCACTTAAAACCTTACCGCTTGAAGGCGTTACAGCGTTATACGCTCTGGCTAAACGGGTGATAGAATCCAATAAAACTACCACATCTTTTCCCATTTCCACGCGCCTTTTAGCCCTTTCTAGCACCAACTCAGCGATTCTTATGTGGTTGTTTGCTGGCAAATCAAAAGTGGAGCTAAAAACTTGACCTTTAACGCTTCGTTGCATATCCGTAACTTCTTCAGGGCGCTCATCCACTAAAAGGATAATCAATTCCACTTCAGGGTGGTTAGAAGTGATGCCTTGGGCGAGTTCTTTCATCAGCTCCGTTTTCCCAGTCCTTGGTGGCGCGACGATCAAAGCCCTTTGACCTTTCCCCACAGGGCTGAATAAATCTAGCATTCTGCCGGTAACTTTAGTGGGTTCGTATTCTAATTTGATTTGTTCATCAGGGAATAGGGGGGTTAGATTGTCAAACAAAGGGCGGTTTTTAATCTCATCTGAAGGCAAGTAATTGATGGCTTCTATTTTTAAAAGGGCGTAGTATTTTTCCTGGTCTTTGGGGGATCGCACTTGACCGGTAACAATATCGCCATTCCTTAAAGCAAAACGCCTGATTTGAGAAGGGCTAACATATGTGTCGTTATGCCCGTCTGAAAAACTCCCATCAAACCCTCTTAAAAAGCCATAGCCATCAGGCATGATTTCTAAAATCCCAGTAAAGAGAATGAATCCGCCTTGCGTAACTTGGGTTTTTAAAATTTCAAACATCAAGTCTTGTCGTTTGAATTCTTGGGGGTTTTCCACTTTGAGCTTGTTAGCGATTTCTAAAAGCTTTTCAGTAGGGTAGGTGCGTAAATCTTCAATGTGATAACCGCTCACTGGCGTGTGTGTTTTGACTTTGTGCGAACTTTTGTGCGTAGGCGCGTTTTCGTTCATTAAATTTCCTTTTAACAAAAAGAGATTTCTAGTTTGTTGCAATTAAGATAAAAATACAAAAAGCTAAAGCATTCTTAAAAGATTAGTGTAACCAAAAGATGCTAATAAGTGGCCCATGCCACAAGTGTTGAATTTCGTAATGCTCCGCTATGCTATCATAATTTTTTTAACAAAGTCAAATTTTATTTTAACTTTAGAGTGGTTTTAATTTATTATGACTTATGCTATAATTTTAAGTTTAAATTTAAAAATAAAGGATACTTGATGAAAAAAGGCATTCACCCCGAATATATCCCATGCAAAGTTACTTGCGTAACTAGCGGAAAGGAAATTGAAGTTTTAAGCACCAAACCTGAAATGCGTATTGATATTTCTAGCTTTTGCCACCCTTTCTATAC
NZ_CP007605.1_gap26	987865	988840	975	CTAAAAGCGATAATGAGTTGTATTTGGCCCTTCAAAAAGCAGAATTGCGCCGTAATTTTCAAGGCTATACCACTAAGAAATTCACTCAAACCATTGGCATTGGCGTTACGAGCATTGGCGAAGGAATCGATTATTACACGCAAAATTATAAAGACTTGCACCACTATGAAAAAGCCCTTGATTTGGGGCATTTACCGGTAGAAAGGGGTGCAATACTCACCAAAGAAGATGTGTTGAGAAAAGAAGTGATCATGCAAATGATGAGCAATTTAAAATTGGATTACTCTAAGATTGAAGAAAAATTTTCTGTTGATTTTAAAGCGCATTTTAAAAAAGAATTAGAAAAATTAAAGCCTTATGAAGAAGCGGGCTTGCTTGTTTTTAACCCTAAAGGCTTTGAGATGACAAGAACAGGGGGCATGCTCGTAAGAAACATGGCTATGGAGTTTGACGCGTATTTGCGTGGGGGCGAAAAACATTTCAGTAAAACGCTATGAGTGGGAATATTTTTGAAGAAGTAGGGGATGCTTGCGTTAAATGTGCTAAATGCGTGCCAGGTTGCACCATATACCGCATTCATAAAGACGAAACGACTTCGCCTAGAGGCTTTTTAGATTTGATGCGCCTAAACGCTCAAAACAAGCTCCAATTAGACACGAATTTAAAACACCTGTTAGAAACTTGTTTTTTATGCACCGCTTGCGTAGAAACTTGCCCCTTTCATTTGCCCATAGACACTTTAATAGAAAAAGCCAGAGAAAAAATCGCTCAAAAATACGGCATCGCTTGGTATAAAAAATCCTATTTTTCCCTTTTAAAAAACCGCAAAAAAATGGATAGGGTGTTTTCGGTGGTGCATTTTTTAGCCCCTTGTATCTTCAAGCAAGTAGGGGATAGTTTAGAGCCTAGAGTGGCGTTTAAAGGCTTATTCAAACGCTTTAAAAAAAGTGCTCTGCCTCCCTTAAATCAAAAAAG
NZ_CP007605.1_gap27	1000012	1000753	741	ACCCCCCTAAAGCGCCATTTTTACGCACCACTCTATGACAAGGCACGATCAGAGAAATAGGGTTATTGCGATTAGCGTTGCCAATCGCTCTGCAAGATTTAGGGTTATTGATGAGCTTTGCGATTTCATCGTAACTTTTTGTCTTGCCATAAGGGATAGTCATTAACGCAGACCAAACTTGTTTTTGAAAAGAAGTCCCTATCAAATCTAAAGGCGCATCAAATTCAAAAAGTTGTCCCAAGAAATAACGCTCTAAGGCTTGAACGCTGAGTTTTAATGGGGTATTCATAGGGGTGTTATGAGAAAAATTGGCCGCATCAAAATCCAATCTCAATAAATGGCTCTCATTAGCGCACAAATGCAAATACTCTAAAGGGAAGCTCTTAGGGGTCTTAAAATAGTAGTGGTATAAAACCATCAATTAAAAAAAGAGTTTGTATAAAATAATCAATAACGACAAACCATACACCCCTAAAATCAAAGCTTTATGCATTTTTTCATTCAAAAGCCCCATGATCCATTTAATCCCAATGCTCACGCCCATAACAGAGCCTAAGCCCACAATCGCCCCCGCTAAGAGCACTTCTTTATTGATGATGTGGTGATACATTAAAGAAAAAGCTCCTGAAATAGAAGAAAACAAGATGAAAAATAACCCTAGCGCCACGCATTTTTTAGAATCATACCCTAAAAAATAATGCATCAAAGGCACCATGAGCATCCCCCCACCAATCCCTAAAG
NZ_CP007605.1_gap28	1046166	1046727	561	TTACGGACATCATCAATCCCCCTATTAGACGCCCCATCCATTTCTATAATATCTATATGGTGGTTGTTTAAAGCACTCTGGCACTGGATGCAAGTATCGCAAGGCACAGCTTTTGGCCCTTCTTCACACATTAAAGCCCTAGCAAAAATCCTAGAAGAGCTGGTTTTGCCTGAACCTCTTAACCCGCTGAATAAATAAGCGTTAGCCAAACGCTGGTTGTCTAGGGCTAAAGAAAGCGTTTTAGCCACGCTCTCTTGACCGACTAGTTCGCTAAAATGTTTGGGGCGGTATTTTAACGCTAAAACTTGCATATTGATTGTAATCCTTAAAACTCATTTAGGAGTATTGTAATGCAAAATGACTTAAAACTAGCCCCTTTTTAGGTTTGACTCAATAGCGCTAAAAAATCCCTAAATAAAGTAACGCTAAGCGTTCCCATGATAGCGGTTACAAAGAGATTCACGCCCATAAAAATTTTTTGGTTGTTTAAAAGTTTAGGGCCATAACGCAACGATAAAGCGCATAACAATAAAAGCCAAGAAAGAGCCGCCGATAAAGTGC
NZ_CP007605.1_gap29	1050434	1054461	4027	GAAAAAAGACAGCGAACATTCCGCGCAACATGGCATTGAACTAGGCATTAAAATCCCTACCATTAACACGAATTACTATTCTTTTCTAGGCACTCAATTGCAATACAGAAGGCTCTATAGCGTGTATCTCAATTATGTGTTCGCTTACTGAGTGATTCAAGCCCTCTTCTTTAAGGGGGTTTAGAAAAATCGCAACATCAAGCTTTTTATCGTTAATGATAAAAGCTACAAAACCAACGGCGCGACAACAAACCCTAACGCCACACTCAAAAACACGACTAAAACCCCAGGGATCAAAAACGCATGATCAAACACATAACGGCCCATTTTAGTGGTGCCGGTGTTATCCATAGCGATCGCTCCTAATAAAGTAGGGTAAGTGGGTAACACAAACAACGCCGAAACGCTCGCAAAAGAAGCCACGATAATATACAAATGCTCCGTATGGTTAGCGCTAATGCCTAAGGCTGTGATCACGCTTGGAATGAGCGCTTTAGAGGTGGCGGCTTGCGAATACAAAAGCATGGAAGCCAAAAAGAGCGCTACGGCTAATAAAAACGGGTAATCAGCGATCAAAAAAGAAGCGTATCGCTTGATTTCATCTATATGATTGCTCACAAAAGTATCGCCCAACCACGCCACGCCCAACACGCAGACGCACGCTTGCATGCCGGATTTAAACACGCTTGAATGAGCGATTTCATTAGCGTTAATTTTGCAAAAAAGCACAATGAGAGTCGCCACGCTCAACATGAAAGACACAATCGCGTAATCTCTGCCTAAAACCACCGGGCTAATTAAAGCGATATTTTTAGAAATCGCGCTCGCATAAAACACGATCGCTACAACCCCACCGATAAAAATCCATAACGATAATTTCGCGCTTTTTAGGGTTTCTTTTTCTTCTTTGATTGTAGGGGGCGAAAAATTTCTTGCTTTCAAACGCTCTAAATAATGCGGATCGCTGTCTAATTTCAAATCAGTAAAACCCATAATAAACGCCGTGAGCATGCATGCTAAAAAAGTCGTAGGGATCCAAACCATTAAAAGGGTCAAGTAATTCGCTCCTAAAGGCTCTAAAATGCCGCTCATAAACACCACCGCCGCGCTCACCGGGCTTGCAGTAATAGCGACTTGGCTAGAGACTACCGCTAAGCTTAAAGGCGCTTTAGGTTTGATGTTTTGGCTCTGGCTCACTTCCACAATCACCGGGATCAAGGAAAAAACCGTATGCCCAGTGCCGGCTAGTATCGTTAAAAAATACGCCACGCTTGGCGCGAGGTAGTTGATTTGCTTGGGGTGTTTCCTTAAAATTTTTTCAGCGATTTTGACTAAGTAATCCAAGCCCCCCGCTTTTTGCATGGCACTGATAGCGCTAATGACTGCCATGATGATTAAAATCACATCAAAAGGGATTTTGCCCGGGTTTAGCCCCAAAAATAAGCACAAAATAAGCACGCCCAAGCCCCCCGCATAGCCCACTCCCAAGCCCCCTAGCCTTGCCCCTAAAAAAAGCGAAAAAAGTAACACTACAATTTGGAAAAAGGCATCCACCATCAACCCTTTTTAAATTTATTTTAACAACGATTCACTATACTACAAAAATCTTTAAATCCTTTTATTTTGTTTGAAGGGGCAGGTTATGGCTCAAAATTTACCCACCATTGCTTTATTAGCGACAGGGGGGACGATTGCAGGGAGTGGCGTTGATGCGAGCTTGGGTAGTTATAAGAGCGGTGAATTGGGTGTCAAAGAGCTTCTTAAGGCTATCCCTAGTCTCAACAAGATCGCTCGCATTCAAGGGGAGCAGATTTCTAACATCGGCTCACAAGACATGAATGAAGAAATATGGTTCAAGCTCGCCCAACGCGTCCAAAAATTGCTCAATGATAGCCGTATTCAAAGCGTGGTCATCACGCATGGCACGGACACTTTAGAAGAGAGCGCGTATTTTTTAAACTTGGTTTTACACTCCACAAAACCGGTCGTGCTAGTGGGAGCGATGCGTAACGCTTCTTCTTTGAGCGCGGATGGGGCTTTGAATTTATATAATGCTGTGAGCGTAGCGATCGATGAAAAAAGTGCGAATAAGGGCGTGTTGGTGGTCATGGACGATACTATTTTTAGCGCTAGAGAGGTGGTTAAAACGCACACCACCCACACTTCCACCTTTAAAGCCTTAAATAGCGGCGCGATAGGGAGCGTGTATTATGGCAAGGCGCGTTATTACATGCAACCTTTGAGAAAGCACACCATAGAGAGCGAATTTTCTATTTTAGAGCTAAAAACCCCCTTGCCTAAAGTGGATATTATTTACACGCATGCTGGCATGACCCCCGATTTATTCCAAGCGAGCCTGAAATCGCATGCAAAAGGCGTTGTGATAGCCGGGGTGGGTAATGGGAATGTGAGCGCTGGGTTTTTAAAAGCGATGCAAGAAGCGAGCCAAATGGGGGTGGTTATCGTTCGTTCTAGCAGGGTAGGTAGCGGTGGAGTTACTTCAGGCGAGATTGATGACAAGGCCTTTATCACAAGCGACAATTTAAACCCTCAAAAAGCCAGGGTGCTTTTACAACTCGCTCTAACTAAAACGAATGATAAGACAAAAATCCAAGAAATGTTTGAAGAGTATTGAACGATTTTCTTAAATCACCCAATTATCTTTGATAATTGGGTGATTTGGTTTATTTTGTTTTTGACTTTATTTTCATCAAATATTGATAACTATCAAAATAGATTTGATGAAGCTCCCCCTATTTTAAAAAAGAGAGCTTTTAATAAGCGAATACATAATTGAGGTACACGCTATAGAGTCTCCTGTATTGCAATTGAGTGCCTAGAAAAGAATAGTAATTCGTGTTAATGGTAGGGATTTTAACGCCTAATTCTAAGCCATGCTGCGCGGAATGTTCGTTGTCTTTTTTCCTAGCTGTAGCGAGATTGGTTCTCAAACCGAGATTGAACAAAAATTGGAAATTGGAAGTATTGACTTTCGCGCTGTAAGGGTTATTGAACGCTGTTAAATTCACGTATTGAGAATTAAGCCATGTAGTCCCTGCGAGTTGGATACCTCCAAAAAGACCCACGGAGAGCTTGTTGTTCTTTCTTGTGATGCTATCGTTGATAATATTCACTAACAAATCGCTCCCACCGCCATAAGTCCATACATCAGAAGACGAATTAAAAAAGCTGGATTTGATATAGCCGTGGTTGTAATCAAAGAAGCCATAATACCTTAACCCCCATCTTTTGCTTTCGCCAAAGAATTGCTTATAGCCCACTTGAACGCCAAGCCCGTTCAAAGCGCCGTTATTGTTTTGAGAGCTGATCATTCCTATATTTTTAAAGGGGTTATTGCTCATCGCTGCTAAAGCTTGATTAAGCTGGGATTGCTGCTCTGGGTTGATTTGGTAGTTGTATTGGCCCGCTGCTGGGGCGTTTTTATCGTAAGGTAGTGTGACAATGTCTTTTGTATTGACTTGATTGTGCGGGAGTTTAGAAATCTCTTCGCTCAAATTCTTAGCGTCGTTATAAGTGGTTACAATCTCTGTTTGATTGGATTTTAGGTTATAAACATCTTTAGCCACGCTTAAAGCCGCATCCACCCGGTTACCATAATAACTCACATTGTTTTTAATCGTCTGAACTTCTTGGTTCAAATTCACCACCTGTCTGTAAGGGTTAGTAGGCGTTTGACCCGCATTGGATATTTTCAAATAAGCTTTCTCTAGATACTTATACTGCTCTGCAGGGATAGAATTAAAGAGGTTAAAAATATCTTGAGCGTAAGAGATGACTTGCTTTTGGTTTTGAGCGAAAGCGTAAATGTCTTTAGCGAATTTGGGGTTTGTTTGAGATCCTGTGGCTTGAGCTTGCAAACTAGCAGATAGGGTGTGGTTACTTTGAGAAAGCGTAACCGCTTGTTGCAAGATAGGAATCATTGCCTTAATGTTGTTAAACACCGCGTATTGCGTTGGGTAATTAGTGGATGTGATAGCGCCGGATGCGTTTGAAACGCCATTGATGA
NZ_CP007605.1_gap30	1062297	1066643	4346	GAACGCTGAATTGGTTAAATTTAATATAAATTTTTCTGTAGAACGATCCAAATTATCACAAACTTCTTGGTGGTGGTTCTTTATTTCTCTGATGGTTGGATTTATCTGTCTGTCAATCGTGGTTTTGATCGCTTCTTGTAATTTTTCTATCGCTTTTAAGGCTTTGTTGCAGTTGGATTCTATGATTTTGTTGCGTGAGTTTTCAAGAAGCGTTTCGGTTATAAATTCTCCTAATTGTTCAAAACGGCATTCATACAATAATAATTCTTCTGCTTTAAAAAAATCTAAAAATTTTTGTTTGTTTTTGTAAAAATCACTCTCTGGTTGAATTTTTTTAGTCTTTCATTATCAGCGTTTTTAAAGATATTTTGAAGATCTTCAATACTCTTTTTCACGCCAAGATAAATGTTTTTCATTTTTGCCCTCATGCCGAATTTTTCTGACGCATTTTAACAAAAAAAAACGCAAACCCCACCCTCTAACTACGCTCTAGCCGCACTTTTAGCCTTAACTTTTAAAAAGGGCTTAAAACCTTAGCGAGTAAGATATTGTCTTTAAACGCGCTAGGCATAATCGTGTAATGCCCGGGTTGTAAAGGGGTGGTTAGTTCGCTGTCATTGATCAAAATTTCCCCATCCACTTCAGGCGCCCATCTCAAATCCCTTGCTTTGTAAAAATATTCGCCCTCTTTATTTTCCACTAACGCCTTAATGGGTTTATTCAACAAAGCCTTAAAGGAATGGTTTTGGTGTTTTAAAGCGATTTTATTCAAGGCTTTGATGCGAGCGTTGATGGTTTTTTTAGGCACTTTCTCTAAAGAATAGGCATGCGTGTTTTCTTCAGCGCTGAAAGCAAAAATATTCAATCGATCAAACTGGAACTCGTCTAAAAACGCACTCAATTCTTCAAATTCGCCCTCATTTTCTTCCGGATGCCCTACAATGATCGTGCTTCTGATAAAGCTTTCTTTAACCTGCTTCATGGCATCTAAAAGCTTTAAATGGTGTGCTTGGCTGGAGTTGCGCCGCATCTTTTTGAGCATGGAGTCGCTGATGTGCTGGATGGGCATGTCAAAATAATTTTGAAAAATGGGCGAACTTTCAATCGCGCCAATAAGCTCTAAAGTGGTGCTAGAGGGGTAGAGGTATAGAATGCGAGCGCTCTTTAAGGCTTGTTGTTTGTCAATCGCCCTAATAAGCTGGATCAAGCCGTCTTTTTGCCCCTTGTCGTATAAAAAGGAGCTGGAATCTTGAGCGATAAAAGTCATATCCTTATAACCTTTAAGAGCCAGATTTTCCACTTCTTTTAAAATGGAGTCCAATTCCCTGCTTTGCAATTTCCCCTTAAAGCTAGGGATAGCGCAAAAAGAACATTTTTGGTTACAACCCTCAGAAATTTTCACATACGCATGCACGCTCGATCCCGTGATGATGCGCGCGTTATAATGCTCGCTTAAAAACACTTGCTCGCTGAACTGGTTTTGTTTTTTAGCAATCATTATATCAATCTTGTCATAATCCCCCACGCCGGTAAAAATATCCACTTCAGGGATCAATTCTTTGATTTCATCTTTATAGCGCTCGCTCAAGCACCCGCTCGCAATCAAAATCGCTCCCTTTTTTTTGTCTTTAGCGGCGTTTAGAATGGTTTGGATACTCTCTTGTTTAGCGCTTTCAATAAAACCGCAAGTGTTGATCAAAATCACATCGGCGTTTTTAGCGTCATTAGTGAGCGTGTAATTATAAAGCTTGCCTAACATCACCTCTGAATCCACCAAATTTTTAGAGCAACCTAATGAGATCAAGCAGAGTTGTTTGTTTTCTTTAACTTGCATGTTAATGGCTTTTTAAGTTTTTCAAATCCACTTCCCAAAAGAAATCAATCCATTCAGGAGCGTCTTTTAAAAACGCATCGGCTTTGTATTTCGCGCTTGTTTTTTGGAACAAACTCGCGCTATAAAACTTTTTATCAGGGTGTTTTTCTTCTAACACTTTAAGCACCGCTTCTAAAGAATTACCGCTATCTACGATTTCATCTACCACAAGAATGGTTTTTAGACGCTCTTTGATCGTGGGGATATTTTCAATTTTTAGGGCGTTTTGTTGCTTGGTGGTGTCATAAGAAATCGCATTGATGCCATAAACTTCCCTTAAATTCCAGTGCAAGCTCAAAAAATGCGCTAAAGTCATGCCTCCTCGCATCACGCACACAAGGGCTTCTGGGACACCGCAAATTTGCTCTACTTGTTTGACTAATGATAGGCTGTCTTTCAAAAAGGTTTCATAAGAATAATGCATTGTAATCCTTAAATTCCATAATATTGCTTCAAAAAGGTTGTATTCGCCACGCCGTCAAATCCCCTTAAATTCAAATCGTTTAGGGCTAATTCTAGGGCGTTTAAAGCGTAAGCGCTTTGATAAACAGGAATGATCCCCATGTGGTTGATACGAATGAGCGCGTCTTTATAAGGCTCTTGACCGCCCGCAAATTGCACCTGGTATTTTTCTTTTAAAAGGTTTCTCAATTCTTTGGCATGCTCGCTAATAATCGTTGTCATGCTCAGGCTCGGGCTTTTAGGGAAAATCTTTAAACCCAAAGCTAAAACGGCTTTTTGAGTGGCCAAAGCGGCTTTTTTAGTTTCTTTATAGAGCGCTTCAAAGCCCCCTAAATTTTGCACCAATTCAAAATAGCGTTGCAACCCTAAAGTGTGTAAAATAGGAGCGGTGTAGCTTGTGGTGTTATTCCTTTGGTTTTTCAATTCGCTCTTTAAATTGAAATAAAACCCCACATTGCGTTCTTCTATGCACTCAATTGCCTTCTGGCTCAATGCGACTAGGCTCATCGCAGGAGGCAGCATGAACGCTTTTTGACTCCCTCCAATGAGCGCATCAATATGCGTTACTTCTAAAGGCTCAACCCCTAAAGCGGTGATCGCATCTACTATCACAAAAACATTCGGGTTAGTTTCTTTGATCGCTTGAGCGATTTTTTCTACAGGGTGTCGCAACCCCCCACTAGACTCGCATGCTTGAATGCAAAACGCATCAATGTTAGGGTTGGCTTTAAGCACATTTAATACTCCATCCACTTGAGCCGGTGTGTCCCATTCATAGACTAATTCATGGGCTTTGATAGAATGGGCTTTAGCGATCTTGCCAAACCTTTCGCCAAACTTGCCCGCATTAACAAAAAGCAACTCTTTTTGACACAACGAAACCACGCTCGCTTCCATAGCCCCCGTCCCGCTACTGCTTAAAAGCAAAACTTCTTCTAAACCGGTCATTTTTTTCAAATTTTCTCGCACGCTTTGGAAAATCTTTTCAAAATCTTTAGTGCGGTGGTGGGGCATTGGCTGAGAAAAGCTTGAACGCATCTCTTCATTAATGGCTACAGGGCCTGGAGTGAAAAGCAACATTTTAAAATTAACCTTTAATTTTTGAGAGAATTTAAAAGGTATCATACTAAAACGCGCTTAAAATTAAACCATATTGCTTAAGAAAATCGCTTTTTAATGCAAATAAAATGCTAAAATGCCATGATTTAAAAAGAATTTAAGGCAATGATTGGATAAATTTAGTCTTCGTGCGTGTTTTTTAACCCTTTTTTTTAGTGGGTATTCTAAAAAAGCTCCAGGAACGATAGGGAGTTTAGTAGCGTTGTTACTAGGCTTACCCGTTTTAATTTTTTCGGCTAACACTTTGTTTTTAGCGGCCATTTTTATTGGTCTTATCGCTATCGCTCAAATAGATAAGGAAGAAGAAGAGAGCAAGATCCATGACAGCTCTTACATTGTGATAGACGAATTAGTGGGCATGTGGCTGGCGATGGCGATTAGCGGCTTATCGTTAGCGGGCGTGGTTTTGAGTTTTATCTTTTTTAGGATCTATGATATCACTAAGCCCTCACTCATTGGCAAGATAGACAAAGAAGTTAAAGGGGGCTTAGGGGTTGTGGCTGATGACGCTTTAGCAGGTGTTTTAGCCGGATTGAGCGCGTTATTAGTCATCCATATTTTAGGATTTTTTAACATTAAGTTTTAATTGTGAGAAAATTCAAAAGCCTTTTTTTAGGTAAAATAGATAGACTTGATTGCAATCGTTTTTAGGGAGTTTGATCGTGGAGTTTTGCGTTTTATTTGGTGGGGCGAGTTTTGAGCATGAAATCAGCATTGTGAGCGCGATCGCGCTTAAAGGAGTGTTAAAAGATAGGATTAAATATTTTATTTTTTTAGATGAAAACCACCATTTTTATTTGATTGAAGAATCCAACATGCATTCAAAATACTTCGCTCAAATCAAAGAAAAAAAATTACCCCCCCTAATCCTCACACACAATGGCTTGCTCAA
NZ_CP007605.1_gap31	1069946	1074188	4242	TCAAGGGATCAATTTAGGTTTGAATTTGCACAGAAACGCCGGAGCAGGGATTCCTGAGCATTTGCACATGCATTTAGTGCCTAGGTTTTTAGGCGATAGCAATTTTATGAGCGTTATCGCTCAAACCAGGGTGTGCGGGATGGATTTAAATGAAACCTATCTTGCGTTAAAAAACTTATTAGAAAAGGAGCTTGGTTGAAAACAAACGCTTTTAGTTTGGGTGCGCTACAATTGATTTCAATTCATTTTAGGGAGTGTAAGCGATGAAGGCGCGTGGGTTTAAGGCAAAGATGCGTGGGTTTAAGATTTTTTCAGGGAGCGCTCACCCTGCATTTGGCAAAGAAGTGTCAAAGCATTTAGGCTTTCCCTTATCCAAAGCAGTGATAGGCAAATTCAGCGATGGTGAAATCAATATCCAAATCAGCGAATCGGTGCGCGGTAAGGATATTTTTATCATCCAGCCCACTTGCGTGCCGGTCAATGACAATCTAATGGAATTGTTAGTCATGGTAGATGCTTTAAGGCGCAGTTCGGCCAATTCTATCACAGCGGTGTTGCCGTATTTTGGCTATGCCAGACAGGACAGAAAAGCGGCTCCAAGAGTGCCTATCACGGCTAAAATGGTCGCTAATTTGATGCAAGAAGTGGGGATTGAAAGGATCATTACGATGGATTTGCATGCTGGGCAAATCCAAGGCTTTTTTGATGTGCCGGTGGATAATTTATACGGATCTATCGTTTTTAGAGACTATATCCGCTCTAAAGCGTTAAAAAACCCTGTGATCGCTAGCCCTGATGTGGGTGGGGTTACAAGAGCTAGGTATTTTGCCAATCAAATGGGCTTAGATTTAATCATCGTGGATAAGCGCCGTGAAAAAGCTAATGAAAGCGAAGTGATGAATATTATCGGCTCAGCCAAAGAGCACGATGTGATTTTAGTGGATGACATGATTGATACCGCAGGCACGATCTGTAAAGCCGCTTTGGCTCTAAAAGAGCAAGGGGCAACTTCTGTCATGGCGTTAGGCACGCATGCGGTTTTGAGCGGGAATGCGATCAAGCGCATTAAAGAAAGCGCGTTAGATGAAGTGGTGGTAACTAACTCTATCCCTTTAGTTCAAAAATGCGATAAAATCACCACCTTAAGTGTAGCGCCCTTATTTGCGGAAGTGATCAGAAGGATTTATCATAACGAAAGCGTCCAATCGCTTTTCACTTAAAAAAGGGGATAAAAGAAAGGTGGGAGTGGTGGATTCTGTAGGACTTGAACCTACGACCAATCGGTTATGAGCCGAGTGCTCTGACCAGCTGAGCTAAGAATCCAAAATTCCCAAAGGATGGTTTGCTATTGTATCCAAAAATATAGCGAAAAGCAAGCAAGTTTTCTAAGATCCCAAATAGGATCATAAAAGTGATAAAACTGCTCCCTCCATAGCTAAATAATGGCAAGGGAATCCCCACCACAGGGGCTAACCCTAAAGTCATGGCGATATTCACGCTGGAATAAACAAAGATTAAAATAGAAATCCCAAGGGCTACAATCTTTAAAAACCAATCGCTGTTGCTCTCAAACATGTAAAAAAATAAATGCAAACTCAAGCCTATATAAATCGCAAAAAGCAACATAGCCCCTAAAAACCCAAAACGCTCCACGAAGTAAGCGAAGATGAAATCGCTCGTTGCGATAGGCAAGAATTTGAATTTGGTTTGCGTGCAGGCTTCTTTAGATTTGCCTAAAAACCCGCCCGATCCTATAGCGATAATGGATTGCATGACATGGTAATTAGGCTTTTCAGAAAGAAAGTCTGCGATGCGCTTTTTTTGGTAATCATGCAAAAAGTGATAAGCGACAGGCGAAGCCACTAAAAGAACGATAAAAAGAGGGAGCCACACCCTAGTCCTTAAACCCACGATAAGTAAAATCCCAAAACCCATGATGAGCACAATAAGAGCCGTGCCTAAATCGGGCTGCTTTAAAATCAAAGCCGCCGGTAAGCAAATGTAAAAACTGAGCTTTAAAAACATGCCCCAATCATAGCCCTTAAAAGGGGGTGGGTTTATTTTAATCAAATGCGCCAATAACAAAAGGATAGCGATTTTCACGGGTTCGCTAGGCTGTAAGGTGATAGAGGTAAAGGGAATGGCTAGCCATCGTTGCGCCCCAAGCTTGCTCGATCCCATAAAATCCACTAACGCCAATAAAATAACGCACGCCCAATAAAACACAAAGAGCCACCGATCGAGCTTTCTGAAAGGGATAAAAAACACGATCCAAAAGAGAAGAAACCCTATCGCATAATAAACCCCTTGCTTCAAGCTCAAAACCGTGCTGCTCTCAAAAATCAATACAAAAGAAACCACCAACAAGGGGATAATAAACACAAAAGGCAAAAGATCAAAATGCATCCAAATCCTTTTGTCTAATGCCATGCGTTTTTCATAACCCCTGATCTTATTGTGTTAATTTTTTGATTGTATCCAAGTTGAGATAATTTTTCTTAAAGAGAGAGATTATCATGCCAACTTCGTCAGGCAAATTGACTTCGCCCGTCTCATCATTAAAGCACTTTTCTAGCACTTTCAAATACGCAAACCCAATGCCTTCTGTGATAATTGCAGCGGTTGCGCCCCCTGCAACACTCCCCACAACAGGAATGAATTTAAGAAAGCCATTAACGAGCGTTCTCCCCACTTGTGCGACAGCGGTTACGCTTAACAATCCGGTGATGAGCGATGCGGCTACAGATTCTTCCAAATCCATTCCAAAAGCGTCATTCATTTTATAGATCATTCCTGCTTGAATGGGCGCAATAGCGAGCGCATCGCTAAAAGGTATGGGGATAAGCCCAGCCGCTGCAGCCGCTCCTGATGCAACATGGATAATGGTTTTACTTTCATCTATCATGGCTTGTTTTCTTGCTTGGATATTAGCTTTTTGAATCAGCAAGAAATGATTTTGTTTGTTTTTCTTAGCTTCTATCAAGCATTTTTTCGTTTCATCTGCCAATTCTTCTAAACCTTCAATGGGGACTTCAATACCTCTAAATGAAAATGCAACGGAATTGACTCTCGCATAGGCTTTGACAAAACCTTTAAAGCCCCATTCTTCATCTATGATCTCTTTAGTTTCTTTAACAAAGGCATCGCCGGCTTTTTCTTGTGTGTTGGTGAAAACGACAATCGTTGGAATATTCCAATTTTTAGCAAAGCTTAATAACTCTCTATTCAATCCTAGAGTAAGACTCTAGAATACACAAATACGCTATATGAGAGATATTCAGAAAGCTTATCTATATTTAACTCGCCCATTTTTTATTGAACGCACCGCCTAAAAAATTATCATGTTCCATTAAAACCCCTTTATAGAATGATTTAAGATATAAGGATTATGGATTATATATAGAGTATTAATAACTAATGAATAGAAACATGATTTTTTAAGGTTTTGAGTAAAATAATGGTTTTTAAAAACGCAAAAAAGAGTTTGGATGCAAAAAGTTTTTATCGCCCTAACCGATCACAAACGCCTTGATGAATTTTTAGCCAAAGAATTGCAAATTTCTAAAAACCAGGTATTGAATTTGATTAAAGAGGGGCTGGTGTTTTGTCAAAAAAAGGGAGTAAAAAAAGGGGGGCTAGCCTTAAAAAAAGGCGATGAAATCACGCTTTTAACGCCCAAAATCACGCCCAAACCCTTAAAAAAAGGGCTTGATTTAGAAATAGAAGTTATTTTTGAAGATGAAGACTTGTTAGTGTTGAATAAGCCCCCTAATTTAGTCGTCCATAAAGCCCCAAGCGTGAAAGAGCCTACTTTAGTGGATTGGCTGGAATTTAAAAATTACGAGCTTTCTAATCTGGGATTAAAAGAGCGCTATGGGATTGTGCATCGTTTGGATAAGGACACAAGCGGGGGGATTGTCATCGCTAAAAACAATTTTACCCATGTTCATTTGAGCGAGCAACTCAAAACTAAAATGATGGGGCGCTACTATATCGCCTTGCTTTCAACGCCCTTAAAAGAAGAAAAAATGAGCGTGGAATGCTATTTGACAAGAAACCCTAACAACCGCTTAAAAATGATAGCGCTCAAAGCGGCCAAAAAAGAAAAAAGCCGTTATTCTAAAAGCGAATTTACTAGCCTGCTGACTTCTCAAAATAATCTTAATTTGATAGGGGCTAAACTATTCACCGGGCGCACGCACCAGATCAGAGCGCATTTAGAATATTTGAACAGACACATCA
NZ_CP007605.1_gap32	1193884	1196539	2655	TAACCTTGATTTAGGTAATATCATCAACCTAATACTACGACAAGGACGATTATCATGCAAGATTTACCCCCATGCCCTAAATGCAATGACGCCTACACCTACCATGATGGCGTGCAACTGGTTTGCTCTAGCTGTTTGTATGAATGGAATGAAAATGAAGTTAATGATGGAGAATTGATCGTTAAAGATTGCCACAATAATCTTTTACAAAATGGGGACTCGGTCATTCTCATTAAGGATTTAAAGGTTAAAGGCTCATCTTTAGTGCTTAAAAAAGGCACCAAAATCAAAAATATCAAGCTTGTCAATAGCGATCACAATGTGGATTGTAAAATAGAAGGGCAGAGCCTGTCTTTAAAATCTGAATTCCTCAAAAAAGCTTAGGAAAATACAAAAGCTTAAGAGTGAGAAAAGCTTAGTGGTTTTTTAGGCTTGTAAAAATCATTTTTTAGAAAAAATCAACTTGTCCAGCTTGAAAAAAATCACCGCTCCAATGGTTTGCCCCAAGAAAAGATTGAGCCACAACGGAAAATTGAAATAATAAAAAACCTCCATAAAAGGTAGCATCACCAACGCGCTCAACATCCACCTAAGCCAATAAACCAAAAACAACTTAGAAGCGTATTCTGTGCCAAGTTTCTTAAAAAAATCTCGCATAAAGATAACCCTTTAAACCCTTTTTGCAAACTCTCCCTAAAAAGGAAAGCCCGCTATCAAGGAATATTCCTAAATCTCATGCCTTTAGACAATCGTATAGGACACTCTTTTTTCAAAAAGTTTGCTCTCGTAATTGCCTAAATCCCTACCATCCACAAGGGCGAAAGCATCGCCAAAAGTCGCCAATAAGGCAGAATCTAACTGCATGTCTTTATGACGATTCAACGGGATAAAAACTTCCTTGTGGTTATTTTGAAAATCAAACGCTAGAAATGAATCTTTCAAATACACTTCCACTCTAGGAGCGTTTTTCACCACGCTGTTTTGACCCAGTTTCAAGCCTTGCACTTCAGCACTTTTAATCCCACACGCATGGCATAAGGACACAAACATGCTCTCTCGTGAAATGGTTGCAAACCAAGGCAAACTATCTCGTTTAGGTAAATTTTCTTTACCCTCTAAAGCCTTCTGTCTCTTAGGCATCTCATGCTTGATGAACGCATAAAAATTACGAACGCTTTCTTTAGGGGTTGTTCCCTTGAGCTGGTTGGCAATGTTAGCCACGCTCGCATCGTCTCTTTCATAACGCCCCATTGCTACAAAATCGCTCGTTTCAAACAAACGCTCATTCAATTGATAGCTAGCGATCTCATAAGACAAATGGACTTGCTTTTTTTGAGCGCTTTTTAAAAAATCCACTTGCAAATAAGGCACTCCAAAATTGAGCATGCTTTTATAGCTGGCATGATTGCCTTGTAAATGCACATTGCTCGCTACAACACTTGGCATGGGAATGAAAAGTGAAGTGTGTTCTGCAGAATCAAAATCAATGCTGTATTGAGCTTCTATTTTATATTTTGCAACACTCCCTTTGCTTTCTTCTGCCTGCAAAATCTGTGCTCCTAAAACAGCACCTGTAGCGCCTAAAGCAGTCGTTTTAATAAAATCCCTTCGTTTCATAACTATAACTCTTTATTGTAATTTTTAAATTCGTTGAATGAATGAAAAAGTAGGACACACCACCAAAGGATTGATGAGTATCCAAAAACCTAAATTTTGAAAGACAAAGCGTTCCTAAAAAATAAGAACGCTTAAAGAAAAGGGTTACTTTTTCTTTTTTGTGTGGTGCATGTCTTTTCCATGCATGTCTTTCATCATTTTTTGGTGTTTTTCAAGAGCTTTTTTAACTCCCTCAGCGTATTTGGGGTCAGCTTTCTTGAAATGCTCCAATTGTTTATCCACAATTTCCTTATGGGTAACATGAGCCAAAGACTCTCCAATAGTGTCATGCAACCTTTCTTTTTCATCAGCTGGCAATGAGCGGTAGTAATCACCTGGTTGGGTGTAGTAATCGCTATCCTCAGCTCTGTAATCCCAATTCCACACTTCAAACTCTTTCTCAATATGAGCTAAGTTGAACTTAGGATCCCTCGCACTCTTATCTTCTTTATAGCCAGGCAATGAGCTAGGCGTATAGTTTTGTAAAGAGCCATAATACCCATTTTGCATGTAACCATCTCTGCTAGAAGAGTGGAATGGGCATCTTGGTTTATTAACCGGTATTTGAGGATAATTAACCCCTAAGCGGTAGCGGTGTGTGTCTCCATAAGAGAACAAGCGCCCTTGTAACATCCTATCAGGGCTATAGCCAATTCCAGGAACGACATTAGCCGGAGAGAATGCCGCTTGCTCCACTTCTGCGAAGTAGTTTTCAGGATTTTTATTCAACTCTACAATACCCACTTCCATCAATGGATAATCTTGGAGATACCAGATTTTAGTGACATCAAACGGATGGAATCGATACTTCTTAGCGTCCTCTTCTGGCATCACTTGAATGCTTAATTTCCATTTTGGGAAATCCCCTCTAGCAATCGCATTGAATAAATCCCTTTGATTGGAATCCGGATCATATTTCCTGACTTCTGCGGCTTCTTCATTAGTCAAGTGTTTAACGCCTTGCATGGTTTCAAAGTGGAATTTCACCCAAAAGCGTTC
NZ_CP007605.1_gap33	1266778	1267677	899	AATGGCACTTCTAAGAGCCTGTTGCTCAATGTGGGCGAATTGCAAAAACTCATTGAAGCGGTCTCTGAAGAGGCCATGAAAGTCTTGCAAAAAGGGATCGCTCCGGTGATTTTGATCGTAGAGCCTAATTTAAGAAAAGCCCTTTCCAATCAAATGGAGCAGGCTAGGATTGATGTGGTCGTGCTAAGCCATGCGGAATTAGATCCTAACTCTAATTTTGAAGCCTTAGGCACGATCCATATTAACTTTTAATGGATAAATAATTGATAAAAAAGGAGAATGATGCAAGTTTACCACCTTTCACACATTGATTTAGACGGCTATGCGTGCCAGCTTGTTTCAAAACAATTTTTTAAAAATATCCAATGCTATAACGCTAATTACGGGCGTGAAGTCTCAGCGAGAATTTATGAAATTCTAAACGCAATCGCTCAATCTAAAGAGAGTGAATTCCTTATTTTGATTAGCGATTTGAATTTGAATTTAAACGAAGCAGAGTATTTGCAGGATAAAATCCAAGAACACCGCTTGCAAAATAAAAACATTCAAATCCAGCTTTTAGATCACCATATCAGCGGTAAGGAAGTGGCTGAGAGTTTCCATTGGCATTTTTTAGACACAAACCGCTGCGCGACTAAAATCGTGTATGAGTTTTTGAAAAAGCATTACGCTATTTTAGAGCCAAAAAACACAGCATGGCTAGAGCCTTTAGTGGAAATGGTCAATTCTGTGGATATTTGGGACACGAAAGGTTATGGCTTTGAATTAGGCAAGGTGTGTATGCGCATGATTAACCAAAGCTCTGAATTGAATCGTTTCATGTTTGATGATGAAAACCGCGATTATAAATTAAAGCTTTTAGAAGAAGTTAAAAACTATTTGTTTTTAGAAAATGCCCC
NZ_CP007605.1_gap34	1269192	1272573	3381	TGTTACATCAGCCATAAAGCCTTTAACATTTAAGCCCTTTTCAATTTCTCCACCCAAAACAGAATTTTTTTCAATCAGTAGAACGCGCATGGTGTATGACTCCTGCATTTAAGAGTAATTCAAGCACTGATTATATCATAATTTTAAATTAGTTTAAGAAAATATTAATAAAAGTTATCGCTTGATCCAAATCAAGCCCTTGATTATTGGTTGTAAAAAATGCCTTTGAGCGTTTTTATGGATAATTTTTAAAATCATTTACTAAAAATCACCATTTTATTGTATAATTACAAATCCAACCATTCCTTATGGTTTGGTTGGCACCGCTAAGGTTAAAGGGTCACCTCCCCCTCCTTTCCCTTTGTCTTGGCGGTTGTTTTTTAATCCTTGTTTAGTCCTTATTTTTAACCGCTTGATTACGATTTAATCCATAGCTTGCTATTCTTAAGATGTTTAAAACTTTTAGTTCAAGCTTGATTTTTAGGTAAGAGCCTAAGGTATGCGATCTCGCTAGGGGCTAAAAACCTTAAAGGAACACCCCAATACCCTGCCCCACTGCTCACATAAATTTGAGTGGTGTCGCTGTGCTTGTATAAACCATATAAATAGGTTTGCGCTAACTTGATTAAAAGGCTAAAAGGAAAGATTTGCCCTGCATGGGTATGCCCTGAAAGCACTAAATCTACAGAGTGGCTTTCTTTGAGGCTTCTAATTTGTTTGGGCTGGTGGGCTAAAAGGATCGTGGGCTTACTCTCATTGCGCTTTTTTAAAGCTTTGTCAATATCAGGGGCAAAATTTTGACGCTTTCGCGCGAAATAATCATACACGCCGCACAAATTGATCCCCCCTAAATGCACGCACTCATTCCCTAAAATCGTTAAATTAAGCGTGTCAAGAAACGATAAAATCGGCTCTATGCCATGATAATACTCATGATTTCCTGGCACATAAAAAGTGCCATGCGTGCTTTTAAGGTTGTTTAAGGGCAGTAAAAAGGATCTGACTTTTTCAATGCTTTCATCCACTAAATCCCCCCCAATCAGCACCATATCCACTTCTTTTTGATTGACTTCTTCTACAATGTAATCAACAAAATCTTTTTGCAACAAACTCCCCACATGCATGTCTGTGAGTAAAATAATCTTTAATTCTTTATCCAGCTTGTCTAAATAAATAGGGGTTTCTTTGATTTTAGGGCGGGCTAATCCTTCATAAAATCCGCGCCAAAAATACCCTAATAACGCCAGATAAAACCCTAATTTTAAAAAGTTTTTTAAACTTTTACGCCTTGAATGCAAAAAATCTATTTTTTCTATGGAGTAAGAAAACCCGTAAAAACTTAAAGAAAGGATAAAAATAATAAAAGATACAAACGAACACGCCGAAGTCAAAACAAACAAATGGCTAGGCATGATATTTCTATAAAAAGCAAAAGCCGCCTCGCCCGCACTCAAAAGGATAAAAAACCCTAAATAAGCGTATTGAGAGATTTTCTTTAAGGTTAAAAACGATTTCAACATCCTAAAAGAACTATAATTCAAAAGACATAAAACCAATAAAAACGCTATGGAGATCAGCATACCACCCTTTTTGTAGTCATAATGTTCTACTATATTAGCATATTAACGCTAATGCGCCCTTTAGGTTTCATCGTGCTATTTCCTTTTTTATCAGTCTCAATCCACACAGAAAGAGAAAAGTATCTCTCCCTTTAAAAGAGTGTGAGTTTGGATATAATAATAAAAAATGCGCTTAAAACCATGAAAAAGGAGATGCGATGCAATTAGACAATGATTCAGAATTCGCTAAAAAAATCTTTAACCCTAACAGAGCGTTTGCCAAGCAAGCCAGGATTAAAAACATGTGCGAATATAAAGATTTAGTGCATGAAGCCAATGAAGATTATGAACATTTTTGGGGCGAGTTAGCCAAGCAAAAACTCACATGGTTTAAACCTTTTGATAAGGTTTTAAACAGCGATAACGCCCCTTTTTTCAAATGGTTTGAAAACGGCAAGATCAATGTTTCTTACAATTGCATAGACAGGCATTTAAAAGACAAAAAAAATAAAGTAGCGATTATTTTTGAAGGGGAAATGGGGGATTATAATGTCATCACTTACAGAAAACTCCACTCTGAAGTCAATAAAACAGCCAACCTTTTAAAAAACGAATTCAATGTCAAAAAAGGCGATAGGGTCATTATCTATATGCCTATGATTGTAGAAAGCGTTTATATGATGCTCGCATGCGCTAGGATTGGAGCGATCCATAGCATCGTTTTTGCTGGGTTTAGCCCTGAAGCCTTAAGGGATAGGATCAACGACGCTCAAGCCAAATTAGTTATCACAGCGGACGGGACTTTTAGAAAAGGCAAACCCTATATGCTCAAGCCAGCCCTTGACAAGGCTCTAGAAAATAACGCCTGCCCTAGCGTGGAAAAAGCGCTCATTGTGATACGAAACGCCAAAGAGATTGACTATGTGAGAGGGCGCGATTTTGTCTATAATGAAATGGTCAATTACCAATCCGATAAATGCGAACTTGAAATGATGGACTCTGAAGATCCTTTATTCTTGCTCTATACAAGCGGATCAACCGGGAAACCTAAAGGCGTTCAACACAGCAGTGCGGGGTATTTGCTATGGGCGCAAATGACGATGGAGTGGGTTTTTGATATTAGAGATAACGATAATTTTTGGTGCACCGCTGATATTGGTTGGATCACAGGGCACACTTATGTGGTTTATGGGCCTTTAGCTTGTGGGGCGACGACTTTGATACTAGAAGGCACGATGTCTTATCCGGATTATGGGAGATGGTGGAGGATGATAGAAGAATACCGCGTGGATAAATTCTACACTTCCCCCACCGCTATAAGAATGCTGCATGCCAAAGGCGAAAACGAACCCTTAAAGTATAATTTAGAGTCACTTAAAGTTTTAGGAACGGTGGGAGAGCCCATTAACCCTACGGCATGGAAATGGTTTTATGAAAAAATCGGTAACTCAAAATGCAGTATCGTGGATACTTGGTGGCAAACAGAAACAGGCGGGCATATCATCAGCCCTTTACCGGGAGCTACGCCTATAAGGGCCAGCTGCGCGACTTTACCTTTGCCTGGAATCCATGCAGAAGTTTTAAACGAAGACGGCACCAAAACAAAGCCCGGAGAGCAAGGGTTTTTATGCATCACTAAGCCATGGCCTTCTATGGTAAGAAACATTTGGGGCGATGAAAAACGATACATTGATAGCTATTTTTCTCAGATCAAGTTGAATGGGGAATATGTCTACCTCTCTGGAGATGGTGCTATCGTGGATGAAAACGGATACATCACTATTATTGGGCGCACAGATGATATTGTGAATGTGAGTGGTCA
NZ_CP007605.1_gap35	1274483	1275522	1039	AAAAGACACTTTAGTGCTTTTACTCAACGCTTTTTGGCGTAAATAAGTCGCTCTCTTTTGAGCTTGCAAACGCGCGATGGAATCGTTTTCTACCCCTATTAAAACAGATCCTGCAGGCGGCACTTCGCTCAAGCCTGTGATGAGAGCCACCATAGAAGGTTTTAAACTTTGAATGCTCTTGCCTTGATCGTCAGTCATCGTTCTTACTTTACCAAACGCCGTTTCAGCAAAAAAACTATCCCCCACGCTCAAAGTCCCGCTTTGGACAATCACAGTGGCCACTGCCCCACGCCCTTTTTCCACGCTTCCTTCTAAAACAACCGCTCTAGCGCTACCCTCTTCTATGGCTTTTAATTCCATAATATCCGCTTGGATAAGAATGGTTTCTAATAAATTGTCAATGCCATCGCCCGTTTTAGCCGAAACAGGGATAAACTCATGCTCTCCGCCCCAATCCACAGGGTTATAGCCAAGCTCAGCGCATTCGGCTTTGAGCTTATCCGGATTCACATTAGGCTTATCCATTTTATTCATCGCAAAAATCACAGGCACATTAGCGGCCTTTGCATGCTCTAAAGCTTCAATAGTCTGCTGCTTCACGCCATCATCAGCCGCTATCACAATCACTGCAATATCTGTAACTTGAGCCCCACGATTACGCATTTGGCTAAAGGCTTCATGCCCTGGGGTGTCAATGAAAGACACCCATTTGTTATTTTTTTCTACCATGTAAGCGCCAATGTGCTGAGTGATCCCCCCAGCTTCCGTGTGAGCGACTCTTTTATCACGGATTTTATCCAATAGTGAAGTTTTACCATGATCAACATGCCCCATGATAGTAACCACAGGCGGACGCTCTTTTTTCACCCCTTCTAGCACTTCTTCTACTTCAAATTCTTCTAAAGTGTTTTGAACAGAAATTTCTAAATGAAACTCTTCGGCTAAAATTTCTATGCTATCCTTATCCAAAAAGTCGTTTTTAGTTACCATAAGCCCTAAATTAAAGAGGGTTTTAATCACATCAGCCAGATTCAAATTC
NZ_CP007605.1_gap36	1278297	1279017	720	CTAAATCCAATTCCAAAAAATAAACCCTAATTTAGGATTAAGCGAAAGCCTTTTGCAACGCAAATTCTTTAGCTGGATCTGTAGCGATCAAAACTTCGTAATTTTTAGCGTCCGCTAAAATGGCTTTAACCAACATGGAATTGAGCTTATGACTCCCTGAAAAAGAAGTGTATTTGCCCATCACAGGCATGCCTAAAACCATTAGATCCCCCATAGCGTCTAAAATCTTGTGGCACACGAATTCCTTTTCGCACCTCAAACCCTCTTTATTCAAAATGCTGTTTTCATCTAGCACGATGCAATTATTCAAGCTCCCCCCTTTCGCCAAACCAATGGATCGCAAGTAATTCACTTCTTGCAAAAACCCAAAGGTGCGGGCTTTAGCGACTTGCTCTTTGTAAGCGGTTTTACTAAAGACGAAATGATGGGCTTGTTTAGCGATAACCGGATGGTTAAAATCAATCGTGAAATTCAAAGAAAGCTGGCTGTCTGGCTCAATTTTAACGAATTTATCGCCCTCTCTAATCTCAATAGCTTGCTTGATTTCCATCACCTTTTTAGGAGCGTCTAGTTCTTTAATCCCTGCTTCATCTAAAAGCATGCAATAAGTCAAAGCACTCCCATCCATGATAGGGATTTCTTCGTTATCCACAGAGATCTTAAGATTGTCAATGCCATACGCATGGATAGCTGAAAGCAAATGCTCAATCGTAGAAATTC
NZ_CP007605.1_gap37	1372089	1374985	2896	CATCAAAAAAGCCGGCCAATAAATGGCATGGAAGCGTAAAATATCCTTACCCACAATATGCCTAGCGCATTCAAAATGCGCCATTTTATTGTCTAAATCATTCAAATACCCTAGCGCGCTCGCATAATTCAATAAAGCGTCCAGCCAAACATACACCACATGTTTAGGATCGTTCATTTTTTTAGGCAAAGGAATGCCCCATTCAAAGCTCGTGCGCGTGATAGACAGATCCAATAAACCCTGTTCAATAAAAGAAGTTACCTCATTTTTACGATAAATAGGCAAAATCACTTCAGGATTTTTAGCGTAAAAATCCAATAAAGGCTTCTCATACGCGCTCAATCTGAAAAAATAACTCTCTTCTTCTAAAAGCGTGGTCTCTCTCAAGCAATCAGGGCATAAGACTTTATCGTTCGTGTTGTCCGTTTTAGAGATCGCGCAATAACTCTCACAGCTCACGCAATAATACCCGCTATAAGCGCCTTTATAAATATCCCCTTTTTCAAACATGATTTCAAAGGCGTTTTGCACGCATTTTTGATGCTCGCTGTCTGTGGTGCGGATAAAACCATCATAATCTAAATTGAAAAAATCCCACTGGTCTTTAAAAATCGCGCTAATGCTATCGGCGTAAGCTTTAGGGCTTTGATTTCTCAATCTTGCACTTTGTTCGATCTTTTGCCCATGCTCATCGGTGCCGGTTAAAAAAAAGACTTCTTCGCCTTGAAGCGTGTAATACTTCTTTAAAGTATCCGCAATCAAAGTCGTATAAGCATGGCCAATATGAGGGATGTCATTCACATAATAAATGGGGGTTGTGATCAGTGATTTTTGCATCTTTATAATCGTGTTACCTTAAATTTGTTTAAATCTCTTAATTTTAACATGCTTTTAAAAATTTAGAGAATAGAGGTTGGATTTATGCTTATTTGTGGGGTGTTTTTAGCTTAAAATTCATTATAATTAACGCTCAAAAAATTGAAAAAGAGTTCAAGGAATAGACAGATGATTTCAAAATTTTTGCTCAAAAGCATGTTCAAGCAGTGGAAAAACGGCGATTATCAGGTCGTTTTTTGGGATAATAGCGTTTATAGGAATGGCGAACATTTGCCTAAATTCACCATTAAAATCCATCGCCCCCTAAAATTTAGCGATATTAAAAAAGACATGTCTTTAACGATTGCTGAGGCTTATATGGACGGCGTGATTGATATTGAAGGCTCTATGGATGAGGTGATGCATTCTTTGTATTTGCAAACCAATTATGAGCATTTGCACAAACATGATAACGCTAAAGCTATCCAAAAACCCATCAAAGAAAGCTCCAACATTTCTAAACATTACGATCTAGGGAATGACTTTTATTCTATCTGGTTGGATGAAACCTTAAGCTATTCATGCGCGTATTTCAAAAAGGACGATGACACCCTCCATGCCGCCCAGCTCCAAAAATTAGATCACACTTTAAAAAAGCTCCACCTAAAGCCTGGCGAAAAACTGCTGGATATAGGCTGTGGCTGGGGCTATCTCTCTGTAAAAGCCGCGCAAGAATACGGGGCGGAAGTGATGGGGATCACCATTTCTAGCGAGCAATACAAACAGGCTAACAAACGAGTCCAAGAGCTAGGGTTAGAGGATAAAGTAACGATCAAGTTATTGAATTACCAGGATTTAGACGGGCGCTTATACCGCTTTGATAAGGTAGTGAGCGTGGGCATGTTTGAGCATGTGGGTAAGGATAATTTGCCCTTTTATTTCAAAAAAGTTAAAGAAGTGTTAAAGAGAGGCGGGATGTTTTTGCTCCACTCCATTTTATGCTGTTTTGAAGGCAAGACTAACGCATGGGTGGATAAATACATCTTCCCGGGCGGTTACTTGCCCTCTTTAAGAGAAGTGATGAGCGTGATGAGCGAATGCGACTTCCACTTGCTCATGGCTGAAAGCTTACGCATCCATTACGCTAAGACTTTAGACATTTGGCGAGACAACTTCAACCACAATCTAGACCAAGTGAAAAAACTCGGATATGACGAACGCTTTATCCGCATGTGGGATCTGTATTTAAGAACTTGCGCGTCCGCCTTTAGGGTGGGGAGCGCGGATTTATTCCAATTGCTTTTAACCAACAGCGTGGATAACACTTTCCCCTTAACCAAAGAATACATCTACCAATAATTTCAGATTTTAGCCCCTTCTTTCAGGCTAACTTCTGGCAAACTCTCCACATACAAACTCTGTGATGGGAAAGCAAAACTCAAATGGTGCTTTTCCACAATCCCCATGATTTTTAGCATCACGTCTTCTTTGACTTCTAGCCACTCCTCCCAAACCACTGTTTTAGAAAAGCAATACACTAAAATATTGATAGAGCTGTCCGCAAACTGGTCTAAAAAGACAAACAAATTGTTTTTATACCCTAAAAAATCATCAATAGAAACAATATCTTTTTTAAACATGTAGCGGTAATCGCTCGCATTTTGCAAAGCGCTATCGGCTCCATTAGCGATTTTAGGGTGGTTTTCTAACATTTCTTTAATGTCTTTCACGCAAAGCTGTAAAGCGCTTTGACTGGAGCTATAAGTTAAGCCTATTTCCATTTTAATACGCCTTCCCACTTTACGACGGCTCCAATTTCTGATGGGTTTTCCGGCTAATTCTGAATTAGGCACGGACAAAAGAGCGTTGTCAAAGGCTCTGATCGTGGTGCGCCTTAACCCCATTTCCACCACCGTGCCCTCCACTTCACCGCACACGATCCAATCCCCTTGAGAAAACGAATTGTCTAATAATAAAATGACCGAAGCAAAGAAATTCGCCAACACATCTTTAACCGCCAAAGCCACCGCTAACCCCCCAATCCCTAAAGAAGCGATGATGGCTGAAACGTTAAACCCTA
NZ_CP007605.1_gap38	1387050	1389189	2139	ACGATGAAAACAACCTTGAAAGCGTTTATATCAACCATCAAAAACGCTCCACTATCGCTATCAAGCATCAAGATCAAAAAGATTTGAGCGAGCATTTGCTTTTAGAAGCGAGCTATACTGATCCGATAAGCCTGTCTTTAAAATTACACGCCCTAAAAGATAAAACGCTTCAAAAAGACAATGCCCTTATTTATAGAAGCGCTAGGGGGAGCAACCCTAATTTATCAGACGGCTTGAATTTTTTAAGCGCTCATTTGAAAGCGACGATTTTAGAAAGCAAACAAACCGAGCATTCTTTAAAGGATTACGCCCTTACATTCCAACTTGAAGACATCACCGAAATTTTGGGGCTTGCTGTAGAGAAAGAAAAAATTCAAGGCATTTTAAAAAATTTAGGCTTTAAAGTCAGCACAAAAGAGCCAAACTCAAAACCCCAAATTTTAGAGGTTGTTGCGCCAAATTTCAGGCATGACATTAAAACGATCCAAGATATTGCTGAAGAAATCTTGCGCTTTGTAGGGATTGATAATTTGATCTCAAAGCCCCTTAATAGCATCAGTAACAAAAATTCAAACCCCCATTATGACACGCACCGCTTTTTTGAAAACCTTAAACACAAGGCTCTCGCTTGCGGTTTTAAAGAAGTCATTCATTACGTGTTTTATTCTAAAGAAAAACAGCAAAAACTAGGCTTTGAGGTTTTAGAAGATCCCCTAGAATTGCAAAACCCTATCACAACGGAGTTAAACACCCTAAGAACGAGCCTTGTTTGCGGGCTTTTAGACGCTAGCTTAAGGAATAAAAATTTAGGGTTTAAAAGTATCGCCCTTTATGAAAAAGGGAGCGTGTATAACGCTAAAAGAGAAGAAGTCCAAAAACTAGGCTTTTTAGTAAGCGGCTTACAAAAAAAAGAAAGCTATCCTGACGCTAAGGGCAAGGCGTGGGATTTTTATTCTTTCGCTGAATGCGTTTCAAAAGTTATAGGGGATTTCAGCTTGGAAAAACTAACCGCTCAAACCCCCATTAACCACCCCTACCAGAGCGCTAAAATCATTCAAAATCATGAAATCATAGGCGTAATCGCTAAAATCCACCCCAAAGTGATCCAGGAATTGGATTTGTTTGAAAGCTATTATGCTGAGATAGACGCTTTTAAACTCAAACGCCCCGCCATGCTGTTAAAACCCTTTAGCATTTACCCTAGCAGTGTGAGGGATTTGACTCTCATCATTGATGAAAATACCGCTTTTAGTGGGATTAAAAAAGCCCTAGAATACGCTCAAATCCCTAATTTAAGCGAGATTCTACCCCTTGATATTTTTAAAGAAAGTAATAACACCATAGCCTTAAGCGTGCGTTGCGTGATCCATTCTTTAGAAAAAACCCTAAATGATGAAGAGGTCAATTCAGCCGTGCAAAAAGCGCTTGAAATTTTAGAAAAAGAATTTAACGCCCGCCTTAAAGGATAATATGTGATAGAGCTTGACATTAACGCTAGCGATAAATCGCTCTCACACAGAGCCGTTATTTTTAGCCTGCTCGCTCAAAAGCCTTGTGTTGTGCGGAATTTTTTAATGGGAGAAGATTGTTTAAGCTCTTTAGAAATCGCTCAAAATTTAGGGGCTAAAGTGGAAAATACCGCTAAAAATTCTTTTAAAATCACGCCCCCAACGACTTTAAAAGAGCCTAACAAGATCTTAAATTGCAACAATTCTGGCACCAGTATGCGTTTATACAGCGGGCTTTTAAGCGCTCAAAAAGGCCTTTTTGTTTTAAGCGGGGACAACTCCTTAAATTCACGCCCCATGAAAAGAATCATTGAACCTTTGAAGGCTTTTGGGGCAAAGATTTTAGGGAGAGAGGATAACCATTTCGCCCCCTTAGTGATCTTAGGGAGTCCTTTAAAAGCTTGTAATTATGAAAGCCCTATCGCTTCAGCTCAAGTCAAAAGCGCTTTTATTTTAAGCGCCCTACAAGCTCAAGGCTCAAGCACCTATAAAGAAAATGAGCTTAGCCGTAACCACACAGAAATCATGCTTAAAAGTTTGGGAGCTGATATTCAAGATCAAGACGGCGTTTTAATGATTTCACCCCTAGAAAAACCCCTGGAAGCCTTTGATTTTACCATAGCCAATGATC
NZ_CP007605.1_gap39	1393978	1397460	3482	GCGCTAAAGCCTACTTGAATTTAGCGCAAAAACTGGGTTATTTTTCCAGTCAAATCCATAAGGGCGTGTGCCAAAAGATTGAACTCAGTCTTTGTGGGGAGATCAACCAATTCAAAGACGCCCTTGTAGCCTTTGCACTAGTGGGGGTGTTAAAACCTGTTGTAGGGGATAAAATCAATTACATTAACGCCCCCTTTGTGGCCAAAGAAAGAGGCATTGAGATTAAGGTTAGCCTTAAAGAAAGCGCTTCGCCCTATAAGAACATGCTCTCTTTAACTCTAAATGCGGCTAATGGTTCAATCAGCGTGAGCGGCACGGTGTTTGAAGAAGATATTTTAAAACTCACTGAAATTGATGGGTTTCATATTGATATAGAGCCAAAAGGTAAGATGCTTTTATTCAGGAATACGGATATTCCAGGCGTTATTGGGAGTGTGGGGAATGCGTTCGCTAGGCATGGTATTAACATCGCTGATTTTCGTTTGGGGCGTAACACGCAAAAAGAAGCCTTAGCGCTCATTATTGTAGATGAAGAAGTTTCTTTGGAAGTTTTAGAAGAGCTTAAAAGCATTCCTGCGTGCTTAAGCGTTCATTATGTGGTTATTTAAGGTAGTTGGATGCGAGATTTTTTAAAGCTTTTAAAAAAGCATAATGAATTAGAAATCATTGACACCCCCCTTGAAGTGGATTTAGAAATCGCTCATTTGGCCTATATAGAAGCGAAAAAACCTAATGGGGGCAAAGCCCTTTTATTCACGCAACCCATAAGAAAAGAGCATGACCAGATCAAAACCTTTGATATGCCGGTTTTAATGAACGCTTTTGGTTCTTTCAAACGCTTGGAGCTTTTATTAAAAACCCCCATAGAAAGCCTGCAACAACGCATGCAAGTGTTCTTGCACTTTAGTGCTCCTAAAAATTTCACTGAGGGTTTGAAAGTCTTAAAAGATTTATGGGATTTAAGACACATTTTCCCTAAAAAAACCACTCGCCCTAAAGATCTCATTATCAAGCAAGACAAAGAAGTCAATTTGTTGGATCTACCCGTTTTAAAAACTTGGGAAAAAGATGGCGGGGCTTTTATCACTATGGGGCAAGTCTATACCCAAAGCCTGGATCATAAAAAAAAGAATTTAGGCATGTACCGCTTGCAAGTTTATGATAAAAACCATTTAGGCTTGCATTGGCAAATCCATAAAGACTCCCAACTCTTTTTCCACGAATACGCTAAGGCTAAAGTCAAAATGCCTGTCAGTATCGCTATTGGTGGGGATTTGCTCTACACATGGTGTGCGACAGCCCCCTTACCTTATGGGATTTATGAACTCATGCTCTATGGGTTTATGAGAGGAAAAAAAGCGCGCGTGATGCCATGCCTAAGCAACCCCTTAAGCGTGCCAAGCGACTGCGACATTGTGATAGAAGGGTTTGTGGATTGCGAAAAGCTAGAGCTTGAAGGGCCTTTTGGGGATCACACTGGCTATTATACCCCCATTGAGCCTTATCCTGTTTTAGAAGTCAAAACCATTAGCTATAAAAAAGATTCCATTTACTTAGCCACTGTGGTGGGTAAGCCCCCTTTAGAAGACAAATACATGGGGTATTTGACTGAACGCTTGTTCTTGCCCTTGCTTCAAATGAACGCCCCCAATCTTATAGATTATTATATGCCAGAAAATGGGGTGTTTCATAATTTGATTTTAGCCAAAATACACACGCGCTATAACGCTCATGCCAAACAAGTCATGCATGCTTTTTGGGGTGTGGGGCAGATGAGTTTTGTCAAACATGCGATTTTTGTCAATGAAGACGCTCCTAATCTAAGAGACACCAACGCTATCATTGAGTATATACTGGAAAATTTTTCTAAAGAAAAAATTCTTATCTCTCAAGGCGTATGCGACGCTTTAGATCATGCAAGCCCTGAATACGCTATGGGGGGGAAACTCGGTATTGATGCGACCTCTAAAAGCAATACCCCCCACCCCACGCTTTTAAACGATAACGCCTTACTAGCGCTTTTACAAGATAAAATGCCAAATATCGTTCTTTTGAAGCAATATTACCCGCACACTCGCAACCCCATTTGCGTCATTAGCGTGGAAAAGAAAGACAAAAGCGTCATTGAATTGGCTAAAAACTTGCTCGGTTTTGAAGAGTATTTACGCATTGTCATCTTTGTAGAGCATACCAGCAACGATTTAAACAACCCCTACATGCTGTTATGGCGCATCGTTAATAATATTGACGCGCAGCGTGATATTCTCATCTCTAAACATTGTTTTTTTATAGACGCTACCAATAAGGGCATTATGGATAAACATTTTAGAGAATGGCCTACAGAAACCAATTGCTCCATGGAAGTCATAGAGGATTTGAAAAAGAAAGGGCTTTTAAAAGATTTTGAAACTTTAAATCAAAAATTCCACCTCACGCATTCTTTTAGCACGCATAAAGAAGATCTATTATAAAGAAGAGCTATGACAGATTATAGCCAAAGGATTGATACCCTCATCGCAAAAATAGAAAAGGCTCGCATCGCCTATTCAAGACACCACATTGTCAAAATCGTGGCTGTTTCAAAAAACGCTTCCTTAGAAGCTATCCAACATTATTATAACTGCTCTCAAAGGGCTTTTGGAGAAAATAAAGTTCAAGATTTAAAAATTAAAATGCATTCTTTAGAGCATTTACCCCTTGAATGGCACATGATAGGCTCTTTACAAGAGAACAAAATCAATGCGCTTTTGAGTTTAAAACCCGCTCTTTTGCATTCTTTAGACTCCTTAAAACTCGCTTTGAAGATAGAAAAGCGTTGCGAAATATTGGGCGTCAATTTAAACGCTCTTTTACAGGTTAATAGCGCGTATGAAAAAAGCAAAAGCGGGGTAATGCCTGAAGAAACGCTAGAAATTTATTCTCAAATCAGTGAAACTTGCAAGCATCTCAAACTTAAGGGGCTTATGTGTATAGGTGCTCATGCTGATGATGAAAAGAAAATTGAAAAATCCTTTATCACCACCAAAAAGCTTTTTGACCAAATAAAAAATGCGAGCGTTCTTTCAATGGGCATGAGTGATGATTTTGAATTAGCGATTGCTTGCGGGGCGAATCTTTTAAGGATTGGCTCTTTTTTGTTCAAAGAGTAAGATGCTAGAAACTTATGCGCTTAAAAATGGGGCTGTTTTTATCTCTGATGCGCATTTTTTGCCCAAAAGCCCTCATTTAATCCATACGCTTCAAGAACTTTTAAGCACCAAACCCCCACAAGTCTTTTTCATGGGCGATATTTTCCATGTTCTTGTGGGCTATTTACCCCTAGATAAAGAGCAGCGAAAAATCATTGATTTAATCCATGCGTTAAGCGAAGTTTCACAAGTCTTTTATTTTGAGGGTAATCATGATTTTTCCATGCGTTTTGTATTCAATTTTAAAGTAGTAGTTTTTGAGCGCCAAAACCAGCCCGTATTATTCCAATATGA
NZ_CP007605.1_gap40	1446605	1447238	633	CATAGCCCCTCCTGGCATGTAAGTCGCCCCAGCGATGCCTAAGCCAAATTCTAACCCTAAAAACATCTTTGGCGAATTGAAAGCGTCCCACAAACCGCTAAATTCTAAACCATAGGTAGAAATATAGGATTTGTGAGAAGAAAAGGTCTGATCATAAAACAACCCGTAACGAAAACCCACATGCTCTACAGCTTGCGTTTTAGCCACAAATTTCCCCCCTAACACCACACCAAAGCCATTGCCGGTCATGAAATACGATTTATCTACAGACTCGGTGCTAAAAGATGTGTTGATCGCACTAAGCTGATACCCAACCCCTAGATAAAATGTATTCCTGTCCGCAAATTTAGGTTTTTTTGATTTTTCATCAAGCTCTGCCTCTGCGGCTTGAAGCGATGATAATAACGCCATGCCCATCAATATTTTAACCGTTGTTTTATTCATAACCCAATTCCTTATGTTATCCTGCTCCACACTTGCCCCATACAGACTAAAATCAAATCACACCCTAAATAATAACAAAGTTTAAAATAAATATTAGTGATTTTGATTAAGAACGCCTATCTTTTTAGAATAAATAGCCATAATTCTTGTAAGTATGCCCCCATTTTCCTATAAAAATTCCTAAAAAGA
NZ_CP007605.1_gap41	1449164	1452055	2891	AAAGAAATGCGCAAAAAAGGCATTAAGGCCGGCGTGGCTACCATCCATTCCTTGCGCCCCTTCCCTTATGAAAGATTAGGGCAGGATTTGAAAAACCTTAAAGCTTTAGCGATTTTAGACAAAAGCTCTCCAGCGGGCGCTATGGGGGCAATGTTTAATGAGGTAACGAGCGCGGTGTATCAAACGCAAGGGACTAAACACCCCGTGGTGTCTAACTACATTTATGGTTTAGGCGAAAGGGATATGACAATCGCGCATTTATGCGAAATTTTTGAAGAAATCAATGAAGACGCTCTTAAAGGCACGCTCACGCACCCTACCCAACAATTCGTAGGCTTGCACGGTCCTAAAATGAGCTTTTTTTAAAAAGGAAATATCATGGTAAAAGAAGTCAAAACACTCAAAGGTTTTAGCCAAAGCGCTGAAAAATTCCAAGGCTCACACTTGCTTTGTCCAGGTTGTGGGCATGGCATTATTGTGCGCGAAGTTTTAAACGCTGTAGATGGGCCTATCGTTTTAGGCAATTCTACCGGTTGTTTAGAGGTATGCTCGGCTGTGTATCCTCACACTTCATGGGATGTGCCTTGGATTCATATTGGTTTTGAAAATGGCTCTACGGCGATTTCAGGGGTGGAAGCGATGTATAAAGCGCTTACGAATAAGGGCCGCTATCAAGGTCAAAAACCAAAATTTGTGGCGTTTGGAGGCGATGGGGCTAGTTATGATATTGGTCTTCAATTCATCAGCGGTTGCATGGAAAGAGGACATGACATGACTTACATTTGCCTAGATAATGAAAACTACGCCAATACCGGCGGTCAAAGAAGCGGCTCTACGCCATTAGGGGCTAGCACTTCTACCACGCCAGCGGGATCGGTGAGTTTTGGTAAAAAAGAAAAGAAAAAAGACATCGTCAATATCATGGCAAGCCATGGGGTCCCTTATGTGGCGCAACTCTCGCCTAACAAATGGAAAGACATGAACAAAAAGATTAAAACCGCGCTAGACACTGAAGGGCCTTGCTTCATCAACGCTCTTAGCCCATGCACGACTGAATGGAAATTTGAATCCAATAAAACCATTGAATTAGCGGATATGGCTGTGGATAGCTTGATGTTCCCCCTATTTGAAATCTTTAATGGCAGGGAATTGAAAATCACTTACCGCCCCAGAAATATCATTCCTGTAAGGGATTATTTAGGGGCACAAAAACGCTTCAAACACCTTTTCAAAAAAGAAAACGAACACATCATTGAAGAATTGCAAAAAGATGTGAATGAGCGTTGGGAATATTTGCAACGCAGAGAAGAAGCTAAAGTATAACTCTTTAATTAAATCAAGGGGCTTTCTTGCGCCTTGTGTGATTTTTCCCCTTGATTCTTTAAACCCCTTTAAAGTAACATAAATCCCATTTTGATTTTAAGGATTGTCGGTGTTAGAACGCTATGCGAATGAAGAAATGAAAGCCCTATGGAATGAGCAAACCAAGTTTGAAACCTATTTAGAAGTGGAAAAAGCTGTCGTTAGGGCGTGGAATAAGCTTGGGCGAATCCAAGATAGCGATTGTGAAAAAATCTGCTCAAAAGCGGCATTCAATCTTGAACGCATCAAAGAAATTGAAAAAACCACTAAGCATGATTTAATCGCTTTCACTACTTGCGTGGCTGAAAGCTTGGGCGAAGAGTCTCGCTTTTTTCATTATGGGATCACTTCTAGCGATTGCATTGATACGGCTATGGCGTTATTGATGACCAAAAGCTTAAAGCTCATTCAAAAAAGCGTTAAAAACCTCTATGAAACCCTTAAAAACAGGGCTTTAGAGCATAAAGACACGCTAATGGTAGGCAGAAGCCATGGGGTGTTTGGCGAGCCCATTACTTTTGGCTTAGTGTTAGCCCTTTTTGCTGATGAAATCAAACGGCATTTAAAAGCCTTAGATTTAACAATGGAATTTATCAGCGTGGGAGCGATCAGTGGGGCTATGGGGAATTTCGCGCACGCCCCCTTAGAATTAGAAGAATTAGCGTGCGAATTTTTAGGCTTAAAAACCGCCAATATCAATAATCAAGTCATTCAAAGGGACCGCTACGCTAGGCTTGCATGCGATCTGGCTCTTTTAGCGAGCAGTTGTGAAAAAATCGCTGTCAATATCCGCCATTTGCAACGCAGTGAAGTCTATGAAGTGGAAGAAGCTTTTTCAACAGGGCAAAAAGGAAGCTCTGCGATGCCTCACAAAAGAAACCCCATATTGAGCGAGAATATCACCGGGCTTTGCAGGGTGATTCGCTCTTTTATTACCCCTATGCTAGAAAATGTCGCCTTATGGCATGAAAGGGACATGAGCCATAGCTCTGTGGAGCGTTTTGCATTACCCGATCTGTTTATCACGAGCGATTTTATGCTCAGCCGCTTAAATAGCGTGATTAAAAATTTGGTGGTTTATCCTAAAAACATGCTTAAAAATTTGGCTTTGAGTGGGGGGCTAATCTTTTCGCAACGGGTGTTATTGGAATTGCCTAAAAAAGGTTTGAGCAGAGAATATAGCTATTCTATCGTGCAAGAAAATGCGATGAAAATATGGGAGATTTTGCAACAAGGCGCTTTTAAAAACGCTGATGAAAATTTGTTTTTAAACGCCCTACTCAACGATGAACGCTTGAAAAAATATTTGAGCGAGGACGAAATCAAAGCATGTTTTGATTACAGCTATTACACTAAAAATGTGGGGGCGATTTTTAAAAGGGTGTTTGGATAAGGCGCGTTTTTACAAAAACAAAACTATAAAATAAGCGGTAAAAAATTGAAGTTTTAAGGGGTTTTTTGAAACGAGCGTTATACTTAGTTTTAGGGCTTTCTTATGCCTTGCATGCGGATAGTTTTAAAGATGTTTT
NZ_CP007605.1_gap42	1458016	1459650	1634	TAATTAGCGATATCTTCGTTCGTAATAGGGATCTCTCCATTTCTAACATTAACAGAATTGACGCCATGCCTTTTGAGTATGTGAGAAATAGCATCATGATCTAAACTCGCCCTTATGTTTTCAGGGTGTCTAAAGTTAGCGTCTTTTAAAAGTTCTAATTCTTTGTTAGAGGCTTTTTCTATAATCATTTTTTTGTTGTTTTGGTGCATAAATTCAACGATTTCAGGGTTTAGGTTATTGACTCCAAAAATGATAGCGTCTCTCCCGCTTGTAGGGATTTCTGCGTTATTTAATAGATCTTTGATTTGCTCGTTAGTGAGTTTTTCATTAGAAAAATCGTGCGCTTTCGCTTTGATTTCTTCGCTCGCGCTTTTAACGCCGTTGTTAAGCTCTTCAATGATTTTAAGCGTGTTGTTTGAAAATTTAGCGTTTTGCGCACTTAGTTCTAATTGCTTACTAAATTCGCTTATGCTGTGGCTTCGTTCAAGCGCTCTTTTAATGTGATACTTTAACGCCGCTCCTGCGGTGGCTTCGTTTAAGGCTTTAGGTAATTTCACTCCTAAAATGCGATCGGGTGCGTTGCGGTATAGCGTCCCTAGCGTGAATTTAGTCCATTGGTATCTTAACGCTCCGCTGAGAGTGGTAGCTAACCCTTGGCTTAAATTTTTCGTTGTAGCGGGCTTTAAACTCTCGGCGATCTTAGCGTCGTTTTTAAAAAGCTTGTGAAAACCGCTCGCTATTGTTTGGAGTTTGTAAATTTAGGGGTTTGTTAAGAGAATATTTAGGCGAGACCAACAAAGCAAAGTTATAGCAAGTAATGTTTTTTGGCTAAAGTTTTTAGTATAAAGCTATTTAGTCATGAAAAATGCAATATCTTTAATTATCGCTTCAAATCAATTGCTCAAAAAACACGCTACTTAGCACAAAATAAAAAATCCTTGAATCAAGCCCAAGTTTGAGAATTATCGGCTTGAAGCATTCCTTTTCTTACAATTTTTATCAATGTCAAAATCGCATGCTTTTTGCATGTATTCTTCAGCCTTTTTTTTATCTTTTTCTACGCCTAACCCATACTGATAAGATTCTGCTAACCCTTCATAAGCCCTAGAAGAACTCATATCAGCCGCCATTTTATAATAGACAATCGCCTTATCTTTGTCTGGCTCAATACCCAACTGATCGTTCCCGCTATAATAAATATCCCCTAAAAGGATATAAGCTTCTACATTACCCTTATGCATCGCTTTTCTAAAGCACTCTGTCGCTTTCACATAGTTGCTTGGAACTCCCCTACCCTCCATATACATGATGCCTAAGTTGATATAAGCGTTAGTATAACCCTTCTCTGTAGCTATTCTAAAATACTCCACGGCTTTCTTTTCATCTTTAGGAACGCCCCTACCCTCTTTATACATCACGCCTAAATTGTTATACCCTCTAGGTATATCGTTATCAACCGCTTTTTGAAAATATTTAGCCGCTTTCTCGTAATCTTTAGGCACACCCCTACCATTTTCATACATGATCCCTAAAAGAACATAAGCAAGCGGCTCGCCATTTTTAATAGCGCTCTTATAAAAAGAAGCCGCCCGCTCATATTCCTTATTATTATAGGCTTCCTCCCCTTTATAAAT
NZ_CP007605.1_gap43	1463889	1468178	4289	CAAAACAAGCAAGGACTCTCGCATTTGGTTTAAAAAATCGCTCGTTTTTTCGTCTAATAATCCACTCATTTCTTTATTGGGGAATTGGTTTTTTAAAGACAACATTTGCGCATCTATATTCGCTTTTTCTTTTTCAAAAACTTGAATCGCTAGCTGTTTTTGATGGTTTCTTTCAAAAATTTCGGTGTGTTTAGCGAGCTTGATGTCTCTTATATCGCACTCCGTTAAATCAATCAATTCTTTCAATCGGTTGAGCGCGTTTTCTAAATGGGAATGTAAAACGACCATAACAAATCCTTTAGCTCTTGTTTCAGCCGTATTCAAGCAAATACTATGCCATTTTATTTTATTGTAAAACCCAATTTCTTAAGGGGATAGGGGGTATTTTGAAATCATTCCCCCCTTAAAGCTCCCTTATTGAATCGCTTTTAACATTTGTTTAGCGATTGCAGCAATCACATTCACGCTCATCGCATTCCCCGCTTGGGATAGCAAATGGCTTGTTTTAAAGCTAGGATTATCTTTAATCTTAGCGATCAAATCCCTAGGAAATCCTTGTAAAAGCAGGCTTTCAATAGCGTTTAATTTCTTAATTTTACCTTTTTGAATATAAAACAGGCCATGCCGAGAGGTCCTTAAAGTAGGAAAAACATTAGAATACAACCTTAAATCAGATTGTCTTGTGTCTAAAACGGCGTTTTCTAAAGTTAAGATATTTTCTAAAGAAACCCGGTTATGGTTGTATCGGTTGTGCAAGTATCTTTGAAATGCAGCGTTATTAATATCCAAATAGCATTCATTATCTGCGTCTAAAAAATCTTCAAAATGATAGTCATTGGCTAAACCTAAAGGGAAATTAAATGGGTGTTTCAAATCCTTCCTAAACCCTACAATATAAAGGCGTTCTCTGTTTTGGGCTAATTGGAAATCAGCGCTGTTTAAAATTTGATAATAAGTTGTATAACCCGCTTCTTGCAAGGCTTTGATAATGGTTTTAAAAGTTTCTTGCTGCTTATGGTTGATCAAGCCCTTAACATTTTCAAGCAAGAAACATTCAGGCTGTTTGACTTTTAAAATGCGAATAAGCCCGTAAATAATCGTCCCTCTTTCATCTTCAAGCCCCTTCCTTTTGCCATTGATAGAAAAAGCTTGACAAGGAAACCCGCTAATGAGCGCATCAAAATCGGGTAAATCATTAGGATTGATTCGCATCAAATCCCCAAAATTATGGGTATCTTTAAAAAATAATTCATAAGTTCTAAGGGCTTCATGGTTGATTTCGGCATGCCCTACGCATTTTAAATGGTATTGCTCCAAGCCCAAACGGCCTCCACCAATACCAGAACAAAAATCCATAAAAGTCAAAATTCCCAATCAATCATTCCTAACACACAACCAAAACACGCCCTATTTAAGAGAGCGACAAACTCATTTTAAAACATAAAGAAACTAAAATCTAATGGAAAACAAAACGACAGCAAGAACAAACCCCCTAGAAATGAAGCCCCTAGCTTATCCCCAATAAATCCTGTGCCATTTTGTGAGAAGTCTCATGCAAGTTGATTTTATACTGGTTATTTTCAATAGCTTTCTTGATTTCAGCTACCCTATCAAGAGCGACCTCATTGTTTTCAACTTTTTCATTCTTTTCCACACGCTTGTAATTCCCCACAGATTGCACCGGAGCAAGAGAAGAAATGGCATTGATCATTGTAAAATCCTTTAATTTAATATTCATTTCATTACAGCAAGTATCGGCAAAAAAGAAAAAAAGTTAATGGATTTTTGAAATCTGTTTTTGCAATTCCTTACCAAATTTCTTGGTGGTGGTGATGGGTTTTTTCCCGGTTTCTGCCACAGAGCCAAACGATTGCGATTGCAAACTTTTAAACATAAAAAACATTAAAAAAATTAAAATATAACAAAATAAAAAAAAGCAAATGGTAGGGAATAGCCAATTTTTGAGATTAGAACTATTCATGACCTTGCCTTTTAAATACTCCTATACCTTACTACCCATGCGAACATGAACAACCACAGCCCCCACCTTTCTTCCCGCCATGACCCCCATGACCGCCACAGCAACCTGTCCCACCGCCATGGTGTGAAGCTAAAATTTCTTCTTCACTCACTTCCCTAAAACCTAAAACCTTGAAACGAAACGCTAAAGTTTTCCCAGCTAACGGGTGGTTATAATCCACCATCACATGCGTAGCGCTAAAATCTTTGATGGTGGCTTGAATGGTTTGATTGTCTTCAGTTTGCCCAAAAACGCTCATGCCTTTTTCTAATTCAATGCCTTCAAATTGATCTCTAGGGACTTCTTGTAAATAGCTGCTTTCATAAACCCCATAAGCTTCTTCTGGGGCGATAACAACCTCTTCCCACTCGCCAATTTGAGCCTTTAATACCGCTTTTTCTAACCCTGCTATGATCTGATTAGTGCCTATAATAAACTCTAAAGGCTCTTTAGAAATATTGCTGTCTAGCACAACGCTAGAGCCTTGCTCCCTCACTTCATATTCAATCAAAGCAGCTTGCTTGATTGACTCTAAATCATGGTTTTGCATGGTGGTGTTTCTCCTTGTTTTCTAAGATTTTTTGCACCATTTTAGCTTGTTCGCTTGAAGGATACAAGCGTTGCAAAGTGTTTAAAAATTTATAATAGTTTTGATCGTCTTTGATTTTTTTAAACGACCATGCCGTATGCCACAAAAGCACAGGCATGTAAGACGCTTTTTTGTTTAAAAGAGCGCTCTCTTTGTAATACTTGATCGCTTCTCTATACCTCTTTTCCCCATAAGCCACTTCTCCAAGAACATAACGCACATAATAAAGTCGGTAACTATTAGCTTCTAACCACAACAAACGCTCTTTGGCTTCTGCATAGGATTTGTTTCTAAAAAAAGACAGAGCTTCTTCAAAAATCTCTTTTTGCTTAGACAAGTCTTTATCAAACTCAACTTTCGCCTTTTCTTGAGTTTTTCCCCCTTGATTTTTTGGGGATTCGGCTTTCAAAGGGGGGTTTTTATTAGCCGGAGCGCTTGATTTGAGCGACTTTTCAGCTTTTTCCTCTTGTTCTTTGAGGGCTTTTTGGATTAAGGCGATTTGTGAAACCAAATCCTGGCTTAACTTGGTCAATAATTCACTCATCTCTTTATTTTGCTTGTCTAACTGCTGGATAGCTTGCTGGTTAGCGTGAATCTCATTCCTCAAATCCTCCAAAGTTTGCGATTGCTGCTTAAGCGTGTTAGCCTGCACTTCTTGCGAAGCTTTTAAGGCTCGTAAGGATTCTTCTTGGGAAAGGATAGCGTTATTGAGATCTTTAATCTTATTAGCCTGCCCTTCATAAACGCTCCTTAGACCCTCTTGAGCTTGAGTGTTGGCCTCTACTTGCGAATGGATTTTGGTCAAAATATTAGAAAAATTCTTACTATTGACTTGCAACTGCTTGAGTTCTTTTTTGGTAGCCCCGCTTTGCAAATCAAACGCTGAAGGCTCCCCATTGAGAAAAAAGGGAGCGATAAAAGGGATAAAAAAAAGCCTTTTCATCCTAGAATTACTTCACTAATTTGACATCCACTCTTCTGTTTTCTTTGTAGCATTCTTTAGTTTTTTGGGTGCATTTGGGTTTGGTTTCACCAAAACTGATGGTTTTGATCATATCTTTTTCTACCCCTTTAATGACTAAAGCGTTTTTCACGCTCAAAGTCCTTTTAACGCCAAGCGCTTGGTTGTATTCGCTAGAGCCAAATTCATCGGTATTGCCTTCCAAAAGCACTTGCATGTGGTTTTCTTTAGCTTTTTGCACGATCTCATCTAAAGTCTCTTGATCGGATTCTTTGATTTCATACTTGTCAAAATCAAAATAAATAGAAGCGATGATAGTCCCGCTCTCAACAGCCGGCTTTTCTTCAACCACTGGAGCTGGCTCTTGTTTAGGCTCCTCTTTCTCTGGAGCTGGTTCTGTAGTAACAGGTGCAGTCTGAACCGTTTTAGCACTCACATCACCAGCCACGGTTTCTTTATCCATGTTGTGTTTACAACCAGCTATGAATAAAAAAGCTACCAAGAAACTAAATACAGAAGATCTCTTCATTATAAATTCTCCAAGAATAAAATTTTAATAAATGTAAATATTAACTCACATTCGCTTAATTTAACCTTACCAATCAAAGGCTTGTATTTTCACATTCTTTAAAGGGAATAAAAAACTCTGATTATAGTCTAGCAAAATAAGCCCCATGGCGTATTCTTGGGGTGTCTTTTTGATATACATGATATTTCTC
NZ_CP007605.1_gap44	1597484	1602140	4656	GAGCATCAAGAAGAGGATTTGGATTTTAAGGGATTGTTAGAGATTTTAGAAAAAGATTTTTTATCCTATCAGCATAAAGAATTAGAACACAAGAAAAATCACATCATCAAGCGATTGAATATGCAAAAAGAACGCTTGAAAGAAAAATTAGAAAAACTAGAAGATCCTAAAAATTTACAGCTGGAAGCGAAAGAATTGCAAACTCAAGCCTCGTTATTGCTCACTTACCAGCATTTAATCCATAAACATGAAAGCCGTGTGGTTTTAAAGGATTTTGAAGATAAAGAACGCGCGATTGAAATTGATAGGAGCATGCCCTTAAACGCTTTTATCAATAAAAAATTCACTCTCAGCAAAAAAAAGAAACAAAAATCGCAATTTTTGCATTTAGAAGAAGAGAATCTAAAAGAAAAAATCGCCTTCAAAGAAAATCAAATTAATTATGTTAAAGGAGCCAAAGAAGAAAGCGTTTTAGAAATGTTTATGCCATTTAAAAATTCTAAAATCAAACGCCCGATGAGCGGGTATGAAGTGCTGTATTATAAGGATTTTAAAATCGGTTTAGGGAAAAACCAAAAAGAGAATATCAAACTCTTACAAGACGCAAGGGCGAATGATTTATGGATGCATGTAAGAGATATTCCTGGATCGCATTTGATCGTTTTTTGCCAAAAGAATGCGCCCAAAGATGAGGTCATTATGGAATTAGCCAAAATGTTGATTAAAATGCAAAAAGATGTGTTTAATAGTTACGAAATTGACTACACGCAACGAAAATTTGTCAAAATCATCAAAGGAGCTAATGTCATTTACTCAAAATACCGAACTATTAGTCTAAAGGACACTTAAACACTTAAGGAGGTTAGCATGGGTGTTTCAGCTTTAGGCAATGTAACTTATATCAACCAAAACGCTCCTTTAAATTCTGCTATCCAACAGGGTGTAAGAAGTGATATGCTGGATTTAGCGCAAAGCTTTCAAAGTAAGCTTGAATTAGCCCAAGAGACAAGAGCGTTAGAAAACATGCAAGCTATTAGCGATAAAGACCCTAAAGAAGGCTCTAAAAACCGCTATCAAAACAGCCAAAGGGCTAAGGCGTTTGGCTTGGAAGAAGAAGAAATTGAATTGTGGCATGAAGAGCATTTGTTGGATATTGTGGGGTAGGATTAAACTAAAGGTAAAACGAGACAAAGAAAGAGACGATGCATTGCGTGATAAAGAAAAAGCCAAAGATGACGCATGCATGGTAAGAGCGGACGAGGACACCATAGAGGACGATGAGGAATATGGTGATGATGATAAGTTAAGAGACGAAATACTTGGCGTTATGGAGGAGCTATGCGATACCCTTAATGATAGCCTTAACTTCAAAAAAGTCGTGTGCATGGGCATTAAGGTTTCAATTGCGTTCGAATTTCTAATTTTTTGCTCTCAATCTCTTAGAAAAATTCAAATTCTAAGGATCTATTTTTTCGTTAGAGTTTAGAGCGATTTGGTTCATCGCACTCAAATGAAAAATTTTTGCCATCAAACTTTCTGAGAACAAGACCTGATTGTTTGCACAATTCCAATGCTTTGTTAAGCTTTTGATTTCTTATCTCTTCCAATTGTTTAATATTTGTATCAAGATAGGCTTCATAGGTTTCTTCTGTCATTATAGTTACTCCAAATGTTAAAATCATATAGCCTTTATCTTGATGATAGGCTTTAAGCCTAACAAAGATCACTAAAGCATAAACACCTAAAAGCACCAATAACCAAAGAGTTATTTTGCTTGTTATGTATAATGCTTTTTTCACTTCAATACCTAAACATAGGATTATCAAAATAATCAAACATTTTAGTATTGTTTTGTGGCTGTGTATTTTGATGATTGGAGTTAAGAATGTTGTTTGTAGGGTTTTCTAAGGGCTTTTTTGTAGCCGGCTCATCGCATTCAAACGAAAAATTGGTGCTATCAAATTTTTTAAGAACACGATTTTGTTGTTTGCAAAATTCTAAAAACTTTTGAAAATTCTCTTGAGATTTTTTTTCTTGCTCTTCTTTTTGCCTACGCTGTTCTTTAAGATTTTTTTCTCTTAAAATTTCAGTATCTCTTTTAACTTCTGCTTCTTTTAATCCAATATTGCTAAGTTTTTTAAACTTAATACAATTTTCAAGAGATTTGAATAAAGAAAGACATAAAGAATCTTCAATTTCTAATTCATCTAGTTGCTTGCCAATTTTATACTGAAACCAAATATTATTCATGTGTAATTCCTTGTGAAAAATTATTATTCTACCAAAAACAGAATAAGACAAAAATTCTAGCTATTTTGTTTTGAATTTTTAAGGGTTATGTTTTTAACAAGCTTATAAACCCACTTAATCCTAACTTGATTAAAGAAATCACAAAGGTGTTAGTAAGGATTAACAATAATGTAAAAATAAACAACGAAAACATACAGCAATCCAATGCTGATATTTACACCATAACCGCAAAAGTGGTGTTGTTAGAAAACCGCCTTAAAAAGCTAAAAAAAGAAGTAGCCAAGCTAAAACAAGCTAAAAAATAATCATTCAAATTAGCCCCTAATTAAAAGGGGCTTTTTTGCTTTAAAAAACAAACGATACCGAACTATACCATAATCCTATTATTTTAGTATAATCAAACTATGAGCATGAAAAATAAAAACAACAATGAAGTCAACATCATACAAGAATGCAAAAAGATATATGATGAGTGCGAAATAAAAGGTAAAATCAAAATACTAGGCAATATTCAAAAGTATCAAATGGATATGCTAAAATTTCACCCCTAATCAAACCCAATCAAACAGCGCTCGTTTAACTGGTTGCTTTTATGATATTGAACAAACCCTTTGTCCTCTCAAAAAGAGAAAACGGCGGTGGAGTCTCTTGGTGTCTGGCTCTTGGGGGTCTTTTGATTAGGGTGTTAGTGCATTTGGAAAAATCAATCAAATCCATTGTCGTTTTGATGTAACTGGGCAAGTTTAATAAGCATATTTCAAAGAGCTTATAGCTCGCTAAAGCGTCCGCATAGGCTCTATGGCTGACTTCTATGCCAAACCCTAAAAGCTCTTTTAAAAAGCTCAAAGAATAACGCATGGACAAAATGGCTCGTTTGGATAAATCCAAAGTGCAAAGCTTTAAATTCAATAAGGGGCAATGCAATTTTTCTACAAAATAACGCCCTAAAAAGTTGTAATCAAAATTAGCGTTATGGGCTACAAACACGCTATTGCCTAAAAAAAGCCGCAATTCTTGCAAAGCTTCATGCGCGCTTGGGGCGTTTAGGGTGTCTTCATAAGTGATGCCTGTAAGCTCAGCGATATAATCAGGCACGCTTTTGACTTTCACAAGGGTTTCAAAACGATTGATAATTTCCCCCCCCTTCACTTGCACGGCTCCGATTTCTAAAATCTCATGTTTTAGGGGGCAAGAGCCGGTGGTCTCTAAATCAATAAAGGAAAAAACCTCATCTTTAAGGGGGGTTTTAAGGTTTTTGAGCGTGATTAAATTTTCGCTCGTTTCTACGAAATTAAGCCCGCACGCTTTTAAATATTCTAAATTGATTTCATCATAAATAAGGCGAGAGAGCGATTTTTCTAGCATGCATAAGCTTAAATCCTGGTGCTTTAAGCGAGCGATTAGGGCTTGAATATCTTTATGCAAGAGGCTGTCTGACATTCTGTAAGCCTTCAATAGCCAGCTTACGATCTTTGGATTTAAAAATATAACTCCCTGAAACCACCACATCCACGCCCGCTTGTTGGAGTTCAAAGATATTTTTATCATTCACGCCCCCATCCACTTCTAAAAGACAGCTGGGGTTGTAGCGCCTAATCAATTCCTTGACTTTCAGGCATTTTTCTAGCACCAGATCTAAAAACTTCTGCCCGCCAAAGCCCGGATTCACGCTCATTAAAAGCACTAGCCCCACGCTTTCTAGCAAGTATTTAATGCTTTCTTCATGCGTGTGGGGGTTTAGAACAACGCCTGGCGTGATGCCTAAACTTTTAATGAGTTGCAACACCCTGTGGGGGTGCTTTTCGTTTTCTGCATGAATGCTGATGATTTGCGGGTTTAAAGGAGCGAATAATCCCACAAAAAAGCTCGCGTTTTCTACCATTAAATGCACATCTAAAGGCACTTGGCTCATTTGAGTAATGTTCTCTAAAACCACAGGCCCCATCGTTAAATTAGGCACATAATGCCCATCCATCACATCCACATGCAAAAAATCAGCGTTACTCACGCTCTCTATCTCTTTGGCTAAATGCATAAAATCAGCGCTCAAAAGGCTCGGGGCTACTTTCAAAATACTTCCCTATTTCCAATGTTTTAAAGTAAAATATTAGCATCTTTAATCAAATCATAAAAGGGTTTTTATGGATTACAAACATTTTAAAGGCAAGCATGCAAACATCGTTATAGAAATCATCAGTCTTTTAGAAAAAGGGGTTAAAAAAGCCCAAGAGATTTTAGAAAAGCCGGACGCTGGGAGTTACACTAAATTAGAAAACAGCAGTGGGGATACGCCTATTAAAGCGGATTTAGCCCTAGACAAATTTTTAGAAGAAAATTTTTTGAGTTTAGAAAATGTCAAAAGCGTTTTTAGCGAAGAAAAAGAAACGCCTGTTACTAAAGAAAACG
NZ_CP007605.1_gap45	1632392	1635156	2764	CAGTGGTGCTGTATCATTATGGGGAATTCCATTTTTTCATACGCCAGCTTTTAAGCGCGATCATAGGGATTGTTATCATGTGGGGGTTGTCTAGGGTTGATCCTAGCAAGTGGTTTAGCCGTTTGGGGTTTTTTCTTCTTTTTATCCCACCATTACTCATTATTGGCATGTTTTTTTTGCCAGAAAGCCTTTCTAGTAGCGCTGGGGGGGCGAAGCGATGGATTCGTTTGGGGTTTTTTTCTCTAGCGCCTTTGGAGTTTTTAAAGGTTGGTTTCACCTTTTTTCTTGCGTGGAGTTTGTCTCGCACATTTGTGGCAAAAGAAAAGGCTAATGTTAAAGAAGAACTCATCACTTTTGTGCCTTATTCAGTGGTGTTTGTGGCCTTAGCGATTGGGGTGGGGGTTTTGCAAAACGATTTGGGGCAGATCGTTCTTTTGGGGGCGGTTTTAGCGGTGTTATTGGTTTTTTCTGGGGGGAGTGCACATTTGTTTGGCTTGATTGTTTCAGGGGCGTTTGCGATCAGCGTTTTAGCGATTGTTACAAGCGCTCATAGGGTTTTGCGCCTAAAATTGTGGTGGTCTAATTTGCAAAATTCGCTTTTCACGCTCTTGCCGGATAAATTAGCGAACGCTCTTAGAATAAGCGACTTGCCCGAATCTTATCAAGTCTTTCATGCAGGCAATGCCATGCATAATGGGGGGTTGTTTGGGCAAGGGCTTGGGCTTGGGCAAATCAAGCTTGGGTTTTTGAGCGAAGTGCATACGGACATGGTTTTAGCTGGGATCGCCGAAGAATGGGGTTTTTTGGGGTTATGCGTTTGTTTTATTTTGTTTTCTGTTTTGATCGTTTTAATTTTTAGGATCGCTAACCGCTTGAAAGAGCCAAAATATTCGCTATTTTGCGTGGGCGTGGTGCTGCTCATCAGTTTTTCTTTGGTGATCAACGCTTTTGGAGTGGGCGGGATTCTTCCGGTCAAAGGTCTAGCGGTGCCGTTTTTGAGCTATGGAGGGAGTTCGCTTTTAGCGAATTGTATCGCTATAGGGCTTGTTCTAAGCCTAGCACGATACACAAAGGGCTAAAGAATATCAGCCCCTTTTTAAAAATCAGTGCCACAAAAAGGGTTCAACTTCTGTGTCATTCAAATCAAAAACCACTTTATAATAATCTTTGACTATCGCATTAATATCCACGCCCTTAAAGGCTTCGGGGTGGGCTTTTAAAGCGATATACAAGCTTATGAGTGGGGCTCTAGGCCCACCAATATCCATTGTGGGGAGTTTATAAACTTGCTTGTTTTTAATGGCTTTGATAGTGGAAAACTTAGGGTTGTTCAACACGTCTTCAGGAGTGAGCGGACTTATCCACCAAATAAAGATAATCTCAGGGTTTTCTTTAACGATTTTTTCCACGCTAATGTCAGCACGTCCAAATTTGACATATTTCAAGCCAAAATTGTCTATGCCTCCTTTTTCTAAAATGTCTGAGCTAATGGCTTGATGGCCGCTAATCTTATTGGCCTTATGGAAAAGCTCCACCCCTTTTTTCTTTTTGACACCTTTCAAACGCTCAGCAATAAAGTCCAAAGTTTTTTGCATTTTGGCCAGTTTTTTAGAAGCGTCAACTTCTAAGGCCTTAGCTTGAGCTTGCATAGCTTGCATGGCCTCTGCAATCGTTGTCTCTTGGAAAGAAAGGAATGAAATCCCAAATTTTTTCGCATGCTCTACCGCTTTAGGGTTGCCCACAAAGGTTACCACAAGATCAGGGCTAAGCTTTTTTAATAATTCCACATTCAATGCGGCTGTATGATCGCTGCTCATGGATTTAATGCGTTTAGGATCTTTGAGAGTGGCTTTAACAATGTCGTCTTTAAAAGCGTAATCCGAAACGCCTACAACCCTATTCCAAACATTAAGCATGGCAGGCACTTCTACATAGCTCCCTATATAGGCTATTTTAGAAACAGGAAGCTTTATGGTTTGCTCCCCGAAATAATCCTTGACTTTGACTTCTTGCGCTGAAGCGTTGCACACATTCAATAATAATGAAGCGACAAGCGCGCCTAAAGAATAAGAAATGAAAGCTTTTTTAAAGCGAGTAACTAACATAACGATCCTTTTTGTATGATTTATAAAGCGATTATAACATTACTAAGAAAATAACAATAGTAAAAATGAAACTATTTTTCATAAAATCTTAAAAGATGAAGGTAAGATAAAAATTAGGGGAGAAAATTTTAGCCACAAGGCTTGTTTTAAGCCTAGCGCGATACACAAAGGGCTAAAAAGATTAACCCTTTTTAAAAATCAGTGCCATAAGAATGGCTCAATTTCCGCATCGTTCAAATCAAAAACCACTTTATAATAATCCTTAACAATCGCATTAATATCCACGCCCTTAAACGCTTCAGGGTGGGCTTTTAAAGCGATATACAAGCTTATGAGTGGGGCTCTAGGCCCACCAATATCCATTGTGGGGAGTTTATAGACTTGCTTGTTTTTAATGGCTTTGATAGTGGAAAACTTAGGGTTGTTCAACACGTCTTCAGGAGTGAGCGGACTTATCCACCAAATAAAGATAATCTCAGGGTTTTCTTTAACGATTTTTTCCACGCTAACATCAGCGCGCCCAAATTTGACATATTTTAGACCAAAATTATCTATGCCCCCTTTTTCTAAAATATCTGAATCAAGGGCTTGATGGCCGCTAATCTTATTGGCCTTATGGAAAAGCTCCACCCCTTTTTTCTTTTTGACACCTTTCAAAC
NZ_CP007605.1_gap46	1658560	1659060	500	AAAATAATGGCTAAAAAGAAAATAAATACACAAATAAGAATGCGGGTTGCATCAGCTTCGTTAGAATTTGTTTTAGAGGTTTCACCAATAGATTGTTTCATATCATTAGCTTCATTTGTTTGTTGTGTTTCTAGGTGTAAAGATTTACCGGAATTTGCTTTAACAATTCCATTAATAACATTAATAAGTTGTTCCATGTCTTCTTGCTTCTGATCTGAATGCATGACTAAACAGCACCAAACAGTCAGTATTACCCATAAAAAAAATGACTCTAAAATCAAAGAAATACCGAAAACTCCACCTCCTGAAAAAACAAAATCAAAAATATTATAACCAAAAATGATCCAAAGAATAAAGCTGAATACAGCCGAAAAAATTCTATCTCTTAAGAAAAAGGCTAACCATGGAAAAAATACAGCTAATGTATAAATCACAATTGACTCCTTTAATTTTATTCCTACCGCTCGCTCAAATCCCACCAACCCCCTCTTTTAGTGAAG
