gap_id	start	end	length	sequence
NZ_CP076323.1_gap1	2890	7074	4184	GACTCTGCTGGACAGAGGCAAGCTCTACACTGTTGAAGAAGCAGTAAGTACTCTAAAGAGGATACACCAGGAAGCCGGTGCCAAGTTTAACGAGACGGTGGAGCTTGCCATGAGACTTGGTGTGGACCCCAAGTATGCGGACCAGATGGTGAGAGGATCCTTAGTGCTTCCCCACGGCCTTGGTAAGGAAGTTAAGGTGCTGGTCTTGGCAGAAGGTGAGCAGCAAAGAGTAGCCCAGGAGGCAGGAGCGGACTATGTGGGTGGTGAAGACATTATAAACAGGATACTCAAGGAAGAGTGGGTGGATTACGATGTGGTGATAGCCACGCCTGAGATAATGCCAAAGGTGGCCAAACTTGGTAAAATACTCGGTCCCAAAGGGCTGATGCCAAACCCCAAAACGGGCACAGTCACACCCAACATAAGGCAAGCTGTGGAGGAAGCAAAAAGAGGTAGAGTTGAGTTCAGGGTGGACAAGACGGGTAATATACACATCCCCGTGGGTAAGATTTCTTTTGATGAGAAGAAGCTTGTAGAAAATGTGTATGCAGCCGTTGATGCTATAGTTAAAGCCAAACCGCCAGGTGCAAAAGGTCAGTATGTAAGGAGCATCACCTTATCCAGTACAATGAGCCCAGGCATTAAGGTGGACATAGCTCAAACCCTTAGGAGACTCCAAGAGCTTGCCGCATAAGGAGGTCAGCATGAGAAAGAGCTGGAAGGAGAAAGAGCAGAAAATAAGAGGTTATAAGGAGCGTTTTGACAGGTCCAATCTTTTGATATTTTTAAACTTTACTGGCGTAGATGCTGGGAGTATGTCTAAGCTGAGAAGCGAGATAAAATCTGCTGATGGTGAGATACTTGTGGGTAAAAACACCCTTCTTTACAGAGCCTTTATGGATACTCCTCTGTCGGACCACAGGGAGGTACTGGTGGGACCTACTGCGGTAGTGTTCTCTTACGGTGACCCTGTCCTGATAGCAAAGAAAATCTACGACTTTGGGAAGGAGCTAAACAAGGACAACCCCTTAGAGAAAGTGAAAGGTGGTTACATGCAAGGTAGGTTTTTAATGCCTGCGGATGTGCAATCTCTTGCGGAATTGCCACCTGTGGAAGTCCTTGTCTCCAAGCTTATGGGTACCCTTCAGGCGCCTCTTATAAACTTTATTATGGCCCTTAAGGCGGTGCCCCAAAAGCTGGTTTTAACTTTAAAAGCTTTGGAAGAGAAAAAATCTTAAAGGAGGTTTTACAGATGGCTACACTTACCATTGACGAGATCGTTGAGGCAATTGGCAACATGACCCTTCTTGAGGTTGCCGAGCTGGTAAAGAAGCTTGAAGAGAAGTTCGGTGTATCTGCAGCTATGGTAGCTGCTGCACCAGCCGCTGCACCGGCGGGACCTGCTGCCCCTGCGGTAGAGGAAAAGACAGAGTTTGATGTAATTCTCAAGAGTGCTGGAGCCAACAAGATCAATGTGATAAAAGTGGTAAGGGAAATAACAGGCTTGGGACTCAAAGAAGCAAAGGATCTTGTGGAATCAGCGCCAAAGCCGGTGAAGGAAGGAGTTTCTAAGGAGGAAGCGGAAAACATCAAGAAAAAACTTGAAGAAGCGGGTGCAGAAGTGGAAATAAAGTAATCCTAAGGAAGGTATGAAACTCTCTGAAGGTGAAGCCCCCAGTGCAGTGTGGGGGTTTTTCTTTTTACTTGACTTTTTAGTTAACCTACTTTATACTTATAAGTTTCCCAGAGTATATAAAGAGGGTTAGACCATGAGAAGAAACTTATCCTTACCTAGGAAGTTCTTTGGAAGAAGGTCAGAAATACTTGAGCCTCCCCACCTTCTGTTTTTACCAAAAGAATCCTTTGAGAGCTTTCTGCAGTTTAAAAAATCTCCCCATGAGCGCGAATCTAAGGGTCTTGAGTATATATTCAAAACCTCCTTTCCCTTCAAGGACCCAGATGAGAAGATCACCGTTGAGTACTTAGGATATGAGGTAGGCGAGTGGGAGTGCAATAGGTGTGGATACAAAGCATACAACGACCAGAGTTTTCTTGGTGGATATGGAGTAAAATGCCCCAAGTGTGGTACATTGCTTACATACAAGGAAAAGTATACGGTAGAAGAGTGTAAAACTAAGGGATTTACTTACGCGGTACCCTTGAGGGTGCTTGTGAGGTTAAAGGTGAAGACCAAAAAGGGGGAAAAGGCTCTTGAACCCAAAAAGGTTTACTTTGGCGAAATACCTATGATGACAGAAACAGGCTCCTTTGTGATTAACGGAAGCGAGAGAATAGTGGTAAGTCAGCTTATAAGATCTCCTGGCGTGTTTTTTGAGGAGAAGGAAGAAAGGCAGAAAGACACCACCATAGTAAGGATCATATACAGAGCCAGCATAATACCAGACAAGGGTTCAAGGATAGAGTTTGAACTCTCAAGCACTACAGATATCCTGACTGCGAGGGTTGACAAGAAGAAGATAAGCGGTTCGTACATATTCAGAGCCTTTGGGTTAGAAACCGCCTATGACATTCTAAAGTACTTTTATCCAGAAACCAGAGCCTTCTTTTCAGAAGGTGGGCGTCTGTTTGATAAACAAACGGGTGAAGAATACAGAGTGGAAGACCTATCTAACAATTACCTGTTTGCTATTCTTAGATACAAAGGAAAACTTGAAGGAAAGGGTAAAGAGGAAGAATTCTTAGAGGAGAGATATATAGAGGATGCTGAGGACCTCAAGAGACTGCTCAAAGACGAGAGAATAAGGCTGGACCTTTTGACAGCAGTACCTAGAGATAGCGCCGTCAAAAGCCCTTATGGAAAGATCATTATAGAAACTTTAATTGCGGAAACTTCACCGCGGGACCCTGACAAAAGAAGTCCTATTATAATACCTGCCCGTTTTACCTTTAGAGACATAGCTCTTGTAGATATATACAAGAAGCTAAGAGCTGTAGAACCTATGGTGATGGAGCTGGAACACCTGGTAAGCAGGGCAAGGTCCCACTTCTCCCTTTACTTTGAAGACATAACCAGGTACGACCTTTCAAGAGTGGGAAGGGTGAAGATAAATGCAAAGATTCACAGACCACCAAAGGTGCTAAAACCCGCGGATGTGGAAAGGCTCTCAGTCTTACCTCCTTTAGCTCTCGCCGAGAAGGTCGGTGGATACATTGAGGGTGAACTTATAACAGAGCAGATGCTAAAGGAGGTCTTCAAAACAAAGGATCAGGTAAGGGTAAGGGATTATACGGAAGGTGCCGCGCGATTTGTCCTGCCCGTAGACCTGGTAAATACGGTTAAGTACCTGATAGACCTTCGCTTTGGTAGAGAGAAAAAGGATGACATTGCTTACCTGGGCAACAGAAGGGTGAGATCCATAGGTGAACTGCTTGAAAACCAAGCCCGTATAGGTGTGGCGCGTATGGAGAAGTTTTTCAGGGATAGATGTACCGTTGCCAATCCAGAAGACCCACACTTAAAGCCTCAGGACCTCTTAAATCCCAGATATCTTACCAGCGCCCTTTACGAGTTTCTCAAAGGCGGACTTCTCTCTCAGTACCTTGACAACACAAATCCCCTCTCTGCGCTAACCCACAAGAGAAGACTATCCGCTCTGGGTCCTGGAGGACTCACCAGAGAAAGCGCCAAGTTTGAGATAAGGGATGTACACCCCTCTCATTATGGCAGAATATGTCCTATAGAAACACCAGAAGGTCAGAACATAGGATTGGTTACCTCTTTAACTGTGTACGCCCAAATCAACGAATTTGGCTTTATCATAACACCTTATAGGAAGGTGATAGACGGAAAAGTTACTGACGAGATAGAGTATCTTGCAGCCTATGAAGAGGAGAATTATGTCATAGCCCAATACACGCCCACCGATGAGGAAGGCAAAATAAATGCGGATAGAGTTCTTGCAAGATACAAAAACGACATCCAGATAGTAAAACCTCAGCAGGTAAATTACATGGATGTCTCTCCAAGACAGGTGGTTTCGGTGTCCGCCTCGCTGATTCCTTTTCTTGAGCACGACGATGCCAACAGGGCACTAATGGGTTCCAATATGCAGAGACAGGCAGTACCTCTGGTGTTTACATCCTCTCCTTTAGTAGGTACAGGAATGGAGAAGAAGGTAGCATACGACAGTGCAGCTGTAATCGTTGCCAAAAGGGGTGGAATA
NZ_CP076323.1_gap2	12558	15234	2676	CGGGGAAAACATCCACAGTAGTGTCTTTTACAAGACCAAAAGATGCCATGCTCCACACTCCAAGAATAGTAGTGGCTACCCCAGATGGTAGAGAACTCACCTATGACCTACCCGTCAATTCTATACTGAACATACCACCTGAACACATACAGCTCGAGTGGAACATATGTCCTACATGTAGCGAATCTGAAGGCACTGAGATACAGCACAAGTATTATGTGGTGAAGGGCTATCAGGTGAGTCCGGGAGATGTGCTGGCAAGAATACCCAAGGAGATGGCAAAGGTTAGGGACATAGTAGGCGGTTTGCCAAGGGTTGAAGAGCTGTTTGAGGCAAGGAAGCCCAAAAATCCTGCCATACTCACTGAGATAGATGGCACAGTAAGAATTTATGAGGATGCGGATGAGGTGATACTTTACAATCCCAAAACTGGTGAAACAAGAAAGTACGACATAAAGAAGGACGAGTACATTCTGGTAAGCCACGGTCAATATGTACAGAAGGGAAGTAGCATAACCGAGAGTGTGAAAGCTGAAATAGATGGGCAAGTAAGGATAAAGGGAAGAGGGTATAAGATTGTAGTTTATAACAAAGACACCGGACTCCAGAGAGAGTACTTTGTACCAAAGGGCAAACACCTTCTGGTCAAAAACGGTGATACAGTAAGCGCTGGAGACCCACTGACAGACGGAACACCCGTACCCGAAGAGATCCTCAGGATAAAGGGCATAGACGAACTTCAAAAGTTCCTACTCAAAGAAGTGCAAATGGTTTACAGACTGCAAGGTGTTGACATAAACGACAAACACTTTGAGATCATTATAAAACAGATGCTCAGAAAGAGGAGGATAGTAGACCCTGGAGACAGCAGGTTCTTGGTGAATGAGGAGGTGGATGTAGAAGAGCTTGAACAGGAAGTTCAGAGGATAAAAGAAGAAGGAGGTAAACTACCCAAAGTAGAACCCATCTTGGTTGGCATATCTAAGGCTGCACTCACCGCGAGAAGCTGGATATCCGCAGCATCCTTCCAAGAGACGCCTAAGGTACTAACGGATGCTTCGTGCGAGGGCAAAGTAGATGACTTGAGAGGAATAAAGGAGAATGTAATTATAGGAAACCTCATACCTGCTGGAACTGGTGCAGGAAAGTACGCTATGGTCAAAGTTATTGAGGAGACAAAGGCAAAAGCTCTAAAGGATGTGTTATAATAATAGACTGCTTGAAAGGAGGAGATGGTATGCCTACCATAAACCAGCTTGTAAGGCAAGGCAGAGAGCAAAAGAGAAAAAAGAGCAAATCCCCTGCTTTGCAGGGTAATCCGCAGAAGAGGGGTGTATGTGTAAGGGTGTACACAGTGACGCCCAAAAAGCCAAACTCTGCTCTCAGGAAGGTTACAAGGGTGAGACTTTCAAATGGTATAGAGGTAACTGCCTACATACCTGGTGAAGGTCATAACCTTCAAGAGCACTCCATAGTGCTGGTAAGAGGAGGAAGAGTAAAGGACCTTCCTGGTGTGAGATATAAAGTGATAAGAGGGACATTGGATACTGCCGGTGTGGCTAACAGAAGACAGTCAAGGTCCAAATACGGTGCTAAGAGACCAAAACAAGCTCAGGCAGGAGGTAAGAAGTAATGCCAAGAAAGGGACCTGTTCCTCCAAGAGAAGTGATGCCAGACCCTGTTTACGGAGACGTCTTAGTAGCTAAGCTAATAAACAAAGTGATGAAGGATGGTAAAAAGAGCGTTGCAGAGTACATAGTATACACAGCCTTAGAGGAGGCAGCAAGAGAAGCAAAAATGACGCCCACGGAACTCCTCCATAAGGTGATAGAGCAGTTAAAACCCGAGTACGAGGTAAGACCAAGAAGGGTAGGAGGAGCCACCTACCAAGTACCTGTGGAAGTACCGCCCAGAAGGCAGATAAGCCTGGCTATAAAGTGGCTGGTAGATGCAGCCAGAACCAGAGGGAAACACAGGGGAAGCTATACCATGGTGGAAAGATTAAAGGCGGAGCTTCTTGATGCTCTTGAAGGCAAGGGTGGTGCTATAAAGAAGAAGGAAGATACCCATAGGATGGCAGAAGCCAACAAAGTGTTTGCTCACTTTAGGTGGTAAAGGAGGAAAGAAGATGCCAAGAGTGGTACCCATAGAAAGGCTAAGGAACATAGGAATAGTTGCCCACATAGACGCAGGAAAAACCACAACCACCGAAAGAATACTCTACTATACAGGAAAAACCTACAAGATAGGTGAGGTACACGAAGGTGCAGCCACCATGGACTGGATGCCTCAGGAGAAAGAGAGGGGTATAACCATAACCGCAGCAACCACCGCATGCTATTGGAAGGACCACCAGATAAACATCATAGACACACCCGGACACGTGGACTTCTCTGTGGAAGTGGTGCGCTCTATGAAGGTGCTGGATGGTATTATCTTCATCTTCTCAGCGGTAGAAGGCGTCCAGCCACAGTCAGAAGCCAACTGGAGGTGGGCAGACAGATTTGGTGTGCCAAGAATTGCCTTTATAAACAAACTGGACAGGCTCGGCGCGGACTTTTATCGAGTTTTTAACGAGATAGAAAAAAAGCTCAGCATAAAGCCCGTTGCCATTCAGATACCCATAGGTGCCGAGGACCAGTTTAAAGGTGTGGTGGATCTCATGAGCATGAAAGC
NZ_CP076323.1_gap3	214897	219568	4671	TTCTAAACAAGGTAGGCATCTTTATATCTCCTTTGAAGAGAGTAAATTATATCACAATGTCTTTTAAAGGCAAGGTTATAGTGCTTAGGCGCCTTGTGGTGGGAGATGAGGACCTTCTGGTTAAGGTTTACGGTTGGGGAGGACTGATGAACATGCTGGTTAAAGAGGGTGCTCTTCCGAGTAGCAGATATGTGAGCATTTTTGAGCCTTTCAATGTGCTGGAGCTATCCTACAGACAGGTGGGTGAAATTATCCTCCCTCTTGATGTAAGCAAGGTAAGATACCTATCTTACTTGGCTCTTGAGAGCTACGAAAGGTATATGTGGATGTGCCATCTTGGTAATTTCTTCTTGAGGTGGGTAAGGTACTACGACCAGCAGCTGTTTGACCTTTTCTTGTTTTACCTTTCCGCAAAGGTAAGAAATACGAAGGTGTTTCTCATAAGGTTCAAGCTGGAGGTGCTAAAGGCTATGGGGCTTTATAAGGAGGAGCTGTTTGAAGAGGATTTAAGAAGAGCAGTAAGGGACATAAAGAGGGGAAGCAGGCTATTTTTGGAGAGGATGAGGCTAAACCAACAGCTGGCAGAGAAGATAGAGAGAGCTATAGAGGATCAGCTTAAAGAGTCTTTCTAACTCAGCATCTGTAAGCATTTATTATCCTCTCTATTATGGCGCTGGTGGAGATGTTAAACTCAAAACTTATCCTTTCAACCCTTCCACCGTAAGATAAGACCATATCCGCACCTACTATATCTTTTAAATCCCAGTCTGAGCCTTTTACCAGCACATCAGGTTTTATAAGTTCTATTAGTCTTTCTGGAGTATCCTCTTCAAAGATCACCACATAATCAACTCCTTTTAGGCTATCCAGCAGATAAGCTCTCATCTCCTGCGGTATTATAGGTCTTTTTTCTCCCTTTATCCTTCTCACAGAAGCGTCCGAGTTTAAGCCTACCACCAAAATATCCCCCAGCTCTCTGGCTTTTTTCAGATAATAAGCGTGTCCAGCGTGAAGTATGTCAAAGCATCCGTTGGTAAAAACTACCCTTTTGCCCTTTTCTCTCTCCTCTTTCAGCACCTTCAGAAGCTCTTCCAGCTCAATTATCATACCTTCTTAAAAGTATAGCTGATGAGTAAATGCCTTCGTACTCTCTGGCGCTCTTTTGCCATGAGAAGTCCATAGACATGCATCTTTTTATTAGCTCAGACCACCTTTTGGAAGCATCGCACTTTTCCATCTGATAGTATACAGCTGCTTTTAGCATGGCATGCAAAAGCTCTTCTGGTTTATACTCTTCAAAGACAAAGCCTGTGCCTTCTTCGGGGTTTTCTGCTATGTCAATGACGGTATCCTTTAGCCCTCCCACCTTTCTAACCACAGGCACTGTGCCGTACCTCATGGCTATCATCTGGGATATACCGCATGGTTCAAATAGAGAAGGCATAAGAAATATGTCGCTACCTGCGTAAATTTTGTGAGCCAGCTCCTCGTTGTACTCTATCCTGACCCTCACGCTTTTGGGATACTTTTTCATAAACTCTATGAGCATGTTCTGATACACCTCTTCGCCAGAGCCCAAAAAGACAAACTCAAAGCCCAGAGCTACCGCCTCATCTATTACGCCCTTTATGATGTCAAAGCCCTTTTGGGATGTGAGCCTTGAAACCATACCCACCAAAGGCATGTCCTCCCTGTTGCCAAGACCAAAGACTTCCTTCAGGTGCTTTTTGTTTTGCTGCTTTCCCTTTTTGAAGTTCCTTATGCTGTAATACGCCTTTATGTATCTGTCCTTTTCGGGATCCCACACCTCGTAATCTATGCCGTTGAGCACGCCAAAAAAGTACTTTTTCTCCCTTATTACACCCTCAAGACCGTAGGCATACTGCTTTAGTTCCTCCGCATAAGAGGGACTTACTGTTGTAAGAACATCGCAGAAGTTTATGCCAGCCTTCAGAAAGTTTATCTTTCCGTAAAACTCAATGCCTCCAAAAGGATGAAATACCTCCCACGGAAGACTCAAGTTAGGCAGAAATCTGCTATCAAATATACCCTGGTGCATACCGTTGTGTATGGTAAATACAAAAGCTACCCTGTTTAAATCCTGATAGTAGAGCTGCTTGTAAAGACCTACCATAGCGGTATGCCAGTCGTGAGCGTGTATTACATCAGGAGCTATTCCTGTTTGCCTTATTACCTCAAGACCAGCCAAACTGAAAAATCCAAACCTCAAAGCGTTGTCCTCGTAGTCTCCCTTAGGGGGTGCATAAACATGATCCCTTCTGTAGTAGGGTGGATAATCCACAAAGAAGTATTTAACACCTTCGTATGTATCTTCGTAAAGGCTAAAACTCTTCCACTCGTGATCCAGATAAACTCTGAGACCGTCAGCCACCTTTTTCAGGTCAGCTCTTACTCTCTTGTGAAGGGGCATTATTACACTTACGCCGTGTCCCATCTTTACAAGAGTTTTTGAGAGGGAATGCACCACATCTCCCAACCCACCCACCTTAATGTAGGGTGCGCTCTCAACTGCTATCATAACCACTTTCATAATGACCCCACTTTTTGAAATAAAATTATAACAAAACCATATACGCTTGCCTGAGGTTCAAAAAAGCCATACATTTTACACCATGAGAACACTTAGCAAGGAAGAGCTAAAAAGACTGTATGACAAGGACTTCCCCCTGTGGGCTGAGATAAATCTGCAGCCTCTTAAAGAGAAAGCTTACGACCTTGTGGATTGGGAGAATCTCTTAGAGGAGATAGAGGATATGACAAAGAGGGACCTTGATGCTTGTATAAGCCAGCTTGCAAGAATTTTAGAGCATCTCTACAAATGGGACAACTTCAGGAGCTTGGCAGGGGGAGAGTGCGCGGGAAAGGATTGGATTAAGAGCATAAGAGAGGCAAGGGATGAAATTAGAGCCATGTTTAAGGAATATCCGAGTTTGAAAAATAAGCTTCCTCTAGAACTTGGAAGAGCATGGATTAGAGCGCAAGTTAAGCTCAGAAAGTGGCTGCTGAAAAACGACTACGAGCCTGATGAGTCTAACATCCCAGAAAAATGCCCATACACTTACGAGGAAGCTATAAACAGAGATTTAAAGAGGGAGCTAAAATAGCATGGAGGAAGCTATAAGAGAGTTTCTGAGGGAGGACATAGGACACGGCGATATTACCACAGAGGGTATTTTTAGGGGTGAGAGGGTAAAGGCGGTTTTGATAGCCAAAGAGGGGGGATGTCTTGCGGGTATGCCCTTTGCAACAAAGGTGTTTGAGCTTTTGGGAGGTGTTGAGGTTTTTAGCACAAAGAAGGATGGCGAGACTTTTGAGGCTGGTGAAAGGCTTCTTATCCTTGAGGGGTCTGCGGAAAGCATTTTGAAGGGTGAGAGATTGGCTCTTAATATACTTCAAAGCCTTAGCGGTATTGCCACTTTGACGCGCACTGTGGTGGAAAAGCTCAAAGGCACCGGCATTGAGCTTCTGGACACCAGAAAGACTACGCCGGGCTTTAGGTACTTTGAAAAGTATGCGGTGAGGGTGGGGGGTGGCAAAAACCACCGCTTTGCCCTTTACGATATGGTGCTGATAAAGGACAATCATAAGAAGGTGGTTGGGGGCATAAAAGAGGCTGTAAAGAGGATAAAGCAGGTTCTGGGACCGGCATACAAAATAGAGGTGGAGGTAGAGAGCATAGAGGAGCTTTATGAGGCTCTGGAGTGTGAAGTAGATATGGTTATGCTGGACAACTTTACCCCTGATGATGTAAAAAGAGCTGTGGAGATTATAAAAGGAAAAGTTAAGGTGGAGGTTTCTGGCAACATAACGCCCGAAAACATAAAGGAGTATGCTATCGAAGGTGTAAATTACATCTCCTGCGGTTTTATAACTCACTCCGCCAGATGGCTGGATATGAGCATGAAAATCTTATAAAGTGGAGACGAGGGGATTTGAACCCCCGACCTCCTGCTTGCGATGCAGGCGCTCTCCCACTGAGCTACGTCCCCTTATCTATGCTTAAAATGTACTCAAGGCAAGTCCTTACGCCAAAGCCGGTGGCACCCTTGGAATAGTAGCCAAACTCCTCCTTAAAGTATGCAGGACCAGCTATGTCAAGATGCACCCACTTGATGCCCTCACCTACAAACTCTTCAAGGAACATGGCTGCAGTTATGGCACCTCCGTACCTTCCCGCCGTGTTTACTATGTCCGCATCTGACTTTTTGAGCTTTTCCCTGAGCTTTTTGTCATCCATAGGTAGCTTCCAAAGCCTCTCTCCTGTTTCTCTGGATATCTCCAAAAGCCTATCGCCAAAGTTATCGTCGTTGGTGAAAAGTCCAGCTGTGTATTCACCCAGAGCCACTATGCAAGCACCCGTAAGCGTTGCCATGTCTATTATGTGTGATGGTTTTAAACTGGATGCATACCAGAGAGCGTCCGCCAGCGTTATCCTCCCCTCTGCGTCTGTGTTGTCCACCTCTATGGTCTTACCGCTCATGGTCTTTATGATGTCATCGGGTCTGTAGGCGCTGCCGCTTGGCATGTTTTCCGCCGCGCCGATAATGCCGTGGACCTCTATCTGAGGCTTTAGCTCCGCAAGAGCTTTCATGATGCCCAGCACAGCGCAGGCACCTGACTTATCCATCTTCATGGTTCTCATATAATCGC
NZ_CP076323.1_gap4	252767	256314	3547	AGGCAGAGTCAGCAGTGGGACCTATTCGCCAACCCTTGATAAAGGCATAGCTCTTTGCTTTGTGGACATTTCCTTTAGAAAGGAAGGTCTTGAGGTGGAGCTTGATGTTAGGGGAAAAAGACTCAAAGCCCTTTTGAGAAACTACCCTTTTGTACACAGGTAGATTATAATCATTCCTTAAAACTTTTGAGGAGGTTTTTCAGGTGGCAAATATAGTGGTCACTCCTATGACCTTTGCACCGGTATATGAGCAGTTTGCCGAGATAGTGGAAAGAAAAGGGATAGGCCATCCTGACACCATATGCGATAACCTGGCTGAAAATCTCTCCAGGGAGCTTTGCAGATGGTACCTTAGCGAGTTTGGAGCTATTATGCATCACAATGTGGATAAGGCTCTGCTGGTGGGAGGTGTTTCTAACGCGTACTTTGGGGGTGGTGAGGTCATACAGCCCATAGAGATATACCTGGTTGGAAGAGCCATCTTGGAGAAAAATACCAAGAGGCTTGACATAGAAGAGCTGGTAAGAGAAACTGCCAAAGACTGGCTTAGGAATAACATAAAAAACATGGATGTGGATAAACATGTAAAAATTTACACCAAAATAAGACCGGGTTCAAAGGACCTTGTGGAACTTTTTGAAAGGTTTCAAAAGAGGGGGGAGGTACCCTTGGCAAACGACACCTCCTTTGGTGTTGGGTTTGCTCCCTTTGACGACCTTGAAAGGGCGGTTTACGAGGCTGAGAGGTTTTTAAACTCTGAGGCTCTCAAAAAGGAACATCCAGAGGTAGGTGAAGATATAAAAGTAATGGGAGTGAGGATAGAAAATAAGATAAGATTAACAGTTGCTTTAGCTTTTGTGAGCAAGTACATAAAAAATGTGGATGAGTACTTTGCCAGAAAGGAGGAGCTAACAAGAAAGGTTAAAACTTACATAGAGGGACTTCTGGGAAGAGAGGTACAAGTGCACATAAACACAGCGGATAGCAAAGAGAATGGCTCTGTTTACATAACAGTTACTGGCACATCCGCCGAGCAGGGAGATGATGGACAGGTGGGCAGAGGCAACAGAGTAAATGGTCTTATCACACCTTACAGACCTATGAGCCTTGAGGCAGCAGCTGGGAAGAATCCCATCTCTCACATAGGGAAGATGTACAACACTGTTGCCAGCATAATAACCCAGAGAGTGGTCAAAGAGGTGGAAGGTATAGAGGAAGCTTATTGCTACATAGTCTCTCAGATTGGAAAGCCCATAAATGAGCCACAGATACTGGATGTGAAGGTAAGAACATCAAGAAACATAAATACTTTGCAGGAGGAGGTAAAGAAGATAGCCAAGGAGGAGCTTGACAGAATGCCCAGTATCTGGAAGGGCTTTCTTGAAGGCATTTACACAGTAGCATAGGAGGTTCTGAGCAGCTAAGTAGTAATGCACAATAATGGATATTACAGGTGTAGATGAGATGGGAACAGTTAAGACAACAACTCAGACAAGGCTTAATGTCAGGGGAGAAGAGAAAAAGATACTTGACGACCTTATGAGACGCTGGTCTTCCTGCATGAGATACGCATACAAGAGACTCCTTGAGGGAAGGACAAGGAATGAGCTAAAGAGAGAACTTCAACCTGTGTTCAGTCTTAACTCCCGCTATGTAGACGATGCTATTCTGGAAGCTCAGGGCATTATAAACCTATCTAAAGAGCTCGGCTTTAAACCTGAAAAGGTCATATTCGGAGGAAGAGACCTGTTTGAGAAGCTCTCTAAAAACCATCTTTCAGAGGAAGAAAAAAAGAAACTAAAGCAGGAATGGAGAGACAGAAGACAGGGAAACCCCTACTCAAGAGGAGACAAGAGTAAGGGAGGAAACCTGAACCTCAGGATAGTCAAAGAGGGTGAGAAGTTTTACCTGAGAGTGAACACAGGAGTAAGAAAATGGATACTCTTAGAGCTAAAGACATCTCACAAAAAATGGGGACTGTTTGAGAGCTTTCTTATTCAGGGAGTTCCATATTCGGTAAGAGTTCAGAGAAGGAATGACAAATACTACGCACACATAACCTTTGAAGAAACATTACCTGATACAGAGATAGGTTTTAAAGACGGAGCCATAGGGATAGACCTTAACGCCTTTCCCTCTCACATAGCTTGGGCGGAAGTTGACAGGGAAGGGAACTTAAAAAGCTACGGAGAGATACCAACACCCCATTTATTTGATGGGAAGAAAGAGAAGAGAGATTACTTTGCGTGGCAGTATGCCCATCAGATAGTTAGAATTGCTTTAGAGAAGAGGAAGGGGATAGTTCTGGAGTATCTCAAGATAAAGGACAAAGGCTATAAGGGAGACTACACAGGCAGGAAGTCAAGGAGGATAAGGCACAACTTCAGCTATAAGAAGCTCAAGGAAAGGATTATTAGCCTTGCCAGAAGATACGGCATAGCAGTTAAGGAGTTAAACCCTGCATATACGAGTGTGATAGGAATGCTCAAATACGCTCCTCAGCTCAGTATTACCAAAGACATAGCGAGTGCGTGGGTAATAGCGAGGAGAGGACTGGGGCTATCTGAGAGAGTCCCGAAAAATTACCTTCCGTTGATAGAAAGCTCTCAGCGTGAGTCAGGGAGGGCTGATGGGTCAACCGATGGAAGGAACCTGTCAGCTCCGAAGTTCCCGAAAGGGGCTTCGTACAATCTCTGGCAAGTGCTGAGGGTAGCGGTGGTGCCTCCACTCTCCCCTGAGAGGCGAAATATTCCCAGGTGTCTCTCTCCCTTGAAGCCTTTGATGGTTTCAGGGGACGTGGGGAGAACCCTTAACGGGCGTGAGATCCTGCGACCTGGGGCAGGGTCTATGGCTGGGGAAATAGCGCCTGCCGGGTTTATCCCCAGCCTGAAGAGGCGCTATACAAATAGCTCGGCACCTGAGCTGTGCGCTAATGTGCAGCTGAGGTAACCAGGTCCCAAGATGATACCGTATGAAGAAGCGCTTTCTAAGGTACTTGAATGCACCAAACCCATAGATACGGAGAGAGTCTTTATAAATCAGTCCTTAGGTAGAGTTCTGGCCGAAGATGTGATGGCGGACACAGACAAGCCTCCCTTTGACAACTCTGCCATGGATGGCTACGCGGTAAGGTACGAGGACATAAAAGATGCCTCCCCAGAAAGACCCGTAAAGCTCAAAGTATTAGGAGAGATCCCAGCTGGTGAGGAAACAGCTTACAAGATGGAGAAAGGGACGGCACTAAAAATATTCACAGGAGCGCCCATACCAGAAGGTGCAGACACAGTTGTCCCTTTTGAACTAACTGAGCAAGAAAACCATTACATACTCATAAAAGAACCTCTAAAGCCGGGAAGTAATGTAAGAAGGAAAGGTGAAGAAGTCAAAGAAGGTGAAGTCTTGCTAAAAGCTGGCACCCTGATAAGACCCTACGAGATGGGAATAATGGCTTCGGTAAACAGAGTGGTAGTTAGCGTTTACAGAAAGCCCAGAGTCGCAGTTTTGGCAACAGGTGACGAGATAAAAGATGTAGGAGAGCCTATAGAAA
NZ_CP076323.1_gap5	264568	265191	623	TGTGGCTCATATCCTCGCTGAAAGCAAAAACCTTAACGGGGAGCTTCCTCTCTTTATAAAAGCTCTCCACCCTATCCTTGTCTCTCTCTCCCGTTATGTGAATGCCTTGCAGGGGAAGGCTTGAGAATATTTCAGTAGCCAGCTGATTTAAAAAGGACGCTCCCTGACTTCCGCCCATCACCAGAAGCACTGGCTTGTCTTTGTCAAACCCAAAACTTTCCTTAATATCTTCCTTTATAAAATTCTGGAGAAGACTTTTCCTTACAGGAAGTCCCGTTTTTATCACCTTATCCTTAGGAAAAAACCTCTTTGAGTGTTCAAAGGTTATAAAAACCTTTTCTGAAAACTTGCTAAGGAGCATGTTGGTGGTGCTGGGTACCGAGTTCTGCTCGTGTAAGTAAAGCCCCTTTCTTCTCAAACTTAGCGCAAAACCTAAGGGGAGGCTTGCATAACCTCCAAACACCACACCCTTAGCATGGCTGGTGTGCCTTAGGAGTTTTAAACCCTCCGTCAGAGCGTAGTATACCGCCTTTGCTTTCTCCAGTGGACCTTTCCCTACAAAAGGATGGGACTTTAAAAAATGTGCCTTGCAGGGTATGCTGTCTTTAAATCTATACTCTATT
NZ_CP076323.1_gap6	302272	306860	4588	TCCTGTGGTTCCATCTTCCTTCACCTCATGAGTTGCTTCTTCTGTGCTTTGTATTTCCTCTTGCTCCTCCAACACCTTTTTGTTTATGTTCTCTACGTACATCTGGTATCTTAATTCGTCCCATGTCTCCCTTATTTTTCTCAAAAGTTCTCCCATCTTTGTAGCAAGTTCCATCATCTTTTCCGGTCCAAGAAATATAAAAGCTACAAGAAGTATAAGCGCTATTTCAGGAAAGTCCATAGTAATAGTTTAACAGAAAAGGGTCAAGCCTTTTTCTCTTCTTTGTCCAGCTCTTGAGCTTTGACTTCTTTGGCTTTCTTCTCTTCCTCCGTTTCTCCTGAGAGAGCCTTTTTGAAGTTCCTTATGCCTTCACCCAGAGCCTTACCAGCTTCAGGCAGGCGAGATGCACCAAAAAGCAGAAAGATAATGGCGAGGATCACTATAAGTTCTGGCAGTGTAGGCGTATGAAACATACTTAACCTCCTTCTTTTTCGGGTACCTTCTTCTGCTCCTCTTCTCCTGACAGAGCTTTCTTGAAGTTCCTTATACCCTCACCAAGTCCTTTACCCAGTTCGGGCAGTCTACTTGCTCCAAATATTACAAACACTACCAAAAGTATGAGTATGAGTTGCCAAGGCAGTGGAAAGTGCATACGCTTCACCTCCTTATCTTTATTATAGGCTCATACTTGACAAAAACAAGTAGGCAGTTTATTATTATAACTCAGGAGTTTAAGTACGCAGAAGGGAGGGCGCCTTACCTTCGGTGCTGAAGCTCCATAACTTAGTTTTAAGGAGGTTTTTAGTTCCATGGCACTCAAAGGTACTGTAAAGTGGTTTAGTAAGGAGAAGGGTTATGGTTTCATAACCCGTGATGACAATCAGGGGGACGTTTTCGTCCATTTCTCAGCCATTCAGCAGAGAGGTTTTAAGACCTTGGAGCAGGGGCAGAGAGTAGAGTTTGAAATAGAGGAGGACTCTAAGGGACCCAGAGCCAAGAATGTAAGACCCATCGGCTAACCCAAAAGCCCCCTTCTGGGGGCTTATAATTTTTCTTTATGCTTCTGTACCATCTTTACAGAGGGAAAGATTATCATATAGTTCCAACTCTTGAGAGAATACAGAAGGCTTCTCAGTTTCTGGGTTTGGAGAGATTACCTTACACATCCCTTCAGGTAGGGGGTACCAACGGAAAAGGTTCCACCTGCGCCTTCTCGGAGATGATCCTAAGACAGCACGGATATAAAACAGGTTGGTTTGTATCTCCACACTTGGTGGAAGAAGAGGAAAGATGGAGGATAAATGGTGAGAAGATGCCTCCCCAGGTGCTTGAGGAATATGTAAGGGAACTTAAGCCCATCTTTGAGAAGTTTGAGCTAACATACTTTGAAGCCTGCACGCTGATAGCTCTTGAATACTTCAAAGACCAAAAGGTGGATGTGGCTGTCTTTGAGGTGGGGATGGGAGGAAGGTGGGATGCCACAAGAGTATGCAACCCTTCTGTATGCGTTATTACCAACGTGGAAAGGGACCACACTAAGTGGCTGGGCAGAGATGTAGAGAGCAGAGCTGTTGAAAAGCTGGGCATATACAGAAAGGGCTTCCCTCTTGTGCTGGGAAGTATGAAGTTCCCCCTTTACAGTAAGGCGCTGGATCTTTGCGATGATAGGGACCTTATAGTGGGAGGCATAGACTTTTTCTCTTACGGTAGAGTAAGCAGGTACGAGACGCTCTTAGAGTACTACGAGTGGAAGGATATACGCTTGGAAAATGTGCCTTTGGGACTTTGGGGAAAGTGGCAGATAGGCAATGCCAGTTTAGCCATCACAGCTGCATCATGTCTTATAAAACCTGACCTGAAAATGTTAAAGCAAGCTTTGCAAAACACCCGCTGGGAGGGAAGAATGGAGATAGTCAGAAGAGAGCCACTTCTTGTGCTGGATGGTGCTCACAACACCGACAGTATAAAGAAGGTGGTCAGAGAGGTAAAAAGGTACATGGGAAGCCTTACACCCGTATTTACAGGTCTTAAAGAGAAGGAGTGGCGCGAAAGCATGCACTTTTTGAGAGAGCTTTCGCATCGCATATATCTTGTTCAGATCAAACATCACAGAGGAGAAGACCTTTTGGAGCTTGAGAGTTATGCCAAGAAGGTAGGCTTTGAGGAAGTTATGCTCCTCTCCTCATCCGAAGATGTTCTTTGCCTTGAGGAGGATATTATTGTGATAGGCTCTCTCTATCTTGTGGGTGAGGTAAAGCAGGCTCTAAAAAAGGTGAAAAAATCATGAAGGTGGAGTTTTTAGGCTCATACAGGGAAGATCTCCCCAAAGACCACTTTAAAGAAGTGGTGTTTGTAGGAAGGTCTAATGTGGGTAAGTCCTCTTTAATAAACATGCTGGTGGGCGAACCTGTAGCAAGGGTGAGTAAAGAACCGGGTAGAACAAGGTCCATAAACGCCTTCCTTTTGGAAGGACGTATAAAGCTCGTTGATGTACCGGGCTATGGTTTTGCAAAGGTTTCAAAAGCAGAAAGGGAAAGCTGGAAAAGGCTCATAGAAAGCTACTTCAGAGAGAGGAGACAAAACATTAGGTGCGTATTTGTATTAATTGACAGCAAGGTGGGACCTACAGACCTTGATAAGCTCATGATAGAGTGGCTAAGGCATATAAATATACCTTACAAGGTAGTGCTAACAAAAACAGACAAGGCATCACAAAAAGAGCTTTCCAAAAGCTTGGAGCTTCTTAAGGTAGTTGGTGTAAATGAAGTTATAATTACTTCAGCTAAGGAAGGGAAAGGGAAAAAGGAACTTTACAGGAGTATTTTGGAGGTTGTAGAAGGTTGAAAATAGGCGTTTTTAAGTTTTCATCGTGCGATGGTTGTCAGATAGTCTTCTTTGAGCTTGAACATATGCTGAGGTATTTGGAGAAACTTCAAGTGCTATACTTCCTTGAGGCTCAAAGTGAGAACCATTATGGAGAGTTTGATATCTCCTTTGTTGAAGGTTCTGTATCCAACAGAGAGGATGAGGAGAGGATTTTGGACATAAGAAGGCGATCAGGTATGCTTGTAGCTATAGGTGCTTGTGCCATATCCGGTGGAGTGCAAAGCGCTGGAAATTTTGAAGGTATTATAAAGTCAGAGCCAATTGATGCTTTTGTAAAGGTCGATTACCAACTCCCTGGATGCCCAATTAATAAGGAGATTTTAGAAAACTTCCTCAAAAGCATCCTACACGGTAAAAGTCCATATGTGCCAGAGTATCCAGTATGCCTTGAGTGTAAGAGAAGAGGAGCTGTTTGCATCACGGTTGCAAAGGGTGAGGTGTGTCTTGGACCTATTACAAGGGCAGGTTGCGGTGCCATATGCCCTTCCTTTGAGAGGGGATGTTATGGATGTTATGGACCAGTGCATAAACCTAACTTGGAGAGTTTTTTAGCATACTTTCCTCAGGCTTATCAGACCATTAAACTAAGCGCCAACGCTTACAATAAGATATATAGAGAGAAGCTATGGAAGTGAAGATAAAAGCTCTTACAAGAGTAGAAGGGGAAGGTGCGCTGGATATTGTGCTGGACAAGGACCAGATTAAGGACCTCAAGCTCAGAATATACGAGCCACCCAGATACTTTGAGGAGATTTTGAGGGGAAAGCCTTACCATTTCATACCCGATGTGACTGCACGCATATGCGGTATATGTCCGGTAGCTTATCAGATGAGTGGAGTTCAAGCTGTAGAAGATGCCTTTGGGATAGAAGTGCCCGAGGACATACTGCTTCTGAGAAGACTTATGTATTATGGAGAGTGGATACAGAGCCATGCTATACACATATTCTTCTTACACTTACCAGACTTCTATGGTGTTTCATCCATAGCTCAGCTTGCAAAGGTAGATAGAGAGCTTGTACAAGGCGGACTGAGATTAAGAGAAGTAGGTTCAAAGATAATTCAGATGCTGGGAGGTAGGACATCTCATCCTGTCTCCGTCACGGTTGGAGGATTTCATTCTCTACCGGAGCATCCAAGCGTCAGTTGCAAGGACATAGAGGAAGCCATAGACATATGCTACAGACTACTTGAAAAGCTAAAACATTTAAAGTTTCCCCATTTTGAACTGAAAAACATCCTTTTTGTATCACTAACAGATGAAGATTATCCCATACTCAGTGGGGACATACTCACGAGTGAAGGAGAGGTTATAAACAAAAAGGAGTTCAAAGAATACTTTGTGGAGTATGCTGTGCATTACTCAACAGCTAAGCATGCAAGGACAAAAGGAGGGTCTATCTATGTGGTGGGTCCCTTGGCGAGGTTTAACAACAATTACCAGAAGCTAAGCCCACTTGCTACAGAATACGCACATAAGCTTCCTATAAAGTTTCCTGAGCTTAACCCTTACAAAAGCATCCTTATAAGGATGGTGGAGATCCTCCATAGCCTTGAAAGATCCCATCAGATAATCAGAGATTATAAAAAACCTGAAGTTATCAAAGTAAGCTATCAGGTAAAAGCTGGCGAAGGCTTTGGTGTTAGCGAAGCGCCAAGAGGTATCCTCTGGCATAGCTATCAATTTGACCAGCAAGGAAAC
NZ_CP076323.1_gap7	308685	312893	4208	AGTTCTCATGTCCAGCAAAGTAGGAAAGTAAAGGAGTGGGTCATCTGTAAAAATGCTCACATGGACAAATCCAAAAGCATCGCAGATGGGTATCCTCTCCTCACCTTGCTGACCAACTATCACTCCTGCCCCATTAACATCCAAAGAGAAAGTGGGAGAAAACTCAAGCATCTGGTTAACAGCTTCCTGTATGTCTCCGCTTGTGAGGTCAAACTCTTTCACTTGCAGTCCTTTGTTTTGAAAGTGCCTCAAAAGTGCCAATATGTGCCTGTTGGGTCCTGTCTCGTTGCCTGTTTTAAGAAAGGCTATTTTCATGATTAAAATTATACTACAGTATGCTAAATCCATCACAAGAGAGAGCAGTTAAACATTTTGGCAAGCCACTTTTGATAGTGGCAGGTGCAGGTTCTGGCAAGACAAAAACTCTCACCTACAAGCTGGAACACTTAGTTGTCAAAAGAGGACTAAGGCAGGACAGGATACTCATCCTTACCTTCACCAACAAAGCGGCAAGAGAGATAAAGGAGAGGATAGTTAAACTTACCAACAGGGAGGTACCTTGGGCAGGCACCTTTCACTCTATAGCCTTGAAGATCCTAAGACAGGAAGGACATAAGATGGGGATAGACCCATCTTTTAGCATAATTGACGAAGATGACAGAAAGAAGATACTCAAAGAGGTCCTAAGGCGGATGAACTTAAGTAAAGATATGCTTGAAGTGGCAAACAACTATATAACATCAAGGCGCGAGAGCCTTAAAGAGCCAGAAGATAGCACCTTAGAGGAGGTATACAGACAGTACTCCTCTGTCCTAAAGTCAAGAAACTTCCTTGACTTTTCTGAACTTCTCTTTAAAACTTACCAGCTTCTTAAAAATTACGGTGATGGATGGAGAGATTTTTTTGAGTTTGTTATGGTGGATGAGTTTCAGGACACCAACATAATACAGTACGAAATGGTAAAACTTCTGGCAAAAGAAAACATCTGTGTGGTAGGAGACCCAAATCAATGCATATACGAGTGGAGGTACGCAAGACCAGACAACATGCTAAAGTTTATAGAGGATTTTAAACCTGACATTATAAAGCTTGAGTATAACTACCGTTCTAAAGCTCACATTATTGCGGTTGCCAATGCGGTCCTTTCTGCCTCAAAAGCTCAATGGAAGAACCTTATTCCAGTGCTAAAGCCCACAAGAGACGAAGGAGAAAAACCTGTCATAAGACGATTCCAAAACCCTCTTGAGGAAGCTCTATGGATAACACGGGAGATAAAGAGACTCCTTAGCCACTATAGGCCTCAAGATATAGCAATTCTTGTAAGAGCTCTTTACCTTACAGACATCTTTGAGAGAACATTTTTCAACGCCAGGATACCCTACAAAATTGTGGGATCTGTAAGATTCTTTGAAAGAGCTGAGATAAAGGATGTGCTTGCCTTTTTAAAGCTAACAGTAAACCCCTCAGACGAGCTATCTTTCAAAAGATGCTTGGAAAACATGCAGATAGGAGAGAGGACATTTACCATAATAAAGAGATTCCATCAGGGAGACTGGATAGCATCTTCCATACTTGCCATAAAGCATATGTCAGAGGAGAAAGCCAAAAGACTCTACCATCTTGTCAGAAGCCTTATAAAGCTAAAGCAAAGTATAGACGAGTACCCCACCGCTCTTTGGGAAGTTCTGGAAAACGCTGGCTACTTAAACTACATGCAGGTAAAGTACCAAAAGGATTACAAGGAAAGGGAAGAGAATGTCAAAGAGCTTTTCAGGTTTTTGGAGGAAAAGAAAAAGGAAGGTGCTTCGCTTCTGGAGGTGCTCGAGGAGGTGATGCTCATAAGTCAAGAAGAAGAGATAGCCCAAGCTGTAAACATTATGACTATACACGCCAGTAAAGGGCTTGAGTTTCCTGTTGTGTTTTTACCAAGACTTGAAGAAGGCATACTGCCTCACGAAAAAAGTAAAGATGAACTTCAGGAGCTGGAAGAGGAGAGAAGACTCTTTTATGTTGCCATAACAAGAGCTAAGGATATGCTTTACATAACTTACACCAGAGACAAAAACAGCAAACCCAGCAGGTTTCTCTCAGACATTCCGAAGGAGCATCTGGACCTTTCTTCCTTCAAGGTAAAGAAAACCACTTACTCGGTTCAGCTAAGGCACAGCAATAACCTAAAGATAGGGGACATGGTAATACACAGGGTGTTTGGTAAGGGTAAAGTTATAGCTTTGGAAGAGGAAAGAGCTACGGTGGATTTTGGTGATAAAGTAAAGACCATACACACTGATTTTCTGGAGCCAATTGGATGATATGTCTCATAACATCTTTTCCCTGCCTTCTGCTAAAATACTTCCAAAACTCTCAAGGAGGTAAGCAATGAACTTCAAGCACCTCTTTATATGCGTAAACCAGAGACCTCCCGGTCATCCTATGGGATCGTGTGCCGAGAAGGGAAGCAGAGACATATATCAGAAGTTTATGGAGAAGCTACAGATGGACCCTGAGCTTTTTATGAGCGTGGTGATAACACCAACCGGCTGTTTAGGTCCGTGCGGTATGGGACCCACTATGGTGGTGTATCCCGACGGTGTGTGGTATGGAAATGTAAGACCTGAGGATGTGGAAGAGATAGTAAACAGCCATCTAAAAAATGACCAACCTGTAGAGAGGCTAGTAGTTTCAAAGGGTAAGCCTCCCGGTATGTTTTGAAAGGGAGGGGCTTTATACAGCCCCCGGCACTCCTTCCTCCTCAAATTCAATCTCAAGCTTTTCAGTAGGTATTATGGTAGTTATGGCGTGCTTATAAACCAGCGTCTGCTGCCGACCGTCCTCTATAAGTATGGTGTAAAGGTCAAAGGATCTTACCCTTCCCTGAAGCCTGACGCCATTCACCAAATATATGGTCACCTTGACCCTTCTCTTCCTTGCTGTGTTTAGAAAGCTCTCCTGTAGCTTATAGGGCATCTTGCAACCTCCTTTCTATGTGTTCTTCTACCACATGATAAAGCTTATCGGCTAAAGAAATATAATAACCAGAATTCTCCAAGTTTTCAACAAGGTCAGGGGGAAATATCTCCTGTCCCAGGTAGGCACCTAAGTAAGCACCCACCAAGTATCCTATGGCATCCGTATCCCCTCCAAAATCTCCGTATGAATTTACCGCATCCCAAAGAGCCTTCATAGGTTCATCTATGTTAGAGAGGAATATAAAGAGAGAAAGAGGCAAGGACTCAAAGACATATGTGGAATTGCCCAGCGTATTTATTGCTCTCTCCAAATTCGCACCCTCTTGGAGAAGCTCAGCTACCCTGTCCAGGTAAGTTTTGTGCCTGTCGTATTTTACAAAAAGCTTAAGTTCCTCCAAAAGTTTGAGCCTTTCGTCCAAGCTATCAAGATGGTAAACATCTCTTATAAGATTAGATATCATAACAGCAAGCACTGCTGACGCATCGTACACCTCCGGACTTCTGTGGGTCATAATAGAAACCAGCCTTGCCCCTTCGGAAGCCAAAAGAGGGTTGTAAAAGTGAAAGAGGCCTACCACTGTGCACCTGAGGATACCCTCAACAGAAGCTGAGAAAAAACCAGCTTCCTCAAGAGATATACCAGAGGAGAGAAGGTCAAGAGCGGTAAGTAGAGCCGGGTCTGGATACCTGTGTCTCTTTTCATCTTCCCTCCAGAGGATGAGCCTTTTGTAAAAATCTTGCGGATCTATGGCTTTTTTGTCCACAATGCTCTCAAGAAGGATCAAAGTGATCTTAGTCTCGTCAGATATTTCCTCTGGATGAGAGCCATAGGATGGACTAAGGGGATGAGGTTCCACAAAGCCTTCTACCCTTGAGCCGTAAAAGTCATAAACTTCTTCTTTCGTGATATCCTCTACACATTTACCTATAGCATCACCTAACGCAGCCCCCAGCAGTGTCCCTCGGAACTTACTCCTTAGCATTGAGCACCCTCCTGTAAGACTCCCTCACTACTTCCTTCCAGTCCTTTTTGCCCTCCTCAACAGCATCCAGGTTATCTTCCATGTATTTGGTAAAACCATAATCCATAAGATGGGGGAATTTTTCCATAAGGTAGTCCACCACCTTAAAGGCCGTCTCGGTAGGCTTTAGATAGCCCTTCTCCAGAACTACATAGCCTCTGTCTTTTAAAGTCTTTATTATTGTTGCATAGGTAGATGGTCTTCCTATACCGAGATT
NZ_CP076323.1_gap8	489048	491920	2872	CATAAACATAGAGGATTCGGAACAGGTGTTGAGAGCCATAAGAATGACCCCCGAGGACATGCCTATAGACCTAATTATCCATACACCTGGAGGTCTTGCTCTTGCTGCTACTCAGATAGCTAATGCCCTTGCAAGACACAAAGCACCGGTGAGGGTTATAGTGCCTCATTATGCCATGTCTGGTGGCACCCTTATAGCTCTTGCCGCCGATGAGATTGTGATGGACCACAATGCAGTGCTGGGACCAGTTGACCCACAGCTTGGGCAAATGCCTGCTGCATCAATACTAAAGGTACTTGAGCTTAAAAAGATAGACGAGATAGACGATCAGACTCTCATACTGGCTGATGTAGCTAAAAAGGCTATAGACCAGATGATAGATTATCTGGTGAACCTTTTGAAAAACAATGGTATGGAGGAGGAGAAAGCAAAGAGGATAGCTCAGGAACTTGCCACTGGTAAGTATACTCATGACTACCCTCTTAGCGTTGAAAAACTCAGAGAAATAGGACTCCATGTAAGCACGGAGGTGCCTGAGGAAGTTTATGCTCTGATGGACCTTTTCCCACAGCCGATGGGATCGCAGGTGCCTTCTGTGCAATACATACCTGTGCCTTACAAAACGCACGGAATGAAGTGATATAATAGATGTGTGAAGGTAAGGATAGGTATAGTAGGTTGCGGTGTTGTAGGGACTGGAACGGTAAAACTCCTCTTGGAGAATGCACACATTATAAAGAAGAAGACGGGCATAGATATACTGCTTACCAAGGTGGCGGACAAGGATTGGGAAAGACCAAGAGAGATAGAAGTGCCTTTAAACCTTAGGACTTATGACTATATGGATGTTATCAATGAAAGCGATATTGTGGTGGAGCTTGTTGGAGGCAAAACCTTTGCCAAAAGCCTGATACTTGAAGCTTTGGAGAAGGGAAAGCATGTGGTTACTGCCAACAAGCGCCTTCTTGCGGAAGATGGTTTTGAGATATTCAAGAAGGCAAAGGAAAAGGGATTATACATAGGATTTGAAGCATCTGTGGGAGGTGGCATTCCCATAGTGAAAGCACTAAGAGAAGGTCTTGTTGCCAACAGGATAAATACCATATACGGTATCCTTAACGGTACCACCAATTATATACTCACCAGAATGCTTGAGGACCATATGGACTTTTCTCATGCTCTTGAACTTGCTCAGAAGCTGGGATACGCAGAAGCTGACCCCTCCCTTGATATAGACGGATGGGACTCCGCTCACAAAATATGCATACTTTCCATGATAGCCTTTGGAAGATATGTCCCTTTTGAAGATGTTTATGTGGAAGGTATAAGGGATCTTGATCTGCTTGATGTGGAATTGGGCAAGGAACTTGGATATACCCTAAAACTCCTTGCCATATCCAAGAGAACTGATGGAGAGATAGAGGTAAGAGTTCATCCTACCTTCATAAGGTCAGAGGATGCCTTGGCTAAAGTTTCAGATGTTTACAATGCAATAATGATAGAGGGCGATTTTGTAGGAAAGACCATGTTTTACGGCAAAGGTGCAGGGTCTTACCCCACCGCTTCCTCCGTGGTATCTGATATAGTAGACATAGCTAAAAAGGTGCTTTTCTGTAGCAAAGATCATGACGAGTTTCAGTGGGAGAATCAACCCATAGGGATAGGCAAAAACTTTTACAGCAGGTATTATATAAGGTTTGATGTGCCTGATAAACCGGGTGTTTTGGCAGGTGTTTCAAGAGTTTTGGCAGACTATAAAATAAGCATAGCAAGTGTCCTGCAGAAGGAAAAAGTTTGTAAGTTGGCGGGCAGAGAAGGAGAAGCTATAGTCCCCCTCGTAATCCTCACCCACAAAGCTTACGAGAAGAACATGCAAAGGGCAATAGAGGACATAAAGAAACTCCCTATTATAGTTGGACAGCCAGTCATCATCCGTGTAGAAGAGGAAGCATATTAGGCTTTAGGCACTCTGTAGAAGAGACTTATAGCCCTGGCACCTATGAGAAATATGATCCCAAAAGACCAGAAGAACACATCCTGACCTGCCATCTTGCCTTCAAAGAGATGTAGCATGAACTCTCTTATAACAAAGGCTATAAGCACCTCCAAAAGTATGTGGTTGCAACAGCTACCTTAAAACATACACATTAATAGGCAAAGGTAGCCATTGCTTTAGAGGCTCCGCTTAGATTGTGTCTCCTCTTTCGGAGACCTTTCAGCGAAACCCCAACCCGCACCACAGGGTGGGCTTCCCCACCTCCATGTAGGAAGTGGGACTGGCTTCCTAACACTTTAACTTCTTCTAATGGAACAGGCTCTTTATCCCACATCGTTGGGGAACCTCCCCTCCGTGGGGCTTCCTGTTCCCTGTTTTCTCGTTTACAATTTAATCCATCCCTTTTTAGTAGTCAAGTGTATATGTATGACTATGAAATTTTAAGCTCTACTCTTACTCTTTCATGTTCAAAAAAATCTATGAAAGCCCTTATAAGTTCAAGCACCACCACCAGCGAAAGCACATTCGTAACGAGCTCTTTAAATCCAAGCCTTACAGTTGCTTCCGATAGGGTAAGACCTATTTCTGAAACTGTCCTGTAGATGCCCACAAAGAGGCTTACTGTAAGCACAATTATGGTTATGTTAAAGGCAAGCTTCAAAAAGTTTTTGTATATCTTTGATATAAACTCTTGCATTATATCTTTTTAAGCTCTTGAGGAAGTTCTCTGGGAGGCAATCCCGTATACTCCACATCCCTCTCTTCATCTAATCTCTTAGAGAAAGGTTTCTCTGTGGTGAGCTCTTCATAAACATGTGCTACAAGTCCGGGAACTCTTCCTATGATAAAAAAGCCCTTGCCGAGCCTCCAGTCAAA
NZ_CP076323.1_gap9	493940	496101	2161	GAGGACAAAGTTGCTTGAAGAAAAAGCTAAGATACTTGAAAGGTACCGCAAAAAAGAAGACACTCAGGCGAGAATAGGAGAAGAGGTAAAAGAGCCCGGTGACCTTGAAGACCTCAGTCAAATGACTTACACACAGGAGCTTTTGGATACGCTATCTGCAAGGGAGGTCTTTATGCTTAGGGAAATAGATTACGCTCTTCAAAAGATGCAAGCTGGTTCTTACGGTATATGCGAGTACTGCGGTGAGGAAATACCCTATGAAAGACTTCAGGCTATACCTTGGACCAGGTATCATGCCCACTGTGCGGAAAAGGTGGAGGAAGAAGGCATTGTGCCTACCTATCCTACACCAACCTTTGAAGGCACCATACCTGAGGAGATGGAAATTCAGAGAGAAGACATCACTGAGGCATGAGCGAGTTTGAGTTTTACCTGCCCGTAGAGGTGGTTTTTGGTGCGGGTAGTGTCAATAAAGTTGGTCAGGTAGCCAGACGCTTTGGTTTTAAGGCTCTTGTAATAACAGGGAAGAAAAGCACCAAAAAAAACGGAGCTCTTGATCAAGTGCTGGACTCTTTGAAGAAAGCAGGCATAAATGAGGTTCTTGTTTTTGACCGTGTAGAAACCAATCCCACAGACAAGCTGGTAAATGAAGCGAGCCATATAGCAGTAAGAGAAAAGGTGGACTTTATAATTGGCTTGGGTGGGGGGAGCTCTCTGGACACTGCCAAGGCGGTTTCCATAGTTTCCTCCAACGAAGGTTATGCGTGGGACTATGTAAACTATCCGGAGGGACCAAGGCTCATACCCTTTCTAAACAGACCTGTCATATGCATACCCACCACAGCAGGCACAGGAAGCGAGGTAAACAGGTATTCGGTCATATCGAACCCCATAAGGAGGGAAAAGCTGGTAATATCTCACTCCCTCAATTACCCCAGAGTGGCCATAGTGGACCCTGTGCTGACTGTCAGTATGGACCCAAGGCTGACTGCCATTACTGGAATTGACGCCTTTATGCACGCCCTTGAATCTTTTACCAACAGGGCTTATAACCCAATTGCGGATGAGCTTGCCATAAGGTCTGCTAAAATCATAAAGGACTGGCTACCTGTTGCCATAGAAGAACCCCAGAACTTAAAGGCAAGAGAGATGATGAGTTATGCTGCCATGCTGGCAGGCATAGCCATAGATAAAAAAAGGGTAGCTCTCATACATGCCATGGAGCACCCTGTTTCCGCTCACTATCCCCATGTCATTCACGGAGAGGGGCTTGCCGCTCTGGCTCCGGCTGTTACCGAGTTTAACCACAGGGGAAACCCGGAAAAGTACGAACTTTTTGCGGAGGCTCTGGGGTATCCTCGGAAGGCTTTCAAGGCCGTTGATGTGGTCATTGACCTTTTGCAGAAGGTAAATCTGAGGGTGAGTTTAAAATCTCTGGGTGTAAGAAGAGAGAGCATAGAAAAGCTTGCAGAAGATGTATGCCTGCTCTCATGGACCTCCTTCCATCTAAATCCAGTAGAACCTTCACAGGAAGATATTTATCGCCTTTACGATAGAGCTTACGAAGGCTTTTAACATGGATAGTACAGAAGAAAAGAACATCATCTTAGGCACTTATCAGATCCTTTCCCTCCTTGGTAGAGGCACCTTTGGAGAGGTTTATAAAGTTAGAGTGCTAAAGGGCAGATACAGAGGCAAGATGATGGCTCTGAAAGTGGCAAGAAATGCGGAAGTCTTGCCTTACCTTTGGAGAGAAGTTCAGACGCTTCTTTTGTTCAACCACCCACACATAATATCCTTGCAGAGCTACCTTTACAAAAAAGATAGAGGGGAGCTTTATGTGCTTTACGAACTTATGGATGTGGGTGACCTTAAGGACTATGTAGTAAGCAACGGCAAACTTCCGGAAGAGAACGCTTTAAAGGTACTTCTGCATGTGGCAAAAGGACTTGAATTCTTACACAGCAGGGGATATATACACGGGGATGTAAAGCCTGAAAACATTTTTGGCAAAAGGGTGCTCAGGGATGTGGTCTGGAAGCTCGGAGACTTTGGACTTGTAAGGATAAGAGGTAGTGAAAGCATCATAGATGTAAAGGGCACTGCAGGATACATAGCACCTGAGGTGTTCAGGGGTGAGATACACAGAAGCAGTGATATA
NZ_CP076323.1_gap10	497881	502664	4783	TTTGTGTTTAGGGCGGGAAATGTAGAAGACCTTACGGAAAAAATGGCATTAGCTGTAAGAAGGTGGATAGAGCTTTCCCAGAATTCCCTGAGCCTGTACAGGAGAAAGTTCTCAAGGGATAAAGTAGTCAAGGATTTCATAGAAGCACTGGAGAGCCTCAAACATTGAACCTAAAGTAAACTATATCTCCGTCCTTTATCTGGTAGTCTCTTCCTTCAAGCCTTACAAGCCCCATCTCCTTTGCCTTGCTGATAGAACCCACCTTTATGTAGTCCTCGTAGTTTATAACCTCCGCAGCTATAAAACCTCTCTCAAAGTCTGAGTGAATCTTGCCTGCCGCCTGAGGAGCTCTGGTGCCTCTCTTTATGGTCCACGCCCTTGCCTCCTTCTCTCCTGCTGTGAAGAAGGTTATAAGACCCAGAAGCTTGTAAGCCTCCCTGACAAGTCTGTTAAGACCTGGCTCTTCAAGACCGTAAGCTAAAAGAAGCTCTTTTCTTTCGTCAGGTGGAAGGCTCACCAACTCCGCCTCCAGCTTTGCGCATATGGCAACAACCGGAGCTTTCTCATTCCGTGCGTAGCTCATAACCTTCTCCAGATGCTCATTTCCCTTTAGCCCCTCCTCATCCACATTAGCCACATACAAAACTGGCTTTACGGTGAGTAAAAAAAGGACTTTCTCGGCATACTCCCGCACATCCTGCGCAAGCTCTCTTCTCCTTATTGGCTCCATCTCTTCCAGAATATCCTTGAGCATGCTTAGCTTTTCCATCTCTTCTTTGGCTTTCTTATCACCAATCCTTGCCATCTTCTCCACCTTCTCAAGTCTCCTGTTTATTGTCTCCAAGTCCTTGGCTATTAGCTCTAGGTCTATTATCTGAGCATCACGCACAGGGTCAACGCTTCCCTCTATATGCACAATGTCCGGGTCTTCAAAGCATCTTAGAACCATGGCTATGGCATCCACCTCTCTTATGTGAGCAAGGAATTGATTGCCAAGACCTTCCCCTTTGCTGGCATTGCGTACAAGCCCCGCTATATCAACAAACTCTATAAAGGTAGGAGTTATCTTTTTGGACCTTTCCAGCCTTGCAATCTCGTAAAGCCTTCTGTCAGGTACCTCCACCACTCCCACATTAGGCTCTATGGTGCAAAAAGGGTAGTTAGCCGCCTGCGCTTTGGCAGACTCGGTTATGGCATTAAAGAGGGTAGACTTTCCCACATTGGGAAGACCCACTATCCCTACGCTCAGACTCATAAACTCTTAAATATAAGCTCTTTCTTGCTGGACATCAACCTTTTATAAGCTCTCCCATCTTGAAGATGGGCAGATACAGAGCTACCAGTATAAGACCCACTACGCCACCTATGAAAACCATGAGAGCGGGTTCTATAAGCTTTATCATGCCTTCCACCGCTCTGTCAAACTCATCCTCGTAAAATCTCGCTATGGTGTCTAGCATCTCATCCAGCCTGCCCGTGTCTTCACCCACCCTCACCATGGCTATGACAAGCCTTGGGAATATGCCTGTCTCTTCTAAGGATGCGTGCATAGGCTTTCCTTCTATGACCCTCTTTTTGGCTCTTTCAACGGACTCCTTTATGACTAAGTTGCCAGTTACCTGACCTGCTATATCAAAAGCTCTCTCAAGAGCAACTCCGCTGGCAAAAAGCGTTGCCATAGTCCTTGCAAACTTTGCCATTGAGCTCTTCAGAACAAGCTCCCCCATCTTGGGAACTTTAAGCATAAAAGTGTGAACAGACTTTCTAAAAGCATAGCTCCTCTGATAGAGAAGCCTGAAAACTGCTGAGAAAAGCAGTATTACGCCTATTATTGTTAGAAGATTATTTCTGAGAGCATTGGATGCGTTAACCAGCATCTGGGTAGGAAGTGGAAGTTCTCCTCCTAAGCTTTCGTACATCTGGGCAAAGGTGGGAACAAGGTAGTAGAGTATGCCTGTGACTATGATGGTGGCTATAACTACCACAAAGATAGGATAAAAGGAAGCACTCTTTATCTTGCTCTTTATCATAGCCATCTTTTCATAGTAGTCCGCAGCTCTTATGAGGGCAACATCAAGATTTCCCGTCTCCTCGCCTACTTTGGCAAGATTGACCACCAACTCAGGGAACACCTTGGGAAACCTGTTCATGGCGGCAGAAAGGTTCATACCCTCGCTTACCATCTTGGCCACCTGTTTGGAAGCATCAGAGAGCATTTTGTTAGGTAGCTGTTCTGCAAGTATGTTTATGGCGTCTATTATATTAACGCCTGCATTTATCATGGTACCGAGTTGCCTGCAGAAGATGGATATGTCCCTGTCCTTTACACCACCAAAGAAAGGTAGGCTGATCTTTATCTCTGTCTTCTTTTTTTCTTCTAACTCTTCTATCTCAACTATAGTAAAGCCCTTCTGCTGTAGCTCTGACACCAAAAGCTCATGGCTTGGGTATGTGACCTCCTGCTGCACAAAGCTCCCATCCTCTCCAAAGGCTCTGTATCTAAACCTTGGCATATCTAAATGCTCCTACCTATCATTCTTTCAAGCTCTTTCACATCAGGAGAGTACTTGAAGGCGTCATCAAGAGTTATGAGTCCTGCTCTGTAGTGGCTTGCCAGAGATTGATTCATGGTTTGCATGCCCGTTTCCGCCTGACCACTTTGCATCATAGCATACACCTGCTGGAGTTTGTTCTCCCTTATGAGATTTCGTATGGCTGTGTTGGGAATCATAAGCTCATAAGCCAGCACCCTCCCACCACCTACCTTGGGAAGAAGTCTCTGAGAGATGACCCCCTGAAGGACAAAAGAGAGCTGTATCCTTATCTGTTCCTGCTGTGAGGGTGGGAATACATCTATTATTCTGGTTATGGTTGATATGGCTGTATTGGTGTGAAGTGTCCCAAACACCAGGTGTCCCGTTTCTGCGGCTCTCAGGGCTATCTCTATGGTTTCCAGGTCCCTCATCTCACCCACAAGTATAACATCCGGGTCTTCACGCAAAGCTGCTCTTAAAGCGCTGGCAAAGCTATCCACATCCTCACCTATCTCTCTCTGGTTTACTATGCTCTTCTTGTGCTGAAAAACATACTCAATGGGGTCTTCTATGGTTATTATGTGGTACGGGAAGTTCTCGTTTATGTAATTTATAAGAGATGCCAAGGTAGTGGTTTTCCCAGAGCCTGTAGGACCAGTTACCAGAATTAATCCCATACTCTTGTGGCATAGCTCCAGCACCTTCTCGGTAAGCCCAAGCTCCTTTACGCTCATGATTTTGTAAGGAAGCCTTCTGAAGGCACCCGCTATGGAGTTCCTCTGGAAAAAGACATTGCTCCTGAATCTCCCTATATCTTTGACACCAAAGGAGAAGTCTACCTGTCCCTTTTCCTCCAGCTCCTTTCTGTGCCTTTCTGACATAACCGAGTAAGCAAGCCTCTGTGTTATTTCAGGAGTCAGCACCGGATACTCAGCCAGAGGCGTAATCCTGCCATCAATCCTCACGGATGGTTTTGCTCCTGGCGTTATGTGAAGGTCGCTGGCACCAAGCTGTACCGTCTTTACAAGAAGGTCAATCAGCTTAACTTCCTGCGATTGAGCAGTTGGTGTCATATTTCCCTCCTTTACTAAATAATATATTGTAAAATGGTGATATGGAGAAAAGGATCTTTACTCCATTAACGGATGAAACCATAGAGAGCCTTAAGGCTGGCGACAGGGTGCTTCTAAATGGATACATATACACTGCAAGGGATGCAGCTCACAAGAGGATGGTGGAAGCTCTAAACAGGGGGGAGGCTCCACCCTTTGATATGAAAGGACAAGTTATATACTATGTAGGTCCAACTCCACCAAAACCCGGACAGGTTATTGGCTCTGCAGGACCCACCACAGCCATAAGGATGGACAAGTATGTGGAACCTCTTTTAAAGCTTGGGCTAAAGGGAATGATAGGCAAAGGCTACAGGAGTCAGCTGGTTAAAGACCTTCTTGTAAAGTACAAGGCAGTTTATTTTGCAGCAGTTGGAGGTGTAGCTGTTTTGCTATCCAAGAGCATAAAGTCTTCGGAAGTGATAGCTTACGAGGACCTTGGTACTGAAGCTGTAAGAAGGCTTTATGTGGAGGACTTCCCTGTCATAGTGGCTAACGACGTATACGGAGGAGATGTGTTTGAAGAGGGCAGGAAAAAGTTTGCCCAGATAGACCCTTAGAGTACCTTAGCTCCCAGGTCGTAATCTCCCACTTGAGTTATCATGACCTTGACTACATCACCAGCTTTTAGCTCTTTATCGGACTCTACATATGTGATGCCATCTACTTCTGGAGCTTGTGCATAAATCCTTCCCACAGGAACAAAACCAAACTCCTCGTCAAAACCGTCCACAAGAAGCTCAAAGCTCTTTCCCACCAGCGACAGGTTCTTTTGGTATGTTATCTCCTTTTGTACTCTCAAAAGCTCCACCTTCCTCTCTTCCTTTTCCTTCTGTGGTATAGGATCTCCTAAGGCGTAGGCATGCGTGCCTTCCTCTTGATAATAAGTAAACGCGCCTACCCAGTGAAAATGCCCTTCTCTCACAAAGTCCAACAGTTTCTGATAATCCTTTTCTCTTTCCAAAGGATAGCCAACTATAAAGGTAGTTCTCAAAACCGCATTAACTATATTTTTCCTTATCTTCTCTACAAATTCTCTCACAAAAGCTTCATCATAACCCCTTCTCATGCTTTTTAGCACCTCTGTAGAAACATGCTGAAGCGGTACATCAAAGTAAGGCAAAACTTTCTCAGATT
NZ_CP076323.1_gap11	525584	527424	1840	AAAATGCTCCACTTCCTTATGCTGTATAACTCTTTCTTTATGGCTTTTCTTTTATACTTGTTGATTTCTTGACCATACCTTGCTTTGGTTTCTTCATACATGTCTTTTAGTCCCTCAAGACTGTAAGTTAAAAATTCTTTGTCTTTTAAAAGTTCTTTATAATTCTTTGGCGCTTTCTCTTTAAATCCTAATGCCCTTCTTCCTATCACATACGCTCCTGCTATGTCTTTAGTTATGTTGTATATGGGACAGTACCTTAACTCCCCTATCACTGATGTGTAAGCAGGATTTACCTCCGCCACCTCTATTCCTTCCCTTCTTGCCAGTGCCTTTATTTTGTCTGTCAAACCCTTGTATATCCAATAGTGTAGCCTTTTCCTTAACTTCCCTTTCCCATCTCCTCTCTGTCCTTTATTTACTCTGTTTAGCTTCTCTATGGCTATGGCTTTTCCTTTCTCTTTTGCCAGCTCTATTATCTGGTCTGCCTTCTCCCAAAGTATCTGCTTTATCTGGTTTCTGTCTTTGTTTATTATCTCACTCAGTGTTATCTCTCCGAAAGAGTTCAGGTTTCCCTTTTTATCTACCTGTGCATATGCTATGTGCAAAGGGCTGGCGTTTAGGTCTAAGCTTAGCACTCCGCTTTCTTTTGTTATCCTTAGCTATTGTGCTTGTAATAATGAGTTCATAAAATCTATCCACTTGTCTTTTTCTCTTTTGACTGTCCTTTGCACTTTTGCGTATATTCACTCTCTACTACCTGTGTTTATCTTCAGGTAAAGGCTATTGTTCTCAAGCTCAAACCTTGTATTGTTATTCCCTTTAGCTCTTTTGTTGCCTACTGAGTAAAGGCTTCCCTTTCTTCTCTCCTGCCAAAGCTCTTTCAGTTTCTCTCTTTGTTTTCCGTTTATGTTTCTTCTTTGCAGTTTCTCAAAGAGGTCTCTCCCTCCAAATATTACCTTTCTTGGGTTTTGGTTTCTTTCCAGGTAAGATAGCAAGATGCTTTTAGCCTTTATAACTGCACTTTGTGAGTATTTGGCGTTTAGTCTAAAAACTTTCTGAAGTTCTTTGGTAATGTTGTTGAATGTATCTAATGACTTTAGATTATTACTTCCCAGCAGTCTATTGTAGGCGTATCTTATGGCTGAAGATTGCACTCTCATAAGTTCAAGCAGTTTCTTTTTGTCTTTCTTATCAAGTATTAGTCTGCATTGAAGGGTTAGCATATGGAGTATTATAAGCTTGTTTGGTAAGGATAGACAATGGCTTGAGTATTTTTTAAACACCTTCAAAGGTAATTGACAGGATGCAAGTTAAAGATTAACATCTTATATAGGGGGGTTAAAGATGTCAAGGGCGCTGGTCACAACAGCGGGAATGTTGTTTTTTGTGTGTATATCGCCTGCTATGCCAGAAAGCTCACAGGAGGGTCTTAAAGTTAGCAACGCAGACGAGATGATACTTACAGCACTTAGTTATATAGATAGGAGTTACAGGTTCGGTTCGGAGAGCTCTTGGGCTATGGATTGCTCCGCCTTTGTGCAAAGGGTCTTCCGAATAAACGGTATAAACCTTCCAAGGTCGGCAAGAGAACAGGCTAATTACGGCATTCCAGTAAAGAGGGACAACCTGAGAGCTGGAGACCTTCTCTTTTTTGCTACCTACTCAAGCTATCCCTCACATGTGGGTATATACATAGGCGATGGAAAGATGATACACGCTTCTACCACGCAAGGTATTGTTATAAGCAGAATAGATGATCCTTACTGGAAAAAGAGGTTCCTCTTTGCCAAAAGGATACTAAGAGACGAAAAGGAAGAAAAAGATGACATAAAGGATATTA
NZ_CP076323.1_gap12	647631	649624	1993	AGGTGATGTGGAAGCCTTTGAGTTGGATGTCCTGTAAATTCAATGTAATCAAGCCTTTCTTCAAGAGCTTTTCTTAACTTATCCCTGTAATGGGAAAGTCTTGTCATCCTATCCTGGAGTTCCTTCATGGTTAGCTCTGCGGCGGCGCCAAAGCCTACTATGCCTGGTACGTTTTCAGTGCCGGCCCTTACACCTCTTTCCTGCGTACCACCTTCTATTAAGGGTCTTATTTTCACTCCCTTTCTTGTCCACAGAGCACCCACGCCCTTGGGTCCATACATGAGGTGTGCGGTAAAAGATGCAGCATCCACACCCCAGTCCTTTACATCTACAGGATAATGACCCAGCGTTGGTGCGGCATCCGTATGGAATATAACTTTGGGATTCTTAGACTTTGCTGCCTGAACAAGACTCTTTATATCCTGAACAGTGCCTATCTCTCTGTTGGAGTGGCCTATGCTCACAAGAACTGTATCTGGTCTTACTGCCTCACTTACCTGATCCGGGTGTATGAGACCGTACCTGTCTGGCTTTAGGTAGGTAACTTCCCAGCCCTTTCTCTCTAAGGTTTTAAGTGGATGGAGTATTGAGTGATGTTCTATCTCAGTGGATACTATGTGTCTACCCTTCTTTTCGTAAGCTTCCGCTATTCCCTTTATTGCCAAGTTGTTGGCTTCTATACCACCCGAGGTGAAAACTATTTCTTCCGGGCTATTGGCATTTATGAGCGTTGCTATCTTTTCCCTCGCAGAGTTTATAGCCTTTTTGGTGACCTGACCAAAGCTGTGAAGGGATGTGGGATTTCCAAAATGCTCTCTAAAGTAAGGAAGCATAGCCTCCAAAACTTCCTGTGCAACAGGTGTGGTAGCAATGTGGTCAAGGTAAACTACTCTCTGACCTACCTTCTTTATAAACATGCTTTACCTCCTTAAAATTTTCTCTGACACAAGTTTTGCTATGGCATAAAAAGCTTTGGAAACCTCCGATTCGGGATTTGCAAGAGTAACAGGCATGCCTGTATCGGATGTTTCTGCCACCTGTGGGTCCATGGGTATAGACCCAAGAACTTGCAGATTATAAACTCTGGCAAACTCTAAAACCTTTCCTTTACCAAAAACATAGTATTTGTTTCCACTTTCTGGACAGATAAAGTAAGCCATGTTTTCTATAACACCAAGCACTGGCACATTTACCTCCTTAAACATAGCTGTTGCCTTTTTCACATCAGCCAGGGCCACATCCTGAGGTGTGGTGACTATTATGGCTCCCGTCATATCAACATTTTGGGCAAGCGTCAATTGTACATCTCCCGTCCCCGGAGGAAGGTCAAGAACAAGATAGTCAAGGTTTCCCCAGTTTACATCAAAGAGAAATTGCGTAAGAGCTTTCATGAGCATGGGACCTCTCCAGATAATGGGCGTGTCTTCCGAAGGCAATAGAAAGCCTATGGAGAGTATCTTTATACCGTATTTTTCTATGGGTATTAGTCTGTTTCTTTCATCTACATACACTCTCTCACCTTTTACACCAAAGAGGGTAGGGATGCTGGGACCGTATATATCCGCATCCAGAAGACCAACTTGGTATCCAAGTTTTGAGAGAGCTACCGCTAAGTTAGCTGCCACCGTTGACTTGCCAACTCCTCCCTTTCCACTACCTACCGCTATGAGGTGTTTGACGCCTTCAACTCTTCTTCTTGTAAAGGCTGGCTGTCCAAAAGCTGGTGGCACTTCAGGGACACCCTCCACAAACCTTATGTTTACATTTTTTATCTCTGGCAAGTTTTCAAGGGCTTGATAGGTTTTTCGCCTTATTTCCTCCTCAAGCTCCTTTTTGGGGAGCCTGTAGACTACCTCAAGGGAAGAGCCTATGAGCTTAATGTCCTTTATCAGTTCAGTCAGTTTAGTGTTGTCTACGCTCACTTCCCTCAGGGCGTCCATTATGTCCTTTACTGCCATGCTATCCTCCTTTTCTTGAAATATAATTTATTTTG
NZ_CP076323.1_gap13	655597	658388	2791	CTATACGTAGAGGCACACTGGTAGCGTTTGTAAAGTTTATTATAGCCTCTTCACCTACTTGTAAATTATAATCACTCGTCGCATTCGTCAAATCAACTCTGCGGAATGTATACACATGACTCTTTACATAAGTCGCACTTAAATCCAAAACCCCATCTGCATTCAAAGGCACTATCACATTTGGCGCTGGAGATAAGCTTGCATGGTATCCATCCACAGTATCCGCATTTTGAGCATACGAAGCAGTATCAGACTGTAAAGCACGCTTGACTATAGATGTTGTCGGGTCATCATTCTGAAACGCTTTAGCCAATATATCAAGCTGTGGTAGTGCATTGTTTTTTGCTGTCTGGATTTCTGTTAAGGCAGATGTTTTTGCGTTTTGTATGGCTGTTATGGCATCTGCGCGTGATGCCTGAATGTTGTTTAGTGCTTGTATCTTTTCTGTCTGTATTTGCTGTAAAACATCATCTCTGCTGGTATTTATTATTGCGTCTGCGTTGTCTCTTTTTTGTTGTATTTGTGCTACAAGGTTGTCTGCTTCTGTTTTTTTGTTGTTTATATGTTCCCAGCTTGGTCTTAATACTTCTTCTATTCTTTGTAGTCCATACCTTGTTACTGCCTCAACTGCTCCTGTCCAGTCTTTTTTTATATCTTCAAGTGCGGTTATTCTCAGGTCTATGTCTTTGAATATCTTGTTAAATGTTTCATCTGACAGAACTGTTTTCTTTGTAAACCTGTATTTTTCAAACTGGCTTGGCATCGTTCTCTTCCTTGACTTTCTCTGCTTTGTCTTTTATCTGTTTGTATGTCTCTTTGCTTACTTCTATAACCTGTCCTGCATAAAACTTTTTGCCGAAAATCTCTATGTCTTCTTTAAGCCTGATTTTTACTGTCTCCATACTTTTACCTCCTTAGTAGGCTATGTCTATTCTTTCGATAACAGAAAACGGCTGGCTGTCTTCTGTTCTTGTGCCCTGTATGCGTATCTTGTAGCTGTCTGTCCCGCCGGTTATGTTAAATGTGTAGGTAAACCTTACTGCGTTTTGGTCTTCTTGCTGTGTTGTCACTATCGCAGGGTTGACGGTGTTTGAGCCTACAAGTAACTGGCAGGAGAGGGTGTGTTTTGTGCTGTCGTAGTTTGCAACAAGAACCTGCACTTCTATTGTGGTTCTGGGTGCGGATAGCTGTCTGGTTTTTGATACTGCAGTAAATGTTGTTGCAGGTCTTGATGCGATTATAGATTGCTCTGATAGAAACAGCGCTGGCTGCAAGTCTGCTGTGCCGAGCAAAACTGCTCTTATCGGGACTATGTCAGGTTTTGTGTTTAGTCTTCCTGCTTCTGTGATGGGATACCACTTACCACCTACATTTATTTCGTATATAAGCTGTGTTCCTTCTGGAACAATCGCAGGCGACTGTATAATTAAATCTGTTATCCCTCCTGCAAGGGATACCGGTTGAAGTTGCACTTCTGTCCTTGCTTGCTTAAACTGTGCTCCGTAAAGTGTAAACATTATGTCTTTTGTTAGGTCTCCGGTGAAATAATCTCCATCTGTTCCAAAGAATAGTGTTCCTTGTAGATAGTTCTGCCCGCTAACTGTTGCAACTTTGTAGCTGCCCTGTGTGATAAAGCATATGGCATACCTGCCGGGTTTCAGATATACAGGCGTTATGTTTATTATGGTCTCCTGCGGGTATTTTCTTATGTCTGACGGCTGGACCGTTGTCATCGTAAGGGTTTTTTGCAGGTCTGGTTTTCCGTTTGTGGTCTCGCAGATGATAATGTTTATCGGTGCGTTGTTATCCGTTTGTGTAAAGTATAGTCCAATGTTTGTGAGCCAGAAGGCAGAGGATATCAGGAAGGTTTGAGCTACTATCGCTCCGTTTATGCTGTGTGTGGTTGTTTCTAATCTGTATTCTGTCTGTGGTACCTGCACCCAGTATCCCCAGTATCCATGCCACCACCACTCATATCCATAATACCAATACCAATACCTGTAATACCAGCTCCAATACCAGTTCCAGTTCCAGCCATAAACCCACTGCCATGTATATGTGGTGTATCTTTTTACTTCATGGGTCTGCCACTGGTATTGGGATATGGATATGTCTCCTGAATACCCTTCTGTTTTTAGTTTTGTGGTCGGTGTAAAGTCTGGCAGCACAAGACTGTCAAATCTTTTTATATTTGGGTCATACGGGTTGAAAAGTGCAAGGTTTGCAACTGCTCTGCCTGCATCTGGGAAAAGGATACCGTTCTGGATTTTCGCCGTGGTGTTGTCTGTGTCTATTTTGCTTGTGTCCCCAAAGTAATCTGCATCATAGCTGTGGTATGTGTTTGGCAGGTTTAGTTTTTCTTTTACCCTTGCCATATCTGCGGCTATTTCAAGCACCTGTTTTAGGTCTGCTTTGTTGTCGGATTTTTTTGATAGTGTGGTTAGGTCTGTGATGATGCTGGAAATCCGTGGCTCTGTCAGGTTCTTCCAGTTTTGAAGCTCCACAAGGTCTTCTTTTACCTGTCTTAGCTTTGGTAAGACATATCTTTCAAGTCTTTCTATTTTCTCTATGCCGGTTGTGGTGAGATGAATGTATGCCACCGGCACAAGCCCCTCCTGTATCGCCGGTGGTTGTGGGTCTGCACTCTCTACTCCGGGGACTATGTTTACATTTGCAAGACGGAGTTTTTGCATTGCAACTGCTCTTGGCTCTGTTGTTCCTTGCACCACGTCAATAAGGAAGTCCCTCGGTTCTACTTCCGTTTCTACCTCCGAGCCCCACACTACTACGG
NZ_CP076323.1_gap14	663553	667022	3469	GCTTCTGTGGTTTCTAAACGACCGCCACATGAAGCTACACAGTGAAAATGTGGAGCTGAGGCATCATCTTGCCCAGCTCTGCCAATACATAGACAACCCGCCAAAGAAGCACAGGGCTGTTTATGACAAATGCCTTGAAATCCAAGGAGGTGATAGAAATGGCAGTGCAAGTAATTAAAGCAAGGGAAATCAAAACAAGACCTGTGCGGGTTCTTATCTACGGTGAGCCCGGTGCAGGGAAAACTACTCTGCTCGCCACAGCACCGAGACCTCTCCTTGTCATTGACTTCGAAGGAGGGTCTGATATCAGGCTTGCAGGACAAGACCAAATTGACATCGTGCTTGTCCACAGCAGAAAAGAGCTCGAAGAAGTCCTGAAGTGGCTCAAAACTCAGAACACATATAAGACAATAGCTTTTGATGGTTTTAGCATCTATGTTCAACAAGCACTCAGAGAGATACTCGAAGAGAGGAGCAAGCCCAGTCCTACTTTCTACGAGTGGGGTCTGCTGAGCTCTCACATGCGAGATGTAATACTTGCATTGCTGAAGCCGACTGCAAATACAGTTTTCACGGCTCTGATAAAAGAAGAGGAAAGGCAAGAAAACGGACAAACAATACGCTACAAAAGACCAGACCTGCCAAAAGCCATTCGCAACCAGTTAAGGGCTATCACGGACATAGAAGGTGTTCTTTATGCGAAGGACGGGCAAAGATTTCTTGGCTTTACAGCCCCCAAAGGTGGTGCAGAAGTTAAGGACAGGTCTGGAAGACTAAGTCATCAGGAAGAGCCAGACCTCGCAAAAGTTTTCTCAAAAATCTTCATCAGAGAGGTTAGCCAATGAAACCCTTCCTCCTTTCAGTTGCCTTCCCGCCTTCGGGCGGGCTTTTTAAAAACAAGGAGGTGAAAAGATGATAGTGAAAGTCAAAATCTCTGACATTACCATTCCGCAGGGACTTCTCCCTCGGGTTTTAACAGGCACCAAGCCTGAGGTGGTGGAAAGGTATGCAGAACTGTATGAACTTGGGGAGGAGCTCCCCCCGATTAAGGTCTGGAAGAGGGCAGACGGCTACTGGCTCATAGACGGCGCGCATAGACTTACCGCACTCAGGCAACTCAACAAAGAATATGTAGAGGTAGAATTGGTGGACTGCAGGGACGAGCTTGACTTCAGGATAAAAGCCCTGCAGGAAAACCTAAAGCATGGCTTACCCTTGAGCGTGGAGGAGATTAAAGAAAACGCACGGCTCTTATACAAGGCAGGGCTTAGGGATGTGGAGGAGATAGCAAAAATTCTCAGGAGGGCACAAAGAACAATCTACAACTATGTGTCTGACCTCATAGAGGAGGAGAGGAAGACGCAAGCTAAAAAGGTTTTGGAACTTAGGGAAAAGAGCTACACACAACAGCAAATTGCAAAAGAGTTGGGCCTTGACCAAGCAACGGTTTCCCGAATTCTAAAGGATTATGCAAAATTGCAATCATTGCAAAAATGCATATTCTCCTTCCCACCCTCCCGTGAAGTTTTGAAGCTCTTCTCAGACTGGCTTGAGACTATAACTCCAGAGGACAGAGACCTTATCAGAAAGTTTGAAAGCTTTGTGCGTCAGAAAGCACAGGAAGAAGGCTTTGAGATAGAAGGTGAGCCAGCCCGAGTTCTTGCCGAGCTTGTAAAAGATACCAGCGAGACTATGCGAAGGCTATTAGATGCAGGGGTTGACAGCTGGGAAGTAGCAGAAAAAGCCCTGACAGGGCTTCAGTTCATGCAAGAGTTGTCAGCAAGGGCAAAGAGAGTATGGCTGGAAAAGGCTAAAAGAAAATGGGAGGAGCTAAGGCAAGAGCAACACAGGAAGAGGATACTGGAAGAGTTAATCCTGCAAAAAGCAGAGGAGACTTTAAAAGATTACAGATACATTTTCTCAAGCTGGAATAATCTGGCACACGAGCTAAGACGCTACAACGAGCTTAGGGAGGTGGTGGAGAGTGATATAAGAGAGGTTCTCATAAAGCATGCGGACAGGCTAACGGAAATATATAACCAAGTCCCCGAAGTTCCAGAGGAAGTATTTTGGGGGCTTGTGGAGGATGTTCTGGAGGACTGGACAACAAGGACGGTAAGCTTTGAGGAAGCAAGGGAAGAACTATATAAGAGAGGATACAGACTGCCATACAGCCTTTACTCGCAGTATGTAGCAAAAAGAAATAAACAATTAGAAGCCGTATCTTCTTCACCCCCCTCCTCCTCTGAATTGGCAGGCTCCCAGCCTGCCCTTTCTACAGAGCCTGACTGGTCTGATTGGGGCGGTCCAGAGTGGAAGGAAGCAGAATCATCTAAAAGCAAGAAGTCTCAGAAGCCAGAGAAAGGTTTTGACCTCAATAAGGAAATAGACGAAGCCATAGAGCTTGCAGCCACGGCTCTTGCAGTATATCTAACGAAGCTCTCTCCAGACGAATGGGAGGAATACGTGTGGAAGCCCTTTACTGAGAAGATGATGTCGCTTTTAGAAAGTGTAAGAAGGAGACACAGATGAAGCTAAGGGCAATACAACTTTACCTGCAGGGTTTTTCTGTATCACAGATAGCAAAACTCCTGAAGCACAACAGGGCAACGATATACAGATGGATAAAAGGCTTGCCACAGAAGAGGAGGGGAAGACCGAGGAAAGTGCGTGAGATACCAAACGAGCTTATAGAGAAGCTTAAAGCCTTGCTGCTTGATGTTAACGAAGAAAAAGGCAGGAAAAGGACGCATTCTCTCAGACGAATATACCACCTTCTGGAGCTTGATTTAAGGCTTGTAGGCATAAACTCTCTTGCAAGTTTTTACAGGCTTGTGGAAGACTTCGTAAAAAGTGAGTGGGGAAGTTGGGAAAGGTTAGAAGTTGCAAGGAGGGGAATTAAGGAAGCTCCGAAGGTTTCGAAGGGTAAAGTGCAAAGAGAAAAGGGCTTGGTGGAGATAGACGCAACGGGCTATGTGTTTGCAGGAAAGCAATACTCTATCCTCTTTGCTCTTGAGCTTTACTCCATGAGGATTTTGGGCTTTTACACGGTAGAAAACAAAGAAAAGAATGCCACGCACTACAACAAAGCCTTCTCCAGTCTCGATGTTGCTAAGTTTATGTTTCAGTTGTTTTTAAGACACGGCGTCCCCAAGGCAGTAAAAACGGACAATGAAAAAATTCTTACCTCTGAACATATCACAAGGGCTTTGAAAGAACTCGGAGTTGAAATTCGCAGGACAAAGCCTTATCAGGCAAACCAGAAGCTTATAGAACGGGTCATCAGAGAGCTAAAAGACATAGCAAGAACTATCAAAGCAGGGAGTATAAACGACCTGATAAGTCTTGCGATAAACACATACAACCGCACTGCACACAACTTTGAACACTTCCAGAAGCCAGTTGCACCTGCAGAGGTTGAATTGCAAGGATTTAGTGAGGTAGACGAAGGCAGACTTCGCAAAGCCTT
NZ_CP076323.1_gap15	668310	671585	3275	GAGATGGGCTTTTAAGGCGTATTGTAGAAAACCCGCCCGTTTTTGCTACACTGCATGCGGAAGAGGAAGATATACAGAGAATTATGAAATCCTGCCAGGTGTGTGGGAAGTTTTTCATCCCAAACCGCTCGGACAATCTGTATTGCTCCCCCACCTGCAGAATGCAGGTAAAGCAGGAAAGGACAAGGCGTATAAGAAAGGCCAGGGGCGTAGGAACAATAAAGAAAAAGTGGACGCAGGAGGAGATAAAAAGGCTTGAAGAACTGGTCCACCGCCCTGCAAAGCCAGGGGAGATAAGAATGGCGGCAGATGAACTTGGCAGAAGCATCGAGGCAGTAAGGAGCAAGCTTAAGGAACTAAAACGCTCAGAAGGAGGTGAAAAACATGCGCAAGTGTAAAACTCTACTGAGACAACTTGAGCAAGTTCTTGAAAGCAAAACAGGGCAAGAAGCTTACAAAAGGCTCACGAAGATAGTTGAGGAACTGAGGCAATATATCCAATTTCACGAGGAGAGGGCAGAACGGTATGGCAAAAGCATACAACATCTTATGGGGTGGTATATAAAGTTGTGGAACGGCACTCCTCCAGAAAGCTTTGGCTATAGCAAATGGCAGGATAGGGTAGGCAAAGCATTAAGGGAGTTGATACAGATATACGAACAAAACGGACTTGGGGTAGAGGACATAAAAAAGGATTACGAAGAGTTTAGAAGACTAAAAGAAGGCTATCTAAAAGGGGACGGCTCTATAACATGGTTCAGAACAGTCCTGCCAAGAATAAAACGGACACACCGAGAAAGTGGAAAGTGGGTATCCCCAGAAAACACTCGGGGGCTTGACTACTACATGGATGACATAGATGACATGCCCGACTGGGCAGAGGAGGGGTAAGGATGAGAGCTAATAGGCAGGAGATGATAGAGCTGGCTAAAAGAATTCACAGGACACTTGACAGTATAGAAGAAATGTTGAGAGAGGAGTTTGGGGATGACTATGCAATACTGAAAACGGTTGTTCTAAGACTTACAGCACTGAGGGGTAAAGCTGGGGCAGAGCGAGTTAGCACAAAACAATCTGCTCTGAAAACTGCGCAACAACTAAAAGAGGAGGTAAAGGAATGGTTAGGGCGGTAAAAAACAGAGAAGAGCTTGAAAAACTCTATAAAGGCAGGCCAGTGGTTTCAATAAGAGAAGAGGAGTATTTCTTCTGGATAGAGTTGAAAAACGACAAAGGCACATATCTGGAAAAAGTGCTTAAAGTCCTCAGTCTTGAAACTATACAGAAAATCCTTCTTGGGCTTGGCTTTCCACCCAGAGTAGTAAAAAAACTGCAAGAGACAAAAAAGACAGACCTCACGGAGTTTTGCCTGAAAACCCTGCATGCGGGCGGGGTAATTCTTACTGGACCTGCAGGAACAGGCAAAACGCATGCGATTATTTATGCCATCGCACAGCTGCTAAGGAAATACAGGGTAAAAAACCCGCTCTACATCTCCTGTCCAGATATGCAGGACTTTAAAGCCCTGCGTGAGGCATACAGAGAGGCGGACATGATTATATTAGATGATGTTAGCAAATTTCTGAGAGATTTTCACCTTGACTTCGTGAGAGAGGTTATATATCACGTCTATAACGAAGAAAAAAGGCTTGCGATAATAAGCAACCTGGATATAAAAGACCTGTTTGGCTTGCTTGCAGAAGAGCCGATAATTTCCAGACTGAGAGAGGTGTGTGTGTTGAGGAGGGTGGAGGGCGCTGATTTACGCTTAAAACCAAAATCTCATAAAGGAACTGTGAAATCCTTGCATGATACTTAACAGGAAATCGCTAACTTTGAAAATAAGATGACAGAAGTTCTTTACAGTATACAAGAAGTTGCAGCCTTACTAAAGGTTTCACCACGCACGGTATACTCCTGGGTTGATGCCGGCTATCTAAACGCCATTAAGCTCCCATCCGGCACACTGAGAATAAAACAAAGCGACCTCGCAACTTTCATAAGAAACAATCTCACGCAAGACGAGACAATCCCGCAAAGGTTGAGAAGACCAAGCAGGTCTATGCTAAAACAGGCAGACCTGAATTCTGTAATAGTTTCCTCTTTAAAACATGAACTCAAAACCCTACAGGAAATAAACAACTTACAGCTTTTGAAATTTAAGCTCTCTCAGATAATTCACAGCCTTGAAATTCTTGCTTGAAAGCCTCTCGTAGCTTCTGCAATATTAAAGCCATGTCCTACGCAAAAGGAGCACGTATAGAAAGAGAAATAAAAGCTCTGTTTGAGCAGGCGGGCTTTCAGGTAGTAAGGTCCGCAGGTTCGCACACAGACACAGACTTATATATATATAATAAGGAAATAGGTATCTCTCTCGGGGTTCAGGTCAAGGCTCGCAAATCCCTGCAGGTCTACGCCTGGCTTTCTTCTGCAGACGCCCTTGTGCTAAAGGCAGACAGAAAAGAGCCTCTTATTGTCATGCCTCTGAAAACCTTTCTGGAGGTAGTCAAGTGGAGACAGCGGTAATAAACTCAGTAGTCAGACTAATATCTGAGGAAGCTCTGGCTCTGGTGGTTTTGCTTGCGCTAATCTTTCAGCTTTTCTACATGAACAAGGCGATAGAGCGGGTGGAAAAGGCGGTAAGCAGGCTAAAAGAGGATATAGAGGCTTTAGAGCGAAAAAAGGTAGACAAGGAGGTTCACCTTCAGGATGTGTCCGGGTGGAGGTGGGAAATACAGAGATTGGAAGAGCGGATGGAGAAATTCTTCGACAGACTCACCGAGCTTATACAACTTCTGAAGGAGAAATAAGATGAGAGGCAGAATAACTGCTCTAAGAGGAAGAATTTTACAGCTTCTAAAACAAAACATTGCAGGACTGGACAGGGATGGCATAGTGCATGTGTTTTATCAGTATTACAAAGTCTCTGAGATAGAGGAAGCCCTGCACTATCTGGAAGGCAAGGGCTATCTACAAGCAGAAGAGGTTAAGCTAAAGCCTTATATGAGCTACAAGGTTTACAGAATAACTCCAAGGGGTATCGACCTCCTTGACGGCATAGAGACAGATAAAGGTGTAGCTGTGCCACAGGAGGAGGAATGATGGCACGCAGAAGCAAGGCAGACCTGCTGGACATCATACAGTATATCATTCACCTTTACCACAAAGAAAAAAGAACTATCAGAGAAATAGAAGCAATTCTGAAGTCAGAGGGCTACAACATCTCTAAAAGCGCGATACATCGCACACTGAGAAGCTATGCGGACACAGCAAAAGAG
NZ_CP076323.1_gap16	715247	716246	999	GCTCTTCTTCTGGTGGTGGTGGAGGATGCTCACTCTCTTACGGTGCCAATCCTTTTAACGCTGTTGCGTGGCTACTGGTACCTGTGCTTGTTCTGGCAAGGAGGATAAGAAGGTCATGAAGCTTTTAATGGGGGCGCTTTGCCCCCTTAATGTGTTAGAAAAGGGTGGGGGGAGGGTAAAATAAAGCCGTAAAAATAAAGCCGTAAATCTCTTTGGGAGGTAAGAGGTATGGAAGCACAGCTTGTAGAGGAAGCTCTTGAGCTGAGGCTTGATGAGAGACAAGCCTTTGAACTCATAGGCATGGGGCTTTCTGCAAAAAGGAAGGTCCGCCTTATGCGCGCGCAAGAAGAGGAAGAAGGCAAAAGCTTCTGGGAAGAAAACAAATGCCCTATCCTGAAGGTTCTTTGCAAAGAGGTGTCTGTAGGCAAAGCACTAAAGGAAGCCTTAGTAGCAGTAGCAAATTTTTTGCGTTCTTCCTTGGGTCTTCCGTATTTGGTGGTGTTGGCCATCATCTCTCTTCTTGCACGCATAGGTGTGGAAGTTCTCTGTGAGATGTTCAAAAAAGAATGTAAGGAGGTGGAAACATGAGAAAGCTTGCACTCAGCCTAGCCTTTGCTCTGAGTATGATGGGTGTATCTCATGCTACTTACTACAATCTTGGCACCAGCGCCCCACCTGCTTCTGTAGGGGGTTGCACTTTTACTCCTTTTGACCTCACCGCCCAAGCAGCAATACCTGACTATAATCTTGTAACCACCATACCCGGTGCGCCCGCCGGCTACACACTAACCACATCCTATTCAGTAGGAAAGCGCACAGTACCCTTCAGCTGGATGACCTGGTCTCACGGCTATACTGGTCCGGTGTTTTTCACTGGCTCTGGAAAAACCACACTGACCCTGAGCATAGCGCCAGCGGTTTCTGGTTTCATGCTATATGTAGAACCAGATAATCAAAACTTATGGTCTTGTACTGTCTCCACCGATGCAGGTGATAATT
NZ_CP076323.1_gap17	734870	739868	4998	CAGATAAGAGCATGGGTGGTAAACAGGTTTTATTACCAAAGGATCTTGCCCATGAAGGATGCTGCCATCATATCCAACTGCCCCTTTCCAGAAGTAAGACGCATATGGATAAAGAGAATACTCAACCACGATAACTATGGTATAGAGATGTGGATAAAGCTCGGTGAAGCAGTAGGTCTTAGCAGAAGTGACTTATTGGAAGGTGCTGTATTACCGGGAGTAAAACTTGCCTGTGATGCATATCTGGATTTCTGTAAAAACAGATCGTGGCTTGAAGGAATAGCTTCTTCTCTTACAACACTTGTAGCTCCCAATGCACACATGGAAAGACTTGAACACATGAGAAAGCATTATGAGTGGATAAAACCAGATGGTTTTGAGTACTTTGAGTGGAGACTTAAAGAGGGACCAGAGGATAGTCATATGGCTCTCAATATACTTAAAGAATACATAAAAACAGAGGATGAAAAGGAAAGATGCATAGAGGCTCTCATTTTTAAAACAGCCGTACTTTGGAACATGCTAGATGCTCTATACATGGAGTACATAATTAATGGGAGAAGGGATTATGAATGAGATAAAAGAGCCTGAAGTATTGGTAGCTGAGCTGACGTATAGATGCAATATGCACTGTTGGTACTGTTATAATCCACAGGATCTCAACGAATACGCCCCTCAAAAAGAACTTACCACAGATGAATGGAGAAAAGTCATTAGAGAAGCTGCAGAACTTGGTATAATTCACATTCACATAACAGGTGGGGAACCTACAATAAGACAGGATTTACCTAATATAGTACAAGAAGCTAAAAATTGTGGGCTGTATGTTAATCTTATAACAAATATAACTCTGTACGATAAGAAATATTGGGAAGAACTTGTCAAAAAGGGAGTTGATCATGTACAAGTTAGCTTTCAGGCACACACAAAAGATTTGAATGATCTAATTGGGGAAGTAAAGACTTATGAAAAAAAGTTAAAAATATTATCATGGCTTAAAGAAACAGGGGTATTTTTAACTATAAATATTGTCCTTCATCGATGGAATATAGATTACATAGAGGAAATCATTCAATTTGTTTATAATCTTGGAATACCAAGGTTTGAGATAGCCATGCTCCAATTTGGTGGATGGGATTGGAAGAACAGGCTTTCGCTTATACCGAGCAGGGAGAGTGTTGAGAGAGCTTATAGGATAGCCCAGAAGTATAAAGAAAAGTTTATGGGAGAAATGAACATAACTATGGTCGCTCTTGATATATATGAAGGCAGGCCAAAACCTTGTACTTATGGCTGGGGAAACAAGTACATGGTAATAAATCCCATTGGAGAGGTGCTTCCATGCCATGGAGCAAAGGTTATAAAAACCTTAACCTTTGAAAATATACGAGATAAAAGCCTATATGAAATATGGTATAATTCAGAATCCTTTAATGCTTTCAGAGGTTTCGCATGGATGAAGGAGCCCTGCAAGAGTTGTCCAGAGAAAGAAAAAGATTTTGGTGGTTGTAGATGTTTTGCATATCTATTAACAGGAATGGCAGATGCTACAGATCCAAGCTGTGAATTATCACCCCACAGGTACTTGGTGGATAAGCTTATACAAGAAGCAAAAGAGCGCTATATGTCACCAGTAAAAAGAGGTATTATAAAATGATTGAGTTAGGAAGCTCTCTTTTACCCTTCGAGGAGTTTATAAACACCTTGAAAGATTTTGGTAAGGATAAGTACCATATCCATCATCCTTTTCACAAATTGATGGTGGAGGGCAAACTAACGCCAGGACAGATAAGAGCATGGGTGGTAAACAGGTTTTATTACCAAAGGATCTTGCCCATGAAGGATGCTGCCATCATATCCAACTGCCCCTTTCCAGAAGTAAGACGCATATGGATAAAGAGAATACTCAACCACGATAACTATGGTATAGAGATGTGGATAAAGCTCGGTGAAGCAGTTGGACTAAATAGAGAGCAGATTATGGAGGGAAATGTACTACCAGCGGTAAGGTTTGCCGTAGATACTTACCTTAACTTGTGTAAACATAGAAGCTGGATATATGGAGTTGCGACCACGCTTACTGAACTTTTTGCTCCTCAAGCTATAGAGGAAAGGATAGTAGCCCTAAAAGATAAATATCCTTGGATTAAACCAGAAAGCTTTGAGTATTTTGAGTGGAGATTGTCGCAAAAAGGAATAAGTGAAGATTTCTCAGGTACAATTAACATATTGAAAAGTCATGTTAAAAGCCCGAAAGATCAAATGGAGTGTATAGAAGCACTCTCTTTTAAGCTTGATCTTCTATGGTCTTTACTTGATGCAGTTTATTATGAATACATTTTGAAAAATGACGGAAAAACGCCTTACGATTAAAGCTCTTAGGAGGCACACAATATGGAAGTTCTGTTTCTTGGAACTGCTGGGGGTGGTGGTCTTCCTCAATGGAACTGTAACTGTCCATACTGTAACAAAGCAAGAAGGGGAAGCATTCCAAAAAGGGAAGAGTGCTGTGTTGCACTGTCGGTAGATGGAAACAGTTGGATCCTTGTAGATGTGCCTCCAGCTGCGGGTTCACTGATCACAAGATATGAGGTACTTGCTCCTGCCCATGTAAGAGAGACTCCAATTGTATCTCTGTTCTTAACACATACAGATATAAATCATATGCTCGGCATGTTCACCTTTAGAGGCCCAACTACACATACAGATGCATATCTTACACTTTACTCAACAGAAGCTACAGAAAGGCTTCTGAGAGATTACTTTAAAGCTCACAGCATAATAAAGGTAAAATGGCACACTTTGGAGCTAAATACATGGAATGACATAGTGGATGTTCGGGGAAAAAGATTAGGCCTACAGGTATTTCCTCTCCCCATACCTGGTAAACCGCCTACCTATCACTGGCACGAAGAAGAGGGTACATCCGTAGCACTTTTCATAAGATCCGACAAAGGAAAAAGCTTACTCTATGCTACCGTTGTAAGGACTGTAACAGAGGAGCTTAGAAAACTTATGGATGAAAGTGATTGCGTTATATTTGATGGGACCTTCTGGGAAGAAGAGGAGTTACTTAAGTATGATCCTAAAGGAAAAAGATCAAAGGAAATAGGACATATAACTGTGAAGGAAAGCCTTGACATCTTAAAAAGCTGCAAAGCAAAATATAAAATTTATACGCACATAAATAACACGAATCCCATTAACGATCCCACTTCCCAGGAGTATATGAGTGTTTTGAGTGCGGGTATTATTGTTGCTTATGACGGTATGGAACTTTCTATTTAGTTATTATGAGGAAAAGCACTGCACTTTTCTTCGTAAGTTTATCTCTTTACCAAGCAAGTAACTGGTTACAAAATACTACCCTAAACTTTTATGTATATTCAAAGGCTGGATCTACTTTAAGCGTGGGTATTGTACAGTTTTTACAGTACTTGCCACTTCTATTTTTACCTCTTTTCGGAGGTATACTTATAGACAAATTTGACAAATACAGGATGCTTTTATTTACCCAATTTACCTTAATGATTTTATCCTTCCTGCTTTACTCAGTTGCAAAGGATGATATCAATAGTACGCTGCTCAATGTATTTTGTGTAGTTGTGCCCATGGGTATTTTAAAGACCCTTGATATACCCCTAAGACAGACTGTTATGGCACACCTTGTAAGCACGGATAAGCTCAGAAATGCTACATCCTTTTACTCTACAATAGTTAATTTCTCAAGATTTATAGGTCCTTTTCTTTTTGGTATAAACGTGTCTATTTTTAGTGTAAGGTCTGGCTTCTTAATATCCGCATTGCTTCTTATTCCCAATGTGTTTCTTCTGAGCCTCTTAAAAGAACATATAAAAAGTGGTGGTAAAACCCCCACTTCGGGTAATGTTTTTAGCGCTATAAGTTTTCTATTACAAAGGAAGGATGTGAGGAATATCTTTGTCTTTGTATTCACAGTGGGTATATTCGGATGGTTCTTCTATGTGCTATTGCCAGAATACATTTACAAAATTTTAAATTTGCCTCCATCCGCTTATGGCTATTTAACTTCTCTGTCAGGTGTTGGTTCTGTACTTGGCTCTCTCTTACCACTGGCACTAAAGGATGTGTATGCATACACTCTTATGAAATTGGGGATACTTTTATACGCTTTTGGAACATCCCTGTGGTTTGCATCCCTTTACTTTTACCCTTTATTGGGCTTAGGTATATTCTTAAATGGCTTTGGCTTGTCTCTATTTTATGCGTGCGCAAATGCTCAAGTACAGATAGCTTCTCCTAGACATATAAAAGGAAGGATATTGAGCCTATACACATCCATCTTTATTGGCTCTCAACCCTTAAGTTTTATGATTGGAGCATTGATACATAGGTACTTAGGCATATGGATGACTCTTCTTTGCATTATCCTCGTATGTATCATTCTTTTTGTTTTCATGAGGAGAAAAAGTCCAATAGGCACTCCTTTTTGAGTTCCATAAGGAGCTGTAGAGTATCCTCCTCAATGATTTTGGGATCACCCGTATAAGCACTTTTTAATTCCTCAATAATCTCGCCGAGCTTTTTTATTCCATCGCACCTTCTGAGTATATCCCAAGACACATCGTCTAATTCTATGTAGCCTTCGGGTATAAGAAGTAGCTTTCTGTTTGCTGTCTCTCGTAGCACTACACCCTTTTTCAAAATTGGTATTTTTTCATACTCTATCATTCCTTCAAAAGACCTCTTACCTTATCCTCCCAACCGCTATTTACCAGCGTGGGCTTCCTGAGCCTCCTCTTCCTATCCTTAGCCTTCTTAGTGTTGTAGTGAGAACCTCCTGCGTGCCACCTCTTTATCTTTCCTTTTGCAGTTATCTTAAACCTCTTCTTAGCGGACCTGTTGCTCTTCATCTTCACCTTAGCCATTAGATCTAACCTCCGTAATATAATTATAACATGATACTTCTCCTTCTGTGGGTTAGTTTAGCCTTTGCCGCCGAGTTTTGTATAAAACCCG
NZ_CP076323.1_gap18	803969	807598	3629	CACGAAAAATCTTAATAAGTATGCTACCTTAGTACTCATGGGGAGAAAACCTGCTGAGCAGTGGGAAGTGCTAAAGGGTAAGAGAAAATTGCAGGACATGCTCTTTACAAGACTCAGAACCAAGTGGGGCATTCCCAAAGAGTACGCAAATCTAATACCAGAGGACTTATCTGAATTTTTTGAAATAACCAACGAAAGTATCAGGCTCAAAGAGGAGGGTATGCTTCTTATCAACGAGATACTCCTCAGAGTTTTCCGTCTTTTGGAGGCGAGGCATGATCTACTACCAGATGAGGAAGCTCCAGCTAATTGGCAGGCTACTCTTTGAGGAGGGGCTTGTGGATGCAAGAGCTGGAAATCTATCTGTCAGGGTAGGTGATAAGATTCTCATAACCCGGAGGGGATCTTTCTTGGGAGACCTCAGAGATCACGACTTTATACTTTTGGATATTGAAAAGAAGAACCTTCTTGATGAGAGGGCATCTTCTGAGCTTGTAGTCCACAGGGAGGTTTATTTAAAAACACAAAAACGTGCTGTAGTTCATGCACATCCTGTGAGCGTAGTAAAGCTCTCTTTTGAAAAAGACCTTATAGTGCCAAAAGATTCGGAGGGTGAGGAGCTCTTAAATAGCGTAAAGGTAATTCCAAAACTGCCTTCTGGAAGTTATGAGTTAGCAAGAGAGGTGGCAAAAATTCTTTCTACAAGTAAGCTGGTGGTGGTGCGGGGACATGGGGTTTTCAGTGCGGACACGGATGCCTTTTATGCTTACAGTCATATATCTGTCCTTGAGCATTCGTGTAAAATACTGCTTGATGAATGAGATACTCTACAGAGGCTGTAAGATACCCTCGGACCTTTATTACGATGTGGAAAATCAGGTTTGGTATAAGCTGGAGCCTGATGGCACAGTGAGAGTTGGAGCAACGGACATAGGGCAGACAAGGGCAGGCAGAATGGTCAATGTCAGGATAAAAGCACCTGGCAGGCTTGTGCCAAAGGGAAAGCCTATTGCGAGCCTTGAGAGTGGAAAGTGGACAGGTCCAGTTCCTGCAGTCATAGAAGGTCAGGTGGTGGAAAGAAACGAGGCGCTCTTTGACACACCAGACCTTATCAACGACGACCCTTACGGCAGAGGATGGATAGCAAGGCTAAAACCCACCAACTTAGAGAGGGACCTCAAAGACCTTGTCACTGGTGAAGAAGCCATAAGAAGGATGAAGGAATACATAGACAGGGAAGGCGTAGAGTGTAAAAGTTCATAAAGCTTTTGCCAGCAGGGAAGGTATGAGTTTTAGCTCCTCATCCAGAATGGTTCTTGTGTCCAAAAGAAGCTGTTCTTCTTTTATTCTGCCTATTATGGGCGGGTCAAGGCTTCTGAGTCTTCTGTCAAGCTCCTGGGCTGTTAGTTTTTTGTGTCTTATTACAACACAGTAAGTTTCAAGGCTTAGTTCGGGCAGAGACCCACCTCCGCACTTGGAGAAATCCTTAACAAGATAAGCCTCAAGTTCTGGGATAACTCTCTTTATGGCTCTTATAAGTCTCAGTGCACGCCTTTTTAGTTCTGAGGCTTTGTAAGTTAGCATCTTAATTATTGGTATGTCCCAATATCTTTCCTCAAGATAAAGCCTTAGTGTCATTTCAAGCGCTGCCAGTGTCATTTTGTCTATCCTGACCACCCTGCTGAGGGGGTTTTTCTTTACAGGCTCTATAAAATCCTTCCTGCCTATGATGATGCCTGCCTGAGGACCACCTAAGAGTTTGTCCGCACTTCCCGAAACTATGTGTATGCCTTTTTGTATGGAGCTTTTAAAGTCAGGCTCTTGGGAGTTTATACCCAGCTTTTTTATGTCAATTAGCATCCCGCTACCAGCATCGTAATAGACGGGCAGTCCAAAAGTCAGAAGCTCTTCTGGTTTGACTTCTTCCACAAACCCTTCCATGTAAAAGTTGCTTCTGTGAACTTTCATAAGCAGGGCGGTATTTTGATTTATTGCCATCTGGTAATCTCTTAATCTTGTTTTGTTAGTGGTACCTACTTCTATCAGTTTTGCACCGCTTGCTCTCATTATGTCAGGTATGCGAAAACTTCCACCTATCTCCACAAGCTCTCCCCTTGAAACCACAACCTCCTTACCGCTGGCTAAGGTATTAAGCACCAAAAAAACCGCGCTTGCATTGTTGTTTACCACAAAAGCCGACTCACAACCTGTAAGATGGATAAGGTAATCCTCCACAAGCTTTGACCTTGAACCTCTCTTTCCCTCCTCAAGGTCATACTCCAAGTTAGAGTAGCCTGTTGCTATGTGTTTTACAAACTGTCCCACCTCCTCGGCAAGTGGCGACCTTCCCAAGTTAGTGTTTATTACCACACCAGTTGCGTTTATAACTCTTTTTAGCTTAGTTTGAACCCTCCTTTTTATATTCTCCTCCACAAGTGTGTAGAGGCCTTCCAAGCTGTTCCTTTTGCCCTCCTTTATCTCCTGACGCACCCTCTCCAGCACTTCCTTTATGGCTCTTTTGGCATAAACCTCCGGATACTTATCTTTGTATAACTCTAAAAGTTTAGACACCTGTGGCAGGGACCTGAGAAGGTCCTCCTTCATCTTATAAACCTCCTCACATCACCTTCTCTCACAGTCAAGCCCTTTCTGTCCATATACTCCAGCAGGGGTATGAGATACTTTCTTGTAAGTCCAAGCCTTTCCTTAGCTTGCTGGACGCTAAAAGTCTCCCCTATCTGCCTTAGCTTTTCCACCAGCTCTTTAAACAGAGTATCACTTATGTAAAGGAACTCCCCCAGGCTGTGTATGTATCCTTTCTTTATAGCTATTGGAAGCAGGTCTTTAAAATCAATAAGCTCCTTCTCTTCCTTTATTTGGCTTTTCATGGTTTCCATGAGTCTTTTAAAACTTTCAAGCTCTTCAACTTTTGATTTTTTCTCGCTCAGAAGGTAATCCTCTACTATTTTAAGGTCCTTCCTCTCCTTGAGAAGATAACTCAGCACATCCTCCTCCAGCCTTAGCTTGCTCTTTAACTGTGCAAGCTTTACCATACCACCGTGTTTCTCAATAAACTCAGTAAACTTTTCCTGAACTTCTTTTAAAATACCTTGGGAGTAAATACGGTCATTTATGCGTACCCCCGCTATGTGTTGGGGATTTACAGCCCTTCCTAAGGATGCGCTTATATCTTTTATCTTCAATCCCTTTATTCCAGCCTCCAGAATCTGATAGCCTATCAGGTCATCCCTGAGAAGATTTATATGATTTCTTATAAAGCTTTTGGAAATCCTTTTGGGAATGGGGTCAAGGACGGTAAAGCTTCCTGCGTATATGCCAGATGTATCAAGCACCGGACCCTTATCACCTCTCACACACACAACCTTTTGAGATAGTCTAACTAAATAGACATCTTCTTGCACATGCCTTAAAAGTCCCAGCACACCTCTCATGCCAAAAAAGAACATGTACTCTTTGCCCGGCTTTAGACCTTCCGCGGATACAAGCACCACATTAGTTTTTAAAAGTTCATCCTTTTTTACAAGCCAGAAGCCCCTCTCTACAAGCTCCGCATCCATTTCAGGAATGTTTAATGCAAGCCTCTCTCCCGCTCTGCCCTCTTTAACAAA
NZ_CP076323.1_gap19	811984	814933	2949	CTTTTGATCACCGTTGATAACGGTACTACCGCTGTTGAGGAGCTTAAAAACTCCCCAATAGAGACCATAGTGGTGGACCATCACAATCCCCACGAAGAGCTTCCCAATGCGCTGGTTGTAAACCCAAAGATAGACGAAGGGCTACCCAACGAACTAAAGGAAATATCCTCGGTAGCCTTGAGCTTTTATTTGGTGGCAAGGCTCAGAAGAGAGCTGGAAGTAGATGTGGATGTAAGAGATTACCTTTACCTTACCTCCATAGGCACCATTGCAGATGTTATGCCACTCAATCCTCTGAATCGCATACTTGTATCCAACGGTATCAGGATGCTAAACTACATTGCATCAGGTGGGGAGACAAAAGCTTACGGTATAAAAGTTTTAATGGAGAGCATAGGCATAAGGGGCGAGGTCACCTCAAGGGACATAGCCTTCTCTATAGCTCCAAGGCTCAACGCACCGGGCAGAGTTTCAAAACCGAGTATAGCCATGAACTTGCTCCTATCAAAGGACGAAAATACTGCCAGAATGTGGCTTAAAAAAGTGGAAGAGGCAAACGAGCAGAGAAAGTATATCTCCAATATAGCTTTTGAAAAAGCTATGAGTGAAATAACTTCCAAAAAGGATAGGAACTTTCTTGTGGTGCGTATGGGCGAGTGGGCAAGTGGAGTGGCTGGCATTGTGGCAGGAAGGCTCTCCAACATGCTTTCAAAACCTTCTGCAGTTTTTTCCGTAGGTAAAGACCTGGCAACCGCTTCCGTAAGAGGCGTGGAAGGTATAAATGTTTACGAGGGACTAAAAAAGCTTTCACACATGTTTTTAAGGTGGGGAGGGCACACAAGCGCAGCAGGTCTAACCATAAGAAAAGAGCATCTGGACCAGTTTGAGATGATGATTGACCAAGTGTTTTCGGAAATAAAGGGAGAAGAACCAAGATTGTATATAGACATGGTTTTGGATCCTACCCATGTGGATGAGGGTGTTCTCAGAAGTCTCAGGATGCTTGAACCTTACGGTGAAGGCTTTCCACAGCCAGTGTTTGTATCCGAACCTCTGAGGATAGAGAAGATAGAGGAAAACAACGGCAGATGTGTTTTAAAAGCCCATCCTAACATAAATTTCTTTGCTTACAATGTTCAATGGAAAAAGAACATAGAGAATATCCTTTTCTCAAAAAGAAGGGTAGTTTATACCATAGATACAAGAAAGAGCAACTTTTTCAACCTTGTGGATGTGGAGGACTTAAATGGCTCTGGGTAAAAGCCACGATGCTGTAAATTTACTATTCCTTCCACTACCTCTTTACTTTTTACCCAAGGAGTTTTATATCCCCTTTACCTTAGGTTATCTGATTGGCACCTTTTTCCTGTCTCCAGACCTTGACCTCAGACACTCCAAGCCTTCCAGAAGGTGGAGGAGCTTAAAAGTTTTGTGGCTACCATATCAAAAAAGCTCAAGGCACAGAGGCATGAGCCATGTACCCATTTTGGGCACCTTTCTGAGGTTAATGTATTTGAACCTTCTGGTAGTTTTTCTTTACTTTGTAGCCATTAGCGTTTTGTATACTGTAAGCCCACATCTATCCTACCCGCTTCTGTCTTTTGACCTTAAAGCTTTCTTTGATCATCTTGCCAAAAGCGAGTCAAGCTTTTACTTTCTCTTGGGACTCTTCCTTTCGGAGATCCTTCATGTACTTTTGGATGCCCTCTTTACTTTCAGACGCACTTTATTAAGAACTAAGTAAGAAAACTCCCTCTTCTAACGGTATATAATTATTACAATGGTAGAGGAAGGAAAATTACCTACTGTGAAAATAGAAGTTGGGAAGGATAACAAGGTAATAATCCGTGTTCCTTATGATCTACTCTGTCCAAGAATCCTGTTAGGATCTTTCTGACCTGAATATCCTCCGTTATTCTTCAGCCACACCATGCCCACCTCTCATGCCATCCCTGCCATTAATAGTGTGTTCATTATTCCTACCTTAAACACAAGCTCCCTCCTTATGTTCTCAAACCTCTTACTCACCACATACTCCCCAAACCATCGTTTAAAGGCTGAAAAGAAACTCTCAACAAGCCACCTCTTACCATACTCTACCATCTCCTTCCACTTTTTCTTACCCCTCCTTATCTGCCTTATCACATGGTCCCTTACAGTATTGCCCCCTATCTTCGCATCCTTCCTCACAAGCACTGCAGGCTCTATACCCTCCTCTCCCAAATACCTGAAAAACTCGTGAGTGTCATATCCCGCATCCGCTATTACCTTGCTTATCTTCTTGCCCTTATCCTCCCCCTCTTTCTTTGCCCTCTGAAGTAGCTCTTTCCCCTTCTGGGAATCATGAACTCTTTCATCCGTTACTTCCATAGCCACTACTTTCTTCCTCTTAAAGTCTAAGGCTACATGAAGCTTTATCCACCCCTTTCTTGCCTTCTTTCCATGCTTCTTCCTGAGCCATTCTCCTCTGTTGGTTACTTTTATGCCTGAAGAGTCAAGGATTATGACAAAATCGTCAGGTAGCTCTTCAGGCTCTGGGGAGTCTGAAAGGCTTATGTCTGAGTGGGTGAATCTGTAATGGAGTGTTCTGAAGTTGGGTATCTTTAGTCCTAAAGCACCGAAAACTTCTCTTGCGAGTCCTTCATGAATAGCAGCACCCAGATAAGCTACCATGGATATGTATATGGTCTTCCTCGCTTCTTTGCTTTTTCCTCCCTTGGGCTGAAATTGGAGGGGTCAATTAGAATCTCTCCTCTCTTAACAAGTTCCTCGTTATACTCTCTCCAGTTCCTACCCATGGACAGGTATTTTATCTAATACAGCCTTGTTGGACAAAGCATCTTCTTTTTTCTGTGTTTTACAAAATCTTAATAAGCCTGAAGGAGAAGAGTCCGTTTTCGATAATATTGTCGATCTCCTCCTCCGTAAACACTTGACCTTCCTTGGGTC
NZ_CP076323.1_gap20	821561	822139	578	TATTGAAAGTGAAAAGCTCTTTAAAAGACTGAAACCCGTTTTCCAGACCGTAAATCTCTTCAACCAGTGCAGGTCGGAAGGAGAATATTACTACAAGCTCTCTCCTCTCTCTCTGGATAAAGAAGTTATCTTTCCCGAGAATCTTTACGAGGCTAAGGATTACGTTAAGGGTAAGGAAGATGAACTCTTTGAAGAGTATTACGGAAGTTATAAAAATCTCTGGGACGAGTTCTGGAGAGAGTTTTCCCGGATAAAAGAGATTGAAGAAACCTCAAAGGCTCTCAGCCTCGCCTACAGCATTCTTTACAAGTATCTCTGGTGTGTTCCGGCTTCTATATACGACAGGGAAAGGTATCACTCGCACTATCCCGACGTTTCCCTCTTTGACCATTCAAGGGTGGTGTCTGCCCTCGCAACCTCTCTTTATACAGACTATAACCTCAAGGTGCTGGAAGACTACAACGACAGAAAAAGGGAAAACTTCGCTCAAGAGGTTCGTTTAGTCCTTTTTGAGGGAGACGTGAGCGGAATTCAGAGGTTTTTATACGACCTTGCTAACTATGAAAAGGTAGCCAAAA
NZ_CP076323.1_gap21	845406	849391	3985	CGATCCTGGTGTGGTTGAGGACATACCTGCATGGTGCAATGCCACGGGACAGGAGTTTCTTGGAATGTATGAGGAGGATGGAGAGTATCATCTTTTTGTGAGAAAACTAAAGGAGCTATGAAGGATAGAATAACCTTTGACGCAAATCTCAAACAGCTCCTTGGCGAGTTTCCTAAGATAAGAGAGCTTCTTTACGAATACGGGCTTAGAAAGCTTGAAGAGGAGGACATTATGGATGTAGTTGTTGACAAACTGACTTTAAAAGGATTTTTTCGTATGATGGATTTGGATGATGAAACTCAGGGAATTTTATGGGAAAAGATACAACATTTATACAAAGAATCGGAGGATTGAAGATGATGGAAAAGGAGTACAGAGAGGTGGAAGACATTCTAAAAAAGATAAGACCTGCACTCAAGGATCATCATGGAGACTTAAAGCTGGTTGATATCAAAGAGGGAAAAGTTTATCTTCAGTTTGAAGGTGGTTGTAAAGAATGTCCTATAGTTGATGCCAGCTTAAAGGAAGTGGTGGACATAGCTATACGTGGAAATCTCTCTTGGGTCAAGAAGGTGGAAATACTCCAACCCAGACTCCACATTGGATGAACTTATCAGGGAAGACGGAAGTTTATGGCATAGTAGGCTATCCTGTCAAACACTCTCTCTCACCTGTTTTTCAGAATGCGCTTTTTGAGCACTTTTCCTTAGATGCCGTTTATGTACCTTTTGAGGTAAAGCCAGACAGTTTCAAAGAAGCCTTCTTGGGTCTTAAGGCTCTTGGTGTAAAAGGTGTAAACATAACAGTGCCTTTTAAGGAGAGGGCTTTTGAGCTTTGTGATCTTTCTGACGAACCTTCAAAGGTTATACGGGCTGTCAATACCGTTAAGTTCACAGACAGGATAGAGGGATACAACACAGACTGGATAGGTTTTCTCAGAGCGCTCAGAGAGCTTGAGAAGGAGCTTGAAGGTAAAAAAGTGCTGGTTTTAGGTGCTGGTGGCACAGCAAAGGCTGTGGTTTATGCTCTAAGCCAAGAAGAATGCTACACTTACATATTCAACAGGACATACGAGAGAGCCATAGAGCTTGCCAGAAACTTCTCCGCACAGGTGGTAAAAAAGCCTGAGGATGTGCTTGATGATGTGGACATAATAATAAACACTACTTCGGTAGGTCTATCAGATGATGATCCTCCTCTCTTTGATTACCAAATGCTAAAGAACCATCACATAGTTTTTGATGTTATATACAGAAGCACACCTCTTGTAAAAACTGCTTTAAAGAAGGGGGCAAAGGCTCAAAATGGGCTTTCTATGCTTATCTATCAAGGAATGGAGAGTTTTAGAATATGGACAGGCTTGGAAGCGCCTGTGAGTGTGGCAAAAGATAGCCTTTCTGATTATGTGTTATCATAAAAAGCATGGACACTTTTGTCCTTGATACAAGTGTTTTTACAAATCCGGATGTATACCATCAGTTTGAAGAGGATCAGCTGGGGGCTATAGAAAACTTTATTTCCCTTGCATCTCATACCAATGCTAACTTCTTTATGCCCACATCTGTGTATTACGAATTTACCAAGATGGTGGATCTTGGGGATCTTGCTCCCAAATTTGAACTGGTGGTCAGGATAAGATCGCCAAGAAAATGGGGGCTTATGGTACCAGCTGAGTTTCTCTACGAATTTATAGAGGAGGTAAGATACAGGATAAACAAAGGTTTAAGAATAGCTGAAGAACACACCAAAGAGGCTGGAAAGCTGGCAGAAGAGGAGGTGGGAAGGGTGATAAACAAACTGAGGGAAAAATACAGAGAGGCGCTAAGGGCAGGCATCATAGACAGTAAGGAGGATGTTGATGTCCTGCTTCTCTCTTATGAGCTTGATGCCATACTTGTTTCGGGTGATGAGGGTCTTAGAAAGTGGGCAGACAGGGTGGGCATAAAGCTCATAGACCCAAAAAACCTCAGGTACATAATGGAGAACCTCACCAAGGTAGGAAGGTAAGAGCTAATCTATTACAGACCCACCTTTTAGAAGGTGTCCCAAAAGACCAGTCATGTTGAGAAAAACCTTGTCAAACTCCAGCAGGTAGTATTTGCCTCTCTTCTCTAACAGCCTTTCGGCAATCTGGATATGTGCAGAAGCATGTTTCATCTGTTCAAGAAAGAGAAGGGCATTCTCCTTTTTGTTGAACCTGCATCTGAAGGTTCTGTAAACCTTTCCTTCGGACCTTACCATCTGACATGCCTTGAATATGCCCTCCAGGAAGGCTTTTCCTATCTCCTTATAGAGGTTTTCATCTTTTTTGACCTGTTCTTCTTCTATAAAGAGTGCTAATCTGAGTAGTCTGTTGGTATAGTAATCCGCCGGCAGGCCCAGCATGTTTAGGGATGTCACCTTTATGTCGTTGATGTTGGCATAGCTGGTTATGTACTTTACCCTTTTGTCGCGCTCGGCATCCTCTTTAAACACAACCCCCTCTCTTTTCTCTTCGTTAAGCCTTTTCAGGAGACGCTTTATGTCCTCTATCTGCGTCAGCTCAAACCTTCCAAACATCTCCACATGAGGAAGCCCGTATTTGTCTATGATCCTGAGCTTTTCCCTGTAGGGTAAAAAGCCCTGCTCTCCCTTTTTCATAATGTCAAAGACAAAGAAGGCTATGTCTTCTTGAATGTATGGGGGGGACTCCTCCACATAGGGATTTTCTGGACCCGCCACCTCCGCACACAGGACAAGATGGGGATTTTCTTCAAAGAACTCCTCATTTATAAACTCTCTCACTCTGTCGGTGGTGAAGGGGCATATGTATCCACCCCTTGTTAAGGCGTAAATCTCTCCTCTGTAAGAGAATACCCGGGTGTTGTATCCGTCCACCTTCTCCTCTACCCATACAGGTGCACTAAACTGTTCAGGAAGACCAGTTGTGAGCTGAAATATTCTTCCTATGTGTGGGTAGCCCCACACCACAAAATCCTTAAAGATGGCAGTACCTCTAGGTATGTCTTTGTAGTCATCGGTGAATCTAAGGTACTCCAAGTCTTTAAAAACTTCCGTTCTTACCTTGTTTTTCTTCAGTGCTTCTTTGACTATCTGCGCATCTATCATCAACAGCTTTATTATACCAATGTTGTAAATTTATATAGGATGGAGAGGATAAGGAACTTTTCCATAATAGCGCATGTGGATCATGGCAAGTCTACTCTGGCGGATAGGCTTCTTGAATTTACTGGAGCCGTGTCAAGACGCGAGCTAAAAGAGCAGATGCTAGACACTCTGGAGATAGAAAGGGAGAGGGGTATAACCATAAAGCTCCAAGCTGTCAAGATGTTTTACAGAGCAAAGGACGGAAATATCTATACCCTGCACCTTATAGACACACCTGGACATGTGGACTTTTCTTACGAAGTTTCAAGGGCTCTTGCTGCCTGTGAGGGGGCAGTGCTTCTTGTGGATGCAACGCAGGGAATAGAAGCCCAAACAGTGGCTAACTTCTGGAAGGCTGTGGAGCAAGACCTCGTGATAGTTCCAGTCATCAACAAGATAGACCTTCCTTCTGCAGAGCCAGATAGGGTAAAAAGACAAGTGCAGGATGTGCTGGGACTTCCCTCCGAAGATGTTCTGCTGGTCTCTGCCAAGGAAGGCATAGGTATAGAGGAATTGCTGGAAGCCATAGTAAAACGCATACCACCACCCAAGGGAGACCCCCAAAAACCTCTAAAAGCCCTCATATTTGACTCTTACTATGACCAATACAGGGGTGCTGTGGCTTTTGTGAGGATTTTTGATGGTGAGATAAAGCCCGGTATGCGCATAAGGCTGTTTTCTACGGGAAAGGAGTTTGAGGTGGTAGAAGTAGGTGCCCAAACACCCAAGATGACCAAGTTGGAGAAGCTTACCGCAGGAGATGTGGGATACATAGCCGCTTCCATAAAGGACCTTAGGGACATAAAGATAGGAGATACCATAACGGATGCCAAAAACC
NZ_CP076323.1_gap22	857208	858209	1001	GTATAACTCTGGACAGAGAGGACTTTTTGCGCATACTAAGAAGGCCTGTGATGATAGCTTACGGTGCTCTGCTTCACTACAGTGTAATGCCTCTGCTGGCTTTTTCTCTGTCTTTACTCTTTGGGATAGGTAAGGACCTCTATGTGGGTATGGTGCTGGTAGGGTCGGTTCCCAGCGGAACAGCTTCCAATCTTATAACTTACTTGGCAAAGGGGGACCTTCTTTATTCGGTGAGTATAACCACCTTTTCAACGCTTTTGGCTCCTTTATTTACACCACTTTGGACATACATCCTTGCAGGCAGATATGTGCATGTTCCCTTCCTCGGTATGGTGGAGGATGTGCTTAAGATAGTTTTGTTGCCTGTAGTGTTGGGACTTTTAATAAAGGAGTTTTTTCCAAAGGTGAGGCACTTGGAGAGATTTCTGCCTTACATTTCTGTGAGTGTGATAGGTTTTATAATTGCAGTGGTGCTGTCTTTGAATATGGAAAACCTGAGGGGTGTGCCTTTTAAACTTTTCTTTGCTGTTTTTCTTCACAATGCGCTGGGTTTTCTTCTGGGATTTGCCATAGGAAGACTTTTTGGGCTTGATAAAAAAATGTCAAAGACGCTCTCTATTGAGGTAGGCATTCAAAACTCGGGATTGGCAGTAGCTTTGGCAGTAAAACACTTTACACCTTTGGCATCTTTGCCCGGAGCTATCTTCAGCCTTATACAGAACATTAACGGCATAATTCTGGCTATACTTTACAAAAGGCTATGAGGATAATACTGCTTTTATTTGTCTTTTTGAGCGGTTGCGCAGTAAGTGTAAGAGAGAGAAAAGAGACGCAAAGGTCCCAAGAGCTAAAGGTCCATTGTGAGACACCCATTTACACGGAGGGATACTACTGCTACGGTGAGAGAGCAAAAAGCGCCTTAGTCCAACCTCTTAGCAAAGTAAAGGTCACCAATTTGAGAAATGGCAAGAGTATAACTATAGCGGTATTCAGGGATGATG
NZ_CP076323.1_gap23	863391	865834	2443	TTTTACAAAAGCTTGAGCGCCAAGCTTTATGGATTCAGAAAGGGTAGGATACACATCAACGGTTTTTATTACATCATCCAACATCAAACCGTACTTTACCAGAAGAACTGCTTTGTGTATAAGCTCAGCACCGTGAGGTGCCAGTATGTGAATACCCAGTATCCTTTTAGTCTCCTTGTCTATAACGGTTTTTATCAACCCATCGTGTTTAAAGCTGATTAAGGCTCTTGGGACTTTAGAAAATTCAAGGATTCTTACATCTACGCTATAACCCATTCTTATGGCTTCTTCCTCTTTCAGACCAACGCTTGCAAGTTCAGGGTCCGTAAATACAGCGTGAGGTATGTGTCTATAATCTACTTCTCTTTTGTTTCCTAATAAGGCATTTTCTGCCGCTACACCTCCCTCCATTGCAGCAACTGTAACCAGCATAAACTTTCCTACACAATCACCCGCTGCATAGATATCTTTGTTGGTGGTTTGCATAAACTCGTTTGTCTGTATAAAGCCTTTTGTATCAGTTTTTACACCAACAAGTTCAAGCCCAACACCCTCTGTATTAGGTTTCCTACCAGTGGCTATCAGAAGGTCAGTTCCTTTAATTACCTTATTCTTATTTCCAGCTCTGACCTCTGCGTAAATAATCCCTCTTTCCTGCCTTACTTCATCCACAACCGCGCCTGTTATGATTTCTAAGCCTTCCCTTTCGAGAACTTCTCTTAAGCGCTCTCTTAGCTCCGGCTCCTCTCCCGTCAGAATTTCGGGCAGAGCTTCCACTACGGTAACCTTGCTACCCATCCTTGAAAAGGCTTGACTGAGTTCCAGACCTATTGCACCCCCTCCTATAACCACCAGATGCTCCGGCAGGTAGTCTATGTTGAATATGCTGTCGCTGGTATAGTACCTTACCGTGTCCAATCCCTTTATCGGTGGTACATACGGTCTTGAACCTGTGGATATTAAGGCTTTCCAGAAGGAGACCTCCCTCTCTCCTACAATGGCTTTACCCTTCCCTAAAAACTTTCCTCTTCCTTCCCTGTACTCAATGTTAGGATAAGCCTCAAGTACATTCCAGTACTTTTCCTTTCTGAGTCTTTCAAGGAGTTCTTCCTTAGCTTCTAAGACCTTTCTCATATCTATTCGCGCTTTCTCCACACTTACGAAAGGGCTACTTTTCAGAGAATAGAAGGTATTGGCTATCTCTATCAGGTACTTGGAAGGTACGCATCCTCTGTTCAGACATGTACCACCTATCGTGCTGTTTTCCGCAATGAGTACCTTAGCTCCAAGCTCGGAAGCCCTTATGGTTGCTGCAAAGCCTGCAGAACCACCACCTACGATAAACAGGTCATAAACATCACCCTTTGGTATGTAAATCTCAATACCCTCTTGAAGGGGTTCTGCACCGTATCCAGCCCTTCTAACAGCTTCAACAAGTTCCTCTATGTTCGCTTTTCCTTCCACCAATGCATAACCCTGAGGGAAGTAAACGCTGACCCTTTCAACACCTCTGACAGTTTCTAAAGCTTTCTTCACAGTGCTGGCACAGTGTTCGCAGGTCATTCCAGTTATCTTCAACTTAATCATGCTAAACCTCCTAAAACTTCGTCTCTCCTAGGATCTTGCCTCTGTAATTACCAGCCTGGGATATGGCTTTAAGTACCGTTTCTTCCCTAACCTGGTCATCGGCGGCTACAACAGCTATTTTGTTTTCCAAAGATGTAAGCACCCACTTTACACCCTTGACTTGAGATATGGCTTTTTTTACAGCTACAGGACACATCTCGCAGGTCATACCTTCCACATCAAAAACTATAACCTTTTCTGCAAAGGTAAGGTTTACAAAAGCAAGTAAAGCAATAAATAACTTTCTCATGACATTAGCCTCCGTAAATTTTGGCAAGCACATACGGATAAAAGGTAGCAACTACAAGAAGCATAAGTGAGAACCATGCAAGTCCCCTGCTGAGTCTTTGAGTCCAGAATGGTTCATTGCATGCACAGCTAAGTTTTTTTCTCATGTATAACCTGTATATGGAGTATAAAACGCTTCCGTAACCAACAGCTAAAAAGTACCACCTGTATGGCTCAAGAGCGCTCAAAGAGCTTAAACTACCTGCGGAAGTGCCAAAAACTACAAAGAGAGTGGGAGCTATACAGCAAGAGGACGCAAAGAAAGATGCTACAGCACCCACTATGCTTCCTAAAACTTCCCTCATTTTTTTAACCTCCTTTCACAAGCTGTCTTACCGCTCTCATAAAATCCTCAAGAGCTTTGACATTACCCGATTCAACACTTGGTTTTACACAGGAGTTGAAGTGCTCCTCAAGAAGGAACATAGCCATACTGCTTATAGCTGATTTAACTGCGGACATCTGGATGAGGATCTCATCACAGCTTCTGCCCTCTTTCAACATCCTTCTTATGCCCTTGACTTGACCC
NZ_CP076323.1_gap24	868173	871576	3403	GGAGTACCTTCTGCGGGTCAAGTATGAAGTTAAAGAGGTACTCTTTACCTCTGGAAAGGTACATGGTGGATAGGTCTGGGGGAACTTTGCCGAAAGATTCTTTAAGCTGAGAGAGCTCTGTGTAAAAAGCGCTCTCGTAAACCTCGTTGGGAAGTATCTTTCCGTACTTTTCCTGCAGAACCTTAAGGTTAGGATTTGCCTGTACGGAAGAGGGATAAACCGCGTCATACCTTACCGAATGACAGGCTTGGCAGTTCTGTTCAAAGAGCTGTTTTCCCTCTTTGGCATATCTCACATCTTGTACTATTTTCTCGTATTGGGCAGGCATTTCATACCTTTCATGCGGTGCAAAGATGTTGTTTATCCAAATGATGTAGAAGAAGGCAAGGGTCAAAATGGTGAAAAAGACAGCTTTAACCATCTTACTTACCTCCTCTCGCTTTGTACCAGCCCCACTCTATAACAGATATTACAGGAAGGGATATAAAGAAGGCAAAGAGGGTTGCTGTAAAGGTAAGACCCAGCATGGCGTTGGTGGGAGTGGGTGGCATGGTACCCAGTATGGTAAGAGCCATGGCGGATATAACCAGCACTATGTACATCACAAAGAAGAGAGGTCTTTTTCTCGCGCTTTTGAAGGGTGAGAAATCAAGGAAGGGAAGCAGGAGCAGTAGTAAAAGCGTTAAGCTGAAGGCTATAAAGCCTAGAAACTTCTGGGGAATAGACCTGAATATGGTGTAAAAAGCCAGAAGGTACCACTCGGGTGCTATGTGAGGAGGTGTCTTAAAGGGGTTTGCGGGCTCAAAGTTATCCGCAGGCAGGAAGTGGTGCATGTAAAAGAAAACAAAGAAGAAGAAAACAGCAAGGTAACCCATTACATAGGCACCTTCCTTTAGGGTCATATAAGGATGGAAGGGAACGCCTTCCTTCTTCTTGTCTATCTCTACACCCTCGGGGTTTGATATACCCGCAGCCCTGACGAGGTAAAGGTGAAAGCCCACAAGTCCTAAAAGTATAAGGGGCAAGAGCCATATGTGAAGTCCAAAGAACCTTCCCAGGGTTATCTGGCCAAGCTCGTATCCGCCCTTCATCCAGACAGATATCGTCTCACCTAAAGCGCCGGGTATGGCAGTAGGTATCTCTGTGGTGACCACCATACCCCAGTAGGAGAGCTGTCCCCATGGTAAAAGATAGCCTGAAAGTGCAGTAGCTAAGAGTATGAAAAATATGAACCATCCCACTATCCATGTTAACTCCCTGGGTTTTTTGTAAGCGTTGTAGTAAATGCCGGTGAACATGTGAAGGTAAACGAGCGCCAGAAAGAAGTTCGCTCCTGCGGCATGCACATGTCTGAATAGCCACATGAAGGGTATCTCTTTCATTATGGTGTAGTTGGCGCTGTCAAAGGCTGCATGAACATTGGGCTGATAGTACATGGTAAGAAATATACCCGAGATGATCTGTATGGCAAAGGCTACGAGAGCCATAACACCAAAGGCATACGGAAAAGTTAAGTTCTTAGGCACTTTGTATTCCACCATCTGTGACTGCCAGAGTTCGCTTATGTGAGTCCTTTCATCTATCCACTTTCCTATCCTTCCAAACATGCCTCAACCTCCTCAGGTTTGTTCTTTTATAAATCCGGGTTCACCTATGACCAGCTTATTACCTTGAAGGTTCTGGGGTGGTATGTGAAGAGGCAAAGGAGGAGGACCAGCTATGTTATCACCCCACGGTGAGTAAAAGCCTCCATGACAGGGACAGTGAAAGACTGGATAGTTGTATTCAGCTTCACCCTGAGGTTTCCAAAGAGGAATGCATCCAAGATGCGTGCAAACCGCTATGAGAGCATAAGCACTGTGCCCCTCAAGAAGTTTTCTGTTTTTATCCTCCTTGGTAGTACCGTTCCACTGGAAGTTGGTGGGCAGATGCACCACGAAAACAGGCTTGCCCTTCCATGAGACAACCCTTACAGTCCCTTCCGGGATTTGTGATATGTCCACTTCCACCTTAGCAGCAGCTAAGGATGCGGCACTGGGAGCAAGAGTCTTAATTATGGGATACAAAACCCCTGCAACACCCACTACTCCCAGCCCGCCTATGGCAAGACTTATGAGGTCTCTCCTTGAGGCTTCCATGGTATTACCTCCTGATGCATATTCATAACGGATTAATTATATCACCAAAAAGCAAAAGAGATAAAAGGAGTTTTTAATACCTTTTACTTGTGATGGAAATTCTTATATAATTATAAGCTGGTGTAATAAAAGTTTTTAAGGAGGTTAAGTTATGAGCAAGCACATAGTTATACTTGGTGGTGGAATGGGTGGAATAGCCACCGCTTATGATCTGAGGAAGCTGGACAAAAGTCTTAAGATCACAGTGGTGTCAGGAAGACCCTATTTTGGTTTTACGCCTGCGTATCCTCACTTAGCCCTTGGTTGGAGAAAATTTGATGACATTACTATGCCATTGGCTCCCTTACTTTCCAAGCACGGCATAGACTTTATTAACGAGAACGGGGAGAGCATAGACCCTGATGCTAACAAGGTAAAAACTACAGGCGGCAAGGAGATCTCTTACGATTACTTGGTTATAGCTACTGGTCCCAAGCTGGTCTTTGGCGCGGAAGGCCAAGAACAGCACTCCACATCCGTATGTACTGCAGAGCATGCTATGGAACTAAACAGAAAACTTGAGGAGTTTTATAAAGACCCTGGACATGTGGTGGTGGGTGCCATACCCGGCGTGAGTTGCTTTGGTCCTGCTTACGAGTTTGCCTTTATGCTTCATCACGAGCTTAAAAAGAGGGGTATAAGGCATAAGGTGCCCATAACTTACATAACTTCAGAACCTTATGTGGGACACATGGGGCTCGGTGGTGTGGGACCCTCTCGCAGGCTTATGGAAGACACCATGTCAGAGAGAAGTATAAAATACATAGCCAATGTGAAGATAACCAAGGTGGAACCTGATAAAGTTATCTACGAAGACTTAGAGGGAAAGACCTATGAAGTGCCCTGCAAGCTTTCCATGATTATGCCAAGATTCATGGGTCCTGATGTGGTGGCTTCTGCGGGAGATAAGGTGGCAAACCCTGCTAACAAGATGGTTATAGTAAATAGATGTTTCCAGAATCCTACATACAAAAACATATTTGGCATAGGCGTAGTAACTGCTATACCTCCTGTTGAACAAACACCTATACCTACAGGCGCACCCAAGACGGGCATGATGATTGAGCAGATGGCTTTGGCTGTTGCTCACAACATAGTAAACGACATAAGAAACTCCACAGAGAGGTATGCACCTGAGCTTTCTGCCATATGCGTGGCAGATATGGGAGGGGATGCTATGGGATTCTTTGCTTCTCCAGTCCTTCCACCCAGGTCTGTGGTCAAAT
NZ_CP076323.1_gap25	951075	953621	2546	GAGGTATTTGCTGAGCAAGGTAAAAAGAACGAGGAGGTTAATAAGCTATGAGGAATTTCTCAGCGAGAGCAGACTTGCACCTTCACTCTAAGGCTTCCAATTTGCCGGGAGGCTGGTTTTCCAAGCTCATCGGTTGCCCAGAGAGCTACGCAGAGCCCATTGAAATATACAGAAGGCTAAAGCAAAGGGGAATGACTTTTGTGACTATAACAGACCACAACACTATAGAAGGCGTGCTGGAGATAGCTCATCTTCCGGATGTGTTCATCAGTTGTGAATATACCGTGGAATTTCCGGATGAAGAGGCGAAGGTGCATGTGATAGCCTACGGTATAAGCGAAAAACAGCACGAGGATCTTACAAAGCTAAGACAGAACATTTACGAATTTACGGCGTACCTAAAACACCATCGCATAGCACACACGCTTGCTCATCCTCTCTACTCAGTGCAGGGGACCAAAATAACCAAAAGACTCGTAGAAAAAATGGCTCTACTCTTTGATAATTGGGAGGTTATAAACGGCACGAGGGGAAACGGTGTAAGACACATAGAGGAAAGTATAGCTCGTACCTATAGCAACTGGGATACTATAAGAGAGCTGGAGGAAAAGTACAAAATTAAAGCATTAAGAAGCAGAGAATTTATTAGCTTTACCGCGGGTTCGGACGATCATGGAGGCATGGATGTTGGGAGAACATGGACACAGGTAGAGGGAGCCAAGAGCTTAGAAGAGTTTTTAGAGGGAATCCGGGAAGGTAGGACACAAGTAGATACCGAAAGGCTGGGTGAAGAGAGGCTCATTAACATGATTACGAGAGTAGGCTACGAGCACATAAAAAGACGTTATCATATACCCTTGGAGGTAAAACCCTTTCTTGATCACATCTTTATGTACTCGGATAACCCTTTAGTGGCTGCTGGAATAAACTACTTTCTGGGCGTGGATGTGGACAGAACCCAGCTGGTTAAAAAACTTATGGAAAACCTGCCCTTTTTGGCGTGGGAGAGATTTTTAAAAAGGCGATCCCTCCGTGAGCTTGCGGAGCTTGCCCTTTCCCTTCCTTTTTATGCCTTTCCAGTCTTTGTAAAGTATGCCCAAAAGAGGGAAGAGAAAAAGATAAAAACCCTGGCGAAGGAATTTGGCATATCAACGCAAAGGACTACAAAGGTTGCTTACTTTACAGACACCTACAAAGAAGTGAATGGAGTTGCACGCACTGCCCAAATAATGAGAAAAATTGCCCTTGAGGAAGATATGCCCTTCTACTTTGTTGTATCCTCTCAAGAAGAATTTAAAGAAGAAAACCTGATATCTTTAAAGGCACACTTGGAACTCCCCGTGCCTTTCTATGAAGAGCTAAGGATGGGTGTACCTTCTCTGATGGAGGTTATTGACTTCCTTGAGGAGGGAGAGTTCACCGGCGTACACATCTCTACCCCTGGTCCTCTGGGTATCATGGCTTTTTTAGCTGGTAAAATACTTGGTCTTAGAACTACAATAGCCTTCCATACTGACATACCCACCTATGCCAGAGTATACACGGGTGATACGGACCTGGAAAATATCCTATGGAAGACATTTGTAATACTTGCCAACAACTCAGATAGATGCTTTGTCCCCTCCGAGCACTACAGAAGTATTCTCATAAGCAAAGGAGCAAATCCTTCGAAATTAAGCATCTTCAGACGAGGAGTAGATACGGAACTTTTCTCACCTTACAGGAGGCAAGAGGATTTCTGGAGTCAAAAACTTGGCAAAAAGGTAAAGAGAGTCATACTGTATGTAGGCAGAGTAGCAAAGGAAAAGAACCTTGACGCGCTCTTTTATGTAGCAAGATGTTTTCCCGAGGAGACCTTTGTGGTAGTGGGGGGTGGACCCTACAGAAAGGAGCTTGAGGAGAGAAAGCCCAAAAATGTGCACTTGGTGGGTTATATAAGGGGGGAGGAGCTTGCAAAAGCTTATGCCAGCTCGTACCTCTTTCTCTTTCCTTCGGAGACGGAAACTTACGCCCAGGTGGTTCTGGAGGCTATGGCTTGCGGTCTTCCTGCTGTGGTTAGCTCAAAAGGAGCATCTCACGAGCATGTGGAAGATGGGCTAAACGGCTTTATTGCCACAAAGAAGGAAGATTTTGTCGACAGAGTTGGTATGCTTCTCTATGATGAGGGACTTCGTAATAAAATGTCTGCGGAAGCTCTTGAGAAGGCTAAAAGTCTTGATATGAGAAAAACTTACCTTGACTACATGCAGGCTATAGCAGGTATGGGGAGGCTTGCCTATGAAAATCGTTGACATAACACCCTACTTTCACTCCAAAAGCGGGGGCATAAAGAGGTATCTTCTGGAAAAGTCCAAATACCTGAAAGATAAACCCGCTCAGCATGTAATGATCCTTCCAGGGAGAGAAAGAGGGGTGTATTATATCCACTCCACCAAAGTTTATCAATTACCTTCCTTCCCCATACCTATGAGTGGTGGTTACAGATTCTTCAACAGTTTGAAGGAAATAAAGGAAATACTCAGCATGGAAAAGCCTGACATAATTGA
NZ_CP076323.1_gap26	1017877	1021011	3134	ATGAAGCTATCAATTTGGAGAGCTTACCAGAAAGGCTACAAATAGTTGGAGATGACCACATAGCCTTTGAGTTTGCCACCTTCTTTGCAGTGCTGGGTTCTCAGGTAAATCTTTACTTTGACAACCCAATGAGCTTTGCCCATACCAGCATAAAAAACAGATTCCTCAAAGAATTGGAGTTGCTGGGAATAGCCTTACACCCCATTAAGGACTTTAAGGCGGAGAGTATTACATTGCTTGTTAAAAGAAGGGTGCCCAATTCGGAGTGTGTGGGTGATCTCATGCAGAAAGATGAAAATAACCACATACTTGTTGATGCGCATTACGAGACCTCCATAAAGGATCACTACGCAGTAGGAGATGTTAATGGACTTTCCGAAACTGCTCACGCAGCGAGGATGCAATCCCTCATTGTCAGCAAAAGAATCCTTGGGGAGAGAAGCTTTTACATAAGACCCGAAAATATTCCCTATGTGCTTTATACTGTCCCACTGTCCTACGCAAAAGTTGGATTAACAAAGATGGAGCTTGACAGAAGAGGAATAAAGCATACAGAAAAAAGCGTTAGCCTGAGAGCCTTCTCATCTTCTTACATACAGCACTCGGAGGATGGCATGTGCTTCCTTTACTTTGACAGCAGAGGCTTTCTTATGGGGTGTGAGGTGCTCTCAAGGGCTGCTGGAGAGATAATATCAAGCCTGACCGTCTCTCTTTACTCTGAATTAAACATTAGCCACATGTCAAAGGTTTTGCTTCCTCACCCTACTTTAAGCGAGATACCCTTTTTGAGGCTCGTGTGATATACTTTTTAACAAACCAATGGAAAATTTGGAAGTTTTTCTAAAAGTTGCCAAAGAATCAGCACTCATTGGTGGTCTCGTGCTGAAAGAACACTTTGGGAGGCTCTCTCAGGATGACATAAAAGAAAAATTTGAAAAAGATGTGGTGAGCATTGTGGATAGGATATCCGAGGAGAGGATAAGAAAGTATATAAAGTCCAACTTTCCAGACCACCATGTGGTAGGTGAAGAGGAAGGAGGAGAGGATAAGGGCGAGTATGTATGGTACATAGACCCACTGGATGGCACCAAAAACTACATAGCTGGTTTTCCTATTTTTGGTGTCTCCGTTGGTCTTACCTATCGCAAAGAACCCATAGTAGGAGCTGTTTATCTGCCGTATTTTGATGCTCTTTACTGGGCTTTAAAAGGTGGTGGTGCCTACAAGAACGGTAAAAGGTTGCAGGTGAGCAAAAGGAGGCAGGTAAGACAGTTTTTTGTTGCTTATGGCTTTCCATCAAGGGCAAAAAGAGATTTGAACATTTACTGGAGGATATTCAGAGATCTTTTTGATAAGGTGGGGGCTATGAGGAGGCCCGGGGCTGCGGCTGTGGACCTCTGTTTTGTTGCGGAAGGTATTTTTGACGGTCTTGTGGAGTTTGAGCTAAATCCTTGGGATGTGTGTGCCGGCACCATCATAGTGCAAGAGGCGGGTGGGAGGGTTTATCTCACCAAAGGACTCTCAAAAGCCACAGATGTGATGGCAGGCACTCCAGATGCATATCCTTACATAGAAAATGCAGTAAAATTTAGCTTAGAGGGTTTATAAAATGAGCGACCAAGATATGAAGTTTCTTCTGCCGGTAGACTTTACCGAAATAACCAACGGGCTTTTGAGACTGGTAAAAGCCTTAGCTCAGCCCCATAAAGCCAGTGTGACGCTACTTCATGTGATATCACCCATACTTTACCTTCCCTATCCGGAAAGCTTTGGCATGAGCGTTGTGGACCTTGAACTTCTCTCTGATATGGAGAAGAAGAAGGAGGAAGAGGCAACTCAAAAGCTTAAAGGACTTGCGGACTTCTTAAAACCAGTACCTGCCGATGTGGTGGTGGATATAGGCGACCCGGCCGAGATTATCCTTGAAAAGGAATCTTCCTATGACCTTCTCATCATGGGGAGCCACAGAAAGGGACTTATAGAAAAGATACTGGTAGGCTCCACCGCCGAGAAGGTGGCAAGATACACAAAAAGACCACTTCTCGTGATGAAGGGCAAAGAGGTAGAAGATTTTAAAAAGGTAGTTGTGGCTCATGACCTTTCCAAGTATGCACAGGAGGCTTTTGACTTTGCCCTGAAACTTTTAAAACCCTTCAAGTGCCACATTACCCTTCTGCATGTGGAGGAGACCATAGAGCTGCCTGTAGTAGCTCATGTAAGGGATGTAATAAGTGAGCGGTACAAGGAAGAAAAGTTAAAATACTTGGATAGTCTCAAAGAAAAAGCTCAAGGTGATGGTTTTGAGTGTGATGTGAAGGTAGTGGAGGGAAGAAACTCTGCGGAAGCTCTGCTGGAATACTTAAAGGACAAGACGGATATTGATCTTATGGTGATGGGAAGCAGAGGACTCTCCACTCTTCAGAGGGTTCTTCTGGGAAGCACATCCTCAGAAGTTCTCAGGAAAGCTCAGCTACCCATACTTATACACAGGAGTCTTCAATGATAATGATAATTATACTTTTTATATTCCTTTCCCTTCCTTCCTTTGCTTACAATCCTTACACAGATTACTTTTTTTGCAGATACTTTCAGCAGGAGAACCCAAAAAAGGCCGAAACTTACTGCATAAGAGCCTTGGAAAGGTCGCCCACGCCAACGCTGTTTGTGGATACCATAAGACTTGAGCTTCTGCTCAAAAGAAAGGAAAAGGCTCTTGAGCTTGCCAAAAGGATGAAGCACCTGTATCCTAAGGAGCAGGCATCTTATCTTACTTTGCACAGCGTGTATTCCTTAATGGGTCAGAAAGACAAAGCTCTCTCTGTACTGGAGGAGGGTTATCGCTTACTGCCCAAGTCAAAAGAGATCATGCTATTCCTCGCAGACGAGTATTTAAGAAGTGGAGAGAATAAGAAAGCAAAGGCAGTAATTGAAAATTTAGCCAAGGAGAGCCCTGATAACCCCTTGCCTTACTACATGCTGGCAAGAATATACCTTTCGGAAGGCAACAAAGAACTTGCCATACATTATCTGGAAAAGTCCCTCCAGATAAAGAGCTCCTTTGAGGCTGGATTTATAACTCTCGGTAGCATATACGAGGAGAGTGGAGAGTATACTAAGGCAGAGCAGTTATACAA
NZ_CP076323.1_gap27	1029271	1031784	2513	TATGGCTTCCTCTGCAGGCAGTCCAGAAGGTCAGTGGCAGGGATGCAGTTTTTGTGAAAATTCCCGAGGGCTTTAGTGTAAAGACAGTAAGAAAGATAAGACAGGAAGGAGAGTGGGTGCTGGTGGAAGGTTTGAAAGAAGGTGAAAGGGTGGCTATAAGCGGTCTTGTATTTTTAAAGTCCCAGGTGGAAAGATGAGCAAAGTACTAAGCTACAGGCTCTTAGTCTTGGTGTTTCTCTTTCTGAGTGTTGTGGCAGGGGTTTGGAGCTTTCTAAAACTACCCATAGACACCTTTCCTGACCCTACGCCTGTACAAGTGGTTATATACACAGAAACTCCTGGGCTTTCTGCAGAAGAGACAGAGATTTTAGTGACTCGCCCCATAGAGTCTGTTCTGGCGGGTATAAAGGATGTGGATTTGGTAAGGTCAGTGAGCTTGCCCGGGCTTTCTTATGTAACTGCCTTTTTCAAAGAAGGTACGGATGTGTATTTGGCAAGGAACCTTGTAGCCCAAAAGCTTCCAGAGGCTCAGGCGCAGATACCACAAGGCTATGTGCCAAGGATGGGTCCCAACACTTCAGGTCTTGGCAATGTGCTTTTTTACGCTCTTATTGACCAGAAAGGCAACCATTCTCTTGAGGACCTCAAAACCCTACAGATGTGGAAGGTAAAGCCCCTGATAAAGTCCGTTGATGGGGTGGAAGAGGTCTCCCAATGGGGACCAGAAAGAGCTTACCTGGTAAAGATAAATCCCGATGCTATGGTGTTTTATGGCATAACTCTGATGGATGTTATCTCTTCACTTGAGGAATACAATCAGATAGCAGGTGGCGGTTTTATGGTTTCTCCCTACGGAGATTTGGTGGTAAGAGGTCTTGGCAGGGTAAGAAGTATAGAGGAATTTGAAAACATACCTGTGAGGAAGTCAGAAGGCATTCCTGTAAAGCTTGGTCAGATAGCTACTGTGGTACCTTCCGAGCTTCCTAACAGGAGAGGAGTTTTTACTTTAAACGGTGAAGAAGTGCAGGGAAACATAGTTCTCAAGAGGGTCAGCACCAACACTATGGAGCTTGTGAAAGAGCTAAAAAGAAAAATTGATGACATCCAGAAAATACTTCCCGATGGTATAAAGATAGAGGTTCTTTATGACCAGGCTTACCTGACAAAGAAAGCCCTCTCCACAGTAGAGAAGGCGCTCTTGGAGGGAATAGTTTTAGTTTCCGTAGCCATAACTCTTTATCTTTGGAACATAAGAACAGCTCTGCTGGTGGTCCTTTCCATCCCGCTTACCATGCTTTATACCTTCATCTTTATGAAGCAGGCGGATATATCGGGTAATCTCATGTCTTTGGGGGGTCTTGCTATTGGGGTTGGGCTTTTTGCGGATGCGACGGTGGTGGTGGTGGAAAACATATACAGGCACATGTCCGAAAGCAGGAAAAAACACAAATTTTCTCTTGTAGTGGACTCTGTGAGGGAGGTGATGCGCCCTGTGATATTTGCCGTAGGTATAATAGCGGTGGTGTTTCTGCCCATATTCACTCTGGAGTCGGTGGAAGGCAAGTACTACAAACCTTTAGCCATAACCATCATCTTTGCCCTTTTTTCCTCATTGCTGGTTGCCTTCCTTTTTATGCCCGTTTTGTCCTATTATCTGCTCAAAGGTGGAAAGGAGGAAACTTATCTATTTGGCAAGATAAGGGAAGGATATATAAAGCTTTTGGAGAAAGCCTTTAAAGTAAGATGGATACTTATGGGTATCACCTTGGCTTCCTTTATCTTTTCCGTGTTTTTGGTATCAAGGGTAGGCACAGAGTTTGCCCCTCAGCTGGAGGAGGGTGCCCTGGTGGTAAAGTCCTTTTTGAATCCCAATGTCTCGCTTGACGAAGCCAAAAGGGTCGCACGGCTGGTGGAAAGTACCGCTTTAGAGTATCCTGAAGTCGTCAGAACCTTTTCCAACATAGGAAGAGCTGAGGTGGGAGAGCCAGAAGATGTAAACTACATAGAGACCTTTATTATGCTCAAACCCATGTCCGAGTGGAGAAGCTTTAAAAGTAGAGAGGAATTTGTAAACCTTCTTAGGGAAAAACTTAAGGATATTCCTGGTGTAGAGCTGAGCTTTACTCAACCTATACAGATGAGGATAGACGAGCTACTCTCAGGTGTCAAGTCAACGGTAGCTATAAAGGTTTTTGGGGATGACCTCCAAAAGATAAACCAGATAGCTTACCAAATAGAGAATATAGTCAAAAATACCAGGGGAGCTGTTGATGTAGAAACGGAGGCACAATCTGGGAAGTTGCAACTGCGCATAATTCCCAAGATGGAAGAGCTAAAAAGGTATAACCTGACAACAGCTGACCTTATGCAGCTTGTCTCTTACGCCCTGGGGGGAAGGGAGGTTGGATACTTTCAGCAAGAGACCATACTCTTTCCTGTGGTAATAGGTTTGAGTAAGAAGGACCTGGAGACTCTCAAAAGTCTACCGTTGCTTTTAAAAGATGGTAGCATAG
NZ_CP076323.1_gap28	1086661	1089760	3099	AAATGTAGATGAAGTAAAGCAGGCTTTAGATTGGGGGATTCTTGATGGTGTGACTACCAATCCAACTCTTATAGCCAAGACGGGAAGACCTTTTATGCAAGTGGCCAAAGAGATAGTCAAGCTGGTTGATGGACCTGTCAGCCTGGAAACAGTATCTCTTGATACAGAAGGTATGGTAAAAGAGGGAAGGATGCTGGCAGAAATTGGCGATAATGTAGTGGTAAAGATACCCATGACACCTGAGGGTATTAAAGCTGTTCAAATACTGGAATCTGAAGGCATACCCGTAAATGTAACTCTTGTCTTCTCACCTGCTCAAGCTCTTATAGCTGCAAAAGCTGGAGCCACCTTCGTATCACCTTTTATTGGTAGGATAGATGATGTATCTGGAGAGGGCATGAAGCTTATAAGGGAGGTAAAAACCATTTTTGATAATTACGACATAGATACGGAGATAATAGTGGCAAGTGTGCGCCACCCTATGCATGTGGTGGAGGCAGCTCTTATAGGAGCGGATATATGCACTATGCCCTTTGAGGTTATGAAAAAGCTCTTCAACCATCCACTTACAGATAGAGGTATAGAACTCTTTCTGAAGGATTGGGAAAAGGTGCCGGACAAACCTTTTTAAAGACGATTGCCAGTCATAAGCCTCACAATATCATTTAGTATGACAAAGGCAGACAGAGCTATTATGATGGCAAAGCCCACTTTCTGCCAATTTTCTTTGAACCTTGGAGATAGTGGCTTTCTCCTGATAGATTCTATCAGAAATAGCAGAATGAGACCGCCGTCAAGCACTGGAAGAGGTATAAGGTTAAAAACAGCCAATTGAACGGATATAAAAGCCATCATGCCAAGGAAGGCAATGAGTCCCTGCTGAGCGGATTCGCCGGCAAGCTGAGCTATGGCTATAGGACCGCCAAGCGTCTTTACAGATATTCCTCCCGTTATAAGTCCCCAGACAGCCTTCAAAGATAGCACCGTCAAGTCTTTAGTTTTTTCAAGGCTTTCAAAAACAGCTTTACCAAGTGGCTCTTTTACCTTGACCACTTCTATGCGTGGTGATACACCAATGATGGGTATGCCGGTATTTTTGTCCTTTACAGGCACCACCAGCTTTTCAAAAATCTGCCCATCCCTACGGATCTTTAACCTTATCACATTCTCCTTAGCACTTTTTATATAGTATGCTGCACTGTACCAGCTTTTGACCTTTTTGCCGTTGACTTCCAATATCTCATCCCCTTCCTTAATACCTACCTGCTCTGCCGGGCTACCCGGAAGAACTCTACCTACGATAGGCGCTATATAGGGTTCTGCACCAAAGGAACCTGCCTTAGAAAGGTCCACCTTCCCTGAGAGTATCACCCTTTGACTGTTTCTAAGAATCCCCACCTTCCACTCTTTTTTCAGTATGCTTTCAAGCACAGCTCCCTCCACATCTTTCCAAGTGCTTACCTTTTTCCCGTTTATTTCCAAAAGAAGGTCACCCTCCTGCAGTCCCAGCTTCTGGGCAGGGCTGTTTTCCACCACATACCCCACCAAAGGCTCTTTAAGTACATACGATGGGGTAGGTCTTCCCACAACAAAAATTAGGGAAAATACAAAGATGGCAAGGAGGAAGTTAAAAAGCGGACCTGCAAAGGCTATGAAGATCTTTTGATAGTTTTTTTTAGATGAGAAAGCGCGGGGGTCATCAACGGCATCCTCCTCACCGTAGAGCTTTACAAATCCACCCAGGGGCACTGCTGATATTCTATATTCAGTTTCTCCCCACTTTTTGCTAAGCAGTACTGGACCAAAACCTATGGAAAAGACTTCCACCTTTACACCAAAGAGCTTTGCAAACAGAAAGTGGCCAAGCTCATGAAACCACACCAGCACTCCTATTAATACAAGAAAAGCTAAAATTGTTTCCATTTTACTTCTCTCCTATAACTTTTACTATAACTTTGCGCTCTCTTGGACCGTCAAATTCCGCCAAAAATATGGACTCCCATCTGCCCAATAAAAGCTCACCGTTTTCAACTGGTATAACCCTTGAGTTTCCTATTATAGCACTCCTTATGTGTGCTGCCGAGTTGCCCTCTGAATGAGCATATGTGTGATCTTCCCAAGGGATGAGCCTTTCTAACATGTAAGCTATGTCCCTTACCACATCAGGGTCTGCACCTTCATTGATAAACACTGCTGCTGTAGTATGAGGAACATATACCACACAAAGTCCGGACATTACACCGGACCTTTTCACCTCTTCCCTCACATATGAAGTTATGTTTACTATACTTGTCCTTTTGGTGGTTTTCACACTAAATGTGCCCATATTACTTCTGAGTTATCTTAAATATACACTTTTCGCTTCCTTGTGCCTTGCACTTTACCTCTTTAACCTCAAATTTCTTTTCAAGAAGCTCACCTAAGAATCCCTCAAAAAAGCCCGCCATAGGCTCACACACGGGATTCTTGCTTTTGCCCACCGCTTCCACAAGAATAGAACCTTCTACCCTTATTTCCATGGTGTCTATGTCGTACTCAAAAATGTCAAGCAGTCTTGAAGATTCAGCTATTACGGTAAGTATCTCAAGAGCCTCATCAAGCCTATCTGTATAAACGCTATACCTCTCCTTGAGTATTTTGGCTCCTTTTTTACCTCCGTAGCTTGCTGCTCTCTTTATCACCTTTTCAATGCCCAGCTTAGATAGCTTGTGAAGGTCCCTGTATCCGTCTATGAGAGCTGCACGGTGGACAAGAACGGACTCTCTTTCAATAGCTTCTGCCAGAGCACGAAACTTATCTCTCAAATACTCCATCCCATACTCCTGAGTAATCCTTTCCCTTCTTCGGATATTTTATCCTTACTCCAGGCAGGTTCAAACACAAAGTTTACCACCACATCTTTCAATTGGGGGAAGTTTTTCAGCACATGCTCCTTTATGTACTGTGCAAAGTAAGACCTTGCAGGACAACCCTGTACAGTTAAAGTCATATCTATGTAGGCTACATTATCCTTTACCACCACACCATAAACCAATCCAAGACTCACAATATCCAAGGGTATCTCTGGGTGGTTGCAACAGCTACCTTAAAACATACACA
NZ_CP076323.1_gap29	1212597	1213498	901	CAGACCAGCCCGGCAAGGACACCTACCCCATAGCCGGAGCCACCTTCATACTGCTGGCAAAGGACCAACCCGAGAGGTCCAAGAAGGCTACCACCTTCTTCAAGTGGGCTTACGAAAAGGGAGACAAGTATGCGGAAGAGCTCAACTACATACCCATGCCTCAAAATGTCAAGAAGCTGATATTCGAGTACTGGAAGGAAAACGGTGTAGCTCCGTAAGGATGTTATAATATGGAAAAGGTGGCTTTGGCAGAGGAAAGGGTCAACAAACTGAGGAACGGAGGAGCCTTTACGGAAGGTATTGTAAAGCTCTCTCTTGGCTTTTGGGCTCTATTTATAGGGCTCCTTTTGCCCCTTCTCATAGCTCTTATACTTTATTACGAGTCAAGGCTCGCCATAGAAAAGTTTGGAGTTATTCACTTTCTGACTAATACCAACTGGGACCCTGTAGCGGAGGACTTTGGCGCTCTTACCATGGTGGTGGGCACAGTGGTGAGCACTCTTATAGCCATAACCATAGCTTCACCTGTATCCATAGGAATAGCCATATTTATCACCGAGCTGGCTCCCAGATGGCTAAAGCCCATAGTCTCTGGAGCTATAGAGCTTCTGGCAGCTATTCCCAGCATCATATACGGCATGTGGGGGTTTTTCGTTCTTACACCTATAATGGCTAACAAAGTAGAGCCGTGGCTGCAGGAGAAATTGGGGGGACTTCCTCTGATAGGCCAGCTCTTTTCAGGCGCACCTACTGGTGTGGATGTTCTTACCACAAGCCTGGTACTTTCTATCATGATAATACCCTTTATGGCTTCTGTGGTGCGAGACAGCTTTAACATGGTGCCCTCCATAATGAAGGAGTCAGCCTATGGTCTTGGTGCTACCCAATGGGAAGTCATAAG
NZ_CP076323.1_gap30	1276490	1278484	1994	GGCAGGTGAGCGGATAAAAACCTCTTTCTTTGATAGGTTCACCTACGAGATTCCACACTCTGTGCAGGTTACTTTCTTCAGATAGCACCGCCGGGAAGCTGTAATAGAAGGGTTCCGACATCTTTTTCTCTTTTGGGTTGTTGAGCCAGAGCTGAAATCCCCACAGCAAGCCTTTTTCAGTCAGTGGCATCTCCGAATGCACAACCCCTCTGCCTGCGTTCATCCACTGAAGCCACATCTCTTTAAGCACCTGCTGGTTTCCCTCGCTGTCTGTGTGCAAAAGGCTACCTTTTATCATAAAGGTCAGCGTCTGGAAGCCCCTGTGGGGATGCTCGGGAAAACCCTTTATGTAGTCCTTTGGGTCCTGGCTCTTTATCTCGTCCAGAAGCAGGAAAGGGTCAAGCTCCTTTATGTGCATAGTCCATATGTACCTTCTTATCCTGACGCCCGCACCGTCAATGACCTCTGCACTGGGATAAACTTTCATACCTCTACCCTACCCTTTTCGTCATATATGTACAGCTTTCCCTCTTCTTCGTCCCTTGTCTTTTTGTGGGAGCCATCGCAGAAAGGCTTATTTTTAGAAAGTCCGCACTGGCATATAAAGTATGTTTCCTCTCCCACTTCAAGCTTGTATGGACCCTTTTCCGTATGTTTTACAAGTCTTGCCATGTTCCACCTCCTACTATGATTTTAACTCTTGGTGTTTAACTGTCAATAACTGACTTTTATGTTATATACTATACTTTATGAAACTTAATAACAGAGATTACATCTGTCCCGTGGAGGCAGTTATAGACATTCTAGGTGGCAAATGGAAGCTCCTCATACTGAGAGAGCTTATGAGTGGAACTAAGAGGTTCTCCCAGCTAAGGAGAGCTATACCCAACATAACTCAAAAGATGCTTTCAAAGCAACTCAGAGAGCTTGAGGAGCGAGGCATAGTCAAAAGGATGGTTTATCCACAGGTACCTCCTAAGGTGGAGTATTCTCTCACCCCCATAGGTAAAAAGCTGAGCAAGGTTTTTGATGCCATGCACCAGTGGGGAGCTGAATATATAAAAACTTACCTCAGATGACGAGCTTCTCCAGCTCTCTCCTCTTTAGTATCTCTATGTAGCCTCTTTCTGTATTTATGATGCCCTGCTTTTTCCACTTGCTCATAACCCTTATGGTGGTTTCTACGGTAGTGCCTGTCATCTCTGCTATATCAAGCCTCGTAAGAGGAGCTTCTATGATGATAGTATCCTCGTACTTTTTGCCTATCCTGTCAGCTATCTCCAGTATTACCTTAGCAATTCTCTCCTCCACTTTACCACCCGCTATGCTCTTTAGCGTCTCATAAGTCTGTATGAGGTTGGCGGTAGCCTCACAGGTCATCTTTATGGCTATGGCTGGGTGCTTTATGGCTAAGTTTATAAAGTCTTTGTTGGATATGTAAAGTGTCTTTGACTCGGTCATGGACTTGGCGGTATAAGTGTTTTTGGGAGCCTTTTTGCCCCACTCTATCCAGCCAAAGACATCTCCGGGATACACCAGCCTGACTATCACTATTCTCGCATCCTGAGTCTCTTTAAGTAGCTTTATGAGTCCATCTATGAGGATGTATATGCCCGGCTCTGCCTCTTCTTCAAAGAATATATACTCGTTGCGCCTGAATTCTCTGAGTTGCATGTACTTTACAGCTTCTTTGAGTTCCTCCTCTCCCAAGCCCTCAAACATGTGAACGTTTTTGAGCATTTCAAGCTTCAGGTGCATATCTTCCCTTTCTCTAAGAGCCTCTTTTGCCATCCTCTACCTCCTACTATGACTTCTGGTTCAAAAACTACATAATCCGTGTGAAAGGGCACCTTATTGGTACCCCCAAAGGTGTGGTTATCACCTATGGCTATGTGGACTGTTCCCAGTATTTTTTCCGCTTCTAACACATTGTCCGGTCTTTTTGCTCCCGGATTTGTTCCAACTCCAAACTCCGCTATGTACCTTGCTCCATC
NZ_CP076323.1_gap31	1359788	1361946	2158	GGTTTCTGAGGGTGATGTTGTTGTGTTTGCAAGCCCCTCCGCCGTCAGGAGCTTTTTTGCAAATTTGCCAAAGCCTGAGGGTGCAGCTATTTTAAAAGAGAAAAAGGTGGTTTGTATTGGCAAAACTACCAATCAAGAGCTTCTTTCCATTTGTGGGCTTTCTGGGCTTTTGCCTGAAAAACCGAGCTTTGAAAGCATTGTAAAACTCTTAAAGTCTCTGGCACAGAGTTTGCAATAGATAAGAGTATGAAACAGCGTACCCTCAAAACAGTTGCCTCCTTTGAAGGTGTGGGTATTCACTCTGGAACAGCATCAAAAATATATATACATCCCGAAGAGGAAGGCACAGGCATTAGGTTTCTAAAAAGCGGTGTTTATATACCTGCCAGCTTTAGGTTTGTAGTAAACACGGACCACTCAACGGACCTTGGCAAAGATGGTATTGTGGTCAAAACTGTAGAACACCTTATGGCAGTACTTTATATGCTTGGCATAAGCAATGCCACAGTTGAGTTTGTTAAAGGTTTTGAGGTGCCAATACTTGACGGGAGTGGGTATTACTTTTACAAAGAGTTAAAGGATAAAGTTTTAGAGCAGTCCGAACCTATAGAATTTGTAGAAATCCCGCAAGCTTTTGAAGTAAGAAACCACAGTGGCTATATAAGAGCTTTACCGCACCAACACTTTTCTGCCGTGTATGTGGGTAGCCTTGAGGGCTTTTTTGAGGAAAGGAGGGTGGAATTTAACGGAAATGTAAAGGATCTGGTTTTTGCAAGAACTTTTTGCTATGACCACGAGCTTGAGCACCTGCTTAAAAAGGGTCTGGCAAGAGGAGGGAGCCTGCAAAACGCCCTGCTTCTTGGCAAAGGCTTTGTTTACAACCAAGGTGGTATGAGGTCCAAAGATGAGCCTTTAAGGCACAAACTCCTTGACCTGATAGGTGACCTTGCCCTTTTTGGCAAAAGAATAAAGGCTCACATCGTATCCTATAAGGGCGGTCATACCCTCAATCACAGGTTTCTTTCGGAGCTGGATAGGTTTTTAAGCAGCACCTCAGACACTACCTTTGCATCTTCTTCCGTATCAACGCCGTGATAGTAGTTTTTTGTGAGAAGTACCTTTATTTTTATGCCTGCTTCTAAGAGTCTTAGCTGTTCTAAAGATTCAAGCTTTTCAAGTTCTCCCTGCTTTAAAGAGGTGAACTCAAGCAATGCTTCTTTCCTAAAAGCGTATATACCTACATGCTTTAGGGGATAAAGGTCCGATGCCTGTTTCATATATGGGATGGGGCTTCTGGAAAAGTAAAGAGCTGTTCCATCCTTAGCCAGCACCACCTTTACGGAAGCAGGGTCTTTATAAAACTCCTGGTCCTTTCTTGCCAGCGTGGCAACCGAAAACTCTTTTAGAGCGTTAAAGAGCCTTTTTATATCCTCCTTATAAACAAAAGGTTCATCTCCCTGATAGTTTATGACATAATCCACATCCAAGTCCCTTATGGCATAAGCTACTCTATCGCTACCTGAAGGAAGGTCCGAAGGCGTATAAACTATCTTAACGGGAAGGTCCTTTACCACATTTGCTATTTTCTCGCTGTCAGTTGCCAAAAACACCTCTTCATCAGTTTTTAAGCATCCTTCTACCACCCACCTGATGAGAGGCTTGCCAGCCAGAAGAAAGAGAGGCTTCTCTTTTAGCCTTGTAGAGTCAAGCCTTGCAGGTATTACTATAGCCTTTCTCACCATTTTTTATTATATGACTTTTTTCATATTGCAAATAATTTTCATTTACTTATAATACTCAATAACAAAACTTTAAGGAGGTTAAAGATGATGGTAGGAAAGAAAGTTCCCAACTTTGAGTTGGAGGTTTATGACCCCAAAAAGGGTGGCTTTGGTAAGGTTTCCTTACAAGATATGCGAGGCAAGTGGGTGGTACTTTTCTTCTATCCGGCGGATTTTACCTTTGTGTGTCCCACAGAGCTTGCTGACCTTGCAGAAAAATACCAAGAGCTGCAAGAGCTGGGTGTAGAAGTAATATCCGTCTCTACGGATACTAAGTACGCACATCTGGCATGGCACAGAAGCGAGAAGCTCCTTGAGAAGGTAAGGTTTCCCATGGGTGCTGACCCAACTGGCAGAGTCTCAAGACTCTTTGGTAT
NZ_CP076323.1_gap32	1365625	1369934	4309	GGAGGCTGCCAGTTATCCTTTAACATTTCTAACCGTCTGGAACGCTCTTATCAAGAGAGGGAACATAAAGCCTTACAGTAGGGTGCTAATTTGGGCTGGCTCTTCGGGTGTTGGGGTTGCCGGCATACAGATAGCCAAGCTTATGGGTGCCTTTGTAATTGCTACTGCGGGAAGTGAGGAAAAAGCCAAGAGGTGCAAGGAGCTGGGAGCTGATATAGTGATAAACCACTATCAGGAGGATGTGGTCAAGAGAGTAAGGGACATTTTTAAAGAGGGTGTGGACCTGGTGATGGATCATGTGGGAGAAAAGACTTTTGGAAGGAGTATAGAGTGTCTCAAAAAGGGTGGGAAGCTCGTCTTTTTTGGAACCACCACAGGGAGTAATGCACAGATAGACATAAGGTATGTTTTTGTTAGAGAGATAGAGCTTCTTGGCACTTACATGGGTACAAGCGCAGACCTTTTTAAGATAACAGAGCTTTTTGAGAGGGGTCTTTTAAAGCCTATCGTGGACAGAGTCTTTGACCTTAAATCAGCAAGGGAAGCCCACGGCTACCTTGAGGCTTCCAAACACTTTGGCAAAGTTGTGCTTAGAATATAATTTATAGCCATGTTTTCCACCGACGAGATAAGAGAGCTGTTTTTGAGCTTTTTTGAGAAGAAGGGACACACACGAGTAAGAAGCGCTCCTTTGGTGCCAGAGTCCGACCCTACTTTGCTCTTTGTAAATGCAGGTATGGTGCCCTTCAAAAATGTTTTCCTGGGCATAGAGAAAAGACCTTACACAAGGGCTGTGTCCTGTCAGAAGTGTCTTAGAGTTTCGGGTAAGCACAACGACCTTGAGAGCGTGGGATACACATCAAGGCACCACACCTTTTTTGAGATGCTTGGCAACTTCTCTTTTGGCGATTACTTTAAAAAACAGGCCATAGAGTACGCATGGGAATTTATAACTCAGTATCTTAAGCTTCCTGAGGATAAGCTTTACATAACAGTTTTTGAAGAGGACGAAGAAACTTATCGCATATGGAGAGATGATATAGGACTTGAAGAGGGTCGCATATGGAAAAGGGGTGAGGAGGATAACTTCTGGCAGATGGGAGATACAGGACCGTGCGGTCCCTCTTCGGAGATACACTTTGACAAAGGTGAAGGTGAAGAAGGAGAAAGATACTTGGAAGTGTGGAACCTGGTGTTTATGCAGTATAACAGGGATGAAAAGGGAAATCTCACCCCCCTTCCGAAGCCCAACATAGACACGGGTATGGGACTTGAGCGTATAGCCAGTGTGCTTCAAAAAACAAAAACCAACTACGAGATAGACATCATAAGACCTATCATAGCCTTTGGCGAGGAGTTATCCCAAAAAAGATACGGCGAGAGCTTTGAAGTGGATGTAGCCTTGAGAGTTATAGCGGACCATCTAAGAGCCATCACCTTTGCCATAAGCGATGGTGTTCTTCCCTCCAATGTGGGAAGAGGGTATGTTATAAGAAGGATACTAAGAAGGGCTTTAAGGTACGCATACAAACTTGGTGTGCAAGAGCCATTTCTTTACAGAGGCATTGACCTGGTGGTAGACATTATGAAGAGGGCTTATCCAGAGTTGGAAACCAGCTTAGGCTTTGTAAAAAGTGTAGTAAAAGGTGAAGAGGAGAAGTTTATAAACACTCTCAAAAACGCCATGCCTATAGTAGAAGAGATTATTCATAAGACGCTTGAGGAAGGCAGAAGCTCTATAAGCGGGGCTCAGGTATTTACTCTTTATGACACTTACGGCTTTCCTCTGGACATGCTGGAGGATATAGCAAGAGAGAAAGGGCTTTATGTGGATATGAAAGGCTTTGAAGAGCAGATGGAACTTCAGAGGGAAAAGGCAAGAAAACACTTCAAAATTGCCTCCAAAGAGGTAAAACCCATTTATGCGCACCTTAAAGAGCTGGGAAAAACTTCCCAGTTTGTGGGATACGACCAGTATCAGGCAGAAACAAAGGTGATAGCCATCATAAAAGACGGGCAGATGGTGTCAGAGCTCAAAGAAGGTGAGGAAGGCGAGCTGGTGCTGGAAAAAACTCCCTTCTATGCGGAAAGGGGAGGACAGGTGGGCGATAAAGGCTTTATAAGAGGAGAGGGGGCTTACTTTGTGGTAGAGGACACCCAATCACCTGTGGAGGGCGTAATAATCCACACAGGAAAGCTCATAAAAGGCAATCTAAAGGTTATGGACCAGGTGCATGCCATCATAGACAGAGAAAGGAGGGAAGACATAAGGAGGAATCATACTGCAACGCATCTGCTTCACGCTGTTTTAAGGCATGTGCTTGGAGATCATGTGCGTCAGGCTGGTTCTCTGGTGAGTGACCAATATCTTCGCTTTGACTTTACTCACTATGAAGCTCTTGACTGGGATAAGCTATCAAGAATAGAGGAGCTGGTGAATGAGCACATACGCCAGAACTACGAGGTGAGTGTAGAAGAGACGGATTATACCAAGGCAATAAAAGAGGGTGCCATAGCCATCTTTGAGGAGAAGTACTCGGACAGAGTCAGGGTCATAACGGTGGGTGAGGTGTCAAAGGAGCTTTGCGGTGGAACTCATGTAAGAAGGACTGGGGACATAGGATACTTCAAAATAGTATCTGAGTCTTCTGTAGGTGCTGGGGTGAGGAGGATAGTGGCAAAAACTGGAAGGTGGGCTGTGGAAGATGCCTTTAGAGAGCACAGAATGCTTCAGGAACTTAGCATTAGCCTGGGAGTAAAGCAGGAAGATATCCCCGATGCTATACAGAGACTTGAAAGACAGTTAAAGGAAAAGGAAAAGGAAGTTGCGAGACTAAAAGAACTGCTCCTGGAGCAGATGGTGCAAAAGCAAGTGAAGGAGGAGCTAATAAACGGCATAAGGCTCTATTGGGGATTTTTTGAAGATATAGACACAGAAGACCTCAGAAGCACCGCTGACAGAATAAGAAGCTCATCCGAAAACTGCGTGGTGTTTTTTATAACCAAAAAGGGGGAGAGGCTTTCCACGCTGCTGGCTCTGTCTAAGAACTTAGTACCCAAGCTCTCTGCCAAGGAGATGATAAAGGAAGTGGGCAAAGTTTTGGGTGGCGGAGGAGGAGGAAGGGAAGACCTGGCTCAAGGTGGTGGAACCAATCTGCAGGCAGTGGGTAAAGCCATTGAAAGACTGAAGGATTTGATATATACTAATAAGTTTACGGAGGTTTAAAGATGAAGAAGGGCATTCATCCAGAGCTAAAGCCAACTACCTTTGTGTGCGGTTGCGGAAACACCTTTACTTTGCTATCCACTAAAGGCGGTACTGTGCATCTTGAGGCGTGCAATCTGTGTCATCCCTTTTACACAGGCAAGCTTAGAATAAAGCCCTTTTACCTTGAAATGGCAGGAAGTGCCAAAGAGGAGTGATGCTCCCTGCGCAGTTGGAAGAGAAGCTGGAAGCTATAGAAAAGAGGTACGAGGAGATCCAAAGCAGGTTAAGCTCTCAGGATGTTATAAGGGACAGAGAGCAGTTTGCCAAGCTGAGCAAAGACCTCAAAGACATAGGGGAGGTTGTAGACTTATACAGGCGTTATAAAAAGGTGCAGAAGGACATAAAGGAAGCCCAGGAGCTTTTAAAGTCCAGAGAGTTTGAGGAGCTTGCCAAAGAAGAGATAAAGAGGCTTAAAAGAGAGGAGGAGCAGATAGAGAAAGAGCTAAAAATCCTTATGCTTCCAAAAGACGAAAGAGACTCAAGGAATGTGATACTTGAGATAAGAGCGGGTGTAGGTGGTGAAGAGGCTGCCCTCTTTGTAGCTGACCTTTTGAATATGTACCAGAAGTACGCCGAGGAGAGAGGCTGGAAGTTTAGCATACTCAGCGCTAACAGGACAGGCTTAGGTGGATACAAAGAAGTGATAGCGCTTATAGAGGGTGTGGGAGCGTACTCAAGACTTAAGTACGAGAGCGGTGTACACAGGGTACAAAGAATCCCTCGCACTGAATCTGGCGGAAGAATACACACATCCACTGCAACTGTGGCGGTTCTTCCAGAGGTGGACGAGACGGAACTTGAGATAAATCCACAGGACCTCAAGATAGAAACCTTCAGAGCCAGCGGTGCTGGTGGACAGTATGTGAATACAACTGAAACGGCGGTGAGGGTCACTCACATACCTACGGGTATAAGCGTAGCGTGTCAAGACGAGAGGTCACAGTTTCAGAACAAGCAGAAAGCTCTGAAGATACTCTATGCCAGACTAAAGGACTTTTACGAAAGGCAAAAGGAAGAAGAGATAGCCAAGGAAAGAAAGAT
NZ_CP076323.1_gap33	1516400	1517881	1481	AGGCATATCCTACAGATTCTTCCGTGTGGTTTTTCTGGGGCTTCCACCAGATTACGCCAAGCCTAAGGGAAATCCTTACTACATGGCTGTGAAGAAAATAGTCATCAAACCTACCATGGGTTGGACTTTCAACGAAATATTCTCAAGGAGAGCGGTAAACTTCATAGGAGGATTTCTGTTTCATCTGGGTTTTCTGGGGCTTACCTTCTTTGTTCCCGATCATGCCCTCTTGTGGCGGGAGATAACGGGTTTACCCATACCCACCATGCCCAATCTTGTGGGAGACATACTTGCCTATGCGGCGCTCGGCTCTTTATTGGCTCTTACTATACACAGGATGCTAAATCCGGTACTTAAACTGCTAACTGGCAAGGACGAATACTTTGCCAACTTTCTCATAGGGGCGGGGCCATCCTCTTTACCGGTCTTCTTGCCACCAAGTGGGCGGGAGGAGGCTTTTATGTGTGGATACTTTCTACCCACATGCTCCTTGCAGACCTTCTCATCATTTACATACCCTTCAGCAGACTTTCCCACTTTGTCTATTACTTCCTTTCTGTAGGCTTTATGGGATGGAACGCGGGTAAAAGGGGCGTATCCTTTTAGAGGAGGTTTGGTATGCTTGTGGAATCAAAGGAAGAGATAGGTCAGGAGGAGATTGAGAAGTTTTACGAATTTTGCAAAAAGAGCATAAATACAGAAGTGGCTTCATACTTAGAAGCTTGTGTAAGATGCGGGATATGTGCAGAAGCATGTCTCTTTTACATGGGTGAGAATGTATCTGGGAGGATAGACCCCACACTGACGCCAGCTTATAAGGCGGACCTGCTCAGGGACATATACAAGGAAAATTACACACTTCTGGGAAGGATAAAGCGTTTACTTGGTTTTGGAGTAAAGATCACACCAGAGGACTTAAGAGAGCAGATAAAGCTCGCCTTTTATACATGTACCAACTGCGACAGATGCACAAAAGCATGCCCTATGGGTATAGATACGCCAAAACTTGTAAGCATAGTGAGGGGGGCCTTAACTTATGCGGGCCTTACCCCCAAGGACCTTGCGGATGCTACAAACCTTTCAGTAGAGAAGGGGAGTCCTCTTGGTGTGGACATTCCCACTTTTCTCAAAAGGATAGAGTTCATATCCGAGGAGTACGAGGTGGAGATACCCGTTGACAAAAGACCCTCCGAATACCTATATATACCATCGTCCATTGAGCTTATGAAGTTTCCCTCCTCCGTTGCCTCCGCCGCAAAAGTCTTAAACAGTTCTGGTGTGAGCTGGACTCTCTCCACAGTTGCTCACGAAGCCACAAACTTTGGATTGTTCGCTCAGAGTAAAGAAGTTACTAAGGAGATGATAAGAAGAGTTTTGGAAGGCGCGAAGGAGTTAGAAGTTAAGTACATAATCGCTCCGGAGTGTGGACATGCCTACCAATCTATGAGGTTTATTGCACCCAATATATTTCCAAAGGATTG
NZ_CP076323.1_gap34	1520542	1522231	1689	AGCTAAAGTATAGCCCACCCTCGTCTGAGTGCCAGCTTCTTCCGTACCTTCCTCTCCCTTTTGTCTGCCTTCTTGCCACCACTACGCAGTTGATACTCTTTTCCTTGAGCCAGTCCTGCGTGGAACTTACCTCTTCAAGCCACACAAGAGAGTAAAACCTGCTCATGAGAGATAGCTTATGGCTTGCTTTAGCGCGTCTATTACCCTGTCTATCTCCTCGTAAGATATAACCAGGGGCATCATCAGCACCATCACATCCCCAAGAGGTCTCAGAAAAACCCCCATCTCCCTGCACCTGTAGGCTACCTTAAAGCCCGTTCGCTCTCCATAAGGGAAAGGCTCTCCCTTTTCCCTGTCCTTGACAAGCTCTATACCAGCCATAAACCCAAGCTGACGCACATCACCCACATGCTTTAGCTCCCAGAATTCCTTTAGCCTTCTGCTCAGATACTCTATCTTAGGCTGGAGGTTTTCTAAGGTTTTTTCCTCTTCAAACACCTCAAGGTTTGCAAGAGCTACGGCGCAGGCAAGATTGTTGCCCGTGTAAGTGTGCCCGTGATAAAAGTGCTTCTTCTCGCCAAACTCTCCCAGAAAAGCCTCAAAGACCTCCTGTGTGGTCAGCGTTGCTGCAAGAGGCAGGTATCCCCCCGTAAGACCCTTGCCAAGACACATAAAGTCTGGACTTACACCCTCCTGCTGGCAGTAGAACATAGAGCCAGTTCTTCCAAAACCAGTTGCAACCTCATCCACAATGAGCAGAGTGTTGTATTTTCTTGTTAGCTCCCTAACACCCTTTAAAAAACCCTTGGGGAATGGTAGCATGCCCGCCGCTGCCTGAATGCCAGACTCCAAGCTCACTGCAACTATATCCTCCCCTCTCTCTTTTAGGATATCTTCCAGCATACTTAAAAGCTCCTCCCTGCACTCGTCGCAGAGCTTGCCGTATCTTTCCTTGCAGTAGAGATAAGGGGAGGGAAGTTTTAGAGTTTCAAAAAGCAAATCCTTGTAAGTGCCGTGAAAGAGGTCTATACCCCCTATGCTGACAGCCCCTATAGTATCACCGTGATAAGCTTCCGATAGGGTTATGAAGGTTTTTCTCCTCTCTCCTTTGTTTCTCCAGTACTGGTAAGCGAGCTTTATGGCAATTTCTACAGCTTCCGCACCGTCTTCAGAGTAAAAGACTTTTGTAAGACCTTCTGGAGCTATTTCTACAAGCTTTTTTGCCAGAAGTATAGCTGGTACATTGGAAGAGCCCAAGGTAGTAGTGTGAGCTACCTTTTGAAGCTGGTCAATTATGGCTTTATTTAGCTTGGGGTGATTGTGCCCATGCACATTGCACCAAAGAGAAGATATAGCATCTATAAACTTTCTTCCTTTTATGTCGTAAAGATAAACCCCTTCTCCCTTTTCAAATATGAGGTTTTCCTCCTCTCTATAAACCTTCATCTGGGTGAAGGGATGCCAGAAGTACTCCTTGTCCCACCTATCTAAGGTCTCAAAGTCAAGCATACCTATATTATATGGAATCGCCTTACTTATGTTAATTCCCCGTTAAGGAATGTGTCATATGCTTTAATTAAAGCCCCTACCTCAGCACCTCCCATCACCTCAGCCTTCTGGACGCCTCTCCTGGCGTCCCCCTCTTTTGTTGCAACCCATGTGAAAAAAGCTATAATCTTTAAGTATTAT
NZ_CP076323.1_gap35	1719052	1720756	1704	TAGAAGACTATTTGAGCTCCTCAAAAACAAACATATAAACGGAGAAAGAAGAAATAAGCTAAAACAAAAATGGGAAGAAAGAAGAAAACACTGCCTATACTCAAGAGGAGACAAAACAAAGAAAGGAAACCTAAACATAAGAGTAGAACTTGAAAAAGATAAGCTTACACTTAGAATAAACACAGGAGATAGAAACTGGATAAAAGCAAACATAAAAAGAACAGCAACCAGACAAAACGATAAATGGATAAACTTTATAGCAGACTTAATACGAGCAGAAATAACAGGAGAGTATTTCCCGTATTCAGTAGAGATAAGAAAGATAAACAATAACTTTTATGCATTCATAAGCTATGAAGAGGTGAAATTGGAAGAACCCATTATAACTAAAGACAGTGGCGTAATAGGGATAGACATAAACGCAAGCCCATTTCACATAGCTATGGCAAGTGTAAAAACAGATGGAAATTTAGAAAAGATAAGAAGAATATCTCTACACCATCTATTAGGCAAGACAAAAAACCAGAGGGAATATCTGTCTTGGCAGATAGCCCATCAGATAACAGATATGGCTAAGGAAGAGAATAAAGCTATAGCCATAGAAAAATTATCCAACATACCGAAAGGAGAAAGAGGAGATGGCAATGGAAAGCTAAGGAAGAGACTACAGCAATGGATATACAAAGGTTTGTTAGAGAAAGTAAAAACACTTGCTAAAAGAAAACGCATTCAAGTTATAGAAGTAAACCCGGCTTACACATCAGTTGTGGGGGCATTAAAGTATGCACCACAGTATAGTTTAGATAAAGATACAGCAGGAGCTTTTGTAATAGGGAGAAAAGCATTAGGATTTAAAGAAAGGTTGCCAGAAAATTACAAAAAACTAATAACAGATAAGGAGTATTTGGATTTTGCGATGGAAAGACTACAAGAAGAAAAACAAAAAACACAAGAGAGTTTAAAAGAAGAGAAAAACCAGTATAAGAGAAAACCGATACAAAAGAAACTAAAAGAGCTAAACAAAAACTTAAAGATAATCCAAAGCCTTTACAGTGAGCCACAGGCTCAAGAACCTGTCAACCGATGGAAGGAACAGGTGAGAGGCTTGTCTTGGACAAGTTATAAACTGTGGCAAGTTGTGAAGGTAGCCCTTGCTATCCCTGTTCTGGGTAAGTCTCTAAGCAGGGACTTATCACCCTTGAGAGGTATAATAGTTTCAGGGGATTGGGATAGGGTAGCAAGAAGGTTAGCTCCTGTTTCTTGGGACAGGGGCTATGGTATGGACGAATACCGCCAGCTGGGGACATGTCCGTACCTGAAGGAGGCGGGATACAAATACCCCAGCCCAAAGTGTGGTTTTATACACTTTGGATAACCAGGAAAGATGATACGGAGTGCAGACCTCGCAAGGAAGTTATCCAGAATGCTTATTAACTCCTTGCCCAAAGAGAAGCAAGTAATGATGAAAGTTTCGGACTTTTTGGGTATGTTGTCAGAGCTTTACAGGAGGGAAAGGAGCTTTAGGAACTTTGTCCTCAATCCTCTGGTGCCTCTTGATGCAAAGCTCTCTTACTTGAAAGCTCTGAGAGAAAAAATCGGCATAACTAAGGAGGTGGATGATACTTTATCCCACTTGCTGGAGCTCAATGCTCTCCCCCTCATATCCGAGATAAAGAGATTCTACGATTACGAAGTGGAAAAAAC
NZ_CP076323.1_gap36	1748250	1753139	4889	ACTTTTTTGCAGGTCTTATAGAGGGTTTTGTATCCTTTATGAGTGATGAAAAGATAACTTTGGTACCGGAAAGTGTGGAGAAGGGAAGGATAATATACAAGTACGCATGAACATAGAAAACTTCCCCTTGAATGTGGAGCTTTTTTACATTATCAACCACGCAAGGAGTCCCTTTCTGGATACTTTCTTTGGCTACTTTTACCTGCTTGGGAAGGGCTACGTGCTTATTCCCATAGCTTTTGTTCTGATAGTTTCAAAAAGCAGGAGATGGAAACTTTTCCTGCTCTCTGTGGCGGTAGAGAGTGCCACTGTACACCTTCTGAAGTTTGGCTTTGATGCGCCAAGACCTGCCAGCATGCTCACAGATGCTTATCTCCTTGAGCCTCTGTATCACAGATCTTTCCCATCAGGGGATACTGCCATGGCTTTTCTTATTGCCTCTTTCTTCTTTCCAGTGTCCCCGCCTCTTGTTAGGGTGCTTTTGTGGGCTTACACTTTTTTGATAGCTTACGGCAGGATATACATGGGTGTACACTTCCCACTTGATGTTATTGCCGGTGCCACCATAGGTGCGCTTTCCTACAAACTCTGTGAGAGGCTCGTTCATTCTAAGTTAATTGGCTGGTGGTAACATAAGTATAGTATGAGTAGAGTTATACTTCTTGCCTTCATACTGCTTTCCTCCTTGGGCGCTTTTCTGTGGTTTTATACACACAGGACCAAGGATGCAGAGAGTGAGTTTAAGGTAGAGAGGGTCTCGCGCGGTGATATAGTTTCAAAGGTTTCCGCAACGGGGACTATAAATCCTGTAGCTACGGTGATAGTAGGTTCTCAGGTCTCGGGCAAAATTGTGGCTATATACGCGGACTATAACTCACGGGTCAAGAAAGGTCAGGTGCTTGCACAGATAGACCCATCCTTATTTCTGGCACAGCTCCAGCAGGGCAGGGCTTCTGTAGAAACTGCAAAGGCAAATCTTGAAAAGGAGAGAAGGACCATGCAGGTTCTGGAGGCAAACCTGGAGGGGGCGCAGGCGGTTTTGGAAAAGGCAAGGAGGGACCTTCAGAGAGCTAAGCAACTGCACGATAAGAACCTGCTGTCCGAGAGCGATATGGATGTGGCACAGCAGAGCTACAAGAGCGCTTTAGCAAATGTGGAAGCAATAAAGGCTCAGATAGAGGCTCAGCGTTTAGCTATAAAGTCTGCAGAAAACCAGCTAAAGCAGGCTCTGGCTAACATGAGCATTGCGGAGACTAACCTGAGATACACCAAGATAGTTTCCCCGGTTGACGGTATTGTTATTACAAAAAATGTGGAAGTAGGGCAGACTGTGGCAGCAAGCTTTCAAACACCCACCCTGTTTTTGATAGCTAGGGATCTTTCCAAGATGCAGGTGGAGGCAACGGTTTCTGAGGCGGATATTGGCAAAATTAAGGAGGGACAGGAGGTGGAATTCACTGTAGATGCATACCCCGGCAGGGTCTTTAAGGGCAGAGTGTCTCAGGTAAGACTTTCACCCGTAAACATTCAGAATGTGATAACTTATACGGTTATAATCCCTGTGGATAACAGCCACATGCTTTTAAAACCGGGCATGACTGCCAATGTGTCCTTTCTGGTAGCTAAGAAGACTGGTGTTCTTAGAGTTCCCAATGTGGCACTCAGGGTAAGGCTAAAGGGAGAGAAACAGCAGGGAGCGGGTGTATGGGTGCTAAGGGACAACAGACCCGTCAGAGTTCCTGTAAAGACCGGCATAAGCGATGGCACTTACACGGAGGTTGTTGCAGGAGACCTGAAGGAAGGGGATAAGGTTATAGTAGGTTTGGGAGAAGAGAGGAAAAAGCCTGCATCGCCGAGGTTCTTCTGATGGCTCTTATAGAGCTAAGAGAAGTTAAGAAAACATACAGGCTGGACCATGTAGAGGTGCATGTGCTTAAGGGTATAAGCATGAGCGTAGAGAGAGCAGAAGTGCTGGCTATCATGGGACCATCCGGCTCTGGAAAATCCACTCTCATGAACATCATAGGCTGTCTTGATGTGCCTACGGAGGGAGAATACATACTGGACGGTGTATCTATCAAAAACATGAGCACGGACCAGATAGCGCATGTTAGGAATACAAAGGTAGGCTTTGTTTTCCAGAGTTTTAATCTCATACCACGCCTTACCGCTCTTGAAAATGTGGAGCTTCCCATGATATACGCGGGTGTTGGGAGAAAGGAGAGGAAAAAAAGGGCTGTGGAGCTTTTAAAGATGGTTGGGCTTGGGGACAGAATTTACCACTATCCCAGCCAGCTTTCGGGAGGACAGCAACAGAGGGTTGCCATAGCCAGAGCCATAGCCAACAATCCCCCCATAATCCTTGCGGACGAACCGACAGGAAGCCTGGATACCGCAACGGGCAACATGATAATGGAACTGCTCCTGTCCCTCAACGAAAGTTTTAAGACAACACTGATAGTTGTCACGCACGAACCTGCGGTAGCATCTTACTGCAAAAGGGTTGTAAGGATAAAGGACGGCCTTCTGGTGGAATGATGGGCATTTACGACCTTTTTTGGATGTCCATAAGAAGCTTCAGGGCAAATAAGTTAAGGTCTTTTCTGACCACTCTTGGCATAGTCATAGGAGTGTCCGCGGTTATTGCCATGCTTTCGGTAGGAGAGGGTGCCAGCAGGAAGATTCAGGAGCAGATAGCCAGCATAGGTAGTAATCTGCTGATAGTCTTACCAGGAAGCACCACTGCTGGAGGTGTCAGGATGGGTTTGGGAACACAGCCTACCCTTTCTCTGACGGATGCTCAGGCTGTTGTGAGGGAGTGTCCCAGCGTTCTGCGCGTGGCACCCATAAAGGCCGGTGTAGCTCAGTTGGTCTATGGCAGTATGAACTGGTCAACGGGTGTGGTGGGAACCACGCAGGACTACTTTGAGATAAGAGACTGGAAGGTGGTATCGGGAAGGATCTTTGGCGAGGAGGATGTGAAAAGCGCCTCTAAGGTGGCGGTGCTGGGACAGACGGTGGTGGAAAACCTCTTTGTGGGGGATGACCCGGTGGGGAAGGTTATAAGGATAAAGGGCATGCCTTTCACGGTAATAGGTGTGCTTGAAAGGAAGGGGCAATCACCCATGGGTCAGGACCAGGACGATACGGTCATAGTCCCCATATCCTCCGCTCAGAGGTTTCTCTTTGGCACAGCCTTTCCGGGTCAGATAGACAGGATGATGGTGCAGGCTCTAGGACCTAACAGCATAGAGGATGCGGAGAAGGAGGTAAAGCAAGTCATACTCCAGAGGCACAGACAGGAGGACTTTACCGTAAGAAACCTGGCACAGTTCTTGCAAGTTCAGCAGGAGTCTGCCAGGGTTATGTCTCTGCTCCTTCTTTCGGTGGCATGCGTATCCCTTCTGGTGGGTGGTATAGGCATCATGAACATCATGCTGGTTTCTGTGGCGGAAAGAACCAGAGAGATTGGTATAAGGATGGCTGTAGGTGCAAGAGTCTGGGACATAAGGGGGCAGTTCCTTTTGGAGGCGCTTATACTTTCCACTCTGGGAGGCATGGTAGGTATAGCTGTGGGAGTCGTAGTGTCTTATTCCATTTCCAGGGCTTTCGGTTGGGCTGTTGTCATATCACCCTTTCACATACTTGTAGCTTTTAGCTTTTCCTTCCTTGTGGGTGTTATCTTTGGCTTTTATCCCGCTTACAAGGCGTCAAAGCTAAACCCTGTGGATGCCCTTAGGTACGAGTGAGCTTTCTGAAGGCCTCCTTTCTCACAAACTCAGATACGTTGGGAAAAGAGCTTTTCACCTTTTCCATCCTCTCTTTTATAACTCTTAGCTCCTTCTCGTCCTCCACAAGACCCTTCGGGCAGGAGTTGTTTACGATGAGCCTCACCCAGCCTTTTGGAAGGGGTACTTTACTCCAGGGTCTTCCCTCGCCTTCCTGCAGTTTAACATCTATAAAGGTCCTCTGACAGTTTACTGGACACCAGTGGCAGACAGTGTCCTTTGATGTGGTAGCTACATACTCCAGATTCTCTACGGTTTGAAAACCTCTGAACCTTGTGCTTTTAGTCTTCTGCCAGTGTTCCAGAGCTACCAGTGCTGCGCCTATAGCTCCAGCTTCACCGGAGTATGGGTGTACATAAACTTCCGCATCGGGGACCCTGGACTTTATAAAGTCCACCTGAGCCTTTACCACCGCAAGGTTTCTGTGCGTTCCTCCCTGAAGTATGAACTTCCTTCCTACCTGCGCCAGGTTGTTTATGTTTCCTGCGTATATCCAGACATTTAGAGGTAGAACATAGCAGAGACCCGCCAGTATCTCCTCCGCCTGCCAGCCTTTTCTTTGCTGATTTACTATATCGCTCTGTAAGAAGACTCCACAGCCCATGGTGAAGTTAGGTATAGCCTTTGCGGAGAAGGCTCTTTCCGCTATCTGGCTAAGTGGTATGTTAAACCTCTCCGCCACTCCCTGCAGAAAGGCACCGTTTCCTGAAGAGCACTGGGAGTTTAACCTAAAGTCCACCACAGAACCTTGTCTGAGTATCATGATCTTTACATCTACTCCACCCACATCGCATATACAGTCCGCATCGGGGAAGAAGTGCAGTCCTGCGGTGGCATGAGCAACGGTTTCCACTATAGCAACATCCGCTCCGAGGACATCTTTAAGCAGGTCCTTACCATAGCCCGTGATTCCAAGGCTAAGGACTCTCCCACTGCCAAGATACTCCTTTATCTGCCTGAATATCTCCTTTGCATCCTCTATGGGGTTTCCTCTGCTCATGGTGTAGCAAGAAAAGACCAACTCCTTTTCCGGAGTTATGCAGACCGCCTTTGCTGTTGTTGAACCAAAATCACAACCTACTATCACCTCAGGCACTTTTC
NZ_CP076323.1_gap37	1757803	1760129	2326	ATGAAGCACTATGGAGACCCTCGTAAGCGTTATGGGAAAGTTTCCGGGGAACCACATGAGTATGCCAGTTATCAAAAAGACAAGGCATCCTACAAACACCAACCAGCCAAAGACTTTCTGCCCCGCGTTGTACTTGCCCACCTCCGGCAGTTTTTCCTCCTCTCCTTTTATGTAGTGCTTAACGTTTTTGAGCCAGACCATGTCATCAGATGTGAGGAGAAAGTCCTTTGACCACTTTAGGAACATAAGCAGAACTCCCACGGAGAAGACCAGACCAGCCCAAGGGTGTAGCCACCTTGCAAAATCAAGACCTCCCAGCACGGGGAGAAGCCAGGCGAACTTGGGTGAGTATATGCCAAGTCCGGAGAGGAAGAGATAAATGAAGGTTATGGCAACCACCCAGTGCACTACTCTGTCAAACCTGCTAAACCTCTCTATCTCCAACTCTTCAAGGTTTTTTGTCTCTTCCATGATCAGCCCTCCTTTTTCTTACCTACCTTTATAGGTCCAAAGAGTATAAGCTGTAAGAAAGCACCTATCAGAGTGCCCCACAGCACTATGGCACCAAAGACCTTTAGGGGTCCCTTCCAGAGGCTTATCCAAGGTGATATGCTCGCTTCTTTGGGAAGTCCGTACATCTCGGGTTTGTCCCCGTGGGGCAAGACATAGATGTATCCTGTACCACCAACACCGGGAGGATCATAGACAGTGGCTTTTTCAAAGCCCCTCTTCTTTAATCCTTCTACTATCTTGTTAGCTCTCATGAGCATCTCGCTCTTTACACCAAAGTGAAGCGCGTTGGTGGGACAGGTTTTTACGCAGGCGGGCTCTAATCCGGCGGAAACCCTGTCTACGCAGAAGTTGCACTTCCAAGGCTTGTTGTTAGCATCGTACCTCGGAATATCAAAGGGACAGCCAGAGAGGCAGAACTTACAGCCTATGCACTTAGAATGGTCAAAGTCCACTATGCCGTTCTGATACTGAATTATAGCTCCGGGTGAAGGGCAAGCCTTCAGACAGCCTGGGTCTCCACAGTGCATACACTGATACTTGGTGATAAACCAAGTTACTCCCTTTTCCGTTTCACCCTCTTGGAATCTCATGTACATGAAAAGGTCCGGCAGGAGACCCGGACCAGACTCGTATCCAGCAAAGAACATCTTTTTACTCTCTCCGTGAGGGTATATGGGTGGCTTAAGGTCGTGCCACTGGGTGCAAGCTGCCTCACAACCTTTACAGCCTATACAGCTTGAAATGTCCACCAGTATTGCGAGAGTATCCGCCTGCTTAATGTTGGGGTCTGGAAGCTTTGAGGCGGACACTCTTTTAAGACCCAGCCCAACAGTTCCTTCAGTGGTTACGGTGCTCATCTCTTACCTCCTCAAGCTTTTACCTTCTCTATGTTGCACAAAAAGCCCTTGTATTCAGGCGTTTGGGAATTAGGGTCCCAAACGAAAGGTGTGGTAAGGTTGGCAAGGGAACCCTTCACTATCCCTTCAAAGCCCCAGTGTATGGGGATACCCACCGTGTAAACCTTCTTACCGTTTACCATAAGAGGTTTTATCCTTTTGGTAGGTATGGCATGGGCTTCTACAGAGCCTCTTGCGGTAGAAACCCTTACAAGGTCACCCATCTTTATACCGAGCTTTTCAGCCAGTTCTTCGGGGAGCTCTACAAACATCATGCTCATGAGGGCGGAAGTGCCGTATATGTGTTTGGTCCAGTAATGGAAGTGCTCCACAACCCTATAAGTGGTGCCAACATATGGAAACTTATCGGGCGTTCCAAGAAGGTCCACATCTGACTTGTAAACCTTAACCACAGGGTTATGGGAGGTTTTGGGATGGAGCACATTCTCAACGGGCGATTCGTAAGGCTCGTAGTGTTCTGGGAAAGGACCGTCCACCAATGCTGAAGCGAAGAGCCTTCCCCTGCCTTCCGGAAGCATGATAAAGGGTCCGTATTCGGGAGGCAGGTCGGGTTTTATGTCAGGCACGTCATAACCTACCCACTTTTGCTCCTTCTCGTTCCACCATATGTACTTCTTCTTGGGACTCCAAGGTTTGCCGGTAGGGTCTGCGGATGCTCTGTTGTAGAGTATGCGCCTGTTGGCAGGCCAGCTAAAGCCGTATCCTGGGTACACACCAAGCCCCGAAGGGTCCGAAAGGTCCGTAGACTTTGCCCTGTTGCCCGACTGAGGGAATACGCCAGAGTACAGCCACATACCGCACGCGGTGCTGCCGTCATCCTTGAGAACGGCAAATCCCGGCACCCTCTCGCCCTTTTTGGCTACCACATTACCCTTGTCATCCGTTATGTCCGCAAG
NZ_CP076323.1_gap38	1761276	1765273	3997	GTGTCCTTAACTATGTAAGGTGCATTGGTAAAGTGTTTTATATACTCCTCGTTGTACTTCTTGTTCTGTATCACGTAGTTTATGAGGCCACCCATGAAGGCTATGTCAGAGCCGGGTCTTATCTGGACAAAGATGTCAGACACCGCCGCAGTTCTGTTGAACCTTGGGTCTATGCAGATGATCTTAGTACCCTTCTCGTGCCTTGCCTTAATTGCCCACTTAAAACCACACGGATGGTTCTCCGCAGGATTCCCTCCCATTACAAGAATGAGGTCTGCGTTCTTTATGTCCATCCATCCGTTGGTCATGGCCCCTCTTCCGAACCTTGCGGCCAAACTGGCCACCGTTGGAGCGTGTCACACTCGTGCCTGGGTCTCTCGTGCGACAAGTCCTAAAGCTACACCCGTCTTTACCCAGAGGTATCCCTCCTCGTTACCCAGCGTGCTTCCCACAATCCAGGCTATGCTCTCACACCTGTTTACAACCCTGCCCTGATCGTCCTTCTCTATGAAAGTCCTGTCCCTGGTGTCTTTAATGAGCTTGGCTATCCTGTTTAAAGCTTCGTCCCAGCTTATCTCCTGCCATTCCTTGGCACCCGCAGGTCTGTAAAGGGGTTTTGTGAGCCTATGAGATGAGTTTACAAAGTCCCTCAGGGTTGCACCTTTTGGACAGAGTGTCCCCCTATTTACAGGGTCATCGGGATTTCCTTCCACATGAACCACCCTTGGTTTCACATTCATGGCACCGTCAGTGAGCGTATATATGAGAACTCCGCAGGAAACTGAACAGTAAGGGCATATACTTTTAGTCACATTAGCCTTGGCTATCTTAAGCTCTCTAACTCTCGCATAGGCAGGCTTGAGGTCAAAACCAAGACCTCCCACAAGCCCAGCGCCTATTGAAGCTCCCGAAAACTTTAAAAAGCTTCGCCTTGTGAGTTCCATGCCTTCTACCTCCTCATTGATAATTTACAACTTCAAGCTCTCTTTTTACTTTGAAATTTTCAATGAGAAAATAGCGAGTATTTCAATATCAGGATATACTTAAAATGGAAGTGAACTACCCCGCATCATAGATGCGGAGCTTCGGGTGGGTTTGCATCCTCAGTAGGATGCCTTACCACCACAGGCAGGTTCACACTGCCTCTACTCCTGCCCCCTATTTGACTATACAGGGAGCTAACGGAGATACTTTTGAATATCCTCACCCTTACTGGTTTAGCAACTGCAGTTATCTGGTCAAATTTTCCTAATTTCTTGAGCATGTTCCTTACCGCATTCACATCAGCATTCAAATACCCCCTTGAGGTTTTGAACAGCCCTCTCTTTACTCTTACTTCGGGAGTGTAGTTTTCCTTGCAAACCCCACACTCAAGCGTGGAGTCCACTCCCGAAGTGTATCTTTCGTCTCTGTAGTGGGCTACTATGCCGTAAGGCTCTGCTTTGTATTCCAGATACTCCTTTACCTTACCGTGAGGTAGCAAGCTCCATATCTGGTCTGCTATTGAGTTTAAATTACTTTCCCTGTTCTTGTTCTTTACAGAGTCTCCTATCCAGATTTCCTTAACTCTGTGTTTGATTGCAAGCTCAAGTATCAGACTGCTAACAGTATGCGCGTAATGCCTGAGTAATCTCTTTACCTTAGTCCACAGCCTGCTTATCCTCTCCTCTACTCTGTGATACGGAAGTCTCTTATTCTTAAGGTTGTCTTTCAAGCTCTGAAGTTTGGCTATCTTCTTCAGATACTTTCTGAGCAAACTTTTGAGTCCTCTGCCATCTACTATGTATGGAGTTTTCACTCCCTCTATCCCTATCACCATGAAGTTTGCTGAGTTAGGGTCTATAACCATAGCTCTGTTCCCTTCATGCTCCTTAGTTTCCTTTTCAGCGGAGTATACTATGTGAAGCTCAAACTCATTTCCTTTAGGGATTATTTGAATGTTCCTTATGAGTTCCTCTCTTAGCTCAAGTCCTGTCTCTATCCACAGGTATTTGATATGGATGTCATGTTTTTCTCTGAGCCAATTTCTAAGCTCTTTAGACAGAGAAAGTCTTATCTTAGTCCCTATCACCTTAAAACCTGTCCTGTCGTAAGTCAGTGTCCTGTGAGGTTTTCTCTCTGGTCTGAACTTTGGAGGTTTTATCTCCTGCCCTTTGAACTTCTGAGGATTTTTCAGATACTCAAACCAGTTCCTGTAAGCTCTCACAAGCTCGTCAAGGACTATCTGGGCACAGCGGGATTGGAGAGCTTTTAGATGGATTGAAAAATTCAATTTGTTATACAGGTCAAACATGTTGACTCTGGCAAGCTTATTTTTAAGTAGATAGAGAGCTTGGTTGTAGAGTTTGCCCGAATGGTAGGTCAGATATCCCAAAGTTATTCTGTATTCTTCAGGAACATCGGTTAGAGCTATTGTGAGACATCTTAGAGGTTCTGGCATTAGAGCTACCTCTTTAGAGATTATTTTAAACTGCTTATGCGGAGTTTTAGCCCGCAAATTTTTCTATAAACTCCTCCACTGGCATAGGTTTGCTAAGATAAAATCCCTGCACATAGTCGCATCCCAGCTCCTTCAGGATTTCCAGCTGGCTTTTTCTTTCTACCCCCTCCGCCACAGTCTTTATTTTTAGAGACTTTGCCATGTTTATAATGGCAAGCACCACTTTAAAGGTCTTCTCATCTTGGTCAATGAGCTTTATAAAAGACATGTCTATCTTTATATAATCCACGGGAAGGTTAGCCAGGTAAGACAGGGAGGAGTATCTTACTCCAAAGTCATCAAGTGTTATCAAAAAGCCACAGGCTTTGAGCTCACTTATCCTTCTGCTCGCCCCTTCCAGGTCTTCTATAAGCATTTCCTCAGTTATCTCCACATTTAAAAGCTCGGGAGATATGCCAGATGCCTTCACCACATGGCAGAGCTTTTCCGCAAGATCCTTTTGCCTTAGCTGAGCAGGTGATAGGTTTATGGATATGGGAACTTTTATGTTGTACTCTTTAATAAACTGTATGCACTTTTTAAAAACATAGTCACTAACATCAAGTATTAGCCCGGTTTTTTCAAGCACTGGGACAAAGTCCTTTGCCTGCACAAAACCCATACTTCTGGAGTTCCACCTTAAAAGCTCCTCAGCTCCTGCGACTTTAAGGTCGGAGGTTCTGTAAACAGGCTGGAAGTATATTAAAAACTCCTCCCTTTTCAAAGCTGACCTCAGCTCCTGTTCCATCTTTACCCACTGGAAAACTTTCTCTCCTTCCTCCGGGTTGTAAAACTCGTAGCTTCCCGGCACACTCACCTTTGCCTTTTTGAGGGCTATCTCAGCGTTTCTTACAAGCTCCTGAGCTCTCTGTCCATCGATGGGATACAGCGATACACCTATGTGAATCCCCAGTTTGTATGGTCTTCCCTCTATGCTCAGGTTGCAAGTGTTAAATATGCTCTTTAAAAGCTCGTAAATGTCCTCGGCGCTTCTCATCTCCTCAAAAAGTGCAAACTCATCGTCTCCGTAGCGAGCGCAAAACGCTGGAAGAATCTTGAGGTTCTGCGCAAAAGCTCTCAGGACTTTATCACCAAACTCATATCCATAAACGGCGTTAATACCCCCTAAGTTGTGTATGTCCATCAAAAGCACCGTTATGTTGCTGTGGGGTTTTTCTTTTATAGTCTCTTCCAGCTCCCTCAGGAAGTAAACTCTTGTGGGCAGGTCTGTTAAAGCATCGTAGTTGATGAGCCTGTATAGGCTTTCCTCCATCTGCCTTACCTGTGTTATGTCACTACCTGTTGAGACAAAGGCTGTTATGTTTCCTCTTTCATCTCTTAGCGGGCTGATTATTGCATCAAGATAAAAGAGATTCTTGTCCTTCCCGCGGTTTATAAAAACAGCTCTGAAGGATTCTCCGGAAAGTATTGTATCCCAGAGGTTTTTGTAAAACTCCCTGCTGTGCAGGCCAGACTTGAATATGCGAGGGTTCTTACCCAGAAGCTCCTCTTTTGTGT
NZ_CP076323.1_gap39	1780553	1781468	915	CGTAGGTGTGTTATTCCTGTACGAGGATGTAAGGGGTCCTGTAGAGGAGCTTATAAATAACTCTCCCTTCCGTTTGGTGGGATGGAGGGAGGTTCCCATTGATAGGTCTGCGGTTGGTGAGATGGCTCTAAAAACCATGCCCAAGATTTTCCACCTGCTTCTGGATGCGAAAGGTATAGAAGAAGACAGAAGAGAGCTTGAGCTTTACCTGCTCAGAAGAAGGATAGAGAGGGATGCTAAGGTCAGGGATAAGGTTTATGTGGCTTCCCTTTCATCCCGCACTATGGTTTATAAAGGCATGATGGTGGCTCTCCAGCTAGATAATTTTTACATAGACCTTAAAGAGGGTGGGCTTGAGTCTTCTTTCTGTCTCTTCCATCAGAGATACTCCACCAACACTTTTCCCAATTGGAAGCTGGCGCAACCTTTTAGATATCTGGCTCACAATGGTGAGATAAACACCATACAGGGCAACAGAAACTGGATGCTTGCCCTTCAGAGCGAGCTACAGCACGAGGTTTTTGGCGATAATATAAAGCTCGTTAAACCTTTGGTGTCTTATGATGAGAGTGATTCTGCATCCCTAGACAAGGTGTTTGAACTTCTCTGTCTGGTAGGTTATTCTCCAGAACACGCCATAAACATGCTTATCCCCCCTGCGTGGGAAAAGGTGCCGGACATGCCCCAAGAAGTGAGAGACTTCTTTGAGTATCAGTCCCTGCTTATGAAACCTTGGGATGGTCCCGCATCCGTTGCTTTTACCGACGGAAAGACCATAGGAGCACACCTGGACAGAAACGGTCTTAGGCCTGCCAGGTACATACTTACAGAGGATGGTATTCTGGTTTTGGGTTCCGAAGTGGGTATGATAGACCTCTCGGGCAGAAAGATAAAGAAGAAGGGAAGGCTGGGTCC
NZ_CP076323.1_gap40	1782802	1783859	1057	ACCAGGACTACAAAAGCTTTTCTCAGATAGCCAACGGTGAGCACCCCACCTTTATAAGACACCTTCTCACCTACAAGAAGGGTCCTCATCCTGTTCCTTTGGAGGAGGTAGAACCTGTAGAGGATATTCTCAAAAGATTTGTGACTGGTGGCATGTCTTTGGGAGCGCTTTCTCCGGAGGCTCACGAGACTATAGCAGAGGCTTGTAATAGACTTGGCATGAAGAGCAACTCGGGAGAGGGAGGAGAGGACCCAGAAAGATACTGGACCATCAAGAACTCTGCCATCAAACAGGTTGCCAGCGGTAGGTTTGGAGTTACACCCACCTACCTGGCTTCAGCTCAAGACATTGAGATAAAGATAGCGCAGGGGGCAAAACCCGGAGAAGGTGGACAGCTTCCCGGGCACAAGGTAAGTGAGTACATAGCAAAACTCAGACATGCTCAGCCCGGCGTTACATTAATATCACCCCCTCCTCATCACGACATATACTCCATAGAGGACCTTGCTCAGCTCATAAACGACCTAAAAGAAGCAAATCCCAATGCCAGAGTGTGCGTAAAGCTGGTGGCGGAAACAGGCGTAGGCACAATAGCGGCAGGTGTTGCCAAAGCTTATGCGGATATAGTACAGATAAGCGGTGCGGAAGGAGGCACTGGAGCAAGCCCTTACTCTTCAATAAAGAATGCGGGCAACTACTGGGAGATAGGGGTTGCAGAGACGCAAAAGATACTTATGGAAAACGGACTAAGGGACAAGGTGCGCTTAAGAGTTGATGGCGGTATGAGAACGGGTAAAGATGTTATAGTGGCTGCGCTTTTGGGTGCTGAAGAGTTCGGTTTTGGTACAGCTGCTATGATAGCGGAAGGATGTGTTATGGCAAGAATGTGCCACACCAATCAGTGTCCTACAGGTGTAGCCACTCAGGACCCCAAGTACAGGGAGAAGTTTAAGGGCAAAGTAGAAGATGTGATGACATACTTCAGGGCTGTGGCTCAAGAAGTCAGAGAAATACTCTCAGAGATGGGCTTTAGAAAACTTGACGACATAATAGGAAG
NZ_CP076323.1_gap41	1793958	1794458	500	GATACTGAAAAACGCCAAGTTCTTTTCCTCTTACTCAAAGCCTTTACACCTTGCTCATTACATGCCTAACAATAAACGAGCAGATGTGGTATCAGATGACGCAGAAAGAATGTCAAATCCAGAGTATCTAAGAGAGCTTGCCAGATACTTATCAAGCTTTTGCTTTATGGATTACAGTGTGCTAAAAAATAACGAGTTTAACTGTCTAACAAATGTGGCAAAACTCAGAGAGAGGCTCAAAAGTATTCCCATGTGAGCCGGGCGGGATTTGAACCCGCGACCCACGGATTAAAAGTCCGTTGCTCTACCAAGCTGAGCTACCGGCTCTAAAGGTATATTATTTTATAACCTTTTCCCCTTCCGATCAAGATCCATCAAAATTTTGCATTTATAATCACTTTTTAGTATAATTTATCTTTCAGCCCAGGTAGCTCAGTAGGCAGAGCACACCCTTGGTAAGGGTGAGGTCGCCGGTTCAAGTCCGGTCCTGGGCTTAACTG
