gap_id	start	end	length	sequence
NZ_CP011387.1_gap1	1308	6125	4817	CGGGGCCGACGGGTTCGGGCAAATCGTTTACCAGCTTTTCGACCCTCAAGCGCATCGCCCGCCCTGAAAAGAACACCACCACCATCGAAGACCCGGTGGAATACGAAATTCCGGGCATCGTGCAGTCTCAGGTGAACCCGGTGGCGGGCATGACCTTTGCGCGGGCGCTGCGGGCCTTCCTGCGCCAAGACCCCGACATTATTTTCGTGGGGGAAATCCGGGACAGCGAGACCGCAAAAATTGCCGTAGAAGCCGCGCTGACCGGGCATATGGTACTGGCGACGCTGCACACCAACGACGCGCCGGGAGCCGTGACCCGTCTGGACGAGATGGGCGTGGAAGGCTTCAACATCGGTGCTTCGCTGATTGGGGTGCTGGGGCAACGGCTGGTGCGTAAGGTCTGCCCCGACTGCAAAGCCCCCACCAACGCCGACCCGGACGTGTTGCGCCGCCTCGGAATCTCTGAGCGGGACTTGCGCGGCGGGGCGCTGGTACGCGGTGCAGGCTGCCCACGCTGCGGCGGCACGGGGTACAAGGGCCGAACTGGTCTGCACGAACTGATGGTGCTGGACGACGCCCTCAGAACCGCCATCGGCAGCGGCAAACCCGCCGTAGAACTGCGCGAAGTGGCGATGAATGAAAGCGGCATGCGAACCATGCGGCAAGACGGCATCGACAAAGCCCTGAAGGGAATTACCACGCTGGAAGAGGTGCTGGCCGTCACGAGCAACTGAATTTTTTTCCTTCCTCAGCCGCCCCTCTCTGCTGCTCCTGTTCCCACGAGGTTTCCCCATGACTCAGGCTCCTGTAGACATTACCGATATTCTCCGCCTCGCCACCGAAAAGGGCGCGTCCGACGTGATTCTGACGGTGGGTTTGCCGCCGCAACTGAAGATGCACGGCGTCTACGACGGTCACGGCATGCCGGAACTGGCCCCCACCGATACCCGCAAACTGATGTATTCCATGATGAATGAGCGCCAGCAGCGCACCTTCGAAGAACGGCGCGAACTGGATTTCAGCTTTGCGCTGGGCGAAAAAGCCCGGTTTCGCGTGAACGCCTTTATGCAGCGCGGCAACGTGGGCGGCGTACTGCGGCTGATTCCGACTCAGATCAAGAGCGCTCAGGAAATGGGCCTGCCCCAGAACATCGTGGACATCGCCACTGCGCCGCGCGGCCTGGTGCTGATTACCGGGCCAACTGGATCGGGCAAAAGCACCACGCTGGCCGCCATGATCGACTACATCAACACGACGCGCAGGCTGCATATCGTCACCATCGAAGACCCCATCGAGTTCATGCACACGCACAAGCAGAGCATCATCAACCAGCGCGAAGTCGGCTCGGACACCATGAGCTTCAACGACGCCCTCCGCGCCGCCCTGCGCCAAGCCCCCGACGTGATTCTGGTGGGCGAAATGCGCGACTACGAAACCATCAAGGCCGCTGTGACCGCCGCCGAAACCGGACACTTAGTGATGGGCACGCTACACACCAACTCCGCCCCGGAATCTATTGACCGAATCGTGGACGTGTTTCCCGAAGAGCAGCAGGCGCAGATTCGGGTGCAGCTCGCCAACAACCTCGTGGCCGTGATGACCCAGCAACTCTTGCCGCGTGCCGACGGTGCGGGCCGCGTGCTGGCCTACGAACTGCTGCTGGCCAACCCCGCCGTGCGCTCGCTGATCCGCGAGGGCAAAACCTTCCAGATCGTGTCTACGATGCAGACCGGGGCGCGGGAAGGCATGGTCACAATGGACGCCTACCTCGCCAACCTGTACCGCCGCCGGATCATCTCCTACGACATCGGCTTGGAGCGGTCTATCGATCCCAAGGAGTTTGCGCGCCTCGCCAACGACACCACCACCAGTCTGGGGGCGGCAGCCAACCTCGGCCCCCCGGCCAGCAGCGGTGCGGGCGCAGCGGGCGGCTACAAACCCGCGGGCGGCGCGGCGCAGGGCGGCTACGGCGCGGGCCGGGAAGAGGCCGGGCGCGGTACCGACACCCGCACGACCAGCACGACGTTGCCGAATACCGGGCGCACGCCGTTTGGCCGGGGCTGAGCTTAAAAAGTTAGCGACGATAAACCGAGTCTCATACCCCGTAAAAATCTGTTAATGTGCTTTTGGTCAGGAAACGCCTCCGACACCAAAGGCACATCAAATTGTCAATAAATACGTACAAAGACTATAAATTTAGCGATAGAAGCGGAAACATTCAATGTGATTTTTAGATTTATGACAAGCACAATCAAATTATTTCTTGATAAGCGAATTCAGGAACAAAACAGCACTCAGCTCCCTAGCATAGAAATGAGCGATTGCGCCATTGTCGTGCAGCAAATTCAGCTTCTGCATGGGCTAAACCTCAAACTTAGCGGCTCCCAGATTGTTCATTTGCAGGGCGCGAACGGGGCAGGCAAAACGACATTCCTCCGCGCTTTGGTGGGCGAATTGCCCATCAACGGTGAAGGGACTGTCGGCGGCGGCGTGCCGGGATCAGTGCAGGCCCGCCAAGCTTGCATATACGTGCCCACCGATGTGTATTTGCCCGAAGACTTGCAGGTGCATGAATACCTACGTTTTATGGCCGCCGCGTGGCAAGTGCCCACCGAACCGTTGCTGGACTTAGCGGCAGAATTTGGCCTCACACCTTGGCTGAAGGCTTGGCCCAGCGTGCTGTCTCGCGGCACCCGGCAAAAGGTGGCTTTGGCGGCGGCGTTTGGCCTCGCCCGCCCGATTACGCTGCTGGATGAGCCGTTTGGCACGCTAGACCGGGCTTCTCGGGCTGTATTGCTAAGGGCCATAGAAGACCGCCGAGATGCTGGTGGGCTGGTGCTGAGTACGGCGCACGGCGATGAATTGGCAACACTCTGGCCCACCGTGCTGGAATTGGGCGACGGCGGAACCTTGACGCTGCACCCAGCGCAAGCATGACCATCAATCCGCTGCACACTCTGCGCCAACTGACTTTTTCGCGTGGAGCCGCCCGACTCTGGCACGACTGGAAGGCGGCGGGCTTGCCTTTACTCGCGCTGTATTGGCTCGGCATCGGCTTTGTTGTGTTGGCTAGCCTGCGAGAAGCGTATTTTTCTGCATCGTTCACCCTGCCCGGTTGGAGCTTGGGAGTGGGCGTGAGTGGGCTGTGGCTCGCCGCTGCTTTGGTGCGCCGCCAACCCGTCTGGCTGCACACCACCGATGATCTGTTGCTGCAAACGCCCTTGCCGCAAGCTCAAGCATTACGCTGGCCGTTGCTGCGGAGTTCGCTGGGGCCGCTGGCATGGGGCGTTTGCTCAGGCCTACTGATCGTGCTGCTGTTTCCGGGGTTGATTTGGCAAGCCGCAACCTTCCCAGTGGCCTTCGCTACCGCTGCGATGATTCGGGCACTCAGCGTGAATGCACGGCTAGCCGACGATGCACAGGCCCGCGCCTTCGCACTATGGCTGGCGCTTTTGCCCTTGTTGGGTGCGTTTTTTGCCCCGTCGGTATTGCCGTTGGCCGCCGTAGGAATCTGGGCCGCTTACCGCGCTTGGCTGAGGCTTTGGCAAGTGGCAATTCATCCCCGCCCACGTCTGCATATGCAATTCGAGGGTCTGTGCCGAGGCGCACAAAAGTTAGGGTTGCCCGCACCCACACAGCATCCAGACTTGCCCCCCGCCCATTCCCGCTTTCGGCCTGTACTGCGTGGTTCAGGCGTCTTTGCCGCTTCCGCTTGGCGTTCCACTCTGCATGTGCTGACCCATGCCCGCTTGCTCCTGCCCGCACTCCTGCTCGGCCCCGCCCTCTTGCCCCTGCTATCCCCTGTTCCCTTTCCGGGTGGCCCGGTCTACAGCGGTTTACTGCTGATGCTGATGCTTCCACTGCTTGGGCCGAATCCACCCGCAGGCTTGCCGATCACTGCCGCTGCTCAAAGGTGGACGCGAATCCTACCCGCTGCTGTGCCGCTCAGTGTTCTGGCCTTGGTCAGTGGTGTGGCAACTGTTCTGTTTGTTCAGACTTCGCCGCTGCTGGTGTTGGTCGCTGTATTGGCCCCGTGGGTGGTTCTCGCCGTCTCCGAATGGCTGGCAACCAGCGGCTTCATGCTGCCCGACCAAATTGCACTGGCACGCTTCGGCGCGGCCATGTTGCCCGGAATCGTCACTTATCTGTGCATTTCTTTCGGGCTGGCGTGGCTGACCTTGCCTGCATTGGTGCTGGCTGCGCTCATCGTATTTCGGAGATAAGTTGGACTTCAGCTTTTGAATGGCTGAGTGTCTGGCAAACTGCCTTGCGCCGCTGCTTCCTGCTTCTTGACTCTAGCCAAAAAGAGGCGTGCCAGCCCTGTAGTACAGATGAAGGCGATAAACCACAGCGCCTGACCGTACTCGCCAAAAAAGAAATTGAATATGACCATCATCAAAATAATGAGGGCAAAAATTGCCGCGTAGAGAGCTACCTGCTTAATCATCCTGCCCTATTCTAATCTATAACTGACAAGCCGTATTCCTAAAGTGGTTAGAGTCAAGGTCAACAGAAAGTGCCCCACCCATCTTCCGGGCGGGGCACTCTTTTTCTCTTTCTTCCAGCTTGGGCTTATGCGCCGGGTTGGGTGACGCTTTGGCTCTTGGTAGGCGGAATGGTGGGCTGCGTTGCAGGTGCAGGCAGCAGCAACAGCTCCAGCACCTGGCCCACGCGCTCTACTGTATGAATCCGCAAGTCGGCGCGGATGCTGTCGGGCACGTCCTGAAGGTTCGGCTCGTTGTCTTTGGGCACGATCACTTCACGGATTCCGCTCTGGTGGGCGGCCAGCAACTTCTCTTTCAGGCCGCCGATAGGCA
NZ_CP011387.1_gap2	20272	23461	3189	TCCGAGCAATACGGTGGCCGTACAGGGCGACGACGCCCGCAAACTGATGGTGCTGATGGAAGCGTTGGAAGACTTGGACGACGTGCAGAACGTGTATTCCAATGCGGATCTGCCAGAGGACGAGGAAGTGTAAAGCTGAAGGTGGGAAGAGGGGGAGCATGCACAGACAGTTCTTGTACACGCTCCCCCTTTCTGCTGCTTTTAATCTCTGAGTCTAGAACACCAGCGCCCGCGCATTCCCGCCCAACCTGTCCCACAAGGTAAAGGCCGCCCGTGCGCCGGGGCGGATGATGCCTTCATCGTCCCAACCTGCGGCCAACGCGGGGCCGCGCGTATGGGCGTGCAGCACGTCCAGTTCGGTCAGTGCCTCGTGGGGGGCGATTCGGCCACCCTCATCGTCTACCCGGCTGATGGCGGCGGCGAAATTGGCGCGGTAGTCGGGCGGGGTCACGGGGGCGTCGCTGCCAAAGGCCAGCACCGCTCCGGCATCGCGCAGGGCACGGAAGGCGTAGGTTTCCCGCTCTAGGTGCGGCAACAGGTGGCGAATCATCGCGCCGTCGCCCTGAAGGTGCATAGGCTGGACGCTGACCGTGAAGCCCGCAAAACGGGCAATATCGGCGGGCCGCAGGTGCTGAGCATGTTCGATTCTGAGGCGGATGCCGCGTGCCTCAGCCGCCCCGCGCAGGCTGTCGTAGGCGTCCAGCACCTCGGTATTGGCCCGGTCTCCGATGGCGTGCGTGACGGGCGTGAGGCCTAGCGCGATGGCCTGTGCGCCCAGTTCGCGGATCAATTCGGGCGAGTCCAGCGGAATACCCGTGCCGCTGCCATCGGCAAAGCCCGGCGCGTGCAGCCAAGCGGTGCGGCTGCCCAATGCGCCATCAGCAAAAAACTTGACGCCGCCCCACTGAAACAGGCCACCGGGGTTGAGGCCGATCCCAAGTTCACGGGCCAAGGGCAAGCGGTCATGCGGCAGGCTGGCCCAGACCCGCAACGGCAATTCTCCGCGTGAGGCCAGCGTTTGCAGGGCGCGGGGCGCTTCGGGAGCCTCGAAGGCCATCGTGTGGGCACTGACATACCCGCGTGCCGCGAGGTCTGTGGCCCCAGCACGGGCGGCGGCCAGATACTGTGCCTCGCTGGGGGCCGGAATGGCGTTGGCGACGAGGTCGGTGGCATTTTCCAGCAACATTCCGAGGGGCCGCACGATCTTTCCGCCCTCTGGATCGGGTGTGGTGGCCGAGATTCCGGCCAGCCGGAGCGCCAGCGAATTGGCCCACGCCGAATGCAGATCGCGCGAATACAACAAGACCGGATGGTGCGGACTGACTTCGTCCAGCATGGCGGCGGTGGGGGAATCGTTCAGGCCCAGTTCGCTCAGCAGGAAGCCGCCGCCGCGAATCCACGTGCCATGCGGCGTGTTCATGGCCCGCTGCGCCACCCGCGCCAACACCTCCGACACGCTGCGTGCGCCGTGCAGCCCCACTTCCGAGAGGGAAAAGCCGTAGCCGACGAGGTGAATATGCGCGTCGGCCAGCCCCGGCGTGAGCAGCAAGTCGCGGTGATCGTGGCGCTCGGCGCGGGGAGCGAGTGCCCTCAATTCTTCGGCAGACCCCACCGCCAGCACCCGCCCGCCGCCCACCAGCACGGCCCCGGCGTCGGGCTGGGCAGGATCGAGCGTGAGGGTTCGGGCCAGCAGCAGATGCAGCGGGGAAGTCATGGCCCCAGCCTAAAGCAGAGGCGTGGAAACTGTCCGGCGTTTTGCCCCAAGCCAGACTTGCTACACGAAGTGTTAAAAATACTGCATTCACGGTCACTTGATGGTGCAGCCCATCAGCAGCCTGCTAGACTACCGCCATGCCGCGCATCCTTGTCGTGGATGACGACGCCGCCATCCTCAAGCTCATCAGTGTCATTCTGTCCCGTGCTGGGCATGAGGTTCGCACCAGCAACCATCCTGTCGAAGCCCTTGATCTGCTGAAAGTCTTTACGCCCGATCTGGTCATCAGCGATGTGGTGATGCCCTACATGACGGGTCTGGAATTTCTGGAAAAAGTGCGCGACAACGAACAATTAGGCGCACTGCCGTTTGTGCTGCTCTCCAGCCATGCCGAGCGCGGAGACGTGCGCCGAGGCATGAATCTGGGGGCCGACGATTACCTGCCCAAGCCCTTTACGCCGCTTGATCTGACCACTGCCGTAGACGCCCGGTTGCGCCGCGCCGGACTGACCATTCAGGGCGAAAGCGGGATGCTCGCCAAAGGCTTAGGCACCGCCCAAGTGGTCTGGAAGGGCGCGGCGGTGGCGTGGGTGTCTCGCAAGGCGCTGGAACTGTTCTTTTATCTACTGGAACACAAAGAAGTGACGAGTTGGGAAGCTGCCGAAGCGCTGTGGCCCGAAAAAGACGAGGCCCGTGCCAGCAGTCTGTTCCATACGACCCTGCACCGCCTGCGCCGCAGCCTCAGCAACGAGGCGGTGATCAGCACCAATCGCCGCTACGCCCTCGCCAGCGACCTGAGTCCCGAATACGACGTGCAGCGGTATGAACTGCTGGCCGGACAGGCCGAAAACGGCAGCCTCGGGCTAGAGGAATTGCGCGAATTGGCAGCTATTTACGGCCACTTTTTGCCCGGAGCCGATAGCCCGTGGGTTGACGATGTGCGCTCGCGGCTGGAGCAAAAGCAGCTCAGTATTCTGGGCCTCGCCGCCCGCGCCGCCACCGAAGCTGGACGCGCCAAAGACGCCGCCATGCTGCACCAACGCGCTCTAGCCATAGACCCGATGAGCGAACTGGACTGGCAAGGGTTGGCCCGCGCTCTGGACACCATTGGCGACCCCCGCGCCCGCCTCGCCGCACAGCGGGAAGCGTGGTGGGCTGTGGATTTGGACTGAGCAAATAAGTCAGACAAGTGAAGAACGGGGGACGCTGGACAGGTGTTCTCCGTTTTTCTTTGCCTACCAACTCCTCTCCGCGCCATTCGGCGGATTCACCCCCTCCCCGCCGCTGATAGACTGCGCCCTATGACGGTTCCGCCCACCACAGCCCCAACAACTGCCGAGATTCGTGAAAAGTACCTGTCTTTTTTCGAGAGCAAAGGCCACCTGCGCCTGCCCAGTCACAGCCTGATTGCGCCTGATCCCACCACGCTGTTTACGGTGGCGGGCATGCAGCCTTTCAAGCCGCAGTTTATGGGT
NZ_CP011387.1_gap3	31175	34675	3500	CCGACTCTACCCCCCCCACTGCGCCCCTGCCCGAAAAGCTTCAAGTCATCGTGGATTTGTTCCGGCGTGCCCCCAAGCCGCTGCGCTTGCAAGCCCTCTTGGAATACAGCCGCAAACTGCCGCCCCTGCCGCAGCAATACATCGATCACCCCGAATTTTTGCAGCCTGTGCCCGAATGCGCCAGCCCCTTCTTTTTGGTGACCAAAGAGGTAGACGGCGGCGTGCAGATGTTCTTCAAAGTGCCCGAAGAAGCCCCCACCGTGCGCGGCTACGCAGGCATTTTGAGCGAGGCGCTGAACGGCGAAAGCCCCGAAACCATCCTGAGTGTGCCCGATCAGTTTTATATGGATATGGGCCTGACCGAACTGATTACGCCCATGCGGTTGCGTGGCATGGGCGCGATTCTGATGCGGCTGAAGCGGGATGTGCAGACGCACGCTGAAGGGCAGTAAATAGGCGACGATTCCGGGCGAACCCCCCAGTCTGCTGCGCAGCCAGCCCCCCTTAGAGGGGAGCGCAAAAGCCCTTGTCCTCCCCTCTAAGGGGGGGCGTTGCGCCAGCAACGGGGGGGTTCACCTTCCAACTCCAACCCACTAACGCCGCAACTTCCGCGCCGCCTCATCCGGCGTAATCTCGCCGCGCTCCAGCCGTTCCAGCACTTCCGACTGCGGATCGGCGGGTTCGGGTTCGTAGCCGATGGCCCGCAGCAGGGTATCGAAGCGGGCGCGGACGGTGGGGTAAGACACGCCGAGCACACGTTCCACTTCCTTCAGGTTCCCGCGTACCCGCACGTACAGGCGCAGGAATTCCAGATTGTCGGGCGTGAGGGTCGCAAATTCGTTGAGGGTAAAATCGCCGCGCACCGTGACGCCGCTGCTGGGAAACCGCAGTTCGGTCACGGTGGGCGCTTCCGTTTCATCGGGGAAGGGGATGGGCAGGGGGCGGGGCATGGGATTCACTGTAGGGGATGGAGTGGAAAACGGAGACAGGGCCATTCCACGTTTCCCGCACCGTTCCTCCTACGAGAGCGTCAGCTTTACGCTGTTACCTTCGCTGTCTTCGGCGTTGATCAGGTTGCCGGGAGGCGGCGAGGCTTCTATCAGGAGTTGCAGCGCCTCTAGGCTCAGGCCAGCGCGTTCTAGGGCGCGAATGCCGTGCGCGGGAATCAGTTTGTGCAGGTGAGGCGCGAGGCTCACGGGCAAGTTGGCGTCGTACTCGTCGCCTTCGCTGGATTCCACCTGCACGCGCAGGATTCGGGCGGTAGCTCCGGCGCGGGGGGGCGCACCCGCCGAATTTCCGCGCCCCATCACGCTGTTTAAACGCTCATTGACTCGATCCATAATCCCCTCCAGATTCACGTCTACATTCATGCCGCGTCCAAAAGGCTGTGAGCCGGGAAACTGCTCATCCCAACTGGGGGGCGTGGGCGGGCGCGGCGGGGCCGGGGGCGTATCGCGCACGCCGCGCAGCAGCATCAGATGTTCGGCCACTTGCCCAGTATCCATCTCTTCACGCGCCAGCAGCGAGGCCACCAATTCCCGGTCTGCGTCGGTGAGGGCCAGCCGCGCACTCAGGGCGGCCAGCAGCGGCGCAGCGTCGTTCAGGTCTAGTTTTCCGGCCCGCACGAGGTCTAGGATACGTTTGACTTTTTCTTTCATAACCCCACCCCCGATCCGGTCAGCACTTTGACTTGACCCGCCGTAACTCGGCAAGACAGTTGCGCTTCGCCGCTGCCCAGTCGCCCGCCATGCCGGGTGTTCAGGAACCCGCCGGATTGACTGGTGGCGAAGTCGGATTTGAACGCTCCAACCGTCACTTCGGCCTGCAAGGTCACGTTGCTGCCTTCTTTCAGGTACAAAGTCGCGTTTCCGGCATTCACTTCTAGGCGGTGATCGCCGCCCGTCAGGACGCCCGCCCAGCGCAGGTTTCCGCCGTTGATGCTGGCGTTCAGGGTGCGTGCGCCCTCCAGCGTCAGGTTGCCGCCGTTCACGTTCAGGTGCGTGGGGCCGCCCAGTTCGGTGGCGGTCAAGTTGCCGCCGTTCACTTCGGCGTTCAGACTCGCGGCGCGGCCCATTTTCAGGTGGCCGCCATTCACTTCGGCCTGCATTTCTCCGGCCAGATCGGGCAGGGTCAGGCTACCGCCTTCCACTTGGGCATGCACGTTGCGCGGGGCAAAAGGTAGGGCCAAAATCGCTTTCAAGCTAAAGGTATGGTGGCCGGAATGGGTCAGGCGGCGCACGCTCCAGCCGTTGGCGGTGGCCTGCAAAGTCACTTCGCCGTCGCGGTTGGCGCTCAGTTGTGGGGCCGACAGGTGCGCGTCGTGGAGCACGGTCAGGCTGTACCCACTGACGTGCAAATCAAGATCGGGCGGCGTGTCCCTGAACTGGTCGGCGCTCTGGGTGGGCATCAGGGCCATCGGCTCGGCTTCGGCGGGCAAATCTCCGTCTAGCAATCCTGCCGCCTCGTCGGGGGTGAGTTTGCCTTCGGCCACCAGACGCTGGACTTGCGAACGGAAATCTTCGGGTTGATGTTGTTCATTCATGTTCGTCTCCTGTACATATATAGAAACACCAAACTCACAGATTGTCAAGCGCAATTTTAGAGTTAATGAAGTTGAAGCCAGCCATCTGTATGCCAGACGCGCTCTAGCCCGAACGGTATTCAGCCTTCTCGCAAGGACTAGTAAGCCCAAGTTTCTATTCGCTTACCTACTCCCCCCTCCCCTGCCCCGCCCCGTATCCTCTAACCCATGACTCTGCCCCCCCTCACTGCCGATCAGCTCACCCCGGCCCAACGCACCGAAATAGAACTGCTGGCGCGGGGCAAGGCCGAAAAAAGCCGTACCCTACGCGAGCTGGGCCAGGCTGAAACGCCCGAATCGGCGCACTCGCTCTTGCTCCGGCTGGGCCTGTGGACGGAGGCCCGCACGCCGTATGCAGACCGTCTGGGCGCGGCCCTAACCCCGGTCACGCTGCCCGTGCCTAACTTTGCCGATGAAGCCCGCCTAGACCTGACTCACCTCGAAGCCTTTGCCATAGACGATGAAGGCAACCGTGACCCAGACGACGCGGTGGGCATCGAAGCCCTGCCGGACGGCCTGACCCGACTATGGGTGCATGTGGCCGACGTTTCGGCGCTGGTGACGGCAGACAGCCCGCTGGACTTGGAAGCCCGCGCACGCGGCGCAACTTTGTATTTGCCTGACCAGACCATCGGAATGCTGCCCGACGAGTTGGTGGAGCGCACGGGCCTCGGCCTACACGACACCATGCCTGCACTGTCCATCAGCCTCGATCTGGATTCGGACGGCAACGCCGACGCCGTAGACGTGTGCCTGAGCCGCGTGCGCGTGACCCGGCTGACCTATTCGCAGGCGCAAGACCGGCTGGATGCAGGCGCAGAACCGTTCGTGACATTGGCCCGCCTTGCTCGTGCCAGCCGCGATCTGCGCGAATCGGAAGGGGCCATGAGCATAGACCTGCCCGAAGTGCGCGTGAAGG
NZ_CP011387.1_gap4	44845	47257	2412	GCAGGACGGCGATTCGGGGATCGGCAGGCACAGAAGACATGTCGCTCATTCTGCGCCCTTCCCCGTCAGAGAAACGTCCTCTTGTGCCCAGTCTTTGGCCCGTAACACGGCCCGGCCCCAGCGTTCCATACGATGCCCGCGTTCGTCGGCAGTGGTGCGCGGCTCGAAGGTGCGGTCTTCTTGCCACTGAGCCGCGATTTCGCCCGCGTCTTGCCAGTAGCCCACCGCCAACCCTGCCAGATAAGCCGCGCCCAGCGCCGTCGTTTCAGTGATTTTGGGACGAACGACAGGCACGCCCACGATGTCGGCCTGAAGTTGCATCATCAAGTCGTTTCGGCTGCCGCCCCCGTCTACGCGCAACTCGGTCAGAGCCGGACTTCCCTGACTGCTCACATCCTGCTCCATAGCCGCCAATACCTCCGCCACCTGCATGGTCACGCCCTCCAAAGCAGCGCGGGCAATGTGGGCCGCTGTGGTTCCCCGCGTCAGCCCCAGCATCGTGCCGCGTGCGTGCGGATCCCAGTAGGGCGCACCCAAACCCGCGAAGGCCGGAACCAACGTCACCCCGCCGCTGTTTTCTACGCTGGCCGCCAACGCCTCCACGTCGCCACTTTCGCGGATGATGCCGAGGCCGTCGCGCAGCCACTGCACGGTGGCCCCGGCGGTAAAGACGCTGCCTTCGAGGGCGTAGGTGAGCTGTTGACCCAAGCGCCAAGCCACAGTGGTCAGCAGGCGGTGCTGGCTGGTCACGGCCTCCTGCGCGGTGTTCATCAGCAGGAAGCAGCCCGTGCCATAGGTATTTTTGGCCATGCCGCGTTTTAGGCAGGCTTGCCCGAAGGTGGCCGCCTGCTGATCTCCGGCGATTCCGGCAATGGGAACCCGCGCCCCCAGCAACCCTTCCGCCGTTTCGCCGTACACCTCGGAACTGGCCCGCACCTGCGGCAACACGGCGCGGGGAATGTTCAGCAGGGCCAGTAGTTCATCGTCCCAGTCTCCGGTATGAATATTGAAGAGCAGCGTGCGACTGGCATTGCTGGCGTCGGTGATGTGGAGTTCTCCGCCCGTGAGGTTATAGGTCAGCCAGGAATCCATCGTGCCAAACGCCAATTCCCCGCGTTCGGCCTGCTGGCGGGCGCCCGGTACATGGTCTAGCAGCCACGCGACTTTGGTGCCCGAAAAATAGGCGTCCAGCACCAGCCCAGTTTTGGCCTGAAACGTGGCCTCATGGCCCGCCGCCCGCAGCGAATCGCACAGGGGCGCGGTGCGGCGGTCTTGCCACACGATGGCCCGGTGAATGGGCCGCCCCGACGCCCGCTCCCAGATCACCACCGTCTCGCGCTGGTTGGTAATGCCGATGGCCGCTACGTCTGCCGCCCGCAGGCCCGCCCGCGTCAGGGCTTCCTGCGCCACGCCCACCTGCGTCCCCCAGATTTCCTGCGCGTCGTGTTCCACCCACCCCGGCTGAGGAAAAAACTGCGTGAATTCCTTTTGCGCGGCGGCCACCACGGCTCCCGCCCGGTCAAACACGATGGCGCGGCTAGAGGTGGTGCCCTGATCCAGAGCCAAGATAAATTTAGACATAAGCGTAGTCCTCCGGCAGATGGTGAATAGTTTGGTTGTTCTGATGGACAGTGCCCGCAGCCTAGCAGCAAGGCTCACATTTGGGCGGCCACCGTTCAGCAATCTGACGGCAAATCAAGGCCTCTTCACGCCCCTCTTGCCAGAACAGCACGGGCGCGGCGCACACTTGGGGCCACTCATCAAGCCCTAGTTCAGCAAGGAGGCAACTATCATGACCGGCCCCTATGACCGCCCGCCTGCCCCGGCCACCGAACCCACCGACACGCCCCTGCCCCGCCCGGAGCGCCTGCCCGGTGGCGATGACCTCGGCCCGATGACCGATCCGCCCGTGAATCCCGACACCCCTGGTTTTCCGGAGCCGCAGCCGACAGACAATCCGGACACTCCGGCGTGGCCCAACCCGATGCCGATGCCCGCGATGTAAAGGGTGTGGGAAGTGGGCTGTAGGTTGTGGGAAGGTCAAAAGATATTCATGGTTTTGCCCTTCCTACAGCCCACAACCCACTTCCTACAGCCTCATTCAAAACTTCATCAGCCTATGCCCCTGCACCCGGAGCCACTCCCGGTGCAGTTTGTGTTGGGGCATCAGGCGGGAAACGTGCGCCCAGTAGCGCGGCGAGTGGTTCATTTCCAGCAGGTGTGCGGCTTCGTGCAGGGCCACATAACAGGCCACGTCCAGCGGAGCGCGGGCCAAGGCCCAGTGCAGGCGAATCTGGCCGTCGGCGGTGCAACTGCCCCAACGGGTGCGCGTGTCGCTGACGTGTACGGCCTTGAGGCGTGAGCGGGCATTCAGCCCATCGGCGTAAATTTCAACCAGTTCGCGGTAACGCG
NZ_CP011387.1_gap5	56790	57808	1018	ACCGTCTATGCCCACCTTACCGAACTCGTTCACGATGACGCCGATGCGCCGGGGCAACAAGGCGGGGCCTGCTTGCCGGATCAGGTGATTGACGAGGGTGGTCTTGCCTGCCCCCAAGAAGCCGCCGATCACGGTAACAGGAATGCGGGAGTCAGGCATAAGTTTGATAACAATATCTCGTTATCAATAAGGCGTCAACTCAACCACGCTCTAAGCGAGCTGTCCGAACCGCTCGCCCTTCCTTAGTCCCTTTGATCCCAGACCCTTAGACTGCCCCCACACATCCCCAACTTCAGCCCCTGCGCCCCGCCATCCCTTACCCTGAAGCCCATGACTTCCCCCCACCACAGCGACCTGTCGGCCCACATTGCACGCGGCTTGTCGGATTTGGCCGAATTTGTCGCCATAGAAAGCGTGAGCGCACAGGGCCGGATGCTGCCCGAAGCGGCGGCCTACGTGACCCGCCTGCTGGAAGCGGAAGGCTTTACGGTGCGCGAGTATCCCGGCACGGTTGCCCCTGTGCTGGTGGCCGAGGCAGGCAGCGGCCCCACCACCCTACTCATTTACAACCATTACGACGTGCAGCCCGAAGACCCCACCGAACTCTGGGACAGCCCGCCGTTTGCCCTGACCGAGCGGGAGGGGCGGCTGTACGCACGCGGCGTCAGCGACGACAAGGGCGAGTTTATTTCGCGGCTGGCGGCGGTGCGGGCGGTGCGCGAGCGGCACGGCGGGCAGTTGCCGCTGCGGATACGCTGGCTGCTGGAGGGCGAGGAAGAGGTGGGCAGCCCCAGCCTAGACGCCTTTGTGGAGGCCCACGCCGACGAACTGCGGGCCGACGGCTGCTGGTGGGAATTCGGCTCCATTACGCCCGAAGGCCGCCCGGTGGCCTCATTGGGTCTGAAGGGCGTGATGTGCGTGGAACTGCGCTGCCGCGTAGCCGACTCCGACCTGCACAGCAGTTTGGGCGCAGTGATCGACAATCCGCTGTACCGCCTCGCCCGCGCCGTGGCAACCC
NZ_CP011387.1_gap6	61738	65496	3758	GTACGACCAGCGCGTAGCGATCAGCACCAGCAACCCGCGCTCCGGCCAAAAAGTCACCGGGTACGATCTGAGCCGCTGAGGGTGGTGGGTTAAACTCCCGGCATGGCTTCAGACCCGTTGCACTTCTACTACGAACAGGATCGGGAGCATGAGCGGCTGTTACGCGGCAGCAATCAATTGGAATTTACCCGCACCCTCGAACTGATGGTGCGGTTTTTGCCGCCTGCCCCCGCCCGGATTCTGGACATTGGCGGCGGCACCGGGCCGTATTCGCGCTGGCTGCTGAAGCGAGGTTATTCGGTGCAGTTGCTGGACGCCATGCCCAACCATATAGAACGGGCGCAACAAGACCCCGCACTGGCGGGTTTGGAATCGGCGGTGGTGGGCGACGCCCGCGCCTTGCCCTACGCGGCGGCTTCGGCAGACGCGGCGCTGTTGTTCGGGCCGGTGTATCACCTCACCGGGCGGGCAGACCGAGTGGCGGCCCTCAGGGAAGCGCGGCGCTGTGTTAGAGCGGGCGGAGTCGTGTTGGCCGCCGCGATTACCCGGACGGCCAGTGCCCTAGACGGCCTGCTGGCGGGCATGGACGCCGATCCACGCTTTGCCGCCATGCGGAACCACACCCTCACTACGGGCCTGCATTTGCCACCTGACCCGGCGCTAGGCTGGTTCACAGAGACGTATTTTCATAGCCCGGCAGAGTTGGTCGCCGAATTTCAGGACGCTGGATTGACGAATGTGGCCCTATACGCGGTGGAAGGACTGGGCAACATCGTGCCGGAGTTTGATGTGTTGTGGGCCGACCCAGAACGGCGGGAGCGCCTCTTAGACTTGGTGCGGCGCACGGAAACAGACCCGCATCTGTGGGGTGTCAGCGCCCATCTGCTGGCCGTCGGGCAGGTGTAATCGCGCCTACAGGTCCTGCGTCGTCGGGCGGATCAGCAGTTCATTGATCGCCACGTGCGCGGGCTGCTGGAGCGCGTACAGGATGGCGCGGGCCACATCGTCGTCTTGCAGGAATTCAGCGTTTTGTGGCTTGCGGCCTTCTGCCCAGAACGGCGTTTCGACCCGGCCCGGTTCGATGGTGGTCACGCGCACGCCCTCGGCACTCACTTCGCGGCGGATGCTTTCGCCCATGCCCGAAATCGCCCATTTGGTGGCGCTGTAGGGGCCGGGAGTAGCGACTCTTCCGGCCACAGACCCCACCAACAACAGGTGGCCCCGGCTGCCGATCAGGTGCGGCAACGTGGCGCGGGCGGTGAGGGCAGCCCCCAGCACATTGGTCAGGATCATGTCGCGCCATTCGTCGGGCGTGGGGTCGCCAGTGGCGTAACGGGGTGCGCCTGCCGTGAATCCTGCGTTGGCGAGGGCTGCGTCCAGCCGTCCAAAACGTTCCAACGTGGCCGCCACTGCCCGCTCTAGGTCGGGCCACTGGGTCACGTCGGCGCGGAGGGCGATGGCCTGTCCTTCGCCCAATTCTGCGGCCAACGCCTGCAATTTGTCCTCGCTGCGGGCCAAGAGCGCCACGCGCCAGCCTGCCTGCACCGCCTGCCGCGCTGTGGCCGCGCCGATGCCCGTACTCGCGCCCGTAATCAGAAGAACTTTGCCTGCCGAAGTGGTTGCTGTCATAGGCTGAGACTACTCCCCCACGCATGAAAGTTCACAGATTCGCCTTAAAAAACGCCACGCTGCGCCGGAGGGCCACTTGCAAATTCTGGCTCAGGTTGTGGTTATCGCCCTCGTAGCGGTAGGCTTCCACGCCCTGCCCAGCAGCCCGCAAGTCGTCGGCCAAGGCTTTCTGAAACGAGTAGGGCACATCGGCGTCGTTGGTACCGTGATGCAGCTGAATGGGCCTGCCGTTCAGGTCGCGCAGCAGGGCATTGGGACTGAGTGCCCGCAGGTAGCGGCGGTTCAGGCGGTCTAGGGTGGGTTTTGGGCCAGTGGCGGGCGGGTTCCAGTCTGTCGCCAATACGTCATAGCCCGCGACTACGCCTGCCCACAGAGACGCGGCTTTCAGGCTTTTATCAACCAGCATGGCCCGCAGACTCAGTTGGCCGCCCATAGAGTGGCCCCACAGCCCCAGCCGCGCCGGATTCACGCGCCTGTCGGCCTTGAGGCTGGCGGCGGCGTTCAGCACATCTACCGTGTAGCCGGGGTCGTTGTAGCCGCCGAGCGCCTCGCCCTCACTGCTGCCGTGCCCCCGGTAATCGCTCTTTAGGGTCACGAATCCGGCTCGGGCAAAGGCGTCTTGGTAGGCCACATAGCGCTCGGTGGTGCGGTACTCGTCGGGCGGAATGTACCCGTGATTGAACACGATGGCAGGCCACCCACCCGGCGGCGGCGCACCGTTGGGCACGGTCAGCAGGGCATTGATCCGGAGTCCATCGGACTGGTAGCTGACGACTTGCCGCGAATAGTTTGCCCCGGCCCGCAGAGTTTCACGTACCGTGAGGGCGCTGCCGGGGTACTCCCGCGCCCGGAGCGCCTGTACGCTGATGGGCTGCCGCGTCACGAGTGCAGTCAGGGCTGCGTCGGTCAGGGTGCCGTTTGGGGCGGGGGCCGTGGGGTCAGAGGGAGCGGAAGTCGTGGGCTGACTCGTTGAATTTTCTGGCAGCGCAAACGGCAGATTCTCCGGCTGAGTCACCGCTACCCAGCCCGCACCCGCCACCAACAGCAGCAATCCCAGTTGCACCAGACGCCGCATCGTGGTTACAGATTCGCCTTGAAGAAAGCCACGCTTCTGTTCAGGGCGGTGGTCAGATTTCGGCTCAGGTCGTGGTTGTCGCCGGGATACACGTAGCTTTGCACGGGCTTGCCGATGGCCTTCAGTTGCTCGGTCAGGCGGGTATGGAAGGCGACTGGCACGTCGTTGTCGGCGGTGCCGATGTGCAGCTGCACCGGGCCGCTGATGTCAGCGAGGTAAGAATTGGCGGCCAGCGTATTCCAGAACTTGGGGTTGGCCTGCGGCGTGCCGTATTTGGCGACTGCTTTTTGCCTGAGCGCCAGCACCGACTTGGGAATAGACGCCGGAACCGGGCTACGCCACTCGTTGATGATCTGGTTGTAGTCGCCCACCACGCCCGCCCAAATCACGCCTGCCTTCACTTGGCGGTCTATCACCATCGCCCGCAGGGTCAGGAACCCCCCCATAGAGTGGCCCCACATCCCAATTCGGGCCGGATTCACGCGCTTGTCGGCCTTCAGACTGGCCAGCGCGTTCATCACGTCGGTGGTGTAATCAGGCGCGAAATAACCGCCCAGCGCCTCGCCCTCACTGCTGCCGTGCCCCCGGTAGTCGCTTTTCAGGGTGATGAATCCGGCCCGCGCAAAAGCGTCTTGGTAAGCCACATAGCGCTCGGTGGTGCGGTACACGTTGGGCGGAATGTACCCATGATTAAATACGATAGTGGGCCAGCCCCCCTTGGGCGGCGTGCCGTTGGGAACGGTCAGGAGGGCATTGATCCGGAGTCCGTCGGACTGATAACTGACGACCTGCCGCGAGTAGTTGGCCCCCGCACGCAAGTTTTGCTGCACCGTCAGGGGGCTGCCCACGAAGGTCTTGGCCCGCGCCGCCGGGATACTCATCTGGGCAGCGTCCAGCTTGGCAAGGGCTGCCGCCGACTGCGCCTGTGCCGGAAAAGAAATTAAGAGGGCCGTAATCGCCACGCCGAACCCGCACCGCTTGAACGTCATGCCTGCACCCTAACGGCACGGCGGGGCAAATACCGGGCGCGAGCCTACCAACACGCGCTGATTCA
NZ_CP011387.1_gap7	164359	164956	597	GTTCGGCGTGGTGGTGCTGGGCTGCGTCACGGCGGTGGGCGGCGGGGCCATCCGGGACACCCTCACCGGCCAAACGCCGCCCCTCTTTCTGAGAGACGAAACCTACCTGTGGGTGGCCCTTGCCGGGGCAGGTTTGGCCTTCGCCTTCGGAGAACGGCTGGCCCGCTTCGAGCGCACCCTCAGCATTTTCGACACGGTGGGGCTGGCATTGTTCGCCGCGTCGGGTGCCATCGGGGCCATCAATTTTGGGCTGGGGCCGTTGGGTGTCGTGTTCGTGGGCATGCTCAGTGGCGTTGGCGGCGGCATTATCCGCGACCTGATCGCCAACGAGGTGCCGGAAGTCATGTACCGCCGCGACCAGTTGTATGCCACGGCTGCGGCTTTGGGGGCGTTGGCGGTGTTGCTGCTGTATCCGTACGTCACGCCGTTTCAGGCACAGTTGGCGGGGGCGTTGGTGGTCATTGCGCTGCGCTGGGTGTCGCGGCGGGGGTGGGTGCAACTTCCGGTTCGGCGGTTGCCGGGGGGGTAGGGGTTGGGCTTGCTGCTCGGTTTTTTTGAGTTTGAAACAGGGTTTCTGGCTTTCTCCCGCGTTGGATT
NZ_CP011387.1_gap8	167083	169052	1969	TTGGGTGCAGAAAAATGGGGCGTGTCCGATGCAGCGGCGGAGGCGGCAGACGGCAACATCATCATCCCGATGTTTGGCATGGTGCAAAGCCTGAACGTGTCCGTTGCAGCGGCCACCATTCTGTTTGAAGCCCAGCGCCAACGCCTGAGCGCCGGAATGTACGACACGCCCCAACTCGCGCCGGATGACTTGGCCCGGATTGCCTTCGAATGGGGCTACCCCGACTTGGCGGCGGGCTACCGCGAACGCGGCGAGGAGTATCCGGCTCTGAACGAGGATGGCCAGTTTGCGCGGCCTGAAGAGGCGTAAGACCAGCCTTCTGCCCTCCCCCTAGACTCCTGACCGCCCCCTGAGGGTGTAACAGTTACACTTTCTGGCATGAGCGATCTTCTGGATACCGTGCGCGGGCTGGCCAAGAAAACCGACAGCAAAATCCTGATGGTAGTGCTGGACGGCGTGGGCGGCCTGCCCCTGACCCTCGGCGGCGACACCGAACTCGCCACTGCCAAAACGCCGAATCTGGACGCACTGGCAGCGGCTTCTCAGCTTGGGCTGGCCGAACTGGTGGGCGCGGGCATTACCCCCGGCAGCGGCCCCGGCCACCTTAGCCTCTTCGGCTACGATCCGCTGCATTACGTGGTGGGACGCGGTGCCCTCAGTGCTGTAGGCATCGGCGTGAAGTTGGGTGCAGGCGATGTGGCCGTGCGCGGAAACTTTGCCACCCTCGGCGCGGGCCGGATCGTGGATGACCGCCGCGCCGGACGCCCCAGCGATGAGAAGAACGTGGAAATCGTGGCCAAGCTGCGTGAAGCCATTGCCGAAATCGACGGTACGCCCGTGGAGATCTACACCGAGTCCGAGCACCGTTTTGTGGTGGTCTTCCGAGCGGTGGGCGGCGTGGCGTTGGGCGCGAACATCAGCGACGTAGACCCCCAAGATACGGGCGTGCAGCCTATGACGGCAGTCGCCCACGACGAAGCCGGGGCCAAGACCGCCCAGTTGGTCAATACCTTCGTGGCCCGTGCCGAAGCTGCCCTCAGCGCCGAGCCTCAGGTCAACGGCGTGCTGTTCCGAGGTTACAGCGATGTGCCCCACTTCCCGTCCTTCGACGCCGCCTACCAGTTGCGGGCCGCCTGCATCGCCAGCTATCCCATGTACAAGGGCCTCGCCAGTTTGGTGGGCATGGATGTGCTGCCCGTAGAGGGCCACGAAGACGCGCTGGAAGGCAAAGTCGCCGCCCTGACCGAGAACTGGGCCAAGTACGACTTCTTCTACTTCCACGTGAAAAAGACCGACTCCACGGGCGAAGACGGCGATTTTGCCGCCAAAGTCAAGAAGATCGAGCTGTTCGACGCGCTGCTGCCCCAACTGCTGGCCCTCAAGCCCGACGTGCTGTGCATCGTGGGCGATCACTCCACGCCTAGCAAGCTCGCCAGCCACTCTTGGCATCCCGTCCCGTTCCTGATTCACGCTGAACATGGCCGCAAAGACGTCGCCAACCGCTACACCGAAGAAGAAGCCGGACGGGGCAGCCTCGGCCTCCGCAAAGGCACGGATATCATGCCGCTGCTGATGGCGAACGCGCTGAAACTGAATAAATACGGGGCGTGAAAAACGGTAAGTAGGCAGTGGTGAGTGGGTGAAGGGCTTGGAACTTTGCGGTTCTGGCCCTTCGCCCACTTTTTGATACAGGTTGGAGCTTCCTGATCTCACCCTTCCAAAAAGTCCGTAATCACCTTGTTCAGCGCCCACCAGCCCTGCGGCGTGGCCCGCAACGTGTCGCCCTCCAAAGCCAGTAAACCCCGCGCTAGGTTGGCCTTGATCGGTTTGGCGTATCGTCCGGCCACGTCCAGTCCGCTGCGCTGCGTCAAGTCGCTCAGGCTGATGCCCCGCTGCACGCGCAGGCCCATGAACAGGGCGTCGGTGACGTATTCCTCGGCATCTATGGGTTGCGCCTTACCCTCTGCGC
NZ_CP011387.1_gap9	311257	312353	1096	TGGCGTCCCTGCTCTCCATCAGCTCCCGCATATCAGCTTCCCTACACTCTCTTGCTGCGTTATCTTGGCGGCGTGAGCTACCGCGTCAAGATCAGTGAGGAGAGTTACGGGGGGCTGAAGGCCGAGCTGTACGCCATTTGCCGCGTCACCGACCAACTCGTGCAGAGTCCTGAACCGCATTTCCGCGAAATCTATGCCGACACGGGGCAGCGGCAGGTCAAATTCACGCTGAACAACGACAGTGTGACGCTGGAACCGGGCATCCTGTCCTATGCACAGGGCCGCCTGAGCTTTAGCGTAGTGCAGCAGCAGCAAGGCGGGTTCCTCAGCCGGGCGGTGCGCGGTGCAGGCAGCGGCGAATCGGCCTTTGGCACGCGGGTCAGCGGCACGGGCGAGGTCTGGACGGAGCCGACGCATAAGCATTTTATTTTTGCCACCATGGAAGGCCAAGACAGCATGCTCATCGATGACCGCGCCTACTACGCCGCGCAGGGATCTCTGAAGCTCAGCACCCACACGCACAAAAAGGTGCAGGGAGCCGTGAGCGGCAACGGCCTGATGCAGCCCCGGCTGGACGGCGAAGGCCTGTTTGTGATCGAGTGCCCGGTCAGTGTGCATGAAGTGGAAGTATTGGACGTGCAGGCGGGCGAAACCGTGACCGTCGACGGCGACATGATGCTGATGTACACGGGCACCATGAACCCGCAGTTGGGCGCACTCGTGAAGGGCCTCCGTAACGCCGCCCGAAGCGGAGAAGGCTTCGTGTACACGTTGCAGGGGCCGGGGCAAGTGTTCCTGACGCCGACGCACATCAGCGCAGGCAGCTTGGCCTAAACAGCACCCAGTCCCAACAGGCAGGCGCTAGGCTTGGCCCATGCGCCGTTTCCTGTTGCCTCTGTCCGTGGCCCTCCTGCTTGTCCCGGCCCCATTTGTCGCAGCCTTGGCCCAGAGCAGCGTTCCCGCCATACCGCCCGTTTCCAGTTCTGCCCCGACTACTCCCGCGCCAACGTCTCTCACCCTCACCGCCCCAGTCGGCACGGTGCGCGAATACCGGGGCAATGAGGTCACGCGGGTCACGTTCACAGGCGGCGATTTT
NZ_CP011387.1_gap10	447138	448691	1553	CCGCTGGACGAACGCTGACCCCGTGCTGGTGGAAGATTTCCGCGCTTGCCTTGCCACCGAATTCCCCGAATTGACCATGCAAGCCGACGCCCGCACCGGCATCGACTACCGCCTGAGCAGAAGTTGGGCGGCGGGCGAGCGCAAAGACCGTGCAAATCCCCTGACTGATTGGCTTAGGGACTTGGGCGTATGGGGCAAGCTGGCCGATGCCAAACGTTTTCCGGCGGCAGTGTGGCAATGGGATCGCGCTCGCCTCGCGGAGTTTTTGCGCGTGCTGCTCAGTTGCGATGGTACGATTTATGCTCTTGGCAAGGCGGGATATGGGCGCATCGAATTCACGGTGGCTTCCGAGGCGCTCGCGCAGGACGTGCATCATGCTTTCGTGCGCTTTGGGTTGGTGGCGAAGCTGTGGCAAAAAACCAGACGGTCTTGGCGTGTCGAATTGACCGAAGCCCGTGGCATGGCCGATTATCAGACCCAGATTGGTTGGCTGGGCGAGAAGGCTGGGCGGGTGTTCGCCCTGTCTCCCGCCACGCGCTCCAACGTGGGCCACTTGCCGCAAGCGGCTTGGGCGCAGGTGCGGCGTGCAGCAGCGGTGCGCGGCCTGAGCCTGAGTGCGGTGGCGCGGGCCGCAGGCGAAAGGGTGGGCGAGGGCTTCAATCCACATACGCGCCGGGGTTTGCCTGTCGTGCGAGCCGCCCGCTACGCCGCTGTGCTAGACGATCCTCATCTGACTTTGCTGGGCAGTGACGCGCTTTATTGGGATGAAATTATCAGCATCGAGGATGCCGGAGAGCAGCAGGTGTACGACCTGACCGTGCCCGGCGATGCCAACTTTATAGCTGCCGATATCTGTCTGCATAACACGGCCTTCGCGCTCTCCATCGCCCAAAACGTGGCCCTGCGCGGCGAGAAATCGGTGGCCGTGTTCAGCCTAGAGATGCCCGCCGTGCAACTGGCCCTGCGAATGCTGTGCAGTGAAGCGCGGGTAGACATGAACCGCATTCGCAGCGGGCAACTGAACGAGCGCGATTTTGAGCGGTTGGCGCACGCCGCAGGCCGTCTTGCCGAAGCGCCGATGATCATCGACGATGAACCGGATTTGACCCTGAACGGCCTCAGAAGCAAGTTGCGCCGGATTTCTGCACAGCATGGGCAACTGGGACTGGTCGTCATCGATTACCTGCAACTGATGTCGGGCGGCAAAAGCAGTGGCGGCAGTGACAATAGACAGCAGGAAATCAGTACGATTTCGCGTGGCTTAAAGGGGTTGGCGCGTGAGTTGGAAGTGCCGATCATGGTACTCAGCCAGCTGAGCCGCGCCGTAGAGCAGAGGCCCAATCATAGGCCGATGTTGTCTGATTTGCGTGAATCGGGGGCCATTGAGCAGGACGCTGACATCGTGATGTTTATTTACCGCGACGAGTATTACAACAAAGAAACCGATCAACAAGGGATTGCCGAAATTATTATTGGCAAGCAGCGCAACGGGCCGGTGGGAACGGTCAAGTTGCAGTTTCATAGCGCACATGTCCGGTTTAATGACCTTGCGC
NZ_CP011387.1_gap11	585019	587324	2305	CGTGACCTCGCCGCTGGCCGGATTCAGGGCGGCCACGCGGTCACGGGTGTACTGGGTAAACCAGACCCGGTCTGCGGTGGGTGTGGCGCTGTTGATGGTGTCGGCGGTGGCCCCCACAGCATGCCGTTTGATCTGGCCCGCCCTGTCCCGCGAGACCAATACGCTGCCGTCACTCAGGGCACTCCGAACTGTGACCCACACGCGGCTATCTGGGGCAACCGCGTGGCTGGTGATGGTTTCGAAGCCGCCTAGGCCGAAGCCCAGCAGAGTAAAGCTGTTCTGGGCCGGATCGAAGCGCACCAGATGATGACGCCCCTGCTCGTTCGCGCTGGCTGGGGCACGCAACAATACACTTCCGCCCGCCTCGAAGTTCATGCCGCTGGCCTCGTATGGACTGCCCGCGCCCACCACAATCGGCTGTACCGCGAAGGTCAGCACGGGTAGGGTCAAGGTGGCGCTTTTGCCCGCAGAGGTCACGGTGACGGTCACGGCTTTGGTGGCCGTGTTGGTCATACTGCCCTGTACCCGCAGTGGAATCAGCGTGTCTGTGCCGTCTAAGCGGGCGGGTTCTGCCGTGACGGTCAACCCGGCGGGGGCGCGGTCTACCGTCACCGTCACTGCTCCGGTAGAGGCGACCCGTACCGTCGCCCCGGCATCGGCACTGCCAATCAGGGCCAACGCCTGATCTGCACTTGCTTTGAGGCTGGCGACAGGGGGCGCGGTGTTGGTGCCGCCGCCCTGCCCACCCGTGACGACGGGCGCAGGCGGCCCCCCACAAGAGGCCAGCAACAAAGCGGCGGCCAGCAGCGGCGCGAACAGAGCGGCGGGCGTTCGGCGGGGCCTGTTTCCAGCCCGTTCAGTGGGGCGGGCAACCGTGAGGGGAGGACGCATAGGCGCAGTTCACACTATGTTCCCTGACTTCCGCCTTACATTCTGCACCCAGAAGAATAGATCTTTTCAACTAAACTGCTTGCCACTAATTTCGGTACAACACAGGTGGCGGCCCCCTCAGTTCAGTTCAGGGTGCGTCCGCCGCTGCCCATCAGGGCCTCCGCTTTTCGCAGATGATCGCGCAGGGTCACGTGCCAATCGTCGCTTTCGGGAGTGTGGGCCAGAGCCTGCTGGGCGTGGGCATACGCCGCCGCCGGGTTCAAGAAGCCCTGTTGGGCCATCACGTCGGCGGCCATCTGGTGGCCCGTGACCCAGTCCCGGCTATCGGGGGCGGCCTCGCGCACCACGCGCTCGTAGTGTTCTAGGGCGTCGTCGAGATGGTAGTAATCCAGCGCCACGCTGCCCAGCACGAGACTGGCGGGAACCACCGCGCCCTGCGCTAGCGCTTGCTCGGCAGTTTGCTGCGCTTCTTGCAGGCGGCCTAGGCGGTAGTCGCATTCGGCCATATCGGCCAACACTTCGGGCAGATAGGGATATTCGGGGTCTTGCAGCACGGCTTCTAGGCGCTCGCGGGCATCAACTGGGCGGTCTAAATCCAGCAGGGCCACGCCTAGTTCGTGGTTGGCATACGGCCTGTCGGGTTCACTCGCCAGTTTCAGGGCTTCCTCGAAGGCGGCAATGGCCTGTTCCTGCAAACCCAGATGGGTCAGAATTTGGCCGCGCACCAGCGCTACGCCGTAGCTGGGGTCGCCGTGTTCGCGCTCCAGCCGGGCTGCTTCCTTAATCGCTTCGTGCGCGGCGTCGGGCTGTTCCAGGTTCAGCATGGCCTGCGCCCGCAAGTAGTACCACGTCGCCAGATTCAGCCCTTCGTCGGGTTCCTGTCCGGTGTACAGGGCGCGGGCTTGGTCTAGGGCAGCGCTGGCTTCCGCCGTCTGGCCCACCGTCAGCATCAGCGCGGCTTGCTCCTGCAACATGATCGCCCGGTTCAGGCCGCTCGTCAGGTGCGCGGCCTCGCCGTACAGGTGAATGGCATCCGTCGTATGACCCAACTGCTCCTGACTGTCGGCCTGCCACGAACGCAAGCGCCAGCGCAGATGCTCCGGCAGTTCGGTGCTGGGCAGCGCGATATCCAGCGCCTCCTGCGGCTTTTCGGCCAACGCGAGGGCGCACATGGCGTGAAAGCGGGCCAAGGGATCGGCAGTTTCGCGCACGGCAGCCGGGGGCGGCGTGGCCTCGCCCTCGCGCAATCGGGCATCCAGTTCGGCCATCAGCGCCACATACAGCGGCTCGGTTTGTAGAGCGGCGTCCAGCATGCGGGCTTCGCGCAGGGCCAGGGCCACTTCGTTGGTGGCCATCTCTCCGTACAGCGCATGGACACTGGCGACATACAGGGCGATCCGCGCCCGTTCGTGTG
NZ_CP011387.1_gap12	588753	593452	4699	CTGCGCCCCGGACGCTTCGACCGTCAGGTGACGATTGACTTGCCCACCCTGAAAGAGCGCGAAGCAATCCTGAAGGTACACCTGCGCAACAAGCCAATGGCTCCCGGCGTAGACGTGCCCGAAATTGCCAAGAGCACGCCCTACTTCAGCGGCGCAGACCTGAAGAACGTGACCAACGAAGCCGCGCTGGAAGCCGCCCGCCTCAGCAAGACCCAGATCGACATGAGCGACTTTTACCGGGCGCTCGACAAGATCACGCTGGGTCTGGAGAACGGCTCGCTGAACGTCAGCCCCGAGGAGCGCAAGGCGATTGCCTACCACGAGGCCGGACACGCCGTCACCTCCGCCGTGATCCCCGGTTCCGACAAGCTCCAGAAAGTCAGCATTATTCCGCGTGGGCGTGCGCTGGGTGCCGCGTTCTACCTGCCCGAAGAACAGGTGCTGATGAGCAAGGAGCGCCTGGAAAACCAACTGGTCGTGGCTCTGGGTGGCCGCGCCGCCGAAGAAGTCTTCATGGGCAACGTGACGAGCGGAGCCGCCGACGATTTCCGCAAGGCCACCAACATCGCCCGCAAGATGGTGCTGGAATGGGGCATGGGCGAGAACTTCAAGAACATGGCGCTGTCTACCGAAAGCGGCCCCGTGTTCCTGGGTGAAGACATGGGCCGTCCCAAAGCCTTCAGCGAGCACACCAGCCAACTCGTAGACGAGGACGTGAAGCGCATCCTCAACCGCGCCTACGAACGCGCCCGCCAACTGGTCAGCGACTACACGCCCGCCATGCACGAAGTTGTGGAAGCCCTGCTGAGTCAGGAACTGATTACGGGTGACGTGGTACGCGCCGCCGTAGCCAAGATGGGCGGAAGCCCGGAGCCGATGCCGCAAACGACGGCCTGAGCCTTACTCGATTTCATTCAGATTGACGACAACTCCCGCTGTTTGGGGGTTGTTTTTTCTTGTGGCTTGGGCTCAGGCTTTCTCGGCTGGCATGACCTTGAATTCCAGCCCCCCGAATTCCCGAGTCCACAGGTCGGCCTTGTCGCGTGCGCCTGCAAGGTCTAGCGGCGTGGCCCCGCTGATCTGCACCGTCCACCCCTGCCCACTGCGAGTCAGACTGTGAATCTGGGTTTGGCCCGCGTGCGAGCGGTCTAGGCCGTCTGCGACACGCAGCATGGCCGACAAACGCGACACGAGGGCGCGGTCTGCGGCGGGCAGGGTCATAAAGTCGGCGTGCGACGGCTTGGGCAGACTTTTGCGGTGATAGCGGGCTACCTGCGCGATCCGTTCTATGTCGTGCGGGCCAAAGCCGCGTAACTCGGCGTGCCGGATCAGGTAGGCGCTGTGTTTATGGTGACTGCTCTGGGCCACGATTTGCCCGGTTTCGTGCAGGGCGGCGGCGGCGGTGAGCAGGCTGCGGGCGTCTTCTGGAAAGGGCACGCCCGCCGCAATCAGGCCGTCCATCAGGGCGCGGGACAGGGCGGCCACTTGCTGCGAGTGGCCCAAGTTCGCGCCGAAGCGTTTGGCGGTGGCCAGCACGCTGCGTTGGCGGGCGCTCAGGCCCGACGAGAAACTCTGGAAGCGCGAGAGTTCTTCGATCAACATGCCTTCGCGCAAGGCTCCCTCGCTGACGGTCACGGTTTCGGCTCCTAGCAGCTCCAGCGCGGCGTGCAGCACGGCGAGGCCCGCCACGATGGTATCGGCACGGTTGCCCAGTCCCGGCAGTTTGGCGCGTGTGGCGGGCGACAGGCGGCGCACCCGCTCCAGCAGTCCAGCCAGATCGGCCACAGAAAAGCCCACCCCGTTGATGCTCCCCTCACGGCCAGAAAGCACGGCGGCAGCGGCTTCTGCGGTGCCACTGGACAAAATGACGCGGGTGCCGGACTGGATTCGGAACCGGGCGGCGTGGGGGGCCAGCGCGTGCCGAACGGCGTCTTGCACGGCCTTGATCCCAGTCCTGTTGCCCCGTGTCTCATGGTGCAGGTGCGCCCGCGTCATGCGGATGCTGCCGAGGGGCAAGCTCAGGATGTCGGCGGCCTGATCGGGGCCGCCCCGCGCAAACTCCAAGCTGCCGCCGCCCAAGTCGAGCAGCACGTTGTCTGGCCCCAGTTCTACGCTGTGGGCCACGCCCAGATACGTCAGTTCGCCTTCGCGCTCCCCGCTGATGACCGCCGGATAAACCCCGGTGCGGGCCAAAATTCGCGCCGCTACCTCGGAGCCGTTGGGAGCCTCGCGCAGGGCACTCGTGGCGTACACGCGCACCTCACTCACGCCCGCTGCGGCGGCCAATTCCTTAAAGCGGGTCAGCGCCGAGGCCAAGCGGTGTTCCCCTTCCGGCGTCATGTTTCCGGCGGCGTCCAGACATTCGCCCAATTTGGTGCGGTCTTTCAGGGCGTCCAGCACCCGGAAATCGCCCTGCTGGTTGGCTCCGGCGTGGGCCTCGGCAATCAGCAGGTGGCTGGAATTGGTGCCGACATCGGCTACAGCTACTTTCATCGGCTGGCCTTCATTCGGGTTCAGTCGCCGCCCGCACGAACTCTGGTGCACGCTTGGCCTTGAACGCGGTCACGCCTTCCTCATGCTCCCAGTGGTCTCCGGCCAATTGTTGCAGTTCGGCCTCTAGGTCGAGTGCGGCGTCCAGCGTGCTGGTCATGGCGGCGTTCAGCGCCTGCTTGGTCAGCTTCAGCGCGTGGGCCGGGCGCGAGGCGAGGCGTTCGGCGTAGGCCTGCACCGCGTCTGCAAAGCCTTCGTCGGCCAAGATTTCTTCGCAGAGGCCGTACTTCAGCGCGTCGTCGGCCCGCACCCGGTCTGCTAGGGCCATCAGCGCAAAGGCGCGGTGGTAGCCCACCAAGCGGGGCAAAAACCAAGTGCTGCCGCTGTCTGGCACGAGGGCAATGTTGGAAAACACTTCGATCAGGCTGGCCGATTGCGCCCACAACCGAATATCGCCCGATAGAGCGAGGCTTGCGCCCGCGCCCGCTGCCACGCCGTTGACTGCCGTAATTACGGGTTTGCTCAGCCCGCGAATGGTGCGAATCAGCGGGTTATAGGTGTGGTTCAAGTGTTCGGTGAAGGTCATGTCGCGGCCCGACACGTCGCCCAGATCCTGCCCCGCGCAAAAGCCCCGGCCCGCGCCCGTGATGACCACCACTCGCACGGCGTTGTCAGCGTCAGCGGCCTGTAGTTCCGCTGTCAGCATCAGCAACAGGGCGTCGTTGGCGGCATTCAGCTTGTCGGGGCGGTTCAGCGTCAGGGTACGCACGCCCGCGCTCGTGTGGCTCAGGATGACTGGGGATTCGGGTTGGGTCATGGGGTACAGGGTAGCAAGGCGCTGACGCGCGGTGAGTAGCAAGTGGTCAGTGGTGAGTGGGAAAAGATTGGAGCGTATGAGTGATGGTGTTGCTCCCTCACCCTTGACTGGTACAGCCCGAAGGGAGGGGGGAGGGTCGGGGACTCGCAGAGCTGCGCCAGCAGAGGGGGTGAATGAGCGTAGCGATTGCCTTTCCACTGACCGCTCCCCACTCCCCACTCACTGTTTTTCACCTATCCTCCCCCCATGACCCCCACCGCCCCACCCACCGTTCTCGCACTCGACGTCAGCAAGCGGCGCATCGGCTTTGCGGTCAGTGCCGGAGGGCTGGCGTTCGGGCGCGGTAGCATAGACCGCAAGCGCCTGCCCCTAGACCTGAAAGCCGTGCGCCTGCGCGTGAAGGAATCGGGGGCAGGGCTGCTGCTGCTGGGGCTGCCGCTGGACGCCGATGGCGGGCACAATGCCGCGCTAGACCGGGTGCGGGCCTTCGGGCGGATTTTGCAGGAGCAGGGCTACACGGTGGCCTATCAGGATGAACGCTTTACCACGCAGCGGGCGCGGGCGCTGGGGGCCGCCGATGAAGACGAGGCTGCCGCCGTGCAAATTCTGGAACTGTACCTGATGGGCCTGAAGCACAACGCGCCCACTGAGCCGGAAGAATGGGAGTAGGGCGTGGTGAACACAGACTGATCTACCCCTCTCACCTATCCTTCGCGCCCCCATGTTCTGCACCCCACCGGGCCTATGCCCCGTAAGATGAAGCATGGCCCTCCACTCCATCTGGCAGCGGGTCAAAGCATTGTTCAGGCATTCTTCTGGCGGCCAGCGGCGAGAGGATGAAGGCGACGGCGCGGGCGTGCTAGTGGGTGTCGGCCCGCGTCCGCTGAGAGGTGGGGCACAGGCCAAGCCGCCTCGGCATTAAGGGCAGAAGAAGCGCCCTCGGCGTGGGGTGTCCCTGTCTACGTTGCGGATTGGGGCCGCCGTATGGAGCCGCCCCGATCTAGACTCGGTTAAGCTCCGCACTTTCCCGCTAGAATACCCCCACACGTAGGCTTTCCCGTTTGGGGCAAACACAGGGCGAACCGCCGCCCTTGCTTCCCTGTTGCTGCTTTCCCCTGTTCAGAACTTCTCTCGCTGATCTGTGCCCACACAGCAGCCCACTTCCCCGGAGGCCACCCATGCAAGGCAACATGATGGATGTACCGCTCACCGTTCCCTTCATTCTGGAGCGGGCACGTACCACCTACGCTGGCCGTGAAGTCGTGAGTTTGCTGGTGGCAGGCCGCGACGAAGCCGGGCAGCCGATTGCTCACCGTCACAGCACCACCTATGGCGCGGTAGCTGACCGGGCCTTGCGTCTGGGCGCAGGTCTGCTGGGCCTCGGCCTGCAAC
NZ_CP011387.1_gap13	603723	607009	3286	TGCTGGCCGCCTTGCAGGGCGTAAGCATCCAGCCAACTGCCGTACAGCCGGAAGTAATGGTAGGCGGCCATCGTGGTCACGGCGGCCATCAGAGAAATGGCGATGCTGTAGTTGCGGGCCACATTGCGCCGCAGCAGGATAAACAGCAGGGTAAACGCTCCGAACGCGCCGATGGACAGGTTCAGGACATTCAGCACAAGGCTGTATTGGGTCGGCGTGAGGGTAAACAGATCGGTCATGGCGGTACCTCGGAAGGGGACAAGGAGCGGAATAGGGTGGTTAGGACAGCTGATGCCGGAACTGCCGTCCCTCGGCGGGGCCTGCCACCCGGTCTATCTGGAGGGCCAGCGATTCGCGCAGCTGCACGCCGCTGTCGTTGCCGTGCTTGGTTTTCATCAGGCGCACCACGCGCTCGGCGGCCACGCCCAAATGGGTTTGCAGCACGTGTTCGAACAAAGCCCACATGACGGCGTTGTCGGGCAGGGCGGCGGCACGGGTGCGCCACGCAGGAGAGGCGGCGGGGGTCGGCGGCACTCCCAGCGTTGGCCCCAGCGTGGGCAACTGGCGCTGCTGCCACGCCAGCTGAAGCACAGACCGGAAGGAGCCTGCTGCCAGCAAGTCCTGCTTGCTCTGAATCCGGCCATCGACCAGATGCCACACCACGAGGCTGGAGCGCACGCGGGCCGCCACCACGCCCGAAAATTCGGCGGTCATCAGGTGAGTCAGGCGGTCATTGATCTGCCACTGATCCATGTGTTCGCTGCCGCTGGGTTGCCCGTCTACGGCAGCGAAGGCCAGCACCGCCAGCGTCGCGTCCAGTGCAAACAGGCGCAGCGTGCTTTGGGGGCGCGGGCGGTTCAGTTCCTCTAGGGCGAATTGGCCCGCTTGTTCCTCGTACTGGGCGTACACCACGCGCCCGCCCTGAAAGATCAGGTGTCCGGGTTCGTGTCCCGGCCCGCTCAATTCCAGCAGCAGATCCTGCTCGAGCAGGGCGGCGCGGCCCAGCACGGCGGCCAGCATGTTGGCCCCGTAAGTCACGATGCTGCGCTGCTTGGTCAACATGTCCAGAACGGTACTTGTCAGTGGGGAAGGTTGAATGGAAGTCACACGTCGTCTTTCCTTTGTGAATGGGGAGGTTCTGGAGCAGCAGGAAGGCACAAGTTTGGCCTGACCACCCAAAAACCCATTGGGGGCTACAGTTGTTCAGTTGAATGGCCTACGGAATAGATGAAAGCTAGATGACAATTTATTGAGAAGCTGCCTCACCAATCGGGTGATTTACCTACATTTACACCCCCTCACCCGAATTCTTAAGGCCGACGCCCAAACCCTTTATGAAACCGGTTCACCTGTGCCGAACGGCAGTCAAAGAGATGATCAGGGCCATGTTGATGACCACAAGTCAGGCTCTGGTCAGTTCATGTATCCTCACGCGCACTGATTTATTTGCTTGGAGTTTTAAGAGAACGCCCCGCGATGGTATTCGGGGGCGATAAAGAACATTGGAGTGAGGAGATTGCAGCTAAGCGGGGCAGCAAAGAGGGGCAGCAAAGAGGGGCAGCAAAGAGGGCAACCGATACTGTTGCTCCCGATTGCCCCGCTGTTCGTTTCAGGTGTCGTTTCAAACCAGTTGCAGGCCAAGATTCAGCCCGCTCCAGTCGTTCAGCCTGCTGATGTGGTTGTTGTGCCCTCGGCTTCCGGTTCGCTGCGCCAGCCGATTTTGTCGTGTGTGCCGTCGCAATACGGCTTGTGTGTGCTGGCTCCGCAGCGGCACAGGGCGGCGCGGACTTCCCGCACGGGGCCGCCCGCAGTCATCAGGGTCAGGTCGCCTCGCACGATCAGGGGGCCGTTGGGCAGCGGGGCGATGGTGGTGGCTGGGTCGGGTGTTTCGGCGGGGCCACCCTCCAGCACGTAATGCAGCGCCCCGGTGGGGCAGGTTCGTACCACAGCGGCCACCGCCCCCGCCTCCGCGTTGGCGGGCTGAATCCACGGGCGGGCCTGCGGGTCAAACACATTCGGCAGCCCGCGCACACAGGCCGCCACATGACGGCAGCGCACGGCGTCGTAATACACGGTGATGCCGGGGGCGGTGTAAGCCTTGCCGCTGGTGGTGGCGCTCTGGGGCTGGGTCATGGCCCAGTTTAACCGACTCGTCAGCACGTTACCGTTGGTCTGCGTCCCCATTCCGTAGAGCTTTCCGCCCGGTAGGCTACCCTGCACCTATGCGGGTACTGGTCACGGGGGCAACGGGCTTTTTGGGGGGCGTGGTGGCCCGCCAACTGGCGGCGTCCGGCCACGAGGTCTGGGGCGTGGGCCGCGACGCCGTGCGGGGGCAGGCGCTAGAAAGAGACGGCGTGCGCTTCGTGCCGCTGGAGTTGCGAGGGGGCACAGGACTAGCACAGCTGATAGCTGAAGCCGATGCGGTGGTACATTCGGCGGCGCGGTCTACCTTGTGGGGCCGCTGGGCCGACTTTTACGCCGACAATGTCGAGGTGAGCGCGGCAGTAGCGCGGGCCTGTGCCGGGGCGGGCGTGCGCCTCGTTCACATCAGCACACCCAGCGTGTACAACGCCACCGGGCACACCCGGAATATCCCAGAAAGTCTTTCTGTCGGCCCGCGCTTCGACTCTCTCTACGCCCGCAGCAAATACTTGGCCGAACTGGAAGTGCAGGCTATTTACCCAGAAGCGACTTTGTTACGGCCACGCGGCATTTACGGCTCCGGCGATACCAGTATTTTGCCCCGGCTGGCGCGGGCGTTGCGGGCTGGACGGTTGCCGCGCTTAGACGACCCTGAATTACATGGTGGGGGCGAGGTTCACACCGAACTGACGCACGTGCGGAACGTGTCGCACGCTATCGCTCTGGCGCTCACGCGGCCCGCCCCTGGCCTCTACAACATCACCGACGGCGTCACCATTCCCATTTGGGCCACCCTAGACCGCTTGGCCGATGCGCTAGATGTGCCTCGCCCCACCCGGCAGGCCAACCCCCGCACGCTGGAAGCGGTGGCCCGCGTGCTGGAAGCTGTGTATGCCCTGCATCCCCGCCGCCCCGAACCGCCCCTGACCGCCAGCGGCGTGAGATTGCTGACGCGGGGAATGACCCTAGACCTGACCCGCGCCCGTGAACGCTTGGGGTATGTGCCTGTGGTGCATCCCGATCAGGGGTTAGAGGAAGCGATAGGAGCGGTAGCCCATGCCTGAGCCAGTCACTGTGCGTGTCATTCCCCTCGCGGCGGGCGAGTGCCTGAACTTGGCGGCGCTGACGCAGCGGGGCGCGGCGT
NZ_CP011387.1_gap14	731268	732323	1055	AGTGCGCTCACCGAACGGCAAAGTGATGGCGCTGTTCCGGTGTACGCAGGCGGTGTTGTACAAGGCGTAAGTGGTCATACGGACTCCGCTCCATTCCGCCGTATCCGGAACCGCACCGGATACGGCTCCATATCGCGTAGCCCGTAGTTTTTCCTACTCGCTCCGCTCGGATTGAATCCTAAAAGAAGTGCAGGATTCAATCGAAGTCCGTATCAGTGGGGTGTATGGAGCGGGAACATCAGGTAGATTCAGGGCAACTTGATTCCCTTCTCCTGCCTGCCCTCCCTCACCCATGCCCACCGCTGATCCCTTCCTGCGCCACCCCGATCCCCTCACCCGCGAGGTGGCGCGGGAGTATGCGGGCGGCGCATTTCTAATGGACAACGGCGACGGCTTGCAGTGGTACACGGTGTCTACGCGGGCATTGGTACCGCTGACCGAAGAAGAAGGCCTGCACATCGCGCGGCGGCTGAGGCGTGAATTGGGGCGCTTTGAAGTCCGCATAGATACGGCCTTCGACGACGTGGTGCAGGGCTGCCGGGGCCTGCTGCCCGGTGCGCCTCCCCGCGACGGCGAGTGGATCAGCGAGGAATTGGCCGACCTGTACAGCCACTTGCACGCTACAGGGCTGGCCCATTCTTTCGAGGTCTGGCAGGGCAGCGAACTGGCAGGCGGCATCTTGGGCTTGGCCCTCGGCGGCGCGTTTATTGCCGAAAGCAAATTTCACCGCGTCACCAATGCCAGCAAAGTCGCGCTGGTGCAGTTGGCGGCGCATCTGCATGGGCAGGGTTTTTCTCTGTTCGATGCCCAGATTCAGAATCCGCATCTGGCCCGCTTGGGCGTACACGAAATCGGTGCCAAAGCGTACCGGAGCAAGTTGGTTGTGGCCTTGGCGCAGGACGTGAGTCTGACCGGAGAAGCGCTGGGCGTGCTGAAGTAGGGCAGGCGCTACACTGCCCCCGATGAGCGTTCCCAAGCTGCACGCCAATGAATTTGACATCAGCGGGGCACTGGTGGAACGCTTGCTGGCGGGGCAATTTCCGCAGTGGGCGGGC
NZ_CP011387.1_gap15	787009	787518	509	CCCAGCCACTGCATCATGGTAAAAATCCGTTTTTCGCTGCCCGGTACGAGGCGGTTGCGGTCTGTATCTTCTATTCGCAGAATGAACTTCCCGCCTGCTTGCTGGGCCAACGTGTAATTGAACAGCCCGATATAAGCCGTGCCCACGTGCGGGTCACCCGTGGGGCTGGGCGCGATTCGGGTCACGACGGGGCGTGTGGGTGCAGGGGAAAGCGGGTCAGACATTCGCTTAGGATACGGCCTCTGGGAATGCGGCACAGATGCGGCAACACACCGGGGCCACATGGTTTAGCATGACCGTATGCCTATTTCGCGCCGTCTGTTGCCCGCCCTGTTGCTGCCCGCTCTGGCCCTCGCTTCCTGCAATTACGGCAGCATTCCCAACGAAGCCAACATCGACATCAGCGGCGACTACGTGGGGCGGATCGTGGGCAGCGACGGTAAAAGCGCCCTGCTGGACGTGACTGTCGTAGAAAAAGACCTGCGCGTGACGGGCACGGTCAAGAGCCG
NZ_CP011387.1_gap16	861465	864945	3480	GCTGTATCCCATCCTGATCGTTCTGGGGTTGCTGCTGGGACTCATATTGCTGCCGCTTGTTCTCCTTCGTCAGCAGGCTGAACGCACCAGACAACTTCAACCGCACCTCAGCGCATGGTGGGGCGTTTGCGCCGGCTTGGCTTCAGCTATGGCGGTGGCTGAATTCTGGAGCAGAACCGGTTTTGGCCTGTTGTTCGTGCTGGGCCTCGTTCTCCCCTTTGTCGGCTACGGCTTGGGCCTCCTCTGGGGCGAACGTCAGAGCAGACTTGCTGCACGCCAAGCACCAACACACCCAAATGGCTAGGTTGTCAGATTCGCGTCACGGCCCGCGCTCAGGCTGACCTCATGTTGAGCCGCCCCCTTATCTTGTTTCCAATTCTGTTGCTCGTGGGGGTGGCTTTGGCTTCTTTGCTTTCGCTGGCCCTGCCTTTCCCCGCCTCGCTGTGCATGACTCTTACGGCTTACGCGCTGGGCTACGGCTTGCTGCTACTAGGCCAAACCGGGCGCGATATAGCCTAAGCAGGACATTCTTCTAGGCCAAAAAGTGTCTGATCACCCTATGTCAGACAAACTCCCGGCCCCCGCTGTTGTGCGCTTAGCCTCTGCTGGGGCCGCTCTCATTACGGGGGTCATCTCTGCCTTGCATGTGTACTGGGCTGCTGGGGGCCGCGCCGGACTGAGTGCTGCCCTGCCTCAACACACAACGGGCAAGCCCATGTTTTTACCCTCACCAGCCGCAACACTGGTGGTTGCCGCAGGTTTGGCAGGCATGAGCGGCGCAGCCGTGCTCTCTCAATCCCAGAGTGCAGCCCGATTGCGCTGGCCTCTGCGCCTGATTGCGGGTGTGTTTTTGCTGCGTGCTGTAGGCGATGGCCGCAGCGTGGGTCTGACCCGGCAGCCCTCAGACACTCAGTTTGCCCGCATGGACGCCCGGTTCTATACGCCGCTATGTTCGCTGCTGGCCGCGCTGTATGGTGTTTTAGGGTTCAGCCAAGCTCAGCAAGCTGATTGACGTCAGGCAAAGGACTTTCCAGCGGGCAGGTGGGTGAAACGAAAAATCCGCCCTGCTCGGACGGTGATAAAGAAAATATAGCGCGGTATACATCGCGTGTCAACCCCATCAGACCCAAGCAAAATTCACTGTGCTGCACGAGATTTATAGGTCATCAAATAGAGGGCGAATGCATACAGCAAGCGGGCGTCAGGGGCGAACCATGCCGCCTGACGCCCGCTTAACTTGTTTGAGCCTCAGCCCAGATCGTCCAGCACACCTGCCAAATCTTTTTTCACGCACGTAAACATAGGCGTGTCGGTCAGGGTGTACAGGCTGGCTTGCGTGTAGCGCAGGCGGTGAACCAAATCTACGAATTCCTGCGGGTGGTCGGAATCGAAGCTCACCACGAACTCCTGATCGTCTATGCCGTAGCTGTAGCTGGTATTGATCCGCACGCCCTTAAACGGCACCGAGGCGTGAATATGCTCGTCCATCATGCCTTGGCGGCTGTGCGGCGTCAGGTCGTACCACGCCCGCGTTTTCACGAACGGGTAGATGAACAGGTATTGCCCCTGCCCCGGCAAGATTTCCAGCCCGTGCCCGCTGCCGTCTACGCGGTTGGCGTACTGGCTGCGCTTGTTCATGCTCACAAAATTGTACGGCTGCGTCAGGTAACCCATCAGCCGGGTGCGGTTCAGGCGGCCCTGCGCTTCCTGAAACTCGCGCACATCGAAGGCAATGCGCCACAGCATGAAATCCACATCGGCCCGCACGCCCACCAGCGAGTACGGGCGCTGAATCAGGCCTTTGGGGGCGGGCGCGTCTTCTGTCCAGCCCTGCGCGGCGGCCAAGAACTCGGCCTTCAATTCCTCGCGTTCGGCGTGCGGCAAGCGGCGAAAAGCAGGATCAAGCTTGAAGAAGGCATAATTCAAAAATTGGCGGTTGGCCCGGTCAGGCTCGCGCCCGGTCACTTGGCCGCTGGGGTCGAGGTCAACCATCATTTTCGGACGGCCCCCGCCTGCTGGTGCGCCTGTTGGGCGTCCAGTCGGGGCGGGCGGGGTGTGTTCAGTTTGATTTTGTGGCTCGCTCATCGGACAACCTCCCCAATCAAGTTGGTGTTCAGGCCAAAGTTGGCGGCGTACAGGGCTTGAATGCCTGCATATTCAGCGTCGGTCAGCTCGGCGGCATTCGGGGCGGCAGCGTATTCTTCCAGCCCTTTTTCGTCGTAGATATTGGGAATCACCGACGCCATCGCGGGCGAACGCAGGGCGAACTGTAGCGCCAGTTGCCCAATCGTGCGGCCCTGTACAAACTCGGTCTGCAACTGCTCTACCTTCTTCAGGCCGTCTTCCATCCACGCTTTGCGCTTCTCGTTGGTGGTCATACGCCAGTTGCGGTGGTCACCGGGTTCAAAGGTGGTGTCCAGCGTCATATAGCCTTCCAGCAGCCCCGATGCGTGCGGCACGCGGGCCATCACGCCCACGCCCTCGGCCTCGGCCACAGGCAGGATTTGCTCGCCCAGTACTTGCTCCAGCAGGTTGTAAATAATCTGGGTGGGGGCGCGGCGACCTTGCACACTGGCAATGCCTTCCTCAATCTGGCGCTCGTTCAGGGCTGGCCCCAGCGCCGTGCCATACGCCCGAATCAGCCCTTCGGCTTTCAGGGCTTCCAGTTCGGCAAACAGATCGTCACTCTGCGCGGAGCCGGGGGCAATCGCGTCTAGGCGCGGGTTGTGCAACTGGTAGTAATCGATGCGGTCTGTGCCGAGGCGGGTCAGGCTGCCTTCCAGCGCCTTTCGCAGGTAGGCGGGCGTCCAGTCGTGCGGGCGCTCCTGCTGGCCGGGGCGTTCGGGGTTGTTGTAGATGTCGTAGCCGAACTTGGTGCCGATGATCAGGTGATCGCGCACGTCGCCCAGCGCTTTCCGCTGCAATTCCTCAGCGCGGCCCGAGGCGTAGGTGTCGGCATTGTCGTAAAAGGTGATGCCCAGTTCGAAGGCGCGGCGCAGCAACCGCACGCCCACGTCTTCGTCTTTCACGCCCCACCACGTCGTTCCCACTGTCCACACGCCAAACCCGACGGCGCTGAGGGTCAGGTCGGTGCCCAAAAGCTTCCTGTATTCCATGCCTGCACTATTTCACTGTGCCGCCGGGACAATGCACCCCGACCGACAGGTCAGGCGCGGATATGCAGCAGCGCAGGTAGGTGCGTCTGAAGAATGTCGTCTGGCACGCTCAAAATTTCAGTCACACGCATGAGTTGACTGCGGCTGCATACCGCGCTATATTTATCCCTATCAAGTAAGGCAACCCAAAGCAAGACCGCTGCCGTCTGAGAAGGGCGGATTTTTTATGCCTCAAATCGGCGGGAAGAGGTGTGGATATTCAGCCCGCGATAAGTTGCGAAGCTAGAAACATCGTCCAGTACGGCGAAATTCTGGCCCGTGTGCATGAGTTGACAGAGCCTGCATATCACGCTATATTTGCCTT
NZ_CP011387.1_gap17	911902	914862	2960	AGGCGGAAGGGCGTTTCGGGTGTGCCGCCCATCAGTTTGTTCAGTTGGCTCTGCGTGACCACCACGTCACCGCCCACTGCCGTCAGGGTGGCGGGAAAGCGCAGGCCTTGCAGCGGTTCTTCGGCCACCAGCGCGCCTGTGCCCGAATCGGCGCTGAGGGCCACTTTGCTGACCACGCCCATCGCGTTGCGGGCCACGTACAGGGTGCGCGGGTCGGCGGGATTCAGCAAGATGCCGTCGCCACGGGTCAGGCCGCCCATCACTTTCTTCACGGCTTTGGTTCGTAAATCTATGCGCCACAGGTCGCCCGTGTTCAGCTGCATGGTCAGGAGGTAACGGCCATCGGGGGTCGCCAGAATACCGTTCAGGTTGATGCCGGGGCCATATTTGATGGGCGTGTTGCCCAAGTCCAGCCACGCGCGCAGTTTCAGGTCGGGCGACACGCGGAAGATGACGGGGCGGGTGGAATCGGTGACGTACACGCTGCCGTCTGCGGCGGGCGCGAGGTCGTTGATGTACGGGTTCGGACTCTTGGGCGTGTCCAGAATGGCGACGGGCGTGCCGTTCGGACTCAGCACACTGACCGTGCCCGTCGCTCCGCCTGCCACCCAGACGCGGCTTTGGCTGTCTACCTTCAGGCCCAGTGCGCTGCTGCGGCCCAAAGCTCCACCTTCACTAAACAGCGTCACGGTGCCGCTGGTCGGATTGACCGTATAGATGGCTCCGGTGGCAGCACTGCCCGTGTACAGCACGCCCTTTTTGGCGTCATACGCCACGCCTTCGGGGAAGGTCTGCACGCCCGGCAGCGGGTAGTCGCGGGTATTCAGGCCAACGCGCAAAATGGTGCCGCAGCGAACGCGTGCGCCCGTCATGCCCGATGGGTCGCTCTTATAGTCGTCGGGCTTCTCGTGAATAATCAGGGTGCGGTTCAAAATTCCGTTCATGCCCGTCAGAGAAATCTTGTCGGACATGAAGGAAGCGCGGCCCACGCCGTCTGCGCCCACCGTCAGCATGGGCAGGTCGCCTGCGTGCCCGTACTTGTTGTCGGCCTCGGGACTGTCGTGGTTGCCGCTCATTTCGGGGTCGAAGTGGGGGCCAGCCGCGCCGAACGGCACCACCCTGTTCACGGCGGGGTCTACACCGGGCAGGCATTTGCGTGTGTCATGCACGTGCATGCCGTGTTGCCCCGGCGTCAGCCCCCGCGCTTCTACCGTTACGGCCACTGCCGAGCCTGCCTGCCGGAAGGTAGCGAGGCCGCGCACCTGTCCCTGCTCGTCGGTGATGGCGGCGTTGGCGGTCAGGGGCGTCGTGGCCGGGGCCATCATCTGCGCCATTTCTGCGCCGCCCGCCGCAGCCAGACCCAGTGTGAGGACGCCTAGCGCTGTCCATTTGACCCGTTTAGTCAACTTGTTGAGTGCCCGCATTTCAGTTCCCCCCGGTGTAGCGCACACGGTAAATCACGCCGCTCTGGTCGTCGGTAAACAGCAAGCTGCCGTCGGTGTACTGCGCAACCCCTGCCACCCGGCCAAACTGCTTCCACTCGCCGTTTTCCTCGAACACGAAGCCCGAAATAAAGGGCGTGATGGCGGTGGGCTTGTTGGCGGTGTCGAAGTTTACTCGGGCAATTTCGTAGCCGCTGGGTTCCGAACGGTTCCACGATCCCCGGTAGGCCACGAAGGCGTCGTTGCGGAATTCGGCGGGAAACTGCGTGCCCGTGTAGAACTTGGCGTCAATGGCTGCCGCGTGCGCCGTGTAATTCAGGGTGCTGCCCTGCGTGCCCGCGCAGTATTCGGCCTTGGTGATCTTGCTGGGAATGTTGCCCACGTTCACGTAGGGATCGGGCTGCTTGTCGCCGTAGCAAAAGGGCCAGCCGTAGTTTTTGCCGCGCAGGATCACGTTCAGTTCTTCGGGCGGGATGTTGTCGCCGTGCCAGTCGCTGCCCTGATCGAAGCCGTACAGGGTCTTGGAAATGGGGTGCCAGCCGAAGCCGATGGTGTGACGCAGGCCCCGCGCGAACACTTCCCGAATCTGACCGTTGGGGCTGATTCGCAGCATCGTCGCTTCCTCGGGGTTCAGGGTAGGCGCGTCGTTGTTGGTCGACCCGAAGGTGGCGTACAGGAAGCCGTCCGGCCCCCAGTGGATCGTGCGTGCCGGGTGCTGGCCCGCGTCGGGGAAGCCGTCGGCAAACACGCGGGGCACGCTGAGGGTGCCGTCCTTCGCCATCGTCATGACCCAAATGGTTTTCTCGCCCACCACGTACAATTTGCCTTCTTTCACGTCCAGCCCGTGCGCGGCCTTGAGGTTCTGGGCCACCTGCTTGCGCTCCACGGCCTCAATCTTGCCGTCGTTGTTCACGTCTTTCAGGTACCACACATCGTTTTGCTGGCGGCGCGTCAGGTACATGCCCCCGTCGGGCATCACGTGCATCATGCGGGCGTTACCCAGTCCCGTCGCCATCACGCTGAGGGTAAAGCCCTGCGGCACGGTCAGGCGGGTCAGTTTGTCCGTCGTAAATTCCAGCGGCGTCGGCTCGTTGCGGGTCACAGTGGCGGTGGCGGGTGGCTCGGGCGGCGCAACCGGGCGCGGCTGGGCGGGCGGCAACAGGGCTGGGGGCGGTTGCTGGGCAAGGGTGCTGGAAGCTGGGCCAAAGCTGGCAAAAGTAAGGGCCGCCGTCAGAGCGGTCAGAAAGGGTATACGCATGGTGTGGAGCCTCCTGAAAAGCAGCATCACACACGCCTGAAATGTCCAAACCTGCTTTCTGACACCTTCTGAGTGCTACTTAAGCCTCTTCTCAAAGCTGAGTTGAGGCGAGCTTAAGCAGCGGCCCAACTCTGGAGAAGACAGCTGGTTTGTTATACATCAGGAGCCAGAAGAAACGAACAAGGGCAAATCTGAATCTGGAACTGCCCCCACAGCTCTGGCGCGGCGGTGCAACTCCTGTACGGCGCGTTCGCCTTCCT
NZ_CP011387.1_gap18	1053776	1058724	4948	AGCGCCGGAATCCGCAGCCCACCGCGTCCGTCCCAGCCTTTGAAGGCATAGAAGCGCCCCGGCTCGCCCGTTTTCAGGTAGTCGCTGAGCGGCTCGCGCATGGGCGGCGAATCCAGCTTGTCCAGTGCCTCTTCCAACGAACAGAATTTGGCTTCCACGATGAATCCGTCTGGATCGGCGGGATTGAGCAGGCCTTCCCACGTGGCCTCGAACGCCACGGCAATCGCGCGTTCGCCCCGGCGTTCATCCTCGATATGCACCGTGTAGGCCATGTGCTTGATGCCCGTCAGCTTCAGGCCCGTTTCTTCTATGATCTCGCGGTAAAGGGCCTCGGGCAAGGTTTCGCCCTGTTCCACGACGCCGCCGGGGAGGGTGTGGCGCACGCGCCCATGCCCCTGCCAGTCGTTGCCCACCAGCAGCACCCGCCCGAACCGGTCTCGCAAGATGCCCGCCGCGACCAGCAGATCACGCCGCGCCATACTGACCGTCCTGCTGTTGCTGGCCCATTTCGACCAGTTGCCGCTCGCGCTCGGCCCGCGCCAGAGCCGCCACCACCGGAGCCACCTGTCCCTCGATCACGCTGTCCAGCGCAAAGTTTTTGGTGTCGCCCTCCAAGCGGTGATCGGTCACGCGGTTTTGGGCATAGTTGTACGTCCGAATTTTTTCGGATCGGTCACCACTGCCCACCTGAGACGCCCGCTCCGAGCGTTCGCGTTCGTCGCGGGCGGCCCGTTCGCGCTCGGCCAAACGGGAGGCCAAGACGATCAGCGCCTTTTCTCGGTTCTTGATCTGGCTGCGGCCATCCTGACAGACCACCATGATTTCGTCGGGGGTGCCTGCGCGGTACACGGCCCGCACCGCGCTGTCGGTGGTGTTCACGCCCTGCCCGCCCGCCCCCTGAGAGCGGTACACGTCAATCCGCACTTCCGACAAATCCAGATGCACTTCGTCCTGCTGCACTTCGGGCAACACGGCCACAGTAACGGTGCTGGTATGAATCCGGCCCGCCGATTCGGTGGCGGGTACGCGCTGGACGCGGTGAACGCCCCGTTCCCACTTGAAGGCGCGGTAAGCGAAGTCACCCGTAATTTCGGCCACCACCTTGCTCGCGCCGCCCAAATCGCTTTCGGAAGCGTCCAGCACGTTCAGTTTCAGGCTCGCGCCCTCGGCGTAGCGGGTGTACATCCGCAAGAGGTCGGTGGCGAACAGGCCCGCTTCGGCCCCGCCTGCCCCGGCCCGCAGCTCCAGAATCACGTGCTTGTTGTCGTCAGGATCGGTGGGAAGCAGCAGCACTTCCAGGTCAGTTTCTATGCCTGCCAGCCGCGCTGTGATGCTCTCCACTTCTCCCGCAGCCAGCTCGCGCATATCGGGATCGCTGAGGAGTTCGCGTGCGCCTGCAAGGTCGGTGGTCAGGCTGTCGCGCTCCCGCAGCAGCGTCACCAGCGGCGTCAGTTCACGGTGGCGGCGGGTCAGGCGGGCATATTCGCGGGGTTCGGCCAGCATCGCCGGATCGCCCAACGCCAGTTCCACCATGCTGAATTCTGCCGCCAGTTCTTCCAGACGGCCACTCATTGCAGCAACCTGAAAGAAAATTGTGGTGAGGCGCAGCCGAATCTGAACGAAGTGAACAACAACCCCCGCTGAAGTGCGGCGATGGAAAGACATTCGGTGGTTTGTCCGGATGGCTTGGAATCAGAGTACTTCGGCATCACGCGCTTGGCTCAGGCCGTGCAGCACAGGGCCACGGCGGTATACGGAAAGGCAGACGAGTTCTTGACACGGGCAACATAGGGCTAGTGTAGCGTCCGGCCAACAGAGCGACTGAGCGCAAGGCCAAGATAGGGGGGAGGGTACGCGGCCATCCACACCTATCCCACCCCCCGCCGCCTGCCGCCCCTGCGCGTTACATTCACGCCATGAGAACCGTGACCGTAGGCTTGCTGGGCTGTGGAACCGTGGGCGAAAATGTGCTGTGGCTGCTGCAAAAGCGCAAGGACATCTTCGACAACCTAGGCGTAGAAGTGGTGGTGGCAGGCGTACTGGTGCGCGACGCTGCCCGTGTGCGCGATATTCCGGCGGGCATCACCCTCACCGATGACCCCGCCTTTTTGCAGGAATGCGCGGTGGTGATGGAATGTATGGGCGGCATAGAGCGCCCGCTGGAATTGCTGGCCCCCTATCTGCGAAGTGGGCGGCCCGTGATTACCGCGAACAAAGCCCTGTTGGCCGAGCGCTGGGACGACTTGCGCGATCATGCGCTGGCCGGACGCCTGTATTACGAGGCCAGTGTGATGGCCGGAACGCCCGTCATCGGCCCGATGAGTACCGTGCTGCGGGCCAGTACCTTTGTGCGCCTGCAAGCTGTCCTGAACGGCACTTGCAACTACATCCTGACCCAGATGGAAGCGGGCCGCGAGTACGCCGCAGCGTTGGCGGAAGCGCAGGCGTTGGGCTACGCCGAAGACCCACCGACGCTGGATGTGGGCGGTTTCGACACGGCCCACAAACTGACGGTGCTGGCCCGCTTCAGCGCCGATGGCAATTACCCCTTCAGCGCCGTGCAGGTCACGGGAATTGAGGACGTGACGCTGGAACAGATCGCCGCCGCCCGCGAACGGGGCGAGCGAATCAAGCTGGTGGCCGAATTGGTGAAAGTGGACGGCCAGTGGCAAGCCACCGTATCGCCCCAGAGTCTGCCCGACACACACCCGCTGTGTACCGCCGGAGCCAGCCGAAACGCGCTGGTGTACGAGGGAGAGGAGAGCGGCACCCTCATTTTTGCAGGCGGCGGCGCAGGCGGCATGGTCACGGCGTCGGCGATGGTAGGCGACTTGCTCGATTGGCTGATCGGCTTTCCGGGGCACGTGCCGCTGCACTGAAGAAGGGCGTCTAAGGGTCTAGGGTCGAAGGGCAAAAAGCGTGGGGCGACTTGGTGTGTACCTTGTCGCCCCTTCTGATTGCAAAATGATGTGTTTGTGGGCTTTTTGCTCCCTCTCCCCTTGCGGGGGAGGGTCGGGGAGGGGGGTGAATGAGCTTCAGCGATTGCCCTCCCGCTTTTCCTTCGCCCCTCGACCCTTAGACAATGCCCCCGGAAACTCGGAAACTCAACCGCCTAAACGATCCCTTCCGCCCGCGCAGGCACCAGCACCACGCCGCTCCGGGCAGGCACTTCAATCTCCATATCTCCGGCCAGCTCCAGCGTCAGCCCCGTCAGCACATCGGTATACGTCCCGGCCTGCACACCCGTTAGCAGAATATGGGCGGCGTGGTGGGCACAGTTCAGGGCCACATGCGCGTTGCCCTCGGCGTGGGCGCGGGCGTAAGCGATCTGGTCGCCTTCCGCGTAGGTCACGTCGAACGTGCCGTGCCGCAGGGCCGTCGTGGCGTGGCGTGCCCCCACCAGTTGGCGTGTCAGGTTCAGCGTGGCGGTGTCCCATTCCTGCTCGGAATCCCAAGGAAAGGCGCGGCGGCAATCGGGGTCGGGGCCACCGGGCAGGCCGATTTCGTCGCCGTAATAGATGCAGGGCGCACCCACGTAGGTCATCTGAAAAATGGTGGCGAGGCGGTAGGCGGAGGCGTCGCCGCCCACTGCCGTCAGGTACCGCGCCGTGTCGTGCGAGTCCAGCAGGTTCAGTTGCGCGGCCACCACGTCCGGATGGTACATCTGGGTCACTTCGGTCATGCGCCGCCCAAATTCGGGGGCGCTCATGGGGGGCACGAATCCGGTGCCACTGCGCTCGTTCATGGGGTGATCCAGCGTATGAGCGCCGAAAAACGCCAAACAGGGCCGCGTGAAGTGGTAGTTCATCACGGCGTCGAACTGGTCACCCTGCAGCCAGCGGTGCGCGTCGCCCCAGATTTCGCCCACGATGTAGGCGTCGGAGTTGATGGCCTTCACGCGGCGGCGAAACTCCTGCCAGAAGGAATCGTCGTCGATCTCGTTGGGCACGTCCAGCCGCCACCCGTCTATTCCTTGCTTGATCCAGTATTCGGCGATATCCCACAAGAAGTCGCGCACGGCGGGGTTACTGGTATTGAATTTGGGCAGGGCGCGGTTGCCCCACCACGCGTGGTATCCGGCGGGGCGGGCGTCGTCGTAGGCCGAGAGGGGCCAGCCTTCCACATGAAACCAGTCGCGGTAGGCGCTGGCGTCGCCCTGTTCCAGCAGGTCGTTGAACTGAAAAAAGCCCCGGCTGGCGTGATTGAACACCCCGTCCAGCACCACTTTCAGACCGCGTTCATGGGCCGCCTTGATCAGCGCCGTCAGCGCCTCGTTGCCGCCCAGCATCGGGTCGACTTGGTAGTAGTCGTGTGTGTGGTAGCGGTGATTGCTGGCCGACTGGAACACCGGGCAAAAATAAATGGCGTTCACGCCGAGGCCCACGATGTGATCCAGCTTTTCGATGACGCCCCACAGGTCGCCGCCCATGTATTTGTGAAAGTGCGGCTGGTCGCCCCACGCCTGCAAATTCAGGCCCGTGACGCGCCCACTGCGGGCAAAACGGTCGGGGAAAATCTGGTAGAAGACGGCGTTTTTCACCCAATCGGGCGTGATGGGCTGGTGGGGGCGAACTTCGGGGGAGATGGCGGCGAGCATGGTAAATCAGCATACCCCAAAGCTCAACATTGAATGAAGTTTTTCTCATTTATGGGCCTGCGCCTGAGCTTCATTTGATGGGGGATGGGCTGCCCAGTTCTGTACAAAAGCGCGGGCGTCTTGCGGATTTTTCACGTCGCCTAGCGCGGCGGCCTCGTTCAGCGCCCGGAGTGCCTGCCCCACTTTCGGGCCGGGTTCGATGTCTAGAAGGGCAATAATTTCGCTGCCCGTCAAAAGCGGTTTAGGGGCGGCAGGTTGATCCTTGAGCGCGGCCAGCACCCGGTCTAAGGCAGCGGCGTAGGCATGACGGGAAGCAGGGCTACTGCTCGGCCCCCGCGCCGCTTCCCGGTC
NZ_CP011387.1_gap19	1076235	1077032	797	CGATTTCAGAAACAGCTCGCGGCCTTTGCTGAGGTCGAGCCACAAGTCGGAATCCGGGCTTTTTTCGTCGCCCTTATGCACGATGAACCCGACTTTCTGGGCGTTGGGCTTGAGGGCCACGTCAAAATACACCCCGAAGTCGTCTTTGCCCGCTTGGGCGAGGGGCGCAGTCCATTCGGTGGGTTTGGCGGTGTCTTCCCAGAGGTGCAGGCCCCAGCCGGTGTACGCGCCATCAGCCCGCTGATAATGAATCCGGGCCGTATTTTGGGGCAAAGAGGTTTGCGCCGCCGCCGAAGCAGCCAGCGCGAGCGTCATCAGCGTCGCCAATCGTTTCATGTGTGCCCAAGATTGTAGCGGTTCCATAGAGGCCGGGGCGTGAGCGGCAGGGGCTTAAGCTGGCCTTTATTTGGCCCAGAAGTTGGCCCACTCCCAACTCTGCTTTACGTGCAGCACACACGCCCGCCCTACAGCAGTTCTAGCCTTGCGCCATGACCGGACACACCAGCAACGAGCAGATGGGCCTGACCATCGAGGGTGAAGCGCCACAAGACCGCAGCACGGATTCGGAGAGCGCCACGCGCCCGCCCATTCCCAATGATCCCGCCGAACGCGCAGGCGTGGTGCAGGACAGCCCCGGCGTCACCGATACCCACGTGATGCTGGGCGGGAATCTGGACGAACAGGGCAATTACCGCTCCGAAAGTACGTTGATAGAAGACAAGCCTGCTGACAAGTAGGGGTTGAGTGAGGGCACGATAACAGCGCTGGAGCTTTCGGCCCCAGCGCTGTAGTGTTCT
NZ_CP011387.1_gap20	1084847	1087282	2435	TTGCGGGGGAGGCTGGGAGGGGGTGAGTGAGCGTGAGCGATTGCCTTTCTTAGACTCTTAAACCCTCACCCCTTAGACTTCCCCTTCAAGCTGGCCTACTCTCCGTGATCGTGCGCTGGGGCCGCTTCCTCCGGGTGATCATGCTCTGCGGGCGTGCCTGCGGCGTGGTCATGGTCTGAGGTGGCCGACGCCAGCGCGGGCAAAGGCTCCGCACCTCTGGCCTGCAACAATTCGGTCATGGTGCGGATTTCTGCGCCCTGCGTGGCAGCGATCTGGCGGGCCAAGGTCAGCACTTCGGGGCGCACCCGCTCGGTCAGCACGGGTTCCACCATCGCCACCGCGCCCTGATGGTGCCGAATCATCAGCTGTAAAAATTCCCGTTCGGCCTGTACAGGGCTGCCGGAATCTAGCTTGCCCAGTTCTGTAGGCGTCGCCATGCCCATCATCGCGGCGTGTTCCGAACTCATGCCCGCGCCGCCCCACGGCAGGCCCCACAGCGTCAGCCAGCCCCGCATCTGCCCAATCTGCTCTTGCTGAGAGAGCTGAATATCCAGCGCCAGCGAACGCAAGGTGCGGTCTGTGCTGCGGTCACGAATGCGGGTCGCCATGTCTACGGCCTGCGCGTGATGCTGGATCATTTCGCGCACAAAACGGGTCTCGGTGCTGGATTCACCCGGCTTGGCGAGTCGGGGGGCCAGCAGCAAAAACGCGGCCAAGAGCGCGGCTACCACCAGCGCGGAGGCGGCCAGCACAGCGGGAGAAATAGACGGGCGGCGGCGGGTCATTACGTGCAGTATAAAGTTGATTCCGCATTATCAATGAGATGCATCGTTCCCTGTCGTGGCCCGCCCCGCTACACTGCCCCGCGTGACTCTGGGCCAGCAGACAAGACAAACGACAATCCATGAGCGTGTGCGCGGCGTGCTGAGCGGGGCCGTCATTGGCTGCGCGTTGGCCGTCCTCGCTGCGTATCTGGGAGAAATCCGTGCGCCCGTGCCGCTGCTACTGGTCTGCATTCTGGCCTGCGCGGGCTTGGGTGCGTTCCGCCTTTCCCGCCGGGTGCTGAAGGTAGGGGCGGGCCTACTGGCGGCGGTGTTTGCCCTCTGTCTGCTGACGCCGCTGTTGCGTGCGCCTCTGGCCTCGCTGACCGAAAACGCTGAGCCGGTGCAGGCCGATGCCGTGATCGCGTTGGGCGCGGGCGTGTGGTGCGGCACGGGGGCGCTGGAACCCTCCAGCCTCGCCCGCTTAATTCGGGGGCTGGAGCTTTGGCGGGTGGGCCTTGCCCCAGCGGTTACGGTGTCGCAGCAGTCGGGCCTGATCGGGCCGAAGGATTGCCCCAAACTCAGCGATCTGGAACGGGCACACATTCGCGGCCTGTATCCCAATGGCGGCCCTCAAGTCCTGACTCTCGCCAACGTGACCACCACGCGGGATGAGGCCGCCCGTGTGCGAGAACTGGCCCGCGTGCGTGGCTGGAAGCGCATTTTGCTCGTCACGTCGCCCTCTCATTCGGCCCGCGCCGCCCGCCTGTTCCGTGCCCAACTTGCGCCTTTGGGGGTCGGTGTGACCAGCGTCAATGCCCCAGAAACCCGCTTCGATACGACTTTGCCCCTGCCCTCAGACCGCTTGGCTGCCCTGCGCGTGCTGCTGTATGAGGGAATTTCGCGGGTGAAGGCGGGAGTGGGGGGGACGCCGGAGCGGTAGGAAGCGGATCGTGGGGGGTGGATCGTGGAACGTGGGAAAGCGCAGGTGGTGATGTTGCCCTTAGCTCCTCACCCTTGGCTTGCAAAGCTCCGCAGGAGAGGGGGACTGGGACAGCTCGCCTGCGAGAGGTTGGGACTCGCAGAGCTGCGCCAGCAGAGGGGGTGAGCGGGCATGGCGTCCTAGACAGCGTTTTCCTCTGGCCGCTTTTTCTCAACTAAAAAACTGTCCACACCATTGACGAGAGGGACTTGCAGAGCTGCAAACCATCAGGCTGGGAAGGGGACGAGTGAGCGTCAGCGATTGCCCACGTTCCACACTCCACGATCCACGCCACCTTCCCGCCCGCGCCGTTCCCCTACACTGGCCTGATGAGCAGTCCTGAAGCAGCACCCATTCCTACTCGTACAGTTCCAACCATCACGGTCATCGGCGCGGGCTTGGCAGGCTCCGAAGCGGCGTTGGCGGCGGCCAGCCTCGGCGTGCGCGTGCGCCTGTACGAGATGCGGCCTACACGCATGACCCCGGCTCACCGTTCGGGCAATTTTGCCGAACTCGTGTGCTCCAACAGTCTCGGCGGAGAGGGCGAAATGCAGAGCAAGGGCATGTTGCAAGCCGAACTCCGCAGCGTGGGCGGGCAGATCGTGGCCGCTGCCGACGCCTCGCGCCTGCCCGCCGGAAACGCGCTGGCCGTAGAACGCGACGAATTCAGTGGCCGCGTGACCGAACTGGTG
NZ_CP011387.1_gap21	1106954	1111430	4476	GCCTCCCGCGCCCTTATTGTGGCAGGCGGCGACTTGAAGGCCATTCGCGCCGCGCTGGACGCCGATATTGCCAAGCTGCCGCGTGTGCAGGCAGCGGGCGACAGCCTTTATTTAGACCCCGCGCTAGACCGTGCCTTCCGCGCCGCCGAAGCCGAAGCCACCGCGCTAGGCGACAGCTTTATTGCCGCCGACGCGCTGCTGTTGGCCCTGCGCGGAGAAACCAAAGTAGCGGGCCTGCCGAAAGTCGCTGACCTGAAAACCGCCGTGCAACAGCAGCGCAAAGGAAAAACCGTGACCAGCAAAACCAGTGAACAGCAATTCGACGCCCTTGAAAAATACGGCACCGACCTGACCCAGCGTGCCCGCGACGGCAAATTCGACCCCGTCATTGGCCGCGATGAAGAGATTCGCCGCGCCATGCAAATCCTCTTGCGGCGCACCAAAAACAACCCGGTGCTGATCGGGGAACCGGGCGTGGGCAAAACCGCGATTGCCGAGGGTCTCGCCATCCGGATTGTGAAGGGCGACGTGCCGGAGGGCCTGCGAAACAAGCGTATCGTCTCGCTGGAAATGGGGAGCCTGCTGGCTGGGGCCAAGTTCCGGGGCGAGTTCGAGGAACGGCTTAAGGGCGTCATAGACGAGGTGATCGCCTCGGCGGGCGAAGTGATCTTATTTGTAGACGAGATTCATACCATTGTGGGCGCGGGGAAAACCGAGGGCAGTCCCGACGCGGGCAATATGCTGAAGCCCGCTTTGGCACGCGGCGAACTGCACCTGATTGGCGCAACGACGCTGGGCGAGTACCGCGACATAGAGAAAGACCCGGCGCTGGAGCGGCGCTTTCAGCCCGTGTTCGTGGCCGAACCCAGTGTGGAAGACACTATTTCCATTCTGCGTGGCATCAAAGAACGCTATCAGGTGCACCACAACGTCGAAATTACCGATCCCGCGCTGGTGGCCGCCGCCCAACTCAGTCACCGCTACATCACGGATCGGCAGTTGCCCGATAAGGCGATTGACCTGATTGACGAGTCTGCTGCCCGCCTGAGAATGGCGCTGGAAAGCAGCCCGGAGCGGATAGACCAATTGCAGCGCCGCAAACTGCAACTGGAAATCGAGCGCGAAGCTCTGAAGCGTGAAAAAGATCAGGACTCTCAAAACCGTTTGCTGGACATAGAAGGCAGCCTGCGAACCCTGACCGACGAACTGGGCGACGTACAGGCCCGCTGGGAAGGCGAGCGCCAAGAGGTGGCCGTGCTGCGTGAGAAACGCGAGGCGCTGGATCAGGTGCGAACCGCCATAGAAAAGGCGCGGCGTGAATACAATTTGCAGCAGGCCGCCGAACTGGAATACGGCACGCTGCCCCAGCTGGAGCGCGAAGTGCAGGAGCTGGAGCGCAAGCTGAAGGGGGCGGAATTCGCCCACATGGAAGTGACCGAAGAAGACATTGCCGCCGTCGTGAGCCGATGGACGGGCATTCCGGTGAGCAAGTTGGTGGAAGGCGAACGCGAAAAGTTGCTGCGCCTAGAAGAGCAGTTGCACAACCGCGTGATCGGGCAAGACCGCGCCATCGTCAGTGTGGCCGACACGATTCGCCGCGCCCGCGCTGGCCTGAACGACCCGAACCGCCCGCTGGGATCGTTCATGTTCTTGGGGCCAACCGGGGTAGGCAAGACCGAACTGGCCCGCGCTCTGGCCGAATTTCTGTTCGATTCCCATGACGCGATGGTGCGGCTGGACATGTCGGAGTACATGGAGAAGCACACGGTGGCCCGCCTGATCGGAGCGCCTCCCGGCTATGTGGGCTACGAGGAAGGCGGCCAACTGACCGAAGCCGTGCGCCGCCGCCCCTACGCCGTGCTGCTGTTCGACGAAATCGAGAAGGCCCACCCAGACGTGTTTAACGTGCTGTTGCAAGTGCTGGACGATGGCCGCCTGACCGATGGACAGGGCCGCACGGTGGACTTCCGCAACACTCTGATTATCCTGACCAGCAACGTGGGCAGCCCCCTGATTCTGGAAGCGCAGGCCAGAGGCGAGGACGCCGACGCCATTCGTGACGCTGTGCTGGGCGAGTTGCAAGACCAATTCCGCCCCGAATTCCTGAACCGCGTAGACGACATTATCGTGTTCGATGCGCTTACCGCCGCTGACCTGCACAAGATCGTGGATATTCAGTTGCGCGGTTTGGTGGGCCGCCTCGCCGAACGCCGCGTGACGCTGCACCTCAGCCCCAACGCCAAGGATCAGTTGGCCCGCCTCGGCTACGATCCGGCCTACGGCGCACGGCCCCTGAAGCGTGCCATTGCCCGCGAAATAGAAACGCCGCTGGCCCGCGAAATCCTGCAAGGCCTGTTGCCTGACGGCAGCGTGCTGAACGTAGATTTCAGAGACGGACGGTTTAAATTTGAAACTGGAGTGCTGAACTAAGGACTGGGTAGGGGAGGGACAGAGAAGAAAGCCGCTGCCTGATGCTTGGGCGGCGGCTTTCGTTATGGAGTCAAACATTATGACTGGATATGTCAGTTGAGCACGAGAACGTGAGCAACGATCAGGTTACTTCTGACCACCACTCCACACGGCCTTCACCGCTTCCTCAACACTCCTAACGCCTACCCGCCCATCCAGCCCCGGCGGAATGACAAGCTGCGTGTAGCCTGCGCGTCCGGCTTCTTCGGCGCGGCGAATGGAGCCTTGGGTGCTGCGAACCTCGCCCGCCAAGCCCACTTCTCCGAACACAGCCACGTTGCCGGGCAGTGCGCGGCCAACGACTGCCGAATACACGGCCAAGGCCACAGCCAAATCGAGGCCCGGATCGGTGACTTTCAGGCCGCCCGCGAGGTTCACATAAATGTCTAGCCCGCCCAGCGTCAGGTCAAGGCGGCGCTCCAGCACGGCCAGCACCACGTCCACGCGGCGAGGATCGAGGCCGACCACGACGCGGCGGGCGTTGGGATACGGCGTTTTGGAGGCGAGGGCCTGCACTTCCAGCAGCATGGGGCGCTGACCGTCTATGGTGGCGGCCACCACCGATCCCGGCACGCCCACAGGCCGCTCGGCCAAGAAGGCGGCGCTGGGGTTATCCACGGCAATCAAACCTTCGCCGCGCATCTCGAACACGCCCAATTCTCCAGCCTGCCCGAAGCGGTTTTTCACGCTCCTCAGCAAGCGAAATGCGCCCACCGTTTCCAGAAACACGGTGGTATCCACGATATGTTCCATGACTTTGGGGCCAGCCACCGTGCCGTCTTTGGTCACGTGGCCGACCAATACGGTGGCGGTTCCGGTTTCTTTGGCAGCGCGGGTCAGCATAGAAGTCCCGTCGCGCACCTGGGCCACGCCGCCGGGTGCGCCCTCGCCTTCCACCGTCACCGTCTGAATAGAATCCACGATGCACAGCGCGGGCTTATGCTCGTTCATCAGCGCGGCAATATGTTCGGCGCGGGTGTCACGGGTCAGTTGAATGTCGCCCGTCACGCCCAAGCGGTCTGCCCGCAGGCGAATCTGCTCCAGCGATTCCTCGCCCGCCACGTACAGCACACTGCGCCCGCTGCGGCTGAGGCTGTCGGCCACTTGTAGCAGCAAGGTGCTTTTGCCGATGCCGGGTTCGCCGCCCATCAGGGTTACGCCGCCCGCCACCAATCCGCCGCCCAGTACGCGGTCTAGCTCTGGAATGCCGCTAGAGGTACGGGGTTCTTCGCGCCGCCCCACGGTACTCAGCGCCGTCAGTTTGCCGCCGCTGATGCCGCCGTACCCGCCCGCGCCGCCCGCTCTGGCTTTGCCGCCCACCACGCTCGGCACTTCTTCCTCGAAGGAATTCCAAGCCTGACAATTCGGGCAGCGTCCCAGCGATTTGGGCGATGCGTAGCCGCAACTGTTGCACACGTAGCGCGTGGTGACTTTAGCCACGAGGGTTATTCACCCGCGGTCAGTGCGCCGGGGCGGGCATCGGCACGCCAGTACAGCCCGTCTTTGGTGGCGAGGTAATCGCCTTCCACCAATTCGGTGAGGAACACGTTCATGTCTTCGGCAGTGCTGTGATCACTCAGAATCTTATCCACTTGCTCGGCGGTGTAAGACACGCCGGGTTCAAACAAGCCCGTGAAGTAGTCCAAAATAGCGAGCTGGTGGGCGCGGCGGCGGTCTGAAGGCCAGCCCGTAATGCGGCCTTGTTCGTCTTGAAATGCGGCGATACTTTTCGTCATAACCTCTATCTTAGGGCATCAGTGGCGGGAAAACTGGGTAAGAAGTGGGAATAGATGAGGGTGGGTTCAGGTGGGGCGGCGTGTTCGGAAATACAGCAGTAAAGGCAATCTGAACGATGGCCCCACGCACACGGCCCCCAGCGCCGCCACCCACCACAGCCGCACGCCGCGCCGTCCTTCGGCAGCCGCAAAAATGACGACAGCCACCGCCGACAAAATCACGTCCCACCAACCGAACGCCGCGATGCGTGAAGCGCGGATTTCTTGCACC
NZ_CP011387.1_gap22	1120594	1122639	2045	GGGGGAGGAGAGACGAGAGAGGCGCAGGTCAGGTGATACAGCAAAAAGGAGCGGCTGTGATGGGCCGCCCCTGCTATTCATTTGCTTAAGAGCTGATCTCGAAGCGGACGAACTGCTTGACTGCCGCGTCTCCGAGGTACTGCGCCACCGTCACGCTGTTGTCCTTCACGAACTTCTGCTCGGGCAGCACTTTTTCTTCGTAGAACTTGCTGATCTGGCCGCTCACGATCTTGTCCACGATCTGCTGAGGCTTGCCTTCGTTCAGGGCTTTGTTGGTCAGGATTTCGCGCTCTTTCTCGATGTCGGTGCTGTCCACCTCGTCACGCGACATGTACTGAGGACGCTCGGCGGCCACGTGCAGGGCCACGTCTTTGGCGTGGGCTTCGCTGCCGCCTGCCACGCGCACCAGCACGCCGATTTTGCCGTTGCTGTGGACGTATCCGGCGAGGGTTTCGCCTTCGGCGGCTTCCACGTAGGCCACGCGGCTCAACACGAGATTCTCACCGATTTTGCCAGCGGCGGCGGCCACAGACGTGCCCACGCTTTCGCCGTTCAGGTCAGTGTTCTTGAAGGCTTCCACGTCGCTGGTGCCAGCGGCGAGGGCGGCCTGCGCCAAGGACTGAACAAGCGCCTGAAAGTCGGAGTTGCGGGCCACGAAATCGGTCTCGCTGTTCACTTCCACGATGGCGGCCTTGTTGCCGTCCACCACAAAGCGCACCAGACCTTCTTTGGCTTCGCGGTCACTCTTCTTGGCGGCCTTCACGATGCCGCGCTCACGCAGCAGGGCCACCGCTTTTTCTTCGTCGTTTCCGGCGTCGGAAAGGGCCTTCTTAACATCCATCATGCCCGCGCCCGTCAGTTCGCGTACTTTCTTGATCGATTCCATCATGATTTGTTCCTCCGTGAGGTGGGTTGTTAGGGGAGACTTGACAATAGGGGCGAATCCGAACCATTGGCCGGACACGCCCCCACTTGTGTTCCGGATTTGCTGAAAGGAACGTCACCGCTCACATTGCGAGTGATCCCAAAAGGCGGGATAACTCTCCATTGCCGCTGCGACGTTCCTTGTCCGATACTCGCTCCGCTCGGTTTATCTAAGCGATAAACGCGGCAAACTTAGCTGCGGCCTTGGCTGCTCGTCAGTTGGCTGGTGTCGCCTTCTGCGCCGCTCTCGGCTGCGTCCATTTCTGGAGTGCTGCCTTCCACGCGCTCGCCGCTCACGTCTTCCCCGCCGCCCCGTGCTTCCACGAGCAGGTCACCGATGCGGTGCGCGATGAGTTGGATGGAACGGATGGCGTCGTCGTTTCCGGGCACGATGTAGTCGATGACATCGGGATCGGAGTCGGTGTCGGCCAGCGCGATTACGGGAATTCCCAGACGGTTGGCTTCCTGCACGGCGATCACTTCTTTGGTGGGGTCGACCACGAAAATAGCGTCGGGCAAACGGGTCATCTTGCGGATGCCGCCCACGAAGCGGAGCAGGCGCTCACGCTCGGCACCCAGTTTGATGCGCTCGGCCTTCAGGCGGTCATTGATGCGGCCCGACTCGAACATTTCGTCGAGTTCGTTCAGGCGGTCAATGCGGGTACGCATGGTTTTGAAGTTGGTGAGCATGCCGCCCAACCAACGGCTGGTCACGAATGGCATCCCGGTGCGGCGCGCTTCAAGTTCCACGATTTCCTGCGCCTGCTTCTTGGTGCCCACGAACAGGATGACGCCGCCGCGCTCGGCGAGTTCCTTGATGAAATCGAAGGAGCGATCCACCTGCTTGAGGGTCTTCTGAAGATCGATGATGAAAATACCGTTGCGCTCGGCGAAGATGAAGCGCTTGAATTTGGGGTTCCAGCGCTTGGTTTCATGGCCGAAATGCACTCCGGCTTCGAGCAACTGCTTCATGCTGATGTACGACATGTTCTCTCCTGAGCGTTACTAGACGGGCCAAGTTTGCGTTCCCCGTGCCAACCCACCGTCAGCTCACCATGCAGCCTTGCGGCTTGTGCAGGTGGTCTAGGTTCTTCGGGTCAGGCCCAAACGCGACGCTCCAG
NZ_CP011387.1_gap23	1152844	1156776	3932	TTCAGGTAGCCGCGCACATAGTCGCGCCCCGACTGATTGACCGTTTTGCCCTGAGGCGCGGCGGCAGGCACAGACACGGTCACGGCCTGCGGCGTAATGACGCTGCCCGATTGCAGTTTCACGCCGCTGACCAAGGTGCTGAGGCTGGTATTGCCCGCTTTGTCGGTCACTTCGGCCCGCAGTTCGTAGGCGGTGCTGTCGGTCTTTTGCGGATACCAAGGCAGGCTGCCGCTGGCCGTCAGGGTGCCCACGAACTCTTCGTTGCCTGTGGCGGGTTTGGCATACACCGCGATAGACGCTACGCCGCTGCCAATGTCCTGTGCCTGCACCGCTACGCTGATGGGCGCGGCAGTAAAGTTTTGGTTGGCGGTGGGGCTGGTGATCTGGACTGTCGGAGAAGTGCTGTCTGCCGTCACGCTGATGGCCACGCTGGTTCGGTTGCCCGCGGCGTCACTGGCAACGGCAGTCAGTTGGCGAGGCCCGTCGGCCAGATTCACCTGTACACCGGCGGTAGCGGCGTCCACGTCCGTTACAGCGTTGCCGTCCACGAGGTAACTGACGGTGCCTTCGTTGCTGGTGGCGTTCAGGGTCACGCGGCCCTTGGTCACGCTGCCTGCCGCCGGGGACTGCCACGTCACCACAGGGGCGGTGTTGTCTACGGTCACTGTGGCGGTTTTTTCGCCGGAGCGCCCCACGTTGTCCGTCACCACGGCCCGCAGGGTGTGTGCGCCGTCGCTGAGTTTGGTGGTGTCGAGGCTGAAGGTGTAGCGGCCATTCACGCCCGCGCTCTGTGCGCCGAGGCTGGTGCTGCCGTCGAGCAGTTCTACTTTGGCAATGCCGCTGCTGGGAGCCGCGTCGGTGGCGTCTACGGTCACGGTTTGCGTGCCGCGCAGGGTTCCGGCGGGCAGGGCTATGGCCGTTACGGTGGGATCGGTGGCGTCGGTGCTGCTGAGCTGTACCCGGACGCCCGTGACCGTGCTGAGGCTGGTGCGGCCTACCTTGTCGGTGGCGGTAGCGGTCAGGGTGTAGGTGCCGTTCATGGGTGCCCAGATCACGTCGCCCGACGCGCCTTGCAAGCTGCCCACGCGGGTCACTGCGCCGCTGGCGTCGGTGGCCGTCACGTCTATTTTTTCCACGCCGCTGCCCGAATCGGTGGCGTTCACTTTCACGGTCACGGGGTTGGCGGTAATGTTCTGGCCTTGCTGCGGGCTGGTGAGCTGCACGCTGGGGTTAGAGCTGTCTACCGTGACGGTTTTAGAGAGCGAATACTGTTTGCCGCCGTCGGTGACTGTGGCGGTCAGCACCTGCTTACTGCCGTCGGCGCAATCGGCCCCCAGCGTCCAGATGTTGCCTACCACCGTACCGCAGGTGGCCGAATAGGTCAGGGTGCCCGTCACGTCCTGTCCGTTGCGGGCGGCGCTGGCCCGCAGATTCACGCTGCCGTTGCCGCTCACGAAATCGGCGGCGGGGGTGAGCCACGTCAGGGTCGGAGGCGTGGTGACCGTTCCGCCGCCCTCTCCGGTGCTGGCAGCCAAGAAGGTCAGGTTGACGGTGCGGCTGATGCCGAAGCCCACGCTGTCTATGGCCTGAATGGTCACGGTGACGGTTCCGGCGGTGCGGGCCGTGCCGTCCGCATTTTTGCTGAGGTCGGCGTTCACCGAACCCGTTCCGGTGGCCCGCACCGTGCCGTTTTCCAGAATCCGTACAGTCACGCTGGCGGGCGTATTGGCCGCGTCGCCCCGCGTATCGCTGGCCCGCACCACGAGGGTCGCGGCGTCGCCCACCGTAAAGGTGGTGGCGCTGGCCGCAGCCGTGCCGTTCAGGGTCACGCTGTTCAGCACGGGCGCGGCGTTGTCTATCAAGAAGGGAACGTTGACGGTGGTGGCGAGTCCTGCATCGTCGGTGGCGACGACTTTGGCCGTGTGCGCGCCGCCCGTCAGTGCGGGAAGGCTGAGGGTCATGCGGCTGGCGGGCGTCAGTTCGGTCTCGGGGCCGCCGTCGATGCTGTACACCACTTTCTTGACGCTGCCTTCCAGATCGGAGGCCGTGACCAAGAGTTGACCGCCGCTGGCGATATAGGTGCCAGCCGTAAGCGCTGTTCCAGCCTCAGTTTTGATACTGACTTCCGGCGCGGTGTTGCTGCCGGGGGCAGGCGCACCTCCGCCGCCGCAGGCCGTGAGGGCGGCAGTGAGCAGCCACAACACGGGGCTACGCTGAGGCGAAAAGCTGCGGGCCAAAACAGAACGTGCTGGATTCATTCTTCAACTCCGGTGTCACTGATACGGAAAACGGGGATAGGCGCTTTGACGACGGGCAGGGTCTGACTGCGGCCCAGATCGTCCACGATGTTGAAAGTGACGTTCATAGAGAGGTTGGCCGGGCACGGGCCGTTGATACAGTCGTCCGTTGCCGTTTCGCCAATTCGCGGCGTCAGGAGTTGAATGGTGCCCGCGTTGTTGGCGGTGGGGAAGGTCTGCTGGCGGGTGTATTCCACCTTATTCACAAACGTGCAGGTGTCGGGGTCGAGGGCAGCATTCACGGTGCCGTCAGCCGCTTTACAGGCGTATCCCTGCCAGAGGCGGTCACCGAAGTTCTGCACGTACTGGCCGCTGGTATCGGCGTAGCGGTTGCCGCTCTCATCGTTGACGGTAATCTGGGCGCTCATGATCTTGCCGCCCACGCTGCCCGCCCGAGTGATAAAGGTGACCTGCGGCTGGTTCATCACAAAGAGGCTTTCAATCCGCTTGAGTTGTCCGCTGGTCTTGTCGAACACGCGCTTGATCGTGACGTCGATGCGTGCGCCGGACACGCTGGCCTGAGAAGAAAACTGCGAACCGGTGACGCTGCCGCAGGAGGCCAGCAGCAGGGGCAGGGCGAAGAGGGCGGAGGCGGCTAAAGATCGGTTGTTCATACGGGCTTTCATGCGGGCGCTCATACCTTGGGTCATTCGGTGTCCTCCGTCAGGGCAGCTTTTAAGGTGGGATTGAGGATGTAAAAGGCGAGACGTTTCATGCCTGCTAAGAAATCGACGTTTTCAATGGTGACGTTGCGCCACTCCTCGCCGGGTTCGCTGACGCCGCCGCGTTCGGTGGTACGCGGCTGAATGACCACCGGAGCAAAATTCAGGATGCCGCGCACGCCCGCGTCTACGAGTGCCTGCGCGGCGTCTTGGGCGCGGTCAGGTGGAACGGCCAAAAAGCCCATGTCTACCGGTGTGGCACTCACGAAATCGCGCAACTGCTCGGTGTGCTGCACGCGCAGATCGCGGATCTGTTGGCCCACGATCTGCGGATTGACGTCAAAGAGGCCCACGTACTGAAAGCGGTAATCGCTAGCCCCCGGATAGTTGGCGATGGCTTGGCCTAGCCGCCCCATGCCCACGATCACCACGCTCCACGTGCGGTTCAGGCCCAGCACGCGCACCAGTTCACGCTTCAGAATCGGCACGGTGTAGCCCATGCCGCGTGTGCCGAAGCGCCCGAAATAGGCGAGGTCTTTGCGAACCTGAAAAGCACTGACTTGGGCGCGTTCGGCAAGGTCGTTGCTGCTGGTACGGCTCACGTCCTGCGTTTCCAGTTGCTCCAAAATGCGCAAGTAGGTCACGAGGCGGCTGATGGCGGCGGTGGGAATATCGGCCATAGCTTCAGCGCACCCGGAACGAATCGAGGCCGCTGCTGCTCAGGCGTTCCTCGGCGCGGGTCAGGGCGTCGCCGCTGAAGGGGCCGACCAACACAGTGACCTTGCGGCCTTCGGGCGCGTTCACGGTGGGCGCGAAGCCCTGTTCACGCAGCGTGCCCACCAAATTCTGTGCGCCTTCTACCCGGTCAAACGCGCCGACTTGCAGGTACACCGGGCCAGTGGGAGCGGGCGCGGCGGCTTGGGGCGTGGGGGTTGCGGGTGCGGGCGTCACGGGTGCCGCCGGGGCGGGTGCG
NZ_CP011387.1_gap24	1158501	1162796	4295	GGGCCGCTCCGGCAGTCACGCGGGCCGTGGCGGCGTCCAGTTCCCGAATGGCGCGTTCAGACAGGCCCTGAGCCACATAAATGTCGGCGATCAGCAGCACGATGTCCGCCCGCGCAGGTTCGCGCTGCATCAGGGCGTAGGCTCCGGGCAAGGCCTGTGCGCCCTGTCCGGCCAGCGTTTGCGCCTGCACGAGCCGGAACTGCACGGCGGTGTCGTCGGGCGCGAGGGTGGCAATTTCGGTCAGGGTGGTGACCAACGCCGGGTAAGCAGCGGCGCGGGTCTGTTCGGCTGCGAGGGCGTCCAGCACCTGCCGCTGCACCGTCAGGGCTACCCGGCCACGCGCAAGGGTTGCCGCGCTGCCGTACAGCCGCAGGGCATCGTCGTAGCGGCGCTCGCGGGAAGCAATGACGCCAAGGTTGTATGGCCCCTCGAAGCGGTCAGGAGCCAGCAGACTCAGCTGCGTAAACTCGAAGTTCGCGCCCTTGAAATCGCCGAGGGCAAACAGGGCCAAACCGAGGCCGAAATGAGGCTCCGGCTGGGCATAATTCTGGGCGATCAGGGCCTCGAATCCAGCGCGGGCCTGCGGATATTTGCCCTCTTTGAGAAGGCTCTGGCTGGCCGACAGCTGTGTGGTCTGGGCCGGGGTGAAGGGCGTCGGGGCGGGCACGGCGGGTAACGCTACCGCTGCGGCCTGTTGGGCGTTTTGTACCGTCTGGGCGGCGTTTTGTGCCGATTGCAGGGCCGAGCCGAGTCCGCCCGAAGTGCCCTGCTGAAGAGTGTTCTGAATACCGATGCTGGTCGTGGTTTCGATCAGCGTCTGCCCCGCCGCGCTCGAGGTGAGGGCGAGCAGCAACAATGTCAAGGCCGGGCGAGTGGATTGCGTCACTTAAGAGCCTCCTGAGAGTCGGAAACGAATTGAGCCTAATCATCCGGTTCTTTCCAAACCCTTACTTTTGCAAGGGTACAGTGCCTGAAGAAGACAGGTGGGCTGAACTGCGCTGGGCGCACCAAATTGTCTCATGACTGAGAGGCCAGAGTGGTGGGAGAGCCGCTGGGTTTCTCACAGCGCGGCGGCTCCTGCGTGAGAAACCTCCCCCAGTCACGTAAAGACCGCCCATTGTATGAAGATGGGCGGCCCAGCACAGTAGAAAATGAAAGGTAATTTTACGCGCTCGCTGCACTCCCGGTCACGGCGTCGGGGCGCTTGAGGGCCAGTTGCCCGCAGGCCGCGCCCGCATCCTTGCCGCGAGAACGGCGCACGCTCACGTCCACGCCCCGTGCTTCCAGTTCATCGTAAAAAGCCTGAATCTCGGCTTCGGTGCTGCTCTCGAACCCCGATCCATCCCAAGGGTTCATGGGAATCAGGTTGACGTGACTGACAAGGCCGCGCAGCAGTCCGGCCAGTTCGCGGGCCTGCCACAACTGGTCGTTCACGCCGCGCAGCATGGAGTATTCAAAGGTCACGCGCCGCCCGGTGGTCGCCTGATATTCCCGCGCCGCCGCCATGATTTCCACAATAGAGTTGCGGTGTCCGGTGGGAATGATGCGCTGGCGGGTTTCCTCGTCGGGCGCGTGCAGGCTGATGGCGAGCTTGATGCCCAGATCATCCTCGGCAGCGAGGCGGCGAATGCCTTTGGGCAGACCCACCGTGCTGAGGGTCACGCGCCGTTTGCTCATGCCGAGGGCCTGCGGGTGCAGCAAAATCCGGGCGGCCAGCATGGTGTGATCGTAGTTCAGCAACGGTTCGCCCATGCCCATGAACACCAGATTCCGCAGTTCACGGGGCGCGATGCCCTCGCCGCCCGCGACTGCCAGCACTTGCCCCACGATTTCGCCGGGGGTCAGGTTGCGGCCAAAGCCCATCGCGCCCGTGGCACAAAAGGCGCACTTGGCGGGGCAGCCCACCATCGTAGACACGCAAATGGTGCGGCGATCCAGGTAGGGCATATACACCGCTTCCATCTGCCGCCCGTCGTGCAGAGTAAACAGGTATTTCACCGAGCCGTCGGTGCTGCGAACCGTTTCTATTTCACGGAACGGATTCAGTGCGTATTCTTCGCCCAATGTGGCACGCAGGTCGGCGGGCAGGTTGGTCATGGCTTCAAAGCTGCCCGCGCCCTGAACAAACACCCACTCCAAGAGCTGCCGTTTTCGGAAGCCTTCGAGGGGGTAAGAATCGGGGTGGAGGTCAAGCAGTAAACGCATCCGGCCAGTTTACGGGGTTGCGGCGATTGGGGGCAAGGAGTTGAGGCACGTTAGAGAGTCGGGGAGGCGCCCCCTCTTTCCCCTGCCCCTGCTTCCGCGTCAGGCCCGCCCTTCCGCCCCTGCCAATCTCACCACCGCTTCCAGTGCCACTTGCACCATCCGGTCTACGCCAGCAGCCAGCACATCGTCGGGCACCAATTGGGGATCGCCTATATCGTTGCTGCACGCGGTGAGGCAAGCGGCCCGAAGGTTATGGAGGGCAGCCACCAAGAAGATCGCGCTGGCTTCCATTTCGAAGCCCAATACGCCGCGCGATGCCCACAGGCGGGCGTGTTCGGGCGTGCTGGCGTAAAAGGCGTCTTCGGTCATCACGAGGCCGATATGGTGCGGGGCAGCCAAAGCGCGGGCCGCGTGTGCGGCGGCCTCCACAACCTCGAAGCTGGCGGCTGGGGCGTAGGGAGCGCCGCCCAGCAGTTGGCGGGTGGTGCCGTCATTGGGTACGGCGGCGGTGGCAATCACCAGATCGCCGGGGGCCACCGCCGGGGTCGCGCCGCCCAGTGTACCCACCCGGATCAGGGTTTTGGCCCCCAGCCGCGCCAATTCTTCGGTCACGATAGCTGCGCTGGGGCAGCCCATTCCGGTGGTTTGCACGCTCACGCGCACGCCCTTGTACGTGCCTGTGAACCCCAACAGTTGGCGGTGGCTGGTGTACTCGGTCACGTCCTCTAAATATGTGGACGCGATATGGCGGGCGCGGTTAGGGTCGCCGGGCAACAGCACGTAGTCGGCCACGTCGCCCGGCTGGGCACGAACATGAATCTGGCTCATAGAACAGAGTATAGAGAGGGAGACCTTCATCTGACCCGGCACGAGGCCCCGCGCCGCCGGAGGAGCGGCTGGAGCTGATTTTCCTTGGTGGATGAACAACGACTAAGTGGCACACCCATGAGAGAGTTCTCATGAAGCCGAAGCCTGAACACTCTGACAGGTTTCTCATCTGAACCGTTAAAGCTAGCGCTGCCAACACAAAAATTACTCTCATGTCGGAGGGCTTGTTTATCACGCCCCTCTTATATTCGTGAACTTTCAGTCAGTTAGGCAAAATCCTTTCAATTGCAGCGCAGTGAACAGTCTGATTGTTCATAGGCCACTCACGCCGACTGCCTACGGTATGCACAGGCAGGGAGGCGCTCCGCGTTCCCGTGCGCCATTTTTTTCTTCGTCCTCAGTCCCCATTCAAGGAGAACCACCATGCGTAACACCTTCATTTTGTCTTCCCTGCTCGCTCTCGGCCTCGGCATGGCCAGCGCCCAGACCGATACCGCCGCACCTGCAACCCCCGCAGCCCCTGCAACCGCCACCCCCGCGACCACCGCTGCTCCTGCACAGGTCGTGCAGTTTACCGATGTCCCCGCAGGCCACTGGGCCAAAGACGCCGTTGACCTGATCGTGCAGCGCGGCCTGATTCAGGGCTTCCCCGACGGCACCTTCCGTGGCAACGAGAGCCTGACCCGTTACCAAGCCGCACTCGTGTTCTACCGCCTGCTGCAAAGCGGCCAGCTCAGCAACTCCAGCCTGAGCGCCACCGACCTCGCCACCATTACGGCTGGCATGCAGGAAGTCAGCACCGAGCTGGCCGCCATCAGCACCCGCGTAACCGATCTGGAAGCGTTGACCACCGAACAGCAGGCCCGCATCACGGCGCTGGAAGGCCGCATCGACGCGCTGGGTACGCCCGCCGCCAACGCTGCTGGCGCAGACACCACCGCGCTGACTGCCCGCATCGACGCGCTGGAAGCTGCCATCCGTAACATTCCTGCTGGCCCCGCTGGCCCTGCTGGCGCAACCGGCCCTGCTGGCCCCGCTGGAGCCGCCGCCGACACCGCCGCTCTGGCCGCCCGTATCGCTGCCCTCGAAGCACGCGCCACCACGACGGGCAGCACCACCGGCACCGTGACCACCACGCCCAGTACTACCACCCCAGCGACGCCCCCCACCACTGTGGTCATCGGCAACACCGATACCGTCGTGGACGCCGTTCGCAGCACCAACCTGTACGCTGGCGTCAGCGTCGGCGCTCAGAACACCCA
NZ_CP011387.1_gap25	1182571	1185822	3251	CGCGCCCCCGGCCAGCACCGCCAGCGTGCGAACCCGGCCCACGTTCACGCCCAATACGTCGGCGGCAGCGGGGTTTTCTCCCACCGAACGCAGCGTGAGGCCGGAGCGGGTGGAATTGAGATAAAAAGCCAAAGCGCCCGCCAGCAGCAACGCGAACACTGTAAACGGACTGATGACGAATCCGGCCAAATTCCAATCGGGCACCTTGTTAAACAGAGGCGCACCCTCGTAGCGCTTGCCCAGCAGGCCCGCTGCACCCGTGCCCAGCAGGGCCAACGCCAGCCCACTCACAAACTGATTGGCCCGCAAAGTCACGGTGGCAAGGGCGTGCAGCGAGGCCAAGAGTGCGCCCGCTGCCGCCGCTGCCAGCACGGCCAGCCACAGATTTCCCCCCGGCGCAACTGCCACCGCGAAGGCCGCCAGTGCGCCCACCGCCATCATGCCTTCCACGCCGAGGTTTACTACGCCGCCCCGCTCGTTCAAAATTGCGCCGAGGCTGGCGAGCAGCAGCGGCGTGCCCACCGCCAGCGCCCGCACCAGCGCCTCTACAAAGACGTTATCCATTTGCTTTACTCCCTGCGGGACGGGCTGTACCCCACGTCACCCGGTTTCTGATAAACACCTCGGAACTGATCAGGCACAGCAAAATGACGCCGCTGAACACGTCCACCACGCGGAAAGGCATATTCAGGTCAATCTTGAGCAGGTCGCCGCCTGCCAGAATGATCGCCATCACGGGGGCCGTGATCAGGCACAGCGCCGGGTTGCCGCGAGCCAGCCACGCCACGATCACGGCAGTAAAGCCGTAGCCGAGGCTGATCTGTCCGGCTTCCAGCAGGCGGTGATGGATGCCCGCCACTTCGCCCGCGCCTGCCAAGCCTGCCATGCCGCCCGTGATCAGGGCCACCGTCGTTGCCACCCGGCCCGCGCTGAGGCCCGCGTACCGCGCCGCGCCGGGATTCTCGCCCACCACGCGCAGGGCGTAGCCGAACGTAGAGCGGCTGAGTACCCATTGCAGCGTCAGTGCGCCCGCCACCCCCAGCACCAGCGTGGGCCAATGCACCTGCGTGCCGGGAATCACGTCCAGAAAGCCGTTTTCGGGAAACAGGTCGGTGTAGATGTACCCGCGCACCTCTTTGCCCTTCCACGGCCCCGCGATCAGGTACGTCACCACCGCCACGGCGATGTAATTCAGCATTAGGGTGCTGAGAATCTCGTTGACGTTCAGGCGGCGCAGCCACGCGGCGATTCCGGCCCACAGCCCGCCGCCCACCGCGCCCATGATGAACATGGCAGGCAGCAGCAGCACGCCGGGCAGGGGTAAAAACAGCGCCGTACCTGCGGCGAACACGGCCCCCAACAGCACTTGCCCTTCCGCCCCGATGTTGAAGAATTGCGCCCGGAACGCCAACGCCAGCCCGGAGCCGATAAGAAGCAGGGGAATGGTGCGCCGGGCGACTTCGGCCAGTCCGGTGGAATCGCCCAGCGTACCGCGCAGCATGGTGCCGTAGACCGTGCCGGGGCTGACGCCGTAGAAAACGAAAATCAGGGCGCACAACAGCAGCGCCACGACAACGGCGGCCAACGTGACCCACGCGGCGCGGGCGGCAGATGGGGCGGACAGAGCCGTGAACCTCATGCAATAACCCCCTGATCTGCGCCGGGGATCACCGTCGGATGCGCCCCGCCCATCATCATGCCCAACGATTCCCGCGTGACTTCGGCCACCGGGAACGGCCCGCGCAATTCGCCGCCCACCATCACGCCGATTCGGTCAGACAAGCTCAGCAACTCGTCCAAATCCTCGCTGACCAGCAGCACGCCCGCGCCGCCCTCGGTGCGTTCCAGCAGCACCCGGTGAACCTGATCGGTGGCCCCGATGTCTAGCCCATAGGTGGGGTGTACAGCCAAAATCAGCTTGGGCGAACCGTTCAGCTCCCGTGCCAAAATCAACTTTTGAATGTTGCCGCCACTGAGCAGGCGGCTGGGGGTATGAATACCGGGAGTCGCCACTGAATAGGCTTCCACGTCTTGCCGCGCACGGGCGTCGGTAGCGGCGAGGTCGCGGGCCAGCCCCCTTGCCAGCGGCGCACGCGCATAGTCGCGCAGGGCCAGATTTTCGGCCACCGTCATGGTGGGCACGGTGCCGGAATGAATCCGGTCTTCGGGAATGTGGGCCACGCCGCCGCGAAAGCGTTCGTCGGCATTTCCGGTCAGGGGTTGCCCCGCCAGCGTCACCTCTCCCGCCGAAGCGTGCAGTCCGGCCAGCACTTCCACCAGTTCGCTCTGGCCGTTGCCCGCGATTCCGGCCACGCCCAAGACCTCGCCCTGACGCAGATCAAAAGTCAAGCCGCGCAGGGCAGGCAGACCGCGTGCGCCCAGTGCGGTCAGGTTCCGCACCGTCAAGAGCGGCGTTTCTGGCCTCGCAGCGCCTGTATCTAACCTCAGTGTGCGTTTGCGGGTAAAGTCCACGCTGCGGCCCACCATCATCTCGGCCAAATCCTCGCGGGTCGCGCCTGCCGTGTCGCGCCCGCCCACCACTTTGCCGCGCCGCAAGACGGTCACGCGGTCAGCCACCGCCAGCACCTCATCCAGCTTATGAGAGATGAAAATCAGGCTGCGCCCATCGGCTTTCAGCTCGCGCATCACGCGAAACAGGGCGTCGGCTTCCTGTGGGGTCAGCACGCTAGTCGGCTCATCCAGAATCAGGACTTGCGCCCCCCGCATCAGCGCCCGCACGATTTCCACCCGCTGTTTTTCTCCGGGCGACAGGTCGGACACGCGGGCCTGCGGATTCACTTCTAGGCCGTATTTGCTCGACAGTTCGCGCACCCGCCCCGCCACCCCACGCGCCGGGAACAAGCCGCTGCCCCCGCCGAGCGCAAGGTTTTCGGCCACAGTATGCCGCGCCACCAACAAGGGATGCTGCGGCACCAGCCCAATGCCTAATTTGAGCGCCTGCGCCGGACTGGTCACGCGCACGGGCTGGCCGCGCAACTCCACCGTGCCCTCATCGGGCTGATAGAGGCCGTACAGGATAGAAATCAGCGTGCTTTTGCCCGCGCCGTTTTCGCCCAGCAGGGCCAAGACTTCGCCCGCGTCTACGGTCAGGTCTACCGAATCGTTAGCCACCACGCCGGGAAACCGCTTGGTAATGCCGCGCAGCCGCAGCGCAGGCGGGACAGAATTGGCTTGTTGGGGTTGGGTCACGCTCTGAGTCACAGTCACCGTCCAGAAAGAAGGGGAGAGGG
NZ_CP011387.1_gap26	1200341	1203980	3639	CGGCGGAAGTAGAAGAAAGTGGGGAAAAACAGGGCGGGGAAGACGGGAAGGACTGAATGCTCTAGCCTTCCCGCATGACCATTCTTGTCATCGGCAGCGTGAATGCTGACCTGACCGTGCAGGCGGCCCGCATTCCGGCCCCCGGCGAAACCGTGCTGGGCGGCGACGCCCGCGTGTCGGCGGGAGGAAAAGGTGCGAATCAGGCGGTGGCCGCCGCTCTGGCAGGCGCACACGTCAGCCTGTGCGGCGCGGTGGGCGGCGACTCTGACCCCTTCCGGCTCCCGGCGTTGGCGGGCCTGACCCGTGCGTGCGTAGATTTATCGGGCCTGCACACGCTGGACGCCCCCACCGGGCTGGCCCTGATTACGGTGGCGGCAGACGGAGAAAACGCGATCACGGTTGCCAGCGGCGCGAATGCCCGCTTTGGGCCAGAGCATCTGCCTACCGACTGGGGCGGCTTCACCCATGTTCTGCTTCAACAAGAGCTTGCGCCTGCCGTGACGCTGGAAGCCGCCCGCCGCGCCCACGCCGCCGGACTGACCGTGCTTCTGAACGCCGCTCCCGCCCGCACCGCTGACCCAGACCTGTTGGCCCACACCCACCACCTGATCGTCAATGAGCATGAGTTGGCCGCGCTGGTGGGGCGAACCGTGGAGGACGAGACACTGGAATTGGCCGCCCATTCCCTGCTGGGGTTGGGGCCGAAGACGGTGACGGTCACGCTGGGTGCACAAGGGAGTCTGACCGTTACCCCAGATCAGACTTACCGAATCGCGGCCCATTCGGTGCAAGTCGTGGACACTACCGGAGCGGGCGATACGTTTTGCGGCGTGTTGGCGGCGCGGCTCTCCAGCGGCGACCCTTTGCCCCAAGCGCTGCATTGGGCGGGCGTGGCGGCGGGCTTGGCCTGCACTCGACCCGGCGCACAGGACAGCATGCCCGGTTGGGCAGAGGTGGTGGCAGCGGAGAGAATGCGCTAGATCATCGGTCATGGTGTTCGACGTTCTGTGCCGCCCAGACCACCAATCCCTGTACCCGCCCGTTCAGATCAGCGTCGATGGCCGGGTCACTTCTCCACCTGTCCAAGTTGCTGATCAGCGTGTGCCAAGGCTCTGGGAAGGTCAGGACTGCCCAGCGCACGGCGGCGGGTTTGCTGCCCAGTTGGCCTGTGCTGAGCGTGTGGGCAATGCGGCATATGGTTTCGGCAGCGTAGACGGCGTGGCCCCGGTGCCCCCAGCCGGGATCGTGGGGCGTGAGCGCGAAGGCCCGCCAATCGTGCAGGCGGTTCAGCACGGCGCGGCGAATGTGGGCCTCGGAGACGGGGGCAATCAGGGTGTGCGGCTCGGGGCCAAAAAACCGGCTTTCTCCGTGCAGCACGGCCCAGCGTTCCATTACCCAGTTTTCATGGTGAGTCTGCCAGTCCAGCACCCCGCCCCCGCGAGACAACGTGGGATGCCGCTCTTCTGGTCGCCATCGTTCGGCAGAGGCGCGGGACAGGTAGGCCACTTCCAACTCACGGCAATACGGCTGCCCAGAGGCAAACAGACGGATATGCAACGCGGCCAGCCCAGCGTATTCAGCAGGATCGACAGGCTGGTCTGTGATGCACAGAGCGTCCACATCGCTGGTCTCAGGGTCGAAGTCCCCCAAAGCGAGGGAGCCGCGCAGGTAGAGGCCCACCAGATTCGGCCCCAACACGGCTTGTTGTTCGGCCAGCAGGTGACCGAGTAGGGCGGTGACGGAAGGCGGCCACATGGCTTTTATCCTAAAGCTGCCCGCCCATTGCGCTGTCCTTTAACACCCCGCCCTTTGATACGCTGCCCCTATGCGTTACCGAGTCCCCACCGAACACGATTACGACGCCCTGCACGCGCTTGACCTCGCCGCCCTGCGCCATGCCGATCCAGCCTTCGACACCTTGCCCGACCGCGAACGCGAGGGCCGGATCTGTACCACGCTGCCCGCCCTCAAGTTTTATGAACGCAGCGAGCATTCTTTCGTGGCCGAAGATGACGGCGTGCTGCACGGCTTTATCTTCGCCCAGAGCGTATGGCAGGGAGACCGCCCGGTGGTGCTGGTACGCACGGTGGCCCTCGCGCCCCACGCCCAGCCTGATGCACAGGCCGCCACCGCCGAGGGGCTGCTGCACGCCACCGTCAAGAGTGCCTACGATACCGCCGTCTACGAGGTGCATTTTGCCGTGACACCCGCGCTGGAGGCCGCCGCCGTTGCCGAGGGCGCACATGTGCTGGGGCGCTACGCCGTGCGGCATCTGGGCACGCGGGCCGACACCGCGCCGGGTCAGAAGTTGGGGCCGTCAGAGTTGCCCGAACTGGGCCGTTAGAGCCTCTATACTGCTGCTTATGACGAAATCTGCAACCCGCGTCCTGCTCGGTGTACGCGGTATGAACCGAGAAGCAGGCGAAAAAGTGGCCGGGGCGCTGCTGGCGCTGCCCGGTGTCGTCCGTGCCATGCCCGACGACGGCCAAATCGAAGTGCATTACGATCCCTCTCAACTGACGGTGATGGACTTGGTTCGCGCAGTGCGCGGGCAGGGCTTCCTTGCCGGAATGCTCTAGACGCGGTGGCGTTGGGCTACGTCGGCGTGCTGACCATCCGCGTAGAAATGCCGTGGGTCAGTAACCTCAAGGAAAAACGGGCGCTGGTGCGGCCTGTCGTGGAACGCCTGAAATCCCGGTATCCCCTGACGGTGGCCCGCCTCGACGGTCTGGACGCCCACGACTGGGAGATCATCGGTGTGGCGACCCTCAGCAACGATTACGTGTGGGTCGAAGAAACCCTTCGCATGGCCGCCGACTACATCGCCCGTGAAGGCGAATACCGCGTGGCGTGGGAAACCACCGAAATCACCGTGCTGGGCGAAGATGACGGGGACGACGAGGACGAGTAGGCCGCAGTCCCATCAGCAGGAGCCACGTCAGCAGGAAAAGGGAGCCGTCGGCGTGACTGGCTCCCCTTCTTGTTGACGCGCCTGTTGTGTGTCGAGTGAACGTATCGGTGACCGTGTTCTAAAAGCTCCTGCCCCCACACAAGGCAAGAATGCTGCGGCTACCACGCCTTTCCCACTTCCTACTCAAGCTCTTTCAGACGAACTTGCTCTGGTTCCCGAACATCCGGTGGGGTTGCGGATGTTCGCACATCATCGCAAGTTGTGATTACTTGTTGACGCTGTCGAACGCTTCCGGGCGGGTCAGCACGCGCCAGTTCAGCACGTTTTCTCCGGTCAGTCCATCGGCGGCGACGGCGTTGGCGGCGCAGTCGTATTTGATGTTGGTTTTCCGCATGATCGGCCAGATCACGGCGGCGGCGCGGCCCGCGATATCGCGCTTGGGTACAGGCCCAAACAGGCGTGAATCCTCGCTGCCTTCCGGCGTGCGGTTGTCGCCCATCACAAAGTAGTGGCCTGCGGGCACCGTGATTTCGGGCTGGTCGGGCAAGTAGTTGTTGCGGCTGGACGAGGCCAGATTGGCGAGGTCACTCTGGGTGTCCCAGCAGCCCTGCTCGCGCCAGTAGTCGGTTGTCCAACTGGAATCCAACTTGGTGCCGTTCAGGGTCACTTCGCCGCCGCTGATACTGATCTTGTCGCCGGGCAGCCCGATCAGGCGCTTGATCAGGAAG
NZ_CP011387.1_gap27	1205976	1206663	687	TACGGCGTGGGCGTGTTGCTGGGCTGGGGGCTGCACGGCTCGGTGCTGGAATCCGGCGAAACGCCGCCCCATAGCGATGATCCCCTGTCGCATCTGCACATCATCCTGACCCGCCGAGACGCCGCGAGCCGCCCGAACAATGCGCTGTGGGCGCGGTCAGAGTTGCTGGCGTTGGCGGGATTGCCGTATTAGCGGGAGGGCTAGATTTTGGGGGCTTGGTCTAAGGGTCTAGGGTCGAAGGGTCTAAGGAAGGTCAGGGGAGAGAGTCTGCTTCACAGCCCATAGCTCAAGGCCCAGAGTCAAACACAGGAGAAGACAAGCCCAGACGACTTGTCTTCCCTGTCTTCCAAGCTCAGTTCAAGATGATTCTTGCCTCGTTGGGGCGCAGGGCGGCTGCGCTGGCTGGCAGATCGTTCAAGCTGCTCAGTACCGTTTGGCCGTCCATCCCCGCCACTCCCCGCGTTTGTGCGCCAAAGTTCAGGAGCACGGTCAGGCGCTGGTTACCCTGTGTGCGTTCAAAGGCAAAAACATCGTCGTGGGCGGTGTCTAGGCTGCGGTAATCGCCGCCCAGCAACACCGGATACTCACGCCGCAGCTTGGTCAGGGCGCGGAAGTAGTTCAGGTCGCTGTGTGGGTCGTCTTGCTGGGCCTGCACGTTTACCGTGTCGGCATCGGGGGCGAGGGGCA
NZ_CP011387.1_gap28	1215030	1218118	3088	GCCAGTGTAGACAGCGATGTGAGTGGGTTGGCCGCTCAGCACTGCTTCGAGCGCCAACTGCTGACGCCCGATGGTATTCCCGCCGCGCAGCTGTGTATCGGTAGCCATGAGGCCGTGACGTACCTGATCTGGCAGTCCTTTGCTCCGGTTTGGGAAGGCGTGGTGTACATCTACGACGGCTTCCGCACCGAGCAAAACCGCTATCTGCACGCCAAATTGCACCTGACCTTGGCCCTCGCCGCAGCGGGCGACGAAGCCACCCCCGGCGTCAAGGCCGCGCTGATGGCCGCCGAACGCGCCCTGCACACGCTCTGGCTGGCGTGGGCGGGGCATCAGGCCACCACGACGGACGCTCTGGCGCGGGCTGTGACGGAGTTTGGCGATCTGTAGTGGGGACAATGCTGTCAATGGTCAGTGGGAAAGGCGTGGTGGCCGAGTTCTTCTGGCTCCAACCGGGTTCAAAGAATCTGAACATCAGCGGCAGTACACCACTGCGTTTCACGGCGTATAGCCCATAACCCTAGACTCGCCACACCTGCCGCATCCTGCCACTCTGGGGGATGCGGCCTGACATTCTTGTGGTCTGCTTGGCGGGGCCAGTCGTGCAGCCACTTGTGCCTTTATTCCGCCCTAGCCGCCGAGGTTCGTGATAAAACTAGGGGCGTACCACAGCTTAATTTCCGCACAGGTTGTACGGCAAGTTCGTTTGGCCCCTCTCTTTTTTTCCTATTGCTCGTGCTGTTTTTCACGAGCTTGTAGGAAGTACGGGAGAGTTTGGGGCGCTAGGAGGGCAGTCTTATCGAATACGCGAATTTTGTCATCATGCTGCTGATCGCCGTTGGAATTGGCGTGCTGGCCGTCATCGTCAGCGCCATCCTGGGGCCGAAAAAAGCCAGCCGCGCCAAACTGATGGCCTACGAGAGCGGCAACGATCCCGAAGGCGGCGGCGTGGGCACCGGCCAGCGCTTCCCGGTTCATTTTTACCTCGTCGCCATGTTGTTCATCATCTTCGACATCGAAACCGCCTTCTTTTACCCGCTGGCGGTGGCCTATCAGAAGCTGATTCCCTTCGCCTTCTATGAGGCGCTGGCCTTCGTGCTGTTGCTGCTGGTGGGCTACTACTACATCCTGCGAAAAGGGGTGCTGGAGTGGGCGTAACGGCGGCCCGGCAGTGAGTGCTGCGCCGCGTAACACACGTCTAAGAGTCTGAGAACAGCACACGGCTCTGGCAATCCCACACTCTTGATGCTCAGGCCCAGACCTTTAGACCCTTAGACAAGCTCCTTACACGCAAGCCAGAGGTAGATGTATGCCACTCAAAGAACTGTTCGAACGCGACTGGCAGGAACTGGAATCCGAAGGCGTCCTGTTTTCCAGCCTAGAAAAACTGGTGGCGTGGGGCCGCAGCAATTCCATGTGGCCCGCCACCTTCGGCCTCGCCTGCTGCGCCATCGAAATGATGAGCAGCACCGATGGACGCAACGATCTGGCCCGCTTCGGCTCCGAGGTGTTCCGCGCCTCGCCCCGGCAGGCCGACGTGATGATCGTGGCTGGACGCCTCAGCAAAAAAATGGCCCCGATTATGCGGCGGGTGTACGACCAGATGCCCGACCCCAAATGGGTGATCAGCATGGGCGCGTGCGCCAGCAGCGGCGGCATGTTCAACAACTACGCGATTGTGCAAAACGTAGACAGCGTGGTGCCCGTCGACATCTTCGTGCCCGGTTGCCCGCCTCGCCCCGAGGCTCTGATCTACGCCGTGATGCAGCTTCAGAAGAAAGTGCGCGGCGAAGCCTTTGACCAGTTGGGCCACCAGTTGCCGATGGTGGATGCGTGGACACGGTGAAGGGGGGAAGACTGTGACGGGCGGTAATGATGGTTCTGGCAGCGGCGAAAAGCTGACCGGACGCAATGCCAGCATGCAGAGTTCTCAGAGCCAACCCGTGCGGCCTGTGGCGGAAATCCGGCCCGTGCCCGTAGACGACCCCAGTGTGGGGCGGCATTCGCTGGCCGCGCAGGGCCTCAATCCTGCCGATCCCCGTGACGTGACCCCGCTGATGGCCGCGCTGGGCCTCATCGAAGACGACGCTGCCGAACCCACCGCCATCGTGCCCGCCGAGCAACTGCGCGACATTGCTATGCAGCTCAAAGCACGCGGCTTCATGCTGATGGACACGGTGGGCATCGACTACAGCGCCTACACCAGCCCGCGGCCCAAGCGTTTTGCGGTGCTGCACAACGTTTACCATCCCGACGACCACCGCCGCCTGTTCTTGCGCGTGTGGTTGCACGACGGCGAACCGCTGGACAGCCTGTATCCGGTCTGGAAGGCGGCCAACTACTTAGAGCGCGAGGTGTACGACTTGATGGGTGTGGAGTTTGTGGGTCACCCCGATTTGCGTAAAGTCCTGACGCCCGACGATCTGGAAGGCCACCCGCTCCGCAAGGATTTCCCGTTGGGCGAAACGCCGACGCTGTTCCGCGAGGGCCGTTTCCTTGACCCGGCCACCTTCCGCGCAGGCCTGAGCGGGCAGCAACGCGGCCTGACCGGATACCGGGGAGAGCTGCGCCGGGGCCAGGGCGAAGACCGGATGCCGCCCGTGATGCCGGAAGGTGGGCCGAAGTGAGCGGGGCGGTCAGTGGAAGCGTGCGAAGGGCGTCTAAGGGTCAAGGGTCACAGCGTTTATACACACAGTGTCTAAGAACAGAGCAGACCCAGACATTAGCGGCCCAGCACCTTAGACCCTCAGACCCTTTGACCCTTAGACCCGCGCTGGAGGCAACCCCATGACGGTCACACAGTCTAAAAAGCTTGCCCCCATCGAGCGCGATACCGAGAATTCGGGCGCACTGATGCACACCGAGATCATGAGCCTGAACGTGGGGCCGCAGCATCCCAGTACGCACGGCGTATTGCGGTTGGTGGTCGACATGGACGGCGAATACGTGATCAAGGTGACGCCGCACATGGGCTACCTGCACACGGGCTTCGAGAAAACCTTCGAGAACCGCACCTACCAGCAGGGCGTGACCTATGCGCCGCGCACCGACTACCTGCACTGCTTTGGGCACGAGCTGGCCTACGTGC
NZ_CP011387.1_gap29	1272596	1277174	4578	TGGTGGCCCGTATCCTGTCTCCCAGTCTGGCGCTGGAGCAGGCCCCGGCTGGCCCCAGCAAACGCGGCCCGGTCACGCCCCGCACGCCCGAACCCGGCGGCGTCTTTGTGGAGGGCCTGACCACCTCCAGCAAGTTGTCTCAGTGCTGCAATCCCATTCGCGGCGATCAGATCATGGGCTACCTCACGCGGGGCCGGGGCGTCAGCGTTCACCGGATCGACTGTCCCAACATGATCCGGTTGCTGAAGGACGAACCCGAACGCTGCATCGCTGCGAGTTGGGACGCGGGCACACCGGGCGGCACGATTGTGGATTTGGACGTGATCGCGCCGGATCGTCCGGGCCTGCTGGCCGACATTTTGGGCGTCCTGAGCGCCGAAAAACGCAGCCCCATGAAAATCGAGGCGGGGGTGAATGCCGACAACACCGCGCATATTCACTTGCGAATGGCCGTCACGGGTAATGCCGACCTAGAGTTGGTACGCACAGCCATTTTGCGCGTGCAGGGCGTGCAAGACATCGTGCGGGCGGGCCGGGGGAAGACTGGGACGCGGAAAAATGGGATGAGCGCTTAGGGGAATGGAGTCCTAGTTTCTGGGTGAACCCCCCAGTCTGCTTCGCAGCCAGCCCCCCTCAAGGGGAGCGCAAGAGCTTTTGCCCCCACCTCTCCTGCGGAGCTTTGCAAGTCTAAGGGGGGGCGTTGCGCCAGCAACGGGGGGGTTCGCCTTCCAAATCAGCCAACACTTCCCATTCCCCAACTTTCCCTAAGCCACACGGCGCACGATTCCAACCCCACCACCTTGTTATGCTCACAGGCGATGTCGTTCGATGCCCGCGCCCTGTCTGCCCTCGATTTTCCCCGTATCCGCCAAGCTTTGGCCGAACGCAGCGCCACCTCGTTGGGGGTGGAGCGGGCGCAGGCGCTAGAGCCTTCGGCGGATGGGGGCCGGATTGCCCGCGAACTGAACGAAGTCGAAGACGCCATGTTCGGCGTGAGCTTGAGCCTCGGCGGGATTCAGGACATCCGCGACCTGCACGGGCGGGCCATAGAGGGCCGGGTCTTATCGGGCAGCGACCTGCTCACGGCGGCCTATTCGCTGGACGGGGCAATGACCGTCAAGCGGGCCATCGGGGCCAATTCACGTGGGCCACTGCGGGAAGTGGCACACGGGCTGGCCGACCACAGCGAACTGGTACGGCGCGTGCTGGGCGCACTAGACCGTGACGGACAGGTGCGCGACGACGCCAGCCCCCGCCTGCGCGACCTCCGCAAACGCATAGAGCCGCTGCGGAGCCGGATTCGGGAAAAGCTCTCGGCCACGCTGGAACGCTGGGCCGACGTGTTGCAGGAAAATATCGTGACCATTCGCCGTGACCGCTACGTGCTACCCGTGCAGGCCAGCCGCGTGGGGCAGGTGCAGGGCATCATCGTGGATGCCTCGGCCACCGGGCAGACCTATTTTGTAGAACCTGCCACCGTGACGCCGCTGAACAACGAACTGGCCCGCCTGATCCTCGATGAAGAGGCTGAAGTGCGCCGGATTCTGACCGAATTGTCGGGCCTGCTGGCCGCCGATCCCGACGTGCCGCTGACGCTCTCCACCATCGGTACGCTCGACCTGATCGCCGCTAAAGCTCGGCTGGCCCGTGACTGGCGACTGAACCGCCCCGAACCCGTGACCGACAATGCCTACGACCTGCGCGAGGCCCGGCATCCCCTGATCGAACATCCTGTGCCCAACGATATTCGCCTCGGAGACATCAAGCTGCTGCTGATTACCGGGCCGAACATGGGCGGCAAGACGGCCACCCTCAAAACGCTGGGGCTGGCCGTCCTGATGCACCAGTGCGGCATGTACGTGGCAGCGGCGAGTGCCAAACTCCCCGTCGTGCGCGACGTTTTGGTAGACATTGGCGACGAACAGAGCATCGAGGCCAGCCTGTCTACCTTCGCCAGTCACCTCAAGCACCTGCGCTTCGTGCTGCGGCATGCGGCCCCCGATACGCTGGTGCTCATCGACGAGTTGGGCAGCGGCACCGACCCAGACGAGGGCGCGGCACTCTCTCAGGCGCTGATCGAGCAATTGCTGGGGCAAAATGCGCGGGGCATCATCACCTCTCACCTGTCGCCCCTCAAGCAGTTTGCGCTGGAAACGCCGGGGCTACGGAACGCCAGCATGGGCTTTGATCTGGCGACCCTCGCGCCCACCTACCACCTGCAAGTCGGGCAGCCCGGACGCAGCTACGCGCTGGCAATTGCCCGCCGCATGGGCCTGCCCGAAGACGTGCTGGTGCGGGCCGAAACCTTGCTTGGCCCCAACGCGGGCCTGATGGAACGCATGCTGGAAGGGCTGGAACACGAGCGGGCCGACCTGTCGGAGCAGTTGGCCGCCGCCGTGTCGGCTCGCCGTGACACTGAAACCGAACTGGCCCGCGTGCGGCAGGAAAGAGAAACGCTGGAGCAGCGGCGCAACGAGATGCTGGCCGAAGCCGCGCAGAAGGCCGAAACCCTGTATGCCGATGCCATAGAGCGCGTGCGAACCCTGCGTGCCCGCGCCCAGGAAGACGTGGCCCGCCCCCGCGTGATGCAGGAACTCCGCGACCTGCGTACCGCCGCCCAAAAGGCCCGCCCCGCACCGCCCGCCCCCCGCGAGGAACGCGGCGACCCGATCCGGGTGGGCAGCAACGTAGATGTGCCCGCCTACAACGCCACCGGGCAAGTGCTGGAACTGCGCGGAGACGACCTCGTGGTGCAGCTCGGCGTGATGAAGGTAGGCGTCAAGCGCCGTGACGTGCGCGTGAAGCAGGAGGCCAAAGTCAAAGCGCCCCGCGTGTTCGTAGGAACCACCAAAAGCACCTTCCAGAACGAGCTGCAATTGCGCGGCATGGGTGTTGAAGAAGCGGTGGAAGAACTCAGAACCGCGATTCTGGAGGCGCACGCCCTCAAGGAAAGTCCGCTGCGGGTGGTTCACGGCAAGGGTCAAGGCGTGTTGCGCCGCCTGCTGCGCGAGTACCTGAAAAACGACAAGCGTGTGGAATCCTTCCATGACGCCGAGACCAATCAGGGCGGGCACGGCGTGACCATTGTGAACGTAAAACGCTGAAGCTCCCCCAGTGTCTGAAGCAGTAAAGTCCGGTTTCTGTGTAAGCCCGATCACGTAGTTCATCTTGAAAACAGGCAGCATGCCGGAGTGCCCCATTTCTCTTCTCTAAGCAAGAGTTTCTTGATCAAAGCAGGCTTTGCTGCCTTGGCTCTGGCCGCAGTTGCCCCCAGTCAAGCCCAATCCACGGCCCCCGAACCCTTCCGCTTTCAGTTTCCCGCCGGATACTTGGGCCGCTTGGGTGGCACAGAAGGAGTCGTCGATTTTGGCGGTGAAGTGACCAAAGTCAATGCGTTCGGCGTCCGCGCCTTCCCGCTGCCGACTGTGCAAGACCTGCGCGTGGTGTTGGTCAAGCACAACAAGTACTGGGAATACAACATCAGCACACGCATCAAAGACACCACACTCTTGGCCGGAATCGTCAACAACGGTGATGCTGCCGCCGGAATCGCTAAACTGGAAGTCACGCACGACCCGTTCAAGGGCATTCAGTACGGCGCGTCTATCCAGCAGTCGCAACTCGCATCCCGTGATTCCAGTGCCCGCTTTAATGTCGGTTACGCTTCGAGTGCTTGGCAAGACCGTATTCGTATTCTGAATCTGGTGGCTTTCAGCCTCGATTCTGTGACCACCACTGAAACCAGAGACGAGCAGTCCGTCGCCATTACGCGGGCGACGGCCACGCCCTACACTTTCTCCCAAGTCAACGGCGGGTACGGCGAGCCTATCGGCCAGCAGTTCAACTGGCGTTTAGACAGCACTGCCCGCCTGTACACCTTTCCGCTGAATGACAAGGCGCAGTGGAGTCTAGATGTGACGCCCTCGTTGGAATATCGTCCGGTGGCAGGCGTGACCCTCAACTTATCGCATCTAGAGCGTTTTGCAGGCGGCGAAGTGGCTTTGCCTAGCCTCAACCTTGTCCGCCATGAAGAGTCTAACGCCACGATCACCTACCGCATTCCCGGCACGCCCGAATTTGGGTTGGGGGCGCTGCGGGTGCGCGGAACCCGCAACTGGACGAGCGATTACACCTACCTCCGCAACGACGTGCTGCTGAACATCAAAGCCTTACCCTTCCTGATCGGCCCCAGCATCGGCTACCAGTGGGGGCCAGCCAAAGACGGCAGCGCCAGCCAAATGCTGTACGCGCTGGTGGTCATGGGCAAGTAAAGCCACTTCTTGACTTCTTCTCGGTGAATGAAAGCCCGCACAGCAGAACAGGCGGGCTTTCACGTCATTCCTGCTCGGCTTCAGCTTCCGGCGGTTGCGTGCTGGGTTCGCCGTTGTCCACGAAGACGCCCTGTTTGGGCATGTCGGTAGATTGCAACACGTTGCCTTCGGGATGCTGCTGGGCCTGCTCGTCGGCTTGGCGATGTTGGCGGTCTGTGGGTTCCTGAGTCATACGGCAGGGTAGGGGAGAGTCGGGGGGCCGCGCACGCAGGATTTCCTTTATGCAACCGGTTTTTCCTTCGTGCGG
NZ_CP011387.1_gap30	1288840	1290579	1739	TTTCAGTTCGCGGGCGGCGGCTTGGGCAGGCACGTAGGTGTAGGCGCGGGTGCGGTCTGCCAGCCGGATGCCGTCCCAGCCGATCACGGCATTCAAGCTGGGGCTGTCGGCATACGAATAATCGTAGTAAGCCAGAGAATCGAGACCCACCAGCAGTTCGGAGGTGCCGTCTTTATTGAAATCGACCGGCAGGAAGCCGTAGTTGCCTGCATCCAGAATCCCTATGTTTTGCACGCCGCCCGTATCCTGCGTAAAAATGTGCGCGGTGAGGCAGCAGTGCGCCCCGCCCGAAAACGTGCTGACCACCAGTTCGGGCAGTCCGCCGGGCCGCAACTGCACCAACTGGACACCGATGTCGAAGTCCGAAACCGTGAAAATGGTGCGCGTGCCGTTGCTGAGCGTCAGTTTGGCGGCGGGCATGCTGTTGTCCGTCATGGGCGCGCGCGTCAGCTTGATGGTCAATCCGCCCCATGCAGTCGGCGTGGGCGGAGTTGCGGCCTGTGCCGAAACGGGAGCGACAACCGGGGACAGGGCCAGAGCAAGAGCGAGACACCCAGAGCGGAGATTCATGGCCTCAGCCTATGCCGAAATGGTGAGGGTAGGGGGACATTTCAGGTGATCCCCCCCATTTCCAGCGCCAATCCCAACCCCAGCAGGCGGTCATCTTGCCCACGCGCCATCACCAGTTGCACGCCGACATATTCAGCTTGGGTGGGCAGGGCCAGCGCCGGAACCCCCAGCAGACTGAACGGCGCAGTCAGGCGCAGCACGGCGCGGCGCAGGGGCAGCGGGCCGCCTTCCAACTCTGCGGTGTCTTGCCCGATCAGCGGGGGCGGCGTGGGCACGGCGGGGGCCAGAAGCACATCAAACCTGCTCCAGAGGGCGTCGAGAAGCTCTCGGTGGTCGGCGCGGCGGGCGTGAGCAGCGTCCACCTCTGCTGCCGCAAGTGCCGCCCCCTGCCGCAGCAATCCCAGCGTAAAGGGGGTAAAACCGGGGTCATCCTGCCGCAACGCCTCCCGGTGAACCTGTGCCGCTTCACTCAGCACAATGGGGGTGTAGGCGTCCAGCATCTCGGGGAGCACGGCGGGGGAGAGGTTGGCCCCTACACCCTCCAACCTTGCCGCGAACGCCTCCACCGCTTCCCGCACCGGGCGGTCTGTCCAGCCTTCCGGCAGCCACAAGCCCACGCGTAAGCCTGACCAAGCTTGGGCTTCAAGTTGTCTTCCAGTCAGGGCAGTGTGGACACGGGCCAGCGTTGTCACATCCCGCGCCAGTGGGCCTGCATGGTCACAAGTGGGACTGAGGGGCAGCACGCCCGCCAGCGAATAGTCGGGATGATCCTTGCTGGGCTTGAACCCCGCCACGCCGCACCACGCCGCCGGAACACGGATACTGCCGCCGGTATCGGTGCCGAGAGCAAAATCCACCTGCCCCCCTTTTTCCCCAGCCAGTGCCACGCTGACCGCTGCCCCGCTGCTGCTGCCGCCCGGACTGTGCCCCGGCAACGTGGGGTGTTCGGTGCCGCCGTAGCCGTTCATGCCCGTGATGCCCAGCGCGATTTCATGCAGGTGTGTTTTGCCCACCGCCGAGGCTCCCAGCTCCAGAAGGCGGCGCACCAGCACGCTGTTCCCCGGAGCGGGCACAGGGGCGCGGGTGCTGGCGGTCAGGGGCCAGCCCTCCACGCCGTACAGGTCTTTGACGCTGAAGCGCAGGCCCGACAATGGCCCGCCTGCCTGCCC
NZ_CP011387.1_gap31	1482650	1485032	2382	TGTACCTAGACGCCACCTTTTTCCCGCTGCTGCGCTACGAATCCTTTCGGCAAGACGGCCACCGCTTCGAGTTCGAGAAGTTGGACGACCCCACCAGCACGCTGAAATTGCAGGGCGTGGTGTACAACGAAATGAAAGGCGCGATGGCGAGCGCGGGGGCCGTGATGTGGCGCTCATTGGGCAAGGCGCTGTATCCCGACCTGACCTACGCGGTCAACAGCGGCGGCGAGCCGAACGACATTCCGGGCCTGACTTACGACGGCCTGCGAGCTTTCCACGCGGCGCATTATCACCCCAGCAACGCCTTTTTCTTCACCTACGGCAATCAGGATTTGACCCGTGTGCTGGACGAAATCGAGTCGCATGTCATGGCCCGTTTTGCGCCGCAATCGCTGGACGTGAGCGTGCCCGATCAGCCCGACTTTGCCGAACCGCGCCGCGTGGACGTGACCTATCCGGGTTCGGATGTGGAGCGCGGCGGACAGGTGCTGTTGGCCTGGAAACTGGGCCGCTCCAGCAACCCCGACCTGAATCTGCGTTGGAGCGTCCTCAGCGACGTGCTGCTGGGCAACCCCGCCGCGCCGCTGACCCGCCCTCTGATCGAATCGGGTATCGGTTCGGCGCTGGCCGACCTGACCGGATACCGCGATTCCTTCCGCGAGGGTGCGTTCGCGGTGGGCCTCAAGGGACTCAGCGCGGGCAAGGCCGCCGAAGTCGAGAAACTGGTGCTGGACACGCTGGCGGGCATTGCGCGGGACGGTATTCCCGCCGACCTGATCGCCAGCAGCCTGCATCAATTCGAGATCGGGCAAAAGGAAGTCAGCAACAGCGGTTATCCGTATGGTCTGCAAGTGATGTTCCGGCTGATGGGGCCTTGGCTGTACGGCGGCGACCCGGTCACCGGATTGCGGTTGGATGCCGAACTGAACAGCCTGCGCGCCGATCTGGACAGTGGCAAGCGCGTCTTCGAGTCCATGTTGGAAGAACTGTTGGCGCTGCCCCACCGCGTCACGATGGTGGTCACGCCCGATCCGCTGCTGGCGTCGCAGGCCGAGCAGGCCGAGCGTGAACTCGTTGAGCGTCTCAGCAAGGATTTCACCGATGAAGACCGCGCCCGAATTGTGCGGGAGAGCCTGCAACTTCAGTCGCTTCAGGCGCAGGAATCCGACCCGAATGTGTTGCCCACGCTGGCCCTCAGCGACGTGACCCCCGGCGTGCAGCGCCCCGACTACAGCACCACGCAAGAAGGCCGCGCCCTCGTGGGCCGTGTGCCCCAACCCACCGGCGGCCTGAGCTACTTGGATGTGCAAATCCGCCTGCCTGACGTGCCCGCCGAGTTGCTGGACGTGCTGCCGCTCTACACCTATGCGGTCACCCGCAGCGGCGCAGCTGGGCAGGACTACGCCGAATTGTCGCGCCGCATAGAAGCCGTGACGGGTGGCGTCGGCGCAAGCGCGGGCGTGGGCACCGCCCCCGACGACCTGAGCGCCGTGCGGTTGGCTGTCACCTTCAGCGGCAAGGCCTTGGCCCGCAACGCCGAGGCGCTGGTGGCCGTACTGCACGACCTGATCGCTGCCCCCGAATTTACCCGCGAACGCACCCGCCAACTGCTGGAGCAGCGTCTGTCGGGCATGAAAGCCAGCGTGGTGGGTTCGGGCAGCGCCTACGCAGACCGCCTCGCCTCGGCACAGGTCAGCGCCGCCGCCGTGCTGGAGGAACGCTTCGGCGGACTGACCTCGTTGGCGACCCTCAAGGCGATTGTGGAAGGGCCAGAAGGTGAATCGGGTGCGGAAGGTCTGGACGCCCGAATAGACGCCCTGCTGGGCCAATTTTCGCAACTGCAAGAGCTGATCACGCGGGGGCAACCGCTCCTCTGCCTCACCGCCACCCCCGACGATATCGGCCTAGATGTGCAGCCCATCACCACGCTGTTTACCGGAGACGCCCCCACCGGACGCCCCGCGCTGGCCCCGCTCGCCACTGGCCCGCAGGCCCGCACCACCGATTCTCCGGTGGCTTTCAATGCCATTGCCTACCCCACCGTGCCCTACACCCATCCCGACAGTCCCGCGCTGCTGGTGCTGTCGCGCCTGCTCAGGAGCGAGTACATGCTCAAGGAAATCCGCGAAAAAGGCGGCGCATACGGCGGCGGCGCAGGTTTCGACACGCGGGGCGGCGTCTTCTCTATGACCAGTTACCGTGACCCGCACATTGCCCGCACGTATCAGGTGTTCCGCGACGCCCGCGCCTTCCTCGACACGCCGCTGGGCGAGCGCGAACTCACCGAAGCCATTCTGACTGCCAGCAAAATCCTAGACCCCCTGACCAGCCCGGACACGGTGGGCCGCCTGCGCTTTTACGGCGATCAGGCCGGATTCACGC
NZ_CP011387.1_gap32	1609752	1613831	4079	GCGCAAGAGGCCAGCAGGGGACTGCCTGCGCAGTGCAGCGCGCCGGAAGAGTTGCTGAGTGTGGCGGTGGGCGGAACTGAACGCGGCACGTTCATCGTGCGGGTCAGCCGTGATCCCCAGGATCAGGTGTCGGTACTGCTGCCCGCCGCTGCCCTGCGCCCCGCAGAACAGACCTACATTTTGCAGCGGCTCGACTGTGACGGCGAAGCGTTCGTGATGCTGAAACCTGAGCTTCAGGTGCGCTACGACCAGAGCAACCAAGCTGTTCGTGTGTCTCCGGCACTGAATCTGCTGGGCAGCGGCAGCGTGGATTTAAGCTTGCCTGATCCGGCACAGGACACCGCCAGCGAGCCTCAGGCCCAGCGGTCATCTTGGGGCATAAACGCTGGAGCGCAGGGCAACGCGACCTACCGCCAGAGGGACGGAGCCGGATTGGACGTGCCCAACAGCTATACGGGCGCAGGTTACGTGGGGGTCGGTGCCGCACAGGGTCGGCTGGCTGGATACGCCGGACTGTTGGCCCGCACTGGGACGGCGACCCAATCGGCGGCAACCGAATTCCGGGGGGTGGCGCAGTTCACGGTGAATCCTAATCTGGTGGTCTACGGCGCATGGAATGCCAGTCCAAACGGCAACGATCCGGGGTTCGCCTCGTCTGCCTTCCGGGGAGTGGCGGTTTCTGCACGGGGCGGCTTTACGCGCCAGCTTGATGAACTGGTCATCGAATTGCCCGTAGATGCAGAGATCGAAGTCACCGTCAATCTGAAAAGAATCCGGGCCTTTCGGGCCACCGCCGGGTCGTTCACGCTGCGTAACATTCCGCTCAGCGTCTCTGGCCCCAGCCGTGTCGTGGTGTATATCACCGACGAGAGCGGCACCCGGCAAGTGACCACCGATGTGCCCGGCAGCTTGCGGGCGCTGCCCCCCGGTGCGTATCTGGCCAGCGCTCAGGCAGGGGTCTCCAACGGCACCCTGTTGGGCTACGGCGCAGTTCAACTGGGCCTGACGAACGGTTGGGCGGTCAGTACTCAGGCCGCCGCACAGCGTTCCCCCTCGGCAGAAACCAGCTTTTCCGTGCGGGCCAGTGCCACTTACACCCAAGACCGCTTCAGCTTTGCGGGGGCACTGGAGGCCACCCGTGCCACCACTTCGGCGGGGCAAGTCAGCCAGGGGTTGACGGCCAACCTGAATGCCGGAACAGGGGTGGGGGCCGCACAGGTGCAGGGCTTTGTCATCCTGCCCCTGCATGAGTTGCGGGGCAGCGTCGTAGGAGCCAAAGCCTCGTATTCCAACCGCAACTGGCTGGTGGGGGCCAATGGTTCCACCGGATTTCAGCCGCAGACCTGGCAGGCGGGCGCTTCGGCCACCTACTTTTTTGGTCAACGGGGCAGTGTTTCGGCCCAGGCCGATGTGTTGCCCGGCAGCTACCGAGTCGGCCTGAGTGCGTCGTTCATCCCTACGCCCAACCTGCAAGTGGCCGCGCAGGTATCGACTGCGCCCACAGGAAGCCAGATCAGTGGCAGCCTGGGCTATCAACTTAGCCCGGCTCAGGCTATGCGCCTCAACGTGTCATCCAGTGACGCCGCACTCTCCTACGCCTATAACCGGGAAGTGAATGTGCAGGCGACTGTGGGCCTGCGTGGCGCGTCGGCACAGGCGACTGGCGCGCTGATCTTGACCAACGGAACGGTGCAGCTCAAGCCTGCTTTGGCCCAGAAAGCCCTCTTAGTTCAGACGGGCATACCCAATGTGCGCCTGCTGGTGGGCGGAACGGTAGTCGCAGTCACCGACGCCCGTGGCGAGGCTCTCATTACTGAACTGCCACTTGGAGAAGTCGTGTCGGTGCGAGTCGATGTGGCGTCGCTGCCATTTGGTGTAGCCCTGGGAGCAGAGCAGCGAGAAATTGTACCTCCACTCAGCGGCGTCACGGTGGTGGACTGGCGCGAAAACTTCAGAGCCTTCCGCTTCGTGCGGTTTTTCTGGTCGGAACAGGAAGTCGCCACCGGAACTGACGTGCTGATAGATGGCGAGCGCGTGCTGGTCGACGACGAGGGTTACGGTCTCACTCCCAGTTCTTCGGAAGTCCTTCGGGGCGAGATTCGCAGCAACACCAGCGCCAGACGGTGTCAGGTCGATATCCAGCCGGGCGACGAACGTGCAGTCTGTACGCCCAGTTCAGCGGCCCAAGATCAGCTGACGCAGGATCAGTAAAAGGCCACGACTCCCGAGTGCTGCTCCTGCTGCTCGGCGTTGGCTGCCGCAGCGAAGGCGTAGCGGTTCAGCGTTCCGCCCTCGGCGGCGGCCTCTGCGCCGACCAAGGCAAGCTGCTGAGGCGGCAACTGGCCCAGTAAAGCAGGCAGGGTGCGCGGGTCTGCCGGGCTGAAATCTTTGGTACAGCGCAGCGTGACGCCTGCTGCATCCTGCGCCTGAATCTGGCAGGTGCCGACGACCGTGACCGTGAATCTGATGGTCGTTTGTGCCGCCGACGCAGCGCAGGCCGCCGAGAGCAGGACGGCAGCAGTGGTACGAATAAGCAGTTGTTTGAACTGTGGCTGGAACATAGAGCCTCCCCGGTGGAGGTGTTGCGCCACATCCAGCAGCGCTCGGCCCTCACCTTCATACGGCTCAGCGTAGGAGGCGGCTTCTCACGCGCTTCTCTCTACAGGCGAGATCAATCCAGAATTTTCGACGCGGCAGCACAAGGGGCGTGAACTAAAGCACGCCCTGTGAGGTGTAGGTGCGTTGTGCCGGACTCAGCGGCCCAGATTCAGCGACACCTGGGCCGTATCGGCAAAGGGCGAGACTTTCACGGCGCGGCCCACATCGACCAGAAACACGTTCCAGCCGCGTTTCAGGGTGGCCTCGTAGCCCCGGTTGGCCTTCACGGTCACGTCGGTGCCCACCCAAGCCACGAACACGCTGCTGTTGCCCGAATTCAGCGTGACTTCGTTCAGGGGTTCGTTGTCGTCGCGCTGGCCGCTACGGTTGGTGTCGCGGTAGGTAAAGAACTTGACTTCTGCCGTTTGCACCGGGGCGCTGACCGTCACGGGGTCGATCACACCGGGCCAGCTGACATTCTGGGCGCTGAGTGTAGTTTGGGCGCGGGCGCTGGGAGCGATGGCAGGCAACTCCAGCCGGAATTTGCCGCCGTTAATGGGCACGCTCACGATTTCCTGTACCGCCTGACCGCTGGGGGTCACGGCCCAGCCGCTGATGCGTATACCCTCGGCGGCGCTGCCCGTTACCGTGCCCGCGATGCTTTGCGCGGACGCCGGGGCCAGCGTTCCGAGTCCCAGCAGGGTCAAGGTGGCGAGGGGCCGAGCAGTGAGGTTCATACCCATATTCTACTCGCGGGCCTGATGGTGTTGTGACGACGGATGACGATTCCTTTACGTCCACGAGAGCAGAACAGCATGAGAAAGAGGCCAGAGCGTGTGCCCCGGCCTCTCCCCTGTTTTGCTTGCTCATACAGATTCCGGCCATTCCGTTATCCTCCGGAAAAACACCGGAGGATAACTCCATTCTGGAATCCGTACTGTTTCCCACTCGCTCTGCTGCGCAGCTTTGCAAGTCTGCTCGGATTAAAAGCCCAAATACATGGCTTTTAATCGGAATCAGTTCTGAATATTCAGGGCTTTCTTGACCATATCCATGATTTGAGGCATGGTGTCGGCCACAGGCACGTTCACGGCGGCGAAGGCAGCCAGCTTGCTTTCAGGCGTGCCCACGTTGCCCATGATGATGGCTCCGGCGTGGCCCATGCGCTTGCCAGCAGGAGCGCTGCGGCCCGAAATGAAGGCGATCACGGGCTTTTTCATGTGCAGACCGATGTACTCGGCGGCAGCTTCTTCGTCGGCTCCACCGATTTCACCGATGAGCACAACGGCGTCGGTGTCGGGGTCGGCTTCAAACATGGGCAGCACGTCGGCAAAGGTGGTGCCGATCACAGGGTCGCCGCCGATGCCCACCGTCGTAGACGTTCCGAGGCCCGCGTCGCTGAGCAGCTTGGCGGCTTCGTAGGTCAGGGTTCCGGAGCGGCTGATCAGGCCAATGCGGCCCTTTTCGCTGTAAATCTTGTT
NZ_CP011387.1_gap33	1793285	1796679	3394	ACCATCGCCAACAATACCGTGGCCGCCAACTACGCGATTCAGGGGAACATCACTACAGCGCCCCAGACGGTCAACACCAGCAAAACTGGTGACGACGGCTTCACCACCGGCCAGTTCAACTTGGCCCCTGGAGCCACGCAGTCGTTCACCTTCGCCGCAAGTGGCACCGTCGACGGCGACTACTGCGACCAAGGCACCTTCACGGCCACCAGCAACAACGGTGCAGCCGTCACGGGCGCTTCGGGCATTCCTTGCTTCAAGGTCGCTTCGCCCCGCCTCGCCATCACCAAGGTCAACACCCAAGTCGCGGGCCAGCCGCCCCTGAACCAACTGACCCCCGGCAGCAGCTACCAGAGCGTCATCACAGTCACCAACTCCGGTTCGGCCACCGCCACCGCCGTTGCCGTGAAGGATTTGCTGGGCAACCTGAACAACGTGTTCATGAACTACGGCAGCGGCTCTTACACCGTGTCCGGCACCGCTCAACCCGGCAGCGTGACCTTTGACGCCGCCACGCGCACCGTCAGCACCGTGCCCGCCACCGTGAACTTGGCCCCCGGTCAGGTCTTGACCCTCACCCTCACCAGCAGCGTTGCGGCAGGCACCCCACGCGGCAGCTACTGCAATACCGGCAGCTACACCAGCACCAACGCGGGCACGGGTCAGGCTCAGGCTTGCGTGACCGTCACGTCGTTCATCTCCGAGCAAACCCAGCTCACGGATACGGTTGACCCCATCCGTGGCGGAGACGCGACTGGCACCATCTTGGCCAGCGCAGCCAGCGTCGAAGTGTCTTCCAACGAAGGTGCAGTCAACAACGTGCTGATCTACAACTTCGGTGCCCTCGATCCTGTTCAGCAGACCCCCGGCCTGTTCAACTTCAGCAACACGCAGGTCTACTACGATCCTACCCCCGTCCGTGATGTCCAGACCGGAGCCATCACCAGCGACTTCACCAACGCCACCAGCACCCGCCTGACGGTTGGCGCGGGCGCAGGCCAGTACACCGTGAACGCCGAGACGGGCCTCGGCCAGCAGACAGTCACGCTGAACCCCGCCTTCCGCGTCGCTCCCGGTGGCGTGCTGTGGCTCCGCACGCAGGTCACGGCCCCCACCGGAACCGCTGCCCGCCAGTACTTTGAAACCATGCGCTGGAACAACACCGCCGAAAGCAGCGGTCAGGCCCAGACGAACTTCAAGGCCGAGTCCACCACCGTCATCCCCTAATCCTTCTCTCCAACTAAAGGGCCGCTTCGTGCGGCCTTTTTTGGTGCCATACGTGTACTCGGCCTGATACGGCCCCGCTCCGTTTCAGGCCACTAGCGCTGAGCGGTTAGTCGACAATTCACAACTTCTGACCAGACCGACTCAATCTCAGGACATCACCAATGTTGCCTCAACGTCGTGTTAATCCTCCCTGTGTGCTTTCGCGCCAAGCGGCGCGGGTGTGGCCCGTACTCTCATCTCATGGCCTGCGGGCCGGGCGCACCGGGGTCAACCCGGAAGGGACGCCGCGTTTCCCGCACTCGCCCTCACGCTCTAGGAGGCATCACCATGACCATGAACAACGAGACCGTGCTGGACAAACTGCAATACCTGTTGGGCACCCTGCGTGACGGAGAAAAAGGTTTTGCCGACGCCGCCGAACACGCCACCGACGCCAGCCTGAAGAGCCTGTTTCTGGAACGCAGCACGCAGCGCAGTCAACTTGCCAGCGAAGTGGAAGCTCACATCACCCGGCTGGGCGACAAGCCCCGCGAGGGCGGCAGCGTGGGCGCGGCCCTACACCGCACTTGGCTGAACGTGCGAGACGCCGTGACCGGACGCGGTGATTATCAGGTGGTGGCCGAGTGCGAGCGCGGCGAAGACGTGGCGGTAGAAAACTATCAAGACGTGCTGAAAGAAGCCGACTTGCCCGCTGACATCCGTTCCGTTGTGGAAACCCAGTTTGCTCAGGTGAAGGCCAGCCATGACCAGATCCGCGACATGAAGCACAGCATGGAAGCCAACAAGTAAAGCCCGAACACTCTGGGGGCAGGGAGCCAATGACGGCCCTCTGCCCCTTTTTTTGATCTGGATGTCGATTCTCGGTAGATGAACGGCGGACGGTAAACACCCCCGTTCGCAGCCAGCCCCCCTCCCTTCGTGCTGTCCCAGTTAGGGGGGCGTTGCGAAGCAATGGGGGATTCACCTTCCAAACTTAGCCAGCCTCATCAGTTCTAGAAATCACCCAACGATTGCCCGTTTAGCGTGGATGCACCATCTTTGAATCTCAGATCGGCGGTCAGGGTAGTGCCTGTGCGGGTCACCAATCCGGCGTCTACGAGTTGCTGAATGGCCTGTGGATCGCTGAAGGGGCTATCAGAGCCGAAGGTTTCCACCAAGCCTTTTAGGGCCGGTTCGCTGGCCTGCACTTTGGCTTGTGCGTCTACTCGGCTCAGGGCCAGCATGGGCATCTGCTCCAGCGCGGCCAATTCCTCACCACTCAGTTGGCCCAGCCCCGTCAGGTTCACTTGCCCGGTCAAGACCACCGGGCCGCTGTCGGTGCCTACACTCAGGCGGTCAATCACGAGGCGGGGGTCTTCTTTCAGCAGGGCCAGCAGGTCGGCTTGAATCTGCTGCTCCTGCGCTGGGGTCAGGTCAGGTGTAGGGGTCGTTTTGCCACGCTGGGCCGCTTGCAGGTCGTTGACCAGCTTGCCGAGGCGTTGCAGGGGCGCAACCGCCAGATGTCGCGCCGCCAGATGCACCTGCACGTCTTTGAAGGTCTGGCCCGCGCCCTCGATTTGCCCGATGTCGTAAGTCAGCGTGCCGTCGTAGTGCGCCCCACCGTTCAGGCGGCCCTCGCTGCCCAGCCGCATGTTCTTTACAGTCACCGGGGCCGCGCCGCCCGCAATGGTCAGGCTGTCTAGCGTGGCGCTGGTTTTGCCCACGCCCAGCAGATCGTCCTTGGATCGGCGGGTGATGTCGCTGGTCACGGCTATTTTACCTAGGGTCGCCGCCGTCTCGCCCGCCACTGTCAGGCCCGGCCAGTTCAGATTCAGCCGCGAGGTCAGCCCGCTCACGCTGGACTGCGCCGTCAGCGGTTGCCAGTTTACCGTGTCGCCCGCTTCGGTCAGGGTTCCGGCGGGAATATTCAGATCGGTGGTGGAGGTTCCGCCCAAGCCCACCACCGTCCGAAGGGTAGGCTGTTTGCCGCCCAAAGCTTCGGTCATGCGGGCTTGCAGGGCGGCGTCTTCAAAGCGCACCTCGGTATCGATCAGGGCTTGCCCCACCGATTTGAACCCCGGCAGAGGCCCATGCTGAATGCGGTTGGTCACCAGCAGGCGCACAGGTTGCTCTCCGTCCTCGCCGTTGCCCAGCACGACGGTCATGGTTTGCGTGGAAGTGGTGAATC
NZ_CP011387.1_gap34	1800641	1801689	1048	ACGGCGCACTTCAGATGCGCGTTTCAAGAACATCACCCGAACCGCTCCATTTTTAATGCGCCGTACTTTCTTCGTTTCTCGCTCCACTCGCTCAAGCTCAAGCCTGCCTGCGAGGGACTTAACCGAGTTCGGTCAGCAATTCCTGTACGCGGGCCTTCAGGTCGCCGCGCTGCTGGGGCTGGCCCAACTGGTGCAGGCCGCCGTGATAGGCGTCGGGGTCGCCAAACAAGCGCGACAGCAGATCAAATTCCCGCTGGCTGCGGAGACTGGCGTCGTCGCGGAACATGTTCACGTACTGATCCTGAAAGGCCCAATCGCTCAGGCGGCCTTCCACGAAGTCGTTCATCAGGCGGCGGTAGGGTTCCACGTTATCGTCAGTGGACACGGTGCCTTGTCCGGCCCGAACCGGAACTTCAGCGGTAAATACAGGCTCTAGGGCTTCGGGGGTGATGTCCCAGTTGTTCACTTCAAACTGGGGCTGGCCTTCCTTAAACAGAATCAGTTGCGGGCTGTGGTGAACAAGGCCCGTCAGGTCGGTCACGTGGTTGCTGGCCGGACGCCAATCAACGACCCGGATAAAGCCCACGGGCAACTCGTGGCGCTGCAAAAACTGCTCCAGCACGCCAAAGCCCTGCATGGTTTTGTGGCAAGTGCCTGCCTTGAAGACGGCGGCGAGGGGATGCTCTTTCAGGAACTGATCGACGTCTTCGGGCGTGGTCAGCGGCACCAGAACCTGCTGCTGGGGAGCCTGAGCGTCGGCTTGCTGGGCGTGTTGCTGGTCGGGGGTGGTCATGCGGGTATCTTACCTCTGATGCTTTAGAAAATGAAGTGAGACGGGACACAAGGGACGGAGGGTGGGGAGCGGTGAGTGGTCAGTGAGAAGGTCAAGGGATAAAAGTCAGAAGCTTTGAGCTTGATCTTTTCTTTTTGCAGTCTCCACTCACCACTAACTACTCATCACTACTCGTTTTTGGGCATCCAGCGCCGAAGCACCAGCGGCACCCCTTCCGCCGCCACCCACACCAACAGTGCGTACCGGAGTGCCCGC
NZ_CP011387.1_gap35	1841398	1844284	2886	CATGATGTCGGGCAATTCGGCGGCGTCGAAGCCGACTTTGGCACGGGCATGAAAGCCGGAACCTGTGCCTTCTACCGGGTTGACCCCAAAGAACACGGCGTCGGCCCCCGCCTCGACTGCCGCCCGCAATTGAGGCCAGCCGCCCACCGGACTCATGACCTCCGGCTTGACTCTGGTTCTTTGGCCTACAGTAGATTGGATCAAATTGGGGGGGGCAGGCTCAGACGACATAACGCATTAGTCTAGCGGGCCGGGAGACTGGGGAAGGTGGGGCGGGTTGGGGTTAGAGGGTGGAGAGGACTGTCTAAGGGTCGAGGGCAAGCCCACGTTGCTCGCTTCTCAACGGATGCAACAGCTACTTTTCTACCAACCCCGCCACGCCGCCTGCCACATGTCCCGCGTCCAAGCCATCGGCCCGCAGATACCGGGCGGCTAGGCCAGAGCGCACGCCGCGTTCGCAAATCACCAGCAGCGGCCCCGGCACAGTGGCGAGGCTGTGTTGGCCTTCTTCTATAGCTTCCAGAGTGACGGCCAGCACGGGGTTATTGACATAGTTTCCCAACGGCTGGGTGGCCCGCAGCGCCTCCGAGCGCAGGTCTATCAGCGTAGCTTCGGGCGGGATGGGCATGGACGCAGCATAACGCTGGGGCCTATGCAGCCAGCACAATCCGACTGCTCTGCTCAGGTATCATGGGGCTATGACTGCCGGAACTTTGAACGAAGCGACGCCCGCCGAAGGGCAACAATTGGTGCAGGGCGGCGCGATGCTGGTGGATGTGCGCGAGCAGAACGAATACGACGAAATCCACGCCGAGGGAGCCACGCTGATTCCCCTGAGCGAATTTGAAACCCGCTTTGCAGAGCTGCCCAAAGACCGTCCCTTGGTCATGATCTGCCGCAGTGGAGCGCGGAGTGACCGGGCCGGACAATTCCTGCTTCAGAACGGTTACAGCGACGTGACCAACCTCAAGGGCGGCACGATGGCGTGGGCCAATGACGGCCTGCCCACCGTCAAGGGCGGACAATAATGGACGACTTGACCCCTGCCGCCGCTAATGAAAGTGCCGTCTCTGGCCTTCCCACTGAGGAGCAAGTGCTCGAGGCCTTGAAAGTCGTCAAAGACCCCGAAATCCCCGTGAACGTGGTGGACTTGGGCCTGATCTACGGCGTGGACATTCACGCAGACGGCAATATCGATATCACCATGACCTTGACCAGCGTGGGCTGCCCCGTGCAAGACCTGATCCGTGCCGATGCCGAGATGGCCGTGAGCCGCTTAGATAACGTGAATGCCGTAAACGTGGAATTCGTGTGGACGCCCGCGTGGGGGCCAGACAAAATGACCGAAGACGGCAAACGCCAGATGCGGATGTTCGGATTTAACTTGTAAGGAAGAATTCCGATTGGGAGCTGTGTTTTTGGCTTCCAATCCGGCTGGAAAGAGCAGGAAAGGGCATGTGGAGTGTAGACCGTAGGCTATTACGGTCACACTCCGCGTTTTTTTGGCTCGTGTGGGCAAAGAAACGATTGGAGATCATCGGTCACATTCACGTCCGACCAGCCAAACTCCTTACCCAATCGGCTCTGGCTCGCTGTGGGCGCTGACTCCGGTCAGGCTGATTCCGGCACTCGCGGCGATGACGCAGGCCACCGCCAGCCACTGCACCAACGTCAGGCGTTCGTTCAGGAACAGCAGGCCACTGAGGGCGGCGAACGCTGGCTCGATGCTCATCATTACGCCGAACACGCGGGCGGGGAGGGCGCGGAGGGCGTACATCTCCAGCGTGTAGGGCAGCGCACTCGATAAGATTGCTACGCCGAAGCCGATGAGGAGCGCCGAGGGGTGCAGCAACCCCGCGCCCGCCTGTACCAACCCGAACGGCAGAGACACCAACGCGGCAATGCCCATACCCGCGACTACACCCGTTGCCCCCGGCAGACGCCGCCCCACCGCCCCACCCGCCACGATGTACAGCGCCCAAAAGGCACCTGCCAAAAGCGCCAGCGCAGCGCCTATCGGATCAAGGGCCGCGCTGCCTGCCCCGTGCGGCGCGATCATGACGATGCCCACGGCGGCCAACCCCACCCAAGCGAAATCCAGCGGACGGCGAGACAGGAACAGCGACAGCAGCAGCGGCCCCACGAATTCGAGGGTCACGGCCAACCCCAGCGGCAAGCGCGTGAGAGACAGGTAAAACGCCAAGTTCATCAGGCCGAGGGACAGGCCGTAGGGAAGGATGGCCAACCAATCGGCGCGGCGCAGGGCGCTGAGGCGGGGCCGGAAGATCAATCCCAGAATCAGCGCGGCCAACGTGACCCGCAGCGTGGTCGTGCCCATCGCGCCCAACTGCGGAAACAGCGTTTTGGCAAAAGCCGCGCCGCCCTGAATAGAGAGCATGGACAGGATCAGGGCGGGAATGGGCGGGACACGAGATGAACGCACGGGCAACAGTATGGGGGGAAGGGCGGGGGGATGTCCGGTTCTGCGCTTTTTCCACGATCTACCACCCACGCTTCACGATTTAAATTCTGACTAGATCGTCCCTATGCACCGCTTCTGCGCCGTAGGTGAAGCCCAGCACGCCCTCTATCTCGCGGGACTGGCGGCCCAGAATGCGCGACAGATCGGCAGCGCGGTAACGGGTGAGGCCACGCGCCACCTCGCTGCCATCGGGCGCAAAAAGGCGGATGGTCTGCCCACGCTCGAACGCACCCTCTACGGCCACGATTCCAGCGGGAAGCAGGCTGCCGCCCCGTTCGCGCACTGCCCTCGCCGCGCCCTCATCCAGCAACACGCGGCCCGGCGCGATCTCGGCCAGAATCCAGCGTTTGCGGGCCTCTAGGCGGTTGACGGCAGCCAAAAAGCGCGTGCCCAAGCCTTCGCCG
NZ_CP011387.1_gap36	1857066	1857768	702	TTCCCGCATGAACAGCCTTCAAGAACGCCGCCTGCAACTCATCGTGACTCAGTTCCTCGCCCTCTAGGTAACGGTTCATCAGGTCATCGTCGGTTTCTACGATGGCGTCCAGCAGAGTTTCGCGGGCTTCCCTCAGCGGGGCGCGGAGGGCGGAGGCGTCTTCTGCTGGATTCTCCGAAATCACCCGGCCCGTCAGCACTTCCACCACGCCCCGGAAGTCTGCACCCTCTCCCAGCGGCAGATAGGCGGCGGCCACGGGCCCCTTTAGACTAGATTTGATGTCGGCCAGCACGGCATAAAAATCGGCGCGGTCTCTGTCCATCTTGCCAATCGCCACCACACGCGGCATAGCAAAGCGGTCAGCGGTAGCCCACACGCGCTCGGTGCCCACTTCTACGCCGCTGACGCCGCTGACCAGTACCAACGTGGAATCGGCGGCCCGAATCGCCCCACGAATCTCGCGCACGAAGTCGGCGTAACCGGGCGTGTCCAGCAGTGTGAATTCGGTGCCGCCGCAGCTCAGGCGCAGCACGCCGGTGGTAATGGAAAAGCCGTGGCGTTTTTCGGCCTCCGTATGATCGGACTGCGTGGTGCCGTCCTCTACTTTTCCGGCACGTGAAACGGCCCCGCACCGGTGCAGCAGGGCCTCAGAAAGCGTGGTTTTTCCCGCGCCACTGTGCGCGGCGAGACTGACAATACGGA
NZ_CP011387.1_gap37	1988577	1991104	2527	AGGATGCCCTCGGTTCCGTTGATAAAGGTCAGCTTGCTCTCGGTGAAGAGGACGCCTTCCAGCCCCTTGGCGATATCTGTCATGTTGCGCCCAACATACCACCGGTCAGGGCCGGGGCGGTTCAGAAGCCCATCAGAAAGCCGGAGCGTCCCCGCTGTGGTGACAACACCCGGCCAATGAAAGGGGCCGATCCGGGGTGGACTGGCCCTGATATGGAGTGGAAATTGTAGGTGTGGAACGGTCTAAAGGTATAACGGTCAAGGCTATAAGAAAAGGCAAGTGCCCCAGTTGGCAAGTGTTCTTAGACCCTTCGACCCTTAGCCTGACCTATTCCCCCTCTATTCGCGGGCCACCAGAATCACCGCGCACCCGTCATGATCTGCCGTCGTTTCGGTGGCCGTATCGATCTTGGCCTTGAAATCTATGTAGCCCTTCTTCTTGAAGACGGTGTTGGCGGTCAGTTTGTCGGCAAAGTCTTCGCGGGCCACCATGAAATTGTTGAAGGGATGGCCGGGAGTGGGGAACAGCCGGAAATCTTCGCCGCTGACGGCCCCGATGAACACGTAGCCGCCGCTAGTTTTGACGGGGCCGAACATGCGCCCGTGATTGTTGCTCTGCCACCAGTGGCCGTCGCTGAACGCCTCGCCGTCGCCCTGCGGATACTGGGCGTACAGGCGGCCATTCAGGTAACCGGAGTAGCCCGTGCTGTGGCCGTTTTTGGGGCCGTAGCCCGCCTTGTTCATGCTGTCGAGCATGCGGGCGGTGGCGGCTTCAGGCGTGGGGGCAAACTTGTCGATCAGGATCACGTTGATGGGTTCGCGCAGGGTGCGGCCCTTGTATTTTTCGCCCAGCCACGTGGCGTTTTTCAGGTCTTTGGTGATCATCCACAGGCCCATGTCGCCCACGTCGTCTATGCCCTTAAAGATTTCGCCCGGGGCAGGCGCAAAGGTTGAGCGGTCAGGCACGGGGCCGCCGCTCTGGGCAGGCGCACAGGCATTCAGGAGCAGGACGGCAGAGAACAGGGCAGCGGTGGTCAGGGCAAAGGTTGGGCGGTTGGTAGGCATAGGCATTCCTTGGTTGATCGGGGATGGACTGGAGGAAAAATAGGGACGTTCCAGCGAGCGCGAAATGTAAAGTTTCTCACGGCTCCTGTGCCTAATTTACTGCACGGCGGTCTAGTTATTCAGCCTCCGGCACTGACCTTGCCCACTGCCCCCACCGGGGGACACTCGCACTTGGTATGTGGGGGCAAAAGCGGCATTCTGTGGCCGTAGGAAGCACAGTGGACAACAAGCTAGGGAACAACGAGCTACACGACAAGGATCGCCCGCCCGGTCAGGTATCACGGTAAAGCGCACAGGCGCGGGTCAGAATACAAGGAGCATGAAGATGAAAGACCGCGTGACTACCCCACTGGGGGCCGTAACCCTGCTGCTGCTGTTGGTGGCAGTGGGCCTCGGCCTCAGTTCGCCGCTGGACGTGAACCAAGGCTCCTTGGTGCGCCTGATGTTCGTGCATGTGCCCACCGCTTGGGTCAGTTACCTCGCCTACGGCGGCACGGGCCTGTTCGGGCTGCTGTACCTGATGACGCGCAAACGCCGCTGGGACAGACTGGCGATGGCCAGCGGAGAACTGGGCGTGCTGTTTACGGTGGCCACCATCGTGGGCGGAATGCTGTGGGCCAAGCCGACGTGGGGCACCTACTGGGTTTGGGACGCCCGCCTGACCACCACCGCCCTGAGCTTGGTGGTGTACGGCGGCTACCTGCTCATTCGCGCCATGATCGACGACCCCGAACGCCGCGCCCGCGTGTCGGCGGTGGTGGGCATCGTGGGCACGCTCTACATTCCGATCAATTACATGGCGGTGGAATGGTGGCGCGGCGTACACCAAACGCAGACGCTGAAGCTGCTGGGCAAAGTGCGCTTCGACGCGGCTCCGGTGTATGGCTGGGTACTGCTGGCTGCCACCATCGCCTTTACCCTGCTGTACCTCTACCTGCTGCGGGTGCGCGGCATTTTGGCCGCCCGCGACGAGGCCCGCGAGGAACGCGAACTGATGAACGATCTTCAGGGCGACGTGAGTGGCCTGACGCCGCACATCGCCGGACAGGGTGCCCAGCGTGGAGGTGCCCAACATGGATAAGTATTCGGTCTACGTGATCGTGGTGTATGTGGTGACGCTGGTGCTGCTGGGCGCGTACTTGGGCTGGCTGTGGCTCCGGCTGCGGGCGGCGCGGGATGAGGCTGAGCTGACCACACCAAGCCACCTCAAGTCTGCCCCAACCACAGGCCAGAGGCGCGGATGACCATGCCCTCCTCTCCCCCACCCTCATCACCGCTGCCGCCCGCCCGCCGCCGCAAGCGCAGCCCGCTGCCCGTGGCACTGGGCGTGGTGGCGCTGGTGGGTCTCACGGCTTTTATCGCCTTCGGCAACTTGGGCAAAAGCTTGGAATATTTTGTGACGCCCAGCGAATACTTGCAGCAACGCGACGAACTGGAAGGCCGCCCGATCCGCATTGGCGGGC
NZ_CP011387.1_gap38	2011539	2012198	659	AAGAGAGGCGGAAAACGGTTCGGGCATGTTTGGGAGGGAGTGGGTCACGGAATTTCATGTATTCATCCGGTAGTTTCAAAAGCGAGAAACGCAGTGATCAGACGGCCACCACAATCTTTTCCCACTCACCACTGATCACTCACTGTTTTTCTACTGCCGCTTGCGGGGATCGAAGGCGTCGCGTAGACCGTCGCCCAGCAGTTGGTAACACATGACGGTAAACACGATGAAAAAGCCCGGAATGAGTACCCAAGGCCGCTGGGTAATGCTGGCAAAACCGCCTTCCTGCGCCTGACTGAGCAGGCCGCCCCACGAGACATACGGCTCCACTGCGCCGATGCCGAGGAAGCTGAGGCCCGATTCCAACAAGATGTAGCCGGGAATAGACAGGCTGAGCGTGACGATGATGTAGGTGGTCATGGTGGGCAGCATGTGCCGCCACATGATCCGGCCATTGCCCGCGCCGAGGGCCTGCGCCGCCGACACGAAATCCTGCTCGCGCACGCTGAGCATCTGCCCGCGCACCACCCGCGCCAACCCCCCCCAACCGATGAAGGCCAAGAGGCCCAAGATCATATACAGCGCAAAAATCGGGTTGATGTCCTGCGGAAACACCGCCCGCAGCAAAATAAGCAAAAACAGATTGGGAATGGCGGCCA
NZ_CP011387.1_gap39	2015287	2016979	1692	AAGTAGTAATCCAGTCGTCGGCAGTGATGGCTTGTCCGTCGCTGAACTTCATGCCCGGACGGATTTTCACGACAAAGCGCTTGCCGTTGTTGCTGACCACTGGTTTGGCATCGGCCATGTAGGGCAGGAACTCATCATTGCGGGGGTCTTGGAGAAAGAGGCTAGCAGAACCGAACTCGCCGTTCTCCACCATCGTGCCGGGAATGCTGTCGGCTTCTGCCGAGGTAAAGGGGTTGATGGTCTTGAAGTCCGACAAGACGCTGAGACGCAGTTCGCCGCCGCGCTTGTTGGCGGTGTTCTGCTCGGCAGTCCACGCCGCCGGGTACACGAAGGGGGCCGCCGAAGCGGAGGTAGCTGTCAGGGCAAGAGCGATAAACAGAGCTTTTTTCATGGTGTGCCTCCGAAAATTCTGGAAACGCGAAGCAGGCCTTTGGCGGTGGGCCAAGGGCGCATTTCTCGTTGAGCAATCTGTTCCAGCGCCGTCAATATATGAATAGGCTTAGGAGAGGTCAAGCACTGAAGTTACGGATGACTGACATTCGGCGGTCTGCCCTGTGTCATGCCAAACAGTCGTTAGGTTGAACTGAGTATAAGTTTTCAAATGATTAGTCATCTGCTCATAAGTCTCTAATTTTTGAGGACACGCATCTTAATACTCGCGGGGCAGCAAACAGCGGCCCGCCGATTCCGTGACAGGAAGGCGGGCCGACAAAACGTCTTGGCTGGGTCTTTTCGGTATTAAGCCGTTCTACTGCTGTTCAGCGGAGATTCAGCGCGAAATGAAGCTGATCAGCAGGGCCAGTAGCATGAAAAAGCCGCCCAGAATGCTGGTAATCCGCACGAGGCCGCCCTCTACGCCGCGCCCACCGAGCAGCGAGCCACCCGTTGCCATGCTGGCCGAGAGTCCAGCCTGCTTGGGCACTTGCAACAGCACGAAAAAGACGAGGCCCACACAGACGAGGGCGAACAGAACGATGAATAGGGTCAGGATCATGATTTACCTCGGAGGAGTCGGGGCGCACACCAATCTGCACCGCCGCTGTATGTCCACAGTTTACACCAGCCAGTCTGCGCCAATTCTGACCGAGCGCATCGCCCCCACTTCCTTGCGCGCTTATTTCGGCTGCGACAACTCGATAATGCAAATATCGGTGGTGTAGCGGTCTACGGTATCGAAGTGGATGATATGGGTGGTTTTGCCGTCCTTGCCCTGCTCGTTGGTGTAAAACCCCTGCCCCTTGTCCGACGTGTCGCCTATGGGCCTGAAGCCGTCCAGAGTAAACGAGTTGTCGATGGTGGGCTTGACCAGATAGAACGGCGTTCTGGTGATTCGGTACGGCAGGTAGGCTTGCCCACCGCCGCCGTACTTTTTGAGGGCAGTGCAGAGGGTGTGTTCACGGACTTCATAGGGCTTCAGGGCGTCTCGCCAAGGGGCAGCGGAGGCCGCAGACAGGCCCACACAGAGCGCCAGAATGGGAAGGAACAGGGACAGTTTCAAGATGATCTCCTTGGGAAAGGGCAGGTGACAAACAAGCAAAAGCCCCCACGCTAAGCAGGGGCGATTGCAAGACTCTTGGTGCCGAAGGGGGGACTCGAACCCCCACGGTTTCCCGTTCGATTTTGAGTCGAGTGCGTCTACCAATTCCGCCACTCCGGCCTACGCTGGGCCTGCAAATTGCACAGGGTTGGGCG
NZ_CP011387.1_gap40	2108870	2112843	3973	CGGGTTCGCCGATCTTTTGCTGACCGAAGAGGGCCGCCTGCGCGTGAAAACAGCCCTGTCTGCCGTTCACGAGGAACCCTTTGCCCGCCACCCCGACGAGGACGTGATGGAAGCCCGCCTGGCCGCCGCCGAACGCGAACGGGTGGCCCCCGAAGCCCGCGCCGCGCTGGTGGCCGCCTTGCGTGCCCAGTACCCGCAGGCCCGCGACCCCCGCGAACGCCCCGCCATCCGGGAGGCCGCGCGGCACCTCCAGCGCACCTTGGACGATCTGCTGGCCGGTGCCCCCACCAACACGATGTCGGGCACACCCAGCCATAGCATTCTGTACGCCCAAAAGCCGCAGTCGGCCCTGCCCACCCCCGATGACGGCACAGACGAACTGGTGATCTATCTGGCAGGCGGGCAGGCGGCCCACTGGCGCGGCATGGACTTGCGCTGGCAACCTATCGGCAGCAACTGGCAACTTCAGTTTGGGCCGCATGTGGTGCTGCTGCGAACCGACCTGCCGCCCGCCGAACGCAGCGTGGTCATCGGGCCAGCACGCGCACAGATTCGGGCGTTCGTCAGCGGCGCGTATGTGCTGCTCCGGGTCGATGGCCGTCCCGACGAGGAAATTGGACGGCTGGCCTCTAAAGCCAGAGCCATTGCGCTGCTGCTGAACGCCGAAGAAGATTACGCCAATTTGCGGTTGGCCCGTGCCGCCGCCCAACTGATCCGGAACGGCACGGTCGACACTGCAGCTCTCGGCGCGGCAAGTGCCGACAAGTACGCCTCTGCCCCGCCGGAGACGCTGATCGCCTTTGCCCGCAAAGGGATAGATGCCCTGATGGCCCGGCTCCAGCGGTCTACACCCTCCAGCGTAGCGACGAGTATTCACGCCGCCGCTGAACGGCTGGAGCTGGACGCTGACCGCGCGACCGGGCTCCATGAAGTGCTGCATATCGCCACCTTTACCCCGGAACCTCTGCCCTACCCGGTGGCCCATACGGCGGTCAATCTGGCCGATACAGGAGCGTTCAGGAGCATTTTGCTGGGCCAAGACCCGGTAACCCTGAGAACCGGCGAGCGTGCCCTGACCCTGCGGCTGGATTACAAGGGCGAACTCGCAGCGGTGCTTCCCGGTCATCCGGCGGCCACCCTACACGACCTGTTGGTGGTGCGCGTGCCGGGCCTGAGCCTGCTGCTGGTGCGCCAAGGCACGTGGCTGGCCGCCGCCGCCCTCTACGACACGCCGCCGCCCAGCACCCCTGAGGGTCACACGCTGCCCGGCACACTGGAACATAAGTCGTCCACTCATAGCCTGAGCCATACCATGCACGCGCCCTACGACACCAAAAATTGAGGTTGGGGTGGTGCGGTAGGGGACATGTCTGAGTGTGGAAGCAGAGCCGCTACGCTCAGCCAACTGCGCTTCCTCTCCCGCAGGCCGTCTACAGCGGGGCTTCTTCGCCCCCGCGCTTTTCTTCTATGACGCCGAGGCGGCGTGTGCCGGGATCGGTGGCGACGATCAGGGCGGCCAGACCGGTGATACCGAAGACGACGGCATGGAGCGGCTGTGTTTCCAGTCCGCTGAAGGCGAGGGCAACGCCAGCAACGGCTCCGGCCAAGAGGGTGATCATGCTGCGGTCAAAGGGCGGGTGCGCGGTCAGGCGGGCGGCGTTCCAGCGTTGGGCGGCCAAGGTCAGGAACACGGCGGCCAGCGGCCACGCCACGAGTTGCAAGTTGGCGGCGTCCTTTTCCCCCACCTGACTGATGCCGTGACCAAAGCCCACACCCAACATGACCACGCCCAGCGTGAAGGGCAAGTGGCCGTAGAGCCACACCAGCAGCGCCCCGACTCTGGATTCGTTGTGCGCCGACAAAATGGGCAGCAGGCGGGGTTGATCGAAATACAGCCGCCACAGGGCCACGGTGGTCAGGATGGCAAACAGGGCGGGGGCCAGAAAAGTCAGGGTCAGGTCTTGCTGCCGCCCGCCGTCCACGACTTCGGTCACGATGGCTCCCAGCGCGATGATTTGCAGCAGGCCCACGCGCTCTGGCAGGTGCGATTGGTGCGGCAAGGCGTCCAGACTGCGCGAACGAATCAGGATAGGCGTGAGAATATCGACAGCCAGTGCGGCCCCCCAGAATCCCAGCAGGGCGGCGGGCGTCTGCACGAACAGGGCAGAAATCAACCACAGCAGGGCCGCCACGCCAAAACCTATGGCCGTAGGCCGCACAAAATGCACCGCTTCGGGCGACTGCCGCAGCACGGCGAGGTACATCACCACCAGCACGGCCCGGTTGAAGGCAAACGCCACGGCAAACAGCGCTCCGATGTCCTGCACGTCGCCCCGCAATGACAGCGCGATCATGGCCATAGACACGAGTTGCGCTACCGTGCCCCAGCGGTAGGCGCGGCCATCGTTGCCGTAGCGTCCGGCGAAGGTGGTGTTGCCCGCCCACGCCCACCACACCGCCGTAAACATCAGCAGGAACACCCCGATATTTTCGGCGCTGGGGGTCGTGCCCAGCCGCTTGGCAAGTTGATCGAAGCCCACCACGAAAATCAGGTCGAAGAACAGTTCCAGCCACGAGACTTTCTGTTCGTCGGGCGCGTCGCCGTCTGCCTTGCCCGCTGCCGAATCGGATTCGGACACGCTGAGGCTATTTTCAATATCGATGTCGTCTGGCTGGCCGTGCGTCATCTCAGCCGCCCCAAGCTTTTGCGGATCAGGGCGTCGGCGGTCTGTTCGGGGTCAGCGCCCAGCAATTCGGCCACCACCCCGCGCACCTGCTGCTCACGGAATCCCAGCGCCAGCAGCGCGTCTATGGCGTCGCGGCCCGCGCTGCTGTGGACGGGCATCACTTTTACGCCGCCCACCACAGGCGCGGCCAGATGCTCAGGGATTTTGTTCTGAAGCTCCAGCACCAGCCGTTCGGCGGTTTTTTTGCCCACGCCCGATACGCTGCTCAGCAGTTTCACGTCGCCGCTGAGGAGACCCTGCGCCAGTGCCGACACGGGCATTCCAGACAACATCGCCAGCCCCAGCTTTGGCCCCACGCCGCTGACCCCAATCAGGAGGTCGAACAGGCGCAGGCTATCGGCGTCCGAAAAACCGAACAGCAATTGGGCGTCCTCGCGCACCACGAAACGGATATTGAACTCGGCCACGTCGCCCACTTTCAGGCGGCCCAGCGTACTCACCGGGCACTGCACCTCGTAGCCCAGCCCGCCCGCCACCACCACGGCGCTTCCCTCACGAATTTCGCGCACTACGCCACTCAGGTAAGCAATCACACGTCAGATTCTAGTGCGGCGGGGGCGGGCAGAAAGGGCCAGAAGCGGGGGTGTGGGTTGCGGTAGTGTTGAGAGTTGAGGCCTCCGCAGATCAACCCGGCTCAACTGAAGTCGGAAGGTGAACCTCCCCGTTTCTGGCGCACCGCCCCCCCTTAGAGGTGGGGACAACTGCGCTTTTGCGCTCCCCTTGACTGGTACGGCCCGCAGGAAGGGGGGCTGGCTGCGAAGGAGACTGGGGGTTGACCCGGAACCGCTCACCGCAACGCCTCCGTTCAAAGCTGAGATTCTATTTTCCCACGCCCCACAACCGACACCTCCTAAGCCACTTTGGGCCGAACCAAGCTCAGGGCAAAGAGCGCGGCCCCGATCACCGCGATGCCCAGCGCTCCCCACACGAAGCCCTGAGCGGGTTGGGCGGCGGGAGCAGCCAGCACCAGCGGGCTGAGGAATTGGCCCAAAAACACGGCGCTGCTCATTCCGGCGGTGATGCGGCCCCGCCATGCCGGGGGAGTCAGGTCGGCCAGCCACGCATAGAGGTTGGGAAACACCAGCCCGCCGCCCAGTCCGGCCACCACGAGGCCCACCAGCACGGCGGGAATGCTCTGGGCAACCGCCACGAGGCCCCAGCCCCCGGCCAGCAGTCCCATGCCCAACGCGGCCACCCGGCGGGGATCGAAGCGCCCAGCAAAACGC
NZ_CP011387.1_gap41	2204890	2205409	519	AAACAATGGGCGAGAAACGGGAGAAGGGACACCTCAGTTGCCTTGCCCACCAAGAGGCCAGACAACCCGCAAGAGCGCCAGCATACGCCCAATGGCACAGCTTGAAATGCGCGTTATGGCGCATCCGCCCATCTATGAACTTCTGCTTTAGGGCTGCTGAGCGCGGGGACTGAAAACTGCTTTGCCGCCGTCCCAAGCGGCTTTTCACCTCAGCATGTCACGGCCTAGGCGCACACGGACACACCCAAGTGCAGGCAGCGGGGCGCAACTGATGACGTTCAGACCCCCTTCCACAGAGCCGGAGGCCTGTGTTGACACCTTTAGGGGGCGGTGCTACCATTCACAACCGGAAGAGAACGCGCAGGCGGACAACTTCCATGTTCAAGGTTCCATGCTCAAGGAAACCGCTTTTTCGGCTTTCCGGCGCAGGCTCAAGGTGCCACTCTAGCTCAATCTGGTAGAGCACCCGACTTGTAATCGGAAGGTTGGGAGTTCGATTCTCCTGGGTGGCTCCAGATT
NZ_CP011387.1_gap42	2297753	2301296	3543	GACTTGCCCCCGCCACACGCGGATAAACCACGCCCGACAGCGGCTCTCGCACCGTTTTGCCGCCCGCCTGAGCCGCCCACGCCCGGTTCAGTTTCAGGAAAGCCAGTGGGTCAGCAGTTCTCAGTTTCAGCAAGCCGGGGGAAGTGGGAAGTTTCAGCGGCATACCCATGACATTCAGGGTGGAAAGACGCACGGGCAGCTTGCCTGAGCCGTTGGCTTTGGCCCAAGTGCCCGTAAATCCAACCCCATTGCGGTTCAGCGTCAGACAGCCTGTAACCAAGCGGCCATTCATGGGGCCGCTCCAGACTTCTTCCTGCAAAATCAGGCTCTGACCGCTGCGAAACGGGGTCAGTTCTATGTTGACGCCCCGGCGCTCGTAGTAATACCGCGCTTCGCCGCCCACGCCGTCTGCCCCCGCGCCCAGTTGCAGCACCACCGGCAAGGTACCCACCGTTCCCCGGTAGATGGCACCCGCCTTGATGGTGGCTGCCGCCCACGCCGGAGCGCCCGCCACGCCGCCACACTCCTGCAAGTCCGCGTCTTGGGCCGCCGCGCCGGAAGCCAAGCCTGCACAGAGCAGGAAGGCCAGAGATCGGCAGCGCTTCATAGGCAAGAGTTTCATTAGACCCAGCCTAGCGCCTGTCGTTTGCCCGTCAACGCCCCTCCCCCACTCCGCGCCCATCGAAGGTGGCGTTGCGGAGCATCCCGCCTACGAAAGCCCCGAACGGGGAACGGGTTTCGGCCCAGCGCACAGCGGCATCTATGTCGTAGGGCACGGCGCAGAACTCCACTGACCACGCTCCGGCCCGCCTCTCCAGCAGTGTCCAACGGGCGCGGGGATCGCCGTCGACCTGATCGCTGACGGCTCCTGCATTGACTAGCAACGTGTCGCCCACACGGGTTGCGCCGGGGCGGTGGGTGTGGCCGCAGATCACCACGCCGGCCCCCAAAGGTTCCAGTTGCGCCCGCACTTGCCGGGGGTCACGCGAGCGGTAAAAGCCCCGGCCACTTTGACCGTGCGGGCCTTCTCCCTCGTGCTGCCATTCCCAGAGCAGGCTGTGCCACGCGCTGTCGGGCGTGCCGTGACAGGCCAGCAGTTCTCCGTCTAAGGCGCGGGCGGTCAGAGGTAAAGCGGCCAAGCGTGCCAAAGCCGGGGCGGCCACTTGCCCGCTCAGCCACTCGCCAAAGGAGCGCGACAGGGCCGAGCGGCGTCCATCCGGCCAGAGTTTTTCTTCGTTGTTGCCGCGTACTTCCAGTGCCCCGGCAGAGGCGAGTTCTGCTTGCATCGCCCCTGCCCGCGCCGGGTCTGCCACGCCCTCCACCTGATCGCCCAGATTGAGGATCAGGTCAGGACTTGCCCGCCGAAGCTGCTCTAGCACGGCATCCAGCGCGAACGCATTGCCATGCACATCCGAAATGACTGCCACACGCACCCGCACAGCCTAGCCCGGCAGATGGCGGCTCGGAGCCTTGTTGTCTGTCACCCGCTACCATGACGGCCATGAGCATTCTTCCCGACTGGCGCATCCGGCAACTGGCCCTAGAGGGCATGATCACGCCCTTTGAAGACCGCCTGATCCGCACTTCAGACAACGCGCAGGTCATCAGTTACGGCCTGAGTAGCTTTGGCTATGACCTACGCTGCGCCGACGAATGGAAAGTATTTACCAACGTACATAGCGCCTTGGTAGACCCCAAAAACTTTGATGACAGATCGTTCGTCGATATTCAAGCCGATGAAATTATCATTCCGCCTAATAGCTTTGTGTTGGCAAGGTCGTTGGAATACATGAAAATTCCAGACAACGTAATGGTTGTGGCGCTGGGAAAATCGACTTACGCGCGGTGCGGCATAGTCGCCAACGTGACTCCTTTAGAACCTGGCTGGGAAGGCCATGTCACGCTGGAGTTTAGCAATACCACGCCCCTTCCCGCCAAGATGTACGCCAACGAAGGCTGTGTTCAGCTCCTCTTCTTTGAAGGCGAGCGCCCCGAAGTCACGTATGGAGACCGCAAAGGCAAATATCAGGGCCAAACAGGTGTGACCCTGCCGCGTCTTTAATTCCATGCCATCTCTGTACAAGCAATCTCAGCCTAAGCTCACGCCTGATCTGCTGTTCTTGGCCGCCCTGTTTACATTTGCAGGCGTTATGCATTTTGTCCGGCCCGAACCCTTCGATTCCATCGTGCCAAGTTGGGTGCCGATGCCTGCGCGGACAGCCACCCTGCTCAGCGGGGCCGCCGAAATCGCGGGCGGGCTGGGGTTGCTGCACCCGGCCACGCGCCCCGCCGCCCGCTTGGGCCTGTTGGCGCTATTACTGGCGGTGTTTCCGGCCAATCTGAATATGGCCGTGAACGCCGAACGGTACCGCCCGTTGCCGGAATGGGCGCTGTGGCTGAGGCTGCCGTTGCAACCGTTATTGATGTGGCTGGTCTGGCGGGCAGGACAGGGTAAAAAAGTCGGTTAGCAGCCTACTGCCCAAACGCCAGATCCCACGCAGTGTTCCAGCCTTGATCAAAGCGTCAACGCTACGGCCACCACGCTTTTCCCACTGACCACTCACAGAAGTCACAGCAACACCACGTCCACAGCCTCGCCCACCGCCACACCGCCGCCTTCCGGCACCACCACCAACGCTCCGGCTTCACTCAGCGAGCGCAACACGCCGCTGCCTTGTTTGCCGTAGTCATGCACCTCGCCGCCCACGATATTGGCCCGCCAGAACGCCATTTTGTCGGGGATGCCGCGAAAGGGTGTGGCCGCCCGCAGCCGCAGCGTCTGCACAGGCTGTCCGGTCAGGGCGGGACGCACGATGACGTGAAACACCACGAGGCTGCTGACCGGATTTCCCGGCAAGCCGAACACCGGAAGGCCGTTCCAGCCGCCCAGCAACGCGGGGCCACCGGGCCGCATCCTCACTTTCCAGAACGAGACGCGGCCCTGACCGATGAGTAAGTCGCGCATAAAGTCGTATTTGCCCATGCTGACGCCGCCGCTGGTGAGCAGCAGGTCTGCGCCGCCGATGCCGTCTATGGCGGCCTGAAGCGCAGCCGGACTGTCGGGCGCGTGGCCGAGCGGCGACACTTCGCAGCCGGAGTCGTGCAGCATGGCACTCAGGCCGATGCTGTTGCTGTCGTAGACCTGACCGGGCAGCAGCGGCAAGCCGGGTTCAATCACCTCATCTCCGGTAGACAGCAGCGCCACACGCAGTTTGCGGCGCACCGGAATACGGGCGTGACCCAGCGCGGCGGCCAACGCCACACGCGGCGCAGTCAGGAGCAATCCGGCGGGCATCACCTTTTCCCCGGCGCGGAAATCGCCGCCTTCTGGCCGCACGTCGGCGGGGCTGGCGGGACGCTGAACAAGAACAGCGTCTGGGCCGTCGTCTAGTAGTTGCTCTACGGGCGCAATCGCGTCGGCTCCGGCGGGCATGGGCGCACCCGTATAGATTCGGATGCACTGGCCGGGGCTGACCTCTCCGGCAAAAGGCACTCCGGCGCGGCTTTCCCCGGTGACTTGCAGGCGCGTGGGCGTGGACTGGG
NZ_CP011387.1_gap43	2307975	2309828	1853	GGGTGGGAAGATCAAACGGGCAATCGCTTCGCTCACTCACCCCTCTACCTCGCTACTTTGCGAGTCTCACAGGTGGAGAGAGCAACACCAGACAAGCCAGATTCAGCACCGTCCAGAAAAGCGCGGCCCACCCTTCATCTGGGAGGCCGCGCTTTCGACGTTCTTCTTAACGCTCAGAGATTCGGATTTGCCTTCTCGGTCTCAGTAATGACGCTGCCCTGAGCTTTGGCTTCCACTTTGCTTTCGGGTGCGGCAACTTGGCCGGGGTGAGACTTGATGAAGCTGGCGACGCCGCCTGTGCTGACCGGAGCCACGCTGCTAGTGGGCACAGCACTGGTGCGGGTGGCTGGAGCCGGAGTCCTCAGCAGGGGCGTGGCGCGTTCGGCTTTGGCTTCGGCGGAGTCAGATTTGCCCAGACCCAGCTTGCTTAGCGCCGACTTCAAGCCCTCTGCCGCAGCGTCGGCGTGGCCTGCGTCGGCTTTGGGTGCGCCCGGCTTGGCGGCTGGCTTGCTCACGGGCTGCCCAGCCCTGTCCAGCATGGAGTTTGCCATTCCCTCTAGGCGCGGGGTGATCACCTTGTCGGTCAGGGTTTTGACAGCCAGTGTACTCAGCGTGGCAATCAGGGCACTCCCGATGCCGCCCTTGCTCTTCTGGCCCTTCTGGACTTTCATCAGGGCCTTCTGGTGCTTGACCGGGCTGGCGGCGTCTACGTAAATCTTCTTGCTGCGCCGGAACTGGCGGCCCACCACCATGCCCAGCACCGCGCCCACTGCCGAAGCGCCGCCCAGCATTTTCAGCGGCTCTTTTTGCAAGTTCACCTGAAGGCTGGCCTGTTCGGTCAGGGCGTCGATGCTGGCCTTCAGGCGGGCGCGGTTCTCGTCTCGCTCGCTCAGGGGCGACTGGAAATCAGAGAAATCAGAGGAACGGTCTTCAGCCATGCTCAGCTCTCCTTTTTGTTGACATTGACACTGTCTTTGTCCATCTCGTCGCGGTAGGTGGGCGTGGTGCTGACCTTGATGCCGGGCGCGTCCTTCAAGACCACCGGGTGTTGAATGTTGGGATCGTGGGCGTGGCCGCCGTGTCCGTGCCCGCCACTGTGTCCGCCGCCATCGTCGGCGCTGTGGTCTGCGTTGCCGTGACCGCTGCTGTCCTCGTGGGTGTCGCTGCCGTCAATTTTTTTGTTCAGGCCGCTGCCGTACACCTGTGCCTCACCGTCGGGCTTGCTCTCGAACACCGGAATCGTGGTGGTGCCGCCCTCCACGCGGATGGTGGCCCGGCCCTCGCTCTCGGAGATCACGCGGGTTTCTCCGGCGGTGTGCAGATCAGGGTCACGGGTCATGTCTACGCCGCCAGTGGTGTTGCTGCGGCCCGGTTCATTTTTGGGCGTGCTGTGGGTCTGGGTGGCGGCGGGCGTTTCGATGCTCTTGCCGCCGGGCACGTAGGTGGCGGGCTTGGAGCCGGTATCGGCCACCTTGTAGCCGCCTGCCGTCCCGCTGGTTTGCGTTACGGGCGCTCCGGTGGTTTTCGCTTCGGTCTTCTGGCCGTCTTTCAGCGCCTTCTGCTCGGCCTGATAACGGGCTTCCAGCATCTCGTCTTCGGTCATGGGGCCACTGCGCCGGGCAGAAGCGTCGTCGGTCTTGACCTCTGCGCCCAGCCGTTTGATGCCCAGAAACACCAGCGCACCCGTGAGGGCGAAGCTGAACAGGGCGATCAGCAGGGCCGCCGCCCACCAGCCGAGGCCGAGGCGAACGAGGCCGAAATACACGGCCAAAATCAGGAAGATCAGGCCCAGAATGAGCGGGCCAGAGGCGGCGAGCAGCAACACCACGCCGATGCCTTTGGCTTTGGCAACG
NZ_CP011387.1_gap44	2444888	2449052	4164	GGAAATGTGGGCCGCCGAGATTATCCGCGAAGAAGCCATGAAAAAGCTGCGCGACGAGTTGCCCTACGCCGTCGCTACCCGCGTGAACAGTTGGACGGAGCGCGAAGACGGCCTGCAACGCATCGAAGGCGAAATCGTGGTGGAAAAGAACGCCCACAAGGGCATGGTGATCGGCGCAGGCGGCAAGCAACTGCGTGAAATCGGTCAGGCCGCCCGCAAGCAACTGGAAGTGTTCCTGAGCCGCAAAGTCTTTTTGGGCCTAGAAGTGATCGTCATTCCCGGCTGGCGCGAGGACGAAGAAGCCCTGCGCGAATTGGGCTACGAGTAAGGGAAATTCTGTTCGGATGAGCCGCGTCCGGTTTGTCACCAAGGCCATTCCCAGTGACGGTGGGCGAGTCTGGAACCGCAAAACAGAGCGTTGGTGGGGAGAACTCTGCAAGGAATATCCTGCCACGCTGCTGGCCGAACTGAATGGGGCTAAACGTTCACCCCAACTGGTCACTCTGATCAACGAGAACCGCAAGCCACGCAACTAGAGCTTCAATTGACTTCGGCACAAACCGCCCCCGCTCACAGCCGATGCTGAAGCGGGGGCGGTTTGTGCAGCTCAGAAATGTGGGTGCGAGAGCAAAATTACTTCTTGACCACCGTACACCACGCCAAAACCACGTCGGCCTCGCCCTGAAACCAAGTCCCGGCCACCCACATCTTGGGCGTGGTCAGCACAAACTGCTCGTACACGCCGCCGTCCGAGGTCTCGCCTACATCCAAGCTCTTATACTTGAAGTCTTTGGGAATCTTCGCGTTCAGGTCTTTGGCGATGGCGGCGGGCTTGCCTTCCCAGAACAGCAGCTCATGATACTGGCACTTGCCGTTCAGCTCCGCCGCCGTCGCATCCAGCACTTCGACCATTTCTTCGGAGAAGTCGTCGTCGGTGAGTTCAAGTGCGCCCTTGGGCAGTTGAAAGCCTGTGAGATTGGACTTGGTCACGAAGTCTGTAGCGAGGGCAGAGGGGATCAGCAGGAGAGAAGCAGCGATCAGGAAGCCTAACTTTTTTCTCATATCTCAGTGTGCTGTCCTCTATTCGGTTCCACAATAGAGGGGGGTGCAAGGGGCGTTCATATGAAAAATTAGGCTTTTACCTGACTCTTCGCCCTCGCTTCTTAAATCAACGCCGCGATGGTACTTCTGACCCTGACGTCACACTATTGAACCCCACCGACTTCGGCATTATCCCATACATTCTGTATTCTTTCTTACTGACTCAGGTTGAATTAAAGATCAGCCTTTTCTCCTTTCAATCGTCATCTGTATGGATTGGATGACTATGACTATAAGGTCTAGTGCCGGGGGGCTTCAGACAGGCGGCTTTTGCATGCCCGCATACGGCATACCTGCCCCCGCCTGTGCTGCACTGCGCTGCATGACCACATTGATTATCGGGGCTACGGGCGGCATTGGCGCGGCGATGGCGCGGGCGATGGCCGCCACAGATTCACTGGTTCTGGCCGGGCGCGACGAGGCCAAACTCTCTGCTGTTGCTGCCGAAACCGGGGCCAAATCGCAGCGGGTAGACGTGGGCTTTGAAAGCCACGTGCGCTCGCTGCTGGACGGCGTGGAGAGCCTGGACACCGTGATCTATGCGGCGGGCGCGGCCCTGCCTCAACCCCTGGCCGACCTAGACGCCGCGCAGGTGCGGGCCGTGTGGAATGCCAATTATTTTGGGGCCATTTGGACGCTGAAATATGGGCTGCCCAAGCTGGCCGAAGGTGGACGCATGTACCTGATCGGCGCACGGCCCGAACTGGTGACGGCCAAAGGGTTTTCCCAGTACGCCGCCAGCAAAGCCGCGTTGGCGCAGGCCGTGACCATTGCCCGCCTGGAATTGCCGCGTGGCACGCAAAAGGCGCTGACGCTGGTGCTGCCGCCCGCCGTAGATACACCGCTGTGGACGCAAGTGGGCCGCGTGCCCCGTGGAGCCATCAGCGCCGGAGCGGTAGCGCAGGCCATTGCTGCTGACAGAGCGGGGGCGGCGCAGGGGGAATTGCGGGTAGAGAGCTGAGTTTGGAGTGTGGATCGTGGAACGTGGGAAGGGTGTGGGGGCCGGGGAGACTCCGCTTTAGGCAAGGCCAGAAATTTCAAACGGCTGCCCTACGCCAGAGCCTCAGCCCGCTCCCACTCGGCAAAAGCGGCGTCTATAAACAGCTTGGTGTGGTGCATCCGCAACTGGCGAGCGGCGTACAAGGCGTCTACTTCCAAGCGGGAAAAGTAACGCGCTTCCTGCACCTCAGCGGCAAATTCAGGCCGGGGCGCGGGGGCGAGCGTTGGCCCGATCACTTCTGCCAGCCACGCGAACCGCAAGATCAATACGCCGTCTGGCATCTTGCCCAGCAGCGTATTCAGGAGCTTGATGGGCCGCACGCGCAGTCCCGTTTCTTCCCACGCCTCGCGCACGGCGGCGTCTTGGGGATTCTCACCCTCCTCTACCCCGCCCGCCGGAAAGTGCCACAGCCCCCGGCTGCCGGGTTTGCCCTCCTGCACCAACAGCACCGCGCCCGCTGCATCGATAACCACCACGCCCGCCGAACGCAGCGTGACCGGGATGTGCAGGGTTTCGTCGTACTGCATGTTAGTGCGGTAAGCCAGAGGCAGAGCTTGCTGGCTTTCCGGTGGTGTTGCGGAGAGTCGGCAACCGGAGCCAGTCCATCCTAAACCCCGATCAACTTCAGGTGAGCTATGTGGTGGCGGCCATGCCAAGCGTACATGGCGGCCAAAGTATCCAGCGTGTAGGTGCGGCCCTGCGCGGGGTGCGTCCATTGGCGTGCCCAATCCGCGTCGTGTACGCCCTCCAGCACGGCCACGATCCGGGCGTGCAGCGACTCCAATAGGTTCAGGCTGACTTCTGCGGGCAGGCGCGAGTCGGGCAGCTCGGCCCAGAGGGTCTGCTCGTAGGGTCGAATGGTCGGGTTGGTTTCGGTCAGCGTCAGTTTCAGGCGAGCATAGGCGTTCAGATGGCTGTCGGCCACATGATGAACCACCTGCCGCGCCGTCCAGCCGCCTTCCCGGTAGGGCGTATCTAAGCGGGATTCTCCCAAATCGGCCACCGCCGCACGCAATTCGGCGGGCAGGGCGCGAACGGCGGCCACCGCTTCGGCCCGCTCTGCTGGCGTCAGCGTGAGTGGGGTGGGCATGGGGCCAGTGGGGTGACGAACATCAGTCTGGGCATCAGTCTGGGTCATGGTTCACGCATCCAAGGGGCATCTTCGGGGGGGCGAGTCAGGTCTATCAGCACGTTCAGGCTTTGTTTGGCCCGCGCAGGCACGTAAGGCCGGGTCGCGTCCGGGCAAGTGTCGCACTGAGGACTGGTAAATTCCCGCATTCTCAGCAGGTTGGGGGCTGCACTGTCAAACCAGAGGGTGCGCCTGCTGCTGGTGGGCACGGTGCCCAGCGTACTTTTATCGGCATAGGTCGGCCCCAAGTACACGAGGCTTTTAAATGTGCCGCCCGCAAACCGCATGATCTCTGTGCTGTTCCAGAAATACCCCTGAGTCGGCCCCTGCCAAATCTTCGTCAGCACGGCATTCAGGCGGCTTCCGCCTACAGCGGGCAGCACCGCCACATCGTCTGCAAAGCCAGCCTTAAAGTAGACCGGGTTCTGACCGTTCAGGATCAGGGCGTCTCCGGCCAGTCGCTCGCGGTACAGGTTGGAAGCCCTGCCCGTGTAGCAGTTGGACACCAGATAAAAGGTTTGATTCTGGTCTGCTGTGAACCGCCCAGAGCCGCGAAACAGAACTTGAAAATCAGGGCACACGCTGAGGCCCCGCGCCAGATACAGGTCGATCAATGCGCGGCGTTCGGGCGGGCTAATCGGGGGCGGGGGCGGATTCACGCTGGCGTCGTAGATCAGGCGCGGGGCCGCCGCCGCTGTGCCTGCGAGGGCCAACAAGACGACAGCACCTACACCAACAAGCCGGGGCAGAAAACGGGCCATGAGGTACTGTACGCCCTCGGCGGCAGCTTGCAGTAAGGAATCTGCTGTGGAGAGCCGGAGTAAGCAGCGCCTCATTCAGATCAGCCCGGCTGTCCTTCCTTCTCCGCTAAGGGGCCGACTTTGCGTGTCCAGCGATCCGCATCCCGCGTTTCCACTTTAGTCATCATGCGCTC
NZ_CP011387.1_gap45	2457169	2458182	1013	CCTTTGGCGGTGGTGATCAGCTTCTCTACGAAAGGACGCAGCTCTTTGGCTTTCGTGAGGGTCGTCTGGATACGGCCCTCGCGCAGCAGTGCCGTGGCTTGGGCGCGGGCCAAAGCGGTACGGGAACTGCTGTTGCGGTTGAGCTTGCGGCCACTTTTACCGTGACGCATGAGGAATCTCCTTGAGAATAGGCGTGACTGCCTAGAGATGAATGGGCGAAAAGATCAGTCGCGCAGCGCGAGGCCGAACTGTGCCAACTGCTGCTTGATCTCGTCGAGGCTGCGCTCACCGATGCCGGGAACCTTTTTCAGGTCGCGGTCAGAGAGGGCGCACAGGGCGTCCACACTGTCGATGCCTTCTTCTTTCAAAGAGTGCAGGACGCGGGTGGTGAGGCCGAGGCCCTCGAGGGTCACGCGGGGCGTGTCGAGATCGGCGGGGTAAGGCTGAGGATTGATGCTGAGTTCAGGCTGACGGGGCAGGTCGTACACGCTGGGCGCACTGGGCGCGGCAGGCGTGTAGATGGGCGTCTGGACTTCCGGCGCGAGGGCAGGAAGGGTTTCGACGTTACCGAACACCGTGAGTTCATCACGCAGAATCTCGACAGCTTTGTCGAGCGATTCCTGAGGGGTCGTGCTGCCGTCCGTCCAAATCCGAATAATCAAACGGTCAAGGTCGGTCTGCTGTCCCACGCGGGTATTTTCCACATGGTAGGCCACACGGCGCACCGGAGAGAACATCGCGTCAACAGGAATAGAGTTGATGCGGTCTTTGGTGGCGTGCTTGTCGGCGGGCACGTACCCTTCGCCTTCCTCCACGCGCACTTCCATCACCAGCTTGCCGTCTTCGGCCAGGGTAGCGATGTGCAGGTCAGGGTTGACGATTTCGGCGTCGCTCGGAACCTCGAAGGCACTGGCCCGCACGATCCCTTCACCCTGCGCACGCAGCGTCAGGGTTTTGGGGCCGGGGGCGTGAAAACGCACAACCATTTCCTTGAGGTTCAGAATCAACTGAAT
NZ_CP011387.1_gap46	2459876	2462125	2249	GCCGTAGATGTAGGTCAGACCGATTTCGATCCGCTTTTCGCGGGGAAGGTCAACGCCTGCAATACGGGCCATTAGCCTTGCCTCTGCTTGTGCTTGACGTTGCTGCAAATGACCAACACGCGCCCGTGGCGGCGGATCACTTTGCAGTTGTCGCACATTTTCTTGACACTGCTGCGAACTTTCATGCTTCCTCCTCGCGCCGCCGAACCGCCACCCATCTTGGTGACCGCTTAGCTGCGCTCGACCCTCTGGCCCTGCACGCTGGCAGAACGGGAGAATCTCTTTGGGCAACAAACCCCTGAACCTACGTGTGCGCCGTTTTCAGTGGGGCTTTTGGCTGACGCCTAGGCCCAAACTGCAACTGCGCCTCCTCAAATCCCGCCCAGAGCCTAAGCTCGTGGGGCGTTATTTGCGGTAGACGATGCGCCCACGGCTGGTGTCGTAGGGGCTGATTTCCAGAACCACACGGTCTCCGGGCAAAATACGGATGTAGTGAATTCGCATTTTACCGCTGATGTACGCCAGCAGGTCATGTCCAGTGTCCAGCTTCACGCGGAACGTGGTGTTCGGCAAAGCCTCCTCCACGACGCCCTCAGCCCGAACGGTATCGGACTCTTCCTTCTTACGCTTTTCCCGCTGTTCCGGCATTTTTCGTCTTGCCACGCAACCTCCAGGCTTGATGCAAGCCAAACGTAAAGGTATCACAGGTAAGCGCAAGGGGCAAGAGTGAAGAAAGACTAAAGAGGCGAGGCGTGCAGTTGTCCAAGCCTCATGGACAGCAGCACGCCTTTAGGTAGAAGAAGGTCTTTTAGCCCGCTTGCCACACGTCTTGCATTACTCGCCAGAGCAGTTCCGGCACAGTCTGGAAACTGTAGGGGGCATGAATCCGCTCCAGGCGTTGGTGATAGTCGCGTCCCCAAGGGCCGATGTTGACGATGGGAAACTCCAGGGCGTCGGCGGGCACAGGGTCTACGTGGGCCGGGTGCGGCGTCTGCTCGCGCAGGCAGTTCTGTTCGGGCAAGTTGGCCGCCTGTCCCAAAAAGCTCATGTCGGAGATTCCAGCAAAGTGGCCGCGCACGCGCAGGCTCAGGCCCGTTTGCAGCGCCAAGTCCTGCGTATGTCGCGCAATAGCCGCCTTGAGTACCGCGTCGGCGGTATGGTCGCCCAAATGCGTGTGTGGGTAATGCAGCGCCCCAAAGCCGAGGATGATGGCGGGACCGTCCACTCCGGCGAGGCCCATCAGAGCCACCGTAATTTCACGGCTGGCCCGCAGGGGGTCGGGGCCAGACAGGGTGGATTCGATCCGCACCTGCACAGCTTCGGCTCCGACTCTGGCATCGGCCAACGCACGCAATTCGCCGTAAGTCAGCACTTTGGGATGCTGCACCATCAGGCGCGGGGCATTCAGGCTGCCCGCTCCCGCTGCCCGCCGTGCGAATTCGGCCTGAGACGAGGCCGCCACGTCGTCAGCCAGTCCCCGGAACAGGGCCAGAACCTCACTGGGCTGGCGCTGAACAGTCAGCACATTGAAGGCGCACCAGACCCAAGCGGGCGTAGTCACGTCGTATTGGGTGCGGCTGTCACGCAACTCTAAGCAGGCAGGCGCGGCGGCTTCGCCCAACTCCGAGCGGTCGGCCAGTTCCGGGTTGGCTTCTACGCGGCGCAGCAATTCGGCGGTCATCAGGCTGGCACTCACGCCGTCGAAGGGGTAGGCGGCGTGCGTGGGGCAGCCCACCACCAACGCCGACAACAACACTTTGCCCACTGTGCCGAGGTACGCCGCCCGACCCTCTTCTCCGCTGCCTACATCGGCGGTGGCGTCCAGATTCAGGCCCGCCACCAGTTTCAGGTTGCGGCGGGCAGCAATATCAGGCAGGTCATGGGCCACCGCCCGCGCTCCGCTGGAACGGCCTTCTTCGTCAGGAGTCGCCACGAACAGCAGGTTGCCGGGCCGCTGCTCGGGCGGCAGTTGGCTGTAATGTTCCAGCACCGCCAGCCCCGCCGCCAAGCCCCCTTTCATGTCCAGCAGGCCGCGTCCGGGCAGGAATTCCCCCGACTGCAAATCCGCCAGAGCCAACCGCTCGGCTGCCTCCAGGCCCCGGCTCACCGACTGGGTTTCCAGGGTGTGACACATGGTTTCCATCAGCGCCTCGGTTTGTCCAGCCAACGGTTGCCACGCGCCGTAGTCGTCGGTACTGACCGTATCGTAGTGGCCTGCCAGCAGCACAGTCTGCGTGCCCTGACCCTCC
NZ_CP011387.1_gap47	2467620	2470162	2542	GTTGTAGTTTTGCACGGCAAATTTCATGCCGCGCTCTGCCTTCACAACTTTAGAGGTGTTCGCCATATGCTTCCTTATTTACCGGAGACTTATTTCCGGAACGGGAGACCCATCGCCTGAAGCAGTGCGCGGGCTTCCTCGTCGGTCTTCGCGGTGGTTACGATAGTGATATCCATACCGCGCACCTTGTCCACCATATCATAGGTGATCTCCGGGAAGATCAGCTGCTCTTTGATGCCGAGGTTGTAGTTGCCACGTCCGTCGAAGGCGTTGGGGTTGATGCCACGGAAATCGCGGATGCGGGGCAGGCCGATGTTGATCAGCTTCTCCAAGAACACGTACATGCGCTCGCCGCGCAGCGTAACCTTCACGCCCACGGGCATGCCCTGACGGAGCTTGAAGTTGGAGATGCTCTTCTTAGCCTTGGTGATGATGGGCTTTTGAAGGGTGATCAGCGCCAATTCCTTGGCGGCTTTGTCGATGGCCTTGCTGTCTTCCTTGGAAGCGCCGAGGCCCTCGTTGATCACGATCTTTTCGATGCGCGGCGCGGCCATAATGGACGAATATCCAAACTGCTGCACCAGCGCGGGCCGGACTTGCTCGTTGTACTTGCCTTTCAGGGTCTGCATGCTGCCTCACGGGGTTCGGGCGATACTGCAACTGACGGAGCAGCCGCCCAGGTCACGCATTGGGCGCGTGACCCTGAGATTCAGTCGATGACTTTGCCGCTGCCGACAGCGACGCGGACTTTCTTACCGTCCACGATCTGCTTACGGATGCGGGTGGCCTTGCCGGTTTCGGGATCAACGAGCGCCACTTTGCTGGCGTGAACGGCACCTTCGCGCTTCTCGATGCCGCCCTGAGGGCTGCTGGCGCTGGGTTTCACGTGCTTGGTGACCATGTTGACGCCCTCTACGACGACTTTGGCGTCACGGGGCAGGGCCAAGAGAACCTTCCCGGTCTGGCCCTTGTCCTTGCCGCGCAAAACGATGACGGTGTCACCCTTTTTGACGTGCAGCTTGTCGTTGTGGTGAGAGCCTGCGCTGGGAAGAGGCATTACAAGACCTCCGGAGCGAGCGACACGATTTTCATGAAGCGGCGGTCACGCAGCTCGCGGGCCACTGGCCCGAAAACGCGGGTGCCGCGAGGCTCGCCCTGATTGTTGATGATGACGGCGGCGTTCTTGTCGAAGCGGATGGTGCTGCCGTCGGCACGCTTGATGGCGTGGCTGGTACGCACGACGACGGCTTTCACCACGTCACCGGCTTTCACGGCACCACGGGGCGCGGCGTCTTTTACGCTGGCCACGATGATGTCACCGACTCCGGCGTAGCGCTTGTTGCCGCCGCCGCCCGTCGTCAGGCCTTTGCCACCGATGCCGCTGTTCAGCACGCGGATGCACATGATTTCGCGTGCGCCGCTGTTGTCCGCCACGTCGAGGCGGGATTGAGGCATGATCATGCTTGACCGCCTTCAGTTTCCACCGCAGTGGTTTCGATGCCGCGGGGGCGCTCGATCAGTTTGGTGACCTTCCAAGTTTTGGTCTTGGAGATAGGACGCACGGCGATAATCTCGACGCGGTCACCAGTCTTGTATTCGTTGGCTTCGTCGTGGGCAGCGTATTTATGGCTGCGGGTCACGATCTTGCCGTACAGGGGGTGAGCAAACCGGCGCTCGACTTTGACACTGACGGTCTTGTCGGCCTTGTCGCTCACCACGACGCCCGTGAAGGTCTTTTTCATTTCTGCTCTCCAGCGGCGCTCAGCTGACCACGAATGGTATTCAACTGGGCGACTTCGCGGCGGAGTTGCGTCACGCGGTGGGGCTGGGCAAGCGTGCCCATGGCCGCCTGAAAGCGCAGCTCCATCAATTCTTTCTTGCGGGCGTCGATTTCTTTCTTGAAATCGGCGGCCTGCAAACTACGCATGTCACTGGGCTTCATCGTAAACCTCGCGCTTGACCATCTTGGTCTGGATGGGCAGCTTGTGTCCGGCCAAACGGAAGGCTTCCTTGGCCTGCTCTTCGGTCACGCCCGACACTTCGAACATGACGCGGCCCGGCTTCACGACGCTGACCCAGAACTCCACAGCACCCTTACCTTTACCCATTCGGGTTTCGGCGGGCTTCTTGGTCACAGGCTTGTCGGGGAAGATGCGGATGTAGATCTTGCCCCCACGGCGGAAGTGACGGCTCATCACGATGCGGCAGGCTTCGATCTGGTTAGACCGAACCCAAGCGGCTTCGAGCGCGATCAGGCCGAAGTCGCCGAAGGCAACGTAGTCGCCGCCCTTGGCGTCACCGGTCATCCGGCCGCGGTGCTGCTTGCGGTATTTGGTGCGCTTAGGAAGAAGCATCACTCACCTCCGCGCCGCGCGGTAGGACGGCGGCGGTTCGTGCGGGGACGGTCTCCGCCTTCGGGGCGGCGATCATCACGGCGGGGGGGACGGGCCAGCGTCTCGGTGCGGCCACCGATGACTTCACCGTTGAACACGAGGACTTTGATGCCCAGGATGCCATAGGTGGTGCGGGCCAGCGCGGTGCC
NZ_CP011387.1_gap48	2475349	2477343	1994	GGGGCTTCGTGCGCTCAAACGTTCCCTTTGCCATGATCTGTACTCCCTCCAAGAGGTGGATTCACACGCAAAACCGGCCCTTTGATCGGGTTTCCCCCGCGCATACCGCAGGGTTCGGGTGGTGTGTGCCCACATTGGGTTGATTCTCGCCAGGGCAGTGTCCCGCCATGCTGGCACGCTGCACCGGAACCGCGCGGATAATCCTACCCGCGAAAGCTCACGGCGCACCGACTAACAATTCTAGCTAAAACTTGCTCAAGGTTCAAGGCCCTGTTCATGCGGCGTTGGAGGTGTTGCCGAATAGACAATAACGCTCGGCTCATCGACACTCGGCGGCTCGAACCAGCTCTGAAAGAGCGCCAAAGCAGGGGCATCGATCAAGAATGTTCCAGCCTCTGCCACTGCGTTTCTGACGGTCAGACGGCGCTGAAGCTCGGGCAAAGGCACATCTAAAAAGATGACTTGGCAGGGGACGCCGATTTGTTTGGCCCGCGAACGGTAGAGGTCACGTTCGGCTTTGCGCCAGAAGCCATCATCCAGGAGCACGTTCAGACCCAAACCTAGCAGGCGGGCGGCCAGTTCCCATTGCAACTCACGGATCGCCGCCAGCCGTGCATCGAAGACTTCACGCGGCATGTGTTGGCCGAACAGCGGCACCATCCAGTCATCGGAAGAGAGTCGGAGCGTGCGTCCCTGAATCTCTAACTTGCGGGCCAACGTGGTTTTGCCGCTTCCGGGCAGGCCACACAGTAGTGTTAGCGTGGGCGTCATCTCCTCACCAGTTTTGGGCTACTTGTTGGCGTAAGCCTGCACGTCTTTGTCGAAGGCTCCGATGAGCATGAAGATACCCAGCACAGTGCCGAAGGGAAACAGCAGCAAACTCAATACCGCGATGACGATGCTGGACACCCGGCCCCAGCTTCGGCCTTCCAGCAGAGCGCGGCGCGTGAAATACAGCAGCAGCACGAGAGCAGACGTAATGAAAAAGGACACCCACAGCACCGTCGTGACCAGTTCGGGTGTCATTGGCGTCATGGGCGCACCTAGCGTTTTCTCGACTTGCAGCACCGTTTCGTTGATGGTGTCACCGGAAAAAGGCAGCGTCAGCAGCGATATGGCGTTGTAGATCAGCGCGATCAGCAGCGGCGTGGTCACGAAAGTCAGCCGGGGAGGGCGGGGCGCAGTGGGCGGGGGCGTAGGCAAACTCATCTCGCCCAGCCTAGCCCATAAGAACTCAAATCACAGGCGGGCCGCCCTGCACTCAACCAAGCACGGCGGCCCACACGCTTCATTCTGCTTGCCTCAGCACCTTTGCCTCAACGACTGGCGAAACGTTGCACATCTGGGTCAAACGCGCCGATCAGGATCAGCACACCGAGAATAGTGCCGATGGGGAAATTCAACAGGCCCAGAATGGCAATGACGATAGCGGCGACTCTGGCCCAGCCTCTCCCCTGCCCCATCGCCCGGTAGGTCAGAAAAGTAAACGCTGCCCAAGCCGCTGCGATGATAAAGCTGACCCATAGGGTCGCCCCTGTAAAAACCCGCAGAAGGCCCAACTGATCTGCCGTAATGCCGCTGGTCGGATCGGTGGCCGCCGTGTTGGCAATGCTATTCACCAGCGGAGCCAAAAAAGGCAAGACTGCCAGGCCCAGCAATTGCAAAATGAACATGATCAACAGAGGCGTGGTGACCCAAGACAGTTTTTGCGGCTTCATAGCTTCAAAGTAACATGCAGATACGAGAGGATCGGTGCAGATCAATAAAAAAGCCCCCGCCAATTAAGGCAGGGGCTTTTCAGCTAGCTAAAGCTTGCTGCTTACTTCTTCATCAACTGTTGGGCGATGTTGTTGGGCACTTGGCTGTAGTGGGCGAAGAACATGGAGTAGCTTGCGCGGCCCTGCGTCATAGAGCGCATGTCGGTGGCGTAGCCGAACATTTCGCTGAGGGGTACGAAAGCGCGGACGATCTGCGCGTTGCCGCGTGCTTCCATG
NZ_CP011387.1_gap49	2483503	2487886	4383	CCACCGCACCTGTACAGCTGAAACAGGGTGAACCTGCGTAATCCGATACCTGTCGGATGCAGTTGTAACGCAATGCTGATCCACCGAGTGCGGTGTGATAGGAGACCACCATCCGGTGCCCACAGTGTCCGCACCTCAGCACACCACTGAGGAGCCCAGTGCCCCGTTTCGGGGCACCCGACAACGATGCGATATTGCGGTTGGCGGCCATACGAGCGACATTCTGTTGGTACTGCTCCCAACTGATGTACGCGGGCACATGCTCTTTCAGCAACACATGCCACTGGCTCGGCGGCAGTGTCACCCGTCCGGTCGAGCTTCGTCCAGCCAGCTTTTTCTTGGGGTCGACCTGCCGTCGGCCATACGCATACACTCCCGCGTACATCGGATTGTGCAGCAGATTCTGCAGGGTCATCCGGTTGGGTCGGCGCCACGTCAAGAGGCCCCCACCAGCGCGCGTCCGCTCGCGGACGCCCAGCTGAATCCGTTCCTCCACCAGGTAGTGGAGTACGGCATGCAGGGTGCCCAATTCCTCAAATTTACGGAAGATCAACCGGATCACCTGTTGTACTTGCTCATCTGGATCCAGCTGAATCTGGCCGTACACATCCCGGAGATAGCCGCTCGGCGTCGGTGTGCCCAACGCACCCCGGCGGGCCTTGTTGAGTTTGCCCTGATGCATGCGGTTCTTGAGAATATGCAGCTCTGCTTCACTCATCGTGCCTTTGAGACCGAGGAGCAGTCGATCGTTGTAGTCGGCCGGATTGTAGATCCCGTCTGTGTCTCCAATCAAAGTTTGGAATAAGGCACAGACCTCCAGCAGGTGGTGCCAGTCGCGGTTCGAGCGGGCCAGTCGGCTCATCTCAATGCCGAGAATCAACCCAACGTGACCGAGGCTCACCTCGGTCACCAGGCGGGTGAAGCCCGGACGGCCCGCGGCGCTCGTTCCAGATTTTCCCTGGTCATCATCGATGACCAGCACGCGTTCTGGAGCCCAGCCCAGAGTGGCGGCGTGATGGACGAGCGCGTACTGGAGACGGGTCGATTCCTGATGCTGCTGAAGTTGGGCCAGCGTGGATTGGCGCACGTAAACGATGGCCAGCCGGTCGAGGTGGTTCACCTCGATCTTGTGATGACGTCGCACTTCAATGGACGCGGTCATGAGGCTCCTGCGTCTTTTCCGATGTGGTGGTCTGTAATTGCCGTTCCAGCAACCGAATCAACACCTGGAGCAGGCGTTGCTGACGTGCTGGAGAAAGGCTCAGCCAGAGGGTCGACGGGGGGGGAGATTCGATCCGGGCATAGGTGACCGTCCTCTACAAGAGCCGCAGCTCCGCTGCGGTGGATAAAGCGAGCGAGCCGAACGAGGCTGTCCAACCCAATGATAGGCCGAGTGGCTTCCAGCTTTACAGCGGTACTGGTGTTGGGACGTGGAAGTGATTCACCGCTTGATGAAGCAAAATCTCGGTCTAGCACGCTGCCGCTGTCGAACCATTCAGGCTCAAGATAACTGGGCCTGGTGTGTGGTGGAGGCTCTTCATGCGGTGCTACTCGTCCGTCAGGAGCAGCCGCAATTAACGTGGCGAGCGGCTCAGCACCGAGCGGCACAACACACAGAATTGTACGTCCTGACCGAGGTGCAGCCTGTACCACAACACCTCCACGCCGCCTGACACGCGATTGGGAGAGTGGTGGAAACTCTTGTTACCAAACATCACCCAAGCTCCACCATGCAAGTGAACAATGGCTGGAACGGGGTGGGGAGAACGCTGTTTGGCCCGCAGAAGATCAAGTCTCAGGTCATGGCGACTAAAAATAAGATCAGATTGCAACTCCAGCTCATCATTCACCCCGTCGCTTCCCCCGCTCCCCCCTCTTCATCCACCCAAATCCGTGCCGCGCCAAACCGCACATCCAGCTTTAAGCCCGCTAGATAGGACTGTAAATAGTCCGGCAATTCGGCCACGGTGAAGGGCGTGCGGGGTGCGGCCACCATGCGGTACAGGCCCACCTCACCGGGAATGTGGTCATACACGTAGGCTCCCCGGCGTTGGGGCGGCGTCAGGTGTTCGTCGAAGCCGCCCGCTGGCGCGTTGGGTTCCTCGGTTTCGGGGCGAACGTCGATCCAGACGTGCAGGGCTTCCAGCAGTTCCTCGGAGGCAAGGGCGGCGGCGGGCACGGTGGGATCGCCCGCCGCGAGGAACTGGGCGACGTGGCCCGCCTCGTCAGCGGCGAACCAGTCGAATTCCACGTCCGTAATTTCCTCGCGGGTGATGATGGTGTGCGTACTGAGATCAGGATTCACGTTGATTCTGTCTGTCTTGGTCATACCGCTCCCAAGGCCGCCGACACCACCTCGCGGGCTTCTTCCATCACAACTTGTAGGTGTTCCGCGCCCCGGAAGGATTCGGCATAGATTTTGTACACGTCCTCGGTACCGCTGGGACGGGCCGCAAACCACGCCTGATCGGTGGTGACCTTCAGGCCGCCGATGCCTGCGCCGTTGCCGGGAGCGCGGGTCAGCTTGCCCGTAATCGGGTCGCCGCCCAGCGTGGTGGCTGTGACCTGTTCGGGCGAGAGGTTGCCCAGAACCTTCTTTTGTGCGGCGTTGGCGGGTGCATCTTGGCGGTCATAGGCGGTTGCGCCGTAGCGTTCGGTGAGGGCGGCAAACCGCTGCCCCGGCGTCTGCCCGGTTTTGGCGGTCATCTCGGCAGCCAAGAGGCCGGGAATCAGGCCGTCTTTGTCGGTACTCCATGCGCCGCCGTTCATGCGGAGGAAGCTCGCGCCCGCCGATTCTTCGCCGCCAAAGCCGAGAGAGCCGTCCAGCAAACCTTCTACGAAGTATTTGAAGCCCACTGGAACCTCCACCAACCGCCGCCCGATGCCCGCCGCCACGCGGTCTATCAGCGCGCTGGACACCAACGTTTTGCCGATGCCCGCATCTGCTCGCCAGCCGGGGCGATTCTGGAACAGGTATTCGATCATGACGGCAAGGTAATGGTTGGGATTGAGCAACCCCGAAGCCGTGACGATGCCGTGACGGTCTGCGTCGGGATCGTTGCCGATAGACACGTCGAAATCGTCTTTCAGGCGCAGCAAACTCGCCATCGCGTAGGGGCTGGAGCAGTCCATTCTGATCTTGCCGTCCCGGTCAACGCTCATGAAGGCAAAACGCGGGTCGACAACGGTATTCACGATCTTGAGATTGAGGTTGTACTGGGCCTGAATCGCTTCCCACACAGGCAAACTGCTGCCGCCCAGCGGATCGACGCCGATATGCACGCCGCTGTGCCGGATGGCGTCCAAGTCCACCACTTCGGGCAACTGATCCACGTAAGGCGTGATGAAATCAAATGGTTCGAGGGCTTCCATCGCTTCGGCCAACGTCACACGCTTCACGTCGCGCAACTCGTTTTCGAGGATGGCGTTGGCGCGGGCCTGCACCACCCCCGTCACATCGGTATCAGCGGGGCCGCCGGAAGGGGGGTTGTATTTGAAGCCGCCGTCTTGGGGAGGATTGTGGCTGGGCGTGATCACGATGCCGTCGGCTAGGCCGCCCACTCCGGCGCGGTTGTGGGCCAAAATCGCGTGGCTGATCAGGGGTGTGGGGGTGAAGAATCCGGGCTGCACGCACACGCGCACGCCATTGGCCACCAGCACTTGCAGCGCCGTACTCCAAGCGGGTTCGCTGAGGGCGTGGGTATCGAGGCCCATAAACAGCGGCCCGGTGATGCCCGCAGCGGCGCGGTGTTCGGCCACCGCCTGCGTGACGGCCAGAATGTGCGCCTCGTTGAACGACCCGTTGACGCTGGTTCCCCGGTGCCCGCTGGTGCCGAACGCCACGCGCTGGAGGGGATCGGCCACATTCGGGCGGGTTTCGTAGTAGTGCGCCACCAAGCGCGGAATATTGGTCAGCAGGGATTGTGGGGCCACTTTGCCAGCCAGCTCACTGAGGGTCATGCGTCAGTTTAGGACAGGAAGCTCTGTGAGGCTTTAGACACAGTTCAAGAATTCACTCGGCACGGTGAGCCACCCCGCAAAATGTCCCGCCTCTCCCCTGTTACCCTAAGCCTATGCGGGAATTCTTGAACGACTGGTGGAGACTGCTGAAGCTGATCGTCGGCTCGCTGGCTATTCCGGTGGTGTTGTGGCTGCTGCTGGTCTGGGCTGGCGTACTGCGCTGAAGCACTCTTCGGGGGAATGGCCCTGAGCCTTGGGCCATTCCTCCCAACTGCACCGATAGCCAATCCTCTAAAATTTCGCTCTTTGGTCAAAGCAGAGTTTGATTCGGCCAACGCGCCTTTCCTACTCTTTATTCACCACTGACCACTCACAGAATTTAAGCGTCCGGGCGCTGCTTTCCCGGCAGAGTGGGTGGGCCAC
NZ_CP011387.1_gap50	2593406	2594789	1383	CCGTGCTGGGCTGCCGCCATCAGGGGCGTGAATCCGTCTTGCTGCGCGGCGTTGGCGTCGGCCCCGTGTGCCAGAAGTAAACCTGCCAATCCCGCGTGGTTGCCCGCTACAGCGGAATGCAGAGGCTGAACATTCATGGCGTTGGTGCTGACCGCGTTCACGTTGGCCCCACGTGCTAAGAGTTCGGCGGCCACCGCCTCCCGGCCAAAAAAAGCCGCCAGCCCCAGCGGAGTAAATCCATCGGCACTGACGGCATTCACAAGGGCAGAATCGCTGTCCAGCAGCGCCTGCAAAGGCTTCAGTTCGCCTGTGGCCGCCGCCTCGAAGATGGTCAGGGGTGGGCCGCCCAATTCCGTGTGTAGCTCAACCAATGCACGCGCCACTTCCGTTTTCCGGTAATAGGTGGCAAACAGCAGCGGCGAAACCCCCATCGGACTGGCCGCCGACAACAGGCCCGGAGTCGCCTGCACCAGCGCCCGCACGGTGTCCACGTCGCCCGTCTGGATGGCGACGAACAGCGGAGTTGAATCAGTCATGGGGAGTAGGGTAACGCGGGATGGGCAGAGCAACCCCCCCGTTGCTGGCGCAACGCCCCCCCTTAGACTTGAAAAGCTCCGCAGGAGAGGTGGGGACAAAAGCTGTTGCGCTCCCCTTTAAGGGGGCTGGCTGCGAACGCAGACTGGGGGTTCGCCCGCGTTACCCTACCTCCATGACCCGCCCCCAGCCTTGGCCGCGCCAGAGCTTTCCCTACCTGCATCCCACGCCCACGCGCTGGGCCGACAACGACGTGTACGGGCACATCAACAACGTCACTTATTACGCCTACTTCGATACGGCGGTGAATGCGCTGCTGCTGGCGCGGGGCGTGCTGGACATCCATTCGGGGGCCACGATTGGGCTGGTGGTGGAAACGGGCTGCACTTATTTTGCCGCCGCCAGCTTCCCAGAAGTGCTGCATGTGGGCGTGCGTGTGGCCCAGTTGGGCAACAGCAGCGTGCGCTACGAACTGGCGGTCTTTCAAGCAGACAACGACACGGCCTGCGCTCAGGGCCATTTTGTGCATGTGTACGTAGACCGGGAGACGCGGCGGCCCGTGCCTCTGCCTGCCAACTTGCGGGCGGTGCTGGAAGGCTTGCACGGCACATCGCCCTGATCTAAACCCAACCCCCTGATCTAAACCCAAGCCAAAGATGACGGCAGGCCCGGTGCGCTAGCGTGACCCTATGCGTGTGTGGATCGGATGCGGCGGCTACAGCAACGACGATTGGGCGGCTCCCGGCCTGATCTATGACGGCGTGAAGAAGGACGCCTACCTCGACGCCTATGCCCGGCACTTCGACGCGGTGGAGCTGAACAGTCCCTTTTACGGCATTCCGGGCCTGA
NZ_CP011387.1_gap51	2623232	2627003	3771	CAGCACATAACACGCCCCAGCCGATGATTTGAAGGCCAGTTTTCCAAGAGTCGGCCAACCTAAGAGCCACCAAACCGAAGGCAATCCAAGTGGCAACAAACAAGAAAAACGAAAGCAGCAACCAATCTGGCACCCCTTCTGCACCGCTTGCACCCATCCCGAGACCGACTATTACAACAAACGTTGGAATCACCATAGAAGCGGCTGCGATAGAGAGTCCGGCAGTCCACCGAAACACTCGCAATCGTTTTGCCCCGGATGAATGCCAGCCTACCCAACCAAGCCAACAAGCGGCGATGACGGGAAGCAGCAGAGCCAGAATGGTCATGGCCTAAGCTAGCGTGAGGCAATTGACCGAGAAATCAAACGGGGACGCAGTGAAACTTACCCGCTAACGGCCCCCCAAGCCGATAAATCCGCCGCCTAACCCCAGCCCCAGCACAAATCCCAGTACCCCTAGCCCGAAAATTTGAAAGCGCACCGCCCACGACTCGGCCAGTACCAACGCCACTAAACCGAAGGCCAGCCAAGCGACAGGCGGCACGATAGTGACCAGATTGGGCCATCCGAACGGCCCACCGCGCAGTGTGCCTACGCCGACGGCAAAGGCCGCTGTGTACGACAAAATCAGCATGGACGCGCCCGCAATGGAGAGGCCCGCTGCAATCATGACGACTTGCGCCCGCGCCGCGCCGGACGCCTGCCAGCCTGTCCAGCCCAGCCAGAGGGCCGCCACCACCGTGAGTACCGCGTAGAGGGTCATGGGGTAGCGTAGCGCGAGGCGGCAGAGGCCGGGGGCAGAGTGGGACGGGGTAAAACTGCTTCTACCGACGAACGAAGGTTGGCCCGCGCACCAGCGGCCCCAGCGTGTTGTAGACCGTGAGGGCGTTGTAGACCCCGGCGCTGTCTTGGGGGGAGCGCCAGCGATCAAGTTCATTGTCTGGGATGGGTTCCACGACTACCCGCGAATAGGCTCCAGCGTTGTAAGACTGGGTTCTGTATGGCGTGGTGCTGATCAGTGCGCCGAAGGGCATGGCCGAAATGGTGGTACTGCCCGCAACGGTGGTGGTTTCTATATGCTGAAAGCTGAACGGCGCAGTCATATAAAAGTACTTCTGGCCGTTGCCCAGCGTCAGTTCTGCGCCCCGAAAAGCCAGCGCCCGTTCTATGTCGCCCTCGCGGGCAAAGCGGGTGCCCACGCCTTCTATCATCCAACGTTGCCCGTCCCAGCTTTCTCTGAACGTGCCTTGAAAGCCGTAGTCGTTCTTGACGGCGGCGCAGCCAGACAGCAGCAGCACACCAGCAGCCAGCAGCAAACTCGATTTCATCATCTTCCTCCTAGCGGGCCGGGGCAAAGCACAGACGGAAGCGGGTGGGAGGACTTGAGAATAAAGGTGGAAAGACGGACTGTGTCATGGCCGCCCCGAATAGGCTTAACGGTTGGCAGAGCTGCGCTTACGACTCTGTCTTTTCCCTCCCCACTCGGCCCTTCCCACTCCGCCCCTTCCTACTACGCCACTTTGCCGATGCCCCCGCCCCGGCTGGCCGCTAAACTGCCCACACGATGATCAACTTCCTGAAGTGAAAGCACACGTTTCCCTGCGGCTCCCTCGGATATTCTGAGGCGATGCCCGGACGTGTGCTGTGCCCCGCCCCGCGAACGCTGTTCCGGTGGCCTTCAGGCGGCTTTGAGTCATGAGCTTTGAACAACACGATGATTGCTGCCACCTGCGCCGAACGGGGCATGTCCCACGTCTCACCCCCACACCCTCCCCCATAGGCTTCCACTGCATGCCCAGCCTTCCAGAAGAACGCCGGAAAGCCGTCCATTCCGTGAAAGCCTTCCTCTTCTCACTCGCCCTGCTCGGTTTGAATCTAGAATTCAAACGGAACTTTTAAGGAAGTGACCACACATAGATAAAGTCCTAGGGAATACCTCCGGCCTGCGTCCTGCACAACTGAAATCGCTGAGCAACCTGTACCGCCGCCGCATCGAGCCGGGGCGCGTGGGTTCGCCGGAATTGGCCCGCAACTTGGCCGAATTGGCTTTCGATATTCGCCGTGAAGTGAGCGTCCTCATTGACCGCCGGGGCCGCGTCATCAGCGTGTCGGTGGCCGATGCCAAAGCCGCCGAACTGCCCGAACTCCGCATGGGCGAGAACCGCCTCGCTGGATTCCATCTGCTGCACGCGCACCCCAAAGGCGGCGGCCTCAGCAAGGGCGACCTGTCCACGCTGTTTCTGAAACGGCTGGACGCCATGAGCGCCATCGAGGTTCGCGCTGCCAACGGCGAGGGCCAGCCCGGACTCGTTCACACGGCCCACCTGACCCCGCCCGGCACGGTGGGCGAGGAAGAAGACTGGCGCATCCTGCCGCCTGTGCCGTCCTTTCAGATCGACGAGTTTGATCTGGGGGCGCAGGTGTCGGCGCTGGAAGAAGAAATTGCGCGGGCCGCCCGCACCCGGCAGGCCACCAAAGACCGCGAACGCGCCATTTTGGTGCAAATAGATCAGGGCGAATTTGACGCCGACGAACGCCTGACCGAACTGGCCGAACTGGCCCGCACCGCTGGCGCAGACGTGGTTCACAAAGAACTGGTGTTTCGGCGCAACCTGAAACCCGGCACGCTGGTGGGCGCGGGCAAGCTGGAAGAACTGACCAGCCGCGCCTACCATCTGGACGCCGAACTCCTGATTTTTGGGCAAGAGTTGGGGCCAGCGCAGGCCCGCGAAATCGAGGCTGCCACGGGCCTGAAGATCGTTGACCGCACGCAATTGATTCTGGATATTTTCGCGCTGCACGCACAGGGCGTGGAATCGCGCCTGCAAGTGGAATTGGCGCAGTTGCGTTACATGAAACCCCGACTCCTAGGTGCGGGTGCACAGCTCTCACGTATCGGCGGGGGCGGGGGCAGCGCGGCGGGCGGGGCCATCGGCACTCGCGGCCCCGGCGAAACCAAGCTGGAGCTGGATCGCCGCCGGATCAATGACCGCCTGAGCTTCTTGGAAAAACAATTGGAAAACGTCGCCATGCGCCGCGAGGAACGCCGCAAACAACGCTCGCGCAACGAGGTTCCGGTGGTCTCTATCGTGGGCTACACCAACGCGGGCAAATCTACGCTGCTGAACGCCTTTACGCACGCCACCGACGAACCACGCCGCGTGCTGGCCGAAAACAAACTGTTTGCCACGCTGCGGCCCACCAGCCGTCAAGGCTTCATCGAGGGCATTGGCCCGGTGGTGCTGACCGACACGGTGGGCTTTATCCGCGACCTGCCCAAAGACCTGACGCGGGCCTTCCGGTCTACGCTGGAAGAAATCGGAGACGCCGACGTGCTGCTGCATGTGCTGGACGCCGCCAGCCCCGGCGCAGACACCCGCTTCGACGCCGTGAACCGCATTCTGGAAGACCTCGGCTTCCGCGATATGCCGACTGTGGTGGCCCTGAATAAAGCCGACGCCACCGATGAAGACACCCTGCGCCGCGAGCAGGGCCGCATTCTGGACACGGTGGGCGAAGAAACCCCGTCTATTCCCACCAGCGCCCTGAACAACCGAGGCCTAACTGAACTGCGGGAAGCCCTCGCAGACGCGATTAACCGGGTGCAGCGCGAGGAATTGGCAGCGAGAGAAGAAGTCCGGGAACGGGCGGCGGAGTGGCAGTAAACCGAACGTAGAACTTGGAGTGTTGATCGTGGAAACAGCTCAACCACGATCTACGATCCACCCACCACTCTCCATCTTTAGACTGTCGCAGCCTGCCGCCCCATCG
NZ_CP011387.1_gap52	2720308	2722633	2325	GGCGCACGCGGCGACGACGATTTGCGCGACCTGACCGCGCGGGCGGTGGCGGCCCTGCACGCACGTGGCGTCAAGGGCGTGGTGGTGGCCTGCAACACCGCCAGCGCCTTTAGCCTCACCCATCTGCGTGAGAAGTACGGCCCCCAGTTTCCGGTCATCGGGCTGGTTCCGGCAGTCAAGCCAGCCATTCAGGCCACCCGTTCGCGCGTGGTGGGCGTGCTGGCGACTCCGGGCACCCTGCGCGGCACGCTGCTGCAAGACGTGATTCGGCAATGGGCTGTACCAGCGGGCGTAGAAGTGCTGATGGCGGTCAGTGCCGCGCTGGTGCCACTTGTAGAGGCGGGCCAGCAAGACAGCGCCGAAACGCGGGCCGAACTGCGGCGGGTGCTGGAGCCGTTGCGGGCAGCGGGCGCAGACCAGTTGGTGTTGGGCTGCACGCATTATCCGTTTTTGGCCCCCGCCATTCGCGCCGAATTTGGCGATACGTTTGCCCTCGTAGACAGCGGCGCGGCGGTGGCCCGGCACACCCGCAGCACGCTAGAACGGCTTGGCTTACTTAGGCCAGAAGTCGTGTCACACACGCCCGGAATCAGCTATTTCGTTACCGGCTCGGTGCAGGCGGCGCAGCCTGTCATGGCTACCCTGCTGGCCGGGCCCATGCACAATACAGATCAGCACTTATCCACCCTCCCTACTTCTCCCCCACCCAGAGCCGACGCGCTCCGAATCGAGTCCATCCAAACATGACCAAAATGAACCACCAGACCCGCCTGCCGATCCGCGAGGGCCGCGACAGCCTCACGCCCCGCCCGCTGACCGTGCGCCGCAGCGTGAACCCGCACGCCCCCGGCAGCGCTCACCTGACGATGGGCCGCACCGAAATCTTGGCCACCGTGAGCGTGGAGGACAAAGCCGCGCCCCATATGCGCGGGCTGAAAGAAGGCTGGCTGACCGCCGAGTACGCCATGCTGCCCCGCGCCACCACCGACCGCCAAGCGCGGGAACGCAGTCTGCAAAATGGCCGCCGCCACGAAATCCAGCGCCTCTTGGGGCGGGCGATGCGGGCCAGCATGGATTTACGCCCTTTTCGGAATCAGACGCTGTACATAGACTGCGACGTGTTGGTGGCCGATGGCGGAACCCGCGTGGCGAGCATTCTGGCCGCCCACGCCGCCCTGCACGACCTGTGTGACCGCATGGTGCGGGCCGGAAAACTGAGCGAATGGCCCCTGCTGCACAACGTGGGCGCGATCAGCGTGGGGTTTGTGGGCGACGAACTGCGCGTGGATTTGGACTACGCCGAAGATAAAGTGGCCCGCGCCGACCTGAATGTGGTGGCGACCAGCACCGGCCTGCTGATAGAAACTCAGGGCGGAGCCGAGGCAGGCCCGATGACCACCGAAGAATTCACGCGCCTGATGACCACTGGAGTCGCGGCGGTGCAAGCCTTGATGGTGGACTTGGGGCGGCAATTGGCCGTGCCCCCGGGCGTCTAGCCCACCTGCCGCGCCCATGCGGGCCAAACGTCCCGGCCTGCGCTAAACTTGCCAGCATCTCAAGGAGGCTTCACATGGGCGTAACAGGATTTATCGGGCGGGCACTGCTCGCAAGCATTTTTATCAAAAACGGCCTTGACCACCTGCAAAACCCCGAGCCTATCGTGCGGGCGGCCAAGGGCGCGGAAGTGCCGGAACCCGAAATTGCCGTGCGGGCCAACAGCGCCGTGATGCTGGGCGCAGGCGCGATGCTGGCCCTCGGCGTGGCTCCCCGCTTTGCCACCACCGCGCTGGCCGCCAGCCTGATTCCCACCACCGTCATCGGCCACCCCTTCTGGGACAAGAGCGGCAAAGAGCGCATGCACCAGCAGTCTCAGTTTTTGAAGAATCTGGCGTTGTTTGGGGCGCTGCTGGCAGTAGGCAGCAGAAAGTAAGCAGTCAGTCGTTAGTAGGAAAAGATGGACAAGCGGGCCTACACAGAGAATTCTCTGGCAGGCCCGCTTTTTCTTACCCAACAATGGGAGTAATCCGTATGGCAAAAACGCCGGAACAGATCAAGCAGAGCTACTACACCAACATAGAAACCAAAACAGGCGTTACCATTCCCGACTGGCTGACCCAGATTCGTGCCAAATTGCAAGCCGGAGAACTGGCCCGCCACAGCGACATCGTAGATTGGCTGAAGACCGAACACGGCTTGGGACACGGTTACGCTACGTTGCTGGCCCATGACGCGATGAAGGCGGGGGAAGCGAGCTGAAGCTTGGGCAAGAACGTGGAGTGTAGATCGTAGATCGTGGTTTGGCCTTCCCCACGTTCCACGATCCAC
NZ_CP011387.1_gap53	2729907	2732695	2788	CGATGAGGGCGACTTGGCAGGAGCCTTCCGCGAGGGCCGTGACACCTATTTTTTCCTCTACGACGACTGGCTGGGCGGGCTGGGTGTATCGCGCCGTGCGTTCGAGGGTATGGATGACTTGTTGGCCCGCGCCTACCAACTGACCGCCAAAACGTGCTGTAACGCTGCCAACGGATGCTACGAATGCATTGCCGTGAGCCGCTGTTTTGCGCCTTTCTTGCCCAGCGGGGAGCGCCGACCCACCGACAAGGCCGCCACCCACGCGCTCCTCCAAGGCCTGTTGGGTGTGGAGGCCACCGCACACGTGCCAGACGCTGCCCCCCTGCCCGACACCGCGCCCGCCCTGCCCGCCGCGTGGCCCCTGCAAGCCCGCGAGTTGCTGGATTTGCACGGCTTGTCTCTGCCCGAAGTCAGCGCCCGACTCGGCATTCCCAGCCGCGAGTTGCAGCGGGCGGTCAGCAGCACCGATCCGCTGCGGGTCAGTCATCCTAAATTTGGCGAAGGCGTATTTATGGGCGGCTCGCATGCGGGAGAGCGGCGAGAAGTGCTGATCTATTTTCCCGGCGTGGGCCAAAAGCGCCTGCTACTGGCCTTCGCGGGCCTGACGGTGGTACCGGGGCCAGCGGCGCGTGCAGGACGGGGCAGGCGGAATACTTAGCGTCCGACATTCATGAGATGTGCGTTCCCCTGTTGACCACTCGCGCCTTTCATGCCTATACTCTGGTTCGCCGTTCGGTTTGGGCGGTGTGGGTCATGTGCTTTAGGGTGGCGACATCCGTGGAGTTTAGACATAGGGATATGGTGTAATGGCAGCACAACAGATTTTGGATCTGTTAGTTTAGGTTCGAATCCTAGTATCCCTGCCACAAACGAAGAAGCGGTTCTCTGCAAAGGGGCCGCTTTTTTTCGTGCTCATTCTGCCGATGCTCCCCCATCACACCCACCCGCTGAGCCGCTGTGATGATTAACCTGATCACATTTCTGACGCCACCTTTAGTGTTAGGCCGTTTTGGGCCGCACATGAGACCAAACGCTCTGCGCCTCATCTTCAGTCAGCCGCAATTCACGGTGAGTCAGGTACGCGGGCCTACTGTAAGGGCACAAAGAACGCACCGAAAAGACGCGCTGGGACAGACCCGACGCCCGAGGTGCGCTCCCCCCATCCCGGAGGTTCCCCCATGTCTACCCTTAAAATGATCTCCAAAAAACTTGCTCTCCTGACCGCCGTAAGTGCCGCCGCCCTGAGCAGTGTGTCGGCCCCCGCCTTTGCCACACCCAAGCTGAGCGCCCAGAGCATCATCGTGAACCCGGTGCAGACTACCCTGACGGCCCGTGTGTGGGTCGACCGCGACACCAGCGGCACCCGCGTGCCCAACTACAGCGTCGGCGACCGCATCACGCTGTACACTACTGTCAACGAAAACGCCTACGTGTACTTGTTCAACGTAAATCCCGACGGCACCACCGATCAGATTCTGCCCAACCGCATCAGCGCCAGCAACTACGTGCGGGCCGGAACCACCCGCGCCTTCCCCGCCACAGGGGATCAGTTCACCTTCGACATTACTGGCCCCAGCGGGCAAAACCGCGTACTGGTCATCGCCAGCCGCCGCGCCCTGAACCTGTCCGAACTCAGCTCTTACCAGAAGGGCCAGAGCTTTGCCACCGTGACGCCCAAGACCCCAGAGCGCTTGGCGCAGGCCCTCAGCATCGTAGTGAACCCGATTGCTCAGCCGGTACCTCAGCAGGATTGGGTCAGCGACACGGCGTTTTACAACGTGTACTGAGCAAGGTCTTCAACACGTCAACAGAAAAGGCAGGGACGTCTACCGAACGGCGTCTCTGCCTTCTCTCTGGCCTGCCCATTCTCTATCTCTATTCCTTAGACAGCACGTAATACGCCCTGTGCCCCGAACGCGCCAGATCGGTAATCGCGTAGCCGCGTGCAAGGTAGGAACTCAAGACGTCCCGCAGCGCATGCCGCCACATCAGGCGCACGGGTTCAGGCAGGGTTTCGGCGCGGGTGGGCACCTCGGCCAGCAGGCGGTTTCCGGCCAGGTATAGGCGGGTGATGCCCGGTTCCTGACTGTATTCGCGTTCCTCCAGCGCCATCTGCCCGCGTGCGGGGGGCACCGGACGGTCAGCGTGGGGCTGGGTCAAGTCCCATTCGGCCATCAGGCGGTCAGCGGGAAAAGCGGTGGCGCGGTTGTCTTCCAGGGCGTACCAGTCGGCGTGGTAACTGGTCACGGTTGCGCCCAATTTGCCCAAGTTCAGGCGGGCGTTGCGGGCAATCAGCGGGTCGAATGTCCACGTCATACGGGTCAGGCCTTGCCGCACGGCGCGTTCCCGCTGGGCCAGTTTCAGGGCCACCGCCATGCCAGAACCGCGCCAGTCGGGGTGTACGGCCAGCAGGTGCGAATGGTGCCAGATCCGCTCGCCCGACAACGCCGGAAACCCGAAGGCAAAGCCCACCGGGGCGGGGTTGCTTTCATCTGAAGGATACGCGGCCAACACGATTCCGCCCGTCATGGCGCTGATTCGCAGCAGGGTTCCGGGCGTCACCTCGCGGTCTGAGTAGCCCCAAGCCTCCACCTGCACGGCTTCCAGCGCACGCATGGCCCAAGGATCGGTTACGTCGCGGATCACGTAGGGGCGGGTGGGTACGCGGGCCGTCCCCGGATTGGCGGGCGGTTCCTGCATCAAGCGGTGCGCTCCTCGTGCAGTTCCGCGATGCTGGCGACAAATTCGCGGTTGAGGGTCACGCCGATGCCGGGGCCAGTCGGCACAG
NZ_CP011387.1_gap54	2739337	2743747	4410	CAGGGTGTGATGAAACAGCAGCATTGCCGGGCCGCCGCCAGACCGGGCGCTACCCCCTCATAAATGAAGGCCCTCTGGCACGGACTTTTTCAACTGTTTTGAACCGGACAGCCGTGCAGACGAACCTGCACACAAGGTCACAGTACCCGCACTAAAGTGGCAGGTACATGGCAACTCAATCTTCCCCCGGCGTGCCTCCCAACGGCTGGCGGACATTCTTGGCGCTGTGGGCCTCGCAGTCGGTCAGCCGATTCGGGAGCGCCCTGTCTTGGTTCGCGCTGACCATCTATATGGCCCAGACCCTCTATCCGGCCCCTGACCAGAAGGCCGAGTTTGCGCTGGCTACAGGCGCATTGGCAATTGCTGCCACGCTGCTGGCGGTGCTGGTGGCCCCCATCGCCGGAAGCTTGGCAGACCGCACGGATCGCAAATGCCTGATGGCCGTCTGCGACACCCTCAGCGGCCTGCTGACGCTGGGCATGGCGGCCCTGATGCTGTTCACGACTGCGCCGTTCTGGGTGCTGCTGCTGTTCGTGATCGCCACGCAGTCGCTCGATATTTTGCATGAGGCGGCAATGGACGCCAGCCTCGCCATGATCGTGCCCGACGAACACCTGACACGGGCCAACGGACTGCTGAACACCACCCGCCAAATCAGCGGGCTGCTGGGGCCAGCTACCGCCGCGCTCCTGATCGGCGTGCCCTTGATGCTGAGTCAGAACGGCACGGGCGGCTGGTTGGCCACTCTGCGAGACGGCGTGCCGTTTGCGCTGGCGGTAGACGGCCTGAGCTATCTGCTGGCCGCCGCTTTCCTGACGCGCCTGAACATTCCCAGCCCGCCGCCCGCCGAGAGTGCCGGAAGTGCCGTCGCCAACGTGAAGGCCGATACCCGCCTTGGCTGGACATACCTGCTGCGCCGTCCGCCGCTGCTGCAACTGCTGCTGATCGGGGCCGCCGTGAACTTTGCCGCCAGCGCCATTCCGGTGTATCAGACCCTCCTGACGCGCTACACGCTGGAAGACGACTGGACGACACGCGGTCTGGGCTTCGCGGCGGCGTTGGCCATCATTACCACGATTACTAGTGCGGGCATGGTGCTGGGCGGCGTGGTCATCAGCGCGTGGGGCGGCCTGAAACACAACCGCGTGTTGGGCATTCTGGTGCCCAGCCTTGTCATCGGCATAGGCATCATCGGCATGGGCCTCAGCCGCAGCTTGCCCCTTACGGCGGCGCTCTTCGGCCTCACAGTCTTTTCTATGCCCTTTGCGATGGCCCACAGCGGCGGCATCTGGCAGGCTCAAGTGCCCCGCGAAATGCAGGGCCGCGTGTTCGCCGTGCGCCGCGTGATCTCGCGCTTTACCGTGCCGCTGGGCATGGCGTTGGTGTCGGCCCTCGCCACAAGGTTTCCCCCTGGCCCGGTCATCGTGGGCATGGGCGTGCTGGTCGTGGTGGTGGCCGCCGTGCAACTGCTGAATCCCAGCGTGCGCCGCGTGGATGACCGCGAGTATCTGGACGGCTTGGCGGCGGCGAAGGGCGGGTAGAGATTTGGGTTGTAGGAAGTAGAAAAAGCGGGAAGCCCAGATTCAATCTCAGGGCTTCCCGCTTTGGTTGGTATTGAATCTTATTCAGCTTGAGTGGGAAGGTAAACCCCCCTGTTGCTGGCGCAACGCCCCCCCTTAGAGGTGGGGGCTAAAAGCTGTTGCGCTCCCCTCGAGGGGGGCTGGCTGCGAAGCAGACTGGGGGGTTCGTCCGGAATCGTCAGCTCTGAGCCGTTCGCCCTTCCTTAGACCCTAGACCTTTAGACCTGCCCCCTCACTCCCGGTTGATCTGGCCGTACATAAACTCGTACTTCCCCGTCGCCTCGGCCAAGCGCAGCGGCTTCACTCGCTCTACCAGCACTTCTCCGCCGTTGGGCAACTGGCCCAGCAGCGACATGGTTTCGTCTATGAATTCTTGCAGCGGCATGGCGTGAGGGTCATTGGCCTGATGCGCTCCCATCAGTTCCGTTTGCACGTAGGGCGGCACCAGTTCAAACACTTCTACAGCCGTGCCGCGCAGTTGGTGGCGCAGCGATTCGGTGTAGGAATGGATCGCTGCTTTGGTGGCGCTGTAGGTGGGCGTCAGGGCCATTGGCACGAAAGCCAGCCCCGAAGACACGGTCATGATGGCGGCGGTGGGCTGGGCCAGCAGGTGCGGCAACAGCGCCGCCGTGAGCCGGATTGGGCCAAGCAGGTTGGTGGCGACAGTGGCTTCGGCAGAGTCCAGATTGCCGCTCTGAATTTCTTCTGTCTGCATGATTCCGGCGTTGTGAATGACCACGTTCAGGGCCGGAAAGTCGGCGGTGAGGCGGGCGGCCACTGTGCGAATGTCTTCGGCGTCGGCAATATCGAGCACAACTGATCTCATGCCCGGATTGGCCGCGACGGTTTCATCTAGTACCGCTTGGCGGCGGCCCGCGATGATGATCTGGTTGCCCGCCGCATGAGAAGCTTCGGCCAGAGCGCGGCCAATGCCCGATCCGCCGCCCGTAATCAAGATGGTATTACCGGTATAGTTCATGGCGTTTCTCCTTGCCATGCATCGTAGACTCTACACGTACCAACGGGAAGAAGGCACCGTAAAGTTCTATACTTACCCAAAGGAGAGTAACGTGCTAGACGATCAGAAAAGGATTAGCGCAACCTTAATGCCTATACGAGACGCTTCAGAACACACCCAACAGGAAGACCCCGAACTTGACGCCCTCGTGCGCGAGATTATTGGCCGGGTGGCCGACAAATGGACGATGTTGGCCTTAGAGACCCTGACCGAGCACGGCCCGCTACGTTTTACCCGGCTCGGAGAACTGATCGGCGGCGTGAGCCAGAAAATGCTCACCAAAACCGTCCGCCAGATGGAGGCCGATGGCTTGGTTACGCGCACCGTCTTTCCAGTGATTCCGCCCAAAGTGGAGTATCAGTTGACTGAACTCGGCCTTAGCCTCAGCGAAGCGTTTTGCGGCGTGTGGATTTGGGCCGAACAGCACCGGGGCACGATTGAGGAAGCCCGCCGAGCTTTTCAGGAGCGGCGGGAGGGGACGGAGGAATAGGGATAATTCTGGGTGGTTGGTCTAAGGTGCTGGGGCGGGTTCGTCTTCCCGGTGGCCCCCTCACCCCGTTGCTTCGCAACGCCCCTCTCCCACAAGGGGCGAGGGCTAAAAGCAAGAGCAGAGGCCCATGTTTAGCTCCTCACCCTTGAGGGGGTGAGTGAGCGCCAGCGATTGCCCTTCCTCAGACCCTTAGACGCCCTCTCACCCCATTCCGAACCGCGCCTACTGCCGCTCCAGCCATCCCGCCAGCCAAGGCAACTTCTGGCTTACTTTTTCGCGCAGGCCGCCCCAGTAGCGGCGCGACCAGCCTTCCATGTTGCGCTGTTTGCCGCGTGCAATCGCCAGTGCGCCCTCGGGAATATCATCGTGAATGGCGCTTCCGGCAGCGATAAAGGCGGCGTCGCCGACCGTGCGCGGGGCGATCAGGGTGGAGTTGGAGCCGATGAACACGCCCGCGCCCACGCTGGTCTGGTGCTTGTTCACGCCGTCAAAATTGGCGATGATCGTGCCCGCGCCGATGTTGGTTTCTGCGCCCACCGTCACGTCTCCGAGGTAGGCGAGGTGCCCGGCCTTGACTCCATCGTCTAGGCGGGCATTCTTGGTTTCCACGAAGTTGCCGATATGCACGCCCGCTCCCAGCACCGAGCCGGGGCGCAGGCGGGCAAACGGCCCCACATCGCTGCCCGCACCCACAGTCGCGCCGTCCAGCACGCTATGAGCCTTGATAACCACACCCGCTTCCAGCACGCTGTCGGTGATGACGCTGTAGGCTCCCAGCGTCACGCCGTCGGCCACGCGGGTGTTGCCGCGCAGGATCACGCCGGGTTCCACAGTCACGTCCTGCCCTAGTGTCACGGTGTCTTCGATGGTGTTGGTGTCGGGATTGATGAGGGTCACGCCCGCCCGCATATGGCCCGTGTTGATGCGCCGCCGCAAGATCGCTTCAGCTTCGGCTAGCCCGCTGCGGTCATTGGCCCCCATCACCTCGTCTATATCGTCCAGCTTGAAGGCGTGGGCGGCGGCTCCGGCAGCGCGGTAGAGGGCCAGCAGATCGGTGAGGTAATACTCGCCCGTGACGCTGTTGGGCACGATCTGGCGGGCCAGTTCGGGGGCGCGGGCGTCCATCACGTATACGCCGGAATTGAATTCGCGCACCGCTTTTTCAGCGTCGGTGGCTCCCTTTTGCTCCACGATGCGGGTCACGTTGCCTGCCTCGTCGCGGATAATTCGGCCATAGCCGGTGGCGTCGGGCAGTTCTCCGGTCAGGATGGTAAACGCGCTGCCGCGAGACTGATGATCGTGCAGCAGAGCTTGCAAGGTAC
NZ_CP011387.1_gap55	2745201	2745975	774	AGTCCCGGTCATGAACAGGGATTGAGGGCAGAGTCGCAACGACAGCGGCCCATCTTCCGCAGGGAAGACAGGCCGGAACAAGCACAGATTTACAACTCTAAAGCAGGTGTTTCTTCAGCGGGCGGCTGAATGCGGAACACGCGGGACAGTACGACGCCCAACTCGAACAGCAGGTACAGCGGGCCAGCCACCAGCAACATGCTGCCGGGGTCGGGTGTGGGTGTGATGATGGCAGCGGCCACCATGATGCCCACGAGGGCAAAGCGCCAGCCCTTACGGAGCATGGTGTGGTTCACGATGCCGATGCGGGTGAGGATCACGGCCAGAATAGGCATCTCGAACGCCAGCCCAAACGAAACGAGGAACGTAATGATCATGCCCATGTAGCTGGCAAGATTCAGCAGCGGCGTAACAGTACCGCCTAAGAAATCGACGAAGAAGCGAACCATCGTGGGCAGTACCAACTGAAAGCCAAAGACTACGCCAGCAGCGAACGCCAACCCTGCCCCCGCAATAAAGGGAATAGCCCACTTGCGCTCGCTGGCATAGAGGCCGGGGGCGACAAAGGCCCAGACTTGCCACAAAATAAACGGCAATGCCAACGCCAAACCCGCCCACAGCGAAATATTGAAGCTCAACAAAAATTGGTCGGTGAGCTGGGTAACGATCAGTTGAACTTTGTTCTCTTGATAGAGCCGCGAATATTTCAGGGGTTCTTTCAGCAGCTCAATCAGGTCGACGCGGTAATTCCACGCCACGCCCATACCCGCCACC
NZ_CP011387.1_gap56	2770671	2775647	4976	CGCCGCTGCTGGCGGGCCTGTACGAAGCCCCCGAAGAGGCGGTGGCATGGATGGCCGGGGCGAGTGTGGCCGCGTGGGTGGCCCTGAACGACGAGGAAGTTTTGCTGGGCGCAATCGGCGCACGCCCCAGCCCCCATTGGGGTGCAGAACTGGTGGGCGGCGCGTTTCCGGGGCCAACCCAATACGCGGCGGCGCTGGCACTGGCCCAAGCTGCACAGGCCGACTTGGGCCGCGTGTACGCCTTTGCCGAGCCGCACCTGTGGCCCTACGAAGCTCTGATGGGTGCGGGCTGGCGCGAAGTGGGCGCGTACCGCCGCCTGACGGGGCGCATGCCCCTGCGTCACCTTGACCCGCCCGCTGGAGTGACCCTACACCCGTTGGCCGCCGTGCAGGATTTAGCCGTGCGCCTGGACGCGCTGACGACGTTTGAAGACCGGGTGGGCCACCACGCCGTGCTGCCCGAGTTTGCTATAGACGGCGCGGCGGGTTTCGACTCACACCTCAGTTGTATTGCGTTGGACGATCAGGGCCGGGGCATCGGCCTGTGCCGCGCCAGCATAGAAGACGGATTGGGGCGCATGGATTCGCCGGGCGTGCATTCCGATTGGCGAGCCAGTGGGTTGCGGGCCGCCCTGCTGGACGCCGTGAACAGTCGGTTGCGGGCGGCGGGCATCACGCAGGTCAGCCTCGATTCTTGGGGCGACACGGCGGCGGAACTGGCGCACGACTTGAAGCTGGGGCTGCATGTGGTGGATGAAACGCCTATTTATTCGGCTCCCTTATCCGGCTGAGTTTTTGGAATGGCTTGTTGGGGCTTGTCCCACGTTGGATTCCCCCACCCCCCCGCCCCCGCCCCCAAAGGGTGCAGGGGAGTGGTCGCTCTGCTTCGCAGCTCTGCGAGTCCGCTGAGGAGGATTGATCTTGTCGCATTCAAACTCGGCTGAATCGTTCACCTGAAGCGGAGTTGCCAGTCGGCTTGAGCATGGAATTGGCCCGCGCGTTGCACGCACGACGGCCTCACACGGATGGGGCGGGGGCGATTTAGGGTGGCGGTGTCGTGGTTTTTAGCTCCTCACCCTTGAGGGGGGAGGTTGGGACTCGCAGAGCTACGCAGTAGAGGGGGTGAGTGAGCGTAGCGATTGCCCTTGCCTTTCCTTAGACCCTCGACCTTTAGACCCTTAGACCACCCCCACGCAAAGCCCGTCCCACCCCTCCCCCACTCCGAATGCTCTAGCATTCCCGGCGTGAGCGGCGACGAAAGCAGCAATGGAAGCAGAACGGAAGGCAGTCATCTGAATCTGGCGGTGGTGCTGGTGTCGCCCAAAACGCCCGGCAACATCGGTTCGGCGGCGCGGGCGATGCTGAATATGGGGGCCAGCGACCTGCGCCTCGTGGCCCCGCGCTGCAACCATCTGGACGCTCAGGCGGTGGCGATGGCTGTGCATGCCGAGACCCTGCTGCGTTCGGCCCGTGTGTATCCCACCTTGCGCGAGGCGTTGGCAGACCGCGACATCAGTGTGGGCACCACCGCCCGGCAGCGCGGAGACCTGCCGCCGCCACGTCATCCGGCGCAGTTGCGGCCTTTGGTGCGGGCCGCCGCCGCCCCCGCGCTGGTGTTTGGCCCCGAGGAAACTGGCCTGATCAACAGCGATTTGGAACAATGCCAAGTCACGGTCAGGATTCCTACCGGCGATTACGCCAGTCTGAACTTGGCGCAGGCCGTGCTGCTGGTGTGCTACGAGTTCCTGCAAGGGCTGGACGATGTGCCCGACCTGGAGCGCAAAACCGCCACCCGTGAAGAAATGGAAGCCATGTACGGCCACCTGCAGGAGACCATGCACCTGATCGGCTACACCGACGCCGTGCGTGCCCGCCATACGCTGCGGCTGTGGCGGGCCATGTTAGACCGCGCCCTGATGAACAGCGCCGAGAGCCGATTGTTCCGGGGGTTTTTGCGGCAGGTGCATTGGAAAGTAGGCGATGCGGGACGGCGGGGAGCAGAAGGAGAGGCAAGACAAGGAGAGAGCGCAGGCACGCCGGAAAGCTGACTAGCAGCTCAAGAAAGTGCCGATCATCCCGACTGATGTTGCTTCAGCTCCAAGGATCAGCCCCTCTGATCCAATCCCAGAAGAGTTGAAGCACTGTCCTTTTGCCCGAAAGCACTTGGGCTTCCCCCACCATTCCTACCACCAATGGACGGTCTTTGAGGGCCAGCGCCCGGCCCTGCTGGGGCAACTTGATTTCTACCTGATAGCTTACGCTTCCGCCTTTGTCTATTTCGCTGGTAGGAGCTACGCCCTGAAGAATAGCCTTGGTCACGCCATACTTTTGCCGAGGGTAGCCATTCCAAGCAATATGAACTTGTGAGCCTGCCCGGAGTTTCGGGCGGTCTTGTTCTGCAGCGTTGCCACGGAAGACCAAGGGAACGCCTTCTGGCAAAATGCCAAGCGCGAGTTGTCCTGCACTGAGGGTTTGGCCCACATGTAGATCACTCAGTTGCATAACTTGACCATCAATCGGGCTAAGCACATCAACCTTCTGATTCCGCGTCAGAAGAGCGAGCCGCGCCTGTACAGATGAGAGTTGTGATTTTGCTCGCTGCAACTGAGCTTCAGCCGTATTCACAGCATCTACCGCTGCTTCTAAATCGACGCGGGGCAGACCGCCCAAGTTGAAGATGATTCGGGCGCTGGTTTCTGCACGGCGTTTATTATCCAGATCGATCTGAGCCGACGTTATTTCTTGCTGCGCCTGACTTGCGGCGCTTTGCTGAATGGACAGTTGCAAGGCGGCGTCTTGCGGGTCACGCGCCAAGGCATCGAGCGTAAAAAGCACTTGCCCTTTCTTGACCCGTTGCCAAAGCTGAATTTTGCCTGCAACGATCCGCCCGGCGCTTGGTATATTGACCTCTACCGGGCGCGTTTTGGGGGTCAGTGTGCCGCGTACCTGTGCGTACACTTGGACTGTCGCCACCGATGCCCAACCGAGTGCCGCCACCAGTCCTAGGGCCAAAAACCAAAGCATGATGCGGGGCAGGCGACTGAGAGGGTGTTCCCACTGATGAGTCTCTAACACGACACCACTTCCTGATCGGCAGGAGTGCTGTTTATGGGCAGTGGATTGACGAACGGCTGAATCACGCCGTCAACGAGTTCGACAATCTGATCTGCGGGTGACATTAGCGCGGGCCTATGCGTAATCACCAACAGCGTTTTCTGTCCCTTCAGACTGCTTAGAATTTGCACTACCCGCGCTTCCCGGTTCAGATCGAGGGTGGCCGTCGGTTCATCCAAAATCAGAACGTCTGCATCTGAGAGCAGCAGGCGGGCCAGCCCCAGCATCTGCCGTTCACCACTGGAAAGGCGGTGTGGGCTGTCTCCGCCCAAGGTGGTTTGGAGTCCTTCCGGCAAGCGGCGAACGATGGTTTCCATTTGCAGCGCCCCCAAGACATGGCGCACCCGCTCTTCTGCAATTTGCCTTCCTAGGGTTAGGTTTTCCAACAAAGAGGCATAGAACATAGGCACTTCTTGGCGCTGATAGGCCACCCGTGACCGAATGGCCTCTGGCGTAAAATCAGAGAAGGGCAGACCGTCCCACACGATCTTTCCCGCCGTCGGTTCCAGCAGCGAAGTCAGTACGTTACAAAGCGTAGTTTTGCCGGAGCCGTTGGAACCCAGCAACACCGTGTAGCTGCCCTTTTTGAGAACAAGGTCAATGCCACCGAGGATAGGCCGATCTGGAAGGTAGCCAAATTCGAGCTGTTCGATCACCAGTTCAGTTGTTAAGGGCGGCAATTCTTTTATTCGGCCCGTGCCGTCTTCTGTGGGCAGTTCTAGAATTTCGGCCAACCGGTCTGAAGAGACGGTGCCTTGCTGCACAGCTTGAACCGTACCTATGAGGGTAGACAACGCGCCAACCGCATTATTGGTCAGCCCGTAAGTCGCCACCAACTGCCCCACTGAGAGTTGTCCGTCAAGGACTTGGGTGGCTCCGTACCAAAGCGTGAACAGGGAACCCAAACTTCCCAACAACCCAAAGACCACCGAACTGTTGTTGCTGAGCAAAAACCCCTGCCAAGACTGATCCATCAGCCCGCTGATCTGGTTGCGGCCTTTGGCAGTGGCCCACTTTTCGGCGCTGAATGCCTTGATCGCACTGATGCCTTCCAAGTTACCAATCAGGAAACTGTTGAGTTCTCCGCTCTTTTTTAGCACCTTGCGGCTGTTGTCGCGCAGGCGAGGAGCAATGGCAAAAACGTAGATAATGTCTAGAATCAAGCTGAGCGAGGCCACAAGTGCAAGCTGAATATTATAAAAGGCCAGCAAGCCCAAGCTGAAAATCAGGGTCAGAACGGCCACTGGTACGCTAATCATCAGACTGGTTAGCACACCGCGCACATTGCTTAAATCTCCGTTCCGCTGGAGCAGATCGCCTACCAACCGCGTTTCGTGGATTCTGAGGGGCAAGTTGAGCAAGTGATGCAGGTAGCCCATTTGCATCTTGTAATTCAGGGCCATTCCCAAATGACTGGAAAGGTAAGACCGGAACGTACCGATTAGAGTTTGCAGCACCGCAAAACCTAAAATGGCCCAAAGCATATAGGGCAGCAATTGCACTTCACCAAAAGTCAGCACCCGGTCAAACAGCACTTGCGACAGCAGCGGCGTAATGAGTGAAAAGACGCTGAGCATCACGGTTCCAATCAGGACTTCTACCAAAACTGGCGTTGCGCCCCTGAAATGCACGAGGTGAGACATCAGCCCCGCGATCCCCCGTTTGCCTACAAAATTACCTTTCTCAAAACCAAGCAAAGGCTTCAGCCAAAGCACGTTTCCTGTCCATTTTTGGGAAACTTCAGAAAGGGAAAGCCGCCGAATCCCCACAGCAGGATCGGCAATGGTGGCCCACTTGGGCGTCAGCTTAAGCAGCACCACATAATGATTGTGTTCCCAGTGCAAAATAACGGGCAAGCTAAG
NZ_CP011387.1_gap57	2795545	2800273	4728	TCCGGCGTTGGCGTGCCATCTGCCCGGAACTGGTCATCCGGTCTACCTTCATCGTGGGCTTTCCCGGCGAAACCGAAACCGAGTTTCAGGAGTTGTTGACCTTTTTGGAAGACGCCCGTTTAGACCGCGTGGGAGCCTTCCCCTACAGCGATGTGGACGAAGCCGACGCCAACAAACTGGAAGGCGCGGTGCCGCAGGCCGTGAAGGAAGCCCGCCTCGCCCGTTTTATGGAAGTCGCGCAGCGCATCAGTGCCGAAAAACTGGCCGAGAAAGTGGGCCGCGTGATGGACGTGATCATCGACGAATTTAATGATGACGAAGACGACGCCCCCGGCACCCGCCTGATTGGCCGCACCAAGGGCGACGCCCCCGGCATCGACGGTCAGGTGTATCTGTTTGCAGGCGAATTGGCCGGGCAACTCAAGATTGGCGACATCGTGAAGGCCCGCATCGAGGACAGCGACGAATACGACCTGTACGGCGAAGTGCTGGAGCGCCCGGAATGGAAGCCGAACGTGCCGCAGTTGGGCCACTTCGGCAAGCACTGATCGGGAAGCACTGAGACTCATGCACGGAGGCTGAGGTTCCGAGTAAGACCCCAGCCTGCTTCGCCGCTCCTAAAGTCCGTTCGTGTGGGCCAAGCCTGCGCGTGCCAGCTGAGTTAGGGCAGCACCAGACGCGGCGTCGGCGCAGGCCCCAGCGCCCGCTTCTGCACTTCTTTCAGGGTCGCTTCTCCGCTCGTCTGAATGCCGTGCCGTCGGAAGCTCATGCTCAGGCTGTCGGCGTCGCGGCGCAGCAGTTGGGCAAAGTTGGGATTTTGCCGGGTCGTAAGCTGCGGAAAGTCGATGATGACCACGGTTCCTTCCTCCTCGTTTTGAATCTTGGTGTTCGTCATGTCGGTGTGCTGCATGTCGTTCTCGTCTTCTTCGGCCTGCAACTCCGAATCGGCGTGCTGCGAATCCAGTTGCCACAGCAGGTTGTAGGTGCTGTAATCGCCGTGGACGTACCCCAGCCGGAGCAGATGCGCCATGCCGTTCAGGCTCTGTTCCCAAGCGCTGCGGGCTTGCGTGGGCGTCAGTACCGCGTCGCTGAGGCGGGGGGCGGGGGCGTCTTCGGTGCCGATCAGGCGCATCAGCACGGCGGGAGTGGTCTTTTCGTAATCGAAGGGCGACGGCCCCACGAGGGGTTCCGGCACGCTCAGGCCCGCATTCCACAGCTTCCAGAGGTGGGCGTATTCCGCCGTTACCCAGCCCATCTGCAACATCGCCAGCCCCTTCAGGCTGCGGCTCTGCATGGCTTTTCTGGCCCGTTCGTCCAGAATGGTCTGGCCTTCACGGTAAATGGCGTCATTTTTGAAGCTGCGTGCTTCCAGTTCCCGGTACAGCTTCACCAGAATGCTGCCGCGTGGGCCGCGTGCCACATACGCGGTGGCCTCTTTGCCGCTCTTCAATTCGGCCACGATCTCGGTGATGTGACCCAAGTCGGTCAGCCGTTTGATGATCTCGTCGGCCTCGCCCTCCGAGTCCTTTTTGAGCGTCGCCAGTTTGCGGCGGCCCAGTGGTTTCTTAACTTTGTGCTTCTCTTTGCGTTCCGGCCCGGTATCAAGGTCGTTCAGCTCGGTATCCAGCCAGTCTTGGCCGCCGCGCTGACTCATGGGTGGGCCTGCCGGGTGTTAAGGGGTCGGGCTTGGGCGTGCCGGGTTCTCAAAAGTTGGTGCTGCAAAATCACTCCAGTGGGCGGGGGCGAGGGTTCCTGTGGATTGGATCAGGGAATCAAAGATGTTGTCGGTCATGTTTGCAGCACCTCCTTTCGGTGTAACCCCACCGTAGCAGGTGCGGGGTGCCTCGGCCAAGACCACCCGGCAAGGTAAGCCATCACGCCTAGGCACGAATGCAGATTTGACCCTATTTGGCGTGCGGCTGTGGCGTGCATCTGCGGTAATGCGCCGGTCACGCTGCGGTCACTGCCTGTTTTGCACTCTGAAGCTACCTCCGGTTCGGGCGGGTGAAGGCCCCTCCGCCCGCCACACTGGGGGAATTGGGGGGAGTGTATGAAGCACAAGAAAGCCGTCCGAACCGCCGTTGCCGCCGTCTCTGTGTCGTTGCTGCTGGCCTCCTGCGGGGTGCTGCAAGAAATCGGAACACCCGTCATGACACTGAACGACAGTGGGGCAGGCAGCCTGCGCGAAGTATTGGCCGCCGCCGCGCCGGGCGACACGCTGCGACTGGTGGTGCCGGGAACCCTGACCCTCGGCAGCACGCTGGTCATCGACAAAAACATTACGCTGCTGGCCGACGGCGTGACCATTGATGCTGGGGGCAAGGGCCGGGCGCTGGACGTGGCGAGCGGCGCAACCGTGACCCTGAAGGGCGGGACGCTGCGGGGCGGGGACGGTTTGCCGCTAGTGGACGCTACGCCCCTCGCCACCCAACCTCTCGCCACAATCCCACCGAAAGTGGGCGGCGTGATTCTGAACCAGGGCACGCTCATTCTGGACGGCACAGTCATCACCGGGGGTAAGGCCGAACAGGGCGCGGGCGTATACGTCGGTCAGGGCGCGAGCCTCACCCTGAAATCGGGCAGTATCAGCGGCAACGAGGCCGTGCGGATCAACAATCAGAACGGCTACGGCGGCGGCGTGCTGGCCGACACGGGGTCTACGGTTCGCATCGAGGGCGGCGAGGTGGGCAACAACACGGCCTACAGCGGCGCGGGCATCGAAAGTTACGGCACGCTGGTCATTACGGGCGGCAAAATTATCGCCAATACAGCCAGCGTGTGGGGCGGTGGGCTGTGGTCGAGCGGCAGCGTCCGAATGGAAGGCGGCAGTATTGAGGGCAATACGGCAGGCTACTTGGGCGCGGGCGGCGTGGTGGACACAGGCGGTACATTTACGCTGATCAGCGGGAAAATCGTAGGCAATCAGGGCACTGGCCCGGCAGACCGAGTGAACCTGCGCGGCGGCAACGGCGGCGGCCTCAGCGTTTCGGGCACGCTGAACATGCAGGGCGGCGAAATCAGCGGCAACCGGGTGACCCTCTCGGGCGGCGGCGTGGGCCTCCTTGATGGTGGAAAGGCCACGTTCAGCGGTGGCAAGATCAGCGGCAACACTTCGGACTGGGTGGGGGGCGGCGTGCTGGTCAAGAGTGCGGCTGCCACCTTGTCCGGCAGCGAAATCAGCGGCAACCGGGCCGAATCGGGTGGCGGATTCACGGTTTCAGGCAAAGACGCCAAACTGACCATGACGGGCGGCAAAATCAATGCCAATGAGGTTGTCAAGGGGGCGGGCGGCGGCCTGAACGTGAATACCTCGGCCATCTTCAGTCTTGAAGCGGGCGAGATTGCGGGCAACACTGCCGAAAATGCAGGCGGCGGTGTATCGGTCAGCAGCCTGATGAATGTCAGCGGCGGCGTCATCAGCGGGAACAAAGTCACAGGAACGACGGACGGCGGCGGCGGTGTCCGGGTGCAGATCGGTGGCACCCTGAACCTGTCGGGCGGCGAGATTCGCGGTAATTCGGCGGTCAAAACGGGCGGCGGGGTCACGCTGAACGGCACCCTGAACATGACGGGCGGCAGCATCAGCGGCAACACCGTGACCAACCGCGCCACCGGGCAAGACTTGGGGGGCGGCGGTGGCGGCGTGCGTATGTATTCAGGGAGCAGCATGACGGCCAGCGGCGGCAGCATCAGCAACAACACGGCTTGGTATGGCGGCGGTGTCGAAACCAACGGTGCGTATCAGACCTCGCCCACGTCCACCTTTGTCTTGTCCGGGGCCACCATGAGCGGCAACAAGGCCGATGGCAACGTGGGCGGCGGCTTCTGGAACGATGGCAAACTGACCATGACCAGCGGCAGCGTCACCGGAAACTCGGCCCGCGACGGCGGAGGCGTGTTCAATACCAAAGTCGGGGTGTACAGCAAGACGGGCGGCACTATGAGCGGGAACACACCCAACGACGTGGTGCAAGGCCAGTAAATCTTGTTGTAGTCGAAAAGAGAGGGTGGCCCCAGCATCACGCCGAGGCCACCCTCTCTTTTCTTCATTCCCCCGTTTACCGAATGGTCTTGCTCACCAGCGTATTCGTGTAAAAGTCAGTGGCTTTGGCCCCGGCAGGCAGGTTGCCCTGCTTGATGAGGGCGGCCACCGCCTTGTTCCATGCGCTGGGGTCGCTGGCCCCGATGCCGTTGGTGCGGGTGTAAGCGCCCGTCATCAGGGGGGTGCTGGCCCGCAAAATGTCCAGCGTGCCGCCGCCTGCGCCAAAGGTGGGCTGGGCCAACCGGAAGGCGCGGGCGGGGTCGGTGACCGTGAATTTCAGGCCGCGCTGACTGGCCCGAACCACCTTGCGGGCCAAATCGGTTTTCAGGTTTTTGTCGGCAGTGATCAGCCCCACGCCCACCATCGGGTAGGCGGCGGTCACGTCGAGGGTGTACACGCGGGTTCCGGCAGAGCGCAACTGCACCACTTCGTTGTTGATGTACCCGGCGGCGGCGTCCACGCGCCCGGCCCGCACCGCGTCAAGCTGCGTAAAGCCGATGCTGGCCAGCTTCACGTCACTGCCTTCTTTCAGGCCCGCGCTGTCTATCAGGGCTTGCACGGCGTTGTAAGTACTCCCGAACGGGCCGGGAATGCCGAGCGTCTTGCCTTTCAGGTCGGCCACAGAGTTCAGCGGCTTGGTGCTAAATACGGTGACTGGAATCTTTTGGTACATCGCCATGATGTAC
NZ_CP011387.1_gap58	2804273	2806282	2009	GCCCGCAGTCAAGCACATTCGGGCGGGCCAGAAAAGCGGGAACTTGCTGATGTCCTTTAAAGTCAAACCTCTTGACCCATCTTTGCAACCTTCAATGCAATTTGCCTAGAACACTTGCCTCTTCTGCTGAGCTTTCACATCTTTCGTCAGCTTCGGCTCAGAATTGAATTCGTCCACAACGCGCACAAATGTCGGGTAAGGTCAGTGGGCTGGAGATTTATGATGGCTCCCTCAAGACTGAACCGATTAGTTCTTTCCTTTCTCGCAATTGGAAATCTTATGCTGGTCTTACCGGAATTCTTCCGCCTGCCGAGCTGTAATGGACTGCAGGCCCGGCAAGGTCATTGCCCCCAGTGCGCCCCATTTTGTGCGGCGTAGTGTCCCTGTCCCGCCCCAACCCCCACCGTCTCACTCTTGGCGCAGCCGCGCCACCTTGGAGGTTGACTATGCAAGAACTCTCCTGCACTTGGGTTCCCGGAACCATCGACATCGTTCGTCTGAAGATCGGCGGGCGCACCATCGAACTGACCAGCACGCGCCTCGCCCGGATTTTTGGTGCTCAGGCCCTGAACGACCTGTACATGCGGGGCCGCGCCGTCGTGCGGGCCAACCCCCAGCAAGTGCAACTGCTGACCTGACGTTTCCGCTCACGCGCCGCCTGTCCTTATACGAGGTGGGCGGCGTGTTCCCTGCCCGGTGGCGCTAGCATGACCGCATGACCGCTTCCGCCTCCTTACCCGATCTGGCCCACCTGCTGCCCGATTTGCATCAGTTGGTAGAAATAGAATCGCCGTCCGGCAATGCACAGGCCATAGCCCGCGTGATGGACGTGGTCGAAGGCTGGGCACGCGCACTGGGCGCAGAAGTGGAGCATCTGTCCGGTGGCACGCGCTCATTTTTGTTCGGCTTGCAAGATCGGCCCGCCCTGATCCTGACCCACGCCGATACAGTTTGGCCGCACGGGACGCTAGAAACCATGCCGTTCCGGGTCGAAGGTGACCGCTTGTACGGCCCCGGCACCTACGACATGAAAGCCGGAATCGTGTCGGCCATTCACGCCCTGCGTGCCCTGCACACCTCGGGCGGTTGGCCTGCGGGCGGCGTGCAACTCCTCATCACGCCGGATGAAGAAACCGGGTCGCACAGCAGCCGCGCCCACATCGAGGCCGCCGCCCGTCAGGCCCGCGCCGTGTTGGTGGTGGAACCCCCCGTAGCCGATTCGCACGCCCTCAAGACCGGGCGCAAAGGCGTCGGCTCGTTTGTCCTCACGCTGCACGGCGTTGCCAGTCACGCCGGAAACAAACCCGAGGAAGGGGCCAGCGCCGTCGCTGAGGCCGCCCGCCTGATTCCGGCTATTCACGCGCTGGCCCGCCCGGACGCGGGAACGAACGTCAGTGTAGGCCTGATCCGGGGCGGCAGCGCCGTGAACGTGATTCCGGCTCGCTGCGTGTTGGAAGTAGACGTGCGGGCGGGCAGCGTGGCAGAAGGCGAGCGCGTGACGGCTGGCATGCACGCCCTGACGGCTGGCGATCCCCGCGTTCGCCTGGAACTGACGGGCGGCCTGAACCGTCCCCCCTTCGAGCGCGGGCCGCAGACAATGGCGCTGTATGCACGGGCGCAGGCTCTGGCCACTGGCCTCGGCTTCCAACTGACGGAGGAAGTGGTAGGCGGCGGCAGCGACGGCAATTTCACCGCGCCGCTCTCGCCCACGCTGGACGGCCTCGGCGCACCCGGCGACGGCGCACACGCTGCCCACGAGCATGTGCGCCTAGACCGCTGGCCCCTACACGTGGCGCTCCTGACAGGGCTGCTGCGGGAGGTGTGAGGGGGAGGAGTAATCGCGTTGCGCACTCACCTCCTCCCAGCCTCCCCCCTCTCCTGCGGAGCTTTGCAAGCCAAGGGTGAGGAGTAAAAAGCTCCCATTAGGTGTCTTTTAGGCTGTCCTTAGACCCTTGACCCTTTGACCCTTAGACTGACCCACCACCCCTCAGGAGACCCCCCATGTTCGG
NZ_CP011387.1_gap59	2818064	2819916	1852	AACTGCTGACCGGGGCGTACCAGAAACGGCGAGCGAGAACGGGGGAATAGAGCGGCAATCGGTCATCTCGGCACTTGCTCCAGCCTCTACATTGCGGAGGTGAAGCAAAAGCTTGGTTGGTTGACCGTTGGTCTGGGCGGTTTGGCGCTCGCAGGTGGCCGGGACGCCCCCACGTTCTTGGATGTCTTCCGTCAGACACCGGGAGCGCGGCAAGTCATCAAGGTTCCCGATGAGCAACTGGGAACACTGGGCTACACGCACCGCCTGATCTTTCAAAACGTTGGGGCTGTGTTTCTGACACGCGGCGCTCTGGAAGGCAGCGACACACCAAACACCATCACCGCATGGGTTTCAACTTCCCACGCTTCGATTCAGCAGCAGCGGGCGATGGTGGCAGTCATCAGACATACGGTGGCCCGCTGCCATGCCCCACTGACGGCGCAGCAACTCAACATGTTGCATGCGTTGGCCGAGCGCGATTGGCGGCTCAAGTTGGGCTGGCAAGAACAGCAAATTGGCCCCCTCAAGGTGGGTTGGGGTGGCCGGGAAGGGTTGAATATCGGCGGCCATGATGTGGGCGGAATGAGTGTGGATTGGCCCAACAGTCAAGGCGTCTGTAGGTGGTAGTCAGGCTCCAAAAGCAAAACCGCCCTGACCCCAACTGAGGCCAGAGCGGAACACTCATGCTCAGGCTTAGGCCCGCAATTCGCCCTTTTCACGCATGACCTGAGTCAGCTTGGCAGGTTCGAACAGGCTGGCTCCCTCGCCGTAACGGGCTTTGACAGCACGCTGCACCAGCCACACGGCAGCAAACACGCCCAGCAAACTCAGCACCAGCGAGGGCACCCGCATCAGCGCATTCACCTCGGCGATCTGGCCGTTAAAGTCGTCCGAGCCGAATTTGGCCACCACCCGCTGATAGTTCACGACGCTGTTGATAATGCCGCCGATGATGTCTATGACGGCAAACACCACCGTTCCCAACACCAAGCCTTTGTGGACGGCAGGGTCACGCATGGCCTGCTGGCTGGCGGCGCGGTGTTCGGGCGGTTCTCCGATGCTGCTGGCATCCAGAAACACGCGGAACAGGGGGACGCTGGTGGCCGCCGAAATGAGGAACAAGATGCCCGTGAGGTAAGAGCGGGCGCTGTCCTTGATGGCATACCAGAAGCCGTCCACGTACCAGAAGGCCAATGCGCCGCTGAAGATTGCCCCAGCGCCGCCGATGAGGGCCACCGGGCTGACATTGCGGTTCACCAACAAATCCCACAGTACATAGACCACTGGAATCAGGGCGGCCAACAGGTAGGCGCGGATATTTCCGGTGGTGCCGCCGCCAAAGACCGTGTCGGACACGCTGACGCCGCTGCCAAAAATATTGGGACTCAGAATCAGGATCGGAATGAGCAGGGTGAAGACCAGATCCCAGACGGTTTTGGGCACCCGCGCACGCGGCTGTGCTTTCGGTGGAGATTCTGGCGGCACCGCGGGTGAAGAAGTAGGGTCAGACATGGGCCCTATTCTCTCATTCCGGCAGAGGGCGCGGCGAGAGGAATCTGACCCTCACACGGTAATGAAGTGAGGGACTGAAATGGAGTGGTGGCATGGGCTGAGGGCCTGCGCTGCTCTGTCTGCCGCCTCAGCCTCCGCGATGACCCAAAGGCGTGCCATACAGCAAGAGATTCAGACCCAGAGTTGCTCGCTCCCTCGTCTTGTCTCCGAACGACGTGGGTCAATGTGACGGAGAACGGCTCTAGGCGGCGCGTTCGCTGTGTTCGGCCTGCACCAGTACGCGCAGCAGGGCGCTCAGGGGATCGAGGGCGCGGGCAGAGGCCATGACCATACCGCCGTG
NZ_CP011387.1_gap60	2862518	2866898	4380	GGTGGTCACGACGTTGCTGGGCGGGCCGTTTTTTCTGTGGCTGCTGGCGCGTGGGCGGAGTGACTGAGAGGAGAAGGGCTTCTAAGGGACGAGGGTCTAAGAGTCTGAGCAGGGCAATCGCTGGCGCTCACTTTACTCTTCCTCAGATCCCCAGCACCTCAGACCCTCAACCTTTAAACCCTGAGTCCCCTAAACGCGCCCCGTTACTACCCCGCGCCACCATCTCCATGAGAGCCGGGTGCTAGGCTCCGGGGCGGTTATGGATACTTTTGACGTGATGGTCATCGGCGGCGGCCCAGCAGGATATGTGGCCGCGATTCGCGCCGCGCAATTGGGCTTTCGTACCGCCTGCGTGGATGAATTTACACGCGACGGCAAGGGCAGTTTGGGCGGCACCTGCCTGAACGTGGGCTGCATTCCCAGCAAAGCCATGCTGGATTCCTCCGAACGATTCGAGATGATTCAGCACGACGCCGCCGATCACGGGATCGAAGTGGACGGCGCACGGGTGAACCTTTCCAAGATGCTGGGCCGCAAGGCAGGCGTCGTAGACAAACTGACGGGCGGCGTGGCCTACCTGTTCAAGAAGAACAAAATCACCTCCTTTCACGGGCTGGGCCAACTGGTGCGGCAAGAGGGCGACGGCTGGATCGTGAACGCCGCCGGAACCGAAGTGCAGGCCAAACACGTGATCGTAGCGACGGGCAGCAGCCCCCGCGCCTTACCGCTGGCCCCGTTTGGCGGCCATATCGTGGAAAACAGCGGGGCACTGGAATTTGCGGAAGTTCCGGCCAAGCTCGGCGTGATCGGCGCGGGCGTGATCGGCGTGGAACTGGGCAGCGTGTGGCGTCGTTTGGGGGCGCAAGTCACCATTCTGGAAGCCCTGCCCGGATTCCTGATGGCCGCCGACGACGCCGTGAGCAAAGAGGCGCTGAAGCAGTTTCAGAAGCAGGGGCTGGACTTCCATTTCAGCGTGAATATCACGGACGTGCAGCAAGACAGCGCGGGCGTGACCGTGACCTACACCGAAAAAGACCAGACCGTAACCGCGCAGTTCGACAAACTGATCGTCAGCATTGGCCGCGTGCCGCACACTGCCGGACTCGGAGCCGACGCGGTGGGCCTCGCGCTGGATGAACGCGGTTTCGTGAAGGTAGACAGCCACTACCGCACCAACTTGGCGGGCGTGTACGCCATCGGGGACGTGATCGGCGGCGCGATGCTGGCGCACAAGGCCGAAGAAGAGGGCGTGGCCTTGGCCGAAATGCTGGCCGGACAGGCCGGACACGTGAATTACGACGTGATTCCGTGGGTGATCTATACCAGCCCCGAAATCGCGTGGGCAGGCCTGACCGAAAAGCAGGCCAAAGAGAAGGGCCACACGGTCAAGACCGGCCAGTTCCCCTTCAGTGCCAACGGACGCGCCCTCGGACACGGCGACCCTCGCGGCTTCGTGAAAGTGGTGGCCGACGCCGAGACAGACCGCCTGCTCGGGGTGCATATGGTTGGCCCCAACGTCAGCGAACTGATCGGAGAAACGGTCGCCATCATGGAATTCGGCGGCAGCAGTGAAGATTTGGCCCGCACGGTGCATGCCCACCCGACCCTCTCGGAAGTGGTGAAGGAAGCCGCTCTGGCCGTCAGCAAACGCGCCCTGCACATGTAAACCGGGGCGCGGGCCATTCGGGAAACAGGGTCTTTGTGGCCCCTAAGTCCGAAGCGCCCGCGCCCAGATTGTGTCTTTGGCTCTGCTTGCCTGCGGGTGGGGTTGACGTTCTCACCTTTATAACGCTATAGTTCCGCCTGTCCGAAAGGACGCCTTGAGAGGCAGTCAGCGAAGCTTTAAGCATGGATCAAACTGGTCTGTGCCTGCGCCGAGCAAACTGAAGTGGTGTGGCCCCATCGTCTAACGGTTAGGACACTACCCTTTCAAGGTAGCGATACGGGTTCGAATCCCGTTGGGGTCACCAACCTAAGCCTCCGCCTCGGCGGGGGTTTTTGCTTTTTAGGGCGTTTGGGTATGTGGCTCTTCTGCCTAACTTTGAAATACGTTGACCCTCCGCGCCGCGCCGTGTGCCCTGTGACATCATTCCGGGGTGAAAGCCATTATTCCCGCCGCCGGACTGGGCACGCGCCTTCGTCCGCTGACCTTTACGCGCCCCAAACCCGTGCTGCCTGTGGCGGGTGCGCCGATCATCGTTCACGCGCTGCACACGCTTCAGGCGGCGGGCATTACGGAAGTCAGCATCATCGTTTCGGATGCGACCCGCGCCGAGATTGGGCATGCACTGGTGGATTTGACCGAGATGCAGATCACCATGATTGACCAGCGTGAACAGTTGGGGCTGGGCCACGCGGTGCTGACGGCACGGGAGTGGGTAGGTGACAGCGATTTTTGCGTGTATTTGGGCGACAACCTGTTCGAGCACGGCGCGAAACCATTTACCGAGGCCTTTGCCCAGAGCCGTCCTGCGGCCCTCATTGCGCTGGTGCAGGTGGCCGACCCCACCGCGTTTGGCGTGGCCGAACTGGACGGCGACAACCAGATCAAGCGTCTGGTGGAAAAACCCAAAGTGCCGCCCAGCAACCTCGCGGTGGCGGGCCTGTACTGCTTCACCCCCGAAATCTTTGAGGTTCTGGACGGCATGCCGCCTTCTGCACGCGGCGAATACGAAATCACGGACGCCATTCAGGGCCTGATCGAGCGTGGACGGCGCGTGGTAGGCCAGCGCGTGGAAGGCTGGTGGAAAGACACGGGCCGCCCCGCCGACCTGTTGGACGCCAACCGCCTGCTGCTGGAGCGCATCGAATCCGACGTACAGGGCGAGGTCACCGAATCCCGCTTGACAGGCCGCGTGATTGTTCCGGCTTCCTCAAAAGTGGTACGGAGCAAAATCGTGGGGCCAGTCCTCTTGGGCGAAAACGTATTGATCGAAGACGCCTATATCGGGCCGTTTACCAGCATCGGCAGCGGCACAGTGGTCAGGATGGCGGAAGTGGAACACAGCGTCATAGACGCGCAGGCCCGCATCGAGCATCTGAATACGCGCCTGCAAGACTGCCTGATCGGGGTAAAGGCCGAGGTACGCGGCGGGCGCACATTGCCGCGCACGCACAAGCTGACCATTTCGGACGCGAGCTTGGTGGAGTTGGCGTAAGGGGGTTGGATTGAGATGATTGGGCTTGTCCCACGTTGGACTCCCCGACCCCCCAGCCCCCGCCCCCAAAGGGGTCAGGGGAGTTGTCGCTCCGCTGAGGAGGAGTGATCTTGTCGCCTCCACACTCGGCTGAATCGTTCACCTGAAGCGGAACTGCCAGTCGTTTTTAAGCTGGAATTGGCCCGCCCACTGCGTGGACGACGGCCTCACACGGAATTGGCCGGGAACGATTTGAGGTAGCGGTGTTGGGGGTTTAGCTCCTCACCCTTGAGGGGGGAGGTTGGGAGGGGGTGAGTGAGCGCCAGCGAATGCCCTTCCTTAGACTCTTGACTCTTAGATCAAGCCCCCAGAAACGCCCTTTTACACCACAATCAGCCACACCCCAACAAACCCGCTAGCCTACTGCCGAATGACCGAATTTCATCAGTTGCCTATAGACCTGCCTGTGCCTGTAGATGATGGGGCCTGTGACCATCTCACGGGCCTCACGTTTCCAGCGGTGTCTCTGCATGCCACCGCTGGCCGCGACGTAGATCTCTCGGCGCTGGCTGGACGCACCGTGCTGTACATCTATCCGCGCACTGGCACGCCGGGAGTGCCCTCGCCCCAAGATTGGGACAGCATTCCGGGGGCGAGGGGCTGCACGCCGCAATCCTGCGCCTTCCGCGATCATCACGCCGAGCTGCAAGCCCTTGGCGCACGGGTGTTCGGCCTCAGCACCCAAACCACGCCGCAGCAAGCCGAGGCCGCCGCCCGCCTGCACCTGCCTTTTCCCCTGCTCTCCGATATGGCGGGCGAACTGGGGCGGGCGCTGAGGCTGCCTACTTTTGAGGTGGAAGGGCAACACCTGTTGCGGCGCGTGACATTGATCGTCAAAGACGGGCTGATCGAGAAGGTCTTTTACCCAGTCTTTCCGCCCGACCAGAATGCTGCCAACATGATGGGCTGGCTCCGGCAGCAGCCAGCCTAAGCTGCCCTAAGTCTTCTGGCCTGCCGTATCGTGTGCAGCTTCCGGTCAGGCGGGGCGGCGCGGCTTATCATACGGGGATGAGTGACACGCCCCGGATTCACCTTGGTTCCCTCTTGCGCACGGCGGGCGACGCCCACGCAGAAGGCGAACTTGACCACCTGACCTACTTGCAGGGCGACCAGTCGCAGACCCTCCAGTTTGCCGAGCCTGCGCCCTTCGAGATAGAAATCAACAGCCTTGAGGGCGATGAAC
NZ_CP011387.1_gap61	2880727	2882550	1823	ATTTCACCGAGTCTCTCGTTGAGACAGCGCCCAGATCGTTACGCCTTTCGTGCAGGTCGGAACTTACCCGACAAGGAATTTCGCTACCTTAGGACCGTTATAGTTACGGCCGCCGTTCACCGGGGCTTCATTTCGCAGCTCTCACCGCTCCACTTGACCTTCCGGCACCGGGCAGGCGTCACACCCTATACGTCCACTGTTCGTGTTGGCAGAGTGCTGTGATTTTGGTAAACAGTCGCCTGGGCCTATTCACTGCGCCCGCTGCGAAGCAGCGGGACCCCTTCTTCCGAAGTTACGGGGTTAGATTGCAAAGTTCCTTAACGAGAGTTCTCTCGCGCGCCTTAGTGCATTGACACTCGGACACCTGTGTCGGTTTGCGGTACGGGTAACTATGGTTCAACGTTTAGAAGCTTTTCTTGGCACCGTCGCGTTTCCCACTTCGCTTCCGAGGAAGCTCCCGATATGCCTCAGGTACGTACCAGGTAGATTTTCTGACCCTGGAACCCTAAACATACCAACCGGCATAGCCATAGCTCGGCTTGGAATAGCGTAATGCGTCCCTCCATCACTCCCCATAGTCAGTGCAGGAATCTTGACCTGCTGTCCATCGACTGCGCCTTTCGGCCTCACCTTAGGTCCCGACTTTCCCTGGGCGGACGACCCTTCCCCAGGAACCCTTGTCCTTACGGCGAAGGAGATTCTCACTCCTTTTATCGTTACTCATGCCGGCATCCGCACTTCTACGCGCTCCACCACTCCTTCCGGTATGGCTTCTCTGCTTGTAGAACGCTCCCCTACCAGAAAAACCTGTAAACAGGTTTCAATCCGCAGCTTCGGTAATAGACTTGAGCCCCGATCATTTTCGGCGCATCGTCACTCGACCAGTGAGCTATTACGCACTCTTTGAAGGGTGGCTGCTTCTAAGCCAACCTCCTGGCTGTCAGTGCGACGACACATCCTTAACCACTGAGTCTATATTTGGGGACCTTAGCTGGCGGTCTGGGTTGTTTCCCTTTCGGCTACGGAAGTTAGCTCTCGCAGCCTCACTCCCGGACTAAACGCCCGTCGCTTCGGAGTTTGATAAGAGTTGGTAGGCTGGTAGGCCCCCGAGTCTTGTCAGTGCTCTACACGGCGGGGTCAACATCCGAGGCTGTACCTCAATACATTTCGGGGAGAACTAGCTATCTCCAGGTTCGGTTAGCTTTTCACTCCTACACACAACTCATCCGAGACTGTTTCAGCAGGCACCGGTTCGGTCCTCCACCCCCTGTCACGGGGGTTTCAACCTGGTCATGCGTAGCTCACCTGGTTTCGAGTCTAGCCCATCTGACTGTGATCGCCCTATTCGGACTCGCTTTCGCTCCGCCTCCGTCTCATGACTTAAGCTTGCCAGATAGGTCTAAGTCGCCGGCTCATGCTTCAATAGGCACGCCACCACCCACGTATGGGGCTGTGACTGCTTGTAAGTCCACGGTTTCAGGTTCTCTTTCACTCCCCTTCCGGGGTTCTTTTCACCGTTCCCTCACGGTACTGTTCGCTATCGGTCACTGGGAGTATTTAGCCTTGCGCGGTGGTCCGCGCGGATTCAGTCATCGTTTCACGAACAACGACCTACTCAGGAGTCACATCAGTCGTCATTCACTTCCCCTACAGGCCTATCACCTTCTGCGGGGCTGCCTTCCAGCAGCTTCGGGTGTGAACTTCGAATCTTAAACAGTGATCCTACAACCCCAAAACGCATGCGTTTTGGTTTGGGCTCATCCGGGTTCGCTCGCCGCTACTAACGGAATCGATGTCTCTTTCTCTTCCTTCAGGTACTGAGA
NZ_CP011387.1_gap62	2971483	2971983	500	GATCGACACCGGACTGGTGGGCGAAAAACGTATTGCGCGGGCCATCGAGGAAGCGCTGGGCATTCCGCTGGTGAACTTGCTGGTGGTCACGCCGGAAGAGGCCGCCCTGAAATCGGTGCAGGCCCAAACGGCACTGGCTTCTCAGGCGTTCCCGTTTGCCATCGACGGCGGCACCCTGCGCGTGGCCCTCGTCGACCCGCTCTCCAGCATGGCGCTGGAAGCCCTAGAGGACGACAGCGGCCTGATGATCGAGCCGTATCAGGCCTTGCGCGACCAGATCATGTGGGCGATGGCGACCCATTACCCCGAACTGGGGATTACGCCCGCCTTGCCGGATGAGATCGGAGAGGGCGGCGGCAGCATGTTGGGCCAACGCCTGATGGGACGCGGCCTGATCAACGACGCGCAGTTGCAGGTGGCGCTGGACGTGCAGCAACAGACCGGAGAGGCGCTGGGCGGCACCCTGATTGCCCAGCAGATCATTACCGAAGACCAGTTGT
