gap_id	start	end	length	sequence
NZ_CP140098.1_gap1	27470	29341	1871	CGCGGGGGTACCCCTGGTGCCCGTCGCCCTGCGGGTGGTCATGCGCGGCGGGCAGTGGCCCGAGGCCTGGGTGCGTGTGGCCGAGGCAGTGACGGCTGACGGGCTTCACCGCAGCATCTCCCGCGAACTGGCCGCGCTGGATGCCGATCTGAGCAGCAGCGACCCCGAACAGCCGCTCGCCGGCTACCTGCAGGCCGTGCCGGGCCGGGCAAGCAGTTCAGATCACGTGGACTGGCCTGCACGTCTGCTGACCCTCGTCACGGGCGACCGATGATCCGGGCTGGGGATGACCGGGCCCGATGAGACGGTCTGAGCGCCCCGGTCATTCCCACCGTCGGGACATGCCGCCTGTCCCGCCGGCCCTGACCGCCCGCGTGTACCGCTCGCTGGCGCTGGGGTGGCTGGCGACCAAGGCGGCGGTGCTGCTGATCAATGCCGTGGCCTTCCCCCGGCTGCGGCCCGGCACGCCGGAGGCACGTCCGCGCGTGTCGGTGCTGGTGCCTGCCCGGAACGAGGCCCAGATCCTGCCGGTCACCCTGCCGTCCCTGCTCGGCCAGGGCGCGGACGAGGTGATCGTGCTCGACGACCGCAGCGCGGACGGCACCGCCGACGTCGCGGCGCGGCTGGGCGCCCGGGTCATCCGGGGCCAGCCCCGGCCGGCCGGCTGGCACGGCAAGCCCTGGGCCTGCCAGCAGCTCCTGCATGCCGCCACGGGTGACGTGCTGATCTTCGTGGACGCCGACGTGACATGGCAGCCGGGCGCGCTGGACGCCATGCTGGCCGAACTGGAACGCACGGGGGCCGACCTGCTGAGCGTGCAGCCCCGGCAGCACAACCTCACGCTGGGCGAACGTCTGCTGACGCCCCTGGTAGATGCCGCCGTGCTGTCTTACTTCCCGTACCCGCTGATCCGGCTGCCGCAGGCGGCGGCGGGCATGGCGAACGGGCAGGTCATGGCGCTGCGCCGCGCCGCGCTGGAGGGGGTGGGCGGCTTCCGTGCCGTGCGGCAGGCCGTGCTGGACGACACGGCCTTCGCGCGGCACCTCAAGGCGCGCGGCGGGCAGCTGGCAGTCGCGCTGGGCGGCGACGTCGTCGGGGTGCGGATGTACGGGTCGTACCCGCAGTCCGTGGCGGGCTTCTCCAAGAACGCCCTGCCGCTGCATCTGCAGTCACGTCCGCTGCTGGTGCTCAGCGCCCTGGCACATCTGGGCGTGTACACGCTGCCGTGGGTGGTGCGCCTTCCCGGCTGGCGCGTGCTGCGCGTGGCCAGCGTGCTGGAGCGGCTGCTGGTCAACCTCCTGACCGGGCGGCGGCGGCCCGCCGATCTGCTCGAGGGCCTGCTGGGGCCGCTCACGCCGCTGCTGGCGCTGCCGGTGTACGCCCGTGCCCTGCGCCGCACGGTCACGTGGAAGGGCCGCACGTACCAGCAGACGCCGGAGGGCCGTCAGGAGTGAATCATGCGCTCCGGCGTAGGCTCGGGTCATGACCATTCAGCGGATGGGAACAGTGCTGGCGGGACTGCTGCTCGCCTCGCTGGGGATGGCGGCCGGGTTCCAGACCGTGTCGGTGGCCGACGTGGACGGCGCCCGGCCGGTGCGCTTCTGGTGCGACACGCCGGGCCGGGTGCTCGCGCTGGCGGTGCCGACCACGGCCCCCGGCCCCGGCACCCTGGCGCAGTGGGCGGGGGGCCAGCGCAGCCTCACGCCCGTACAGGTCGGCGTGGACGATCCCGGCGCGGGGCAGGTCTACACGCCCCTGGGCATTCCAGGCCAGCCCGCTCCGGCCGATCCGGGGTATTTCGTCCACAGCAGCACCATCGAGAACGCTCAGGATCCCGCGTACCGGATGACCCACGTGAACGGGTTCCGCGT
NZ_CP140098.1_gap2	62575	63393	818	GGGGGCATCGAATGGCCGGTGCCCAAGGGCCGGCACGAGACGCTGCCGCTGACCATTCCGCCGCGTGGCCGGACGCTGGCGTGGGAACGCGCCGACCTGACCCCCGCCGAGGTCGCCCGCAAGCGGGACGCCGTGGCCGTGTACCGGACGCAGACCCGCGTCCTGGGGCGGTTCATGGAGGCCTTCGTGCGGCGCAACGAGCTGCTCAGTCCCGACGCACCGGATCCCGATCCCGCCCCGGAGCCCGCAGCCCCATGAGGACGTGCGTGGCCGGGTGGCCGAGCCATGGCGTCCACAGCGGCGTGATCCTTGTCTCCAGCACCTCGAACCCCAGCCGTCGGTACAGCCCCAGGGCCGCGACGTTCTCGGTGGTGGTGGAGAGCTGCACGCCCGGCACGCCCAGACCGCCGAGCACACTCAGGTGAGCCTCCAGCAGCCGCCGGCCCGCGCCCGCACCACGGGCGGCCGGCAGCAGGTTCAGATGCAGATGCGCCGGGAACGCCCGCCAGTCGGCGTGGGGGGAGGGGTAGAGCGCCGCGCGCCACAGGTAACGCAGGCTCCGCAGCGTCGCGCTGGTGGGCCTCCGTCGGATCACCTGCCGCGCGACCACCCGGCTCAGGGCCTGCCGGTAGCGGTCATGCTCCGGCGCTCCCAGCACATACCCGACGACCTCGCCCGCACGCTCGGCCACGAAGCTGCCGGCCCCGGTTCCCTGGACATATGGCCCGATCCACAGGGCACCGAACAGCGCCTGATCCGGGAAATAGACCCGCGCGGACTGTCCGAAGAACCCCGTGAGATACGCGACGCGGGCCACG
NZ_CP140098.1_gap3	87759	90278	2519	ATGGGGAGCGCACGCCGCGCCGCGTACACTGCGGGACATGGTTCCCCTGACCTCCCTGCGCCGCGCCGCGCTGGCCCTGCTGCTGGGCACGGCGCTGGCCTCCTGCGGTCAGCAGACGACCGGTGCCGCGACCAGCGGCAAGGACGCGCTGTACTTTGCAGACAGCGCCAGCGGCCTGCCGCCCATCTACGTGAACGAGCCCTACACGGCGACGCTGGCCGTGGCGGGCGGCGTGGGGCCGTACTCGCTGCGCCTCGCGTCGGGCAGCCTGCCGCCCGGCGTGAAGCTGGACGCCTCGCAGCGCACCCTGTCGGGCCAGCCCACCAAGACCGGCACGTACACCTTCACGCTGGAGGTCACGGACTCCACGCTGAGCAGCAAGGCCGGCGAGTACACCCTGAACGTGCAGGAACTGCCGCCCCTGGCGATCACCCCCACCCTGCCCAGCGGCGAGGTGCGCGGCGAGACCCGCATTCCGCTGACCATCACCGCGCCGCGCGGGGCACGGGCCGCCCACGTGTCGTGGACCCTGCCGGCAGGCGTGCAGGTCACGCGCATCCAGAACGCCGATCCGGGCGGTCTGCTGTTCTGGCGTCAGCAGGGCACGACGCTGCTGCTCGACATGGGGTTCCGCAAGGTGCCGCGCACCGGCACGCGCGTCGCGCTGGTCACGGTCAAACCGGCCAAGGCCGTGACCTTCAGCGCCGGCAGCATGACCGTCGAGGCCCGTGGGGCCGATGGAGCCGTGGTGGGCGTGCCGAACGCCGCGCCGGCGACCACCCCCGCCGAGGGCACGTCCCCCACCACCGCGCCTGCGCCCGCCGAGACCACCCCCACCACGACGCCGACCCCGACGGATCCGGATACCACCGACGCGGCTCCTGCCGAGACGCCCGCCGACGCGCCCGGCACCGATTCGGGAACGCCGCCGCCCATGAATCCGCCGGATCCCACGCCGCCCGAAGAAGACGGAGACCAGCCGTGAGGGGCGTCCTGCGTGCCGTGGTGGCCGGGGTGACCCTGGCTCTGCTGCCGGTCGCCGGCGCGACCACCGCCCCACCCCTGACGCTGGCGCAGCAGGCGAAGAAGGCCGACGTGGTCGTGCGGGCCACCCTGGGCACGGCGGTGACCGTGACCGAGGGCGGCGTGGCGTATCAGGTCTATCCCCTGACGGTCGCGGAGACGCTGGCCGGGGACGCCGGCCGCCTGCCGCAGTACCAGGGCAGACCGGCGCTGTACGTCATGCAGGGCGTGGCCGACCTGCCCACCCTGACGGCCAGCCAGGAGGTCATCGCGCTGCTGTACGACCGGCGGCTGGACAGCCCCATCGTGGGCTTCAACCAGGGCCTGTATCCGGTGAGCGCCGGCAAGGTCAGCGGCGCGAAGGACAGCGCCGGCAAGGACATCACCGATCTGGCGGCCCTGCGCGACGCGATCCGCGCGTCGCGGGAGGCGAAGTGAAGCGGGCGCTGACGGGGCTGCTGCTCGCCGCCGCCCTGCTGGGAACCGCGCAAGCCGCATCGGTGAAGCTGCGCCCACAGGGCGACGTGCTCACGAAGGCCGTCCGGGACGCGCTGGCGGCCCTGAGCAGCAAGGAACTGCCGGTCACGCTGGACACCAGCGCCGGCCCACTGCTGCTGCTGGGGGGCAGCGGGGCCAGCGCCGCGCCCTTCAACCCGGATGTCGCGGCCAGGATCGTCACGGTGGGCGGCGAGCGGCGCATCGAATTCAATCCGCAGGGGCCGCTGCCGCTGGTGGACGCCGTGAAGGCCGAACTGACCCGCGAACTGGGCCTGAGTGCGTGGACACCGGCCGCCGCCCGCGCCCGCCTGAGCGGGGCCGACCTGAACGGCGATGGCAAGATCACCCTGGCTGACCTGGCGATCCTGATGGGCAACTACGGCAAGACCGGCGCAGTACCCGGCGACCTGAACCAGGATCAGCGGGTCGACGACGCCGATCTGAAGCTGTTCAGCACGCAGTACACGCTGAACGTGCCCGAGAAGGCCCCGGCCACCGCGCCGACCACGCCCGCCACGACGGCGCCCACCACGCCAGCTGCGCCGGCCACGGCCCCAACGGCACCGGCGACGACGCCACCGGCCACCACGCCCACCCCGCCGCCGGCCTCGACACCCTGAGCCCGGGTCACGGAACCCGGCCCACAGCCCTGCTACCCTGGCCGCATGACCCGCGCCGATCAGGACACCATCGACCTCCAGGACTTCCTGAAACTGACCGGACTGGTGCAGACCGGCGGTGAGGCGAAGTTCCGGGTGCAGGGCGGCGAGGTGCGGCTGAACGGCGAGGTCGAGACGCGGCGGCGGCGCAAGCTGCGGCGGGGCGACCTCGTGGAGTACGCCGGACAGCGCCTCACGGTCGACTGGTGAGCAGCGCGTACAGCGAGGCGGTGCTGGACTTCCGCCGGCGCAAGGACGCGCATTTCGCGGCCGGACGCGGCCCGGTCAGCACCGAGTCCTTCACGGGCCTGACGTACTACCCGCCGGACGAAGCGTGGG
NZ_CP140098.1_gap4	172908	175801	2893	CCGGGTGCGGGACACCCTGCCCACGAACGTCGATGCCCTGCTCACCGCATACGACGCCGACGAACCCAGCGTGGACACCGGCTATGGCGTCAGGATCACGCGCGGCACGGCCCCCGCCACCTACCTCAAGAGCGACACCGCCACCCTGAGCGCGACCACCCTGGACGTGAACCTGGGCATCCTGGCCGCCGGTGAGACCGTGACCGCGTGTTTCCAGGCGACCATCCGGTAGTCCCCCCTCCCTTTTCCATAGATCACGACCAACGACGCGGGCCGCCCCAGATGGAGCGGCCCGCGTTCGTCCCTTCAGCTCTTCAGTCGCGGCGGGGCGGACGTCCACCCCGGTCGCCACCGGGACGCGGGGCACGCGGCTCACGCGGGGCGATCTTGCCCTCCAGCTCGGGGCGGATCAGGTCGATCTTGCCCCGGTCGTCGATCCCGGCGATCTTGACGCGCAGCTTGTCGCCCACGTTCAGGACGTCCTCGACCGCGTTCACGCGCTGCTCGGACATCTGCGAGATGTGCAGCATGCCGTCCTGGCCGGGGTACAGGTTGATGAAGGCCCCGAACGGCGTGGTCTTCACGACCGTGCCGTCGAATTCCTCGCCGGCCTTCGCCTCGCGGGTGATGCTCTCGATCTTCGCCCGCACCGCGTTCGCGGCCTCGCCGCTGGCGCTGAAGATCCGCACGGTGCCGTCCTCCTCGACCGTGACCTGCGCCCCCATGGCCTCCAGCTCGCGGATCTGCTTGCCGCCCGGCCCGATGACCTTGCCGATCAGCTCGGGGTTGATCCTGATACTCACGATGCGCGGCGCGGTGGGCGACAGCTCCGGGCGCGGCGCGGCGAGCACCTCGGCCATCTTGCCCAGGATGTGCAGACGGCCATCGCGGGCCTGCGCCAGCGCCTCGCGCATGATCTGCGGGGTGATGCCGCCGACCTTGATGTCCATCTGGAGCGCCGTGACGCCCTGGGCGGTGCCGCACACCTTGAAGTCCATGTCGCCCAGCGCGTCCTCGGAACCCAGGATGTCGGTCAGCACGCGGTACTTCTCGCCCTCCATGACCAGACCCATCGCCACGCCGGCCACCGGGGCCGTGATCGGCACGCCGGCGTCCATCAGGGCCAGGGTGCCGGCACACACGGTCGCCATGGAGCTGCTGCCGTTCGATTCCAGCACCTCGCCCACGAGGCGGATCACATACGGGAACTCCTCGAAGGGCGGCAGCACGGCGCGGATGGCCCGCTTGGCGAGGTTCCCGTGCCCGATCTCGCGGCGGGACTGCCCGCCCATGCGCTTGACCTCGCCCGTGGAGTACGGCGGGAAGTTGTAGTGCAGCAGGAAGCGGTCGTTGTCCTCGGTGGTCAGGTCGTCCACCAGCAGCTCGTCGCGTTCGGTGCCCAGGGTCGCCACCCCCAGCACCTGCGTCTCGCCGCGCGTGAAGATGGCGCTGCCGTGGGCACGCGGCAGGGGCCGCGCCTCGATCCAGATGGGCCGCACCGTGCGCGAGTTGCGGCCGTCGGCCCGCAGGTCGTCTTCCAGGATCAGGCGGCGCAGTTCCTGCTTCTCGACCTTGTAGAACGCATTCTTCAGCGCCGTGATGCGCTCCTTGGCCCCCTCGGCGTCGGGATCCGGCTCGTATCCGGCGATGATCCCGTCGCGCAGGGCCTTGGTGCGGGCCGAACGGTCTTTCTTGCCGGCCGTCAGCAGCGCGTCCTTCAGGCCGCCCGCGTGCGCCTTCTCGGCCAGTTCGGGCACGAGGTCCGTGCTCAGGTCGCTGCCCTCCAGGGCCAGGAAGTTGAACTTCTCCTGCCCCAGTTCGGCCTTCATGGTCTCGATCAGCGAGATCACGCCCTGCATGCCCGCGTGCGCGAACTCGATCGCCCCGACCAGATCCTCCTCCGGGACGCTGTGCGCGCCAGCCTCGACCATCATCACGGCGTCCTTCGTGCCGGCCACGACCAGATCCATGGTGCTGCGCGAGAGCTGCTCGACGGTCGGGTTGATCACGTACTCGCCGCCGATCTGCGCCACGCGCACGCACGCGGTCGGGCCGTTCCACGGAATGTCACTGATCGACAGCGCCGCCGACGCCCCGATCGGCCCCAGCACGTCCGGCAGGTTCTGCTGGTCGGCGCTGATGACCGTGATGATGACCTGCGTCTCCTGGCGGTAGCCCTTCGGGAACAGCGGCCGGATCTGCCGGTCCGTGATGCGCGCGCCCAGGATGGCCTTCTCGCCGGGGCGGCCCTCGCGGCGGTGGAAGCTGCCGGGGATCTTGCCCACGGCGTAGTGGCGTTCCTCGAATTCCACGGTCAGCGGCAGGAAGTCCAGCGTGGAGCGCTCCTCGCGGGCCTGGGCGGTGACCAGCAGCATGGTGTCGCCGTAGCGCACGGTCACGCTGCCGGCGACCAGCTTGGCCAGCTTGCCGGTCTCGATGCTCAGTTCCTTGTCCCCGAGCATCGTCGTGTACGTTTTTCCAATCATGGGGGAAGTCTATCCTGATAGATGCTTACGGGAAGGCAGCGGAGAACCTGCTTCGACCGGTCACCGTGCGGATCATCTTCTGCTGTTCGACAGGGCTGAGCACGTGATTTCATAAGGTATGAACGTCACCGAAATTCCGCTGGATGACGAGGAAATGGGGAGTGCTGCCGACTTCAAGACACTGGGAGCAGCTCGCCTCGGCCAGCCAGAGGACGCAGAACCCGCAGCACTGGTCAGAGCACTTCGGGAGTATCTGGATGAGCACCGCCACGACGCTGCCACGCTTGCTGAACGGGATGAGGATGCCTACGCCGATTTCATCCTTGAGCTCGGCTACCTGTGGGGCGAGCAGCTCTGCCGAACCTACGACTGGGCCTGGATACGCCTGCACTTTGACGGCGAGGAGG
NZ_CP140098.1_gap5	190864	191830	966	AGGCCGCGACGCGCCTGCACGACGCGATCGCCGCGCAGCGCCGCCGCCTGCCCATGACGCCCGTCGAGAACTACACGTTCGCCGGCCGGGACGGCCCCGTCACGCTGGCGGGGCTGTTCGCGGGCCGCTCGCAGCTGATCCTGCACCACTTCATGTTCGAGCCGCACTGGGCGCAGGGCTGCGCGTTCTGCTCGGACGACGCGGACAACGCCGTGCCGCACCTCGCGCACTTCGCGCCGTACGACATCAGCTTCGTGCGGATCTCCCGCGCGCCCGTGGAGAAGCTCACGGCCTACTCGGCACGGATGGGCTGGACGGTGCCGTGGGTGTCGTCGGGGAGCACCACCTTCGGCGACGACTGGGGCTGGACACGGCCCGGCGGCGGCGAGGTCTCCGGCTTCAGCGTGTACCTGCTGCACAGCGGCGTGCCCCACCTGACGTACCGCACCGAGGGGCGCGGCGTGGAACTGATGTCCAGCATCGCCGGGCACCTGGACATCACGCCGTACGGCCGCCAGGAGACCTGGGAGGACTCCCCGCCCGGCTGGCCGCAGGACGGCACCTTCACGAAGATCAGGCGGCACGACGAGTACGGAGAAGGTGTCCAACTGTCGGAAGGTCTGAACGTCTGAACGCAGGAGTGTGCCGCCTCAGACCTGACCTCAAAGACTTCGGACTTCCTTCCATTTGGACATCGAGACGTTCAGCCGTTCAGACATCCCCACAAGGAGCCCCATGCCCACATTCACCGCACCGCTGAAGCAGGAAGGCAAGACCGCGACTGGCATCGAGGTGCCGCCGGAGATCATCGCGGCCCTCGGGGGCGGGAAGAAGCCCGCCGTGACCGTCACGCTGAACGGGTACACGTACCGCAGCACGGTGGGGATCATGGGGGGCCGCGCGCTGATCCCGGTGAGTGCCGAGCACCGGGGCAACGCGGGCCTGAGTGCCGGCGACACCGTGACC
NZ_CP140098.1_gap6	199511	203620	4109	GCTGCCGCCATCCGCGCCCTGAAGCCCCGTGGCCAGGTCGTCCTGATGACCCTCGACCTGAATGACCTGGAGTCCGTGCAGGCGTTCGTGGCGGCGTTCCGGGCGAAGTATGACCGGCTGGACGTCCTGGTGAACAACGCGGGAATCATGGTGCCGCCGCTGGGCCGCACCGCGCAGGGCTTCGAGACGCAGTTCGGCGTGAACCACCTGGGTCACTTCGCCCTGACCGCCGGCCTCATGCCCGTGCTGCAGCGCACGCCCGGCGCGCGGGTCGTGACGGTCAGCTCCATCGCGCACCGCTTCGGGCGCATGGATTTCGGCGACCTGAACTGGCGCGCGCGCCGGTACGTGCCCATGCCCGCCTACGGGCAGAGCAAGTTGTCGAACCTGCTGTTCACGTACGAACTGCAGCGCCGCCTGAGCGCCGCCGGGAAGGATGTGCTGGCCCTCGCCGCACACCCCGGCTGGGCGTCCACGGGGTTGCAGGGCGGCAGCGGCGGCTCGACCCTCGCCAACCGCCTGTTCGCGCAGCCGCAGGCGATGGGCGCGCTGCCCAGCCTGTACGCCGCGACCAGTCCGGACGCCGTGGGCGGCGCGTACTACGGCCCCAGCGGCCTGCTGGAACTCGGCGGGAACCCGGAACGCGTGTCCTCCAGCGAGCAGTCGCACAGCGGGCAGGACGCCCGGCGGCTGTGGGCCGCGTCCGAGGAACTGACGGGCGTGGACTTCGAGATCTGACTGCCGTCCCAGGAGTGACGCGGCGGGATGCTCCTGCCGGCCCGGCTGGGGCAGGAACGAACCGGGCGGTCGTCGCTGTGGGCGTGGACGGGGGGTGACGTTCCCCCGCCGGTGGGGTTGCCGGGAAACCGACACCGCCCAACTGAACGGTGTGTCACCATGAGGCATGTGGTATCGCCCACTCCCCTCGCGGCTGGGTCATGGACACACCTCCGCCTGACCCACGGGTGGAGGCGCTGCGGCATCTGCGGATCCTCGACACCCCGCCGGAAGCCCCGTACGAGGACGTGGTGCGCCTCGTCGCGCGGCGTTTCGACGTGCCGATCGCCCTGGTGAATTTTATCGACGCCGACCGGCAGTGGACCAAGGCGCAGGTGGGGATCGACCTCGGCCCGCTCCCCCTCGACCAGAGCGGGTGCGCCGTCACCGTGAGGGAGAACACGCCCGTGGTCGCGCCCGACACCACGCTCGACCCCCGCTTCCGGCACCTCGACGCCGTGACCGGACCGGCCGGCATCCGCTTCTACGCCGGGGTGCCGGTCGTCACCGCGTCCGGGCATGCGGTGGGCACCGTGTGCGTCCTGGACCGGCGGCCGCGCACCTTCACGGACGAGGACCTGCGCGACCTGCGCGCCTACGCGGATCTGGTGAGCCACAGCCTCGCGGCCCGCCCGGAGGCCATGACGCGCCTCGACGCGCTGGACGCCCTCGAGGCCCACGACCTGGCGATCGTGGCCGTGGACGCCGACCGCCGCATCCTGTTCCTGAACGGGGCCGCCCGGCACCTGTACCGCGTGCAGGCCGACCCCCGGGGCGAGCTGTTCACGGCCCTGGCACATGCGGCGTTCCTGAACGCCACGGACAGGGCGCGCTGCGAGGCCGCCATGCGCGACGGGCAGCCGTGGATCGGTGACGCCCTGCACACCCGGCACGACGGTCAGGTCATGCAGGTGGAGCTCCGCGTGAGTCCCACCTTCGACCGGGAGGGCCAGCCGCGCGGGCACGTCCTGCTGGTGCGGGACGTCACGCAGCAGCGGCGGGCCGAGACGCTCAAGGAACAGCTGCTCGGACACGCGGAGGAGACCCTGAGCCTGCACGCGCCCGACGGCACGGTGCTGTACGTGAACCGCACCGACGCGCACCGCACCGGCCTGACCCCCGAAACGCTCGTGGGTCGCAACGGCTTCGAGATCATCCACCCGGACGACCACCACCGCGTGCGGCATGCCTTCACGCACCCGCACCCGGACGGCGCGCCCCACCGCGTCACGTGGCGGCAACGCACGCTGGACGGGTCGTGGCGGTCCATGGAATCCATGCTGGCGCCCATCACGGACGCCGGTGGGCACCTGCAGCACATCCTGATGGTCAGCCGCGACGTGACCGAACGCCTCGTGAACGAGGAACGCCTGCGGCTGCTGGAATCCGCGGTGCTCGCGTCCCGGCAGGGCCTGATCATCACGACGGCCGCGTCCGTGGACGGCCCCGGGCCGCGCGTGGTGTTCGTGAACGAGGCCTTCACCCGCCTGAGCGGCTACGCCCCGGAGGACATCGTCGGGAGGTCACCCACGATCCTGCACGGCCCGGACACCGATCCGGACACCGTGCGGCGCATCGTGGACGGCGGCCGGCGGTGGGTGTCCATGGACGAGACCATCCTGCACTACGCCAAAGGCGGCCAGCCGTACTGGGTGCAGATGTCCATGACGCCCGTGAAGGACACCGCCGGGTGGCACTCGCACTGGGTGAGCGTGATGCGGGACGTGACGCGCGACCGCCAGCAGGACCTGCTCAACCGCGACCGCCGCGAGGTGCTGGAACGTGTCACGCGGGACCGTCCGCTGCCGGAGGTGCTGGGCGCGCTGCTGGACAAGGTGCGGCACCAGATGCCGGACGTGCTGCCCAGCGTGCTGCTGCTCCAGGACGGGCGGCTGTCGCCCGCGACCGACGACGGTCTGCCGCGCGGGCTGCGGGACGCCGTGACCGGCCTGGAGCCCGGCCCGCACGGCACGCCCTGCGGTCAGGCCGTGCACCACGCCCGCACCGTGATCGCCGCCGACCTCCTGAACGACCCCCAGTGGGCGCACATGCAGCAGCTGGCCCGCAGCCTGGACGTGCGCTCGTGCTGGAGCACGCCCATCCTGAGCGGGGAGAACACCGTGCTGGGCACCTTCGCGGTGTACGCCCGGCAGCCGCGCGCGCCGAGCCCGTGGGAACTGGCCGTGCTGGAGGACACGGCCCGCCTGACCGCCGTGATCGTGGCCCGCTACCGGGCGCAGGAGGACACCCGCCGCCTCGCGCTGTACGACCCGCTCACGGATCTGCCGAACCGCCGGTCGTTCACGGATCTCGTCCGGCAGGCCATCCACGCACACCGGCCCGGCACGCTGGTCGCCGTGGGCCTGCTCGACGTGGACCGGTTCAAGAACGTGAACGACTCGTTCGGGCACGCGCTCGGCGACGACCTGCTGCGGCAGGTGGCCGCCCGACTGCAGGGCGCGCTGGGCCGCGACGGACAGGTGGCCCGCATGGGCGGCGACGAGTTCACGTTCCTGGCCGTCCTGGCGTGCGCCGCGGATCTCCAGCCGTACGCGCAGCGCGTCCTGGGGGCCTTCGATGCGTCCTTCGACCTGGCCGGTCAGGAGGTGTTCATGCGCAGCAGCGTGGGGATCGCCCTGTACCCCGACGACGCGCACACGCCCGACGAGCTGCTGCGGCTGGCCGACATCGCCATGTACCACGCCAAGCGCCGGGATCTGGGGTGGGCCGCCATGCGCTCCGGCGGGCGGGCCTCCGCGCGGCGGCGCGTGCAGCTGGAGGTCGCGCTGCACCACGCCCTGGAACGCGACGAGCTGCGCGCGCACTACCAGCCGATCGTGGACGCCCGCACCGGGCAGGCCGTGGAGGTCGAGGCGCTCATGCGCTGGCACAGCCGCGACCACGGGCCCGTCAGTCCCGCCGAGTTCATTCCCGTCGCAGAGGACACGGCCCAGATCGTCACGCTCGGCCAGTGGATGCTGCGCCAGGCGTGCCACGACGTCGCGCGGCTGCAGCGCACGCACCCGGGCCTGCGCGTGGCGGTGAACGTCAGCCCGAAACAGTTCCAGCACCCGGACCTCGTCGGGATGGTGCGCGCCGCCCTGCGCGACCACGACCTGCCGCCCGGGCAGCTGACGCTGGAGATCACCGAGGGGGTCATGATGGATCAGGTGGAGTCCGTGCGGCGTATCTGCGAGCTGCGCGCCCTGGGTGTGCGGGTGGCCATCGACGATTTCGGCACGGGCTTCTCCAGCCTGCACTACCTGAAGAACCTGCCCCTGAACAGCCTGAAGATCGACCGAACCTTCGTGGAGCAGCTGCGGCAGCACCCG
NZ_CP140098.1_gap7	206689	207277	588	GCGGATACGGGTGGAGCCGAAGACCTAAACGCATTTTTATCTTTCCAGGTCGGCGTTTTTCGTGTCAAGCCCCAATGTTGCATGGGCAGATTTGGCAATACCGATACGTACATTCGCGTAACATCAACACACAAGATGCCGAAGCTACAGCGAGGACAGACTGCAAATGTGACCCCAGACGTTTTGATCTGGGCACGTGAGCGGTCACGCCTTGATGTAGAAGCCGTCGCGCATCTCCTACGCGTCGATGCTAATTTGGTTGAACAGTGGGAAAACGGGTCATCTCGACCTACAGTGCCGCAGGCCCGTAAATTAGCCGAAATATACAAAAGACCTGTTGCTGTCTTTTTCTTGTCATCTCCACCGAAAGATTTTTCAGTTATTGAGGAATATAGAGTTCACCGGCTCAGTGAGAATGAATCGGCCTCAAAAGCTCTATCTCTTGAATTGCAATCAGCGCAAGAAACTAGAGATAATCTCATAGATATCGCCGATGAGAAAGGAGATGAGTTTTTACCATTTAAGCTAACATCCAATTTGGATCATAGTATTGTAGATACAGCCGTCAAAATAAGATCTCAAATGGGA
NZ_CP140098.1_gap8	209848	212342	2494	ACATTTTACGCCTGGAGCAAATCCATGGGGCCGGCTCGCGGCCCATGTGTACTGGGAGGGCAGGACAACCGGGTGACGATGGCGTCTACGCATGGCCCCCTCACCCCCCGCCGCTGCGCGGCTCCTCCCTCTCCCGCAAGGGGAGAGGGAAAAAAGCCGAAGCATCCACCCTGCCCCGAACCGAATGCCATCGCATGTGGCCCCATCCGCTCAGGGGCGGCCCTTCGCTCCTCTTGCTCCGTCAACGTAGACTTATCCGCTCATGGGCGCGAAGCGCGCGGGCGGTGACGGCGTAAACGCCCAGGGCAGGTACGCCGCCTCCGCAGCTCCGAGAACAAGGCCACCAGCGAACCTCGCCGCGCACTTTGCCCAGCGCAGCGCCGCTCCCCCTGCCCCTCTGCTGCGCAGCTCTACGAGTCCGGGGTAGGGGGCTGGGGAGTGGGGAAGCCCGCCGCAGGCGCACCCCATCACGCTAGCCTCCCTTCATGACCAAGACCCTCCTCGTCACCGGCGGCAGCCGAGGCATCGGTGCGGCGACCGCCACCCTCGCAGCCCAGGCGGGCTACGCGGTGGCCCTCTCCTACCGCCGGGATGCGGCCGCGGCGGCCGAGGTGGTGCGCGGGATCGAGGCGGTGGGCGGCCGGGCGCTGGCGGTGCGGGCGGACGTGGGCGTGGAGGCGGATGTGGCGCGGCTGTTCGAGGCGGTGCGGGTGGAGCTGGGCCCGCTGTCGGCGCTGGTGAACAACGCGGGGACGCTGGAGAGACAGGGGCGTGTGGACGAGCTGGACGCGGCCCGCCTGACGCGCATCCTGACGACGAACGTGATCGGGTCGTTCCTGTGCGCGGGCGCGGCGGTGCGGGCCATGTCGATGCGGTATGGCGGGGCGGGGGGCGTGATCGTGAACGTGTCGTCGCGGGCGGCGGTGCTGGGGTCGGGCGGGGAGTACGTGGATTACGCGGCGTCGAAGGGCGCGGTGGACACGCTGACGGTGGGGCTGGCGCGGGAGGTGGCGGCGGAGGGCATCCGTGTGTGCGGGGTTCGGCCGGGCGTGATCGACACGGACATCCACGCGCTGGGCGGCGAGCCGGGGCGGGTGACGCGCGTGGCCCCGGGCATTCCCCTGGGGCGGGGCGGCACGGCGCATGAGGTGGCGGAGGCGATCGTGTGGCTGCTGTCGCCGGGGGCGTCGTATGTGACGGGCACGCTGCTGGACGTGAGCGGCGGACGTTAACGGGCCTTGAGTCCGGTCATTCCCGCACCGGGCCGCCCCGACCTACCGTGGACGCCGGATGACCGTGACCGCCACCGACCGCTCCACCCCTGCGCCCACCCCGGCGGCCGTGCCGGCTCCTGCCGCGCGTGTGGTGGCGATCGATGTGTTCCGTGGACTGGCGATCCTGGCCGTCGTGGTTCACCATCTGGCCGGCATGGGTGTGCGCTACGCGCCCGAGGGGAGCGCCGTGGCGACCGCGCTGGCGATCCTGAACCGCTCCCTGCTGTTCGTGGTGCCCGCCTTCGTGTTCATGACGGCGCTGGTGCTGACCCGCTCGGCGCTGCGTCACTTCGACGCGGGGCGCTACTACCGGGCCCGCGCGAAGACGGCGCTGCTGCCATACCTGCTGTGGACGGTGCTGTATGTGCTGTTCCGCTTTGCCACCGGACAGGAGGACGCCGCCGAGTGGAGCGACCCGGCTCGCTGGGTCACCTGGGTGCAGTACGGCAAGGGCTATTACCACCTGTACTTCCTGCTGGTGGTGCTGCAGTTCTATGTGGTGCTGCCGCTGCTGCTGCCGCTGTGGCGGCGGCGCTGGCCGCTGTGGGGCGTGGTGGCGGCGGCCGCTGCGCTGCAACTCGCGGTGTACGGCCTGAACCGCGTGGGCGTGCTGGACTTCGCGTTCCCGGCCACCATGGCCGTGTGGTACATCCCGGCACTGACCCTGGGCATGTACTTCGGTGCGAACGACGGGATGTTCGAAACGCTGTGGGCGCGTGGGCGCGGCTGGATCGTGGGCGCGGCGGTGCTGGGGCTGGCGTGGTTCCTGCCACTGTCGCTGGCCGCGCTGCAGGAGGAACCGGTGAACACGCTGGCCTTCAGTGCGGCGAACTGGGTCTACACGGCCGCGGCGGTGCTGGCGCTGTTCGGCGCGTCGCTGGCGCTGGCCGGCGTGGGCGGCCGGGCGGTGCCGGCACTGACGGCCCTGGGCGCCATCAGCCTGCAGGTCTACCTGCTGCACCCGGCGCTGCTGTACCTCATGGAGCAGTGGGGCTTTCCCGGGCACCCGGCGCTGTTCACGCTGACGCTGCTTGCTTACGGGGTGGCTGCACTGGTGATCCCGGTGCTGATCGCGCGGGCGCTGGCCGGCACCGCGGTGTCCCGCTGGCTGTTTGGCCGTTAGCTCCGTGACAGGCGGGCTCTGCTACGCTCAGGGGAATGAAGCGCGTGGTCTTTCCGCTCCTGCTGGGAGCTGTGCTGGTGTCTCCTGCGGCCCTGAC
NZ_CP140098.1_gap9	247969	252350	4381	CCTGCCGCTGACTCACGGTGTGGACGGGAATCACGGCCTCGGACTCGACCTGCACCAGGGGCACGTCCAGGCGCTGTGCAAGCCACTGCCGCCACTCGCGCTGGATGCGTACATGGCCGACATCGGTCACGACCAGGGCCGCGCCCTGTGCCGCTGCGTCCAGGGCCACCTGGGGCGGAGAGCCCAGGCCCACGCGCAGGGGAATGCCCCGCGCCGCGAGGTTTGCCCGGAGGTCGCGCAGCCCTTCCAGCAGGAACTGGAAGTGGCGGGCGTTGGCCTCGGGGTAGTCGGGGGTCAGGCCAAAGACCGCCACCAGCGGCAGGCCCACGCGGTTGGCCTCACGTACCGCGTATTCCAGCGCGTGGTTGTCGCGCGTGCGGACACTGGCCTGCACCCACAGCAGCACGAACCCTGCATTCGGGCCCTTCCGTACGGGCTCGCCGGGACGCAGGGGCTGGACGCGCGAGTCATGGATCATGGCGTCTGTTGTAGCGGAGGTCGGGTTCAGGGACGGTATGCGGGCTGACGCGGAGGGGCGGGATGAGTCCACCAGACCTCAGGGATGGCACAGTCAGCAGGGTGGGAATCTCGGTGACGCCGCTCGCGAACCCCTCCACCCCTGCGGGGCACCTCCCCTCCCTACGGGCTCTACGAGTCCAGGGGAGGCAAGGAAAACGCCGTGACACACGTTCCTGGCTCCTCTGAAGCGAAGCTGGCTGCGCAGCTGACTGAGGGGTTCGCCCGCAGGCCAGCCTCCTCCCCTACCCCCCCGGCAGGCGCCGCACCGGCAACCTGACCCAGCCCTGGCGCGACAGCCAGCGCAGCGCGATCACGACCGCAGACCCCGCGAACTGCGCCTGAAAGGGCGTGACGTGCGGGTACAGCGCCCAGACGGTGAAGGCTCCGGCAGCGGCGGCGGTGGCGTACAGCTGATCTCGGCGGTACATCACTTCCGGCACCTCGTTGGCGATCAGGTCGCGGATGATGCCGCCACCCACGCCCGACAGCATGCCGGCGAAGACCACGCCCAGCGGCCCCAGCCCGAAATTGATGGCCCCCACCGCCCCGGACGCCGCGAACAGCGCCAGACCCACCGTGTCGAACACGCTCAGGGTGCGCTCGAAGCGGGCCAGACGCTCGCCGACGGCGAAGGCCAGGGCGGCGCCGACCAGGGCAGCCCACAGGTAGGTCTCGTCGCGCAGGAACAACGGGGGGGTCTGACCGGTCAGGGTGTCGCGGATCGCGCCGCCGCCCACGGCGGTCACGCAGCCCAGCACCAGCACGCCGAACAGGTCGAAGCGTTTGCGCACCCCCAGCAGCGCCCCGGACATCGCGAAGGCCAGGATGCCCGCCAGATCCAGCGCCCGCAGGCCAGCAGCCAGGGTGATCGGTGACCACGCGAGTTCGTGCACGGTTCCCACTGTACCGGGGGCCGCACGGCACCACACACGGCGCGTTCTGTTTCAGGCAGAATGGGGAAGCCATGGCCCGAGTCAAGACGAAAGAGACCCCCACCGCCCCGTCCTCGCCGTACGCGCACCTGGACGCCTTCGACGCCCTGATGGCGACCGCCGGCGTGGACAGCCGCGTCCGGGCGCTGGCCGACAGCGGGGCCGACACCCCCACCATGAACGCCGCGCTGACCGAGGCGTTGACCCAGGCACAGCGCCGCTGGGGGCTGGGCCTGCACCACCTGCGGCACGCCGCCGAACTGGTCGAGGGGGACGACGGCGGGGCCGACATCGCCCTGCTGACGGACGGGGCCCGCACGGCGCTGGTCAGCAGCGGTTCGGCGGCGATCGCACAGGCCTACGCGCCCATGCAGGCCCTCGACGAGCGCGGCCTGAGCCTGTGGGGCGCGCTGGGCGAGGGCCACCGGGTCAGCGCCGAGGCGCCCATGGCGACCCTGAAGGCGGTGATCGAGGAGGCCCGTGACTTCGAGACGCACTGGATGCCCGCCCGCGGCGGCGCCCTGAGCCGCGCGTGGCGCAGCGGCGAGACCCTGCACGTCGAGGTCGCCCGTCCCGCGTCGCCCCAGGAGGCCCTGTCGGACGCCGCGTGGGACGTGATCACCAGCATCAAGGACCGTACTTTCCAGCGCGAGCTGATGGCCCGCAGCGAGGAGGTCGGCCTGCTCGGGGCGCTGCTGGCCGCCCGGCACGCCGGGGCCGGCGCGAACCTGAGCCGACTGCCCGAGGCGCACTTCACGGTGCAGGCGGTCGTCGTGACGCAGGAGGGAGCCGACGCCCGCAGCGCGGAGAGCTACCGCACGGCCCTGCGTACCGCCCACGCGGAACTGGAGGAGCACCAGGCCGGCACCACGCGCATGCTCGCGCAGGTGCTCAAGCACGGCCTGCGGGAGAACTGAGCACCGCCGTGCCACCCACCGCACGGCCATGAACCGCGTTCACCCACACCGGCCATGGTCGTGAACGGTGCGGCCCATGACGTGATCTATGCGGCATTGTGTGCCGCCGGTGAAAGGAGGATGTAAGCGCCCGCCGGTCACACTCCTGGACATGACTGGACGACACCTCCAGAGCACGGGACTGATGACGGTCGCGGCGATCCTAGTGTCCAGTGCCCTGAATTACGCGTATACGCTGCTATTGGGGCGTGTGCTGGATGCCGAGGGCTACGGGGCCTACGCGAGCTTCACCTCGCTGTTCATGATCGCGGCGGCACTGCCCGTGGCCTTCCAGCAGGCCCAGACGCGCCGCTCCGACGGCCGACTGTCCCGGATGGGCGTGACCTGGGGAGCGCTGGCCGGAGCGCTGCTGCTGCTCGGGGCCGTCTCGCTGGGGCCACTGCTGGGCGTGCCGGCCGCGTGGATGGTGGGCTTTGCCGTGATCCTGCCGGCGCTGGTGCTGCTGGGCGCGTGGCGTGGCGCGGCCCAGCGCGACGGCCGCGTGTCGGCCTTCAGCGGCAGTCTGGTCGCCGAACACGGGCTGAAGATCGTGCTGACCATTCCGCTGCTGCAGGTGATGGACGGCCCGGCCGCCGCCGTCGCCGCGACGCTGGCCGGCGTGCTGCTGGCCCTGCCGCTGGTGAGACCCGCCGCGCCGGACACGGGCCCCCGGATCCGCACGGACGCGGCCGTGCCGCCCCTGGCCCTGGCCGCCGCCAGCCAGTCCGCGCTGCTGTACGGCGACGTCCTGCTGGGCGGGATGCTGCTGACGGCCGGCGACGCCGGGGCGTACGCCGCCGCCGCCACCCTGGCCCGCGTGGTGTTCTTCGCCGGCTGGGCCGTGCAGGTGGCCGTGTTCCCGCTGGTCGCCCGCGGCGACGGTGCCCCGGGCCGCCTGCTGGGCACCGCGCTGGGCGGCACGCTGCTGCTGGCGGGCACCCCGGCCCTGCTCTTCACGCTGTGGCCGCAGACCTGTGCGGCCCTGGCCTTCGGTGCCACCGTGGGTGCCCAGGTGGCGGCCCTGCTGCCGGCGTGTGCGCTGGGCACGCTGCTGCTCACGCTGGGAGGCACCGTGGTCAATCACCTGCTGGCCGGCGGCAACGCCGCCACCGTGGGCCGCAGCGCCGCCCTGTACGCGGGGAGCGCTGCCGTCCTGACCGGGCTGGCCGTGGCCCTGGGCACCACGCCGTCGGCCCTGGCCGTGGCCGCCCTGGTCGGCAAGGGGCTGCTGCTGCCGGCCGCGTTCCTCGTCCTCCTGAGCACCGTCACCCGGAGACCCCTGTATGTCCTACGCTGAGTTTGAGCGCTGGCGCGACACGCCACTGCCGCACGTCACCCTGAGCATCGTCATTCCCGCCTACAACGAGGCCGAGCGCATGCTGCCCACCCTGGCGGCCTTCGCGGTGGCCGTGAGCGGCCTGAACGAGCCGTGGGAACTGATCCTGAGTGACGACGGCAGCCGCGACGGCACCGCGACCCTGGCGCGCGGCCTGGGCTGGGCGAACCTGCGGGTCATCGAGCACGCGAACACCGGCAAGGGCGGCGCGGTGCGCCGGGGGGTGCTCGCGTCCCGCGGCGACCTGGTGCTGTTCGCCGACGCCGACAATTCCACGCCCATCGAGGAGCTGCCGCGCCTGATCGCGCAGATCCGTGCCGGGGCGCACATCGCCGTGGGCTCCCGCGCGGCGGGGGGAGCGGTCGAGGCCGGCAAGAGTGTGCTGCGCCGGGCCGTGTCCGGCACGCTGCGCTCGATCACGCAGTTCTCGACCGGTGTGCGGCTCCAGGACACGCAGTGCGGCTTCAAGCTGTTCCGGGGCGAGGTCGCCCGCGACCTGTTCCGCCGCCAGCGCATGGACGGCTTCTCCTTCGACCTCGAACTGCTGTACCTCGCCGCGCGCGACGGCCTGCGGGTGGACGAGGTGCCGGTCATGTGGGTGGACGCCCCGGACTCGAAGGTCGATCCCATCCGGGACG
NZ_CP140098.1_gap10	378542	381501	2959	CCCACTGCCGTCAGGCCCAGGGTGGGTACGCCCAGTTCCAGCAGCTCGTCCGGCGTGACGTTCAGGCGCTCCGCCACCACGTCCAGCCCCTTCTGTACTTCCTTCAAGGTCCCCTTGAAGGTCACGGTCGTCGCCAGCCGCGCCAGTGCCGACAGGGCCGCGCCGGACTCGGTGCGCGACAGGGCATACACCGCAGCGTTGGCGATCTTCGGCGCACGGGGGCCGACGCCCGGCACCTTCTTCAGCGCCGATTCCACCACGCCGGCCACCACCCGGATCAGTGCGTCGTCGGCCACCAGGGGCACCATCCACAGCAGGCCCTTGAGCGACAGCGCGTTGAATTCGTCGAGCATCAGGTTTGGATCGCCGCCGTACTGGACGGGATTCAGGCGAAAGGTACGCGGCCGGGGCAGCAGCGGCAGCGCGGCCGTCAGCACCTCGCGGAACGGCGCCGCGCCGACGGCGTTCAGGTGCTTCTCGGCGTCTTTCAGCCATTTCGCCGTGGGCTTCCCCGCAGACGCCGTGCGCGCGAAGGCCACCAGCGCGGGCCAGGGCTGCCGCTGCTCGGCGGGAAGAGTGTCCAGGCGGGTCAGGAAGGCGTCCGACCACGCCTCGCCGGGGTTGAGTTCGGGGGTGAGGGTGTTCGCAACGAGTGCCCACCACGGGTATTTCTCGGCGGTTGGCCCCCAGTAGGAGACCATTGCAGATCTTCTGGCAGCCGCGAGACCGAGCGGAGTCATTCGGTTCTGCCTGAATGCCTGCTCCACGAGAGGATGGAGATAGCTCTCGTTACCCGACCATTGGCCGTAATAAACCAGAGGACTGGCGAACGGTTCCATCTGTGTTCGGATCACAGCTGCCAATTCCTCGCCGTCCAATTGTTGGACAAGCGGTTTCAGCATCATTCTTACCACTCGATCCCACGCCCTTACAGCGCCTCGCATACCTGACGTCACCCCGTCTGTGCCCTGATGAGGTAGGTTTTGCAGGCTCAGAACACGCTGGAGTAGGTATCGATTCTGCCCCGCAGGAACAGGTGGCAACGGCAAAGGCTCTCTCTGTGGTTGATCATCATAAATATCCTGCCTGGCACGCTCTTGCAGGACAGCAAGCCAGAGGTCTGCCGCCTCCTGACCCTTCGCCGTGGTCAGCGCGACTTCAAGGTCGTTCAGCCTGTCGAGTAGGATCAACGCCTCAATCACCGACGCCCTGAGTGTGGGTGCAGATAGTGCCCCGACCTCGATTTCACGAAGTTTCCGTAGAATCAAGTCGTGCGCAGGCTGGGAAAGCTCTCGCAGTTCTCGTAACAAAGTTAATGGAGTTGGATTGACACGCATCCAGGCTGCTAGGCGAGCGGAAATCACCAAACCAGGCTCTAAGATGTCGGCTTTATCTTCAATCGCAAGCCAGATCAGATGTATCCATTGAGGGTGGCGGAGTTCCTCACTTTCGAGTAAGGCGTTCAGGCGAGTAATTTCAGCTTCTCGCGGGTAACTTACCTGTGTGCTCAGCTCCTTGAAGGCCTTGAAATATCGTTCCGGGACGACCTGCCCGTTGATCTCGTAGCCGCTGGGGCCGCTGGACATGAAGAGGGCCATCCCCCTACCCCCCCACCAACGGCACCAACTTGATAAACGTCACGTCCAGCGGGTGCCCCAGCCGCAGCGTCACGGGCTCGTCCAGCGCCTCGGCCTGCCGGTCGCCGATCAGGATGATGATGCCGCCACGGGTGAACGCCTCCACGGCGCGGGCCGACTGCTGCTCCCAGTCGATGCGGCGTGAGCGCGCCAGGCCGGGGCTGTTCAGCTCGCGTTCCATCCCCTCGGGCACGACCAGCCCCCGGAAGCATTCCTGATTCCCGGCGTTGTACGTGGAGACCTCGTCGTACACGCGGCGGCGGATCAGTTCGCGCACACTCACGGTCTCGGTCTCGAAGTCCAGCGTCAGGGCGGGGATGGGCTGGGGTCTCGCGGTGGTCTCGTCGAGGACATTCACGGTGTAGGACATGATTCGGGCCTCCTGATTCTGTTCACAGCGTAACATACATCCAGTCTGATGGTGCCCATCTCACCATGTTGCTCCTGACATAGGGCTGTCACTGGCCCCCGGCAGCATGGAGGCATGAAGACAGACCTGAGCTTCGTGACGCTGCACACCGCCGACTACGCCGCCGCCCTGGCCTTCTTCACAGATGTGCTCGGCTTCGAGGTCACCGAGGAACGCCCCGGCGCGAACGCCTTTGTACCGTCGGGCGGGGCCGGGCTGGCCCTGCGGACGAGTCCAGTACTACAGCCGCCGCTGGGTACGGGTGTGACCGTGTACTTCACGGTGCCCGACGTGCAGGCCTACCACGACCAGGTGGCGGGGCGCGGCGCGACCATCAGCGAGCCGCTGCACGACATGCCCTTCGGGCGGACATTCACGGCGCAGTCGCCCGACGGGCACCAGCTCGGCTTCTGGCAGGCGCCGGCATGAGCGTGGTCACGCTGACGTTGCCAGTCATGCCGCCCTTCGACTTCAGCCACACGCTGACTTTCCTGACCGGCTTTCCACCCACGCAGGGCGAGCAGGATACGGTCAGCGAGCTGCGGGGGGCCACGCGCCTGCACGGGCAGACCGTGGGCTTTGTGGTGCGTGCGGGCGGCGGGGGGCTGGACGTGAGCCTGCATCCGGAACGCCCCCTGGAGGCTGCCCAGGTGCAGGCACTGCGCGAGCGGATCGCCTTCTTCCTGGGGGCGGACGTGGATCTGAAGCCCTTCTATACGCTGGCTGGGCCGGACGACGCGATGGGGCCCGTCGTCCGGGCGCTGCACGGTTTCCACCAGCCGCGCTTCCTAACACCCTTCGAGGTCGCATGCTGGGCGGTGCTCACGCAGCGCCAGCCGCTGGCTCAGGCGCGGCGCATGAAGCGGACGCTTTCGGACGCGCACGGGGGCACGTGGGAGGATCACCCGGCCTT
NZ_CP140098.1_gap11	386408	387935	1527	CTGGCACGCGGCCGCGCTGGCGTGGCTGGACGAGGAACTGACCGCCCAGGGGCGGGAACGCAGCGGGGAGCCGGCCGTGCTCAAGCACTGGCAGATCAGTCTGCTGTGGCGGGTGCCCACGGCGGCGGGGCCGGTGTATTTCAAGGCCGTGCCGGCCTTTTTCGGGCGCGAGGTCGAAGTCACGCCGCTGCTGGCCCGCGAACTGGAGGGGGCCGCGCCGCCCGTGCTGGCCGCCGACCGGGAGCGGGGCTTCCTGCTGCTGGAGGATGCCGGGGACGAGGTGAGCCGCGCGCCTGACCTGAACGCCGTGATGACGCACGTGGCCGGGCTCCAGCGCTCAAGCATTCCGCATCTGCCCGGCTGGACGCTGCGCGACCGGGGGCCGGAGTACGTGCTGTCGTGGCTGGAGCACCTGCACTCCGACGACATGCTGCTGCCCGGCCAGGACGGCGGCCTGAGCGACGACGAGGCCGCCACGCTGCGCCGGGCACGGCCGCAGCTGGAGGCCGCCCTGCGCCGACTGGCGGCCAGTCCCATCCCGCGCACGCTGGGGCATGGTGACCTGCACGGCGGGAACCTGCTGACGCAGGACGGCCGCCTCACCCTGCTCGACTGGTCGGATGTGTGCTTGACCCACCCCTTTCTGGACGTGAACCCGGCGTACTTCTTCCCCTACGAACAGGTCAGCGGCGATTGGAGCCAGCATGGCGCGGTGCTGGACGCCGCCCGCGACACGTACCTGGAGGCCTGGACGGACTGCGCTCCCCCGGAGGATCTGCGCTCCCTGTTCGCGGACGCACTGATCTGCGGCGAGCTGTTCCGGGCGCTGGGCTACGTGGACGGCATCCAGGGGGCCGTTGAGGACAAGACCGAGTGGGCGGGTGCCCATCTGGATCACCTGCGGCGGGTGCTGACCCTGCTTTCCCGCTCACTCTGACCACCCGCACCTACTCGCACATCTTCCCGTCTCCGTCGCCGTCGAGCTTGACGTTGTAGCCGCCCTCGCCTCGCAGGACGGGCGTACGTCCGGCCGCGCGGGCCTGGGCACACGAGGCGTAGGGCGTGCGCCGCGCTGGAGCCGCAGCCGTGGCAGGCGTCGTGTCGCCGCTGCGGTAGTCGGCGGGATTCACGTAGGTGCCGGCGTGCATGCCGCGCTTTGCCTTCCGGGCCTCGTTCTCCTGGGGCACGTAATCGGTGCCGTACTCCCGGTACGCCAGGGCATGTCCGCGCGACACCATCCAGGCGTTCACGTCCGTGCCGCCGACCCGGCACACGGCGACGGTGCGCCCGTAACGGTCGGTGTCCCGGCGCTGACACGTGACAGCCTGGCCTCCCAGCAGCCCGCGCAGCGCGGTGACTGCCTCCTGCCCGCAGGCGTAGGTTCGGCCAGCGCGGCGGCAGGTCTGCGCCGACTCGGGCGCATCGATGCCGTACAGGCGTACCCGCGTCCCGGCGATGTCCAGCGTGTCGCCGTCGATGACGGTGGCCGCGCCGGTCAGCGTGGCGCGTGGCGGGGTGGGGCGGCGC
NZ_CP140098.1_gap12	454871	458842	3971	GGCCGAGTTGCGTGAGGTGCCCGGCCTGGAGGTGAAGAGCGTGGCTGCCATCGGTGCTGCGAAGGCGGCGGAACTGGCAAGCGCCGAGCTGGAGAAGGCCGCCGGTGCCGGCGTGACCCTGCTGGGGCGCGGCCTGCCCGGCTACCCGGACGCCCTGGAGGCCCTGAGTGATCCGCCGCCGGTGCTGTGGGTGCTGGGCGAGCTACCGGACCTCCCGGCGGTGCCCCGCGCCATCGGGATCGTGGGAACCCGGGCCGCGAGTCCACACGCCCTCCAGCTGACCCGCGCGGTGGCCGGTGACCTCGCGCGGGCCGATGTGGTCGTCGTGAGCGGACTGGCGCGTGGCATCGACACGGCCGCACACACGGCCACCGTCGAGGCGGGTGGCGTGACGGTGGGGGTGCTGGGCAGCGGCGTGAACCACATCTATCCCAGCGAGAACGTGCCGCTGTCGCGCCGCATGACCGTCATCAGCGAGTACCCGCTGGGCACGCCACCCGCGCAGCACCACTTTCCCACCCGCAACCGCGTGATCGCCGCCCTGAGTGCCGGCTCACTGGTCGTCGAGGGCGAACTGAAATCCGGCTCGATGATCACGGCCACCCACGCGCTGGAGTGCGGGCGCACGGTCTTCGCCGTGCCGGGGCGCGCCGGCGATCCCCGCGCTGCCGGCCCCCACCGCCTGATCCGCGAGGGCGCGGTGCTCACCGAGTCTGCACAGGACATCCTGGACGAGCTGGGCTGGGGCGCGGCCCCCGCGCAGCCCCTGCCCACGCTGCCGCCGGATCAGGCCCGCACCTACGCTGCGCTGACGGCGCCCCTCACGCTGGACGATCTCCAGGCCGCGACCGGCCTGACCCTGCCCGAACTCCAGACCGCGCTGCTGATGCTCAACCTCCAGAGTCTGGCCGAGGAGACCGGCGGACGCTGGGCGCGGCGCTGACGGTGGTTCGGCAGGGTTCAGATCACAGGTGCTGCGGGCCGTAGTCCTTCTCCAGACTGACCTTCGGGGGGCCGGGAACGGTCACGCCCTCACGCTCCGGGGCCCCCAGGGCCTCCAGGACGTCCCGCACGCCCACCCGCAGCCGGCCGTGCTCCCCGACGGTGGCGCCCAGTTCCGGGTCGAGGGTCACGCTCCAGCCGCCGCCGTCCCACGGCACCTGCACGCGCAGCACCGTGCCGTCCTGCAGGGCCGCGAGTTCCAGGTCGTCGATGCGTACGCGGATCCGGCCATCGGTGAAGCGAACTTTCATGGGCGCAGAATACGGGCATGGACATCCTGATCCTGGGCGGGACACAGTTCGTCGGGCGGCACATCGTGGAGGCCTGTCTGACAGCGGGACATAACGTGAGCATCCTGACCAGGGGAAGATCTCACGACGACCTGCCCACCGCCGTCGAGCGGCTGCGCGGCGACCGGGCCAAGGCAGACGGCCTGGACGCCCTGCACGGCCGTTCCTGGGACGCCTGTGTGGACGTGAGCGGCTACGTCCCCCAGGCGGTGCGGGCCAGCGCCGAACTGCTGCACGACCGTGTGCAGAGGTACGTGTTCATCAGTACGGCCAGCGTGTATGCCGAACCCGAACGCCACCCGGTGCGCGAGGACGATCCGCTGCTGCCCCCGGCGGCCGAGGATGTCACCCAGGTCACGGGCGAGACCTACGGACCGCTGAAGGTCGCGTGCGAGGCGATCGTGCAGGACGTGTTCGGTGAGCGGGCCACCCTCCTGCGCCCGCAGATCGTGGCGGGGCCCCACGACCACACGGCGCGGTATCCCTACTGGGTGGATCGGGCCGCGCGGGGTGGCCGTGTGCTGGCCCCCGGCGACGGCACGGATCACGTCCAGGTCATCGATGGCCGCGATCTGGCCCGCTTCACGGTGGGGGTCGTGGAGAACCGCATCGGTGGCGTCTTCAACCTCGCGGGGCCGCGTCTGAGCTGGGCCGCATTCATGGACGTGCTCGGCATCGCTGAGCCAGTGTGGGTGCCGCGCCACGACCTCGACACCCATGACCTGGGCTTCCGCGAGCTGCCCCTGTACATCCCGGAGCACGACGCGCAGGGCGGCCTGATGGACATCGCGAATGACCGTGCCCGGCGCGCCGGCCTGACGCTGACCGATCCGGCCGTCACCGCGCGGGACACCCGGGCCTGGAGCGCAGGCGCTGGTCTGACCTATGCCCTGACTCCCCAACGGGAAGGAGAGATCCTGACAGCCGTCCAGCACTGAACGTCCCGCGGCGCCTTCTCTCTCCCGGAGTGGAGAGAGGGGGGTGGTATGCTACGCGCGCACAGAAACAGGTCAGCAGGCCGGAAGGGAGGTGCGCGTTATCTCGCAGGGCGAAATCTGGGCGGACGTGCTGGGGTACGTCCGCAGGAACATTTCAGAAGTCGAGTACCACACGTGGTTCGCGCCGGTGAAGAACCTGGGCGTGCAGGAGGGGTCGCTGGTGCTGGGCGTGCGCAACTCCTTCGCGCAGGAGTGGTTCCGCAAGCACTACCTGGAGCTGCTGGAGGACGCGCTGCGGTCTCTGGGCGCGGAGCACCCGCAGGTCAGTTTCCAGGTGCTGCCTGCGCAGCAGGAGGCCATGCTGCTGCCCAGCGATCCGCCCCCGCCCCCACCGGGCCGCACCCAGTCGGAGCGCTCGCAGGCCGCGCCCCCCGCCGACAACCGCAAGAGCCTCAATCCGAAATACACCTTCGAGAATTTCGTGGTGGGACCGAACAACAACCTGGCGCACGCGGCGGCCCTGGCGGTCGCGGAGTCGCCGGGCAAGGCCTACAATCCGCTCTTCATCTACGGGGACGTCGGCCTGGGCAAGACCCACCTGATGCACGCGGTCGGGCACTACATGGCCGAGCGCTTCCCCGAGAAACGCATCGAGTATGTATCGACCGAGTCCTTTACCAACGACCTGATCAACGCGATCCGCGACGACAAGATGACGCAGTTCAGGAACCGCTACCGCTCGGTGGACCTGCTGCTCGTCGACGACATCCAGTTCCTGGCCGGCAAGGAGCGCACGCAGGAGGAGTTCTTCCACACCTTCAACGCGCTCTACGAGAACCACAAGCAGATCATCCTCAGTTCCGACCGGCCGCCCAAGGACATCCAGACGCTGGAATCCCGCCTGCGCAGCCGCTTCGAGTGGGGCCTGATCACGGACATCCAGTCGCCGGAATTCGAGACGCGCGTGGCGATCCTCAAGATGAATGCCGAGCACAACCGCATCGACATCCCGCAGGAGGTGCTGGAGCTGATCGCGCGGCAGGTCACGGCCAACATCCGCGAGCTGGAGGGCGCCCTGATGCGCGTGGTGGCCTTCGCCAGCCTGAACAACGTGCCGTTCTCCCGCGCCGTGGCGGCCAAGGCCCTCAGCAACGTCTTCGCGCCGCAGGAAGTGAAGGTCGAGATGATCGACGTGCTGCGGCAGGTGGCGTCGCACTACAACATGCCGCCGGACGTGATCCGGGGCTCCGGCCGCGTGCGCGAGGTCGTCGTGCCGCGTCAGGTCGCGCAGTACCTGATCCGCGAACTGACCGACCATTCGCTCCCCGAGATCGGCCAGTTCTTCGGCCGGGATCACTCCACTGTCATGCACGCGATCAGCAAGGTCACCGAGGCGCTGGGCAAGGACGTGGAACTGACGGGCGCGGTGAACACCCTGCGGCGCAAGATGCAGGGCCTGGAAGATGAGGGTCTGGACACATAATGGGTGCACTTTATTCTTTTTCTTACGGAATAAGTTCCAGAACGCGTTCCAAAAGCGTGTGCGCAGTTTCACAAGCTGTGGATAACCCTGTGGATAAGCTGTGGATAACCCCGATTTTTCTGTGGACAACTGTGTGGATAACCCACCCCCCTGCGACCCCTGTGGATAACCAGCGTTTTTATCCACAGCTTATCCACAGCTTTCACCGACTTATCCACAATTTCGTCCACAGGCCAGACCTGCGCTGGGCGCGGCTCT
NZ_CP140098.1_gap13	464095	468514	4419	ATGACCACCTGTGGCTCCTGGCCGTAGTCGCGCTGCAGGGCGCGGCCTACCAGGTTGTTGAACAGCTGGTCGGTGCCGCCCAGTTCCACGTCGGCCTCCAGCGCCACCGAGTCGTAGCCCTGCGTCAGCGGGTACAGCAGCTCGTGCACGGCGATGGGCACGCCGCCCTCGAAGCGCTTGCGGAAGTCGTCGCGTTCCATGATGCGCGCGACCGTGTAGCGGCTCGCGAGCCGGATCACGTCGGCGTAGCCCATGGGTTCCAGCCACTCGCCGTTGTAGCGGATCTCCAGCACCTCGGGTTCCTGGCGCAGGATCAGGCGGCACTGCTCCAGGTAGCTCCTGGCGTTCTCGCGCGTCTGCTCCAGCGTGAGCGGCGGGCGGGTCTTGGACTTGCCGCTCGGGTCGCCGATCATCGCGGTGAAATCACCGATCAGCATGATGACCTTGTGGCCCAGATCCTGGAACTGCCGCAGCTTGCGCAGGGGCACGGCGTGGCCTAGGTGCAGGTCGGGGCGGGTGGGGTCGGCCCCCAGTTTCACGCGCAGCGGCTGGCCCTTCCCCAGCTTGCGGCGCAGGTCGTCCTCGCTGACCAGATCTACCACGCCGCGCTTCAGGATCTCAATCTGCTCGTCCACCGGCACAGTCCAACGGATGTCACTCATGTCTCACTCCACAGAACAGAGCGGCGCACTCGGTCAGGGCCGGTGCGCCGCTCGGGGTTGGATTTCAGGTCACGACAGACGTTCCCCCCCTAGCGGCGGGGTCGATATGCACGTCGGGTCGGACGCCTCATGCCCCCAGGCTACCACGCCCCCACGGCTGGGCGGTCGGCGCGGCGGTGTCTGCGGCCCGGCCCCGTGGCGGGTGCTCTGGGTCACAGCGGTGTTCAGTTCCACCCCGGGGCTGAACAGCTGCCCCAGGGCTCCACGGAGGCCGCGGTCATGTCAGGGACTCGCTTCGCTCGGTTCAGAGGGATCCGGGGCGACCCTCAAGACCTCTGAACTCTGCTGTCAGTCCTGCCCTTCCGCGTACTCGCGGTCGAGGCGCTGGTAGACCTCCTCGTCGTTGTCGGGGCGGGGCGCGACCTCGTCCAGCGCGTCGCCGTAGCGGCCGCTGATGTCGATGGCCGGATCGCGCAGGCCGCGCCGGGCCGCCTCCGCGTCGCCAAGCCGCTGGGCGAGCGCGGCGGCGTGGTCGTCGAAGGTCACGTCGTCCAAGCCCGACGCGAGCAGGGCCCGCACGGTGTCCTCGGGCGCGAAGGTGACGTGCAGGATGTCGCGGTGCGCGGTCGGCTCGACGCGGTACGTGACGTTGGCGCTCAGCTGTTCGGTCAGGGTGGTCATGGGGAGCCTCCGGGGGGTGGGGGACTGGGCCGGGCCGGCCACCCCAGCCTTCCACCGGCACCCGTCCAGCGTGCCCGGTTCGGGTTGGGCGACGGTTAACCGCCCGCCGGTGCCCGGTGGCGTCCGGATGAACAGCCCGCCCCCCGCCCGCTAGCATGCGCGGGTGAAGACCATGCAGGAACTGCGCTCGACCTTTCCCCGCGCCGGCCGGGTGGACTGGATCGGGCTGCGCACCGCCCGCCGCGCCCCGGTGCAGGCCGTGGACGCCGTGGAGGTGCACCCCCTGGTCGGCCTCGTCGGCGACCACGGCAAGACCGTCCCACCCCGCCTGAAGGCCCTGACCGGCCAGCCGGGCGAGGTCGACCACGAGGTTCACGCGCCCCCGGTGCCCGGTGGCCGCGGCAAGCGGCAGGTCACCCTGATCCAGGCCGAGCACCTGCCGGTCATCGCCGCGCTGGCCGGCCTGGACGCCGTGACGCCCGAGGCGCTGCGCCGCAACATCGTCGTGAGCGGCGTGCCGCTCCTGGCCCTCAAGGACCGCCGTTTCCGCGTGGGCGACGTGGTGCTGGAGGGCACCGGCGAGTGCCACCCGTGCTCGCGCATGGAGGAGGCCTTCGGCGAGGGCGGCTACAACGCCGTGCGCGGCCACGGCGGCCTGACCGCCCGCGTGATCAGCGGCGGCACCGTCCGCGTGGGCGACGCCCTGGTGCCCCTGGACTGAACGTGGAGGGCGAGGGGCTGGGGTGAGGGCGCTCGCCCCGCTATGCTGGCCGGCATGGCCCGCGACCCCGCTCCCACGTCCGCCCTGGGCCGCACCCGCTCGCTCACGCTGTCCGGGGCCTTCGGCTTCACGCGCCTGATCGTGGAGCTCGGCGTGCTGAGCTCCTTCGCGTTCAGCCTCGCGCTGTTCATCGCCGCGATCGCGCAGGCGTACGTGACCATCCGCGCGGCGCTCGGCCGGCTGGGCGAGGCCGAGACCACCAAGACCCTGATCATCGCGGCGGTCGAGCAGGCCGACACCCTTCTGATCGGCATGGCGCTGCTGATCATCTCCTTCGGCCTCCAGGCGCTGTTCGTGGGCCGCGTGCGGAACGTGCCGCCGTGGCTGCACATCGAGTCCTTCGACGACCTCAAGCAGAAGCTGATCGGCATCGTGATCGTGGCGCTCGCCGTGAACTTCTTCAGCGTGGCGCTGGAGTGGAAGGGCGGGTCGGACGTGCTCGTGTACGGCGCGGCGATCGCCGCCGTGATCCTCGCGGTGGGCACCTTCTCGGTGATCCTCAGCCGCCAGGGGGCCGCGCGCGACGACACGCACCGCCTCCCGCCGCCCGATGCCCACCCTTGACGCCCGCCTGGAGGCCGCCCTCCACCTCATCCGCGCGGACGTGCACGCCGACATCGGCAGTGACCACGCGGCCCTGCCCGTGGAACTCGTCCGGCGCGGGCACGCGCGGCGGGCCGTGGTCGTGGAGCTCACGCCCGGCCCGCTGGCCGTCGCGCGGGGAGCGGTCGCCCGCGCCGGCCTAACCGACCGGATCGACGTACGCGCCGGCGACGGGTTCGCGCCCCTGGCCCCCGGCGAGGCGGACAGCGCGAGCATGACCGGCATGGGCGCGCGCACCATCCTGGGCATCCTGGCCCGGGCGGGGGAGACCGCGCCGCACGCGCTGGTGCTCCAGCCGAACGACGCGCCGGGCCTGCTGCGCGCGTGGGCGCTGGCGCACGGCCACCACCTCGTCGCGGAACGCCTCGCGGCGGGCTTCTGGACGTACCCCGTACTGCGCTTCGAGCGCTGTCCCGGCCCCGACCCGGCCTACGCCGGCCTGTCCCGGGCGGCAGCCGTGAAGTACGGCCCCCACCTGCTGCGCGCCGCCGACCCCCTGCTGCTCGCGCAGGTGCGCGCGGACGTGGCTCGCCTGACGCCCCTGGCCCGCCCCGGCCGCCCGGCCCAGGACGAACTGGTCGCCGCGCACGACGCCCTGGAGTGGTGCTCCAATCACAGGCAATAAAAAAGCCGCCCTCTTCGGCGGTGATAGGGAAAATATAGCGCGGTATGCAGCTGGTGTCAAACCCATGCGCCGGTCGAAAAAAACGGCGTTCTGGACAACTGTCGTGCCGACACCGGGGCAATGGTGGTGCATAGGCCGAGGCTGCGTGGCCGGGTCGGCCACAGGCAATAAAAAAGCCGCCTTCTTCGGCGGTGATAGAAAAAGAATAGCGCGGTATGCAGGCGGTGTCAAACCCATGCGAGCCGCGAGAGAACGGCCGTGCTGGACGAGCGTTTCAGAGTGCGCGTCTCGTGTGCTGTGCATAGCCCGATATTGGCGGGCCGCCCCGAACCGATCACGGGCACAAAAAAAGCCGCCCTCTCAGGCGGTGATAAGCAAAAGATAGCGCGGTATGCAGGGCGTGTCAACTCCATCCGGCGCGTCCGGAAAGCGCCTCGCTGGACGGTCTTTCCAGCGTCTGGTGCTGGCACGCATTGCATAGGAAGGGGGCGGCCCGGTCGCCCGTGGCCGCCCCTCACCGCGCCGCCGGCTTCCTAGCGGGCGACCTCGACGGCGCGGCTCTCACGCACGACGGTGACCTGCACCTGCCCCGGGTACTCCATGTCCTGCTCGACCCGCCCGGCGATCTCGCGGGCGAGCAGGGTCGCCTGGGCGTCCGTGACCTTCTCCGGTTGCACGATCACGCGCACCTCGCGGCCCGCCTGGATGGCGTAGGCCTGCTGCACGCCGGGGAACGACACGGCGATCTGCTCGAGCTGCTCCAGCCGGCGCACGTAGGATTCCAGCTCCTCGCGCCGGGCACCAGGCCGGGCCGCACTGATCGCGTCGGCGGCGGCCACCAGCACCGAGTACAGCGTCTCGCCGTTCTCCGGGTCGTGGTGGTGGGCAATGGCGTCGATGACCTCCTGGGGCTCACCGAAGCGTTTGGCGAGGTTGATCCCGATCTCGACGTGCGTGCCGTCGATCTCACGGTCGATGCTCTTGCCCACGTCGTGCATCAGGCCGGCGCGGCGGGCCATGCTGGCGTCCAGACCCAGCTCGTCGGCCATGATCCCGGTCAGGTGAGC
NZ_CP140098.1_gap14	520097	520993	896	GTCCCGGAACTGTTCCCCTACGGCATCTACACCATCCCCGAGATCAGCACCGTCGGCAAGTCCGAGGAGGAACTCACCCAGGCGGGCGTGCCCTACGAGATCGGCAAGGCGCAGTACCGCGAGATCGCGCGCGGCCAGATCATCGGCGACGAACAGGGCACCCTGAAGCTGATCTTCCACCTCGAGACCCGCGCGCTGCTCGGCGTGCACATCATCGGCAGCGGCGCGAGCGAACTCATCCACATCGGGCAGGCGGTCATGTCCTTTGGCGGCACCGTCGACTACTTCGTCAATACCGTCTTCAACTACCCCACCCTGGCCGAGTGCTACAAGACCGCCGCCTTCGACGGCATCAACCGCCTGGGCAGCGTACCCGTGCTGGAACCGAAGCTGGAGCCCGCGCCGGACGTGGGCAGCGTGGTGCCGGCGGACTGACCGCCGTGTTCCGTTCCGCCCCGGGGCCGGGAGCACGTCCCAGGGCTTCCACGTCCAACCGCCGCCCTGTCAGGGGCTCGCCCTGCTCGATCCAGAGGTCATGAGGGTATTGCTCACGGCCTCTGAATGCTGCTGTGAGCGGGCTGGATCGGGCGTATGGTGCAGTCGCCCCACCATCCAGTTCCCCGGAGGTTCCACCCATGATCATCTCCCACGGCACCCTGTCCACGCCCCCCGAGCACGCCGAGGGGGCCCGAACCCTGCTGCGGCAGGTCGCGCAGGCCAGTCGCCAGGACGCGGGCTGCACGCTGTACGTCGTCTCCGAGGATCTGGAGCAGCCCGGCCACTTCGTGATCACCGAGCACTGGGATTCCATGGCCGACATGCAGGCGCACCTCGCGCTGCCGGGCGTGGGCGAGGCGGTCGCGGCGGCGCACGCGATGGGCGCGACCGATCTGACC
NZ_CP140098.1_gap15	522621	525600	2979	CCGCGGCCACCACCAGCACCCCCACGCTGGCGTGCAGCGCGCCGTCCAGGCTGCGGGCGTAGGCGTCCCGCACGGCGGACACGCCGCGGTCGGTCACGCCGTGCAGGGTCGTGGTCAGCGCCTCGGCCACCGCGAGGAGCACGCCCCACACGTACCGCCCGGCCATCAGGGCGACGGGGAGCAGCACCAGGGCGAGCAGCCACGCGCGCCCCGGCCCCTGCGTCCAGATCAGCGCGCCCGCGGCCACGGCCAGCGCCCAGAACCACCACGTGCGCGGGGCGGTCAGGCCGAAGCGCACGGCCGCGGGCCCGCGGGCCAGCACGCGCGGCACGTCGCGCCACCCCAGCGGCGCGGCGTCCGGCGTGTACGCCATGCGCACCGTCAGGAACAGCAGCGCCTCCAGCCACGACATCAGCACCGCCGCCGCGAGGCCCAGCGCGAACTGCCGCACGTACTCGCCGACGATGCCGCCCATGAAGCTCACGGGGATCAGCACGGCCAGCAGCGACAGCGAGGCCGCCGCGACCGCGCTGAACACCTCCGACGCGCCCTTCAGGACGGCCTGCACGCGCCCCAGGCCCAGGGCCCGGTAGCGCTCGACGTTCTCCGCGACCACGATCGAGTCGTCCACGACGATGCCGATGGCGACGATCAGGGCGAGCAGCGACACCTGGTTGAAGGTGAAGCCCAGCAGGCCGTACAGGATGGGCGCGGCGGCCAGCGAGATGGGAATCGCGGCGATCACCGTGAACGCCGTGTTCAGGCGGCCCAGGAACAGCAGCGCGACCACCGCGACGACCAGCGCCGTGATCCACAGCTCGTGCGTGGTCGATTCGATGCTGGCGCGGATCGGGCCGGTCGTGTCGTTGCTGAACGTGACCGCGTACCCGGCGGGGAGCGTCGTGCCGGAGATCAGGGCCTTCACGCCGTCCACGACGGCGACCGCGTTGCTGCCGGAACTCTGCTGGATGGACACCAGCACGACCGGCAGGCCGTTCACGCGCGTCACGCTGCTCGCCGTGCTGCTGTCGCGCACCGTCGCCACGTCCGACACCCGCACGCCCCGGCCCGCGTCGAGCAGGACGTTCCCGATGTCCGTCACGCTGGTCAGCCGCGCGTTCGTGGTGTACGTCGTCGAGTTCCCGTCGCGCGTGATCGTCCCGATGGACGAACTGACGTTGCTGCCCGAGATCGCGCCCGACACCGACTGCGGCGTCAGGCCGTACGCGCTCAGGCGGTCGGGGTTCAGCTGCACCTCGATCCGCCGCTGCGACCCGCCGCTGAGGGTCACGTCGGCCACGCCGTCCACGCGCTGGAGTGTCGGCACGAGCTGCGTCTCGACGTAGTCGTACACGTCCGCGAGGCTGGCCGTGCCGCCGGACACGCCGAACTCCAGGATGGCCGAGGCGTTCGGGTTGAAGGTGCGCACCGACGGCGACCCCGCCCCGCTCGGGAGCTGCCGGGACGCGCCGGACACCAGCGACGCCACCTGGTTCGCGGCGGCGTTCTGGTCGGTGCCGTCCGCGAGCTGCAGGGTGACGCGGCTGGAGCCCGTGTTGCTGGAACTGCTGATGGTCGTGACGTCCGGCACCTGCGCGAGCGCGCTCTCGATCACCTGCGTGACCGAGTCGTCCACCGTGACCGGGCTCGCCCCGGAGTACGACGTGCTGACCGTCACGACGGGAATGGTGGTGCTGGGCAGCAGATCCACGCCCAGCGAGCGCGTGGAGATGAACCCGAACACGACCACCCCGATGAAGATGCCGATGGACAGCACGTAGCGCGTGACCGAGAAGCCCACGACCGGGTTCACGCCGGAGAACATGCCCTTCCCCACCTTGCGGATCACGGCTGGCCCCCGGGAGGCGGGCCGCCCGCCGGGCTGGTGCTGCCTCTGGCCGCCGCGTCACCCGTACTTACGCCCCCGCCGTCCAGCAGACCCGTGGGCGGCTGCGTGACCACCTGCGCGCCCGACGGGATGCCGCTCACGGCGGACTGCGTGCCCGCCTGCCCGAGCACCGTCACCCTGTTCAGCGTGGCGGTGCCGCCCGAGACCGTGAACACGTATGTCTGATCACCGTCGGCCTGCAGGGCCGTGCTGGGGATCACGACGCCGGTCGCGACCTTCGCCGTGTACACCACCGAGCCGACCGCGCCGAGCGCCGGCAGCGTGTCGCCGGTGAAGCGCGCGACCAGCAGCACGCTGCCGTTCGTGGGCGCGCCCGGATTCTGCGCGACTTTCAGGGGGTACTTCACGGCCCCGCTCGTGAAGCTCAGGACGGTGCCGGGCGTCAGGGTGGTCGCCTCGGTCGCGGGGACGTTCACGTTCACCTGCCGCTCGCGGCTCACCAGCGTGAAGGCCTCGCCGTTCGCGGTGACGTACTCGCCCGGCGCGACGTTCAGCGCCGTGACCTGCCCCGCGAACGGCGCGGTCACGCGCGCCGCGGCCGCCGCCGCCTGCGCCTGCGTCAGCGCGAGCTGCGCCCTCTGCACGCTCAGCTCCGCCTCCGTCACGCCCTGCGCGCCGGAACGCTCGTTCTCCGCGAGGTTCGCGCGGGCGGTCGTGAGGGTCGTCTGGGCCGACGCCACCGCCGCCTGCTGCGCCGCGACCTCGCTCCGGGCCACCGCGCCCACCGCCAGCAGCGCCTGCTGCGCCTGGAGCGTCGCCTGCGCGTTCGTCAGCGCGAGCTGCGCCGCCGTGACCTGCGCCTGCAACCCGGCCCGCCCGCCGACCGTGCTCGCCTGCTGCCCGCGCAGCTGCACCCGCGCCGAGTCCAGCGCGTTCTGCGCGTTCTGCACCGCGGCGTTCAGGTCGGCGTTGCTGAGCGTCACGACCGTCTGCCCGGCCGTCACCGACCCGCCCACGGCCACGCCCACCCCCGTCACGGTGCCCGACGTGCGGGCCGTGACCGTCGTGCTCTGCGCCGCCGCGACCGTGCCCGTCAGCGTGCGCGACGTGCTCAGCGTGCCGGACGTGGC
NZ_CP140098.1_gap16	627171	629662	2491	GGGCATGTTGCGCCTGGCGTCGCTGTTGCTCCAGGTGCGGCCCCTGACGCTCAGGTGCAGGTCGGTGCCCTCTGAAACGAGGTGGACGTCGTCAGCGGCGGCCAGGCGCCCGATCAGCCCCGCCTGGAAATCGCGGATCTCGCCCCACTTCTGCACGGGATCCGGCGTGTCCAGGAACATCGCGCGGGCCACGAAGGCCTCGTACTCGGGCAGCGTCATGCCTGCCGCCTCGGCCCCGAAGGCGGTCGGGTACAGGGTCAGGTTCCAGCGGGGATGCAGCGTGCTCATGGCGACGGGAGCCTGCGCCGCCCGGTGCCGCGCCGCGCGGGCCACGTCGATGTCCGGGGCGGGTGGCGTGGGCGTCAGGATGCGGATCGAGGCGTCGAGCGCGCGGGCGTCCTCGATCTCGACCGGGTGGAGCGAATCCAGCACCTCGTCACTGGCAAAGCGCTGGACGTCCTCGGTCTGGGCGGGGTAGCTCAGGCGCACCACCGGCCGCGCACCGCGCTGGAGCAGCACGCGGTGCAGCGCCTCGATCAGCGGCAGGGCCAGGGTGCTGCCGGACACCAGCACGCGGTCGCCGGGCCGGGCGGTGACGCAGTAATCGGCAAGCAGGACGGCGTGCCGTTCGGGATCGTAGGTCGTCATGGGATACCTCGTGGGGGTGGGAGTTGAAAGGTCTGAGGGTCAGAGGGTCTGAGAGCGGCGCGTCAGTCGGCCTGTTCCCTGAGACCCCTGGCATTTTCGACCCTCAGACCCGGCCTCGGTTCACTACAGCGCCGTGACGGCGCCGCCGTCGACGAGCAGGGTGCTGCCGTTCACGTACTGCGCGGCTGGCGAACACAGGAACGCGGCGACCCGGCCGAACTCGTCGGGGGTGCCCAGGCGGCCCATGGGCACCTCGCGCTCGGAGGCCTCGCGCACGGCCTGCCACGTCGTGCCCCGGCGGGTGGCGGCGGCCTCGTCGAGCTGCTGGATGCGTTCGGTCAGCACGCGGCCGGGCGCGAGGCCGTTCACCTGGATGTTCTCCGGGCCGAACTCCACGCTCAGGGATTTGAGCAGGCCGTGCACCGCCGGGCGCAGGGCGTTGGACAGCGTGAGGTTGTCCAGCGGCCGCTTCACGCTGCTGCTCAGCAGGGCCAGGATGCGCCCGCCGCCGCCGGCCTTCAGGTGGGGCAGGGCAGCGGTGATGCTCCGCACGACACTCATCAGCGTGAGCTGGTAGGCCGTGGCCCACTGCGCCTCTCCCAGGGCACTGAAGTTCCCCGGTGGGGGGCCGCCCGCGTTGCACACGAGGATCTTCAGCCCACCCAGGTCGCGTACGGCCGCGTCGATGAAGGTGCCCAGGCTGTCGGCGTCCGCGACGTCGGCGGCGTAGGCGAGGACAGCGGTGCCGGTGTCCGCCTCGATCCGCCGGGCGGCGTCCTGGGCGCGTTCCAGGGAGCGTGAGCACAGCGCCACGCGGGCGCCCTCGCGGGCCAGGGCGCCCGCGGTGGCGTAGCCGAGGCCCGCGCTGGCGGCGAGCACGATGGCCGGCTGGTCTTGCAGTCCAAGCTCCATGTCAGACGTGCCCGTACTTGGCGAGGACTTCAGGCAGGGTGGCCCCGGCCTCCAGATCGGCGCGGATCGAGCGCTCCTTCTCGGTCAGGGCCTCGGCGCGGGTCAGCACGTCCTCCACGACCTCGTGCGGGATCAGGATCGCGCCGTCCACGTCCGCGAGGATGAAGTCGTCCGGCCGGACGCGCACACGCGCGCTGGTCGCCCCCGGCAGGTAGATCTCGACCTGCCACGCGTTGACCTCCCAGCGGCCGATGGACTGCACCGGCGTGCGGTAGCGGGTGTAGACCGGGAAGTCCATGCGGTCGAGCCACTCGATGTCGCGGATGCCGCCGTCCACGACCGCGCCCACGCAGCCCCGGTACTGCATGCCGCGTGCGATCAGCTCGCCGAAGAAGCACACGCCCTCGGCCCCGCCCCCGCTCCACACGCTCAGGTGGCCGGGGGTCAGGCCGCTGACCGCCTCCATCTTCTTCGGGTCGCCGGTGCCGGGGTAGGGCGTCATCTGGCCGCGGATGGTGTAGGCCCACCCGCCCATCTTCTCCAGCCGGGCCTTGATAGGCCACAGGTCGCTGGACAGCCCGCAGTCCGGCAGGCCGAGTTCGTCGAGGACATCCGCGACGTTGGCGGTGTCCACCTTCAGGAAGCGCTCGCGCAGGGCGAGTTTGCGGTCGGCGGTGAGGGTCATCTGGAGGCTCCTGGGGGGAAGGCGGCGCGCAGCTCGTCGGCCACCACCGTGGCGGGCGCGTGGCCGTGGGCGAGCAGGGCGTCGTGGAAGGTTTTAGGGTCTAGGTTCAGCTCGGCGCGCAGGGCCTTGATCGTCTCGGTGCCGAGCCAGTACATCAGCCGGCTGGCGGGAAACATGGCGTTGCGGGTGGTCTCCGCCCAGACGCGGGCCGGGGCGAAGTGGGCGCGGTCACGGTAGAAGGCGCGG
NZ_CP140098.1_gap17	688718	693494	4776	GCAGTAGACCTGCGCTAGCCGTGCCCCGTGCGAGGCTGCCAGTCCTGTCAGCTTTGGTTCGCTCAGGCCCCGGTAGAAGTGCGTCTCCAGCACGGTGTTCACACCCGCCGCCAGCGTCACGCCCGCCACGTGGTACATCAACGTGAAGCTCAGGGGGCCGCTCTGGGCCGGCTTCAGATCCGACAGCCCCTCGTGCAGGAGCGCCTTGTACTCGTCCTTGGTCACGAAGGGCCAGCGCAGCGCAGTCGCCAGCCGGGCACCCAGCGTGGACTTGCCAGAGGCCGGCATCCCGGTCACGACGAGCAGGAGTGGGCCGGGGCTGGACATGTTCCAGAGCGTACCCGTGCTGGACGCTGGACGCCCCGTCATACGGCCTCCGTCCATTGCCGGGAGTCTGTCGTTTCTCCTTCGCTGCTCCGCGAGCCCGGCTCTGTTTCCCCCGCTTTCAGCGGGAGGGGGTCGGAGTCCTCCTCACCTCAGCGGTTCGTAGCTCACCCAGTCCACCAGCATCGTCCGCTCGCCCGGCGTCCACGCCCCCCCGAAATCGCTGTCCGAGGGCCACACGTTGAACATCACGTGCGCGGCCTGCGTGGGCACCACGTCGGTGACCTCGTGAACCACCCGGCCGTCCACGGAGAAGCGCACCCGCTGGGGTGTCCACTCCCACGCATAGGTGTGGAAACCGGTGCTCAGGTTGCGGCCCGTGTCCGTGAGGCGCTGCCGCACGATGGGCACCGTGCGGTACACACTCGTCCACAGGGCCTGAGGCGCGTCGCCGGGCAGTTCCACGTCCAGTTCGGTGGCCGAGCCGTCCACGTAGGTGAAGAAGGCGCTGATCGAGCCGCTGCGGGCCGGGCCGGCGGCCCGCAGCCGCGCCGTGTACGTGCCGTAGCCGGAGACCTGCCGCGTGGCGAGTTCGGCGGCCCGTGCCCCGCCCCGCGCGTCCACTGTCAGGCGCAGGCGCAGCAGGCCGCCCTGCACCTGCACGTGCTCCGGTGCCCACGTGCCGCTCAGGGGGCCGCGCACCCAGAACGGCGTGCCGCCGGCCGACACCACCCAGCGGTCGCGGTTCAGGGTCAGGAAGTCGTCGCGCCATGCGCCGCCCGGCGTGGTCTGCGGGGCCGCGCCCGTCCCCAGGAGCACCGTGGCCACGCCCAGCAGCAGGGCGGTCAGCCGCACCCTCATGCCGTCAGGGCGTCCAGCAGCGCGGTGAAGGCCTGTGCCTCCGACTTTCCGGCCGTGTCCACCACCACGTGGGGCGTGCTCCACGGCTCGAACTCCTGGGCGGACGCCTGCACGGACTCCCAGGTGGGCGGAATCCACTCGCCCACCCGGTTCGCCGGGTCGTTTCGCCGCCCCTCCACCCGCTGCCGGTGCTGCGTCGCGTCCGAACAGATGACCTCGATGTTGACGAGCCGCACGTCCGCCTCCTGCGCTACCCCGGCCCACGCCTGACGCGTGACGGCCAGCGGGTTCACCACGTCCACCACGACGGCGTGACCCAGCCGCAGGTTGTCCAGCGCCAGCGCGTACGACACGGCGTAGCCCTCGACCGTTGCCGTCAGGCCACAGCGCAGCAGCGCCGCCTCAATGGTGTCCACGCGCAGATATGCGGCCCCCAGGTGCCGGGCGAGCTGCCGCGCCAGGGTGGACTTGCCGCTGCCGGGCACGCCGGAGGTGACATAGAGCATGTGGTGAGCTTACCCTCTGTCATCACGTCAGCAGGTCGTCGCGTTCTCCGTCCCGCACCAGCACGTCGCCGTCGCGCAGCCGCCAGTGCGGGAGGCCCTGGGCGGCCAGCTGATCGGCCAGCCGCGTGCAGTCGGCCGTCTCGGGATGGCCCGGCGAATCGACATGCGGCATGAACAGCCGGTCGAGGATGCCCAGGCCGGTCGTGACCGGATCGGGCATGTCGCCAATCGGATCGACCGCCGCCAGCGGCAGCAGATCCGGCGACAGGATGCACGGCCCGGCGCTGAAGCCCGCGTACACCACGGCGTCCCGGTGCAGCAGCTCCAGAATGGCCGCGTCCGCCCCGGTCTCGGCCAGCACGCGGCGCAGGGTGAACACGTTGCCGCCCCGCACGAACAGCAGGTCGAAGTCCTGGAGCCGCTCCACCGCGTCCGGTGCCCGCAGGTCGAGCAGGGTCACGTCCAGCCCGAGCTGTTCCAGGTCGCCGACGTCCCGATCCAGCGAGTCCTGCCGGAAGGGCAGGCCCTCCACGGCGTTGCGGATCAGCGCGGTTCTGCGGCCACCCCGCAGCATGCCCAGCAGCCGGTGCGTGTGGTTGCCCATCCGGAACGACGACAGATACAGGCGCATGGGCGGAGTGTAGAGGAGGGAACGCTCCCGGCCCCGGCGGTCAGACGGCCGCCGCGTCCGCCACCAGCCGCTGCCGGGCCCGGTCGATCCGGCGGGCGTCCTCGCTGCCGGGCGGGCTCGTGAGCGCCACGATCCTGAAGTCGCTGTCGCCGGTCGAGAGCACGTCGCAGTCGACGTGGATGTCACCGACGACGGGATGCTCGACCGTCTTGCGATCCTCGGTGTGCTGACTGACCTCTGCGCCCCGCCACAGGGCCGCGAAGGTCGCGTTCCCGGCGATCAGCCGCTGGAGCAGCTCGACCAGCCGGGTGTCGGTGGGGTACCGGACGCTGGCGCGGCGCAGGTCCGCGACGATGGCCCGGTTGGAGGCCTCCAGGCTGCTCGACTGCACCGGCCAGGCCTCCACCTGCCCCGCCTGCCCCGGCACCGGAAAGCGGGCCCGCACGAGACTGCGCTGTTCCGGCGCAACTGCTGCCGGGTCGCCCAGCAGGGCCGCCCACGTGGGACTCCACCACGCCAGCCGCCAGTCGGCGGTGAACACGGCCACCGCCACGTCGCCCAGGCGCGTGACCAGCCGCTGGACGCCCGGCGGCACGGTGTCCTCGATGACGGCCGGTGCGGGCGGCTGCAGTCCGGCCAGCCGGTACAGGTGGTCGCGCTCGGTGGTCTCCAGCTGGAGGGCCCGCGCCAGCGCCGCCACCGCCCCGGCCGAAGGCGTGGCCGCCCGGCCCTGCTCCAGCCGCACGAGGTAATCGACGGAAATACCCGCCAGTTCCGCCAGTTCTTCCCGCCGCAGCCCGGCGGTGCGCCGCCGCCGCGTGACCGGCAGCCCCGCCCCGGCCGGGTCGAGCCGGTCGCGCCACGCCCGCAGCGTGGCCCCCAGACCGAGTTCGGAGGATGTCACGGCCGCATGGTAGCGGGTGGCGCGGAGGCCAAGGGTGGTCTTTTCCGTCCCCCCGTCGGCGCGTCCCTGGTTGGCCGCCCGTCCGGGCAGGACACTGCGGCCATGACCGGACTTCAATTCTCCATGCACCACTTCGGCCTCTCGGTGGCCGACCTCGACGCGACCATCGCGTGGTACACCGACACCCTCGACTTCGAACTGGAGTCTGCCTACGACATTCCAGCGCTGTCAGCACGGGCGGCCTTTCTGCGCCACGGGAGCGTCTGGGTGGAACTGTTCGAGGTCAGCGGAGCCGTACCCGCCCCGGAGAACGCCCAGGATCTGCGGGTGCACGGGCTCCGGCACGTGGCGCTGGCGGTCGACGACATCGGTGCGACCCGCGACCTGTTGCGGACACGGGGCGTGGAGTTCGTCTCGGAACCCGCGACCGTGCCGGGCTCCGGCGGCGACCGATATGCCTTTTTTCGCGACAACAACGGCATCCTGATCGAGCTGTACGAGATGCACCGGGCCTGAGCTTGGAAGGCTGTCCGCCCCATCCCTCGGCTCAGCGCCAGCCCAGGCCGGGAGCCACGTGCGTCAGGATGCTCTCGATCAGGTGGGCGTTGTAGTCCACGCCCAGCTGGTTCGGGATGGTCAGCAGCAGCGTGTCGGCCTCGGCAATCGCCTCGTCCTGCCGCAGCTCCTCGATCAGGCGATCCGGCTCGGCGGCGTAGCTGCGGCCGAACACTGCACGGTACTGGTCGATCAGCCCGAACTGATCCTGCCCCTGCTGCCGCCCGAAGTACAGGCGATCCTGGTCGTTCACCAGCGCGAAGATGCTGCGGCTGACCGACACGCGCGGCTCGCGGGGGTGCCCCGCCTCCTGCCACGCCGCCCGGTACGCGCGGATCTGCTCAGCCTGCTGGATGTGGAAGGGCTGCCCGCTCTCGTCCTGCTTCAGGGTGGAACTCTGGAGGTTCATGCCGTGCCGCGCCGCCCACTCGGCCGTCGCGTTCGACGCCGCCCCCCACCAGATGCGCTCGCGCAGGCCCGCCGAGTACGGCTCCAGCCGCAGCAGTCCCGGCGGGTTCGGAAACATCGGGCGCGGACTGGGCTGGGCAAAACCCTGGCCCTCCAGCACGTTCAGGAACACCTCGGCGTGCCGCCGGGCCATGTCCTCCTCGGATTTGCCGGGCGCGGGGGCGTAGCCGAAGTGCCGCCACCCGTCGATCACCTGCTCCGGCGACCCGCGACTGATGCCCAGTTGCAGCCGCCCCCCCGAGATCAGGTCGGCCGAACCCGCGTCCTCGGCCATGTACAGCGGGTTTTCGTAGCGCATGTCGATCACGCCGGTGCCCAGCTCGATGCGCCTCGTCTTCGCGCCCATCGCGGCCAGCAGTGGGAACGGCGACCCCAGCTGCTGCGCGAAGTGATGCACCCGCACATACGCGCCGTCCGCGCCCAGTTCCTCGGCGGCGATCGCGAGGTCAATGGTCTGGTGCAGCACCTCCGCCGCCGACCGCGTGCCGGATTGCGGCGACGGGTTCCAGTGCCCGAACGAGAGAAAG
NZ_CP140098.1_gap18	695124	698519	3395	CCCGCACGTGGCAGGATTTCCGCACCCGTGAACTCGGATTGGTCTTCGGTGAGATCCTGCTGCTGGAGATTCAGCGCGTCCTCGACTACCCCAGCGTGGCCCGCCTGGGCATCAGCGCTGGCACGGCATTTACGGCCGCCACGGAACTGCTGTTGTTGGGCGAGTACGCCGCGCCTGTCCCGGCGATCTCCTGGCCGACGTTGAGCGACCGGAACGACTGGCACCTCTTCGATCTGCTGTACCACACGGGAGCAGACGCGCTGGTGACGCGAGACGTGCAGGTCTTGAAAGCGGGGCGAACGTTGGGGATGCCGGTGTTCTCGCCGGATGAGCTGTAGAGGAGGGTCGGAGTGCTATTCATAGACGGTCGCTGCTCCCAGAATCTGTGCAAACGTCGCCCATGAGGGGTGATCCGGAATGGCCTCGCCTCGATTGGCATACCAGCCCCCAATATCGTCAATCCAGGCGCTCATGGCCTGCAGAAAGTCAGGCAAGGTGATGTTCTCCCAGGTACCAGCATCCGCCTGATAATCACGGAGCAGGTGCCGGACGAACTCTGCCAGGTCGTGATGCGTCTGGACGGCCTCTTCTTCCATGCTCCATGGTGCAACGAAAGAGGCCAGAGCATGACGCCCCGGCCTCTCCATATCCACGACAAAGCCGCCCACCGTGTTGGATGGGCGGCTTGCGTTTAGTGGCCTCAGACTTGGGGGCGGCCCCTCGTCTTTCTTGCCACGTCAACGTAGGCTTTCTTGCTCTTAGAAGTCCATCCCGCCCATGTCGCCGCCGCCCATGCCCTGGCCGCCCTGGCCACCGGCCTGGGGCTTCTCGGGCTTGTCGGACACGATGGCTTCGGTGGTCAGGATCAGCGCGCCAATGCTCGCGGCGTTCTGGAGCGCCGTGCGCGTGACCTTGGCCGGATCGACGATGCCGGCGGCGATCATGTCGTCGACGTACTCGCTGGTCGCGGCGTTGAAGCCGTAGCGGGGCTTGTCGCTGTTGATGACGGCGTTCACGATGACGCTGCCTTCTTCGCCAGCGTTCACGGCGATCTGGCGGGCGGGCTCTTCCAGGGCGCGGATCAGGATGCGCGCGCCGGTCGCTTCGTCGCCGCTGAGGCTCTCGGCGGCCTTGCGGACGGCCGGGATGATGCGCAGCAGCGTGGTGCCGCCGCCCGACACGATGCCTTCTTCAACGGCGCTGCGCGCGGTCGAGAGGGCGTCCTCGTAGCGGTGCTTCTTTTCCTTCAGTTCGGTCTCGGTCGCGGCACCCACGCGGATGACGGCGACGCCGCCGGCCAGCTTGGCGAGGCGCTCCTGGAGCTTTTCCTTGGCGTAGTCGCTGTCGGTGGTGTCCAGTTCGCCCTTGATCGCGTTGACGCGGGCGTCGATCTCGCTCTGCTCACCCTTACCGTCCACGATGGTGGTCTCGTCCTTGGTGATGCGGATGCGCGCGGCGCGGCCCAGCATGTCCAGGGTGGTGTTCTCGAGCTTGTGGCCCATGTCCTCGGACACGACCTGACCACCGGTGACGGCGGCGATGTCGCGCAGCATTTCCTTGCGGCGGTCGCCGAAGCCCGGGGCCTTCACGGCGGCGATGTTCAGCGTGCCGCGCAGCTTGTTGACCACCAGGGTCGCCAGCGCCTCGCCTTCCACGTCTTCCGCGATGATCAGCAGGGGGCGGCCGGTCTGCGCGGCCTTTTCCAGCACGGGCAGCAGGTCTTTGAGGTTGCTGATCTTCTTCTCGTTGATCAGGATGTAGGCGTCTTCCAGCACCGCTTCCATCTTCTCGGGGTTGGTCACGAAGTAGGGGTTGATGAAGCCCTTGTCGAACTGCATGCCTTCCACGACGTCCACTTCGGTGTCGAAGCCCTTGCTCTCTTCGATCGTGATGACGCCTTCCTTGCCGACCTTGTCCATCGCGTTGGCGATCTCGATGCCGACCTGCTCGTCATTGGCACTGATCCCGGCGACCTTCTTGATGGCCTCGGAGTCCTCGACGGGCACGGCGAGCTTCTTGATCTCCTCGATGGCGGCCAGCACGGCCTTGTCGATGCCACGCTTCAGGGCCAGCGGGTTCGCGCCGGCGGCCACGTTGCGCAGACCTTCCTTCACGATGGCCTGGCCCAGCACGGTGGCGGTGGTGGTGCCGTCGCCCGTGATGTCGTTGGTCTTGCTGGCGACTTCCTTCAGCAGCTGCGCGCCGATGTTCTCGAGCTTGTCTTCCAGCTCGACTTCCTTGGCGACGGTCACGCCGTCCTTGGTGATCGTGGGGCTGCCGAACTTCTTCTCGATGACCACGTTGCGGCCACGGGGGCCGAGGGTCACTTTGACAGCGTTGGCGACGGCGTTCACGCCACGTTCGAGGCTGCGGCGGGCCTGTTCGTCGAATACAAGTTGCTTGGCCATGGTGTTTGCTCCTTCGGAGGGACGGTGGGCGCTGAGCTCTGGGCTCAGAGGGATCACGGCCCTGGGGTGAGGGTGGTGCTGACTGCAGGCGGGTCAGGGGAGAGCGTCTCTGCGCTGTGGCTCACAGCCCAGAGCTCACCGCCCCTTACTCGACGATCGCCAGGATGTCGCGTTCGGCCAGGATGCTGTAGTTCTTGCCTTCCAGCGTCACTTCGGTGCCGCCGTACTTGGCGAAGTACACGGTGTCGCCCTCTTTGACTTCCAGGGGGGACTTGGTGCCGTTGTCCAGGGTCTTGCCGCTGCCGACGGCGATGACCTTGCCGCGCTGGCTCTTTTCCTTGGCGGAATCCGGGACGTACAGGCCGCCGGCGGTCTTCTGCTCGGCTTCTTCGATAATTTCCACGAGAACTCGGTCGCCCAAAGGTTTCAGCATGTGGGTTCCTCCTAGAGTGATTTGGGATGTGGGGCCAGAAAGCTCGCCGGACAGCCCGGCGGGTTTTTGCCGTTCCGCACGCAAGACTAGAGCTTCGATAAGAAAATTGTCAACCTTTAGAATCTGAGAATCTGAGTGTGATGCGCTCAAGGTGCACTGGCACGGAGAAAGCGCATATGCGCTTGCATTCTCCTACCCTGGACATATATATGTATTGGGAACATACATCCTTGCCGTCCCCTGCCCGGAGGTACCCGTATGGCCGCCCGCCCCGCCATTCTCAGCCGCAACGCCTTCGAGGACGCCTTCGAGTCCCTGAAGGGTGCTCCCCTCACCCTGGCTGTCCTTGACCTCGACCACTTCAAGACCCTGAACGACACGCTGGGCCACGGCGAGGGCGACCGCGTGCTGCGCGGTGTCGAGCGGCTGCTGTCGGGCAGCCTGCCGTCGGGCAGCGTGATCGGCCGGATCGGCGGCGACGAGTACGCCAGCATCCTGCCCGAGACCGCCGCCGAGACCTCGCTGATCCTGTTCGACGAGGTCATCAAGCACTT
NZ_CP140098.1_gap19	701023	704118	3095	TCGCGGACTGCGCTGCGGCGAAGGTCGACGTCGAGCGGCTGGCCGACGCACTGCGCGTGGGCGGCACGCTGGTCATGGACAATTTCAGCCCGCCCGCGTTTATCCCCGAGGCGCTGTACGCGGGCGATCCACTGCGCGACCTCCTGTTCACCCACCCGCGCCTGACGTGCGTGGAGGTCGAGGTCAGCCGCCGCGAACGGGTGATCGTCGCCACGAGAACCACGTGACCACCCTGCACCTGACCATCCTGCGTCACGGCCGCAGCCGCGCTGACGACGAGAACGTCCATGAAGGGCGCTACGACTCGCCACTGAGTGCCGAGGGAGAGGCGCAGGCGGCGGCCCTCGCCGCGTACTGGACGGCGAATCCGCCGGGCTTTGACCGCGCCTACTGCTCGACGTTGCAGCGCGCCCAAGAGACGGCTCGGATCGTCACGGACGCGCTGGCGGTGCCCATGACGCCCTCGGATCTCCTCCGGGAGTGGGACAACGGGCCACTTGCTGGCATGAAACGGAACGAGGCGCTGGAGAAATGCCCCATGCCCGCCTTCCGGCACGATCTCGACGCCTTCACGCCACATGGGGGCGAGAGTCAGGCGGCCATCCGGGCGCGGGCGCTGCACGCGCTGGAGCTGATCTGGCAGGGTGGGGGAGAGCGGGTGCTGGTCGTGACGCACGGCGGCTTCGGGAACTCTCTGCTGCGCGAACTGCTGGGTATGCAGCACGGCTGGTTTCCATTCGGGGACACCGCCTTCGCCACCGTGCGACTGAGTCGCCTCTCACACACGGCCTACGTGACGGGTGTGAACCTCGCGCCGCACCTGGCCTAGACCCGCCACGGCCCACCGCTCCGGTGTGGAGGGTGGGCCGCGTGCTTGTCAGCCGGTCAGGGGTAGCTGACGACGTTGCTGGGCGAGGTGTTCGTGCCAGGCTGCGGCGCGACCGGGCCGGTGGTGTTGATGACGTGGTCGATGGTGCCCGTGTTGCCGAGCGACACGGTGAGCAGGTCGTGGAATTTCACGCCGGCGACGTTCGGCACCTCGAAGCCCCGGTCGACGTGCACGCTGGGATTCACGTTGAAGAACGAGTACACGCCCATGCCCCAGCCCTCGTGGGTGGTGACGCTGTCGGCGACCTTGTAAGCGGCGTAGCCGTTGGCGCCGCTGCGCCACGTGGCGTTGTCCGGCACGTCGTAGGGTTTCTCGTTCTGGAAGAAGATGGTCTTGCCGCCCTGACCGTTCCAGATGACCTCGTACTTCTGGTAGTGCTCGACGAACAGCCCGGTCGCCAGGACGTTGTGGCCGTTCACGATCAGGCCGGTGTCGGCAGTGTTGATCGTCCAGCCGGTGGGGCTGGTGCCGTGGTCGGCACGCCACGCCCAGATGTGGTCGATCAGGGTGTGGTCGCTGTTCACGATCAGGCTGGTGGTGGCCTTCCCGGCGACCGCGCCGCCGATGCGGAAGAACACGTCCTGCACGCTGGTGGGGTTCGCGGCGTGGCTGACGTGCGAGCCGGCGGTGCCGATGGTCAGCAGCGCGGCGCTGTTGGTGGTGCCGGCGTCGAACAGCAGGCCCGAGATCTTCACGCCGTCCACGTCGGCGGTCTGGATGGCGTTCACGCCGCCCTCGGGGATCAGGGTGGGGAAGCCCAGGCCGTAGAGGACGGTGTTCGCGCGGGTGACGTTCAGCGTCTGATTGATGCGGTACACGCCGGGCGTGAAGAACAGGTTCAGGCCCTGCGCGAGCGCCTGATTCAGCGTGGCAGCGCTGTCCGTGGGTTTCGCGACGTAGAACTGGTTGAGGGGAATGCTGCTGCCGGGCGTGTTCGGCCAGGTGGCCCCGCTGGCGTTCGTGCGCAGGTTCGGGACGAAGACGCGGTACTTGCCGGCGCTGTCGATGTACAGGTACGGTTTCTCGCGCGACACGGGCGTGGTGGCCAGCGTGGTGTGCGGGGGGTTCGGGAAGGCCTGGGCGGGGGCGCCGCTCACGCCGGAGAACACCATGTTCCAGACGCCGCCGTTCCAGCTGCCGATCGAGCTGTCACGGGTGTACCACTGCTGCTGCGAACCGGAGCTGACGGCGCCGTCCACGCGGGCGTCCGCGAGGTAGCCGCCCGACGCATACCCGGTCGGGTTGCCCTGGTTGCTGGGAGCCAGGGTCAGAGCTCCCCTGATATGCACCCGGCGCATCGGGGCGGCCTGCGACACGGCCCAGCGGTTGGTTCCGCCTTCCGGCACCACCGCGAGGTTCTCGGCGCTGCGCCAGAAGTTCTGCGTGGCGTTCGTCTCGTCTCCGGCGTTCCAGCCGCTGTCCACATTGACCGCGCCGTTGATGGTCACGTCGTCCGGGTTGAGGCCCAGCCCCGCGATGTGCGTGTAGAAGCCGATGTTCGCCCACACGCGGCCGTAATTGCCAGGCTTGAACAGGAAGGTGTAGCGCTGGCTGCCGAACTGCGCACTGGCATTGAGTTTCCCTGCGTTGAAGGCGGCGTCGATGTCGGCCTGGATCGTCGCGGCCGGCACGCTGGGGTCATAGATCTTCACGTTCGGCCCGAAATTCGGCGTGTCCGAGGTGGGGAGACTCACGACCTGGCTGACCCTGAAGGACGAGGCGAGATTATCGAAATCAGGCAGTGAGGCGGCGTTGGCCGTGAGGGTTTTGCTGGTGCCGCCATAGGTGATGTCATTAAACAGCTGCACCTGATAGCCGGGCTGCACCCTGACCGAGCTGATGCGGTCATTCCACGTGCTGCCGACCCAGCTGCTGTCGGTACTCGCGCAGAACGACTCGCCCAGGTAGTTGGGGTCGGCGTAGAAGCAGACCGGCCCGGTGGGCGTGGTGGTGGCCGGCCCGTTGACCTGCAGCTCGTACAGCGAGTAGCCGTAGGTGGTGTTGCGCGCCGTGCCGTACATCCGGACGTAGCGGCCGCTGCCGGTCACGGGGATGGTCTGGGTGCCGCCCGCGCCAGTAGTGGTGCTATAGACGTCAGTCCAAGTGCTGGCGTCGTTGGACACCTGAAGCTTGAACGCCCTGGCCGAGGCGGCCTCCCACTGGAGGGTGACCTGGCAGAGGGTCTGCACGCTGCCCAGATCCACGT
NZ_CP140098.1_gap20	831889	834086	2197	GTGGTCTGCTGAAGGCCGATCACTTCGCCGACGTGGTGATCTTCGATCCTGTGAACGTGCGCGATCACGCGACCTACGCCCACGCCGAACAGCTCTCGGGGGGCGTGCGCGACCTGTGGGTCAACGGCGTGCGGGTGCTCGCAGGCGGGACGCACACGCGGGCACGGCCGGGCCGCCGCCTGTACGGGCCGGGCGCGGCCGGGCGGCCCGGCCCCTCTGCCCCGGCGACGGACGCCGCCCAGGTGGGCTAGGGTGACGCCATGACGTCCGCCCCGCCCGCCACCGCTGCCGAACTGCTGCGTGCCGGTCTGGAGAGCTTCGGGCCGCGTGACCGGCAGATTGCCCGCCATTTCATCGACCACTTCGAGGAGCTGCCCTTCCTGAGTGCCGGGGAGATCGCCGAGGCGCTGGGCGTGAGCGGCGCGGCGATCACCCGGTTCAGCCAGCGCGTGGGCTTCGAGGGCTACCCGCACCTGCAACGCTCGGTGCGCCAGGAACTGCGGGCCACCCTGGGCCTGGGGCGGCCGGGCCGGCAGGACGCGGTGGTCGCCCGCTACTGGGTCAGCGAGCGGGCCAACCTCGACGGGCTGCAGGCCATCCCGGAAGACCAGCTGCTGGCCATGGCGCAGGCCATCGCCTCGGCGCGGCAGGTGTGGCTGCTGGGGGCACGGTCGTCGCACGGGCTGGCGCTGACCGCCGAATACATGCTGTCCTCGTTCCGGCCGCGCGTCCAGGCCTACAGCGCCGACCTGCTGTGTGGCCGCCCCGAGCACCTGCTGGAGATGACCGCCGACGACGCCGTCCTGGTGTACACCCTGCGCCGCTACAGCCGCGCGACCACGCAGGTCACGACCGCCCTGCGCGAGCGCGGCGTGCGGGTGCTGCTGCTCACGGATCAGGGGGCCTCGCCGCTGGGCCGCCTCGCCCACCACAGCATCCGCCTGCCCACCCAGGGCTCCGAGGTCATCGCCTCGCTCGCCCCCTTCCTGAGCGTCACCTCGCTGATCGCCTCGCTGGTCGCCCGCGAGATGGGCGGCGGGCAGCTGGAGGCCGCCGAACGCCTGAAAGCGGAGTTCGGGGTGTACGAGTACTGAGGTATGGAGGTCGGATACGGAACCAGGTTGATGGCCGAGCATGACAGGCTGTTCCGTCGAAAACCCCTCAATCAACTGAGGCCCGGATCACGCCACACGCCGGGACAGCCGGATCTTCCAGCTCCGGCACTGGAGCGCGCTGGCAACCGCCCGAGGAACATGTCACCGGGTAGATGGCGCACACTGTGGATCCGGTGTCGTGCTGACGGAGCGGTATGCTTTCTGCTGCCACCAGCCCGCAGCACAACACACGTCAGGAGGAAGCATGCCAGGGAAACTGAGCGGAACAGTCGCGATCGTCACCGGAGCCAGCGCCGGAATTGGTGCCGCCGTGGCGCGCAGTCTTGCGGCCGAAGGGGCCAGCCTGGTGCTGACCGCCCGGCGTCAGGAGCGGCTCGAGGCGCTGGCCTCCGAACTTCAGGGCGGCGGCACGCAGGTGTGGGTGGTTCCCGGTGACGCCCGCGAGGAGGAGACGGCCCAGCGCGCCGTCGAGACGGCCACCCGGTCGGGCGGTCGACTGGACATCCTCGTCAACAACGCCGGCACCGGGAACTACAAGAACCTCGTCGACACGAGCGCGGCGGAGTACGACGACATGATGGACACGAACATGCGCTCCACCTTCGTGTTCACCCGCCATGCCGTCCCGGTGATGCAGGCACAGGGCTCGGGCACGCTGCTGATGATCTCCTCGATGGCCGGCCTGTACGGATTCGCGGGGGAAGCGGTGTACTGCGCCACCAAGTTCGCGCAGGTCGGATTTGCTCAGGCACTCGACCGGGAGCTGCGGCCGCAGGGCATCAAGGTAGGGGTGATCTGCCCGGGTGGCGTGAAGACCGAGTTCGCGCTCGGACGCGGACGCACCGAGGAGAGCGTGGCCGCCTCGGGGATGCTCGAGCCGGAGGACGTCGCGGGGGCAGTGTTGCTGGCCTGCACCCAGTCGGCGAACTCACGGATCATCGAGATTCAGATGCGGACGATGGCCGAGGCGCTGTAGCCGGAGCCTGCGCCCCGCCCCGGTTCAGATCGCCCTGATCCCGGCTCCACGCCGCCCCCCGGTCATCGCGAGGATGACCGGGGGGAAGCAGGGTCGTCCGGAGCGT
NZ_CP140098.1_gap21	840695	845204	4509	GCGCCCGCCTCAGCCGCCACGGGGTTCTGGGCCGGTGCGGCGGCTGGAGCCGTCTGCGAGGTGCCCAGCGGCACCTGATCACGCAGCAGCGTGGCTCCCAGCCCCAGACCCACGAGAACGAGGATGACCGCGCCGACTCTGCCATTCATGAGTGCATTATCCCCACCGGCGGCCCGTCGTGACTTGAGCATTGGTTGCGCGTTGCCATGCCTGCGCCACATGGCCGATGCAGGGCGCGGGCCGCCGTGCTGAGCTGTGCCCATGCCCGATCTCGATATGGCAGCGGCCGACCTGCGGCGTGCCCTGGGGGACTTCCTTGAGCGTGACCGCCAGGACGGGGTCTTTCACGTGCAGGTGGGCGGCCCCGGCAGCGTGCCTGCCCTGGCCGACCTGGACGCACCGGAACTGCACCTGGATCTGCTGCCGGAGGTGCCCACGGACGCGCAGCGGGCGGCGCTGGGTGCCCTGGGCTACGTGCCGGAATCGGGGCAGACGTGGCGGCATCCGGCGGGCCACCGGCTGGTCGTCTGCGACCACAGCGCGGGCTGGCGGGCCGCCCAGTCTGCGCTGCGCCGGCTGCTGACGGACGATCCACGCGCTTCGGCAGCGTACCGGCAGATCTATGTGCGTCATGGCCGGTTGGCGGCCGACGGTGCGCTCCTCCCGGCTGCGCTGAAGCATGACGCCCGCCGGATCGGCTTCTCACCCCTTCAGTTCGCCGCCCACGCCCTGGCCGGGCTGGACGCTCCGTGGACGGTCGCGGGCGGCTACGCGCTCGATCTGCACGCCGGGCACGTGACCCGCGTTCACGACGACCTCGACATCGAGATTCCCCGTGAGGCGCAGGGGCAGCTCCCAGACGTGCTGCGCGGCTGGCGTCTCGACGCCTCGGTCAAGGGCGCCTATCAGCCGTTCCGCCCGCCCCTGGAGCCGCCCTCGCACCAGATCCACGCCCGGCACCCGGACCTGCCCGCTGTGCTGATGGTGGATCTGATGCTGACCGACCTGAGCGGCGGCCTGTGGCACTACCGCCGCGATCCGGCCATCACCCGCCCGCTGGCCGAGGCGCGGCGCGTGGGGCCGCACGGCCTGCCGTACCTCGCCCCGGAGATCGTGCTGCTGTTCAAGGCCGGATCCGCCGGCCGGGAGCCACGCGGCAAGGATCAGTCGGATTTCGAGCGGGTTCTGCCCATGCTGGACACGGCGGCCCGGGCGTGGCTGCGTGGGGCGCTGGAGCGCACGCGGCCGGGGCATGGGTGGGTGGAGGCGCTGGATGAGGGATGGGGATGAGTAGGGGAGAGTTCGGCGGGGCGGCGTCCTAACCTCTCCGCCCGTTTGGGGCACCTCTACTCCGCAGCTCTACGATTTTCCTCAAGGGGAGGCAAGGATGTTGCTCGTTGGGTTCCCTTGAGGGGAGCTGGCGGCGCAGCCGACTGAGGGGTTATTCCGCAGCCCCATCCCGTCATCCCTGTCCCCTACGCCCGGGCGTGCGTCTCCGTCGCGTCCAGCGCCGCGATCTCGTCGGGGCTGATGTGATACTTCTCGCCGCACCAGTGACACACGATCTCCTGGCCGCCGTCGTCGATCATCTCCTGGCGTTCGGCGGCGCTGAAGAACTTCAGGGAGTCGCTGGCCTTCTCGCGTGAGCAGCGGCACTGGAAGCGCACGTCCTGCGCGTCTGCCGCCAGGGTCAGATCCAGGCCGTCGGCGGCGCGCTCCATGACCGACAGCAGACCGCCCTGGCGCAGCGCGGTCGTGATCTGCCCGATCGCCCGGATGTTCGCCTCCAGGCGGGACAGGGTCTCGTCGGTCGCGCCCGGCATGGCCTGGACGAGCAGGCCGCCCGCAGAGGTGACGCGTTCGCCCTCCTCGTACACGCCGAGCAGCACGGCGTTGGGGATCTGTTCGGAGACACCCAGGTACGCGCTGACGTCCTCGGCGATCTCGCCGCTGACCAGCCGGATGCTCCCGGTGTACGGCTCGCCGTTGTCGAGCAGCCGCGTGACCGCGAGTTCGCCATCCGTCCCGACGATGCCGCTCACGTCCAGCTTGCCGTCGGACTCGCGCAGGGGCAGGTCGGCATGCGGCTGGCGCACGTAGCCGCGCACCCGCCCGTCGGCGCTGCCCTCGGCGACGATCCAGCCGACGGGGCCATCGCCCTCGACACGCACCGTCACGCGGCTGTCGTGGCGCTTGCCCAGCACCACGCTCAGCAGCGCCGAGGCGGTCAGGGTGCGGCCCAGCGCGGCGGTTGCCGTCTTGCTCAGGTCGTGGCGGAGGCGGGCGTCCTCGACGATGCGCGTCGAGTCCATGCCGATGAATCTCAGGGTGCTCCCGGCCGCCGTGCCGCGCAGCAGGTAGGAGGTGGGGGGGGCGGTCTCGGACATGAGCACGACCTTACCCGGTTCCCTGGTCGGGGGCTGTGGGTGGCCTCTCACTTCGGGTGTTCGGTGTGCTGGCCGACAGTCCTGGACACGTGGCGTGTGGCTGATCCGAATCTGGCGGCGTGCCGGGCAGACTTCAGCGGACTGCCAGCGCCCTCTCATCTGCGCTCACTACGCTACAGGGCACCCCGGAGATTGAACCGGGTTCAAGAATTCTCGATTTTCCCTCTCCCAGACGCGTCATTCTTGCGTCAGATATAGGAGTCCTCATGCGTCCGTCCACCCAGATCCGCACGGCCCTCGGCCTGACCACCCTCATGCTCACGCTCGCGGCGTGCGGCGGCGGTACGAATGCCGGCACGGCCAGCACCCTGGTCGTCCAGGAGAGTGCCGACATCCCGACCCTGGATCCCGGCACCTCGTACGACACCGGCAGCGGTCAGATCGTCGAGAACCTCTACGAGACGCTGCTGACCTACAAGGGCAACTCCATCCGTGACCTGGAGCCGCTGCTCGCCACCGAGTGGCAGGAGAACCAGGGCGGGCGCGAGTACCGCTTCACGCTGCGCGACGGCGTCAAGTTCCACAGCGGCAATGCCTTCACCTGCGCCGACGCCGAATACACCTTCCGCCGCAACCTCGTGACCAACACGGCCGACAGCGGCAACTGGTTCCTGTCGGAGAGCCTGCTGGGCACCGCCAGCAACGCCAACGACGACCAGAGCATCACGTGGCAGCGCATCACGGACGCCGTGAAGTGCGACGGCGAGACGCTGGTGTTCACACTGCCCAAGGCCGACCCCGCGTTCCTGGCCAAGCTGGCCTACACCGGCCAGGGCATCGTGGACAGCAAGCACGCCACCCAGATCGGCGAGTGGGACGGCACCGAGGCCACGTGGAAGGCCGCCGTCGGGAAGGATCTGACCGGCAGCCCGCTGTCGCAGCAGCCCAGCGGCACCGGCGCGTACAAGCTCGTCGAGAAGACCAGCGCCGCCGTCACCGCCACCGCCTTTGCCGAGTACTGGGGCGACAAGCCCTCCATCACCAACGTCCTGATCCAGAAGGTGCCCGAACAGGCCGCCCGCCTCCAGGCCTTCGAGAAGGGCGACGCCGACCTGATCGAGACCGGCGGCCGACCCGTGATCGAGGCCCAGCTGCGCGGCAAGGACGGGATTGCCATCCTGGACGGCCTGCCCGATACCAGTGCCTTCGGCATCAGCATGAACCAGGCGATCAAGGGCAATGCCATCGGCAGCGGCAAGCTGGACGGGCAGGGCATCCCCGCGAACTTCTTCAGCGACGCGGACGTCCGGCGCGGCTTCGTCGCCGCCTTCGACGTGCCCGACTACATCAAGCAGGTGCAGGGTGGCCAGGGTGACGCCCGCAACGTCCTCCTGCCCGACAGCTTCCCCGGCTACGACACCGAGCTGAGCGGCGCGAAGTTCGATCTGGACGCCGCCCGAGCTGCCTTCCAGCAGGCCTGGGACGGTCAGGTGTGGCAGCAGGGCTTCACCGTGAACGTGTCGTACCGCGCCGGCAGCGTGTCCGCGCAGACCGGCATGGAGATGCTCAAGAAGAACATCGAGTCCCTGAACCCGAAGTTCCGCGTGAACATCGTCTCCAAGGAATGGAGCGAGATCATCAAGGGCAGCAACCAGGGCACCGAGGCCATGGTCATGACCGGCTGGGCACCCGACTACGCCGACGCCGACAACTTCATCACGACCTTCTACGCCAGCACCGGGTACTACAATCCCCGCATCAACGTGACCGACTCGCAGATCGACACGTGGATCACCGAGGCCCGCAGCACCACCGACACCGCCCGGCGCAACGAGCTGTACAAGCAGGTGGCCGAGCGGGCGCTCGATCAGGCGTACTACATCCTGCTGCCCAGCAACCCCGGCATCATCGCGTACCGCGATACCGTCAAGGGCATCAGCAAGGACACCTTCAACCCCATGGTCGCCTTCCGTACCGGCACCCTGTGGAAGGATCTGAGCAAGAGCTGAGCACCGTTTCTGACCTGCACCCCCACCCGCGCCAGGCGGTGTGGGGGTGTGTGCTGTCTGGGACTGTGCGGTGAGGCGGCGTACGACCCTTCAGTCGGCTTCGCCGCCAGCTC
NZ_CP140098.1_gap22	846427	851228	4801	CCGCCCTGCCCTTCGGCTGCGGCGTGATCGAGTTCGTGGGGGCGCGGCCTGACGGGATGGCGGCGCTGCTGACGGTGTCGCCGCTGCTGACCCTGGCGCTGGAGGGGGTGCAGGCCCGCGAGGCACGGCGCGGGCACGGGCGGATCGCGGAGACGGTCGAGGGGCTGGTGCGGCGGCTGGGCGGGAGCCTGGAACTGCCGCAGGTGCTGACCGTGACCGCGCAGAGTGCGGCGCTGGCGCTGGGCTTCTCGCGGGCCTTCGTGGGCCTGTTCGACGAGGTCGTGGAGGGCGTGGCCCGCACCGGCGAGGTCTATACCTACGGCTTCGACGAGTCGTTCACCGGCGGCATCGGCGTGGGGCCGCTGACCTTCGAGCGGCTGATGAACCGGGGCGAGGCGATCCGCTACGAGCGCGTGAGGGACGCGGGAACGCCCTTTGCCGCCAGTCTGGCGGAACTCGGGCCGGAGGCGGCGGTGCTGGCCCCGCTGAGTGCGCGGGGGCGACCGCTGGGCCTGCTGTATGTGGATTCCCGCTCGCCGGGCGCGGGCGCGACCGAGGACGATGGCCGGCTGGTGCTGGCGCTGGCCGAGCAGGCCTCGCTGGCCATCGACAACGCGCGGCTGTACGCCCTGGAGACCCGCAAACGCGAGGCCGCCGAGGCGCTGCGCGAGGCGGGGGCGGCGCTGGCGGGGAGCCTGCACCTCTCGGACACGTTGCCGCGCGTGCTGGAGCGCGCCATGACGCTGTTCCGCGCCGACGCGGCGGCGGTCTACGAGCAGCAGCCCGACGGCCGGACGCTCAACATCCGCTCGGCGGTGGGGCTGCCCAGCGAGTACGTGCTGCGCGTGCGGGCCAAGGTGGGATCGGGCGTGACCGGCCGCGCCGCCGAGCGGGGCGAGGTGGTGGCGGCCCGCGACCTGAACACCGAGCACTACGGGGGCGGCAGCCGCTACACCCGGCAGCTGCTGGCACAGGGCAAGTACCCCTACAAGGGCGTGGTGGGCCTGCCCCTGGTCACGCGGGCGGGCGTGTTCGGCGTGCTGACCCTGTACTGGGAAGGCGTGCTGCCGCTCGACGACGACGACCAGGCGCTGCTGGGCGTGTTCGCCGCGCAGGCCTCGCTGGCCATCGAGAACGCCCGCCTGTACGAGGAAGAGCTGCGCCGCGAGCGCGAATCGGCGGTGCTGCTGAACGTGGGCCGTCTGCTGGGCGAGGATCAGGGCGACGAGACCCTGGCCGAGGCGGCGCGGCTGGCGACCCTGGCCATGAACGGGGGGCGCGGCCTGATCGCCCTGACCGATGAATACGGCGTGGTGGTGCGCTGCGCGACGTACAACCTCCACCCGCCCCGCCCCGAGGAGCTGGCATCGTTGCTGTCGCAGCTGGGGCGGGGGCCGCGCCCGCTGACGCGCCGGGCATGTCTGCCGGTGGCGGGCAGCGGCCTGATCGTGCCGCTGCACGGCGGCGAGGGTGACGGCCGTGGGGTGCTGGGCTTCCTGTACGCCGACGATCCCGGCACCGATCCGCCCAGCGACCGGGTGCTGGCGCTGGCCCGCTCGGTGGCCGACCAGATGGCCCTGACCCTGACCCGCGAGCGCCTGCTGGCCGCTCTGGAGCGCGAGGAAGCCCGCTACCGCCAGCTGGCCGAGGGTGCACACGACCTGATCCTGAGCGCCGACGTGCGTGGGCGGATCACCTACGCGAACCCGGCAGCAGTGCGGCTGCTCCAGCCGCTGACGGGGCCGCTGGTGGGGTCGCCGGTGCTGGCGCTGCCCACCCCGGCGACCCAGGACGTGCTGCGCGTGGCGTGGATGGCGGCGGCGACCAGTCTGGCGGGGGGACGCGCCGAGATCCAGGTCGGCCCATACCGCCTGGAAGTGCGCCTGAGTGCCGTGGGGGCCGGCGAGGGCGTCCTGCTGGTCGCCCGCGACCTGTCGGAACTCCAGACCTTGGCCGAGGAGATCACGCGGCGTGGGCAGGCCCTGGAGGCCGCGACCAGTCGCCAGACCGAGCTGCGCACCTACCTGACGCTGTTCACCCAGGCGCAGGAGGAGGAACGCCGGCGCATCAGCCGGGAGCTGCACGACGACACCGCGCAGGTGCTGACGGCCACGACCCGCCGCGTGGCGAGGCTGGCCCGTGATCTGGGTGGTGAGCAGCGTGACCGCGCCGACGACATCCTGGGTGACCTGAACGCCGCCATCGAGAGCGTGCGGCGCTTTGCCCGCAACCTGCGCCCCAGCGTGCTCGACGACCTGGGGCTGCTGCCCGCGCTGGAGTGGCTGGCCTCGCAGGCCCAGACCGAGACCCGCCTGGAGATCAGCGGACAGGAGCGCCGCCTGAGTCCGACAGCGGAGCTCACGGTGTTCCGGCTGTCGCAGGAGGCGCTGAACAACGTCGACAAGCATGCGCAGGCGCACACCGCCGCGATCCGCGTGGCCTTCCGGGAGGATCACGTGCGCGTGGCGGTCAGCGACGACGGCCGGGGATTCACGGCCGAGCAGGCCGAGGCGCAGGCCCAGGCGGGTCACCTGGGCCTGCTCGGCCTGCGCGAGCGCGTGGAACTGGCGGGTGGGGAGCTGGAGGTCGCCAGCACGCCGGGACAGGGCAGCACCCTGACCTTCGTCCTGCCCGGCTGAACAACGTCTGGACGGCCGGTGGACAGTCCCATGCAGGAGGGCGGCACAGGTGCTAGCGTCCCAGGCGTGACTGTCGCGCCGGCCCCACTCTCGCTGCGTCTGCTGGGGGCCGGTGGTGCGGCGTTCTTCGCGCTGGGCGTGCTGCAACCCATGTACGGCCCCCTGTTTCCCTTCTTCCAGCAGCAGTTCGGGGTGAGCACCGCGTCGGTCGGCGTGATCGCCAGCGCCCATTTCGTGGGCTCGGCCATCTCACCGCCGCTGGCTGGCGTGATCCTCACGCGGATCAGCACGCGCCGCGTCGTGGTCGCATGCCTGCTGCTGCTGGCCGTGGCGGCGCTGCTGGTGGGCTTTGCGCCCAGCTGGCCGCTGGCCGTCGGTGCGGCGGTGGTGGGCGGGGTGGCGCAGGGTGGCCTGTCCAGCGCCGTGAACGCGTACCTGGCTGCCGCCGGCACGCGGGCCATCAACTTTGCCAACGCCCTGTTCGGGCTGGCCAGCATGCTCTCGCCGCTGGTCGCGGCGTGGCTCGCGCCGCAGGGCCTGATGTGGCCCTTTGTCGTCGTGGCCGGGCTGGCGACGGTGTCGCTGCTGGCGGCGCGGATCTGGGGCGTGCCGGCCATGCCCCGCCCGGAGGCGCAGGCCCCCATGCACCGGGTGGGCCGCTCCATGACCCTGTTCGTGGTCATGCTGATCTGTTACGTGGGGCTGGAAGTGGGCTTCGGTGCGTGGGGCGGCAAGCACATGACCGGCATCGGCGTGGGGCAGGCGGCGCTGATCGTCAGCCTGTACTGGGGCGGATTCACGCTGGGCCGGGCCCTGGCCAGCGCCTTCGGGGCCCGCTTCCAGCCGGGGCCGCTGGTGCTGGGCTGTGCGGCCCTGGCGACCGTGGCGGCCGTGCTGGGCACGGTTCCGGCGCTGGCACCGTACACGTACCCGCTGGCGGGTCTGGCTCTGGGGCCGGTCTTCGGCACGGCGATGGTCTGGGCCGCTCAGGTGCTGCCGGTGCGGTTCGTGCCGTTCCTGCTGGTGTCGGGCAGCGTGGGCGGCATCCTGGTGCCGTGGGGGATCGGGCTGGGCTTTGCCCGCAGTGGGCCGGTCGCCGTGCCCGTGATCCTGACCGGACTGGGCATCGCCCTGTGCGTGCTGGTCATGGTGACGCTGCGCGTGCGGCGCGTGCGTGTCGGCACGGACGCCCGTTTTCCGGCATGAGCCGGTGGGTGTGCGTTGCCAGCCGGTGGGGCGTGTGGCAGAATGCGCGCTGATTCTCACCAATCTACCCACACCCGTCCCCACAGGGACACCCAAGCAGGTTCGGAGGCCGAAGTGGCGCAAGCGATGAGCAGACAGGTGAAACTCACACGGGAGGGCTTCGAACGCCTCCAGAAGACGCTGGCGCAGGAGCAGGCCCGTCTGGCCGAGGCCACCCGCATCCTCCAGGAGCAGATGGAGACCAGCTCCGACACCGAGGACACGGGCCTCGAGGACGCCAAGCGCGAGAAGATGAACATCGAGGCGCGCATCGATGAACTCGAGGACACCCTGGCGCGTGCCACCGTCATCGAGGATCACGAGAACGAGGGCCGCGTGGAGCTGGGCGCGATCGTCGTGCTGGGCAACGAGACCACGAAAAAGGACATGAAGGTGCAGGTCGTGTCCGCCCCCGAGGCGACCGTCACCGGCGGCAGCCTGCCGCGCGTCAGCGAGGACAGCCCGGTGGGCAAGGAGCTGATGGGCCGCAAGAAGGGCGACGCCTTCGTGGTGAACCTCGACAACGGCAAGCAGATGAAATACAAGGTCAAGAGCATCGAGTACTGATCGCAGAGAGCAGAGGGCAGACGGCAAGAGATGTTTAGCCGTCTGCCTTCTGCTCTCTGCCCTCTGCATCCCTATACTTCCCCCCATGACCGACGGTTCCCCCCGTTCCCCGCGCCCCGAGGGCCTGCACGAGCAGACCGTCGCCCGACTGAACAACCTGGACGCGCAGGTGGCGGCCGGCTTCGAGGCACACCCCTACTCGTACCCGCGCACCCACCACGCCCGCGACGTGCTCGCCGCCCATCCGGCCGACGCCGAGGGAAGGCTGGAGCCGGGGCAGGAATGGCCGGACGAGGTGTACGCCCTGGCGGGCCGCGTGACGCTGCTGCGCCACATGGGCAAGGCGGCCT
NZ_CP140098.1_gap23	905990	908139	2149	TCTCCCCACGGGAGAGGGCTTTTCTTGCCTGTCCTTCACGCCTGAACCTGCCTGAAGGCCGCCCTCACCCCGCGCCCGACGTGGCGGCGCAGGCTGGGCGCATGACACAGAACGCGCAGTACAAGGTCAGCCAGCACGACACCACGCACGGCCAGGACGGCGAGCACCATCTGATCCGGGGGCAGCACGGCAGCATGCGCCTGTGGCACCGCGAGGAACCCGCTGGCGAGAAGCCCGAGACCATGAACGAGTACGAGACCCTGGGCTACGTCATCGCGGGCCGCGCCGAGCTGACCGTGGACGGGCAGACGATCTCGCTGGAACCCGGCGACTCGTACTGTGTGCCCATGAACGTGCCCCACACGTACCGGATCACCGAGACCCTGACTGCCGTGGAAGTCACCACGCCAGCCACCGAGAAATAGGCACAGCGAAAAAGCGCCCGCCCCGGAGTGACCGGTGGCGGGCGTTTGCGCTGCGGTGCTATACGGACTCGGCTCTATTCCCGTCCATCCAGGAGAGCGCCGGATGCACGTCCATGTCGCGGAGCCCGCACTTTCTCCTTCTCCGGTCGGATTGAACCCGCTTTTCAGCGGCATTCAATCGGAGTCCGTGTTACTTCGTTTCCACCGGCCCCACGAACGCCGCACTGTCGTAGTACGTCCGGAAAGCCTGCACCTTGCCGTCCCCGATCTCGATGATGCTCACGCCCCGGTACGACAGCTCGCGCCCGCCCTTCATATGGCCGGTCGCCACCCACTCCATGACACCCATGCCCGCTGCCTCGTGGCTCTCGGTGAACTCGGACTGGATGTCGTCGAAGTTCCCCAGGTAGGCCTCCCAGAACTCGCGGGCGCCGTCCTGGCCCGACCATTCCTTGTCGGTCAGGTTCTGTAGGGTCACGTTCTCGGCGTGCAGTTCCAGCAGGGGGGACACGTCGCCCGAGGATTCCGCCGTGCTCAGGGCCGCCATGAAGTCATCCGTGATCGTCATGGGGGCAGTGCATCACGCCGCCCCCGGCGTAAGCGTGGGCGGGCGCACCGTATGGGGGTCGGCTGAAGTGGGGGTGAAGTTTTTGGGGTTGGAGAAAGGGATTCCCACCCCCCCAGCCCCCCTACCCGGAGGGCAGGGGGGAGCAGCGCTGCGCTAGGCATGTGGTCGCCATGCCCGTCTGATTGGCCCCGCACGTGGTCTGCGTTGGCGTGGGGCTGCGTACCTGCCCATTCCATTGACGCCGTCAGCGCCCGTGCGCTTTGCGCCCGATGGCATTCGGCCAGTCGCAGGGGGCCACGCTTCGGCTAAAACCCCCTCTCCCCTCGTGGGTGACTCGGAGAGCCGCTTAGCGGAGGGTTGGGGTGAGGGGGCGTGTGACCACCGACCCCGCCAGCACCCCACCTTGCTCCAAACACCGCCTACCCCCGCCCCATGCCTAGGGCCAAAGCGGAAGCCGGAGCACGGGAACGCAGCAGCACGGCACCCTGATAAACTGCACCCATGACCGTCCAGAACGCCAGAATGAACCGTCAGGTACTGGACGTAACGACATTTGACGAACAGGAACCGGACTACGTGTACTGGCTGGCCCGCACGCCCGCTCAGCGGCTGGAAGCGCTAGAACTCCTGAGGCAGGTGCACTATGGATACGATCCAGCTACCACCCGACTTCAGCGAGTTCCTGAGCTTGTTGAACCTGCACCACGTTGATTACCTGCTGATCGGCGGGTACGCCGTCAACCTGTACGGCTTTGTCCGCACGACTGGCGACCTCGACATCTTCATTGACCTGACCCCTGAGAATCTGGCGCGGCTCGTTGACGTGTACCACGACTTTGGAGTGTCCAGCGTCACCGCCGACCTGTTCCAGCCGGGCAAGATCATCCGCATGGGCGTGCCTCCGCTGCGGCTGGAAGTGTTGAACCAGATCAGCGGGGTCACGTTCGCGGAAGCCTACGCCGAGCGGGAAATGGTGGAATTGGGCGGCGTGAATGTGCCTGTCATCAGCCTCCGGTTGCTGCGGCAGAACAAGGCGGCCAGTGGGCGGGCGAAGGATCTGGGGGATCTGAGCGAGCTTCCAGAGGGGTAATCGCCGCCCACTTCCAACCCCCCGCCCCGTTCAACAGCCAGAGGCCAAAGCGGGAGCCGGGGCGGA
NZ_CP140098.1_gap24	968977	970766	1789	TGGCGGCCCTGACCGACCTGCACGGGCAGCTCGTGGCGGCGCTCGGACAGCACCTGCCGCTGGCGCTGCTGGTCGCCCGCGCCGCGCAGCGCCACGCCGGGCACCTGGGCCTGCACAGCGTGGCCCTCCAGGGCGCGTCCGGTGCCCGTAGCGTGGACGGCGAGACCCTGCGGGCCGCCGCCGACGCCAGCACCCACGAGTATCAGGGCACCCCGGATCTGCTGGTCGTGGACGCCGGTGCCCACGGCCTGGACGACCTGCACTACCCCCACACCACGACCCTGTCGGTCGGGCGCCTGCAGGATGGCCGCGCCGCCCTGACCCTGAACGGCACCGTGGATGCGGGCCGGGGCGCAGAGTTCCTGGCCGCCGTGGCGACCACGCTGGGCCAGCCGGTGCTGCTGCTGCTGTAGGGAACGAATCGAACTCGGGCGGGGCACCACATGTGGGTGCCCCGCCCGTCTGTCGTCAGGCGTCCGTGCCGAGGTGTGTTCTGGCCCACCCGTAGAACTCGGGCTTGTAGAACTCCAGCCGCACCTTCTTGTACTCCTTGGTCGAGTACAGGATGGCGTGATCCGTGCCCGGCACGACCTCCTGCTCGATGGCCTGGATCTTCCCGAAGGCCTCGTCCTTGCTGCGGCCGTGCACCATGGTGAAGATCGTGTACGGCCACTCCGGGTAGGTGGGCCGCAGGTAGCAGTGAGACACGGCCTTGAACTCGGCCATGCGCCGCCCGACCGCTGCCACGTCGTCCTGGGGCACCGCCCACACGCCCATGGCGTTGAAGGTGAAGCCCGCCTGCTGGTGGCGGAACACGGCCGACACGCGCCGCAGCGCCCCGGCCGCCTTCATCTTCTCGGCGTGCGCGGCGACCTCGTCAATGCTCAGGCCCAGCGCGGCGCAGGCGTCCGCGTAGGGTTCCTCGGTCACCGGCAGATCCTTCTGGAACTCCACCACGAAGGCGCGGTCAAGCTCGGTCACCGCGTAGCCGATGTTGCGCTGTTCGCTGGTGTACTGAGGCGCGGCCTTGGCGTTCCACGCCTCCTTGCCGGTCATGTCGAACTCCACCCCGATCTTGAACAGGTGCAGGGTGGGCATCAGGCGGGTCAGGCGCGCGCCGCTCAGCTCGTGCAGCTTCTGGACGTGGGCCTCCAGATCGCTCTCGGGCGGGACGGCGATCGTGTACCACAGGTTGAAATCGTGATTGCGGCGGTAGTTGTGGCTCACGCCGGGGTGCCCATTCACGACCGCTGCGCCAGCATCGAGCTGGTCGGCGTCGTGGACGGCTGCGACCAGGCTGCTCTGGTAGCCCAGGGTGCGCGTGTCGAAGATGGCGCTCACCTGCCGCAGCACGCCCTCGGCCTTGACCTCGCGCAGGATCGCCAGGGCCTCCTGCTCACTCAGCCCGACGTCCTGCGCGATCACCGCGTACGGCCGCTGCACGATGGGAATATCGCGCTGGATGCGGTTCAGGAGCTGGTCGCGCGGGCTGGGGGGGGCCGGCTGGTCGCCCGTGGGCTGACCAGTGGTGGGGACGGTGGCGGTCATGTCTAGCACCATACGCCCCCACCGCGCGGCGAAACGTCCCCGAACGAACGGTCAGGACGGAGCTGGCCCACCCGTGCCGTCGGCAGCGCACAATGACGGCATGGTGACCGCAATCGTGATGGTTCAGGCCGAGCGCCACAGTATCCAGAGCACCGCCGAGGCGCTGGCCGGCGTGGATGGCGTCCGTGAGGTCTATTCCGTGACGGGGGAGTGGGACATCGTGGCTGTCCTGAAGCTGGCG
NZ_CP140098.1_gap25	973164	975665	2501	GCCAGTCTGGAATTCACTGTCCAGGGCGGCTATTCCTCGGTCGCCTTCCCGGCGATCAGCACCGGGGTGTACGGCTATCCGCTGGAGCAGGCGGCCGGGGTCGCCCTGAGGACGATCCGAGATGTTCTGACCACCCATCCGGAGCTGGACGTGCGTGTGGTGCTGTACGACCGGGGCGCCCTGAACGTCTTTCAACGGGTGCTGGAGCGGCTGGACGCACATCCGGGTGCATAAGTTGCGTCTGGACGCATACCGCGCTATATTCTCCCAATCACCGCCCAAGAGGGCGGATTTTTTATTGCCGGGTTGTGCCGGAGATATGCAGCAGCCTGATTTCAGCGCCGGATCAAACGTCGTCCCAGACAGTGTGTTCCAGATGCCCTGCATGAATTTGACTTCCGCTGAATTCCGCGCTATCTTTTTCATATCACCGCCGAAGAAGGCGGGTTTTTTATTTTCGGCCTGCTGACTGCGTTAAGGCGTCCTGAGGCCCCCGCCATCCGCGCCCTGCTCCCCACGCGCAAGCTGGGAGCATGAGCGACGAGCAGAAGACCGGCTACGACCCCGCCAACACGTCCCCCGCCGAGGGCCAGAGCCGCGAGATTCCCGCCGCCGACCGGGGCAAGGATCCCAATATCGATCCCGCCGCCAAGCCCGAACCCGCCGAGGGGGGCCGGGACGAGGTCGAGGACAGCGCCAGCGGCCAGTAGGCCGTGACCGCCGAGAGTGTTCTGAACGTGGCCCGTCCGGACGTGGAGCGGGCCGAACTGCTGGTGTGGTTGAAGGACACGCTGCGGGCCGAGTACGGCGAGCGGGGACTCGACTCCCGGCGCGAGCCCATGCACGAGCTGATCAGCACCATCCTGTCGCAGCGCACCACCCACGCCGACGAGGAAGCCGCGTATCAGGAACTGCGCGAACTGGGCGACTGGGACGCGATCATCGCCGCGCCGACCGAGCAGGTCGCCCACGCGATCCGCCGCTCGCAGTACCCCGAGAGCAAGGCCCCCCGGATTCAGCAGACGCTGGTGGCCCTGCGCGACTCGCCCGGCGGCTACAGCCTGGAGTTCCTGCGGGACATGCCGGTCAAGGACGCCCTGAAATTCCTGACTGATCTGCCCGGCGTGGGCATCAAGACGGCCAGTTTAGTCCTGCTGTTCAACTATGCCCGGCCGGTGTTTCCCGTCGATACCCACGTCCACCGCGTCACCACCCGGGTCGGCGCGATCCCGAAGATGGGCGAGCAGGCCGCGCACCGTGCCCTGCTGAAGCTCCTGCCGGCCGATCCCCCGTTCCTGTACGAACTGCACGTGAATCTGCTCCGGCATGGCCAGCGGGTGTGTTCGTGGACGGCCCCGAAGTGCGGCGTCTGCGTGCTGCGGGAGCGCTGTGACGCCTACGCCACGTATGGCGGCAAGGTGCCGAGCTGGAAGGCCTGAACACATTCCTTCGACATCACTCCTGATCCTCTGCCGCTGTCGAGGGCTGCTGCCGCAGGTCGTGGGGAGTCCGGCCCGTCCAGTTCCGCACGGCGCGGCGCAGGCTGCGGGCGTCGCTGTAACCCAGTTCGTGGGCGATGTGATCGGTCGAGGCCCCGGACGAGGTCAGCCACTCCTGCGCCTGATCGGAGAGCACCTCGGCACGGAGGGCGCGGAAGGACGTGCCCAGGCGGGCCAGGCGGTGGCGGACGGTTCGTGGGTGCAGGCCCAGCACGGCGGCCACGTCCGTCAGGTGCCGGGCGTCGGCAGGCTGCTGGCGCAGGCAGTCGCGCACCTGGGCGTCGAAGGTGTGGCCGGCCCGCTGCGCCTCGCCGTAGCTCAGGCGCTCGCACCACGCCACGGCGTCCCGGTGGGCGGCCGGATCGGCGCGGAGGAGCGGAAGGGGAAACCACCAGGCCGGCACCACAGTCACGTGTCCGGGTGCGCCCAGCGTGATGTCCCCGAACGCAGCGTGATAGCGCCGCTGCGTGTCCGGCGGCAGGGCCGGGGAGGTCAGTTCAGTGCGGGTCGGCCGCAGGTCGCGGCCGGTCTCCTGCCGCAGGATCGCGATCAGGCTGGCCAGGAATTCCTCGATCAGGAAGCGCTCGACGTCCGTATGCAGAGCGACTCCGGACTGCAGGTGCAGGTGCACGTCGTCACCGACGGTCTCGGCGTGCAGCAGCAGGGGCGTTCCGATCAGGCGCTGGTAGTGCAGGCCGACCCGGAAGGCCTCGCCCAGGGTGGCGCTGGTCATCATGGCGAAGCCCGCCGGGCCGAAGGAGCTGAGCGTCTGCGTGCGGCCGATGTCGATGCCCAGGGCGCTGGAGCGGCTGCCGTGCAGGGCCGTGCGGATCAGCGTGTTCACGTGAAACGCGCCCAGCAGCGGCACGGTCTTCAGGGCGTCGGCATCCGAGCGCCAGCGCGCCAGGTCGCCGGCCAGCGGGTGGGTGTCCGGTACGTCTCCAGCGGCCTGGAGCAGCGCCCGCCACAGCACCGGGGCGAACCGCAGGGGCCGGCCGGCGG
NZ_CP140098.1_gap26	978343	981466	3123	CGGCGCAGCTGGCCGGACAGATCCTGATCGCGCTGGCGCAGCCGCTGGTGCTGAACGCCGTGACCGGGATCAGCACGCGGTATTTCCCGCCGCGCGACCGCGCCGTGGTGGTAGGAGTGTCCACGGCCAGTTTGTTCCTGGGCATTCTCGTGGCCATGGTCAGCGGGCCGCTGCTCATGGAGGCCGGCGGCCTGGGGCTGGTGCTGCTGGCCCAGGCGGTGCCGACCGTGGTGGTGGCCGCTGCGCTGGTGGTGGGCCTGCGCCTGCGGCCGCCCGCGCCGGTGCCCCCGGTGCCAGAGGCCCAGCGCGGCGTGTATCTCGATCCGCTGATGTGGCGGCTGGGTCTGCTGCTGTTCGTGGGCTACGGCGTGTTCGCCGGCCTGAGCACGTGGCTGGAGCCGATCCTGGGGGTCTACGGGATCACCAGCGTGCAGAGCGGCACCCTGACCGCCGTGATGGTGCTGGCCAGCCTGCTCGGGTCGGCGCTGCTCGCTCCGGTGGTCGTGCGCCGGGGGCGCAGCCGCGACATGCTGTGCGGCTCGCTGCTGGTCGGGGCCGTGTCGCTGGCCGCCATCGCCACGGCGCACCCGCTGCCGTGGGTGGGGGCATGGCTGGCCGTGTGTGGCCTGTTCACCATGTCCACGCTGCCGGTCGTGCTCGAACTGGCCGAGACGAATGTGCCCGCCAGCTCACAGGGCGCGGCGGTCGGCTTCCTGATGCTGCTGGCCAATGCCGGTGCCCTGGTCATGGTGCTGGCCGTGCAGGGCGTCCTGCACACCGCCCCGTGGCCGCTGGTGGTGCTGGCCGCCGCCCTGATGCTCGTCGTGCCCCTCGCCGCCCGTCTGCCCGCCGCGTTCCGCTCAGCGCGCCCGGCCGATGTGACGCCTCGCTGAAACGGCCGCTCCTTATCCGCGTTCGCGTTCGCGCAGCACGAGCTGGATCAGGCCCATGAGCACCAGTTCGTCGTCGGCGTCCTGGCGGGGCTGGAGTTCCTCGATGGTGAAGCGTCGGGCAAAGAACGAGCGCTTCTTGTGGACGCGGTACGCGGGGTGCCCGGCGCTGTCGCTGACGGTGTACGTGGGGTTGACCAGATAGTCGAAGCCCATGCTGATCAGATCACCGACGAAGGGAATGGTGTCGATCAGGCCCTCGATGACGCCCAGCCACGGGTGGTCGTCGCGGATGGTGAAGCGCAGATCGTCGCCCGGCCCCAGCAGGTCGTAGGCCGCGCCCCACATCGTCCGCAGGCCCTGGGCCCGCAGCGAGCCGACCGGGCGGCCGTCGGCGCGCGTGATGAAGCGCTGGGCCTTCCAGTCGAGCGCCCCGGCCAGCAGGCCCCTGGCCTTCATGCCGTGCGTCTGGGTGCGGCGCGACTCGTCGCTGTACACACGCACCTCGTCCCGGACGCTGAATTTCTTCTCTTTGACCACCGCGACGAGCTGCCCGGAGGCGTCATGAACGCGCAGCTCGGTGAACAGGCTGAACTTGAATTCCAGGGTCAGGGGGAAGGTGAGGGTCACGCTCCGGGATACGGACTCAGGACGTGGGCGGTTCCCACACGTCCAGCCGGGTGCCCGGCGTGACCCCCGCCGCGTGGGCCCAGGCCGACGCAGGCTGAGCCTTGCGGGCCTCGGGCTGCACGGCTCCGATCCTCACCGCGCCCGCGCCCGCTGCCACCGTCATGCCGGTCTCGTCCACCCGCAGTACCTCGCCGGGCTGGCCGTGCCCCTCGGCTGCCGTCAGCGCCGTGAGTTTCAGGCGGGCACCGTTCAGGAAGGCGGTCGTCTGCGGCCACGCGGCCACGCCCCGGGAACGGTTCACGATCTGCGCGGCGCTGTCCGTCCAGCGCACGAAGCCGTCCTCCTTGACCAGCATGGGGGCGTGCGTGGCCAGTGCTCCGTCCTGCGGGGTGGGCGTCAGCGTGTCCACGCGCTCCAGGGCGGCCGCGATCAGCCGCGCGGCCTGCGTGGCCAGCGCGTCCGCGAGTTCCACACTCGTCCACGCGGGCTCGATGGGCAGCGCCTCCTGAAGCAGCACCGGGCCGGTGTCCATGCCGGGATCGGTCTGCATGATGGTCGTGCCGGTCACCGTCTCGCCGTTGATCAGGGCCCACTGGATCGGCGCGGCCCCCCGGTACGCGGGCAGCAGGCTGGTGTGCGTGTTCAGGAAGCCGTATCTGGGCACGGCCAGGAGCGACGCCGGCAGGATCTTGCCGTAGGCGCAGGTCACGGCCACGGCTGCGCCACTGTCCCGCAGCGTCGCCTCGAACTCCGCGTTGCCGCGCAGCTTCTTCGGCTGGGCCAGCGGGAGCCCCAGTGCCTGCGCGTGTGCCGCGACCGGCGGCGGCGTGAGCTTCAGGCCGCGCCCCACCGGCTTGTCCGGCTGCGCCACGACCAGCACGACCGGGAACTGTGCACGGATCGCGTCCAGCACCGGCACGGCGAAGGCCGGCGAGCCGAAAAAGGCAACGCGCAGCGGGGGAGAGGTCAAAGATTGCCTTCCACGGCGTGTTCCTGCTCGCGCCGCACCAGCTCGTTCAGGAAGGCCTTGGACTTCTGCTGGATCGCCAGCAGCTCCTTGCGGTACTCGTCGGTGACCTCGGCGGGCAGGCGGTCGAGGAACAGCACGCCGTCGAGGTGATCCGTCTCGTGCTGGAACACGCGGGCCAGGTAGTCGTCGGCCTCCAGCACCTGTGCGTGACCGTCGAGATCGGTGTAGCTGACCTGCACGGCGCGGGCACGGGCCACACCCTCCTCGTAGATGCCGGGGATGCTCAGGCAGCCTTCCTGGTACGAGCGGTCTTTCTTCTTGTCGATCACCTTCAGCACCGGGTTGATCATCACGAAGTCGCGCAGCACCCGCGAGCGCAGGGGCGTCTCCTTGCCCTCGTTCTCCTCCTCGTCGTCCTCGTATTCCACGGCCACGAACAGGCGCACCGGCAGGCCGATCTGCGGGGCGGCCAGGCCCACGCCCCGCGCTTCGAACATGGTCTCCAGCATGGTGTCGGCCACCTGACGCACCGACTGCGGCCCGAAGCCGGGCACGGTCAGCGGGTCGGTCACGCGCAGCGGCTTGGCCTTGCGGCGCAGCACGGGGTCGCCGTACAGACGCAGCGGATACACG
NZ_CP140098.1_gap27	1001416	1005525	4109	CTCCGTGCAGACCGGCTGGAGCCAGCGTCCCCCGCCCGCCACGGTGCGGATCGCCCGCAGCAGGATCTCCAGCGACACGTCCTTGAGCAGGTAGCCGCGTGCACCGGCCTGCACGCCCTGGATCAGCAGCTCGTCGTCGTCGAAGGTGGTCAGGATCAGGGTGGGGGGCAGGGTACCGCACGCGCCCAGCGCGCGCAGGACGCCCAGCCCATCCAGCTGGGGCATCCGGTAGTCGAGCAGCAGCACGTCGGGGCGCACGTCCGCGACCACCGTCAGCGCCTGGGCACCGTCCTCGGCCTCCGCCACCACCTGCATGTCGCCGGACAGGCCCAGCATGGCCTTGAGCCCGTGGCGCACCAGCGTCTGATCCTCGGCGATGCAGATCCGGATCAGGCCGGGCTGCGCGTTGAGTGTGCCGCTCACGCGCCACTCCGCAGCGGCAGGGCGGCCGTCAGCTCCACACCGCGCCCCACGGGTGTCTGCACGTCCAGCGTGCCGCCCAGTGCCTCCAGCCGCTCGCGCATGCCGCTCAGGCCGCAGCCGAAGTGCAGCCCCGGTACGCCGGGGCCGTCGTCGCGGGCGTGCAGCTGTACCCGCGTGGCCTCGCAGTGGAGCTCCAGCCACACCTGCGTGGCGTGGGCGTGCCGGGCCGCGTTCGTGACCATCTCCTGGGCACAGCGCAGCAGCGTCCGTGCCACCACCGGGCACTCCAGCCGGAGATCCGGCGGCAACGCCACATGCACCGTCAGGGCCGCGCCCTGCGTCATGGCGCGCAGTTCCACCGGGAAGTCGCAGCCGGCGTCGTCCCGCATGCCGCGCACGGCCGTCCGCACGTCGCCCAGCAGCTGCCGCGCCACGTCCTGCGCGGTGTGGACGTGCTCCCGCGCCGGGCTGTCGGGCAGCAGGTGGTGGGCGACCTGGAGATGCATGCCCAGTCCGGTCAGGTGGTGGCCCAGCAGGTCATGCAGATCCCGCGAGATCTGCAGGCGCTCGGCGCGTCGGCTCGCGTCGGCCAGCAGGGCCCGCGTCGCGTGCAGTTCCTCGACCACCTGCGCCAGGGCGCGGCGGGCCTGCACCTCGCGCACCGCCGTCTGGGCGGTCGTCACGGCGAAGAGCTGGAAGACCAGGTAGCCGCTGGCAAAGGCCCATGCATCCAGATCGTGCTTCCAGTGTGTGAGGAGCACGCAGGCCAGCGCTCCGCTCTGCACCAGCACCCACGCGGTCGCGTGCGGCCACGGCAGCAGCAGCCCCACCTGGGCGGCCACCACGATCAGCAGCCCCGCCTGGATGGAACTGCCGTGCAGCAGCGCGTTCGCGCTGAGGGCCAGCACGGTCTGCAGGCCCAGCAGCAGCAGCGTCTCCCGGCGTGCCGCCGGTGTGCGCGGCGGCCGACATGCCAGCAGGAAGGCGATCACGAAGGCCACGCCGCTCACCGCCCAGTGGCCGACCTCGATCCGCTGGAGGTGGTCACGTACCGGCTCGACCAGCAGCGAGTGGGCCGACAGGGCCAGCCACAGGCCGACCCCGGTCACGCGCACCACCCGGCGGATCTCGTGCTCGGCGTCGTGGTCGGGCGACAGGGCAGACGCCGCGGGCGCACCGGGGGTGGCACGCGGCGCGGCGGTCAGGCGGTCGGGCCAGGGAACAGCGGCGGCAGGCGCGGTGGACACAGGCATGTTCGGCTCCTCGTCGGGGGCGGCGCAGGCAGCAGGTCAGATGGACAGAGGCCGGGAGGGGTGACGGTTGTACTGTATGGGCCGCCGGAGGCGACAGGATGAGGACGTCCGGGCCACGGGCGGGCGCCGGACGTCCGGGCCTCCTCTACCCGAGCAGGATGTCGCAGAGCAGGGCCTTGCCCAGCGGTACCCAGCGCCCGTCGGCCCGCAGCTTGCGCACCAGGGTGTCGTAGGCATAGGTGCAGCCCCGGTTGATGGCCTCGCCGATGATCAGCTTGATCACGGCCTTGAGCGGCCCGCGCAGCACGGCCTTGAGCCAGCCCGGCGCGGACTTGTATTTCTTGATCAGCGAGACCAGACGGTCGTACACCCAGTCCGCGACCCCCTGGGCGGCCAGTCCGCTGGCCACGGTGCCCTGGGCCGTCAGGGGGGTGATCACGAAGGGCGAGCCGCGCGTGCCGGTCTGGCCCTCGGGCACGGTGCGCAGTTCGGCATAGACCGGCGCGCTGCCCTCCACGCTGCCGATCAGGGTGACGGCCTCACGGCCGGCAGTGGCGTCCACGTAGGTGGTCGGCACGCCCGCGTCCTCCACGGTCACCACGCCCTGGACCGTCAGACCACGGGCGGCGGCCACCGCCAGCGTGCGGGCCTCGCTGGCCTGCGCGGTCGGCGACAGGGACAGGGCCGGCGCGGCGCCGGCCGTGGGGGACGGTGTGGGCACGACGGCGGTGGGCGTCTGGCCGCACGCGCTCAGGGTGATCATCACGGACAGGAACGCAGCGGCGGCGGAACGGCGGGGTGCGGTCATGGCGGGCCTCCGGGGGGGTGGGGGGATGACGGGGAGGAGGGATGCCGGAGTGTCCGGGCCGGCGTGCAGGACGGAGTGGAGATTGCCGGCCCGGTGCGGGCTCAGTAGAACGATCCCTTGCCGCCGAAGTACACGGCCGTGTAGAAGGCCCGCGCCGCGACGTAGCACGGGTACTTGCGCCAGCCGAGGGTGTCGCACACGCTGTTCATGTGCTCCTTGAACTGGGCATCGACCCAGTGCCGGTGTGTCTCGTTGCGCAGGCTGGGATAGAAGCGGACGTTGCGGTAACCGAAGTCGTGCTGGCGGCACGGCCAGTAGAACTCGTCGCTCCAGCCGGTGTATCCCGACGGGCCGCTGCACCCGTCGGTCGTCCACACGAAGCGTGGGAACGCGCTTTTCAGCGTCGAGTAGCGCGAGCGGAAGGTGTTGGTCGAGGCGACGATCTTGTACGTGGAACTCGCGTAGGGCGCGGCCTGGGCCTCCAGGGTGCTGCCGGTACCGGTGCTGGTGGCCGGCAGCGTCTTCAGGCCCTCGGTCAGGTCGGTCTGCAGGTCACGCAGCAGCGCGTCCAGGTCGATGGCCTGCCCGGCGTCGTCCAGCGGCGCGGCGGCCCGGCCAGCCTGCACGTCGTCACGCAGCGCCTGTACCTCGGCGATCCGGGACCGCAGCGCCGTGAGCTGGGCGTCAGAGAGCACGGTGGTGGGCACCGGGGTGCCGGTGGTCACGGTGGCCGGTTCCTCCTGGGCCGCCGTGGTGACCTGCTGGCCGCAGGACGCGAGGGCGAGGGTACCGAGCAGCAGCAGGCCGAGTCGAGGTGCCGTCATGGTGGAGCCTCCTGGGTCTCCTTCCGTCCGGAAGGGCGTGGGGCGGGCAGGCCCGCCGGGGTGGAGGGACGTGGTTCGTGCAGGTGCGCGTGCTGAGCTGTCTTGCCTGACAGAAGCGTAGTGGTGCGGCGGCCCGCTGCCCACTGCCGGAAGTCAGTCCAGAAGATGAAGGATTCTTTATTCGCGGCTCATGTCTGTGGATGCGGTGGACACGCGCGGGGCGGTGGTTGCACGCCCGTGGTGTAAGCCGTGTGCAAGAGGGGGCGCGGCAGACTCGTCGTATGTGGTCTGCCGCCCCCATCTGCCGTGTCCAGTCCGCACCGTGCCAGGACCGTGCCGGAGGCGTCCTCGTGTGCCGGGGCGTGTCCGCGGTGCCGCCCCGGGCACCGCGCTGGAATCGCGTGTCGGGCCACGCGGCATGACCTCCGTACGTGCGCTGTGGCCGGCGCTGCTGGCGGTGTTCGGCCTGGCCCTGGGCGGACAGGCGCGGGCCGACACGCCGCTGTCCAGTACGCCCACGCACCGCTTCCAGGGCCGCATCGACTACGTGACGACCGGAGCGACCTTCCGGAGCAGGCGCAATTCGACGACGACGCCATCTGACGCGTGTGTGGTGGGTACCACGGCCACGTCACAGGCGGTCAGCGGCGTGCCGACCGGAGCCACGATCCGCAAGGCGCTGCTGTACTGGGCGGCGTCGACCACCCGGACGGGTGACACCGACACGGCGCTCGGTACGATCACGAACGACACGACCGTCACCTTCGATACCCAGACGGTGAACGCCACAACGTCCTACAC
NZ_CP140098.1_gap28	1007847	1008416	569	GAAGTCGGTGGGCACCGTCACCGCGCAGAGCGCGACCACCTTCGACATCCCGTACACCGTGACCGTGAAGAACACGGGAACAGTCAGCGATCCCAACATCCAGCTCACGGAGAACCTCGCTCAGACCTTCAGCGCCGGCGGCCCGACCCTGAGCATCGTGGCTGGCCCCACCGTCACGGCGGGAGCGGCCACCGTGAACAGCAGTTTCAACGGCAGCGGCGACCCCCGGCTGCTGTCTGGTACCACCGCCCTGGCCGCCGGCGCGAGCGCCACCGTGACCTTTACCGTGCGGGTCGCCTACCCGGATCAGGCCAGCGTGCCGTCCAGCGCCACCATCCTGAACAACAGCGTGACCGCGACCAGCACCGACACCGCGCCCAACGCCGGCTACGTCGGCGGCCTGCCGCCGGTGGACCTGCTCGCCACGGATACCTCGACCAGCGGAACCACTCCGCCCGGCAGCGCGAACGGGGACACGCCCACGCCCACGCCCGTGGTTCTGCCCACCGTGGCCGACCTGACCCTGACCAAGACCGACGGTGTGAGCGGCGTCCCGGCGCTGGGAAGCA
NZ_CP140098.1_gap29	1026232	1030022	3790	GCCTACCAACCCTTTGCAAACTCCGAAGCGTCGTGCGCTTAGTCCGGGAGTGAGGCTGCGAGAGCTAACTTCCGTAGCCGAAAGGGAAACAACCCAGACCGCCAGCTAAGGTCCCCAAATCTACACTCAGTGGTTAAGGATGTGTCGTCGCAGTGACAGCCAGGAGGTTGGCTTAGAAGCAGCCACCCTTCAAAGAGTGCGTAATAGCTCACTGGTCGAGTGACGATGCGCCGAAAATGATCGGGGCTCAAGTGTAGTACCGAAGCTGCGGAGACTCGCGCTGTTTACAGCGCGACTCTGGTAGGGGAGCGTTCCATGCCCAGAGAAGCCATACCGGAAGGAGTGGTGGAGGTCATGGAAGTGCGGATGCCGGCATGAGTAACGATAAGAGGAGTGAGAATCTCCTCCGCCGTAAGGACAAGGGTTCCTGGGGAAGGGTCGTCCGCCCAGGGAAAGTCGGGACCTAAGGCTTAGCCGACAGGCGACGTCGATGGACAGCAGGTCAAGATTCCTGCACTGACAGCATGGAGTGATGGAGGGACGCATTACGCTATCCACAGCCGAGCTATGGCTATGCCGGTTGGTATGTTTAGGTTTCCAGGGTCAGAAAATCTACCTGGTACATGACTGAGGCATATCGGGAGCTCCTTCGGGAGTGAAGGTGGAAACGCGACGGTGCCAAGAAAAGCTTCTAAACGTTGAAATGCTGTGACCCGTACCGCAAACCGACACAGGTGTCCGAGTGTCAATGCACTAAGGCGCGCGAGAGAACCCTCGTTAAGGAACTTTGCAATCTCACCCCGTAACTTCGGAAGAAGGGGTCCTGGCCAGATTCTGGCCAGGCGCAGTGAATAGGCCCAGGCGACTGTTTACCAAAATCACAGCACTCTGCCAACACGAACAGTGGACGTATAGGGTGTGACGCCTGCCCGGTGCCGGAAGGTCAAGTGGAGCGGTGCAAGCTGCGAAATGAAGCCCCGGTGAACGGCGGCCGTAACTATAACGGTCCTAAGGTAGCGAAATTCCTTGTCGGGTAAGTTCCGACCTGCACGAAAGGCGTAACGATCTGGGCGCTGTCTCAACGAGGGACTCGGTGAAATTGAATTGGCTGTAAAGATGCGGCCTACCCGTAGCAGGACGAAAAGACCCCGTGGAGCTTTACTATAGTCTGGCATTGATATCCGAATTCTCCTGCGTAGGATAGGTGGGAGCCGGTGAACCTGGTCTCTTGGGATCGGGGGAGGCAACGGTGAAATACCACCCTGGAGAATTTGGCTGTCTCACCCGGTGATGACCACCAGGAACAGTGCTTGATGGGTAGTTTGACTGGGGCGGTCGCCTCCCAAAATGTAACGGAGGCGCCCAAAGGTCACCTCAAGACGGTTGGAAATCGTCTGCAGAGCGCAAAGGTACAAGGTGGCTTGACTGCAAGACTGACACGTCACGCAGGGAGGAAACTCGGGCTTAGTGAACCGGTGGTACCGTGTGGAAGGGCCATCGATCAACGGATAAAAGTTACCCCGGGGATAACAGGCTGATCTCCCCCGAGAGTCCATATCGGCGGGGAGGTTTGGCACCTCGATGTCGGCTCGTCGCATCCTGGGGCTGAAGAAGGTCCCAAGGGTTGGGCTGTTCGCCCATTAAAGCGGCACGCGAGCTGGGTTCAGAACGTCGTGAGACAGTTCGGTCTCTATCCGCTACGGGCGCAGGACATTTGAGGGGAGTTGCTCCTAGTACGAGAGGACCGGAGTGAACACACCGCTGGTCTCCCAGCTGTTCCACCAGGAGCATACGCTGGGTAGCTATGTGTGGCACGGATAACCGCTGAAAGCATCTAAGCGGGAAGCCAGCCCCAAGATGAGATGTCCCATCCCCTTGAGGGAGTAAGACCCCCGGCAGACCACCGGGTTATGAGGCCAGACGTGCACGCACCGCGAGGTGTTCAGCGAACTGGTGCTCCTCGGTCGAGGTCTTGACCCTCACTTCGCCCTTATCCCCCGACCGCACGCGGTCGGGTGCCGATCCCCGCCCTTCACCCTCGTGTTGCCCCAGCACCACCCATGACAACATCAGACACCCCCGTGCCTATAGCGCCCCGGACCCACCCCATCCCATGCCGAACTGGGTCGTGAAACGAGGCCGCGCCTATGATACTCGGCTGGCAGCAGCCCGGAACAGTCGGTCAGTGCGGGGGTTTTTCTATTGCGGGAGTAGCTCAGCTGGTAGAGCACTACCTTGCCAAGGTAGATGTCGCGAGTTCGAATCTCGTCTCCCGCTCCATCCCACACCCCCCCTCGACGCAGGGGGGGTGCTTGTTGTTTGCTCCAGACGTGGGGACTGGCTGCTGCTCTCACCCATCAATGGGGCACAATGCCGTGATGTTTGAATTCGATGTGCAGCACCGGGAGGGCCGGGCCAGGGTGGGGCAGTTTCTGACTCCTCGGGGTACCGTCACCACTCCCATGTTCATGCCTGTGGGCACCCAGGGAACTGTCAAGGGGCTGAGCCCACAGGAACTCACGGACATCCGCTCTCAGATGATCCTGGCGAACACCTACCATCTGATGCTGCGGCCGGGAGAGGGCCTCGTGGAGCAGCATGGCGGCCTGCCGGGATTTACCGGCTATCCGGGCCCGTTCCTCACCGATTCAGGTGGGTTCCAGGTGATGAGTCTGGGACATCTGCGCAAGATCACCGAGCAGGGCGTGGTGTTCAAGAGCCACGTCGACGGTCGCCAGATTGATCTGACACCAGAGCGGAGCATCCAGGTGCAGGAGGCGCTGGGGGCGGACGTGATCATGGCCTTCGACGAGTGCCCTCCGTTTCCCGCAGAGCGGGACTATATCCAGCGCAGCCTGGAACGCACGGTGCGGTGGCTGGAGCGGTGCCTGAGCGTCAAGTCCCGGCCCGATCAGGCGCTGTTTGCGATCGTCCAGGGCGGCATTCACCCGGATCTGCGCGACCAGAGCATCGCGCTGACCCTGCCGTTTGAGACCCCTGGGTTCGCCATCGGAGGGCTGGCCGTCGGGGAGAGCAAGGCGGAGATGTACCCGGCCGTCGCCCACACGGCCGCGCAGTTGCCCGAGGCCAAACCGCGTTACCTGATGGGCGTCGGGCATCCGGAGGATCTGGTGGCCGGTATCGCCCTGGGCGTGGACATGTTCGACTGCGTGTATCCAACACGGACAGGACGGTTTGGCTACGCCCTGACCGACCGGGGCCGGTTGAACATGAACTCGAGTGCTCCACGAACGGATCTCGGCCCTCTTGATCCGCAGTGCGACTGCTACGCATGCCGGCACTACAGCCGGGCCTATCTCGCGCACCTCGTCCGCGCCGAGGAAATGCTGGGGCCACGCATGCTGTCACTCCACAACCTCCGATACCTCCACCGTCTGGTCGAGCAGGCCCGAGTGCAGATCGTGGCCGGAACCTTCCACACGTGGGCGAGAAACTGGGCCCTCCAGTATTTCGCCGGTACCATCCCTGAGTGGTTCAGCGAGGCGCTGGACGCCGGAGCCGCGCCGGTCGGGCGCTGACCGGGACACGCGTACACCGGGCAGAGGATGGCTGAGATTTCCTTTATACATCGGTCAGGTACACACCATGAACCGAAAAATGGCGAATTTATGGGCATCTCAGGGTTGACCATCCTGTGCTCATATGAGTATCATCCGTCTGATCTGACGTTTTCGCGCCCAATCGGGTACGGAGGTCAGGTTGCGCGACCGGAGCGGAGGGACGCAGTGCATGACCGGGAGAGGAAACCCGGCAACTCGCCCCACCGTCC
NZ_CP140098.1_gap30	1031821	1034808	2987	CGAGAACGCGTTCTACGGCAAGGTCGCTGGCAGCTTGGGCCCCGTGAAGGTGTACAACCTGAACTACCGCAGCATCAGCGCTGGGTACGACGCCGTGGCCGGCATCATGGAAGCCGACCCCACCGACACCGACAATGGCAGCACCGCGCCCTACGCGGCTGACCAGACCGGCTTCGGCTTCAAGGTGGGCGGCACGCTGGGCCCGGTGTCCCTGGGTGCGTACATGGACAACCAGGTCGCTGCGGGCCTGAGCCCCTTCGCGACGGCCGGCACGGCCTCGGCGATCGTCGAGCGTGGCGTGGGTGCCAAGGTGAGCCTGTTCAATCTGGTGACCCTGCGCGGCGGCTACAACGAGTTCCTGGCGGAAGCCGGTTCTGGTCTGGACGTGACGGGCATGGGCGTGCGCTACAGCGTGCGTGCAGACGTGACCCCTGGCCTGGGCATCGGCATCGGCGCGTACTACCGCGACCTGACGGTGAACGGCACCAAGGCGCAGAGCGATGGCGGCCTGTTCTCCCAGGGCAAGTACAACAGCTACTTCCCCCTGACGAGCAACGACTTCACCGACCAGAGCGGCTGTGGCGACCAGCACCCCGGCATCAAGAGCACCGACGTTGACGGTGTGGGCCGCGCGCTGACGTTCACGCAGAACAGCTTCGCGGATGCGAACTGCTACAGCGAGATCGGTGCGGACATCACGCACAACGGCAAGGACGCCAACGCCCTGGTGAAGGATCTGTCCTTCCGCATCGGCTACGCCGCCCGCTACCGCAACGCCACGGGTACATACAGCAACAGCTTCATCTACGGCGACGTGCTGTACGGCAAGAAGCTGGGCATCGCGCAGGTGGACGTCAAGGGCGCCGTGGGCGTCGACCGCTACGCCGATCAGGCGACCGACACGACGGGCGTCAACAGCACGGCCTTCGCCGTCGGTGTCAAGGCTGTCACCGATCCCCTGAACATCATCTTCAAGCCCAGCTTCGAGGGTCAGGTCGGCTACTACAGCCGCGCCTACGACGCCCTGGCGGCGACCGGCGACTACAACGCGAGTGGCCTGAAGTACCTCGCGGGTGTCAAGCTCAACGACTTCCTGCTGCCCAACACCAAGCTGGCCGTGTACTACGCTGGCTACCGTGCTCAGAACCGCGTGTACCAGCCCTACGGCTACACGACGTTCCTGAACGGTGGGGATCTGGCCGGACGCTTCACCGACCTGAACATCGGTGGCGCCGTGATCACTCAGAACCTGCTGTACGTGGAAGGCAACTACTACGACCTGTCCGTCGGCTACGGCTACGGCACGCTGGGCCTGACGGCTGGCACCGACCCGGTGACCGGCGCGGCGACGGCTGCCAACAGCGCGAGCGGCTCCGTCTTCAAGATCAACTACAAGGTCAACTTCTAAACGAAGTCCTGACTCTGGCAAGAGCCCCCGCTTCGGCGGGGGTTTTTGCTGTGGGTGGGCGGGCCTGTGCCTATGCGGGTGGCACAGGCCCGGCGGCGTGACGCTCTACACTCGGGACATGTTGCCTGTCTTCGGCCACCTGAACCCCGATACCGACGCGATCACGTCCGCGCTCGTGTACGCCCGCCTGCTGACCCGCCAGGGTACCGAGGCCCGTGCGTACCGCCTGGGCGAGCTGAACTTCGAAACGCCGTACGTGCTCCGTGAAGCGGGCCTGGACGCGCCGGAGTTGCTGCCTGAGCTGGCCGCCGGATCGCGGGTGGCCCTGGTCGACCACAACGAGAGCGCCCAGTCGGTACCGAATCTGGCTGACCTGACGGTCACGCACGTGGTCGACCACCACAAGCTGGGCGACCTGAGCACGGCCGCGCCCGCCTACCTGCGCTTCGAGCCGGTCGGCTGCACAGGCACCATCCTGCTGAAACTGCACCGCGAGGCGAACGTGAGTGTCGAGCCAGTGGACGCGAAACTCATGCTCAGCGCGATCCTGAGCGACACCCTGCACTTCCGCAGCCCGACGACCACGCAGGCCGACCGGGACGCCGTGGACTTCCTGGCACCCATCGCGGGCGTGGGTGACGTCGAGACCTACGCGCTGGCGATGTTCGCGGCCAAGAGTGACCTGGGTGATACCCCTGCCGAGACCCTACTGAAGATGGATTACAAGGTCTTCCCGTTCGGCGATGTCGCCGCCCCGCAGCGCTGGGGGCTGGGGGTGGTCGAGACGACGAATCCGGCCTACGTGTTCGGCCGGCAGGCCGAGCTGCTGGCCGCCATGGCCAGCGCGAAGACCCAGGACGGCCTGGACGGCATCCTGCTCAGCGTGGTGGACATCCTGAACGAGACGAACCGCACGCTGGTGCCCGGAGAAGTCGAGGCCGCCGTGGTGCAGGCTGTGTTCGGAGCCGACACGACCGGGAACGTGGCGGATCTGGGCGCACGGATCAGCCGCAAGAAGCAGATCGTCCCGGCACTGGAGACACATTTCGCGCTGTAAACGCGGGCCTAGAGCGGAGCCGGGATGATGCTGTCCCGGCTCCGCCCACTATGCTGGCGGGCATGACGCTCGATGATCACCTGTCCTGGCTGTTCGCGCAGCAGCGCTTCGGGGTGCGGCCCGGCCTGGATCGTGTGCGGGCACTGCTGTCGCAGCTGGGCAATCCGCAGGACACCTTCAGTGTGGTGCTCATCGGCGGGACAAACGGCAAGGGCAGCACGGCCGCGACCCTGGCCAGCATGCTGCGCGTCGACGGCAGGCGGGTGGGCCTGTTCACCAGTCCTCATCTGACGCGCTTCACCGAGCGCTTTCTGGTCGATGGCGCGGAACTTCCGGAGGAGGTCGTGGAGGCGGCACTGATGCGTGTCCGGCCCCTGGCAGAGGAGACCGGGGCGACCTTCTTCGAGATCGTTACTGCCCTGGGGGCGCTGCTCTTTGCACAGGCAGGGGTCGACTTGGCCGTCATAGAGGTCGGCCTGGGGGGGCGGCTGGACGCCACCAACGCCCTGGAACCGGTGCTGA
NZ_CP140098.1_gap31	1037814	1042770	4956	ACACTCCGACCAAGGCTGCCCGATTCTGCCCACAGGCAAACGCCAGCAGGAGCAGTCAGCCCAGGCGGCACGCCAGCCCAGATCCGCGTCCAGTGCGGGGAAACGGATGGTGAGGCCACGCCGCAGCCAAGGAGGTGACACATGAAATTGCACGAACGACTCCGCGAGCTCCGTAGCGAACGCGGGCTGCGGCTCAAAGACGTCGCCGAGACCGCCGGGATCAGCGTCCCGTACCTCAGCGACCTCGAACGTGGCCGCACCAACCCGAGCCTGGAGACCCTCCAGACCCTGGCCGGGGCCTACGTCATCACGGTGCACGACCTGCTCGAGGGCGTCGAGTTCTACGGTGCCAGCACCGAGGGCGCGCTCCCCAAGGGCCTCGCGGATCTGGTGGCCGACGCCACCCTGGGGCCGCAGATCACGCCCGACTGGGTACGGACCCTGTCCCGCATCGAACTGCGTGGCAAGCGCCCGCGGGACAAGCAGGACTGGTACGAGATCTACCTGCACCTCAAGCGCATCCTGAACTGAGCGGATTCCGGGTGATCTCCGGATCGACCGGGTCAGGCAGCAGTGACGTTCCTCAAGTGCGACTCCCCATCCCCCCGCTGTTCTGGCGGGGGGATGTTGCGTTTCCGTGTACCCCACAGGGCGTGACGGTCACGCCGGGCACGTGCGCGCCGGGCCAAAACCCTCTATGATGCTGGGCGGCATGTCGCGCGCCCACTCCTGACGTGGAGTGACCGCGCCCGGCACGGCACAGGGCACACCAACACTGGACAGACCAGACGTGCACAAGCAAGCGCCCCCCGCACCGGCCCACCCCACGTGGAACACGGGCGGACACCGGGGCGCAGACGGGAGAAGAACGTGGCAGAGCTGATGAGCAGGGATGGCAACAAGGTGGAATTCAAGGTCTCGGTGCCCGCCGCCGAGGTGAACCGCGCCTACGATCAGGTGTGGGCGGGGCTCTCGCGCGACGTGCGGGTTCCCGGCTTCCGCCCCGGCAAGGCACCCCGCAAGGTCATCGAGAGCCGCGTCGGGAAGGGCTACGTCGAGCAGGAAGTCCGGGATCGCCTGCTCCAGACCCACTACACCCAGGCAGCACGCGAACTGAAGCTCAGCCTGGTGGACGCCACCATCGATCCGCAGCCCCTGGCGAGCGGTCAGGCCTTCGAGTTCAAGGTGACCGGCGAGACCTACCCGGAAGTGAAGCTCGGCGACTGGAAGGGGGCCGAACTGACCAGCGCGGCACCCGAGATCACCGATGAGGTGCTGGAGCGCACCCTGAGCGACCTGCAGGAGCGCAACGCCACCTTCGACAGCGTCGATCGGCCCATCGAGGCGTCGGATCAGGTGACCATCGAGGAGCAGGGCGAGGACGGCGGCACGTACCCCGTGTACCTCGACGTGGCCGAGGAACACGTCCGCGAGGCGCTGCTGGGCAAGAGCAAGGGCGACACTGTGGAGATCACCGTGCCGGCCCACCAGCACGGCGACCACGAGCACCCGGCGCACACGGTGACCGTGACGGTGCTGGACGTGAAGACCAAGCAGCTTCAGGAACTCGGTGACGACTTCGCCAAGACGCTGAACTTCGAGTCCATGGAACGCCTGCGCACGGATCTGAAGGACGAACTGCTGCGCCGCGCCACCCAGGAGGGCGACAGCGCCCGCCGCGAGGAGTTCATCACCCACCTCGTCGAGGGCATGCAGGTCACGATCCCGCAGGCGCTGCTCGACCGCCGCCGCGAGGCGATGCTGGAAGAGATCCAGGACGACTTGGGCCGCCAGGGCGTCAAGTGGGGCGAGTACGAGGCCTTCATGAAGGAGCAGAACAAGCTCGACGACTTCATGGCCGACCTCTCGAAGAATGCCGAGTCCCGCGTCAAGCGTGATCTGGCCCTGGAGCAGCTCGCCGAAGACCTGAAGGTGCAGGTCAGCGACGCCGAGTTCAACCAGACCATGACCATGCTGGCCCAGGCGAACAACCTGACGCCCCAGGCGCTCCAGAAGCAGCTGGGGCCCAACGGCATCAACTCCTACTACACCAGCCTGGTGCGCGAGCGCGGTCTCCAGCAGGCCCTGTCGCAGCTCGGCAAGGGCAGCGAGGCGCCGGCGGAAGACGCCCAGCCCGAGTCCACTGCTGAAGCCGCCGAAGACACCAAGACCGAAGAGTAAGCGCGAAGAGCGCAGGTGGGGGCGCGTCCTGCGGGGCCGCGCCCCTGCGCGTTGTTGATCGTTGCCGCCGGTTCTCCTGTGTAGCTGCGTGGGATCTGTCGCCATGCACGGTTCCGACGTTGTTCACGCGGCCCAGCCCTGAATCCGGGCCTGACCACTCCTGGTGATCGGAGGAATGCCTCTGCTCCGGCCGCGCCTGGAGGTGGGAGCGCTGTTCAGGGTGGCCGGCGTGCCGACACGCACCCTGAGCCCTGAATGCCTGTCGCGCTCCGGGGAGGAGGCTGAACGGGAGCCTCCAGCCCCGGCGGCCGAGCCACTTCCGGCCTGAGGCCGGTGTCGGGGGCTGACCTCCTGTACCCGGCGCTCACCGACCCCGGACTTGCCACCCGAGCCCGAACTGTGTACCATGGCTGCATACCGATTTGGTATACCAAACGGACGAGCGTGCGTGACCAGAGTGTCGTCCACTGCCCAGGGAGGTGAAGATGACCAGTCCGTCCGCCACGCTCGCGTACCAGCAGCTCCGGGAGAGCATCCTGGGGGTCGATCTGCTCCCCGGCGAGGTGCTGACCGAGGCCCGCCTGGGCGAGCGGCTCCAGACCTCCCGGACGACGGTGCGCGGTGCCCTGGCCCGCCTGGAGAACGAGGGCCTGATCCGCAAGACCGGCCGCAGCTTCATCGTCGCGCCGATCGACCTGCGCGAGATCGAGGAGGCCTTCGCGTTCCGCAGTGTGCTGGAGGTCGGAGCGCTGCGGCTGGCCTTTCCCACCGTGACCCCGGAGCGGCTGGCGTGGGTGCGTGACCGGGCCAGCGAGTTCGGCGACGACACCAGCATCGGGGATCACATGGATCGGGCCACACGCTTCCACGTGGATCTCGCGGGACTGTCCGGCAACCGCCTGATCGTCCGGTCGCTGGAGGACGTGCTGCTGCGGCTGGCCCGCGCCCGCTGGCTGGAGGCGCGGGGCGACGGTGGGCTGGCCCGCTCGCATGCCGACCACCTCCACCTCCTTGACTTGGTCGCCGCTCGCCAGGAGGACGCGGCGGCCACGCACCTCCACGCCCACATCCAGCGCTCGTGCTCGCGGCTTGTCCAGGCGCTGCGCGACGACCGGCGTGGCCTGGGCCTGCGCGGCCTGGCCGTGCACACCTGACCCGTCGCCCGACCATCCGCCCTCTGTCCCGTTTTCCAGGAGTGTCCATGACCCAGCCCCAGACCATGATCGAGAAGATCTGGAACGAGCACGTCGTCCGCACCGCGCCCGGACAGCCGGATCTGCTGTACATCGACCTGCACCTTGTCCACGAGGTCACGTCCCCACAGGCCTTCGAGGGTCTGCGCCTGGCCGGCCGCCGGGTGCGCCGCCCCGACCGGACGATCGCCACCATGGATCACAACGTGCCCACCGAGCGCATCCACCGGCCGCTGTCGGAGCTCGAAGACCGCGTGTCGGCCGCGCAGCTCCAGGCGCTGGAGGAGAACTGTGCGGAGTTCGGCGTCGAGCTGCACCGCATGGGCAGCGCGGGGCAGGGCATCGTCCACGTGATCGGGCCAGAGCTGGGAATCACGCAGCCGGGCATGACCATCGTGTGCGGTGACTCGCACACCGCCACGCACGGGGCCTTCGGGGCGCTGGCCTTCGGGATCGGCACCAGCGAGGTCGAGCACGTCCTGGCGACCCAGACCCTGCCGCAGCGCCGCCCGAAGACCATGGCGATCACCGTGGAGGGGCCGCTGCCCGCCGGGGTCGGGGCCAAGGATCTGATCCTGGGCATCCTGAAGCGCATCGGCACCGACGGTGGCACCGGGCACATCATCGAGTACCGGGGCGAGGCTGTGCGCTCGCTGAGCATGGAGGGCCGCATGACCGTGTGCAACATGTCCATCGAGGGCGGTGCCCGCGCGGGCCTGATCGCCCCAGACGACACGACCTTCGAGTACCTGCGCGGCCGGCCCGGTGCCCCCCAGGGCGAGGCGTGGGAGCAGGCGGTGGCGCACTGGCGCACCCTGACCACCGACGAGGGCGCGACCTTCGACCGGGAACTGACCTTCCAGGCCTCGGACTTCCGGCCGTACGTGACGTGGGGCACCACGCCCGGGCAGGTGGTCGGCCTGGACGACGTGGTGCCGGAACCGGCCACCGACAGCCAGCAACGTGCCCTGCAGTACATGGCCCTGGAGCCCGGACAGCGCATGCGCGACATCCAGGTCGATACCGTGTTCATCGGGTCGTGCACGAACTCGCGCATCGAGGATCTGCGGGTCGCCGCCGAGGTGCTGCGGGGCCGCACGGTGCGCCCTGGCCTGCGGGCGCTGGTCGTGCCGGGTTCCATGGCCGTGCGCGCCCAGGCCGAGCAGGAGGGCCTTGACCGGGTGTTCCTCGATGCCGGCTTCGAGTGGCGGGCGGCGGGGTGTTCGATGTGCCTGGGGATGAACCCGGACATTCTGCAACCCGGTGAGCGCTGTGCCAGCACCAGCAACCGCAACTTCGAGGGCCGGCAGGGCAAGGGTGGCCGGACGCATCTGGTCAGTCCAGCGGTGGCCGCCGCGACGGCTGTGCTGGGCACCCTGGCGATGCCGGCCGACCTGAGCGCCACCGCGACCACCGGGAGCCGCGCATGAAGGCGGTGCAGACAGTGCAGGGGCGCGCGGTGCCGCTGTGGCGTGCCGACATCGACACCGACCAGATCGTGCCCAGTGAGGCGCTGAAGAACATCGGGCGCACGGGCTTCGGCCGCTACCTGTTCGGTGAGTGGCGCGACGACCCGGACTTC
NZ_CP140098.1_gap32	1045046	1049990	4944	AACTGTACCGGAAGGTGCGGTTGGATCACCTCCTTTCTACATCGCTCCGCACTGTGTCCGCGTTCCGTCGGCTGTTCCGGCCCGGCCCCCCGCAAGGGGGGCCGGGCCGTCTTGTGGTGGGATACCGTGGCTTCATGGCGCTGAAGGTGTTCCCACGCTCCGTGCCCAGATGCACCCGTACCCGGTGGGGGTCAACCGGGATGACAGATCCAGATCTCCGCTCCAGCGGCGTGGAGATCTGGACGACTCCTGAGGGGCAGGTGCTCACAGCGGCGGCCGTTGCCAGGTCTGTGCCTGGACGACGGGTCAGCCGTCCATGACGGGTCAGCCAGAAGGACGCGATGACAGACGACACTTCCATCTCCAGCGGCCATGAGATCGCAGATCAGACGAGGTTCCTGAGGAGCCACAGCGGGGACGGGGCATTTCTGAGTGCTGCGGTCGCCACCGCTCGGCTGGGCGTCAAGGCCGCGACGCTGTATGCGTATGTCTCGCGGGGGCTGATCCGGTCGGAGGCCGGCCCGCCCGGTACCCGTGAGCGGCGCTATCACGCGGGCGACGTGCAGGCACTGGTGGCCCGCCAGGGGGCCCGCCGGGATCCCGACGCTGCCGTCCATGACGCTGTGGGTGGAGCGCTGGACTGGGGAACACCGGTGCTGGACAGTGCCCTGACCCGGATCGCGGATGGACGTCTGGTGTACCGGGGACATGACGCCGTGCTGCTGGCCGGGACGAGCAGCGTCGAGGCCGTCGCCGCTCTGCTGTGGACAGACGATGTGGACGCGTGGATCCAGCTGCCCCTGCGTGCCCGCCTCGACCTGGGACGTCCTCCAGCGGCGCAGACCGGTGTGGAGTTCCTGGCACACGCGCTGGTCACTGCGGGTGCACAGGATCCGACCGCGCTGGATACGCGCCCACACGCGGGGCCGGTCAAGGCGGCCCGAGTGCTGAACCTGCTGTATGCCGCACTGGAGCGCTGGCACGGCGTTCCCCCGGCACCGGATCTGCCCCTGCATGGTCGCCTGGCCCGGGCGTGGGGCGTCCCCGGACACGCCGACCTGCTGCGCCGCGCCCTGGTGCTGCTGGCAGACCACGAACTGAACGTCAGCACCTTCACGGCGCGTGTGGCGGCCAGCGGCGGCGCCAGCCTGCACCACGTCACCCTGGCGGCCCTGGCGGCCCTGCAGGGGCCGAGGCATGGCCTGGCTGCCCTGGACGCCGCCGACCTGCTGGAGGTCACGACCCGTGACGGTGCCCCGGCCGCCCTGCGGGACGCCACCCGCCGCCACGGACACCCGCCGGGCTTCGGGCACCGCCTGTATCCCGACGGCGATCCGCGTGCGGCAGCGGTGCTGGCGGCACTGGACGTGACCCATGGGGACACTCCTTCCCTGCAGGCGGCCCGGCACCTGTGCGAGGTCATGCTCCGGGACACCGGGGAACGCCCGAACGTGGATCTTGCCCTGGCCACCCTGGTGCGGGGACTGGGGCAGCCGCCCGAGGCTGCCGTGACGCTGTTCGCGCTGGCGCGGGCGGTCGGCTGGCTGGCCCACGCGCTGGAGACGCTGGGCAGTGGCCGCCTGATCCGGCCACGGGCACGGTACGTGGGGAAGTGATGGGGATGACATGCGCAGGAGGGCCGCGAGCACTGGGAGCCGATCCACTCAGCTCTTGGCACCTGCGGGCCGGCGCTCGTCCGCTGAACCTCCCTGGTCATCCACTCCCCGGACCAGGGCGAACGCCCGGCCGCCCACGACGGCGATCAGGGCGGCGCCGGCCAGCGCGATGCCCAGAGCGGCGGGCAGGCCCAGGTGCCGGGCCACGAACCCGATCACGGGGGGACCCAGCAGGAAGCCGCCGTAACCGATCGCCGCGACCAGCGCAATGCCCCGCCCGGCCAGCGCATGCCCGGCCGTGCCGTACATGACGGGCACCACGTTGCTCAGGCCCAGGCCCGACAGGGCAAAGCCCAGCGTGGCTGGCACGGGGTCGCGCCACAGCAGCGCCAGGGCAAGGCCGACAGCTGTGATCAATGCTCCCAGCCGGACAATGCGCTCGTCGCCCAGGCGGGCACGGCCCACATCGCCGAACCAGCGGCCAGCGGTCATGGTGGTCACGAAGGCCGTGTACCCGATCCCGGCCGCGCCGCCGGTCAGACCCAGGACATCGCTGAAATACAGGGCCGTCCAGTCGTAGTTGGCCGCCTCGGCGAGCATACCCAGAAAGCACATGGCCCCCAGCAGCAGCACCGCCACGCTGAACACCGAGACCGGCGCGGCGGGCGTGCTGCCCTCTGGCGTGGTGGGCTCCGGCGGATCCGCGATCAGGAAGCGCAGGGCGTACAGACCGGCCAGCACGGTGCCGGCCACGACGATCAGCGCGTGCGTCAGCATGGGCACGCGGCCGATCAGCACGGTGCCCAGCGCCGCCCCGATCAATCCCCCCAGGCTGAAGTAGGCGTGCAGCCGGCTGATGATCGGCCGGCCCAGCGCCCGCTCGACCGTGACGCCCTGGGCGTTCATGGCGACGTCCATCACGCCGTTGGCGGCCCCCAGTACGGCCAGACCCAGGATCAGGCCCCACAGGTTGCCGGCCAGGATGGGCAGCAGCAGCGAGGTCAGGAACAGGATGGTCGAGACGCGCGTGACGGCGGCGCTGCCCCAGCGGGTCGTCCAGCGGCCGACCAGGCTCATGCTGAGCACCCCACCGATCCCGGCGGCCAGCAGTGCCAGTCCGATCTGCGCCTCATCCAGGCCCAGTCTGTCGCGCACGCTGGGAATATTTACCGCCCACGACGCGAAGACCATGCCGTTGACCAGGAAGATGGCCCCCACTGCACGGCGGGCAGCCTCGGCCTGCACGGTGGAAGGGACGGAAACGGACGGCGCGGTGGTCATGGATACCTCGGTACGGGGCAGGGAACAGCGTGGTCTGAATCGTTTCAGATCGACTGGCCATACGGTAGCATTCCGGTATGCCTCCCGCCAAGCCGTCCGCTGCGTCTGCCGCTCGCGGTGGCCGGATCACCCTGCGCGAGGTCGCCCAGGCGCTCGACGTGTCGGTGGCGACCGTCAGCAATGCGTACAACCGCCCGGATCAGCTGTCGCGGGAACTGCGCGAACGCATCCTGGACACGGCCCGCAGCCTGGGCTACCGGGGCCCCGACCCCCTGGCCCGCAGCCTGCGCCGGGGCCGCACCGGCGTGATCGGTGTGGTGTACGATGCGCCGCTGGAATACGCCTTTGCCGACCCGGCCGCCGCCATGTTCCTGGGCAGTGTGGCGCACGCCCTCCAGGAACACGCCCTGAACCTGCTGCTGCTCGCCAGCCCCGAGGACGTCTCGCCGGTCAGCAGCGCCAGCGTGGACGGGTTCATCGTGTACTGCGCCGCCGAGGGCAGCGACCTGCTCACGGCGGTCATGGATCGCGGCCTGCCCACCGTGCTGGTCGACCAGTACCCACACCCACCTGCGGTGCAGATCGGGATTGACGATGCCGGCGGTGCCCGCGAGGCTGCCGCGCACCTACAGGCCCTCGGTCACCGGCACGTGGGTGTGCTGTGCCTGGAACTCGGCCCGGACGCCCCTGGCGGCCCGGTCAGCGTGCCGCGCGAGCAGGTGATCGGCTACCGCACCAGCGCTGAGCGTCTGGCCGGCTACCGGGCCGGTGCCCCGCAGGCCACGATCTACCCCTCGGAGGTCGCCCAGAACACCCCGGACGAGGGAGAACACCGCGCCGTGGAACTGCTGACCGCCCATCCCGCCGTCACAGCCCTGCTGTGCATGAGCGACGTGATCGCGCAGGGAGCGCTGCGGGGTGCCCACCGCCTGGGGCTGAGCGTGCCGGACGACCTGAGCATCATCGGCTACGACGACCTGCCCAGCAGCGCGGCCCTAGGGCTGAGCACCGTGTGGCAGCCCACCGCCGACAAGGGCCGCCACGTGGGCGAGACGCTGCTGGCCCTGCTGGCCGGACGTGCAGCGACCAATGTGACCCTGCCGACTCGGCTGGTGGTGCGGGAAAGTACGGCGCGACCCCGGCCTTGAGGTGGCCCCAGGGGCCAGGTTTAGGGTGACGGCGTGCGTGACTTGATTCCCAGCAGCCGCTTTGCCCAGCTCTCCCGTCTGTCGCGCAAGGCCCTGCGACTGTACGCCGAGCAGGGGCTGCTGAGGCCCGTGCACATCGACCCGGGCAGCGGCTACCACACCTATAGCCTGAGTCAGCTGGAGGACGCCCGCCGGATCAGCGATCTGCGTGCCCTGGGCATGCCGCTGGCGGCCATCCGGGACGCCCTGCGGGTGTGGAACACGCCGGCGCTCGGGCTGCATCTGGCCGCACACCGCGACGCCCTGCACGCCCAGGCGCAGCAGGTGCAGGCGGCGCTGGAGGGTCTGGACGCCCTGATCGCCCGCCCGGCGCAGCCCTACGCCGTGCAGACCAAGACGGTGGCCCCACAGCGGTACCTGGGCACGCGCGGCTGGTGTGCTCCGGACTCGGCCTGCGCGCTCATCGCCCAGGCGCAGGCCCGGCTGGAGGAGGCCCGGCACCGACACCTGCTGGATCGTGGCGGCGCGGCCCTGGCCATCTACCACGACGAGCGCGAGGACGCCTGGGACATCGAGGTCTGTCTGCCGCTGGGCGACGGGTGGCCGGTGGACGCCTGGCCGGGCGGCATCTACCACGCCGAACTGCCGGGCGGCGAGGTGGCCTACACCGTGCACACCGGCGACTGCGGCGGCAACCACGGGATGCAGGGCGCGTACACGGCCCTGTGGCACTGGCTGACCCAGCAGGGTCGTGAACCACTGGGTGGCCCCCACGAGGTCTATCTCTTCGACGAGACAAACACCGCCGATCCGGCGGATTACCGCACCGAAGTGGCCTGGCGGCTGCGGCCCTGACCGTCTCACGTTCATCCGGGACGCCTGAGTGGCGCCTCCCAGGA
NZ_CP140098.1_gap33	1072578	1076191	3613	TGGGCATGTACCTGCGCTTCCTGGGAACCAGCGCCAGCACCCTGGGCACCCATCTGGACGCCCAGGGCAGCGTGCGGGCTGCGCAGCTGGAGTTCGGTGACCGGGTGCTGGTCGCGTGCTTCCGGCCCGGTGAACTGCTGGCGGTGCTGGTGCGCGACACGCCCGCCGCAAGCAGTGTCAAGGCGTGGGTGCGCCAGCGCTGGGCGAGTCCCGTGCCCCGCAGCCTCGTTCACTGACCCGCCGCGCAGGGGTGCTCTACCCTGCACGCATGTTCACGATTGCTGACGCCGTCACCCGGAGTGCCGCGGAGACTGGACAGGAGGCGCCGCGCCTCGCCGCGTACGGCGTCCGTGGCCTGGTCATCCCCCCCGACTTCGAGGAGTCCTTCTACCGCCACGGCAACCTGCCCGAACAGCTGCGGCGCCTGTTCAGTCCGGTCAATCCCGCCCGGATCGACGAGGACGCGCTGGAGCCCCTGGCCGAGCGTGCCCAGGCCCTGATCCGCACCACGTACCTGCTCGACGACGCTGTGCAGGCCTTCTACCGTGCCCTGGCCCCGGCCGGTCTGGACAGCGGCGAACTGCATGCCCGCCGCCCCGGCCGCCTGAGCACCGAGACGGCGACCGTCACGCCGCCCGGCACGGCCGCCCTGCACGCCGTCAAGCGCCTGTGGGCCCAGGACTGGGCCTTTGACGCCGTGCTGGCCCGGCTGGACGACTCGGGAAGCGTCGCCCTGGAGGCCCGCCCCACGCTGCTCATCCCCGGCCCGCCCGGCTGGCCCGACGCGGAACGCGCGGCCGGACTCGGCGTGGAGGTGGCGCTGGTCAGTCCGCACGGTCTGGTCGGCCTGTTTTGAGTGTCCCCACACGTCAGGAGCCGTCCGGGTGGCTGCTGGGTGCGCTGGGAACGCTGGTCTTCCTGAACGTGTATGCGCCGCAGAGCCTGCTGCCGGTGCTGGCCCGCGAGTTCGGCGCGGGCGCGGCGCAGGTGGGCGGCGTGATCGGCGCGACCATGCTTGCCATGGCGGTGGCGTCGCCCCTGGTGGGCGTGCTGGCCGACGCGCTGGGCCGCCGCCGCACGGTGCTGTGGGCCTTCGCGCTGCTGACCGTGCCCGCCGTGCTCGCGGCGCTGGCCCCCACCCTGGCTGCCCTGAACGCTGCCCGCTTCGCGCAGGGCCTGCTGATCCCCGGCGTCATGGTCGCCCTGACCTCGTACATCGGGGAGGAACTGCTGCCGGCGTCGCGGGCGCGTGCCCTGACCATGTACGTCACGGGCACCGTGCTGGGCGGGTTCCTGGGCCGCTTCCTGGCGGGCGTGATCGATGCCCGCTTCGGCTGGCACGCGGCGTTCTGGGGGCTGGCCGGGTGCGCTGTGGCCGGCTTCCTGCTCGCCCGCCGGGGCCTGCCGCCCGAGCGGGCCTTCCGCGCCAGCCGCGATCCCCGCGCCGTGCTGGGCAGCTTCCGCACGCACCTGCACACGCCGGCGCTGCTGGCCGCGTGTGCGGTCGGGTTCCTGATCCTGTTCACCCTGGTCGGCACCTTCAACACCCTGACCCTGCGGTTGGCCGCGCCTCCGTACGGCCTGAACTCGGCGCAGACCGGTGCGATCTTCGCCGTGTACCTGCTGGGCGTGGTCATCACGCCGGTCGCGGGGCCGCTGCTCGCCTCGCGTGGCCCGCGCTTTGCGCTGCTCAGCGCGGTGGGGGCCGGCACGGTGGGCCTGCTGTTCACGCTGGCCCATCCGCTGCCGCTGATCGTCGCAGGAGTGGCGGCCGGCGCGTGCGGTGTTTTTCTGGCGCAGTCGGCCGCGCTGGCCGCCGTGCAGCGCTCGGTCACGCAGGCCCGCAGCCTCGCCTCGGGCCTGTACCACCTGTCGTACTACGGCGGAGCGGCCGTCGCCAGCGTGGTCGCCGGTCACGTGTTCGAGGCCGGTGGCTGGAACGGCGTCGTGCCCCTGGTCGTGGGGAGCATGGTGCTGGCCGCGCTGGTCGGGGTGCTGGGCTGGAAGCGGACGTGAGGGGGGCCGATGTTAGCCTCGGGCCATGACCTCAACCCTCACCGCTGACGGGGCGTATCCCGGTCTCCAGCTCACGCTGCACGATCCCGGCATCCTGGAGATCGTCATCCGCAGCGAGAAGACGCTGAACAGCGTGGACGCCGCCGCCCACCGCGCCCTGACCCGCGTGTGGCGTGACATCGACGACACGCCGGGCGTGCGCTGCGTGCTGATCCGGGGCGAGGGGCGCGGCTTTTCCTCGGGCGGCGACTTCGCCCTGATCGAGGAGATGAGCAGCGACTTCACCGCCCTGGCCCGCGTGTGGAAGGAGGCCCGCGACCTCGTGTACAACGTCGTGAACTGCGGCAAGCCCATCGTCAGCGCCATCCACGGCCCCTGCGTCGGCGCGGGGCTGGCGGTCGCGCTGCTGGCCGATGTCAGTGTGGCGGCAAAGTCGGCCCGCCTGCTCGACGGCCACGTGCGCCTTGGCGTGGCGGCGGGCGACCACGCCGCGATCATCTGGCCGCTGCTGTGCGGGCTGAACAAGGCCAAGTACCACCTGCTGACCGGCGAGTCTGTCTCCGGCGAGGAGGCCGAACGCATCGGCCTGGTCAGCCTGTGCGTACCCGACGACGACCTGCTCGACCGCGCGTGGACGGTGGCCCGGACGCTCGCTACGGGCAGCCCCACCGCGATCCGCTGGACGAAATACGCGCTGAACAACTGGCTGCGGCAGGCCGGCCCGATCTTCGACACGTCCCTGGCCCTGGAATTCCTGGGCTTCACCGGCCCCGACGTGCGCGAGGGCCTGTCCAGCCTGCGCGAGAAGCGCGAGCCGAGATTCGAAGAAGACGCGCCGATCTGAGGTGGAAGCACATAAACTCCGGTCATGCCGCCAGTCGTGTTCGATGTGCAGGCCATCTTCGTGGGTGAAATCGAGGACGCCGATACGTTCATGGTGGCGCTCGGTGACCACGCGGACGAGCCGCAGGAGTGGCTTGAACTCCAGCGTGCGCTGGTTGAGGACGAACAGGACGTGGCCCTCGGGATGGACACCTACTGTCTGGTGCGTTCAGGCGGGCCGACCGTGTATGGAGGCGTCGCGGCGTGTGTGCTGTCGCGTGACGGACTGATCCTCCGTCTCGATGACGATGCGGCCCAGATGCTGGGTGCTCCGTTCTATGAGCTGATGCTGCGCCTTGACGACGCCGCCCACGCCGCGCTGCGCGACGGATTGAGGCAGGTCTTCGCCGACCGGTGGCCATCAGAGTGGCAGCTGGACTGAGCCTGTTCCCCCTTCAGGAACGCCCCGCCCCTCCTCACCCGGCCCGCGTTATCGTGAGCCGTAAAACTTTTGCACCACTTCTCAGGAGGAACCCCTATGACGACCAAGTCCCCCGTCCGTGTGGCCGTGACCGGCGCTGCCGGCCAGATCGGTTACAGCCTGCTCTTCCGGATCGCGTCCGGTGACATGCTGGGCAAGGATCAGCCCGTGATCCTGCACCTGCTGGAGATCACGCCTGCCCTGAAGGCGCTGAACGGCGTGGTCATGGAGCTGCGCGACTGCGCGTTCCCGCTGCTGGCCGACATCGTGACCAGCGATGACCCCATGGTGGCG
NZ_CP140098.1_gap34	1270300	1272271	1971	GGGTCAGGTCCGTGACGGCCGTACAGAACCGTGCGCGACGGATCACCGGCAGCGGCAGGTGCTGCATGAACGCCGCGCTGGCCTGCCGGATCACGGTGACCGGCGCGCGCAGCCGGGCGACCGTGTCCAGGTCGCGGGTCTCCGGGAACCACACGACGTGGTAGGGCACCGGTCCGGCCCACTTGATGGCGTGGATCACCGTTTCGCCTGCGTGACCGGCTGGGGCTGGCGCCGCAGCCAGTCGACAAAGGTGGCGCAGCCGTCATGGAATTCGACGTGTGGCCGGAAGTCCAGCAGCCGCTCGGCCTTGCCCAGGTGTGCCCAGGTCTGCGGCACGTCGCCGGGCTGGGCCGGCAGCACCTCCCGCCGGGCCGGCAGGCCCAGCACGTCCTCCAGCGTGCCGACCATCTCGGCCAGGCTGATGGTCCGGTTGTTCCCCAGGTTGATCACCTCGTAGGGGCTGCCGGCGTAGTGCAGCGCGGCCAGGATGCCCTGGACGATGTCGCTGACGTGTGTGTAGTCCCGCCGGGTGGAACCGTCGCCGTAGAACGGAATGGACTGTCCGGCCAGCATCCGCCGGGCGAAGGTGTGCACGGCCAGATCCGGCCGCTGCCGCTCGCCGTAGACCGTGAAGAACCGCAGGGCCACGAAGCGCAGGCCATACAGATGGCTGTAGACGTGGCCCAGCAGCTCACCGCTCACCTTGGTGCTGGCATACGGACTGATCGGGGCCAGGACATGATCCTCCTCGCTCCACGGCACGCGCGGATTCACGCCATAGACCGAGGAACTCGACGCGAACACGAACTGCGGCACGTGCCGCTCCCGCGCGAATTCCAGCAGGTGCTGCGTGCCGCCCACGTTCACGTCCTGATACGTGGTCGGATCGGCGATGCTGGGCCGCACCCCGGCCCTGGCCGCGAGATGGACGATCGCGCTGAAGTCGCCGGGCAGCGCCCGGAGGGCGTGATGGTCACGGATGTCCACGGTGTGCAGCGTGTAGTGGGGATGCTCCCGGTGCGCGGCGATGTTGCGGTGTTTGATCGCCGGGTCGTAGAACGGATCGAAGCTGTCGATGGCCTCGACATGCCACCCGCTGCCCAGCAGGGCGTCGACGACATGGCTGCCGATGAAGCCGGCCCCGCCGGTGACCAGGGCCCGCTTCACGGCAGGGCACCGGGACGGCAGGACGGCGGAACGGGAGTGGGCCGGGCAGGTGGGGGGGTCATGGCAATGTCCTCAGGAGCAGGGGGACGCTGTCCGGGCGCACTCGGGCAGGCCCTGAACGGCGGGGGAAGGCGATCAGCGGGCGCCGAAGCCGGTCAGGATGGTCTGCAGGGTCTTGAACACGATCCGCACGTCCAGCCAGAACGACAGGTACTTGATATAGAACACGTCGTAGCGCAGTTTCTCAATGGTGGTGCTGGTGTCGGCCGCGTAGCCGTGGACGACCTGGGCCCAGCCGGTGATGCCTGGGCGCACCCAGTGGCGCACGGGGTACAGGCGGATGTCCTGGTTGAAGCGCTCGACGAAGGCACGCTGTTCGGGCCTCGGCCCGATGATGCTCATGTCGCCGCGCAGCACGTTCCAGAACTGCGGCAGTTCGTCCAGCCGGAACTTGCGCAGGAAGCGGCCCACGCGGGTCACGCGGGCGTCGCCGGCCGTGGCGAAGGCTGCGCCGCTCCGCTCGGAATCGGTGCGCATGGTGCGGAACTTGACCATCCGGAACAGCTGGCCGTTGCGGCCCACGCGCTCCTGATAGAACAGCACCGGCCCGCCCGAATCGAGCAGGATCACCAGCGCGACCATGCCGGCCAGGGGCAGCAGCGCGGGCAGCGCCAGCACCGTCACCACGCGGTCGATCACCAGCTTGAGCTGCACGTACGACGACAGGAAGGGCACCTCGCCCAGCCGCGCACCGTGCAGATACTCGACCGACACCCGGCCGCTCAACTCCTCCTGCAGGCTGGC
NZ_CP140098.1_gap35	1374380	1377045	2665	CCCAGCGGCCGTTCAGGGCGGCGTCGATGGACAGCATGCCGGTGTAGCGTTTCAGGTCGCTCAGGGCAAACTGGTTCAGGACATTGACCTGACCAGCCCCCGGCAGCCAGCCCAGGTAGGCGTAGAACACCGCCAGCAGCAGAATCCCCAGGACAAAGGTGGGCAGGCTGTAGCCGAACACGACCAGCACGCGGATGACCTGATCGATCAGTTTGTCCTTGTGGAGTGCACTCAGGGTGCCCAGCCAGATCCCCAGCAGCAGGATCGGAATGGCCGTGATGATGGTCAGTTCGATGGTGGCGGGCAGGCGGGTCTTGATGGTCTGGATCACGTCCTGGCTGCTGGCCCGGGAGTAGCCCAGGTCGCCTTTCAGGGTGCTCCCCAGCCACCGGCTGTACTGCACGGCGAAGGGCTGATCCAGACCGCGTTCGCGGATGATCTGGTCGGCGCGGGCCGCCTGCTGCTCGCTGCGGATGTACGGCGCGACGCGCTGGGCCGGCGTGAGCAACTGGGTCAGCCCGACGATCATCAGGGACAGGACGAGCATGACCAGGGGAATCTGGATCACTCGCCGGATGATGAAATTGAGCATGGAGGGCCTCGTGGGAATGTGCGGGTGCCGGACGGACGGTGCCGTCGGCGAGCGGGGCGGACGGGGGATCGGAGCGGCGGGCGCTCTGCGCGTCCAGCTTAATCCAACCGGGTACGGCGGGCAAAAGATGAGCGCTCCCTGAACCGGGGGCTCCGTCCTGGTGTCCCGACATGGGAAACAGCGGGCGGCCGCCCCGAGGGGACAACCTGCCCGCTGTGACGGGAACTGCGCCGCGCTGGGAGCTTACTTCTTGCTGAGCTCCTTCCAGAACGTACCGGTGTACGCGAACGAGATCATGGGGTTGAAGTTGGCCTTCGCCGCCCCGACCAGGTTGTCGCGCATGAACGCATAGCCGACCGGCGCGGGCATCAGGATGTACGGGGCCTGCTCGTAGGCGCGGTTGGCGACCAGCGAGTACAGGCGGTTGCGCTCGGCCTGGTTGACCGTGGAGCGGGCCTGCTCCAGCCACTTGTCGACCGACGCGTCCTTCCAGTTGCTGCGCGGCGAGTAGTAGCCGTTCGACGAGTAGAAGGTGTACAGGAAGTTGTCGGCGTCGGCGTAGTCCGGTGCCCAGCCGATGATGATCATGGCTTCCTTGCCGTCACGCGAGTCGTTGAGCATCTCGCTCCAGGGCTTGGACTGGATGTTCACCTTGAACTTGGGGTTCAGCGCCTCGATGTTCTTCTTGAGGATCTCCATCGCCGTCTGGGACGCCACGGCACCCGCGCGGTAGTTCGCGGTCAGCGTGAAGCCGTTCTTCCAGACCTGACCGCCCCACGCACGCTGGAGGTAGGCCTTGGCCTGCGTCGCGTCGTACTTGTAGGTCTTGACCTTGGCATCGTAGCCGGGGAAGGTGTCGGGCAGCAGCATCGTGCGCTGCTTGCCCTGGCCCTTCTGCACGTCGGTGATGTACTGCTGGTAGTTGAAGGCGTAGGAGAACGCACGGCGCACGTTCACGTCGCTGAAGAAGTTGGCCGGGATGCCCTTGCCGTCCAGCTTGCCGCTGCCCAGCAGGCCGTTGGCCTTGATGTTCTGATTCATGAAGAAGCCCGTGGCGGTGGTCGACGGGAAGCCGTCCTGCCACACCACGCCGGGCTTGCCCTTGATCTGCTCCTCGTCCACAGCGCGGCCTGCACCCTCGATCAGGTCGGCGTCGCCGCGCAGGAAGGCCTGCTGGCGGGCGGCCAGTTCAGGCACCTTCTGGATGATGACGTTCTTGATGGCCGGCTTCTTGCCCCAGTAGCCGTCGAAGGCCGTGGCCAGGAAGGCGTTGGCGTCCTTGCGGACGAACTTGTACGCGCCGGTGCCGCTGGGCGCCTGGCTCAGCTTGGAGTTCTGGAGGTCCTTGCCGACGTTGGCCTGCCAGTCGGCTTCCTTGCCGCTCCACTCGCCCAGGCCGATCGCGTACTTGCTGTCCACGACGCTCTGGCCGGTGTACGCGAGCTTGGCCAGGAAGGCGGGGTCGACCTTGGGCAGCGTGAAGACGAGCTGGCCGGCGTTGTTGCACTCCACGGCCTTGTCGATCCGCGCCCACGTGATGGTCTTGTCGTCCTTGGCGTTGGCACCCGTGCCCAGCAGCGACTCGGCGATGAACCAGTTGCCGGAGTCGCCGGAGTTCACGACGAGGTTGCGCTCGAAGGAGTACTCGGCGTCGGCGCAGGTCATGGTGTTGCCGCTGTGGAACTTGACGTTCTTGCGCAGGTCGAAGGTGTAGGTCTTGCCGCCGTTGCTGATCGTCCACTTGGTCGCCAGCAGGGGATCGAGCTTGGTCAGGCTGGCGCCCGAGTACGTCACCAGGGTCTCGTAGAGGTTCTCGGTGATCGAGCCCGAGGCCGTGTCGTAGGTCACGCCGGGATCCATGGTGGGGATGTCTGCGCTTTCCTGGACGACCAGGGTGTCCTTCGGAGCCACGGCCAGCGCGACCGACAGGGTGAGCATGGTGCTGAGGATTGCCAGTTTCTTCATAAGCCTCCTGAACTGCTGACGGTGAGGACGAACTTCGCGCATGACTCCGAATGTCTGTCACCTGTCTAGTGTGTGAACGCCGGGCATCATAGCGTAGGCACAACGGCG
NZ_CP140098.1_gap36	1453166	1453845	679	GCGACCCCGTGGCCTCACAGCAGATTTCAGAGGCATTGAGGAATGCCCTCAATGCCTCTGAAACGAGCGGAGCGAGTCCCTGACAGGGCAGCGGTTGGAAGTGGAGCCCTGGGGCATCCCTTCAGCCCCGGGGCGGAACTGAAAACCGCTGTCAGCGCTGCGGGGTCGTTGCGTCGTCGAGCATCCGGCGCACGGCGTCCTCGACGTGGATGCGCGTCGTGTCGAACACGGGCACCGTCGTGTCCGGCGCTCCCACCAGCAGCGTGATCTCCGTGCAGCCCAGGATCAGGCCCTGCGCGCCCCGCGCCACCAGTCCGGCCATGACGCGCCGGTACACCTCGCGCGACTCCGGGCGGATGACGTTCCGGCACAACTCGTCGAAGATGATGCGGTGAACCTCGGCCCGCTCGTCCGCCTCCGGCACGATCACGTCCAGGCCGTATTTCCCGGCCAGCCGGCCCGTGTAGAAGTCCTGCTCCATGGTGAACGCCGTCGCCAGCAGGCCCACCCGCGTCAGGCCCGCCGCGCGGAGGCGCTCGCCCGTCGCGTCCGCGATGTGCAGGAGCGGGATGGACACGGCGTCCGCGACTTTGTGCATGGTGTTCGTGGCGAGGAGCAGCGCCCCCGCGCCCGCTCCCTCCAGCCTGCGTGCGGCGTCGGCCAGCAGTGCGCCCGCCGC
NZ_CP140098.1_gap37	1463632	1467323	3691	AGCGCTGCTGCTCGCGGCGCAGATCCCGTTCCAGCGCGTGGCGCTGCGTGGCGTTCGCGGCGGCCCGCCACAGATCCTCGGCCCGCAGCTGGGCCTTGACCAGATAGTCCTGGGCACCGGCCTGCATGGCGTTCACCGCCACGCGCTCGTCACCCAGGCCGGTCAGCATGATCACCGGGCTGGCGGGCGCGGCCTGCGCCAGGAATTCCAGGCCGGTCATGTCCGGCAGCTGGTAGTCGAGCAGCAGCAGGTCCATGGGCGTCGCCGTGAGGAGCTGCAGGGCGTCCTCGCCCAGCTGGGCGGTGTGCAGCTCGACCCGGTGCTCGGGCCACCGCCGCAGGTACCGGCTGAAGGTCTCGGTATCCTCCGGACTGTCGTCAACGATCAGGACACGCAGGGGCGTGCCGGGCACGGTCATGCCTGCTCCGGCATGACGGGCACGGGCAGCTGGGCGATATCGAACCAGAAGCTGCACATCACGCCGATCTGCTCCATGAACAGCTGGAAGTTCACCGGCTTGACCAGGTAGCCGTTCGCGCCGGCGTCGTAGCAGCCGCGCACGTCGCTGTCACTGACCGAGGTGGACATGATCAGCACCGGCAGCACGTTCAGGTGCGGATCGCGCTTGATGGCGGCCAGGACGTCACGGCCGTCCGTGCCGGGCAGGTTCAGGTCGAGCAGGATCAGGCCGGGGGAGGGGCGGCCAGGTTCGCGCAGGCGCGCCAGGGCAGCGTCGCCGTCCACGCAGCGCTCGACCGGCAGGGTGCGGCCCAGGCGACGCAGCGCCCACGACACGGCTTCGAAATCCTCGTCGCTGTCCTCGACGACCAAGAGGGGGCGGGTGTTCATCTCAGGCCTCCAGCGTGAACAGGAAGGTGCTGCCCTCACCGTAGACGCTCTCCACCCAGATCTGGCCGCCATGCCGCTCGACGATCTTGCGGACGATGGTCAGGCCGGCCCCGGTGCCGCCGCCGAACTGCTCGCGGGCATGCAGGCGCTTGAAGATCCGGAAGATGTTCTCGAAATGCTGCTCCCGGATGCCCAGCCCGTCGTCGCGGACGTACAGGATGCGCGCCGACGGGCTGACCTCCGGCGGAATACGGTGACCGGCACGGTCGGCGGGTGCCAGCATGCCGACCTCGACGTGCGGCCGGGCCCGCTCGGTGTATTTCAGGGCGTTCGCGATCAGGTTCTGGTAGATCTCGGCCACCCGCACCCGGTCGACCGTCACGGTGGGCAGGTCGTGGAGCGTGACGGTCGCGCCGGTCTCGCGCAGCCGCTGCTCGAGGATCTCCAGCACGTCCGAGAGCACCTCGTTCAGGGGCACCGGCTGGAAGTTCAGTTCCTCGCGGCCCACCCGCGAATACAGCAGCAGCGAATCGAGCAGGTCGTCCATGCGCTGCGTCAGGCGCACCAGGGTGCGGAGCTTTGCGACCCCGTCCTCGTCGAGCTGCTGGCTGTAGGTCTCCAGCAGAAACACCGAGTAGTTGTGCATGCCCCGCAGCGGCTCCTTCAGATCGTGGCTGGCGATGTACGCGAAGGCGTCGAGCTCCGCGTTCGACCGCCGCAGCTCGACGTTCAGCTCGTAGGTCTCGGCGGCGCGGCGCAGTTCGACCGCCGTGACGGCCCGCCGCAGCGCCTGACCCGCGTGCAGTTCGGCAGGTGTCCACGGTGCCGAGCGGCCGCGCACCGTCTCCTGCCACGCCGCGAAGGAGTCGCGTGGACTCAGGCGACCCACGCCGTCGGCACCGATCTGCACGGGCTTGTTCGGATCGCCGCCCCACGTGACCGTCTGGAGCTGTTCGGGCCGGAACCACAGCACGTAGTCCTGTCGGGAACTGCCCAGCGGCACCGCCAGCACCCCGCTCGGGCGCGTCTGGTAGGTCCGCGCGGGCGGATGGTCGCGGCCCAGGGCGTCCGTGTGGATCACGTCCGCCTCGGGCAGGGTGGCCAGCCATGCGCACAGTTCCCTGACCTGATCGGCGGTCGGGGTCACGCCCAGCAGCACCAGCTCGCCCTCGTAGTGGATGGCCGCGCCGGGCGCGTCGATGAAGCCCAGCAGGTTGGCGTCCTCGGCGTTCAGGGCTTCCATGGGGTCGGGCGTGTGGGCCAGCCGTCCCACCAGGTCAGACTCGGCCGAGCGCAGCCGCAGTTCGTAGGCCTGCTCATCGCGCTCCTGCCGCGCCCCGAGCTGCACGCTGGCGACCTGTCCCAGGAATTCGCAGGCGGCGCGGGCGTCGTAGGACAGCACACGCGGCGAGTTGTGGTGGCACGCGATCAGGCCCCACAGCTCCTGTCCCCGCACGATCGAGATGCTCATGGACGCGCCCACGCCCATGTTCTTCAGGTACTGGATGTGGATGGGCGACACCGCCCGCAGCCCCGCGTGCGTGAGATCCAGGGGCTGCGGGCGCTCCGGCACGGCATACAGCGGCGAGGTCTCGCTGTGCACGTCGCTGATGATCCTCAGCATGTTCAGCACATACAGTGCCCGCGCCTGCTGCGGGATGTCCGTCGCGGGATAGCGCAGTCCGAGGAAGGCCTCGGTTCCCGGCTGGAGCGCCTCGGCGATCACCGTGCCCGTGCCGTCCGGCCCGAACTGGTAGACCATCACCCGGTCGAAGCCTGTCAGCTGCCGCACTTCGCGGGCCAGCACCGCTGCGAAGTCGTCCAGGCTGCGCGTGGCATTCAGGGCGCTCAGCGGCCCACGGATGAGGGCGGCGGGATCCACCTGCGACCGCATGACGGAGCGTTCGAATTCCAGGATGTGCAGGCCGTCACGCGCGTGTGCGACGACGTCGAACGGCCCCTCACCCTGTACCCGCACGCTCATCAGGAACAGCGGGTTGAGTTCCAGGGCCTCGCGGGTCAGGGCCCCCTCGATCGCCTGCCGGGTCTCGGCATCCAGCAGGACGTCCAGCGTCTGACCCAGCAGCGCCGACGGCTCCATCCCGAAGTGATCCTGAACCGAGACGCTTGCCACCACGATCCGGTCGCCCTCCAGCGCGACGAGGGCACCGTGCGACTGCACGGCGCCGGGAATGTGGATCGGCTCGCGGTCGCAGGTGGTCAGGTCGACCGGGCCACCACTCAGGTTCAGGATCGGGCGGTCGCCCGAGTGCCCGGTCATGCCGACACCCCGTCCCGCACCGCCAGCGGGACGAACAGACTGAAGGTCTGGGCGGCTCCGGCCAGGACTCCGGCGTGGAAGGCGGCGTCGGCACGCGCACAGCGGCCCTCCAGCGCCGCGCCGAACGCCTTCCAGCGCGGCCCAACCTGATCGCCGTAGCTGCTGAAGAACGCCAGGCCGCGGCCGGGTTCGGTGCCCAGGTCAAGCTGCCCGGCCAGGTGCCGGCGCAGCAGCTGCCCGCCCAGCGTGGCCCCTTCCAGGACATACAGCGCGCCCCAGGCGTGGGCCTCGTCCGGGAGGGGCGGTACGGGTGCCGGTCGGGTGTCCGGAGGGGTGCCCAGGGCCCGCAGGTCGTCGGCCAGCGCGCCCAGTTTCGCGGCGCGGCGGGCGGGCCAGTCCAGCTCCGCGTGTCCGGCCAGCCAGCGGTCGAGCTCCACGCACAGCGGCACATACAGGGCGTGGAGGCCGCGCAGCACGTGGACATACCGTGCCCGGCCCAGATCCGGCGCGAGGAGGTTCAGGGCAGCCTCGGCGCGGGCATGGGCCTCCCGCGTCTCCGCC
NZ_CP140098.1_gap38	1480737	1483244	2507	AGCAGGTAGTCGCCGCGCACGAAGCCGGCGCGGGTGTGCAGGGCGGTGGCGTGGGTGCTGAAGGCGAAGACCCGGTCTCCCGGTTTCAGGGTGGCCTGGAAGGCCGTCCAGCTGGCGTGTTCGTGCAGGGTCACGCCCTGCAGGTAGTCCATGACGGCGCGGCGGAATTCGCGGTCGTGCAGGTGGAAGCCGAAGGGGCGGATCAGGTGCAGGTCGGCCCCCAGCACGGCGCAGGTGCGGGCCACGTTGCCCACGTTCCCGGCCTTCTCGGGCTCGAAGAGCACCACGTGCAGCAGGGGCGTCATGCCGGGACGCCGGTCAGGGCACGCCAGTGGGCGGTCGAGGCGTAGGCCCGCCGCGCCGGAACGCTGACGGTCTGGCGCTCCGGGTAGCGCAGCGCGGTCAGGTGCCCGCCGAAGACCGCGCCCGTGTCGAGGTTCACCGTATGGCCGTGCCAGTCCGGGGCCAGCACCGGCGTGTGTCCGTAGGCGACCAGCGCCGACCCGGTGTACCCGCCCACCCACGCCACGCGCTCCTTCACGCCGTCCTGCCCGACCCGGCCCGTGTGTGCTCCCCACACGTTGAAGTGCTCCCGCGTGGCCGGATCACCCGCCTGTTCCCCGGCGTGGACGACCAGCAGGCGGCCCCCGTCCAGCTCCAGCCGGGACGGCAGCGTGCCCAGAACGCGGCGGATCTCGTCGCGCTCCTGAACCGACACGTCTGCGAGCTGTGCCAGCGACACGTCCAGCGACCTTGACCCCTTCACGGCCTCGCCCGCCAGGGCACGGGCCAGCCGCTCGTCGTGGTTGCCGCGCACGCTGAGGGCCGCGCCGGACTGGACGCTGCCCATGACCAACTGCACGACTCCCACCACCTCTGGCCCACGGTCGACCAGATCGCCCACGAACACGAGCTGCCGCCCCGCCGGGGGCGTGAGCACCGCTCCGTCCCAGCCGTAGCCCAGCCGGTTCAGCAGGGTCAGGAGTTCGTCCAGGCAGCCGTGGACGTCCCCGACGATGTCGTAGCCCGGCGCGGCGTGGGCGGTCACCCGGCGGTCTCCGTCCGGGCCAGCAGCGCTGTCACGCGCACCTGCACGTGGGCGGGGGCCAGACCCTCGGAGGTCTTGAAGCTCACGCCGACCTCGGTGTCGGGCAGGGCCAGCAGCGCCGCCACGCGGCGGGCAATGTCGGCCCGCAGTGGCCCCAGCTTCGGGCGATCCAGCGTGACCACCAGCGCCACGTTCACCGGCGCGTAGCCGCGTTCTCGCACCAGCTCCAGCGCCCGCGCCACGATCACCCGCGAGTCCAGGCCGTGCCACTCGGCCGCCGTGTCCGGGAAGTACTGCCCGATGTCGCCCAGCGCCAGCCCCGACAGCAGCGCGTCGGCGACCGCGTGCAGCACGGCGTCGCCGTCGCTGTGGGCCACCGCGCCGTGGGGGGCATCCGGCACGGGCACGCCGCCCAGGATCAGGGGCCGCCCGGCCTCCAGCCGGTGGGCGTCCTCGCCGTAGCCGATGCGGTAGGGAAGGGGAGAGAGCATGGCGCGAGGATAGGGCACCGCCCGGAGCCACACGCCGAACCCCATCTGTGACCCCGTGTTAACGCCCCGCTAATGCCCCCCCTGTCACGCTGCCCACAGATCAGCGGTGCCGCCCACCCCAGCGACCCCCACGCGGCCCAAGGGAGAGCCCCACGTGACCATGTTCCCGCCCGACGACGTGTTCGAGCACCTGCCGCACCCGGCCCTGTACTGGCCGGCCCGGCTGTGGGCTGCGCCCTCGACCGATCCCCAGCCCAATCTGGCGTACCAGCGCACCTTTGCGCCCGGTGCCCTGCCGGACACGGCCGCCACGTGGGACGACGGCCCCCACACGCTGCGCGTGCCCACGCTGCGGGGAGAGACGCCCCTGTGCCGGGTCACGGTCGCCACGCTGCCCGGCGGGGCACGGATCGCCACCATCGAGGACGTGCAGGAGTTCCACACCGATCCCCTGACCGGCCTGCTCGACCGCCGCGCCCTGCACCACGACCTGCGCACCGAGACCCCCGGCAGCGTCGTGCTGCTGGACATCGACGACTTCAAGGTCGTGAACGACACCCTGGGCCACGCCGCCGGGGACGATGTCCTGCGTGCCCTGGGCACCCTGCTGTGTGCCACGGCCCGTCAGGCCGGTGGCCGGGCGTACCGGCTGGGCGGCGACGAATTCCTGATCCACACCCCACGGCTCGTTGCTGTCGCCCCGCTGGAGCACATGCAGCAGCAGTTCCGGCAGGCGGCGCGGCGGCTGGGGATGGACGGCGTGGGCGTCAGCATCGGGCGGGCCGAGGCCCCGCAGCACGGCAACACCATCGAGCACCTGATCCTGCACGCCGATGTCATGCTGGGCGAACGCAAGCGCGACCGGCCGCCCCGAACCGCCCGGCCCCGCACGACCGAGCGCGACGCCAGCACGCCGGACTCCGGCCGCCCCCCCCGCCACTGGCTGGGCCTGTGACCCACCCCCCGCC
NZ_CP140098.1_gap39	1484658	1487566	2908	TTGATTCATTTTGATATAACTTTCATAAGTAAGGCAGATAAGAAAATTATTTAGGTCGCCTGTACCTTCAAATTTCTTTAGAATTCTTGAAACTTCGGATGACAGGACGTCAAGGTCGGCGTCTGGCAAGTGCATGGCTGTTTGGATAAGCAATCGCCGGACTGATGTGCTGAACACATCCGAAAATTCGGAGAGCTGCGATTCAATGGCAGCCATTTCTTGACGGACTCGCTCTATATCATCACCAAACCCGAGGTGGGAAAGTATATTCGTCCGGTACATTATCACTCTGACTCGGTCGCCTAAGTGCTCTGCTATTGTGAGGGCCTGCTGGAGTAGCTCAACAGCGGCTTTATATTGCCCCTGCTGCCCACGGACACTTCCCAGCGTATTCAGCGCCTTCATGCGGCTGGCCGGATCGTTCGCGAGTGGCCCCTGGAGAAAGCGGGCGGCCAGGGTCTGTGCATCCAGCAGCCGCCCGGAGCGGTAGGCCAGCCACATGCACGCGATCTGCGTGGCGGCCTGGATATCGTCAGGTGCCCCGGCGTCCTCGGCCTCATCGGCCAGGACGGCAAACACGTCGGTGCCGCTGCCCAGCAGGCCGCGCCGGTCGTAGTGGGCCAGCAGATGATCGACGGTGCTGGCCTTCAGCGTGCCGTCCCGGATGGCGCTGGAGACGGCCAGCCGCAGGTTGCCGCGTTCGGCATCGACCGGGGGACTCTCGGGGGCCTGGGCGGTGAACCATGTCAGGTAGTGCCGGGCGTGGGCGGTGCGGGCAGCGTGGGCGAGTTCCGGGTGGGCCTGTGCCTGGGCAGTCAGCACGCCGGTCAGGGCCGGGTACACGCGCAACCGCTCGCTGCCCGGCTGGTAGGTCTCCAGAAAGGAGTGGGCCAGCAGGCCGTCCAGATCGGTGTCGGTCACGCCCAGGGCGGGGGCGTCGGCGGGGTCGAAGTCGGCGCACACGCCCAGGCGCAGGGCGGCGTCCTGCTCGCCGGGGCTCAGCAGCTCCCACGAGCGCTGCGCGACGAGCATCAGGCCGCGGCGGCCGTCGTGGTCGCCGCCGGGACTGCTCAGGGTGGCGGCCTCTGTGAGCACGCGGGCGTACACATCGTCCAGGCTTTCCACGCGCAGCCACGACGCGGCCAGGGCCAGGGCCAGCGGGTGGCCCAGCAGGCGGCGGGTCAGGCCGCCGATCACGCCGGCATTGCCGGGGGTCAGGGTGAACTCCCGGCGCACGCGGGCGGCCTCGCGCAGGAACAGGGCCACGGCGCTGCTGGCGGCGATCTCGGGCAGGTCGGCGTCGGGTGGGGGCACGTCCAGGCCGCTCAGGGTCAGGGTCAGCAGGTCGCCCAGGTCGGGCTGGCCGGGGCGGGCCAGCTGGCCCAGGCGGCGGCGGCGGCCCGTGAGCACCCAGCGCACGCCCGGCAGCTCGCGGCGCAGGGTGCCCAGCAGCAGGGTCAGGTCGTCGAGGTCGTCCAGACCGTCCAGCAGGATGACCGGGGCGTCGCCCAGCAGCGGGGCCAGCCCCGCCCAGGTGCCCTGCACGGCCTGACCGGGGGCGCGGGCAGCGGCCAGCCGGGGCAGCAGGTCGGCGCTGCTGCGGGCACCCTCGGCATCGACCAGTACGGCGTTGCGGCCGGTGCGGGTCAGTTCGCGCAGCAGTTCGCGGCTCAGGGTGCTCTTGCCAATACCGCCGGGGCCACTGACCGCCGCGACCACGCCGCCGGGCCGGGCGGCCCACGCCAGCAGCGCGTCCAGCGGCTCGGAGCGGCCCAGCATGCGTCCGCTGCGGGTGGCCGCCCTGACGGGGGCGGGCGCCGGTTCATCGTCCGGGCCGGTCAGGGCGTGCAGTTCGGCCCGCAGTTCGGCTTCCAGGGCGCTGCCGGGCAGGGTCACGGCCAGCAGGCGGCGCAGCAGTTCCGGTTCGGCAGGCGGCGCTCCGGGCATGCGGTACGCCCGCTCGGCCAGGGCGGCGGCGTGGGCGGGGTCGCTCGCCTCGGCCAGCGTGGCGGCCTCGGACTGCACGTGTCGGGCCAGCCGGGTACGCCAGTCCTCGGCCCAGTCCTCGAAATCCGGCGAGACATCGCCCACCTTCACGCCCGCCAGGAACGCGCCTGGATAGGCGTCCAGCGCCTCCTGCCCGCGCAGGGTCAGCAGGCGCGTGGCGTCGCAGGACACCGCCGTCTCCAGGCGATCCTCGCCTTCCAGGGCACCGGGCGCAGCCTCACGCATCACGTACAGCGCGACGCGCAGGCTGGATTCGGGCTGCCGCGCACGTGGCCACAGCAGCGTGCGCATGTCCCGGCGCGGCGTGGGGCCTTCCAGCGCCACGTAGGCCAGCATGAGCAGGCTCTTCACCTTACGGAATGCGCCCAGGTGCAGGTCGCCCAGGGTCCGCAACTCTGTGGGAGGAGTGCTGGCGGTCATTGGATGGCCCGAGTGTAGCGCTGCGGCCCCGGACGAAACCGGTCGGTGGGGGTGACCGGCAGGTCATGACGGTTGTATGAAGATCTGGTGCAGACCACCGTGCGGGGCAGGCCCCAGCTGTTCAGGACAGCGAGGTCACGGCCGCGCCGCGTGTGGCGTCCCGCAGGGTGGCCGTGAAGGTGTCCACATCGTCCGGGTACAGCTGCACGGTCATGCTCAGGCCGTCTGCGCCGTAGTCCTCTGCGCCGCGCACCGTGTCGAAGGTGTCGAGTGCGTGGTACACGGCTCCCACGTGCTCGAAGGGCACGTGAACCGTCACGGCCTGCCGGGGGCGGATCTCCAGTCTCGGGGCCGTCCGCAGGCATTCGGCCGCCGTCCCGCCGTAGGCCCGCACCAGGCCGCCGGTGCCCAGGTTCACGCCGCCGTAGTACCGCACGACCACGACCATCACGTGATCCACGCCCTGCCCCTGGATGGCCCG
NZ_CP140098.1_gap40	1560168	1564760	4592	ACGGTTGCCGATCTGGTCGTGGTTCTGGATGCAGTAGACGAAACTGGGGGCCTCCAGGGCGTCGGCGGGCTTGCCGCGCTGGTGCTCCTCGCCCTCCACGTTCCAGAACTGGCCCTCGTACTTCCAGCCCCGGGTGATGACCTGCGCGAGTTCCGGGGCGCTGCCGGAAAAGCCGCGGTAGTAGCCCTCGTGCTCGTCGGTCAGGGTCACGCGCACCTCGTGGTGGAAGTCGTCCACCCAGATGCCGTCCAGGCCGTAGTCCGTGACCAGCATGGGCTCGTTGCGGTGATCCTCCGCCAGCAGCAGGTGTGTGCCGCCCAGGTGGTGCACCTCCTGCGCGAGTTCTTTGAGGATGTGGACGTCGCTGTCGTCCTGCATGGTGGCCGTGGCGTCCAGCCGCAGACCGTCGAAGCCGTAGTCACTCAGCCACATGCGGGCGTTGCCGGTGATCAGCCGGCGCATGTGGGGCTCGGCGTAGTCCAGCCCCTCGCCCCACGCGGACTGGAAGCGGTCGGTGAAATACGTGGGCGAGTACGCCTTCAGGTAGTTGCCGTCCGGCCCGAAGTGGTTGTACACCACGTCCAGCAGCACGCCCAGTCCCAGACCGTGCGCGGCGTCCACGAAGGCCATCAGGTCTTCGGGACGGCCATACGGCGCGAAGGGGGCATACAGGGCCGCGCCGTCATAGCCCCAGCCGCGCTGGCCGGGAAAGGCCGCGACCGGCATGAGCTGCACGGCGGTCACACCGAGTTCTTTCAGGTACGGCAGCTGCTCCTGCGCGGCGCGGTACGTGCCCTGTGGCGTGAACGTGCCCACGTGCAGCTCGTAGAACACGCAGTCGCGCAGCGCGATGCCACGCCAGTCGGTGTGCTGCCACCCATACGCCCCGAAGTCGATGACCTCGGCCTCGCCATGCACGCCGTCCGGCAGGAAGCGCGCGTAGGGATCGGGCCGGTCGGCACCGTCCAGGACGAACATGTACCGCGCTCCGGCGCCGACCGGCAGGATCACCTCGAAGGCGCCGTGGCCCAGCGCCTCCATGGCGTGAACGGTGCCGTCCACGCGGACGTGTGCCAGGGTGGTCGTGGTCGACCACAGGCGGAACCGCGTGCCGCGCCCGTCCGGCAGGAGCTGGGCGCCCAGGCGTGTCGCGTGGGCGCCGGGCGTGGAGGTCAGATGAGACAGTGGAGTCATGATGGATCCTCTCTTCCGGGGCAGATGGGCAGGGGCGGCCCGTGGTGCGCCGCCCTGACCGGTCTGGCAGGTGCGTGGATCGTCAGCTGCGGCGGCAGCGGTAGAGCTTGACGGAGCGGGCGTGCAGCGTGGTCTCCTCGCCGGCCTGCTCGGAGCCGCCGGCGGCGTCGTCGGTGGTGTCGAGCAGCAGTTCCCACTCGGTGCAGCCGCCCAGACCCGGCAGCACGAAGGGGAGATCGATGTGCGTGGCCGACAGCAGCAGCAGCAGGTGGTCGTCCACCATCGGCTGGCCCTGGGCATCCACGTCGTCCAGCCCGTCGCCGTCGAGGAACAGGCCCATGGACTGGGTCTGCGGGTTGTTCCAGTCCTCGTCGGTCATCTGACCGCCGTCGAAGCGCAGCCACACCAGATCGCGCACGTCCTCGCCCCGGATGGTGCGCCCGCTGAAGAACTTGCGGCGGTGCAGGGCCGGATGCGCCTTACGCAGCGCGATGACCTTTTTGGTGAACGCCAGCAGCCCCTCGTCCAGGTTCGTCCAGTCGTACCAGCTGATCTCGTTGTCCTGACAGTACGCGTTGTTGTTCCCGCCCTGGGTGCGGCCGAACTCGTCGCCCCCCAGCAGCATGGGCGTGCCCTGCCCCAGCAGCAGCGTCGCCAGGAAGTTGCGCATCTGCCGCGCGCGCAGCTCATTGATGGCCGGATCGTCCGTCTCGCCCTCGACGCCGCAGTTCCACGTGATGTTGTGGTTGTGGCCGTCGTTGCCGCCTTCCTGGTTGGCGTCGTTGTGCTTCTGCTCGTAGGTCACCGAGTCGCGCAGCGTGAAGCCGTCGTGGGCAGTCACGAAGTTGATGCTCGCGTACGGCTTGCGGCCGTCGTTCTGGTACAGGTCGCTGGAGCCGGTCAGGCGGTAGCCGATTTCAGAGGCCAGCCCGCCGTCGCCCTTCCAGAACGCCCGCATGTCGTCGCGGTAGATCCCGTTCCACTCGGCCCAGTTCACGGGGAAGTTCCCGACCTGGTAGCCGCCCTCGCCCACGTCCCACGGTTCGGCGATGAGCTTGACCTGCGAGATGACCGGATCCTGGTGGATGATCGTGAAGAAGCCCGACAGCTGATCGACCTCGTGCAGGCCGCGGGCCAGCGTGCTTGCCAGATCGAAGCGGAAGCCGTCCACGTGCATCTCGGTGACCCAGTAGCGCAGCGAGTCCATGATCAGCTGCAGCGTCTGGGGGTGGCGCACGTTCAGGCTGTTGCCGGTGCCGGTGTAGTCGAAATAGAAGCGCGGGTCATCCTGCACCAGCCGGTAGTACGTGGGGTTGTCGATGCCCTTGAAGGACATGGTCGGCCCCATGTTGTTTCCCTCGGCGGTGTGGTTGTACACCACGTCCAGGATCACCTCGATCCCCGAGTTGTGCAGGGCCCGCACCATCTCCTTGAACTCGGTCACGGCCCCGGCCGGGTTGCCGCGCCGCGCCTCGGCCGAGTAGCGCACGTCCGGCGCGAAGAAGGACAGCGTGGAGTAGCCCCAGTAGTTGGTCAGGCCCTTGTCCATCAGGAAGGGGTCGTCAACATGCTGGTGCACCGGCATCAGCTCGATGCTGGTGATCCCCAGTTCGCGCAGATAGAACAGGATCGGCTCGCACGCGATCCCGGCGTAGGTGCCGCGCAGTTCCTCGGGCACCAGCGGGTGCGTCATGGTCAGGCCCTTGACGTGGGTCTCGTAGATCACCGCCTGGTGGAAGGGGATCTTCGGGCGGCGGTCGCCCTGCCAGTCGAAGTCGGGGGCCGTCACGATCCCCAGCGGCGTGCCGCGCTGCTCCTCCTCCTGCATGACCAGATCGTCCTCGCCGGTCACGTAGGCGAAGACCCCCCGGTCGAACTCCTCGGTGCCGGCCAGCGCCCTGGCATAGGGATCGAGCAGAACCACGTTCGGGTTGAAGCGCAGGCCCTTCTCTGGCGCGTACTCGCCGTGCACCCGGTAGCCGTAGCGCTGGCCGGGCGCGATCTCGGGCAGGTAGCCGTGCCACACGAAAGCCGTCTGTTCGGTCAGCGGGTAGCGCGTCTCCTGATCATCGGCATCGAACAGGCACAGCTCGACGCCCGAGGCGTTCTCGGAGTACAGCGCGAAGTTCGTGCCCTGGCCGTCCCAGGTCGCTCCCAGCGGATACGGCGAGCCGGGGCGCAGGCGCAGGTGTTCAGACGTGGGCGGGGTCGATGGTCGGTCTTGGATGGTCATGACAGCTCCTGGCGGTGCGTGTCCACAGGACAGAGTGGAGGTGGTGGCAAGTCGAGACGGATCAGACGATTCCTGATCCGCCGCTCATGCCGGAAACGCTACCAGACTGCTTTCAGGGCAAGCGTAAAACCGGCTATAGAATTGCCCTATCCATGAACGTGCTCTTAGGGTTCTCATGGGCGGCAACGCCCTGCACTGCGCTGGGCTCCGTCGTCCGTCTGCCGGCCACGTGCCGGAATCCTGCGCCTGCATGAAGGCGGAACCCGCCACGCGGCGGGCCATCGCGGTGGATGGGCCGGACGTCGCCGCCGGCGACCGCAGCTGGTGCCACGGCCCGCCGTGGGCCATCACCGATGCGGGCTCCACCGGCCGGAGCGGTGGAGCCCACGGCCCGGCGCCCCGGTGCGTAGGGTCAGCCGGGCCGACTGCGGACGTGCTTCCCGGCCTCAGAACTCCAGACGACCGCGCGGGCCGTCCAGGAAGGCCAGTTTCTCCGGCGTCCACAGTTCGTAGGCGTACATGGGGTACTGGCGCTTGAACCGGCCGACCCGATCCCACACCTCACGCGACTCGAAGGGAATCACCAGGATCAGGCGGATCACGCTGTCCTCGTAGTCGTAGACATAGAAGTCGAAGTGGAAGGTCTGCTCGTGGCCCCGGTCGGTGAACAGCGGGAAGGCGAAGGGCCGGTAGCGCCACGCCTTGCGTTTCTCGGTCAGCACCCGCGCCGCCACACGCTTGAGGTTGCTGTCGGGGAAGGTCAACCGCTCGCCGTCGCGGTCGACGAACACCGTGTCGGGCGCGGGGGCGTCGAGCTGAACGCGTTTGAGTTCCGGCAGGGCCTTGCGTACCTTCGGCGGGGGCCGGCGGTCGCCGGCCCTGGCCGCACCTCCCGCACTCCCGCCGCCCCGCGCCTGACCCTCGCTGCGGCCGCGCCCGGCCCGGCTGGTGCCCGCGCTGCCGGTACCTGCGCTGCCCGCTCTTGACCCTCTGGCAGCTCCGGTGCTGTCGTCGCCGCGTGCCCCGCCGGGGGTGGCAGCGCGGCGCACGCCGCCCGCACGGGTGCCGCCCGCCGCGCCGCTGCCGCGGCCCCCCGGCCCCGTGGCCCGGCTGCTGTCCGCCGCGCGTCCGCGTCCCGTGCCCCCGGTGCCCTGGGCCGCCTTCC
NZ_CP140098.1_gap41	1566657	1571246	4589	CGAATCAGGGCGGGGGAGAGGGCCACGAAGTCGCGGGGAAACTCCGTCCAGTGGTCGGGCTCGCCGGTATGCAGCAGAACGCGGGGCGGCGGGGCGTCAGGCAGGGCGTCCAGCACGGCGGCCGCAAGCAGACCATCCATGGCACGTCCACGCACGTCCAGTACCACACACGGGCCCACCCACACGTCCAGCGGTATCTCGTGCAGGCGCAGGCCGGCGTCGTCGTAGTGCCACGGGGCGTCCACGTGGGTACCGGTGTGGGTGCTGGTGCTCAGGATGCCGGTGTTCACAGTCTCGCCCTGTGCGATCCGCAGGCCGGGCGCCACGGTAAAGGCCGCGTCGCCCGGCCAGTTCGGATGGTCGGGCGTCAGGGAACGGGAGATATCGATGACGTGCAGGTCGGACATGGCCCCATCATCGCGCGGGCAGAGCCAGGGCGGGGGACAGCGGCCCGGCCCGTTGTACCCGGCACATACGTGATGACGCATATTGCGCCGCTCCGTGGTGTCACCCACAATACGTTCATGAGACTGCGGACGCTGGGTCAGCTGTCTGTGGAGGGCATGACCTTCCGGCGCGAGAAGGTGCTGCTTCTGCTGGCGTACCTGTGCATTGAGGGGCCACAGGCCCGGCGGCGGCTCGCGGAACTGTTCTGGCCCGACGCCGCGAATCCCATGAACTCGCTGGCGCAGCACCTCGTGCATCTGCGCAGCCTGCCGGGTGCCCTGATCGAGGACGGCACCCGCGTCGCCTCGGGAATGGTGTGCGACGCCTGCACCCTGCGCGCGGCCATCCGCGAGGGCCGGCACGCCGACGCCGTGGCCGAGTACGACGGCGCGTACCTGGACGGCCTGACCGTGCCCCTCGGCCCGGATCTGGAGGAGTGGCTGTACGAGACCCGCGAGGCGCTGGCCCGCGAGACGCGGGGGGCCCTGATCGTGCTGGCGACCCAGGCGGCGGCGCACGGCCACGCCACCCAGGCCGCCGATCTCGCGGCCCGCGCCCTGACTGTGGGCGGCGCGCCGCCCGCCGACGAACTGGAACTCCCGAAGCTGTGGCACCTGCTGTCACTGACCGGCCACCCGCTGGCGGCCCAGGTGGAGCGTGAGGCCCGTGACCTGGGCCTGACCCTGCATGCCGCGCCGGTGCCGCCGGCCACGCCCTTCGTGGGTCGCGAGGCACCGCTGCGGATCCTGACGCATCTGGCCCCTGGGCACGTCGCGTGGATCACCGGGCACGCCGGGATGGGCAAGACCGCCCTGATCGAGGCGCTGGCCCGCAGCGGCGGGTGGAGCGTCCTGCACGGCCAGGACAGTGCGCCCTTCGCCACCCTGGATCCCCTGACCCGTCAGCGGCCGTCGGCGGCCGGCGCGGTGTCCAGTGTCCTGCGCGATCCCCGCCTGCGCGTCGCCCTGGATGTCTGGGAGGCCACGGACGGTGCGTCCCGGCAGCTCATCGAGGACACGGCCCGTGAGCGGCGCGGCGCGGCCCTCGTGATCACCTCCCGGCTGCACCCGGCCTTCGACGTGGATGTGCACCTCCAGCTGGACGTGCTCACCCCGGACGATCTGCGCGATCACCCCGGCCTGTACGAGCGCACCGAGGGCCACCCGACGCTGGTGGCTGCCGCCCTGCGCGGGCAGCCGCTCGACGTGCGCCAGGGAGCGCGCGTGCGGGCCCTGCCCGCCCCGGTGCGCGACACCTACCTGATGCTGGCACTCCAGGATGCCCCGGATCTGCGGGCGACCCGGCGGGCGACCGGCATGGGTGCCGACGCCTTCGCGCTGACCCTGTCGCACCTCACGCAGGAGGGACTGACCGCAGAGGGCGGGCACGTGTATGCCGCCGCCGCCGCCCGCGACCTGCTGGAGCAGGTGCCGGTCCACGCCAAGCTGCTGCACCTGAAACTCGCCCGCGCCCTGAGCGGCCCGGCCGCGTGGCCCCACTACGAGGCCGCCCGCGACCTGTGGGAGGACAGCGACGAGGATGGCGCGGCGGTGGCCGCCGGCCTGCGCGCCGCCGACCTCCTGAAGCGCGGTTACCCGGGACGCGCGGCCGAGCTGCTGGACGCCTTCGCCGACCGTACTGATCTGGCGGTGCAGCACGCCTGGGCGTTGCTGGGCGTGGGCCGCTACGCCGAGGCCCTCGCCCGGCTGGAGGGGCTGGGCAGTCAGGAGCAGCAGACGGTCGGAGCCGCGGTGGCACGCGCGACGGCACTCGTGCGGCTGGGCCGGGCCGACGAGGCCGTGCAGCTCGCCAGCCGGGTCTCGGGAAGTGGCCCCGAGGCCGCCAGGGCGGCGAGTGTGCTGGCGGGAGCCGCGTTTCTGAGGGGCGAGTGGGAGGACGCGCGCAGGCACAGCCAGGTTGCGGCGGATGTCTGGCAGGTGCACGGAAACCGGGAAGCGCGGCTGACCGAGCTGGCCTTTGTGGCCAAGGCGAAGGTTCGCCTGGGCGGCGCGCCCGCAGAGACGTTCCGGGACGTGCTGGAGGAGAGCCGGGGCGTCCCGAGCGTGCGGGGCACCGCGCTCGTGAACTACGCCCAGGTGCTCATCGATATCGGTCAGGCGGATCTGGCGGATCCGGTGATGGTCGAAGCCCTGACAGAACTCGATCGTGCCGGCGATCAACTCGGCCTGGCGGCGACCCAGATCAACCTGGGTGTCCGGCGGCACCTGCAGGGGCGGCTCGGTGAGGCGGCGCAGCATTACCGTCTGGCCGTGGTGACCCTGCAGGGCACGGGGAATATCCGTCACCTGGGGCTGGCGCTCAGCAACCTCAGCGAGATCGACGGTGATCTCAGCGCCTTCGAGGACTCGCTCAGTCTGCTGGTCGGGGCCGGTCAGCACGACCTGGTGGCCCTGATCCGCCGCAACACCACCCTGGGTGACGGCGATCCGCTCCGGGCGCTGCCGTCCTGAGCGCCGTGCGTGATCATGGCGTGATCACACGTCGTCCAGCACAGTACGGTTCAGGAGGACACCATGTACCCGATCATCGACTTCCGTCCGGGCGTGTGGCGCGGTGTGCGGGCCCTCGTGCTGGGGCTGCTCGTCTGCGTGGCATGCGCGGCACTCACGGCAGCGCGGGCTCAGCCTGCACCGGCCGCCGCCCCGGCTCCGTTCGGTCTGTTTCCGTCGGTGGCCGCGCCCGGAGACCCGGTCTGGCTGACCGGGTCGAGTGGGCGTGCCGAGACTGGAACCATCTGGGTGGGCGGCCACCCGGCGCGACTGAGCCGGGATCCGACGTCGGGGTGGTTGACCTTCACCGTCCCGAAGACGGCGGCCCCAGGACCGCAGCCGGTCGGTGGTCAGGCCCCACCGGCGAGGGGAGCGGCCGTCCTCACCGTGCTCCCACCCGGCATGGCTGTGGAGGATGTCGTCCTGTACGTCAATCCGGGCGCTGCCGATGACATCCGGCAGCAGTATGTCGGACGGCTGAAGCGGCTGCTGGACGGATGTCAGCGACGCTGTCCTCAGCAACTCACCGCAGCCATCGAGCGCCTGACGTCGCAGGTTCCGTTTCCAGAGCTCCAGCCGCTGGGGACGGCCGTACCGGAACCGGTCACGGGCCGGCCTGGAGTCCGTCGGCTGCCTGCGTTCCGGTCGCCGGGCCCAGCGACGCCGCTGCTGACCATGCCCGGCGGGAACGCTGCGTTCCGGCTCGAACCCCTCCGCTCGCCTGCCGTGGTCGCTGGTCGCAGCGCAGGGTTCTGCACTCAGATGGCGGGACTGCTGAGATCTGCGTCCCAGGGGGTGCCCACAGGTCAGGTCATCTCGCTGCTGACACTGCTGTTCGCTGGCGACCTGTCGGTGGATCCCACCACCGCCGGACATCCCTACCAAACGGCCATCCCGTACCACAACGAACAGCCCCGCACCGTGGTCGAGACGGTGCTGGGAATCCGACAGGGCTCCGGCGCCGGCGTGACCATTCATGTCCTCGACACGGCCAGTCCCACCGCAGACGACTTCACGATGGACACGCCCGTCCTGTACTACGACCTGCCGCCCGTGGCGAACCGGCCCTACCACGGCCGCGTGGTGGGCGAGATCGCGCAGGCGGTCGCCCCGGACGCGACGGTCACCCTCCGGCAGGTCTGCACGCTGCCGGGCCGCGCGCCGGGCGACTGCTCGACCCTGGAGACCGTGAACGCCCTGTGTGCCGTGGCTCAGGAGGCCCGGCAGGGTGGACGCCATGTCGTCAATCTCAGTCTGGGGGGGGCGTATCCCACGCTGGGGCTCAAGCTGGCCCTGCGTGAGGTGGCGGCGGTGGGGGTGCCGACGGTCGCGTCATACGGGAACCGGGACGACTGCGTGGGCCACGCGCCGGGCGACCAGTGCCACCACTACCCGGCCGACTGGTCTGACGAGTTCGTCACGGGCATGGTGCCGGGATCGCCCACCATGCTCCTCAGTGTGGCGGGGTGGGATATCCGCGACGAGCTCCAGGAGTTCGCCACGTACAACCGCGCCGTCGTGATCCCGTGGGCACAGACGCCGCTGCCCAGCGTGCAGGCGCCCGGCGAGTTCTGGTCCGGTGGCCTGCCCTACTTCGGCACCTCGTTTGCGGCCCCGGTCGTCTCGGGCGTC
NZ_CP140098.1_gap42	1573858	1577740	3882	TATTCGGTGCGATTGCATGTAATCTTAGTGAATTAGATATGTCAGAAGGGGAATTCCGATCTGCAATAGCAATACTTGGCGATTCGGGCCATGAAGATCTCATCCGCACGATTAAACTTAATTTGGGTGAAAGGTGGCAGTCGCAGATCGATCATTCAACACTCTTAGCCTGAGTTTTGGAGGTCATTATGGTGCGATTAAAACGGTTGTGGCCCATCCTCTTTGTTATGCTATCTGGTATCGGCATGGCTCAGCAAATTGTTCAATCTGCTTTCCGGACTGTGCAGGTAGGTCAGCTTGGGTTTGTCCAGTTGCGATCCAGTTCTGGAGAAGTTGCGCTCAATTTGGGGGTGCAGTCGGTCGTTGCAAGGCGAATTCCCTCTCAGCAGAATTGGTACTCGTTTGCTGTCCCTAAGACCACTCCTCTGGGTTATCAACTGCTACGGCCGGCTTCGAATGGAGCTTTTGGTGGAGTCATTATTGATGTTCAGCCTGCTGATCCAGTTGCTCTTGGAGGCTTCAATCCAGTAGCGAAAGGTAGATTCTTGTTACTTTTTAGCAGTTCTGCTCCATCAAGAATTGCCGATTTGTTATCTCCAGAAGTTGTCAAAAAACATCGCGAACTAGCTAGGTTTGACACATCTAGAGTAATAATACAGAACAGCCCGATTAGCAAGATCATGTCACTGCCTGGCCGTGGTCAAGTATGTGGCAAAAATTTGTATATAACCGGCGATATACTTTCAAGTCAGCAGAGCCCTACTTTGGATGCATTGCGTCAGGCGGCAACAGAAGGCCAGGGCCAGCATGAAGACTTACTTTTGGTTGATCCGACCACCATGCCATACCCGTCAGATTCAAGCGTACCTACGGATCATGTTGTTCCTACCACTACGGAAGAGCGCATCAAGCACAATTTGTATATGTGGGAAATAATCAAAAAACCATCTAGTATAAAAAGTAGCGAGCCGCCTTATGGACATGCACCGCTCATTTTAGTTTTAGATACTGCATATAAATACGAATCTCTTATCTATGATGAGCATTCAACACGTAGGGAGGTCAGTATTAGAGGAGAAGGCAATCAAATTATAAAAAAATTAGAGAGCTCTCCATTTCATGGGCTTCAGGTGGGGCGTTTAATTAACTCGGAACCTTTTGGTCTCGCTCCAGGTCGTGACGTACGCTACTATGGAGTATGTGCAAAGGGTAGATGTCAATTAGAGAAGATAATAGAGGCGATTTGCGTGGGCGTGGCTGAGGCTGTAAGCGGGCGCAAAGTTATCATCAATATGAGTTTCGGTAGCCAAAATGGAAAGGAGATCTTGTTGGGCGCCCTGAAAGATGCCCGAGATGCCGGCGTAGCTCTGGTGGCTTCTGCAGGCAATGATGACCGCTGTGGCTCATCAGGCACCGCGTGTAATCAGTTCCCAGCGCAATGGTTTGGTGATCCAAACGCTGCCGAACCTTGGAAGGGTGGATACAGTGTTGGCTCTATGGGACTCACGTCGAGCATAGGAGCTTCATCCAACACGCTTGTCTCGCGCCCCTCCGTCTTCGCGCCTGGTGTCTTTTATTTGCCTGCGAAAGAGGCGGGCAGGGCAGCGGATCTCCGGCTCTATGTGGGCAGTTCCTTCGCCACGCCTATTCTAAGCGCTGCTCTAGCGTTGTGGAGTGAGTGCCAGCCCCCAGGTACTCCCTGGCCAATGGCTAAGAATATAGCCGATTGGAAACAAGGTGGGGATGGCGTTCTGAACCTTGATACAATGTTGTCTGCTTGCAAATAATGTGAAGATTAAGTGCATACGATGTGTCTTCATATCTTGCGTGTTCGGAAGATAATCATTTATCATCTCTAGTAAGATAGAGCGTAGTATTGGCATACTAGACCTGGAAACTAGATGTTGTCTAAGTGATAGTAAAATTATAGAGGGGGAAGCTTGGAAATGAGCGTCCCCCTCTGGCCAGAATAAAATCTTCTACATTTATACGCTAATTTCTGCGAACCTCGCGTTTTCCTGAATGAACGTCTTGCGCGGCCCCACTTCTATGCCCATCAGGTTCTCGAAGACTTCGTTGGCGACAATGAGGTCTTCGATGCCCACGCGCTTCAGCGCTCGCGTCTCAGGGTTCATGGTGGTGTCCCACAGCTGGTCGGCATTCATCTCGCCCAGTCCCTTGAAGCGCTGGATCTCGTACTTCTTGCCTTCCTTGTTGGCACGGGCCACGTGCTCTTTTAGGGCGTCGTTGTCGTACAGGTACGTGCCCTTCTTCTCGCGGCCGACCATGATGCGGTACAGCGGCGGCTGGGCGATGTACAGGTAGCCCGCCTCGACAACCGGGCGCATGTAGCGGTAGAAGAAGGTCAGGAGCAGTGTGGCGATGTGCCCGCCGTCCATGTCGGCGTCGGTCATGATGATGATCTTGTGGTAGCGCAGGTTGCTCAGGTCGAAGTGCATGCGGTCGCCCGTGCCTTCCACGCCAGCGCCGATGGCCGCGATCAGGGCGCGGATCTCGGCGTTCTTCAGGATCTTGTTCAGCTCGGCCTTCTCGACGTTCAGGATCTTGCCGCGCAGGGGAAGGATCGCCTGGAAGCGGCGTTCGCGGCCACCCTTGGCGCTGCCACCGGCGGAAATCCCTTCCACGATGAACATCTCGGACTCGGCGGGATCCTGGCTGGAGCAGTCGGCCAGCTTGCCCGGCAGATCGTCGTTTTCCAGCGGGTTGCTGCGGCGCACGATGTCGCGGGCCTTGCGGGCGGCCTCGCGGGCACGGGCGGCCTCGGCGGCCTTCTCCACAATGGTCTTGCCGACCTTGGGGTTCTCTTCCAGGAACTCCGCGAACTTCTCGCCCACGACCGCGTTCACGGCCGTCTGCGCCTCGGAGTTCAGCAGCTTGACCTTGGCCTGCGACTCGAACTGCGGCTCGCCCAGCTTGACCGAGACGACGCAGTAGATGCCTTCCAGCAGGTCGTCGCCGGTAGGCACCGGGTTGCCGGACTTGATCAGGTTCTTGTCGCGGGCGTACTTGTTCAGAATGCGGGTGTACGCCGTCTTGAAGCCGGTCAGCGGCGTGCCGCCGTCGCGGGTGCGGATCATGTTGGCGTAGGTCAGGATGTTGTCGCTGGCATACGTGTTGGCGTGGATGAACGCGACCTCGACCTCCACGTCGCTGTTCTTGCCGCGCATGACGATGGGCTGGTCGTACAGCAGCTTGCTGTCGTCCGTGACCAGGGCACGCGCAAAATTGGCAATGCCGCCCTGCTCGTAGAAGGTCTCTTCCTTGACGGTCCCGGCGTGCAGCTCGGTGCGCTCGTCGCGGATGATGATCTTCATGCCGGTCAGGTACGCCAGCTCGCGCAGGCGATTGCGGATCCGGTCGTAGTTGAACTGGTTCTCGAACTCCTTGAAGATCGTGGGATCCGGGTGGAAGCTCACGCTGGTCGCCCACTTCACGGTGCTGGGCGTGTCGCTGACCACGTGCAGCGGCTCGACCAGAATGCCGCGCTCGAAGCGGATGCGATGCAGCTGGCCGCCCTTGTTGACCGTGACATCCAGGAAGGTGGACAGCGCGTTCACGACCGTGGAGCCCACACCGTGCAGGCCGCCGGAGACCTTGTACGCGCCGCCGCCGAACTTGCCCCCGGCGTGCAGCTCGCTGAAGATGACCTCGATGGCCGGGCGGCCCTTGCTCTTCATGATGTCCACCGGAATGCCGCGCCCGTCGTCGGTGATGGTGGCGCTGCCGTCGGCGTGCAGGATCACGTTCAGCTCGGTGGCGAATCCGGCGAGTTTCTCGTCGATGCCGTTGTCGATGATCTCGGTCAGGAGCTGGTGGTAGCCGTCGATGCCCGTGCCACCCTGCACGTACATGCCGGGGCGC
NZ_CP140098.1_gap43	1739089	1743764	4675	CTCGCCCACCGCCTGACCCTGCGGATCGAGGCCCGGCTCCAGGGGCTGGCCCCCGAGGCCGTCGTGGCCGAGGTGCTGCGCTCCGAGCCGGTGCCCGTGGAGACGGCGTCCGTGGACGACGTGCCCACCACGGCCGTCCACGCCCGCGTGCCTCCGACCCGGTGACCGCCCTGCTGGTCTGGCTGGCGGTGACCGGGATCCTGGTCGGCGTGCTGTGGCTGGCGTACCGCACGCCTCCGGCCATCGCCGTGACCCGTGACGTGCCGGGCCGGGCGTTCCAGGGCAGCCGCGTGCCGCTGGGCGTTCAGGTCACGCTGCGCAGCCGCCTGCCGCTGCGGTTCACGCTGGACGATCCCACGCCACGGGCCGTGGTGCCGGACATGCCCGTCACGCTGGTCGGGGCCGGGATCGGCGAGGTCGCGGTGGAGTTCCAGACCATGCTCGATCTGAACCGGCGCGGCGTCCACGCGTGGCCGGGAGCCACCCTGCGCTGGGCCGATCCGCTGGGCCTGTTCTGGCACGCCGTGGCGGTGCCCGCCCCCCACAGCGTGCTGGTGTATCCGGGCACGCACGGCCTGGTGCTGCCGGAACTGCTGCGCCCCCTGCTCAGCGAGGGCGGCCTGACCCGCCGCCTGGGCCTGGACGATCCCCTGGGCCAGCGTGGCGTGCGCGAGTACGTGCCCGGAGATCCGCCGGGCCGTGTCCACTGGCGGCTCACGGCCCGCACCGGCACCCTGACCGTGCGCGATCCCGAGCGCACGGCCGCGAGTTCCGTGACCGTGTACGTGGACACCGGCAGCGGCACCGACATGTCCCTGGAGAGCGCCGTGCGGCTGGCTGCCAGCATGGTGCAGGAGGCGGTGGCGCTGGAACTGCCGGTCGCGGTGGCGCTGCCCGGCAGCGTGTCTCCGGTGGGCACGGGCGCCGCCGCCGTCCAGGGCGCGCTGTATCTGCTGGCCCGGGCGGCCCTGGTGCCGGGGGAGCCCTCGATCCCTCCCACGCGCGCCGGCGGCAATCTCTTCATCCTGACGGTCCGGCCCAGCGCCGCGCTGATCACACAGGCCATGCGTGCACGGGCACACGCCAGCCGCGTGGTGATCGTGGCGCTGCCCGACGGCTACTACCTGGAACCCGGCGAGTCCCCACGCCGGCAGTGGGCGGGCCTGCCCGACGCCGTGCGCGACCTGGAACGGCAGGCCGGGGCGCTGGCCGGCGCGGGCATTCTGGTGTACATCCTGCGCGGCAACCAGAGCGTGCTCCAGATGGGCACGTAGGCAGCCACGGGCGATGAAGAACCTGCGGATGACACTGGACGACAACGACTCCAATCTATGCCGTGAACAGATCGGCATAGATTTCCATCGTTTCGTCCAGTGTTTTTCTCGTGCTCGCTTCGCTCGGGCTCGTCTACGACTCACCTGAGTGTTATGACATGAAGGAAGCGCTCATGCGGCCCGTCCGGCCCCCCTGCTACCGTGGCGCCATGACCCACGACGACGATCAGCGCCCCGCCGGCACGGCCGAGTCCGAGCACAGCGGTCAGCACACCGGCACCGAACTCAGCAATGTCGATCTGCAGTTCATGGGCCGCACCGACCAGCAGGCCGAGATCGACGCGACCGTCGAGGCCGAGAGCCGCGCGCCCGGGGAGTATCAGGAACGGGGCATGGACAAGCAGGATGTCGCCGTGGCGCAGACCATGGACGCCAGCGATCCCCCCAGCACGAACATGGGCGACGACCAGCAGTAGATCGGCTTCGCCGACTGGCCGCCACGCTGCCCCGGATCGGGGGTTCCGCCGTGGCGGCCGTATGTGTGTCAGGGGTATCGTGACGTATGGCCGACGTGTTCTCGACATCTGACAGTCCAGTTCCTGGCCGCGGCGCCCCGGAGGGTGGGTCGGCGCAGCAGCACCGTGACGCCGCTCCCCGCGCCGCCCGCGTGGCCGTGGTGACGGTGAGCGACACGCGCACCACCGAGACGGACACCAGTGGCCAGTATCTGATGGCTGAACTCCGGGCGGCCGGACACGACGTGGTCGCGTACCGCATCGTCAAGGACGACGCCGTCGAGATCCGCTCGGCGCTCGTGCAGTTCTCGCGTGAGGCGCAGATCGTGCTGTCGTCGGGCGGCACCGGCATCACGGGCCGGGACGTGACGGTGCCCGTGGTCGAGTCGCTGCTGACCAAGCCCATTCCCGGCTTCGGGGAACTGTTCCGCATGCTCAGCTACCAGCAGGTGGGCGGCGCCGCCATGCTGTCGCGGGCCGTGGGAGGACTGTGCCGGGGCGCGGTCATCTTCGCCATGCCCGGCAGCCTGAATGCCGTCAAGACCGCGTGGGAGGGTATCCTGCGCGATGAGCTGCCGCACCTGATCTTCGAGCTGGAGCGCCACGGACAGCCGGGCGTGCCTGTGACCGGGGCCGAGCCCGCGCCGGCCGAACCGGCGCCGTTGGCCCGCGTGACACTGGAGCGCCTGCCCCTGTCGCCCCTGCCCGGCGGGTTCCCGGCGGCCGGTACCGGGGGCGGCGCGGCGGCGGGTCTGGGGCGGCACAAGAAGGGTGACGGCCCGCTGTGAATCCGCTGCTGTTCCCGCTGGAGCCGCTGTATCCGGTCAGCGGTGTCCTGGCGCTGAGCATCGCGCTGATCGCCGCGTACTGGCTGCTGCGGATCGGTCGGGAGGCGCGGCGGCGCTTCGTCCCCACGGTGGCGTGGTGGACCCTGCCGGGACTGGGCATGCTGCTCGCGGCGGCCATCCTGGACATCCCGGCGCTGTTCGGGGTGGGTGCGGCCGTGCTGCTGCTCGCGGAATTCTGGCCCGGTGCCTACCGCCGCACTGCCGATCGCCCGCCCTTCGCGTGGCCGGCGGTGGGCGTGGTCATCGGTGGAGCGCTGCTCCTGAGCGTGCTCCGGGCGGAGCCGCAGCCGCTGCCGCTGGTGCTCGCACTGCTGCTGGTGCTGGCGGGGGGGGCGGGCCTGCTGGCCTCGGCGCTGTACCCCCGACCCGTCCCGGCCGCGCCGGGGTTCCTGGCGCGCTGGAACACGCCGGTGGTGCCGGAGTGGCCGGAGCTGAATGTCACGCTGTCCGAACGCGGCGCCCACCTGAAGAACGTGTCACGTGGCAAGCTGCTGCTCGCCGGGTGGTCGCCCGCCGGGGTGAACGCGTGGTACCGCGTACGCGGTGAGGATGGCCAGGTGGTGTCCGAACTGCGGGCCGGGCAGGAGGCGCTGCTGCCCGTCTCGGCGTGGGACAGCGGCATCCGCGTGTGGTACGGCGCGGCCGAGGCCCCCCGGGTCTTCCGGGCCGACTGGACACCGGCCGCACGGGCCGCCGAGCGCGTCCTGAACTGACCCGCCGGCGCCGCGCGGCGCCCGTCGGGGGCCCTGGCGTCTCCAGCGGGCGCAGGGCCTCTCACGCCACCCCGCCGGAGTGGCGGTATGGTGGCGGGATCGTGAGTCTGGTGTTCGATTGGTCTGCCCTGTCCCCCCTGACGGCCGGCCCCGGGACGGGTGGGGGACTGCGCCGCGATCCGGAGGATTTCGTGGTGCAGGAGGTGCCCCTGTACCCCCTGGCCGGCGAGGGCGACTACGTCTTCGTGGAGATCCGCAAGACCGGCCACACGACCGCGCATGTCGTCCGGATGCTGGCTGCGCAGCTCGGTCTCCGGGAACAGGAGATCGGCGTGGCGGGCCTGAAAGACCGGCATGCGGTCACGACCCAGTGGCTCAGTCTGCCCGCGAAGGCCGAGAAACGGCTGGGAGCGCTGGCCTTGGACGGGGTCGAGACCGTGCAGGTCACGCGCCACACCAACAAGCTGGCGATGGGCCACCTGCGCGGCAACCGCTTCGTGATCCGCGTGCGCGGGGCCGCCGGACAGGGAAGGCATGCCCGTGAGGTGCTGGCAGTGCTGGAGGCGCAGGGCGTGCCGAACTACTTCGGGCCGCAGCGCTTCGGCCTGGGCGGCGTGAACGCCGAGGAGGGCCTGCGGGTGCTGCGCGGCGAGTCGCGCCTGAAAGACCCGCGGGTGCGGCGCTTCCTGACCTCCAGCGTGCAGAGCATGCTCTTCAACCGGTTCCTGAGCCTGCGTCTGGAACGGGGGCTGTACGCCACGCTCCTGCGCGGAGACATGGCCAAGAAGCACGACACCGGGGGCGTGTTTCAGGTCGAGGACGCGGCGGCCGAGTCGCTGCGGGCCGGGCGCGGTGAGCTGAGTGCCACGGGCACCCTGTTCGGCCGCAAGGTGCGGCCGCTGGCCTTCGACGCGGGTGCGCTGGAGGCCGAGGCCCTGGCGGCCTTCGGCCTGTCTCCACAGGCCTTCGCGTCGCGCCGGGGCGACCGCCGTCTGACCCGCGTGTTTCTGGAGGGCGGCAGCGTGACCGACACCGACGACGGATACAGTGTGGCGTTCACGCTGCCACGCGGCAGTTTTGCCACCAGTGTGCTGCGGGAGCTCATGAAGACCGACGTCGATACGCTGGCGCCGGTGGGCGACGAGGGACTGGCCACGGACTCGCTGGCCGGAGGAGACGAGTGAAGAAACGCGCCATGTTGTGCCTGCTGCCGTGTGTGCTGCCAGGCGTCCACGCCCAGACCACGCAGAGCCTGTCAGCGGCCCTGAACCTCAAGGTGATGCACGGCGGTGCGATCGTGCAGGGCCGCGTCACCGTGCCCAAGT
NZ_CP140098.1_gap44	1744866	1748513	3647	ACTACACCGCGGTCGTGCCGCCCGACGCCTCGCTGGCCGACCTCGACCCGGCCGAGGTGGCCCGGCTGCGGGGTCTGGGCCGCCGCAGCCAGGTGACGAATCTGCCGGATCTGGAATTTCTGCAGGAGCTGGGTCTGCTGGTGCCCAGCGGGGGAGCGCTGCGGCCCACGCTGGCCGCGATCCTGCTGGCTGGAACTCCGGCAGCGCTGCGGGCGCACGTCCCCCAGGCCGAGGTCTGCTACTACCACCACGTGGACGCCGGCGTGGACTTCCATTTCCGTGAAGACCTGCTGCGGCCCATCCCGGCCCTGCTGACCCGGCTGGCCGAGCTGATCCAGGCCAGGAACCGCTTCACGCCCGTTCAGGTCGGCCTGTTCCGGATCGAGGTCTGGGATCAGGACGAGGCCGTGTACCGCGAGGCGCTGCTGAACGCCCTGACGCACCGCGAATACCGGCTGCGGGACGTGGTGCACGTGCACCACCATCCGGATCGGCTGGAGATCCTGAACCCTGGCGGCCTGCCCGGCGGCATCACGCCGGGGAACATCCTGCGCCACCAGCCCAAGCGGCGCAATCCGCTGCTGGCCGAGGTGCTCTCGCGCCTGGGGCTGGTCGAGCGGGCGGGCGTGGGCGTGGACACCATGTACTCGCTGATGCTGCGGCATGGCAAGGAACCGCCGGAGTACACCACCTACCCCGACGCCGTGACCCTGAGTCTGCACTCGCCGGGCTTCGACGCCGAGTTCGTGCGGTTCGTGGCCCGCAAGCAGGAGGAGATGCAGACGCTGTCGCTGGACATGCTGATCGTGCTGGCCCTGCTGGCGCGCGAGGGCGAGGCGACCCGCGAGACCCTGGCCCGGGCCCTGCAACTCCCGGAAGACCGCACCCCCCGCCTGCTGCGCGGCATGGAGGAGCACGGTCTGATCGGCCGCTCCGGCGTGGGGCGCGGGATCGCCTTTACCCTCAGTGCCGAGGTGCGCGAGGCCCTGGGCCGACCCGAGGTGCCCACGCCGCCAGCCCTGCCGAGGCCGCCGGAACGCCCCGTGGCCGCTCCCCGCCCGGTGCGAACCGTGGCACTGGAACCCGCCGGGCCGTCGCGCGCCGAGGTGCGGGCGATCGCGCTGGCCCTGGCCCGCGAGCGTGGCCGCGTCCGCAACGTGGATCTGCGCGAGACCTGCGGCCTGACCACCCAGCAGGCGTGGCGCACCCTGCGCGGGCTGGTGCAAGACGGCCTGCTGCGCAAGCTGGGCACCGGCACCCGGGACGCCGCCTACGAACAGACCTGAACCACCACGGGCCTGCTCCCGGAGCCGCACCGGCCCATCCGCCACGGCCGGTGCATTCCGTCTGACGCGTGTTCCAGCTCCGTGTCCTCCGGGGATCTGCCGCTCCCGACGTGATCGCGGGCGGCTCCGGAGGGGATGAGGACACGCGGCACAGTGGAGTACACCACCCGCGGCTCACCCCGGTGGAGGATGCTCATTGACACCGCCCACGGCGGGGTGTAGCCTTTTTCATACCAAACCCGTTCGATTGTGGAACCGCTTCCGAAGCAGAAGCGGGTCAGGGCTGAGCCTGACACCCACGCAGGAGGATCCATGAAGAAAGCCATCGCGCTCCTCACCCTCACCGCTGCCGTTGCCTCGGGCAGCCACGCCGGTGCTGTCACCCTCACCATCGCCTGCGGTGCGGTCGGCCAGGAACTGGAACTGTGCAAGGCGGGCGCGGCCCGCTGGGCCGCCAAGACCGGGAACACCGTTAAGGTCTTCGAGAGCCCCAACCTCACCAACGACCGCCTGGCGCTGTACCAGCAGCAGCTGGCCGCCAAGAGCAGCGACATTGACGTGTACCAGCTCGACGTCGTGTGGCCCGGTCTGCTCGCCCAGCACTTCGTCGACCTGAAGGGCAAGGTGCCTGCCGCTGAAGTCAACACGCACTTCAAGGGCATCATCGACGCCAACACCGTGGACGGCAAGCTCGTCGCCATGCCGTGGTTCACGGACGCCGGCCTGCTGTACTACCGCACGGACCTGCTGAAGAAGTACGGCTACAGCGCCGCTCCCAAGACCTGGGCCGAGCTGGCGACCATGGCCAAGAAGATCCAGGACGGCGAGCAGAAGGCCAACAAGGCCTTTGCCGGCTACGTGTGGCAGGGCAAGAACTACGAGGGCCTCACCTGCGACGCCATGGAGTGGCTGGTGTCCTTCGGCGGCGGCACCATCGTCGATTCGACCGGCAAGATCACCATCAACAACGCCAAGGCCGCCCAGGCCCTGGACACCGCCGCAAGCTGGGTCAAGACCATCAGCCCCCAGGGCGTGACCACCTACGGTGAGGAAGAGGCTCGCGGCATCTTCCAGTCCGGCAACGCCGCCTTCATGCGCAACTGGCCCTACGCCTGGGCGCTGGGGCAGGGCGCGGATTCCAAGGTCAAGGGCAAGATCGGCGTGGCCCCCCTGCCCTCGGGCGGCGCGCGCAATGCCGCGACCCTGGGTGGGTGGCAGCTGGGCGTGAGCACGTACTCCAAGAACCAGGCGGCGGCCATCGAACTCACGCGCTACCTCGCCGGCCCCGCCGAGCAGAAGATCCGCGCGATCGAGGGTGCGTACAACCCCACCATCCAGAGCCTCTACAAGGACGCCGACGTCCTGAAGGCCAACCCCTTCTTCGGCAGCCTGTACAGCGTGTTCACCTCGGCCGCTGCTCGTCCGTCCGGCCCGACCAAGAGCAAGTACAATCAGGTCTCGCAGGCCTTCAGCAGCGCCGTCAGCGACGTGCTGACCGGCAAGACCAAGGGTCAGGCTGCCGTGTCGCAGCTCGCCACGACGCTCGCCCGCATCAAGGGCAGCGGCTGGTAAACGAGCAGTCCCCTTCGCCGTCCGCGAAGTTCTCGAGGAGGGACGTCCTGATCCGGGCGTCCCTTTCTCGTCTTCAGGGTGACTGAAGGGCAGGTGGCGGCAGGGGTCGCCTGATCGGAGTATCGTTCAGCACATCACATTGCCGCCCGCCCTGCCGCATTCCCGACACGACCGCACAGGAGGCCTCCACCCATGACCACGAACGCCACTCCCCAGCCCCGCACGGTGGTCAAGACGCGGGGCATCGAGGCGTCCCGCGCCCGCACGGCCCTGTGGCTGCTGCTGCCCACATTGATCGCCATCGCCGTCGTCGCGGGGTATCCGCTGTGGCGTACCATCTTCTTTGCCTTCAAGGAGGCGAACCTCACCTCGCCCGAGACCGCTGTGAACGTGGGGCTCCACAACTTCTGGTTCACCACCGAGGACGGCATCGGCATCGGCTTCCTGCAGGATCCCAAGTGGTGGCAGGCGGTGAAGAACACCATGCTGTTCACAGTTGTGTCGGTGTTCCTGGAGACCGTGTTTGGCATGATCATCGCGCTGGTCGTGAACGGGGCCTTCAAGGGCCGCGCCTTCCTGCGCACCGCCATGCTGGTGCCGTGGGCGATCCCTACCGTCGTGTCGGCGCAGATGTGGGCCTACATGTACAACGATTCCTTCGGCCTGATCGGGCGCGGGCTGCTGGGCGGTCAGGCGCTGCTGGCCGAGCCGGACAAGGCCATCTGGGCGATGATCGCCGTGGACGTCTGGAAGACCACGTCGTTCATGGCCCTGCTGATCCTGGCGGGC
NZ_CP140098.1_gap45	1847945	1850009	2064	GTGGGCGTGCAGACGGTCATCGCCAACCTGGAGGCCGAGGGCCGCACCCTGCCCCCGCTGCTCGCCGCCATGAAGGCCAGCGGCCGCGAGTCGTTCTACAGCGGCGACCAGACCGTCACGCCCACCGGCGAACCCACCACGTACCAGGCCCCGTACTTCATCCTCACCGACCTGAAGAAGGACGCCACCAAGGTCGTGAAGAAGCGCGCCGGTGCGAGCGTCGTCGACCTGGGGGACGGGGTGCTGCTCGCCGAGTGGCACGCCAAAATGAACGCCCTGGGCGAGGATCAGCTCCGCAGCGTGCAGGACGCGCACAAGCTCGTGCAGGACATGGGCTACGCGGGCCTCGTCGTGGGCAACCAGGGCGAGAACTTCAGCGCCGGCGCGAACCTCCCCCTAATCCTCTCGCAGGCCCAGGCGGACGAGTGGGACGAACTCGACGACATAATCAAGCAGTTCCAGCAGGTCACCACCAGCCTGCGCTTCAGCCCCCACCCCACCGTCGCCGCGCCCTTCGGCCTGACCCTCGGCGGCGGCGCGGAATTCACGCTGCACGCCGACCACGTGGTCGCCAGTGCGGAACTGTACATGGGCCTCGTGGAGGTCGGCGTGGGACTTATCCCCGGCGGCGGCGGCACCAAGGAGATGCTTCTGCGCTTCACGGACATGCAGCAGCCCGGCCAGCAGCTCGGCGCGACCCTGCTCCCCGCCGTGCAGCGCGCCTTCGAACTCATCGGCACCGCCAAGGTCAGCACCAGCGCCCTGGAGGCCCGCAACCTCGGTTTCCTGCGCGACACCGACACCGTTGCCATGAACAAAAACCACATCCTGCAGGACGCCAAACGGCAGGTGCTCGCCCTCGCGCCCGGCTACGTGCAACCCGTCCCCCGCCACGACATCCCCGTCATGGGCGACGCCGCCATTGCCGCGATCAAGAGCGCCCTGTACGGCATGCACCAGGGCGGGTACATCACCGACTACGACCTCGTCGTGAGCGAACAGCTCGCGCGCGTCCTGTCCGGCGGCACCGGCAACAACCGCACCGCCAAGGTCAGCGAACAGCACCTCCTCGATCTGGAGCGCGAGGCCTTCCTGACCCTGCTGGGCAAGAAGGGCACCCAGCAGCGCATCGACCACATGCTCAAGACCGGCAAGCCGCTGAGGAACTGAGTGTCCTTATTCCTCCCCCCTCGCGGGGGAGGCTGGAAGGGGGGTGACGAAGCGTCCTCCAAGCCGCCCACGAAGGACAGGGCATCTGGATTCCGGTTTCGTCGGTCACACGCCCCCTCACCCCGGCCCTCTCCGCAAGCGGCTCATACAAGTCCAACGGGGGGAGAGGGAGAACGGCCCCGCCCTCTCTCACCGTTTGCAAGGATGACTCCATGACTCCCCTCCTCGACCGCCTCCGTACTGTCCGCAAGCGCCGCGCCGTGGCGTGGGCGGGGGCGGCGTATGCCGTGGCCGTGCTCCTCGGGGCGCTGGTGGGGGCGGAGATCACCCTGCGGAGCAAGACGCGCTGGGTGAAGGGCGTGTTCGTGCCGGTCGGGCGGCGCGGGAACGATCTGTTCCTGCCGGCCAGCGTGGAGACGCTGTCGCGCGGGCCGCTGGGCCTCGTGCCGCTGCGGCCCAACCGCGGGCACGCGGTGCTGGGGCGGCACCAGATGGCCGGAACCGTCGTGAAACGGCCGATCCTGCAACAGCGGGGCACGCTGCCGAACGGGGCGCTCGCGTGGGTGTCCACGTACGTGTACAACGGCACGCCCGCGCAGCTCGGCGTGAAGTACGAGGACACGGTCGTCCGCACGCCCGTTGGAGACATGCCCGCGTGGCACATCCCGCCCCTGAACGGCGAGGGGGACGCCATCGCCATCGTCATCCACGGGCACGGCGGGCAGCGGGCGCAGGCGCTGCGGATGCTCCCGGCCCTGCTGCGCTCCGGCGTGGGCAGCCTGTTCGTCACGTTCCGCAACGCCTTCGGAGCCCCGCAGATCGGCAAGGGCTACCTGACCCTGGGCGACGTGGAGGCCGAGGACGTCCTCGCCGCGCTGCACTGGGCGAAGGACG
NZ_CP140098.1_gap46	2042750	2044340	1590	TGATCAAGCGGGCGCTGCGCACCAAGGACTCGGGCAGCAGCCTGCCGGGGCACGGGGGCTTCCTCGACCGGCTGGACTCGCTGCTCTTCGCGGTGCCCGCCACGTACCTGTTCCTGAACATCAGCGTGTTCTCGCGGTAGGGCACACTCTGCCGGGGCGGCGTGCGGCATGCTGGGAGGCACATGAAGGTCACGGTTCTGGGCAGTACGGGAAGTATCGGCACGCAGGCGCTGGACGTCGTGCGGGAACGCGGCTGGAGCGTGGGCACGCTCGCGGCCGGGCGCAATCTGGAGCTGCTGGCCGCCCAGGTGCGCGAGTTCCGGCCGGAGGTCGTGAGTGTGGATGCCAGCGTGTATGCCGCCGCCCGCGACCGGCTGCCGCACGTGATCGTGACCTCGGACGTGTCCGGGGCCGCCGTCCGGCCTGCCGATGTGGTCGTGAACGCCATGAGCGGCCTGATCGGGCTGGAACCGACGCGCGCCGCGCTGCTGGCCGGACAGGCCGTGGCGCTGGCGACCAAGGAGGCCATGGTCACCGCCGCGCACCTGATGTGGGAGGCGGCCGCGGCGGGCGGGGGCCGCGTCGTGCCGGTCGATTCCGAGCACACCGGCGTGTACCAGTGCCTGACCGGCGAGCACATCGGCGACGTGGCCGAGGTGATCCTGACCGCGTCCGGCGGCCCCTTCCGCGACGGCCCGGCCGACCTGTCGCGCGTCACGCCCGCGCAGGCGCTGAAGCACCCGTCATGGACGATGGGGCCGAAGGTGACCATCGATTCCTCGACCCTGATGAACAAGGGGCTGGAGGTCATGGAGTGCGCCAGCCTGTACGGGCTGCCCATGACGCAGGTGGGCGTGGTGATCCACCCGCAGAGCCTGATGCACGCGGCCGTGCGTTTCCGGGACGGCAGCCTGAAAGCGCAGTTCGGCCCCACCGACATGCGTCTGCCCATCGCCTACGCCATGGACGCCGCCCCGACCGGCATGACCCACCCCGGCGACGTGCGGGGAACGCGGCGTGGGCCAGAGGTCGCCGGGCACGTGGCGTGGCCTCTGCGCGGCGAGTGGCAGTTCCGTGACCCGGATCTGGATCGGTTCCCGTGCCTGGCGCTGGCGTACCGCGCCGGTACCGGGGGTCGCCTGCTGCCGGTGGCCCTGAACGCCGCCGACGAGGTCGCCGTGGACGCCTTCCTGGCCGGGAGAATCGGCTACCTGGACATCCCCCGCGTGATCGGGGGCGTGCTGGACGAGACCCCGGCCGGCGACCTGACGTGGGACACGCTGCACGCCACCGACGCCTGGGCCCGCATCCGTGCGGGTGAACTGTGCGGGGTGAGGGCGTGAGTTTCTTCCAGAGCCTCGCCGCCGTCCTGACGCCCGCCGGGCTGATCTGGACCCTCCTGATCATCGGGATCGCCACCTTCCTGCACGAACTCGCGCACTACGCGCTGGCCCGCTGGCAGGGCGTGGCGGTCAAGTCATTCAGCGTGGGCATGGGGCCGGTCGTTTTCCGGCGCGAGTGGCGCGGCACCGAGTGGCGCCTGAGCCTGCTGCCCATCGGCGGCTACGTCGAGATCGACGGCATGGCCCC
NZ_CP140098.1_gap47	2073830	2077857	4027	CCAGAAGGACGACGGTACACAGCGCGGTGAGGGGCACGTGGCGCATTCGGGGCAGCTCCTTTCCGGAACGGGGGGGCGGTGGGTTGTCGGTCACCCCGAGTGTAAAGGTGCGGGTCAGGGCCGTGCCAGCACCCCCCCATATCATGGCGGGCGTGAGTGTTCCGCCCGCATCCCAGCCGCAGTCCCAGCCCGTGCCCGACACGACCCGCGCCCGGATTCAGCATGAGGCCGCGCGGCTGTTCGTCCAGGGCGGCTACCACGGGGTGAGCATGCGCGAGGTGGCCCAGGCGGTCGGGGTGACCAAACCGGCGCTGTATCACCATTTCGCCGACAAGGAGGCGCTGTTCCTGTCGCTGCTCGACGGCGCGGTGGGGGGGCTGGCACGGTTGGTGGCCGCCGCGTCCGCGCAGCACGACCTGCGCACCCAGCTGCACACCCTGATCGACGGTCTGATCGCCAGCGCCCCCGAGCAGCGTGTGGGCCTGCAACTGGCCGGGGAGCTGCGCCACATCGATGCCGCGCGCCGCGCCGCCTTCGAGGTGGCGTATCGCCGCGTGTGGATGGGTGGCCTGACCGAGCTGTTCGAGTACGCGGCCGCGCGCGGGGAGCTGCGCGTGGATCTGCCGCCCGCCACCCTGACGCGGGCCTTCCTGGCGCTGCTGTATCCACTCGTGACCGGGACGCCGCCGGCCGATCCGCCGGGCACCGCCCGCGCCCTGCTGGCGGTGTATCTGGACGGGGCCACCCCCCACTGACCCCCGTCCATGAAGGGCCTTCATGTGCCTGACATGAACGGTGTAGACTTTCTCCACGAACATGGCTGGCGACGCGCCGCACGGGCGCGGTGACGGGAATTCTCCCTCTTCGGTGTCCTGGACGTGCGTGGCAGCGTCCCCTTCCCCCAACTGTGGAGTTACACAATGGAATCACTGTTCGCCTGGGTGACCCAGCCGGAGGCTTGGCTGGCCTTCGCCACACTGCTGATGCTCGAGATCGTGCTCGGGATCGACAACGTCATCTTCATCTCGATCCTGGCTGGGAAGCTCCCGCCGGAGCAGCAGCAGCGGGCCCGAACCGTCGGTCTGATGGCGGCGCTGCTCATGCGCCTGGGACTGCTGTTCTCGATCACATGGGTCTACAGTCTCAAGACGGATCTGTTCGCCATCGGGGGCATGGGCTTCTCGGGGCGCGACCTGATCCTCATCGGAGGTGGCCTGTTCCTGCTCTACAAAGCCGTGGTCGAGATGCACGAGCAGCTCGAGGGCCACGGCGCGGCGGTCGGTGCGGGCGATGCGAAGGTCACCGGAGCCGTCTCCCGGGGCTTCGCGGCGACGATCGCTCAGATCATGGTGCTGGACATCGTCTTCAGTCTGGACTCGGTGATCACGGCGGTCGGGATGGCCGATGACATCGGGGTGATGGTGGCGGCCGTCGTGGTGACGGTGGCGATCATGCTGTTCGCGGCACGGCCGATCGGCGAGTTCGTGCAGGCCCACCCCACGGTCAAGATGCTGGCCCTCGCCTTCCTGCTCCTGATCGGTGTGAACCTGGTGGCCGACGGGTTCGGGTTCAAGATTCCCAAGGGATACACGTACTTCGCCATGGGGTTCTCGCTGGCGGTCGAGTTCCTGAACCTGCGGGCACGGCGGCTGCGCGCGGCCGCCGCCCCGGATCCGCATCCCGAGCCGGGCGTCCAGTCGTAGGTCACCGCAGGACAGCGGCGCGCCGGGCATGCTCCCGGCGCGCCGCCCTGCCGAACCCGACCGGGCCGCGATCCGCTAGCATGGCCGCGCCATAGAGGAGGCTCCGCTGTGCCCGTCACCCGTCTGGAAATCTGTACCGAACACCTGTCCATTGATGACCGCGAGAACCTGCTGGACGCCGTCTGGAGTGCCCTGCGGATCAGTCCGGGCATGGTGACAGCCGACGGGAACGTCGAACTCACCCTGAGTCAGTGTGGGGCCACGACCGCCCCCGAGGACGCCCCGCTCGTCCGGGTGGACGGCCACGAGTACCGCAATGTCACGCCTGAGCGGCTCGTCACCCTGATGAAGCGCTGGTCGCGCTGAGCAAGGCGCTCACGGTGGTGCCGGACTCAGCGCTGCCGGCGCCCTCAACGCTCCCAGTGCCGCCTCCAGCGTCGTGTCCCGGCCCGTGGTGGTCAGCGCCGCCACGTCCAGCGGAGCGACCACGTCGGGCGTGACCCGTTCCGGAAGGGGCTGGGTCTCGGTGAGAAAGCCGCGCAGCACCGTGACCGTGAGCAGGCCGCCATCGGGCAGGGCCTCGAAGGTCACGCCGCTGTTGCACACCCCGCGCGTCACCTCACCCACCGCCGGCACGCCGGCCTGCTGGGCGTAATACGCGAAGACCTCGGCACACGACGCGGTGTCGGGGCCGACGAGCACGGCGGCCGGGCCTGACCACACCCGCGTGGCGGGCGGGGGCGTGCCCGGCGCAGGGGGGCGGCGGGGCACGCCCCCGTTGAGTCCCAGCATGGTCTGGGCTCCCCAGCGGAACTGCATGCGGTACGTCACCGGCGCGAAGATGCTCGCTGCGGCCACACACTGGTTCAGCCCCCCACCGGAGTTGAAGCGCAGGTCCACGACCAGTCCCCGGGCGCCCCGTGCCTGGGCCTCCTGCACCCGCTTGAGGAACAGGTCGGCCGAGTCGGCCGGCAGGAAGGAGGGAATCGTGACGACCGCCACCTGCCCGTCCGTACCGGCCCACGCGAGGGTCGGTTCGTCGCGTGGCGCGAGGGCCGTGGTTTCCAGACTGAGGGCGACGTCGGCTGCACCGGCCCGCCGGACGGTGACGGCCAGCGTCTCCCACTCGCGTTCCAGCTTCGTGAACTCGTTCGGCCCCACGGCCGCGTTCTCCAGGCCGCGCCGACCGGCCGCCTGGCCGTTCACGGTGGTCAGGACGTCACGCGCCTGCAGGCCGGCCTCGGCCGCCGGGCTGCCCGGGATCACCGATACCACCAGCAGGCCGCCGTCCACCCGCACGACCCGGACGCCCGAGCGCTGTACCGGCAGGTTGCGGGAGATCTCGTCGAGCCTCCGGGCGGCGTCGGGGTCGCGGACGCTGGTGTGGGCGTCGCCGAGTTCGGTGAACAGCTGGGTCAGCACCTCGCGCGCCGTGCCATACGGGCATGTCTCGGTCTGGGCGGCGCACCGTTCGTCCAGCACCGCACGGTACTTGCGGGTCAGGGTATCCAGATCCGCCGCCGACCAGCCGTAATAGTCGCGCGCCACCTCGTCGGCTGCGGCCCGGAACAGGTCGGTCGCGGGGCTGGCATGGGCGGCCACGCCCAGGACGCTGCCCGCGACCAGGACGCGCAGGGTGACGGAGCGCCGCCATACGGACGCGGTGGAAGGCACACGTCAGCGTAGGCCGCCGGACAGGTGAAGATCAGATCAAGGCCACAATTGGTGCCCGCCCCGGGTGGGCGTCACAGGCGGGCCTGCGCCTTGAGGTTGGTCAGCTCCACCGTCTCGCCCTGGATGGCCGTGCCCGTGACGACCTGAAAGCCGAAATAGCCGCGCCCGCTCCTGGCGGCGGTGTCCAGCGCCGGGCCGCTGAGCGTGAAGGGCACGCTGGCCCGCGCCTGCACGTTCAGCGTACCGATCCCCTGCGCCGTCTCGTCCTGGGGCTCACAGGCGTAGAGGGTCGGTGCGCCCAGCACGCCCGGCACGCGCATGCACCGGCCCTCCAGCGCGTCCAGGGAGGGCCGGACATACAGCTTCACGGTTCCCAGGGTTCCCCCGGAGGCCGCGTCGTACAGCGCGTCCCCTCGGATCGTGAGTCCCTGGAGGGCGGCGGGCAGGGTCGAGCCGCGCAGGCCGTCCTGATCCACGTACACCACCTTCCCCTGCGTGATGAAGGTGTTGGCGAGCGGCACGGTGGTGTCCGGGAGCGGCACGCTGGGCGTGGGGATGGTGCCGCATGCGGCCAGCAGCGGCGCGAGCAGGAGACGGGCATGGGGACGTCGGCTGGACATGGGGGGCCTCCGGTCAGGCGGGGGACGGGG
NZ_CP140098.1_gap48	2211792	2215795	4003	AGCTGCTGGGCCATGCCCTGCATGGTGGGCGGGGCCATGTTCACCTCGTCGAGGAACAGGATGCCGCGGCCTCCGCGCGGCAGGAACTCCGGCGGGTACCAGCGGCTGGTGCCGCCCCCCTGGCCGTCGGCCTCCGGCACGGGCAGGCCGCGCAGATCCGTAGGCGCGAGCTGCGACAGCCGCACGTCCACGAAGTCGAAGTCGTATTTTGCGGCCACCTGCGCCACGACGGCGCTCTTGCCGATGCCGGGCGGCCCCCAGATCATGGTGGAGAGCTTCAGGTCGCCCGTGACGAGCGAACTCAGGTACGTTTGCAGTTCGGCAGCAGTGAGGCTCACCCGGTCACGCTAGGGCTTTTGTGCTCGGTGGAGCAAGTTCAGACTTGGGGGGGCCGGCACCGCGTGACGGGCCGGATGCCGGAACCGGTGATGGGGACGCCCGCCGGGGGGTGGCGGGCGTCCGGGCGTGGGGGGAGGATCAGTTCAGGACGGCGGTGCAGGTACTGCTGAGCGTGCCGCCTGCGGCTGGGCGCTTGGTCGCCTCGATCTCCAGCGTCCTGCCCAGCCCGTCGGCATACTTGAAGTCCAGGTCGTAGGAGTCGCCGGACTGTATGGGATCACCGATCAGCCAGATCACCTGATGCATGCCGCCCACGTTCTGGTGCCCGAACACGCGGATGGTGCGGTCGCTGGCGACATACGTGGTGCTCAGGGCGGGGCTGGTGAACGTGTAGTCGCCGTTCGCCTGGACGACCAGCGAGCAGTCCGCGCCGCTCAGGGTCTTGCCCGAGTAGGTACCGGCCAGACATGCACTGGCAGCGGGATCGGACGACTGGTTGACCAGCGGGCACGCCACGATTCGGGCACGGATCTGGTTGACCGGAGTCGGGTTCGGATTGGGATTCGGGTTCGGCGTAGCCCCGCCGCCACATGCGGCCAGGACAAGGGGAAGCAGCAGGGTCGGGATGGATCGGCGCATGGGAACACTCCTTGGACGGTGTTGGATGGTGAAGGAACGACGCCCACCTCCGACGGGCGGAGGTGACGCGGGGACAGGACTGGACGGGTCGGCGGCAGGACAGCCGCGACCGGGTCAGGTCACACGGGGGTTACTTGCTGCTACACAGCCAGACCTTGCAGAACAGGGGTGGATCGCCGCCGCCGGTCTCGCTGGCATGGGCGCTGCCCAGCAGCAGGGCGGCGGCCACGGCGAGGGTACGGGTCACGCGGGACGGATCGAGGATTCGGTTCATGACTGGCCTCCTGAAGGCGGGGGATGGTGCGCTGGACGGAGGCTACTGCCGGCGCGATGAAAAAAAACCGGTAGACTTTCGATATGTCACGCGTTACAATTGACGATCCTGCCGCTGTCGAGGTGTTGCTGGATTCGTCCAAGACGCGGCTGCTCGCTCCCTTCATGCTGGAGGCCCAGACGGTCGCGGCGGTGGCCGAGGCGACCGGCTACTCCCACAGCGCCCTGGCGTACTGGGTCAAGCGCTTCGTGAAACTGGGCCTGCTGACCGAGGTAGAGGGCAGCCGCCCCGCGCAGTTCCGCGCGGTCGCGCTGGAATTTCTGGTCGATCCCACCCGCGTCATGCCGCTGGAGGACATGCTGGGGCACCTGAACGGCCCCGGCTGGGAGCGGCTGCTCCAGGGCTACACCCAGGAATACCGCCGGCTGTCGCCAGACTGGCTGGTGCTGCTCCAGGCCACGCCCCAGGGAGCGCTGATCCGCCGCGAGGTCACACCCCTGCAACTGGCGCAGGCCTCGGCCGGCGGCTGGGACGCGCCGCTGAACGAGTGGGGGGTGATGCGCCTGCGCCGCGAGCAGGCCCGTGAACTGCGGGAGCGCATGCTGGCATTGGTCATGGAGTATTTCGAGCAGGCCTCGGAGTCGCAGGGCGACGAGGTGTATTTCCTGCACCTCGGCCTGACGCGGGATGCGGTACACGGCTGACCTGTGCGATACGGTGCACGGCTGACCTCTGCGATACGGTGCACGGCTGACCTGTGCGATACGGTATATTTTGACTCAGTACAAGTTTAGATCACCGCCTCGCGCCCTGCCCGAAGGAGTTGTCCCTTGCTGCCCCTGACCCACCAGATCCTCTTTGCCCTGTTCGCCCTGGTTGCCGGGGGCTTCGGCCTGTGGGGCTTCTACCGCCTGTACCGCCGCGTGGCCCGCGGGGCCGCCGCCAGCGAGGCCCGCTTCGACCGGCCCGCACAGCGCGTGCTGTCGGCGATCCGCGTCAGCCTCACGCAGGAGCGCACGTTCCGGCGGCGCACGGCCATCAGCGTGCTGCACTCGTTCATCTTCTACGGCTTCGTGTACTACCTGCTCGTGAACGTCGTGGACGGCCTGGAAGGGTACATCAACTTCCACATCGACTCGGAAGCCAATCCGCTGTTCGCGCTGTACAACGCCCTGGCCGACCTGCTCAGCGTCCTCGTGCTCGTCGGCGTGGTCTCGCTGGTCGTGCGCCGCCTGTTCCTGCCCAGCAGGCGCGACTTCCGCTTCACCGAGAAGACACTGCTTCACCCGCTGCTGAGGGCCAACTACATCCTGCGCGACTCGCTGATCGTGTCGGGGTTCATCATCTTCCACGTCGGCAGCCGCGTGCTCGGCAACGCCGCCAAGATGGCGCAGGAGGGCGGCGACGCCTTCCAGCCGTTCAGCACCGCCCTCGGCAGCGTCCTGTTCGGCGGCGCGTCCGAGGCCGTCACGCAGGGCTGGCGCATCTTCGGGTACTGGGGCGCGCTCGGCAGCGTCCTCGCGTTCCTGGCGTACTTCCCGTACACCAAGCACATCCACATCTTCATGGCCCCGCTGAACTACGCCCTCAAGCGCCCCGTCGGCAGCGGCGTCCTGCCGCCCATGAAGGGTCTTACCGAGGCGATGGAGGCCGAGGAGCCGAAGCTGGGGGTCGAGAAGCTGGAGGAGCTGGAGTGGCCGCGCCTGCTCGACGCGTACTCGTGCATCCAGTGCAACCGCTGCCAAGACGTGTGCCCGGCGAACGCCACCGGCAAGGCGCTGAGCCCGGCCGCGCTGGAGATCAACAAGCGCATGGAGCTCAACGTCATCGCGTCGCACCCCAGCCCCTTCACGCTGAAGCCCGCGGCCTTCGAGTCCGGCGCGAGCACCGCCCACCCACTGCTGGAGTACGCCATCAACGAGGAGTCCGTGTGGGCGTGCACCACCTGCGGCGCGTGCATGGAGGTCTGCCCGGTGCAGGACGAGCAGATGCTCGACATCATCGACATCCGCCGCCATCAGGTCATGGTCGCCGGCGAGTTCCCGCAGCAGCTCCAGACGGCGTTCCGCGGCATGGAGCGCGCCAGCAACCCCTGGGGCATCTCGCGCGACAAGCGCCTCGACTGGGCCGAGGGCCTGCGCGTGCCCACCATCGACGAGAACCCCACCCCCGACGTCGTGTACTGGGTGGGCTGCGCCGCCAGCTACGACCCCGGCGCGCAGAAGGTCGCCCGGAGCTTCGTGCAGCTCCTCGACAAGGCCGGCGTGAACTACGCCGTGCTCGGCAAGAAGGAGGCGTGCACCGGCGACGCCGCCCGCCGCAGCGGCAACGAGTTCCTGTACCAGACGCTCGCCCAGGAGAACGTCGAGACCCTCAACACCGTGAACCCCAAGCTGATCGTCGCCACGTGCCCGCACTGCATGAACGCCATCGGGCACGAGTACAAACAGCTCGGCGGGGACTACCGCACCATCCACCACACCGAGTACCTGGAGACGCTGGTGGCGGCCGGGAAGCTGCCCACCGCGCAGCTCGCGGAGCACGTCACGTACCACGACCCGTGCTACCTGGGCCGCCACAACGGCGTGTACGACGCCCCCCGCACCCTGATCACCCGCATGGCCGGCGAGGTGCTGGAGCTCGAGCGCAGCCGCGAGAACTCGTTCTGCTGCGGGGCGGGCGGCGCGCAGTTCTGGAAGGAGGAGGAGGAGGGCCGCGAGCGCGTCTCCGACAACCGCTTCCGCGAGATCC
NZ_CP140098.1_gap49	2218242	2219590	1348	GTGCCGCCGACCGGACGACGGCCCCCGCCCGGATGTGGTGCTGCCGCGCATGACGACCCCGTCTCCCGTCACCGTGCCGGAGACGGATCGGCGGCGACGGCCCGATGGCTGCCTGGAAGCAGCGCCCGCCGTCGCCAAGGCCCCGGCGCCGCCGATCCCGCTGGCCGGTCGGGTGGGCCTGTGGGTGGCGGTCGTGGATCCCGAGACGCTGGTTCCCGTGCGGGCCGTCGGCACCAATCCGGACAGCGTATTCCCGCTGGCAAGCACCTACAAGCAGGCAGTGCTGTGGGCGCTGCTGCGGGCCGTCGACGCCGGTACCGTGCAGCCCACCGAGCGGTTCGACGTGACGCGGGCCAACCAGTCGCTCGGCGCGTACCCCTACGACGGCACCACGGTTCGCGACCTGTCCACGCGCATGATCCAGCACAGCGACAACACCGCCACCGACATCCTGCACCGACGGGTGGGGCTCCAGGCGGTGCAGGACGTCGCCGACCGGCTGGGCCTGTGCCGCACGCGGTTGATCCTGCCGACCCGGACGTGGTGGGTGGCCGAGGCCGGCCTGTCTGCCACGTTCAACGGCACCCGGCGCTGGGCATCGGCCCGGGGCACCGAGCGGGCGCGGCTGGCGGCCCTGATCGATGCCGATGCGCGGCGGTACCGGGCCGACTATGTCCAGCGGCAGCTCGATCTGTACTTCGATCGCCGCTTCGACCCGGACACCACGCTGCGGAGCATGAACATCTCCACGCCCTACGAGTGGGGCTCGCTCGTGGCGGCCGAGTTCATGACGCCCGGCCTGTCGCCCCGCGCGACCCGCTGGCAGCGCGAGGTCATGGCGCTGGGCTATGGCCAATCCCAGTTGCGTGTCCAGCGGCAGGGGCAGGTCGCGTATTTCGGCGGGAAGGGCGGAAACGGCTGGCGGCTCCTCACCTTCAGCGGCTACGTGGAACTGAAGGACGGCCGGCGGGTCGTCTACGCCTTCATGCAGCACGGTTCGGATGTGACGTACACACTGCCGCAGAGCCGCCGCGCGTTCGCATGGATCAATGCCGGGATCGACGCGGTGCTGGCTCCATGACCTCCGGACAGGGCAGAGATCAGGCCGGGCGGGACGGTTCCGCGCCGGCTTCGGCCCGCTCCAGTTCGGTGCGGATGGCCTCGTCCAGGCGGGGCCGCATGACCGCATACGGTTCAGGCACGGTCGCGCCGGCCGCCGGCACATGGCCCCCACCGCCCATGGCCACGGCGACATTCTGGGCGCTCACGCCACCCCGCGACCGCATGGACAGCTTGACCTGCGGCCCGAAGTCCTTGACCATCACGGCCAGCCGGGCCCCCTCGGCAG
NZ_CP140098.1_gap50	2220620	2224916	4296	GGGCGGCACTCCCGAGCACACGCGCCAGATCGCTGCACACGACGCGGCCCTGCGCGAGGCCGGCGCGAGCGGCAGCGGCGAGACGTGGTACATGGAGCCGGGCGAGCTGTCGGTGCGGCCGTACACCCTGGGAGCCGGCACCTCGGTGCTCCTCAGCTGGAACGACCGCGACCCGGGGGCGGGTGCGGCGGTGCAGCTCCTGACATGGCTGCGCGATCACGCGAGCGGCAGCGCCGTTGTCCTGACCGAGACACGGCCCGCCGGCCGACTGCCCGCCCCCAGTGAGGAAGTGGATGTCCACGTGCATTCCGGTGTGGGCATCGCGGCGCTGCTGGAGCTGCATGTCGGGCACGTCCTGCGGCATGGCCGCACCCGCCGCCTGGGGGCAGACGCGGACTGGAGCGCCCCATGGCAGGAGCTGTACGTCCTGAACCTGCGGGCTTGGGAGCGCCGCGGCCTGCTGCTGGCGGCCCAGAGCAGCTGAGCCGATTGCGCCTGGCCGGTCTGCACAGCGCGGGGTGCGGAGCTGCGCCGTCCGGGACAATGTCCCCGATGAGCGATGTAGTGAGTACAGCCCGGCACGTGGCCTTCGACTGGGGCGGCGTGTTCACGGTGGGCACCTTCGACGGCCGCAGCACCCAGAACGTGGCCGACCGCAGCGGCGTGCCGGTCGAACGAGTCCGTGACAGCTATTTCCGCCACGTGCGTCAGCTGGAGGTCGGGGCGTGGACGCTGCCCGATTTTTGGACGACCCTCCAGGCCGAGACTGGCGTGACCCTGGCCTACAGCGAATTCGAGCCCCTGTACCTGGGCAGCATTCACGACAACCTGCCCATGTACACCACGCTCGCGGCCCTGCCCCCGGCCGTGCGCGTGGGCCTGCTGAGCAACAACTACCCCGTGGTGAGTGACCATCTGCGCCGCGATCCCCGGTTCTCCCGGTTCGATGCCCTGGTGTTCAGCAACGAGCTGGGTCACAAGAAGCCTGCCCCGGAGAGCTTCGCGGCCCTGGAGGATGCCATGGGCGTTCCCGCCGCACAGGTGGCCTTCGTGGACGACGTGCAGGAAAACATCGATGCCGCGAACCGCGCCGGTTTCCATGGCATCCTGTACCACCACGATCACCACACCGAGTTCGAACAGACCCTGAGCGACTGGCTGCACCGGAGCTGACAGCCGGCGCAGCGGGGCACCAGCCGCCACGGTGGCTCCGAGCTGCATGCATGCTTGCCAGTGCGCACCGGAGCTGGCAGTGGTCGATCACCCCGGGCCGCCGTGGCTGCCCTGAGCGACCCCGGTCGCCACGTGACTGACACGCTCTACCCGAACCGAGCGACCTGACTGCGGCCGCGCCACGACACGGCGGCGGCCCTGGCACTCGCCAGAGGGCGGTGGCCATGGCGCTTCCCGTCCGCGTCGCAGGTGGTGTACTCGATTGAGTGGTGTACGGAATGGTTCGACCAGTACACCATGAATGCGGTGGGCGGTGGTCACGCACACTGAGGGCACCCGTTCGGCCACTGCCCACAGCGGCGCCGATGCCCTCCACTGTCTGCAGTGGAGTCCGCCCCTCACACCCCCAGGAGGACACCATGACCCCCACCCCCAGAACCCCCGCCGAGATCCTGGAGAAGACCTGGCAGACCGAGGACCGCTGGCAGGGCATCACGCGCAACTACGGCGCCGACGACGTCGTGAAGCTGCGCGGCAGCCTGCCCATCGAGCACACCCTCGCCAGACACGGCGCGGACAAGCTGTGGCGCTCGATGAAGGACGAGCCCTTCGTGAACGCCCTGGGCGCCCTGACCGGCAACCAGGCCATGCAGCAGGTCAAGGCTGGCCTGAAGGCCATCTACCTGAGCGGCTGGCAGGTCGCCGGAGACGCCAACAACGCCGGCCAGATGTACCCGGATCAGAGCCTGTATCCCGCGAGCAGCGTGCCGGAGGTCGTCAAGCGCATCAACAACACCCTGCGCCGCGCCGACCAGATCCAGCACTCGGAAGGCAAGCACGACATTGACTACTTCGTGCCCATCGTCGCGGATGCCGAGGCCGGTTTCGGGGGGCCACTGAACGCCTTCGAGCTGATGAAGGCCATGATCGAGGCCGGAGCGGCGGGAGTCCACTTCGAAGACCAGCTGGCCAGCGAGAAGAAGTGCGGCCACCTGGGCGGCAAGGTGCTGGTGCCGACCTCGCAGTTCATCCGTACCCTGAACGCGGCGCGTCTCGCGGCCGATGTGAGCGGCGTGCCCACCGTCCTGATCGCCCGCACCGACGCCGACGCCGCGAACCTGCTGACCAGCGACATCGACGACAACGACAAGCCCTTCTGTACCGGTGAGCGCACCCCGGAAGGCTTCTACTACGTCAGGCCCGGCATCGAACAGGCGATCAGCCGGGCGCTGGCGTACGCCCCCTATGCCGACGTGATCTGGTGCGAGACCTCGATCCCCAATCTTGAGGACGCCCGCCGGTTCGCCGAGGCCGTGCACGCCCAGTTCCCGGGCAAGCTGCTGGCGTACAACTGCAGCCCCAGCTTCAACTGGAAGAAGAACCTGGACGACGACACCATCGCGAAGTTCCAGGTGGAACTGGGCAAGATGGGGTACAAATTCCAGTTCATCACCCTGGCCGGGTTCCACAGCCTGAACATGAGCATGTTCGACCTGGCCTACGGCTACGCCCGGTCGCAGATGAGCGCCTTCGTGGAACTGCAGGAGCGCGAGTTTGCGGCGCAGGAGCGCGGCTTCACGGCCGTCAAGCACCAGCGTGAGGTCGGCACCGGCTACTTCGACCTCGTGTCCAACGCCGCCGCCGGCGGCCAGAGCAGCACCAACGCCCTGGCGGGCAGCACCGAGGCCCAGCAGTTCGGCAGGGAACTCGCCGCCGCGCACGACTGAACAGGCGAAGTGGGATCAGCGCAGCCCGGATGCGTCCAGGCTGCGCTTTCCGTGGGTGCGGAGGTTCGCCGACCGGGCCGTCTGTGTTCGTCCGGTCAAGCCGTCAGGAAGAGAACCGCTCCGGGGAGCACCCGCGCACTGACCCGCTGGACGGTGCCCGCCAGATCCCCGTCCAGATGCAGGGCGACAGGACGCGCCCACTCCACCGTGACGGCCTGACCCTGCCCGGCCGTCACGGCCGGATGCCCCAGGTGGCGGCCGGGCAGCACCCGGAGCATCAGCTCCAGCAGGCGGCCCCGGGTGACGGCGCGGCTGGCGAGGACATCCAGCCGGCCGTCGCGGATGTCGCTGCGCGGACTGATCCGGAAGCCCCCGCCGTAGCGGGTGCCGTTCATCACGGCGACCAGGGCGCTGGGGCCGGTGTACTGCACCGCGCCGTCGACCGTCACGGTCACCGGGGTCAGGGTGAGTTCGCGCACGGTCTGCACGGCTGACCACACGTACCGCGCGAAGCCGTGCAGGGCCGGGGGCGCGTGGATCATGTTCGCGGCCACCTGGGCATCGAAGCCCATGCCCAGACCGTTCAGCAGCACGGCCGATCGTCCGGCCCCGGTGCCAACCTCAACCGTGACCTCCAGGGCATCCACGGGGCGGGGCTGGAACGACAGGCGATCCAGGGAGTCGCCGAACCGGCCGGGCTTCAGGCCCAGGTGCCCGGCGAAATCGTTTCCGGTGCCCAGCGGGACGATCCCCAGCGGGCGACCGGTGCCGACCACCGCTGGCAGCAGTGCCCCGACCGTGCCGTCGCCACCGACGGCCAGCACGGCCACATCCGGCGGCAGGGCCAGGACACGCGTGAGCGCGGCGTCTCCGCTCTTCTCCTCAATCCGCTCGAAGGACAGGCCACGGCGCGTCAGCTCGCGCTCCAGAGCCGGCCACGCCCGGCGGGCACTGCCGCCGCCGGCCTGCGGATTGAGCACGACGGCAAGTGGCCGGGTCAAGCTCTCAGCTCCAGTCGGCGGGGCGGTCGACCAGCCCGAAGTGCCACGCGATGGCCTGCGCGATGCGCCGGGAGGCCTGGCCGTCGCCGTAGGGGTTGCGGGTGCGGCGCATCACGTCCAGGGTCGCCGGGTCGGAGAGCAGTCCGCCCAGCACGGCCTCCAGCCGCTCGGGATCGTTCCCGGCCAGGGTCAGCACGCCGGCCTCGAGCCCCTCGGGGCGTTCGGTCACGTTGCGCAGCACGGCAACAGGGACACCCAGCGCTGCGCCCTCCTCCTGCAGGCCGCCGCTGTCGGTCGCGAGCAGCACCGACGCCGCCATCAGGGGCGCCATGTCGCTGTAGTCCAGGGGTTCGGTCAGCTCGAAGTTGGGGACGGGCTCCAGTGCGGGGCGCACC
NZ_CP140098.1_gap51	2341424	2346410	4986	CGGCCGGGCCGCCCACGACCTTCCCCGTCAGGGTGTCGGCCTCGGCGCACAGCAGGACGCCGCTGCCGCTGGCCCCGACCGGCAGGGCCGCGTGCGAGGCCAGGAAGGCGCGGAGCAGGGGATCGCGGGCCGCGCGGGCCGCGCCGGGGCCACCGGGGATCAGGAGTCCCGCTGGCCGGGGCAGCGCCGCGTACAGCACGTGTGGAGTGCTCACCAGGCCGCCCGCCGTGAGGATGCTGGCCCGTGAGCGGTTGACGGTGCGGGTGGCGCCCTCGCCTCCGCACAGCCGGCACACGGCCACCATGATGCCCAGTTCCAGCTCGCTCACGCCGGCGTAGATCGGCACCGCCACGACGTGCCCTGCCGACCCGTTGCCCGGCCGCTCGGTGTCGGCGGTCATTCCGGGCGCAGGGGCCGCAGCGTGTAGCCGCGCCGGGCGACCGGTGGGCCGATCTCGCCGTGCTCCAGCAGGCGGTCGACCGCCTCCTCGTCCAGGCGCTCGACCCGCCGCAGGTACTCGCGCACCGCACCGGCCGAGTCGAAGCGCCGCGGATGGGGGTCGCCGTCGACGCGAAGGTCAAGCCAGCGGATCACGGCCGCTCCCGACTGCTGGTGCTCACAGCTCTCTCAGATCCTCCCACAGCTGCCAGCCCACGCCATCGGGCGTGCCGTCGAGCAGGGGATTCAGGGCCTCGCTGGCGGCGGTGGCGTCGCCGTGCAGGGTGTCATTGCTGGGCCGCTCGTCGTACACACGCAGCACCGTGAACTGGTAGAAGGTCTGACTGGCCGTCGGCTCGCCGTTCTCGAAGAAGGCGAAGGGCGGCTGCACCTGATCCCACAGCACGTGGGCGCCCTCCTGCTCGTCGCTGGTCGGGGGCGGCAGATCGAGCTCGCGGGGCAGGAAGTGCTCCAGATCGACGTCGGCCGCCTCGGGATGCCAGACGTATCCCTGAAGGAGCCGGACGGCAGCGCGGCCACGCGGGTGTGGATCGGTGGAACTCACGCTGCCCAGCATACGCGCTCTAGCTGCGCCCGGTTCGGGTGGATGACCCGGCGGCGGTCATCGCGACGCGCAGCGCGTCGGCGGGGCGCAGGGCCTCGGGAACCGGGCCCGGCACGAACGCCCGGACGACGGACGCGGCGTCGGGATGGTTCGCCTCCAGCGCGGCTCCGATGTCCCGCCACACGCCTGCCTGGAAGGGACGCAGGGCCGGATCGTCCAGCGCGCCGCGAACCCACGTCAGGGTCGCCACCCCCTCGCCGATGGTCGCGCGGGCCTCCAGCGTGACGAGCTGGGCGCACAGGCCAGGATCGGGGGCCCCCGGCCCCTGTACCCGGCGCAGGAGGGCGTGGGCGCGGTTGATGTCTGCCAGGGCGGCCTCCACCTGACCGGCCCGGAGCCGGGCCTCCGCCCGCTGGGATCGGGCCTGCGCCTCCTCGTAGGGGTGACGGGTCAGGGCCAGCGCAGCCTCGGTGCTGGCCAGCGCCGCCGCGCTGTCCGGATCGGCCAGGGCGCGGCTGAGGTGCATGTCGAAGGTCAGGATGGTCTCGCGGTCGCCGCCTGGGGTCTGGGCATGGATCAGGGCGTCGAGCAGCGTGCGGGCCTGAGCCAGATCGGGGTGATCCCGGTGGGGCCCACCCAGTGGGGGCAGATACGGCACACCCAGGCCACGGGTCAGGTAGGCCAGGGCCAGGCGGTAGCGGGTACGCCGCTCCCGGTAGCGGGTCTCGGCGGGTCGGGCCTCGTTCCGTTCCAGCAGGGACAGCGCCCGCGCCGCCTCGGCCATGGCGTCGTCCGGCCGGTTCAGGGCGAGCAGGATCGGTACGCCCTCCGAATGCAGCCGGGCACGCACCACCCGGTCTGGACGCCGGCGGGGGTCGTCAGGCACCCGCTCCAGCGCCTGCCCGAGCTGGCTCAGGCCCTCGGCCGGCCGGCCCAGCCGGCGCAGGGCTGTGGCGCTGCGGGCCAGCACCCGCGACGCCTCCTCGGCCGACCCGCCCGCCGCGTCCAGCCGCGCCGCGGCGTCCAGCAGCGCGTCGAGGGCAGCCTGGGGCTGGCCCAGGCGCAGGCGCAGGTCACCCTCCTGATAGCGGGCCCGTGCCGAGAGCAGCGGACTGCTGACCGGCACGCCCTGCAGGGCCACGAGCGCGTCGTCCCAGCGCCCGGCATCCTTGGCAATCAGGCCGCGCCACAGCAGGGCCCGGGGCCCGCCCACCGCCGTGCGGGGATCGGACACGGCGCGGGTCGCCGCATCAAGATCTCCCTCCCAGCGGGCCAGCGCCGCGTGAACCAGCAGCGCGTCGGCCTGGGCGGCCACCCCCCAGGGATCACGGGCGTCCATCCCCACCACGTCCGGGTGCTCCAGCTGCCGGCGGGCGGAGTCCACCATGCCGATCTCCAGGCTGCTCTCGGCCAGCTTGACCCGCGCCCAGGCCCGCACCGGGTCGCGGGGCGATTCCATCAGGGTGAACAGCGCGTCCCGCAGGGCCGGCTCCCGGTACTCGCCGCGGCCCGCGTGGTGCATGACCACCGCTCGGGCCAGCTGCTCCCGCTCGGGCAGGGAGCCGGCCCGGCGGATCAGGGGCCACAGGGGCGGCAGGTGCCGGGCGTCGTCCGGGTGGGCCTGCACGGCGGCACACACGGCCGCCCAATCGCCGAGGTGCGCCAGCGCGGCCAGCCGGTACGCGGCGAGCGCCGGCTCGGTGGTGGCGACGATCCGGGCATGTACCGCGTCGGTCTCGGGACGGCCGGCGGCGTCCCAGGCGGCCCGCAACACCGGGGTCGGGTGAACGCCGCCGTCATCCACGGGCCGCAGCAGGGCGCGCGCGTGTGGCGGCAGCCCCTGCGGATCGGTGCCCAGCGCGGCGGTGACGAGCGCCGCTGGCCACGCGGCATGCGGATCCCGCAGATTCACGGCGTTCAGCGCGCCCCCCGCCTCGACCACGCGGCGGGTGTCCGGATCCGAGCGGATGTTCCCGGCGTCGGTGTCGCCGGACCTCAGACTGACCAGCAGGGTCAGGCGGTCGAGATGCCGGCCGGTCTCGCGCACCAGCGTGTCCGCCTCGTGCCGGGCGATGCCCAGGGTGGTCATGAGGTACGTGCGCGCCTCGGCGCTGCTGGGGGGGCGCAGATCGATCACCTCGGCCGGGACGTCCTGCAGGCCACGGCGCGATTCGGTGGCGATCAGGGCAGCCACGCCGGGGCGCAGGTGGGTCAGCACGGTGGCCGCCACCCAGCCGGCCGGACTCGCGGGCGTGCCGTCCACGTGGCGCGGCGGATGGCCGCCGATCTGCAGGTCGTCGGTCACGCGGATCAGCACCGCGCCGGCCGCCGGCAGGGCCACGCGCAGCGCGTCCACCTGGGCCTGCGCGATCTCGGCGTACGACGATCCCCGCCCGGTGCCCGGCGTGGACACGTCGGTGGCGTCACCGGACAGGAGCAGCCGGGTCACGGCCACGTCCGCAGTCCGCAGCGCCCGGTCGAGGTGATCCAGCAGCACCGTCTTGCCCGCACCGGCGCGTCCGGTCACGATCAGCCGGGGGGCACGGCCTGCCCGGACACCGGCGAGGAACTGCTTGTAGGCCCGCTTCTTGGACCGGCCCAGGAGTTCCAGGGTGTCCGGCACCGCCGCCGAGACGGCCACCGCATCGCCCGCCGGCAGGTCGCGCCCGGTCTCGCGGGCGAGGTCACTCAGGATGCCGTGCAGGGCCGCCTTGTCGCGGGCGGTTCCGATGTCGCGGTACACGATGTTGCGCAGCGCCGCCGGGTTCGCGCCGCGTCCCCGCATCTCGGCCTCCAGCCAGCGCAGGCTGCCGCGCTGCTGCCGCCCGGAGGCCGGGGGCGGCAGGTGGCGGCGCAGGTCGGCCAGCACGCTCTTCCAGTCCATGCTGCGACGAGCGTAGCACCCGAACGGGGGGAGCCCGGCACATGAACTGCGTCCAGAACAACCCAGGAGTGCCCACCCTGACGGGATCGTCAGGTTCCATTCAGGCCATGATGTGTATACTCCGCGTCAGCATTCACAGCCCAGACCGTCACCGGAGGAACCCCATGCGAACGACTGCCCTGACCCTTGCCCTCATGTTGTCTGCTCCTGCCCTGGCCCAGAGCCAGCAGGCCGCCCAGGCCCTGTACGACCAGGGCAAGTGGCAGGAGGCCGCGTCGGCCGCCGCCGCCCTGAATACCAGCGCCGGTCTGGCGCTGGCGGCCGAGGCCACCACGGGCGGGGCCAGCCTGGTGCCCGACAGCCAGAAGAAGGCCCTGTTCACCAAAGCGCAGGACTATGCCAAGGCAGCGATCTCCCGCGATCCCAACAACGCCGACGCGTTTTTCGAACTCGCCCGCGCACAGGGCCGGCTCGCGCAGTTCAGCGGCATCCTGCAGAGCCTCGGCCTGGCGACCGACATGAAGGGCAACCTCGACAAGGCGCTGTCGCTGAATCCGAAGATGGCCGGCGGCTACGTGGCCCTGGGCCTGTGGAACGCGAACCTGGTGGCCAAGGGCTTCATCGCGGTGCGGGCCTCGGGGGCAGACCGCAACCAGATCGTCCCCAACTTTGAGAAGGCGATCGCTCTGGAACCGAACGTCGCCATCCACAAGATCGAGTACGCCAACGCCCTGATCCTCCAGGGCAAGAAGGCCGAAGCGGCGGCGCAGCTCGACCGGGCGGTCGCCCTGCCGGCCGACACCTTCTGGGAGAAGCGCGATCTGGAGGCGGCCAAGGCCACCCTGGCGAAGCTGCGCTGAGCGCGTCCCGGACACGCCCGAGCGCGGCGCGGCGAGTGACAGCGGACTGGATCCACGCCGATCCGGCCCTGCTCAGTCCGAGGCCTTCTGCTCGTGGTACTCGCTGATGTGGTCGTACACGGTCTGCGGGAATTCCAGGTCACGGTACACGTTGCCCTCGTCCGGATCGGTGGTGTCCGGGATGATCGGGAAGTCCTGCTTGCCCTGGTACTCCATGATCTTCGCTCGGCTGGGCGGGC
NZ_CP140098.1_gap52	2349911	2353692	3781	CAGCCTGGAGGCCCTGGCCCGCGACCTGCGCGACTTCGTGACGTGGGCACAGTGAAGTGGGCCCATTAACGTGGGCGCACTGAGATGGGAGCTGGGCTGACCGTGGAGCCGCTGCGTGCCCTCGTCCAGACCCTCACCGAGTCGGTCTCCACCCTCGCGGAACTCGCGGCGGCGCTGATCATCGCCGTGGCCGTCGCGGAGGCGATCGTCCGCTCGGTGCACACGGTGTTCCTGCACAGCGGCGGCTCGGACGACGCGAAACAGACGCTGCGGCTGCGCCTGGGGCGCTGGCTGGCGGTGTCGCTGGAATTCCTGCTCGCCGCCGATATCCTGCGCACGGCGGTCGCACCGTCGTGGCAGGACATCGGGCAGCTCGGCGCGATCGCCCTGATCCGCACCGCCCTGAACTACTTCCTGCAACGCGAGATCGAGGCGCAGGCACAGTCCCGGCGGGGCGGGGCGACCGGGGAGGGCCCGGCCCCGTCCTGAATCTCAGCCGTCGATCGCGGTGTTGATCGCGTCCACGATGCGCTCGCCGTACGCCTCGATGCGCTTGGGCCCCAGCCCCGGCAGGCCCACGAGTTCGGCCAGCGTGCGCGGCTGCCGCGCGGCCAGCGTGTCGAGCGCGGCGTTCGGGAAGATCACGAAGGCGCTGTGCCCGGTCTCGCGGGCGAGTTCGCGGCGCAGTTCGCGCAGGGCGTCCGCGACCTCCGGGTTCGGCTCGCTGCGCACCACGTCGTCGAGGAGGGGGGCCGGGGCGGGCGCGGGCCGGGGTTTGAGGAGGCCCAGCACGGCCCCGTTCGACCGCGCGCCGAGTTCCGCGGGCGTGGGCTCGCGCGCGGGGCGGCTCGCGGCGCTCGCCGAGTGGTCGCGCACGATGCCCAGCACCTCGTCCCCGAAGTCCGCGAGCTTGCGCTGCCCCACGCCGCTGACGGTGCCCAGCGTGGCGTGGCTGCCGGGCCGCAGCTCGCAGATGACCTTCAGGGTCGCGTCGGTGAAGATCACGTAGGGCGGCACGGCCAGCTCGCGCGCCTTCCCAAGCCGCCACGCGCGCAGGGCCTCGAACAGCGGCTGGTCGGCGGCGTCCACCGGCGCGCGGCCCGCGCCGCTCCCCCGGCTGCGCTCGCGTTCGCGCTTGCTCACGCGCGGGATCAGGCTGTCCTCGCGCAGGGCCAGGGTCGTCTCGCCCTTCAGCAGGGCGCGGGCCTTGCCGGTCGCCATGAGGCCGTGGTGCTCGCCCGCCGCGAGGTACCCGAGGCTCACGAGCTGCCGCAGCACGCCGCGCCACGTCTTCTCGTCGTGCGCCGCGCCCACCCCGAAGGTCGGCAGGGCGTTGTGGTGCATGGCCACGACCTTCTCCGTCTCGCGGCCGAGCAGGATGTCCGTCAGGTGCGCCGCGCCGAAGCGGTTGCCGCTGCGGATCGCGGCCGACAGCGCCATCTGCGCCTCGCGCGTCATGTCCCGCACCCGTGGGGGGTTCACGCACACGTCGCAGTTCCCGCACGGGCCCGCGTAGTCCTCGCCGAAGTACGCGAGCAGGAGCTGGCGGCGGCACGTGGCGGCCTCGCAGTACGTGAGCAGCGCGTCGAGCTTGCCGGCCTCCACGCGCTTGACCTCCTCCGGCGCGTCGCTGGACGCGAGCATGCGGCGCACGTTCACCACGTCCGCGAGACCGTACACCATCCACGCGGTGCTCGGCAGGCCGTCGCGGCCGGCGCGGCCCGTCTCCTGGTAGTAGCCCTCCATGCTCTTGGGCAGGTCGAGGTGCGCCACGAAGCGCACGTTCGGCTTGTCGATACCCATCCCGAACGCCACGGTGGCGCACACGATCAGGCCCTCCTCGTTCAGGAAGCGCTCCTGCGCGGTGCTGCGCTCCCGCTGCGACAGGCCCGCGTGGTACGGCACGGCGTCCACGCCCTGCGCGACGAGCCACTGCGCGGTCTCCTCGACCGACCTGCGCGACAGGCAGTACACGATCCCGGCATCGCCCGCGTGCTCCGCGCGGATGAAGTCCAGCAGCTGCGTCTTGGGGCCCTCCTTGTTCGCCACGCGGTACTGGATGTTCGGCCGGTCGAAACTGGACACGAACTGCCGCGCGCCGCCGAGCTCCAACACGTTCAGGATGTCCGCGCGCGTGCGGTCGTCTGCCGTCGCGGTCAGCGCCACGCGCGGAATGGCCGGGAAGCGCTCGGGCAGCACGCGCAGCCCCTGGTACTCGGGCCGGAAGTCGTGCCCCCACTGCGACACGCAGTGCGCCTCGTCGATTGCAAAGAGGCCCACGTCCACGCGCTCCAGCAGTTCCAGCGTGCGCGGGAGCAGCAGCCGCTCCGGGGCCACGTACAGCAGGTCGAGCTCACCCGCCGCGAGCGCGGCCTCCACGTCGCGCACCTCCGGCAGGCTCAGGCTGGAGTTCAGGAACGCCGCGCGTACCCCCAGCTGCCGCAGGGTGTCCACCTGATCCTTCATCAGCGCGATCAGGGGCGAGACCACCACGCCCACGCCGGGGCGCAGCAGGCTGGGCAGCTGGTAGCACAGGCTCTTGCCGCCCCCCGTGGGCATCAGCACGAGCGCGTTCCCGCCGTCCGTGACCGTGCGGACGATGTCGCCCTGCACGCCCCGGAACGCGTCGTACCCCCAGATCTGCTTGAGCAGGGCATGGGCGCGGGGCATCGGGTCGGCGTGGGCGGTCGTCATCGGAAACAGGATACCCCGGCCGCCGGAGTGATTCTGTGCAGGGCGTAACCCGCGGCAGGGCCGTCCTCGGAGTGGTCGAACTGGACGAAGCTCAACGGGAGTGTATGCACTAACAAAAGGACATCGGAAGGCGGTCGGGAGGGGTCACTGACCATCAACCCCCCTCCTCTCGCCGCGGGCATCGCCCGGCTCACACGTCCAGTTCGCGGGCCTTCTTCCCAAATTTCTCGCGCAGGAACCGCTGGTGGGTCAGGAGTTCCTGCCCGCCCGCGTGCAGCGTGGCGTCGAGGATGTCCTGCACGGCGTTCAGGAGCAGGTCGAGCTGTTCGCGCAGCAGGTCGCGGCCGGTCTTGCCGTCCTCGATGGGCGTGACGTCCGCGCGGGTGCGGGGGAGGTTCAGGTACGCGCGGACGGAGGCGGGCGCGTACTCGTCGCGGATGGTGCGGGCCACGTACGCGCCCTCGCTGCCCTCCTGCCCCAGCGCGCGCAGGTGCGTGAGGGCCTCGGCGGTGCGCAGGTCGAGCGCGGCGAGCTGCGCGCGGATGTCGCCGGGCAGCCGCTCGTCGAGGTGCAGGGCCGTGAAGGCGTCCGGAACTGCGGTGCGCGTGGCAGCGGTGACGGTGCTGGTGGACGTGACCGGCACCGCTTCTCGGTTCTCCGTGCCGATGACGGGCAGGCCGCCCGCGTGTTCCGGCAATGCGGCCGGTTGAGGCAGTCGCTCATCCAGGTCGACCTGCCGTCCGGTGAGCCCGGCGGTGGTCGCCCAGATCACGGCCATGACCGTCAGGGGGAACATGAGCCACGTCGCGCCGAGTGCCATGAACGCCGCGGCGGCCACGAGGCCCGCGAGGAGTGCGGGGACGTGCCCGCTCCAGCGCCGGAAGGCCCGCTGCCCGAAGAAGCCCAATAGCATCCCCGCCGCCGGGTGCGCGACCCAGGCGGCCCCGAGCACGCCGATCACGACGATGATGCCCGCCGCCCACAGCACGTCGCCCGGCACCCGGCCCCGCCGGGAGTACAGGATGCCCGCCCAGTGGATCAGGGCGAAGGCGGCGGCCGGGTGCACGATCCACGACAGGGCCGGCGG
NZ_CP140098.1_gap53	2444857	2449565	4708	GCTGCGGGGCCGTGCGCCCGCAGCTGACACCTTCCCGTCTGGGATCCCTTGACCGTCTCCCCCGTCCTGGCGCACACTGACGCCCAGGCGTCGATCCGCAGGAGTACCGCGCCGCGTGACCACGAGCGAGCCCGAGACGGTGGAAGTCGGGCGGATCACAGCGCGGGAAGGGCAGCGGGGAGCTGAAGTCACAAAAGTGCCGGTCTGGCCGCAGAACGCGGTGTCCGGAACTGGGGTGGAACCGCGTGGAGTCTTCTGCGTCCCCAGACGAGCGCGCACGACTGCCGCCGTCTGGGGACAGTCGTGTATGGCTCGAACAGGAGCACGTATGCCCGCAACATCGATGGAAGAACTCGTCAGTCTGTGCAAGCGCCGTGGATTCATCTTCCAGGGCAGCGAGATCTACGGCGGCCTCCAGGGGTTCTACGACTACGGCCCGCTGGGCGTGGAGCTGAAGAACAACCTGAAAGCCGCGTGGTGGCGCACCAACGTCTACGAGCGCGACGACATGGAGGGCCTGGACGCCAGCATCATCATGCACCGCATGGTGCTGCGCCACAGCGGCCACGAGGCGACCTTCTCCGACCCGATGGTCGACAACAAGAAGAACAACAAGCGCTACCGGCTCGATCACCTCGTCAAGGATCAGAAGGCCGATGTGATCGCGAAGGTGGCACAGGCCATGGGCCAGAGCGCCGACAACTTCCCGGCCGTGGTGGCCGCCCTGAACGCCAGCCCGGCGCAGGCCTCCGAGGCGCTGCGGGCGGCGGGCGTACGCGATCCGTTCTCCGGCGAGGTCGGGGAGTGGACAGAGCCCAAGCCCTTCAACATGATGTTCAAGACGACCATCGGCCCGGTCGCGGACGACGAGAGCTACGGCTATCTGCGCCCCGAGACCGCGCAGGGCATCTTCACCAATTTCAAGAACGTGGTGGACAGCACCAGCCGTCGCCTGCCCTTCGGGATCGCGCAGATCGGCAAGGCCTTTCGCAACGAGATCACGCCACGCAATTTCATCTTCCGCGTGCGCGAGCTGGAGCAGATGGAGATCGAGTTCTTCTGCGTTCCCGGCACCGACGAGGACTGGCACGCCCACTGGCTCGAAAAGCGCCTGACGTGGTGGGAGGATCAGGGCGTCCCGCGCAGCAAGATCGAGATCCTGGACGTGCCGAAAGAAGACCTCGCGCACTACTCCAAGCGCACCTACGACCTGATGTACGACTACCCCACCCTGGGACACGAGGAAATCGAGGGCATCGCCAACCGCAGCGACTACGACCTGGGCAGCCACACAAAGAACCAGAGTGAGCTGGGCCTCGTGGCGAGCGTCGAGGAGAACAACGACTCGATCGCGAAACTGACCATCCCGCACCCCGAGACGAACAAGCCGGTCGTGCCCTTCGTGATCGAGCCCTCGGCCGGGGTCGACCGCGCGTTCCTGGCCGTGCTCTCCGAGGCGTTCACGAAGGAGACCCTGGAGAACGGCAACGAGCGCATCGTGCTGAAACTCCGGCCGCACCTCGCGCCGATCAAGGTGGCCGTGATTCCGCTGGCCCGCAACCGCGAGGAGATCACGGACGTGGCGAAGAAGATCAAGGCCGACCTCCAGGGGCTGGGCCTGGGCCGCGTGCTGTACGAGGACTCCGGCAACATCGGCAAGGCCTACCGCCGCCACGACGAGGTGGGCACGCCGTTCTGCGTCACCGTGGACTTCGACACCGTGGGCAAGGGCGAGGACGCCGCGCTGGTCGATACCGTGACCGTCCGCGACCGCGACACGCTGGCCCAGGAGCGCGTGAAGATCAGCGACCTGAGCGGGTGGATTCAGGCGAAACTGCGCTGACCTCATGCCCCGTCACGCCGGCGGGGCAACCGGTCTGGACAGTTCCGAGCAGAACGCCCCGCCCCCACAGGAGAGTGGGGGCGGGGCTGGCGTTGATCCGCGGCGAGCGTCAGCCGTTGTGCATTACGCCGGGACGCGGACTGCGCGCCGGCCAGCCAGCCACCACAGCGCCGCGAACAGAAGGGCGGCGGCGGCACACGACAGCGCCACGACGGTGCGGATCAGTTCCACGCTCTTGAGCTGGAGGGGATAGATCCCGTTATCCCGGAGGTAGGTGTCGCTGACATACCGCGCCCCGCTGTCGGTCTGCCCCTCCAGAAACGCGCCCTGATCGCGGATGATCATCACCTGGGGTGAGCCGATGGGCGTGCCGGGGCCGGTGGCCGAGCCGAAGAGGTCGGCGGTGCCCGCCTCGGCCGGCTGGACGAGCTGCACCAGCGTGGCGCTGCGGGTGTAGGTCGCAGCGACCACGACGGTCACGGCCAGCAGTGCCAGCGCGAGCACGGCCAGACCGGCGAACCATGAGCGGAAGCGTTGCACGGAGAGCAGTCCCGCCGACCTTACTTGTTGCTGGCGATGAACTTCAGCGAGATCGCCAGGGTGTCGCTGACCTGGTTCGGAATCCGGGCGTTCGTGACCTTGTGGTCGCTGAGCTTGACCTTGAACGCGGTAGACACGGCCAGCACATCACCCTTGGCACCCGCCGCCCGCGTGGCGTCGCTGGCCGGGGTCAGTTTCACAGTCGCCCGGCTGGTGACGGGCCGGGTCACGCCATTCAGCGTCAGGTTGCCGATCACGTCGTACTGGTCGCCCGAGACGTGCTTCACGCCGGTCGTCTCGAACACGATGGCCGGGGTCTTGTCGAAGTTCAGCCACGCCTCCGAGCGCATGTGGCCGTCACGAGCGGTCATGCCGGTCTTGATGCTGGCCCCGTTCACCGTGACCTTGCCGCTGCCCACCTTCGCCGCCGAGTCGAAACTGAGGGTGCCGCTGACCTCGGGCGTCCGCGCCACGATGTTCTCGACCACGGTGCTGCTCTCGGCGGTCATCAGGTTCAGGGTGGGGTTGGAGATGACCGTGTAGGTCACGGGCGCGGCGGTGGCCATGCTGCCCAGCAGGAGCATCAGCGGCAACGCGTTTCTAGGCGATGTCTTCATGGTGTTCCTCCAAGTCGGGGTGACAGGGCGAGGTCATGCACTGCAATCCCAAGCACTTTTAAAAACCGACTGAGGGAAGTGTAAAGAGTGTGTCTGAGGACGCGGTGTGCCGGTCTGTCCGACCAAGGTCGGAACATGGACTGTCGTCAGGGAGCCGGAATCAACGAGATAACGAGCGGTGAATGCCCTCGATCTTACCTACCCGATGGCCTCTTTCACCGTGCCGCGCAGCTTCGGCGGGTACATGACCGCGAACTGGCCGTGGTGGTCGGCCCAGACGCGGGTGAAATCGGCGTAGCCCATCTTCACGTAGCCCAGCAGGGGATCCATCAGGTACACCACGCGGGTGGCGTCGTCGTAGCCCGATACCACGCGCCAATGGGGAATCACGCGGCCCTGCGCCGTGATGTGCGATTGCAGGGCGATCAGCGGCAGCCCCCGCCGGATCGCGGCCCGCACGGTGTCCAGCGAGCCGCCGGAGTACAGCCGGGCCTGCATACCCACCATGGGGGCAAACGTGACGATGGCCTGCGCGGTCATGTACGAGCGGTCACTGGGGCGGGTGTAGCGGCTGACCTCGGCCTGGGAGACGTTCAGGCCGAAGTATGCGAGCACCTGCGAGATGCTGGCCGGGCCGCAGGCGTTGTAGGTCTGCCGGACGAGCGGCATGCCCTGGAGGACATAGCCGGTCGGCGTGGGAGCGGCGGCGACCGCCGTGCCGAGCACGAACAGGGTCAGGAGCATACGCAGGAGCGGCACCGGGTCAGGGTACCCACGGTGCCGTCACGCCAATCTGTCAGTGGGCCGGGATGGCCGGGCTACACCCGCGTCAGATCCTTGGGCAGCGGCAGGAACTCGATCTCGGGGTGCTGCTCGGCGGTGTATTCGAGGTCGTATCGGCTGCGGAACAGCATGACCGGGCGGCCCTGGTCGTCCTCGACGTGGCGGGCAAAGCGGGCCACGCTGGTCGGATCGCCCGCCAGCCAGCGCACGAGCTGGTAGCCCGTGATGTTCAGCTCGACATCCACGCCGTATTCCTCCAGCAGCCGGGCCTGGAAGACCTCGAACTGGAGCGGGCCGACGGCCCCCAGATAGGGATCGCGGGCACCGTCGGTCGGGTAGAAGACCTGCACGACGCCTTCCTCGGAGAGCTGCGCAATGCCCTTCATGAACGCCTTGCGCTTGCCGACGTCCTTGAGGCCCAGCGTGGCGAAGGTCTCGGGCGTGAAGCGCGGGAAGCTGGGGAGCTGCACCTTGGCGTCCACACTGACCACGTCGCCGATCTGGAACACGCCGGGGTTCACGAGGCCGACGATGTCGCCGGGATACGCCTCCTCGACCTTCTCGCGGTCCTGGGCGAACAGGGTGTGCGCCTGCGACAGCCGCAGCTTGCGCCCGGTGCGGGTGTGGGTCACGTCCATGCCGCGCTCGAAATGGCCACTCATGACCCGCATGAAGGCCGTCCGGTCGCGGTGGGCGCGGCTCATGTTCGCCTGCAGCTTGAAGATGAAGCCCGCGAAGCCCGCCTCCGGGGCGCGGTCGCCCAGGGTGGTGTCGGTCGGGCCGGGGGGCGGCGCGAGTTCCACGAAGTTCGCCAGGAAGTGCTCCACGCCGAAGTTGTTCATGGCGCTGCCGAAGAACACGGGCGTGAGTTCGCCGTTCAGGAAGCCGGACGGGTCGAATTCGGGCATCGCCGCCTGGATGAGTT
NZ_CP140098.1_gap54	2452372	2454402	2030	CTCATGGCCGTCATCGCGCTGCTCCAGGCGGAAGCCGTGCGGCAGGAAGTCGCGCACCAGCCCGCTGACCACATGCCCGTGCTGGTTCACGCACACCACGCGGGCGTCCGGGGCGAATTCGAAGAGCACCTGTCGGCACGCGCCGCACGGACTGGCCGGGGGGGTCGCCTCGGAGTACACGACGATGTCGGTGAACGACCGGGCACCAGCCGTGGCCATGGCCTGTACGGCGCTCTGTTCGGCACAGCGGCCCAGGCCGTAGCTGGCGTTCTCGACGTTCACGCCCCGGAAGACCTGACCGTCGGCGGTGCGCAGGGCGGCCCCGACGCGAAAGCGGCTGTACGGAGCATAGGCGCGGGCGAAGGCCGCCCGCGCCGCCTCCAGCAGGGCGGCGTCCGGGATCACGTTCAGGGCGTTGTCGTGTGCGTGGTCAGGCGTGGGCTGTTCAGGAGTGGGCATGGTCATTCCTCGGCGGTTTCCAGGTGAAGGGCGTCGTCGGGCTGGGCGGTGTGCCGCTCGACCAGCACCCGGGTCACCCGGCGATGATCCGCCTGATCCACGGTGAAGGCCCAGCCCCCCTGTACGAAGGTCTGGCCGACCTCGGGGATGTCGCCAAAATGGTCGGTCATGAAGCCCGCGAGCGTGTCGTACTCGGCGTCGCCGTCCTCGATGTTGCTGGCCAGACGCTCCTCGACCTCGTGTACCGTCAGGCTGGCGTCCATCAGGTAGCGGCCCTCGCCCAGGATCTCGATCTGCGGCACTTCTTCCTCGTCGGTCTCGTCGTAGATTTCCCCGACGATCTCCTCCAGGGCGTCTTCCAGCGTGACCAGTCCGGTGATCCCGCCGAACTCGTCCACGACGATGCTCAGGTGGCTCTTCTTCTCGCGCATCTTGGCGAGCAGATCCTTGATCTTCATGCCCTCGGGGACAAAGAAGACCGGGCGCATCACGTCGGCGACCGTCATGTGGTCGAGGTTCTCCAGATGGGCGAGCATGTCGCTGGTGTGCGCGATCCCGACGATGTTGTCGGCCGTGTCCTGGAAGACCGGCACCCGCGAGTACGCGTGCTCGGTGTTCAGCTCCAGCAGCCGCCGCAGCGGCGAGGCCCCGTCCACGACCACCATGTCCACGCGCGGCGTCATGATCTCACGCACGGTGGTGTCCGACAGATCGAAGACGTTGTACACGAGTTCCTTCTCGCTGTCCTCCAGCACCCCCTCCTGACTGGACGCCGAGACGATCATGCGGATCTCCTCCTCGGAGTACGCCGTGTGGTGCCCGGCGACGGCCTTGAGGCCGAACAGGCGCAGGATCACACCGCCCAGGGCGTTCAGGCCCGTGATGACCGGGCGGAAGATCGTCGTGAACACGACCAGCGGCTGCACGAGGCGCAGGGACAGCAGCTCGCTGCGCTGGAGGGCCGCCGACTTCGGCACGAGTTCACCCAGGACGATGTGGAAGGAAGTCGCCAGGATGAAGGCCAGCGTGAAGGCGGCGGGGCGCTGGAACTGTTCGGGCACCCCAGCCCAAACGAACAGCGGTTCGGCCAGATGCTCGATGGCCGGCTCCGAGACGAAGCCGATCAGCAGGCTCATCATGGAGACGCCCAGCTGCACGGCCGCGATGTAGAGATCCAGGCGGCCGAGCACCTTCTGGACGGCCCTCGCCGCCGCGTTGCCCTCCTCGACGAGTTGATCGATGCGGGTGCGGCGCACGCTGACGAGCGCGTACTCGACCGCCACGAAATACCCGTTGAGAAGCACCAGAACGAGCAGGGCCACAACACCTATGTAGTCATTCATGTATGGGCGCGCTCCGTAACCGCGCCCCGGTCGTTCGAACGGCACATGCTGTCCGTGCCCGCACCAGCGGGATCACGGCGACCGGAAAGTTGTTCGACCTCAGCAAAAACGCCGCCCGCAGGCGGTGTTCACCGGGCGAAGTGAGAGAGCCAGTACTGGGAGGCTCCATGGCAGCCCCGAGTCTAACACGCCGGCACGTCAGTCCGGCCCCCGGCTGGTGTTCCGCCG
NZ_CP140098.1_gap55	2459642	2461724	2082	CTGGCCGACCGCGAACTCGAGGAACTGTGGTACGCGGCGACCATGCACGACATCGGCAAGATCCACGGCGAGCCCGGGCACGCGCTGGTCGGCGCGAACTTCCTGCACGGCGTCGGGCACCTCTCCGAGGCCCAGCGGGCCGTCCGGCACCACCATGAACGCTGGGACGGCCAGGGCGAACCGGATCGGCTGACGGGCGAGGACATCCCGCTGTACGCGCGCATCCTGGCGGTCGCCAACGCCTACGTGCGGCTGGGCGGCATCGAGCGTGTCCGGTCACAGGCGGGGCGCAGCCTGGATCCGCGCCTCGTGTCGTCGCTGGAGAAGCTGGATCTGTGAGGCCCGGCCCTGGCGTGGAGTGCCACCCTTGAGTGTGCCCCCGCAGCCCGATCCCCCCGGGGCCGTGCCGCGCTTTCCCGAACTGGAGGCGCGCTACGGGGCCCTCGTGCCGATGGACAGCGGCATGCAGAGCCGCGTGTATGCCACGCCAGGCGGGGATCTGGTCGTGAAGGTCTACCGCAACCAGCGGGGCGACCATGCCCGCGAGGCCCAGAACCTGCGCCGGGCCGGCATGGGCACGTGGGTGGTCGATGTCGCGCAGCTCGACGGTATCGAGGCACTGGTCATGCGGCGCTTTCCGGGTCGCCCGCTGCGTCCCCAGGACGTGCCCACGGCGCTGCCCAGCCTGCGCAGCGCCCTGCAGGCCCTGCACCGCGACACCCAGGGCACCGTGGACGTGGCGCGGGTCGAGCAGCGGCTGCGCCGATTCCGCAGCGCCCTGACCGCCTTCCCGCTGGAGGATCTGTTCACGGCGGTCGAGACGCCGCTGGAGGCGGGGGCCCTGGCCCGCCCGGCCGCGTTCTGCCACCTGGACCTGTGGCACGACAACATCCTGATCTCGGAGGCGGGCGAGGTGCTGCTGATCGACTGGACGAAGGCCGGCCTGGACGATCCCCTGCGCGATCTGGCCCTCCTGAAGACCGGCACCCTGGACCTGCTGCCCCCGGACGACGCCCTGAACGCCGCGCTGTCGTTTCTGCCCGGCGCCTCGCGTGACCTCCTGGCCCTCTACCGTGCGTACATCGCCATGACGACGCTGCACGACCTGTACTGGTTCCTGATGAACGAACCGTACGGCTTCGAGGGCCAGCGGGCCCGCAAGGTGCCGAGGGCCCGGCACGTCATGGCACGGCTGCCCGAGTTCTGAGCGCGGGGTCAGGTGCCGGCTGATCCGGGCGCGGCGAGCCCCTGGCGCGCCAGGGCGGCCCGCAGCACCGGCTCGCGTGTGCCCATGCTGCCGCCCGTGCCGAAATACGCGTTGAGCAGCCGTGCCCAGTCGCCGGGCTGGCCGCCCCGCGCCGCGATTGGGTTCATGATCTCGACCGCTCCGCGCAGTTCCTGATCTGTGGCGACGTGATACGCGTCGGTGTGGATGACCAGCGGGCGCGGCACGCGGGGGCGGTAGGGCGTGTCCTCGGCGGACCGGCCGATGGTCAGGGCCGCGAACGGAAGCACACCGGCCGGCAGCGCCAGCGCGGTGATGATACCGTCCAGTCCGTTCATCACGCCGCCGATCCAGCAGCCCTGGTACCCCAGCATCTCGGCGGCGGTCAGGAGGTTGGTGCCCGCCATGACGGCGTCCCCGAGACCGAAATGCACCGCGATGGCCGGCCACTCACCCGGCTGCCGCCCGGTCACCTCCAGCACCCGCGACACGCGGTGGACATCGGCGCACACCACGAAGGCCTCGCTGGCCGTGGCGATGTGCGCGTTCGTGGTCAGTTCGACCAGCCGCGCCCGCAGCTCCGGGCGCGTGATCCGCACCAGCGAGTACAGCTGAGCGGTCGCGTCGGTCGGCGCGCGCTGCGCGGCGTGCAGGACCGCGTCCAGGTGGTCGTCGGGCAGCGGGATCGGCGAACCGTCCGGAGCCGTGACATACTGCCGAACCGTACGGTGGGCGTCGTAGAAGGCGCGGACATCAGCGGGCGTCTGCGGGGTGCGGCTCAGGGACATGCGGCGGAGCATAGCGCCCCGGCCTGCCCTGGCCCCAGCCCGGCACGGTGCCGCGTCCGCGACCTGGGC
NZ_CP140098.1_gap56	2463693	2464815	1122	CCCCCAGGGCGTCCGCGCCCGGATGAAACGCTCCTCCGGACACCTGACGCCAGTGGTCGGTCAGCCGCAACACGGCCTCCAGATCGGCACCGATCGCGGTGCGGTCATCCGGGTAGGCCAGCCAGCGGCGCAGCTCGCTGTCGGGATCGAAGCGGTTCAGGACGTCTGTCAGCCGCTCGATCTCGGCCAGCGCCGCGCCCTCGGCCTCATCGGCCCTCCGGCGCGAGTCGGCCACCACCTGCACCTCGACCTCGGTGCCCAGGAGACGCTCGTAGACGTGGCGCACGTGGGCCGGTGGACACAGGGAACGCAGCAGCGACAGCGCGGACGGCATGCGGTTCATTCTCTGAACGGAGTTCGAAGATTCAGAGAAGGCACCGCACCGGGACGGCAGGGCTCCATCCCGGTGCGCGCTCGCCGATGGGCGGAGCCGTGGCTCCCCCCCTGCAGCCCCGCCGCGCCGGTCAGGCGGCCGGTGGCGTGGCCAGCACCCAGAACAGCAGCCCCACCAGGATCAGGTCGAGGGCCCACGACGCCGGACGGCGCAGGGCCGCGTTCGAGCGGGCACGCATGACCTGCACCCCGATCCGGACGAGCAGCAGCGAGGCGACGAGCCACGGGCTGGGCGTGGGGCCACCCAGCAGGGGCAGGAACAGCAGCACCGCCAGCACCGCCAGCAGTCCCAGACTGGCAGCGGTCCACGCGTCCGGGCGTCCGGGTGGGTGTGGCGTCGTCACCGCCGGTCGCTCACCGCCGGCGGCTGCACCGGCTCCAGCACCAGCACACTGTTGGGTGGCAGGTTCAGCCGCAGCGAATGCGTCTGGCTGTTCCAGCCCTCGTCCGAGGCGGTCAGGCTGGACTGCTGGGTTCCGAAGCCGCCGTACTCGCCGTCGTCCGTCGACAGCAGCACGCGGTAGTCGCCTCCCTGGGGCGTGCCGACCGGGTACTGTTCGCGGAACACCGGGGTCAGGTTGGCCACGACCAGGCTCCACGCCGCGCTGCCGGGATCGCGGCGCAGGAACGCGTACACGGATTCGTCGGTGGCATCCGCATCGATCCACAGCAGGCCCTCGTCCTTGAGGTCACCGGTGTGCCAGTCGGGCCGCTGGCAGTACAGGGCAT
NZ_CP140098.1_gap57	2633179	2635426	2247	GCAGCGACAGCGCGCCCTGCAGGACGAACCACGTGACCGCGGTGGCTGCGAACGCCCCGGCCGCGCCCAGCCACATCGGGCGGCGCAGGTGCCGGACGGCCCCGCGCCGCAGGCTGCCCATCAGCGCGGCGAGGATCAGCACGGCCTCCAGGCCCTCGCGGAACACGATGATCCCGGCGTTCGTGGCGACCGCGCCGGGGGCGGTCTCGGTGCCCAGGATGCGGGCGACGTCGGCCAGGGTGGTGTCCAGGGCGGCGCGGGTGACCCGGAAGTCGGCGGCGGGCGCGCGGGCGTGGATCAGAGCCGCCAGCCCGGCCGGATGCTGCCCGTTCCAGATCAGCCCCTCCAGCGTGGCCTTGAGCTCCGGGTTGAACACGGCGATGCGCGCCTCGGTGCCGCTCTCCAGCAGGGCGTAGGCGTCCAGGCGAGCGGTCTCGGCGGCCGTCCACTCGCCGGCCTGGGCCGCGGCCACGACCGCGTCGAGCTGGGTGCGCACCACGTCGAGGTCGGCTCCGGCGTCGGCGCGCTGCCACTCGCGCGGGAAGGCCGTCCGGAGGCCCTGGAGCAGCGTCTCCACGTCGGCCCGCAGGGTGTCGGGGGCCGGCACGGTGCGGGCCAGCGCCTCCGGCGCGAGCCGGTCGTGCAGGGCGGTCATGGCGCGGGTCAGCGGCGCGGCCGTGGCCGGCGGGAGCAGGGGCGTCAGGTCGGCCAGGGCCGACCGGGCCCCGCTCAGGAAGGTGCGGGCCTCGTTCACCTCGACCGTCTGCGTGACGACCGCGCGGGTGCCGTCGAGCTTCACGCCGCGCCCGTACTCGACGGGCACCAGACCCAGGAAGCGCGTGACCTGCGACGCCCGCGCCGCGACCTCACGCCCGCTCAGGGGGGCGGCGCGGAAGTCGGCGAGGGCGGCATTCACGGCGTCCAGACTGGCGGGCAGGGCCGCAAGGTGGGCGTCCAGCGTCGTGGCGGCGGCCTCGCCCCGCTGCGCCACGAAGGCATCCCGCAGCAGCGCGAAGTAGCCCTGCGCCAGCGCCGCGTGCCCCGCGGCCAGGGTCGTGAAACCGCGGGCGCGGTCGTCCGCCAGGGCGCGCAGCGCGTCGGACAGCCGGGCCTGGTACGCGCCCAGCACATCCGAGCGCACGGCGGTCAGGGCGTCGGCGGGCGCGAGGTCGCCGGCCGCCAGGGCCTCCACGGCGGTGGTCGCGTCGGCGTTCCCGCGGGTCAGGCTGCTCGCCACGCGGTACTCGCGGGCGGCCAGCCACTCGCGGGCGGCGGGCGCGTCGGCGGCCTGCACGCTGCGTTCCAGGCCGGTGGTGACGCCGTGCAGGACGGCCGTCCACGCCTGGGCCCCGGCCCGCGCCAGGGCGGCCGGACGTCCCTGCCCGGCTGCGGTGCCGGCGGCCGCCAGCGCGGCCTGCACCCGCGCCCCGGCGTCGGCATCGACCGCCGCGATCCGGGGGGCGACGGCCGCGTACGCGGCGCTCGCCTGACCGACCAGCCGCGTGGCCTCGGCGCGGTCGAACTCCACCTCCAGGGAGGCGTCGGCCAGCCGGGCCCGCAGGGTCTCGGTGGCGGTGGCGAGGTCGGCGGTGGCCGCCCGCGCGCCCGGCAGCACGCCGCACGCGGCGGCGATCAGCAGGATCCGGAGCCACATGTCAGTCGACCTTCACGCCCAGCAGCGCGGCGGCCTGCGTGAGCCGCCCGGTGATCACGGTGGCGCGGTTCTGCGCCTCACGCTGCACGGCCTCGGCCTGCTCGGGCGTGTAGCGGCGGGTCTGCTCGCGGCTGACCAACCGGCCCACGTAGGTGGCCAGCTCGTTCAGCCCCGCCTGGATCTGCGTGTCGAGGGCGGGGTTGCGGCCCTTCACATCGGCGCTCAGGCCCCGGTACATGGCCCGCCACGAGCTGACGTTCCCGGCGAGGTCGGACAGGCGGGAGATCACCACGAAGTCCGTGCGCTGGCTGCGGGCCCCCAGCACGAAGGGGCTGGTCTTCCAGTCCTCGAAGAACACGGGGCCGACCGTGGGCACGTTGCCGATCAGCGCCCCGAACACGTCCTGGCGGGTGGGGCTCCACGCGCGGGCCGCGCGCTGCAGCTTCCCGCTCTGGGCGTGCAGCTCGGCGGCGGCGGCCTTCAGGACGTCCGCGTCGGGCATGGTGTCGCCGAAGTCCATCCGGCCGTTGCCGTTCAGGTCGGCGGGCACCCCACTGCCAAAGGCCTTCACTGTGCCCCACAGCGTCCCCTCG
NZ_CP140098.1_gap58	2636686	2640719	4033	GTGCGTGGCGATCGCCTGCGCCACCGGCGTGTGACCCACCACGACCAGCAGCCGCGGCGGCAGCAGCGGCTCGATGAACACCTCGCTCGCGCCCTCCGACGCGCAGTTCATGGGCACCGTCACGCGCTCCGCGAAGGCGTGCTCGGCGTCCTGCGGAGCCGCGCCCGGCACGATCACCACCAGCCGCGCCTGCCCGCCCTGGAGCGACAGCAGCGCCTGCCGCCGCACGATCTCCCGCGAGCACGCCCCGCCCACGAAGCCCTCCATGCGGCCGTCCGCGTGGATCAGCGCCTTATCACCCACCTGCGCGCTCACCGGCGCGCGGCGCGAGATCACGGTCGCCACCGCCACCGCCGCCCCCTCGCGGGCCAGCTCGGCCAGACGCTGCGGCACGTCGGGAATCGACTCCGAATCCCGCGCCGACACGTGCGGTTCAGTCATAGGTCATTCTCCTCCAACGAGAGCCCGCCCGGTGAGGGGCGGGGGGAGTGGGTGTGCGGTTGGGCGACGTGCAAACCCCTCAGTCCGCTGCGCGGCCAGCTCCCCTCAAGGGGAGCCAAAGATGTGCTCGTTGCCTCCCCTTGACTCGCAGAGCCCGCAGGGAGGGGAGGTGCCCGGAGGGCGGAGGGGTTCTCCCCCGCTCAATCCCCGGCCTTCTGTCCCTGAGCGTCCCTCACGGCCTGCCAGATCTTCTCGCGGGTGAGGGGCATGTCGATGTGCTTGACGCCCAGGGGCGAGAGGGCGTCCATGACAGCGTTCACGAAGGCGGCGGGGCTGCCGACGTTGGGGCTCTCGCCGACGCCCTTCGCGCCGATGGGGTGGTGGGGGCTGGGCGTGACGGTGTGGCCGGTCTCCCACACGGGGCTCTCGACCGCGGTGGGCACAAGGTATTCCATGAAGTTGGGGGCCATGTTGTTGCCCTGCGCGTCGTAGGGGATCTCCTGCATGAACGAGATCGCGAAGCCCTCGGTGAGGCCACCGTGCACCTGCCCCTGCACGATGGTGGGGTTGATGATGGTGCCGCAGTCGTCCACGGCGAGGAAGCGGCGCACCTTGACCTCGCCGGTCTCGCCGTCCACGTCCACCACGGCGATGTACGTGCCGTGCGGGAAGGTCATGTTGGGGGGGTCGTAGTACAGGCTGGCTTCCAGGCCGGGTTCGTTGCCCTCGCCGGGGTTCGTGTACGCGGCGAAGGCGACCTCCTTCATGGTCACGGACTTCTCGGGCGCGCCCATGATGGAGAACTGGTAGTCCTTCCACTCGACGTCGTCCTCGGCGGCTTCCAGCAGGTGCGCGGCGACCTTCTTCGCCTTCTCGCGCACGCGGCGCGCGGCGAGCGCCAGGGCGGCCCCGGCGACCGGCGTGCTGCGGCTGGCGTAGGTGCCCAGGCCGTAGGGGGCGGTGTCGGTGTCACCCTCCTCCACGAGCAGGTTCTCGGGGTCGAGGCCGAGCTCCTCGGCGACGATCTGCGCCCACGTCGTCTCGTGGCCCTGGCCCTGGCTCTTGGTGCCGGCGCGGACGATGCCGGTGCCGGTGGGGTGGATGCGCACCTCGGCCGAGTCGAACATCTTGATGCCCAGGATGTCGAAGTGCTTGCTGGGGCCCGCCCCGACGACCTCGGTGAAGGTCGAGAGCCCGATGCCCATGAGTTCCCCGCGGGCGCGCTTCTCGGCCTGTTCCTTTCTCAGCTCGTCGTAGCCGATGAGGTTCAGGGCGTGGTCGAGGGTGCCCGCGTAGTCGCCGCTGTCGTACGTGAAGCCCAGCGCGCTCTTGTACGGGAACTCGTCCTTCTGCACAAAGTTCTTCTTGCGCAGCTCGGCCGGATCCATCTTCAGCTCGCCGGCCAGCAGATCCATGCCGCGCTCGATGGCGTAACTGGCCTCCGTGACGCGGAACGAGCAGCGGTACGCCACGCCGCCCGGGGCCTTGTTCGTGAAGTACGCGTCGAGTTCCGTGAACGCCACGGGGAAGTCGTAGCTGCCGGTCACGATGCCGAACATGCCCGCCGGGTACTGGGTGGGGTCGGCGGCGGCGTCGAAGGCCCCGTGGTCGGCGACGGTCTTGACCTTCAGGGCGGTCACGGTGCCGTCCTTCTTCGCGCCGATGGTCACGTCCATGTGGTAGTCGCGGGCGAAACCGGTGGTCGTCAGGTTCTCGGTGCGCGTCTCGATCCACTTCACGGGCGTCTTGAGGATCAGCGCGCCCACGATGGCGCACACGTACCCGGGGTACACCGGCACCTTGTTCCCGAAACCGCCGCCGATGTCCGGGGCGACCACGCGGATCTTGTCCTCGGGAATGCCGGTCACGAGCGAGATCGCGGTGCGGTACACGTGCGGGGCCTGGCTGGTCACGTGGAAGGTCAGGCGGCCCATCGCGTCGAACTGCGCCACGCACCCGCAGGGTTCCAGCGGCGCGGGGTGGCAGCGCGGCGAGTACACCTTCTCGTTGATGACGACCTCGGCGTCGCCGAGCGCGGCGTCGGTCTCGTCGCGGTGGCCGCTCTCCCAGTGGTAGATGTGGTTGGTCTTGTCGTCGCGGTCGTCGCGCAGGATCGTCTCGTCCTTCATGGCGTCGAAGGGCGACGTGACCGGGTCGAGCGGTTCGTAGTCCACCTCGACGAGTTCCACGGCGTCCATGGCGGCCTCGCGCGTCTCGGCGAACACCGCGGCGACCTCCTGGTGCTGGAACAGCGCCTTGCCGACCGCGAGCACCATCTGCTTGTCGAAGCCGTGGAAGGTGGGCAGCCACCCCAGACTGGCCGCCACGAGGTCTTCCCCGGTGATGACCGCCTTCACGCCGGGCACGGCCAGCGCGGCCGTCTTGTCGATCGACCGGATGCGCGCGTGCGGGTACGGGCTGTGCACGATCGCCATGCTGAGCATGCCGGGAATGACGAGGTCGTCGACGTAGTTGCCCTGCCCGGTCAGGAAGCGCGGGTCTTCCTTGCGCTTCATGCCCTTGCCCATGGCGTGCTTCTCTTTGGGGGTGGTGGTCACTGGCTCCCTCCCGTGGCCGCGGCGGCCAGCGTGTCGAGCTTCCCGGCCTGGTCGTCGCGCAGCGCCTGCGCGGCCTGCTGCACGGCCTTGACGATGTTGTTGTAGCCGGTGCAGCGGCACAGGTTCCCGCCCAGGAACTCGCGCACCTCCTGATCCGTGGGGTCGGTGTGGTGCTGGAGCATGGCGTAGCTGGTCATGAGCATGCCCGGCGTGCAGTACCCGCACTGCAGGCCGTGCTGATCCCAGAACGCCTGCTGCAGGGGGTGCAGCGCGCCGGGCGCGCCGAGCCCCTCGACGGTGGTGATCTCGCGGCCCTCGGCCTGCACGGCGAACATGGTGCACGACTTGACGGGCGTGTCGCCGTCGAGCACGACCACGCAGCACCCGCACGAGGAGCTGTCGCAGCCGACGTGCGTGCCCCTGAGGCCCGTGTCGCGGATCGCGTAGGCGAGCATCTTGCGCGGCTCGACGTCCTGCTTGTACGCCCGGCCGTTGATCTTCAGGGTGATGCGGTGGGTGGTCTCGGCGGTGTCGGTGGGTTCGGCGGTGGTCATGCGGACGCTCCCAGGTCGAGGTTCAGGCGGCCGGCGGCCTTGCGCAGGCCCCGCGCGACGAGCACGCGGGCCATGTCCTTCTTGTAGTCCACGCCCCCGCGGGTGTCCGCGAAGGGCTCGCTGATGGCGCGGGCCTCGTCGCTCGCGGCGCGGATCAGGTTCTCGGAGAGCGTCTGCCCGACCAGGATGCGCTCGGCGGCGTCCACGCGCACGGGGCGCGGGCCGGCGGCGGTCAGGGCCACGCCCGCGTGCGTGACACGCCCGGCCTCGTCCACCGTGAGCTGCACGGCCGCGGCGGCGGTCGCGTAGTCGCCGACCTTGCGCTCGATCTTCTGGTACGCGCCCTGGGTGCGGGCGTCCGGCGTGGGGAAGCGCACCTCGACGGCCATCTCACCCTCCTGCAGCGCAGTCTGGAAGGAGTCCACCAGCCACTCGTCGATGGGGATCTCGCGCTCTCCGTCCTTGCCGCGCACGACCATG
NZ_CP140098.1_gap59	2644732	2647489	2757	TTCGGCCACTTGCGGAGTTGTGGCAACGAACCAGCATGGCCGCCTCTAGAGTGCATCACATGAAAAGCCTGCTCCTCGCGGCCCTGCTCACGTCATCGGTCGCCCAGGCCCAGCAGGTCTGGGAATATGGCGTATTGAGCTTCGCTGACGTGTATTCGAAAGACCGTAAATAGGTCAAGGATCAGGAATACTCCTGGACGGTGGCTGGGCGCATCCTGTTCGCCAGCCGCTCGGGCACCAGTTTACCCAGCCTGATCCTGACCGCCACGGGGGTCAAGGTCGACCCTAATGGTCTCAAGGGAGGCAATGATTTCGAACCCTGGAGGGTCACGGTCATGAATGCCTTCGGACAGGCGGGCTGGGAACTGACGGGTGTGCAGTCGACGACAGGTACAGTTCTGGGTGTCTACAAGACCTATCAGGTGTTCTGGATGAAGCGGTTGAAACCCTGATCATTCACTCCAGCCCGTCCAGCCTCTTCCACCCCAACGTCAGGCTCAGCCACGTTCCGAATACGGTCGCCAGCCCCAGGCCGATCAGGCCCAGCACCCCTTCTGGCGTGCCCAGCGCACTGAAGCCGGGATACAGGTCGGGGCGCAGGACACTCCCGGCGGCGGGCCGGGCGAGCAGCAGCAGACACAGCACGCTGTACGCGAGGCTCAGGCCCATGTAGGCCAGCCCCCCGGCACTGACGCCAATCTCGGCAGGATTGTCGGCGTCGAACTTCGGGGCCGCTGCGCCCAGACCCACGCCCAGCGCGGTGATGACCAGGGCGTTGCTGAGACTGACCAGCACACTCAGGAGCAGCAGCGTGGGGCCGAGGCTCATGGACACGGCGCTGGCGACGCCCATCACGAGTCCCACGACCAGCGTGACCGGGAGGACGCCCAGAAATTTGCTGACCACGATCTGCCGGGGGGCGATGGGCGCGGTGCGGAGCAGCCAGTAGGCCCTCGCCTCGGTGGACACAGCGGGGAATGCCAGCCGGACGGCAATCCCGGCGATGATGAAGCCCTGGAACGCGAGCTGGATGTAGCCCAGGATGCCCCGGAACTGCGGGATGGGGATGGGGACGGCGCGGACGCTGACGAGATACACGCCCGCCAGCGCGGCGACGACGAGCAGCTGGCTCCACTGCGTCGGGTCGCGCAGCGTGACACGCAGATCCTTGCTGGCCAGGCTGCCACCGGGGCCGAGGCGCGAGAGCAGGCGTTCGATGACACGGGCACGTTTCGGCGTGGGATCGAGTTTCGGCGTGCTGGAGTCCAGCGCACGTGCCCAGCCCTCCTGATACGCCTTCGTCGCCAGGATGGTGGCGGCCAGCAACAGTCCAATCGTCAGCACCAGCAGCGGCAGCAGCGCCGCGGCCAGCTGACCGTGTGCGGCCTGCCAGATGCCCTGGGCGGCCCACGAGGGCGGCAGCAGCGGACTGGACGGCCCGGCGAAATCGCGCAGCAGAGCCTCGACCTTCGTGGGATCCTGCATCTTCTGCACCAGCACCTCGGGGCGCAGGGCACGGATCGCGTACACCAGCCCGGCGCTGAGGAGCACCCCCAGCGCGGTGCTGACCTCGCGCACGCGGCCGACCGGGGCGACACGCATGAGCCCCACGGCGAGCAGTGCCCCCAGCCCCACCGGCGCGGCGAAGGTCAGGATGGCCGCGAGGATCATGACCGGGTACGCCCACCACGGCGCGTGGAAATACACGGCGACGGTCAGCAGCAGCGGCACGGTCAGGAACACCGGCACCAGCGCGGCGTTCAGGAAGGTCTCGCTGACCTTCAGGGCAAAGACCCGCCACGTGGCGAGCGGCTGCGTGAGGAGGAAGTTCAGGTCGTCGCTGAGGTACAGCGTACTGATCGCGGCGGTGGTGGCGCTGAAGGTCACGCCGCTGGACAGCGTGATCAGGCCGATCTCCAGCACGCGGGCAAAGACATTGGTGCCGATGTCCCCGAAGGTGCCCAGGAAGGTCAGGGCCCGCCACACGCCGTAGACCTCGGCCCACACCAGCATCACGCCCAGGAGCATCAGGAGCGCGAGGCCGGGCTTCGAGGCCCGCTCCAGCGTGTGCCGCAGCGTGGTCACCTTGAGGGACAGCAGGCTGGGGGGCCGGACACGGGTCACCGGCACGGGCGCAGGCGTGGTCGTCATGCGTGCGGCGCGGCCTCGCGGCGGCGCAGCTCCTCCTGCTGCTCCTCGTCGATCAGGCGGAAGAAGATGCGTTCCAGGCTGTCGCCGTGCACCCCGCCGGCCGCCGTGCCGGTGCGCGCCCGCAGGTCGTCCATGGTGCCCTCACCGAGCACTTTGCCCCGGTCGAGCACCACCAGCCGGTCGCACACGGCCTCCGCGAGCGGCAGCGAATGGGTGGTCAGGAGCACCGTGCGGCCCCGGTCGGCATGGGCGCGGAACAGCTCACGCACCTGCCGCGCCGCGTGCGGGTCGAGGCCCACCATGGGTTCGTCGACGATCAGCACCGGTGGATCGGGCAGCAGCGCGGCGATGATGGCGACCTTCTGGCGCATGCCGTGCGAGTACGTCTCGATGAGTTCGTTGCCGAAATCACTCAGGCGGAAGAACTCCAGCCAGCGGTCGATCTCCGGATCAGCCGCAGGCACGCGGTAGAGCTGCGCCACGAAGCGCAGGAGTTCACGGGCCGTCAGCTTGCCGTACAGGTACGGGCGATCCGGGATGTACCCGAAGGCCGCCTTGGCCTTCACGGGTTCCCGCCACACGTCGACATTCTGCACACGCACCGTG
NZ_CP140098.1_gap60	2836834	2841266	4432	CCTGCTCAAGGCCGGTGCTCTGAGCAGCCCATCGAGAGGAACAGTGACCATTACGGATCGCGGGAGAAACCTGCTGGCACAGCGCCCCAACACTGTATCGACACGCGATCTGCTCGCTTTCCCCGAGTTCCAGCAGTTCCAGGCAGGCGGGGAGCCCGCCGATTCGACGGTCACCGTCGTACCGGACGCGGCCCAACCCACCCTCTCCCCTGAGGAGCAGCTTGAAGCCCTCTCCGCCACCCTGGATCACGCCCTCGTCAAAGAATTGCAGACTCAAATCCAGACCGTCTCAGCGCAGCAATTCGAGCGGCTTGTGGTGGCCGTGCTGGTCGCCATGGGCTACGGGGGCAGCGCGAGGGACGCAGGAATGGCCATCGGAAAGAGTGGAGACAACGGCATTGACGGCCTCATCAAGCAGGATCCGCTGGGCCTGGATCGCGTCTACATTCAGGCCAAGAAATGGCAGAACCCGGTTCATAGTCCGGAAATCCGCACCTTCGCGGGCAGCCTGACCTATCACAGGGCGTCCAAGGGCTTTTTCATCACGACCGCAGCGTTCAGCGACGGAGCAATGAAGACGGCAGCCCAGATCGGCAACATCATCCTGATCGACGGGGCGACGTTGGCGCGCCTGATGATCGACTACGGGGTCGGTGTGATTACGCGGGAGACTTACCGCGTTCGCCGGGTCGATGTCGAGTATTTCGACGAGTTATGACCACCGCCCCCACCCTCACCACTCCGCGCCTGCTGCTGCGCCCGCACCGCGCGGACGATCTGGATTCGTGCGTGGAGCTGTGGCAGGACGCAGTGGTCACGCGGTACACGAGCGGCAAACCTCTGGCGCGGCAGGACGTGTGGACGCGGCTGCTGCGGCACCCCGGTCACTGGGCGCTGCTGGGCTTCGGGTACTGGGTGGCCGAGGAACGCGAGTCCGGACGCTTCGTGGGCGAGGTGGGGCTGGGGCGCTTCAAGCGTGACCTGCTGGCGGGGCAGCCGGAACTGGACGCGGTTCCCGAGGCGGGCTGGGTGACGCTGCCGTGGGCGCACGGGCGCGGCTACGCGGGCGAGGCGGTGGGCGCGGTGCTGGGCTGGCGGGACGCGCACCTGCCGGGCGCGGAGACCTTCTGCATCATCAGCCCGGAGAACGCGGCGTCGCTGCGGCTGGCGGCCCGCGTGGGCTTTGTGGTGACGGGCGAGGCGGGAGCGCCGGACGACCGGGTGCTGGTACTGACCCGGACACGCCCTCAGATCCGCGCCGAGTGACGGCTCTCGACCCGCGCCACCTGATCCCAGCGCCAGGAACCGGCATGCGCCATGGCCGCCAGCCGGCGGCGCAGCGCGTCGTGCGTGTGCAGGAATTCGCGGTACTCGTCCGCACTGCGCACGGCCAGTCCGGCGTCCCGCAGGATGTCCAGATCCGGGGGGGGTGGAGTGGGCGGCAGGGGCTGGTGGTGCACGCGTTCGAAGGTGCGGGTCAGCGAGTCGACCGACGCGAGCGCGCGTTGCAGGCCGGGTGGGCGGTCGCTGTCCAGCGCTCCCTGGATGATCAGCAGCGCCTCGCCCAGGGCCGGCAGCGTCAGATCCAGGGCGTCCTGCCGGTCGTGATCGTGGAAGCGGTGCAGGTACGGCGAGTTCAGGTGCGCCGCATCGATGCGGTTCAGGATCAGGTGCAGGTCCGTGGTCAGGCTCAGCAGACCCCGGTCGTGATCCGTGTGGGCCCGCAGGATCAGGTTCTGGGCATCCGGCCCCGCGCGGTGCAGGTGCAGGGCCAGTTCGCGCCGGTCACTGCGGGCCTGGGCGATGGGCACGATGAAGGTGATGGCGAAACTCAGCAGGAAGAAGCCGTTGATCGACGCTATGTCGGTCATGATCCGCCAGAAGGTCTCGGGCGCGATGATCTCGCCCAGACCCAGGGTGCTCAGCGTGTACCCGACGAAGTAGAAGGTGGCCGGAAAGGTCGCGGCCTGCCCGCTCTCGGCACCCAGCAGGGCTCCGGGCTGCGACCAGAAGATCAGGGTCCAGCCGAACCACACCAGCAGTGTCCATGCGATCAGCGTCCCGACGATCAGGGTGGGCGTGCTCCACGACAGCCAGGTGCGCCGCCCACTGATCCTCGACGCCGTCGTGACGATCCAGTACAGCGGTCGGTGGATGGCCCGGCTCAGGCGACCCTCGCCGGACTGGATACACGTGACGAGCATATCGGCCAGGACGGCCACGACGAGCACCAGACCGGGAATCCACAGGAACTGACGGAGCATCGTCCACAGTGTGACACCCCCGGTCGGCGGCGGCGCGTGCCGGCTCAGCGCCCGCGCTGCCGCCGTTCCTGTTCGCGCATGGGCATGGTGTCGATCAGGGCGTTCACGGTCGACAGAGACGGCGGTGACGGATACGTCGCCTTGATGCCGCGATCCTTGCCGATCAGGGCGGCAGCACCGTACCGGGAACCCACCTTGCCCCCCGGATCGGCCAGCACCGTGAGCATCAGCGAGCCGGGCGCATTCAGGCGGGCGTCGCCGGGCGGCACCAGCGCCACCACGCGCAGATCACGCACCTGCAACTCGGTGTCCTGTGCCCGCATGGCGTCCAGATACGCCGCTGTCGGATTGCGGACGATCAGGATCCGTTCGCGGCCCAGGGCGCTGGACAGTGACCAGTCGCGGCCCTGAGCCGTCTGGAGGGTGAAGGGGGCAGCCAGGGCCGAGACAGCCAGCAGCGCGGAAACGGTCATACCCGAGTGTGCCGGTCAGTGGTGAGGGCAGCGCGGCAGTCGGATCGGGATGCATTAAGGGTCGGGAGAACCCGGGAATGGCCGCCCCCGAGGAGCATGGCACCGGGGGCCATCCCTGCAGATGACCGCACCGTCAGTTCCCCCTATACTCCGGCGCGGGTGGAGGCGGCGGAGCTGCCCACCTCCGGGGGACGTGATGCGGGACAGGACGCGGAGACGGCGTGCGCTGCTGGCAGGAGCAGCGCTGGTGGGCGCAGGGATGACCGGTCGAGGTGGCACCCAGGCCGCCGACACCACAGCGACCGACGCGGTGGTCAAGGCGGCCTCCACGCTGTTCGTCTCGGCGCAGCTGGGGGGACTGATCCGGGACTGGTGCGTGGCTCAGGCCCCAGCACAGCGGGCCGGGGTGGACAGGGGCTATGCCGCGTGGCAGGCCACCTTCGGACTGCCCGCCATCGAAACGTACCTCCGACGTTCCAGTCCGGAACTCGTGAATCGCCTGAGCTCGGCGGCGCTGGCACGGCGGCAGGAGGTGAACCGTCTCCTGACGGGCGAGAGTCAGAACCCTGCCACCGACTGCGCGAACCTGCGCGACCTCCTGATGAGACACGCGGATCTGGGACGGCAGTACCCCCAGGAGTACGCGCTGACCGCCCAGATCCGCCGGGGAACCGCCACGGCCGCGCCGGCGCCGGTAGCGACCACGCCAGGAACAGCGGGCACCGGCGGGCCGTTCGTGACCGCCACGGAATTCGGGCCGTTCTACCGTTCTGCGATCCTGACCCGGCTGGTGGCGGCAGGAGGGCAGGCCCCGTTCCGGCCCGGCGGTGCATTGAAATCCGCCGCCTATACCTGCGTGCAGAAGGACACCGACGAGAACGAGACCCTTGAGGGCACCACCCGCTACACCCTGACCCTGTGGGCGGATCACGGCCTGCGGGCCACGAACCTGAAGCGCCAGTGGAAGGCGAACGCGCCATACACGCTCAAGGATCTGGCCGGGCGCTTCACCTACGACGCGAACACCGGCGCGATCCAGATCGACGCCGACTACGACAACCGGATGCTGGAGGATCTGGTGGTCGAGGCCGGGGTGTACCGGGGCGTGGGCGACGACGCCCCGCGCTACAACATGTTCCGCGCCCTGACCGGTGCCGACGGGCGGATGCTGCTGTACGGCCAGCAGGCCTACGGCGCCGACTCGGACACCACCCAGACGATCTGCACGCCCGCCGGCGCGCCGGCCGGCCTCTCGCCGGTCGAGGCCGCGAGGCGGGAGCAGGCCGAGCAGGAGCGGATCTTCAACCTGTACCGCACGACGCCGGGGGCGGGGGCGACATCCGCGCAGATCGAGGGCATCGTGCATTCCTACGACAACCGGTACGACGGGGTCAACGTGACCGGCGAGGAGCGCTCGGTGCTGCTGCTCAGGGACGGGCGGGCGTACCTGAACCTGCGCTGGACACCCCACGACCTGAACGTGGCCGCGTCGGTGACGGGCGAGCCGGGACAGTGGACGCGCTGGCGGCGGATCGGTGGCGCCCTGCAGGTGCAGCGCGGCGGACAGTGGGAGGCTCTGAAGGCGGTGCCGGGCCTGCCCTTCCAGAAGAACGAACGCCTGACCGGCACCTACGGCCTGGAGACGGCGTACACCTCCGGCACGCTGATGTGGGGCGCGACCTCGGTCTGGCGGCA
NZ_CP140098.1_gap61	2842390	2844737	2347	GTACCGTATTTCAGGATCATCTGCTCGGGCAGGCCGTTCTGCACCGACACGATCACGGCCACGCTGGCGTCGGCGGCGGCGATCTCCTCCAGGCACAGGGCGTAGGTCACGGAGTCCAGGCCCGCCCCGCCCCAGCGCTCGGGAACCGTGGCCCCCAGCAGGCCCAGGTCGGCCAGGCCGCGCAGCTGCCCGCGGGGATACTCGCCACTGCGGTCAAAGGCGGCGGCGTGCGGCGCGATCTCGGCGCGGCTGTACTCGCGGACGTGCTGCACGATCAGGCGCTGGTCGTCGGACAGCGCGAAGGCCATGCCCTCGCTGGCGGTGGTGGCGGCGGTCATACGTCAGCCTACCAAACGGGCGTTAGGTTCCGGCCAGGGCCGCTGTGAGCGCTTCCTCGATACCGCGCCCCCTCCAGCCGCTGTCGATCGCCTGCACGTCTCCTTCACTCCAGCGCAGGTGTGCTCCTATGACCGACCCGCCGGCAATCGCCAGGGCCGCGTGCGTGACGGCCTCCGGTGGAACACCAGGGCACAGGCGGGCCGCAGCGGTGCGCAGGGCCGGAGCCAGCGGCAGGGGCGGGCAGGTCACTCGGACACGGGCGGGCAGGGACACACCATGAAGAATAGACGCTGTGAGGTTCTTCACGGCGCACCACACGCGGGTCACTAGAATGCCCCCGGTACACGTGGACGGAACCCTCGCATGACAGTGACCTCACCATGAAAGTGGGTGGCATGGCTGGCGGTGGCCCTGCTGATCCTTCTGGCACTGACGCTGGGAGCGCTCACGCTGGGCGCTTTCGCGTCCCTAAACAGCGGCGCTCCGCTGCTGCTGCGCTCGGCAGGAACCGTCACCACGACTGTGCTCAGCCAGCTGGGGCTGCCGGACATGGAGCCGCTCGACCGGGCCCTCATCCTGACCGGCGTGACCGGTGTGGTGGCGGCGCTTGCGGCATATATCAAACCGCGTTCCTGAGCCGCCCATGACCCGCTCCCGCACGCCTTAACATGCGTTCAGGGGCCTCTCATTACCCCCGTGCTTACGATTGGATGGTTTGTCCCGGAGGATGAGTGTGAGGCTGTCAGAAAGACATCGGTATCGACCTGGGAACGGCGACGTTCCTGATTTACAGCAAGAGTCGCGGCCTGGTATTGCAGGAACCCAGCGTGATCGCCATGTCGCGCGACAGCAAACAGGTCAAGGCGGTGGCGAGGAAGCCTACCGCATGATCGGGCGCACGCCCGGCGGGATCGTGGCCGTGCGGCCCATCAAGGACGGAGTGATCGCCGACGAGGGCCTCACCGAGAAGATGATCTCGATGTTCCTGCAGAAGGTGCAGGGCAGCGCGGGCCGCCTGTTCGGCTTCAAGCCGCAGCTGATGGTCGGGGTGCCCAGCAACGTCAGCGACGTGGAAAAACGCGCTGTGCTGCGGGCCGCCCTGAACGCCAACGCCAAACGCGCCTTCCTGATCGAGGAACCGCTGGCCGCCGCAATTGGCGCGGGCCTGAAGATCGCCGAACCGATCGGCTCGATGGTCGTGGACATCGGCGGGGGCAGCACCGACGTCGCCGTGATCTCGCTGGGCGGCATCGTGGTGTCCGAATCCATGCGGATCGCCGGCAACGAGTTCGACGAGAGCATCATCCGCTTCGTGCGGCGCAAGCACAACGTCCTGATCGGGGAGCGCACCGCCGAGGAGATCAAGGTCAAGGTCGGCGCGGCCATGCTGCTCGACGACGCCGAGAACCTGACCGCCGAGGTGCGGGGCCGTGACCTCGTGAACGGCCTGCCCAAGACGATCTCGCTGGACAGCCGCGACGTCGTCGAGGCCCTGTCCGAGCCCGTGACCAAGATCGTGGACGGCGTGAAGCGCGTGCTGGAGATCACCCCACCGGAACTCGTGAGCGACATCATTGACCGCGGGATCGTTATGACCGGTGGCGGCTCGCTGCTGCGCAACTTCGACGAACTGCTGCGCCAGACGACCGGCATTCCTGTGGCCGTAGCCGAGAACGCCGTCGAGGCCGTCGCGGTCGGCACCGGCATGGCGCTGGAGATGATCCCGGTGCTGGGCGATTCGCTGGTCAGCAGCGACAATTACCTGAGACGGTAACGATCTGGCGATGAGCTCTGGGCGTTGAGCGATGAGGAACGGACGGGAGGCGGCCCAGACAGCCCCTCCCCTCTTTTATTGCCCAGCACCCACAGCCCCCTCCGAAGGAGCCCCCATGAACCCGATCCTGATCCAGGACGTCCTCAAGACCCTGCCCCACCGCTTTCCCTTCCTGCTCGTCGACCGGGTGTTGAGTGTGGAGGGTGGCGTCGTGCACGCCATCAAGAACGTGAG
NZ_CP140098.1_gap62	2851896	2856463	4567	CAGTGCGGCGTCACCCCGAACTGGATCGCGTCGTACCGGTAGTTCAGCCGCTCCGACAGGCCACTGAGCACCTTCCGCGCCCCCAGCGCCCGCGTCAGGTCGGCGGCCAGCGCGTTCGAGGAGCCGCCCCCGGACACCGGCTTGTGCACGGGAGAGGTGCTGGTGAGGGCCTGCTTCTCGGGGATCATGGTGCACCTCCGGCGCGCCGAGGGCCGGGAGCACAGGGCAGGGGGCACCAGGCATCCGGCTCTGTGCCTTCGGCCCTCGGCCCTCTGCAAGGCGAAGCCATCACAGTTCCCCCCGGTACGCCAGATCGAGCACTTCCACGGTGTGCATGACGGGCACGGGGCTGCCCTGGCGGCGGACGTGGCTCTGGATCTGGGTGTGGCAGCCGATGTTGCCGCTGGCGATCAGGTCGGGCGTGGTCGAGAGGATGTTCCGCGCCTTGCGCTGGCCGAGCTGCGTGGCGAGTTCCGGCTGTTCGAGGTTGTACGTGCCGGCCGAGCCGCAGCACAGGTCGCCCTCGGGCACCTCCAGCACGGTCACGCCGGGGATGTGCCGCAGCAGGGCGCGGGGGGCGGCCCGCACGCCCTGCGCGTGGGCGAGGTGGCATGCGTCGTGGTACGCGACGGTCAGGGGGCGCGAGGCGGGCACCATCGGCTCCAGGGTGCCGTCGAGCAGCAGGGCGTTGAGGTACTCGCTGATGTCCATGACCTTGTCCGCGAACGCGCGGGCGCAGGCCTCGTCGGGCTCACCGTGCAGCACCATGGGGTACTCCTTGAGGCCCGCGCCGCACCCGGCCGCGTTGGACAGGATCGCGTCGTAGTCGTCGGGGTTGAAGGCGTTCAGGTTGGCCCGCACGAGGTTCAGGGCCTCGTCCCGCGCGCCCGTGTGCAGCGCCGCCGCGCCGCAGCAGCCCTGGCCGTCCGGCACGACGACCTCGATGCCGTTGCGCGCGAGGACGCGCAGGGTCGCGGCGTTGAAGTTCGGCGCGAGCGCCTGCTGCGCGCAGCCCACGAGGAACGCCACCCGGCCGCGCTTCTGCCCCCGCGCGGGCGTGAAGGGCGCGCTGGGCTGCATGGCGGGCACGTGTTCGGGCAGCAGGTCGAGGGGACTGCGCAGCGCGTCGGGCAGCAGCGGCGCGAGCGGCTTGGCGAACTGGCCCACGCGGGCGGCCACGCTGAACAGCTTCGGGGCGGGCAGCGCCTTGAGGATCGCGTAGCGCTTGGCGCGGTCGAGGGGCGACCGTGTGCGCTGCGGCTCGCTCCAGCCCCGGAAGGCCGTGATCAGTTCCCCGTAGGGCACGCCGCTGGGGCACGCGGTCACGCAGCCCATGCAGCCCAGGCAACGGTCGAGGTGCGGGGCGGCGTCCATCAGGGGCAGGCCGCCCTCCAGCACCTCCTTCATCAGGATGATCCGGCCGCGCGGGCTGTCCATCTCGTCGCCCAGCAGCGCGTACGTCGGGCACGCGGGCAGGCAGAACCCGCAGTGCACGCAGGCGTCCACAGCGTGCGCCATCACCTCGCCCTGACCGCCGGGCACGTGCGCGGGAATGTCGTTGTTCAAGCGCGAAACTCCATACGGCCCAGGATAGGCGCGCGTGGGCCGGAGGAAAGGGCACGGGGGCTCTGTGGGCTAGGGGTGTGGGGAACAGGGTCAGTGGGCAAAGCACTTCGTAATCCAGTCCAGCGTCTGCCCGCGCCAACCGGCGCACACTCGCGGGCATGACTGCTTCCTCTCCCCTGCCGCTGTCCGTTCTCGATCTGGTGCCGGTGCCGCTGGGCATGGACGCGGCGGGGGGCGTGCACGAGGCGCTGCGGCTGGCGCAGGAGGCCGAGGCGCTGGGCTACCACCGCTACTGGGTCGCGGAGCACCACAACATGGGGGCGCTGGCGTCCAGCGTGCCGCTGGCGGTGCTGGCGGCGGCGTCGCAGGTGACCTCGACCATCCGCCTGGGCTCGGGCGGGGTGATGCTCCCGAACCATTCGCCACTGTCGGTGGCGGAGGGCTACCGTCTTCTGGGCGCGCTCGCGCCGGGCCGCGTGGATCTGGGCCTGGGCCGCGCGCCGGGCACGGACGGACGCACGGCGCGGGCGCTGCGGGGCGCGGGGGCCATGATGGAGGAACCCTTCGAGCGGCAGCTGTCCGACCTGATCGCGTACGGCACGGGCGAGTTCCCGGCCGGGCATCCCTTCGCGGGGACGGTGGCGGCCCCGGCGGGCGAGGGGCTGTTCCCGCCGCTGTGGATCCTGAGCAGCAGCGGCCACGGCGCGCACGTGGCCGCGCAGGCGGGGGCGGGGCTGGCGTTCGCGTGGCACATCAACCCGGACACCGACCTGGCGCGGCGGGCGGCGGACGCGTACCGGCGGCATTTCGAGCCCTCGGCGGCGTTCCCGGAGCCGCGGGTGATCGTGGCGGCCAGCGTGGTCACGGCCCCGACCGCGGCCGAGGCCGAGGAGCAGAGCCTGCCGCTGGGCCTGATGTTCCTGCGCCTGACGCGCGGCGAGAGCGCGCCCTTCCCCACCGTGGAGGAGGCGAAGGCGTACCCGTACACCCCGCAGGAGCGGGCGGTGGCCGACGGGATGCGCCGCCGGGCGATCATCGGCGATCCGCGGACGGTGGCGGAGCGTCTGCACGCGCTGGCCGAGGACACCGGGGCCGACGAACTGATCCTGAGCGTGAATGTGCCGGATCCTGCCCTGCGCCGCCGCGCGCTGGGACTGATCATGGATGCCGTGCAGGTGGCCGACCGGCCGACCGCCCTGGTGGGGTAACGCACCGGGCACTGGAGTCAGCCCTGACGGACACGCACCTCAGCTGAAGTCGGCCTTCTGCGGCTCCGGCAACCTCGTGGCGATCACGGCGCTGGGGATCAGCAGGGTCAGCGCCACCAGGGCGGCGGTGGTCGGGGTCGTCACGTCGGCCAGCGCCCCCACGAGGAAGACCAGCAGACCGGCGAAGCCCCACGAGAAGCCCATCATGATCGAACTGGCGACCGCGACGTGGCCGGGCGCGTACTCCTGTGCGGTGACCACCCCGACGGGAATGCTGGCATTGACGGCCGCCCCGACCAGGAAGGTGAGCGGGTAAAACCACCAGTCGCCGGGACTGGACAGGATCAGCGCGGCGAAGAAGGGAATGGTGGTCAGGATCGCGCCGCGCAGCACCGGCGTCCGGCCGTGACGGTCACTCAGGCGGCCCCCCAGGATCCCGCCGAGGGCGCTGGCCACGGCGAACACCGCCAGGGTGATGGCGACCTCGCGCGCCCCGTAGCCCCGGCCGAGCAGGATGAACGGCAGCATGGCGTTGTAGCCCATGCTGGCGAGGCTGCGCAGCACCGCCATGGCCCACAGCCACACGATCGGCCCTCGGAAGATCCCCACGTACTCGGCCACCGACACCCGGCGCGCCTTCTGGACGCCGCTGGGCGTGACGGCGAAGGTCACGGCGGCGACGACCACGCCGATCAGCGCGAACCATGGCAGATGCGTGAGGCCCACGCCGGCGAACACTGGCCCCAGGGCCATCCCGCCGGTGCCGCCCGCGCTGAACAGGCTGGCCCACAGCCCGCGCCGATCCGGTGGGCTGTGCTGGGCGACATACGCGGCCCCGGCCGGATGGAAGAACCCGCTGCCCAGCCCGGCCACGGCGACGAGCAGCACCAGCGCCCCGAACCACGGCACGAAGCCCATGAGGGTCAGGCCCACGCCGGTCATCAGCGGGCCCAGGGCCGCGGCGTAGCGGCGGTCGAGGCGCTCCCCGACGATGCCCAGCACGGGCTGGAGCACCGAGCTGGTCAGGCTGAACACACTGGCAAGGAGCGTGACGGCGGCGATACTCACGCCATACTTGGCCTGGAGCGCCGGCGTCAGTGGCGTGAGCATGGCGCTGTACGCGTCGTTGATGAAGTGTCCGGCCGTGACCGCCACGGCTATGGCCGCCGCGTGGCGGGCGGCGATGACGGTCGCGGTGGCCTGCATGCAGAGCACCCTACTCCGCCATCCACGCGGGTGCCACCGGCAGGGCGGACAGCGGGGGGAGAGTGTCTGGGAGGGCGGGACTCGGCTACCATAGGGCATGGCCCCGTCATTTCGTTCCGTCGTGTCGTCCCTGTTGCCCAGCGAGGAACGGCTGATGTCCAGATTGCAGAACCTGAGCGAGAAGGATGTTCTGAGCATCGTGGACGAATTCGTGGTGGGTCTGCCGGAATTCGACGCGGTGATCGGCCTGCCGGGTGCAGAAGACCTCGCGCGGTCGCTCGCGTCCCTGCGCGGTGTACCCGCCGTGCTGGTGACCCGCGACACGGAGTCCGGATGGTGGAGCTTCGACACCGAGCCGACCGAACGCACACAGCACGCCGTGATCGTCACGGAGCACTTCACGGACGGCCTGCCGGAACTGGAGGCCGTGGTGCAGGCATCGAAGCTGGGTTACCTGGTGCAGTGGGTGGCGTGCGCGGTCGAGCGCACCAACGAGCCGGGCCGCTCGCGCCTGGAATTGCAGGGCCTCACGATCCTGCCCGCCGTGCAGCTGGCCGACACCCCACGCGGCCTGGTGATGGAGCGGC
NZ_CP140098.1_gap63	2857647	2861787	4140	CGCCGCCGGAATACGGACTGCTGGGATCGACGGCCAGCACCGCGACCCGCTGCCCACGGGCACGCAGCTGCGCGATCAGCACGTCGGTCAGGGTGCTCTTGCCGCTGCCGGGGCTGCCGGTCACGCCCAGCACGACGGCGTGTCCGGCGTGCTTCCGGGCAGCGCGCAGCAGGGGCCGGGCTGCGGGCAGGCCTGCCTCGGCCAGGGTGACGGCGCGGGCCAGGGCACGGGGATCGCCGGCCACGTAGCGGGCGGTCAGGTCGGGAGCGGGCGTGCTCACGGCGACTGGCCGAGGACGTCGTCCGCCTCGGTCGCTTCCAGCAGGTTCTCCAGGTGGGCGTCGTCGTTGAAGCCGAGCAGGGTGCCGCTGCCGTCGCCGAGCAGCACCCGCGTGATGCTGGTGTTCGTGACGCTCAGGCGCGACCACGCGTTGGCGGGCACCCCACCCAGCGCGAGCCCCACCGCGACGCGCACCACGCCGCCGTGCGTGAAGACCAGCACCCGTTGTCCCGGGTGCCGCTCCCGCAGCGCGTGGAAGGCCGCGCCGCAGCGGGCATACAGATCCTCCATGCTCTCGCCGCCAGGGCGGCGGGTCGCCCACGGATCGACCAGCAGTGCCTGCAGGTAGTCGGCGTGGCGCTCGCGGATGTCCGCAATGACCAGACCCGAGAGCTGCCCGACGTCAATCTCACGCAGGCCGGGGTCGAGCTGCACGGTGGGGGCACCGGCCAGCCGGGCGCTCACCGCCTGGGCCGTCTGCGAGGCCCGCAGCAGGTCGCTGGAATACACGGCCGCGAAGCCCTGCCCGGTCAGACGCTCGGCCAGCGTGGCCGCCTGGAGAATCCCGATGTGGCTCAGGGGCACGTCGGCCTGCCCCTGGTAGCGGCCGTCGGCGTTCCACGTGCTCTCGCCGTGGCGGACGACCCAGAATTCGGTGGCGGTGGCCCGGTCTGGAGCGGTGAAGCCGGTCGGGGCGAGCCGCTGCGTCAAGGCTGACCGCCAGCGAAGGTGACGCCCTGACCGGCGATCATCTCACCGATCACCCAGGGCCGCTCGCCCGCCGCCGCCAGCGCGTCCAGCGCCGACGCCTGCTGCGCGGCGGGCACGATGAACAGGAACCCCACGCCCATGTTCAGCGCACGGAAGGCCTCGCGGCGCTCGACCTGGGCCCGCTGGACGATCAGCTCGAAGACAGGCGGCACCGTCCACGACGTGGTCTCGATCCGCATGCCCACGCCCGCCGGGAAGACGCGCGGGGGATTGTCTACCAGGCCGCCCCCGGTGATATGCGCCATGCCGCGCACGTCGACCCCGGCGCTGTGGAGGGCATCGTAGGCGGGCAGGTACGCGCGGTGCGGCACCGGCAGCACGTCCGCGAGGGTCCGCCCGTTCAGATCGGCACGGGCCTCGTTCCAGTCCAGATCGTCCAGCGCCAGGCGGGCCAGCGAGAACCCGTTGGTGTGCAGGCCCGCGCTGGGCAGTGCGATCACGGCGTCGCCGGGTTCGATCCGCGTGCCGTCGATCAGGGCGGGGCGATCGACCACACCCACGATGGTTCCCACGATGTCGAGTTCCCCCTCGACGTACACGCCGGGCATCTCGGCCGTCTCGCCGCCCAGCAGGGCCACGCCCAGCGCCTCGCAGGCCCGCGCGGCCCCGGTGACGACCTCGGCCACGACCTCGGGGCGAAGTTTGCCCATGGCGACGTAGTCGAGGAAGAACAGCGGTCGGGCCCCCTGCACCAGGATGTCGTTCACACAGTGGTTCACGATGTCCGCGCCCAGGCCACCGTGTTTGCCGACCCGCACCGCCACCTTGGTCTTGGTGCCCACGCCGTCCGTGCTGGCGACCAGCACCGGGTCACTCAGGTGCGAGAAGGCCGCGCGGAACAGGCCGCCGAAGCCCCCGATCCCCCCCAGCACCGCGGGCGTGTGAGTCCGCGCCACCGCACCCTTCATCAGTTCCACCGCGCGGTGCCCGGCATCGATGCTCACGCCAGCGCGTTCGTACGCGGACGCCGCAGCGTCAGTCTTGCTGTCCGTCATGACCCTCCCACACCCCGCCGTCCAGCTCATCGGCGGGCGCATGGAGCGCAGTTTACCCGACCGGCGGCCGGGGGCCGGTGTCCTGACCAGCCCGGCGGGCCAGCCACCAGCGGCCCATCGCCGCCAGCGCCACGACGCCCGACAGCACACCCACGCCCCAGAACAGCCGCTGCGCGTTGCCGCTGAGCCACACGACCAGCGCCGTGACCGGCAGCGCCCCCACCGCCGTGGCGAGCATGAAGGGCCGGAAACCCATCCGGGCCGCCCCCGCCACGAGGTTCATCACGTCCGACGACAGCACCGGCATCAGGCGGATCATGACCACGCCCTGCACGCCGTACTTCTCGGCAAAGGCGTGGGCCTTCAGGCGGGCACTTTCGCCGGCCAGCAGCCGCACCAACGCGTCCCCGACCCAGCGCCCCAGGCCGTAGCCCGCCGCCGCGCCCAGCAGCGTGCCCGCGTACACGATGAAAAAGCCCTCCACCGGCCCGTAGGCCCGCGCCGTCACGGCGATCATGACCAGTGCCGGGAGCACCGGCAGCACCGCCTGAACCACAAAGCCCGCGATCAGCGCGAGCGGCCCCGCCCACCCCAGCGAGTCCACGAAGGCGTGCGTGACCGCCGGATCCGTCGAGGTCAGCGCCGCGTAGCCGCGCACCAGAAAGGCCCGCACGTCCGGCAGCAGCGCCACACCCACCAGCAGCAGCACGGCGCCGCCCAGCACGAGCCAGCGCACGTACCGGGGCGGAGCGGAGGTGGCCGTCGTCATCCTGCCCAGTCTACGGAGTGCGTTCCCCGTTCCCATCATCCCAAGGTTGAGCGTTGGGGGGGCTGGCCCTCACCCCTCCGTCAGAGAGCGCGGCGCCATCAGGTCACGGGCGGCCCGCGTCAGGTCACCGCTGCCTGCCAAGCTGGTGCCGACCAGCACCGCGTCGGCCACGTCCCGGACACGTTCCAGATCCGCCGGGGTGCGGTAGCCGCTCTCGGCGACGAGCACGCCCGTGAAGCCGGCGGCCCGTGCCCGCGCGATCAGCCGGGGGCTGACGGCCAGATCGATATGCAGCGTCGTGAGGTCACGGTTGTTCACGCCAATGATCCGCGCCCCCGCCACCAGCGCGATGTCCAGTTCGGCCTCGTCGTGCACCTCGACCAGGGCGTCGAGGCCCAGGTGGTGGGCGATCTCCAGATACGCCCCGGTCGCCCCGCCCAGCACGCTGACCATCAGCAGCGCCGCCGACGCGCCCCACTCGGCGGCCTCGCGCAGCATGACGGGATGCACCACGAAGTCCTTGCGGAGCACCGGCACGCGGACGGCCGCGACCACGTCGTGCAGCGCCTGGGCGGTGCCGTCGAAGTACCGGGGCTCGGTCAGGCACGAGATGGCCGCCGCGCCGCCCGCCTCGTAGGCCCGCGCCGCCTGCGCCGGGTCGAGGGGCGCGATGGCCCCCTGGCTGGGGCTCGCCCGCTTGACCTCCGCGATCAGGGAGAGACCGGGGGCCCGCAGCGCGGCCTCGAAGTGCCGGGTGCCGGTGCGCGGTGCACCCACGTCCGGATCGGCCGCGCGGTAGTCGGCGGCCCGTTCCATCACGATGCGGCCCAGCACGCCGGGGACGGACTCCAGGGACAGGGGCGGCAGGCCACTCATGCGCCGGAGTATACGGGCCGCGCCTCGCCCGCCGTACAGGCCCGTGTTAGCCTGAGACTCCTATGAGCCTCACCCCCGGCACCGGCCCCGTCCAGATCACCCAGGAGCAGCTTCAGGCGCGTATCCAGGAACTCGCCGCGAAGATCCGCGACGACTACCGGGGCCGTGAGCCACACCTGATCTGCGTGCTGAACGGCGCGTTCATGTTCCACGCCGACCTCGTGCGGGCCCTGGGCGTGCCGTGCACCATCGACTTCCTGCAGGCCAGCTCGTACGGCAACGCCAAGCAGTCCAGCGGTGAAGTGCGGCTGGTCAAGGATCTCCAGTTTCCCCTCAGTGACCGCCACGTGATCCTGGTCGAGGACATCGTCGACACCGGCATCACCATGAACTACCTGCTGCACTACCTGGAGGGGCGCGGCCCCGCCAGCCTGAAGGTCGCCGCCCTGC
NZ_CP140098.1_gap64	2942443	2947309	4866	CGGGCACGCGCCGCAGGGTGGCCTCGCGCAGCAGGGCCGCCAGGTCCCGCGTCAGCGCCTCGGTGACGCCGCCCGTCAGGGGGCCGGGAGCGAACGTCCAGTATTCGGTGCACTCCAGCCGGTCGCGCCCGAGCAGCGCGACGGTGGCGCGGGGCAGCGCCCGCACCCCGTGGTGCAGGGTCAGACCGCCGAACATGGTACCGGTGGCCAGGTAGGCCGCCACGCCGGCCGGATCGAGCGGGCGGGGATGGAATCCCGGCCAGTCCGCGCGCGTGGCGAGCACCACATGGTCACCATCGTGGGCGGCATACAGCCGGTGCGACCCGACCCGATCCGTGAAGACGCGCACCGTACCCAGCTGTGCGTCGAGCACCAGCAGGGTGTACGCCCCTTCCAGAACGCGTCCCAGCGCCGCTCCATGCTGGCGGTACAGGGCGGGGATCGCCGTCACGTCCGTGCCGTACAGGTGGCCGTGCAGCAGCGAGACCACACCGGACGCCGCACAGACGCACCGGTGCGCGCCCTCCATGCTGACGTGAACCTGCCACGGGCCGATCTGGAGGGGGCCGGTCAGATCCGCCGGCACGGCGGTGTCCACCGCCGCGTGCGGAACCCAGTCGAGCTGGACACCGAAATCAGTGGGCATGGCGAACCGCCGCGTGTCCGGAACGGCAGGACCCCGCCTGCGCACCGGTCAGATAAGGACGCTGGGACATGGCTCACGGTATGGATCCGGCCCGGACACCACTCTGACAGAAACCCCGTCCAGCACGGCCCCCAGTGGCCCCCCCTGGCGGGGGCAGGACGCGGCAGAACGGGACGGGGGGCGGCCCAGACACCGGCCGCCCCCCGTCGTGATTCCGGCTGGCCTACGCGGCGCCGCCGAACTGCATGCGGAAGATGAACTTCGTCACCTCGGCCTTCAGCGTGTCGATCATGTCGTTGAACATGTTCGTCGCCTCGAACTTGTACTCGGTGAAGGGGTCGCGCTGGCCGTAGCCGCGCAGGCCGATGCCCTGCCTGAGCACGTCCATACCGTGCAGATGCTCCTTCCAGTGCTGGTCCACGACCTGCAGCAGCACGTAGCGCGACAGCGAGTTCAGCATGGTCGGGCTCAGTTCCTCGCGGCGGGCGTCGAAGGCGTCCGCAACAGCCTGCAGCATGGCGTTCTGCGCATCGGCAGGGCTCATGGCCCGCAGCGATTCGAAATCGAAGCCCTCCAGCTGCGGTACGGCATCGATCACGGCCGTGCGCAGGCCGTCGATATCCCAGGTGTCGGCGTTCTGGTCGATCGGCAGGTGGGTCGCGAGCTGCATGTCGACGAAGTCCGCGATCATGCCCTCGGTCGATTCCTCGACGTCCGCGTCCGGCCCGAGCAGCACCTCGCGGCGCTGGGCATACACGGTGTCGCGCTGCTTGCTCATCACGTTGTCGAACTCCAGCAGCTGCTTGCGGGTGCTGAAGTTGCGGTCTTCCACGCGGGCCTGCGCCTTCTCGATGGCCCCCGTGACCATTTTGGCCTCGATCGGCTGGGTGTCGTCCATGCCCAGCCGATCCATCATGGCGACCACGCGGTCGTTGGCAAACAGGCGCATCAGGTCGTCCTCAAAGGACACGTAGAAGCGGCTGCTGCCGGGATCGCCCTGGCGGCCGGCACGCCCGCGCAGCTGGTTGTCGATCCGGCGCGACTCGTGGCGCTCGGTGCCGATGATGTGCAGCCCGCCGAGTTCCTGCACGCGGGTGTGGTCGGCGATGGTGTCGCGGTGCAGCTGCTGCGCCTGAGCGATGAACTCCGGCGTGATCCCGGGGATCAGCAGCCCGAGTTCCGCCGCCTGCGGGTCGTCGCGGCTGACCGCCTTGATGAAGTTCTCGGCCTCGGGCGAGAAGCGGCTGATGCCGAGCTGCTGCTCGATGGCCTCCCCGATGATGAACTCCGCGTCGCCGCCGAGCTTGATGTCGGTGCCGCGCCCGGCCATGTTGGTCGCGATGGTGACGGTGCCCGACCGGCCCGCCTGCGCGATGATGCTCGCCTCCTGCGCCTCGAACTTGGCGTTCAGCACCGAGTGCGGAATCTGCGCGTCCTGCAACAGGCCGCTGAGCTGCTCGCTGGTCACGATGCTGGCCGTCCCGATCAGGATCGGGCGCCCCAGGGCATGCATCTCGCGCACTTCTTCCACGACCGCGCGGTACTTGCCGAGCTTGGTGCGGTACACCAGATCCTCGGCGTCCTTGCGCACCACGGGGCGGTTGGTGGGGATCACCAGCACGTCGCTGCCGTAGATGTCGAGGAACTCCTTCTCCTCGGTCTTGGCCGTGCCGGTCATGCCCGAGAACTTGCGGTACAGACGGAAGAAGTTCTGGTACGTGATCGTCGCGAGCGTCTGGTTCTCGTTCTCGATCTTCACGCCTTCCTTGGCCTCGATCGCCTGGTGCAGGCCCTCGCCGTAGCGGCGGCCGGGCATGCTGCGGCCCGTGAACTCGTCGATGATGATGACCTCGCCCTCGGCGTTCACGATGTAGTCCTTCTCGCGGTGGTACAGCTCGGACGCGCGGATCGCCTGGGTGATCATGTGCGCCTTGTCCATGTTCTCGGGGCTGTACAGGTCGTTCAGGGAGAGCAGGCGCTCGATCTTGGAGATGCCGGCCTCGTTGATGTGCACCTGCTTGCCCTTCTCGTCGATGGTGTAGTCCTCGGTCGCCTCGGCGCGCACCCCCGGTTCGGCGGGCAGGCCCTTTTTCAGGCGGCGGATCAGCTTGGCGTACACGTAGTACAGATCGGTCGCCTTCTCCGCCGCGCCCGAGATGATGAGCGGCGTGCGGGCCTCGTCGATCAGGATCGAGTCCACCTCGTCCACGATGGCGAAGTTCAGGGGCGTGTCGGCGCGCAGCACCAGCGCCTCGCGGCTCTGGGCCATGTTGTCGCGCAGGTAGTCGAAGCCCAGTTCACTGTTGGTGACATAGGTGATGTCGCAGCCGTACGCGGCCTGCTTCTCGTGTGGCTGCAGCTCGCGGTTGGCGAGACCCACGGTGAGCCCCAGCGTGCGGAACAGCAGCGAGTTCTCCTCGGCGCCCACGCGCGCCAGGTAGTCGTTCACGGTGACGAGGTGGCAGCCCTTGCCCTCCAGAGCATTCAGGGCCAGGGCCAGGGTCGCCACCAGGGTCTTGCCCTCGCCGGTGCGCATCTCGGCGATGCGGCCCTTGTGCAGGGCGTAGCCGCCGATGAGCTGCACGTCGTAGTGCCGCTTGCCGATGGACCGGCGGCCCGCCTCGCGGATCAGGGCGAAGGCCGGCACGACCACGTCGTCGAGAGACTTGCCGTCCTCCTGAACCTGACGGCGCAGTTCCATGAACGCGGCGGCCAGATCCTCGACCTTCCTCGTCTCGTCTTCCAGGGCGTTCACGGGCTGCACGATCGTCTTCACGATCTGTGCGACGTCCCGCTGGTTGGTATCAAACATTTTGTTCAGGACACGGAACATGACACGCGAGTATACCGCCCGCAGCCTGACCGGAACGTCACGATTTCAGTGAGACGTGCGAAAGCAACCTGAGCGCGGGCGACTCAGCCTGGGCGGCCCGGCCGGCAACCCGCCGGAGCACGGTGCCCAGGATGTGTGCACCCTCATCTGCGGCCCGTATGCTGCCTCCATGTACCGTCTTGCCCTGCTGACGCTGCCCCTCCTGGGGGCGTGTGCCCCCCTGAACGCCATGCTCGCCGACCGCGACACGAACGGCCCGGCGCCGCGCCGCGCCGGCCCGCTGGTCGTCGGACAGACGTGGACCGTCAGCGGACTGGTCGACGGCCGCTCGGTCACCTCCACCATCTCGATCCGGGATCTGGTCGATGTCCCCGGCGGCAGTGGCAGCGTGAACGCCAGCGATCAGATCACCGCCTTCGAGCGGAGTCAGGCGGGCTTCACCGTCGCCGACTTCGACCGCAGCCGGCGGGTGGCCCGCTTCCGCTGGGTCGGCGAGGGCGAGGGCATCACCTACACCTGCCGCGTGATGGAGGCCGCCGCCAGCCCCCTGCGCGGCGAACTGACCTACGAGCGGCTGGGCAAGGCCGTCGCCAACGGCACCTGCGAGGCCGTCCTGAGCCAGACGCCCTGAGCCAGATACCCTGAGCAGCCGGCTCGCGTTCCGGAGGTCGGCCACCGGAGGCCGTGCACGTGGCGGCTGATGGTGCGGCGACCGTGGCCATGAGCGGCCTGTCGGCCCTGCCGGCGCCCCTACACCGCCGACTGGATGGCGTCTAGCCCTCGGCCGCCGCCGTCTCCCAGACATAGGCGTCGCGCCACACCTCTCCCCGCCGCAGGAACGGTGCCTGGCGACCGAGCACGCGGTTGCCCCCCTTCACGGCCGCCCGCACGATCACACGGGGATCGAGATTCGGGTACAGCGTCCGGGCAAACGCCACGTCGTCGCGCACGTCCAGCGATCCCCCGCTGGCGACGGAGTCGGTTCCCAGCGCCACCTCCACCCCCACCGCCGCGAAATCCGTCCATGGAAACGCGCCGCACTCCAGATGATGGTTGCTGCGGGGGCACGTCACCACCGCACACCCGGCCCGTGCCACCCGCGCAATGTCGTCCGCAGTGACGTTGACCATGTGGATCAGCGTGGGCGCGTGCCGCAGCACTCCCAGCTCGTCGAGGTAGCGCACCGGGGTCAGGCCGGGTTCCGGCTCCCGACCGATGATCTGGGCGAAGGTGTCGGGCGTGAAGGGCTTGAGGCGGTGTTCCCACAGCGGCCCCGCGCCGGTGGCGAACAGTTCCGGCTCGCTGGGATGTTCGGCCACGTGGATCTGCACGGGCAGCCCCTCGCCCGCCGCGTAGTCCATGACCAGCCGCATCAGCCGGTGACTGA
NZ_CP140098.1_gap65	2961176	2965763	4587	AGTACGGCATTTCCGCCGGGTTTGTCCTTAATTTCCGCGCGTGGACGGCATCAAACGTAGATACCACTGCGCAGTCGCCCGCATCACGTCCTTGTGTTCGCCGTCCAGCACGACAACGGTCACGGTCAGGCGTGCCCGGCCCTCGGCCGCGAAGGCGGTGTGAGCGTCTGCAAGGGTGCCGGGATCGATCTCAGCGCGGGCAGTGACGTTGCCCACAGCGCGGCCGACATAGTGGGTGTCCAGCTTCTCGATCAGCGGCACCGCCTGTCCCAGCTGCGCCGCGAAGACCCCGGCGAAGGCCGCGCCGCTCACGGCCTCGGCCAGCAGGAACTGTGCCCCGGCGTGGATGGTGCCCAGGTGGTTGCGGAACGGCGGCGTGTCTGCACACTCTCCGGTGGCCCAGCCCACGCCGACATCGGTGATGCGCACCCCCACGGTCGCGTTCATGGGAATGGCGTGCAGCGCGTGCTGGATGGCCGCCACAGCGGGCACGGGCAGGCGACGGGCTTCAGTCTGGGCAGCGGACAGGGGCTCGGACATGGATGACCTCCGGGTTTTTGAACTGAGTCCAAGTGTAGCGGAGGTGAGACCGTCCGGCGGTGGGCTCCGGTCACCCCCGCGTTGGTTTCCCCGGAGCCCACCGCCCCCGTCCGTCAGGTATACGGATCGCTCAGATACCGCCGCAGCACTGCCAGAGGGGCATAGGTGCCTTCCAGCAGCGCCGCCCGCACGTCCTGTGCCCGTGCCCACACGGCCTGCGCCTCCTGGGGCGTGACCAGACCGCCCTGCACGGCCGCCTCCAGATCCTCGGCGTCGATGATGTGCGCCTCGGTCACGCGCCCGGCCTGACCGTCACCATCTCCCCTGTTGCCCACGTGCCAGTCCCCGATCACGTCCAGGTAGGCGTCGTCCGTCCACGGCAGGCCATCCTCGCCCACCCCCTCGCCCACGTGGATGTCCACGTACACCTGTACCGGCACGCCACCCGCGTCCAGCATCGCGCTCAGGGCACTGCCGGTCACGCCGCTCTCCCCGGTCGGATGCACCCGCACCCAGCGGAAGCCGCTGTCCAGCACCCGGATCGTGCGGCCCCCGAACTCCACGTCCAGCGGGCGCGTGACCTCGTGGGCCACGTAGTCCACGATCACGTAGCCGGGCAGGTTCAGCACCGACTGCGAGTGCCGCGCCACCCGTGCCCACGGGCGCAGATCGAAGACCTTGCGTTTCATGTCGCAGTCACGGACGTGGCCAGCCCCCGCACGGCCCGCAGCATCAGGTCGCCCTCGACGGCCTGCACGCGGGCCTTCAGCGTGTCTAGCGTGTCGCCGGGCAGCACCGGCACCCGCGCCTGCGCCAGCACCGGCCCCTCGTCGATACCCTGCGTGACGAGGTGGACGGTCGCGCCGCTCTCGTCGTCGCCGCTGGCGAGCACGGCCTCGTGCACCCGGTCGCCATACATGCCGCGCCCACCGTGGCGCGGCAGCAGGCTGGGGTGGATGTTCACGACCCGGCCCGCGTAGTGGCCCAGCACACGCGGCCCGAGTTCGCGCATGTATCCGCTGAGCACCAGCGTGTCGGCCCCGGCGGCCGTCAGGGCCTCCAGAATGGCGCGGTCGAGGTCATCCGGAGCCGGATACCCCGCGCTGCTCAGGTGGGCCGTGCTCAGGCCCGCGTCCCGTGCCCACGCCAGGGCCGGCGAACGGCTGTTGTTGCTGATGAGCACGGCGGGCATGGCGGCCAGTTCCCCGGCGCGGCACGCGGCCGTGAGGTGCCGCGCGGCGCTCCCCCCGTGCGAGGCGAGGAATCCGAGCCTCAAGAGCGGCCCAGTTCCTCGAGGACGTACGCGCTGGTCAGGATGCCGTTCTCGAAGTCCTGTACGGCGAAACTCTCGTTCGGGCTGTGCGGGGCGTCCTCGTTCAGGCCGAGGTCCACGAACAGCACCTCGGTCTTCAGGATGTCCGCGAAGGCGGCCACGATCGGAATGCTGCCGCCGGTACGGGCAAAGACCGCCTCACGGCCATACACGCGCTTCAGGGCACGGTTCGCGGCGTGGATATACGGGCTGTCGGTGCGGAACTTCATGGGCTGGCCGCCATGGTGGTTGACCACCTCGACCTGCACGCCCTCGGGCGCGATCTGCGGCACGTACTCCTGGATCAGTCGGGTGACGCGTTCGGGATCCTGGCCCGGCACCAGCCGCATGCTGACCTTCGCGCCGGCCTTCGCCGCGATCACCGTCTTGCTGCCCTCGCCCTGGTAGCCGCCCCAGATGCCGTTCACGTCCAGCGTGGGCCGGCCCCAGATGCGCTCCAGCACGCTGTACCCGGCCTCGCCCGGCAGCGCGGACGCGCCGATGCTCGCGGCGAATTCCGCGTCGTCGTGGGGCAGCGAGGCCCACATGCCGCGCTCCTGCTCGGTCAGGGGCTCGATGCCGTCGTAGAAGCCGGGAATCGTCACGCGGCCGTGGTCGTCCTTGAGCTTTGCAATGATCTCGCACAGCGCATTGATCGGGTTGGGCGCGGCCCCGCCGTAGCTGCCGCTGTGCAGGTCACGGTTGGCTCCCTGCACGTGGATCTCCACGTAACTCAGGCCCCGGATGCCGTACGTGATGGTCGGCACGTCCGCCGCGAAGCGGCTGCCGTCGCTGATCAGGATGACGTCCGCCTTCAGCTCGTCGGCGTGCGCCTGCAGGTACGGGATGATGCTGGGGCTGCCGATCTCCTCCTCGCCCTCCAGCAGGAACTTCACGTTCACGGGCAGCGTCCCCTGCGACAGCAGCAGTTCCACCCCGCGCACGTGCGCGAAGGCCTGCCCCTTGTCGTCGGTGCTGCCGCGCGCGTAGATGCGGCCGTCCCGCACCTCCGGCTCGAAGGGCGGCGACACCCACTCCGAGAGCGGGGCCTCCGGCTGCACGTCGTAGTGGCCGTAGATCAGCACGGTGGGCTTCCCCGGCGCGTCGAGGCGCTCGGCGTACACGACCGGGTGCTTGGCCGTGGCGTCCACACGGGCCATGAACCCCAGCGACGACAGTTTGCTCTGGAGCCACTGTGCGGCCCGCACGACGTCCGCCGCATACGCCGGATCTGCACTCACCGACGGAATCCTCAGCAGGTCGAAGAGTTCCGAACGGGCGGCGTCGCGGTCGAGCCGGGAGGCCAGATCACCTGTCATGGGCGGGTTGGTCATGGTCCGGATGATAGTGCTCCCGGAACAGCGGCGTCCCGGCGGCCAGAACGCCGCGCCCACGGACAGGCCAGCCGTTCATACCGGCCGTCTCATCAATCCTGCCTCCCGTATACTCACGTCAGGTTATGGCCTCGGACTCCAAACATCGCCCGGTGTACGTGATTTCCGTGGCCGCAGAACTGGTGGATATGCACCCCCAGACGCTGCGGCTGTACGAACGCAAGGGCCTGATCCGTCCCGGCCGCTCCAGCGGCAAGACGCGCCTGTACAGCGAGCGCGACATCGACCACCTGCGCGAGATCCGCCGCCTGACCCAGGAACTCGGCGTGAACCTCGCCGGCGTCGAGGAGGTCATGCGCCTCCAGCACGAACTCGACGACCTCCAGGGTGAGTTCGAGGCCGAGATCGAACGCCTGGAGGACGAACTGCGCGGCCAGGCCCAGGCGCTCCCCGAGAGCGGCGCCCGCACCGACCCCCGGGATCGGCCGGTGTATGTCATCTCCATCGCGGCGGAACTGGTGGACATGCATCCCCAGACGCTGCGGCTCTACGAGCGCAAGCAGCTCATCCGCCCCGGCCGCAGCAGCGGCAAGACGCGCCTGTACAGCGAGCGCGACATCGAGCACCTGCGCGAGATCCGCCGCCTGACCCAGGAACTCGGCGTGAATCTCGCCGGGGTCGAGGAGATCATGCGCCTGCGGCACGAACTGGACGGGGCCCGCTCCAGCCTGGAGGGGAACGTGCGCCGCATCCAGGACGACCTGAGCGAGCGTATGACCCGCCTGCGTACCCTGCCCCCCGCGCCGGGCGAACCGGACGGCGACCCGTGACCCCCCTGTGGGTCGTCGGGGACATCCACGGTGCCTACGAGCCGCTGATCGGCCTGCTCAGAACGGCCGGCCTGATCGACCACGACGGGTCGTGGCAGGGTGGCACGGCCCACCTCGCGTTTCTCGGTGACTACGTCGACCGGGGGCCGCGCGGGATGGAGGTCATCCACCTGATCCGGCGGCTCACCGCCCAGGCCCACGAGAGTGGGGGGCACGTGACCGCACTGCTCGGCAACCACGAGGTCATGTTCCTCGCCGCGCAGCACTTCCGCGCCACCGATCCCGCCGACTCACTCGGGTTCCGCGAGTACTGGCGCAGCAACGGCGGCCAGGACAGCGACGCCGCCCAGCTCCAGATCACGGATCTGGACTGGCTGCGCGCCCGCCCGGCCCTCTCCCTGGCCGGCGACTGGCTGCTCATGCACGCCGACAGCACCTTCTACCGCCGGCTGGGCCGCACGCCAGACGCCGTCAACCGCTCGATCACCGCCCTCCTGCACGAGGACAATCCGAAGCTCTGGACGCGGTTCCTCAACCACTTCGCCGATCGGCTGGCGTTCGTGGATCCCGA
NZ_CP140098.1_gap66	3039662	3040171	509	GCTTACAAGAATTGATACCTTTACAGAATATTTCCATAATCAGCTGTTAGACATGTGGGATGATGTGGATTGTCATTCAGACTTTCAGCCGTGTGATTGCACTACAGATCTAGATGATTTTCTAGATACATATAGAAAAGTACTGCAGAGTCGAATAGAAGAAGCTAAAAATAGGAAGAAGGCCCGAGAGATGAGAGGAAACACGGGAACGACAAGGTGATGGTTAAATGACTCTAGATGAAAATATCGAAGCGTCACAACGTTTCTATGAAAATATTGACCCTTATATGTGCTTAATCATTGAATTTTCCAAGCATAGAGGCCAAGAGGTAAATGTAGATCTTGATTGGAGAAGCGTGTTCACTATAAATAAGCCAAAATTTCGCGAGCCGGTATTCACTCGCGAGGAACGCCTTTACCGAGCAAAAATTGTTGATGAGCGACTAAAGAAGAGTGAACTCCCCATTTATGCCTGCGGCAGCCGCACACAGCGTCGTTCAATGATTTCT
NZ_CP140098.1_gap67	3042179	3043582	1403	CTCCGCCAGGGCGATGAGTTCAGCGGGCTGGATGCGGCGCTCACCCTTCTCGATGGCCACGATGGTCGTGCGGGCCACGCCGAGGTGATCCGCGGCCTCCTGCTGGGTCAGGCGGGCGGCCTTCCGCGCGACCTGCAGGCGCAGGCCGAGGGCGGTGGGGTCATGGGAGTCGAGTCCTAGCGTCATGGTTCAGGAGCCTCCCGGGGTCAGGCGACGAGCGGTGACGACGCCACGGGGGGCGTCGGGGACGTGAGGTCACGGCTGAAGCCGGCGACCTCACGGGCGTACTGACCGAACAGGCGGCCCAGCCGGGTGTCCACCTCCGGCAAGGACAGCCCGGAGTGCTGGTGGATGGCCTGGCGGGCGTCCTCCAAGCCATCAAAGGCCAAGCGGAAGTCCACCATCCTGCCCGGGCCGGACAGGCATGCAAACTGCTGTGCCTGTTCCTGCATGTAGTGCAGAGCGTGTCGGCGATCCGCGCCGCCCTGCAGTGTGAGGCGAAAGAGGTCATCCCGGTACTGATCAGCCGCGGCGTCCCCGGCATACAGCCCGGCCGCGTGGAGCGACACGCGGCGCATCACGCAGGAGGTGCAGCTCCCGCACTGCTTGTGCGTGGCGTGACGCAGGGGATAGCTGTCACACGACGCTGTCAGGACGGTCAGGTCGCCCAGGCCAGCCGCGGCCACCTGAGCGCACATCTCGCCCTTCGTGCGCCACAGGGATGGGTTGAGGATGCGCACAGGGCGTTCGAGCAGACCCGTCAGCCAGCGCTCCATCAGGAGCAGCGTGCGCGGATGCATGGCTCGGGTCTGGTCGGCCCCGGCGAAGGCTGCCGTGTAGGGGAGGTTGATCGCTCCCACCCCGTTCTCGTAGACGTGCAGGGTGTCCACGTCATGGGCGAGGGCGGTGATCACCCCGATCGTCAGGAAGAGCAGCGCGCGCGACCGCTGACTTTTCTCCTGCGACTGCTCCTGGACGAACCAATCGGCGAGTTCCTTCTTCCCCGCCTGATGCCAGAACCCCTGAAACGGCCGCCACTGTACCTGGGGGAGGCGCTCCCGCAGCGCCGCAAACTGCCCAGACTGGAGGCTCTTCAGGCCGCCCCCGGTCTGGCCGCCGACCAGGAGTCCGGTGTCGAACTGCGGATCCAGGGCCTGCGCTACCGCGCCCGCGAGGGAGTCGAGACCGCCGGAGTAGAGGCCAACGAAGGGTCTTGACATCTCCGGGGCACCGGTGCTGAGCAGGGCCGGCACACGGGTGCGCCTGCGCCCGAGGCGGCCATTGAACTCGATCTCCCAGTGATCCCCCGTCAGCCACTCGAGGAGAGCAGTGAGGGGCTGGCGCTGCGCTGAGCAGCGCTCCGGGAAGGCCACCGGAACCGTCAGGGTGAGGTGTCGTGGGCA
NZ_CP140098.1_gap68	3048673	3049335	662	CAGCGTTGAGCGCCACGACCGGCACGGTCACCACTCCACGGCTCCGGGCGGTGCGTCTGCCCTCGACCTCGGTGATGATGTACCCAGCCGCCCGGAGGTCGTCCAGCGTCGCGGGCAGCGTGTCCGGCAGCCACCCGTCACTCACAGCGACGTGCAGGGGCACCATCCGGTCCACATGCAAACACTGTCTGGCAGCTGCGAAATCGATGGTCATGGAGGCATCGTGGCGCCACCAGACACGTCCGTGTTGGCCGGTTGATCACCACACCCGCAGCGACCCCCGAACCATGAAGGCGGGACTGCATGACCATCCAGTTGACATCACCGTCGCCAGATTGGTGTCCGGTGCCTTCTCACGTCAGCGGCGGCACGCGGTGGTGTTCGCCGCGACCATCAGCCCGGTGTCCAGGCGGCCGTAACCCACGTCGTCGTTGCGGGCACCCTTCTGCGAACCGGCCACCTTGAAGCAGCCGATCAGGTGGTCGTACAGCGCCTGGCCCTTCAGGCCGTTCGTGGGGCTGCCGTCCGCGCGGTACTGCTCGTTGGCGTACATCCACAGCGCGATCTGCGAGGACATCCACGGCGCGGCGAAGCTCGTCCCGCTCCAGTACTGCTCCTGCCCGTTCACGATGGACGGCACGGCCATCGAGGGCGCGGCGGCG
NZ_CP140098.1_gap69	3134602	3136268	1666	TGATCGAGGGCCACCTGCTGGCCCAGAGCGTGAGCACCGACCGGGACGCGGCGACCCTGATGCGCGGCTTCGGCCTGCCCATCGAGGCGATCCCGACCCACCTGCGCGGCGCAGAGGTGTACCGCGCCGCGATGGAGACGAACGGCCTGACGTGGCTGCTGCGCAACCTGGGCAACCTGGGGCGCGTGGGCGTGCTGAGCGTGAACGACCGCGAGGTCGTGAAGGCTGTCGTGGAGCGTGTGACCGACCCGCAGGCGCTGAAGCGCGGGCGCATCCACCCGCTGGACGCGCTGAAGGCCCGGCTGGTGTACGCGCAGGGCCGCGGCGTGAAGGGCAAGGGCGAGTGGCTGCCCGTGCCGCGCGTGGTGGACGCGCTGGAGGAGGCATTCTACGCGGCTTTCGGCACCGTGCGCCCGGCCGGTACCCGTCACCTGCTGGGTCTGGACGTGTCGGGCTCCATGACGATGGGCGCGGTGGGCGGCGTGCCGGGCCTGACGCCGAACATGGCGGCCGCGGCCATGAGCATGGTGGCGCTGCGCACCGAGCTGGACGCCCTGACGATGGGCTTCGCCCGCGAGTTCCGCCGGCTGGGCATCACGCCGAAGGACACGCTGGACGGCGCGATGCGCAAGGCGCAGGACGCCAGCTTCGGCGCGACCGACACCGCCCGCCCGATGCTGTGGGCGGCCGAGCAGGGCGTGAAGGTCGACACCTTCGTGGTGTACACCGACAACGAGACCTGGGCGGGCAACGTGCACCCGACGGTCGCGCTGGATCGGTACCGCCAGAAGACGGGCATCGCCGCACGCCTGATCGTGGTCGGCCTGACCGCCACGAAGTTCACCATCGCCGACCCGAACCGGGCCGACATGCTGGACGTGGTGGGCTTCGACACGGCGGCCCCGGCGGTGATGACGGACTTCGCGCGGGGTGACGTGTAGGACAGTAGAGGGCAGGGAGCGGAGGGCCACACTCCCGAGCTCTCTGCCCTCTGCTGTCAACTCTCCTCGAAGATGTCCAGCGGCAGGAACGCGCTCACGGTGTAGTTGGGCGCGTCAACGATCTGGGAGATCTTCAGATCGACGCACGCGCTGGCGAGCACGTACGCCTGCTCCAGGCTCAGGCCGCGGGCCTCCAGGCGGCGCAGCAGGGCGCGCAGGGCGGTGCGGGCGGCGGTCATCAGGTCGGGGTCGTGGCCGGTGGTGACGTGCCACTGCCGGCTGCTGCCGCCGTGGGTGGGCGTGGTGAACTCCGGGGTGGTGAGTCCGGCGCGTTTCTCGACGGTCACGCGCACGGTGATCCGGCCGTCCATCTCGATGCCGGTGCCGGACAGCTCACCGTCGCCCTGCGCGGCGTGCAGGTCGCCGACGGACAGCAGCGCGCCCGGCACCTCCACGGGCAGGGACAGGGTCGCGCCGGCCACGAGCTGCCGGATGTCCATGTTCCCGCCCACGTGCCGGGGCGGCGGGGTGGGGTGCGGGCCGGGCGCACCGGGGGCCACGCCGATCACGCCGGGAAACGGGGCGAGGGGCACGCGGATGCCCGGCAGGAAGTCCGTGTGCGTGCCGGCGCGCAGATCCCAGAAGTGCGTGTACGCCGTCAGGCCCTCGGCCCCCAGCGCGGCGTCCAGCAGGCCGATCCCGTCGGGGCGGCAGCCCGTCCAGCC
NZ_CP140098.1_gap70	3172071	3172905	834	CCATGCCCAGCGTGATCCGCGAGCTGGGCGGCGAGCATCTGTACGCCCTGCCGTTCGCGGTCTACCTGCTGACCAGTACGGTGTCCAGCCCGCTGTGGGGCCGCGCCAGCGACATCGTGGGGCGCCGCCGCCTGTACCTGTGGGGGGTGGTGATCTTCCTGATCGGCTCGGCGCTGTGCGGGATCAGCCAGAACATGCCCACCCTGATCGCGGCGCGGGCCGTGCAGGGCATCGGGGCCGGGGCGCTGCTGCCGCTGACCCTGACCATGATCGGGGAGCTGTACACCCTGGCCGAGCGCAGCCGCGTGCAGAGCTTCATCTCCGGTGTGTGGGGCGTGTCGGGCCTGCTGGGGCCGCTGCTGGGCGGCTGGCTGACCGAGGCGCTGTCGTGGCGCTGGACGTTCTACGCCAGCCTGCCGTTCGGGATTGCCGCCCTGATCATCGCCCTGCGCTCGTTGCCCGAGACCGGGCAGCCCCGCGCGGCCAACCTCGACTGGCCCGGAGCCGTGCTGTTCACGGCGGGTAGCGGCCTGATCGTGTGGGGGCTGGAACAGCGCCAGTGGGTGCTGGTCGGCGTGGGTGCCCTGATCCTGCTCGCGGCCATCGCGGTCGAGCGGCGGCACCGCGATCCTCTGCTGCCCATGCGGGCCCTGCGCGACCGCCTGCCGCGCGTCGCCTTCGCCGGGAACCTGCTGGGGGGTGCGGCGTACTTCGGCGTGATCGCGTATCTGCCGCTGTACGCGCAGGGTGTGACGGGCGGGAGCGCCACCGCGGCCGGCGCCATTCTCACGCCCATGCTGGTCGGGTGGACGCTGACCGCCATCGTGACCGCGC
NZ_CP140098.1_gap71	3175130	3176511	1381	CCTCCCCGCTGGGCAATCCCTTCCCGAAGGTGCGCGAGACGCTGCGCGGCTACGGCGAATGGGACGCCGGGGCGCGCGAGGCAGCGATCCGGGCGGCCCTGGCGCTGCTGGTGGACGAGCAGGCCGCGGTGAAAGTGCCCGCGAAGACGGCGGCGAAGGTGGCCACGCCCGTCGCGGCTCCCGGCGAGAGATTGCCGCCGGACGCGCCGGTGGAGCGCCTGAACACCGGCCCGGGCGGTGCCCGCAAGCTCCAGTCGCTGGGCCTGCACCTGCTGCGCGACGTGCTCCACGCCTACCCCCACCGCCACGAGGATCGCCGCGCGCTGCCGGATCTGGCCGAAGTCGAGGAGGGCCAGAAGGTCACGGTGGAGGGCCGCGTGGTCGCCAAGTCCCGCCGCAGCCCGCGCCCGGGCATGCTCGTCATTGACGTGACGCTGGAGACGCCGTCCGGCGGGCGCGTGAAGGCCACGTGGTTCAACCAGCCGTGGGTCGAAAAGCAGCTGCGCGAGGGAGCCCGGCTGGTGCTGACCGGCCGCGTGAAGAAGTTCGGGCGCAGCGTGCAGCTGGGTGTGGAGCACCTGGAGACCGTGGACGCCGCGCAGGACAGCCTGAGCACCGGGCGGATCGTGGGCGTGTACGACAGCAAGGACGGCATCTCGCAGGAGTTCCTGCGCCGTGCCGCGCACCGCGCGCTGGAGACCGTGCCGCTGGACGACTACCTGCCCGCGCACTGGCGGCGGCAGTACGCCCTGACCGACCTGGGCGACGCGCTGTGGGGCATGCACTTCCCGCACGACGAGGCGCACCTGTCGAGGGCCGGCGCTCGCCTGCGCTTCGACGAGTACCTGTTCCTGGAACTGCGCATGCTCCTCCAGGGCGAGGACGCCGTGCTGGAGGGCAAGCGCTTCAACGCGAAGAGCGACGACATCCACACCTTCGAGGGCGCGCTGCCGTTCCGCTTCACGAACGCGCAGCGCCGCGTGCTGCTGGAGATCACCGACGACATGCGCAGCGACCGGCAGATGGCGCGGCTCGTGCAGGGCGACGTGGGGAGCGGCAAGACCGCCGTGGCCGCGTGCGCCCTGTACCTCGCGGTGCGCGACGGGTACCAGGGCGCGCTCATGGCCCCCACAGAGATCCTCGCGCGGCAGCACTACGCGAACCTCGTCGGGTACCTGGGGCAGCTCGACGTGCGCGTGGGCCTGCTGATGGGCGCGATGACCCCTAAGGCCAAGCTGGAGATGCAGACGCGCATTGCCGAGGGCAGCGTGGACGTCGTGGTCGGCACACAGGCCCTCATTCAGGAGAACGTGCGCTTCGACAACCTGGGCCTCGCCGTCGTGGACGAGGAACACCGCTTCGGCGTGCAGCAGCGGCGCAA
NZ_CP140098.1_gap72	3279019	3283544	4525	GGAAGATGCGCTTCTCGATGGTGCCCTTGCGGATCGCAGTGATCAGTTCCTCGACCGAGGGCTCCTCGCCTTCGAGGAACTTCATCATGACGTCCTCGTCGACCTCGGCGGCGGCCTCGATCAGCTGGGCGCGCATCTCGGCGACCTTGTCCGCGTACTGCGCGGGAATCTCGCCGACCTCGATATCGGTACCCAGGTCGTTGGTGTACGTGTGGGCCTGCATACGCACGATGTCGATGATGCCCTTGAAGTCGTTCTCCTGGCCCATGGGGTACTGGATCGGAGCCGGGATCGCGCCGAGGCGCTCCTTGATGTCGTTCAGCACGAGTTCGAAGCTCGCGCCGGTCTTGTCCATCTTGTTCGAGAACGCGATGCGGGGCACGCCGTAGCGGTCGGCCTGACGCCACACGGTCTCGGACTGCGGCTCGACGCCCTGGCTGGAGTCGAACACGGCGACCGCGCCGTCGAGCACGCGCATGGAACGCTCGACCTCGATCGTGAAGTCCACGTGGCCGGGCGTGTCGATGATGTTCACGGTGTACTCTTCACCGCTGCCGGAGTGCTTCCACTTGGCGGTGGTGGCGGCGGCGGTGATCGTGATGCCGCGCTCGCGCTCCTGCTCCATCCAGTCCATGGTGGCGGCGCCGTCGTGCACTTCACCGATGTTGTGGGTGCGGCCGGTGTAGTACAGGATGCGCTCGGTGGTGGTGGTCTTGCCGGCGTCGATGTGCGCGGCAATCCCGATATTGCGGAAGTGGGTCAGATAGCTCTGGGCTTTGGTGGTCATAGGACTCCCTGATGGTGAACCGTGCCGGCGCTGAACACCGTCACGGATGCTGGCTTTGGCGAGGGGGGAAGGGGAATCGGGCATTCCCAGCTCGGCGATTTCCCTTCGCGAGGTCATCTCACTCCACTCTGCAGCACACGGAAAATCGCCGTGCGCTGCTCCGCTTCGTGAGATGACCTCCTTTCCCTGCTCGCTTCGCTCGGGCCTGACGGCCGGGGATTACCAGCGGTAGTGCGCGTAGGCGCGGTTGGCTTCCGCCATGCGCTCCACGTCATCTTTCTTCTTGATCGCGCCACCACGGCCCTGCGCGGCGTCCATGATCTCGCCCGCGAGGCGCTCGATGGCAGTGCGCTCGGGACGGCCCTCGACGGCGCTCATCATCCAGCGCAGCGTCAGGCTCTGCTGGCGGCGCACGCCGACTTCCACGGGCACCTGGTAGGTGCTGCCACCCACGCGGCGGCTGCGGACTTCCACACGCGGCTTGACGTTGTCGTAGGCCTGCTTGAAGATCTTCAGCGGCTCCTGACCGGTGCGGTCCTGCACCAGCTTCATCGCGCCGTAGAAGATGCGGCTGGCGAGGTTCTTCTTCCCGTCCTGCATGATGCGGTTGATGGTGGCGCTCACGAGCACGTCCTGGTAGACCAGGTCGGGCAGGATGGGGCGCACTTCAGCTTGGCGACGACGTGCCATGGTTCTCTCCTTGGTTCTTGGCGCCCGGTATTCAGGCGCGGTCTGACTGCTTCACTGGCATCACCCCTATGGGCTGAGGCCGCTCACCATACGGACAGGCGGCGGAGCGTTCACCCCGCGCGCCGTGGCCGGGGTTACTTCTTCTTGGCACCCGCGGCGGCTGCGCCGGCCTTGGGCTTCTTGGTGCCGTACTTGGAGCGGCTCTTGTTGCGATCCTTCACGCCCTGGGTGTCCAGGCTGCCACGCACGATGTGGTAGCGCACACCCGGAAGATCCTTGACACGGCCGCCGCGGATCAACACGACGCTGTGTTCCTGCAGGTTATGGCCTTCACCGGGGATGTACGCGGTGACCTCGAAGCCGCTGGACAAACGCACACGGGCAATCTTGCGCAGCGCGGAGTTGGGCTTTTTCGGGGTGGTGGTCTTCACGACCGTGCACACGCCGCGGCGGAAGGGGCTGCCCTTCAGGGCGGGAACCTTGCTCTTCTTCTGGAGGGTCAGGCGCCCCTTGCGGAGCAGTTGCTGGGTGGTAGGCAGGGTGAATCACTCCTCAGCTTGCCCGGCGTTGATCCGGGCCGAGATGGCGGGTGGGGAAGCCGCCCACGCGTACGGGGCGAGGCTTGGGTTGGCTTCAGGGGTGGCCACACGCCGGAGCGCGGGCCGGGAGATGATCACGCACCGCATGGCCGGGCTGTCAGCATCAGCCCGCAGGGGTGGAGTGAAGAAAAACGCCGTGACGCAACCCAGAGTCCGGGCCGTTTTCAACCTTCCCATGATACCTGCCGCCACTCCGGGGCGCAAGCCTGCGCGGCTGTTGCACGCCCCCGGAGCTGTGCTACACTCCCTCTCGCCCATCACTTACCCGCGCGGAGAGGTGCCAGAGTGGTTGAATGGGTCAGTCTCGAAAACTGAAGTATGGGCAACTGTACCGTGGGTTCGAATCCCACCCTCTTCGCCAGCAGACAGCCCCGGTCACCACGACCGGGGCTGTTCTTCATGCACGGTGCTCTCTTCTGTATTCTTCTCTACGTTCCTTCTGCTCTACGCCCTGTGTCCTGTGGCGTTCTGTCAGCGGCGGGCACTGGCCGGCTGTGCCCGCTGTACCCATACGCGGTAGGCGCTGACGGCCAGGATCGCCGCCAGTGGGAGCGGCACGTCGCCGGGATCCACACGGAGATCCACGCCCTGGGTGAACGACCCGATGCGGCCCCGCACCATGCTCCCCTCCCGGATCAGGGTGATGTCGGCCCCCTCAGTGAACGTGCCGTAGCGGCCGGACGCGCCCTCGGGGGTGAAGGTCAGGACGACGTCCAGGCCGTCGGTGAAGCTGCCCAGACGCAGCAGCAGCTGGCCGCCCGCCACCTCGGCCCGCAGGTCGAAGCCGTCGGTGAACGACCCCACGCGGCCCTCCAGCGCCCCCTGCCCCAGCCCCACGACGATATTCACGCCCTCGGTGAATGTCCCGATGCGGCCACGCAGCTGGTGACCGTCCCACTCCCCGCTCAGATCCAGTCCGGCGGTGAATCCGCCCAGGCGACCCTGCAATGCGCTCATCTCTGCACTGTAGGGAGGACATTCTGGCAGAACCCTGACCATGTGCAGAAATCGGCACCCGCCACCCCAGACGGGGAGAACGGGTGCCGCCATCGGGTCACGCGCTGTTACAGCTCCAGCAGCATCCGGGCCGGGTCTTCCAGCAGATTCTTGATCATCACCAGGAACTGCACGGCTTCCTTGCCGTCGATGATGCGGTGGTCGTACGACAGCGCGAGGTACATCATGGGCGCGATCACGACCTGACCGTTCTGCGCGATCGGCCGCTCGATGATGTTGTGCATCCCCAGGATGGCGCTCTGCGGCGCGTTGATGATCGGCGTGCTCATCATGCTGCCGAAGGTGCCGCCGTTGGTGATGCTGAAGGTGCCGCCCGACATGTCCTCCATGGTCAGCTTGCCGGCCTTGGCCTTCACCGCGTAGTCGGCGATGCCCTTCTCGATGCCCGCCAGGCTGAGCTGCTCGGTGTCGCGCAGGATCGGGACGACGAGTCCGCGCTCACTGGCGACCGCGATCCCGATGTCGTAGTACCCGTGGTAGATGATGTCCTTGCCGTCCACACTGGCGTTGACCATCGGGAAGGCCTTGAGGGCCTCGGTCGCGGCGCGCACGAACAGGCTCATGAAGCCCAGTTTCACGCCGTGCTTGGCCACAAACGGATCCTGGTACTTCTTGCGCAGATCCATGGCCGGCTTCATGTTGACCTCGTTGAAGGTGGTCAGCAGGGCCGCCGTGTTCTGCACCTCCTTGAGGCGCTCCGCAATGCGCGCACGGATGCGGGTCATGGGCACGCGCTGCTCGGTGCGGGGGCCGGCGGGCACGGTCGCGGCCGGGGCAGCCGGTGCACTGGCCGGCGCGGCGGCGGCCTGCGGCCCCTGGCTGGTGCCGCCGCCCTGCGCAGCCTGCACGGCGTCCGCCTTGGTGATGTTGCCCTTCGGGCCGGTGGCCGGGATGGTGGCCGGATCGAGGTTCGACTCGCTCACGACCTTGCGCACCGCCGGGGACAGATCGTCGCGGCGGGTCGCCTCATTCGCGGCCGAGGCAGGAGCGCTTGCCGGGGCGGCCGGGGCCTGCGCTGCTGGTGTCTGCGCTGCTGGCGCCTGGGCCGCCGCGGCCGGTGCGCTGCCTGCGTCGCCCAGCGTCCCCAGCACCTCCTCGCTGAGCACCGTGTCGCCCTCGTTCTTGACCGGCGTGCCCATTACGCCGTCCTGCTGCGCCTGGATCTCCAGCACGACCTTGTCGGTCTCGATCTCGGCCAGCAGGTCACCGCGCTTGACCGCCTCGCCAGGTTGCTTATGCCACGCGAGCAGGGTGCCCTCGCTGACTGACTCGCTGAACACCGGTACTTTGATATCCGCCATAACGCCCCGGATTCTACTCCGCCACCACGTGTGACTGACGCGGGAACGGCGCGGGGAGCGTGAACGCAGTGCACGCAAGCACGGCCGCGGTCAGCCGAGTTCTGCCCCGGTCGGCAGGTGCCCATACCCGG
NZ_CP140098.1_gap73	3288898	3290644	1746	GGACAGCGTGGTGGTCGCGCCCGCAAAGGTCACCACCGCCGTGTCGCCCATGGGCCGCACCTGGACGCGCACGCCGCCCTGACAGACGTACGTGACGCTGGCCGCTGCCATGCCGTCGGCACCGGCCGTGCCCAGCCCCACTGTGCCCAGGAACGAGGAGACGGCGATGCTCAGGGGAGCGGCAGCGCGGCGCAGCGAACCGGTCAGGACAGGGAACGACATTCCAGCAGCTTTCCACACCGCCGCCAGGCCAGGGTGAGGGCATGGTGACCGGCGTGGCGCCTCGGTCCTCATGAGCCGACCGACAGCGCGCGGCGCGGGATCCATCACGGCATGAGGTTCCGCATCCGGGCCGGCAGCAGGGCGGCACCGACCACTCCGAATTCCCGCACCTGCCCGCTGCCGTCGAGCCCGATGATCAGGGTCCAGCCGTCCCTCGGCCCGCGCTCGAAGGACGCGGTGCGCGTGTAGTACGTCAGCTCGCCGCTGGGCGTCAGGGCCTCCCGGAGCACCGCCGTCTCGGCACCGTAGGCCCGCTGGCCGCCGGTCCGGAAGGACTGGAACTGGCGATACGACCCCCACTGGGCCCTGACCGTGGGGGAGAACGACGCCCACACGGGCTCCAGCGTGCCGTCGTACCACTGCTGCGTCAGCCAGCGGGCCAGGGTCAGGCGGGCGTCCAGCTCGGGGGAACCGGTCTCGGAAGCGGCCGGCGCCCGGCGGGTGGACGCCTCGGTGGGGCGGGTGCTGGCCGGGGCGCTGGGAGCCGTTCCGGCGCGGCTCGCCGCTGACCCGACGGCGTCCGGCCGCTGCGCGTCCGCACCGGGGATCGCCGGAATGGTCGGCGGCAGGCCCAGGGGAGCGGCCGGCCGCTCCTGGGTTCCAGACGCGGCCGACGGAGTGGCGAGACGCGATCCATCCGGTACCGCCGGGACACGGACGCCCGCGACGGCGGTGGGGCGCGCGGCCACCTCTGAACGCTCCGGTGCGGCGGCCGGCGACAGCACCTGTACCAGGCTGCCGAGGTCACCGCCACTGACCACCAGTGCACTGAGCAGCGCCACCAGACCGTAGGCGACCGTCGCTGTAACCACTTCCCGAACCCTCATGCTGCCCCTCCCGCTGACCGTGTGTGCCCAGGCACCACCGTCCTGGCCGGTCACCGTGGTGCCTGCTCCGGCACTCGGCGCGTCTATCCTGCCGCGTCATGCGGCGGACAGCACGGGCACGGCTCACGTTCTGCCCGAACGCGTGTGGGCAGACGCAGGTCGGCGGGCGGCCAGCGGCGGTGCTGTGGCCCGCGCCTCAGTGTCCGAAGGCAGCCGAGGCGCCGAGGGGCGGGCGGGACTCCCCCAGCACCGGAGTCGTTCCCAGGCCCGGCTCGGTGCGGTGCAGAGCAAGCCACGCGGCCACGACACGCGGATCGAAGGCCCGGCCCGCCTCGTCCTGCAGGTAGGCGTTGGCTCGGGTCGCCGGCCACGGCTGGCGGTAGGCGCGTTCGCTGGTCAGGGCATCATAGACGTCTGCCACGGCCAGGATGCGGGCCAGCAGGGGAATCTGATCCCCGTACAGGCCATCCGGGTAGCCGGCACCGTCCCAGCGTTCGTGGTGCCAGCGCACCACGCCCAGTTCCTCGGGCAGCAACCCCAGGTGCTGGGCCCGTTCGACGCCGGCGGAGGGGTGCTGGCGCACCAGGGTCCAGTCCGCGCCGCTCAGTCGGCCAGGGTGGTTCAGGACGCCGGTGGG
NZ_CP140098.1_gap74	3295985	3296491	506	AGAGGTGAATGACCCCTCACCCCCGGCCCCTCTCCCCTGGGGAGAGGGGAGACTGGTGGGCAGTTTAGGATTCGATGTGTGGGGGCGGGCAGAACGGAGAAGGCGCGGCGGCTGCGACGCGATCAGACGGCGGCGGAGGCCGTGTTGTGGCGCGTGTTGCGGAACCACGGACTCGGCGTGAAGTTCCGCCGGCAGTATCCCGTCGGCCCTTACATCACGGATTTCGCGTGTACCGAGTGCGGTCTGGTGATTGAACTGGACGGGTCTCAGCACGGCACGGATGACGGTCTCGCCTACGACGCCGAACGTACCCGCTACCTGAACGCGGCTGGATTCCGGGTCGTGCGCTTCTGGAACAACGAGGTGATGACCAACCTGGACGGTGTCGTGCAAGTCATTCAAATTGCGCTGGCGGACTGACCCCTCACCCCGGCCCTCTCCCCACGGGAGAGGGAGAACGAAGGGGCATGTCATGCTCCCCTCTCCCACGGGGAGAGGGGCTGGGG
NZ_CP140098.1_gap75	3301812	3306162	4350	AGAAGGTGAGCGCGAGCTTCTCGCCGGCCCACAGGCGGGTGCGCAGGCACGACTTGCAGACCTCGCCGGCCACGTGCTCCACCTGCTCGGGCGTGGCCTTCTGCACCTTGGCGTAGATGCCAGTCTGACGGCGGGCGGTGGTGGGCCACGGGGTGGCGCGCAGGGCGTGGCACGTGTGGGCGTACGTCTCCTCCACGACCGCCGGGTAGACGTAGTGCAGGGCGCGGCGCAGGTCGGCCTCGCTCAGCACGGCCCGCCACCCGCGCGGAAGGTTCCGCAGCGTGTGTACCGGGCGGTGGTCGCCGCCATCATCGCGGCGGACGGTGTCGCGTACCCCCTCGGGCGTGACCAGGGTGCGCAGGTCGCCGCCGGGGCGGCCCTCGTCGAGCATGTGGCGGATCTCGTACACGCCGCTGTCGGGGGTGATCAGCAGTTCACCCAGCCGAAGCCCCCGGCGCGCGCGCTCCAGCACCGCCAGCCACGCGTGTTCGTGCCCGCGCTCGAGGTCGCCGTCCTGCGCGAGCGATCCGCTGGCTTCCTCGGCCAGGTGGAGGATCACGTCGGCCACAGCCGGGTGGGTGCCCACGGGCCTGGCGTAGTACACGGTCTGTGGGCCGCCCGCGTGGTCTCCGAACACCGTCACGTCGCCGGTCAGACCCATGTCCTCGGGGATGGTCTCCAGCGTGTGCCAGCCCTCGCTGGCGAAGAAGGGCACCACGACCACGCGCGGCGCGGTGATCACGTCAGGCCACGTGCCGACCTTCGGATCCTCATCGAGGAACAGGGCCTCGACCTGCGCGAAGTGCCCGGCCTGCCGGATGAGCTCGGCGTTGTGGTACACGACCTTGTTGGAGTTCTCGTTGCGGGTCGTGCCGTGCCCGAGCACGATCAGGGCGTCGTGCGCGCCGAAGTCCGGCAGGGCCTCGCGGGCGCGGGCGAGGATCACGTCCGTCATGCTGGGGTGCACGCCGTAGGGCAGGGTGTAGCGCACGGTGCGCCCGCCGATCACGCGCGCCACGCCGCCGGGCGGCACCGGCCCCTGGTGGCCCAGCCCCAGTTCGCGCGGGATCACGACCTCGGTGAAGTAGCCCTCGGAGATGAACATGGGAATGACGGTCACGTCGGTGCTGGCCGTGGTGCGCAGCACCTGCCGCAGCGAGGGTTCCTCCTTCCAGTAGCCCTCGATGACCTCGTCGTACAGGCCACGCTCGCGGATCAGGTCGGCATAGCGGTACACGGCGGTGGCCGATTCGCCGTTCAGGTGGGAACCGTGCCCGATCAGGATCAGGGAACGCATATGCCGCGCACTGTAGCTCCCACCGGTCGGGGGAACTGTCCCGACGCTTGCAGGATGCGGGGCCCGCGTGAACCGCGCCGGCCTCCAGCTAAGCGAGCGTGAAGTGCCGGTTCACGAGTCCCGGAGGTGTCCCCGCTTATCGTGGACGGTGCCGCGCCATGTGACCGGGGGACTCGCTCCCGGCTGGCGCCTGCCCGCACAGGAGGTTTCACATGTTCTTCCAGCAGAACGACCGGCACGAGAAGATGGCCCGCCTTGACCCCCGCGACACCAACCAGGACGGCGTGGTCAGCCCGCAGGAAGCCGCCGCGTACATTCAGGAGTACATGGCGAACGCCACCCCCGAAGAGCGTCAGCAGATCCTGCGCGACTACATCGGCGGCATGAGCCCGGATCAGCGCCAGCAGATGGGCGACGCGATCGTACAGAGCCCGGCGAACCCCGTGCAGCGTGTCAATCCTCAGGATCCGGATGATCTCGCCAACGCCTACGCCCAGACCGCGCAGGCTCCCGCCCAGGACGGCAGGAGCCCGCTGGAGGCCGCCTTCGCGTCCGGCGGGATGCTGAGTAACCCCATGGTCAAGGCCGGACTGGTCGGTCTGGCCGCCATGATCGGCAGCAGCGTCCTCAAGCGCGGTCGCTGAGCGTCGCGGATGGGCCACTCCGGGTACCGGGGTGGCCCCACTTCATGTGGCCTTCTGGCTGCGTGTAGCCTTCAGAAGGTGAAGCTGCGGCTGGGACGTCCTGCCCCCATGAGCCGCTAGAATTGCGCCCAATGCCTCTGTCCTACCTCACGCGCATCGCGCAGACGCCCGCCCCGACGTTCCACGAGGAACGCCGCGCGGATCTCATGGCGTCCCTGTGGGAGGAACTGGGCTACACCACCGAGCGCGACAGCGTGGGCAATGTGCTGACCCGGATCACCCCGCCCGGCACCGAGGGGCGGCCCGCGCTGCTGCTGGCCGCGCACCTGGACACCGTCTTCGATGCCGGCACCGACGTAACGGTGCGTGAGGACGCCGGTCGGCTGGTCGGCCCGGGCGTGGGCGACAACAGTGCCAGCCTGGCGGTCGTCACGGCGCTGCTGCGTGACCTGCGCGGCACGGCCCCGGCCCTGACCCGCCCGCTGTGGGTGGCCGCCAACGTCGGCGAGGAAGGCCTGGGTGACCTGCGCGGCAGCAAACAGCTGATCGAACAGCACCGGGCCCACCTGGGGGCCTTCGTGGCGGTGGACGGGTACCTGGGTGTGGCCGTCACGCGCGGAGTGGGAGTGCGCCGCTACCGCGCGACCTTCACCGGGCCGGGCGGACACTCGTGGGGCGACCAGGGGCCGAGCGCCCTGCACGCCATGGGCCGCGCGATCAGTGCGCTCTACGCCCTGCACCTACCGCTGTCGCCGCGCACCACCCTGAACGTGGGAGTGGCGGGCGGCGGCACCAGCGTGAACTCGATCGCCGGCACCGCCCAGCTGCTGCTGGACCTGCGCTCACTGGACGCCGACGTGCTGGCCGACCTGGACAGCCGGGCCGTCGCGGCGCTGCACGCGGCGGGCCGGGACACGGGCGTGACGGTGCGCATCGAGCGCGTCGGCGACCGCCCCGGCGGGCACCTGAACAGCGAACCGCTGCTGCCGCTCATCCGCGAGGCCGCCCGCGACATCCGGGTCGAGGTGCGCACCGCGTCGAGCAGCACCGACGCCAACGCGGCCGCGCCGCACGGCCTGAGCGCCGTGGCGGTGGGGGTGTACCGGGGCGGCAACGCCCACCGCACCGACGAGTGGGTGCAGGTGGCCAGCCTGGGCTCGGGCCTGAAATTCCTGCGGCGCATGGTGGATCTGTACCAGCGCCGCCCCGTGCGCTGAGGCCCACGGAATCCCCCGCTGGGGGCGGGTTTTTCGTGACCTGAATAGCAATCCCGACCCACACAGTTCCCACCAAGCCGGCGCACAATACGGAGTACGTATGACACTCCAGCCGACGTCGGTGGCTCCTGCCCGTTCTTCCCTGAACGCCCGCACCGGGCTCCTCCGGCGCGGTCTGCGGCTCGTGGGCGTCAGCGGACTGCTGGCGCTGGCCGCCGTTCCGGCCGTGCACGCCCAGGGGGCAGGTGACCGCGCGTCGTCGCCGGCGCAGGCGCTGTTCACACGCGTCAACACCCTGATCCAGCAGCAGTACGGCGGCCTGTCCACGGTCGACCGCGCAGCGCTGGCCCGCGAGTACCAGGCGCGGCTGGACGCCGTGTGCGCCGCCGACGGCCCGGACTGTCCCGAGAGCCGGGCCTACCCGGTGGTCACCGCCCAGCTGACGGCCCTGGGCGACGAGCACAGCTTCTTCATGACGCCGGACGACCTGAAGGACTTCGTGGCGCGTGCGACCGGCGGCACTAGGCGGCAGTTCGGCGTCCGGCTGGCCACACTGGACGGTGAGAACCGCGTGGTGACCGAGGTCGTGCCCGGCAGCGCCGCCGACACGGCAGGCCTGAAGCGCGGTGACCTGCTGCTGACGCTGGACGGCAAGCCGTATACCTACGCCGCGCTGCGGGCGGCCCGCGACTCCGGGGCCGGGATCACCCTGGGCCTGACGCGTCTGGGCCAGCCGCTCACGCTGACCCTGGCCTCGACCGAGAGCAGCACCCAGGAACTGCCGCAGGTGCAGTACGTGCCCGCGCCCACGCCCACCAGCCCGCAGGCCGAGGTGGCAGTCCTGCGGATTCCGACGTTCCTGACCGGGGGGGGCGTCGCGCAGCGCGTCCATGATCTGGTCGGCGAGGCGCAGGCGCGCGGCGCGGCCGGCATGATCGTGGATCTGCGCGGCGATCCGGGCGGCAGCCTGAGCGAGTGCGACAGCTCGGTCAGCGCCTTCGTGCCCACGGTGATCCGCCTGGCCCGCTCGGCGGGCGGCAACAGCCGCACCGTGGTCAGCCGCGGAACCCGCCTGGACGACGGCATGCCCAGCGGCGGGGTGCGCCGCCCGCGTCTGTGGACGGGGCCGCTGGCCGTGCTGGTCGACCGGGGCAGCGCGTCGTGCAGTGAATTCTTCGCCTTCGAGGTGCAG
NZ_CP140098.1_gap76	3314039	3316604	2565	CCATGTTCCTGGCGTACCTGAAGGATGGCGACTTCGTGGGCGCGGACATGGCCCGCAAGTTCCTCCAGATGGGCTTCACGCGCTCGCGGCGCTATGCCAACCACAGGGGCGGCAGGAAATACGATGGCCCGGTGCCCGACGACAGGAAGGGCCAGAGCGGCGCCCACGGCCGCGCCGAGTTGCCCCGCCAACCCGAAGACCCGGTCAAGGCCGAGTCCGCCCGCATCTTCAAGGCGAAGTGGGAGGAGGCCGAGGCGAACGCGGAGTATGCCCGGATGAAGAAGGAACACAAGAAGACGTACGGCTGATAGGCCGCCGACGTCAGATCGTCTGGATCAGGCGGGTCAGGAGTTGCACGTGCGCGGGCCAGCGATCCAGGCGGATGTGCTCGTGCTGGGCGTGGGCCCCGTCGCCGGGAGCACCCAGGCCGTCCAGGGTGGGGGTGATGGGCGCGGTGAAATTGCCGTCGCTGCCGCCCCCCACGCTCTCGTGGCCCACGTCGAAGCCCAGGGTGCCGGCGAGTTCGCGGGCACGGGCGTACAGCGCCAGCGTGTCGGCCCCCTGCTCGAAGGGCGGACGGTTCATACCGCCGCGCACGTCCACGGTCACGCGGGGGTCGGCGGGCCGCCACGCCTGTACGGCGGCGTCCACGCGCTGCCCCTCGGCCAGGGTGGAGACCCGGAGGTCGAATTCCACCGTGCAGGTCTCGGGGATCACATTCATGGCACTGCCCCCGTGGATGACCCCGGCGCTGACGGTGGTGCCGATATCCGGACGGGCCAGCGCCTGCACCGCCAGCACCGCCTCGGCGGCGGCCGTGATGGCGCTGGCTCCATCGGCGGGACGGTTCCCGGCGTGACTGGCGATGCCCCGCAGGGTCAGCCAGTACCCGCCGGTGCCCTTGCGCCCGGTCTTCAGGGCGTGTGAGTCCGCGACCGGGGGCTCCACGACCAGGCACGCACGGGCGGCACGGGCCGCGGCCTCGATGTGCGGACGGCTGCTGTCGCTGCCGATCTCCTCGTCCGGGGACAGCAGGAGGTGGATCCCGCCGTCGGGCCACTGCCCGCGCAGCGCCCGCAGGGCATGGACGGTGCCCACGATGCCGCCCTTCATGTCATAGGTGCCGGGGCCATACAGCCGGTCGCCATCCTGACGCCAGGGCATGCGCTCCAGCGTGCCGGTGGGCCACACGGTATCGGCGTGCATCAGGATCAGCAGGGGCCGGGCCACGCCGCTGCCGTCCACCCCCAGCGTCATGGAGCGCGTGCCGCCGGGCAGGGCGCGGGTCACCGCCCCCAGGTCACGCGCCCAGCCCTCGACCACATCCATCACGCGGTTCACGGCGACCGGATCGCTGGACGGGGATTCCAGACTGACCAGCGTGTGCAGGTCGGCCAGCATGGCGCTCAGGTCGGGCAGATCAGACGACATGCGCGACATGCTACTGCGCCGTCTGTCCGGCCCCCTGCGGAGCGGCGACATATGGCAACGGCCGGGGGCCGGAACGACGCACGTTCCGGCCCCCGGCCGTCCGGTCTCGGGGAGGTCAGGTCAGCTGGGCCAGCTGGACGGCGTCGGCACGCAGGACGGCGCGGCCACGCAGGTACAGGTCACCCAGCACCTTGGGCCCGAAGATCCGGCTCAGGCGGGTGCTGGTCATCTCGATGGTGCGTCCGTTGAACCGCAGGCGGACGACGTTGGTGGTACCGGGAACCCAGGTGCAGGACAGTTCGTGCATACGCGGACCTCCAGTGTCGGCGAAAAGATGTGGGGGGCAGGATGGATGGAGCACCGAACCGGCTCCCGGCACACGGTGGAGAGAGACGGACATGCCCTCCGCCGGAACGAAGGACATCCACCCCACGCGGGGCAACCAGTACAGGTACAGTCATGGTACTGGCCGTGGTCTGGTCGGGGGATGGGCCGACTGTCACCTGACCTTGAGACAGACATCATGAAGTCAGAACCGCGTCATGCTTGACTGCCCACGTGCCCACCCTCCACCCTGCGGCGTCCGCGCCTGATGGCGTCATGCCCACGCCGCACAGCCTGCTGGCCCTGGCCTTTCCCTCGGATCCCCGCCTCAGCCCGGATGGTCGCCGTGTGGCCTTCGTGCTGTCGCGGATCGAGGAGGAGGACGTGCGGGCCCCCGACGAGCAGTTCGCGCGCCCCCGCTACAAGTCGCACATCTGGGTGGCGGAACACGGCCAGATGGCGCGGCCCTTCACGGCGGGCGAGGGGCGTGACAGTGCGCCGCGCTGGTCACCGGACGGCACGCAGCTGGCCTTCGTGCGCGACAGCGGCGGTTTCCGGGGACAGCTGCACCTGCTGCCCGTGAGCGGCGGCGAGGCGCGTCGGCTGACCCACCTGCAGCACCCCGTGCAGGACGTGCAGTGGAGTCCGGACGGGCGGTACCTGAGCTTCCTGAGCAGCGGCGACGACCAGGATCGCCGGGACGAGCGCGGTGAGCCCCGCGTGATCACCACGCCGCGGTACCGGTTCAACGGCCAGGACTGGCTGCCCGAGCGGCCGGCGCGGCTGTGGCGGTACGACGTGCTGGAGGAT
NZ_CP140098.1_gap77	3333736	3334558	822	GCGGCGGTGCCGGGCACGAGCAATCCGGGCGTGACGGTGCAGGCTCCAGGCGGCGTGGGCCGGAACGTGGCGGAGAACCTGGCGCGGCTGGGCGTGCGTGTGGCGCTGATCTCCGTGGTGGGCCGCGACGCGCTGGGCGACGAGCTGCTGCGCGGGACGGAGGCGGCGGGGGTGGACGTGCGCGGGGTGCTGCGCGCGCCGGGCGTGGCGACGGGCACGTACACGGCGGTGCTGGACGCGTCGGGCGAGCTGCTCGTGGCGGTGGCGGCCATGGAGGCGATGGACGCGCTGACGCCCGCGGCGGTGCAGGAGCGGCGCGGGGCGCTGGGCGGGGCGGCGTGGGCGGTGGCGGACGGCAACGTGCCGGAGGCGACGCTCGCGCACGTGCTGTCGCTGGCAGCGGGGGCGGGCGTGCCGGTGGTGTTCGAGCCGGTGAGCGTGCCGAAGGCCGCACGGCTCCTCCCGGCGCTGGCGGCGGGCCTGTCGCCGCACGCGGTGACGCCGAACGTGCCGGAGCTGGAGGTGCTGGTCGGCCACGCCGTGCCCGACACGGTGGACGCGATCCGCGCGGCGGCGGCCGAGCTGCATGCGCGGGGCGTGGCGGTCGTGTGGGTGCGCCGCGGCGCGCAGGGCAGCGTGCTGTCCGCTCCGGACGGCGTCCACACCCTGCCGGCCCTGCCCGCGGCCGTGCGCGACGTGACCGGCGCGGGCGACGCCATGCTCGCGGCGTTCCTCGCGGCCCTCGCATCCGGCCGGCCGCCCGCCGAGGCCGCCCGGCACGGGCACGCGGCGGCGGCCATCACCGTCGAGAGCGACCACGCC
NZ_CP140098.1_gap78	3379385	3380441	1056	TTCACTCATGGGGTCATGACCTCGGCAGGCATCTACGGAGCAGTTCACCGTGAAATCGTCAGGAGCAGGTCAGCTGAACGGTGCGCAGCGGCTGACACGGCAAATGGGCGGCCCCCCGTGGAGGGCCGCCCCGTAGAGGGTCTGGCTCAGATCTTCGTGCCGCCGAAGGTCAGCGTGTTGATGATGGTCTTGGCCTTGCTGGCGACGTTGTCGGGCAGTTTGGCGTAGTCCAGCGGCTCGTTGTACTGCTGGCCCGACGTGACCATCCACGTCAGGAGCTTCTTGAGCTGCTGGGCCTGGGCCTGGGTGCGGCTGCCGTACTTCTGATCCTGGTAGAAGATCACGTACGTGAAGCTGGCGATCGGGTAGGCGTCGGCATTGGCCGAGTTGGTCAGCGACACGCGGGTGTCGGCGGGAATCACGACGCCCTTGGCAGCCAGCGCGGCGGGGCCGTTGTCGGCCACGATGAACTTGCCGGCGCGGTTCTGCACGCTGCCGTAGGGCAGTTTGTTCTGCTTGGCGTACACCAGTTCCACGTAGCCGATCGCGCCCGGGGTGCTCTTGACCACGCCGGCCACGCCGTCGTTGCCCTTGGCGCCGGTACCGACCGGCCACTGCAGGCTGTTGCCCACGCCGACCTTGCTCTTCCACTCGGTCGAGACCTTGCTCAGGTAGTCGCTGAAGACATAGGTCGTGCCCGAGCCGTCACTGCGGCGGGCGACCGTGATCGGCAGCGGGGGAATGGTCACGCCGGGGTTCAGCGCGGCAATGGCCTTGTCGTTCCACGTCCTGATCTTGCCCAGGTAGATGTCGGCCAGCACCTTGCCCGTGAACTTCAGGGGCGCGGTCACGCCGGGCAGGTTGTAACTGGGCACCACCGCGCCGATGGCCGTGGGGATGTGCAGCAGCTTGGCGGGTGCGCCCTTCATGGCGTCGTCGCTCATGGGGTTGTCGCTGGCGGCGAAGTCCACGGTGCGCTCGGTGATGGCCTTCTGGCCGGCGCCCGAACCGACGGACTGGTAGTTGATGTCCACGCCGCCCACGGACTTGTACTCA
NZ_CP140098.1_gap79	3520547	3522923	2376	ATGATGGAGGTGTCCACATCCCCAGCCGCGACCGGAACTGCCGGCCGCTCCGTCCCTGTGCCGCCCTCCCTCCATGTCGCTGCAGGAGGTTGCCCTCACCCTGAGGCGAGTCCCGCCGATCCCCGTTCCGCCTCCACACGCACGCCGGCTGCCGGAGCCCTTCATCCGGAGCCACAGGCCTTCGCTCCCGACCGACCTGCCCCGAGAGGACCACCGTGACCACTGCCCACTCCACCCGCACCGCGACCGTCGCCCTGAACACCCAGCGCATCGTGTCCGACATCTCGCCCCTGATCTTCGGGGGTTTCGCCGAGCACATGGGCCGCTGTATCTACGAGGGCATCTACGACCCGAAGTCGCCCCTGGCCGACGAGCGCGGCTTCCGGCCCGACGTCATGAAAGCCCTGAAAGACCTGAACTACCGGATCATGCGCTACCCCGGCGGGAATTTCGTGTCCGGCTACCGCTGGACCGACGGCATCGGCCCGAAGGCCGACCGGCCGCGCCGCCGGGCGCTGGCGTGGCGCTCGATCGAGACCAACCAGTTCGGCCCGCACGAGTTCATGGAGTTCGCGGAGGAACTGAAGACCGAGCCGATGTGGGCCGTGAACCTCGGCACCGGCAGCATCCAGGACGCCGCGGACCTCGTGGAGTACATGAACCTGCCCACCGGCACGCACTTCAGCGACCTGCGCGCGAAGAACGGGCACAAGGATCCCTACGGCGTGAAGTACTGGTGCCTGGGGAACGAGATGGACGGCCCGTGGCAGATCGGGCACCTGGACGCCGTGGCGTACGCCGATAAGGCCGTGGAGGCCGCGAAGCTGATGCGCTGGATGGATCCCACGATCAAGACCATCGCGTGCGGGTCGTCGAACACGGCCATGCCGACCTTCCCGGAGTGGGACCGCGTGGTGCTGGAGCGCACGTACGACCACATCGACTACTTCTCCATGCACTACTACGTGGGCAACCCGAACATGAACTCCAAGGAGGCCGTGGACACCGACTCGTACCTGGCGAGCAGCGTGCACTTCGACGAGCACGCCGAGACGGTGGCGGCCGCGATCCGGCTGGCGAAGGCGCACACCCGCAGCCGGAAGGACGTGGGCCTGTGCTGGGACGAGTGGAACGTGTGGTACCGCGAGGTGGGCGGCGACGGCAACTGGGAGGAAGCGCCGCACATCCTGGAGGAGGTCTACACCCTGGAGGACGCGCTGGTCGTGGCGCAGTGGCTCTCGACCTTCCTGCGCAAGGCGGACATCGTGCGGATCGCGTGCATCGCGCAGATCGTGAACGTGATCGCCCCGATCATGACCCGCGCCGACGGCCTGTTCCTGCAGACGATCTACCACCCGCTGATGATGTTCAGCCAGCATGCGGCCGGCAACTCGCTGGACGTACTGGTCAGGGCCCCCACGCACGAGACGAGGAAGTTCGGCGAGGTGTCCCTGCTGGACGTCACGGCCAGCCATGATCCGGCGACCGGGAAGGGCGCGGCGTTCCTGGTGAACCGGTCACAGACCGAGGCCCTGGAGGTGACCGTGAAGTGGGAGGACGTCGCGCCGGACGCCCTGACACAGGCGTGGCAGATGACCGGCCGCGACCCGATGGCCACGAACTCCTTCGAGCAGCCCGAGGCCGTGACCATCCACACCATCAATCCGCCGGCCCTGAATGCCGGCACCGCGACGCTGACGCTGCCGCCACTGTCGTTCACGGTGCTGACCAGCCAGCACACGCCCGCCTGACACCCAGGCTTGACAGCCCCGGTGGGCTGCCTTACCATGTGATCGTTCACAAATTCAATGTGGGAGCTGCTGCCCACCCCCTGCCGTTGCTTGACCCGGAACCGGATGTCGTCGCGGAGGGTGCTGGTCTCCAGCGCCCCTCCCCCGCCCTCTTTCACGCTTCAGGAGGCACCACATGCGTCTTACCCCTGTGCTCACGACCAAAGCGCTCACCCTGGCTCTGGCCCTCTCCGCATCCGCGCAGGCCGCCACGACCATCGTGTTCTGGGACTTCTTCGGCGGTGGCGACGGCATCCGCATGAAGCAGATCGTGGACGATTTCAACAAGTCCCAGAAGGACATCGTGGTGAACCGCACCACCCAGACGTGGGGCAACCCCTTCTACACCAAGGTGCACACCGCCAGCGTGTCCGGCCAGACGCCCGACGTCATGACCTACCACCTGTCGGCCGTACCTGCCGGCCTCCAGAAGAACGACCTGCGGCCCTTCACCACCGCCGACCTGGCGCTGGGCGGACTCAAGCCCACGGACTTCCAGGCCAACCTGGTCACCACCCTGAACACCGATGCCAAGGCAGCGGGCAAGACCGGTCTGTATGCCCTGCCGCTCGACACGCACACCTAC
NZ_CP140098.1_gap80	3707575	3709226	1651	GGCCGACTCCTCCAGGAAGTTCAGGACGTTGGTGAACCCGTCGTAGGGATGGTGCAGCAGCACGTCCCCCCGGCGCAGGGTGGTGAAGATCCCGCCCTCCTCGTCCTGGTCGAGATCCGGCACGGCCGGCACGTAGGGCGGGTAGCCCAGCTCCGGCCGGTTCACGGGCAGGCCCATCAGGTCGGCGGTGCCCAGCGGGCCGTCCAGCAGGAAGATGTCGTCGGGGGCCAGGTGCAGGCGCTCCTGCAGGAAGGTCACGATCGCGGGCGACGTGCCCTGCACCACCTCCAGCCGCACCGCCGCCCCGAAGCGGCGGCGGCGCAGGCCGTCCTCGATGGTGGCGAGGAGGTCCTCGGCCTCCTCCTCCTCGAACTCGTAGTCGGTGTTGCGGGTCACGCGGAACACGTGCGCGGCGAGCACGCGGCGGCCCTTGAACAGGTCGCCGATGTGCGTGGCGATCACGTCTTCCAACAGCAGCAGGGCGTCCCCGACCACCACGATGCGCGGCAGCACGCCCACCGGCACCTTCACGCGGGCGAAGTCCGGTTCGTCCTCGCCGGCGTCGAGCAGCACCGCCAGGTTCAGGCTCAGGTTGCTCAGGTACGGGAAGGGATGACTGGGATCGACGATCAGCGGAGTCAACACGGGCTGGATCTGCGACAGGTACTGCTCGCGCAGCGCCGCGCGGGCCCGCTTGCCCAGATCCTGCACGCGCATGAGTCTCACGCCATCGGCGGCCAGTTCCTTCAGGGTCTTGCGGGCGGCCTTCTCGATCTCACGCAGCATGTCGTGGGTGCGGTGGCGCACCAGATCCAGCGTCTCGCGGGGGCTCAGGCCGTCCGGGCCCGGGGTGCTGACCCCGGCTGCGAGCTGGCGGTGCACGCCGGCCACGCGCACCATGAAGAACTCGTCGAGGTTGCTGCCGCAGATCGCCGCATACTTCAGACGTTCCAGCGGCGGGTTCCGGGGATCACGGGCCTCGGCCAGCACCCGCTCGTTGAAGGCGAGCCACGACAGCTCGCGGTTCAGATAGCGGCTGCCCGGATTGGCGACGGTGCTGTGCGTGCTCCCCACCGTTCTCGCCGCCTGGACACCCCGCGTGGCCCGGCGCCCCTTCCGGCGTGACTTCGGAGCGGACTCGTCTGTGGTGGTGGGGGCAACGGTGGTCTGGCGGGGCACAGTCATGACTCCTTGGAAGAAGAGCAGCGGGGGGTCAGGAGACGGTCAGCGGCGACACGTCCAGTCGATCTGTCCCCATTAAACCAGGGCCTACACGCGGGCGGCGGGGCCCGGTGCCCTGGTCGCACCCTGGCCCCGCCGCCCACCACACCTCAGACCCGCTTGAACAGCAGCGCGGCGTTCTGGCCGCCGAAGGCGAAGGAGTTCGACAGGGCGTACTCGACCTGCTTCTCCCGCGCCCCCTCCGGGATGTAGTCCAGCCCCAGTTCCGGGTCGGGATCGGTCAGGTTGATGGTCGGCGGCAGGATCCCGTCGGCCAGCGCCTGCGCGACCGCGATGGCCTCGATGGCGCCGGCGGCGCCCAGCAGGTGTCCGGTCATGCTCTTGGTCGAGCTGATGGCCAGGGCGGTCGCGTGATCGCCGAACACGTGCTTGATGCCCTGCGTCTCGTGCAGGTCGTTGTAGTACGTGC
NZ_CP140098.1_gap81	3711775	3713051	1276	GCACCGGGTCTCCCCGGCACGCACTCAGCAGGGCGAGCAGAATCACCGCAGGCAGCACTGGCTTCATACGCCGCATCGTGTCACCCCGCTCCCGTGGCCGTGGCCGCATCTCCGCGCAGCGTCGCCTGTACGCCGTCGCGGTGGTGCCGGTTGTGGTACACGGTGAAGTACAGCAGTTCCCGCACGGTCAGATCGCCCAGGATCGGGTGCCGGGCCTGCCAGTCGTCCAGGTCGGAGTCCGGCCAGCGTGACAGGGCCGAGTTCAGGGTGCTCAGGCCGGTGCGGTAGCGGGCCACCAGGGCGGTCTGGTCGCTCCCGACACGCGGCAGGTAGGGCCCAGGGGCCTTCGCACCGGCGGCAAGCCTGGCGCGGTAGGTGTCGCGCAGCTGCGGATACGTCAGGCGTGCGCGGCCCGCTGCTGCGGGTTCCAGGCGACCCCGAGCCAGCCCCAGCCGCGCCGCCAGCCTGGGCAGCGAGTGCCGGGCCACACGCAGACCAGTGGCGACCGGGGCGTTGGAGCGGATCAGGTGATCGAGGTGCTGGGCAGGCGACCACCGGCCCGGCGGGGCCGCCGTGAACGTGGCCGCGTCCAGGGCCTCGAAGAATCCTCCCACTGTCCCGCAGGCCGCGTGCAGCGCGGCCCGCAGGTCGTCCCGCGTGACCGGATCGCGGTCTGTCACCGCGTGGCGTCCTGGCCGAACAGCAGGCGCACGCCGTCCTGGTGGTGCCAGTTGTGGTACAGCGTGAAGTACAGCATCTCGCGCACGCTGATGTTCCCCAGCACCGGGTGGAGCATGTTGCAGGTGTCGAGATCCCCGTCGGCCCACGTCCCGAGTGCGCCCAGCAGCGCGTCCAGTCCGTCCCGGTAGCGGGCGACGAGACCCGCCTGGTCGTCGCGTGGCTCGGGCAGGTACCGTCCGAAGGCCTTCTGACCACGGGCCAGGGCGGCGTGATACTCGGCCCGCACCCCGGCATAGGAGCGCGAGCCCTCGCCCGGATCGCGCGGCGCGAGCAGATGGCGGGGAATGTTCAGCCCGGCGGTGACCGGGGCGTTCGAGCGGATCAGGTGATCCAGATGGTGGGCGGGCGACCAGCGCTCGGCCGTGCCGTTCAGGAAGACCGGCGCGGGCAGGCCAGCAAAATAAGCACCGATCTCGTCACGGGCGGCGTGGAAGGCCGCGATCAGGTCGTCCCGCGTGACGGGCTCCGGCGTGGTCACAGCACGAAGTCCTGCACCTGCGCGGCAGTCCCGACGTTCAGGGTGCGGGCGTCGGGC
NZ_CP140098.1_gap82	3715404	3717386	1982	GCGAATTTGAAGACCTCGCGGCCGTTCTGGGTCAGGTACGGGCCCATGGGCATGCCGCCGGGCAGGCGGTCGGCCGCGCCGCGCAGGAACAGGCTGGGGCCGCCCGCCGCGTCCGCACCGAGTTCGAAACTCTGGAAGCCGCAGCCGTCGGGCACCGCGCCCACGACGACCGCGCCCGCGCCGTCCCCGAACAGGATCGCGGTGTTGCGGTCGTGCTGATCGACGACGCGGCTCATGACCTCGGCGCCCACGACCAGCACACGGCGGGCCACGCCGCCCGCGACCAGTCCGTACGCCACGCTCAGGGCGTACACGAAGCCCGAGCACGCCACGCTGACGTCCATGGCCGCGGCCCCCGCCAGTCCGACCTCCTTTGCGATCAGGGCGGCGGTACTGGGAAACATGGCGTCGGGGCTGCTGGTCGCGCAGATCACGCTGTCCACTCCGTCCAGCGCATCCGGCCGGTGGGCCAGCAGGTCGCGCACCGCCAGCACACCCAGGCCACTGGTGGTCTGCTCCGGCGCGGCGAAGCGGCGTTCGCGGATGCCGCTGCGGGACTCGATCCACTCGGCCGTGGTCTCCAGGTGGGCCTCGAAATAACTGTTGGGCACGACGCGGTCGGGCACGTAGGCCCCCAGCGCCGTGATGCCGATCCCGGAACGCAGCGGGCGGGGGCCGGAGGTCGGAACGGTCATGACCTGCACCCTAACATTCTTTGAACGGGCGTTCAATGAATCTCCCGACGGAACTTCGTGTGCCGGGCCGCCGCCCTACCCGGACGGCGCGGTAGACTCCCGGCATTCCAGACAACGGTGAGGTCACGTGGACGCCGCACTTCTCACAGCCATGATCTCTCTGCGCCTTCTGGGCGAGCCGGACGTCACTGTGGACGGTCACGCGCAGCCCCTGGCGGCCGACACGTCCCTGTGGCTGCTCACGCTGCTGGCCAGCGCGGCGGAGGCGGTGCCCCGCGAGGAACTCCTGGAACTGCTGTACCCGGACACCGAGGAGGGCGCCGCCCGCAACCGGCTGCGACAGGCGCTGCACCGGGCGCGCACCCGTCCGTGGGGCGCGGGCGTGGTGGCCACCCCTGGAGACGTGCAGTGGCGCGCCTCCAGCGACGTCCGCACCTTCCGTGAGGCGTGCCGGGTCGGCCGCTGGGCAGACGCGCTCGCCGTGTTCCGTGGCCCCCTGCTGGGAACGCGGCGGCCGGCCGGGCTGCCCGCCTTCGAGGCGTGGCTGGATCTGGAACGCGATGACCTCCAGCAGCTGTGGATCGACGCGGCCCTCAGCCACGCCGAGGCGCTGGAGGCCAGCGGTCAGCCGGGGGCGGCCCAGCCGTGGCTCGCGCAGGTCATGGCGGTGAGTCCGTACCACGAGGACGCGGTGCAGCTCAGCCTGCGCTGCGCCGCCCGGCTGGGGGACGTGCCGGGGGCGGCCCAGATCTACGAACGTTTCCGCACGCTGCTGCGCCGGGATCTGGGCGTGGTGCCCACCGAGACCACCACGGCGCTGTACGGGGCCGTCCGCGCCGGGCGGGTCGCGGCCACGGAGCCCCCCAGACCCGGCGCTCCCCGCACGCCGCTGATCGGCCGCCAGGCGGAACTGGGCACCCTGCTGGCACGGCTGGACGATCCGGCGTGCCGGCTGCTGTCGCTGACCGGGCCGGGGGGGGCCGGCAAGACCCGGCTGGCGCTGGAACTGCTGCGGCGGAGCAGCCCCCGGCCGGTCGGAGCGCATCTCGTTGCCCTCGAGGCCGCGACCTCGGTGCCGGCCGTCCTCTCGGCCGTGGCGGCCGCCCTGGGACTGGCGTCCGGCAGCAGCGAGGTGCCGGAGACGCAGGTCATCGCCGCGCTGCAGGCCGGCCCGGCACTGCTGGCCCTGGACAATCTCGAGCACTTGCTGGCCGGCGAGACCCGAGACGGCCTGCTGGCCCTGCTGACCCGGCTGCTCGCCGCGGCGCCGGGCGTGCAGCTGATCAC
NZ_CP140098.1_gap83	3737072	3737572	500	CGACCGTTGAGCGCAGCAGGGCCGCATTCGACAGCCGCACGCCGTAGTTGTTGGCCCCGCCACCCTGGGAGATCGATCCGCCGGCTGTGTTGCCGGCCAGAGCGCTGGTCAGGATGCCGGTGCCGGCGGTATCGTCCACCGTCATGTACAGCACCAGACCGCCCTCGGTGGTGTCGGCGAGGCCGGACAGACTGAGCAGGGTGCGGTTGGTCTGGAGACACGTCAGCAACTGCCGCATGTTGACCTCCAGGAGACGGCGGGTCGCACGGTTGCTGTCGTTCCCCTGGGCCGGATCTTCCCAGTACTGGGCTTCGCGGTTGTCACGGAAGGTCTGGGTCGAGGCCAGCCCTGCCGAGCAGGTCGCACCACTGATCGGAGAGCCGTCCACCCGCACGAAGTAGGGCGTCCACGTGGAGGTCGCGAGGTTGCTCGCCCCAATGGTGCGCTTGAGGACGATCCGCACGTCGGCCTTTGACCAGTACGTGGCGCTGCTGCGGGGC
