gap_id	start	end	length	sequence
NZ_CP096807.1_gap1	3696	6481	2785	CATTAATACCCATGAAGGTGGAACTCACGAAGAAGGTGCTAGATTAGCCATTGTTCGTGAAATAAATAATTATTTTAAAAATATTAATAAAAATAATAAAGGTAACGAAGATAAATTTACTTGAGATGATATTAAAGAAGGAATGACAATAATAATTTCTATTCGTCATCCTGAACCACAATATGAAGGTCAAACTAAAACAAAATTAGGAAATAGTGAAGTTAAAAAAATTGTTTCCAATATTGTTGGAAAAGGATTAAGTAGTTATTTGTTAGAAAATCCAGAAGATGCAAAAAAAATTATTGAAAAAATAAGTTTATCGTTAAAAGCAAGAATTGTTGCACAACGTGCAAAAGAAACAACACGTCGTAAGATAGTTATGGATAGTTTTTCATTACCAGGTAAATTATCAGATTGTGAAACAAAAGATGCTAAGATAGCTGAACTTTATATTGTCGAAGGAGATTCTGCTGGTGGAAGTGCTAAATCGGGCCGAAATCGAAAATTTCAAGCAATTTTACCGTTACGAGGAAAAATTTTAAATGTGGAAAAAGCAAAACAAATAAAAATATTTGAAAATAATGAAATTAATTCAATTATTACCGCATTAGGAGCAGGTATTAAAGATAATTTTAATGATAAAAAATTACGTTATCAAAAGGTAATCATTATGACTGATGCTGATGTTGATGGCGCACATATACGAATTTTACTATTAACATTTTTTTATCGTTATATGAAAGATTTAATTGAAAATGGCAATATTTATATTGCTCAACCACCATTATATAAAGTAGAAAATAGTAATCAGATTCGATATGTTTATAGTGATAATGAATTAGAACTTTATAAAGAAGAATTATTAAAACAAAATAAAAATTATACAATTCAACGTTATAAAGGTTTAGGAGAAATGAATCCAGAACAATTATGAGAAACAACAATGGATCCAGAACGCCGTTTATTACTGAAAGTTTCTGTTAATAATGCATTTGAAGCAAATTTAATTTGTAATGAATTAATGGGTGAAAATGTTGAACCACGGAAAAAATTTATTCGTGAAAATGCAAAATATGTTAAAAATTTAGATGTCTAGAAGAGAGGTATAATGATGAAATCAGAAAATGATGGATATGATTATGATGGTAAAATTCGTGATATTGATATTGCTGATGAAATGAAAAATGGTTTTTTAGATTATGCAATGTCAGTTATTGTTTCACGTGCAATTCCTGATGTTCGTGATGGATTAAAACCAGTTCATCGACGCATTATTTATGCAATGTGAGATTTAAAAATGACTTACGAAAAACAACACAAGAAATCAGCACGAATTGTTGGTGAAGTAATTGGGAAATATCATCCCCATGGTGATACTGCTGTTTATGAAGCAATGGTTCGGATGGCACAAGATTTTTCTTATCGTTATCCTTTAATTGATGGTCATGGAAATTTTGGTTCAATGGATGGTGACCCTCCAGCGGCAATGCGATACACGGAAGCAAAAATGAGTAAAATTGCTGGTGAAATAATCAAAGATATTGAAAAAGAAACAACAATTTTTATTGATAATTATGATGGTAGTGAAGAAGAACCGACTTTTTTACCAGGATATTTTCCAAATTTATTAGTTAATGGTGCTAGTGGAATTGCTGTTGGAATGGCAACTAATATTCCACCCCATAATTTGAATGAAGTAATTGATGGAGTTATTGCGGTAACAAAAAATCCTGAAATAACGACCGTTGAATTAATGAAAATTATTAAAGGACCTGATTTTCCAACTGGGGCATTAATTACGGCTGGAAACGGTTTAATTAAAGCTTATGAAACAGGTAATGGGGCAATTACAATTCGTTCAAAGATTGATATTGAAGAAAATAATAATAAAAGACGAATTATTGTGTCAGAGATCCCATATCAAATTAATAAAGCAAAATTGTTGGAACGAATTGCAGAATTAGTTCGCGATAAAATTATTAATGGAATTATTGACCTTCGTGATGAATCAAACATGGAGGGGGTTCGTGTTGTTTTAGAATTAAAACGTGATGCTCAAGAAAATGTTATTTTAAATAAATTATATAAATTAACACCACTCCAAACTAATTTTTCGTTAAATATTTTAGCATTGTACAAAAACCAACCAAGAGTAATGGGATTAAAACAAATTTTAAAATATTTTATTGAACATCAAATTGATATTATTATTAAACGTAGTCAATTTGAATTAAAGAAAAATCGTAATCGTTTAATCATTTTAGAAGGATTAAAAATTGCTCTTGATAATATTGATGAAGTAATTGCAATTATTAAACAATCACAAACAACGCAAATTGCATCAGATGCCTTGATTAATAAATTTAATTTAGTAGGTGAACAAGCACGGGCAATTTTAGAAATGCGCTTACAAAGATTAACCGGATTAGAAATTGAAAAAATTAACAATGAAATTAAGGATATTAAAGTGGCAATAACCGAATTAGAAGAAATTATTAATAATAGTGAAAAACAAATTGACATTATGATTACGGAATTAACAGAAATTAAGAAAAAATATGGTGATGAGCGTCGAAGTCAAATTATTAAAGAAGAGCTAACAGAAATTGATCCAGAAGAATTAATTCGCCGGGAAGACACTTTAATTATGTTAACACAAGATGGTTATGTTAAACGAGTATCTGATGATACTTTTAAATTACAAAATCGTGGTGGGAAAGGGATTATTGGTTTAGCAAATATTGAAGATAGTTTAAAAAAAATTATTAGTGCTAATAGTATTGAC
NZ_CP096807.1_gap2	62586	63691	1105	AATTTAATTTATATTGATGGAAGTAGTCAAAATATTCATTTAGGAATGGACCCCAAAAAACCCTTAGCAACAAATGTTGTTGGAATAAGTTATGAAGCTGAATCCTCTGGTTTTTTTGCGGGAATTGCAGCAGCATTATGATTAAATGCTAATCAAAGTAAATATCCTTCGGGTTTAAAAATATCTACATATGGTGGAATGGATAATCCTGGTGCTGTTTCAAATTATATGTGAGGTTTTTTAGTAGCTGCTGATGTTTTTAATACAATCATTAGTAACAACAATTTTCCAAACTTATTTAAAATTAGAGCAGATATTTTAGCACAAGTTCAAAAAATGAATCCAGCAATAACTTCTTTACAAAAAGTTGAAAAAGTACAAAATGTTATAAAAAATAATGAATCATGATTTTCACAATCATTTGAAGTTGGACATGGGAAAGATATTTCAGATGAATTACTTTCTCGCAGAGCAAGCATTATTTTCCCTGTTGCAGGTCTACAAACCCAAGATACTATTGACCGAATTAAATATAATAAATCACCAGCTAAAGTTATTGGTGTGGATACAGAACAATCTAAAATTTATGGAGAAGACATAATTGTAACAAGTGCTTTAAAAGAAATTGTAACCTCAACCCAAGAAGCTCTACAAAATATTTATTCGGATAAATGTGGCTATCAATCTAATAGCAATACTTGAGATAATAATAAAGTAACATCGGAATGTTGAATTAATACTGACCAATCATCAGTACAACATCCAACTTGAACAGGGATTGAAACAACAAAGTCAATTAATGAAAATACTGTTAACTTTATTCATAATAAAACTGATAATTTAACAAAGGATACAGCATTTGATAAGATCATTAAAGTATTACAAGATGTTTATTCACGAGGAATTGGTGATATCCCTCCTGTTGCAGCGAAAGTATTTACAACAACATTATTAAATACATATCAAAATAGTGATAGATTGAAAGCTTATATTTTAGATGCAATTGAGGCTGCTTTGCAATAGAAGGAAAGGACATAATATATGAAAAATAATAATGAATATGTAATTGAAATGAATAATATTACTAAAGTTTTTGGTGATTTAA
NZ_CP096807.1_gap3	64718	68886	4168	TTTACAAAATATTAATCAAAAGCCATTTTCAAATTGTGGTTTATTAGATAAAGGAGCAATTCAGTTATATGCTCAACAAATTGTTAATAAATATGACGTGCGAGGTGCAAATTCTGGATTTGCTGTTACACGTAGTTTATCAGGAGGTAATCAGCAAAAATTAATTATTGGGCGAGAGTTATCACGGCAACATAATATTTTAGTTGTTGTCCAACCAACAAGAGGCTTAGATGTTGGGGCAATTGAATATATTCATAATAAAATTTTAGAAGAAAAAGCACAGGGGAAAGCAGTCTTATTAGTTTCATATGAATTAGAAGAAATTATGAGTTTAGCAGATCGCATTGTTGTTTTACATAATGGACGCATTACTGGTGAAGTTGCTGGCAATAAAGTTAAACGTGAGGAAATTGGTTTAATGATGGCAGGAAGATATCAAAAGAAAGGAATAAAAATTAATGCAAACACAAATTAAAAATTATGGGTGATTATTAAAACAAAAAACAAGAATTTTCTTTTGTTCAAATGAATTTAAAACTAAAATGAATTATTTTAAAGCATCTATTTGTGCAATTATTGCAGGAGTTCTTCTTAGTTTTATTATTATTGGTGCAAATGCATCAGATCCATTATTATTTTTTAGTTATGTTTTTCGGTTAGCTTTTCACCCATTATTAAAAGATTCAACATTAACTTATTGAGCAATTTATATTGTTGCAGGATTAGCTGTTGCGGTTGGTTTTAAAGCCGGACTATTTAATATCGGTGTTCCTGGCCAAATGTTATTAGCGGGTAGTATGACAATTGTTTTAGGTTTAAAAAACCCAGCAATTAGTCAAGGTACTGGTGTAATTGGAGCATTATTTATTTCAATTATTGCTGGTGCAGCGTTAGCAACAATTGCAGGAGCATTAAAAGCTTATTTTAATATTCATGAAGTTGTTTCAACAATTATGCTAAATTGAATTGTTTGATATGTTATGAAATGAATGTTTATGAATCCAGCGCATGGAATGTGAAATTCAAATCAAAATTCAACAATTGATATTGTGACAACAGCCCCAAATTTTAATTTAGTATTGAATGGACAACTGTGAATTATTCCGTTTATTATTGCAATGTTACTATTAGGAATAATTGTTTTTATTATGAATTATACTGTTTTAGGGTTTCGAATTAAAGCAGTTGGAAAATCAAAAAATGCTTCTTTATATGCTGGAACAAATGTCAAAGCATATACTATTGTTTCAATGGCACTATCAGGTGCTTTAGCTGGCGTTTTAGGAATGTTATATTATATGACGCAATCAACAGTATTACAATTTACAACAGATGCATTACCAGTTGTTGGATTTGATGCAATTGCTGTTGCATTAGTTGCTTTTACAAATGGGTTTGCTATTTTACCAATTGCTTTACTATGAGGAATTATTAAAACAGCTGCTTTGCAAGCAACGCAATTACCTGATTTTCAAATGTCAAAACAGATGGGTCAATTGATTTTTGGAATTATTATTTATATGACTGCAATTTCTACTTTATTTATTTATTTTAAACCAATCTTTTGATTGCGTCGTTGATGAAATATTCAACACAATGTAGGATGAAAGCAAGAATATAATAAATATCAAGCACAAATAAAGGATTATCAAAAACAAATTAAGAATACAAATAAAATGTATCGAATTAAAATGCAAGAATTAAAAAAACAAGGAACTAAAGAAGAAATTAAAGCATATCGGAATGAAATTAATGATCAATTGACTTTATATGCTGGAAAAATTACCACTTTAAAAACAGAAATTCGTTTTTTTGAAAATTTAAAATATAAAGAAGCAACAAAAATTGGACAATGTGGTCTTAAAACAAAATATAAATTAGCAACATTTATTGCCCTTGGTTCGGCATTAGATCATTTTGTACAAGTAAAAAATGAATATTTATTAAAAAAACAAAAAATTAGTTTTTTAAAAAATAATTATTATCAAGCAGTATGGAAAGTAAAAGGACAAGCAAAACAAGAATTATCACAGTTTTATAATTTGCCAAAAAAAGAATTGTATGCTAAATTAGCACATTTACAGTCACAATATGTTGACTTAGTGCTAAATCAAGAGGAAGCTATTAAAAAATTGCGTGAAAGTTATTATCCTGTTTTTAATCAAATTCAACAAAAATATTTAAATGATTTTAAAACATTGCAAAAAAAAGAAGCAATGATTACTAAAAAATTAAATCAAGAAATTAAAGCATTAAAGCGCCAACAACGTCATGAAATGTATCAATTTAGAATAACAAATTATCAAAGCAAGAAAAAAATTAAACGGGAATTAAGAGTGATTAATTGTCAAATAAAAGGAGATGTTAGGGTTCAACAAGAAGTGGCACTGTTAAAACAAAATTTAAAACTGCAATTAAAAGAGATGAAACAACAATTTAATATTGAATATCAAGTTATGCGTAAAAAACATAAAACAAAGATGCCACAGTGAAAAAATGAATTAAATCAAAAATTAAAGCATATTAGAAAAGTTGTTTCAGAAGATAATAAAATTTTAAAAGCAGAATATCATCGTCAAAATGCCACTTATCAAGTGCAAAAAGGAGGAAAAAAATAATGGAAGCAGTTTCACAATTATTTGCTAATGGGTCAGTTCTTTTTGCTGTATTATTAATTGCCGCAATGGCGGGTTTGTATTCAGAACGAGCAGGAGTTGTTAATATTGCTATTGACGGAATGATGATCGTTGGTGCATTAGTCTATGCGTTGCTTGGAAAAGTATTATCACAATATGGTAATGGAATGCAGATTATTGCTTTATTAATTGCCGCAATTTGTGGTGGAACCTTTGCCTTATTACATGGTTTTGCTTCAATTACTTTAAAAGCACAACAAGTAATTTCTGGAACGGCGTTAAATTTATTAGCAACTGGAATTGGATTATTTTTTGTTAGTATTCCATCCTTAGCAGCTGGAAATATGATTAAAACAGACTTTAGTACAATTGGGATTGATTCATATCAAATTATTAATATTTTCTTAATTATTGCAATTGCTTTAGCAGTTTTTACCTTTGTTTTCTTTAGATTTACAAAAACAGGATTACGTTATGTTGGGTGTGGTGAGAATCCTAATGCAGTTGATGCAGCGGGAATTAATGTAATTAAAATAAGATATAAGGCAGTTATTATTTCTGGATGTTTAGCAGGACTAGCAGGGGCAATGTTTACCCATTATGTTTCTGGACAATTTCGTGGTGATGTTCAAGGACAAGGATATATTGCTTTGGCAATTATGATTTTTGGACAATGACGAATTCAATATATTACATTAGGAGCAGTTTTATTTAGTTTTTTAATTGCTTTAGCAGGAACATTATGACGTTTTGCTGGTTGAAATATTGCGGATCCATCAAATCAATTATTAAAAATTTTACCATTTGTCTTTGCATTAGTAACAATGGTTATTTTCTCGAAATATTCGAAAGTACCAAAAGCATCCGGAATCCCATTTGATAAATCATTACGATAAAAACAACCAATATTGGTTGTTTTTATTTACATTTTCTTATTTTTTTATAATTAATGTATTCTGAGGATATATTCTGTAAAAAATAAGGGGAAAAACTATTTATGAAAAAACTATTCATTATTTTTAGTGTTGTCGTATTATTTATCACTGGAATAACTAGCAAAATTACAAGTTGTCGAATGATCAAATATCGTGATGCTAATTATAGTAATTCAAATTTACAAAATGATATGTTAATTTGGATGAAAATTGCCAGTGATGTTAGTAATGAGATAACAAATTATGATAACGATGGAAATATTAAAAATTCAAACGAATTTCCAGAATTAAATCAGTTTTATAATTTAGTTAATCAACATAATCAGTCACTTGTTCTTGACCGTTCAAATGATCAGATTAATTTAGGATTAAGAAAGTTTCAAAATGAATTTAAGGAAATATTTCAAAAATTAACTGTTAAAATTAGTGAAACATATCAAAATTATTTTAATACTTTAGAGAAAAAACCATTATATCATCTTGAAGAAGAAGATAAATTTATGACCGCGTAAAATATTCGGTTGGTATAAAATTTCCAAAAAATAAGAAAAAGATAGATATAAAATTCTATCTTTTTTAATTAGGTTAAAATTGTCG
NZ_CP096807.1_gap4	79256	79953	697	GAATTAAATAATAGAATAACTAATTTATTTGATTTTACTAAAAATTTTTTAAATAAATGTCATGTTAGTAAAATGATTGCAAGATATATGATTTTTAATGAAAGTAAAAAAATATTAATGATAATGAGACCTTATCAAATTTATGCAGTTGAAAAACTTATTAAAACAGCAAGCGAAACTAATAATAATGCCTATGTTTGACATACAACTGGATCTGAAAAAACTTTAACTTTTTTTAAATTAAGTCAAATTTTAAAATATATGCCAGAAAAAGAAAAAATATTTTTTTAGTTGATAGAAAAGATTTGGATTTTCAAACCATTGAAGAGTTCAATAAATATGAAAAAGATAGTGTTGATTATACTGAAAGTACTTATAATTTAATTAAAAATATTCAAGATTCCACTAAAAAAATAATATTAACTACAATTCAAAAAATGGCTAATGCTTGTAAAAATGAAAAATATAAATCAATAATGGCTAAATTTAAGAATAAGAAAGTGATTTTTATTATTGATGAATGTCATAGAAGTCAATTTGGAAAAATGTATGTTAGCATTAAAAAAATTTTCGAACATGCACAATATTTTGGATTTACTGGCACACCACGATTTGAACAAAATCAATCGGAAGATGGAAGAACAACAGCAGATATATTTCATAAATGTATCCATAAATATTTACTTAATAATGCAAT
NZ_CP096807.1_gap5	86949	88116	1167	ATATGATTTAACAAAAGCAGGACGTTTTAAATTAATTCAAAAATTATCAGTTGAAAACCGAATTTATAACAAAATATTAGCTGAAGACATTAAAGATGTAAATGGTAAAGTTGTTTTTACCGAAGGAACTTTAATGGATAAAGAAGCTATTAACAAGTTAAAAGGAATTTTAAAAGCAGGTGCTTGTTTACAAGAAGTTAAATTTAGTGATGAAATTATTTGTTCTAATAAAATCCAAAAAATTAAAGTATATGTTGATAATGAAGTTCGTTCTCGTGTGGCAAATATTATTGGAATTGATCCTAATGCAACTGATGAATATGTAACAGTTCCTGATGTCTTGGCAACATTTTCATATTTATTAAATTTAACAGATGGAATTGGGGAAGTTGATGATATTGACCATTTAGGAAATCGTCGTGTCCGAACAATTGGGGAATTATTACAAAATCAATTTCGAATTGGATTACTAAGAATTGAAAAAAATGTTAAAGAAAAAATGTCAACTTCAAATTTATTTAAAATGAAACCTTCAAATATTATTAATAATAAACCCTTATCAGCGATTATTGGGGAATTTTTCAATTTATCACAGTTATCACAATTTATGGATCAAACAAATCCTTTAGCTGAATTAACAAATAAACGTCGATTAACAGCCCTAGGGCCAGGGGGGCTATCAAGAGAACGTGCTGGATTAGAAGTCCGAGATGTTCACTACTCACATTATGGTCGTATTTGTCCAATTGAAACACCAGAAGGACCAAATATTGGATTAATTAATAACTTAGCAACATATGCCAAAATTAATTCATATGGTTTTATTGAAACACCATATCGCCGTGTTATTGGTTGCAAAGTTACCATGGAAAATGATTATTTAACAGCGGATGAAGAAAAAAATTATGTTGTTGCACAAGCTAATATTCGTTTAAGTGATAAGGGTGAAATTTTAGATGAACAAGTGGTTGCACGTTTCCAAGGAGAAAATATTATTGCCGGACGAAATGATGTTGACTATGTTGATGTTTCACCAAAACAAATTGTTTCAATTGCAACAAGTTGTATTCCATTTTTAGAAAATGATGATGCCAATCGTGCTTTGATGGGAGCCAATATGCAACGACAAGCAATTCCTTTAATTGCTCCAAATTCACCATATGTAGG
NZ_CP096807.1_gap6	144591	146053	1462	CCTATAGTACTTTAAAGATGGAAAAAGAACAAACTTATTTTTTAAATCAAATTTTACAATTCAATTATCTTAATAAAAAGATAGTAAAACAAATTAATAATCTCAAAGTAAAGACTTTAATATTGCAAGCAGAGGCTGATAAATTTTATAATGCAAAACAAGTAGTTTTAATTACTAATCCACTGGTTAAAATAAAAAAAATTGAGACAGCAAAACATTATTTATTTACTAATCAAACTATTAGTGCTGAAATTTTTAATGAAATAATTAATTTAAATTAAAATTAACTAATTTTTAAGTTATAATATATTTGTTGTCAAGTAACAACATAAAAATTATTCAGAAGTGGTTAGTACGCTAAACAATGATCCACTAGCAACCCTATATTTAACTAGAAGGTGCTTTTAGCAGGGCAAAATGATATGCTACCAATAAGATTTATTAGTTATTGAATAGGACTTAACTGTTAATTTATATGTAAACATATTGTTATTAATGCCACATTATTCTGATGTGGTTTTATTTATGATTAAGGAGAAGAAAAGATGGGAAAAGAACGAATTTTATTTACATCAGAATCAGTATCAGAAGGACACCCGGATAAGATTTGTGATCAAATTTCAGATGCTGTTTTAGATGCATGTTTAAAAGAAGACCCCTTATCACGAGTGGCATGTGAATGTTTTATTACAACTAATCTGGTTATTATTGGTGGTGAAATTACGACAAAAGCAAAGGTTGATTATGCCAATGTAGCACGGAAAGTGTTAAAAGAAATTGGGTATAATAATGCAGAATGAGGAATTAATTGACAAAATTGTGAAGTTGAAATACTAGTTAAAACACAATCACCAGATATTTCTATTGGTGTTGATAAAGCCGGAGCTGGTGATCAAGGAATTATGTTTGGTTATGCAACAAATGAATCAGATAATTATATGCCGTTAGCAATTTCAATTGCTCATACCTTAGTAAAGAGAGCAAGTATGCTACGCAAAAAAGGAATGTTTATTGGGGCACGACCAGATATGAAATCACAAGTAACATTAGATTTAACTAATGTTAAACATATTTATATTGATACAATCTTAATGTCAATTCAACATGATGAAGATATTGATGAAGCTAAATTTAAGCATTTTGTTATTACAGAAATTATGGAACCAGTTGTGCAAGAATTTAAAATGAATTTAGATTTTAAAGTTTTAATTAATCCAACTGGTCGATTTGTAATTGGTGGGCCAAAAGGTGATGCTGGATTAACAGGACGAAAAAATATTGTTGATACATATGGTGGATATGCTCGTCATGGTGGTGGTGCTTTTTCGGGGAAAGATGGAACAAAAGTTGATCGTTCAGCAGCATATATGGCTCGTTATGTCGCAAAAAATATTGTTGCAGCAGGACTAACTGAACGATGTGAGATTCAATTATCTTATGCAATTGGCGTGGCTGAACCAAT
NZ_CP096807.1_gap7	150562	153976	3414	TATTATTGGATGAAATGGGTGAAATGTTTATAAAATTAATTATAATAAATTTCGTCGAGAAATGCTAAAAGGAACTTATAAAGATAAAGATATTATGCGTTATGAAAAAAAATTAGCTTTACTTTATCATCAATTAAATAATAAAAAAATTAATAATGAAAAACAAAAAGAACAATTACGTTGAAAAATTGTTAGACTAGAAAAAAAATACGATAAAAGTGTTTTATGAATTAAGAATAAAAAACAAACTTTTATTGAGCGTCAAGAAACTAAAGAAAATATTAACAAAATATCACGGAAAAAATTCCGTTGATTGGCAAAAAGTTGAAAACCATTGTTACTAGCAACAATTTCAGTTGGTTCAATTGTGTTACTAACAGCAGTTTATATTAAAAATAATATTTATGATTTAGCAGTGGCAAATTGAGGTGAATATATTACTTCCGATTTAATCCGTGATTTTGAAAAAAAATATAATGTAAAAATTAAATATAGTGTTTATGATAGTAATGAAACATTATATAACAAATTATATACGACACATTATGATGTAATGGTTCCAAGTGATTATATGGTGAATAAGTTAGCACAAGAAGGCCACTTAGAAGAAATTGATTATCAAAAATTAAATGATGTTGATAAGAATTTTAACATTATTAAACCTAACCCAAATTATCATGGACAAGATGTTACAGAAAGAACAATGGGAAATGAATATTTTAATGATTTAAATGTTGATATAGCAACAGTACAAAAAACAAATCCAGAATTTTATCAAAATTGTATTGTTCCTTCTACTTTGGATCCAACAACATCAAAATGTTTTGATAAAAATTATGCGGCATCATTAGTTAATGGATTATTAAATGTTTTAAATAAAAATAAATTGAAAAAAGTTATTCTTCAAAGTGGAGAGAGTGAAGTTACTCAAAAAACAATTGTCAATTATAGTTTACCTTATTTTTGAGGGGAAGTATCAATGGTGATTAATCCAACAGAAAGTAACTTAAATTTTTTAAATGATATGTTTGCTAAAGCAAATCAAAATTTACCAACAACAGCTCAAGGTAAATTTGGTTATCAACGTGAAAAGTGAGCATCTAGTGCAAATCGTGACCAAATTAAACTTAATGATGTTAAAAATAATAATGTTATATCAAACGGAATTTCATGAGATATTTTATGACAAGCAGCAGCAAATAAACGAGTTTTAATTAATAATGATCCACGAAATTTATTTATGTTAACTAGTGAAAAGAATTATTTCAAACCAGTGCCAACAACGCAAATGGAGGTTGATCATGGTTACAACGAATTAGCAACATTATTAAAACATAATAATGTTGCCTTAATGAATGATGAGTTAATAAACGCCGTTGGTGATGGACATTTTGATTTTGCTTTTATGTATAATGGCGATGCAATTTATGCTGATACATTATTTGCTAAAAGTCATCAAGAAGCTAGTGGAACAAAATTAATTATTACCCGCCCACGAGCAACAAAGGCGTGAACACCAGAAACAATTGAAGGAACTAACATTTGAAGTGATAACATGGTTTTATCAAAAAATGCTAGAAATCGAGACTTAGCTTATAAATTTATGAATTTTATTATTCAAAATTCATCCGCATTAACAGAAGAAGCAAATTATACTTCACCGTATCAACAAGTAATGGACTATGAAAATAATTATAATTATAGTAATGCTCATGATCCAGAATCTGGTGCAATGGTTAATTATCAGCGTGATTATGTTCCTGTGGCAAAACTTAATAAGAAGGGAATGTATGTTGCTCAACCAGAAATGGCAGATGGTTCATTTGAGATAACTGATTTAGATAGTTATGTATTAAATAAATATAATATTTTAATTGCTGGAAAAAACTAATAATTATTTTGAAAATAAAAAATAGGAGTCATTAACTTCTATTTTTTTTATTTTTAATATTAAATTTTAATTAACAAAAGGAAAATAAAAATAACATGATTATATAGTAATTTGAAAGTAGGGGAGAACAATTAAAAAGCAGGGGTATTTTATGTTTACAATTTTATTTGGAGTATTAGTTACTTTAATTTATTTCTTATTTTCTTTTCGTGATAATAATTATCAAAAAAATAAAACTACAACAGATTTTAATAATAATATTTATCAAATTGTTTTTACTAATAAATATAATTTGCCATTACTTAACAAAAATATTATTCCAACCCCACTTCAAATAACTGAACAAATGCTTGGCATTTCAATTGAAGAAATTTTATTAAAATTTAATTTTAAGTTCCAAAATTATATGCCAATTAATAAAAATACGATACAAAAAAATATCGACAAATGACAAGTATTGGCTTAATTCCAAACCCAAAATATATTAAATGATATCAGCGCCATTTAATTAACAAACAACTTTTAAATCAGGTTTTAATCCCGCAATTTTTACAGTCTTAAATCATAAATATTTTACAATTAAAAATTGCTGATGCAAAAATAATAGTAAATAAATTACAACAATATTTAACAGGAATTTATGTGAAATATTTTAATATTATAAGGTTATTTTGTGTTTTTTAATTTAAAATCTAAATTAAAATTTTTAAAATAAGAACAATTTTTATTGGTGGGTGGTATTATTGGATTTAATTATTTATTATTAATTAATAGTTATTAGTCAATTTTAGTTATTTTAGGTTTAGGTTTTATTTTGATTTGACAACAACAAAAAATTTATTTAGGATTATTAATTTTTGTAATCATTATTTCAGCATTATGTCATTATTATTTGCAACAACCAAGTTTCCAAGAAAACAACATTGTTTATGGTAGAATTCAAAAGCACGGGAATGGTTATTATTATTTGAGTGTTGGTTGAAAAAAATATTTTTTAAAAACAACTATTAATTTTAATTTACATGATCAAATTTGTTTACAAGGCTATTATTCTAACATTAAATCAGCATCTAGTGTGTATGAATTAAATATGCAATCGTTTTTAAATGCTAATAACATTTTTTATCAATTTAATATAACGAAAGTAATTGCTGTTAAACCTGGAAATACGGTTCTTGCTAAAATAACAAAGTTTTTTAATAGTTATGATTACCTAACAAAAGATACGCTTGCTTTATTTTTGTTTGGTCAAAAAGCAAAGGCAACGCTTGTTTTATATGATTATTTTATTCAATTGGGTGTTATTTATTAATTGTTTCAGGCTATCATCTTAATATTTTGTTTTATATTTTAAGCAAAATTTTTAAACGAATAATGCGAAGAAAAGATTATTATATAATTTACTTATTCTTATTTTTTTATTTATATTTGTTAAATTTTTCTTTTGCTAGTGTGAAAGCAATTATCTTGTTATCGTTATCACTATTTAATGCTCATTTTTGAAATTATAAATTAACAGCAAA
NZ_CP096807.1_gap8	191132	192955	1823	TTATTATTGATACAATAGTAACTGAAATTAAGGATGTGACCGAAAAACGAGTGACAACAGTTGTTATTAAAAATGTTAAAACAAGCAAAATTGATAATTTAGCAGTTAGTGCTATTTTCCCATATATTGGGGCGATTCCAATTAGTGATTTTGCAAAAAACTTAGGGGTTTTAGATAAAGAAGGTTATTTTATTGTTAATAATAAATGTTTAACAGCATTGCCTGGATTATATGCCGCTGGTGATGTAACAAATACAACATTACGACAAATTGCAACTGCAATTAGTGATGGGGCAAAAGCAGCTCAATTTGTGCTAGAATATCTTGATAGTTGTCATTAAAAAGTTATTTTTGCGGTAAGATATATATTGGATAAATGTGAAAAAGAAAGTGAGAAGGATTTATGACAAACAAAAAAGAATTAAAAGATGTTCAAGTTAAAGGAAAAAAAGTTTTAGTCCGTGTTGATTTTAATGTGCCAATGAAGGATGGTCAAGTTACTGATGATAATCGTATTATTGCAGCTTTACCAACAATTAAATATTTGATAGCACAAGAAGCAAAAGTAATTTTATTTTCTCATTTAGGGAAAGTTAAAACAGCTGATGATTTAGAAAAACGTGATATGGCTCCAGTAGCAAAGGTATTAGAACAAAAATTAGGACAACCAGTTAAATTTATTAATGCCTTTGAAGGAAAACAATTGGAAGAAGCTATTAACGAAATGCACAATAAAGAGGTCATTTTATTTCAAAATACACGCTTTGCTGACATTATTAATAGTAATGGTCAAATTAGTGTTGATAGTGAGGGCAAAGCAGCGGCAAAACGAGAAAGTAAAAATGATTCTGCTTTAGGGAAATATTGAGCAAGTTTAGGAGATGTTTTTGTTAATGATGCATTTGGAACTGCACATCGTGCTCATGCTTCAAATGTTGGTATTGCAGAAAATATTACTGAATCATGTTTAGGCTTTTTAGTGGAAAAAGAAGTAAAAATGTTATCACAATGCGTAGACAATCCAGTTAAACCATTTGTTGCTATTATTGGTGGTGCAAAAGTTTCAGATAAAATTGGGGTAATTGAACATTTATTAACAAAAGCAGATAAGATTATAATTGGTGGTGGAATGGCATATACTTTTTTTGCTGCACAAGGTCACAAAATTGGAAACTCATTATTAGAAGTTGATAAAGTTGAAATTGCTAAAACCTTTTTAGCAAAAGGACAAGGGAAAATTATTTTACCAATTGATGCGTTAGAAGCACCAGAATTTGCTGATGTTCCAGCAAAAGTTACAACAGGTTTTGATATTGATGATGGTTATATGGGATTAGATATTGGTCCCAAAACAATTGAATTGTTTAAAAAAGAATTAGCAGATGCAAAAACAGTTACTTGAAATGGGCCAATGGGAGTTTTTGAATTTAAAAATTATAGTATTGGAACAAAAGCTGTTTGTGAAGCAATTGCTGAACTAAAAGGAGCCTTTACTTTAATTGGAGGAGGAGATTCAGCGGCAGCAGCAATTCAATTAGGGTATAAAGATAAGTTTACGCATATATCAACTGGTGGTGGTGCTAGCTTAGAATATATGGAAGGTAAACCGCTACCTGGAATTGAAGTTGTTCAAAGTAAATAACATAATAAAACGACAAAAATGTCGTTTTTTTGTGGCAACATATAACATAATGGAATAACTATACCAACTATTATTTTTTATGATAAAATAAGTATGAATGTTTATAATTATATAGAATAGAGGAGATAATTAAATGGCAGTTAGCGATCGTAAAATTGTAAAAAAACATGGCAAAATAGCA
NZ_CP096807.1_gap9	228145	230607	2462	TAGCATTAACAAAACCATTTTTTGAACCAACAACAAAATTATCAGCAACAACGCAAGCAGTGCTAACAGAATTAAGTGGTTATGAAGAAATGATAACATCTTTTAAAACAGCGTTAAGTCAATTGCCAGTTTGAGATGAACCAAATATTAAGCAATTAATTAGTAAAATGGGGGAACAATATCTTATGAAAGGAAAGAATTTATTTATGCCAATTCGAATTTTCACTTCTCATCAGGAACATGGACCAGAACTAGCAAAGGTTATTTATTTATTAGGGAAAGAACAAGTAATTAGTAATATTACTAAATTGCAATAACGAAAAAATGAAATTACCACTAACAATCCGAGATAGTGTTCATGGCGATATTGAAATTAATGAAGAAATTACTGTAAAATTAATTAACACTCCAGAATTCCAACGCTTGGATCGCATTAGCCAATTAGCAGGGGGGCAATTTGTTTTTCCAAGTGCTTCTCATACGCGTTTTTCACATTGTATTGGTGTTTATTATTTAGTTAGTAAAATGTTAGAAACAACAAGTTTTCAAGAAATGTATAGTAAGCATGAACAATTATTGGTTAAATTAGCAGGATTACTGCATGATGTTGGACATGGACCATTTTCCCATACATTTGAAATTACTAATCAAGTAACAAAACAAAATATTAGTCATGAAAATTATTCGTCTTTATTAATTAAAGATCCAACAACAAATATTAATAAAATTTTAGCGGCCGAATTTAGTACAGACGAAATTAATGAATTATGTATGATGATTGAAGGCAAACATCCTGATGGAGTTTTATCATCGTTAGTTTCATCTCAATTAGATGCTGACCGAATGGATTATTTATTACGTGATGGGCAAACGAGTGGCGTAGGCTATAGCCATGTTGATACACAGTGAATTATTCGGCATTTGTTTATTAAAGATAAAAAGATTGTTTTTCCGTTAAAAGTACAATATGCAATTGAATCATTTTTAATTGGTCGTTATCATATGTATAAGCAGGTTTATTTACATTCATTAAGCATTGGATTTGACTTAACTTTCCAAATGATGTTTAAACGATTGTATGATTTATATCACAACAAGTATCAGTTTAAAAATAAAGCAATTATTACTTTATTAACCCCGGTGTTGGAAGGAAAAATGATGAGTCCGAACCAGTATTGTACGTTAGATGATTATACATTATTTACCTATTTAAAAATGTTAGAAAGTGAAAATGATGAGATTTTAGTTACATTAATTAAAATGTTAACGATGCGGAATTTTCTTCAAAAAATAAACCCAGAAAAAAAAAATTTCGAAGAAATTAAAAATAATTTGATAAAAAAATATAAAAACCATTATAATTATTTTATGGTTGAATACAACCTAAAACCAGTTAAATTATATGATAGTGATACTAAACCAATTTATATTGATACACCAAAAGGAATTAAATGTATTATGGAAGTTTCAGAAGTCTTAGCGTTTAAAAATAATAGTAAAAAAACAGCAACAACAATTTGGTTTTCAATTGGGGAAAAATATGAGAATGATTGATAAGAAAGGTTTAAATTAATGAACGATAATGTAGAATTGTTAGAATTAGTGTATTCATATTTAAAAAAGAAAAAAAATAGTGATACTTTTGAAAATATTTGAAATGATATTGCATCAAAAAGTGATGTGACAGTTCACGGAGCCAGCAAAGAAGATGTTATTGCGGAATTATATACTGATTTGGTGTTAGATAACCGTTTTGTTTTGACAAGTGAAGGTATGTGAGGATTACGTGAATTCTTAAAATATGATGAAATTAAAAAACAATATGATTATACTGATCAGTTTGAAACAACAGAAGAATTTGAAGATATTGATTTAGATGATGAAGACGAAGATGAAAATGAAGAAGAAGCATTAATTGGTACTCTTGATTTTGATGATACATTAGATGATGATGATAACGAGGAAGATGATTTTGTTGAAATAGGAGTTGATGACGATTTAATTGAAAATGATTATTCTATTGATGATGACGACGAAACAGTAGCAGCTAAATTGGGTATTACAGAAGAAATTGACTGAAAAGCTCTTGAAAAAGAAATGGAAGAAAATAATTAATACCAAGATTAAAGAGTGTTAGAAGTGACAACCCTGTTAATTTCTAAGCTCTTTTTAATTTGAGGATGAAAGGATGATAAAACAATGGCAAAATATATTTTTGTAACTGGTGGAGTTGTTAGTGGTTTAGGGAAAGGGATTACAGCTTCTTCAATTGGTGTTTTATTAAAAGCAAGTGGGTTAAATGTTTTTATGCAAAAATTTGATCCATATTTAAATGTTGATCCTGGAACAATGAGCCCTTATCAACATGGTGAAGTTTTTGTAACAACAGATGGTGCAGAAACAGATTTAGATTTAGGACATTATGAACGTTTTATTGATGAAAATTTAACTAAAGAATCAAA
NZ_CP096807.1_gap10	234769	238810	4041	TTAACAACGAGAAAGTTCTTTTTTGCCAACCACAGACATTTATGAATTTAAGTGGCACTGCCGTTTATCAAATTAAACAATTTTATAAATTAATATGAGAAGATATTATTGTTATTTATGATGATAAAGATATTCCTTTTAATGTTATTAAGTTAAAAAAGAATGGTTCAAGTGCTGGCCATAATGGGATTAAAGATTTAATTCAAAAATTAGGTAGTGAAAATTTTTTAAGGATTCGTATAGGAATTGGCAAAGATTTCCAGATTCCAACCCGAAACTGAGTACTAGGAAATTTTTCTCCTGCTCAGTTAGAAATTATTAATAATGATTTATTAGAAAGAGTTTATCAAATTATGGTGCAATATTTAGTAAAAGCAACTAGTTTTGATAAATTAATGAGTCTTTATAATGGCAAATAAAATTAAACAATATAGTTTTAAAAGCAATAATCCCAAAATTTACTTAATTGCAACTCCAATTGGTAATTTGCAAGAAATGACACCGCGAGCAATTGAAGTTATTAAAAATAATGTTCAAAAAATTTATTGTGAAGATACCCGTAACACGATTAAACTATTAAATTATTTTAATTGTAAAAAACAGTTAATTTCTTTAAACAAAGAAAATGAAATGCATCGTTTAACAGAAATGTTAAATGATTTAGCACAAAACTTATCAATTGCAATTATTAGTGATGCTGGTTATCCACTTATTAGTGATCCGGGTTATTATGCCGTTAATCATATTTTGGAACATTATCCTTATGATGTAATACCGATTAGTGGCGCTAATGCTGCTTTAAACGCTATTGTTAGTTCGGGTCTTAATCCGCACCATTTTTTATTTTTTGGGTTTTTAAATAAAGCAAAAACAAAAAAGATTAATGAATTAGAAAAGTTGTTATCATTACCATACCCCATTATTTTTTATGAAGCACCCCATCGAATCTTAGAAACATTAAAAATAATTAAAACAGTTTTTGGTGACCGTAAAATTGCCGTTGGTAAGGAAATTACAAAAATTCATGAGCAATGATATCGTGGTCATTTAAGCAAAGTGCTTTTATTTTTACAGCAAGAAGAAAATGTTTCTGTTGGTGAATATGTGCTTGTTGTTGATGGTGTGGGGAATGTTACTGACCCTGTTATTGCAGATGAAATTTTGGTTGCTGAAATTGACCAGTTAATCATAAAACAAAATTATCGAGTTAAACAAGCAATTGATTTTGTTGCAAATAAATATAAAATTAGTAAAAATGTTTTATATAATAAATATCATCAGCAAAAGGAACAAGATGAAACAAACAGAACGAATTAAACACTTAGTTTTTTGTAGCATTCTCTTTAGTTTAGAAATTATTATTTTACTTTTAACTTATTTTTATAGTTTATTTTATTATCAATTGAATTGATTAAGTTATTTATGATATTTTGTTAGTTGATGAAGTGTGCAAACTGATTGTTTAATTTTATTATTTGCCTTAGGAGGATTAATTTATTTTACAAAATGTATAATGTACGATGAAGCGGCAAAAAAGCAACTCTTGTTAAAGGGTTGCTTTTTTATTTGAAAAACAACAACTCCTAAAAGAAGGTAATGATAATTAAACAACAAAAAATATGTGATGTTAATGATTGTTATAAATTATCATCATTTATCAACGAAGAATTTGTATCAAATAAAGTTTTATGAACTTGTGAAAAACATAGAAATTTATTGAATAAAGTAAAAGATAAAACACAAAAGCAATTTTATCAAAAACTAGAAAATTCAAAAATTATCTTTGATTATGAAACTGGTTTGTTAAAACTTTGATTTTATAAAACAACTTAATAGCAGTGTGGGACGGTTATTTTAAATAACTAAGTGCTTCCATAAGAACATGAGTTTATGCTCATTCCCACAGCCGTCCGAGGCAAGTACTGAAATAGTGTATGAGAAAAGAGGTAAATCGGCGTTGGTTATTATTTTTAATAACTTGCGATAGTGGTGATGTGTCCAAGGCTAACATCGAACCACAATAAAAATAGAGATGGTGACACAAACAATTAAATTTGCGATTAGCATTCGGTCCTTCATATGGGTGCAAGTAAATTTAATTTCAAAAACTGAGCGTTGCCTCCTTGAAAAAGGAACGGAAGAAGGAAGACATATATGTCAGGAAGTACTTAATACTACAAACAACTACAAATTGTAGAACATTGTAGTTAATATACCAACAATTAGCAAAATTAATAATAAGGAGGTAAAGATGAAAAAGAATAGTTGTCTTAAAAAAAGATATTGAGGTTATTGCTTTAAATGTGATAAACAAAATAAATATATCCCTACACACAATGAAATTACTGATGAACATTGAGCATTATGTTAATTGACAAATATATACACAACAAAATAAAGGCGGCGGTGATGTTAAATTAAGAGCAAGTAGAATTAATAAAAACTTATTAGAATTAAATAAAGAAATAAATCCTTATAGTACTAATTTTTATAATACAAAAGATGCTAAGTTAAATAAAAACAATCAATTTATTGATAATAAAAATTGATTAATTCAACAACGAGAATATGCTACTAATTTAAAATTAGGTTATCAAAAATTACATTGCATCCTGTAATCGAAGTGCAACAAATCAATTCTGAAAGGAGTTGATTTTTTATTGAAAAGAAACATTATTTTATTTTGCGGTCCTTAGTAATTAAGTATGGAAAAGATATTGTTATTAATACTGTAAATAAGATAGTAATTAATAATGTAAAAGAAAATGAATAAATTATCCGCGTAATTTATTAGCGGTAATTTATTCAATATAGTTTATTTTGAGCGTAGCGAACACGCGAAGCGTGACGCGATATTTTTAGAGAGGAGATGTAATATACCAACTTGATTAACGACAATATTTAGTGTTGTTATTGTATTAGCAATTTTTCTTTATTTTGGTTTATTAATTTACCAAAAAATTCGTCAAATTCGAGGAAAGAAAAAAGAAAAAAAGAAATTGAAAGAAAGGAGAGTAATAAATAATGTTAGGTATGTATTTAACAACAGCGTTTAATTTTTTAACAGCATCTACACCTAAAACTATGTCTGAGGGTATGACTGGTATTTGAACTGGTTTATCTAGTGCATTATGAAAAGTTAAAGAAGGTATAACAAATATTTTACCTGAGATAATGGTTTTCTTAGGTGAAGCGTGAATTATATTAATTCCATTTGCTATATTTTGTATTATTAAAATCTTAAACTTTTTCCGTGTTATGGTTAAAGGATTTTAATATTTATTATAATCGATCATATATCTTAGTTAAGGCACACTAGCTTTTATGTGAATTAAATAAATAATTTTATTGTTTATTTTTACACTATATACTGTTTACAAATTTATTTTTTAATAAACTTTATTACTATCGTTAATATTGGGATAATAAAAATCTCTATTATACATATAAATTTAACTATAAATATCCCTATATTTTCTATAGTTGATAAATCTATATTGTTTATTATTCATAATATTGAGTCTGTTATGAAAAATATTTTTTTAGTAGGATTTAATAAAAATAAGAATATTTCTATTAAGGGTCATACTAGTAATAGATTTGGGAAATAAATTTTTATAATATTTTTTATAAATATACCTACTTTTTTTTAAAATCTTGTGAACAGTGTATAGTGTAAAAATATCAATTTAATTATATTTAAGGTATTATTATGGTTTTCTCTCTGTATAAAAATATTTATAAATTTGTTAATTTATTAAAAATTCGAATAATAAATTTAAAAGTTATTATTAAAATTATTATTAGTGAAATAATTGTTTTAATTGGTAATACCATTCATGATAATCAAAAAATAGATGGTATTACATTTGTAAAAAATGAATTTATTATTTCTTCGATATTTTATTTCTTCTTTATATTTAAAATAATTTATACAGAGAGAAAACCATAATAATATCAACTTAATTATAAACTTATTATTTTATATTTTAATAACTATTGTTAAAAATTAAATAGTATTTTTCAGTGTGCCAATTTTTA
NZ_CP096807.1_gap11	240420	242118	1698	TAACGGAGGGACAGCAAACTATGAAATTATTGACAGATGAAATTTATAGTAATTATCCCTTAGAAGATGATAAAGTTAAAGTTTTAACATTTAAAAATTTAGATTTTACTGATAGAACAAAACCCGTTCCCCTAGATGATAGTGTTATTTTATTTGATGAAAGTTATTTATATATTGACGGAACTAGTCCTCACGATGAAAAAAAAGTTCATAGTGGTAAAATACCGTGAATTGTTTTAGCGAGACATTTTGGACATCGTGCGTTGTTTACTGCTCAGCGTGAGGGTATGATTTGAAATAATATTCGCCAGTTAGCAAGTGGAATTATTATTCCAATTTCATTGAAAAAACCAGTTATTAAGAAAGGGTTTAATTTTTTTAATCGTTTCTTTATTATGCGAATTGGTATTTTTCAAGATATAACGGATTATGAAATTTGAAAAACAAAATCAGTAGAACGAACAGCAGAAGGTAAAAGAGTAAAACATAAGTCGGATGTTGGGTTAGGAATTCGGTTTTTTAAAATAATTATTCCCCTTGAATTCGCTAATAAGTATGATAGTCAATGGTTAAAGTTTGTGCGTGATTTAAAGAATGATGAAATTGTTAATAAAAAAGAATATTATTGGTCGGAAATCACAAAATTAAGTGTTAAAGAACGATTGGAGTTATTTGATATTGATATTTTGAAAAAGAATTTAAAACCTAAAAAAGAGAAAGGAAATGGTAAAGATGATTAATTTATTAGTTGAAAATAATAATAGTAATTGAGACAAGATTTTTAGTTTTGTTTTTGATATATTTTTGTTTATTTTTGATGTAATTTGAAATACAAAATTACCGATGACAAATACGTCAATTGCTTATTTTTTAATCTTTTTTATGGTTATTAAGTTATCGATTTATGCAATTCACGGGACATCAACACAATATAATAATTTATTTTCAACAGTTAATAATGGTGTTTCACAAGTATATTCTTCAACAGTTCGCGGTGTTTCTGATACTAAACAAGGTATGCAAAAACATATTAAAGAGCGTAAACAATTTAAAATTAATCGTAATAAAAAACAATTATCAAGTTTAGCAAAACAAGCAAAAACAAGAGAACAAGGATATAGGAGAGTGCATAAGTAATGATTAAATTAGTTTTATTGGTGGCGGCGATTGCGATATTTGGAACTGGTTTTATTACTGTTATTATTAATCAATTTACATCAGCAAAAAATATTATTATGGATTTATATAATTCTGATACTTGGTTGTTTTGATTATTTGGTAGAATGGCAGTTTTGTTTAGTCATCCGTTAATGTTAACAATATCGAGTTTATATATTGTTGGGTTTATTGTTTCAAAAACATTGTATAGTTAGGAGTTGAGTTTATGAAAAAATCGTTATCTTTATTTGCCATATTTATTTTAAGTTTTTTGGGTTTGGTTATTCCATTTATTACTTTAACGGCGTTTAGACCCTTAAATGAGGAGCAATATACGCTTAAACAAGAAAGTAGTACTGGTAAAGGTATTAATGAAACTGATTTTATTAATACAATGTTTTTACGCAGTAGTTTTTTTGAAAATTGGTCGGAAACAAATTATTTTATTAATCCAACTTTAAAAACATCAAAAAATTTATTGTTTAATGATAAATGGTATTTAGATTTTTTACAAGATAGTTATTCAACCGGAGTTGTTTA
NZ_CP096807.1_gap12	248858	252740	3882	TACCATTGTTTCTTTAAGTTTTATTTGAAATTCTTTAAAATGATTAATACACAACTGCACAGGTCAATCACCCTGCATTTGTCTTACTAAATCACCATTTTCATCTTTTTTAAATTTTGCTAATACCTTATCTTTACAATCAGGCATCTCACAATCTAACGATTTTTTAATAACTGCCATCTTATTCACCCTTAACTTTTACATTACCATCAGTATCAATAACTAAATTGGGCTCTGCTGTATCTAAATTTCAACGATAAACTGATTTAAAATAATTACTATTTATTTCTCATCATTTACTAGCCTCATAAGTAAAATCATATCTATTTATTGCTAAACCTTTTGGGCAAACCAATAAATCATGTTCTATATAATGATCCAGTTTTCTTTTTAATGAAATAGAATTTAAATCTATATCGTTATTAAACTTACTTAAATATCATTCTTTATTTTCATTACCACGTCATACTACATAATATCATTTATTATCAACTTTATTAAATGGTTTTTCTTGTGGTGCTATTCATTCTAAATTGTCTTTAATGTTTTGATCTTTTGTATTTATTTGGTTTTCTTGTTTTAGTTTTTTTAATTCATCTTCGCTATATTGTGTGTTACAAGCAACTAAACTTGTTGTACTTGTTCCAATTAGAGTGATTGCTCCTAAAAGACTTAATATCTTTTTCATTATTAATAATTCCTTTCGTTAAATCTTTTTACAATCACAATTATATATATACAAGTAGCAAAACCTAACTTCGTGGAATAAATGTAATACTAATAGGATTAATACTATCATTTCTAATACCTAAAATATTTGAATTATCAATATCTATTGATATGTTTTTATCATTACCAAAATATTTATAAAGTTTTACAACTGGCATATCTGAATAATAAAATGAAAAATCAGGAAAAACCACTTTTGTAAATCTAATCTTTAATTTCATGTCATTAGTATGTCATGCTTGTACATACAATTCTTTAATTTTATTATCATCATTATCAGATAATTTTGTTATTTGTAATAAAAAACTAAAATCACAATTTTTAGAAAAAGAATAGCGATTTTGATAATATCCACTAGGTAAGCCAGTAGTTTCACCAGTAAATAATGTTGTCTTTTTATTTTCTTTTATATTAGCAAGGTCATATATTAAACTACCATTAAAATTAACTTTATCAATTTGTTTATCACCCTTAACTTTTAATTTTCCGTTGGAAAACCAGCCTAAATTATTTTCACAAGTAGAATAACCACCAAGAATATTTATATTTCTATTAGGAATAAAATTCTCTATATTTGGTGGGGCACATTTAACTTGTAAATTATTAAGATTATTAAATTGAATTGATGAATAAGCATTTAATAATTGTTCTCAAGTAGTAATTGTTGTGTTAATTTGTTTTAAATCAACTTCTAATTCATAATATACATTATCATACTTGTTGTTAAATAAATTAATTCAGTCTTTTTGTCAAATAAAAGAAATGCTTGAAGTACATTGTTTTGCTGCTGTTATGTTAGCTTTTAATGGTTTAATTGTATTAGAATCTAATATATTTACTGTATATGGTTTATATGTAAATGGGTCTGGTGGTAATACTGCTTGGGGGTAAAAGAATGTTGTTTCTTCAAATAAATCATAATCTAATGCACTTGTTTTAATAACACTATTTCATGCTTGTACATTCCCATTTGGTTTAATAAATTTTGCCATTGTTTGTCATTCACCTTGAAAATTTTGAAATGCAGTAATATTATCATTTAAAGTAAATGGATTTTCTGAATATGTTGTAATTTTAAAATTAGTTTTACCAATAGTTTGTAAATTAATTAAATCAATTACATAACTTTCTAATGTTCCATCTTCTGTTGGATTAAAATCTAATTTATTATCTAAATTAGTTAATGGTGTATCTTTATCTAATGCTTGAAAATCTTGTGATAATATTACAATTTCATCAGTACCACCATTAACATTAATTCTATTTTGCCCTAAATCAATAGTAGAATAAACTTTTGTACCTAAATCTTGACCAGTTGCAGAATAATAATGTGTTTTAATTTTATCTGTTAATTTAAGCATACAACCAAATGTTAATGAATTACTTCCAATTAAACCACCAACTTGGTCTTCTGTTTCATTACGAAACATATCATATGGAATATTACCTTTTCCAGCACTATTATCTTTTCATAAACTATTTTGAATAATTTCATAACTTAAATAATCAATAAAAGCATTTAATTGTGCTATTTTTGGTATTAATTGCGTATTTTTTTGACTCATTAATTTAACTGGTAAACCTAAATCAAAAAATGAAATTATTTTACCAACAATAGGTAAATTATTAAGACTAAATTTAGTAAATTCATTAACATCTCAAGGTAATAATGAAATTGATGAATGTGTATAACGATTAGCATTTAATATATCATGAAATGATGAAGATTTTAATTGTGAATAATCAAATGATGCAAGACCAAAAGGGGCTTTTTTATATTCTGGGTCTTGATAAATAAATTTACGAATTTGTTTCGTATCATAAGCACCATTAGGTTTAAATTGTAATCCACTATCTCAAAAAGGTGTTTTATTAGGATTTGTTGCTCTAGTAGCAATTAAATCACTTCCTAATACACCTTCAGCATTTTTCTTTGCTAATGGATCTGCTAATGCATTAAAAATATTAGTTCATTCACCATAAGTAGTTTGATTAGATGGTTTTAATCCTTGTAAATTATATAAAACATTAGCAGGATTAGAATTAGTTAATAAAGTATCAGGCATACCACTTAATTCATCTGAAAATAATAAATCTCGTGGTTGATATACTCTTTTATTAATTTGTCCTGATTTAATAGGGCGACCAATAACAGTTAAAGAACTAAATGCAGTTAAACCTAATATTTTTAAATCAATTCATTTAACACCAACATCTTCGGCTAAAACTGGATCATAATCAACAACTCCATTAATAATTCTTGGGAAAAAATAACCTTCACCAATAGCACCATGTTGGATTTTTTGTCATATTGCCATACCTGATTTAGATAAATGGTCATTAACACTACTAAATGTAATTTCTTGAAATAAAAACTTTTTATTATCAAAAGGATCATAGTAATCTGTAATATTAGAAATATATAATCATTGAATAGATTGATTATATTCATAAGTATTAATAGTTTCTCCACCAATATTTTCATTATTTTTATTTAAAACAACATAAAGGTTTAATTCATCATTTTGACCAAATTGTTTATCTGTTGATAATAAAGTATATTGTCTTTGAGTTGAAATACCTTGAAAAATAGGGTCAGGCGTTCCTTGCGATGAAAAATATGCACCACTTGTACTATTTTGTAAATATGCTTCATACATATCACCACGATTAGTAGGGTAATGCATTGGATTAATAATTTTAGTATAAAAATTATCAGCATCTTTAAATTTTTTTTCTTCTGTTCCTTTATTAACTTGTTTTAATTTAAAAGCATTTTTTCATTGAGCAATAATAGTAGCATTACCAGTAATAGCAAGTGTAAAATCAGAATAATCTTGTGGAATACTATTAATTGGTTTATATCCACTTGTAGTTAATGGAATAACTCCATTAGTAATTACAAAAGGAAAGATAAATCATTTATCTAATTCTTGTATTTTACGCTTAATAACTTTACTATCAGTAGATGCCATTCGCATTGCAGTATATAATACTTGATTATTAATTTGTATTAATTCTTTATTATTATTTTTGTTTAAATTCATCTTTTATACCACCTGTATTTTCATTTTCTTCATTCTCATTTTCTAACCCAAAATCATCATTATATTCCATTTGTTCTTTATCAATTTTTTCAACTTCTTTAATTGC
NZ_CP096807.1_gap13	255450	256512	1062	ATTTGCCAACTACATTATCTTTTATCATAAAAGTTTTAGCACTATAACGACTTCCTATTTCATTATATTCATCAGCAGGATTATATATTTCTTTTCACGGTGCATTAGGGACATGTTGTTGATAAAATCATCTTGGAATTTCATCTAAATGTAAAAAATGTTTAAGCATCTTTAATCACCTCATTTATTTTAGGTAAATCAACATTATCAAAATTAATAACAATATTAGAATTATTTATATTTGTATCTTTAACATATTTCTCAACATATATTTTCTTCCCCCCGCCATATTTGTCATTTAATAAAGCCAATTCCAATTCTATTTCTAATTGATTTATTGTATCTTTAATAAAATAAGCGGTTTTTGTATCGACTTCATCTTGTCAATTATCAAATGGTAGTTTTAAATAGTATAAATATGCTCTTTTATTACTTAATTGGGTGCCTTTTTGTTTCAAAAATGCTGTAGTTTTGTTACTAATTGTTCTAAAAGTTACCATTTTTTACTCCTTTTTGCATATTAAAATTGCTATTATTTAAACAATATGGTTAAATAAAAGAGTATAAAACAAACTTATCAAGAACTAAAAACGTATCAAAATGTATTAAAGAACTTAATATTATTTTTATTATGTTTATTTTACAATTAAAAAATGACTTTTTCAAGTCTTTATTTTTTGTAAAACAAGTTTTAAGAGAAATAAATTTGAAACTTGTTACATTTTAATTGTATAACTTTAAAAATAATTGTCAATATTTTTTTAAAAATAGTGTATAAATAATTTGAAAAAGATTGGAGACAAAATATATGAAAGATTATAAACACGTAAAATATGATGAGCGTGATTTATTTAAGGATTTATTATTTTCTAATGCTTGTAAAAAGAAAAATGGAACAATTAATTTATCTGAAATTGCAAGACAAATAAATCGTAGTGTAGATACTGTTAGACGAGAAATTAAAAGATTTAAAAATATAGAAGATTATACAGCAATAGAAGCACAAAAAGATTATTATAAAAAGCGTAAAAAATGTATTAAAAAACTACCTGAATTTACAGA
NZ_CP096807.1_gap14	312469	316025	3556	ATTAAAACTTTCCCTGAAATTGTTCATTCATCTGATGTGTTTTATCGTAAAAATGAGTATGATTGAAAAAAAAATAAAGCCAAGTATAATACAGTATGTGTAGAAATGGAAGCATTTGCTTTGTTTGCAAATGCATTAACATTAAAGAAAAGTGCAGCAGCATTATTAACAATTTCTGATTCCTTTATTACAGGTGAATTAACAACAACAGCCGAACGACAAAATAATTTTTACCAAATGGTAGAGTTGGAATTAGAAAGTGCAATTAAATTATAAAAGAAAAAAGGAGAAAAAATATGACAACAGTTTTACAGTTATATCAAGATCAAATTAAAGATCAAAGTGAAGTTACAATTTTGGGATGAGTGCGTTCTAATCGTAGTAGTAGTAAATTAGGTTTTTTAGTTATGAATGATGGGACTGTTTTTGATAATGTGCAAATTGTTTATAGACCAGAGCAACTTGCTAATTTTTTAGCAATTAGTAGTTTACGAATTTCATCAGCAATTAAAGTAGTTGGAAAGTTTTGCTTAACACCATCTGCAAAACAACCATTTGAAATTCAAGCATCAGTAATTGAAATTCTTGATGAGGCAACCGAAGATTATCCGTTACAAAAAAAAGAGCATTCTTATGAATATTTACGTGAAATTGCTCATTTGCGAGCAAAAACTAATACATTTAATGCAGTTTTCCGAATTCGTAGTAGTAGTTCTTTTGCAATTCATGAATTTTTTAATAAAAATAATTTTATTTATGTTCATACACCAATTATTACTGGAAATGACGCTGAAGGTGCTGGTGAATCATTTATTGTAACAACGAGAACGGATGACAATTATAATGAAGATTTCTTTGGAAAAAAAGCTAGTTTAACTGTTTCAGGTCAGCTTCATGCTGAGGGTTTTGCACAAGCTTTTCGCAATGTTTATACTTTTGGCCCAACATTTCGTGCTGAAAATTCTAATACAACAAGACATGCTGCTGAATTTTGAATGATTGAGCCTGAAATTGCTTTTATTGATCTAGAAGAAAATATGGCATTAATTGAAAAAATGATTAAGCATATTATTAATTATTTATTTGTTAATAATAGCCATGAACTTGCCTTTTTAAATAGTAACGTTGATGATAAATTATTGAAAAGATTAAAAAGTGTTATAAATGATGAATTTGTTCGTCTATCATATACAAAGTCAATTGAAATTTTACAAAAAGCTGTGACAAAAGGCCAAAAATTTGAAAATACAAATATTTTTTGAGGAATGGATTTACAAACTGAGCATGAAAGATATTTATGTGAAATAGAAACAAAAAAACCAACCTTTTTATTTAATTATCCAAAAGAAATTAAAGCATTTTATATGAAAATTAATGATGATAATAAAACAGTTGCGGCTTGTGATTTATTAGTGCCAGGAATTGGAGAATTAGTTGGTGGTAGTGTTCGTGAAAATGATTATGATAAAATTGTCAACCGTTGCAATGAATTAAAAATTCCAACGATAGATTTACAATGATATATTGATTTACGAAAATATGGATATTATAAAAGTGCAGGTTTTGGATTAGGGTTTGAACGTTTTGTTATGTATGTGACAGGAATGACAAATATTCGTGATGTGATTCCATTTCCACGCACCCCACGAAACTTATTATTTTAATTTGATGCATATAAAAATTTTATTTAATTATAATTTTTTTTGTTATAATTTTAGCATTGCATAGATAGAGAGACATAAAATATTTAACTTAGTTACTTATGATAATATGAAAGGAACATATATAAATGAACGAAGTTATTAGACAATTACGAATTCATAAAGGATTAACTCAACGTGAATTAGCCAAAATGTCAGGGTTACAACAATCAACTATTTGTCTAATTGAAAAAGATTGTTCAAAAACAAGTTGAAATAAAATTTTAAAATTACTCGTTGCACTAAAATTAGATGTTAAAAAATTTATTGATAAATTATATACATACAATGAATATAAAGTATATGAGTTTTTATCATTAATTATTGATAATCCCAAAATTCGTAAAGAGCTTGATCAAAATCCACGATTATTAGCATTAAAAGTATTACGAATTTTTACTAATTAAGAAAAAAGTTAGATAATTTTGTCTTACCATGCAGTTGAATTAACTATAAAAATAAAATAAAGACCTATTAGGTCTTTTATCTTTTAATAAACGGTTTAATTAAAAAATGATATAATAATACTACATATTAATTATTAATTATAGTAATGTGAGGAATAAAAATTGATTTGAGATTATTATTTTATCTTTGATGGTAATGGTAAAGAACAAAATTTACGATGTATTTGTAAAACAGCTGCTGATGCAGAACAAGCATTAGAGGATTGTTATTTAGATAATAAATATAATGTAGATATTATTAAAGCAATTTCATTTTGTTTAATATTTACATTTGATAGTACAACTGATAATTACGAATTAAACAAACAAGGAACAGAAAGTTTTTTTAAAAAATTATCAATTTGTCAACAATGTAATCGTGTTAAAAATAAATTAGATCGCCATCAACTTTGTTCAGAATGTGAAAGTGAATTAGTTGGTTTGGAAACTTTTCAATGTGATTTATGTAAAAAACACCGTCTTGTTCGAGATGACTTTAATCGCGAATTATTTGGAAAATTATTAGTAAATAATAAAGAGTATATAATTTGTTTTAAATGTGCTGCACAAAATTTTCGAAAGGACGCAAAAACAGAAGGGATGAAAAGATAGTGAATACAATTAAAAATTTATATATTGTTTTTTATACTGATAATGCGCATTATCCTAATCAAGGAAAAATTGTTAAAGTTTTTACTGATAGTGAACCAGCAAGAAAATATTTATTGACAAAAGTTAATTTAAACGGAAAAAAAATTACAAAAGATAATAAATGAATTTTAAAAGTGTATAGTTATGTTGGAGCTAATGATTTTTATGAATACTCAAAATGAGAAACAACTCAATTTAAAAATATGGTTGGCAATTGTATTCATTGTCATAAATATTTTTTACGAGAAAATAATGCTAATATGTGTGATGAGTGTTTAGGGCAAGTAAAACAAGGTTTAAAAGAATGTGAAGTTTGTCATAATTTTTTTAATCCAGCTGGGATTAAATTTGTTTCAAATGGTGATGTTTTTCCATCTTTAGCTTGTCAGGAATGCACACAAACATTATTACAAAATTTAAATATTAAATAGTTTTTTTAAAAATAAAATTTTAACAAAAAGATACCATTAAGATATTAAAATAATATTAATTAAATATTAATTATAGGAGGTTTTTTATGTTAAAGTGGAATACTAAAATTTTATTTTATGTACGGTTAAATGTTTTATTTTTAATTTTATTTTTTTAATTACTGATTTAGTATTAGCAATAATTAGTCCGCAACCCCAATTTTCTGATTTAGGATATGCAGAACGAGTATCAAATTATTATTTGTTTTTTACAACGCAAACTAATTATATTATTGTTGCTGTCTCCTTTTTCATTTATTTATTTGAAAATAAGTTTAAAATTCAAAGT
NZ_CP096807.1_gap15	318376	320349	1973	ATTCTTTTTCTAACAATCTATTAGATTATCCTGTTTATACAAAACCAGTTGAATATGATGGACATTATGTTCCTGAAGTTTTATTAAGTGGTCATCATCAGAAAATTGCCCAATGACGAGAATATGAAGCATTAAAAAAAACTTGATTAAAACGTCCTGATCTTTTAGAAAAAAAAGTTTTAACCACAGAACAACAAATATTATTAGAAAAAATTAAAAGCGAAAAAAAGGTTTAATTACCATAGAAAGGAAAAAACAGTTATGAAGATGAATTTAACAGAAGAAATTACAAAGCCTCAACTTCGTAGTGATTTGCCACAATTTTCTTCAGGAGATACAATTAAAGTACATTATAAAATCCAGGAAGGAAATAAGTTTAGAATTCAGGCTTTTGAAGGAGTAGTAATTAAGTTACAAGGTAGCGGAATTGTTAAATCAGTTACAATTCGTAAAATTAGTAATGGAGCTGGAGTTGAAAGAAAATTCCCTTTACATTCACCATTAATTGATAAGATTGAAATTGTAAAATATGGACGAGTTTGTCGTGCTAGAATTTATTACATGCGTAATCGTACTGGTAAAGCTGCTCGAATCAAAGAGATTATTAAAACAAAATAACCCTAAAAGACTGATAAAGTCTTTTTAATTTGTATTAAAATAATAACACAAGGAAGAAACACAATTATGTGTGATAAGAAATTTTCAATTCCCAAATAATTTATTAAAAATAATTAAAAAGGTTTATAAACTTGCTGAAACAGCTGATGTTATTATTGAAATTGTTGATGCAAGAATTGCACATTCTGGTGGTAATCTTTTAAATTATGCAAAATTAAATGATGTGAAAAGAATAATTTTATTTTCAAACACACAAAAAGCTGATGTTGAACAAACAAAAAAATGAATGGAATATTATCAAAACCAAGGAATTTATTGCCAAATGCTATTGTGTCATGATGAGCAAACTAGTAAAGAATATCATCAGTGTTTAGCCAATTTTAAGAAACTTTTAAAAAAGTATGCTAATAAGAAAATATTAATTATTAGTTTACCAGATAGTAATAAAGAGATTTTATTAGAAAAAATATTTGATAATAATGAATTCTTTGAGAAAGCAAAAGGAATATTTTTTGCTCGTGAAAAGATTTATCGTTATAATTAATATTGAATTTATTGACACAGTACCAATTACGGGGATTAATTTTTCTCAACCAAATGTTTATTGAAATACACAAATTTTAGGGCTTTTTAAAATAGAAGATAATACGGAAATAGTGGCAATTAAAGCATTCCAATTATTATTAACAAAATATCAAAAAAAATAGAAACAGCATATAGTGTCCGGATTCAACCAAAATCATCAGTAAAATAAATTGTTAAAGAATTTATTAAATTAATGACAACAAATTTGTCTTTACTAGAATGTGAAACAACCGATAATTTATTTCTTTGTGCTAAATTTTTAGAAGATATTAAAAAAGGGAAAAAAATTCCCGCAATTTCATTAGAATGAGTTGAAGATTACTTTAAATAATTTTTATTTAAAATTATAAAAGTTTTCAAAAAAAGGTTGAAAGGAGGAAAATAAAATGACAACAAATATTCATTGATTTCCTGGCCACATGGCAAAAGCAATTAAACAAATTGATGAACAAAGTAAATTAATTGATTTAGTAATTGAAATCGTTGATAGTCGAATTCCGTTTTCCTCTTCAAATCCATTAGTTGATAACTTAAGGGGTTTAAAACCAAAGTTAATTATTTTAAATAAAAAAGATTTAGCGGATCCAGTTGTGATTAAGGCGTGACTTGAATATTATCAATCTCAACAAATTGCTGTTTTACCATTAGATAGTAAGCATGGCAATATTACAAAATTAATTATTGAAAAAATTTATCATGTTTTATCTGGTAAAATTGAGCGCGACCAAAATAGAGGAATTAAGTCACCAAAACTAAAAGTAATGGTGATT
NZ_CP096807.1_gap16	353752	355958	2206	AAGCAATGTCACCAATTCGTAAAGCAATTGCAAAACAAATGACTTTGTCAAAAACTGTTATTGCTGAGGCAACATTAATGAAAAATATTGATGTAACAAAATTAATTGAAATTAGAGCACAATTAAAAGGACAAGCAGAACAACAAGGAGTTAAGTTAACATATATGCCCTTTTTTATGAAAGCTTGTGCAATTGCTTTAAAAGATTTTCCAATTTTAAATGCAGCATATGATCAAGAACAACAAGAAATTATTTTTAAAGACTACTATAATATTGGAATGGCAACTGACACACCGACTGGTTTAATGGTTCCTGTTGTTAAAGGAGTTGATCAGTTAAATATTATGCAAATTGCAAAAATGATTAATGATTTAGCAACAAAAACACGTGAGCGTAAATTAAAACCTGATGAAATGAAAGATGGAACCTTCACAATTACTAATTTTGGGTCAGCGGGCATTGAATTTGCTACACCAGTAATTAATTTCCCAGAAGTAGCAATCTTAGGAGTTGGAATTATTAAAAAGGCACCAGTTATTAATAAAAATAATGAAATAGAAATAAGTTCAATCTTACCATTATCGTTAACGATTGATCATCGTTTAATTGATGGTGCTGATGGTGGTCGCTTTTTAGCACGAGTAACAGAATTACTAGAATCACCAGCTTTATTATTATTGTAAGAGAAGAGGTTATGAAATGGAAAACAAATATGATGTAATTATTGTTGGAGCAGGCCCAGGTGGCTATGTTACAGCGATTAAAGCAGCTCAAGAAGGTTTAAAAACACTAATTATTGAAAAGGAATATTATGGTGGTGTTTGCCTAAATGTTGGTTGTATTCCAACAAAAGCGTTGTTAAAAAGTAGTAAAGTATATGATATGATGAAACATGCTGACAACTATGGTATTGATGTTGCAAAAGCAGCAGTCGCCCCAAATTGAGTAAAAATGCAAGAACGAAAAGCAAAAGTAGTGACGCAATTAACAAAAGGGGTTGAATTTTTATTGAAAAAAAATAAAGTTGACCTAATTAAAGGCGAAGCGAAAGCAATTGACAAAAATACCGTTGAAGTTGCTGGGAAACGTTATTTATGTGCTAATTTGATTATTGCAACAGGAAGTGTTTCGCGTAGGCTACCATTACCAGCTTTTGAACAAGCTGAAAAAGCTGGTTATGTTATATCATCAACAGAAGCTTTATCATTACCAACAATTCCAAAAAAATTAATTATTATTGGTGGTGGTGTCATTGGCATTGAATTTGCTTGTTTATATCATCGTTTAGGAACCGAAGTAACAATTTTACAAGGTTTAGACACTATTTTAGAGTTATTAGATAAAGACATTCGTGAAGAATTAACAAAATTGTTAATTAAAAATAAGGTAAAAATTGAAACTTCAGTTAAGATTAAAGCAATTAAAGGTAAATCAGTAATTTATGATAATAGTGAAGGAAAAGAAGTAAAACTAACATCAGATTATTGTTTAGTTTCAGTTGGTCGAACACCAGTAACAACTGGTTTTGAAAACATTGGACTAAAAATTGGAGAGCGAAAAAACATTGAAGTTGATGAGCAATGTAAAACAAACTTGCCTGGTGTATATGCAATTGGCGATGTTGTGGGGCGTGCAATGCTAGCTCATGTTGCTTGAGCACAAGGAATTTTAGTAATTGATAATATCAAGGGAAAAAATGTAAAAATGAATTATAATAGAATTCCTTCTTGCATTTATTCATTCCCAGAAGTAGCAACAGTTGGAATTACTGAAGAGCAGGCAATTAAAGATAAAATTGCTTATAAAGCATTTAAATTTCCACTAGCAGCAAATGGTAAAGCAATAGCTGACGGAGAAACTGATGGTTTCGTTAAAATTTTATGTGATCCAAAATATGGTGAAATTTTAGGAGCTCATATTGTTGCTGCAACAGCAACAGATATGATTTCTGAAATTACTGCTTGTATGGAAACAGAAGGAACAATTCATGAATTGGCAAAAACAGTTCACCCACATCCGACGCTATCAGAGATTATTATGGAAGTTTCCCATGGTTTAGAAGGCCGTGCAATTCATATTTAAAGTTACAGAAGTAACTTTTTTATTTAAAAATAATAACTAAAAAGATTAATTTTGTTTGAAAAGTCTGCTTTTCATTTAATATTAATTTTGTTATAATAAACCCATTAAATCGGTCTATAAAGTT
NZ_CP096807.1_gap17	356986	360365	3379	TTTGCAAAAACAGATACTCAGATTAATGGTAAATATATTCCACAATTATTAATTTTCTTAATTAACATTTTAGAAACATCACAAAATCGTGGTTTAGTGTTACCAACAGAACTTGTACCAACAGATTGACAAATTTGATATCAACATCTTCAACCAAAACGTTTAAATGTTAATCAGCCAGAGCAATTTTATTTTATGTTTTTACCACAAGGTGAAACAATTAAAAATGTGATTGTAAATCGATTGGGGCAAGAAATTAAAGATGTTTTAAATGGTAAATATTCATTATCAACAGCAATTAGAGAATTGGAAGAAGATGTTTTGAGCAATCCTAATGGATCAAAATATAAATGAGTTTATGATTGAAATATTTTACCATTTCAATCATATGGAATAATTGAGAAAGCAGATTATACTGTTGTTAAAAGAACAATTCAAGAAAATAGTGATTTAACAATTAATTTTAATAACAATCAAGCGAAAAAATCAGACTATGTAATAATTGATCAACCATCATTACATTCAATTACTAATTTAGTTAATCCTGGTGATCGTGATGCCTATTCAATTAGTAATAAACAGAAACGAAATACTTTATTTACAAAATATTGAAGTGCTAATTTGTATGGCGCACAGAAGCCATTAAATTATATTGACATTGATGTTTCAAATATTCCAGGTGATATAACTTCATTCAAAACAATGCTACAAAACCAAATTGTTAATCGCACATGAGAATTTATCCAAAATATTATTCAGAAGGTAGGAAACAATTTAAACATTAGTGATAATGTATTAGAAATAGATTATGCTAAGGCGATTGCAGAAGATATTATAACATTTACACCTTTAAATAATTATCATAATGCTGCTGCTACTTTTAATGAATGATTTTATGCATTGCAAGCAAAAAGTGAAGAAGAATATAGTAATTTAACTGTTATTGATATTAAATTAGAATTAAAAAAGAAAGAAAATGTTCCACAAAATTTCCAAGTAATTACTTTCCGTTTTAACATTAATTATATTTAAAATTTATGTATAAAATATAAAAATGTATATAATGAGTGTATATAATGATAGTAAGTATTAATGTTTGAAAAAGAAGGGATTTAAATGCGTAAAATTTTAACACTTTTAACAACATTTCTAATTACAAGTGCTTCGATAACTAGTGTTATATCATGCGGAACAATTTCTCCACCAAAAATTGCTGGAAGAGAAAATATTTCAACAGAATTCACTTTAACTAATAATGTTATTGTTACTGATGACAATATGACTGTAGAAGAATCAATATTTAATCAAGCAAAAAGTGAAGGAAGGATTTCTCAAGATTTATCCTTAGATTTTTTTGAAATTACTGATGCGGAAAATATGGTAAAACCAACTTCTGCTAATACGCCACAAACTGGAGATGTTGTTTTAACCGTTCGCCAAGATGAAGATATTCCATATATTGGTTCGATTACCATTCGTTTTACTTTAGTTAAAAAATTGTCAATGGACATTAGTCAAACTGTTAACTTAAAAAATGTGTGAGATGTAACAAAATATGAAAATGTTGAGGAATTATATAATGATATTTGGGAAAAGGCAGTTGGTAGTTTTAAACCAGAAACACCAATTGATATAGAAACTTATGATATCTCAGGTTTTGATTTACCAAGCGTTTATAACACAAAGTTACCTGTAACAATGTTTGCTGAATATAATGGAAAAGCAAATACGCCAACAAGTCTTTTTAGTGGAACAATTATTACATTCAACTTAAACATTATCAGTTATCGTGCTATGGTTAATTTGAAATTACAACAAAATAACTTAGATCCAACATTGTTATATGATTTAGTGTGAAAAGAAGTTAAACAACAATTTAGTGATGATCATGGAGTTTCAAGTGATTATAATGACTATCAAGTTGAATGAAGTGATATGATAGAACCAGATATTGGTGGCAACACACAATTGAATTTTTTAGCAACACCAAATAATGAAAACATTCATCATTATATGAGAGTTGAGGGGTTTATTTTTAAAGACCAAATTGAATTACCATCAACAATAGAATTATCAATTCCAATTGTTGTAACTCAACAAGAACGGCCAAATGTTGATAAAGATTGAATTTGAAAATTAGCAATGCGAAAAGTAAACATTAATGGTGGCCCAGCATTAACTAATTTTAATACAACAGATTGACAAACAATATTTAGTAAGAATTGACCTAATATTGGGCGAACAGAAACAGTTACTTTGCGTGCAGTTAATCGTAACACTGATCCAATGTTTAAAGGCGATGTTAAAATTACATTAAAATTAATTAATCAAGGTATTGATCCTGGTTTATTAGAATTAGACCCAATTTTATTAGTTAAAAGTGATAATCATACAACAGATTCAGTCTTACATTTAGTATGAGATAAACTTATTAATAATAAAGCATGAAATCCGCATTTATCACGTGATTTAGTGAATTTTAAGCCTGAAGACCTAGATAGATTAAGTAATGCTTTACGAGACGCTGAAAACAGTGAAGAATGAGAATCTTATGCAATTAATATTTCTGGAAAACAAGAGGATGCTGGTGGTGACTTTAAAATAACTGTTCACGGTAAAATTAAGATGGTTAATAAAGCGATAGAAAAAGATGCCATAATTGATTTATCCGATAAAACTTATAACTTTATGCCAAGAAAACAATTTGGTTCAGATAATCAAGTGTCTTATTTAGTTCATCAAATTTGAGGTGATATTATTAAAAATTCAATATTTACTGCTAACGATGAACAAAATTTTGGTCTTTCAAAAATTCAAACTGATTGAAATTACTTTGAACCAATTTATCAACAAATAGATGAAGCAATTAATAAATATGATGCAAATAGTAGTGGCGATAAAATTCCATTAGAGTTGAAGTTTTCATTTAGAAACAATGCTATTTATACAGGCCAAGTGACTGTTAAATTAAATTTAACAGCAAGTGAACCAATTAATCTTGATTTTAATTTAACAAGTTCAATGTTACCAATATTTATTCGTAGTTTACCAACACCATCAGAAGATAAAAAAGAATTGGTAAAAAATATGGTTAATACAATACTATATGATGGAATCATAAAAAATCCAGACTTAAAAGCACAACAACGAAATATTTTATGACAATTATTATCTTATGATACAACAACGAAAGAATTTATTGAACAATTTAATTTTCCAACAGAAAGTAATCCACAACGAGAATTAATTATTAACATTAAAACATCATATGGCCAATTCGTTAATGGTTCATTTATGTTAAAAATAAATTTAATTTATCAACCTTAAAACTCTTCAAAAAAAGAAGAGTTTTTTTCCTTTTAATAAGGGGATAGTATTT
NZ_CP096807.1_gap18	522829	524261	1432	GTGGTAGCTAAACTATTACATTCAGTGATGATAAGTCCTGTTGAATACAGGAACCTAAACCTTTAGTCATTTTTTGTTAGTCTACTTTTCTTAACTAATTCAAACATTAGTCTTTTTTATTTATCAAAATGTACGTCCAATATTAATTAATAATAAGATTTTTAAATTAAAGGTTTGTTAATTTAAAACTAATGTGATAAAGTTAATATTGTAAATGATTTTAAAAAATGGTTAATATTTTTTAAAATAAATGACTTTAATTAATTGTTTTTATTAACAAATCATTATAAATTATTTCATTTAAAAAATAATTAAATTAAATAATATATAGTATAAAAAGAGTAAATAAAACATAAATTAAAAATATAAAATTCTATTTTAAAATAGTTAATGTTTTAAAATAAAATGAAAATCATAAAATATTAATTTTATGATTTTCAATTATGAAAGGGGCATATTAATATTATGGGCTGCTTAGCAAAAATGATTGAAAATATAGGAAGAATATATTTAGTATATAAAATGATAATATGGAGTAAGAAAATGCGTAAAAAAACTAAAGCAGCATGAAATTTTACTGCTGATAAAATTAGCAAAAAATGAAATAGTGCAAAAAATTGGTTATTAAAAAAACATTATTATTGAACTAACTATAATAAATGACTTGACATAAGAACAAAAGAAGAAAGAAAAAAAATTAATTTTCAACAAGATATTGTTATTAATGCTCAAATATATTATAAACAAGTTGAAAGAGAAGCAAAGCGTAAGCTTGAAGAAATAAAGAACATTGCCAAAAGAGATAATATATATCAGTATTTAGAACCTGACTTTAGCCAAATTGAAAATATTTTAGATAACTTTGACATAGTAAAAATGATGTCACGTCTTTCAACTTCAAATCAAGATCTTGCTAATAAATTTAAAGGCATTCTTAATGAATTTAGTACAGTTTCCTCATCACGTTCAAATAGTGAGCAAATGATTGATAATGATATATCATCTGATGATAATGATGAATTTTTTGATGCATTAGAAGAATTAGAGCCTGTTAAAACAGATAATGAACGCAGTTTGTAAGGAAATTGTAATAAATAATTTTATAAATATAAAAAGCAATTAAAATTTTAATTGCTTTTTATATTTACTTGGCATTACAAAAAAAGTCCAATATTTCCTTTGTTTTTTAGCTGTTTTACGATATAATTAATATGTATTAGTTCTGAATTTGTTTTGAAATGGGTGTTGATAATGAAAAGTAATGATATTAAAATTTTAAAAATAAAACCAATTAAGCAAAGTGTTCATAATAACCAGAACATTGAACCCCAAGAGTTTATTTCAAACAATGATGAAACTTTTTTGCTACAAGAAAATAGCCATTTTTTTAAAAATAATTATTTTTTCACTAAGAACCAAAATGTGAATCAAA
NZ_CP096807.1_gap19	525766	529924	4158	CTAATAAAAAAGATTCAACAGGGATTTGTTTTATTGGCGAACGTGATTTTAAAATTTTTTTACAAAATTATATTCCAAATCAAGATGGTAATATTGTTGATATTGAAACAAAAGAAGTTGTTGGTCATCATAATGGGGTGATGTATTATACAATTGGTCAACGGCGTGGTTTAAATTTAGGTGGTATGAGTGAACCATATTTTGTTGCTGGTAAAAATGTTGAAAAAAATATTTTATATGTTGCAAAAAGCAGCGAAGAAAAATGACTATATTCAACTAGTTGTCTTGTTACTGATGTTAATTGAATTAATACTTTCCGTGAAAAAGAATTTAATTGTACAGCTAAGTTTCGTTATCGTCAAAAAGATATTCCTGTTAAAATAACCGTTTTAAATGATAACAAATGTCTTGTGCAATTTGCAACAACAGTAAAAGCAATTACACCAGGACAAGCTTCTGTTTTTTATGTTGATGAAGTTTGTCTTGGCGGTGGAGTTATTAATGATGTTTATTTAGATAATCAAAAATTATGATATTTATAGGAAAGGATTATTAAAATGGTTGAAAAAATACGTGGTTATTTAAAATTAATTGTTTTTGAATCTAATAATGGTTATCGGATTTGTAAATTTCAATTAGAAAATGATAAAACACATTTTATTTTTATTAAAGGATTTTTATCAGCTTTACAACCAGAACAATTATATGAATTATGTGGGGACTTTGTATATAATGAACGTTATGGTGAAAATTTTGAAGTTAAAGAAGTTCATAAACTTGCTCCGCGTAGTAATGATGAGGTCTTAAAATATTTAACTAGTAGTTTATTTCCAACAATTGGTGAAAAAGCAGCACAAATAATTATTGATTATTATCAAACAGATGTGATTACTAAGATTAAAGAAAATTTATCAACCTTACATCAAATCCCAGGGATTAGTGTTAAACAAGCTAATATTATTGCAAAAGTATTTCAGTCAATGAGTCGTGATGATGAATTAAATCACCAATTTAATCAAAAAGGATTATCGCTACAAGTTTTATCTTTATTAAAAACAAAATATAATGTTGACCAGATTTATGCTTTATTAAAAAAAGATCCTTATTCATTATTATTAAAAGATAATATTGCTTTTAAAACAATTGATAAGATTTATTTAGCATTTGAGCAAGAACCTTTTAGTAATATTCGAATTGGTTATTATGCCTGATATTTAGCAAAGGAATTTTGCAATAATAATGGTGATACTTATTTAACATTAAATGAATTAACAAAAATTTTACAAAAGCATTTTTCTTCTTTAACAAAAGAACAATTATTAGCAGGATTAAAATATAGTAAAGAAATTAAATTACTAATTTTTAAGAATGATAAAATTTATGTTGCAGAAGTATATCATAGTGAAATAAATATTGCTGCAATGTTAGTTGGCTTGAACACAACTGACCAATATGATGATCAAAAATTAACAGAAGAGTTAGAGAAGTTAACAAATAAAAAACAAATTATTTATAATATGAATCAAACAAAAGCAATTAAGACTGCCGTTCATTCTAATTTTTTAGTTATTATTGGGGGACCTGGAACGGGAAAAACAACAGTTGTTGATGGCGTTGTTAGTCTTTTAAAAAAAGTTTACCAACAATCAAAAATTGTGTTAGCAGCACCAACAGGAAAAGCAGCAAAACGATTACGAGAAAAAACTGGCCGGAAAGCTTTAACAATTCATAAATTATTAAAATATGATGCTTTAACTAATCAGTTTTTTTATAACGAAAATAATCCTTTAGAAAATGATATTTTAATTTTAGATGAAGTTAGTATGGTTGATAGTTTGTTATTAGCACAAATTGCCAAAGCTAGTGTTAATTTGCGTAAATTAATTTTAATTGGTGATCCAAATCAATTGCCATCAGTTGCTTGTGGTGATTTGTTACGAGATATTATTCAAAGTGATGTTTTTAATGTTATTAAATTAGAAGAAGTTTATCGGCAAGAAGCTGGAAATGACATTTTAGAACTATCTTATGCAATTGAACAAGAACATTTTGAAGATAATAATTTATTTGATAAAAAAGATTTTACTTTTATTAATGAAACTGATTCGCAAGCATTATTAACAGTTGTTGGTGATTTATATCAAAACATTAGCAATCAATATGAAGCAGATTATAATGCTATCCAAGTAATTGCTCCAATGTATAATGGTCCAGTTGGAATTAATGCATTAAATACTTATTTACAAAATCGAATGAATCATGCAGTTGGCCAAAAAGAAATTAAGATTGGACATCGTTTTTTTCGAGTTAATGATAAAGTTATGCAACTTAAGAATCGACCTGAATTAGAAATTTATAATGGTGATGTTGGCATTATTATTGATATTAAAAAAGATAAAAATTTAAATGATGTTATTTTAGTAAAATATGATAATGTTATTACATATACTAAAGAACTTTATTATGATATTACTTTAGCTTATGCTTGTAGTGTTCATAAGTTACAGGGCAGTGAATATGATAATATTATTTTTGTAATAACAAAAAGTTTTTGAATGATGTTAAAACGAAATCTAATTTATACAGCAATTACCCGCGCTAAAACTAAGTTGTATTTAATTGGTGAACCATCAGCATTTTTATATGGAGTTAATAATTTACCACAAAAGCGTCGAACAACTTTACAAGAAAAAATTAAAACATTTTTAAAAGAGCAATAGTTATAATATTTTACCTAGTTTTAATACTATCCGTAAAATAACATAAAACTTATTAATTATAAATGTATTGCAATGGTAGCAACATCAGCAGGTTTTATTGCAAACATCTTTATCAAATTATGTCCTGGTTTGTGTTGTTATAATAATAGTAATGAATAAAGTAGTGATTACAAATGATACAATATTTAAAATATTTACTATTTTTTACCTTTTAATTTGTTTTTTTAAAAATATTTTTAAGATAATTCTATCATAATTTAAAAAATCAATAAATTATGTTTTAATATTGTAAATTGTAAATACAAGTCTAGCAAAACTGTTAATTAAGTAATAACATAAAAATAAGTTAAAAAACATCTTTAATAAAAAAATTTTTCAATTAAAAATTAAAAACTTTTTTATAAAGATTAATGTTTTTTATTTTGCTATTTAAAATAAATATTGATTCCTATACATTTTAGAAAAGAGAACTAGCAACACAGCCAATTATACTAAGCGCAGAACCTTTCGCGATACCTTTAAGTACTCCGGTAGCGAATGCTTTTCCTGATTCTTTAATAATGACTTTTAAAGCAGAGTCACTATTTTCTTTAATTTTTTCTCAAGCATCACCAGGCGCATCAGCAAGAGTTTTATTTTTAAATGACTCAAAAATATTGTCTAAGCATGTTTTTTTCTCTTCTAGCTTATCTAATCTTGATTTTATTTCATCTATTTCTGCTATAAGATTTATTATTTGATTGTTTTGATCTAAAATTATTAAATCTTGAATATAACCATGTAATATTTCTATTAATCATAGTTTAAATTCTTCTTTAAATGCCACTTCTTCTTTCATTAAAATATCTTTATTATAATTTTTATCGTTTCTTTTTGTTTGCAATTCCTCTTCTTTACTATTAGCTCAATTATCAAATTGTTTTGCTTTTTCCGCTGTTAATAAAAATAGAGGATTTACATCAACTTTACCAACAAGACGAATTGCATTGTATTTTAATTTACTTCAAGTGCGATAAGTGCAATTATTATTATGAAAAATAATAATTATGTCTGATTTTTAATTGTTTTCCATCAAGAAATAATTCTATATCAATATAAGAATTCTGAACGCAAAAAGCTCAGGTACTAATACAGTTAACAAATTTAGTATTTTTTTCATTACTTGTATTTCTCCTTTTCTCAATATTGAAACTTTTTATTTAGGGCCTATCTTGTATTATATATATGCAAACAAAATTATGAATTATTTTGTAAATTGTAAATAAAGAAAAAAGTTAATATATTTTAAAACTTATTGATTTAGCAGTGAAATAATTTACTTTTTTTCATCAAACCAGTTTTTTTATAATGGGGGTGCTTAAAAATGGGGGTGCTTAAAATTAATATTAATAAATAACTTAATTTTAAGCAAACAGAGAAACATATATTTTATAGTTTT
NZ_CP096807.1_gap20	542389	544227	1838	TCAATATTGTCTGTTTTATTTTGTTTTTTATTTAAACTTTTAAAAACTGCTTTTATTTCTTGAATTTTTTTATCATCATTTTTTAATAGTTCAGGGTGACACTTTTTATAACTTAATTTAAGATGTTTCCTAACTGAATCAAAATCAAGTACCTCAACTTCAATTTCATCACCAATATCAAAAAAATCTTTAATATCTTTAACAAAGTAATCTGAAACTTCACTAATATGGATTAAACCATCAGCTCTTTCTGCTCTACAAAAAGCACCATAGGGCGTAATGTTTGTTATTTTAACAATAACTTTATTTCCTTTTTCATACATAAATAAAATATATCTCCTTTTCTAAATTAAATTTTGATAAGTTGATATTTGATACATTTTATCTTTGTTTATTTGTTTCTTTTAATTTTAGTTCCATTTCTAAAATTTCTTTTTTTAAGCGTAAATTTTCATTTTCAAGTGATAAGTCAGGTTGTTTTTCCATTTCTTTTGCTTTCAGAAATTCCAATTCACTTTTTAATTTAGCAATTTCTGCTCGTTGTGCAGGAATATCTTTTTCATAAGATTTAATTAATTTATGTGTTGTTTTAGATGGTTTATCTATTTTATTTCATTTTGTTTTATTTTCACTTTTTCTTCATATTTCATAATATTCTATTTCTTGTTTATAAAAACATAATTTACTTTCATCTTCTTCTAATTCTTTTTCGCGGATTTGAATGCGATATTTTAGAAAAGGAATTGCTCCGCTTTTGTAGGCATAGTATCATTCTCACGCTTGATCTCATTTTTTTGATTTGAATCAGTATTTTTAGGGTGTAATTCACTTGCATTATTAATATGTGAGTTTTTTAATCATGGATATTTAACAATTGTAGGAATATCACGGCCAAATTTTTCTAGAACTCACATGACATTATTTTTGTCATCATCATTTAATCTATCAATGCTTAGAGGGATATTATTAGTTCCCCCCCCTTGTGAGTTAATAATTGCACCGTGAATTTCAGTTGCAAGACCTCTGTCTTGCATTTTGGCAACGCGTTCTCAGTTGACTTCGCCACCTAATAATCGTCATAATCCCATGATTTATCAATCCTTTTTATTTACATTATACCGTATTTTTTGTTTTTGTCAGGTGTTTTTTTACTTATGACTTTTTCTTTTCTGCTTTTTTGGCCGCTTTTTCATCCCATTTTTTCTGTCGAGTATTTTGGGTTTTACTATGTTTATCAATAGTATCATTAATATTTATTTGTTTTTTATAAACTTTTTTAACTGGCTTATTGTGTTTTGCTTGTTGTTTATTTTGTGAATTAACAAAAACAAAACTATTATTTGGAATATTTAATTTTGTTTTTATTTTGTTTACTTTCCCTAGTTTTTTGTTTAAAGATTCAGATTTTGAATTACTGAAATTGCTTGTTTTTAACTTATTAGTTTCATTACCACTATTTGCCAATTGTGGGTTAAATCTTTTACCAATTGCTTTGAATGGTGTTGCAATCCCAGTTCCAATTTGGCGGAAGAATCCTTTTGCTCCACCACCGCGAGCTGCACCAAGTAGTTTACTTGTTGCAAGCGTTGTGACCCCAAGTCCAAAGCCTGCTAAACCAACAATCCCAGCTCTCGAACTCATTCCCTCGGTTGCGTGTCAGAAATGGCGAAAGTCAAGGGGTTTTTCTTGACAAGATTGACTGCTTGCTGTTTCATTATTACCTCAATCACCATCACCGCCAGAACCCATCGCATTCATGGTTTTATCTGCCATACTAGTACCACCACCCATTGTCATTGCTCGTTTGGCTCTTTTGCTTTTGGCAAATCCGAATGCTT
NZ_CP096807.1_gap21	545602	547129	1527	TGATAATATTGCTGTTGATTATTAAAGTAATTTTTAATATTGTTTTTCTTAGTCATTTTTTTCTTTCCTTTCGAAAGGTAAGTAAAATAAATGCAATAATAAATTACCAATCATAAAATCACAATCAATTCCAAGGGCAATTAAAAACAAAATAGGGGAAATTACTAGCAACAAAATTCCAATAATAATTGTTAAAGGATATAAAAGTCATTTTCACCAAACTTTTCTCTTATTTTGCATCTTTAATTTTTCTTTTCTATTTCAAACATTGCTGTAAATATTTTTTCTAACACATCAACAACAATGCTATTACCAGCTTGTTTATAAAGTTGGGTTTCTGAAACAACTTTGCTTGCTTTATCAAAGTCTTTATTACTAAATCCCATTAATAATCAACATTCACGAGGTGTTAATACTCGTAAAAAGTATTCTTTTTCATCAATTAAAAAAGATAATATTTTATTAGTATATTGATTTTGTATTTTATTATCAATCATAATTTTATTGACATTACTTGCTGCGATTGTTCCTATATAATTATTTTCTGTTTTTCAAAACCGATTATATGATCCATTAATTAACAAACCATCTTTTGTTCGTGGTAAAACAATAAAATTACCATAATCCTTAATTGGCAATGCAATTTGTGGTGGTCTCCCGTGTCCTGTTGTAATGGTTGGAATAAGATTATTTTTTGTTATATCATTAAAAATATTAACTTGATTATAATTTCTCAGATTAATCATTAATTTTCCATCATTAAGTTTTTTTATATCATTGGGAATTGCAATAATTCCTGCGTTTCCTCATCGCATTTGTTTTGTTGTAATTGTATAAGAACATTGTTGAATGATTTTAAGTTTATTGTTTTCAATTGCTTTTTTCATTGATTCTTGTCTAATAAAATATTTTTCATTTACATTGTTTTCTAAAATATCTTTTACTAAAAATTTTAAATTACAAGGTTGGGGATATTGAAAATTAAAATCTTGCTTTAATGTTGAAATCATAAACAATCTTTTTCTATTTTGGGGAATTCCATAATCCTTGGCATTCATTGTAAAATGTTGGTTATGATATCCTAATTTATTAAGTTGATTTTGTAGATTTTGAAATCCAATAAAAAACTTTTTACTTAATAAATTTGGCACATTTTCCATTAAAAGATATTGAGGTTTTATTGGCATTGTTTTTATTAAATCAACAACTTTGTAAGCTAAACCACTTCGCTTACCATTTAATCCTTGCCCATTATTATTGGCGTTTGATATGTCTTGACATGGAAATGATCAAGTTATTAAATCGGCATACGGTAAAGTTTCTAATTTGGTGATATCACCTAAATTTGGTGTGTCATAATCATTAAAAATTGCTCGATATGATTTTTCAGCATATTTATCATTATCACAAATAGCAACTATCTTATGGTTAATTTCAATCTTTTCTAATGCTTTTCTTTGACTTCCAATCCCAGCAAATAATTCAATTACTTTAAGCATAATAAACAATCATTCTTCTAATTTTTCT
NZ_CP096807.1_gap22	567632	572464	4832	TTTTAATTCTTATTTATTTGACAAATAATTTTAATGACGGTATCATCACGACGACAATAAATGATGGGGTTAATTATTATTGTTAAGGCTGGTGATTTTTTTATGTTAGATAATAATGAAAATAATAAGGTGGTTAAATTATGGCAATAGTTTTAAAAACATTTCCTAATTGTAATGTAGAAGCGTGTGATGATGGAATTATTCAAGATTTTTTTGCTAGTTTTTTTGTTAAAGATAAAAATATTATTTTTTTAAACGAAGAAAAAAAGTTAATAAAAACACACCCTGGAAATAAAGTTTTTTTTAATCAAACATATATATTAATTTATGGGCGAATTATTGAAATTGAAGAAGATACAGAATATGAATTACAAGCAACCAGTGGAAATTCAATTAAAAAAATTATTTTTAATATTAATTTAATAACAAAAAAGAATGAAATTAAAACACTAACAAACGAATTATTAAATGAAAGTAATTTATCATGAGAAGATATTAAAAACGAAGAATGAAGCTATGATATTGAATTATTTACTTATCAATTACAAAATAACACAATTTACAATATAAAAGAAAATCAAAAATATTGAGAAGACTTAAAACCACACACAAAACTAAACAACGATCTAAACAATAATTTTAACAATGAATAAAAATATGATTGCTAATAACGCATTAAATAGTGAATGAGATAAAACATCTAACAAATTAGAAAAAAAATATTTATAAAAGAGAGGTAAAAAATGGCATTTAGATTTATAACATTTGACAATACAGAAGATTATTTAACAGACCGCGACCAAGCAATATACTATGATTTTTTATTAAGAAACCAAACAATTCCCTACTATGCTAATAAAGAATTAATCAATAAAAACGCTATAAACTTATTAGGTAATAGCGATAATTATAACGAAGAAATGTTAAAACTATGTGATAACAATTCAACTGGTTTTTTATTTTATGGATTTGGCCAACAAGAAAACTTAGAAGCAGAATTCAAATATGAAGACAACGGAATTCAAGCAAAAATAAAAACAAAAAAAGGAAACAGAGAAATACCATTTTTTTATTTAAGCATTTGCGGAAGAATGATTAAAGTAGAAAACAATACCACAAACGATATCAACGACTTAATACCGTATGCAAAAAACCAAGCAGAAACAACAACAATATTTTTAACAATTAAAATAGATATGTCAAAAGCACCATTAGTATATCCAATCCCCGATATAGACAACCCAGATGAAAACTACCAATATATTAATAAAAATTTTATTGAAAGTTTAGAAGAAAACAAAAGCGAACAAATTGAAAAATTAACAGAATTATTAGAACAATGCCCCATTAACACTAAAATTGAAGAAGTTGAACCAAGCGGAATTGACAATAAATTCTATTTTGAAAAAACCAACGAAGAAGAAAACAAACCATGAAAAAATATTAAAAGTGCCATGACTTGAACCGATAATTCAAAAACAATAGCAACAGTCATAATCGATAACATTAATCAAGTAAATGATTTTAAATACCGAGCAATTTATCAAAATAAATGTGCTAGCGAATATTTTGTATGAACAGACAAAGGAAGATTAATCCAAGATAACTTAAACACAAGACATAAAGACGGAATTTATGAATTCCCTATTCTTAGTTTTAATTTACCCCTAAAAGGCGAAAAAATAAAATCCTTTAATTGAGAATATACCGCACGAGCTCCCATTCGTTATCAATCAATCAAAGACCCCAACAATTTTATTAATTTTTGCGAATATGCCCGAGAAAAAAAGGAAGAATTCAATAGAAAATGAATCAAAGAAATGGAAAAAATGGATCAAAAAATAGCACAACTAGAAAAAAGAATTAGAGAAATGCCCTACAAAATAGAAAGCAGCGTCAAATATGTGAAAAGCAGATTAAAAGAAATAGCACCAGACGAAAAACCTTTTAATCAAGTTGATAATAAATGATATTATGTTGTATGAAAAAAAGATAAATGAGAAATAAATAAAATTTTTAGAAATTATAATATTAATGTAAACCAAGAATATATTATATACAAAGATAATAACTATGAATTAAAGTTTTTCAGAGGTATTAACAAAATAAATAAAATACAAGACACATCTTTAATCTATAATTCTAATAATCCTTTTGGCTTTGCACAATGAGGTGAAAGAAATTCTGATTATATAAATTATATTAAATCAGTTTATCGTTGAGATGGTGGGGAAGAATGATCACCAATATTAGCATATGATGATGAAAGGGATATGATTAAGTTTTGGGTATGAAAAGATTTTAAAACATGAGAAAAAGCACAGCGTGGTATTGTAACAACGGCTGCTATTGGTTTGCGAGCATTTGGATATTGAGTACTAATTGATAAATATTAATTTAATAATAAGGAGAATAAAAAATGAATGAGACTATTTTAGAAATTATTGTTTTGGTTATATCACTTTTTACTGGTGGAACAACCGGTATAACGGCAACTATTTTGAGTAAAAAACAGCAAAAAATCAGAGATGAAAACAAAGAATTAAAAGAAAAAATAAATGATATTAAAATTGAAATTAATAATATTAATACAAAATTAGATGTTATTACGATCATAAATAACAAACTTGCTAATAACAACAAAATAAATATCAGACAAAAAAATAAGGATGGTAATAAAAATGAAAAAGAAAAAAACTAAGTTATTTTTTTTACGATTAGCATATTGAATAGTTCACGGTTTAACATTGGGATTGCCAATTTTATTCACTGAAATTAATAAACTAATGCTAAAACTAAAAGAAAAAATTAATAATGAATGTATTTTGTTAGATGAAAATAAACAAGATAATATCAACAAAATAATTAAAAAAGATGATGAAAAAGAAAATTAAATACATTAAAAAAAGCAATTTAGTAAAAATTGCTTTTTTTATTCACCATTAACTTTTACATTACCATCAATATCAACTACTAAATCAGGTTTTTGTTTATCTAAATTTCAACGATAAACTGATTTAATATAATTTATATAATCAGAATTTCTTTCACCTCATTGTGCAAAGCCAAAAGGATTATTAGAATTATAGATTAAAGATGTGTCTTGTATTTTATTTATTTTGTTAATACCTCTGAAAAACTTTAATTCATAGTTATTATCTTTGTATATAATATATTCTTGGTTTACATTAATATTATAATTTCTAAAAATTTTATTTATTTCTCATTTATCTTTTTTTCATACAACATAATATCATTTATTATCAACTTGATTAAAAGGTTTTTCTTGAGGACAAATTCATTCTAAGTTTTCTTTTATTTCTTGGCAATTTGTGTATATTTGGTTTTCTTGTTTTAGTTGTTGTAATTCTTCTTCGTTATATTGTGGTGTATTACAAGCAACTAGACTTGTTGTGCTTGTTCCTAATAATGTAATTGCTCCTAAAAAACTTAATCATTTTTTCATAAAAACCCAGTCCTTTCTTGATATTTTATTTATATAAAAATTATATAATGAATTATGCAAATTTAATGATTATTTATTGAAAATATAATTAAAATATAAATATTCAAAAATAATATTTATTTTGATAATATATTAACAGTATCAAACAAAAATTTTAATTTTAAGAAAGGAAGTTAATTATATATATGGCACCACAAGCAATTTTTGAACCCGAATCAGAACATTTTATGGATGAATTTAATATATACAAAGATGATGATAATGAAGAAAATGATAACGAAGAAGACGAAAAAAGTGGTTTTTTTAAAGATATTAATTGAAACCACAACATATTAGAACTTTTTGAAGAAATCAAAGAAATTAAGCAAGATATTTGAATACAAATTCTTACTGTTTATCTTGATAAAAATGATAATGTTTCAGGTATTGAATTTAAAATAACTCCTGAGGGAAGTTTTTATCATGAATATATATTTGTTAATTTTGATGAAAAAGGAAAAATAACTAATGATTTAAAAGAAAATATAGAAACATATAAGGAACAAGACAAAGAAGATGATTTTTATTTAGATTTTAAAGTTGTTAAAAAATTTTATCAAACATTAATGAATTTACAAAATAAACAAAAAAATAATAATTAAGCAAGATTAAAAATCTTGTTTTTTTATTTTAAATTAAGATATAATACATTTGTTATCAAAAAAGTATCAAAATTGTATTAAATAATATTAAAAAAATTAAATATTTGAAAAACAAGTTAAAAATAACTTGCTTTTTTTAGGTGCTTATTTTAATGTGTGTGATGATTTATTTTTAAATCAGGAAAGGAAACAACTTTAAAATGGATATTAATAATATTATTAATGGTGACAACTTTTTTAATAAAACATATGAAGATTTGAGTAGATATGTTGTTGGAGAAATTGCATCTAGGTTAGAAAATTTAGATGATCTTATTTTTCAAAATTATCAAAAATATGATAAATTTAAACATTATCGAGTAAAAGAAATAAGAACAAAAACATTAATTACTTTAAAAGGTAAAATAACATTTCGCAGACGACGATATTATAAAATTAATCCAATAACAGGAAAAGAAGAATATATTTTTATTTTAGATGAAGTTTTAAAAATTAAAAAATGACAAAGACTGGGGAATGACGTCAAAGAAAGAATTTTATTGTTTTTAAGTGATGATAAAAAATACCGCGATATTTTAGATGCCTTAGAACAAGCAAAAATTAGTTTAATGACAATTTCAAATACAATAAAAAACGCAACAACAAACGAAAAATATTATATTAATAATACCACTATTAAAATAAAAGTTCCGCATACTTTATATATTCAAATTGATGGAACTTTT
NZ_CP096807.1_gap23	578444	582962	4518	AAACAATGATTGATATTATTTAAGGAATATCCAGAGCAAATATCATCATTTGAAGAACTAGTCGCAGAGTTAAAAAACAAAAAATGATGGTTTATTAACTTTAACGAGCACAGCAATTAGTAAATATCGTTTTTTACATCATTTGCTTGTTGGTTTTAAAGCAGAGTTTAATAATTTGAATCAAGATTTACAAGATCGATATTCAAATTATTATGTTGATACAATGTCATTGTTCTTAGGAGAAAATGATATTTCATTTACTTTGTATAATATTAATTTTGAGAACATAGCAAAACTATTAGAAGATACTCCCCAAGCAGTATTAGGGATTAGAGTCCAGGTTAATATTGCTTATGAAGTGCGCTTTAAAGAATTATCACCAGTGCAGGATAACATTAATAAAAACGTAGTTATTGGTAATAATATTGATATTTTACGTAATATTATAAAACAACTTGCAGAATATTTTTCTATTTTTATTGATAATATTTTGAAAAAACTAGATTATAAAATTATTATCACAGAATTTAGTAGTTATCTAGATTTGCCTTTGGTTTCTGTATTTCGTTCATTGATTGAACAAAAAGTAAAAGAGAAAAAAATTATGTTTTATTGAGTTAATAGATTTAATAATATTAGTGGCATAATGCATAATATTTTCCATCAGACTGAATACTTTTATAAAGACCATTCAGTATTAAAATGAACAAAGGAAGGATATAATCCTAACAAATTAACCAAGAAAAACTTTTTAAAATTTTATAAACAAAAATATTTAAAAATAAAAGTATAATTTAAAAAAAAAAGGTCTTAATTTTGTTTTTTTAGTAATATAATTTGGAATATTATCCATTTCATAAACGCCCAACTTATTTGCAATTACTGGTCTTTTTTCAGTTGATTTTATTTGATCATAGCCAGTATGAACGGTAGACAATAGGATGTGTTTTTTTATTTTTTCATTTTGGTTCCACATTTTTATATAAGTACCATCAATTTGAATATATAAAGTATGAGGGACATTTATTTTAATATTTGTTTTATTAATATAATATTTGTCGTTTGTTGTTGCATTTTTTATAGTATTTGAAATTGACATTAAACTGATTCCTGCTTTTTCTAATGTACCAGAAATGTCGCAATATTTTTTATCTTTACTCAAAAATGACAATATTCTTTCTTTGACATCATTTCCCATTCTTTGTCATTTTTTAATTCCTAAAATTATATCTAAAATAAAAACATACTCTGTTTTTCCCGTCTTTGGATTAGTTCAACAATATCTTCTTCTTTTAAATTTTATTTTCCCCTTTAAAGTAATTAATGTTTTTGTTCTAATTTCTTTTACTCTAAAATCTTTAAAATTATCATCTTCTTGATAATTTTGAAAAATAAAATCATCTCATTTTTCTAATCTATATGCAATTTCTCTAATAGCATATTTTTCTAAATCGTTATATATTTCATTAAAAAAGTTTTTTCCATTAATAATATTATTAATATCCATTTTAAAGTTGTTTCCTTTCCTGATTTAAAAATAAATCATCACACACATTAAAATAAACACCTAAAAAAAGCAAGTTATTTTTAACTTGTTTTTCAAATATTTAATTTTTTTAATATTATTTAATACAATTTTGATACTTTTTTGATAACAAAAATATTATATCTTAATTTAAAATAAAAAAACAAGATTTTTAATCTTGCTTATAATAATTTTCGTTAAAATAAATTTTTAAATAATATTTAAAATCAGAATCATCATCACTAAAACAAAAAAGACATTCTTTACAATTATAATAATTTTTATAACAAATGTAGCAACATGGGCTATTACATACAATACATTCATATCCTTTTTTTGCTTTTCTATAACACAACCCTCTTGCACCAGTAAATTGACATTTTTCATCGTTAACATGTTTATTATATTTTTCTCAAAATATTTCTTTAAAAAATTCATTTTCTTTTTTTATTTGTTCTTCACTTTTTGGATTATATTTTAAAAAATATTCAAAAGAAGATCTTATTTCTGCTGCAATTTTTTCAAATTCAGTTTCAAATTCAATTTTAGATTCTTTTTCCACTTTTTCCTCCACTTGTTCTTTTTTTCTTTTGATAACATATTATCAAAAAAATAAATTTTTATCATTATTCTTTGTATATATTTATATTCATTATATAATTTTTATATAAATAAAATATCAAGAAAGGACTAGGTTTTTATGAAAAAATGATTAAGTTTTTTAGGAGCAATTACATTATTAGGAACAAGCACAACAAGTCTAGTTGCTTGTAATAATATACCACAATATAACGAAGATGAACTACAACAACTAAAAAAAGAAAACCAAATATATACAAATTGCAAGAAATAAAAGACAATTTAGAATGAATAGCACCACAAGAAAAACCATTTAATCAAGTTGATAATAAATATTATTATGTAGTATGGCGTGGTGACAAAAATGATAATTGAAATATTAGTAAATTTAATAATAATGAAAAACTTAAAATATCACAACCATAAACTTTGGATGTACAAAATAATATTAAACTTTGCTTAACTAACTATGCAGAAATTCCAATTGATATTGATTTATCGATTGATGCAAGCACAATTAATCTTTGAAAAAGTGATAATGGAACTTATTTTAAAGCAGTTTATCGTTGAAATGGTGGAGAACAAAAATTACCTTATTTAGTTGTTGATAGTTGCGGTGATGTAAAAGTTAATAGTGAATAAAAAAGCAATTTAGTAAAAATTGCTTTTTTAATTTATTTAATTTTCTTTTTCATCATCTTTTTTAATTATGTCATTAATATTATCTTCTTTATTTTCACCCAGCAAAATACATTCATTATTAATTTTTTCTTTTAATTTTAGCATTAGTTTATTAATTTCAGTGAATAAAATTGGCAATCCCAATGTTAAACCGTGAACTATTCAATATGCTAATCGTAGAAAAAATAACTTAGTCTTTTTCTTTTTCATTTTTATTACCATCCTTGTTTTTTTGTCTGATATTTATTTTGTTGTTATTAGCAAGTTTGTTATTTATGATTGTAATAACATCTAATTTCGTATTAATATTATTAATTTCAATTTTAATATCGTTTATTTTTTCTTTTAATTCTTTATTTTCATCTCTAATTTTTTGTTGTTTTTTACTCAAAATAGTTGCTGTTATGCCAGTTGTTCCACCAGTAAAAAGTGATATAACCAAAACAATAATTTCTAAAATAGTTTCACTCATTTTTTATTCTCCTTATTATCAAATTAATGGTTCTCAACTTCCAAATGCTCTTAAACCAATAGCGGCCGTTGTCACAATACCGCGCTGTGCTTTATCTCATGTTTTAAAATCTTTTCATACTCAAAATTTAATCATCCCACCATCATATTTTAATATCGGTGATCATTCTTCTCCGCCATTTCAACGATAAACTGCTTTAAAATAAGTTCCATTATCACTTTTTCAAAGATTAATTGTGCTTGCATCAATCGATAAATCAATATCAATTGGAATTTCTGCATAGTTAGTTAAGCAAAGTTTAATATTATTTTGTACATCCAAAGTTTTTGGATGTCATCTTTTAATGTTTTCATTATTTTGAAATTTAATAATTCTTCAATTATCATTTTCATCACCACGCCATACAACAAAATAATATTTATTATCAACTATATTAAATGGTTTTTCTTGTGGTGTCATTTCTTTTAATCTGCTTTTGACATATTTGGCACTGCTTTCTATTTTGTAGGGCATTTCTCTAATTCTTTTGTCTAGTTGTGCTGTTTTTTGATCCATTTTTTCCATTTCTTTGGTTCATTTTTTATTGAATTCTTCTATTTTTTCTCGGGCATATTCGCAAAAATTAATAAAATTGTTGGGGTTTTTGATTGATTGATAACGAATGGGAACTCGTGCGGTATATTCTCAATTAAAGGATTTTATTTTTTCTCCTTTTAGGGGTAAATTAAAACTAAGAATAGGGAATTCATAAATTCCGTCTTTATGTCTTGTGTTTAAGTTATCTTGGGTTAATCTTCCTTTGTCTGTTCATACAAAATATTCGCTGGCACATTTATTTTGATAAATTGCTTGGTATTTAAAATCATTTACTTGATTAATGTTATCGATTATGGCGGTTGCTATTGTTTTTGAATTATCGTTTCAAGTCATGGCACTTTTAATATTTTTTCATGGTTTGTTTTCTTCTTCTTTGGTTATTTCAAAATAGAATTTATTGTTAATTTCGCTTGGTTCAACTTCGTCAATTTTAGTGTTAATGGGGCATTGTTCTAATAATTCTGTTAATTTTTCAATTTGTTCGCTTTTGTTTTCTTCTAAACTTTCAATAAAATTTTTATTAATATATTGGTAGTTTTCATCTGGGTTGTCTATATCGGGGATTGGATATACTAATGGTGCTTTTGACATATCTATTTTAATTGTTAAAAATATTGTTGTTGTTGTTTCTGCTTGGTTTTTTGCATAGGGAATTAAGTCGTTG
NZ_CP096807.1_gap24	609877	613557	3680	ACTCAATCTAAATAATCTATAATTTGTTGTCTATTCATTCAAATTAACATAAATTTATTTTTTGAAACTCGATAAAACTCATCTAAATAAGAATTTATATCAAATGAATTATGCAAATTATTATCATAAATAGCATTAATATATTTGTTTATGCTTTTACCGATTCTGTCGGTAGTATTGCTATTTTCATTTATTTGCTCGTTTTTTCTTTTTGGTAAATTATATAAATAGGGTGGATCAGTTAATATTAAATCAACGCTATCATTTTCTAAACTTTTAATAAAAGTTAATGCGTCACCATTTATTAATTTTCCTAAATTTGTTTTAAACATTTTTATCCACCTTTGCCTTTCACGTCACTTTAAAGGTAATCGCAGGCACTATACTATTGTGTTTTAAAATATGCAGTGAGCTTTCTATGTTATGTCTATTTAATATATAATCTTAAAACTTTGTATATTATTTAAAACTTTTTTGGGAATATTTTAATTTAAACTTTTTAAGCCTTTAATTAATTGTTCTTTTTTTCAACACTTAAATTTGTGAAATTATTTTTATTTGTTTTTACTTTTTTAGGTTCACTTGAAAATAATGCTTTTTTCATATTAGTAGAGTAATTTTGTTTATATTGATTATATAAATTAATTAATTCCGTTCCAGTTAAACTCTTTCAAATATTACGCTTTAAATTTTCATCATATTTTACAATAGAATAATAATTATCATAAATCAAACCGATTGCTACTTGTTCCGAATGTTTTTCACTCGGATAAATAAACTTATTACTCAATCAAAAACCAATATGACGATTATGATTAGGTAAATTTATAAATGAAGCTTTATCTGTTCTAAAAACTATAAATTCTCTTCGAATAAAGTGATTTTCTACGTTAATATTCTTCTTATAACTTGGTTTCTGATACATTACTCAAATCAACTCGCTTTCGGTTACACTGCATTGAACAAACATTTAACTTAAAATACAAACTACCAACAATTTTTTTATTCAAAATAGAATGACAAATTTGACATTTACGTTTTAAAAAAAATATTCAAATTCCTAACATAATTAATCACACTCCTTTGTTTAATAAACATTGTTATATTTAATGTTTATCTATTGTTTATTTAATGTTTATATATTGTTTATCTATTGTTTATTTATTGTTTAATAAACATTGTTATATTTAATGTTTATCTATTGTTTATTTAATGTTTAATAAACATTGTTAATAAACATTGTAAGCATTATTAAAAATATAAAATAGTAAAAATTGGCACACTGAAAAATACTATTAACAAGTTTAATAAAAGAAATATAAAATTAAAATTAATAAATCAAATAACATAACTAGTGTGCCATAGATGAGTTATTCATCTTGTTATATTAGAATTATTTAATTTTACTAAAAAAGATTTTTAAATACCCATTTTTTCAATCAGAATCTATCCTTGAATTTTCCAAATTATTATAAAGTCAAATTTTTTCTTTGTTTATATACTTAATTTGATTTAATAAAACTTTGTGATTTTGACAAGTTCATAAAATTTTATTTGTTTCAAATTCTTCGGTGATAAATGATGATAATTTATAACAATTAATAACATCACATATTTTTTGTTGTTTAATAATTTTCATTTTTATAAATCAAATTTAATATTGACTATAATAAATATCTTCAAATCATTCTGTTTTTTCGCGATTTTTAACTTTATGAACTCGCTTTGGTATTCCGCATTTACTGCATTTAATCATAATATTGATTTTTTCCATTTTTAGTTTCTCCAATCTAATATTTAACGATTGATTTATTAATATAACTAAGTGAAACAAAACAAGGACAACACCTTTACTAAGTAGATATATGGATTATTTAATAATTTCTTAATTTAATATGGTTTTTTTCAGAAAGGAAACAACTTTTTTATTATTTTAAAATTATAAATATTTAAAGATGCTGTCCTTGTTTTGAATCAATTAGTTATTTTAGGTTTTTTCAAATAAAAAAACCATTTTAGTAAATGGTTTAATTATTCTTATTTAATTTCTTTATATTTTTATACCCTACTTTTTTTTATACAACCAAGACAATAGTAAATAGTTATAAAAAATAATTAAATAGTAAAAAAGATAATTAGGGAAGAAATTAATAATATTCCAGCAATAATTAATAATATTTTTCGATTTTTTTTAATTATTGCTTCTTCATCAGTTAAAGTAGATTGGTAACGACGACAATGATCATTAAAGTAAGCTGTGGCTTGCTTATTTTTATATCATCCTAAAATTAATCAGATTAATAAAATTAAAACAAAGAAGCTAACAACAATTCATTCTGTTTTTTTAATATCTTTAAAGGCAAAAATTCCTAATAAAAAACTAATTCCAAGTAAAATTGCACTAGTTAAAATAGCAATTAAATAATGATATCAAGTAATTTTTTTTAGTTTTTGATAAGTTTCTAATTTTATTGTTTGATTATGGTATGTTTCCTCAACAATTTCTTTAACTTCTTTTTCATGAATTTCTTTTTCTTCTTGTTTTAATCGATGTAATTCTTTAAAAATATTTTTCTTTTTTGCCATCATTGCCCTCACATTAATATTTTTTAAATTTATTATTAAATTATATTGTATTTTTTCAAAAAGTAAAATATAATTACATAGTATAAAATTATATTTTGTATCAAGCACATTATTTAATAAAAAGTTGATAAAAGGGACACTTTATTTTTCCTTAAAACTAGGGAGGGAAAAAAATATGAAAAATATTAAAAAAGATAAAGATATTTCTAAAAATAATTTTGATATTAGCAAAGAATATGATAACAAGTTTATTAATGTTGATTTAAATTATCAGCAAACAAATAAACGAACATCACTTTTTACTGAAATGAAATATAAAATGGCAATTATTAATCATCATCGTCGGGAATTTTTTGATCGTTTTCCATTAATAGGTTATTCATTAAAAAGAATCTTTTTTGCAATTATTACTTTGTTGTTAGCAATTTGTGTAATTTTTATTTTATTACGGTTAGTAACTCCCGATGATATTTATATTAAAGATATTGATATTGATAAATTAAATATTTTGTCAGGTACACCAGAATATAATGCTTTGCTTGAACAAAAAATGAAAATTTTTGGGGTATATGGTTCAATTTGGAGTCAATTAGGAACATATTTGCTAAATATTATGCCTTTTATTAAAAAAACAATAATTGTTAATAGCGCTTTTGATCCAATAACTGGTGAGTTAGTTGGTGAAAAAGTTACAACATGATTTTATTTAGGAGTTGTTTTTTCAACAGCAGTAGCACAGCCAGGAGAATTAGTATCAGATATCTTTGCACGAGCAATTCCATATTCATTTGGTTTTGGGTCAGTCGCTGTTTTGTTAGCTTATTTAATTGGTGTGCCGTTAGGAATAATTGCTGCAAAAAATAAAGAACGTGGTGTTGATAATACCATTAATGCTGGTTCAATTATCTTTTTAGCAATTCCACCAGTTGTTTTAGTTGTAGGGATTTATTTAATTTCAATTAATTTTTTTTATGCTCATGGTTTATTTAGCTCGGGAACTTTTGATACTAAGTTTTGACCAGTTTTTGCAATTTTCTTAATGATAGCACCACCAATTGTCATTAATACAAGACGATATGTTATTGATGAAATGA
NZ_CP096807.1_gap25	621490	625688	4198	TAAGATATGATGACTTACTTTGCAGTACTAAATCCAACATTTTATTTCTCAGCACGTCATTTTTTAATTAGTAAAACAACTGACCGTGTTATTATTAAGGCAGTGTCAACTTCAAACCGATATCGTGGTGAAAATATTATTAATTTTTAGGTTATATTACAATTTTATAAAATTAAAATTATTTGGGGAAAATTCGCTTAAAAGAAATTTTCTCCTTTTTATTAATTTTAATAACTTTCTGTTTAAAATTAAGATATAATTAAACTACGATAAATAGAAAAGGAAGAAAAAGATGATTAGTGTAAACGATTTCCGCCCAGGATTAACGTTTCAATATGAAGGTAATATTTACATCGTAATTGAAGCACAACATTCAAAATCAGGTCGTGGGCAAGCGCATGTTAAAACAAAAGTTAAAAATTTGCGAAGTAATGCAACAACAAATATTACTTTCACTGGTGGTGATAAAGTTGAAAAAGCAATGATTGACAAGGCTGAAATGCAATATTTATATGATGATGGTACCAATGTCATCTTTATGGATACGCAAACTTATGAGCAATTAGAAATTCCATCAACTAATTTAGTTTGAGAAAAAAACTTTTTAAAAGAGGGAGTAATGGCTTCTGTCACAAAATATGAAGGTGAAGTATTGGAAATTATTTTACCAGATAAGGTGGATTTAACAATAACTGAGGCAGAAGCAGCAGTAAAAGGTGATACTAGTTCTGGAGCAATGAAAAAAGCAGTGCTAGAAACTGGATTAGAATTACAGGTTCCTTTGTTTATTAAAGAAGGGGAAGTTATTACTGTTTCAACTAGTGATGGAAAATATTCCGGGCGTGCTTAATTTTAATAATTCATAAAAGGAGAGATTGAAGATGAATAATAATTTTAATGAATTAATAATTGAAAGTAACCATCGTGGAACAATTGCTGTTAGTTTATTAACAATTAAAAAAATTATTTTATATGCAATCCGTGATTTGACCCATCAATATTTTGTGGATAAAGTTGAATGTAGAATGATTGATAATTCATTATTGCACATTTATATTAGTGGAAAAGTAATTGCAAAAGAAAACTTAAATGATTTAACAGCTGAAATTAATGAAGCAATTATGAAAGAATTAAGTTATTCGTTACAAATTAAACCAAAAAATATTAGTATTGCTTATCATCATTAATAATTTAAAAACCAATTAACTATAGATAGAAAAAGAAAAAAATGTTATGCGTTTGCTAAGAACTTACAAAGTTCTTAGCAAACTTTTATTTATGATATGTTATTTTAATTCTACTGTCAATATCTAGCTAAAATTTCGTAAATTTATTTAATTGATAATTGTTTCATAGTATATCTTTCAGTTCATGGATGATTTGATTTGGGTTTATGAGCTTTAGATTTTTGTAATATTTTTTCTGTATTTTTAACTGTTGGAATATATTCTAATAGATTATAAATTTTGTTTTCATACTTAAGATACAATGTTTTATCAAATGCATTAATTATTGTAACATTTGTTTTTGAATTAAAAAATTTTAGTTTTTTATTATCATAAGCTAAGTACTTTTTATTTGCATAACTAATTGATGATCCATTATCTGTTCTTCTTGTTGAAGTTATTGATAAAAGTAAATTAATTTTGTCACTTTCTGGTGCATCAACGAAAGCAGAATTGTTATAATCAATGGGAAGAGCAAAGTGTTTATTGAATTTAGGCAGAAATTCTTTTAAGAACTTATTTGCTTCTTCAAGAGTAGTTACTTTTGCAAGACCTAATTTTCATTTTTTAGACGATCTTGTAAAGTGCCTCATAACCGTTCAATTCGACCTTTTGTTTGAGGAATTGAAGTAGTTATGATTTCGACACCTAATTCATTACAGCATCTGCTGAATTGATTAAAGGTGTTTTCTTCTTCTTTTTACTATTATTTTTTTTGATAAGTAAAAATTGTTTGCTTATCTGTATAAAATGTCATAGTAATACCATAGTTTTTTAAAATTTGATATAAAACATTATAATAACCATTTAAGGTTTCTTGATAATCAAAATATAATCCAACAACTGTATTTGTTGCATCATCAATAGCACCATGTAAAAATATTTTAGGATGATTTATTCCTAGTCATAAATGTTCACTAGCATCAGCTTGTAATAATTCCCCAAAATATTTGCGGCGTTCTCTTAAAGGATGTGATTTATCTTTTTTTCTTAATTTCTGTTTTCTAGGAGATTTTATTTGATTTAGAGACATTAAGTTGTACAAAACTGAATAAGAAATTTTTATTTTTTCATTTTCAAGTAATTTTTCTTTAAAATGTATAAAATTAAAATCAATATATTTAGTTTTGTAAAGATTAAGAATATTTTCACAAATTTCTGGTTTTGTTTTGTTATATGCTGTTCTACCACGTGAATGATGCGCAAAGGAAGTCATATTTTGTGTATCATAAATTTTCATTAATTGTTCAATTCTACGAATAGACAAATCTAAAATTTTAGCAGCACGTTTTTTTGTTATTTCATTATTAATAACTTTTCCAATAGTTTTATATTTATGTTTTTCTGTCATTGTTAATTTTCTTTCCATAGTTATCACCAAATTAATAATATAAATAATTGTGAAATTTTTGCTAGATAACTATTACGAAATTATCACAAGATAAGGACAAGGTTATTTTAATTCTACTTGTATTTTTTTCCTATTTGTTATAATTAGAGATAAATTATTTATAAAAAATTTAAATAATTTGAGTGTTATAATTTAATTTTTATGTGAATATATCATCAATTAAATATTAACCAAGTTTTTTAGAAGAAAGGAAAAAACTATTTTATGCTTAAAAAAGAACAAAATAAGAAATTTAGTTTAGCAGATTTTGTTTGATTAGGCTTTAATTATACTGTTGTAATTGGTTTTATAGGTAATTTTGCTATTTTATCAAATATCTCACAACCTGACTCAATTGGAATTCATGTTATTTGATTATTTGCAGTTGAAGGTTTGATCGCAGGAATATGTGCGTGAGCATTTGCTAAAATGGCTATAGTTCATCATTCTAATAATAATGGAGCTTCATATATTTATGTTAGAACAAGTTTTGGTAAATTTTGGGGAATTTTTGTTGCTTTTATGCAATATGTTGCCTTACCATTTTTAATTACAATTCAAGTAATGATGTTGATTCGTGGTTCATTTGGAGCAGATTGAGTTTCAAAAATAAATCCAGATAAAAGTATTACTGTCCCTTGGTATGCTGCAAACTGAGGGTCATTTGGTGACTTATGATTAGATTTTATTGGAATTGCTATTTATATGTAAGCAGCAGGAATTATTTTTTGGGGGATGAAATTATATAAAAAATTAGCGAATGGAACTGGTATTATTAAATGAGTTACAGCTGGATTTTTAATTTTAGCTGGTTTAGTATTGGCAGTTCAACATGGTGGTGAAAATTTAAGTTATTGAGGACATCATACGAATTTCTCGTTGCCAGGATTTATTAAAACTTTTAATTCATGCTTTTTCTTCTTTGCTGGGTTTGAAGTCTTTTCAACTGCTGGGAAAAATATTAGTAATCCAGAGAAAAATATTGGCCGTGGAATTACACTAATTATGTTAATTAGTACAATTTTTTATATTGTTATTTCAATTATTTTCTTTGCTGTTTTTACTAAATTTGTTCAAAATATGCAAATGGGAACATGAAGTTTAGGTTTTAAAAATAAGATTATTTTATATGGTGGCCCAATTATTAATATGATTATTAGTGCTTTAGCATTGAAAATAAATGTTGCAATGCAAAATGATTTATACGGGGGAACTTCATTACAACCATTATGGGCCGAAGGGTATTTACCAGATCATTTGCGTAAGTTAAATAAAGATGGAATACCAATTCGTGCCTCAATTTTAAACTTAGTTATTACAAGTTTAATGATTTTTATTTGGTTAACAATCCCCGATATTATTAAAGGGTTTAGTTTAACAAAACAATTTGGTTTTATGGCAATCCCAGCAGAAACAATGACTTATCAGCAACCATTTAATGTTTCATCATTAACTGAAGCATCATCAGCTATTACAATTTTTATTTATGGTATGGTAATTGCTGTGATGCTAAAATTAGCTTATCAACGTAAAATTAAGATGCGAGTATGAGAATATCTTGCCTTTCCAATTGTCTTTGTTA
NZ_CP096807.1_gap26	748832	753600	4768	TTTCAATTTCTTTTTTATCTTTTTTTCTTTCCTCGAATTTGTTTAATTTTTTGGTAAATTAATAAACCAAAATAAAGAAAAATTGCTAATACAATAACAACACTAAATATTGTCGTTAATCAAGTTGGCATAATACATCTCCTCTCTAAAAATATTGCGACACGCTTCGCGTGTTCGCTACGCTCAAAATAAACTATATTGAATAAATTACCGCTAATAAATTACGCGGATAATTTATTCATTTTCTTTTACATTATTAATTACTATCTTATTTACAGTATTAATAACAATATCTTTTCCATACTTAGTTACTAAGGACCGCAAAATAAAATAATGTTTCTTTTCAATAAAAAATCAACTCCTTTCAGAATTGATTTGTTGCACTTCGATTACATGATGCCTTTCAGCATCTTCATCTAAAATTAATAAAGTATATTGTCTTTCAGTTGATTGTTGTGTAAATACTTGTTCAAATTTTGCTTCACCAAATTGAATTGAACTTCTATCATCAATCATATAAGCATCTTAATATTTACCAACTTTAACTTCTTTTGTATAAAAATTATCTGCTTTATTATCATTATTAATAAAATAACTTAATTTATATTGCTTTAAGTATTCTAACATTTTATTAATATCATAAATATTTTCACCATCAATTAATTTTCAATAGTTATTTTCATTTTCATCTTTTAATTTTATTGCAAAAGGTGTTTCATTATTGGCTCATATCGTTGAATTAATAGGTTGATTTTTAAAATCATCAATAGTTAAGATATTAATTTCTTCACCTTTATATTTTTGTACTATTTTTAAACTACCTTGTCATTGAGCAATTGTACTTTCCATATTATCAAATATGCGGGTATAACTACCATAATCACTTGGTTTAGCATTATTAGGTTTTCATCCCGTTTCTGTATCAGGAATATATGAACTATAAACATTAAAAGGAAATACCATTCAATGGCGATTATTTCTGATGTCTTCTCTTATATCCATTAAAGTATCGTGGGCTTGTGCTCTTAATTCATTCATAGCACCTGGGCTAATTCTACTCATTTATTAATCCTCCTTTATTTCTGTTCTACCTTGGATAGCATTTTGATTATTACCAGTTTCATCATATTCCATTAATTTATTATTATGTTCTATTTCTTTAGATTGCATTTTATCTTGTCATGCTTCTACTTTTTCAAAATACTTTGCTGCCTCTAATCCATCAACATCATCATATTCAGTTATTGCTCTTTCTGGTTCCATTGTTTTATTTTCTAATCTAGCAGTAATTAATTCATTTTGTCGCATTTGATCTACTAAACTAGCACTAATAAATTTAAAACTATATGGTCTTTCACCACTACCATCTCATAAACCATAATATTTAAAACAGTATCAAACATTTTAGTATAATATTGCATACGATATGATTGTAAATATGCTTGTTTTTCTAAATCTTTTGTTTTAGTTAATAATGATTGTGTTTTATTTTGTTCACTATCTGATTTATCACCAAAAGGACTAGAAAAATGACATGCTACATATACTTGTTCAATAATTGATTTTTGATCTTGTGTATATGTTTCTAAGATTGGTGTACCTTGTACTACTTGTAAAGATTGAGATAATTGACCATCAACTGCTGATTGACCTGATTGAATAAAAATATCATCAAAAGCATCTTGTAATACTTTTTTATTACCTTTGTTATAAGCAGTCATTAAATCATCATCTAATATTCCATATCAATGCGTACGATTTGCTCATCTTTCTTTTGATTTAATATTAAAACTATCTTCTAAATCAAATTGTAATTTATAACAATTTGCCATTGTAGGTCATGGATTTAAAGTTGTTGATGTTGATAAGAATAATGGATTAGGTTCATTTATCATTTCTCAAAAAGGTACTATACCTAATTTATTTTTAAATTCTTGTACTAAAACAGGTTTAACATCATCTTTAATTTGTGTTTTACTTTGTCCAACAACTACTTCATTATTTTTAGGTCAACCTTTAATAACTATTTTATCTTTGGTACAAATTAAATTTAAAATAAAACCACTATCACTTTGATGATAATTTAATCAAATATCAGCACCTTGTTCAATTTCATTTATTTTACTTACTCGTGATGTAAAGTTAAATGGGTTAATTCATAAATCAATATTGCCATCTGATGTTTCTAACAAACCAAAAATAGTTTTACCCATTAAACTTGCTGTTAATTCATTTTTATCTAATTTTTCTTTAATTTTATAAGTTTCATATCATCAATTTAATTTATTTAAGATATCTTCTCTATGAGAATTAAATAATATATTTTTACCATTTACTAATCGCATTTGATGGCGAGCAATAATATTTGCTAAATTAATTGTTCAATCATAATTATAATATTTTAAAACACTATTAATATCATTTAAGTTTGGTAAAGTTGGATAGGTATTATTATTCATTGTTATTTTGCTCCTTTAATTTTAAAATAAGTGCATAATTAATTATATTTACAGTTAATAAACTAGGTTCATTTGACAAAACTTTTACACATACTTTAACTTTTTGATATTTTTTAATATATTCGTTATATAAACTTAATTTACATATTGCGATGTTATCTTTTTTTAATTCTTTACAAAGTCTTTTTTTAACTTGCCCACAAACTGCCATATAAGGTCTTTTTGCATTTATTACACGCTCATCATGTATTACATAAACATCTTTTTTCATTAAGTCATTCACTCCCTTTGTTGTCATAATTATAATGTCCATAAACTTTTACCTTTGGTTGAAATAAAAATGTAGCATTACCCGTATTAGTAATTTTATTTGTCATTTCAAACTTACCATATTTAATTCAACTAGATTGAATATTAACTCATTCTTTTGAATCTTGATATTGCTCATTAAATAAATTTTTCCCTTGTTCTAAACTTCTTTTTTCTATTTTATCTAATAAAGAATTAATTTCTTGTTTTGTTGCCTTTTTTAAATATTGTAAAATGTTCCTTGGATCTGTTCAATTATATAATTTTTTAAATTGAGAAGTTTCTTTTTTAATAATGCCATATTTTTTTAAACCATCTTTTAATAATTCACCAATTTTAGTATCTTGTAAAGCAGCAGTTAATAATCTAATTAATTTTAACATTAAACAATTTATTAAATTTTAATTAATAAATTTATTTAATATTCTGTAAAAACATTTCTTTTGCACTTATTCAATTTAAACATGGTCGGAGTTTATCATTTATTACATTAACTACTCAATATATTTGTTTTTGACTAACTTTATTAAAATCTGTGCCCTTAGGAAAGCGTTTTCTAAATTCACGGTTAATTCTTTCAATTAATGGTTTTTGTTTTGGTGAACCAGGGTCACAATAATAAACATTAGAACCAGTAATCTTTTCCATCTCTTCAAATTTACTAAATTCTTTTCCGCGATCTGTTATTATTCCTTTAATTTTTCCAACTAAACCATTAATTCTAACTAATTCTTCAAGTTTTTCTAAAACTTCATTAGCAGTATGATTTTCTAATTTCATAGCAAAGTATTTTTTACTTGATTGTTCTACTAATACTAAACAACTAGATAAATGATCTTTTCCAACAACAGTATCCATTTCTAATCAACCAACATCAGATTCTTTATTTTCAATATCTCATATTGATTTAAATCTTTCATCTAATTTTCCGCGATTATCAGGTCTTTTCTTTGTTCTATTTTTTCTACCACCATTTAATAAATTTTTCTTTAACAAACCCAAAAGACCTAAAAAAATTCATTTATAAAATGTTTTAAGGCAAGCGGGAAATTTGATACCAAACTTTATTAAAAATCGTTGAATAATTTCTGCTGGTGAATCATGATAAACATTAAATCTCAGATGAATAAAATTTAATTGTTCTTCTGTAAATTCAGGTAGTTTTTTAATACATTTTTTACGCTTTTTATAATAATCTTTTTGTGCTTCTATTGCTGTATAATCTTCTATATTTTTAAATCTTTTAATTTCTCGTCTAACAGTATCTACACTACGATTTATTTGTCTTGCAATTTCAGATAAATTAATTGTTCCATTTTTCTTTTTACAAGCATTAGAAAATAATAAATCCTTAAATAAATCACGCTCATCATATTTTACGTGTTTATAATCTTTCATATATTTTGTCCCCAATCTTTTTAAAATTATTTATACGCTATTTTTAAAAAAATATTGACAATTATTTTTAAAGTTATACAATTAGAATGTAACAAGTTTCAAATTTATTTCTCTTAAAACTTGTTTTACAAAAAATAAAGACTTGAAAAAGTCTTTTTTTAATTGTAAAATAAAAATAATAAAAATAATATTAATTTATTTAATAAATTTTTCTAAGTTTTTAGTTGCTTGAAAAGTTAGTTATATAATATTTTATTTAAAAATAATGTTTAAATAATATCAATTTTAATATGCAAAAAGGAGTAAAATATGAAGGAATTTAATCCAAAAACAGCAAGTTTGCGAACATTTTATCGTAAAATAGATGAATTTTGGCAAAATAAATCACCGCATAAACCATATACTTTGAATGATTTAACCAATGAATTCAATCTTTCTCGCAAATGAAGATATGATACTTATGCGAGCGAAAAGATAGTTCCTTTGCTTGAAAAACAAGTTGATAGAATTGAAAGTGAAATAATTAATTTTATGATGAAATCACCTGATGGTGCTAAATTATATTGACAGCGTGCATTTAATTATAAATATTCATTACAAGA
NZ_CP096807.1_gap27	788981	791661	2680	ATTGAATAAATTACCGCTAATAAATTACGCGGATAATTTATTCATTTTCTTTTACATTATTAATTACTATCTTATTTACAGTATTAATAACAATATCTTTTCCATACTTAGTTACTAAGGACCGCAAAATAAAATAATGTTTCTTTTCAATAAAAAATCAACTCCTTTCAAAGTTGATTTGTTGCACTTCGATTACAAAATGCAAATTTTTTGGTACTAATCAAGCACTAGAATTTTTAAGTCCTTTTTTAGTTATTGTTTTTTCAGTTTGAAAAATGTATTTGCCTTGATTGGTAGCATCTTTAATTGATAAAAATAATATTTCTCCATTATAAAAATCTTTATTTTTTGTACTTGGAGTTCCTCCAGATTTACCCTTATTATAAAACTTATTAAAAGTTGTTTTATAATAAAAATCATTAAATCCTTTAAATCTAATTTTTGGCACCAAAGATTTATTCATTATTAATCACCAAATCTTTTAACATTAAATTAAATTCTTCATCTAATTTTTGAATTTCTTTTTCATTATTAATTAAGTTATCTTGTAATGCTTTAATATTAATAATTTCTTTTTCTTCTGTATTATCAACATAACGAGCAATATTTAAGTTATAATCATTTTCTTTAATTATTTCTATATCAACTAAATTAGAAAATTTATCAATAGTTTTTCTTTTATTAAAAATATTAATAATTTTAATAATATTTTTATCGGTTAAAGTATTTTTATTTCCTTGCTTTTGAAATTCTTTCGAAGCATCAATAAACAAAATTGAATTATCAATTTTACATTTTTTCATCACAATAATACAAGTGGGAATTGATGTACCATAAAACATATTAACTGGTAAACTAATAATAGTATCAATTCAATTTTTTTCAATCATATATTTTCTAATAATTAATTCAGCATTACCCCTAAACAAAATTCCATGAGGAATAACAGCAGCCATTACGCCATTATCAGATAATTTATAAATCATATTTTGAATAAAAGCAAAATCAGCTTTTGTTTTTGGTGCTAATTTTCCATAAGCACTAAATCTCTCATCACTTAAAAATTTTTGATTTGCCGATCAATGAGAACTATATGGCGGATTTGCAACAATTATTTCAAATTCTTGTCCTTTAAAACCATCATCTTCTAATGTGTCACCATTATAAATATTAAATTTATTATACTTTAAACCATGCAACATCATATTCATTCTTGCAATATTATATGAATTGGTTTTTAATTCTTGACCATATAAATGACCAATTTTTAATTCTTTATATACTCTTAATAATAATGAACCTGAACCACATGTTGGATCATAAACAGTTTTAATTTCCGTTTTTCCTTGACTAACTAATTTAGCTAATAATTTAGAAACAGGTTGTGGTGTATAAAATTCACCTGCTGCTTTTACTGATTCAGAAGCAAATTTACTAATTAAATATTCATAGGCATCACCTAAAATATCAATTTCTGATTCATTAATTTCAAAATTAATTTCATTAATTTTTAACATTACTTTAGCAATTATTTTACTTTTCTCTGCTTCTGTTTTTCCCAATTTACTAGAATCTAAATCAACAGAATCAAATAAATTTTCAAATTGTTTTTCTGATGAATAACCAATTGTTGATTCAATTAATTTTTCAAACGCTTTTCTTAATAAGAAAATATCAAATTTTCCAATATTAATTTTATTAATTATTTCTTGCCATAAATATTCCGGTTCAATATAATATCCAGCACTATCATTATCATATAAAACTTCTAAAAAATCATTACGATATTTTTCGTCAGTTAAAGAAGTTTGATAATCAATCCATTCTATTTTTAAATCTTTTTCTATTATAGATTGTACATTATCTGATAAATAACGATAAAATATTAATCCTAATATATATTCTTTATATTCGGATGGTTCCATTATCCCTCGTAGAGTATTAGAAATATCTCATAATTTAGAAAATAATTGTTGTTGTTGTACATTTTGTTTTTCATGTGTTGTCATAATATTTTTTCCTAACTTTCAAACTCATTAATTAAATTAATTATATTTAATTCTAATTCTTTTTTTACTTCATTTTTTGCTTTTATTTTAGATACATTATTATTAATAGCTATTTTTTCAGTATATTGTTGATTAATTTTTTCTCTAATTAAGTTAGAAGGCAATTGATTAGTAAAACGATATTCACTAATAATTTCATTAATATCTAATTTATCTATATTATATTTTTTACTAATTTTAATTATTTGTTGTTCATATTTTTTATCACAAAATTGTTCATATAATACTTCTAAATCTGCAGTATTTTTAAGAGTAGGAATAACTCTTTCAATAAATGAATTTATTAATTCTGATTTATATTTTAATACTGGATCAGTTGATTCTTGTAATCCTTTTTTTATTTCTTTAATTTGTTTTTCTTTTCTTTTAATATTGTTTAAATCTATTTTTTTAATAATTCTAAAATATAATGAACATTAATTTTATTACTATAAATTAATTCTAGTTCAAAATCAACATCTGCTAATACATATAATTTTTCTTTTTTAATTTTTTCATCACTAAATGATAAATAACGAGATTTAAATTCATTATATTCATTTTCACTAAAATTATATTTACTTTTATTAATATCAAATTCAATAAATGTTTCTAATTTTAATAATATTTTT
NZ_CP096807.1_gap28	836292	837054	762	AAACAAGAATAAGTATTTGAATTTATAAATTTAGTAATTTCATCTAAATTTCCATTAAATCTGCCTGTTCTATGATTAGAAATAGTTATTCTATCTTTTTTATTTGACCTGATTTAATTTGAATATCATTAAGTTTACCACTTTGCTCTAAAATTCGCATATCATAGTCTATATCATGACCACGGCCTTTTCAAGAAACAGATTCTGTTTTAAAATAATCATTTTTTATCGCTCTTACAATTAATTTCTCTAGTTATCATGCCTCACATCTTCTACCTTTAAAGAGACGATGAAAAGATTTTAAATCATTTTCATACTCAGGATTTAATTCTATACCTAAATACTCAATATTATTAATTTCTGCAACTGTGCATTCAGAACCTGAGCCAGCAAATGGTATTAAAGTTCTTCCATTATTACCATTTATACGTGAAAAAATTAATTTTTCAGTTAATTCAGTAGGTTTTTGCGTAGGATGTATTATTAACTTATGATTTTCACGTTCTTTTTTCACTTGAATAGTATAACTTATTATTACAATCTTTGCACATAAAATGGCGTTTAACCATTCCTGTTCCTGCTGCTAAAGCAGGTATTTTTATAACATCTCTAGGCAATGCACCTTTTTCATTAACTTTATAAATTGTTGTTTTTGTTCCAAATCTTCCTTTTGTATTCATGCGCTCTTTTCCATTTAATTTCATATAACTATCTGTATAAGGTTCTCTTATCTGATCAATTTCTAAATTAGGTCTTTGATCT
NZ_CP096807.1_gap29	838371	842565	4194	CAGCAAAATACAACAATCCAAGACAACAGTACAAGTTATATAATGATTGATGAAAAAGATATTTTAATTAATGATATTTCAAAACAAGATAAATAATTTTTAGAAACATTAGACTTAAAAATAATTTCTATTAATAAACCAATTAGTGAAGACAATAAAAATGAATGCTATATCATTGAAGAATATAAACACCCCCTATTCATTAGAGGGGATTGATATTATTAAATCTATGCATTTAATTAAAATAACTGACTTTAAATGAAAAAACCAAAATAGTATTCATTTAGTATTACAAAAATCATTGTCCGAAGATATAGTATTTACTGGGATTGAAATTAAATATCCTAAATCTATGTTATTTGGTAATATTAAATGCTTAGGAAATATCAATGGTGTTTATTCATATCCTTCATCAAATATTGAAAATGCTAGTTTAGTACCATTATTATCAATGCCAATTGAAACAGAACCTAATTTAAGAGTATTTCAATATTGATTTACAGAAAGCTTTTTACCTTGAAGTATTGCTAAAAATTACATTCAAGGAAAAGATGTATTAGATTTAATAAATAAAAATGGTTTAGATAAAGTTTTATTAAATTATTTAACATATCGCTACAATTATGATAGAAAATTTCAAGGTGCAAAATATGATGAAAAAGGTAATCCCACAAATAAAGCAGCTGAATTACGTCAACAATTTGAAGGACAAAAACCCGAAGATGTAATTGATGGTTTATTTGAAAAATGAAAATTAGATAATCCAACTCTTATTAATGATGATATTGTTAAAAGATTTAAACAAATTATCTATATGTTATCAAATTACACATATAGCAAATATGCAATTAATAAAGGCTATAATGATGATGTTAAATTATTTTCTCCTTATTACTTTGAATTAGTTTCTAATCCAAGAGAAGAAGAAACTGGATATTGAGTATTTGAAAGTTGCAAAGTTGAATTAAATTCATTATATTTTAATTTTAGTGGCAGTGGTCCTATTCCACCAATCCCAGTAAATTATTGAAAGAAAGTTTATGCAAATGATAAACCATTTATTACTGTTGATAATAAATATTATTTTATTGTGTGGCGTGGTGATAAAAATGATGATTGAAAAATTATTAAATTTAAACATTTTGAACAAAAAGAAAAAGTTTTAGATAAATATGATACATATGAACTTAAAACATCTCATTTTGGTGGTGATTTATTTATAAAAATGGATTTGTAGGTTATGATTGAAATAAAGATGATGGAACTTATTTTAAATCAGTTTATCGTTGAAATAAAAATAGTGAGCCAAAAAACAATATTAATAACAACAAAGACAATGAAATTAAGATAACTGTTAAAAACAAAGATATTTCAGAAAATCCTATTTATCAATTAGAAGCAAATTATTTTAATTGATTATCATTAACAAATGAATTAGAAACAAATAATATACCTTCTCTTATTCCAGCAGAAATCAAACTTTCAAATGGTGAATATGGTAAATATTTAACTAATTTAATTGTTTTTAATGACAAAATAGAAGATTATTTAAACTATTTTTCGCAATGATATAAATTACTTTATTCTAAGTTATCTTGAATGAGTATGACTAAAAATTTAGTTGTAGATAATATTAAAATAACTTATGATGTTAAAATATTTGCTTTAAATCAAATTGAAATATCTGGAATATGGGGTGATGGAAATTATGATATTACAATTTTTACAATTAGATTAGAAATATAAAAAGTCATTTATTAAAATGACTTTTTATTAACTAACTTGGATTACACCATCTTTATTAACTATTAAATTAGGTTCTTGTATATCTAAATTTCAACGATAAACTGATTTAAAATAAGTTCCATCATCTTTATTTCAATCATAACCTACAAATCCATTTTTATAAATAAATAAATCACCACCAAAATGAGATGTTTTAAGTTCATATGTATCATATTTATCTAAAACTTTTTCTTTTTGTTCAAAATGTTTAAATTTAATAATTTTTCAATCATCATTTTTATCACCACGCCACACAATAAAATAATATTTATTATCAACAGTAATAAATGGTTTTTCTTGTGGTGCTATTCATACTAAATTATATTTGATTTCTTGGTTATCAGTATTAATTTTGTTTTCTGCTTTTAATTTTTTTAATTCATCTTCATTATATTGTAATTGTGTATTACAAGCAACTAAACTGGTTGTAGTTGTCCCTATTAAGGTGAACGTACCTAAAAGACTTAATATCTTTTTCAATATGATAATTCCTTTCGCTAAATTTTTTATATATTATTTTTATAACATACTTGTATATATATACAAGGATTATTTAATATTTTGAAAGGAAATTGTTTAATTTATTATATGCAGAGGGTCAATTTGGCCTCGCGGTGATTTTCGATAATTTTGTGAAAAATAACTTAAAGTTTAAAAAAATTTGTACCGCGCTTTTCAAAGTACTTGGGAAAAATTCTAAGCGTTAAGCGAAGAATTTTATAAAGGTTCCCAAATTTATTTGAAAGGTTTTGTTAAAATTTTTTTAAGTTATAAACCATTCTATCACAACAATTTAAGAAAATCAACCACTTGGCCAAAAATTATATTTACTTGACAAATTAAGAAAATAATTATATATTTTAAATAGAGATGATTAGTAAATTAGCATCTCATCATCTAGATCGGTATTTTAAATATCAGGTCATCCCTCTTTTTAAAAAAAGAGGGAGGCATTAAATGAAAGAAATTTTATATGATGAATTATGTAAAATTAAGTGCAACAAATATTTACTAATTAAATAATATAATAAAAATTACAAAAATCAACCATAAATTTAAATAAAAATTAAAAATATTTTAATTTTTATTTTATCCATATTTAAACAAACTAAAAAATTATTTAATATACATTTTTAAATAGTTAATATTTATATATTAAGCAAAAACATTTCTTTAGCACTTATTCATTTTAAACACGGTCGGAGTTTTTCATTTATAATATTAACTACTCAATCAATTCGTTTTTGACTAACTTTATTAAAATCAGTTCCCTTAGGAAATCAATGTCTTAATTCACTATTCATATATTCAATTAAAGGTTTTTGTTGTGGTGAACCAGGATCACAAAAATACACTTGTGTTTCAGCAAATATTTCCATTTCTCGTCATTCACTAAATTCTTTTCCGTGATCTGTTATTATTCCTTTAATTTTTCCAATTAAATTATTATTTATAACAATTTCTTTAAACTTTTCAAAAACTTCATTAGCAGTATGATTTTCTAATTTTATTGCAAAATATTTTTTACTTGATTGTTCTACTAAAACTAAACAACTAGATTGATGGTTTTTTCCAACAACAGTATCCATTTCAAATCATCCAACATTAGAAACTTTATTTTCAATATCTCAAATTGACTTAAAATCAGTTAATTTACCACGATTATCAGATTTTCCTTTTGTTTTATATTTTTTACCACGATGTCGCAAATTCTGTTTTAAAAAACCATAAAAACCTAAACGAATTCATTTATACAATGTTTTAACACAAACCCGAAATTTAACACCAAATTTTAAAAAATAACGATAAATAAATTCTCTCGGAGAATCACAATATTTATCTTACTTATAAGCACTATATTCATCAATAGTTTTAAATCTCTTAATTTCTCGTAAAATAGTACTACGATGTCTATTCAAAAATTTAGCGATTGCAGAAATATTCTGTTTACCATTCTTTTTTAAAAACATTTTTGATAATAATAATTGTTCTAATTTAACTTTATCTATAAAACTCAAATGACTATACATAACACTTATATACCTTTCATTAACTTATAAAATTAATATTTAATACAAAATAATTGATATATAATTGATATATGAAATAATATTAATTATATATAAAACAATAAAAAGGAGCAATCTATATGAAAAAATGACTTAGCATAATAGGAGCAATCGGATTAACCGCAACAAGCACAACAACACTAATCAGTTGTAAAAAAGAAAATAATAATAAAAACGAAGAAGATAATAAACCATAACAACCAGACAACACCAACGCCAGTACAACAACCACCAAAAGATAGTAATTGAAAATTAATTAATGGTTTTGTTAATGAAAAAAATAATGATAATAAAAATTATATTGGAATTATTAAAATTGAAAATGGTTTTATAATTATAA
NZ_CP096807.1_gap30	941386	946116	4730	CTGTTAATTCATTTACAGCATTAACAAGACCAATCATTCCCGATGTTAATGATTCTTGATAAGTCATCCCTTGATAAATTGAATCATCAAAAGCATCGCGAAAAGAACTTAACGTTTCTTGATCAAGAAGATCACTTGCAAATTTTAAAATCGTTGGTGATAAGAAATTATTTAATAAATGACCATTTGCAATTAATGTTAATAAACCAGGCAGTCCTTCTTTTGCAAGGATAGTAAAAATTTGTGAACCTAATTGAGCCACATTTGAAATCATTTTGTTTGCTGCTGCTGGTTTAAAATTATTCGTTAAGTTTAAGTTTGTTTTTAAATCACTTTTTAAATAAGAATTACCATAATATCGATTAAATAATTCAGCATAACGATTATACTCTTGTAAGTCTTCCCGCTGATCTGGTTGGCTTGGTAAATCTTTTAAATACATTGGTTGAGCAAACTGGGACATTAAATAATTAAAATCATATTTATGGTCATTACTAATGTAAGCCATTTTTGCAACTTTACTATTTAATGCTGCTAAACTTGCTTGATAATGTTGTAATTTTGGAAGATTAGTTTCAGGATTAACACACCCAATAGTTGGTACAACTGAAGTTGTTACTAATGTTAGACTTCCTAAAAACGCTAATAATCTTTTCATTTTAAGTTCACTCCTTTATAGTTTGATAATAATGTTCCATTGCTAACTGATGAACCTCTCTTGTTGGATGAACAATATCAAAAAAGAAATAATCATCAATGTTAGCATTTGCTGGCAGGGCCGGATTACGTTGTGCATTTAACATTTTTTCTTCAATAATTTTTATAAAATCTAAATTTAAATTATTAAAATTAACTGTTATATTTCCCTTTGGATGGCGTGCTTTAAATTCAGTCATTAGCACAGATAAATTATCATATAATCCTCAGTTACGAATAGCATTCTTGTAATATGTATTTGCTAATTCAATCATTTTTGCTACTCGCGCATGAAACTCTGTTGAAATATTATTTGCTCGTTTTTTTAAAGTATCATCTGTATTTTGGTTATTATAACGTGGGATTGCACTAACATTTGGTGCATCAGAAAATAATATTTTTCGAATCCCATTATTTAATAAGGTAAATAATGCGATTTTAATGCGTTCAACACTTTGGTGCATCAGTTCTAACTCTGTTTGTGGGTCTGTTGTATCAATAATTTGAAACAAATCATTACCGCCAATTTCAAATAAAACTAAGTCTGTTGAACGTAATTTATGCTGACTAACTAATGCTTGGGCTTGTTTTTCAATTGTAACACGGTTTAATAACATCCCGGCTGTTCCCACCACATCAACAGCGGTTGCCCCCCCAATTGCATAATTACGGCCAAAATCACCAGCATAATCATTTGGAATTCCTGGGCGAATTTTGTCAAAACCAAGCTTAGCATTTAATAATACAGCAGCTGTGTTTCCATTTGACAAACTGCCATTTTGATAATTTTCTAAATTGTTTGGATCATTAGTGCCAATTTTAATATCTAATTTAAAACTATTTTTGACTAGTTTTTCAATCCCATGCGAATCACTTAAACTATCCCCTAAAATATAATAATTTGTAAATTGTAAATTACTTTTTGCATCATCAATTGCTTTTGATGTATCAATATCTTTCCCAATTAATAATAACGAATCAACAGGGTTAAGATGTGCTCCTTGGGCAATGGTAAAACTCGCAACCATAACAGTACTCCCAGTTGCTACATTTAAAACAGCAAGTAAAGTAAAAAATCTTTTCATAATTTTTTCTCCTTTGTTAATTCTTTTTTCTAATAATGATAATAATAAGCGGTCCAATGCTAATTAATAAAAATGGTCACATTAAAATAAAAACAGTTCCTGCTCTTGTGGTGTTTAATGCACTAACAAAATTTGGGTGATATAAATCATCCACAGTAATTGGAGCAATAATATCTTGTAGTGTTAAAGCCGGATTAACAAAAATACTTTCGCCAGCCATCGCTGTCATTCCATAAGCAAGGTTTTTTAATTGCATATTTAAAAATCAAACTTTATTATTAACAAGATATGTTCCAATTGATTTGTTTACAACTAATCCATTGATGTCAGGTCCAACACTATCAATCATTTGATTATAATCTTCTTGATTATTAATTGTTTGCTGAATTAATGCATGTTCTTTTAAACCTGAACTAAACATTTGGTTAATTCCACCACTTCTAAACATTCATTCCATTCCAGTATGAACATAACCATACGAATGAAATTTAGTCGCAACACTTTTATCAAATTCGATTAAATCAAGCCCAATATCATATAAATCAATATTTTCTCGCTTTGCAATTGTTGCCCCCCAACGATTATAAAATCATGTCGCAGCAAACTGTAAATATTTCTGTTTTATTGCTTCGTTTTCTTCTGGTTTTTCGTAAAAATTTAAGGCTGATAAAATATCAGCTTCATACGATGATTTTAAAACAGTATTAGCAAGTGTTTCATAAATTTTAATCTTACCATTTATTACAAACTTTCCATGCGGAAATGCTCGTTGAATTTGGGTTTTTAAACTATTAATAAATTTTAAAGATTCTAAGCCCATCCCAGGAACAGTTAAGCCAATTCCTAGAATTAAAAAAATACTAAGAACTCCGCTTAAAATTCCTAGTCAAATAAACTTCATTTTCTTTGAAAGGTTGTTTAACATTATATTTTTTCCTTCTAATTGATAAATTATTTCAAAACTATTAAATCATTTCCATTGAACCTAGTTAATTATATTATAACGAAATAATTGTCAAAAAAGGAAAAAACTTTAAAATTTCTATTTTGTTAATTTAATTTCTTTATTAAAATAATTCATAGCAACACCAACTAAAGCACATGATACAGCATCAAAACAAACGGAAGTTATTGTTGCTCATCATGAGGTATACTCATTAAAGAAAGTTGGAAACAATGTTACAAAACTAATAATTCCAAAAATTAAACCAATAATCCCAAAGATAAAACTTAAAAAATCACAATAAAATGAATAATGTTCACATTTTAAAACCTCAGGTTTATCATTTCGTGTTTCATTTTTTGTTCTATTTTTTGTTCTATTTTTTGTTCTATTATATAATTTTAATCCTAAGCTGTTAAGGCAAAAGATTGGTCATCACGAATATTCGCATAAACACTTCAAAATGGTTCTAAGGCTAAAACACTTAGGATTCCAAAAGTAACTCCTAAGAAGCCAAAACTAAAACTTAAAATATCTGCTCATATAATTGAATTTTTTAGCCGATATAACATCATAATCCTCACATATTTTATGTCTAATTTGTTAACACTAAGATTGATTTTACGCTTTTTTAAAAAAAGCAACATTATTAAACATATGGGTCAAATAAATTATGTGGTAAGATAATTGTTCACCCGAACTTGTTTTATTACTACCACCTTGCCCTGAATCTGATAAGGAAAGTGAAGATGTAATAACAGTTTTATCTCCAATCATTTTGCTAATTGATTCTGCATCTTCATCGTACATTATACAATTCATTAAAATTTAATGTTTTACAACCTAATTTATGTGCTGCAACATCAAACAAATAATGTGTTCTTGTTGATGGTTCGAAAAAAAGATTTGCCACAATTTTTGTTTGTTGATAGTTTACTTTTTTTCATTATTTTTAAATTGTAATGGTGTCGTCAATATTCCATGAACATCATATTCACTTCAATTTTCTAAATTAAATAAACTTTTATTTTTCATTAAAAATAACCTCACTTTCCTGATTTCTAATAAACATAAAAAAACTTACTTAATTAATAAGATAATTTCCAATTAATTAAGTAAGTTTTAACATTTGCATTTATTATCACCTTAATAACGTATAGTACCATAATTATTATATTTGTAAAGATAAAAACAAACAAATATTAGAATTTTAAGATTAAAATTCTGATTGTGTCATTGAATTAATGCCCCCACCACCAATAATTATTTCGCATGCATAAATAGGAATTACTTTCCGCTTTGGAAAACATTTTCGTAATACCATACCCACCACCAATAATTATTTCGCATGCATAAATAGGAATTACTTTCCGCTTTGGAAAACATTTTCGTAATACCATAATTGCTTTTTGATCATACACTGGGTCACCAAAAATTGGAGAAATTAACGCTTTATTGACAAAATGAAAATTAAGATAACTAGCGGGAGGGCGGAAACCTGGCATTCGGTGTTTAAAACATAAACTAGATTCATGATCAATTGCTTCTCGTTGTGTTAAAAATAATGGAATTGGTCGATAAATTTTAGTAATTTTTAGTTTTCGTCCTTTGGCATCAGTTGTTGATTCTAACAATGACAAAGCTTCTACACTTCGTTCATACTGTAGATCATCTTTATTGTCTGTTCATGCTAATAATACATGTCCTGGCTCAACAATTTGAAGTAAATTGTTAATATGACCACACGCTTCATCATTATATAGTCCGCGCGGAATTCAAATAATTTTTTTAACATTTAAATATTGCTTTAAATATTGTTTAATTTCAAGTTTTGTTAAAGTCGGATTTCGATTAGGGTTTAATAAACATTCTTCTGTTGTATATAATGTTCCTTCTCCATCAACATTAATACTCCCACTTTCTAACACCAATGGACAAACATAATAATCAACACCACTAGTATTGGCCATTGTAATAGCCACTTTATTGTCCACATTATAGTCTCA
NZ_CP096807.1_gap31	947483	950967	3484	AAATAATAAATTTATCAAAAGTAGTAGTAATTTGATCTTCTTGCCCGTAAATTCGATAAGTAATCATTTTTTTATCGCGTTCTTGATCACCAATAACGATTTGATATGGAATTTTAGCAACTTGTGCTTCTCGAATTTTATAACTTAAACGTTCATCACGATCATCAATTGTTGTACGTAATTTTAACTTTTTAAATTGTTGGTGTAATTCATTAACATATTCCAAATGATGCTCATTATTAACTGGAATTATGACAATTTGTTTTGGAGCTAATCAAAATGGTAAAACTCCTTTTGTTTGTTCTAATAAAATTGCTATAAAACGCTCATAAGTCCCAATTAAACCACGATGTAACATTACTGGCATTGCTTTTGCCCCTGTTTCATCAATATAACTTAAATTAAATTTTTTTGGTAATAAAAAATCAAATTGTAAGGTTGAAACAGTAATTTCATGGTTTAATGCTGTCTTAATTTGAATATCCAACTTTGGTCCATAAAATGCTGCTTCTCCAATCATTGGCACATATGGAATTTTTAAATCATCTAATGCTTCTTGCAACATTTGTTCAGCATGATTTCACATTTGATTATCATCATAATATTTTTCCTTATTTGCTGGATCACGTAATGACAATGAGTAATAATCAACAGTAATTTTTAAATCTGTTAAAACTTCATTAATTAATTTAAAACAACGTTTAAACTCTTCTTTCAACTGGTCATGACGTAAAAAGATGTGCGAATCAGTTAATTGCATCATTCGTACTCGTTCTAGACCTGTTAAACTTCCTGATGTCTCATATCGATGTAAAATAGCATGCTCAGCAATTCGTAATGGTAACTCACGATAACTACGTTGTTTATAATTATAAACAGCAATATGATGAGGGCAAGCCATTGGACGTAAAACACTAATTTCATTATTTTGTGCCATCGGGGCAAACATATTTTCTTGGTAATGATCCCAGTGACCAGAAATTTTATACATTTCACTAGTTCCAATAACTGGTGTATCAACCTCAGTAAAATCATATTCTCATTCTTTTTCTCGGATATATTCTTGGAGCACTTTTTTTAATGCCATCCCATTTGGTAACCAAATCGGTAAACCGGGTCCAACTAATTTATCAAAAGTAAAAATTTCTAAATCCTTCCCAATTTTACGATGATCACGCTCTCTTCGTTCTTCATATGCGAATAATACTTGTTCAAATAATTCACGTGAAAAATGTGAACTTCCAGTTAATCGTTGCAACATTTTATTTTTAGCATCATCTTGTCAATATGCTCCTGCTAAGCTTCAAAGTTTGAGGACTTTAATATGTTTCAAACTTGTAACTGGATAAGTATTTGGCAAATACAATTCATTCCCAAGTAAATATCCACCTTGTTCTGCCCCTGTTTCTGCACAAAAAGTTAATAAATAGGGATTGTTATTATATCATTTTTTTGCATCGGCTAGTGCCCCTAAAACAGGCTTAATAACAAGATTATTATTAATTAACTTTGTTACTTCCTGGTCTAAAGCACTAAGATCAGTTTCTTTTAAATGTGGTTCCACATCAAAGTCAACTAAAAAGGTATCATCTTGTGCGGCAATTTTAGCAATTTTAGCAGTTGGATATAAATTAGTAATTGCCTTTGCTGTTATTAATGCTGTTGTATAATGCAAAATTGCTAAAGCTAGCGGTGATTTATCAGTAATAATTTCTAACGTTCCATCAGTTGTTACTAAATAGTCTAAACCACGAACTTGACCAGCAAAAACTCCACCAAAGGCAGCTTTTCCTAAACTTGATGCAATACTACTTGCTATAGCATGAATTGTTTGTGGTGTATTAAATTCACGAACTTGACCATCCGGTAATGTAATTTTAATCATTTGTCATCTTCCTTTCCAAAAAGTAAAACTCACTCCCAATATTACTTAAAGCAATAATACTAGGAGCGAGTTCTTCGCGGTACCATCCTAATTAAATTAGGATTTAACCTAATTTATCTTTCACACTTAATAACGAAAAGTGCTTAAACGTAAACTAATTGCTGTTACTAGTAATCTAATCATTCTTTTATTAAGCTTCCATCACCCTTAACTTGCTGAGAAAAGAGGAATATTAGACCATGGGTAACTAGTTTAATTATTTAATTGTAATTTCTTTAATTTCTTCATTGCGAGCAAATAGAATTGTTGAACCAATTTTTGCCCCTCATTTTTTTGCCACTTCACAAATTGCTTTTTCATCTGTTTTAAATGCTTCATAATTATCAACTTTATTCATAAAAATTGAATGTCATGATCCAAAGGCAGTATATAATTCTGGTAATGGACTAACTCCTAAAATTACCACATTTGGGCGGAATTTTGAAATTGTTTTTAATAATTCCCCTGTATTTGAGACAACAACGGCATACTCATATTTTCCATCTTTACATTTATTTGCTAATTTTTTAGCAATATCAGCGCGTGGGCCTGTTGTTGAATTCATAGCGTCTTCTAATTGCTTTTCATAGTACAATTTTGAATAAAATTCATGCTCTGCTCGTTTGTTAATCATTGCCATTGTATGAACAGCAATAAACGGATAATCACCATTTGCTGATTCACCTGATAACATCGTTGCATCAGAACCTAATTCTGTTGCAAAATAAACATCAGTTACTTCTGCTCGCGTTGGTGATGGATTTTCTGTCATTGTTTCTAACATTTGTGTTGCAACAATAACAATTTTCCCTGCTTCACGACATTTACGAATAATAATTTTTTCTCAATATGGAACATCATAATAAGGAATTTCTAAACCTAAATCTCCTCGTGCAACCATAATTCCATCAGCGGCGGCAATAATTTCATCAATATTATTAATTCCAATTTGTGATTCAATTTTGGCAATAATTTGAACATGTTCAGCTTTACACTCTTTTAATAATTTGCGAATTTCTTTGATATTACCAGCTGTGTTAACAAATGATGCTGCAATATAGTCAATCCCTTGTTCAACTCCAAATTTAATATCATTAATATCTTTTTCAGCTAAAAATGGTAATGTAAAGTCAACCCCTGGTAAATTAATTCGTTTGTTTGTTTTAACAATATGATGGTTGAAAGCTTTTGTTTCAATAATGCCTGGTTTAATACCAGTAACATTTAACTGTAATTTTCCATCATCAACTAGCACCACATCACCAACTTTTAAATCTTGTGACATATCATATGAAACAGTGATTTCTGTTCCAGTTCCTTCACGGTTTTGATATTCTGTTGGTAATGAATAAATCGTAACTGTTGCTCCAGCAACAATTTCTTGTTTCCCACCTTTCATTATTCCAGCACGAATTTCTGGTCCTTTCGTATCTAATAACACTGAAATTGGTTTTCCAATTTTAGCACTAACTTCTCGTGCTCATACAATTCGTGCTCCTTGTTCAGCATGATCTCCATGTGAAAAGTTTAAGCGAATTGTTGTCATTCCTGTTTTAAACA
NZ_CP096807.1_gap32	1109328	1111640	2312	TGTTTTCAAATTTTTTGGTGCTTTATTTTTTAATTCTTCTCCATGAATTCCTTTTTTTAAATTATAAAACAAAGATAAAACAGCAACAGCATGTTTATTACAATATTCAAAATATAAATCACAAATAATTTTGCGAATACTATCACTATATTGATAATTAATATTATGTGGTAAAGTTGATTTTAAAAATAATTCATCAAAATCATTATTTTTATACGCAATTAAAATTTTATTCGCTCAATAATAAAAAGTTGAAAATTTATTTTTAAAATATTTTTTAATTAAATCTTTCAATAAACATTTACCACTATTAACATAATAATCATTACATAAATTAATATATGAAAATATTTTTTGTTTTATTCTTTTATAATATTTATTTTTATAATTTTTACTTAAAAAATTCTTTAATTTTGCTTGTAAATCAAACAAATTAAAATTATTAATAATATATTTCATTAATTTACACCTACCATCAAAAATATATAAAATTAATATTTAATACGAATAATTGATATAAGATAAAGTCAATTATATATAAAAAAATAAAAAGGAGCAATATATATCAAAAAATGACTTAGCATAATAGAAGCAATCGGATTAACCGCAACAAGCACAACAACATTAATCAGTTGTAAAAAATCTGAAAAAACAAATAATAATGAAAATGATAAAAACACACCAACAAAAAAATTACAACAACCACCAGAAGGTAGTAATTAAAAATTAATTGAAAATAATAATAGAGAAAATGAGTTTTCAGTACCAAATAATAAATGATATTTTTATATTCGGATTCTTGTTTAACACCAGGAATAGTATTGACAATTCAAATCACCGCATTTTTAATGTGAGTTTCTAAATCTCATCAACCTTTAGGAGTTATATATTGCACTTGAAATCATTGTTTATCGGGGAACAAACCACCATTATTAATTTCTTGTCAGTTATAAATCCCAAAATTAAAATCATAATATCGGTACATATCATTCTCTTTTTGTGCTTGCAATTCAAAAACATTATAACCGATTTTTTGTTCTTCAATTTTTTTATATTGTAAACCATATTTATTTTGTAAATCACCACCAAAAACATAACCCGAATTTGAGTTAATATTATAATTATTAGCAACCGAAAAATCATAATTAAAAACACTACCATAATTATTAATCGTATAAAACCGATTTTTAAATGCTGAATATAATTTAATATCTAATTGCTTATATTTATCAGAAAAATAAAAATATCGTGGGTAAATTTTAAAACCATTATTTACTAACAAACCATATTTTTTATTATAACCTTGAACATAAGTATTATTTTCTAAATCAAAAATCGTACGTAAATAATTAGTATAAAATTTCTGTGAAATCTTAAACATACTATTTAATAATTTATCAAATTGCAATTTATCGTTAATATTCTCACTCAACAAAATATTATTAAAATTTTGTAATTTCAACGCAAAAAAGTTAACTAAAACAGTATCATATTGTAAATTATCAATATATCCATTTTCAATAAACGAACTACGATTTTGAAACACTGGCATCAAAGCACTTGCAAAAAACGACTGTAAAAACTTAGATAAATCAAACTGACCGCTAAACTGTTGATAATACTTTAAATCTTTACTATTTAATGATGAATAAACTGAACCCTTAAAATTAAAAACTTCACCAGTTCCCGTTCGCATAAAATTAAAATTAAAACTTAAATCATCATTATTAATATTATTTAACTCTAAACTACCAGAAATAATTAAATTTGCTTCATCAACAGTTAAAATCATCCGATAAATTGCTTTTTTAATATTTTTAACATCCAATTCATCAACCGTCTCAAAATCAAAAATTATCCGCTTTGTACCAACCTTATTCGGATTTTCATAATCCCCACTACCACCTTGCTGAACCCTAGTATTTTCTAGCAAAACAGAATATAAAGATAAATCAATAAATTCTTTTACGCGAGTTTGTTAATAACCATTTCAATCAGTAATTTCACCGGTGTTTTTATCAATTTCTGGTAATTGTGGTTCACCATCACCATCTCAAGAATAAACAGGAAAATTAATTCCATATTTTAAATGTTGTCAGTATGTATTTTGATTTTTTATAAAATTACTATCAAAATAAACTTTTTTTACTAACTAATAAACATTATTTAATGTTTATCTATTTACACCTTAATAAGTTTTCTTATTTTAAATTTTGCAAGATTGCTTCAATATTATTAGCATTATCTAATGAACGGTCAAAAATAAATTCTAAGTCCGGGCAACGATAAATTTCTAGTTTATGTGCTAATTT
NZ_CP096807.1_gap33	1130698	1133605	2907	TAACTCTTGCCATTTGTTAATACTCCCTTCTTTTCTTTATCCTTGTAATAATTGTTTTAATCGACTTTGATCAGTTTGATCCATTAAACCAGCTTTACGTAAATGACGCTTTTGTTTTGTTTTTTTATTTTGGGCTAAATGTGAAGTATATGCATGCGCAATCTTTCATTTTCCTGTTCCTGTTACTTTGACTCTTTTTGCTAAAGATTTTTTTGTTTTCATTTTTGGCATAAATTTTTCTCCTTGTCCTTTCTTTTAAAAGTTAATTTAATTAATTATTTTTTTGGTACAACATACATATCTAAAAACAAGCCATTTAATTGTGGTTCTTTTTCAATCTTTGCCAAATCTTCAATATAACTAAAAAACTTATCTAATGTTTCTTTTCCATATTCAGGTCTAGCAACTTCTCGACCACGAAACTTTAAAGAAATTTTAACACGATTCCCATCAGTTAGAAATTCACGCACTTTTTTTGCTTTAAATTCTAAATCATGTTCACCAATTCCTGTTCGTAAACGCATCTCTTTATTTTCAGTTATATGTTGATTTTTCTTATTTTCTTTTTCTTTTTTCTTTTGTTCGTATTTATATTTTCCATAATCAACCAATTTTGCTACCGGTGGATTTGAAGCAGCTGATACCAACAATAAATCTAAACCTTTTTCTTCAGCAAAACGAATTGCTTCATTTCTCCCTAAAGGACCAACTTTGTTACCATCATCTAAAATAATTAAAACTTCACGTGCTCTAATATCATAATTTACTTGCTCGATATTTTTATTGTTTTTAGTGGGTTGATTCATCCAATACCTCCATTTTAATTAATTAAAAAAACGCTTAAAAGTAGCGCTTTCATTAACAAGAATTATCTTCTTAAATGATTAAAATAATCATTAAAAACTTTAATTTTATCTTGTAAAACCTATTAACCACACTAAAGGGCATAGGTGAGCATTAGCTACTTTAACATTTTTCAATATTAATTATATTATGTTTTTCAAATTTAGTCAATAATATTAATAAGAATTTGTCCTTATCTTGTGATAATTTCGTAATAGTTATCTAGCAAAAATTTCGCAATTATTTATATTATTAATTTGGTGATAACTATGGAAAGAAAATTAACAATGACAGAAAAACATAAATATAAAACTATTGGAAAAGTTATTAATAATGAAATAACAAAAAAACGTGCTGTTAAAATTTTAGATTTGTCTATTCGTAGAATTGAACAATTAATGAAAATTTATGACACACAAAATATGACTTCCTTTGCCCATCATTCACGTGGTAGAACAGCATATAACAAAACAAAACCAGAAATTTGTGAAAATATTCTTAATCTTTACAAAACTAAATATATTGATTTTAATTTTATACATTTTAAAGAAAAATTACTTGAAAATGAAAAAATAAAAATTTTTTATTCAGTTTTGTACAACTTAATGTCTCTAAATTAAATAAAATCTCCTAGAAAACAGAAATTAAGAAAAAAAGATAAATCACATCCTTTAAGAGAACGCCGCAAATGTTTTGGGGAATTATTACAAGCTGATGCTAGTGAACATTTATGACTAGGAATAAATCATCCTAAAATATTTTTACATGGTGTTATTGATGATGCAACAAATACAGTTGTTGGATTATATTTTGATTATCAAGAAACCTTAAGTGGTTATTATAATGTTTTATATCAAATTTTAAAAAACTATGGTATTCCTATGACATTTTATACAGATAAGAGAAAAATTTTTACTTATCAAAAAAATAATAGTAAAAACGAAGAAAAAGACACCTTTAATCAATTCAGCAGATGCTGTAATGAATTAGGTGTCGAAATCATAACTACTTCATTTCCTCAAGCAAAAGGTCGAATTGAACGGTTATGAGGTACTTTACAAGATCGTCTAAAAAATGAATTAAGTCTTGCAAAAGTAACTACTCTTGAAGAAGCAAATAAGTTCTTAAAAGAATTTCTGCCTAAATTCAATAAACACTTTGCTCTTCCCATTGATTATAACAATTCTGCTTTCGTTGATGCACCAGAAAGTGACAAAATTAATTTACTTTTATCAATAACTTTAACAAGAAGAACAGATAATGGATCATCAATTAGTTATGCAAATAAAAAGTACTTAGCTTATGATAATAAAAAACTAAAAGTTTTTAATTCAAAAACAAATGTTACAATAATTAATGCATTTGATAAAACATTGTATCTTAAGTATGAAAACAAAATTTATAATCTATTAGAATATATTCCAACAGTTAAAAATACAGAAAAAATATTACAAAAATCTAAAGCTCATAAACCCAAATCAAATCATCCATGAACTGAAAAATATAATATGAAGCAATTATCAATTAAATAAATTTACGAAATTTTAGCTAAATATTGACATAATATTAATAAGAATTTTAATGAAGATGGTAAGAAATAGTTGGAAGTTTTAACGATAAATTTTATTTGGAATAACAACAATTATTTCTCAAACAAAGAAACTTATTTACAAATTAGTTTTTACCCATAAAAATGGTGACATTAAATATCAATCAGGGAAAAATATTAAATTAATGTTATTAAACTTGAAAAATAGTACCTACTACTTTTGATAAAGTTTTTTGCGATAACTACTTCATTCTTGATATTTTATAAATAATGCTTTATCAATCAAATTTTTAATTTGCAAATCTTAATTTTGTCATTTCTCAACATCCCTATAACTTTTAAAACGTTTTGCTGCTAAAAAACCAATAAAAGCTGCTCATTGAGCTGATAATTCAGATGTTAATAATTTGACAACCGGAAAATTTACCATTTTACTAAATAGTTCTACTATTAAAAAGTTGCTAAAGAAACCACCAGCTAAACAAATTTTTGTTCATTTTTTTGTGCTAAATTAT
NZ_CP096807.1_gap34	1221042	1224222	3180	AAAACAAGGTAGCATAAAACAAAATTAGTAAGAAAAATTATTGCAATACGTTCCAATAACGGATTAAAGAAAAATGAAGTTGAATTTACGATCTTAAAATTTGATCATTCGTGTAATAAATTCATTTTTCTCTCCTCACAAATTTCAATATAATCCGATACTGCTTATTAATTATATTAAAGCAAAAAGATAGAAAAAACAAGATACTAACTCTTGTTTTTTTTAAAAAAAAGTTGCTGTTATTTAAACAAAAAGACTATTATTATAAAAATTTAAAATATCTTGATAAATCTCTTTTTTAATTGGTTCATTCAAAATCTCATGACGAGCATTTGGATATAATTTAACTTTAACTTTTTTCCTGCCTTTTTATATAAATCAACAGTTTTCATAACCATCTTCTCATATTTTCGTAAATCCTATAATAAAGTAAACTCTTAAAAAGAGTGTAATATTTTATTAGGAGATGTTCTTTTATTATGGGAAAATGATACACAAAAGAAGAAAAAATAAAAATTATTAAATATTATCATAAAAATGGGTATATGAATACAATAAAAAAATTTACTATTGCAAAGAAAACTTTACGCAGATGAATTAAAATCACAAATGAAAATAATTTAATTCCTGGAAAGGGTCCTCAGTCAAAAGGAATTCACAGACTAGGACGACCTAAAACTATTGATTTTAATAGTATGAGTAAAGAGGAACTAATTAAATATATAGAAATGATACAAGATATAAAAAAGTATTTAACCAAATCGAAGAAAATGAAATTTTGAGCGGTTTGGTCCTTGAAGAAAAAATACACGATTAAATATTTAACTCATATTTTAAATATTTCTAAATCAGGATATTTATAAGTGATTTAACAATGGTATGCAAAAATTTAATAAGTGAGATTCAAAATTAGCTAAATTAATTAAAATATCATTTTTGAAATTTAATAAAATTTATGGTTATAAAATGTTAACTTTAATAATTAATAAAATCTATAATTTATCTTTAAAAGCTCATATAGTATATAGATAGTAATCCATATGATAATGTCCATACTGAATCATGATTTGGTACAATGAAAAGTGAATTTTTAAATTAAATTTCAAGAAAAAAGAGAACTACAAAATGAATTATAAGTAATTTACCTAAGTATATTTATTTTTATAATAATTTTAGACCACAATCAAAATTAAAAGGTCTAAGTCCTGTTGAACACAGGAACCTAAACCTTTAGTCATTTTTTATTAGTCTACTTTTCTTGACTAATTCAATAAACACTTTTTTATTTGCCCTGGTTACCAGCACGATGAAGGTCACGGAATGGACCATCAATCGCAATTAACTCATCGTACTTACCATTTTGAATAATTCCTTGCCCTCTTCCTAAGACAAAAATTTGATCAACATTTTTAATTGTACTTAATCTGTGCGCAATTGAAATAGTTGTTTTACCAACCATAATTTTTTCTAATTCAGCTTGAATTTCTTTTTCCACAATATTATCTAAAGCACTTGTTGCTTCATCTAAAATTAAAACTTGTGGATTTTTTAAAATCATTCGGGCAATAACTAGCCGTTGTTTTTGACCACCTGATAGCATAAACCCTCGTTCTCCTAAAATAGTATTATAACCATCTTTTCAACCCATTACTAAATCATGTAAGTTCGCTTTTTTACAAGCTTCAACTACTTCTTCATCTGTTGCATTAAACATTCCATATTTTACATTATAAATAACATCCCCAAATAAAATTTTTGGTTCTTGCTCAACATAACCAACATGTGTTAAATAACTTGCTAAGTTTAATTTTTTTAAATTAGTGTTATTAACAACAACTTCCCCACTAGTTGGATCATAGAAACGTAATAATAATTTTGAAATTGTTGATTTACCACTTCCAGTTTCTCCAACAAAGGCATAACTTTTTCCTTTTTCAAAAGTCACTGTTGTTTTAGGAAAAATAATAACACCTGGTTTTTCAGGATATTCAAAAACAATATCTTTTAAAATAATATCTCCTTTAACTTCTTTTACCTCTGGAACATTACGGTTTGGTTCAATTGTTGTATCAACACGAATTAATTGAATAATTCGTTTTGTTGAAGCTGTTGCACGTGCTAATCCTGGAACTAATCCAGTTAATGTTCAAATTGGAAATGCCAAAGTATTAACACCTGTAATAAAGGCTGGTAAAATTTTCATAATACGATTAGTATGTTCTGCGCCTTTATTACCATATAAAATGATACTTGCTAAGACAACAATCACTGTTAAACTTAATGCACATAAAATAATAATTGTTGTCATTCATGCTTGAATACGATTTAAACGACGATTAACACGGTAATATTCTTTGTGAATTTGTTCAAAACGAACACGTTCATATTCTTCTGTTCCGGTTGCTTTAATTAGGGCGATTGATGCAATTCGATCGGTCACATCTCCATTAACATCTGTAATTTTTGCACGAACATTTTCTGTTTCTGATGCTTGTGAACGGAAAGTTACTGCAACAGCAACCATAAATAATGATGTTGAGCCTAAACAAATCAATGCTAATTTTCAATCAATATTTAATAATGAAACTGCACTACCAATAAATATAATTGGGATACTGATTAAGTTAGCTGGGGTTAGCTGTGATTCATCCCCAATAACTTGTGTATCATTAATTAATTTAGTCATTGTTTCTCCAATTTTTTTATCAGAATAATAACCTATGTTTAAATTAACTAAGTTATTTAATACCGCATTACGGACATCGATTTCAATATTCCGCCCTAGCATGCCACCTACTCGTTCACGAATATTTGTTGTAATTACGGCAATTAATAAGTCCACACCAATGATAATTAATCATATATATCATCGTAATCCTGTTGTTACTGAAGTTGGATCATCACCAAATTCATATAAAATTTCACTCATTAATTGGTTAATTAAAAAAGTCATTATGACAATTGAAGTCGAACTTAATACTAACGCTCATAAAATTGTAAACGAACGTAATAAATAACGACGATAATAAATTGCAACTAACTTAAAAAAACCAATTCGAGGTGTCTTGATTCTTTTCATCATTTCTAATGGCGTTTCTTGCTTACGAGCTTGATTTTTTTCATGTAATTCATTGTAATCTAAATTCTTTTCAATTTTATTAATATCAATTAATTCTTTAA
NZ_CP096807.1_gap35	1225627	1230232	4605	TTAATAATAACGTAGGATTTTTTTCAGCCGTCATAAGTAACCTTATGCCTAATTTTATGAATTAAATTAGCACAAACACTACAATCATCACAGATTGTGCGAGCGTGGAGTTTCCTCTATTAACAAGAAGTTAATAGCAACTAGTTCTGTTATAACTCATATCTATTATACTATATCTTAGAGATTAATTAAATAAATCTAATCGTTATTTATTTTTCCTTCTAAGTTATGAATCCGTTTTATTAAATCCGCTTTTGAAAATCCTTCTTCTTCTAAACGAGCTTTTTGGGCTTTTGTTTCATCAAGTTGAGCTCTTAAAACATCATTTTTATCTTGCAAATCATTTAATTGTTGACGCAAATACTTAATTTCTTTATTAAAGTCATTCGTAATTCCTTCAAAAACGCGATAATCTGTCGCAACCATATCTAAGAATGTATCAACTTCATTTGGATCATAACCTTGATAATCAACTTGGAATTCCTTATTAATAATATCCGTTGCTCGTAATTTAATTGTTTTCATTTTTTACACCTCTTTTTACAAGGAACAAAGTTCATTTTTTGATAATTAATTATTAAAGGAGGAAACAAAATGTATCTACCCAATAATCGTGGCATGTTTCTAGAATCTTTACTTAATTATACTATTCAAAAATATTTTGATAATAATACTAGTCTTTTTTTAAACGGCCAGTAAATATTATTCCACTTGAAAAATACCAGCATTTAATCACAAAAAGTTATTTTAAAGCAAAAACTGGGTGTGATTATTATGGACTTTATCAAGGTCATTATATTGAATTTGAAGCAAATGAAACCAATAAACAAAAATTTAATTTAAACAATATTAAGACACATCAATTACAACAATTAGCATTAGTTCATAATCATCATGGCATTAGTTTTATTATTATTATTATTTACTTTTATTCCTATAATCGTTATTTTATTTTATCATATCAAAAATTAACAGAATGAATAAAATTAATGCCAACAAAACAAATACCACTTTCATATTTTATTGAAAATGGCCATGAGCTTTTTTTAGTTTTTCCTAATTTCCTTGATTTTGAACCAATTCTTAATCAATTAATCAATTATATTTAGTTAATGATTTTGGTTTATTTTTAAGATAATTATCAATAAACTTCAGCAATTCTTTAAAAGTTAGTTTTGCATTTTGATGATTATTAATAATTAAGGTTAATTGAAAATCAGAAATTTTATTTTCTAAATAAGTATTTAAAGTTGCTTTTTCGTCTTCATTTAAAGGTTGATGTAAAATTTGATTCACTTGTTCAAATAAAATCTTTTTTTCAACATTTAATTCTAAGTTTTCAATTGCAATAATAATCTTATTAAAAATTGGTGATAAATCCATTTCTAAAACATCTTTTTTCATTTTAATATCAATAAAGCCAGCTTGCTTCAAATGATCTAACATCTTTTTTGCTTGGGCTTCACTAAAGTTAGAATGATTTGCAATTTCTAATGGCGTGATAAACCTTTTATCAGAAGAAGAACAGTTCATAATCAACATAATTAATACTAACTGTTCTTCTGACAAATTTATTAATTTATAATGACTTAACAAAAAAGGCCACTTATTAATACTTCCTTTGTTAAATAAACTATTTAACATAACAATTAAATCTTTCGTAATTGTTAATTATTGTTTAAATCAGTTTTTAATTGTTTACCTGCTTTAAATTTAGCTGATTTAGAAGCTGGAATTTTAATTGTTTCTCCTGTTGACGGATTTCTTCCATCTCTTGCTGCTCTTTCGGTTACAGCAAATTTCCCAAATCCTGCAATTGAGACTTCTTTTCCAGCAACTAAAGCTTTTTTAATATGATCAAAAACAAAATTTGTAATTTCTTCTGCATGTGTTTTTGATAACACATCAGTAAATTTTTCGGCAATTTGCGCTGCTAGTTCTTTTTTTGACATAATTACACCTCTTCTAATAAACCTTGTATAAATTTAGGTTTATATTATCTTACCTAATTTTTATAAAAATGTATACCTTTTTTAAACAAAAACATTACTTTCATAAAGTTTTCTGCTTTGATAAATCACTTTTAAAATAATCAATGCTACAATATTATAGTAGTAATGCAGGATATTAAATTACTACAAAAACTAAAAAACAAGAAGAAATAATTATCAATGATTTTAAAAATAAAATTAGCTTGAAAGCAAATTTATAAACTATTTTTTGGAATTGTTGGCCTTGTTATTTTAGGATGAGCATTTATTAATGGGATTTTAAATCAAAATGATATTATAAACCATTATAATGGCGATTACACCGTATACACATTAGATTTTTTTAAAACTTTTACATGCTTATCAAATCTAGGAATCTTATTCTGATTCTTAATTAGTGGAATTCGCCATCATCAAGAAAATAAAAATAAAATTCAATCATACCCAGTTGCATTAGCAGCAGCTTGTTATATTACAATTACTTTTATTATTTACAATTGTTTATTATTGCCAACACAACCTTTACCAGGCAGTCCAATAGGATGGATTACAACAGTTATTGACCATATAACAAATCCGATTGCATTTGTTATTTACATCTTATTTTTTATGGAAAATAAACAAGAAATTAACTTAAAACAATTTTTTAGAAAAAACTTTTGAAAATATTTACTTGTCCTATTAGGATATTGCGCATATGCAATGATTAGAGGAGAATTACGTCGTCTTTCTGGTAATCATTTTACTTGACCAGGGAATGAACCAGGAATTATTGAAAATCGATGATATCCTTATTTCTTTTTAAATATCCATACTCCTTTTTTAGGGATTCCAGGATATGTTTGATTCTTCATTGCTTTTTTTGCCATTTTAGGAATCCTAATTGGTAGTATGTATTTATATAATTATTGTAATAAATTAAAACAAAATTTTACCAAACATTTCAAGAAATAACTATTAATAAAAACTATCATAATAAAAATTATTATGATGATGAACTATAAACATAGTTTATAGTTTTTTCTTTGTATTTTATTTTGTAACATTTTTTAAATCGTTAATTGTTTTTTATTTATAATTGATTTTCAGAAACTATAATCTTAAAATAAAATGTTGCTTGAGTTTTAACTCAGCAAAAAAGATCTGGATTTGTTAAAATAACTTTAGCTGTAAATTTTGCTTTAATAGTATTATTAGAATATGTTAAATTTAAAATTAACTTTAAATTTGCTACTTCAGATTCAGCTATAATGTAACCATACTCATAATAAGTTTCTGCTATTTTAGTTTCAAATTGAGTATTATTTATTAATAAAATATTGGTTTTGCCTTTTATTAAAGGTGAATTAATATGATAATATTTAGAACTATTGTGTCCTTCAACTCAGCTTTGACGACGGTTTTTAAACTCTATAATACTAAAATATAATACTAAAATATTTATAATTTGTTTCTATTGGTAATGTTTTTGTTCAAGTAAGTGTATTTTCATCAGAATTTCATCAATAAAAAGCTGTTACTTTAGTAATTGGTGTTTTTAATTCAAATTCTTCTGTAATATTATTTAATTTTGCAGCAATTGTTAATGGTGCACTAGCAACGATAAAATTAATAATTCCTAAAAATCCTAAAATTTTTTTCATCTTTGGCCTTTTTCCTTTCCTTAAGATTAATTAATATATGGATTTTTCATAGTTAATTCTTGGTTATAATATATCATATTTTAAAGTATAGTATAAATTAATAAATGGTTATCTTTCTGTTTAGAACTTACCTAAAACAGACAAAAAAATCATTTGTCAAATTTTTACGAGATAATATTTTTGGTGTTCACAGCATTATTATTTAAACTACTTGTGAAATAACTTTTTATGAAAAGCAAAAATCTGCTGTGTTTTTGTTTACCATATGTTACCATAATACAAACCTTAAATTATTCAAAATGCATTTTGTAATCGAAGTGCAACAAATCAACTTTGAAAGGAGTTGATTTTTTATTGAAAAGAAACATTATTTTATTTTGCGGTCCTTAGTAGTTAAGTATGGAAAAGATATTGTTATTAATACTGTAAATAAGATAGTAATTAATAATGTAAAAGAAAATGAATAAATTATCCGCGTAATTTATTAGCGGTAATTTATTCAATATAGTTTATTTTGAGCGTAGCAAACACGCGAAGCGTGCCGCAATATTTTTAGAGAAGAGATGTAATATGCTAACTTGATTAACGACAATATTTAGTGTTGTTATTGTATTAGCAATTTTTCTTTATTTTGGTTTATTAATTTACCAAAAAATTCGTCAAATTCGAGGAAAGAAAAAAGATAAAAAAGAAATTGAAAGAAAGGAGAGTAATAAATAATGTTAGGTATGTATTTAACAACAGCGTTTAATTTTTTGACAGCACCTACACCTAAAACTATGACTGAGGGTATGACTGGTATTTGAACGGGTTTGACTAGTGCATTATGAAAAGTTAAAGAAGGTATAACAAATATTTTACCTGAGATAATGGTTTTCTTAGGTGAAGCGTGAATTATATTAATTCCATTTGCTATATTTTGTATTATTAAAATCTTAAACTTTTTCCGTGTTATGGTTAAAGGATTTTAG
NZ_CP096807.1_gap36	1239186	1240850	1664	TAATGAAGATAAACCAAAAATAAGACCATAAATTAAACCCACTCAAATTAAATTTAAATTAATTGTAATATATAAAGCATACATTCCAATTAATGAAAAAATATGCATTAAGGTTAAACTAACTGGGCCAACAGTAATATATCCTAATGATGGAACTAACGCAAACAATAAAAAAATTGCAATAATAATACTATTAATTGTAATCATTCTTGTCGTTACTTTTTTCATTTATTCCTCCAATGATAACTAAAATCATTTAATTGTGTATTACTTCTTTATATCTCATTTTCATGTTGCTAATTTTTCCTGATCAGCAATCGCAATATATGGCAAATTGCGTAAACGTTCTTGATAATCTAAACCAAAGCCAATTAAAAAAGCAGGTGGAACATCAAACCCATATCAATCAGCAACTAAATTGATTTTACGACCAGCTTTTTTATCTAATAAAGTAACAACTTTCACACTACGTGCTCCTTTCAGATATAAATAGTCTTTAATCATTTTAATTGTTTTACCACTATCAATAATATCTTCGACTAATAAAATATCTCGATTTGTTATTGGCATTGGTAAATCAAGTAAAATTTGGGGAGTATCTTTACTCTTAACACCACCAAAATAAGATGAAACAACGATATATTCAGTTTCACATTCAACACCAACTAAATGAGCAATAAATTTTGCCATAAAAGGAATACACCCTTTTAATAATCCTAAGCATAAAATTGTATTATCTTTTGCTGGATATTCATTAAGATAATAATGACTAATTTGTTGTCCTAATTCAAAACATTTTTCATCAATTTCTTCGGTAGTAATTAAAATTTCTTTTACAAGGGGATGTATCTTCATTTTTCTGCCTCACTAAATATTAATAATTTATTTTAATAATATAATTATAGTATATTGTAATATAATTAATGTTTAATTAAAAGATACTTAATTTTAAAAAATAATGCGAAAATCTAAAATTAAATATAACTTATTTTATTAACTTTGGTAAATATAATGTTAAAAATTCATGTCATAATTCCCATGCTTTTATTTTCAGAGCATCACTTGCTAAAAACCAATATACAAACCCTTCTGCAACAAAATCACCAAGATTATTAAAAGAGTCGCTACTTAAATGAAATAAATTTAAAATTTGTTCTGGGGTTAAGTCTTGTCCATTTTCAATTTTAATTGTTAAAAAAACTTTAATTTCTTTAATAACATTAACTTGACGACTAAAATTAATATCAACGGTATACCCTAATTCATGAAAAATAACATTAAAAATTTCACCAGAACTTCATCAACCATTTCGTCAAGAGTTAACGTTTACTTTATGACTACAAAGCAAAATGTTTTGTTCAAGAGCAATAGCTTGTTTAAACCCTTCTCGATATGTAAAACCAACAACTGGACCACCATTATTATTAATTCTTAATATTCTAACAAATTCTTTAACAATATCTTTTGATCAAATATTACTAATAAAATTATAAAATTTTACTAATAGTGTTTTTAATTCTGCTTGATAATCTGGGCAAAAAGTACTAATAACTTGTTTTCATCCTTGTCTTGTTTCAGCATATCAAAAATTTATTGAAATTACGGAAAAGTAGATGATGAAAAAAATGGAGAAAACAATGGACAACAATAAAATTATTAATAAT
NZ_CP096807.1_gap37	1241866	1242627	761	AATTAGATATTGCGTATGAAAATAATTCAACAGCTGCTAAATTTGTCACAGAGGGTGAAGAAATAAAAGGAAAAACAGGATTAGAAAGTATTAAATTTGATGGTCACATTATTGCCACTTTGCTTGAATTTTCAGAAACTACAAAATTTATGACAATTGAAGATTTTGAAGCATTTGTAATTAGAGTGATTACAAACAAAATTAAAGAGGGAATCGAGCAATCAATTGCTACCGGAACTGGAACAGGTCAACCAACTGGAATATTATTAGACAAAAAAATTAAAAGTGTAAAAATTAAAGAATTAAACTACGATACTATTATTGAAATGATTAAATCATTAAAATTAGGATATTCAAATGGTGCTAAATTTGTAATGAATAACGAAACATTCTGAACTATTCAAAATATTAAAGATAAAAATGATCGCCCTATTTGAAACCACAATATAAGTTCAGATGGAGTCACTAATAAAATCTTAGGTTATGATTTTATTTTAACAGACACATATCCTACATTTTCTACAACAAATAAAACTAATTGCATTTCTTTTGGAAAATTAAATACTTATTATGTAAATTTCCAAGAACCTTAATTAATGTATAAATATTCTAATTATACACAAACAACTATATATCAATTGGAAAAAGAACTCACAGAATTAAAAAAAGAAATTAAAAGATATTAAAAAACTAGAAAAAAATAAAAATGAAAGATAATTTAATTTTATTAAATGATTATGCTTTTCTAATTGATAAAGAAG
NZ_CP096807.1_gap38	1250721	1253669	2948	TATACTATGATTTTTTATTAAGAAACCAAACAATTCCCTACTATGCTAATAAAGAATTAAGCAATAAAAACGCTATAAACTTATTAGGTAATAGCGATAATTATAACGAAGAAATATTAAAACTATGTGATAACAATTCAACTGGTTTTTTATTTTACGGATTTGGCCAACAAGAAAACTTAGAAGCAGAATTCAAATATGAAGACAACGGAATTCAAGCAAAAATAAAAACAAAAAAAGGAAACAAAGAAATACCATTTTTTTATTTAATCATTTGCGGAAAAATGATTAAAGTAGAAAACAACACCACAAATGATATCAACGACTTAATTCCCTATACAAAAAACCAAGCAGAAACAACAACAATATTTTTAACAATTAAAATAGATATGTCAAAAGCACCATTAGTATATCCAATCCCTGATATAGACAACCCAGATGAAAACTACAAATATATTAATAAAAAATTTATTGAAAGTTTAGGAGAAAACAAAAGCGAAAAAATTGAAAAATTAACAGATTTATTAGAACAATGCCACATTAACACTAAAATTGACGAAGTTGAACCAAGCGGAATTGACAATAAATTCTATTTTGAAAAAACCAAAGAAGAAGAAAACAAACCATGAAAAAATATTAAAAGTGCTATGACTTGAAACGATAATTCAAAAACAATAGTAACAGCCATAATCGATAACATTAATCAAGTAAATGATTTTAAATACCGAGCAATTTATCAAAATAAATGTGATAGCGAATATTTTGTATGAACAGACAAAGGAAGATTAATCCAAGATAACTTAAACACAAGACATAAAGACGGAATTTATGAATTCCCTATTCTTAGTTTTAATTTACCCCTAAAAGGCGAAAAAATAAAATCCTTTAATTGAGAATATACCACACGAGTTCCCATTCGTTATCAATCAATCAAAGACCCCAACAATTTTATTAATTTTTGCGAATATGCCCGAGAAAAAAGAAGAATTCAATAAAAAATGAACCAAAGAAATGGAAAAAACTATTTTAGAAATTATTGTTTTGGTTATATCACTTTTTACTGGTGGAACAACCGGCATAACAGCAACTATTTTGAGTAAAAAACAACAAAAAATTAGAGATGAAAATAAAGAATTAAAAGAAAAAATAAACGATATTAAAATTGAAATTAATAATATTAATACGAAGTTAGATGTTATTACAATTATAAATAATAAATTGGCTAATAACAACAAAATAAATATCAGACAAAAAAACAAGGATGGTAATAAAAATGAAAAAGAAAAAGACTAAGTTATTTTTTCTACGATTAGCATATTGAATAGTTCACGGTTTAACATTGGGATTGCCAATTTTATTCACTGAAATTAATAAACTAATGCTAAAATTAAAAGAAAAAATTAATAATGAATGTATTTTGTTAGATGAAAATAAAGAAGACAATATCAACAAAATAATTAAAAAAGATGATGAAAAAGAAAATTAAATAAATTAAAAAAAGCAATTTTTACTAAATTGCTTTTTTTATTCACCATTAACTTTTACATTACCATCATTATTAACAACTAAAACAGGTAAATTTTCTTCTCCGCCATTTCAACGATAAACTGCTTTAAAATATTTATTATTAATATTTGATATTCATTTCTTTAAAATATTATATCCAACTTGTAAGTGTCTGCCATAATCCATATTATAAAGTATACTAAGTTCACCATTTTTTATTTTTTTAATAACTTTAAACTTATTATCTTTAAAATCATTTTTAAATTTAGCAATTTCTCAAACATCATTTTCATTGCCACGACAAACAACATAATATCATTTATTATCAACTTGATTAAAAGGTTTTTCTTGTGAGCAAATTCATTCTAAGTTTTCTTTTATTTCTTGGCAATTTGTTCATATTTGGTTTTCTTTTTTTAGTTGTTGTAATTCATTTTCGTTATATTGTGGTATATTATTACAAGCAACTAGATTTGTTGTGCTTGTTCCTAGTAATGTAATTGCTCCTAAAAAACTTAATCATTTTTTCATTTTTATTATCCTTCCTTCTTTCTTAAACTTTTGGAATTGCTGCTGGTAAAACAACATCAAATTCTTTTTCGCCATGTGCTCTATTTTTTCCACTAATTATTATTGTAATTTTTTTGGATATTGTTAAATCAATTTCTCGCGGCTGAAGGTGATTAAAATAATCTTTAAAAGCAATTATAAAATCATTTTCTGTTAATGACTCATCAATTGTTTTAATTGATTCTAAAACTTTAGATTTTAAGGACAAAAATAATTCATATTCTTTTACTGCGTTTGGTTTATTAGCATTAATTATAATGGGAGGATTAATAGAATTAATAAATAAAATATTTTTATCAATCTTTCATTTTAGTTTTTGATTTTCATCTTTTAGTTTTTGATTTTCATCTTTTAGTTTTTGATTTTCATCTTTTAAGTTTGGTTCTGTATTATTAACTACTGGTTTTCCACAAGATATTAAATTTGTTGTTCCAGTTGTTATTAAACCTACTAAACTTAAAATACTTAATAATCTTTTCATAAAAATCATTTCCTTTCTTAATATTTTTTATATAAAAATTATATAATGAATGATGCAAATTTAATGATTATTTATTAAAAATAATATTTATTTTGATAATATATTAGTAGTATAAAGCAATTTTAATTTTAAGAAAGGAAGTTAATTATATATATGGCACCACAAGCAATTTTTGAACCCGAATCAGAACATTTTATGGATGAATTTAATTATACAAAAGATGATGATAATGAAGAAGACGAAAAAAGTGGTTTTTTTAAAGATATTAATTGAAACCACAACCATATTAGAACTTTTTGAAGAAATCAAAAAAATTAAACAAGATATTTGAATACAAATTCTTACTGTTTATCTTGATAAAAATGATAATGTTTCAGGTATTGAATTTAAA
NZ_CP096807.1_gap39	1312105	1316047	3942	AGTAACTGTTTCATTGTTAACTAATGCTGCTGCTAATGTTGCAAAGACTTCAGTTTTATCTGTCGCAGAAGTTTTTAAAAAGGTTGTTGTTTCATTAAAATAATCAATTATTTTCATAATGATTTATCCTTTTATCCTTTCTATGAACTTGTAATAATTTCAACTTCCGAACGAGAAGCGAATTTTACTAGTGATTTAATGTTAAATTTTGATAAATCAGCAAGAATATAACTTTTTGTTGCTCGCTTAATAACTTCCGCTTTAATCATTGCTTCGTCTGGGTCGGTCGTATATAAATCCTGACCATTAATTTCATTAACTCCTAAAAAAGCACAATCAATTTGATATTTTTGTAAAGTTGTAACTGCTTCTCAACCAATTAATGCTCCTGTTTGATGCTTATATTTTCCTCCCAAAACATAAACATTATTAAAACCTGCTAAAGCTAATAGCTCTACGTGGAAGATTGAATTAGTAATAATTACTAAATCATCTGCTGGTTGTAATAATTTAATTAGTGCTAAGGTTGACGAACCAGCATCCAAATAAAGACACATTTTTGGTTTAATTTTCTTAACGGCTTGACGAGCAATTAAATATTTCTCTTCAGCATGCTGTTGGATTTTCTCATTTAGTTGCTCTTCTATTCGAACTTCATAACTCTTTTGTAATTTAACACCACCATGCACTCGTTTTAATAAACCTTGTTGCTCCATTTCCGTTAAATCACGGCGTAATGTTGTTGGTGATAATTGCAATTGCGTAATTAAGTCGTTAACTAATACCAATTGTTGATCATCTAAACAAGCTAAAATTTTTTCTCATCGTAGTTCTTTTAACATTTCCTCACCAACTGTAATTATATCTTATTTTTAACCAAAAAAACCAAAAATAACATAAAATAAACAAAAAAAACCATTACTTTGTAACGGCTTTCTCAGTATATACTTCAATAACATCTTGCTCTTTTAAATCATTATAGTTTTTAATTGTTAGGCCACATTCAGCTCCTGTTTTAGCTTCTTTAATATCATCTTTAATATGTTTCAATGATGCTAATTCACCACTATAGACAATAACCCCATCGCGTAAAACGCGAACTCGTGATTTTCGTGGAATAATACCATCAGTAACATAACAACCAGCAATCGTTCCAATATCAGAATGGCGGAAAATTTGACGTACTTCCGCTTGCCCTAACACTTCTTCAACCATTTCTGGATCTAACATTCCTTCTGCTGCTGCAACTATTTCTTCCGTTAATTTATAAATAATGGTATGCAAACGAATTGCAACTCCTTCATCTTCGGCTTTTTTTCGAACATGCGCAGTTGGACGAACATTAAAACCAACAATAAATGCTTGACTAGCTAATCCTAATGTTACATCACTTTCGGAAATTCCCCCAACAGTTGCTCGTAAAACATTAATTTTTAAGCCTGCAATATTAATTTTTAATAAACTTGCTTTTACTGCTTCAACTGTTCCTTGAGTATCAGCTTTTAAAATAATATTAATTTGCTTTAACTGTCCATCTTTAATTTGCGCTGATAGACTTTCTAATGAAAAATTTTGATTTTTATAACGTTTATTCATTGTATCAATTGTTTTTCTTTTTAAGGCAATTTCACGTGCTAATTTTTCATCCCGGAAAACCATAAAACGATCACCAGCATTTGGTACTTCATTTAAACCATGAATCATAACTGGAGTTGATGGTCCTGCTGATTTAATTTTTTTACCACTTTCATCAGACAAATCACGAACATAACCAAAAGTATAACCAACAACTAAGGCATCTTTAATATTCAATGTTCCTGATTGCACCAATAATGTTGCAACTGGTCCTAAACCACGATTTAAGTGTGATTCAAGCACTGTACCTAACGCAAAACGATTTGGATTTGCTTTTAATTCCATCAAATCAGCCATTAATAAGATTGTATCTAATAATTCATCAATTCCTTGCTTTTGTTTAGCACTTCCTTTAACATAAGGGGTTGTGCCTCCTCATTCTTCTGGAGTTAATTCTTCTTGTGATAATTGCATTAAAATATTATCTAAATTTATCCCAACTTTATCCATTTTATTAACAAAAACAATAATTGGTACTCCAGCTGCTTTGGCATGATCAATTGCTTCTTTAGTTTGCAACATTACCCCATCGTCAGCTGCAACAACTAGGACAACAATATCTGTTACCGCACTCCCTCGTGCTCGCATTTGTGTAAAAGCTTCATGTCCAGGAGTATCAACAAATGTAATCTTTTCATTATTTTTAGTTTTAATTTGATAAGCTCCAATATGTTGTGTAATTCCCCCATGTTCTGTACTTACAACATTAGTATTTCGAATGGTATCTAATAATGTTGTTTTGCCATGATCAACATGGCCCATAATTGTAACAATTGGCGGGCGCTTTTCCAACGAAGCAGGGTCATCATTAACTTCAAAACTTTCAATTAAGTTTTCATGCGTTACTGATTTTTCTCGTTTAAAATCTAACCCAAATTCTAAACATAACTCTCCCAATTGATCTTCAGTTAAAAAAGTATTTTGATTTAACATTATTCCCTTACTAAAAAAATATTTAATAATTTCACTAACGGGTTTATTAATTTTTTGTGCAAATTCAGCAATGGTTAATGTCTCATCATAAATAAAAACTCCCTCCGTAACATGTGCTTCAATCGTTTTTAATTGCGATTGAATTCGATTTCGTTGTTTTTTAGCTAATGTTTTTTTATTTTGTTTGTTATTTTGACTACTCATCTGTCCCTCCTCCTTTTTGAATTTTAAGAATTATTTAATAATGTCAGCAACCGTTGGGCAAGATGTTGGTCACTAATACCAATCATTTTAACATTATTTGTTCCTAAAGCTTGTTGGGTTAAATTGAAATCAAGGCAACTAAAATAAGGGATATTATAATAAAAACATTTTTGTTGATATTTTTTTGCTTGCGCAGGACCAACATCATTACTAGTTAATACTAAATAAACTGTTTTTTGCTGAATGGCAGTTAATAAACAAGCCCCTGTGATTAGTTTACCCCCTCGTTTGGCTAGGCCAAGATAACTATATCCTTTTTGACCTAGCATGATTAATCTCAACCTTCGCTAATTTCACAATATAACATTTCGTAAAATTGATCGGTTAATTTTGTTTTTAAAGCACGTTCTAAAGCGTGATTTTTTTTTGCTTTTTCATAAATCTCTAATGTTGGTCGTAAATAAGCACCACGACCATTGGCCTTTCCGGTTGAATCAATAATAATTTCCCCGTTTGGTGTCTTAACAATTCGTACCAGTTCTTTTTTTGGTAACATTTGTTGTGAAACAACACATTTTCGTAAGGGAACTTTTTTATGATTTGTCATCGTTATCCCTCCTAATTAATTATTTATCTTGATCATAATAATCATCATAGTCATCATAATTAATTTCATAGTCATCATCATCTTGATTTTCAAATTGTTCATTCTCAAAATAAGAAATATTATCTTCAATTTCTTGAATTTCATTTTCTAACCCGCTAGGTGTTGTTTCTGTTAAATCATCAACATGATAATTTTCTTCATCCAAAATCATTGTTTCTTCAGCCATTTGTTCTTCAATAATTTCAAATTCTTCAACTGGTAAATCTACTGCTCCATCAACAGTATTTGTTTCAACAGTTGTTTTTGGTTTAATTTTATCTTTTAATTTAACTTGTAATGTGCTAAGTTCATCAGTTGTTAAATTTCCATTTCATAAAATTTCAACTTGTTTTGTTAACGCTTCACTATAACTCATAATGTTTAATTTTCATTTTGTTAACTTTGCAACTAATTTTGCGGCACTTCCGCCTTTTCCAATTGCTAATGATAATTGTTCATCAGGAACAATAACATCAGCTTCTTTTCCTTCATCATTAGTTGTAATTGAAATTACTTTTACTGGT
NZ_CP096807.1_gap40	1380200	1383079	2879	TAATGTTAATTGAATACTTTTAATTCCATTATCACCAGTTAATAATTGTTCGTAACTTAGTCATTGAAATAAGACAGAAAAATATTCCTGAAATCATAACAGCAATTAAAGCCCCTTGGTATCCCAAACCATTATTAGCAACATTAAAAGTAAAAATAGCATTTAGTCCCATCCCAGGTTCTAATCCAACTGGCATATTCGCTGATAAACCCATAATTAAAGTGGCAATAAAAGCACCAATTGCTGTTGCAATAAAAATCCCTCCAAAAGCCATATTTTGATTTGAATTAGTTAGATGATTAATATCTGGTGCAGAAGATAGCATATTAGGTCGCACTGACAAAATATATAACATTGCTAAAAATGTTGTTAGACCACCAATAATTTCTTTTTTAAATGTTGTTTTTAGATGACCAAATCTAAAAAAGTTTCAATTTTTTTAAACATATAATTTATTTCTCCGTTTAGCTCTATTGTAAAAATAAAAAACATTAACCTTGTTTAATTAACATAAGTTAATGCAAAAATAAAGCATTAACCTATAGAGTCTTTTTATAAATGGTAAGACGTAGAAACACTAGACCATATTACTAGTAAAAACAGATGACATTTTCAGAAAAAGCGAAAAAAGCTTTAAAACTAGTATAAGTTTTAAAAGACTTTATAAATTCTGTTGGTAAATAGTCTGTGGCTAATGCTATTAAATCTTGACGATAATTTTCTACTAAATTTGCTCAACAAAATCATCCCAAAATCAAATAAATAATACCCATAATAGATATAATTTGAACTGTAATGTCCATTGCATTAATAGCAGCATTTTCTTTTAAAAACTGTATTAAAATAACTAAAATTGTCGCTATAATAAATAAAAATATTGTAAACATCAAAAATCATGACAAAAATTTTAATCAAAAAAAGCATTTTGATTGTTTTGTTTTTTGATTATAAACATAATAAAAATGAAAAATCATATCATAAATTTTAACAATACTTTGATCTTTATCATCAGCACGGCGAATAATGACAGCATTACTTATTTTTGAAAAATTTTGTGCTTTAACAATATGCCTTTGTTCTCCAATATTAACATCTTGTAAATCATTGTCATCTAACATTTTTCGCAATAACATACGCGGTTTTAATGTTGTTTTTTTCTTTTTAAAAATTAATAAAATAAGTCTAAATACTAATCATCCTACAAGAAGCAATGCAATTACAATAATAAAAATAAAATAAACTAATCCTGTTATTTGTGTTAAATTAAACATTTTTCAATCACGTTCCTCTCCGTTATATCAATCATACCGTATTTTAAAAAAATAAAAAAAACAAAATTTCAAAATATTGTTTTTTTATATCAGTTTATTAAATTTGAATTATGTAAAATGAAGTGCAACAAATCTTTATTAATTAAATAATATAATAAAAATTACAAAAATCAACCATAAATTTAAAAAAATTAATTATTTTATCAATATTTAAACAAACTAAAAAATAATTTATTAATTTTAATTAATAAATACATATTTTATTATTTTAATGACATATTTTATAATTTAATATACATTTTTAAATATTTATTGTTTATATATTCTGCAAAAACATTTCTTTTGAACTTATTCAATTTAAACACGGTCGGAGTTTATCATTTATAACATTAACTACTCAATCTATTTGTTTTTGACTAACTTTATTAAAATCAGTTCCCTTAGGAAATCAATGTCTTAATTCACTATTCATATATTCAATTAAAGGTTTTTGTTGTGGTGAACCAGCATCACAAAAATATACTTGTGTTTCAGCAAATATTTCCATTTCTCTTCATTTACTAAATTCTTTCCCTCTATCTGTTATTATTCCTTTTATTTTTCCAATTAAATTATTTTTTATAATAATATCTTTAAACTTTTTCTCAACTTCCCTAGCAGTATGATTTTCTAATTTTATTGCAAAATATTTTTTACTTAATTGTTCTACTAAAACTAAAATAGCAGATTTATGGTCTTTACCAACCACTGTATCCATTTCAAGTCATCCAACATTAGAAACTTTATTATCAATATCTCAAATTGACTTAAAATCAGTTAATTTACCACGATTATCAGATTTTCCTTTTCTTTTGTATTTTTTACCATGGTGTCGTAAATTCTGTTTTAAAAAACCATAAAAACCTAAACGAATTCATTTATACAATGTTTTAACACAAACGGGAAATTTAACTTTAAATTTTAAAAAATAACGATAAATAAGTTCTGATGGTGAATCATGATAAACATTAAATCTCAGATGAATAAAATTTAATTGTTCTTCTGTAAACTTAAATCTTTTATTATTCTTTTTTCTTTTCTCATAATACATTTTATCTGACTTATAAGCACTATATTCATCAATAGTTTTAAAACGCTTAATTTCTCGTAAAATAGTACTACGATGTCTATTAAAATATTTAGCAATTGCAGAAATATTCTGCTCACCATTCTTTTTTAAAAAAATTTTTGATAATAATTGTTCTAATTTAACTTTATCCATAAAACTTAAATGACTATACATAACATTTATATACCTTTCATTAACTTATAAAATTAATATTTAATACGAATAATTGATATATAATTGATATGTGATAAAATCAATTATATATAAAAAAATAAAAAGGAGCAATCTATATGAAAAAATGACTTAGCATAATAGGAGCAATCGGATTAACCGCAACAAGCACAACAACACTAATCAGTTGTAAAAAAGAAAATAATAATGAAAACAGTGAAGGGGATAATAAACCAGAACCACAATATAATCCACAACAACCACCAGAAGGTAGTAATTGAAAATTAATTCCATTAGACAAATTGAATAATAATCCAGATAATAAATGA
NZ_CP096807.1_gap41	1514040	1516767	2727	AGTAAATGTTGTATCATCATTAAAAATATTATTTTTATTAATATTTAGCTTATACTTTTCTAACAAATGAAATAAATCTTCACCAGTAATAATTGGCTCTTGTTCTGGGATAATAATTAAATCGTTGTTATTTTTTTCTAATAAAGATAATTGTTCGTTATTTATGTATTTTTCACCCGAAAAAATATTAAAATCAAAATTAATAACTGCTTCACGATTAATATTTTTGCTTAATAAGTAACCCTGTTCTAATGCCATTAAGACTTCTTTTGAAATGTAAAAAATGCCAATTGGCCGATCAATTCAATCTTGTTCAGCAGAACTATTTGCTAAATAATTTAATGATGTTTGCTTATTAATTTCAATAATATTTTCTTTTTCAATTAAGTCCTTTAAACATTCTGCATAAATTTTAAAATTAAAAATTTGTAATTCATTATGTAAAATATCAGCTAATGATTTTTCTTTATTAGGGTAATTAGTAACAGCATTAAAAATTACATATTGAAAAAAAGCTAGTTTTTTTGGCGTTTGATAACTAACTATTGCTTTTAATTTTTTCCAGTTTTTATAAACTTTTACCATTCCTAATTTCATGTTTTTACCTCTAATTCTTATTATAATAAATCTTTTGCCCTCCAAACAAGACCATAACTGTCAATAATTCGTAAAATTTCATAATATGCTTTGATTGTTTTTGTAATATTTGGGTTAGCAATTGTTGGAATTTCAACATCAATATTAGTAAAAAAACTAACTGCGCCAATAATAATTAACATATTTTTTGCTCTTGAAAATGCAACATTTAATCGTTCATATTTTTTAATAAATTCTTTATTAGCACTTAATTGCTTATGCGGATTTCGGACTGTATTAACAATAACAATTTCTGTTTCTCGCCCTTGATAATCATCAACTGTTGAAACTTCTACTTTAATATTTTTAAATTTTAAACTATTAATCGCTTTTCGTAATTTTTTGACATGGAGACTATAAAAACTAATAACTGCAACTTTAGGCTGTTTTTTTAATTTAACAGTTAAATTATTATATCCTGCTTCAATTAATTCCAATGCTTTTATTGTTAAGTCAATTTCTAATCAATTAAAAAGACTCGTACTGCCACTTTCACCTTGTTCATAAACAAAATTCATATTAGTTTTATCTTTTGATGAATCAATTCAATAAATTGCTTTATTACTATCAAAAATTTTTAATCCCTCTTTATTTTCAACAGTAATATAATGTTGTTTTTCATTATTTTGATTAGTTTTATCACCTAGTTGTAGTTGATTTTCATAAAAAAAATTTACAATTCGCATAATATCTTCATGACTACGATAATGATTAACTAAAATTTCTTTTACTGAATCATCACATTTTGAGATAATTTTTTTAAATAATGAATTAGTTACTAATTCTAAAAAATTATGGTAACTATAATTTTCCTCATAAATTTCATTAATTAATGCAACATCTTCTTCTTGATATGGCATAATTGGTGGCAATTGCCGATAATCACCAACTAAAATAACAGTTTTACCATATACTAATGGCATAAAAATTTCCATTGGTGTCAACTTACTTACCTCATCAATAATGACAACATCAAAAGCAAATTTTTTAATATCAATATCAGAAATATTATAATCTCGTAAAATTTTATTTTTGCTTTGTGCATATGATTGATTTGAAGTTGCAGTCATTGCAACAACATTAACACTATCTTGTAAAAATTGATTAGCATAACTAATTGTATCTCGTTCCATAGCCGACGTGAAATGATTAGTTTCAATATTCTCTTGTGTTAAAAAATCTGATATTTTATAATTTTTATTTAAAAAGGTAATCATATTATTTACAAAATTAAACTTTGTTGCTTTTTCTTGAAACATAAAATTAAGGTCGTGTTCAATTTTATTAATTTCTTTATCAATTTCATTAATTGTTCCACTAATATCTTTTACTACTAAATTTAAATTAAAAATTGTATTAATACTATTAACAATATTTTCAACTTCAACTTTTAAAGCATTAATTTTATAATTTAATGTTCCCGTTTCAATTTCTAAATAAGAAATTTCTTGTTCATATTTATTTTCATTAATTTCACTAATTTTGTTTTGAATAATAGCACTTTGTTCTTCATATTGCTGTAATAATTGCTCAAGATCATTTTTAAATGCTTCTTGTTCTTTTTGAAAAACAATGTTTTCTTGCTTCAATGTAAATTGATTCTTTAATTCTAAAATTTCACTTTGAACAACAGTTAACCTTTCCATTCAATCATCATCGCGTAATTCTTGACTAACTTGTTTTAACTCTGCTAATTCTATCTCTTTATCCTTTAGTGCCTTATTATCAGTAGTAATTGTTAATAGCTTTTTGTATGTTTCTATTAATGAATATGACTCATCAATTTGAAATCCAAATTTCGCTTGCAATAATTTTCCAAAATGTTTGTTAAATAGTTGTACAAGATCAGGTGTTGAAGTGACAATTCCATCTCAATTAATATTACCTAAGAAATCTAATAGATTGCGAATATTATTAATATTAATTGTTAATTTTCGATCATCAGTTTGATATTGTAATTTTTGATTAATGATTATTTCTCGCTCAGCAACTAATGTATTTAGCTTTTGAGTATAATGATTGTAATCATTAATTTCTTTTTCTAACATTTTCGCATTTGCTTTTAATTTTTGTAATTCATATTTTTGATTT
NZ_CP096807.1_gap42	1595006	1596280	1274	AAATAAAAGAAAAATTAAAATATTTTTAATTTTTTTAAATTTATGGTTGATTTTTGTAATTTTTATTATATTATTTAATTAATAAAGATTTGTTGCGCTTCATTTTACATAATTCATATTATTAAACCATAAAAAATAATTATTTTTTATAATTATACTTAAGTATAATTTGGCGAGTATTTTCCGAGCCAATTGACTTTGAAATTACTTCTGGAAATTTTAAAACATTACTATGAACTAATTTTCGTTGTTCTTTATTCATAACAGGTAACAATTGCTCTTTTTTTGATGATAAAACTCTATTAACAACACTTTGCACAGCTTCCATTAACATTAATTTATCATAATTAAAAATAATAATAAATTTAAAATCATTTTGAAATTTACGACTAACATATGTATGCAATAATGTTTCTAGAATAAAAACAAAATCAAAAATATTAATATTTAATGTAATTAAAAATTGTTTATTATAATATGAAAAAGACATCTCATAATCTTTCGTTAATAATATATCGTTGATAATACTGTCTAAATGTTCTTTACAAAAAGAAATAATATCATTAATTTCAAAAAAGGTCACTTCTATTCGCTGAAAAAATCATTTTGTTGATAATTCAGTTTTATAAAAAAAGTTTTTACTTGAATTATTTAAAAATTCTCTAATTTTTTTTTGCGACTTAAATTTTTTTATGAAAATCATTAATCTTTATTTTTTTTCTTATTATGTAAAGAAAATTTAGATTTTTTAGGTTTTGATTTAACCGGATTATAAGAAATTTTATCGGCATTATTTGTTTTTATTTGTTTTGTTTTTGTAATCTCAATATTTTCAACATTATTATTAGTTGTTTTTAAATGTGGCTTTCGAACAAATAAATGCTTAATTTTTTGTCCAAATGGTTCTCTGTTTTTATTTTTTTTACTTCGTTTCTTAACTCGTAAAAAATGAAATCCTAATGTTTGTAAAATTTGAATAAAGGCTGAGAAAATCCAATAAATAGCAACCCCAGACGCGATTGAAATTGTAACTACGAAGAAGACAACAATCATTACTCCTTGCATAATAAATTGCCGTTTACGTGCTTTTTTCTGTTCCTTTGTAATAACTCTTGTTTTACGAAGGTTTAAAATAGTTGGTAAAATCATTGAAAGAATTTGAATTGGCAAATATACAAATAATAAAGCTAAATAAACATAATTTCCACTAGTAATCATATCTCATGGCTTTTCAATTAAAGAAATTTGCCCAATTGTGGCCATTTTTAATTCTC
NZ_CP096807.1_gap43	1598504	1599637	1133	TTATTAATATCTTTAATGGTAATTAACCCAGTTAAAATATTTTTTTCATTAACAATTGGCAGTTTTTCAATACGATTATTTAGCAAAATATCTTTTGCTTTCTCTAAATCAATATTTTCATGAGTTGTAATCAAGTTTTTTACAGTCATAAATTTATCAACCGAAGCAGTTAAATCATGACATGCTCTAATATCACGATTTGTAATTATTCCTAATAATTTGTTTTCTTCATCAACAATTGGCAGACCCGAAATACGATACTGAGCCATAATATTTTCAGCATCCTGAACAGTCATTGTTGGTTTTAATGTTATTGGATTAATAATAAAACCGGATTCATTACGTTTAACTTTTTCAACTTCTGCCACTTGTTTATCAATTGATAAATTTTTATGAATAATTCCAATACCACCTTCGCGAGCAATTGCAATTGCCAATTTTGATTCAGTAACAGTATCCATTGCTGAAGATATAAAAGGAATATTTAACTCAATATTTTTTGTTAATTTAGTTCTTAAATCAATCTGATATGGCAAAATATCTGATTTTTGTGGAACTAATACTAGATCATCAAAGGTATAAGATTTTTTAATTTGCATGTTTTTTCCTCCAAAATATTTAATACAAAAAATTTAATAAAAGAAACATGACCATTAAAACCAATTAATAAAAGGTCTTAACAAATTAAAAATAAATTAAGACCTATAGTATTTAATTTAAGGTTAATTGTATAGACACTAGACCATATTTCTAGTATATATAGGATTATTGTAAGTATTAAATTATACTAATTATAACAAAAAAATAAAATAAACCAATAAAATTCCCATTTAAATTAGATTCTATTATTGTTTGTACTTACTCATATAACTTCACTTTTCTAAAATTTTTAAAGTTTAACTTATTGCTCATAAATTTCAAACATTTATTAAAAACATTCGATATTTTACAAAAATTTGCTTATTATGAAATTTTATTACTTTCCACAATAAAAAATGATTTACACCATAAAATGTTAATAATGTGGAAAACAATAAAAATATTCAATAAAAACAATGCTTTTAAAGAAAATATAAAAAATATTTAATGTGGAAAAATATTAATTTTTATTAATTTTACTCATTTTTTAGTAC
