gap_id	start	end	length	sequence
NZ_CP065629.1_gap1	89355	90338	983	AGCTGCTTGCGGTAGCGCTCCGAGTCGTACGTCGACCCGACCATGATGCCCAGAGAGGCGGCCGAGCACTTCTGTCCGGCATGGCCGAACGCCGAGTAGACGAGGTCGGCGACCGCGAGGTCGCGGTCGGCGGCCGGGGTGACGACGAGCGCGTTCTTGCCCGAGGTCTCCGCGTTGACGTGGAGTTCGGGACGGAACGACTTGAACAGCGACGCGGTCTCCGAGGCACCGGTGAGGATGACGCGGTCGACATCCGGGTGCGAGACGAGGTGCTGGCCGAGCTCCCGCTCGATCGGGGCGCACAGCTGGAGGACGTCCCGGGGGACACCGGCCTCCCACAGGCATTCGACGATGAGCGCCGAGCAGTACGGCGTCGGCTTCGAAGGCTTGTGGATGACGGCCGAACCCGCGGCGAGCGCTGCGACGGTGCCGCCGGTCGGGATCGCGATGGGGAAGTTCCACGGCGGGGTGACGACGACCATCTCGTCCGGGTGGAACGTCGCTCCCTCGAGCTTCTCGAGCTCGAGTGCGTGGAGTGCGTAGTAGCGGATGAAGTCGATGGCCTCGGAGATCTCCGGATCCGACTGTGACGGCATCTTGCCGACCTCAGCGGCCTCGACGGCGATGAACTCGCCGCGGCGGGCGGCGAAGACCTCGGCGGCGCGGTGGAGGATCTCCCCGCGGGCTGCAGCGCCCATCTCACGCCAGTCCTTGGCGGCGGCGCGGCCCTTGGCGATCATCGCATCGAGTTCGTCGGTGGTGTCGATGCGCGGCGCCTGCGGGCGGGTCTCGAGGTAGCCGGGAGCGGTCGCCTCGGCGATGATCTCCTTGACCCACTTCTGGTTCGCCGGCAGGGAGGGATCGGTGTCGGGTTCGTTGGCGAAGACGACCTGGGCGGGACCGGGAACGTGCGGGGCCGAACGGTCCTGCGTGCGATTGGGCGCGGGAGCGGCCTCACCGTCGGCGGCGAGCTCGGCCTCGAG
NZ_CP065629.1_gap2	177768	178502	734	TCGCTCAGGGTGGTGACGAGCCAATAGGCACCGCCGAGGAGGAGGCGGATGGGCAGGAAGTCGTAGATGTTCATGGTGAGGTCCTTCGCGAGGTGGTGGGGTGGAGGAGTTCACCTGAATGACGGGGCAGTGACCTCGAGAGAGGCGAGCCCCGACCCGGCTGCGGTCGTGGACCGGAGATCCTCGAGTGAGTTCTGCAGGGCGGGACGGGTGCGTCCGCGGAGCCGGCCCAGGCAGAGAGGCGTTGCCGGAGGCAGAGACGCGGTCGGCCAGCAGTCGGTCAGCGACGGAGCGACATGTCCGCACGGGCCGAGCCGAGAGAGCCAGTCAGCCCGTTCGCCGGTCTCGCCGCTGCTGATCGCACACGAGCAAGCGGCTCCGATGCGAAGTCAGCGACCGGCGGCACGATCAGCGGCCGGCGGCATGTCTGCGTGAGTACTCTCCGGCAGGGTCGTCGTTCAGGCGTGAGCGCGAAGGACGAACGAGGGGGCTCTGGCCAAAGACGTGCCGGGAGTGCCCGGGGCCTCCGGGAGGAGGACGTCACGGACGAGGCCGGGTTCGCGGCGTCGCCACGGACCGTGCGGGGCCAGGGAGAGGACCCGGACGAGGGCGCTGCTCACCCAGGCTCCGGCGGGGGAGAGGAGAGCGGCGCCGAGGAGGACGAGGACGAGAAGATGCGCCGGGGACTGCGGAAGGACCGCGTCAAGATCGGCGCTGAGCACGACGACGATGAG
NZ_CP065629.1_gap3	232092	236039	3947	ACGCGACGTTGAGCTTTCCGTCGGCGAACCACTTCGCGAACGGCGGGTTCGACCAGTCGAGCACCTCGGTGAAGTCGTCCTTCCAGTCGACGAGTTCACGGGACTGCTCGGCCCAGAAGCGCTCGAAGTCCTCGGCACCGCGCTCATAGGCGTCTTCCCTGACATTGGCGGCGGCTGCGAACTCCTGTGGCGGGGCGAAGGTCTCGGTCGCCTCGGCGCTGTCGGTCATGATTCCCTCCGGCTTCTTTGATGGAACGAAGATTCCCTCCGACTGTATACCCGCGGGGGTGACCCCGGTCAGCCTGACGTCGGTGATGAGCGGGGGTGAGCGGGGGTAGTCATGACGGGTCGCATGTGCTAATGCGGTGCGCTGTGGCGCTTCGGCAAGGGGACTGGCGGCGAAGAATGCGTGCGCACGGGTGCCGAGGTCTGCAAGGATGGCCCTAGGTCTGCCAGGATGGACCCCGCAGACAGGACAGTGTCCCTACGATCGACTGGAGCCAGCGATGAGTTCGCCGCACCATCCCACAGGACCAGGAGCGCCGCAGTGGCGCGACCAGCCGGGCCCCCATCCCGGACCGAACGGCCAGCCGTCGGCCGGAAGCCAGTACGGACAGGGCCCGGGCAATCCGGGTCCCGGCGGCCAGTACGGACAGGGTCCGGGCCCGTACGGTCCGGACGCCCAGGGCGGGCAGCCGACTCCCTACGGATCCGGTCCGGGACCGTATGGCTCGGGACCTGCGCAGCACGGGTCGGGTCCGGGACCCTACGGTTCGGGGCCGGGACAGTACGGTCAGGCACCGGGACAGTACGGGTCGGGACCGGGCCAGTATGGGTCGGGCCCAGGACCCTACGGCTCCGGTCCGGGACAGTTCGGCCCGGGACCTGCCCCGCAGCGTCCTCGCCGCACGGGACCCGGCCTGCTCGGCCCGCTCACCCTGCGCGACCTCTTCCTCCTCTTCGCGGGACTGCTCGCACTCATCGTGCTCTTCGTGCCCTACAAGAACTACGACATCATCACGATGTCGCTGTGGTCGTGGAACATCGATGCGATGGGCACCTTCGTCTTCGTCGTGCTCGCCATCCTCCTCATCGTCGGGGCCGTGCTCATGAACAAGTTGGGCAACGGTCGGATGCGTGTGGGGTCACTCGGTCTCGACCAGTTCATCTCCGTCCTCTCGTCTGTCGCGTTCGCCTTTGCGTTCGTCCAGCTCATCACCTCGGCGCCGTACTGGAGCGTCGGCGCCTATCTCGCGTTCTTCGCCGCGCTCATCGCGTTCTTCGCCGGTGTCTTCACGATGCTGCCGTTCTTCGCCGCTGAGTTCGCCGGACGCGAGGACGTCCCCGCCCACGCCAAGGCGCGTCCGGTGACCAAAGCCGCTCAGCATCCCGCGCCGCAGGCCCACGTGCCCGGCGGGTTCGACGGCGGTTACGGCAGCGGCCCCCACCCCGGTGCGCAGGGACCCCAGGGTCAGGGTGGCCCCGGCGGGGTCGGCCCGGGCCAGTACGGGCAGGCAGTGCCCGGTCAGGACGGCCCGAGCCAGTACGGCGCCCCGCAGGGCGGCTACGGCCAGCCCGGCTACGATTCGGCACAGCCGACCTGGGGATCCGATCAGTCCGCATATGACGCAGGACAGCAGGGTCGACCAGGCGATCAGGCCGCGTCCGGCCGGCACGCCTACTCCGATGATGCGGGCAGCCCGTTCACCGGTGGGACCCCGCGCCCGCAGGCGTCCTTCGCCCCGCCGGCCGAGGACCGCTCCTCCGGCACCGATGATGCCTCGGGACAGCCGGTGCAGAGCACCGGATCCGGGCAGACGTACCTCGGCGACCAGCATCCGCGGGATCCGCGGCATTCGCAGAGCGAGCCGACGCAGACCTTCGGGCTCGGCACCGAACCCGAGGAATCCGCGTGGACGTCGACCGCGTCGGCCGCCTCGACCGCCTCGACCGCGTCGGCTGCCGAGCCGACTCCGGCGGAATCGCAGGCCGACGCCGACGACGCGTCTGTGGGACGTCGCGACGGGACCGCTGGTGACGACAGTGCCGACGCCGCGGCCCCGCAGACCAACGCCGATGACACCGTGGCGATCAGCCGGACCGTCGTCGAGAGCGGCCCGACCTCGACCGAGGAGGAGACCATCATCTCGGTCTCCGAACGCCGCCGCGGACGCCATTCCGCCGAGTCCACCGTGGAGGCCGAGTCCTCGGCCAACGCTGCGTCACCGGATTCCGACGCACGGTCGGGATCGAGCACGGTCTCGCAGCCCGGCACAGTGACCTCGTCGACCGTGACCTCGGCCGACGAGCCGGGACCCGGCCCGCTCGGGGTCTTCGACGGCGGCACGAAGGCGGCCGCGTCCCAGGGGACGGAGTCCCGGTCGGCGAATGCCTCACCCGCTTCGAGGGAGGGTGCGGCCGAGGATGCGACATCCGCCGAGACGACGTCCGCGAGCACGTCGTCCGCCAACGCGACATCGGCAGACGCGACGTCCGTGGACTCAGCGACGACGACCTCCGCATCCGCTGAGTCCGAGGAGAGCAACATCCGCTCGACCGAGGCGACCGTGGTCAACGCCGAGGGTGTCGTCGAGACCGATCCCGGTGCGGACCCCACCGGCAAGGAAGGTGCCGAATCGAGGGCGGATGACTCCCGCGCCTCGACGGAGCGCCGAGGCGTCGTCGCCGCATCGAGCGGAGTCACCGTCGCGTCGGGAGACGACGTGACGACCACCGAGGCTGAGTCCTCGACCGAGCGGACAGCGATGACGGGCGACCGCGCTTCGAGCTCGCCTGACGGCGACTCGGCCGACCGCGCTATGGGCTCGGGCGACGGAGGCTCGGCCGACCGCTGGTCAGTCGGCGACCGCCGTCCTCAGGACCAGGGTTCGACCGAGACCGTCGGCGACGAGCCTGTCAGCCGCGAGACCGCCGGCGAGGAGACCGTCCAGGTCGACGCCGTGACCACCGAGGACAGCCGGTCCTCGGCGGAGCCGACGACCGAGCGGACCACACCACCGGACTCCGACGAACCGACGCAGTACGTGCCGATGACGAACTATCGGGACTCCTCCCAGGAGCGGACCGCGTCGACGGATCGGGATACTTCGGATGGGGAGTCGTCGGACCGCAGCGCATCGGGCTCGGGTGCGGACCGGCCGGCGTCGAGCACCGCGGAGACCACTGAGGAGAAGACGGTCATCCAGGCGTTCTGGTTCGCCGTTCCCGAGCCGCGCGAGGCCGTCGACGCGACGACCGGGATGCCGGTGTTCACGATCTACCCGGGTGACTGGTTCCTCGCGCTCGAGGATCACGGGTCGTCGTTCACGGTCCGCGATTCCGACGGCAAGGAGGGCGTGCTGCGCAACCTCGAAGGCATCCAGCGCGGCTGACTCGTGCGCTGAGTCTGTGGACGGTGCGGACGGTCTGCGCCGCACCTGACCCGGCATCAGGCACGTACCCGACGCCGCACGCCCGGCCTGACCGGGTGCGATGCGCAGGCGAAACGCTGAGGGGCGGCTCCTGTGACTTGTGCCCACAGGGGCCGCCTTTCGTCGTCTCCGTCCACAGCTGCGGACCGGGCCCTGGTCGCGGCCGCCGTCCCGGGGTCATCCTGGGCCCATGCAGATCGCACTCATCACCGACCTCGGCGCGATCACGGAGGAATGCGCCCGTGTCGCCGAGAGCATCGGTGTCGACCTCAAGGTCCTCCCACCCGATTCGGGCGGGTGGCAGAAGGCGGCGCTCATCCTCCTCGGCGAGGACGTCACCGACATTCCCGCCACCGACGGTGCGGACCGCATCCTCGTCGTCCTCGACGGCGACGAGACCGCCTCGGCGTGGCGGCGGGCGGCACACCTCGGCGTCGAACAGCTCGCGATGCTGCCCTCTGCCGCGGAATGGCTGAGCCAGCGCATCATCGCCGCGGTCGAACCCCCGGTGACACC
NZ_CP065629.1_gap4	248252	248897	645	TGGTGGCGCCACGGGCGGACGACTCCGATCGCTTCGGCCGCACGCCGCAGCTCCTCATCGACCCAGTCGGGCCAGTCCGACTCGAGTTCGACACGCTGTGGAATCTCGCGGAGGTGGACGATCCGATCGTCCCTGACACCGAACCCGGTCACGATGTCGTGGAGAGCGGAAGAGGACATGTCTCAATTATGTCCCAGAGCCTGCTGGCTAGGATTCACCTGTGACCGAAGAGACGCACCCCCTCACCGCCGACCAGCTGCCCCGAGCCGAACACCTCGGCGCCACCCTCTATGCGGCCGGGTACACCGAACCGTACCTGCGGCAGTTCTGGGGCGGTGCCGTCTCCGACGCGCTGACCCGCACCAACGCCGCCCCGGCCCTCCACCACTGCCGCAGCGTCCTCGACGAGAGACTCGTCGAGGCGATCGGCAGCGGTGCCGCCCGCCTCGCACCAGCCGAATCAGCCGACGTACCAGCTGGCGAATCTGCCGGCGAATCACCCGCCGAATCGGGTGGCGACGCCGAGGCCGATGCACTCCCGCCGCTGTCCGGCGACGAACGGCTGGCCGCGATCACCCTCGTCTTCTGGCTGCGCGAACAGGTGCCCGCGATCGTCCTCGCCGCAGCCCTCGGCACCGAGGCGTA
NZ_CP065629.1_gap5	424358	425228	870	GGCGACCGCCGCCTACACGGGCACTCCGCTGACGACGAACCGTGTCCGCTCGGTGCGCTACATCGAGTCCGGCCCGCAGACCCACGTCGACGTGTCCAAGCACCGCAACACCACGCACGTGCTCACCGGCACCGCCGCCGAGCACGAAGAGGCCTTCCGGGCCCTGCTCGCCGACGGCTGGGACGAGGCGACGAAGGTCCTCGTCGGCTGGGGGATCTCGACGACCGAGCAGACGACCGTCGAGACGACCCTCGGCCAGGCCGCTGCCCTGTGCCGTTCGGCCGGAGACCGGATGGTCGTCATCATGGGCCAGGGCGTCGAGGACCGCGGCGAGCTCAGCTGGTTCGAGACGAAGCCGCTCTTCGGCTGGCAGGTCCTCATCCCGCGGACGAAGGAGCAGGGGACCTCGACCGCCGAGGCGCTCGCCGAGCTCGGGGCCGTCGGCACCGTCGTGCCCACCATCGCCGTCCAACCCCCGCGCACGCCCACCCAGATGGAGAAGGCGATCCGCGGCCTCGTCGACGGTTCCTACGAATGGGTGGGCTTCACCTCGGTCAACGCCGTGCGCGCCGTGCGCATGTGGTTCGAGGACTTCGGCCTCGACGCCCGCTCACTTGCCGGCGTCAAGGTCGCCGCCGTCGGCGGACGCACCGCCTCGGCGCTGCTCGACTGGGGGATCACCCCTGACCTCGTCCCCGACGGAGAGCACTCCGCGCGCGGCCTGGCCGCCTCCTGGCCGGACTACGTCGACGACATCGACCCGATGAACACCGTCCTCCTGCCGCGTGCCGACATCGCCACCGAGGTGCTCGTGGCCGGCCTGCTCGAGAAGGGCTGGGACGTCGACGACGTCACCGCGTACCGCACGGT
NZ_CP065629.1_gap6	450277	451419	1142	GCACATCCGTGAGAGCACACGGGAGTTCTCGCAGGGATCTGCCCCGAAGACGCGTACGGTGCCGCGGGTAGGGAAGTTCTGGGCGGTGAGGATCGACATCAAGGTGGTCTTGCCGGCCCCGTTGCGGCCGAGCAGCCCGGTGATCGTTCCCTCCTCGATCGTCAGGCTCACGTCGTCGAGCGCGGTCGTCGTCCTGTAGGCCTTGGTGAGGTCGGAGACCTCGATGACGGTGCTCATGGTCCTTCCCTTCGGTCGGGGTGGCGAGGTGGGGGCGGTTCAGCCGGTGTGGGGACTGGTCAGCTCACCGGCGCGTTCGACGATGAGCTGGGTGAGGTCGTCGGGACTGAGCCCGAGCGTGGCGGCTTCTGCGATGAGCGGGGCGATGAACCGGTCGGAGAACGCCGCTCGACGTTCGGCGATGAGGATGTCGCGAGCCCCCTCGGTGACGAACATTCCGATCCCTCGTCTCTTCTCGATGACGTTCTTCGCCACGAGGAGGTTGACACCCTTCGCCGCTGTCGCAGGGTTGATGGAGTAGAACGAGGCGAGTTCGTTCGTCGACGGCGCTCGTGAGAGCTCGGGAAGGCTGCCGTTGATGATCGAATCCTCGACCCGTTCGGCGATCTGCGTGAACAGCGGCTTGCCTTCATCCATCACCTGACGCTCCCTGTGGACTGGTTAGTTACTTAACTAACTAACCACGGAAGTGAGATGTAGGTCAAGGGCTCACTCCGACGTCAGCGGCCTTCGGCTGTGGCGGACCATGTCCGTGCACAGGAGGATGACGGCGATCCAGATGATGAGGAATCCGATCCACCGGGTCGTCGACATCGCCTCGCCGAGGACGGTGACGCCGATGATGAACTGGAGCGTCGGGGCGATGTATTGGAGCATCCCGATCCACGACAGGGGAATCCGCCTGGCGGCAGCGCCGAAGAGGATGAGCGGAATGGCCGTCACCGGTCCAGTCGCGAGGACGATGATGACGTGGAGCGGACCGAACCCGGTGAACGTCTGCGCCCCCTGCGAGCCCAGCCAAGCCAGCCAGGCGAGGCTGGGCACCGCGAGGATCGCGGTCTCGACCGTCATCCCCTCGAGCGCCCCGACCTTCGCGCCGACCTTGTTCTTCACCAGCCCGTAGA
NZ_CP065629.1_gap7	503167	507914	4747	GTCGCTGGCCTTCGCCGCCTCGTCGAGGATGATCTCCAGGGCCGGGGTGATGCCGCCGACGAACGGGGCATACGAGGTCGGGTCGACCTGGAGCTCGAGCCAGCGGGACCCCTCGGCCCGGTCGGCTGCCGCCGCCTCACGGACGAGCCGGCGCATGATGTCCTCCCCGCGGACGACGCCGCGGGCCATGTCGTAGAGGCGTTGGAAGCGGAACCAGCCGCGCTCGTCGGGGCTCAGTCCCGTGACCTTGTCGGCGAAGAGCTGATCGGACAGGCTCACGCCCGCCTCGGCGGCGAGGTCCTGCAGGGTGTCGGCCGACATCGAACCGGTGAAGTGCAGGTGCAGGTGTGCCTTGGGCAGGGACACGAGAGGGTCCGTCATCTGCCCAAGGATAGTCCGACGACCAGGGCGCATCCCTAGAATGGGTCCGTGTCGTCACCCCGTCTCCTCCTCCTGCTCCTCGTCCTCACCGTCGTCACCCTGCCCTGGGCGCTCTTCACCGCCCGTGCCGATCTGAGCTTCGGCCCCCATGAGGCGCAGTACCGCGTCACCGCCGATTCGCGGCTCACCCTCGACTTCGGGCCGCTGGGCACCCTCCTCGTCCCTGCCGGGGACTATCTGCCGCTCGGACTGGGGGTGAGCGTCGACATCGGGGAGATCCCCGTCTCCGGTGCCGCCGAGGACACGACCTCGGCCTCCGGCGGTGCCGCCGACAGCGGCGGAGGGACGATCGACGCCCTCGGTGGGGACATCGCCTCCTATGCCTCGCTCTTCTCCGCCCCGCAGGTCCAGATCGACCTCATCGTCGAGGGCCTGACGCGGGAGATCCTCATCCGCTGGGCGCTCGCGGTGTGTCTGCTCTCGGGAGCCGTCGTCGGCGGCATCCACCTGCTCGGGCCGGCACGGATCGCCGCGCTGCGGCAGGGACTGGCGAGCCGGGAGCTCACGGCGATCGGCGCGGTCGTCGTCCTTCTCCTGTCCGGGGTGAGCGCCGTCGCACTCACCCGTCCGGAACCGCTGCGGCCGGACCCGGCGTTCGCGGGGACCCCGCTGGCCGGATCGCAGGTGACCGGCCGCCTCGGCGGGATCATCGACCAGGCGTTCACCGCGGTCAGGGACTTCTCCGAGGACAACGACGCCTTCTACGACGCCGTCCTCGCCGGCCTTCGCGGAGCGTGGAGCGAACGCCCCCTCAGCGGCGACTGGACCTCGCAGGGCATGGTGCCCCCGCCGGCAGGGAAGGCCGGCGTCTCGACCTTCGTGCTCAGCTCCGACGTCCACTGCAACATCGGCATGGCTCGCGTGGTCGGTGCGGTCACCCGGCTGAGCGGGGCCGACGCACTCATCGACGCCGGCGATGTGACGATGACGGGGACCTCGGCCGAGAACTACTGCATCGACGTCCTCGGGAACGAACTGCCCGAGGGACTGCCGCGGATGTTCGTCAAGGGCAACCACGACTCGCAGGAGACCGCCCGCCATGCCCGGCGCAGCGGGTGGACGGTCCTCGATGACTCCACGGCGGAGCTCGCGGGCGTGCGCTTCTTCGGCGGTCCCGATCCTCGCCGGACGGTGTTCGGCTCCGGACCCCAGCTCGAGACCGAGCTGAGCGCCGACGAATACGCGGCCCGGCTGCGCGACGAGGCGTGCACGGCCGACTTCGACGTCATGCTCGTCCACGACCCCAGGATCGTCCAACCGGCCCTCGACTCCGGGTGCGCGGACTACGCCCTGAGCGGACACTGGCACCGCACCGTCGGACCCGAGGCCTTTGGTCGGGGAGTGCGATACGTGAGTTCGACGACAGGCGGAGCGCTCGCGAACGCGCTCACCCCGGGTCCCTTGAAGATGGATGCCACGGTGAGCATCATCCGCGTCGACAACCGGACGAAGAGACCCATCGACCTCCAGATCATCACTGTCTCCCCAGGTGAGGAGGTCAGCATCGGTCCGTGGGTGCGTTTCCCCGAGCCGCAGCCCCTCGTCGCCGACCCCGTCGAACCGAGTGAGTAGGGGGCCACGGCACACGCGGACTGCGCTCGGTTCGACGGATCGCGGTGGGAGACGGTATGCTCGTTTCTCGTGGTTGGACACCCCCTCAGCTGGGGGAGTCGAATCGAAGGGGTGTGGCGCAATTGGTAGCGCAACGGTCTCCAAAACCGTAGGTTGCAGGTTCGAGTCCTGTCACCCCTGCGCAGTCGAAGCCTGCCGCGGCGATCACCGCCGGACAGAGCGCAGACTGACTGGCTGAGGCAGTTGAGCAGTCCCAAAGGATTCCGACCGAGTGAGGATGTGTGAGCGACACACCGGCAAAGAAGACAGGAAACGCGTCTGAGAACGCCTCCCGTCGCAAGCAGCTCGGATTCTTCGGACGGATCATCCAGTTCCTCCGCGAAGTCGTGGCGGAGCTGAAGAAGGTCGTCACCCCGACCCGCAAGCAGCTGGTCAACTACACACTCGTCGTGCTGGGGTTCATCCTCGTCATGATGGTCATCGTCACGGTCCTCGACCTCGTGTTCGGCAAGCTCGTCGGATTCGTCTTCGGCGGAACTCCGCTCTGGCCACTGTGGTGAGTCGCCCCGTGCGGCGATAACCTGGATACAAACAGCACATCCTTCGGACACGCAAGCCGTCCGACTACACGCGAAGCGAGGAATTGATCGGTGTCGGATACCAGTTCACCCGAACAGGACGCCCCTGAGACTGAGGTCGACGCGCCTGAGACCGAGACGGTCGAGGAGTCGACGACCGAGGCGACCGCCGACGTCGACGCGACCGCTGCCGATGAGGCACCGGCCGAGGACTCCGCCGCTGACGATTCCGCCGAGTCCGGCGACGACGTCGACCCCGCCGAGGAGTTCAAGGCCGAGCTGCGGATGCAGGAGGGCGACTGGTACGTCATCCACTCCTACGCCGGCTACGAGAACCGCGTGAAGCAGAACCTCGAGAACCGCGCCGTGAGCCTCAACCTCGAGGACTTCATCTTCGAGTCGCAGGTCCCCATGGAGGACGTCGTCGAGATCAAGAACGGTCAGCGCAAGCAGGTCCGCCGCGTGCGCGTGCCCGGCTACGTGCTCGTCCGGATGGAGCTCACCGACGAGTCGTGGGGCGCCGTGCGCCACACCCCGGGCGTGACCGGCTTCGTCGGCAACGCCTACGACCCGGTCCCGCTCTCGATCGACGAGGTCTTCACGATGCTCGCTCCCGTCTTCGAGGAGCGCCAGGCCGAAGCCGCCGCCGCTGAGGGCGTGGCTGCCGAGGCTGCGGCGAAGTCCGCCCCCATCACCGAGGTGGAGTTCGAGGTCGGCGAATCCGTCCTCGTCAAGGAGGGCTCGTTCGAAGGCCACCCCGCCACGATCCAGGAGATCCGCCCGGACTCCCAGAAGCTCACCGTGCTGCTGTCGATCTTCGAGCGCGACGTTCCCGTCGAGCTCGGCTTCGACCAGGTCTCGAAGCTCTGACCCGACCAGCGCACACCATCGCAGGGGCCCGGTTCCGACCGGGCCCCTGACGCGTTCTTCCACCCTGTGTTCCCGCTCACGACCATTTGCCCGAAGCCGGGCGAGCGTGGAATGATGGTGTGGTTTGATTGTCGGCCCTGTATCGGCAGGCCGGCATCGGATGATGCGCCGCGTTCTCTCGGCGCATGGACACTCTCAAGATTAAGGACCGCACATGCCTCCCAAGAAAAAGGTAGCCGGCCTCGTCAAGCTCCAGATTCAGGCAGGCGCCGCCAACCCGGCGCCTCCGATCGGTCCGGCGCTTGCCCAGCACGGCGTCAACATCATGGAATTCACGAAGGCGTACAACGCTGCGACTGAATCCCAGCGCGGGAACATCGTTCCCGTCGAGATCACGGTCTACGAAGACCGTTCGTTCACCTTCGTCCTCAAGACCCCGCCGGCCGCGGAACTCATCAAGAAGGCCGCCGGCGTGAAGTCGGGTTCGGCGACCCCGCACACCGTCAAGGTCGCGCACCTCAGCGCCGACCAGGTCCGCGAGATCTCCACGACGAAGATGCCCGATCTCAACGCCAACGACCTCGACATGGCCGATCGCATCATCGCGGGCACCGCTCGTTCGATGGGCATCACCACCGACATCGAGGTCTGAGACCAGACATCCCACTGTGGCAGGGCGGACGCAGCCCCGACCACGACTGCAAGGAGAGAAGCAGATGGCAAAGCGCTCGAAGGCCTACCAGGCCGCGGCTGAGAAGATCGCCGCAGATGTGAAGTACGAACCGGCTCAGGCGATCGACCTGGCCAAGGAGACCTCGGTGGCGAAGTACGACGCCACCGTCGAGGTCGCCCTCCGCCTCGGGGTCGACCCCCGCAAGGCAGATCAGATGGTGCGCGGCACCGTCAACCTCCCGCACGGCACCGGCAAGACCGCCCGGGTCCTGGTGTTCGCCGCCGGCGACCGTGCAGAGGCAGCCCGCGAAGCAGGTGCCGACTACGTCGGTTCCGATGACCTGCTGGAGAAGGTGGCCGACGGCTTCACCGACTTCGACGCAGCGGTTGCGACCCCCGACATGATGGGCAAGGTCGGACGTCTGGGCAAGGTGCTCGGTCCCCGCGGCCTCATGCCGAACCCGAAGACCGGCACGGTGACCATGGACGTCGCCAAGGCCGTGTCCGACATCAAGGGCGGAAAGATCGAATTCCGCGTCGACAAGCACTCGAACCTCCACTTCATCATCGGCAAGGCCTCGTTCTCCGAGCAGGCCCTGCAGGAGAACTTCGAT
NZ_CP065629.1_gap8	625064	626050	986	CGTGTCCTGATACTCGTCGACGAGGATGTGGCGGAACCGGCGACGGTACGAGTCGGCGACCTCGGGGAAGGCCCCGAAGAGGTGGACGGTCTCAGCGATGAGGTCGTCGAAGTCATAGGCGTTGGCCAGGCGCAGACGCTGGGTGTAGCGACGGAAGACGTCGCCTAAGACCTCGTCGGCGGGATTGTTCGGGCGCGGGACGAAGTCCTCGGCCGTCTGCAGCTCGTTCTTGAGGTTGGAGATCCGGTGGAGGATCGACCGCGGCGCGTACTTCTTCGAGTCGAGGCCGAGCTCCTTGAGGATCTGCGCGACGAGGCGCTGCGCGTCCTGGGCGTCGTAGATCGTGAAGTTCGTGCTTCTGCCCAGCGTCTTCGCCTCCCGGCGGAGGATGCGCACGCACGCGGAGTGGAACGTCGAGACCCACATCGCCCGCGAGGCCGGTCCGACGATCGCGGAGACGCGTTCGGCCATCTCCTTCGCCGCCTTGTTCGTGAAGGTGATCGCGAGCACTTCGCCCGGATGCGCGCGGCCGGTGGCCAGGGCATAGGCGATGCGCCTGGTGAGCACCGTCGTCTTGCCGGATCCGGCACCGGCGACGATGAGCAGGGGAGAGCCCGTGTGGACGACGGCCTCCCGCTGCCGAGGGTTGAGGTCAGAGAGCAGGTCGTCGGCGCGGGAGTCGGCGGTCATCGAAGTGTGGTCAGCTGCAGCAGTCATGTCGGAACCAACGATACCGTCCGCCCCTGACGCAGGCAGACGCCCTCACCCGAGCGCCCGGAAGGTGGCTGAGCCGGGGGAGGAGACGAAGGTCAGCCGACGAAGACCGCGACGAGGACGTTGAGGATCGCGAAGGCGAAGGTGAGGTGTGCCATCGTCGCCGAGGGGTGCCGCACCGCGGTGACGGCTCCGTTCGCCGAGGCGGTCGTGCCCGCCGCCGCTGATTCGACCGCCGTCTCTGCGGCGAAGCGCTTCTCCTGCCGGTTGCC
NZ_CP065629.1_gap9	627098	629994	2896	CCGACGTCGTCGGGGTCTCCCACGACGCGGGCCTGCCCGTCGCCGCCACCGCGACCGACGACCTCTGGCAGGTCGAGGGCGCCAACGACCGCGTCCAGCTCGCCCAGCTCGGCAAGGAGCTCAACCGCCGCACGTGCGAGAAGTGGATGCGGGCCGGCGTCTCGATCATCGACCCGGACACGACGTGGATCGACGTCGACGTCTCCCTCGGCCAGGATGTCACGATCCTCCCCGGCGTCCAGCTCCTCGGAGCCACGGATATCCACGATGGTGCCGTCGTCGGACCCGACTCGACGCTCAAGGACACCGAGGTCGGCGCCGGAGCCCAGGTCGTGCGCACCCACTCGGAGCTCGCGATCGTCGGACCCGGCGCCTCGGTGGGGCCCTTCGCCTACCTGCGCCCGGGCACGAAGCTCGGCGCGGACGGCAAGATCGGCACCTTCGTCGAGACGAAGAACGCCGACATCGGACCGGGTGCGAAGGTGCCGCACCTGAGCTACGTCGGCGACGCGGAGATCGGGGAGGGCACGAACATCGGCGCCGCCTCGGTGTTCGTCAACTACGACGGAGTCGCCAAGCACCGCACGACGATCGGCAGGCACGCACGGATGGGCTCGGACAACATGTACGTCGCCCCGGTCACGGTGGGCGACGGCGCCTACTCGGGTGCGGGCACCGTGGTGCGCAAGGATGTCCCTGCAGGAGCGCTCGCCATCAATGTGGCCCCGCAGCGCAACCTGGAGGGCTGGGTCGAAGCCAACCGCCCCGGCACGCCTGCAGCGCAGGCCGCCGAGGCCGCATCCGATAGGGGAACGGATAAGTGAACGAGATAACGACGGCGGGCGACAAGAAGCTCGTCCTGGTCAGCGGACGGGCGAACCCCGAACTCGCTGAGCAGGTGGCGGAGAACCTGGGCACCGAGCTCCTGCCGACCGACATCTACAACTTCGCCAACGGCGAGATCTACGTCCGGTTCTCCGAATCCGTGCGCGGCTGCGACGTCTTCGTCCTCCAGTCGCACAGCGCTCCCATCAACGAATGGCTGATGGAGCAGCTCATCATGGTCGACGCCCTCAAGCGCGCCTCGGCGAAGCGGATCACCGTCATCGCCCCCTTCTTCCCCTACGCGCGCCAGGACAAGAAGCACCGCGGCCGTGAGCCCATCTCCGCCCGCCTCGTCGCCGACCTCTACAAGACCGCCGGTGCGGACCGCATCATCACCGTCGACCTCCACACCGCCCAGATCCAGGGCTACTTCGACGGACCGGTCGACCATCTCATCGCGATGCCCATCCTCGCCGGCTACGTCAAGGACAAGTACCCCGGCGACCTCGCCGTCGTCTCGCCCGACGCCGGCCGCATCAAGGTCGCCGAGAACTGGTCGAACGCCCTCGGCGGCGTGCCCCTGGCCTTCATCCACAAGACCCGCGACATCACGCGGCCGAACGAGACGAAGGCCAACCGCGTCGTCGGTGAGGTCGAAGGCCGCACGTGCGTCCTCGTCGACGACATGATCGACACCGGAGGCACCATCGTCCAGGCCGCGGACGCGTGCATGGCGGCGGGGGCGAAGAACGTCATCGTCGTCTCCACCCACGCCGTGTTCTCCGGGCCCGCCGTCGAGCGCCTGTCGAACTCCGTGGCCGACGAGGTCATCGTCACCAACACCCTGCCGCTGACCGAGGACAAGATCTTCGACAAGCTCACGGTGCTCTCGATCGCCCCGCTCATCGCCCGCGCGGTCCACGAGGTCTTCGAGGACGGGTCGGTCACCAGCCTCTTCGAGGTCTGAGACCCGCCGTCTACCGCACCGTGGACACCGACGAACCCCCGCCCCCGAGCGGGGGTTCGCTCTACACTGGAGGCAGGCGAGGGAAGGGAGCCCGGACGATGTCGACCCATGACTACAACCGCTACAGGGTGGACGTCGCCGGAGGTGCGCTCTCCGTCGGCGTGTGGGAGCCGGTCTCCGCCGAACCCGGACCCGTTCCCACCGTGTGCGTCATCCACGGCATCACCTCGAACCACCTCTTCTTCGCCGGGCTCGTCCCGCTCCTGCCGGGCGTGCGCATCATCGGACCGGACCTGCGCGGACGCGCGGACTCTCGTCTCCTGCCCGGGCCCTTCGGCATGCGCGTCCACGCCGAGGACGTCCTCACCGCCATCGAGACGTTCTCCGACTCGGGAACCGTCACCCTCGTCGGGCATTCGATGGGCGGATTCGTCGCGATGACGCTCGCCGGACTTCCCGCGGCTCTCGGTGCCGACGACACCAGCACCGACACCGAGGCGACCGTGCGCTTCCGCGGCCCCGTCCTCATCGACGGCGGCCTTCCCCTCCCGCTCGCGCTGCCCGGGGCGGGGGAGGAGCTGTCGCCGGGCGAGGCCGAGAGCGAGGAGCTCAACGCCGCACTCGACACCGACGACCTCATCGCCGCCGTCCTCGGCCCAGCCGCCGAGAGGCTGTCGATGACCTTCACCACCGTCGAGGAGTACCTCGCGTTCTTCGCCGCCCATCCCGCCTTCGTCGATGGACTCGACACCGTGGCGACCGAGAGCTTCGTCTACGACCTCGCCGCCAAGGACGACGACACGTTCCAGCCCTCGACCTCGGTCGAGGCGATGGAGGCCGACTCCGCCGACATGTATCAGGGCGCTGCCTACCCGGCGGCGCTGGCCGCGGTCATGGGTGACGAGGAACGGCAGGCGGACGTCGCCTTCCTCGCCGCCGAACGCGACCTCGTCGCCGCCGAGCCCGGCCTCTACCCGCCCGAGCTCGTCGCCTCCTACCGGCGGCGATGGCCGCGCATGGAGGTCGTCGAGGTCCTCGGCACCAACCACTACGACATCCTCCTCACCGAGGAGGGACTCGCCGCGTGCGCGGCAGCCGTGCAGG
NZ_CP065629.1_gap10	633815	637743	3928	ATGGTCGAGGTGTTCTCCGAGGCCGGAGTGCCCGCGACCTTCGTTGAGGACCCGACCGATGCGCCCGAGGCCCTCGTCACCGTGACCACGGCCGCCCCGTTCGGGGGCTTCGTCTTCGACGACCTCAAGCTCGCCGTGCTCACCGAGGCCGACGTCCTCGGGCGGGCGGCTGCGACCTCGACCCGTGACATGCGCCGACTGCCGACCCGCCGCAAGCGCAACCAGGTCGACCCCCTCAACCTCGCCCCCGGAGACCTCGTCGTCCACGAGCAGCACGGTGTCGGACGGTTCGTCGAGATGACGCAGCGGACGACGGGCAAGGGCGCCGCCAAGCACACGCGCGAATATCTCATCATCGAATACGCGCCGGCCAAACGCGGCCAGCCCGGTGACCGACTCTACGTGCCCTCCGACGCCCTCGACCAGGTCAGCCGCTACGTCGGCGGTGAGAACCCGAGCCTGAACAAGATGGGCGGCGCCGACTGGCAGTCGACGAAGGCGAAGGCGCGCAAGGCGGTCAAGGAGATCGCCGGGGAGCTCATCCGCCTCTACTCGGCCAGGCAGGCGACCGTCGGCCACGCGTACGGGCCCGACACCCCGTGGCAGCGCGAACTCGAGGACGCCTTCCACTACGTCGAGACCACCGATCAGCTCACGACGATCGACGAGGTCAAGGCCGACATGGAGAAGTCGGTGCCGATGGACCGGCTCATCTGCGGCGACGTCGGCTACGGGAAGACGGAGATCGCGGTGCGGGCGGCGTTCAAGGCGATCCAGGACGGCAAACAGGTCGCCGTCCTCGTCCCGACCACCCTCTTGGTCCAGCAGCACTTCGAGACCTTCGCCGAACGGTACGCGGGATTCCCCGTCACCGTCGGTGCCCTCTCCCGGTTCCAGACGAAGCAGGAGTCGGAGAAGGTCGTGTCCGACCTCGCCGACGGCAAGCTCGACCTCGTCATCGGCACCCACCGCCTCCTCAGCGGGGAGGTGCGGTTCAAGAACCTCGGGCTCGTCATCATCGACGAGGAGCAGCGCTTCGGCGTCGAGCACAAGGAGACGCTCAAGGCGATGCGCACGAACGTCGACGTGCTGGCGATGTCGGCGACCCCGATCCCGCGCACGCTCGAGATGGCCGTGACCGGCATCCGCGAGATGTCGACGCTCGCGACCCCGCCCGAGGAGCGCCACCCCGTCCTCACCTACGTCGGCAAGTACGAGGACCAGCAGGTCAAGGCCGCGATCCGGCGCGAGCTCATGCGCGAGGGCCAGGTCTTCTACATCCACAACCGGGTGCGCGACATCGAGGCCGTGGCCGCCCGCCTCGCCGAACTCGTGCCCGAAGCGCGGATCGCGATCGCCCACGGCAAGATGAACGAGCACCGTCTCGAGCAGGTCATCGTCGACTTCTGGGAGAAGAAGTACGACGTGCTCGTGTGCACGACGATCGTCGAGACCGGCATCGACATCGCGAATGCCAACACGCTCATCATCGACCACGCCGACCGCTACGGCCTCTCCCAGCTCCACCAGCTGCGCGGCCGCGTGGGTCGAGGCCGCGAACGCGCGTACGCGTACTTCCTCTACCCCGCCGACACCCAGCTCACGGAGACCGCCCTCGACCGGCTGACGACCTTGGCCGCGCACACCGAGCTCGGCGCCGGGATGCAGGTGGCGATGAAGGACCTCGAGATCCGCGGCGCCGGCAACCTCCTCGGCGGCCAGCAGTCGGGACACATCGAAGGGGTCGGCTTCGACCTCTACGTCCGCCTCGTCGGCGAGGCGGTCGCGAACTTCCGCGGCGAGGACACGGAACCCGAGGCGGAGATGCGCATCGAGCTGCCCGTCGACGCCCACCTGCCCGCCGAGTACGTCGACCACGAGCGGCTGCGCCTCGAGGCGTACCGGAAGCTCGCGGCCGCGGCGAACGAGGACGAACTCCAGGAGGTCCTCGACGAACTCGTCGACCGCTACGGTCCCTACCCGGAGGCCGTGGGCGTCCTCGCCGACGTCGCCCGGCTGCGGATCCGGGCGCGCGCCTCGGGCGTCAACGACATCGTCGTCCAGGGCAACTTCGTCCGCTTCGGACCCGTCGAACTCGAGGACTCCCAGGTCGTGCGGCTCAAGCGCCTCTATCCGAAGTCGCTGCTCAAGCCCGCAATCCGCTCGGTCCTCGTGCCCAAGCCGATGGACGGCAACGGGTTCGGGGCCAAGGAGATGACCGACTCCGACATCCTCCGCTGGGCCCACCAGTTCCTCGACGCGATCCTCCCGGTCGTCCCCGCCGAGGTGGTCCCCTCCGAGGTCGTTCAGGCATGACCGGCGACGGCGACACGTCAACGGAGGCGGGGCCCCGCGTCGACGGCATCGTCGAGGCGATGGCGGTGCTGCGCTCCCGGTGCCCGTGGTCGTCCGAACAGGACCATGCGAGCCTGGAGAAGTACGCCAGGGAGGAGACGGAAGAGCTCATCGAGGCGCTGGCGGACTTCCGTGCCGACCCGGGGCCGGCGACGCGGCAGGCCGTCATCGACGAACTCGGCGATGTCCTCTACCAGGTGCTCTTCCACTCCGCGCTGCTCGATGAGAGCGGGGGAGAGGACTACGGCCACAGCCTCGGCGCCGTCATCGACGGACTCGAGGCCAAACTCGTCCGTCGCCACCCCTTCGCCTTCGACGGTCAGGGGCGGGGCGGACCGATGGCCTCGCTCGAGGACGTCGAAGCCGAGTACCGTCGGATCAAGGACGACGAACGCGTCGCCGCGGACGAAAGCGAGGAACAGTGAGCCTGGACAGGATCGACATCGAGGGGACCTTCAACTTCCGCGACCTCGGCGGGGCACCCGTGGGCGGGGGAGAGTCCGTGGCGACGGGGAAGGTGTTCCGCGCCGACGGCCTCGCCCAGCTCACGGACCGCTCGCGCGAGGAGCTGCGCCGCTTGGGGATCACGACCGTCCTCGACCTGCGGGACATCGGCGAGCGGGCGAAGCACCCCGACGCCCTCGCCGGCCTCGACGTCGACCACATCGAACTCCCGATCTTCGAGGACCGGTTCTTTCCGGCAGCGCCGCTGAGCGCCGAGGAGATGAGGGAGCTCGCAGAGACGACGGGACTCGACCTCACCGACCGTTCCCTGCGCCGGATCTACGACTACCTCATCGACCACTTCGGTCCGCGGCTCGCACTCGCCGTCGACACGATCGCGAACCGGTGCGGGGACGGCATCGTCTTCCACTGCTCGGCGGGCAAGGACCGCACCGGCCTCGTGGCGGCGTTCGTCCTCGACATCCTCGGCGTCGACCGGGACGACATCCTCGACGATTACACGGTCACCGAGGACCACCTCGGCGGGGCGTTCCTCGAATCCGTCCTCCGCAACTACTCGGACGCCGGGATCTCGGGCAACCTCGTCGAGACGGCGACGGCCGCACCCCGGGATCTGCTGGCGGGCATCCTCGATTCCCTCACCGAGACCTACGGTGATGACGCCGTGGAGAAGTACCTGCTCGAGCATGGGATGGATCCGCAGACCCCGGCACGACTGCGACAGCGGCTGCTCGAGGCAGGCGACGACCGAGCCGCGTGAGGACGGGCGCCCTCGCGTTGTGCACTAAGCTGAACCGCAGGCACATGTTCCCCATGTGATACCGACTGCTAAGGAGTGATCAGTGGCTGAGATCGTCGCCGCAAATGCCCGCGAAATCCTGGATTCCCGGGGAAATCCCACCGTCGAGGTGGAAGTGCTCTTGGCCGACGAGTCCGTCGGTCGCGCCGGAGTCCCCTCCGGTGCCTCGACGGGTGAGTTCGAGGCCGTCGAGCTGCGCGACGGAGATCCCGAGCGCTACCTCGGCAAGGGTGTGACGAACGCCGTCGACGCCGTCATCGACGAGATCAACGAAGCCATCGTCGGCCTCGAGAGCGACGACCAGCGCCT
NZ_CP065629.1_gap11	678400	680052	1652	TCAAACTCGCGGCCCAGGTCAATGTCATCCTCGTCGTCGTTCAGCTCGTTGTCGCTGCCGCATTCGTCTTCTTCGCCGTCCGGAACATCATCGTGGGTGCTGGAGGAAGCGAGCTGAGTCTGATGCCCTTCGATCCCAGCGGAGTGCCGACCGGAGCCCTTCTGGGAGGCGCATCTCTGCTCGCTCTGTCGTTCCTCGGGTTCGATGCGGTGACCACGATGTCAGAGGAAGCGGTCAGACCCACGGTCGACATTCCTCGCGCGATCATTGTCATCGTCATCTCTGCCGGCGTGTTCTTCGTCGTGGTCACCTACACCATGCAGGTGCTCTTCCCTGATGTGTCGACGGTCGGTGACATCGTCGGTGCATCGCCGGAGATCGCGAAGTACATCGGTGGTGCGGCGTTCCAGGCGCTGTTCGTCGGCGGGTACATGTTCGCAGTCCTCGGCTGCGGGCTGACCCAACAGATGAGTGCGGCCCGCCTTCTCTACGCCATGGGACGAGACGGGACCTTGCCGGAGCGGGTGTTCGGACGGATCAATCGCAGGTCAGGAGTTCCTGTGGTCAATATCGTCATCATCGCCGTGCTCGCCTCCACGGCAATGTTCCTCGACCTGGAATCGGCGGCCTCGCTGATCAACTTCGGTGCCTACGTTGCCTTCGGAGCGGTCAACCTCTCGCTGATCCTGGCCACGTTCAAGTATCTGCGACCCGCAGGAAGAATCGGCGTGTGGGCAGGATATGTTCTTCCCGGAGTCGGCCTCGTCATCAATGTCGCCTTGTGGCTGAGTCTTGACGCGAACGCGAAGATCGTCGGTGTTGTCTGGGCCCTGGGTGGCTTCGTCTTCCTGCTTGTGCGCACCCGCGCCTTCAGAGTCTCGGCACCGACGATGGCCGAGCCGGAACTCGACTGAACGCTTCGGACTCTCCGGCGGCAGATGCTTCGTCTCGGCCGAGCCCGAGTGCTCGGTCAGTGCGGACCTCACTCGCCGCTACCGCCTCGGCGCTCCAGTCCTGCCGGGCGAGGTCGGGCACGGCGTCGATCATGCGCTCCTCCCAGGACCGACGCCACTGGGCTGGGAACGACCGCCGCAGCAGGTCGACCATGATCGGCACTGCGGTCGAGGCACCGGGGGAGGCGCCGAGGAGACCGGCGATCGATCCGTCGGCGGAGACGACGAGCTCGGTGCCCTGCTGCAGGACTCCGACCCGCTTCGGATCGGGGGTGACGAGCTGCGCCCTCTGGCCGGCGGGAATGAGCTCCCATTCGTTCGGTCGTGCATTCGGGTAGTACCTGCGCAGCTGTGCGAACTTCTTCGCTGGGCTCGCAGCGAGCTCGCCGATGAGGTAGCGGACGAGGCTGAGATTCTGCAGGCCCGCAGCGGCGACGACGTGGAGGTTGCCCGGTCGCAGGGTGGTGAAGAAGTCGCTGAGGCGACCGCGCTTGAGCAGCTTCGTGCTGAAGGTCGCGAACGGTCCGAAGAGGAGATGCTCCTCATCGTCGACGACACGCTTGTCGAGATGCGGCACCGACATCGGGGGAGCGCCGACATCGGCCTGCCCGTAGACCTTGGCATTGTGGCGTCTCACCACGGCGGGGACAGAACACCGGTAGAACGCGGCACCGACCGGCAGCACCGCATAGCCCTTGA
NZ_CP065629.1_gap12	708850	712155	3305	CCGTGGTGCGTCCGGCGGCAGGGAAGGCGGGCACGCACAGACCGATGACCCGGCGGGGCACCCCGCCGGCCGCCTGAGCCAGCTGTCGGCGGGCCTCGAGCGCCGCCTCGGCGGTGACGCCGACGTTGCCGCGCAGGGTCGTGTCGATCCGGCACGCGAGGAGGTCGACGTCGCCGGCGACGCGGATGAGGGCATCGGTGAGTTCGGCGGCCTTTCGGGCGGGAAGGTGCCTCGAGTCGGCGTTGAGGACGACGGCGTCGTAGTCGTCGAGGAGGACGTCGAGGTCGACCCTCTCGTGCGGACTCGTCCCCGTCACGGTGATCGTGCGCAGCCCCGCCTCGGCGAAGAGGGCACCGCACGCGTTCCCACCGGTGAGGTCGTCGGCGACGATGAGGATCCGGGCATGCTCCGGTTCGATCGGGTCGCTGTTCATACGACCAAGTCGAGCACGAAGAGCAGCGGAATGGAACCGAGCCACACGGCGGTCGTGATCCCCGACCAGCCCTTGATCGCCTGGATGCCGTCGAGCCCGGCGAAGCGGGTGACGACCCAGAAGTACGAGTCGTTGAAGTAGGAGAAGACCATCGACCCGGCCGTGCACGCCATGACCGCGACGAGCGGGCTGAGCCCGAGAGGCTCGATGAGCGGGGCGGTGACGGAGGCGGCGGTGATCATCGCGACCGTACCCGACCCCTGGGCCAGGCGGACGAGGGAGGCGATGATGAACGGGACGAGGAGCGCGGGCAGGCTGATCGAGGCGATCGCCTCGGCCAGGGCGTCGCCGACGCCCGACTCGCGCAGCACCATGCCGAAGCTGCCGCCGGCACCGGTGATGAGGAGGATGAGGCCGGCCGAGGCGGCGGCGTCGGCGAGCCAGCTCTGGACCTGCGAGCGCGGGGTGAACCGCGGCAGCAGGGTGTAGACGGCGAGGACGAGGCCGATGATGAGGGCGACGACGGGGTTGCCGATGAATGCGAGCGGAGCGACCCAGCTCGAGGGTTCGTAGTCATCCCCGGAGAGCACGCCCTGGGCGTTGCGGTCGATCGCCGTCGAGACGGTGTTCGCGACGATGAGGAGGAGGGGGATGATGAGGGGGAGGAAGCCGAGGAACGCCCCGGGCTTCTTCCCGCCGGCCGCGGTTGCGGGAGTCTCCGTCGTCGTCTCCTCGGTGACCGTCACCTCGTCCCCGGTGACCGTGTCGACGGTGGTCGCCGAGGCGGTCGCCGCTCCGACGCCGGCCGTTGCGTAGACGTCGCGGCTGACCTTGGCGTTGAGGTACGGCTCGAGCTTCGGGCCGATCCAGCGCGCGTAGATGACGACGACGGGCAGGAGGAGGACGGTGAAGACGAGGCCGGTGAGGATGACTCCGCCGATGTCGGCACCGAGGATGCCGGTCGCAGCGAGCGGGCCCGGGGTGGGCGGAACCATGTGGTGGGTGAGCGTCATGCCGGCACCGAGGGCAAGAGCGAGCGTGATGTAGCCGCCGCGCTTGACGCGGGCGATCGACCGGGCGAGCGGATTCATGATGACGTACCCGGAGTCGCAGAAGACGGGGATCGACACGAGCGAGCCGACCGATCCCATCGCCCACGGTTCGCGTCCCTTGCCGAAGGCGCGGAGGAACGCGCGGGCGAGGGAGTCGGCGGCTCCGGAGACCTCGAGGATCTTGCCGATGCCCACGCCGAGGCCGATGACGATGCCGATGCTCGCGAGCGTGGTGCCGAAGCCCGTTGTCACCGCGTCGATGAGGGAGAGCAGGTCCTGACCGGCGACGACGCCGGTGACGAGAGCGGCGATGAGCAGGGCGATGAAGGCGTCGAGGCGGGTCGCGAGAACGATGATGACGATCGTCGCGATCCCGGCGACGAGTGCCGCGATGAGCTGCAGGTCCATGGGTTCCTCCACGTTGAGGCTGGCCGGGGGATCCGGTCAGGGAGCCGACTGAACCGGCTCAGAAGTTGCACAGTATGAGCAAGTATGGGCCATAGATGCGCATGAAAGCAAAGAAAATTTCTCGAGATCACCTCGGATTGGCCCTTGAATAATACCCGTGGGGGGTATATGTTCGAGGTATGGACACACAGCGCGAGGACAACACGGGCACCGATGTGCACGCCGGTCACGAGCACATGGACCACGCTCCGACGGACCACGGCGAGGACCATTCGCACATGGACCACTCCGGTATGGAACACGGCGATCATGGCGACCACGCCAGCCATGGCGATCATTCCGATCACGCGGGCCATGGCGAGCACGCCGGCCACGGCGACCACTCCGGCCACGGTGGTCACGGCGGGCACGCCGCGGTGTTCGGCCGCCTCTTCGTCGTCAATCTCATCATCGCCGTCCCCGTCGTCGCGTTCAGCCCGATGTTCGGCCACCTCGTCGGCTACATGGTGCCCGAGTCGGGACCGTGGGGTTGGCTGCGCTGGATCGCGCCGATCCTCGGCACCGTCATGTACGTCTGGGGCGGTCGGCCCTTCCTCACCGGCGGGCTGAGCGAGCTGCGGTCGCGCAAGCCGGGCATGATGCTCCTCATCGCGCTCGCGATCACTGTCGCCTTCCTCGCCTCATGGGGTTCGTCGCTCGGACTCCTCGACCCCGAGCTCGACTTCTGGTGGGAGCTCGCCCTCCTCATCGTCATCATGCTCGCCGGCCATTGGCTCGAGATGCGCTCGCTCGCGCAGACCACCTCGGCGCTCGACAGCCTCGCAGCCCTCCTGCCCGACGAGGCGGTCAAGGTCGTCGACGGGCAGATGGTCACGGTCTCACCCGAGGACCTCGTCGTCGGCGACATCGTCGTCGTCCGTCCCGGCTCCGCGGTTCCCGCCGACGGCCGCATCGTCGACGGCACCGCGGAGATGGACGAGTCGATGATCACCGGCGAGTCCCGCCCGGTGCGCCGCGGCGTCGGCGACACCGTCGTCGCCGGCACCGTCGCCACGGACTCCGGGGTGCGCATCGAGATCACCGCGACCGGTGACGACACCGCCCTCGCCGGCATCCGCAAGCTCGTCGCCGACGCGCAGAACTCCTCGTCCCGCGCGCAGCGCCTGGCCGACCGGGCCGCCGCCTGGCTGTTCTGGTTCGCCCTCGGCGCCGCTGTCATCACCGCGATCGTCTGGACGCTCGTGGGCATGCCCGACACCGCCGTGGTCCGCACGATCACCGTCCTCGTCATCGCCTGCCCCCATGCGCTCGGTCTGGCGATCCCGCTCGTCGTCTCGATCGCCACGGAGCGCGCCGCCCGCGCCGGCGTCCTCATCAAGGACCGTCTCGCGCTCGAGACGATGCGCACCGTC
NZ_CP065629.1_gap13	751537	754649	3112	TCCACGTCGGCCAGTACCGGTCGTCGGCGAGCCATGCCCTCCACCTGTCGAGGAGTTCTGGCGAGACCTCGAACTCCGCGGCGACGGCGGCGATCTCCTCGCGTTTGCGCGCCCTCACCTCCGCGGGGGATTCGATGGGGATGCCGGAATCGGCCACGATCTCCTCATCGACGGCGTGGAGTTCGGCGAGGACGTCGCCGAGGGAGCGTGCATAGTCCGCGGATTCGAGGTCGAAATGCCATCGAGGCTGTCCCGAGTCATCGATTGACAGCCCCGGAGAACCCGGGAGCAGGGGATAGGCGATGAGGTCGTCGGTGTGGATCTTCCAATCCGGGACCGAGAAGCTCAGCTCAGGGCCGATGGCAGCGAGCAGGCGTCCTTCGACGCGGGCGCGGTCGGCGGCATCCGAACGGCGGGGGATCCGCATCACCCACGAACGGCCGTCGGCCGCCTCGGCGATGGCGACACGGAAGTCGAGGCCGAGTTCGCTGACGACGATCGTCGACGGGTCGATCTCGAGGCCGTGGGCGGCGGCCAGGTCGCTGATGGGGATGGTGGGGGCGGGGCTGGGGTGCATCCCACCACTGTCGCCGACCCGCGACACGAAGTACAGCAGACTGGCGGAAAGATGCCTGGCTGTGACGAAGTTGTGTCATACGGCAAGACATATTCGCAAATACGCTTGCCGGTATGGAGGTGCCGTGCAACGATGAGAGGAGCACCGATGTAGTAGTCGAGCCGGCCGAAGAGGGTCGACCGCACTGAAAGGAATTGGGCGCATGAATGGATCCACAATCCTCTGGATCGTCGTCGCAGCTGTCGTCGTCATCGTCGCCATCATCGTCATCGTCGCGGTGAGCCGGAAGGCGGCGGCGAAGAAGCGCGAAGCTCAGCGTCAGGAGGCAGCGCAGATCCGCCAGAATGTCGCCGAGTCCAGCCCGCGCACCGAGGCCTACGAAGCTGAAGCCGGAACCGCCCGCTCCCGCGCAGATCAGGCATACGCGGAGGCCGAGGCGAAGGCGGCGGAGGCCCGTCAGCGCGAAGCCGAGGCACAGGAGGCCGCGGCAAAGGCCGAGCAGTACGACGTCTCGGCCAGCCACCTCGAACAGTCCGCAGAGAAGTCGCGGCTCGAGCAGGAGCGCGACCTCCGCCGCGCCGACGAGCTCGACCCCGATGTCGATGAGCGCACAGGAGAGCGCAGGACCGACCGCGACGCCGACGCTCGCGACCGGAACGTCGATGACCGCGATCAGGACGGTCGCAATCTCAATGACCGAGACGGACGCGGCTGGGACGACCAGAGCACCCGTGACCGCGACGGACGCGGCTGGGACGATCGTGATCAGGACGGCCGCGACGGACGCGGCTGGGGCGACCGCGATCAGGACGGCCGCGGCGTCGGATCTGCCGGTGTGAGCGATCGCGACGACCAGTACGACCGCGACGCGGGCGGTGCCGGCAGGTACGACCGCAACGCAGGTTACGGCAGCACCGACGGCCTCGCCGCCGACGGCGTCGATGGTCGTGATCCCCGCGGAGCACAGGGCGTCGGCTCCGATCGCTACGACGGCCGCGACCCGCGCGGCGCCGACCCGTACGAGTCGAACCGATACTCCGGTGATCAGGACGCCGACCGCCGGTTCGCCCCGAATCAGGGCGATGTCAACGGGAACTACGACCCCAACCAGGGCGACCCGAACGCGGTCGACCCGACCCGTCCGCGCCGGCTCGACCCGAATCAGCCTGACGACTTCGACGGCCGCAACCCGAATGCCCCCAGGCACTGAGACCCCCAACCACCCCAACGAAAGGAAGTCATCATGCTCGCCACCATCCTCTGGATCATCGCCGCGATCCTCGTCATCTCAGGAATCTTCGCCATCTTCAGGAAGCAGATCCTCTGGGGTGTCGTCCTCATCGTCGTCGGACTCCTCGTCGGACCGGGCGGGGTGAGCATCTTCGCCTAGCCGGTCCTCCGCTCACGGCGCCCCGATTCCCCTCGGATCGGGGCGCCGTGCTGTGAGCGCGACACCGATGAGCAGCTCCCACGCGATTATCGCGTAGAACCCGATCCGCTCCCACACCCCGTCGGCGAGGATCGTGCCCGCCACCGCCCTGACGTCGACCTCGAGCATGACGATCCCGAGGAATCCGACGACTCCGAGCACGATGCTCACCGCGCCGAGGCGGACGTCGGTGGAGGTCCGCCCGCGACGGCGGAGAAGTGCTGCGCCGGCGACGATCACCGCTGCCTGACCGCCGAGAAGCGCGAGCCCGGCGCCGAGGAGGTGGACCCACCCGAGCCCGGCCGCGATGGTCGCCTGACCGCCATGGACGGCGGCGATGACGACCATCCCGAGCCCATGGACGAGCGCGAAGACGACGAACACACGACCCAGCGGCTGTCGGGAACTGCGGACGGCGAGCACCGCCCCGAGCGCGAAGAGCACGCCCTGGACGACGAAGGCGAGCGTCATCACCGGCCAGAGCGGGGAGTCGATGCGACGACCAGCGAGGACCTCGACATCGGGGACGCCGAGGTCGCTGACGTAGTTGACCGCGTACGAATAGTCGGGGAACGCCGACGCTGCGGCCGCCTCGGCGAGGAGATAGACCAGACCCGCCCCCGCCCAGCAGATTCCGGCGATCCGCAGTCGGCGTTCCGGCACAAGGAGACTTTCCCTCATGCCGACCATGGTAGACCTGCCGGCGCGTCCCTATCGTGTGGCTGCGGCCAGAGTCTCCGGATCCGCCGAGGCGTCCGGACGACCGCGCCCTGTCGCCGTCATCATCGCCGTCCGCAGGGCTGAGGTCGGGTCCGCGGGGCGGACCGGGCAGTTCCACGCGATGATCCGGTCGGGTCGGACGAGGAGGGCGCCGGAGTCCGTGAGGTCGCTGATCGCCGCCCACCGGTGGAGGACGTCGTTGCACTCCCCGCCCATGCTCACCTGCGCGGTGCGCAGGGCGACCCCGAGCTCGCCGGCGACCGTCTCGGCAGCCTCCGCCCAGCCGGCGTCGTCGTGGCCGGTGATGAGCGTCCACCCGCCGGAGCCGACGAGGTCGAGCGTCGAGAGCCGCTGCCGGTCGCGATCGACCCAGGCGTGGGGCAGCG
NZ_CP065629.1_gap14	765944	769463	3519	CAGGACACTCATCTCCAAATGGGCAGTCTGCTCCGTTCCCGGGTGCACTCGCAAAGCGGTCACCTCGGAGATCGATCACATCATTCCGTTCTTCCACCTCGATCCGCTCAAAGGCGGGCTGACGAGGTTCGGCAACCTCCACCCACTGTGCAAACGCCACCACGCCATCAAGACGGCCGACCGGTTCCGCGTGCGCATGCTCGACACGGGAACCGTCGAATACGAGTTCCGACACGGAGTCACAACCCGATCCCGGGCACCTGACCAGCCGATTGATGTCGCCCACGCGCTGGAATTCAGCGAACTGTGCTGCCTCAGCCCCGGAGAAGTTCCGATCCCCGAACATCTGATTCCACCAGCCAAGGACACGGTCGAGGTCCCACCTGATGAGGACGCCGTGCGTGAACGGGATGACGCGATCCGTCGTGCTGAAGAGGCGGCGGAGCGTGACCGGCTCCTTGCAGAGAGCATCGCGCGATCAATCGACGCTCGACGACGGAAGAGGCTGTTGGACTGCTTCGACTGGCCGAATGTCACTCACCAGGCGTGCCTGCCGCCGGGAACGGATCCGGTGACGATGAAGAGACTGATGCCGGGGAAACGGGAATCGGCATACTCCATCTGGCGGCGGAGGGACGAGGCCGGAGACGAGTGGACGGAGCCGCTCGACCAGTTCTGGGAAAGCTCGCGAGCATGGACGGCGACCTGCGTGCAATGGGATCACGACGAAGACGACCCGCCGCCGTTCTGATACCTCGGGGGACCGGGCTGGGCGACCGGCCTCGACCGCATCACAGCCCATCGATACTCAATTCAGGCCATCAAACCTCGGCTCTGGCCATCAGACCTCGCCTTTGGCTGTCGGGTCTCGACTCTCGCTGTCGATGTTCGCCTCAGATCACCGAGACTCACATCGTGCACGGCAGGGCAGCTCCATTTACGGCAGAACAGTGCCGCTCACGGCAGGTCATCGAAGTTACGTCAGATGATCGAACTCCCCGGAGAGCCACCTGGCGTACCGGTCCGCCGATGACTGCACTGCATCGTACGCGCCGGCCGGGATGGTCTGCCCGAAGTTGCCGTACATCCTGTCGAAGTCGAGATCGGCCACCGAGGCGGCGATCCTCCTGACGACCGCGCCGGAGAGCGGAAGGTAGTTGGGGAAGCTCCGCATGAATGTCACCCACCCCGATCGCGCGACTGGGCCGATCGAATCGCCGCTGAGCATCACTCCGTGGCCGTCGTGACCGGGCCACAATGCGATTGCGCTGCCGGGGAAATGACCGCCGACTCTGCGCAGCAGGATCTCCGGGAGGGGAGTGGCATCGGCGTCGAAGTAGGTCATCGCCGGGCCATGCCGCTGTACCCACTCCGAATCTGCCTCGCAGACATAGACCGGGGCATCGTCGAACGCCGCACTCCATGCCAGCTGCATGCCGAACATGTGCGGATGACTCGGTGCGATCGCGGCGATCCCACCGAGTTCCCGAATCGCTGAGACCGCCTCGTCGTCGATGAAGGGCGGAACGTCGAAGAGCAGATTGCCCTGGTCGGTCGCAGCCAGATAGCACGTCTGGCCGATGGCCAAACGGGGCTCGACCCGCAAAGCATGAAGCCCCGGTTCGCGTTCGGTGATGACAACCGTGTGGCCCTCGGCGGCGAGCTGCGATCGGCTCACCCATTCCTGCCCCGATGACGGCACCCATTGCCGTTCGTCATCGCAGATCGGGCATATCGGCGGGGGAGTGGGGCCGGTCTCCACGCCACAGTTGCGGCAGATCAGGACATCAGCGAGGCGGTGGTTGTCGCCTCCGGAATGGCCGCTGACTCCGTCCTGTCGGCTCCCGGCATCGCTGTGACGGCGCCCCTCACCGCTGCGATGACGTCTGGCATCGTCTCGACGAAAGGAGCGGTCGGCTCTGCTGCCGTTGGCGCTGTTCGGGGGAGTCGTCATCGTTATCCTTTCTCGCAACCCAGCCTACGACCTCTCCGCTTCGAGTCGACGGGAACTCAGGCAGCCGACGTCTGGAAATTCGTCAGCGTTGGGGAGCTTGTCGGCGTTTCGAGGCCTGCCCAGAGTCTTGAAGCCAGTCGGCTTCTGGGAATCTGCCACCGTCTCAAAACGAAACGCTGTGTTGCGTAAAGCGACGTGGACGTGAGAGGCTCCGACCATGACGCAGCCCACAACGAAGGGGCGGCCGCTCGACGCCGAGCTCACTGCCAGAGTGCTCGCCGCCGTGCGCGCGGAAGTCGAGGCGAACGGGCTGACAAACCTGCGCATCGAGCAGCTTGCCTCGACACTCGGGTGCGGCAAGACCGCGATCTACCGGCGCTGGCCGACCAAGCCCGAGCTCGTCGCCGCAGCGATCCTTGAGACGTTCGACCTCGGCGAGCAACCAGATACGGGAGACGTCGTCGAGGACCTCGTCGCCCACGCGTGGCAGAACGTCGAGAACGTCCGCCGCTCACACGATGCCCGCGCCCGCGGCAACGGTCTCCTGCTCGCGATGTTCGACATGGACGTCATCCCGCTCATCTCGGAGGGCTTCATGGAGCGACGACACGCGATGGGCACGGCGATCCTCGACCGCGCCGTCGATCGCGGGGAGATCGGCCCCGACCTCGATCACGATCTCATCCTCGACGCTCTCGCCGGTATCACCCTCTTCCGGCTGACGCTCCGTCCCGACAGACCACAGGGCACCGATGCCGAGATCCAGGACACCTACCGCACGCTCGTGAGGTCGCTCGTCGGAGCCACCGGCGCGCGGGCCCGGACCACCGACCCCTGACCATCACGACTCGACCTGCGATCACGAATGCACGACCGACGAAAGGACACCATGGCCGCGGCACTCGTCCCACCCATTGTTCCTGGTGACGACCGACTCCTCCTGCGCGGAGCCACCCTCATCGACGGGACCGGGGGTCCGCCGCTTCCCGACGCCGAGCTCGAGATCGCCGACGGGCGCATCGTCTACGCCGGTCCGCGCCGGGCCGACGACGAGCAGCGGCCTCCAGCCGCACGCATCGTCGACCTCACGGGCAGGACGATCCTGCCCGGCTTCATCGACGCCCACGTCCACCTCGGGCTCTCGATCGAGGACCAGGCGGCCGATGCCGCCCGCTTCGATTCCGAACGCACCCTGCGCACCGCGCTCAACGCCCGCCGGACGCTCATGGCGGGAGTGACGACGGCGCGCGACCTCGGCGGCATCGACCGCGGAATGCGCGATGCGATCAGCGCCGGGCTCATCCACGGGCCCCGTCTGCACATCGCCGTCTCAGCGCTCTCACCCACCGGCGGGCACACCGACTTCACCCTGCCCAACGGACGCGAAGTCCCGATGCCGATGCCCGTCCACCCGATCATCGACACCGACGACGACGTCCGCCGCACCGTACGCCTCCTCATCCGCGGGGGTGCCGATGCCATCAAGGTGTGCACGACGGGCGGCGTCTCGAGCCCCTCGGACACTCCCGACGACCTCGGCGTCCCCGAGGAGCATGTCCGCCTCA
NZ_CP065629.1_gap15	773532	774609	1077	CACCGGACCTCGACCTCGTCCTTGTGGGCGAACCCCTCCAGCGCGGTCTCGAAGCGTCGCTTGCCGATGTAGCACCACGGACACGCGATGTCCGACCAGATCTCAATTTTCATGACACTTTCAACTACCGGTCAGCGCGCGTTATTCCCCGGGCGAACAGGTGTGAGCGCGGTCGCCGCCGATCGGTCGGCGGCGCTCAGGTATCGGGTGTGGTCAGCGGCCGGTTGGGGTCAGGGGCCGGTGGGATGGAAGCCCGGGGCTCAGAAGAGGGCGGCCTGAAGCTGCGGGAGGCCTTCCGCGCCGATGGCGATCGAGGACGTCCCGGATGCGGACCGGTCACCCCTGGTGCCGAGCGCCCTGCGCTTGCCGTAGTCCTCGTCCCTCGACCCGCGCAGGCCGTAGCGGTCGATGAGCGGATCGATCCGTGCGCGCAGCCACGTCCGGTACTCCTTCGAGGCATACGGCGAGTTCGCATACATCCGTCGGTAGCGGGGGAGGAGCTCGGGATGTTCGCGCCCGAGCCACTCGAAGAACCACTCCCTGGCGCCGGGCCGCAGGTGCAGGGCACCGTAGACGACCCGGTGTGCCCCGGCCTCGCTGATCGCCCGCAGGGCCGCGTCGAGGTGCTCGCGGGAGTCGGTGAGCTTCGGCAGGACAGGCATGATGAAGACCGTCACCCGGAACCCGAGGTCGGCTGCCGCACGCACGGTCGCGAGCCTCGCCGTCGTCGTCGGCGTACCCGGCTCGATGGCCTGCTGCAGGGTGTCGTCGTGGACGGCGATCGACATGCCGATCTCGACGGGGACATCCTCGGCGGCGCGGGCGAGCAGAGGGAGGTCTCGCCGGAGCAGGGTGCCCTTCGTGAGGATGGAGAGGGGAGTCGCATGGTCGGCCAGGGCCGTGATGATGCCGGGCATGAGACCGTAGCGACCCTCGGCGCGCTGGTAGGGGTCGGTGTTCGTGCCCAGGGCCACGAGCTCGCGCGACCACTTCGGCTTGGCCACCTCGGCGGCGAGGACCTCCGGTGCGTTGACCTTGACGATGACTTCGCGGTCGAAGTCCTCACCCGCGTCGAGG
NZ_CP065629.1_gap16	897225	899604	2379	TGATGACCTCGTAGCCATACTGATCGGCTGACTCTTCCAGAGCGGGACGAGCCGAGTTGCATACTGCGATCAGGCCAATCACATCCCACTGCTCTCGGAACAGATGATTGAAGACGTGCACACGGCGGGTGCGGCTTTGCTTCTCCTTATCGCCCAGCTCCATTACGTTCCAGAACGTGGCGTGAAGTATGTTGCCCATAGTTGATGCCCTCCCGGGTGCGGCAGATGAACTTTCTGAGCGGGTGAATCAGTAGGAGCTGAAGTCGCCGGTCTCAAGGAAACGCCGGAAGAGATGGTCTTCCTCGTCGCGACGAACGAGGGCGGAATCGATGTCGAGGCGAGTCAAGGCAACAATGCGCTCTCTGTCCTCGTAGCTTGCTGCTGCGTAGCAGGGCGCTCGTGCGGCGAGCACCCGGTGCAGCTCGGCCCACTGAGCGGTCGTGAGCTGCGGATCACCTTGGTGAGCGAGTGTGATGGCGTCTGAGGCCAACACGTCGCTAGCGACATGCTCCCGTAGAACGTACGTTCCATCGGGCGTGAAGTGCGCGACGAGCCTGTTCTGCGACACCGTTGCTTTTTCCAGCCAGCAGTCAGTATCAGAGCCTCGGGTCCCCGACGGGCGGCGGTCGTCTTCAATTCCGTGCTCGTCATGACTTTCGGGGCTCATCACTTCCGCCTCCCTGGGTACGCACTCGCGTGGACGGCCGTGGGCTCGGCGCAGCCGGGTCACTTGTCGACTTCGGGGATTCTGCTGATGAGGCTGTCGATCCGCTGGATGAGCCGGTCTCGTTCTGCCTCGATCTCTCGTGCCGAAGCTCTTGCGATCTCCGCGATGTTCTGATGTTCCTTCGCAGCCTGTTCGGCGACTTCAGCACGGGTTTTGGCTTCGGATTCCGCGCTTCGGGCTGCATCGCGTTCCTCTTTAGCGTGCGCGATTTCAGCTGTGAGTGCCTCGACCTCTTGTCTGAGTTCAATGACCTCGGCGGCGAGGCGGTCACGTTCTGGCGAGATGGACGTGACCGCAGACCGGTAAGCGTCTGCCCATATGGCTGTGAGTCGCGCGGTCACATCGGCGGGCACCTCGGGGATGCTCAGCCTCACGGACTCATCCTCAGCCTCGCGCCACGCCTTCGCGACTGAGGCAGCAACCGTCATGCGCACTCCTGCGGCTTCCCGCACCGCGCGTGCCGTGACGGGGAGTCCACGGTCGGTAAGGTCCCGCGCAGCCGCCTCGGCGCGCTCCGCTGGGCCTAGTTGCTCCTCGACGGACATCTCGACCTCCCCGGGTAACTCGGAAACGTTTGTTTCCAGTTTCCACGTTACCGCTCGTGTATACGATTGGGGAGAGTTTCGAGGGCGCCAGTTTCTAAGCGACATTTTGTCCGCGCCGCTGAAGCCCTCGCTGGGCAACAGAGGCTTGGCCAGGGGTCCCGTTGGCCACTATTGCTTCCAATGCCACCATTGGAGTTGCTGAGTTTTGTGCGAGAGCCCGCGCGACGCTGAGGTCCCTGCGTCGATCAAGTGTCGTAGCAAGTGCATAGAGGGTGTCCGGTGGTGTCCGCTCGTGACGGGCAACAGCCTCCCGAACTCGCTTGTCAGTGTCCGCTGATAGAGCATCGAGGGCGTCCTGTTCTGCTCCGGGATTCGCGGCCAGAGCGGCACGCACCCTGGGAGACTCGTCCGCGGCGAGCGTGGCCTGTTCGTCGGGGGTTAGGGACCCTCGCCTGGCCCGCGCAGAGCGGACGGTGGGTGAACGATCGAAAGTGGCCGCGGGGGAGGTGCGCGCCAAAGCTGCCCGCTCCTGGACTGTTCCCGCGGCGTAAAACTCATCGACGTCTCCGTCCCAGCCGCGTTCGCGGAGCTGCGTGGTGCGACGGGCCGCGCGACGAGCCTCCGGATCGCAGCAGCGGCACCGGCGCTGACCGTGTTGATGGTCGGTACACATCGTGTCTCCTAATCAGCAAACCTAATATCTCATCCTAGACGTTGTTCATCAAAGCGCCTAGGTTTGAGGCATGACAAGTGGCCAGAGGGACGCCGTCCCCAGATCGGTCCAGGCGACCCTGGACGAGGAGACAGCGCTCCTCCTCGCCTCCCTCGTGAAGTCCTCAGGGTTGAGCAGGTGGAGATGGGTGCGCGGGGCGATACTCGCAGCAGCCGCTGACCCGAAGGTCGCTGCTGCCATCGCTGAGGCCGCCCCTCCAGAAAGGCGAGGAGGGCCACGACCTGGCGCAGGAGGTCGACGACCGGGAGCGGGGCGTCCTCGTCGGACTCCTCACGTCAGAGCGGCAGCCGATGGGTCAAGCGCAGAGGAAGGGAACGGATGAAGCACGTGGTCAGAGGAGTCCTCTTCGGCCTCCTCATAGGTGCGGTTGCTGG
NZ_CP065629.1_gap17	990931	992072	1141	GCCCTCTCCCCATGTGCGTCCCACCTGCTCGAGGAGGTCGACGGCGGTCGCCGCCAGCGAACGGGACCGGTTGATCTCACCGATCATCATCGCCACGATCGCGAGCGGCGTGAGCGCATCCACCTTGTGCGGCGACGGCGGGAGGGCGAGGACCTGCGGCACAAGGTCATCGAGCATGCCGGAGACGGTGACGGCATCGGAGACGACGACGGACTGGAGCATCGTCAGGGTATCCAGGAGCACGAGGACCGGTCCGGGGGCGACCATCCACGCGAGATCGGGATCGCTCACCTCCTCCGGTGTCTCCGGTCCGCGGGCGATGATCGCCTTGGCCTCGGCGACGACAGCAGGCAGCTGGTCGTAGTCCTGACTGCGGATGACCTCGACGACGGAGAGGAAGCCGGCATAGGCCTGCAGGGTGCGCACATCGGCATCCGCGTGCTCGAGCGCGAGGAACTTCGCCAACCGCGCCCGGGGGAACTCCTGGTCCTTGCGGTAGGCCATGATCGTGAGCATGATGCACTCCCTCACCGGTGTCTCCGGCAGGGCTTCGAACTCGGGGGCGAGGTCGAAGAGCGAGTACACGGTCTTGTTCTCCATATTGATGAGGCCGAGCCGGATGAGGAGCGCATCCCGGTCGCTGCCGGTCGCCAAGTCGAGGCTGCGCCGGAGCACATCGTTGATCGTCGCATAGCTGCGTCTGACCACGGCGTCGTCGATGAACTCCCGGACCGCCTCGGCGAGTTCCGGACTCCATTCGGCGGCCCCGCTGAGCGAATACCACATCCTCCGGAACCCCTGCGCGCTCGGTGCCAGGGCCCGGTAGATCGCCTGGGCCCGAGCGCGCGGGAGCATCTGCCGCACCGCGTGGGCGATGAGCGAATGCCGTGGGGACACCGTCGAACCGAACCCGGACTCCGTGAGCACGGAGGCGGCGACAGCGGGACCGATCTCGACGTCCTCGCCGAGGCGGTCGGCCACCTCGGCGACGGTCGTCGGTCTGGTCTCCGGACCCGCACAGCAGACGATCTCCACGGCCGCCTTCGCGGCGGGCGGCAGCATGTGGAACGGTCCGAGAAGGGGGTTGCGCGCCGGTTCGACGCCGCGGATGGGGATGTCCCAGAGGAGGTGGAGCTTGTTG
NZ_CP065629.1_gap18	1103044	1103789	745	GGCGACGTCGGCCGGTGACTTGCAGAACGAGTACCGGATGGCGCTCCGGTAGGCCTCGGACGCGGTCGAGTCCGGCCGGCACAGGGCCGGGACGGGAATGCCGACGAGCCCGTGCCTGCGGGCGAGGAGATCATTGAGGGCGAACGCGTCGAGATCGGTGAGCGCAGAGAAGTCGACGACGGTGAAGTATCCGGCGGCCGGATCCGAGGCCCGGGCACCGGGCACGCTCGCACATGCGGCGACGAGCACCTCGGCTCGCTCGCGCAGGGACCGGCGATTGCCCGCGACGAAATCGTCGTCCGAGTCCAGCAGACGGGCGAGGCCGACCTGCATCGGCCCACCGCCGGTGAACGTGAGGAACTGCTTGACGGCCTGGATCGCCTCCCGCACCTCCGGTGCGGCGATGACCCAGCCGATCTTCCACCCGGTGATGTTCCAGCTCTTGCCCGCTGAGGAGACCGTGACGACTCGGGCAGGGTCGGCTGCGGCCACGGCCGGAGGGATGTGCGCACTCTCGTCGAGGACCAGCTGCTCGTAGACCTCGTCGGTGAGCACCCACGCATCCGCGGTCTCGGCGGCGCGGACGATTCGCGCGGAGTCCTCAGCGGAGAAGACGAATCCCGTGGGATTGTGCGGAGTGTTGACGATGACGAGCGCCGCACCGTCGGCCATCGCGGCCTCGAACGCCTCCCAGTCGGGTCGGAATCCGCTCTCGGTCTGGAGCACAGGCACGGTGACGAACTCA
NZ_CP065629.1_gap19	1124377	1126462	2085	GGCGCTGACCGCAACGCTCGCCGACCTCGCCCACGCCTACCTCGACTGGGCGGCGAGTCACACGCTCGTCCCCACTCTCGACGCCGACATCACCGCCGTCCACGCCGCCCGGGCCGTGCTCGTCGATGCTGTGACCACCGTCCTCGCCCGAGGACTGAGACTGCTGGGCGTGCGCGCCCCGGAGAGGATGTAGATGCCCGCTCACATCGCAGGCCCCCTGCACGCGACGCCCGCCCCCGTGTGGCTGCCCTATCCCGACGACGTCAACGCCGTCATGCCGAGCCTGTGGTCGGACAACGTCGCCAAGGACTCAGACGGCGTCCTCACCGTCGCCGGTCACCCCGTGACCGACCTCGCCGAACGCTTCGGCACGCCGACATTCGTCTTCGACGTCGACGACTTCGTCTCCCGCGCAGAGCTCTTCCGTCAGGCGTACTCGGCCGCATTCGCCCCGGAGCACGGGCTCGCCGGCGCCGACGTCTTCTACGCGGGCAAGGCGTTCCTCTGCACGGCGGTGGCCCGGTGGGTGCACGAGGCCGGACTGGGACTCGACACGTGCTCGCTCGGAGAGATGATGATCGCCCGCGCCGCCGGAGTCCCCGGGGCGAGCGTGGGCCTGCACGGGAACAACAAGTCCGTCGCCGAACTCGAGTACGCCCTCGACTACGGGGTGGGACGGATCATCGTCGACAGCCTCGACGAGATCGACCGTCTCGAGACCATCGCCGCGGCCAAGGGCGTCGTCGCGCCGGTGATGCTGCGCGTCACCGTCGGCGTCGAAGCCCATACCCACGACTTCATCGCCACCGCCCACGAGGACCAGAAGTTCGGCCTCTCCGTGTCCGCGGGCAAGGCGAGCGCCGCCGCCGCGCGCGTCGTCGACTCCGCCCACCTCCGCCTCGACGGGCTCCACTCGCACATCGGCTCCCAGATCTTCGACATCTCCGGCTTCCAGGTCGCCGCCGCCCGCGTGCTTGCCCTGCGCGCCGAGATCATGGCCACCCACGGCGTCGACCTCCCCGAGGTCGACCTCGGCGGCGGCTTCGGGATCCGCTACACCTCGCAGGACACGCCGATCCCCGTCGCTGAGATGGCCTCCGAACTCGCCGCCGTCGTCGCCAAGGAGTGCCGCGGACTGGGCACGAACGTCCCGCGGATCTCGATCGAGCCGGGCCGGGCGATCGTCTCGCCCGCGGTGTTCACGCTCTACCGCGTCGGCACCGTCAAGGAGGTCGTCACCGACGAAGGTGTGCGCACCTACGTCGCCGTCGACGGCGGGATGAGCGACAACATTCGGACAGCTCTCTACGACGCCGACTATTCGTGTACCTTGGCAAATCGGAACTCGCCCGCCGCTCCCGTCGTCGTCCGCGTCGTCGGCATGCACTGCGAGTCCGGCGACGTCATCGTCCGTGACGAGTACATGGGCGGTGACGTGGCACCCGGCGACCTCGTCGCCGTTCCCGGCACCGGCGCCTACTGTCGGTCACTGTCGAGCAATTACAATCATGTCACTCGGCCGGGGGTGCTCGCCGTGACACGGGATAGGGTGGAGTGGATCGTCACCCCGGAGACGTACTCGCAGCTCTTCGCGAGCGACCCGGGGATGGCGGACCCGACCACCGACGGGAAGAATCCTGATCCGGCAGAGCGCTGAGATCACCTGCGAACCACCGAGAACCACTGAGAACAGAGAGTGAGCCATGCAGCCTTTGAAAGTCGCCATGCTCGGATGCGGAGTCGTCGGCTCGGAAGTCGCCGCCCGACTCCAGTCGCGGGCTGAGGCGCTCGAGGAGCGCATCGGCGCTCCGCTCGTGCTCACCGCGGTCGTCGTCCGCGACCCGGACAAGGAGCGGCCCGGTGTCGATGCGAGCGTGCTCACCACCGACGCCGAGGCGGCGATCGACGGTGCGGACATCGTCATCGAGCTCATGGGCGGCATCGAGCCCGCGAAGACGCTCATCACCCGTGCACTCGCCCAGGGCTCGTCCGTCGTCACCGCGAACAAGGCGCTGCTCGCCGCCGCCTACGGCGAACTCATGGCCTCCGCCGACGACTCCGAGGTCCGCCTCGAGCACGAAGCGG
NZ_CP065629.1_gap20	1127952	1132040	4088	TCCTCGGCGACGCCCCCGACATCCACGTCCTGCCCGTCGGCAACGCCGGCAACATCACCGCGTACTGGAAGGGCTACCACCAGTACCACGGGATCGGCGTCTCGACGCGCCTGCCGCAGATGTGGGGCTTCCAGGCCGCCGGAGCGGCCCCGCTCGTCCTCGGCCACCCCGTGACCGATCCGGACACGATCGCCACGGCGATCCGCATCGGCAACCCCGCCAGCTGGGATCGGGCGATCGAGGCCCGCGACGCCTCGGGCGGACTCATCGACTCGGTCACCGACGAGGAGATCCTCGCCGCGCACAAGGTCCTCTCGCGTGAGGAGGGGATCTTCGTCGAACCCGGGTCGGCCGCCTCGGTGGCGGGTCTGCTCAAGATGTCGGAGGCGGGCGGGGTCCCGGCCGGCGCACGGATCGCCGTCACCGTCACCGGCCACGGTCTCAAGGACCCGAGCTGGGCGCTGCACACCGCTGACGGGTCGGAGATCGAACCGGTGCGCGTGCCGGTCGACGCCGTCAGCGCCGCCCGCGCACTCGGGCTTGAGGACGAGTGATCCGGCGTCTGCGGATCGAGGTGCCGGCGACCTCGGCGAACCTCGGCCCCGGCTACGACTCGTTCGGCCTCGCCCTCGGCCTCGTCGACACCCTCGAACTCACCGTCCACGACGCCCCGGTCGATCCGACCGCCGTCGTCACGATCACCGGGGAGAGCGCCGCCGAGCTGCCCCGGGACGGTTCCCATCTCATCGTCTCAGTCCTCCGCGAGGTGCTCGCCGAGATCGCCCCGGACGCCCACGCGGAGCTGCTGCCGAGGATCACGCTCGAATGCACCAACCGGATTCCGCATTCTAGGGGACTGGGGTCCTCGGCAGCGGCCGTGGTCGCGGGCATCGCCCTGGCCGGCAGGCTCGCCGAGGCGGCCGGAGGGCGGGGGCTGACCCCGGAGGAGATCCTCGAGCGCGCCGCCGTGATCGAGGGGCATCCCGACAACGCGGCGCCGGCGATCTTCGGGGGACTGACGATCTCCCTCTCGGATCCCGCGCGGGCATGGAACGTCCCCGTGCGCACGCTGTCTGCGGTCACAGTTCTCGTGCCCGAGGAGCGGCTGGACACGCTCACCGCCCGCGGCGCCATCCCCGCGGTCGTCGACCATGCCGTCGCCGCGGAGAACGCTGCGCGCACGGGCCTGTTCGTCCATGCGCTCACCGAGGACCGGGACGCCCTGTTCGACGCGACCGTCGATCGCCTCCACCAGGAGGCCCGCCGATCGGCCTACCCGGGCTCGATGGACCTCGTCGACGCCCTGCGCTCCCGCGGGATCCCCGCGGTGATCTCCGGAGCCGGGCCGACCGTGCTCGCGCTCACCGAATCCGTTCCCGCCGAGGCGGTCCCGCCCGGCGTGCGCATCCTCACCGTCGACATCGATGAGGAGGGCTGCCGCATCGCCGACGTCGTGTGAGACACGACACAGAACTCGCGTGAGACGGGATTCGCAAGATCGGCTCGCTGCGGGTAGACTGAACGGTGTTCCTCCGATGAGCGGACTTCCGCGGCAGTCGCCGCGGACTCCACATCGATTCTTCTGGAACATCTCCTGCTCAGTCTTTAGCAGGACGACTTTCACAATGCACCGTCAAGGGTGTTTCCGTCGCCGTGGGACTACGGCTCTTGCCGCACGGCCGAATGAGGGAGAAGGACCTTCGTGTCTGAAACCACAACCCCGGATTCCACACCGCGCACCGGCAGTCTGACCGCTCTGCGCCTTCCCCAGCTGCAGGAGATGGCAGCCGGAATGGGAATCAAAGGATACCGTCGACTTCGCAAGGGCGAACTCATCGACGCCATCAACAACCAGGGCGGCTCGAACGCGCCCGCCGCCGACTCGGCTCCGGCCGAGACCACCGAGGACGCCAAGCGCTCCCGCCGTCCCGCGCGCCGCAGCGCCGCCTCCGCCTCTCGCGCGGATCAGCAGACCGAGGACGCGCAGTCCGCCGAGGCGACCGCCCCCGAGGCCCGCACCGAGACCGAGACCCAGGCGCCCGAGGGCGACGAGCAGGGTCAGGACCGCCAGCGCAGCCGCCGGAGCCGTTCGCGCTCCCGCGGCGGTGACGCCGAGGCCGAGACGCAGTCCGCCGAGGCGCGTGACGATTCCGCTGAGCGCGGAAACCGTCGAGGCCGCCGCGGTGACGACGACCGCCGCGGCGACGACCGCAAGGGCGACCGCGACAACGACCGCCGGGACAACGACCGCCGGGGCGAGGACCGCAAGGGCGACCGTGACAACGACCGCAAGGGCGAGCGGGGCGGCAATGACCGTCGCGGCCGTCAGGGCGAGGGCGATGACCGCGGCGACGACCGCGGCAATCGCAACGACCGTCGTGACAACGACCGGCGCGACAACGACCGTCGCAACCGCGACGATGACGAGCGCGGCGGCCGCCGCGGTCGCGGACGGGATCGCAAGCGCCGCGGACGCGGCGGCGATGAGCCGGAGATCCGCAGCGACGACGTCCTCATCCCCGTCGGCGGCATCCTCGACGTCCACGACAACTACGCCTTCCTCCGCACCTCGGGCTACCTGCCCGGGCCCAACGACGTCTACGTCTCGGCCTCGATGGTGCGCAAGAACGGTCTGCGCAAGGGCGACGCCGTCGCCGGCGCGATCCGTCAGCCGCGGGAGAACGAGCGCGGGGGCAAGCGTGAGAAGTTCGACGCCCTCGTCCGCCTCGACTCGGTCAACGGACTGAGCGTCGACGATGCGAAGGGCCGCGTCGAGTTCTCGAAGCTCACGCCCCTCTACCCGCAGGAGCGTCTGCGCCTCGAGACCACCTCGAAGCTCCAGTCGACGCGCCTCATCGATCTCGTCACGCCGATCGGCAAGGGCCAGCGCGGCCTCATCGTCGCCCCGCCCAAGGCCGGCAAGACGACGATCATGCAGCAGGTCGCCAACGCGATCACGGAGAACAATCCGGAAGTCCACCTCATGGTCGTCCTCGTCGACGAACGCCCCGAAGAGGTCACGGACATGCAGCGCGCCGTCAAGGGCGAGGTCATCGCCTCGACCTTCGACCGTCCCGCCGACGACCACACGACGATCGCCGAACTCGCCATCGAGCGCGCCAAGCGCCTCGTCGAGATGGGCTCCGACGTCGTCGTCCTCCTCGACAACATCACGCGCCTGGGCCGGGCGTACAACATCGCGCAGCCGGCCTCGGGCCGCATCCTCTCCGGTGGTGTCGACGCGAACGCGCTCTACCCGCCGAAGAAGTTCTTCGGCGCCGCCCGCAACATCGAAGGCGGCGGCTCCCTGACGATCCTCGCCACCGCGCTCGTCGAGACGGGCTCGAAGATGGACGAGGTGATCTTCGAGGAGTTCAAGGGCACCGGCAATATGGAGCTGCGTCTGTCCCGCCAGCTCGCGGACAAGCGCATCTTCCCGGCCGTCGACGTCAACGCCTCGTCGACGCGTCGCGAGGAGATGCTCATGACGCCGGAGGAGACCAAGGTGATGTGGCGCCTGCGCCGCCTCCTCTCGGGTCTCGAGCAGCAGCAGGCCGTCGAACTCCTCATGTCCAAGCTCAAGGAGACCGGCTCGAACGCCGAGTTCCTCATGCAGGTGCAGAAGACGACGCCGCTGCCGAAGTCCTCGACCGACGAACACTGAGATGACTGACAGCCTCAGGGCCAGTGTGAGCATGCTCGTCGACGAGCATGCGAGGCTGTCCGAGGAGCTCTCCGACCCGGCCGTGCACGCTGATGCCGGCCGGGCCCGGAAGCTCACCCGCAGGTACTCCGAACTCGACCGCATCGTCGCCGCCGCCAAGCGCGTCGATGCCCTCGGCGACGACCTCGCCGCCGCCGAGGAGCTCAGCGCCGAGGATCCCGACCTTGCCGCCGAGGCCGAGCGCCTGCGCACCGAGCAGGCCGAGGCCGAGGCCGAACTCCGCGATCTCCTCGTTCCCCGCGACCCCGACGACGCCCGTGACGCGATCGTCGAGATCAAGGCGGGGGAGGGCGGCGACGAGTCCGCGCTCTTCGCCGGGGACCTGCTGCGGATGTACCAGCGCTGGATCGACTCCCACGGCTGG
NZ_CP065629.1_gap21	1148499	1151377	2878	GAGGTCGGTCGCCTCCTTCTCGGCGGCGGCGCGCAGCTCCGCGAGTTCGTGCTCGAGGCTTTCGCGGGCCTCCTTCGACGCGGCGTCGTTGGCCTCCTTCGACTGCGCCGCCTCGCGTTCGGCGGTGGCCTTGAGCTCGGCCGCGCGCTTCTCTGCGGACTTCACGGCCTCCTCGGCGCGCAGCTCGGCGGAGCTGATGATCGCGTCGGCCTCGGACCGGGCGTTGTTGAGGGTGTCATTGCTCTCGGTGTGCATGCGCGCACGAGCAGACGCCGCCTCGGCGCGGGCCTTGTTCCGGATCGTCTCCGCATCCGAGTTCGCCTGGGCGAGGGTCTCCCGGGCCTGGGACTCGGCGATCTTGAGGAGGTGGTCGATGCGGCTTCCGGGGGGACCGGCCGCCTCGGCGTTCTCATTGGCGGCCTTCTTCAGCTGAGCCTTCGCCTCGGACAGCTCGCCGGCGATCTGGAGCTTCGCGCGATCGGCGTTGATGACCTGACTGCGCGCATCCGACAGCGCCTTCCGCACGGATTCGATCTCCGTGCGCAGCTGCTGCAGTCGGGAATCGACTTCGCTCTTCTCGTACCCGCGCATCGCTGTGCGGAATTCTTCGGTGGGCGTCACTGAAGCTGACTCCTGTCATGTCAAGGGGATCTGGTCATGCCTGCGCGGTCCCTACTCTATCGGACTCAAGATGAGTGTTGGGTCCGAATCCCCCTGCGGGCGACCGCCTCGGCGACCCCGGTGACGGAGGCCACATCGGCCTCGACTACCCTGTACTCAACAGCTCTCCGCTGCACGCGTCCCGCTGTTCGCGGAGCCACAGTCCTTCGAGGAGGAAACATGACTGAAGCAGTGATCGTCTCCGGTGCCCGCACCCCGTTCGGGCGGCTCCAGGGAGCGCTCGGAACGCAGACGGCGGTGAACCTCGGTGCCGCAGCGATCAAGGGAGCCCTCGAGAAGGCGGGCATCTCCGGAGACCAGGTCGACTACGTCATCATGGGCCAGGTGCTCCAGGCCGGCCTCGGTCAGGGTCCGGCCCGACAGGCCGCCGCCGAGGCGGGGATCCCCATGAGCGTTCCCGCGATCACGATCAACAAGCTCTGCCTCTCCGGCATCAACGCGATCACCCAGGCCGCACAGCTCGTGCGCGCCGGCGAGTACGACGTCGTCGTCGCCGGCGGGCAGGAGTCGATGACGCTTGCCCCGCACCTGCTCGAGAAGTCCCGCGCCGGATACAAGTACGGTGACGTCGTCGCCAAGGACCACATGGACTACGACGGTCTCTGGGACGCCTTCACCGACCAGGCCATGGGCGGACTGACCGAAGAGGCCAACAAGGGCGAGTCCGAGTTCTCCCGTGAGGAGCAGGACGCCTTCGCCGCGCAGTCGCATCATCGGGCTGCCGCCGGCTGGGAGAAGGGCGCGTTCGAGGACGAGGTCGTGCCCGTGACTATCCGCACCCGCAAGGGCGACGTCACCGTCGACACCGACGAGGGCGTGCGCCCGGACACGACGGTCGAATCGATGGCGAAGCTGCGCCCGGCCTTCCGCAAGGACGGGGCGATTACCGCGGGCAACGCCTCGCAGATCTCCGACGGCGCGGCCGCTGTCGTCGTCATGTCTCGGGAGAAGGCTGAGGAGCTCGGTGCGCCGATCCTCGCTGAGATCCGCGCCCACGGCTGGACGGCAGGACCCGACTCGACCCTCCAGCACCAGCCCTCGCAGGCGATCCGCAAGGCCGCCGAGTCCGAAGGCGTGGCCGCTGACTCCTTCGACCTCTACGAGATCAACGAAGCGTTCGCCGCCGTCGGCCTCGCGAGCACGAAGGACCTCGGCATCGATCCGGAGAAGGTCAACGTCAACGGGGGAGCGATCGCCCTCGGGCATCCGATCGGGGCCTCCGGCGCCCGCATCGTCCTCACCCTTGCCCTCGAACTCCAGCGCCGAGGCGGCGGCACGGGTGTCGCTGCCCTCTGCGGTGGCGGCGGCCAGGGTGATTCGCTCATCATCACCGTTCCCGAACAGGGCTGAGTCCAGGGGAGGAGGAACCGCCATGCTGCTCGCATTCTCTGTCGCCCCCAGCGGCGGCGAAGGCCCCGACGGCTCGGTCCATGAGGCCGTGGCCGCGGCTGTCGAAGTCGTTCGCGAATCCGGGCTGCCGAACCGCACGACGAGCATGTTCACCGAGATCGAAGGGAACTGGGACGAGGTCTTCGATGTCGTCCGTCGTGCCACCGAGGCGGTCGCGCCGTTCGGGTCCCGGATCTCGCTCGTCATCAAGGCCGATATCCGTCCCGGGCACGAGGGAGAGATCGAGGGAAAGGTCGACCGCCTCGAGCAGGCGATCGACGCGCGGCGGAGAAACGACGCCTGACGCAGAAAAAGCAGTGACGCAGATCTCAGATGGGTCTATCCTCGTCTCAAGGACGAAGGAGGATGACCCATGAAGAATGGATCCGCGTATTTCACCACTGCCACTGCTCTGACCATGATCGCCCTGCTCGGGTTCATGATCGCAGGATTCTTCCCCGTCGCGGCCGAGGTCGCGTTCGGCGTCGAAGCCGCCGCGGTCATCCTCGCGCTCACGGGCGTCGTCATCCTCGCGATCATCACGGTCCGCAAGGCGCTTGAGAAGGCCGGCAGCACCCACTGACCCCGGTCGTCTCCGACGGCCCCGCTCCGACCCCGGCCACATGGCCGGACTGGTCGGTGCGGGGCTGCTTTCGTCTGCCCGCTGCCCATCGGTTACGATGTGTGGGCCTCCGTAGCTCAGTCGGATAGAGCAACCGCCTTCTAAGCGGTAGGTCGCGGGTTCGAGCCCCGCCGGGGGCGCAGTGCGCAGGCAATTGAACCCCGTCACGGCGTGCCTGGTGGTGCT
NZ_CP065629.1_gap22	1207906	1209769	1863	TGTGGGGCGCGTTCATCGACGGCAAACCCGTAACGAAGAGCGAGCTCGGGCACTCCTCACCGGTCATGCTCATCGCCGCCGGACTGCCCATCGTCGCCTCCCTGCCGCTGAGCTTCGTCCTCTTCGTCTTCGACACCCCGCTCACCGAGGTCGTCGCCGCCGCGATCCCCGGTGAGCCCGAAGAGGTCCATGTGAAGTTCTGGCATGGATTCACCCCTGAGCTCTTCGCCTCTGCCCTCATCATCGCCATCGGCATCATCCTCATCATCAACCGGTCGAAGGTCTTCGCGTTCTTCCACCGGGCGCGGCTGAGCTTCGACGGCGCCGACGTCATCAACGGCATCGTTGTGGGCCTCATCCGCATCGGCCGCGGGCTGAGCATCGTCGTGCGCCCGATGAACTCGGGACCCTACCTCGCGACGAGCCTCGGCGGACTCGCCCTCATCGCTTTCGTCTCGGTGCCCGTGATCTTCCCGAACCTGCCGCCGCTGCAGGACAACCTGTGGCGGGCCCCCGACGTCGTCCTCCTCGTCCTCATCACCATCGCCGTCCTCGTCGTGTGCACCTCGCACTCGCGCCTGACCACCGTCGTCTCCCTCTCCGCCGTCGGCATCCTCGCGACCGTGCAGATCCTTGCGCTCGGGGCGCCCGACGTCACGCTCACGCAGCTGCTCGTCGAAGCGATGACGATCATCGTCATCATGCTCGTCCTCCAGAAGCTGCCGCGCTCGTTCTGGCGGTACTCGAAGCGCCTCCAGTCCACCCGTGCGCTCTTCGCGATCCTCGTCGGCGCCGCTGTCACCCTGCTCACGCTCACTCTCAACGGGCGCCGGGAGCGGTCGCTGGTGGGCATGTACTACATCGAGAACGCCCCGGAGATCAGCGGCGGGCACAACATCGTCAACACGATCCTCGTCGAGTTCCGAGCCCTCGACACGCTCGGCGAGCTCACCGTCCTCGGCATGGCCGGGATCGCGATCGTCGCCGTGATGTCGACAGTCAAGGACCGCTACATCGACCCTCCGGCGGAGAACATCCCGGAGCCGCCGAGGCGGGCGTGGGTGACCGTGCGGCCGAAAGGCACGAGCGCCTACCGCGGCGTCCACGAAGCGTGGCCCAACGTCATCCCCCTGCAGCTGACGATCAAGGTCCTCGGTCCGCTGCTCGTCGTCACCTCACTGCTCATCTTCTGGCGCGGGCACAACGAGCCCGGAGGCGGCTTCATCGCCGCCCTCATCGGCTCCGCGGTCATCGGGCTGCTCTACATGTCCACAGCCAAGGACCGGGCGATCGGTCCGCCGCGCGCCCCGCTCTACCTCATCGGCGTCGGCATCGGCATCGCCATCCTCACCGGTCTCCTCGGCCTTGTCGTCGCCGGGTCCTTCCTCGAGCCGATGCAGGTCTACATCCTCGGTGAGAAGTACACCTCGTCCCTGCTCTTCGACGTCGGCGTCTACCTCGCCGTCCTCGGGCTCATCCTCCTCTCCTTCAACCTCCTCGGCGTCTCCGACTCCGCGGCGACGCCGGCCGGCGACGATGTGCTCACCGACGGGATCATCCGCCGCGATGTCGAGCGGACCCGCGAACGCGCCGACGAACTCCTCTACGGTGAGCTCAAGGGCCCGATGGAGTCGATCAGGGGTGAGCGTCCCGGCCTCGGCGACCGCATCGCCGCGCGCGGATCCGACCGGAAGGTGAGAGCCTCGACGACGCACATCCTCGACGGAAACGCACCGCTCGACCGCGGTGAAGCCCCGACCACGGCTGAGGGGGAGACCCGATGATCCTGGCCATAACGATCGGCGTCCTCACCGCGGGCGGCGTCTACCTCATGATGCAGCGGTCGATGGTCCGCGGTGTCTT
NZ_CP065629.1_gap23	1210963	1215438	4475	CTCGCCGCGGGCGCGTTCTACATGGTCCACAGCATGATCACGATGGCCGGGCTCCTCCTCGTCATGGGCGCGGTCGAGCAGACCTACGGCACGGGATCGTTCAAGAAGCTCTCCGGGTTGGCGAGCCGGGAGAAGTGGGCGAGCGTGCTCATGGTCCTCGGCCTCTTCTCCCTCATCGGGCTGCCGCCCACCTCGGGCATGTGGGCGAAGATCGGACTCATCCGGGCGGCGACCGGAGTCGGTGACGCCGCCGGCTGGTGGATCGTCACGGCGATCGTCGTCGGGGCGCTCATCTCGATGCTCGCCCTCCAGCGGACGTGGCGGAACACGTTCTGGGGCCCGCCCATGCAGTCCTACCGGCCCGACTCCGCGGAGACCGGGCGTGCACCGACCGAACCGGTCCCCGACGGACTGCGCATCCCCGCGCGCCTGCTCGTGCCCGGGACGATCATGATCGCCGTGTCCGTGGCGATCTTCGTCTGGCCCGAACCGCTGCTCGAGGTCACGGCGCGCGTCGCCGAAGGCCTCCTTGACCACACCGACTACATCGAGGCGGTGACGACACCATGAGACGCGTGATCAACGGCCTCTCCTACGTGTTCTTTATCCTCTGGGCCATCATCGTCGGCACCGCGAAGGTCGTCGGCCACCTGTTCCGGGTCAACCGCCCCTACGCCCACCCGATGATCGTCGAGGTGCCGCTGCGGTGCCGCACGGACCTCGAGGTCACCCTGTTCGCCTCCTCGATCACCATCACCCCGGGCACGCTCGTCACCGCGATCGCCGCCGGCACGGCGACGACCCCGCCGGTCCTCTTCGTCCACGCCCTGTTCGAGGACTCCGAGGACGCCGCCCTCGAGGGCCTCTACGACATGGAGTCGCGGCTGCTGGCGATGACTCGGGGACGGGCCCCGCAGAGTCCTCCCTCGGGCGTCGCCGAGGTGGAGGCGAACTGGATCGACCCGGGTTCGGCCGGAGAGAGGGGCAGACCATGACCGTCATCGTCGCCGTCTGTGCGATCATCCTCGCCGTGGCCATCGTCATCGGCCTCATCCGCGTCATCACCGCGAAGGACCTCGGCTCCCGGGCCGTCGTCAGCGACCTCGTGTACTTCTGCGCGGTCGGCATGCTCACGATCATCGGGATCCATGTCTCGTCCTCGATCGTCCTCGATGTCATCTTCCTCGCCTCGATGGTCGGCATCCTCGCCACCATCGCGCTCTCCCGCATCCTCACGAGGGGGCATCGCTGATGAATGAGCTCACCGCAACCATCCTCGTCGGCGTCTTCGGGATCACCGGCTCCCTCATCGTCCTCGCCTCGGCGCTGGCGATGTTCCGGGTCCGCGACGCACTCTCGCGGATCAACGTGTTCTCTCCTGCCACCGGTCTCGGCCTGCCGCTCATCGCGCTGGCCGCCTACGTCAGCGATCTCTACGTCGAGGGCTTCAGCGTCACGTCTCTGCTCGTCCTCCTCGCCACGATCCTCTGCCTCATCATCGTCTCCTCGGTCGCGAGCAACACGCTGTCGCGCGCGAGCGTGCTCTCGGGACAGCCGATCTACCGCAAGACCTCGCCGAACCGGCTGGCGCAGCCCCCGGAGGGGATCGAGGACCCGGACCCCGCGGATGCGGAGCCGGTGACGAAGGACGACCGGCCCGGGCCGAACGGCTGAGAACCAGTAGCTGAGAAGCGGAAACATCGCACCGACAGCTGAGGATTAGGTGAGCCTTCCCTTATGCTAGGATGAGCGAGCCGCAGACGCCGGCGCGCCATCTCAGCAGAAAGCCAGCCATGTTCCAGACGTTTCTCATCGGCCTGCGTGAGGGCCTCGAGGCCGCTCTCATCGTCAGCATCCTCATCGGCTATCTCGGGCGCATCGGCCGCACCCGGGAGATCCGGGCGATGTGGTGGGGGATCGCCGCGGCCATCGTCGTCTCCCTCGGCTTCGGTGCCCTGCTCACCTTCGGACCCTCGACCCTGACGTTCGAGGCCCAGGAATTCATCGGCGGCACCCTCTCGATCATCGCCGTCGGCTTCGTCACGTGGATGATCTTCTGGATGGCGCGCACAGCCAAAGGGCTCGCCGGCGAACTGCGAACGGCCGCGGACAGAGCCCTCGACGGTCCGCTCATCGGACTCGTCGTCCTCGGCGCCTTCTCGGTGGGGCGCGAAGGACTTGAAACCGCCCTCTTCCTCTGGGCGGCCACCCGCGCGAACGCCTCGGCGGGGGCGTCCGCCCTCGGTCTCACGCTCGCCGCGGTCGCGGGCATCCTCATCGCCGCCGCCCTCGCGTGGCTCATCGCCAAGGGACTGCTCCGGCTCAACCTCTCTCGGTTCTTCACGTACTCGGGGGCGTTCCTCATCATCGTCGCCGCCGGCGTCCTCGCCTACGGGTTCCACGATCTGCAGGAGGCGGGGATCATCCCCGGACTCCACTCGCTCGCCTTCGACGTCTCTGAGGCGATCCCGCCGACGAGCTGGTACGGCGTGCTCCTCAAGGGAATCTTCAACTTCTCCCCGGCCACGACCTGGGTGGAGTTCACCGTGTGGTGGCTCTACGTCATCGTCGTCGGCACGCTCTTCGTCCGCGGACTGCGCTCCGCGCCGAAGCCCGCGGCCGCTCCGGCCGCAGCCACCGCCTGACTTCGCGTCCTCGGGCCCGCTCCCGACGACGCTTCGCGCTCCCGCTCCACCGCGGGCGCACCGCTCCGGACCGCGACCTGCGGACCGTCACCTCCTCCGCTCAGCCAGCGGAGACTCACCCCAAGGATGGATATGAGAACCCTCAACCCCAGCGTCGCCGTCGTCATGGCCGTCGGCGGGGCACTGCTGCTCACCGGCTGCGAGCCCAACGCCGACCAGGGCGGCGCGATCGCCGTGACGAGCACCGACGACTCGTGCGAGGTCGCCGCGACCGAGGCACCGGCGGGCACCCTGAAGTTCGACGTCACGAACGAAGGATCGAAGGTCACCGAGTTCTACCTCCTCGGTGAGGACGGGCTGCGGATCATCGGCGAGGTCGAGAACATCGCCCCGGGACTCGAACGCTCGCTGACGGTCACCGCACCCGAAGGCAAGTACTTCACCGCGTGCAAGGCGGGCATGGTCGGCGACGGACTGCGCGGGGACTTCACGGTGACGAAGGGTGAGGGCGGTGAGCAGGTCAGCGCCGAGGACTCCCAGCTCGCCGAACAGGCGACGACCCAGTACTCGGCCTACGTCAAGGACCAGACCGAGCAGCTGCTCACCGGCACCGAGGACTTCGCGAAGGCGTACAAGGCGGGGGACGACGACAAGGCGCGCGAACTCTACCCGAAGGTGCGCACGAACTGGGAGCGCATCGAACCCGTCGCCGAGTCCTTCGGCGACCTCGACCCCAAGCTCGACCTGCGTGAGGCCGACCTCGAGGACGGCCAGGAGTGGACGGGCTGGCACCTGCTCGAGAAGGACCTCTGGCCGCCGCAGGACGGCTACACGGCGCTGAGCAACGCGGACAGGGAGAAGTACGCCGATCTCCTCATCGAGGACACGAAGGTCCTCTACGATCGCACCAGGGAGATGACGTTCACCCCCGACCAGCTCTCGAACGGGGCGAAGGAGCTCCTCGACGAGGTCGCCACGGGCAAGGTCACGGGTGAGGAGGAGACGTGGTCGCACACGGACCTCTGGGACTTCCAGGCCAACGTCGACGGCGCCAGGGTCGCGTATGAGGATCTCAAGCCGCTGCTGGCCACCCGGGACAAGGAGCTCGACGAGACGCTGAGCACCCGGTTCGCCGATCTGCAGACCCTGCTCGACGGACACCGGAAGGGCGAGGGCTTCGTCCTCTACACCGAGCTGAGCAAGGACGAGGTCAAGGAGCTCTCCGACGCCGTCAACGCGCTCTCCGAGCCGCTGTCGCAGCTCACCGACAAAGTGGTCGGCTGATGAGCGACCGGCCAGGCGTCTCCCGACGCGCGATGTTCGGCGTCGGGGCGGGCACACTTGCCGCCGGTGCCGCCGCGGGCTTCTTCGCCCATGACCCGATCGCCGAGGCAGTCGGGGCGGAGAACGACATCGTCGACTTCTTCGGGCGGCATCAGGCCGGCATCGTCACCGAAGCGCAGGACCGGATGTGCTTCGCCGCCGTCAACGTCCTCACCGACGACCGGGACGAGCTCATCGACCTCCTCAAGCAGTGGACGGCCGCGGCGGCGAACCTCAGCCGCGGTCTGCCCGTCGTCGAGGACGGCGTGGCCGGGGGCTCTCGGTTCGCTCCGCCGATGGATACGGGGGAGGCGCAGGGGCTGAGCGCCGGCCACCTCACGGTGACCATCGGTTTCGGGCGCAGCCTCTTCACCGACGCCGACGGGCAGGACCGGTTCGGCATCGCTGACCGGCTGCCACCGGGTCTCATCGAGCTCCCGCACTTCCCGGGCGACCGCCTCGACGAGGCGCGAACCGGTGGGGACCTGTGCATCCAGGCGTGCGCGG
NZ_CP065629.1_gap24	1216937	1219959	3022	AGTCCATCGCCGGGCTCAGAGCTCGGAGAGGGGCACCGCCTCGTCGGCGAGCTTCGCGGTGTCGACCTGCTTGCCGATGAGGGCGCGCAGCTCGTCGCTGACGTCCCAGATGTTGACGTTCATCGCCGCGGTGAGCGTGCCGTCCTTCGTCCAGAAGACGATGAACTCGCCGGAGTCCTTATCGCCGCGGATCGTCACCTCGTCCTCGCCGGAGCCGTGGCCGACGTACTCCATGCCGAGGTCGTACTGGTCGGTGAAGAAGTACGGCTCCCAGTCGTAGACGGCGGTGCCGCCCGTGAGCGTCGAGGCGGCGACGTCGGCCTGGCGCACCGCGTTGTCCCAGTGCTCGACGCGGATGCGGGAGTCGAGTCGGGTGTTGAAGGCGTTGGCGATGTCTCCGATGGCGAGCACGTTGCTCTCGCTCGTACGCATCCGCTCATCGGTGGGAACGCCGTTGTCGACGTCGATCCCGGCCGCCTGGGCGAGGTCGACGGTGGGGTCGGCCCCGATGCCGATGACGACGAGATCGGCGGGGATGTCTCCCTGCGTGGTCTGCGCGGTCTCGACGGCGCCGTCGCCGGTGAAGCCGGTGACCTCGGCGTCGCCGAAGAACGTCACCCCGTGGGAGACGTGGAGCTCTTCGAAGTACCTCCCCATCTCCTCACCGAGGACGGCCTTGAGCGGAGGGGCGTCGCGGACGACGACGGTGACCTCGGAGCCGTGGGAGCGGGCGGCAGCGGCGACCTCGAGTCCGATCCAGCCGCCGCCGACGATGACGACCTTCCGTCCCTCGCCGAACTGGGAGCGGATGGCGACGGCGTCACCGGCGCTGCGGAGCGTGTGGACGTTGGCGAGGTCGGTGCCGGGGACGTCGAGGGTGCGCGGGGTCGATCCGGTCGCGAGGATCGCCTGCCCGTAGGAGAGCTCATCGCCGGAGGCGAGGGTGACGGTCCGCGACGAGGTGTCGAGTTTGGTGGCCGCGTCGGCGAAGAACGTCTCGACGTCATGGGCGGCGTACCAGTCCTCGCCGCGCAGCTCGGAATCGCCGGGGTCGGTGTCCTCGAGCATGAGCTTCTTCGACAGGTCGGGACGGTAGTACGGGGGCAGGGAGTCGGCGCCGACGAGTGCGATCGTGCCGGCGAAGCCGTCGTTCCGCAGCGATTCGACGACCTGACCTCCGCCGATGCCGGCTCCGACGACGACGATTCCGAATTCCTGTGCCATGTCCGCTCCTTCTCAACAGTGGTGTCAGTCACAGCCTGTACTGCCGTGGGGTGAGAGTCAAACAGCGGATCGACATGGTGGGTTGTCTCGCAGGCCGCCCGTCCTCCCCAGGCTTCGCCGAGGCGGTCGTCACGTGATTTTGTGCAACACGGGTGGTCGGGGCTAAAGTTGATCCCTGTCAGGGGCTATAGCTCAGTTGGTAGAGCGCTTCGTTCGCAATGAAGAGGTCAGGGGTTCGATTCCCCTTAGCTCCACCCCATGAAGTGTCGCGACATCGTTCCTACGGTGTCGCGACACATTGCTCTTCTGTCGACAGAGATCACGGTTCGAAGCGGCGACAACGGGTTCTCTGTGGTTGCGACAGTCAGACCTCCAACGCTTCGACAGGCGCACAGGCGCTAAGTGCGAGCTTACGTGGTGTCTCCGAGATCGAATACAGGGTCGAGGTACGAAGACACCAGTGCCATCTGCTCATCGAGGTCCGCTTCGCAGACTGCTTCCAGTCGCTCCTTGCGACGCCACGCTGCCCATTTAGCCTGCCCGATCCGCCCGTAGCCGACGACGTGTGGCGCAACGGGTTCGAGGGTGACGCCGCGGTAGCGGGCAACGGCCAGAGCGGAGCGGAATAGCTCGTCACTGTCGATGCCCTGCCGGCCGAGCTGGACGATGTCGACGTAGTCGCGCCACCTCGTGCTCGTGATGCCCCGCTCCAGGATGGTGACGCCCTTCTCGGCGATCGTGGTTTCGGGTGCATAGCCGAAGAGCACGATCGGGTCTCCCAAAATGCGGTCGATGCGTACCTGCCGAGGCGCGGGCACTATCGGATCTCCGGTGGAGACATCCCACGGCGCGGTGCCCTTCCACGGTCCGATCGACGCACCGACCCGCACCCGGAAGCCTGGGTAGTCGGCGTGCTCGCGGATCTCCTGCACACTGAGCGAGCCGAGATCGAACGCTACCCCGTCGCCGGTCTCGATGGCATTGATGTCGTGGACGACCTCAATGAGGTGATCGGCGGTGACGTCGGCTCCGATGGCATTCGCGTCGGCGTCTTTGGTCGGACGACGTACACCGTAGGCGGCCAGCAGGATCCCGCCTTTGAGCACGAAGTCCTCGGCATGAGCAGTGCGGGAGAAGCGATCGAGGAACGATTCCAGCGTGTGCCGGATCAGATATTCCTGCGTCGGCGCACCTGTCCCAACCTTCGTGCCCGCGGCGCGTGCCGCGGATTGGACGCGGCGGAACACTTCATCGCCCGTACTCACGACAGCGCCTCCAAAGCCTGAAGCACGGGAGATTTCGCGCGAGGAAGCCGAGAGGAGATCTCCATGAGCCGAGCAGGTTTCCCGCCACGACGCAGCCACTCCTTCAGCGACTCCCGCGCCAGCTCATACCCGACCTCGCCCCGCAGTCGGAACGCGTCAGCGATCGATCGCTCAGGCGAATAGATCCGGATCGCCTGATCCGTGCCCGGAATCAGGATCTCCTCACGTCCGATGTCAAATGTGGACCGGTCGAACTGATGCCAGGCGATAGCACCATCGCTCGCCGGTGTGCGCGACCCACGCGGGATCGCGACATCCAAAGCGGCGGGGATCACATCTGTCAGATCGTGGTGAGCAAGTGCTGAGGCCAAACAGATCGTCGCATTCGGGCGACGAGCAGCGGCCTCGATCCAGTCCCAGTCCGCCGCAGCCGCATCCGCCGGAAGGTATATGCCCCGCGCGACTCGCGCCAGTCGCCCCTCGCGAACCGCACGGTACAGCCCGCTGCGTGACATGCCGGCTTCCTCGGCCGC
NZ_CP065629.1_gap25	1222283	1225890	3607	TCGAGGTTGAGCCAGTGCCCCCTCATTCCGTCGGGTTCGACGACGGTAGGGAACTCTGCCCCGTCGACGACCGCCTCGGCGGCCACCTGACCGCGTGAGGGCAGCTCCGCACTGGCCTCGGCCGGCAACCGGACGAGGACGCGGTCGCCGAGGGTCTCCACCTCGGCGTCGAACGTGATCTCTGCCTGCTTCGTCGTCGTCATGGTTCTCCTCAAGTTGAACCGGATATGGGGGGGGGTGAGCCGCCCGGAGGCGGACGGATCTGACAACTCCAGGATAGCCTCGGCGGATCAGCGGGGACTTCTCGATTCCTGACGGATGCGGCCGGGCGCACGAGCTGTCAGGCCGTGGCACGGCAGCTGCATCGGAGATGCGAACTGTGAATTGACTTTTCCTGAACACTGTTCAATGATCTGGGCATGACGATGATGACGACTCTGGCCGAACGCGCCTGTGCCGGTGACCCTGCGACCGCCGAGGAAGCACTGACGATCCTCCGCTCCGCCGACGACGAACTCCTCGACCTCGTCGCCGCCGCCGGACGCGTCCGGCGGCACTTCTTCGGCCGATCGGTCAAGGTCAACTACCTCGTCAACCTCAAGTCGGGACTCTGCCCCGAAGACTGCGGCTACTGCTCACAGCGTTTGGGCTCGGACACCGAGATCCTCAAGTACTCGTGGCTGCCGGGCGACGAAGCCCGCCGGCAGGCGGAGTACGGGCTGGCCGGAGGCGCCTCCCGCGTCTGCCTCGTCGCCAGCGGCCGCGGCCCCTCGAACCGGGACGTCGACCGTGTCGCGGCGATGACCGAGGACATCAAGGCGCACAACCCCGACGTCGAGGTCTGTGCGTGTCTCGGCTTCCTCAAGGACGGTCAGGCCGAGCGTCTGCGCACCGCCGGGGTCGACGCCTACAACCACAACCTCAACACCGCGGAGTCGAACTATGCGGAGATCTGCTCGACCCACACCTTCGCCGACCGCGTCGACACCGTGCAGCAGGCACGCACGGCCGGACTCTCCCCGTGCTCGGGACTCATCGTCGGGATGGGGGAGTCGGATGAGCAGATCGTCGAGGCGATCCTCGCCCTGCGCGACCTCGACGCCGATTCGATCCCCGTCAACTTCCTCATCCCCTTCGAAGGCACGCCGTTGGCCGGCACCTACGAGCTCACCCCGCAGCACTGTCTGCGCATCCTCTGCGCCGTGCGGCTCATGTGCCCCGACAGCGAGCTGCGCATCGCCGGCGGACGGGAGATGCACCTGCGCACCCTCCAGCCGCTCGCCCTCCACGTCGCGAACTCCCTCTTCCTCGGCGACTACCTCACCAGCGAGGGACAGGACGCCGAAGCCGACCTCGACATGATCGTCGACGGCGGCTTCTCCATCATCGGTCACGAGAGCGCCGAGGCGCTGCGCGACCGGGTGCGCGCCGAGAAGGCCGCGCACACCGCCGCCTTCGGCGCACCGGAGCCGGCCGACGAGGCCGCACCCGCCTCGACCCTGCCGTGCGGGAAGACCGTCCCGAGCGGAGCCTCTGACGACGGCCGTGAAAACGTCCTCGTCCCGACCATCCGCCGTCGCGGCGCCGGCACCACGGTGTCACCGAATGCGTGAGACCGAGGAGGCCGCGAGCCTGCACTCGCGGGAGCAGGGACTGCTCTGGCATCCCTACGGGGCCCTGGCTGACGGGTCGCACTTCGCCGTCTCCGGGGCCACCGGCCCCCGCGTCGACCTCGTCGACCGGGACGGGGCGACGCTGAGCGCCCTCGACGGAATGAGCTCGTGGTGGTCCGTCGTCCACGGATACCGCAACCCGGTGATCGACGACGCCCTCGCCCGGCAGCTGCAGACCTTCTCCCACGTGATGTTCGGCGGGCTCACCCACGCCCCGGCCGTCGAACTCGCCGAACGCCTCGTCGCTGTCACCCCGAGCGGCCTCGACCACGTCTTCCTCGCCGACTCCGGTTCCGTGTCGATCGAGGTCGCCCTCAAACTCGCCGTCCAGTACCAGCAGGCACGCGGCCGTGACCGCGGCCGCTTCCTCGCCCTGCGCGGGGCCTACCACGGCGACACCACCGGCGCGATGAGCGTGTGCGACCCCATCGCGAGCATGCACGCAGACTTCCATGCCGTCCTCCGACCCCAGGTCTTCGCCCCGCTGCCCCCGGCTCCCGGCGCCGACGACGCCGAGGTCGACCAGTGGTGCGCGGCCATCGACGCCCTCTGCGACAGGCACGGCGACGAACTCGCCGGCATCATCGTCGAACCCCTGTTCCAAGGCGCCGGCGGGATGCGGCCCTACCATGTCCGTGCCCTCCAGCACCTCCACGCCCGGGCCCGCGACCTCGGCGCGGTCTTCATCGCCGATGAGATCGCGACGGGATTCGGGCGCACCGGGACCGCGTTCGCGTGCGACCGGGCAGGGATCACCCCGGACATCATGTGCCTCGGCAAAGCCCTCACCGGCGGGTACATGACCCTCGCCGCACTCATGTGCACCGGGGAGGTCGCCGAGGTGATCTCGGAGTCGAGCCGGCGCGCCCTCATGCACGGTCCGACCTTCATGGCCAACCCTCTGGCGTGCACCGCGGCCAGCGCCTCCCTCGACCTCCTCTTCGCCGAGGACGAGGACGGTGAGCCCGCATGGGCGCAGGCGATCGCGCGCCTCAACGAGGGACTGCGCACCCATCTGCGCCCCGCCGAGGCGCTGCCCGGGGTCGCCGATGTGCGCGTCGTCGGCGGCATCGGCGTCCTCGAGATGGACGAACCCGTCGACATCGACACGGTCACCCGTACCGCCGCCGCCCACGGTGTGTGGCTCCGCCCCTTCCGCACCCACATCTACACGATGCCGCCCTACATCGCGACGAGCTCCGACGTCGCACAGATCGCGAATGCGATGGTCGCCGCCGCAGGAGGCCGTCCATGACCGCAGCTCCGAGCGTCACCGTCCCCACCGGCACCGCCCCCTCGGACAACCGTATCCTCGCCCGCCTGCGCGAGCAGTCCGCGCAGCGCCATGCTCAGGGCCTCGACCGCGTCGACGCCGGCCCGCGCGGTCTCGACCTCGCCTCGAACGACTACCTCGGCCTCGCCGATCATCCCCGGGTCCGCGCCGCCGCCCACGAGGCGATCACCGCGCTCGGCACCTCGGCGCGGGCCTCCCGGCTCGTCACCGGAACCACGCAGGCCCACCGCGACGCCGAGGCGGCACTGGCCGAACTCACGGGCCGCGAGTCCGGGCTCGTCCTCTCCTCCGGATATGCGGCCAACCTCGCCGCCGTCACGGCGCTCAGCGGCCCCGACTGCCTCATCGTCTCCGACGCCCACAACCACGCCTCCCTCATCGACGCGTGCCGCCTCTCCCGGGCATCCGTCCAGCGCACACCGCATCTCGACCTGGCAGCGACCGAACGGGCACTCGCCGAGCGGAACTGCCCCGAGGCGATCGTCCTCGTCGAATCCGTCTACTCCGTCCTCGGCGACACCCCCGACCTCCCCGCACTCCTCGAGCTGTGCCGGACCCACGACGCCCTCCTCATCATCGACGAGGCGCACGGCCTCGGCGTCGTCGGCGAGGGACGCGGCGCTTCCCGGTCGCTCGGCGA
NZ_CP065629.1_gap26	1230189	1231604	1415	GTAGCCGCGGCGGGCGAAGAGATCCCAGGCGGTTTCGACGATGAGACGCCGCGGCGAATCCGGATCGACTGCGGCGGCCGGGGCCGCGTCGCGCAGCCCGGTCGGCACGGCCGAGACCGTCGATTCGTCTCCGAGCAGCCAGCGCACCGTCACCCCGGTCGCCGTGGCGAGGCCGAGGAGCTCTTCGGCGGTGAACCTGCGCCGACCCGAGAGCGACTTCGACAGCTTCGTCTCGTCGATGCCGATGACTCGAGCGAGATGACGCTGCGACAGTCCGCTCTCGGCGACGGACTCCCGTGCTCGAGCGGCGATCGTGGCGGCCATGCTCCGAACCTACCCGAGCCCCTGCGGGAATCGCAAGCATATGTGATGAGAAGTCAGAACTTGCGATCGGTGGATTCGGGAATCGCCGGGCGGTCGCGGTCCGGTGGTCGGTCGTTCCGGGTTGCGTTCGCCCCGCCGACCTCCCGCAGCGGATATCCTCGAACGGATGAACACCACGCACTCACCCTCGGAGGCACCCATGGACACCGATCTCCACTCCCGCATGCACGTCGTCTCCGATGAGACCCAGAACCTCGTCAACCTCGTCCTCGACTACTCCCGACGCCGGACCCTGTCCGTCGACACCCCGCTCGACCATCCGATGAAGGATTCCGAGCTCACCCGCCTCGCCGGTCCGACGATCAGCGAGGAGGGCGTGGGATCGGCGCGGGCGCTGGCGATCTTCGAGCACATCTTCGCTCCCGCCTGCATCACCACCGACCACCCGAAGTACCTCTCCTTCATCCCCAGCGCACCGACGAAGGCCGCCGTCGCCTTCGACCTCGTCGTCTCCGCCAGCGCCCTCTACGGCGGATCGTGGCTCGAGGGCGCCGGAGTCGTCCACGCCGAGAACGAGGTCCTCTCGTGGCTCGCCGCCGAGTTCGGTCTGCCGAAGACCGCGGGCGGCGTCTTCGTCCAGGGCGGGACGATCGGCAATCTCTCCGCCCTCGTCGCCGCCCGTGAGGCCCAGAAGGCGAAACTCGGGGACAAGCGCCCCGGCCGCTGGGTCATCGTCTGCAGCGCCGAGGCGCATTCCTCCGTGGCCTCGGCCGCCGCCGTCATGGACGTCGACGTCGCGCCCGTTCCCACCGACGACGACGGCATCCTCCGCCCCGACGGGGTGCGTGCGGCCCTCGAGGAGCACGGCGACGCCGTCATCGCCGTCGTCGCGACCTCGGGCACGACGAACTTCGGGACGATCGACGACATCGCGGGCATCGCCGCCTTGAAGAAGGAGTTCGACTTCTGGCTCCACATCGACGGCGCCTACGGCCTCGCGGCGATGCTCTCCCCGCTGGCCAAGCACAAGTTCGCCGGCGTCGAGGATGCCGACTCGGTCATCGTCGACCCGCACAAGTGGCTCTTCGCCC
NZ_CP065629.1_gap27	1279002	1283742	4740	GTCCCCGGCCAGCGCACGCTCCGGAAGGAGTTCGTCGGCCTTGACCGGGCGTGGAGAGTCGGGTCGGGCCGTGGCGGCTTTGAGTGCTCGGATCGCCGCCTTCGCCGAGGTGGCCGCTTCGGCGAGGCTCGGAACGCTGGGTCCGACGATGACCTCGGAGGGGCCGAAGCAGTCCGAGAGGTCCTCGACGGCCGTGTCGAGGTCGCCGACGCCGCCGAGGACGATGAGGAGGCGGTTGTCGTGGACGCCGACGAGGGCGTCCTCGGCCCATTTGCGGGCCTTGCGGCGGATGACTTCGATGCCCTTCTTCGCCGAGCGCTGTGGGGCGCGGCCGACGAGGACGGTCACGGGCTCCTCCGACTGCCAGCCGAAGGCCGCGGTGCGGCTGGCGAGTTCGTCGACGGAGTCCCCGCGGACGAGGGCGTCGACGACCATCGCCTCGAGTCGGGCGTCCCAGCTTCCGCGGGCTTCGGCGGCCCGGGCGTAGACGTCGGCGGCGGCGAAGGCGATCTCGCGGGAGTAGATGAGCACGGCCTCCCGCAGCGCCGACTGTTCGGCGGTGCGGGCGATGTCGGGCACCCGCTCCTCGACGACCTCGACGACGACCTTGAGCAGCTGGAGGGTCTGCTGCAGGCTGATCGCGCGGATGAGGTCGCGGGGCGCTGATTTGAAGATCTCGCTGACCACCCGCAGATCGGTGTCGGGGTGGCGGTACCAGTCGATGAAGGAGCTGATGCCCGACTGGGCGAGATGGCCGACCCACGAGCGGTCGGAGGGCGCCATCGAGCGGTACCACGGAAGCCGGGCGTCGAGCCTCTGCAGGGTGACGGTGGAGAGGACTCCGACCCCTGCCCGCAGGCGTCGTCCTGTCTCTGCGCGACGGCGCAGCGTCTCGGTGTCCGAACTCATGGACTCCAGCTTAAAGCCTCGGCGACAAATCCCTTGTCCGCAACGCACAAAACTTCGTGAGATACGACAAATGCGGCCGGAGTCGCATCGACTCCGACCGCATCGGTCTCAGCTGATGATCAGGCGCCGGCGCCCTCCGTGGACCCGGTGGATCCGGCACGCGGATCGTCGAGCTGGTACTTCTTCGCCGCCTCGGCGGCCTTCTCGATCGGGATCACCCCGGTGTCCGCGAGCGAGATGAGCGCCTGGGTGGCCATCGAGGGACCGTCGACGAGGTAGTAGCGACGAGCCGCGGGACGGGTGTCCGAGATCGCGTAGCCGTCGGTGCCCAGCGACGTGAAGTGGTTGGGCACGTACTGGCGGATCTGGTCGGGCACCGCACGCATGAAGTCCGAGGTCGCGACGACGGGGCCGTCGGCGTCGAGGAGCTTCTCCGTGACGTACGGGATGCGCGGTTCGGCCTCGGGGTCGAGCAGACGCTCGTCATCGGCGGCGAGGCCGTCGCGGCGCAGCTCGGTCCACGAGGTCACCGACCACACATCGGCTGAGACGCCCCAATCGGCATCGAGGAGCTCCTGGGCCTCGAGTGCCCACGGCACACCGACGCCCGAGGCCATGAGCTGGACCTTCGGGCCGCCGTTGTCCGGACCCTTCTTGAGCAGGTACATGCCCTTGAGCAGGCCGTCGACGTCGAGGTCCTCGGGCTCCGCCGGCTGGACCATCGGCTCGTTGTACATCGTCAGGTAGTAGAGCACGTTGGGGTCGCGACCGTCGTCGGAGCCGTACATGCGCTGGAGGCCGTCCTTGACGATGTGGGAGATCTCGTAGACGTAGGCCGGGTCGTAGGAGATCACCGAGGGATACGTCGACGAGAGCAGATGCGAGTGTCCGTCACCGTGCTGGAGTCCCTCGGCCACGAGCGTCGTGCGACCGGCGGTGGCGCCGAGGACGAAGCCGCGGGCCATCTGGTCGCCGGCGGCCCAGAAGAAGTCGCCGGTGCGCTGGAAGCCGAACATCGAGTAGAAGATGTAGAACGGGATCATCGGTTCGCCGTGCGTGGCGTACGACGTCCCCACCGCCGTCAGCGCCGCCGTGGCGCCGGCCTCGTTGATGCCGACGTGGAGGAGCTGTCCGTCCATCGCCTCCTTGTAGGCGAGGAAGAGGTCACGGTCGACGGAGATGTAGTTCTGCCCGTGCGGGTTGTAGATCTTCGCGGTCGGGAAGAACGAGTCCATGCCGAAGGTGCGGGCCTCGTCGGGGATGATCGGCACGATGCGCTTGCCGAACTCCTTGTCGCGCATGAGGTCCTTGAGGACACGGACGAAGCCCATCGTCGTCGCGATCGTCTGCTTGCCCGATCCACGGCGTCCGGCCTCGTAGGTCTTGTCCCCGGGCAGGGCGAGATCGACGTAGGTGCTGCGACGTTCGGGGGAGTACCCGCCGAGGTCGGCGCGACGCTGCTGGAGGTACTTGATCTCCGGGGCGTCGGGTCCCGGGTGGTAGTACGGCGGCAGCTTCGGGTTCTCCTCGAGCTCCTTGTCCGAGATCGGGATCTGGAAGTGATCACGGGCGAGCTTGAGGTCGTCGATCGTCATCTTCTTCATCTGGTGCGTGGCGTTGCGCGCCTCGAAGTGGGGCCCGAGCGAGTAGCCCTTGACGGTCTTGACGAGGATGACGGTCGGCTGACCGGTATGCTCGAACGCCGCCTTGTAGGCCGCGTAGACCTTGCGGTAGTCGTGGCCGCCGCGCTTGAGCTGCCAGATCTGCTCGTCCGTGTAGTCCTCGACCATCGCCTTCGTCCGCGGGTCACGGCCGAAGAAGTTGTCGCGGACGAAGCCGCCCGACTCGCCCTTGTACGTCTGGTAGTCGCCGTCGGGGGTCTCGTTCATGAGGTTGACGAGGGCTCCGTCGCGGTCCTTGGCGAGCAGGGCGTCCCATTCGCGGCCCCACACGACCTTGATGACGTTCCATCCGGCGCCGCGGAAGTAGGCTTCGAGCTCCTGGATGATCTTGCCGTTGCCGCGGACCGGTCCATCGAGGCGCTGCAGGTTGCAGTTGATGACGAAGTTGAGGTTGTCGAGCTCCTCGTAGGCGGCGACGTGGAGCATGCCGCGGCTCTCGGGCTCGTCGAGCTCACCGTCGCCGAGGAAGGCCCACGTCTGCTGCTGCGAAGTGTCCTTGATGCCCCGGTTGTGGAGGTACTTGTCGAACTGAGCCTGCGCGATCGCGTTCATCGGGCCCAGGCCCATCGAGACCGTCGGGTGCTCCCAGAAGTGCTCGAGCTGGCGCGGGTGCGGGTACGAGGGCAGACCGGCGGGCTTGCCGTCGATGAGGTGGGACTGCTGCTGGCGGAACCCGTCGAGCTCCTCGGCGCTCATCCGGCCCTCGAGGAAGGCACGGGCGTACATGCCGGGGGAGGCGTGGCCCTGGTAGAAGATGTGGTCGCCGCCGCCGGGATGGTCCTTGCCGCGGAAGAAGTGGTTGAGGCCGACCTCGTAGAGGGTGGCGGAGGAGGCGTAGGTCGAGATGTGTCCGCCGACCTCGATGCCGGGCCGCTGTGCACGGTGGACGACCATCGCCGCGTTCCAGCGGTTCCACCGACGGTAGCGGCGTTCGACCTCTTCGTCGCCGGGGAACCAGGGCTCGTTCTCAGGCCCGATCGTGTTGACGTAGTCGGTGGCCGTGAGGCTGGGCACCCCGATCTGCTTCTGCCGGGAGCGTTCGAGCATCCGCAGCATGACATAGCGTGCACGGGTGCGCCCGCCTTCGTCGATGAGGGAGTCGAGAGAGGCCAACCACTCCTCTGTCTCCTCCGGATCGATGTCGGGCACCTGGCTGGGCAGGCCGTTGAGTATCGGTCCGCCCTGATTCCGATTGTCCACGGTGTGGTCCTCTCTTCGCTCCACGACCTGCACAGGTGGTCAGGCCGCGTTCTGCCCGGAGGAGTGGGGATCGGATCGGATCGGTCCCAGGGTCCACCGGATTCACTCATCAGCGTAGTACGCGCAGGCTTTCTTCGCTCATCCGTTCGCTTGTGATCTCTCTGACGGACCCGGGGGCCTCGCCTCGGGGCTCGCGAGACCGACGTTCGGCATGTTCAGGGGCGCGCCGACATTTGCGCCCCGGCCACTGGGGCGGAACAATGAGAGCATGAGCAACTCCGCTTCTGAAAGGACATCGTCCACTTCGACCCTGGCGACCGAACTGGGACAGAATCTCGGTCTCGAGTCAGGGGACTACGTGCAGGAGATCGGCTACGACGACGACGTCGATCTGCAGCTGTGCCAGGCGATCGAGACCATCATCGGAGAGAAGATCGCGGACGGGGACGTCGACGACGTGTTCGACGTCATCCTCATGTGGTGGAGGGCCGACGACGACGACCTCATCGACGGCCTCGTCGATGCGCAGGTCACCCTCAAGGACGGCGGCGTCGTCTGGCTGCTCACGCCGAAGGCGAGCCGGCCCGGACACATCACCCCCGCCGAGATCTCCGAGGCCGCACCGACCGCGGGCATGCACGTGACCTCGACCGTGAGCGCGGCCGAGGACTGGGCGGGCTTCCGCCTCGTCGGCAAGAAGAACTACTCATGATCCTGGGGCCCGGCGATGCGGCCCCCGACTTCTCCCTGTCCGATCAGTTCGGACGGGACCTCCACCTCGCCGAGGCGGCCCGCCGCGGCCCGGTCATCCTCGCGTTCCTGCCCTACGCCTTCTCACCGGTGTGCGGGGACGAGATCCGAGCCCTCCAGGAGATCCAGGACGATGCGGACGCCGGGGGTGTCCCGCTCACCGTCATCGCGGTGACCGCCGATGCGAAGTACACGCTCG
NZ_CP065629.1_gap28	1292394	1296378	3984	TACTTTTGCCAGTTGGGTGAGGATGCTGCCCACGCCGCCTGCCGCGGCAGTGATCACGACGGTTTCGCCGGGTCGGATGCCGGCGGCGTCGTGCAGGCCGACGGCGGTACGGCCGTCGGCGAGCAGTGCGGCCGCTTCCGGGAGGTCGAGCAGTTCGGGCACACGGTGCAGGTCAGCGACGTGGGCCAGCGCGAGGCTGGCGTAGCCGCCGGTGCCCCCGGTGGTGGTGACCACACGGGTACCGATCCAGGCCGGGTCCACGCCTGACCCCACCCGGTCTATGAGGCCGCCGACGCCGTTGCCGAGGACGACGGGGAACGTCGCACGCGGCGCGACGGGGCTGCCAGAGCGGATCAGCGTATCGATGAAGGTGGTCGCGGCGGCCTCGACGGCGACCCGCACCTGTTCGGGGCCGGGCGCAGGATCGGGCAGCGTGACCGGATGCAACACGTCGGGGGTGCCGGGACGGTCCGCGATGACGGCTCTCATGTTGTGGTCCTCATTTCTGGATCTCTGACGTCTGTCGGTGGTGGGGGTGGGTCTTTAGGCAGGAGGAGCACAATGACGAGGGCAACGCCGAGGAACCCCAGCGTCCACGCGAAGGCGTGCGCGAACGCCGTGTCAATCCCGCTGCTGCCGGAAGCAACGAGGGCGGCGAGCCGGCGGTGGAGGATGAGCGCGACGACGACGGTGCCGAACGAGGCGCCGATGCGCTGGACGACGTTGAGCAGGCTGGTAGCGTGGGGGATCGACACGGGTTCGACATCGCGATAGCTGGTAGCGGAGACTGCCACGCCGATGCTCCCGAGTCCGGCCCCGAGAGCGACGAGCCCGGCCGACAGCACCGTTAGCGAAGCGCCCCCGGCGAAGACGAACATCCCGAGCCCGGTGCCAGCGAGCACCGTGCCTGCGAGCGCGACGATTCGCGGGCCGTACCGGTCGGCGTACCGTCCCGCGACCCACAAGCCGGCCAAGAACCCGAGGCCCTGCGGGGCCAGCATCCACCCGACCTCTGCCACCGGGAGGCCGCGGGCCTGTTGATAGAACAGAGGCAGAAGCAGCATCGGCCCGTATAGGCACACGCCGGAGAGGAACATCATCACGATGGCGATCGAGAACGATCGGCATCGGAACAGCTTCAGATCGAGCAGCGCCCGGTCGCCTCGGCGTTTGGCGTGCAACACGAACCCGGCCAGAAGCACCACTCCGCCGACGAGCGGAACTATCGCAACTGCCGACAGGTCATCGATGAGCGACAGGCCAACCAGTACTGCCACTGTCGCCGCGACCATCAGCAACGCGCCGATCCAGTCCAGCCCGGCAGGCTGCCGCTCATGCACCGGATGCAGGTGGCGATAGGCGAGTACGAGAGCGAGCAGGCACAGCGGCGCGTTCACCACAAAGATCCACCGCCACCCGAGCGAGCCCAGGATCATCCCGCCCAGCACCGGGCCGAGAATCGGGGCGAGTTGGCCGGGAATGCCTATCAGCCCCATGACCCTGCCCACTCGCCGCGGGCCGGCCGCGCGGGCGAGCATCGCCTGCACCAGCGGCAGGATCAGCCCGCCACCGAGACCCTGCACGACTCGGAAGGCGATCAGGCTCTCGATCGACCACGCCAGTCCGCACAGGATCGATCCGATCAGGAACACCCACAGCGTCACCAGCCAGACCCGTCGTGGGCCCCATCGGCCGGTCAACCAGCCCATCATCGGAATCGCCGCTGCCATCGCCAGCAGATACGCCGTCGTGGCCCACTGAGCCGCCTGCACCGAGGAGTTGAATGCCCGAGTCAGGTCGGCGATCGCGACCGCGACGATCGTCGTATCCAAGAGCGCGACGGACGCGCCGACCAGCAGCACCCCGACCAGCGCCAGTAGGGATCGGTCGATCCGCACCGAGTCCGAATTGATTGCTGGCATGCCAACATCATATCAATGTTGCTGGCATGCCAACAGTCTCGCTATTCTGTCACTATGACAAGCCGGGAAGAGGACCGCACCAAGGATGGATCGCCGCCCCGTCACGTCGGTACCAGCATCGAAGGCGCCCCGATCGGTTCCCTGTTGTTGCAGGTCCTCCGTGCCCATGCACGAGTTGGTACGGAGCTGTTGAACGAAGCGGGCGTCGCGTCTCCGCACGAGATCGTGTTGCTCTACCTCAACGCGCACGGCCCGGTGCCGCAAACCGAATTGGTCCACTACATGGGCCGTGACCGCTCCACCGTCACCGCGACCCTCCAAGCTATGGAACGCGCCGGCCTCGTCACACGCACCTCATCGCCTTCGGACCGGCGCGCCATGATCGTCCGACTCACCGAGAAGGGATGCGACGCCGTGCCTCGGGCGCAGGCTGCCTGGCACGAACTCGAACGCCGCGCCACCCGAACGCTCTCCCCGTCGCAGCAAGAAGACCTGATGACGTCCCTCGCCGCGATACGCGATGCACTCAACGAAACCGACGAGTAGCCCAGGCCCAAAGCCCATAGCGGCAATGAGAGCCGCGAGCGCGACCGTCGTGCTGGGGAACGACGCCGTTCCCCAACGCGGCGAGTCTCGGGTTACGCGACAAGCGTAGCGACGGTTCAGCGACCCAGCCGGGGCGCAGGCACTGGAGCCACTCCACAAATGCCGGTGCAGGTCGCACGCATACATCGAGATTCGGGATCGCGGCCGCGGGGGTGCAATAGCCGATGATGCGCGCCCGCCGGGCAATAGTAGGAGGCGTAGCGTCCCCGCCGTCGCAGAACTCCTGACCAGTACGAACGTTGCTTCCGGTGAGCGACGACCGTGCAGAGTCACGAGGTCGATCACCTGATGATTGGTCGCGATCGTTTCGCGACGTGCGTGCAACTGATGTGGTGGGCCAAGACGCGGGCGACGGGCTCTATGGTTTCGGAAGACCACACGGTGCGGGATTCGACGTATTCCTCAACGGCAAGGTCGAGGCCGCCCTAGCGGGAGACGTGCGAGCCGACCCGCAGGCTCCGCTCGTCGCCGGCATTCCGACCCCGTCAAAGGTATGCCTCGTTCGGCGTCACAGGCCAAATATTCGGCCGATGGACGTGTGGACAGGGGTCGTCGCTTCTCAGGAATTCTTTCCGTACCTGACCGACGAACTGCTCAATGGTACGAGACGGAGGGGTACAGGCGATGTCCATGATCTCGACCCGAGATCGAGAAACGCACTGTCAGGTCCACTTGGCTCTTCAAGACTTCGCCTCCAGTGCCGCGACTGCAGCGCAAATCTTTCCCTGGTTAACGAGCAGTTGCTCCTTCCTGATCACGTGCATTCATCTCTGCGCCATTTGCTTCGAACGGTCGACAGACCGAACCTCGCATCGGTTTGTCACCGGGAAGCGGGTCAGCGTTTCGTTTCCACGTTCTCTGCAAGTCAACATACTGTTGGGCCGCTTTCCAATCTTTCGACCGCGAGGCGGAAAGGACCACCCGCAGACCACACGCTCGAAATGGGCACCCACACCTCTCAGAGCTTTTCTACAGTCGTCAGCTCCCCGCGCCATGCCGGTGAGCCCAGCCGTGATTGAATGAGCACCATGTCCAGACAGCGAGCCGCGAATCCGTCTGATCGTCGGGCCGCGGTCGTCGCTCTGGCCGAAGCCGCACTGACCTGGGAGCCGCGCGATTGGTGGAGGCTCGAAGGCCTGGCCTGGGCCGGAACGAAACGCGTCCCCCTCGCCCAGGCGCAGGTGGCGCCTCCGACCACACTTCATGCGATGACTCCTCCCGGGCGTCCGACCTTCCTGACCGTCCTCAACGGCATCTGGATCATCGCCGCCTTCGTCGGCGGTATCGTCCTCCACATCTTCGGTCTCGCCTTCATCGCCGGGCCCCTGCTGCGCGGCGACGGCGACGTCGTCGACCTCGGATGGGGTGGCCTCTGCTTCGCCGCTGCGGCAGCACTCGCGCTCGTCGATCTGGTGCGCAGCGCCTCGCGGCCGGACTTCGGCGAGGGATCATCCAT
NZ_CP065629.1_gap29	1302284	1305800	3516	GACGTCCTTGACTCGGTCGACGACCTCGACGAAGCCGTCCGCGTCCATCCGCACGAGGTCCCCGGAGTGGAACCATTCTCCGTCGAACGCCTCGGCGGTCGCCTCCGGCTTGTCCCAGTAGCCCGAGCACAGCTGCGGGGAACGGTAGAGGATCTCCCCGAGCTCACCGGGGGCGACGTCGTCACCGGCGGCGTCGACGACCCGCGTCTCGACGAAGAGCACGGCGCGACCGGCCGATCCCGGGTGGGCATCGTGCTCCTCGGGTCGGAGCACCGTGCACAGCGGACCGAGTTCGGATTGGCCGAAGCAGTTGTAGAAGCCGAGCTCCGGAAGGCGCTCACGCAGCTTCGTCAGAACCGGACCCGGCATGATCGATGCCCCGTAGTACGCCTTGCGCAGGCTCTCCAGGTTGCGGGTCTCCAGCTCCGGACTGTTGGCCAGCGCCACCCACACGGTGGGGGCGGCGAAGAACGAGTTGATCTGCCGCTCCTCGAAGAGGGCGAGCAGGTCACCGGGTACGGGCGCGGGGACGATGATGTTGTGCGCGCCGACGGCGAGCAGAGGGAGGAGAAAGACGTGCATCTGCGCCGAATGGTAGAGCGGCAGGGCGTGGACGGCCCGGTCCGTGCCTGAGAAGTCGAGGCTGGTCAGGCACGAGAGGTACTCGTGGACGAGGGCGCGGTGGGTCATCACGGCGCCCTTCGGCGCCGAGGTCGTCCCCGAGGTGTAGAGGAGTTGCGCGATGTCGGCGTCGGTGACGTCGAATTCGTCCGGGGCGGCAGGGTCGATGTCGCTCTCCGAGGCGGGGCCGAGAAGCGAGGACAGGGTCCGCACCTGCCCTGCCGCACCCGAGGGCGTCGCCGTCACCGCGTCTATGAGGTCGTCGTCGGCGAAGACGATCTCGGCCCCGGAGTTGGCGAGGATGTAGTCGAGTTCGTCACCGGTGAGCTGGAAGTTCACGGGCACATGGATGAGCCCGGACCGTGCGCACGCGAGGAAGAGGATGAGGTAGAGGTCGGAGTTCTTCCCGTACGCGGCGATCCGGTCGCCTTTCGCCGCTCCGAGGGCGAGGAGTTCGCGGACGACCGCGGTGACCGCGGCATCGAGTTCGGCATACGACCACGTGCGGTCGGAGAACTCGACGGCGGTGCGGGAGGCGAAACGGCCGGCGCTGCGGGCGATGATGTCGGCGACGGTCGAGGACACGGGCTTCACTGGGGGCGTCGTCTCTGACGCGTGAGTGCTCATGATGCCAATCTAGCGGCCGACGACCTCGGTGAGAAGATTCGTCGCCGAGGAGCGGGGGAGCATCGACTAGGGTGGGCGTATGAGGTATCCGACGGTGAGTGAGTGCGTGGACGTCTTCGACTCCCTGTGGCCGCCTGACCTGGCCGAGGACTGGGACACCGTGGGTCTGGCCGTCGGGGATCCCGACGCCGAGGTGCGTTCGATTCTCCTCGCCCTCGACCCCACCGATGCCGTCATCGCCGAGGCGGTCGTCCTCGGCGCCGATCTCCTCTTCACCCATCATCCGCTCATGCTCCGGCCGGTCAACACGGTGAGCGCCGGCACGCTCAAGGGCGGGGCCGTGCACACGCTCATCACCAACGGGATCGCCCAGTTCAACGCCCACACGAACGCCGACGCCGCGGTCGGAGGCGTCTCCGACGTCCTCATCGGACTCACCGGCGTGTCGGAGTCCGCACCCCTCGTCCCCGACCCCGCCGCCCCGGAGCGCGGCATCGGACGGGTCGGCGACCTCGGCGAGGCGACGACCGTGCGCGACATCGCCCGCACGCTGGCCGAGCGTCTGCCGCGGACGACGACGGGGGTGCGCATCGCGGGCGACCCGGCCGCCGCCGTCACCCGTGTCGCCGTGTGCGGGGGAGCCGGCGATTCCCTCTTCGATGCCGTCCGGTCCAGCGGTGCCGACGTCTACATCACCGCCGATCTCCGTCACCATCCGGCGACGGAGGCCCTCGACACCGCCAATCGCGCCGAGGCGCGGCCGCAGCTCATCGACGTCTCTCACTGGGCCTCGGAGGCCGTGTGGCTGGCGGCGGCACGAGCAGAGCTCGAAGCGGAGTTCGAGCAGCGCGGACTCTCGGTCGCCCTCCAATCGTCTGCCGTCAACACCGATCCCTGGGTCGAACGCTACTGAAAGGGACGTGACCATGATCCTCACCGCCGCTCAGCGCACCACTCTCGACGAGCTCATCGAGCTCACCGCACGGTCGCGGGCTCTGCGTCACGAACACGACCATCCCGTCGACGCCCCGAAGCTCCAGGAACTCATCGACCGGCACAAGGCACTCGGAGCGGAGCGGGACGGTGTTGCAAAGGTCATCGCCGGCCTCGAGGCCGAGACGGCCGAGCTCACGGCGGCCATCGACAAGCAGACGGCGCAGATTGAGAAGAAGACGGCCGAGCTCAACGACGGCACCGGCCTGACCAGCCGCGACCTCGTCCACCTGCAGGAGGAGATCGCCGCCCATGAGGGCCGTGTCGCCGAATTCGAAGAGACCGAGCTGGGGGCGATGGAGCGCCTCGAGGCCGCGCAGGGCGAACTCGCCCGGGTCGAAGCCGACATCACCGCGGTGACCGCAGAGGGCAAAGCCACGCAGACCGGGATCAAGGAGCGCAAGGCGGCGCTGGCCGAAGACCTCGACGAGCTCGGCAGCCAGGAGGCGCAGCTGAAATCGGATCTGCCGCCCGACCTCGTCCGGCGCTTCGAAGCCAATGTCGCCCAGGGTGGTCCGGGGGCCGCGATCATCGCCGGCCCGCACTGTCAGGCGTGCGGTCAGGAGATCAGCGGGATGACCTGGCACGAATGGCTTGCCGAGGACGTCAACGAGGTCCACGCCTGCGAGGAGTGCGAGGCCGTCCTCCTGCGTCGAGGGTGAGCGGGCGCTGCGCTTCAAACGCCGAGGTGTGGGCTCAGTCGACGCTGTAGGGCTGGCTCAGTCGCGGAGGACGATCGTCAGCCCCGCCGGCCGTGACCCGGTCGCGGGAGCGAACTCGACCTCGTAGTGCTCGCCTGCCCGGTCGACGAGGGCATTGATGTTTGCCGGAAGTTCGCGTTCGTCGCGGAGCAGTCGGCCGACGAATTCGCCCCGGTAGAACTTGGCCCAGTGGGAGACGACGCTGCGCTTGGCACCGGTGTCCTTGACCGCTCCGAGCGTGACGACCTGGCTGTTCGGTCCCGGCCACGCGGCGCGGTAGTCGCTCGAGCGGCAGTCGAGGACGACTTCCTCGGACCCGACGGAGAACGACTTCGCGAGGATCGGTTTCCACCACGTCGAGAGGCGACCGAGCTGCCCGAGGTCGGTCTTCATCGCCAGCCGGTACGCGGGAATCGGGTCGAGGCCATTGACCTGGCCGAAGACGGCGGAGAAGACATGGACGTCGCGCAGGCGCTCGGCCATCGACGCATCGGCCTCGGCGGCGGCGACGAGGTCGGCGGCCCCCATCGCCTCGTAGAGGACACCGGTGTAGGTGAGCAGTGCGGGAGCGCAC
NZ_CP065629.1_gap30	1311131	1314029	2898	CGCCATGCGTGCGGCGTTCGTGCCCGCGACACCGGCGCCGATGACGACGACGTTGGCCTTGTCGGTGCCGGGAACGCCGGAGAGGAGCACACCGCGGCCGCCTTCGGCCTTGAGCAGGCTGTGCGCGCCGACCTGCGTCGAGAGCCGACCGGCGATCTCCGACATCGGAGCGAGCAGGGGCAGGCCGCCGCCGTCGGGTTGGACGGTCTCGTAGGCGATGGCGGTGGTGCCGGCCTCCATGAGCGCCTTCGTCAGCGCCTCATCGGCGGCGAGGTGGAGGTAGGTGAAGAGGATGAGGTCCTTGCGGAGGAAGCCGTACTCCTGCGCGATGGGCTCTTTGACCTTGAGGACCATGTCCCCGGCGGCCCAGGTGCTCGCGGCGTCGGGAGCGATGGTCGCACCGGCTGCGGTGTATTCGTCGTCGCTGATGAATGAGCCTTCGCCGGCACCGGCCTGAACGGTGACCTCGTGACCGCGGGAGACGAGCTCATGGACGCCGGCAGCGGTGATGGCGACCCGGAACTCGTTGTTCTTGACCTCTGTGGGCACTGAAATGCGCATTGGATTCCTTCTCTCATGGCGCCCCGGCAGCGGGGCAGGTCCGGCCGCGCGAGGCAACGGCCGAGGGTACATCTCACTCTAAGCTTCTGAAGGTCTGGGAGGCAAACCTTTACATGCCCATTTCGTGCCGAGTCTTGCGGAATCGGTTGTCCACGATGCGAAAGATTACGGAATGGTTCGATCGACGGCAGCGTCGGGACGCCTCGGCGGGAGACTCCGCCTGCAGTGACACGGGCGGTCAGATGACCGCGTCCAGCTCAATGCCCACAGTCGCCGACACGGCGCCGACACCTCGGCGAACACCCCTGTCAGGAGGCCTGCGAACCGGTAAGCTGACATCGTCAGGGCACCACAGCAACGACGGAAGGCCGGCCATGGGACTGTTCAAGGATATCGACGAGGCGAACTCCAAGTGGTACTTCAACACTGCGACGGGTGAGGTCGAACAGGGTCTCGTCAGTGACTGGACCCACCGGATGGGCCCCTACACCACCGAGGCGGAGGCGCGCGACGCCCTCGAGCAGGCGAAGAAGCGCAACGAGGAGTGGAACGAAGACGACGAGAAGTGGAACGGCTGATCGATGTCGCGACAGGAAGAGTTCGTCCTCCGCACCGTCGAGGACCGTGAGGTCCGGTTCATCCGCCTCTGGTTCACCGACGTCCTCGGCGGACTGAAGTCGGTGGCGATAGTGCCCGCCGAACTCGAGGGCGCGTTCTCCGAGGGCATCGGGTTCGACGGCTCGGCGGTCGAAGGACTCTCCCGGGTCTACGAGGCCGACATGGTCCTCAAGCCCGACCCCTCGACGTTCTCCCTGCTGCCGTGGCGCGGAGAGACCGAGCCGACGGGCCGGATGTTCTGCGACATCCACGTCCCCGGGGGCGAACCGGCCAAGGCCGACCCGCGCAACGTCCTCAAGCGCACCCTCGAGGCGGCGGCGAAGAAGGGCTTCACCTTCTACGTCCACCCGGAGATCGAGTTCTACCTCTTCCGCTCCGGCAACCTTGACTCCGGCAACGGGACCCTCGGTGCGCCCGTGCCCGTCGACACCGCAGGCTACTTCGACCACGTCAACGGCGGCACCGCGAACGACTTCCGCCGCTCGGCGGTGACGATGCTCGAGGCGATGGGTCTGTCCGTCGAGTTCTCCCACCACGAGGCGGGACCCGGGCAGAACGAGATCGACCTCCGCTACGCCGACGCGCTGACGATGGCCGACAACATCATGACGTTCCGGTCGGTGATCAAGGAGGTCGCGATCGCCCAGGGCGTCTACGCCTCGTTCATGCCCAAGCCGCTCTCCGACCATCCCGGCAACGGGATGCACACCCACGTCTCCCTCTTCGAGGGGGAGAACAACGCGTTCTTCGAACCGGGGGCGACCTATCAGCTGTCGAAGACCGGGCGCCAGTTCATCGCGGGCCTCCTCCACCATGCCGCGGAGATCACCGCGGTGACGAATCAGTACGTCAACTCCTACAAACGGCTGTGGACCGGCCACGAGGCTCCCTCGTACATCTGCTGGGGCCACCGCAACCGCTCGGCGCTTGTGCGTGTGCCCCAGTACAACTCGGGCAAGTCGTCCTCGGCTCGCGTCGAGTACCGGGGGCTGGACTCCTCGGCGAACCCGTACCTCTCCTACGCCCTCATGCTCGCCGCCGGGCTCAAGGGCATCGAAGAGGACTACGAACTGCCCGAGGAGGCCGAGGACAACGTCTGGCTGCTCTCGGACACCGAACGTCGGGCGATGGGCATCCGCGCCCTGCCTGCCAGCCTCGCCGAGGCGGTCGAGATCATGGAGGGCTCCGATCTCGTCGCCGAGACGCTCGGTGAGGAGGTCTTCGACTTCTTCCTCCGCAACAAGCGCCAGGAATGGACCGAATACCGGGCGCAGGTGACGCCGTACGAGCTCAGCAAGCACTTCTCGTCGATGTAGACCATGGCTCGGATCACCTCACGGACCCCTGCCGGCTCCACGTCGGCCACCCGCTTCCTCGGCGACATCGACGGGATCGTCGGAGCGCCGCTGGCCACGGATTCGCGGTTGGTCGACCTGCTCGAGGCGACCCCGGACCCGCACCAGGCCGCTCTCGGCCTCCTCCGCGTCCTCGAACAGTGCGAGGACGATGGACGCGCCCTCGTCGAGGCGGTAGGAGCGGGCGGGCCGGACCCCGTCGCCGAGGCGGATCTCGACCGCCCGCTGCTCGCGCGACTGCTTCGGGTGCTCGGCACCTCCGAGGCGATGGTCGATCATCTCGTCCGCCACCCCGACTCGCTGGGCATCCTGCTCAACCGTGCCCCGTATCTCATGATCTCGACCCCGCAGGCCTCGGCGAGCG
NZ_CP065629.1_gap31	1319945	1322350	2405	GCCTGCCGGAGACCGGTCGACACTCGGTCGCCCCCGCCTGGCGCCGCCTGCTCGCACTCATGGTCGACTGGTTCATGTGCCTGGCCATCGCCGGCGCCATCGGTTCGACGAATCCGTTCCTCGCCCCGGCGATCTTCGCCATCGAGAACATCCTCCTCGTCTCCACCCTCGGATACTCCGTCGGGCACCGCCTCTTCGGGATCGAGGTCCGTCGCCTCGACGGCCGTGTCCCGGGGTTCCTGCCCGCGATCATCAGGACGGCGCTCGTCGTCCTCGTCATCCCGGCGCTCATCTTCGACCGCGACAGCCGCGGCCTCCACGACCTCGCCGCACGCACGGTCATCCTCCGCCGCTGACTTCCTACTCGCTGACGCGAGGCCGGACGCACATCGGCCCCGACTCCGCATCTGCGGAGCCGGGGCCGACGAGTCTGCGGGGACGGTCAGCGTCCGCGCATCGCCTTGTGGTTGGGGCGGGCCTTGTTCGGGTCGATGCCCTTGGGGATCGGCGGGCGCGTGCCCTGCGTGCCGAGCGCGGAGAGCCGGTTGCGCACCGCGAGGACCTCGGCGCGGTTGAGCTTGCGCGGCAGCTTGTGCACGGCCGAGACGACCTGCTTCATCTGCAGCTGTCCCTCCTCGTTGCCGCCCTGGAGGGTGTGGACGGGAACATTGGGGAGGATGCGCTCATGGCGCTTCTTCTCCTTGGCCAGCAGCTTCGCGCTGCGGGCCTTCGGGCCCTCGCTGAGCAGCACGACGCCGGAGCGCCCGGTCGAGCGGAAGACGAGGTCGCGGCTCTTCGGGTCGATCGCGATCGGCTTGTCGTCCATGAGGTAGCCGCGGCGGGCGGTGTTGAGGACCGCGCCGAACGCACCGGGCTGGCCCTCCATCTGTGCGAACGCCGCGGTCTCGGCGAAACGGCCGAGCATGAACATCCCGAGGAGGAGGCCGACCATGAGACCGAGGATCGTCGTGAAGACGGCACCGCCGAAGACGAGTCCGGCCAGAAGACCGACGAGGGTGCAGCCGACGATCGCAGCGGCGAGCAGCCACGGAGTGGCCTTGTTGTGCTTGGCTGCGAGCTCGTAGACCTGGCGCATCTGCGCCAAGCGGCCCGGCTTCCGGTTCGGATCCTTGGGCTTGCGGCGGAAAAGTCCCTTGCGGCGTTCTTCGCTCATTCTCTCACTTGCTCTTGACGGGCCGGCGGGTCCCCGGAACCATGCCCGGGACCACTCATTGCTCAGCAGTCAAGTCTACCTCTTCGCCGGCGCCGAACATATCCACGACGGCCTGCGCCTCCTGGCGAGCCGGGGTGTGCTTGTCGAGGTGGGCGAGGTGGGAGGGGATCTCCTCCCCGCGGTGGCGCATGGCCGTCGCCCACAGGCGACCCGCGCGGTACGAGGAGCGCACGAGCGGACCCGACATGACGCCGAGGAAGCCGATCTCCTCGGCGGCGTCGCGGAACATGACGAAGTCGGCGGGCTTGACCCACCGGGTGACCGGATGGTGCCGGGGGGAGGGTCGCAGGTACTGCGTGATCGTGATGATGTCGCAACCGGCGTCATGGAGGTCCTGGAGGGCGGAGATGATCTCGTCATTCGTCTCGCCCATGCCGAGGATGAGGTTCGACTTCGTGATCAGTCCCGCCTCCCGGGCCTGCGTGATCACCGACAGTGACCGTTCGTAGCGGAAGGCCGGGCGGATGCGCTTGAAGATCCGCGGGACGGTCTCGACGTTGTGGGCGAGAACCTCGGGGCGGGAGGAGAACACCTCGGCGAGCTGGTCGGGCTTGGCATTGAAGTCGGGGATGAGGAGTTCGACTCCGGTGCCGCGGCCGTCGACGTGATCGAGGGCGTGGATCTGCCGGACGGTCTCCGCATAGAGCCAGGCGCCGCCGTCGTCGAGGTCGTCACGGGCGACACCGGTGATCGTCGAGTAGCGCAGACCCATCTCACCGACCGAGGCGGCGACTCGACGGGGCTCGTCGGCGTCGAAGTCGGCAGGACGGCCGGTGTCGATCTGGCAGAAGTCGCAGCGCCTCGTGCACTGCTCGCCGCCGATGAGGAACGTCGCCTCGCGATCCTCCCAGCACTCGAAGATGTTCGGGCATCCGGCTTCCTCGCACACGGTGTGGAGGTCCTGCTTGCGGACGAGGGACTTGAGCGAGGTGTACTCGGGGCCGATGTGGGCCTTCGCCTTGATCCAGGCGGGCTTCTCCTCGATGGGCACTTCCGAGTTCCGTGCCTCGACACGGAGCATACGGCGGCCTTCGGGTGCGATCGTCACAGGTGAGCTCCTAAGCGGTGATGGTCTCGTGGAGGATCTCGTCGAGCCGGGGGGCGACCTCTTCGGGGGTCACCGTGCGTCCGAGCTCGGCACTGATGGTCGTGGTGTCGGCGTCGGTGATCC
NZ_CP065629.1_gap32	1482949	1484665	1716	ACCCGGCGAGCACCTCGGCGCCGTGGCCGAGCCACCAGATGAAGAGCGAGGAGTCGTCGTTGCCGGCGGACACCTGGCCGCCCGGGTCGGCGGCGACACCGCCGAACACGCAGATGCTCGCGAGGATGAGGATGAGCGTGTACCACGCCCATGGTCGCAGTCGCGCATATGCAAAGGGCTCCCGGCCTGTCGACCGGGAGCCCTTCACTGCGCTGATGTCAGCTGCCTGCAAGCTTCTCACGCAGAGCTGCGAGTGCTTCGTCGCTGGCGAGCGTGCCCTCGTCGCCCGACTCCTCGGAGGAGAAGGACCCGGTGGCGGGAGCGGCGTCGGAGCCCGAGTCCGCAGCGCCGGCTTCGGCGTCCGCGGCGATGGCCTTCGCGACCTGCTTCTTGTGCTCTTCCCAACGCGCCTGGGCGGCGGCGTACTGCTGCTCCCAGATCTCGCGCTGCGCCTCGAAGCCCTCGATCCACTCGTTGGTCTCGGGGTCGAAGCCTTCGGGGTACTTGTAGTTGCCGTCCTCGTCGTACTCCTGCGGCATGCCGTAGAGAGCCGGGTCGAGGAACTCCTCGGCCTCGGGGTCGACGCCTTCGTTCGCCTGCTTGAGCGAGAGCGAGATGCGGCGACGCTCGAGGTCGATGTCGATGACCTTGACGTAGATGGTCTCGTCGACGGAGACGACCTGCTCGGGCAGGTCGACGTGGCGCACGGCGAGCTCGGAGATGTGGACGAGGCCCTCGATGCCGTCCTCGACGCGGACGAACGCGCCGAACGGAACGAGCTTGGTGACCTTGCCGGGCACGATCTGGCCGATGACGTGGGTGCGCGCGAAGTGCTGCCACGGATCTTCCTGCGTCGCCTTAAGCGAGAGCGAGACGCGCTCACGGTCCATGTCGACGTCGAGGACCTCGACGGTGACCTCGTCACCGACGGTGACGACCTCACCCGGGTGATCGATGTGCTTCCAGGACAGCTCCGAGACGTGCACGAGTCCGTCGACACCACCGAGGTCGACGAAGGCACCGAAGTTGACGATCGAGGACACGACGCCGGGACGGACCTGGCCCTTCTGCAGGGTCTGGAGGAAGTCGTGGCGGACCTCGGACTGGGTCTGCTCGAGCCAGGCGCGGCGCGAGAGGACGACGTTGTTGCGGTTCTTGTCGAGTTCGATGATCTTCGCCTCGACCTGCTGCCCGATGTAGGGGGCGAGGTCGCGGACGCGACGCATCTCGACGAGCGAGGCGGGAAGGAAGCCGCGCAGGCCGATGTCGACGATCAGGCCGCCCTTGACGACCTCGATGACGGTGCCGGTGACGACGCCGTCCTCTTCCTTGATCTTCTCGATGTCGCCCCAGGCGCGCTCGTACTGCGCACGCTTCTTCGACAGCATGAGGCGGCCCTCTTTGTCCTCCTTCTGGAGAACGAGTGCCTCGATGGGGTCCCCGACCTCGACGACTTCGCCGGGATCGACATCGTGCTTGATGGACAGTTCACGCGAAAGGACGACGCCTTCCGTCTTGTATCCGATGTCGACGAGGACCTCGTCGCGGTCGACCTTGACGACGGTGCCTTCGACGATGTCGCCATCGTTGAAGTACTTGATCGTCTCGTCGACGGCGGCAAGGAAGTCCTCAGCGGTTCCGATGTCATTGACAGCGACCTGCTTCGGCTGCACCGATTCCGGCGTGGTGGTGGTCATATAGGTAGGGACTCCGATG
NZ_CP065629.1_gap33	1520436	1523262	2826	CGCTCAGCCATCCGATCTCGACGAGGCGTTCGACCTCGGCGCTGCGATCGAACGCAACGAAGAGGAGACCGGTGTCCTCGAGGTTCGACCGGAGCAGGCACACCTCGCGCGCGTGCGGGTAGGGAGCGTGCTGGTCGAGGTAGCTCTGGTCGGCGTCGTCGGTGCAGATGATGAGGCCGAGGTCGACCATCGGGGCGAAGGCGGCGGCACGCGTGCCGATGAGCAGCCGGGTGCCCCCGAGCAGCCCGGTCAGCCATGCCGTCCACCGCTGCTCAGGCGACTGGTCGGCATGGAGTTCGGTGAACTCGGTGAGCCTCCCGCGATCGATCTCGGCGCGCAGGGCCGCAGACAGCACGGCGATCTCCCGATGGTCGGGGACGAGCCAGAGCACGGACCTGCCCTGCGCGAGCGCCGCCTGGGCCGCTTCGAGTCCCGCCGTGATCCAGCCGAGTCCCGGCAGCCTGCCGGGCGTGAGCGTGAGTGCGAGGCGCGCCCGGTCGGAGCCGGCGGGCGCGGTGCCGTGGTCCTCGTCGCCGCTCTCGGCGACCCACGCGCCGAGGGCGGCGAGCACGCTGTCGGTGCCGGACTCCGGGGCGGTGTCGGCGGTCTCTGTGTCGGCGGCGTCGGTCTCCGTGCCGGCAGCGTCGGTCTCTGTGCGGGCGGCATCCTTACCGGCGGCGGCCTTGTCGGCGGCCTCCGCGCCGACAGGACCCTCCTCGTCGGCGTGCTCGAGTGCGCGCAGCACCGCCTTCTCCGCCCGAGCGTGCCGGGGCGGGATGGCGAGACGCAGCACGTCGGGCAGGGTGCCGGCGTACCGCGTGGCCACGGCTTCGCAGAGTTCGAGGAGGTCGGGCGAAAGCACCGTGATCGGACTCGTCACCCGTTCGATGACGGCGAGCGGTCCGACGTGGTCGCTCGTCGCCGTCCTGGCGAGGACGAATCCGTCGCGCAGCTTCCCGGCGAACTTCACCCGCACCCGCACCCCGGGGCGGACCGCCTCGGCGAGGGAGGCGGGCACCGCGTAGTCGAAGGTCCGTGCGAGATGCGGGACGGGATGGTCGATGAGGACCTGGGCGACGGGATCAGTCTCCGCGACGGGGACCTGGCCGAGCGCGGTGGTGGGGGTGGAGAAGAGGGGTTCGTCCACGAACTCAGTTCGCCGAGACGGCCCGGAGCAGGTCGTCCGCGCGGTCCGTGCGCTCCCACGTGAAGTCGGGCAGCTCGCGGCCGAAGTGACCGTAGGTCGAGGTCTGGGAGTAGATCGGGCGGAGGAGGTCGAGCTCCTGGATGATCATCGCGGGGCGCAGGTCGAAGACCTCGCGGATGGCCCGGGTGATCGCTGCGGGGTCGACCTTCTCGGTGCCGAAGGTCTCCACGTAGAGGCCCATCGGGTCGACCCGCCCGATCGCGTAGGAGACCTGGACCTCGGCGCGGTCGGCGAGTCCTGCGGCGACGATGTTCTTCGCCACCCAGCGCATCGCGTAGGCCGCGGAGCGGTCGACCTTCGAGGGATCCTTGCCGGAGAACGCGCCGCCGCCGTGGCGGGAGAAGCCGCCGTAGGTGTCGACGATGATCTTGCGTCCCGTCAGTCCCGCATCACCCATCGGCCCGCCGGTGACGAAGGGCCCGGCGGGGTTGATGTGGACGTTCTCGCCGCTCCGGTCGAGTCCCGAGGCATCGGCGATGGGGTCGATGACAAGTGCGCGGATGTCGGCCTTGAGCTGTTCCTGGTCGATCCCGGCGGCATGCTGGGTGGAGACGACGATGTTCTCGAGCGAGACGGCGGTGTCGCCGTCGTAGCCGAGGGTGAGCTGGGTCTTCCCGTCGGGGCGGAGGTAGTCGAGCTCACCGGACTTGCGGACCTCGCTGAGCCTCTCGGCCATCCGTGAGGCGAGGTGGATGGGCAGCGGCATGAGGACGTCGGTGGCGTTGTCGGCGTAGCCGAACATCAGCCCCTGGTCGCCGGCGCCGAGGGAGGAGCCGTGGTCGGTCTCGAGCGCCTCGCGGAAGTCGAGCGGGTTGGTCACCCCCGAGTGGATGTCCGTCGACTGGCTGCCGATCGAGACCGAGACGCCGCACGAGTGTCCGTCGAAACCAGTGTCCGAGGAGTCGTAGCCGATGCCGGTGATGAGGCTGCGGACGATCCCGGCAACGTCGGCGTAGGCGTCGGTGTTGACCTCGCCGGCGACGTGGACGAGTCCCGTGGTCACCATCGTCTCGACGGCGACCTTCGCATCGGGATCCTTGCCCAGGAGGTCGTCGAGGACGGCGTCGCTGATCTGGTCGCAGATCTTGTCGGGGTGGCCTTCGGTGACGGATTCGGAGGAGAAGTAGCGCAGTTCGGATGTACTCACGGCGTCGATTCTACTGGGGTGAGGCGTTCGGCGATGACGGCTGTGACCTTTTGCGCAACATCGTCCTTCGTGCCCGCGAGCCTCGCTGCGTCGACGACCTCGTCCCCGTCGGCGGCGAGGACGACGACCTCGGTGACGTCGTGGCCGAAGGCCCGGTCGGCGGAGACGTCGTTGAAGACGAGGAGGTCGGCTCCCTTGCGGCGGAACTTCTCGACCGCGTACTCGTGTGCGGTGTGGGTGGCGTCTCCGGTCTCGGCGGCGAAGCCGACGATGAACTGGCCGGGTCGGCGGGAGGCGACGAGCCCGGCGAGGACGTCGGGGTTCTGGACGAGGTCGATGCGCATGCCCTCGTCGCCGGACTTCTTCAGCTTCGACTCCCCCACCTCGGCGGGACGGTAGTCGGCGACCGCGGCGGCCATGATGATGACGTCGGCGGAGGCCTGCGCGGTCTCCATGGCCTCCTGGAGGTCGA
NZ_CP065629.1_gap34	1535066	1538298	3232	CATCGTCCCCGTCGACGAGGTCGCTACGGGTGAGGCAGTTTTGCCAATGGACGATTCTATCAAGCCCGCCCAGGGCTCGTGAAACCGCGAGCCGCGGGCGTGCGGGGCCTCACAGGGTCGGACCGAGGAGCTTCCGCGGGGACTCCTCCCCGATCTCCTGGTAGGCGGTGTGGAGGAGTGAGACGTCGGGGATCTCGACGGTGGCGGGCGCGCCGATCTCGGACAGGAGCACCATCCGCAGCATCGAGCCCCGGGTCTTCTTGTCCCGTCTCATCGTCTCGAGCAGCTGCGGCCAGACATCCGACCGGTAGCCGGTGGGCAGACCGAGCTTCGAGAGCAGCTCGCGGTGTTCGTCGACGACCTCGGCGGGCAGGTTCCTCACCATGGCCGCGACCTCGGCGGCGAAGACCATGCCCACGGACACGGCCGCCCCGTGGCGCCACTGGTAGCGCTCCTTGTGCTCGATCGCGTGGGCGAGGGTGTGACCGTAGTTGAGGATCTCACGGCGGCCCGCCTCGGTGAAGTCGCCGGAGACGACCTCGGCCTTGACGGCGATCGCCCGTTCGATGAGCTCCCGGAGGACGGGTCCGTCGACGTCGCCGATCTCCTCGCGGGTGTGGTCGCGGATGAGGTCGAGGATGGCAGGGTCGGCGATGAAGCCTGCCTTGACCACCTCGGCGAGGCCGGTGAAGAGCTCGTTCTCCGGCAGGGTGCGCAGGGTGTCGAGGTCGGCGAGGACACCGGCGGGGGCGTGGAAGGCACCGACGAGGTTCTTGCCCTCGGCCGTGTTGATCCCGGTCTTGCCTCCCACGGCCGCGTCGACCATGCCGAGGACCGTGGTCGGGATGTGGATGACGCGGATGCCGCGCAGCCAGGTGGCGGCGACGAACCCGCCGAGGTCGCTCACCGCTCCCCCGCCGACGGTGACGATGGCATCGGTGCGGGTGAAGTCGGACTGTCCGAGGACCTGCCAGCAGAACGCGGCGACCTGGACGTGCTTGGCCTCCTCGGCGTCGGGGATCTCCGCAACGATCGCGTCGAGTCCGGCGGCGGCGAGGTCGTCGCGGACGGTCTCGCCCGTCGTGCGCAGAGCGCGGGGATGGATGACGAGGACCTTCTCCGCCTGCGGGCCGAGCAGTTCGGGCAGCTGCCCGAGGAGTCCGTGTCCGACGAGCACCGGGTACCGGCCTCCTGCGTCGACGTCGATGGTGGTCACGCTCATGGGTTCTCCTTCGTCTGTTGGTACTTCGCGTACTCCTCGGCGCGCTGCAGGCCGGTGAGGACGTCGACGATCCGGTTGACCACGGTCGACGGCGGCGAGTTCGAGGCCTGGACGCGGAAGGTCGCGACCTGTTCGTAGAGGGGTTCGCGCTCGCTCACGAGCGCGAGCCAGTTCTCGACAGCGGACCCCGACCCGCGCAGCAGCGGCCGGTGCGGGGCGTTGAGTCGGGGGGCGACGGTGTCGACGTCGATGTCGATGTGGACGACCTTGATCGCCGGGTGGAGCAGCTGCGCCCGGGTCCCGGAGTTGAGGATCGCTCCCCCGCCGAGCGAGACGATTCCGGGGCGGTCGAGGAGGCGGCGCAGCGCCTTGCGCACGACTTCCCGTTCGAGTCTTCGGAAGTGGTCCTCGCCGCGGGTGACGAAGATGTCGGCGATGACCCCGTGGCGGTCGACGATGTTCGCGTCGGTGTCGGTCAGCGGCAGCCCCAGACGGTCGGCGAGCAGGCGGCCGATCGTCGACTTCCCTGCGGCTGGGGGTCCGGTGAGCACGATGCGCGAGTGCGCGGCGGGGACCGGCTCCAGGGGTGGGACCGGTTTCGGAAGCGGATGCTCGTTCATCGCCCGATGCGCAGGTTCTCCGGAATGGCGGCGAGGTAGCCCTCCAGGTTCCGCTTCGTCTCGGCCACGGAGTCGCCGCCGAACTTCTCGACGACCGCCTCGGCGAGGACAAGGGCGACCATTGCCTCGGCGACGACGCCGGCGGCGGGGACGGCACAGACATCGGAGCGCTGGTGGTTGGCCTTCGCGGGCTCTCCCGTGGCGACGTCGACGGTCGACAGGGCGCGGGGCACCGTGGCGATGGGCTTCATCGCTGCCCGCACGCGCAGGGGCTCGCCGGTGGACATGCCGCCCTCCGTCCCGCCGGCGCGGTTGGAGGCGCGACGGTAGCCGGAGCCCGCGACGAGGATCTCGTCATGGGCGGCGGAGCCGGGGCGAGCGGCGGTGAGGAAGCCGTCGCCGACCTCGACGCCCTTGATCGCCTGGACGCCCATGAGGGCGCCGGCCAGACGCGAGTCGAGGCGGCGGTCCCAGTGGACGTGGGAGCCGAGTCCCGGCGGGAGGTCGTAGGCGAGGACTTCGACGACGCCGCCGAGGGTGTCCCCGGCCTTCTTCGCCGCGTCGATCTCGGCGACCATCCGGGTGGAGAGGGCGGGGTCGAAGCTGCGGACGGGATCCCCATCGAGGGCGTCGACATCGCTCGCCCGCGGCAGCGCACCGTCCCGGGAGTCCTCGACGCCGCCGATCGCCACGGTGTGGGAGACGAGCGTGATGCCGAGTTCGCCGAGGAACTTCGCGGCCACGGTGCCCAGCGCCACGCGCATCGCCGTCTCGCGGGCCGAGGCGCGTTCGAGGACGGGCCGGGCCTCGTCGAAGCCGTACTTCTGCATGCCGACGATGTCGGCGTGGCCGGGCCGGGGTCGGGTGAGCGGGGCGCTGCGGGCCTGACCCTCGAGCTCGGACTCGTCGATGGGGTCGGCGCTCATCACCGTCTCCCATTTCGGCCATTCGGTGTTGCCGACCTCGATCGCCACCGGGGAGCCGAGGGTCTTCGCATGGCGGACGCCGCCGAGGATGCGCACTTCGTCGGCCTCGAACTTCATGCGGGCGCCACGCCCGTAGCCGAGTCGGCGCCTGGCGAGATTGACGCGGATGTCGTCCCTGGTGATCGGGATGTGGGCGGGCAGCCCCTCAATGATCCCGATCAGTGCTTCGCCGTGGGATTCGCCTGCAGTCAGCCATCTCAACATTCCACCGATTCTATAGAACGAACCTCGCCGAGACCGACCCGACCCACAATCCGGTCAGCATCGCGGGACCGAACGCGATCGTCGTCCGGTGCAGGCTGCCCGCACGCACGCCGGCGACGATCGCCCAGACCCCTGCGACGAGCATGGTGACAACGAGGACGAGAGCGGGCGCCCACGGGGAGATGAGGGCGGAGACGCCG
NZ_CP065629.1_gap35	1551175	1555198	4023	TCGTCGAGCACGCCGCTCATCTGCGCAACCGACTCTCCGCCGGAGCGCCCGGACGCGAGGTGACGACGGCGGCGACCGCGCTGCGGGACTCGCTCGCCGACGCGAACGTCGTCGGCGACCTCAAGGGTCTCGCCGCGACCCTCGACACGCTCCTCTCCGATGCCAAGGCGACGGAGTCGAAGCAGGCGGCCCGCGCCGAGGCGGCCAAGCTCGAGGCCGCGCAGAAGCGCGAGGAGATCGTCGTCGAAGCCGAGACCCTGGCAGGCAAGGATCCCGAGAAGATCCAGTGGAAGGTCTCCGGTGCCCGTCTGCGGGAGCTCTTCGCCCAGTGGAAGGACATGCAGCGCAGCGGACCGCGCCTGCCGCGGTCGGTCGATCAGGAGCTGTGGGGCCGATTCTCGCAGGCCCGGAACACCTTCGAGCGCAAGCGCAAGGACTTCTTCGCCGAGCTCGACAAGCACAACTCCGAGGGCAAGCGGATCAAGGAGAAGATCGTCGCCGAGGCGGAGTCGCTGTCCGGGTCGACCGATTTCCGCACCGTGTCCCAGAAGTACAAGGACCTGATGACCCAGTGGAAGCGCGCCCCGCGCGCCTCGCGCAAGGACGACGATGCCCTCTGGGCGCGCTTCCGTGCCGCCCAGGACGTCTTCTTCGCCGCCAGGGATGCGGAGAACGCCGCACTCGACGAGGAGTACAAGGGCAACCTCGAGGTCAAGGAAGCGCTGCTGAAGAAGGCGCAGGCGCTGCTGCCGATCACGGATCCGGTGGCAGCGAAGCGTGAGCTCCGGGTCATCCAGGACGAGTGGGAGGAGGCCGGGAAAGTGCCCCGCGCCGATGTCTCCCGGATGGAGAACGGTCTGCGCGAGGTCGAGCGGGCGCTCGCCGACGCCGAGGACGCGGCGTGGAAGCGGAGCAACCCCGAGACCAAGGCCCGCACCTCGGGGGCGCTGAGCCAGCTCGACGAATCGATCGCCGAACTCGAGGCGGCGCTCGAGACCGCGAAGGCCTCAGGCGACGAGAAGTCCGTCGCTGATGCGCAGGCCGCTCTCGACGCCCGGCGTGCGTGGCGCGATCAGCTCGCTCAGACGGCGGCCGAACTCGACTGACGCTCAACAGCTTCTCGTCAGGGCCGGACGGTGAACCGTCCGGCCCTGATTCTTCTCTGTCCACAGGCGCGGACCCGAGTCCGTGGTTGTCCACAGGCCGACGATTCGGTCTTGCCCTCCCAGGGTGAGACGACGATAGTGGCCTCATGGAGGACATCTTCCGACTCCGCGACTACGGCTACGAGCAGCTCACGGAGCTCACCCTCGACGGTCTGCTCGTCCCGCTGACGGAGACGACGTGGGTGCGGTCGGGTGCGGTGCTCGGACCAGAGGATCGCATCAGTGCGCTGGCGGCGCAGATCCCAGCGCGGCTCGTCGTCTCGCACTCGACTGCCTGGTGGGTCCATGTCGGTCTCGGTCGGGCGCCGAGCCCGCTGACCTTCACGACGCATCCGCGCAGGAGGGTGCTCGACCAGGACGGAGCCGTCGTCCACGAACTCAACCTCGGCCGCGGCGACTGGGAGACGATCGCCGGTCTGCCGGTGACGACGCCGATGCGCACGCTCTACGATCTGCTCCTGCCGCACGTCCGCCGTCCGGAGGCGGGTTCGGCCAGGGCGGTGGCCGAGATCATCGACGAGGTGCCGCCCGCGATGCGCACGCGTTTTCGGCTCTACCTCGACGGGGTCTCCCGGCGGCCGTACGCCGCGCAGATGCGGGAGGTCGTCGATCGGCGCGGACACACCTCGACCCCCTGGCCGCGCGCCCCTCAGCCTCCCGAGATGCGGTAGACGTCGAAGACGCCTTCGACCTTCCGAACGGCGGAGAGCACCGTGTCGAGGTGGCTTGCGTCGCTCATCTCGAAGACGAACTTCGACTGAGCGACGCGGGCCTTCGAGGTCGCCACGGAGGCGGAGAGGATGTTGACGTGGGTGTCGGTGAGGACCTTCGTGATGTCCGAGAGCAGTCCCGAGCGGTCGAGGGCTTCGACCTGGATCTGGACGAGGTAGACGCCGCTCGTCTTCTCCCCCCAGGAGACCTCGACCATGCGCTCGGGTTCGCGTTCGAGGGAGACGACGTTGGGACAGTCCACCCGGTGGACGGAGACTCCCGAGCCGCGGGTGACGAAGCCGACGATCTCATCCCCGGGCACCGGGGTGCAGCAGCGGGCGAGTTTGACAAGGACGTCGTCGACGCCCTTGACGACGACGCCGCCCGAGGACGAATGATGGCCCGAGGACTGGCCGGTGCGGTTGCGCGGTGCCGGAGGCAGGACCGCGGCCTCCTCGTCGTCGCCGACTTCCTTGGCGAGCAGGTCGACGACGTGGGCGGCCGAAGTCACCCCGTTGCCGATCGCCGCGTAGAGCGCGGTGACGTCGGGCAGGCGCAGCTCGGTCGAGACGACCTGGAGCGCCTCTTGGCTCATCAGGGCGTTCGCGGAAAGGGAATGGCGGCGCATCGCCCGGGCGAGCTGCTCGCGGCCGTTCTCGATCGCCTCTTCGCGGCGCTCCTTGGAGAACCACTGGCGGATCTTCGACCGGGCGCGCGGGCTCTTGACGAAGCCGAGCCAGTCGCGGCTGGGACCGGCGTTCTCGTCCTTGGAGGTGAAGACCTCGACGGAGTCGCCGTTCTTGAGCTCGGTGTCGAGGGCGACGAGGCGGCCGTTGACCCGGGCGCCCATCGTCTTGTGCCCGACCTCGGTGTGCACGGCGTAGGCGAAGTCGACCGGCGTCGCCCCGGCGGGCAGGCTCATGACGTCGCCCTTGGGCGTGAAGACGTAGACCTCCTTCGAGTTGACCTCGTAGCGGAGGCTGTCGAGGAACTCGTCGGGGTCGCTGACCTCACGCTGCCAGTCGAGGAGCTGCCGCAGCCACGCGGCGTCGTCGACGCCGCCGTCGTCGGAGACCTTGACGGAGCGGGCGGTGTTCGAGGTGATCGCCTTCGACGGGTTGCCGCGGTCCTTGTACTTCCAGTGCGCGGCGACGCCGAACTCGGCTCTGCGGTCCATCTCGTGGGTGCGGATCTGGATCTCGACGGGTTTGCCGTTCGGGCCGATGACCGTCGTGTGCAGGCTCTGGTACATGTTGTACTTCGGCATCGCGATGTAGTCCTTGAACCTGCCGGGAACCGGGTTCCAGCGGGCGTGGACGATGCCGAGGGTGGCGTAGCATTCGCGGACGGTCTCGACGAGGACGCGGACTCCGACGAGGTCGTAGATGTCGGCGAACTCGTGACCGCGCACGACCATCTTCTGGTAGATCGAGTAGTAGTGCTTCGGGCGGCCGGTGATGGCCGCCTCGATGCCGGATTCGGCGAGCTCGGACTGGAGTTCGGACGAGACGGTCGCAAGGTACTTCTCGCGCTCGGGCGCACGGTCGGCGACGAGGCGGACGACCTCGTCGTAGACCTTGGGGTGGAGAACCTGGAACGAGAGGTCTTCGAGCTCCCATTTGATCGTGTTCATGCCCAGCCGGTGCGCCAGCGGGGCGTAGATCTCGAGGGTCTCGCGGGCCTTCTTCGTACTCGAGGCGGCGGGGACGAACTTCCACGTGCGGGCATTGTGGAGGCGGTCGGCAAGTTTGATGACGAGGACGCGGATGTCCTTGGCCATCGCGACGATCATCTTCCGCACGGTCTCCGACTGGGCGGCCTGACCGTAGGTGAGCTTGTCGAGCTTCGTCACCCCGTCGACCATCGCGGCGACCTCGGGGCCGAAGGACTCGGTGAGCTGCTCGAGCGAGTAGTCGGTGTCCTCGACGGTGTCGTGGAGCAGAGCCGCCGCCAGGGTGACGGGGAGCATGCCGATCTCGGCGAGGATCGTCGCCACCGCCACCGGGTGGGTGATGTAGGGGTCCCCGGACTTCCGGGTCTGACCGCGGTGGGCCTCCTCGGCGACCGTGTAGGCACGGACGACGAGGTCGATGTCGGCCTTCGGATGGCTCGCCTGCAGGGCACGGATCATCGGTCCGAGCACCCT
NZ_CP065629.1_gap36	1725458	1730184	4726	GACGTGGGCGCCGTCGATCTCGCGGGTGCGCTCCCCGATCCACAGGAAGTGGCCGGAGACGTCGTAGGGCAGGCCGGTGCGGGAGTCGATGCGGGTGAGCGCCCGCTCGTACTCGAGCAGCAGCGCCTCGTGGGCGGAGTAGAACTCCGTCGTCCGCAGGGCGTCGAAGTCGGCGCCGCAGGCGTCCATGAAGCGGATCGCGCGGTCGATCTCCCGGGCGGTCTGCTCGTAGCGCTGGTATCCGGGGTTCGAGGCGAGGAAGCCGCGGTTCCATTCGTGGACGAGGCGCAGGTCCGCGAAGCCGCCCTGGGTGAAGGCGCGGATGAGGTTGAGCGTCGACGACGACACGTGGTAGCCCTGGAGCAGCCGCGCGGGGTCGTGGCGGCGGGACTCCTCGGTGAATTCGTAGCCGTTGACGATGTCCCCGCGGAACGAGGGCAGGGTCACTCCGTCGCGGGTCTCCATGTCCGCCGAGCGGGGCTTGGCGAACTGCCCTGCCATGCGCCCGATCTTCACCACCGGCATCGAACCGCCGTAGGTGAGGACCGCTGCCATCTGGAGGACCGTCTGGACCCGGGCGCGGATCTTGTCCGCCTGGGCACCGGCGAAGGACTCGGCGCAGTCGCCGCCGGCGAGGACGAACGCCTCACCGCGGGAGGCCGCCGCGATCCGCTGCTTGAGCACGTCGGCTTCCCCGGCGAAGATGAGCGGCGGGAGGCTGCGCAGCTTCGTCAGGGAGTCCTCGAGCGCCTCGGCGTCGAGATACGTCGGCTGCTGTTTGGCGTCCATCGACCTCCAGTCGTCGAGACCGGAGAGGTCGTCGGTGCCGGCTGCGGTGATGTCGGTCTGAGCGAAGACCGGATCGATGTGGAGGCTCACGCTTGTTCTTTCTTCATTGCTCGTCGCCGGTCTCGAAGTCCTCGGCGGAGACGTTGTCGAGGAAGTCGCGGAACTGGGCGACCTCCTCCTCGTCTGCTTCGGGAGCTTCGATGCCGGCGTCTTTGAGGAGGTCGGAATCGACGTAGACCGGGCACTCGGCTGTCAGCGCCAGGGTCACGGCGTCCGAGGGCCGGGCGGAGATCGTCCTGCCGTCCTCGGTGTGGAGTTCGGCGAGGAAGATCTGACCGTCGCGGCCGGTGATCGTGACGTCGGCGAGCTCGTCGTCATGGGCGGCGAGGACGTCGAGCAGGAGGGCATGTGTCATCGGCCGCGGCGGGGTGAGACCGCGCTGCGCGATCGAGAGCGCGTTCGCTTCGATCGCCCCCACCCAGATCGGCAGGTAGTAGGCGGGCTCGCTGGCCTTGAGCAGGAGGATCGGCTGATTGGCGGGCATCTCGATGCGCACCCCGACGACCTCGACTTCGACGTTTGGCATTATCCCCTTCTCAGGAGCGCGGACGCTGCTGGAAGATCATCCGGAACTTCCCGATCTGCACGTCCGCGCCGTTCTGCAGTTCGATGGAGTCGATGAGCTGACGGCCGACATAGGTGCCGTTGAGCGATCCGGTGTCGCGCAGCGTGAACCCGCTCGGCGTGCGGATGAACTCCGCGTGCTTCCGCGAGACGGTGACATCGTCGAGGAAGATGTCGGCGTTGGGGCTGCGGCCGACGGTGACGACGTCGGTGTCGAGCAGGATCTGCGAACCGGAGTCCGGTCCGGAGACGACGACGAGGAGCGCATCGGTGTCCTGGAGACCGTCGAGGTCGGGCACCGGGTGGATCTCACCGGTGTGCGGATCGAGGATGCCCTGGAACGGCTGCCGACCGGAGTCGGTCATGCTCTGTCCACCGGGAACCGGGTACTGCTGCTGGTTGGTCTCGCCGCCCGAGCTCGGCTGCTGGGCGTACTGCTGCTCGCGGGGATCGTGACCCTGCTGGCCCGCCTGCTGCGGATAGCCGCCGTCCTGCTGGTACCCGCTCTGCTGGTACCCGCCCTGCTGCTGGTATCCGTCCTGCTGGTACTGGGCATGACGGCCCTGCTGGTCGTCCTGTCCCTGGTATCGGCCCTCGTCGTACCGGCCTCCGGGCGCCTGTTCACCGGTCGGGTGATCGGCGTGCCGGCCGTGGCCCTGCCCGCCGTCCTGCTGGTGCTGGGGCGGCTGGTACTGCTGCTCGTCCCGCCGAGGCTGCTCCTGGCGGTACTGCCCCTGATCGCCGCCGTAGTTCGGCGCCTGGGGTGCATCGTCGACGGAGGGCTGGCCGTAGGCCGGCGTGTTCGGCCGGGCGTCTCCGCCCTGGTCCTGCGGGGCGCCGTCACCGGGGCCGAAGGGGAACTTCTTCGACTGCGGGACTTCGCCGTTGTCGTACCACGGCTGCGAGGGATTCCGGCGACCTTGGTCATTGTTCTGCGACATCATGCCTCCTCGCTCTGCACGAGCTTGTGGTACTGCTCCTCATCCATCAGACCGGTGACCTGCTCAGGATCGCTCGCCTCGACGAGGTACATCCATCCGTCCTCGTAGGGCGAGGAATTCACGGTCTCCGGTCTGCCTTCGAGGGCATCGTTGACGTGGGTGATCGTTCCCGACAGCGGTGCGATGAGGTCGGACACGCTCTTCGTGCTCTCCACCTCGCCACAGGACTCCCCCATGGTGATCGCATCTCCGACGGCAGGCAGGTCGACATAGACGACGTCGCCCAGCTGAGACTGGGCGAAGTCCGTGATGCCCACGCGGTAGACGGCGTTGTCCTCCGTGGTGTGGACCCACTCGTGGTCCTTCGAGTACAGGTAAGACACTGGAAAATCCAGTTCCGCCATGTCGACTCCTCTTAGCTTGTCGGTGTTCCAAGCATAGCCGCCTGGGGTGCTTGCATAACAATCGCGAAACAGAAATGTTACTGACCCCCTGAAAGGGAGTCCGCAGACACCTGTTTCTCCGGTGATTACCTGGGATGATACTAGTTTGTCGAAGGTCACGATCGGCAATTTTGGCAGTTGGACGACGATCGTTATAGGCTAGTTCTCGTTGCTTCGGCCCAGGTGCTGGACAACGGGCTATGGCGCAGCTTGGTAGCGCGCTTCACTGGGGGTGAAGAGGTCGTGGGTTCAAATCCCGCTAGCCCGACCAAATCCGCCGCTCATCATCCTTGAATTTAAGCGGAAGAATGCCCCGCCACACGTACAGTGTGACGGGGCATTTCGTTTACCTCTCACAAGGCCTCTCACAAAGCGCGAGAGTCCTCAAGCGGCATGAGTACGTGACCCGAGGGCCTGCGCCGCCGCTGTGATGCCTGAGTCTCCAGCGTCCGGAAGGTACGTGCTGAGGTGGACCTCGACAGTGTGCCCGAGGAGGGCGGCGGCATCGCCGGGCACTACTCCGAGTCGATGGAGCAAGAACGCGAGAGTGTGCCTCACTGAATGCAGGCGGATCACAGGGACACCCGAGCGTCGGCATAGCGCCCTGAACCAATCTGAGTACAGCTCAGGACGGAGAGGACACCCCACCTCGTCGACGACGACATAGCCGCTGTCGTGGTAGGCCGCTCCCGCCTCCAACTTCTCACTTACCTGCCTTATCTTGAGCTGTCGCAGGAGGTCGAGAGTACCCGCCTCGATGACATCGACCGGCACCGAGCGGCGACGCTGTTCTGACTTCGTATCGTCGACAACATCGCCCCCACCCTTGTCGGCAATGACTCGACCTTGCCGGACTGTGACGGTGCCCGCGCCGAAGTCGATGTCCGACCATCGCAGGCCCATTACATCCGCCCTGGTGAGTCCGCACAAGGTGAGCCGCCATGCCCCAGCGAGGCGATCCAAGTCTGACTTGGCACGGAACTTGTCGAGGTCAGTGCATACGGCCTCGGCCCCATGGCCTTCAGTGGGCCAGTGTTCCAGCTCAGTGCCCCTGGTCTTGCGAGCGCGTGGCATCCTCACCAAATCGGCGACATTCTTCTCGACCAGACCGTCGCGGACCGCGAAGTCGAGCGCCTGGCTGAGGCGGTTCACTGCCGAACGCACAGTGCCAGGAGCGAACGGCCGACCATCTCGGCGCGTCCGCTCCCCCGCCACCGTCTCGGCGATGAACTTCTCTATCTCGCCCGCTGTCAACTCCCGCACGGGTCTATCCCCGAGCGCGTCGACGACAGGTTTCGCCCGGTAGGCGTAGTTGTCGGCTGTGGTCTTACGGATGTCGACGCGAGACGCGACATAGCGGTCAACGAGCTGAGCAACCGTGAGCGTCCGCGCAGACAGTCCCCCACGCTCGGAAACCTCGGCGCGCACCTCGGCGACGAACTGCCGCGCCTCATCGAGAGTGTCGAGCGTCTTCGTCGCTTGCTTGCGCTTAGCCGCACCTCTGGGCGTGGCATCGACGACGACGCGGAAGCGAACGCCGCGCGCCGTCTCGATACGGCGGATCGGCTCATCCCACATCGGACAGTTGGGGCACGTGTAGCCGATCACCTCGTCGCCCTTGTGGATCGGCCCCCAGCCTTGTCGGCGATTGCCTCGGGACTCTCCACACGAGGGGCACGTCTTGAGAGCATCGGCTGGGACAGCTCGACGGTTTCCCGTGCTCATGCCGCCACCTCCTCGGAGGTCAGACGAACTACTCCACCCCGTATGGGTAGAACGCCCTCAGCGATGAACTTGGCTGTTATACGCCGAATCTCGTCATCGTCGCTATGCTGACCGCAGCCGAGACGGTAGACGACGGCACTGTCGGCGATCCTGGTCAGCATGAGGCCCGTGGTGGTATCGACCCCACCGAGGCGGTCGACAGGA
NZ_CP065629.1_gap37	1864656	1866827	2171	TCCTCGATCTCGGGTGCGGCTGGGGTCCCATCGCCCTCCATTCCGCGTTCCAGGCCTCCGACGCCGAGGTGGACGTCCGGGTGTGGGCCCTCGACATCAACTCCCGATCGCTCGAGTCGACCGCGGCGAACGCGGCCAGGCTCGGCCTCGATTCGGTCCGCACCGTCACCGCCGACGAGGTTCCCGCGGACGTCCAGTTCTCCGCGATCCGCTCGAATCCGCCGATCCGCGTCGGCAAGGACGTCCTCCATGAGCTCCTCGAGACGTGGCTGCCGCGCCTGGCCCCGGGCGGGCGCGCCGACCTCGTCGTGTCGAAGAACCTCGGCGCCGATTCGCTGCTCACCTGGATCCGCGGGATGCTCGGCGAGGGGTTCACCGCCGAGCGCACCGCCTCGTCGAAGGGCTTCCGGATCCTGACGATCCACAGGGACGCCTGAGCCTCCCCCGCCGACGCGGGCTCATCGAATGTTCCCCCGCCGAGGCGGTCGCTCAGTCGATCGTGCCCGTGGCGACGAGCACGGCCGGACCGGCGAGGGTGACGGTTCCCTGGTCACCGTCCTCATCAGGGGTGATGCCGATGCGCAGGCGTCCCCCGGGGACGTCGACACGCCACTGCAACGGTGAGGTCGGTCCCGCCCAATGGTGGGCGGCGATGGCCGCCGCGCACGCCCCGGTGCCGCAGGATCGGGTCTCGCCGACTCCGCGTTCGGACACCCGCATGCGCAGGGCGCCTTCGCCTCCGGCGAGGTCGCTGCGGGCCGGTTCCATGACGATGAACTCGACGTTCGACCCTTGCGGGGGCACGGGGTCGAGGACGGGAGCGTCACGGAGGTCGGCCGCGGAGAGTTCGGCCGCCTCGGCGAGGGCGACGACGGTGTGCGGATTCCCCGTCTCGACGGAGAGCCCAGGTCGGGGGACGTCGATGCCGTCGGTGGTGACGAGGGTCTCGGCGGTCTCATCGATCGACCAACGGCCCATGTCGACGGTGTACCACGCGTCCTCGGGGCCTCCGGGGGTCGACGCCGTCGACGGCTCGGTCTCGCCGAGGGCCGGGTTGAGGGTGATGCGCACGGTCTTGATGCCGTCCCGGGTGCCGACTTTGATCTCCTCGCTGTCGGCGGGGACCCGGCTGGTCTCGAGCAGGGCATGAGCGAAGACGCGCACCCCGTTGCCGCACATCTCGGAGAGGCTGCCGTCGTGGTTGTAGTAGTCCATGAACCATTCAGCGCCGGCAGCGGCCTGCTCGTCGGCGCCGGGGATGCCGCTGTCGGCTGAGCGCACGATGCGGATGACGCCGTCGCCGCCGAGGCCCGTGCGCCGGTCGGCGAGCAGCGCGACGGTCTCGGGATGGAGGGTGAGGTCGCCGCCGTCATCCTCGAGGAGGACGAAGTCGTTCTCGGTGCCGTGGCCCTTGTGGAACCGGGTGCCGGCGAGTGCGGCGAACGGGGTATTCATGACTCCAGTCTAACGATGTCCAGGGCCCGGTCGAGCTTCGCCCCCGCCTCGGCGACTCCGGAGTCGATCCAGGTCACGCGCGGATCGCGGCGGAACCATGTGTCCTGGCGGCGGGCGAACTGGCGGGTGCGCACGATCGTCGATTCGCGGGCGGACTCGGCGTCGATGGCACCTGCGAGGTAGTCCTGGATCTGCGCGTAGCCGATCGCCCGCGACGCGGTCTTCCCGTGGGCGAGCCCCTGGTCGAGGAGAGTGCGGACCTCGTCGACCCACCCCGCGTCCCACATCAGACCGACGCGGGCGGCGATGCGCTCGTGCAGAGTGCTGCGGTCGAGGGCGAGGCCGATGTGGATCGTCGGTTCGATCGCCGTGTACTCGGGCAGGGATGCGGTGAAGGGCTGTCCCGTGAGCTCGATGACCTCGAGGGCTCGGACGATGCGGCGGACGTCGTTGACGGTGATCTTCTCCGCGGCCGTGGGGTCGAGGTCGGTGAGTTTCGCGTGGGCGGCCCACCGGTCGGCGTCGACCTCGGTCTCGAGTCGGGCGCGCACCTCCGGATCGGTGCCGGGGAAGTCGAGGTGGTCGGTTGCGGCACGGGCGTAGAGTCCCGACCCGCCGACGAGGATCGGCCGGTTCCCGCGGGCGCGGATGTCGGCGATCGCGGCCCGCGCCTGCTCTTGGAAGGTCTGGACGTTCGCTTCGTCGGTGACGTCAAG
NZ_CP065629.1_gap38	1869530	1873906	4376	GGGTGTCGTCGAGGAGGTTCGAGCGCTCGAGCTTCGTGATGAGGCGGTCGACGACCGCAGGGTCGATGTCGCGGCGCAGGAGCTTCTCGCGCAGCTCGGTCGACGAGTGGTCGCGCATCGCGAGCATGTTGAGCGCGGTCTTCTTCGCCTTCGCATACGCCTCGGCGAGTTCCGGAGAGTCCGCGAACGGCTCGTCGGGCACGGTACCGGCCGGCTCACCCGCGCTGGGACCCGCGCCGGGCACTCCCTGAGCGGAACGTGCCGAACCCGGCCCCGGCTCGGCGGATTCGGTCGAACCCACCGCGCCCTCGGAACCGGTGCCCGACGTCTCCTCGGCGTCACCGGCGTCGAGTCGCGCGAAGAAGCCCGTCCCGCCGGCGGCCTGTCGGGATTCGAGGTCCGACAGGGCCCGGCGGAGGTCGGTGAGCGTCTTCGGGTCCTCGCTCATGGCCTCACGAGACCTCGACGTCGTCGGACTCCTCAGCGGCAGGAGCGTCGGCGGGATCCTCGTCGACCTTGATCAGCCCCATCTTGTGCTTGATCTTCAACTCGATCTCCTCGGCGAGGCCGGGGTTGTCGCGGAGGAAGTTGCGGACGTTCTCCTTGCCCTGGCCCAGCTGGTCGCCGTCGTAGGTGAACCACGAACCGGACTTGCGGATGATCCCGTTGTCGACGCCCATGTCGATGAGGCTGCCTTCGCGGGAGATGCCGTGGCCGTAGAGGATGTCGAACTCGGCCTGCTTGAACGGCGGGGCGACCTTGTTCTTGACGATCTTCGCCCGAGTGCGGTTGCCGATCGCGTCCTGGCCCTCCTTGAGGGTCTCGATGCGGCGGACGTCGATGCGCACGGAGGCGTAGAACTTCAGCGCCTTGCCGCCCGAGGTGGTCTCGGGTGAGCCGAAGAAGACGCCGACCTTCTCACGGAGCTGGTTGATGAAGATCGCCGTGGTCTTCGACTGGGCGAGTGCTCCGGTGATCTTCCGCAGTGCCTGCGACATGAGGCGGGCCTGGAGGCCGACATGGCTGTCGCCCATCTCGCCCTCGATCTCGGCCTTGGGCACGAGCGCTGCCACCGAGTCGATGACGATGATGTCAAGGGCGCCGGAGCGGATGAGCATGTCGGCGATCTCGAGCGCCTGCTCACCGGTGTCGGGCTGGGACACGAGCAGCTGGTCGGTGTCGACGCCGAGCTTCTTCGCATACTCGGGGTCGAGGGCGTGCTCGGCGTCGATGAACGCAGCGATGCCGCCGGCCTTCTGCGCGTTCGCGACGGCGTGGAGGGCCACGGTCGTCTTACCGGAGGACTCCGGACCGTAGATCTCGACGACGCGGCCGCGCGGGAGACCGCCGATGCCCAGGGCGATGTCGAGGGAGACCGAACCCGTCGGGATCGACTCGATCGGCTCCCGGACTCCTTCGCCGAGGCGCATGATCGCGCCCTTGCCGTAGTTGCGGTCGATCTGTCCGAGGGCGGCGTCGAGGGCCTTCGACTTGTCGCCGCCGGTGGGGATCTGCAGGTTCTTGGGTGTACGCGCCATGACCTCTCCTAAGGTGTCGTTTCCTGTGAGACCAACGCTAGAAGACGGCACTGACATGAGGACAGAGGAGGATTCTCCCCTGTGGACAGTCGGCCACTCGTGGTCACAGGTCCCGTGATTCGCTCACCAGCATAGCCCATATGGGAACAGGTGTTCGATATATGTCGGCGTGTCGGGCGAAGATCTGTCCGAACCACCAGGCATGCCGCAGCCCCGGATGAGGTCAGAACGGCGTCGACCGGGGCTTCTCCTTGCCGAGGCGACGGGAATCGGGGACGCCCATCGAATCGCACACGGCGATCCAGATGTCGCGGGGTTCGATGCCGCGACGGAACGCCTCGGCGGCGGTGATCGACCCGATGCTGCTCAGGGTGAGGTCGGTGTGGAGTGAGGCCGCGCGAGCCTCACCGAACTCCTCATTCATGAGGGTCCAGTAGAGGGTGTGGCGCATTACGGCTTGGCTGCCAGCCGCGGAGACGGATATCCGCCGGGGTGTCCGAGGATCTTGTCCGAGAGCTCCTGCGGGATGGTGTCCGGGATCTCGACGCCCTCTGCCAGGGCGAAGCGATCGGAGACCTCGGTGAGCAGCGCCGAGACGGGGAGATCGAGGGCTTCGCAGATCGCCGACAGGAGTTCGGAAGAGGCTTCCTTCTGTCCGCGTTCGATCTCGCTGAGGTAGCCGAGCGAGACGCTGGCTCCCGTGGAGACATCGCGCAGCGTCCGTCCCTGACGGCGGCGAGCGGAACGCAGGGCGTCGCCGATTTCAACTCTCAGTAACATTGTGCGTCCCTCCCTTTGCTCGCGCGATCGTGCATTCAACTTTACAGCCCGGCCGCGCGGACGCGCCAACCTGGGCGGGTGAGATCGGGGTATTGCCAGTCCTTTCGGAGAAACCGGCACGGTGGCATTTCAGTGCGTATGTCATGTTGATGAGACAACCGCTGAGACAGGGAACTTATTCCGCGCTCATTCACCGCCGGGACCGAAGGCGAGTTTCGTCGTGAACTCGCCGAGGCGCTCGACCATGGTCTCGACCGTGGCCCGCCGGATCGCCTCCCGGTCCCCCGTGAAGTGATGCTCGAGGACTTCTGCTCGGGAGCCGAAGGCGACAGCCGTGAAGACGAGTCCGACCTCCTTGCCGTCCTGCGGATCGGGTCCGGCGACCCCGGTGCACGAGACCCCGATGTCGGCGATGCAGGCGCGAGCGGCTCCGACGGCCATCTCCGCGGCGACGTGCGGGTCGACGGGTCCGGTCTCCTCGAGACGGTCGGCATCGACCCCGGCAAGGGTCGCTTTGAGGTCGGTGGCATAGGTGACGAGTCCCCCGCGGACGACCGCGGAGGCGCCGGGGACGTCGACGAGAGTGGAGATGAAGCGTCCCGCGGTGAGCGATTCCGCCGAGGCGACCGAGAGTCCCAGCCGCGTGCACGTGGCGATGATGCCCCGGCACGTCGCGAGAAGGTCAGCGGCCATCGTCGGACTGTGACTGGCCCGGAGTGCCGTCATCGCGAGTGCCACCAGGGTTGCGTTCGCCGAGTTTGCCGCCGCTGTCCGCATTGCCGGCAGGTGCGCCTGCCTCCCCCGCATGCGCGGCGCGGGCGAGCTTCGCCGCCTGGATGCAGTAGTCGACGCCGGTGACGATCGTGACGATGATCGCGGCGACGAGGACGAGCCACGCGATGACGAGGAGGACGACGGCGACGACACCGGGCCCGAGGAACGCGAGCGGCTTCCACAGGAGCAGGAGGCCGATCGCCACGGTCTGGAGGACGGTCTTGATCTTGCCGCCGCGGGAGGCGGGCATGACGGCGATGCGGATCATGAAGAACCGCAGCACCGTGATGCCGAGTTCACGGACGAGGATGATCACGGGCACCCACCACGGGACCTCGCCGACGACGGCGAGGCCGATGAGAGCCGCTGCCATGAGCGACTTGTCGGCGATGGGGTCGGCGATCTTGCCGAAGTCCGTGATGAGGTTGTACTTGCGAGCGAGGTCGCCGTCGATCTTGTCGGTGAGCATCGCCAGGAGGAACACCGCGAGCGCCCACCACCGCGTCGTCATGTTCTGCCCGCCGTCGCCCAGAAGCAAGACGAGGAAGACGGGAACGAGCAGGATCCGCACGACAGTCAGCGCGTTGGGGAGGTTCCAGTTGCTCGGGGCGGCCTCGGGTGGGGTCTCAGCTCGTTCGTTCACACCTCAACCCTATCGGAGACCCCTGGCAATGAGACGGAGCCGACCGCTCATCGTGGGCGATCGACTCCGCAATCGTTATGCCAGCCGCCTCACAGCGGCCCGTGGCCTCAGCGGCCGGTGAGCTGCCAGGCGTCCTCTCCCGAGGCCTCGACGACCTCGAGTCCCGTCTCCGGGTCGATGTCGCCGACCCGCAGATCCTCGGCATGGCCGACGCCGTTGCCGTAACGGTCCTCCCTCGCCGAGGCGGTCCCCCGACTGTCGTCGGACGCACCGTACTCGTCGCCGGAGTCACCGTAGTCGTCGTCGAAGTCCTCGGCGAAGTCATCGGCAGCCGAGGCACCCGCGGAGGGACCTGCCGCCTCGGCGGGTGGGGTCTCCCCCTTGATGACGGCCAGGGCCGCCGGCAGATCCTCGGGGCGGACGAGGACGTCTCGGGCCTTCGATCCCTCGGAAGGGCCGACGATGCCGCGGGACTCCATGAGGTCCATGAGGCGACCGGCCTTCGCGAAGCCGACACGGAGCTTGCGCTGGAGCATCGAGGTCGAGCCGAACTGGGTGGTGACGACCTGTTCGGCGGCCTGGAGGAGGAGTTCGAGGTCGTCGCCGATCTCCTCGTCGATCTGCTTCTTCGGCGCCTCGAC
NZ_CP065629.1_gap39	1942404	1947348	4944	CGAGCTGGAGGTCGACACGATCGAGGAGAGGCCCGGAGAGGCGATTGCCGTACCGGCGTCTGTCCATCGGCGTGCAGTTGCACACCGTGTTCGCGCCCGCCTGCATGCCCGCCCCGCACGGGCACGGGTTCGCGGCCATGACGAGCTGGAACGATGCCGGCAACACCATCGACCCCCAGGCCCGGTGGATGTGGACCTGACGGGCCTCGAGCGGCTGCCGCAGCGCTTCGAGCACGTCCCGGGAGAACTCCGGCGCCTCGTCCATGAAGAGGACACCCCGATGGGCTTTGCTGAGGATGCCGACCGTGCCGGGCTTCCTGCCTCCCACGAGCGCCGAGGCGGTGCTCCGGTGATGGGGTGCCTCGAACGGCGGCCGGTGATCGAGCTCCTCACCGGGCACGAGTTCCCCGCGCAGAGAGCGCACCGCGGCGACTTCGAGGGCCTGGGCGTCGTCGAGCGGTGGGAGGATCCCGGGCAGGCACTGAGCGAGCAGGGTCTTCCCCGCGCCCGGGGTGCCGCGCATGAGGAGGTTGTGACCGCCCGCAGCGGCGACCTCGAGCCCGAACCGAGCCTCATCCTGCCCCTGCACCTCGGCGAGGTCGTGGAGTTCGGTCGGATGCGCTCCCGGTCCGGGAGCCTCGACGACCGGTGGCAGGGCGGGAACGGCGAGGCTGCCGCCGTAGGCGTTGACGAGTTCGGCCAGCGAGGACACCGCGAGGACATCGACGTCTCCGATGAGCGCGGCCTCCGCCCGGTTGCCGGCGGGAACGACGAATCGGTCGAAGCCGGCGAGCAGGCCGCAATGGAGGCTCGGCAGCACGCCGCTCACCGGTCGGATGCGGCCGTCGAGGCCGAGTTCCCCACAGTGGATGACCGCCTCGGTCTCGGCGGAGCTGATGATCCCGCGGGCCTTGAGCACGGCGACGGCGATGCCGAGATCGAAGCCGGTGCCGATCTTCGGCACACTGCCCGGGGTGAGGTTGATCGTCAGATGCTGGGTGGCGACCGGGATGCCGAGGAAGGCGAGCGCCGCACGCAGCCGCTTGCGCGATTCGCTCACCGAGGCGTCGGGAAGGCCGACGATGTCGATGCCGGGAAGACCTGCGCTGACGACGGCTTCGATCGAGACGATCTTTCCGGCCAGCCCCCAGAGGGCGACGGCGGCGGCCCGTCCGACGACGGTCTTCTCCGGTGTCGTCTCGCCACTCCTCGCGTCCTCGACTCCCAATGGTTCGTCGCCGTCGGGGCTCCAGTCGGCGTCGACAGCATCGCAGTCATCCCCTGGGTCATCGACGATGTGCAGCTGTTCGCTCATGCGTCGACCTGCACATTGCGCACATGGGTGACGGTCGGGCGCGGTGACATGACGATGCCGATCGCGTCGATGCGGGTCGCAGGGTAGAACTCGGCCTGCTCGCGCAGCCACAGTCCCGAGAGCATCCTGATCCGACGCAGCTTCACCGGCGTGATCGCTTCGAGCGGTGAGCCCTGCCGCATCGTGCGGCGGGTCTTGACCTCGACGAAGACGATGGTCGCTCCGTCGCGGGCGATGATGTCGATCTCTCCCTCACGGCACCTGACATTGCGGTCGAGGACGACCATGCCCTCGGCCTCGAGGCGGGCGACGGCGAGGTCCTCACCCGTCCGGCCCAGGGCGAGCTGACGGTCACCGCGGGTCGGGGTGTCCGTCGGCCGCGCAGTCCGTCCTGTCTTCGTCGTCCGTGCCATGCCGTCCAGGCCACCACAGCACGTGGTCGTCTGGAAGCATCAGAGAACGGCCTGTGGACAGCGGTTGAGCCTCCACAGGCCGTGAGCACATGAGTGCGCGACGCTCCACACCCGGATCACGCACGAGTCAGGGCTGTCAGCCTCGGCGCCGACGGCATTCCGTTCAGCGGCGGCTCAGCGCCCGATCGAGGTCGGCGGCTCGAGGTCGGACTTGGCGATCTCCTCAATGTTGACGTCCTTGAACGTGAGCACGTGGACCATCTTGATGAACCTGGCCGACCGGTAGCTGTCCCACACCCAGGCATCGCGCAGGGTGAGCTCGAAGTAGACGTCGCCGGCGTCGTTGTGCGCTTTGAGGTCGACGTGGTTGGCGAGGTAGAAGCGGCGTTCGGTCTCGACGACGTAGGCGAAGAGACCGACGACATCGCGGTACTCCTTGTAGAGCTGGAGTTCGAGCTGGGCCTCGTAGTCGTCGAGATCGTCTGTGCTCACGTCGTTCCTCTCTTCGCGTCGTTCTCGGGGTGCAGCCGGAAGCTCATCCGGTGGTGGAGGCTCGGTCCGTGCTCGGCGATGGCCTGCCGGTGGTGAACGGTTCCGTATCCGACGTTCGACTCCCAACCATACTGCGGGTGCGCCTCGGCGAGGCTGATCATCGTTTCGTCGCGGTGCACTTTCGCCACGATACTCGCCGCCGCGATGACGGGAACGCTGCCGTCGCCCTTGATCACGGTGCGCACGGGCGGCAGCTCCATGTCGGCGGCGGGCCCGAATATCCCCAGGCAGTCGAGCGTGAGTGGAGCCGAGAGCCAGTCGTGCTTGCCGTCGAGGAGGATCATCGTCGGTCGCGACGACGCACCCGCACCCGGGCCGCCGGACGCTGTGCCGAGCGCACCCTCGAGTGCCCGCCGAGCCGCGAGGTTGAGGGCCATGGTCATCCCGAGGGCGTCGATCTCGGCAGGCAGGGTCGATCCGACGGCCGAGGCGTGCGCCCATGCCTGGACGCGAGCGGTCGCCGCCGACCGAGAGGGACCGTCGAGCTGTTTGGAGTCGTGGATGCCCTCGGGCACGTCGGCGGCGCACAGGGGGCCGAGTTCGAAGACGGCGACGCCGACGCTCACCGGTCCGGCGAGCGCTCCGCGTCCCACCTCGTCGACGCCGATGACGATCTCATACCCCTCGGCGGCGAGTGCGCGTTCGACGCCGAGGTCGTGCAGTCCTCGTCCGGTCATCAGCTGACAGTGATTCCCTGCGGATCGGGCACGTCTGCGAAGACGTCCTTGGGGGTGGAGACCCACCGGACGTGGCTGAGCGGCCAGTTGACGAAGAACACGGTGCCGACGACGTTCTCGGCGGGAACGAACGGCTGGGTGTCCTGGTGGTAGCGCGAATCGGCGGAGTTGCTCCGGTTGTCGCCCATCACCCAGTAGGAGCCTTCGGGCACGGTGACGGAGAACTCCATCTCGGAGGGCGCAGTGTCCGGCGGCAGATACGTCTCCTCGATGGGGGTGCCGTTGACGAGGATCCTCCCCTGGGCGTCGCAGCATTCGACGGTGTCCCCGCCGACCCCGATGACGCGTTTGACGAGCTGGTTGCCCGCGTCGGAGGGGGCGAGGCCGAGGAATTCGAGGACGGGGTTGGGCTGGTAGGCGGACACCTCGGCGTCGGTGAGCCAGTCGTCGGGATCGTCGAAGACGATGATGTCACCGCGGTTGGCCGGGCCGAACTTGGGGGCGAGCTGGTTGACGAGGACCCGGTCGTCGATCTGCAGGGTGTCCATCATCGAGCCGGAGGGAATGTAGAACGATCGGACCACCCAGGTCTTCAGCGCGGTGGAGATGAGGAGGGCGATGATGATGATGACCACGGTCTCGGCAAGGCCGCGCAGGAGCTTCTTCGACTTGGGCGGGGAGGGCTGAGGTTCGGTGGTCATTCGTTCGCTTTCGCATGGGTCCGCGACCGGCGCGGGGTGGCTGGAACGAGCGTATCAGTCGATGCTGGAGCCGTGACCGATGACCGGGCCGATGACGCGGTCGACGGGGATGAAGCCGCCGCCGGGGCGCCCGAGCAGCGCCCGGGAATCGGCGGAGTCGTTCCGGTTGTCGCCCATCACCCACATGGTGCCTTGGGGGATCCGGGTGGAGAATTCGGTCGCCGAGGCGGGCAGCGGCGCGTACTCCTCGTTCAGGGGTTCGCCGTTGAGGAGCAGTCGGCCCTGCGCATCGCAGCATTCGACGGTGTCCCCGCCGAGGGCGATGACGCGTTTGACGAAGTAGACGTCGCGGGGACCGACGCCGACCCACGAGCCGATCTTCTGCAGCGGGGTGGGCAGGGCGTCGTCGACGAAGGAGCCGCGTCCGTCGAAGACGACGATGTCGCCGCGGTCGATCCGACCGCCCAGCGCATCGGGGCGCCACACGGAGATCGTGTCGCCGGCCATGAGGGTCGGCTGCATCGACTCACTGGGGATGGTGAAGCGCTGGATGACGAAGCCGCGCGCCGAGGCGCCGAGGACGACGATGACGACGGCGATGGCGGCGAGGACCTTCCACACCGTGGGCGAGAGGCGGCGGGACGAGGACGCGCCGCCTTCGCGCGCGCCTCCTCGCCCCATCCCGGAAATGCGAAAACGCGACCCGGAGGTCGCGTTCTCGTCATGCTGCGGCATGTCGTGTCCGTGCGGCGCTGAGCCGGACGGTCATCAGGCCTTTTCGCGGATGCGAGCAGCCTTGCCGCGGAGGTTGCGGAGGTAGTAGAGCTTCGCGCGGCGGACGTCGCCGCGGGAGAGGACCTCGATCTGCTCGACGATCGGCGAGTGCACCGGGAGGGTGCGCTCGACTCCGACGCCGAAGCTGATCTTGCGAACGGTGAACGTCTCGCGAACGCCGTCGCCCTGGCGACGGATGACGACGCCCTTGAAGACCTGGATACGCGAACGGCTGCCCTCGACCACGCGGACGTGGACGTTGAGGGTGTCACCGGGGCGGAAATCGGGGACGTCGGACTTCAGCGAGGCTGCATCGACAACATCGAGCTTCTGCATAGTGCTTCTCCTGTGGCCTCTGCTTCAGGTCGAGGACACGCATATCGGACCGGTCTGACCGGTGATCGGATTCGTCTGCCGGGATCGCTCCCCTGGCCGCCGGAGTCCATCCGGCGGGCGATTCGGGCACCCATCCCCCTGAAGCAGGTGGATGCCAACAAACGCGACGATCTATT
NZ_CP065629.1_gap40	2007921	2009973	2052	CGTCGGATCTGCGCGCACCTCCTCGGACATCGCCCGCCTCGCCGCCCAGTTCGTCACGGTCCCATCGGCCCAGCACGATTCGTGGACGACCGCGTACAGCGGGTTGCGTCCCGAGAACGGCAGGGCGCCCGCGAGATCGTGGCGCAGACCGGACGAGTCCGGATCGAGGTCGAGGAGGTAGTGGAGGGCCTCAGGTCCGTCGGAGGCGCCGAGGTGGTGCCCGAGGAGGCGCACCCGCTCGGTCGTCGCCCGTGCCCCGCCGGGCAGCGCGATGCCGCCGTCGGCTTCGGCGAGGTCCATGAGCGCGGCCATCCGGTCGCGATCGCCGGGGAAGTTCCGATAGTGCTGCTCGGACTTGCGCATCATCTGCGCCCACGTCGCCCGATAGACGTCGACGGGATCGACCCCGATTGCGGGCAGCCCGCCTGTGAAGTAGGCCTCGGTGAGCGACTCCGAGCGCGCGGAGACGTAGCGCAGAGCGGTGAAACCGCCGAAGGACTGCCCGAGCACCGACCAGCGGTCGACGCCGAGCTCACGGCGCAGCGCCTCGGCGTCCTCGACGATCGAGTCAGCCCGGTAGCACGCGAGCACCTCGGCGATGGCCTCGGGATCGTCGCCGGCGACGTCGAGACCGGTGATCCGGCCCTCGACCGAGCCGATCGGACTCGACTGTCCGGTGCCCCGCTGGTCGAGCATGACCACCTGGAAGTCCTCGAGCGCCCGGGCCAGCCACGAGCCCTGCCCCACCGGAGTCGTCGGGCGAGGCACCTCGAAGCCGGGTCCGCCCTGGAGGAAGACGAGGTAGGGCTTGGAGCTCTCGGCCTCATCGGCGACGATCCGGGCGAAGACCTCGATCTTCGCAGAGGCGGCCGCGGAGTCCGCGTCGAGCCGACCGAAGTGGTCGAGCGGGACGTCGATGGTCACGTCGCGGAGATGAAGGCCCCCGCGCTGCCATGGGTGGACGTTCACAGCTGCGCCGCCAGCGCACGCAGACGGGCGAGCGAGGACTCCTTGCCGAGGATCTCGAGTGACTCGAACAGCGGCGGGGAGACGCGGCGCCCGGAGACGGCGACGCGCAGCGGGCCGTAGGCCAGGCGCGGCTTGATCTCCATCTCGTTGACGAGCTTCTCCTCGAGCACGGCCTGGAGCCTCTCCGTCCTCCAGTCCTCGAGTCCCTCGAGGACCTCGATCGAGGCGGCGAGCACCTGGGGGGCGGAGTCCTTGAGGGTCTTGAGCCCGTCCTCGGACATCGTCAGCTCGGCATCGGGGGTGAAGAGGAAGGCGAGGAGGTCGGGCGCCTCGCCGAGGAGGTTCATCCGGGTCTGGACGAGCGGTGCCGCCTGGTCGAGGATCGCCAGCTGAGCATCCGTCGGTTCGCCCGGGAGCACCTCGGCGGCCTGGAGGTAGGGGATGAGGCGGTCACGGAAGTCGTCCGGGGCGAGCATTCGGATGTGGTCGGCGTTGATCGCCGTCGCCTTCTTGATGTCGAAGCGCGCCGGGTTGGGCAGGACGTCGTGGATGTCGAAGGCCTGGGTGAACTCGTCGACGGTGAACACGTCGCGGTCAGGCCCGATCGACCAGCCGAGCAGCCCGAGGTAGTTGATGAGGCCTTCGGGGATGAAGCCGTGCTCGCGGTGGAGGAAGAGGTTCGACTCGGGGTCGCGCTTGGACAGCTTCTTGTTCCCCTGGCCCATGACGTAGGGCAGGTGGCCGAACTCGGGAGTCGCCTCGGCGATGCCGATGTCCTTGAGGGCTTCGTAGAGGACGATCTGGCGCGGGGTCGAGGAGAGGAGGTCCTCGCCGCGGAGCACATGGGTGATGCCCATGAGCGCATCGTCGACGGGGTTGACGAGCGTGTAGAGGGGCTGGCCGTTCGCGCGGACGACGACGAAGTCGGGGATCGTGCCGGCCTTGAATGTGATCTCGCCGCGGACGAGGTCGGTGAAGGTGATGTCGGCATCGGGCATGCGCACGCGCCACACGGGCTCACGGCCCTCGGCCCGGAACGCGGCGATCTGCTCGTCGGTGAGGTCGCGGTCGAAGCCGTCGTAG
NZ_CP065629.1_gap41	2180254	2183745	3491	CGCTGCGTGAGACCACGCCGCTGGCTGCCTGAGCGCAGCCTCCGCCGGAGCGGAGCAGCGCACTGCCGGGTCTGACGCAGTGCGCCCGCTCCCCCGGCACCGACCACGACGCCCGGATCATGTGCCTCCTTGTTCGAGGATCATGATCCGGGCGTCTTTGCGTCCCCGAAAATGAACAGGTACCTTGTCTTTTCGGGCGAGCGCACGACTCGTCTCGACCGGCACGAGAATCCCTTTCCAGGAAGCGAGGACGACCCTAGTGACACCCTCTCTCGCAACGATCCTCGACCGCCTCCGACGGCCCGAGACGGTCACGGATCTCATCCAAGTCGCCAAGACGGTCATCGCCGCCACTCTCGGGTGGTGGCTTTCGGTGGCCGTCCTCGACTCGCAGATGCCGTTCCTCGCCCCGTGGGCCGCACTCCTCACCGTCCATGCGACGATCCACCGCTCGGTCGCACGCGGAGCGCAGACGATGGTCGCCTCGGTCGCCGGGGTCGCGATGTCCTTCGTCATCGGCAACTGGCTCGGGGTGAGCCTCTGGACGTTCGGCTTCGCCCTCCTCGTCGGGGTCCTCCTCGCCCGTCTTCCGTGGATCCGGGAGGAGGGCATCGCGATCGCGACGACGGCGATCTTCGTCCTCGGCAGCGGATTCGACAGTCAGGAGCCGTTCCTCCTCGAACGCATCGTCGAGCTCGCGATCGGCGTCGGAGTCGGTGTGGGGGTGAACTTCCTCATCGTCCCACCGATGCGCGACCAGCAGGCGGCGGAGCACATCGACAGCGTCAACCGGCGCATCGGCGAGGTGCTGGAGAACATGGGTGATGAATTCGCCGTGTCCTGGGACACTGATCGGGCTGGGGTCTGGTTCGCGGAGACGGAATCGATGAGCGGTGAACTCTCCGCCGCGTGGCAGACGGTACACCTGGCGAGTGAGTCCAGGCGGGCGAATCCCCGGACCCGACTGCGGTCGCTGCGGCGGGTGCTGCGTCGGCACGACGACGAGCCCTCGGAGGTCGCCGAGCTCAGCTATGAGAACATCCTCCAGCGTCTCGACGAAGGGGTCTCCCACGTCCGCCACCTTGCGCGCACTCTCCACGCAGCGACCTACGATGACGGCGACTGGGACGAGACCTTCCGCGAGCGCTGGGCTGCGATCGTCGGCGACGCCGGCCGGGCGGTCGCCGACCCCGACGCCGAGGTCGCTCCCATCCACGCCCGCCTCGACGAGCTCTCCGCGGAGCTCTCGGACGGTGAGGAGCTGCCGCAGCGGGCATGGCCGCTCTACGGGGCGCTCATCACGAGCGTGCGCCACATCGCCGTCATCGTCGACGATGTCGCCTCGGCACGCCGAGCCCGGGACGCCGAAGAATCACCGACTGAATCGGCTCACGTCTGAGGGTGGTCCTCGTCGTCGAGGCCGACCTCGACGGACTGTTCGGCCACATCGGCGCCATCGGCCTCGCGGACCGCGGGGAACGATCCGGTCGGCTGCGCGTCCTCACCCGTGGGCTCCGTGCCGACGACGCCCTCGGGGTCGTCGAGGTCCTGTGCCTGCTCCATCCGGTCCGGCTCGGGCACTTCGCTGAACGACTGCACTGAGTTCACGATTCCTCCTTGAGACGGGACGGCCATGGGGGTACTCGTGATCGTAACCGCGTGGGCGCGCATGTCAAGGAGAAAGCAGAGGCGGCCCGGTCGATCGACCGGGCCGCCAGTCGGCAGCGCGCTGCTGTGAGGGTCAGCGACTCAGAAGTCCCAGTCCTCGTCCTGGGTGTTCTCGGCCTTGCCGATGACGTAGGACGACCCGGAGCCGGAGAAGAAGTCGTGGTTCTCATCGCTGTTGGGCGAGAGCGCCGCGAGGATCGCCGGGTTGACGTCCGTGACCTCCTTGGGGAACATCGCCTCGTAGCCGAGGTTCATCAGCGCCTTGTTCGCGTTGTAGTGGAGGAACTTCTTGCAGTCCTCGGCCAGTCCCACCGAATCGTAGAGCTCGTGGGTGTAGGAGACCTCGTTCTCGTAGAGCTCGAAGAGGAGGTTCATCGTGTAGTCCTTGAGCTCCTGACGGCGCTCCGCGGTCTGCGACTCGAGTCCCCGCTGGTACTTGTAGCCGATGTAGTACCCATGGACGGCCTCATCGCGGATGATGAGGCGGATGAGGTCGGCGGTGTTCGTCAGCTTCGCATGCGACGACCAGTACATCGGCAGGTAGAACCCGGAATAGAAGAGGAACGACTCGAGCAGCGTCGAGGCGACCTTGCGCTTGAGCGGATCATCACCCCGGTAGTAGCTGAGGATGATGTCGGCCTTCTGCTGCAGGTACGTGTTCTCCCGCGACCAGCGGAACGCCTCGTCGATCTCCTTCGTCGAGGTCAGGGTCGAGAAGATCGACGAGTACGACTTCGCGTGGACGCTCTCCATGAAGGCGATGTTCGTGAGCACGGCCTCCTCGTGCGGGGTCACCGCATCGGGGATGAGCGAGATCGCGCCGACCGTGCCCTGGATCGTGTCGAGCAGGGTCAGCCCGGTGAAGACGCGCATCGTCAGCATCTTCTCCTCATCGGTCAGCGTCGCCCACGAGGGGACGTCGTTGCTCAGCGGCACCTTCTCCGGCAGCCAGAAGTTGCCGGTGAGGCGGTCCCAGACGTCGTCGTCGACCGGATCGACGACGCGGTTCCAGTTGATGGCGTCGACGTGTGAGGCCAGGGTGAGGTTTTCCACGGAGGTGTTCTCTCTTCTTAGTTCGTCAGTTCAGCGGGGTGTCAGCGGTCGGTCGGCGTCACAGCATGCACGAGACGCAGCCGTCGACCTCGGTGCCCTGCAGCGCGAGCTGACGCAGGCGGATGTAGTAGATCGTCTTGATGCCCTTGCGCCACGCGTAGATCTGTGCCTTGTTGATGTCGCGCGTCGTCGCGGTGTCCATGAAGAACAGCGTCAGGGACAGGCCCTGGTCGACGTGCTTCGTCGCCTCGGCGTACGTGTCGATGATCTTCTCGTAGCCGATCTCGTAGGCGTCCTGGTAGTACTCGAGGTTGTCGTTGTCCATGAAGGGAGCCGGGTAGTAGACGCGCCCGATCTTGCCCTCCTTGCGGATCTCGATCTTCGAGGCCACCGGGTGGATCGACGAGGTCGAGTTGTTGATGTAGGAGATCGACCCGGTCGGCGGCACGGCCTGGAGGTTCTGGTTGTAGATGCCGTGCTCGGCGACCGCTGCCTTGAGCTCACGCCAGTCGTCCTGGGTGGGGATGTGCACGCCCGCCTCGGCGAAGAGCTCGGCGACCCGCGCCGTCCGCGGCTCCCATGTCTCATCGATGTACTTGTCGAAGTACTCACCGGTCGCGTACTTCGAACGCTCGAAGCCGGCGAACGCAGAGCCGCGCTCCTTCGCGATCTCCATCGACGCCCGCACGCAGTGGTAGGCGACGGTGTAGAAGTACATGTTCGTGAAGTCGAGGCCCTCGTCGGAGCCGTAGTAGACGTGCTCACGGGCG
NZ_CP065629.1_gap42	2199813	2200602	789	CCGGTCGCACCGGGAGCGAGCAGACCGGGCACCTCGGGGAAGGCGCGCTCGAACTCGGACGGCGCGAACTCGCCGCTCCCGCCCACCTCGGCGACGGTGATGGTCTCGTCGATCGAGGCCGGGCAGGTTCCGGCGGCGGCAGGGACGGTGACGAAGGAACCGCCGAGGACGATCGCGAGCGTCGCGAGCGTGACCAGGGCCAGGGGCCCGGCGACGAACCATGCGGCCCACGGGATGCTGGTGAGTGCGCGGCGGGCGATCACAGCGTCGCCAGACTGACGGTGCACGATGGGCTGGAATCGAACGCCGGCCGGTAGATGTTCATCTCGTACACAGGTGACTGGGTCTCCCGCTCTCCGTTCGGTCCTGCCGGGTGCCCCGCAGCACCACCGGTGCCGCGGATGACGAACCGGACGGTCCTGTCGTAGCCGACCGTTCGGTCGTAGGGCTGCCTGATGACCTCGACGCGGTCCCCGGTGAAGCCGGACCCCACCTCGGGGATGGCGACATAGGACGCATAGTCCTCGGGGTCCCCGTCGAGTCGTCGAGCCGTCTTCGCCAGCCCGGAGAACTCAGGACGCTGCACCGTCCTGACGGAGAACGTGTGGGAGGAGTCGGAGTTGTAGACGGGGGTGCAGGTGATGATCTCATAGGGCGTCGCCTCGGTCTTGATCACCGGCTGCTTCACCGTCGCCGTCACTCCCCGGCACTCCTGCTTCGCCGTCGCTCCCGCCGGGCAGGCCGAGCGGTCTCCGGGGGCGGGACCGAGCACACCGTCGGGATAGAGCT
NZ_CP065629.1_gap43	2216297	2219448	3151	GCGACGAAATTCGAGAGAAGCAATGCGAGATCCACGTTCTTAAGCTACTCCCTACAGCCAGCAATTGCCCTGCTGGAACTCACGGATCGACCTGCCCTAGTGCTAGTACCTAGTCGAAGAGTGCCTCTTGCTCAGGCATATGTATCCGACGCTGCGCCGAAATGTATGGAGTTAGAGCAGTTGGTAAGTCAAGTCTCTTGCCGTCCAGAAGCTCGCGGACACTTACCTGCTGCAAAACTGGGTAATTCTCACCATTCGACGGGTGGGTCCAGTATCCGCCAACATCAATTGCACGTTGAGTCTCACGACTCACTTCGTCGTTCATAGTAATCAGAACACCGAGGTGCGCATCGTGGTTACTCGACACGGTGCCAGCTAAGTCTCGGACCACAGAGGGGCCGACATGCTTTCCACCCTTTACCGAAACAAGCACTTTACCGATAGTTTTAGAGTCGATCACGAACTTCCGGACGCCATCGATACCACGGTCGCCTACCTGCTTCTGATTCGGCTGAGCATGGACCTTTGACACCGCCCACCTCTCGAAGTCGAAGGGTGACTTTTCGAATAGGCGCTTGGCAGACTCCATGTCGTACGGGATACCGTCAACGTCAACGTTGTCCAGAACCGACTTTCCATGCGTTGCCATGAGCCTTTTAACTATCAGGTCAATAGAAACGTAGGTTATATCAATACCGATCCATCTTCTGCCCAGATTTTGAGCGGCATCTACAGTAGTCCCGCAACCACAAAACGGGTCCAGCACGACATCGCCCGGCTTTGAACTTGAGCGAATGATCCTCTCAAGCAGTTTCAACGGTTTTTGTGTCGGATAGCCTAGTGATTCCAATGCACTGTTGTTGAGCTTGTCAATGATCCAGACATCGTCAATTGGACGACCGTACGCCATAGCATCGTCCAGGTAGCGCTTTATTCGAGTACCACGGCCTCTATCAGACAAAACGTACTTCCGACCGTCGTCATCAATTCGAAGCTTCTGCTTGCGAACCTTCAGATATTCTTCCTCGCTCTCCCACGGAGCAGTTTGAGGCTCAAAGTATGCACCTTTATCTTTCTGGTAACAGAGTATTACGTCATGCCGAGCTTCATATTTGTCTTTGAGCTTCTTGTTCCAGCCAGAATACTTCCAAATGATTTCATTCTTGAACTGTCGCGCATCAAAAATTGCATCCATTAGAATCTTCAGGTAGTGACTCATCGTAGGATCACAATGCAGATATATGGTCCCCGTGCTCTTAAGCACTCTATGCAGCTCAACCAGCCGTGGGGCCATCATCACCAGGTAGGCCATCGCATCGTTTTCACCAAGAAGCATTCGAAACGCAGAGATCGCGTCTGCGACAGCGTTGGGAGCACTTACCTGAATATCGGTGTACAGGCGTTCTGTCTCGGGCGTCCAGTGCCAAGTGTCGTCGAAGGCCTGGATTTGAGCATTAGCATCGTCGGTCTCACGCCCGAAGATGACCGAATACGAGCGGTTCGAGTTAAATGGCGGGTCGAGGTAAATGAGGTCTACGCTCTCGGTCGCTATATGCTCTCGGAGCACTGGAAGATTGTCCCCGTAATACAGACGGTTAGGTTCACTGACATCAAGGTCGCTCATGCCTACTTAGGCTAGTCGATCACAGAGCGAGAACGTGCCATTGCGTCTTTGGCCGCAATGTCGATGCAGCTATGGAAGCATCAACTAGCAGCTCCAGTGAAGCCCTCCGGTGGAGTCAATAGGACCAGGGGCGCGACCTCGATAGACTCCGCCAACTTCTCAACGGTCTTGAGCGTAAGGTTTCGCTCGCCGCGTTCAACTCCACCCATGTAGGTGCGATGCACTCCGAGGCGCTCGGCAAATGCCTCTTGACTCAGCCCGAGCCGTAACCGGTGCCGCCGGAGGTTTTCTCCCACGACGCGCTGCAACTCACCTTCCACTCGACCAAGCGTCTACCGGTGCTACTTTTTGGTCTACAGACTTATAAGTAGCACAATGGTGGTATAGATGTAGTGGACTACAGAAGCGATGGAGCCCGAATGATTGATCGCCCCACTGGAGATGCCCCTCAGAAGCGCCCGAGGCAGCGCCGAGCCTCGAAACCGTTCTATAAGAGGTGGTGGGTCTGGGCGCTGGCTGCGCTGGTCGTTCTCTCCGCTACGGGCCTGTTCGGCCAGACTGAGGACGCGCCTGAAACTGTCGAGGCCAGCTCCACCGAAGAGGCCGAGCCGGTAACGGTGCCCGATCTCGTCGGTAAAGCTGGGGACGAAGCCAAAGACGCGCTCTACGACCTCGATTTGAAGGCCGAGTTTGTCGACGAGAGCGATGAGGATCGTTCGGTGATTCGGAAGTCCAATTGGAAGGTCGAGCGCACGTCCCCTCAAGCCGGTGCAGAAGCCGAGCCGGGCGATGCTGTCACCCTCACCGTGTCCAAGATCGACGACGATCAGGAGTCAGCGGAGGAAAAGAAGGCCGAGAAGGATGAGAAGGCCAAGGACAAAGGCTCCAAAGGGAAGGAGTCCGAGTCCGAGGCGAAGTCGACTGACGATGACAAGTTCGACTTCGACTACTACCAGGGCGAGGTCACCGTCCAGTTCGAAATCGACGACAATTTCACTACCGGGCTGGTCGCAACCGGCGCGAAACAAGACACCATCGCGGCGCTCCAGGCCGCGAAGGAGAAATATCCCGACTACAAGAGCATCGTTGTGATGGGTAGCGGTCCGACCGTCGACAAGTACGGCAACGAGGACAACTCCTACCTTTTCAGCGTTCGATACACCCGAGAGACCGTCGAAAAAATCGACTTCGACAATAGCGCACTGATTGACATCTGGGACCTCAAAGACGCGGGCATGGTCAACCCGGACCTCGAAAAATAGGACGGAGACTCCATGAAGCGGATGACAGCTATCGCCAGCGTTCTCGGCCTCCTGGCACTTTCGGCATGCACATCGGAGACCGACGAACCGAGTTCGGATTCGCAGGTCGCCGAGTCGGTGCCCCAGGCCAACGAGACTCAAGATGCCGACGGCGATTACGTGCAGACTGAGGCCGACGCACCTGCTGCCCCGACCGGCGCGACCTCGTACACCGATGACGGCACCGGTCGATTCGACTTCGGCAGCACGGCGACATTTCCGTCCG
NZ_CP065629.1_gap44	2221736	2225521	3785	ACGCAGAAGCGCAGCTCGGGCCTCGGCATCCGCCCAAGCTGCCAGGGCCTCGGGATACTTCCTCAAGTCCGGTCGGTCGTCGACGATGCCCGCCACGAGGGCGGCGCTCACGGCGCTGTAGACCCTCGGTGAGCGGTAGCCGCTCTGAAGACTCACGACGTTGTTCTCGGAGAAGTCCGGGTGCTTCGGTGAGCCGCGTCCTTCGCCCTTCGAGGGGCGATACCACGACGGCCATTGGTCAGGTGGAAGCTGGGCGGCCTCGGCGGCGGTCAGGCCCCTCTTCATCTTCCTGCTCATCGCCCGACCCTCCCGGTCTCGAACTTCTCTCGCAGGTCGGCGAGGGCGATGTGCGCCCATGGGGTCGGATTCGGTTCGATGTTCATCACGCCCCAGGCCGGAGGGTCGATGCGCACGTTCTCAATTCCGAGCTTGCGCGAGATGCCTGCTGCCTCCAGCACGAGGTACGCCATCACTGATGGCCCGTAGGCCCCGTACGCCTCAGCGGCTTCGGCGCACGTGCGGCACACCGACACGCGCCGGTGTGCGGTCGAGGTGCCGCCGAGCGAGGACGGCGAGACCCTCGCCTCGGTCCACGCCGACAATGCCCGCGAGGGGAGGGCTTCGACCGAGGCGACCCCGCAGAGGTAGCAACCGCCGCCCGTAGGCGCTGGGGTCGGCTCAGGGCGCTCGGTCACAGCGCGGAGGAACGCGGCCACCGCTTGCCGGGCGCTGGCACGTCCCTCCTCGGGCACGTGCGACCACGGCAGAGCCGCGCCGGTGCTCGGGTCGGCCTCGGCTTCAGCGACGGGAGCGAACCTGCTCTCCCACACCAGGCCGAGAGCCTTGGGCGTGAGATGACGAATTGCGAGGCGGACTCGGCGAGATGAGGTCAGCTTGAGGTCGTGCTCGGCCACGGCGGCGACGGCGAGCGCACGCTCGACGGCGGTGTTCGCTATCACGTCAGCGACGTATTGCCCTCGTCCGGTCGGGTGCTCGATGTTGACCGCCACGGCCTGCTCCCGGCGCTCCTCGCAGGTGGTGCACCTGGTCATGGTGGTCTCGAACTCCTGCGCCGCTTTCCTTCGCAGTGACGGCGACCCGCCCCGGTACTCCCGGCCCCACGAGATGATGGTGTCGCGCCCATGCTGGACGGTCGGCGCGGTCGCCACACCGCAGACGCGGCAGGCGAGCCAGCCGTCGACCAGCTCGACGATGGGGGTGAAGTTCTCAGCGTAGGGGTTGGTCTCGATCATGGTGGGGCCTTTCGTGGTGGTGATGGTAGTGGTGAGTCGTCGCCACAGCCTCGTCAGCCGTGGCAGGTTCTTGATGGTGCCGATGTGGGGATGGATCACAGCGGATCACCGCCGTTGCGGCTCAGCGGTCGAGGTTCACCGCCGCGCCATTTGCCCGCCCAGAATCCCGCCTCAGGTCTGGCCGTGGTGGCGAAGTCCTGGCACAGGTCTAGCAGTGGGCAGGATCGGCAGGTCTGCTTCAAGTCGATGTGGTCTCGGAGGCCGCCGCTCTGCCTGATGCGGTCGTCGATGAACCGCTGGTCACCCTCGCAGGCGGGGCGCTCCTCGGCCATCGCGTCGTACAGCGGCGAGAATGCCGCCGTGGGGCTGTTCCTCGATCTAGGCATGGTCCTCGCCTCCGGGACTCGCGTCGGTGCGGTCCTGTGCGCTGAGTGGACCGCCTGCCGAGGCCACTGCCGACACGATGGTCGACTGTCCTAATTTCCGGCTGTCATCGGCCAGTATCGCCGCCTCTAGCCTCACGACATGGAGGTAGCAGTCGTCAAAGATGCGAGTGGGATAGCCGAGGTTGCCTCGGCACCAGCTACCTCGCTTTGACCGGCAGATCGGGCAGGGCATGCTCTTCGCCGCCTCCACGAGATCGAACAACTTCGAGCGCTTCGGGACGTGGATCGACCGGGCTGGCCCTAAGTCGGGGTGACTATGGGCTGAGTCAGCGTCAGACTCGGCGGTCGGGAGTGTAGTTGCACAATCAGCCATTTTCAGCTCCTCTCTTCACGTCGCGCCTCGTGTACGCGCGAGTGGTGTCGGTGGTGGTGTCGGTGTCGAAACCACTTTTCGACACCGATTTTTGAGGGGTGGTGTCCCCTGCTTTTTGCCAACGACACCACCACATCCGCGTCATTACTGGGAATAGTGGGGGTGGTGTCATGTGGTGTCGTGCGGTGTCCTCCGCCCCGTGACACCGCCGTGCAATGGTGTGGTGTCGTGGTGTCCCGACCTTAGAGAGGGACACCAACGACACCACCAGCACCAGCGCCAGGCGAGGGGCACCAGGGGCACGGCTGCAACGCCGATATACGACCTCACTCATGGTCGAGTCCCTGCCTCTCTCGCCAGGCCCGGAGAACATCGAGAGCCTTCTTGTCTCCCCAGCCGGTCCGGTCCATGACATCTCTCTTCGACCTCGGCGGAGGGTCCATGTCATTGAGCTTCGCCACCTCGGCATCGAGCTTGCTCGCCGCTCTCGCGGCCTTCTGCACCTCGGTGGATGGCACCTCCTCCAGGGTGAGGCTCAGCGGCTCCAGAGTGCCCGTGGCGGGCGTCTCGTGGTCGGGAGCGACGCGGAGCACGGCGGCCTTCTCGCCGAGGCGGAAATGGCCGTGCCGATCCTTCGACACCACCAGCTCGGCATACCCCTCGGCCCCTCGGGAGAACGGCTCCTTCATCCGCTGGATGAAAAGTGTCCCGTCGATGGCGGCACGCTTGCGCTGGGAGCCTATAGGAGACAGACTGCCTCCGCCCTCCGATGACGATTTCGTGACGTGATCTAGGACGAGGACGGCAGGCCCCTCGGGCCGAGGAGGGTGCCAGTGGGGGCGGACATCTCGGACCTTCGCCCATTTCCGCTCCTGCTCCTCGGTGACCGGAGGGCGGTGTCGAGCGATACGTCGAGGCACCGTCCGAAACCACTCGGCGACCTCCTCGTCGGCGTTCGGGTTCGCGCCGTGAGTGCTCAGGGCCTCACCTGTCGAGTCGATGACGACGAGGGACGGCTGGACTTGATCGAGCACGTGCTCCAGCACGGTCCATGCCTCCTCGTCGAGCTTGCCCTCGGGCGAGAAGTAGATGAGGTCATCCGCGAGCGTGTCCGGGTCAGCTCCAGCGGCCAGGGCGCGGGTATAGATGCCCTCGGCGGAGTCCTCGTAATCGACATAGAGGACGCTGTTTCCGCTCTCGATCTCATCGAGGGCAACCGCCATCGCCGTCCAGGACTTGCCGCTCCCGCTCTCGCCAGCGATGCCATTTACGCGACCCCGATAGAGCAAGCTGAGGGGGTCCCTGTCGTCGCCAGCAGGTAAAGCCAGGAGACCGACGGTCGGCTCCTCGGCTCGCCGCGCCCCGGTGGCAATGCCCTGTATGAGGTGCTCGGCGGTGGACGGCCTCAGCAGTCCACTGGCTCCCGAGGTCCGCCTCGGCTCCTCGGTATGCACCGCCACCGTCTCGGTCGGCTGCTTAGAGGGGAGGAGAAACAATTCGTTGCCGACCATCTCGACTACTTTCACTTTGTCGTTCGGGTCGTCTGAGCTGAAACTTGCAGACTCTTCATTGTTGGGTAGCGTTGACATCGCCCCTCCGATCAGCGGTGGGGACAAAAATTGAACCTGGATCAGGCTTCATCCTCAGCGAGGGCCTCGCTCTCGGTTCCGTCGTGCTCGATCTCGATGCCCATGTGAGAAGTGCCCTCGGTGTAGTCGGGGGCATTTTTCTGCTCTGACTGTCTCTCATGCCAGGTCCTTTCTCGCCGAGATG
NZ_CP065629.1_gap45	2232604	2236076	3472	CGCAACCTCGGGAGAGGGGTGAGCCGTGGAGTCTGCGCGCACCGCAGACGCGGTATCGGTCGACCGGCACGGGTCGGACCGCGGGTCGATCACGCCGCTGGCCATCGGATTCGTCGTCATCGCTCTCCTGCTGGCGTTCCTCATCGCTGCCCTCACCGATCTCCATATGGCCCGGCGGGAACTCCAGGCGGTGGCGGACTCCGCGGCACTGGCCGCCTCCGATTCCTTCGAGCCCGCCCCGGGTGACGACCCCGGACTCGTGTTCTCTCCGGACGCCGCCGAACGCGCAGCCGTCCGCTACGTCGCCTCCGTCGACACCCCCGACGACCTGCGCAACATCGGCGTCGACGCCGACGTCGACGGCGAACACTCGGTGGTCATCCGCCTCCGCGCCGACTACATCCCAGCGGTTCTCTCCCCCTTCGTTCCCCGCTTCATCGACCTCAGCGCCACCGCCTACGCGCGAGGGTCGCTGCGGATCTCCTGACTCGGCGATCGCAATCCCCGCGCTCCTCTGCCACCCGACGGCGACTGGTGCTCGATTCCCTGTGGATCGCGATCCCACTCGTGAGCCCGAACTCTGTGGACGCTCAGCGGGAATCCACAGGGGTGCGCAACGGGGTTGGCACCACGGTGCTGGTCGGCAACGCTGTGACGATGAGGACGACCGGAGTGCTCCAGACCATCGATCGCAGCGCCCACGTTCGCACCGACATCCTCGATGCCGACGGCGATCTGCCGCTGCTCGACGTCCTCTCGACCGTCCTCGGCAGACCTGTTTCCGTCGACGAGGTGGCCGCCGCCGATCGTCCTGGCGACCTCCCGTCGGCGGACCCTGACATGGCCGAGGGCGAGCGCCACAGCATCCGCACACCGACGTGGGCCGAGTGGCGGGCGGACCACCCGGTCACCGTGATCGGCGCCCACCGGTTCCATCGCGGGAGCGGACCGACGAGCGTCGCGGTCGTCGCCGGTCCGGATTCGGGGTTCGATCTGCACATCGATCCCAGGACGACCCTGCTCAGCCGCGTCCCGACCGACGGAGCGCTCCTCCTCGCCGATCCCTGTCTCTCCCGCTCGCCCACCCTCCTCGATCTCGGCGCCTCAGGGACCCACACCGTGATCGGATCCTCGATCGTCGTTCCCGGATCCGTCCTCGACCGGGTCGGGCGCGGTGCACCGCCCCCTCCGCCGTCAGGAATCGGTGGACGCGACACCGTCCACGTCGCCCCGGCCGCGGTCGAGGAGCCGCGCCCGGCCCGGCCCCCGCAGTGGTGGGCATTCCTCATCCCGATCGGAATCGGCATCGCCCTCGCCCTGCTCACGGGCATGTGGTGGTTCCTCCTCTTCAGCCTGTCTGCGCCCCTGTCCGGCTACCTTGCCCACATCGTCGAGAAGCGTCGATTCACGCGCGAGAGCGCCCAACACCTCGTCGACACCGCTCTCGCGCTCGACGCGGCCGTCACCCGTGCCGAGGGCCTCGTCGGCGCACGCCGTCGTGACGCCATGGAGATCCCCGGACTGTGCCTCGGGTTCGGGCCGAGCATCAGTCGCATCAGCATCGCACCGGAGTTGGCCGACCGCATCGATCACTTCGACGAGCACGCCGTCATCGCAGACACTCCGATCTCGGTCGACCCGCGAGTGACCTCGATCGTCGTCACCGGTGAGCACGACCTCCTGCTGTCGATGCTCCTGGCCTGGCTTGCCGATCGGCGGTGGGAATGGAGACTTTCGGCGAACCTCGAACGCCGCCCCGAACTCGTCGGGTTCGCTGCCGCCTCCGGGACCGCAACGGCCACCGACCCTCGCACGTCAGCGGGAATCGCCCTCGACATCGACAGCACCGGAACATGCGCCATCCTCCGTCTGGAGGCACCCGCACCGACCGCCACGGTCGCCTTCGTACTCAGCAGGCTCGGCCGGGCCCGGACGACGACGTCGACTGCCCCCGACGGCCCGGTCCCGGGGAGGCAGTTCACCGCCAGCCTCATGCCGCCGGGCCGATTTCACAGCCTCGTGTCCGGCAGCTCACCGCCGGCGACGGCAGTCGACCTCCACCACGGTCTCGCCGACCACTACGACGACTCTCCGTCGTCGATCATCGGTCGGTGGGACGCACGATCCCACCGTCCCGTGATCGTCGGAAGAGGCTCCGCGGGAGCGGTGAGCATCGACCTCTTCCGGGACGGACCCCATGCCCTCGTCGCCGGCACGACAGGCAGCGGGAAGTCGCTGCTCCTCCAGACCTGGCTCCTGGGCCTGGCGCTCGAGCACTCTCCCGACCAGGTCGCGTTCATCCTCATCGACTTCAAGGGAGGAGCCACCTTCGCGCCGCTTGAAGCGCTGCCTCACACCGACAGCGTCCTCGACGACTTCGACTCCGCCGCCGCCTTAAGGGCGCTCGTCTCCGTTCGGGCGGAGATCACGCGCCGCGAGCGACTGCTCGCCGCCCATGGCCGCGCCTCGATCGACGACCTCGCCGACCCTCCACCCCGCCTCGTCGTCGTCATCGACGAATTCCATGCCCTCATGTCGACCCACCCCCGTGCCGCCGACCTCCTCGAACATCTCACCGCCCTCGGGCGGTCGCTGGGTGTCCACCTCATCCTCGCCACCCAGCGGCCGCTCGGCATCGTCACCGGTCAGATGAAGGCGAACATCAACATCCGGATCTGCCTGCGGGTCCGCGACGACGCTGACTCCCTCGACGTCATCGGAGTTCCCGACGCCGCCCACCTGCCGCCTGCGTGCCCTGGGACAGCGCTGCTCGATGCCGGATCCTCTCTCACCCGCTTCCGCGTGGCTGTCCCCTTCGCCGAGGCGGTCGCCGACCCCGGCCCGCACCGCCCGCGACTGCGACCGTGGAGTCCCGGGTGCGACGCCGGGTCGACCACCGGCGATGTCCGGGGGATATCGGTCGATCGCCTCGTCGACGCCCACCGTCGTGCCTCACCGACGACGGCGGTGAGTCAGGGTCGAGTGGTGCGCCCGCCTCTGCCCGACACCGATGGAGTCGCCGCCCGAGCGGCAAGCCTCGACGGGTCGGCAGCGGGCCGGGACCAGTTGGCACCGCGACCGCCGTTCACGGGAATCGTCGACATTCCCGCCGAACAGAGTCAGTACGTATGGACCTTTGATCCACACGTCGACGGCTCGGTCGCCGTCATCGGCGATCCCGGCTCCGACGTCGCCGCAGCTCTCGCACAGATGGCGGCCAGTGCCTCGGTTACCCATCGCATCGTCGCCCTCGGTCGCATCGCCGAGATCATCGACTGGGCGTCGATCCGATGCGGTACGGCCTCAGGATGGCGGCTCCATGTCGTCATCGATCATCTTTCCCGGACGACCGAGAGTGCGGGCAGGCCGGAGCCGACGCTCGTCGTCTGCGACCACTGGAGCGAACTCGTCGACTCCCTCGACCACCGAACGGCGGGAGCCCTCGAGCGTCTCCTCGCCCACGCGCCGGGCT
NZ_CP065629.1_gap46	2344117	2345382	1265	CATCGCAGTGCCCCTACTTGAGCAGGGTCTGTCGGACGGGGGTCGCGGCGGCGTCGGGTTCGCGCAGGTACTCGGGGACCGGGTCGCCGAGTTCGCCGCCCGAACCGAGCACCCGGGCCGCGGCGAACGCGAGGTGCTCGGCCTTCGGGTCGACGATGTCGCTGTCCGTGGACTCGCCGATCGCCTCAGGGTAGAGGGCGAACCCGCGCCCGAACCGCTGCCCCACGGCCTCGGGGTCGATGTCGTGGGCGGCGAGTTCGGTCGCGAGCTCCGCGGGCTTCGCGACGAGCGGGCCTGAGAGCATCGTCTCCGCCGCTGCGTCCCACACACTCGCGTAGACCTCCTTGCGGCGGGCGTCGCCGGCGATGAGGACGAGCCCGGTGTCAGCACCGGGACGAGCGTCCCCGCGGGCGGCACGGGAGCGGCGGACCTCCTCGGCGATGGCCGTCTGGGAGAGGATCCCGCGCACGGGGATGTCGCGGGCCAGGCCGACGGCGATGCCCGCCGCGATGCCCACCCGCAGTCCCGTGAACGGTCCCGGGCCGGTGCCGGTGACGACGAGCTCGGGGACCTCCGGCCGCTCGAGGACGCGGGCGAGTGCGGGACCGATGAACTCGACGTGGTGGCGCTGGTCAGCCGCCTGTTCGGCGGCGAGGACCGCTCCGGTGGTCGTGTCGACGAGGGCGACCGAGGCCGCCTGCGAGGTGTCGATTCCGAGAATGATCATCCGTCGACCTCCGCATCGGGTCCGAGGCCCGTCCTCACCGCCGCCGTGAGCGCGCCGAGGCGGCCCTCCCAGTCCTGTCCGTGTCCGGTGATCTCGACGACGCGCTCCTCGTCGACGAGATACTCGTCGTCGGCGGGGTCCTCGTCGTCGAGGTCGGAGACGTCGTCTCCTCCGCCGTGGGTGATCGTCACCGACAGGTAGTCCTGGCTCAGCTGTTCGGCGAGTCCCTCGCCCCATTCGACGACGGTGATCGAGTCCTCGAGTTCGGAGTCGAGGTCGAGGTCGGAAAGCTCCTCGGCGGCGCCGAGACGGTAGGCGTCGACGTGGACGAGAGTCGGACCGCCGTGGCGTGAGGGGTGTTCGCGGGCGATGACGAAGGTCGGTGAGGTGATGCGGCCGCGCACCCCGAGCCCCCGGCCCAGTGCCTGTGTGAACGTCGTCTTCCCCGCACCGAGGTTGCCGGTGAGGATGAGAAGGTCACCGGCGCTCAGGTGGGCGGCGACCACCTCGGCGAGGGTGCGCATCTCATCGAGGCTGC
NZ_CP065629.1_gap47	2515424	2518466	3042	CGATGGTACAAAGTTCAACTACACCTGCGGAACCCTTTCCGTCCTGCCGAATCCCTGGACAGTCCCCGTCCGAATGCGGAGAATCCCTGAGGATGACTCCTCAGGGATTCTCCGCCTGCGGAGCGCGCCTACGCCTCGGCGCCCTCCCATTCCTTCCGGAGCAGCTTCTTGTCCAGCTTGCCCACCGAGGTGCGCGGGAGCTCGTCGGTGACGATGATCTCGTCGGGCAGCTGCCACTTCGCGAACCGGTCGCCGAGGACCTCGACGATCTTCTCCCGGGTCACCTCGGCGCCGTCTTCGGCGACGACGTAGGCGACGGGGCGCTCCTGCCACTTCTCGTCGGGGACGCCGATGACGGCGGCCTCCTTGACGCTCGTGCAGTCGAGGATCGCGTTCTCCATGTCGATCGAGGAGATCCACTCGCCGCCGGACTTGATGACGTCCTTGAGGCGGTCGGTGAGCTTGAGGTAGCCGTTGGGGTAGATGACCCCGACGTCGCCCGAACGCCACCAGCCGTCGAGGAACCGCTCGGAGTTGTCCGGCAGCTGGAAGTAGGACTCGGTGACCCACGGCCCGCGCATGAGGACCTCGCCCATCGACTTCCCGTCACGCGGCAGCTCCTCTCCGGTGGGGTCGACGACCTTGACCTCGACGCCGATGATCGGCAGCCCCTGGAAGCGCTTGAAGTCCCAGCGCTCCTCTTCGTCCATGTCGAGTCCCGGTTTGATGTGCCAGTTCGTCGTCGCAAGCGGCGTCGTCTCGGTGGCGCCGTAGCCGTGGATGACATCGGCCCCGGTGATCTCCTTGAACCCGCGCATCATCGACAGCGGCGGCTCGGAGGAGCCGGAGACGAGGCGGACGCCTGAGAGGTCCGGCGGCTGCGGCATGTCCTTCATCATCGCGAGCATCGGGGCGAAGATCGCCGGCGCGCCGTTGGCCAGCGTCACCTTCTCCTCGATGAAGGCCCGCGCGATCGCCCCGAACTCCTCGGCGGCGAACTTGCCCGGCAGGACGAGCTTCGCCCCAGCGGCGACGGCGTTCTGCGGGAAGCCCCACGAGAGGACGTGGAACATCGGGGTGATCGGCATGACCGTGTCGGAGAACGTCGCTCCCAGGGCCGCGAGGCCGCCGATCGTGTGGAGGTAGATCGACCGGTGCGAGTAGTACACGCCCTTGGGTCGCCCGGTCGTGCCGGTCGTGTAGCCGGCGTACGCGGCGGTCTTCTCATCGACGACGGGCCAGTCGTAGGTCTCGGGCTTGTCCTTGATGAGGTCCTCGTAGAAGACGACGTTGTCCAGACTCGTCTCGATCTCGCTCGCGGGCTTGTCGGTCATGACGACCCAGCCCTTGACGTCGAGCTTCGGGGCGAGCTTCTCCGCCACGGGCAGGAGGGTCTCGTCGACGAAGATCCAATCGGACTTCGAGTGGCTGACGACGTAGGCGAGGTCCTCGGGTGCGAGGCGGAGGTTGAGCTGGAGCATCGTCGCGGCCAGGCCGGGGACGGCGAAGTAGAGTTCGAAGTGGCGGCGGGAGTTCCAGTCGAGGACGCCGACCATGGAGCCGGCACCGACGCCGAGTTCGCTCAGGCCGTGGGCGAGTTGGGCCATGCGCCGGAATTCCTCGGCGTAGTCCGACCGTCCCCACGAGCCGTCGGAACGGCGGTAGACGACTTCCTGTTCGCCGAAGACCGTGGCGGCATGGCGGATCATCGAAGTGGTGTTGAGCTGGTAGCTGTCGCCGAGGGTCGACGGGATGCCAGTGAGCATGAGACTCCTTTGTTCGTTCACTCGTGGGTCGATTCGGGTAGGGGCGGTGGGGGTCGAGCGGGCTATTCGCCGACGAACCTCGGGGTGCGTTTCTCGATGAAGGCCGACACCCCCTCGGCGAAGTCGCGGGTGCCGCGCAGGTAGGTCTGGTCGGCGGATTCGCGGGCGAAGGCGTCGTCGAGGGCGGTCAGACTCGCCTGGTTGATCGCCGCCTTCGAGCGGGAGAAGGCGAGCGGCGCACCCTGCGCCCACTGGCCGGCGAGCTCCTGGGCGCGGTCGAGCTGGGTGCCTGCGGGGACGACCTCGCTCGCCAGTCCCCAGTCGAGGGCCTCAGGCGCCCACACCTTCTGCGCGGTCAGCGCCATCTTCATCGCCCGATGCCGGCCCGCCGAGGCGGCGACGAGGGCCGTCGCCCCACCGTCGGGCATGAGGCCGATCTTCGCGAAGGCGAGCATGAGGTAGGACTCCTCGCTCATGATGACGTAGTCGCACGCGAGCGCGAGCGAGCAGCCGATTCCGGCGGCCGGGCCCGAGACCGCGGCGATCGTGGGGACGCTGACGTCGATGAGCGAGCGGATGATCGCGTTCGCATCGTCGAGGTCGAGGCTGACGTCGTCCGTGCCGGACTGGAGGTCCGCGCCCGAGCTGAACGCCCGGTCGCTGCCGGTGAGCACGATGGCCCTGGCCGATCCCGCCGCCTCGGCGACGGCGTCGCGCAGGGCGAGGAACGTCTCGCCGGTGAGCGCGTTGAGGGATTCGGGACGGTTGAACGCGATGGTCGCGACACCCTCGCTGTGATCGACGAGGACACTCGGAGGCACGGCGGCTCCTTCTGCTGCAGACGACGGATTCCCTGCTCTCAGCTTAACGCACGTTAAGTTGATCTGGGTCACACTCCGATCACTCCTGCTCCGTCGGCCGGGCAGTTCGGGTGAAGTCGTGCGGGAAACGGTGTCCGCGCTACCGCAGGGTCGCCGCCAGCTGCGCGGGCGTGAGCTCCCGATCGGCGAAGACGAGTCGCACGGCCGCGGGATCGGGGTTGCCGGCGTCCGGAGCGCGGTGTCGGAGCCGCAGGCCGACCTTCTCGGCGACCCTGGCCGAGGCCATGTTGTGCTCGAGGAGGTAGGCAACGACCGGAAGCTCGGGGTCGACCTCCCGCGCGCGGTCGATGGCCAGCAGCGAGACGGCTGTGGCCAGCCCCCTCCCCTGCACGTCGGGGGAGAACCGGTAGCCGAGGTTCCAGAAGGAGTCGGGTCCTGTCGGCTCCGCCTCTGTG
NZ_CP065629.1_gap48	2627251	2628008	757	CACCGGCACCTGGGCAACTCACAGGATGCCCGTCCACCGGATCCCGGCGCACACCGCCATCGCGAGGATGACGCAGACGAGCATCGGCACACGCAGCACCGCGGCGAGAACGCCCGCCCCGACGCCGATGAGGCGCGCCGGATCGGCGAGCGCCTGACCGTCGAAGACCGCCGTCGTCGCGAAGACCGCCCCGATGAGCACGACGGTGGCCCTGTCCATCCAGGCCGAGACCCGCGAGGTCGGTTCGTCGGGATCGCTCGCCGAGGCGGCCGGGGCTTCGGTGCTCACCTCAGATCCCGTCGTCACCTGCGCTCCCCGTCGTCCGCGGACGGCGAGCGCGGCGCCCACCTTCACTCCGGCGAAGCGCATGACGTAGGTGCCGATGCTCAGCGCGGCGAGCGCGATGAGAAAGGTCGTCGGGTTCACTGCGCGTCCTCGCTCTCGTTCGGGGCAGTGCCGGGAGTGCGGGCCTCGCCGGGCACGGTCGCCGCACGGTCGGTCGTCCCCTGGGCGGCCGACACCCTACCCGCAGGTCCGTGGTCCGACACCGTGTTTTCCTGCTCCGACACCGAATGGTCCTGCTCCGACACCGCATGGCCCTGTGTCGAACGACCCGTCGCCGCCGAGCGCGCCCTCCTCTCGCGCACCACTCGCCGGATCAGCCAGCCGAGGGCGACGAAGGCGAAGACGGACAGCGAGGTCACGGCCCCGAGGCCGAGCGGGAGGATCGGCGTGAGGCAGACTGCGACAAGGATGC
NZ_CP065629.1_gap49	2688060	2688700	640	TGCCGCCGTCGATGCGACCGAACCCCGCCCACGACAGCCGGGAGGAGAGCCTGTGCCGCAGGGCCCGCTTCGACTCAGGCACCTGAATGCGCACGAGCGTCCACCGCCCGTCCCAGTCCCGCGGCCGCTCACCGACGAACATCTTCCGCCCTCCGCCGAGGAGGATCTCCCGAGCCTGCTCACTCACGGTGTAGAACGTCTTCCGCCCGTCCTTGCGCCGAACGATGAATCCCTTCGCCGCATTGCGCTGGAGCACCGACCGTGCGGCCGCTTCGCCGACGCCCAGCTCCCCCATGACGAAGACGATCGACGTCCCGCTCAGGGGCGTTGGATCATCGGTCATGTGCAGACCGGCGAGCGCGAGGAAGAGCGACTGCGGATGAACGGACATGCCGCCACACTATCGCCTCGGCGGACCCCTTCCTCCCTTGGCACGAAACTATATTCTGCAAACTGTTGCAGTGTCGCCAGCCAGATGCATAGTATTCACAAGAGGCCGGCGACGTCATAGGATTGCCGCCTTTTCAGCCACAGAATCAGCGAGGATCCCATGGCTTCAAGAAAATCGCCCACCATGCTCAAGAGGGCCGCAGCGTCCGCGTACCTCGGCAGCGTCATCGAGTACTACGACTTCTTCCTC
NZ_CP065629.1_gap50	2691912	2694413	2501	GGCATGCGACGATGAACGCGATCGCCGAATCCGCGATCCCCGTCATCGCCGTCCTCCAGGGCGCTGTCATCGGCGGCGGCCTCGAACTCGCCAGCGCCGCGCACCTGCGGGTCGCCGAGGACTCCGCGTACTTCGCCCTGCCCGAGGGCAAACGGGGACTCTTCGTCGGCGGCGGCGCCTCGGTGCGGGTCCCCCGCCTCATCGGGCTCACCCGGGTCCAGGACATGATGCTCACCGGCCGGTCCTTCGACGCCGTCGACGCCGAGACGATCGGCCTCGTCAACTACCGGGTTCCCGCAGGCGCCGGAACGGCGAAGGCCCGTGAGCTCGCCGCCGCGATCGCCTCGAACTCCGAGGTGACGAACTACGCGATCACCCAGGCCCTGCCGCGCATCGTCGAATCCGGCCGCGACGAGGGCTACATGATGGAGTCGCTCATGGCCGCCGTCGCCCAGTCGAGCACCGAGGCGAAGGCCCTCATGCGCGACTTCCTCGATGGCACCGGCCCCAAAGTGAGAAAGTGAGAGGGCAGACGATGACGCGAATCATCCGCGAGGTCCCCGCCGACGCGACCGAGACCAGCCGGATCGGCGATTTCCTCCGCTTCGCCGGGCAGCGGCGCGGCACCGCGTTCACCGGATGGGACGATCTCCACGCATGGTCGACCACCGACATCGAGGACTTCTGGGAGACCGTCTGGGACTACTTCGGGGTGATCTCCCACAGCCCGTACGACACGGTGCTTCGCGAGCGGATCATGCCGCACGCGCAGTGGTTCCCCGGCGCCGCCCTCAACTATGCCGAGCACTCCCTCGGCACCCCTGAGCAGGCAGACGACATCGCCGTGACCGCGGTGTCCCAGACCCGGGAGGAGGTCACGCTCACCTTCGCACAGCTGCGCGCCGAAGTGGCCCGAGTCCGCTCCGGCCTCCTTGAGATGGGTGTGGGTCCCGGCGACCGGGTCGTCGGGTACCTGCCGAACCAGCCCGAAGCCCTCGTCGCCTTCCTCGCGACCGCGAGCATCGGGGCGATCTGGGCGAGCTGCGCCCCGGAGTTCGGCACCCAGTCCGTCATCGACCGCTTCGCCCAGATCGAACCCACCGTGCTCTTCGCGGTCCCCGGGTATCGATTCGGGGCGAAGCCGATCGACCGGAGAGCCGAGGTGGCCGAGATCGTCGCGGCACTGCCCACCCTCACTCACGTCGTCACCGTCGACTACGGCGACTTCGCCGTCGACGATGCGGCCCGCGAGCTCATCGCCGCCGACCGTGCAGCCGCGGCCCCCGACCGGCCGGTCGAGGCCGTCGACTACCGCGGGCTCGGTTCCGCCGCGGCGGAGCTCGAGTTCGGCCCGGTTCCCTTCGACCACCCGCTCGTCATCCTCTTCTCCTCGGGCACGACGGGCAAGCCGAAGGCGATCGTCCACTCCCACGGCGGGATCCTTCTCGAAACCCTGAAGAACCACGGTCTTCACTTCGACCTCGGCCCCGGCAGCACGTTCAGCTGGTTCTCGACGACGGCGTGGATGATGTGGAATGCGCTCGTGGGCGGGCTCGTCGTCGGGTCCGCGATCGTCATGATCGACGGCAACCCGAACTACCCGGATTCGAAGGAGCTGTGGCGGATCGCGGCACGGACGAAGGCCACACTCATGGGGATGGCACCCGGAGCGATCATGGCCGCCCGGAGGGAGGGCTTCACCCCGACCGAGGAGTTCGACCTCTCCGCCGTCGAACAGTTCGGGGCCGCCGGTGCCCCGCTGCCGGCCGAAGGCTACGAGTGGATCCAGGAGCTGTTCGGGCCGGATGTCCTCCTCAACGTCGGGTCCGGGGGCACCGATGTGTGCACGGGCATCCTCCAGGCGTCCCCGCTCACCCCCGTCTACTCCGGGCAGATGTCGGACACCTCGCTCGGCTTCGCCGCCACCGCCTTCGACGCCGACGGCAACGAGGTCCGCGATGAGCTCGGCGAACTCGTCATCACGCAGCCGGTCCCGTCGATGCCCGTGACCTTCTGGGGAGAGGACGGCGACGAACGCTGCCGTCAGGCGTACTTCGACACGTACCCCGGGGTGTGGCGACACGGCGACTGGGTGCTGTTCTCGAGCGGGGGCGGCGTCGTCGTCACAGGCCGTTCCGACGCCACCCTCAACCGCGGCGGGGTGCGGTTGGGCACCGCGGACTTCTACTCCGTCCTCGACACCACCCCCGGCGTCCGCGACTCACTCGTCATCCACCTCGAGGACCCCGACGGCGGAATGGGCGAACTCGTCCTCTTCGTCCAGACGGAGGACGGTGTCGACCTCACCGCCGAGGCGGCCGCCCGGATCCGCACGGAGCTGAAGTCCCGGCTCTCTCCGCGGCACATCCCCGACGAGATCGTCGCGGTCAGCCGCATCCCGTTGGGCAGGACGGGCAAGAAGCTCGAGGTCCCGGTCAAGCGCATCGTCCAGGGCGCGGCAGCGGAGTCCGTGGCGAGCGCAGGCTCCCTCCAGGACCCGC
NZ_CP065629.1_gap51	2869503	2873720	4217	CCTCACCCGAGAAGAGCACCTGACCCTCGCTCGGCGACTCGAGACCGGAGACGATGCGGGCGAGCGTCGACTTGCCGCAGCCGGATTCGCCGATGACGCCGAGGGTCTCCGCGTCTCCGATGGTCAGGCTGACATCGTCGAGGGCGCTGACGATCCGGTGCCGCCCGATCGGCAGAGGGCGTTTGAGCTTGTACGTCCGGGAGACGTGGCGCAGCTCGATCAGCGGCGTGGACCCGGCCGGCTCGGCCACCGAGCCGCCCAGCACCTCCCGAGTGCGCGCCGACGGGCCCAGCGCAGGGGAGGTCAGTGAAGTCGTCGTCACAGGGAAGCCACCCTCTCGCTCAGCCAGCATGCGCTGGTTCTGTCAGGTCCGGTCGGCAGGCGCTGGGGAAGCTGTGCGCACTTCTCCGTCGCGAACTCGCATCGCGGGGCGAAGGCGCACCCGCCGGGCAGGTTGAGCAGGTCCGGCGGCGCACCCGGGATCGCAGGGATCCTCTCCCCCTTGACCACCTCGGCGCCCATCGACCGGGCGAGACCCCTGGTGTACGGATGCGCCGGGGAGGCGAGCACCTCGGCGGTGGGACCCGATTCGACGACCCGCCCACCGTACATGACGATGAGATCGTCGGTGACCTCGCGCACGACGTTGATGTCGTGGGTGATGAGGACGAGGCTCATGCTCCGCGCCTCCTGCTGCTCGCGGAGCAGGTCGAGGATCTGCGCCTGGACGGTGACGTCGAGCGCCGTCGTCGGCTCGTCGGCGATGAGGACGTCGGGGTCGAGGGCGAGCGCCATGGCGATGACGATGCGCTGGCGCATCCCGCCGGAGAACTGGTGGGGGAAGTCCCTTGCCCTGGCCTCGGGGTCGGGGATGCGCACACGGCGCATCATCTCAACCGCCGCGGCCTTCGCCGCCGACCGGCCCATGCCGCGGTGGACGCGGTAGAGCTCCGCGATCTGCCGACCGACCGGATGGACCGGGTTGAGCGCGGAGAGCGCATCCTGGAAGACCATGCTCAGCGACGAGCCGATGATCCGGCGTCGGCGCCGCTCCGGCATCCCGATGAGCTCCTCCTCGCCGAGGCGGACGGACCCGGAGCGGATCCGCGCGGGTGGAGTGGGCAACAGTCCCATGACCGCCGAGGCGGTCACCGACTTCCCCGACCCTGACTCGCCGAGGATGCCGAGCGCTCTGCCCGAGGGGACGCGGAAATCGACGGAGTCGACCGCACGCACGGTGCCGCGGGGAGTCGCGAACTCGACGACGAGGTCGGTGACGGTGAGGTCGGGAGACGGTGTGCCGGTCATCGGTTCGCTCCGTTCGGGTCGAGCTCGTCGCGCAGAGCCTCGCCGAAGAGGACGAAGGCGAGCACGGTCACGGACAGGAACACGGCGGGGAAGATGAGGAGATGGGGCACCGTGGAGACGTACTCGCGGGCGACGGAGAGCTGAAGGCCCCACGACACCGACGGCGGGGTGAGTCCGATGCCGATGAACGTCAGCCCCGCCTCGGCGCCGATGGCCCCGCCGATCCCCAGCGTCTGGAGGACGAGGAGCGGGGTGAGCGAGTTGGGGACGATGTGGGAGAAGATCAGCCGCGAGTCGCTGCTGCCGAGGACCCGGGTGGCCTGGACGAACTCACGGTCCCTGATCGCAAGGACCGAGGAGCGCATGAACCGCACTCCGCCGGGCCACGCGAAGAGAGCGAGGGCGAAGGCGACGGTGAGGATGGATCGTTCGGGGAAGAGCTGGAGGATGACGATCGCGGCGAGGATGAAGGGCAGGCCGAAGGCGATGTCGCAGACGCGGGAGATGATCGCGTCGACCCAGCCGCCATAGAATCCGGCGATCGCGCCGAGGATCGCTGAGATGACGAACGAGGCGATCGAGACGAGGAGGCCGACGACGATCGAGGCCCGCGCGCCGTAGATGACGTTGGTGTAGTAGTCGCACCCCTGCGGGTCGTAGCCGAACCAGTGATCGCTGCTCGGCGGCAGGTTGCTGTTGAGGATGTCGCAGCCCTCGAGCGGTCCGGGTCCGAAGCCGGTGAAGAGCTGCGGGACGGCGGCCATGACGATCATGACGAGCACGAGGCTCGCGGAGAGGATGAGGCGCGGGCGTCGGAGCAGGGAACGGAGGCGGTGGCGCTTGGGCGGGGTCTGGGTCGAGACCGGGGCGGACTCGGTCAGCTGCTGGGTCATACTCTCACCCTCGGATCGATGATGCCGTACATGAGGTCGACGAGGAGGTTGAAGACGAGGTAGGCGATGACGAGGAATGTCGCGATGCCGACGACGACCGTGCCCTCCTTGTTGTTGATGGCGTCGACCATGAGCTGGCCGATGCCGGGGATGTTGAAGATCGCTTCGATGATCACCGTGCCCCCGAGCATTCCGGCGAGGCTGAGACCGAGATACGTCGAGACGGGGATCATCGTGTTGCGCAGGGCGTGGCCCCAGATCTGGCGCTGCGGGCTCAGCCCCTTCGCCATGGCCGTGCGCATGTAGCCGGCGCGCAGGACCTCGACGAGGCTGGTGCGGGTGAGCCGGGCGAGGCCCGCGGAGGCTTCGACGGCCATGACGAGGGCCGGGAGGATGAACGCCATCGGCCAGCCGGCTCCGATGCCCGCTGGGTCGACCCAGTTGAGCTTGACCCCGAAGAGGGTCTGCGCGCCGAGGGCGACGACGAAGCCGGGAACGCCGATGAAGAAGACCGTGAAGAAGAGCGCGAAGTGGTCAGCGGGACGGTTGTATTTGAGCCCCGAGTAGATCCCGATGAGCAGTCCGATCACGAGCTTGAGCGCCCACGCTGTGAGGCCGAGCTGCAGAGTCACCGGCAGGCGCTCGGCGATGAGACCGGCGACGGGACGACCGAAGAGATCGATGCCGAGGTCGCCGCGCAGCAGACCGAGCATGTACTGCCCGTACTGGACGAGGAACGGGTCGTTGAGGTGGTAGGCCTCGCGGATCTGCTGGACCGTCGCCGCGGGCAGTGGGCGCGACCCGGTGACGGCGGCGATCGGGTCGCCGGGCATCGCGAAGGTGAGAGCGTAGATGATGAAGGTCGCGCCGATGACCACGGGGATCATCTGGAGCACGCGACGGATCGTGTAGGCGACCATCATGCCCCCAGACGCGCGTCACCGCTCACGTGGGCGAGCGGATCCTCGAGGACCTTTGCCACCATCGAACTCGCCGCGTAGTGCGTAAGACTCATGAGGTGGCCATTGGAGACGACGACCCGCTCGGAGGCGGCCTCCCCGAGGACGGACTCCCGACCGACTCCGGTGCGGATCTCCTCGAAGTGGTCGGCCACCTCGGCGGGGGAACCGGCGATGACGAGCCGACCGGGGTCGTCGAGGTCGAAGAGCGCGGCCGCCGTGCAGCTGATGGCGCGGTTGCGTTCGCTCAGCAGCGCCGAGGCGGTGGCATCCCCGGTGTCCGCGAGCCTGACGAGGAGGTCGAGGTAGGAGATGTCGGTCAGTCCTGCCGTGTGTGCCTGCCGGACGAGGGCATCGTCGCTGGCGGCGGCCGCGAAGCAGCCGGTGCGACCGCACTCGCAGACCACGGTGGATCCGGGCACCGTGAGGTGGGAGATGATTCCGGCCCGTCGGCTCGCGCCGTGGCGGATGGCTCCCTGCCGCACGCTGATGCAGCCGACGTCCGAGGCGACGACGAGGAGGAGGAAGTCGTCGGTGACCCGACCGACACCGTAGAGCAGCTCCCACTGGGCGGCGGCGCGGACATTGTGATCGAAGACGATCGGCCCGCTGAGCGCGGCACGGAACGGTGAGATCGCATCGAGATCGCGCCACCCGGCGCTCGGGTGGTCGAGGACGACGCCTTCTCCCACGTCGACCTGCCCGCCGGTCGCGATCCCGGTGCCGAGCAGTTCACCCGGTTCCCTGTCGGCGGTGAGTCGCTCGGCCGCCGTGACGACCTTCGCGATCGCTTCAGGACCGGGAAGGTCTCCGTGCGGCACGAGTTCGGAGACCTTCTCCGTGCCGTCGAGACCCATGATCGTCAGACCCGTGACCTGCGGGCCGAGATGGATGCCGAGCACCGCACGGCGGTCCGGATCGACTGCCAAGGGCACCCGCGGACGCCCCATGCTGCCGGACTTCGACACCAGTCCTCGGAGGAATCCGTGGTCGATGAGTTCACCGGTGAGATTCGTGACCGTTGGAGCGGAGAGTCCGACGCTCTTCGCCACTTCCG
NZ_CP065629.1_gap52	3067601	3071648	4047	GCTGCTCGCCGGTGCCGGCGATCGTTCTCACGGTCTCCGTCTCGAGGTCGATGCCGCGCAGGACGTGGTTGACGGTGTCGGCGACGATGAGCTGGTAGCCGGCACGCGCGGCGACGTCCTCGGGGAGGACGGTGATGCCGCCGGGTTCGCTGAACTGTGCGGTGGCGAAGTCGCCGTCGGTGAGTCCCCGCTCCCCCGTGCCGATGCGTCGGAGCACGGTCTGTCCGTCGGCAGAGTACTCGACGAGGCTGTGGTGGCCGGAGTCGGCGACGAGGAGGCTGCCCGAGGGCAGGACCGTCACCTTGCCGGGATAGAAGAGTTCGGTCTCCGGTGCCGGCGGGGGCACGTAGGGGCCGTCTCCGGAGTGGAGGGTGCCCTTCGCCGAGTGTTCGGCGATGAGGCCTTCGATGATCTCCCCGAGGCCGGCGCCGTGGCCTTCCCCGGACAGGGTCGCGACGAGGTAGCCCTCGGGATCGATGACGGCCAGCGTCGGCCATGCCCGCGCCGTGTACGCCTGCCACGTGACGAGGTCGGGGTCGTCGAGGACGAGGTGTTCGACCTGGTAGCGCTCGACCGCCTGGTCGACGGCCTCGACGGTGCGTTCGAACTCGAACTTCGGCGAGTGGACGCCGATGATGACGAGTTCGCCTGCGTACTTCTCCTCGAGCGGCCGCAGCTCGTCGAGGACGTGGAGGCAGTTGATGCAGCAGAACGTCCAGAAGTCGAGGAGGACGACCTTGCCGCGGAGGTCGGCGAGGGTGAGCTCCTTGCCGCCGGAGTTCATCCACCGGCGGCCGATGAGCTCGGGGGCGCGGACCTTGGGTTCGCGCGTGCGGGTCGGGGCGGTCGCCTCGGCGGTGGTGTCGTTCGCGGCGGTGGCCGCGGAACTCTGCGGACTGGCGTTCATCTCTCCATCGTCTCAGATCCGCAGGCGTGGCGGCAGGGCGGCTGTCATCGTGGGACACATGCTACGGGGTGGGGCGGGCACCGAAGACGCTCGAGCCGATGCGCACCATCGTCGCGCCTTCGGCGATCGCGAGTTCGAAGTCGTTGCTCATCCCCATCGACAGCTCGGTGGCTTCGGCGGGCAGGGCACCCGTCGCGATGAGCCGGTCGCGGAGCTCGCGGAGGTCTGAGTAGCTCGGGCGGATCTCCTCGGGCGTCTGGCCGGGCAGGCCGATGGTCATCAGGCCACGCAGGCGCAGGCGATCGAGGTCGCGCACTGCTGCCACGAGCGCCTCGGCGTCCTCGGGTGCGACCCCGGACTTCGAGTCCTCGCGGGACGTGTTGACCTGGACGAAGACGTCGACGGTGGAGTCGAGGACGCCGAGGCGGTTGTCGATCCTCTCCGCGAGCGCGAGGCTGTCGACGGACTGGATGCACTGGGCGTGGCGCAGCGTGTGGTTGACCTTGTTCTTCTGCAGGGGACCGATGAGGTGCGATTCGTGCGGAAGGTCGGCGAGGTCGTCGGCCTTGGCGACGAGCTCCTGCACCTTGTTCTCGCCGATGAGTGAGAAGCCGTGCTCGATGGCCACACGGATCCGCTCCGCCGGCTGCGTCTTCGTCGCGAGCAGGATCCGCACGTCCTCGGCGGACCGGCCCGAGGCCTTGGCGGCGGCTGCCGTGCGTTCGGCCACCTCGTCGAGGCGGGTGCGGATCGCGGCGGACTCTTCTGCGGTGAGGGGCTCGGTCGAACTCATGCTCCCAGTCTCGCATGCGCCGATGCCGGGCAGGATCTCTGCGCTCCTCGGGAGAGGCATCTGCGCCCGCTCACCGGAGAGCGGGCGCAGCATGGCCCCGGTCAGTGGGCGCAGAATCGTCGGATCACGGCGCCGGTCGCTCAGGGCTTTGTCGGCAGGCCCTGCGCCTCGGGGTCGATGTTCTTGATGATCGCCGTCGTGTCGAGTCCCTCGAGGCCTTCGTCGACGAGCTTCTGCAGCTGCGCGTAGACGAGGGTGGCCGCGGGCAGGTCGACGCCCTGGGTCTCGGCACCGGCGAGCGCGAGCCCGACGTCCTTGTGCATGAGAGACGTGGCGAAGCCGGGCTTGAAGTCGTTGTTCGACGCCGAGGTCTCGGTCACCCCGGGCACCGGATACCAGGTGCGCAGGGGCCACGAGTCGCCGGAGGAGACCTTCGCGATGTCGTAGAACGCCTTAGGGTCGAGACCGAAGCGCTGCGCGAGCACCGCGCCTTCGACGACGCCTTCGAGGCTGATCGCGAGCATCATGTTGTTGACGATCTTCGCGGCCTGACCCGCGGCGTCGCCGCCGGCGTGGAAGATGTTGCCGGCCATCGGCTCGATGAAGGGCTTCGCCTCGGCGACGTCCGCATCGGACCCGCCGAGCATGAAGGTGAGCGTGCCCGCCTGTGCACCGGTGACACCGCCGGAGACGGGACCGTCGACGAAGCGGAAGCCGGCGGCCTTCGCCTCGGCGTGCAGGGCCCGGGCGGAGTCGAAGTCGATCGTCGAGGAGTCGACGAGGAGGGTCGCGGGGTCGGCGGTGGCGAGGACACCGTCGGGGGTGAGGTAGACGGCGCGGGCATGCTCGCCCTTGGGCAGCATCGTGAAGACGATATCGGCACCGGCGACCGCCTCGGCGATCGAACCCACCGGGGTGACACCATCCTCCGCCGCCGCGGTCACGGCCTCCGGGACCACGTCGAAGCCCTTGACCGTGTGGCCGGCCTTGACCAGGTTCGCCGTCATCGGTCGGCCCATGTTCCCCAGGCCGATCCATCCAATCGTCGCCATCGCATGCCTCCTCGCATCGAGATCTCGTGTGTTCCCCTTCACATTACGCCAGCCCTGCCCGTGCCGGCCGTCGGCGACGATCACCTCTTCCGCACCGGTTGTGTGCGTGCACGCAGATAGACTGGGCGGACTATGGCCGCTCATGCACCTCAGCAGATCTCGCCGGAGGATCTCCTCACCCTCCTCGCCGTGGCGCGTCTGGGGAAGTTCACGGCCGCCGCGCACAGTCTCGGACTCAATCACACGACCGTGTCGCGGCGCATCGCTGCCTTGGAGAAGGCCTACGGTCAGCGCGTTCTCGTCGCCTCCCCGGACGGATGGGAGCTGAGCACCGCGGGTCGGCAGCTGCTGCCGATCGCCGAGGACATCGAGGCGGCGCTGGGGAGGATCGACGCACGCGAGTCCTCGGCGCTCTCGGGCACGATCCGCATCGCCTGCCCGCAGGCCTTCGCTCTCGAGTACGCGGTGCCGGCGCTGACGGAGCTGCAGATCGGCCATCCGGGCCTGCAGATCGAGCTCATCACCGCGACCCAGCGGGCCCGCCAATACCGTTCCGGCGTCGACATCGAGGTCGTCGTCGGTCGACCCGACGCCCCGCGCAGCGTCGCCAAGCGCATCCGCGACTACCGGCTCCAGCTCTACGCCTCGCAGGAGTATCTGCGCACGCACCCGGTTCCGGTCACGCTCGACGACCTCGCCGAGCACAGGATCGTCTACTACATCGAGAACGCACTCCAGGTCGACGACCTCGACGACGCCTCGAGCGAAATCCCGGCCGGCAGGGGCTTCTTCCGCTCGACCTCGGTCCACGCCCACGTCCTCGCCACAGCGAACGGGGTGGGCATCGGCATCCTGCCCGACTTCCTCGCCCGGGACAGCAGCCGCCTGGTCCAGGTGCTGCCCGAGCTCTTCTCCAAGCGCGTGTCCTATTGGGCCTCGGTCCGGCACGAGTCCCTGCGCAATGCCGCCGTCCGCAGCATCCTCGAGGTGCTCTGACCCGCGCGGCGCTCTCCCCGCTATCCCCGCTCAGGCGGCGGTCCAACCCCCGTCGATGCTGTGCGCGGTGCCCGTGACGACCGCCGCGGCGTCGGAGGCGAGGAAGAGCGCGAGCGCAGCGATGTCCTCGGGCTCCGCGAGGCGGGGTACGGCCGAGTGGCCGAGGAAGACCTTCTCGAGCACCTCGTCCTCACTGATCCCGTTCGTCACCGCCTGATCCGCGATCTGCCCCTTGACCAGGGGCGTGAGCACATATCCCGGGTTGATCGCATTGCACGTCACCCCGCGCGGACCGGCCT
NZ_CP065629.1_gap53	3072755	3076598	3843	GATCGAGAAGGTGACGACGAGGTAGTAGTGGATGTTCTCGACCAGCCGCAGACCCATGGCGGTGAAGACCTCACGCGGGTAGCGCTTGAAGACGGCCTTGACGCCGTAGTCGACGCCCTCCTCGATCTCCTCAGCCTGGATCTTCTCGAAGATCGGGGCGTCGGAGACTCGGGTGCGGATGTAGTAGCCGATGAGGACGATGACCGCCGAGAGCCAGAACGCGATCCTCCAGCCCCACGAGAGGAACGCCTCCTCGGACAGGGTGGCAGTGAGGACGAAGAGGACACCGGTGGCGAGCAGGTTGCCCAGCGGCACGCCCGACTGCGGCCACGAGGACCAGAAACCGCGTTCCTTGTCCGGGGAGTGCTCGGCGACGAGGAGCACCGCGCCGCCCCATTCGCCGCCGACGGCGAAGCCCTGGACGATGCGGAGGAGGACGAGGAGGATCGGAGCGAGGTAGCCGATCTGACCGAACGTCGGCAGGCAGCCCATGAGGAACGTCGCCGCCCCGACGAGGATGATGGAGAGCTGGAGGAGCTTCTTGCGTCCGAACTTGTCACCGTAGTGGCCGAAGACGATGCCGCCGATGGGGCGGGCGATGAAGCCGACAGCGTAGGTCGCGAAACCGAGGAGGATCGGCGTCAGCGGGTTGTCCGACGGCGGGAACAGGATGTGGTTGAACACCAGCGTCGCCGCTGACCCGTAGAGGAAGAACTCGTACCATTCGACGACGGTGCCCGCCATCGAGGCGGCGACGACCTTGCGCAGCTGCGTTCGGATCGTCTTCCTCTCCGCATTGCTCTGTGCACTCATGACTCTCCTTGATTTCCACGATCCGCTTCATCGTTGACAGGTCGGATCGTTCCGCTGGGGCAGCGTAGGCGGCGATCCCGCGATGTCAGGGGACTCGACGATGAGGCCCCTCCCGCGGCTGACCGCGCCCACATCCACCCGATGGGTGAATGGTGCTCAAGAAACAGTGTGCGCCATCACATCGGCGAATGGGATACGTGAGGGCGGGAATTCGGGAATTCGACGTGCACATTCCCGCACATCAGGTGTGCGTGAGACGGGTTCGCCGAGACGGTCGGGTGGGTCAGCCTCGGCGGGGGACCGGGGTCAGCCTCGGCGGGGACCGGCGTTCGCGTCGCGTTCGGCGATCTGCGTGAGCATGTCGTTGTAGGCGCGCAGCTCGGCGTCGCCGGTGCGGGCCTCCCGGCGGTCGACCCGCTTGGCCTCCCGGTCGGACGACTTCGACCACTGGAAGGCGACCATGATCGCAAGGAACAGCGTCGGGATCTCGCCGATGCCCCAGGCGATCGCGCCGCCCCGCTGCTGGTCCTCGATCGCGGAGTATCCCCAGTCGGTGCCCATGTTGCCGAACCAGTCGCCTTCGATGAGCACCTCGGAGCTGAGCAGGGAGATGCCGAAGAAGGCGTGGAAGGCCATCGTGATGAGGAGCATGAGCAGGCGCAGCGGGTAGGGGAACCGCTTGACGCCGGGGTCGATGCCGATGAGGGCCTGGGTGAAGAGGTAGCCGGCGGCGAGGAAGTGGACGATCATGAGCTCGTGGCCGAGATGCCACTCGAGGGCGTACTTCATCAGCCCCGCGTAGTAGAAGACGACGAGTGAGCCGGCGAAGTTGACCGAGGCGACGACCGGGTTGGCGAAGAAGCGCATGTAGGGGGTGTGGACGAGCCAGAGCACCCATTCGCGGATGCCGCGGGAGCCATCGGTGCGCGCGGTCGTCGCCCGCATGAGCAGGGTGATCGGGGCGCCGAGGACCATCGGGATGGGCACGACCATGACGAGGAGCATGTGCTGGATCATGTGCGCCGAGAACGACACCTCGCCGTAGACCTGGACGCCGCCCGAGGTGACGTAGACGAGGCCGATCATTCCGAGCACCCAGCTGACGAGGCGGAAGACCGACCAGGTGTCGCCTCGGCGACGGAGCTGGAGGTACCCGGCGACGTACGCGATCGTCAGCCCCACGGCGACGACGACCCACAGCGGGTCGACCGACCACTCGGAGAAGAAGCGGGCGAAGTTCGGTGCGGGGGGCAGGGGCTCTCCGGTGAGGATCTCCGAGGGCGTCGGGTTGCCCACCGGCTCCTGCGGGACGGGCGGTTGGGAGCGGGAGAGGGCGACGGCCAGGCCCATCGTCGCTCCGAAGATGACGAACTCGACGAGGATGAGGCGCCAGAACTCGCCCGTCACGGAGGCGACCTTGCCGAGCCGGGCGATGACGAACCGGCGGTGCCAGAAGCCGACGAGCCCGAGGAGGATCGTCGCGAAGGTCTTCGCGATGATCACCTGGCCGTATGGGGTCATGAGATCCGCGAGGTCCTCGACGCGCAGCATCGAGTTGACGACGCCGGAGAAGGCGACGACGACGAACGCGAAGAGCGCGATCGACGAGTAGCGGGCGATGAACGTCCCCAGCTCGGGCGACTTGGCGAGGCGGGAGCCGAGCAGGGCGATGACGAAGAGACCGCCGAGCCACAGGGCGACGCCGAAGAGGTGGAGTCCGATGCTGTTGACGGCCTGCGTGTGGCCCGACGCCTGGGCGGAGTGGCCCATGAGGGCGAGGGGGATCATCACGCCGAGCGAGAGGACGCCGGCGAAGGCGAGGCCGAGGTAGGACCGGGAGCCGAAGCACAGCGTCGAGGCGACGGCGATGAGGACGACGATGAGGGCCCAGTACTGGCCGAAGGCGATCTGGGTGAGGAAGACGCCGAGCTGGTTCGAGAAGTTGAGGTAGGCCTGCGCACCGACGGTGGAGACGAAGGTGAAGAGGAGGACGGCGACTGCGGAGATCGTCCACGCCACAGAGGCGACCTCGGCGACTTTGAGCGACTTCTCCCACAGCGCGTCGAGCGGCGGCTGTTCGTCCTGCTGCGCCTTCCTGCCCCGGATCCGCCCCTGCGTGCGGGGCAGGATGAGGAGCGCGAAGAGGAGTGCGCCGACGGTGAGGCTCATCGCGAGGTTGAAGACGAACTTCGCGGCCGGCAGTCCGAAGCGGACGACGGCTCCCGGGTCGTTGATGACGGTCGGCTCGGAGGCTCCCGTGTAGAGCATCGCGACGAGTCCGACAGCTGCGCCGAGGAGTGCGACGAGCGGGATCGCTGCGCGAGCGGTGAATCGGATGATCGGCTCGTTGTCGTGAGAGGTCACAGAGGTCCGCCTGCCGATTCGTGCATGGAACCAGGATATCGTCCCGGGGTCGGCGGCGGCGAACTCACAACCGCCGAGGTGGTGCAGATCTCCTGAGGATCACCCCGCTGTGCGGGGCGGACACGATTCCGGTCAGCCGCCTCGGCGTGGGAATCGCCCGGGGAAAGCAGATGGCCCGGACCGATCGGTCCGGGCCATCCTGCGCTTGAGCGCGAAGGTCACTTCGGGGTGCCAGCGGCAGCCTTGAGCTTCGAACCAGCGGACAGCTTCACGGAGTAGCCGGCCTTGATCTCGATCTCTTCACCGGTCTGCGGGTTGCGACCCTTGCGAGCGGCACGCTCGGTGCGCTCGACGGAGAGCCAGCCGGGGATGGTGAGCTTCTCGCCCTTGCCGACGACGTCGGAGAAGACATCGAAGACACCATCGAGAACATCCGAGACCTGCTTCTGGGTCAGGCCGGACTTCTCGGCAACTTCTGCAACGAGCTCACTGCGGTTCTTAGCCATAAAAGTGTCCTCCTTAGGACAAGTCGGTCAGTTACCGGTCCGTTTTCCGATAACGAACTCCCTCGAGATTACCAGCTCGACTTCGTGATGCCGGGCAACTCGCCGTCGTGCGCCATTTCGCGGAAGCGGACGCGCGAGAGTCCGAACTTGCGCAGGTAGC
NZ_CP065629.1_gap54	3118100	3121945	3845	CGCCACCGACGACCATCAGTGGATCCACCTCGATGAGGAGCGGGCCGCGGCGGGTCCGTTCGGGGCGACGATCGCCCACGGGTTCTACACGCTCTCGCTGCTGCCGAAGTTCTCCTCGGAGATCTTCGCCATCGACGGGGTGTCGATGAAGATCAACTACGGGCTCAACAGGGTCCGCTTCCCGCAGCCGGTCCGCGTCGGCTCGCGCCTGCGCGACACCGCCACGCTCACCGATGTCACCCGCGGGCCCAAGGGCACGCAGGTGATCATCAGTCACGTCATCGAGATCGAGGGAGAGGACCGCCCGGCGTGCATCGCCGAGATGGTCAGCCTCCTCGTCGAGTGAGGCCTCAGAGCGTCCGAGCGAAGAACGGGATGACCGACTCGAGCGCCTTCCCGGCCCCGTCGCCCTGGTCGTAGAGGTCGTAGTGGGAGGCACCGGGGATTTCGACGAGTTCCTTGTCCTCCGATGCGGCCTTCTCGATGATCGTGTGGCCGTCGCGCCACGCGCCGAAGGCCCCCTGCTTGCCCTCGTCGCCGATGACGACGAGGAGCGGCTGGTCGAGGAGCACTTCGGCGAGGTCGAAGGCATCCCAGCCGAGCGCCGACGATCCGTGCGCGCCTTCGAAGCTCACGGCACCGCCCTCGGCCCGGCCCCGGTTGGTGCGGTAGTAGTCGAAGGCTTCGATGATGTCGATGTCTCCGGTCTCCTGTGCCGCCTCGGCGGTCTCGGGGAGGAACCCGTTGACGAGGCTCTCGGCGCCTCGGGCCTCCGCGGTGCGCTGATCTCCGATGCCGCGCAGTGCCGCGAGCGGGCCACCGCTGAGTTCGGACATCTCCCGCTGGAGACGGCCGAAGTTCGCTCCGGTGATCGACACGGCGGCCTTGAACCGCTTCTCGGTCTTCGCCGCCGCCCATGTGTAGCCGCCTCCGCCGCAGATCCCGAGGACGCCGATCCGTTCGGCGTCGACGTAGGGAAGGGTGACGGCGTAGTCGACGACGCGGCTGAAGTCCTCGACGCGCTGAGCGGGATCCTCGAGGAAGCGCGGCAGCCCGCCGCTGGCCCCTTGAAAGCTCGCGTCGAAGGCGATGACGACGTATCCGGCATCGGCGAGGGCCGGAGCATAGACGTTGCCCGACGTCTGCTCCTTGCAGCTGCCGATGGGGTGAGCGGCGACGATCGTCGGATAGGTGCGCGTCTCGTCGAAGTCGGTCGGGAAGTGGATGTCGGCGGCGATGTCCCAGTACATGTCGGGATTGCGGAACGTCACGTGCTCGACGTTCGTGAGTTCGGTGCGCTTGATGGTGCCTGTGGACACGGGTCCTCCTCGTGGTCGGTGGGACGATCCTGTGCGTCGTCCTCGTGCTTCCATCCTTCGCGGGTTCCCGCGCCCCAACCAGAACAGGACTGTTCCTGGGAAGGATCCCTCCCAGGAACACCGCCCGCGCACCGGGCTATCGTGAGGGCATGGCCTCCTCACCCCAGCTCGCCGCGCTCGGCGAGTTCTTCCGCGTCCGCCGAGGCGAAGTCTCGCCAGGGTCGGTGCCCAGCCACGTCGTCGGATCGACGGGCATCAGGCGGGTGCCCGGTCTGCGCCGCGAGGAGGTCGCCCAGCTCGTCGCGGTCAGCCCCGACTACTACACCCGGGTCGAACAGGGCCGACTCGCCCCGTCCGACCAGGTCTTCGCCGCCCTCTGCCGAGTGCTGTCCCTGACGTCCGAGCAGACCGCCTACGCCGAGGACCTCCTCGCTCATGCTCGCGGGCACCACTCCCCCGCACCGGGTCGCGAAGCCGCGAACGGCCGCCTCCAGCTGCTCCTCGACCAGCTGAGAGACCTGCCCGCGATCGTCCTCGGCGCACGGATGGACATCCTCGCCTGGAACCCGGCGGCAGCGGCTCTGCTCATGGACTTCTCCCAACTGCCGCCGCACGAGCGCAACTACGTCTCGATGACGTTCACGGTCCCGCAGATCCGAGACCTCTACGAGGACTGGGACACGGTGGCGCGCACGTGCGTGGGCATCCTCCGCCGTGAGGCCGCGGACAACCCCGACGACCCCGAACTCGCCTCGCTCGTCGGTCGGCTCTCGATCGCCGATGCGGACTTCCGCCGCTGGTGGGCCGAGCATCGCGTGGCCGAGCAGGATTTCGGGGACAAGGTGCTCAACCACCCCCGCGCAGGGCGGATCCGCCTCCAGTGGGACTCGTTCACCTACGCCGGGTCGACCGGGCAGCAGCTCATCCTCTGGTCCGCCGAGGCGGGCACCCCGGACGCCGCGGCGCTCGCCGACCTCGTCTGAGCGACGACCCCCTCAGCTCTGGCGGTGGGCGTCGAGCATCTGCGCGACCCGGATGTAGCCGAGGTGGGAGTACGCCTGCGGGTGGTTGCCCAGATGCATCTCCGCGACGGGGTCGTACTCCTCGGGCAGCAGCCCCGTGGGTCCGAGGAGATTGTCGAGCTGGCGGAACAGATCCCACGCGTCGTCGATGCGCCCGACCTTGATGAACGCCTCGATGAGCCACGTCGTGCAGATGTGGAACCCGCCCTCGAGTCCCGGCAGACCGTCCTCGTAGCGGTAGCGGAAGACCGTCGGGCCCACCCGCAGCTCCCGTTCGATGGCGTCGACGGTCGCGATGAACCGCGGGTCGTCGGGTTCGAGCAGACCGCTGAGCCCGACGAACAGGCACGCGGAGTCGAGATCGGTCTCACCGTAGGCGACGGTGAACGCACCGATCTCCTCGTTGTAGCCGTGCGTGAGGATGTCGCTCTTGATCTCCTCCCGCAGCTGGCGCCACGCGCCGGGGGGCTGCCTGTCGAAGCGCTCGGCGATCCGCAGCGCCCGATCGACGGTGACCCAGCACATCACCCGCGTGTAGACGTTGTGCTTCGGCGGCCGCCTGGCCTCCCAGATGCCGTGGTCGGCTTCGAACCACCGCTTGCTCACTGCTTCGACCATCTGGGTCGTCAGCTTCCAGTACGCCTCCGGCAGCTCGCCGAGGTGCTCGGTGAGTTCGTCGAGGAGCTCGGTGATCGGTCCGAAGACGTCGAGCTGGACCTGATGCTCGGCGGCGTTGCCCACCCGTACCGGCCGGGAGCCGGCGTACCCGGGCAGGTGCGCGAGCACCGCCTCGGTGGTCAGCGCGGATCCGTCGACGGCGTAGAGCGGGTGGAGCTGTTCCGGGGCGACGGTGTGGTCGAGGATCCCGGTCAGCCAGGAGAGGAAGCCCTCCGCCTCGGCGGGGGAGCCGAGCGCGAGCAGGGCACGGGCCGTCATCGACCCGTCGCGCAGCCACGTGTAGCGGTAGTCCCAGTTCCTCACACCGCCGATGCCTTCGGGCAGGGAGGTCGTCGGGGCGGCGAGGATGCCGCCGGTGGGTTCGTGGCAGAGCGCGCGCAGGGTGATCGCCGAACGGATGACCTCTTCCCGGTGGTGGCTCGGGATCGACAGCGTCGACGTCCAGTTCGTCCAGAACCGCAGCGCCTGATCGCGCACCCGCTCCTCACCGCCCTCGGCGATGTAGCGGGCATCGCCGGTGCCGCTGCCGCATGCGAGGACGAGGACGACGGTTCCGCCGGGGAACTCCGAGGGCACCACCGTCGCCTCGGCAGTCTGGGACTGTCCGGACTCGACGATGTCGAAGTCGACACCGGGGGCGATGAGCATGATCGGCTCGGCGGTGCCGAGCACCCGGACGCCGTCACGAACCGGGGCGAGTCGAGTGGGCACGGTCGCATAGTCGAGGCGCGGGGCGAAGCGGATGCGGGCGGGGGCGTCGCCGGTGAGGACGCGGACGACGATGGTGTCGTCGCTGGCCCCGTCGACGGGAGCGAGGTAGTCGATG
NZ_CP065629.1_gap55	3130003	3134628	4625	CCTGTCCCACCACCCGGTCGAGATCGTCACCCCGCGCGAGCACGAGCACCGAGGCTCACAGGTCTCGATCGCCCACGAGGAGGGGTTCGCGATCATGAGCGCCCTCATCGCCCGCGGCATCATCGGCGACTACCGGGAGCCCTCGATACTCCGCTTCGGCCTCACCCCGCTCTACCTCGGCTTCGCCGACGTCTGGGACACCGTCGAGGCGCTGCGCGACATCCTCGACAATCGCCTCTGGGACACCCCCGAGTTCAAGGTCCGCGGCGCCGTCACGTAGGCCGCGAGCAACCCTCGGGGGCGCGAGCGTCGAGTCTCGGCAAACCTCCGGACGCTGAGCAACCCTCCGGACGCGAGCGTCGAATGTCAGCACCCCCGGGCACTGAGCAATCTGGCACCGGGGTGCCGAACGCCGAAGGGCGCTGAGATTCAGACCACCTCGGCGTAGACGCCGAAGAACGGTTCACCCGCCCGGTTCGTCGCCCTCGTCGCGGCGAGCGTCGTGAGCAGACTGCCGGTGCGCTCGCCGGTGGTCGGATCGAGGTCGATGACCGCGCAGCGCGGGACCGGTCCGCCGATGCGCAACCGCAGTCCGTCGACGGTCCCGCGCACGGTCATCACCCGTCCCAGCCACGTCTCCTCGACGAACGGCTCGTCCGTGTCGACGAGCAGTGTCGCCCGGAAGCGGTGGAAGAGATCGGTCACCGCCGCACCCCCTGCCACCTCAGCGAGGGAGGCGGTGGCGACGATCGTCAGCGGCTGGCCGAAGACGACGCCGCCGCGCGGGGCCTCGGCCAGGCGCACCGGCCGCCCCAGATGCGTCGAGAACAGTTCATCGTGGTCGCCGTCGGTGAACGTCAGGTCGACCGCCCGACCCCAGTAGTCGCAGGTGAGCGTCTCACCGGTGGGCTCAGGAACCGCAGTCACCGCACTGCCGTCGGGGAGCACCGTCTCCAGCGCCTCACCCTGCATCCGCGCGACGACGGCGAGCAGCGAAGGATTCTGCACGGTCCGCAGCACGCGCCGGGTGCGCATGTCGACGAGGCAGAAACGCCGATCACCGAGCGGACCCGCCGCATCGAACCGGGCCTTCGGCTGCACGAGGTGCCGTGTGCCCTTGATCGGCGAGAAGCCGACGGCACGGACGTCGAGAACGTCGTCGTCCACCTCGGCGCCCCCTCCCATTCCACCCTTCGAACATCTGCGTCCCACACTAGGTGATGATCCGCGCCCGCACCGCGCCGCCACTAGGCTGATGAGCAGCCGTGCACCGACCACCAAGGAGCTTGCACATGCCGAAGATCACCATCGGCCTCGGAATCATCCTCATCCTTTTGGGCGTCATCGGATGGCTCGCCACCGGTATGGCGAGCTGGACCGCGCTCATCCCCGCGATCCTCGGTCTCATCATCGCGATCTGCGGGTGGATCGGGATCCGCCGCCCGAAGATCGGCATCCACATCGCCCTCGTCGTCGCCCTCCTCGGCGTCTTCGGCACGTTCATGAACGTCCTCAAGCTCGGCGATCTCTTCGCCGGCACCGCCGAGCGTCCGGCCGCCGTCATCATCAGCACGGTGACGTTCGTCCTGCTCATCATCTACATCATCCTCGGCATCCGCTCGTTCATCGCCGCCCGCAGGAACCCGACCGCCGCCTGAGTCCCGACCGTCCGGTCAACCGGACGCCAGCAGGTCGTCCGGCATCTTTGCATCCCGACCGCCTCGCCGCACCCCCGCGCCGAGGCGGTCGTCTGCGTTCCGGTGCGATCCGCCCGTCCGTCGTGCCCCGGCACGGCCTATCGTCGTGTCACGGGCGGACGCTAGCCTGTGAGTGACCGTGCATGTGCACGACGATCAAGGAGGATCGCATGTCGAACAACACCCCCGCCGCCGCACCGAACACCGCTGCCCCGTCCGCCGCTCTGCCCGCCGAGAGACCGAATTCCGCGCTCGTCGTCATCGACGCCCAGAACGGGGTCATGTCCGCAGCATGGAATGCCGCCGAGGTGGTCGGGACGATCGCCGCCCTCGTCGAGCGTGCCCGGGAGTCCGGCACCGAGGTCGTCTGGGTCCGCCACAGCTCCGACGAGCTTCCCCTCGGCTCCGACCAATGGCAGATCGTCGAGGAGCTCACCCCTGCCGAGGGAGAGGCGATCGTCGAGAAGACCCATGCGAGCAGCTATGAGGACACCGACTTCGAGGAGGTGCTCGCGGCCCGGGGCATCGGCCACCTCGTCGTCACCGGAGCCCAGTCGGACTGCTGCGTGCGCTCGACGATCCACGGCGGGTTCGCACGCGGCTACGACGTCACCCTCGTCTCCGATGCCCACACCACCGAGGACCTCACCGAATGGGGTGCACCGCCGCCCCAGGACGTCGTCTCTCACACCAACCTCTTCTGGACCTTCGAATCCGGTCCCGGACGACAGGCGCGTGTGCAGGAGTCCGCGGAGGTCGACTTCGGGGTTCGGTGACTGAACCGGATCAGACTGAGCTGGATCTGACTGAACCGGTCCATCGGCGCGTGCGCCCCAGCGACGCTGCAGCGTTACGGCACGGGTCGAGCTGCACTGGCCGCACGCCACGGCGCGGGCCTCTCGCTCCGTCTGCGCCACGACGCCTGCGCCGACGCCCGTAAGCCAGCGCCGCGCCCGGGTGACGGCCTTTCTGCGATCATGGATCCATGAGCGAAGACCCGCGCAGCATCGAACTGACCCGCATCGCAGAGAACCACTACCGTGCGACCGCTCCGAACGGCGCGAGCATCGAATTCGGCCGTGGCGAGGGTCTGATGACGCCCGTCGAACTCCTGCTCGCCGCCGTCGCCGGCTGTTCGTCGATCGACGTCGACACCGTGACGAGCCGGCGGACGGAGCCGACGCGCTTCGACGTGCGGGCGAGCGCGGACAAGGTCGTCGAGGACGGCGCGAACCGGCTCGAGAACGTCCACCTCGACTTCGACCTCGCGTTCCCCGACGACGAGGCCGGCCGCAGGGCCGATGCCCAGATCGAGAAGCTCGTCGCCCTCTCCCACGACAAGTACTGCACGGTCTCGCGCACCATCGAGCATCCGACGCCCGTCGATGTGAGGATCCACCGCGACTGACACCGCCGATGGCCGATCGGCCCCGCAGGGATGCTCACACGCGAGGCCCGCCGCTTCCGCTGAGGTTCCGCACTGGTTCGCCGCCCGGACGGGCAGGCTCAGCTCGCGAGCAGCCGCTTCTTCTCCACCTCGATGTCATAGTCGGCCGGCGGCCACTGCGGATCGATCGCTGAGAGCGCGTCGATGAGGAGGCGCTGGACGGCGAGGCGCGCGTACCACTTCCGGTTCGCAGGTACGACATACCAGGGAGCGATGGCCGTCGAGGTCCGTTCGAAGACGTCCTGGTAGGCCTCCATGTACGCAGGCCAGAGCAGGCGCTCGTCGACGTCGCCGGGGTTGTACTTCCAGTGCTTGTCCGGCCGGTCGAGGCGTTCGAGGAGGCGGTCGCGCTGCTCCTCGGGCGAGATGTGGAGCATGACCTTGATGATGACGACGCCCGCCTCGGCGAGTTCGGCCTCGAAGGCGTTGATCGCGTCGTAGCGGCGTTCGATCTCCGCCGGATCGGCGAGGCTGCGAACCTTGCCGATGAGCACGTCCTCGTAGTGGGAGCGGTCGAAGACGCCGATCATCCCCGGACGGGGCACCCGCTTGCGGATCCGCCAGAGGAAGTCGTGGGCGAGCTCCTCCTCGGTGGGCTTCTTGAACGCGGCGAGTTCGACGCCCTGCGGGTCGACGGATCCGACGACGTGGCGGACGATCCCGCCCTTGCCCGCCGTGTCCATCGCCTGAAGGACGAGGAGGACGGCGGGCCCTGAGTCCTTGTCATGGTGCGCCGCGAAGAGACGCTCCTGCAGATCGTCGAGGTTCGGGGCGGCCGCGGCGAGATCCCGCTGACCGCTCTTCTTCTCACCCTCGTAGCCGGGTGTCGACTCCGGATCGACATCGCCGAGGCGGAATCCCTCTCCGACGCGCAACAGTGGGCCGGGGTCCTGCGTCCAATGGCTGCTCATGCGAACATCTTCGCAGGTGGGTGACCCAGCGTCCACACCGACATCGAGCACCCCGCGGTGACCGCCCTGCCCGCCGCGACTCTGGGCAAGGCGCCCTCCCATCCCCTACCCTTGAACCAACCTTCACAACGGCGGGAGGAGTGTGCCCATGGACGACGATCTGCTCATCGTCGAAGAGCTCATGCTCCTCCTGCTCGCCGACGACGGCACCGCGATCGCCGGAGCCAATGTCCTCCACTGCCTTCTGCCTGCAGCGATCTTCGTCGAACTCGCCCTCACCGCGCGCCTCGACGTCCACTCCCACCGCCGTTCCGGCGGCACCCTCATCCATGCCCGGCGCACAAGCCCGGATCCGGCGATCGATCCGCTGCTCGCCGAGGCACTGCGGGCGATGGGCACGCGGGAGCATTCGGCGTACGGGCTCGTCTCCGCCCTCGGGATCGACGTCCGACAGCCCGTCCTCGACCGCCTCGCCCGCCGCGGACTCATCATCCGGGAGACGAGGAAGATCCTCGGCGTGCTCCCGGTGACCCGATGGCCTGCCGCCGACTCCCGCGCCGAGGCGCCGCT
NZ_CP065629.1_gap56	3144508	3146401	1893	TGGTCCGCACCGGCTTCCGCACGATCCTCGAGTCCGAGGACGACATCGTGGTCGTCGGTGAGGCCGAGAACGGGCAGGAGGCCGTCGATCGGGCCCTCGAACTCTCCCCCGACGTCATCTGCATGGACGTGCAGATGCCGGTCATGGACGGGCTCGCCGCGACCGCGGAGATCGTCCGTCGGGGCGCCGCCGGCGCCGTGCTCATGCTCACGACCTTCGACCGCGACGACTTCCTCTTCGACGCCCTCGCGGCGGGAGCGAGCGGATTCCTCCTCAAGACCGCGGAGGCCGAACAGCTCATCGACGCCGTGGCCGCGCTCGCCGGCGGGGACGGTCTCCTCTCACCCGAGGTCACCCGCCGGGTCATCGAACGCTCCGTGAGCACTCCGGCGGCGAGCGCCGCCCCGGCGCCCGAGCTCAACTCTCTCACCGACCGCGAACACGAGGTGCTCCGCCTGCTCGCGACGGGTCTGAGCAACGCCGAGATCGCCGGGCAGCTCTTCCTCGGGGAGGCGACGGTGAAGACGCACGTGTCGAATGTGCTCGCGAAGCTCGGCATCCGCGACCGCACGCACGCGGTCATCTGGGCGTATGAGCACGGGGTCGTGAGAGTCGGCGAAGGCCGCTGAGGGTCCGGGGCTGCCGGTGCGAGCGCACCGGCAGCCCCTGATGACGAGGCTGAGAACGCCGAGGCGCCTCTGGGGATGGCCGTCATCGGATACTCCTCGGGGAGTGCACGCGGAGTCGGACTCCACTTGCATTACGTATCGTAACGCAATGTAAGATGGTCTTCAACGTCCCTGGTGCCGGGAGTCCCGGCTGCAGTCGACGTGAGCGACCCGACCCGAAGAAGGATTGTCGACATCATCATCCAGAGGCTCTCCGGTCGCCCTCGAGACGATTCGATCGACTCCTCGATCCTCGACGCGGCGGCACGGATCATCATCGACGACGGCTACTCGGCGGCGACGATCGCGGCGATCGTCAAAGCGGCCGGAACGAGCAAACCCGCCTTCTACCGTCGCTTCGACAGCGTCGCCGACCTCGTCCCGGCGCTCGTCGAACGGCGCCATCAGCTCAGCGTCCCCGCCGACACCGGGTCGCTGACCGGCGATCTCTGTGCCTTCCAGACCGCACAGGCCGAGATCTTCAACGACCCGTTCGTCCGGGCGGCGATGCCGGGCTGGCTTGCGCACATGCAGGAGTCCCCGGAGACCTCGGGACCGTTCGTCGAGGGCTTCCTCCCGCAGCGGATGGCTGTGCTCGAGGCGATCCTCGCCCGGGCGGAGGAGCGCGGAGACGCGGTGCGCTCCGGCCTCGACATGGACACCCTCATGGAGGCGTGCGTCGGCCCCTTCCTCATGCGCTCCCTCATCCCGGGTGCACCACTGCTCGACGACGCCGACGTCGATCGCACCGTCGCTCTCGCCTGCCTGCTCATCGACCAGGCGAGCGCCGCAGCCTCGGCTCCCCCGGCCAGCGGAGTCCGATCTCGTCCGCACGACTGAGCCGCAGACGGCCGCTCGGCCGTAGCGTGGGAGCATGATCACTCTCGAGGGAATCTCCCGCAGCTTCGGTGCCACGCAGGTGCTCCACGACCTGAGCTTCTCGATCGGCGCGGGCCGGATGACCGGCTTCGTCGGATCGAACGGTTCGGGGAAGACGACGACGATGCGCATCCTCCTCGGCGTCCTCGCCGCAGACAGCGGACGGATCACCGTCGACGGCACCGACATCACCCCTGCCGATCGGAGCGCGATCGGCTACATGCCCGAAGAGCGCGGGCTCTACCCGAAGATGCCGATCATCGATCAGCTCGTCTACCTCGCCCGCTTCCACGGGCTCAGCCGCCACGACGCCAAGCGCCGCGGACTCGACCTCCTCGAGCGCCTC
NZ_CP065629.1_gap57	3257694	3260483	2789	CTGGCCGCTCAAGCGGATCGGCTTCAGGTACCGGCCGACCTTCGGCTTCCGCGGCGTCGGCCTCGGCACGGCCGGCAAGGTCGCCTTCTGGACGTTCGCGGCGATGCTCATCGGCCAGCTCGGCTTCCTCATCATCTCCCGCGTCGCCGCCGGCGCTTCGATGCCCGGCGAGGGGAACGCCTCGAACGCGGCGTACACGTATGCCTACCTCGTCTTCATGCTCCCGCACTCCCTCATCGCGGTCTCGCTCGCCACCGCCCTCTTCACCTCGCTGAGCAGGAACGCCGCCGAGCACGACACCGAGGCGGTGAAGTCCGACTTCTCGATGGGCGTGCGCATGGTCGGGCTCGTCAACTCCTTCGCCGTGGCCGCCCTCGTCGTCCTTGCCTCTCCGGTGGCGATGGTCATCGCCGGCAACGGTCGGGAACAGGCGATGGCCGTCGGTCTCGTCATCATCACGATGGTCTTCGGGCTCATCCCGTTCAGCGCGAACTACCTCGCCCAGCGCGTGTTCTACGCGTACGAGGACGCGCGCACGCCGTTCTTCATCCAGCTGCCGCAGATCGTCTTCCAGTCCCTCGCCGTCCTCTCGGCGTCGATCTTCCCGAAGTCCGTGACGGTGGCGATCATCGGCCTCGTCATGAGCCTCGGCTACCTCTTCGCGATGATCCTCTCGTTCGCCCTTCTGTCCAAGCGTCTCGGCGACATCGGCATCCGCGCGATCGCGAAGGCGCATGTGAAGTTCCTCCTCGCCGCTCTCGCTGCGGGACTCGCCGGCTACGGGCTGCTCCTCTTCTTCCCGGACTTCGCGCTTTCGGGTCAATGGCAGGCCTTCGTCGTCACCGCGGGAGTCGGCACGGTCATGCTCATCGTCTACGTCGGAGCCTGCTTTCTGCTCCGAGTCCGAGAGTTGCATTCGATTATTGGCCTCGCAGCTGGAAAACTTAGGAGATAGTCAGTCCTCGTCCGTCCCGCCGCCCCGGAGGTGATCCCCCTGATCGATATCGAACCCGGCATGGTCGTTGCCGGTCGCTATGTCGTATCAACGGTTGACCGCCCGTGGTTGGAGGACAGGCCCGAGGTCGGTGCGGTGTGCACCGCCCTCGACGCGATCCTCGACGAACCGGTCCTCATCCACGTCGCCGACGCCTCAGGCGGCTCCGACGTCCTCGAAGCCGCACGCCGGGTATCGATCCTCGGCGACCCGCGGATCGCCCCGACCCTCGACGTCGGGAACTCGAACGGGCTCGACTACGTCGTCTCGACGCGCATCGCCGTCACCCCGCTCGGCACCATCCTCCCGAAGACGCCGCTTCCCGTCGACGCCGCCCGCGCGCTCATCGGGGAGGTCGGCACGGTCCTCGTCACCTCGGCGAGGCGAGGTCTCTTCCACATGTTCCTCCGCCCGAGCGTCGTCGGCATCAACGCGAACGGCGGGATCCTTCTCTCGGGAATCGGCATCGATGCCGCGCTCGCGCTCGGCAACGGCGTCATCGACCCCGACGACTACACTCCCACGGCAGCCTCCCGGCAGGACGCCCTCGACCTCATCCGACTCTTCTATGCAGCGGTCACCGGGTACTGGCCGGGCGAGGAGGGCAAGGACGGCATCCCCCCAGCGCCCCGCGAGAACTCGCGGATCGCGCGGGCGAAGTCACTCAACCCGGAGATCCCCGCCGAACTCGATGACTTCGTCAGCGGTGTGCTCACAGGCGCCGATCCCGGTCCCGGGTCCGTCGCCGAGGTGCTCGGATTCCTCGACGAATGGGACGCCGAGCTGCTGCGCTACGTCAACCGCACGCCCGCAGCCGAGAACGACAAGCTGTTCGACGAGTCCCCGTCCAGCTTCGACGAGGCGACGAAGCTGCCGAGTCCGGGTCCGGCGCCGCTCGGCGGGTCGACATCGCAGGCCAGCGACGACCAGGTCAAGGCGGCTCTGGTGCGCATCGGCATCACCCGTCCTGGAACCCGTGGCCTGGCTGCCGGTGTCGTCGGTCGCACGACCGGTCGCTACGCGGAGCGCATGCAGATGCGACAGGCCTCGAGCTTCCCGATCGGCGCGGAGCAGATCGACAACGCCGCGAAGGACTGGGACGAGTGGTCCCCCGAGCAGACGTACTCGGAGTACTCCGGCTACTCCGCGCATGAGTACGACGAGAATCTCACGACCCCGATCCTCAACCGCGATGAACCCGACCCGGACACGCAGGCGATGGACATCGTCGCCGTCGACGAGGAGGACGACGACAACGACACCCGCGTGATCATCGACGACGAGGACGACGGTTCGTGGTTCCTCGGCGGGATGTTCGAGACCTCGGAGCAGCAGCGCGAGCACCAGCTGCGCGAATACGAACGCGAGCGCCGCATCGCACGTGCGAAGGAGGAGGAGGCCAGGCGCCGCCTCGCCGCCCTCGATGCTTCGGCTGCCGCGCGGCGCGAGGAAGCCGAAGCAGCGGCCCCGCCGAAGCAGGTGCGCAGGCTCTCCCCGGAGACCGTCGACCAGGGCGAAAGCGGGACCGCGGCCGCCGGGACCGCGGCGGCCGGCGTGGGCGCGGCAGCGGCGGGAGCCGGTGGACCCGGGAACACCGCACCGACGAGCTCAGCACCCACCGGAGGGTCCGGGCACGGGAACGGTGGGGCCGCCTCGGCGAGCAGCCTGGCGTCCGCCCCCGGGGAGGACCCGCGGGAGACCCGAGCCCGAACGCGGAAGCCCTTCGCCCTCCTCGTCCTCGGTCTCCTCGTCGTCGCCGCAGTGATCATCGGCATCATCGTCGTCAATCTCAATT
NZ_CP065629.1_gap58	3313761	3318653	4892	CCTCTCGGGCGGCAGCTCCGCGGTCGAGGGCGGCATCATCGTCTGCCTCGACCGGATGCGGGAGATCGCCGTCGACCCTGCGACCCGCATCGCCGTCGTCCAACCGGGGGCCTTCAACGCCGAGGTCAAGGCCGCGGCCGCCGAGCACGGCCTGTGGTACCCGCCGGACCCCTCGTCGTACGAGTTCTGCTCGATCGGCGGCAACGTCGCGACGAACGCGGGCGGGCTCTGCTGCGTCAAGTACGGGGTGACGACGGACTACGTGCTCGGGATGACGGTCGTGCTCGCCGACGGCCGCGCCGTCGAGCTCGGCGGGCCCCGCGTCAAGGACGTCGCGGGGCTGTCCCTGACGAAGCTCTTCGTCGGCAGCGAGGGCACTCTCGGCATCATCACCGAGGTGACCCTGCGCCTCATCCCCGCCCAGCTGCCGCCGACGACCCTCGTCGCCACGTTCCCCACCCTCGAGGGAGCGACCCAGACCGTCCTCGACATCTGTGCGCAGATGCGCCTGTCGATGCTCGAGTTCATGGATCGCGCCTCGATCAATGCCGTCGAGGACGAGCTGCGGATGGGCCTCGACCGGGAGGCCGCAGGCATGCTCGTCATCCAGTCCGACGAACCCGGCGAGTATGCGTCCGGACAGATCGCGACCGTCGAGGAGCTCTGTGCGAAGAACGGGGCGAGCGAGGTCTATGCGACCGACGACGCCGACGAGGGGGAGGCCTTCGTCACCGCCCGGCGGATGGCGATCCCCGCGGTCGAGAAGAAGGGCACCCTCCTGCTCGAGGACGTCGGCGTGCCGCTGCCCCGCCTCGGCGATCTCGTCGTCGGGATCGAGCGGATCGCCGAGGACCGCGACGTCCTCATCTCCGTCATCGCCCACGCCGGGGACGGCAACACCCATCCGCTGCTCATCGTCGACCCCACGGACGCCGAACAGCGAGCGCGGGCCGACATCGCCTACGGCGAGGTGATGGACTTGGCGACCTCACTCGGCGGGACGATCACCGGCGAGCACGGGGTGGGACGGCTGAAGAAGCCGTGGCTGGCCGACTACCTCGGCGCCGATGTCATGGAGCTCAACCACCGGATCAAGGCCGCGCTCGACCCGGACAACATCCTCAATCCGGGCGCCGTGTACTGAGGCGTGCCCCGGCTGGGGCCGGGGCGTTCCCCGGCTGCTGCCGGACAGCACAGAGGCGGCCACCCGAACGGGTGGCCGCCTCGGTCGTCACCGGCGACGGTCGGTGCGTCTCAGTGCTTGGCGTTGGTGTCCTTCGGGTCGCCGGCCGCGGGGTTCGGAGTCGCGGGCTTCGGCGCGGTCGTCGGCTTCGGAGCCGGGGTGGCATCCGTCTTCGACTCGGGCACCGGAGCCTGCGAGACCGTGGGCGTCGTGCCCTGGCGCGAGGCCGGGGTCGAGCCGACGGGGCGGGCGTCAGCGGGACGGTTGTTCGGCAGCGGGGTCGACCAGGGATCCTCGACCGGCTGGGCCTTCTTCCACACGTAGTAGCCGATGCCGGCGGCCGAGCCGATGACGAGCGTCCACACGAGGGCCTTCTTGCTCGTGTTCGACTTCTGTGCGGTCTCCTTCTGGATCCGCTTGCCGGCATTGGCGAGGGCCTTGCGGGCCTTCTTCATCGCCTTCTTGTCACCGGTGAGGCGCACAGCGAGGTTGTCGATGAGCTGCGGGGTCTCCATCGCCGCGAGCGAGGCGGCAGCCGTTCCGGCGACCTTCCCGGCCCTCTCCGTGGCTTCGGGGCGGTACGCCTCGATCCGGTCGGCGATGTCGTGGACCTGACGGTTGGCCTTCTCGGCCAGAGCCTCGACCTGCGGACGGGCCTTCTCCGTGAAGACACCGACCTGCTCATTCGCCCTGTCGGCTGCCTCGCGGAGCTTGGGCGCCGCCGCATCCGACGCGTCGGCCAGGAACCGGAGCGACGTCTTCTTCGCGGAATCGAGCTTCGACGCGAGCGGCTTCCGAGCTGGTTTCTTCGACATGAACATTCCCAATCCTCCGGGTCAGGGGCAACTGATCACTCCCCAGTCTACGGCCTGGCCCGGGGGCGCACGCCACCTCAGGGCCAGGAATTTGCCTGCGGATACGCTGGCAGAGTCGTACAAACCCACCTTGATGGAACCGCAGACCTGTGTGCGGCATGGAAGAATGAGGGCATGTCTACAGTTGCAACGAACACAGCGGTCCTGCACACCAACCACGGCGACATCACGATCAACCTCTTCGGCAACCATGCTCCGAAGACGGTCGCCAACTTCGTCGAGCTGGCCACGGGTGAGCGCGAGTTCACCGATCCCCAGACCGGTGAGCCGACGAAGCGCCCCTTCTACGACGGCGTCGGCTTCCACCGCATCATCTCGAACTTCATGATCCAGGGCGGTGACCCGCTCGGCACCGGCACCGGCGGTCCCGGATACGTCTTCGACGACGAGATCCACCCCGAACTCCAGTTCGACAAGAAGTACCTGCTCGCGATGGCCAATGCCGGCAAGCAGATGGGCCGCGGCACCAACGGCTCGCAGTTCTTCATCACCACCGCTGAGACCCCGTGGCTCAACGGCAAGCACACGATCTTCGGCGAGGTCGCCGACGAGGCCTCGCAGAAGGTCGTCGACGAGATCGAAGGCGTGCGCACGGGTGCGATGGACAAGCCCGTCGAGCCGGTCGTCATCGAATCCGTCGAGATCAAGGACGCCTGAGCACCAGTACGATGGTGCCATGAGCACACCAGAACAGGGCCCGGCCAGGGAATCAGGCCGGGCCCTGTCCGTGTCCATCCCCCTGGTGACACGGACGATCATGATCGTCACGGGACTGTCGTTCCTCCTCCAGCTGCTGCCGGGACTCGACCTCATCCACCGGCTGAGCTTCGTCCCCGCTCTCACCCTCGACCAGCCGTGGCGCCTGCTCACCGTCGCCCTTGTCCACGAGCAGCCCTCTCCCATCCATCTGCTCGCGAACATGATCGGGCTCTTCTTCTTCGGCTCGTTCGTCGAGCGGGCGCTCGGGCGGTGGCGCTTCCTCGCGGTCTACCTCCTCGGCGCGATCGGCGGCTCCGTCATGGTCCTCCTCCTCGCCGAACCGTGGAGCCGGGACTGGGTGACGAACAACATCGGCGCCTCGGGTGCCGTGTTCGCGATCATCGGCGTCCTCCTCGTCCCGACGAAGCGCCTCGACCGCAACATCACCGGTGTCGTCCTCTTCGTCGTCCTCAACTTCGGCTACGGGTTCCTCGTCGAGGGTGTCTCGTGGGAGGCCCACCTCGGCGGGCTGCTCACCGGCTTCGTCCTCGGTTGCGCGGCGCTGCTCGTCAAGCCTCAGCGCTCAACCCTCGTGTTCTGGCTCGTTGCCGCCGGCCTCGTCGTCCTCATGGCCGTCGCCGCCGTCGTCAAGACGCTCGCCGCCGGCCCGGCACCGGGGCTCTGAGAGGCGGGCACCTGAGAGCTGGGTCGGGGACGTTCTCCGGGGCTCCGAGAACCGCAGGCGATGTGCCTCCCGGCACTGCATCTGTGCTTTGTCCACAGGGGTTATCCACACGGTGGAAAACTTACACGCGTGTGTTTCCCCAGGTCACAGGGGTGAAAAAAGTTATGCACAGGACAGAGTCGTTGCTTGGGTATAACTCAGAAGTCGACGAAACCCTCCACCTGCCCGTGTGATCGGGGCGAGTGGAGGGTTGCGTGGTGAGCGACAGCGTGGCGGCTGCGCAGCGGCGCGGCGCTATCGCCAGCGGGTGGACATGATGAGGCCCGCGACGAAGAACGCGAAGCCGATGAGGATGTTCCAGTTGCCCCAGGCCTCGACGGGGAACGCGCCCTGGGTGATGTAGAACGTCACGAGCCAGATGAGGCCGACGAGGAGGAGGCCGATGAGGACGGGGAGGAACCAGCGCGGGTTCGGCTTGATCGTCTGCTGACCGGCCTCGGAGGTGTAGCTCGCCGTCTTCCGGCCCTGCGAGCGCTTGGCGGGATTCCCCGAGCGCGAGGTCCGCTTCGTCGCGGCCTTCTTCCCGCCCTTTGAATCCTTGGTCTTCGCGGAGTCAGCCTTCGCGTCCTTGGAGTCCTTGTCCTTGGAGACCCTGTCCTTCGAGTCCTTCGCCGTGCTCTCGGACTTCTTCTCGTCCTTCGCCGAGGCGGCTGCATCGTCGTCAGCGTCCGTCTCTTCAGCGTCGGTGTCCTCGTCCGCGTCGGTCTCGGTGACCTCGATCTCCGTGACCTCGACCGTCTCGGTGCCTCCCGTGGCGTCGGTCTCGGTGACCTCGACGTCGGTCTCCTCGACGACGGCCGCGTCGTCGGTCGTCGACTCGGGCTTCGCCGTGGTGCGCGAGGTGCGCTGAGGGCGCGAGGTCCGTCCTTTGGACTTGGCCACGTGAACTCCTTCGACAGCGAACCCGGGCGGGTCGCCGATGCTCTGGTCGGGGATGATCGCACCCAGTCTACTCGGGAGGCGAGCATGCGCGAAAAACCTCGCCCGCGCCTCGGCGACGCCACGACGGCGCCCGGAGTCAGCGGCTTCGGCACTGCGCGCGGGAGGCTCAGAGTCAGCTGTGTGCGAAGCCGAGACGAGCTGTGAAGGGGACACCGCGTCACGTTCATGCGATAAAGTTCTGTAGGGTGTCCCCGCTCGATCACTGGTCGAGCCCCGGATTGCAAAGGTCATAGGCACGGTGCAGAAGTGGTGAACAGTCTCTCCTCGGATAGCGAATCGTCTTCGAGACCCACCATTCGCGCGGCGCAGCGACGCCAGCCCGCCCCGCAGCCCATCGACCCGGGCCCGGCGACGGAGCCGATGCGCACCGATGCGATCGCCTCCTCCGGCCAGGGTGAGAGCGCCTCCCGCGGACCGGGAGACACCGCCGCAGCGGGTGGCTACGACG
NZ_CP065629.1_gap59	3326466	3328538	2072	GCTTCGTCGGCGGGGCCGTTGTCAGTGGGGCTGTTGTCGGCAGGGCCGTTGCCGACAGGGCTGTTGTCGGCGGGGTCCTCCGGTCCCTCGTCCGCCTTCTTCCTCCGCCGAGGCGGGGCGTCGGGGTCCTCGGTGATCCGGAGGACGCCGGTGTGAAACTCCTCGACCGGGCGGCGGGCGTTGTCGGACATCCGGAGCAGGAGGGCGATGATCACCCAGTTCGCCACCAGTGAGGATCCGCCCTGGGCGAGGAACGGCGTGGTCAGGCCCGTGAGCGGGATGAGGCGGGTGACACCGCCGACGACGACGAAGACCTGGAGGGCGATCGTGAAGGCCAGTCCCGTGGCGAGCAGGGTGCCGAAGCCGTCCCGCAGCTTCTGCGCGGTCCGGATGCCGCGTTCGAAGATGAGGAGGTAGCAGAGCAGGATGACGAAGAGACCGGCCATGCCGAGCTCCTCGCCGAAGCTCGCGTAGATGAAGTCGGATTCCGCGTAGGGGACCATGTTCGGTCGTCCTTCGCCGAGCCCGGTGCCGACGAGGCCGCCGTTGGCCATCCCGAAGAGCCCTTGGACGAGCTGGTAGGAGCCGCCGGGGGTCTTGTTGAACTCCTCCGGGGTGAGTGCGCCCAGCCAGCCGTCGATGCGCTGCTGGACGTGGGAGAAGAGGAGGGTGGCGATGACGGCGCCGGCGGCGAAGAAGCCGAGGCCGAGGATGATCCACGAGACCTTCGACGTCGCGACGTAGAGCATGGCGACGAAGAGGCCGAAGAAGAGCAGCGAGGTGCCGAGGTCGCGCTCGAAGACGAGGATGCCGACGCTGGCGACCCAGGCGATGATGATCGGGCCGAAGTCGCGCAGGCGCGGGAAGCGGATGCCGAGGATCTTCGGTCCCGCGAGGACGAGCTGGTCGCGGAAGCTCACGAGGTAGCCGGCGAAGAAGATCGCCAGGAGGATCTTCGCGATCTCTCCGGGCTGGAACGACAGCGGCCCGATGCCGATCCAGATCCGTGCGCCGTTGATCGTCCGTCCGAGTCCCGGGACCAGGGGGAGGAGGAGGAAGAAGAGTGCGAGGAAGCCGGAGACGTACGTGTATCGGCGCAGCCAGCGGTGGTCGCGGAGGAGGACGAGGACGGCCACGGCCAGGCCCACTCCGAGGGTCATCCAGATGAGCTGCTGGGTGGCGCTGTCGAGGAACTCGCTGCGGCCGAGGTCGACCCGATGGATCATCGCGAGTCCGAGTCCGTTGAGGAGGACGGCGATGGGGACGAGGACGGGGTCGGCGTACTTCGCCTTCCACCACACGACGACGTGGAGGATGACGGCCAGGGCCGCCAGCCACGCCATGTACTGGTAGATGTCGGTGGGGACCTCGTCGTCGACGCCGAGGCCGACGAGCGCGTAGGCGCTCGACGAGGCGGCGATCGCGAGGATGAGCAGACCGAGCTCGGCCAGGCGGTAGGGCCTGGGCCGGGCTGCCTGGGAGACGGAGTCCGAGGTCACTGCGACTCCTGGGTGATCGCGTCGCTGGGCTCCGCGCTCTGTCCGTCCGGCGGAGAGGGCGCAGGGTCGCTCGGGTTCGTCGCATCCTCGGCGTTGCCGGAGACGGTGCCGGAGTTCGCGGCCTCCTGGCGGAGGTTGTCGATGATCCGGTCGGCCTCCTCCCGCGAATCGGCCTGGATCGATCCGCGCAGGCGGTCCTGGGAGAACGTGTTGAGCGCTTCGACCTGGATGTCGGTCGTGTCCTCGAGGCGGCTGAGTGCGATGGGACCGAGCGTCGTGTCGAGGCCCCGGTAGAGGGTGACGCGGCCGCCGTCGTTCGTCAGGTAGTAGTGGTTGCTGATGTAGTTGTACGCGAAGAAGCCGCCGACGGCGAGGGCGATGATGACGATGCCGGCGATGATCCATCCGAGGTACGAGCGTTTCTCACCCTCGTCGTCGCCGTCGAGGTCATCTCCTTCGCTCGTCTCGGTCTCGGTGTCGACGGCGGTGCGCACGGACCCGGCGGGCACCTCGGCGGTGGGCTCCTGACCGGTCTCACCGGGGCCGGAGGCGTCGGTGACGGTCTGCAGGGGA
NZ_CP065629.1_gap60	3330278	3334530	4252	GTGCCGCTGGGCGACGGGGCGCGGGCCGGAGCTCGGCGCGGGTTCGACGATGCTGTGGGACCGGGAGGCCGGGTCGTAGCCGCCGCGGTTGGCCGGCTGCGCGGCCGGGGAGCCGTCGGGGCGCTGCGTCGAGGAGACGACGCGGTACATTCCGGTGTCGAGGTCGTCGGCCTCGACGAAGTCGACGGAGACGGGTCCGACGAAGCTGTAGGCCTGCTCGATCGCGTGATCGCCGATGACCTGGCGCAGGTCGGCGCGCAGCTCGGTCTCGATGCCGGAGAGGCGCTCGAAGTCGGCGGGCGAGAGTTCGATCGTGTAGTGGTTGGCCGTGAGTGTGCGGCCGCGGGAGACGACGGCGGCCTTGTTGTCGGCCTCGCGGCGCAGTGCTCCGCCGAGTTCGACGGGTTCGACCTGCGAGCGGAAGGCCTTCGCGAAGGCGCCGTTGACGACGTTCTCCAGTCCCCTCTCGAAGCGATCGAGAATCCCCATGGCACCTCCTCAAGTCCAAGTCCGTCGTTGTCGTGGTCGGGTTCGCGGTCGAACCCGGGCACATGGTCTGTCCTGCGCTTCTGTACGGGCGTGCCCTGCTCCGACGGCGGGCGCCGTTTCGGGTACACCAACACCCAATCCTAACGCGGAGGCGGCCTCAACTCACGTTCGAAGCGCGAGAGGGACCCACCTCGGCGAGGATTCACCGTGTGCGTTCAGCCTGGCAGGACGGGCGGGACGGCACCTGAGAGCACCGAGGTGACTGATCGGTCGATGAGGAAGGATGCGACGCCCGCCGAGGAGGTCACAGGGACCCGCGCTCACCCGCCGGTGCGCGGAATGCAGGGGTCGGGCCGGGCTCCTGTGGGGTCTCACGGAGGGAGTGAAATGTGAAGGTCGCCACGTTCGGCCCGTTCCGAGCCTCTGCGGGTTTCCGGATCGGTCGCCCGCGATGATAGAGTCTTCTCTTGTTCGCGCGAGTGGCGGAATTGGTAGACGCGCTGGCTTCAGGTGCCAGTGATCGCAAGGTCGTGGGGGTTCAAGTCCCCCCTCGCGCACCAGCGGACGAGAGCCCCTCATCGGGATTCCGGTGAGGGGCTCTTCGCGTGTCCGGATCACCCGGGCCAGGGGCACACGGTCCGGGCCGCCGGGATCAGTGCCGGCCGAATCAGGGCCAGAACCACCCGCGGGTGAGAACGAGGTTGACGGCGACGAGGACCGCGAGGAGGACGAACCCGCCGAGGTGGGGCCACCGGAACTGCGGGGCGGTCTCCGCACCGGCCCCGGGACGGAACATCATCGACACCGGCGCGAACACGCCGATCGCCGCGGCCCCGGCGAGGACCGCGGTGACGGCGCCGGAGTCGTCGATGGGGCTGAGGACGACGTAGAGCGCCATGAGGGCGAGCAGCACGCCGGTGCCGAGCAGCCACGCCCACACGGCCATCGCCGTGCGATCACGGTCGCTGGCGGCGAGCTCGCGGATCGGGGCGGCGAACGCCCACGCCGTGAGCGGCAGGCCCAGCCAGCCGATGACCGTGGCGGCGATGAAGGCGCCGGGAGGCAGACCGAGCAGGGTGAAGGCCTGCGCGGTGTCGCCGGCGGGCATGAGGGCGGTGACCTGGAGGTAGCCGAGACCCTCCTGGATGCTCGTGAAGATCGTCCACAGCCACACGAGACGCCAGAACGGACGGTTCCGGAACGGTGTCAGTGCGCGATCGACGATGACCCCGATGACACCGGTGACGAAGCTGAAGACGGGGCCGGCGAGGAGGGTGAGGACGTGGGGCTCCGGCGGCGGCGCCGGGGTGTAGTCGACTCCGAACGGCAGCTGCTGCGGGTGGTAGCCGAGCAGGGCACCCATGACCGCGTGACCGGTCTCGTGGAGGAGGATCATGATCGTCGCGCCGATGACGAAGGCGAGGCTCGCGCCGAGGATCAGTCGGCTGCGGTGACTCGCAGTGGGTCGTTGCTGCGAAGTGTCCATGCCTGCATCTTCGCACCGCTCCGGCCTGCGCAAATGCTACGATTCGGTGAATTCGCAGCGGTTCGGGTCATTCGGCTGCGGTTCTGCGGCTCAGGTCACCGGGCGCTCGGCTCAGGTCACCGGGGCCTCGCGTTCTGCTCAGCGCTCCGCCTGTGCGCAGCGCTCTCCCTCCGCACGGAACCGGGGGTGCGGCCGTTCGCGCGGGTGAAGGCGCGGCTGAACGCGGCCTCCGAACGGTAGCCGAGCTCTCCGGCGAGGCGGGCCGCGGTGACGTCGGTCTCGCGCAGGCGGGACTCGGCGATGCTCATCCGCCAGCGGGTGAGGTAGGCGATCGGGGCCTCGCCGACGAGCTCGGCGAACCGCGCTGACAGCGACGACCGGGACATCCCGGCGACCCTGGCGAGCCGCTCGAGCGTCCACTCGTGGCCCGGGCATGCATGGATGGCCTCGATGACCCGGCCGATGCGCTCGTCCTGGAGGGAGCGCAGCCACCCGGCGCTCGCCTCGGCGTCGGAGTTCATCCACGAGCGGATCGCCTGGACGACGAGGACGTCGGCGAGCCGGGTCGCCACGGTCTCCGCGCCCGGCTGCGGGTGGGCGAGTTCGGCAGCGATGAGTCGCAGGGTCTCGCGCACCGAGGAGGCGACGGCGGCCGAGTCCCCGCCGACGTGGAGGACGGGCGGAAGGGCCCGCATGAGTTCGCGTGCGGCCGGATCGTCGAAGGCGACGACCCCGCAGATGAGCGTCGTGGTCCTCCCCGGTCCGCCGTAGCGCAGGCGGGAGTAGCTCTCACTGAGGTAGTCCTGGGGGAGCAGGTCGACGCGGGGTCCGCGCGGGGAATCGGGGTCGCTGAGGAGGTCATGGCCGGCCCCGTGCGGGACAAGGGCGAGATCACCGGCGGCGAGTTCGACGAGGGTGGATCCGTTGGAGCCTGCCCCCGGCAGACGGAGCCAGCATGTGCCGGCGATGAGGACGTGGAAGCTCAGCGAATCGGGGATCGCGGGCATCTCGAGCGACCACGGGTCCCCGAACTCGGCATGGCAGTAGAACGTCGACCGCATCCGCAGGTTCGCGAGCACGCGCGCGAGCCGGTCGTCCGCACCTCCCGGCGTGGGCACGGTGCCGGTGCTCCGGGGGACTGTGTCCATTCTGCTGGGGCCTGTCGCCATGACCGCATCGTCGCACACGATCCCACCGATCGTCTGCGGTTCTCGGACGATCGAGCAAGAAGTGCGGTCGTTCGGGCATGGATCGACCGAGAGGTGCTCAGTAGCGTCAGAGGTGCAGGCTGAACGGTTCGCAGAGCGGACGAGCAGCCACGGAGCAGCCACAGAGCAGAAGGGGAGAGACCATGTACGTCATCGCAGGAGCAACGGGACGCGTCGGATCGGCCACCGCGAGGGCCCTGCTCGCGGCAGGGGCCGAGGTCCGCGTCATCGTCCGCCAGGACACCGACGCGGCCGTGTGGGAGGAGGCCGGCGCCGAGGCGGTCGTCACCGCCCTCGACGACGAGGAGGGTCTGGCTGCTGCGCTGAACGGAGCCGCGGGGTTCTTCGCCCTGCTCCCGTTCGACCTCGGTGCCGACGACCTCGACGCCCACGCCGACCGGCTCATCGCCTCCATCGCCGCAGCCGTGGCCCGGGCAGCCGTGCCCCATGTCGTCATGCTCTCCTCAGGAGGCGCTGACCTGACGACGGGCACGGGCCCGATCACGGGACTCCACCGCCTCGAGGAGGCGCTGCGGGCGACCGGAACGAGGCTCACCGCACTGCGCTCGGGGCACTTCCAGGAGAAGGTCGCCGACGTCATCGACCTCGCCCGGGCCACCGGGCTCTACCCCGTCTTCGCCTCCTCCGCCGAGGTGCCCGTGCCCATGGTCGCGACCCGCGACCTCGGTGCGGCCGCCGCCCGGGCGCTGCTCGAGCCGCCGGAGACGAGCGAGACCGTCGACGTCATCGGGCCCACCCGGTCCGAACAGGAGGTCGCCGAGGTGCTCGGGCGCGGTCTCGGCCGTGAGCTCACCGTCGACCTCGTTCCCGCCCCCGCGTGGGCGGGTGCCCTGACCGAGGCAGGCTTCCGTCCGCACGTCGCCGAGAGCCTCGCTGAGCTCTACCGCGCCGACGAGGCGGGACTCCTCGCCCCGCGCGGGGACCGGTCGGTCACGGTGACCACGACGATCGAGGAGACGATCGCGGGACTCCTCGGCGCGGGCGGGACGGATCCCGGGGCAGGGGAACGGTCATGACCACGGCACTGCTCGCCGCCTCGGCGGTCGTC
NZ_CP065629.1_gap61	3338232	3341054	2822	GTCCGCACTCATCCCTGTCTCGAGCACTGGAGGAACCCATGTCGATCACCGTCAAGGCACTGCAGAAGACCGGACCTGATCAGCCGTTCCGCGTCGCCGAGATCGACCGCCGCGACCCGCGCCCCGACGATGTCGTCATCGACATCAAGGCCGCGGGCATCTGCCACAGCGACATCCACACGATCCGCAACGAGTGGGGCGAGGCGAGCTTCCCGCTCACCGTCGGCCACGAGATCGCCGGCGTCGTCTCCGCTGTCGGATCCGAGGTCACCGAGTGGAAGGTCGGCGACCGCGTCGGCGTGGGTTGCCTCGTCAACTCGTGCGGCGAATGCGCCGAATGCCTCGCCGATCAGGAACAGAACTGCCTGCGCGGCAATGTCGGCACGTACAACTCGACCGACGTCGACGGCACGATCACGCAGGGCGGCTACGCGGAGAAGGTCGTCGTCAACGAGCGCTTCGTCCTCCGCATCCCCGACGGCCTCGACTTCGACGTCGCCGCCCCGCTGCTGTGCGCGGGCATCACGACCTACTCGCCGCTCCACCGCTGGGGTGCCGGCGAGCTCAAGGACGGGGCGCCGAAGAAGGTCGCGGTCCTCGGGCTCGGCGGGCTCGGGCACATGGGTGTGCAGATCGCCGCGGCAATGGGCGCCGAGGTCACCGTGCTCTCCCGGAGTCTGAAGAAGGAGCAGCTCGCGATCGACCTCGGGGCCACGCGGATGCTCTCGACAGCGGAGGAGGACTTCTTTTCCGACCACCGCGGCGAGTTCGACCTCATCCTCAACACGATCAGCGCGGACATCCCCGTCGATAAGTACCTGCGGCTCCTCGCTCCGCGCGGGGTCATGGCCGTCGTCGGCCTCCCGCCGGAGAAGCAGGAGCTCTCCTTCGGTTCGCTCATCGGCGGCGGCAAGGTGCTCGCCGGGTCGAACATCGGCGGCATCGCCGAGACCCAGGAGATGCTCGACTTCTGTGCCGAGCACGGCATCGCCGCCCAGATCGAGACGATCGGGATCACCGAGGCGGATTCGACCTACGACCGGGTCGTCGCCGGTGAGGTCTACTTCCGCGCCGTCATCGACATCGCGACCCTGAACGACGCCGAGGTGGAACCCGCACTCTGAGGCTGGGGCGCTTCGGCGCCGGAGTGCCGGTCAGAGCCTTCAGCGCCGATTAGAGCAGCGTCGCCGCCGACGCGAGGAGGGCGAAGGCGGCGACGATGACGGCGACGCGGACGATGTGGAGCCGGTCCCACCGCCCGATCTGCTCTCGCCAGTCCGCGGGATGGGACTCGGCGCTCCACGTCCGGGTGCGGTTGTTGATCGGGACGAGCAGGGCCACAGACATGATGACGCTGCCGGCGAGCAGCACGGCGGCAATACCGGCCGTCCCCGCCGATGCCGAGCCCCAGGTCAGCGCCGCGAACGCGCCCGTGAGCACGAGCGAGGCGATGTACCACACGGGCATCACCGCCCCGAGCATGCGGGCACCGTCGGCTCGGGCCGTCAGCGACGGGCCGGCGGGCAGGCGCAGGGTGATCGGATTGACGACGACGGCGACGGCGAGCTCGACGCCGACCATGATGCCGACGATCGTCGTCGCGAGGATTCCGAGAATGACGTCCACGGTGCGGTCCTTCCAGTGACATGTGCTGGTGCTGGTGTGATCGCGTGTGCTGGTTCGGGTTCGCGCTCGTGTGCTGCCTCGAGTGTTCTTCGGCGCCTTCGACCGAGCCATGCTCACAATCTAGCAATGCTAGGAATTCTATCATTGCTAGAGTAGGGCGGGACGGACAGCGGCGCAAGGGAATCGAGGGAGGCTGGCGGTGACGGACAGACAGACACGACTCGACGAGCGGCGTGCCGCGATCCTCGCGGCCGCCCGCACAAGCGCGGACTCCTCAGGCTGGTCGGCGGTGACGACTCGGCGCCTCGCCGAGGCGATCGGCTATTCGCAGCCCGTCCTCTACGGCCACTTCCCCGGAGGCAAGGCCGAGATCATGCGCACCGTCGCCCTCGACGGGTTCACCGACCTGCGGCAGCGGTGCCAGGCGGCGATCGAGACGGCGGGCGCTGAAGCTAGACCCGATTCGCGTGGGGTCGTCGAGGCGCTCGCCCACGCCTACCTCGATTTCGCCGACGCGCACCCCGCCGTCTACGAGGCGATGTTCGCCGAGCCGATCGGCGCGCGCTTCGCCGAAGCGGACAACGAACCCGAGCTCAGGGACACCTTCACGGTGCTTGCCGACGTCATCGGCGAGGACACCGCGACCGAGGTCTTCTGGGGTGCCCTGCATGGGATGAGCCTGCTCGAGCGCGCCGGACGGATGAAGACCGCGGACCGGGCTCGGCGGGTCGCCGACCTCAGCGCGCGCTTCGCGTGAGGCCTCGTGCCGTTATGCGCCGGGGCGGACCGGACCCAGAGGCCCGCCCGGTCACCGGTCCGTCTCAGGATCGGCCCGTACTCTGACGGGGATGAGAGGCTATAGGCAGCGCGTGCGCACGGTTCCTATGGGCCTGCTCATCCTCTACACCGCGTTTATCGCCCTCATCACCCTCACCCCGCAGCAGCTCGACACGTCGCCGGGGTCACCGATCGCCCGCCTGCTCGCCTTCTTCGCCTCCCATGAGGCGACGGAGTGGCTGAGCTACGAGCGGGTGGAGATGCTTGCGAATGTCGGACTCTTCGTGCCCTTCGGGTTTCTGCTCGCATTCCAGCTCGGCGTGCGGCGCTGGTGGATCGGCTGGGTGGCCGGTGCCGCGTTCACCTGCCTCATCGAGGCCACGCAGCTCACCCTGCTCTCCCCGACGCGCTTCGGAACG
NZ_CP065629.1_gap62	3344124	3348680	4556	ACTTGTCGGTCAGATCTGCTCGTTTCGGCCTCGCCGACAGAGCTGCCCGCCCGACCTGTGGACAGCCTCCCACCGAGCTGAGCGCGCCACTCAGACTCCGTTCCTAGACTTGGGCGCTCAGGACTGGGCCCGGACTCGGCGCTCAGGACTGGGCCGGGACGGGGCGAGCGAGGATCGACGAGGTGACGATGGATCTCAGGCAGGGCGTGGAGACGTGGTGGGAGGCCATCACGTCCGGATTCGGGCGCGGGGACGGACTCGAGCTCGGGCCGACGCAGCTGCTCATCATCCTCGGCGTGCCTCTGATCATCACGATGACGCCGGCGATCTGGCGGTTCTTCGGGCTCTTCGTCACCTTCGTCCACGAGCTCGGTCACGCCTTCGCGGCGCTGACGACCGGACGGGTCGTGCGCGGGATCTCGCTCAACTTCGACCACTCGGGGCAGATGAACTCGTTCGGTCGGGTCGGCTTCTCCGCGACATGGGCGGGATTCTGGGGATATCCGGCACCGGCGGTGCTCGGATTGGTCCTCATCATCTCGGCGATCTACGGCTGGGCACCGCTCGCGCTCTCACTCGGGGCACTCGTCCTCCTCATCGCGCTCATCTTCATCCGCAACGTCGCCGGCGTCGTCATCGCCGTGTGCACGGCCGTGGCCGCGCAGTTCCTCGTCGTCTTCCTGCCGCCCGAGTGGATCGCGGTCTTCGTCGCCGGGCTCGGCGTCGCGCTCGCCCTCGGCTCGCTCAAGGACCTCGTCAAGGTCATCCGCGTCCACACCCGCCGTCGGAACGTCCAGCAGTCCGACGCGTTCATCCTCAGCCGCGGCTCCGCGATCCCCGCGGGCGGCTGGCTCACCCTGTTCGCCCTCGTCATCGTCGGGTGCGCGATCGGGTCTGGACTCCTCCTCTACTCGGCGTTCGTCGTCTGATCCCCTCGCCGAGGCGGGGCTTGCCCCCGAATCCCGACCGTCGTCGGGATCCCTGGTCAACCGGGGTTCCACCGGACTGGATCTTCCCGGTGATCCGAGTTTCCTCAGGCGCCGGAGTTCCCAAGGAGCCCTCGTTCCCTAGGACCGGGGTTCCGCGGGTGGCCGGAGGTCCCAGGGCCGCCGAAGATTACAGGGCGACCGGGCGACCGCAGTCACTGGGGACCGGGCCACCCCAACGGCGGTGCACGATTCGTGCGGGCGGGCACAGCCGCCTCGGCGAGGGGATGCTCCACCTCCCCGCCTGGACGGTCGGCAGGGACCGGTGCACGGAACCCCCGCGTACGGCGCCCACGGTGGGATGACAGAATCGGACTATGGATCTGAGCCCGAAGTTCGCTGCCGTGCTGTTCGACTGTGACGGCGTCCTCGTCGATTCCGAGAGCATCACGAACGAGGTGCTGCGCGGGATGCTCGCGGACATGGGATGGGACCTGACCCAGGAGGAGGCCGTCGCCCGGTTCGTCGGCAAGATGCTCCGCGACGAGGCCGACGTCATCGAGGAGCACACGGGCGTGCGGATCGACGCCGACTGGCTCGCCGACTTCCGACAGCGACGCAACGTCGAGCTCGAGGCCCGCCTCGAGGCGATCCCCGGCGTCGTCGACGCCGTGCACATCATCGAGAAGGCCTACCCCGGCAGGCTCGCGTGCGCCTCGAGCGCCGACCGGCCCAAGATCGAACTGCAGCTGAAGAAGATCGGCCTCTACGACGTCTTCAAAGGACGGATCTTCTCCGGCATGGAGCTGCCGCGGTCGAAGCCCGCCCCCGACGTCTACCTCGCCGCCGCGCATGCGCTCGGAGTCGACCCCGCCGAGGCGGCCGTCATCGAAGACTCCCCGACCGGCGTCATCGCGGGGCGGGCCGCCGGATCCTACGTCTTCGGCTTCTGCCCGCCGTCGCCCGTGCACCAGACGCCCGAGACCCTGCTCGCCGCCGGCGCCGACGCGACCTTCGACTCGATGGCGGAGCTGCCGGGGCTGGTCACGCGCGAGGGGTGAGGGCGGGGACTGGGTTTCCCACCTGTCCGCCTCTGATTCCAGAACGGCGAATTGCACTCTGGGCTGCCGATTCAGCCTGCTCGGCCGTGCAGTCGGCCCGTCCTTTCAGCCTGCCGATAGGTTGCCCCAGCCTGCCGATTGGCAGCCGAAAATCACTGAGCTTCCGAAATTCAATGAATTCGACGTTCGAAGAGATTTCGAAAAAAGGATTGACACGATTTGTGACGTGACCTACACTGGAATCAACGATCCACACTGAAGTGGAAAGGCAGGTGACCGGCAGTGGAGGACCCTTCGAACCCTGATGGGGCCGCTTGCGATGCCGCTGGTGGTGACCAGCCGAATCAGCCGCGCACTCCTCGTTTCGATGTCGACCCCGATTCCCCGTTCGCCGACGCCCTTTCTGTCTACACCGCCTGTGACCGCGCGCATTTCGACGCGATGCGGACCACTGCCGGGCTGTTCCTCGACGAAGTCATCGAGCACCTCCGCCTCCTCAATCCCCGGCCCGATGAGCCCTATGCACATGCGTCGTTCATCGACACCGCCCACAGGTATGAGGTTCCCGAGAGCGACGAGCTCGAAGGCCCTTCGAACAGTGGTGCGTCTGCGGAGGCTGTGACCGACGAGGGTGAGTCCGCGAACTCCGATGTCCGTACCGACGAAGCGGAGTCCTCGAACGCGGACAGACCCACCGATGCCTCCCCCGACGAAGCAGCTGTCGGCGCTGCCGGCGAAGCAGCAGTCTCTGCAGCAGGACTCGGTGGAGCAGGACTCGGCGCAGATTCCCCGGAACCCGAGCATCTGCCGGGGTTCCCGCGGTTTCGGCCGGACTCGACGTTCTACAACTGGGTGCACATGTACTCCCACACCGAGGACCTTGCCGAATTCGCCACCGTCCTCGGCGCGACGACCTCGCGCACCTACAGCCACGTGACCGCGTCGATGATCCTTGTTCACGGGCTGCCGCAGTTCTATCAGCGCTGCCTCGACGGCGAGTTCACCATCGAACACGTCAACGTCGCGACGCGGCTGTGCCAGGACGTGCGCTTCGCACTGCTGCCGAACATCGACGACTACCTTGCCGGGAGGCGTGCCGACATCACCCCGGAGACGTTCGCGAAGTCCCTGGGCACACGGATCAATGCGATCCAGCCCGAACCCGATCGCACGAAGACGGCGCACGAGAAACGACGGGTGTCCATTACGACGTATCCCGACGGGACTGCCAGCGTCTCCCTCGTCGGACCCTCGGCCGACCTGCAGGCCTACTATCTGCGGATCGAGGCATTCGCGAAGGCGATCCGCAACGGCAACACGGCCTGTTTCGCCGACCAGCTGCCCGAGGGTGCCGTCATCGAAGACGATCGTGCGATCGACGCGCTGATGTTCGACATCGCCACATGCACCCGTCCCCAGGTCCGCATCGAAGTCCTCGCGGAAGACACCGAAACTGGGGCGACGACGACTCGGCAGATCCCGCTCGACCTCGAGCACGTCCGCAGCGTCGACGACATCGATGATTCCATCGCCGAGGCGGTCGACACCGCCACGAGCATCCCGGCCGGCAAGAGCACCGCTTCGGTCGGCGGCGGAACCGGGGACGGGGCCGAGGACGACGCCCGGGCCGGCGCTGACGGACTCCGCGCTGACGGACTTCCCCATGACGGTTCCGGCAGACTTGCCGAGTCCGATGGCATCGTCGCCGAGGATTACGAGCTGGACTCCGGTTCGGTCGTCGATCGCGACGAACAGGGTCGCAGTCGCATCAAAGTGCTCGTGTCGATGCCGACGGGTCCGTACTGGTTCGGCCTGCAGGCGAAGATGATCACCACCGTGCCCTGTATGACTCTTCTCGGACAGTCCGACCTGCCCGGCGCCTTCTCCGATGGGTCGCCGATCCCGGCGGAGACGGCGAGGGCGATCGCTGGCCAGTGCTCGACCTGGACCAGGATCCTCACCGATCCTGCCACCGGTACTCCCATCGACGCCAAGGCCAAGAGCTACTACATCCCGCAGTCGGTGCGACAGACGCTGGTGACGAAATGGCAGAGATGCACGATGCCCGGCTGTCGACGGCGAGCGGAGTCCTCCGAAGTCGATCACATCATCCCCTACAACCACGACGATCCGGCCACGGGCGGACTCACCGTGTTCGGCAACCTCCACCCGCTGTGCAAGAAGGACCACCAGGCGAAGACCGACGGGAAGTACTCGGTGAGCATGGACGAGAACGGCGTGCTGGAGTACCGATTCCCGCACGGAATCAGGGCGACGGTGGCTGCAGGGGACAACCCTGTCAACATCGAGAACGCTCGGCTGATGGGTGACGCGGCTCGGTTGATGGGCGACGGGGCTCAGAGCGTGAGCGGGAACGTGGGAGACGCTCCAGCGACAGACGATGGCGCGGGCACTTTTTCGGAACGAGGCAGCAATACGGGCGGCGACGGTGGCTCGGAGCGCGACAGTGGCTCGCATAGCGATGCAGTCACTCCTGTGCCGGAACCGGGTGACATCATGTTCGCTGAGGAGTGCCCTGGGCCCGAAGGAAGCGTCGGCTCTCCAGGCT
NZ_CP065629.1_gap63	3351781	3354803	3022	CCGCCGCCTCGTCGAAACCTACCACGAGCGCGGTGCCGGCGCGCAGGTGCAGATCGGCCTCGCCCCGTGTTCCCCGTTCTCGGTGACCACCGAGCTCATGCGCGAGTCCGCGGCGCTCGCCGCCGACCTCGACGTCCGCCTCCACACCCACCTCGCCGAGACCCTCGACGAGGAGGACTTCTGCCGCGAGCGCTTCGGTCTGCGCACCGTCGACTACCTCGACTCGGTCGGCTGGCTCGGCGATCGCACGTGGCTCGCCCACGGAATCCACTTCGACGACGAGGAGATCGCCCGCCTCGGCGCGGCCGGCGTCTCCGTCGCCCACTGTCCGACCTCGAACATGCGCCTGGCCTCGGGCATCGCCCGCGCCGTCGAACTCGAGGACGCGGGCGTCCACGTCGGCCTCGGCGTCGACGGCTCTGCCTCGAACGACGCCTCGAACCTCATCCGGGAGGTCCGGCAGGCCCTCTACCTCCAGCGTCTGCGCTACGGCGCCGAGGCGGTCACGTGCGAGCGCGTCCTCGACTGGGCGACCGCGGGTTCGGCGGCAGCGCTGGGCCGCGACGACATCGGCACCATCGCGGTCGGCAGGCAGGCCGACCTCGCGCTGTTCCGCCTCGACGGCCTCGCGTTCTCCGGCTCCCATGACCCGATCCCCGCCCTCGTCCTCTGCGGCGCGGAGAAGGCCGACCGCGTCATGGTCGGCGGGCAGTGGCGCGTGATCGACGGTCACGCGATCGGCGCGGACGGGCAGGCGCTCGACAAGGAGGCCCTCATCGCCGCCCACCGGGAGGAGGCACGCCGGCTCGTCAGCGGGTGAGTCCTGCTCACCGCTCCTTTGTCGAGCCGTTCCCCTCGAGGAATCCGCGCAGGAGCTGCTCGGTGCCCTCGGCGTGCTGGGCCGCCAGCGTCGCCGCCGCCTCGGCGTCATGGTCGAGGATCGCTGCGACGAGCTGCTGATGCTGCGTGCACGAATGCTCGACGTTCGTGTGGATGAACGGAATCCGATCGAGCAGCGCATTGATCCGGTCCCGCGTCGTCGCCGCGGCATGCGCGAGCGACGGGATGCCCGTGAGCTCGGCGATCGTCAGATGGAAGCGGGCATCGAGGGCGCGGAACTGCTCGATGTCCTCGGCCGAGGACCCCAACGGCATCCAGCAGCTCCGCTCCGCGGAGATGAGCCTCTCCCGCTCCTCGGCGCCGAGTTCGCGCTCGGCCACGATCCGTGCCGCCGAGGTCTCGAGGATGTGCCGGAACCGCACCGCATCATCGAGCTCGCCGAGGTCGACCCCGGCTCCCGTGTCCGCGCTCGGCAGCCGGGTGACGAAGGCACCTCCGTACCGGCCCCGGCGGACGTCGACGACGCCGGCCGTCTGCAGTTCGCTCAGCGCCTGGCGCAGGGTGGCCCGTGAGACGTCGATCCGCGCGGCGAGCTCCCGCTCGGGCGGCAGCTTGTCCCCGACGAGGTATTGGCCGAGGCGGATCGCGCGCAGCAGCTCGGCGATCGTGTGTTCGAAGACGTTGCCCCCGCGCATCCGGGCAGGGCGAGTGGGGGAGTCAGCGGCGCTGGGCTCCTCGTCCCCGTCATCGGCAGTCCGTTCCACGCTCAAACCTCCTCTCACCTCGACTTCCCTCTGCGGCCTCGACGGAGCTCGTCTCGACCTTCGGCAGATCCTTGACACCGTGATCTGGGTCATACTACATTCGACCCCAGCCAATGGTCTGATTGTGATCCATTGAACGTGATGGGGCGGATATGAGCAAGAACATCGAGTACGGCAACGTCGACGAGAACTACCTCGAGAAGCGGCAGCTGAAGAAGGGCGCGGCCGGGTGGATCCTGCTCGCCGGCCTCGGCGTCGCCTACGTCATCTCCGGTGACTTCTCCGGCTGGAACCTCGGCCTCGCCGAAGGCGGCTGGGGCGGTCTCCTCATCGCCTTCCTCCTCATGGGGCTCATGTACGTGTGCATGGTCTTCGGCCTCGCCGAGCTCTCCTCGACCCTGCCGACCGCGGGCGCCGGCTACGGATTCGCCCGCCGCGCGCTCGGCCCGCTCGGCGGCTTCGCCACAGGCATGGCGATCCTCATCGAGTACACGATGGCTCCGGCGGCGATCTCGACGTTCATCGCCGGCTACGTCCAAGCCCTCGGCATCCTCCCCGAATCCGTCCCCACGTGGACGATCTACCTCGCCGCGTACGCGATCTTCGTCGGCGTCCACCTCTGGGGCGTCGGCGAGGCGCTGCGGCTGATGTTCGTCATCACCGCGATCGCCGTCATCGCCCTCATCGTCTTCGTCGTCGCCGCGGTCGGCCACTTCGATGCCGCGAACCTCTTCGACATCGAACCGACGACCGCTCTCGGCTCGAGCGCGTTCCTGCCGATGGGCTTCAGCGGTCTGCTCGCCTCGCTCGTCTTCGGCATCTGGTTCTTCCTCGCGATCGAGGGCGTGCCCCTGGCCGCCGAGGAATCCGCCGACCCGAAGCGCGACATGCCCCGCGGCATCATCACCGCGATGGCGATCCTCGTCGTCTTCGGCGCCCTCATGCTCCTTCTCGTACCCGGCATCGGGGGCTCGGCGGCCATGGGCGAATCCGACAACCCGCTGCCCGAAGCGCTGCGCTTCGTCTACGGCGAGAACTCGTGGCTGGCGACCTTCGTCAACTGGGCAGGCCTCGCGGGTCTCATCGCGAGTTTCTTCTCGATCATCTTCGCCTACTCCCGCCAGCTCTTCGCCCTCTCCCGCGCCGGTTACCTGCCCAAATGGCTCTCCCTGACCGGCAAGCGCAAGACCCCGGTCCTCGCGCTCATCGTCCCCGGCACGATCGGCTTCCTCATCGCCGTCCTCTCCGGCGGCAACGGCGGAGTCCTCCTCAACGTCGCCGTCTTCGGCGCCACCGTCTCCTACGTCCTGCTCAACCTCTCCCACATCCGGCTGCGCTTCAAGGAGCCGGACCTGCCTCGCGGCTACCGCACCCCCGGCGGTGTGGTGACGACGGGCATCGCACTCGTGCTTGCCTCG
NZ_CP065629.1_gap64	3357539	3361237	3698	TCGAGGTCGCCAACGCCGGGCACACGATCTCGAACGCGACGTGGGAGGCGGGCAACGTCCGTGACGTCATCGAGTACTTCGCGGCGATGCCCGAACGCCTCTTCGGCCGGCAGATCCCCGTCGACGGGGGAGTGAACATCACCTTCGCCGAACCGCTCGGGGTCGTCGGGGTCATCGTGCCGTGGAACTTCCCGATGCCGATCGCCTCGTGGGGGTTCGCCCCCGCGCTCGCCGCCGGCAACACCGTCGTCCTCAAACCGGCCGAGATCACCCCGCTCACGGCGATCCGCATCGGCGAACTCGCCCGCGAAGCCGGGATCCCCGAGGGTGTGCTCACCATCATCCCCGGCAAGGGATCTGTCGTCGGCGAACGCTTCGTCACCCATCCGGCCGTGCGGAAGATCGTCTTCACCGGCTCCACCGAGGTGGGCAAGCGGATCATGGCCGGCTGTGCGGCGCAGGTGAAGAACCTCACCCTCGAACTCGGCGGCAAGAACTCGAACATCGTCTTCGACGACGCCGACATCGCCGCCGCTGCGGCCGCGGCCCCCGGGGGCGTCTTCGACAACTCGGGACAGGACTGCTGCTCTCGCTCGCGGCTGCTCGTCCAAAGGGGGATCTATGACGAGTTCATGGCCGCCCTCGAGGAGTCCGTCGGAGACTTCGCCGCCGCCGATCCGACGCTTCCGGACACGGCGATGGGACCGCTGGTCACCGCGGCGCACCGGGACAAGGTCGCCTCCTACGTCGCCGCCGGCGAGGTCGCGTTCCGGGGAACGGCACCGGAGGGACCGGGGTTCTGGTTCCCGCCGACCGTGCTCACCCCGGCTTCGACCTCCACCGCTGACTTCACGGAGGAGATCTTCGGTCCCGTCCTCTCGGTCGTGCCCTTCGACACCGAGGCCGACGCCCTGCGGATCGCCAACGACACCGAGTACGGGCTCTCGGGCTCGATCTGGACGAACAGCCTCGACCGGGCGATGCGGGTCTCCCGCGGGGTCGAGGCCGGGAACCTCTCGGTGAACTCGCACGCCTCGGTCCGGTACTGGACGCCGTTCGGCGGGTTCAAGCAGTCCGGGCTCGGCCGCGAGCTCGGCCCCGACGCGGTCGCGTCATTCACGGAAGTCAAGAACGTCTTCTTCGCGACCCGGCCGGGGGAGTGAGCCGGGCTCGGCGAGTGAGGCTCGTGCGTCCGGCACACTCCGAGCCCAACTGACCCACCGCATCATCTGATCCACCAACTCAGACACATCACCAAGGAGAACCATGACCACAGCGGCAACCCGACTCAAGGACAAGGTCTGCGTCATCACCGGCGGTGCCTCGGGCATCGGGCTGGCGAGCGCGAAGCGGCTCGCCGAAGAGGGCGCGAAGGTCGTCATCGCCGACCTCGACGAGGCTCGCGGCCAGGAGGTCGCCGAGGAACTCGGCGGGCTCTTCGTCCGCGTCAACGTCGCCGACGAGGAGGATGTGAAGAACCTCTTCGACACCACCGTCGAGCACTACGGCCGGGTCGACGTCGCGTTCAACAACGCCGGCATCAACCCCACCGAGGACAATTCGATCCTCACGACCGACCTCGCCGCGTGGCAGAAGGTCCAGACGGTCAACCTCACCTCGGTCTTCCTCTGCTGCAAGTACGCGCTCACCCACATGGTCAGGCAGGGGTCGGGATCGGTCATCAACACCGCATCGTTCGTCGCCCTCATGGGGGCCGCCACCTCGCAGATCTCCTACTCGGCCTCGAAGGGCGGGGTGCTCTCGATGAGCCGAGAACTCGGGGTCCAGTTCGCCAAGGACGGCATCCGCGTCAACGCCCTGTGTCCCGGACCGGTGAACACGCCGCTGCTCCAGGAGCTCTTCGCCGCCGACCCCGTGCAGGCTCAGCGCCGCCTCGTCCACGTGCCCAGCGGCCGCTTCGGTGAGCCCGAGGAGATCGCCGCGGCCGTGGCGTTTCTCGCCAGCGACGATTCGACGTTCGTCAACGCCTCCACGTTCACCGTCGACGGCGGCATCACCTCGGCGTACGTCACTGCGGAGTGAGGGCGGCGGCTGAGTTGGGGCGTGCGGGGCTCTCGGTCAAGCCGGAGCGCACTTTTCGGGCGTTCCTCGCATCGCAAAGTGCTCGCCGGCTTGACCGAGGAGAATGAGGCCATGGCAGACGTGAGGATTCTCGTCATCGAACACGAGAAAGGCACCGGTCCTGAACGCTTCGGGCAGTGGCTCGAGGAGGCCGGCGCCGAGGTGGTCGTCGTCCGTCCGTACCTCGGCGAGGCGATCCCGGCCCCCGGCGACTACGCTGCGCTCCTCGTCCTCGGCGGCGCCGCAGGTCCCCTCGAGGACACGGCGAATCCGTGGTTTCCGCAGGTGAGGGAGCTGCTGCAGCGCTCTGCTGGCGGTGAGTTCCCGAGCTTCAACGTCTGCCTCGGCGGGGAGCTGCTCGCCGCGGCCACGGACGCGCGGATCTCCCGGCGGGAGCGCCCGCAGATCGGGATCTACGATCTCCGCACCACCTCGGCGGGGGAGTCGGACCCGGTCTTCGCCGCACTCGCCGGACGGACGCTGCCCTCGGTGCTCTTCCATCAGGAGGAGATGAGCCTGCCGGAGGGTGCGGAACTCCTCGTCACCGGCTCGGACGCGCCTGTGCAGGGGTTCCGGGTCGGCGAGTTCGCGTGGGGGACGCAGTTCCACCCGGAGACCGACGCCGTGCAGATCGCCCGCTGGCTGTCCTCGGACTCGGTCCCGCTGCCCGAGGGGAAGACGGCCGAGTCGATCGTCGAGGAGGTCCGCGCCGCCGACGCGGAGCTCATCGCGTGGGGCCGCGAGCTCGCGCAGAGATTCGTCGAGTATCTGCGCAGGCGAGAGGGCCGAAACGGCGCTGGGGCGGATGACGTCAACCTGACAACGAGCTGAGCGCTTGTTAGGTTGATGCTGGGTGCCGGTCCCGGACCGATCCTCCGGACGAATCCCTCACTCGCACCCGTGCGCATGAATTCCATAACTGAACACCTGTCCCAGCTCTCGGCCGTCGAGGCCCCGACCGGCACACTCCAGGCCGCCGACACAGTGCAGGCCGCCGGAATCGACCAGGCGATCGAGTCCTTCCTCGGGCCGATCGCGCAGACCTTCAGCAGCATCGTCTTCTTCGAGCTGCGCATCGGCGACCTCGGCATCCCGCTCATCGTCGTCTGGCTCATGGCCGCCGCGGTCTTCCTCACGATCTACCTCCGCTTCCAGCCGGTCACAGGTCTGAAGTACTCGCTCGGCATCATCCGCGGACGCTTCACCCGCAAAACCGACCCCGGTCAGGTCTCGAGCTTCCAGGCGCTCGCCACCGAGCTCTCGGGCACCGTGGGCCTGGGCAACATCGCGGGTGTGGCCGTGGCGATCACGGTCGGCGGACCGGGCGCTGCGCTGTGGATCATCATCTTCGGCTTCTTCGCGATGACGGTGAAGATGGCCGAGGCGACGCTGGGTGTGAAGTACCGGCGCATCAACGACGACGGCACGGTCGCCGGCGGGCCGATGTACTACCTCCGCGACGGACTCGCCGAGATCGGAGGCCCGAAGCTCGGGAAGTTCTTAGCCGCGTTCTACGCCCTCACCGCGGTCATCGGCGTCATCGGTGCCGGCAACCTGTTCCAGGCGAACCAGGCGGCGTCGATCCTCGTCGGCGCCACCGGGGGCGAGGACAGCTT
NZ_CP065629.1_gap65	3459848	3464071	4223	GAACATCAAACTCGTCGTCTCCGCCTCCGAAGGCCACTCGCAGGCGAACTCGGACGCACCGATCGCCCAGGCCACCGAACGCCTGCTGGCCGCCGCCGACTACGCCCGCGACCACGGCGTGCGCTTCGACATCACGACGGCCGTGAGCTTCATCTGCCCCTTCGACGGGATCACCGATCCCGACCGCCTCGTCGAGGTCATCCGCCCCTTCGTCGAGGCGGGCGCCTACGGCATCGGCGTCGCCGACACCATCGGCAACGCCAACCCCTCACTGGTGCGCCGGAACACCTCGGCGGTCATGGAGGCTTTCCCGGGGAAGTCGGTCGGCCTCCACCTCCATGACACGTACAACTTCGGGATGGCCAACGTCATCGCCGCCCTCGACCTCGGCGTCGAACACTTCGACGCCGCGATGGGCGGCCTCGGCGGCTGCCCGTTCGCTCCGGGCGCGGCCGGGAACATCGGCACCGACGACCTCGTCCACCTCCTCCACCGCGAAGGGGTCGCGACCGGCGTCGACGTCGATGCGCTCGCCGAGGTGCGGGCACCGCTCACCGCCGCCGTCGGCCACGAGCTGAGCTCGAGCCTCTCCCAGATCCCCGCCGTCCCCGCACCCTACCGCGGCTGATCATGATCGACGAGGACCCGCACACCAGCACCGAGGCGGCGGCCGTCGACGCCGGACCGAGCGAGCCCCTGCCCCTGGCCGGCGTCCGCGTCGTCGAGTTCTCCCATATGGTCATGGGCCCGAGCTGCGGGATGATCCTCGCCGACCTCGGCGCCGAGGTGATCAAGGTCGAGCCCCGCGGGGCCGGCGACAAGACCCGCTACCTGCCCGGCTCGGGCTCCGGACTCTTCCCCGCCTTCAACCGCAACAAACTCAGCGTCCAGCTCGACATCGCCGAGGCGGCCGACCGGGAGGTCGCCCTCACCCTCATCGACTCCGCCGACGTCCTCCTCGAGAACTTCCGGGTCGGGAAGATGGAGTCGATGGGCTACGGGTACGACGAGCTCGCCGCCCGCAACCCGCGCCTCATCTACGCCTCCCTCAAGGGATTCCTTCCCGGTCCCTACGGGCAGCGCACCGCCCTCGACGAGGTCGTCCAGATGCTCGGCGGGCTCGCCTTCATGACCGGTCCTCCCGGTCAGCCCCTGCGGGCGGGCGCAAGCGTCAACGACATCATGGGCGGGATGTTCGGGGTCATCGGCATCCTCTCCGCCCTGCGGGTGCGCGAGCAGACCGGCCGCGGGCAACTCGTCAACTCCGCCCTGTTCGAGAACAACGCGTTCCTCGTCGGCACCCACATGGCGCAGGCCCAGCTGAGCGAGGAGCCGCTGCGGCCGATGCCCACCCGGCGGGCGACGTGGGCCGTCTACGACATCTTCCTCGACCGGGACGGCAGCCAGGTCTTCGTCGCCGCCGTCAGCGACGGGCAGTGGCGCGACCTCTGCGACGAGTTCGGGCTCACCGACCTCGCCCGGGATCCCGCGCTCGAGCACAACCAGGGCCGCGTCGACCAACGCGAGCGCATCCACGCCGAACTCCAGGCCGCCCTCTCCCGACTCAGCCTCGCCGAGATCGAGGGGAAGTGCACACGCAGGGGCCTGCCCGTCGCCCCCGTCAACACCCCCGCCGACCTCACGAGCGACCCCCACCTCGTGGCCTCGGGAGCATTGGCGGCCACGGGCCTGCCCGACGGGGAGAGCGTCGACATCCCGCTGCTGCCGCTCACCTTCGACGGACAGCGACTGGGCCTGCGCCGCAACGTCCCCGCCCCCGGTGAGCACAATGCGGTCTACCGGGACGGGAACTCGGGCACCCCTCCCGACCTCCCGGACGTCGACCTCGGCGAGGAGAGGACGCAGTCGCAATGACGGGAACACCGCGAGCACCGCAGGCGCGAGTACCACGGACACGAGCACCGCAGTTATACGACAACACACGATGACAGGGATCTGCAGGCAGCTGCAGCTGATCAAGGAGTGGCAATGCGATCAACGACGATCACAGGCACAGGTCGGACCACCTCGGCGAGGGAAGGTGCGCAGAGGAGACGGTGGGCAGGCGTGGGGGCCGCGCTCGCCGCGACGGCGCTCGTCCTCTCCGGATGCCAGGGCCGAGCCCAGCCGCCGGGGGAGGGCGGGGACTACCCGTCGGGACCGGTGACGGTGACGGCCCCTGCCGAACCCGGCTCGGGCTGGGACACGACGGCGCGCGCCGTCACCGAGGCCCTGCAGCGCGACGAACTCGTCACCACGCCCCTGCCGGTGCAGAACCGGCCGGGCGGCACGGGCTGCACGTGGCTGACGACGATGATGCAGCAGGACAAGGGCAAGGACGACCAGATCGCGATCACCTCGCTGGCGAGCCAGACGATGAAGGCGCGGGGTCTGTGCGAGTACGGGCCGCAGGACGCCACCCTCATCGCCACGCTCTACGTCGAGGACTTCATCGTCGTCGCTCCCAAGGACAGTGACATCGCCGACCTCGACGGCCTCGTCTCCGCGCTCAAGGACGACCCGCAGGCGGTGACCGTGGCCGCCGCCGGCGACGACACGCTGCCGTTCGCGCTCTTCGCGAAGGCCGCAGGGGTCGAACCCGCCGACGTCAACTTCGTCAACTACGACGGCGGCGGCGAGCAGACGACGGCGATGCTCAACGGGGATGCGAAGGTCGCGATCGCCGGACTGAGTGAATTCCGGTCCGTCCTCGAATCCGGGGACATCGTCCCCCTCGTCACGTTCGCCCAGAAGCCGCTGCTCGCCCCGTTCGAATCGGTGCCCACCGCGATGGACTCCGGCTACGACGTCACGCTCGGCAACTGGCGCGGGGTCTACGGTCCCGCGGACATGCCGCAGGAGGCCGTCGACTACTGGGCGACGACGCTGGAGAAGATGAGCACGTCGACCACGTGGGAGGACACGGTGAAGAAGAACCAGTGGGCGCCGGAGTTCCGGACCGGTGAGGACGCGCAGAGCTACGTCGACGAAGCGGCGAAGACGGTCGAGGAGGGTGTCAAGGAGACCGAACTGGGCACGGACAAATGACCGCGACCCGGCGCGATCTCGTCACCGGGATCGTCATCACGGTCATCGGGGTCGTCTACCTCTCGGCGACCTTCTCGATCCGGGAGACGGCCGACATCGTCACCCCGCGGACCTTCCCCCAGATCGTCGGCGCCGGGCTCATCGTCCTCGGCCTCTTCCTCGCCGGACAGTCCGTGTGGAGTGCTCGGACCGGGCAGGGTCGGACCCACCCCGCCGAGGCGGAGGCCGGGTCCCTGGGTGACGGCACCACCGAACCCACCGGCGGTGTCGTCATCGAGGCGCCGCCGGAGCCGGCGGGGCGCAGGGTCCTGGTCCAGTTCGCGCTCTTCTTCGCCTACCTCGCGATCGTCATCCCGGTCGGCTTCGTCCTCTCGACCGCGGCGTTCCTCATGGCGGTGACGAGTCTCTACGCCCCGGAGAAGTGGATCCGCAACCTCGTCTTCTCCGTCCTCTTCTCCGTCGCGGTCTACGTCGCCTTCGTCTTCGGGCTCGCGGTCTACCTGCCCGTGGGAATCCTGGGATAGGGGGAGGGCATGGACACACTCGTCGATCTGGGAGGCGGCTTCGCCTCGGCGCTGCAGCCGGCCAGTCTCGCCTTCGCCCTCCTCGGCGTCCTGCTCGGCACCGTCGTCGGCGTCCTGCCGGGGATCGGTCCGATCTCGGCGATCGCGATCCTCATCCCCGTCTCCTTCGGGATGGAGCCCGTGCACGGCCTCATCCTCCTCTGCGGGATCTACTACGGCTCGATGTACGGCGGATCGATCACCGCGACCCTGATCAAGACCCCCGGCGAGGTCTCGAGTGCGGTGACGGCGATCGAGGGCTACGAGATGGCCCGGCGCGGCCGGGCGAAGGCGGCGCTGGCGACCGCGGCGATCGGGTCGTTCCTCGCCGGCACGCTCGCGATCATCGGGCTGACGTTCCTCTCCCCGGTCCTCGTCCGCCTCGCCAACGTCTTCGGGGCCACCGAGTACTTCCTCCTCATGGCCGCAGCCCTCCTGCTCGCCTCGACGATGTCGACCGGGTCCCGAGCGAAGGCCCTCATCTCGATCTTCATCGGCCTCGCCGTCGGCCTCATCGGCCTCGACTTCCAGACGGGCCTGCCACGGCAGACGTTCGGCATCACGCTGCTCTCCGACGGCATCGACTTCACGATCTTCGCCATGGCCCTCTTC
NZ_CP065629.1_gap66	3467021	3467816	795	CCCGGAGTCGACGGGGTCTACGTCGGTCCGGCCGACCTCGCGTTCGCCGTCGGTGCCGTTCCCGGTCAGCCCAACGACGCCCACGCCGAGGCGCTCCTGCGCATCCGGTCCGCCGCCGATGCCGCGGGCATCGTCCCGGGCATCCACTGCGGTGACGGGGCGGAGGCGAACCTCCGCCGGGATGAGGGGTACCGGTTCATCACCTCGGCGCTCGACATAGGGGCGGCCGCCCGCGCGCTGCGGGCGGACCTCGACACCGCCCGCGCCTGACTCAGCCGTCGAGGTCGACGACGGTGCGCAGTCCCGGGGTGGGGTGCGCGAATTCGTCCGGGAGGTCGGCCGGGCGGATCGGGCCGCCGAGGATGTCGTCCCAGGGCATGGCCGCGCCGTCCCCGGCGAGGAAGTCGACCGCCTGCCTCAGGTGCCGCGGTTCGTAGTTGTGGACCCCGGTGATCGTGCGCCAGCCGCGGACGATGTGCTCGGGGTCGAGGGTCACATGCGGGCCGGGGGAGACGCTGCCGGCGAGGACGGCCGTGCCGCCGATGCCGATCGCATCGAGGCAGGCGCGCACCCCGGCTTCGGCACCGGAGAGTTCGAGGGAGACGTCGACGTCGGCGGGCAGGTCGGCGGCCGCGGCGACGAGGGTGTCGGCACCGCTCGCCTCGGCGAGGCGGCGGCGTTCGGGTGCGGGGTCGAAGGCGATGACCTCGGCGGCACCGCGGGACTTCGCGGCGGCGATGGCGATGAGCCCGAGCATCCCGATGCCGTTGACGAACACCCGGCGCCCGGACAGGT
NZ_CP065629.1_gap67	3586840	3588982	2142	CGACCCCGTCGGCGAGGCGGTGTGGAGTGCGATCTTCCATTCGATCTCCGCGTTCAACAACGCCGGTTTCGGTCTCAACGCCGACAGTCTCATGGCGTACGTCGCCGACCCGTTCGTCACCGGTCCGATCGCGCTCGCCGTCATCCTCGGCGGACTCGGCTATCCCGTGCTCATCGAGCTCTTCCGCAAGTACCGCTTCCCGCTGACGTGGAACATGACGACGCGTGCGGTCGTCGTCGTCACCCCGATCCTCCTTCTCACGGGCACAGTCTTCATCGCCGCGATCGAATGGACCAACCCGGCCACGCTCGGTGCCCTCGACTGGTGGGGGAAGATCCAGGCGGCGTCGTTCCAGTCGACGATCACCCGCACCGCCGGCTTCAACTCGATCGACATCTCTCAGATGCACCCGGCATCGTGGTTCGGCATGGACATCCTCATGTTCATCGGCGGCGGTCCCGCCGGCACCGCCGGCGGCGTGAAGATCACGACCTTCGTCGTCCTCGCTGCGATGACGTGGACCGAGGTCAGCGGCGGCCGGGCGGTCAACCTCTTCGGCCGCCGGGTCTCCCGTTCGGTGCACCGTCAGGCGACGACGGTCATCGTCCTCGCCCTCGGACTCATCGTCGTCTCGACGATGGCGATCATGCTCAACGCCCCGGACCTGCGCTTCGACCGGATCCTCTTCGAGGTCGTCTCCGCGTTCGGCACCGTGGGCCTGTCGACCGGCATCACCGCGCAGCTGCCCGCCTTCAGCCAGGCCGTCCTCATCGTCACGATGATCTTCGGTCGCCTCGGACCTGTCACCGTCGCCTCGGCGCTGGCTCTGCGCTCCCGGCCGATCCGCTACGAACTGCCCAAGGAGCGCCCGCTCATCGGCTGACCGGCGCTGTCAACCGTGAACTGTGACCACGTGAAAGGACACTGACATGAACGAGAAGTCCTGGCTCGCCCGTCCGGCGGCCTTCTTCGCCGGGGATGCCAAGCCGATGGCCGAAGCCGGTGCCGTCGCCGTCATCGGCCTGGGCCGGTTCGGCGGCTCGCTTGCGGTCGAGCTCGCCAAGCACGGCGTCGACGTCATCGGCATCGACAGCGACGAAGCCGTCGTCGCCGAGTACGCCGACAAGCTCGCGCACGTCTCCCGGGCCGATGCCACCGACGAGGAGGTGCTGCGTCAGCTCGGCATCGATGACGTCAGCCGCGTCGTCATCGCCATCGGCAGCGACCTCGAGGCGAGCATCCTCGCCGCTTCGCGCATCCTCAAGCTCGGCAACCGGCACATCTGGGCGAAGGCGATCAGCGAGACCCATGCGGAGATCCTCCACCAGCTCGGCATCCGCAACGTCGTCCGCCCTGAGAACGACATGGGTCGGAGGTTGGCCCACCTCATCCGCGGGCACATCTCCGACTTCCTGCCCATCGACGAGGACTTCGTCCTCGCCCGCACGACCCCGCCCGTCCGGGTCTCCGACGTGCCGCTGGCCTCCCTCGGCGTGCGTGCCGCGTACGGCGTGACGATCGTCGCCGTCAAGCGCGCCGGCGGGTCGACGTGGGACATCGCCGACCGGGACATGACGGTCTACGCCGACGACGAGATCCTCATCGCCGGCCATCCCCGCGAAGTCGAGGCCTTCAGCGAACTCGACAAGGACAGCGACGGGTGAGCAGGCAGGCCTGAGAACGAGCCCACGGGGGCAACTGCGCGGCCCGCGATGCGAGCCTCAGAGATCCCACCGATGCAGTCGCCAGGCTGCCGCCGCCCATCCGACGGCCACCCACGCGGCGAGGACGACGACCGCTGGGACGACGCCGAGGTTCTCGGCCGATCCCACCTCGGCGGCACCGCTGATCGTGTGAACTGCCGCCAGCGGCAGCAGGGGTTGAACGAGCACAGCGAGCGCGGATGGCAGCCACGACGCCAGCGTCGATGCCACGATGAGCCCGAGGGCTCCCAGCAGCCCGGCGGCCAGAGAACCGGCGGCTGCGGCGATGAAGACCGCGAGCACCGCGAACTCGACCGGCATGAGGATGCTGCCGAGAAGGAGACGGACATGATCGGGGGCGGTCGCCTCGGCGAGGGCGGCTGACCATGGCGCTCCCGTGACAGCGGTGGCGAACCCGACGGCGACGAGGGTGACCGCG
NZ_CP065629.1_gap68	3705302	3708477	3175	AGTGCTCTCGAACAGGCCGATCACGATGTCCGCCTTCTCGACGAGTTGTTTATTGATGACAGCTTGTCCGTCTGCAGTCTCAGTTTCGTAGGTGGGGACTGCGTGTGACTCGTAGCGGACTGGTAGCAGGATCTGCCCGCTAGTCTCAGCGCGGCGAGCGTTCCACCTTGTCAGAGTCCTCTCAACGGCATCGCGGCTCTCTGCAGTGTCAGAGGGGGATGCAATAAACACACGAATCACGGTTGCTGCGAAAGTCATACCGCAAGTATCAGGGGTACTCGGGTCAAAAGGGAATACCTCCTTTACCCGTGATGCTGTGAACCACAGAATTTTGCCGCCAAGACTGCTGGATTCCCAACTGGACGCTCACTTCAGCATCATCCAAGGAGTATCCTGACGATCTTCGCGTTCCGAACCAAGCGACAGAACTTCCGGGCGGGACCCACGCGTGCATCCGCGGCCACGATGGGGCGTTCCAGAGAATGCTGAACGGGCAGGCGGTCAATACTGAACCGAAAGCTTTCTCGCGCGCCAAACTATCGCCCCCTGGATACTCCGCGCCCTTGTTGCACGAGGTAACATATGGATTCTTGCGAGTTCGGGAACGTCGGCCGGGGCTGTTCTACAAATCAGAGGTCCACTGCGGAGGCTACCTACTTGTCATCGGGATGTCGGTTCAGAGCTCGAAGAACGCCGACAGCGGCACCGGCTGGGCGACCGGCCGTTTCATCGTCTGCGCCAGTGAGGCAGCTGCATCCTCGGCACGCGCCGGATCGCCGGCACCGGCTGGAGCCTCGCCGCCGCGACCCGCCAGGCACGTCACGGCGAATCCGCACTCGCGGCCCTGGCACCAGCCCATGCCGGCACGCGTCATGTTCTTCTGCGACCGGGTATCGGTGGCGGCCAGCCCGTCGCGAGCACGGACGATCGCACCCGCTGAGACCTCCTCGCACCGGCAGACGATCGTCTCCTCGCCGAGGCGGTCCTCCCACCCAGCAGGCACCGGATGAGCCCGGTGCATCGCTGCGGCGAACGCCCGGTGACGGGCGATCGTCGCCCGCTCGGCGCGCAGCCCCGGCGCCGTCCGCCCGGTGACCTCAGCGGCGGCGACGGCACCGGCGACCCTGCCCTCGGCGACCGCGAGCACGGCACCTCCGACCCCGGTGACCTCTCCGGCGAGGAGGAGTCCGGGCACCGAGGACCGCTGACCCTCGTCGACGATGGCGACGAGCGACCCGTCGACATCGACCCGTGTGCCCGCCCCGAGGGACACCGGCAGCTCGAGCTGCGGGGTGAACCCCCACCCCAGACCGACGGCGTCGATGTCGTCGAGGATCCGTTCAGTGCCGGGCACCACCTCGCCGAGGTGGTCGATCCGTGCCGTGCGCACGGCCTCGACCCGGTCCTCGCCGAGGATCTCCGTGATCACCGTCTGCGTCCGATAGGGGATGCGCTCGCGGAGGAACGTCCACGCGTAGCCGGCACCTTCGAGCGCCTTCTCCGGCACCCCGGCGGCCGACCTCACGTGGGGAAGCCACCCGGTGAGGCGGGAGGATTCGAGGACGGCGGCGACCTCGCCGCCGAGCCGGACGACGGTGTCGGCGACGGGGAGGAGGAACGGGCCGGTGCCGGCGATGACGAAGCGCCTGCCGGGCAGCAGGCCGTTCTGCTTCGCGAACCCCTGGATTCCGCCGGCGGCCAAGACCCCGGGCAGGTCCCAGCCGGGGATGGGGATCTGCCGGTCGTAACCGCCGGTGGCGATGATGAGGCGCGAGGCCCGGACGACCGGGTCGGGAGACTGTCCGGGGCCGTGGCTCGGGGCGAGGCGGAGGGTGAAGCCCTCGTCGTTCCTCGTCACCGCCCACACCGAGGTTGAGGGCCGGTAGTCGATGACGCCGGTGGCGATGCTCGCATCGAAGGCCGCCCGCAGGGCGAGGTAGTCGTCCCACCCGTGGTGGAGGTGCTCGTCATCGCTCGCCGAGGCTTCGGTGCGGTGCCGCCAGAACTGTCCTCCCGGTTGGACCGCCGAGTCAATGACGACGATGCTCGAAGCCCCTCCCGCGGCCGCGGCATTCGCTGCCGCGAGGCCGGCCGGCCCTGCGCCGATGATCGCGATGTCGGGCGTGAGAGCGGGGCTCATCGTTCGCCTCGATCGTCGGCGGTCGGCGCATCGTCACCGCGGCGAGATGGACCGTCACCGCGGGGTGTCGGACGCTCCCGATGAGCGTGTCCGCCCGCGCTGCGGATGTCCATGCCCTCGGCAAGGGGGATCATGCACGCCCGCTGCCCGGTCTGACCGTCGATGTCGACGAGGCAGTCGAAGCACACGCCGATCCCGCAGAACAGCCCGCGAGGACGACCTTCCCGGGTCGTCCGCCAGCTCGTGCGTCCCGAAGCGAGGAGGGCAGCGGCGACGCTCGCTCCCGCAGGTGCGCTCAGCGGGGATCCGTCGAAGGACCCGGTGACCTCGTCGCTCATGCCGACTCCTCTCTCCGTGTGGGGACAGCCTTTCGCCCTGTCTCCTCGATCCCCGCCGGCCCGACGATCCCCGAATCCCCGGTGACTTCTGCGGGCCCGTCGAGGAGTCCCGACTGCGCGAACCGTTCGGGGGCGAACGGCGTGAGGTCGCGGTCTGTGGCCTCGCCTGCCATCGCCTGGGCAAGGAGCTTGCCCGTGCCCACCGACAGTCCGATGCCCGCACCCTCATGACCACACGCATGCCAGAGCCCCGGCGCCCCTGGATCGGGTCCGATGACCGGCAGGTGATCGGCGCAGTACGGGCGGAATCCGTGGTAGTGGCGGAGGATGCGGGTGTCTGAGAGGAACGGGAAGAGGGTGGCGGCGTTCCGGGCGATCGCCCCGAGCGCCTCACTGCTGACCCGTTCGTCGAAGCCGACGCGCTCCCGGCTCGAACCGATGAGGATCGACCCGGCCGGGGTGCCCTCGACGACGGGACTCGCCTGGAGGTCGTCGGCGGAGCTGCCGACATTGTCAATGTACTCGGCGGCGTAGACCTTGTGGGCGATCATCGGCGGCAGGGGTTCGGTGACGAGGACGAAGCCGCGCCGCGGCATGACGGCGAGCTCGATCCCGGCCATCGCGGCGATCTCGCTCGCCCACGTTCCTGCGGCATTGACGATGTGCCCGGCGGAGTACGACCCGGTCGGCGTCCGCA
NZ_CP065629.1_gap69	3727757	3732153	4396	CGGATGCGGCGTGACAGTTGCAACTGTCGTCGCTATGGTCTGGAACGTTGTGGAGAACGGTGCCTACGGTGTCGGTGGGATCCTCATGTCGATCGGCTTCTTGGTCCTCACCTGGTGCTATTCGGTGATCGGCATGAGCGATGATCTCGATTCCCTGCAGCCGATTGGGCGCTTGGCCGGCCAAGTTGTTCTCGCGCTGATCTTCAGCGGGTGCATTGCACTCGTTTCGACTCAAGGCGTGTCTCATGTCCTCGTCTTCGCCGTTGTCGGAGTCGTGACAGTCAACGCCGTGAATTTCGTCGATGGGCTCAACGGTTACGTCACTGGTTGGGCGGTTGTCACTGGAGCATGGTACGCGTTCGTCGGCGGGTGGAACGGACAGGGCGACGTCATGCTCCTCGCATTGGCTCTGACCGGTGCCGCGGCGGGATTCCTTCCATTCAATCTTGGCCAGGCCAAGGCATTCCTGGGGGACACGGGCAGCTACGGCATCGGAGCGGCAGTGTTTGCGATCGCGGTCTGGCTTTTTTCATCTGGAGTGCCGATCGTCGTCATCGTGGCACCACTTGTCTTCGTGTTCTTCGATGTTGGCTGCACTTTGGTGTGGAGGCTCTTCCAGGGCGAGAACGTACTCCTGGCCCACCGCAAACACATCTATCAGCGGATCGAACAGGCCGGGTGGTCTCATGGCACGGTCTCGCTTTTCCACGCCGCGCTCACTGTGCTGGCTTGCGTACTGGCGGTGCCCACTCTGCTGGCCGGCAATACTGCGTCCACCTACCCATCGCATGTCTTCTGGGTCGCGTTGATTGCACTCTATGCTGTTGTGCCCTTCTGGCTCAGACGCCAAGAGGTGCGAACGGGAGTCCCCGCATGAGAATTCTCCTTTTGTCGCACTACTACTGGCCCGAAGTCGGCGCTCCGCAGCGTCGGTGGAGCACGATGGTCAGCCACCTCATCGGCAGAGGTCACCAAGTCGTCGTTGCCGCTCCTCATCCGCATTATCCGTACACCCGCCGGGACGAGTTCTTCGAGTCGACGGTCGGTCGGCTTCGACGGCGGGTCAAAGCACGCCTTGGCGGAACCTGGGACATAGGTCAGTTCGGTGAAAGAATCATTCGGGTCCCTTACCTCCACGGAGGCACGTCCATGACGCGCCAGATGCTCGATCAGTCCGTGGCAGCGGCTGGTGCGATCACTGCAGTCCTTCGTCGGATGCGAGGGCCACACCGCCCAGACGTCGTCATCTCCACGACACCAGCTCTGCCGACTCTCCTGGCGGGGGATTTCGTCTCTCGAATGCTCAAGGTTCCGCACATCGCTGAGATTCGCGACGCATGGCCGGACCTCATCCACGAACTCTCGCTCGTGACCAACGCCGCTGGGCGGTACCTTCCCCTAACCATCACCGGGCCACTCGAAGACACCGTTCTGCCGACGTATCTCACACGGGCTCAGCGCCGGGCGGCGGCCGTCATAGTGACGACAGAAAGTTTCTGCGAAAGGCTTCGACACCGCGGTATCAACGCAGCGGTGGTGAGAAGCGGCGTAAGCGGAGCGGAGATCGAAACCGATACGTATGAACAGCCTTCCGCGCTTGAGAAGGGACCCGGAGCCAATCTGCTGTACGTCGGGACCGTGGGGCGATCGCAGGACCTTGCGTCGGCGATTCGCGCCTCGGTGCGAGTGCCCGGTGTGCGACTGCGCATCGTGGGCGACGGCGCAGACAAAGCCGAACTCGTCTCGTTGAGCGCCAGCCTCCGTGCGGGTGTCGAGTTCTTCCCCCAAGCGGTGGAAAGCGAACTTGCCTCACACTGGGACTGGGCCGATGCTGGATTGGTCTCCCTCGGCGACGTTCCTGCCCATACGCGCACGGTTCCCTCGAAACTGTATTCGCTCATGGTCAGGCGAGTTCCCATACTCGGAATTGTGGCCGGAGAAGCCGCCGAGATCATTAAGATCAACGGCGCAGGGCGAGTAGCCCGGCCCGGAGACATCGAATCGATCGCTGAGTCGATGTCCGCTTTCGCCGAGGCCGATGTCCGACCGAGCGAGCGCGCTCGAGAGTGGACAATCGAGAACGCTTCGGTCGAGGTCATGGGAAGAGAGTACGAACGGATTCTCAAGGAGGTGTGTCGATGAACCTGGGGTTCCTCAGTCGTCAGGTAGTCAATGCCACGGCCACCACTTTGGCACACATCAACGAAGACCGAGTCTTCTTCGCGATGCAATTGGCCCGACGCCTCCCGAAGTCTGCGTCCAAGGCAGTGGGCGCGATTCTCTCGCGGATTCCGAAAGCCGCCAGCAGGGCCGCCGGTGCGTGGCTGCTCGGCCAGGAGACAGCAGCCAAGGCGATTGTCGCTGAGCACGAAGCCGTCCACCCGACTCGGCTCCTCGGCGAGATCGCTCTCAACCTTGGGCTGGTCGATTCTGCCTCACGGATTGCCGAAGGGGTCTCGGGCGGTCAAGCACTTCGTTCAAGGATCCTCTGGACTGTGGGCAATGTCGACGCATCGATCGAGGCGCTGCCACCGGGACGCCGCCGAACGCGACTTGAGGCCGAACGAGCAACCCTCGCATCAGGTTGGTGGCCCCATCTCGATGCGTTTGTGACTGCGCGAGCATCGTCTCTACCACCGTCCAGTACGCATCCTTCCTCCATGCACGTGCTCACCAACTCGCTTCCTCACACGCGCTCCGGTTACGCCTACCGCAGTCACCTGATCCTCAGAACGCTTCAGGACTCTGGTCACTCGGTGATCGCCGCTACCCGTACGTCGTACCCCGTGACCATCGGTCGATTGGGGTCCGGTGCGGTTGAGTCAGTCGACGGCGTCGACTATCTCCGCCACGTTCCGTTGCTGCCACCGTCAACGCCGACTGAGCGACTCCTCGGACAGGCCCGCTGGATCGCAGATGAAGCGGTGCGCAGAGACACCCGAATTCTGCATACGACCACCCACTACGTCAACGGGTTGATCACTGGAGCAGCTGCACGTGCCGTCGGTCTCCCGTGGGTCTATGAGGTTCGGGGTGTTCTCGAGGAGACTTGGGCCGCAGCCGGAGCCTCCTCGAAGGAACAGGCGTCAAGACGAACAAGCCAGCGATTCGCTCTGATGCGGGCGAAGGAGATCGAAGTCGCAAAACGGGCGGATGCCGTCATCACCTTGGGTGAGACCATGCGCGCGCACCTCATCGAAAACGGTATCGATGAGGACTCGATCACCGTTATTCCCAATTCGGTTTCCGAGGCCGTCGTCAGCGCGGACGTCTCCCGGTCTCCCGCCGAGGTGAGGGCCAGTCTGGGACTTCCCACCGACGGAGTGTGGGTGGGCACGGCGGCTTCGATCGTCGGTTATGAGGGCCTTGACGATCTCGTCGAAGCCGTGCGCATCGCTCGTTCGAAGGGCATCGACCTTCGTCTGCTGGTGGCCGGCGATGGTGTGGCTTTGCCCGATCTTCGTGAACGAGCCAACGTCCTCGGTGATGCGGCGGTATTCACCGGTCGCGTTTCGCAGAGTGCTGCTATCGACTACCAGCTTGCGCTGGACACCATTGTGGTTCCGCGTAAAGACACCCAGGTGTGCAGACTTGTTACACCTATCAAACCGATCGAAGCGATGGGGCTGGGCAGGCCCGTCGTCGTCTCAGACCTGCCGGCGCTGCGGGAAATGGTGCCGGAGGCAGCTGGCTTGCGGTCGGGTCCGGAGAATCCCCGGCAGTTGGCCGATACCCTAGCGGAGCTCGCCCTCGATTCGGACGCACGGGTGCGCTTCGGAAATAATGGACGGGAGTACGTACTGGCATCCCGACGGTGGAAGGACATCGGTCAACGATATGGTGAGGTCTACGCCCGAATCGTGGGAGCCGAAGCGAAGTGAGTGAAACCAAGAATCCGCTGGGCCTGACGTCGATTCCGTCGGTTTCGAGCGAGGGGCTTGTCCCGGTCGGCAAACGGACAAGCTTGCGCAGTTACCTGTCGAGCTTGTGGGACCGCCGGTACTTCATCATCGCCGAATCACGCGCGAAGATGTCGGGTTCGACTCGGAAGAACATCCTCGGTTTCGGATGGATGTTCCTCAACCCTCTGCTGTCTGTACTGGCATTCTGGTTCATCTTCGGGTTCATTCTCGAAACGTCAGACAAGATCGAGAACTTCCTTGGTTTCCTCGTCATTGGGGTTTTCTTCTTCCAGTACACGGGCAAGAGCATGACCGGCGGCACTGGCGCCATCCGTTCCGGAGCGTCGATGATCAAGGGATTTCAGTTCCCACGCGCGGCGTTGCCGATCTCGACGGTGGTGAGAAATCTCCTCGATTTCATTCCGAGCTTCGCCGTGATGGTTGTCCTACTCGCCGTTCTGCCACCTCTGGAGACAATCACGTGGCGAGTGGTT
NZ_CP065629.1_gap70	3733373	3736574	3201	TCCCACGTCATGCCGCACGCACTGACAAGAAGAGGGCCGTTGCAGCTCGACACGTACGACGTCAGCGTCACACGGACGAGGTAGAGGAGACACAGACTGAACTCCTTGCATCCGCGGGCACCCAGGTGTGGCCCGAAAAGCTTGACGCACCCGTCGCGCAGGCAAAGTTCCCTGTGCTGCCGAAACCAGCTTCTGAGGCTGTCAACGCCCAGACGCGATTCGACGAACCTCCACCACTGAGGCTCAAGCCGCGAGACAAGAAGGTCGTGCTCCGAGCCGCCGATCCGAAAGACCGGGCGTCCTCGATCGCCAGCGAGAACGACCTCGCCGGTCGACGTCTCGCATCACAGGCGAGACGGATCGCGGATCAGCGATACCAGGAACGGCAACGTCGACGTGAACAGCAAGGAGATGCACCTCACCCAGACATGGATTCGCCTGAGACTTACGAGACAACCTCGGTTTCAAGTTCGGTAAGCCAATCGCGATGAATATCGCGATCTACGGTTCATGCGTCAGTCGAGATACCTGCGAGTTCATGGACGAAGCAAAGGTCCTCGCCTACGTAGCGCGACATTCGGTGACGAGCCTGCGTACGTCACATGGAGAGGACAACATCGACCTCGGAGAGTTGACGTCGCCCTTTCAGAAGCGCATGGTGACCAGCGATCTCCGCGGCAACGGGACTGCTCGAATCGCGGAACGCGCCGGCGAACTCGACCTCGTTCTCATTGACTTAGTCGATGAACGACGCGGTTTCTGGCGATTCTCTGACGGGACCACCATGACGAACTCGCTCGAAATCGAAGCGTGTGGAGCCGCCAGTGCGGCGAAAGAAGACGGTGCCCAGCTGATCGAGTTCGGTACGAACGAGCATTTTGAGGCATGGTCTCAAGGTTTCTCCACTCTGGTCGAGGGTCTGCAGGCGGCGGAGCTCCTAGAAAAGACGATCATGCTCGACATCGAATGGGCGTGTGCCGTGGACGGCGCTCAACACCCGCAATCCAACCGGATAGCTAAGATGGGGCGACAATGGCGCCGACTTCAACGCGGCGCACGAGACGCGAAGCGAGCGCTATCGTATCGACGATCAGTTCGCGATGCATGGGCCAGCTTCACCGATGTCAAGCCGACTGAAGCGGAGAGCTTTGCGGACAGGGCGTTTGCCGCTAACCGCGAATACGTCCGGTATCGTAATGAGGCGCGCTCGCGTATGCAATATGTCATAGGGCGGTCAAGCGATGAGGTTCGAATCGGCCGCGACCACAAATGGGGACCGCAGCCGTTTCACTACCGGGACTCTGACTACCGCTCGATCGTGGACGACATTCGTGCCAAGGTGAAGGAGATCGGCGGTGAACCCCAATGAGCGGCCAGCAGTGGCGTAAAGCCCTGTGGCACCTCCGGAACGGGGGAATCAGCGGTCTGAAAGAATTCCGGCAGAGGTCCCGGAAGAGCGGCTCCATTCCACAGCGCACGATCGACGGCACTACCGCGCCCGGAAGCCAACCTGGACCCGCCCCAGACCTCAGTGTCATCATCCCCGCCTTCAACGCAGCCGAGTACATCGAGCGTTGCCTTCGCAGTGTAGTCGCTCAGAATGACGTCAGCCTTGAGGTGATCGTCGTCGACGATGGTTCGCGAGATGAGACGGCGGCCCTCATCGACAAACTGGCCGAAACCGACCCACGGATCACCTTGCTGCAGAGCACCAACTCGGGACCAGCGGCTGCACGTAACCTCGGGATCGAAGCGGCCTCGGGCGACTTCATCACTTTCGTCGATGCCGATGATGAGGTTCTCCCTGGAGCATTCTCAAGCATGGTCGACTCGTTGCGACGCACCGGGTCTGATATCGCCACCGGATCATACATACGATTCGGGGCGACCGGGCGAAGTCGCCCCAAACTCACTGCACGCGTTCACGCTCGGCAGCGTTTGGCGGTACGACTCGACGACATGCCCGAGCTCTTGGAAGAACCAGTTCTGTGGAACAAGGTGTACGGTCGCGAATTCTGGAAACGTCACGTCGGTACGATGCAGACGTTTGCCAACTATGAGGACCAGGAACCGGTCTATCGCGCCTTAGTCGCTGCCGCTGCAATCGATGTGCTCACCAAAGATGTCTACGCGTGGAGGCTTGCGGAAGGGCGACGGACGCGTTCTCGCCGCAAGGGCAAAGCCGCGGACCTTCGTGCGAGGCTCAAAGTGATCGAAGCACTCAAAGCCGTGCTGGTCCATGAGCCCGAGAACGTCCGACGAACTGCGTATGCCATCTGGATGGGCACCGACCTTTCCATGCATGCGGAGTATCTCGCAACCGCGACGAAGAAGTTCCGGAAGACCCTCACAGAGGCCGCGTCCGAGATACGTCAGGAAATGCCGCGCAACGCCTGGGACCTTATCCCGGCACAAGCCCGTTTGTTCATGTGGGTAGTCGCATCAGGCCGATTGGACGACATTGAAGAAGTGCTGGGGACGCGCGCCGAGGAAACAACGGCGGTCCCAATGGAGTACATGGACGGTCATTGGCTCGTAGCGCCCACCTACCTAACGCGATTGAGGACGCGAGTTCCGAGCCGACTCCTTCGAGCCTTCGACGTGGATTTCAAGCCTGCATTCATCGTCCGCAATGTTCGGTGGGTGGACACTCGGACCATTGAGCTAAATGGGTGTGCATACGTGCCCGGAATCCGAACCGACGACATCAGCTTCAAGGTCCGCGGCGTGATGGACGGTGCAACGGAGTTCGACGTGGGAGTTGAATCAGTCGACGACAATAGGATCGACCTCGAAATCGGAGACCCGTGGCGTACCTACGCACGAAGCGGATTCAAGGTGCAATTGGATCTCAGCCACATCCAAGATGTGTCTCCCCGAGGAATCCAGATCATAGGCTCTTTCGCCGTTCGTGGAGTCGAGATGTCGACACCGGCCACCTCTACGGCGGTAGTAGGAATGATTGCGCCGAGCCCGGTCACAGCGAGTGGTCGAATCACCGTCGTAGCCGACGACCATGGCGAGCTTTCAATCGTCCCCGTGGAACTGCCCGTGCTCCCGGTTATTGCCGAACAGGTCACGATCAATGGTGAACGCGTGTCGATCGAAGTTCGCGACCGGGACGATATAGCTGCTGTGGAACTCTCGGCAGGATCCGCAATCGTCAGGATTCCCGTCGACGGCACGAACATCTTTCGAGCG
NZ_CP065629.1_gap71	3758315	3760740	2425	CTGAGCGCGCATCGTCGCGCCTCTGATCGGCCGGCCGGGGCGGGGGTGAGCGCCCCATGGGCTCCGAACTCCTGATGCTGGCGATCGGCTGCGTCCTCGTCCTCATCATCATCGCCGCGAACGGGTACTTCGTCGCCCAGGAATTCGCGTACATGTCCGTCGACCGCTCGCGGCTCGCAGCCCGCGCGGAGACCGGGGACCCCGCCGCCAAGCGGGCGCTCGCCGTCACCAAACGCACATCGTTCATGCTCTCCGGCGCGCAGCTGGGCATCACCGTCACCGGTCTGCTCGTCGGCTACGTCGCCGAACCGATGATCGGCCAGTCGCTCGGCGCGCTCCTCGGGGGACTCGACATCCCGCCGGCGGTCACCGTCGCCGTGACGACCGTCGGCGTGCTCCTCGTCGCGACGATCGTGCAGATGGTCTTCGGCGAGCTCTATCCGAAGAACCTCGCGATCGCCGCCCCCGAGACCCTCGCGCTCGCCCTCGCCCGGTCGACGCAGATCTACCTCGCCGTCTTCGGCTGGCTCATCGCGATCTTCGACGTCGCCGCGAACCTCTTCCTCAGGCTGTTGCGCGTCGAACCCGTCCACGACGTCGACCCGAGCGTGTCCGCCGACGAACTCCGCCGCGTCATCGAGGAGTCACGGCAGACCGGCGACCTGCCCGCCGACCTCTCGCTCCTCATCGACCGAGTGCTCGAGTTCCCCGACGCCGACGTCGAGCACGCGATGATCCCCGGCTCCCGTGTGGCCACGGTCGACCACGAGGTCACCCTCGGGGAGCTGCGCGAGCTCATGGCCCACGCGCACAGCCGCTACCCGGTCCTCGACGAGACCGAGGCGCCGGTCGGAGTCGTCGAGCTCGTCGACCTCCTGCGCACGCGTGAGCCGATGGACGCTCCGGTGACGACGATCATGCGTCCGCCCGTCGTCGTCCCCACCCTCATGGCACTGCCCGATGCGCTCGCGGAGATGAACCGCGGCGATTCGCAGCTCGCCTGCGTCATCGACGAGTACGGCGACCTCGCCGGCATCCTCACGACCGAGGACGTCGCCGAGGAGCTCGTCGGCGAGATCACCGACGAACACGACGAGGAGAGCCCCACCGCAATGGTCGAAGAGGCCCCACGGACCTGGATGGCCGACGGAGGCATGCCGCTCGACGAGGTGCGCCGCATCGTCGGCTACGACCTGCCCGAGGGCGACTTCGAGACCCTCGCGGGGCTCGTCATCGCCACGAGCGGCGGGTTCCCCGAGGCCGGCGACCGGGTCACCGTGCCCGTCCTCGCCGAGGCGTCCGACCTCCTCGCCGACGACCCCGTCGAACGCGAGCTCGACGTCGAAGTGCTCACCGTCGACCGGCACGTGCCCGGGCAGATGCGGGTGACGCTCATCGAGACCACCGCCGATGACTCGGCCGCCGACGATTCGGCCGCCGACGACCCTGTTGCGGATGGCCGCGACACGGGTGAGTCCGCCGCTGAGGAAGGGAGGGACCGATGACCGACGCACCGCTCTTCGTCATCGTCGGCACGATCGCACTCATCGTGCTCAGCGCGTTCTTCGTCATCATCGAGTTCTCCCTGCTCGCCGCCCGCCGGCACCGACTCGAGGAGCAGGCGTCGACGTCGGCGCCTGCGCGGGCGGCGCTGCGGGGAATGAATGAGCTGACGATCATGCTCGCCGTCGCCCAGTTCGGCATCACGATCTGCACCTTCGCCCTCGGTGCGATCACGAAGCCTGCCGTCGACGCGTGGTTGGCTCCGCTCTTCACCGCGGTGGGCGCGCCGTTCTGGCTCGCCGACTCGGCCGCCTTCGTCCTCTCCCTCCTCTTCGTCACGTTCCTCCACCTCGTCATCGGTGAGATGGCGCCGAAGTCGTGGGCCATCGCCCACCCCGAGCTCGCGGCGACGATCATCGCCCTGCCGGCCCGAGCCCTCGCGTGGCTGCTGCGGCCTCTGCTCGTCTGGGTCAACAGCGTCGCCAACAGGCTCGTGGCCGCAAGCGGATACACACCCGCGGAATCGCGGGCGCTCGGCGGGCAGGACATCGATACGATCCGGCAGCTCGTCGAGCATTCGGCGGCCGCCGGCGAACTCGACGACGCCTACCGCGACCAGCTCACCCACGTCTTCGAACTCCAGAGGATGAGCGTGGGCAGCCTGCTGCCCGGCGGGACGCGTGCCCTGACCTCGGTGCCGGAGACGGCGACGGCCGGGCAGGTGCGCGACCTCGCGGCGGAGTCCGGGCACATGCGCATCCTCGTCGAGCGCGCGGGGAAGGCACCGGGGGTCGTCCACGTCCGCGACGTGCTCCTCCTGCCCGCCGACCACGGGATCGAGGAGTTCACCCGCGACTGCCTCGTCCTCGACGCGGAACTGCCGGTCCACGAGGCGCTCACCCTCATGCGCGACGAGGCCGAG
NZ_CP065629.1_gap72	3767616	3769293	1677	CTCGCCGGCGACGGATTCACCTTCGGCGATCCGATCACCGTGACCACCGACGCCAACGGACAGGTCACGCAGTCCCTGCCTCACGGCCTCTACATCGTCGAGGAGACCGATCCGGGTCCGAACAACATCGTCTCCCCGGCGCAGCCGTTCCTCGTCACCCTGCCGCTTCCGCAGACCGGCGGTCAGTGGCTCTATGACGTCAACGTCTACCCGAAGAACAAGACGAACCAGACGACCCCGACCAAGGAGGTCTCGGGTCCGACCGCTCCGGTGCTCGGCAACGACGTCACCTGGACGATCACCGCGCCGATCCCGGGCAAGGCCGGCGACGACACGTACCGGTCGTTCACCATCACCGATACCCTCGACCCGCGACTGACGTGTAAGAGCATCACGGTTGAGGGCTTCACCGCCGGAACCGACTACACGGCCACCTGCTCGGGTCAGACTGCGAACATCGAGTTCACGGCGACTGGACTAGGCAAGCTCGAAGGCGGTCACAACGTCGTCATGAACGTCGTCACCACCGTCACCTCGCTCGGTGACAACGGCCAGATCGAGAACAAGGCGATCGTCTCGACAAACGGGTCGGAGGTCACGACCAACCCGGCGAAGACCAACTGGGGGCCGCTCGAGATCCTCAAGTACGCCGACGACGACACGTCCGCCACCCTCGGCGGGGCACGGTTCGAGATCTACGAATCGCGCGACGGCGCGGAGCCCATCGGCGAACTCACCACCGGCGAAGACGGCACCGCGTCGATCAGCCTGTGGGTCGGCAGCAACGACGTCACCTCGCGGGACTACTACCTCAAAGAGGTCGCGGCACCGGCCGGCTACACGCTGCCTGCGGATCCGTGGACGACCGTGACCGTCCAGGCCAACGGCGAATCGAACCCGACGGTCGTGCAGATCTCCAACCAGCAGAAGGAGCGCGGTGAGCTTCCGTTCACCGGTGCCAACGGCCAGCTCATGCTGACCATCCTCGGCATCGCCCTGCTGCTGCTCGCGATCGGCGCCGCCGTGATGCGCTACACCCGGGCCCGCAAGGCCTGAGGACAACGTCTCCTGCCGAGGCTGCGGTGATGCCGCCGCCTCGGTGAGAGGCAGAGCCGGGGCCGAGAGATGATCACGTCTCTCGGCCCCGTCCCGCACGAACCATGAGATGCTGGAGATATGACCGCGACCCTCACTGATCCCGCACCAGCGGATCCGACACCGCCGAAGCCCCGGTGGAAGCTGTCGGTGCCCGCGGTGATCATCGCGGTGCTCTTCCTCGTCGGCACATGCGTGTGGACCTACCCGTCGATGGCCGCCTGGTTCTCCCAGCTCGACCAGTCGGAGGTGCTCAAGAACGAGACGACGACCGAGGACCCCAACGCCCCACAGAACGCGGAGCAGCTCAGACTCGCCGACGAGTACAACAAGAAGCTGCAGGCCGGAGGCGCGCGGATCAACGCCGGACAGCGTCTGCCCCAGCCCGGCCAGAGCGCCGGCAAGGACCCGAGCGGCACGCTCGGCTACAACGACATCCTCACCTCCCCGTCCAGCGACGTCATGTCGCGGATCCAGATCCCCAAGATCAACGTCGATCTGCCCATCTACCACGGCACCTCGGACGAGACCCTGCTGCGCGGCATCGGCCACCTCGAAGGCACGGCGCTGCCCGTCGGCGGT
NZ_CP065629.1_gap73	3783135	3785124	1989	ACCGGCTACATCGGCGGTCGCCTCGTGCCCCGCCTCCTCCAAGCCGGTCACTCGGTGAGCGTGGGCGTGCGCTCGCCGGACAAACTCAGCGCGGTGCCCTGGGCCGACGAGGTCACCGTCCACACCGTCGACCTCGACGACGGCACCGGCCTGAAGGCGGCGATGGAGGGCATCGACGACGTCTGCTACCTCGTCCACTCGATGAACTCCGGCAGCGACTTCGAACGACGCGAAGCGCAGGCGGCGACGAGACTCGTCGAGGCCACCGCTGCGGCCGGGGTCGGCCAGATCATCTACCTCGGCGGCCTCCACCCCGAGTCGGCGAAGCTGTCGATGCACATGCGCTCCCGGGCGAAGGTCGGGGAGGTCTTCCTCGCCTCGAGCACCCCGGCGATCGTCTTCCAGGCCGGGATCATCATCGGCTCCGGGTCGGCGTCGTTCGAGATGATCAGGCACCTCGCCGACGCCCTGCGCTGGATGCCCGCCCCCAACTGGGTGGCCAACCGGGTCGAACCGCTGTCCGTCCGCGACGTCCTCTACTACCTCGTCGCCGCCTGCGACCTCCCGAAGCCGGTCAACCGCGCCTTCGACATCGGCTCCGGAGACGTCCTCACCTACGCCGAGGTGATGAAGGACTTCGCGCGCATCCGCGGTCTGCCCCCGCGCCACGTCATCGCCCTCCCGCTGCCGGCCCCGACCCTCTCGGGCATCTGGGTCGGGCTGGTCACCCCGCTGCCGTTCAAGCTCACGCTCCCACTCGTCCAGTCGCTGCAGGAGGACGCGGTGACCCGCAACGACGACATCGACGCCGTCATCCCACCACCGGCGTCGGGACTGCTCAGCTTCGACCAAGCGGTCCGGCTCGCCCTGCGCCGGGAGAAGGAAGGGGCGGTGGCGACGAACTGGGATGCCGATTCGGGGGAGCTCGAGCAGGCGGCGAAGCCGTTGCCCAACGACCCGCAGTGGGCAGGCAAGAAGGCGTTCGTCGACGACCGCCGGCGGCTGCTGCGCGACCTCGCCGTCGCCGACATCTGGCCGGTCATCGTCAGCATCGGCGGCCGCAACGGCTGGTACTCGTGGCCGCTGGCGTGGAAGATCCGCGGCCTCTGGGACAAGATCGTCGGCGGGGCCGGTCTCAACCGCGGACGCCGACTGCCCGATGCCCTGCGGGTCGGCGATCCCGTCGACTGGTGGCGGGTCGAGGAGATCGTCCCCGACCACAAGCTCCTCCTGCGCGCGGAGATGAAGGTCTCCGGAGACGCATGGCTCGAGTTCACCGTCGACCAGGTCGGCCCCGACTGCGAATACCGGCAGCGGGCGATCTTCTTCCCCCGCGGCATCCGCGGCCGCCTCTACTGGGCGTTCGTCTCACCCTTCCACCGGTTCATCTTCCCGGCCATGGCCCACAACATCGAACGGGCTGCTCGGCGCAACGAGAGGCGTCGGCGATGAGTGAACGCTCCTCCCTCGAGACCTATTCGCGCACCGCCGAGCGGGCCGCGAAGTCCGTCATCGACGGATACTCGACGTCGTTCGGCACGGCGACGGCGCTGCTGGGTCCCTCCCACCGGTCCCACGTCCGCAACGTCTACGCCCTCGTCCGCGTCGCCGATGAGATCGTCGACGGGTTGCCGAGCAGTGCCGGGGTGGGGCCCGACGAGGTGGGGGAGATGTTCGAGGACTTCGTCGCCGAGACTTATCGGGCGCTCTCGCGCGGGGTGAGCACCAATCTCATCATCCACGCGTTCGCCCGGACGGCGCGGCACACGGGGATCGGCAGCGACCTCATCGAACCGTTCTTCGCCGCCATGCGCTCCGATCTCGACGCCGAATCGCCTGCGGGACACCCGGCGGCACCCGAGGTGCGGTGCCTGAGCGCCGGGGAGCATGCGGACTACGTCTACGGATCCGCCGAGGTCGTCGGCCTCATGTGCCTGCGCATCTTCCTCCACGACAACCCCCGCGACGACACCCAGCTGCCCACCCTCG
NZ_CP065629.1_gap74	3811350	3812738	1388	TCGCCGCGATCGTCGTCGGCCGCTATCCCGTCATCCTCAGTCCCGGCGTCACCGTCGAGGACGCAGCGGCGCCGAGCCTCGCCCTCTACGCCCTGCTCATCGGGGTGGGCATCAACATCCTCCTCATCGTCTTCTACACGATCTTCGCCCACCGCACGTTCTCCGGTCCCCTCTACCAGGACGCGATCCCGGGCAGCACCGAGGCGGGGAGCACGGAGGCGGGAAGCGTGCGGGCGGCGGGACGCACAGGCGAGAGGGAGGTGCCGCGATCATGAGCGACCCTAGCCCACACGAGCCGGAGCAGCGGGAGCCGGAGCCGCGAAAGCCTGGCGGGCACGGCCCGGAGCAGTCGGGGTCGTCGACGCACCGGTCGGGGTCGTCGACGCATCGGTCGGGCACGCCCGGTGCGACGGCCGGGCGTGGGAAGCGGATCCTCCGTCGCATCGGCCTCGTGCTTCTCGGCATCATCCTCTACACGATCAGCATGAACATGTACTCCGGCTACCCGGAGGTCGGTTCTCAGTGGTTCAACCGGGCAGCGATCCTCGCCATCGTCGTCTTCGCCGCCGTCGTCTTCATCCGCGACGAGAGGCGCCGCGCCCACGAGGACGACCACGACGACGATGGCGCCTGATCGGGGAGCAGCCACCTCGGCGACCTCCCAGCCTCCTGCCCCGATGCGGGACGCGTCGGCGATGGAGTGGATCGCCTCGCAGGCGGGACCGGGTCGGACGCAGTTCCGGCTCTCGGGACTCACCGAGGTCGCCGCGACGGTGGCGCTCATCGGCCAATGGGCATTACTCGGCGCCGGGGTCACGGCGTGGATGACGGGAGCGGGCAACGTCGTCGGCCTGCTCATGGTCGCCGCGACGGCCGCGCCGATGCGCCTGCTCTTCCGGGCGCTCGCCGCGCGCCTGGCGGCAGCCGGACGCGAGTGGGTGAGCACGCGAATCCGCACCGACCTCGTCCCCGCCCTCCTCGCCGCGGCGGGACGGACACCCGCGACGGAGGCCGCCGACGTCCTCATCGACCACGCCCCGGTCGTCGCCGGCTATCTCTCGGGAACGCGGCCGCTGCGCGTCGCGGCTGTGCCGTCGACGCTGCTCATCCTCGGTGCCGTCGCCCTCGTCCACTGGCCGGTCGCGGTCCTCCTCACCGTCTGCACACTGCTGCTGCCGCTCAATCTCCGACTCGCCGGCCAGGCGACGGTGACCGCGGGGGAGAGGCAGCTCGCCGCAACCCGCCGACTCTCGGCCGTCATCACCGAGAGCGTGCGCGGCCTGCCGACCCTCGTCAGCCTCCGCGCAGTGGCTCGGAGGCGCGCGGTCCTCGACCGGTCGTCCACGCGGCTCGAGGCTTCGACCTTGAGAGTCCTCTCCTACGCGTTC
NZ_CP065629.1_gap75	3881039	3881539	500	CGCGGGACTGAGCGCCGACGACCTCCGGTGCCCCTCCGTCCACCCCGCCGACGGGGCCTACCGGCGCAGCCTCGCCGAGGCGGGAGACCCGATCTCGCCCGTGCACTTCAACTGCTCCGGCAAACACGCAGCCTTCCTCCGTGCCGCCCACGCCGTCGGTGCGGACACCGCGAGCTACCTCGATCCCGCCCATCCCGTCCAGGTCCGGGTCGCCGAGGTGGTCGCCGCCTTCGCCGAGGAAACGCCGCCCGCGGTCGGCACCGACGGGTGCGGGGCTCCCGTGTTCGCGCTCAGTCTCACCGGTCTCGCCCGGGCGATCGGCCGCGTCGTCGGCCTCGGTTCAGCTGTGCCCGGATCTGCGACACCCGGATCCGTGGCACCCGGGCTCGCCGACTTCGCCGACCACGCCCGCACCCTCATCGAGGCGGTGTTCGCGCAGCCGTGGGCGATCGAAGGGCACGGGCGACCGAACACGACGGTCATCGAGCGCCTCGGCGTCT
