gap_id	start	end	length	sequence
NZ_CP035108.1_gap1	8469	11445	2976	TTTCCCGCAGTGTAAAGCGCTGCCTCCCTGACCGGAGCCTGCTTAATATCCGCCACCAGAGGAATATAAAGCACATTCAGCGAGATTACGGTAAAAAACGCCAGTACAGCGATGAATGTCCTGTAGCTGAGCGTCCTTATGAGACTCATCACAACAGCCACCGCAAGCATCGCACCAACCGGAACGGTGTAAGTCATATCCAGCCTGCGCCCTGTCTCAAGCAGCATCTCCGCCGCCGTCAGGCTGCCTGTCTTCGCCGCAACAGACGGAATAATAAAGGGCAGAGAGAGCAGAAAAATAAAATAAGCAAATATCGGCAGGGCAAACAGAATCTTTTTTCTGTGATTATTGAATACATAAGCGCAGAGTATGAAGAGCGGGGTCATGCCGCTGAGTATAAGGTGCGGAAGCTTCGTTCCGCTGAGAGCAAAAAAGATGAAGACAAAAAAGAACCAGATCATCATATATCTTGAGAAGAAATCGTTCCACAGCGGACGCAGACGCTTGAGCACGCTGAAAAGAAGGGATGTTCCGGGAAGGAGCCCTGCCAGCAGAAGCGGAATATAGTATGCGAAACCGCCCCCCTGCGCCGCTCCGCCGAATCTGCCCGGATTATTCTTCGCAAGGAAACCGCTGACAAAAACATCCCCGTACTCCATATATTCAACGACATACCACGGCAGGGCGATAATAAGCATGATTCCGATCCCCAAAGGGGAGAAAGCAGCCCTCAGCCACTCCTTCATGCGTCCGGCGGAGAGGAAAAACAGTCCGCTCACCGCAAAAGGAACAAGGGCGGCAACGGGTCCTTTTGTCATTGCGCCCAGACCTGCGGCGGCAAAAGCAAGGTATACGTACTTTTTCCTTCCGGTTTCAAAATACTTGTAAGCAGAGAACATCGAGCCAGCCAGAAAGAGGTTGAGCAGGACATCCGCAACCGCCAGCTTGGAAAAGACAGAGACTATGACGGATGAGGAGGCGATAAAAGCGGAGTTAAACGCCATCTCCTCGTTTCTGGTATTTCTGACAAAAAATAATATGAGAAGAATCCAAGCGCACGCAGCCAGAAGGGAGGGGAGGCGAAACGCCAGCTCTTCCGCTCCCAGAAGCTTTACGGAAGCTGCCTGAAGCCAGTAGATGAGAGGCGGGTTATCGAAATCGGGTCTGCCGTCCAGATACGGGGTGAGCATGTCGCCGCCCTGTGCCATCGCCGCCGAGCCTTGGGCAAAGGTGCCTTCCGATGTGTCAAAAAGAGGATTTGAGGCTGTTCCGTAAAAAAAGCTGAAGAAAACAAGCAGACAGAGCAGCAGATACTTTAACACACCCTTCAATATTCACCACCGTTTAAACCCTGAAAAAGAAGACTAGCATAATAGCCGTATTATGGAAACATTTCCGTAAATTCAGGAGTGCGGAACCTTTATATTCATTCCCTCAAGCTGCTTCTCCACATATTCCATGTGCTCCAGCATATATTCATAAGCTTTTTCAGGATTGCGGCTTTTTATGGCTTCAAAAATCTTCCGGTGGAGGGTGTCCACCTCTTTTGTGCCGCCGGCGGGTCTTATGTGTCTGCGAACCTCATAGGTCACTTTGGTAATCCACTCGTAAATAGTGTTCATCACATGAACTATCAGAACATTGTGCGAGGCATAGGAAATAAGCGCATGGAAGCTGGCATCGCTCTCATAGTCTCTTTCCGAATCCTCCATCTCGTTGAGGAACTCCTCAAGCTGCTCTATCTCCTCTTCCGTGGCACGCGTAGCGGCGGCTTTTGCCGCCCATGTCTCAAGGATTTTCCGGAGTTCCATGAGATCCCCCATGGCATCATCCTTATTGAGCATTTCGGTGAATGCCTGAGAAAGCACAGGGGAAGCGGCAGACTGTACATAGGTTCCGTCACCCTGAATCTGCTTCAGGAAACCGTGCGCCTCAAGCTTTTGCAGCGCTTCCCGCAGTGTCGGACGGCTGACGCCCATCTGCACCGCAAGCTCTCTTTCCGAAGGGAGTTTTTCACCCGGCTTCAGTTCTCCGATCAGAACAAGCTCTTTAAGCTGTCTGTAAATTTCATCGCTAACTCTTTTAGGTTTGATCTTCTGAAATCTCATCCGTCCGACCCCGCAGTAAAAACAATAATAAAACAGCGATATGACATACTGCTAAAACAGCCGTTTGAAAAGAACAAATGCACAAATCATACCCAAAGCGTCTATTAATTCTCTCTTAAATCCGCACGTGCTTTAAGCAGTGTTTACCAAAGGTCTTACCCTTTAAACATCTTGCCGTTCATTAACATATACTATAAACACACCCCTAAGGCAACGATTGAATACGCTGTTTTGAAAATATGGATGACTGACGGAAGCGAATCAGGACGTCAGCATTTCAGGCTGGATTTAATATCCGCAGGAAACAGCAGTCGGTTTTATAAACAAATTGGTATGGAATATCGAAAAATTTGAGTATATAATTCTCCTAATTATTTATCTGACGCAATTGCGCTCTAATAGGTAAATTTTATTAAGAATTATAAATTTGCTGCAAATTTCTGAAATTCCGCTCTATAAAAAGGTTGCGATGAATTGTTCTGCTAAAACCGTAACGGGCATCTGCGCCGCGCTTGTCATTCTGTATGCCGCAAACATATTCTGTGTCCATGCGGTGCTTTCCGGCTATGCCGGAAAAAGGCTTGCTGCTGAGACAGCCTCCGCCGCAGACATGGCAGCGGACAGAATCTCTCTTACCCTGAAAGACATACGCTCTGAATCCCTGTTTATAATTGAGAGCATTGCAGGGCAGAGCGAGCAGTCACGCGCTGCGGTTCTTTCATCCTTTATACAGACAAAGCCTGAAATAACCGAAATTGTGGCGGCGGATTCCGAAGGTTTTTCATGGTTCACCGCGGGACGCGCGGAAACACCCCCCATAGGCGCCGATTATTCCGCTGAGAAATCGATCTCCGCTCCGCTTGAAACA
NZ_CP035108.1_gap2	24994	29806	4812	AAAGGGCTTAAAATCGGCATCCCCACAGAGTTCTTCGCCGAAGGACTCGATCCGGTTGTTAAAGCAAAAGTGGAAGCAGGGATCGCGAAGCTTAAGGAACTGGGCTGTGAACCCGTTGAAATCAGCATGCCCCACACGGATTACGCCGTTTCGGTTTATTACATAATCGCCACAGCGGAGGCATCAAGCAACCTTGCCCGCTTTGACGGCGTAAAATACGGCTACAGAGCCGAAAGCGAAAACCTGTATGACATGTACACAGCAACCCGCTCCGAAGGCTTCGGCGCTGAGGTTAAACGCAGAATAATGCTCGGAACATACGTGCTCAGCGCGGGCTATTACGACGCATACTACATAAAAGCGCAGAAGGTGCGCACGCTGATCAAGCAGGATTTTGAAAAGGCATTCGGGAAAGTGGACGCTGTCATCTGCCCCACCTCTCCATCGACTGCGTTTAAGTTCGGCGAGAAGTCATCCAACCCACTTGAAATGTATCTCAGCGACATATACACCATCTCCCTGAACCTGTACGGCGGTTGCGGACTCTCCGTTCCCTGCGGATTTGACGACAAAGGGCTCCCTGTGGGAATGCAGATCCTCGGCAGATATTTTGAGGAAGGGAAGATAATGAACATTGCCCATGCCTATCAGCAGGCTTCCGGCGTATCAACCGACATACCTGAAGGATTTAAGGAATAGATCATGAAATACGAAGCTGTCATAGGGCTTGAGGTACACGCTCAGCTCTCAACAAAATCAAAAATATTCTGCTCCTGCTCCACTGCCTTCGGAGCGGAAGCAAATTCGCAGGTATGCCCCATATGCCTCGGCATGCCCGGCACACTGCCTGTTTTGAACAAAAAAGTAGTGGAATACACCGTGAAGACGGGGCTCTCAGTCGGCTGCCGCATTGCGGAGAAAAGCATTTTCGCCCGCAAAAACTACTTTTACCCCGACCTGCCGAAAAACTACCAGATCTCACAGTACGAGCTGCCCACCTGCATAGGCGGTGAGATACACATAGAACTTGAGGACGGAAGCAAAAAAGTAATCGGTCTCACCCGAATCCACATCGAAGAGGATGCGGGAAAATCTATCCACGGCGAGAACCTCGGTTCCGCCGGAAACAGCTTCATCGACCTTAACCGCACGGGAACTCCCCTTATGGAGATAGTTTCCGAGCCGGACATGAGAACCGGAGAAGAAGCCAGAGCATACCTCACCAAGCTGAAATCCATACTGAAATATCTGGATATAGCAGACTGCAATATGGAAGAAGGATCACTCCGCTGCGACGCAAACGTCTCCATACGCCCCATAGGTCAGGAAAAGCTGGGCACAAAGGCTGAGATAAAAAACATGAACTCCTTCCGCAATGTGCAGAAGGCGATAGAATATGAAATACGCCGTCAGGAAAAAGTGCTGAACGAAGGCGGGCGGATAGTTCAGGAAACAAGGCTCTGGGATGCCGCCAAAGGAATAACCGTATCCATGCGCAGCAAGGAAGAGGCAAACGACTACCGCTACTTCCCCGACCCTGACCTTGTGCCGATAATCCTCAGCGATGAGTATGTCGAAGCCGTGCGCGCCACGCTCCCTGAACTGCCCGATGCCAAGATGGCACGCTTTATGAGCGAATACGCCCTGCCGGAGCATGACGCAATAGCCCTCACCGCTGAAAAAGCATATGCGGACTACTTTGAGGAAGCTCTCAAAGGCTTCAATAACCCGAAAATGATCGCAAACTGGATCCTCTCAGAGGTGCTCAGCACACTGAATGAGAAGCAGTGCGGCATATCAGATGCGGGCATATCCCCATCCCAGCTTGCGGAACTGGTAAGCCTGATAGACAGCGGCAAAATCAGCGGAAAAATAGCCAAAGACGTTTACAAAGCAGTGATCGACACCGGCAAAAACCCCGCCAATATAGTCGAGAGACAGGGACTGGTGCAGAACTCCGATTCAGGCGAGCTTGAGGCGATCGTGAAACAGGTCATAGACTCAAGCCCCGCAGAAGCCGAAAGATATAAAAACGGCGAAAAACGCCTACAGGGGTTCTTCGTCGGACAGGTTATGAAACTCTCAAAAGGGAAAGCAAACCCGCAGATGGTAAACGATATTATCGCTAAACTTCTGGGCTAGGGTTAACCTGCGAAGCAAATAAAAAATTTTGAAGGGGTTTGGGGGAAAGCTTTTTTAAAAGTTTCCCCATGAAAACAACTTTTTTTAATCTTGAGGACACCTTTCTTTTATGGCAAAGAAAGGTATCCTCAAACTCCTTCCAAAGAAACCAAAACTTTAAACTGCTTCTGAAAAATATACTCACACAGGTGATTTTATGCTGGAAAAGATTGATCACATCGGAATAGCGGTCAGGAATCTGGACGAGGCGCTGAAATTTTACGGCGTTATGGGTGCTGGTGCTGATCATTTTGAGGAAGTTCCCGCGCAGAAGGTGCGTGTGGCGTTCATCAATGTCGGCGGCGTGAATATCGAGCTTCTGGAGCCCACGAGCGAGGAGAGCCCCATCGCCAAGTATCTTGAAAAGAAGGGTGAGGGCATTCACCACATAGCTTACAGGGTGCCCTGTATAAGAACGGCGCTGGACAAACTCAGGGCAGAGGGGATAAAGCTCATTGACGAAGAGCCCAAGCCCGGGGCTCACGGCATGCAGATAGCCTTTGTTCATCCGAAAAGCGTAAACGGCGTGCTCACGGAGCTTTCACAAGCGGGTGATCATTAATCTATGCTGTACTACATTCTGGCGGTTATCGCAGGGCTGATTCCGTCTCTTTTCCTGCCTGAAGGGTATCTGGGGCATGTACGGAGGCATCTTTTTACATTCAGCCTTGTGGGATTATTGTTTTTCATGGGCGTAAATCTCGGCAAGGACCCGCATATACTTGAAAAACTGGCGGACTACGGACTTACGTCTTTTATTATATCTGTATTTGTCATTGTTTTCAGCGTGGCGTTCGTCCTGCTGTTTGTTCGTTTATTCGGTAAAAAAGAATGCTGATTATACTTATTGTCTCTGTTGTTACAGGAGCTTTCCTTTCGTTCAACGGTCTGCTTCCGGAAGTTCTCGTAAATAATAACGGCTTGCTGGTTGAGGCTATGCTTTATCTTATGCTTTTCCTCATCGGCTTTGATCTGGGCACATCCAGAGCGGGGCTGAAGGCTACACTCAAGCCGGACAGATACCTGATCATAGTGCCTGCGGGGACAATTGCCGGCACCATTTTCGGCGGCTTTCTCTGCTCATTTGTCATAGATCTTTCCGCCATGGATTCCATGGCAGTTGCCTCAGGCTTCGGCTGGTATTCGTTTTCGGCAGTCATCCTCGCTAAGGTAAAAAGCGCGGAGCTCGGGGCAATCGCATTCCTCTCAAACGTTATCCGTGAGAGCCTCACCCTTGTCAGCGTGCCGTTCATCGCCAAATATTTCGGTCAATACGCTGCTATCGCCCCGGGCGGAGCAACCACAATGGATGTTACCCTGCCTGTGATAGAGAAATTCGCAGGAAGACGCGCGGCGCTCATCGGCTTTGTTCAGGGGGTTCTGCTCACCGGACTGACTCCGTTCATTATCCAGCTTTTTATTTAAAGGCTAACTTTTCTGCCCATATGTAATTATTCACATACGTTCTATCTACATCTCTGCTAGAATTATTTATATATCTAATAGAGGTGTGTGATGCGGTATTTCAGGATTTTATTAATAGTATTCTCAGTATCAGTGCTTTTTGCATGCAACAGTGGAAGCGGCAGTTCATCGGATGAAAATGACGATATTGGCTACACTGCGGCGGATATGGACGGAGTCTGGAATGTGAGCGGCTTCGGAAGCGACCCGGACTACTTCATCGACAGAGGTGAGGTTACCTACAGCTTAAACGGAAATGTCAGCAGCACACTCAGCAGCAGGCTGGCGGGAACCGGCTACACCGCAGAGGTTATTAATGATGGTTCCAGAGTTGATATGATCATCTCACCTGAAATGACAATTCCGGGAACCGGCGGCGCATCAGACGAGAACCAGTATTTCGGTTTCCTAGACTACGGCAAAACAATCATTCCTTACTTCAATGAATACGAATACAGAAAATATTTTCTGGGACTTGAACTTAAAAGAGGCTCAAGCTATGCCCTGAGTGACTTGCAGGGAGAGTGGGAGTTTGTCTCCGTCTCATATTCCGGTATTCAATGGTTCGCTAAGGGAGCTGTTACAGCCGCTGCGAACGGAGAATTCACCGGTTCGCTGACAAACAACTCCGAAATTACATCGCCTTTCAGCGGCACATTCGGCATTGACAGCACAGGTCTTGTCACAGTGGAGGAGAGTTTCGGTCTGATAGGCTGGATGGATGCGGGAAAAACAGTGTTCACTCTCAGTTATTACGATGAAGATTCCCCGCAGCTTCAGCGATACTATGTGTTCGCTAAAAAGCCGGCGTCTGTTTCTCCCGCGGATTTCCAGACTACATGGTCATCTCTGTCGATGAACTTCATTACCATGTACAGAGGCTGGTCATCGGTTTCCTACGGTATAGAACCGGACGAAAACTGCATAGTTGATTCCGACAAAACATTTCAGGCGTGTGTGAGGAATGACGGCGGGCAGATTCTTGAACTGCGCATCCGCAATGTGAAAAACCGTAATATGTTTCAATAGGTAAAAAGGCTGATGCGGTCGAAACTGCATCAGCCGTCTGTTCAGTTTCTCGAAATCTGAAGCGCTACTCCGCCGTCAGAACGGTTTATCATGAGATTAGCCTTGGGCATAACATCGGCAAGCTGAACATCATTGCTT
NZ_CP035108.1_gap3	76584	81463	4879	CCCCAAGGAAGGGGTTGCGCCGTGCGAAGCGAAGGATTGCTTTGCAATCCGCGAGCGGTTAAGGAAACGGACAGGATGTGCCGTTTCCGAATATAGTCAATACGAAGACGGAATATAGACCAGATAACCCGTTTACACTTTGCGGAGCAGGTAAAAGTTTTTGAAAGGGTCGGGGAAAAGCTTTTTTCAAAAAGTTTTCCCAGAAAAAACTAAACAAAGAACAGACTATAAACTTTTGTACTAGGGTATTGTTATGAGAAACCCTTTTTTAACAAAAAAAAAGTGTTTCTCAAACTCTTCCCAAAAAACTGTATCTTAGGACAGGATGTACCGTTTCCGAATAGAGTCAGGGAGTCAACAGTATGCTTAAAGATAAAATCGCGCTTATAACCGGAGCATCCAGAGGCATAGGCAGAGACATAGCTATTGCATTTGCCGCACAGGGTGCATATGTTGCTGTCAACTATTCATCCAGCCCCGTTAAAGCGGAAGAGGTCGTGAAGGCGATACTTGACGCGGGCGGACGGGCATTTGCCGTGAAGGCGAATGTTTCGGACGAGGAAGAGGTTAAGGCGATGTTTGACAAAGTGGAGGAAGTAACAGGCTCCACTGTCGACGTGCTTGTGAATAACGCAGGCATAACGAAAGACGGTCTGCTCATGAGAATGAAAACCGAAGACTGGCAGACAGTTATGGACGTTAACCTTAAAAGTGCTTTCCTCTGCACACGTTTTGCAGTAAAAGGCATGATGAAAAAGCGCTACGGCAAGATAATAAATGTGTCAAGCATAGTAGGCTTCATGGGCAACGCCGGACAGGCAAACTATGTGGCAAGCAAGGCGGGGCTCATAGGTCTCACCAAAACAGCCGCCCTTGAGTTTGCCTCAAGGGGTATAAGGGTGAACGCAATAGCGCCCGGATTTATAACAACTGATATGACCGACGGACTCAGTGAGGAGATTCAGCAGAAGATGATCTCCATGATCCCCCTTGCGGCTTTCGGCTCAGGGAAGGACGTGGCGGATACAGCATTGTTTCTCGCGGACTCCGGTTCGGATTACATAACGGGACAGACCATTCATGTTAACGGCGGAATGTACTTATAGGCACTGCCGAAAAAAAGAAAGAAACTCCAGGAGGATTTGAATGGATATCGCAGGAAAAGTAAAAGACATTATTGTTAAACAGCTTAACGTTGACGAAGCTGATGTGAAACCCGAGGCTTCCTTCATCGATGACCTTGACGCTGACTCTCTTGACACAGTGGAACTCATCATGGCTTTTGAAGAAGAGTTCGACCTTGAGATTCCCGATGAGGAAGCAGAAAAAATCAAAACCGTCGGCGACGCGATCAGCTACATCGAATCAGCGCAGTAATTAAACGCAGAATACGCACTTCCCGCAGAGCATAAAACTGCGGGCAGTGTTTCCACAATCGTCAAAGCACGAGTAACTAACAAACAGGAGGAACCTGTGAGCAGAAGGGTTGTTATCACCGGAATCGGTCTTGTGACACCGGTAGGAGTCGGAAACGATGAAAACTGGACAAACCTCATAGCCGGTAAAAGCGGTATCGGACAGATCACCAAATTTGATACTTCCGAATTTCCCGTCACTATTGCCGGTGAAGTTAAAAACTTCAATCCCGAAGAACTTGTCGATAAAAAGGACATCAAAAGATACGATGAGTTCATAGTTTTCGCACTTGCCGCTGCGGAAATAGCGTTCAGGGATTCAGGCATGAACCTTGAAACCATCGACAGAGAACGCTTCGGCGTTATCATAGGTTCCGGCATAGGCGGCTTCAAATCTACAGAAGACACTAAAGCGGCGTACCTTGCGGGCGGAATCAAAAAGATTTCTCCTTTCTTCATTCCCGCTTCCATCATAAACATGGGCAGCGGAGCCGTTTCCATACGCTACGGACTTAAGGGTCCCAACCTCAGCATAGTCACAGCATGCGCCACGGGAACACACGCCATAGGCGATGCCTTCAGAATCATTGCGCGCGGCGACGCGGACTATATGGTAGCGGGCGGAGCCGAAGCCTCGATCACAGAGCTTGCCGTGGGCGGCTTCTCCAATATGAAAGCCCTCGCCAAAAGGAACGATGAACCTGAAAAGGCCAGCAGACCCTTTGACAAAGACAGAAACGGATTTGTTATGGGCGAAGGTTCGGGCATACTGATCCTTGAGGAACTGGAGCTGGCAAAGGCGCGCGGAGCGAAAATCTACGCCGAAGTCGTGGGCTACGGTCTCACAGGAGACGCTTACCACATGACCGCTCCCGATGAATCCGGCGACGGCGCCATGAGAACAATGAGAATGGCTATAAAGGATGCAGGCATAACACCTGAAGACGTGGACTACATCAACGCCCACGGCACATCCACACCATATAACGACGCCATCGAAACAAGAGCGATCAAGGGCGTTTTCGGCGAACATGCGAAAAAGCTTAAAATCAGCTCCACAAAATCGATGACAGGTCACCTGCTCGGCGCGGCGGGAAGCGTTGAGGGAGCAATCCTCGCCCTTTCCATCAGGGACAGCATTGTGCCGCCCACAATCAACCTTGACACGCCCGACCCTGACTGCGACCTTGACTACGTACCCAACAAGGCCGAAAAAATTAATATACGCTACGGCCTCAGCAACTCTTTCGGCTTCGGAGGCACAAACGCAACCATTCTGCTGAAAAAATATGAGTAGCTACGACGAACAGATCAAATACGAAAATCTTGAGAGACTCCTGTCGTATCAATTTACGAGCAGGAGTCTCCTCCTTGAAGCTCTCACTCACCGCTCTTATTCCCATGAAAAAAGAACGAAAACCAATTACGAACGTCTGGAATTTCTCGGTGATGCGGTTTTACAGCTTGTTATCACCGAATATCTCCTCGAAAAATACAGGGATTACGATGAGGGAACCCTCTCAAAACTCCGGGGCTACTTCGTCAGCGAAGGCTTCCTGAGCATCATAGCCCATGAGATAGGTCTCGGCAGGTTCGTCCTCCTCGGCAAAGGAGAGAAGGCATCGGGCGGGATGTTCAAGGATTCCCTCCTCTGTGATATTTTTGAATCACTGGTTGCGGCGATCTACCGTGACGGCGGCTACGAAGAGGCAAGAAGAACAATAATTCACCTTTTCGGGCAGCGCATCGATGAAGACATATCCACCAACAGCTTCATAGACTCCAAAAGCGAGCTCCAGAAGCTCACCCAGAAGATTTACGGTGTTCTGCCCGAATACACCGTGCTTAAAGAGGTGGGACCGGAACATAATAAGACCTTCGTTGTGGAGCTTCATATTGAAGGCATCCTCCACGAAACAGGCGAAGGCAAAAGCAAAAAAAGCGCTGAAAAAGTCGCCGCCACCAAGGCATTGAACCGCCTTGCGCACGTCTCATAAAAAAATACTCCCTGTTTTTATCCCCTTTGCGGGATGCAGAAACAGGTGTATCTACTGCAATCAGCATAAAATCACCGGAACGGGCGGCTGCGGTCTTACGGAAAGCGCCGAACGGCAGATCGATAAATATCTCACATACTCAAGTACATGGGACGAGCTAGCCTTTTACGGCGGAAGCTTCACCTGCCTTCCTCAAAAGGACAGAACAGCTCTCTACTCACTTGCGCACGCAAGAGGATTCAATGCCCTGCGCTTCTCCACAAGTCCCGACTGCGTGGGGGAGGATGTTCTGGATGAGGCGGAAGCCTGCGGCGTGAGAACCGTTGAGCTCGGTGTGCAGTCGCTGTCCGAAACTGTTCTGCGCATGAATAAGCGTCCCTATGACGCAGCAGCCTGTCTTGAGGCGGTGAAAGCCGTTCAGAAGCGATTCATAACAGGCATTCAAATGATGACGGGCATGCACGGTGAATCAGCGGCGGATGTGATACATACCGCAGATACTCTCGCTGCCGTGAAGCCCGATTACGCCCGCATTTACCCCACTGTGGTTCTTGCCGATACTGAGCTTGCGGAGCTGTTTGAGTCCGGCGCGTATGTCCCCCCTTCTCCTGCTGAGATACTTCTCCGCACAGCGTACGCATATGCAGCCCTGACCTCGGCGGGCACAAACGTAATCCGTACCGGACTGCAATACACGGATAATCTTGAAAATTCCATAAAAGGCGGTTTTTACCACCCAGCTTTCGGCGACATGGTAAAGACGCTTATCACACTGATATATCTTCATAATTACGGCGAAATCCGTACCATGGAAGCGGATGCTCACAAGCTCCGCGGCTATAAGGCGCTTGCAAGAAAACATTTCCCTGATAAAATCATTACCGATGAAAGCTTTCAAACAGATTTCACTGAAATCTGCATGAAGACGAAGGAGCACATTTTTGAGAATAACGGCAGGAACCCTGAAAGGCATGCAGCTTCATACTCCGAAGAACTCATCCGTCAGACCCACAACGGATAAGGTAAGGCAGGCTGTCTTTTCCTCTCTTTTTGACGAGACCGAAGGGGCGGAAGTGCTTGATCTCTGCGCCGGAACGGGCGCATTCGGAATCGAAGCAATGAGCCGCGGGGCAGCGTCAGCCGTTTTCATAGACCTTTCAACAGACATAATCAAAAAAAACGTCCTTGACTCGAAGTTCAGAAACACACGCATCATCAAAGGCGACATCAAAAAAGAGATCCCCAGACTGACAGGTGTTTTCAATATCATATTCATCGACCCGCCGTACGGTCTGTTTCTTCCTCAGGAAATAATGAACCTCATCCACGAAAGCGGTATCTTACATCCTGAGGGAACCCTTATCTACGAAGAGAGCACCCGCACTGCTTTCCCTGCGGAGCCTGAACATTTCAAGGTGCTGAAGGAAAAGAAGTACGGAGAAACGGCAATATACTATTTAAAACGGA
NZ_CP035108.1_gap4	196137	200046	3909	CCGGCTGCGTACTAGACTATGCCGACAGCGGCTTTGCGGCTCTGGAGCTTTTTTCCAAAAACAGATACGACATGGTGCTTACGGACATTCAGATGCCGAAGATGAACGGGTACGAGCTTACGAAAGAGATACGCGCCTTGGAGGAGAGCACGGGAATGAAGCGCACTCCGGTTATCGCCATAACCGCCTATGACCTTGAGCGCGAGAGGAGAGCACGGGAATGAAGCGCACTCCGGTTATCGCCATAACCGCCTATGACCTTGAGCGCGAGGCGAAGCGATGCCTTGAGGCAGGCTGCGACGCTTACGTTGCCAAGCCGCTGAACAGGGACATGCTGCTGAAAACCATGTCTATCTTCCGTGACGGGCAGATAGAAAAGCCCTCAATGCCCGAGGAGGGGGAGGACGGCTTCATCTCTCTGAGTGTGCGCCCTGAATTCGCCGAGGTGACGCCTCTGTTTCTTAAGGATCTGAAGCAGGCGCCGCAGAAGATACGGGAATTTCTGGAAAAGGATGATTTTGAGTCGATCCAATTCATAGGTCACAGACTCAAGGGCGAGGCAAAAACATTCGGCTTTGAACCTGTCAGCGATTATGGGCTCTATATTCAGGGAGCCGCCATACGCAGAAACCGTCAGAAGATAGAGGAAACGGCGGAAGCTCTGAACGAATACGCATCAAAAATAAGGCTTATTTTTGACAAAAAAAGTGTATGATTCTGTTCGGAAACAAAGTTGCACTGATACGGAGAATCCATGAGACTATTAACAGCAGTTTTTTTAAGCTTAATTATTGCCGGCTGCGGCGGACAGAATCCCGAGCAGACCGAAACCCGCAGAAACGAAGAGAAGCCCGTCGATGTGCGGACTGCCGTTCTTGAGAAAAGAAGCATACCCGATTATTTTACCCTGCCCGGAACAGTTGAGGCTTGGGAATCTGCCACAGTTTCCGTGGACCTTGCGGGGACAGTGATAAAAACCTACGCAGAGGAAGGGGAAAAGTTAACCAAGGGCTCCTCCGTCATCAGTCTTGACACATCCACTTATAAAGCCGCCGCGGACAACAGCAGGGCGACTCTCGCGCTTGCCGAGAAGGAATATGCCCGCGCTAAGCTTCTCTACGAAAGCGACGCTGTGAGCAAGCAGACCTATGATCAGGCGCTTGCAGCTCTGGAGCAGGCGGACGCTGATCTCCGCTACAGCGAGGCGCAGCTGGGGAAGGCGGTGCTGAAAAGCCCCATAACCGGCTGGCTGGACAGACGCTATATTGACACAGGTGAATATGTCGCCCCGGGTGATCCGGTCGCGGTCATAGTTAACACTGACAGGATGCGGCTCATTGTCGATGTGCCTGAGAAGGATGTGCGTTTCCTTAAAGAGGGAACGGAGGTTGAGCTCTTCGAGGCACAGGTGAATAAGGACGGAGCGGAATACAAAGGGAAAGTGCTTCACGTTGCAAAGCAGGCGGAAGCCGCCACCAAGACCTACAGAGTGAAGCTTGAGATAACCGGCGGCAAAGAAAAGCTCCGCCCGGGGATGATAATCCGCGCAAGGTTTCTCCGCAGGGAGTTTGCGGATGTGTTTGTCATTCCTGTTTTCAGCGTTGTGGATAAACAGGAAGGCAAGGTGGTCTTTGTGGAAAAAGACGGCAGAGCCGTACAGATTCCCGTTGCTGTTTCCGCCGTAGTCGGGGAAAACGCCGTGATAGAAAACGGGCTCAACGCAGGAGACAGGCTGATTATAAAGGGTCAGCAGTTTGTGGCTGACGGTTCAAAGGTTCAGGCGGAGTAATATTTTATGCTTATCACTGACGCCGCCTTAAAAAGAAAAAGCACGGTCTTTGTGCTGATGATTCTGTTTATAATCGTCGGCTTGTATTCATACATCACCCTCCCCCGTGAATCGGATCCGGACATTACCATACCTTACGTGCTCGTGGTTACGGAGTATGAGGGAGTTGCTCCGGAGGATATTGAGAGTCTTATCACTCTTCCCATTGAGCGCAAGCTTAAGGGGATCAAGAATGTTAAAGAGATAAGAGCCACAAGCTCCGAAGGGGCTTCGATAATCGTTGTGGAGTTCATAGCCGATACCGATATAGACAACGCCATGCAGTGGGTTCGGGACAAGGTTGATCAGGCGAAGGGAGACCTGCCGACGGATCTTGAGAATGATCCAATGATCATGGAGATCAATCTTTCCGAGTTTCCCATAATGAAGGTCGCCATCCACGGAGATGTGCCCGAATACATCCTTAAGGAGGTCGCGGAAGATCTCAAGGATGAACTTGAAAGCGTTCAGGGAGTGCTTGAGGTCGTCATTAACGGCGGGCGTGAGCGGGAGATCCGTGTTGTTTTCGATCAGGAGCGCCTCACCGCCTACGGGCTTTCCTTCAGCGAGATAGCCTCTGCTGTCCAGAGGGAGAATGTCAACATCCCCGGCGGAACAATGGATATGGGCGGCGGAAAATATCTGCTGCGCATCCCGGGCGAGTTCAAGGATCCGGCGATAATCGACAATCTCGTGCTTCTTTCCAGAAACGGCAAGCCGATCTATCTAAAGGATGTCGCTCATGTGGAGGACACATTTGAGGATCGTGAGAGCTACTCCCGTCTCAACGGCGATTTGGCAGTTTCAATTGAGATAAAGAAGCGTGCCGGCGAAAATATAATAGAAGTTTCAGACCATGTTAAGGCTATTCTTGAGATAGCCCGCACCCTTGTTCCCGCCGGCGTGAGCCTTACCGTGACCGAAGACCAGTCGGACGACATAAGGCTTATGGTTGAGGAGCTTGAGAACAACATAATGTCCGGTCTTGTGCTTGTGGTGCTTGTGCTGTTCATGTTTCTGGGCAAAAGAAGCTCGTTTTTCGTCGCCGCGGCAATACCGTTTTCCATGCTGCTGTCATTTGCGGTGCTTCAGATAATGGGAATCACGCTGAACATGGTTGTTCTTTTCAGCCTCATCCTTGCTCTGGGCATGCTTGTGGATAACGCCATAGTTATTGTGGAAAACATCTACCGCCACATACAGGAGGGCAGGGAGAAGAATGAGGCTGTGTCAATAGCGGCCTCCGAGGTTGGCTGGCCTATCATAAGCTCAACCGTGACAACGCTCTGCGCATTTGCGCCCATGCTCTTCTGGCCGGATATAATGGGAGAGTTCATGAAGTTTCTCCCCCTTACGCTGATAATAACCCTTACCTCTTCGCTGTTTGTGGCGCTGGTGTTCAATCCCGTGATATGCGCTGTTTTCATGTCCGGTAAAAAGGACAAAGCGTACGAAGACGATGGAAAGGACTCACTTTTTATGCGGATGTATCTGAAAAGTCTGGACTTCTCTCTGCGACGCAGATGGGTTGCGGTCTTAGGAGCATTCGGCGGAATGCTTGTGATACTTATGCTGTTCGGCGCCTTTAACAGCGGTGTGGAGCTCTTCCCCGACGCTCAGCCGAAAAGGGCTTACGTGGGCGTAAAGGCTCCCGAAGGAACAAGGCTTGAAGTGACAGACAGTTACGTGAACATAGTCGAGCAGATGGTGATGGCTGAGCCGGACGTGAAATACATCATAGCTGACAGCGGCATAACCCCCAGCGGAGAGGAGGGCTCCAGCAGACTCTCAAACCACGGGCGGGTGAGCATCCGCTTCCATGAAAAGGATGACCGTGAAGGGAACAGCAGTGATGTTCTGGACAGGCTGAGGGAAAAATTACAGTTTTTTCCCGGAGCCGAGATAAAGGTTGAGAAAGAAGAGAACGGACCGCCTGTGGGCGATCCTGTGAGCATAGAGATAGGCGGAGAGGACGTGAATATCCTTGAGCGTCTGACGAATCAGGTAAAGGCTGAGGTGAAGGAAGTCTACGGCATAGTGGATCTCAAGGACAATCTAGTGAAGTCCAAGCCTGAGATAAG
NZ_CP035108.1_gap5	254724	258766	4042	GTTTTCTCCTTCTGTTACTGGCAGAGCCAGTTCTTTATGGATTTTGTCACAAAACCCCTTGTGGATGTGATGCCGGAGAAATCAAGCATGGCTATGCTGAAGATAACCGAGGGTTTCTTCATGGAGCTCAAGCTCTGTTTTATGGCGGCGCTTTTTTTCAGCATGCCCTTTATCTTCTATCATATATGGAAGTTCATTGCCCCCGGGCTTTATGTTCATGAAAAAAAATACGTTATGGGATTTGTTATCAGCGCTTCGCTGCTGTTCTTTCTCGGCGCGGGCTTTGCGTATTATTTCGTGTTCCCCTTCGGCTTCGCGTTTTTCCTTAAATACGCTCAGGGGTACGTGATAGCGAATCTTTCCATAGAGTGGTATCTGAGCTTTGTAACCAAGATGGTTCTCGGGTTCGGTATAGTTTTCGAGCTGCCTGTATTCACCTTTTTCCTTGCGAAGATGGGTATAATCACGGCAGAAATGATGCGCAAATACAGGAGATACGCTGTTCTCGGCATATTCATTGTGGCTGCGGTCATGACCCCGCCGGATGTTTTTTCACAGCTCATGATGGCAGGTCCTCTTCTGGTTCTGTACGAGCTGAGCATATTCATTGCGGTCATTTTCGGGCGCAAGAGAGAGATAACGGAAGACGAGATATATGAATAATACAGTTAAAGACAGGTTCGGAAGGGAGATACGCTATCTGCGCATCTCCGTTACGGACAGATGTAATTTCCGGTGCAAGTACTGTATGCCCAGCGGCGAATTCAAGCACCTTGAGCATTCGAGCATTCTGCGCTTTGAGGATATGCTTTTCGCCACGGAGGTTTTCGCCTCTCTCGGAGTGCATAAGGTGCGTGTCACAGGCGGCGAGCCTCTGGTTCGCAGGGGCGTGACCGATTTTCTGCGGGAGCTGAATAAAATCGACGGTATAGACGAGGTGACCCTAACTACGAACGGCGCTCTTCTCGGCAAATACGCCGAAGATATAGCCGCCGCAGGGGTAAAGCGCATCAATGTGAGTCTTGATTCCCTCAAGGCGGAAAAATACAGGGAAATCACCGGAGGCTTCGATATTCAGAAGCTTCTGGAGAGCATCTTCATAGCGAAAAAGGCAGGGCTGCGTCCTGTGAAGACAAACAGTGTCCTCATCAGAGGCTTTAACGACTGCGAAATATACGACTTCTGCGAGTTCGCCGCCCGCGCGGACATAGTGGTCAGGTTCATAGAGTTCATGCCCATAGGAAACTCCTGTGAGTGGAAAAAAGAGAACATAATGTACGGTTCGGAGATCATTGATCTCATTTCCAAAAGATACAGAATCGCTCCTATTGAGAAAGAGAAGACCGCCGGACCCGCCAAGAATTATAAGCTCTCCAACGGAGCCACCATAGGAATCATCACTCCTATCTCAAACCATTTCTGCTCCGAATGCGACAAGCTGAGGCTCACAGCGGACGGGAAAATCCGCCCATGCCTCCTTACGGATCAGGAAACGGATATAGTGGACGCAGTGAGAAGCAGGGACAGTGACGCTCTCAAGGCTGCTATTATGGACGCTCTGGGCAAGAAGGACGAGGAGCACCACATCGTGACGGACAACAGAAATGAAAGATTCAAACGCACCATGTCAAAAATCGGCGGATAAGCTGAATATCGCCTTCGGAGAGAAAACTCTTGAGATAGAAACGGGCTTTCCCGTTGATGTTCTCGGAGCGTTCGCAGATTATGCGCCCCTTTCCGATTACGGGATACAGGAGGCGCTGGATCAGTGCGTCTATTCCGAGTCTTACTCTGCCTGTGCGGAACGTGCGGAAAAGATACTGTTCATACTTCCCGACATTACCCGCAAAAGCGGCATGGAGCGTTTTTTCCCATCCATGCTCGCAGAAGCGGAGAAGCACGGAAAAGAGGTGAGCATAATCTTTGCCGTGGGAACTCACAGGGCGGTGACGGAGGATGAGAAGAAGAGGATTCTCGGCGGGGAAATCTATTCAAAATATAAGGACAGGCTTTTTGATCACGACTGCGAAAATCTGGAAGCCCACGCCTTCTACGGTATCACAAAATCAAAAACACCCATTTTTATCAATAAAATATATCTTGAGCACGACTTAATAGTTCCCATAGGCTCCGTGAGTCATCACTACTTCGCCGGTTACGGCGGCGGGCGGAAACTTATCTTCCCCGGAATAGCAGCGAAAAAATCCATACTGCGCAACCATATGCTTGCTCTGGACGTCTCCGGCGGCGGAAGGCATCCTCTCGCGAAGGCGGGGGAACTGAACCATAACCCCGTTCACCGTGACATAGTGGACGCGCTCATGATAAGCCGTTCGGGAAGAAACTTCTTCTCCGTGAACACTGTCCTTGATGAACAGGGAAGGATTCTGGATATGGTCTGCGGCGATTTGTTCATGGCGCATCATAAGGCTTGCGAGATTCTGGACAGCAGATTCCGAATCACTCTTGATAAAAAGTACAAATCCCTCATTGTTTCCTGCGGAGGATTTCCCAAGGACATCAACATGGTTCAGGCGCAGAAGTCGCTGGACAGGGCTGCTTCCGCTGCCGAGGAAGGGGCGGACATATTCCTTTTCGCTGAATGCGCCGACGGCTACGGAAACTCATATTTCCGTGATTTTTTCGATCTGCCGTCCTCAAAGGCTATGCTGGAAAGCCTCCTTGCGGATTACCAGATAAACAGGCAGACCGCTTTTAACCTGAGAACTCTTACGGAACGCTTCAATGTCCGTCTTTACGGCAGCCTCAGTGAAGAGGACTGCGCGCGTATGGGCTTTCAGAAGCTCAATGCTCCCGAAGACATGCTCCGTCTGCTCAAGCCGGAGACAGCTTTTATTCCCTCCGCCTACTCTTTTCTTTTCGGCTGATATTCCCCTGCTTGGTCAAAAATTTGTGTATTCGTGCGGTTTCCCTTTCTTTTTCGGGCAAAACTGCTGATTATATTACAGCAGAGCTATGTCTGTCTTTATTTCGGTGGAAAACCACCGGGTCATGAAATATAATTAATAACGGAAAGCTTTCTTTCCGCGCAGTTTCTGCTGGAGTTTTTTATGAAAAAATCCCTGATTGCGGCAATTGCCGTTCTTTTTATTAGCCTTAGCGCTTATGCTGCAAACCCTATGCTCATAGGCGGCGTGTTCAACGGATACAACAAAGAGACAATAACCGTGGGGGACAGAGTATACACCTACGGAGAGGAGCTCCGTGTTGTGAGGCAGTTCCGCAGGGGCGACGCCTTTTATGAGGAATATTCATCCCTGAGAGATATACGGCGCGGCGCGGAAGTTGTTGTAACCGCTTACGGCAGCTACGCTGTTCATATTCTGATAAAGGGTGACTGACATGAAAAAAATAAGCCTGCTTCTGTTTATTTTCCTTTTATGCCTCAAGCCTGCCTCCGCCGATATGATGAACTACTGCGGAAGCGGAAACAATTCCAGTCTTCCTCCCTTCCTTTCCTCAAGTGTTTCTCCGCTGGTGATGTTTGTCATGGGGCGGGATCACAAGCTTTACTACGAAGCGTACAACGACGCCACAGACCTTGACGGAGACGGTTTCATAGATATAGGCTACAAACACGATATAGACTATTACGGCTACTTCGATTCATATAAATGCTACACCTACACCACCTCCGGCACAGCCCGCTTCAATCCCTCCGGCACAACTGACGACAAATACTGCGGCGGAACAGGGGAGTGGAGCGGAAACTTCCTGAACTGGCTTACCATGTCCCGGATGGATGTTCTGCGCAAGGTTCTTTACGGCGGGCACAGAAAAACTGACGGAGCGGATGAAACGGTTCTCTCCAGCACCTATATACCCCGTGACGCACACTCATGGGGCAAGGAATACTGGGGCAGCGACACAAGGGATCTCACCCCTTATGACGCTCCTTCAAACTTTACATGCGATATGCCGGATGCCGCCACTCCTTGGAATGCGGCGAGTCAGATACTGTTTGTTACCTACCGTGACGGTGTGGATAAGGGCTGCGGCACAAGCCATGACAACATGATTT
NZ_CP035108.1_gap6	260359	263602	3243	CCGACGCGCATCCGGTTACGGATTACCTGCCTAATATCGACACCCACTCCGTTGCCCTCGCCTCCCCCCTGCCTGAGATCGTTATAAATGTAAACAGCAGCAGTCAGGTTAAAATAGTTCCTCTCGGCAAATCAGTGGGCGGCAGCGGCATAAGCTGCGGTTACTCCATTAATAACAGTACTTACGGGCTGATACTCAACGGTACGGGCTTTTGCCCCTCCAACGGGATTGTTGACTTCTACGCCGAAACGATAAGCGAAACAAGCGGACGCTTCCGCATCAACTTTGAGGACGTCGAGCAGGGCGCCGACCATGATATGGACGCCATAGCAAGGTATGACTATGTGGTGAACGCAAACGGAACGGTTACCATAAGTCTCACTTCGGAATACGCTGCGGGCGGAATCAATCAGGCGATGGGCTTCATCATCACCGGAACATCTGCGGACGGCGTCTACCTGCCTATATCGGATTTAGCTGACGGGTCAAGCAATGCTGCGATAAACGGTCTGCCTTTGACATGGTCAAAGACATTTACCCCCGGGGGCACCAACGCTTCACTCCTGAAGGATCCCCTTTGGTACGCGGCGAAATACGGCGGCTTCAACGACTCCAACGGGGACGGTCTGCCTGATCTGGACGCTGAGTGGGACGAAGACGGCGACAGCGTGCCGGACAACTACCATTTCATAACGAATCCCCTTGAGCTTGAGCAAAAGCTCGCGGAGGTATTTCAGGACATACTTAAAAAGGTTTCCTCCGGTACGGCGGTTTCCATAGATAAAACCAAAAACAACGGCATGCTGCTCAACCACGCTGTGTTTTACCCTAATAAAGACTTCGGCGATTCGTCAGCCTCCACCACCCTTTCTTGGATAGGGCAGCTCTTCACATACTGGTTCTACTCAAAGGACAGTTACCAGAGCATAATCGAAGACACTGACAAGAATAAGATACTTGAGATGGGAGAGGGAAAGGATAAAATACTTGAGTTTTACATAGACTCCTCAGGCACTCTCCAGATCGATAAATATGCCACAACCGCTTACGGCGGCAAGGGAGCCAGAACCAACTACAATACCTCTCTGGATGATGTGGCTTATCTCTGGGAGGGCGGAGCTTCTCTGGCGCAGACGCCTGCCGCTTCAAGGATTGTCTACACAAACGTGGACGGTAGTCTGGTGCGGTTTACTCAGGCAAACGCCGATCAGTTCCTCGGTAATTTCGGCAATCTCGCAGAAACCTGCCTCGGCAGTGCGGCAAACCTTATTAATTATGTACTTGGTGTTGATACAGCCGGATGCCGTTCCAGAACATACACGGATTCAGACGGAAATCAGGTTGTGTACAAGCTCGGCGACATAATTAACTCAAGCCCTGTTATGATAAATCATCCGAAAAAGACAGGCAAGCCGGGCTATGTCATGACATATGTAGGCGCCAATGACGGCATGCTCCATGCCTTCCGTGCCGGCAGGGTCATGAGCGCCATAGGCGGGATGAAGCTCAGCGACGACACAAGCGTAACCACCGGCGCTAATCTCGGAAAAGAGGAATGGGCATTCATTCCGAAAAATGCCCTGCCCTATCTGCGGTATCTGGCAGATCCGGATTACTGCCATCTTTACTATAACGATCTCACTCCCCATATAATAGAGGAAGACGGCAACAATGACGGCTATATCGACAGAAGAATACTCATCGGCGGCATGAGGCTCGGCGGTGCCTGCGGCGTGAGCGGCGGTGATTCCGTCAACCCTCCGTCCGATACATGCTCTGATACGTCAAGCGCGGACTGCGTTGGGCTTTCGTCCTATTACGCCCTTGATATAACCGACCAGAACAATCCCGCGCTTCTGTGGGAGTTCAGCGAGCCTCATCTGGGCTTCAGCTTCTCCGGTCCCGCTTACATAAAAAAAGGCGGCAGCCGCTACATAATGTTTCTCTCAGGTCCCACGGACTACGCTGGCTCCTCGGCGCAGAGACTCAGTGTTTTTGTGTTGAATCTCAACAGCGATTTCACGCTCAAGTCAACAGGCGGCATAGTTAAATTCACCGGAGAAAGCAGATCGGGCTTTTATAATGTTTCCGCTCTTGCCCCTTATACCAATACCTTCGGCGGAAAACTGTTCAGCAAAGGCGTTGATTACGGCGGCGACGGGGATACGGATACAGTTTTCTTCGGAGTCAGCCAGTATAAGAGCAGCGCATGGACAGGCAACGTGCTCGGCGTATCCATCACTTCCGAGACACCGTCTGAATGGACGTTCAACAATGTGTTCGACAGCAGCTACGGAGCGGCGAAGCCTGTTACGGCAAGTGTTGAGCATATGAGCTGTTTTGATATGAACTATATCTACTTCGGAACCGGAAGATGGTTCTATAAGACAGACGAGTCCGGCAGCGGCTCAAGCGACCGGAACTATCTCTACGGTGTGCGCATCGACGGCTGCAAGGACGGTGATTGTGATCTCAGCGAGGCGGAAAGTGACGTATGCAGCGATATAACGGGACCAAACGATAAATACGCATGGAAGAAAGCGCTTCTCGGAAGGGGGGTGGATGACCTTATGGAAAGGCTTATCGCCAATCCCGCCACCACTCAGTATTCCAATGTGGTGTATTTCAATACCACTATGCCGAACGCGGATATATGCGCGGCCGGCGGTCAGCACAGGATATGGTCAATAAACTGCGCCACAGGCAAAAACGCCCCCGACTATACATGCCCCGGATACAGTGTGACAACTGTGCCGTCGGTTGTGGATCCCGGCGCCGCGCCGACTATTATTGATGATTACTGCGCCGAGCACCCCGATGATAAAAGATGCGATCCGAATTACTGCCTGCAGCATCCGGATGATCCGGATTGTCTGGAGGAGATTCCCGATCCGGAATTCAGCCCTGAACCGGGCACGGGAGAGCCTGATCCGCTTGAACCGGACAGAACCACCCGCAAGGGCAAGCTCCTCTTCTGGATAGAGAGATGATGAACAAAAAGGGTCTGACGGCGATAGAGCTTATGGCGGTTATGACTATAATGGGGATCGTTCTCACTATAGCCGTGATCAATTACAGGAACCTTATGGTTAAGGCGAATGTAGAATCCGACACGAGACGTATTCTTACCATGGTTACATCCGCAAGGCAGTATTCCTTCACAAGGAAGGTACAGCTTCATGTGGCTGTGGACGGGAAAACCGTGAGGATAGAAACGGAAGACGGCAATTTATACGAAGGTCT
NZ_CP035108.1_gap7	282658	285532	2874	TTGCCAGTCCGTTTTGCTGAACAGAGACTTTACCGTCCGCGTCGAATATTATAAAGGCAGGCGACTGAATGTTATAATGAAGAAGCGAATCCATATTCTCCGATGCGAGAAAAACTCCCGCAGTAAGTTTGATCCCGCCGGACATGCTGTTGAACTTCGCTATTTCGGCTTGAACCGCATCGCCTTCCTGAGGCGCGTTGACAAACTGAAGAAGCGGCAGCGCGCCTTCGGCTTTTGCCTTCGCGATGAACATGTTGACTGGTTTTCTGGAATCAACTATGGACGGCCATGCGCTCATCAGAATCATGGCTCCCACTGCCAGAATAAATACAGGTATAAAAATTTTCTTCATTTTTCCTCCGTTAATTAAGAACTATTCATATGGGTTATAAGGTCTGAACATATCACCGGAGTTTTGTTCAGAACAAGTTAGTAAATTAAAAAAAGGAGGCATACGCCCCCTTCATTCCTTTGGACTCTTTAAAGATAATTGTTTTCGGAAACAGCCCTTAATAATAAAATAAAGCTATTTCCATGAGAGCCTTCCGAAAGAAGAAGGACTCCCCCCTCAGGGATTACTATAACATAATTTTTAAAAATTCAAACTTATTTTTCATAAAATCACATTAAACTGCTATAATTTCTTTCATAATAAAAAAAGAATTTATTCAGAGTGAACATATAAACATTAGATTTATGCAGCCGACATACATTTTTCTTATAAGTAATTTAATCAATCAATTGAGTGTTGGTTTCATCATTGTTTTAATGTATTCTGAGCTTTATAATGTGTAAAAAGTTTTCTTACATATAAAGAGTCTTAAAAGGTGGATTATGCTGAAAGACTGCATATTTGAAAAAGGCGAGTTTATTTCGGTGTTCAGCGGATATTACGAAAATGAGAACGGAGCGGCGCCGGATCATGAAATTCTTTTCGGAGCCGGACAGTTTTTTGACAACTGCTTCACCGATATTCCCGGAAGCAAGCCGGCGGAGGATTTCAGCAATGCCGTAAGAGACGCGGGACAGAACGGACAGACTGTGGTGGTTCCGCTTACCAGAGCTATAGCGTGGGCGCTGTGCAGAATTTGTGATGATATAAAAAACAGCCCAGTGAAGCAGGGTTCACATGCCCGCCTTCTGGAAGCGCTTGAACTTCTCCGCAAGCCGCTGAAAAAGTTAGAAACAACAGACGGCTCCGAAGTAAGAGATATGTTCAGGTTCATAAAGAACAACGATACTACCGCAAAGCTGCTTAATTCATATAAAGGGTTAAGGGTCTTTCACTCCGCTGAGATACTGGAGATCTGCGGGGATGACCGCATTATAATGCAGGTGCATCCTGAACAGATAAAGGCTCTTGAGATTGAAGGTTATACATGTATTACCCATAAGCTTCTTCCCCAGCAGATCACTGCGGATGTCAAAAGCATGGACTCTGCAAGCGGCGTTGTTGAGTTCGTCAATCTTGTTATCCTGAAAAAACCTTTTGACAGAAGGAAGATCTACCGCCTCCAACCGGAGAAGCCCATTACCGCGGTGCTTTTTGCGGAAGGAAACCGCACAGAGGTTGAGATTGTCGATGTTTCTCTGCGAGGAATTTCACTCCGCCTGAGAGAGAATACTGTCGGCTCCGAATCGGAAGTCAGAATCAGCTTTACGCTCCCGCTCGATGAGGGCAAGGAGATGATTCTTCGGGGCAAGCTGAAATATATTTTCTGCGAAGAGATCTGCAAGATGGGGCTTGAGACCTTTCCTGATCATTCGCAGGAGGCTCTCATTAAGAGGTATCTCATCGAAAGGATGAAGAAAATAGAAAAAGAACTCACCTGAGAGGAGGAACAGAAGCTTGGGAAATCCTGCCGCTCAGACTGATTTTGAAAAACATAACCGCTATCTGGAAAACATCTGCCGGGAGCTTTCCGCAGGCGCAGTCCAAGCGCCGATAAGCTGGATGCTCTATGAAAAAGAGCATTCACTGCTCACCCGCAGGGAGACTGAACAGGTTCAGCAGAGGATACTCGCCGTGCTGCGGGAGAATTATATCTACCCTGCGGCACAATCCGGCGCCATAAGCCATGAGCTCATCCGTGCGGCTGATCTTGTTTTCAGAAGCGGATTTAAGGTGCTGAAAAATTCGTCGGACGGTGTCTGTTATAAAAAAGCTTCCGAAGCGTTTTCTGCGATAAAAGATGATAAACAGCATTACAGCAGGCTGAATCTGGCGTTCTGCATGTTTGTTCTGGATGTTTTCAGAGGATCAAGGGACGCGAAAGCGGATCTCTTAGAGCGTATCTGCACACTCAACACAAACACATTTCTCCCCGGGCAGCAATACCTGAACGGTTTCCTTGAGCTTATGCGCTCTCTCTTCACAAAGGAATCCATTCTTGATATTTTTATAAACCGAATCTTTAAGGGCAGGTTCTGGAACAGTGATCTTAACTCCAAGAAATCCTGCTTTCTCTGGGTCTTCCCCATATTCTGGACATGCTTCGGCATAGAGCGGGAGTTTAAGGCTGTTTATCCTGTCTGGCTGGACATTTTCAGAAAAGCGATGCAGAAAAATATGACGGAGCTTGTGTTTTTCATGCACCTTCACCTTTCCCATGTTTATATGAATCTCGCCCACACTCAAGGAGAGTTCAGGCAGTTTAATGAAGAGGTTGAGAAGCCTTTCAGCAGGTACATTCTTAATAACGTCATCCCTGAATACGGCATAAAGCCCTGCGCACGGGAGAAGAAAACCGACGGCGCAAAGAGAATCGGCTTCGTCTTTGACCGCATAGTGGGGAGCTCCCCTGTGAAGCTGCTTTACTCTCTTCTTGAAAAGCTGAAAAAAGAGGGGAGTAAAGACGAATACACTGTCTATGA
NZ_CP035108.1_gap8	289033	292003	2970	GTTTACCGTTTACCCGTCCATGCCTATGGGCTCAGGGCTTGCGGGGAGGTTTTCCGCCCTTGAATCACGCAGGATAGATGTTAAAACCGTTCGTTTAAGCGGGTACATGAGCGAATATACAGATTTTCTTAAGCTGGATATAGAGGGCGCTGAGGAAGCTGTGCTTAGGGAAGCGGCGGACAGCCTGAGTGAAAACTGCGGGTCAGGCTTCATTGAGTATCATTATGATTCTGAAACTGCGGAGAACAGTTTGGGAAGTATTCTACATCTTCTCGAAGATAAAGGGTTTGCGTATGAAATACGCAGCATGCACATCCGGCGTAAGAATGCCGCTCCTGCTGACAAATGGTCTATGAATATCTTTTTTACATCACGGAGAAAATCGGATGACTGAGCCGAATGATATAAAGGTGGTGAATCCAGAATTCAGACATTATGCGGAACCGGACAGCAGGGTGCTTGATATTCTGATGCTGTCTGTTTCAGAATGGAAGGCTATGCCCTTTTATGCCAGAGTTCACGCCAACGAGTTTTACCTTCTTCTGTGTTCGCTTGATATTAAACCCCGCCATATTCTGGAATGGGGCAGCGGGTATTCCACCTATCTTTTCAGCTATTTTGCAGGCATATGGGGTACGGAGTATATTCTGAGCATAGACGATAACAAAAAATATCAGGATGATATTCTGGAGAAATTAAGACCCTCTCAGCCGTATCTGGAGGCTTGCAGCATTTCTCAGACAGGGCAGATATGGCCTTGGGATGCCGAGGAATACAATTATGCGACATTTCCCTTTTCAACAGGTAAAAAATTTGATCTTGTGTTTGTGGACGGAAGAAGGCGGAACGAATGTATGTTTGCGGCCAGCAGGTTCCTTGCCGAAAAGGGGCTCGTAATCCTGCATGATTCATGGCGGAAACGTTATGAACTCGGAATGAGCCTCTTCAGGAAAATCAAAATATTTGATGAGTATACGATAATGGTAAACAGAAATACAACATGAGCAGAACGCCATTAACCTTTTGTATTTTTCAGTCCCGGAGTTTATGTGAGAGAAAAATCTGCGATGCGTAAAGAACCAGTGAGTGCTAAGGGAGAGCTTCTGCCGTTATTCGATCTATATGAAAACTTCCCCGATCTTTCCTATGGCGTAACCCGAAGCGATATATCTCCATTATTTTTCAGTTTTGAAGAGTGAGGAATATTTATGAATAATATCGATATTGAAAGCATTATCTTCTCCTCAGCCAGCCCTTCGTTCAGCGATATTCAGGCATTCAGGGCGATTATTCGGAAGTCCGGCGGAAGTGTGATTCAGGATGCGGAATATATAATCAGAAAAAGGTATGACTCGGATCCCGGTTCTGCCGACTGTTTTTCAAGACTGGGATATTTCCTCATGAACTGCGGAATACATGAACGTGCGCTCGATTTCTTTCAAAGAGATGCGTCTGAAAAGAGACAGAAATGGTGGGGAGCCTTGAGACATGCGGAATGTATGGCTTTCTGTGGACGAGAAATTGACGCGCTGAACATGGTGGAGAGCATTTACGGAGACCATCCCGAAGCTGTTAACGGGTACGGGCATATAGCTTATAATCTCTTTAAGAGAAAAAGAGCTTCAGCTTTATCCGCAGCAGGGCTTGCTGACAGGGATCTCTGTTCCGGCAGAATGAGCAAGGGGTTTAAGGTCATCGCAGCGCAGATATATGCTTACACTGAGCCGGAAAAAGCAGCACAAATATCTTTGGAAGCTTTTGCTGGTGACAAAAGTCTCAGTGGTGGACTTTATAATGTCGCTGATGCCCTGCGGACTGCGGGTTCGGCAGATGAGGCTGACAAAATGCTCCGAACCGCCGGACTTGAAACCGCGAATTTTCTAAAGGATTCCACAGGCAAGACTGAAGTGCCTGTACAGGAAGACAAACCTGTTTTCAGACATCCTGAACCGAAGGAGTTCCCTTCGGAAGTCTCCTTTTCCAGAGACAGAGTGTTTGATGTGCTGGAGGATCTGAAAGAGTTTACCGGACTACAGGAAGTGGCTTTGCTGGAGTTATTATACCGCAGGGAGAATCTGTCTTTTATGGATGAGTGGTCATCCACTCCGAAAATTCTGCGTGAAGACCACTGGTTTTATCTTTCATCAAAGTTTTATCTCTTCGCCAACTCCATCCACAGGCATGCGCCGGGTTGCGGCGTTTTGGAGCCGTCAATTTTCAGAAGCATTGTTCCTGTTGGCGGAAGAGTTCTTGATTATGCGGGGGGGACGGGAAATGCGGCGCTCAGCATGGCAGCAATGGGGTATATAACCCATTACAGGGAGCTTTCAGCACTTCAATCTGCTTTCGTCCGTTTCAGGAGAGATAAATACGGTATCGGGCTGACAGTTCATGACTGGTGGGCGGAACTGCCTGAAAGTTATTTCGATTTTGTGAGCTTTGATTCAATAGGTCATGTGATAGATCAGGATAAAGAGCTTCGCAGGATAGCGAGAACACTCAAAAAGGGCGGGGCGCTCTTCCTTGAGCTGGTAGATTTCTCTGTTCCGGCTTTATTTCCGTCCGATGACCCGCGCAGGTGGGAGTATGCGGAGAATGAGCAGAATATGCACGTGCCCAATCAGCTTGGGGAGATAGGAAAGTATATGTCGCGCTCCGGTTTTGAATGGAACGGTATTGTATGGATAAAGACAGTATAGATCTATGAAAATATACTTTGCGGGGAATCAGGTCTGCATGAAGCGCGGGCTTGATACGGAACGCTTTAAGAGATACTTCGCCGCCAACGGATGGACAGAGGCGGAAACAGCGGAGAGTGCTGACGCGGTTATAGCCGTTACATGCGCCTTTGTCTCGTCATACACCGCAACTGCTGTGGGTATGCTTGAGGAACTCAAAAAACAGGGCAAAAGGCTGATAGTTTACGGCTGTCTGCCGGATATGGCACATGATGAGTTTGAGAAGGTTTTC
NZ_CP035108.1_gap9	356149	361034	4885	GCAGTAAAGACCATGCCTCAATTGCACTTTTGTGATTTGGTGCTAATTCATAATTGTCATTTAGTGCGATGTGTCTCCATAATCGTTCTATATCGTATACCCCATATGGTGTACCGCAATGATATGAGTCTCTGATAACATAGTCACCTTTATCAACATCAATTTTTCCATCAATAAGCTTACGTAAGATTTGTTCAACAGGGGATATGTCTCCCGATGAATATTCTAATTTTTTATTGAGCACTTTAATGGTTTTTTTAACAAATATTTCGTTTTTAAGTGAGTCGGAGTGTTGAATTATTTTCTGAGCAACAAATAGAGAAGTAGTTTCGTGGTCATAAAAAAAACTACTGCTACCAGCTACATACTTACAAGCTTCTTCAAGCGTATGGCTGAAAGGTGCGTGACCAATGTCATGTAGCAGACCGCATGCTCCTGCTGACAATATAAAGTTAAGATTAGCATTTTGTGATGACAAGCCTTTAAAATCGCTATCTTCTCGCATAGCAAGTTCTAGTTTTTCTTTTGAAAATTGAATTAAGCTTGTCGCAGCCATCATTGCAAGATACATTGAGCCTAGACTATGTTCAAATCTTGAGTGTACAGCAGATGGGTAGACTAATTGCTCAAGAGGGAGCTGATTTATCCATCTTAATCTTTGAAAAAGCTTATGATCAATTATTGGTAAGAATTTTTTTGGTAACTCTATTGTTTGGTATATAGGATCTCGTATAAACTTTGTATCTAAACAATATCCGTTAAATAAATGCACTTATCGCCCTATTGTAAAACAGCATCCAATTCTTTTGCCATTGTGATATAACGTTTCAGTTCAGATTCTGTTTTTTGTGACACTTCCGGCCACATGAATTTTGATAATGTTTTAATCATTGCGACCAACTCTGTATCGTTTTTTGCGCTATTCTTTTTATAGAAGAAGAATACTTTTGCGAGTAAAGCAATTTTATTAACTGAGTCTTTGAGCCCCTTACTCTCTAAAAACGAAATAGTTGCTTTAATGTTTGTGTTATAAGTACTTTCTTTGTGTTGGTTCGTCTGATACCCCTTGTCTCCGTAATCTATTATTTCTTTATACTGAAGGCTGTGAATAGTTGTTTGAATATCTTCACTGTATGGACCGTAGTGGTAAGGTACAAAATATTCATCCCTAGTCTTAGTAAAAGAAAAAAAAGCTATTTTCTGAATATTTGTTCTGCCAGTATTAAATCCTTTTTGGCCTAGTTCATGGACAATATTTAATACAATTTCAGCTAAATTTTCCATTATAAACCCCGAGATAATTTATACAAAAGTTAAACATAATGTATGGATCCTGTCAACGAGCATCTCTAGACCACTTATCGACCAAATACTGCACATTATTGAGTGAAAGTGATGAATCCGATAAAAATATCTACCTGTTCAGGATATTCGCCGAGACCTTATGGCACTCGGAACATTTATCAAGGGGGGCGTGCCAGCCGTCCGCAGGCCACTGGTTGTGGCAGTCAAAGCAGCGGGTTCCGCATCCGTCCGCAGAGGCTGCGGGGAGGAAGGTCTTCTTCTCGGAGGGTTCGTGGCACTGGATGCAGGTTTTGAGAGGCTGATGCTCTTTGCTGTTTGCAAGGTTCTGGTGGCATGTCATGCAGTCACCGGCGCAGCCTGCGTCGGCTTGGTTAAAGGGGGTCAGCGCTGTGAGGGCTACCATAAAAACTCCGATACAGAATCCCCAAGCAATTCCCCTTTTTCCGTTAACGCGATTTTCCCTTTTTTCCATTCCAAAAGACCCTCGCCGCACAGGCGGCTTATTTTTTCTTCAAGCTCAAAATCCCTGAGGTTATAAAATGCTGAAAGAGCGGTTATGTCAACCCCTTCCGTCATTCTCAATCCGAAAACCACGGCTTCCTTGACCAGATCAGCCTGCTCCGTGACTGATATTTCATCATAGGATGACGGCTCGGCAAGGTAAATGTTCACATCTTTCGTTTTACCTCTGTGGATTCGCTTGTCCGGATGGTTTTGAAGGGACCACGCCGAAGCTCCTATGCCTGTGAAATCCCCAAGCTCCCAATAGTTTATGTTGTGCCCGCTCTCATGCCCTTTCTGCGAGAAGTTGGATATTTCGTATTTGGCGTAGCCCCTTGAACCGAGGAAATACTTTACTTCAAGGAACATGCTGTCTGTCACCTCACCTTTTTCGCTCAGATAACCCGTGTCGAAGGAGTATGAGTAGGCGGATATATGCTCGGGCTTGAGGGCACATATCTCTTCCATGCTTCTGCGTGCCGCTTCCGGCGGTGCTTGGGGTATATCGAATATCAGGTCAAGATTGATGTCCGCATCGGGTAGATGCTTTCTTGTGAGATCGTATGCGGAAAAAACTGCCCTGCGGTCATGCAGCCTGCCAAGAAGCCTCAGCACATCATCGTCCGTGCTCTGGCAGCCCATGCTCAGCCTGTTTGTGCCGTGGGTTTTTATTGCTTTCAGAAAATCGGCGGACAGTGATTCGGGGTTAGCCTCAACAGTGAACTCCCCCGCTATGCTGACGGATCTGAAGAGGCTTTCCAGAAATTTGTCCAGAAGTCCGGCGGGAACGGCGCTAGGTGTGCCGCCGCCGATGTACATCGTGTCAAAGGCGGTTTTGCCTGTATGCGCCAGATCCGCAAGGAGCGCGTCAAAGTACCTGCCGATCAGAGCTTCATCATATACGTCAAGAGACATGAATCCGCAGTAGAGGCACTTTCTGCGGCAGAAGGGCAGATGTATGTAAAGTCCGCTCATTTCAGGAGGTTTTTGTACAGGTCTATATATGAGAGAACCATTTTTTCGGCTGAAAAGTCATAAGCCCGTCCGAATGCGTTTTCTGCCATGGTGCTCCGCAGGCTTTCATTATCCAGAAGTCTGCCGTATGCCGCTGCCAGCGCCGCATCATCCCCTATGCCGCAGAGATAGCCCGTTTCGCCGTCACTCACAAGCTCCGGTATTCCTCCTGCTCTTGTCGCCACAGTGGGCAGAGAGGCGTTCATGGCATCAATTATAGAGGTGCAGAGTCCTTCAGTCTTTGAGGTCATGGTGAATATATCCATGATGGAGAGCATCTCCGGTACGTCTGGACAGAAACCCGTGAAGACTATGTTTTCTCTGCATTTCAGTGTATCCGCAAGCGCTTTTATCTCCCCGAACATCGGACCGTCACCAACGGGGAGGAGGAGCACATCCTGTCGCTGCCCGCAGAGCCTGTCGAAAGCCCTGAGAAGTGTCGGATAATCCTTGTGATCGGAGAAGTTCGCCACGGTTCCGATCACCGTTTTTCCCTGCGGATTCAGCCTTGACCGAATCTCCGCCGCAAGCGCCGTGTTAAAAGCTTTGGGCTTGTCTGAGCCGCTGTAGATCAGGCTTATGCGCTCCTGCGGGATGCCGCTGTCTGCCATTATATTTTTTATGGCTTTGCTTATGGCGACAAGGTTTACACGGCTGCTTCTGTATTTATTGAAGAGTTTTTTCTTAAGCGTAAAGTCAACCCTGCGGGTGTGGACAAGCTTAAAGGAGTCGTTCAGCCATGACGCGGCAATGCAGGGAGTGAGTGAATGGCTGTCGTGTGAATGGACAATATCGGGTTTAAACCGCCTGATTATTTTCAGCAGACGGAAAATGTAGGTTGGATCAGCCTCACTGCGGAAGCATAGAGACTCCGTATTTTCCGCACGCTTTATCAGCTCCCCTTCGGGGCTGCAAACCATAAGACTTTCATGCCCGTGCTCTATCAACCCGTGGTGGAGGAAGAGAGCCTGTCGTTGCCCGCCTCTCCATTCCTTTCCTGTGTCTACATGAAGTATTCTCAAGCTTCTTCTTCCGGTTTATGAATGTATATGTCCATCTGCGGATAGGGGATGCTGATGCCGCCTTTTGTGAGGTTTATCTTAATATCTTCAAGCAGATCAGCCTTAACATTCCACCAGTCTCCTGTCTCCACCCATGAACGGGCAAACAGATTCACGGAGCTGTCCGCCAGTTCAAGAACCCCTGCTGAGGGCGCCGGATCTTTGAGAACTTTTTCATGGGCGCTCATTGTTTCAAGCATTATGTCCTTGGCTTTTTTGATGTCGTTGCCGTAGCTTATGCCTATAACAAGGGGTATCATTCTTGTGCCCTGAAGCGAGAAGTTTATTATTTCGCCGTTCATGACATTTGAGTTTGGGATCATTATCGTAAGGTTGTCGAAGGTTTTGAGTATGGTCTGAAAGACCTGAATCGTCAGCACAGAGCCTGTCTGTCCGGCTGTGGTCACTATATCGCCGACTTTGAAGGGGCGGAGCATCACGATGAGCACCCCCGCGCCGAAGTTAGCCACCTGATCTTTTAATGAGAGACCCACAGCGAGTCCGGCGGCGCCCATAACTGCGACGAGAGATGTCGTCTGCACTCCGAGGGAGTTGAGGGAGGCTATGATAACCACGGCGAAAAGCATGGCGTATATGACGTTTTTGAGGAAGCCGGCAAGGGTTTCGTCCATGTGGGTTTTCTTCATGCCTCTGTGAGCGACCCTTGAGAGAAACTTCGCTATGTATTTCCCGAAGTAGAATATAAGGATTGCGGCAACAATTCTCAGAGCGTAATCCGCGGCATGAGCGGTAATCTGCTCCAGTATTTTTTCGTAATTAGTCACAGTTTTTCCTCCATTGCTCTGCACATGGTTTCCAGTATCTTAAGGCGGGCGTATTTTTTATCGTTTCCCGCGATAAGATTCCACGGCGCATGCCCTGTGCTTGTGCGGGTTATCGTCTCATTCGCCGCCTGCTCATACATATCCCATTTTTCTCTGTTGCGCCAGTCCTCATCGGTGATTTTATACTGTTTCCACGGAAGATTCTCCCGTTCCTTGAAG
NZ_CP035108.1_gap10	400417	402631	2214	GGTTGCGCATCTGGCTGATTCCACGGTTGACACCCTCTCCGGCGGACAGAAGCAGAGGGTTTATATAGCCCGTGCCCTTGCCATGGAGCCCAGAATGCTCTTTCTGGACGAACCCACCTCAAGCGTTGACACCAAGGGGCAGAAAGATCTCTTCGACAGGCTCAGGGAGCTTAACAAAACAATGACGATCGTGGTGGTAAGCCATGACTTGAGCATAATCCCCAGATACGCAACCAGTGTTGCGTGTATAAACAATAAGCTTCATTTTCACGGATTGCCCGAAATAACCCCAGAGATGCTCCGCATGGCTTACGGCGGCACAGGTTGCGATGAATGCGATTCTCTCGGCATTCCGCAAGGCTTACACGGAGGACACATTCATGCTTGACGCTCTCTCCTTCGGGTTCATGCAGAACGCTCTCTTGGCGGGGTTATTTGCCTGCGTTGCCTGCGGCGTTATAGGTACGCTGGTTGTGGTGAACCGTATTGTTTTTATATCGGGCGGTATAGCTCACGCCGCTTACGGCGGTATAGGCATAGCCTTTTTTCTTGGCATTTCGCCCCTTTTGGGCGCTTTGGGGTTTTCCGTTGCGGTGGGGCTGCTTGTCGCGTTTATCTCCATGAACAATAAAAAGCGTGCGGATACTGTTATAGGCGTTGTCTGGTCACTGGGCATGGCGATCGGGATCATTCTTACTGATCTTACCCCGGGCTACAATGTCGACCTTATGAGCTACCTTTTCGGAAGCATACTGGCAGTGCCGCAGTCGGATATTATGCTGATGGCTGTTCTGGATCTGGCGGTGGTGGTGTTTATCGTCTTCTTTTTCAGGGATCTTCAGGCTATGAGCTTCGACGAGGATTTCGCAATCTCCATAGGCGTTCCGGTGAAGCCGCTGTATTACCTGCTTATAGTGATGGTTGCGCTCACCGTGGTGCTGGTAATACGTGTTGTCGGGCTTATTCTGGTTATAGCGATGATAAGCATTCCGCCGTACATTGCGGAGCGTTATGTGAAGGACCTCCGGCTGATGATGCTCTCTTCAGTGGGGCTGAACCTAGCGTTCACCGTTACGGGGCTGTGGCTGTCCTATACGTTTAATCTCACCTCCGGCGCGGCGATAATTATGGTTGCTTCGGCGGCGTTTTTCCTTTCGGAGTTTTTTGCGAGGGTTGTGAGAAAGTGAGCATAGTTCCTAAACGCTGCTCTTAGCCCGAAAGCCTTAAAAGGAAGGTGATTCGGGAAAACAGAGCGGACAGTTTTACTTCATTTTCTCCATCACGGCGGCGAAGAAGCCGTCGCAGTTTGACTTGGAAGGGTCAGATACGAAGTAGTCTCCCCTGATGAACTCCTCCGGACAGGCCGGCTTAACCGCTCTGAAGTTTGGGTTTTCCGTCAGGAAGGCGTTAACTATATCAGTGGTTTCCTCCGGCTCGGTGGTGCACACGCTGTATATCAGCCTACCCTTCTTCGCCAGAAGAGCACCTGTTTTTATCAGCATCTTTCTCTGAACCGACGCCTTTTCCCTTATCTGTCTCTCTGTGCGTATCCAGCGGATTTCGGGGTGCTTGCGCATGGTGCCTATGGCTGTGCAGGGGGCGTCAAGGAGTATAAGATCGAACGCCTCATCCCCTTCCAGCTTCATTATATCGTTATTGACAGGCTGAACGTTTTCAAGCCCGAAGCGCTCCACGGTTTTTTCAAGCACTTCAAATCTTTGCGGGCTTATCTCAACGGCGAAAATCATCGCCTCAGGATACCTTTTGCCTAAAATAAGCGTTTTACCGCCCGGAGCAGCGCAGCAGTCCAGAACGGCTGCGGGGTCTGTCTTCCCTGCCAGTGTGGGAACCATTGCGGAAGCCTTGTCCATATAATAAAGGTTTTCCGCTTCCTCGTCATATTCCTCAACCTCGGCAACAGAAAGGTCGTCCGTGTTCAGGGCGTAAAGCGGCGGAGCCTGATTGTACGCCGCCATAATTTTTTCCGCGGCGATATTTCCGTAGCGCCTGCGCCATCTCTCCGCAAGCCAGCCGGGGAAATTGTCCCGCTCAACGGAGGCGGACAGTATCTCGTCTCTGTTTGCTATTATCTTGCGGAGGATTGCGTTTATGAAGCCTCTTTTATTTTTGCCAACAAGGTTCACGGATTCGTTCACCGCAGCATAGTCGGGTACATCGTTCATGTACAGAAGCTGAGCCGTGCCCATCACAAGC
NZ_CP035108.1_gap11	407232	410198	2966	AGGGCTCATTAGGCATCAACGGGCTTTCGGGGCATGAGGCGTCGGAAAACCGCTTTGACGGAAGCTACCTAGGTTCGCTCCCCTATGCCTCCGATTCCGGCGGTTATTCATGGTATGCGGGCGTGAACTTCCGCTATCCGCTGGGCAACCGGGCCGCAAGGGCGGAAAGCGCGGCGGCGGGCTCTGAAAAACTCAGAGAGCTCATAATAATGAAGAAGCTTGATGCTGACACAGTGACCGAGATACGCAACGCCTTTGTGCTCATAGAAGGCAGCCGTGAACGCCACGGGGTGGCGGGAAGGTTCAGGGCGCTGGCTGAGAAGTCCCTCGCGCAGGAGACAAGACGCATGGAGGAGGGACTCAGCGACACTTTCAGAATACTGGACTTTCAGGATGATGTGATAGAGGCGAAGATCAGGGAGCTTGACGCGCTTTATGATTACAACACAGGGCTTGCGAAGCTTTACAGGGCTTCCGGTGAAAACCTGAGCAGGTACGGAATAGCCTTCCGCTATTCAGACGGAAAAGTAATGTAACAGGGGAGAGCATCAATGAATGACGCGGATAAAATTACCGAACAGCGTGAAAAGAATCTGAACAGCAGGATAAAGTTGAGAAAGGCGGGCTTCTACGGAGCCGTTATCATAATAACCGCGGCGGCGGTTTTCTACGGCATGCCGAAATTTCTGTACGCCATGCACCATGAGAGCACTGACAACGCATACATCAAGGGAACCATAATTCCTGTATCTGCTGAGGTGAAGGGGCGCATAAAGGCTGTGCATGTCAGCGACAACATGCGGGTGAAAAAAGGGGATGTTCTCTTTGAGATAGATCAGGATGACTATCTTCTCGTTCTCAGCCGTGTGAAGCAGGACTATGAGGCAGCGCTGGCTGAAGAGATTAAGGCTGATTCCGCCGTGACTCAGGCGGAGAAAAATATCAGACAGGCGCAGGCAGCTCTCGGCAAGGCTCAGACCGAGGCTTCGTTTACAGGCAGAGAAGCGGAGCGCTACGGAAAACTTGAGAAGGAAAGCCTTATTTCCAAAAACGCATACGACAGTATGGTTTCGGGAGCTCAGGAGGCGTTTTCGACAGTTAAAGTCGCTGAGGCCTCCCTTGAGATGGCACACGCCGCATACAGCACAGCCGAGGCTGACAGAACCGTGAAAAAATACAAAACCGCCTCTGTTGCCGAGATGGTGAAGGAAGCGGAGCTTAATCTTGAAAAAACAAGGGTGAAAGCCCCCGCAGACGGCTACATAGGTCAGAACAACGCCAAAACCGGCAGATATGTTCAGCCCGGTCAGGCTGTCCTTGCCGTGGTGGACGGGGATGATGTGTGGATTGAGGCGAACTACAAAGAAACCCAGATGAAGCGCATAATAAAGGGTCAGGAGGTTGAGATCAAGGTCGATGCCTTCCCCGGCACGGTGTTCAAAGGGCATGTGGACAGCTTCCAGCCCGGAACGGGAGCGGCGTTCAGCCTTCTTCCTCCCGAGAACGCCTCAGGCAACTTCGTCAAGGTTGTGCAGAGGGTTCCGATTAAGATCACCCTCGATGAACAGCCCGGTCTGGACAGGCTTGTGGTGGGTCTTTCCGTGGTTCCCAGCGTAAACATAAAATAATATGACAGACACATTCAGACCCAATAAGGCAATGATCACCATCACGGTAATGACCGGAGCGGTGCTCAGCGCCCTTGACACGAGCATAGTCAACGTTGCTCTGCCGTATATGAGAGGGAATCTCGGAGCCTCAGTTGAGGAGATAGCGTGGGTTTCAACCTCATATATACTCTGCAACGTTATAATAATGCCGATAATCGGCTTCCTCAGCAGCAGGTTCGGGCGTAGGAACTTCTATCTCGCCAGCGTGGTAATGTTCACTGTTACCTCCATGCTCTGCGGGCTGGCGTGGGATCTCAACTCGATGATTTTCTTCCGCTGCCTTCAGGGAATAGGGGGCGGCGCACTGATCCCCATATCGCAGGCGATACTGCGTGAGAACTATCCGCCGGAGCAGCAGGGCTTCGCCATGGGGATATTCGGTCTCGGTGTCGTTATGGGTCCGGCTCTGGGACCGACATTGGGCGGCTGGCTCACTGATAACTACTCATGGCCGTGGATATTCTATATCAACGTTCCGGTCGGTATTGTGAACATACTGCTCACCATGAAGTTTATAAAGGATCCGGAGTTTCTTTCCCGTTCAAAGGGCAAGGTGGACGCCCTCGGTCTCGGGCTGATGGTGGTCGGGCTCGGAGCGCTGCAGATAATGCTTGAGGAAGGTCAGCAGAAGGACTGGTTCCAGTCTGATTTTATAACAACACTTGCAGTCACCGCAGCGGTTGGGCTCACATTGTTTGTTATAAGGGAGCTCAGTGCGGACAAGCCTGCGGTGAACCTGCGGCTTCTGAAAGACAGGACATTCACCTCCGGCACTCTGATAGGGGGTGTTCTGGGTATAAGTCTGTTCGCCAGCCTTTTTCTTTTACCTATGTTTTTGCAGCAGCTTCTCGGGTATCCGGCGTTTGACTCGGGGCTTGCCCTCATGCCCCGAAGCGTGGCGATGGCAATATTCATGCCCATTGTCGGGAGGCTGTACACTGTTGTGGGCGCACGGGCGCTTATAGGCGCGGGACTTTTGGTAAACGGGGTGAGCTTCTGGCAGCTTTCAAGGCTTTCTCTGGATGTTGGCTACTGGGACATCTTTTTCCCTCAGGTGTGGCAGGGGCTCGGCTTCGGACTGATATTCGTGGCTCTCAGCACAGTGACGCTTTCCACTGTGGAAAAGAAGGATATTACCGATGCCTCCGGTCTGTACAACGTTGTGCGTCAGGTCTTCGGCAGTGTGGGGATCGCCCTTTCCGCAACATTTGTGACAAGGTACGAAACCATATACCACAGCACGCTCACGGAGCACATAACCGAATACTCGTTTACCGCGTTATCATGGCTTGACAG
NZ_CP035108.1_gap12	442625	447220	4595	ATGTGAAAGTGAAATCCGAAGAGCTTCAGGACAACGGAAACGGGCGCAGCAATAACTGGCGCAAAAAGCAGTATTCCGGAGGGGCGGCATGAAAAAAGCGCTCACCATTGCCGGAAGCGACTCCGGAGGCGGAGCGGGCATTCAGGCGGATATAAAATCCTTCAGCGCCAACGGTGTTTTCGGTATGAGCGCAATCACGGCAATCACAGCGCAGAACACTTTGGGCGTCACGGATGTCTTTGAGCTTCCCCTGAGTATAATAAATTCGCAGATAGACGCTGTTTTTACTGACATGGGAGCGGACGCTGTTAAAACAGGAATGCTTTCATCGCCTGAAATCGTAATAACTGTTGCGGAAGCAATGAAGAAATACGGCGTGAAAAATCTTGTGGTGGATCCCGTCATGGTGGCTAAGGGTGGAAGCCCGCTTCTCAGGGGAGAGGCGGTGGAGACGGTGAAAAAGCATCTGATCCCGCTGGCGCTTGTTATAACTCCGAATATTCCCGAGGCGGAAGTGCTTCTGGGGCATAAAATAGATAACTTTGAGGAAGCGGCGGAGGAACTGCTTGCCCTAGGCTCCGCAAATGTTATCCTCAAGGGCGGACACGGCACTGGAGCACATAGCAGAGATCTTCTCTATGACGGCAGGGAGTTTATATGGCTGGACGCTCCGAGGGTAGCCACTCTTAACACTCACGGAACAGGCTGCACCTTCGCCTCAGCAGTGGCAGCGTGGCTTGCCAAAGGGTATGATATAACCGAGGCTGCTTTCGAGGCGAAGCGCTACATTACAGAGGCAATCCGCCATGCCGACGCTATGAACATAGGCAAAGGGCACGGTCCGGTGAATCACTTCTACTAATGGCATCCTGTCTTTATAATTCAAAATTTACCATCCATGGAAATTTTGAATACACGCTCGCGCCGCTTAAAAAGCGGCTTCGCTTCGCACGGCGCAGTTCCATCCATGGAACTGTTTGAGACTGCCGCGTCGCATTCGCTCCTCGCAGTGACGCAGAATACTGTCATTGCGAACCCTGCAAGGGTGAAGCAATCTCTCATTTAATGGTATCAACCCGCACTTCCTGTCGGTTTGATGTACACGCTCGCGGACGGATGAACCGTCCTTCGCTCCGCACGGCGCAGTATCTTTTCTTAATAATTCAAAATTTACCATCCATGGAAATTTTGAATACACGCTCGCGCCGCTTAAAAAGCGGCTTCACTTCGCACGGCGCAGTTCCATCCATGGAACTGTTGCTATATCAGCTTTTTCTCATGCTTACGGACATTTCCAGAAAATCCCCTGTGGAAAGTAACTTATCGCTCTTTTCGGGCTGTACCGGCTCCTGTCTGTCGATCTCTTCCACGAGCTCATCAGACATTCTGTTCCGTTCCGCTATGTACTCGCCGAATGAGCCAAAATCCGTTTTGGCAGTCATTTTAAGGGCTTCAGTGAGGTAAAACTCAAAGCCCGTTCCATTAACTTTCATAGTGCACATCCTTGTGCTCTACTAATCGTCAGGATTTATTAAACTTTAGGAGTTATTGAAAACAAATATGAAAAAAGCCGCCCTTGCGAGGCGGCTCTGAATTTTGAAGGATTTATTATCCCTGAGTTTTTTTCCAGTCGGAAAGAAATTTCTCTATCCCGATGTCCGTCAGCGGGTGCTTAAACATCTGCATAAGCACACCGTAGGGGACGGTAGCTATGTCTATTCCCATGAGGGCGCAGTCAAGCACGTGGGTAGTGCTTCTTATGCTTGCGGCGATTATTTCCGCTTCGTAGTCATAAGCGGAGACTATGTCCTGACACTGCTGGACAACCTCAAGACCGTCATGACCTATGTCGTCAAGCCTTCCGGCGAAGGGGCTTATGTACGCAGCGCCTGCTTTAGCGGCGAGGAGCGCCTGATTGGGGGAGAAAACAAGTGTAACGTTCACGTTTATTTCATCAGCGGCGAGGATGCTTGTAGCCTTGACACCGTCCCTTGTGAAGGGAATTTTAACCACAACATGGTCACTGAGCTTTGCGAGCTCTCTGCCTTCCTTGACCATGTTTTCACAGTCAAGGGCAATGACTTCCGCGCTCACGGGACCGTTCACTATCCCGCAGATCTCTTTTATAACTTCTCTGAAATCGCATCCCTGCTCTTTGGCGATGAGAGAGGGGTTTGTGGTAACACCGTCTATTATGCCGATGTCCACTGCGTCTTTAATTTCTTTTATATTTGCCGTATCAAGGAAAATTTTCATTCTTCACCCTTTTTGTCAGCGATAAATTTGTCCATGTTCGCTTTCGTGGCGAAGTAGTACATCTTATCGTAGTATTTCACCCTGAACTGAGTTTCCTTGTCTATGTAGAGCCCGCTGACCGGGTCCTGAACAAGTTCCACTGCCTGTTCCTCGGTTTTGCCCTTAACCTCTTTTTTGGCTCTCCCTGCGAAGAGCTTGTAAGTAACGAATAAAATGAGTCCTAAGACTAAGTATTTAATTATCATTCTGTCTCGGGGGTCTCCTGCGTACCCTGTTCTCAGGAATTATGAGAATTTCTTTAACGTTACCCTCGCCTTTGCTTTTGGTGGTAATTCCCGCAACTTCCTTCAGACTCAGATGAATCTCTTTTCTTATCATGGTCACCATGGGCGGAAGCTTAACGGTTTTACCCGTTTTCACTGCATTTTTGGCGAGCCTTACCGCTTTTTCCTTAAACTGCTTAACTGTTCTCAAACGGTAATCTTCCACATCGATTACTACGCCGGTTTCGGTTCTTTCATCGTTTTTAATCATCTTATCCAGTATATACTGGAAAGAGTCAAGCGTCTGTGCTGTTTTGCCTATAAGAAGGCTGGAATCCTCAGACTTGATATTGAGGATAATATCGCTTCCCTGCTCTTTGACTTCAATGCTGAAATCGCTGAAGCCTGCTTTTTCAAGCAGCTCAGAGAGAAGGAGCTTTGATTTTCTTTTCAGAAATTCTCCGTCATCGAACTTAACTTTAATAAGAGCAGGCTTGCTTCCTATTCCGAGGAAGCCCTTGGAACCCTGTTCTACGACTTCGTACTCAACGAAATCCTTGGAGATTCTTTTTTCGGCGAGAAACTTGTTTAAAGCCTCATCCGCCGTTCTTCCTTCTATTTCAAAATATCTCATTTTTACCTCAGGCTGTTGTTTTTTTGTTTATAAAGTACTGCTGCGTTATGGAAAGTATATTGTTCGTAAGCCAGTACAGAACCAGTCCGGACGAAAAGTTGAGGAACAGGAATGTAAAAATTAAAGGCATGAACATGAAGACTTTCTGCTGCATAGGGTCGCCCGACTGGGGGCTGAGTCTCTGCTGGATAAACATGGTTATACCCATGAGGACGGGGGTTATGTAGTAAGGGTCTTTCAGTGAAAGATCCGCAATGTGCAGTATAAAGGGTGAACCCTTAAGTTCAATGGAAACAAGCAGTGACTTGTAAAGCGCGAAGAACACCGGAATCTGGATCACAATGGGAAGACAGCCGCCGAAGGGGTTTACTCCCTCTTTTTTGTACAGTTCCATCACAGCCTGATTAAGTTTCTGCTTGTCCTTGGCGTATTTTTCCCTGAGCTCCGTCATTTTGGGCTGAAGAAGCTGCATTCTCTTCATGGATACCATGCTCTTATGTGTGAGAGGGAAGGTAACAAGCTTCACCACTACTGTAAGAAGAATGATAGCCAAACCGTAGTTATGAACATAGCTGTAAAAGAAGTTCATAAGGTTGAGAAGGGGGATGGCAAGGAAGGAAAAATAACCGAAGTCAATGCTTTTTGTCAGGCTGAATCCGGTTTCCTTAAGAAGAGTATACTTCTTGGGACCTATGTAGAGCTTAAATTCCTTGGTGTATTTTGACGCGGGGTTTACCACCGCTTTGTCTGTTCCCTTAATAACTGCCGAATCACCTGATTTCTGGATGATTCCTTCGTTAAAGTCGCCGCCGGCAGCGGCAAAAAGGAAGTATGGGGATGTGTAGCCAATCCATACGGGTTTTTCATAAACCTCGGGGGCTTTGACCTTGTCTTCCTTCTCTCTTCTGATTTTTTTGCCGTCAAACATGAGCGGACCCTGAAAAACAAGCTTGCTGTCCGCTATTCCGTTGCCGAGACCGGGTCCTATCTGGACAGACAGGGGGATTTCCACGGATATGTTGCCGGTGTTTGCCACTTCAACCGAAGCGTCAATGAGGTAAGAGCCTTCTTTGATCTGGTACTTTTTGGTAACAATGAGGTCATTCTGTGTTGAGGTAAACACGAGGGTTGTCGTGTCACCCTTTTTGATTTCCTGAGACGTGAAAGCCGCGGAAGTTCCTGTTCCGGCGATCATGTAGTCCTGTTTGCCGTCACCGAAAAAGGTATGGATCGGTTTTCCGTTGTACTGCTGAATTTCCGCTTTCAGGATGTTGCCGCTGATTTCATTGAAAGTAAGGGTGAGATCCGCTGTGGAAATTGTTGTAAGCTTATCGGGTGAAACGGGTAATGTCTCCCCGAGAACTACCGGTTCTGCGGATGTTTGCTCTGCGGTGTCCGCGGCAGCGACGTTTTCTGTCTCTGCGGCTGTGGTGACATTGTCA
NZ_CP035108.1_gap13	448959	451467	2508	AAGCTTCCGCTTAATACCACCGCTTTACAAATCAGGCTTAAAATCGCAAAAGCCCGCCGCACATCATGCGCTGCGGGCTTTTTTGTTATGCACTTTCCTTGAGAAACTCTGTCAGCAATATTAAGATTGTATAAAACGTTTTTAGGAGACGGCTGATATGAAACCTGTAATCGCGATCCTTGCCTTTCTGACCTGCGCTAACGCCTTTGCTGCGGAATTTTACCTCCACAGGGACAAGGCGGAGTACCGCACAGGTGAATATAAGAGCGGTGTAATCGGCTACGGCAGCGCAGTCAAGGCATACTGCGGCACGGCGGAAATGATGCTTATCCCTTCTGCGGACGGTGCGGAAGGGTGGCTCGGCGCATTGGCGCAGGAAATAAAAAATAAAGAAAACGATTATATAAAAGCGGAAAGCAGAAAGAAGACCGCCGAGTTCATGCTGAACTCCATAGGCGAGGTCTCTTCTGTTGACAAGCTGTCGGACGGCAGGCTTCAGGCATATGCCGCCGCGCGGTTTGCTGAAATATCAAAAGCCGAAGCGGATATGAAAAAGGCTCAGACAGAGGCAGCCGGACTGCGTGCGCTCTTTGCGAAGGGAGCAGACAGCGAAACCCCTCTGCATTCGCCCTATGCCTGCGCGGATATGAAGCTGGTGCTTGATAAGATTACGGCAGATTACGAAAACGTTCTCTATATTGATGGTAAGGGCGCCGCAACCGAGCTTGTGCTGAAGGCTGTGAACAGAAGCGGTGTTGACATAAAAGCGCAGAACGCCTACCTGCTACCCTCTTACCTGAATGAGGCGATCGCTGTTCCGCAGTTTGATCCTTGGTATGTTCGTCCGTTTGAGCCTGTACCTCTTGCCAAGACGGCGAGAACATCCGCTGCTCCGTTGATGTTTGAAGCCGCCGCGGATTACTCATCGGCTCCGTCACCCGAGGTTTCAAGAGAGGCTCCGGCACAGTTCAGGGTTAAGGACTTCACACTGATTTCAGACGGCAGGGAGTCAAGAACAGTGCTGGACAGGGCGGATGTCGAAGCAGAAAGCAGGCTGGCGGTTTATCCGTTCAGAAGCCCCGTTGTTTACAGGGAAACAGTGTTTACGCCCAAGTCCGAAGTGTACGGCAGCAAGTGGCGTGTCAGCGCTGGCAGGGAAATCTTTGAAAATGTTTACGCTTCCGTTGAGAACGGCAGGATACGCCTTGCCGCCGGAACGGACAAGGATATATCCGTCAAAAGAAAGAGCCTTCCACTGACAAGGGAGTCCGACGGTTTCTTCGGCACAAAGAAAAGAATGAAAAGAGGCTTTACAATAGAGGCGGCAAACCTTGCGGGGGAAGCGAAAAAGCTTAATATAACTGATCGTTTGCCCGTTGCGGCGGACGACAGAATAAGCATTGAGAACATCATGCTGAACGGAAAGAGAATTGATGCGGCAAAGGACGGCAGGCTTGAGATTATAACAGAGCTGAAAGCCGGCGGAACCGCCGTATATACTGTGACCTTTGAACTGGTTGCGGATAAAGATATGGAAGTGGTATTTTAGATGAAATTTGTAGATTCACTGATTATAGACGTTGAAGGCGGACACGGCGGCAACGGATGTTGCAGCTTCCGCCGTGAGGCTTATGTGCCCCGAGGCGGTCCCAACGGAGGCAACGGCGGTAACGGAGGCAATGTTATCCTTGAAGGGGACGACTCCAAGACGACTCTCCTTGACCTGACATATAACGCCATCTACAAGGCAAAAAGAGGCGTTCACGGCAAAGGGAGCGATCTTCAGGGAAAACGGGGAGAGGATATTCTCCTTAAGGTGCCTGTAGGCACAATGATTTATGAGACAGAAACAGAAGAGCTGATAGCCGATATAACTCAAAAAGGCGAGCAGGTTATAGTCGCCGCCGGAGGCAGAGGGGGCAGAGGCAACGCCTCATTCGTTTCCTCAACTCACCGTGCGCCCAGAGAGCACACGGACGGCGAGCCCGGCGAGAAGAAGCGTCTCCGTCTGGAGCTGAAGCTTATAGCGGATGTGGGGATCATAGGAATGCCCAACGCAGGGAAGTCCACATTCATCTCCACTGTTTCAGCCGCCAAGCCAAAGGTGGCGGACTACCCTTTCACCACGCTTGTCCCTAACCTAGGTGTGGTCAGAGGAGCGTTGGGCGAGCCGTTCGTTCTGGCGGACATGCCGGGGCTTGTGGAAGGCGCCCATGAGGGAACAGGGCTTGGTATGAGATTCCTGCGCCACATTGAGCGTACAAGGGTTCTGGTTCACTTTGTGGACTCCTCCGACTATGACTCAACCATGGTGGAGCGCTACAGCATGATCAGAAACGAGCTTGAAAAATACGGAATCGGCGTTTCCGAAAAGGCGGAGCTTGTGGCGGCAACGAAGACCGACGCGGCAATGCCTGAAAACCTCATAGAGTTTGAGGAATTTATAAAGAAAGAGGGCAAACCCTTTTTTAAAATATGCTCACTGACCAAAGACGGCGTGAAGGAGCT
NZ_CP035108.1_gap14	457817	458485	668	CTCATATCTGCACCTTTTAATTATCTGCCCACAAGCCCCGTACCGTTTATCAGCTTATCGATCATGCTGTCCACGGTGGTGATGAATCTTGCGCTTGCCTCGTATGAACGCTGGAACTTCATCAGGTTGGTGAGTTCCTCATCCATAGATACGCCCTGTATCTCCTCCATCTTAAGCTGGAGCTCGCTTAAGGAGTAGGTTATCGTGGTTACGAATGTGTCCACCTGACTTTTTTCGCTGGCTATTGTCGCCACGAAGTAGCTGTAGAAGCCGTCTATGGTTATGCCTTTATCTTCAAAAACATCTTCATATTTGAGATCGGCGAGTGCCTTGGCGACAGTGTTGTCCCCCTCTGCGCCGCTTGTGCCCGCTGCTATATACAGGTTGTTCTCCTGTATCTGGCTGGAAAGCTGAATATCACCCGCTCCGGTTCCCGAGAAATAGGAATTGAGACCGGCAGCCACTAGGAAGTTTGATGTATCCTCAGTGAATGCGAAGGTGTAGCCCGCTTCGGTGGAGATCTTAATTGAGTTGTCCAGAGCTATGGAAGCCTGAAGCTTGCCTCCGGTCATATCACCGTCCGCGCCGGAGATTTTCTGTATAACGCTGTTGAGGTTATCCTTGTCAGGATCTATGTCTATATCGTAGGTGCCCGCTACTGCCCCGTC
NZ_CP035108.1_gap15	482829	487090	4261	AGCAGTACTTTATGCACTACTTCAACACCAAAACCGAAGATCCGCTGACGAAGTTCACCGACATGCGGAAAACTGCCACTTACTATGCCCTGAAGCATTTCTGCCTTCCGTCCTTCGGCGTGGAGTCCTCAAAAAACCTTCCGTCAGTTGAGCTTAAGGTGCTTTACCACAACTATGTTGTGAATGAGTTTATGAAATATTACGATATAGTTCCCGAACATCCTAGGATTTTTCTGAAAGCCCCTCAGCTTAATTATGCCGTGATCAGAGTTAATGACGAAGTCGTCACTGTCGAAAACGGAAAAACACTTTACGCTGACAGGGGCGATATAATCGAGATAACGAATGTTGACGCAAACTACGACAGGGGCATATCCTGCGATATTCTCGGCATGGGCGACCTCAACGACTGCGGCAAAAGGGTGGAGGTCAAGGGTGAATCCCGCATAGTTTTCCGTAAGGACAACCAGAAAATGGGTGAAATAAGACTCTCGTACAGGACAAAAACAGCCGTCTCTCCCGCTAAGCCCCAGCCAAGAGTTCCGGCGCCGTCCGGCGAGGAAAATCTTGTACCCTCAAAGACAAATGTTGTCTTTGTTATGAAGGTGAACGGGATTGAAAGAAGTGTTGCCTCCGGCAGCTCAGTCAAACTGAAAAAGACCGATACTATTGAATTTATAGAAGCTCTCGGCGGTGATTTCGGTTCGCCGGATGTGCCTGTGAACGTGAAGGGGTATGTCCCGTCCGGAGCGGTAAACAGCGGGGATGACAGAGGTTATAAAATACGCATGACAGACTATTTTATGCTGAAATATTCCCGTGACGGCAAAGGGAAGGCTTACCCTGTGATAGCGGGCAACAGCCGCAACGAGATAGGCGGGATCTGGCTAGAGATAGAGTAATGAAACGGCTTGAAATACGTGTAAAAGGAAGAGTTCAGGGAGTCGGTTACAGGGCGTTTGTGCACAACGGTATAGTTCCTCTCGGCGTGGGCGGATATGTCCGCAACATTGCGGACGGAAGTGTTGAGATAATCGCCGAGGGCACGGACGCTCAGCTTGCTGAGGTGCTGAAAAAAGCCCGCGCGGGCTCGCCCTTTTCCGAGGTGACGGACATGACCGTTTTGGAGGAAAAGCCCACGGGCGAGTTTTCATCCTTTGAGATAAGACACTGAGAATGGATAAATATAAACTTCTGATATTCGACTTTGACGGCACACTCGCCGCAACCGAGCCGGCTATTCAGTTCTGCATGAAGACGGCATTTGAGGATTACGGACTTATTCCTCCTCCCGAGAAGGCTGTGCGGGCAGCCATAGGCATTCCGCTTATGAGGATGATAGCAAATCTCGGCGGTCTGGACGATGCTGCAGCACGGGAAGTAACTGATATTTACCGGAAGTACTACCGCAAAGAGGGGATGGAGATGACGAGACTGTTTCCTTCCGCCTTTGAGACTGTGGAAAGGCTTCACTGTACCGGTTACAAAATCGCCGTTGTCAGCAATAAAAACCATGCCGTGGTGGTGCAGTCTGTGGAGATTACGGGGCTTATGCCCTTCTGCGGGCTTGTTGCGGGGGAAAGGGACGGACAGTTTCAGAAACCCCATCCACAGGCTTTTACGGAAATAATTGTGCCCTGTTTCGGTGTGGCGGCGTCTGAATGCTTAATGATAGGCGACGCTGTGCAGGACACGGGCTTTGCCCTTAACTGCGGCATGGATGCGGCATGGGCTTCATACGGTTTCGGGAATGAAACTGAGTGTATGAACGAAAATGTTAAATTCGTGCTTAATGATATTTCGGAGCTGACCGATATACTTGGTTGACAACGTTTTTTACGGAGATTTCATTGAGTGTGAGACAGGCGATACAAATCAGGGAGGATGCGTTTCGCCCCCGTCCGTTTTTAAAATGGGCAGGCGGCAAAAGTAAACTCATTCCTCAGCTTGAACCGTTTTTCCCCAAAAAGAGAACGGTTTACTTTGAACCCTTCATAGGCGGCGGCGCGGTTTTTCTCCACCTTGCGGCGAAGGGGCTCATAAAAAAAGCGTTCCTCAATGATCTTAATTCAGATCTTGCAGGTCTTTATTCAGTCATAAAATACACACCCGCAGACTTCATAGAATCATGCTTGGCTTTGTCCTTTGAATATCTTGCTCTGGATGATGTAGAGCGTGCTGAATACTACTACGATAAAAGAAAGCAGTATAACGCGGGAACAGGCTTTGAATCCGTAACCCGTGCCGCCGCAACGGTTTTTCTGAACAAAACCTGCTTTAACGGTCTCTTCAGAGTGAACAGCAAAGGCGAATTCAACGTTCCGGCGGGAAGGTACAAGTCCCCCACCATAATCGATCCGGAAAATATATACGCAGTAAGCAGAGCCCTCACAGAAACAGAGGCGGAGATTACCTGCGCCGATTTTAACGAGGCTCTTGATGGGGCTTCAAAAGGCAGCTTCGTATACTATGACCCGCCCTACAGACCGCTGAACAAGACGGCGTGCTTCACAACCTATTCCACAGGCGGCTTCGATGACGGCGAACAGGTGCGTCTCGCTTCCTGCTTCCGAAAACTCGCAGACAGAGGCGCCGTGCAGATGCTCAGCAACTCCGACCCGAAAAACGCAGACCCCGCAGACAGCTTCTTTGAGGAGCTTTACGGGGGCTTCCGCATCCGCAGGGTTAAAGCCGCCCGCAATATAAACAGCAGCGCGGACAAACGGGGCTCAATCAGCGAGCTTCTGATAACGAATTACTGACATTTCGCTTTCTAACCTCTTACTTTTCAATTAAGCTGTTTATAATAAAAATATAGGTTTGCAAGATGGGTTTTAAAGCTGATATTCCTTATAATGATTTGCCTCTGCTTCCGCCTGATTCGGATATTGAAAGTAAAGACGTTCTGAAAAAAGCGATTACAGCCAACAAAGCGTTGGCAGAATTGAAAGGGCTGGGAAGCATGGATTCTTTATATGCTCGACGCTGTCGAAAAGTCTGCGCTTGATGCACGGAATAAAATACTCCTGATTAAAGAACTGATGTGCAAGGTTTCTGAAAGGGTTAAAAATGAGACGCCAAAAATATATTCAAAAGACTTGATCGAAATACTGTTCAGGCAGCCTTACTGTAAAATTAAGTTTTTACAGGATGAAGGAGTAGGGAACAGGCAGACGGCATCATCGTATCTTAAGGAGCTTGAGGTGCTCGGAATTCTTGCTTCATTTAAACAAGGGCGGGAACTGTATTATGTCAATACTGATTTTTTGAAGCTTCTTGCAGAATAGATATGTTTGCCGAACAAACATATCATCTGGACATGTATAAAAAAGGCTTTTTTTTCGACATATCTAAAAAATATGTTTGTTTGGGAAACATATCATATTTTCAAGCCATTGTCAGAAAACTATCACTTATCCTTGCATTCGCTCAAATCAGAGTGTAAGTTAAACCAACATCCGTGGGGGTGCTTGCCGGTTAAAAAGGGCAGGCTGAGAGAGTCCCCGTAACCTGATCCGGATAATGCCGGCGTAGGGAAACGGTTATCTTCTTTGGTCTTTTCGCTTAAGCTCTTTTCCCATTAATCCCTTGACGGAATATTATCGATGGTTCAAAAAAACTGATTGATGAATATTAATATACGCAGGTGATTTTATGACTCAGCTTGAAGCAGCCCGCAAGGGCATCATTACCCCCGAAATGAAAAAAATAGCCGCAGACGAATTCATGGACGCCGAAAAGCTCATGAGCCTCATTGCGGACGGAAAAGCAGTTATTCCCAAAAATAAAAACAGAGATTTCGCACATGTTATGGGCATAGGGCGTGGTCTGCGCACCAAGGTAAACGCCAACATCGGCACATCCGGCGACCGCCCGTTCATAGACTGCGAGCTGGACAAGCTCAAGGCAGCTCTTGACGCAGGCACGGACAGCGTAATGGATCTCTCCACAGGCGGCGACCTTGAGGCTGTACGCAGGGCGATACTTGAGGCTTCCCCCGTTATGGTGGGCGCTGTTCCGCTTTATGCCGTTGCCGCCGAGCTTGCCATGGCTGACAAAAACACAGAGATGATGGATCCCGAAGTTCTGCTGCGCAGCATAGAAAAGCAGTGCGAGCAGGGGATAGACTACATCACTGTGCACTGCGGCGTTACCAAGGAATCAGTCGCCAGAATGGACAGAACCGACAGAGTATGCGGAATCGTCAGCAGGGGCGGCTCAATCACCGCCAACTGGATACGCAGAAACGGTAAAGAAAACC
NZ_CP035108.1_gap16	494758	496137	1379	TGAGCCTCCTTGATAAGCCTTCGGGCAAGATAAAGGGTGAGAGCGACGAGGAGCTTAAACATAAAGCATCTATCCTTGAGCAGAAGCTTAAGGATTTCGGCGTTCTGGGAAAAGTGCGTGAAATACGCCCGGGACCGGTTGTCACTCTGTTTGAGTTTGAACCCGCTCCCGGAATCAAGATAAATAAGATAGCAAATCTGTCAGATGACTTGGCTCTCGCCATGAGCGCCCTCAGCGTGAGGATAATAGCCCCCATCCCCGGAAAGTCCGTGGTGGGAATAGAGCTTCCCAACGAAAACAGGGAGTCTGTGGTTCTCAGTGAGCTGCTGACTTCACTGAGATTCGCAGAGAGCCAGTCGCCGCTGACATTCGCCATGGGTAAGGACGCTTCCGGCAAGCCGTACATCTCTGATCTTACCAAAATGCCCCACCTGCTCATAGCGGGCACAACGGGCAGCGGTAAGTCCGTCTCAGTGAATGCGATGATCTGCTCTGTTCTGTATAAATCCTCTCCACGGATGGTGAAGTTTGTAATGATCGACCCGAAAATGGTGGAACTCAGCATATACGAAGGAATTCCGCATCTTGCTGCCCCTGTTGTCGTGGATGTGCGCAAGGCGGCTACTGTGCTTAAGAATGTCGTTCAGGAGATGGAATCCCGCTACAGCTTACTTGCCGAATCAAAAGTGAGGAACATCGATTCCTACAACCAGAAGTCCGAAACGGACGGGCACCCTAAAATGCCTTATCTTATCGTGGTTGTGGACGAGTTTGCGGATCTTATGATGGTTGCGGGCAAAGAGGTGGAGCAGTCGATCATCCGCATAGCCCAGATGGCGCGCGCAGTGGGCATACACCTTATTCTCGCCACCCAGAGACCGTCTGTAAACGTCATCACGGGGATTATCAAGGCGAACATGCCGGCAAGGCTCTCGTTCAAGGTTTCTTCAAAGATTGACTCCCGAACCGTCATAGACTCCAACGGCGCTGAGCTCCTCCTCGGTAAGGGCGACAGCCTTTTCATACCCCCGGGCACGAGCGAGACTGTGCGTGTCCACGGCTGCTTCGTGAGCGATGATGAGGTGGGCAGAATAACAGAACACCTCAAAACGCTCGGTGAACCGGAGTACAATATGGATCTGGTTAAGGATGAGGACGCCGGACTTGATGAGATAGACGAATCCGAAATAGACGACAAATATTTCGAGGCGCTTGAACTGGTCAGACAAAAAGGCTTCGCCTCAATATCAATGATACAGCGTTACCTGCGCATCGGTTACAACCGTGCCGCCCGCATAGTGGAAATAATGGAACAGAAGGGCATAGTCGCCCCGTCCGACGGCACCTCCAAACCCAGAGAAGTGCTCAAAAGAGATTAA
NZ_CP035108.1_gap17	502130	506696	4566	GAAATGCGGGCGGCTCTCAGACTCACCGAAAAAATGGTGGAAACAGGGTTCAACTCCATAGAAACATCAAGCACGGGAAGGCTTTTTGAAGCCGCCGGAGCATTGGTTTCAGGCATTGCGGAAAACGATTTTGAGGCGCATCTTGCCATCAAGCTGGAATATATGGCTGATAAAACTGTCACTGACTCTTATCATACGGAACCCATGAACCCCGCAGGGCTTTTTGACGGTCTGTTCAGCGACCTTGCCTCCGGTACGGATTCTGCCGTATGCTCCGCAAGGTTCCACAACGGGTTCGCCAGAATGCTCACTGCTGCCTGCATAAAATACGCAGCAGGGATAAAAACTGTCGCCCTCTCCGGCGGAGTGTTCCAGAATATGCTTTTGCTGGACAGGGTTACAACTCTGCTCCGCCAAAATGGGTTCACTCCCCTCATTCACGGACGCATCCCCGCCAATGACGGCTGCATCTCACTCGGTCAGGTCTGCGGGTATGTTTACGGTGACGATATAAAATTATGATGTAATTGCAAAATATATTGAGTTTTGGGAAGGGTTTCTCCTGTCTTGGGAAAACTTTTTATAAAAAGCTTTTCCCAAACCCTTTCAAAAATTTTAATCTGCTTCGTAAAGGTGCAGCAACGGATGCGGAATGTCCGTCTTTACCTTGGGTTTTCCTATGGCGGTATATATTAATTATGAACAATAAGGCAGATATGAATAACCTGTTTCATGCGGCGGCGCTGCTGTTTGTATCGGTAATGCTTCTCATTCTGGCATCTCCGGGGATGGACAGAGGGTTTTTGGCGTGGTTTGCTCTTGTGCCTTTGTTTATCCTTGCGGAAAAAAGATACATCCGCCCTTTTTGGGCAGGGCTTCTGTTCGGAGAGTTTTATTACTTTTTCGGAATCTCATGGCTGTCGTTTCCTCTGACGGATATAGGCAGTGCGCCCCTTTTTGTATCATGGATAGTTACTGCGGTTTTTGCCGCCTATCTCGGTCTGTATTACGGGCTGACGGCGTATGTTTTCGCACGGAGCAGGGGCTCGCTGCTTTTTGTACCTGTTGTTTTTGCCGCGGGAGAGTTTTTCAGGGGGATTTTCCTCACAGGCTTTCCGTGGCTGACGTTGGGGCAGACTCAGTATCTGTATCCCGAACTTCTTACCGTGACCTCGTTTTTCGGGGAATACGGGCTGAGCTTTCTGATAGTTACCGGAAACCTTCTGGTTTATCACGGCATACGCGGCAGAAGGCACATTCTGTTTGCTGCGGGTATTTTTCTTCCCGTTCTGCTGTATCTGGCGGGTTCCGCTATGCCGGAGCCTGAGAGCGGAGGCACGGCGAAAGTACGTATGATCCAGACTGGCGTCGCGCAGGAGGAAAAGTGGGATGAGGAACGGAAAGAGCGGGTTATAAGCACGGTTCAGCAAATGCTTCTGGGGAGCGGGTTTAAGGATTTTGACCTGCTTGTTCTGCCGGAAACGGCTTATCCTGTTCTGGTGCAGGATGACGCTATAATAGATCTCACCCTCTCCACCATAGGGGAGGACACTCCGGTTCTCATAGGCGTTATGCGCAGGGAAGAGAACGGAGACGAAAGAAAATACTACAACAGTGCAGCTCTTTACGCAGGGCAGGGTTCCGCCGTTTACGACAAGGTGCATCTTGTCCCCTTCGGCGAATATTTCCCTATGAGCGGGCTGTTTAAGGCTATAGACGACTTCTTTTTTAACGGAGCTCATGATTACAGCAAGGGCGAACGCCTCAGCGTGTTTGATCTCGGGAAAATGAAGATAGCACCCATGATCTGCTATGAAGGCGCTTTCTACCGCCAGCTTGCGGCACAGGCAGCCGCAGGAGCGAACATGGTCGTTATAATTTCCAATGACAGCTGGTTTGGCTTCTCCCACGGGCGTTATCAGCACCTTGCCGTGGATGTTATGCGGGCAGCGGAATTCGGCAGATGGATTGCCCGCTGCACACAGTCCGGCATATCTGCCTACATTGACCCCAAAGGACGCATAAAGTCCGTCATGGGTGTGGGTGAAAGCGGTTATCTGGACTATGAAGTGAACCTTGTTCAGGGGCGGACGTTCTTCGGTTTATACGGCTATACATGGCTTGGAACGCTATTATTTGTGAGCTTATCGGCAGCACTTATAAAGCGGATTCGCAGACATAATAAGCCTTGAATAAATAGACGATGTGTATTAATGTTCATACATCTTTAGGAGGCAAAGTATGGGTTCAGTAGGTTCTCAGCAGATTCTGATCATCCTTATAATCGCTCTGGTTATATTCGGTGCGGGCAAACTTCCTCAGATCGGTGACGGTCTCGGAAAAGCCATAAGGAACTTTAAAAAGTCCGCAAAGGATGCAGAAGACGCCCTCGATATTACTCCGGAAACGGAGAAAAAGAAAATCGAGAACGAAAACAAAGACGCCTGATCACATCAGGGCTGTCTGACGGTGCGGTTTTAAGTGGCTGGCGGAACTTTCGGTTCTTACATAGATACGGATTCCCCTCTTCATAGGCTGCATCCCGCTGTTAAGGCGGTTTCTGTTATTATATTGACGATTACGGCCGGAACGGTGAAGTCATCTTCCGGTCTGTTTTATTTCGGAGCTGTTTTTCTTGCGGTTCTCTTTGTCTCAAAGATTAAACCCCTGTTTTTTCTGAGGGCGCTTGTGCCGCTTTCTCCTGTTCTTGCTGTCTCCTTCGCCAGTCACTGGTTTTTCGGTGTGAGGGATACGGAGTATTCCCTTTTCATAGTGTTCAGGCTCACGCTTCTTATCTTTTTTTCATCCCTGCTCACGTTTCTTATCAGAACAGATGATCTCACAGCGCTTTTTTACCGTGTGTTCCGGATTATCCCGTTTACCGATGCCAAGGGATTGAGCGTTTCCCTCGGCTGTGCTCTCAGCTTTGTTCCTGTGTTCTTCTCCTTTTTCAAGCCCTCAGGCGGAAGGCGCATAGGCAGGCTCTTCTCCGTTAAGGAGTTTCTGGCTCCGCTGGCGGAGAAGGCACTCAGTCATTCAGGAGATTCGGTTCAGGCTATGTTTGAGAACTTTGATGAGCGGATGCGGCTTCCGTATATGAAAAAGGCGGATTATACTGCCGTCTTTTGCATAATCATTCTTTCCGCCGGCGGGTACTATGTTTAACAGAAAATGTATTGTGGAATATGACGGAACGGACTTCTGCGGCTGGCAGGCACAGAAGGAAGTGCGTACCGTTCAGATGGAGATAGAGAACGCTCTTGAGACGATGTATAAAGACAGGCTTTTTGCCATAGGTTCAGGGAGAACGGACGCAGGGGTGCATGCCCTGAATCAGGTTTTCAACTTCCGCACGGATAAGCACATTCCCTTAAGCGGCTTTGTGATGGGTATCAACACGCTTCTTCCCAAAGATATTGCGGTGAAGCATGCTGAGGATGTACACGAGGACTTCCATTCCCAGAAATCCGCCGTGAGCAAAACATATATGTACAGGCTCCTTGTCCGCTGGACACCTTCGGCTCTGGATAGGAACAGAGTCTGGTGGCTTAAGAAAAAACCGGATACGGCACTGATCAGGGAGCTTCTGAGGGCTGTTGAGGGTGAGCATGATTTCGCCTGCTTCTGCGCTGCGGAGGGGATGAAGGAGAATACGGTAAGAACGATTTATCATACAAAGGTGTACGAAGACGGAGATTACATCAGCCTTGAGATAAACGGCAGCGGTTTTCTGCACATGATGATACGGATTATAACCGGAACAGTTGTCAGGGGCGCTTTTCGGGGGCAGAAGCCTTCGGATATGCTGGAGATTATCCGCGGAAAGGACAGACGAAAGGCGGGGATGACCGCTCCCGCCTGCGGGTTATACTTAAAGGAAGTATTCTATTAGATAATCAGAAACGGCACATCCTGTTGCCTTAATTATCCAAAATTTACCATCCTTGGAGATTTTGGACACACGCTCGCGGACGGATAAACCGTCCTTCGCTCCGCACGGCGCAGCATCTGTTTTGCCGCTCCAAAAACTACATCCTGTGTTTTTTCCGCACACGCTCGCGGACGGATAAACCGTCCTTCGCTCCGCACGGCGCAGCATCTGTTTTGCCGCTCCAAAAACTACATCCTGTGTTTTTTTCGCACATGCTCGCGGACGGATAAACCGTCCTTCGCTCCGCACGGCGCAGTTCCATCCATGGAACTGTTTGCGTCATTGCTAACGGAAGTTATATATTTAGAGACTGCTTCGTCGCTTCAGCTTCTCGCAGTGACACAGCAACTAGTCAGCGTTTAGTCACTTGTGGAAAATGTCCTTTACCATGCCGTTTTCGTCAAAGCTTATGTATGTCTTCTGGAACAGGTTCAGGTGATAAATCCAGCTTTCGCTGTTCAGTGACGGAGTAAGATCAACGGGCGGCGTACCCAGCGCCTTCAGCAGCATATCCTTCGTCATGCCTTTTGCCGCTTCACCGTTGCGGATAAGATCCTGCGCCTGCTCGGGATAGGCAGACAAATCAGCCTTAGCCGCTCCTAGGAGCTTGTTGCGGTAATCCGTGAGGCTCATTC
NZ_CP035108.1_gap18	508864	513863	4999	AACATTTATGAACGAGATCCTGCTGCAAGAGACAAATGTCTTGATACAAAAGATTATAAGTGCTTGGTTTGCGATTTCGAGTTTTATACATTTTATGGAGAGCTCGGAAAACAGTTTATTCATGTGCACCATGTGAAACCTCTCAGTACTATAGGTCAAGACTACATTGTTGACCCTATCAGTGATTTAGTTCCTGTTTGTCCAAATTGCCATGCTATGCTGCATAAAAAGAAACCTGAGCCTTATTCAATAGAGGAGCTTAAAAAAATGATTTTATCTAAAAAATTGAGTTAGCGGGGACTTTAACCAATTTCATTAATTTATATTGTATTTATTATTTAAAGAGAGCCCAACTCCAAAGATGGAATTGAGCCGTGCGAAGCGAAGGTTTGCTCAGCAAGGTGTGAGCTATTAAGTTGACTTTCATCCCTCATTAACCTATATCTGACAGATGATTGAAATAATGCAGCTTATCCCTGTCGGGATACTTGCGGGCATTCTCGGCTATCTGCTGGGCATAGGCGGCGGAGTGCTGATAGTTCCCGTGTTGGTTCTTATCTTCGGCTATCCTGTTCATACCGCCGTGGCGGCGTCCCTTGCGTCCATAACTGTGGGGAGCGTGCTCATATCCGCCTCCAACCTGAACAGGAATCTCGTCAACGTGCCTCTGGCGGTGACTCTTGAGACAGTGACCATTCTCGGCGCTCTCATCGGCGGCTATATCAGCGTTTCGGTGAGCGAAAGACCGATTCTCATAATGTTTTCCATCATTACTCTTATCACAGCCTATCTTATGTGGAAAAAAACCGTCAGCACCGAAGATGCTGAAACCCCTCCTGATGAAGGCAGCGGGTTCTACTCCGGCTCCTATACGGACGAGGTGCGGGGAAGGGTTATCCACTACAGGGTTAAGAGGGTTCATCTCTCCATGCTTGTTTCTTCTGCCGCGGGAGTAATTTCCAGCATGCTCGGCGTGGGCGGCGGCTTCTTCAAGGTTCCTGCTATGAATATTCTCTCCGGCGTTCCTCTGAGAGTCGCCACAGCCACAAGCAACTTCATGATTGGCTTCACCGCCGCAGCCGGTTCGGTGGCTTACATATTCCACGGCTACGTCCGCCCGCAGATCGCCGGGTCGATAATAGTCGGTGTTCTCATAGGTTCGGCGTTCGCAACGGCAAAGCTCCGCAAGGTCACGGATAACAGAATTAAGAAGATTTTTATAGCCGTTCTTCTGCTCATAGCCGTGCAGATGTTCATTAAGGCGCTGGGGTGAAATCCATGGAAAAAACTCTGGGCAGGCTTCTTAAATATATCGGTCTTTTCGGTGTGGGAATCGTTATCCTCGGGCTTACTGAAAGTCTTCTGGGGTTTGGTTCCGAATACGTCAGCAAGAGCATAGCGGGGCACATAGCGGGCGCATTAGCCCTGAACGGCGCGGATACCGTAATGACGGGCATCTGGATTGTGGTTGCCGCTCCTGCCGCGGGGATACTTTATGTCCTCCGGTACGGACTGAGGAGCAGGAATTACCGGCTCGCCGCCATGTGTCTTATTATAATTGCCATGCTCTGCGTGGTTATGGTTATAGGGGAATAATTATGAACTGCTTCAGTATTTCGGTTTCCGGCAGATCCGCCCTTATCCTCCTTGAGAAAAAATGCACGGATCCGCAAGCCCTCTGCCGTGTTCTGGAGGATGCCGAAGCGGACAGAGGAATAGACTTCATTCGTCTGAGAGGCGCAGACGGCAGCTTCACTATCGGACGTGCTGTCAGTGAACTTCAGACATTCGGAGAGAAAGAGGCGAGGGTATACGCCGAACGTGGGCAGCGGCTGGTGAAAACCATGCGCGGGCTTAAGAAGCTCATCATCGCCGAGATAGACGGTGAGGCGTTCGGTCCCGGGTTTGAGATTGCTCTCGCCTGTGACATTATATTCGCCACGGCATCGTCAAGATTCGCGTTTCCTGAGGTAAATCTCGGCGTTATCCCGGGCTTCGGGGGAACGCAGCTCGCCGCCCGCAGGGTTTATGAAACATTTGTGAAATACCTTGTCTTCACGGGTGATTCCGTCACGGCGGAGGAACTGTACGCAAAGGGCATCGCCAATGCGGTTTTCGCCGATGGAGCCTCAATGAACGCACACACAGATGCCCTCTGTGCAAGACTTTCAGAGAAGAGCAGCTTCATACTCGGGCTTGCCAAGGAAACATTGAACTCCGGTATTGAGATGGACTTTGACAAGGCGCTTCTCTTCGAGCAGAACGCATTCACCTTCTCATTCTCCTGTGAGGACAAGCGGGAGGGGATGGGTGCTTTCATAGAAAAAAGGAAACCGATGTTCAAAAACCGCTGGGAAGACCTGAGGTTTGAGGAGGAGTGATGATAAGCCTCACTCTGAAGGATGTTACAGCGATTGTAAGGCTCACTCCGCCGGAAGGCAGGTTCACCCTGCTTGACGCGCCCACCATAAAGAAAATAATCAGAACGCTTAAGGAAGTTTCCGAAAGCCCCGCAAAGGTTATACGCATTCAGGGAGGCTCCGGCTGTTTCGCTGTCGGTGCGGATCTCAAGACGATGTACGGCTATGACGGTTTTACCGCAAAGGGTTTTTCCATGCTTGGCAACTCTCTGTTTAATCTCATGCGCACTATGCCGCAGGTGATAACAGGGGAGATCGACGGTTACTGCATGGGCGGCGGTATGGATTTTGCCGCCGCGTGCGATTTCCGGCTTGCAACGGCGGAAAGCGTGTTCGCCCACCCGGGAACCAAGCTCGGCATAATCACAGGCTTCGGCGGAACTCAGGCTATACCCAGAATCATGAAGCCCGCTGCCTCTGCGGAATTTTTCTGCACAGGGGAGATGTTCCGCTCTGAGGAGATGAAGCGCGGCGGCTTTCTCACAGAGATTTTCCCTTCAGCGGCGGATATGGATTCCTATGCCGCGCACCTGTGTGCTAAAATTGCCGCTAAGGACAGGGAGCTTCTCAGTCGCATGAAAAGAGGCTTGTTCCACAAGGGGTTATAACTCTTATTATTTTTTTGTCATGTTTTGTAAAATCTTCTTAAGTTTTTTCCGTTTTAGCCGATAAGAAAGAAGCACGGATGCAATTATTTTACAGGGAAGTTGCCATAGAGGTGCGCCCGTGCGCAGAACCCCTTTCTTACCAGTGTTTTCAGGCTTTTCAGAAGGTTCCCGCACAGTTCCCAGCACCCCGGATTTTTCAGGGGGTCAGATATGAAAGTCGAACGCAGCAACGCAGTTGAACAGCAGGTGAGCCGCAATTCATCGGATGAGGTCGTTAAGTACAGCAACTCAGCCATAGCCGAAACCGTGAGCCGCATTGAGGATAAGCGCCTCATGCGCATAGCGGAGTATGATACTATAGAATATCACAAAGAGCTGAGAGTTAAGGACTTTAATAAGATGGAGAAGACAAAGACTCTCCGTCTGGCGGAATACGGCGAAATAATGGAGGAGCGGGCTGAGGTCAAGCAGCTGCTCGTAAAGCTTGAGGAAAAGCAGGAACAGAGGCTCACGAAGGAATACCGTGATCAGCAGTATCTGACCGAACTTTTCATGAAGGGACTGCATTTTGACGCTCTGGTCTGAAACCTTTTTCTTGCGGGGTTTGAAAAGGGCTGTTATAACTCCCTCTACTCATAAACAAAGGAAACTGACATGATAATACACGGCAGGAACACAGTTGCTGAAGCGCTTAAGCTCGGTCTTGTAAAAAACCTTTTTCTCCGCAAAGGCTCTACATTCAGGGAGAAGCCTGATGATCTTGAAGCGGCGGAGTTCGGCAGGAAGGAATTTGAGCATCGCTTCGGTGACGAGGCGCAGGGCGTTGCGGCTGAGATCAATGATATAGAGCCCAAAGACTTCGTCCGCCACAGGAAGGAGATAGAGGGGAATGTCCTGATCCTTGACAGGATTCAGGATCCGCACAACTACGGAACCATAATCCGTGCGGCGAACTGTTTCGGCGTGAAGACAATTATCGTGGCGAGATACCATCAAGCGCCCATCACTGCCGCCGTCTGCAAGGCTTCAAGCGGGACGCTTTTTTACGCCGATGTTTACGAAACCACTAACATCAGCTCCGCTGCGGAGGATTTACAGAGAATGGGATATAAAATCTACGCCGCCGATATAGACAGCGAAACTGTACTGAAAGATGTGGAGTTCGCTGAGAAATCAGCAATTATTCTCGGCTCTGAGGGAAAAGGGATACGCCCGGGCGTGCTTGAAAAGGCGGATACCGCCTTCCGCATACCCATGAGCGGGGACATAGACTCTCTGAATGTTTCCCAGAGCGCGGCAGTTATACTCCACGCGCTGTACAGCTCAAAATAATTACTTAACCGATTCCTCAAGCTCATCGAACGCGTTTCCCGCGCGTTCGTGGGACAGGGAGTATTTCAGCTTCTCAAGCCTTTCCTCCTGATAGCTTAAGAGTTCGTTCTTCTCTATGCACGCCTTGGAGAAGGCTGTCCGTATGTCTTTGTCATAGACTATGTTTCTGAACTTCATCGTCTTCGTGATGAACAGAGGAAGCTCCGCGTCCTTCATGAACGCCTTTACGAACTCTTTCTCTTTCGGGTCTTTAAGCTCTCTGTAATTGTCATACACCGCAACCTGAAGTATGCCGTCTATCTTCTCCGCCATGAGGGTGTTTGATTTGCCCTTTAGAGCGTCCACGGCGTCATAGCCGCCCTGCTCATGGGTGAAGACGCATATCTCGCTTGGAGATTCCTTGTAGAACCAGCCGGGCGCGCCCTCTATCTTAACAATGGGTGTCGCCATTACGTAATATTTGAAAAGATAAGCGGCCAGAGCCTTCGCCAGAGCCAGAGCAATTGATTCAAACATGGGCGCACCGCCTGAGTAAGATGTCTATGAATGAATTATACAGCGAAAATGTATGCTCGGCAGGGTAATTTTTACAGATAAATGAAAAAGCCTCCGTATTTTTTGCGGAGGCTTCGGTATCTT
NZ_CP035108.1_gap19	516262	520701	4439	AGCTCTCCCCGGGGGCGACCACATGCTCATCTTTAATGTTATAGAAGGACGAGGCGATGATTCCGTAAGCCATGATAACAACGCCAATGTGAACCATAAGACCGCCGTAGTGCCTGCGCTGGGTGAGCATCACTCTGGGACCGTTGTTTTTGACGGAGAGGACGATTCTTGTGATGATTGTCGCCAGAGAAAGGGTTGTAACGCCTGTGAGTATAAGAGGGATAGGCAGCGTGTAGCCTTTAACGTACATGATTACCATGGACGCAAGCGCAGCAATCACAGCGGGGATGATCTTTTTATAGAAGCTCTCCCCTGCCTCCTTTCCGAACTGCGCCATGGGGGCAAGACCAGCGAAAAGCAGTATCAGTATGAAGAAGGGTGTGGATACTTTGTTGAAGTAAGGGATGTTGACCGTAAGCTTGTTGCCCACAACGCCGAATATCCCCATTATGCCGTAGTACGCCTGAGATATAAGAGGCATGGTTGTTCCCACGAGGACAACAATCATGAGACCGAGGAAGAGCCAGTTTGCTATAAAGAACATGCCTTCCCTTGAGGAGAAGTGGAAGTCCTTTTCTTCGGGGTCTTTGTAAAGCTTAATGTTGGTTAAGAGAACAGCGAGGTAAGCCACTGTGGAGGCAATCATAAATACTATGAAGAAAGTGCCGAGGCTTGATTTCCCGAACGAGTGAACTGATTCAATAACGCCGCTTCTCGTGAGGAATGTGCCGAATATGCAAAGCAGGAAGGACGTCATAAGAAGTGTATGAGTCCAGATTTTCAGCTTGTTTCTCTGCTCGTATATGAGAGCGGAGTGGAGGTAGGCTGTGCCTGTTATCCAAGGGAGAAGAGACGCGTTTTCCACTGGATCCCATGCCCAGTAGCCGCCCCAGCCGAGCTCAACATAAGCCCACTGACCGCCGAGAACTATGCCGATGGTGAGGAAAACCCATGTGAAGATAGCCCAGCCTCTGCTTTCTTTAACCCAGAGGTTGGAGCCGTCGCTTGTCATCATGGAAGCGATGGCGTGCCCGAGAGGGACTGTGAAGCCCGCAAAACCGAGGAAAAGGGTAGGCGGATGATAGATCATTCCGGGGTTCTGGAGAAGGGGATTCATGCCCACGCCGTCCTGAGGGGTGAAGCCCAGCTCAGCGAAGGGATTGGTCACGAAACAGGTAAGGATCAGGAAAAAGGAAGAGGCAACGCTTATGACAAAGAGAACAGAGCTCTTGTATCTTGAATCGAAGTTCCTGAGCCTTATCATTTCTATAATGGCGAAGATGACAAGAATCAGAGCCCAGAACAGAAGCGAACCCGCCTGACCCGCCCAGAAAGCGCTGAGCTTGTAAGCAAGGGGAAGCGCAAGGTCTGTGTACTGCGCCACGTATTCGATTTTAAAATTGCTTGTGATAAGCGCCAGAAGAAGAACCAGAGAAGCAATGCCTATTGCCGTCGTCTGCGCTATGAGGAAATATCCTCCGATTTTATCGTAAATTTTGTTTTCACTTCTCATTCCGCTTAAGTAGAAATAAGAAGCGCCCGCGCCTGCTATCAGCGCAAGGAGCATAAACAAAAATCCTGCTCCGCCCACTGTTCACCTCGAAAATTTAAGATTTGCAAAACATCACCGTTAGGTTTTCGCCTTCTATAGACGAAAACCCGCCTGCCGCAATAAACTTTGCATAGTATACTAAGTTGATAAGGATTTGTATAAAAAGTTCTCTAAAGGATCGTTAAAATATAATAATTATCCTTTAGCCGCCTCTTCCTCAGGATCCACCTCGTATTTTGAGGGGCATTTTGTCAGAAGAGTTTTAGCAATAAACTTTTTGTTTTCAATGTCATAGTTGCCTTCAATGATAACGTGGATCTCTTCTTTGAAGGTGTCGGGGATGATGCCTTTGTAGTCAACGGTCATGACCGCTCCGCCCTCTTCAACGTCCATGATGTCGAAGACAAGATGTCTGTCTTTTGTGTTTTTGGTGATTGTTCCGGTGATTACCTCTCCGCTCACACGCATGCCCTTCTGGTTAAGTTTTTCAGGGTTATGAAGAACTTCGCCGACTGTGAGGTAGTACACGCCTTCTGATTTGAAGCCGCTGAAAAGCATGAATGAAATGGCAATGACAACAACCGCTGTAGCAACGAGAAATTTCTTGTTTTTGTTCATTGGCTGACTCCGTAACGTCTTGACTTTGATTTTATAATGTACATAATCCGACCGTTGATCAAGGAAAAAGTTTTGTAAAAGATATTAATGAAAGCAGATTTTACGGGCTTTTCAGTATCGTTTTAGCGTAATATCTGAATATAATATGTGCTCTTTAAGAACATTTCCCTTCGCCGTCTGTCTTTACCTGTGGAAAAAATGAGTATAAGGTAGTGATTATGAATGAAATAGGATTTATTACGGCTTTCACCGCGGGTGTGCTCTCCTTTCTCTCCCCCTGTGTGCTTCCTCTTCTCCCTGCGTATCTGTCTTTTATATCAGGGGAGACAATAGACACCCTCACGTCCGGCGAATCTAAAAAAGCCAGAGCGAAGGCGGTTCTGGGCGCTGTCTGCTTCGGACTGGGCTTTCTTCTTGTATTCGTGATTCTCGGAGCGAGCGCCACGGCGGTCGGCAAGGCGCTGGCACAGCATAAAATAATCCTCGGGCGGATAGCAGGGCTCCTTATCATTGTTCTCGGTCTGCATATGGCGGGGATTTTCCGTATAAACAGGCTGCTCGTGCAGAAAAAATGGAACTATAAGCGCAGGGCGGGGGCTCCGTTTCTGCTTCAGGCGTTTTTTCTGGGGATTGCGCTTGTTCTCGGCTGGTCGCCCTGTCTCGGACCTGTGATAGCGGCAATATTCGCCATGGCTTCCCAGCAGGAGACCGTGGTTCAGGGTATAGGGCTTCTTGTCACATTCGGATTAGGGCTTTGGATTCCTTTTCTTCTTGCCGCCCTTGCCGTCGGGCACGTGATTTCCGGCATGAAAAAGGCGGGCAGGATCGTAATGGTTGTGGAAAAAGTATCCGGCGCGCTGCTCATTATAATAGGCGTGCTTATGACGACAAACAGCATGGCTATGATGAGCGCCTATCTTGTCAGGTGGTTTCCGTTCCTCGGCAGCATTAACTTTTAGGTTCGTATCCGTTATTTTGTACTTTTTTTGGGTTCGATTTTATAATATATTACTTTGATTTTTTGGAATGAACGGATTTCCGTCCTAAAAATGCGGATAAGAGATATTTCAAATACAGTAAGGAGCATTTTTTATATGGCAGGACATAGTAAGTGGGCGAATATCAAGCACAGAAAAGCGGCTCAGGACGCCAAAAAAGGCAAAGTCTTTACCAAGGTTGCCCGTGAGATAACGGTCGCGGCGAAGGAGGGGGGCGGCGATCCGGATATGAACCCCCGTCTGAGGCTCGCTCTTGACAAGGCAAAGGCCGTGAACCTGCCGAAGGATAATGTTGACAGGGCTATTAAGAAAGGCACCGGCGAAGGCAATGAAGCCGCATATGAAGACGTAACTTACGAAGGCTACGGTCCGGGCGGCGTGGCTATTCTCGTTAAGACACTTACCGACAACAGAAACAGAACCGTCGCCGAAGTCCGCAGCACAATGACAAAAAAAGGCGGCAGCATGGGAGAGGCGGGCTGTGTCGCTTGGATCTTCGAGCAGAAGGGCATACTTGAGATAGCCAAAGACAGGGCGGACGAGGACAAACTTCTGGAAGAGGCTCTTGAAGCGGGAGCGGAAGACGTTGTGGATGACGGTGATGTTTTCGCTGTGCAGTGCGCGTACGCTGATTTCATGGATGTGAAGGCAGCTCTTGAAGGCAAAGGCTATGCCTTTGAATTCGCCGAAATCACCATGAAGCCTAAAAATACCGTTCCCGTAAATGTGGAAGACCTGCGCAAGATAATGAACATCACCGATGCCATTGAGGATCTGGACGATGTTCAGGAAGTTTACTCCAACTTTGAGGCTGATGACGATGTCATGTCCCAGCTTGAGGACTAATTGTCCCGTATAGTTATCGGGATCGATCCCGGGCTGAACTGCACAGGAGTGGGCATTGTGCGGGCTTGGCCGGGCAGGGTGGAGCATGTCTTCCACGGCGTGCTCCGCACCGACAGCAAAAGACCTCTTCCCGAGCGTCTCGGTGTTATATGCGCCGGGCTGAGGGAGATTGTGGGCGAATATAAACCGGAAATATCCGCTGTTGAAGATGTTTTCCAGTCGGTAAATATAAAAAGCGCCATGCTTCTCGGACAGACAAGGGGCGCTATAATTGCCACACTGCTCTCCTGCGGCATGCCTGTGAACGAATATACGGCGCTTCAGGTGAAGAAGTCTGTCGTGGGCTACGGCAAGGCGGATAAGGAGCAGGTTCGCCACATGGTGGAGGTTCTGCTCGGCATTAAGATGGGCAAAAGCCCGCTGGA
NZ_CP035108.1_gap20	522612	525047	2435	GCAGGTGTCTTCATGCTGAGCATCACGGAGAAGCAGGAGTATATAAAGCTGGTTTTTGAAGCTGCATCCGCTCTGGGTACGGTAGGCTTGAGTATGGGGATAACCGGGGAACTCAGCGGTGCGGGAAAAATGATAATAACATTTCTGATGTTTGCTGGAAGGGTTGGACCTCTCACCATCGGGCTTTCTCTTTTCCACTCAGCCAAGGAAGCGGGAAAGCCTAAGAAGAGCGATCTTGCCGTGTAGTTTTAACGTCTCTTCCGTTACTGAGCGCAGCGGAAGAGACATATCTTTTTATTCAACCTTTTCGCCGGTTTCCGAATCCACAAGGTGGAGCTCACCGTTCGTTATGCCGATGCCGACTTCAAGGCAGCTGTAGACGAATTCCTCAAAGCTCATGCCGTTTACTTCGCAAGCCTGATTGATTTCGTCCATAAATTCTTTTTCCATGGCAAATGCCATGCTCACCATATTCTCTTCATCAATTTCCTGATCATGGTCGTGGCTTCCGCAGCCGCCGCTTCCGCATCCGCATTTGTCGCTCATGCTGTCTCCTTATATAAATCCGGTGAAATTATCTATCGTTCCGGTTAATGAGTCAATATCGAACTCTTTTGCATCTTTTGCAAGTTTTTCTGCCCAGTTTTTCAATTCTTTTATATTTTCCTTTTCAGCAAGTGCCAGAGCAAGGGCGGCGAAGCTTTCCATATCGCTTATTACAAACCTGCGTGAAATTTGCTGCCATCTGGCGTGCAGCTCGGTTCGTATTATTTCCCGCTGTTCAGGGGTTATTCCTGCGCCCGGGGCATGCTCATGTCTTTTCTCCGGCTGCTTGACCCTGTGTTTAATAAAGACTTTCAGCGCATCTGTAAGTTCTGATGAAATTATGGGCTTTTTTACATATGCCGCACAGCCGCAGGCGAAAGCCTCTTCCATTCTGTCGCTGAGAACATCTGCGGAAACAGCGATAATGGGTATGTGCGCCGTCGCGCTGCTGCCTTTGAGCATTTTCGCCGCCGCATAGCCGTCCGTTCCGGGCATTTTCATATCAAGCAGTACAATGTCAGGCATATGTTCAGAGGCTTTTGCAAAAGCCTCCTGTCCGTTTTCAGCCTCAATGAAAGTGAAGGGATGCTCCTTCAGAAGCAGACGGATCAGGAAGCGGTTGTGGGGGCTGTCGTCCGCGATGAGAATCCTTGCCGGTTCAAAATGCACTGCTCCGCTGTCTGTTTTTTCCGGACGGGGCTGATCACAGATCCTGATATTACCGAATTTCACGGTGAAAAGCGAGCCTCTGCCCTTTATGCTTGATACACTCACAGTGCCGTTCATAGCCTCAGTGAGCTTTTTGGTGATGGCAAGTCCCAGCCCTGTTCCGCCGTATCTGGCGTGATCCTGTCCCTGCTGCTGGGCGAAGTTTTCAAATACCGCCTCAAGCTGGCTTTGCTCTATCCCCATGCCGCTGTCCTCAACGGTTATAGTCACTGAGCGGAGATTGCCTTCTGCCGCTTCCTCCCTGCATGATATTTTGATAAAGCCGCTGTCGGTAAATTTCACTGCGTTTCCCACAAGGTTGAAGAGTATCTGCCGAAGCCTGATGCCGTCAAAGAGAATCTGCCTGCTGCAACCGCCCGTGTCCAGAATCAGTTTAAGCCCTTTTCTTTTGACTGTTTCAGAGAAGATGTTCACCGTCTCGTCAACAACTGCGCATATATTAAGCGGCACGGGGTTTATATCTATCCTGCCGGATTCTATTTTGGAGAGGTCAAGCAGGTCGTTGATAAGCTTCATAAGTGTTTCGCCGCTGTCCTTAATGGTGTTCAGCAGGTTTGCGTGTTCGGGCTCGTTTATGTCCCTGCTAAGAATTTCGGCGAAGCCGAGGATAATGTTCATCGGTGTGCGTATTTCATGGCTGATATTGGCGAGGAATTCGCTTTTTGCCCTGTTTGCCGTGTCCGCCGCTTCCTTCGCCGCCCTCAGTTCCTCTGTACGGCTTACTTTCAGCAGGTTGTCGTGATAGCGGGCAAAGAGAATGTTGAGGGATTCTGTGAGCACACCCAGCTCATCCTTGGCGTGTCTTTCGGATATGTTGATGCTGTATATGGACTGGCTTGAGGGGTCGGCTCCGGCGAGCTTCTCGGCTATTTTCTGAATCTGTCTTACAAGGGTGAGGTGGAACGAGACAGCGTAAAGCAGCGAAAGCACGGCGGTCACAAGAAATGTGCTTATGAAAACTGTTCCCGCGTGGGACGCGAAATCCTCAGAGATATTTCTGATATTCGGCTGTATTTCGGCGTAACCGGCGTAGTGCCAGTTTTTGCCGTAAATCAGGGGAAAACGGAAAGACATTTCCCCCGTGTACATTTTTTGAATAAGGATGATGAAATAGCCTGCTTCCGTGCTCCGTGCCTCACTTTCGGCGAGAACCTCATTTT
NZ_CP035108.1_gap21	534299	538832	4533	TTCCTCTCTGTAGGCGGTCGTCACAACTATTTTTGTTTCCGGTCTCTCCTCCTTTATCCTGTCCACCAGCTCGAATCCGCTCATCTCCGGCATGGCGAGATCGGTTATGACTATATCGGGCTTATGCTCCCGAAAAACAGCCAGAGCTTCCCGCCCGTTCTTAACAGTGTAAACTTTTCTGAACTCTCTCACGAGTATCATGGACATAATTTTGCTGACCATTGCGTCATCTTCAGCGTAAAGAACTGTTTTATTCTTCATCAAGGGCTCCCCCTCTGGGCAGGTTTATGGTAAAGCAGGCTCCGTTTCCGGTGTTTGAAGCCGTCAGTCTGCCGTCCATATGCTGTTCTATCAGCAGTTTCGTCATATAAAGCCCTATGCCCGTTCCCTTGCCCTCTTCCTTTGTGGTGAAGTAAGGCTCGAATATTTTGAGGAGATACTCCTCCGGTATGCCTGTGCCGTTGTCGGAGACGGAAACCGTGACGGATCTCTCTGTGCTGCGTATATCGACGTTTATTTCTCCGCGGATGTTCCGTTTATTATTCTGCGCAGCGGATTCTATTGCGTCTGCGGCGTTGTAAATAATGTTGATCACCGCCTGCTTGAATTCGCCGGCGTAGCCGTATACAAGCGCTTTGCCGTCAGATGTCCCGTGTCCGCTCTGCGGAAGGGCGCCGTTGATTTTTATATCAATGTGTTTGGCGGCGAACTGGACTTCAATGAGTCCCGCAAGCTCGGTCACTTCCTTTACCGCATCGTAATGGATCTTTTTCTTATCCGGAGCGAAAAACAGCCTGAAGTCATCTATGGTGGAGGATATGTGCCTGATTATCCCCATGCTTGTGTCGGAGAAGGTATTCATATACTCCCCGTCAATGAGTCCCCGTTTCCAGCATTCGTGAGCGTCCTGCACATAAAGCCCGAGAGCGTTTATGGGCTGGCGCCACTGGTGGGCTATGGCATTTATCATCTGCCCCATGTCGGCGAGTTTTTTCTGTTCCTGTATTATCTGTTCCTGCCTGTGCCGTGCCTCGACTTCCGTTTTGACCTGCTCCTTGAGGCTCTCGTTCATTTTTTTCAGCTCGTTCTCAAGAGTAACAGTTGATGTGGCGTCCTGACAGAAACCAATGTATCTGTTTTCGGCTATTTTAACCACGGAAATTCTCATGAAGAATGTTTCCTTGTTTTTCCGCATAAATTTCAGCGTTTCGGAGACAATTCCCTCCTCAAAAAGAACCTCTTCCGCTTTACGGGCGTTTTCCACGGAATCGGGCGGCCAGAGGTCAACAACCATCATGGAAAGGAGCTCCTTTTCACTGTAGCCCGTTATGCGGCATGCCTCTTTGTTCACTTCCACTATGAGCCCATTGTGGTCGGATATGAATATGCTTATGGGAGCGTTGTTTACATAGGTGCGGTATTTGTTTTCGCTGTATTCCAGCGCTCTCTGCCTCTCCATCAGTTCCTTATGGAAAAATTTCGCGTCCAGCCAGCCTTTAAGGGCGGGAGCAAGGAGCATGACCGCTTTATTGAGTATTTTGACATCCAGTTCGTTGAATCCGCCCTCTTTTTCCGCCAGAACAATTTCGCCGAGAAGCAGATTCTTGTGAACAACGGGCACTGCTATGCAGTTGTTGAAGGGAGTGTGCCCTTGGGGGATATTAACGCAGTCGTTTTCGACAACGGTTTTTCTCTTATTCAGCGCCTCACCCCATGCGCCGCTCCATTTTTCTCTGGGAAAGGAGGCGGAAGTTTTTCCTTTTTCTGGAAAAACCAGCGAAGGGCACACCAGTGTGCCGTCAATATCAATATATCCCGCAAAACCGTGAAGGGAGCTTATCTCTTTCCTGATAACACCCAGAATGCTGCGGAATATATCGCTTTCATCATTCATGAGGAATGAGTTCATCAGCTCCGCGTGGAGACGGTTGTCAATTTCGGATAATGTTTTCTCGGTAATATCATGGAATATGTTGAAAACATAGGATCTGCCGTCCGCAGTGAATACAGAGGAGTGAAACTCAAGATGGTGCAGCCCGCCGGATGAGTCTCTGTGACAGGTTGTCACCGTATCAATCCTTTTCTCCAGCACACGTCCGATCAGCCCTAGTGTCTTCTCCGGCTTGGAGATGGTCAGATCAAGTATGCGTTTGGAGGTAAGCTCCTCAATGCTGTATCCGTAAAGCCTGCACGCGGCTTCGTTGGCATCGGTTATTCTGGTTGTTTCCGGCTCAAAGGTGAGCATGCAGGCGTTGGCGTGCCTGAAGATGTGAGCGTAATCCGGAGCGGATTCACCGCTCCTCTGTTCGTTCTCTGTGGAATTAAGCAATATCATTATTCAGTCCTTGAATTGTGTATATGTTAGATCATATATACGGCGTCGGTAAATGCAATAAAAATCAGGACTGAAATGGGATAAAATTAAAGATGCCGCTTGCTCAGCACCCTGCGAATTTATGCCAGATGTTCATAGTTTCCGTTCCGCCGCAGATGTTTGTGTTGTTGATAAGCCTGCCGCCGAAGCTGTAGTTCCGTTTTGCGAAGGTGATGTTCATTCCGAAGGAGAGGGAGCGGGCGATTGTAAAAAATGTGCTTATGCCGAGTTTGGGCACTTCCTGTTCCATTTTTGCCAGAAGAGCGTTCGCGTATCCTCTGCCTCTGGCTTCGGGCAGGGTGGCGAAATCGGTCATTTCCGCGGCATTGATGTGCGGATTCATTTCCGCGCTTGCCAGAGCGGTTATTCTGCAGTCCTCCCTTATGCCGAAATATGCCGCGGATTCCTTCATCGTCTGTCTTATATAGTCCGCGTCGTGTATGGGAAAAGGGTAAGACTCAAAAACCTGTTTGTAAACACCTGCCATTTCGTCCGCATCGGCGGGCGCCATCCGTTCGCAGAGGTTCGTCATTGGCGGTTCGGTCTCATCCGGTTTGTAGCTGAGGGCTTTGAGGAGTATTTCAGACTGAAGCTTTCTGTCCCTCTCCTCTCTGCGCGCGGGATCAATGAACTTGGAGAGGAAAACCGCCTTTTCGTAAGGAGCGTTCCTGAGGGGAAGCTCCGCCTCGGTGATGTAGCCTCTCTGTATGAAAATATCCGCCTTTTCAGCCGGAACCTTTGCTATTATTTTGGAGTAGCCGTTTCTCTCCGCCAGCTCCTCCGCCTTTGCGGCAGTCTCCTCTCCGCAGGTAGCGGGAAAGGAGAGTATGTAAAGCCTGTCGCTGAATTTTCCATGGTGGACAGCCGCTCCGTCCAGATTTATGATTTTATCCGTCATCGTTTCTTCTCCTGAGTCTTTCAGTGTCCTCCGGAACGAGGGTTATCTTGTCGTCATAGTCAGCCATAAGTCTCTCTATACCTATGGCGGCGGGGTTTTCCTCTCCCGTCACGTTAAGGACGAGGCTGCATGTCTCGCAGTTCCTGTCGCAGAAGACAGGTTCGTATGAATCAGGCTCCTTGTATGAGCATATTACCCCTTCGTAGTTGCGGAGTATAACCTTGTTGGTTGACCATGATACCACATAGTTCGGACTCACGGGGATCTTGCCCCCTCCGCCGGGTGCGTCGATCACATATACAGGCACGGCGAATCCGCTCGTGTGCCCTCTGAGCGCTTCGATAATCTCAATCCCTTTCCCCACGGGAGTACGGAAGTGGGACAGCCCTTCGGAGAGGTCGCACTGATAAAGGTAATAAGGGCGGACACGGTTGCTGACCAGTTTCTGAACCAGCTTTTTCATTATGTAAGGGCAATCGTTTACTCCGGCAAGAAGCACAGACTGATTGCCCAGAGGCACACCGGCTGAGGTGAGCCTGCGCAGGGCTGCGGCTGATGAATCCGTTATCTCTCTGGGATGGTTGAAATGCGTGTTCAGCCAGAGATTCGGGTAACTGCCGAGAAGCTCCGCCAGTTCTTCCGTTACACGATAGGGCAGGACTACGGGCATACGTGTTCCGATTCGGATTACCTCCACATGCTCTATGGCGCTGAGTTCGTCCAGAATCCACTCTATTGCGGAATCAGTAAGCATCAGCGGATCACCGCCGGATATGAGCACGTCTCTCACTTCGGGGGTCTTTCTGATGTAGGCAAGCCCTTTCTCAAGGGTATCTCTGTCGGGGATGAAGTCCCTGTCTCCGACTTTACGCTTTCTGGTACAGTGACGGCAGTACATAGCGCACATATTGCTTACATGAAAAAGAACCCTGTCGGGGTAGCGGTGGGTTATGCACTCCGCCGGGCTGTCAATATCCTCTGACAGCGGGTCGCTCATCTCCCAGTTTTCGGTTATAAGCTCGTTAACAGAGGGGAACGCCTGCCTGAACACGGGATCATCCCGCCAGTTTTCACGGTCTATAAGCGAGGCGTAGTAAGGGGTGATGGCGATGGGAAATTTCTCCGCCGTCATCTCAAGCTGCCTGCGCTCCTCCGGTGTGAAGCTTATTCCCAGCACCTCCTCAAAGGTTTTAATGTCCTTAATCGTTCTTCGGAGCTGCCAGTGCCAGTTTTTCCAGTCCTGCATGCCGGAATCGGGCTG
NZ_CP035108.1_gap22	543360	545559	2199	AAGGAGACCACGGAGCATATAGATGTCTATAAGGGCGATAAACTGCTTAAAATAGAGCAGCAGATGTATCCCGTGCCGAATAATGAAGGCGAAGTGGACGAAGCGGGCGAGCACCTCTTTGACATGACAGAGCAGTATGAGCTGATAAACTCCCTTGAGACTTACAAGGGACAGATCAAAAAATATAAAATGTCTAAGCTGAATGACATTAACGAAATAGAAGAGCTCAAAAAGGAATATACCACTCTGAATGAAAGCTATGAGGATCTTCAGGTTAAGTTCCAGAAAATTCGTGTGACACTGGAAAGGCTTCTCTCCGAAGACAAGATGAACGAACTGCTGCGCACCAGAAACGAAAACGCCGAGCTCCGCAACAAGCTCACCCGTGCGGCAAGCGCCCTCCGGAATTATCAGGTTAATCTGGACGAAAGCAAGACCAGATATACCGAGCTGAATAAAAAGACGGTTTACCAGCTTGAGAGGCTGATAAACGTGCTCAATAACAAGGCAACCCTCAAGCAGCCTGATATGGAACAGAGTTTCGCTTTCATAAACAGCGAAATTGCCCGCCTTAAACGTGATTATGATAAACTTTGTGGTGGAAAAACAGCCAAAACAAGTGTAAATGTTAGTGACGCCGGAGAAAGGGCGCAGGAAGCGGATTGAGAGGGTTTTCAACAGAACGCCGTCTCACTTTTCCGGCTTAGTGCCTTTTGACTCTGTCTGCGTAATCAGGACGGTATGCTGACTCCGTTTAAGCGGAGTTTTTCAGTTTAATGTGAAAATTTAAAATATATTCAGGAGGCACATGATGGGTGTTAAAATCGGTATCAACGGATTCGGAAGAATCGGACGCTGCGCTTTCAGAGCGATATTTGAGAGAGGACTCGACGTGGACGTGGTCGCCATCAACGACCTTACGAGCCCCGCGACTCTTGCGCACCTTCTCAAATACGACTCAGTTCACGGAATTTTCGGTTTTGACGTGAAGGCGGAGGCGGACGCCATCATCGTAAACGGCAAAAGAATTGCGATCAGCGCGGAGAGAGACCCCGCAAACCTTCCTTGGGGCAAGCTCGGTGTTGAGGTGGTTATCGAATCCACAGGCATTTTCACAAGCAGAGAGAAAGCAGAGCTTCACCTTAAAGCCGGCGCGAAGAAAGTTGTAATCTCCGCTCCCGCGACAGACCCCGATATAACTCTTGTTATCGGCGTCAACGATGACAAATACGACAAAACCAAGCACAACATCATCTCCAACGCATCATGCACAACCAACTGCCTTGCGCCCGTCGCGAAGGTGCTTAATGATAACTTCGGCATAGAATCAGGCATTATGACCACTATTCACTCATACACCAATGATCAGCAGATACTTGACCTTCCCCACAAAGATCTCAGAAGAGCAAGAGCAGCTTCTCTCAGTATGATCCCCACCTCCACAGGTGCGGCAAAGGCTGTGGGGCTGGTTCTTCCCGAGCTTAAAGGCAGGCTGACAGGTACTTCTGTGCGTGTTCCCACGCCCAACGTATCCATAGTCGACCTTACCGTAAGCCTGAAAAAATCTGTCACTGTTGAGGAAGTCAACGCTGCGATGAAAAAAGCGGCAGACGAGCTCAAGGGCATTCTCTTCTACAGCGAAGAACCCCTTGTCTCCATCGACTTTAACGGTAACCCCCACTCATCTATCTTTGATGCCGAGCTTACAACGCTCATAGACGGCAAGCTGCTCAAGGTGTTCAGCTGGTACGACAACGAATGGGGCTACTCCAACAGGGTTGCCGAACTCGTTACCAAAGTTCTTTAATCCGGCTGCGGGCAGAACGAGATGGCTAAGAGCATAAAGGATCTTGAGTTAAAAGGAAGAAGACTGTTCATGAGGGTGGATTTCAACATCCCCCTCAAAGACGGCGTGGTTCAGGACGATACCCGCATCCGTGAGGCACTTGAGTCAATAAGATATGCCAAGGACGCAGGGGCGAGAGTTGTTCTCGCCTCTCATCTGGGCAGACCGAAGGGTGAGAAAAATCCGGCGTATTCCCTTGAGCCCGTTGCGGAATATATAAGCAGAAATTACTTCCACGTTGACTTCATAGACGACTGCGTCGGTGAAAATGTGCAGCAGACTGTCAGCAGAATGCGTGACGGTGAAGTGCTGCTCCTTGAGAACCTCCGCTTCTACAAGGGTGAGGAGAAAAA
NZ_CP035108.1_gap23	547240	548371	1131	TCCTCGCCAGAAGAGGAGCCGCTCAGAGGCTCGGCGGCTTCTGGGAGTTTCCCGGCGGAAAGATTGAGCAGGGAGAATCCGGCGCGGAGGCTATAATCCGTGAGATCAAAGAAGAACTCGGGATAAATGTTCAGGTGGGCGGACTCATCGGTCAGTGCGTACACCATTATGATACATGGTCTATCAGGCTTATTGTCTATGAGTGTGACTGGATTTCCGGACGTCTCGTACCCAGAGTTCACGATGACACTGCGTGGGTAGGCGCTGACGAGCTTGCGTCTTACAGCCTCGCTCCGGCGGATGTCCACTTTGTGGAGCCGGTGCGAGCCATAATGCTCAGCAGAGCCTAAGACCTGTCCAGAAGCATCTGCACGGCGAATTGTTTTGCTATTCTTCCGCTTCTTCCGCCCCTGTCCATGGCATAGTTTTCAGCCAGCCTCTGCCAGTCGTCAATGTTAAGTCCGAATTTCTTAAGATAATGCTCTGCTATGCTGAGATAAGGCTCCCTGCGCATGGGATAGAAGCCGATGTTTATGGCGAAGCGTGATTTGAGGGAAATTTTTTCGTTCTCCTCGTCACGGTCGTATATATCGTTGGTGTCTGCGGCTTTGTCCGGAACCATGTGGCGCATGTTTGATGTCGCTACTATCATGCAGTTTGCCGGACGCTTCTCCAGCCCGCCTTCAAGGACTGATTTGAACCTTCTGAAAAGAACATCGTTCCTGTCGAACGATATATCATCAAAATAAATTATATAATAATGCTTTGAATCCCTGCGGATGGTGGAGTTGAGAGCGTGAAGCTCATCTATGTCTTCCTGACGGAATTCCACAGCCCGCAGCCCTGCTTCGTGGTACTCGGTGAGGAGCATTTTTATTATGGATGATTTACCCGCCCCTCTTTCCCCCCAGAGGAGCATATCAAGGTGAGCTCCTCCTGAAACGAAGGAGCGTATATTCTTTTCCGCTGCCTCTATCTGGTTTTCAAGACCCACAAGGTCTGTGCGGTGAACCGAATCCATATCCTCTATGGAATCGAGAGCGCCGTTCCGCCATCTGAACGCACGTACTCCGCTCATCAAAGGAGCCTTGCCGCGTCTTTGGCAAAGTATGTGAGAATGAGTTTGGCGCC
NZ_CP035108.1_gap24	644122	647632	3510	GAGGAACACGGCGGGGATTATGACTATGGAAATGAATGCGGTTATTATGAAATTTCTGCTTTTAGGGGAGGGGAATATAACATCGAACGCCCTCTGGACGGACGCTAGGATCAGTCTTGATGTCCAGAGGAGGTTCAGCGCGCCGAATATGCCCACGGCTCCAGCGACACTGCCGCTGAGTCCGAACCGGGCAAGAAACTCCCTGTCGAGGTTAGGGCTGAAACTGCCGAGTATGCGGAAAAAATCCTCCGAAAACGCCGCGTGACTGTCCAGAAAGGATTCAAAAATAGTAAGCATCAGGAGTATGATGGGGATGATTGACAAAAGAAAGTAATAAGCCACGGCGCCGGCGTGGTTGGTGAGCTCGTTCTCCATGTAGCGGCTGCATGCGATATAAAACTTCTGGATAAACGGTGTGCGGTTTTTCATATGTATGGCTCCGCGGCGGCGGGAAGAATCAGACAACCTTAACATGCCAAGGCTCAAAACGAACGCCGTAGGGATTTTTCCTGTCGTAGCGTATGCGCATGTAGCCTTCTTCCATCAGTCGTGAGTATTCTCTGGTGGTGGCGAACCTGTCCGTAAAGTTGAAGTGTCCCCAGCCCTTTATGCCCACGTCAAAGTCGCCTGTGCCGTGGTATGAGTAGCCTATGGGCGCTATGGAGCGGGATGCCATGGAAAGGTTCCCTTTTGTTTCAACAACTTTGGCAAGGAAAAGTCCCGCCTGCTTGACGATGCTCCTCACACCGGAGGTGAGTATGAGCGTTTTCATGTCCGCGGTGATTTTGGCGTAGGTGGCTTCCGCCTTGCCCTTATATATGAAGTGTCCTGTTCCGGGCATTTTGAGCACGTGTTTATCTTTTACCTCTTCATAGAGGCTGTTAAAAATCCTGTCCCCGTAGAAGCCGTAAACAGAGGCGCCGCGGCGGAAGAATTCCTCCATGAAGTTTTTCTCCTGCGGGGTGAACTCCGCCAGAGATCCCCTGAGACTCATGGTGGAGAGAGCGTCACGGTAGGAAAGCACATTGAAGTTGCCGAAGCCGACAAATTTCATCAGTTCCCGCAGCTTGACGTTGCAGCTCCGGATGAGGGCAAACTCCGCATGTGAGGCTATGACATCATCCTTGAAGCTGTGATTAAATTCTTTTATTTTCTTGAAATACTCGCTGTTATAAAGCTTCTGTCCGTCCTCAATGCGGCATACGGCGGAAGCGGGGTCTTTTTTTTCATCGGGAAAAGGGAATACGAAGCCCAGAGCATCCTGTGCGCTTAAAAGGCAGGAGGCTGCGGGAATAGCGGCTGCAAATTTCAGAAAAGTTCTTCTGTTCACGGTAAAGCACCATGTTAATTATTCTGCGGAGCAGTAAGCGTCAAATCCGTTACGTTCGGCATAGGCGAAAATATCAAAGCCCTCAGGGGCGCATCCGCTGAAGTCACAGGCGGCGGCGAAGCTTTCCCATCCGTTTCGGACTTCGGAGGCGTCCTTCTCCGTCAGGATACCGTTTTCACAAATATCCGCGAAAACCAGTTCCGCCTCTCCGAAGCCGCCTTCAACAGAGGCAGCCCGGGAGCTTCCGGAATATGTGAGCAGCGTTGTCTCCGTTCCGTTTTCGGAAGCGTACAGGAATGAGCCGGAAGCGCTGTCAAGAGCGGCAAAAGGCTCTTTTTCACCTATAATGTAAACGTAAAATATGTATCTGTTTTTATCGGTTTTGTTGTCTGAGACATTATCGCCTATATCCACTCTAACATGATCCGACCTTACACTGAGGAAAAGATCGCATCCGGAGAGCATAAACATAAACAAAAAAATGACCGTAAACTGTTTCATAGCCCACTATACAGCATTAAGGCGGAATTTGAAAGAAATTAGGGATAAAAAATATTGGAAATAAAAGAGGGAACCGTGCCGGAACTCCCTCTCTGTTTGTCGGCAAAGTAGTTTTGTTTCGCTGCCCGCCTGAAGCGGACTGTGCCGCTTCTTTTGTATCAGTAATTTATGCCTGCTGCCTGAACGCTTTCCGGATCATGGCTGTGGCAGGGAGTCACACCGTATGTCATGTCGCAGTTGGGGCATTTTGCCTCATAGGTTTCCATGGAGAAGCTTTCCTCACAGTTGGAGCAGTGGATAACCATGGGCATAGACATGGGCATTGCGCTGTAGCCCATATTTCTGAGCTTATTGACTACCTGTTTTCCGTTTTCAAATGTTCCTGAACATCCTTGGTGCATAATTATTACCTCTCATTTAATAGCAGCAAACCGTACGTCCTGTCGGTTTGCTGTACACGCTCGCGGGTGGGTAAACCACCCTTCGCTCCGCACGGCGCAACTCCTTCCTTGGAGTTGTGGGATTCTTCGTGTCTCCTGAAACAGTATGTGTCACTGCGAGCTTCAGCGAAGCAGTCTCTCAATATTTTGTGACTGCCGCGTCACGTTGCTTCCCGCAGTTCAGAGCGGAACGTACTTAACCTTTCTTTGTTTTGAAAGAATACATCCATTGCGTTATAATTAACTTGACGGAGATCAAAAGCCGCAAAAAAATCTTTATCGTTTTAATTTTATGTATTATAGTGCTTTTGTTAGGAAATATTGACAAACATCATTAGATTATTATTTTTATAACGGTTATAAGATTATTTTCCATGGAGGTAAGCATTGAAAAAATTGCTTCCGCTTTATATCAACAGGCTTAGTCCCTGTTACAGCCGTGATCATCTCGGCAACCACGGCTGCTATGCCAGAAACGATATACCCAGATTCCTTCACCTTACGGCTCTCGGCAGGTTTGATGAGGCGTTTTATGTGCTTAAGGAGACAAACCCATTCAGCTCCGGCTGCGGAAGGTTCTGTGACCACCCATGCGAGACAGCCTGTAACCGCACTAAGTTTGATCAGCCTGTGGACATAAAGGCTCTTGAGCGTTTTGTGTCCGATGCCGGTTATGAAAAGGGTCTCAATCCTGTTATGACCGGAGAGCCGAAAGATAAAAAAATCGCCATAGTCGGCTCCGGTCCCGCAGGGCTCTCATCAGCTTATTTCCTTGCCCGCTGCGGCTACAGAGTGGAAGTCTTCGAGAAGCATGAGGTTGCGGGCGGTCTCCTCACCGAAGGCATACCCGCCTACCGCTACCCCCGTGAGGTTTTTGAGAAGGAGCTCGCCTTCATAAAGGAGACGGGCGTTACAATACATACATGCGCGAATATAAACAAGGAAAGCTTCAAGGACTTGGCAGGAAACTATGACGCGGTCATAGTCGCCACCGGAGCCCATAAACCCGGCGAACTGGGTATAGAGGGTGAACAGCTTGAAGGTGTTGAAAACGGCATCGCATTCCTGAAAAAGGTAAATCTCGGACAGCTTGATAAGCTCGGCATAAAAAAAGGCGAGAAGATAGGCGTAATCGGCGGCGGCTACACGGCGATGGACGTTGTGCGCTGCGCGGTGCGTCTGGGTGCGGAGCCCACAATGGTTTACAGGCGTACATCAGCCGAAATGACCGCTCACCAC
NZ_CP035108.1_gap25	685285	686675	1390	ATAAAAGAGCTGAGAAAACAAGCTGCGTACAAATTTATACCCATAATAATGCTGACCACGGAATCTCAGGATTCAAAAAAACTGGAAGGAAAAGCGGCAGGCGCTACGGGCTGGATAGTAAAACCTTTTAAGCCCGAACAGCTTCTGGGAGTAGTAAAAAAAGTATTAGGATAGGCTTATGTCCGCTGATATTCACAAACAGGCATTTGTAACCGAGGCAGGAGAGCTCCTTGAGGAGCTTGAGCAGTCTCTGATGGAGCTTGAAAACACACCGGATGATTCTGATCTGGTAGCCAAGGTTTTCAGAGCTATGCACACCATCAAGGGCTCCGGTTCGATGTTCGGATTTGACAATCTTGCCGCATTTGTTCACGGCATAGAGACCGCTTACGATCTCGTGCGTGAAGGGAAACTGGCAGTGACTCAGGAGATGATAGAAAACTCACTTAAGTCCTGCGATGTTATCAAAGAAATGGTGGCTGATGAGACCATTGATTCATCTGGAGGCGTGGCAGCCGCTCTCAAGAATTTTTTCGCTGCTCTTCAAGGCGGCGGAGCTTCCGCAGCTAAACCTGCGGAAAAAGCCAGAGAACGCAAAAGCTCGCTGACCACGTTCAGGGTTCAGTTCAAGCCCCACGAGGACATTTTCACCAGAGGGGTAAATGTTCAGCTTCTTCTTAATGAGATTGCGGAGCTGGGCGAATGCAAGGTTATAGCACATCCTGAGAATGTTCCTTATCTGGATGAGCTTGAAAGCGAGAAATGCTACGTTAACTGGGACATAATACTCACAACGGATAAAGGCGAAAACGCCATACGCGATGTATTCATCTTTGTTGAGGACGACTGCGACATAACTATAACCCCCGTGGCTTTTTACGATGGCGAGTCAGCGGATGATCACGAACGGATCGGGGAAATACTTGTAGAAAAAGGTGACATATCCAGAATTGAGCTGGAGGCGATTCTCTCCGAGAAAAAACGTCTGGGCGAAATACTGGTGGAAAAGGGCGCTGTGGCTCCGTCTGCCATTGATGCGGCGCTTGAGGAACAGAAACACATCAGGGAAATAAAAGCCAAAAAGAGTGAGGCGGAGGGCATGACCTCCATAAGGGTTCAGTCGGATAAGCTGGATTTTCTTGTGGATCTCGTCGGCGAGCTTGTCACGGTGCAGGCACGCCTCAGCCAGACGGCGGCGAGGAAAAACGAGCCAGAGCTCCTCAAGATAGCGGAGGATGTTGAAAGGCTTGTGTGGGATCTGCGGGATAACACAATGAGCATCAGGATGCTCCCCATAGGCTCCACATTCAGCAAGTTCAACAGGCTTGTGAGAGACCTTTCCCACACTCTGGGCAAAAAGATAGATCTCGTCACCGAAGGCGCTGAAACC
NZ_CP035108.1_gap26	804911	807787	2876	GACAGTTTGGACGGTTCAATGGCGGATTTGGAAATGATGTTGGGACGGGCGAAATAATAGCCCTGAAAAAGCTCGAATCCGGCGTCCAGCGCCATAGTGTAGCTTTCCTGAGTTTCGACTTTCTCTGCCAGAAGCTTTGCCGGATATTTTTTGAGTTCCCGGGTTTTGTAGCGTATGTCATTGTCGCTTGAGAGGGTGAAGTCAACCTTGATATAGTCTGTCAGCGGAAAAAGAGGGGTGAACATAAGCATATATTCATCTGAAAAAAACAGATCATCCAGAGCGAAGCGGTAGCCCTTTTCCCTGTATTTCCTGATTCTCTCTATCAGTGCCTTGGAAACCACTGTATTTTCTATTATCTCAAATACGAGATTTTCCGGAGGAAGGACGTCAAGTATATCCTGCATGAGGATATTTTCATTTATGTTAATAAATCCGTCTTTCCCGCCGAGGAGCTTTTCAAGACCGAAGTTCTGCACCATATTCACCAGAACTCTTGCCGTGGCGCTTGTATTATCCGCTATAACGGCTGAAGATTCACCGGGATTGCGGAACAGCAGCTCATAGCCGTGCGTGAAGCCGTCTCTGGTGAGAATAGGCTGACGACCCAGTATAAGTTCTTCATAATTCATCAACAGTATCCTTAGCTTGTGTTTTATGAGTAAAAATATAGTCTCCGTAACAAATACCGAAAGGTGAATTTAATTTTTTGATAAAATATTATGCAGGTTTTTGTTATATCCGCTTTCGGCAGGCTTTTGAGCATTTATCACAATGGATTATAGCAACAAAGTTGACTGTTTATCAATAATATAATTCGGATGATTCCGGTAAGAATTGCGCCCATTTATGAGCTGACGATTATTATATTTTTAAATAATAATCGTTTTAACAAGAAGTTGACAAACTTAAGTATTGCAGTTTGTGCCCGTATGTCCTATTCATTTATAAAAGGAGATTTCTATGAGGGTAAAAGATCCTGTAAGCGGTTTTTCTCATCTGGTCGGGGCATTGATGTCCGTTGCCGCTCTGAGTGTTCTTGTGGCACTCGCCGCCATGAACGCAACAGCTTGGCACATAGTGTCTTTTTCTGTTTACGGCTCTGCGATGATACTCCTCTACGCTGCCAGCGCCGCATATCACCTCATCCCGCTGAATGAGCGGGGAACACGCATCCTTAAAAAAATAGATCACGTGATGATCTTTATGATGATAGCCGGAACCTATACTCCTTTCTGCCTTGTGCCGCTCAGGGGAGGCTGGGGATGGACAATTTTCGGTATAGTGTGGGGCTTCGCGGTAGTGGGAATCTTCTTTAAGCTCTTCTATATCCATGCGCCGAGATTTCTTTCGACAAGCATATATCTCGCCATGGGCTGGATAAGCATAGTGGCTATCTACCCCATTGTGAAGAACATTCCCACCGGCGGAGTCATATGGCTTGCCGCAGGCGGAGTGCTTTACAGCATGGGTGCGGTGATCTACGCACTGAAAAAACCTAACCCGTGGCCCGGTGTTTTCGGCTTCCATGAAATCTGGCATATCTTTGTTCTTGCTGGAAGTTTCAGTCATTTTATGGTAATGCTTTTATACATCCTCAACCTTTAGCTTTAAAATTATTTTCTAAAATCGTAAAAAAAAGATTCTTTTTTTTGCAAATTAGGGTATTATAAAATTAGAGCAAAGAGTACAGTTTAGTTACCAGACGAGTACGAGTCGAGCATAATCACCGATTATCTAAGGCAAGTTGAACTGGAAGTTTCAAAACTGTAGTTCTTTTACTACTTTTAACAGGAGACTATTCATGCAAGAAGGAACTGTAAAATGGTTCAATGAGACTAAGGGCTACGGCTTCATAGCCAAAGATGACGGTGACGACATTTTCGTACACGTAAGCGCAATCGCTAAAGCAGGCTTCAAAACCCTTGAAGAAGGCGAAAGAGTTAAATTCGATGTTGAAAAAACTCCCAAAGGTCTTGCCGCTGTTAACGTTGTTACTGCGTAAGCTTTAGGAAACAATAACAGAATATTAAGCCCGTCCGGTTTTCCGGACGGGCTTTCTTTTTGCATTTTTTTATCTCCATAGACTGATAATAACTCCGAAAATCTTCTCCGGTATGCTTATTTTAATCACTCCTAACCCTTTCCTTTGTGAAAGAAGCAAACTGATTTTGTAGTAGAACACTCTCCTTTTGAAAACCGAAGCGCTTAGCTTTGACATATCCTTCACGAACTTTTTTTCATAAAATGACTTTATTGTCATTCTGCCGATCCCAGAATAATTTTTTTATGCCTTTCCCTGAAAACTGTTTATATAATAATTGATTTTACCCATAAATGCGCTGTATGCGGCTGATTATTGAAGCAAGTGCTCAAAAAATCAGTGTGATGTTAATGAAAATCATGATAAATTATCTCAGTGATTACGTGGTTTCTCTTAATTGGAGAGGTGGTATATGAAAGGGCTGCACTTTATTATTCTTGCGGTATTAATTTTGGCTGTCGGCTGCGGCGGAAACGGCAGCAGTTCCAAAGATGACTCATCGGCATATCAGGGTTATTATACAGGGGTTTACTCAAATGCTTCCGTCTCGGGAGCATGGAGTATGGCTGTTGATAAAAACGGTGACATCAGCGGGTTGGCGGAAGACAATCTTTACTCTTATATTCTTACTGGCACAGTTGATGAAGGCGGAGGCGCGGCTGTAACAGGCACAGCGGGATCGGATGCAAACGCTTTTATCAGAAGGACATTGAATTCGCCCTCGGATATTTATATTGAACTCAGTTTTATTTTTAATTTCAGTTCGGGCAATTTTACTGGAGAGTGGGCAAGAACAGACAGTCAAACTGGTTTTTTCTCTGGAACGCAGCAT
NZ_CP035108.1_gap27	926315	928450	2135	TGTACGGCTTCTTAGACAGCAGCCACGCGATGGCAAGCTGCGCCCGTGTTATTCTTTTACTTTCAGCTATTTCGCCGAGCACATCCACAACAGTCTGGTTTGCTTTAAGCGCTTCCGGAGCGAAGCGGGGCACTGTACTGCGGAAGTCCTCTCCGGCAAACTTAGTATCTGCGGATATGGCTCCTGTCAGAAAGCCTTTGCCGAGCGGGGCGAAGGTAACGAAACCTATGCCCAGTTCCTCAAGGACTGGTATTATCTCTTTTTCAGGTTCGCGCCACCATATGGAGTATTCACTCTGGAGTGCGGTCACAGGCTGAATCGAATGAGCCCTGCGTATGGTATCCGCACCCGCCTCTGAAAGTCCGAAGTACTTAACCTTACCCTCTGCGATCAGGTCTTTTACCGTTCCTGCTACATCTTCGATAGGCACATCCGGATCGACCCTGTGCTGGTAATAAATGTCTATGACATCAGTTTTAAGTCTTTTCAGCGATTCTTCGGCTACTTTTCTGATATGTTTCGGACGACTGTTCAGGATTTGCTGCTTACCGTCGTCTCCGAAAGTGAAGCCGAATTTGGTAGCTATAACGACCCTGTCGCGCACAGACGCAAGCGCCTCGCCTACAAGCTCCTCATTTATAAAGGGTCCGTAAACTTCTGCCGTGTCAAAAAAGGTGACGCCTTTCTCAAATGCGGCTCTTATAAGCTCAATCCCTTCTTTTTTGTTCGTAACGGTTCCGTAACCGTAGCTCAGCCCCATACATCCGAAGCCTATTTCTGATACTTCCGGTCCGTTTTTTCCAAGCTGACGTTTTTGCATAGTTTTTCCCTCTTTAAAATATATTAACTGTCAATTTTTTCCTTCTTCAGCCAGTCACTGACCTGAGCCAATGTGTCCTTCTCCTGTTCACCCTGCATTGAAAATCCGCTGAGAAGCGTTGCTTTCGGTGCATGTTCCGAGAGTACTGCGACACTGCTTCCAGTACCGTATTTACCGTATACTATGAAGGGTCTCAGTTTTTTCCCTGATAAATTATGCTCCGAAAGAAATGTTCTGATCACTGCCGGCGGGCTTCCTCCCCACACGGGAAAGCCGAGCAAAACGGTATCGTATGAGTCTATATCGGGAACAAGTGTTTTCAGAGGAGGTCTGTAGCCGCTTATTTTTTCTTGCAGTGCTTGTTCGACTGTTTCATTATAATCCTCTGGATAAGGGTTTTTTGGCAGGATTTCAAAAAGATCTGCATTCAATGCGCGTTTAATTTGACCTGCTACAACACGGGTATTGCCGCTTCGGGAAAAATAAGCCACCAGAATCCGCGAACCGGAAGCCAATTCATTCTCCGCAGCTTCGGCAGATGCCTGAGAACCGTTAATGTCAAACGCGGGGATCAATATTGAACCCGTCAGCAGGACGATAAACTTCCTGCGGGTTAGTTTAAACGGTTTTAAAGAGGTTCCTTTAAGGCGCGTTCTCATAATCATATCTCCTTGCGATTGTACATACGCATCCATTATTCAGTCTGCTCCCGTTATTAAAGCTAACAGCTTACACAAAAAACAGGTAGACCAATGCTGTCTGTTCATTGCCTGTTTCTCTGTGAGGTTATAAATAATATTGAAATTTAGTGAATGAACGGATAGCTTAGTACAGTTCATCAAGGTTGGAAAAAGGGGATAGCTTGTGGAAAAAAGTAATATTTTGTTAGATTTCACAATCGATAACTTAGCAGAAAGCATTGCCCGATTAACTGAAAAGGGAGAGTTGCGCACAACGGATGTTCCCGGTTTGTCGCTTTTTCGAAGAATTGAACCCTCCTGTCCGGTCACCGGAATGTATGAACCCAGTGTCTGCCTGATTGCGCAGGGTGCTAAACAAGTGCGTTTAGGCGGTGATATATTCACATATGATTCAAGACATTATTTATTTTCCGGATTACACCTTCCCGTTATTGCACAGGTTACAGAGGCGAGCCGCGAGAAACCATACTTAGGTCTCAGGCTTACTTTTGACTATCGAAACATATCCCAGTTGATGGCGGACAGCCAGCTGCCTCCGCCTCTGATACATAAAACTGACAGAGGCATGGCTACAGGTGACTTGACCGTTCCGTTAGTCAACGCTTTTCAAAGGT
NZ_CP035108.1_gap28	994230	998124	3894	GGCGATCTTCTATGCCGACAGGATAACTCCGAGCATGCAGTCCGCCATGGACGAGACGGAGCGCAGACGCCGGAAGCAGCTTGCCTACAATGCGGAGCACGGGATAACCCCTGAAACCATAAAGAACGAAATCTCCGATATAATGGAAAGCATCTACGAAAAAGACTATGTAACAGTTGATCTGCCGGATGAGGATGGTATAAGATTAACGGGCAATAAAGAAAAAGACATAGCACAGCTTAAGAAAAAAATGCAGGAATACGCAGAGGCATTGGAGTTTGAAAAAGCGGCAAGGCTCCGTGACATGCTCTTTGAGTACAGCGTGAAAAAATGATAGACACAATAAAGGATTTCATAAGAAACGCCAGACCTATGTATCTTGTCATAGGCGCGGCGCTTTTTATTATGCTGTTCACCTTCAGCAGCGTTCTGGGCTACATATACGTACTCAGCCGTCAGCTTCCGTCAGTTGAGCAGCTTAAGGATTTTCAGTACGACAGACCCACTATAATCTATGACCGCAACGGCGACCCCATATCCGAGCTGGGCACGGAAAGACGCTATCCTATCTCCATAAATGAAATGCCCGAATACATGTGGCAGTCTGTCATAGCTGTTGAGGATGCAAGATTCTTTGACCACGGCGGCGTGGACATGATGGGCATAATGCGTGCCTTTGTCAGCAATGTGAAGGCGGGCAGGGTTGTTGAGGGTGGCAGCACGCTTACTCAGCAGCTTGTGAAAATAATCTACCTTACTCCCGAGAAGAAGCTTAAGCGCAAGATAAAAGAGGCGATCCTCGCCTATCGTCTGGACAACTTCCTTGATAAGGAACAGATACTTGAGATGTATCTCAATCAGGTTTACTTCGGCAGGGGAGCATACGGCGTTGAAGCCGCCGCCGCAAACTACTTCGGCAAGAAGGCTTCCGAGCTTACTCTCGCCGAAGCCGCTATGATAGCGGGCATCCCCAAGGCACCGGGTATTTACGCCCCGCACATAAATATGGATAAGGCTGTAAGCCGCAGAAACCATGTTCTCTACAGGCTTTTTGAAACAGGCTACATAACTGAAGACGCTTACAAAGACGCAGCAGATGACAAGGTTAAAATAATAGATAAAATCAAGCCGAAAAACTCCTACGCGGGATATTTTACGGATATGGTTGTCAGGTTCATCAGGGATGAGTTTAAGGATGAAGAGCCTGAAAACCGCGGATACAAAGTGTACACCACTCTTGATCTTGATTTGCAGAAAAATGCCGAAACAGCAGTAAAAAACAATATCCTTCGTCTTAGTAAGGAACTAGGTTACGCCGGCGTCATAACGGTTTTTGAAGAGAACAGGGGCGAAGGCGCGGAGGAGCGCAGGGCAAGGCTTGATGAAATCCTGAAGGAGGAGAGGCAGTATATTCTCTCCATGGGTTTTCAGCGTGCTCTTGTGACTAAGGTTGAAAAAAATCAGGCGGAAATTCTGCTTGCCGACCGTTCAAAAGGGATTTTGCGTCTTAACGACAACAAATGGGCAAAACCGCGCGGCGGCAGCTATTCACGTCTCACTGATTTTGCCACAATCATAAAAAAGAACTCGGTGATATATGTCTCCGTTCTTAATAAGGATAACGGCTACTATGAGATAGAGGCTGATCCTGATCTGGAAAGCGCCCTTATATCCATGGAACCTGATACCGGAGCAATACTCGCCGTCACTGGCGGGTTTGAATACTCCAAATCCATGTTCAACAGGGCTGTGCAGGCAAAGCGTCAGGTGGGCAGCCTTTTCAAGCCCATAGTCTATTCCGCGGCTCTTGAAAACGGCTACGACGTGATGACAGAAACCTACGATGCGCCCGTGGTGAAAGCCATGGATGAAGAGGGGGAATACTGGAAGCCGGAAAACTACTCCGGCAGATTTTACGGACTCACCACTCTTAAGGAAGCTCTCACACAGTCCAGAAATGTTGTGACAATCAAAATAGCCGAAAAAATAGGCATAGGAACAATCCTTTCATACGCGAAAAAATTCGGAATGACCGAGCATCTCGCAAGGGATCTTTCGATCAGCATAGGCTCCGGCTCCGCTCCTCTCATAGAGATGGTCTCGGCGTTCAGTGTTTTTCCCAACCTCGGCTACAGGGTTCAGCCCTATTATGTAACGAAGATTGAGGACGGCAGAGGGAATCTGCTGAAGGAATACAAGCCGTCCGGAAAAACAGACGTTATCAAGCCCGAAACAGCGCAGATAATGATCGAGTTAATGGAAAATGTCGTGGAACAGGGAACAGGCAAGAGAGCCAGAATCCTCCACAGACCCACAGGGGGCAAGACAGGCACAACCAACGACTTTAAAGACGCATGGTTCGTTGGCTATCTGCCTAATGTGGTAAGCGGCGTATGGGTCGGTTTTGACGATTTCAAGGTCATAGGTCACTCCATGGCGGGAGCAAGCGCCGCACTGCCCGCATGGGTGGATTATATGAACACCTCTCTGCGCAAGTTTCCTTACGCGGTTTTTCCTGTTTCGGAAAACGTTATGTACTACAAGGTAGATTCCGGTACTCATAAAATCACGGACAGCTACGCCACGGACTTCACTTTTGAACCCTATGACGTAACGGAGTGATGATGTCTCATAAAAAGTTTGAGGATGTTCCCTTTGCCTTCTTCTCAATCACAAAGGAAGGCAAGGTAAAGTCCGCTAACTTTCAGGCTGAGCTGCTCATGGATGAAATGTCCGCCTTCGGCATACGCAAATTCGGCGAGTTCCTTCTCGGCAAAATCAATGGTGATAATCTTGTTTTCAAAACCCCCAGAGGGACTTACGGGATAAAAGTAATCTCTTCCCGCAAGGATTACGAGTTTTTTGTAATCGCTCTGGATGAGTTTAACCAGCCGCTCGGGGATATTATGGATATATCCTCTCTTCAGCATGAAATAAAAACTCCGCTTACAGTGATTGACGGTACGGCGCAGATCATCGCCGCCAAAGCGAAAAACGAATATATCGAAAAATGCGCCGGTATCATCCAGAAGGAGAGCGGCAGGATAAAATCGATCCTCGGCAATATACACATGCTCAGTGAGATGACTGTAAAATTTGACGAAATCGATGTGGAAAGCTTCATAAGCGAACTGCGTGACGGCATAAAGATAGTCTATTCCCGTATTGATTTGCGGTTCCGTGTGCTGCGCAACCTCAGAACGATCAAGGCGGACAGGGAAAAGCTGTTCATGGCTTTATCCAACATACTCAAAAACGCCTGTGAGGCTCAGGGTGAAGGGGATATTGAGGTGGAGGTAACCATTGACCCCACCATAAAATATATGGACAAGGAGATGGAGAAGGCATGCTCCATGCTCAGAATAGTGATCTCCGACTCGGGTCCCGGGATGGAGGAGCAGGTTCAGGAAAGACTGTTCACGCCGTTTTTCACCACGAAGAACAAAGGCACGGGGCTGGGGCTCATCATCGCCAAGGAAGCCATAGACAAGCACCACGGGCGCATCGAGGTTAACTCGGTGAAGGGCAAGGGAACGGACTTTATAGTCTACATTCCCTCACGCATGCACCCCTCAAGCGAAAAGAGCGGCTAAAGCATATCACGCAGTGCGGCTATTATGCCGTCCGGCTTCAGCACAAGCAGCATCTCCTTATGCCCTGATTTCGGGTCGGGCTTCACAATACATTCCGTATATTTTGAGTTCTCCAGTATATGCTCACTCCTGTCCACTCTTGAATTCGGCACTTCGGGTATCTCTCCCAGAGCGTCCACAACAAGTCCGAACCGATCTTTTCCGGTGGTGAGTATGATTATCTGCGTTTCCGAATCCATCTCCTTCTCCGGCAGCTCAAGGAGCGAACGTATATCCACCACAAGGAGCGGAACATCCTGAT
NZ_CP035108.1_gap29	999560	1003624	4064	GGAAGCTGGTAATGGTCTGAGCTGGCTATGACCTTCCCTTCGCTGTCAAGGATTGAGATAACAGACCACTCGTCGCCGGTTTTCAGCTTGCGGAAGATCTCCTTCATCTCGTCCTGAAACTTGAAACAGAGACAGAGAACACCCAAATAACGGAGATTCGCTCCGTCAGTCACTCGGTAGGCATATATGAGAGATTTTTCATGAGCCGGAAGAATGTCTGAGTGTCTGAAAACCTCCACAAATTCGTCCTTGGTGGTGAGCGCTTCTTTTATCAGAGGATCGGCGGATTTCGTGATCTTATTGTTTTTATCAAGCTGAACAATGACCTGTCCGTCGGTATCCAGAAGGACTATATTGAAATAAACGGAATATTTTGAAACATATTCGGCGAACCGCTCCTGAATGCGGGCGGTCATTTCTTCTTTTATGCGTGTGCGGTTTATCTGCTCCTCGTCTCCGGTGGGAAGTTTTCTGAGCTCTTCTGTTCTGATGATATATTCTCTTATGTCATCATCCGTGGCGAGGAAACCTATATCCGCCGTGCGCTCAAACAGGTTGCGTATGAGTATGTCAACGGCGACCTGCGCCTTTGAGCCTATCTCCTGCACAGTTTTATCAAGCAGCTCAAGCCCAAGCTGGCTGAGAAGCTCGCAGGTCAGATGCCTGAAGCCCTCACGGGTTCCCGTCATGTCTGTTCCTGTGCCGCTTATCTTGCCTAAAATACTCAGGAGATCCCACTGACCGCCCAGTGTGCGCAGCTCTTCCCTGTATTCCTCAACCCCTGCCATGTAGCTTATTAAGCCCATCAGCTCTTTCGGGATGACAACATCCTTATAGGTAACCGTATCTTGGACTGACATATTGATTTTCCCCGTTTTGGAACAGATTTAACTTCATGGGGATAAGCAAAAAATATGCCTTTATAAATAAATCCAATAAGGTGAAAATTTCGTTACCTGACAACCTTTAAGAATAATTATCGATTGTGCTTGTTGAAACTGATTAAAAATAAGGCAAGCGTTGTGGATTAATTAATCGCAGCTCCTGCTGCTTCCGCATGCTGAAAAAACCGCCGGAGCGCTGCTCTCTCTGGCATCCATCACCACTCTGCGGATAAACTCCAGCTTTCTGTAGACCATGTGTTTGATAACAAACGGATATGCGTCAAATTTGCCTACGCTCCTGTTTAGGGCGTTCATTGCCACTGTCAGCTCCATCCATTTGGCGAATATCTGGCGGAAGTTGTCTCTGCGGAATTCAAGCTTTATGATGTTGAAGGATACCGCAGTTTCAAGGGTGTCGTTCATGTGGAGGTAGTGCGCCCACGTTTCTGCCCAGTCCTCAAGGGGGTGCATGCCGGCATAGGCGCTTATATGATATTCCTGCCAATCGGTGCGGGGACCGTTTTCATAGTAGTTTTTGAGGGCGATGTCATAATCCCAGTAAGGGTTGCCGAAGATAGTGGTGAATTCCGGCTCCCAGCGGGTGTTCTGCACAAGGCGCATCCAGTAGTAGTGACCTATTTCATGACGGAAGTGACCGAGATTTGTACGGTAGCGCTCATTCATCTCCTCACGCACTGCGACCCTGTATTCAGGGTCGGCTTCCGCTGCATTTACGGTTATCACGCCGCTGCTGTGCCCTGTGTATATATGCTCCTCCGCCACGAGGGGGTTTGAGCGCCTGTCCTCCAGAAAGTCAAAAACAAGCCCTTTTTCGGGGTCTTCCTCTCTGGTTTCAAAGGTGAGCCTGTTGTTGAGAAGGTTGTAGATCATTCGTCTTTTGGCATCTTCCAGTATGCGCCAGCGTTTTACGTTTTTCGGTATGCTCTGGTGCGGAATAACTCTCGTAAGGCGGCAGCTTTGGCATTCTGCGTGCGGATCATCCTCTGTTATAAGCCAGTTGCAGGCAAGCACCTCTTCCGCCCTGTGCTTGCAGAGCCGGAAACGGGTGTCTGCTTCACCGGCTTCCGTGACCAGACCGCCTTTTACTTCCTGAAGGGTGAACATGCGCAGAGTAGCGGGGTCGAACCCCACATCCTGTCCGCAGTTAATACACTTTGTATTATCGAAAAAAATCTCCGAGCCGCAGGAGCAGTGAAATCTTTTCATCCGGCAAGCTCCGAGTTAAACCAAGTGGCGGATACCGCACTGTCTATGTCATAAACGGCAAGCTGTATTTCATCCATGAATTTGTGTATCTCCATTTCTCCCGCGTTATCCGGAGAAAAATCTTTTAATCTCTGAAGCAGCAGGCTTGTTTTTTCCTTTACCGCTCCGCTGTTGGGAAGCCTTGAGGCGAAAACCGCCGCAGCCTCCGCACAGAAAGCCACAGAGCGGGGAAACTTAGTATCCTTAAGCAGGAAGCGTATTACCTCCGTGCCCACAATCTGTCTCTTAACCGCCTGTCTGTACATCTGATAGGCGCTGAGGGTTTTCAGCAGATTCATCCACACTATCCCCTCAAGGCTGCGCATCTTTTTCAGACTGCTTTCGGACAGAAGCAGCGCTCCGGCGTCCATTATTCTTGATGTGGTGTCGGCTCTTTCAAGCAGACGCCCCAAGTGAAGGAACGTGTGCGTATGGTTCCTGCTTAGACCTCCGGCGAGTATGCCCTCAAGCCTCTGACCGCCCTGTATCACACGGGTGAGGAGCTGATAGCGTCCGCTGCGGGATAATATCGTATCTTTGTCCGTTTTCGCAAGGATATAAATCTCGTTGACCGCCTCCCACGCTTCTCTGGGGAGTATGTCCCTGCTTGTGCGCGCGTTTTCTCTCGCATAGGAGAGCGAACAGAGCATGGAGCCGGAGTTGCGCTGGTCGGTGAGAAGAAATGAGGTCACATTCTGCTCACTCGCCTCATCGTACAGCCCGCTGAAATCCTCCTCAGAGCCGGTGATCTTCAGCAGACTGTGCCAGCCCACATCAGTCCCTTTAGGCATATCAAGCAGAAGCCCCGTATACACATTCACCAGTTTTGCCGTGTTTTCCGTGCGCTCCATGTATCTTCCGAGCCAGTACACTCTGTTTGCGACTTTTGACAGCATACTACGCCTCCTCCTCAATAACCCACGTGTCCTTGCTGCCGCCTCCCTGTGAGGAGTTGACAACGAGGGAGCCTTTTTTGAGCGCCACACGGGTGAGCCCTCCTGCGGTGACATAGGTTCCGGCGCCTTGCAGTATGAACGGGCGTAGGTCGATGTGGCGTCCGTCTATCCCGTCCTCTGTGAGGGTAGGCGTCACGGAGAGGTTTAATGTCGGCTGTGCGATGTAGTTTCTTGGGTTCTGCTGTATCAGCCCGCGGAAAGTCTCAATCTGTTCCTTTGTGGAATGAGGACCCACAAGCATGCCGTAACCGCCGGATTCGTTGGCGGGTTTCACCACAAGCTCGGGAAGATGCTCCAGCACGTATTTCATATGGTCTTCCCTGCGGCAGAGGAAGGTTTCCACATTTGGGATCAGCGGCTCCTCACCCAGAAAAAAGCGTATCATATCCGGCACATAGGCATAAACAACCTTGTCATCCGCCACCCCTGTTCCCGGGGCGTTCGCTATAGCGACATTCCCCGCCCTCCACGCGCGCATAAGCCCGGGAACGCCTAGGATCGAATCGCTCCTGAATACCTCGGGGTCGATGAAGTCATCGTCTATCCTCCGGTATATCACGTCCACAGGGGCAAGCCCCTCTATGGTTTTCATGTATACCCTGTTGTCATCGCTGACATGAAGGTCTGTCCCTTCCACAAGTTCCGCACCCATCTGCTGAGCAAGAAAAGCGTGTTCAAAGTAGGCGGAGTTGAATATTCCCGGAGTGAGCACTACTATCTCGGGGCTTGTCACCCCTGCGGGAGCGATGGACGTGAGCATATCGAACAGCTTGGAGGGGTAGTCGTCGACGGGGATAATATTTATATCTTTGAATAATTCGGGAAAAACTCTCTTTGTTATCTTGCGGTTCTCAAGCATGTACGAAACACCGGAGGGTACACGGAGATTATCCTCCAGAACGTACATTGTTCCGTGCTGATCCCGCACAAGGTCGCTTCCGCATATGTTTGCCCACGC
NZ_CP035108.1_gap30	1009554	1013234	3680	AATAAACGGGATCATTTCCGAAGTGAAGCTGAACGCCGCAGGAGTGGCATCGGGCAACTCGGAACTGGCTTCTACGACTGATCAGTTCAGCAGCACCTTTCAGGAGCAGGCGGCACAGGTTTCCGGCGTTGCCGCCGCACTGGAGGAGATGAGCGCCTCAGCGGGTGAAATTAACGCAAGCCTGACCGACGGCATAAGTTTTTCCGAAACTGCCTCCGAAACCGTTGAAAACGGACGCAGACAGCTCACGGAGGCTGTGGACAGGATTGAGGGGATCCGCATGGAGACGGGCAGACTCGCCGGCTCCATTGACAAGCTCGGTGAGGCATCTTCCAGAATAGGTGATATTATCAGTGTGATAAACGATATTGCGGATCAGACAAACCTTCTTGCGCTGAATGCCGCTATCGAAGCCGCAAGAGCAGGTGAGGCAGGCAGAGGCTTTGCCGTCGTAGCCGATGAGGTTCGTAAACTGGCGGAAAGGACACAGAACGCCACCAAAGAGGTAGGCAGTCTCATATCAAGTCTTCAGACGGAGACGAAAAGCGCTTCAGCTCATATGGGCAGCGCCGAGAAAACTGTGGACGAAGGTGTCGGGGCTATCAAGGAAGTTGACGGATATTTTAATAATATTGTAGAGGCGGTTAACGACATCCGCTCCGCAATGGCAGTGATAAGAACCGCTGTGGATGAACAGGGAAGGGCGATAGCCGGAACAAATGAGAATGTTCAGGTTATATCTGCGGGTGTCGAGGAGAGCTCATCCGGAATGACAGAGGTCAGCCGGACAGTCACCGATCTCCAGAGGCTCGCGGAAGAGCTTGATTCTCTGGTGAGAAAATTCAGAACAGAATAGACATGCAATACTCAAGCCGCTTTCCGCAAGGGTGAGCGGCATTTTTTAACGCGGTTTTTATTCATCGCTTGATCTGAAAAGAATATTAATTTAATATCAAATGTTTTGTTGTGCGTTGCCGTCGTGTGCGGTTTACGTATTTTCGATTATCGACTAACTCTTTCATAATTATTGTTATTTGTATCTGTACAGTTTTCGGGAAGGCGGACATAAAACGTCTGAATCATAACGGATACAGGTCTGCCGATAGTTGGGAAACGGACTGGTGGGCGGTGATTGAAATCCCCCCTCGTTCCCCCTTTGTTAAAGGAGGATGGAGATTCTCCGGTTGCGCTTCAGAATGACACACCGAACGGCGTCACTCTGAGCTTATGCGAAGAGTCTCAATAACCAGAGGTGCGCAGCGCAGCCGCATTTATTGCGGCGCGAGCGTGTACAATAATCCGACAGGATGTACGGATTACTGTTGTTGAGTAGAGATGTGCGTAAGTCATAAACGCTCCCATGGAAGGGAGCGCGCCGTGCGCAGCGAAGCCGCATTTATTGCGGCGCGAGCGTGTACAGTAATCCGACAGGATGTACGGATTACTGTTGTTGAGTAGAGATTGCGTAAGTCATAAACGCTCCCATGGAAGGGAGCGCGCCGTGCGCAGCGAAGCCGCATTTATTGCGGCGCGAGCGTGTATAAAAATTTTCCAAGGATGGGAAAATTTTTATTATAAATTAAGGAGGTTATATGGAGACTATTTCGGGAGTAAAGAAGACCATTCTGGGGCTTCAGATGCTTTTCGTGGCATTCGGAGCACTGGTTCTCGTTCCCCTGCTGACGGGGCTTGACCCGTCTATCGCCCTGTTTACCGCAGGAGCCGGAACTCTGCTTTTTCAGGCTATCACCAAAGGAAAAGTACCTGTTTTTCTTGCAAGTTCATTCGCATTCATCGCACCTATTCAATACGGAATGCAGAATTTCGGCGTTGCCAAAACCCTCGGCGGTCTTACCTGCGCAGGGTTCACATACATTCTCTTCAGCTTTCTCGTGAAGCAGGGCGGAATCAAGGCTATCGAAAGATACCTGCCCCCGATAGTCACCGGACCGGTTATAATGGTAATAGGTCTTAACCTCGCCCCTGTCGCGGTGGGTATGACAAAACATTTCGGCGACGGTCAGTATAATATTCAGGCGGTCATACTCGCGGGAATCACTCTTTTCACCGCTGTAATCGTTGTAGCGTACGGCAAAAGAATTTTCAGCCTCATTCCCATACTCACCGCAATCTGTGTGGGTTATGCCGCCGCTCTGATAATGGGGCATGTAAGCTTCGAACCGATCATGCAGGCGGCGTGGATCTCCATCCCGTGGGTCGAGGCTTCCAGAAACGGCTCCTTCGCATTTCCCCAGTTCGATATAGAAGCAATTATCTTCATCCTTCCTGTCGCCATAGCTCCGGCGATTGAGCATGTGGGCGATATTCTCGCAATAAGCTCAACAACAGGGAAGGACTATCTCAAGGATCCCGGTCTCCACAGAACACTCCTTGGTGACGGTCTCGCCACAAGTATGGCAAGCGTTCTCGGCGGACCTCCCAATACCACTTATTCCGAAGTTACAGGCGCCGTTGCGCTCACTAAAGCCTTTGATCCCATGTATATGCGCATAGCGGCGGTATTCGCCATATGCCTTGCCTTCTTCGGAAAGCTTGGCGCTGTGCTCAAAACAATACCCGTTCCCGTAATGGGCGGAATCATGTTCCTCCTTTTCGGCATGATAGCGGGCATAGGCATCAACTCTCTGGTGAGAAGCAAGGTCGATATGTCCAAACCGAGAAACCTGATTATATCATCTGTTATCCTTGTGTGCGGCATAGGCGGGGTAAATCTTTCCATGTGGAAGGTGACACTCGGCGGCATAGGGCTTGCGGGCATAGTCGGCGTTCTTCTCAACCTTATTCTTCCTGAGGATAAGTAATGGGAGAGTTCAAAAATCTGACTGTAATCAGCCACCCGCTGATTCAGCATAAGCTGCGCTACATCAGGGACAAAAAAACCTCAAAACGGGATTTTAAGGAGCTCGTGGATGAGGTGGCTATGCTTATGGCATATGAGATTACCAAGGACTTTCCCTTAAGGAAGGTTAAGATAAAAACACCCATCTGCGAGATGGAAGCCCACGAGGTTTCCGGCAAGAAGGTTGTGCTGGTGCCGATCCTCCGTGCGGGGCTCGGCATGGTGGAGGGAGTGCTTAAGCTCATGCCTTCCGCCCGTGTGGGGCATATCGGGCTTTACAGGGATCACGAAACCCTCCAGCCCGTGCAGTATTACTTCAAGGTTCCGCAGAACTGTGAAAAGAGGGATTTCATATTGATAGATCCCATGCTAGCCACAGGCGGTTCGGCGATCGCGGCAGCGCAGATGCTTAAGGATAAAGGCGCTGAATCCATCAAGTTTATGAGCCTGATAGCCGCACCCGAGGGTGTGCGTGCGTTCTGCACCGCGCACCCCGACATAAAGGTGTACACTGCGGCTCTTGATGAAAAGCTTAATGAGCTGGGCTACATTGTCCCCGGTCTCGGCGATGCCGGAGACAGGCTTTTCGGAACAAAGTAAGACTTTAAATGAATAAAATTCTTATGGTGTTCGGTCACCCCAACCCTGAGAACTCCTTTGTTAACAGTATAATAACAGACGAGCTCAGTAAAACGGAAGGGGTGTCCGTGCGCTGCCTGAGTTCCGCGGCCGGATGCTTTGACGTTGAGGCGGAGCAGAATGCGCTTGCGGAAGCGGATATAATAATCTTCCAGTTCCCTCTTCAATGGTTCAATATGCC
NZ_CP035108.1_gap31	1014732	1016674	1942	TTTATGGCGGGCTACGGGGCTGTTCAGGCGGTACCCGGACCTTTGTTCACATTTGCCGCTTATCTGGGTGCTGCGTCTCATGCCGCACCCAACGGTTTTGCGGGCGGTATGATCGCTCTTGTGTTTATATTTCTCCCCTCCATGCTGCTTGTTATGGGAGTTTTGCCTTTCTGGGAGAAGCTGCGCAGCCTGCCCGCCGCTCAGAGTGTGCTTGCGGGAACGAATGCCGCAGTGGTGGGGCTTCTTCTTGCCGCCTTCTACGATCCGGTCTTCACGGAAGGAATAAAAGGACGTGCGGAAGTGATAACAGCACTCTGCGCATTCGGTTTGCTTCAGTTCATGAAAACTCCGTCATGGGTCGTGGTTGTGCTCTCCGCCGCTGCGGGCTTTGTTCTGCTGTAGTTATTTTATCCCGCTGATAAGGCTGAAAACGGGACTTAAAAGCCCTATGAATATTATCAGCATGAATATTCCCACAAATCCGATTACTGCGGGTTCAAGAACCTTTGACACGGTTTTTGCGGTGCGTTCGGCCTTGTCGAGGTAGTGCTCTGCCGCTGTTTCAAGCTGCTCCGTGAGATGTCCCGTCTGTTCTCCTATACTTACCATCCTAACGAGAAGAGGCGGGAAGAGCTTCTGTTTTGCCATGGACACCGAAAAGGACTCTCCGCCGCTGACTGATTCCCGAATACCTTTGACAGCCCGTGTGAAGACTGTGCTGGAGAAGCTGTTTTCCATAACGGACAGCGAGCGGTACAGGGGCAGACCGGAGCCTGTCATAAGTCTTATGTATTCTGCGAAGAAGGCGAGATTGAACAGATGCACCAGACTGCCCGCAACGGGTATTTTGAGTATAAGTTTATCTGTTTTCAGGCGGAAGCCGGCATCGGATCGGCGGAAATAGGAAAACAGAACGGCAGAAGCGCAGGAAACCATGAGAATGAACAATCCGTATGAACCGAGAAAACCGGATACCCCGATTATGCCCATGGTGACAGGGGGCAGCTCCGCCTCAAACACACGGAAGGTTTCCGCCATCTGAGGCATTACGTAAACAATCCAGAAGAGCAGGGCGCCGAGCAGAGAGAAAAAGGCAAACGCCGGATACATAAGCGCCTGACGTATACCCGCCTTGAGGTCGGTTATCCTTTGCACATGGTTTGAGGCGTCTTTCAGCGTCTTGTCCAGCCTGCCTGTCTCCTCCCCGATGCGGACAAGGCTCAGCACTGTCTCACCGAATGCGCTCCCGCAGGATTCGCATGCCTTAGAGAAAGAATCGCCCGATGCCGTGCGGAATGATACCCGGTTGAGGATGCTTTCCACAGCCGGACTGTCCGTGTCCTCAGTAAGCTCTTTCAGTCCCATGGTGAGGGGGATGCCTGATTTTATCACAAGATGCAGGCTCTCCAGAATTTCCGTGAGCTCGGCGGGGGATATTCTGTCTTTCCTGCGGAAACGGCGGGAAATATTAGAAGCCTCCTTAACTGTTATGGGTTCAAGCCCGCAGTGGGCAAGATATGCCGACAGCTCCTGAGAACCGGAAGCCTCAAGCGTGAGGCGCAGCTTTTTCCCCGCCGAATTGAAAGCCCGCACCGAGAAAATCATTTTACAGCTACTCTGCGGATTTCGCCGAGGGTGGTTATGCCCTTTGCCGCCTTGAGGAATCCGTCGTCAAGCATGGTGAGCATCCCTTTTCTGACTGCGTTTTCGTGTATTTCGTTGGGGGTTGCTCCCTTGATTATCATATCCTGAATCTCAGCGTCTGTTTCCAGAAACTCGGAGATTACCGTTCTGCCGGAATATCCCGTCTGCCCGCAGCGGGGGCAGCCCTGCGGTTCGGGGAGAAGGATTTTTCCGTTCATCCCGTGCCTTGCCGCGATTTCCGGATCAATGCCGTATGATGAGAGAGCTTCGACGTCCGTCTCCCTCTGCTCCGCGCAGA
NZ_CP035108.1_gap32	1183103	1186718	3615	CTTCGGTGCCACGGTGACAGTGGAAAACATTGACACGGAAGAGAGAAAAACCTACAAAATCGTTGGTCCGGATGAGGCTGACATCAGTAGCGGCACAATCTCGATCCTCTCACCTCTCGCGAGAGCTCTCGTTAACAAAAAGGTCGAAGACGAGACCATTGTTCAGGCTCCCGGCGGTGAGATAGAATACAAAATTATTGAAGTATCCTTTAAGTAAGTCTTTTACAGGCGCCCTCTGAGTTTCAGGGGGCGCTTTTTGTTCCTTTTACCTGTACTTTTATATCCCTCCGAGATTATTTTAGCTGTATAATATCTTTGTATTCAGGTTTCTTGACGCTTAGGAGGAAACTATGCGCTTCGGCAGGACAGCTTTAATAATTCTCACAGTATTTTCCACATTCTCAGTGATAAACGCTGAAACATTTGAAGAATATATGAAATCGCAGATGGATGAATTTCAGCAGTTTAAGGACGAAAGAGACAAGGAGTTCACAGCCTTTCTGAAGGAGATGTGGATCAGGGTAGAGACGGAAGAACCGATCAAGCAGATTGATGAGCCTAAGCCGATCAAAATGCCCGTTGCGCCGCCTCACGTGGAGAAAGCGCCCGTTCCCGTTGTAAAACCCACGCCGCCGAAACCGATAGTGGTTCCCGAACCGGCTAAACCGACACCGCCCGCTCCTCCCGCGCCTGTTGTCCCTGCAAAACCTGAGCCGCCTGTTGTGAAGCCTGAACCAAAGCCTGATGCCCCCATTGCGAAGCCGGAACCTGCTCCGCAGCCGTATGTTGCGGTAGTACCTCAGCCTGTGCCTGTACCCGTTCCGGCTCCTGTTGTGGCTGCTCCGCCGGCGATCAAGGGCAGACCCCTTGAGTTTGTCTTCTTCGGAAGCGCAATAAAGGTCGGCTATGATACGAAACTTCAGCTCGGTGCGGAAGCTCCCCTGAACGGAAAGAAGCTCGGCGAATTCTGGGAAAAGGCAGCCCTCTCCGACTATGAACCGCTTATGAACAACCTTCTAAAATACAGAAAAGAGCTTAAAATGACCGACTGGGGATTCATACTCCTTGTCAGTGAGACAGCAGGCAAAATAGCCGCCGACAGAAACGGTAAGGTGCTGCTCACATGGTTTATTCTCAGCAAAGCAGGCTACGAAACCAGAACCGCTTACGACAAGGACAGCGTTTACCTCCTTGTTCCGGCAAGCACCAAGCTCTACGGGGTTTCATTTTTCACGCTTGATGACAAAAGATATTATGCCGTATCCGCAGACGGCTTCATCAACAACCTAGGCAGCGTCTACACCTATGAGAAAAGCTATCCGAAGGCGGACAGGTCTATGGACTTCCGCATGGCGGATTACCCTGATCTCGGCAGAAAAGTTTCTGAGCGGGACCTGAGTTTCTCCTACGGCGGGCAGACCTTTAATATAAAAGTTCCCTACAATATGAATGATATAATCTATCTTAAATACCACCCGCAGACGGATGTGAACCTCTATGCCGAGGCAGGGCTTCCCGACTGGGCAGGCAAGCCTCTGCTTACTCAGCTTGCGCCGATCATAAAAGGTAAAACCGATGAAGAGGCAGTGAACATACTCCTCAAGTTCGTGCAGACAGCGTTCAAATACGCTACGGATGATCAGCAGTTCGGCAGAGAAAAATTCCTTTTTGCCATGGAGACGATCTATTATCCATACTCCGACTGCGAGGACAGAAGCATACTCTTTACATATCTGGTGAAAAACCTGCTTAATCTGGATGCGGTATTTTTGGATTATCCGGGGCATATAGCGGCTGCTGTCGCCTTTAAGACCAATGTGAAAGGGGATTCCGTCACTTTTGAGGGGAAACGCTACACAGTCACAGATCCGACATACATAAACGCTACAATCGGTATGACTATGCCTCAGTTCGCTAAAAACGTGCCGAAGGTTGTGAAGTTTTAAAGGGCGGTTGTGCTGACTTGTTGGCAGAGCCACCCTTCGCTCCGCACGGCGCAACAACTGTCCTGACAATCCAAAATTTACCATCCTTGGAAATTTTAGATACACGCTCGCGCCTTGCAAGGCAAGGCTTCGCTTCGCACGGCGCAACAACTGTCCTGACAATCCAAAATTTACCATCCTTGGAAATTTTGGATACACGCTCGTGCCTTGCAAGGCAAGGCTTCGCTTCGCACGGCGCAGTTCCATCCGTGGAACTGTTATTTTAAAATTTTGATTATTCTCGGCAGCATCTGCTTTTCAAAGTTGTGGGCTTCGTGACCGCCGGTTTTGAAGGGATAGAAGTTGATTCCGTATTCATCGCAGGCATGCTGAATGCCTGCCGGTTCTATCACGTCATCATCCATGTTCATGAAAATATGCAGGTTTTGTCCGTTCTTTTTCAGCGATTCAGTGCATTTGAGGTTTATAAGTCTGTCTTCATCTATATGGTCAAGCCCGTCCCCTGTGACTTTGAGCATGCGGATGCGCCGATCCAGATAAAAAGAGGGGTTTACGACTATCCCTGTGATGTTTTTACGCACCGCCATATTCAGGGCGAAGTACCCGCCGAAGGATGAACCTACCAGAGCGTCATAGCCGTCCGCATCGCTGAGTTCGGGTGTTTGACTGTAGGGGAAAATATCTACCGTGAAATGGCGCGCGAGATGGATATATTTAAGGCTGTTTTTTGTATTCACTGATTTTTCAACCACATGGGCTAGTCCCGGAAAATAAAGTATTCTCATATCCCCTCTCTGACAATTTTTATTATAACACAAATTCAAACACCGCTCTTGATTATAATGGGCAAAATTTAGTAAACTGAAAAGCCGAAATTAAGGAAGTGATTATGAAATTAGTCTCATTCAATGTTAACAGCGTCAGGAAAAGAACAGCGCATATCGCAGCCTTTGCGGCGTCAAACGGAGCAGATATAATTGCCCTTCAGGAAACCAAGACTGAAGACGAATTTTTTCCTGCGGCAGAGTTTGCGGAGATGGGATTTCACAGCGAATATTACGGGCAGAAAACCCACTACGGCGTTGCGGTTCTCTCTAAACTGAAACCCTCCGGAACGGTAAAGGGCATACCCGCCGAGGGTGAACAGAAGCGGTTTATAATGTGCCGCTATGAAACACCGAAGGGAATACTGAGCGTTATAAACTGTTATTTTCCCCAAGGGGAGAGCAGAGACACCGAAAGAAAATTCACCATGAAGCGTGAGTTTTACACAGGCGTGGCGGAATATATAAAATCAAACTTCAAAGAGACGGACCTTTACGCTCTTACGGGTGACTTCAATGTCGCCTATACCGACCTTGATGTCGGGATAGGGGCGGACAGCGTGAAGCGATGGCTCAAAGAGGGGAAATGCTGTTTTCTCCCCGAAGAGAGGGAGTGGATGAGTAAGCTGTACTCCATAGGAATGCAGGACACATACAGACTCATTCATCCTGAATCGGACGATCTTTTCTCATGGTTCGACTACAGAAGCAAGGGCTTTGAGCGTGAGCCGAAACGGGGACTGCGCATCGATACCGTTCTGGTGAGTCCCGCTCTGGCAGGGCTGACCGTCGGCGCCGGAATAGATTATGCCACAAGAGGGATGGATTCCCCGTCAGACCACTGT
NZ_CP035108.1_gap33	1189879	1193693	3814	TAAAAACCGACAGGATGTACGGTTTTTTACTGTCAGGTCAGATAAGGATCGCGGGCGAGTCTCACTCACAATGAAAACGAGATAAAGGTAAACAGTTCCATTGATGGAACTGCGCCGTGCGAAGCGAAGCCGCATTTACTGCGGCGCGAGCGTGTGTAAAAAACCGACAGGATGTACGGTTTTTTACTGTCATGTCAGTTCCATGGATGGATTTTTTAAAATCCTCCCCTGCCCTCCTTTACGAAAGGAGGGTGTTTTTGTTCTTATCTGCAATAGCTTCTCCCTTTTTTTAAGTGGGATTGAGGGGGATTTGAAATAGCTGATTAAAGACTGCCGACATGAACACAGGAGCAGGATGTATGGTTTTTTACTGTCATGTCAGTTCCATGGATGGATTTTTTAAAATCCTCCCCTGCCCTCCTTTACGAAAGGAGGGTGTTTTTGTCCTTATCTGCAATAGCTTCCCCCTTTTTTTAAGTGGGATTGAGGGGGATTTGAAATAGCTGATTAAAGACTGCCGACATGAACACAGGAGCAGGATGTACGGTTTTTTACTGTCATGTCAGTTCCATGGATGGATTTTTTAAAATCCTCCCCCGCCCTCCTTTATTAAAGGAGGGTACTTTTATTTTTACCTGCAATAGCTTCCCCCTTTTAAAAGGGGGATTGAGGGGGATTTGAAATAGCGGATTATAGACTGTCAGTACGAACACAGGAGTATGAAAATGGTCAAGGCGTATCGATCATGAACACAGACTTGTGTATCAGATCGATAACAGCCACATAGTTATTTTTCAGTGCAGCTATCACTACTGATACCGTCTGCGGCTATCCCTGCTCAACCTCAATCATTGAGGCGGTTTTTGAGGACATGGTTATTATAAGCCCTTCATGGGTATAGAGCACTATTTCCTGTTCAGCGTCTAGGTCAACCCGTTTTCCGCTCTCTATTCCCTCCATGATTATAACTGAGCCTATGCCTATCTCAACACCGCTGAGGAATGCGGTTATCTTCTGTCCCGCCGCTATGCCGGTAACTCTGAATTCTGTGCCCTTGGGTGAGAATGTAAGCTGAAAGTCCTTCCTGTTCACGGTATCGCCTACGATCATGGCGGCTACCGCTTCGGAGATACGCACCCTGTTTTTATGGTTGACCGTGATCACATATTCCATGGGAGGCAGGTTTTTTATTATCTTGACCTTCATCCTTTCCTTAACACCTAGCATGGCGAGCCTTGCGGCGTTTTTGTCGGATTTGCCGACGCTGTAGGTGATCACGGTGGACGAGGGGGATACTTCGTAAAACGGTTTGGGCTCTCCGCTGCCCGCACGGACGGTGATATGCTTGGCGAGCTGACCGCTGAGCACTCTTACACCGTTTTTTGTATCAATTTTGACAGTGGGGTATTTTATATCGTCCAGATCGAGCTTGGTTACGGCGCTGCCTTTGTAAAGCCCAAGGGAGGCGAGCTTCTGCGCCGAATCACCCTGTGGCGAGCTTTTTATTATGTAGCAGCGGCCGCTTTCGGCGTTTTGAAGGTTAAGCATCTACTTCTCCTTTTTTTGTTTTACACCGTATGAGGAAAGACTCAGGGCGTAAATCAGTGTCGAAAGCGTGGTTCCGTTGTGGAGCAGGGCGCTTGTCAGCGGGCTTATTCTGCCCATGAGCGAGAGAGCAACTGTAGCGGTGTTCACGCCTATGTTAAACCGGAACATCTGTTTTATCACCTTCATGGTTTTCACTGCGAGCACTCTTGCCTTGACTATTCCCATGAGGTCTTCCCGAAGAAGTATGACTGCGGCGGTTTCCTTGGCGAGATCCGCCCCCTGAGGAAGGCTTATGCCTACATCAGCGGTGAGCAGGGCGGGCGCGTCGTTCACGCCGTCACCTGCGAAGGCGATTTTGCAGCCTTGAGTTTTAAGTTTTTTTACTATGCCCGCCTTGTCCTCGGGCTTCATTTCGTAATAAACTTCGTCTATGCCGAGCAGTTCCGCCACATGCAGAGCCGAATCACGGTGGTCACCGGTGATCATAACGGTCTTTTTAATGCCGTACTTCTTAAGCTCTTTTATAACCTGAGCCGATTCATCCCGCAAGGTATCTTTGAGGGCAATAAGACCGCAGAGCTTGCCGTCTATTGCGACATAAAGTATGGTCTGCCCCTTTTTGCGCATATTACGGGCATCCTCATCAGCAAAGCAGCATACAACTTTTTCATCCTCCGCCACAAAATGGTGGCTGCCCACAAGGACGTTTTTGCCGCCGACATATGCGGAGACGCCGTGGGCTATGATGAAATCCACCTCGCCTGTCTGCTCTGTTTTAAGGCTGCGGTTTTCCGCCTCCTTTACCACGGCAGAGGCTATGGGATGTGAGTAGTACTCTTCCGCAGAGGCGGCGATTCTGACTATTTCGTTTTCGTTATATCCGTTATAGGGCTTAACCTCCGTTACGGAGAGTGTCCCTTTTGTAAGCGTTCCTGTTTTGTCGAAAATAATAGTGTCTATTTCGGCAAGGTTTTCAAGCGCCTGAGCGCCTTTGATGAATATGCCCTCAGTTGCGGCGTTGAACATGCTTGCCTTGATCGCTGTGGGCGTTACAAGCTGGAGCGCACAGGAGTAGTCCACCGAGAGAACGGAGGACGCACGCCTGAAATCCCTTGTGAGAAGGAGGGTGGCGAGTCCTGCGGCGAAGGTTACGGGAACCATCTTGTCAGCCGCCGCGAATGCCTTAACTTCGGTTCTGGATTTGTTTTTCAGCGAATTGCTTATGAACTTCGCTATGCGTGCCGTTGTGGTTTCGGAGCCGACCTTTTCGGCTTCGATGATGATTTTTCCTTCCGCCATCACCGTGCCGGAATAAACATAGTCGCCGGGCTTAATGTGAACCGGCAGACTTTCGCCTGTGACGGATGCCTGATTAACAAGCCCCTCACCGGAGGCGACTTTGCCGTCCACGGGGATCATTTCCCCTGAGCCTGCCCGCACAAGATCCCCTATCTGGAGATCGTTTACTGCGGTCTTTTCCTCGGACTGTCCCCTGACCACCCAGACGTATTCCACTTCGGGCTTGATAAGGCTTTTCAGCATTTTGTCAGACCTGTACTCGGCGGATTCCTCAAGATAATGCCCGAGATTCAGCAGGAAGGTTATGGAACCCGCGGTAAAGTAGTCTTTTCTGGCAAGGAGCATGGAGATAACGGCAGCGTCCAGCACCTCGACCTTCAGCCCTCTGGTGAAAAGGGTTTCAATCCCCTCCATGAGGATAGGCGCAGCGCCGAGATAGGTAAGCGGGCGTCTCAGTCCCTGCGGCAGGAACAGCTTGAGAAGCCACATTGTTCCCGCCCAGTAGACATTGATTAAATCGGGGGAGTTCTGGAGCTCCTCCTCCGCGTTGAAAACCGTATGGCTGAACGCTGAGAGAACATCCAGAACATCTCCCCGGACATCAGTATTTTTGTCAAAGCTGACCACTGCCGTTTTGGCTTTCTGGTTCACACGAACGGACTTAACGCCCTTAATCTGCTCCAGACCGGATTCCACAAGGGTTGCATCCAGAGCGGGGTTGCCCAGAACGGGAGCCTTGAGGCGTATACGCCCCGGCATGTCATGCACTATTCCGACTTTTTCCAGTCCGGTGAAAAACATTGAGCCTAAAATGACAGCACCTTCTAACTCTTCATATTTTCAGGGTAGAGATAATTATGGTAAATGCTCAGACCCACAAGGGCAATACCGGAGGCTATGTGGAGCTGTTTATGCCCCTTGCCCCTGCCGAAGCCTGTTACCACAGTCGCCGCCATGGCAAATATCA
NZ_CP035108.1_gap34	1198668	1201013	2345	GAGGCGGACATATTCCAGAGTTTTTTTCCCGCCCCTGATCAGCCCCTCAACAGAGACCATCTCCGAAAAAATTATTCCGTCAAAAAAATCACGTACGGCAAGACGGAACGGAGGCGTGCTGACGCCTGCCATGGGAGCGGCGACAAATACATTTTTCTTAAGGCTTTCTGTGATTATGTTATCCGATTTCCGGCTGAGTGTCATAAGCTGTTCCTTCGAGGGAGAAAAACCTGCGCCTGCTGTAGAACCTGCTTGCGGCATAGGCGATCATATCACCGTTGTCCGTGCAGAGGCGGAACGAGGGAAAGTAGACATGCTCCCCTTTTTTGCAGGAGTTTCTGAAGGTTTCCCTTATGTAGCCGTTGCACGCGACGCCGCCGGATACGACTACATTATGTCTTTTCAGCCTGCGGGCGATGCGCATGGTTTTGAGAACCAGTGTTTCCGCAGCTGTCCTCTGGAACGAGGCGGCAAGGTCTTCTTTTGTATATATGCCTTTGTTGAGGCTGTTCAGCACGGCGGTTTTCAGACCGGAGAAGCTGAAGTTATCTTCCTTTTTCATCGCCAGCGGCAGAGGCACGGCGTCTCCTCTGCCTGATTTTGCCAGCTTTTCGATAGCGGGACCGCCCGGATAGCCGAGGTCAAGCATTTTGGCTACCTTGTCAAAGCTTTCTCCCGCCGCGTCATCCACGGTTTTTGCCACAAGTCGGAAGTTCAGCGCCGCGTCCACATCATAAATATGAGTGTGTCCGCCGCTGATTATCAGGGCGAGGTATGGAGGCTTAAGCTCCTTATGCTCAAGCTCAGCGGCGAGAATATGCGCTGAGAGGTGGTTCACAGGCATGACGGGTATTTTAAGACCGTAGCCGAGCCCCTTCGCGAAGCCCACGCCGACAAAAAGCGCGCCTATAAGTCCGGGGGCGTTGGTTACGCCTATCACGTCAAGATCTGACGGACGTATCGAAGCGTCCGCAAGGCATTTTTCATAAAGCGGCTCCAGCTTGAGTATGTGGTTTCTGGAGGCGACCTCCGGCACTACCCCGCCGAAAAGGTTGTGTATGTCCGCCTGAGACGCCGTATGGGTGGAGAGAACCCCTTCGGCGGTATCAAGCACCGCCATTGAGGTTTCATCGCATGAGGTTTCTATCCCTAAAAAAAGCAAAAAGCATTCCTTGTCAGTGTTATTTCCTGTGTGTCAGTTCCTTGACGGAAACTATGCGGACGCCCGCTTTCTCAACATCCGCAAGATGTTTTTCCAGAACGCTTATAGTTTCTTCCCGCAGGTGACCTATCATGATCAGGCTGCCGTTCTTTTTCGCCAGTTCGACCCCTTCCATGATTTTTTTTCTGATATATGTTTCATTGTTTTCATTGTCAATGAATTTTCTGTTCTGTCCGCAGTTCATGCCCTGCTTAAGGCAGACATCGTAAGCCACGGACTTGCCCGAGGTGTAGCTGTCAATGTAGGTGTCCGTATGCTTCTTCATGAAGCCTAGAACCTGCTCCATCTTGGTGCTGCTTTCGGTGAAGGCGGAGCCCATGTGGTTGTTGAAGCCGTCCAGTCTGCCTATCTGTTTAACGTTGTTGTCCGCCTGAGCCTCTATTATACTGGGCGGCATATTCAGGAGAACAGCGCCTTTGCCGGGGTCAGTGTCGGGGTATGACAGGGGTTCCATGGGAAAATGAAGGAACACTGTTTTCCCGCCCGCACGGGCTATCTCCGCTGTTTCGGAGTCATGGGGAAGATAGGGGAGTATGGCGAATGTTACGGGGTACTTGATCGCTGCAAGCCTTTTCGCCAGAGGCACACTGTATCCGCAGTCGTCAATCAGAAGCGCCAGCTTCGGGGCGTTTGCAGGGAGAACGACAGGCTTGTCCTTATCTTTGGGTTTTTCCGTTTTTTCAACGGGGAATATCAGTATGATGCTGCCGTTTTCCCCGGATGCGCTGAGGTTGTCGCTGAGGACTGTTTTAAACCCCATATCCTCAAGCATGGGCTGAAGCTCGTCCGTGAGTTCGTTCTTTTTGTCTTCGGGCAGGCTGATGATGTATGTGATAACGGGAACGCTGCCGTCATCCATTTTGCGTGATTTTATTGCATCGCTGCTTATTCCGAGGTTGAACATCACAAGCTTGAGAGCCTTGTCCGCTTCTTCGACAGTGGCAGATTCGTTATCTTTCGTCACTACCTCTTCCTGAACGGAGGAGAGGGGCGTTTTTACCTCTTTTTTCTCAGCGAGTTCACCTTTGCCTGCTGCCTTCATGCCGAGGAAAATTCCCAGAAGAAGAACTAAAACGGCGGCAAGAATGCCGCCCAGAATATATAGCTGTTTTGAAGAGGCGGT
NZ_CP035108.1_gap35	1218862	1222808	3946	TGTTCTGAATGCCAAGCTCGCCATTCTGGACAGAAACATCAACAGGGCAGCGGAGCTCACCGGAAAACTGACAGCGGATGAAAACAGGCTGAACGTATTCTTCTTTTACGTAAATCAGATGTTTCCCGCCCTTGATCCCGCCTTTGGCGACCGGATCAAGTTCGACAAAAAAACCAACAACGATTATATCAACTACTATAACGGGCTTGCAGCCATGGCAGGGAAAGACTACCCGCAGGCAGTGCGCCGTCTGGACAGTATAATATTCAGCCGGGACCTGATTGAAAGCGCCTATTTCTACCGAGGTATATCCTATTTCCGCACGGATATATCCAAGACTGAGTTCCTTCTGCTGAAGTACATAGATTCCAGTGAAGAGGATGAAAAGGTCAAAATAGCCCGCTATGTTCTGGGGCAGATATATTATCTGCGGGGCAGAACGGCGGATGCGCTGATGCTTGTGGAGGACTGCTTCACGGACGACTGTAAGCTGCTTAAGGCGGAGATTGCCATTGGCGGTCATCAGTATGAGGCGGCGGAAGGTTTTCTCGGAAAGATTCAGGGTGAAAAGGCGTCCAAGCTCCGTGCGGCTATTCTTTATAATAAAAAGGATTTCAGCGGCGCATTGGCGGAGCTGAAAAAAGTTCCGCATACGGAAAAAGAGACGGACTATCTCCTGATGCTCACTTACCTTAAGCTTGATCGGCATGACGAAGCGGTGAGCATATACAAAAAGCACTTTGCCGATATGCAGTTTTTTGACACTCTGACGGAAAATCTTTTCCTTGCGGGGGATTACAGGCGGGTGCTTGACCTTCTGGATTCCACGGATAACGAGCCGAAAAACCTTCTGCTGAGAGCAAAGGTTTACACATCCATGAAGCGCTATGACGATGCGGAGCCTATCTACCGCACGCTGATTGCGAAGAATTATGCCATTTTCGACTCTGTTTACGGTCTGCTTTCAGGCTATGCAGCCAGAAACATGAAAACTGAATTTCTCAAAACAGGCGAAATGTCCCTCACAGGGCTGGGCAGGTTTGAAAGAAAGGATTTCCTGCTTATTCAGGCGGCTAGGCTTGCCATAGACCTTAAAGAGATAGATCTGGCGACTAAGATGGTGAACCGCTTCTTCGGCGAATTCCCCGATTCTCAGTATGTGCGTGAGGGTTATCTGCTGAGGGGCAGGCTGTTTAAAAACACTGGCAGGCTTGAGCAGTGCATAGCCGACGCGGACAGGCTTATGGCTCTGGGCGGGTCGAAAGAGGATGCGCTTTTCCTTAAAGCGGACTGCACAGAGGCGAAGGACTCAGCCGCCGCGGTCAAGATATACATACAGCTTACAGAAACATCCGACAGGTTCAGGGAGCTTGCCAACAGCAAAATTGCCGAGGTCTCCAAAAATCCGGCTGAGGTGCTGAAAGCGGCAGAATATTTTAAGGATAAAGACGCCGAGCTGTATTATGCGGGACTGGAGAGGTTTCTTTCACTCCTTGACGGGGCGGAGCTTGTGAAAAACGAGCAGACGGTTAAGGATATGCTGGCAGGAAAAAACGTTTCAGTTATGCCCGGCGGATATTTCCATCAGGGCAGAGTACTTGAGGCAAAAAAACAGCCGGAACAGGCGGCGGCAGCGTACATGAAAGGGTATTATCTTTTCCCCGAATCAAAATACGCAAAACAAAGCTTGAGGCAAACTGTCGATATATATAAAAAGCTGGGCAAGACTAAGGATGCTCAGGTGCTGGAGAAAAAGCTCAGCGGTAAATGATGGCGGATAACAGCGAACTGGAGAGGAGACTGCCGCGTCAGGCTTACGCCTTCCTCGCAGTGACTGTTGATATGTCATTGCGAACCCCCTAAAAGGTGGAGCAATCTCTCATGCGAATAGGGATAAACTACAGGATGTAGTTTTTTTCAAACTGTACAGTCTTATGACCGTTTGCGGCATAAGACAGCATATAAGCGTATAGTATATTTAAGGTATTTATAAGAGAAGGTAACCGCATGAACGCAACAGGTTCCCATGGAAGGGAACCCGCCGTGCGAAGCGAAGGACGGTTTATCCGTCCGCGAGCGTGTGTAAAAAATTTCCAAGGATGGAAAATTTTTTACAGGCAAGACAGAAGAGGAACCCGCCGTGCGAAGCGAAGGACGGTTTATCCGTCCGTGAGCGTGTTTGAAAAAACACAGGATGTAGTTTTTTTCAAACTGTACAGCCTTATGACCGTTTGCGGCATAAGACAGCATATAAGCGTATAGTATATTTAAGGTATTTATATAATTGGAGGTCTACTGATGTTGGATTCATTCGTGCAGATTATGGAGAAGGGCGGAGTGCTCATGTATCCGATTCTGTTTTTGTCCATGATTTCACTGGGGATATTCCTTGAGAGGCTGTACGCTCTCAGGAAAGAAAGATACATGCCGAAGCTTTTCCTTGAGAAGCTTTTTGAGGCACTCGGCAAGAAAGACCTTGAAGCCGCCAGAACAATAAGCAGCGCGGACGCAAGCTCCGCAGCGAAAATTGCGTCCGATGTGCTCAACAACCTTGATCTTCCTATCTCAAGGCTTATGGAAGCCACAGAGGAATCGGGTCGCTACGAGGCGCGCCGCCTTGAAAAATACCTCCCCACTCTTCAGACCATAGCCAGTGTTTCACCGCTTTTAGGTCTTCTGGGAACGGTGTTCGGTATGATTAAAACTTTCATAGTGATAAGCTCTCAGGGCGTGGGCGATGCTCAGGCTCTGGCGGGAGGCATCTCCGAAGCATTGATAACCACTGCGGCGGGTCTCAGCGTCGCGATTCCCACTATGATTTTCTACTACATCGTGAGGAACAGGTCTGACAGAGTCAGCCTTGAGCTTGAACAGGCAACGAGCAGAATGATCAATCTTATATTCAAAGAGGGCGGACAGTGAAATTTTCCAGAGACGACCGCAAGCAGAGCCTTGATATAAATATTACGCCTCTGATAGACGTGGTCTTCCTTCTGCTTATTTTCTTTATGGTATCAACATCTTTCATAGTCTCAAGCTCAATTGATGTTGATTTGCCCAAGGCGAAAGGGGACCCTGTGGAGGTTAAGAAAAACATCCGCATTTCCATAAACAGCGAAGGCGGAATCCATATAAACGGCGTGCTTTATCCTGATGATAAGGTGGCGGGAATTTTGGACAGTCTTAAAAACGAAAGCGCTGAGGCGACAGTGGTTATTGAGGCTGACAAGTCCGCAACCCACGGCAAAGTTGTTTTTGTGATGGATGCTGCCAGAAAAACCGGATTCGAGAAGTTCGCAATCGCGGTTGAAGAGGAGTAGTCTTGGCACGGCTTTTTCCGTTTGTTCTGATCTCAATTCTGGCGCATATCGCCCTTCTGGGCTTTATTCCGAAGTTTGAGGTCAATTTTTCAGACAGATCGGAACCTGTTGAGGTGGAGATAATTCCGCCGAGACCTAAGATTCTGCCCAAACCTCCGGTTAAGGTAACAGGGGTGCCGGATAGACCTGCGGAAAACCCTTTCAGGAACATTGAACCTACTATCACAATGCCCGAACTTGATATTCCGAAGGTCGATGTGGACACAGACTATGAGGTTGAGATCCCTGATCTCAAGGTGAGCCGAATAACCACGGATTCCGAAGCCAGAGTTGACAACAGGCTGCTTTCCGAGATTCAGTCCACCCGTGAAACCGTGGATAAGGAAACCAGAGCCGGACAGGGTGAAAAATCAGACGCAGAAGCAAAGGAATACGCCGACAGCAGCTTCTTTGTGCTGGAAAATATAAGCAATACCAAGCGCCGCATAACCCATGTGCCGCCTAAGCCCTCGTTCTCCCTTGCCAATAACACAAAGGTGAACCTGCGCTTTAAGATAGACAAACAGGGGACAACCTACGGAATAGTTCTCATAACCAGAAGCGACTCAAACATAGAGAAACTGGCT
NZ_CP035108.1_gap36	1224287	1226467	2180	CCAGTATTCCACAAGCCCGTCCACGTAACCGTCCTCAGATTTTGCCATCTTCTCTCTCAGTCCTTTGAATCTGCCGTCAGGAACCATGAGGAGCAAGAGCCCCACAGGGTTTCTGGTGAGCATTCCGAGGGTTTTCGGTATGTAGCCGAAGAAGAGAGATTTGCCGAAGTTCATGAACCTGATCAGTATGTTATCCACAAGCCATATGAACAGCTTGTAGCCTTTTCTGTAGAAAAAATCGAAATCGAGGTTGACTGATTTTATCTCAGCGGGATAGAGACCGCTTCTCAGCAGCAGAGTGAACGCCAGTACGGAGAACAGCAGCAGCTGGAGCTGGAATATTGTGTGGTCTGCGGTGTATGCGTTGTAGGTTACCTCATAGGGAAGTATCCGGAACAGATAGCCCGGGAAAATACCGAGGAAAATATTCAAAAATGCGAGGAATCCCATGCCTATGAGCATGTTGAGGGGTGCTTCCTTCGGTTTCAGTCCGCTGTCATGCCCGAAGAAAGCGAAGAACGGAATCTTGATTCCCGAGTGGTCGAGAACGCCCGCAGAGGCAAACAGGAGCACAAGCCAGATTACCATGAAGCCTTCCGTCGCCACGGATGAAAGTATCATCGATTTGGTTACGAATGCCGAAAACAGCGGGAAGGCTGAGATCGTCATTGAGCCGACTATGGTGAAGACCGTGGTAAAAGGCATGTACTTGTAAAGCCCGCCAAGCTCGGTGGCTTTTATTTTCCCCGTCTGATGGAGAACAGCGCCCATGCCCATGAACAGCAGTGATTTGAACATTATATGCACAAAAGCCTGCCCCACAGCGGCGTTTATCGCCATTTCGCTCCCCACGCCTATGCCCACAACCATGAAGCCGAGCTGGTTGATAAGGCTGTATGAGAGAACCTTGCGCAGGTCATTCTCAAGCACTGCGTAGAATATAGGGAAGGCTGTCATCACCGCTCCGATAACGATCAGCGTTTCTTCTCCGGAGAAGCCTCTGGCAAGGGTGTAAATCGCCGTTTTGGTGGTGAAGACACTGAGCATTACCGTTCCGAGGAAACTTGCCTTGGGGTACGAATCCACAAGCCATGTATGCACGAAGGGCCATGCTGCGTTAACGCCGAAGCCTATCATGATCAGCCCTGTGGCAAGGTCTGTCCAGCCCATGTGAACAAATGCGGCATTGCCCGTGGTGATGATATAGATCACTATGCCGATGAGGAGCGCAAGCCCGCCCACGAGGTGGAATATGAAGTAGCGGAAGCCTGCCCCCACTGCGTCTGTTGAGTCTTTACGCCAGATTATGAATGTGGAGGCGACTGTCATTATTTCCCAGAAGATGTAAAGGGTGATCAGGTCATAGGCGAAAACCGCACCCAGACCGCCGCCGGCGTATATCAGTCCGATTATGAACTCTTTATTGCTCTTAACGTGCATTCCGTAGACCAGAACGGCTATGGAAACTATGTGGAAGGCGTATCCGAAGACAAGAGAGAGCTTGTCCACCCTGAAAAGGGCAAGCTGATGACCCAGAAACTCATACTGGAGGTAGACCCCGTGAGGGATCATGGCGAGGTTAATGAGACTCAGCACCGGAACGGCTATAAGCAGCGCATTACGCAGGTTTCCTTTGAGAAAGCCCGCAATCACTCCGCCGAGCATGAAAAAAACAAAAGGAGGAATGAGAAGCCCGCTACTCATAGTAGTTCTCCTTTCTCATGATCAGCGGGCGTATTACGTATTTAGCGAAAAGCACCAGCCCCACGTATGAGATAAAGCCGTAAACGGCGTAAAAGCCTGTTTTTTCCTCAAAGAAGAAGTAGGCGTGCTTGTGGACGAACATATCAGCGAAAAAGATAACGGCGCACAGAACATAAAGAATAATAAGAATTATCTTTATATTCCGGGGGTTATCGAAAATGTATTTCTTTTCGGTATCCTTCATGAGTAATCCGCCCCCTAGTGAGATAAAAATATATAAGCGAGGTAAATAACCGCTGCCGCGAGCACGGCGCCGAAGACAGGCTTGTAGCCCTTTACCGCACCGTGTTTAAGCTCTTCCAGTTCCTTGTCATGTTTTGCAGCCATAAACCCCTCCTACTCTTTAAAGAGACCGCTGACTATTAAGTCTGCGAAGTTTGTGAGAACCTGCGGGAAGAAGAACAGAAGCACCGCTA
NZ_CP035108.1_gap37	1423942	1428439	4497	TAAATAAATCCCATGGATGGGATTTCGCCGTGCGCAGCGAAGGGCGGTTTATCCGCCCGTGAGCGTGTATAAAAAATTCCCATGGAAGGAGAATTTTTTATTATTATACAGATTCTTCGCTCTGCTCAGAATGACGGTTTCGGAATGTTTTTTCTGATACGTCATCCTGAACCCGAAGGGTGAAGGAACTCTGAAAGAGTTTTTTTTAAAATCGGAAGGTGGTTTATGAAATCAATACGTTACATGATAATGTCCCTTACGCTGTTTATACTGGCGTTCGGAATGATTTATTATACAAGTAAATTTATGGGCAGAGATTCAGATTTTGACTCATTTCAGGAGACGGCGGGTAAGGGCAGCTTCTCCTCCGTTGAAAAAAGCAAGGACAGCGGCATAAACACTATTCTGTTCAGAGGCGTGAAGCTTTTTACAGACGGCTCAGGGCTTGCCTATGTCTGCACAGGCGACATAACCGCCTCAAGCGCTGACGATGAATCAGCCAAAATGATCATGAAATACAGGTACGATATTCTGAACTACGCACCGCAGGCTCTCAGCCCGCTGAAGAGCTTTACGCCTGAATCCCTGAAAGCAGCCGCTGCGGAAACGTCGAGACTGTATAAAGAAAAAAGAAAAATCCCCTCGGATGTGGAATTTGCCTTCGTAAACTGGAACTGTGTTCCCGCTCAGTAAAGCACGAAGCTTTTTTCGTTTATATTCCTGATTGCTATGGGGATCTTGTATGCTGTGCTGAGGTGCTCCTCGCTGATTTCGTTTTTACCGCCGAAATACAGGGTTGAGCCGTTTTCCAGCAGCAGTATCCTGTCCGCATAGCGCACGGCAAGGTTAAGATCATGCAGTACTATGATAGTGGCAAGATTCCTGCGCTCTGTTATATTTTTCGCAGTCTCCATTATCTCCACCTGATTCTTCACATCCAGATGGTTTATGGGCTCATCCAGCATAAGCACATCGGCATTCTGCACAAGCGCCCTTGCTATCAGTGTTTTCTGAAATTCTCCGCCGCTGAGCTCCGTGACGCATTTTTCCCTCATGTGCCCTATGTCCAGTTCGCCTATAACATCTTCCGCCATGCAGTGATCCTCCGCCTTCGGGTGCCATGTCATGTACGGCTTTCTGCCTATGAGCACCGATTCATAAACACTGCACGGAACAGCGTGAGCAGTCTGCGGCAGGTAGGCGATTCTCCTTGCTGTTTCATTGCGCTTCATTGAGGCTACAGAGCAGCCGCCCACATAAACACTGCCTGACGATGCCTTCAGCACACCCGCCACAATCTTCATCAGCGTGGTTTTGCCAGCTCCGTTCGGACCTATTATTCCGCAGATTTCGCCTTTTTTCAGACTGAAAGAGACATTATCAAGTATTTTTCTTCCGCTTTTCAGCGTGTAGGAGATATTTTCAGCCCTGACCATATTTGACGGACCTCTTCATAAGCAGAAACAGAAACATGGGAACTCCCGTAAAGGCTGTTATCACCCCCACAGGGAGCGTCAGGGGATAAAACACAAGCTGTGCCAGCAGGTCAGCGCCCAGCAGAAAAACTCCGCCGAGCAGGGCGGATGCCGGAATCAGAAATCCGTGTCCCGTGTGCCTGAACATCAGCCGCACCATATGAGGCGCTATCAGTCCTACAAAGCCTATTACTCCGTAAAAAGCCGTGGCGAACGCCGCCATGAGCGATGTTATTATCAATGAGTATATGCGTATTTTTTTGACCTCAACCCCGAGACCCGCCGCATGGAGCTCACCCCACTGCATGGCGTTGTAGTCCCAGCTGAAACGGAATGAGAACAGAATGCCGAACGCCGTTACTATGAGAACGGTTATCGCTTCGCCCCAGCCGCCCTTGCCCAGATCACCGAATGTCCAGAATACTGTGGCGGCAAGCTGGTTATCTGTGGAGAAATACTGCAAAAGCATAGTGCATGCGCTGAAAAAGGCAGACATGGCGACACCCGCAAGAATCAGCCCCTGCGCAGACATACCTTTTACGAACGAAAACAGAAGTATGATAAGAGATGCGAGCATTGAGCCGAAAAAGGCTCCGGCGGCTATCATCCCCATATTACCGAAGATAAGCCCGCTGCCTGTGTGAACCATCGAGCCCGCACCGAGGATGATTATGGCAAACGCGGCTCCGAACGCCGCACCTTGGGAAAGCCCGAGGGTAAAGGAGGAGGCGAGAGGGTTGTTCAGTATATTCTGGAGTATTGCTCCGCTGACAGATAATGCCCCGCCCACAGCGAGTGCGGCAAGGATCTTAGGCATTCGCAGATGCCATATGAAATATTCGAGATCTTCATATTCACCGCGCATAAAGAGAGCCGAGAAGGTCTGACCCCATGTGCTCCGCAATGCGCCGTGCTTAAGTCCGAAAAGAACAAACAGAACGAGAAGACAGACAAGACCAAGCCAGAAAAGCAGCCTTCCCTTCATACTGCCAGTTCCTTTTTAATAACAGTTTTTTTGAATATAAAACATTTCGTGTTACGCATATTAAATTTTATAACACAAAAATATTTTTTGTTCCGCAAAAAAATAAATTATTTTGTATTCCAGATTATAAGTTCAAGAAGCGCATGGGTTTTATCAGTCGCCATGCCTTCGGCATCGGTGATTTCATCAACTTCTTCCGAGACTGTTTTCTCAGCGTTCGGAGCGTCATATCCGGAGAGAAAGTCCATGCACTGCCGTTTCATGTTTTCAGCGGTAACACGCTTTTCCCACATATGGTCTATTTGTGCCGATTTATAAGTCAGACCCTTTTCATCCAACCATTTTTTAAGGACAGGAGTGTCGTTGAATCTTTTAGGAGTTATCCCGCACTTTGCGTAGATCCGGTTCATTATTTCAGAATCCTTTTTCCCCGCGAAGCCGAGGTATACAACGAATTTTCCGGCGAGCTCCGTCACTCTGGCAAAATCCTCCGGAGTGCGCACCGCAGGGGTGGTGGAACAGAAAACCATATCAAACTTTTCGTTTCCCGAGTCAAAGCCTTCCCAGTCCGTATGAACGGTTGTGATGTTGGTTATGCCTTCCTTTTGCGCGTCCTCTCTCAATATGCGGAGCATTTCGCCTGATATATCCGCAGCGGTCACGCTTGCCGCCTTTTTCGCCAGTCTGAGCGTATATTTTCCGCTGCCGCTGCCGACATCAAGAACTCGCAGTCCCGACAGGTTTACTCCCGCCTCCTCTGCCATTCTTAATACTTTTGCCTCAAAGGTATCTTCGGAACTGCTGTATCTGGGGTAATCAGATGCACGTTTGTCCCACATAATCTCAGCTTTTTTCGGATCCGCATTTCTTTGAATATCCATAGTCCGCCTCTCTGTTCATAATTTAAATCAGGCGCGGTGTTACCCGTGCCTGATTTCGTATTATACTCTTTTTTGTATTTATTAAAATGGTTTAAATATCAGTATGTCCATCTTACACTTGCGCCCGCGTTGAATCCCATTGACTCATAACCGGATGCCTCTTCGTACTTTTTGTCGAATATGTTGTCCGCATAAACCTCAAGAACGGTATTTTTTACCACTTCGTAAGCTATGCTCGCATCCGCAAGAGTGTATGATGAAAGAGTTTTCTTTTTTCCATCCTCATATTTGGGGCGCTCGCCTATGTAGTTCAATCCCATGTCGAAGGTGAGCTTGTCGGTGATTTTCCAAACGAATCCGGCATTGCCTTTATATTCAGGTATATTGTCAACCTCGTCTGATGATGAGCTGAAATCCTTGTCCGTGGGATCACCGCTTTTTTCAGATTTCTGATAAGACACTCCCGCATTGAGGGTAAGGCTTGAAAGAACCTTGTACTCGCCGCCGAGAGATGTGCCGATAAATTCGGCGTTATCCACGTTGTACTGAGCGTTTACTGTTGTTGCGGGATCGGCTGTAGTGGGGATGGTTCTTCTTATGGAGTAGTTATCAATGTCATAGTACCACGCGGAGAACTTGACGAAGCCTTTGCCGCTGAAATCATGCCTGTACACGAAATCCAGAGCGTTCACCTCTTCGGGTTTTATGCCTCTGTCCCTGAGCTCGTCCACAGCGTCTCCGTTAGCGTAATGCACTGTGTCCGGCATGGTGGGTATCCTGTAGCTCTGGTACATATAAACTGCCGCCTTATCCTGCGGGGTTATGGTGTAAGTCAGCCCTGCCTTGGGCGAAAGCTTGCTGTCGTCAAAATTGTGGGTAAAGTTTTCGGTTTCGTATGTGTCATACCTTACGCCGAGATCAAGGGTGAACATGCTGTTTATATCCCATGAATCCGCAAGGAACACTCCGTCTGTTATGATTTCCTGCTTGCTGTCCGTTTTGCCGAGGGCACGTTGCTGGTTGCCGTTATTAGGATTTATACTGACTTTGATGTCGGTTTCTCCGCCGTGAAGGTTTTTGCGTTCGGCGCCGAAGAGGACTGTATGGTCACTTATTTTCACTTCTGTTTTGGCTTTGAAACCGTAGCTTCTGTCCA
NZ_CP035108.1_gap38	1444148	1447520	3372	GCTGGGCGCGGACGCCGGAAGCATCTTTATTTATGATGATGAAAAGGACGAGCTGATCTTCAAATACACTCAGAACGATTCTGTTCAGCTTCCCTTCAAAGAGTTTTCCATTCCCGCAAACGAAGAGAGCATAGCCGGTTACGTGGCAAAGACCGGCAGCACCCTGAGGCTGAAAGACGTCTATCATCTGGAGGACGAGTACCCCTTCGGTTTCAATGTCAGCTTTGACAAGATGTCCGGGTACAGAACAAAATCGGTTCTCGCCTTTCCTATTACTGACCTGAACGATCAGCTGACGGGCGTGCTCCAGATAATAAACAAGAAGCGCTATGAGGTTCCTCTCACGCTTGAAAACGTAAACAGAATAGTGCTCCCGTTTAATGATAATGACGAAATGGTAGCCGAATCCCTCACGGGGGTCATCAGTCTCGCCCTTGAAAACGGCGTGCTGTACGACAATCTGGAAAAAATGAATGAGAGCTTTATCACCGAGCTCTCAAAAGCTCTGGAAAACAGGGAGCCGTTCAGCATGGGGCATGTAAACAGGGTCACCGCCATCTGCGAGACCTTAGCTTCGGAGATGCACAGGGATCTGGATGATTTTCCAGATTTTTTCATGAACAGGCTTAAGGATAAGATACTCCGGTATTCATGCCGCCTTCATGATATAGGAAAGCTGTTTGTTCCGGAGAAAATATTTGCCAAGAGCGGGAAGCTTTACCCCGGCATGACCGAAAATATAGAAAACAGATTCAGACTCGCAAAAGCCTGCGCAAGGCTGGGCGGGAGACCGAAGGTGCTGACAGATGAACTGGACAGGCTCCTTGCGGTGATAAAAGATGCGAACATTTCCGATATTGATGATAAAATAGCTGAGGATCTGGCTAAGTGTGTCGGCTACATCTTTGAAGACTCTGACGGGGAAGACGTAAAGCTTCTTTCTGAGGAAGAGTATGCGCTGCTCAGCATCCGAGAGGGCATATATACAGAAGATGAGCTTAAAAGCCTGCGGTTTCATGCACTGGGAACTTACGAGTTTCTGCGGAATATCCCGTGGACAGCGGAGCTGAGAGATGTTCCCGTTATAGCCGCCAGCCATCATGAAAAGCCTGACGGAACCGGATACCCGTTCGGAACGACAGACGCTGATCTGCATATATTTTCAAAGATAATGGCTGTCGCTGAAGGCTACGACCACTACACGGCAGACCCCCGTCCCTGCGGTCAGTCAATGATGCCGGAAGAGGCAGCGAAAGCGCTGAGAAAGGACGCAGAAAGCGGCGCGCTGGACAAAAAGATTGTTAACTTTTTTATAAACAAGGAAATATACAAAAGATTCTGAGCTCTCCCCCTTCCGGACAGAGAGATAAGCAGGAGGAACACTTGAAAACCGTACTGGTAATTGATGATGATGAGAGCCTCAGGCTCCTTCTCAGAGACGAATTCACTGACAGAAACTTCAACGTAGTCACCGCGGGCGACGGGGAAGAAGGGCTTGTCAGTTTTAATGAGGAGAATGTGGATTTGGTTATACTGGATCTCAATCTTCCCAAGATAAACGGAAGAGAAGTGCTTGAGCACCTTAAGGCACAGTCTCCGGATATTCCTGTGATTATTTATACCGCCAACCCCGACATGATTTTCGACACCGCAGACCTTGCCCATGTGGAAGTAATTCTCAAATCCACTGATGTTGAAGAGCTTATGGAGTGTTCGCAGAAACTTGCGTATGTTTAACGAAAATATCTACCGCGGATTTCTTACGGCAGAAAATTTCGGCAGAAACATACTCGTTTTTGATGAAACCGATTCCACGACAATCCGCCTTCTGGAAGCAGATACACCTTATTATACTGTTGCCGTTGCGGAAAGCCAGACGGCGGGCAGGGGGCGAAGCGGAAGAAAATGGATCTCCGAAAGCGGAGTGAATCTTTGTTTCTCCGTGAATCTTCCCCCTATGAAGATTGAGCATCTGCTTCCGTTTAATATCGCCGTGGGCTTTGCCGTGTGCGATGTTCTGCGGAGCACGGCGGATGTGAAGCTTAAGTGGCCTAATGATCTTATGGCGGGAGGAAAAAAGCTCGGCGGCATACTGTTTGAAACCTCCCTCAGCGGCTCTGTTACCGAAAAGGTAATCTTAGGCATAGGCATCAACGTGAATATGACTGATTTCCCGGCGGAAATAAAAGACATCGCCACATCTCTCAGGGAGGAAACCGGACTCAGCTATTCCAGAGAGGAGTTGCTGGCGGAGCTTATGAACAGGCTTGACGCTTTTTCAGAGGCTTTTCTTAAGGGCAGTATAAATATCGGGAGCGAGTGGAAAAAATATTCGGCTTCCCTTGACAAAAAAATAGCTGTGCACAAGAATGGGGTGAAAACCGTTTTTACGGAAAGAGGCATAACCCCTTCGGGCTTTCTCATAGCTGAGGACGAAAAGGGGCTGATAACCGAAATAGTTACCGGTGACGTGGGATATGATTTTAGCGGTTGATATAGGCAATACAAATATAGTTTTAGGAATATTTGAAGGGGAGAAGATACGTTGTAGCTTCCGCCTTCATACAGATACACAGCGCACCACAGACGAATACGCCTCCACCATAATGCTCCTTCTCAAAAGCAAAGAGATCGAGATTAAGGACATCAGAGGCGTTATCATCTCAAGCGTTGTTCCTCAGCTTATCTATTCTTTCACTAAGTTCTCCATGAAATACATGAATCTTGAGCCTATGGTGATAGCTCCCGGAGTGAAAACAGGCATGCCGATCCGCTACGAAAACCCCAAAGAGGTCGGAGCGGACAGAATAGTGAACTCTGTCGCCGCAAGGGATAAGTTCGGCGCTCCGGTTATCGTTGTGGATTTCGGCACCGCCACAACCTTTGACGTTGTAAACGCCAAGGGTGAGTACATAGGCGGGGTTATATGCCCGGGGGTCAAGCTCTCTGCGGGAATCCTCCATTCAAAAACAGCGAAACTTCCTGAAATAGAAATAGAAAAAGTGGAAAAGGTAGTCGGAAAAAATACTATACATTCACTCCAGTCAGGGATATATTACGGCTATCTGTCCATGCTGGACGGGCTTCTGGAAAGGATCATGACGGAAGAGTTCGGACGCTGCGACATAAAAGTCGTGGCGACAGGCGGTCTCGGAAGTATTTTTTCCAGAGACTCAAAGTATATCGAACACTACGACCCCGACCTGACTCTCACGGGACTGAGGCTGATATATGAAAAAAACCTTTAGTCTGTTTTTAGCTTTGCTGACAGTAGGCTGCGCGGCAAAGAATGTGGAGTCTCAGGTGCCCGACAGGGCGGCTCTCGCTGAATCTCACTATAAAATGGGCGTGGCGTACCTCAACACATCTACA
NZ_CP035108.1_gap39	1564793	1569269	4476	TAGATAAGCAGCACCTCACCCTTGATCTGGCGAAAACTATTTACGCCAGATCCGGCGCTGAAAAAGTGCGTTTTTTTCACTTCGCTCCAAGATACGACCGTGACAGAGGACCTTTTCTGAAAAGGCTTTATGACGGTTTTGACGGTGAAATACTTGAGGTTGAGGTAAGATGAAGCTGCTCATAATCCTTGTTATATTTTTTGCCGCCGCAGGATTGTTTTTTGCGGGCAGGTCAAAACTTATCACTCTCAAGCCGTTCGTTAATCTCAAAGGGGTTCAGGATTACGAGCTTGAGGTAATGGACTATAAGCGGGCTGAATCAGAGATAGTGACAGAAAAAGAGAATTACCCCAAATTCTATAAAGGCGGTAAGACCGGCGTGCTGCTTATTCACGGCTTTACGGGAGCCCCCTACGAGCTTATTCCTCTGGCTGAGTACCTGCACAGTGAAGGCTTTACGGTTTATCTTGCCAGAGTCGCCGGACACGGCTCAGACCCGGAGAACCTCAATGAGCTTACCTATGAGGATTGGTATGAGTCGGTGAAATACGGCTACTTCCTCCTGAAGAATAATTGTGATAAGATAATTGTCACGGGTCAGAGCATGGGCGGACTGATTGCCTTGAACACAGTGATTAAAAACGGTGCGGACGGACTCATTCTCCTTGCTCCTTGCATAAAAATAAAGAATCCGCTCTCGGTTTTTGTGCCTTATGTAAAACACTTTAAAAAGTATGATCACAAAAATATTGAAGCGGATGAACAAAAATTCTTCTATAATACATATCCCATGGAAGGCGTACATCAGCTGATTATGTTCACTGAATATACTGAACCTCTTGCGGAAAAGATAAATATTCCTGTCCTCATGTTTCAGCACATGGGGGATAAGGTAGTCAGCGCTGAGGCTTCACGTGAGTTTTTCGGACGCATAGGCAGCCAAAATAAGAAGGCTGTGTATTTCGACAATGATGACAGCGGCTATCATGCTCTCTGCGGTGCAAAAAACCCGCACAGGGATGATATGTTCGCTGAGATTAAGGAGTGGATAGATGTCATTAAGTAACAGGAAAATCGGGTTTATCGGAGCAGGAAACATGGCGTTTGCCTTAATGAAAGGGCTTGTGAACTCCGGTCTTGTACCACCTGAAAACATAATGGCATCTGATCCGGAACCGTCAAGGTTTGAAGGCTTGAGCAAATCTCTGAATATCACCATTACCACCGATAATATAGCGGTCGCTAAAAAGAGCGATATTATAATGATTTGTGTAAAACCGCAGGTAGCAAAATATGTGATGGATGAAATAAGCCAGTTTCTGAAAGATAAGCTGCTTATTTCCATTGCCGCAGGTGTCAAAACAGATTTTTTTGAGCATTACCTCAGCGGACTTCGGGTTATCAGGGTTATGTCAAATACTCCCGCGCTGGTAGGCGAGGGCTCATCCGCCATATGCGCCGGCAAATACGCCGGAAAGCCGGAGCTTGAGATAGCGGACAAGCTTTTCTGCTCTGTGGGCAAGGTGGCTGTGATAGAGGAAAAATATATGGACGCTGTGACGGGTCTCTCCGGCAGCGGTCCTGCCTATGTTTTCAAGTTTATTGAGGCTCTTTCCGATGCGGGTGTGAAGCTGGGCTTAAGCCGTGAGACATCCCGCATGCTTGCTGCTCAGACTGTTTACGGCTCCGCTAAGCTTGTTCTAGAAACGGGTGAGCATCCCATGGCGCTTAAGGATATGGTTACCTCCCCCGGCGGAACGACCATTGTCGGCGTCCACATGCTTGAGAAAGGCGGCTTCTCCGCGGCTATTATTGATGCAGTGGAAGAAGCTACGAAACGTTCGGAAGAGCTCGGGAAGAAATAGACCTGCGATTCCAATGATGGAATCGCGCCGTGCGAAGCGAAGCCGCATTTACTGCGGCGCGAGCGTGTATCCAAAATTTCCATGGATGGCAAATTTTGGATTGTCAAAACAGAAGAAGCTACGAAACGTTCGGAAGAGCTCGGGAAGAAATAGACCTGCGATTCCAATGATGGAATCGCGCCGTGCGAAGCGAAGCCGCATTTACTGCGGCGCGAGCGTGTACATCAAACTGACAGGATGTGCAGTTTGATGTTATTGATATAGACGTAAACAGTCCCAAGGACGGGACTGCGCCGTGCGAAGCGAAGCCGCATTTACTGCGGCGCGAGCGTGTACATCAAACTGACAGGATGTACAGTTTGATGTTATTGATATAGACGTAAACAGTCCCAAGGACGGGACTGCGCCGTGCGAAGCGAAGCCGCATTTACTGCGGCGCGAGCGTGTACATCAAACTGACAGGATGTGCAGTTTGATGTTATTGATATAGACGTAAAAAAGCGGGGAGTTCTTCAGCATCTCCCCGCCTCTATTGTTATTTCAGGGGTAAACCTGAAACAGGAGCCACAGTAGAGGACAGGCGCTCAAGCCTGCATAATCAGTTTATTTCCATTGAGAACATTGATTCTGTTCCGCCCTGAATGACAAGGCGGTGCAGGGGAAAAAGGCTTACCTTTTCTCCGCTTTTCACCACAATATCGCCTTCCTTTGTTCCGGTTATCCACAGCTTTCCCTGTTCGCATACAAGGCTCGCCTTTTTGACGCCGTTAAGTGATACGAGCTTGTCTTTCCCGAGAGACATTCTAAGGCTTTTTCCTTTCATGGCGCACTCCTATGAAGCGTTCATTATAACAGAATATACATTACCCAAACTTATTGACCGTTAACTTTTGATATGCTTAAATATCACTGAAAAACGGATAAAACAAATATTGCTTTTCAATCACAGCGTTCGGAAAAATAGAACGGAGATTAATATGGAGCTTTATCAGCTAAAATCATTCGCCGTAATAGCGGAGATGAAAAACCTCACAAAAGCCGCCGGAAGCCTCAATATAAGCCAGTCTGCGCTGAGTACTCAGATTAAAAGTCTTGAGGACGAGCTGGGGCTGGAACTCTTCACCCGCAACTCCAGAGGGATGGAACTGAACGATAAAGGGAGAGTGCTTCTTACCCACGCTCAGGAAATTCTTAAAGCCGCTGACAGTATGAAACGCAAGGCGGGTTTGCTGGGCGATACGGTTATCGGTGATGTGACGGTAGGGATAAACACCGAGCCCGCCTTTCTGCGTGTGAGTGAAATCTCAAGGCTGATAGCTCTTGAATATCCGGAACTGAATGTGATTCTCATGGCATGCCAGAGTGTGGACACAGAAGATATGCTCAAACGGAGAGTACTGGACGCCAGCTTCTTTTACCATCATCCCATAAGCAGCGAGATCGAGTATGAGGTTCTGGAAGATGCCGAAATCTGCATAGCCGGAACACCTGATTTCCTTGAGGGCAAATCCTCATGGCAGGAGATAGCCGCAACTCCGTGGGTCTGGGCGGGCTACGGATGTCCCTTTTATATAGCTGTTTTGTCGAAGTTCGAGGCGCTGGGGCTAAAGATCAAACAAGCAATAAACTGCGAGGACGAATATGTTATCAGAGAGCTTGTTCTGGACGGTCACGGTCTGGGAATGCTCCGTCTTGAAAGGGCGAAGCAGCTTGAGAAGGAGGGAAGGCTTGTGATCTGGAAGGACGGCATAATCCCCGTCAAGCTTTGTTTGGGCTGGCTCAAGGGACGCAGCGAAGATTCCGAGGTAAATGTAGTGAGAAACGCTGTGAGAAAAGTTTTTCAGCATAATGTGGAACCCGCTGTTGGGGCGCATGGTGTCATGTGGAGCTTAACCTGATAAGAAATTTATATATTATGTATTTATTCAATAAAGCATGAATCCTTCCTACCCGTTCGGGTAGTTGTGCGTCATATGTTTCAAAGTGTATATTAACTTTGCCCGTAAAAGCTTGGAAAGTTTCTGTTTTCTTTCTGCCGGAGCCCCCTGAACGCTGAATTCAGAGGAAAGAGCAATAATGACGCTCATGGACGGAGAGATTGCAAAACTGTGCCGGCTGCCGCTCCCGGCTTGTCCGGTACGGGAGCGGTAATCGGTGTGGTATGCTTTTAAAAAAATCAGCAGAAGTATTCACTGTTGTTCGGCAATCTGCCAGAAATAAAAATAAAGCTATTTCTGATCCGGGGCTGATATGAAATATTCGCGCAGTTATTCTTTCTTTTTTACCGTTTTGCTTATTATGATATTCTCCATTTCCTGCGGAAGCGGCAGCGGAGGTGCTGATAATGGAAACGGTGACAGTGATGAAGACGGAAATACAAACTCGGCTCCACAACTCACGGGAATCCCTCAGACATCCGTAACAGCCGGTTCTGTTTACAGCTTCATCCCTCAGGCAAGCGATCCTGATGGGGATGTACTGATCTTCGAGGTATTCAACAAACCGTCATGGGCATCTTTCAGCAGCTCAACAGGAGAACTGAGAGGCACGCCTTCAACGGGAGACACAGGAACCTACAACGGAGTGATAATAACTGTCAGAGATGCTTCCG
NZ_CP035108.1_gap40	1573508	1574038	530	CGCGGCATTGAGCTTCTGTTTTTTCAGCAATTTGATTATTTTGGAAAGTTCACCCAGTGACAGGAATTTTGGCTTGTTCACCGGCAGATCCGCAAGATCTGAGAACAGGCGGGATTCGACAGTGTTATTGTCCTGCGTGAGTATAAGCTCCGGTCTGGGTTTGATGTCATAAACCTTTATTTTTGACAGTTCCCATTTGCCGCCTCTCGGTTTTGCGTCCTCTATGCTTGTGACTCTGTCAATCTCAAAGGAATCGTCCATGCGGTAGAAGGTTATGTCAAAAAATTCACGGTTTATAGGGTCGACAAGCTCCATATGGACAAAGCCTTCCTCACCGTCCTTCATCCAGACATCGGTAAGCTTGCCTTTGGTCACGTACGGCTGTCTGTCAAACTGTTCGGTTTCGTATTTCTTTCGGGCATTCTCAACCCAAGGGTTAACCCTGTCCGCCATGAACATAAGTATGCAGAAAACAACCGCGCCTATGCCCAGCAAGGGGAAAAGCAGATCCCGCAGCCTTCCGCCGAGGC
NZ_CP035108.1_gap41	1585572	1586758	1186	ATACAATATTCCTTTTTATATACACAAGGATGACGAGTTTCTCCTCGGTCAGTCGAGAAACCATGCGGCGCTTTTCGGCGCTGAACCTGCTCCTGTTCCGACTGCGGACAGATATGTCAAAGACGGAGACGAAATAGAGTTCGGCGGCGGAAAGATCAAGGTTCTGCATACTCCCGGGCATACTCCGGGCGGAGTGTGTTATTTCATTGAACGGGTAAACGCCGTAATAACAGGAGATACTCTGTTTTGTGAAGGAGTGGGGCGAAGCGACTTCCCCTATGCGGATCACAGTCAGCTTATCGAAGGCATAGCGCACAAACTGCTCACACTGGACGATTCCGTAACCGTGCACCCCGGACATGAGGAGTTCAGCACTATCGGATGGGAGAAAAACAACAACCCGTACCTTAAAAGACTGTGAGGCGTCCTGCGGTTATTGACTTCCGTATTAAATATGATACTATGCTTTAATAATGAACACATTAATCGTAGACACTTCCGGTGACATGCTTTTTGCCTCGCTCGGTACTTCCGGCGGGGCTGTTTTGGCTGAGACCGGAGTGAAAATGAAATCAAACATTAACGAGAATCTTCTGAAAACCGTTGATTTTCTTCTGGAATCTTCGGGAACTTCTCTCAGTGAAATTGAAAATTTTTATACAATAACGGGACCCGGCTCTTTTACGGGCATAAGGATAGGCGTTTCGACTATGCTTGGGCTTGCTTCCTCCATGGGGAAAAAACTTAAAGGAATTTCATCGCTGGACGCTTACGCTCTTGTCTGCGGAGAGGAGTCGGTTGAGGTCTGGGCAAAGCTGAGATTAAAAAGTTTTGTCAGAAAAAGCTATGACTTTAAAAATATGGTATTTTCTGAGTATGAGACAGTTAAGCTGGATGATGAGGAATCCATTACCCATATTGTCAACCGCGAGCAGAAAAGCAGCCTTAACCTCACTCACTCAGTAAAAAATATCCATTTTACTAAATTCGGATGCGGCTACGAGCCCCTGTACTTCAGGAAATCCGAAGCGGAAATAAACTTTGATCAGAGACGTGCTTGCGGATGATCTTGAATCCGTCACAGAGATAGAAAGAGCATCATTTAAAAAACCGTGGTCGAAGACAGACTTTGAAACGGAAATAGAGAGAGAGCGCAGTATCTTCAAGCTTTTGGAAGAGGATGGGG
NZ_CP035108.1_gap42	1653952	1657205	3253	TTCTTTTTTGGCTTCGGAGTTTCTTCCTCTTCGTCCCAGCCTTCTTTCTCAAGAAATTCGGCATATGTGCCGTCAAAAACGCTTATCTTATTGTTTTTGAAGACTATAAGCCTGTCCGCCAGAGCATGGAGAAACATCTCGTTGTGGGTGATCAGAAGGAGTGTTCCCGGAAAATCATCCAGAGCCTCAAGGAGTGAATCGCAGGACTGCATATCAAGGTGGTTCGTCGGCTCATCCAGCATGAGGAAGTTCAGCGGTTTCGCAAGGAGTTTGCCCAGCATTACCCTGCTTTTCTCACCGCCGGAGAGAACGCCTATCTTCTTAAGCGCCGAATCCCCTTCAAACATCATTATTCCCGAGATGTTGCGCGCTCTCTGCCTGTCCACATCCGGTGCGGTATGGAGGAGCTCCTCCTCAATTGTGCGCCTGTCGTCCAGAGTTTTTATATTTGTCTGCTCGTAAAAGCCTTTCTCTATTCCCGGACCGTAATAGATTTCACCTGCGTCCGGTTTCATTTCTCCTGCAAGCAGCTTAAGCAGGGTAGTTTTGCCCTTGCCGTTTTTACCGATTATGCAGACACGTTCGCCGGTGGTAATATTTATGCTGAAATCTTTAATCAGCGGATCGTTTTTGTCATAGCCGAAGGTTACCCCTTTGGCATTCAGCCCTGTTTTACCTTCGTAGTGTTTGTAACGGAAGCCGAAGTCCAGATCTTTTATATCCTCCAGCTTTGCCCTTGAACCCATCTTCTCAAGCATCTTCACCCTTGATTGGGCACGGCTTGCCAGAGACGCTTTGGATTTGAAACGGGTGATGAACGCCTCAACCTCTTTGCGCTTCTGTTCCTCATTCTGGCGGGTTTTCTCGTAGATCTCTTCTTCGGTCGCTATCTGCTCATAGAGCTTGCCCGTATCCCCTTCTATTTTTCGGATCTTCCTGCGGTGGATGGCAACGGTATGGGTCACCACGGCGTCCATAAAGCTTCTGTCGTGAGTGATAAGCATCAGCTCGCCCTTCCAGCTTCTTAAGAAATTTTCCAGCCAGCGCACAGAGGTAATGTCCAGATAGTTTGTCGGCTCATCGAGAAGGAGCATGTTCGGTTCGGAAACAAGAACCTTAGCCAGATCCAGACGAACCTGATAACCACCCGAAAACTCGGACGGATGACGGTACATATCATCCTCTGTAAACCCGAGACCGAAAAGGATCTTCTCCACTTTCCAGATCTGCCCCTCATCTTCTTCCCGAAGTCCTTTGCAGCCTTCCTCAATAACTGTGTTTTCTGTGAAATCAAGGTGCTGCTTAAGATGCCCTATCACATATCGTTTCGGGAAGCTCACCTGACCGGAATCAGGCGTTTCCTCACCTATCATCATGCGGAAAATTGTCGTCTTGCCGTGTCCGTTTCTGCCGACCAGCCCTGCTCTCTCCCCTTTATTTAATCTGAATGAGGCATCCTCAAGGAGAACCTGCCCCCCGTAGCTTTTGCTTATGTTTTCAACGTTTACCATCGTATATACTCCATGTATTTGCGCCGCGCCTGTGCGCAGGCGGGTATAATCTACTGGAAATCTTCGCAAAAGTGAAGGATAATGCGCCGATTCAAACTTTATTAACAGGAGTAACAGATATGATTCCGGTTATTTCATTTGTAGGAAGCAGTAACAGCGGAAAAACAACACTGGTTGAGCAGGTCATCAAAATCCTATCTGACAAAGGCGTGCGTATATCACTTATCAAGCACGACGCCCACGGATTTGAGATTGACCACGAAGGGAAGGACACGTGGCGGCACAAAAAAGCCGGAGCCGTGCGTGTTCTCATATCATCGCCCGCTAAATATGCCGTTATCTCCGACGGAGAGGCGGATCTGGGCTATATGCTTTATATGGCGGGTGACGGAGACATTGATCTCATAGTTATCGAAGGCTACAAATCCTCCTCACTGCCGAAGATCGAGGTTTTCAGGGAAGCCAACGGTAAGAAGCCTGTCTGTATAGGGCATGAGAGTCTGCTTGCCGTTGCCACGGACACACCGGACAGTGAGCAGCTCAGAGATGCGCCCATGCTGCTGGACATCAACAGTCCTCAGGAGATTGTGAGCTTCATAGAGGAGCGCATACTCAGTGAGGAGAAGCCGACGCCTTTTGTGAGTCTGGTTGCGGACGGCAAAAAGATTGACCTCAACCGTTTTGCTTCATTTTCTCTGGCAAATACTCTGAAAGGCTATCTGAAATCGCTGAAAGGTGCTGAGGACGCTGAGGTGTTTGAAATAAAAGTCGACCTGAAAAAATAGAATCAAAAGACCACGGGGCGGGATGTCCGCTAAAATCCCTGAGCGAAAAACGCATGGGAATCAGGGCGCCCGCTCCGGTGTGTTTATTTTAATATGCGCCGTAATTTCTGACCATGCTTGACACCCGCTGTCTTTGATATAAAATTGATACTCAGACGGGGGTAAAAAATGGAAAGAATAAAAGAGCTTATACAAATCAACCGTTCTTACCGCAGATTTGACAATTCCAAAAAGCTTGATATGGGCTTTCTGGAAGATCTTATCTATTCAGCGCGCATGGCGCAGAGCGCCGCCAACCTTCAGCCGCTTCGCTATATCACAGTCACTGATGAGCAAAAGGCGGAGCAGGTGTTCTCCACCCTCGGCTGGGCGGGCTATTTGAAGGATTGGGACGGTCCCGAACCTGATGAGCAGCCGGTGTCGTATATAGTTGTCCTCACAACGAAGGATTCGTCCTACGCTCAGGTGGACGCCGGACTTGCCATGCAGAACATATGCCTCACGGCTATCGCCGCCGGCGTGGGCTCATGTATACTCGGCAACATCAAAAAGGAGCGTCTGGCGCAGATTCTGGAGCTTGAAGAGGATTTAAGCATACTTTATGTCGTCGCCCTCGGTTATCCGGTTGAGAATGTCAGAGTAATCAGCATCAGGGAAGCTCCTGACCATAAATATTTCAGGGATGAAAAAGGGAACCATTATGTTCCGAAAAGATGTATAGACGACCTGCTGATCAAGGAACTGTAAGATAGATTACTTCACCTCTGCGGAGTTCGCAATAACGCAAACAACCTCAAGGATGTAGTTGTGCCGCGCGGAGCAAAACCGCCGTTTTTCGGCGGTTTCTGTACCAAGCTTGCTGAAAAGCCGTGTTCAGCACGGCGCGAGCGTGTACATCAAACTGACAGGACGTGCGGTCAGATGTTGTCAAGTCAGAGTTCCTTATCCATATACACA
NZ_CP035108.1_gap43	1673585	1674463	878	CAGCTATACTTGAGGGCACTGTTGAACTCAACTCTGTTGAGGGCAATCTGCTTGATAACGATGACTTCGGTGATGACGGAGCAGGGACTCCCCAGCTTGTATCTGTTGAGTACAACGGAGTGACAGTGGAGTTCGATTCCTCAACAACCCAGCATACCTTTGACCTCGGCGAAGCAGGCAAGGTAACAATCTACAGTGACGGCAAGTATGAATATACTTCCGGAGCGGATGTCGCAGAAGACGCAACTGCCGAAATCAAATATGTTATTCAGGATGCTGACGGCGAAACATCCGAAGCTACGCTTACCCTCACAACTGAGGACAGAAGCGAAGTTTTCGCGGCTGACAACGCTAACCACGCAATAATAAACGAAGTGACAGTGGATGAGATTGTTAACGAAACCGATATAAAATTCGGCAGCAACTCAACCAAAGTCCTCACAGACGATGATGATGCCACAAGCGATAGGTTTGATGTTTCAGTAGGAAGCGGTCAGACTGCTGAAGTAAGCTTCAACTATCTGGTTGAGAACGTCAATAACCAGAATGATACTTTTGAGTGGACGCTTCAGAAATACGACGGTTCAGGTTCCTATGACTACAGCAGCAACTGGGACGATGTTGAAGACGGCACTGTCAAAGTTAACGGAAACGGAACTGTTACCATCGACAACCTCTCATCAGGAAAATACAGACTCGTATTCTACACTGATGACAGAGGCAGCGGAACAGACCTTAAAGTGACTGTAAGCAGTATAGTGCTTGCTGTTGTGACAGCAGGGTATACTTACCTTGAAGCTGTTGCGGCAGAAGGCAATGTTCTTACGGATGCCAACAACTACCTCGACAGTGACGACCAGTGGGGCGCTGTGGATGAT
NZ_CP035108.1_gap44	1687942	1692548	4606	CCACTTCTTTGAGTATAGCCTTGAGCTGCTCCTCGCCGTCTGTATAAACATCGAGATCGCGGATTTTATAGCCTTTTCCTATGTGGACTGACTTAATTTCACCGAACATGCCGTCCATTTCGCCCACAAGTGATGTGAGCCTTCCGAGATAGCCGGGCTTATCCGTAATTTTTACCCTGATCGATTTGATAGTTTTATTTGAATACTCAAAAAGCATTGATTCCTCCTATTTTTCGTCTTCTTCGACAAAACGTTCCCATGTTTCGGATTCATAATCCCTGCATCTGGTTTTAGCTTCCTTCATGAATCTTCCGGTAAGCGCACAGCGCATTTTCCATGAATCCTTCAGCTCCGCCATCTTAATTTTTCTCAGATGCACACAGGTAAGGCATTTTATTTCTTTTTCGCTCATTATCTTCCGCTGTAATTTTTAATAAAGGATATTCCATGTCATATCCTCTGTAAAGAGAATTGATTGCGTCATTATACCTGTACAGCGGGTGCGCTGCATAGTATTATAGGGTTCCGGGTTTTCTAAAAGGTGAATAATGAGTATAGCCGATTATCTTTTATCAGTCAAAAAGCTTAACAACATAGGTCGCTGGGCAAGCGATTTCATGCACAGACGGGCTTCCGTTGCAGAACACTCTTTCTCTGTGGCGCAGATAGCCCAGCTTCTGGGTATCATGGAGGAGAACGCCGGAAATAAGGTGGACTGGGGCAGGCTCTATAAAAAAGCGCTGAATCATGATGTTTCCGAAGCCTTCACGGGGGATATTCTCAGCCATGTGAAGCACAGGACTGAAAAGATGAAGCATATGGTTGAGGAGATTGAGGTTCTCATAGCGGAAGACATGCTCCTCAGCTCGTTCAATGAGCAGTATAAAGAGGTTTTCAGGGATATACTCTTCGACGGCAAGGACGCCACGCTTGAGGGACGGATACTGAAATACGCCGATAATATAGACGCCGTCCTTGAATGTCTCTATGAAAAAAACCTCGGCAATAAATCGCCTTTTGAAGAAAAATACTACGAAATTCTCCGCAAGCTTGAGGGCTCAGACCTCGTAAGCGTTAAGATTTTTCTCCGTGATATTCTTCCGGATCTGGAGAAGCGGGCATAAATAAAACATCTGGCGACAAGTGTTTCTATCTCATGTTTCACAGGATTAAAAGCATCTGGTAAATGAGCGGATTTTCATAATAAGACGCTTATTCGACTGGACATGGATTATGAAGAGTTGTATCATTAGTTCATAAGACTTTTCCGGAGGTTGCTATGACTCCCAAACTTACCGCAGAAATGCGGCATCTTTGTCCTGCAAAAGGTTTCATTTATGTATGGCAGATGCCCGTCAGGTTCAGTCACTGGCTCAATGTAATCTGTATCACCATTCTTATCAGCACAGGGCTTTACATCCACTTCCCTTTCTTCACCTATGACAATGCGCTTACAGAGCCCTACGTCATGGGACAGATGCGTTTTGTCCATTTTGTCACAGGCATGGTTTTCACATTCAGCGTTCTTTTGAGGATTGCTTATGTGCTCATAGGAAACGAGTACGCCAACTGGCGCACCTTTTACAATCCTTTCAACAAAAAAGACAGGGGACTGATAATACAGTATTTCAAATATTATACGTTCCTTGAAAAGAACCCGAAACATATAATCACCCACAACCCTATGGCGCAGTACGCCTACCTTGCGGTGTTCCTCATATTCTTCTTCCAGATACTCAGCGGCTTCTATCTCTGGTCTCTGAATGATCCTAACGGGACGCTTTACGGTATGCTGAGCTGGTTCAGCTACATAGGCAATGTGCAGTATATCAGAATGATTCACTACTTCGTTGTGTTCCTCATAGCAACCTTCCTTGTAGTGCACCTTTACGCGGCTGCCCTTGTGGATTTCAGAACCCGTGCGGGAGATATAAGCTCCATCTTCTCCGGCTGGAAAACTGACGTTTCCGAAGACGAATAACAGCCCCCTCACTCATCAAAATAAAAGCCGCTTCGTTTGAAGCGGCTTTTCAGTATTAGAAAACTGTTAAAACGTTTTATTCAGAGCGGATTTATTATTTTCCTCTGGAGGCTTCATCAACTGAGTCATACACCTCGAAGACCTGATCAAGCTTCATCAGCTTAAGCACCTTGTCTATTCTCTCGGGCACATTAACAAGACGCAGAACACCGCCGTATTCCTTCATGCTTTTAAGCCCCTCAAGGAACGTGGCGAGACCGGATGAATCCATATACACAACTTTATCAAGGTCAACCACGAGCACGCTTATCCTCGCCCGGGCAACATCGGCAAGCTTAGCTCTGATCTCGGAGGAAGTGAGTATGTCAACCTTACCGGCGACTTTCAGAACTTTAAACTGACCGTAATCCTCAGTGTGTATTTTCATCATACCCCCTCACAAAACTGAAAGTATACTTTCATTAATATAATATCATTAAACTTACAATAACGGAACAGGTACAGACCTGTTCCATTTTTATTATCGTAATCACAGAGGAAAACATTAACTGTAAAATATAAAAAAGACAAATAACAGTGAATGCTTACATGATTATTTGCCTAAGGGCAACTTATTTTCTGAGCACAAGCCAAACATAAAGCTCCTTTGTTTTCGGATCCAGCCATTCATCACGGATTTCAAAATCACTTAAAACCTCTTCCGCCTGATGACGGGAGAGGGTGGAAACTTTACTCTGATAGTATTTAAGAGTCTGAGTATCCACATTCAGCTTTTCGATATTAACTTCTGCGTTGACTATAACCCTTATGCTTCTCGCAAGGTCATTCTGGGCAAGCGCCTTGGCTGTTCTGCGCTGTGCCGCTATGCCGCCCCTCGCCTGCTGCTTGGCTATTCCCACCGCTCCGATATAGCCGTCCATATTCGGGGTCGCGAACCAGACAGGAAAACCGTTCTGAATAGGATATTTTGTCACTGGACCAAGGTTATCCTTATCCACCGGTCTGTTCGCATATTCAGGCTTGGGAATAGCCGGAGCCTTTTCAGCAGAGGGAGCGGGAACCTGAACAGGTTTTTCCATCCCCTCAAGTCCTGTGCCCTGACCGCTGACCTCTTTTTCAAGCTCATTGAAGGCGTTGTCCGCTCTTGTCTGCTGAATCTGTTTTGTATTATGCGCGGCAGGTTTGGGAGCCTCCGTCTTGGAAGCCATACACCCCGCCAGCGCAAGTGAAGCCGCCGCTGCTGCAATTGTCTTAATCATAAAAGCCTCCTGAGGTTTAATCGAAATATCTGTACGAAGGCAGTGTGCCCGTAACTTTTACTATATATCTTCTCGCTTCATCATAATCCAGCCGGACACGGAGATAGTCATACACCTCTGAAGGCGTCATGCTGTTTATTATTCCCGCCGCCGTTGTTACATTATATCTGTTTTTACCTGCGCTGCGCCCGTTGAAAGCCGAAGCCACATTCCCTGAGCCGGTGTTGTAAGCCGCTATGGAGCAGTAGAATCTGCTTTCGGGGTGATTTACAGCCTTGAGGTATCTGTAATAGAGGATATGAAGGTAAGCTGTTCCTGCCCTTATGTTGTTATCAGTGTTAAACAGGTATGAAGGTGTCAGTATCAGCGGTTTGCCCATAAGAAGCTGCGCCACGTCCTTTCCTGCGGACGCGGGAACAATCTGCATAAGTCCGTAAGCCGGTATGTGGGACTGCGCTACAGGGTTGAATGCGCTTTCGGTCTGTATAACGGAAAAAACCAGTGAAGGCTGTATCTTAAATTCCTTTGCGTATTTCTGAACAGAGGGGTTAAGCTCCTCAGCCCTTTTTCGGTATGTTTCAGGCGGCAGCTTGCCCTGCATAACAAAGACAGTCTCACCCGTTTTTGAGGGTTCGGTTTTAACAGAAGCATTTTCCTTAAGCTTCTCTGCGGCGCTGTCGATGTCCTTTTTTGTGGGATTCTCCTTTCCGGTTACGGCGCTGCCTATGACGCTTTCATTTCCGACAGTGCCCGTGGCTATGTTTTTAAGCTTCTCACGAGCCTTTTCATCGGTCTTCCGCGAAGGGATGTCTCTCTGAAAGGCAGTCGCCTTATCTACACCGAGCATGTCTCTCATCAGGGCGTCAAGGTCTCTCTCAGCCTGTTCGTAATCTCTGCCGATAACCTCAAGACGGTAGGTACCGTTTTCAAAATCCACTACCTTTTTCTCTTTCAGACCGTTTGTGTACTCCACCCATTTGGTAGGGGTGCTCATTTCCGCCTCTTTCCATTGAGAGAGGATTTCATTTTTATAGGCTTCGTATTCCTCGTTAACTATGCGTTTATACTCAGTAAATTCTTTTTCCAGCTCCTCTTTGTATGTGTCGAAGCTTTTTTTCTCGTCACTGAAACCGCTGTCCATGCTCTCCTTAAAGTCGTCAAATCCTTCGGCGAAGGAGAAAGAGGCAAAGAGCATAACAAGAGCAAGGCAGAAAAATTTTTTCATTATTCAAGCACCATCCATACATAAAGTTCACCGGTCTGCACATCTGTCCAAAATTCCCTTACCGCAGCCTTAACAGTATTCCCCTGCACAGTGTGTATGCTGTAGGAGTCTATAGTTGTGGAAGAACTGCCTGAGGATGTT
NZ_CP035108.1_gap45	1863075	1867742	4667	TCCTTCACAATCTCATGTATCTCGTGCACAAGAGAAGTGGGGAAGACTGGGCTGATAAGATGATAACTACCATCACCCAAAGGAAAATAAACCTGCTTCATCAGTGTATGTGATGCAGGAGCTTTAGCTTTAAACATAGCATAAAAAGCATCAATCCATTCATAAGCTTCGTCAATATTGTCGCTCATAGCACCCGCAAGCACCGAAGACCTGCGTGATACCATGTTCAGAAGCTTCTCACCGTTGTGCTCTTTATTCAAAAAAGTAAAAACATCGTTAACCGCTGCATTTCCAGTTCCATCAACGTAAGCAACTTTTGTACAAGATGAGTTAACAAGGTTATTACAATCGGTTTTATCAGATTTAAAATAGATTGGTGATGCTTCTGCCATAGGGTGGGTAAATTTAGGAATGTGAGTGGCAAGTTTAATCTGCTGCGAACGTTTCGCAGCATCCCGCAGCCACTCCTCCCTTCTGTAGTTAATAATGAGAGAATGGATTTTTTCTTCAATCGCATCTCTCTCAAGCTGAGTCGAAGTTTTATCCAGCTTTTTCTTCTGTTCCTCAATCTTCGGCTTCAGCCTTTCCTGAATGAACTTCTCAATAAGTTCTCTCAGGAGTTTTGCCTGAAAATGGTCAGAGTCATTCATACTTTTGCACCTCCGCAAAATTAATTGAAATTATTCATTTTAGACATTAGCTATTTCTTCATTCCTCCTTGAATATCCCCAGATATTCATTATAGCTGTATGAATCCAAATCTTTATCACGCATTGTCAGTGAGAATGTCCCGAAACGTACAGAGCATTCCTCTTCGCTCATTCCTTTAACTTCCGCAAGCTCCTCTATCAGTTCTTCATAATCAAGGGGTATAAAGAAGTCCGCATCAGGTTTACCAACCCACTTGAAGAGTTCGCCATCAACCACTAGCTTACCTTCCTCCAGTCTGTGCATTATCACCGTATTGCTATTATAGACAGGCACGTACTCAATGCTTTTTCCATCCTCTTTTCTGAACGGCTTTTTGTACTGCATGTAGGCAGAAAGATACGCATCCGTATTCCAGAAACGAGCTGTTGTAAAAACTTCCCTGTTTGTTTCATCAGTAAGAACACGCCTCAAACAATAATGCTCAAAGTCAGACAGGTTATCTTTGTGGTTTGCTGCTGTCTTTTCCATAATTCTCGGCAGAGCGTTCACTGTTTCAATCTGTTCTGCCCTAATTAGTTCCGTCATGGTCTGCTTTGACATGCAGGATGAACCTTTCTCGAACCCCGGTCTGCTGTATGGAGCTCCCCGTCCTTTCATCGCATTTATGTTTTTATCAAGCACATAGATATTTACCTTGTCCCACTCTCCGTCCCTGTGTCTGCGGACGCGTCCGGCTATCTGTATGACAGAACGCATTGAGGAAGGCTCTATAACCGCCCAGTCATAGTCGTGATCCCTGCCAACCTCCGCCACCGGAGAAGCAAAAACAATAAATATGTGGTGCTTTTTATCTGGATATTTGCGAACAGAATTGCGGAACACCGGATTTGAAGCGATGTCTTTCCCCTTTCCGCGTTTAAGCAGAGAATCCAGATTTTTTTCTATCTCCGAACGAAGAACCATCGGAAAGCGGGAGTGGTAGCAGCATATATGCACCGCATAGTCATCCCCTGTGTCCTGATCCGCAAAAGCCTTCACAAGCCCGACAAGGTTATTGATATTTGCTATGCGCACAAGCCCGAAACTTGATTCTGCGCCGCTTTTTTCATCCTTAAAGCTGTTATGCCCGTGTAGCTCCTTAGCTGCGTTTATTATTATTTCGATCAACTCTCTGTGGCTGTATACGCCATCCACAACAGGAATAATCGCAGCCCGTCTTCGCACTTCCGATTTGGTCAGTTTCTCCGCTCTTTTTGATGCAAATTCAGAATGCAGACCTGCAAAAACTCCCCCGGAAACATCTGTTTCGGCATGAGAAGTGAACTCATCAAACCAGCCGCAGACAATATTCCGGCTGTGCTCCTGCCCTCTGTTTTTATTATGTGCCTCCCTGCCTGCCGCATACGCCTTGAAAAGCCCTTCAGCTATTGCCGGAGCCACGGTTGCGGAAGAAAGAAGAACCCTGCTCCCCAGAAGTCCGGCAAAGTAAACCAGACGGGTACAGGCATACAAATCATCAATATCATAGTCGTCAGGTTCATCCAAAACCAGATCTCCGGTCATAAGTCTCAGCATGGGAGCAAGCTGCCTCCCTCCTGCTGTTCCTTCCGAGACCGGCATAATATGATCTATTGTGCAGGTCAGAACCGGAGCATTCACAAGCTTGTCTGCACCTCTTGTTCTTTTAAGCCAGTCGCCGATCGGGGAATCGTCAATATTGCCTTCGTATTGGATATAAGAATTTTCAGGAAGCAGCTCTTCTGATGATTCTCCGTATGTTGTATTTTCTTCTTTATTAAGCTCATGAAGTTCCTTCATCGCCATTCCGCCCACAAGCACTGCCAATGTCGAATAATCAAAACCAAGCATATCTGCATATTCATTACCTGTTTGTAAAGTGAGCGTACGCAGCCCCAGAGCAATGGTCATACGGGCTCCGGTATCGCCGTTCGCAAGCGCATACATTATTCTGGCATTGGCAATCGTTTTGCCGCATCCGGTTGATGCCATGTTTATACCGAAGAAGCCGCCTTGCTCTGTAGCCTCACGAACGGAAGAGGCAGTATCATACGCCTTGTCCTGCCATCTGAATTTGCTTAGTGCGCTCCTTTCTCTGAGGCGTTTATGAAACCCCAGAACAGGCAACGATTTCCGCAAACCCGGCAGACCGTGCATAATTTGTCCGCAAAATTTGTGCACTCCCAGAAGGTGCTCATCTAACTTCTGGTTTTTAGTTTTAGCGCCTCTATCGGCATTGGCTGTATTGGCGTAAAGCGGGAAATCAGGATCGCCGTTTACTCTATCCAGACTGCTTTTTAAGGATGAATAAATATGATCCCCAAGCATCAGCACCATACGGGAAATATTTATAATGTAAGGATCATAAAGCTCTGTAGTGAAGATATTCTGATGCTGTAAAGTACGCTTTGCTGCCTTTGCGGCAGCCTTTCTCCATTTTTCGCTATCCGCAGGGGTTCCCATAGGGAATTTAAAATAGCCATCAATCGCATCTTCATCAGTAATACTTGAGCGGCACCATTCGGCGTTTATGGCCTCCGGAAGATTATCAATTTCATTAGGCTCATCGTTATACGGCATTCTGTGATGGGAAACTATCAGCCAGCACACGGCAGAAGCAACAGGCGGCAAACCGGAAAACGGCTTTGCCGTGTTTTTAGGTTTAATAACAGAGGATGGAAAACTTATATCCCCATCTGCCAGTCTGTTCAGCCAGCCCGTGTCATCATCTGAACCGATAAACTGCTTTATAAGCAGCACTGAGAGCCATTCATGACGGATTAAGCTCTTTTGAGGTTTTGTATTTTCCAGACTTTTCTGGAAGCTTTCGCAGCTTTTACCTAAATCATGAAGAAGAGCGGCGAGAGAAACCAGAAGCTTGATGATTTCACCTGTCTGCCAGTCATTTTCAGAGTCCGAACGGAGGATTTTTCTTTCTGTTCTGTTGGTGGGAACCGCACCGCCGGAATTGAAGGATGAGGCATTGCCAACGATCCACATCAATTCCGTTCTGTTTTTCCCACGTACCCAGTGGCAAGCTACGGCTGTGTTTTTTCTGGCTGTTTTGCGCAGAAGCGTCCGCACAGTTACCAGTCCGGCATGAGTAATGGATGTCTGCCATGTGCGGTCTCCAATACGCTCGGCAAACTGGTCCAAAACCCTGCGTGTTTCTTTCAGGGCGTTTTTATGGCATTGGGAAACAAAAATAACATTCATCGGCAGCGACTCTTCATCTCAGACGCAACCTCTTTTACAGTATCTATCATAAAATCGAGACATTCATTCTGAACAAGAGAATCTATACATCCCTGACGAAACATACGCTCATCGTCACCGTCACGAGCTGAAATAAACGCAAGAGGAAGGATAACGGAATCCTTGATAAGATCAGCTATATCAAAAACCAACCCGCCACGTCTTGTTTTTCCATGCAGAACGGCGAACCCGTGCGGCAGTCCCAACACCCACGCAACCGTAGCCCCCAGACCATAGGCAAGGTAATTGCCGTGATCAAGGAATCTGTTTGCCATATCTGTTCCGCTGCCTCGTTTTGCTCTGGTAAAATCTTCATAACCGGATGCTTCGGCGGCAAGCTTATAAAGCAGTTTTGTGAGCTTCGCCTCTGAAGAAAGAAGATCTTCCGTGCTTTTTGCTTCCTTTATTTCAGCAGAAACCTTCCCCAGAGCCTTTTTCAACATGTTTTCATTAATCTCAAATCTCTTGTCTTCAAAAAACCTGCTGTTAAGCCATTTTTTACCTATCATCTCTATGCGTGCATGTTGAAACATTTTTGCAGCCTCAAGTCTCAGCACATCATCAAACCAAAACTTCGCCCACGCCTGTAAATATTCTGTGGGACGATACTCAGACTGGGGTGAAAACCACATAATGTCAGTATTCATTTCCATCGCACTGAAAAGAGGCGTTCCTCCACCGCCGCAAAAACCAACCATAACCCCTGCTTTGGAAAGTTCACGTACCGCCGCCTGAGTCAGCGA
NZ_CP035108.1_gap46	1875056	1879482	4426	AAGTTTTCACATGCGATGATGAAGCTCAGGCGATGAAAGCGGCTATCTGCGCCAAAGAACTTGTTGAAAAAGGCGTTATCATGATTATCGGTTCCTACACTTCAAGCGCTGCTGAAGCTGCTCAGAGAACTTATTTCCGTGCCGGCGTTCTTCAGACAACTGACGGAACAAGCGACTCTCTTACCAAAAACGGCTACTGGACATTCTTCAGAAACTCCAACCCCAACTCAGCCAACGCGGCGTTCACAGCCGACTACATGGTAAACGCTGCAAAATTCAAACGCATAGCAATCCTTTCTGACCACTCAAGCTATGCACAGGGGCTTGCTGACGCTGTTACCGCTGAAGTTAAAAAGGTAAACGGCAATATTGTGTACTCAGGCAAAATCAAAGCAAACAGCCAGAACTTCACGCCTGTTCTCACAAGCATGAAATCTCTTAACCCTGATGTAATTTACTTCGCAGGCTACTATGCAGACGGCGGTCTCATCCGCGCTCAGCAGAAACAGCTCGGTATCAACGCTGAATTCATAGGCGGCGACGCGAACGACAACGTTGACTTTGTTAAGCTTGCAGGCGCGGCGGCAAAAGACGCGAAAATCGTTAACGTTCCCACTCCCGACATGCTTCCCTATGACAGCGCAAAAAAATTCCTCGCTGCCTACAACGCCAAATACGGTAAAGAGATCCCCTCCATATGGGCTCTGCTGAATGCTGACGGTATGTTTGCGTTCCTCACTGCTATTGAAAAAACACAGTCAACTGACACTAAAAAAATGTCAGACTGGCTTCACGCAAACGAGCTTGACGGTTTTTCCGGCAAGCTTAAATGGGACAAAAACGGCGAACGTGTAGGTTCCACGTTCATGGTTTACAACATCAAAGCTGACGGCAGCTACGAAGTTGCATACCCCAAAAAATAACACTCATTTACAATACTCAGGGGCGGCGCAGTCCGCCGCCCCTTTTTACTCATTATTCCCATAGGGGGTTTCATCTTTCTAGGTAAAGGAAAGAGACTCGCTTCCCTATACTTAGAATGACGAAATATTAAGGAAAAGCGTATGGATATATTTCTTCAACAGGTAGTCAACGGTTTGATCATCGGCAGCATTTATGCGCTGGTAGCCCTCGGCTATACAATGGTTTACGGGGTTATGAAGCTCATCAACTTTGCACACGGTGATCTTGTTGCCTTATCCGCCTATATAGGTCTGATGTTTTACACTCAGCTTATAGGCATGGGCGTTATGCCTCAGTCTATGGTTGTTATTATGGTATTCGTGCTGACGGCGCTTGTCGCCGCTGCTGTGGCATTGCTGGTGGAAAGGGTTGCCTACCGCCCCCTGCGCACAGCACCGAGACTTTCGGCGGTTGTTTCCGCTCTCGGAGCCTCAATGATGATCCAGAACGGGATCATGCTTATCTGGGGTCCCAACATCACGATCTTTCCCTCTGACATTCTTCCTGCTGCGAGCTGGACAGTATACGGCATAAGCATAACCTTCGTTCAGGCGGCAATGATAATAATCACTCTCGTTCTCATGGTTTCCCTCACTCTTTTTATCAACTACACCAAAATGGGAACAGCCATCAGAGCCAGCGCCATAAATCAGGACGTGGCAAAACTGATGGGCATAAACGTCAACATGATAATAATGATCATCTTCGTAGTCGGCGCGGTTCTCGGCTCCGTCGGAGGTCTTTTCATAGGAATGTACTACAGAGGAATAAGCTTCAACCTCGGATGGATCTACGGTCTTAACGCATTCATAGCGGCAATCCTCGGCGGAATCGGCAACATCCCCGGTTCGATGGTCGGCGGCTATATGCTCGGGCTGTTCACCGCCCTTATAGCCGGTTATGTTTCATCCTCATGGGCGGAGGCGTTCACCTTCATCCTGCTTATACTGATACTTATCGTACGCCCCACAGGTATTCTCGGTGAGCGCGTAGCGGAGAAGGTGTAATGAAAAACAAAGCATTTATAGGATACGCGGTACTTTTTGCCTTTCTGGCTCTTTTCCCTGTGGTAAATGACCCCAGATGGCTCACGGTTGTGACAACCTTCTGCATTTACTCTGTGGTGGCACTCAGTCTGGACATAGTTCTCGGACGCGCGGGAATGTTTGACATGGGGCACGCCCTCTTCTTCGGGATGGGAGCGTACATAACGGCTGTTCTGAATGTCCATTTCGGACTGAATATTCTCTGGGCTCTTCCTCTTGTTGTAATAATACCGGCTCTTTTCGCGATAATACTCTCAACACCCATAGTCCATCTCAGGGGGGATTATCTCCTTGTTGCGACGATCGGCATGAACATAGTGTTTGAACAGGCTCTTAAAAACGACCTGTTCGGGCTCACAGGCGGTCCCAACGGAATATTCGGGCTGGACGCCACAGTATTCGGTTTTTATCTGGACGACGGTCTCACAATATACTACATAGCCTTCTTCCTTCTGCTGTTCACTCTTCTTATGATCAGAAACCTTGAGAAAAGCAAGGTGGGCAGAGCCCTGCACTATATTCAGGAAGATCCCATAGCCGCGGAAAGCTTAGGCATAAGCACACGGTTCTACAGGGTCTTCTCCTTTGCTCTCGGTGCTGCGCTTGCAGGTCTCGCCGGTTTCGTGTTCTCAATACAATACGCTGCCGTGAGTCCCGAAGCATTCAACTTCATGACATCGGTAATCTTCTTTGCCATCGTTCTCGTGGGCGGCAAGGCATCTATCCCCGGTATTCTGGCGGGTACGTTCATCATGTTCGTTCTTCCCGAAATATTCAGGGAGTTTGCTACCGCAAGATATTTTGTTTTCGGTCTGGCTATGGTTGTCTCCATGATTCTCCGTCCGGAAGGCATGTTCCCCGCTAAATACGGCAAACTGCCGAAATATGTAACGGAGGATTAGGCATGAGTCTGCTTGAGCTTAAGAGCGTTACAAAAGTTTTCGGCGGCGTTGTCGCCATGGATAAACTCTCCTTCAGCGTAAACGAGGGTGATATATACGGAATCATAGGACCCAACGGCGCCGGCAAAACCACGGCGTTCAACTGCATCACGGGGATATATAAGCCTGAAGAAGGTGAAATTATCTGGAAAGGTGAAAACATAGCGGGAATGCACCCCTGTGACATAGCGGGCAAGGGCATTGTCCGCACATTCCAGAACATCCGCCTGTTCGGCAAGATGAGCGTAGCGGAGAACATTATCTCCGGACGCCATCAGAAATCCAAACAGACATGGTTTCAGGGACTCTTCAGTACCCCCTTCTACAAAAAGGACGAAAAGGAAAACTGGCTGAAGGTGAAAGACATCATGAAGCTCATGGGGCTTTCCGAATACGCCACAATCCCCACCCAGTCCCTTGCCTACGGCATACAGAGACGGGTTGAGATAGGCAGAGCCCTTGCCACTGAGCCGGAACTCCTTATCCTTGATGAGCCCGCAGCGGGGCTCAACGAGAAGGAAACCTTTGAGCTCATGGAGCTTATTAAGAGAATTAAAGATTCAGGAATAACTGTTCTTCTGATTGAGCATGACATGGACATGGTTATGCAGCTTGTAAACAAGATTACAGTGATAAACTTCGGCAAAAAAATCAGCGAAGGAGACCCTGAATACATACAGAGCGACCCAGTGGTTATTGAAGCATATCTCGGCAGCGAGGATGATGAGGAGGAGGAAAACTGACATGGCAGAGAAACTCTTGGAAGTTAAAGACCTCTTCGTCAATTACGGCAGCATTCAGGCTATCAAAGGGATCAGCTTTGAGGTAAACAAGGGGGAGATAGTCTCCGTTCTCGGCGCAAACGGCGCCGGAAAATCAACTACGCTCCGCACCATAAGCGGTCTCATAAAACCGAAGGCAGGGCATATTCTCTATAAAGATGTTGACCTTGCAAAAATGCCCGCTCACAAAATAGTGAGGGAAGGAGTTTCACACTCCCCCGAAGGGCGGCAGGTTTTCGGAACGCTCACAGTGGAAGAGAATATAAAAATAGGCGCTTTCGTTAAAAAAAGCATAGATAAAGACACTCTGGACTGGATATACGCCCTCTTCCCCCGGCTTCTGGAAAGACGCAAACAGCTTGCGGGAACTCTCTCCGGCGGTGAGCAGCAGATGCTCGCCATATCCAGAGCCCTTATGGCGAAGCCTCAGCTCCTCCTTCTGGATGAGCCCTCACTCGGCATAGCGCCTATCCTTGTCAAAATGATCTTCACCGCCATCAAAGAGATTTCAAAAAGCGGCGTTACAGTCCTCCTTGTGGAGCAGAATGCCAAAGCCGCTCTCAAACTCGCTGACAGAGGCTATGTTCTTGATGTGGGCAAGGTGACTATTGCGGGCTCCGCGACAGACCTGCTCAACGACCCCAAGGTTCAGGAAGCGTATCTCGGCAAGAAAAAGTAAAAAACAATTTATTTA
NZ_CP035108.1_gap47	1887651	1892387	4736	ATGAGATATATTCCTCCATTTCCGGAGGCAACAGGAACAAGCATAAGGCACGCGAATATCTGAAAGGCACTGCTGGCGAGCATTACTTTTCTGCGTCCGTATTTTTTCACCGCAAAGCCAGCCGTCAGCGCAGCAGGAACCCCTGCCAGTGGATAAAGCCCTATGGCAGCAGAAATGAAGTTCCATGAATAGCCCTGATCAATCATCAGAGGTTTAATCATCGTCATGGCGCTGAACACCCCTCCGAAAGCAAGGAGCATCACAGGTATAAGCCTTTTTATTCCGCTGATCCTGAAGAAACTCACAATATCCCGGTATGAGGCGGCTCTCACCGGATCCGGTGATTTCTCTTCACCCGAAAAAATCAGAGGGGCAGAAAGCAGCATGGTAACAATAAAAAGCGTAACAAGAGTTGTTCCCCACGATGTGCGGATATAGAGAATCAGAGCCAGACTTGAGCCAAGCACAACACCCAGCATATTTCCGCCCGCCTGAATTCCGTTGCCCACACCTCTTTCCGCAGGTTCGAGCATCTTCACTGCGTAGGCGTCAACCGCTATGTCCTGAGTGGACGCGAAAAAGTATGACAAGGTCATCAGCATGATAACTGTCATAAAATTTTCGTTCAGAGAAAAGAACGCTGAGGCAAGAGTGGCAGAGGCAAAGAGAATCTGCATGACGAAAATCCACTTGCGGTAATGGTTTTTTCCCCTGCCCCACCTGTCCACCACCGGCGACCAAAGGAACTTCAGAGCCCAAGGCATGCTTATCATTCCGGCAAAGCCTATGCTCCGAAGCGAAAAACCCTCATTGCGCATGATTACCGGAAGAGCGTTTGTCGCAAAGTGTCCGGGAATAAGCTGTGCCGTATAGAGGCACGCAAGGGCTAAGAATTTTTTTCTGTTTTCCATTAAAACCTTCCGGCAACCGCTACCCCTATAACCCTTGGTTCGCCTGCTCTGCCGTACCAAACATCATTCACTTCAAAGGCGCGCACAGCGTACTCCTCATCAAGAAGATTTCTGCCGTAGAGGTAAATGTCATAGCGGCTTCCCTGATAACCTATCTTAGCGTTTAACACTCCGTAGCTCTTCTGTTCCTCGGAGTTTGCGGGGTCAAAGTATACTTTGCCGAAGTAGCTGTAATTTGTATTAGCGTAAAACCCGCCGCCGAAGCGGTATGCTGCGCCGAAATTCGCCGTATAAAGCGGTGAGTCGATGACTCTGTTGCCGCTGAAATCCTCATCTCCTTTAGTGTAGTCCTTGTATTCAGCGTAGGTGTAACCTGCGCCGGCGTTTACCACAAGACCGGAAAGAGGCATGGCGGATATTTCCACCTCCGCTCCGGTGCTTTCGGCTTCCGCGGCATTCTCCATATACACGGATGTTCCGCTCGCGTCGGCTATCTCCACCTGCATATCCTTCCAGTCAATATGGAACACAGCGGCGTTGAAATTCAGCCTGCGATCAAGCCATGAAGACTTCAGTCCAAGCTCATAGTTCCATGTATATTCAGGATCAAATGATGAACCCATGTTTTCCTTTTCGTTGAAGCCTCCGCTCCTGAAGCCTCTTGAGATGCTGGCGTAAGTGAGCAGTTCACCCGTGAAGCGGTATTTCACGGAAAGCTTCGGCAGCCATGCGCCGTATGTCTCCTCTTCTGAGCCTGATATACTTCCGTAGCCCATCATAGGAAGAACAGAACCGGAAGGGGTTTGATTATAGCCGAACTCTTTTTTCTCGCTGTCGTATCTCAGTCCCGCGGTAACTTCCAGCCTGCTGCCGAACTCATACCCTGCTTCACCGAACACGGCTATACCGGTTGTTTCCGTCTCGCTGTTCTGCCTCAGGTTTTCTCCCGGAACACCCATGCCCATATTCATGAAGTTCATCCATGTGTTGTATCTGCGCTCATCCTTCTCAGAAAGGAGGAACAGTCCGGCTATCCAGTTCAGTTTCCCGTCCGCGTTATCGGACATCAGTCGAAACTCCTGTGAAAAGGAGTTTATATCTTTCTCAACGTCAATGGAGATCATGTCAATGGGCGTGAAGTCCGTATCATTCATAAACATAGACTCGCTTCTGCTGTAAGCCGTGACGGATACCAGCTTCACATCACCTGCCGAATATTCGCCGCGCAGGGAGAGCATATCGAAATCATTGTATGTTTCGCCGTCTTCGTTTACGTTTATATTTTTACGCATGCTGCCACCGTGTAAAGGAGCAAAGTTGGCATATTTATCACCGTCATAGCGCTGAAACCCGTAACTTAAATCCGCGGAGAACTCATTTCCTGATTTATATCCGAGGCTGAATTTACCGTCCTTTTTCTCTGTTTTGCCAAGGTCATCCTCACCGTTTACGCTTTCAAAGTAACCATCGGTTTCCGCATATCTCGCAGCGGCTTTTATGAACAGTCTGTCACTGACAACGGGTCCGCTGATTGACGCCTTGGTCTCATAAGTATTGAAGCTGCTTATGTCTATGCCCGCTCTGCCTGCCCATGTGTCGGACGGCTGCTTCGTAACTATGTTTATGACCCCTGCCTCGGAGTTTCTGCCGTAAAGCGTCCCCTGCGGTCCTTTGAGAATCTCGATGCGCTCAACATCATAAAAACTCACATCCAGATTGGGATGATAAACGTCATCAACATAAAAGCCGACAGACGGAATCTGATTCATGGAACCGGTAATCCCTCTCATAGTGGCAAATGTTGTGATTGATTCGCCCGTCTGAGTTACATAGAGATTCGGTGTCATGCTCATAACATCCGCAAGAGTGCGCAGCCCGTATTCATCAACCTCTTCCCCGCTTAAGGATGATACGGCAGATGGAACTTCCTTAATATCTCTTCCTCTTTTTTCCGCCGTGACGACCACTGTGTCCAGCTCGTATACATCTGCTGTCGCGTTATCCGCCGCATTTGCGGAAAATGTGAAAGCTGTGAGCATATAGGCGGCAAGTATCGCAAACCCCGTTCTCTTTGGAAGCATAGTCTTCCCTCCGTTTAAAATGACTTAGAGGGCTCAAACTTATCATCAACAGCGTATGAAAAAATAGAATATGAAGTGCTCAATATAGAAAAATCAGGAAATGGTTTTAAAGAATCTTCCGGGGGTAGTTCCGTAAAACTTCACAAACTCCCTGATGAAGTGTGAAGTGTCGCTGAAACCAAGATGGTGGCTTATTTCGGTTATGTTCATTCTGTCTTCCGCGAGCAGAGCCTCCGCATGGCGCATTCTTTCATTACGCAGAATGGAATACGGTGTGGAGTTGAACAGGCTTCTGAAGCCTTTTTTGAGCTTTGTGCTGTTTATGCCCACCCTTTTTGACAACTCATCAAGAGCCGGAGGGCTGTCCATCTCCGCAATCAGGATTTCCCGTGCCTCCCTGATCCGCTCCTCATCGCCGCGGCAGAGTTTCAGCGCCTTAGGCAGCGACAGGCTGTGCTGTACCTCTCTGAGTATGTGAACCATCAGTTCCATACTCTTGCTTTCAAGAAAAAGCCTGTTCAGAGCGCCCTTATATGGACTGTTGATTATCTGATCCAGCACCACGCGCACGGATGGAGACAGCAATGTGCTTATATTAATGGAGGCTGCGTCTTTGCGGAATATGCTCCTGAAAGATTCAGGCACATACTCCTCTTCACCCCCGAAATACTCAAGAAAACGCATGGGGGAAACATACAGATTCAGAATGCGGTAATGCTCACCGGCGAATGTCCGGACAGAGCATCTGCTCAGCGGGTTATAGGTAACAAGGCTTCTGCCTGAGCTTCCGTCAAGAACGGCTGTTTCTCTGCCGCCCCTGATTATGCTTCCGTAACCTTTACCGTTCATGTGAAAAGAAAATTCAAGCGGTGCGGAATCTATCTCGAAATCGGCTGTGGAAGTTTCCTTCGCCACATAGTCCATAAACGAAATCTCAACTCCGCATGAAAGCGACACATGACGGAACATACCTGTGACATTACCGAAGGTGTTAAGAAAATTCCATGATGTATCAATTAATTGAGAGCCGGCATCCTTTGTAAGCATATTTTACCCACTCATTTAATTTAGTTAGATATAACTAAATTAAATTTTCCACCAAGTCAAGCGGGAATGAGCCAACCGGAAATGATTCTGCGGCAAGACAGGCAAACAAAGGATAATTCCGAAAACTGTACAGAACTTAAAGTACCGCATAATTTTGCAGCCAATAAAAAAAGCCAATCATTAAGTGATTGGCTTTTAAGAAACTTTAAATCGGGATGACAGGATTTGAACCTGCGACCACACCCACCCCAAGGGTGTACGCTACCAAGCTGCGCTACATCCCGCTGCTCTTTCCTGTTGGGGAATCCGTTTATATCAAAGGGACTAATGCAAGTCAAGTGCTTTTTTTATCAAAATCTTACACTATGACAAAACACAGCTTTTTAACCTGCATCAGTATAACTCGCTTCCCTGTCATCTCTTCATATAGTGCGTAAAGCTCACCTGCTCCACAAGCGAGCGGGGCATATTGTAAAGGCTGCATACACAGTTAGCGTTTATGGTGTCTTCCGAAGGGCCGTCACCCATCACCTCTCCGTTTTTGATCAGGAGCGAGCGACCGCCGAGAAATACGGCATGCTCAGGGTGATGGGTAGTGAGGATAACGGTAAGTCCTTCCTGAGAAAGCTCCTTAATAACCTGAAGCAGCAGAAACTGGTTTCCGTAGTCCAACCCTGACACAGGCTCATCCATTATG
NZ_CP035108.1_gap48	1898229	1901428	3199	AGCCCCCGGAATGTCCACTCCGACTGGACACGGCATACAGTAGCCGCAGCCCGTGCAGCCGACCTTCATCAGCTCCTTATACTTCTTACCGACACGGTTTACGATACTAAGTTCCTTTTCTGTAAGCGAATCCGGAAACGAATCGCACGCAGAGGCTATGTTCCGCTCAATATGCGTTTCTTCGTTCATGCCTGAGATTATCACCTTAACCTCGGGATGGTTCCATATCCAGCGGAGTGACCAGTCCACATGGCTGCGTTTAGTTTCTGCCTCGTCCCATATATGCTGAATCTCAGCAGGGGGAGTATTCGCAAGATAGCCACCCCTGAGAGGTTCCATAGCAATGAGCCCAAGTCCTTTTGAGGCGGCGTATTTCAGTCCTGCCGTTCCCGCCTGATACTCCTGATCCAGAAAGTTGTACTGTATCATGCAGAAGTCCCAGTTATAAGCATCAACTATCGGAGCAAAATCCGCTCCCTGCCCGTGAAAGGAGAAACCTGCGTTCACTATCCGCCCGTCTTTTTTCGCCTGATCCAGAAATTCTGTGACGCCGAGTTCCCTGACCGTCTTCCACAGTGCGCCGTTAAGGGTGTGAACAAGGTAATAGTCTATTTTATCAGTGCCAAGCTTCTCAAGCTGGGCGTTGAGGTACTTGTCCATGTCCGCCCTGCTTTCCAGCAGCCATGAGGGGAGCTTGGTCGCAAGCCTCACCTTTTCACGGTAGCCGTCCCTGAGAGCCTTCCCTAAAACGATCTCGCTCTCGCCGCCGTGGTAAGGCCATGCGGTGTCCACATAGTTTACACCATTGTCTATAGCATAACGTATCTGGCTGATTGCTCTTTCCTCATCGATTCTGCCGTTCTTCATCGGCAGACGCATACAGCCGAATCCGAGAGCGGAAAGCTCATCGCCTGTCTTCGGCATTTTCCTGTACTGCATAAAACACCTTCTGTTTTTAACTGAATTGTACCTGCGCATTCAGCGCAGCGTTCTTTAAGCTTCTGACTAATTTTAATAAATATAAAAATGATTGCAATGTCCGTTTCTGCCTTAGTATTGCCTGTTCCTGCATCTGACTGCCGATTAAAACAGAATCAGCCCGTGTTTTTGCTTGTGTGCGAAACAGATTAAGACTAAAATTGTTTTATTCACCCGTTCAAGGCAACATTTGTTTTCTATCCGTCCTTTTTTGTGTATAATGCTTTATGTTGTTTCAGTAAAAAAGAAAATATAATCAGAAACAACTATAAAAGCTGTTCTTTTACGCACTGAGGGCAAAAAATGGTCAGAAATCTGCTCATACGAGTTTCAGATTTAAAACCGGGCATGATCGTTACTAAAACTGATAAGGAAGGGATCTACTTCCCGTATTACGGAACACCCATAGAAAATGACGAACCCATAAAGCTCCTTATAGAATCCGGCGTTGAAAGGGTTTTCATCCGCGTTGAAGTGAACGATATACCCGCCGAAAAAAGATCGGAACGGGAAAATGTAATTATTACAGAGCTTAAGAAGCAGACTGATCCCGATGCTGATTTCAGTATTATCAAAGAATTCGCCCCGACTATAGATGAAGTTGTAAAAGCGGAAGCCATACATAAAAGAACTAAGGAAGTCACAAAAAAGGTACTCACCGATGTGCGCATGGGCAAGACACTTGATGCCGAAGCCACTAAAGATGTTGTCAACGAGCTTGTGATGACATGCCTGAACAGCCCGAATGTTTTTCCGAATATGACAAGGCTCAAGGACTTTGACGACTACACCTTTACCCACTCCCTGAACGTCAGCATAATAAGTATAGCCATAGGGCGCAGGCTGGGCAAATCCCCATCTGAGCTTAACCTTATCGGTATGGCGGGGATTATGCACGACCTCGGCAAGATGAAGATCCCCGAGAAAATACTGAACAAGCCGGACAAGCTCACGGATGAGGAATTCCGCATAATGAAGCAGCATCCGGTACGGGGTTACGATCTGCTGAAATATTATACCAAACTGCCTGAGGATGTGCTGCTCTCCGTGCTCCAGCACCACGAAAAGGCAGACGGCTCCGGCTATCCGGGCGGAATAAACGAGAAGCAGATCAACCCTATGGCAAAAATAATCGCTATAGCAGATGTTTATGACGCTGTAACAAGCGACAGGGTCTACCATCAGGGAAAATCCCCCGCTGAGGCTCTTAAACTCATATTTGAAGGCTCCGGCAGGCACTTCAACGAGACACTGGTCAAATTCTTCATTAACATAATGGGGATATACCCTGTCGGTACTCTGACGATGCTTGATACTCACGAAATGGCGGTGGTATTCGACAGCAGACAGGAAGATATACTCAAGCCTGTGGTCATTGTCATAAGCAATGAAAAAGGAACGCGGATTGCCCCTTATCTGCTGGATCTGAAAAACCAGAACGGAGGCGCAGGTCAGAAAAAGATTATTTCATCAATCAAAAGCGACAGCTACGGTGTGGATACGAACGGAATAATTGAAGCCTTCGTAAAAGAGCACAAGCTTGCCCACCCCATGAACAGATAAGAGCGGGCACGAACAATAAAGCGATTATTTACAGCAGTCACTCTTCCTCTCGAAGCAGAGTTTTTTATCCCTGAATTTTTCAAAGAGAATCCTTTTCGCCACATAAACAGGAACCTTGGAAAGCAGAGCAAAACGCACAGCGTCCGACGGTCTGGCGTCCACTGCCCTTTCCTCACCGTTTACTATTATATAAACCTTTGATGTGAAAACCCCGTCCTCATAACCGTCTATCACCACCCTCTCAGGGAATGCGTTATCCAGTGAGGAAATAATACCCGCGGTTATTCCGAATATACCCAGATCATCCGTATTTTTTCCGCACAGAAATGAGTGAATCGTATTGGCGCTCTCCTCACCCACGGGAATGGGAAGAACCTCAAGCCCTGAAACTGATTCAAGCAGGATCATACATCTGCCTGTAAGCGGTTCCCTCATGACACATTTTAAGCCGACCTCTATCATTTAGTCCTCCGCTGCCTCTCCGAAAAAGCTGTTTGGTTTTGCCTCATGTATTATAACATCAGTTATATCACCGACTGATAAAACTTTTCTGCTTGTAAAATTTACCACTCTGTTCTGTCTGTTTCTGCCTGTGTATACTCCGCCGTCTCGTTTACTGAACCCTTCGGTCATTACTTCTGCCATTTTTCCTTTGTAG
NZ_CP035108.1_gap49	1911481	1913078	1597	GAAGACCTTTTGCTATGTGACCGTAGATTACAAAATCCGCCCTGTGCCCTTTCAGTATGGCGTACAATCCCTGAAAATAGTCCACAAGCCTGTCCGTGGGAACTGCGGCGTCCTCTATGAGAGCAAGGATCTTCTTGCGCCCTTTGAGCTTGTAAAGTATCGGAACCGCCGCCTTGCGCACAGCCCAGAACTTAGCCGCTTCCTCTTCGGACGCGGCGACGGAAGCTGACGTGGAGAGATCCTGAATATCCGCCATTGCCTGCTCGGCAAATCTGCGCACCTCATCTTTGTCGTAACCGTCATACTCGATCATAAGCACGTTGTCCACGCCCTCGGGTATGGCTTCCTTAAGCTTTGCGTCCGATTCTCTGGCAAGATTAAGGAGCGACTTGTCCATGATCTCAATTCCGGAAGGAGCAGAAGGCAGAACCCTCTGCACAGCCTGAGCGGATTTGACAATGTCGTCAAAATAGGCGACCACGAGACTGTCAAAAGAAGGCTTCTCGTGGAGACGGAAAGTAAGCTCGGTCACTATGGCGAGCGTTCCTTCTGAACCGCCGAGAAGGTTTCCAATCTTAAGCCTGCCGTCCCGCACAAGCCCCCTGAGGTTGTAGCCGGAGACATTGCAGCGGATTGCGGGGTAAGCGCTGTTTATTTTTTCTTCATTATCTTCATAGAGTCTGTACAGCTTTTTAAATTTCGGAGGAAGATTATCGTACGTGGCGGCTTCAAGGTTTTTTATGGTGGTTTCGCTTCCGTCAGTCAGAATCAGCTTCGCATCTTCGATATAGTCGGACACATTGCCGTATTTCACGGAGTGAGCGCCGCTGGCGTTTGTTCCGTACATGCCGCCGAAGCTGGCGTATTCACCGCTGGATGGATCAGGCGGGAAGAAAAGCCCCTTGCCCTTAAGCTCAACCTCAAGCTCCCCGAAGCGGTAGCCGGGCTGACAGGTGAAGGTTTTCCCCTTCTCATCAAGCTCGATAAGGGTGTTCATATACTTGGAGAAGTCGAGTATAAGACCTTTTCCCACGGCAGAACCGCAAAGACCGCTTCCCGAGCCTCTGGTATGGATCGAGAGTCCGTAGCGGGAAGAGAACTTCACCACTGTCTTAATGTCGTCTTTATCGAGAGGATATACCACGCACGCCGGCTCCACCCTGAAAATGCTGCCGTCCGTTGAGTGCATATATCTTCTTATTTTATCGGTGTAAACATCACCCTTAATATTTTCCGAAAGCTCTTCAAAAATATTTTTGGTCAGCTGAGGCATTGTTTCTCCTGTTTTTTATGGGTTCTGTAACCTATAATAATAGATCATCTCCCGAAAATATAAAGACATAATTTGCCTTAACTACAGTTAAGTATTGCGATCAGGGATGTTTCAGGATTATCTTCTGCCTATGAAAAAAACAGTTATCGGAATCACAATCGGCGATCCCGCCGGAATCGGCGCTGAGATAGCCGCCAAATATGCCCTGAACCAGCCGGAGAATGTGAAAACAGTCTTCATCGGCTTCCGTTTTATCATGGAGGACGCTTTCAGGAACATCCTCAAGGCAGATATGCCTGAAATAGAAATCATTGAGCCTGACGA
NZ_CP035108.1_gap50	1961406	1966122	4716	TCGCCCCGTTCTGCAACGCAAGGTCGGTGAAGCCGCCTGTGGATGAGCCAATATCAAGAACAATTTTACCCCTGAAATCAAGTCCGAACGCATTGACCGCCTTTTCAAGCTTCAGCCCGCCGCGGCTGACGTACGGAAGAGTTTCCTTCAGCCGCAGAACGGCTTCACGGCTTACCATCTGCCCGGGTTTGTCAATCCTGTGGTCGTCTGCGACTGCGAGCCCCGCCATTATCAGGCGTTTAGCATGCTCCTGAGATTCCGCCAGTCCATACTCCACCAGAAGCAGATCGAGGCGTTCTTTTTTCATAATCCGCCGAAAACGGATTTCACTTTCTCAAACATCTGCTCCGCAGTTAAGCCGCAGATCTGCCTGAGCTCCTTCACGGAGCCGTGTTCTATGAAGTTATCCGGTATACCGAAACGCACTACTCTCGCTCTGCTGCCGCCGTCCATGAGGATAGACTGAACCTCTTCCCCGGCTCCGCCTTTTACCGCGCCCTCTTCCACTGTGACGACAAGCTTCTTGGAGCCTATAGCCCCGCAAAGATATTCCTGATCGAGAGGCTTAAGAAACCGCAGATTCACGAGAGCGACCTGTCCGTATTCTTCTTTGAGCTTTTTCCAGAGCTTGAATGACTCCTCAAAAATATGCCCTGCGGAGACAACGGCTATATCACCTTCCGCTTCGATGACCTCCGGTCTGCCGTATTCCACTGATGAGACAGGCAGTCCGGAATAATGATGCGCCTCCCCCCTTGCGTATCTCACGGCGGAGGGACCCTTGAGCGCCATGGTCATTTTCAGCATTGTTTCCAGCTCGTATGCGTCCTTGGGGAGCATGATCGAAATATTCGGTATCATGCGGAAATAGGCTATATCAAAAACACCGTGGTGAGTGGGACCGTCCGCCCCCACAAGCCCGCCCCTGTCAACACAGAAGACGACGGGAAGATTCTGTATGGCAACATCATGTATTATCTGGTCGAAAGCGCGCTGAAAAAAGGTGGAATATATAGCGACGTACGGACGTATTCCGCTGATGGCAAGTCCTGCGGCAAATGTAACCGCATGCTGTTCGGCTATGCCCACGTCAAAGAATCTGTCAGGATATTTCTTCTCAAACTCACAGAGCCCCGTACCGTCTTTCATGGCGGCGCTGACCGCTGCTATCTCTCTGTTTTTCTCGCCCATCTCGGCAAGAACCTTGCCGAAGACGTCAGTATATGATTCCGCGCTGCCCAGCTTGGCAGAACAGCCCGTGTTTACGTCAAATGATGAAACACCGTGGAACCGCGAAGGGTCCTTTTCGGCATAACCGTACCCTTGTCCTTTCTTGGTGGATACATGGATGATCACCGGTCCGTCCTGAAGCATGGCGTTCTGAAAAGCCTTGTCCAGTTCGGCTACCCTGTGCCCGTTCACCGGACCGATATAGCGCAGCCCGAGCTCCTCGAAGAGAATACCCGGGGTAAAGAGACCGACTATCCCCTCCTCCATCTTCTTGGCAATCTTGAGGAGTCTGGGACCCAAGGGGCGCTTTTCCAGCAGATTCTGAACATCCTTCCTGAAACGGGTGTACATCTTGCCGGTCATAAGGTTTGAAAGGTAATGGGAGAAAGCGCCGACATTGCTGCTGATGGACATTTCATTATCATTCAGAACAACGATCATCCGCTTGTCCAGATGCCCGAGATTGTTGAGCGCCTCAAATGCCATCCCCGCGGTCATGGCTCCGTCGCCTATTACGGCTACGACTTTTCTGTCCCGTCCGAGAATGGAATCAGCAACGGTCATGCCCAGCCCCGCTGAGATGGAGGTGCTTGTATGTCCCACGCCGAAGGCGTCAAAGGAGCTTTCCGAAGGTTTGATGAAGCCTGATATTCCCTTGAACGTGCGCAGTGTGTGGAACCTGTCCTTCCTGTCGGTGAGGATCTTATATGCGTAGGACTGATGTCCCACGTCCCACACTATGCGGTCGTACAAGGGTGTAAAATTTCGCAGGAGACTGATTGTGAGCTCCACAACACCGAGGCTCGGAGCCAGATGCCCGCCGTTTTTTGAAACAGTATCGATTATTATCTCCCTTGTTTCGGCGGCGAGTATTTCCGTCTGCTGGTAATCCAGCTTCTTTATATCATCGGGAAGCTTCAGTTTTTCGATCGTTCCCATCTAATTCTTACGCTCCAGCACATACTTGGCTATCTCGATACAGGGTCTTGCCGCCTTGCCGTACGGCTCGACTATGGCTATCGCCTCTGCGGTGAGCTCGGAGGCAATCCTCATAGACCTCTCAACCCCGTAAAGGGCTGTGTATGTCGCTTTGCCCTCCGCCGCGTCCTTGCCTATGCTCTTACCCAGTTCCTCCGCTGTGGAGGTAACGTCAAGCACGTCATCCACCACCTGAAAGGCGAGACCTATCTTTCTGCCGTAGGACTTCATGTTCGCTTTATCTATCTCTTCCCCGTAGCCGAGAACAGCGCCAAGTTCGGCGCAGTAGGCTATGAGGCTTGCTGTCTTGTGCATATGGATATAGTCCACGGTTTCGACTTCCGGATCGGTTTTCTCCGCCTGCATATCGGCGAACTGACCGCCCACCATGCCCTTATCCCCTGCGGCGACTGCCAGCTTGAACGCCGCCTCCGCCATGAGCGGGGCTTCTATATCGGGGTTGATCTCTTTATTCAGCATTATCTCAAAAGCCTTGGTAAGCAGAGCGTCTCCGGCGAGAATCGCTGTCGCCTCACCGAAAACCTTATGGTTTGTGGGTTTGCCCCTGCGGAAATCATCATTGTCCATGGCGGGGAGATCGTCATGAATCAGGGAATATGTATGCAGAATCTCCACTGCGGCGGCATAGGGGGTGACCTTGTCGAAATAATTGTCAAATATGCCGAAGGATGAAAAGATAACCGCGGGGCGCATACGCTTTCCCCCTGCGCCGAGGCTGTAGTTCATGGATTTCACAAGTCCGGAGGCATGAATATCCGCAGAGACTATATAGCTTTCAAAAAATTTCTCAACACGCTCCGCCCAGAAGCCCACATAGCCTTTCAGATTGAAATCATTCATCGGCAGGCTCCGTGCGTACGTTCCCTTCGCTGTCCGCGCTGAGAACTTTATTAACCTTTATCTCTATTTCATCAAGCATTTTGCGTGATTCTCTGCCGAGCTGCATCCCTTCCTGAAAAAGCGCGAGGGTAGTTTCTATATCAAGCTCCGAGTTCTCAAGCTTTTCCACTATTTCCTCAAGCCTTTTCAGCTTGGTTTCAAAAGCGCCTGTCTCTTTCATCTCAGTTCACACAGCACTTTCTCAGCGTGCCCCTTCGCCTTGACGTTCTTAAAAACCTTCAGCACTGTTCCGTCCGTGTCAATAACGAAGGTGGAACGGATTATACCTGTGTATGTTACACCGTAGTTTTTCTTTTCACCATATGCGCCGAAAGCTGCCGCGCATATTTTATCGGGATCGGAGAGAAGCAGAATGTCAAGATTCTGTTTTTCCTTAAACTTTTTATGACTGGCAGCACTGTCCGGGCTCACGCCGATGATTTTGCAGCCTTCTTCGGCGTATTCCTTCACAAGCGCTGTGAACTCACGAGCTTCCGTGGTGCATCCGGGAGTGTTATCCTTTGGGTAAAAATAGAGAATCAGCTTTTTTCCGCTGAAATCGGAGAGAGAATAAACCTTGCCGTCATCCCCTTCCAGAGAAAAATCAGGGGCGGGGTCGCCCGTTTTGAGTTCAGCCATTGTCATCACCTTTTTCCCTTGCCGTTTTGGCGTAAAGCTGCCCGCAGGCTCCGTCAATGTCGCTTCCGAGGCTCTTTCTGATAAAAGTACCAATCCTCTCTTGTATCAGATAATTTTGAAATTTTAAAGTTTCTTTTTCCCCGGAGCTTCTGTACTGCCCGTCCTTAGAGGAGTTGTAGGCGATAAGGTTGACCTTGACGTGCATCCCTTTGATCAGCTTGGCGAAGGCTTTGGCGTCCGCTTCGGAGTCGTTTATCCCTTTCAGGAGAACATACTCTATCATTATCATCTTATGCTTGCTGACAGGAAGCGACTTCACCACACGCACCAACTCATCCAGAGGATATTTTCTGGAGATCGGCATTATCTTTTCCCGCTGCGCCTGTGTGGCTGCGTTTATGGAAACGGCGAGGTTAACCGGCTTTTCAAGCTCAAAAAGCTTGGGCAGTTTGTCCGTAAGCCCCGATGTGGAGACCGTGATTCTGCGGTATGAGAAGCCGTAGCCGTTGTCATCCAATAAAACGGTGATGGACGGCAGGAGGTTTTCGAGATTATCCAGAGGCTCGCCCATGCCCATGAAAACAAGATTGGTGAGCCTGCGCCCCTCCGCTCTGAGCATGTTGTCCATGGTGCGCACCTGAAGGAGAATCTCCCCCACGGTGAGGTTGCGGACAAAACCCATCTTAGCCGTGGAACAGAAGACACAGCCCATTCGGCATCCCACCTGAGTGGATATGCAGCCTGTGGCGCGGTCAAAGTCCCTGAGGGTCACTGCCTCTATCATGTTTCCGTCAGCGAGACGGAAAAGCAGCTTCATGGAGTCGTCCTGCATGGAGCGCTGATTCTTTATCACCTCAAACGGCGTAAACCCGCATTCTGCCGTGAGCTTCTCACGGAGCTTCTTGGAGAGGTTCGTCATCTGTTCAAAATCGAGCACACGTTTATTGTGCATCCAGTCGAAAATCTGAT
NZ_CP035108.1_gap51	2009727	2012625	2898	ACACTGACAATATCACCGGTTTTAAGCCCGCTTTGCCTGTAAGCACCGCATATTCCTGCGAGAAGCGCCTGCTCAGGACGGATTTCGGAAAAAATAAGCGCAGATGAAAAAGCGGCGTTGGTTTTCGTGACTCCGGTAATGAATACCCGCATACCCTTCCACTCGCCGTTGAGAATGCCGTATTTCCATTCGTTGAGAGTGATTTTGCCCAGCGAGCCGTACAGTTCGTTCACAGTGGGAAACAGGAGTATCATTTAAAATTCCTCATAAAAGTCGGGGTACTTATCCAGCATACCCCGAGAATGCAGAAATTTCTCCGCTTCATCAACTCTTGCCAGAAGTTTTTCCTTATCCCTCGGCAGAACACCCTCAAGAGGAACAAAGTTTGAAACGTGATTTGAACGGAAAATCATGCTGCCTTCATTTATCCCCGTCAGGAATCTTCTGATCTCATCCGTAAGATCTCCGACACGCGGTTTTTCGATGCTGTCGAAATAGTCCCGCCTGCGTCTGAGGAAAAGCGTAAGAAGAGACACATACTTAGGCTTTGCAGCGTTGAGCCATGCAGTTGTGTCCTCCATGTGTGCACAGCTGAGCTTCCGCCCGCCGCCGCCCAGAATAACCATGACCGAAAAATCGATCCCCTGCTCTTTAACCAGTTGAACCTTCGGAAGAAGTTTGTCCGCCTTCATCCCTTTGTTCATCAATTCGAGCACCTCATTATTTCCGCTTTCAAGCCCGAAATACAGCAGCCTCAATCCCTTTTCCCTGAGAAGCTTCCAGTCACCGGCGCTCTTCTTCATAAGCGCCTGAGGACCGGCGTAGCTGCTTATTCTTCGTATTGCGGGAAACTTTGCTGTCAGAGCGTCCAGAATCACAGCCAGTTCAGCGGTCGGGTAAATAACGCCGTCACCGTCCGCAAGGAAAACCCTGTGGACATGCTTTGCGTAAGGCTCGGGGATGCCGTTTATTTCGACGAGAACATCGTCCAACGGTTTAATACGGAATGGTTTATCGATGTACATGCCGCAGAAAGCGCATTTATTGTATGAGCAACCTTCTGTTATCTGAAATATAAGCGAATCCGCCTCGCTGGGCGGTCTGTAAAGCGGCTCGGTATGATGCGGCATGCCCATTAAAACAGCCTCTTGAGAACCTCTTCTGTTGCACCGGAGCGGTTCAGAGTATAAAAATGAACACCCCTGACGCCGTTTTTCCATAGATCCGCACACTGCTCCACAGCATAATCCACGCCGAGAGAGAACATGTCCTCTTCGCTCCTGCCTTCCATGGCGCTGATGATCGAGACGGGAACCTCAACGCCGCACATCTGGGTGAAGCGGATGACCTGAGATATATTCGTGATAGGCATCACACCTGCTATAATCGGAATGGTAATGCCCGCCTTTTCGCACTTTTCAATGAACCTGTAGAAGTAGTCATTCACAAAAAACAACTGCGTAATGGCAAAATCCGCACCAAGTTCCTGTTTAAGCTTAAGGTGTTCCAGTTCTTTGTCTATATTTTTTGTCTGCACGTGCCCTTCGGGGTAACAAGCGACGCCAACGCTGTAATCTCCGCTCTTTTTCAGAAAATTCACCAGATCAGATGCGTATTCAAACTCCTTACTTATCTCATCCGTGTTCATTTCCAGCGGGACATCCCCCCTGAGAGCGAGAATATTCTTTACGCCAATAGAATCAAGCTCCGAGGTTACAGACTTGATCACCTCGCAGGTCGCCGCAACGCACGTAAGGTGCATCATTACCTCAAGACCGTAATCCACACGGGTTCTGCGTATCCATTCCACAGTTTTTTCAGTGGTGCTGCCGCCCGCACCGTAGGTAACGGAGACAAAGTCGGGGCTGTATTTTTTTAACTGAGAAATTGTATCAAAAAGGACGGATTCCGCTTCCTCTTTTTTAGGGGGAAAAAATTCAAAAGATATTGTGCGTTTTGAATTTATTATATCAATAATTTTCATGTGGACATCTCCGGATGTTTAATGAAAAATAACCGCAGAATGCGTTGACTGCAAGAAATATTTATGAAATAGTCATTACAGATGAAGCTTATCTCAATATATAAAAAAATCCTGCTGGCGTTTATCATTTATGTTCTTCTTTTAAATACATGCACATTCCTGAGCACATTTAATCCGAAAGCACTCTTAAATCCTTTTCATATAAAGATAAGAACGGTCAGCGTATACTACCTAGTACGTCATGTCGTGCTTGTTTCCGGCGTGGCGTTCAGGGAAACGCCGAAAGAAATCATCAACAAGAAAGCAGAGCTCTATTCCGAAAAATACGGTATTGATCCGGACCTTGTTAAAATAGTGATCGATGTGGAATCCGAATACAATAAATTTGCCATATCCAGAACAGGCGCCATGGGACTTATGCAGCTTATGCCCATCACCTTCGGCGATATGGGCGGGCAGGATCCTTTCGACATAGACACAAACCTTGAGGCGGGGATAAAATATCTCTCAATTCAGCTTAAAAGGTTCAATAATACTGAACTGGCTCTCTCCGCTTACAACGCGGGACCTTACACTGTCTCCTCCAGAGGGAACCGTGTGCCTGATTTCGGGGAGACACAGCGGTATGTCAAAAAAATCATGTACCGCTACAGTCAGGTCGCAGGGCAGGACTAAACCAGCTTTTTCACCACGTAATCCGCATCCGCCTCGAAGGGGGTGGACTTCATATTCGGCTTGCTCAGAGCGTACGCCGCCATCACAGGCTTTTCATCCATAGTCAGAACGCTGCTCAGAGGTTCCGCTCCAAGTCTTTCCAGCCAAAGGTTTATATCAAATCTGTGTTTCTCAAACAGAGAAGGAATAACATTGAACTTCTGTACCCCTTTCTCTCTGAGCATTTCCATAAAGCATGG
NZ_CP035108.1_gap52	2027072	2031525	4453	CACTATTAATCATCAGTTTATTTATTAATATGTTTCCTTTGCGCGCAAAACAAATAACTTCTTTTTAAAAAGAAACACCTTGAATTATATATTAAAAGCAATTTTCACAGACACTGTGCTCAAAAGCTTTTCTGAATGATTTTGTTCATTATGAATTACAGTGCGTTTCGCTGATGAAACAAGACAGACTGTTTTTATAAATAAAAAAAATTGGTGTTGCGCAGCAGAGAACTCTGATCTACTTTTATTAATTACACTTTGGCAGGTGCCGGTTGGAGCTGATGTTAATTCTGACGGCGGGATCACTTGTATTGGCATTTATCATAAATGCCTTCGGCAGGTTTGAGAAACGCACACTTTTCATGTCGCTCCTTGTGGCTTTTGCGGCAGGTTCCGCGGCCTATCACCCTGCGGCGTGGATGAACACCCTCTTTCTCGATACTCTGGGAATAGAAATGAACGCCGTGAACCTGCCCAGACCTTCAACGGCTGCCTACTCCGCCTTTGTCGGCATAAATGAGGAGTTCCTCAAGTGTCTCATTACATACCTGATAATAAAAGACTCAAATAATTACCAAACCCCGCTGCAGGGCTATGTATACGCCGCTTCGGCGGGGCTCGGCTTTGCCGTGCTGGAAAACATATACTACCTCGGCGGGCTGAACATACAGATGCTGCTGATGCGGCTTTTTATATCCACCCCGCTGCACATAGTCCTTGCGCTGATATGGGCTGCCGGAATAAATTCTGCAAAATTCCGCGGATGCGGTTTTCTCAAATGTACCGCAGCGTATGTGTTCGTTTCCGCAGCCCTGCACGGAACATACAACTATCAGGCGATATACGCCCGCACAATGGGTGAAAGCGCTGTGAAGACACTGACCGTCCTCGCCGTCACAACGGTTACTGCGTTCTTCTTCATAAGGCATCATAAAAACAGATAAAGGCTATTATTACCCTTTTACTCAGTGATAGTTTATGATAATTTACTAAACAATATGTTTTGAGCGATTGTTAAGGCTGTGGATGTATGTGCGTGAACAACTCCGATGGACAGAAAAAAACTGAGAGCATTGATTTCGCCTCTCTCTCCGAGGAGGAGAGCTGTTTTCTGTTCAGGTCTGTTTTTGAGCAGAGCTCTGATGCCGTTATCATCACTGACCCCAAAAACAACATAACTTTCTTCAACCCCGCCGCCGTGCGCATGTTCGGAATGGACGCCGAGCAGCTCTCCAGACAGAATATCAACTCACTCGCCTTCGGACGCAGAATCATTCTGCCGGACGAGCTTAAAAAACTCTCGAAGGGTGAATATCCCGAAGGTCTCAGAGCGGAAAACCTCTTCATGACTAAAAACGGCTTCTTCTGGGGGCATACTGCAATATCCGTCATTACGGGAAACGGACGGGGAAAACAGCGTATTCTCTTTGTAATAAGAGATATAACCACTGAGAAGAACCTCCGTGAGGAGCTTTTCACCAGCAGAGAGCAGCTCCAGAACATGCTGGATTTTGTGAACAGCATGGTTGTGGTCACAAACGGCACTGAGATGCGCAACTGCAATAAAAACCTCCTGAACTTCTTCGGGTATGAATCCCTCCCCGATTTCAAAGAAAATAACGGCTGCGTATGCGACATGTTCGTTCCTATGAACGGCTATCTCACGGAGAGCAGACGCGGGCACTGGCTTAAAAAGGTTCTGCGCAACAAGGCATCCTCCGGAGATACAAAGGTTGCCATAAAGGATCCCAAAACAGGCTCTGTACGCTTCTTTTTAGTGGATATTCAGCCGTTTCCCGGGGAAAAATATTACTATATAGTCTCCTTCACTGACATCACCGAGCTTGAAAACCAGAAAAAGCTTTTGGAAGACACGAATATCTCCCTCGAAGAGAAAATAAACCGCCGCAGCAGAGAGCTTTTTGAAAGCTACCGCAAGCTGGCGGCAAATGAGGAGATGCTTTCCGTAATATTCAATATGGCGAGCATAGGCATAGCCATGGTAGACGACAAAGGGCGATACGTGCGGGTAAACGGGCGCTTCTGTGAGATGTACAGGCTGAAGGAATTCAACATAATAAACTCTGCGTTTGAAACCGTGCTCCACGAAACCCTGCGGGAGGATATGCGGAGACTGTTCATGAAATACCGTGACGGGCACTTAAAACGCATCGCCTCCGAGTGGAAAATAAGGCGTGTTGATGATACGGTTATGGACATGCTTATGACCACCAAGTGGGTAACCATGTACGACGGCAAGCGTTATCTTATCTCCACTCACCTTGATATAACCGATAAAAACAAGCTCCAGCAGAAGCAGAGAGAACAGGAGCGGATGCTTGTCCAGCAGTCCAAAATGGCAGCCATGGGCGAGATGATAGGCGCCATAGCCCACCAGTGGAAACAGCCGCTGAACGCCATAGCCCTCATAGCGCAGTGCTTTAAGGACGATTATGACTATAAGGAGCTCACCCTTGATGCGGTGAATGAGCACGTAAGCGGAATCCTCAAGCAGGTAAACTTCATGGCGGCGACCATTGATGATTTCAGAAACTTCTTCAAGCCCGCCAGAACGATGCAGGAATTCAAAATTTCATCCGCAGTGGCGGATATTGTCAATCTCATGCTGCCCCAGCTCAAGGTCAACTACATAGCTGTGTATGTGGACGACACAGGAACGGAGAAATGCGGCTCGGAAGTTTACGGTTATCCCAATGAATTCAAGCAGGTGATCCTGAACCTGATAGCAAACTCTAAAGACGCCATAGCGGAGAGACGAAGCCGTAAAACGCTTAAAAACTCGGAAGCAGGCATAATAAACATAAAAATAGAGTCAAACGAACAGCAGGTAAAAATCACCTTCGCAGACAACGGAGGAGGCATACCGGACGAAGCCATGAGCAGGCTTTTTGAGCCTTATTTCACCACCAAGGGCTCAGGTTCGGGCATAGGTCTTTATATGTGCAGAACAATTATTGAAGGGAAAATGAAGGGAAAAATCAGCGCTAGAAATACCGGCGACGGCGCGGCGTTCACCATTGTGCTGGAAAAATTTATTGAGGGGAGCAGCGAATGAAGAACCTGAAAGACATCAGGCTTCTTTTCGTGGAGGACGAGCTGCTGATGCAGAAGTCCATCGAAAAGATACTGGCAAAGCATGTTACTGAATTCAGGCTTGCGGTTAACGGGGAAGAGGGTCTGAAGATGCACGGAGAGATGAAGCCCGACATCATAGTCACAGATCTCGACATGCCTGTGATGAACGGAATCCAGATGATTTCGGCGATCAGAAAGACAGATACCGAAACGCCGATAATAATCATCACCGCATTTGAGGATCAGGCAGAAGTGGCTAAGGGAGCCGATTTCTCTCTTATTAAGCCTATCCTGAAGAAAAAGCTTTTTGAGCTTCTGGAACTCTGTGTGGAAAAGCTGAACTAAAACCGGTCAGCTTTTACCGCAGTCTCCATGCCCGTTCTCACATTCACCCTTATCGGTATGCCCGCCGGAGGAGGCGCAGCAGTCTGCGCCCTTTCCGCACCCGCATGAGGCGTTTTTCCTCTTCGCGCTAAGCACGGTGAGGAAAAACACCGCAAAGGCTATGAAAGCCGCCACAAGGGCGGCCGCAAACATTTTCATTCTCAATTACCCGCCGAAATCGTCGAAGTATATGTTCTCCGGCTCGACACCGAGTCTGTCCAGCAGATCAAGCACGGCATCTATCATCACAGGAGGTCCGCAGAGATAATATTCGCAGTCCTCAGGCGCCGGATGGTTTCTCAGATAAGCGTCATAGGCTATGCAGTGCACAAAGCCCTTGTATCCTGTCCAGTTGTCCTCTGGCAGGGGCTCACTCATCACCACGTGCCAGCTGAAATTCTCGAACTCCTTCTCAAGCTGCTTGAAGTCCTCATCGTAAAACAGCTCGGCAACGCTTCTGGCCCCGTACCAGTATGAAATTTTGCGTTTCGTTCCCTTTCTCTTAAGCTCGTCAAATACAATGGAGCGCAATGGAGCCATGCCCGCGCCGCCGCCGAGAAATATCATCTCAGTGTCATTATCCGTGGCGTGGAACTCACCGAAGGGTCCCGTTATCGTGATCTTATCGCCGGGCTTTCTCGTATGGAGGTAAGTTGAACCTTTTCCGGGGGGGATGCCCACAGTCTTCGGAGGCGGAGTGGCTATGCGTACATTGAGTTTGATAACACCCTTCTCGTCAGGATAATTCGCCATGGAATAAGCACGCACCACTGGCTCGTCAACCTTGGAGCTGTACTGATAGATACCGAACTTCTCCCAAGCGGCGTGGTATTTTTCGCCCACGTCTATCTGGATGAAGTCCGCTTCATAGGGAGGAACCATAACCTGAATATACCCGCCCGCGCGGAAGTTCACATCCTCACCTTCGGGAAGCTTGAGAACTATCTCCTTTATAAAGGTGGCAACATTTCTG
NZ_CP035108.1_gap53	2038108	2038657	549	GAGTCAGAAATACGGGGTCATCGGTTCCTGTGATATAATAGTTTCCTGCGCCGATCATTTCCTCTCTGTTGTTTATGACTCCCGCGTAAGATTTATTCAGAAACAGCGCACTCTTAAACTGGAAGTGCTTCGATACCGCCTCAATAACAAAATCAGCGTTAAGCCCCAGATCGAGCATTCCCTCGTACTCTCCGCCTGAAAAGATAGGAATCATCACTCTGTAGTAAATGCCGTGCCTGCCCGGTTCAAAGCCGGAGAGCCTTTCTCTGGTTCTGTTCATCAGCCTGACAAGCGGGCGAACATCAGTGAGATTATCGCCGTGAAAATCCGGTCTGTGCATACGCAGAACTGTCACTCCGTTTTTGTCGATGAAGTGCATAACGTGGAAAAAGGGATCCTCCCGTGTCATCTCCCTGTAGAGCGGAACAAGCTCCAGAAAAAGCTTTTCCCTGTCTCCGGCGAGAAATGCGCTGAGAACCTTGTCCCGCTGGAGCAGGGCGTGGGCGGCATTGAAATATTTGCGTTCAGTTTCCGATACGGAAAGCCCGA
NZ_CP035108.1_gap54	2040409	2041167	758	TCTCGTGATGATCTACGACCAGACACGCCTTTTTGAGACTCAGAAAAAACTTGAGGAAAGCGAGTCTTTCCAGCGTGCCGTATTCGGCAGGAGCGCCAGCGGCATAGTTATTCTCAACACTGACAAATCCATACTAACCACGAACGAATCATTCCGGAAAATGGCGGGAAGTGACGAGGATGAGCTCAAGGGCATGGACTTTGAACGGTTTCTGAGCCCTGACCACACTGAGCTCTGCCGTGAATGCTTCGGAAAGCTCTATTCCGGTCAGGCGGACTCGGTGACAGAGGATGTGAAGATACAGATGCCGGGCGGCAGAAAGTTCTGGAGCAGGATTGCGGTTTCCGTAATCTTCGATCAGGAGGGAAAGCCCGAATACATCGTATGCGTTATGGACGATATAACCGAGCGCAGAAACTTCCTTGATGAGCTTGAGAAAAAAAGCGAATACGTGCAAAAAATTCTGGATTTCCAGTCAAACATAATAATAGTCACCGACGGCGAATTTCTCCTCAACTGCAACAAAAGCTTTCTGGACTTCTTTCAGGCAAAATCTCTGGATGAATTTAAGAGCAAAAAGAAGGAGCTTTCTGATTACTTCATGAAGGAACAGGGGCTTATAACCGGAGAGGATGAGCAGGGCTGGCTTGAGGAGGTTTTTCAGAACTTCCGCATGGGTGTGGACAGCAAGTTGAAAATGCGTGACCCGTTCGGCGCCGTGCGCACATTTCAGGTAACGTTCCGTGTTCTCCCCATGA
NZ_CP035108.1_gap55	2178501	2179002	501	CCTATCTCTTTCTTTCCGCCGTCATAATCCGTTTTGCCATGAAGGTGGACAAGGCGAAGCAGATCCGCTATATGGTCTCCTGCCTTTGCAGCCAGTCGCTCAGGATGCTTGAAAAAGCCAACGAAGAGCATCACCAGCGAGAGAAACTCGCAGGACAGGCAAAGTACCTCCTTGAGCGTGCGCACAAATGGGTGGATGAACCCGCCATACATCAGCAGATAGAGGAGCTTAAGAGCTACAAAAGCGTGGTGTTTGAGTAAGATAAGATAGCGTCATTCCGCGCGCCGACGATGGATTTTAAGCAGGCATGAGACACTAAAAAAAGTCGATTGATGAGTGATCATCCTCATGCGCCATGACATCGATGATCGAAGCGGAAGCCCGTCCTGCCTCGAAATCCGGATCGGAATACATATGCTGAGGAATTTTGCGTTTAAAGGTCTCGAAGCTGTTCTGAAAAATCCTGTCAATCTCGGCAAAGGAGCGGTTTATCTTCATAAG
NZ_CP035108.1_gap56	2213237	2214554	1317	CCGGGTTCGCCTGTCCCGCTCTCAGCCATTACGCTGAAAGCTATGAGCATACCCCACACAGTTCCCAGAAGCCCAAGCATCGGCGCAGCCGCAGTGCCTATCCTGATTCCCGACAGCCTGTGCTCCAGAAGCCTGATGTACTTGCCAAGATAAGGGGCAAGCTGTTTTTCATTCTCATAAACAATGTGCAGCGCACTGAGCTCAGAGCGCACCTTCTCCGTGATGCGGGAAACGCTGCTACCCTTAGCGGGCAGCAGCAGCCAGCCGTAAAAGAACAGCCTGTCGATAATGCAGAACCATATGTATATGTTCAAAAAGAAGATTATCATCTGAACAGTATTATCGGTAACTACCTTATATATTTCGCCTATCATTTTTCGGTTCCCGCTGAGTTGAACACCTTCATCCCTGCCTCCTGAAGCCTGTCCAGAAGAATCTCCGCACGTCTTGCGAAAAAGGTGTGAACAAGCATGACGGGAATAGTCACAATAAGACCGAACATAGTCGTTATCAGCGCTTCGGATATACCGCCCGCCATCAGCCTCGGGTCGCCGGAGCCGTAAAGGGTGATCACGTGGAATGTGCTTATCATCCCCGTAACTGTACCGAGAAGACCAAGCATCGGCGCAACAGCAGCGCATGTGGAAAGATGTGAGAGGTTTCTCTCAATAACCGGCACTTCCTTAAGAAGAGCCTCGTTGAGTATGTTTTCCCTCGCCTGCAAAGTGCATGAGCGGTAAGGTATTATCGCCATGCAAACCCTGCCCATCGGGGAGGTCTTTATGCTTTCGGCGTTTTTGAGAGCCTCATCCGTCTTGCCGGCTTCAAGCTTTGAGGCTATCCCGTCAACAGCGTCCAAACCGCCCAAACCTTTGAAATAGAGGCTGTACGCTCTCTCCAGAGCAAGGAGGAACGCAAACACCGCAACAAGAATAATGGGGATTATCAGAAGCCCGCCTTTTTTAAGCTGGGAAAGGAGCGTGATTTTGTTCTCCCACTGCTTGAAAACGGCGCCGCCCGAGAAGTCCAGAGACATATCGTCAGATTCCCCTTTGAAATATTTTTCCACCAGCCCGCGCTCCTTTGAGGGTACGCCGGCAACTTTCTGCAAGCCGCCTTCAAGGCTTCTGGCAAGGTAGCCGTGCTCGTTTCCGTCTTTATAAACATCAGCGAAGGTGCCGATAGAGAGCACCTGAACATTTTTCTGAGTTCCGTCAGTATCTGTCACAGACATATCACGCAGACTCACCCTTGAGGCATAACCGATGAAGTCCAGATAGCTCCCAGCGAGAAAGCTGAGCTTGGCGAGAGGCTCCT
NZ_CP035108.1_gap57	2218633	2220817	2184	AAGACATTGTAAACTTCTACTGTAAAAGTAAGCTTCTGTTTCCTTTTAAGAGGCTGAACCCATGAAACAGCGCAGTCCAACGTGTAGGAGACATCAAATTTTTCTTCTTCGTATTTTTCAACGTATTTGTAAACAGGATCTCCTGTAATAGGATCGTCCTCACCAGTCGTACCGGCAGGATAAGCATCATCCGTGAGAACAACCTGCCTGTATGCTCCCCTGAAATTAAAAACAGGAGAAATAACAAGTCTGTCAAAAAACTTTCCGGTGTAAGCTATATTGGCGACAATGGGACGATTGTAATTATCTTTAGGCTTGTCATATCTTTTGATGAGTTTACCCTTGTACAGTATCTCATCATCCATATCTTCAAGATCATCAGAATCATAGGTTTTGTTGGATGTTTCTGATTCATGCCACATCGCATTTGCCATGAAGCTGTGATTTTTCCAGAATTTATTCCATTTAACCTGAACGGATCTGTATTTGCTGCGTCCGTTGTTTGTCAGAAAGTAGTGTTTGTAGCCGTCAGCCTGAGTCTCTGTTTTCATTCTGGCAAAAGCATCTTTGGTCTCCCTCTGGATATACTGGAGGCTGAGAACACCGCCGAAAAGGCTCTGATCAACTGCCGTCGCATATTCATCAGTATAAGGGGTTTCCAAATTGGCAAAGTTATGCTTAATATCACCCCCGTCAGTTGTCTCTCCCCATTCAAGAAGCTGGTTTTGGTAAGTGCTCCTCCTCTCTTCATATGAAGGAGCTATGCCTTCCCGCAGCTTGTTGTACAGAAGGTTTCCGCTGTAGTACCTGTTGTAGCCCACTGAAAATACAGTATTGTCGTTATTGAAGAGATCGTACTGAAGCCTTGTTCTGGGTGCGATATTCGCATTTTCCATATAGTCGTCATATGAAAGCCTCAGCCCGATTCTCAGGTTGAACTTACCTGCTGTCCAGTCATCCTGCACATAAAAACTGTATTCATTTATATCAGCGTCAACATCTGTTGCCGGAGTGATGCTTCTCTTATAAAAATACTGTTCGCCGTCGACACATGTGCCGGTGTCACCATTGCATACAACATCAGCGCTGAGTCTTGCTCCGGAATAGCTGTACGCATCTTCCGGCCTGTAGTAACGACCTGAAATGAAAGAATACACCGCTCCATAAGACAGAAGATGCTCTCCGCCGAACCTGTAGCTGCCAATGGCATGATCAAGTTTCAGGTTCAGTGCCTTTTCTTCCTGTTCTACAGTGCCATACCCGCCTTCTCTGCTGACGCCTGATGTTATGTTGTCCGGATTACCGTCATTTCCTATTTCAGTTTCAACCAAATACCCCCAAGGCTTGCTGCCGCTCGCAATCCATGCTTTCAATTCGTTAGGAGCAGTTTTTGAGGATTCAGTTGACGCAGCGTCCACACTCACTGACAGCTTATTTTCCCCTTCCTCACGCACGTATTTGGCAACTCCGGCAAACCCGCCGGACTCAATAGTGAACTCACTGTTCAGAGTATTAGGCGTGAAATAAATCCCCTCATAGGGCATATAAGATAAGGAAAATTCCAGATAACGCCCCCCGTCTATGTTATGTACTCCTTTAAAAAAAACATTTTCAGATACTCTGGACTGTTCTTTCCAGCCGTCAAAAAATTTCAGCGGAATAGTGGATTCGTTCCTGCTGTAAAAAATAAGGAAGCCGGTATTTTCGGTAACTGGAACATCAACGTAAAAATTTACAAAGTGTTTTTCAAATCTGGGCTGTTTGAAAGAGTTTTCCGAGTTTTCAAACTTATATTTGTCCTCAAGAGTTCCATCCACTATAATTTCCGCCCATTCAGAACGGGTTGTACGGTATGAAACACCACCGCTGAACTCTTTCTCCGGCATTCTGGTTTTTATATCGACAACACCGCCCATAAATCCGCTGAAAGACGCAGGGACATTGCTGTCATACACTGTCATCTTTTCAACAATGGATGAATCCAGAAAGATCTTTTGCGAATACCCGCCTATGGAGTCAGTGTCATACGGACTAAAGTCAGCAGGATTCAGAATGCTGGTGTTGTTCATTCCATCCACAAGAAAGAGGTTTTCATAGGGCTTTCCTCCTGATATGGAAAGCTCTTCCGGTGCTATTTCGCCGCCCGTCAGGGAACTTCTGTAGGATTCGTTAAACTGCACGGAA
NZ_CP035108.1_gap58	2295634	2296422	788	TCTGATCATGCGCAGATCAAATGTATGGAGCGGCTGACCATACTCAAACATCACATAGTTTGTAACATCCACCACATTGTTTATAGGGCGCACACCTGCGGCACGCAGCCTGTTCTGCACCCAGAGAGGCGAGGGGGCGATTTTCACGCCTTTTATCACCCTGCCGAGGTAGACAGGGCATTTTTCTTCGTCATTAACTTTTACATATGAATAGTTTGAAGCGGCATCCGCCGTTTCCTCAAGTTTAAATTCCTTTGCTTTCAGCGGAAGGCTGTATATTGCGGCTATTTCACGGGCAACGCCTATAACACTAAGACAGTCTGACCTGTTGGGAGTTATGGACACCTCAAGCACAGTGTCGCCGAGTCCGAGAATCTCGTTTATGTCCGCACCGAGGGGGAGAGATTCAGGCAGGGGCATTATTCCGTCAGACTTTTCGGCAAGACCGAGCTCCGCTTCGGAGCAGATCATCCCGCAGGATTCGATTCCCCTGATTTTTGCTCTTTTGATTTTGAAATTGCCGGGGAGCACAGCGTCAATTTTGGCAAAAGGCACTGTCTGCCCCGCCGCGACGTTCGGCGCACCGCACACAACCTGATATTCCTCTGTCCCGTCCGTAACTCTGCAAAGGGAGAGCTTGTCGGCATCGGGATGTTTCTCACGGTGGAGAACCTTTGCCACGACAGTGTTTTCGGCTCTCTCTGATTTATGTACGCCTTCGATCTCAAGCCCCGCCATTGTGAGCCTGTGGCAGAGGTCGTTTATGCCTATGCCTGATATATCTACAA
NZ_CP035108.1_gap59	2341682	2346221	4539	TTCGATAAATTCGGCATAACTCCCCCCGTCTTCATAAAGGATGTCTACCCTAAGGTCAGCGATGTTATGACGAGAAAGGTCATAGCAATAGACGAAAACGAGCCTGTTTTCGGCGTTATCAGAAACATTGACGAGCTCAAAATACGCATCACTCCCGTGGTTGAGGGCGGAAACGTTTTCAAAGGGGTGGTGAGTATATTCGAGCTTTCCGACTTTCTCGCCACGAAGGATGTGACCACGAAGCCAGTGTTCCATTTCAGGGCGGAAAACTTTGAGAAAGTCATCGGAGGATACAGCTATGTACGCGGCAAAAAAGAAGAGTTCAAGGCATCGGTGATGATAGGCGCCATGCCATATGACCGCTTCAAAGCCCGCATGGAAGCCCAGCAGTCAAAAGAGATTGTGCTTATAGTCGGCAAGCGCAGAGACATAATCGAATACGCGGTGAAAAGTCAGCTTCCCGCCATTATTCTCACAGGAATAAAGGATGAGAGCGATGTGGATCTTGACTTTACCGGATACGAAGGCTGGGTGTTCATCTCCGAACTGGACACGGCGGAAACCGTACGCCGTCTACAGCTCAGCATACCCACAAAGGCGGTAATGAAAACAGACATACCGTCAGTAGATGAGAACGATTATCTTGAAGAGGTTAAGGACAAGCTTCTTCAGATAGACCACAAGGGTCTGCCTGTTCTGAGGGACAACAGGCTTATAGGCATAATCACCCGCTCGGACCTGATCAAGAAAACCCAGAAAGGGCTTATCCTCATGGATCACAATGAACTTTCCCAAGCGGTGGACGGCGCTGAAACAGCCCTGATACACGAAATTGTAGACCACCACAGGCTTGGAACCATCAAAACCAAGACCCCCATCCATTTCTTCGCCAAGCCGGTGGGCAGCACATGCACCCTTGTTTACCAGCAGTACATAATAAACGGCGCCGAAGTGGACAAAGATACAGCCTGCATACTCCTTTCGGGGATCCTCTCCGACACGGTTATTCTCAAATCACCCACCACCACAGAGGAGGACAAAAGAGCTGTGAAGGCGTTATCCGAAATAGCGGGGCTCAACCATGAGGAATACGGGGTGGAAATATTCTCCGCCACTGACAGCCTCAAAACAAGAGACCCTCAGAATATAATCAACACCGACTTTAAAATATACGAGGAATACGGCGTTAAGGTCGGCATAAGTCAGGTTGAGGTTGTGACCCTTCAGGAGATGGACGAAGTTAAAGACACTCTCCTTGAGGCAATCATGAAAAGCACATCTGAAAAAGGGTTGGACTGGGGCATGCTCCTTGTCACCGACATAATAATGGAGAAGAGCATTCTTCTCACCACGGGCTTTGAGGCGGCTGAAAAAATTCTCGCTTACAACAAGTCCGAGGACAGATGCTTTGACCTGCCGGGGGTTCTCTCCAGAAAAAAACAGCTTCTGCCTGAGATACTGCGTGTGCTCGAAGAGCTGAACGGATAAAATATAGATATGTTACGGAGACATATATGAATTATATTCTTACTCTAACAGGTCTGTCACAGTCAGTTTCAATAAGCGCTTCGCAGATTATGCTGGGAGTTATGACTGTCTGGAGCTTATGGGTAATATACAAAGAAGGCGACTTATCAATATTCAGAAGCCGCATGTTTCTTCTCATTGCTGCTGTTTTTATCAGTGCGGCGCTTACTGCCGTATTTGCGCCCGATTTAGAAAATAAAATGAAATCTGTGAAAAATTTCTGGATAATGGCTTACATTCCTGTTTCCATGTTTGCTGTCACAAGCAGAGACAGTCTCAGAACAGTTACCCTCTCCGCGGTTACCGGCGGAATAATTGCCGCAGTATACGGCATCACAGAATTTTACACCTCCTACGACAGCCTCAGACATTTTAACAGAGCCGACGGTTTTTTCAGTCACCCTCTTACCTATGGCAACTCTCTCGTAATTCTCATCACTGTCTCTGTTTTCGCAGTTATCAGCAAAAATATAACAAGCAGAAAAGAAAAGCTCTTCCATCTTTCCGGTGCATCGGTGATGTTTGCCGCGCTCCTGCTTTCCGGTTCACGTGGTCCTATGCTCAGTCTGATAGTCACTGTCTGCCTAATGGTCGTTCCTCTGTTCGGGAAAAAAAGCTTAGCCATAGGAGCCGGTGTGATTTTGGTCTGCGCTGTTGCCTTGTCATTTAGTGATACACTTCAGGAAAGATACAGTGACTTCAATAAATCCGAATTCACTGACAGCACAACATCTTTCGGGACAAGAATTGTGCTTTGGGAAACATCACTGAAAATAGTCAGAGATAACCCTGTATTCGGCATCGGATACGGAAATTTCAAGAAATACGTGGACAAATATAATAATGAACCTCTTGCGTCAAAGGCGCATTCTCACAACTCTTACCTGTATCAGGCGGTCATTTACGGTTTAACAGGTCTTGCGGCTTTGCTGCTCCTGTTGGGCGGAATCGCACAGGAACTTATAAAGGCATCAAGAAAAAAAATACAGTATGCTTATCCGGTTCTTGCGGCTTTTGTAACTTTTCTTCTCTGCGGACTGACCGAATACAACTTGGGAGATTCGGAAGTGGCGATGCTGATGTGGCTTCTGGCGGGAAGCGTTATGGGGGTTATGTTTAACGGAGATTCCGCTTAAGCTCCAGAATCCTCGCGTATGAGCGCTCAATGGAGCCGATGCTTATCCGTCCGTCCTCCACTGCTTTCTTTATAATATCAGCCGCCTTATGAGGAAAATCAGGATCATTGAAAAAGAAATTGGAATAAACCAGAACATCCGCACCCGCCTGAACAGCACGGACTATGACCTCCTCAAGAGGAAAATTATCCCTCACGGCGCCCATCTGAAGATCATCAGTGAATATCACTCCGTCATACCCCATCCGCTCTCTCAGAATGCCTAGGTGCTTCTCCGACATTGTAGCCGGATAAACAGGGTCAATTTTGGCATTAAACACATGAGCCGTCATGACAGACGGAGCAAGCCCTTTCTCAATGAGCAGGCGGAACGGCTCAAGCTCTTTTTCTGTCCAAGTATCCGTAACATCAGTAAATCCCAGATGCGAATCGCTCATAGCGCTGCCGTGTCCGGGAAAATGCTTTATTGAAGCGGCAATTCCCGCCTTATTATGCGCCTTCACAAACTCTCCCGCATATACGACGGCAGTTCCGGCATCTGCTGAGAAGCTTCTGCCCAGTCTGCCGATAATCGGCGAATCGGGATTGACATTCAGATCCGCAGACGGGGCGAAGTTTACATTAAAACCCGCAGCCGCAGCTTCGGAAGCCATTTTAAAATACTGCTCAAAGGCCTGTTCCGGAGTGAGCTTAGCTGCTGTTTCCTGATGGGACAGGTATCTGCCGAACCCTTTTTCAGGAACCAGACGCTGCACCCTGCCCCCCTCCTGATCCACTGCGGTGAAGAGAACGGGTGAACCGTTTCCTGCCGCTTTTTTCAAATCATTGTTAAATCGTCTTATCTGGCGCGGGTTTTCTATATTGTATTTATAAAGCACCACACCACCGATTTTACCCTCTGCTATCTGCGTTTTAACTAAAGAAATGCCCTCAGGGGAGGTGTCTTTGACCCCGATCATGATCATCTGCCCCGTCATGACGGAAAGATCAGCGGAAAGGCACATGCCGGAAAGAGAAAAAGTGAACAAACACACGAAAAAAGCTTTAATCATCATATGCCGAATGATACTACTACGAACAAAAAACATCAACAGCGCAATTCCTGTGAATGGGTAAAATGACCTTTCATGTTAACCTGCCTTTGAATATTATCATGCTTATGGTAATATAATTTAATTCAACCAACAAAGGGGTTTAACATGAAAAAACTGGCAGTATTTCTCAGCATTCTGCTGCTCACGCTTACACTTGCGGGATGCGGCGGAACAAACCTGTTCGAGGACGCGGCAGACGACAGCAGCAGCGAAGCGAAGGAGTTTGACGCAATCAAGGCTCTGGACGACGGCGATTATGACTACGTTATCAGCTACTACACGTCAAAATCAAACCTTGATTCCAAACAACAGATTTATCTGGCTTCGGCTTACCTTGGCAAGGTCAATGTAGACTTTATCAACCTTATAGAAGTTGCGGATTCCGATCTTGACACCTTCGACATTATCGCATCGATCTTCGGCGGCGGTGAAATTCTTGCCGATACGCCCACGCCTCCCACATCAAACAGAGCGGCTTCAGCACTCTCCATCTCACAATATTTTGATGCCATAGAGCTTGCTTTCAACACACTTGACGAGAACTCCACAGACAAAGACGTCAAAACAATGAAGGGTGTTCTGGGCGCACTGGACACAGTTCTTATCATCGCCAAAACGGTTATGGACGTCAGCGGTGAGAATTCTCTTGTTCTCACTCAGGAAGGGATAACAGACGCACTCAACGGAGCTGTTGTTGATGAAGACGATGTCGTAAACAACGCCAGCGATGAAAACGACCTCGCAGAAGCCAATCTGAGAATAAACAGAAACCTCACGGCAATA
NZ_CP035108.1_gap60	2350181	2354478	4297	AAAGGAAAGGTTACCGGACTCATAGCAGGCAAACCGGGCAAATACACCAAGTTCCTCACATCCAACGTTATCATCGCCACAGGAGATTACGCCTCGAACAATGAGATGAAAAAATGCTTCTCTCCTTTCTCCCTTAAAGCCGACGCACAGATATATTTCCCAAATAAATGCAACACGGGCGACGGTCTGATAATGGCTATGCAGGCGGGCGGCTCAATGCAGAGACATGAACCCCACGCGGCGGTCATTCACCTTGAAGCGGGCGCTGCCAGCTACGGTTTTCTTCATGTAAACGCTGAAGGGAAACGCTTCAAAAACGAGGATGTCAACACCCAATCCAAAAGCTGCACCAAAGAGCTTGAGCCCGAAGGAATAGCGTGGACAATCTACGACAGAGACGGTCTCAATCAGGTTAAAAAACAGGTTGACGCAAATCTCGGCGGCGGTCTTTTCTACGGTCAGATGTGGCAGCCGTGGGGTAAGGGCTTCAACCTTGAAGTTGAAAAAATGACGCAGGAAGCGCACATCAAGGACGGAAAAGTTCTTGTGGCAAACACCATTGAAGAACTGGCGCGCAAAATGAACGTGCCCGTTGACAGCTTTGTTCAGACAGTAAAACGCTACAACGAGCTTTACGCAATGCAGGACGACCCCGATTACGGCAAAAGAAAAGAGCTGCTCACACCCATCGCCAACGCACCTTTTTACGCAGGCAAACTTGCCAGTACGCTTCTTACCATGTGCGGCGGTCTCAGAACGGACAGCAGACTCTTCGTGCTTGACGCCAAAGGCGAACCCATTCAGGGGCTTTATGTTGTCGGGGCTGCTCAGGGCGAGTTCTTCGCAAACGACTACCCCACAATCTGCCCGGGTATAGGTCACGGAAGATGCCTCACCTTCGGCAGAATGGCAGGGATAAAAGCCGCCGGAAAAGACCCGTACAAAGTTATACCCTCAATAAAAATCTGAAGGATATAAGATGCTGAAACGGAAGCTGTTTTTTCCTCCATTAATGCTGCTCCCGCTTCTTTTCGCAGCGGGGCTTGCCTCCGCGGAGGCAGGCTCCGCATGCGGGGATAAATGTCACATCATAAAACCCTACGCGGAAGGGGCGAAGGATGAGAAGCTCCTTGTGAGCAGACATTTTCAGGCAGGGATAGGATGTACGGAATGCCACGAATACACTGATGAAATCCGCAGAAACGAAGAGGATATGTACGCCAAGGGCGAATACGAAGAACCCATGTACACCCGTGAATATGAACCGGAATTCTGCTTCAGGTGCCACGAAAGCTATGATGCCCTGCGAAAGCTCACAGAAGGGCTGAAAGAGCAGTGGGGGCGCAATCCTCATGAATCCCACATGGGTGAGATAGGATGTTATGAGTGCCACAAGGTGCATCAGCCGTCAAAGTTCGTATGCGCCGAATGCCACCATGCAAACTGGAGTGAAAGACTTCCCAAAGGCTGGAAAACCGAATAAAGGAGAACCATATGCTGAAAAAGCTGACTTTTATTGTATTACTGCTCACATTTACAGGACTCTCCCACGCTCAGGACTATTCCCTCGGCTCCGAAGGGATAAAAGCGGGAACCGCTCCCGGACCGGGATTTTATTATCTGATGTACAACAACTACTATACATCCGATAAATCAATGGATAAAGACGGCGACGAAAATGACATAGGCTTCGATCTTTCAACCTTCGCCAACGTCCACAGGTTTGTTTACGTAACCGATAAGAAAATTCTCGGCGCCTACTACGGCATGAACATCATCATTCCGCTGGTTTATGCTGATCTCAGTATTGACGCGGCAGGAGTGGATAAAGACGATACGGCAGTCGGCGACATTGTCGTGGAACCAATGTTTTTATCATGGCGCAAGGAACGTTATGAAGCGGTACTGGGAACAGCGCTGATTGTTCCCACGGGAAGCTATGATAAGGATCACGCCCTGAACATAGGCAAGGATCACTACACTTTCATGCTTACGCTGGGCGGAACATACTATCCCGAACCGGACAGAGAATGGTCACTGTCGGTACTGACCCGTTACGAGAAGCACTTTGAGAACCAAGACACGGACGTAACCTACGGTGACGACATAGACTTTGAATGGGGAGTAGCGAAGGCTGTTACCAAGAAAATAGAAGTCGGACTCGTCGGTTATGCACACTGGCAGATAACCGATGACAAGGGAAGCGACGTGACATGGGAGAGAAGCACCCATGACAGAGTTTACGGAATAGGACCCGAGGTGGATATATTCTCCGAAACACTCGGAGCAGTCTTCAAATGCAAACTCTACAAGGAGTTTGAGGCAAGAGACACAAACGAGGGAACATCCGCGTGGCTCACAATCGTTAAACCGTTATAAACAGTTTATATCACAAAAGAGTGGGCGGAAAATTCCGCCCACTCTTTTTATCAAAGGCACTTTTTATCTATGAACGTCACAGCCTCATCGACTATGCTTTTGAGAACATCTTCCTTTGTGCCTCTCTTAAGATCCCGCATTATGTAGGTTTCCCTGAGCAGCGCACCCTTGCCGCTGAAAATCCTCACACTCACCTCAACATTACCCGTGCCGGAGTTCACGAGACTGTCGGTAAAAACCGGATCCGAATACTCAACAAGAACAATACGGACAATAAGATCGCTCTTCTCCCCCTCAAAGCCTTCCTTAACCTGAAGCTTCTTGAATCTTCCCGTGATTTCATCCGTGAGCTTTTTCTGGAAGTTTTTACCGAAATCAACACCGGCACCCTGAGAGGTGCTGTAATCCGCGGGCATTATGAGAACATTTTTAGCCACCTTACACTCCTTCGGAGTGAGGCACGCACTGAGAAAAACTGCGCAGAAAGCGCAGAGTAAAACTTTTTTAATCATTGTTTCTGCTCCTTAAACTATGCTTCGTCTTTATCCTGATATTTCTTGGTTCCTTTGTAAAGTTCATATTCAAGCAGGCGGCACTCAATTTTAGAGTTGAAAAACAAAGTCTTTGAAGATGTACGAAGACCCACATGCTTCGCCAGATTCATATTCCCTGTGAATATGTAGCCCCTATAGCCCTGACACTTAGCTTTAAAAAAGTCTCCTATACCGCCGTAAACTGACTCAAGCTGATTTTCGTCCCCAAGTCTTCTGCCGTATTCGGGGTTGAGAATCACCACTCCGCCCCCTTCGGGCACTGCGCAGTCACGGAAATCGCAGAGCTGATAGTCCAGATACTCCTCCACTCCGGCGTATCCGGCGTTCTCTTCCACTGCTTTCAGGCATCTTTCATCATGGTCGGAGACGATAACTCTTCCCTTGATCTCCTTTTTGACCACACGGAGGGCATCATTGCGCATGTCGCTCCAGTCTTTTTTACTGAAGCCTGTTATGTGCATGAAGCCGAAATTGCGTCTTATTATTCCGCCCGCCATATTCAGTGCGCTCATAAGCGCTTCAACAGCCAAAGTTCCGCTGCCGCACATAGGGTTGATGAAGCTGTCTGTCCCTTTCCATGCGGTTTTCATGATGACCGCCGCAGCCAGAGTCTCCGTCATGGGCGCCATCATCGGGTTGTACCTGTAGCCTCTCTTTGAGAGAGCCTCGCCGGATGTGTCTATGTACAGCGCGCATTCATCCTCTCTCCAGTGAAGAAAGAGAACGGCGGCGTTAAGTTCAGGACCAGTGTTCGGTCTTTTGCCGAGTTTTGCCGTCATTCTGTCGGCGATTGCGTCCTTACAGCGGAGATTGGCGAATCTCGTATCCTTAATGTTTTCATTCAGAACCGAGGAGGTTATGCTGAAATAGCCTTCAACATCCAGCATGTCCTCCCACGGGAGCTTCTTAACCTCTTTGTAGAGTTCGTCCGGTCCTGCCGCGCGGAAGCGGGCAAGCTGGAAAAGAACACGGCTGCCTGTCCTCAGCATGAGGTTAAGGCGCATTGCGTCCTTCATGGAGCCTTCGATTTCAAGCCCTGCGGTAAATTCGTTTATTATGCCGTAGCCCAGAGCCTCAAGCTCTTCCTGCAAAAAGGGGTTTATTCCCTTTGCGCAGGTTACTACTATTCTGCTTCTGCTGCGGAATGCGTACATACTTATAACACCTGTGAAACAAAAAACGGATAATAGCATCCTAAAAAGCTATAAACAAGAACAACCCGCAATGCAGCCTTGAAGTGAAGCAAAAACAGCTTTATTATTAGCAGAACCCTGCGGAGGCTTTTATGGAATCCGAACACCGAATCCTCATTGTAGACGACGACCCCGTGAACCTTGATATTATGCTGGAGATACTCGCGTCCG
NZ_CP035108.1_gap61	2507488	2508191	703	CACCAAGGTTGCGCCCATCCTTCAATCGCTCGTCATCCATAGTGAAGCCTTTCACCATGTATTCGGTCAATCTCTCTGTCGCCCACTGGCGGAACTGTGTACCGCGTTTTGAACGTACACGATAACCGACAGCGATGATCATTTCGAGGTTGTAATGGTCTATTAAACGCTCAACCTCTCTCCTGCCTTCGGTTTGAACTATTAAGTATTTCTTAATAGTTGCCTCTGGAGGCTGTTCTCCATCTTCATAAATACTTTTAATATGCTGATTAATATTCGGAACAGTAGACTGATAAAGCTCTGCGAGTGCTTTCTGGCTCATCCATACCGTTTCATCCTGAATACGCACCTGTATTTTTGTCTTGCCGTCATCCGCTTCATAAAAAAGAAAGTCTGTATTTGGTGATGCAGGGGGGTTAGTCATTTTTAACCTCCCCATAGCCCAGCCTCGCCAGATTTTCCTTAATCACTGCATCCAGTCTTTCTCCCTCTGCCATCTGCTTATAAAGCTCGGCAGAGAGGCGTTTCATTTTCTCATCAAAAGGTTCGCCGTCATCCTCAACCTCTTCCGCCCCGACATAGCGTCCGGGAGTGAGGACATAATCATGCTCTCTTATTGTTTCTATCGCTACGGATTTGCAGAAGCCTGCAGTGTCTTTATATTCTTCAAACTTTTCTTTGCTTCGCCATAAATGATATGTCC
NZ_CP035108.1_gap62	2510018	2512815	2797	CTTGCCCTTTCACTCTATTCGTTTATATTGGAATCATATTCCATATTAAACGGAGCTTAGTATGTATCAACGTACAATGGAAAAGGTCTTAAAACAGGTCAGCAAGAGTTTCCCTGTGGTTTTGGTCACAGGACCAAGACAGGTAGGCAAAACGACTTTGCTCGAAATGTGTGCCGCTGAAAACATGAAATATGTATCTCTCGATGATCTCGATGTCCGAAGCCTTGCCCAGAACGACCCCGGACTTTTCATACAGACCTACACTCCGTCCCTTATAATTGATGAGATACAGTACGCTCCGCAACTTTTCAGTTATATAAAAATAGCAGTAGACAGGGAAAAGCAAAACGGTATGTTCTGGCTTACCGGTTCGCAGAAATTTCACCTGATGAAAGGCATCACAGAGAGTCTGGCAGGGCGTGTTGCTGTGCTTGATCTGCTTGGGCTTTCAAATGCTGAAATAAACCATACTGCTGAAAACTCTAAGCCTTTTCTGCCAGATGTGGTAATTGAGCAGGCAAATGGTATTTCTCTCACGGATGCTTACCGCAAGATATGGTTCGGCTCTTTCCCCCGTGTGATTGATAATCCTGACGTACGGGATATATTTTACCGCTCATATATCCAGACCTACATTCAGAGGGATGTTAAAGATATTCTGAATATAACTGATGAAATAACCTTCCATAAGTTTCTCGGTGCTATAGCCGCCAGAACAGGGCAGCTGCTGAACTATGCCGATGTTGCCAGAGATGTCGCCATAGACAATAAGACCGTAAAGGCGTGGCTTTCCGTGCTTGAGGCTTCGGGGCTGGTTTACCTGCTTTATCCGTATCATACCAATGTAACAAAACGAATTATCAAAACACCTAAAATCTATTTTCTGGATACAGGGCTTTGTTCCTATCTGACGAAATGGACAACGCCGGAAGCTCTGGAAGCCGGTGCCATGAGCGGGGCAATTTTTGAAACCTATGTCGTGGCAGAGATACTGAAAAGCTATTGGCATACCGGACAGGAAGCAAATCTTTACTTTTACAGGGATACCGATCAGAAAGAGGTGGATTTGCTGATTGAGTCCAACAATACTCTTTATCCAATAGAAATTAAAAAAACTGCCACACCATCGAAAACAGCAGTAAGAAGCTTTGATGTACTGAATAAATTAAATAAACAGATAGGTCACGGAGCTGTAATCTGTCTCACGGAAAAAAATATTCCTATCTCTGGCAATGTAACAGCAATATCGGTTGAAAATATTTAGTGTGGACATAATTTATTCAGCAATCTCAATAGGCAGTCTTTATAGATAACTACTTGAAATTTACATCCCTGCGGGGCCATTCCCCACAGGGACATATTAGAGATATTATCTCTTACTTCTTTTGTTCTCCGATAATCCTTTTATCATTCTTAATATCAAAATTACGGAGAAGGGTTATTATTCGCCTTATTCTTGCCGCAAGTTCGTCCCTTTCCTCTTGCAAAGGACGAAGCTCAGACTCCATTTTTTTGAGCATGGGGTAAAGATAATCTTTTTCAATCTTCCACAGATCCCTATGTGTTATACGCTTACTAGCAAGCCTGATGCTTCTGTATCTTGTTCCTTTTTTCTGATTTTCGACATTAGTGAGCCTCTGTCGAAATTCAAAATGATGCGGACAATACAGGCAACCTTTTTTTGAGCAATAGTGCAGAGAAATATACACGGCTCCGGTTTTATAGCTAAGCTTCTGTTTTTTCACCGTCTCTTCAAGACATTTCTTTACAAACTCAAAACGCTCGAAAAGTACCCTTGTCATATCATACACTTCCAATAGTTCATTCATCTGAACCTCCTTGATTATTTACAAGGTCATAGCTCAAACCCCAGATGAAAAGTGTGTCTTTTTTGCAATTTCTGAAGAATCTGAAGTTTTTTTCAAGCCTCAAGTTTACGCATAACGCATACTAATATTATGATTAGCGACTATAAAAATATTTTAAAAAACTATAGGCGAATGCCCAAATCACAAAATAGGCTTATAATACAGCAGTTTAGTATTAAATCTGTATCAGAGTGTTTTTTCAGGAATTTAAAAAAGACACAAAAAAGCACGGAGGAAAATTGTATGACTTGATTAAGAAGGAAGTTGATAGAGGAAACAGATGTCAGACAAAAGGGTCATTTTTCTGCAAATGGTTTTTCAGGAAGACGGGAAAATAATTTCTGAAGATGTTACAAAAGAAGTCCTCAGAATGAAACAAGAAGCCAATACAAAAAAATTATCCAATGAAATTATGTCTGTTGAAGAAGTTGCCGAACTACTCAAGATCAAAGTTCGCTCAGTACGTAATAAAATGTGTAATGGAGAATTCTTAGAAGGCACGCACTATAAGAGACTTTCAAGGCGCCATGTCGTATTTTATAAAAAAGCATTGCTGGAAATGCTCGGTCTGCCCTAACTTATTCAAATGAGATACTATATCAAAGATAATAAGCTGTGGGTTGATTTTTCATATAAAGGTGTCCGTTGCAGGGAATCTTTAAAAATCAAGCCTACCAAAGCAAATCAGAAATATGCAGAGAGGCTGCTCGGAGAAATTGAAAATCGTATACTGGCGAAGACATTTAATTATGCTGATTATTTTCCTGAAAGCAAAAAATGCTTATTATTCGGCGGCAAAAAGAATGTGACTCTTTCAATAGGTGAGTTGTTTCAGCAGTGGCTGGACAATGCGGAAAAGAGGTTCAAAGCTCAGCACATATCAAGAAGCACACTCAAAAATTATTATAAAGAAACTAAAGCATTCGTGG
