gap_id	start	end	length	sequence
NZ_CP137851.1_gap1	1299	2577	1278	GATTAGATACCCTGGTAGTCCACGCCGTAAACGATGAGAACTAGGTGTCGTGGGTGTTGACCCCCGCGGTGCCGTAGCTAACGCATTAAGTTCTCCGCCTGGGAAGTACGGTCGCAAGACTAAAACTCAAAGGAATTGACGGGGGCCCGCACAAGCGGTGGAGCATGTGGTTTAATTCGACGCAACGCGCAGAACCTTACCTGGTCTTGACATCCTTGGAATCCTTCAGAGATGAGGGAGTGCCCGCAAGGGAACCAAGAGACAGGTGCTGCATGGCTGTCGTCAGCTCGTGTCGTGAGATGTTGGGTTAAGTCCCGCAACGAGCGCAACCCTCGCCTTTAGTTGCCGCGCAAGCGGATCTCTAGAGGGACTGCCGGTGTTAAACCGGAGGAAGGTGGGGATGACGTCAAGTCCTCATGGCCTTTATGACCAGGGCTACACACGTGCTACAATGGCCGGTACAACGCGTCGCCAACCCGCGAGGGGGAGCTAATCGCATAAAACCGGTCTCAGTTCAGATTGGAGTCTGCAACTCGACTCCATGAAGGCGGAATCGCTAGTAATCGCGGATCAGCACGCCGCGGTGAATACGTTCCCGGGCCTTGTACACACCGCCCGTCACACCATGGGAGTCGATTGCTCCAGAAGTCATCCCACCAAGGGGTGCCCAAGGAGTGGTCGGTAACTGGGGTGAAGTCGTAACAAGGTAGCCGTAGGGGAACCTGCGGCTGGATCACCTCCTTTCTAAGGAGACCGGGTGCACGGCTGACGCTTCGGCGTAGCAGGGTGCACCAGCAACGAAAGTTGCCATAGGTCGACCAGGTCAACGTTTCGCAATCGTCTGGGCTTGCTGTTTGGTTTTGAGGGACCGAGTCAGACTCGGTTCTTTGAGAATGAAGAGAGTTGTTCGGGTAACTCACCAACTGGGCCTATAGCTCAGCTGGCTAGAGCGCGCGCCTGATAAGCGCGAGGTCGGTGGTTCAAGTCCACCTAGGCCCACCAGTTTCCCTTGGGAGGGAAGACAGGTGACGCGATGACGGCCGGCAGGTTGAAGTACCACGACGCGATTCCGGGGCTGTAGCTCAGCTGGGAGAGCGCTAGCTTTGCAAGCTAGATGTCGTCGGTTCGATCCCGATCAGCTCCACAAGTTTCTGACGTAAGTCAGAGCGTTCTTTGACAAGTGCATACGAAGGGTAGAATTCAATTTCTGCTGAGAGAAGTTCGACTCACCAGCTGAAAGCGAGCTGAGCCGAGAGGCCAGGTGCGCTGGAAGCGGTG
NZ_CP137851.1_gap2	5558	6253	695	GACCCGTCGAAGACTACGACGTTGATAGGCCGGGTGTGTAAGCGCGGTAACGCGTTGAGCTAACCGGTACTAATTGGTCGTGAGGCTTACTAACCTCAATCTCTCACGAGCTCCACCCCACTGGGGAGGGAGTAGAGGATTCGAGGCCGAGGTCGAGGCCCCGAGCGCGCTTGAGAAAGCGGCGCCGGGCCCGGAAGAAGGCACAAGCTTCTCTAAAGCAGAATTGAAAACTACCCTTTGTATGCACGAGTCACACAGTTTCCGGTGGCAATGTCGGAGGGGTCCCACCCGTTCCCATCCCGAACACGGAAGTTAAGCCCTCCAGAGCCGATGGTACTCCGCGGGAAACCGCGCGGGAGAGTAGGTCGCTGCCGGATTTTTTTTGAAGGCCCCGAGTCCTCACACACGTGAGGACTCGGGGCCTTCGCCTTTGCGGGCTACTGCATTTCTCCGCTCCGCGTGTGTCTTTCCGCGGCGCCGTGCCTTGCTCCACACCCTTTTCATCTTCGCGCTGGCGATGCTTCTCCAGGCTTGCTTGATTGGTGTTCCACCCTTCAAGTCCAGGAGCTCCTCGTCCATGAAGCACCTGCTGCGCCCCGCCCTTGGTGGTCTCCTTGCCCTCGCCGTCTTCCTCTCCCCCGAGCGCGCCGAGGCGACTGATTTCCGGCTCACCCTCGGCGGCGACTACCAGATCA
NZ_CP137851.1_gap3	31887	36744	4857	TGCTGGTGGTGGGGTCCTTCCGGCTCGGCGCCGCGTCCCGCATCCCGCTGTTCGAGGGGCTTCCACGCGTCATCCACATCACCGCGGACCACGCCGAGGCGTCTCCCTCGCTGCCGGCGCTGGTGCAACTGCTCATCACGGAGAGCGCCTCGTCCAGCCCGGGGGCCACGGTCGTCATGAGTCGGCTCGCGGACATCCTGCTGGTGCAGGCCCTGCGGACGCACATCGCGGCGGGGCAGTGCCAGGAGCGGGGGTTGTGCGCGCTCGCGGATCCGCAGATTCGCAAGGCGCTCTCGCTCATCCACGAGCGGCACGCGGAGCCGTGGACGGTGGAGAGCCTCGCGACGGCCGTGGCCCTCTCGCGCTCCAGCTTCGCCGCGCGCTTCAGCGAGATGGTGGGAGAGCCGCCGTTGGAGTACCTCGCGCGGTGGCGGATGACGAAGGCCGCCCAGTCCCTGCGCGAGAGCGAGCTGCCGTTGCTCGAGGTGGCGGAGTCCATCGGCTACCAGAGCGAGGCCTCCTTCAACCGGGCCTTCAAGCGCTGGGGCGGAGTGGCTCCCGGCGCGTACCGGCGGGAGCACCGCCGGGCATGAGCGGTGCCACGTGGGGTGCTCATTACGCCCCGTTATCACTTGCGCACTGACAATCTATTGGAGCGGAGAGGGGGCCCGCGATTACCTGTGCCGCCATGGGTCGCGACTCCTCCAACACGGATTCACCCAAGCCGGCGGCCGAGGAGTGGGGCCGGTTGTACGTGACGCGCAGGGTGCGAGCGATGACCGCCGCCGCGCTCGTGTTCGTCACCTCCCTGCTGTGGCTCGCGGCACGCGCCGTCGGGTCCCTGCTCACGTGTTCGTGATTCACCCTGGACTCCCATGCGACTCACCCTTTTCGGCGCCACCGGCCCCACTGGAATGCTCCTCACCCAGGGGGGCCTCGAGCGCGGATACGACGTCACCGTGCTCGTGCGCCGTCCCGAGGCCGTCACCGTCTCGCACCCGAAGCTGCGCGTCCTCCGGGGCGACGTGCAGAAACCGGAGACGCTCCCGCCCGCCCTCCAGGGGCAGGACGCCGTCATCAGCACCATCGGCCTGCCCTACACGCGCCAGCCGGTGCGCCTCTACTCGGAGGGCACTCGGAACATCATGGCCGCCATGAAGCAGACAGGGGTGGAGCGGCTGATCGTCATCAGCAGCGGGGGCACGGCGTCGGGCGTGGTGCCGGAGAGCTCGTTCTTCTTCGAGCGCATCCTCAAGCCGCTCTTCCGCGGCTTCTACGATGACATGCGGAAGATGGAGGTGCTCGTCCAGGAGAGCGGCTTGCGGTGGACGGTGTTGCGCCCTCCGGAACTGCGCAACGTGCCCGCGCGTGGCCAGGTGCGCGAGGGCGTGGGCAAGTACGTCCTGCCGCGCGGGCTCTCCATCTCCCGCGCGGACCTCGCGCGCTTCACGCTCGACTGCCTCACCCGCGAAGACACCGTGCGCCAGTCCCTCGCCGTGGCGTGGTGAGGGGTCCTTCCGAGCAACCCATGCGAATCCTGTTCACGACCTTTTCAGGCTACGGCCATTTCCATCCACTCGTTCCCCTGGCCCGTGCACTCCAGCAGGCGGGCCATGAGGTCGCCTTCGCCTGCGCGGAGTCCTTCCGCCAGGTGGTGGAACACAATGGGTTCCGCCACTTCGTGGCCGGAGTGGATCCATCCGCGGTGTTTGGCGGGGAGCTCACGAAGGAACGGATGGCGCAGATGATGGAGCAGATGATGCGGGCGCCCCCCGAGGCGCTGCTGCCGCATATCGCGGACATGTTCGTCGGCCTCTTCGCGCACCGGATGGTGCCGGACTTGCTGCGGCTCGTCTCCGATTGGCGGCCAGACCTGCTCGTCCGGGACCTGATGGAGTTTGGGGCCTGTGTGGTCGGTGAGCACCTGGGCATTCCCTGCGCCACGCTCCAGGTGGGGGCGGTACGGCCCAGGGAGTTCCGCAACGCGTTGATGACCCAGCGCCTGGATGCCCTGCGCGCCGTGGTGGGATTGCCGCCGGACCCCCAGCAGGAGATGCTCTACCGCGACCTGCACCTGTGCTTCGCGCCCCCTTCCTACCTGGGCGATGCGCCGTTGGCGCCGACGACGCACTACCTGAAGACGGAGCTCTTCGATCAGTCGGGGGATGAGCGGCTGCCGGACTGGGCCGGGCAGCTTGGCGCGGGAGGGCGGCCGGTCGTCTATGCGTCGCTGGGAACGGTCGTCAACAAGTTGCACGGGCCGCTGCATGCCATCCTCGAGGGCCTGCGCGACGAGCCGGTGGACCTGGTGATGACGGTGGGGCGGGACCAGGACCCGGCCGGGTCCGGCCCGCAGCCGCCCCACGTGCATGTGGAGCGCTACATCCCCCAGTCCTTGCTGCTCCCCAGGTGTGACCTGGCCATCCTTCATGGGGGCTACAACAGCGTGACGTCGGCGTTGGGCCACGGGCTGCCCCTGGTCGTCGTGCCCATTGGCGCGGATCAGCCGATCAACGCCCAGCGGTGCCAGGAACTGGGCGTGGGGCGGGTGGTGAGCCCGCTGACAGTGACCCCGGAGCGGATCCGGGACGCGGTGCGCGAGGTGCTCGCCACGCCTTCGTTCCGGGAGGGTGCACGGCGCTTCCAGCGGGAGGCCGAGGCCCTGCCAGGAGTCGAGCACGGGGTGGCGTTGCTGGAGAAGCTCGTTGCCAGCAAGAAGCCCCCGCGCGCGATGGCTTAGGCTGGTCTCATGGAAATGCGCCACCTGACGTCCTTCATCGCCCTGGCGGAGGAGCTGCACTTCGGACGGGCGGCGAAGCGGGTGGGCATTGTCCAGCCGGCGCTCAGCCAGCACCTGCGGCAGTTGGAGGAGGAGGTGGGTGTCCGGCTCGTCGAGCGGGACAAGCGCCGCGTCGCGCTCACCCCTGCGGGCCAAGCCTTCCTGACGCATGCCCGGCGTTCGTTGGCGGAAGCGCGTCGCGGCGCGGAAGCGGCCCAGCGGGCGGGGCGGGGTCTGGTGGGCAAGCTGTCCATTGGCTGCATGGGGGCGGTGGGCATGGCGCTGCTCCCCGCCGTGCTGCGCACCTTCCGCACCACCCACCCGGGCGTGCAGTTGTCCATGCGGGAGATGGGCTCGCTTGAGCAGTTCCAGGCGCTCCGGGAAGGCCGGTTGGATGTGGGACTCATCCGGGCGCCCGTGGAGGCGGTCGACTACCCCGTGGAGGTGGTGACCTCCTCGCCTCTCATGATGGTGGTGCCGGCCGGGCACTTCCTGGCGCGGATGCAGGACGGGGTGCGGCTGGAGCAGTTCGCCGGTGAGGACTTCGCCGTGCTCTCACGCCGCTCGGAGCCTCGCATGTACGTGCAGTTCGAGCAGTTGTGTCTGGAGCGCGGGTTCCAGCCGCGCATCACCTACGAGGTGGACCAGATGCACCTCATGCTGGAACTGGTGGCCAGTGGACTGGCGGTCTCGACCGCGCCGGCCTTCATCCGGGGCGTGGCGCGGCCGGAGGTCTCCCTCCTGCCGCTGGTGGACCCCGCGATGACGGTGACAGCCGGGCTCACGTGGGATCCGGCCGCACCGCCTTCGCCAGCCCGCGAGGCCTTCCTGGCGACGGTGCGGGAGATGGGGCGCTCCCTCTCCGCCAACCTGATGACAATCCGCCAATATATTGGCAGGGCCGCTGACATATGAGCGGGAAGCCGGTAGAGCGGAGACATGGCGCAGGGTACTCCAGAGGGCGTGAGCGCTCCCGGCTTCCGGGAGGTGTTGTGCCGATGGGCGAGCGGTGTATCGGTCGTCTCGGTCCGTGACGCGCAGGGCCTCGCGGCGACGACGGTGAGCGCCTTCAGCTCGCTTTCCCTGGAGCCACCGCTCGTGATAGTGGCCCTCTCGGAGAGTTCGCGGACCCTGAAGCGGGTCCAGGACGCTGGACGCTTCACCGTGAGTATTCTCTCCTCCGCCCAGCGAGACATCTCGGTGCGGTGCGCGAAGGGCGAGGCCGAGGACGCCGCGTTCGACGAGGACGCCTTCGTTCGAGACTGTCTGGCGGGCCTCTCCTGCACACTCCTCGACACGCCCCGTTATGGAGACCACTTGCTGCTCATCGGGCAGGTGGTGGGAATCCGACGCGGAGAGGAGGGGGAACCTCTTCTGTACTGGAACCGCGCGTATCGAACCATTACGTAGGCACATCATCATCATCTCCCACCCCGAAAGGACGACCCCATGCCGTTCTCGCTGCCCGAGCTGCCCTACAAGAAGGACGCCCTCGCTCCCCACCTCACCGCGGAGACGCTGGAGTACCACCACGACAAGCACCACGCCGCGTACGTGAACAACCTGAACAAGCTGCTCGATGGCAAGCCCGAGCTGAACCAGTCGCTCGAGCAGGTCATCCTCAACAGTGACGGAGGCGTCTTCAACAACGCCGCCCAGGTGTGGAACCACACGTTCTACTGGAACTGCATGAAGCCGAACGGCGGCGGGAAGCCGACGGGGGACCTCGCGGATGCCATCACCCGCGACTTCGGCTCGTTCGAGCGCTTCTCCGAGGAGTTCTCCAACGCCGCCGCGACGCAGTTCGGCTCGGGGTGGGCCTGGCTCGTGCTCGAGGGTGGCAAGCTCAAGGTGACCAAGACGGGCAACGCGGACCTGCCCATGAAGCACGGCCAGAAGGCCCTGCTCACCATCGACGTGTGGGAGCACGCGTACTACATCGACTACCGCAACCTGCGTCCCAAGTACATCAGCACGTTCCTCGAGAAGCTCGTGAACTGGGACTTCGCGCTCCAGAACCTCAAGGGCGGCTGAGCCGGTTCATCGCATGGCGGGCGTCGCTGCCCGCCATGTCCCGG
NZ_CP137851.1_gap4	93735	94527	792	ACCACGGCCTCGCGCCCACTCCCTCCTCCCTGGGGGTGAGCCTGAAGGGGCGGCTGGACTTCCAACAGTTGGGGCTGATGGGCCACTCGCGTGGCGGCGAGGGCGCACGGGCGGCCTACGCCCAGTATCGCGACCCCGGCAGCCCCTGGAAGCAGCGCATCCCCGACAACCTTCGCTTCCACGCCCTCTTCGAGATCGGCCCCGTGGACGGGCAGACCTCGCGCGTGCTCGATGCGAACGACACGCGCTGGAACGTCCTGCTGCCCATGTGTGACGGCGATGTCTCCAATCTCCAGGGCGTCCGCCCCTTCGATCGCATGATGTTCACCGAGAACGAGCGTCCGGAGCGGATGAAGTCCACACTCACCGTGTGGGGGGCGAACCACAACTACTACAACACCGAGTGGCAGACGTCGGACTCACCGGGGTGCACCGGCCACGAGCCCCTGTTCTCGACCGGACCGGGGGTGTCGGGCTCCGAGCCCCAGCAGGAGACGGGCCGCATCCCCATGCTCGCCTTCTTCCTCGCCAACGTCGGTCAGGCCCGGGAGCAGAGCTGGGATCGGCTCTTCGATCCACAGTTCCCCGTGCCGCCGAGCCTGACCGCCATCACCCGAGTGGATCGCGGCATGACGCCCAGCCCGGACGAGGACATCACCCTGCGGCTGGAGGACTTCCTCGGCCCGACCGGCATCGGCACGTCCGGCGTCCCCAATGGCGCGAGCAACATCACCATCGCGCACGGGCCGATCTTCGAGCATGACCCGCTGCTCCAGGGGGCGCGGATCTCCT
NZ_CP137851.1_gap5	96436	97270	834	GGTTCGTCGCGGGAGCACGCCTCTTGACGTCCCAATGAGTCGTGTTCGCGCCCGTGGGCGTTCACGGTTTGCGGCCCCACACCTGGAAGAAAAGGTGCGAAACCACCAACGTATTGGCGTTGTCGAGATGGCTCCGCAACTCTTGCATGAGCGCGCTCAACTCTCCCTCCTTGACGAAACCTTCCCTGATGGCCACGTCGCGAATGTTCTGGATGAAGTCGAGGAAGATGCTCCGGCGGTGATGCCCGGGCGGGTAGACGTGGATCACCGGATTCACTTGAAGCTCCACGATCCCTGCGTCACGCAGCATCCGGTGGGTTCTCCTCCCGACGAACAGGTCGACGCCCTTCGCACGAGAGTACGCCTGGAAGATCTCGAACAGACGGTCCCAGGCGGGGCAAGGTGGGTCGCACATATGCGGGAGGTAGTCCGCCTCATGGCTCGCAATGACACCTCCTGGACGCAGCAACGAGACCATCTCTTCGACGGCTTGTTCCGGCTCGGGGATGTTGACGAGCACCAACCGCGAGAACACCACGTCGAACGACTCTCTCGGCAGGTGGGTGGCCTTCGCGTCCCCTTGCACGACCTCGACATTGGCGAGCTGTCGCGCCGCCACGAGCTCGCGGGCCGACGCGACGAATTCCTTGCTCTTATCCAGCCCGACCACGGTCCCATGCGGCCCCACACGCTCGGAAAGCAAATCGAGCACGCCCCCCTGTGGCCCGCAGCCGACATCGATCGCCCTCGCACCAGGGCGAATCTGGAGTTGATCAAGCAACCACCGGGCCTCACCCGCGAGCTCCTGGACCTGCTTGCGGAGACGCTCTTCCT
NZ_CP137851.1_gap6	113941	117089	3148	GGATTCCAACAAGTGGAACATCTCGAAAGCAGACACCGACTACGTGGAAAATCACAATGACTTCCACAACCATGCCTACAACCCAGGGGAGCTCTGCCCCAAGGTCCAGGCGGGTAATGATGGGAGCGACAGCACCTTCGTGGTGTCCATGCCCCAGCGGCCGGTGATCACCGGATTCTTCGCCGAGCAATTCTCGCCGAGCGCCGTCCCGGTGCTCCTCCTCCGCGTCACTGCCCCGAAGTCCCCTGACGTGTTCGCGCGGCTCATCGTCCGAAAGAAGGGGGGGTCGACGTTTCACTTCGCTCAAACGGAGGAGCCTGTCAAACCCATGAAGGGCACACCCGTAGGCCCGTGGCGGTTCATGAAGATCCCACAGAGCGAGAACGTGTTCGCCTTCTGGGCCGGGAAGACCCAGGGAGGACCGGACTTCTCCGGCGAGAATGGGACGTACGAGTTCCGGCTGCAGGTCGTCGACTGCGGCGGCAATGTCAGCGACCAACAGATGGTTGAGGTGTCCGTCGACTGGCCCTGACTGATGGATGCAGATTGGAGGCGGCGGGAATCGAAGCCGCTAACGGCGGATCCGCCTCCACTCGGGACCAGAGGCACACCCCCTGTTTTCCCTCTGAAAATGGGGCGCCCATCTGTCCGGGCGAGTCCATGCGCGTCCGTTCGATTTGGTCCTTTTTTGGTCCCCTTGGACCCCTCGCCGGGCGAGAGCGGCGGGCCCTCCAGCCCTGGATCTATCTTCTGGCGCTGATGCCTTAGCCTACTACCGCCGTGCCCTGATGGGCTCCACCGGGCCCGAGGTGCCCGTCGTGGCTGCCGGGTTGCCCTGGTGGCCTCCACCGGGCCCGAGCTTCGACTGCCGCGCCCTGGTGGCCTCCACCGGGCCCGAGCTTCGGCTGCCGCGCCCTGGTGGCCTCTACCGGGCCTGAGGTGCCCGCCGTGCTGCCCTCCCGCCGTGCTACCGCTGGGCCCTGTATGCTACGACACCACATCTGCGGTTGGCTGTTCGAGCAAACCAATGCGTTCACCAAAAGAACCGAGAGCGAGGAACCCATGAGTATTTCACCTAGAGGGATGAGTGTTCAGGAGGCGTATCGCCTCTACCGGGAAGGCTTTCTTCTCGTAAATCGCAGATACCAGCGGAAACTCGTCTGGACCGTAGAAGAGAAGCAGCGCCTGATTGGGAGTCTACTGCGTGGTTACCCGATCCCATTGATCTTGCTTGCCGAAAAGCCCGAGGTTCATGGCCCGAACAAGTACGAGATCATAGATGGAATGCAGCGGCTCAATTCTATATTTGCCTTTATTGAAAATGCATTCAGCTTCAATGATCAGTATTTCGCAGTTCGCGAATTCGCGCGAGCAAGCCAAGTTGCGGCAGCGGGGCTCTTTACTGAAGCACCAGAAGATCAACCCCGGCTCCCCCCTGCGACATGTGCGGAGTTGTTGGATTATCAACTCGCCGTAACAATTTATCCCTCACGCAACGAGTCCGACATTACAGAAGTTTTTGGAAGAATCAATTCAGGTGGCAAACAACTCAGCGACCAAGAAAAGCGGCAAGCCGGTGTTACTGGCAGGTTCGCAGATCTGATCAGGCAATTGGCCGCAGAGCTACGTGGGGATGTCTCAAAAGAGGTGCTTTTGCTTTCCGACATGCCGGAGATAAGCATCGAAACGGGTGGCGCCAGACAGGGCTATCGTGTTCGAGCAGACGATACGGTGTGGTGCAAGCAGGGAATCATCACTTCGGCACAACTAAGGGACAGCGATGACGAGGCAATGCTCGCAGACATTGCAGCATCTGTAGTCCTCGGAAAGCCCGTGCCCGCAAGTAAAGAATTCTTCGACCTTTTGTACGACCAATCGAAAAAAGAATCGCAGGAGGTCGAACAGGCGCTGACTGCTTACGGCGCATCACGGCTTCAAAACGAGATCAAGACGACCTTTTCGGTACTGAATGAGACAATTATCGCCTTTAGCAGTGACCGGAACGCCCTGCGCAAGACGGTAAATCCCAAAAGTGGGAATCCAATCAAGACCGCCTTTTATGCTGTTTTCATGGCTTTTTTCGACTTGATTGTGCGCCAGGAGAGATCGCCCGACAACCCCATGGAAATCATGGCCGCACTCAAAGGACTGAGGAGCAAGCTCAAAGTGAGTGCGCACTACGCAACCACGGAAGACCGAATCAACAACGTCGGACTCACCAAGGGCTTGATTGAGCGGCATTTTGTACGCAAAGAACCGCCCGTTCTGAGACATGGCCCTGGGCTCGTAATCGACTTTGAAAACTCGCTAAGACGCTCCAAGATCGAGACTCCCCGATACGAGTTCAAGCAGGGCATCCTCCGTCTATCCAACGACCGGAAGCGCGATGACGAAGTGCTACGTCGCCTACCCGAGATGCTCTGTGCGATTGCCAACCTGGGTCCACAGAGCGAGGGCTATCTGTATTTTGGCATCGCAAACAATCAAAAAGATGCGTCGAGAATTCAAAGCCTAGATAAAATCAATCCAATCCAGGTTGGCGATGCCTTTGTGGTCGGTATTGACCGTGAGGCGCGAAATCTAGGACTCAGCGTTGAGAAGTATGTTGAGCAAATTGTCAGCGCGATCAAGAACTCGAATCTTTCGGAACCGCTAAAGACTCAGGTTCTGGCCAGCGTTGATACAATTGATTACAGGGGGCTCTCTGTTCTCCGCATTCAGGTCCCGCAGCAACGAGAGGTTTCGTTTGTTGGCGAGGAGGCGTTTGTTCGGAGTAATTCATCCACTGAGTTGGTAGCAGGCCCAAAATTGCTGGCGGTCAGTCGCTTGTTTAAGGGCTAGAAGCCCGACTTCGGGGCTTGCTTTGCAGGCGGGAATGTGACGTTCCCGAGGGTGTTGGCGTTCACGAGGAAGCGCGGAAATTTGGACCGGGAAGCCGGAGGTGTGCCGGGGGTCCGGCATCCCGGTCCGAGGTGAGGCTCAGCGCTTGGACTTCGCCTTCCTGGTCGTCGCGGCCTCCTCGGCCTCGCGGCGGCGGTAGCTCTCGCCTTCGATAGCGAGGACGTCCGCGTGGTGGATGACGCGGTCAATCAGCGCGGTGGCGCACGCGGCGTTGGGAAAAATGGTCGGCCAGTCCGAAAACGCCAGA
NZ_CP137851.1_gap7	118107	120038	1931	TTCGTGACGTCCAGGTGTTTCCAGGGACGGCTGCTGCTGCGTCCCAGCGCGGAGGTGAACGAGGTGGTGGGAGGCGTGCTGGCGCGAGCCGTCCAGCAGAGCGGAGGCAACGTACGGCTGCATGCCTTCACCTTCGCTTCCAACCATTTCCACCTGCTGGTGTGGACCCGAGGAGTGGCGCTCGCCTCCTTCATGCAATACCTGCGCGCCAACCTCTCCAAGAAGGTGGGACGGTTGGCGGACTGGAGTGGAGGCTTCTGGGAGCGACGCTACTCAGCGGAGCCGGTGCTGGACGATACGGCGCTGGTGGGGCGGTTGCGCTACGTGCTGGCCCATGGAGTGAAGGAGGGCCTGGTGGAGAGGAGTGCGGAGTGGCCGGGACTCACGTGTCTGGCGCAGCTGCTGGGGTCGGCGCGGCGAGTGTTCCAGTGGTTCAACTGGACGAAGCGCTGGAGCAAGAGAGGGAGCGAGGACACGGCAGAGGGGGAGGGGCGCTTCGCCGAGGAAATCGCCGAGCCGGTGGAGTTGGAGGTGGCGCCCCTGCCGTGCTGGGAAGGACTGGGGGAGGAGGAGAGGCAGCGAGCGGTGAGGGGACTGGTGGAGGGGGTGGAAGCCGAGGCTCGTGCACGGGACACGCCTGTGTTGGGGGTCCAGGCCGTGCGGGCACAGCACCCGCATACCCGGCCCGAGCACCTCAAGCGCAGCCCGCGGCCATTGGGGCATGCCTCGACGCGCCAGGCCTTGAAGCAGTTGCGTGAGCAGTACCGGGCCTTCGTCGCGGCGTTCCGAGAGGCGGCGGCACGGTGGATGGGAGGGGATTTGTCGGCCAGCTTTCCGCTCTTCTCTTTTCCGCCGCGTGTCGTGCCGGGTCGCTTCACTCGAATTCTCTGACACCCGTTCTGGCTCATTCCCCTTTGACGGAAAGGCGAGCACCGTGCTCGCCCAGCACCTGCCGCGGGTGCTCCGCCCGCCCACGGGCGAGGCCTGAGCCGCGAGGGCGCGGGTTGCCCCGGATTCGGGAGCCCGGGGGCTGGAGGGCCTCGGCGCGTGGCCTGGGCCCTCCAGCGTCTCATGGGCTCGGAGGTGGGCTCAGAGATGCAGCCGGTAGCCCACGCCCGCGGCGAGGAAGCCGCCGAGGTTGACGTCACCGGTGGTCAGGAAGTCCACGCGGGTGAAGTGGTAGTGGACCTCGGCGAAGATGCCGCCGGGGCCGAGCTTGTACTCGGCGCCGCCGAGGAGCTGGAAGCCCACGGTGGTCGCGGACTCGGTGTACGTGCTGCCGAAGGCCTCGGTCTCCGCTCGGTGCAGGTAGAGGCCGGGGCCGGCGCCCACGTAGGGGGTGAGGGTGCCCTCGAGGAGGGTTCCCTCGAAGCGGTAGACGGCGGACAGCAGGATGGCCATCTCGCGCTCGGTGAGCGTGTAGGGGGCGTCCGCCGGGAGCTGCGGGTCGCTGAGCGTGCCGCTGACCTGCGGCTGGTGGAAGTTGAACTCGGCGACGATGGCCAGGCGGTTGCCCAGCAGCGGGGTGAGGTAGCCCGCCTCGGCGCCGAGGAAGAAGGCGCCGCTGAGCGGGGTGGTCGTCTTGAAGAAGCCCAGCTTGGGAGCCAGGAGGATGCGGCCTCCGGGCTCCTGGGCGGCCGCGGCGGCGGTCTCCTGGGTGGGCATGGGGGGCGCGGGCGTCTGGGCAAGCGCCAGGAGGGTGAGGAGGGGAAGGGCGTTCATGGTGGTGAGCTCCGGGTGCCTAGTAGACGAGGCGCTCGACGGTGTCGGTGGGCGTGCCGCCCGTGTCATTGGGGAAGCCGCCCGCGGCGTAGACGAAGGCGCGGAAGAGGACGTTGCCGGAGAGGTAGCGCGGGCCGCCGCTCAGGTAGGACACCGAGGTGGCGTTGAGGGTGCCGTCGAAGCTGGTGTCACTCGTGCACTTCGCGGGC
NZ_CP137851.1_gap8	121398	122803	1405	TGAGGCCCGAGTAGTTGGCGTAGACCGGGTTGGTGGTGTTCTGCACGCGCACCACGTAGAGGCCCTCGGAGAGGCTGAAGCCTCCGGTGGCCGCCACCTGGGTGCCGATGGGGGTGTACTCGACGCACTTGTCCGCGGCCACGTTGGTGACGAGCGCGCGCAGCCCGGTGTCACTCTGCGTGCCGGTGGCGGTGAGGTCGCACGCGCGGATGTTCTGGCTGCCGATGGGCTTGAGGAGCAGCTGCACCTTGGCGTTGGTGCCGAAGTGGGTGCCCGTCACCACCAGCGGATTGGCGGCGTCGGTCAGGCCGTTGGTGGTGATGGCGCTCGGCGCGATGGAGGAGATGGCGGGCACCGGGTCCTCCAGCACGGTGAAGCCGTTGTCCGCGGACACCGAGCCGGTGGCGCCGCTCGGGTCCTTCACGTGCACCGCGTAGGGGCCGCCGGGGACGATGCCGTTGGGGCACTCGGGGTCGGTGAGGGGCAGCGCCGCGTTGCCCGAGCAGGTGGGCACCACCGCGGTGACGGTGTTGCCGTTGACGAAGGCCGCGCGCCGCAGGGGAATCTTCACGGTCTGCGTGGGGTCCGCCTTCAGCGGTGCGGAGAGGATGAGCTCCGGCAGACCGCCGGAGAAGGCCTGCTCCTCACTGGTGGAGGGCGTATTGAAGATGGTGATGGACTGGTTCTGCCGCTTCCAGCCGAAGCGCGGGTCGATGTTGAGCGTGCCCAGGCGCGCGAAGCTGACGTCGAGCCCCTGGGCCAGGGTGAAGGCACAGCCCTCGGGGTTGGTGAGCACCACGTCATAGGTGCCCGCGGCGGTGTTGGGGGGAAGGTTCGCCGTCACCCGGGTCGCGGACACCACCGCCACGTCGGTGAGCGTCACCTCGGGGAGGTCGGTGCCGCGGATGACCACGGTGGGTACCTCGCCCGTGCGGAAGCCCGTGCCCACGAGCTCCACGGGAGAGGGGGCCGTCTGGGTGAAGCCCGCCGGCGCGGTGGTGCTGGTGAGCGTTGGCGGAGGCACCACGAGCAGGGCGTCGGCGAGCTGTCCGGTGGTGCCGCTCGGGTTCTTCACCTCCACCGTGTAGTTGCCGGGCGCCAGCTCCTGGGCGGGCGACGTGTCGCGCGTGGGCACGTCCAGGTCGAGCTGGTTGGCGCTGACGAAGAAGACGCGCTCGCGGGGGAGCGTGGCTGTGGTGGTGGAGCCCCGCAGCGTCACCTCGGGCAGGCCCACCCGGGGCGAGTCCGTGAGGACGTCCTGGGGCACGGGGGCGAAGCCGCTGCCTGCCAGCGACACACGCCAGCCGGCGGTGCCTCCCTGCGCGTTGCAGACGCGGGCGGGTTGGAAGCCGGGCTGCCGGGGGTTGGTGGCTCCGGAGACGGTCGGGGTCGGCCCCTCGATGGT
NZ_CP137851.1_gap9	264725	269502	4777	GCGCCTCGGCGAAGAGCGGCTCGAGGCCGATCGGCTTCGCGCCCTCCGGCGGGGTGGGGACCTTCACCGGCGCCGAGGCGATGGGACCCTGGGCGGGGGGCGGCTCGTTGCCCGTGAGCGTGAAGACGAGGTTCGAGGCCCACCGGTAGGAGATGATCATGCCCGACGCCGTCAGGACGATGATCACGGGCAGGGCCCAGAAGCCGATGGTGTTGTGCCAGTTGAAGTCCCGCGCCTTGCCCTTCAGCCCGCCCCTGAACCAGAGGACGGGCCGCACCGTCTTCATCGTCCACTTGCGAGGCCACCACAGGTACAGGCCGGAGATGGCGAGGAACAGGAAGGCGGCGTTGCTGACGCCGGTGATGGCCTTGCCCACGGGGCGGTTGTCACCCTGCGCGCCCAGCCACCGGTGCCACTCCTCCATGACGTGGAAGAACGAGCGCCAGCCCTTCGCGCCCTGCTCGCGCACCTCGCCCGTGTACGGATTCACATACACGCCTTCCGAGCGGCCGGTGAGCACCAGCACGGCCGAGTCCGGCTCGGGGTACACCGTCACGCCCGAGGGCTGCGCCTTCGGATGGGCGGCCTTCACGCGGGCCAGCAGCTCGTCCACGGACAGGCGCGGCGCGTCCGGCGAGGGCACCTGCACCCGCCGGTTGTCGCGGTCGGCCTGGTCGACGATCTCGGACTCGAAGGCGATCGCCGCTCCGGTGAGCGACATGATGCCAATGACGATTCCAGCGATGACTCCGGACACCAGATGGGGCCAGAAGATGATCTTGCGAAAGGTGATGCTCATCGGGTGCCTCGGGTGCGGAGCCCCTGTCCGCGCTTCACTTCAGGGAGAACTGGACGGGAATCTCGACAATGACGCGCACCGGCCGGCCGTGGTGCCCGAGCGCCGGTGAGAAGCGCCACTGGCTGACGGCGGAGATGGCCGCCGCGTCGAGCTCGGGCACCGAGCGGACGATGCGCGTGCTCTCGGGCTCCACGTGCCCATCCGTGCCGATGATGATGCGCACCAGCACGAGCCCCTGGATGCCATCGGCCTTGGCCCGCCGGGGGTAGCGCGGCTTGACCTGCGCGAGCACTTCCGGAGCGCGCGCCACCTGCTTCAGCTCGAGCGCCGAGCTACCCGTGGCGCCCAACAGCCCGCCCTCACGTCCACCAATCACGCCGCCCACGATTCCCGCCACCACGCCTTCCACGCCCGGGCTGCCCACCGCCTCGGTCGCGGGCGGCTCCTCGGTCTCCGGCGGGGTGTCCCGCACCGTCTCGGGGTTCGCCGTCTCGAGCGGAGTCTCCACGGGCTCGGGGACCGGCTTCTTCATCGCGAGCGTCGGGACGACTCGCGGGGTGCGCGTGCGCGCCTGGCGCTTCACCGGCTCGGGAGCCGCGGAGTGGGCGGCGCTGGAGGCCGCGGGTGGCGGAGGCGGGAAGGAGAGGAACACCACCTCCGGCTCCTCGGGGAGCGTGGCGGCCTTCGGCTCGCCGTGGGGCTGGGTGAGCCCCAGGATGACCACCCCGGCGTGCACGAGCGTCGTGGCGAGCACTGCCCAGGCCCAGCGCTCCCGCTCACCGGCACCCGACGTGGCCTCGCCCATGCGGAACAGCCCCACCGGGGGCTTCGCATCCTGCGGCGTCGTGGGGGTCACGTCTTGCACCCCAATATGGAAATTGAGAATCATTCTCAGTTACACCCGGGGCAGAGATATCCGACGTTGTTTGGACCGTCAATGTGAGGTGCCTCGAGTGTGTGGGGGGGGGGGCACGGAGTGTGTATTTCAGGGCTCGGCGCATTGGCGGAGGAGGTTGTTGTAGACGCCCGTCAACATGACGAGGGAGGGGCTTTTGGGCACCTCCTTGTTGAGCTGCATGATGGCCATGTCGAGGTCGAAGAGCAGCGAGCGCTGCGAGACATCGCGGAGCATGCTCTGGACCCAGAAGAAGGACGCGAGCCGGACGCCGCGGGTGACCGGGGTGACGTGGTGCAGGCTGGAGGCGGGGTAGTAGATGATGAGGTCCCCCGCGGGCAGCTTCACCGAGTGGCTGCCATAGGTGTCCTCCACGACGAGCTCGCCGCCGTCATAGGAGTCCGGGTCGGAGTGGCGGAGACGTCGGTGCGCAGGCGCATCGGCGTGCCGGTGATGGGGCGGATGGCGTTGTCCACGTGCGAGCCGAAGGTCATGCCCGCCTCGTAGCGGTTGAAGAGGGGCGGGAAGACGCGCTGGGGCAGCACGGCCGAGATGAAGAGCGGGCTGCGCTCGAGTCCCCGCAGGACGAGGTCTCCGAGCTCGCGGGCCTCGGGGCTGTTCTCCGGGAGCTGGAGGTTCTTCTTCGCCTGGGCGGACTGGTGGCCGGCGGTGCTGCGGCCATCCTCCCAGGACGCCTGGGCGAAGACCTCGCGGCAGCGGGCCACCTGCTCGGCGGTGAGGACGTTGGGGATGTGAAGCATCATGGGAAGAGGTCCTTATAAATAACCAGATGTCGCGTTCAACGGCAGAGCGACTCGTGGGACCGGTAGGCGCCCCGGATGTCCGCGCCCTCGCGCCAGAAGAAGGCGGCTTCGAGGTACTCCGGCCAGTCCCGCCGGGAGAGCGGACAGCGGAGTGCGCGGGCGGCGGCCGGTGCCAGCAGCGAGTCGTGCGTCACGAAGACATGGAGTCCCTTGATGGAGCCCGTGCGGTCGATCATGTGGCCGACGAGCATGGCGGCCGCGGAGGTAGGGTCCGCGAGGCCTGGGAGCACGCCCTCTCCGTTGATGAGGTGCTCCAGGAATGACTCCAGACCCAGCCGTTGCAACGTCTGCCCTCCAAGGAGTGCGTCCACGATGAACGCACCCGGAGCACCGAGCAGCCGATCAGGGAGGATGTCGAGGTTCGCCCGGGCTCCCTCGCGCAGCGCCTCCGCTGTCTGCATGCAGCGGAGGACGGGACTGGTGTGCAAGGCCGCGAGCCGGCCGCGCATCAGCCCGCCCAGGTGCTTCGCCAGGGTCATTCCCTCCTCCGTGAGCGCGAGCTCATCACCCGTCTGCCCGGGAGGGATGGGCGGTCGGGCCGCGTGGCGCAGGAGCAGGGCCACGGGCCGCTCGGGAGGTAATCGTGCGAGCCAATGGAGGACGGACGTGGGGAGCATGGCGCATCCGGCTCTCAATGCGGCTCCAGCGTGAAGAGCCAGTTTCCTCCCGCGAGCCTCTGGCTTTCGAGGTAACGCAAGCCCACGCGCTCGAACAGCACGCGGAATTGTTTCCCGGTGCGTTCGCGTCCACCGGTAGAGACGAGCATGTGCAGATCGAGCAGCCCACCCCCCGGCTCCTCCTCATCGAGCAGGAATTCGATGACATGGAGCCGGCCACCGGGACGCAGGGCTTGTCTCGCCTGCTCCAGGATGAGCGCGGCCCGGGCCTCGTCCCAATCGTGGAGGATGCGCGACAGGATGACCGCATGGGCTCGAACCTCCCAGGGCGTGAAGATGTCCGCGGGCAGGAGGGTGACGCGCCCGGCGAGCTCCGGGGGGAGCTCGACCTGCCGCGTGACTTCCGGACGTTCCAGCAGGACTCCTCGAAGCCCAGGACGCCGTGTCAGCAACTCGAACAGGAGTGTCCCAGTGCCTCCTCCCGCGTCGACGACGATTCCCTGTGTCAACGCTCGTAGATGCTCCGCGAGGCTCGCATAGTCCTGACGTGCATAGCTCGCCATGGCCCGGTGGTAGCTCGCCACGCGCCGCGGATCTTCCGAGAGCTCGTCGAAGAAGCGCGGAGGCTCCCAGGTTCCTTCAGCGCGGAGGGCTTCGGGGAGCGCTTCCCACAGGCGGTAGCAGTCTCGTCCCCAGTGCAGTGCCGCATCCACCATCTGAAGGGGGTGCTCCCGGTGGAGCAGGGCGCCTCGGGATGTTGTCCGCCATGTGTCTCCCTTGCGTGTCACGAGCCCCAGCTCGTTCATGGCTCGCAGCAGCCGCTCGCATCGGTCCGGTGCAAGGGCCCGCAGCTCCGCGAGCTGGGCCGTGGTGGCCGGTAGGGCCTCGATGATTCGCAGCTCCGCGGCGGCACGGAGGGCTTGCGTCTTCCAGAAGCCCACCATGTCTCCCGACAACGACTGCAACTCGCCGCGCCTGGGCGGCCGCAGCTCGTGCACGGACGCTCCCTCCTCGTCGATGACGAGCAGGGAGCCATCCTCACACTCCACCCGGGCCTGCCCGTTGTAGAAGGGCTCCACCATCGCGAAACGCCGCGCATACAGGGGCTCGCCCGCGGTGTCCACGTGGTACCAGCCGCGCTCGTCCCGGGCCCGGGCGTAGCCCTTGTGGAAGACGTCCAGGTCCAGGAAGCGCCGCCCGTTCAGCGGCCGGCCGTCCTTGTGGATGTGCAGGTGCAGACCGGAGGCGTCCTGCGCCACCGCGAGTCCATCCCGGAAGTCTCCCGCATACGCATACCGTTCCGCGTACGCCGGGTGCCCCGTCCGAGCGACATGGAAGTAGCGGCCGTCTTTCGTGCGCACCGTGCAGCGATCGTCCTGGAAGTTCCCGCACCACGCATACCGCTCGGGTGAGAGCTCCGAGCCGTCGGGGCGGATGTGGAAGGCCCCGCTTCCGTCCACCACCGTGGCCAACTCCTCGTAGAAGCCGAAGGTGCGGGTGAAGCGCCGCGCGTAGACGGCCCGGCCCAGGACGTCGATGTGGAAGGCGCCCGTGCCATCCTTCGCCGCGGCCAGTCCCGGGGCATGAAAGGACAGCACCTCGATGAACCGGACCGGGTAGAGCGGGGCCCCTTCGCGGGTGT
NZ_CP137851.1_gap10	455897	460825	4928	GGTGACGCGGCGGCGCCCGAGGCGAAGTACCTGCGGCGCGCGGTGAGCCTCTGGTCCCAGCACCCCACCTCCGTGGAGCTGCAGCGCACGGTGATGGGCGAGCAGGGCCGTGGCTACACCATGCTGTGCAGCTACGCGAAGTGCAACGGCGCCTGGACGGGCAGCTGCGGTGGCTCGTACAACTGGTACTCGTACGCCAAGCACGACTGCCAGCACGGCGGCTTCGACCTGGCGAAGAACCAGCAGATCGCCCAGCTCGGTGACCACACCTCGTGCAGCGGCGACGAGTTCTACATGAGCGGCACCACGTGGGTGTGCGGCGAGCCGGACCACTGGAGCCGCCCGAAGGTGATGGGCATCTGCTTCGGCCGCTGCGGTGGTGGCTGCGGTGGCGACACCCAGTACACGCTGGACGCCACCAACCATGACGGTTGCGTGCGCAACGGCCACGCGCTGGCGAGCGCCTACTGCGACGACCAGTTCGTCTCCGCGAGCGACGACGAGATGTTCGCTGGCAACTGCTACTGACGATGCGCTGGCTGAACGTGAGGGCGGTGCCTCGCGCCGCGTTGTGGCTGGGCCTGGTGGCCGCCCTCGGCTGTAACACGGAGTCCCGGAAGACCGAGGCCGCGCGGACCACGGTGCAGCGCTTCTTCGAGGAGCTGCCCTCGGGGGACTGCGCGGTGCTCGCTCCCTTGCTGACCGGCAAGGAGGGCGACACCTGCCAGGCGACCGTGCAGGAGCTGAACGAGCACGGTGTCTCCCTGGTGGAGGTGCTGGACGCGAAGGTGGACGGGCGGGACTCGAGCGCGGTGGTGGTGCGCGCGCGGGTGGCGCGGGACGGGAAGGTCCGCGAGCAGCCCATGTTACTGCGCGTGGAGCGGCACCCGGACGGCTGGAAGCTGCGCCTGTAGGGGCGGCGCGCCGGACGGTTTTGGGAGACAATGGAGGAGCGATGAACAACCGGTCCCGTTTTCTTCTCCCGCTCGGTGCGGCCCTGGTGTTGGGGGCCGCGCTGATGCTTCGTTTCGTGCCCACCGGTCCACAGGCCGTAGCTCCGGCCGGGGCGCCGCCGCCCGTGACGGTGTCTCCGAGGGCTCCGTCCGCGCCCATCTCCATTCCAGCGGATGCGCGTGCGCGGCTGGCCGAGAAGGTGAAGTCCACGCATGGCGCGGGGGGGACATCGGAGGGGAGGGGGGCGACGGTGGTGCCCATCGGCCCCGGGGACGTGGTGCCGGAGCCCGAGGTGGCCAATCCATTGCCGCAGCAGAACGATTCCATCGAGCCGGAGAAGCCGCAGACGGCGGAGTGGAAGCACGGGAAGCTGGTGCGCATCACGGAGCTGAGGACGCGGGATCTGGAGCGGCTGGAGGTGGAGAGGGCGGAGGCGGAGGCGAGCGGGAACAAGGAGGAGGCGAGGCGGCTGGCGGTGCAGTTGTCGCGTCACCGGGCGAGGCTGGAGGAGCTGCACAAGCAGACGGCGGCCCTGGCGGGACAGGCGAGCCAGGAGCAGGCGGATCGGTGAGCGTCGCGTGAAGCGGTGAGCGTCGCGTGAAGCGGTGAGCGTCGCGTGAAGCGGTGAGCACCTGCTCCGGACACATCCCCTCTCCCCTCGGGAGAGGGACGGGGTGAGGGTATCGGATGAACCCGGGTTGCGATCTCCCTCTCCCTTTGGGAGAGGGCTGGGGTGAGGGTCCGCGCGGAACCCAGGTCCTGCTGTGGCTCGCGCTGTGGACGCTGAGTGCCTGTGCCCCGACATCGCCCACGCCGAGCCCCTTCATCCGAACGGACACGGTGGTCTCTGGAACGGAGGCCCCGGATGACGCCGCGGTGGTCGCCCTGTTGGCGAGGCGGGCGCGCTGCACGGGAGAGCCGCTCACGCTGCTGTGCACGGGGTCGCTGATCGCCCCGGACGTGGTGCTGACGGCGGCGCACTGCCTGGAGATCTTCGGGACGGACGGGGCCTACGAGGTCTTCCTCGGGACGAAGCTGTTGCCGGAGCCCGAGCCCGGGGGCCGTTTCGTCCGGGTCGCCAGCGCGGCGCGGCACCCGGGCTACGAGCGAACGAGCCACGCCTACGACGCGGCGCTGCTGCGCCTGGCGAAACCGGTGAACGAATCTCCCCTCCCACTTCCTGGGCCCGGGAAGGCTCCACTGGAGCCAGGCCAGTCCGCGCGGGTGGTGGGTTTCGGGGACACGAAGGACGCGAGCTCCCCCGCGGGGCAGCGCCGCCAGGGAACGCTGGTCCTGACACAGGTGGAAGCGAGCGGCTTCCGAGCGGACCCCGCGCCGTCCATGAGCTGTGTGGGGGACAGCGGAGGGCCGGTGCTGGTGCGGGGCGCGGAGGGAGGCGAGGTCCTCGTGGGAGTCACCGCGAGTGGTGACGTGGCCTGCCGCGAGGAGGCCTTCAACGTCCGGGTGGACGTGCTGCTCGAGGACTTCATCCAGCCCTTCCTCGCCGGGCAACTGGAGCCACGAGGCCCGGAGTTACCCCTCGAGTCCCTCTGCACGGCCACCTGTACGAGCGATGCGCAGTGCCCGGCGGGGCTCGCGTGCGAGACGGTGGCGGAGGGAGGAGCGGCGCGCTGCCTCCAGCCGGCGTTGCAGGAGGGGAACTACGGCGCCCTGTGTTCCGAGGACGCGCAATGCGGAGCGGGCAGCGTCTGCGCGCGCCTGGAGCCCGAGGGCGAGGACGCGTGCCGCTGCTTCACTCCCTGTGTTCCGGCACCGCTCCCCGAGGAGGCGAGCGGTTGCACGGGAGCGCCGGGCGCGAGCCCCTGGGTATGGGGGCTGGGCGCGTGGAGGCTGCTCGTCAGGAGGGGCCGGACGCTCAGCCGCCGTGGAGGGGCAGGCGCTTGCGCGGGCCGCCGCGGTGGGTGATGTCCATTTCGCTCGGGGCCTTCTTGCGGCCCTGCACGGGCGAGCCGCGCTTGGCACGCGTCTCCTGGCGCTGTTTGGCCTCGTTGCGGGGATTCTTCGGACGCTCCTCGCGGCGGTAGGCGGCGGCGGACTCGGTGGCGACCGTCTTGCGGTGCGGCCCGTGGCGGTACTGGGCGGCGGCCTCGTCCGGAATCGTCTTGCGGCGCGAGGTGGAGCTCCCCGTTTCGGGCAGGGGCAGCTTGAGGCTCTGGGCCCTCTTGCCCTCGCCGGGCGGACGGCGCCGGCTGACGGAGCGCTCGGTCGTCTTCGCGCGGCCGACGACGCCACCGCTCTTCTTCAGGGAGTGGGCGCTCTTGCCGGCGGGGACGCCACCAATGTCCGTGGCCTTCACCGTCAGGGTGGTGCCCTTGGCCTTGGCGCGCCTGGCACGTAACTGCTGGGTCTTCTCTGGCATGGGTTCTCCCCCCCAATGGAGGTAGGGATGGCCGGCCGGAATGACCAGGGGAGGCCGGACCATCGCGGGGGTGTAGGGGTTGCCGGTGGATGCGGAAGCGCTACGGGGCGTTCCCCCGCTTCGTCTTGCGCCGGGTGACGGTCCTCTTGCCGGGCCGCACCTCGGTGGTGGCGGGCCCGAGTCCCACCGGCTCCGTCATCGCCGGGCCGGGAGTGGCCTTGCGCAGCAACTTCTGCCGGCGAAGGGCCGCGGCCTGGTCGCGCGGCACGGTCTTCTTGCCCCGGCTGACGCCTGGGGCCTGCCGGTTGGGCAACGACTCGTCGACGCTCGTCACCCGCCTCTTGTTCTTGACGCCTGCTTCCCGGGTCCTGACAGCCATAGAGTGGCCTCCTGCATCGGAGGTAAGGACGCCCGGGCTGGTTTTCCATCCCCCCGCTGGCTCACCCGTATGCCGGGCGCTCGCTGGCTCAGCGCCCCAACCCGGCCGTGGCCCGCGGGCAGTCCTTCACGATGGCCTGCGCCTGCGCGTCCCCGTCCTCCGCCTCGCTCAGCGCGCGCGACACCGAGGTGGAGCACTTGAAGGGCGAGGGCGGCGTCTTCGCGTTGCAGCAGCGCCACCCATCCAGCCTCTTCAGGTAGCCGAGCGCCTCGCGCTTCGTGGGCATCACCATGAACCACACCGAGGCGAACACCATCACCAGCCAGAAGCCCTGCCAGCCCAGGCCGCGCTGCCACTTCTTGGTGAACGCGGGCACGGCCTCCGGCTGCACCTTCTGGAGGCGATCGCAGTAGCGCCGCTGCACGAAGGGCGAGATGACCATGTCCACCGGGACGAGCACGGCCCGCACGAGGCCTCGCACCGGGCCCGGCGGGCTCCCATCCGCCACCAGCCGCAGGCCGAGGACACCCCGCCACAGCGTCCACCCGCTCAGCCCACCCGCCAGGGACATGGCGAACCACGTCACCACCCCGGCCACCACGAGCGCCCGCGGCGTCCGGTCCACGTCCAGCGCCCGCAGCGCCCCCCAACCCAGCAGCGCCGAGGTGGCCAGGTCCAGAAGGTCCGCGAACCACAGCCGCCACAGGTAGCGGGTGTCGGCCGGTTCGAACTCCGAGGAGAACAGCGCGTCGCTCATTCGTTCCCAGCATAGTCCGCGAATCGCGCCCGTCTCGGATTTGTTGCGCGCGGGGGCTCACCCGCCGTCGCGCTTGAGGTGCATCTGGCTGGGGGGCTTCTTGCGCCCGCGCACGGGCACCTCTCCATGGGGACGCTTCGGCAGGTGGGGCTCCGAGGCCGGCCCCAGCCGTGCCCGGGCCAGGAGCCGCTCGCGCCGGAGCAGCGGGAGCTCATCCCGGAAGGGGATGGGTCTGCCTTTGCTCGAGTCCGATCGAACCGCCATGGTGCTCTCCCTCCTCTGCAAGGTGAGGAATGGGCCCGGCGGATGGCACCGTCATCTCGGCGGGAGGCGGCTCAGGGCGCTGATCGGCCGCTCGCGGGACGGGAGGGGGATTCAGGAGGTGCGGCGCTTGCCCTTCGAGAGCTCGTCGATGGAGAAGAGCAGGCCTTCTCGGGGAGCGGACGTGGGCTCGGCCT
NZ_CP137851.1_gap11	518836	519820	984	TGATACGGCCCGTAGCCCGCCGCCACCAGCCGCTCCGGGCCCAGCTTCGTCTTCTCCCCCAGCAGCCGCACCACCGTCACCGCTCGCGCCGAGGACAGCTCCCAGCTCGTCGCTTCCGGTGCCGTCTCCGGCACCGAGTCCGTGTGCGCCGCCACCTGCACCAGGTGGCCCTCCACCGCCAGCTTCGCTCCCACCCGCGCCAACAGCTCCGCTCCCACCGGCGTCAGCGCCGCCTTGCGTGGCTCGAAGAGCAGCCGGTCCGCCAGCTCCACCCGCAGCCGTCCCTCCGTCTCCGTCAGGAAGACCTCGCCCTTCTCCAGCTCCGCCTTCAGCAACTGCTCCAGCTCCGTGCGCGCCGCCTCACGCCGCGCGAGCAACACGTTCTGATCCCCGGCTCGCTTGTTGAACGCCGCGTTCTGTGTGGTCAGTCCCTGCTGCTGTTGCTCCAGCAGGCGCATCCGCCGCGTCATGCTGTCCCTCAGCACCTGCAGCTCCGCCACCTGGGCTTCGGACTCACTGGCTTCGCGCTCCAACTGCTCCACCCGCTGCATCAGCGACGAGATGGAGCGCGACGCCCCCCATCCGCCCAGCACCGTCACCCCCAGCGAGCCCGCCAGCAGCCACCACGGCAACCACCGGCGCCGGCGCTTCTCCGCGTCGCTCGCTGTTCGTTCCATCCGGGCCCCTCGGTTCGCGTGGTTTGAACTCCAAGGATATTCAGGGCGCGCGGGTAGGTCTCAAGGGGGAAAGGGTGGCGCGGGCTCGTACCGTTCAGCGCAGCCAGTTCACCAGCGCCCACGCCGCCAGTGCGACCGGGGCCAGGAAGGCCGCCACGTTCACCGCCGACATGAGCAGCGCCGCCGCCGACCAGCCCGCGAACCTCATCCGGTCCTCCCGCGTCGGCGCGGGCACCGGCACGTCCATCCCGAGCGCGCTCCGCATCTCCTCCACCGTCCGGCCCAGCAGCGTGTCCCCGTACTCGGA
NZ_CP137851.1_gap12	561860	562418	558	TCCTCGATGGCATCCGCGTCCCCATCCTCTTCCACCTCTTCCTCGGGCCGGCCGTCATCCACCCGGACTTCATCGACTCCATCGACTTCTTCCCGGGCAACCCGTCCCCCCAGTACGGACGGCTCACGGGTGGCGCGGTGGAGGGCCGGCTGACGCGGCCTCGCGATGACCGGCTCCACGGCAGCGCCTACGCGGACCTCCTCAACGCGGGTCTCTTCCTCGAGTACCCCTTCCAGTCCACTGGCACCAACGTCTCGGTGGCCGGACGCATCTCGTACACGCCGTGGTTGATCGCCGCGGCGGCCAACGCGCTGCAGCCGCCCGGTGCCAACGACTCGAAGCTGGTGCTGGACTTCTACGACTATCAGGCGCGCATCGAGCAGGAGGTGGGACCGGGCCGGCTGCGCCTCTTCGCCTTTGGCTCCTCGGACACCTTCGGTGCCCAGGCGACGAGCGACGATGGCGTCACCGCGCTGCAGTCCGTGCTCTTCCACCGCGTGGACCTGCGCTACCGCCACCCCGTGGGCGGTGGCGAGCTGGAGGGCGGCGTCACCTGGG
NZ_CP137851.1_gap13	619066	622170	3104	GAGGTGTGACGACCGGGCGGGAAGCCTGGAGTTCCTACAGGCGGCCTGTGGAAAGGTTGACGGGCGCTCGGGGATGATGGGCCCGCCGTCCAATCCCTGTCTCACGTAGGAGTCACCCATGCGTCGCACCGCCCTCGCCGTTGCCGTGGCCTTCGTCCTCGGTGGTTTCTCCCAGCGCGCCTTCGCCGAGAAGCAGCCCAAGATGGAGGAGGCGCTCGTCCACCTTCGCTATGCGCTGGCCGCGCTCAAGTCCGCCTCCCACGACAAGGGCGGCCACCGCGCCAAGGCCGTCGAGCTCACCGAGAAGGCCCTGGACGAGGTGAACAAGGGCATCGCCGCCGACAACAAGCACTGACGTCAGCCCGGGTTTCCCACCTCCGCTGTCCGTTCTGTCTCCTCCAGGTGCGTCGTGCGAGAAGGACTGCATGCGCACCTGGTCCCGAACATCCTGGTTTCTCTTCCTCGTCCACCTGCTGGCCGGCTGCAGCCCCACCGTCGCTCCCGCCCCCGAGGCGCCCGCCTCGCTGTCCTCCGCCATCACCGGAGGCGTGGCGGCGCCGGAGTTGACCAGCGTCGTCCTCCTCCTCACTGACGAGGCGACGTGCACGGGCACCCTGGTGAGCCCTACCAAGGTGCTCACCGCGGCCCACTGCGTGGATACTCAACGCACGGGGCTGGTGCGTTTCTACGGCACCGATGGCATGGACAGGGGCTCCGTGCGCTACGTGGCCGAGCCGCACCCGAACTTCGGACGTGTGCTCGCCGGGCACCCGAAGGCGGACGTGGCCGTCGCCACGCTCGAGCATCCCGTCACCCGCCTGGCCCCCATGGCGCTGCGTACCGCCTCCGCCGAGGAGCTCACCGGGCAGATGCTCACCCTCGTCGGCCTGGGAGACCACCAGGACGCCGAGTCCTACGGCCGGCGCAAGCTGGACATGCGTCTGAGCCGTCTCGAGGAGCACATGCTCGTCTTCGATGACGACGACACACGCGTGGGCGTCGGGGTCGACTCGGGAGACTCCGGTGGCCCCGCGCTGGTGACGGAGGGCGGCATCCAGAAGGTGGCCGGCGTGGCCAGCACGGGGAACAAGAGTCGCGGGACCTCCAACTACCAGCGACTGGACCTCGTGAAGGACTTCCTCGAGGCGCAGGGGGTGGTGGCGCGCGCCTGCGAGAGCGGGGCGGACTGCACGGAGGGCGAGGCGTGCGTGTTGGGCACCTGCGCCCCCGAGTGGACGGTCGAGTGCGACCCGCTCGAGTCGGCGTTCCTCCATACGGCGATCGCGTGTCCGGATGGACGGGTGTGCCGCATCGTGCCCACGGCGGGCGGTTCCCTCCCGCGCTGCGTCCCGAAGGAGACGGCGACGGCGACGGCGGCATGCTCCGCGTCCAACCCCTGCCAGGAGGAGGGGGCCGGCTGCATCGACGAGGGCAGGGGAGGCCGCTGCGCTCCGCTGTGTGACCGGACGTTCGCCGTGAAGGCGGGTTGTGCCTGCGAGCCCCTCACGGGCAGTGTGCGCTGGGGAGAGCTCGTCTGCCCCGCGGCGAGCTGCGAGGGCGGTGCGGCGTGCCCCTCGCTCGTGCCCCACTGTGAGGACTCCTCGCGCAAGTGCGTGGAGTGCCTCGAGGACACCGACTGCGGTGCCGACGAGACGTGCTTGTACAACATCTGCAACCTCACCGAGGGAACGCAGTGCGTCCGTCCCTCCGACTGCCTGGGGTATGACCGCTGCGACGAGGCGAGCGGCCGCTGCGTGGGCTGCGACAGCAACAGCGACTGCACGGACGGTGCACGCTGCATCAGGGCGGTGTGCGTGCCCTGCACGGCCGACGCGCACTGTGGGGGCGATACCGTCTGCCGCGACGCGAAGTGCGTGCCGCTCGAGGCCTCCGACTGCGAGCCGAGCACGGGAGAGGGGTGCCCCGACGGGTTGGCGTGCCTCCTGTCGCGGACCCGGGCCTTCGCCACCTGCACCGAGGCGGGTAGCGCGGAGGAAGGGGCGGAGTGCAATGCCTGGAATGCGTGTGCGCCGGGCACCACTTGCGTCAGCGGCGTGTGCTCGCCCGTGTGTTCCACCCCCCTCGGCAGGGGCCAGGGCCTGTGCGGCGACGGCCGCATCTGCGTGGCTTTCTACGAGAGCGGACTGGGTGCCTGCACCGCCTGTAACGAGTACTGGCAGTGTGGGTCCGACCCGACGCGGCCCTTTTGCAGTGAGGGCGTCTGCGTGGCGTGCCACGAGGATTCGCAGTGTGGGGCGGGCTGGCGCTGCGTGAACAACCAGTGCGAGACGGTGTCGCAGGGCTGCCAGTCCGACGCGGCCTGCCCCTCCGGCCAGACGTGTGATGTGCCGAGCGGCCACTGCGTCGCGGCGCCTGCCGAGGAGGAGCCGACGGGGTGTGGGTGCGGTGCGGCGCCCTCCAGCGCGGTGCTGGGCGCTGCCCTCCTCGTCGTCCTGGGCGGCAGTCGGCGTCGGCCTCACTCACAGAGTTGACGCCTCGTGTCAGGCCGGTGGTGCGGGGCCTGCTCGGGTCAAACCAGTGATCCACGAAAGTGTCGGACGGGCGCAACTGGAAACCTACAAGGTCGATAATCGTAAATAGGCAGGTTCCCGTACATCCCCCGCCCCGGGCACACCCCAGGCGCGCGCCGCACCCCCGCGAGGTAGCTCCATGTCGATCAAGAAGACGGACGGCTCCACCTACGTTCCGAAGCCGAAGCCGCCCGAGCCGAAGCCTGTCGAGACGAAGGCGAAGCCGAACACGACGGCGCAGACGGCCAACCCGGGTGGCACGACGCGGACGGCGGGCAACCAGGTCCGGCAGCAGACGCGGGACGGGTTCGATGGTGGCAAGGCGCCCACCTCGACGGCGCGCGGCCAGACGGCCGAGAAGCTGGGCTCCACCACGGCGCCCGCGGGGACCCCGCCCAACGCGGCGGCGGACAAGGGCGCGCTGGCGAAGATTGGCCTGACGGAGGAGGACCTCAAGAAGGCGGGTGAGGCGGCGCGTCCGCACCTGGAGAAGGCCGTGCAGTCGGTGGCGGGTGGCCACCCGGAGCAGGCGCTGGAGCACCTGCGCAACGCGGCGCTGGCCTCGCCCGAGGT
NZ_CP137851.1_gap14	627189	628951	1762	CCGGCCCGCGACTTGCTCTGTCTCGTCGCGAGGGTGACGGGGAGGGCGGCAACGGGTTGACCTTGGAGGTCACCCGCCTCAGGCTTCGAGACATGGAGCGCGACCGGCGAGGCAACGCGGAGGCCTTTCCCCAAGCACCCTCCCAGCAGGAGTGGGAGGCGATGAGCGTGGAGGAGCGGGAACAGGTGGTGGCCTCACTGCCCGGTGAGGTGACGTGGGACGAAATGGCCATGCCGGAGGGCGACCGGCACCTGCGGGCGAAGGTGAGCGCGCTGGATGTGCTGGGGGCTCACTTCAGCCGGCACCGGCGGCCCAGGATGTACCTGGGCGCGGAGCTGCCCGTGTACTACCCGGACGAGCGGCGTTTCGCGCCGGACCTGTTGGCGGTCCGGGACGTGGAGCGGTACGAGCGGGACAAGTGGGTGGTGAGCGCCGAGGGGAAGGGGCTGGACTGGGTGATGGAGGTGCACGTGGGCGGCGACCGGAAGAAGGACGCCGAGTACAACGTGCGGCGCTACGCACGGGTGGGCATTCCCGAATACTTCATCTACGACCGGAAGAAGGAGCGGTTGATGGCGTACCGGCTGCCGGCGTCCGGGCCGGGGAAGTACGTGCCCATTCCCCTGGTTCAGGGGCGCTACCACTCGGAACAGTTGGGGTTGGACTTGCAGGTGGAGGAGGGTCGGCTGCGCTTCTGGGCGGGGCGCAGGCCCCTGCTGGAGTCGGACGAGCGCATCGCTGGGCTGAAGAAGGAAGCGAGGCAGTTGCGGCGGCGCGCGGCCGAAGAGGAGCGGCGCCGGGAGGCGGCGGAGCAACAGCTCGCGAAGTTGCGAACCGCGCTGAAGCGGCTCAGGACACGTGGAGCCTGAGCCGCGAGGTCAGCGGCCTGGGGAGGGCGGGAACCCGCTACCCGAGCTTCTTGATGAAGGCGGCGGTGAGCTCGGCCTTCTTCGCGTCGCTCTCGCCCGCGGGCACGATGAGGATGCGCTCGGGAGGGAGCACCTTGCGCGCACGCTCCTGCAGGTGGGCGGAGTACTTGGCCACGTACTCGTCGGCGGTCTTCTGGGCGACGCCAGAGGCCAGCCCCTTCTTGCGCTGCTCTTCCAGGCCCGCGAAGTCGAGCACGCACCCATCGGCCTGGCCGAGGTAGAGCAACCAGCTGACACTGTAGAGGCCCACGCGCTGCTTGCCGGCGGCGAGCTTCTCGAGCGCGTCCTTGTAGTAGGGGGCGAGCTGGGGGTTCTCGCCCGGAGGCAGGCCGCCCTGGAGCAGCAGCTTCTGGGCCTCCTTGTTGTCGGAGACGGCGTCGGTGATGGCCTCGTTGTCCACGAAGGTCAGCTGGGACGTGGCGCAGGCGCGAGCCATCCAGGGGGCGGCCTCGGCCGGCTCGTTGTCGAAGACGATGACGAAGCGCTTCATCGGAGAGGGTCTCCAGGTAGGGGATGCGGCCATCATAACCCCGAGAAGCTGGCTGGAGAGCATCCTGGCGAGCGGATTCCTCGACGGGAACACGGAGCCCGCTCCCCTGGTGCACGGGGTGGCGGGAATGCGGCGCGCGTGGGAGCGGCGGGTTAGAGAGAGGCCGTGTCTCCACCGCTTTCCTCCCCGCGTCCCCCCCAATCGCTGAAAGCCCGGCTCAAGGGCATGGGTACCCTCTTCCGGCAGTTGCCGGGCACCTTCCGGCTCTTCTGGGAGGCGAGTCCCCGGGGGGCGGTGGTGCTCGGGCTGCTGACGCTGGTGGCGGCGCTGGTGCCGGCGTCCA
NZ_CP137851.1_gap15	631500	634095	2595	GTGTCACGGCGCGCAGGGAGTGCAGCGCCAGGCCCACGCGCACCGAGGGCTCCGCCGCCGTCGCCCGCCGCACGGACTCCACGACGCCGAGCAGCCCCTCCACCGTATGCAGGAAGCGCTTCTGCCCCTCGGTGGGCGCGCGGCCACCGAAACCACCGTGGGCGTAGAGCGTGGGCAGGTGCGTCAGCCGGATGCCCGTCTCGCGCGCCGCGGCCACGATGCGGTGCGAGTTCTCCGCGCGCTCGGCATACGGAGTCCCACCCTGGTCATGGTGGAGGTAGTGGAACTCGGCGACGGAGGTGTAGCCGGCCTTCAGCATCTCGAGGTACAGGAGCGCGGCCACCGCCTGCAGACCCTCCGGGGTGAAGCGGGCGAGGAAGCGGTACATCGTGTCCCGCCACGTCCAGAAGTCGTCGTCGGTGCGGCCGGCCCGCTCGGCGAGCCCGGCCATGGCGCGCTGGAAGGCATGGGAATGCAGGTTGGGCAGCCCTGGCACCACCGGCCCCCGGGCCTGCTCGCCCCCTGGCCGCGCTTCGCGCTCCACTGCGGTGATGGCGCCCCGGTCATCGAATCGGAGCAGGACATTCTCCGCCCAACCGTCCGTCAGCAGCACGGAGGGGCAGAACAGGCTCGTCTCACGGCTCATGGGAGTTCCTCGGGCTCAGGATGGGCGGCCGGAGCGGGCGAAGTCGGCCAGGACCTCGACGAAGCGCCGGAGCGCGGGCCGGAGGGCCGCCGCACGCTCTTCGCGGAAGGTGAAGGGCGCGTCCTCGTCCATGTAGTTGCACTGGGCCATCTCGAGCTGCACGGCGTGGTAGCCGGTAGCGGGCCGCCCATAGTTGCGGGTGATGTAGCCTCCCTTGAAACGGCCATTGAGGACGTGTGAGTAGCCGCTCGTGGCGCACGTGGCCACCAGCCGCTCGGCGACTTCCGGCGCGACGCTCTTCCCGTCCGCGGTGCCGATGTTGAGATCGGGCAACCGCCCCTCGAACAGCCGCGGGACGACCGAGCAGATGGAGTGCGCATCGAGCAGCACCGCGATGCCATGCCGCGCGTGGAAGCCGGCCAGCGTCTGCTCGAGGCGCTCGTGGTAGGGGCGCCAATACGTCTCGAGGCGTGCCTTGCGCTCGGCGGGCTCGAGCGAGGGGCCGGGGCGGAAGAGGGGGCGCCCGTCGAAGAGCGTCTCGGGGAAGAGGCCGGTCGTCGCGGTGGTGTAGAGCGGCGTGTCATCCGGCGGGCGGTTGAGGTCGATGGTGTAGCGCGAGTAGCGGGCCACCAGCACGCTGGCGCCCACCTCCTCGAGGAAGTCGTAGAGGAGGGGCAGGTGCCAGTCGGTGTCCGGGAGGCTCTGGGCGTCGTCGGTGAGCCGCTCGTGCAACCCGTCTGGGAGCAGGGTGCCCACGTGGGGCATGCTGACGAGTAACGGAATGCGTCCCGGTTTGAAGAGGTAGGGCTCCATGGATCTCGAATCGTGTGAGTCGGGGGCGCGAGTCTATGAGAGGGCCGGGGGGATGCCCAGCGTTCGGCCGGGGTGCCCCCTCCCGGGTCGGACGCGAGGCACCTACCTCCCGACTTCTTGCGGAGCGGCCCGCGAGCGGTAAGAGCGCTGTCCATGCCCTATACGCCCATCATCGGCACGCTCGGCTACGTCATGTCCCCGGACGGGACGAAGGTGCTGCTCATCCACCGCAACGCGCGTCAGAACGACGCGCACCTCGGCAAGTACAACGGGTTGGGCGGGAAGATGGAGCCCGGCGAGGACGTGGTCTCCTGCATGCGCCGCGAGATCCGCGAGGAGGCGGGCATCGAGTGCACGGAGCTGACGCTGCGGGGCACCATCAACTGGCCCGGCTTTGGCCCCAAGGGAGAGGACTGGCTGGGTTTCATCTTCCGCATCGACCGCTTCGAGGGCACGCCGCACGAGCGCAATGTGGAAGGCACACTCTCGTGGGTGCCGGTGAAGGACATCATGAGTCTTCCGTTGTGGGACGGAGACCGGCACTTCCTGCCGCTGGTGTTCGACGCGGACCCGAGGGCGTTCCACGGCGTCATGCCCTATGCGGAGGGCAAGGCGGTGAGCTGGTCCTTCACGCGAATCTGAGACCCGAGACAAAACACAAACAGTCAGTGACACAGGGCGCCCAACCACCCCTCTCCCCCCGGGAGAGGGATACGATGAGTTTTGTTGAAAAGGCCTGTGATTCCGATAGGCTAGGCCCTATTGCGAATTGTTCGTGTAGTGAATCTGTAGCTTGGCGGGTGCTGTAGCGAATCGGGCCAACGCATCGCTGTGCACTCTCTGTGAAGGCCCCCCGGTCCGGGCTGCTGTCCTGTGCCGGGGGCTGTTCCGCGCCTCGGGAGGGTCCCTTGGAGCCCTCCGCGACCTCCTGGCGCTACACGGTGCCCTCGCTGCCGACGTGGCGATCCAGAGCAGGCGGAATCCCAGGGCGAGCCCCATCCCCCAGGAGAGACACCAGCGCCGCACGATACCGAGCCGACAGGCCGACCGACGGCATCACCTCGGATATCATCGCTAGTGCCATGGTCATCAAGTCCACCACCGATGCCGGTCTCCAGGTTCTGCGGGACATTGCG
NZ_CP137851.1_gap16	728978	732225	3247	CGTCAACTACAAGCCCGAGGACACCGTCCAGGAGCTGGTGAACTTCATCTGGTCCGAGCACGCGGCGGGCTACTTCGCCCGGCAGCTCGGCGCGCAGTGCAAGGACAAGGTGCTGGCGAAGCTGCTGGGATTCATCTCCGTGGACGAGTTCCGCCACGCGGAAGGCGGCTACCAGATTCTCACCAAGCTGCTGGAGCGCCAGCCGGAGCTGAAGCCCGAGGTGCTGCGCGCGGCGAGCAACTTCAAGCACTACGGCTGGCACGTGTGCGAGCTGCCGGTGGCGGTGGAGAACGACTTCACCACCGTGCTGCAGATGAAGCGCAAGTTCGAGAAGGTGTGCGGTGCCCGCATCGTGAGCTGGCGCGAGGGCTGGGCCAATGGCTGAGGCCGCCCGGAAGCTGGTTCCCGAGGAGCATGAGCCCGCCTCGCCCGTGGGTAACAAGGCGGGGTGGGTGCTCCAGGAGCCCACTTTCGGGTGGGCCACCGCGGAGGGGACGCCGAAGGAGCCCACGGTGGGCGAGGCGCTGCGAGAGTGGTGGGACGCGGTGAACGTCTTCGCCGACGCGCGGCGCCTGCCATCGGCGCTGCACGTGGCCTTCCACCTGGCGTCGCTGGGCTGTCTGGTGGCGCTGGTGGGCTGGCACCTGTCGGTGAAGAGCGCCCTGTACTTCTCCGTGTCCGCCTTCTTCATGGCCACGGTGACGCACACGGCGTGGCTGCACCGCTACTGCTCGCACAAGGCCTTCGACTTCCGTAGCCCCTGGCTGGCGCGCGCCTTCCTGTGGCTCAACGGCATGGCCATCCGCGAGGACACGTATGCGATTCCCCACCGGGTGCACCACCAGCGCTCGGACAGGGTGGGGGATCCGTATGGCCCCCACCTGGGGCGGCTCGCCAGCTACCTGGCCATCGAATCGGTGACGAAGTTCAACACGGACATGACTCCGGAGCAGTACGAGCACGTGGCGAAGACGGTGAGCCACATCGGCTTCCCCATCAGCACGTACGAGCAGTTCCGGCGCACGGGCACGGTGGAGCATGCCGGGCACCTGGCGGTGCGCACGCTCTTCGCGCAGGCCTTCTGGAGCGGAGTGGCATACGCGGTGGGCGGCGTGCCGTGCGTGCTGGCCTGGTACGCGGCGGTCTTCTTCGTCACCTTCCTCATCCGCGACTTCAACTACCTTGGCCACGGTGGCCGGCGGCCTCGGGCGAAGCTCCAGGGCTGGGAGTTCGACGAGCGGACCCTGGCCCTCAACCAGGTCTTCTTCGGCGTCTTCGCCTCCGAGTGGCACAACAACCACCACAAGTTCCCCCGCTCGGCCAACCTGCAGCTCGTCCCGGCGCAGGTGGACATGTCCTTCCTCTTCATCCGCCTGCTGCGCGCGTCGGGCGTGGTCACCTCCTACGTGGATGCGGTGCCTCGCTTCCGGCAGCAGCTCGCCGCTGGCAAGGTGGTGCGTCCCATCGCGGGAGACGAGGAGTACGCCAACGCCACCGGCATCGCGGATGGCAACGACGGCACGCCCCTCCCCGAGCGTCACTGAGCCGTCATCCCCTCTCCCAAAGGGAGAGGGTGCATGCGCAGCCCCTCATCCCCCCCGACCTGGAGTACCCCCCCATGGCTTCTGACTGCATCTCGGGCGCGACCTCGCTCGCCCACATCCTTCATCGCCGCGCCGGTCGTCATCCGGAGCGCAGAGCCCTCACCTTCATCGCCCGTGGCACCGAGGAGCGCAAGGCGTACTCCTTCGCCCGGTTGGACGAGCGGGCCCGCACCATCGCCGCGCTGCTGAAGGCCCACGGCGTAGAGGGCGAGCGCGCGCTGCTGCTCTACCCCCAGGGGGTGGAGTTCGTGGAGTCCTTCCTGGGCTGCCTCTACGCGGGCACGGTGGCGGTGCCTGCCTATCCGCCGGATCCCACCCGTCTGGAGCGCACCCTGGGCCGGTTGCTCGGCATCATCGCGGACTGCCGTCCCAAGGTGGTGTTGTCCACCGCGGAGATCTGCGCCATGGCTGCCGCCTTCGCCGAGCAGGTGCCCGGCCTGGGCGAGCTGAAGTGGCTGGCCACCGACGCGGACGACCTGGGCCTGGGGTCGCTGGCGTCGCCGGCCGACGTCCGGAGCGAGCAGCTCGCCTTCCTCCAGTACACCTCGGGCTCCACCTCATCGCCCAAGGGAGTGATGGTGAGCCACGGCAACCTGCTGGCCAACCTCGCGCACATCGGCGGAAGCGCGAAGCTGGGCGAGGACTCGTGTTCGGTGACGTGGCTGCCTTCCTTCCACGACATGGGCCTGGTGGACGGGCTGATGAATGGCTTCTTCTGGGGCTACCCGGTGTACTTGATGTCCCCGGCGGACTTCCTCAAGCACCCGCTGCGCTGGCTGCAGGCGGTGTCGGCCTTCAAGGTGACGCACTCGGGCGGGCCCAACTTCGGCTTCGAACTGTGCGTGCGCAAGGCGACGCCGGAGGCCCTCGCCTCGTTGGACCTGTCCTCGTGGCGCAGCGCGTACTGTGGCGCGGAGCCGGTGCGCGCGGGCACCATGCGGCGCTTCATCGAGACGTTCTCTCCCCGGGGCTTCTCTCCCGCGGCGCTCTTCCCGGTGTTCGGTCTGGCGGAGGTGACGCTCAAGGCCCCGGGTCCGCAGGGGCGGGGCCTGGTGACGATGGGCGTGGACAAGGAGGCCCTCAAGGAGGACCGCGTGGTGCCGCTGCCCGTGGGGGATGCCAACGCCGCGGAGATCGTCTCCTGTGGCGAGTCCGAGGAGGGCTACGGCCTGGCCATCGTGGATCCGGAGTCGCGCGACACGCTGCCGGACGGTCGCGTGGGGGAGATCTGGGTGTACGGCCCGAGCGTGGCGCAGGGCTACTGGCGCAAGCCGGAGCTGTCCGAGGAGACGTTCCGCGCACGCATCCGCGGGGACGACTCGCGCGCCTGGCTGCGCACGGGGGACCTGGGCTTCATGAAGGACGGGTTGCTGTACATCACCGGCCGCAGGAAGGACCTCATCATCATCGGTGGGCAGAACCACTATCCGCAGGACATCGAGTGGACGGTGGAGGCGGCGCTGCCGGCGGTGAGGCCGGGGTGCGGCGCGGCCTTCTCGGTGGAGGTGGAGGGCGAGGAGCGGCTGGTGGTGGTGGCCGAGGTGGACACGCGGCCGCAGCAGGGCGGCGCGACGTTGGATCTCCACGCGGCGACGGCCACGGTGCGCCAGGCCATCAACGAGGCCTACCAGCTGCGGGTGCAC
NZ_CP137851.1_gap17	733239	736647	3408	ACACGTACGTGACGCCCGAGGCGCGAGGGCCCTTCACGCGGGCGCACTACAACTACTACCTGCCGGCGTTGCAGGACTGGGTGGGCGAGGATCTGTTCGCCACGTGCAATCCGCCCGAGGGGTTGATCGACCCGGCGAAGGTGGTGAAGACGATGCGCTGGCAGCACCTGGTGTGTGACGGGATGCATCCGGTGCGTTCGGCGGAGCTGCACCGCATCCAGGGCAAGCGGCGGACGTACTTCTGCGGGGAGTACGTGGGGTTCATCTCGGGGCACGAGATGGCGTTCACGTCGGGGCTGGCGGTGGGAAGGGCGCTCGGAGGGGAGTTCCCGTTCGAGGACAGTGAGTTCGCGCGGCGGAGCTTCTACGACCTGGCGGTGCACCACATGAAGGTGGTGAAGCCGGAGGACGCGCCGGTGGAGGGAGCGCCCACGTGGTGGCCGCCGCCGATGGCGCGGGTGCAGTCCGAGGTGCTGAGGGGCCTGGTGGAGGACGAGGTGCGGCGGAGGATGAGGGCGGTGCTGCCACTGCCGGAGGTGCTGCGTCCACTGGAGCAGGCGGTGGCGGGCACGGTGGCCGGACGCGTCTCGCTCTACGACGAGCTGCGCAAGCAGAAGAAGCAGAGCACCTGAGCGCGGATATGTGAAACATCCCCTCTCCCGCCGGGAGAGGGACGGGGTGAGGGGACGCTTACGCTCTATCCGTCCAGGGTCCACCGTCCACGGAGCCGCGGAGGTGAACCCGGCACCCTCACCCCGACCCTCTCCCAAGGGGAGAGGGAGGAGTGGGGGCACTGGGCTCGAGACTACTTCGAGGCCGGGGCGGCCACCTTGCCGTCCACCGGCTTGTACTTCATGCCCAGCTCGTTGAAGAGGAACGAGTAGACGTCCACCAGCTCCTCGATCTTCTGGCCCAGCGGCGTGCCCATGCCGTGGCCCATGTTGTTGGTGCGCAGCAGCACCGGCCGCTTCGAGCCCGTGGCCTCCTGCAGCCGCGCCACCATCTTCCTCGAGTGGAACGGATCCACGCGCGGATCATTCTCTCCCGAGGTGAAGATCACCGAGGGGTACTTCACCCCGTCCTTCACGTGGTGGTACGGCGAGTAGCCATACATCGCCTGGAACTGCTCGGGGTTCTTCACCGTGCCGTACTCGGGGATGTTGAACTGGCCATTGGGCGTGAGCTCCACGCGCAGCATGTCGTAGATGCCCACGTGCGCGAGCACCGTGCGGTACATCTCCGGGTGCTGCGTGAGCGCCGCGCCCATCAGCAGGCCACCGTTGCTGCCGCCCTGGATGGCCAGGCGCTCGGGCTTCGTCCACTTCTGGTCCACCAGCAGCTTCGCGCAGGCGTAGAAGTCGTCGAAGACGTTCTGCTTCTTCGTCAGCGAGCCATTGGCGTGCCACTCCTCGCCGAACTCCGCGCCGCCGCGCAGGTTGGCGATGGCCACCACGCCACCCTGCTCGATGAAGGCGAAGTTCATCGGGCTGAAGCCCGGCGACAGCGAGATGTTGAAGCCGCCGTACCCGGTGAGCAGGGTGGGGTTGTTGCCGTTCTTCTTCGTGCCCTTGGCGTGCAGGATGTTGAGCGGTACCTGGGTGCCGTCCTTCGAGGTGCACATCACCCGGTCCACCACCACGTTGCGGGTGTCCACGGGCGAGGTGCGGCCCAGCGCCGTCTTCGCCAGCTTCCCGTCCTTCGCCGTGTAGCGGTACACGGCGGAGGCCTCGGTGTAGCTGCTGGTGCCGAACAGCAGGTCATCCCCGCCCAGGTACACCGTGCCGCCCACGGAGGAGACGGGCGGGGTGGGCACCACGCCGAGCTCCTTGCCGTCCAGGCCCAGGATGCGCATCCGCGTGGGGCCGCCGAGCTGCTCCACCACGTAGAGCCGGGTGGCCGTGGGGCGGACGCCCACGAGCGAGGCCTCGCCCTCGGGGATGAGGACCGTGGCCTTGTCCTGCGCGGGCGTGGCGAGCGGAATGCTCAGCAGCTTGCCGCGCGGCGCGTCCTTGCGCGACAGTACGTAGAGCACATCCTTGCCGAACGTCGCATCCTTGAGCTTGTCCTCGAACTTCGACAGCTGCGTCCAGGTGCCCTGCGGTCCACGCACGTAGAGCGCGTACTCGCCTCCGTCGCCGTTGCCCATGACGGCCAGCACGTGCTTGCCGTCATCGGACGTCTCGAGCTGGAAGTTGGCGATGCGCGGCGCGTCCTTGCCCACCTCGTAGGTGTCCTGCGCCGTGGGCGTGCCGAGCTTGTGGAAGTACACCTGCTGGAAGAACTCCCGGTCCTCGGCCGGACGCTCCTCGCCGCGCGGGTAGCGCGTGTAGAAGAAGCCGGTGCCGTCTCCGTTCCACGAGAGGCTGCCGCCCGCCGTGCCGCCATTCACCCGGGGCACCACCTCGCCGGGCAGCGGCTTGCCGGTGGCCACGTCATAGACGGTGACGTCACCGCTCTCCGTGCCGTCCTTGGACAGCGACACCGCCACCTTCTTCCCGTCCATCGAGGGCACGAAGAAGTCGATGGTGGTGTGGCCGCTCGGGTCCAGCTCCATCGGGTCCACCAGCACGCGGGCGGTGGAGGTGTCGTCCACCGAGGGCAGCACCACCAGCATGGACTGCTGCCGGGGCGGCTGGAACTTCATGGCGAACATGGTGCCGCCGCGCTGAATCATGGCGAAGTGGGCGGCCGACTTGTGGGTGAGCAGCGTGGTGATGCGCGCGCGGATGGCGTCGCGCGAGGGCAGCTTGTCCATCACCGCGCGCATGTGCTCCGTCTGCCCCTCCACCCACTTGCGGACCCCGGGGTCGTCGCTCTTCTCCATCCACTGGTACGGATCGTCCACCTTCGTGCCGTGGTAGGTGTCCACCACGGCCTTCTTCGCGGCGACGGGCGCCGGGGGCACGGCCCCCTTGGCACCGGCCAGCGACGTGAGCGGCAGCATCAGCGACAGCACGGCGACGGCCGGCTTGAGGCGTTGTTGCATCGAGTCCCTCGGGTTGGTTGAGGGCCCGTAGCCTGCCACGCGACGCCGCCGTCCGCTCGTCTCCGCGCGTCGTGTCCGCTCCTGGGACGCCATCCCACTTCCGGACAGCTTCACTGCCCGTCCTGGAGGCGAGCGGCCACCTTCACACGCGTCGCGAGGACTTCTTCGCCGCGGGTTTCTTCGTCACGGATTTTTTCGCTCGCGCCTGTTTCGGCGTGGCCGTCTTCGCCTTCGCCGGAGCGGACTTCTTCTTCGCGGCGGGCTTCTTCTGCGCGGCGCGCAGCGAGGCCTCCACCGCGCGGCGGGCCCAGGGCAGCAGCGCGTGCGCGTCGTCGCTCGCGTCCGAGGGAGGCGTCCAGTACGACATGGTGACGGGCTTGCGGCCCTTGCCCGCGTCGTAGACGAAGGGCTCGCCTCCCGCG
NZ_CP137851.1_gap18	741405	742655	1250	GTTGCCGTCATCGCACTTCTCTTCAGCTGCTTGGTCGACGATTCCGTTGCCGCACGTCTCGTCGGATAGGCAATTGGCGCTGCAGCCGTCGCCGTCGTTGTTGTTGCCGTCGTCGCACAGTTCGCTGGCCTGGATAGTACCATCGCCACAGTCTGTCTTAATGCACATGCCCGGCTGGGCTCCGCACTTCTCTCCTGCGGGGCAGGTAAAGTTAGGCCCACAATCCACGCTTGTTGGCTTGAGGCAAGATTGGAGCGGCAAGGCCAGCAGTGTCACAATCAAGATGGTGACAAGCGCAGGGCGAACAGGGGCAATGCTCTCTCTTCGCATTGAGCACCTCAGAATTGGAAAGTGGCCAAGACGCCGCTAGTGCCGCCGAGGAATGGCATGATGTTCACCGTCTCCTCTTTCAGGCTTGGGTCTTCGACGGTGAGTTGGGGCTGGTTGCGGTAGAGCAGTATAGCGCCGGTGACGATCGCGGTTCCGCCCAATGCATATGCGCCAAACGCCGCCCTCTGGAAGTTGTCTCCCCGAGTTCGTGTCTCCACAAGGTCCTTATGGGTTGGATAGCAATTGTTGGTGCACGCCTTGATTCCAGCATCAAAGGTGCCGTAATCCTTGCTGGTCTGCTGGTGCAGCAGACCGCCACCCGCAGCCATTGCTACTCCCGAGCCCATCACGGCCCAGGGCATCCAGGCCGGCCATGGCCTCTTGTATACAGGGACGTACGGCTTCAAGGTGAGTGTCATCTTCTCCCCGGGAATCAATGTCCGGCTCTTGTCCGAGGTTATGTAGCCTTGCTTGACGGCGAGGATGCTGTGGACCCCGGGACTTACCAAACTCTGGTATTGACCAGGCCCCTCGAAGAGTACCTGGCCATCCAACGTCACTCGGGCGCCGGGCACATCGCAGGAAATGCTCAGCAACACCAACTGCTTGTCGAGCAGTTCCTTGTATCGAGTAGCGTAATCGAACTTGTCATTGCCCAGTGGCTCCGGCCCGTAGTTCATTGCCGACGTCAGGTGCTCGTAGACTTCGACGGGCCGGTTGAGCTTCATCAATGCCAGAGCGAGATTGTAGTGGATGGCCGGATGGTTCCAGTAGCGCAGGGCCTTGATGTAATTCTCACTGGCCTCTTCGGGGATAGACTGGGTCAGTGCGGCGTTCCCCGCGTAGAACAGCTCTCGTGCGGCCTTCTGTGCTTGTGGACTGATCCCCTGGGTCCAGCGGCTTTCTCCCCCCACGAGTTG
NZ_CP137851.1_gap19	760673	761600	927	GCGCTCCTCCAACAGGCCTTGAAGGCCGTCCCCCCCGCGGCCGCCATGGCCTGACCGCCGTTCCCCGCTCACGCCGTCATGAACTGGTTCAACAACCTGAAGATCGGCTCCAAGCTGCTCGTCGCCGTCCTCCTGCTGTGCGTCAACGCCAGCCTGATGGGGGCGGTGGGCATGAAGCAGATGGAGGCGACGCGCTCGGGGAAGTTGCTGGAGGAGCTGGTGCCCAACATCCGCAAGACGGCGGACCTGGTGCAGGAAGTTTCCGCCGCGCTCCCGGACGAGGACCGCGAGTCCAAGCGTTTCTAGGTGCCCGCAGCGATGAATACACAGACGCCCTCCGCCTCCTCGCAGTACCTCAGCTTCATCCTCGCCGGGGAGGAGTACGCGCTCGGAATCCGGCAGGTGAAGGAGATCATCGAATACGACACGGTGACACGGGTGCCGGGAACGCCGTCGTGGGTGAGAGGGGTGTTCAACCTGAGGGGCCGCGTGGTGCCGGTGGTGGACCTGGCGGTGAAGCTGGGGATGGTGCCGTCGGTGCTCAGCCGGTGGAGCTGCATCGTGGTGGTGGAGGTGCGGCTGGGCCCGGAGCGGATGGTGCTGGGGCTGCTGGCGGACGCCATCGGGCAGGTGATGGAGCTGGAGCCCGGGGCGGTGATGCCGCCGCCGTCCTTTGGAACGCCCATCCACGGGGACTACCTGCTGGGCATGGGGCGGGTGGGAACGGCGAAGAAGTTCGTTCTGTTACTGGACATCGACAAGGTGCTCAGCGGCCAGGAAGTCCTGGCGGCCAGCGCGCTCAAGGCCCCGGTGGAGACTCCATGACCTGGTTCCGCAACCTGAGGATCTCCTCGAAGCTGCTCGTCGCCTTTGGCGTCCTGCTGGGCTTCACCACCTTCCTGGGCCTCTTCGCCATCACGTGCATGG
NZ_CP137851.1_gap20	857469	859271	1802	TGACGTGAGCTTCCTCGGCGCCCCCGGCCCCCTCGCCGAGGTCGGCGACAAGCCCGGCGCCGGGCTCACCGCCTCGTTCCGTACCCTCGGCGGCAGGCTCACGGCGCGCCGCGGCGAGGACGACGAGCGTTACCACCTCCAGGTGGACGTGAGCCGGCTGCGCACCGGCAGCCTCCAGTCCTTCCAGTGGAATGGCGACCTCCTCGTCGCCGGCGGCCCTCCCGCCCTCACGGTCATTGCCCCCGTGGAGGGCGATGGCTTCGTCAATGTCACCCAGAAGCGCTGCGGCATGCTCGCCTTCGGCAGCCTCGAGGCCGGCGGCAAGCGCTTCCGGCTGGATGGTGGCGTGGGTGGCACCGACTACACCCAGGGTTACCTCGCCCGGCATACCGCGTGGCGGTGGGCCTTCCTGGCGGGCAGGCTGGCGGATGGCACGCCGGTCGGCATCAACCTCGTCGAGGGCTTCAACGAGAGCTCCGGCGCCAACGAGAACGCCCTCTGGCTCGGCTCCCGGCTCTACCCGCTCGGCCGCGCGCACTTCGAGTACGACCGGCGCGAGCTGATGAGCCCCTGGCGCATCCGGACCGGCGACGGGGCGGTGGATCTCCGCTTCCAGCCCCTCTACGTCCACCGGGAGGATCATGACTTCAAGGTGGTGGTGAGCCACTTCGCCCAGCCGCTCGGCCTCTTCGAGGGCACCGTCCGGGTGAACGGCCAGACGCACCGGCTGTCCGGGGTGCCCGGCGTCACCGAGGATCAAGACATGCTGTGGTGATAGGCTCGGGGGGCCTTGTCCTCCATCGAGCCTGGGACCACTGTTGGCCGTTACCGCGTCGTCCGCCTTCTCGCCCAGGGCGGCATGGCCGAGGTCTATCGTGCCGAGCAGGCCCTCACCGGGGGCATCCTCCGCCCCGTCGCGCTGAAGGTCATCCGCCCCGAGTACTCCGAGTCCGAGGACTTCCGCGAGATGTTCCTCGACGAGGCGCGCACCGCCTGCACCCTCAGCCACCCCAACATCGCCCACATCTACGAGGTGGGCGAGGTGGACGGGCTGCTCTACATGGCCATGGAGCTGGTGCCCGGCGTATCGCTCACCGAGGTGGAGCGCACGCTGCGTCAGCGCGGCGAGCGCTTCACCGACGAGGCGCTGCTGGCCGTGGGCATCGCCACCTGCTCCGCGCTCGAGGCCGTGCACGAGCGGCCCAACCTGGTGCACCGGGACGTGTCCCCGCAGAACCTGATGCTCTCGGCCGGCGGCACGCTCAAGCTCATCGACTTCGGCATCGCCAAGGCGGCCACCAACCGCAACCTCACCCGCGCCGGCACCACCAAGGGCAAGGCGGGTTACTTCTCGCCGGAGCAGGCCAAGGGCAAGTCGCTCGACGGGCGGAGCGATCTCTTCTCGCTGGGCGTTACCCTGTACCAGCTCGCCGCGGGCGTGGGCCCGCTGGATGCGTACCCCACCCTCATCTCGCGCAACACCGCGCTGGTGCGGGGGGAGTGGGAGCCGCTCTCGCGTGTGTGCCCGGAGCTGCCGCGCGGCTTCATCTCCGTGGTGGAGCGCGCCATGCGCGTGAAGCCCGAGGAGCGCTACCCCGACGCGCGCACCATGCGCGAGGAGCTGGAGTCGGTGGCCTTCGCGGCCGGCCTGCCGGTGGGCCCCGGCTCGCTCACGGGTTACGTGCGCGCCGAGGGGGAGGACGTCTCCGTCACGAAGTCGAGCCCACGCCGGACCCGGCCCGGGGTGACCGGGACCGGGGCGCCCCAGGTCGTGACGGCCTCGCGTGCTCCGGCGGCTCGTG
NZ_CP137851.1_gap21	898242	900498	2256	AAGAAGCTGCTCGCTGGCTTTCAGGACACCTACAACCAGGGCCTGCTCCGGCGGCTCCTGGGGTCCTCCCGGGCAATGCCGTTCTATGCGCCCGGGTCCGAGGACAAGCCCGCGGAGGAGAAGGTCCTCGGCTATCCCGTCGACGTCCTCCTCGAGAACTACAAGAACTGCCTGCCCGCGGGGTCCTACAAGCTCCGGTTCACCTTCGACCCTCCCTCCCTCGCGCCGGTGGAGGTGGACTACGACGGACGGAAGACCCGCGTCCGCATCACCGTGCCCGCGAGGGCGAAGAAGATCTTCGTGCAGCCCGTGACGCCGGGGAGCCTCTTCCTGCAGTCCGGGAGCGCTCCGGGCAAGGACGAGCGCTTGAAGAAGGATGCCGAGCACTTCAAGGCCTTGACCTCCGTGCGCTGGCGGAACGTCGTCCTGCGGCACCTCAACGAGTGGAGCCCCGACAACATCGTGAAGCAGGTGCTGGAGCACCTGAAGGCCCGCAAGCAGATGGAGCTCGGCTCGGACGTCCTGGACGCCACGGACGAGCAGGGCGCGAAGAAGATCATCCAGAAGTACGCGGACGCCATCGGCTGGTGGGCGAACAAGGAGAAGCCGGTGCTGGGCCCCCAAGGGGACGAGAAGCCCCTGTTCGCCGACAACCCGGATGGCGAGCAGCTCCCCAAGAACACCCTCCTCGACAACCCGCACCCGGTCACCTTCGCCTGGCTGCTGATGCTCCTGACGCGGCACAACTTCATCCAGTTCGCGGATGTGCCGCTCTGGCATTCGGAGGAGCTGAAGAAGCTCGTCGCGGCGGGGTGGTTGCCGGCGCGCGAACAGCAGGAGTCCCGGCGTGTGGGCGAGCTCCTTCACGTTGGCGCGGTGCAGCGGGGCTACGGCAAGGACACGGTGGACCTGCATGCTTCGTTGGACCCGCGCGCTTCGTCCCCGAGTGCCTCGAAGTGGCAGCTGAAGATCGCCACGGGGACATTCAACGAAGGCGTGTTCGCCCAGCCCGTGGAGATGCCCGGCTGGGGCGAGTGGGGCTTGGATGAGCCCGGCACGAAGGCGCTTGGTGGGCTGAAGATTCAGGGGCTCGAGCCCGCTCTCCTGAATACCTCCAGACCGATGCAGGATGGCGCCCAACCCCTGGTGCCCGATGTGGCGCTGAGCAGTGGGAAGGATGGAACCTTCACCTGGAGGATCCCGTTCCGTGCCAACTGCCCGAGGCTCCTTCGTGGATGGATCCTCCTGCGGAAGTGGAAGGGCCGGGTGGCAGGCGAGCTTCCGAAGGATACTTCCGCCTTCGAGACCGCCGGGGTGGCGATTCCCGTCGTCGCGCGGGAGGACACGGCGCTCAAGGAAGAGGCCGGCTTCGCGGTCGTCGATGGTTTCCTCAAGCAGGGCACCGTCAAGAACGTCAGCACCTATGTCACGCAGCACTTCACGTACAAGGAGTTCCTCGATGCGGCCAAGGGACAGAAGCCCGCCGCTGGCTCCGAGCCCCTGATTGCCTGGGAGTTGGTCGAGGCGGTGGAGCGCATCCGGAGCGGGTATGCGGCACGCCAGGCGGTGACCCTGCTCGGGCTCTCCGAGGATGGGCTCTCCGTCCAGCTTCGGGCCGCCAATCCGGAGAAGCTGCGCGAGGCCGTGGACAGCGCGAAGGCGGACGGCTGGGTCGCTGATTCGGAGGCCACGGGAAAGGGAGAACTGCGCATCCGGGTGAAGGCGCCGCGGGAGAGCCAGCACCCCGGCGACCTCTTGGTCGAATTCGATGCGAACGAGGTCTTCTCCGAGCTGCGCAAGGAGTTCTCCCATGAGGAGTTGATGGCCGTGCAGTTCGGCTGCTTCTTCCCGAATGGAGGAAGCGCGCAGGACGGACGGCTCCTTTCGTCGGACACGCTCGGGAAGCGGTGTGAGCGGGTGACGTTGGAGGACCTGAAGGGCCTGGCCCAGGGCGGTTATCTGGAGCAGTGGTCGACGGGGATCTCGGAGGTGTTGCACAGCCCCGCGTTCGGAGAGCCGATGGTCCAGCTCACCAGCAAGGGGGCCCAGGTCTGTGTGCCGTTGCTCGGAGGGAATGAGAGCTTCTGGAAGGCGGCCCAGCCGAACATCACCTTTGGAAGCGAGGCACTCGACAAGAAAGCGAAGTCGCTCGTGTTGCCCAATCCGCTGCGTGTCGTGCGGGCATTGGACTTCAGCGACAAAGCCTTGAAGGGCAAGCAGCTGGCCATCTCTGCCTCCGTCAAGAAGAAGGACGTG
NZ_CP137851.1_gap22	904055	904924	869	ATCGCCGTCAAGTGCGGCAGCACCGCGTACCACAGGCTGTAGCCCACCCCCGATGCCAACGCCCCCGACACCACCGCGAGTCCCGCTCCCTCTACCGTCGCTCGCGGTGCTCCCAGGAATAGGGGGGCCAGCAGGGACAACGCGAGCGTCATGGGCACACCGCGCAGGAAGTTGTCCGCCGTCGCCGCCAACGGGTCCGCGTTGCCTCGTCCTCGCAGGGAGTAGATGCCCCAGGCCACCCCCGCTCCCGCCATCAGTGTGGCTCCGAGCGCGTCCGGTGCCGTGGCTCCCGGCAGCCGCAGCACGATGAGTCCTCCGAGCGCCATCGCCAACCCCAGCCACTCGAGTGCCCGTGGGCGCTCGCCCCGGAAGAGTCCTATCCCCAGCATCGTCGCCTGCACGCAGCCGAAGAGGATGAGCGCGCCCACTCCCGCCGGGATTCGCACGTACGCCAGCGAGAAGCCCGCCGCGTAGGCGAACAGTGCCAGCCCCGAACCCCAGGAGCCTCTTCGTGCTGCGTTTTTGTTGCCGCGCATCCGTAATAGGAGCGACAGGACGAGGGCTCCTGATGCGAGGCGGATGCTCGTGAAGCTCGCCGCGTCGATTCTCCACGCTCCGTTCTCGAGGGCGGCTCGGCACAGCAGGGAATTGGCCGCGAAGCCGAGCAGGGCGAGGACCGTGAGCACTCCCGTCTTCCAGAGAGGGGTGTTCATCTCCACAGACCCACCGAGATTCCGAAGTCCGAGTAGCGTCTCGAGATGTCGAACGACGCCGTCAGTGCCCAGTCGTCCAGGTAACGGAACAGGAACAGTTCGAAGCCTCCCGTTACGTGCGCCCTCGGCAGGTGGTCCGTGAACGGCGAGGGCTCG
NZ_CP137851.1_gap23	935084	936122	1038	GCCCGCACGAACTGGTCGCAGATGGGCAGCAGGTGTTGGATCCACCAGTCCAACCCGTACCGGGAGAGTTGCGCGGCCTTCTCGCGCAGCCGGCTCCAGTCCGCCGGAGTGCCCTCGAGCGTGACGGTGGGGATGCCGCAGATGCACATGATGACGTAGTCGAAGTACTCGCGCAGCGCGTCCATCAGCACCACCTGGCTGACCACGCGTTCGACAGTGCCCGTCGTCGAGAAGTCGCACACCATCAGGTCGTGCATGGCCGTGCTCTCCTCCTTGATCAGCGCGGAGAAGTCGTCGACGACCTCGTTCCAGAACTCCGCCGAGGAGAAGTCCCACGCCATGCGCGGCACCACGAGCCGCTTCTTGCCCTGGTGCCGGACCAGGTCGAAGCGCAGGGCCTCCGCATTCTGGACGACGTGCAGCGCGAGCCCCTGGGCGATGGTCACCCAGATGATATCGGGCGAGAGCACCAGCGGGCGGTGCTCGCTGAAGGCCATGTGCACCGCGGCCATGAGCGGGTGCGTGTCCTCCGGTGGGACGAAGCGGACCTGGGGCCCATGCGAGGCCGCGAGTACCGGCTCCTTCAGTCTCGCCGCGAGGGACCCGGCGAGGTCGCACTCCCGCTGGGGAAACGGGGCTGGGATGACGTCGTCCACGGCGAAGGTCACGCTGGGGGTGGTCATGCCTCCATTACATGGCCTCCACCCATCCGTGTGCAATGGACCCTACCTCCCCTCTCCCCTCGGGAGAGGGACGGGGTGAGGGTGCCACGGACCCCAGGTTGAACCCTCTGTCCACAACCGGGGCCACAGGTTGAAGAACGGGTTCGGACACCCTCACCCCCGCCCTCTCCCGAGGGGAGAGGGAGCTCGCGGCGTCACCCGTGCCGAGGCTCTTCGCCTGTTATGCTGTGCGCGTCATGGACACCTCGGATCTGTTCTCGGGCGAGTACATCGCTTTCTTCGCCATCATGGCGGTGGTCATCCCCTTGCTCTTCTTGAGCTCCAGGCAGGGCATGATGTTCGAGGAGAAACGGCA
NZ_CP137851.1_gap24	940708	945630	4922	CGGCCGGGGTGAGGGCCAGCAGGCCTCGCACACCAACGACTACGACAAGAACGGTCAGCTCTTCCTGAAGACCTACGCGGGTGCCTTCCTGAAGGCCGGTGGGCTCGCCATCCCCGCGGGCTCCACCACGACGCCGACTCCCACTCCCACGCCGACTCCCACACCGACGCCGGGCACCGCGCAGTTCGGCTTCGAGACGGACGCGCAGGGGTGGACCTTCTCGGGGACGCTCGTGAAGGGGGTGGTGTCGTCCACCGCGAAGGCGTACGCGGGAAGCCGCTCGCTGGCGGTGACGATGGGTGGCACCGCGGCGGGGATGTCTCGCGTCTCGGTGCCCAATGCCGCCGTGCCCGCGGGCCGGACGGTGTCCTTCCGGGTCTGGGTCCCGGCCGGCAGCCGCATCACGGCCGTCCAGCCCTATGTGCAGCAGGGCGCGGCGGGGAGCTGGCTGTGGACGGGCTCGTGGGCGGCTTCCACCTCCCTGAAGGCCGGGGACTGGAGCACCGTCACCGTGCAGGTGCCCGCGAACGCGGTGTCGCCCCTGTACCAGCTCGGCCTCGAGCTGTTCACCGATGCCGCCTGGTCCGGCACGCTGTATGTGGACTCGGTGAGCTGGTGAGCCCGGGGGGCCGCGTGCGCATGGCGGGCACGCGGCTCCGTCGTACTTCATTCTTCGTCCTTCAGCGGCGGATGCGCAGGATGACGTCCTTGCGCGCCGTGCAGTCTCCGCGGCTGTCGCAGTTGCTGGTGGTGACGTAGAGGTGGCCGTCCGGACCCATGATGGTCTCGCGCAGGCGGCCCCACTCGTTGCGCAGGTACACCTCGTGCTGGGCGACCTGGAGGGGATTTTCCTGGGAGAAGACCACGCGGTGCAGGTGCCGTGAGCCGAGCGTGCCGATGAGCAGGGAGCCCTTCCACTCGGGGATGGCGTCGCCGGTGTAGATGGCCGCGCCACCCGGAGGCGCCGCGCTCTCCCAGGTGAGGGACGGGGTGATGAAGCCCTCGCCGGACTCGCAGCTGTAGATGGTGGGCCAGCCGAGGTTGTTTCCCTTTCGCACCACGCTGACCTCGTCATGGCCGCGGCGGAGCGTGTCTCCGCTGGGGCCGTGGTCGGTGAAGTAGAGCGTGTCGCGGTCCTTCCAGTCGAAGCCCTGGGTGTTGCGCACGCCGGTGAGGAACGCGGGCTTGCCGGGGAAGGGGTTATCTCCGGGCACCTCGCCCTCGGGGGTGAGCCGCAGCAGCTTGCCGGAGGGAGTGTCCACGTTCTGCGAGTTGTCCGGCTCGCGCGAGTCTCCCGTGCCGACGTAGAGCATGCCATCCGGGCCGAAGCGGATGCGCCCGCCGTCGTGGTACTTCGCCGCGGGGATGTTGCCGAAGATGACGCGGTCGACGGTGGCGGAGGTATGGTCCTCGGAGAGGGTCCACCGTTCCACGCGGTTCTGCGTCGGGCCCCCCTCGTCGGTGGTCACGTAGATGTAGAACTGCCGGTTGCTCGCGAAGGAGGGATGCGCGGCGATGCCGAGCAGGCCGCTCTCGCCCGCGGAGGAGATCTTCACGGTGGCGACGGGAGTGGGCTGGAGCGCGCCATTGCGCAGCAGGCGGATGCGGCCGGGACGCTCGGTGACGAGCGCGTCGCCGCCGGGGAGCCAGGCGATGCCCCAGGGGACTTCGAGGCCCTCGGCGACGACGTCGACGGTGATGGGCACGGTGCCATTGGGGCCGAAGTCGTCCTCGACGAGGATGCAATCGGGGGCGGTCTTCGCCTGGCTCTTGCGGCAGCCGGAGCAGGCGGCGAGGAACACGAGTGCGGAGAGCACGAGGCAGGTACGCATGCCGCATCTATGACGCGCGGATGGACTGTGCGCCACCGGACCGTGGAGGGCACGTCAGGAGGTGGACGTGGCGGCGGGCGGAGCGTGATTCGTGACCACCGGCTCGCAGGGCTCCGCGTAGCGTCCTCCGGGACCGTGTTCCGGGAGGTGGTGATGAAGCGTCCAGTTTTGCTGCTCGGCTTGGTCGTTCTGCTCTACGCGACGGCCTGTGTGTCGTTCGTTGGTGGAGATGGCGGAGGGGGCGGCATTTCGCCGACGCAGTTCAAGTTCGAGCCCTACGTGCCTGAGGATGTATTGGAGCCTGGAGGGTGGAAGGCCGCACGGGTCATCATCACATTGGTCCGTAAGTCGGACGAAGGACTGCGGCTCGTTCCTTGTGAGGTCCAGGTCGAGGTACCAGAGGTGAACTATCTGGGTTCTGTCACGGATGAGTTCGCGCAAACGGAAGCAGCGAAGGCCGCGGATGCCGCCGTGGAACAGGAGCTTCCGCATGGAATCATGTCGGAGGTGATGTGTGAGCGATTCAGGAAGCGGATGCGGGAACTATTGAAAATCCCCATTCCGGGAGTGCGTGTCCGTAGATTCATCGACATGAAGGGGGCCATCAGGAAGGGTAGAAGCCCTTGAGCCTTTCGAGTTCGCACGGGAACAACCGCCATGAATGAGGACCTCTCCGCTTCACGGCTCATCGAGCTTCTTCACCGCTACTACCCTACGCACCTGCACGGTGACTCGGAGGGCTACTCTGAATCAGAGCAGTACCAGCGCATGTTGGCTCTGCGTGAGCAGGCGCTGAAAAACCCAGTTGATTGGAGGCGGCTGCTCGCCCGGCTGCGCGAGGTGCTACCCGAGTGCAAGGTGCAAGACTGGACCGTGCTCTTCTCGGACGATAACTGCTGGCGTGTCAGGGTAGATCTCCCCGAGGTGTTGAAGCTGCCTGGCGGGCAGGACGAGGTCAGAACCGTGGTGGTCCTGGTTAGCATCCTCGCGCCTGTGTCCGCCCTCTACAGCTCGTTCCTGCGCTATTCAGTGGTTGAGAAAAGATCCTGGCCTTCAGAGACCTTCTACGAGGACGTCCCCGAGACGAAGTCCTACGCGGACAAGGTCGAGGCCATCGTGCGGGACGTGCTCCACGTTCACCGTCTGCCCAACGAGACTCTCTTCACCCCCGTGCCCGACATCCAGTGCGGCAATGTGTCGCTGGGTGAGGCGAAGCTGATCGACTGCCTCTTCACCGATGACCGGTGGTAGAGGACTCGCCAGCCCGTGAACTTCCCCCTCCTCGCCCTTGGCTCCTACAGGTCCCCCAGGGACCCGAGTGCCTATGCGGCGATCGACATACGCATGGAGCGCGCGCTCGCGTATGTGGAGGCCTTCCGCTCCCGTTCGGGGCAGCGCCTCACGCTGACGCACCTGGTGGCCAAGGCCGCCGCCGATGCCCTCCGCCGCTACCCCGAGGCCAATGTCATCCTCCGCTGGAATCGGCCCTGGTTGCGCAAGCGCGTGAGCGTCTGTGTCCTCGTGGTGCAGCCCGAGCACCTCGGCCGCGTGGACCTCACCACCGCCACCGTTCCCGATGCGGACGCGCTCTCGCTCCAGGGCTTCGCCAGCGCGATGCAGGAGCGGGTCGACCACGTCCGCCACCGCCGGGACGCCGTCATCGAGCGGGGCAAGCGGCGCTCCTACCGCGTCCCTGGCCTCCTCATGCACACCGTCCTCCGGTTGCTCTCCTTCGTCTGGTTCACCCTCAACCTGGACCTCGCGTGGGTGGGCATGCCCAGAGACCCCTTCGGCTCCGTCGCCGTCTCCAACGTGGGTTCGCTCGGCCTGGAGCGCGCCTGGCTGGCCATGGTGCCCTATACCCGTGTGGCCCTCTATCTCGCCGCCGGTGCCGTGCGCGATGTCCCCGTGCTCGAGGGGGACTCCCTCGTCCCAGGCAAGGAGATGACGCTCTCGTGCACCTTCGATGCGCGCCTGCTCGATGCCGACCTCGTCGCGCGCGTCCTGCGCCACATCGGCGATGCACTGGAAGATCCCACGGCCGCCTGGGGCCCGCCCGCCCCCGAGGAACCTCCGGCGCGGTAGTCTGGCGCGCATGAAACTGCCGCTCGTCATCACCCTTGCTCTCTCCACGGCCGCCTCCGCCGCCCCCAAGCCCCTCCCGGCCGGCTACTGGCCCGAGTCCAGGACCCAGGAGCTCCTCGCCAAGACCGAGACCATCCGCCTCGCGCCGGACCTCTCTCGTCTCACCCCCGAGGAGCAGCGGGCGGTGAAGGACCTCCTCGAGGTGGGGCAGCTCCTCCAGCGCGTCTACGAGGAGTCCCGGCATCCGCAGGCACTCGAGGCCCGGGAACGCCTCGCCAGGCTGGACTCGCAGCTCGGTGGCCCGAAGCAGACGCGCGAGCTGCTCACCCTCTACCGGCTCTTCCAGGGGCCCATCGCCACGACGCTCGACAACCGCCGCGAGGCCTTCATGCCCGTCTCGGCCGAGGTGCCCGCGCGCAATGTCTACCCTCCGGACGCCACGCGCGAGGAACTCGACGCCTTCCTGGCCCGCTTCCCGGAGCAGCGCGACTCCATCCTCGGCGAGCGCACCGTGGTCCGCCGTGCCACGAAGGCCTCGCTCGACCGGGACCTGGCCACGCTCGCGAAGCACCCCGTGCTCGCCGTGCTCCACCCCCGGCTCGCCCCGCACCTGAAGTCCCTCGCGAAGAAGCCCGATGCGAAGGTGCTCTACGCCGTGCCGTACCCCGTCGCGTATGCGAATGACTTCGTGCGCGCGTACGAGCTGCTCATGAGCGCCGCGGACTCGCTGGAGAAGTCGGATGATGAGTTCGCCCGCTTCCTCCGCAACCGCGCGAGGGATCTGCTCTCCAACGACTACGAGAGCGGCGATGCGTCCTGGGTGACGGGCCGCTTCCAGCGACTCAACGCGCAGATCGGCTCGTACGAGACGTACGATGACGCGATCTTCGGCGTGAAGGCGTTCCACGGCATGAGCCTGTTGCTTCAGAACGAGCAGGCCACCGCCGAGCTGCGCCGGGCCCTCGGTGGGTTGCAGGCGCTCCAGGACTCGCTGCCGTACGTGCA
NZ_CP137851.1_gap25	949432	951817	2385	CCTGGAGCGGATGCGAACCCCGGACGGGCTGTGGCGCACCTGGCAGTCCCGGGAGGATCCGCCCGCCGAGGACGTGGTCGCGCATGCCGTCCTCGCCCTGAGGGCAGCGGGCGCGGACCCCGGGTCCTGGACCCCGGCGGTGGAGTGGCTCGCGGCGCGTGCGTGGCGCGAAGGCGGTTGCCGGGCCCACTGGTTCGACATCCACGCCTATGCGGCGCACGAGGTGGCCCTGGCGCTCGAGCCCGGCCACGAGGCAGCCCGGTACCTCGCGCGCCAGCTCCTCGAGACACAGAATCCGGACGGAGGATGGTCCCCCGCCCCGGGCGAGGAGAGTTCGGCGGCGGCCTCCGGAATGGCCCTGGGGTTGCTCACGCACTACCTGCCCGTGGAGCACCCGCGCCTGAAGGGCGCCCTCCACGCGCTCGCGGACCTGCAGGAGCCCGGAGGCGCCTGGACCGGACCGTTGCGGATGTATGCGCCCCGGCCCTTCGCCATCGACTACCCCATGCAGGTCCACGCGCTCGCCGCGCGGGGAATGGCCGCCGTGCTCCAGGCCACGCGGGCGCCCCGGCCCCCCCTCGCGGTGCTCTGAGCGGCGGTCGAGAGGCATCCCGGTTCGCCCATCACGCATACACTGGCGGGCCGGACGCCGTGAGGCGAATCGCCGCCTGGAGGATCGCCGATGGAATCTTTGTACGTGCGCCAGTTGAAGCTCGGGGCGATGGACAACTTCGGAGTCACCTCATGAGCCGGGGAGAGCTCATCCTCGTGCGGCATGGCCAGTCCCACAGCAATGCCGCCGGCCGCGCGACAGGGGAGGCGGATGCCGCGCTCACTCCGCTGGGACAACGCCAGGCGGAATCCACCGCCGCCGTCCTCGCCGCCCGTTCCGTGTGCGCTCTCTACACCAGTGACCTGCGGCGAGCCGTGGAGAGTGCACGTCCCATCGAGAGGGTGACGGGCCTGACGGCGGTGCGGACCGCCGCGCTCCGCGAGCGCTCGTTGGGGCAGCTCTCGGAACTCCCCTTCCCGGAACTGGTGGCCCGCTACCCGGCGGACTGGGCCGCCATCGAAAGCGCGAACCTGGACGCGCGGCCGCCCGGGGGCGAGTCGCTGCGGGACTGCTCCCTGCGTCTGCGCCCCTTCCTGGCGGAGGTGCTGGCCCGGCACGCGGGCGAGCGCATCGTCCTGGTGTCCCATCGCATGCTGTTGGATCACCTCCTCCGTCTCCTGTTGGGGCTGGAGGAGACGGCGCCCCGCTGCACCTTCGACACCGACAACGGGGGAGTCCACCGGGTGCTGCACTGGGAGGGATGTGTGCGCGTGCTCGAGCTGAATGGCACGGCCCACCTGCGCTGAGGAATTGACCAGGAGCAAAGCCCTCCTGTCATTGGTTACCCAATGCCCAAGGACCTATTTCCCGGGCAGTTGAAACCTCCGTGTGGAACAGGTGGCTACGTGGAGGTTCGGGCCGGCTGCTGGGTCCAAGCCAAGCAGGATGCACCCGACCTGGGCGAGTTCAGTGGCGCGCGCTCACTTCTCCAGGTGGTCAATCATGGACTGGAGCGGCGGCTCGGGGTTCCGGTCCCACAGCTTGGTGGACCAGGTGCGCTGATCCAGCAGCCCCGCGTTGATGTTGTTCGTCAGGGTATCGACCTTGGCCGGGGTCTCTCCCGAGTAGTCGTTGCGCAGGGGGAATCACATGTGAGGAGCCGGCCGTGTTCGGCGAGCTGTGCCGCGAACAGCTCTTTCAGCTGGATGAGGGTGCGGCATTGCGCCATGAACTGGAAGCACAGCTTGGGGTGCCGCGCTTCGCCCTTCCGTGCGAGATGGTCCAGCATCTGAACCGGTCGAAGGGGCGCGGACGGGGTGGCTCCTGCGGGGTGGGCGCGCCGGACCTCGCTCAACGGCCCCCAGCGCCACCGCCGCCAGGCACCCCGCATTCGAGCGCATGGTTTCACCCGTTTGCGGATTTTCCTGATATGGGTGCGTGGACTGCGAGAAGGGAGGGCCGCCATGCATGGGCCTCCACACCCGGTGTCTGGCGCCACGCAAACCGAGCCTGTCACCCATGGCGCGGACAGCACGCTGGCGGATGGATACGAGCAGCGGGTCGCCGTGGTCGTCCACCATGAACATGGCGCGGAGATGGGCTTGCTCGAGCCCGATGTTCCCCTGACCATCGGCCGCGCGGAGCCTTCCGAGCTGTGCATCAAGGACCGCCGCCTCTCGCGCGTCCATGCGCGCTTCCTGCTCTCGGGTCACCGCATCACCGTCGAGGATCTCGGCTCGACGAATGGCACCTGGCTGGCCGGCCAGCGCATCGAGAAGGCCGAGCTCGAGCTCGGCGACGAGCTCCGGCTCGGAGGGCTGCCCGCGCAGCTC
NZ_CP137851.1_gap26	954938	959446	4508	GCCGGGGATGCGGACGCTCGCGCTCGGCCGGCTCGACACGCGGAGCGTGGGGGCGATGGTGGCCGGAATGCTGGCGCTGCGCGAGTCACCGGGCGAGCTCGTCGACTTCCTGGCGGAGAGCTCCTCGGGCAACCCCTTCTTCATCGCGGAGTACCTGCGTGCGGCGATCGACGAGGGGTTGCTCGCACGGGACCGGGAAGGAGCCTGGCACCTGCGCCAACCGGGGGCGGGCGCGGATACGCTGGCCCGCCACGTGCTCCTGCCGCGCACGCTGGCCGAGCTCATCGAGCGCCGCTTGTCCGCGCTCGGTGGCGACGGGCAGCGGTGGGTGGAGTGTGCCTCGGTGCTGGGCCGCGAGTTCGACGGCGCGCTGCTCCCCGCCCTGGCCGGGCTGGCGGAGACGGTGGCGCTCGACGTGCTCGGGGAACTGCGCAGGCGGCAGCTCATCGAGGAGACCGCCTCGGGGCGGCTGCGCTTCGTCCACGACAAGCTCCGGGAGATCGCCTACGAGCGCACGGCCGTGGAGCGGCGGCGCGCGCTCCACCTGGGCGCGGCCCGGCTGCTCGAGGCGCGCTCCCTGGCTGTCCCCGAGGCATTCCCGGAGCTCGGGCACCACTTCGCGCAAGCGGGCCTCCACGATCAGGCCCTCCACTACTTCGGCCGCGCGGCGGACCGGGCGCGAGCCACGTATGCCAACGGGGAGGCGCTTCGGCTCTACCGGGCGGCGCTCCAGGCGTTCCAGCTCGCCGGGCGTGAGCCCTCCGCGGCCCTCCCGCTCCACGAGGCGCTCGGGGACGTGCTCGCGCTCGTCGGGCGGCACGAGGAGGCCCGGGAGTCCTATGCGCGGGCGTTGGAGCGGCTCGCACCGGAGTGCGGCCTCGCGCGGGCGCGCCTGCATCGCAAGACGGGCAAGGCGTGGGAGATACACCACGCACATGACGAGGCGCTTCTCGCCTACGGCGACGCGGAGCGGGCGCTGGGCGCTCCCGTCACCGAAGCCCCGGAGGCGTGGTGGAACGAATGGCTGCACACGCAGATCGAAAAGCTCGCGGTGTACTACTGGACCGCGAGGCTGGAGGTGATGGAGGAGCTCTCGCGGCGCATCCAGCCCAGCGTCGAGCGGTACGGCACGCCGCTGCAGCGGGCCCGCTTCTTCGAGGTGCGGGTCCAGAGGAACCTGCGTGCCGAGCGGTACTTCGCATCCGGGGAGACCGTACGCTTCGCGCGTGACTACCTGGAGGCCAGCGAGGCCTCGGGCGACCCGGACGAGAGCGCCGAGGCGGGCTGTGTGCTCGCGTGCGTGCTGCTGTGGCACGGCGCGTTGGAGGAGGCCTCCAGCCGGATGCTCGCCACGGTGGACCTGGCCAGGCAGAGGGGGGATGTGGCCCTGGAGGCACGGGGGCTCACCTATCTGACGCAGATCCACCGCAGGCGCCGCGTCCTGGATGCAACGCGTGACTCCGCCGAGCGGAGCCTGCGCGTGGCGGAGGCCGGGAACATGGCGAGTTATGTCGGCGCGGCCCGGGCCAATCTGGGCTGGGTGGCCTTGTGCGAAGGCCGCCCCGGCGATGCGGAGCGCCAGTGCCAGGCGGCGCTCGGGCTCTGGGGCGCGACTTCTCTCATCTACCCCTTCGAGTGGATGGCCTTGTTGCCCCTGGCCTCCCTGGAACTGCGGGGAGCTCGGCTCGCGGACGCGATGCTCCGGGTGGAGCGCCTGTTGCTTCCAACGCAGCAGTGCCTGCCCGACATGCTCCTGGCGGCGCTTCAGGAGGCCCAGGCGGCCTGGAGCAACGGTCAAGCGGGGAGTGCGAGCACACACCTCCAGAACGCGCTCCGGGAGGCCGGGCGCGAGGGTTATCTTTAGCCCCTGTATTCGTGGAGTCACAACACATCAGCCAGAAGGGGCGCACGACATGGGCAAGAGAACCCTCACCATCACGAGTTCGGCTGGAAACTGGATCGAGTCCGGGACGACGACCCGGCTCACCGTGACCGGCAGCTCAGGCAGACTCATCTGGGCGGAGACCTCGTTTGGCAGCATCACCCCGGTGCCATCGGAATCGGGCCTCGAGGTATCCGCGGATTTCGTGGGCACTGGCTTCGGCCAGGTGAACCTCATCGTGACCGACGATGGCAACCTCCCCTGCGTCCCGGGGTCGCTGACCCTCTGGGTCGGGTCGGTGGTCATCTCCGGGGCCGACGGTAACTTCTGGCTGCTCAAGGCCGGCCAACCCATGAGCATCACGCCGCTCGATCCGAAGAATCTCGACCCGGCCGTCCATACCTTGATCGATAGCAACGCGGTCCTCGCGGATCTGACGGATCAGAGCACGGCCACCGCGGTCACCTGCTACCTGTTGAACCTCGCGAGCTTCGTGCCCAAGGCACCCAAGTCACCGAGAAGCTGCCAGTGACCGGAAACAGCTCGATGCCCGCGCCCTGCTGAGCACCCCGCGCACGCGGCTGGAGGCGGGCCTGCCCCCGAAGGAGACCCGTTAGCCGGGAACCGGTAGGCGGGCCGGCAAGTTCTTGCCGGGAGATGTTGCCCGGCAATGCCCGTCGGCAAGAACTTGCCGGCCCCGGGTCGCTCACCCAGGCGCCGTGACAGGGGCGCCGGCTCACCTCGAGACTGGCCCGCCTGTTGCTAAGCCACCATCCGGCAGCACAACTCGATGCAAGAGATTGCATTCAACTCGGATGGAGTGATTCGTATGCGAATTTCGACGATGATTGGTTTTGGTTTTTCGTGTGCCTTGTTCGCGGTGCCCGCGGTCCTGAACGTCGCGGCCGCTTCCGAGCCGAGCAAGGCGACTGCTCCTGCCCTCAAGGGGCCGGGTAGCGCCCAGGTCTCGTCCCTGAGCACGCTGGCGGGCGGCAGCTCGGTGATCATCGGGTGGGACTTCCGGGAGGTCGTGCCCTATTACCCGAATTGCAGCCCGACGTTCGGGCCCGCGAAGGCCTCACACGACTCCGTGGGCGTGCAGGGCGAGTTCTACCATACCGCCGCGGGTTGCGATGCGGGCAGCAATGGCTTCGCCTGGGCCACCTCCACCCTGAACAACACCAATCGCTTCCCGTATCTCGGGTTCACGACCTCCGCGACGATCACGCTGCAGGAGATCCGGCTGAGGTCGGTGGAGAACGATCCCATCAACTTCGGCGTGGCCCTCGAGCTGAGTCCGGCGAACAGCCCGGCCCCCACCACCGCACAGCCGGGTACCAACTACTCGCTGCTCGGCTCGTTCACGACGACCAGCGTTGATTGGGCGAGCAATGCGGTGACCCTGGCGAATCCGATCACCCTGCAGCCGGGCACGTACTACATCCGGCTCCGGCCGCAGACGACGCCTGTGGTCAGCACGTCGTGGATCGCCTTTGACCACGTCGTGCTGATCGGCTCGCTCTCCTACTGAGCGCTGGACGCCGGGGAAGCTGCCCTGGCGAGGTGTGGCTGGGGAGCGGAGGCACCTCGGGCACCAGCGGTTTGAGTGGAGGTCTCTCCACTCACGGTTGTTGCACCGCTCCGGGGCGGGCATGTCGATGCGCCGGCCGAGCTGCTCCGCTGGGAGCAGCTCCCCTTCGTCCTGCTCCACGGTGGACAGGCCGCCCCTACGGCTTGCGCTTGACGCTCAGCGCAGCCGCGGCCGCCGCCTCGCGCAGCTTGTCCTTCTTGCTCTTGCGCTTGCCCTTCACGCCGCCGTGCGCGTCCTGCGTCGGCGGGGCGAGCTCGGCCGGCTCGAACCCCTCGATGCGCTCGCGCGGAAGGTCGAGGTGGTGGCGGCGCTCGATGAGACGGAAGTGGGCCTCGGTGCTCGCGCTGACGAAGCTGACCGCCATGCCCGGCTGTCCGGCCCGGCCCGTGCGGCCGATGCGATGCACGTAGTCCACCGTGGAGCGTGGCAGGTCATAGTTCACCACCGCGGGCAGCTGCGCGATGTCCAGGCCGCGGGCGGCCACGTCCGTCGCGACGAGGACCCTCACGCGCTGGGCCTTGAGGTCCGCGAGCGCCTGGGTGCGCGCGCCCTGGCTCAGCTCTCCGTGCAGGGCCGCCGTGGGGATGGAGGCGCGGTTCAGCTTCAGCGCGAGGTGGTCCGCCCCGTGGCGGCTCGCCACGAAGACGAGGACCTGGGGCCACGCGTGGAGCTCGAGCAGCCGGCGCAGCAACATCGTGCGCTTGCCGGTGTCCACCGCGATGGCGCGCTGGACGAGGGACGCCGTCGCGGGCAGCGTGGCGGTCTCCACCTGGACCCGGACGGGCTCGCGCAGCAGCTGCGTGGCGAGCGCCTGCACCGCCCGCGGGAAGGTGGCGGAGAAGAGCAGGTTCTGCCGGCGGGCGGGCAGCAGCGCGAGCAGGCGCGTCAGCTCGTCGGCGAAGCCCAGCGAGAAGAGCCGGTCGGCCTCGTCGAGCACCAGGGTCTCCACCGAAGAGAGCCGCAGGGCATTCTGTTCCACGAGGTCCAACGCGCGTCCCGGGGTAGCCACCACGAGGTCCGCGCCACCGCGCAGCG
NZ_CP137851.1_gap27	978297	980179	1882	GGCATTCACCGGGATGGACTTCGTCATCGTGAAGGAGAAGGCGCCACCTGGAGGGAGGTTCACTCCCCAATCGGACCAGTCCGTCTCCCAGGCCTCCGGCAGGGTGGACACGAAGTCGTACCAGACCCAATTGCACGAGGCGGAGTCGTTGTTGGTCACGTTCACCGTCCAGGTGACCGACGAGCCAGGGGCTGCCTTCACCGTGCCCGGCGAGAGCGTCAGCGTGGGCGGCGACGAGATGCAGCGCTCGACAATCTGCATCGTGGTCGTCCCCTGTACCGTGTAGCCGTCGCGGGTGGCGGCCGCTCCCGCGGTGTACAGCCCTGGCTCCGTGCGATAGGGCACATACGTCTGGAGGGTCGTATAGGCCGTGCTCGACGCCGCGACCGTGAGCTGCGCGGGCAACGGGTCGGAGCTCCATCCGGCCGGGAGGATGGCACCGAGCTGGAAGGTGCTGGGGCCACAACCCGCCGAGTCCTGATTCGTGAGGGCGAGCTCGAACTCCGGCTGGCCACCGGGCCAGGCGGTGTCCGCGAAGGAAGTCACCCTCACGTGGGGAGGCGCCCGCACGCACGGCTTCTGGCCATACCGGACGCGCACCGTGAGCCCCGCGGAGGTGGCGGATTCCACCGTCACGGAGAGGTTGCTGTACGGGTCGTCCCAGGTCCTTCCCGGCAGCAGGGCCGGGTCGCTCCAGGACGAGGTCTCCGGCGTGAAGTCGAGCAGATGCGAGCCATCCCTCGTCGCCTCGTCCTCGTAGTGCACGAGAGCGCCGCCGAATACCTGGTGATTCAGTGTCTCCTCATAGAGGCCCAGGGGCTGGCGGTACTCCAGCCAGAGCCAACCGCCGCCCGTGGAACCCCGACGCACCTTGAGGGCCTTCAGACCGCCGGACGACACGCCGGACAACACCACGGGGGCAAGCGTGAAGGTTCCGTTCACGCCATCCACCTCGGCCACGGCGGAAGGAGCCAGCCAGCCGATGCGAGCCTTGTGCGGCGCCGCGTAGTGGCCCAGGTTCCAGGAGCCCATGGAGGAGTAGAGGTCTCCGTACTCGGTGATGACGCCCTGGCTGCCCAGGTACCCGAGCGGCTCGGTACCAAAGTCACGCGAGTTCGCGTGGTTCAGCGAAAGGTTGTGCCCCGCCTCGTGCGTCACCAGCTCCACGGCCGTGTCGTGCTGGTTCATGTACTCGGCGACGAGCCACGCGGTGGATGCCGAGATCGTACCGTCCGGCGTCGACAGCGTTCCGCAGGACAGCGTGGCCTGGCCCGAATAGAAGCAACCTTCCTGGGGCCTGGGATGGACGATGAAGATGCGGTCGTACCGGGTGAAGTCCACGTCCGCGTCCGCCGCCCGCAGGGCCGCCTCGCGCATGGCAACGGTGTCCTTGCAGGAATAGGCGCGGTCCAATGTGTACCAGCCCACCACGTCGCCCGTGGTGGTGGTGCGGCCCTCGGACACCTCGTGCCAATAGCCGGCCAGCGAGCGGCGCGTGGTGGAGAAGAAGACCTCTCGCGTCTCTTCCAGGGTGTTGGCCGGCGTCGGCATGCCTGGAAACGCCACCTGGATCACCAGGCTGCGTTGCACTCCCGTGACGCCACAGGTCCCGGCGGAGGCCTCGAGGGCCGCCGCCCGCGTGTCCACTTCGACTTCCTCGGCGATGAGTTGGCCGCCCACCCGCCGCCCGCGCAGCCTCAGCTTCAGGCCACTGCGGAGCCCCTCTGGCGCCTTCCCGCTGAAGACCACCGGGTAGCGCCGCTGCCCCTCGACGAGGAAATACTCCAGGCGCTGCTCCCGGAGCGACGGATCATCCACCACGAGGACTTCCAGCGCTCCAGCCCACTCCCCGCTCGGAGCCACTTCGTCCACGCGCGGTGCC
NZ_CP137851.1_gap28	984774	988831	4057	CGTTGGCGAGGCCGACCACGAGATCCTTCATGTCTCCACCATATCTTCTCCTGCACTGGAGGCGTGGGACGGAAATCCGTAGAGTTCCGGCGTTCTCGTCCCCCCCAAGGAACATGCACGCACGTGCCACGCCCCTCTCGTGCCCCGTCTGCCGCGCCGCCGATGCCCGCGAGGTGTTCCGAAAAGAGTTCAACGTCTCGTGCAACTGCTACTTCGAAGGTCGGCGCCTGTATCCCGCCAACGAGGGGGGCGTCTCGTACGTCGAATGCTTGGGCTGCGGCTTCTTGTGGGCCCCCGAGCTCCACGGCTGGGATCCCCAGACGTTCAAGCGGCGCATCTACAACGAGGAGTATGCTCTGGCGGACCCGCCATTCGCGTTCGAACGGCCGACGAAGCTGGCGGCGTGGGTGGCGCGGTTCGCGCGGCCAGGCATGCGTGTCCTGGATTACGGTGGGGGCGAGGGTTTGCTCGCACGCAGCCTGCGAGAAGTGGGTATCGACGCGGTGAGCTGGGACCCCTTCTATGACTCGAGCGGGAAACCCGCTGGGTCCTTCGACCTCGTGACCTGCTTCGAGGTGGTCGAGCACGTGCCCGACCAGCGCCGGCTGTTCTTCGAACTGGCCAGCCTCTCCCGAGGCGGCGTCTGCGTTTTCTTGACGCTCATCCGCCCGGAGTGCCTTGAAGGCGACTGGTGGTACGCGAGCCCGCGCAACGGACATATCAGCCTGCACTCGGCGACCAGTTTGAGGCGGGTCTGCGAGGACGTGGGGCTCGCGCTCCACAGCTTCAGCGGCGAAGTGCACGCGATGGCGCGGACGCCGTCGCAGCTCGCCACGCTCGAGCTTCCTCCCGTTACGGTCAGCGGCACGCCGGAGCATCAGCTCGACTCGCGGAGCCGGTAGCCCAGGCATGGGCGCTCCGTTTTGATGCGTGGCTGGAGACGTGAGTGGCTCAGCCCCCGTCAGGCCTCGCCGCCACGTGGGGCCAGAGCGGCCCCATGATCCCCACCACACGTACACTTGGGAATATCCCGGCCAACCGATCCCCACGCACATTCATCCGTAAGGGCGACCGCACGATAATGGGGGGCGCTCATCAGCGCCGCGTCGACTACTCACTGGAAGGCTAGGACCAGGGCCGGAGTGCCGTTGCCGATGGCTCGAGTTACCATGCTCGCCTGCTCATGTTCCCGAGTGCGTGCCGCACGCAGCATCGTGCGACCGTCCGCAATTGAACGCCAAGGAGAGCACCATGCCAAATACTTTCTCTGACGTTGAAGCGCTCACCCGTTCGATCGCCAATCGCTGGGGCATTATCGACTGGAATCGGCACTTCGGTTGGTGGCGACCACCCTCGAAGGTTCGCATTTTGATGTACGCCGACAGCAGTGTGTATTTCAACGGCGGCAGTTTTCTCGGTTTGCAGTATGTCTTCAACTTGTTGAAGAGCCGCGCGTACTATTACGTCGATTTTGAAATCGACTTCGCGCATCGCGATGGCACCGACCCGACGGCGACCATCCCCGGCGCCCAGGCGTTGACGTCTGCGACGCTGGATATCATGAACAAGTACGACGAGGTCTGGTTCTTCGGCTTCGATTCAATTCCCAACCTGTCGCCGGCCGAAGTTACATTGATGGAGCAGTTCATGGCCGCGCCGAAGTTCGGGGGCGTGCTGGTCACCGGCGATCACGCCGATCTCGGCAAGGGCATCGCCAGCCAGCTCCCGCGCGCCGGCGTCATGCGGCTCTATCCGGCGCCGCCAAATTCGCCACCCGGATGGAACACGACCTTGGAGGAGGGGCCGGACGCCAACGCCACGTTCAATTTCGACGACCAATCGGACGACAAGCCGCAGACCATTCGCTATAAACGCTACTCGCTCGATTCGCTGGCTGTGTTTCGACGTCGTTACCGGCCGCACCCGGTGCTGTGCGGTCCGACTGGGCCGATCGACGTGTTTCCCGATCACCAGCACGAAGGCGAAGCGCTTGCGCCGGTCCCGGCGCCCGGAGATCCGGTGTGGCCGACCAAGGCCGGTCATCAAGAGCAGCCCGAGGTGATCGCCTGGGGCCGCATCAAGGACCCGGCGGCAACGAAGTACAATCAGGAAATCGGCGTACTGTCGGCGTACAACGGCCACAACGTCGACGTCGGCCGGATCATCGCCGACTCTACCTGGCATCACTGGTTCGATATCAACCTCACCGGCACCCTCGCGCCGCCGTCGCCGTACGCCGGGTTCGATGAGACCGCCGCCGGCCAGGCGGCGCTCAAGAAAATCGACGCGTTCTTTCTGAATTGCGGCGTGTGGTTGGCGCCGCCCGTGCGCCAGGCGGAAATGCGCGCTGCCGGCTGGTGGTCAATCCTTTGGACGGATCACATGCTCGAGTTACCGCAGCAGGAGTCGCTTCGGTACTACGGCGATCAGGCAATCGACGCGCTTGGCCGCCGGGCATCGCCCTGCACCGTCACCGAATGGGTGCTCGACTTGCCGATCTTCAAAGAGAAGATCCCGCGTTGGGAATGGCCGATGGTGCTCGAGAGGTTTCAGTTGATCGACATTCCGCTCGAACGCTACGTCGCCGGCGGCATCCTGCAGCAACTGATGAATACAATTGGCCCGTGGAGCCCGAAAGCGACATTCCCGACGAGGCCGGTGAGCGACGAGTTGTTGCACCGCGAGATCGCCACCGGCATCGATGCTGGCTTGTCGGCACTGACCAAACAGCTGCAAAGCGAGGCGTCGTTAGCGGCAAAATTCGCCGACAGCGGTTTTCAGGTGAGGAGGATCCTGAAGTAACCCTCCAGTGCCTTCGTTTCGGCTGACTGCTCGAGTCACACTCTCGCGGCAACGACGTTGACACTCACCGCGCCACACGCCGTCACCTGAAAGGTGTGGGCGCTCGAGTGGTTCGAGTCGTCCCCGGAGACGTGGGGTGGCTCAGCCCCCCTCAGGCCTCGCCGCCACGTGGGGTCGGAGCGGCCCCATGACGCCCACCACCAGCCAGGTGAGCGAGAGGGCGAGCGAACGAGACTCGGTATGGATGGGACCCCACCGGCTCCCAAGTCTTTCCGAGGACTTGAGGCTGGCGCGCCAGGTGCATCTGGCCTGGAGACTCGCTCGTGGGGGATGGGGATGGGCTGGCCGCTGAGGATGTTCCAGGAGGAGGGTTACTACTTCGTCACGTCCAGGTGCTTTCAGGGGCGGCTGCTACTGCGTCCCAGCGCGGAGGTAAACGAGGTGGTGGGTGGAGTGCTGGCGCGAGCCGTCCAGCAGAGCGGCGGTTGCGTACGGCTGCACGCCTTCACCTTTGCCTCCAATCATTTCCACCTGCTGGTGTGGGCGCGGGGGGCATCGCTGGCCGCCTTCATGCAGTACTTGCGCGCCAATCTCTCCAGGAAGGTGGGGAAGCTGGTGGACTGGACTGGAGGCTTCTGGGAGAGGAGGTACTCAGCGGAGCCGGTGCTGGACGAGGAGGCGCTGGTAGGACGGCTGCGCTACGTGCTGGCCCATGGAGTGAAAGAGAGACTGGTGGAGAGGAGCGCCGAGTGGCCAGGCCTCACCTGTCTGCCGCAGTTACTGGGCCCGTCTCGGCGTCTGTTCCACTGGTTCAACTGGACGAGGCGCTGGAGCAAGAGGGGGAGCGGGGTGGTGGGAGGAGCGCAGGGGCGCTTCGCGCAGGAATGGGCCGAACCAGTGGAATTGGAGCTGGCAGCGCTGCCGTGCTGGGACAGCCTGGCAGAGGAGGAGCGGCAGCGAGCAGTGCGGGGACTGGTGGAGCAGGTGGAAGCCGAGGCTCGTGCACACAATACGCCTGTGTTGGGGGCCCGGGCCGTGCGGGCACAGCACCCGCATACCCGGCCCGAGCGCCTCAAGCGCAGCCCGCGGCCGTTGGGGCATGCCTCCACGCGCCATGCCCTGAAGGCGTTGCGCGAGCAGTACCATGCCTTTGTCGCGGCGTTCCGAGAGGCGGCGGCTCGGTTGAGGCGAGGGGACTACTCGGCGTGTTTTCCTCTCTTCTCCTTTCCGCCACGTGTCGTTCCACGTGGTGTCG
NZ_CP137851.1_gap29	1062177	1063349	1172	ATCAACGGGCTGTTGCTCGGCCCCACCATCCTCGTCTGCTTCGCCGTCACAATGGTGGTACCGGGCCCCTACCTCTCCTCGCTACTGCTCGCGGCGCTGTTCGCGGTAGGGTCCGGGGCCGCCACCTTCGTGGCCATGAAGGTGGTCACCTTCGAGCGTCTGCTGCGTTGAATCCCCCCTGGAAGCCCATGCTCCCGACCCTCATCACCGACCTGAACTTCGAGCCGTTGGATCTCGCGCTCACCGAGCCCTTCGCCATCGCCACCGGGGCGCCCACCATGGCGAACAACGTGCTCATCCGGCTGACGCTGGCGGACGGCACGGTGGGCCTGGGCGAGTCCGCGCCCCTCACGGCGGTGTCGGGCGAGACGCAGGCGAGCACGCTCGAGGCGCTCCACTCCGTGCGTCAGGCGGTGCTCGGGAAGGACGCGCGCGGCTGGCGTCCGCTCGCGGCGCTGCTGGGCGAGGCCCTGCCGGGGGCTCCCTCGGCGCGCTGCGGCCTGGAGCTGGCGTTGCTGGACGCGTTGGGCCGGCACTATCGGATGCCGCTGTTCGCCTTCTTCGGCGGGGCTGGCACGGGGCTGGACATCGACATGACGGTGACGGCCGGTGACGAGGCGCACGCGGCGTCCTCGGCCCGGGCGATCATCGCGAGGGGCATCCGCACCATCAAGGTGAAGGTGGGGGCGCTCTCGGCGGAGGAGGACGTGCGGCGCATGGTCATCATCCGCCGCGAGGCGCCCGGCGCGCGGCTGTTCGCGGACGCCAACGGGGGCTACACGGTGGCGCAGTCGCGCGCCTTCCTCTCGGGGCTGGAGGCCGAGGGCGTGCCGCTGGCGCTCTTCGAGCAGCCGGTGCCACGCGAGGACTGGGAGGGCATGGCGGAGCTGACGCGCTCGTCGCGGGTGCCCATCTGCGCGGACGAGTCGGCGCGCTCGGCGAAGGACGTGCTGCGCCTGGCGCGCGAGGGTGGGGCGCACGGCATCAACCTCAAGTTGATGAAGAGTGGCGTGGTGGAGTCGCTGGCCATGTGGAACCTGGCGCGTGCCTCGGGCATGGAGCTGATGATGGGCGGCATGGTGGAGAGCACCCTGGCCATGAGCAGCGCGGCGCACTTCGCCGCCGGGTTGGGCGGCTTCGACTACGCGGACCTGGACACGCACCTCTTCATC
NZ_CP137851.1_gap30	1146083	1148683	2600	TCACGTCCGTCATGGCCACGGCGTCGCCGATGGCGTTGCCCACCTCATCGAGGATGTTGCTGATGCGGGTGGTGGAGCGGATGGACTGATCCGCGAGGTTGCGGATTTCACGGGCCACCACGCCGAAGCCCTTGCCGTGCTCGCCGGAGCGCACGGCCTCGATGGCGGCGTTGAGGGCGAGCATGTTGGACTGGTCGGCCAGGTCCTTCACCGTCTGGGTGATTTCGCCGATCTGCACGGCGCTGGACTGCAGGCGCTCCATCTTGCCGCGGATGGCGAACACCGAGTCGCGGATGGCGCTGAAGCCGGCGATGGTCTGCTCGATGGCCAGGGTGCCGGCGCGGCTGAGTTCCTCGGCGTGACGCACCACGTTGAGTACCTCCTGGGCGCGCTGGGCGGTGAGGTCGGAGGTCTGTTTGATCTCCTGGGCGGTGACGTTGGTCTCCTGGATGGCGGTGGCCTGGGTGGTGAGGGCGCGGCGCTGGGCCTCGTTGGCGTTTCGCAGGGTGGCGCCGGCCTCCACGAGCTGGTTGGCGGACTGCTGGAGGTTGCGGGGCAGGGCGCTCAGTTGCAGGACGATGGAGTTGAGGCCGAAGGCCAGGTCGCCGATCTCATCGGTGGACACCCACTGGGGCGGACGCACCTTGCCCACGGAGAGGCCCTCGATGGCCTCCAGCACGGAGAGGGAGCCGCGTTCCTGGCGGCGGGCCAGCATCCACGCGGAGACGGTGGGGATGGTGAGCAACAGGAGGGCGAGCACCGCGACGGGCACGCTCAGCTCCTCGAGGAGCGAGGAGGACATGCCCTCCATCATCAGGGCGGCCTGGTGCTGGCCGGCGGCCTGGAGGTCCTCGATGTAGCGGCGCTGCACGTTGTTGGACTGCACGGCCACGGCCACGCCGCCCAGGACGATGAGCGAGAGCACGCAGACGGCGAAGGCGTAGGGGAGGAACCAGGACTGGCGCACCCAGAAGAATCCACCGCTGATGACGCGCAGGTGGGGGTGGCGCTGTTGCTCCTCGAGGGCCAGCGGCTGCACCCAGCGCTCGATGACGATGCCGGCAGGGAAGGCCAGCAGGACGCCGACGGCGAGGCCGACGAGACCGCCCCAGACGGCCAGCTTGAGATCCTTGCCGAACCACAGGCAGACGCCGGTGCTGAAGAAGGCGGCGCCGGCGGCGTAGGTGCCCACCAGGTTGTAGAAGGCCAGGCGCCAGGGCAGCTTGAGGATGCGCACCAGCCGCAGCCCGGGCCGCTCTCCGGGGTTCACGCTCAGTGCGGTGCCGACGAAGGTGTTGATGATGATCAGCGGGCAGAGGACGGCGAAGAGGAGCAGCGTCGGCGGCAGCAGCCAGAAGAGCGCGCGCGAGACCTGATCGCCTTCGAGTCCGAGCACCATGCCCAGCAGGTAGGCCACGAAGGGGGCCAGGGGCAGTGCGCAGGCGCGCATGAGCGCGTCGATGCGGCTGGGCAGGGAGCTGTTGCTCGACGATTTGAAGATCGCCATGTTCGAGACCTGGACGCTATCACCTTTCCACCCCCCGTGGCGGGAGGGCCCGGGAGGAGGGACGGAGGTGGAGGCGCCGGCCCGCCGTGAGAGGTAGGGGGGCTGCCTGCCTGCCCGTCACCCGGGCCAGGAGGCCATACCGGGCGTCACAGCTTCATGCGCTTGAAGACGCGCTCGGGGATGCCGCGGATGGCGAACATGATGGGGGCCCAGAAGCCGGGCAGGTACACCTCGTCCTTGCGTGCGTCGGCCGCGCGGACGATGCCCCGGGCCACCTTGTCCGGGGTGGCGAAGAGGGCGTTCTTCTTCATGTCCGCCGTCATGGGCGTGTCCACGAAGCCCGGCTTCACCGTCACCACCGCCACGCCCGAGCGCGCCAGCCGGTTGCGCAGCCCCTGGAGGAACACGCTCAGCGCGCCCTTGGAGGCGCCGTACACGTAGTTGCTCTGCCGCCCCCGGTCTCCCGCGACCGAGGAGATGACCACCAGGGTGCCCGCCTTCTGCTCCTCGAAGCGGTTGGCCAGCGGCGTCAGCAGGGACACCGCGCTCAGGAAGTTGGTGCGCAGCACCTTCTCAGCCTCCGCGTACGAGCGCTGGGCGGCCTCCTGGTTGCCGAGAATCCCATGGGCGAGCAGTGCCCCGTCCAGGCCTCCGAGCGCCGTGGCCGCGCGCTCCACCAGCGCCTCGTGTTGGGCGAGGTCGTCCAGGTCCAGCGCCTCGGTGTGCACGCTGGCGGCGCCTTTCGCGCGCGCCTCGTTGGCGGTGGCCTGCAACCGCTCGGGGTTGCGGCCCACCAGGAAGAGGGACGCGCCCCGGGCCGCCAGCAGTTGCACCGTGGATTGAGCAATGGCGCTCGTGGCGCCGAGGACGATGACCTTCTTCATGGACTCCCTCATGTCGCGGCCAGCAGCACGCCCATGGCGATGAGCCCCACCACGTAGCTCACCTTGTCCTTCAACGCGAAGACCAACGGGTCTTCATTCACCAGGCCGCGGTGGGCCAGCAGCCACACCCGGCCCACCCAATACAGCATCACCGGGCACAGCAGCCACAGCCGTTCCGGGGACAGGTAGAGCACCGTCACTTCCTTGCT
NZ_CP137851.1_gap31	1279389	1283444	4055	CTCACCGAGAAGCTCTGGTACGACCTGGCGGCGAGCGTGGGTCTGCGTGTGCCTCGGGCCCGCTACGTCCACGTGACGTTGCACCTCGTCCAGGACGATGGGAGCGTCATCACGAAGTACGAGGGCGTCTTCACCGAGCTGGAGTCCATCAACAAGGACTTCCTCGAGGCCCACGACTTCGATGACGACGGGGACCTCTACCGCTGCGGCATGCACGACTGCGAGATGCGCCAGCCGCCGCAGGAGCGGTACCAGGAGCGCTGGGACAAGAAGACGAACGAGAAGGAGCCGTGGGACCGGCTGTGGAGCTTCGTCGAGGGCATCAACCGCACGCCGCCGCACCGCTTCGCGGCCTTCGCCCAGGAGCGGCTGGCGCTGGAGGACTACCTCACCTGGCTGGCGTTGGAGACGTTCATCGACAACGACCTGCAGGGCGACTCGCGCAGCTACCTCATCTACGACCGCGAGATGGGGAAGTGGACGTACGTGCCGTGGGACCTGAACAACGCGTTGTCGCTCTACAACCGCACCAACCCCGAGCGCCAGGGCGTGAAGGAGGACCATCCGCTCTTCAGTTTCACCGCCTACGACCCGCTCGTGTACGAGCTGGCCGATTTCCGCCGGACCTTCCCGGACTTGCAGGACATGAAGCCGGCCTGGAGCACGCTCTCCACGCGCATCTACGATGATCCGGGGTTGCGCGCCCGGTACGTGGAGCGGCTGCGCAAGCTGCTCGACACATGGTTCACCGAGGAGAACATCGGTCCGCGCGTGGACGCCATGCACGCGCTGCTCGCCCCGTTCATCATGCCCGGGCCGGACGGCAAGACGGTGGACCCGTACGTCAGTCCTCCCCACGCCGCGCGCAGCTCCGAGCACCTCCACCGTTTCGTGCGTGAGCGCCGCAAGTGGCTGCTCCAGCACATCCATGACATCGAGTCGCTCGGGAGTGGGGCGCTGGTCATCGACCGGGTGGGCCGGGATGCGTCGGGTGCCTTCTGGGTGCAGCTCTACAACCGGGGCTCCGCGCCGGTGTCCGTGGGAGGCCTGTACCTCTCGGGCTTCAACCGGGTGCCCGGACAGTGGACGCTGCCCGCGCTCACCGTCGAGCCCGGACAGGCCGTCACCTTCCGCCAGGGGGCTCCGGAGACGGGGCACCTGGGCGCGACGATCGACCCACAGCGGCCCGAGGTGTCCCTCTTCGCGGCGGATGGGAAGTCGGCCATCGACCTGCTCTGGCTGGCGCCGCTGAAGCCGGGCGAGGCCTACGGACGACAGCCTCGCGGAGCCGAGTCCTTCGGTCCTCAATCCGGACCGTGAGGGGGTCCGGCGAGGTCAGCGCTCCAGTCCCAGCTGCGTGAAGACGAAGGCGAAGGTGAAGGCCGTCTCTCGCAGCTGGTCGTAGCGGCTGGAGGCTCCCGTGTGTCCCGCGGCCATGTCCATCTGGAGGAGCACGGGATGGGAGTCCGTCTTGTGGGCCCGCAGCCGTGCCACCCATCTGGCGGGTCCCCAGTACATCACCTGGCTGTCGTTCATCGCCGCCATCACCAGGAGCGCCGGGTAGGTCTGCGCCTTCACGTTGGTATAGGGGCAGTACTGACGGATGTACGCGTAGTCCTCGGGCCGCGTGGGGTTGCCCCACTCCTCGTACTCGGGGACGGTGAGCGGCAGTGACGGGTCGAGCATCGTGGTGAGCACGTCCACGAAGGGCGCGTGCACGAGGGCTACCCGGAAGAGGTCCGGGCGCAGGTTGAGCACGGCCCCCACCAGCAACCCCCCGGCGCTGCCGCCCCAGATGGCCAGCCGCTCCTTCGAGGTGTAGCCCTGGGCGATGAGCGCCTCGGCCACCGAGATGAAGTCGGTGAAGGTGTTCATCTTCTGGTGCAGGCGGCCACCGTCGTGCCAGGCCTCGCCCAGCTCCCCGCCGCCGCGCACGTGGGCGGTGGCCACCACCATTCCCCGGTCGAGCATGGACAGGTCATTGGCGAAGAATCCCAGGGAGAGCGTGGCTCCGTAGGCGCCGTATCCCTTGAGGTACATGGGCGCGCTGCCGTCCTTCTTCAAATCCTCACGGTAGACGAGGCTGACCGGGATGCGCGTGCCGTCCGCCGCCGTCACGTGCAGCCGCTCGGTGGTGTAGCGCGAGGGCTCGTACCCTCCGAGGACCGTCTCCTGCTTGAGGAGCACCCGCTCGCGCGTCGCCATGTCGTAGTCGAAGGTCGAGGCCGGCGTGATGGGGGACTCGTAGCGGAAGCGCAGGCTCCGGGTGTTCCATTCCTCGTTCTGGGCGAACTCCACCTCGTACACCTGTTCGGGCATGGCCACCCGGTGGCGCTCCCCCGAGGCGAGGTCGGTCACCGTCAGGTGCTCCAGGCCTCCCTCGCGCTCGCGGGTGACGAGGTGGTTGGAGAAGACCTCCAACTGCACGACCATTACCGTGTCGCGATGGGGCAGGAACTCCTTCCAGTTCTCTGGCCCGGGAGCGTTCACCGGGGCGGTGACGAGCCGGAAGTTGGGGGCTCCGGCGTTGGTGCGGATGTAGAAGAGCCCGCCCCGGTGGTCCACGGAGTATTTGTGGCCCTGCTCGCGAGGCGCCACCACGCGTGGTGAGGCATCGGGGGCGTGGGCGGGCAGCACCCGCACCTCGCTCGTGTCGCGGCTGCGGCTCTGGATGATGAAGTATTCGCGAGAGCGCGAGCGCCACAGGTACACGTTGAATCGCTCATCGGTGTCCTCGTGGACGAGGGTGTCCCGCTCCTCGCCGAGCACATGGCGCCAGAGCTGGTGGGAGCGTTTCGCCGCGTTCTCGGTGGTGTAGAGGAGGGTGCGGCTGTCGGCGGCCCAGGTCACGTCATCGACGTGCTCGCGCCGCTCGGGCAGGAGCGCGCCGGAGCGCAGATCCTTGATGTGGAGCGTGTAATCACGTTCCCCGCTGGTATCGACGGAGAAGGCCAGTTGCTGGCCATCGTCACTGACCTGGAACTCCTTGAGCTTGAAGTAGCGGTGCCCCTTGGCGAGCACGTTGAGATCGAGCAGCACCTCCTCGGGGCTGCCGGGGCTGGCATGCCTGCGGCAGTGGATGGCGTAGGACTTTCCCTGCTCGGAGCGTGAGTAATAGAGGTAGCCATCCTTGGAGTAGGGGACGCTGGCATCCGTCTGCTGGATACGCCCGAGCATCTCCTGGTAGAGCCGCTCCTGGAGGTCCGCGGTGGTTTGCATGAAGGCCCGGGCATGGGCCGACTCGGCCTCGAGGTGGGCGTGCACCTCTGGGTTGTCCTTCTCGCGCAGCCAGAAGTACTCATCCTGGCGCGTGTCGCCGTGCGGGGTGATGGCGTGGGGCTGTTGCCTGGCGACGGGTGGAGCGGGAGGCGGGACTGTCGCGCAGGCGAGCGTGAGCACCAGGGCGAGCGGAACCCAGATGGAGAGCATTCTCGGCATGGTCCGAGTCTGCCAGAAGCTCGGACTTGCTATCTTCGCGGCTCCTTCATCTTCGGGAGTTCCTCGTGGTCGAGATTGAAACCCTGGCGGCATTCGAGCAGCACCTGTCGGGCGGCAAGAGCCTCGCCAACGTCATCCTTCAAGGGCTGGACCTGACAAAACAGTCACGGGTGCTGCTGGGCGCGGATCTCACGGGCACCGTCTTCCTGGGCTGCCAGCTCGAGACGCAGACCCTGCAGGCCGTGATTGCCCACGGGGCCATGGTCTTCCCGCCCTTCTCGGGGCTGCCCTATTCGCCCTACCGGGGCGGCCTCTACTCCCCCGAGGAGCTGTACGCCGGCTTCGACCCCACTCATCCCGAGAGCTACGCCGACACGCCCGACGCCCGCATCTACGCCCACTGGAACTCGCGCGGCGCGGCCAACTCCCCCTCGCTGTTGGAGACGCTGGCGCAGCGGCTCCACGACCATGCCATCACCGATGCCATGGAGGAGGTGCTCGCGCAGCAGAGCCAGGGCCGGCCGCGCAGGGTGGTGGCCATCATGGGCGGCCACTCCATGCTCAGGGGCCAGCCAGACTACCGGGCGGTCGCGGAGTTGGCCCGCGAGCTGGCGCGC
NZ_CP137851.1_gap32	1285823	1288126	2303	GCCGCTGTCGGAGCTCCTCCAGGCCAGGACGGGAGGCAACCCCTTCTTCCTCCTCCAGTTTCTGCAGACGCTCTACCAGGATGGGTTGGTGGAGCGGGTGCCGCGAGGCGGCTGGCTCTGGAACGCGGACGCCGTGCGGGCCATGGCCTACGCGGACAACGTGGTGGACTTCATGGCCGGCCGGTTGCGCAAGCTGCCCGCTCCGGCCCAGCGTCTGCTCTGCCTGTCCGCATGCGTGGGCAACACCTTCCCGCTGGAGATGCTGGCCCTCCTCACCCGGCAGGACGTCTCCGAGGTGGAGCTCGGCCTGGAGCCGGTGCTCCAGGAAGAGCTGGTGATGCAGAGTGGCGCCCAGCACTACCGCTTCCTGCACGATCGCATCCAACAGGCCGCCTACGCCCTGCTGGCCGAGCCGGAGCGCAAGGCCATCCACCTGGAGATTGGCAGGCTGCTGTGGGGCCGTCTCTCGCCCGGCGAGCTGCGCGAGCGCCTCTTCGACGTGGTGGGGCAGCTCAACGCGGGCGTGGAGTTGATGGGGGACGAGGAGGAGCGTACCCGGCTGGCGCGGCTCAATGCCGAGGCGGGCTTCCGCGCCCAGTCCTCCTCCGCCCACCGCTCGGCCATCGGCTACTTCTCCATGGCCCTGCGCCTGATGCCCGGGGGCCTGTGGGAGACGGCGCCCGAGCTGGCCTTCAAGCTGCGCCTGGGACAGGCCAGCAGCGAGCTGATGTGCGGCAATGGCCCCGAGGCCCGCCGCATCGTCTCGGAGCTTCGCGCGAGGCCGCTCTCGCACCAGGAGCTGGCGGCGGTCTACCGGCTCGAGAGCAACATCCTCCTCATCGCCAACCAGCCCGAGGCCGCCGCCGTCTGTCTGCTGGAGTGTCTGGAGCGCTTCGGGCTCCGCATCCCCGCGCGGCCCACCTGGGACGAGGTCAACGCCGCCAGGCAGGAGGTGGAGTCGCTGCTGGGCGGCCGTTCCATCGAGGGCCTCGTCGAGCTGCCACGCCTGACGGACCCGGAGGTGAAGACGGTGATGGGGCTGCTCGGGGCCCTGTTCGCGCCGGCCTTCTTCACCAGCGAGACGCTCCTGGCCCTGCACCTGTGCCACATGGTGGCGCTGACGCTACGCCATGGCAGCACCGACGAGTCCGCTTCCGCCTATGTCTGGTATGGCTTCGTGACGAGCTGTCTCTTCAAGGACCCCCATCGGGGATATGCCTTTGGCGGGCTGGCGTGTGAGTTCGTCGAGCGCAACGACATCTCCGCCTACCGGGCCCGGGTCCTCTTCACCCAGGCCCACGTGAGTCTCTGGGTCCGGCCGCTGCGGGAGGCGAAGGAACTCTACCAGAAGGCCTTCCAGCAGGCGCTCCTGTCGGGGGACATGCAGATCGCCGGTTACTGCTGCATCTTCATCGCCTGGCTCCAGCTCTCCATGGGCGCCGAGCTGGCCCAGGTGGAGCGCGAGGCCGTCACGCATGCCGAGTTCGCGCGCAGGGCCGGCTTCCGGGACGCGTCGAACATCACCGGGCTGCTCGGGGCCTTCTCGCGGCAGATGCGGGGGCTCACCGAGTCCTTCGGCACCCTGAACGGGGAGGGGTTCCGGGAGGAGGTCATCGAGGGCCTGCTGGTCACCGGCATGGCCCCGCTGAAGTGCTCGTATCCCGTCATCAAGACGCGCTCCCGCTTCATGGCGGGCGCCTACGAGGAGGCGCGCCAGGCGGCGGACAAGGCCCAGGGGCTGCTCTGGGCGGTGCTCGGCCGCATCCAACTGCTGGACCATCACCTCTACAGGGCCCTGACGCTGGCGGCGTGCTGCCGGGACGCCGCGCCGCCGCTGCGGGAGCAGTACCTCAAGGACATCCAACAGCACCGGCGGCAATTGGAGGAGTGGGCCACGAGTTGTCCGGAGACGTTCCGGGCGGCCGAGCGGATGGTGGCGGCGGAGCTGCACCGTCTGCATGGCAGGCTCGAGCTGGCCCTGCGCGGCTACGAGGAGGCCATCGACGCCGCCCGCGAGCATGGCCTCATCCACAACGTCGCCGTGGCGAGCGAGCTGGCCTCGCGCTTCTGGAAGGAGGCGGGAATTCCTCTCATCGCCCTGGCCTATGCCCGCCAGGCGCGCGACGCCTATCTCCAGTGGGGTGCCGAGGGAAAGGTACGGCACCTGGACGAGCAGTGGCCGGACATCTCCCGGCTCGTCCTGAGTGGCCAGGGCACCACCAGCTATGACACGGGCTCCAAGCTGTTGGACGCGCTCAGCCTCGTCAAGGCGCAGCAGGCGCTCTCCAGTGAGATGGACCTGG
NZ_CP137851.1_gap33	1381448	1384921	3473	CGGAAGGCGCAGGCCACCTGAGCACGGTGCAGGACTTGGTGTCGGCTGCGCGGATTGTTACCGGCCATCGGCCTCGGTAGCGTCTCGTGGAATGTTCGCGAACGCGCACGAGGGTGTTCCCCTCTGGGAAGTGGTGAGCAGCCTATGAGCGCGCGGAACTCGACACCTTCGGAGCGTAACCGTCCGGTCTTTGTGTTGGATGTGTTGATGGGGATCCGGGAGGAGGCCCGGAGAGGGCGGCCCTTCTGGTTGTTTTTCGGGGCCGAGAACGCCGAGATGATGTGGGCCTATATCGCGGGCTACCTGAGCTGCTGTTACCGCAATGGCTTCACCGATGAGGAGTGGGGCCGGTTCGTGGACTGGCTCGTGGACGTGAAGCACGAGTTCCCCAAGGGCGGAGGTTGGGTGAAGAAGTTTCTCGACGACTGCGGTGGTGACCACGGCAAGGTGATCATGAAGTTCCTCGACCTCGCCGCGGAGTTCGTTGCCACGCAGCGGGGCTGAGCACCCGACCCCTTGCTTCGGACGGGCCGAACTGTCGTTCATCCATCCGTCGCTCTCGGGAGGCGTTGAGCGTACGCGTGGAGCCGCGATCAAGTGGTGGTCATGCTCCGTTCCCATCCCGGGTTGCTGCTCCTCGTGGCCTTCGTGCTCGTCGGCGGTTGTCGGTGTGACGAGCCGCCCGTGGGCGGTACTCGCGGGGACTTCGACGTGGAGGCGCGGGTGCTCGATTTCGGCCGGGTACTCGAGGGCGACACGGCGCGCCGCTCCGTGACGGTGGTGGGCACCGGCCGCGCCAGCGTCACCGTCTCCGCCTCGGTGCGCGGTGGCCCCTTCTCCCTGGCCGAGACCGGGGTGTCCGTCCCGGGTGCCAGCTCCGTGGCGCTGGAGGTTCTCTTCCCGGCGGGCAATGGTCCAGCCGAGGCTACGCTGGTGCTGTCCTCCGGAGGGCGCTCGGTGGAGGTGGTCCTGCGAGGACAGGGCGTGCGGCCATTGGCGTGCGTGCCCTCGGCTCCGTGCCGCCAGTCACGCTTCGAGCTGGAGCCGGGCGTGTGCGTGGAGTCGGACTCTCCGGACGGGGCGGCGTGCATCCCCGGCAGCCGGTGTCAGGAGAACGGCCGTTGTCAGGCCGGAGCCTGCGTGGGCTCGCCACGCACGTGTGACGATGGCAACCCCTGCACCCGGGATGCGTGCTCACCGGAGCAGGGATGCATCACCTCGCCCGTGGTCTGTCCCTCGTCGGGCAACCCCTGCCGCGTGGGCCTGTGTGACCGCGAGCGGGGGTGCACCGAGGTGGATGCCCGCGATCTCTCCGTTTGCGGCAAGGTGGATTGTGTCACCTCCCAGTTGTGCTTCTCCGGCACCTGTCGCGAGGTCCCCACGCCCGAGGGGCTCCTCTGCTCGCCCGCCACGCCCTGTCAGGGGGAGGGCCATTGCCAGTCCGGCGAGTGCGTGCGTCCGGACGTGACGGAGCTCGTGCCCGCTTTCGCCCAGGAGCTCGGCGGAGAGCCTTCGTTCACGCCTGGTGGGCCGGTGTTGCTCGCGCAGGGGGAGTCCCTCTTCGCGTCGGTGTGCGGCGGCGATGCCGGCTGCCGGTTGGTGTCCTATACGAGCGAGGGCTTCCTGCGCTTCGAGACGCCCTATCCGGAGGGCTCGGCGCGCACGCTGCTCGGCGTCTCGGACGCGGGCGTCGTGCTGCACGAGCCGGAAGCGCTCGAGTCCTATTCCTCTTCGGTGACGGGTGCTCCCCAGTGGCGCGTTCCCCTCACGAGTCTCGAAGCGCCTCCGGAAGCAGGGGGACCTTCCACCGGCGTGGGGCGCGTCGCGCTCGGACCCGAGGGGAACGTGGTGTCGCTCGTGTCGTGGGAGGGTGGGAGTTCGGCGCTGGTGGTGCTCGCCCCGGACGGCGGTGTGTTGCGTCAGGGCACCCTGGACGGTTTCGCGGAAGAGGCTCGGGTGGCGCTGGACTCGCGCGGAGAGGTGTTCCTCTTCGCCGCGGGAGGACCCCTGGTTCGCGCCGAGCCAGAAGACGGAGGCACGGGCTTCCGGTCCATCCCGTTGCTCGAGGAGGTGCCGGAGTCGGGGGCCTCGCTGGCCGTGGCGGGGGACTGGCTCTTCGCGGGGGCACGGGCCTTCGTGGGCGTGGATGGGGGGACGCCCTCCGCGGCGCGGTGGGACGTCGGCGCCCCGAGTGTCCGGCCGCTCGACGAGCCCGTGCTGCTGCTGGAAGACGCCGGTTACGCCTTCGCCCGGACCTGTTCGCGCACCGACGGCACGGTGTGCGCTCCGGAAGAGGAAGGGGTGCTGCTGCGCGCATTCGACGCTCGGGGAGGCAAGGCCCGCTGGGAGGTGCCCCTCTTCCCGGACGAGGCTCCCGGGGTGCTGCATGAGGCCGTGCTCGTCCAGGGCGGTGGGGTGAGCACCGTGACGAGCATGCGGCTCGGAGGCGTGACGCGGGCCCACCTCCAGGTCTTCGCGGAGGGCGAGCGGCTGATGATGTGCCCGCTGCCCGGGAATCCCCGTGTGGTGGGAGCCCTCTACGCGGGGCACTCCGTCTACGTCGCCCTCGAGCGAGAGGGCTCCTGGCGGCTGGAGGCGTTCGACCTCGAGCCGTTCATCACGGCGGAGACGCGCGGTTGGCCCCAGGCGTCCGGCGTCTCCGGCTCGCGGCGCGCGAGCCCCTGAGGCTCAGCTCCTCCGCTCCAGCCGCTGCTCCTTCTCCAGCCACAGGTCCTCGAAGCGCACCTGGGGAGGGGTCTGGTGCAACCGCAGTCCCTGCACGCTCCCGCTCGCCGCCGCGTACACACGGTGATGGAAGATGGGGATGATGGGGCACTCGTCGTAGGCGATCTTCTCCGCGAGCCGGTAGAGCTGCTTGCGCCGCTCCGGGTCGATGGTGGTGCGTGCCTCCACCGTCAACGCGTCGAACTCCGCGTTGCGGTAGCCCATCGAGTAGACGGTCTGCGCCTTCGAATTGAGGTGGAAGTGGAGGAAGTTGTCCGGGTCGGGATAGTCGGCGATCCATCCCACCCGGAAGGCCGGCAGCCGTCCCTCGCGCCGCCGCTCCGCGAACTCCTCCGCGCGCAGCTCCACGTGTTTGAGCTCCAGCAGCCCCGCCTCGAGCAGCGGACGGAAGAGCACGGCGTCCTCGGCCGTCGTGTCGCGTCCCTTCGCGAAGTAGAGCGTCAGCGGTAGCACCCGGATACCGGCCTCGCGCAGCAGCCGCTCGGCCAGGTGGATGTCCAGCCGTGGCTCGGGCAGCAGGCCCTCGTTGTCCAGCAACTCCGGCGGTGTCACCGTACGGGCGATGCGCGCTCCCTTGTGGAAGCGCTCCACCAGCCCCTGGAAGTCCATTCCCGCCCGGAGCGCCTTGCGTACCCGCACGTCGTTGTACGGCGCCTCGCGCAGGTTGAAGCCGAGGAACGACGTGGACGGCGTGGTGCTGGTGACCACCTGCTGCCCGTCCCGCTCCA
NZ_CP137851.1_gap34	1386232	1390103	3871	CGATCTCCCGTGTGGAGCGCGCGGTGCGCTCGGCCAGGCTGCGGATTTCATCGGCCACCACGCCGAAGGGACGGCCCTGTTCACCGGCCTGGGCGGCGATGATGGCGGCGTTGAGCGCCAGCAGGTTCGTCTGGTCCGCGATCTCCTGGATGACGTCCACGATGCGGCCGATTTGAGTGGAGCGAACGCCCAGCGAGTCCACGAGCTCGGCGGCCTTGCGGACCGTCTCCTCCACCCGGTACATGCCCTTGACGCAGTCGTTGACGAGCACCTCGCCGCGCTCGGCGGTGGCCGTCACGGCGTGGGCCAGCTGGTTGGTCTCCGAGGCCCGATGGCGCACGGCGTCGATGCCGGTGTGCACCACCTGGACGAAGGCCTCCGCCTCGCTGGCGAAGCGCCCCAGCTCGTCACCCGAGGAGGCGATGTGGTGCAGCCGCTCGCTCATGGCCTGCACCTGCTGCGTGGTGCGGTGCGAGAACTCGTCCAGGGAGAGCAGCGCCTCGGCCACCTGCCCGAGCCGCTCGGTCATCTCCACCAGCGAGCTGTTCGTCTCCTGAGCGAAGGTCTCCAACTGGGCCACGCGCTTGCCCGCGGCCTGGAGGCTCTGGCCCATGCTGAGCACCGATTCCTGCGAGCGCTCCACCGCTCCACCCTGACGGCGCGCGGCCTCCAGCAGCACCCGCACCTCCTCGGACACGCCCTGGCAGGTGCGGCGCACGTTGCTCGTCACCCGCTGCACCTGGCTGAGCGCGCGGCGCAGCGAGAAGAGGAGCCGGCGGACCTCGCGCTGATCCTCCACGCCGCTGTAGGCGTTGTTGGTGAGGTCACCCTCGGCGAGCCGGGTGAGCAGCTGGGTGCGCTGTGCGGCGCGCTCGCCGGCCCACCTGTACCAGAACAGATAGCTCGCCGTGAGCAGCAGCGGCGGGGTGCCCAGCAGCAGCACGGCCCAGCCGCCCGCGTCCAGGGGGTGGCTGGTGAGGAGCCCGAGGAGGGTTCCCTGGCCGACGGCGAGCGTGAGCCCCCCGACGACCATGAAGGTGAAGAGGTACTTTTTGGCGACCATGGGTGAACGGAGTCCCAACGTATCGTGCATTCTCGCCGGGGTCCTCAAATCGGCGCAGACTGGGGGGGTGCTTCCGCTCGTCTCCGCTCTCCTGCTCGCCCTGCCAGCGGGGGGCGCTTCGCCGCCTCCTCCCCAGGAGACCACCCGCTTCGTCTTCGCCTGGAAGGGGGTGCCGGTGGGTACCGTCACCCTCTCCCTCGCCCCCGAGGTGAAGCGCTTCACCTATACCTCGCGGCACCTGCACACCCGGGAAGCGCACGTGGGCGAGCGGGTGAGAGAGGTCTCCCTGGAGGTGGGGCCGGGTGAGACGGTGGTGGGGCGTGCGAGCATCCCGCAGGCGCTGTGGCTGTGGCGGGGTCCCCGTGCTCCCGGCTGTGTGACGGGGCGGGAGGAACTGTCCGGCCGCGAGGGGCCGCACTGCGTCACCGCCGTGCGGGGAGACACGGTGGAGGGGACGATGTTCGGCCAGTCCTTCACCGCGCGCTACGACGAGCGGGGGCGGATGGCGGCCTTGGAGGTGGGGGAGTCGCGCTTCACGGTGGTGGCTCCGGGCGTGCGGTTGAGGCCGCCACCGGAGCTCTTCGCGGCGGGCGTGCCCGTGGAGGGGACGTCGGGTCCGCTCGCCTTCTCCCCCGCCTGGCCTCTCGTGGTGCGGCCGGGCTGGCTGACGGACTGGCGGGCCGGAGAGGCGCGGATGCTCGCGGAGTCGGTGCACGCGGCCTTTCCGGAGAAGGGCCCGGGGGCCGCGGACTGGAGCGAGCGGGGCGAGGGCGAGGCGGGCGGGTGTCTGGCCCATGCGCTGCGCTTCGCGGCCCTCGCGGCGCGGCGGGGACAGCGGGTGGCGCTGGTGCACGGGTTGCTCGTCGTGGACGGAGGACCAGGCCGGCCCCATGCGTGGGTGCGCGTGGGGCTCGCGGGAGGCGGCACGCTGGATCTGGATCCCACCTCGTTGGACCCCGTCACCCGGGAGACGCACCTGCCGCTCGCCGTGACCGAGCCGGGAGGGCCCTCGGTGGAGGCCGGGGAGCGGTGGCTGGCGCTGCTGCGCGGCGAGCACCGCGTGGTGCGCCAACCCCTGGCGCGCTGAGGTCAGTCGAATGAGCTCCAGGCTGTCACGGGTCAGCCCATGCGGCAGGGGAGTGGTGCATGTCATGTCGTGGTGTGGGTGCGATGGCTTCGGGCGAGCGGCTGCTTCTGGCTCTGTCGCTGGCCGTGCTCCTCGGTGGGTGTGCCACGGCCTCGCCGCGCGCGAGCCTGACGAGCGGCTTCGGGCTGCACTCCCGGCCCACCGCGCTGCGTGACGGTGCTGGGCCCCGGTGGCCCACAGCCACCGCTGCGCCTGGAGAGACGGAGGGCTCCGCGGGGGGCTTCCCCGAGCAGATGGAGGACCTCTTCCAGACGAGGGATCTCTTCCAGGTGGTGCAGGAGGCCAGCGGCCTCGGGGAGGAAGCCCGGCACCCGGCGGGCGCGGCGCTCTACCTGGAGCAGGCGCACCAACTGCTGGGGCGTCTGGCCAAGACGCCCGTGACGCCGCGGAATTTCGCCCCGCGCCGGGCACTGTCCTGGCTGCTGCGCGAGGTGCTCGAGGGCGGCGAGCGCGTGGACTACGCCGACTTGAAGTGGCGTGCCGAGCGCTTCGGGTGGCTGGTGCTGGTGCGTCCGGACGGCTACCTGGTGGCCGCGTTCGACGGTACGCCCCTTCAACGCCGGGGGGCCCTGCAACTGGTGGAGGGGGAGTGGTGGGTGGGCCGCCTCGTGGTGGGTGGCTTCTACTTCTCACACGGAGGCGTCTTCTACCCGGTGACCGAGGCGCTGCGGCGCGAGGACAGCACGCCCCTGGCGGAGCTGGGCCTGGGGAGGGATCCACTCAACGCCGCGTTGGACGGAGCCCAGGACGCCCTGGCCGAGATGACGCTGGCGCTGGCCCAGTCCATCCTCCATCCCATCCGCACGATGGAGGACCTGGGGCAGTTGCCCACGACGGTGGCGTACCTGATGGCCACCTCGCCCGAGTACTTCGCGCGCTACGGGGCCATGTCGCGCGAGGACCAGATACGCGAGGCAGCGCGCCTGTCCACGCACCTGCTGCTGATGCTGGGGGGCGCGCGGGCGACGGTGGGACGTATGGGCGGGCTGGGGTCGGAAGTGCCTGTGTTGTCGCTCACTGCCCGGGGTGAGCTGGTGCTGGGCGGAGCCATGGTAGCGAGCACGGTGGGCATGGACCTGGGCGCCCTCTCCATCCTCCACATGGCGGGGAAGGGCCAGGGCAGCAACACCGGCGGCGCGAGCGGCAAGGCGGGGAAGGCGTTCCAGACGGCTCCGGCGCGGAGTCCCGGCAGGTGGACGTACAAGAAGCCCACCACCGAATCCAAGCGCTCCCTGGACTACCAGGAGCAGGTGACGGGGCGGCCCGCGTGGTGGGTGTACATGATGGGCGACCTGGAGTTCGATGGCATCAAGCTGGGGGAGCTGCTGGAGGCCAAGGGCCCCGGTTACTGCTCCTTCTTCAACGCGGATGGCACTCCCAAGTCTTGGTACAAGAAATCCGGCAAGTTCGACGAGATGATGGATCAAGCCAGGAAACAATCGGAGGCGGCCCTGCAGCTGGGACTGCCACTGGCCTGGCATGTTGCCGACGCCAAGGTCGTGGAGTTTCTTCGCAAGGAATTCACGCGGAGAAAATGGAACAACACCACCGTCCACCATACGCCAGCGGCGCGGTAGGGGAGGGGCACGAATGCAGGAGGACTACTACATCGGGGCGTACTGGGGCCCTCGGAAGGAGACAGCGCTGGAGTGTGCCCGGCG
NZ_CP137851.1_gap35	1410035	1412027	1992	CTTCCAGTTGAAGGAGGGCGAGCAGTTGTAGGCCAGGAGCTTGTTGGGGAACTTCTTGCGGATGCTCTCGGCGAACTTCTTGGCCTGGTCGAGGTCCGGGGTGCTGGTCTCGCACCAGATGAGGTCCGCGTAGGGCGCGTAGGCGAGGCCGCGGGCGATGGCGCACTCCAGGCCGCCCTTGAGGCGGTGGAAGCCCTCGGCCGAGCGGCCCGCCTTGCGGTCGATGAAGGCGTGGTCGTACTCGTCCGCGTCGCTCATCAGCAGCTTGGCGCTGTCGGCGTCCGTGCGGGCCACGAGGAGGGTGGGCACGCCCATCACATCCGCGGCCAGGCGCGCGGCCGTCAGGGTGCGGATGAAGTTGTTGGTGGGCACGAGCACCTTGCCGCCCATGTGGCCGCACTTCTTCTCGCTGGCGAGCTGGTCCTCGAAGTGCACGCCCGCGGCGCCCGCTTCAATCATCGACTTCATCAGCTCATAGGCGTTGAGCGGTCCGCCGAAGCCGGCCTCCGCGTCGGCCATGATGGGGGCGAACCAGTAGCGGTCGCGCTTGCCCTCGGCGCAGTCGATCTGATCCGCGCGGCGCAGGGAGGCGTTGATGCGGCGCACCACGTTGGGGACGCTGTCCACCGGGTAGAGGCTCTGGTCCGGGTACATCTGCCCGGCGGTGTTGGCGTCGGCGGCGACCTGCCAGCCGGACAGGTAGATGGCCTCGAGGCCGGCGCGCACCATCTGCACGGCCTGGTTGCCGGTGAGGGCGCCGAGTGCGTGCACATAGCTCTTGGTGTGGAGCAGCTCCCACAGCCGCTTGGAGCCCATCTCCGCCAGCGTGTAGCTGATGCGGATGGAGCCGCGCAGCTTCTCGACGTCCGCCTGCGAATAGTTGCGGGTGATGCCCTCGAAACGCTGGGTGTGCAGCCTGGTGTGGGGCGAGGCGTCATTCGTGGTCGTCATGGCGTCGTACATGGTCAGCTCCTCAGTCGATAGGTATGAACCAGGTTTTGGAAGTGGAAGGACCGTGGGTTGCTGCTGGGGCACGCCCGCTAGCCGTGCTTCATCAGGGCCTCGTAGGCGGGCAGGGTGAGGAAGTCCTCGAAGCGGGGCGCGGTGGAGAGCTTCTCGAAGAGCTCACGCGCCTCCTTCATCCGCTCGGCACCGTAGTGCTCGGTGGCGCCCTCGCCTTCGATGCGCTTCATCTCCTCGGTGAGCACCTGGCGGAAGCGCTCCAGGGTGACGGGCTTGCCGTCTGCCAGGGGTACACGGTGGTGGATCCACTGCCACACCTGGGCGCGGGAGATTTCCGCGGTGGCCGCGTCCTCCATGAGGTTGTAGAGCGGCACGCAGCCCAGGCCCCCGAGCCACGCGGCCAGGTACTGCACGCCCACGCGGATGTTGTGGCGCAGGCCCTCCTCGGTGCGCGAGCCCTCGGGCATGGCGATGAGGTCCGCCTCGGAGATGCGCACGTCCGGGCGCTTCTTGGCGAGCTGGTGGGGCCCGGGCATGTGCTGGTCGAAGATGGCTCGAGCCACCGGGACGAGGCCGGGGTGGGCCACCCAGGTGCCGTCGTGGCCGTCGCGCACCTCGCGCTCCTTGTCCGCGCGCACCTTGGCCATCACCGCGTCGTTGGCGGCCGGGTCTCCCTTGATGGGGATGAAGGCCGCCATGCCGCCCATGGCGTGCACGTTGCGGCGGTGGCACACCTGGATGAGGCGCAGCGAGTAGTTGTGCAGGAAGGCCTTGTCCATGGTCACCTGCCCGCGGTCGGGCAGGACGAACTTCGGGTCGGCCTGGAGCTTCTTGATGAAGCTGAAGATGTAGTCCCAGCGGCCGCAGTTGAGCCCCGCCGAGTGCTCGCGCAGCTCGTAGAGGATTTCGTCCATCTCGAAGGCGGCGGGCAGCGTCTCGATGAGGACGGTGGCCTTGATGGAGCCGCGGGCGATGCCCAGCTCGCTCTGGGCCAGGTGGAACACGTCGTTCCACAGCCGGGCCTCCAGG
NZ_CP137851.1_gap36	1557692	1562419	4727	CTTCAGCACGGCGTAGTCCAGGTTCTGCCCGTTCACCGTTCCCTGCTGGCGTGCCACGATGGCGGCGCAGCTGTAGATGTCCGCCGTGGTGACCGTCTTCAGCGTGCTCGCCGCGGTGCGGTAGTAGTTGAAGACGAGTCGCGTTTCGGCGCAGGCCGAGGCGCTGGTGACGCAGTGGCCCGCGGTGAGCACCAGGTCGTCGGCGATGAGCGTGCCCGAGCAGAAGGCCGACGTCGGATCAGTCCGGAAGCGCTCGGTGGAGCACAGGTTGTAGGCCGTGCCCAGCGCCGCGCCGGTGAAGGTGACGTTGTTGGGGTTGGTGGCGTTGAAGTCGGACGGGTTCATCAGCGCCACCGTGGCCTGCTCGGCCCGCAGGCGCAGCGTGGCGTTCGTGTGCGCGTAGACGTCCTGCCGGCTGTCCGTGCCGTAGATGACTTCGCTCTGCTTCTCGCCGAGCTTCGGGGCCGGGGCCGCGTCCAACTCCTCCGCGGGACCACACGCCGCGAGCGTGAGGGTGCACATCAATGCGCCCACAAGGGGCCGGGCCGTCCGCCCGAACCGGGGATTTCGCATGGGGATTCGCTCCTGTCTTCTTTGGGGGTGAGAAAAACACGCCAGACTGGGAAGCCGGGCGAGCACATGATGCCCCAAATAAACCCTGTGTGGGTGTAGGTTTGGACGGAGCGTGCGTGGGAGGGCGTCCCACGGGAGCGGCGGACTACTCGTCGTCGGGGTTGCGCAGCCAGGCCAGGGCGGCCTCGCGCGTCTCGAAGGTGCGCGTGGGGATGGTGAGCATGGCCTGCTTCGTCATGCGCCAGGCCTGGAGGCCGGAGGCGGCATCACTCACCACGCGCGCCGAGCGCTTCATCCCGTGCAGCTGCGCGAAGGCGTTGAGGCTGGCCATGGTGGCCACCATCTCCGGCGGCATCACGCGCAGTTGCCCCTGGTCCACCAGCGCGCTCCAGGGGCCGCCCATGCGGATGATCGTCTCGCGGATGCGCTTGAGGTAGTCCGTCACGTCCTCCGCCGTGGGCTGCGGGGGATAGACGACGTCGATGATGCGGTCTGCCTCGTAGACGGTGATCTGAAAGGGCATGCGGGGCGCACTCTAGCCTCAGAGGGGCCCAGGTCGAAAACCCCGTCAGCTCTCCTTTCTTCGGCCGTCCCTGGAGCCGGGCCGGAACGGCCAGAAAGGGGGAGTCATGAACAGGAAGCTGTATGTGCTGAGCGCGGTGTTGGGGTCTCTGCCGGCCCTGTTTCCGGTGACGTGCTCCCCGTGGGCGTCTTCCGGGCAGAGGCGGGCGGAGGAGTCGCGGGGTGGTGCGTCGCGGCGGACGGAGCGGTTCATCGGCGGCAACGAGGCCGTGGTCCCGCCGTCCTCCCAGGTGGCTCCGGGCCTGGAGCCCGGCGTCCCGGCGCACCCGTGCGAGCTCATCACGGTGATGCAGGTGCCGTGTGACCCCGCCTCGGCCACGTGCGAGTACACCTATTGGCAGTGCCCCGAGAGCGTGGAGCCGCTCCGGGCGTAGGGGGCCCCGGCCCGGGGCGAGCATCCCGGGCCCGGAGGCCTGCCTGTCCTACGCCCGGGTGGCCGAGCCGTGGGGCGCTGGGGCGCGGGCGTTCTTGGCGCTCCTCTTCGCCGGTTCCTAGGTTCGCACAGGCCCTGGGTCCGGCGCGTGCCGGCCCGGGACAGGGGCCAGGGGACTGGCCCGGGAGGTTCCGTATGGGGACGCGAGCGAAGGTCTTGGGAGCGGTCGTGCTGGCGGCGGTGCTGGGCGGCGCGGGGTGCGCGGGGACGAAGGAGGCGGCGCGGGATGTGGAGTCCGCGGTGCCCGGCCTCTCGCAGAAGGAGGAGGGCGTGGTGACGAACGTCGACAAGGACGCCCACCGCATCGCCGTGAAGAGCGTGAGCGAGCCGGTCGGGCAGGAGGTGTGGTTCGCCCTCACCCCGGAAACGAAGCTGGAGCGCGACGGGCAGCTGGTGACCTGGGATGACCTCGACGAGGGCACGCCGGTGCGCGTGAGCTTCGAGCCGGCCGCGGGCGCCGAGAAGACGTACAAGGTGGAGCTCCTCACGGGCCAGAGGGCGGAAGAGGTGAAGCAGAAGGCCGAGCTCCTCGGCCACTAGGGCCCGGCGCGGGCGTCCGTGTGGGAACGGGAATGACGCGGGCGGGGTGGGGCGTGCTCCTCGCGCTTGGCGTGGGGAGCCAGGTGGCGGGGGCGGCGCCCTGGTCCAAGCTGCGCGAACTGTCCGTCATCGCGGGGGCAGGCGTGGAGGGCTATACCCTGAACCTGGCGCCGCTCATCGAGCCGGGAGTCACGTACGGGGTGATGCTGGATGTCCTGCCCCCTCCGTTGCTGGGCGTGCTGGACGTGGGCCTGGAGGCGGGCTTCTCGGGCGCGGTGAACAGGCTCGACACGCGCGCTCCCCAGGCCTCGGCGGACGGCGTGGAACTGGTGCGCCATGGCGTCCACGCGGCGGCCACCGTGGCCCTCTTCCGCTCGAGGGTGCGGCCCTACGTGATGGGCGGCCTGGGCCTCAGCGTCTACAACATCCGCGGCACCGTGCGGGGCTTCGGCGATGACCTCGTGGGCAATGTCCCGCTCGGACTGGGCGTGCGCGCGTCCTTCCGGGGCCTCACCGCCGACGCGCGCCTCAACTACACCGTCCTCTTCGATCAGCGCTACGTCACCGGCGCGCCCGTGACCAACGTGGGCGAGCCCGCGGCGCTCACCATCGGAAAGGCGGGCCGCTACTCCGGCACGCTCAACCTCGGCGTGACGTGGTGACGGCCCGGCCCGTGGGCCCCCTTCAGTTCACCGGAGCGGGGCCCGCGCCCTTCAGGTGCTTGTCCAGGAAGCCGAGCATCCGCGAGTAGGCCTCCACCTCGTTCTTGCGCTTGCTGAAGCCGTGGCCCTCGTCGGGGAAGATGACGTATTCCACGGGGACGCCGTTCTTCTTCACCGCCTGGACGATCTCATCCGACTCGGGCTGGATGACGCGCGGATCATTGGCGCCCTGGAGGACGAGCAGTGGCTTGGAGATCTTCTCCGCGTGGAAGAGGGGCGAGATGTCGCGCAGCATCTGCTCCTGCTTCTCCGGGTCGCCCATCTCCTTGTAGAGGGCGTCGCGCTGGCTCTCCCACCAGGGCGGGAGGTTCTTGAGGGTGCGCAGCCAGTTGGACACGCCGAAGATGTCCACGCCCACCTTGAAGGCGTCCGGGTGGAAGGCGAGCGCGGCCAGCGTCATGTAGCCGCCGTAGCTGCCGCCGGCGATGCCGATGCGCTCGGCGTCCACGTAGGGCAGGCTGGCCAGGTACTTTTTCGCCTCGATGCAGTCGAGCAGCGGCTCGCGGCCGTGCTTCTGATCATCCGCGCCGAAGAAGCTCTTGCCGTAGCCGGTGCTGCCGCGGTTGTTGATGCCCAGCACCACGTAGCCATGGTTGGCGAGGTACTGCTGGATGGCCGCGTAGCCCTTGCGCGTCTGTCCACCCGGGCCACCGTGCACCCAGATGATGGCGGGCGCCTTGGCGGTGGCGGTGGCCTGGTGCGGCTTGTAGAGGATGTTGGGAATCTCCATCCCGTCGAAGGACTTGAAGCGCACCACCTCGGTCTCGACGAGGTCCTTCGGGTCGATGTCCCGGTTCATCGCGTCGGTGAGGCGGGTGACCTTCTTCGTGCCGAAGTCATAGACGTGGAGGTTGGACGGGGAGCGGTCGCCGTTGTGGTAGAAGGCCATCCGCTTCTCGCTGTTGGAGATGGTCACCGAGGTGATGTCTCCCTCGGGCAGTTTCGGCAGCGCCAGGGGCTTGCCGGCCTTGACGTCGTGCACGCGGATGACGGTGCGGCCGTCCTCGTTGATGGCGGTGACGCGGTAGCCACCCTTGCGCGAGAAGTAGGTGTACATCACGTCCCAGTCCGCGCGCTCCACGACCTCCGTCTTGCCGGTGGCCAGCTCGTAGCGGGCCACGTGCTTGAACTCGGAGTCCTGGTCCGTGAGGAAGTAGAGGGCCGTGGAGGCCGGGTCGAAGCTGCTCACGGTGAAGTACACCTCTCCCTGGTGCGGGGTGATGTGCTTCAGCTCCTTCGTCTCCACGTTGTAGAGATGGATGTCCGTGTCCTGGTTGGTGCGCGGCTTGTTGAAGGCCAGCCACTTCCCGTCGAGCGACACGTCCGCGATGTTGAAGCCCTGCTCGTTCTGGTAGACGAGCGTGCGCGCGTACGTCTTCGCGTCGTAGCGGTAGAGGTCGAAGAAGCGCACGTCGCGCTCGTTGGTGATGACGTAGAAGGCCGAGTCATCCTGGTTCCAGCTCATGAAGCGGGCCTTGAGCTTCTCGCCGGGCGTGAGGTCGCGCTCCTTGCCGTCCGGGGTGCGCACGTAGAGGTGGCTCTGCTCGTTGCCCCCCTGGTCGCGCGAGATGAGGATGCGCTCGTCCTTGGGGAAGAAGCTCTCGGCGTAGGTGGAGTCCGTCTTGGATTGCGTGAGCGCCTTCGCCTTCCCGCCGGTGAGGGGCAGGGTATAGGCGTTGAAGATGCCGCTCTCGTTGGAGGTGAAGAGGATTCGCTTCTCGTCCGGGGAGAAGGAGGCGCCGCCGAGCTTCGTCGTCGCCATGAATTGCTCGATGGTGTACTGCTTCGAGGGCCGCGTGCTGGCCGGAGCCGGCTTCGGCGCCGCGAGCGCGAGGGTGGGCACGAGCGCGGCCGCCGCCAGCACTCGGAGGAAGGTG
NZ_CP137851.1_gap37	1587726	1592050	4324	GAAGCCACCCATGGGGGCCAGCTTCGTGAGGCTGTGTCCCATCGTCCTCACGATGCGCCAGCCACCGAAGAAGGTGCCCAGGGCGATGGCCGCGTGACAGGAGAGGATCATCCACCGTTCGATCTGGAACTCGCGGTCCTTCCAGATGGTGCCGAAGAGCACCACGGCGATGATGCCCATGACCTTCTGGGCGTCATTGGCCCCGTGGCTGTAGGAGAAGATGGCGGACGAGACGAGCTGCAGCCGCCGGAACCACGTGTCCACCTGCAGGGGGGACTGCCGGTGGATCAGCCAGGTGCTCACCGTCATCATCAGCACGCCGAGCAGCACGCCGAGCACCGGCGAGAGCACGATGAAGACGATGATCTTCGCGATTCCCGCGCCCACCAGTCCCTGGACGCCGAGCACCGGCAGCGTGGCGCCCACCATCCCGCCGGCCAGCGCGTGGGACGAGGAGGAGGGCAGTCCCCACCACCACGTCAGCAGGTTCCACACGATGGCGCCCATGAGGGCGGAGAAGATGACGAGCAGCACCCCGGTGGAGCCCTGGGCGCGCAGCAGCTCGAAGTCGATGATGCCCTTGCCCATCGTGTTGGCCACCTGCACTCCTCCGCCAAACGCCGCGACGAAGTTGAAGAAGGCGGCCCACGCCACGGCGAGGTTCGGCGACAGCACCCTCGTGGACACCACCGTGGCGATGGAGTTGGCCGCGTCGTGGAAGCCGTTGATGAAGTCGAAGAGGAGCGCGACCGCGACGATGAGGACGACCGCCGTGAGCAGCATCACGAGTGCTCCAGGACCACTCCTTCAATGACATTGGCGACATCGAGGCACTTGTCGGTGGCGGTCTCGATGAGGTCGTAGATTTCCTTCCACTTGATGATGGTGAGGTGGTCCACGCCACTCTTGAAGAGCTTGCCCTTGCCGGCGCGCAGCAGCTCGTCCGCCTGCCGCTCCAGCTGCTTGATGGCCCTGCAGCCGGCGAGGATCCGCTCCGGCTGCTTGATGAGCCGCAGCAGCCCCACCACCTCGCGGATCTTCTCCGTGCACAACACCAGCAGCCGCGCCAGCTCGGTGGCCTCCGGCAGGCTGCTCTGGATTTCGTAGTAGTGCAGCCGGGCCGCCGCCGCGTTGGTGAAGTCCAGCACGTCGTCGATGCGCGACAGCAGGGAGTGGATCTGCGTCCTGTCGAAGGGCGTGATGAACTGCTGGTGCAAGCGCTTGAAGGCCACGGACGTCACGGAGTCGCCCTTGTGCTCCACCTCCTTGAGCGCCTGGACCCGGTTGGCCACGTCCCGGTAATCGCTCAGCAGCGTGTGCAATATCCGGGCACCCTCCACGGTCACGGCGCACTGGGCGTCGAAGTCGTCGAAGAACTCGTCGGACCTGGGCATCAGCTTCTCGAGCATACGGATCTCCTGATGGTGGGGTGTCGGGGTGGATGGGGTGGATGCTCAACCCGGATCGATGGACGCGCTCCGGACTCCCGGCAGCGCGCCGCGCACGGCCTGGAGCAGCTCGAAGCCGTCCATCCGCTGGGGCATGGCGATCTCCACGACCGCCGTGCCAGACAACGCCGAGGGCGCTTGTTCCAGGGTGACGACGCGCGCGCCCGGGTGCAGGGCCCGGAGGGGAGGCAGCGCCGCGCCCACGTCGTCCAGGTCCAGGGACAGCTTCACCCACTGCGTGTCGTTCCTGGCCGTCGTGTCCAGGATCATCAGCACGGCGCCGAGGAAGAACGTCGCGACCAGGGCGATCTGGAAGGCGCCCAGTCCGCACGCCATGCCCACGCCAATCAACACGAACATGACGGCCGCGTCGCGCGGGTCCTTGATGCCCGAGCGGAAGCGGATGAAGCCGCCCAGGCCCACCAGGCCGAAGGCGCGCGACATGCTGTCGCCGATGACGGTCGTCATCACCGCGCCGGCCACGGCGATGAGCAACTGGGTGTGGGCGGTGGAGAGGACGGGGCCCGGGACGTTGGGCATCCACCTGCGCCAGGGCCGGTAGGCCAGGAGCGAGCCGAGCACCAGGGCGAGGCTGAAGCGCAGCAGGACCTCGAGCGTGGGCAGGATATGGGGGCTGACGGAGGAGGCTTGCGTCAGGGCATCAGGCGGAGGCATTGCGAATCTCCTGGGTGGTGGTGTCCCGCGTGGCGCGGACGGCCTGGCGCAGCAGGGCGAAGTCATGGGGGTGGCTCTCCAGCAGCCGCTCGATGAGAGTCCGCCCCCGGGAGGTGAATGCCAGCGGCCCGAGGTTCTTCACCGTGGCCGCGGGCCAGGTGTCCGCCAGCGCCGTGCGCAGCTTCCACGCCGTGGCGCCTTCCATGCCCACGAAGGAGTCCAGCGCTTCCTCGCACTGCACGCCGAAGGACTCGCGCAGGGCCCAGGCGCGAGGAACATCCAGGCCCTCCAGGGTGCCGAGCACCGCCCGGGGCGCGCGCGCCACGTGCCGCTCGCGCATCTCCCAGGCCCGCTCGCTGTCGAGCCCGTCCAGGGTACGGAGCACCGCGTCCGGAGCCACCTCGAAGGCGCGCTCGCGCCACTCCCAGGCCCGGTCGTCATCCACGCCCCGGATGGAGCGGCAGGCGATGCGCGCCACCCGCTCCAGTCCGAGTGCCGCCTCGCCTCCCATGTCCGAGAGCCAGCGGCTCCGCTCCCGCCAGGCCCGCTCACCGCCGAGCCCCGCGAGCGAGCCCACCACCTGCTCCGCGGCGGAGAAGTAGATGCGCTCACGCAGCGCCCAGGCCCGCTCCGAGTCGAGCCCGCCGAGCGATTCCGCCACGGCCTCCTGCTTGCGCGTCTCCCAGCGCTCGCGCAGCGCCCAGGCCTCGGGCACGTCCGCGGCCAGCTCCCTCAGAGAGCCGAGCACGTGCACCGGTGCCGCCTCCTCCAGTTGCCGCCGCAGCTCCCACGCGTTCGTGTCCGTGAGCCCGGACAGGCCATAGGCGATGACTTCGGGGTGCTTTCCGGCCAGCTGGCTCCGGCGCTCGTCGATGTCCGGACCCTCCAGGCCCGCGAGGAACCACGCGGTCAGTTGTGGCTCCTCCTGCATCCAGCCATCCAGCCGCGCGAGGAAGCGTCCCCGGACCTCGGCCAGCGAGCGGAGGGGCGGTGCCGGCCGGGCACGCACGGGGTTGGAGGAGGGCACGTCGCCCTTCACGAGCCGCAGCACCTCCTGCACCAGCAGGCCCACCATCGTGTCGAGCGGCACGTCCGCGTTCTCCACGAGGCTCCACTGCTCCGGCGCCTCCGCCGCGAGGGCCCGGTAGCCCGCGCGCAGCCGCGCCTGGAGGCCCACTCCCGCCAGCCCCTTCCGGGAGGAGGTGCCCTGGGGCGGCGCCAGCAGCTTGGTGATGCGGCGGCGGGCGCGGGCAATGGCCGGGTCCACGTCGATGAGGAAGACGCGGTCCGGTTGCAGGCCCCGCGCGCAGGCATCGAGGATGGGCCGCACCTCGTGCTCCGGGAGCCCTCGTCCCCACCGGGCGAGCACCTCGGCGGTGTAGAGGAAGCGGTCCGCGATGACGATCTCGTACTCGGCGAGCGCGGGGCGTGTCACCTCCTCCAGCAGTTGCGTCTCGCGGGCGGCGTACAGCAGCAGCTCGGCCATGGGGGTGAGCGCGAGGTTGCGCGGGTTCTTGGTGAAGAGCCGCAAGCCCTCGGACACGGGGGAGGCCAGCTTGCCGTCCTCGCGCACGTGCCGCACGCTCAGCCCCGCCCGGCGCAGCTCACGCGCCACGCGGTTGGACAGCGTCGTCTTGCCGGAGCCATCGATTCCTTCGAAGACAATCAACATCAGAAGCTGACCTCCATCTGCAACATCACCGCCCGCCGCTCGGCGAGGCTGTTGTCGAGGGACTTGACCGCGGCCGGCACGGAGGCCTCGGCCCGGCGGCTCTCCACCTGGGCCTGAAACCGCCAGCGGTTCCTCTGTCCGAAGTTGAGTCCACCCCCCAGCTCCCAGAGCCGGTCGTCCTGGAGCTGGAGGTTGGTGTCGAGCGCGGAGAGCATCACGAAGGGTTCGATGTAGAGCGCGCCCTTCTTGCTCCCGCCGATGCGCCAGGCTGTCAGCGCCCGTCCCATGAGCAGCGGCCCGTCGCTGCCCACGAGCTGGGTGGTGCGCCCCACGAGCACCTCGGCCCAGGTGCGCAGCTCGGTCGGGCCGAGGGGCAGCGCGTGCCTCACGTCGAAGCCGGCCGTCCACTGGGACGAGGAGCTGCCCAGGGCGGACGCGCCCAGCTCCAGTGAGTCCAATACCTCCCACGTTCCCCGGAAGCCCGGGGTGAGGCCCAGCCCGTTCTGCACGGCGATCTTCTCGTCCCCGC
NZ_CP137851.1_gap38	1598480	1603079	4599	CCACCGCCAGCCGCCGCCGCTCCACGGCTACGTCCGGGACGGGGAGTGCCTGAAGGCCACCCTGGGCCCGGTGAGCGCGGAGCTGTGCAAGGGCCACTTCGCCCTGCACCCGGTGTTGCCGGTGGCGGTGGTGATGAGCGGCCTGTCCGGACTGGCGGGCTCGCTGCTGCGCGAGCTGGTGGGCAACCCGGCCGTGCGCTACCTGGTGACGCGGGGCGAGGTGCGCGCCGACAGCCTGGCCTACGCCGGCGAGTCGGTGACGTTCGGTTCCCACCTCCACGGGGTGGAGGGCCGCGATTACAGCTTCTACTGCTGGGCCTCGGTGGGCGAGCGCCTGGTGGGCGTGATGGAGCTGACGCTCACCTGCCTGGAGTGAGCCTCACTCCCAGGTGATTTCGTAGTCCACCGAGTCCAGGCCGAGCACGTTGGCCCTCACGGTGCCCTTGAAGCCGAGGGCCTCCAGCGCGCCCTCGAAGATGCCCACGTGGTAGGCGGCGGGCTGCATGTCGCCGCGGTAGGCGAGGATGCAGCCCTTGGAGCCGGCGGGGCGGTGCTCGCGCTTGCCGTACGTCACCACGGTGCTGAAGGCCACGCGCGTCTGGGCGAAGAGCCGCTGCGGGTCCCCCTTGCCGAGGATGCCGAAGACGACCTGGCCCGGGCCGGTGGAGAAGTTCTGCACGCAGGCGCGGCCGCAGGCGTTGAAGACCTGGTTCTCGTTGCCCAGCTTCCACTCGAGCGCGTCCGCCGCGCTGTAGAGCATGGTGAGGTAGTCCGAGGCGGGGTAGGTCCGCAGGTCCGCGATGTCCTTGGCCAGGGCGCCGGTGCGCACCTGGCGCAGTGCCTGGGGTCCTCCCTTGCGTTCGATGAGCTCGAAGATCACCCGGAAGAAGATGCCCCGCACGGAGTCAGGGGGCTTGGTGAGGGCGATGCGGGCAGCGAGCTCGGTCTTGTTCGAGGGCATGGCTGGGGTGACAGCTTACCGGTACTCCACGCCGGGTCGAGAAATCGAGACTCCGGGTAGGGGACAACTGGACAACCTTTACTCGGAGTAGGGGCCTTTGGCATGACGCGCATGTCTTCCAGGCACTTCCTCCAGACGGTGGTGAAACCATGAAGCTCTACAGCTACTGGCGTTCGTCGTGCTCCTGGCGCGTGCGCATCGCGCTCAACCTCAAGGGCCTGCCGTACGAGTACGTGCCCGTGCACCTGGTGAAGGACGGGGGCCAGCAGAACTCCGACGCCTACCGCGCCATCAATCCCATGCGCACCGTGCCCACGCTGGAGGTGACCGAGGGGGGCAGGGTGCACCGCCTGGCCCAGTCCATGGCCATCCTCGAGTACCTGGAGGAGCGCCACCCCTCGCCCGCCCTGCTGCCGGCCGAGCCCTTTCTCCGGGCCCGCTGCCGGATGTTGTCGGAGATGGTGAACTCGGGGATCCAACCGTTGCAGAACCTGTCCGTGCTGCAGCGCATCAAGGCGGAGCTGAAGGGGGACGACAAGGCGTGGTGCGCGTACTGGATAGACCGGGGCCTGGCGGCCTTCCATGAGGTCGCGCTGGAGACGGGGGGCACGTACTGCCTGGGTGACACAGTGTCGTTCGCGGACGTCTTCCTGGTGCCCCAACTCTACGGAGCCCGGCGTTTCGGAGTAGACCTGCAGCCGTACCCGCTGCTCACCCGTATCGAAGCGGCGTGCGCCAGCCTTCCCGCCTTCCAGGCGGCACATGCGGACCGGCAGCCCGACGCGGTGCCGGCTTGAATTGAAGGAGTCGACGAATGGCGAAGCTCGAGTCGCTGGGCATCAAGGGATTGGAGAGCGTCCACTGGTACGTGCACGACCTGGAGCGCAGCCGGCGCTTCTACGTGGACGGGCTGGACTTCGCCGAGCAGGGCGTGTCCTCGCCACAGCTGGAGAAGGAGGGGCGGCAGAAGTCGGCCGTCTTCCAGGCGGGCAACGTGGTGTTGGTGGTGAGCCAGCCGGTGGGCGAGGGCAGCCGTGCGTGGCGCTTCCTGCGCAAGCACCCGGATGGGGTGGGCACGCTCAACTACCAGGTGGAGGACATCGACAAGACGTACCGCCTGCTGGAGCAGCGCGGCGCCACCTTCATCACGGACATCCAGCGCCACACGGACGACAAGGGCGGCCGGCTGGCGCAGTTCTCCATCACCACGCCGTTCGGTGACACCACGTTCCGCTTCATCCAGCGGGATGGGTACAAGGCGCTCTACCCGGGCTTCGTGCAGCACGACAAGCCGCGCGGCGGCAACAACCGCTACGGCTTCACGCACATCGACCACATCACGTCCAACTTCCAGACGATGAAGCCCATGCTCCTGTGGATGGAGCACGTGATGGGCTTCGAGAAGTTCTGGGAGATTCAGTTCCACACCGACGACGTGGCCGCGCAGCAGAAGCGCGCGCACGGCTCGGGGTTGCGCTCCGAGGTGGTGTGGGATCCCGTGAGCCGGGTGAAGTTCGCCAACAACGAGCCGTTGCGGCCCTTCTTCAAGGCCTCGCAGATCAACATCTTCAACGAGGACCACCGGGGTGACGGCGTGCAGCACCTGGCGCTGGTGGTGAAGGACATCCTCACCTCGGTGAAGGCGATGCGCGAGAAGGCGGGTATCTCCTTCATGCCCACCCCGGGCACGTACTACGACGCGCTGCCCCAGCGCATCCAGGACCTGGGCATCAAGAAGATCGACGAGGACATCCAGGTGCTGCGCGACCTGGAGGTCCTCGTGGACGGCGCGGGCGAGCACAGCTACCTGCTGCAGATCTTCATGAAGGATGCGGCGTCGCTCTACAAGGATCCGGGCGCCGGTCCGTTCTTCTACGAGATCATCCAGCGCAAGGGAGACCAGGGCTTCGGGGGTGGCAACTTCCGAGCCTTGTTCGAGAGCATCGAGCGTCAGCAGAAGTCAGAAGGGCGCGCCTGAGCCTTCCCGCCTTCTAGAGGTCCCGCTTCTCGAGCTTCGCCAGGAGGCTCGCCAACTGGTCGGCCGTGGCCTGGACGGTGGTCTGATTCGTCCAGGAGGGCAGATCCGTCCGGGCCGTGGGGGGCGTGACGGCGACCTGGACCAGATTGGTCGTCTCGTTGGGATCCTTCGAGAGGTCGTACAGCTCCCACTCCTGTGCGGCCTTGCCGGAAGGATCGAAGTAGCGCGCGAGCTTGTAGTCCATCGTGCGGACGCACCGCACGTGATTGGGTTGCCGGACGGAGCCCGGAGCGAGCTCCACCGGCTGTTTGCCGTGTTTGCCCGTGCGCACGGCCTCCACGGTGGCCTTGTAGACCTCGAACTCCTTGTACGAGTGGGCCTCCTGCAACGTGCGCGAGGGGGGCAGGGGCGCGGTGATCTCATCGTCGGTGATGAAGAGGACGCCCTCGCGCGGGCTGCCGTCCGGATGCTTCACGACGTGTGGCGCCCACTCGCCCCGGATGAGCGGTGAGAGATCGATTCCCGGCAGCGGAGGCACGGGCCGGCGCTCGGCGAGCGTGCGGCTGATCTTCTCGCGTTGCTCGGGGCCAACGCCGGCCAGTCCGAGGATGGTCGGCAGGATGTCGATGTGGCTGGTGAGGGCGTCCACCTGGCGCAGCACCTGCCCGGGAGGCGGCGTGCCGGGGTTGGCCGGCTCCTTGCCGTGCTGCTCCAGCTGATTCCTCACCCAGGGCCGGTAGTTCACCACCACGGGGACATGCAGCGCCTCCTGATAGGCGGTGTGCCACTTCTCCAGCATCATGCCGTGGGCGGCGCCGTACTCGCCGTGGTCGGTGAGGAAGACGACGAGGGTGTTGTCGGCCTGGCCGGACTCCTCCAGGGCGGTGAGCACCGCGTCGATGTGCGCATCCACGACCGAGTGCAGCCAGGCATAGAGCTGGAGGAAGAGCAGGCAGCCCTCGTCGGGCTTGTCCGTGAGCTGGAAGGGGATGCAGTTGCGCAGGGCCAGGAAGACGGCGAGCTCCAGGGCCTGCTCGGGATTGGCCGTGGGCACGGCGCTGGCGATGTTGAAGCCGGCCTTCGCGGACAACGCCAGGCCCATCTTGTAGGCGTAGTCGTGCTGGCATGTCGGCTTGTCGGCCAGCGACTCGTTCTGTGTGGGGGAGGCCCGGGCACGGTCCTTGGGGAAGCCCAGGGGGTTGAGGGGGAGCCTCATGGTGCCCGCGATGGGGGGCGGCGTGACGTCTCCCTGGGTCGGCACGGTGAGCGGTCCGAACAGGGACTGCGTGGTGGGGACGGGAAGCGTCTTCCCATTGGGCAGGGTGATGGGCTCCGCCGGCTTGTCGGCTGGCAGGGCCTGGGCAATCACTCCGGGATAGGTCGCGATGTCATGCGGGTTGGTGAAGGAGGCGACCGCGAACCAGGGCTTGATGTCCTGGGTATCGGGGCCGGTCGAGTTGGGATCCCTGGCCTGGTCCGAGGCATAGGCGCGGTTGTAGTTGAGCGCCAGTCCCTTGCGCCGGATGAAGGCGCAGGCCGAGTCCGTGAATCCCTCGTCGCGGTAGATGCCGAGGTTGTTGGGCTGCGAGCCGTGGGGCTCGGGGTAGGACATCTCCCAGTCATCGAAGCCGTAGCGCTGGAGCGAGTGCTCCGGCGGATT
NZ_CP137851.1_gap39	1793416	1797882	4466	GCCCGCGTAGATGTTCTCGTAGGCGGGCAGCCCCACCACGTAGGCCGAGGTGTTGGGCACCAGGCCGCGCAGCGAGGTGCGCTCGTCACCGGCGACGTCGTAGTCACCGTGCTCGTAGGTGAGGTAGCCGTTGCCGTAGGTGTCGTAGCCGATCTGCAACAGGGTGCGGCGGCAGGAAGCGGACTGATTGCACTCGTACTCCCAGCGCGACGTCATCAGCGAGGTGTAGGGCGCCGCCGCGTTCTCCGAGTACTCGAAGGTGGAGTACTTGAAGAGGGCACCGGAGGCGTCACGGTAGTACGTCACCTCGGGCTTGCTGATGCAGCCGAGGTGCTGGTGGTAGTACGTCTCCGTGTAGTTGCCAGCGGCGTCGAGGACGGCGGTGGCCTTGCGGAAACCGAGGAAGCGCCGCTCGCGAGAGGACCACAGCGCGCCCTGGTACTGGTAGCGCGTGGTGGAGGTGTTGCCGCGGCCATCGTTGAGCGTCACCGCGGAGGCCGTCTGCAGCACGGCTCCCAGCGGGAGGTACGTGTTGGCCCAGGCAGAGGACGGCTGGTACTGCACCGTCGTCGTCCCGCCCTGCCCGTTGGACGCGGACGTCAGGAGATCCGGCACGGGCCCCGAGGCGCTCGTGCAGGACACGTATTTGGAGGAGCTGTTGGTGTTGCCCACCGTGCGGCAGAAGTCCGAGAGGCCATCGCCATCCACGTCCGCCCACTGGCGGCCGTTGTCATAACCCCAGTCCACGACACCCGTGGCCCAGGTGTTTCCGAAGCCCGTGCCGGTGGAGACGGTGCAGGACATGTAGCTGGAGGAGCCGTTGGTGCCGCCCACGCGGCGGCAGTAGTCCGCGCGGCCATCGCCGTTGAAGTCCGTCCACTCGCGCCCGCTCTCATAGCCCCAGTCGATGACGCCCGAGGAGTACGTGCCCCCGAAGCCCATGCCCGTGGACACGGTGCAGGACAGATAGCTGGAGGAGCTGTTGGTGTTGCCCACCACGCGGCAGTAGTCGGCCCTGCCGTCGCCGTTGAAGTCCACCCACTGGCGGCCAGCATCGTAGCCCCAGTCGAGGGCGCCGGAGCCGTACGTGGCGCCGAAGCCCGTGCCGGTGGAGACGGTGCAGGACACGTAGTTGGCGGAGCTGTTGGTGTTGCCCACGCGGCGGCAGTAGTCGGCCTTGCCGTCGCCGTCGAAGTCCACCCACTGGCGGCCGGTGTCGTAGCCCCAGTCGATGACGCCGGAGTGGTACGTGGCGCCGAAGCCCGTGCCGGTGGACACGGTGCAGGACACATAGCTGGAGGAGCCGTTGGTGCCGCCCACCACGCGGCAGTAGTCGGCCATGCCGTCGCCGTTGAAGTCCACCCAGGCCCGTCCCGACGCGTAGCCCCAGTCGACGACGCCGGAGTGGTACGTGGCGCCGAAGCCCGTGCCGGTGGAGAGGGTGCAGGACAGCAAGCCGGAGGCGCCGTTGGCGTTGCCCACGCGGCGGCAGTAGTCGGCCTTGCCATCGCCGTTGAAGTCCACCCAGGCGCGTTCCGACTCGTAACCCCAGTCGATGACGCCGGAGTGGTACGTGGCGCCGAAGCCCGTGCCGGTGGACACGGTGCAGGACAGGTAGCTGGAGGAGCCGTTGGTGTTGCCCACCACGCGGCAGTAATCGGCCCTGCCGTCACCGTTGAAGTCCACCCACTGGCGGCCGGTCTCATAACCCCAGTCCACCTCGCCGGAGCTGAACGTTCCCCGGAAGCCGGTGCCTCCTCCCTGCCAGCCGAAGGTGTACGCCGGCTGGGCCGTGCCTCCCACCACCGTGCCCGAGCCATCGAGCACCGCGTCGCTTCCGTACTGCTGCACGTTGGCCAGCAGCGAGCGCCAGGTGCTCCCGCTCGTCGTGTACCGCAGCGCATAGGCCCGCAGCCGGCTTCCGCTCACCGTCACGTCCACCGTCTTCATCCGGTAGCGCGTCTGCCCCAGGCCTGCGCCGTGGGCCCACGTGAGCACGTCCGGGCGCGGCTCCCGGTACAGCCTCACCACCGTCCCGTTGTACTGGACGCTGTCCGGGTAGCATTCCTCCACCGGAGCGCCGTCGCACCACCACCCGAGCGACACGGTGTTGCCCACGGTGTCGGCCACGCTCGTCAGGCCCCAGCGGAACGTGCCCCGCGAGGTGGGGAAGAGGGGCGAGTAGACGGCGCGCTTGCCGTCCTTCTGCGTCACCGTCCACGTGGTGCCGTCGAAGCGGATGCGCTGGTAGCTCTCGATCCTCGTCGCGTGCGTGCCGCCTGTGAGGCAGCTCGGGCTGGAGCTGCCGGAGGCGCACGGCACCATCTCCTGGCCATCCAACAGGAAGACGTCTCCGCCGTCATAACGAGGCGTTCCCCGGCCCGCGCTGGCGCGCTCGATGGTGGAGAAGCCGGTGAGGCTCCATCCCATGCCTTGGGGCCCGTTGGCGCCGGTGGAGCCATAGGCCAGCTCGAGTGACGGCTCCAACCCCCGGAACCTGGGCACGGCCAGGGGAATCCGGGTGGTGTAGGCCCCGAAGAAGGACTCGACGGGAGCGTTCGAGTTGGAGTCCTGTGCGGCCCAGGTGCTCGCGCTGGCCAGCGCCAACAGCGCCACGAGGGCGGACAGGTTCCGATAGCCCGACGGCATATGACGACCTCCGAGTGAAGCTTTTCACCCGGAGTAAATAGCAAAGCGCCCGAAACGGGAAGTCCGGGGTTCAGCGCTTCAGGCCGCGTTTGATCTCCGCGCACACCTGCCGGGCCGCTGCGGGCCCATCCGCCTGCGCCGCGCGGACGATGGCACTGCCCACCACCACGCCATCCGCGTGGGCGCCTACCACCCGCGCCTGCTCGGCGTTGGAGATGCCGAAGCCCGCCGCCACCGGGACCGGCGACGAGCGCCGCACCATCTCCAGCCGCTCGGACAGGTTGGCCGGCAACTCCGAGCGCATGCCCGTTACGCCCGCCACCGACACGCAGTACACGAAGCCCCGCGCGTCCTTCACGATGCTCTCCGCCCGCGCCGGGGACGTGGTGGGCGCGCACAGGGGGATGAGGTCCAGCCCCTCCTTGTCGAAGGCCGCGCGGATGTCCGCGCTCTCCTCGGGCGGCAGGTCCGGCAGGATGGTGCCCGATACCCCGCGCTCCCGCGCCAGCTTCGCGTAGCGCTCCTCGCCCAGGGCCATCACCACGTTGACGTATGTCATCACCACCAGCGGTGTCTGGGGGCAGCGCGCGCGCACCGCCGGCACCACCTCGTCCAGCACCCGCTTGAGCGTGGCGCCCGCCTTCAGCGCCCGCTCGGACGCGGCCTGGATGACCGGGCCATCGGCGATGGGGTCACTGAACGCCACGCCAATCTCGAGGATGTCCGCGCCGCCTTCCACGCACGCGGCGAACACGTCCACCGAGCGGGCCAGGTCCGGGTCTCCCGCCATGGCGTACGCCACCAGCGCGCCCTCACCGCGGGCCTTCGCCCGGGCGAACGCTTCCGCGATCTCGCCGCTCATGCTTTCTCCTGGGTGACGGCGGGAATGCCCCGCGCCGCGATGGTGGCCACGTCCTTGTCTCCGCGGCCCGAGCAGTTGATGACCAGGTGCTTGCCCTTGCCCAGCTCCCGCGCCAGCTCGCCCGCGCGCGCGAAGGCATGCGAGGACTCCAGCGCGGGGAGGATGCCCTCGGTGCGAGACACCATGTAGAAGGCCGCCAGCGCCTCGTCGTCCGTGGCGGTGCGCACCTCCACCCGGCCCGTCTTCGCCAGGTGCGCCAGCTCCGGCCCCACGCCCGGGTAGTCCAGGCCCGCGGAGATGGAGTGGGCCTCGATGATCTGCCCGTTCTCGTCCTGCAGCACCAGCGAGCGCGAGCCGTGCAGCACGCCCTCCGTCCCCAGCGTCAGGGACGCGCCGTGCTGTCCCGAGTCCAGGCCGTGGCCACCGGCCTCCACGCCCACCAGCCTCACGTCCTTGTCCTCGATGAAGGGGTGGAGCGCGCCAATGGCGTTCGAGCCGCCGCCGATGCACGCGATGATGGCGTCCGGCAACTTGCCGAAGGCCACCAGCGACTGCGTGCGGATTTCGCGGCCGATGACGGACTGGAAGTCCCGGACGATGGTGGGGTAGGGGTGCGGACCGGCCGCGCTCCCAATCACGTAGTAGGTGTCCTCGACCTGGGCCACCCAGATGCGCATGGCCTCGTTCATCGCGTCCTTGAGCGTGCGCGAGCCCGACTCCACCGGGTGCACCGTGGCCCCGAGCGCCTTCATGCGGAAGACGTTGAGCGACTGGCGCTCCACGTCCAGCGCGCCCATGTACACCTCGCAGGTCAGGCCGAACAGGGCGCACGCGGTGGCGGTGGCCACGCCGTGCTGGCCCGCGCCCGTCTCCGCGATGACGCGCTTCTTGCCCATGCGTTTGGCCAGCAGCACCTGGCCGATGGTGTTGTTGATTTTGTGGGCGCCCGTGTGCG
NZ_CP137851.1_gap40	1859701	1861052	1351	GCACCATCGCGTCCAGCCGCGTGGCCTCCTCCTCCAGCATCTCCACCGCGCTCGTGCCCACGGGGCCCAGCTTGTCCCGCTTGAGCACCGCCACCGCGTTGAGGATGGAGCCCAGCGGGTTGCGCACCTCGTGGGCCACCACGCCCGCGGCCTCGCCGAGCACCGTCAGCCGCTCCTGCGCCACCAGCTCCGACTGCAGCCGCGACAGCTCGGCCAGACGCAGGGCGGCCAGCCGGTGGTGGCGCACGTTCTCCAGCGCTCCGCCCATCTGCCGCGCGAACAACTCCAGCGTGGCCGCGCTCGTGGGCGTCAGCGTCGTGCCCTGGACGGACAACACCCCGTAGGGTTGCCCCTCCACGAAGATGGGCGCGTCCAGGCCCCGGACGGCGGGGGAGGCACGCCGCATCTGCGCCAGCAGCTCCAAGGGATGGAAGTTCTCCAGGGCCCGCAGGAAATCCTGGTGGAAGGCCGCCTTGCGCCGGGTGAGCACCTCCTCGAGGTGGGGCATGCTGGCCCGGGGAAAGCGCACCTCCTGGAGGGGCTTCCCATAGAGCAGCTCGCCAGCGGCCACCTGGGCGGGGTCCTGCCGCATGGGCCCATGGACGAGCACTTCCCCCTCGAGCAACAGCACCGTCACGAAGAAGCCCTGCTGGTGGATGGCCTCCACGGCCGTCTCCAGCACCGTCCGCTCGTCGCGGCAGCGCACCATCTCACCGGCCGTCTGCACGAGTGCCTCGGTGAGCCGCCGCGTGCTGGCCTCGCCCTCGGCGTCCATCAGCATCAGCAGCAGCTCCCCGGGCTTGGGCCCCTCGCCCCGGCGCATGCACCAGGTCCGCTCCTGGCCTCCCGCCTCGCGGATGCGGACCCACACCGTGTCGGAGAATCCCTCCCCGCTCGCGAAGTTCGCGTGCATGGGCTCCAACCACGACTGATCCCCGGGCGCGTAACGGGCCAGCAGCTTCAGGAGCTCCGTGGCCCGCACCTCCTCCAGGCCGAGGCCCAGCAACCTCAGCAGCGCCGGGTTGGCGTAGACCACGTGGTTGTCGCGTACCACGAGGACTGGAGCGGGGAGCCCCTCGAGCGGCCGGTACTCCGCCATGTCGGACACTTCATCTCCTCCCGGATGCAATCACTTCCGCCGTGCTCCGTAGACCCAAGCGTAGGGCATGACGGGGGAATTGCACATGCGCTTCGCCAACGTGACGAATCCGGACGAGCTGGAACTGAAGGCCGTGGTGGTGGTGGCGGCCGGCTACCTGTTGCTGGCCGCCATCTTCCTCAGCGGCTTGTTGTAGTCGCCCCGGCGCGGCCACCGCTGCGGAGGAACTCGTCGAGGAACGAGCGCTCCTCC
NZ_CP137851.1_gap41	1865272	1868836	3564	GATGACGTCCCCGCGGTGGAGCTTGAAGAAGCGCTCGTTCTTCTCCGTGCGGTGCTTCTCCTGCATCGCCAACCCCATGCGGCCCTCGGGCCCGCAGCCGATGAAGCGCTGCCGCCCCTTGCCCTCGAGTGACTCGGACACGATGCGGAACAGCCGCTCCGGCCTCGGCTCCGGCCAGCCCTCGCCCTTGGGCGCCAGCATCAGGTAGCTCATCTTCAGCGACTCCTTGTGGAGCCCCGCCGCCCGGGCGATCTCCTCCACCACCTTGGGCATGGGCCAGTCGCGCTCCGCGTGGCACCAGTCGCTCTCCTTCACCAGCGCCGGGCACGCCCCCCGGTACATGCACGGCGCGCGGATGGCGTAGCCCTTCTCCACCATCGCGTCCCGCACCTTCAGCAGCAGCCGGGACGTCTCGCGCAGTGCCGGCTCCAGCACCAGCAGGCTTCCGCCCGGCTTCACCTGCGCCAGCACCTGCTCCAAGAGCTCCGCGCGCGGTTTCACCGCCTCGTCCCCCGAGCCGTACAGCTCGTTGAGCACATGGCCCATGGTGATGAGGTCGTACTTGCCCTCGGGCGGAGCCGCCTTGCGCGTGGGGTCCCACTCCCGGGTGGCCAGTGCCTCGCCCGCCTCCGCGGCGAGCGCCCGGGCGAGCGTCAGCGCCGGCTTGCTCCGGTCCGCGGCCGTCACCTCGGCGGCTCCCGCGTCCAGGGCGGCGAAGGCCATGGGGCCCGGTCCGCTTCCGAGGTCCAACACCGTCCGGGGCCGGTTGGGAAGCTCCCCGAGGGCCTCACGAGCCTGGGAGTAGGAGACGGGCCAGTAGAAGAGCAGGTAGGCGCCCAGGAGCTTCGGGTCGTCCATGTACTTCGCGCCGGCCAGCTTCCGGTCGCGCGTCAGTCCCAGGGAGAGCTGCTTGACCCCCGCGCCCACCTCCTTCACCTCCTGGGGCGTCAGGCGCGTCTCGGGGCCGTCCCCGCGCTTCCGGGCCTCGCGCCAGACGGCGATGAGCCTCGGTATCCACCGCTCCAGGTCCTTGCCGTAAGCGCCACTCATCCAACCCTGCCTTCCAACGAGGGGTCGCCTCTGAAGGGCAACCGCGTTAAACCCCGTCCCAAATGATTTCCGTCCGAGACCTGCGCAAGCACTACCAGGTCCACAAGCGCCCGCCCGGCCTCAAGGCCGCCCTCCGCTCCGTCATCCACCGGACCTATACGTCCGTGAAGGCGGTGGATGGCATCTCCTTCGAGATAAAGCCCGGCGAGCGCGTGGGCTTCCTCGGTCCCAACGGGGCCGGGAAGACGACCACCCTCAAGGTGCTCTCCGGGTTGCTCCACCCGTCGAGCGGTGAAGTGCGGGTGGATGGTCATGTTCCCCGCCATCGCGAGGATGCGTTCCTCAAGAAGATCATGCTGGTGATGGGGCAGAAGCAGCAGCTCCTGTGGGATCTGCCGCCCGCCGAGACGTTCGAGCTCAATCGCGCCATCTACGACGTCCCCCGCGCCCAATACAAGCAGACGCTGGACGAGCTGGTGACGTTGTTGGAGCTGGAGGAGCTCATCGGCAAGCCGGCGCGGCAGTTGTCGCTGGGCGAGCGGATGAAGTGCGAGCTGGCGGCGGCGCTCATCCACCGGCCCAAGGTGCTCTTCCTGGACGAGCCCACCATCGGCCTGGACGTGTCCATGCAGGCCATCATGCGGACCTTCATCAAGTCCTACAACGAGCGCAACGGGGCCACGCTCATCCTCACCAGCCACTACATGGACGACGTGGCGGCGCTGTGCCCGCGCGTCATCGTCATCGACAAGGGCCAGCTGTCGTACGACGGCGGCCTGGACGCGCTGGTGCAGCGGGTGCGGCCGGAGAAGCGGGTGGTGCTGCGCCTCAACCAGGCGGTGGCGGCGGACAGCCTGGCGCCGCTGGGCAAGGTGGTGACGCACGACAACGCCACCGCGGTGCTGCAGGTGCCGCAGGACGCCGTCAACGCCACCGTGAGCCGGGCCCTCTCCAGCCTGCCGGTGCAGGACCTGACGGTGGAGAACGCGCCGCTGGAGGAGGTCATGAGCGAGCTGTTCGCCGAGAGCAAGGCGCGCCGGGAGAAGGTGGGGACATGAGCGCGCGGAGCACACTGCGGGCGCTGCCCACGCTGCTGCGCATCGGCGTCTCCGAGGCGGTGGCCTACCGGGCGGAGATGTTCGTCTGGGTGCTGTCCACCACCATGCCGCTCATCATGATGGCGCTGTGGACGGCGGTGGCGCGGGAGGCTCCGGTGGGCCCGTACGGCTCGCAGGACTTCGTGCGCTACTTCCTGGCGGCCTTCGTGGTGCGGCAGCTGACGGGGGCGTGGGCGGCGTGGATGATCAACTACGAGGTCCGCCAGGGCACGCTGGCCATGCGCCTGTTGCGGCCCATCTCGCCGCTGTGGAGCTACGCGGCGGAGAACGTTGGCGCCATGCCCATGCGGCTGTTCGTGGTGGTGCCGGTGGCGATCTTCGCCGTGTCCACGGCGGGTTGGAAGTCGGTCCCCGAGACGGCGTGGGGCTGGGCCTTCTTCCTGGTGTCGCTCTTCGGCGGGTGGCTCATCACCTTCCTGGTGAACGTGGCCATCGGCACGCTGAGCCTCTACATGGAGAGCAGCACCAAGCTGATGGACGTGTGGCTGGCGCTCTTCTTCGTGTGCTCGGGCTACCTCTATCCGGTGGACCTCTTCCCGCCCCTGTGGCGGACCATCATCGACTGGCTGCCCTTCCGCTACCAGATCGGGCTGCCGGTGGAGTTGATGACGAACGCGCACGGCTTAGGGGATGCGCTGGTGCTCCTGGGACGTCAGTGGCTGTGGGTGGGGTTGATGCTGGTCATCAGCCTGGGACTCTGGAACCGGGGCCTGAAGCGCTTCGCGGCCTTTGGAGGGTGAGGGAGATGCTGCGGCGCTACCTGGGTCTGCTCGGAGTGCAGCTGCGGGCCTCGAGCCTGCTGGCGATGCAATACCGGGGCGACTTCGTCATCGAGGGCATCATCTCCCTCTTCTGGACGGCTACCGCGCTGGCACCGCTGTTCGTCGTCTACCGCGAGCGGCAGTCCATCGCCGGGTGGAGCTTCGGCGAGGCGTTGCTGGTCATCGGGTGGTTCACCCTGCTGCAGGGGATTCTGGAGGGGGCCATCAACCCGAGCCTTACCGGCGTGGTGGAGCACATCCGCAAGGGGACGCTGGACTTCGTGCTGCTCAAGCCGGCGGACGCGCAGTTCCTGGTGTCCACCGCGCGCTTCCTGCCGTGGCGCTCCATCAACGTGCTGGCGGGCCTGGGGCTGTTCGTCTACGGCTTCCACCTGATTGGCCGTCCGCCTTCTCCCGTGGGCCTGCTGGCCTCGCTGGTGCTGCTGGGCACGAGCGTGTTGCTGCTCTACTCGCTGTGGATATTGACGGTGGCCGCGGCCTTCTACGTGGTGAAGGTGGACAACCTCACGTACTTCTTCACGTCCATCTTCGACGCGGCGCGCTGGCCGGCATCGGTGTTCCGTGGGGTGCTGGCCTTCGTCTTCACCTTTGTGATTCCGCTGGCGGTGATGACG
NZ_CP137851.1_gap42	1988234	1990060	1826	CGAGGAGATCCGCGCCCAGCTCGCCACCCAGTCGCTCGCCACCGACTGGCAGGAGGAGTGGGTCGAGGAGAAGCGCAAGCTGGAGATCTTCACCCTCGACGGCTACTACCGGATGCGCCCCAACCTGTACTACCAGTTCAGCTTGGGCAAGCCTCTGGGCAGTGAGCTCTTCCCCCGGCCCCGGCCCACGGAGAAGACGCAGGCCTTCGCCGACATGCGCCTGCGCCTGGAGCCCACCTTCAACATCTCCGAGGAGGTGCGGGTGAAGCTCCAGCTGGACGCCCTGGACAATGTGATCCTCGGCTCCTCGCCGTTGAGCGGTGTGGACCGCAACTTCTACCTCTTCGACATCTTCAATGATGGGCAGGTGTCTCCGCGCTCGGCCATCAACAGCCTGAAGGACTCGCTGATGCTGCGCGAGGCCTACGGCGAGGTGTCCACGCCGGTGGGTCTGCTGCGCTTCGGCCGCATGACGGCGCACTGGGGCCTGGGCCTGCTGCGCAACGACGGCAACTGCCTGGAGTGTGACTTCGGTGACGTGGTGGACCGCGTCATGTTCGTCACGGAGCCCTTCGACGGCTTCTACGTGACGCCCATGTTCGAGTTCAACGACGAGGGCGTCTACGCCTACCCCAACGGCGAGCAGGGCCAGGCGGTGGACATCACCGGCGCGGATGACAGCCACAGCTGGGTGCTGGCCGTGGCGCGCCGGGACACCCCGCAGCAGGTGAAGGCCAAGCTGGACAACAACCAGGGCGTGCTCAACTACGGCCTGCACTTCAGCTGGCGGACCCAGCGCTACAGCCCGGCGCGTGACGAGAATGGGCAGGTGCAGCCGGGCCAGTTCGTCCCGCGCGGCGCGTCGCTCTACATCCCGGACGTGTGGCTGCGCTACGAGGAGCGCAACTTCCGCGTGGAGCTGGAGCTGGCGGCCTACCTCGGGCAGATCAACGGTCTGGCGCAGACGGCGGCCCAGGCGAACGACCCCAGCTTCAACCAGACGCTGGACGTGATGGCCTTCGGCGGCGCGGCGGTGGGCGAGTACCGGATGCTCAACGGGCAGCTCAACCTCCAGCTGGAGCTGGGCTTCGCCTCGGGTGACCGGGCGCCGGGCTTCGGAGCCTACCCGGGCATTCCGGGCACGGGCGAGAACGGCGCCACCCAGCCGGGCAACGTGGATGGCCCGCAGTTCCGGTGCGGCACCGGCGGCTGCAGCGACAACGCCATCCGCAACTTCCGCTTCAATCGCGCCTACCGCGTGGACAGCATCCTCTGGCGCGAGCTGGTGGGCACTGTCACCGACGCCGTCTACGTGAAGCCCACCATCCGCTACACGCTGACGCAGGGGTTCGACCTCTTCGGCAGCGCCATCTACTCGCAGTCCATCTACTCCGAGTCCACGCCCTCGAGCACGGACCGGATGCTGGGCATCGAGACGAACCTGGGCGCTCGCTACGAGACGGAGGACGGCTTCGTGGCGCGCGTGGACTGGTCCGTGCTCTTCCCGCTCGCCGGCCTGAACGAGACGAACGTGAACTCGCGGGTGGAGCTGGCGACGGCCCACGCCGTCCGTGGCACGCTGGGCATCCGCTTCTAGTCGCGCGCCATGCCCGGGCCGCGCGGTCTCATCCTGTTGCTCGCGGTGCTGGCCGGGGCGGCCTGCGGTATCAAGGGGCCGCCGCGTCCACCAGCCCGTGCTCCGGAGGCGCAGCCGCCGCCTCCGGCGAATTCCTCCCCTGACGCTGGGACGCCGTGAATCACTTCAGCTATCGCAAGCGTGTCCTGCACGCCGAGGACGTGCCCCTGCCGGCCATCGCCGACGCGGT
NZ_CP137851.1_gap43	1999492	2002033	2541	CCGCGTTGGTAACCGGCCGGAAGGGAAATCCCAATCGGCTCTGGCTACTCGCCTTCGGACACGCGGGCCTTCCAGTCATCGGGGAGGCTCGCGGGTGCGGTCTGTGCCTGGTCGAGAGCGAACCAGAGCCGAGCCTGTCCCTCCAGGATGACTTCCCATCCCGAGCGTGGTGATGCCGCGCGCCTACCTGCGCCGCTAGCGGGAGCGCCGGCGCGGTGAGCGTCTCGCGGGCCTGTGCTCACCTGCGGGCTCCTCGAACAGGGTCGGGCCGAGCAGATCGAGGTACTCGGTGAGAACCTCGCCCGGGTCGCGCTTCCTCCCCGCGGAGGACGGCTGCTCCAGTGCGAGGCGTCCCGCGGTGACCAGGACGGCTCCGAGCAGGCGCGCCCGCTGTGAGTCCGGGGAGATACCCAGCCGTTCGGCGGCGGCGTGCGCGAGAGCGATCTCCGCGTTGGTGAGGATCTGCAGCCACGCCGCGCGGAGACTGTCCGTCTCGTTCAGCACGGAGAGGAGGTTCTCCCAGTTCATGGCGTTCTCCTCCGTGAGGGATCGGCCGAGTGCCTCCACCATCGCCTCGCGCAGGGTCTTGCCGCGAGGGGCGGCGCGCATCTCGGAGACGATGCTCGCGAGCGAGGCGTCGACGGCCGGGCGGATGGCGTCCTCCTTCCGGGGGAAGTACCGGTAGAAGGTCCTCTCGGAGAGGCCCGCGTGGGCCGCGAGCTCCTTGACGGAGAAGTCGCTCGTGCGCTTCCGCAGGAACAGGGCGATGACGGCCTGCGAGGCCTCGAGCATCGCCTGGTCGCGTCCCTCGCGCGGGGCAAGGGTGAGGGGCGGCGGCTCCCGGTCCGCACCCGTGGCCGGCCGTTCCTGGGGGTGGATGCGCACTCGCTGGGGCATGGCGCGGAGCCTAACAAGCCGTGGCAGGAACTGTCACACCCCGGAGCATGTGGCGGTTTCTGCCAGTTCCGTGGCATAAACTGCCACGGTCCTGGTGTCCCCCCACCCACGGAGAACCGAGATGAGCTTCAGCTCACCCACCGCACGCATCGAAGACGGCCTCTTCCTGCCCGAAGGCGCATCCCTGTTCACTCGGCTGCGTGTGGCGGTCCGGGCCCTGAAGGTCCTCGAGAAGCGCCCCGATGACGGCATCGCTGCGCCGCTGTTCAACGCGAGCCTCGACGGTGACGTCTTCCAGCGGCACTGCACGGAGCTGGCGAAGAGCGAGGACGGCCGGGAGTTGCTCACCCAACGCCCCAGCCTCCAGGGCCGCAACATCGACCTCGCGGCGCTCGGCCGGCTCCCGGAAGGGACGCTCGGGAACGCGTTCGCCCGCTACTTCTCGGACAACGGCATCAGCCCGTTCGAGAGCCCGTACGAGGTCCGCAACGAGGTGGACTTCCTCGTCAAGTGGTACCGGGAGACGCACGACCTCCACCACGTGGTGACCGGCTACAAGACGGACTCGCTCGGTGAAATGGAGCTCCAGGCCTTCGTGGCCGGCAACCTCGGACTCCGCACGAGTGTCCTCATCCTCCTGTTCGCCGCGCTGCTTCGGCCGCATGGCCTCCCTCCCATCTGGAAGTACGCGCGAAAGCTGCGCGCGGCGTACCGGCGGGGCCGGCAGTCCGAGAAGCTCGTCCGTATCCGGTACGAGCGCTTCTGGGAGTCGACGGTCGAGACGGTGCGCCAGCAGCTCCGGATTCCCCCTCCGACCCCGGCCTGACCCCAGGACTCCACGACCATGACTACCTCACTCTCCATCGACAGGCCCCGTACCCTGACCGAGTACGCTCCCTCCACCCTCGAGCTGATCACGGCGACCCGGCGAGAGGGGTTCCTCGGCTGGATGATGAGCACCTGGCGCAAGCACGGGGATCTGATCCGCCTCCAGATGGGCTCGAAGTCGCTCCTGCTGGTGACCCACCCGGACCATGTGCGCCACGTCAACGTCACGGGCCGCGAGCACTACGACAAGGGCGAGAGCTACGACTCCCTCCGCGAGTTGCTGCTCGGCCATGGCATCGTCACCGCCACCGGGGAGGACTGGCGCCGGCAGCGCAGGCTCATGGCACCGTTCTTCACCCCTCGCGGCGTGGAGAAGTTCTTCCCCATCTTCATCTCCGACACGCAGAAGCTCATCGAGCACTGGCAGACCCAGCACCAGGGCTCCGGCCGCCCCGTCGAGATGCTCGATGAGATGATGCAGGTCACCGCCGCCGTCATCCTCCACTCGGTCTTCAGTACCGACTCGGGTGACACCCTGATGCGCGTCAAGAACTCGATCGAGACGATGGTCTCCCACATCTCGAACAAGCAGATGCGCCCCATCCAGGTTCCCATGTGGGTGCCTACCCCCGGGAACCTGCGGTTCAACCGGGCCAAGAAGCTGGTGACGGCCTACATCCAGGAGCTCATCGCGAGGCGCCGGGCCCTCCCCACCGAGCAGTGGCCGGATGATCTGCTGACGAAGATGATGACGACGAAGGACGAGGAGTCGGGGACGTTCATGGCGGAGCAGCTCCTCGTGGACAACGGCCTGAC
NZ_CP137851.1_gap44	2006909	2007934	1025	TTGTTGCAGGAACTGGCCCTCGCCCGTCTGGCGCTCGAGGAACGACAGGCGCAGAAGGTGGTGGTGGCGTGCGCGCGCTGCTGCGAGCGGCTGCTGCGGGGGCTGCTGGCGGCCCACGAGCCGCCGGTGACGAGCGTGGGCAACAAGGAGGTGGGCCGCGCGACGCTGGGCGAGCTGGTGGGCGCCTGCCGTCAGTACCGGCTCATCGGCCGTTTCGAGGACAACATCTTCTCGGCCCTCAACGAGCGGCGGAAGAAGATCCACGCCTTGCAGGACGAGCGCCCCATCGACGACCAGGACGCCTTCATCCTCTACACGCTCACGGAGATCGCCGCCCGGGCGCTGCTGACGCAGGCACCGAGGGCCGAGGCGCAGCCCGTCGCGGCGGGTGAGGGCGGGCAGGGAGAGCCGGCCGGCTCCTGAGTGGCCGTATATTCATGGGCGGAGTTGCGGTATAGAGTCGCTCACGCGGAGGGCGGCCGGGCTCTACCCATTGCTGAGGGGGGTTGTTCATGAGTCCGGAGTCACGTCGGCTCTTTCTTCTTTCGCTTCTGGCTGCCGGGTTGTTCGCCTGTGAAGTTTCTCCGGTTCCCGTTCCAGATCCGGGCGAGGAATCGGACCAGGGCCCGAGCCAGGGTGCTCCTCGCCTCGAGTTGCGCGCCACCTTTGAAGATGGGCAACCCATCGCGGGTGTCTCCGTGCTGTTGAACGGGGCGGAATCCGGTCAGACGGACTCCACCGGTCAGCTGTTCCTCGATACGCCCGCCGGGCAGCACGTGCTGCGGCTGAACCTGGATGCGGGAGAGGGACGAGTGTCCAAGGCCGAGCAGCGCATCGAGATGGGCACGGAGTCCCAGACGGTGACGGTCAAGCTGCCACGGCCGGTCCGCATGCTCACGCCCCTGGAGGTGACGACCTCGATGGTGCACCTCGCCTGGGAGCGTAGCGAGGAGCCGCACTTCCGCGAGTACAAGGTCTATGCGCACCACTACTCGCCCGCGTTCGACGAGACGACGGGGACGCTC
NZ_CP137851.1_gap45	2053417	2057852	4435	CGTCTTCGCGCGACGCTTCTCACGGCCGGTGTCACACCTCACGGAGAGGGCCCGGGCGCTCCAGGCGGGCGCGCTCGACATCGAGGTACCGGCCGAGGGGCCCCTGGAGCTGAAGACGTTCGCCGAGACCTTCACGAAGATGGCGCGCTCGCTCCAGGAGGCCATGGAGGAGCGCGAGCGGCTGCTGCGGGAGGTGCAGGAGGACCGGGCCCGGCTGGAGGAGCTCGCCCGGCAGGCACAGGAGGCCGCCCGCATCCGCGAGGATCTGGTGGCCGTGGTGTCCCATGATTTGCGCAATCCCATCTCGGCCATCTCCATGTCCGCCCGCGCGATGCTCAAGCGCGAGGGTCTCCAGGATTGGCAGGCGAAGGGATTGGGCCGCATCTACTCGGCGGCGGACCGGGCCATCCGGTTGATCCGGGACCTGCTCGACTCGACGCAGGCGCGGGTGGGAGGGATTCCCGTGGAGCGCAGGCCGCTGGACTTCCACGAGCTAGCCCGGCACGTGGTGGAGGAGGTCCAGCTCGCGCACCCCGAGCGGCACATCCACTTCGAGACGGGAGGGGAGGCCCAGGGGGCGTGGGACGCGGACCGCATGGCCCAGGTCATCACCAACCTGGTGGGCAACGCCGTGCAGCACAGCCCGGTGGACACGCCGGTGCGGGTGCGCTCGCGGGGAGAAGACGGGATGGTGTGCCTCGACATCCACAACGAGGGCCCGCCCATTCCGGCCGAGGTGCTGCCCACCCTGTTCGAGCCCTTCCGGCGGGGCCGGAGCTCCGGAGGCGGCGCGATGGGCAGCGTGGGCCTGGGGCTCTTCATCAGCCGGCAGCTCGTGGAGGCGCACGGGGGCTCCATCGAGGTGCGCTCCGTGCGGGGGGAGGGGACCACGTTCACGGTCCGTTTCCCCCGCGCGCCGGGGAGCGATGGCGTTCCGCCGCTCGGTAGAGCAGGGTGAGGGAGTCGTCCAGCACTGATTGGCGCGAGCGCAGGTGAGCGCCCGTCCCAGCCCGCTCAGTGGTAGACGTCTACCACTGAGGGGTTACCTTTTCACACATACAACCACCTGAGTGGTAGACGTCTACCACTCGATTGCGCCTACTGCCCCATATACGGATACGGGACGCGGGTAGGCGGGACGAGGTTCTCCTTGATGGTGCGCGGAGACGTCCAGCGCACCAGGTTCAGCATGGAGCCCGCCTTGTCGTTGGTGCCCGAGGCGCGCGAACCACCGAAGGGCTGCTGGCCCACCACGGCGCCCGTCGGCTTGTCGTTGATGTAGAAGTTGCCCGCCGCGTGCCGCAGCTCGCGCATCATCGTGCTGATGGCCTTGCGGTCCCGGGCGAACACCGCGCCCGTCAGCGCGTACGTGGCGCTCGTGTCGCACTCGCGCAGCGTCTCCTCGAACTTCGCGTCCGGGTACACGTACAGGCCCACCACCGGCGCGAAGATCTCCTCCTGCATGATGCGGTGACGCGGATTGGTCAGCTGCACCAGCGTGGGCTTGATGAACCAGCCCTCGCTCCGGTCCGCCTCGCCGCCCGCCAGGATGGTGGCCTCCGAGCCGCTGTTCTTCGCCAGCTCGATGTACGAGGACGTCCGCTTGAAGGACTTCTCGTCGATGACCGCGCCCATGAAGTTGCGGAAATCGGTGACGTCGCCCATGCGCAGCTCGGCGATCATCTCCTGCAGCCGCGTCTTGAGCTTGGGCCACATGGACTCCGGCACGTAGATGCGCGAGGCCGCCGAGCACTTCTGGCCCTGGTACTCGTAGCCGCCGCGCACGATGGCCGTGGCCACCGCGTCCAGGTCGTCCGCCGCCGAGGTGTGCACGAAGATGAAGTCCTTGCCACCCGTCTCGCCCACCAGCCGCGGGTACTGCTTGTAACGGCCGATGTTCTCGCCCACCGTGCGCCACATGCCCTGGAAGGTGGGCGTGGAGCCGGTGAAGTGGATGCCGCCCAGGTGCGGGCTGGCCATGACCGGGTTGCCCACCGTGGGGCCGTCACCCGGCAACATGTTGATGACGCCGTCGGGCAGGCCCGCCTCGCGCAGCAACTCCATGTTGTACCAGTTGCTGTAGGCCGCCGTGTTCGAGGGCTTGAAGAGCACCACGTTGCCCATGATGGCCGGGGCCACGGCCAGGTTGAGCGCGATGGACGTGAAGTTGAACGGCGCCACCGCGAACACGAACCCGTCCAGCGGACGGTAGTCCATCATGTTCCACGTCTGCGCCGGGCTCACCGGCTGGTCGCTCAGCAGCTGCTGCGCGAAGGCCACGTTGTAGCGCAGGAAGTCCACCGCCTCGCACGTCGCGTCGATCTCCGCCTGATGCGCCGTCTTCGACTGGCCCAGCATGGTGGCCGCGTTGAGGATGGGGCGGTACTTCGTGGCCAGCAGCTCCGCGGCCCGCAGGAAGATGGCCGCGCGCTCCACGAAGGGCATCCGCGCCCACTCGTCCTTCACCGACAGCGCGTTCTGGATGGCCTGCTCCACGTGGCTGGCGTCCGCCTCGTGCAGCGTGGCCAGCACGTGCGAGTGCTTGTGCGGCATCCGCACCGTGTCCGTCTTGCTGGACTTGATGCGCTTGCCGCCGATGACGATCGGAATCTCGATCTGCTCGGAGGCCATGCGCTTGAGCGTGGCCTGCAGCTCGGCGCGCTCGGGGCTACCGGGCGCGTGGGAGAGCACGGGCTCGTTCTGCGGCGTTGGGACGCGGACGTTGGCGTTGATCACGCGGAGCTCCTCGGGGGAGAAATCGGGGAAAGGGCGGCGGAGCATAGCCCGTCGTCCCAGGGGTTGAATCCTCGGGGTATGTAAAACCCGTACCTGCGAACATCACATCCATCACCCTGGCTGAGGCCCCCATGGCAGATGAACGACTGCTTCCTCGCTTCCAGGCCCGGCGGCAGCTCGGGCGCACCGGCTTCCAGGCCACCGCCGTGGGCATCGGGGACCTGGCGGACCGCTCCGTCCCCCTGGCGCAGTGCGTGGCCACGCTGCACCGCGCCATGGATGCCGGGCTCAACGTCGTGGACACCGCCCCCGGCTACGAGGACGGCTACAGCGAGCAGATCGTCGGCGAGGCCCTGCGCGGCCGGCGCGAGGGCATGTTCGTCATCGACAAGGTGGACTTCCTGGAGCAGCCGGTGGCCCCGCAGGTGGAGGAGAGTCTGCGCCGGCTCCAGTTGGAGGCAGTGGACCTCTTCGTCTTCCACAACCTCTCGAAGCTGGACACGTGGGAGCGGCTGGCCGCGCCCGGTGGGGGGCTGGAGGAACTGGAGCGCTGCGTGCGCCAGGGCAAGGCGCGCTTCCGGGGCATCTCCAGTCACCACCCGGACGTGCTGCGCGCCGCGCTCGAGTCCGGCCGCTGTGACGTGGTGATGTTCCCCGTGGGGCCCTACGTCCACCCGCGCTACGTGGAGGAGATCCTCCCGCTGGCGAAGGCCAAGGGCGTGGGCACGGTGACCTTCAAGACCTTCGGGGCTGGCAAGCTGCTCGGGGACACCGAGGGTTACGGACGGCCGCTCCAGGCCCGTCCGCGCGGAAAGGTGAGCTCGGGCGGGGCCGAGACGGATGCGCCCTCGCTGCCCCACCTCGGGGTGGAGGAGTGCGTGCGTTACACGCTCACGTTGGATCCAGACGTGGCCCTGATGGGGATGAGCTTCCCCAATGAACAGGACGCCGCGCTCCACGCCGCCGCGGCCTTCCGGCCCCTTACCGCCGAGCAGATGACGGATGTCCGCCAGCGCGCGGCCCGGGCCATCGAGGGCAAGGGCTCCGTGTGGTGGAATCCCGGGGCATGACTGCCCTCACCGTCAGCCGCGTCCTCTTCGTGTGCTTGCTGATCAACGAAGCCGTCGTCCTGGCACGCACGCCACCCGAGGAACGCAAGCGCGTCATCATGCCGCGGGCGATGCCGCTGCCGGTGCTCCTGTTGCTCGCCCCGTTCTTCTTCGCGCTGGAGCTGCCGGGGGGATGGGGATGGTGGGCGGCCTTCGTGCAGGCCCTGGGGTTGGGGATGGAGATCGCCGGGGAGCTCCAGCTCGCGCGCGCCCAGTCGTTCTCGATGTCGGCCAACCTGCCGGCACAGCCCCAGACCACGGGGCTCTACCGCCGTCTGGAGAATCCCATCTACGTGGCCATCCTGCTGCAGCTGCTCGCCTGGGCGGCGTGGATGCCGGTGGCGTTCATCGCGGTGGCGATGCAGCTCGAGTCCTTCCGGAGGATGGTGCGGGAGGAGCGCAAGTACCTGGCGCGGCTCGCGGTGTCCCACCGGGGCGCGGACAGCTTCCTGTGGAATTGAGGTCCGCTCAGCTCCGGGCCACGGCGGCGAGCGGGCGGGGCTGGAGCATCTCGTGCAGCCGCGCGATGAGGACGGCGGGCTGGACGGGCTTGATGAGGTAGGCGTCACCGGCCTCGGGCATGCCCGGGC
NZ_CP137851.1_gap46	2063482	2065346	1864	CCGCCGCCTCCGGTGACAGCCCCGACACCCTCCGCCCCAGCCGCTCCGTCGCCTCCGCCAACAGCATCCGCGCCAGCGGCAGGATGTCGTCGCGCCGCTCCCTCAGCGGTGGCACCTTCAATTCAATCACCCGCAGGCGGTAGTAGAGGTCCTGCCGGAAGCGCCCCCCCACCACCTCCGCCGCCAGGTTGCGGTTGGTGGCCGCCACCACCCGCACGTCCACCTTGCGGCTCTGGTTCTCCCCCACGCGCCGCACCTCCTTCTCCTGCAGCACGCGCAACAGCTTGGCCTGCATCGACGCGGGCACCTCGCCCACCTCGTCCAGGAAGAGCGTGCCCCCGTGCGCCGCCTCGAAGAGCCCCGGCCTGTCGTGCGTGGCCCCCGTGAAGGCCCCCCTCGCGTGGCCGAACAGCTCGCTCTCCAGCAGGCTCTCCGTCACCGCCGCGCAGTTCACCGCCACGAACGCCTTGTGCGCCCGCCCCGACTCCTCGTGGATGAGCCGCGCCACCCGCTCCTTGCCCACGCCGCTCTCTCCGGTAATCAGCACCGTCGAGTCCACCTTCGCCGCCCGCCGCGCCAGGCTCAGCACCTGCTTCATCGCCTCGGTGCGCTCCACCATGCCCGCCGGATCCTCCGGCACGCCCGACACCCGCGCCAGCGTCTGCCGCTTCGCCCTCAGCTTGCGCTCGGCCTGCTTCAGCGCCTCCGTCACCTGCGCCAGCGCCCCCTCCATGCACTGCGTCTCGTAGAAGCGCAGCGCCTCGCGGCACTCGGGGCTCCACTCCTCCTCCGGCTTGCCCAGGATCTGGCAGACCGGGTCTCCCTTGCCCACGCAGCGCGTCTCGATGCAGTACACCGGCTTGCCGTTGCAGTAGCTCATGTAGCCGCTGGCGAAACCCGTCAGCGCCCAGCACACCGGCTCCTCCGCCTTTCCCAGGTGCAGCAGGTGCTGCTCCGACTCGTACGAGTGGTGCCACAGCGCCTCCGCGAAGGGCTCCGGTCCATCCTCCGCGTGGCGCTCCACCGGCTCCAGCACCACCTGCCCCTGCAGCGTGTGCAGCCGCCCTCCCGCTCGGCGCCACTGCGACTCGTCCTCCCACGGGAAGGAGCTCTTCATCGTCTCCGCCGTCCGCCAGCCGTGCGCGAAGCCCAGCCGCGTGAGGATGCCCCGCGCCGCCGTCATCCCCACCGTCCCGATGAGCTCCTTGCGCAGCAGCCCCAACGCCACCGGGTCCAACAGCAGCACCCGCTGGCCCGCGAAGTGGATGAGCCCTCCGTTCGGGTCGAACGTCAGCAGCTCGCTCAGGTTCAGCTCCAGCCTCGGCGCCATCGGCTTCTTCCTCTCAGGATGATGGGTCTCTCTATCGTTTTGAGAGCCCCAGTGCGAGCCAAACCAGGAGAGGTGAGGAGTTTCAATGGTTTGAAAGGTCGGGTTTGCTGGCCCGGGGGTTGCTAGATGGTTCCCACGAGATGAGCTCGGACCTGGAACAGCGCGAGGGAGTGCGGAGAACGGTGGGTACTGGACGGGTCCACCAGAAACTCGCTGCCCGCGATTTCGCGGGGGTACAGTCCCGTGCGTCCGCACCGCACGCACGGCTCGCGCATCTCAGTGTGGAGTTCTTCCCGCCGCGCTTTTTCGTTCCCGGTGCGGCCATCCTCGAGGACCGGCTCACTCCGGTGTTCGAGGCCTTCCGTTATTCACGCCTGTCCATGCGCAGCGTTTCGCTGCGTGGATGAAACCCGCTGTACGCAGTTCAACTGGAGAGAAACACCATGAAGCTGTTCTTCAAGCCCGCCATTGCCGCCCTCGTGCTCGCTTCCCCGTCGCTGGCCTTCGCTACCGAGTTCGAGATCGACTCGGCCC
NZ_CP137851.1_gap47	2135124	2136287	1163	CGCGGAAGCCGCGAATCTTCACCTGGTGATCGATGCGGCCCAGGTACTCGATGCGGCCATTGGGTAGGAAGCGCGCGAGGTCACCCGTCTTGTACATGCGGGCACCCGGGCGGGAGCTGAAGGGATCGGGCAGGTAGATGCGGGCGGTGAGCTCGGGGCGGTTGAAGTAGCCGCGGCCCAGACGCTCGCCGGAGACGTAGAGCTCACCGGGGACGCCGGCGGGGACCTGATGCAGGTTCTTGTCGAGGATGTAGAGGGGGCCGTTGGACAGGGGCCGGCCGATGGGCACGGGAGCGCCGACAGGAGGCGGCGAGGCGACGTAGTGGAAGGAGGAGAAGACGGTGCACTCGGTGGGGCCGTAGCCGTTGACCAGCCGGCGCGGAGGCCCGTGCACGAAGATTTCCCGCAGCGCCAGGGGATCCGCGGCCTCGCCACCGAAGACGAGCGTGTGGACGTTCTGGAAGGTGGCGGGGAACTGGCGGGCCAGGAGGTTGAGCACCGCCGTGGTCACGAACATGACGGTGATGCCCTGGTCACGCACCTGGGCCGTGAAGTCCTCGGGAGCACGCGCGGGGTCGGCGGTGATGCCGACGAGGTGCGCACCGTGCAGCAGGGCCCCCCAGATTTCGAAGGTGCTGGGGTCGAACGAGGCGTTGGAGGCCTGGGCGACGCGGTCCGCCGGAGAGAAGGGGTGGAAGTCCCTGTCGTAGGAGAGGGCGCAGATGCCGCGGTGGAAGATGGCGCTGCCCTTGGGCCTGCCGGTGGAGCCGGAGGTGTAGATGACGTAGGCGAGGTTGTCGGGGCTGGCGGCGGGAGGAAGCGGCTCGGAGGACTGGCGGCGGATGGCTTCCGGGTCCGCGCCGGAGTCGAGGCGGACGATGGGCCCGGAGAAGGCGGGCAGGCGCTGGAGCTTGTCCTGGTGGACGAGCAGCACGCTGACGCTGGCGTCCTGGAGCATGAAGGCCAGACGCTCGGCGGGGTAGGACGAATCCAGGGGCAGGTAGGCACCGCCCGCCTTGAGGATGCCGAGGATGCCCACGACGAGGTCCACGGAACGCTCGACGCACAGGCCGACGAGGACCTCGGGGCCGACACCCTGGGAGCGCAGGTGGCGGGCGAGCTGATTGGAGCGCTCGTCGAGCTGGCGGTAGGTGAGGGAGTGC
NZ_CP137851.1_gap48	2301827	2304282	2455	GGCGCGTTGAGGATGCGCAGGACGTCGAGCCCGGCGAGCGAGCCCGCCTCGCGCATAGCGGCGCGCTGGCGATCGTCGAAGTGGGCGGGGACGCAGAGGACGGCGCGCGTGGCCTCGTGGCCGAGGCCGGCGGTGGTGGCGGACTTGAGCTCGCGCAGGAGCCGGGCGGCGAGCTCGGGGAGGAGGTGGCCGCGGCCGTGGAGCTCGATGCTGGCGTCGCCGTGGGGGCCGGCGGAGAGGGGGAAGGGCAGGGGACCACCGAGCGCGCGCACCAGGGGCGAGCGGGCGCGCAGTCCGAGGAAGCGGCGGAGTCCGTGGATGGCGTGTCGAGGGGAGCGCTCGGCCTCGGCCCTGGCGGCGGTGCCCACGAGGAACTGGCCCGAGGCGTCCACGGCGAGCAGCGAGGGGAGGGCGTTGGCCTCGCCCAGGGGGATGAGCTGGAGCGTGCCCTGGTGGTGGACGGCGACGCGCGCCTGCGAGGTGCCGAGGTCGATGCCGAGCACCACCTCGGGCGGCGCGGCCACCACGGGCGTGGAGACGGGCACGTCGAGGATGGCGCGCCGGCGGCCCTTGAACTCGGGCGAGCTGGGACGGCGGGGCTCCTCGGTGGGCGACGGCGGCACCTCGCGAGCGATCTCCGGACGCGAGGGAACCTCCGGGGGATGCGTGGGAGCGGGTGCTTCGGGGATGGCGGGTGTGGCCGGGGCTGACGTCTCGGCGACGGGAGGCTCCGGTTGCACGGAGGCGGGAGGTGCCACGGGCGGAGCAGGCGCGGGTGGCTCGGGCTCCAGGGTGATGCTCTCGGGGGAGAGTATCTCCTCGTCGGGGGCGAGGTGATCCAGGACGGCGTTGGCGATGAGGTCCTGGGTCGTGGGCCGCGTGGGAATCGCGGGGACCTCCACGGGGGTGGGCACCCTCGCGGAAGCGGGCGCGGACGGCGCGGGCCGCGGGGCGTCCGCCAGTGCTGGCGCCTCGGGCACCGGGGGCATCGCGGGAATCCGTGGCTCGGTGACGGCGGCGGGTGTCACCGGTTCAGGTGCCGGTGCGGAGGGCGCGGCCGGTTTCGGCGCGGGCGGCCGGGGTGGCGCGGAGGGGGCGGCGGCCGGCTTCGCGGAGGCCGGAGGCACCACCTGTGTGGGAGCAGGGGTCTTCGGCGCTGGCGCACGGGCAGGTGCGGCGGGGGCTGCTTGCTTCGCCGGACCCGGAGCCGGAGCCGGTGCCGTGGACACGGGGCCCGGAGCGGTGGCCGACCCGGGCGAACCGGGAGCCGCCGTTGTGCCAGGCGATGCGGGCTTCGGAGCAGCGGGCTTCGGCGCCGCCGGTTTCGGAGCGGCGGGCTTCGGCGCCGCTTGCGTTGGAGCGGCGGGTTTCGGAGCCGCGGCCGGCGGTGGCGACGCGATGGGGGCGGAGGGCGTCGCGGCCTGCTTGCGAAGCGCCTCCGCGGAGATGACGGGCCGTCCGCGTTTCGCCGCGCCCGTTGTTGCCTCCGGGCGTGGAGCCGGCTGCTGCGCGGGCTCCTCCGTGCGTGGCTTCTCGGCGGGTGGGCTCGCGAGAGGCTCGGGGATCGCCGTGTCAGCGGTCCTGGCGGCGCTCCCGGTGCCGTGGTGGCGGCGGGCGAGGATGCGATCGATGAGCGCCTTGCTGTACGCATCGAGGCGCACGAAGCGCACGGTCATCCCGGCGCGAGGGCCCTCGGCCTGGGACTTCACCACCAGGCCCTCGCCGCGCAGCAGCCGCCCACCATCGGCCAGCACCAGCTCGAAGGCGAGCCCCGTGCCCTCGGGCTTGGGCGAGCGCGTGGCGATGAAGAGGCCACCCCGCGCGACGTTGGCGCCGTACTTCTCGACGAAGTCCTCCTCCGTCGCGTACGGGAGGCGGATGCGCAGCGGGATCAGCGTGGGCCCGACCGTCACCGTGCGTCACCGTCTCCCGAAGGGCCTCATTGCAGCGGGATGCGAGCGCTCTCGCCGCTGCTGGTGGGAATCAGGAGGGACATCCCCGGACCGATGGCGGCCGGAGGCACCTCGAAGAGGAGATCCATCGATTCGCTCTGTGCGCTCTCCCAGGTGTGGTCCAGCGTGCGCGTCCCCGCGAGGGTCTGGGCATCACGGGCCAGGGGGTACTCCTTGCCCCCCGCGTCCACCACCCGCGCCGTCGAGAAGGGCACGTACACGGACTGCGGGCCCACGTTCTCCGCGTCGAGCGTCACGCGCAGGAACAGCTCATCGGTGGTGAGAGCCACCTTGCCCGTGCCGCGCAGGGAGTGCAGGGACTCCAACCCGGTGGGCCGGAGCGCGAGCGTGTCCACCTTCACCTTCTCCTTGGAGGGCAGTGCGTAGGTCCTGGGCCTCTCCTGGTCCTGGCCAGCGGCGAGTCCCGCCAGCCGGGAGTTGGGGTCGGTCTCGTCGGGCGCGGCGGTGGGCGCCCCGCCCTGGTTCACGCGGTCCACCTCCTG
NZ_CP137851.1_gap49	2306086	2310940	4854	AGAAGAGCTCGTCGAGCCCCAGCAGCGAGCCGTGGCGGATGGCGCGGCGCATGATGCGGCGCAGGACGTAGCCGCGGCCCTCGTTGGAGGGCTGCACGCCGTCGGCGATGAGGAACGCGGCCGCGCGGCTGTGGTCCGCCACCACGCGCATGGAGGCTCCGCCCTCCTGGGTGTAGGGCTTGCCCACCAGCTCGCTCACGCGCGAGAGGATGCTCTGGAAGAGGTCCGTGTCGTAGTTGGAGCGCTTGCCCTGCACGACGGAGGCGATGCGCTCCAGGCCCGCGCCCGTGTCGATGGACGGCTTGGGCAGCGGAATGAGCGGCGCGTCCTTCTCCTTGCGCTCGAACTGCATGAACACGAGGTTCCAGATTTCCAGCCACCGGTCGCAGTCACACGCCACGCCTTTACACTGGCGGCCCGCGGACACCTCGGCACAGGGGATGTCGTCGCCCTGGTGGTAGTGGATTTCGGAGCAGGGACCGCACGGGCCGGTGTCGCCCATGGCCCAGAAGTTGTCCTTGAGGCCGAGCTTGAGGATGCGATCTCGGGACACGCCCTGCTTCGCCCACAGCTCGAAGGCCTCCTCGTCCCAGGGGATGCCGCCCTCGCCGTTGAACACGGTGACGGCCAGCCGCGCCTTGTCCACTCCGAGCGTCTTCGTCACGAACTCCCAGCCGTACGCGATGGCGTCGGACTTGAAGTAGTCGCCGAAGGAGAAGTTGCCGAGCATCTCGAAGAACGTGTGATGCCGTGCCGTGTAGCCCACGTTGTCGAGGTCGTTGTGCTTGCCGCCGGCGCGCACGCACTTCTGCGAGGTGGTGGCGCGGGTGTACTCGCGCTTCTCACGCCCCGTGAAGACGTCCTTGAACTGGACCATGCCCGCGTTGGTGAACAGCAGGGTGGGGTCGTTCTGCGGCACGAGGGAGGACGACGCAACGCGGCGATGGCCGCGATCTTCGAAGAACTTGAGGAACGCCTCTCGAATCTGGGAAGCGGACAGGACAGAGGACATGGTGAGGGTATATGCCACAAGTGGTGGGTGCGCTGCGTTTCTTATGGACCAAGCTAGGATCCGCCTACTGACATGCGCTCCCCATCCCACCTTGTCACCCTTCTGCTGCTCGTCTGCCCAGCGACAGTCCTGGCACAAACCGACCCCCAGACGGCCTCGCTCGGCCGGAGGCTGAAGCAAGGGCCCGAGCCCGAGCACCGTGTCCAGGCGGCCCGGCTGCTGGGGGAGTCGGAGGACCCCGAGGCGCTCCCGCTGCTGTGCGCGGGGTTGGAGGACCCGGCGGCGGAGGTCCGGGCGGCGGCGGCCGGGGGGCTGGAGAAACTGGGGGAACTGGGAGGGTTGCCGTGCCTGGAGGCCCGGAAGGACGAGCCGGACGCGGCGGCCAGGGCGGCCCTGGCGTCGGCGCTGGGGCGGTTGCGGCAGTTGAAGGCCCGGCCGCCGAAGGTCTACGTGCTCCTGAACGAGGTGAAGGACACGACGGGGACACTGCCGCCGGAGCTGGTGAAGGCCACCGAGGCGCGGATGCGGCGGAAGCTGACGCAGGAGGGGGCGTGGCTGGCCCCGGAGAAGGAGGCCGAGGCGGTGGCGAAAGGGGTGCTGCGCAAGCACAAGCTTCAAGGCTACCGGCTGACGGCGGAGATCCGCCCGGGGCCCTCGGGGGGGCTGAAGCTGGTGGTGATGTGCACGCGCTACCCGGGCAAGGTGCAGTTGCTGGGGACCATCGAGGTCCAGGCGTCGGATGCGGAGCCCTACGAGCTGCTCTGGGCGCTGGCGCCCGAGGCCGTCACCGAGACCCTTGCTACCTTCAAGGGGAAATAACGCACACCCCGAGTGGGCTGCGTTCTTCTGGCTCCGGACGCTAGGATTCGATTCCCCGCATGCGGCGCTCGCTCTCGTTCTTCGTTCTGCTCCTGCTCACCTTGCCCGGGGCCGTTCTGGCCCAGGTGGATTCCCGGACTGCCTCGTTGAGCAAACAGCTCGGCCAGGGGCAGGAGCCGCGTGCGCGCTCCCAGGCCGCGCAGGGGCTGGGGTCCTCGGATGATCCGGAGGCGGTGAAGCCGCTGTGCGGAGGGCTGAAGGATCCGGAGGGCCAGGTGCGGGCGGCGGCGGCCCAGGCGTTGGGGAAGCTGAAGGAAGTGGCCGGGCTGGAGTGCCTGAAGGCGCGCAAGGGCGAGACGGACGCGGCGGCACAGGCGGCCATCAAGACGTCCGTGCAGGTGCTGCAGGACCTGAAGAACCAGACGCCGCGGGTGTACGTGCACTTCGCCGGAGTGAAGGACAAGACGGGGGGGCTGAAGCCCGAGGTGGTGAAGTTCGCCGAGGCGCGGATGAAGCGGAAGCTGACGCAGATGGGGGCTCAGCTAGCACCGGCGAAGGAGAGCAAGGCGGCGGCGCAGGGGGTGCTGCGCAAGCTCGGCATCCACGGCTTCCGGGTGCAGGCGGAGATTCATTCCACGGAATCGGGGGGACTGCTGGTGCGGATGGTGTGCATCGGCTACCCGGGCCAGGAGCTGCTGGGAGACGTGGAGGTGCAGGCGTCGGGAGCGAAGCCCGAGGACCTGCTCAAGGTGCTGGCCCCGCGCATCGTCGAGGAGGCCGCGGATACGTTCGAGTGGGACACCTGATTGCCCCGCGATGGAATCCTCCCTCCCCACCCATGTTGGACCCTACCGGCTGTTGCACCTGCTCGGCCGCGGGGGCATGGCGAGCGTCTATGCCGCCGAGCTGGAGCCCCAGGGGCAACGCGTGGCCCTCAAGGTCCTGTCCCCCGAGGCGGCCCGGGATCCACACCTGGTCAACCGGTTCATGCGGGAGGCCGAGGTCCTGGCCCGGCTCGACGTTCCAGGGGTCGTGCGCGTCCTGGACTCGGCACGGCAAGGGGACACGGCGTTTCTCGCCATGGAATACCTGCCGGGTCTGTCCCTGCGCGAGTGGATGCGCCAGCAGCGGGGACCGGTGCCCCTTCGAGACGTCCTGGCCCTGGGCGCTCAGCTCGCGGACATCCTGGCGGAGGTCCACGCCCGAGGCATCGTCCACCGTGACCTGAAGCCGGAGAACGTCTTCCTTTGTCCGGAGGAAGGCGGCCGTTCTGGCCACCGCGTCAAGCTGCTGGACTTTGGCATCGCCAAGCTTCCTCCCGTGGAGGTGGACGCGCACGGCGCCACCCTGGCGCATACCCACGAGTCGGCCTTCATCGGCACCTACACCTATATGGCGCCGGAGCAGTTCCGGAGCGCTGCCCGTGTGGACTCCAGCGCGGACGTCTACGCCCTGGGGGTCGTGCTCTTCGAGTTGCTCGCGGGCCGCACGCCCTTCGTGTCCGAGGATCCCATCGAGATCCTCTCCGCGCATGTGCACGAGGAGCCGCCCCCGCTGCGCGAGTTCGCTCCCTCGTTGCCCGGCGGGCTGTGCGTCTTCATCGCCTCCATGCTCGACAAGGAGCCCTCCCGGCGGCCGGATATCCGGCGCTGCCGGGACATGCTCGGCCGGGCGTGGGAAGACGACCTGGAGACATGCCCCGTTCCGGGCCTGGCCCCCTTCACCGAGGCCCAGGCGGAGCTGTTCTTCGGCCGTGACGAGGAGCTCCAGGCCTTGTTCTCGCTGCTCGGGGAGCTCGAAACGGGGCCGCGGCGGTGGCTCCAGGTGGAGGGGCCCAGTGGGGTGGGCAAGTCCTCGTTGCTCCACGCGGGTCTGTTGCCCCGGCTCGTCCGGATGCCGCGGTGGCGCGTGGTATGCCTTCGTCCGGGTGACGAGCCGATCCGCGCCCTGGCCCGGGCACTCGCCTCGGGCCCTCTTCGCCTGAGCGAAGGGGAGAGCGCGGAGACGCTCGAGCGCACCCTGCGGGCGGACACCGGAGCCCTGCGTGACCTCGCCACGGCCCGGACGCCCGAGGGATGCCGCCTCCTGCTGGTGCTCGAGCCCCTGGAAGAGTTGTTCACGCTCGGCGCGGCCGAGTGTCCCCAGATGGACGCGCTCCTGAGCACCGCGCTCGAGGCCCCTGGCTCACCCGTGCGGTTGCTCACGTGCGTTCGCGCCGACTTCCTGCATCGCGTCGAGCAGGTGCCCACCCTGGCGCGTCATCTCCCTCGGGCCGCGCGCTTTCCCCTGCTGCCCATGGAGCCCGCGGCGCTGGCCCAGGTCATCCAGGGCATGGCCCGCCAGGCGGGACTGAGGCTGAGCGAAGGTCTGGCCGAGCGCATGGTGCGGGACGCGCGGGGCGAGGCGGGCTGTCTGCCGTTGCTCGGGCACGCGCTGCGAGCGCTGTGGGTGTTGAGCGGCGGCGCCCCGCTGACCCACGCGCACTACGAGCGGCTCGGAGGGGTGGGGGGTGCTCTGGCCCAGCAGGCCGAGGCGCTGCTCAACAGTCTGGGGGCGGAAGGGCGCGAGCGCGCCCGGGGGATGATTCTGTCCCTGGTGCGGACGGGCCGGGGCGTGCCCGACACCCGCCGCCCCCGCTCCCGGCGTGAGGTGCTCGCGGCGGGGGGAGACGACGCGCGGGCCGAGGAGGTGCTGCTGCGGCTGTCCGGGCTGTCCGGCAGTGCTCCGGGAGCCCCGGTGGGGTTGCGGTTGTTGCTGCTGTCGGGCGGAGCGGGCACCGAGGAGCAGCGCGTGGAACTGGCGCACGAGTTGCTGCTGTACCGGGTGCGCCCCATTGCTTCGTGGATCGAGGCCGAGCGGACGCTGTTGGAGCGCCGCGCGGACCTGGAGGCCATGGCGCATGTCTGGCACCTGATGGAGTGCCCGGAGGATGGACTGCCCACGGGCACCCTGCTCAACCACTACCGGAGCGGTATGGCGCCAGCCCGGGCTCACCCTGCTGGGAGCTCGCGGGAGAGCCCCGA
NZ_CP137851.1_gap50	2361297	2362697	1400	GCAACCAAGCGCAAGGCAGTGCGAACGGAGCCCGCGGCCACCGTGCAGTCCGGCAGCGCCCGTATCGAGGGCAACACCACGTCCCTGGACGTGGAGGCCCTCCGGCAGATCGTGGAGATCCTCGAGGCTTCCGAGGTGACGCGGCTCGTCTGGCAGCGCGGTGAGGAGCGGCTGTTCATCCGCCGTGGCCCCGTGCCGGTTCCCACCATCGTGCACGCGGCTCCGGTGACGCCCTCGGTCAGCCCCGCGCCGGTGATGGCCGCCGCGCCGGTGATGGCCGCCGCTCCCTCCGTGCACCACGCTCCGGCCCCCGCGGCCGCGTCGGCTCCGGCCGCCGCAGCTTCCGCAGCCGAGAAGCCCGGTCACTCCGTTACCAGCCCGTTCGTGGGGACGTTCTACCGGACGCCCGCGCCGGATCAGCCCGCTTTCGTCGAGGTGGGCTCGGTGGTGAGGAAGGGCCAGGTGCTCTGCATCATCGAGGCCATGAAGCTGATGAACGAGATCGAAGCCGACGTGGCGGGCCGCGTGGTGGAGATCCTCGTGGAGAATGGGCAGCCGGTCGAGTTTGGCCAGGCGCTGTTCCGCATCGAGCCGGTCTGACATAGCGGGCGCTGAGCGCCCCGCGGAGGCACGACATCGTGTTCAAGAAGGTGCTGATCGCCAACCGCGGGGAGATTGCCCTGCGGGTCATCCGTGCCTGCCGTGAGCTGGGCATCGCCACCGTGGCGGTGCACTCCACGGCCGACGCCAACGCCCTGCACGTGCGGTTCGCCGATGAGTCGGTGTGCATCGGTCCTCCGCCGTCCAAGGAGAGCTACCTCAACATCCCGCAGCTGCTCTCCGCGGCGGAAATCACCCGGGCGGACGCCATCCACCCCGGCTACGGCTTCCTCTCGGAGAACTCCGAGTTCGCCAAGGTGTGCCGGGACTGCAAGATTCATTTCATCGGCCCCCGGCCAGAGATGATCTCGCTGATGGGCAACAAGGTCCGCGCCCGCAACGCCGCTCGCGAGGCCGGTCTGCCCCTGCTGCCCGGCAGCATCGGCACGGTGAAGGACCCCAAGGAAGCCGAGGTCTTCGCCCGGGAGATCGGTTTCCCGGTCATCCTCAAGGCGGCGGCCGGTGGTGGCGGCAAGGGCATGAAGATCGTCCGCGAGCCGCACGCGCTGGCCCAGGCTTTCTCCACCGCGGCGGCCGAGGCCGTGGCGTCCTTCGGCAACGGCGACCTCTACATCGAGCGGTACGTGGAGAAGCCGCGCCACATCGAAATCCAGGTCGTGGCCGACGAGCACGGGCGCATCATCCACCTGGGTGAGCGCGAGTGCTCCGTGCAGCGCCGCCACCAGAAGCTGATTGAAGAGAGCCCCTCTCCGGCCCTCACCCCCGAGCTCCGCCAGCAG
NZ_CP137851.1_gap51	2385137	2389718	4581	TCACCGCGCCCTTCAGCCAGTACTGCAATCCCACCACCTCGCTCTCCTGCACGCGGTACACGAATTTCCTGATCAAGTGCACGGGGAGCGTCAGCCAGGGCACCGGTACGCACACCGCCTACTGGCAGCAGTCCATGCTGGGCGAGGGGTTCGGTTGGTTCCAGGGCCCGCTCATCGAGTACCTCGACTGCGAGGCGCGAAGCCTTGACAACAGGGACTGGCCCCTCGCGTCGGTCACCTACAGCTTCAAGGTGCAGGACAGCAACGGAAACTGGTCGAACGTCAGCAGCAAGGCCTTCTCCTGCGTGGCCTACCTCTGATGTCCCATCCGAGGCTCGCCAGTCCCTGGCGGGCCTCACCCCCGCCTCCGTCTGCCAACAAGCGCGCCGAGCGACTGAGGCAGGCCGCGCGTGAGCTGGAAGCGGAGAAGAAGCTGGAGCTGGCGGTGGAGAAGGAGAAGCGCCGGGAGAAGATTCAAAAGGCGAAGGAAGAGTTGGAGAAGGAGGCGAAGCAGAAGGCCGAGGCCAGGGGTGAAAACCCCGAAGAGGCAAAGCCCGCCGAGAAGGCGCAGCGCAACTTCACCGACGGCGACTCGCGAATCATGCGGCGCGATGGAGGCTACCAGCAGTCCTACAACGCGCAGGTGGCGGTGGATGCGGACACGCAGCTGATAGTGGCCCAGGAAGTGGGGCAGAGCGCCAGCGATGCACGGCAGCTCGAGCCGATGGTGGAGCAGGCGCGGGCCAACACGGGACTGGTGCCCGAGCAGCTGAGTGCGGACGCGGGCTACCTGTGCCAGGAGGACATTGAGAAGGTGGAGGCCAAGGGCTGTGTGGAAGTGCCTGTCGGCCCGATATGCGGGATTCAGGTTCTGGCATATTGAACTTGTTTTACTGATATTGTACAGATTCCTCGGATTGGGCCGGTTGATGCTCGGAGGAATGCCTTGAAGACGCAGAAGATGATTCGTTCCATCACCTGTTCGCTGATGTCCGGGCTGCTGCTGGCCGCTTGCGGTGGGGCCGCTGAAGACGCGCTGGCTCCGGCCGAGGAGCAAGTGGGGACGCAGCAGTCGCCGCTGTGCATCGACCTGAGCGTTTCCGGGCTGAACGCCGCGGGGGTCAGCTCGTACGAGGGGATCGCGGCCGGCGCTGGAGGCTGGGCGGTGTCCACCGGCGCCAATGGCGTGCGGACGGAGTTCTGGGTGGATGGCACCCTGCGGAGCGCCACCGAGTATCTCGGAACCTCGGGGAACTGGAACTTCAGCGCCGGGGGGATGGGGTGCGGAGGGCACAACCTGGTGGTGAAGGCGTTTCCCATGATCGTGGACAGCGGCGGCAATCGCACCACCTGCTACGACAGTCCCCGGTCGATCACCGTGCCCTTCAGCCAGTACTGCCCCCCTACGACATCCCTCTCCTGCACGCGGACCTCGAATTTCCTGGTCAAGTGCACGGGCAGCGTCGGCCAGGGCACCGGGTCGCACACCGCCTACTGGCAGGACTCCGTGCTGGCCGACACGAGCCCCTGGTTCCAGGGCACGCTCATCCAGAACTTCGGCTGCGAGGCGCGAACCGCCGAGAACAAGTACATGCCCCTCCAGTCGGTCACCTTCAACTTCAAGGTGCAGGACAGCAACGGGAACTGGTCGAACGTCAGCAGCAGGTCCTACTCCTGCGTGTCCTATCTCTGATGTCCCGTCCGAGGCTCGCCATTTCCTGGCGGGCCTGACCCCCTCCTCCGTCTGACCTATACTGCGCGAGGCGTGCTTTCGCGCCGCGGACGGGGGAGCCATGGACGTCGAGCAGTACCTGCGGAGGCTGGGATACGAGGGGTCTCGGGCGCCCACGCTGGAGACCCTGTGCGCGCTGCACCACCGGCACCTCGAGTCCGTGCCCTTCGAGAACCTCGATGTCCACAGCCGGCGCTCCATCGTCCTCGACGAGGCGGCCTTCTTCGACAAGGTCGTCCGGCGCAACCGCGGTGGGTTCTGCTACGAGCTGAACGGCTTGTTCGCCGCGCTTCTGCGGGCCCTGGGCTTCCAGGTGACGTACCTGTCCGGGCGGGTGTCACCGGACGGCATCCACCCCTCCGGCCCCGAGTTCGATCACCTCGTGCTGGAGATCTCCCTGGACGGTTCCTCCTGGCTCGTGGACGTGGGCTTCGGTGAGGGCTTCGTCGAGCCACCCCCGCTCGTTCCAGGGACGTGGGACTCGGGAGGGCTGCGGTTCCACCTGGAGCGGCTCGGGGAGGACTGGTCGCTCTTCCAGGATGTGCCGGGCGGCACGAGGAAGCTCCTCTACGTGTTCTCGCGGGGGCCGAGGCGGTTGGAGGAGTTCTCGGAGATGTGCCGGTACCACCAGACGTCGCCGGACTCGTTCTTCCTCAAGAACACGCTCTGCTCGCTCAAGACGACCACGGGGCGGGTGACGCTGAGTGGCAACCGGCTCATCGTCACCGACCGGGGACAGCGCGTGGAGCGGCTGCTCGCAACAGCGGAGGACATCGAGCGGGCACTGCTGGAGCACTTCGGAATCCCTCGCGGAGCCCTCGGCGTGGCCGCGGCTCCGTGAGGAAAGGAGCGCTCAGTCCTGGGCGCGCTCGTACTGGTGCGGCCAGGGCACGGTGACGTGGAGTTCGCGAGCCGCTTGCAGGGGCCAGTAGGGGTTGCGCAGCAGCTCCCGGGCGAGGATGACCACGTCCGCCTGCTCCGTGCGCAGGATGTGGTCGGCCTGGAAGGCGGAGCGGATGAAGCCCACGGCGCCGGTGGCGATGCCGGCCTCCTTGCGGATGCGCTCGGCGAAGGGCGTCTGGTAGCCAGGTCCCGCGGAGATCTTCACTCCCGGCACCAGGGCTCCCGAGGAGCAGTCGATGAGGTCCACCCCGTCCTGCTTCAGCAACTTCGCGAGCGCCACCGACTCGTCGAGGTTCCAGCCGCCTTCGGCCCAGTCCGTGGCGGAGATGCGCACGAAGAGGGGCAGCTCGTCGGGCCAGTGCTTGCGCACCGCCTGCACCACCTCGCGGGTGAGCCGCACGCGGTTCTCGAACGAGCCGCCATACCGGTCCGTGCGCTGGTTGGACAGCGGCGAGAGGAACTCGTGGAGCAGGTAGCCATGCGCGGCGTGGATCTCCACATGGCGGAACCCCGCGGCCTTCGCGCGCTCGGTGGCATCGACGAAGGACCGCACCACCCGTTGGATGCCCGCCTCATCGAGCGCCTCCGGCACGGTGTGCTCCGCGTCGAAGGGCACGGGGCTCGGCCCCACGGGCGTCCAGCCCTCCTTCTCGCTGGGAGAAATGGGGGCGCCGCCCTTCCAGGGCTGTGCCGTGGACGCCTTGCGCCCCGCGTGCGCGAGCTGGATGCCCGCCACCGAGCCTTGCTCGTGGATGAAGCGCGTGATGCGCGCCAGCGGCGCGATGTGCTCGTCCTTCCAGATGCCCAGGTCCTGCGGCGAGATGCGCCCGATGGCCTCGACGGCGGTGGCCTCGAAGATGATCAACCCCGCGCCACCCACGGCGCGGGTGCCGAGGTGGACGAAGTGCCAGTCGTTCGCGAAGCCGTCCTCGCTCGAGTACTGGCACATGGGCGAGACGACGATGCGATTCTTGAGGGTGAGCCCGCGCAGCGTCAGCGGGGTGAACAGCAGACTGCCCATGGAGCCTCCAGCTCAGGCCGAGACGTGCCGGAACAGCTTGCCCGCCATCAACAGCGAGAGTCCACCCAGCAGCACCGGCAGGGCATTGAGCTCGATGGCGAAGCTCAAGCTGCTCAGGTCCGCCACCTTGCCGATGGCGGTGGGCGAGATGGCATCGCCCAGCATGTGGATGAACAGCACGTTCAGCCCCATGGCGAAGGCGCGGAACGCCGGAGGCACGCCATTGACGATGGCCGCGTTGATGGGACCGCTGTTGAGGAAGATGAAGAACTGCGCCAGGAAGATGATGGCGAACATCGGCGCGTGCGAGTCCACCTTCATCGCGAGGAACATGAGGGGAGCCGCGACCAGCAGTCCCACGCCCGACATGCGCAGGCCACCGCCCTCCATCCGCCGGTCCATCTTGTCACCCAGCCAACCGCCGGCCAGCGTTCCCACCAGGCCCGCGGTGGCGGTGACTGCGCCGGAGCTGAAGCCCGCGGTCCCCGGGGTCATTCCACGCTCGTTGACGAGGAAGGTGGGCAGCCAGTACCCGAGCCCGCCGATGGAGAACGTCATCAGCGTGTAGCCCGCCGTGGTCCACCAGAAGGACTTGTTGTTCGCCAGGCCCTTGAGGCCCACGGAGAAGGGCAGCTTCGTCTGGGCCTCGGGGCCGTCCATGGCCCCGCGCTGGGGCTCGGGCATGAAGAAGGCCATGACGCCCAGCACCAGGCCCGGCGCGCCGCCCACGAAGAAGGCCATGTGCCACGAGTACGCCTCGCTCAGCCATCCGCCCAGCCCGTAGCCGGCCGCCGCTCCCACGGGGATGGCGATGTAGAAGAAGGACAGCACCCGCGTGCGCTGCTGGCGCGGGAAGAGGTCGGAGATGATGGACGGGGCCACCGCGCCATACCCGGCCTCGCCGATGCCCACGCAGGCCCGCGCC
NZ_CP137851.1_gap52	2390792	2391615	823	CGCTGGCGAAGTCGGAGAGCACCTGGAGGGTGGCCTCCAGGCCCTCGGGCGAGAGGCGGCGGCTCTTGTCCACGCCCCGGCCCAGGCGGGTGATTTCAGCGCGCTCGCGGACGGCCTGGAAGCGGCCATCCGGCAGGCGGTCGGCGACGAGCAGGAGGACCGAGTTGGTCCCCACATCGATGGTGGCGTAACGAGGCATTGCGCGGCAGCTTACTCAGCGTACCAGCGCCTCCAAAGTCTCGGCGAGCCGTTGGTACTCCGCGTGCGAGTTGTAGAGCTGGGCGGACAGGCGGACGTGGCGGTGGGGGGCCTTGGGCCAGGGGACGATGGGCACCTCGATGCGGTACTCGGAGAGGAGCCGGTCCTGGAGCGGATCCAACCCCAGCACCGAGGGCTCGGCCGGGAAGCCGTCCGGGAGGGGCACGGTGGCCATGGCGCCCACCATGTCCTCGGGGCAGCGGGGGACCACCTTGAGCCGCTGGCACAGGAGGGTCCGCGCCGCCAGCGCCTTGGCGTGGTTGTGGGCCATCACCTCGGGCCAGCCGCCGGGGAGCATGCCGCCCACGACCTCCAGCGCCTTGGGGATGCAGAGGAAGGGGGTGGGGTCATTCGTCCCGAGCCAGTCGAACTCCAGGCGGAAGCGCGAGCGGTCCGTGCGCCGCGAGTTGTACCCGTGGCTGATGACGAGGGGGCGGATGCCGGGCTGGAGATCCTTGCGCACGTAGAGGAAGGCGGCGCCCTTGGGGGCACACATCCACTTGTGGCAGTTGCCGGTGTAGTAGCCGGCGCCGAGCTGGTGCAGGGACAGGGGCACCTGCCCGGG
NZ_CP137851.1_gap53	2394763	2399139	4376	ACCAGTCGAGCGCGTCGATGCCGTCCACGAGCTGCTCGAGGTGCCTGGGCTGGCGCAGTGCGGTCCGGGCGCTCGAGTAGATGGCGCGAACGCGCCGGTTGGGGGCGCGTCCGAGCTCGAGGAGCAGTTGCTGGTAGAAGTCGTACCGAGCGACGCCGGTTCGGGCCGTCAGGTCATTCCAGCGCTGGCCCTTGGGAAGGGCCTCCTCCTGGCCGGCCTCCTTGGCCATCTTGAGGAAGAGGAGCTGGGTGAGCTCGGTGACGTAGTGGTGGTACGAGGTGCCGTCGTCCCGGAGGACGTCGCAGAGGGACCAGAGCCTTGCGACGCTGTCGCGGGTGTCCACGAAGTTTTTGGACATGGTCCGAGGGCCCGTGGATGTCCCCTGTGGACTACCGGCCCCAATCGGGCGTCAGCAGGGTGGCCTTCTCCTGGGCCGGCAGCGCGACCTGGTTGTTGCCATCGGCCGTCATCACGAAGAGCTGCGACCCGCCGTTGCGCGTGGAGGTGAAGAGAACCAGGCGCCCGTTGGGCGAGAAGGACGGCTCCTCGTTGTTCGCCTGGTCCTGGGTGAGGCGCGCCACCTTGCCGCTGTCCACGTTGACGGTGAAGAGATCGAACGCGTTGCGCTCATCGCGAGCGGTGAAGGCGATGAGATCGCCCCGGGGAGACCAGTCCGGCGTCTGGTTGTAGTTGCCCTGGAAGGTGAGCCGGCGCACGCCGGAGCCGTCCGCGTTCATCACGTACACCTGCGGCGAGCCGCCCCGGTTGGACACGAAGGCGATGCGCTTGCCATCCGGCGACCACGAGGGGCTGGTGTTGATGCCGAAGCGCGTGTCCGTGAGCTGCTTGGGCTTGTCGCCATCCGCCTCGGCGACCCAGATCTGCGTGCTCTCACCCGAGGCGAGCGAGTACGCGATGCGCTTGCCATCCGGCGAGAAGGAGATGCCGGTGGCCATCTGCCCCTCGGACGTCTTGATGCGCGCCGTGTTGCCGTCGGGCCGGCGGATGTAGATCTCCGGCTCGCCCTGCTGGTACGAGGTGTAGCCCACCGCGCCGTCCGGCCCGAGCGAGGGCAGCAGGTTGATGCCGCCGCGGGTCACCTGCTTCGCGTTGCGGCCGTCCCAGTCCGCCACCCAGATGTCGCGGTTGTTGCCCGTCTTGCGCACGTAGGTGATGCGCGAGAGGAAGGGGCTCGGCTCGCGGGTGAAGTGGCGGTAGATGGCGTCGGCGAGCTTGTGGGCCACCTGGCGCGCCTCGGCGGCGGGGGCGCTCTGGGCCGTCTTGAAGTCCTCGCGGCCGGTGCCCACGTTGAACACGCGCGCCTCGGCCTTCAGCTCGCCGCCCTCCTGGGCCAGCGAGTACTTCACCAGCGACTCGGCGCCCACGTCCGCCCAGCGCGAGAAGTTGATGCTGCCGGCCGCCATGCCTTCCTTCGCGTCCGCCAGGAAGCTGCCGCGGTCCAGAATCTGGAAGATGCCGGAGGCGCGCAGGTCATACATGAAGGCCTCGTCCACCTCCTGGGCGGACGCCTTGGCCTCCTCGCCCTGCACGAGCGGCGCGGTGGCGGCCAGGGGCAGGGGCCGGAAGTTGGCACCGGAGATTTGAATGACGGGCGCCTGGGCGAGCGCCGCCACCGGCAACAGGAGGAGCGAGAGGAAAAGGGCTTTCGCGTTCACGGGCTGAACTCCAGGACGATGCCGCTCTTCTGCAGCGTGTCCCGCAGATGGTCGGGGGGAGGAGAGAAGGGAGAGGCCTTCTTCACCGCGGCCAGTACGGCCGAGTCGAAGAGATCATTGCCGCTGGCCTTGGCCAGCCGCGTATCGATGACCTCACCGGTGCGGTTGAGGCGCATGGCCACCTGGGCCTTCAGGTACAGACGCTCGTTGTCGGGGATGGTGTCCGCGACGTTGTAGTGGCGGCGCACCTGCGAGGAGAGCAGGCCGAAGTAGCGCTCGCCCTCGGCGGTGGCCGAGTCGCCGTTGGGGTCGCCGTCCTCGGCGCCGTCCAGATCCTCGTCTGGTTTCGACTTGGAGAGCTTGTCGAAGGCGCCGAACAGCTTGTTGCGCCGGTCCTCGCCCTTCGTCTCGCCCTTCTGGGGCGCGGGGGCGGGGGTGGGCTCCGGCTTCACGCCGGGGATGGGCACGGCCACCTTGGCCGGCTCGGGCGCGGGGGCCGTGGGAGTGGGCGGTGCCTCCACCTTCTTGGGCGGAGGCGGAGGCGGCTGTTCCTTGCGGGGCAGCAGCTTCTCGTCCCGGGGCTTGCCCAGGCGCACCAGCGTGGCGCGGATGGGCTTCTGGTCCAGTTGCACCCGGGGGCCCTCGACGAAGGCGTTGTACAGCCCCACGGCGAGCAGGATGAGCGCGTGCCCCCCCAGGGACACGCCGAGGAAGCGTCCCAGGCGGGAGCCCCTCGGTGCGAGCAGACTGTGATTGACGGCCGGGTGCATGGGCTAGCGCTTCGCTTCCTTCGCGTCCTTCTTGCCCTTGTTGGACGCCCGGCCCCCGGCCGTGGGGTCCGTGATCATCCCCACATTGCTGATGCCGGCGCGCTGGGCGGCGGCCATGACGTCCACCACCACGCCGTACGGCACGTCCCGGTCCGCGTGCAGGTACAGCTCCTTGTCCGCCTGCGCCTTGGCGTTGGTGGCCAGCTTCTTCTCCAGCTCGTCCACCGCCACCTCGGCCTCGCCGATGTAGATGCGACGCTGCGCGTCGATGGACAGCACCAGCTTCTTCTCGGCGGCCTCCACCGGGGCGGCCTTGGCCTCCGGGAGGTTCACCTTGACGCCCTGCTGGATGAGGGGCGCCGTCACCATGAAGATGATGAGCAACACCAGCATCACGTCCACCATGGGCGTGACGTTGATCTCACTCATGGTGACGCGGCCACCGCTTCCGCGATTGGAGCCCATGCCCATGGCGCGTGTCTCCTAGCGGAAGAAGTGCCGCTTGATGATGTTGAGGAAGTCCGCGGAGAAGTTGGCCATCTCCGTGTCGAACACCTTGATGCGGCTGACGAACGAGTTGTAGGCCACCACCGCGGGGATGGCCGCGAACAGGCCGGCCGCCGTGGCGAACAGCGCGTTGCCCACCGGCGCCGCCACCGTGGCCAGGGTCGCGTTGCCCTGCTCGGCGATGGAATTGAAGGCGTTGAGGATGCCGATGACCGTGCCGAACAGGCCCACGAAGGGCGAGGCCGAGCCCACCGTGCCCAGGAAGGACACCCGGTGCTCCAGGTCGGTGAGCTGCGTGGTGGACGCCCGGTTGAGCGCCCGCTCCACGTTCTCGATGCCCCCCAGCCGCTCGGCCATGGCGCCCTCGGCGCCCTCCTTGTGCTGGGCCAGCTTGCTCAGCTCCTCGTACCCGGCGCAGAACACCTTGGACAGCGGCGAGCCGTCCAGCTTCTGGGCGTCCTGGTAGATGGTCTCCAGCCGGGACGCCTTCCAGAAGGAGTCCAGGAAGCTGAGGGACTGGCTCCGGGCCCGCGACAACTGGGTGTGTTTGAGTGCGATGAGCCCCCAGGAGGCCACCGAGACGCCCATCAGCAGGCCCAGCACGCCCAGCTCCAGGAGGGAGGCGTCACGGAGGATCTGCAGGTAGTTCATGGCGCCGAGCGCCGGGGGGAGGTGGGGCAGCATCATGGGGGTCAGGCCGTAACATCCGTGTCCGGGGTGGTCAAACAAACCCGGTGGGGGGGAGGGGGCTGGCGGGAGATAGTTGCCGGGCTTTGAATAAATTCCCCAAGGGGGCGTCCGAGGGGGTGTGTGACGGGCCGGATGCCCGTCCCCCCCTCCCTATCGACGTAGAATCGAGGACCTCCCATGAACGCCAGAATCCTCACAGCATTCCTCTGTCTCACGGCCGCCAGCACGGGCTGCATCATCGTTGACGGTGACGGTAACGGTGGTGGTTACCAGCAGGGCTACGAAGGCGATGTCACCTTCCTGTGGACGTTCGCGCCCAATGGCCGCTGCGCGGATGTGCCGGATGTGAAGAACATCCAGATCGCCATCCCCGGGGAGTCGCTCCACAACAACGGCGTCTACGCCTGCAACACCGCTGGAGTGGATGGAATCGTCCTGCACGACTTCGCGCCCGGCAACTACCCCTACACCGTCCGGGCCATCGGTTATGACGGCGACACCCTCTTCGAGGGCCGGGGCACCTTCACGGTGAACGGGGATGTGCGGGTGAACATCGACCTGACGCCCAACGGGATGTCCTACGCGCTGGTGTCCTGGGCCTTCCCGCCCAACACCTACAGCAACAACCCCTCCTGCTCGCAGGCCGGCGTGAGCTACATCAAGGCGCAGATCGACGGCGGCGAGTGGGTGACGCTGAACTGCGCGGACGGCATGTCCAACGGGGGCGTGGAGA
NZ_CP137851.1_gap54	2401833	2403046	1213	AGGACTCGGGCGTCAACAACCCCCACATCATCACCCACCTGTTCGTGGGGGGGAACATCCTCGCGTCCAAGAAGACGTCGTACGCGGACATCCTCAACGCCGAGAACCTGGGCGAGGTGGTGCGCGAGTTGATGGAGGAGCAGCACAAGGAGATGCTGCGCAACCTCATCAACGGGGTGTACGACGGCTTCGACACGTCGGGCGTGCGGCACTACCAGCCGGGTCAGTTGGGCACGGCCGAGGACGCCGCGCAGGCCCGGCAGGTGGCACCAGCGGCCAAGCCGCAGCCGGCCCCGCCGCCGGGTGCCTTCGTGCCCCCGGAGATCGCCGCGGCGCGCGCCCTCAAGGTGGCGCCGAAGATCAACGAGGTGGGCGTGGAGACGCTCTTCGGAGAGGACCTCATCTCGGAGAAGAGCCTGGACGAGGTGATCCTCAGCTACCTGGCGGGCGAGGACAACAACCAGTAGTCCCGCGCGGCCGTGCTCAGCCGAGCACGAAGCGCACCCAGACGAGCCCGTAGACGGTGAGGAGCGCGGCGGCCAGCAGGTCCAGCGGCAGCCCCACCTTCATCATCGTGGGAAGACGCACGTAGCCGCTGCCGAAGACGATGGCGTTGGGCGGAGTGCCCGCGGGCAGGGCGAAGTCGCACGACGCGGCGAAGGTGCTCACCGCGAGCAGGGGCAGCGAGCCGGGCAGCACGTTGAGGAGCACGTTCACGGTGGCGGTGTTGGAGGCCACGGCGGACAGGAGCACGGTGGACAGGGCCACGGCGCCGTACTGGGCGGTGGGGCCCAGGGACTCCAGACCTTCCAGGCGCGCGGCCATGTACGTGGAGAGCCCGCCGCCCTCGATGCCCGCTGCGAGCGCGAAGCCGCCTCCCAGGAGCAGAAGCGTGTCCCAGGGGACGCGGGCCAGGGCCTGGCGCGACAGCCGGCCCAGCAGCACGAGCGTCCCGGCGGAGAGCAGCGCCACGCCCGCCTCGTAGTGCTTGCCCAGCAGCTTGAAGCCTCCGAAGGCCGAGGCCACCCAGGGCGCGAGCACGGGCCGCAGGAAGTCCCCGCCCATCCACAGCACCGCGGCCACCAGGAAGACGGAGCCCACCACCTTCTCGCCGCTCGACAGGGGCCCGAGCGCGGACAGTTCCCGCTGGATGACGTCCACGCCCTTACCGGGGCCGAGCGCGTCCCGGCGGCCCATGCGCCACAGCATCCAC
NZ_CP137851.1_gap55	2522093	2524508	2415	CTCTCCGAGAAGGAGAAGGCCCTGCAGGCCGAGCTCACCCTCTGGTTGGCACCCCATTGATACGCGCACGCGACATCGTCAAACAGTACCGGGATGGAGACGGCACCGAGGTGCGCGTCCTGGATGGGCTCTCGCTCGACGTGGTGGACGGTGACTTCGTCGCCGTGGTGGGTCCGTCTGGCAGTGGCAAGTCCACGCTGCTGCACCTGCTGGGCGGCCTGGACGTGCACTACCAGGGCGACGTGGAGGTGGCCGGCGTCAAGCTGTCCGGCCTGAAGGACAAGGAGCTCGCGCGCTTCCGCAACCAGCACGTGGGCTTCGTCTTCCAGTCCTTCCACCTCATCCCCAACCTGTCCGCGGTGGAGAACGTGCTGATGCCCTCGCACTTCGGCGCCGCGTCCCCCGAGGCCCGCAAGCGCGCCGAGTCCCTGCTCGACCGGGTGGGTCTGCTGGCCAAGAAGGACCGCGCCCCGGTGCGGCTCTCCGGCGGCGAGCGGCAGCGCGTGGCCATCGCCCGGGCGCTCTTCACCGGCCCCCGGCTGCTCCTGTGTGACGAGCCCACCGGCAACCTCGATGCCGCCACCGGCGCCGGGGTCATCACGCTCTTCGAGGAGCTGAACCGCGAGGGCATCACCCTGCTCGCCGTCACCCACGAGGACCGGATGAGCTCGGCGGCCCGGCGGGTGCTGCGCCTCAAGGAGGGCCGGCTCGTCGAGGAGACCCGGCCCGCGCTGGCGGGAGGTGTGTCATGAGGATGGCGGCGCTGTCCCAACTGGTGCGGCTGAGCCTCGCGCGCGAGCGGCGGGGCGCGTTCTTCTCCGCCTTCGGCGTGGCCATGGGCGTGGGGGCGCTCGTCTTCTTCGTGGGTCTGGGCCTCGGCGTGGGCCGCGTCATCCGCGAGCGCATCTTCCCCAATGACGCGCGGCTGGTGGACGTGGTGCCTCCCGCGGTGTCGCTCGGCTCGTTCCTCGGGGGCGGCAAGCTGGACACCCCCATGGTGGAGCGGCTCCAGGCGCTGCCCGGCGTGGAGAAGCTCTACCGGAAGATGAGCGTGCGCGCCCCCGCGGCGAGCCTCTACAACGGTGACTTCTTCGGCCGGAAGATGCGCATGGGCATGGACGTCCTCGCGGTGGGCGTGGAGCCCGGCCTCGTCGAGGGGGACGTACAGCTCGGCAAGTTCGTGGACCCGGGGCCGGGCCAGCCGCTGCCGGGCCTCATCTCCACGCGGCTGTTGGAGATCTACAACAACACCTTCGCCCCGGCCCGCAAGCTGCCCACGCTCACCCCGAGCCTGCTCGTGGGCTTCACCCTCCCGGTGGACTTCAACCGCTCCTATGTGACCGCCCCGCTGCCCGACGTCGCCGTCATCTCGTCCCAGGTGCAGGTGGTGGGCGCCTCCGACCGGGCGCTGCTCGCGGGTGTCACCATTCCCCTGGACGCCGCCATCCGCCTCAACCGCGAGATGGGCCAGGACGCGGAGACGTACTCGGGCATCACCCTGGTGGCCACCAGCCCCGGCGCGGTGCCGGGCATCATGGCGGCCGTACGGGAGATGGGCCTGGAGATCGACGACCAGGAGCGGCGGCTCGCGGAGAACGTGGGCGCGGCCGTCACGCTCACCACGTCCGCGCTGGCGCTGCTGTCCATCCTCATCTGCGTGCTCGCGGCGGTGAACATCGCCCATGCGCTGAGCGCCTCGGTGCGCGCGCGGGCCAAGGAGATCGGCGTCATGCAGGCGGTGGGCGCCTCGCGCTCGGATGTGCGCAACATCGTCCTGGCCGAGGCCGGAGTGGTGGGCGTGGCTGGTGGCTTCCTGGGCACCGTCTCCGCGCTCCTGCTGGCGCTGCTCATCGACCGGCTCGCCGTCTCCTACCTGCCGCAGTTCCCCTTCAAGCCCGAGAGCTTCTTCTCCTTCCCCTGGCCCGTGGTGGTGGGGGGCGTGCTGCTCGGGCTGCTGGCCGCGGTGGCCGGCGCCTGGTTCCCCAGCCATAGGGCCGCCGCCACGGACCCCGCACGCACGCTCGCCGGATGACGCGGCCCTCCCTCAAGACGCTCCTCGGCAACGCCGCCAGTCTGGGGGCCCTCGGGTGGCTCTATGGGCGCGACCTGCTGGACGCCCTGCGGGCCCGGAGCGCCGAGGTGTCCGCCTTCCCGGAGCCACCCCTGGTGGTGTGGCCCGCCGGGGTGCTGGCCGCGACCGTGGGGGTGCTGGGCGTCGTCCTGTGGGGGCTGGTGCGCGGCAGGGGCGAGGACTTCAAGGGGTACCGGCTGTTGCCCATCCTCCTGCTGTGCTCCCTCTTCGTGGACCTGGTGCGCGTCGAGGACGAGGTGCCCAGGCGCTCCGAGGACCAGGCGGCCCTGGTGCTCCGCTACGTCGAGGCGAAGGCCGAGGCGCTGTCCGATGGACGCACCGTC
NZ_CP137851.1_gap56	2649457	2650779	1322	CGCCCGGTGGTGACAGCCGGGGCCGCGCGCAAGGTGGCGTGAGCTTCCTGGAGGGATGAGTCATGGAGGTGACGCGAATCGAGCGCCCTGGCGCGAAGACGCCAGGGCCGGAGAAGACGGTGGCGGTCCGGGTTCCTCGGAGTCCGCCGCCAGAGCCAGCGAAGAGGCCGACGTACCCGGAGCCGGTGAAGGGCCCGTCTCCAGTCTCTCTGCCCGTGGATCGGATTGCCCTGGTGGCGCTGGTCTTCGGGCGGGAGCGGGCGGGGGCCCTGCTCGAGGGATTGAGGGAGCCCGAGGCTCGGCAGGCGAAGAGCCACCTGGCCGGTTTCACCGCGCTCTCCTCGGCGAGGCGGCAGGCGCGGGTGGCGGTGGAGTTCGGTGTTCGGCCGGATGCCGCTGCGCGGCTGCGGGCGGCGATGGAGGATGCTCCAGAGGTACTGAGACGGGAGCTCTTCCGGAGGCTGCCGCCCTATCACCGCGGCCTCTTCCCGGAGCGCCAGGTGGAACCGCCCGACGCGGCGGCCACCCCGGCGGTGTGTGCGCTGGCCGAGCGGCTCCTCCGCGAAGCCACGCGCTGAGACACCCCGTCCCGAGCCGGGACGGCCCCTGACATCCAACCCCTCGTTTTCGCGGGCACGGCCGTTGGCATCGGCCGTGAACAGGAGCGGTGCGTCCGCGGCACGGAGCGAACCATGCAGAGTCCTTTCGGAGAGAGCAGCCAGTCCACGACGTTGAAGCCGATGAAGCTGCGCCGGCTCGGCACGCGCCGATTGGCACGGGCCCATGTGACGCTGCACGAGCGTCCCCAGGTGGCGCGGCTCGCGCGGCAGGCGTTGCAGAGCGTGTGCGAGGCACTCGGCCGGGAGCTGGGGTGCTCCGTCCGAGCGGAAGCGCGATTGCTGGAGGCGGTGGTGATGCCGGCGGCGGGGTTGGCGCACACGGCGGCCTTCGCCCTGGTGGACCTGTCGGCGACGGGAGGGATGGGGGTACTGGAGTTGGAGCCGCCGGTGCTCTTCGCCGCGCTGGAGCGCCTGGCGGGGGCGGGGACGAAGCCCGGCCCCATCACGGAGCTGACACGTCTGGAGGAGGCCTCCTTCGCCTTCCTGGGCCTGTCGGCGCTGTACGCGCTGCGTGGCCAGCCGGAACTGCAGCGGAGGTTCGGTCCGCGCCTCGCCGGGGTGACGATGAATCGCACGGAGGCGTTGGCGCGCCTTGATGCACGGCAGCGTCACCTGGGTGTGGAGCTGACGGTGACGGTAGGGCAGACGACGGCGGGGGGGAGGTTGGTCCTGCCCGCGGTGGTGCTCGAAGGGGCGCTGAGG
NZ_CP137851.1_gap57	2699718	2701504	1786	GCGCCAGAAGCCGGACGTGGTGGTGGGCGTGGGCGGCTACGCCAGCGGCCCGGTGGTGCTCGCCGCGGCGCTGATGGGCATCCCCACCGCCGTGCAGGAGCAGAACGCGCTGCCGGGGCTCACCAACAAGGTGCTGGGCAAGTTCGTGCGCGTCGTCTTCACCGCCTTCGAGGACGCCGCCCGCTTCTTCCCCTCGCGCAAGGTGCAGCTCGTGGGCAACCCCATCCGCCGCAAGCTGATGGAGAACTTCCTGCGCTCGCGCGTGGCGCACGAGAAGTTCTCCCTGCTCGTCTTCGGCGGCAGCCTCGGGGCCCGTGGCATCAACCAGCGGATGATCGACGCGCTGGAGCACCTCCAGGACATCAAGGACCAGCTCCACATCATCCACCAGACGGGCAAGAACGACCTGGAGACGGTGCGCAAGGGCTACGCGGACAAGGGCTTCGAGGCCCAGGCCCAGGTGGTGGAGTACATCGAGGACATGTCCAACGCCTACGCGAAGGCGGAGCTCGTCGTCTGCCGGGCGGGTGCCACCACGCTGTCGGAGCTGACGGTGGCCAAGAAGGCCAGCATCCTCATCCCGTTCCCCTTCGCCACGGACAATCACCAGGAGGTGAATGCCCAGGCGCTGGTGAAGGCGGGCGCGGCCCTCATGTTCCGTGAGTCGGAGCTGACGGGGCAGCAGCTGGCCACGGAGATCCGCCGCCTCAAGGACGACCCGGAGAAGCGCCGCCAGATGGAGAAGAAGGCCGGCCTGCTGGGGCGCCCCGAGGCCGCCAAGGAGCTGGCGGACGTGCTCGTGGACCTGATGGTGAAGACGTACGGTCCCTTCGGCCGGGCCGAGGCCCGCGGCGAGGACCCCAACCCCAAGAAGCCCAAGAAGACCAACGGCGGCGAGAAGCCACCCGGCGGCGGCGAGACGCCGGCTGGCGGCAACGAGAAGCAGGTCTGAGGAGATGACATCCGTGACGAACACCCGCCCCGCCAGGCCCGCGAGCCTCTTCAAGACGCGCCACGCCGCGCATGTGCACTTCGTGGGCATCGGCGGCATCGGCATGAGCGGCATCGCCGAGGTGCTGCTCAACCAGGGCTACAAGGTGTCCGGCTCGGACCTCAAGGCCAGCGACATCACCCGCCGCCTGCAGGGCATGGGCGCCACCATCTTCGAGGGCCACCGCGCGGAGAACCTCGTCCACGCGGACGTCGTCGTCATCTCCTCGGCGGTGCGCAAGGACAACCCCGAGGTCGTCACCGCGCGCCAGCGGAAGATTCCCGTCATCCCCCGCGCGGAGATGCTCGCCGAGCTGATGCGGCTCAAGTACGCCGTCGCCGTCGCCGGCAGCCATGGCAAGACGACCACTACCTCCATGGTCGCCACCGTCATGTCCGCCGCGGGCCTGGATCCCACGGCCGTGGTGGGCGGCAAGGTGAACGTGCTCGACTCCAACGCCAAGCTGGGCAAGAGCGAGCTGATGGTGGTGGAAGCCGACGAGAGCGACGGCAGCTTCCTGCACCTGCACCCGTCCATCACCGTGGTCACCAACATCGACCCGGAGCACATGGACCACTACGGCACGCTGGACAACCTGAAGGACGCCTTCACGGCCTTCTGCAACCGCGTGCCCTTCTACGGCCTCAACGTGCTGTGCCTGGACAACCCCAACGTCCAGTCGCTGCTGCCCCGCCTGGAGAAGCGCTTCGTCACCTACGGCAGCTCGCACATGGCGGACTACCGGCTGGAGGGCATCCGGCTGGAGGGCTTCACCACCCGCTTCGAGGCCTTCCG
NZ_CP137851.1_gap58	2704892	2707830	2938	CCTGGAGAACCGGGCTCGGCCCGGCTGGGTGGCGGTGAAGCTTTCGAGCCCCGCGTCCGAGAGGAGCGGGGCCTCGCAGTAGGAACGCGCCCCTTTCACGAGAGTGGGGGGCCTGGGAGGGTTGTCATGGCGAAGCAGAAGTCCGGGGAGATCATCGTCGGCCTCGACATCGGCACGACGAAGATCTGCGCCATCGTCGGGGAACTGACCGACAGCGGGATCGACATCATCGGCATCGGGACGCACCCGTCGAAGGGTCTCCGCAAGGGCGTGGTGGTCAACATCGAGGCGACCGTGTCCTCGATCCGCCGCGCGGTGGAGGAGGCCGAGCTGATGGCCGGCGCGGAGATCTCCCACGTGTACACCGGCATCGCCGGTGGCCACATCAAGGGCTTCAACTCGCAGGGGATTGTCGCGGTGAAGGACAAGGAGGTCCGCGAGCCGGACATCGCGCGCGTCATCGACGCGGCGAAGGCGGTGGCCATTCCCCTGGATCGGGAGGTCATCCACGTTCTGCCGCAGGAGTTCATCATCGATGACCAGGGCGGCATCAAGGAGCCGCTGGGCATGGCGGGCGTGCGCCTGGAGGCGAAGGTGCACATCGTCACGGGGGCGGTCTCGAGCGCGCAGAACATCGTGAAGTGCGCCAACCGCACGGGCCTGAACGTGTCGGACATCGTGCTGCAGCCGCTGGCGTCGGCCGAGGCGGTGCTGGGCGAGGACGAGAAGGAGCTGGGCGTGTGCCTCGTCGACATCGGCGGGGGGACGACGGACATCGCCATCTTCTCGGGCGGGTCCATCGTGCACACGGCGGTGATCGCGCTGGGAGGCAACAACCTGACGAGCGACATCGCGATTGGCCTGCGCACCCCGGCTCACGAGGCTGAGCGCATCAAGCAGAAGTTCGGTTGCGCGCTGGCGTCGATGGTGAACAAGGACGAGACCATCGAGGTGCCGAGCGTGGGTGGCCGGCAGCCGCGGGTGCTGGGGCGGCAGATCCTGTGTGAGATCCTGGAGCCGCGGGTGGAGGAGATCTTCCAGCTGGTGCACCGGGAGATCCAGAAGTGCGGCTACGAGGACCTGCTGGCCTCGGGCGTGGTGATCACGGGTGGCTCGACGCTGCTGGCGGGGATGCCGGAGCTGGCCGAGGAAGTGATTGGCCTGCCGGTGCGCCGGGGAATGCCGCGCGGGATTGGCGGGTTGGTGGACGTGGTGAAGAGCCCCATGTACGCGACGGGCGTGGGCCTGGTGGTGTACGGGGCGAAGCACCTGGACCGGCGGATGTTCCGGATCCGCGAGGAGAACGTCTACAAGAAGGTCAAGGGCCGCATGCGCGAGTGGCTCGAGGAGATCTTCTAGGCAGTTCCCGCAGATTCGCAGTACCCCCACCGGGGCCGCTCTCCTCCCAGCGGCCCCGGTTTTTTCTGGATGACTGTCATTCGGCAGTATTCGTGCTGCTGGGATGCACGGGGTACAAGGCGTACCGGAGGCATAGGCCAGAGTATGTGGTGGCGGACTGCGTCTTGATTCGGAGATGGCTCTCGTTTCAGCACAGGCCTGCCGAGTTCAAGCGGGCACTTCAATCCGGACTGCCAATCTCATGGGGCGGGACATTCGGAGGAACCGCGACCTTTCCCTTATAATACCCACTACGATACTTCGTGGTCAGACTGCTCTGCAGTCGTACAAGGAGCCAGAGGAAGAATAGAATGGCTAATGATGAGGATGCTCCCCGTGAGTACGTTGAATACTTCAAGCAGTACAACCTTATGCTTGGAAAGCGACTTGGATGCGGATCATCGGGGAATGTCTATCGAGCAACACAACCGAAGCTGGCACGGGAATTAGCAATCAAGTTTTTTGATCATCCCAGCCGGAAGTCCGATGCGGTCGGTCGAAAGCGATTCGAGCGCGAGGCTAAGCTTTTAGCCAAGTCTCAGCATCCCGCCATTCCCTTTGTGCTCTCTTGTGGCAATGCGACACTGACGGGCGTATCAGTGCCATATATCATCATGCAGTTTATCGATGGCCATGGGCTTGATGAAATCATCAGCAACGGGAAGCAAAACCCCAAGACGGCCACGTCGTATGTAAAACAAGTCTTGGGTGCCCTGGCATGTGTTCATCAAAATAGCATTGTTCATAGGGACGTTAAGCCTGAGAATATATTGGTTTCAAAAGCCGGACACTGCTACCTGATTGATTTCTCGATAGGTGTCAGCTTGAGTCCTGCTCCAGGGCTCACCCGTATTACAGATGGTAAAAGGACTCCTGCTACTTGGCTCTATGCGGCCCCCGAGCAAATTTCAGGGAAGGATGTTGACCGTCGGGCTGATCTCTATTCGCTGGGGCTTGTTCTCTTTGAGTTGCTTGTGGGGCGTAGAATTAGCAGGCCTGAGCTTGTAGAGGCGGATTTATTGCAACTCTCTCCATTTTTCAGAGAACTGCTGCGTAAGGCATGTCACTCTGAACCAACGAAGCGTTTTCAGGGAGCGAATGAATTTAGGGTAGAGTTGGAGCGCCTGGAGGTTGCTGGAGTTGATCGAGTTGAGCCAGGCGATGCTCTTTGCTTGAATGTACGTTGTCCAACAACGCGGTGGGGAAAGGGTGGGTGGTATGAGGGTCCTGGTATTATAAGAAGCACACATAAGCCTTTCTGTGGGGCGTGCGGAAGCCGGTTGGCGTATCCCTGTGAGCGCTGTGGGGCCGAGTTTAAAAATAGTCAATATTGTGCGGATTGTGGAAATCAGAACTATGATTTTGTTTGGTGTGATAAGTGCGGTACGTTGCTGAATAGGAAAGATAGATATAAAAATACGGCTGAAGAAGGTTGCTCCAATTGTCCCGCGGATGATGGTATACCTTTCTGAGGGCAATGGAGTACTTCGGCTCCCTTCAGGGGGGGGCTTGTTGCCCGCCCGTACGGTTTGTAGTCTTG
NZ_CP137851.1_gap59	2714996	2716767	1771	TGGTCCGACAGGACGACGACCCCCGTGTCCGCGTCCGCCGAAAAGCCGATGAAGCCGGCGTAGCCGCCCGTCACCGCGGAGCGCCACACCACGGGCCTGCCACGCACCTGGGAGACCTTCCACCCCAGTCCCACGTGCCCGCCGCGGGCTTTCGCGCGCGGCTCGTGTGTGAGCCGCAAGGCCCGGCCGAGCCCGGCCTCCTCGTGGCCGAGGTTCGCGTCGAGGAAGCGCAGCAGGTCGGGCACCGTCGAGCGGACCGCCCCCGCTCCGGGCAGCGCCGGGAAGGTCCAGCCCGGCATCGTCTCGCCCCGGGCGGAGTGGCCGGGGATCAGACGCCGCTCCTGCTCCTCGGAGAGACGGACGGCGGTGGTGTTGCTCAACCCCAGCGGCGTGCAGAGCAGATCCCTCACGGAGTGTCCGTAGTTGAGCTTCATGCGCCGCGAGAGCGCGTGACCGAGCACGCCCAGGCCGATGACGGACTCGGTGTGCTTTCGCGGAGGCGGGTGTTGGGGGCGGTAGCTCCTCATGAACGCACCGAAGAGCTCCGCGGTGTAGTGCCCGTAGGGATCGGCCGGATTCAGCTGGGGCGTCCGCAGGTTGGGCGGGACATGCGGCATGCCCGAGGTGTGCGTCGCCAGTTGCTCGAGGGTGATGCGGCCGGCGGTCTCATCCGGGAGGAGCGGCAGGGGGATCAGCTCCTTCAGCGGCGTGTCGAGCCTCACCTCGCCGCGGTCCACCAACAGCGCGAGCAGGCTGCCCGTGAAGATCTGCGTGAGTGCACCCAGCTCGTACAGGGAGTCCTCCGCCGGGGGCGGCCCGTCACCGCGGAGGGCCTTCACGTGGTGTGCGCCGTGATGCGTGAGGCCCACGCACAGCGCTGCCGAGGGGTACGCACGCAGGTAGCGCCGGGTGGCGTGGAGGATGGCGTCGGCGGGCGAACCAGGGGATGGGGGCGGGGACATGGGGCTCACCAGGTGACGTCGATGTCGAAGTCCTGCTCGCGGAGCATCACCACCGTGGTGGTGGGTTTGACGCCCGTCCTGCCCAGGCCCGCCTCCAGGAGGCCGGCGATGAGCTCGGGCTTGGCATCCGGATCGTTCCGGATGGAGACGCGGTACTGGTGCGGGCCGAGCGGCTGCACCTTCACCTCGTAGCGGAAGGTGTCGAGCGCCAGGAGGCTGGGGATACGCGCCATGAGGCGATCCGGGCCGAGCATGGTCAGGCCCATGTCCACCACCTTGCCCATCCACGTCTGCAGGAAGCCCAGTGCGAGCTGGCGGCCCATTTCACGGTAGGCGGCCTCGCGGGTCCACCCGGGGTAGCAGCGGCGCCACGCCACCTCGAGCGCCGCGTTCCACACCTCGATGGGGTAGATGGCCTTGGGGTGGTGCGGGTCGTAGCCACACGCCCGGAGCTCTTCCGCGAAGGGTCCACTCGCCTGGAGCGAGCGGACGAACAATCCCTCGAAGAAGCTGCCCTGCGTGGCGCGACCTGAGAAGGAGTCCTGCTTCATGCACGTGCCGAGGGCATGGGTCCCTATACAGGACCGCGTGCTCCCGGAACAGGGCGCAGGAAGCGCCGCCTTCCGCGGGCCGTGAAATGGTAGGGTGCCGCCTCCCGATGCCCGCTGGTCCCGACCTGTTCGCCGCTTCCGTCGATGTGAACCGCTTCGCGCCGCTGGCCGAGCGCATGCGCCCGCGCACCCCCGAGGAGTTCATCGGGCAGTCGCACCTGCTCGGCCCTGGCGCGCCCCTGCGCCAGCTCATCGAGC
NZ_CP137851.1_gap60	2721159	2722390	1231	TGGATACGGTGGCCATCACCGTGACGCCGGTGAATGACCCGCCGACGGCCGCCAATGACAGCCTGACGGTGGCGGAAGACAGCGCGGCCACGGTGGTGAACGTGCTGGCCAATGATTCCATTGCGCCGGACACGGGGGAAACGCTGGTGGTGACGGCGGTGTCCACGGCGGCCAATGGCACGGTGACGCTCTCGGGGGGCGTGGTGCGCTTCACCCCGGCGGCCAACTTCAATGGCACGACGAGCTTCACGTACACGGTGTCGGACGGCAACGGTGGTACGGCCACGGGCACCGTCACGGTGACGGTGACTGCGGTGAATGACCCGCCGACGGCGGCCAATGACAGCCTGACGGTGACGGAGGACAGCGCGGCCACGGTGGTGAATGTGCTGGCCAATGACTCCAGCGCGCCGGACACGGGCGAGACACTGGCGGTGTCGGCGGTATCCACGGCGGCCAACGGCACGGTGACGCTGTCCAGCGGTGTGGTGCGTTACCAGCCCAATGCCAATTTCAACGGCACGGACACGTTCACGTACACGGTGTCGGATGGCAACGGAGGCACGGCCACGGGCACCGTCACGGTGACGGTGACGGCGGTGAACGACCCGCCCACGGCAGCCAACGACGCGGTCACGGTGGCGGAGGACAGCGCGGCCACGGTGGTCAACGTGCTGGCCAACGATTCCAGTGCGCCGGACACGGGCGAGACGTTGTCGGTGTCGGCGGTGTCCACCGCGGCCAATGGCACGGTGACGCTCTCGGGTGGTGTGGTGCGCTACCAGCCGAACGCCAACTACAACGGCACGGACACGTTCACGTACACGCTGTCGGACGGCAACGGCGGTACGGCCACGGGCACCGTCACGGTGACGGTGACGGCGGTGAACGACCCGCCCACGGCGGCCAACGACAGCGCCACGGTGGCGGAGGACAGCGCGGCCACGGTCATCAATGTGCTGGCCAATGACTCCAGCGCGCCGGACACGGGCGAGACACTGGCGGTGTCGGCGGTGTCCACCGCGGCCAACGGGACGGTGACGCTCTTGGCCGGCGTGGTGCGCTACCAGCCCAATGCCAATTTCAATGGCACGGATTCGTTCACGTACACGCTGTCGGACGGCAACGGTGGCACGGCCACGGGCACCGTCACGGTGACGGTGACGGCGGTGAACGACCCGCCCACGGTGGTCAACGACACCGCCACGGTGGCGGAGGACAGCGCGGCCAC
NZ_CP137851.1_gap61	2768683	2770398	1715	TCCCACTCCCGTAGGCCGCATCCCGTGCGAGCGCGAGCCCGTCCAGACAGGTCTCCAGCGCGGCGCTGGCCTGCCCCTCCTCGAGCTGGCTCCGTACCTCGAGTGCGGCGAGACCGAGGACACTTGAGAGCATGTCGTCTGGCCGCCGGTGGTCAGGCTCGTCGAGGTCTCGGAGCCCCTTGGGAAGTCCTCCCAGTTCGGTCCGGGAGGCCCGCAGCGCGCGCTGTATCAACAGCCGGTTCCGTTCGAACAGCTCGCGGTAGGGGCCGGGCAGTTCCGCGAGGGGGCGCTTCCCATGCTGGACGTCTTCATACGTCTGGTGCAGCGCCTTGTTCCCGCTCAGCTCCACGTCGTCCGAGTAGAGAAGGCTGATCTCCGGCATCAGCGGCTCGAGCGCCTCGTGGAGTGTGCCGGGCAAGGAGGCGTCCGTATGAAGGGGGCGCGCCACCCGCTCGGAGGCGTAGGTGAGGGCCCGGGCCTCGGCGATCAGCACGTCACCAGCCTGACGGGAGCGATACTGCAATCGCCAGTAGATGCCGAGCATCGTCACCAGCACCAGGAGGACGCAGCCCACCAGGAGGCTGAAGATCGTCCGGAGCGTACTGCCCGTCTTCATTCCGTGGCCTCACCCGTGCGAAGGAGTGGTCTCATGGTGGCTCCGAGTCTAAACCAGCGGAAGTAGGTTCTTTCAGGGGTACTCTTGTAGGAAAGCGCGGGGCGCCTTCCAGCCGCGCGGCGTGTCGACTGGTCCGACAATCGGACCAGTTGCTCCCCTTCGCGGCCGGAACCTCCCCCTGGCAGGACCTACCCTCCTGGCTTAGCGCCGCCGGGCGGCCCACCACGTACCGGCGTGGCGCAGAGCCTCGGCATGGGAAAAACCGGGCGGCGCGAGCGCGGACACCTCGACGACCTCGTCGAAGGGAGCGCCGTCCGTGCCGGGCGCGACGGCTCCCGCGAACATCACCGTATGCTTGCCGAGCGCCCGCGCCTCTTTCGCCAGCGAGCCAGGGCCCTTGCCGAGCGCCGTCTGCCGGTCGAAGCGTCCTTCTCCAGTGAGCACGGCCTGCGCGGTGGCGAGCCGCTCGGACAGCCGGAGCGTCCGGGCCACCAGCTCGTATCCGGAGACGATCTTCCCACCGGCCAGGGCCAGGAGCCCGTAACCGAAGCCTCCCGCCGCCCCCGCTCCAGGCGTCTGGGCGAATCCGGGCGCGACGAGCTCGGCGAGCCGGGCCAGGGCCGACTCCAGCTCGACGACAGCGGCCTCGTCCGCCCCCTTCTGAGGCCCGAAGAGGTACGCGGCTCCGTCCGGTCCCAGCAGTGGCGCGGTGACATCCGTGGCCACCAGTAGCTCCACCTTCGAGAGCCGTGGATGCCGTCCACTCGTGTCCACCCGTGCGAGCCGCTTCAGCGCGGCCCCGCCCGGAGGCAGGGGCGCACCCTGTGCATCGAGGAACCGGAACCCGAGCGCCATGAGCGCCCCCGTTCCCCCATCATTCGTGGCGCTGCCCCCGAGCCCGAGGATGAGCCGCTCGCAACCCTGCTCCAGCGCCGCGCGCATCAGCTCGCCGGTTCCTTCGGTGGAGGCGCGCCGTGGGTCTCGCTCACCCGGCGCGAGCAGGGTCAGCCCGGAGGCCGCTGCCATTTCGATGACGGCCGTGCGCCCCGAGTCCAGCAGCCCGTAGGTGGCTCGCACGGGCGCGCCGAGCGGCCCCGGG
NZ_CP137851.1_gap62	2773180	2776002	2822	GGCCCGGGAGGCGGAGGTGCGGCTCTTCGATCCGCAGCTGGGGCGCGAGCTCAACGTCCACGACGAGGGAGTGGTGGCGGACCAGTACGAGCGCACCGCGCGCTACGCGGGGGAGATGCTCGGGGTGGGCTCGGCCATGCCCATCGACACGTCCACGAGCGAGGGTTTCCAGCCGACGACGAAGTTCGTGCTCGGGGTCGGGGTCTTCTTCACGCTGCTGTACTTTCTGGTCAGCTGGATGAACACGCAGCTCGGAGGGTGAAGGAGAAGGGGCCTCCACACGATCCTCCGGGCGCTGGCGGCCTCCAGGCGTTAGGTTGGGCAGGTGTTCAAGTACCTTCTGCTGGCGTTCATTGTCGTCCCCTTCATCGAGCTGTACCTGCTGCTGGCCATAGGCCGCGAGGTGGGCTTCTGGCCCACGGTGGCCGTGGTGCTGTTCACGAGCATGGTGGGTGCCTGGCTGGCCAGGAAGGAGGGCTTGCGGGTGCTCCGCCGCTGGCAGGAGTCGCTCGCGCAGGGCCGCACGCCGGACGAGGGCCTGGTGGGCGGGGTGCTCGTCCTGGCGGGAGGGGTGCTGCTGGTGTTGCCGGGGGTGATCACCGACGTCATCGGGCTCTTCCTGCTGTTCCCGCCGACGCGCCGGCTCGTGGCCGCGCTGGTGCGCCGGAGACTCGAGCGCCGCATGGCGGAGGGCACGTTGCGCGTCACGACCTTCCAGTCGGCTCCCTTCGCTGGAGGAAACCCCTTCGAGCCTCGGGTCTCACGGCCACGGATCCAGCAGGGACCGGGAAACGAAACGGACGCGGAGTTCACCGAAGAATAGAGGAAGACGGGCGCAATCAGAGGACGCGCTGGTACTCGCGGACCCAGAACTTCATCACGCCCTCGCAAATATCCTCGAGCCGCTGGCACTCGAGCTCGCGGGGCTTGTCCATCTCGAGATTCGCATCCAGCAGCAGTTCCTTCCGGGCGTTCCACAGCTCGAGACGGAAGTGGGTGGCATCCGCACGAGAGGCGCGGGCATACAGCTTCAAGCGCTTACCGCGGTGCTCGAAGTCCAACGAGAGCGGCTCCGGCTCGGAGGGCGACAGGGTGTAGACGCCCGTCACGGCGGGCACCTGGAGCAACAGCTGCACGGGGGGCTGGTGCTCGACGGGAGTCTCCATCGCGAGCGAGTGCTGGCCGGTGATACGCACGGCCAGGAAGTCCAGGGTCTGGGGGTGTTGGGGGGAGATGGGGGTGACGGTGAGCAGCTTCCGCGAGCCCTCGATACGGGCAATGACTCCCTCCCGGTTGCGGATGTCGCCGGAGCAGCGCTTTTCGTCGGCGCAGTCGACGGAGAGGCGCCAGTCGGCGCGGGCATCGGGGCAGTCCTTGGGCACCTCGAGCTGGACCTGGGCCTTGGGGGTGAGGACGAGGCTCTGGGTGCTCGGGGTGCGGCAGACGAAGTCCACGTCCACGGCGAGCGCGGTCACCTTGATGGGAGGGGTGGGGGACTCCTTTTTCGGATTCTGGGTCTCATCCGCTGAGAGCAGCAGAGCGAGCACGAGGGCGGAGAACATGGTCCTGGTCTAACCCACTTGGGGACCCTGGACGAGTGGGCGACGGAAGTACCGTTGAACGACAGAGCCGCATCTCCGGACGTCCAGAAGGCGTCGCGAGCTCCGGCTGCCCATGGTGCCGGGAAAATCTTTGCCCATGTTGGGAAGCACCGCCCTCACGGAGTGCTCCATGCCGAACGTTCTCCCCCGCAGCGCTTCCCTTGTGCCCCCCCTGCTCGCGCTCATCGTGGGCCTTGCCTCCGGATGCATCATCACGGACTACCACGGTGAGTGCGGGGACGAGCACCACTCCTGTGCCGACGACTCGGATTGCCACGCCAACCAGTACTGCATGCGCGGGATGTGTGAGGACACTCCGCTGGATTCCAAGTCCTGCACCAGCTCGCGGGAATGCGCTTCCGGAGACACCTGCGTCAACGGCGTGTGCAACCACGCGTGCTCGCGAGACTCGGACTGCGGCCGGGGCGGTTATTGCGATGGCTACTACTGCCGCTCGAGGACGGGTGACGGTGGTACCCGGCCTCCTCCGGCCGATGGCGGAACCTCCTGCCCCAGGCCTCCTCCTGGGGACGCGGGCACGCCGGGCGGTTGCGTGCGCAACACGGACTGTGCCTCGGGCAGTTACTGCATCAACGGCGCCTGCATCAGTGGCTGCTCCTACGACTCGCAGTGCGCCTCCACGGAGATGTGCGCGAGTGGCCTGTGCCGTCCGCGCCCGTCCCCCGCGTGCACCAGCGCGGCGCAGTGCGCCACCGGCTCGGACTGCGTGGACGGTGCATGCCGCTCGCCCTGCACCTCCAGCACCGCGTGTCCCAGCGGCTCCGTGTGCAGGATTGGCTACTGCATACCCTCGTCCACCCCGAGCAGCGGCACGGCGTGCTCCGTCAACTGCGACTGCCCCTCGGGCGAGCGCTGCGTGGAAGGCGTCTGCCGCATCTGAGCCCGCGGTTCATCGGCCCCCGGCGCGAGGCGCCACCATGCGCCAGCAGCGGTGGATCTCCTCGCGCTGGAAGTCCTCGGGGATGGAGCCGGGAGTGAGCTCCTCCACGGCCTCGTAGCCGCGGACGGCGGTGTCCTTCAGCTCGAAGCCGAGGAAGTTGGTGGAGAAGTAGAGGACGCCGCCGGGGTTCATCAGCTCCCGGATGCCCTCCAGCATGCGCACGTGGTCGCGCTGCACGTTGAAGGTGCCCTGCATCTTCTTCGAGGTGGAGAAGGAGGGCGGATCACACACCACCAGATCGAAGGTCTGCTCGGGGTCCT
NZ_CP137851.1_gap63	2886243	2889725	3482	GGGACCACTCGGTGTCGTAGCGCGCGGGCTCTCCTCCGAGGGCGTGGCGGTGGGCGGCGAGCATCGAAGAGGACTCCTCACCCGCTCCGAGGACGTCGAGCAGCGGCCTTCCCTCCAGCTCCAGGTCCGGTCCGGCCAGCTCCGAGCCGGCGGTGGCGATGAAACGCAACTCCCGGTCGGTGAGGTACAGGAAGGCGGGCACCTGAGCGAGCAGCTGCCGCAGTCCGGACTCGTGCTGCTGGAACTCCTCCCCGGCGAACAGGGGGCCCCTCATGGGCTGTGTCACTCCCGCCAGCTCCTGGATCCGCCCCGACTCATCGCGAATCCCCCGGATGGATGTCAGGCACCACCGCGAGCCCCCGTTCGTCGCGGCGGAACGGTGGAGGCAGCGCCGTGCCCGCCCGTCCGCCGCCACCTCGCGCAACACCGCCAGCGTGTGCTCCCGGTCTCTGGGATGCACGAGCTCCGTCAGGAAGACGGGGCGTGGGCTGGCTCGCTCCGAGGGCTGCCTTGGGGACGGATGGGTGACCAGTTCCACCTCCGCCTTCCAGAAGACTGGGGAAGGCAGGGGGGACCCGAGAAGCGGAAGCCCCTCCTCCATCTCCGGGGATGAATGCGCCACATCCTGACAATGGGAACCTTCCGACGCGTCTCCACGCGACTGGCTGGCGAGCCCCAGGATGTCCCCTTCATCACCTGCTTCTCGTCCGGACCCTGGTCCGCCTCGGTGAACGGGTAATCCTCGCCATGAATGTATTCCGTGGATAAACTGGGAGTTCAGGCTCGTTCACCGCGAGCGCTGGCTGCTCGAGTCGACGGGAGATGGGTACTTCACGGTGCGCGCACGCCACAGCGGCAAGTGCATGGACGTGGGTGGCGCTTCCACGGCGGCTGGCGCGAACGTGCTCCAATACACCTGCAACGGGAGCAACAATCAGCGCTTCCGCCTGGTCCCGTACAACAACGGGTACTTCGCGCTCCAGGCGAAGCACAGCAACCAGTGCCTGGGCATCGCGAGGGCCTCCATGGATGACGGTGGGTTCCTGGTCCAGTCGCCGTGCGCCTGGACGACGAACGAGAGCTTCCGCTTCGCGCCGTGAGCGGGCCAGAGGTGAGGGTTCTCCTCGACCTCTACACACTCAGTGGGTCGTCTTCGGCACGTTCCACCCGCTCGACTCGACCGTGGGCTCGGCCCCGCGCGCGTCCGCCTCCGTGTAGCGCGCCGTCACGGTGCGCGACTCGCCGGGCAGCAGCGAGACGTAGTTGTCCTCCCAGCGGGTGGGGAGGACCTCGGCGCCGCCGGGCCCGTGGGTGAGCTTCAGGCGGACCATGAACGCCAGGTGGGTGCTGGGGTTGGTCAGGCGCACGGTCTTGAGCTGCTCGTCGCCCTCGCGCCGGGAGGGGGACACCTCCACCTCGAGCGCGACCGGCGCCAGGCCCTGCAGGCGGGTCAGGTTCGCGTAGGACGTCGTCGGAGTCATGTACCAGGCGTCCGGGCCCTCGTAGTCGTAGTCCAGGACGTCGGGCCGGGCGGGCAACCAGTAGAAGTTGGTGCTGTGGGGCGCGCCGTCCGCCCCCCTCAGCTCGAGCCGCACGAAGTAGGTGTCCGAGGGGGGAGTCAGGACCGGGAGCACCAGCGCGGTCGCGACGCCGTCCGGGCCGAGGGAGACGGTGGCCTCCGCCTCGTGGAGGGGAGTGAGGTCGAAGGCGAGGACACGTGCGCTCACTCGCAGGTTCGGGTGGGCGCCGAGCCCCGAGTTCACCACCACGACCGAGCGGTCCAGCGCGGAGTACTGCACGTGGAGCGGCTCGAGCGCCTTCTTGGTGCCGTAATAGCCCCCGCCGGCCGCGAGCGAGGAGTCGTAGAGGTGCCAGATCAGCGAGGGCCAGGCGTTGTTCAGCATCCACTGGATGACCCCCGTCGCCTGGTACTTGCGTTGGCTGTAGGCCTCGAACATCGCCCGCTGGGCCTCGTAGGTCATGGCCTGCGCCTTGCGGGTGTAGTCGAGCACGCCGCTCGCCGTGCCGTAGCGAGCGGAGAGCGCGGCGGTGAACGCGTCCACGGTGCGGAACTGCACCGCCCCGCAGTGGTAGCTCCACACCTCGTCGATCGGCCACAGGTGCTCCGGGCCGAGCATCTCCGTCAGGCTCTCGATCTCCGGGATGGCCGCGCCAGGGGAGATCTCGGTCGCGAAGCCGAAGGCGCCGCCGCGCCGGGTGTCCTCGAGCCAGTAGTTCGGTGGCACCCAGTCGTAGGGCCCGCGCATCTTGAGCCCGGTCGGGCCGCCGAGCGCCGTCTCCATGGATGTCGCGGAGGACTGCACGGGATTGGGCCACCGCGTCTCGCCGAGCACCCGCAGATACATGGCCTCCGTCTCCGGCTCGGGGGGATTGTCGCTGCCGTACCACCACGCGATGACGCTCGGGTGGTTGCGCAGGCGCAGCGCCATGTCTCGCGTCGAGGCCTCGGCCACGGTCCGCTGTTCCTCGTTCCACTTCAGCTCGCGCGTCCACTCCCCGCTGGCGTCGCGGCCCCAGTTCTCCCAGACGTCACAACAGCTCCAGCCGGCGATGACGAGGATGCCCGCCTCGTCGAGCAGGTCGAGGAGGTGGTCCGAGCCGAACTTCCCCTCGAACCTCACCGCGTTCAGCCCGAGGTCCCGCACCAGTGAAACCTCTTGTGCCTCGCGCTCCGCGGACTCCATGAAGAGCATGTCCCTCGCCCAGCCCGCGCCACGGATGAGGATGGGCCGCCCGTTGACGCGGAACACCCGGCCATTCTCCGTGACGCTGGAGGTGATCTCCCGGATGCCGAACCGGAGCCGGGACCGGTCGGACACCGCGCCCCCCTGCTCGACGAACTCGAGCTCGAGCGTGTGCAGGCTCTGGGGACCGTACTGGGCCGGCCACCACAGGGCGGGGTCCCGGACGTCCAGGCCGCTCACCTCCGCGCCGGTGAAGCGCACCTCCCTCACCTCGCCGGGAAGGAGGGTGACGGTGGACTCGAGCCACACGCCCGCGACGGACCCACGCAGCGTGCCCGTTCGCGGCTGCTCGCCGGTGTTGCGCAGCTCGGCGCTCACCGTGAGGTGGGCCAGCGCCTCGGATTCCAGGCGGGTCACGACCTGGGGATTGCGGATGGCCACCGGGCCCGTGGTGGTGAGCGAGACGTCACGCCACAGGCCCATGTTCTTGTCCGGCGGGGTCGGGTTCCAGTCGATCCAGGTGTGCGCGAGGTCCGTCGGCCAGGGCGCGAAGAGCTCGACCGCCAGCGCGTTGCGCCCTCCGGGACGGGCGGCGCCGGTGACGTCCAGCTCGAACGAGCGATAGGTGCCGCTCAGCGTTCCCACCTGCTGACCGTTCAGCCACACGTTGGCGCGGTAGTTGATTCCGTCCAGCGTCAACCAGACCTTCCGCCCCGAGACGCCGGCCGGCAGCTCGAATTCGGTGCGATACCACCACGCCGGCAGGAAGGGGCTCGT
NZ_CP137851.1_gap64	2891903	2892870	967	CAAGAACCACTTTGGTCCCGGCAGGCGATACGCACCTCCTCTTAGGCGCGGACTCAGCCCAAAGCGGCGGGTTGTTCTGAATGGAAGCGGCGGGAATCGAACCCGCCGCTTGTCCCCCATTCAACGGGTGGGGGGAGTGGCCGCCGGTTTCGTCTGGAGTGCGTCTCGCAGGGGGACGACCTTCGTCTGGGAGAGGTCCACGGACGTGAGGAAGTCGGTGTCCGAGGAGCGTTCGCGCAGCGCCGCCAGATGGGCCCGGAGCCGGCTCTGGCGCTTGTCTTTGCGCGGGTGCTCGGTGGACAGCCCCTTGTCCGGCAGCTTCGACAGGAAGGCCACATATTCCTCGGGCGCGTAGCCGGCGGCCGCCATCAGCTCCACGGCCTCGGTGTCGGCGGTGTACTCGTCCTCCTCGCCGAAGCCCTTCTCGCTCAGTCGAGCGACGACCCCATGGGTGATGGCCTGGATCGCCTTCTGGCTCAGCGTGTTGAAGTCGAAGTTCGCCTGGGTGGCGAGCTGGTTGAACAGGCCGCGCAGCTCGGCGGAGGGAATCATCTGCCCGAGACCGCCCACCGCGCGGCCGATCTCCTGCACCTTGTCCTCTCCGAACTGCTTCAAGGGCTTCGTCCGCTCGGTGGACACTCCGTCCTCGCACTGCTCCACGAGGTACCGCTGGTACTCCCGCATCGCGTGCTTGCCGGTGATGTGGGAAATCTCATGTGCCAGCACGCCCGCGATCTGGGCCTCGTTGTCCAGTTGCGCGAGCAGGCCCTCGGACACGAAGACGTAGCCGCCGGGCCCGCTCACCGCGTTGACGCCGTCGGACTGGAGCACGCCGAACGTCCAGGGCAGACCCGGCCGGCTGGACTGGGCCGCGAGGTTCTTGCCAATCTTGTTGAGCTGCACGTGCAGCGCCTTGGCGCCCGGCCGGCGTGTGAGCCCGCCTCCCCGGCTCACCCAGTCGACGCTC
NZ_CP137851.1_gap65	2914866	2916793	1927	TCCTGCGCCGCGATTCCGCCGGTTTCACAAGAAGCGCTTGAGGAGGCCGAGCTTCCCGCCATAGGGCGGGTAGCGCAGCTTCATGTCGAGCGTGAAGGGCCGCTTCACCACGCTCTTCTTGTGACTGAAGGCATCGAAGCTGGCCTGGCCGTGGTAGCCGCCGATGCCCGACTCGCCCACTCCCCCGAAAGGAAGCCCCTCGACGGCGAAGTGAACGCACACGTCGTTGGCGACCGCTCCGCCGCTCGAGGTCTCCGTGAGGACGCGCTCGTTCACCGCCGCGTCACGCGCGAAGCTGTAGAGGGCGAGCGGCTTCGGACGGGAGCGCACGAAGCGGATGGCGTCGTCGATGCTCGGACAGTCGACGAGCGGGAGGAGGGGACCGAAGATCTCCTCCTGCATCAGCGGACTCGACAGGGGTGCATCCGTGATGACGGTGGGCGCGAAGTAGCGGCTGGGCGCGTCGCGCTCGCCGCCAAAGGCGACCCGGCCGTCGGCCGCGAGCGCGGCGATGCGCTCGTAGTGGCGAGGGCTGACGATGCGGCCATAGTCGCCGCTCGTGCTCACATCGGCACCGTAGAAGCTTCTGACGGCCTTCTGGACCAGGTCGATGAAGCGGCCCTTGAGCTCGGGAGGAATGAGCACGTAGTCCGGCGCCACGCAGGTCTGTCCGGCGTTGACGTACTTGCCCCAGGCGATGCGTCGCGCGGTGACCTCGAGGTCCGCGCTTCTGTCGACGATGCAGGGGCTCTTTCCACCCAGCTCGAGAACGGTGGGGGTGAGGTGCCGGGCAGCGGCTTCGGCCACCACCCGGCCCACCTGGGTTCCGCCGGTGAAGAAGATGAGGTCCCAGCGCTCCGCGAGGAGCGCCTGGCTCGCCTCCACGCCCCCCTCGACGACCGAGACGACCTCCTCCGGGAAGGCCTCGCCCAGCATCCGCTTGAGCACCTCCGAGGTGGCGGGTGACAGCTCGCTGGGTTTCAACACGGCCGTGCAGCCCGCGGCGAGTGCCCCGATGAGCGGTGCCATCGACAACTGGTAGGGGTAGTTCCAGGGCGAGATGATGAGCGTCACGCCGAGCGGATCCGCGTATTGGTAGGCCCGCGCCGGCTGGATGATGAGGGGCGCGGACCCCCGCCGAGGCTCCATCCACGCCTTCACGTTCTTGAGCGCGTTCTTGATCTCCCCGTAGATGTTCCCCACCTCGGTGAGGTAGGCCTCCTCCGGGCTCTTCGAGAGATCCGCCTTGAGGGCGGCGAGAATCTCCGCCTCGTACTTGCGCGCCGCCCGTTGGAGCGCCAGCAGCCGCTCCCGCCGCCATTGGAGCGGGAGCGTGACGCGGGTCTCGAAGTAGGCACGCTGTTTTTCGACGAGCGCCTTCGTGTCGGGCGAGGGCGGAACGGCGGCGAGTTTGCTGACACTTCGAGCCATGGGACTTCTCCTTCCGGGAGAGGGGGCTACTTCAGGAGCTCGCCTTTTTCGGCCTTCTCGACGAGCGAGGCGGGGGGCAGGAAGTGCTTCCCGTAGCGCTCCGCGAGCTCGCGCGCGCGGGTGACGAAGCCGCGCGGCCCCGTGCCGGTATGCCCTTCGTAGCCGTTGATGAATTGCACGACACCTCCCGTCCATGGCGGGAAGCCGATTCCGAGCAGGGAGCCCACGTTCGCGTCGGCGGCGGAGCGGAGGACGCCTTCGTCGAAGCACCTCACCGTGTCGATGGCCTCGGCGAACAGCATCCGCTCCTTCATGTCCTCGAAGGGGATGGTGTAACCGGGCCTGGTGTAGTGCTGGGCAAGCCCCTGCCAGAGGCTCGTGCGCTTGCCATCCACGTAGTCATAGAAGCCGCCCCCGGTGGAGCGGCCCTTGCGCTGGTGCTGATCGATCATCGCGTCCATGACCGCGTAGCTGCCGTGGTCCATCCACGGCTGGC
NZ_CP137851.1_gap66	2958579	2962608	4029	CCCGAAGCGGTGCGTGACGAGAAGGTCCGGGTGCTGGAGTCGGCACGGCCCTTCACCCCCGAGCGCATCCGCGCCGAGTGCGTGCGTGGGCAGTACGGGCCGGGTCTCATCGCGGGCGCTCCCGTGTCTGGCTACCGTCAGGAGCCGGGTGTCTCGCCCACGTCGGGCGTGGAGACCTATGCGATGCTGACCATGCGCTTCGACAACCCGCGCTGGGCGGGAGTGCCCTTCTACGTGCGTTCCGGCAAGCGGATGAAGGAGCGCCTCACCGAGGTGGTGGTGCAGTTCAAGGAGGGGAGGGAGAACCTCTTCGGCGCGGGACAGCGGGAGCGGATGTCCGCCAACCAGCTCATCATCCGGATCCAACCGCACGAGAGCGTCACGCTGCGCGTGGCGATGAAGGCGCCGGGGCGGGCGGTGCGCGTGCGCGACATGGACATGAGCTGCTTCTACGCCGCGTCCCACGAGGGGCCACCCCCGGAGGCCTACGAGCGGCTGCTGCTGGACGGCATGCTCGGGGTCTCCACGCTCTACACGCGGGAGGACATGGTCGAGCGGGCCTGGGAGCTGGTCACGCCCGTGCTGGACGCCTGGTCCCATACGGGCGCCGAGCCGAACTACGCCGCCGGGACGTGGGGCCCGGCGGACGCCAGCCGTTTGCTCGAGCGCCAGGGACACGCCTGGAACGGGGCGTGAGCGTGGCGTCGAGCGGCCCGCTCAGCGCTTCCCGGCGCCGTCCTCGCCCTTCTTGTCGGCGGGGACGGTGCGCGCGGGCGTTTCGATCTCCGCCTTGATGAGGCGGAAGTCGACGCGGCGGTTCTTGGCGCGGCCGAGCGCGGTGGCGTTGGTCGCGATGGGCTTGGACTCACCGAAGCCCTTGGCGCGCAGGCGGCGAGCCTCGATGCCCTTGGAGACGAGGTAGTCCAGCACGGACTGGGAGCGCCGCTGGGACAGGTTCAGGTTGAGGGTGTCGGAGCCGACGTTGTCGGTGTGACCCTCGATGAGCACCGGCCCCAGCTCGGGGTTGCGGTCGAGCACCACGGCCACCTCGTCGAGCAGCTTGAGGGACTGCTTCTGGATGGTGGCGGAGCCTGTCTCGAAGAGGATGTTGCCCTTGATGCGGATGCGGTCCGACTCGATGACCACGAGCGGCGGGTTGTCGATGGGGCAGCCATCGGCCTCGGGAGGACCGGACTGGTCGGGGCACTTGTCCACGTTGTCGGGCACCTCGTCGCCATCGGTGTCCGGGCAGCCGTCATAGCTCTTGGGGCCGACCATGAAGGGGCAGAGATCCTGGCCATCGGGTATGCCGTCGCCATCCGAGTCGCCGCAGCCCCCGTCGGCCTTGGAGCCGGCGGAGTTGGGGCACTGGTCCTCGCCATCCGTGATGCCGTCGCCGTCGTTGTCCGGATCCGGGCAGCCGTCGTTGTCCCCGAAGCCGTCCAGGTCCTCGGCCTCCATGGGGCACCGGTCGCGCGAGTCGGGCACGCCGTCGCCATCCGAGTCGATGAAGGTCTCGTCGTAGCGCAGGGCGAACATGACGCGCAGCTCCTCGCGGCCGTAGCCGCTGCCGATCGTCACGCCGCGGCCCACGTTCAGCTCGAAGCCCCAGCCCCCGTAGAAATGGGCGCGCACGCCGCCGAGCACCCCCCAGGGCGTCTTGAGGGAGTCCGCCTGGCTGAAGTTGAAGGGCGCGGTGGCGGGCGTGGCCAGGTGCATCTCGGCGATGGCCTGCACGTCGGTGAAGCGGCCCACGTTGGGCAGGTCCACCACGGCGCCGCCGCCGAACGTCACCTCGTTGCCCACGTAGAGGTTGAGGTACTGCCCATGCTGGGGACGCAGACGCATGCCGAGGTTGCCCAGCACGCGCACCGGACCGAAGGCCCGCTCCACGGCGATCCGGGGGGCGATCAGCACGCTCTGTTCCCCGAGGAAGCTGTTGCCATCCCCGGTGGGCAGGCGCACCTCGGCGGTGAGGGCGACGCCCACGGGGAACTCCTCGGGCAGCAGGAGGAAGACGCGGGGTTGCAGCCTCACGTCGCCGAAGCCGAACCGGCTGACGCCAGCGGCGCCTGGGAAGTCCGGGGCATTGAGGCTGTCGCGCAGTAGCTGGAAACCATCACCCTGCGTGAGGGTGAAGGGCACGTCCGCGGCGAGCTCCAGCCGGCGGTGCAACTGCCAGGCGAAGAGCGCGTGGACATCCAGCCGGTAGGGGAGGAGGTCCCCCAGCTTCTCGTCGCCCAGCTTGAGCGCGAGAATGCCGCGGTTGTAGTCGAAGAGCAGGGCACCCCGGAAACTGCCAGCGGGCTCGGCTTTGGCGCCCTCGAGGGCGATGCCGCTCCTCTGGGCAGGGGTGGCCTTCAGCGGCACGGCATCGAAGCCGCGCGCGAAAGGATCATGGTCCGCCCGCGCCGCGATACCAGCCAACAGCAGGCACACCACTGCGAGTCGGGTTGCTGCGCTTCGCAAGGACCGCTCCCAGGGAGAGGCCCGGAAATTCGGGCCCTTCTTCAGTGGCTCGGCTCATACCACCCACTCCCGGGGGGCGGAAGAAAACCCCCGTGAGAGTGCCTGCTTGCTACAGCCTCGCGCTACTTCTCCATGAAGGACTGCGCGGGCACCACCTGGATGGCGTCGGCCCGGATGGGAAGGGGCCAGGTGATGATGGCCTTGTCGTCCTCCAGGAGCGCGGGGGACTTGGCGGAGGCGTAGGTGATGGGCGAGGGCGGCTGCTCCTCGAGGTTCTTCGCGAACTCCTGGGCGTCCTGGGTGACGAAGGCGAAGTTGAGGGCCTCGGGGCGCAGCTGCCGGCGCACGGCGGCGTTCACGGACTCGGGGGTCATCTTCGCGAGCGCGGCGCGGTACTCCTCCAGGAAGCCGGGCGTGCCGTAGAAGAGCGAGTCGATGGCGTACCCGAGCCGGCGCTGATCCGTCTGTTCCCACAGGCGCGTGTAGCCGAGGAGGAAGCCGCGGCTGAGCTCGAACTTCTCCTGGGGTATGCCCTGTTTCACCAGCCGATCGAGGAAGTAGAGGGCGCCGCGGGTGGCGAACACGCCGTTGGCGGGCACCACGGGGCGGATCCACACGGAGAGTTCCTGCTGGGTGCGCGCGATGTTGGTGCGGTTGTAGGTGGTGCCGGGCTGCTCGATGAAGTGCTCGGCGTAGGCGTAGTCGCCGTAGTTGAGGCCGCGCTTCTCGCGCAGCTCATTGAAGAGGACGCCGGAGGACTGGCGGTGCTCGCCGAGGTACGAGAGGGCGAGGGACACGGGGAAGAAGTCCGGATCCCCCCGGCGCAGGGGCGTGACGTAGCCCATGGACACGGCGGTGGAGAGCGTGGACTTCTGAACCACGAGGGCGCGGCCCCCGGTGGTGGGCACGGGCGGCAGCTCCACGCGCGGTGCGCCGGTGGCCGGGAGCTCGGACAGGCGCGAGACGACGGTCTTCTGGAGCGCCTCGTCCACGGGGCCCGCCAGGCCAATGACGAGCCGGTCCTGGGTGAAGACGCGCGCGGCTTGGGCCTTCACGTCCTCGAGGGTGATGGACTCGAGCCCCTTCTCGGTGCCGCCCACGAAGTGCGCGTAGGGGTGGCCCTGGTAGAGGAGCGAGTCGAGCGCCACCTTGCCGAGAAGCTCGTCGTTCTCGCTGCGCAGCCCGTTGCGGAGGTCACTGAGGGTCCGCGCGCGCAGCCGCTCGAACTCCTGGGGCGAGAAGCGCGGCTTGAGCAGCACCTCGGTGAAGATGTCCAGGAAGCGCGGCAGGTGGTCCTTGTGGACGCGGCCGGCGAAGACGGTGAACTCCTTGTCGGTGGAGGAGCTCAGCTCGGCGGCCATCGGGAAGAGGGCCTCGAGCAACTGGGCCGAGGTGAGGCTCTGCGTGCCGCCCTCGGCCAACAGGTCGGAGGTGAGGGAGGTGAGACCCTCCTTGCCCTTCGGGTCATCCACCGAGCCCGAGTGGAAGACGAACCGGAAGCTGACGATGGGGCTGGCCGGGTTGGCCTGGACGACGAGCCGCAGGGGCTCGGGGCGCTTC
NZ_CP137851.1_gap67	3091125	3092220	1095	CCCAGCACGGGCTGGAACAGATCCATCCCCTGGATGAAGAAGGGCCGCTTCTCCGGGAGGTACTGCTCGAAGGTGGAGAGGTTGAGGATGAGCTGATCCGCCTCCACCTGTCCGAAGTCCGGGTTGATGGTGGCATTGAGTGTCAGATCGGAGGTGAGCGCGGCCTTCACGTCCAACCCCAGATCCGCGGAGGGATCCAACAGGCGTGGCTCGGGGATGGTCGCGTTGGAGAACTGTGGCCGCAGCACCATGCGGGTCGCGACGTAGGGCGTGAGCTCCAGACGCCGCGTATTCTGGAGTTGCTCCAGCCCGGTGAGGTGGCCCAACCGGGACACCCTGCCGTTGGCGTCGCGAGGGATGAAGACCGAGAGGCTCTCCTCGTAGAGCCGGGCGATGGTGCGCTGGGCGGCGAAGCCCCACGTCTGCACCGGGGCGGACGGGAAACGGAGGATCCGCAAGGGGATGACGATCTCCGCCGTCCAGCCGTCGGGGGCCATGGAGGCGGCGCCGTCCCAGACGGCATCCCATTCCAGCGTCTCCTTGTTGTCCTGGAACAAGAGCGAGTCCGCCTGCACCCCGCCCGCGGTCACCTTGAAGACATAGCCGGTGCGATGGTCATGTGCCGAGTCGATGATCACCTGGATGGCGTCAGAGTAGGGCGGTTGATCCCTCCGCCCCAGCTTGCGGATGATCTCCTCGGGGTGCGAGTCCTGGAGGTGGAAGCCAAAGTAGAGATTGTTCTCGTCGTACAAGACACGCATCTGCGTGCGTTGGGACGGAGCGGCATTGGCCTTGGGGAAGGTCTGCACGAAGGTGTCGAACACCGGCGCTTGCTGCCAGGCGGGCTCGTCCAACTTCCCATCCGCCCGGATCTGCGCCGTGGTGTGAGTGGCCTGGATGAGCTGCCCCACCCCAGGCCCCTCCACCGCCGCCAGCGCGGGCAATGCCATCCATGCCGCTATCAATCCCGCGAGCCTTGACACTGTCTTGCTTCCTTCCTGGGTGCCCAACGAGTCAGGATGCTTCGACGCCGAGCTTCGGACGGCGCCCCGCCGTGAGCAGGCGCAAGCCGATGATCGCGACCGCCAGCAGCGG
NZ_CP137851.1_gap68	3099040	3102965	3925	ATGGGACGGGCTCCCAGCAGTGCCTGGACCTCCTCACGGGCGGCCAAGGCCTCCTCCCAGGAGGGATGGGGGTCCATCGGCATGCCCAGCAGGGCCAGGCACTCCAGGAGGCAGGTGACGGAGGCCTCGATCTCGCCGGCGATGAGATGCACCTCATGCCTCAGGCCGTAGACGGCGGCGATGTCCCCCCGCCTCTGTGCTCGGGAGCGCAGCCCCTCCAGGAGGCGCCGGGTCTGGGCGAAGTCGCCACTCACGAGCTCGCTGCTCGCCTGCGTGAGCTGCACCTTGAAGGCCAGCTCGGGGTCCATCTCCCAGGGGTCGCCCGGGATGAGCGTGAAAGCCATCGAGAGATAGGCGGCGGCCGAGTCGTGTGCGCTCGAGGCCTGGGCCTTCCAGCCCGCCTCGGCGTTCAGACGCGCGAGGTGGTGGCGCTCCTCGTGGCCGCTGATCAGCTCCACCCCGGTGTTGAGCTGACTCACGATCTCGAAGAGTTTCTCGCGCACCTCCTCGGGAGACAGGCGCTCCAGCATCAGGCGCCCGATGCGCAGGTGGACCGCCTTGCGCTCTCCTTCGGAGATGAGGGCATGTGCCGCCTGCTGGATGCGGTCATGCAGGAACCGGTACTGCTCCGGGGCGCTGCGCACCACCAGTCCTTCCAGGAGCGCCGGCTCGAGGCCCCGCTCCACCTCGCCCGCCTCCAGGCTGGCGATGAGGGCCAGCATCCCGAGCGAGAAGCTGTTGCCCACGCACGCCGCCAGGGGGAGCAGGTGCTGGGTGCTCTCGGGAAGCCGGTGCAGATTGCGCGCCATGAAGTCGACGATGTTGTCGGAGTACCCCCTGGCCCGGACGCCCTCGGCATCCCACCGCCATCCGCCTCCGGGCGTGCGGCTGAGGAGGCCATCGTGGTGCAACGCCAGCATCAACTGGAGGAGGAAGAACGGGTTGCCGCCCGTCTTCTCGTGCACCTGCTCCGAGAGGGGCACGATGAGCTCCGCTCCCGCCCCGGGGAGCGCATCGCCCACGAGGTGCTGGAGCTGCTCCAGGCTCAGTGGCTCGAGTTGGAGGTCGGTCACCGGGACGTTCGCCTTGCGCACCTCCCCGAGCGTCATCATCAGCGGGTGGGAGGGGCTGACCTCGTTGTCCCGGTAGGCGCCTATCCACAGCACCGGTGGCGCGTCCTCCCCGGTGAGCAGGGATTCGAGGAGCCGGAGGCTGGCCAGGTCCGCCCATTGCAGGTCGTCCAGGAACATGACGAGCGGGTGCTCGGCGGTGGCGAAGACGCCGAGGAACTGGAGGAAGACCTGCTTGAAGCGCTGCTGCGCGTCGGCGGGCGGAAGCTCCGGCACCGCCGGCTGTGGGCCCAGGAGGAGCGCGAGCTGCGGAACCAGGTCCACGATGACCTGGCCGTTGCCCTGGAGGGCCTCCCGCAGGCGCTCACGCCACCGGGCCACCTCCTCATCGGTGCCCACCAGCAGGTGCTGCACCAGGCCCCGGATGGCCTGGGCCAGGGTGGCGTAGGGAACATCCCGCTGGAGCTGATCGAACTTGCCGCTCAGGAAGAACCCCCGCCGCTGAACCACGGGCTTGTGCAGCTCGTGGACCACCGACGACTTGCCGATGCCGGAGTAGCCTCGGACCAGGATGAGCTCGGGCCTGCCTCCGCGCACGATTCGCTCGAAGCCCTGGAGCAGGGTGGCGACGTGGGTGTCGCGCCCGTAGAGCCGCTGGGGGAGCTGGAAGCGGCTGGGGATGTCCCGCTTGCCCAGCACGAAGAGCTCGAGGGCGCCCCGGCGCAGGCCCTCCACGCACTCCGCGAGGTCGTGTCTCAGCCCCTCGGCGCTCTGGTAGCGCTCCTCGGCGACCTTGGCCAGACACCTCATCACGATCGCGGACAGCACGGGCGGGACGCTGGCGACGAGCTCGTGCGGCGGCCTCGGCATCTGGGCCATGTGCGCATGGAACCACTCGAGCGCGTCACGCCCCTGGAACGGCCGGGCTCCCGTGAGGAGCTCGTAGAACGTCACGCCCAGCGAGTAGAAGTCGGTGCGGTAGTCCACCGCGCGGTTCATGCGCCCGGTCTGCTCCGGGGACATGTAGGCCAGCGTTCCCTCGAGCAGGTGGGTCGGAGCCGCGTCCACGTGCTCGGTCCGCTGGAGGGTGGCGGCGCCAAAGTCGATGATGCGCGGCTCGCCGGAGGGCGTGACGATGATGTTGGAGGGCTTGATGTCCTTGTGGATGACGCCCCGGAGGTGAATCTCCGCCAGGGTCGAGGCCAGGGCGACGGCCAGCTCGAGGAAGCGGGCGATCTCGAAGGGTCTGCCCACCGCCTCGGAGAGGGCCACCCCATGCACCTCCTCCAGGACCAGGACGGGGCGGTCGTTGACCCGCTCGCAGCCATGGGGCCGGGTGACGCCGCGCACGCCCAGGAGCCGCTGCAGGATGCCGTGCTCCCGGCGATACCGCTCCTCCTCACGCGGGCCCACGGAGGGGCCCACCGGCGTCTTGATGATGACCGGTGCTCCATCCGCCTCGCGCACCGCCAGGAACAGCATGTTCGAGTCAGTGGCGCGGACCGGGCGGCGGAACGTGTAGCCTGGGAGGTTCAACATGGAGGGAGTCCACAGCCAGGGACCCGCTCATGCAAGTCCCTGGCGCCCCCCTCTCAGAAGAGCATTCGCTCGACTCCCGCGGCCCGGAGGAGATAGTCCCTGGAGGCCTCGAGGGCGGCGCGGAGACGGGTCCAGTTCATATCGACCAGGGCTCCCCGCCACTTGCGGATCCTTCCCGCGACGATGACCGTGTCCACGTTGCTGCGATCCATCAACGTGACGACGGCCCCCGGCACGTTGTTGAGCGGGGCCACGTTGAGGGCATCCGAGCGTAGCAGGAGGATGTCCGCCTCCTTGCCCGGCGTCAGCGAGCCGATCTTGTGGGCGAGCCGGGCCACCCGGGCCCCTTCGAGCGTGGCGAAGCGAATCACATCGCGGCACGTGAGGAGCTCGGGCAGGTTCGTCTCGCCGTTCACCGCGCGCTCGTTGATGAGCGCCCGCTGGAGCGTGAAGACGGTCCGCATCTGGGTGAAGAAGTCCGCGGTCATCGTGCACTCGACATCCGTGCTGAGCGCGGGTTGGACTCCATGGTCGAGCGCGGACTGGATCGGCGGCATGCCATGCCGCATGGTCATCTCGATGGGGGCGGCGATGGAGACGTTCACACCCGACTGGGCGATCGCCTGCCAGGAGCCTTCCGAGATGCGGCTGGCGTGGATGAACACGAGGTCGGGTCCGAGCAGGCCCTCGCTCGCGAGCTGCTCCACGAGCGTTTCCTGGCCGAGGCTGCCGACGAGGTGCGTCACGATGGGCAGGCCATTCTGGCGTCCGATGGCCCAGTAGGTTCGGAAAGCGGGGTCGAACACCTCTCCGCCCATCGCCAGGGTCAGGAGCTGATCGGTCGAGGAGAAGTAGCGGCTCCGGATCCGCTGGAGATCATTTGGGAAGATGTTGCCGGGGCCCGCGCCCGGTGAGTACACGAAGACCGCGCGACGGCCCGCATCCTGAAGCCCCCGGATGACGGCATCGGTATGCGCCGGAGTATGGCCCACCTGCGACGTGTCGACGACCGTGGTCACCCCCGCGTCCAGCTGGCTGAGCGAAGAGACGAGCTCGGCGAGGTAGGCGTCCTCCGGCCTGAAGACCGGCGTGAGCCTCGTGTGGATGTAGTCGAGGTAGTTCTTCTCGCCGTGCGGCAGCCCATCGTTGAACAGCAGGCCGTCTGACAGGAAGCTCCGCAGCGCGGTCTGGTATTGGTGGTGGTGGGTGTCGACGAACCCTGGCATGACGATCATGCCCGCGGCGTCGATGATCGCCGCACCGGGAGCATGCAGGTTGGCCCCCACCGCGACGATCCGCTTGCCCTCGATGAGCAC
NZ_CP137851.1_gap69	3112717	3117395	4678	CGTTGCCCAAGCCCATGCCGGACTGGTCGCCGGTGAACCGGTTCGGTGGCTACCAGGGCGGCACCCAGGCTCAGGCCCGTGCCATGTTCGCCCGAGCGCAACGGCATTCGCACTCACCCGGAACGTCGTGTGCCGTGCATGGTCACGGCAAGGATCACGCCGCACACCACCCCACGCCCGGCGGCGGGCTGCGTGACTTCTGGGGTGCATTGGGATGCTTGTGCTATGCCTTCTGAAGCTCCGGCGGTGGGTGCGTGGGCCCCGCTTCGCAACTCCGGGTTCCGTGCGCTCTGGCTGGCGGTCCTGGCCAGCAACATCGGAACCTGGGTCCAGGATGTCGCCGCCTCCTGGTTCATGTCGGAGCAGACGGGCTCTCCGCTCATGGTCGCGGCCGTGCAGTCCGCGACGACGCTGCCGGTCGTGGCGTTCGCGCTCGTTGCCGGCACGCTGGCGGACATCGTTGACCGGCGGCGATACCTGATCGGGGTGCAGCTGTGGATGCTCTTCGTGGCCACGCTGGTCGCCCTGGCGGCACATGCCGGCAGGCTCGATGCCTGGTTGTTGCTGTGTCTGACATTCGCGCTCGGCACGGGCGCGGCGATGGCGATGCCGGCCCAGGCCGCGCTCACCGCCGACATGGTTCCGCGCGAAGCGCTGGCACCGGCGGTGGCCCTGAGCTCCATCGGTATGAATATCGCGCGCTCCATCGGCCCCGCGCTGGGCGGGCTGGTCGTGGCGCGATTCGGCGCGGCCTGGGCGTTCTCCCTGAATGCACTGTCGTTCCTGGGCCTGGTGTTCGTCCTGTGGCAGTGGAAACAGTCGAAGTCCGCCTCGGCCCTGCCGGCCGAGTCCTTCGGCGGCGCACTGCGCGCGGGGTTGCGCTATGCGATACAAGCCGGTGAGTTCCGGTCGGTGCTGATCAAGGCGGCCTGCTTCTTCGTGTTCGCCAGTGCCGCACCCGCGCTGCTGGCGATCGTGGTCCGGCAGGAGCTCTCCGCCGGAGCGGGCACCTACGGAATGTTGCTGGGGTTCATCGGGGCGGGTGCCATCGGTGGCGCCATCGCCTTGCCGAAGCTCCGCAAACAGTTCGATGCCGACAAGCTGGTGCCAGCCGCGACCCTGCTCTACGCCCTCACCATGCTGGCGCTGGCGGGCATCCGCGACACACGGATTCTCTGCGTGGCGATGCTGGCCAACGGCATGACGTGGATCACCGTGCTGTCATCGCTGCAGACAGCCGCGCATGTCTCGGTACCTGGCTGGGTACGCGCCCGGGCGCTGTCGCTCTACATCGTGGTCTTCTCCGCGGGCATGGCGGGGGGCAGCCTGATCTGGGGGACGCTCGCGCAGCAGGCTGGCACCGGGGTCTCGCTGACCGTGGCGGCGGTCTCTACGGTGCTCGCGGGTATCTTCTCGCTGCGTTTCCGTCTGAGCGTGGCCATGGCACGGGATACCACTCCGTCCGCGCATTGGCCGCGGCCGGCCGTGGCCGAGGAGGTGAGCCATGCCCGGGGTCCGGTGCTCGTGACGGTGGAGTACCTCATCGATCCGGCGGATCGCGAGGAGTTCCTGCATCACATCCACCTGCTCGGAGGCACCCGCCGGCGCGACGGGGCGGTGCAATGGGGAGTCATGGAAGACGCGGCGCAGCCGGGCCGCTTTCTCGAGTATTTCATCCTCGATTCCTGGCTGGAGCACCTCCGCCAGCATGAGCGTGTCACCCACGAGGAGCAGCACTTGCAGGACAAGCTTCGCGCCCTGCATCGCGACGCGCAGCCTCCGTCCGTGCGCCACTTCGTCGGAGCCACACCCTCGAGCCCTCACATCGCGCTGGAGAACGTTCCTTGAACTGGAAATTCTGTATTGGCTTGCTGCTCGGTCTCGCCATCGGCCTGGGGTGCCGCTGGCTGGGCATTCCGGTCCCCGCGCCGCCCATGCTGGTGGGCGCGTCACTCGTTGTCGCCATGACGAGCGGCTACCTGCTGGCGGACCATTTCATCGCGACGCACCCCGCGAAGCATCGCCACGACTGCGGCGGGCCCAGCGGTGAGACCCAGGAGACACGCACATGATGCACCTCATGGTCGGTCCTGTCCTGGCGTTGGCCATCGGTGCCGGCTGCCGCCTGCTCGACATCCCCTTGCCCGCACCGCCGAAACTGCAAGGCGCACTGCTGGTGCTGGCCATGACCGTCGGCTATCTGCTCGGCGAGCATCTCCTGCGCTGAGCAGCCGAGAGCTCAATCCGTGCAGACCAGCACGGTGTTCCCGTGTTCGGCGGCCGTCAGGTAGAAGGCGCGGAAGCGGTGGAAGTATTCGCGGAGCCAGGTCCACTCCTGCTCGCTGGCGTGGCTGGCGAAGAACTTGTAGACCCCCGCGGCTTCCATCCTGTCCGGGACGCACTGCTTCTCGAGTGACTCCCACGTCATCGGGGTGAGCACCCGGGCGAGCTCCGCGACCCGTTCGGGGGGCGTGTAGCGCACCGGCACGCCCTGTCCCGAGCGCACGTGCTCGGCGATGAGGGACTCCCCGCGCACCGCCATATCGAGCAGCGCGTCGGTCTCCGAACCCGGTTCGCCTCGACGGTGGGCGGATAGCACGTAGTGGAGCTGGTCCCAACTCCGCCCCAGGTCGCAGTTCCGCTCCTCCAGTCCTGGTTGCTGCTCGAGGAGCGCGCGGACGCGTTGCCACAGCTCGAGCTCACCCGGATCGGGTTTCCCCGGCGCCAGGGCTCCGCCAGGTCCCTTCCGGAACCACGAGGGCACGAGCCCGAGCCACTCACCCAACGCGGCGTCTTCTCGCGCCCGCTCGATGAGGCCGGCCGTGGCGGGGATGGCCTGATAGATGCGGTCGAGTCCCATGCGCTCGCAGCCTAGTCGCTCCGGGGGGGGGCCACCATTGTCAGCCCTGTGTCCGGGGGGCTAGAAAGTCCGGACAATGCCGAAGAGCGCTCCTGGACATCTGGTCCCCCTCTCGAATGGCTGGTCTCTCTGGAAGGACTTCTGCGTTCGTGGCGCGGGATTCCCCGCTTCGGATGTCCTGAAGCTCGCCAGCCGGGAGCTCGCCTCGGCGGTGGACGCGTGGTTGGACCTCGAGGAGCGCACCCGCGCGCTCCGTCAAGAGCTCATCGCCTCCCTCGATCGTGTACGGCAGGGGTTGCCTCCGGAAGAGGCCCGCGCGCTCAATGGAGTCATCAAGCGTCTGGCCCGGGGAGGGCTGCCCCAGGAACTCCAGGCCGGGGACGAGGGCCGCACGCGCTTCGAGGCATTGCGCTCCAGCCTGGCGGAGCAGGAGGCGGCCAGGGCCCGTCTGGACGCGCTGTTCGAGCGCGAGAGCACCCGCCTCGGTGAGGTCCTCCGGGCCCAGGCTCGCGAGAGCCTGTTCCGCGAGGCGCTCGTGTGGCAGAACCGCGCCGCGCTCCACTCGGCCATCGAGCCGTTGCTGCGCAGCCCGCCGGATGAGCGCAGCGCCAAGAGCCGCACCCGGGAGCAGCTCGTCGCCAACTACCTCCAGCGCTACACCGTCAAGAACGACTCCATCGGCTTCTTCGGCCCGCTCGGCTGGGGCACTTTCTCCGAGGAGGGCCCCTCCGTCTCGGCTCTTCCCGGCCCCGCGCTCATCGATGGCCGCCGGGTGTCCCTCGATTTCTGGCCCATCGAGGCACTGGCCCAGAAGTTCTCCAGGTTCCCCGGCATCAGGCCGTGGCTCGCTCCCCGCCTCATGGCCTATGCGCGCATCGAGGGGCGGACCTTGCACATGCCCCTGGGCAGCGAGGAGCTGCCTCCCACGCTGCTGCGCCTGCTCACGTTGTGCGATGGCGAGCGGATGGCCCGGGAGCTCGCCACCACGGCGATCGCCGAGGGCCTGTTCTCCTCGGAGGAGGACGTCTACGCCGCGCTGGAGGAGCAGAAGTCCCGTGGCGTCCTCGTCTGGGAGCTGGAGCTGCCCACCCGGGCGCATGGGCGCGAGGTGGTCCTGCGGCAACTGCTGGAGCGGATCGGCGATGAGGCCGCGCGCTCCACCGCGCTCGCCGAGCTCGCGGAGCTGGTGGAGGCCCGCGAGGCCGTCACTCGCGCGGCGGGAGATCCGGCCGCGCTGGACCGGGCCCTCGGCGAGGTGGAGAGCCGCTTCAGCCGCTTGACGTCCATGGGGGCCACCCGCAACGCCGGCATGACGTACGGCGGGCGCACCATGATCTACGAGGACTGCCGCCGGGGCCTCGACGTGACGTTCGGCCCCGAGCTGCTCGACCGCATCCGGCATCCCCTCTCGCTGCTGATGCTCGGCGGGCGCTGGTACTGCTACCAGATCGGTCTCCGGTGCCATGAAACCCTGGTCGGGCTCTTCCGCTCCATGTGCGAGCAGCTGGGGACGGACACCGTGGAGGGCGTCCTGTTCTGGCCCGCCGCCACCGAGATCTTCCCCGAGAATGTCAACAAGCCCCCCGCCTTCGCCGAACCCGTGTTGGCCGACTTCACGGCCCGCTGGTCCCGCGTCTTCGGCATGCCCCAGGCTCCCGGGCAGCGCGTGCTCGAGCTCTCCTCGGACGCGCTCGAGTCCCTCGTTCGCGAGCTCTTCGCCGCCCCCCATCCCGGCTGGCCCAACTCCCGCTACCACTCGCCGGATCTGATGATCAACGCCAGGAGCCTGGAGGCACTCCAGCGCGGCGACTATCAGGT
NZ_CP137851.1_gap70	3158016	3162112	4096	TCCTGTTCGACGAACTTGCGGACGGTCTGGCGGATGGCGCGGTGTTCCTGGGTCTGCTGCATGGGTTTTCTCGGTGAGCTTGGGAGCGTGCGAAGGGTCAGAGAAGCTGTTCCGGTACCTCGACGTGGCGTGCGCGCAGCCACTCGCCGAGCGCCTTGGCCTGTGGGTCGAAGCGGGTGGACGACGAGACGCCCTCTCCGAGGAGGCCCTCGACGACGAAGTTCAAGGCGCGCAGGTTCGGAAGCATGTGCCGGTGGATCCGGAGCTCGCGCGTCTCTGGCAGCAGCACGCGCAGCTTCTCTTCCGTGAGGGTGTGCACGAGCCAGCGCCACGCCTCCTCGGTGCGGACCCAGACGCCGATGTTCGCGTCCCCGCCCTTGTCTCCACTGCGGGCCAGAGCCACCCGGCCGAGCGGCACGCGCCGGGTGGGTCCCGGCGGCAGTGGCGCTGGGGGTGCCGGCTCCGGAACCGCTTCGAGTCTGAGCGTCTCGCCCGGGGGAGCCACGTCGATACGTGTTCCATCCGGAAACACAGAGACGTGCGGCACCTTCCGCGCATCGACCCAGGCTGGCGTGTAGACACCAAAGGGCGAGGCGTCGCCGGGAATCGCGGTCATGAAGAAGCCGGGGTAGCTGGCCAGCGCGAGCTCCACCGCGGCGCTGCTGAAGTGGCGTCCGACGACCTTCGAATCGGCATCCTTCGCGCTGACGCGCAGTGTCGCCGAGGCCTGCTCCTCGCTCGATGCGTCGGCGTGGTCGGTGCGCGCGAGGGTGTAGACGAGCTCGGCCGGCCGCGGCTTGAGCGCCGCGTCGAACTGCGCCCGCACGAGCGCGGCCTTCTCCTCGATGTCGAGGCCAACGAGCATGAAGCTGGCCTCGTTGCGGAACCCGCCGAGCCGGTTCAGGCACACCTTCACATCCGGAGGCGGCGGTTCTCCGCGTACGCCCGACAGGCGCACCCGGTCGGTGCCAGCGGCCTCGAGCGTGATGGTGTCGAAGCGCGCGGTGGCGTCGGGGCCGGCATAGCGGGGGCTGGCGATCTCGTAGACGAGCTGGGCCTTCACGGTATCGACGGTGACGGCTCCGCCGGTGCCCGGGTGTTTCGTGATGATGCTCGAGCCGTCGGCGAAGATCTCCGCGAGCGGGAATCCGGGCCGGCGCGTGTCGAGCTCTCCGAAGAACGCGAAGTTGCCACCGGTCGCCTGAGCGCCGCACTCGAGGACGTGGCCGGCGACCATGGCGCCAGCGAGGCGGTCCCAGTCGTGGCGCTTCCAGCCGAAGTGGGAGGCGGCGGGGCCGACGACGAGCGAGGCATCGGTCACCCGCCCCGTGACGACGATGTCCGCGCCCGCGTCGAGACACGCCGCGATGCCCCAGCCGCCGAGGTACGCGTTCGCCGTGAGGGGCTGGCCGAAGCCGAGCTCGTCCGCTCGTCCGACGAGGTCGTCACCCTCGACGTGCGCGATGCGGACCGACAGACCGAGCTTCGTGGCGAGCGCGCGCAGGTCGTTCGCGAGCCCCGCCGGGTTGAGGCCACCCGCGTTCGCGACGATGCGGACCTTCTTCTCGATGGCGAGGCCGAGCGTCTCCTCGAGCTGGCGCAAGAAGGTCTTGGCGTATCCGCTCGCCGGGTTCTTCAGCCGGTCGCGGCCCAGGATGAGGAGCGTCAGCTCGGCCAGGTAGTCGCCCGTGAGGACGTCGAGCGGACCGCCTTCCAGCATCTCGCGGAACGCGGAGAAGCGGTCGCCGTAGAAGCCGGATGCATTGCCGATTCGCAGCGATCGAGCGTCCATCGACCCTCCCGTGACGGTGAGTGAGGAGTCTGTCCCCCTCTCCCGGAAAAAAGCAAGCGTGATTGCTTTTTTTCAGACGTTGAAACAGGGTTGGGGGCATGAGTGGTACGGCGAGCGGAGCGACGAGGCAGGAGCAGGAACGCAGCCGTGTGACGCGGCAGAAGCTGATGACGGCCGCCATCGAGGTGCTCGCGGAGCAGGGCTGGGCAGGGGCGACGACCGGCGCCATCGCCGAGCGGGCGGGGGTGTCTCGGGGCGCCTGCCAGCACCACTTCCCGACGCGGACGGCCCTCGTCGCGGCCGCGGTCGAGCATGTCTCCCACCAGCAGGTCGAGGAGCTCGCGCAGCGCGCCAGGAGCCTGCCGCAGAGCCGGCGGCGCGTCGAGCCACTGCTGAACCTGCTCTATGATATCTACGCGGGCCCGCTTTTCACCGCCGCGACGCATCTATGGGTAGCGGCCGTGGCCGACGCGGAGCTGAAGGCACTTCTTCTGCCGCTCGAAACCCACGTGGGCCGGGAGGTGCACCGGCTCACCGTCGAGCTGCTCGGCCTCGAGGAGCGCGAACGCGAGGTCCGTGACGCCGTGCGCGCCACACTGGACCTCCTCCGTGGCCTGGCACTCGCGAATCTGCTCAACGATGACACCGCGCGGCGCCGCAAGGTGCTCGCCCACTGGGCGCGTACACTCGAGGCTCAGCTCACGCCGGCGCCACGAGACCCCTGAGGTCGCCGACGATGCGTCCCTCGTCAATGGGCACACAGTCCCGCGGACACTCCGTGGTGAAGTGCAGGCCCAGGGCCTTCGCCTCGCGGAGGAACCCATCGAGTCCCTCGAGGCAGGCATCCGGAATGTCATGCAGGACCATCAGCGTATGAGGGCGGGTGGTGCAATCCTCGAGCGCCCGCTCTGGCCATCCCTTGGGGTCCAGCCAATCGCCTGGAACGCTATTCCAGAGAACGCATGAGTACCGGTGGGTGAGCAGATGGTCGACCGCGCCCTGATTCAGGAGGTGCGGGCCCAGCTTGCCTCCGCCGCCGAAGGGGCGGAACCTCTTCGGTGGAGGCACCAGCGGGGAGAGGAGTGCATCCGTGGCGGCGATCTCCGCCTCCACCGCCTCCGGGCGTGCATCCTCCCCGAGCGGTACGGCGTGCGTGAAGGAGTGGTTTCCGACGAGGTGCCCCTCGTCTCGCGCACGTTCGACGAGACGCCGCCCTTCCTCCGCGAGGAGGTTCTTCCCCAGCACGAAGAAATGAGCGGTGACCGCGTGCGACGCCAGGATGTCGAGCACCTGCGGCGTCACGCGGGGATCAGGCCCGTTGTCGAACGAGAGCGTGAGCAGTCTCATCGGAACATGTTGTTGGAGGTGCGGTCGCCCGCGAGCCAACGCGCCAGCTCGCGGTGTGCTTTGGCGCGGAGGGCCTGCACCAGCTCGGGCTTCACGGCCTCCGGGCTGTCGTACGTGAACTCGACGATCATCCCGTTCGGATCCTTGATGTAGAGCGACCGGCAGTAGCCATGCTCGAGCACGTACAGTTCGGGCTCGGTGTAGCCGGCGGCCCGCAGGCGTTGCTCGATGCCACGCTGGGTCTCCGGGTCGACATTCAGCGCGATGTGGTGGAACGGGGAGGGGGGCATCTCCGGTCCGAAGAGCTTCTGATCCTCCGGTTTTTCGAACTGGAAGAACGCGAGCGCGCTCCCGTCGCCGAGCTCGAAGAACGTGTGGCAATAGGTGCGGACGGCGCCGAACAACTCGTCCGACTCACACCAGGTCGCGACGAGCGGCAGGCCGATCAGCTCCTCGTAGAACTTCCGAGTCGCTTCGAGATCTTTCGTCACGTAGGCCGTGTGGTGAAGCCGGCTCGGCAGTTTCGCTGACGTGGTCATTCGTCCTCCTTGGTGGGGTTCATCGAGACGCGTCGACGACGGGGTTGTGCAGCACACCGATCCGTTCGATCGAGACCTCGCACACGTCACCGGCGCGGAGGAATCGCGGCGGCGTTCGCGCGGCGCCCACACCGCTCGGAGTACCCATGGCGATCACATCACCCGGCTGGAGCGTCATGGCCTCGGAGAGCTCGGCGAGGACGGTGGCGACGTCGAAAATCATGTCCGACGTGTTCGCGTCCTGCACGAGCTCATCCCCGACACGCATCTGGATGCGCAGCCCCTTGGCTCCCTCCGGCAGCTCATCGGGCGTCACGAGTTCGGGGCCCAAGGCTCCCGTCCCGTCGAAGTTCTTCCCGAGCGTCCATTGGTGGGTGCGCTTCTGGTAGTCGCGAATCGAACCGTCGTTGAAGAGCGT
NZ_CP137851.1_gap71	3179418	3180517	1099	GGTTGATTGGGGACATTCAATCCACCAGGAGCAGGCGCAGGCTGACGTCGAGCTGGCTGCGCACGAGGCGCAGCAGGCTGTCCAGCTCGTCGGGCGTCAGCCCCAGCCGCGCCGTCAGCTCCTCGCGGGTGAGGGTCAGCAGCCGCTCGCGGGCACGGGCAATCCAGCGGGCCACGGTGGAGCGGGGCGCCTGATAGGTGGCGCTCACCTCGTCCATGGACTGGCCGTGCACGTGGTGCAGCCGCAGCAGGTTGCGCTCCCGGGCCTCCAGCCGGCCCAGCGCGGCGCGGAAGGCCACCCGGAAGTCCTCCTGGTGCCGCTCGCGGATGAAGGCCAGCTCGGGGTCCGCGCCCAGCCGCTCCGCCAGGGCCGCCGGAGCCTCCTCCAGGGACCGCTCGCGCGGCGCGGCGCGCTGCCGGTCGATGTGGAGCCGCAGCGCCACCGCCCGTACCCACTGCCCCAACGGACCCCGCCCGGAGTAGGAGGCCAGCTTGGGCGGTGCTTCCTCCACCGGCACCAGCAGCCGCTGGCGCAACAGCTGCCGCAGCTCGTCCACGAGGGCTGACTCCTCGCGCGGCAGCCACGTTCCCACCAGCGATAGCACGTGAGCGTCGAGCGCCTCGAGTGCCCGCGCCTCCCCTCGCACGCAGGCGAAGGCGAGGAAGAAGTCCCCCGCGCGCAGGCTCGCGAGCACCTCGCGGGCCTCTCCCGTGGAAGGCAGCCGCTCGGCCACGTAGGCCAGGAAGGCCCTCGCGTCCATGCCCACCTCCGGCCAGGCCTCGCGCGCCTGCCTCACCAGCCCCGCGAGTGCTTCCTCCAGTCCGGGAAGCGCCCGCAGCTCCGGGACGAGCGCATGCGGCGCCCGCGACAGGAAGGACTCGGTCTGCTCGGACGTCACGGCTCACCTCCATCAACGGGCGGACAGCCAGGACTGTACCTCGCGCGCGCGGGGCAGGTAGGCGGGCACGCCCTGGGCGTAGGCCTCGTGGGCCTCGCGCGCCAGGGAGAGTGCCCGGGGCCGTTCCTCCTGCGACGGCCAGAGGACACGGGCGAGCGCGAAGCGTGCCCGGGCCTGCTCGGGTGGGGCCAGCTCCACCCG
NZ_CP137851.1_gap72	3266948	3269480	2532	TTCTCTCCGGATGGCTCGCGGGTGCTGGTGGCCCGCGAGGCCCTGGTGGAGGGGAGGGTGAAGTCCTCCTTCCAGATGCTCAAGCGCGAGACGCTGATGCCGGAGAAGAGCGCCGAGCGTGTCGAGGACTTCGGCTCCTTCCAACGGTGGAGCTCCGCGGACTGGCGTGGCCGCACCGTGGCCGTGCGCTGACGGAGTCCGCGGGTTCGATTCCCGCCGCCTCCCATAATAGAGGTTGCCCGCCGCCTTGAGTCGAACCCACTCCTAAACAAGGAGGCACGGCTCGCATCAGGGACCAAATCCGTGGCGTGCACTCCTTCCTCGGCTTCTCCACCGTCGCGCCAAAGGCCGGGCTCTCCCCCTCCAGCTCCGGCTCCGCTCCCGCTTGAGGCAACCTGCCCGGATAGCTCTGGAAGGTCGGCGACGTCCCCGGTGCGGAACTCGGGGTGGTATCGTCTCGGGTTCGCTGCAGGAGCGCGCCTCATGATCCGCCGCTTGAAGCTGTTCTGGAAGCTCTCGCTCATCGCCGCGCTGATCCCGATCTCCGTCGGCGCCGGGATGGCGGTGTCGCTGCACGGTGCGAGGCAGCTCGAGGCCGATTACGACACCCGCTACGGGTTCATGCGCACCTCCATCCAGGTGCTGGACGAGGCCGACACCCGGCGTGAAGCGATGGAGGGGCACCTTCAGGAGCTGGCGCAGCCGGACCTCTCCCCGGAGCGGCGCATGCTCCTGGTCCAGCGGATCCGTGAAAACGGCCGGGCCATGGCCACCTTTGCGCAGGACAGGAAGGAGTGGCTCGCCGGGCACGAGTCCAACACCCGCGCGCAGGAGGCCATCGAGTGGATGGTCTCCCGGTTCCTGCTGATGGGCCTGCTGCTGAGCCTGGCCGGTATCCTGGTGGCGTGGGGTCTGTCGCGGCTGATCGCGCGTCCCCTGGAGGGCCTGATACGGCTCACCTCGGGGGTCTCCCGGGGTCAGCTCGAGACGCTGAAGGGCGAGGCCTGGGCTCGGACCGACCCGTACGCCCGGGACGAAGTGGGGACGTTGCTGCGGACTACCTGGGACATGGTCACGTGGTGGACGGAGCTTTCGTCCGAGATGCACGTGACCGCCAGCGAGCTGGTGGAGACCGCCTCGATGATGTCGTCTCATGCGCAGGCGGTGGTTTCGGTCGCGACCGAGCATGCCGCGCACATCTACGACCTCTGGCCGAGCGGCCTCATCCATGCGCTGCACCACTCCGCCACCGAGGCCGCCGAGAACTGCCGCGGGCTGGAGGCGGTGTCGCACGAGGGGGTGTGCGCGGTGGACAGCATCCAGCATTGTGTCTCGCAGACGGTGGCGGCGATGGAGGCCATGGTCTCGAAGGACTCCCTCATCGAGGAGCTGGCCTCTCAGACGAACCTGCTGGCCCTGAAAGCCACCACCGGGTTGACGTGCGCCGGGGAGCATGACCGGGACTTCGCGCGGGTGGCCCATGAGGTGCGCAAGCTGGGCGAGCTCTGTCAGACCACGGTCCAGGGTATCAGGGCGCAGGCAACCTCCAGCATGGAACTGGCGGTGCGCTCCGCGCAGGCCCTGGAGGACTTGTGGCATTTCATCAAAGCGTTCGAGCGCGACTCTCGACAGGTGGCGGGGAGCCTCCGCGGCTATGTCATGTGCACGTCCCAGCTGAACCTCGAAACGTCTGAGCTGGCCAAAACAGCCGACCGCACCGTCGAGGCTTCGGAGCGGCTCGCTGCCGCGGCGGAGCAGCTGGTCTTGGGTGCCCAATCGATGCAGCAGGGCACCGCCGGCGGGACCTGCGAGCTGGACGTCTCGGCCTCGGGCTCGTTCTGAGCACGCCGGTCAGCCCGCCGTCGTGACGTACCGCTTCCTTGCGTTGGATTTGGAGATTTCGATCTTTCAGACCAATTGGGTGGTCCCATTACAGGAATGACACTTGCGGGTCCGGGACAGGATGCCGGAGTACGGACGCTTATACCCGCAGGCATCGCAGTAATAATGATCGCAGCTGGCGCAGTAGTGCCACCGTGCTGAATCGGTCGTCTCTTCCTCGAGCGGCGTGGTGCACTGCACACAGCTCACGGGGTTCTCCGCGAGCTGGCCGTTGCTCTTGAGGAGCTCCAGTGCACTGTCGACGAGCTCCTTGTAGTGCTGGGTGTTCTCCGCCGCTCGCATCACCCCGTTTGCTCTCTCCTTGACGAGGTTGATGAGCTCGGCGAGCTGGTTCTGGTCGCTGGCTTCACCGGCCTTCTCCAAGGAAGTCAGCATGAGGGCGGCTTGCTTTGACACGGTCTCGTACTCTTCTTCCATCTTCCTGGCGTTCTGCTGCGCCTTCTCTGCGTTCTGCCTGGCCTTGACGAGCTCTCCCTCTCCGATGGCTTTCGCGATGGAAGACTTGCAGTTGGCCACCGCCGACTCGGCCTGCTGGACGAGGAACGCCGCCTGCTCCTCGAGCTCCCGCGCCAGCGTCGCCGCCTTCTTCGCGAGCTCCGCGTTCTTGAGCGCCTTCTCGACCGTGCCGTT
NZ_CP137851.1_gap73	3293695	3297894	4199	GTGCCACCCGTGAAGTGCCTGCCGACCTGGATGGTCCGGTTCAGTGCGGTCAGGTAGGTGCGCGCCGCCTCGCGACCTTCCAGAAGACCTTGCTCGTGCCAGGGCTTGATCTCGAAGAGCACCCGGCGTGTGACGTCCGTGATGTCCGGACACAACTTGCGCTCGTTCGGCAGCAGGAGGGACGCCCTGCCAATGCTTGTATCGCCAATGATGGCGGCGATGGGCTCCTTGTTGTAGTAGGCCCGGGTATCCGGGTAACGGACGCCGTACATATGGGCAATCAACCGGTGGGATGCGCCACCGAGGAAGAGCTGCCAGGGCATGCGCGAGTCTGGATTGCGTCCGGGGACGTTGTAGCCCTGAACCGTCGATCCGGAGGCCTGCCCACCCGCTGTGGGCCCGGTGGTTTCCCCCACCACCGCTGGCCCTCCGCTCATCGCGATGATGGTTCGTGGTGTCGGAGCGGGAACCCGCGGTGCGCGAAAGCGTGCGGCCTCCGGGTTCCACCTGGGCGAGGGTCCACCAGTGGTGGTGGTGCACCCGGCCAGCAGCGTGACGAACACCAGGACGGCCCCATGCCTCGTGGCCTGGGAGATGGACCGGCACCAGACCGCGGCATTCATGGGCAACGCTCCCTCTGCTCCATCTCGCGGAGCCAGGGAGTAGCAGAACCCAGAAGATGGGGCATGACCATGGCCGCTCCGGTGTGGTTCTTTGCTCTCTCCTGCCTGCCGCCGTCGGGTCCACGACAGCGATGCCCCGGGCGAGTACGGCTGCGCGAACCCAGGGCCTGTGGCATACAAAGGGGGCCATGTCCGACTCCCTCCACGTCCAGCTCGAACAGCTCAAGGCCCTCGGTCGTACTCCCGAGGCCCTTGCTACCGCCGAGGCTCTGGCCACCGAGCTGGCCAGGCAGGGCCAGCCGCTGCGCGCCATCGCCGTGTGCCGGGTTCTCCTCCAACTCGAGCCGGCCCACACGCGCACCCCGGAGCTGCTCGCGGACCTCTACGCGAAGCCCGGCGCCTCGCGCGCCTCCGCTCCCACCCCGGGTGCCAGTGCCCTGCCGCGTGTGCCCCTCTTCTCGGATCTCGCCCGCGAGCCCTTCATGGCCCTCGTCGCCGTGGTGGAGCCGCGCTCCTTCGCGCCCGGACAGCACCTCATCACCGAGGGCGAGACGGGCCGCTCCTCCTTCGTCCTCGTCGAGGGGAAGGTGGACGTGGTGCGCAAGATGGACGGGGGCGAGCCGCGCACCCTGTCCTCGCTGAAAGAGGGGGAGTTCTTCGGGGAGATCGCCCTCGTCTCCGAGAGCCCCCGGCTCGCCAGCGTGGTGGCCGCCCAGCACGTCCTGGCGCTCGAACTCCACCGCACGCGCGTGGATCGCATCGCCTTCAAGTACGCCTCCGTCGGCGACACCGTGCAGGCCTTCTACCGCGAGCGGCTGCTGACCAACGTCCTGCGCAGCCACCCCGTCTTCTCCGCGCTCGCCCCCGCGCAGCGGGAGGCGCTGTCCCACATCTTCGAGCTGCGCACGGTGGAGGCCGGGCGCGTCCTCATCGAGCAGGGGCAGCGGGGTGACGCCCTGTACCTGCTGCTCAGCGGCCAGTGCACGCCGCTGTTCCGCCGCCCCGACGGCCAGGAGACCGCCTTCCCCCCGCTGCGCGAGGGCGATGTCTTCGGCGAAATCTCCCTGCTGCTCGGCCAGCCCGCCACCGCCACGGTGCGCGCGCAGACGCCCTGCCACGTGCTCCGGCTGGGCCGCGAGCCCTTCGAGCAGTACCTCTCCGGCCAGCCCGGCATCCGCGCCGCCCTCATGCGCCTGGGCACGGAGCGGCTCCTGCACATCTCCAAGCTGCTCGCGGGCGGCCGGGCCGTGCACGAGGGCGACTCGCGCGTCTGACTCAGCTCCCGCCGCGCGCCGCCAGCCACTGCCGCACCAGCGCGGGCACACCCTCGCGGATGGTGGGGTAGTGGAACTGGAAGCCCGTGCCGTGCAGGCGCTCGTTGGACAACCGCGCCTCGCTCGTCAGCGAGTCCGTCAGCACCGGCCCCAGCAACAGCCGACACAGCCACCGGGGCACCAGCACCTTCCGGTACGAGACGCCCAGCGCCTCGGCGGCCACCCGCGTCAGGTCCCCGAAGGTCGCCGGCTGATCATCCACCACGAAGTAGCGCCGCCCCACCTCGCCGTGCTCCAGCAGGTGCAGCAGCGCCCGCGCGCAGTCGTCCACGTGGATGGGGGACATCTGGAGCGTGAGCGTCTCCTTCATGCCGAAGAGGCGCCGCCCCGCCTTCAGCGGCACCAGCGCGTACTCCACGAACCAGGAGCCCAGCCCGTACACCGAGCCGGGATAGGCCTCCACCAGCGGCAGCCCGCGCTCCAGGTGCCGCGGCAGGGACTCGATGGCGGGCGCGATGTACGGGCCCCACCCCGTGGGCCTCGGCGTGGCGTCCTCCGTCACCACCCGGGTGCCCTGGTCCCCGTAGTAGCTGGTTCCTCCTACGTAGAGCACCCGCTTCACCGTGCCCGGCTTCAGCGAGTCCAGCAGCAGCGAGTCCATGCGCAGCCGCTGCTCCCGGTAGGCCAGGGCCCGCTGGTGCGTCACCCGGGCCCCGAAGGTGAGCGGCTGCGCGAGGTGCACCACCTCGTCGCTCGCCGCCGCCTCCTCCTGCCACGGCCCCGGGGTGAGCAGATCTCCCTCCACCACCGAGACACCCTCGTGCTTCCACTGCTCGGCGGCCCGCGCATTCCGGGTGAGCACCCGCACCCGGTAGCCCGCCTCCAGCGCCAGCGAGACGAACCGCTTGCCGATGAACCCCGTGCCACCCGTGACGAACAGACGCTTCACCGTGAGTCCTCCACTCCCTGTTCCCCTCGGGTGAACGCTTAGCGCACCCGGGCACATGGCGGAAGACTCACCCGGTGCCTCCTCAGTGGGCGACGGTGCAGACACCCCCTCCGTTGAGGTGCGCCTGATCCACGACGCTCTGGGTGACGAATTCCTGGAGCGTCCGCACCGTATAGGCGCCCGGCTCGTAGACGACCGGCCTGCCCTCGCCATCCTTCAGCTCGCCCCCGTCCGGGCCCCGCAGATCCAACAGCCGCTGCCCGGCCAGCCCCTCCGGGGTGATGACCCGCTCCGCGTCCGCCGAGGCGGCGAAGGCGTCGAAGCGCAACTCCACCCCCCGGTGCGTCCCGAGCCGGTCATAGAACATGTGCTCGGCGTGGATGGTGACCTCGGCCTCCGCCACCGAGCTCTCCGGCACGATGATTCCCAGCGTCCCGTCCACCCCGTTCACGCAGTCCACCATCCGCGCGTCCACCGGGAAGCCCATGCGGAACGTGTAGACGCCCACGCCCCCCTTCACCGCCACCCCCTCCACCCAGTAGCTGTAGCCACGCTCACGCATCATCCGCAGATCCTCCGCCGAGGCGCCGCCGTCCGGGAGCGTCGTGTCCTCCCCCGGCGGGCTCACCCGGAAGCCCACGCTCCAGCGCCCCGCGGTCAGCCCCTTCAGCTCCGTGAGCGGAATGTCCCCCTTCTGCACGTCCACCAGCACGTGCCCTCCCGAGCTCCGCGTCTCCCCCGTGGCTGAGGTGAGCGTGAAGTCCCCCAGCGACACCAGGTACTTCGTGAACTGCACCGACCAGCCGTCCTGGAAGAGGTGGCTCGGATAGCCCCGTTGGGTTCCATCTCCTCCGCTCATCGTCACGCGGACGTCGCCTTCGGCCACCGGCTCGCACGACGCACCCGTCAGCGCCACTCCCACCAACACCGCGCGCCACGGCATCCTGGATTTCGATTCCTGGAAACTCATGTATCAAGGAAGTATTTGTAACCATGTTGCAAGTCAAGCGGAGGGTGGTGTATCCCTCCGGCCATCCCCGAGCGAGGTCTTCACCCTTGATGTGGATTTCCAGTCTGGTGCTCCTCCTGCTGAGCGCCACGGCCGAAGCCCCCGTGTCTCCCCCCGTCCCCGTGGAGGCCGCCCCTCCCGTCATGCCCGCGGACGCGCCCACCCTGGATGCTCCCGTCTCGGTGCTGCTGCGCCTCACCATCGACGAGGCTGGCGAGGTGTCCCGCGTGGATGTGCGCGAGTCGGCCGGGGCTGTGTTCGACCGGGCCGCCATGGCCACCGCGCTGCGCTGGCGCTTCCAGCCCGCACAGCGTGGGGAATCGCCCATCGAGGTCCAGGCCGAT
NZ_CP137851.1_gap74	3380481	3382765	2284	CGAGGATGGCGACGAGCTGGCCCCGTGTCCGCTCGAGCCGCAGGGAGAGCGCGCCACGGAGGAAGTCCCGGTCATACGCTCCCCGGAAGGCGTGTGATTTGCCGGGCATGTGACAGCTCTGGCAGGTGCCCTGGCCGCCGCGGTCCCGCCAATCACGCCACTCGCTCCAGGTCGTCTGCATCTTCTCGCCGGTGAGCACGGAGCGCCCGTCCACCACCTCGTGGCCGAGGAACTCGTGACAGCTCGCGCAGAAGGAGGGCTCGGCCAGCTTCGGCTCGGAGCGCAGGGGGTGATCGGCCTCCGGGGGATGGGGGTTCGCCGTCATCACCACGCCCTCGCGGACGTGGCACGTCACACAGGTAATGCCCTCGTGGGCCAGCGACTCCCGGGGCACCGAGGCGAGGGAGCGCTCCCGGATCAGGGCCGCACGCCGCCGCATCGCCGCCTTCGCCTGTTCCTCGAGCGGGGCATGGCAGTACACACAGCGGGGATGTGGCTCCGCCGCGAAGCCATCGAGGAACACGGCGTTGTCGAGGCTCCGCCGGTGGCGTGAACGCGTCCACGCCTCGTACACCTCCGGATGGCACGACTCACACGTCTCCGCCGAGGCGCCAGGGACGCGGATGGGCTCCAGGAAGCTCCCGAAGTCCCACGGGGAGGGGGATTCCGCCCCGGCCACGGTGGCCAGGAGCAGGGCGGGGAGCACCACCCATTTCATGTGCTCGACACGGCCTCGTTCGTCGTCGTCCGCACGATGATCCCCGAGTTGGGGTCCACGCCGTCGAGCTCGGAATCGCTGTCCACCAGCTCGGTCTTCTCGAGCCGTGACACCTTTCCATCCGTGTACGTCACGGCCGTGGCGCCCGCGGACATGATCGGGTTTCCAATCTCATCCGTGCTGGTCTCCAGCGTCACCAGGCGCGTGAGCCTTCCACCCTCCAGGAGCGCGATGGCATGCGTGGTGGTGGTGTCGGTGGTGCGCTCGACGATGACGCGCGTCTGCGTGAAGTACACCTTCTTCACGTCGGTGGCCGAGCCCTCGAGCACCAGCAGGTTCGAGAGCACCGTGCCATGCTGGTAGCCCTCCTCGTCGCTCAGTCTGGGCTTGAGGGAACCCCGTCCCTTCGCCTCGAAGAGGGTCGCCTCGGGCAGGTTGAACAAGGGCACCATCAGCGAGGCGAAGGAGACGTTCTCCGGCAGGACCACGCGTCCCGCCTGCGTGAGCGAGTACCACTTCCCGTCCTGGGGCGGTGCGGTGGCGAGCTTGTCGAGCTCCTGGAGCAGCGCCTTGTCCGAATCGGCCAGGGGACCGGCGAGCTGTCCCTTCTTGAGCTGGGTCAGCAGCGGGACGAAGTCCCTGGCGGGTACTCCCTTTTCGGCATAGCCGTCCTTGTCCTCGTCGAGCACCCGGGCGTAGCGCTTGGAGAGCACCTTCTGGTCCACCTTTTCCTCGAAGCGCGTGGACGCGAACGGGTAGGTCTTCGGCAGGCGGGCGAAGTACTTCGCGGCCTCCACGCGCTCCTTCTTCCACTGGAGCAGGGCCTCGCGCTTTCCCTTCTCGACGGCGGCGTTGTACGGCACCTCGCTGTCGACGAAGACCTGGACGTCCGACACGCAGGTGTCCTTGTACTTCGAGCCCGGGTGGACGCTGTCGATGATGAGCACCACGTCCGCCACGGCGCCCGTCACGGGGATGTCGAAGGACTGGGGCCCCAGCTTCCGCTCGAGGGTGAGCTGCGTCTTCGCCGACTCCTGGCCCCCGGGTCCGCGCACGGTGACGGTGAGCTGTCTGGGCGCGGAATTGGCGTTCAGCAACGCCTTGGACTTCTGATAGCCATTGAAGATCACGAGGCGGATGGCTCGCGCCGACTTGAGAGCCGAGACGGGAATCGTCAGCGACTCGCCGATGCCGTCGCCCTCGGTACCTTCCACCCAGGCCGTCTTCGGATCGTCATCGAGCACGTAGCTGGGGTGGTAGTTCTCCTCGTACTTGTTCCAGTTGCTCTTGAGGAAGCTGGTGGCCGAGGCCTGTTCGGCGTGCAGGCGCTGGAAGCCGCTGGCGGTGGCGAGGGTCGGGAGCAGGACGGTCAGCAGGAGGGGCCGCATGATTTCCTTTTATACCGGTTGCGGACGGAAATCCGTTATTACATGATTATAAACCGAGAAGAAAGGACTCGGTACCATGTCATCCATTGCTCGAAGCTTGATGAAGTCCTCGCATCGTTGGGGGTGGGGTCTCCTGGTTTCCGTGCTCACCGCCTGTGGCACCGCGGTGACGCCGCCC
NZ_CP137851.1_gap75	3501893	3503736	1843	GATTGCCTGCCCCCACCCCGGGCCGTGACGGCGGATGCGTCAGAATCCGCCGAGGTTGGGTCCACCGAGCGTCACGGGAGGCCCGGCGATGCGCTTCTTCTGGGCCCCGGGCGGGTCGCCGTGCCCCTTGAAGAGGTAGCCCTCGAGCCCGGCGAGGCCGATGGAGAACTGCGTCACCCACCTGTCCGCCGGCCTCGCGGGGGCGTTGATGTCGAACGGGTAGGCGAAGTGCAGGCGCAGGAGGATGGGACCGAGGCCCACGTTGATGCCCACGGCGGCATCGAGCACACGCCGGTTCCACATCTCGCGGGCCGAGTTGCCCACACCACCCACGTCGAAGCCGGCCACACCCATGAGGGTGTTGAGGAAGGCGATGCGGATGAGCGCATCCAGCGGCACGCGCAGCTCCAGCGTGGAGTACAGGTAGTGCTGGCCGAGCAGCCACTGCTCGTTGCCGAAGGGCACGCCGCGCAGGGTGTCGAAGCTGGAGAGGTAGAAGGACTGGGCGAAGCGTCCACCGAAGTTGGTGCCCGCGCCGCCGCGCAGCATGACGTGCGTGCTGCCCAGCGGGATGGGGAAGTAGCGCTCCGCGTCCAGGCGCAGGCTGCCGTAGATCTGGCCGTGGAAGGGCTGGACGCCGGTGGTGACCTCGCTCAGGAACGAGGTGCCGGAGATGGGCACGCCCGTGTAGTGGTAGCGCAGGGTGTTGTAGCCGAAGGCCAGCGAGCCCTCCGTCTGGAAGCGCAGGCCCGGCCTGTTCCGCTGCCATTCCGAGTACAGGTCGCCGACGCCGTTGATCTCCTGCAGGTTGAGGATGAAGGCGGTACTCGGGTCGAGGAAGTACGAGGCGCCACCCACGCTGAGGTTGCCTTCCAGGAAGGTGAAGGTACTCAGTGGATAGCGCGCCAGGCTGGTGACGCCGAAGAAGCGCTCACCCGTGACGAGCGCGTAGTAGGGCAGCTGGTTGCGGTACTGGCTCAGCGTCTGGTCCACGCGGAAGCGCAGCGACTGGAAGAGGCCCCCGCCGTACATGGTGCGCTGGGACTGGTTGATGTAGAGCAGGTAGCCGTCCGTCAGGTCGAACGAGCCGTACACGGCCACCTGCATCATCAGGGCGTGGTTGCGCATCCGGTCCGAGGCCGAGGCGAACATCTGCCCGTAGAAGCCACCGCCGCCCGCTCCGGCGAAGCCCATGATGGGCCCCAGGTCGATGTTCTCCCGGGAGAAGGGCTTGTAGGGCTCGGCGCCCACCAGCGAGCGCTGGGGCAGGGGGCTCGGTGGGCCCGCCTCGGCCTTGACGGCCTGCTCCACCTCGAAGTTCATCAGCTGCTGCGAGCGCAGCAGTGCCGGCTTGCGCTCACCCGACACGTGGTAGAGCAGCCACAGGTTCCCATCTGGAGCGGGGCTCGGCTCGAAGAGGCCGGTGGTCACGTCCGTGCGCCGCACGATGCCACCGCCGCCGGTGTACTCGTGCAGGTCCGAGCGGCTCTTGTCGTACGCCACGAAGAAGAGGCGGCCGTCGGGCATCACCGTCGGGTCGGCGTGGTCCCTCGCCTCGGTGGTGAGCCGCTCCACCTTGTCGGCGGCCTCCGGCTTCACCCGGAAGAGGTTGTAGTAGCCATGCGAGGTGGCGTCCGAGGTGAAGACGATGCCCGCCGGGCCCCAGGTGAGGCTGCGCTCGGCGTACACGTCGTGGGTGATCTGCCGGGGCTCCACGTCCAGGCCCTGATCCAGCGGCAGCACGTACACGTCACGCGTGCCCGACTCGTTCAGGCCGACGAAGGCCAGTTGCTTGCCATCCGGAGAGAAGGCCGGCGAGTACGCGGCGATCAGCCCGTGCTCC
NZ_CP137851.1_gap76	3556510	3557843	1333	GTCTGGAGTCCCTGGTGCGCGGGGCCATGGAGAAGCTGCCCGGTGCGCGCCCGCCAGACGCGGCCACCCTGCGCCAGGAGTTGCTGGCCGTGCTCGCCGGGCCCCTGGGGCCACCCCCGCTGCCGAAGAAGCGGGGCGAGGGAAAGAAGACGGAGCGGGGGCTCGGGCAGGTGCGGCACGAGGTGCCCGTGCCGAAGCCCGTACCCGGTGGGGCGCCCGTGGCCGTGCTGGTGCCCAGGCACCAGGAGCCCGCTGGCGACACGCTGGTGATGTCGCTCACTGCGTGTGGTTTCCAGGCGTGGGTGGCCTCGGAGACCGAGCCCTGGGAGCGGTTCGGCGCGCTGCTCGTCGTCGCGGACGGGCGCGAGTCGCTCGCCTGGGCGAAGACCCTGGCCGCGCGCCCGGGTTCTCCTCCTGTCCTGTTGTGTGGTCCCGCGGATGACTGGGACCTGGTGACGGGCGCGCTCGAGGGAGGACTGTTCGACTTCGTCCCCCTGCCGCTCGATCCGATCGATCTGACCCGGAAGGTGTCGCGTGCCCAGAAGCTCAAGCGTTAGAGGATTCGCCACGGCGCTCGTCCTGGTGCTGTGCCTGCCGGCCGTCTCGTGGGCCGAGGCCCCGAAGCCCGTCGATGACGACGTGTACGTGGTTCAGCCCGGGGACACGTGTGGCAGCGTGGCGCGCAAGGTGTTCGGTGACGCGACCACTGGCTCCGCGAAGCTGCACGCGCTCAACAAGATGGGGGCACCCCCGCATCAGCTCGTGCCGGGCACGGTGCTGCGCATCAAGGGAGACCCCGACGCGCGCCTCACCTTCATCCGGCCCGAGGTCAACTCCAAGCGCGCGGGCAAGGTGGAGTGGTTCCAGGCGAACACCGGCCAGGGGCTGTGGCGGCTCGACTCCGTCAACACGCTGCGCGAGGCCGGCGCCGAGGTCACCTTCCGGGACCTGACGCGGCTGCAGATGAACGAGAACGCGCTCGTCGTCATCTACGGCCAGTCCACCCAGGCCACGGACAAGGTGAAGAAGTCCGGCGCGGTGGAGCTACTGCAGGGCGAGCTGAACGTCTCGCTGGCGGAGCTGCGCGGCGAGCCCGTGGGCGTGCAGATGCCGGCGGCCACCGTGGCCGCGCGCTCGAAGGACCTGCTGGTGGGCGTGGACGGCCAGCAGATGAGCCGCCTCTCCGTCTTCGACGGCCAGGCCGAGGTGAGCGCGCAGGGGCAGAACGTCCAGGTGCCCAAGGATCACGGCACGCGGGTGGAGAAGGGGAAGGTGCCCGAGAAGCCTCGCCTGCTGCCCGAGGCGCCAGCGTGGGCGGGTGGGGTGCGCTCGG
NZ_CP137851.1_gap77	3560048	3564229	4181	GATCCTCGAAGACAACGTTGCCGAGCCAATCCATCGCCGCCCCGTTCAGAAGGTGAGCATCCGGAAGAACTCGCCCGCCATGCGCCGGCCATGGTGCGCGAGGTTCGACGCTGTTCCGGAGAGAATCTCGTACTTGCGGCCCGTGGTCAGGTCAACCACGTCGACTCCCTGGTGGTTGAACCGATAGAGCCGCTCGAACTGTCGCTTGACCTGGGCGTGAACGAAGCGGCCCCGGGCTTCGCGCTCCAACAGGTGCGCCAGCCAGTATTCGCCCACCTTGCGCGCATCGTCGATGGCCTTGGCCTCTTTTGGCATGAGCCTGTGCTGGCCCCATTGCTGGGCTGCCTCTGTGACGGCCTTCTGGAGCCTGTCACCCACCTCGTCCTGGAAGGGGATGTCGTGGAGGGACGTGCCACGAGGCAGGTGCCAGCGCTGCCCATTGGGGAGAATCACCTGCAGGTTGCCGCCCCGGTGTCGGATGGCGACGAGGCCCGAGGCGCTGCCCCCGGAGGAGGCTCCTCCGCCCTGACCCTTCTTGAGCATCACCACCGCCAGGGGGCCGTGAGGGGTAGCCGCCACCGTTTCCACCGCCGCTACCGCCCGTGCCAGCGCGCCCTCCTGGGCCGCCATGACTTCCACCCGCCCCAGTGCCGCGGCGCCCCCCTGCGCCCGCCACTGCGCGCTCGCCAGCCCGTAGCCCGGTAATGCTCGCACCCGAGCCGCCACCTCGCCCACCGTGCGCCCCGTCAATGCCCCCACCGCCAGAATCATCGCCCGCGCCGCGTCCGTGCCCAGCACCGTTGCGAAGCCCTCGCCCGCCTCACGCAACTCCGCGAAGGTAATGGCCTCGTGCGCCCGGGTGGCCATCAGCGCCCAGCCGTCCATCAGCCCCCACAGCGTGTCCACGCCCAGCCACGCCACCAGGGCGACGGACAACCCGGCGGCCAACAGCTTGGTGGTTGGCTCGGGCACCAGCCAGAGGGCCAGATACGCCCCGAGCGTCCACATGCACGAGGCCACCAGCACCTGCGGGTCCAACTCCCGCCCCAGGGCCGCCTTCGTCTCCTCCAGCACCGAGCCGAAGGCCAGGGCCAGGGCCAGCGTGCGCCGGTCGTCCGCCTTCAGGTAGGGCCCATCGTCCAGCAGGCGCAGGCAGTCGCCTCCGCCGTGTCCCCGGGTGCACCACAGCAGGTACCGGTCGCGCAGGGCCTCGTCCGCCACGGGCTTCAACCGGCTGTCCTCGTTCTCGGGTACCAGCGTGAGGACGCGACCCTTGTACACCTCGGCCACCCATGTCTCGCTCAACTGCTCCCACTCCGGGAGCTGCTCCACCTGTCCCTTCAGCCACTCGCGTGCGGCCTCGCGTGGGCTCTTTCCCTCGTGTTGCGCCTGGTGGGCGATGTGCCGCATGGCGCGCTGGAAGTCCGCCCGGCTCACCGGCACCGGCCGGGTGGTGCCACGGCCCGGCTCCACCACCGCCACCTCGTACACCACCGCGTCCGCGAGGTCGGCGTCCGAGGCTGGGGTGTTTTCCTCCTGGGGAGCTGGCGGGGTGAGCGACAGCGCGGCTCCCCGGCCCGAGAACATGTCGCCCGAGGGGTGGCCCGTGGCACACGCCGAGAAGAGCAACGGGACGAGCAACACCCACGGTGTCCACGCGCGGCGTGGCGGCACGTCTACCGGAGGGGAATTCTTCATGTGGGGGAACATGCTGTACCGCTCCCTCCAGCTGGGCGGGCTGGTGCCAGGGTTTTCCGGGAGTACACGGAAGCACGGGGACGGCTGTCAACCCAAAGGGTAGGGGATGAGGTGGAGGACGCGAAGGGTTGGCAATGGGCACGAGTGCTACGGGGATGGTGATGTGGCCCAGGGTAACGGTGCGCTTCTGCTTGGCGTCCCAGCGCGTGCACTGGCCGCGGCACGTGCTTCACGACGTGGGCGACAGGCGGGTGCTGGCCCGTTCCAGGTGTAGACGTCTACACTTGGTGTGGGGCTTTTGAATACATATTCGGGTGTAGATATCTACACTTGAAGTCCATTCGGAGTCGTTCGTGCGGAGGCTTAGAGTCTTCTCGCATGGAGATGCCCGAGTTCATCGAGGCGAGGCGGCCGCGCTGGCAGCAGTTGGAGGCCCTGCTCGACAAGGCCGAGGAGCACAGCCTGCGCGCCCTGCAGCTGGAGGAGGCCCGCTCGCTGGGCAAGCTCTACCGCGCCGTCTCCAGTGATCTGCTGTGGGTGCGCGCCCGCGGCGGCTCGGCCGACGTGAGTGAGTACCTCAATGATCTGGTGGGCCGCGCCTACGCCCTCACCTATCCAGGCCAGCGGCCGAGGCTCTCGGACGTCTGGGCCTTCGTCGCCCGCGGCTTCCCCGCGCTGCTGCGCCAGGAGTGGCGCATGTACCTGGCCTCGGTGCTCCTCTTCCTGGCGGGCCTGGGCTTCGGCTACCTCGGCATGCTCGCGGATCCGGACGCGGCCTCCTACCTCGTTCCCGCGGAGCACCTGAACCTGGACCCCGTCGAGCGCGCCGCCGGCGAGGCCTCGGGCGATGGCATGTCCGTGCAGCAGCAGGCCGCCTTCACCACCTTCCTCTTCACGCACAACATCGAGGTGGCGTTCCTCGCCTTCGCCCTTGGCATCACCGTGGGTGTGGGCACGGCGTTGATGCTCTTCTTCAACGGCCTGATGCTGGGGGCGCTCGCGCAGGTGTACACGGCCAAGGGCATGGCCGGCTGGTTCTGGGCGTGGATCCTCCCGCACGGCATTCCGGAGATCACCGCCATCTGCATCGCGGGGGCGGCGGGCTTCGTCATCGCCCGGGGGCAGGTGGCGCCGCGAGGTCTTCCCCGGGGCATGGCCCTGCGCCAGGAGGCCGTGCGCGCGGTGAAGCTCCTCTTCGGCACGCTCGTGCTCTTCGTGCTCGCGGGCTTCATCGAGGGCACCATCTCGCAGATCCACCCGCCGAAGCTGTCGGTGCTCTTCAAGGTGTCCTTCGCCCTGACGGTGGGCCTGGGTGTCTATGCCTACCTGTGCTCGGACTGGATGCGCGGGGCGCGGGCGGATTCCGCGAGCCCGGACGGGAGTGGCGCGCGTTAGGGCGGAGGACGGGCGGACCTCATGGAACACGACAAGACTGCTCCGAGCGCACCTGCCCCCTTCCTTGGGCTCGCACAGAAGGGGACGGTGATCGCCGGCCGCTTCACCCTCGAGGACGAGGCCGGACGCGGAGGGATGGGCACCGTCTACCGGGCCCTCGACGCGTCCACCGGCCGGCCCGTGGCGCTCAAGCTGCTACACGCCCTCGCGTCCCAGCAGGCGGCCATGCGCTTCAACCGCGAGGCGGTGCTGCTCGAGGGCTTACACCACCCGGCCATCGTCTCGTACGTGGCGCATGGCACCCTCGGCAACGGCCAGCCCTACCTGGCCATGGAGTGGCTCGAGGGGGAGGACCTGACGCGCCGCCTCCTGCGCGAGCCGTTGTCGCTCCCCGAGGTGGTGTCGCTGCTGCGCCGTGCCGCCGAGGGACTGGCCACGGCCCACCGCCAGGGCATCGTCCACCGGGACCTCAAGCCCTCCAACCTCTTCCTGCGCGAGGGCCGGCCCGAGGACGTGGTGCTGCTGGACTTCGGGCTGGCGCGCCATGCGGCGCCCACGCTGGCGGGGGTGACGGGGACGGGCACGGTGGTGGGGACCCCGGGGTACATGGCGCCGGAGCAGGCCTCCAGCAAGCCGGAGATTCCGCCCGCCGCGGACATCTTCTCGCTGGGGTGCGTGCTCTACGAGTGCCTCACGGGCACGCCGCCCTTCGCGGCGCCGCACTTCGCGGCCGTACTGGCCAAGATTCTCTTCGCCGAGCCGCTCGCCCTGCAGAAGGCACGCCCCGGCCTGCCCATGGGCCTGCAGGTGCTGGTGGACCGCATGCTGGCCAAGGATCCCAAGCGGCGGCTGCCGGATGCGGATGCGCTGCTGGAGTCGCTCTCCGCGTTGGATTCAGTGCCCGAGGTGTTGCTGCCCCAGGCCGGGACGGACCCGGGGCCCCTCCCCATGGTGGGGGCCGAGCAGCAACTCGTCAGCGTCCTGCTGGTATCCCCGAATCCCGGTCAGAAGGAGGAGACGGTCGACTGGGAGCGAGGAGGCGCGCTGCGTGATGCGCTGCGCACGGAGCTCTCGCCCTATGGCGCCCA
NZ_CP137851.1_gap78	3745831	3747337	1506	CACGGGGCCGCTCACCCTCTTGTCCTTGTCCATCTCCGGGGGGGCTGCCTTCTCGGTGGCTTCGCCAATGACGCCGTACACGCTCGCGCCTGGCATGGCCCTGGCGCTGCCGGTCTACTTCAATCCCACAGCCGAAGGCCTGTTCTCTGGCGCCCTCTCCCTCGCGACGAACGATCCCGAGTTTCCGTCCATCTCCGTGCCGCTCATGGGCATCGGCGTGATGCCTCGCCTCGTCGTGGATCCCATTCCGCTCGATTTCGGTGAGCAGCACGTGGGCACCAACGCGATCAGGACCGTGAGGCTCAGGAACGTCGGCTCGGGGTCTCTCGTCATCTCCTCGGCGATCCTCTCGGGCGCGCCCTTCTTCTTGGATGCTCCGCCCATGCCTTTCGTGCTGCCCGCGGGCGAGCTCCGGGAACTCGTGGTGCGCTTCAGCCCGACGTTCACGGGTATCGCTACGGGGACGCTCTCCCTCTCGACCAACGATGCGGTCAGCCCCATGTTTGCCATCCCCGTGGCGGGGGTTGGTGTTGGCTCGGAGTCCGGTCTCGTCTTCGAGCCGTCTTCGCTCGACTTCGGTGCGCAGCGTGTGGGGACCAGCAGCACCCGCTTGGTGACCGTCACCAATGCCGGCTTCAGCCCCCTGTTCCTCACGTCGCTGTCGCTCACCGCGAGCGTCTATCCGTCCTTCTCCTCGACGACGCTGCCGGCCATCCCGTTCTACCTGTCCCCTGGCTCCAGCCTGAACTTCCTGGTGACCTTCAACCCGGGTGGCGTGGGCTCGGTGACGGGCACGCTCCAACTCACCGCCAACGATCCGCTCGTCTCCGCCGCCACGCTCCCGCTCTCCGGCAGTGGAGTGAGCACCTTGCTCGGCGGGTTGTAGTCGCGCCGGCCCCTCCGCGGCTCACGGGCGGAGGGGCCAGATGCGTGAAGGAGGGGGCCTCCGTGTCACAGCGAGATTTCCCACTCTTCCGCCACCGCGCGCTGTGCCTCCGCCTCCTGTTCCCGCCCCAGCTTCTCCAGCAGCGTGGGCCACAACACCGGATGCGGCAGCCCTTCCGCGCACCGGCGCAGGCCCGCCTCGACCTCACCCAGGTCCGCCTCCGGCGGTACGGCCAGCAGCGCGAAGAACCCTGGCACTTCCTCACCCTCCGGGGTCATCAGTTGGTACGTGTCCGAGGTGCGCACCGACAGGCGCGCCCCGCATGCCGCCAGCGTCTCGTACATCTTCTCGATGGCCTCATCGCCCGGGCCCACGCCGTCCAGCGCGAAGACGTTGTACCTGCCCGGCCGGAGCACCTCCACGACGGGGTACAGCCAGGAATGCTCCTCCTCCTCCCCTTCGGCGGGGCCCTCGTTGAGCGGCGTGGCGTCGAAGGCCACGGTGTCTCCCACGTGCTGGGCGGAATCCGGCATGGCGATGGAGACCACGCGTGCGGTGACGGGGCTGGTGCGCCGCGCCCACACCTCCGTGAAGGTTCCGTCCGGCTCGGTGTAGCGCAG
NZ_CP137851.1_gap79	3765456	3770196	4740	TCCGTACCATCGGCGACCCCGAAATCCGCATGCGCGAGGACCCCGTCCGCATCCTCCGCGCCGTGCGCTTCGCCGCCAAGCTGGGCCTGGACATCGAGTCACGCACCTACGCCGCCATGGAGGGCGCCGTCGAGGATCTCCCCCGCTGCGCCCCCGCGCGCCTGCTGGAGGAGACCTTCCGCCTCATCCGCGGGGGCGTGGCCGCGCCCACCCTGCGGCTGCTCGCCGCGCTGGACGCGCTCAAGGTGCTGCTGCCGCCCGTGGCCGCGTACTTCAAGGAGAACGGCCGCCGCGGCCGGGACACCTTCTACGCCTTCGCCGAGGCGCTCGACCGGCGCGTCTCCACCGGCGAGCCGCTGGATGACGCCATCCTGCTCGCCGCGCTGCTCGTCCCCATCGCCCAGACGGCCCCTGTCGTGGAGAGCCAGGATCCGGCGGAGCGTCCCTCCGTGGCCCAGTCCATCGAGGAGCTGCTCGCCGAGTTCGTCCAGAGCGCGCGTCTGCCGCGCCGCATCGCCGAGCGCTGCCGGCTGCTGCTCATCGCCCAGCGCACCCTGACGGGGGAGCGCCGCCGCCGCACCGGCGCCTTCCGCCGCCACCCGCTCTTCAACGACGCGCTCATCGTCTTCGAGATCTCCGTCGAGGCCACCGGCCAGTACCGCGAGGCGCTCGAGGCGTGGAAGCGGGGCGAGTTGCCTCCCCTCAAGTCCGCCGAGGGCGCCACCGAGGGCGGCGAGGCCCCGCGCAAGCGCCGCCGCCGCCGCCGTCGCGGTGGGCGCAAGGCGGGGGAGGGTGCTTCCGCCACCGGGGCACCCGTGAGCCCGGACGGAGAGGCCGCGGAGCCGGGTGACGACTCCGAGGGGGACGACGCCGATTCCGGCGCGGACTCCGACGGTGATTCCGAGTCCGACGAGGGTTGACCCCCGGCCAGAAGGGCCTGTCGGCAGTGTGGGGCTGAACGATCGGCCGAGCGGGCCCCCCATGACTTCCTTGCGGGCAAGCGGAGGTCTGACCACCTTTGCTTCCAATGGGCCAGAGCGCCTTCACAAAGGCGGTGCTGTTCATCGTGGCACTCTGGGCGCTCCCGTCCGGCGCTGAGGTCCTGGAGCTGTATCGGCCGCTCGCTCCCCCTCCAAGCATGCCGGAGCGCCCCGCCTTCGAGGAGCTGCTGTTCTCCTTCGCGGATCCGGATCGGGCCCTGCAGGGGGGCTTCCTCGTTCCCTCGCTCTCCCTCGCCGTGCGCTCGCGGGCCTGGGCGTTCATGCCGTCGCGGAAGTACGAGCAGCGGGATGCCCTGGACACGCTCTCGCAGCCCGCGCAGGACCTGACCCTGTCCGAGCTGCCAGCGGGACGGCACCTCGTCTCCCTGCTCGCCCTGGGCCCCGATGGTGGGCAGGTCCGGATTCGTGACCTGGGTCACCGGCTGCGCGGACCGGACAGCCCGCTCCAGAAGGGTTTCCAATCGGCGCTCGACTACCTGCACATTCCCAAGCCCGCGGCGATGGTCTCCGCGGGCGTGGCGGCGCTCGGGCTCGTGTACCAGTTCGGCACCGTCCAGGTGAACGACCTCGGGATTCCCACCTCGGTGAGTGCCACCACGCTCGGGGGGAAGCTGAACGCGTCCGTCCAGCTGCACTCCGAGGCCCGGTTCCAGAACGCGCGCGCGGACACGTCCGTGCGCTTCCGGTTGCCGGAGCTGCCGCTGCCCGCCATCCGCTTCGAGCAGATTGAAGTGGGCGGTACGGTCGCGCGCACCCCCGAGCGGATCCTGCTCGACACGCGATGGATCACCCTGCGCAGCCGGCTGTCCTGGCTCGAGCTGTCCATGGGGGTCCACTCCACCTTCGCCGAGCCGCAGCTCTGGACGGACTTCGAGACGAGTGTGCAGCGCGAGCGCTTCAGCGTCCGGGCCGTGTTCAGCCGTCAGTGGGAGACGGCGCGCTTCCGCTCGCTGGCCACGGCCACGCTGCGCACGGGCCCCGTGTTGTCCGGGCTCTTCATGGGCATGCAGGGCATGACGCGCACCTTCGGCCTGGTGGGCATGGGCTCGTTCTGAGCCCTCCTGACGCACGGGGGCTCAGTGGGGGCGCTTCGGCTTCTGGGGGCGCGAGGGATCCGGCTCGACTTCCTCGTTGTCCGCGATGTCCGCTGTCGTCACCGCCTTCGTGCCGAAGCGCTCGGCGATCCGGTCCAGCGCCGCGTTCAGCTTGTCGCTCTTCCTCGGCTTCTCCGGCTCGGAGAAGAGCCCCAGCTGTCTCGTCTCGCCTCCGTCCATTCCCAGCTCCTGCACCGAGACGCCCGTCAGGCGCACCGATTTGTCGTCGTGCGCTTTCTCCAGCAGTTCCCTCGCCACCCGGTAGAGCGTCTGCCCGTCATCCGTCGGAGAGGGCAGGGTGATCCGCCGGGTGAGGAGCGTGAAGTCCGAGTACTTCAGCTTGAGCTGCACCACCCGGCCCTTCACGCCCGCGCGCCGCAGCCGGCGCGCCACCCGCAGTGCCTGCGAGTGCACGTGCGGGCTCAGGGCTTCCATGCCCGTCAGGTCCTCGTCGAAGGTGTCCTCGGCGCCCACGCTCTTGGCCTCGCGATCCGGCACCACCTCGCGGGGATCGATTCCCTGTGCCAGTTCCCACAGCTGGCGTCCGCTCGCGCCCCACCGGGCCTCCATCCACGCCCCGTCCCGCTTCGCCACGTCGCCGATCGTCTCCAGCCCCGAGCGCTTCAGCGCCTCCTCCGTCTTGGGCCCCACCCCCCACAGCCGCCCCACCGGCAGCCCCGCGAGGAACGCCACCGTCTCCTCCGCTCGCACCTCCCGCTGGCCGTTCGGCTTCGCCACGTCCGAGGCGATCTTCGCCACGAACTTCACCGCCGCGATTCCCGCCGACGACGGCAGGCCCGTCTCCGCCGAGATCTCCTTGCGGATCCGCCTCGCCATGTCCGCCGGCGCCCCGAACAGCCCCACCGACGCCGTCACATCCAGGAAAGCCTCGTCCAGCGACAGCGGCTCGATGAGCGGCGTGTACCGCTCGAAGATGGAGAACACCTGCTCGCTCGCCTCGCTGTACGCGTTGAAGCGCGGCTTCACCACGATCGCGTGCGGCGCCATCTTCATCGCCCTCGCCATGGGCATCGCGCTGCGCACCCCGAACTTGCGCACCTCGTACGAGGCCGCCACCACCACCCCGCGCCGCGCGTCCCCGCCGACGATCAGCGGCTTGCCCCTCAGCTCCGGGTTGTCCCGCTGCTCCACGGACGCATAGAAGGCGTCCATGTCCACGTGGATGATGGCCCTCATCGGATTCACTGTATCGGCCCCCTCTGACGCTCAATCCCCATGAAGACCCTCACCGAATACCTCACCTTCCAGACCCGCGAACGCCGGGAGCTCGTCCGCATCACCGACTCCGTCGCCGAGCTCGTCCGCAAGAGCGGCATCCAGGAGGGCATGGTGCTCGTTTCGGCCATGCACATCACCGCCGGTGTCTTCGTCAACGATGATGAGTCCGGTCTCCACGAGGACATCTGGGAGTGGTTGCAGACACTCGCCCCCCAGGGCCCCGACTACCGCCACCACCGCACCGGCGAGGACAACGGCGACGCCCACCTGAAGTCCCTCCTCATCCACCACCAGGTCATTCTCCCCGTCACCGCCGGGAAGCTGGACCTCGGGCCCTGGCAACAGGTGTTCTACGCCGAGTTCGACGGTCAGCGCAGGAAACGGCTCGTCATCAAGGTGATGGGCGAGTAGGGCGCGCGGGGTTCAACCCGGGGTCCGGGCACCCTCACCCCGTCCCTCTCCCGAGGGGAGCGGGATTTGATGGCTCCTGAGAACCTCGAGGAGCTCCTGGGGGAGGGGGCTTTCCACCCGCACCTGCTGCTTCGTGATGGGGTGGGTGACGCCCAGCGCCTTCGCGTGCAGGAAGAAGCGGCCCAGGCCCGGCTCTTCTCTTCCTCCGTAGAGGGTGTCTCCCACGATGGGCGCTCCCACCGCCGCCAGGTGTGCTCGCACCTGGTGCAGCACTCCCGTGTGGATCCGCACCTCCACCAGGCTGTACTCCCCCGCGCGCTCCAGCACCCGGAACTCCGAGCTCGCTTCCCGCGCTCCCTCGCCTCCGTCCAGCGCAGGCTCCACCCGGTCCGGGTGTCTCGGGTGGTGACGCAACGGGAGGTCGATCTCCCCCTCGTCCGCCAGCGGCCCCGTCACCAGCGCCCAGTAGCGCTTGTCCACCTCGCGCCCACCGAATGCCTCGCGCACCGCGGTCCACGCCTCGCGCGTGCGCGCCGCCACCATCACCCCGGATGTCTCGATGTCCAGCCGGTGGCACAGCCCGCCCTCACGCTCGTCCTCCGAGGCCTCCGCGCACTCGGGATGCCTCGCCACCAGCGCGTTGGCCACCGTGCCCGTTTCCCCCGGCTGCAACGGGTGCGAGGGCTTGCCCGCGGGCTTGTCCATGAACACCAGCGCCTCGTCCGCGTGCAGCACCGTCAGCGGCGCCTCCGGCTCCGGCACCACCTCGCGCCGCTCCTCCGGAACCACCACGGTGATTCGCTGCCCCACCGCCACCAGCAGCCCCTTCTTCGCCGGCCGGCCTCCCACCTTCACCGCGCCCGCGTCGAACAGCCGCTTCAGCTTCGCTCTCGACAGCCCCAGCGCCTCTCCGATGAAGAGGTCCACCCGCTGCCCCGCCTTGCCTTCCTCCACCACCAGCGTGTGCGTCGTCCCGGTCTCGTTCACTCGGACAG
NZ_CP137851.1_gap80	3771353	3774896	3543	GACCGATGACTTTGGGACGCATCAAGTCATCGATCCTAGATACCCTGTCGGGTCAGGGTCAAACGCCCGCCTGGATGAGATGGGTGTTGGATGACCGTCATCCCTCCATTCCATCTCCTCATGGGGCCCGGTAGCCAGGGTGGGGTAGGTCCGGCACTCACTGACATCCGGGGGAGTTGCCGCGGGGCGGGTCCGTGCCGTTCCACCCCGGGCCGCGACCGCTCGGGCCGGTGGTGCGACCACTCTTGCACACGCCCGTGGACGTGGAGGGGTGGTGCCTCTACATTGCGCAGCCTCATGGAACGCCCTGTGTCACCTCCCTCCGTGGCTGCTCTCGAGCGACTCGTCCAGGAACGGCCCCTGCCGCGCCATGTGGGTATCATCATGGACGGCAACGGCCGGTGGGCGGAGATGCGCGGTCTGCCCCGGGAGGAGGGCCACCGCGAGGGCTCCAACAGTGTGCGCGAGGTGACCCGCTGTGCCCGGCGCGTGGGCGTCCAGGCCATCACCCTCTATGCCTTCTCCTCCCAGAACTGGGCCCGCCCCGCCGAGGAAGTGGCCGCCCTCATGGACCTGCTGCGCGAGTACCTCGAGAGCGAGCGCACGGAAATCCTGGAGAACGGCATCCGCCTCAACGCCATTGGCGAGGTGGAGAAGCTCCCGCGCTTCGTGAAGGAGCCGTTGGACCGGCTGCGGGCGGACTCTGCGGACAACACGGGGATGGTGCTGACGCTGGCGCTGTCCTATGGCGGACGCGAGGAGCTGGCCCAGGCGGCGCGCCGCATGGCCGAGGCCGCCTGCAAGGGCGAGCTGACGCCGGCGCAACTGGACACCCAGACCTTCGAGTCCTACCTCTGGACGAACGGGCTGCCACCGCTGGACCTGGTGGTGCGCACCAGTGGTGAGCAGCGCATCTCCAACTTCCTGCTCTGGCAGCTGGCGTACGCGGAGCTGTGTTTCAGCGACGTCCTCTGGCCGGACTTCAAGACCGAGGCCTTCCTGCGCTGCCTGGCTCAATACCAGCAACGCGAGCGGCGCTTCGGTCTCACCTCCGCTCAAGTGAAGCGAGAGGACTCCCAACGGGCCAAGGCGTGAACGAGAAGAACAAGAACCTCGTCATCCGGACTGTATCGGCGCTCACCCTGCTGCCGCTGGTCGTCTTCCTGTTGTTCAAGGGAGGCCTGTACAGCGCGGCACTGCTGAGCGTCGCCGCCGCCATTTGCGCCAGTGAGTACTACCTCATCACCCAGAAGACGCTCTCTCCGGCGGCCTGGGTGGGGATCGTGCTCTCGGGTCTATTGCCCGCCCTGACGCTGAAGGATCCGGCGCGCACCGGGGCGGGGGCCTTCTGGATCCTCGCCTTCTATTTGTTCTTCGCCTTCACCTACCACCTCATCCGGGGCCCCCTTCAGGACGCGCCCACGCGGGTGGCCCACCTGGTGACGGGCATGCTGTACGGCTCGGTGGGGCTCACCGCCGTGGCCGCCCTGCGGCTGATGCCGGACGGGATGGCGTGGTCCATCTCCGCGCTCGTCATCACCTGGGCCAACGATACCTCCGCCTACTTCGCCGGCCGCTTCCTGGGCCGCCACAAGCTCTACCCCGAGGTGAGCCCCAACAAGACCTGGGAGGGCTTCTTCGGCGGCATGGTGGGCTCGGTGGTGGGCATGTTCATCACCCGGGGCTTCTTCTATCCCATGCTCACGGTGACGGACTGTCTGGTGCTGGGAATCCTGGGCGGAATCCTGGGTCCTATCGGGGACCTGTGCGAGTCCATGCTCAAGCGGGCCTATGGGGTGAAGGATTCCGGTGTGGCCATCCCGGGGCACGGCGGCATCCTGGACCGGATCGACGCGCTGCTCTTCAACGCGCCGCTGGTGTTCGTCTACGTGACCTTCGTGCGCGGGCTGCTTCCGTAACGGCCGCCGATTGTCCGGTTGGCAGGACTCCGGGCTGTGATGCGCATTGTCGGGCATGAGTCCCACGGTTAGTGTTGGCACCATGCTTCAAGGTCCCGGTCTGTTCATCGTCCTGCTCGGCGTGCTCATCACCGTCCATGAGCTGGGCCACTTCCTCGTGGCCAAGGCCTGCGGGGTGAAGGTCATCCGTTTCTCCATCGGGTTCGGGCCGAAGCTGTTCGGCTTCACCAAGGGGGAGACGGAGTACCAGGTGGCCCTGCTGCCCCTGGGCGGCTACGTGAAGATGGCCGGGGACACCCCCCACGAGGAGCTGAGCCCCGAGGACGCCCAGCGCGGCTTCCTCAACGCCGCGCCGTGGAAGCGCGCCCTCATCGTGGTGGCCGGGCCCGTCTTCAACCTGGTCTTCCCCGTCCTCATCTACTTCTTCGTCTTCTTCGGGCCGCACGAGACCATCTCCACCCGGGTGGGGTACGTGGATCCCGCCATGCCCGCGGCCGCCGCCGGCATCCGGCCCGGAGACCGCATCGTCGCGGTGGATGGCGACAAGGTGCGGACCTTCGAGGAGATGCGCGAGGCCTTCGTCGGCCGCTTCGACCGCTCCATCCCCATCACCATCGAGCGCGATGGCAAGCAGCAGATCGTCAACGTGACGCCCAACCGCATCGTCGAGTCCTCTCCGGTGGACTCGGTGGAGCGGGGGCAGATTGGCGTGGCGCACACCAACCGGCCCGCCGTGGTGGGCGTGCCCCCGGGCTCGCCGGCCGCGCAGGCCGGGCTGAAGACCTTCGACCGCGTCCTGTCCATCAACGGGGTGGCCATCCCCGACGAGGCCGCGCTCAACGAGCAGTTGGCGAAGGTGGAGGGGACGCTGGAGCTCACCGTGCAGCGGTTGGCGCCGGTGCCGGCCGGTGTGGTGACGGGGTACTCGCCCTCCGTGCACAAGGTGACGGTGCAGAAGCAGCCGGGTGCCGAAGGCTTCGCCGCCCTGGGGGCCCAGGCCGCGGACATGTACGTGGGCTCCGTGTTCCCGGGCAGCCCGGCGGAGAAGGCCGGCCTGCGGTTGGGAGATCAGCTCGTCTCCTTCAACGGCGAGCCGCTCAATTCGTTCAATGTCCTGGCCGGCAAGCTCAGCACCCTGAAGGAGCAGTCCTTCCAGCTCGGCTGGCGCTCGGCGGACGGCCAGGTGCGCACGGAGACGATCGCCCAGGCCTCCCACACCAGCAAGGACGAGATGGGCCAGGAGTCCTCCCGGCTCGAGCTGGGCCTGCGGCCCTGGCTGCCCTCGTCGGCGGAGCTGCTGCCCACGGACAAGGTGACGGTGACGCTCGGGGTGGGCGAGGCGCTGCGCGAGGCCGCCACCGTGGTGCCCAAGATCGTCGGGCAGATGGTGAAGGTGATTGGCGGGCTCGTCACCGGCCAGGTGTCGCACAAGACGCTGGGCGGGCCGGTGATGATGTACCAGCTGGCCTCGAGGAGCGTGGACCAGGGGTTGGACTACTTCCTCAACCTGATGGCCATCATCTCCATCAACCTGGGCGTGATGAACCTGCTGCCCATCCCCATCCTCGATGGCTTCCACCTGCTGTCCGCCTTCTGGGAAGGCATCCGCCGCCGCCCCATTCCG
NZ_CP137851.1_gap81	3799476	3800310	834	TGGCGCGCACCTTCTTCCGCATGATCTTCTTCTGAGATCCGTGTGACTCCCAACATCCACTACGAGAAGCGAGAGGTCGTTGGCGAGCGGCTGGAGCTGCGCAAGGGCCCGTTCTACTGGCTCGGCCCCGACCTCACGCTGCGCGACTGCACCGTCATTATCAGCGCGGCTCGGCGCTCACTGAGCCTGGTCTCAGGGCAGTTCATCAACTGCACCATTCAGGCGAAGGGCCAGCTAAAGACGATGCCGTGGGCGTCGATAAAGCTGAAGGGGTGCCGATTCAAGGGCCGCTTCACGGGCAACGACTTCGGATTCCGCGAGGACGTGGACGACAGGTGGAGGGAGGGTGGGATCGAGGACTGCGACTTCTCCGAGGCCGAGCTCCATGGGTGCGCCTTCTACAACTGCGACATGAGCACGATTCGTCTGCCACGCTGGCCGTGCTTCACCTTTTTGGACCCACTCGAGCACGCGGCGGAGTTGCGCCAGCACGCTTGGCCCGGTCGGGTCGGCCGGGTCACCATCGAGGTGGTCTGCGAGTCAACCAAGGACACGGCTGCGGTGACCTGGCACGCGCCCACCGTGGCCGAGAAGATGGACACGACAGTCGAGGAACTGCGCGCGGCCCTGGAGAGGGTCCCGTCGGTCATCATGTAGAGGCGAACTCGACCGAGGCCCGCCAGTTCCGGCCGCTGCGCGCCTGGAGTTGGTGGACTCATCAGGCGGCGTCCCGTCAGCTACCCGGGCTCCTCCCAGGGGGCGCCGAGCCAGGCCTGATAGGCGGCCTTCTGCGCGTCGGTGGGCTTGTCCACCCGGGCCAGCCACACCGCGTCC
NZ_CP137851.1_gap82	3835584	3838119	2535	GGCGGCGAGGTAGAGCGCGGCCGGAGAGCCCAGCCCGCCCGCGCCCAGCAGCAGCACCCTGGAGGCGAGGAGCTTCGCCTGCCCCTCCTCGCCGACCTCGGGGAGGATGAGGTGGCGGCGGTAGCGCTCCTTCTGGGCGGGTGTGAGCACCACGGGCTTTTCCACCGGGTAGTGGGCGTCGCTCCAGCGGTTGAAGCCACCGGCCAACGAGGCCACGCGCGTGTAGCCCATGTGTTGAAGGGTGCGGGCCGCCAGGGCCGAGCGGGTGCCCCCGGCGCAGTAGAGGACGAGCTCCTCGTCCCGGGAGGCTTTGTCCTCGATGCGCAGCTCGAGGTAGCCCCGGGGGATGTGCACCGCGCCGGGCAGGCGGCCACCCGCGTACTCGTCGCCCTCGCGCACGTCGATGAGCTTCACGGGGGAGCGCGCGTCCAGCAGGCGCTTGACGTCCTCGGTGGAGACCTCGCGGATCTCCTTCTTCGTGGCGGACAGCAGCTCGCGGAAGGTGGCGGACATGGGGGCACGTATAACCCGGGCGGGGGCGTCCGGGGGCGGGCGCTCGCATTCCTGGCATGGGGGGCGGGCGGAGGGGCTGGCACCCGCATCCACGAGGGGGCAGATTCAGACTGTGGGGAGGAGCCGTACCCCTGGAGCAGGTGGAGCAGATGGAAATTCTGGCGCCGGGCGTTATAAGGCGCCTGTAAGGAGAGCAACCTATATGGACACGACCACCACCCCCGCTTCCAACACCTCTGTTGCCCCCCAGGGCGAGCCTTCGAGCCCGGTGCGGCTTACCGCGGCCGCCGTGACCCAGGTGAAGAAGGTCATCCAGGACCAGGGCTTCCAGGACTACTTCTTCTCCATCCGGGTGGTGCCGGCCGGCTGCAGCGGGCTGGGCTACGACCTGAACCTGGTGCGCGAGATGAAGGCGGGCGATCTGACCTGGGATCAGGACGGGGTGAAGATCGCGACGGACGCGCTGAGCAACAAGTACCTGTCGGGCACGGAGATCGACTTCGTGTCGAGCGTGACGGGCGCGGGCTTCAAGTTCAACAACCCGAACGCGAAGTCCTCCTGCGGCTGCGGGACCTCGTTCTCGACCTGATCCAGCATCGCAGCACGATGCTCCAACCCGTCACTCCTCCCTCTCCCCTCGGGAGAGGGTCGGGGTGAGGGTATCCGTCCCGGTGTTCCAACCCGAGGCGGTGAATCCGGGGTGAGGGAAGCCGCTCCACCGAGCGCCCCTCGCCCCTTTTTCTTCATGGGGGCCCCCTGCCACCGTCCGACTCCGAGGCGGCCCAGCGGTACGTGGGCACGGTGGGGGGAGCGCTATGAGTACGTGGACGCATTCAGTAGTCGGGCCGAGGCGCTGAAGGCCCTTCAGAAGATGGAGAGCGCTGTCCACAAACAGGGCTATTGGCTGGAGTTCCAGCAGGGCGCGAAGTGACCCCGAGGCTTGAGCCATCCGAAGAAAGTCCGTGCAGGGGTCTGTCCTCGGCTCGAGAGCAGGAGGGAGCCCTCCGGGCACGGTCTCGCCAAAGTTGTCCAACAGTTGGACAAGTTCGTGAAGAGCGCGCCCGGGAGCCGGGCTGAACGCGAGGGCATGACTTGCGTAGGCGGTACGGACACTCCCGCCCCTGAAAGAACTTGCTTCCGCTGACTCAGGCAGCGCCCTGCGGTGGAACGGCCTGGAGGGGCAGTTCCACGGTGAAGGTGGCGCCCTGGGCTGGCGTGCTCTCGGCCGTCACCGTGCCGCCCATCGCGGCGAGGATCTGCCGCGTCACGTACAGGCCCAGGCCGAGCCCCCCGTAGTGCCGCTCCGACACGCCGCGCTCGAAGCGGTTGAAGATGCGCCCCATGGCCTCGGGCTGGATGCCGATGCCCTCGTCGCGGACCACGAGCCGGGCCTGGCCCTCGTGCTGTTCGACGTGGAGGTGGACGGGTTTGCCAGCCCCGTACTTGAGGGCGTTGGACAGCAGGTTCGTCAGCACCTGCTCCAGCCGGAGCCGGTCCCACAGGCCAGACACTGGCCCGTCCGTGTCGAGGAGGAGCGCGCACCTGGCGTGTTGCGCCTCGGATTGGAAGCGGGCCAGGACCTCGCGTGTCACCTCCGTGAGGTCCACCTCCTCGAGCAACAGCTTCATGCGGCCGGTGGTGATGCGCGACACATCCAGGAGCCCGTTCACCAGGTCCGACAGGCGCTTCACCTGCCAGCGCATCATCTCCACCTCCTTGCCCAGGCGCGCCGCCAGGGGGGAGCCCGGCTCGGCCCGGATGCTCCGCTCGAGTCCCTGGAGCCGGAGGCTCAGCGGGGTCAGCGGCGTCTTCAGCTCATGGCTGGCGACGGAGAGGAACTCGTCGCGGAGGCGCACCGCCTCTTGAAGCTCGACCAGGAGGCGCTCGCGCTCGGCCTGCTTGCGCTGGTCCTCGGTGGTGTCCCTCAGTTCGATGACGAGCCCCGTTGCCCTGTCCCCCTCGAGGATGGGGCTCGCGGTGAAGGCGACGGGGTAGAAGCCGCCATCCTTGTGGACGAAGACG
NZ_CP137851.1_gap83	3839341	3843825	4484	GGTGTAGGTACGCCCCACGCGGGGCTGGAGGGCCGCGGGCATGTCAGAGGTGGCGGGTATACCGGAGGCACCCTCGGTCGACAGGCGCATCCCCGGGTCGCGGTGTTCGGCGGACCACCGGCGCTCCTGGATTGTTGACCCCTCCGCGTCAGCGGGGCGTAACGGTCGTCCGAAGGGCCCGCGGGCCCCGTGCTTTGGGAGAGGCACGGGGTTCGCGGGAGCTGTTTTGTTCCAGTGCGTTTCAGCCCCCGGCGCCGGGCCGGATGACCTTCTGCCAGGCGAGGCTCGTCTGCTTGCGCGCGAGCCGCTCCTTGCGCCGCTCCTCGGCCTCGCGGAAGGCCTCGCGCTCCGCGTCCGTCTCCAGCTTGAGCGGAGGCACCGGAATCCGCTGCCCGTTGGCCGAGACGGCCACGAAGGTGAGCAGGGCGCTCGTGGCCATGTGCTTATCGCCGGTGAGCGGATTCTCCGCCGTCACCGTCACGCCCACCTCCATCGACGTGCGGAACGTGGCGATGACTCGCGAGTGCAGCGTCACCGTCCAGCCCACCTTGATGGGGGCGTGGAAGTGCAGGTCGTCCATGGAGGCGGTGACCACCACCTGCCGGCAGTGGCGCTGGGCGGCCACGGCGCAGCAGATGTCGATCCACTCCATCACCTTGCCGCCGAACGCGCTGTTCACCGCGTTGGCGTCCGAGGGGAGGATCATCTGCGTCATCACCACTTCGGACTCGCGGGCGCTCTTGGCGGGGAGCTCGGACGGCTCGGACACGGCGGAAACCTCAGGCGAGGAAGGTGGAGACCCGGTCGAGGAACTCCTCGCGTCCCCGGCCGGTGCGGATGTCCTGGTTCGTCACGTCCAGCACCAGGCAGTCCACGCCGTACTTGTTCTGCAGCACCATGGGGAACGTGGCGTAGTACCCGTTGAGCCCGCGCAGGAAGCCCTTCTGGATTCCCTTCTCCTCCTCGCGGCCCCGCTGGCGGATGCGTCCCAGCAGCACGTCCACCGTGGGCACGTCGAAGCAGATGATCCTGTCCGGGTGCACGATGTTGCGCGTCAGCCGCTGGAAGTACTCGAAGTACAGATCCAGCTCCGCGTTCGTCATGTGCCCCAGTCCGTGCAGGTACTTGGCGAAGATCTCCGGATCCTCGTACAGCGTGCGGTCCTGCACGCAGCTCTTCTTCACCGAGTGGATGAGCTCGTGGTGCTCGACGCGCCGGATGAGGAACTCCAGCTGCAGGGTGAAGGACCACCGCCCCATGTTGGCGTAGTAGTCCTTGAGGAAGCGGTTGTCGATGACGGGCTCGTCGAAGAGCTCGAAGCCGAAGGTCTGGCTGATGATCTTCGCGGCCGTCGTCTTGCCCGCGCCGATGTTGCCGGCCAGCGCCACGAAGCGCTTGGCGCGCGGTGCACGCACGCGGCGCACCGTGTTGCGCGCCGGGGCCTTGGGAGGGGACTCGGGCGCCGGATCCTCGGGCGCGGCCTGGGGCAGGACGGTGTTGGGGGCTGTCGCGGCCTTCGGAGCGCGCTTGCGCGTGGGGGAGCGGGGCATACGGGCCATGGGCTTAACGCGGCTTTGGCTGCTCGTCCAAGACTCGGCGCAGAAGGTCCGGTCTGTCCGTCATGATACCCCCGATGCCCTCGGCCACGAGCCGGCGCATCTCCTCGGGCTCATCCACCGTCCACACGTTGCACCACTTCTCGTGCGCGTCCACCGCGCGCAGCAGGGACTCGTCCACCAGGCGGACGTCTCCGAAGTAGAGGGGCATGTCCAGCACCGTGTAGCGCCGCTCGTCCGGTGGCTGCTCGCCCGCCCGCACCGAGAGCACGAAGGCCGTCAGCGCGTCGCGCGGGTAGAAGTGGCAGGCGTCCGGCATCACCCGCGCCAGCCGCTCGCCCACCGCGTCCTGCTCGCTGCCGATACAGACATGTTCCAGCGCGCCTTCCTCGCGCAGCACCTGGAAGAAGACGTCCTCGATGCCCGGCACGTCCGGCTTCACCTCGATGTTGATGCGCAGGCCCCGGAAGGCGCGCAGCAGCTCGCGCAGGGTGGACAGCTGCACGCCCTGGCCCCGGAAGGGGAAGGTGCGGCCCCCGTCCGGGGTGAAGTGGTAGCCCGCGTCCAGCCGCCGCAGCTCGGCCAGCGTGTGGGCCGCGATGGGGCCCTCGCCGTTGGTGCACCGCTCCAGGGTGTCGTCGTGGAACACCACCAGCTCGCCGTCGCGGGTGAGGTGGACGTCCGTCTCCAGCATCTGTGTGTGGTAGCGCTCCACCGCCATGCGGAAGGCGGGCAGGGTGTTCTCCGGCGCCAGCAGCGAGCCTCCCCGGTGGGAGATGTGCAGGGTGGGGGTGAGGCCACGGAAGTAGGGGTGTCTGGGGGGCGGCATGGGAGGGAGTCTCCGGGCGGGGTACGGTTCCTTGCCGGGGTTCATGACCCGCCGCTATAAGGCCGGCAAAAGAGGCCGGAAGCGCGGGATTCCTGGAGCTTCCGCGCGGGCCATCCACAGGAGACGCCACCATGAATCCTCTGCGCAAGACCTTCGGCGCGGCGGCCCTGGTCGCGGCCGCGGCGGTGTTGGCTCCCGGCTGCGGAGATGGGCAGAACCCCTTCAGGTGGGACGCGGGCGGCATGCCCGGCTGCACCGGGGTGTGCAGCGAGGATGGAGGTTCCCCGTGGGACGCGGGCTTCCCGGCCGATGGCGGCTCCCAGGCCGACGCGGGCACGGGGTCCGCTCCCGTGGTGATGACTCTCTCCGAGGCCCGCGCGCTCTCCGACGCCGACAGCGAGACGCGGGTTCTCCTCGAGCGCGTCGTCATCCACACGCTCGACCGCGTGGAGCGCCGCACCGAGGGCGCCGAGGAGCAGGTGCGGGCCTGGTTCTGGGTGGTGGACCCCGCGCGTCCCACCCAGGGGCTCTGGGTCCACAAGGACTGGACGGACCCGCCCGTGGGCTTCGTTCCCCAGGTGGGGCAGCGCGTGGACCTCACGGGCTCGATCCAGATGGAGTCCGCTTTCGAACAGTTTCATGGCTACCGGACGGGCCTCGCCCGGGTGGAGCTCCGGCTGCTCGGCAGGTTCGTGGTGCCCGCCGACAACTTCGTGTTCCCGGGCTTCGGCGACGCGGAGGGCGGGGCCGCCCGTCCCAACCCGGAGCTCCTCGGCACGCGGGTGTTCGTGCCCGGGCCTCTCGTGGTGATCAACCCCTCGCCCCCGGCCTTCCGCTTCTCCTCCGGCTTCGAGGTCTCGGGCGGAATCCTGGTGAGTACCCGGTACCTCTCCGGGGCCGGCGCTTCGGACGGCGGTCCGGGAGGGTGCGAGGGGCTGCCCCTCCTCCTCGCGGATGGGGGCACCGGGGTTCTCTTCCCCCTGGGCCTCCGGGGGGTGTGGGATACCTACACCCATGTGCCTTGCGAGGACGGGGGCACCGGCGGGACGTGTGTGCTGGACCCGGAGGGTGGCCGGGTGCCCGGGACGGAATCGCCGGACGGTGGGTCCGGCAACCGCTTCACCCATGTCCTCCATCCCTGGAGTTGCGGCTGGGATCTCGGGAGTGGGTGGGACGCTGGGAGGGCGGGCTCGGGCGGGTAGCCGAACGGGCGTCAGGTCTGGTATCCCACATCCGGTTCGCGCCCCACCACGGAGGTGGGGATTGCGGGTAAGCTCGGAAACAAGCTCAGCGTTTCACGTCGACGACTCCTGGGGGCCCCCATTCCCGAGAACGCGCCACAGACTGCCACCCCCTTTGGCAAGTACCTCCTCGTCAAGCGGCTCGCGATGGGAGGAATGGCGGAGCTCTTCCTTGCGCAGGAGCCCCCCGAGCCCGACTTGTTGGTGATCAAACGGATCCTCCCGTACCTGTCGGAGGAGCCGGAGTTCGTCCAGATGTTCCTGGACGAGGCGCGCATCGCCGCGCAGCTGCATCACCCCAACATCGTCCAGCTCTTCGGGCTGGGGAAGATTGGCGAGAGCATCTTCATCGCCATGGAGTACCTGGAGGGAGTGGACCTCCGGCGCATCCTCGCGGAGGAGGCGAAGTTCACCGCGTCGGTGCCGTACGCGGTGGCCGCGCGCATCTGCGCCCAGGTGGCCTCGGGGCTCGAGTACGCCCACAACTCCAAGGGCGTGGATGGACGTCCCCTGGGGCTCATCCACCGGGACGTGAGTCCGCAGAACGTGATGGTGACGTACAACGGCGCGGTGAAGCTGGTGGACTTCGGCATCGCCAAGGCCGAGGCCCTCGCCGAGCGCAGCAAGCCGGGCGTCATCAAGGGCAAGTTCCTCTACCTCTCGCCCGAGCAGGTGATGCAGGAGCGGTTGGATCACCGCTCGGACATCTTCGCGCTGGGGGTGATGCTCTATGAGATCACCACCGGGCGCTCGCCCTACGCGCGGCCCACGACGGAGGGCATCCTCTACGCCATCCGCTTCGAGAACCCGTCCCCGCCGCACCTCATCCGCGACGACTACCCGGAGGAGCTGTCGCGC
NZ_CP137851.1_gap84	3861178	3864147	2969	GGCGGCCGGCCCAGAAGATGGCGGTGGCGATGAACATCAGGATGCCGGGGATGCCGAAGGCCACCGCGGGGCCGTAGTGCTTGAGGGTGAGGGGGATGGTCAGCGAGGCGAAGAAGGACCCGAAGTTGATGGTCCAGTAGAAGATGGCGAAGACCTTCTTCACCAGGTGCTTGTTGGACTCGTTGAACTGGTCCCCCACCATGGCGCTCACGCACGGCTTGATGCCGCCGCTGCCCAGGGAGATGAGGACGAGGCCGGCGTAGAAGCCGGTGGCGTTGTTCTCGAAGATGGCCAGACAGGCGTGGCCCAGGCAGTACACGAGGCTCAGCGAGAGGATGACGGTGTACTTCCCCAGCCAACGGTCCGCGAGGTAGCCGCCGAGCAGGGGGCAGAAGTACACGCCCGCCATGAAGAGGTGCATCAGGCTCTTGGCCTGGGCGGAGCGGGCGCCCTCGTCGGGCACGGCGTTGCGCAGCAGGTAGTCGATGAGGAACACCGTGAGGATGTTCCGCATCCCGTAGAAGCTGAAGCGCTCGCAGGCCTCGTTCCCGATGATGAAGGGAATCTGGGGGGGGAAACGGGCGCTGGACGTCGCGGGGGGGGCGGCGGTGGACGGACTGGCCATGGGACGGGAGGGTTACTCCAGCGGTGGCCCCGAGCACAACCCGCGGTGTGAGGGATTCCCTCGGAACGGCTCAGGGCATCAGCGCCACGCCGACGTAGGGGCCCGTGAAGAAGTCCCGGTTGGGCGTGCCGTTGGGGTCCAGGCGGCCCTGGTCGTCCAGGTAGGTGGCGCGGTAGCCCCCCCGCAGCCGCACCGGGCCGAGCTCCAGCGCCAGCCCGGCCTCGCCGCTCAGTTGGGTGAAGGGCAGGGGCGTCCAGTGGGCGCTCGCCTCGAGCTTGAGCGGACCCGCCACGCGCATCAGCGTGCTCGCGCCCAGCCCCGGTCCCACGAAGATGGCGTCCGGGGCGAAGGCCAGGTCCACGCCGGCCAGCAGGCGCACGCGCAGGTCCTCGCGCGACACCAGGACCACGCCTGGCTTGAGTGACAGCAGCGTGAGGGTGTCCCGGCCCGGCGAGCCATCATCCGTGGCCAGGTTGAAGACATTCAGCCGCGAGCCGAAGGCGAGCTGCTCTCCATCCACCTGCAGCCCCAGCCCCATCGCGTAGCCCTTCGAGACGAAGCCCGCGTCCGCAGTGAGGTCCACCCGGGTGGGCATCGAGGGCTGGCTGGGAACCGCTGGCGCGCTCGGAGGAGGCATCATCCGGCGCCGCCACGCCAGGTCGTAGTACCTGCCGTAGAAGTACGGGCGGCCCGGCCCCATGTACGGCCAGGCCCAGGCGGGGTCGTAGAAGTACCGGGCCCAGGGGTCTCCATAGAACCCGTAGTACCCAGGCCCGTAATACGGGTTGTAACCGGGCCTGCCCACGCCGCCGCTCGGATGCGAGGGGCGCGGCGACGAGGGAGACGAAGGAGATGACGGTGAGGAGCGCGGGCGCTTGCCGAAGCGCGCCTCGGCACTCTCGGAGCCGAGTCCCATCAGGAGCGCGGCCAGGACAGCGAAGCCTTGTTTCCACATGGTCCTACTCCCGTGCAACCGGCGGTGAGGTGGGAGGCCCGGTTACCCTTGCGCGCGGTGCAACACGCGCCGGGACAAGATACTCCCGGCGGACCAGGCCACGCGAACGGTCCTGGCATGACGCCGACCTCTCATCTCACGCGAGCTCCCGTCTACGAGAACAGGTTCCCCTCATCCTCGGAGGGACTGTCGTATCCGCTCTGGAATGCATTGCTGCTACCGCCCTTCTTGAACGTGATCTCCTTGTCCTCGAGATCCTTTCGCGTCTGCTTCTTCTTCTTCGCTCCTTGCGTCAGATAGAGCGACCGGTACATGGTCGGTGCGACCTCGTCGACGATCTGCTCGTGCAGCCACTGCATCACCTCGAAGGGATCCTCGTCGTCTCTCTTGATACGCATGGAGACGATCCTGTCGAGCCCCGTGAGCGATGGAGCCCAGTAACCTCCGGGGTTCGGGTTGAACTGGATATCGAGCCCCATGCGCTCGCGCGCGTAACGCAGGACGAGGCTACAGCCCGCGCACGGGCGCTTCTTGCCGTAGACGTAGGCCAGCCCCCGGTGCTTGGAGAGGTAGAGCCCGAGGACCAGCTTCTGCTCCGCGTGCATGCCGTTGCCGCCGCCGGTGACGAAGAGGATCTTTCCTTCGTTGCTTTCGTCGTCGAAAGCCTCCCGGCATGACTCCTTGTTCGAGATGTCGAGCGTCCCGAAGAAGGAGCCCTCTCGCGTCAGGATGCCCATGAGCACGCTCACCGCGTCATCACCCAGGAGTTCGAGTCCCTCGAATACCCTCATGAAGTGCTGGGTGTTGCCCTGGCTGCGGTCGTCTTTCTTGTATGTCTCCTGCAGCAGGCTGAAGAGCGGATTGATGGGGCTGGAGTTCGACGACTTCCGCTTCTTCGCGCGCTGCAGCTCGCTCTTGACCGCGTCGCGCAGGTAGCTCACGAGCTCTTCCAGCGACCCATCCTTGTTGGCCGCGACGACGATGCGATCGTTCACGTGCATCGACTGCACCTCGTCCTCCTTGTCCTGGCAGAGGCCGATCTTGACGAACCAGAAGATCTGCGCGCTCAGCCAGCGGAGCACCTGCGCGTGGCGCCGCTCCCGGAAGTCCTGTGCCCCTCGCAGGACGATGTCCTTCGACCAGAACCCGCTGCGCTCCTTCAGGTTCGACTCGAGGGTCACCGACCGGAACCTCCTGCCCACACGCTCCTTGTCGTACCGGGGCCTCTTGACGTCCTTGCGCTCCTCCTGCTCCTCTCCGCCGACGTCCTCGTGCTTGCGCTTGTTCGGGCGCTCCTTCTCGCTGTTGTCGAGGAGCCTGGGCGTTTGCGACTTCTTCTTCGTGGGTGCGACGAGCCGTTTGGCCTTCCAGTCGGGCTCGTGCCGCTGG
NZ_CP137851.1_gap85	3918156	3919878	1722	GGCCTCGCCCTGGTGGGGGGTTTCGTCGATGTCCGCCGCGGACACGTCGAAAGCCAGTCCGAGCTGGCCGAGGAGCTCGCGCCGCCGAGGCGAAGCGGACGCGAGAACGAGCCGGGTTTGACCCACTGAAGTGTGCATGTTACGGCTCGCCTCTAGCAGAACTGCGCCCTGGAGTGGACCCTGGATGAATCCCGCGGACCTGCTCGCGGCCATGACGCGCACGGTGGAGCAGTTGGCCGCCTACAACGACATCGCGAAGGCTCTGACCTCGACGCTCGAGTTGCGCGAGGTGCTGAACCTGATGATGGAGAAGGTGCGCAGCCTGTTGCGGCCCCGTAACTGGTCGTTGCTGCTCCAAGATGAGCGCACGGGCAAGCTCTACTTCGAGATCGCCGTGGGGGAGGGGGCCGAGGTCCTCAAGGGGCTGCAGCTGACCCCGGGCGAGGGCATCGCTGGGGCGGTCTTCTCCTCGGGGACGGCCCGGCTGGTGGAGGACGTGACGCGCGACCCGCTGTTCGCCGCCCGCTTCGATGAGGCCTCGGCCTTCCGGACCCGCTCCATCGTGGCGGTGCCGCTGATTGCCCGCGGGAGGGTGCTGGGGGTCATCGAGCTGGTGAACGGGGCGACGGATCGGCCCTTCACGCAGGAAGACCTGATGGCGCTGACGGCCATCTCGGACTTCGCGGCCATCGCCATCGAGAACGCGCGCAACTTCCGGCGGGTGCAGGAGCTGACGATTACCGACGAGCACACGGGCGTGTACAACGCCCGGCACCTGCGGGCGCAGCTGGAGCACGAGGTACGGCGCTCGCAGCGCTTCCACCACCCGGTGTCGCTCATCTTCCTGGACCTGGACCGCTTCAAGTCCATCAACGACGCGCACGGGCACCTGGTGGGCAGCGCGGTGCTCAAGGAGGTGGGCGAGCTGCTCGTTTCCTGCTGTAGGCAGTTGGACTACGTGTTCCGTTACGGCGGGGACGAGTTCGCCCTGCTGCTGGTGGAGACGGGCACGGACGGGGCGATGACGAGCGCCTCGCGAATCCGCGACACCTTCCGCAACCGGCGCTTCCAGGAGGCGGCGGGGCTGGACCTGCTGCTGACGGCGAGCCTCGGGGTGGCGACCTACCCGGAGCACGCGCTGTCGTCGGTGGATCTGGTGAGGGCGGCGGACTTCGCCATGTACGCGGCGAAGGCGAGGGGCCGGGACGACGTGTGTGTCGCGGTGCCGCACGCGGATATGCCCGGTGGTGTGGCCATGATGCCCCGCAAGAAGTAGGGCGGCGGCGCGCGTCAGTAGACGAAGCAGTCGAACCGCTCGATGACTGCCCTGAGTTCTTCCGGGGTGGTTTCGAGCTTCTTCGCGACGGCGGGAGCGTACTTCGTCAGAGCCACTGTGACGTGTCTGGCAGGCACTTTCAGGACAACGGTGCAATTGTGCAACGTCAGGTTGGGTCCAAGGAAGTAGAGCGAATCCTTGTCCGTCAGCTCCAGCCGCTCGTTTTCAACTGCCTTGTTCTCGATGATGACGTTGGTGAGCCACCCCATGGCAGCCCCTTTCGGAAGGTGAGCATCCGGAAGAACTCGCCCGCCATGCGCCGGCCATGGTGCGCCAGGCTCAATGTCGTTCCCGAGAGTGTCGCGGCTGCATTAGCGGACGATGAAATCGAATTGCTCGATGACGGCCCTGAGCTCTTCGGGGGTAGTATCAAACTGTTTGGCAAT
NZ_CP137851.1_gap86	4029052	4031932	2880	TCCGCTCCGGGGCCCATCGTCGTCCGGGTACTTGTCGTCCCAGTGGGCCACCACACGGCGCGCGGCGGCCAGGGCCATGCGGACACACAGCTCTCGTCCGAATGGCAGGAAGCCCTCGGCCCAACGCGCGAGTGCCCGGTCCGGCGTCACGTCCCGGGGGGGCTCTCCTTCCTGGAGGAGCTTCGCGATGCGCTCGTCCGAGGCCGGGTCCGGTGAAGGCGCGGGCCTGCTCCGGTGGAGTGGGTCCCGCAGGATGCCGTCGACCACTGCCTCCACGTGGGCACGTAGCACCGTACCGCCCTGGAGCCGGCCCAGCACGGGGATGAGCGACTCGGCCCGTGCTCCCAGCCCCTCCACGAGCCGGAGCGCTCGCAGGCCCTGCTCCATGGACTTCCGCTGCGCTTCCCCGCGCTCCACCTTCTGGATCTCCTGCACCAGCAATGGGAAGGCTCGGGCCGGATCGGCTCCAGCGAGCAGGCGCAGGGTGAGTAACCGGTTGTCGTCATCCAGGATGACCTGCTCCTCGAGGGCCGTGCGCACCTCCTCGTCCAGCTCCGGGAGCAGGCCGAGGATGCGGAGGGCGAACCGGCGGACCCACTTGTACGGATCTCCCAGCCGTTCGAGCGCCGCGCGCCGGACCTCGGGCGGTACCGGACCCTCGAGCCGCGTGAGTGCATGCGCGGCATGAAGACGGGTCTTCGGCTCGTGCCGGTCCGAGAGACATACGAGGAGCGCGCGGACGAGCACTGCCTCCGGCGGGGGCCGCAGCTTCGCCAACAGGTCGATTGCCTGCCGCTGCACGCGGGGACTGCGCACGCGGAGCATTCTCAGGAGCGCTGGAATGACACAGGCGGGCGTGGGCTCCATGAGCTCCAGCGCTTCGAGACAGCGGGCGCGAAGCCGCAGGTCCTTCTTGGGCCTCGGGGCCAGCTGCTCCGTGTACAGCGTGTCCACGAGCGCTGGCACCGCCGCCCACCCGATGCGGGCCACCACGTGGACGGGGTCCGTCTCCTCCTCCGGGTAGGGAGGGCGGGGCAGGGCGATCGCGGATACCCATTCCCGGAGGGTCTTCCCGTCCTTCCGCCACCCGGTCCGCTGGAGCTCTTCCTCCAGTCGCCGCAGGGCCGCCAGGTCATCCGGCAGGGCCCCTGGCCCGGGTTTCTCGCGCTCCTCGTTCATGGGGCGAAGGCTAACTCAATCCCGTTCAAGGCACGGGATGCCCAGCGGAGGCCTGCCAGATGGAGAACCACTGCTGGCGGGTCAGTGCGAGCGACACGCCGCTGACCAGGTCGCGCAGCCGCTGAACCCTGCTCGTGCCCAGGACAGGCACCGGACGGGCGGGGTGATTCATCAGCCACGCGATGGCGACCGCACCCGGGTTGTCATGGCCATGCTCCGCCCCCACGGACACCAGGGCCTCCCGGACCCGCCGCTCCCGCTCTCCCTGGGCCGTGAAGAGGTTGCCTCCCCCGAGCGGAGACCAGGCCATGGGCGCCATGCGCAGCCGCTGCGCGTGCTCCAACGTTCCGTCGTGCAGTGGCTCCAGGTGCAGCACCGACAGCTCTATCTGGTTGGTCACCAGCGGCCGAGACAGACGGGACTGGAGCAGTTCGATCTGCTCGGGCGTGTGATTGGAGACTCCCACGAACCGGACCTTGCCGGACTGGCACACCTCGTCGAGGGCCGCCGCCGTTTCGTCAGCATTCATCAGGGGATCCGGCCGGTGGAGCAGCAGCAGATCGAGGTAGTCGGTCCCAAAGTGACGCAGGGAATTCTCGACCGAGGCGAGGATGTGCGCACGGCTGGTATCGTAATGCTTCACCCGATGCGCCGGCCGCTGGCTGCTCTCGAGCATGATGCCGCACTTGGTGAGCAACTCGATGCGGCCTCGGTCGCCACGCCACTCCCGTAGTGCCCTGCCGAAGAGCGCCTCGACCTGGTAGTCGCCATAGATGTCCGCATGGTCGAAGCTGGTGATGCCCAACTCCAGACAAGCATCGATCCATCGTGCGAGTCCGATGGGCTCACGTGTCTCCTCTCCCTGGAATGCTCGCCAGAGACCCGCCACGAGGCGTGAGAACTCCGGTCCATTGGGGTGCAGTCGCTGTCTGCCAACGTTCATGTGTGGCTCCAAGGAAGAAACATGCATCCACCTTCTTCGTGTTCCAGGTTCACGCCCGGCCCGCGGCCTGTCTGCCCCGGCGAGAGAGCGCGTCGATGGAAGCGGCCACCAGCAGCACGCCGCCCGTCACCATGAACTTCACCGAGGACGAGAGCGCCAACAGGTCCATGCCGTTGGAGATGGAGCCAATCACCAGCGCGCCGAGCAGGGCCGACCAGGCCGAGCCTCGCCCACCGAAGAGGCTGGTGCCTCCGATGACCGCCGCCGCGATGGCGTTCAGCAGGATGTCCCCACTGCCCGAGGACTGGTTGACCGCCATCAGGCGCGAGGCCGCGAGGATTCCTCCTGCGGCCGCCAGCGTCGACGCCAGCGTGAAGACGGCCACACGGATGCCCTGCACGCGGATGCCCGCCCGCCGCGCGGCCTCGGCGTTGCCGCCCACCGCGAAGACGTGCCGCCCGAACCGGGTGTGCTGGAGCACCAGCTCCAGTGCCAGCACCAGGCCCACGAAGAGCACCACCGCCAGCGGCAGCCCGCGGTCTCGAGTGAACACCGTCATCACCGCCACCAGCACCGCCGAGGGCACCACCACTCCCACCACCGTGCCGCGCCAGGGCTCCAGCGGCAGCCCCGCCGCCGCCCGCCGCCTCCGCCCGAGCAGCACCACCGCCACCTGGAGGGCGATGGCCAGGACCGTCACCGTCCAGGCGATGTCTGGCTCGAAGAAGGTCCCCGCCAACCCGATGATCACCTCGTCC
NZ_CP137851.1_gap87	4040406	4044948	4542	GCGCAGCTCGCCAGCCTCATCACCCGCATCCGCGAACGCCAGATGCCAGTGTGGCTGGACACCAGTGGTCCGGCGCTGTTGGCGGGTCTGGCCGCGAGGCCCACCGGCGTCAAACCCAACGAGACCGAGCTGGCTGACTGGGCCGGCCACCCGCTCGACACTTCCGATGCACGGCTCCAGGCCGCGTTGCGGCTCAATGCCGAGGGCATCGAGGACGTGTTGGTTTCCGCCGGGGCCGAGGGCGTGATCTGGGCCCAGCGGGGTGGGGCCCTGATGGCCGAGTCGCCGCGGGTGACGGTCGTCAGCACCGTCGGCGCTGGAGATACGCTGCTGGCGGGGGCGCTGCACGGCGTCCTGTCCGGCTGGCCGCGAGAGCAGAGCCTGCGGTTCGCGACGGCGCTCGCCGCCGAGTCCGTGCGCCACATCGGCGTGGGTGACCCATCCGCCGGGGATCTCGACATGCTTCAGGAGCAGACGGTCGTGCGGAGCCTGACCGTGCAACCACTCACCGGGGAGACGCATCGATGAACGTGATCATCATCACGGCCTGCCCGAGTGGTGTGGCCACGACCTTCCTGGCCGCTCGGGGGCTCGAGCGTGCCGCGAAGCAGCGCGGTTGGAACGTGACGGTGGAGATGCACAGTCAGCTCGAGCCGGTCGTCCCGCCCGGCCCCGCGGCGATCGAAGCAGCCGACCTGGTCGTCGTCGCCGCGAGTGCGCCCGTGGACCTCACCCGGTTCGTCGGCAAGCGCGTCCACCAGGCGCCGATCTCCGAGGCGCTGCCCGATCCGGACGCCTTCCTGAAGCAGGCCGAGCTGAGCGCCAGGACGCTGACGACGGCCGCGGTGGCCAGCCATACCGAAGCAGCACCCGTGCCCCTGGCCCGGTCGTCCACGGAGGGTGGGAAGAAGATCGTGGCCGTCACCGCCTGCCCCACCGGGGTCGCCCACACGTTCATGGCGGCCGAGGCGCTGACCCGGGCCGGGCAGGGGCTCGGCCATTCCCTCCGCGTCGAGACGCGAGGCTCGGTGGGCGCGCAAGATCCGCTGACCGCGGAGGAGATCCGGGATGCCGAGGTGGTCATCCTGGCCGTCGACATCGAGGTCGACTCGTCGCGGTTCGCGGGCAAGCGGGTGTGGCGGACCTCCACTGGCACCGCGCTGAAGAAATCCGAGCAGACGATTCGCGATGCGCTGGAGAAGGCCCAGGTCATGGCGGGCGCGCCAGGACGTCCGGCGGCGGAGGGCGCGGGAGGCAAGGCCGCCGGCCGGGGCGGCCCCTATCAGCATCTGCTGACCGGCGTGTCCTTCATGCTGCCGATGGTCGTCGCGGGCGGCCTGCTGATCGCCCTGTCCTTCGTGTTCGGCATCGACGCCTTCAAGCAGGAGGGCTCGCTGGCGGCGGCGCTGATGCGCATCGGCGGCGGAGCGGCGTTCAAGCTGATGGTGCCGCTGCTCGCCGGTTACATCGCCTACTCCATCGCGGACCGGCCCGGAATCGCTCCCGGGATGATCGGTGGCTATCTGGCGAGTGAGCTCGGGGCCGGCTTCCTCGGGGGCATCGCCGCGGGTTTCATCGCCGGTTACGCGGCACGAGGCCTGAGCCGCTACGTCAAGCTCCCGGCCAGCGTGGAATCCCTGAAGCCCATCCTGATCATCCCGCTCGTGGCGAGTCTCGTCACCGGGCTGGTGATGATCTACGTCGTCGGCGCGCCCATGGCCGCGATCATGTCGGCGGTGACGGGGTTCCTGACGAACATGAACTCCGGCAATGCGATCCTGCTCGGCGTGCTGCTGGGCGCGATGATGTGTTTCGATCTCGGCGGACCCATCAACAAGGCGGCGTATACCTTTGGCGTGGGGCTGCTGTCGGCGGGTGCCGGCTCGTACGGTCCCATGGCCGCGATCATGGCGGCCGGAATGGTGCCTCCCATTGGCATGGGCCTGGCGAGCCTGCTCGCCCGGAACAAGTTCTCGGATCCGGAGCGTGAAGCGGGCAAGGCCTCGTTGGTGCTGGGGTTGTGCTTCATCTCCGAGGGGGCGATTCCCTTCATGGCCAAGGATCCCCTGCGCGTGATTCCCGTCAGCATGGTGGGTGGAGCGCTGACGGGCGCGCTGTCGATGTACTTCGGCGTGCAGTTGATGGCCCCGCACGGGGGACTGTTCGTGCTGTTGATCCCCAACGCCGTCAATCACGTGCTGCTGTATCTGCTGTCGATCGCCGCCGGCTCGCTGGCGGTGGGCGTCGGGTATGCGCTGATCAAGACCGGCCGGGCCGAGCTGCCGGGAGCGGTGGAGCCCTCTCGGGACAAGCGCTGGGGCATGGAGGCCGGGAGCGACCGCGCGGCGGCCTGAGCCTGGGGCTTCCGTGTGAGCCCGGATTTCTTCCGGGCACCGCGACGCCATCAGGGAGGGCGTGGCTGATAGTCTGAGCCTATCAGTTAGATGAAAACCTGGTCTTGGTCACATTCCGGCGCGGGACGCATCCTTCCCTGCACGAAACCAGCGTGTTGCCGCGTTCTTGTACTGGGAGGAAGTTCATGGTTGCTGCCCTTGCCGGATTGGGATCAGGAGCGCTTCACGCCGTCTCCGGCCCGGATCACCTGCTGAGCCTGGCACCCCTCTCCCTGGGCATCGGCCGCAAGGCCTGGCGCGTGGGGTTGATGTGGGGGTTGGGGCATGCGCTCGGCACCCTGCTGTGCGTGGCGGCCGTGGCGCTGATCGCCGCGGCGCTGAACCTGGATGTGCTGCAGACGTGGGGGGAACGCATCGCGGGCGGTGCGCTGGTGATGACGGGGATGGTGGGTTTGCGCCGTTGGTTCGCCCATCGCATGCCGGCCAAGGAAGCGTCCGCCTCCAAGGCCGGCGGGGTGAGCACGTGGGGGGTGCTCTCCATCGGCTTCATCCATGGCCTGACGGGTGCCGCGGCGGTGCTGCTGCTGCTCCCGGCGGCGGTGGCCTCCTCGCCGGTGTGGCAGGCGCTGTACCTCGGCGGCTTCGTCGTGGGAAGCACCGTGGCCATGGCGGGGCTCACCGCGGCCCTGTCCGCCGGCACGAGCGCCATGCCGAAACCCGAGGCACTCCTGCGGCACGTGCCGGCGGTCGCCTCGTTCGGTTCGGTGGTGCTCGGCGGCTGGTGGATGGTGGCGTAACCCACGGTGTGGGTCAGTGGCCGCGCAGCACCGTGAGCCCGGCGTCCGTGAGCACGTAGAGCATCGCCGGGGTGCCGTTGGGATCGTAGACGAGCTGCTTCACCGTGCGGCCCGGGACGTTCACCACCCGCGAGAGGTTCTTGTCCGCGTCCATCCGCCACAGGCCCGAGCCGGCCGTGCCAATGAAGAGCGAGCCGTCATCGGTGGCCGCCAGCGCCGTGAGCCCCTGGGTGGGGAGGCCCTGGACGCGGGTGCCCTCCTGCCAGGGATTGCCACGCGAGATGATGCTCATCTCCCAGAGGCCATGGTCCTTGCTCGCCAGGTAGTAGCGGCCGTCCGTCGTCTGCTGGAAGCCCCGCCAGTTGTCGAACTCGGCGAGCGGGTTGACCTCGGGGAGGTATGAGGACTCCACCTTCATGGGATTGAGCGTCTTGGGCGTCATCGCATCCCAGAGTCCGAGGTCCGCGTTGGGCGTGACGATGCCAAAGGTCCAATCATTGGCCATGAGCACATCCCCATCCTGGGCGATGCCCACCGCATAGGTGTAGCCGGCTCGCTGGCTGCCATTCTCCCACCACACCGGGTGGCGGTGGCTGTTGTAGTCCAGCCCCCGGATGCGGGTGACGCCGTGGTTGGTGCCGATATACACCTCACCCTTGTCTCGGCCGCTCATCACCTTCACGCAGCTCAGCACCGCGCGATCCTCGTCGTACCGCCAGTCATTGGAGTTGCGGATGCCGGTGTTGTTCGGCGGGTTCCAGGTGAGGCTGCCGTCGCCCTTGTCCCTGTTGCGCCGGAACGAACGGGTGATGTGCTCCTCCAACACGAGGGTGCCTTCCGGGGTGAGCTTCACCGCGTCCAGGTCTCCCTCCAGGAAGGCCGGGTCCTGATAGGAGCCGCGCTGGGGGTTGTCGAGCTCCCTCGCGTAGTAGCCCACGTAGGCGCGGCCCGCGCTGCCGCCGCAGATGACCGTGGAGGAGAAGCCCCTGCCGGCCTGGCCGAGGTTGCTCGCCCAGCGCGGTTGGGTGTCCCCGGGGCGCAGCACGCCGATGCGGTTTCCGGCGAGCAGCCAGACGTTGAAGGCGTCATCCACGGCCACCGACTGGGGCTGCCCCACGCCGAAGCGCTGCGTGTAGTTGACCGAGGCTTCCTTCGGCCATGGATCCTCCGCGGGTTGCTGGGGGCCATTGCCACCATCGGTGCCGCCATCCGGCTCTGGCTCCGTGCCCGCGTCCGGAGGCTCCTGGGTCCCCGCGTCCTCGGGGGACCCGCCCGCATCGGGAGGCGTCGTGCCGGCATCCTCCGTGGGCGGAGGGCCCGCGTCGGGCGGAGCGAGTTCCCCCTCCTGTCCCGGGCCCACTGGCGCCGTCGAGTCACTGCACGCCCATGCC
NZ_CP137851.1_gap88	4046980	4051869	4889	GCTCACGTTGCGGGTGAAGCGCCGCAGCCGGGCCACGTTGGGTCCGTCGCCCGCGTTGCCCACGTGGTAGGCCGAGGTCACCATCGCCATGCGCCAGTCCATGGACGAGGCGTTGAGAGCGTCCGCCGCGGACTGGGCGGTGGCGGCCAGCGACAGCTGCGAGGTCTTCATGGAGCCGCTGTCGTCCACGACGAAGAGGAAGTCCACCTTGGCCACCGGGAGCGTGAAGCGCTCGCACTGCACCGCCGTGGGCTCGCCGAACTGGGCGAGCGCGGAGCCATCCGAGAGATCCTTGATGGAGAAGGCGGCGGGGGTGCTGCGGTTGCCGCCCGTCACGCCCGCCAGGGGCGCCACCGCGATGACCACCACGAGGCTCTGGTCGGAGCGGTGCACGAAGAGCGACTGGACGCGGAAGTTGCCCGTCACGCCCGCCGCGGCGCTGCTGAGGCGGCCCGTGCTGCCCGGCACCAGCGCGTCCACCAGTTGATCCGTGCGGCGCTTGAGGTCCGTGGTCGTACCGGCCTGGTCATAGAAGGCCTGCGCGGCATCGAAGCCCTCCCACGTCTTGAACGACTGGGCGGTGCGGTTGCTCAGCGCGCCCTTGGACTCGATGGCGGGCTGCAACTCCTCCTCGTCGCCGAGCGCGGTCGTGGAGCCCGTGGGAGCGGGGCGCCGGAAGGCCAGGAAGGCCACCTTGGTGGTGCTGTCATAGCCGACGAGCCCCTTCACCTCGGTGCCCGACTTGATCTGCGTGACCTCCGTGAAGGTGGGCGGCAGGGCCAGCTTGATGTCCGCGCCCTCCTCGGACTGGAAGATCACGGGGCGCAGGTTGCTGGTGGTGCACACCTGGCCGGCGGGGCCCGAGGCGTCGCTGGTGCGCGGATCCAGCTCGCCCGGGTCCACGCTGCCGTTCTGGTTGGTGTCCTCGGCGCCATCGCTCACGCCGTCGCCGTCGGAGTCCGGGTTCGTCGCGTCCGTGGTCGTGCCGGGATTGGCGTCCGGGCGGAAGATGCCCGCGCAGTTGGCCTCATCCAGGTTGGTGGTGGCGCCCACCTCCACGCCGTCGGAGATGCCGTCTCCATCGGTATCGAAGTGGCGCGGGTCCGTCTCGGAGGGCTCGCGGGTGCCGTTGGCATTCTGGTCCTCGCCCTTCACGTTCCCGCTGGTCGGGCCGTCGCGCAGACCGTCACAGTCCGTGTCCACGAGCAGCGGGTGCGTCTCGTCGTCGTCCACCTTGCCGTTGTGGTTGGCGTCCTCCACGCCGTCCAGCAGGCCGTCCCCATCCGAGTCCGCCTTCACGGGGCTCGTCTGCATCGAGGCATCCGCGTCCACGGGGATGGTGCAGGAGGTCCCGGTCACCGCCTTGCCAACGCCCACCTCGAGCCCGTCCGGCAGTCCGTCCTGATCGGTGTCCGTGAGACCGGGGTGGGTCTTCAGTCCGTCGTAGACCGCTTCGAATTCGAACTTGTCACTCAGGCCATCACAGTCGGTGTCCTTGGCGGCGTTGTTCGGATCGTTGGGATCGGTGGGCAGTGGCGTGGGTCCGCTGTCCGGTGTGTCGCCGGGTCCCGTGTTGGGGTCGGTACACGCGGATGCCGCTATCAAGCTCATGGCGAGCAGTGCGGCGCTGATCAGTTGTCTTGGATTCATGGGGCCTTCCTCATAGATGCTCTGAGGTGTCTGGAATACCGCCCCCCCGTACGGCAATTCGAATCATATACGTTTGCGGACGTGTGACATCTTGTTTCGCTGGGGCTGGGATTTGCGGCCCGAGGTGGATTCCGTTGCCGGTAAGGGATTTTATGTGTTGGAAGAAAGCGTGGATTTTGAGAGGGATTGATCGCACTGACAGGCTTTGGACCAGCGTGTGCTCCATACGGCCAGTGCGTGGAGCGGATGTATGCGAACAGGGGTGTGCCTCGGAGCGGGACTCACGGAGCTCGTGCCGGGATGTTGTCTATTTCGGCTCTCAACGGACGTGCTTCGTCAGGATGGGGAGACATAAGAAAGTGTCGTCGGCACGCACCCCCTCGCGTGCATCCCCTTCTGAATCGGAGGCCCATGATGTGCCGGAACTCGAGTTCCCTGGTGCTGATGCTGCCCTTGTTGGCCCTGCTGGGTTGTGACCCTGGCGGTGGAGGAGGGAACAGCCCCCAGGTGACGGTGGCGGTGGACCCGGCGGCGGTGACGCTGCCCATGGCTGGGACGCAACGCTTCACGGCGACGGTGACGGGGGCGAGCGACACGTCGGTCACCTGGACCGCGACGGGCGGGGAGATCACCCAGGCGGGCGGGTTCACGGCGCCGAGGCAGGAAGGGACGTACAGGGTCCGGGCCACGAGCGTGGCGGATACGGCGCGGTACGCGGAGTCCGTGGTGACGGTGACGAAGCCACCGCCGCCGACGATCCAGGCCTTCACGGCGGCGGCGTCGACGATCAACGTGGGTGAGGGCACGACGCTGGACTGGGAGGTGACGGGTGCCACGAGCCTGAGCATCGAGCCGGATGTGGGCACGGTGACGGGGACGAGCGTGACGGTGAGCCCGGCCACGACGACGACCTATACGCTGACGGCCACGAACGAAGGGGGCAGCGTCACGGCCACCACCACGGTCACGGTGCGGCAGCGGCCCACCATCTCCTCGTTCACTGCCGCGTCGGCGATGATCAACGTGGGCCAGAGCACGACGTTGAACTGGGAGGTCGCGGGAGCCACGAGCCTGAGCATTGAGCCAGGGGTGGGCACGGTGGCGGGGACGAGCGTGACGGTGACTCCCGCCACGACGACGACCTATACGCTGACGGCTACGAATGAGGCGGGCAGCGTCACGGCCACCACTACGGTGACGGTGAGGCAGCTACCGGCCATCTCCTCGTTCACGGCGGCCTCGGCGACGATCAACGTGGGCCAGAGCACGACCTTGAACTGGGAGGTTGAGGGCGCCACGAGCCTGAGCATCGCGCCAGCAGTGGGCACGGTGACGGGGACGAGCGTGACGGTGACTCCCGCCACGACGACGACCTACACGCTGACGGCCACGAACGAGGCGGGCAGCGTCACGGCCACCACCACGGTGACGGTGCGGCAGCGGCCTACCATCTCCTCGTTCACTGCGGCGTCGGCGACGATCAACGTGGGGCAGAGCACGACCTTGAATTGGGAGGTTGAGGGCGCCACGAGCCTGAGCATCGCGCCGGGTGTGGGCACGGTGACAGGGACGAGCGTGACGGTGACTCCCGCCACGACGACGACCTACACGCTGACGGCTACGAACGAGGCGGGCAGCGTCACGGCCACTGCCACGGTGACGGTGCGGCAGCGGCCCACCATCTCCTCGTTCACGGCGGCGTCGGCGACGATCAACGCGGGCCAGAGCACGACGCTGAGCTGGACGGCAACGGGAGCCACGAGTCTGAGCATCACGCCGGGCGTGGGCACGGTGACGGGGACGAGCGTGACGGTGAGCCCGGCCACGACGACGACCTACACGCTGACGGCCACGAACGAGGCGGGCAGCGTTACGGCTACCACCACCGTGACGGTGCGGCAGCCGCCGGCCATCTCCTCGTTCACGGCCGCCTCGGCGACGATCAACGCGGGCCAGAGCACGACGCTGAACTGGGCGGCAACCGGGGCCACGAGTCTGAGCATCACGCCGGGAGTGGGCACGGTGACGGGAACGAGCGTGACGGTGAGCCCGGCCACGACGACGACCTACACGCTGACGGCCACGAACGCAGCGGGCAGCGTCACGGCTACCACCACCGTGACGGTGCGGCAGCCGCCGGCCATCTCCTCGTTCACGGCGGCGCCCACGACGATCACCGCGGGCCAGAGCGCGACGCTGAGCTGGACATCAACCGGGGCCACGAGTCTGAGCATCGCGCCGGGCGTGGGCACGGTGACGGGGACCAGCGTGACGGTCACCCCGTCCTCGACGACGACCTACACACTGATGGCCACGAACGATGCGGGCAACGTCACGGCCACTGCCACTGTGACGGTGAATCCCCCGGCCGCGGACACCTGGGCGTCCCTCAGTTGGGCCAACGAGCTGCCCGGCAACTACGACTCGGACGTCTACCGCTGGCTGGATGCGGGCAAGCAGCAGCGGACGGCGGTCCTCACGCGTAACACCGCTCGTGATCCAGGCGGGAGCTACGGCGGCATGCTTCGCCAGTTCCGCTTCTACACTGGCACGTCGGAGCGCGTCGCCACGGGCACGGGCGCCAGCAGCGGCCCCGGCTACATCTGGAACGGCTGGGGCTATGTGGTGAGTCACTTCACCGGCAATGGGGTGAGCCACTCCGGAAGCCTCGCGGGCAGCTACCGCCGGGTCTTCGTTGGCAGCCACCATGCCATCCACGAGTTCTCCTGGAACCTGCCCATCGGCGGCACTCCGGTCAAAGTCACGGTGCACTGGTTCTTCGCCACGGGGCGGGATCATCCGGTCTACGCCGTCACCTTCGACACGAGTGCCGCGGGTCCCTCTGGCCTGCCCACCAGCGCGGACTCCCGCACGCCCTATGGCGACATCGCCTGGGATGGTGATGGCACCAATGCGTACGTGGACGGCGTGAAGTGGGGCGACAAGTACAAGTTCTTCTCTCGCACCGAACCCTTCACGGCCCAGAGCCAATGGGACTACAGCCAGCCTAACGTCGTCCCCTACACCATGCTCTATTCCCGCGCTGCCGATGCCGAGATGGGTATGGTGCAGACGCTCGACTGGCTCCAGCACAACACGGGCGGTACCTGGTTCACCGACAACTGGGGCCGCACTTCCGAGACTCGCGTGGGGAGTTTCGATGGCTGGATGATGCCGCCCAACTGGAACTGGCCCTATCAGATGTGCCAGTACGAGATGGATTCCTATAGCCAGACCCG
NZ_CP137851.1_gap89	4057725	4058507	782	CCCGTGGGCTTGAACGTGAAGAAGGCGGTGTTCGTGGCCGCGAAGGGCTCGGAGAACTCGAGCTGGATCTGGATGGACTCGTAGAGCTTCGCGTCCATGATGGTCATCCGGCCCTTGCCCACCTGATCATTGCCGGACCAGGTGTAGATGGCGCCGGGCCCCGCGAAGGCCCCGTCGAAGGTCGTCTGCATCTTCGGGTCCTTCGCCGCCCAGGGGGACCAGAACTGCCACTTGTGGAAGTCATTCACGGTGCCGAAGGGGAGCTCGACCGGGGCGGCGATGGTGATGGACCGCTCGACGCGGAATGTGGACGGCCGCGATGCCACCACGGCACCCACGCCGATGAGGGCAACGACGAGCGCGAGGGAAATCTTCTTGAGCATTTCGTCTCCAGAGAGGCGGGGTTGAACCGTATGTCCCCCATGGCTGGACGGCAAATGCTCAGTGCCTCGCGACACAGTGTGCGGGCCACCTCCTCCGGCAGTCTGGCCGAGCAGGCGCGCGTGACCGTCAGGGCGTGATGCCGGTGATGGGCGTCACGATGCACCCCGGAGCCGTGGGGTTCTCGCAGCACCGGGCGAGCGCATCGATGCTGCCGCGGTAGGTGGCCTCCCACTGCTCCTTCGACATGGAGAGGCCCGGCGGCATCCAATGCGAGTTCGGGTAGACCCTTGCCCAGCTGTCCAGGTACTTGCCGAGGTCCTCGGAGTAGATGCCCACGGTCTCGTACATGGCCGTCTTGCAGGTGTGCTGCGAGCCGATGCGGTGGCACCCCGTGCACG
NZ_CP137851.1_gap90	4176184	4179890	3706	GAGGAGGACAGGCCGAACTTGGAGCGGTCTCCGCCCGAGGCCTCCCACTTGCCCGCGCCTCGCGAGGACAGCTTCACCCGCATGCCGATGCGCGGAGCGATGCCCGTCTTGCGCGCCACCTCGGCGATGAGGGGCAGCTCCGAGGGCTTCTCCACCACCAGGATCACCTTGCGGCCCAGGCGGCTGAAGCGCAGCGCCGTCTCGACGTACTCCTCGTCCTTGTAGCCGTTGCAGATGACGAGCGCGTCCTCCTGGTCCAGCAGCGCCATCACCGCGAGCAGCTCCGGCTTGCTGCCGGCCTCCAGGCCATAGGCGAACTGCTTGCCCGTCTCGACGATGGTCTCCGCCACGTACCGGTGCTGGTTCACCTTGATGGGGTAGACGCCCTGGTACACGCCCTTGTAGTTGTGCTCGGCGATGGCCTTGCGGAACGCCTGGTTGAGGTGCACCACCCGGTGGCGCAGCACGTCCGTGAAACGGATGAGCAACGGCAGGCCGATGCCACGGCGGCGGACCTCGTCCACCAGCTCCTTCAGGTCCATGTTCGGGGCCGTGGGGCCATCCGGATGGACACACACGTGCCCCTTATCGTTGACGCCGAAGTAGGGGGCGCCCCAATTACGGATGCCGTAGGTGTCCTGGGCATCAGCGAGGGTCCAGCGGTGCTGAGGAGTGATGGGTGGCATCGGCGTTCCTGATCTCCCGGTCTAGGGGTGGGACGGTGTCCAACAATGGACAGCGCGGGAAGTATCGGGAAACTCCCCGGCGTTCAACTCCTGGTTGAGGGGCGGCCGGCCAGGCGTGGGCGGGACCCCCTTCCCACCCCCATGAGTGGGCTGTCCTCCAGCGGATTCCTACCCTTCCCCCAGAGGAGGTCCGGGAGCCCGCATGGAGCCAAGGGGAGGGTACATGGAGTCGTCCGCACGCAGGGACTCGCCGTTGATGACCCCAAGGGAAATCTACGAGCGTTTGGACAGGTTCGTCATCGGCCAGGAGGCGGCCAAGCGGGCCGTGGCCATCGCCGCCCACAATCATCTCAAGCGCATCCAGGCGCGCCGGCTGCGGCGCACCTCGCTGCTCAAGAAGAGCAACATCCTGCTCATCGGGCCCACCGGGAGCGGAAAGACGCACATCGCCCGCAACCTGGCGGAGATCCTCTCCGTCCCGTTCACCACCGTGGACGCCACCGAGTACACGGAGGCCGGCTACTACGGGAAGGACGTGGAGGTGATGGTGGCGGACCTGCTCTTCAAGGCCAACCACTCCGTGGAGGACACGCAGCGGGGCATCATCTTCATCGACGAGGTGGACAAGATCGCCCGGCGCTCGCAGGGCGCGCGCAACGGGGCGGGCAGCCGCGACATCGGCGGCGAGGGTGTGCAACAGGCCCTGCTCAAGCTGTTGGAGGGCCGCGAGGTCTTCGTCCCCATGAATGTCACGCAGGCGTTCAATCGCGGTGACTTCGTGCCCATCGACACCCGGGACATCCTGTTCATCTGCGCGGGGACCTTCTCGGACCTGCACGAGTACGGTGGCACCGTGGACACCCGGCCCCTTGGCTTCGGCGCCCAGGACGTCCAGAAGGTGCGCCGGCGCGTCACCACCAAGCAGTTGGTGGACTTCGGCATGCTCGCCGAGTTCCTCGGCCGTCTGCCGGTGGTGGTGCAGCTGGAGCTGCTCGGCGAGCCGGAGCTGCTGCGCGTGCTCACCGAGCCCCCGGACTCCATCGTCCGCGAGTACCGCGAGCTGCTGGGGCTGGACGGCATCGAGCTGGAGCTCACCGAAGACGCCCTGCGCGAGGTGGTGCGCTTCTCCATCGACAAGGGCCTGGGAGCGCGTGGCCTGCGCTCCATCCTCGAGCACGTGATGTCGGACGTGATGTTCGAGGCCCCCGAGCATCGCCACCGCCAGGTCACCGTGGACCAGGGTTTCGTCCGCCTCCGCCTGGCCGGACTGGAGGCGAGCGCCGGGCTGGGCGCCTGAGTCCCCGCTCGGTTACTCGCCGCGCTCGGAGGCCCGGGCGGCGGCCCCCAGCCGGGCCACGAACTGGGGGTCCTGCAGGAGCTGGAGGACGAGGTTGCTGCGCAGCGCCGCCTGCGTGTCGCCCTTCTCCAGCGCCTCGCGCAGTTTCTTGTCGGAGAGGGCCCGCTGGAAGCGCGGGTCCTGCTTCAACGACTTGAAGGCCGGGTTGTCCGCCATGCGCCGGGCGCTCTCCGGGTTGCCGGCCACCTTCGCCACCGCGACCATGTCCTTCACGGCGGCGAACTGCGTCATCTCGAAGAGGTTGTAGCGGCGCGCCAGCCCGAAGGTCACCGAGTCCTTGGGCGACACGCCCATGCGCTTGCCCGCGACGATGATGTACTGCTCGGCGAAGACGAGCGCGCTGAGCACCACGTAGGTGATGAGTGCCACCTTGGTCCCGCCGAGCACGAAGCCGATGGCGCTGTCCACGCTCCGCTTTTCCGGGTCCGGTCCACCGAAGAGCCGCTGCAGGAAGTAGGTGAGGGCGTAGCGGATCGCTACCATCACGGTGATGAACATCAGCATCGTGCCGGCGATCGTGCCGATGAGCAGCGGTGCGCCACCCAGGGCGGCCGCCATCTTCGGCCCCACGTACGTGCCCAGCTTGCGCGACACGTACCAGGCCACCGCGAGTGCCACCAGGTTGGCGATCTGCTTCGCCCCTCCGCTGAGGGCTCCCGCCACCGCGAAGAGCAGCACCAGGCCCAGGATGATCAGATCGATCGTCACGCGCTCCCCCGTTTCGCCTCAGCGGATCTTGAAGGCGTCGCCCTGCTTGCGTGACTCTTCCAGTAGCACCTTCTGCACCTCGGCGAGCTTCTCCTTGTAGCGGGTGTTGGCTGGCTCATAGGTGAGCGCCATCTTCAGGTTGCGCTCGGCCGAGGCCCAGCGGCCCGCGTCGGCGTCCGCCGCGCCCGTCTGGTAGAACTGCCGCCCCTTGGGGTGCACGCCGATCTGCTCCTCCACCTGGCGCTTGGACGCGGCGCGCGTCTCGGCCTCGGAGGACTCGGTGAAGCGCAGCTTCTGGGCCCGCTCCGGCCCCGAGATGTTCGCCGTGTACTGCCGGCGCTTCGCGTCGTCCCGGAGCACGTAGTAGGCCTCGGTGACGCGCTTGTAGAGGTCGTGCACCTGGTCCTTCAGCTCCTTGTTGTCCAGGTGGAAGAAGCGGTCCGGGTGGTAGGTGCGGCTCTCGCGGTAGAAGGCCTTCTTGATGTCCGCGGGGGCGGCCGAGCGCTCCACCATGAGGATCTCGAAGTAGTCCATCTGGTCGAGCCGGGCGCAGCGCTCCGAGAGCTCGGTCATCTGGCCCGGGTCGAAGTCCAGGGTCTTCCCGGCCGCAGAGGGCGGCGGGGGAGGGGGCTGGGCCGCGGCGGCGGGAGGAGCCGGAGGGACGACGGGAGCCACCGGAGGAACGAGCGGCGCGATGGACGGCGCCACGGGCGGAGGCGGCGGCTGGAGCGCGGCGGGAGGCGGGGGCGGTGGACGCGCCGGGCCGGCTCCGGACGGAGGCCGCGCGGGCAAGGTCCCCGCGGGCGCCACGGCTGGCAGTGAGGTGGTGGGCCGCACGGCGGGACGTGGCCCCGAGCCGGGAGTGGTGCTCACGGGAGGAGGAGGCACGGCGCCCGGCGCCAGCGTGGGAGGCTGCGCGCGGGTCTGCGAGGCCGTGGCGGGCGGAGGCGGGGGA
NZ_CP137851.1_gap91	4186755	4188613	1858	CGGCGGATTTCGCCGAAAAGGAGATGCGGGGCTACGAGGTGGGCAAGAGCAGCCTGTGTGTGGCCAGGATCAACGGGCGCTACAAGGGGCTCGATGATTGGTGCAACCACGGGGGCTGTCTGCTCTCCGGTGGACGTCTGGAGGGGAACATGGTCGTGTGCCCCTGCCACGAGGTCGGCTTCGACATGGACACGGGCAAGAATGAGACCTCACCGGGCGTATGCGATGACCAGCCCGCCGTGAAGATCGAGGTCGCCGACGGAGAGCTGGTCGTCGAGCTGCCCGACAAGGACTTGTAGGAGGCGCGCCATGGGACACGAGGGACACGATCACGACCATGACCCCAAGCATGGTCACGGACATCACCATCACCCCCACGGGCACGAGCATGGCCACGACCACGGCCATGACCACGGGCACGACCATGACCACGGACACGGTCATGACCACCACCATGGGCACGAGCACGGCTCCGGGCCGGTGGCGGAGCACAAGGCGCACGCGCCGGTGCACGTGAGCACGTTCGTGGTGACGTGCTCGGACAGCCGGGACGAGTCGAAGGACGAGAGCGGGCGGGTGCTGCGCGAGTTGCTGGAGGCCGAGGGGCACCCGGTGAGCGGCTACCGCGTCATCAAGGACGAGCCCGAGTCCATCCGCGCGATGCTGAAGGAGGCCCAGGAGTCCGGTGCGCGGGCTGTCATCTTCAACGGCGGGACGGGCATCGGCCGCCGGGACAGCACGGTGGAGACGCTGCAGGGCCTCTTCGAGAAGACGCTGCCCGGCTTCGGCGAGCTGTTCCGGATGCTGTCCTTCCAGGAGATCGGCAGCGCGGCGATGATGTCGCGGGCCACCGCGGGGACGTACCAGGGGATGATCCTCTTTTCGCTCCCGGGCTCTCCGAAGGCGGTGCGGCTCGCGCTGCGGAAGCTCATCCTCCCCGAGCTGGGTCACGCGGTGCGTGAGCTGACCCGCTGAGCCACGTACGTCCGGCCGGGCCTCGCGGGCTTCCATCGGCATGCGAGGTCTGGCCGGTTCTCTTCATCATCCCGCGAGCCTCGGCCTCACTGCCTCGCCGTTCTCCTCTCGCTCCCGGACGATGTGCTGGCCGATGAGCGCGAGCAGCCCGGGAATCTGCCGGATCGCGGCACGATCGTTGTCCCGGTACGTCTCCTCGAGGTCCTCCCACGGAACGAGGCACGGGTGCGTCCTCGCCTCGTCATCACGAGGGCCCTTGTGCCACCCATCGAGCAGGTACCGTGCGCACCAGCGGTCGTGCTCCATGCGCGCCAGCAGCTCCACCTCCTCGGGGGTGAAGGCGAATCCTCCCGTGCCCGATGGGGTGGGCTCGCTCCGGCAACCCACGGCGCGCAGCTTGACGGGGATGTGGTCCGCCTGCTGGCGGTTCGTCTCGCGGAAGAACTCGTCCAGCTCGGGCCACTCCCTCAGTGCCGGACGCGCCCCCAGGACTTCTCCCTCCGCCAGCTTGCGCCGCAGGTAGTCCGTGTGCGCCGTGCGCGCGAGCAGATCCAACGTCTCGCCCAGGATGCTCTCGCGGTTGCACAGCCGGTCGATCATCCCGAAGACGCTGATCCGCCCGTTCCAGCGGCCCTCGCCCGAGCCATGCACCAGGGCCGACATCCCCGCTTCGTGCGACATGCGCACCCGCACCGGGACTCGCCGTCCCCGCAGCCGCTCCACCAGCGTCAGCCCACAGGCGAGGCCACGGCGGTCATCGTCGAAGCACACCACGATGTTCAGGAGCCGGTGCGGATCCTGTCCCCACTCCTCCAGACGCGAGAGCACCTCGGCGTACTCCACGTCGCCCTCGAGCACGTCCAGGTCCGCCACCTCGGTGAAC
NZ_CP137851.1_gap92	4226540	4229795	3255	TTCGATGTCTCTTCGTCTCTCACGTGCGTAATTTCTCCCCGTGCCCTTCTCACGGGAGGAAATTCGGATGAAGAAGCTCGGATTCGAAACGCGTGCGGTCCACTCTGGCCGGGAGGATCTGGCCGGGCTCGGCGTCCATGCGCCGCCGATCGATCTCTCCACCACCTATCCCGTGGGCAGCATGGGGGGCATCGGCGAGTGCTTCGACGCGCTCGCCCAGGGTGGACCCCTGCGCGACAACCCCATCTACGCCCGGCTGCACAACCCCACCGTGGTGCGCTTCGAGAAAGCACTGGCCGCGTTGGAAGGCGCCGAGGAGGCGGTGGCGTTCGGCTCGGGCATGGCGGCGCTGACGGCGGTGCTGCTCGCGGCGCGCCAGGGAGGCAAGCACGTGGTGGCGTGCCGTCCCGTCTACGGCGGTACGGACCATCTGCTGGACAGCGGCCTGCTGGGGGTGGAGGTCACCTGGACGCATCCGCACCACGTGAGCAAGGCCGTGCGTCCGGACACGGCGCTCGTCGTGGTGGAGACGCCGGCCAACCCCACGCTGGCGCTCATCGACATCGCGCGGGTGGTGGCCCAGGCGGGCGAGGTGCCCGTGCTGGTGGACTCCACCTTCGCCACGCCCGTGCTGCAGAATCCACTGGCGCTCGGGGCCTCGCTGGTGCTGCACAGCGCGACGAAGTTCCTCGGCGGGCACGGTGACGTCATGGGCGGCGTGGTGGCCACGAACGCGATCTGGGCGGCGCGGTTGCGCCAGGTGCGCATCGCCACGGGCGGCGTGCTCCACCCCGAGGCGGGCTACATGCTGCACCGCGGTCTCGCGACGTTGCCCGTGCGCGTCCGCGAGTCACAGCGTGGCGCCATGTTCCTCGCGAAGCGCCTGGCCTCGCACGCCGCCGTGTCCCGCACGTGGTACCCGGGGCTCCCCGGGTGTGACGCCGAGGGCCTCATCGGGCGGCAGATGCGCGGGCCCGGGTGTCTGCTGTCCTTCGAGGTGGTGGGTGGCGCGAAGGCGGCGGCCCAGGTGATGGAGCGGGTGGAGCTGCTCACGCCGGCGGTGAGCCTCGGCTCGGTGGACTCGCTCATCCAGCACCCGGCCAGCCTCACGCACCGCGTGGTGGACGAGAAGCACCGCGAGGCCAGTGGCATCTCAGCGGGCATGCTCCGGGTCAGCGTGGGACTGGAGAGCCCCGAGGACCTCTGGGCCGACCTGCAGCGCGCCCTGGAGGGGGTGCAGATGGTCGGCCCCGAGGTGGGGGAGGGAAGTGAGAAAAGTCGCTGCCCGAGTGGAGACGCCGTTTTGGTTGGTGACCTAATCCAAGGTCTAGGGCGGATTTGAACCGCGTCGCTTTACAGGCGATTACCAGTGGCGTGTTCGGCATCTCCGGCCGGGCAGCTACCCATAGGGACGAAAAGGCTCGGGAAATCCTGACGATGGGGGCGGGCGCCTCCAATCTAAGGGCACTCGATTTATGCAAGTAGAGGCCTACGGTGGTTGCATCCCGTCTCGTAGTGGCTGACGAAGGGGGCGGTTTGCAGCCTACCGCGCAGTGAAAAGAGTCCGCGCACTCCAGTTGTCGTTTGATAGTACGCAATCATCCCACATGGCGAGACAGAGCGCTTCCCTCGGGGCCTGTACGTCGCCGATGGGCATTCCCGTAGGTACACAGGGGGTGGCCTCCCTGTATCAGGCTGGTTGACGCCGGAACCGCTATCCTTGAGTCGTGGTCTATTGCCATCTTAAGGTGGGGTGAGCAGTCGCCATTTGAAGGATGCTTCTGGCGCTTGCGCTGCAAACATCTTTTGTAAGCGTTCACCGGCTCAGGCCGGAGGTACAGCCTGAGCAGTGGTCGTGAATGGGAGAAGGGAAGGCAGTGGCAGCCCGCGTCGATGTGCGTAGAGGAGGTCCGTGAGGTACTCCAGCACATTGCGTTGTTGTAGGTCGAGTGTCGTCACAGCCGTCAAGATTCGCTCCACGAAGCGACTGCCTTCGGGCGACTGCGTCCCGAAGCTCGTCTTCCTGTACATGACGCAAGGGCGGATGAGCCTCTCGGCGAAATTGTTGGTCGGCTCCAGGCCCTCCACGTGGACGAATGTCCACATAGCCTCCTCGAGTTGGAGAATCTTCGCCGCGGTGCCAGCCGTCTTTTCCTCAGCGCACACCGCGGCCTGCCGAAGCAGAAGTCCCACTTTCTGCTCCACCTCCCTCATCCGCCGCTCGAAGTCTTCACGTGACAGCGTCCCATCGCGCACCCGGTGCCACCACTTGAACATCCGGTTGCGCTCCTCCATGAGCACCTGTCCGATTGGGGCGCCCTCACCACCCCTGTCGATGAAGCCCTGGAAGTCCCTGGTCAGATGGCTCCAGCACAGCTGTCGCAGGGCGGTATCGTACCAGTCGTACGCGCTCCACCGGTCCGTGGTGAGAAAGCCCGCGAAATCCTCCCCCAGCAACGCCTTGGCCACTTCGCTGCCATGGCTCGAGGAGATTCGGAAGACTGCTACCAGTGCGGTGGCTGCCAACCACAACCAGGCACGTCGGTGGTGCCCATTCGCCTTGCCCTCGTACCAGCCCGTCTCATCCAGGTTGGCCGCGTCCTGGTCTCGCACGTACTGCTCCGCCTGGGCGACAGGAGCCGACAAGGCCTTGCTCATCTCTTGCTCGCGGTTGCCGATGGCTCCCAGCGACAAGCGCACTCCCAGCAGGTCCGAGAGCGCATCGCGCACCAGCCGCTTGGAAAGTCTGTACTTTCCCACCAGCAGGCACACCATCGCCGACAAGCGCTCGCCAAACACATGTCCCGCAGCCTCGGGCGCGAGTATGGCCCGGTTCAGCGTGCCGCAGTGCGCGCACTCCACCACGTGGCACCGCAACTCGGTCACCAGCGGTTTGAGCGGTGGTATCTCCACCATCTGGTGCCGGAGCACTTGCCGCTGCCCGCCCTCCAACTTCCCATCGCAGCTGGTGCACCTCTCCGGTGCGGGCACTTCCATGAACCGGTCGACCTGCTCCGGCGGAAGCAGCTCCCGCTCGTGGAACTCGTGGCCGGGCTGGCCACCCGGACGACCCCCCTTGGGCACTTTGGGTGTCCGTCGCACTCCAGGTGGGTCCGACGACGGCGGCTTGGAGGAATTGGTGGAGTTCTGCTTCAGCTGGGCCTCCAGCTCCGCCACTCGGCGGGTGAGCGCCTTCACCTGCGCTTCCAACTCCGCGATGCGGGCGTCCCGCTCGGACACCTGCGCTTCCAGCTC
NZ_CP137851.1_gap93	4231111	4234622	3511	TGCTGCCTCGGTGAATCCGGCAATGGACGCCAGGAATGAAATTATAAGCTTGAAAAATAATAGGAGTTCTTTGACGCCATTCTCGGCGTTAGGACTGGTCTCAAAGGGAATCGGTAGGTCGAGGTGAATGTCTAGGCCGGGATGGTTGAGGATGATCCTTTTGTCGTTTAGATTAATCTCTATTGTGACATCTGCCTCGTGCTGTTCGAGGATTATGGACTGATTGGAGTTGGTGCTGGAGAGCCACTGATGGAGTGCTCTGTTGAGGTGGGCTTGCTCAGGCGACGGGCTTCTTGATGTGTTCTGCGACGAGTCAGAAATCTTGAGCCCTATTTTCAAGGGGCCTAGAGTTGTTGGGTGAAGGCCTGCTTGAAAATAGAGATGTCTTAGTTCCTTTTCGGCTTGTTGGTGCTGCCCTGGAATGAGTTTTCTTCTTAATTGAAGAGTGATTGTTTTTTGAGAGTGCAGCGATAGCCATTCATCTCTAGTGAGTTCGTCGAAGATTCGATGAACCCAGTTGTAGAAAAGGATCTTGCGCTTGGCATCGTAGACCACCAGCATCACTGGGGTTGTGCTGTCACGGTAGTATCGTAGATGGCGACAAGAGAAACGGTATTTGATTGACTTGCCCGACTTTGAGCTGGAGTCTGTGCCTTTTAATTGGGCTAAAAAGCGGAGATGCGTCGCGGTCTGATTCTTGAAGATCTGAACCTCAGCATCAAGACCGTAGTCTGGGTTTTGTGGGCGTACTACCCACTCGCTGGGAAATGCGTTATCGAAAGCTCGCCGGGACTCTTCTTCAAGAACATGTTCGCGTGGTCTGTGGAGCATGGCTGTGAAAGGAGATTTGAGTTGCGGTCAAGTGAATAAATGCTCGCAAATTTCTTGCTTTCTACTGCCAAGCCGTCACCCCGGGTAGAGCAGCGGTGTGACGTCCTGGAACGGCCCCTGGCACGGGGCCACGTCGGCGGCCAGGTAGTGGGCCACCCGTCCAGGCGCGAGCGCGACGATGGCCGACGAGCGCGTCCCATATTCTGGCGTGTGGATGCAGAGTGCATGGTACTGGCGGATGCGCTCGTGCAGCTCCGGAGGGAACTCCTCGAGGAGGAACTCCGGGGTGTGCTCGGGCAGGACGTGGTCCGCGAGCAGCGCCTGGAGATCCTGGACGGCCTCGGGCCAGGGCTTCCGGGCGGCCTTCTCGGCCAGCTTCCGGGCCCTCGCCACCTTGGGCAGGGCCGGGGTGTCGAGCACGTCGTTGGGCAGCACGTGGACGCCCGGCGGGACGTCCTCCCGGTGAATCCGCTCGGAGTCCGGGCGGGCGTACGCCACCCGGAGCACCCCGGCGTCCCCATAGAGGAGGTTGAAGGGGTTGTACTCCCGGGCATCCAGCCCCGCGAGGTAGCGGTCGACCCCCTCCACGTCGTTGGCCTGCAGGGCGCGCATCACCACCTCGCCCCTCGAGCGAGGGGCCCGCGTCAGGTTGGCGGAGCCCCGCTGATTCGTCAGACCCACGAAAAAGCCCCCGTCCGTCACTCCCATCCACGTCCCCTGACGCTCCAGGTCGCGGCCTCCGACGACCCGGGGAGAGAGGGACAGGACCTGGGGACCAGCGGCCGGGCGGGCGTAGAACTCGTCGCGGTTGGCGGCCAGCACGAGCGGCCACTCGGGGTGGATGTGGCGGAGGATGACGATGGTGCACATCGTGTGGGGTCGAATAACAGCTCCGGGGCCCCGGTGCATCAGGTGCGTTCCTTGGATACTTCCCGATGACCGGAGCCCTTCGAGCGGCTAATGTCCGCCCCCCCTCAGGAGAACCCATGGCGGAGAGAATCCTCGTCACCAGCGCGCTGCCGTATGCCAACGGCCCCATCCACATCGGCCATGCCGTCGAGTACGTCCAGACCGACATCTACGTGCGCTTCCTTCGCTCCTGCGGCAAGGACGTCGTCTACTTCTGCGCCGACGACACCCACGGCACTCCCATCGAGATCAACGCCGCGAAGCAGGGTCTCAAGCCCGAGGACTTCGTCGCCCGCTGGTACGACTCGCACCAGGCGGACTTCCGCGACCTCGGCGTCAGCGTCGACTACTTCCACTCGACCAACTCGCCCGAGAACAAGCACTACGCCGAGTTCATCTACGGCAAGCTGAAGGAGCAGGGCGACATCGAGAAGCGCGAAATCGAGCAGGCCTACTGCGAGACCGACAAGCGCTTCCTGCCGGACCGCTTCATCAAGGGCACCTGTCCCAACTGCAAGGCGCCCGACCAGTACGGTGACGCCTGTGAGAAGTGTGGCAAGGCCTACGCCCCCACGGATCTGATCGAGCCCCGGTGCGCCCTGTGCGGTACGCCGCCGGTGCGCCGCAAGTCCTCGCACCTGTTCTTCAAGCTGTCGCGCCACGCGGACTTCCTGCAGGAGACGCTGCGCAAGCCCGGGTTCATCCACCAAGGCCTCGCCACCCAGCTCCAGGGCTTCTTCGAGCAGGGTCTGGCGGACTGGGACATCAGCCGCGACGGCCCGTACTTCGGCTTCGCCATCCCGGGTGAGACGGACAAGTACTTCTACGTCTGGCTGGACGCCCCCATCGGGTACATCGCCACCACGGAGAAGTGGGCGAAGACGACGGGCAAGGCCAAGAGCGCCCTGGACTACTGGGCCGAGGGCAGCGACGCCCGCATCATCCACTTCATCGGCAAGGACATCGTCTACTTCCACGCGCTCTTCTGGCCCGCCGTGCTCAAGGAGGCCGGCCTCAAGCGGCCCGACAGCGTGAAGGTGCACGGCCACCTCACGGTCAACGGCGAGAAGATGAGCAAGAGCCGCGGCACGCTCATCCCCGTGCGCTCCTACCTGGAGCACCTGGACCCGAGCTACCTGCGCTTCTTCTACGCGGCCACGCTGGGCGCCGGAGTCGAGGATCTCGACCTGAGCCTCAAGGACTTCCGCCTGCGGGTGAATGGCGAGCTGGTGAACAACATCGGCAACCTGGCCAATCGCAGCCTGTCCATGCTGGCGGGTGGGGCGCTGGAGAAGCGTCTGGCTCCCGCCACGAAGGAGGGCCCCGGCAAGGCGCTGGTGGAGGCCGCGCTGGCCCGTGTCCCCGAGGTGCGCGAGGCGTTCGAGAAGCTCGAGTTCCGCACCGCCATCCGCGTCATCACGGAGATCTCCCAGTCGGCGAACGGCTTCCTCCAGACCGCGGCCCCGTGGGCCAAGGTGAAGACGGACCTCGAGGCCGCTCGGGCAGACCTGAGCGACGCCGCCGAGGTGGCCTATCTGCTGGGCGCGCTGCTCACGCCGGTGATTCCGCGCGTGACAGAGAAGCTGTTCGCGCAGCTCAACGCGCCGCCGCTCACCTTCGAGGCGCTCGCCACCGCGCGCTACCCGTTGCTCGACCGCAGCCGGCCCGTGGGCACCCCCGAGCCGCTCCTGCCGCGCCTGGAGGAGGAGCGCGTCAACGCCATCCTCGGCGAGACTCCCGCCGCCGCCGAGCCGGCCAAGGAGGAGAAGAA
NZ_CP137851.1_gap94	4256422	4259245	2823	AGACTCCAGCAGGAGGCTGCAACCGTGTCCCATTCTACTGCAAGTATCGTCGCAATCCCATCGAAGGCCCCTGGTGGGCGCTTTCGTCCCGAGAAGTTCCTTCTGCCGCTCCGGCTGCTGCGCATGCTCCTGAAGGACCCCATCGTCCAGGCGCTGCGGGCGCAGCGTCCGGGGTGGAGCAACCGTGCCCTGCTGCGAATGACGGCCGAGGCGCTGGCGGTGGAGACCGTGGAGGCGCCCGAGGTCGGGCGTGCGCTCTGTCACTGGCTCCTGCGCCAGGCTCCGATGGGCTCGTGGCGTCGGCTGCGTCGTCGGCTCCTCCTCCGGGGGTTCATCGACGCGTGCTACGACAAGGCTCTCGAGGCGGTGAAGGAGGCCCGTGCGAGCGGCAGCCTCCGGGCTGTGGTGGCCTTTCAGCACCCGGACGAGGCGTTCGTGGCGCAGGGACTGACGGTTCCGCCGGGGCACGTGCTGTCCTCGCCACGGGCTCGTGTGCGGGCCCTCCTGGAACCCGACAAGGAGGTGGGCCTGATGGACTATGACCCGAAGAGGGACTTCCTCTTCGACCTCACCGACGGCAAATGGTACCTCCTCGACCGTCAGGGCGAGTGGTCGTCTGGCGTGACCGAACAGACCTTCAGCACGCGGTTGCTCTACCTGGGGATGCCCCGTAACAAGCAGGACGCCTTCAAGACCCACGTGACTCAGTGCGAGCGGGCCGAGCCGATCTTCGACACGCAGGCGTACATCGTCGAGCGCCGCGGCGTGTGCATCCGAAACACCTACCGGCGCTCCCTTTTCCGGCCCGAGCCGGGCACGTGGTTCAACATCCGCAAGGTGCTGCTTAACCTGGTGAACGGCAATGCCGAGCACCTCGAGTTCCTGCTCGACTGGCTCGCCGCTCCGCTCCAGTCGCTCCACTTCAAGGGACGGCCCCTGAAGATGGGTACGGCCATCGTCTTCCACGGGGACGAGGGCTCGGGGAAGGGGACCCTGGAGCGCATCATCTGCCTCATCTACGGCCGCTGGAACGTGGCCCTCCTCGGCCAGAACGCGCTCGAGAGCCGCTTCCACGAGCAGCTCGTCGACAAGCTGTTCGTGGTGGCCAACGAGGTCATCTCCTCCACCAACCGCTCGGCCGAGACACAGAACCTGCTGAAGCCCTGGGTGACGGACGACGAGATTCCGCTGGAGGCCAAGCACAAGTCGGCCACCAAGGTGCCCAACCGCTTCAACATCATCTTCACCTCCAACGACGAGAAGCCTGTCATCGTGCCGAAGAAGGACCGGCGCTACACCGTCTTCAAGACGGGCCCCCGGCTTCCGCAGAAGTTGAGCGAGGCCGTGTACGCCGACCTCGACGGGCCGCAGCTCGAGGTGGCGGCGTTCTACTGGCACCTGCTGCACCGGAAGGTGCAGGTGAAGGTGGGGCAGGTGCTGGAAACCGAGGCGCGTCGCGAGGTGCAGGCGGCCACGGCCTCCTCCGACGAGAAGTTCGTCGCGGCCCTCAAGCAGGAGGGGTGGTTCGCCCTGTGCGCGCCGTGGGCTGAGGCACAGCGACGGAAGCGCCCGGACGACGCCTTCAAGACGGAGGAGAACACCAACGAGGGGTATGCCGTGCTCGCCAGCCGTCTCAACGAGATCTACAAGGACTTCTGCGAGCGACAGAACCTCAAGCAGCGCGAGCCGGTGCAACTGGGCAAGACGCTCAAGGCGGAGGTTCCCGGCGCGCGGGCCAAGGAGAAGAAGCTCGAGGGTGAAACGCGTCGCGTGTGGTTCGGCCTGCCGATGGAGCCGCCGGAAACGAAGGCGGACATCATCCCGTTGCCGACGGCGCAGCAGGCCCTGGTGGAGCGCACGGAGCGGCCCGCGGCATCGGCGGTGGACGACGCGGACTTCGGGACGGACGCCGCGTAGGCCCCCGAGTTCCACCGCGAGCAGGAGTGCGCCTCGGGATGTCGCCGGGGCGCTTTTCTTTGGCGAGGGAGCGGTGGCGCGCTCGTGTAGCCACGGCTGTACGCGGCGGGCCGCCGAGGTAGGGACTGGCGATGGTCCCGGAGGTCCCTCAGGCGGTCCCGGTAAGAGGGAGGACGGGGTGGGGGTAAGGCGTCTCACCCTCAGGCCCTGCTGACCGTCTTACCGCGAACTCGCTTGTGATTTCAGGTGGTTAGGCCGGCATCGCAGGCCGGTAAGGCGGTAAGGCGTTTGCGCAAGAATCTTGCTGCTGGCGCAGCGCCCCTCTCCTGGGACGCAGTCTTCAATTTATGGAGGAAATAGGAGTAGTCGTCTTACCCGTCTTACCAGAAGGGAAAGGCCAATAAATACAATGCGTTAGAGCCGGTAAGAGGTAAGGCGCTGGTCTGAGGCGAGCCACCTTACCCGCGTGGACGTCTTACCGACGCCTACGGCAGCCCTCCCTTCCGCAGCAGCTCCCCAGCACGTACATGCGCCAGAACGCCGTACTTGGCCGCTCCTGAGCCCCGGGTCTCCCCCGCTGGCTCCCCCGGCTCCGGACGCGTCTGCGGCCCAGCCAGGGCCCTTTCAGGGGCTCTCCGAGTTGTTATCACCACGGCAACCGGGTGTGGACGTCGTGACCTATATCTTGAGGATGCTCAATCGCCTCCTTGTCCTCCTCCTCCGCCGCCGTCCTCCGGCCACCGACTTCCTTCACCATTACCGAGCCCAGCTCGACCTCCTTCAAACCCAGATGGAGATCGTGAACGACGGCCTTCGGCGGGGCGACGTCTCCATTGAGGACTTCTTGGTGCCGCGGGAGGAGTAGGAATGACGGGTCCCCCGCATTCGTAGGAAATCGCTAGGTTG
NZ_CP137851.1_gap95	4261175	4264870	3695	CGCGGTCGCGGGGTCCGACCGAGATGAAGGAGAACCAGCTGATGGCGCCCCCTCTCGCAGACTTGATCGCTGAACAGGTTGAGCAGGCAAGCAGGCTCTACCATCGGCTTGTGATCGTCGCCGGCCCGCCGCGGTCGGGCAAGACCAGTGCACTGCGCGACTTGCACCACGAGCGCGGCTGGCCCTTGGTGAACATCAATCTCGCGCTCTCGGAGAGACTGCTAGAACTCTCGGTCAAGCAACGCGCCCTTCGAGTCGCGAGGATTGTCGACGACATCGTCCACGAGCAAGCTGGGAACGTCGTTCTTCTCGACAACATCGAGATGCTCTTCCATCCCGACCTGCAGCAGGACCCGCTGCGACTGCTCCAGACGATCTCGCGCAACCGGATCATTGTAGCGACCTGGCGCGGCGTGCACCTCGGCACCTCGCTGACGTACGCGGCTCCCGACCATCCCGAATTCCGGCGCTTTGAGGAACCTCAGGCGCTCATCGTTTCCAGCGGGGGTGTCCCCGGCAGCAGCGGGGCGACGTCTGCCCAGGAGCACTCGGCATGAAGTACGCGGACCTCATTCAGTTCGACCCCATCGAGACTGTCGTTCAGCTCCGCGAAGCCGACCGAGCGGCCAGCGCTCGCCGCCTCGTCGAAACGTTCGTCATCTCCAACCGGATGGGCGAGCAACTCGCGGACCTCGTGCTTCCGCAGCTCCAGTTCGAGACCCCGGCCGACAACAAGGGTCTCCTCGTCGTGGGCAACTACGGCACCGGCAAGTCACACCTCATGGCCGTCATCTCCGCGATCGCGGAGCATGCCGAGCTCGCGGGCGCGCTCACGAACCCCGCGGTGGCGGACAAGGCCTCGCTCGTCGCGGGGCGCTTCTTCGTGATCCGAGCCGAGATCAACTCGTCGATGCCGCTGCGGCAGTTCGTCATGGAAACGCTCCAGGACCAGCTGTCGGAACAGGACGTGCACTTCGATGTCCCGCCCGAGGACCAGGTCAAGAACCACAAGGACGTGTTCGCCTCCATGATGGCGGCGTTCACGGCGAAGTTCCCTGACAAGGGGCTCCTCTTCGTCCTCGACGAGCTGCTCGACTACCTCCGCTCCAACCGGGAGCAGGAGCTGATGCGCAACCTGAACTTCCTCCGCGCGGTCGGAGAGTTCGTCAAGGGCTCGCGCTTCCGCTTCATCGCAGGTGTCCAGGAGAGCCTCTTCGACAACCCGCGCTTCCAGTTCGCCGCAGACAGCCTCCGGCGGGTCAAGGACCGCTTCGAGCAGATGCGCATCGCTCGCGAGGACGTCGCTCACGTCGTCGCCGAGCGGCTCCTCAAGAAGGACGCGAAGCAGCAGGCGCTGGTGCGCGAGCACCTGACCAAGTTCGCGCCCCTCTACGGGTCGATGAACGAGCGGATGGACGAGTTCGTCCGCCTCTTCCCGGTGCACCCCGCCTACCTCGACACCTTCGAGCGGGTCTACGTCGCGGAGAAGCGCGAGGTCCTCAAGACGCTGAGCGCCTCCATCAGGCGCATGCTCACCGCGAGCGTGCCCGCTGACGAGCCCGGCCTCATCGCTTACGACTCGTACTGGCAGAACCTGAAGGACAACCCGTCGTTCCGCTCGGTTCCGGAGATCCGCGACGTCATCGAGAAGGCGGACGTCCTCGAAGCACGCATCCAGCAAGCCTTCACCCGTCCGCAGTATCGGCCGGCGGCGCTGCGCATCATCCACGCCCTCTCGGTGCATCGCCTCGCGACGAGCGACATCTTCGCGCCGATCGGTGCGACGGCTGAAGAACTCCGGGACGACCTCTGCGTGCTCATGCCGTTGCCCGAGCGCGACGCCGAGTTCCTGAAGACGGTCGTCGAGACGGTGCTCCGTGAGATCGTGAAGACCGTCAGCGGTCAGTTCCTCTCGTTCAACCGCGAGAACGGCCAGTACTACCTCGATCTGAAGAAAGACATCGACTTCGACTCGCTCATCGATAAGCGTGCCGAGTCACTCAGCGATTCCCAACTGGATCGCTACTACTTCGATGGTCTCCGCCGTGTTGTCCTCGAAGACCCGGAGGCCCCGCCCTATGTGGCTGGTTACCGGATTTGGGAACACGAGCTCGAATGGCGGGAGCGCAAGGCGGGCCGGAGCGGCTACCTCTTCTTCGGCGCGCCCAACGAACGCTCGACGGCTCAGCCGCCGCGCGACTTCTACATCTACTTCATCCAGCCGTTTGAAGCGCCGTTCTTCAAGGACGAGCGCAAGCCCGACGAGGTCTTCTTCAGGCTCACGCACCGCGATGAAGAGTTCACGCGCGCGCTCAAGCTCTATGCGGGTGCGCGAGAACTCTCTGCCACCGCTTCTGGTAGCAACAAGAAGGTCTACGACGAAAAGGCTCTCGAGCACCTGCGGACGATCACCCGCTGGCTCCAGGAAAAGCTGACCAACGTCTACGAGGTCACATACCAGGGCAAGGCGCATAGTCTCGGCGAACTACTCCAAACGCTGTTCGCACGCGCCCCGGCGCGCGGCGGTGTTCGAGACTACGTCGACGTCGCAGCGGCGGTGTCTCTATCGACGCACTTCACGGACACGGCGCCCGACTACCCTATCTTCGACACCCCCATCACGCGCGCTAACCGGAGCCAGGCCGCCCAGGATGCACTCCGGTGGATCGCGGGAAGCGTGAAGAGCAAGTTGGGTGCGGCTGTCCTCGATGCACTCGACATGCTCGATGGCGACCAGCTTCGGCCGCGCGAGTCTCGCTACGCCAAGCACCTCATCGAGCAGCTGGGAGCAAAGGGTGAGGGCCAAGTCCTCAACCGCTCCGAGTTGGTGCAGGAGCTGGCTGGTATCGAATATTGGACCCGTTTTCGCCTCGAGCCCGAGTTCCTCGCTGTCGCGTTGGCGGGGCTCGTTCATAGCGGCGACGTGGTGTTGAGCATCACCGGCAAGAAGATCGACGCAGGCGCTGTCGACCAGCTCGCGAAGCTCTCGGTCGGCGAGATCGCTCAGTTCAAGCACATCGAGCGCCCGCGCGACCTCCCGCTCGGCGCGCTCCAGGAACTCTTCGACCTTGTCGGTGTGCCTAAGGGACTGATCGTTAACCCGGCGAAGCGGGACGACGCCGTGACCCAGCTACAAGCGAAGGTGGCTGGGCTCGTCAACAAGGCGGTCGTCGCTCACGCACACCTGTCCGATATGGTCCTCTGGGGAAAGCCGATCCTGTCAGAGCAGGAGCAGACCGAGTGGCGCCAGCGGCTTGGCGACCTGAAGAAGTTCCTTGAGTCTCTCCAGGCGTTCAACACGGCGGGCAAGTTGAAGAGTTTCCCGCACGATGTCGCGGCGATCCAGGCTCAACGACCTGCGCTTGCACTCGTTCGCGAGGTCGACGAGCTGAACGAGCTCGTGCAGCAGGTCGGGCCGACGACTGCGTACCTCGGCAAGGCGGAAGCGGTGCTCCAGGCAGGCCACCCATGGGTGGACAGGATGCGGGAACGTCGTGGCGAGCTGATGACCAAGATCACCAGCCCGAAGCACCGCGCCGACTCGGGTTTCCAGCGCGCCATCGGCCAGGCACTGGCGGAGCTCAAGACGGCCTACCAGGACGCCTACCTCCAGAGCCACGCGCAGGCGCGCCTGGGTGCGACCGATGACCAGCGCAAAGCCCGACTCGGCCAGGCCCCTCGCCTCAAGCAGCTCC
NZ_CP137851.1_gap96	4266535	4267369	834	GTGCGCCAGCTGCGGCTCCTCTTCGGACGCCCCGCCACGGTCCGGTCCGAGCTGAAGCGGGACGTGCTCGACCTGCGCGTCATCGACCCGAACACGATGCGACCGTCGAAGCGGGACCTCGTCGACTCCGCGAACCTCATCGAGGCGCTGAAGCGGGCGGTCCAGTTCTTCGCGGCCCAGACGGGGATGGGCGAGGTCGCGCCCGAGGACCTTCGCCAGACGGACGGCTCCCTCGACTACCTCACCCTTCGCGAGATCTTCGTGAACCAAGCCGTGCACCAAGACTACCGCGACTCGAGCGCAGCCGGTCAGATCGAGATCCACAGAGAGAAGGTGACCGTGTTCAACACGGGCTACTCGCTCGTTCCGACTGACAAGCTGCTCGACGGCGGCAAGAGTCAGTCGCGCAACCCACTGATCGCACGAGCCCTGCGCCTCATCGGCTTCGCGGAGATCTCGGGTTCCGGCATCCGGGCAGTTCACCGTGCCTGCCAGCAGGCGCGTCGACGGGCGCCGACCTTCGAGAGCGACAAGGACGCTAACACTTTCGCGCTGACCCTCGACTGGTCCGAAGGCGCAGTCGACATCGATACCTACTGGAAGACGCTGGTGGGCGTGCACCTCACGCAGCGACAGGCCGCTGTATTGAACGCGATCGCGAACGCCCCGAGCGTCACGATTGCCATCCTCGAGTCATCGACCGGGTTGGACACCGATAGCGTAGTCGAAGCACTCGACTTCCTCGTGCTGCAGGTCTTGGTCGAGCAGGACGAGTCGAACTATCGCTTGGCACACCACCTCAGGGAGAAGTTGGGATGAGCAATCAGCAGGATC
NZ_CP137851.1_gap97	4268986	4272437	3451	TGATGCAGGCGTCATTCGCGGAACTCTACCGCGTTCTCAAGCCTGGACGCTGGTGTACCGTGGTGTTCAGCAATTCGCTTAACAGCGTGTGGCGAGCGATTCAGGAGGCTCTTGGGGCGGCTGGATTTGTCGTCGCAGACACGCGTACGCTGGACAAGAAGCAGCGTTCGTTCAAACAGGTTACAAGTTCTGCCGTCAAGCAAGACTTGGTCATCTCGGCCTACAAGCCCACGGAGGCCCTGACCCACCGTTTCGAGCTCGGTCACACTACGGCGGAGGGAGCCTGGGCCTTCGTCAAGGAGCACCTCGGCAACATTCCGGTTTTCGTCGGACGTGCGAGCGAAGGCGAAGTCGTCGCGGAGCGCACGGCGCAGATGCTGCTCGACCGCATGATCGCCTTCCATGTGCAGCGGGGAATCAGTGTGCCGCTCTCGGGGCCCGAGTTCCTCCAGGGTCTCGCGCAGCGCTTCCCCGAGCGGGACGGAATGTACTTCCTGCCCGACCAGGTCGCCGAGTACGACCGCAAGCGGACGAGCGTCAGCGAGCTTCGCCAGCTCAGCCTCTTCGTCAACGACGAGGCAAGCGCCATCCAGTGGGTGCGGCAGCAGCTGCAGGACAAGCCCCAGAGCTTCCAGGATCTCACGCCCCAGTACATGCGCGAAGCCCAGGCGTGGGCGAAGCACGAGGAAACCGTCGAGCTGAAGACCATCCTCGAGCAGAGCTTCCTCTACTACGACGGTCGCGGCCCGGTGCCGAGTCAGATTCACCGCTACCTCTCGACGAACTACAAGGACCTCCGCAACCTCGATAAGGAAGACCCGCGCCTCCTCGAAAAGGCGCGGGACCGCTGGTACGTGCCGGACCCGAGCAAGCAGGCGGAGCGCGAAGCCATTCGAGAGAAGACGCTGCTCCGCGAGTTCGCGGAGTACAAGATCAGCACGCAGCGCAAGCTCAAGGTCTTCCGCACCGAGGCGGTGCGCGCCGGCTTCAAGGCCTGCTGGCAGGAGCGTGACTACGGCACGATCGTCAAGGTTGCCGAGAAGCTGCCGGATGCCGTGCTCCAAGAGGACGAGAAGCTCCTCATGTACTACGACAACGCGCTCACGCGCCTCGGAGACGAGTGAGGTGACGGATGCGCGTGTCTGCGGGCGACTGGTGCTACAGCCTCGATCACGATGAGCCCGGCCGCGTCATCGCGGTGGACGTCGTGTGGGGTGAGGAGACGGCGCAGGTCTGGCTCACCCAGCGCGACGCGGTCGTGCGCTTGCACCGAAGCCGCCTGCAGCCGCTCGCAGGCGTCGTCGCGCCATCGCTCGACCAGCTCTGCTACGTCGCCTCGGCAGCGCGGATCCTCGACGCGATGGAGCGCGACGCGCTAATCGCTCCGCTCGAAGGCTCGGTCATCCCGTTGCCCCACCAGCTCTACGCGCTCCAGCGAGCGATGTCCGCCGACCGGGTTCGGTACCTGCTGGCCGACGAGGTCGGCCTCGGCAAGACGATCGAGGCTGGTCTCATCCTGCGGGAACTCAAAGTCCGCGGCCTCGCCAAGCGCATTCTCGTCGTCGCGCCTGCGGGACTCACGAGCCAGTGGGTCAGCGAGATGAAGACCCACTTCAGCGAGGACTTCCGGCTGGTGCAGCCCGGCAACTTCCCTGCGTGGCGGCAGCTCGCTGGCGTCGACGAGAAGGAGAATCTCTGGCGCCTTCACGATCAGGTCGTGTGCCCGCTCGACTCGATCAAACCGATGGACACGCGCCGGGGTTGGTCGCGCGAGCAGGTGGCTCGGTACAACCGCGAGCGCTTCGAGGACCTAGTCTCCGCCGGGTGGGATCTCGTGATCATCGACGAGGCCCACCGGCTCGGGGGCAGCTCCGAACAGGTCGCCCGCTATCGGCTCGGCGAGGCCCTGGCGCAGGCGTCGCCGTATCTCCTCCTGCTCTCGGCCACGCCGCACCAGGGTAAGACCGACGCCTTCCGGCGCCTCGTCGCATTCCTCGATGCCGACGCGCTACCGGATGACGAGTCGGTTACGCGGGACAACGTCGCGCCCTACGTCATCCGGACCGAGAAGCGCCGCGCTATCGACGCCGAGGGCAAGCCGCTCTTCAGGCCGCGCTACACCCAGATCGTCTCCGTCGAATGGGACGGCTCGCGGCAGGAGCAGCGAGCGCTCTACGAGGCCATCACTGAGTACGTGCGTGAAGGGTACAACCAGGCGCTACGCGAGAAGCGCACGGCCATCGGCTTTCTGATGCTCCTGATGCAGCGGCTTGTGACGTCGAGCACGGCCGCGATCCGAACGGCTCTCGAGCGGCGCCTCGAGGTGCTGGAACTGCCTTTGGGACAGCTCTCGCTCTTCGGCGAGGACGTGGGCGAGGAGTGGGTCGAGCTCGACGGGCAGGACCAGATGGAGTCGCTCCTCCAGAGTAGGCTCAAGGGGCTCAAGAACGAGCGTGCCGAGGTCGAGCTCCTGCTCTCCGCCGCGCGGCGGTGTGAGGCCCGCACTCCGGACGGGAAGGCCGAGGCGCTGCTCGGGTGGATCCAGAAGCTGCAGCGCGAGGAGAACGACCCCGCGCTTAAGGTGCTGGTCTTCACCGAGTTTGTTCCCACCCAGACGATGCTCGCCGAGTTCCTTCGGCAGCGCGGGTACACGGTGGCATGCCTCAACGGCTCGATGGACCTTGAGGCACGCAAGTCGGTGCAGCGCGCCTTCGCCGGGGACGCGCAGGTGCTCATCTCTACCGACGCCGGCGGCGAGGGACTCAACCTTCAGTTCTGCCACGTCATCGTGAACTACGACTTGCCGTGGAACCCGATGAAGCTCGAACAGCGCATCGGCCGGGTCGACCGCATCGGTCAGAAGCACGTCGTGCGCGCGCTCAACTTCGCGCTCGAGGATACCGTCGAGCTTCGGGTGAGAGAGGTCCTCGAGGAGAAGCTCCAGCGCATCCTCGAAGAGTTCGGCATCGACAAGCTCTCCGACGTGCTCGACTCCGAAGAAGGCGGCGTCGAGTTCGAGCAGCTCTACGTCGGAGCCGTGCTTTCGCCTGAAGAGGCCGAGGCGCGGGCAGAGGCGCTGGCCGAGTCCATTCGAGCTCGGGCAGGCTCGGCTCGCGATGGCGCCTCGGTGCTGGCTGCGACCGAAGAGCTGGACCCTTCGGCCGCCAAGAAGATCGCTGGGCACCAGATGCCGTTCTGGACCGAACGCATGACCATCGCGTGGCTGCGCACGCAGGCCGCGCGTGGAGCCACCGGCCAGATCAAGGCGCTCGGAGTCTACGACCTCACTTGGCCTGGCGGCGGGACGACGATCGCGGCGTCCTTCAGTCGGTCGGCGGCCGACGATCCTGGAAAGACGCTCCTCACGATCGAAGACCCTCGCGTCCGTGGGCTGACCGCGCGGATTCCGCCCTACGCGCCAGGCATGTCAATCGCCCAGGTCGTCATCCCT
NZ_CP137851.1_gap98	4282931	4284001	1070	CGATGAGCAACTCCCAGCAGTGGTGAGTCCCGGCACGCAGCCGTGGGCGGTGGTGGAGCCGTCGGCGACCATCCCGCTCGGCTCATGTCATGGCGCGGGGGCCTATCCTCCACATCGCCAATACTTTCACCTACCTGATGGATTGACGTGCCTGTCGGACCCTTCTGTAATCCTGGGGCCAGTCCCCTTATCGGAGGTGCGGCGTGTCCACCTGTCTTGTTGGTTCGCGCCCGGCAGGCACGCGGCAGCGCCCCTGGTTGGGTGCTTGGGCCCTCATCGTCCTCTTTCAGTTCGCATGTGCCACAGGTGTTCCTCGGGGCGGCCTGCTGGTGGGGTCGTCCCACCGGCCACCGACACCCCGTTTCCATGAGGACGCCCGGCCTCCCACGGCTGAAGCAGAGGCCGAGGAGGCGGAGGAAGGTGAGGCCGCGGACGAGCTGGTTCGCCTCTCCCTGCCCACCCGATTCGGGGCCGTGCAGGTGAGCGACTTCGAACTCAACGAAGCCCTCACCACTCTGGTGCTGAACATGCCGCTGCGGGTGGCCGGCTCCCACTTTCCGCTCTATCTCCACCGGAAGCTGGCGCTGGCCTCGGTTCCGCTCACGGGCGAGGAGTGGCGCACGCCCTTGGCGCGGTCCTACGGGAGCTTCTGCGAGCGGCAAGGCACGCCGGGCGACTGCCTCGAGTTGTTCAAGGACGGGCCGGGCCTGGATGGCGAGGACAAGCGCGACCTCGCCCTGGCGCTCTCCGTGAATGCGGCGCTGGAGTCCCGGGACGCGGAGCTGCGCAGCATGTTCTCCACGACGCAGCTGTGGACGACGCTGAGCCTCACCATCATTGGATATCTCGCCTTGGTCGCGGCACCCGAGCCCGTTTCTAAAGGCGTGGCCGCTGCACTGGCCGTGCTCATGTGGGGGTATCTCGGGTGGGAGTTCTTCGACCTGGTGCGGGCCTACTTCAAACTCTGGGAGGAGGCGGCGGAGGCCAGCACGTTCGCGGAGCTACGCGAGGCGGGAGACCGATTCGGCAAGGTCATCGGGCCCAACAGCGTGCGGATTCTCCTTCTGCTG
NZ_CP137851.1_gap99	4357713	4358423	710	GGGCAAGCTGTTCGACGGGGACTCCGAGATGGCCGTGCTCCGGGCCGTGCAGGAGAGCGTCATCGCCCGGCCGGCCCGCCTCAACCCGGACGTGCCCGAGGAGCTGGACCGCGTGGTGTGTACCGCGCTCGAGCGAGACCCGGACGCCCGCTACCAGTCGGCGGGCGAGCTGGAGCGTGCGCTCGCCCAGTGCGTGCTGCGCAGCGCGAACAGCGTGGACGAGACGGACATAGGCACCTTCGTCCGGCGGCTCTTCGATGTCCCGCTCACCCAGTTCATCGCGGTGCCGTCCGCGCTGATGGAGCGCTCGCAGCGCAGCCGCTCCGGCAGCGTGCCCGTGGCGGGGACGACCCCGGACGCGCCGGCTCGGAGCCGCACGGGAGAGGCGCCCTCGGTGCAGGTGGCGGAGCCCGCCGCCCAGGTGTCCTCGCCCGCGCGCGAGCCCACCGCGGTGTTGCCCGGCTCGAACCCGGCCTCGGGGCGCGACAGGCCCGTACGCCCGGACGCCTCCGAGGAGGCCCTGGTCTCCGCCTCCACCCAGGTGTTGTCCCGCGACCTGCTTCCTCCTCGCTCCACCCAGCCGCTGCCCCCGGCCGAGGGGGCGAGGAACTCCCGCCCCATGCCCGTGGTGGGCCCGGTGGAGCAGGGGAGTGCGCCGCGGCCCGCGGCCCTCGAGTCCGTTCCCGCCCCCGTCCGGGAGGCCCAGGTGA
NZ_CP137851.1_gap100	4429902	4434278	4376	TGGCGTGCCGGTTGCCGGGCGGAGCGGACACGCCGGAGGCCTTCTGGCGGCTGCTGCGCGAGGGCACGGACGCCATCTCGGAGATTCCGGCGGACCGCTGGGACGTGGACGCCTGGTACGACGCGGACCCGGAGGCGCCGGGGAAGATGTACGTGCGCTCCGGCGGCTTCCTGCGCGAGGTGGACCGCTTCGAGCCGCAGTTCTTCGGCATCTCCCCGCGCGAAGCGGAGAGCATGGATCCGCAGCAACGGCTGGTGCTGGAGGTGGCCTGGGAGGCGCTGGAGCGGGCCGGCCAGGACGCGAGCGCGCTGCGCAACACGCGCACGGGCGTCTTCGTGGGCATCACCACGGCGGACTACTCGCGCGTCATCCTCCAGGGAGCGCCGGAGGACGTGGATGCGTGGTTCGCCTCGGGCAACTCGCTGAACGTGGTGGCCGGGCGCCTGTCGTACACGCTCGGTTTGCAGGGCCCGAGCATGGCGGTGGATACGGCGTGCTCGTCCTCGCTGACGGCGCTGCACCTGGCCTGCCAGAGTCTGCGCGACGGCGAGTCCACGATGGCGCTGGCGGCGGGGGTGAACCTCATCCTCTCGCCCGAGCCGATGATGGCGGTGTGCAAGGCGCGGATGCTCGCGGCGGATGGACGGTGCAAGACGTTCGACGCCTCGGCGAACGGTTTCGCGCGGGCCGAGGGCGCGGGCGTGCTGGTGCTCAAGCGGCTGTCGGAGGCGCGGGCGCAAGGGGACGACATCCTCGCGGTCATCCGCGGCACGGCGGTGAACCAGGACGGCGCGAGCAGCGGCCTCACGGTGCCGAACGGACTGGCGCAGCAGGCGGTCATCCGCCAGGCACTTGGGAGCGCGGGGGTGAAGCCCTCCGAGGTGAGCTACCTGGAGGCGCACGGCACGGGCACGTCGCTGGGAGATCCCATCGAGGCGGAGGCGGCGTGGTCGGTGCTGAAGGAAGGCCGCCAGGGTGGCGAGTCGCTGTGGATGGGCTCGGTGAAGACGAACCTGGGCCACCTGGAGCCCGCGGCGGGCGTGGTGGGCCTCATGAAGGTGGTGCTGGCGATGCGGCACCGGCAGCTCCCGGCACACCTGCACCTGAAGAAGCCGAACCCGCACATCGACTGGAAGTCCATGGGCGTGAAGGTGCCGGTGGAGCTGACGGCGTGGGAGCCGACGCAGGGCCGGCGCATCGCGGGGGTGAGCTCCTTCGGTTTCAGCGGGACGAACGCCCACGTGGTGCTGGAGGAGGCGCCGCCGAGGCCCGTGCGGACGCGCGAGGTGGAGCGGCCGGAGCACGTGCTGGTGCTTTCAGCGCGGAGCGCGGAGGCCCTGCGAGCCCAGGCGGGCCGCTACGCCCAGGCATTGGCGGAGGGAAGCACGGAGCTGGGAGACGTGTGTTTCACGGCGGCGGTGGGCCGCGCGCACTTCGAGTACCGGCTGGCGGTAGTGGGAGGCAGCGGCCAGCGGATGAGCGAGTTGCTGTCCGCGGTGGAGCAGGGCCGAGAGGTGGAGGGCGTGGTGCCGGGGCGTGCGGTGAGCCCCGCGCCCAAGGTGGCCTTCGTCTTCGGCGGTGAAGCCGGAATGTCCACGGCCATGGGACGGGAGCTGTACGAGACGCAGCCCATCTTCCGCGAGGCGCTGGATCACTGCGCGGAGGCGCTGAAGGGTGTGCTGGAAAAGCCGCTGGTGGAGGTGCTGTACGGTGCGGACTCCGCGCTGCTGAAGGAGGAACCGTACGGCCGGGCCGCGGTGTTCGCGGTGGAGTGGGCCCTGGCGCGCATGTGGAGGGCGTGGGGCGTGGTGCCCCAGGCGATGGCGGCGCGGGGCGTGGGCGAGTACGTGGCGGCGGTGGAGTCCGGTGTCCTCGGCCTGGAGGAAGGGCTGCGGATGGCGGTGGGCAAGGTGCCGTGGTTGCACGCGGAGACGGGCTCGACCGAGGGCATGGAGTCCCTCCCCCTGCATCCGGGAGAAGCGGAGTGGCCGCGGCTGTTGAAGACGCTCGGCGCGCTGTACGTGAAGGGCGTGGCGGTGGACTGGGCGGCCTTCGACGCTCCCTACGAGCGGCGCCGCGTGACGCTGCCCACCTATCCCTTCCAGCGCCAGCGCTACTGGTGGCGGAGCACGGCGCCTCGCGCGGTTCTCGCGCCCCGGTACGAGACGGAGGACCTCCCGCACTTCGGCCGTCGGCTGCGTTCTCCGGCACTCGATGGGCTCGTGTACGAGACGACCTACGGGCCCTCGCGTCCGGGGCATCTCGACGACCACCGCCTCAGCGGAACGATCGTGGCGGCGGGGTCCTCGCATGTGTCGCTGCTCCTGTCGGTCATCGAGGACACCTGGGGCACGCCCGCGTGCACCCTGGAGAACCTGGCCTTCCCCCAGGCGCTGGTGCTCGCGGAGAACGAGGAGCGCACGCTCCAGGTCATCCTCTCGCCCCAGGAGCGGGGCCACGCCTTCGAGGTAAAGTCGCTGGGCGACGACAACGGCGCGGAGACGTGGGTGCTGCACGCCAGCGGCGGGGTGCGCGTGGGCCGGGAGGAGCAGCCGGTGCCGTGGACCTCGCGTGAGGAACTGCTGTCACGCGTCCAGGCGCGCGTGCAGGGAGAAGACCTCTACCGGGGCATGCGGGAGAAGGGTTACACGCTGGGCTCGGGCTACCAGTGGATCCGCTCGGTGGCCCGGGTGGGGAATGAGCTCCTCGGAGAGATGCGGCTGCCTCCGCTGCCGGACAGGCTGGAGGACTACCCGCTCTACCCGGGCTTCGTGGACTCGTGTTTCCAGGTGCTCACGAGCTGGACGCTGGATTCCCAGGCATGGCACCCGGACGCGATACTCATTCCCTTCAGCGTCTCGCGCTTCACCGTCTACCGCAGGCCGCGGGGCACGGTGTGGTGCCATGCGCGCATCGAAGGCGGTGGGCAGCCCATCGTGGGAGAGCTCATCGGGGGCGATCTGCGCATCCTCGACGAGCAGGGGCTGGTGGCGGAGGTGGTCGGCTTCCGGGCCCGGATGGCGAACCGCGAGGCCGCGCGGCTCGGCACGCACGCGCGGCGGGAGGAGGCGCGCTACGAGGTCTCCTGGAAGCCCGCGTCCGAGGTCCAGCCCGTCCCGGCGACCCTGGCGGACAAGCGGCCCTGGGTGCTGCTGATGGATGCGCAGGGCGTGGGCGAGCGGCTCGGGCGCATGCTGGAGGAACAGGGCGCGCCCGTGCTTCGCGTGCGTCCCGAGGGCTTCGCGCGTGTGTCCATCGAGACACTCGTGCCTGCCCGCTGCGCGGGCGTGGTGTACCTGTGGGGCATGGACCAGCGAACCGAAGACGACGCCTCGGCGGAGTCGGTCCAGCGGGCCGCGCTGGATGCGAGCGGTGGGGCCCTGCACCTCATGAAGGGGCTGGCGGGCCGCGACGAGGCGCCTCCCGTGTGGATCGTCACCCGGGGCGCCCAGGCGGTGAAGGACACTCGGGCGGGCGTCGCGCTCGCGCAGGCGCCGCTGTGGGGCTTTGGCCGGGTGATCGACCTGGAGGTCCCGGAGCTGCGCTGCACCCGCGTGGACCTGGACCCCGAGGACCTCGAGGGCAGCGTCCGGCTCCTGTACGCCGAGCTGGGCAGTGGCGGTCACGCATCCGAGCGGGAGGTGGCCTTCCGCGGCGGCGTGCGCTTGCACCCGGTGCTGCGAAAGGACACGGGCTCGCGTGCTGGCTCCATCCCGCTCCGGGCGGATGCCACCTACCTCGTTACGGGAGGCCTCGGTGGGTTGGGCCTGGAGGTGGCCCGGTGGATGGTGGAGCAGGGAGCGCGTCACCTGGCGCTCGTGGGACGCCGTGCGCCCTCGGCCGCTGCTTCCGAGGCGGTGCGTGCGCTCGAGCAGGTGGGAGCCCACGTCACCGTGGCCTCCGTGGACGTCTCCAACGAGGCGGAGGTGGCGCGGCTGCTCCAGCGCCTCGACGCGGACTCGCCGCCCCTGCGTGGCATCGTCCACTCGGCGGGCGTGCTGGATGACGGAGCGCTCGCGCAGCAGGACCTCGAGCGCTTCGAGCGCGTGATGGCGCCGAAGGTGGCGGGAGCGTGGAACCTGCACCGGCTCACCGAGAGCCGGCCGCTGGACTTCTTCGTCCTCTTCTCCTCGGCCTCCGCGATGCTCGGCTCGCGGGGCCAGGCCAACTACGCGGCGGCGAACACCTTCCTGGACGCGCTCGCCCATGAGCGGCGTGCTCGCGGGCTGGTGGCGCAGTCGCTCGATTGGGGCCCGTGGGCGGAGACGGGCATGCTGGGCGCGCCGGATGGAACGTTGGCGCGCGCGCTCGAACGGCGGGGCATCCGTGCGCTCGCGACGAAGCAGGCCCTGGCGCTGTTCGGCGAGGCGCTCGCG
NZ_CP137851.1_gap101	4623090	4626974	3884	CGAGCAGGGTGGCTTCTCGCGTACCTGCGCGGTGAACGCGGACTGCGGCACGGGTGACACGTGTGACACGGTCAACAAGGTGTGCAACCGCCGTTTCTACCAGGCGGGCAACTCGGAAGAGTTGGTGGCTGCGCTGCGGGCGATCAGCGAGACCATCCAGGTAACGGACCCCTGTCTGTTGGCCTTCGCGCCCGGCCAGGCGCCGAGCTCCCAGGAACTGGTGGTGGTCTACGTCAACAAGGAGCGCCTCGCTCCGGGTGCGGACACCTGGGCCCTGACGAGCGAGGGGATCCGCTTCCAGGGCTCCACGTGTGCTCGCATCGAGTCCTCCACCTCGGCGAACAAGGTGAACATCGAGGTTCGTGCCGTTCAGAAGCGGTAGCCTTCGGGGCGGCTTTACGTGGTGAGGTGCCGGGGCTATGTCTCCGGCGCCCGCCCTGGCCGCCCATGAAGATCACCATCCTCTCGCGCTCCGCCTCCATTTCATCCACCAAGCGTCTGGTCGAGGCCGGGCGCGCGAGAGGGCACCAGGTGCGTGTGCTCAACCCGGTCCGGGTGGAGATGCACCTGGATGGGCAGCGCGCCAACCTGTACTACCGGCGCCGCAAGCTGTCCCCGTGCGACGTGGTCATCCCGCGCATCGCCCAATCCATCAACAATTACGGTCTGGCGGTGGTGAATCAGTTCGCCATGTGCGGGGTTCCGCTGGTGAACACGGCGCGGGCGATCGCCGAGTCGCGCAACAAGATGCGCTCGCTGCAGTTGCTGTCGGCGCACGGCATCGACATCCCGGCGACGGTGATGGCGCGTGACGCCGCGGACCTCAAGGCGATGGTGGGCCTGGTGGGTGGCGTGCCGGTGCTGGTGAAGCTGCTGCAGGGCCAGGAGAAGCACGGGGTGATGGTGTGCGAGAGCCTCCAGTCCCTGGAGGCTGCGCTCGAGGCCATCCTCGGATTGGGGCACAACCTGGTCGTCCAGCAGTACGTACAGAACAAGGGACAGGATGTGCGGGTGGTGGTGGTGGGAGGCCGGGCGGTGGCGGCGGTGCGGCGCCGTCCGAGGGTGGGCCGGCTGTCCTACACGCTCAACCGGGGAGCCCGGCTGGAGCGCATCGAGTTGACGGAGTCCCAGCGGAAGGCGGCGGAGCGGACGGCGACGCTGGTGGGGTTGGAGGTGGCGGCGGTGGATCTGCTGGACGTGCAGGAGGGGCACCCCAAGGTCTTCGAGGTGAACAGCTCGCCGGCGCTTCCGGAGATGGAGGCGGCCACGGGGTTGGATCTGGCCGGCATCATCATCGAGCGCGCCGAGCAACTGGCGGCCGGGGGTCCGAGGGTGGGGCTGCCGGAGCCGGAGCCGCGTACTCCGTCCCGGCGCAAGCGGAGGCCCAAGGCCTCCGTGGGCGAGGCATGAACAGAAAGAGGCCCCCGGACGTCGGAGGGTCGGTGATAGGGTGCCCCCGCTTTTCCGTGAGGAGAACGAACCATGCTGCACTTGCGACGCATCACTTCCCTGGCCGCCGCGCTGGTGGCCATTGCCAGCACCCAGGCCCACGCCGAGGGGCAGGTGGATCCGGCCACCCTCTATGAGGTGAGCACGGAAGGCACCTCCACCAAGGTGAAGGCGGGGGAGCAGGGCGTGTTCGTGTTGTCCATCAAGAGCAAGCCGGGCGCCCACGTCTCCGACGAGGCGCCGCTGAAGCTGGAGCTCAAGGGCGGCGCCCAGTTGGCACCCACGCAGGAGAAGCTGGCGCTGAAGGACTCGGTGGCCAAGAAGGCGCAGGGGCAGCAGTTCGTGGATCCCCGCTTCGAGGTGCCGTTCAAGGCCACGGCGGCCGGCAAGGGCACGCTGGAGGCGAAGCTGACGTTCTTCATCTGCTCGGATCAGCTGTGCGCTCGTCAGCAGAAGACGTTCTCCCTGCCCGTCGAGGTTCTCTAGTCCGTGGTGCGCCAGCGATTGTCCAGGGGCAGTGAGCGCGGAGAGCAGCGTGGGGGAGGGCGCGAGCGCGGCGCGGAACGGAGCGAGCAGCGCTACGTCTACGGGGTGAACCCGGTGCTCGAGTCCTTGCGAGCACACGCGGAGCGGGTGGAGCGCCTCTTCGTCACCGAGGGGCAGCTCGCCGCGAAGGCGGCGGCGGAGATCTTCAGCCGTGCGAGGGACGCGGGCATCCGGGTGGAGCGGGTGCCCCGGGAGCGGCTGGTGGCGATGGCCGATGGTGGGGTGCACCAGGGCGTGGTGGCCGAGCTGCGGGGCTTCGAATACGCCGAGCTGGAGGATCTGCTGGAGGCGGCCGGGAAGAGCGGGCGTCCCGCGTTGCTGGTGGTGCTGGACGGCATCCAGGATCCGCACAACTTCGGGGCGATCATCCGTTCGGCGCATGCGATGGGAGCGCACGGGGTGGTCATCGCCAAGGACCGGGCGGTGCCGGTGACGGGGGTGGTGGCCAAGGCGTCCGCGGGGGCGGTGGAGCACTGTCCCATCGCTCGGGTGGTCAACCTCTCGCGAGCCCTGGAGGAACTGAAGGAAGCCGGGGTGTGGATCGCCGCGGCGGACCCTCACTCGAACCAGCCTCTGTGGAGCGCTCGGCTGGACGGGCCATTGGCCCTGGTGGTGGGGGCCGAGGGAGCAGGCGTGCGCCAGGGGGTGCTGGAGCACTGTGACTTCCGGCTCGGGATTCCGATGCTCGGTCAGGTTGGTTCCCTGAATGCGTCCGTTTCGGCGGCGATTCTGCTATACGAGGCCGCCCGGCAGCGGGGGACGTCACGTTCCGTTGCCGGAAGTTGAACCGCCCGGATCAAACCGCTTGACTTGGGGGGCGAGGACTTCTAAAAGGGCGCGCCTCGACGGGACGGGCGGTTGACGGTTCCCGGTCGGTGGGATGGGCGGGATGGGGAAGCAGCCGGAGTGATGGATGCCGGTGTAGCTCAGTTGGTAGAGCACCTGATTTGTAATCAGTAGGTCGCGGGTTCAAATCCCGCCGCCGGCCAGCACGGGGCCGCGGATGAGGGCCCGAGGCAAAAAAGCAGTAGGAAGAACAGTGGTTTCACGGTAGTTGAAGACGGCGTTGCGGAGGGATACCCAAGCGGCCAAAGGGAGCAGACTGTAAATCTGCCGGCTCTACGCCTTCGTTGGTTCGAATCCAACTCCCTCCATCGCAATCGCGGGAATAGCTCAGTTGGTAGAGCGTCAGCCTTCCAAGCTGAATGTCGTGGGTTCGAGTCCCATTTCCCGCTCCAGTGTTGTAGTCGCAGATACAAGCCCTGATAGCTCAGTTGGCAGAGCGCATCCTTGGTAAGGATGAGGTCACCAGTTCAATCCTGGTTCAGGGCTCCATTTTTTCGAGGAGCGTTATGTCCAAGGAAAAGTTCGACAGAAGCTTGCCGCACGTCAACATCGGCACCATCGGCCACGTTGATCACGGCAAGACGTCCCTGACGGCGGCCATCACCAAGGTGCTGGCGAAATCGGGCGGCGCGACCTTCCTCGCGTACGACCAGATCGACAAGGCTCCCGAGGAGCGCGAGCGCGGCATCACCATCTCCACCGCCCACGTGGAGTACAAGACGAAGAACCGTCACTACGCGCACGTCGATTGCCCGGGCCACGCCGACTACGTGAAGAACATGATCACGGGCGCGGCGCAGATGGACGGCGCCATCCTCGTGGTGTCGGCCGCCGACGGCCCGATGCCCCAGACGCGTGAGCACATCCTGCTCGCCCGCCAGGTCGGCGTCCCCTACATCGTCGTCTTCCTGAACAAGGTGGACATGCTGGACGACCCCGAGCTGCGCGAGCTCGTGGAGATGGAAGTCCGCGACCTGCTCAAGAAGTACGAGTTCCCCGGCGACACCATTCCCATCGTCCCTGGCTCGGCCCTCAAGGCCCTC
NZ_CP137851.1_gap102	4727309	4732251	4942	GCAGAGAGGGGATGCGCTTCCCACGCTCGAGCTGCTGTGGATGGAATCGAGCATCTACTTCTTCTGGGGAGCGAGATTCGAGGAGGTGCGTGAGCTGGCCGGGCAGATCCTGGCGCTGGGCCGTCAGCGGATGCACCCACGGGTGATCGCCAAGGGCTACCGGATGCTCGCGAGCCTCTACCTGTATGAAGGAGAACTCGAAAGAGCACTGGCGTGCCGTGAGCAGGCGGTCCAGCTCTCGGCCCCCCAGCTCGATGTTCGAGGCTCACTCATCGAGAACATCTGGATCCCTGAGTCGGTGGACGACCTGGCGATTCCTTGTTTCGTCCACCTGTTGCAGCTGCGGCAAGGGGAGCTCCGGCGCTTCAGCGACGGGCTGCTCGAATTGGTCGATGCTCCGGTCCATTCCGCCACCCGGGGGTACGCATCGCTCAGTCTGGCCGTGATCTGTCAGCTCCGGGGCGACGCGTCGTGCGCTCTGCGGTGGGCCGAGTCGTTCACACTGCGGTGGGCCAAGGAGGGCTCGGCGGCCTCCGGCGGCCGCTTGTTCCAGTTCATGATGTCATGGGCCCAGGCGGTCCAGGGTTGGGCACTGGCCAGGGTGGGACGGAGGCGGGAGGGGCACGAATTGCTGCGGAGCGGCATCGGACTGCTCCAGGAGTTGGGCGCCAAGGGCTATCTTCTCTACTCCCTGTATCTGCTCGCGGACATGTCCTTGCTGCTGGGGCAGGTCGAGGAAGGGCTGGCCGTGGTGGGCGAGGCGTTGGGCCTCGTGGAGGAGACGGGGGCGCGCCTGTTCGAGGCCGAGTTGTATCGTCTCCAGGGAGAACTGCTCCGAGTGGCCGGAAAGGAGGAGGACGCGAGGCACAGCCTGCTCCGGGCTGTGGTCGTCGCCCACCGGCAGAGGGCCCACCTCTTCGAGCTGCGTGCGCGCGTGTCCCTGGCGCGCCAGCTCCAGGACACGGGACACCCGGAGGCGGCACGGCGCGGGCTGGAGCGTCTGTGTGGCCGGTTCGATCCGGACCTCGATGTGCCGGAGCTCCAGGAGGCCCGGGCCCTGCTCGGCTCGCTGCGGTCTACTCCAGGATCTCCACCGCATCCCCCACGCGAATCTCCCCCGGGCGCCGCACGATGACGTTCTGGCCGAACATCACCCCCTTGCTGGGAAGGACGCGCCGGTAGGTGGAGAGGGTACGCAGGGGTTCCTGCTGGGGATCGGCGCGGGCCGTCTCCGGATCCACCGTGGTGAAGACACAGCGGGCGCACGGCTTGACCCCCGCCAGCTCCACGGTGCCGATGCGCAGCCGCTTCCACCCGTCCTCGGCGAAGGCCTCGCAGCCGTCCACCACGAGGTTGGGACGGAAGCGGCTCATCGGCACGGGTTGCGCCAGCCGCTGATTGAGGTCCGCCAGCGAGGCCTCGGAGATGAGCAGCAGGGGGAAGCCATCGGCGAAGCCGACGCGATCCTCTGGATCGGCGTACTTCGGATCCACCAGGCGCTGCATGCGCTCGTCCACGTACACGAGCCGCGTGGGCTCACCGAGGTACTCGGAGAGCCACCGGTCCGCGCTCTCCTGGGCGCGGGCGGCCGAGCAGGTGTCATCCCAGACGGTGACGTCGAGGCGGGGCGCACCGGCGGGAGGCAGGGGCACCTCGAGCTCCGGCATGCCCGGGGCGGACAGGTGCAGCCCCGAGGGCCCCGGCACGGCGCGCACGAGCACCAGGGCGGGCAACTCGCGTCCGGTCATGAAGGAGCCGTCCGGGCGGACCGCCATCCACCGGCGATCATGTTGGAGCCCGAGCGGCTCCACGGTGGCGCGGGTCAACGGCAGACCCGCGCACGACTTGAGGGGGTAGATGTTGATGGCGGTCAGGGTCGGCACGAGGCCCTTTTTGCCCTATCCCGGCTTGGACTGCACCAGGTTGTACCGGTTGCCATACAGGTCCTGGAAGATGAGGTCGCGGCCCCAGGGCAGGTCCCGGACGCCCAGCTCGATGGTGACGCCCGCGGCCTTCAGGGCGCGGTAGTCCGCGTCGATGTCGTCGCTGTCGAGGATGATCATCGCCTGATGGCCGATCTGTGCCGTCTGCGTGGCGATGACGGCCGCCTCCTCGCCCTTGGACCAGGAGGCCGGGTTGAAGAGGTTGACTTCGAAGTCGGGCTGGCCCGCGGGCGTGACGGTGATCCACCGGGGACCTCCCGGGCCCATCTGGTTGTCCATCTTCTTCTTGAAACCGAGTTTGCCCGTGAAGAAGGCGAGGGCTTCGTCTTCGTTCTTCACGTACACCGAGATGTGGGTGACACGCCGGATCATCTGACCTCCAGGGTTGGATGGGGGCGCCTGTTCTAGCGAGTCATCTCCACCAGGTCAACACGGCACGGAAGCGTCCGGGGAAGCGGGCCCGGGGTGGCATCCGCCATATTGGCGCATCGTCCACCTTGACGGATGGAAGTCATCGGCGTTACTAGTGTCCGTACGATGAAGCTCCACTCCCTGCGCGCCAGGGAGCGCCGGGCGAATTGCTTCTCCACCCCCCGTTGGTGTGGCCCGCCCTCGAGAGAGGTGACGGGCCGTTTTTGTTGCAGGGAATCGCCATGTCCCAGTCCTCAGCCCTGTCCCTCGCCCTGTCCCAGGATGAGCTGCGTGCCACGACGGAGCAGTTGCTCGAGGCGCCCGCCGAGGCGGTGCTCGCGTGGGTGGAGCAGCGGTTCGGCGCGCGCGCGGCCATCGCCTCCAGCTTCGGGGTGGAGGACATGGTGCTCATCGATCTGGCCCGCACGCACGCTCCGAGCGTGCGCCTGTTCACGCTGGATACGGGCCGGTTGCCGCCAGAGACGTACGAGGTGATGGACGTGGTGCGCCGCCGCTACGGCGTGGAGATCGAGACGTACTTCCCGGAGCGGGCGCGGGTGGAGGCGCTGGAGTCCGCCAAGGGGTACTTCTCGTTCAAGCAGAGCATCGAGGCGCGCAAGGAGTGCTGCGGCATCCGCAAGGTGGAGCCGCTGCGGCGCGCGCTGGCGGGGCGGGAGGCATGGGTGACGGGGTTGCGCCGGGAGCAGTCCGTCACCCGCACGGAGGTCCAGGCGGTGGCGGCGGATGCGGACCACGGCCTCATCAAGGTGAACCCGCTGGTGCGGTGGAGCGGCAAGGATGTGTGGGCGTACGTCAAGGCCAACGGCGTGCCCTACAACGTGCTGCATGACCGGGGCTACCCGTCCATCGGGTGCGCGCCGTGCACGCGCGCGGTGAAGCCCTACGAGGACGAGCGCGCCGGCCGCTGGTGGTGGGAGTCCCCCGAGAACCGCGAGTGCGGGCTGCACGTCCGCCGCTGACCCTCCGCCCGAGACGAGGCCATGCCTTCCTTTGCGCAAGAGTCAGGTGGCGTCGCCGTGAGCGCGCATGTGGACTTCCCCGTCTGCCTCCGGCTGCGCGGCAAGCGGGTGCTCCTGGTGGGAGCCGGCAACATCGCCGAGGAGCGGAGCCAGCAACTCGTCGACGCGGGCGCGGTGCTGCGCGTGGTGGCGCCCGCCGTCGGCCCGTCCATCCGCCGTCTCGCGGAGGAGGGCCGGCTGGAGCTGGCCGAGCGCCCCTACGCGGCCGGAGACGTGCGGGGGCATCACGTCGTGTTCGTGGCCACGGATGATCGGCGGGTGAGCGAGGCGGTGGCGGACGAGGCGCGTGCCCTGGGTATCTGGGTGAACGCGGCGGACATCCCGGAGCTGTGTGACTTCACGCTGCCCTCGGTGGGCCGGCGCGGCCCCATCGTGGTGGCGGTCTCCACCTCCGGACATGCGCCAGCGCTGGCCCGGCGGCTGCGCCAGCAGTTCGTGGAGCAGCTGGCGCCCGGGCACGTGCAACTGGCCCGGTTGACGGGATGGCTCCGCAAGCGGCTGCCCGCGGGCGCCGAGCGGATGCGGTTGCTGAAGCAGCTGGTGGAGGGCGAGGCCGGGGAGCTGCTGACTCGAGGTGAGCGCAAGGCCGCCTGGGTGCGGGTGCGCGCCGCGCTGGAGAGGTTTGGAGAGAAGCAATGAGCAAGCAGGTCAACGGCAAGGTCTACCTGGTGGGCGCGGGGCCCGGAGATCCCGGTCTGCTGACGCTGCGAGCGGCCCAGCTGCTCGCGGGCGCGGACGCGGTGGTCTACGACCGGCTGATCCACCCCGACGTGTTGAAGCACGCCCGGCCTCGGGCGCGGCTGCTGTTCGTCGGCAAGGAGGGTGGGGGCGAGTCGGTGCGGCAGGAGGAGATCAACGCGCTGCTCATCGCCCAGGCGCGGCTCGGCCGCTCGGTGGTGCGGCTGAAGGGGGGAGATCCCTTCGTCTTCGGCCGGGGAGGGGAGGAGGCCCTCGCGTTGGAGGAGGCGGGCATCGCCTACGAGGTGGTGCCGGGTGTCTCCAGCGGCGTGGCGGCTCCGGCGGCGGCGGGGATTCCCATCACCCACCGGGGCCTGTCGGGCTCGGTGACGTTCGCCACCGCGCACCGGGCTGGGAAGGCGCCGGACTGGGCGCACCTGGCCGGGTCGGAGACGCTCGTGCTGTTCATGACGGGCAGCCGCCTGGAGGAGGCGACCCTGGGGCTCATCGCCGCGGGACGTTCTCCGAATACCCCCACGGCCATCGTCGAGGCGGGGACGTGGGAGCACCAGCGGGTGCTCGAGGCTCCGCTCTCCTCCATCGCCGCGAAGGCCCGTGAGGCCTCCGTTGGCTCTCCCGCCATGTTGGTGGTGGGCGAAGTCGTTTCCCTGCGCTCCCAGCTCCGCTCGCTGGTCGAGTCGCGGCCCGCGGTATCCGAGCGCGAGCGGTTCCTGAAGGTGGAGGCTGGTCATGAGTGAAACCCTGTCCGCGCGGCTCTCGCATCTGGCGGTGCTCGAGGCGGAGAGCATCCACATCATCCGCGAGACGGCGGCCGAGTTCGCCAACCCGGTGATGCTCTACAGCATTGGC
NZ_CP137851.1_gap103	4735661	4737879	2218	GCTGGCTCACGGAGGAGCTGGAGATCACCCGCCTGAGCCGTCCGTTCCTGGCGAGCCACGCCGAGCGCTCCAACCACGCGGAGCTGCGGCGCCTGCTCACGCCGGAGGGCGGCGAGGCCTTGCGTGCGCTGTTCGCGAGCCACCAGGTAATCGATTTGCTCCGCCAGTATCCCGGCAAGTGGAGCGCGGAGGAGCTGGTGGCTGGGTTGCGCCGCCTGACGCCGCGGCTCTACTCGATCGCCTCCAGCCAGAAGCGGGTAGGGGAGGAGGTCCACCTCACGCTGGGCCTGGTGGACTACGAGGCCTTCGGCACGCGCCATGTGGGAGCCGCCTCGAATTACCTGGCGACGCGAGAGGCGGGCCAGGACACGGTGGATGTCTTCATCGAGGCCAACGAGCGGTTCCGGCTCCCGAAGGATCCGAGCCGCGACGTCATCATGGTGGGCCCTGGCACGGGCGTGGCGCCATTCCGCGCCTTCGTGCAGGAGCGCGCCGAGACGGGCGCGAGCGGCCGCAACTGGCTCTTCTTCGGCGAGCAGCACTTCCGCACCCAGTTCCTCTACCAGGTGGAGTGGCAGGAGGCGGTGAAGCAGGGGACGCTGCACCGGATCGACCTGGCGTTCTCGAGGGACCAGGGTCAGAAGGTCTACGTCCAGAACCGCCTGCGCGAGAAGGGGAGCGACGTCTACGCGTGGCTGGAGGGTGGTGCATCCTTCTACGTCTGCGGCGATGCGAAGCGCATGGCTCCGGACGTGGAGGAAGCCCTCCTCGACATCATCGCGACCCACGGGGGCAAGAGCCGTGAGGACGCGAAGGCCTATCTCGATTCGCTGCGCGAGCAGCAGCGCTACCTGCGCGACGTCTACTGAGTGAGAGACACCATGAGCAGCAAGAATCCGACCCCGGCCCTTACCGAGGTGGAGCACATCAAGGCGCGCAGCCGGAACCTGCGAGGCACTCTGGCCGAGAGCCTCGCGGACCCGCTCACCGGCGCCATCGCTCCGGCCGACACCCAGCTCATCAAGTTCCACGGCAGCTACCAGCAGGACGACCGGGACATCCGCGAGGAGCGCCGGCAGCAGAAGCTGGAGCCGGCCTACAGCTTCATGATCCGCACCCGCCTGCCCGGCGGGGTGTGCACCCCGGAGCAGTGGCTCGCCCTGGACGAGCTGGCGCGCACGTACGCCAACGGCACGCTGCGCATCACCACGCGCCAGGCCTTCCAGCTGCATGGAGTGCTCAAGGGGGACATGAAGAGCACCATGAAGGGGATGGAGGCGGTGCTGCTCGACAGCATCGCCGCGTGCGGTGACGTGAACCGCAACGTGATGTGCAACCCCAACCCGGTGGACTCGCGCGCGCACGAGGTGGTGCACCAGTGGGCCATCCGCCTCTCCGAGCACCTGCTGCCGAAGACGCGGGCGTACTACGAGATCTGGCTGGACAAGGAGAAGGTGGCCGGCGGCGAGGAGGAGCCCATCTACGGCCCCACCTATCTGCCGCGGAAGTTCAAGGCGGGCATCACGGTGCCGCCGCTGAACGACGTGGACGTCTTCTCGCAGGACCTGGGCTTCATCGCCATCATCGAGGGCGGGGAGCTGGTGGGCTTCAACGTGCTGGTGGGCGGAGGAATGGGCGCCACGCACGGTGAGGCGGCGACGTTCCCGCGGCTCGCGGACGTCATCGGCTTCATCCGCCCGGAGCAGCTGCTGCACGTGGCGGAGAACGTGGTGATGGTGCAGCGTGACTACGGCGACCGTACCAGCCGCAAGCACGCGCGTCTGAAGTACACCATCGAGGATCGCGGCATCGCCTGGTTCATCGCCGAGCTACAGAAGCGTCTGGGTCATCCGCTGGAGCCCGCGCGGCCGTTCTCGTTCGATCACAACGGGGACCGTTTCGGGTGGATCCAGGGCCACGATGGCAGGTGGAACCTGACGCTGCACATCGACAGCGGCCGGGTGGCGGATGCGGAGGGCCAGCGATTCCTGACGGGCCTGCGGGAGATCGCCCGGGTGCACAAGGGAGACTTCCGGCTCACGCCCAACCAGAACCTGATCATCGCGGGCATCCCGCCGGAGGAGCGGCAGACCATCGAGAAGCTGGTCGAGACGTATGGCATCACGAGCTTCCGGAGCGCGAGCCCGCTGCGGCGTAACGCGCTGGCCTGCGTGGCGCTGCCGACGTGCGCCCTGGCCATGGCGGAGGCCGAGCGCTA
NZ_CP137851.1_gap104	4746433	4749451	3018	GTCATCGCAGGTGGGGCTGGCCGGGCCAGCGGCGGGGTTGGAGCCCTCTGCCAGCAGGTAGAAGAAGTGGTTGGCCACGCCGCTGGAGTAGTGCACGTCGAGCGACGCGAGGCTGGGGGACCAGCAGTCCGGCGACTTGCCGTCCAGGGAGGGCTTGTGCATGTAGCGCAGCGCGTCCCCCGGCGTTCCCGGCGTGTAGATGGTCTCTCCGATGAGGTAGTCGCCCGGGTCCTGCGAGGTGTTGGCGTAGTACTCCACCAGGGAGCCGAAGATGTCGCTGGTGGCCTCGTTGAGCCCGCCGGATTCGCCCTCGTATGCGAGGCCCGCGGTCTGGCTGGTGATGCCGTGGGTCATCTCGTGGCCCGCGACGTCCAGAGAGGTGAGCGGGGAGAGGATGCTGCCGTCCCCATCGCCATACGTCATGCAGAAGCAGAGGTCGTACCAGAAGGCGTTGTTGTACTTGTCGCCGTAGTGCACGCGGCTGTAGCCCATGCGGCCCGCGCCATCGATGCCGTTGCGGCCATGGACCTCGCGGTAATAGTCATACGTCGTCTGCTGGCCGAAGTGTGCATCTACCGCGGCGGATTGGCGGTTGCCCGGCGTGCCATCACCCCAGACGTTGTCGGAGTCCGTGAAGAGAGTGCCGGGCAGCAGGAGCGGGGGCAGCGGAAGCACGTCGCCCACGATCGGAATCGAGCCGAGGTTGTTCATGTCCGTCGTGAAGAAGCCTCCGCCACGCGTCGTGTCGCGCAGCGAGTAGCCCCCGAGCAGCGCCGAGCTCGTCTGGAGGGACACCTGCCCCGAGTAGAGCGACTTGCCCGTGCCCGCGGTCGTGTGGACGGCGTCCCATTTGCCCCGGATGGCGCCCGTGGTGGCGTCCACCAGTACGTGCAGCTCGGAGGGCGTCTGGTCCGGCTGGTAGCCGTCGAGCACTACCTCGTAGGCGAGCGCGGGCTCGCGGCCCTGGCGCGCGTCCACCACCAGCTTCGCGGTGCGCGGTCCACTCAGCGTCCCAACGAAAGCCGGCCGGGCGCGCAGGGCGGCCCCGGACGCATCCAGCGTGGGACGGCTCGCCACGGACGTGAGCGAGGGCTGGCCCGCCAGACCGAAGCCACGCGCGTCCGCGTCTCCGCGCTGGTGGACGACCATGTCGCCACCAATGACCCGCAGGCCCTGCCAGGTCCGCTCGAGCCGGACATGCTCCGTCCCGTCGTCATCCACCAGCACCGTGCGCGCGGACAGCGCCTCGGGAGTCGCTACCCCCAGCTTCGCCCCCTCGCGCATCACTCGCGAGACCGCGCGCTGGACGGCCACCGTGCGCTCCGAGCCCTCGGCCAGCTCACGTGTGGAGGTGACACGGGTGCTGCCCGAATCGCCGCAGCCCCATAGGGTCAACGTGACGAATGCCGCGGGAAGGATGAGCTTCATCGGATTCACTCCTGGAATGAGGGGTAGGGCGCCCTCGGGCATGGAAAAGACAGGACACCCTGTATTGCGGCCAGGAAGTCATCCTGGATCTCCCGTGGGGATTTTTTCAGGGCGCCTGGACGTACCAGCGTTGGCAGTCCCCACCCCAGTAGGGCCATTGTGTGCGCTAGCGTTCCGCGTCATGCGTGCCCCCCTCCTGTTCCCCCTGTTCATGGTGTTGTTGTCCTCACCCGCCTGGGCCACGGTGCCCACCGGCTTCTCGGAGACGAGCTACACCTCCTCCTCGCTGGGTTCCGCCACGGGAATGGCCTGGGCGCCGGATGGCTCGGGCCGCCTGTTCATCACCATCAAGACCGGTTCGGTGCGAGTGGTGACGATGAAGGACGGCGTCCTGGAGACGCAGCCGGGGACCAGCACGCTGGTGACGCGCCTGTTCGCGACGGAGCCCCAGGTCCACACCAACAGCGAGTGTGGCGTCATCGGCATCGCGTTCGACCCGAACTACGTGGTCAACCGCTACGTCTACCTCTTCGTCACCGTCTCCGCCTCCGAGCAGCGCATCGTCCGCTACACCGACGCCAACGGGACGGGCACCGCGCGCACGGAAGTCATCACCAGACTACCCACCGCGGGCGGCAACCATGATGGTGGAGGACTCGGCTTCGGGCCGGACGGACTGATCTACTGGGCCATTGGCGATCTGGGCAACGGTTCCGGAGTGAACGCGGATCTGGTGTCGCTCGCGGCCAAGGTGGGCCGCGCCAACCTGGACGGCACTCCCGCCAACGACAACCCGTTCAACGACGGCGTGGGTCCCAACAACGAGTACATCTGGGCCCGCGGTTTCCGCAACCCGTTCACCATGACATTCCAGCCGGCCACCGGGCAGCTGTGGGTCAACAGCGTGGGGACCGACTACGAGCAGGTCTTCGTCGTGAACAAGCGCGGACATGCTGGCTACGCCGACTACGAGAACAATCAGCCTTCCATCAACGACTTCATCCCGCCCGTCATCAAGTACCGCACCAACAACATCGACACGCGCAACCTCGCCACAGTGAATGAAGCCGGGGTCGAGATCGGGGCGGTGCGCAGCGGCGGCGTCACCACCTTCACCACCTCCGAGCGGCATGGTTTCCGCAAAGGTGAGAAGATCCTCATCGAAGGGGTGCCGGATGCGAGCTTCAACGGCGAGCGCTACATCACCAGCGCTCCCAACGACCCCAACGCCACCACCTTCACCGTGGCCCAGCCGGGGCTGCCCGATGCGCGCAGCGGCGGAGGCACCGCGAAGACGAAGCCCCTGGGAGGCTCCATCACCGGCGGTACCTTCTACGACGCCACGCTCTTCCCGCCCGAGTTCCGCGGCAACTACTTCTTCGGTGACTACAACTCCGGTCAGGTGACGCGTGCCACGCTGGCCGCGGACAACTCGGTGGAGACGGTGGCCGAGTGGGGCACCGGCTTCTCCGCGCAGGTGGACATGGCCGTGGGGCCTGACGGCGCGCTGTACACGCTGGGACACAGCGGCAGCACCCTGCGCCGCGTCACCCCGTCGGCGCCCGGGCAGAAGCTGGTGGTGTCCGGGCT
NZ_CP137851.1_gap105	4774537	4778104	3567	CCAGGAATGGTGTTGGTGGGGTCGGTCAGGCTCACGGTGGCGGCACCGCCGCCGGGGAGGACGAGCGCCTTGCCCTTGCCGTGCGGCTCCCACAAGGAGCCCGAGGGCGGCTGCGTCACGTCGTTCTTCTCGGAGATCTGCGCCGTGCCCACGAGCGTGCCCGTGAAGAAGCGGCCCGCGCTATCGGGCGTGCGCGTCAGATCATACGTTCCCGCCCGGGTGACCATCTCGTTCATGGGCAGGAAGAGCAGCTCGAAGGGATTGAGCAACTCTCCCAGGTCCACCTCGTTGTAGTCCGCCGTGTTGCTGCCGAAGAGCGAGAGCACGTCGTGCGTCTTGGTGACGGGGAGGTAGCGGGTCTCGTTGCTCGAGCCGGGCGGGAAGTTCTGAGAGGGAGCGCGCTCCTGCTCGAAGTTCCACATGGGGCCCGAGTAGAAGAGGTGGGCGATGTCTTGCCGGTCGGTGTTGAGGCTCCCATCGATGTGATGGGCGATCCACCCCGTGTCCGCGCCAATCAGGCTCATCGCCTCGCGCCGCCCGCCCGCGGCCCCGGTGAACCCGACGGCGGCATAGAGGACGTTGCGGCCCTCGTGGTCCACCCAGGGATAGGCGGCACGAATCAGATTGCCGCCAGCGACGGTGTCACCAAAGTTCTCGCCGGTGGCCGCCTTCATCCGCTGCCAGGCCATCGGGTAGCGCTTGATGCCCGGGGTGGTGTCGTTGAACATCATGGACAGGGGCCGGGGCTCACTCCAACCCGTGGCTGCGCAGGGGGCGGGGTTGTAGCTGTACATCAGGTGATCGATGGCGCCGTTGTTGAGGGGGCCTCCCTGGAAGAGGATCAGCCGCCCGTCGGAGGTCATCGTCGGCTCGATGCCCATGATGGGAGCGCCCGAGACGGTCTTCAGCTCTTCCAACGGGCCCGTGGAGAAGGAGGCGATCTCCGCCTGCACCGTGAAGGGCTGGCTGACCCGGACATCCGCGGTACGGCGGCGGAAGCGATTCGGGCCGTTGAACATCATCGAGTCGAAGATGAAGGGCTGGTAGACGGCGACACCGCTGCTGAGCGTGTAGGGTTGCGCCGGGTCGAGGAAGCAGAAGGCCAGCGCGTTCTCCCCGTTCTTCACCTGGATCGTCTTCCCGGGAGAGAAGGCGCTCGAGAAGCCCGGTTTTCCCTCGGCGTCGTAGGTCACCGCCTCGGGCCGGAAGACGCGCGCCCTCCAGGTGGTGGTCGTCGTCGCGTGATCCTCTCCCACGTTCCCGATGAAGAGCCGGCCATCGAGGCTCGAGGTGTGCCCATTGGAGCCAAAGGGCGTCGAGATGCGTGTATTCACCAGCGAGGGCCGCGCCGCCGCGACCGCCTCCGTCGCGCCCAGGGTGAGTCCAAGCAGGGGAACGAGGAGGCGTGACAGCGAACGCGGACACGGCCTGGAACGAAGGGGAGGGACCATGCGGGGGGCTCCTTGGGTTGGAACCCCGCCATAACAGATTTTCAGGACTTCATGGGAAGGTCTTCAAGCCCTGGCCCGGGGGCCGCCCTCATTACGGACCGATATAGGGCTGCTCGACCGAGTACTCCTTGCAGTAGAAGTAGTTGCTGATCTCCGTGGAGCCCATCCCCGTGCTGTCCTCCACCCTGAATTGGATCTGGACCTGGGCGTCCTCCAGGGAGGCGTACATGGGCGCCTCGCAGTAGAAGACATGGCTCCAGTAGCCCTCGTACCAGGGCATGCTCACGTACGGCTCGGGGATGTGGTTGAACCGGTTCACCTGCTGCCAGACAGGGGTGTGGGAGCCGGTTCCTCCCGAGGCGTAGCCCGTGCAGGTGACCTGCTGATTGTTATTGCGGTAGCACTGCATGGAGGCGGAAGGACAGGTCTGGGAGAAGGTGCTCGAGACGACGCTCGGGCCTTGCGCCGTGCACGTGGTCCGATTGCCATTGCTGTCGATGACCATGGGCCAGGCGCGCACCTGGAGGGTATGCGTGCCACAGGCGATGTTGGAGCTGCTGTGATACCAGGTGCCCGTGGGCGAGGCCATCTCGGACCAGCCCTGCGACTGGCCGTCCACGTAGTACTCCAGGCGGACGCCATTGGCGAAGGTGGACACCGCCCAGTTGCCCGCGGAGCCCAGCTCGCCTCCGTAGGAACTGGCTCCCGCCAGGGTGAGCGAGGTGACGCTCAGGCCCGCGCACATCGCGGACTCCACCTCGCCCGGCGTCTCGTCAGGGGGAAGGGACGTGGACTCCAGGGGGGCGCCGCACGCGCTGAGCAGCAACGTGGACAGCAGGAGGGGACGGATTCGGAAGGAGGCGAGGGGCATGGGGCGGTGATGAGGCTTCAAGGGGGGCCTTGAACAATACCGCCAAGCTGGAAAACCTGCAATCCTGGAAGAGACTGGGAGTGCAATCCAACGAGAAGAAGGGTCCTGGGCCCTGCCCGCACGCCCTCAGCGCTCGGCGATGTCGGTGCTCTGCAGGTACTCGGACGCCTCGACGATCGCTTCCGCGGTCCAACCCCTGTTGGCGCCGCCGCCCTTTTCGTCGCAATCGCCGTCGGTGTGGATTCCCAGCAGGTAGCCTTGACGGGTGAGGATGCCAGCGCCGGAACTCCCGACCAGGGTGTCCAGATCCACGTAGTAGACCTGCCGATCACACGCGTCCAGGTACCTGCCTTCGGCGATGGCCTTGGGCTTGCCCCGGGCATGCTGGATGATCGCCAACCGCTCGGAGGCCTGGGTCGTCAGCAGGACCGGCATCACCGCGGGAAGCACGTCCAGCCGGATGAGCGCATAGTCGGGCTCGAGCGACTGCTCGATGACCGTGCCTTCGGTCACCAACTGCTCACCGTCGGGATTGTCCTCGAAGTTGAAGACCAGCAGCGACCGGTCCCCGAGACCGACACAGTGACCCGCGGTGATCACCACCGGGCCCGCGCTCGCTTCAATCAGGGTTCCGGTGCACCGGCCATCGAGCAGGGCCACCGCGTCTTCCCTGTCCAGCACGTCGGCGAACTCGCCCTGGTAGCTGTTGACGGGGGTGAAATCAGCGGTCGGGCCGCACTGCGAGAGGCCGCGCACTTCGAGACTGCTCACATCGGACTTGCGTACATCGGGACTGCTCACCTCCGGCCGCTTCGTGTTCCCGCAGACCAGAGGAGGATCCACGGGCACCGGCGTTCCACAGGCCGTGAGGCCCAGGAGGACGGTGCCCGCGAGGAGCGGGCCCCACGGAGTCAGGAATGCACTAGCGGGGCGCCGCGCCATTTATTTCTCAGTACAGGTAGTCCAGCGCGGTGATGTCGGAGCTGGTCCAGTTGCCGGTCGAGGTCGAGCTGAAGCAGGAGTTCATGACCGAGCCGCCGTTGGTGGCGGTGCTCGGGGTGCCGGGGATGAGGATGGCGCCCACGCCGGCGGTGCCCTCGTTGGTGGCGGTGCCGCCGCAGCTGATGGAGCGGTTGTAGTAGTCAGAGTGACGGAAGCCGATGCAGTGACCGAGCTCGTGGGCGATGACGTGCTTGTTCACGCTAGCGGCGTAGGCCGACATGCCGGTGCCGATGTTGATGGTGC
NZ_CP137851.1_gap106	4795657	4800405	4748	CCGGCGAGCACCACGTACACCATGCAGAGAACGAGGGCGTTGAGGAGCTGCATCACACGTTTCCCAGCTCCTCGAGCTGCAGGAGGTACAGGCGCGCGGTCACCTTGGCGGTCTTGACCACGCGCTCGACGAGCGCCTCGGTCAACAGTCCTGACTGGACCGCGGTCTCCAGCTTGTCGAGGTGCGATTCGTCGTTGGAGCCATGGTACAGCAGGAAGGACACCTGCGAGTCCGCGAGTCCCAACTGCTCACGGATGCGCTCCCCCCAACCGCGGGCGAGGCGGCTGCCCAGTCCCTCGATGATGAACATCGCCCCCATGAGATCGAAGGGATTGGGCTGGCTCGCGCGCTGGAACATCCACGCGCTGAGGGCTTCACTGCCGACATTCTTCTGCCCGTTCTGGATGTCCTCGAGGTTCCCTCCCACCGAGACGTAATCGCGCTCCAGCATCTGGAAATCCCGGTGTTCCTCGCGGGCGTGGGTGATGAAGAGCGAGCGGAGGGGAAACGCCGAGAGCTCGATGTGGGAGGCCGCGCGAGCGATCCAGCGTGCCCCCTCGGCGACCTGTTGGCGCAGGTTCAGGAGGAGCAGCCGGTAATCCTCCACCGTGAGCTGTCCACGCTCGAGTCGCGCCACGATGGGCACCTGGTGGAGGCGGGCCTCGAAGTCGATCCACACACGGGTGAGCTGGCGGACGAGGGAGGCCTGCAACGGGTCGGTGGTATTGACTTGAAGGGCAGGCGGTCCCGCCGGGGTCACCGGGGGGAGGGCGGGGCGCACGGGAGCCTCCTGGCCGACCACGGTGAGCAGCATGTAGGAGGCGATGAAGCGGCCGCTCTCCGGCACCATGCAGAAGATGCGTTGACCCGGCTGGAGCTTGCCGGAGTGGAACAACTCCTCGAGCAGCACGTAGATGGACGCGCAGCCCACGTTGCCCTTGGTGTACAGGTTGGTGAACCACTTCTCCTCGGGGATGGAGGCGCCGGCCTGCTCCAGGAGCCTGCGGATCTGCTCGCGGAAGAAGTGCGAGGAGTAGTGACACACGAAGTGGTCGAAGTCGGGGGTGAGCCGTCCCCGCTCGAGGAGGTCGAAGTAGCCGTCGACCCCGATCTTCACCATGTTGTCCAGGAGCCTGATGTCCTGCTTGAGGTTGATGGCGCCCTCACGTGAGGCAGCCTCGAAGCTGGGGAAGTCCAGCCACGAGGGCCCGAGCTCCCCCTGGGGGGAGGTGTTGGCGCCGGCATACATGCAGACGCCGTACTGGTGTGCGTGGGAGCGCAGCTCGATCCACTCGAGCTTGAGCGAGAGCCCTTCCGAGCGAGGTGCGGGTTCGAGCACGGCGGCGCCGGCGCCATCGGACAGCATCCAGCGGAGGAATTCAGTGTCGAAGGGAAGCTCTCCATCCTCACCGAGCTGGGCGGTGAAGCGCGAGGCCTTGAAGAGGCGGCTGGGAAACTCGCTGGCGCAGGCGAGGGCAAGCTGTCGTTCCTCTGCCTTGACCTGAAGCATGGCGCTTCGCAGGGCCATGATGCCGCTGGCGCAGACGCCGTGCAGGGACGCGATCTCGCATGTGGGGTTCTTGAGCTCGCCATGCACCATGCTTCCGAAGCCTGGGACACAGAGATCGCCCTGGGTGGTAGCGGCGGCCAGGAAATCCACCTGTTCGAGCGGGCGCTGCCGCCGGGTCAACGCGTCTCGCACCGCGAGGGCGGCCATCTCGCTATTGCGGAAGAGGCTGCGCTGCTGCGTGTCGATGGCGTAGTGGCGGGTCTGGATTCCGTTCTGTTTGAGAACGCGGGCGCGAGCGCGCGAGGGCTTTCCCTGGATACGCCCGAGATACGCTTCCATCTCGTCGTTGCCGATGGGTTTGCCGGGGAGAAACGTGCCCAGCGAGGTGATGTAGACGTCGCGAAGAATGACTGCCTCCGGGGCGGAAGTGCGAGGGTTGCGCGCCGGACGTTGCAAGGCCGATGCCGTTCAATCAAGGTCGATGAGGACGATGGGGTGTGCAGCATGTGCAGGAAGGGAGGCAGGACCGCGCAGACTCCTGCACGCCGGCGGAGGGAAGTGAATCCGCCGCCGGAAGCTCCTCATCAACGTGTGCCGTCCCAGTTCCCTCGAGCGGCTACCAGTACAGCGGCATGCACTTGATGTCAGGGCTGGAAACGGTCGCCGACGTCACCCCATTGCTGCCGGTCACGTGGCTATCCCTCCGTCATCGCGTGCTCGAGGTCGGTCTGCGCGACACTGGTGGCGAACAGTGCCGTCCACCCTGGCAGGTTGTTCAGCTCGGCGCTCGATTTGCTGCCGTCCGGCAGCCACACGTCCTGGTCGAGCGGCGTCACGGCCATGGTGGGCGGCACGAGTGGCTGGGCGGACAGGCGGTTGGAGCCGCGCGCATCCAGGTCGTTGATGGCCCGTACCAGCTCCGCCGGATCGATCGGCACGGCCGCCAGCGGGATGCCGAGCCGGTCCGCCAGCAACTGGTTGCGGAAGTTCAGCACATCCGTCGGACGCCCATCGGTCAGGTTCTCGTCGAACACCGCCACGGCCAGTGACGAATCCCAGCTCAGACCCCGGCGCGACAGATGGGTGCTGCCGGTCAGCGCGTAGGCGTCGTCCACCACCACCGAGGTACTGGCGAGGCGCAACGCGCGGCCAGCCCCGACGCCGGGTGCGAACACGGTGAAGCGCCCGCCCACGGCCGCGCGGGCGGCGTTGATCGCGTTCAGCATGGCCTGGTCTCGTATCTGGCGCAGGCGTTCCGGCGTACCCGGGGCGGGCTGGCTGGACACGCACAACACCACACGCAGCCCGATGCGGCTGGCCATGCGGTTCAGCAGCAACTGCCACAGATTGATGTTCTCGGCGCTGGCGAGCGCTGGGTCTCCGTCGGCGGCGCGGATCACCAGGCTGTCCAGCTCCGGAGTCTCGATATAGATCAGATCTTCCGCCCGGTTGATGGCGGCCATCAGCGAATACAGGGCCTCGCGCGAACCGTACACGCTGCTCTGGATGCGCCGGTCCAGCGCGCGGGTGGCGGCCAGTGCGTTGTTGGCGGGCGGATTCTGGTTGCTGAGCCAGGTCCCCACCTGACCCGCGGGCGGCACGCCGGGAAGGCCCGCCAGCGGCCCAGGCACCGGGATGTTGGCATTGGCCCACTGGTAGAAGGACTCCAGCACATTGGTCATGGTCGGGTAGAAGCCCTGGTCCCTGAGGGACTGGCACACCAGGGGCAAGCCCTCCATGCCCAACGCACTGGTTCTCAGCACCGCCGCCACGGGGCTGGGCGCGGCGGGCGCCACGGCGGCTGGCAACAGGGTCATCGATGCTTCCGCCACCAGGGCCACCTCGGACTGGAAGATGACCGAGCGCAATGGGGGAGCGGCGATGCCACGGAAGGCGGCGATGCCCAGGCCCGCCGTGCGCTCCCGCACGTATTCGCCCGCCGCGATCGCCGCCCCTCCCGTCAGCGTGGCGCCCGCGCCATGCACCTCGATGGAGGCCGGAACGCCGGGATGGCCGAGGAAATGGTTGGCCGCCGGCTCCAGGGCCCAGGGCACGGGAGGGGCACTGCCAATCACTGCCACTTGTGCGCCCGCTGCCAGCGACGCTGCCACCACCTCCCGGCGGTCCATCAGCCCCAGGGGCAGCGACGCCGCCGCCGCGTCGGCCGCCGTGCGTGTCATCAGGTGCAGGCCGTTTCCGATCAATCCGGCCACGCCTCCACCCGGCCCGTTCAGGCCCGCCGCGACATCTCCAGGCTGGGAGCCCGGAGCAGGCTGACTGGGGCGTTGTCTGGCCATCGGGCGGCCCACGGCGTCGGCTCGGTCCGTCGTCGAGTTGAAGGCCGGTTCCGTCAGCGAGACCAGGGCGGTCGGGTTGGCGGTCAGGTAGTTGACGAGTGTGCCCACCCAGCTCGCCGCCGGGATCGACGTGCGATCGACCAGGGCGCGTGGCTGGCTCAGTTGCACCACGTGGGCGCCTGCTGGCACCGTGCCGGCGGGCAGCGCTCCCGCTCCTCCCGCCCCGGTCTCGCAAATCACCCAGGCCGGTGCCAGCGCGTTGGCCGCCACGAAGGCGCCGGTGACAGCGGCCGGACGGGTGAACGGCAGCGCGGCGTAGCGGCGCGTGAAGCTGCCGCCGCCCAGCTGGGGGATCGTCACCTGCATGTCCATGCGCATCTGCCCGACCGGATTGGCCAGACCGTCTGGCAGCACCATGACGGCGAAAGCCAGGTTGTTGCCGTCCACGGTGGCGAAGCCCCCCGTCAGCCGAAAACGATTGCCACTGGCCAGGTCCAGGCCGAGTGGCCAGACGCGCAGCGTGGCGCCCGCGCATGTCCCCCCCAGGTTGACCTCGACCAGCACCATCTGCCGGTCCGTGCTCTGCCCACCGTCGCCCTGCAACGGGAGCACCCGGTACTGGCCCGGCGTCAGGGCCGTTGGTGGCGCATTGCCCGCGTCCGTCAGGGTGGCCGGGAAGGGGCTGGCTGCTTGCGGCGCGGGGGTCACCAGGCCCGCGGGTGCAGTCGGGCCGCCCCAGGCGGTGTCCGTGACGCCCAGCACGAAGCGCGCCGGATTGTTGGCCGCGTTCGCCAGACCCAGCATGGCGGTCGTCACCGCGCCCGAGTTGGCGCGCAGGACGGGACCGGCCGAAGGCGCCACCGTGACGCGGGTGCTGGGCCGGTTCTGGTCCATCTCGCGCCGCAATTGCCCGGGCTTGAGTGTGCCGGCATCCGGAAAGG
NZ_CP137851.1_gap107	4962653	4967336	4683	AAGCTCCAGTTACGGATATTCCGTCCCCATGAAGCCCCCCTCGGAGCTGCCGTACCGCGAGCTCTTCCTCTCCATCGTGGATGAGCTGCCGGACGCGGTCTTCACCAAGGATCTGCAGGGGCGCTACACCTTCATCAACAACATGGGGGCGCACTACCTCGGCAAGCCGGCGGCGGAGATCGTGGGCCGTACCGACCGGGAGCTGCTGTCCGAGGAGGAGGCGCAGAACACGCTGGAGTTCGATCGGCAGACACTGCTGGCCGGGCGCACGCTCCACGCGGAGATGAGCGAGCAGATGGCGGGAGTGCGGCGTGATTGGCTCTCCACCAAGGGCGTCATCCGCCGGCCGGATGGGCAGGTGGTGGGGCTGTTCGGGGTCTCCCGGGACTTGTCACACCACCGGAGGGGCGAGGCGGCCCAGCGCCAGAGCGAGGCGCTCTTCCGGGCGGCGGCCAGCAACGGCTTCGACGCCTTCTTCATCCTCCGGGGCGAGCCGGAGCACTTGAGGCTGCTGCGCCTCAACAGCCATGCCGGGTCGCTGCTGGGCTGTGAGGCGCGCGCGGCGGAGGGGCAACCGCTCTCCGATTTCCCCCACGCGGCCTTCATCGCGCCGCGCCACCTGTGCGAGCAGGTGTGGCGGACCGGCCGGACCCATGACGACGAGGTGGATCAACTCCTGCCCGGCAAGGGCCGCCGCTGGTTCCGCCGCCAGCTGTGCGCGGTGGGGGACTGCATGGCCGTCACGGTGCGGGACATCACCGCCCAGCGGGAGAACGAGCTGCGCCTGCGGCTCAACGAGCGGATGGTCTCCATCGGGATGCTCGCCGCCGGGGTGGCGCACGAGATCAACAACCCGCTGGCCTTCGTCTCCAGCAACCTGGGCTTCATCGGCACGGAGCTGGGCCGGTTGGCGCTGCCGGAGGAGGACGGGCAGGAGTTGATGGAGGCGGTCAATGAGGCCCGCGAGGGCACCGAGCGCATGCGGCTCATCGTGGAGAGCCTCCGGGCGCTTTCCCGGGGCAACGCGGTGAACACCCACCCGTTGGAACTGCACGAGGTGTTGGAGAACTCGGTGCACCTGGCATGGGGCCGGTTGCGCGGCCGGGGCCGGCTGGTGCGCGACTACGGGGAGCTGCCCGAGGTGCTGGGCAACTCCGTGCAGCTCGCACAGGTCTTCACCAACCTGTTGATCAACGCGGTGCACGCCCTGCCCAGGTCGGGCGGGGAGATCCATCTGGTGACGCGCCCGCACGGCACCTCGCAGGCGATGGTGGAGGTGCGGGACAACGGCTGCGGGATTCCCGTGGAGAACCTCGAGCGCATCTTCGAGCCCTTCTTCACCACCAGGCCGGTGGGAGAGGGGACGGGTCTGGGGCTGTCCATCAGCCACGACATCATCCGCGGGCTCGGAGGAACGCTCTCCGTGGACAGCGTGGTGGGGCAGGGGAGCACCTTCCGGGTGCTGTTGCCCCTGGCGCGGGCGGAGGCGGCGGAGGCGGAGGACCCACGCCCCGCCGGGCCCGGGCGTCACTTCGTGGCCTGAGCGGTAGCGCCAGACGCCCCTGGTTGGGTAGGACAGAACTTTCGACGCGCATATCCGTTTCCCCGTCGGCTCCTGTTCTCCGCTCCAGGGAATTTCATGCTCGAACACGTCGTCCCACGCGCCCTCCTCGTCCTCGTCACCGTGGGCATCGCCTTTCCCTCCGTCCAGCAGCAGGTATTGGCCGCCCGGGCGGACTCGGATTCCCTCGGCGGGCCCGACCGCTATCTGACCATCATCAGCACCGACAAGCCCCTCTACCGGCCCGGTGAGCAGGTGATGGCGCGAGGCCTCCTGCTCGAGGCCCACCGTCATACCCCCTTCAGGTACCCGGTGATGGCCAACGTGGAGATCCGGGGTCCCAAGGGGGACGTCGTCACCTCCACGAGGGTGGGGGGCGACGCCTCGGTCTGGGGCTACTCGTGGACCATTCCGCAGGACATGGCCGGAGGTGAGTACACGCTTCGCGTCTCCTATCCCCAGACGGGCGACGCCCCCGCCGAGCGCAAGTTCGATGTGCGGGCCTACCGCGCTCCCCGGCTCAAGTCGCAGATCGAGTTCCTCCGCGACGGTTACGGACCGGGGGACACGGTCACCGCCACGCTCGACGTGAAGCGTGCCGAGGGGGGTGTTCCCTCGGGGGCCCGGGTCACCGCCACCGCCCTCGTGGATGGCGCCACGGCGGCGCGGGTGACGGGCGTGGTCGATGCGCGGGGGTTGTGCACCGTCAGCTTCAAGCTGCCTGGCCGGATCGAGCGGGGTGAGGGCTCTCTCGCCTTCGCCATCGAGGACGGTGGGGTGGTCGAGACGGCGGCCAAGACGATCCCCATCCTGCTGCAGACCCTCGATCTCACCCTCTATCCGGAGGGCGGCGACCTGGTTGCGGGGCTGCCTTCGCGCGTCTACTTCCAGGCGCTGACGCCCGCGCAGAAGCCCGCGGACCTGTCCGGCGCGGTGGTCAATCTGGCCACGGGCGAGGTGGTGGCGAAGGTGCGCTCGGAGCACGAGGGCAGGGGCCGTTTCGAGCTGACCCCCAAGGCCGGCGTGAAGTACGCGCTGCGCATCGACGAGCCCTCGGGCATTCGCGGGCCCTTTCCGCTGCCCAAGGTGAAGCCCCGGGGCGCCATCCTGCGTGCGAGCGAGGACGTCATCCCCGCCGGGCAGCCCGTGGTGCTCACCGTGGGGTTGTCGGGGGTGAAGCAGGCGAAGGTGACCCTGAGCCAGCGTGAGGTGGAGATCGCCTCGTCGCGGGTGGACCCGAACGAGCGGATCATCCTCGATCCGAAGGACGCGGACGGGGTGCTCATCGCCACGGTGTGGGACGCCGAGGGCCGTCCGCTCGCGGAGCGGCTGGTGTTCCGCCAGCCCGCGAAGGCCCTGTCCATCGAGCTGAAGGCGAACAAGCCGCGCTACGTGCCGGGCGACCGGGTGGAGCTCACCGCCCGGACGACACGCGGAGGCAAGCCCGTCCCGGCGCTGGTGATGCTCACCGTCACGGACGACGCGGTGCTGGAGCTCATCGAGAAGCGGGATCAGGCGCCCCTGTTGCCGGTGATGGTGCTGCTCGAGCCCGAGGTGAAGGAGTTGGCCGACGCCCAGATCTACCTCGACGAGAAGAACCCCAAGGCGAAGTTGGCGGTGGACCTGCTGCTGGGCACCCAGGGCTGGCGGCGATTCGCGCTGGCGGACGCCGAGCGGTTCTTGGCCCAGCATGGCGATCTGGCCCGGCGCGCTCTCGCCGTCCGGGTGCCACTGCCGCCGTCCCCGGATCTGGTCTTCGAAGAGGTTGCCGGCGCCGGGCTGGCCGCGGCGCCGCCCCCCATGCCCGCTCCGGTGGCTCGGGCCGCCCCGATGCCCAAGGGCGCCCGGGTGCCCTTGGGCGCTGCGGTGCCCAAAGACGAACCGGCTCCCGAGCCCGTGAGGGTTGCTCCGCCGCCCGCGGCCGTCGCCGCGAAACCCGTGGCGCCCAGGGGCAGGGTGGAGGCGGAGGACAAGGTCAGGAAGAACGCCCCGCGGCAACAGGCGAGGGCCGCGGACAGGGAGATGCCAGCGGAAGAAGCGATCATGGCGGGGATGCCCTTGGAGCCCTGGGTCTATTTCCGCGAGTACGCCCACACGGTGCGGCCCGGGCGCAAGCCGGGGGACCGCGTGGACTTCACGGAGACGCTCTTCTGGAACGCGGGTGTGCGCACCGACGAGAAGACGGGAGAGGTCCGCGTCTCGTTTGGCTTGAACGACTCGGTCACCAGCTTCAAGGCCTTCGCGGGGGGCGTGGGGGACGACGGCGCGCTCGGCTCGGCGGTGGCCACGATCGAATCGGTGCAGCCCTTCTATGTCGAGCCCAAGCTGCCGCTCGAGGTGACGTCCGGGGACGTGATTCAACTGCCGCTGGCGCTGGTGAATGGCACGTCCGAGACGCTCACGGGGGCGGCGGTGAAGGTGGGCCTGAGCGGTGATGTGAAGGCGTCCTCCCTCGGTGCGATGAACCTGGCCGCGAACGAGCGGGCCCGGCGCATCCTGGAACTGCAGGTGGGTGCTCAATCCAGGCCCGTGGACGTGACGCTCACGGCGAGCGCGGGCAACTACGTGGACATGGTGAAGCGCACGCTGAGCATCAAGCCCAATGGCTTCCCCATCCGTGCCTCGTTCGGTGGGCTGCTGTCGTCACGGCAGCCGGTGGTGCACACGGTGACGCTGCCCGCCAACCATGTGCGCGGCAGCGTGAAGACCTCCATCGCGGTGTACCCCTCGCCGCTGGCCAACATGACCGAGTCGCTGGCCCGGCTCATCCAGGAGCCTTCCGGCTGCTTCGAGCAGACGAGCTCGACCACCTATCCGATGACGATGGCGCAGCAGTACTTCCAGACACACAGCGGGGTGAGCCCCGAGCTGGTGGCGTCGGCGCGCGAGAAGCTGGAGACGGGCTACAAGCGGTTGGTGGGCTTCGAGTGCTCGGAGAAGGGCTACGAGTGGTTCGGCGAGAATCCGGGCCACGAGGCCCTCACGGCGTTCGGGTTGATGCACTTCAGCGACATGAAGCAGGTGCGGGACGTGGACGCCGCCATGATGGAGCGCACGCGGGCCTGGCTGCTCAAGCAGCGCGATGGCAAGGGCGGCTTCGAGCGGAAGCGGCGTGCGCTCCA
NZ_CP137851.1_gap108	4971011	4972309	1298	CCCTCGGCCTTGCTCCCGTTGACCTCCCACTGGGCGGTGCAGAAGGCCGCTTTCTTTTCCTTCAGCATGGCTTTCTGCTGCTCACGGATCTGCTCCAGCCTCTGCTCGTATTTCTCCGAGGAGGAGAAGCTGTAGATGGGCTTGTAGAAGCCGTTCGAGCGGAGGACCTCCTCCTCTTCTAGTGCCTGGAATTCCGCCGTCAATCGAGCGATGCCTGCCTCGAGATCGGCCCGCTGGGCGTTTGCCCGTTGACGCCGGGCCTCGGCGTCCTTCACGGCCCTGTCGGCCTCCTCGCGCATGTGAGCCACTTCGTCCGCTGTGCGCTTCCGCTCCGCGGACAAGATCTTCTCGGACTCGGCCTTCGCGTGCGCCAACTCGTCCGCCACACGCTTGCGCTCGGCCTCTACATCGATGATTGGCTTGAATCGTTCCGTCACCGCACGAAGCTTCAGGAACGTACGAACCAGAAGGCCCGCGAGGAGGATGCTCAGAAGCACCAGGGCCACGACGGTCATCTGCATCTCCGCTCCTTCACGAACGCCAACCTTCAGCGCTTTTTCGTGTTTCTCGAGTCGGTCGATGAGCTTCGCATCGCGGCAGTTTGCGCGACAATCCTCCCCAAGGGGTATTGCCACAACTTGACGATGTAAGGCGTGGCGTCTGTGGGCAACCCGCTTCCACTCGATACCCTCACCCCGTCCCTCTCCCGAGGGGAGAGGGGAGAGGGGGGAACGGAGCGGCCTACCGGCGGAACCGGTCCGTGGCCTCGACGAGCGCGCTCGTGGTGCCCGGCTCGTACGCTGCGTGTCCCGCGTCCGGGATGATCTTCAGCTCCGCCTCGGGCCACGCCTTGTGCAACGCCCAGGCGCTGTCCATGGGGCAGCACATGTCATAGCGGCCCTGGACGATGACGGCCGGGATGTGGCGGATGCGCGGCACGTCGTCCAGCAGCTGGGTGTCGCTGCGCAGGAAGGCGCGGTTGACGAAGTAGTGGCACTCGATGCGCGCGAAGGCGAGCGAGAAGTCGTCCTCGCCCAGGTGCGCGATGTAGTTCGCGTTGGGTGCGAGGTAGCTGGTGCGGCCCTCCCAGATGCTCCAGGCCCTCGCCGCCTCCTGGCGTACCTTGGGATCATCCCCCATCAGCCGGCGGTGGTAGGCCTGGACCAGATCCCCCCGCTCCTCGGGAGGAATGGGCGCGAGGTAGTCCTCCCACGCGTCCGGGAAGATGGTGTGTGCGCCGTGCTGATAGAACCAGCGGATCTCCTGCTGGCGCAGCAGGAAGATGCCGCGCAGCACCA
NZ_CP137851.1_gap109	5015453	5018410	2957	GGAGGAGGGGGAGGCGGACGAGCAGGCCCTCGCGCGTGAAATCCGCGAGGAGATGGGCGTGGAGGTGGAGGTGATGGAGCAGGCCCTCCACACCCATCACGACTACCCCAGCTACGACATCGACTTCCGCGTCTACCGCTGCCGGCTCACCAGCTCCGAGTCGGCCATCCAGCACCTGCGCGTGCATGATCACCGCTGGGTGACGCTGGAGGAGATGTCGAAGTACCAGTTCCCCGACGCGGACGCGAAGACGCTGGCCAAGTTGCTGGGGCTGGAAGCCTGACGTGGGCCGTCGTACCGCCCTGGTGCTCGCGGGGTTGTTGCTCGGGGCCTGCACGACGAAGAAGCCCTCCAGTCCGGATGCCTCCACCCCGGTGGCCGATCCGCGCTACCCGTCCGCCGAGGGCTTGCCCGGCTGTGTGCTCTATGGAGAGCCCCGGCGGGTAGGACAGGTGCCGCTGGAGTTGGCCGAGATGTCCGGCCTCGCCGCCAGTACCCGCCACGAGGGGGTGCTGTGGGCGCACAACGACTCCGGCAACGCCTTCCGGGTGTTCGCCCTGGATGCCGCCGGCAAGGTGCTCGCCACGGTGACGCTCACCGGGCTGGAGCCGAAGGACGCGGCGAGGATGGACCTGGAGGACATCGCCCTGGGTCCGTGCGCCCCGGGCGAGCCGCGCGAGTGCCTCTACCTGGCCGACATCGGAGACAACTTCGAGCGCCGGTCGCAGGTGCGCCTCTTCCGCTTCCCCGAGCCGGAGGTGGCCGACGCCAGTGTCGCCGTGGAGACGCTGGCCTTCACGTACCCGGACAGGCCGCATGACGCGGAGTCGCTCGTGCTCGAGCCGGGCACGGGCCGGCCGGCCGTCATCACCAAGGAGCGCGACTCGCTGGGCGAGGTGTTCGCGCTGGAGGGGCTCGCGCCGGGCACGGTGGCGAAGGCCACGCACCTGGGCATGCTCCAGGCGCCCGGGGGGATGGATTATCGCACCACCTCGGCGGCGCTCCATCCGTCCGGTCAGCGGCTGCTGCTGCGCACCTATACCCGCGTGTGGGAGGTGCGCGCTCCGGGAGCGTCGCGGCTGGAGGAGCTCGTGCGGGGCCAGGTGGTGGAGGTGCCCGGCCCCAGTCAGGCCCAGTCCGAGGCCATCACCTGGTTGCCCGGTGGCCGCTCCTTCGTGCTCGGCTCCGAGTTCGCCGGCCAGTTCATGTACCGGGTGGACTGCCGCTAGCGGTGTCTCCCCGCATGGAGTGTTCGCTGCCGGGCATTTCCGTTGCCCGGATGGACGGGTGCTGTTCCGGCGTTACCACCATTACCCGGCTACGTGGGGCATGCCGGGTTGACCGGCTGGCGGGGGTGAACATCTTTTGCCCGCGGATCAGTCGTACCACGTGCCACCAGGGGTACGTGCAATGGGGGAGGGGGAGTGCGTCGACGATGAAGCCTCAGAACACCACGCCGCCGGGGATGAGCCCGCGCGGAAAGAAACAGGAAAAGCCTCAGCCTCCACCCGCCAACAAGGGGTTCCGGTTCGGCTCGCCACTGGGCTACATCGCTCTGCTCCTCCTGGGCTTCATGCTCTTCAAGAACGTCTTCCAGGACGCGGGCGTGCAGCGCAAGACCTACAGTGAATTCCGCACGGCCATCCAGGAGGAAAAATTCTCCAAGGTGCAGATCGCGCCGGACTGGGTGAAGGGTTTCCTCAAGGACAACTCCGCGGCGCGCGCCTCGGGGACTCCCGCGGGAGGGACCGAGCGCCTGCGCCCCGAGCTCAGCGACCTGCCGTGGATGGCCTACCGCGTGGAGGGAGACCAGCAGCTCGTCCCGCTGCTGGAGCAGCAGGGCGTCCCGTACGAGGCGGTGGTCCAGTCCGGCTTCAGCGACGTGCTGTTGGTGTGGCTGCTGCCGCTGGCGTTCGCCTTCGTGTTGTGGAGCTTCATGATGAGGCGGATGGCCGGAGGCATGGGTCAGGGCCCGCAGAGCGTCATGAGCTTCGGGAAGACACGTGCCAAGGTGCAGGCCGAGTCCGACACCGGCGTGGGCTTCAATGACGTGGCGGGCGTGGACGAGGCCGTGGACGAGCTGAGGGAGATCGTCGAGTTCCTCAAGACGCCGGAGAAGTTCCGCCGGCTGGGCGGCCGCATCCCCAAGGGTGTGCTGCTGGTGGGCCCGCCGGGAACGGGCAAGACGCTGCTGGCCCGGGCCGTCGCGGGTGAGGCGGGCGTGCCCTTCTTCAGCCTCTCCGGTTCCGAGTTCGTGGAGATGTTCGTCGGCGTGGGTGCCGCCCGCGTGCGTGACCTGTTCGCCCAGGCCACCGCCAAGGCGCCGTGCATCATCTTCATCGACGAGCTGGACGCCATCGGCAAGAGCCGCAACGCGGGGGTCGCCGGAGGCCATGACGAGCGCGAGCAGACGCTCAACCAGCTCCTGGCGGAGATGGACGGCTTCGACAGCCGCGCCGGCCTCATCATCCTGGCGGCCACCAACCGTCCGGAGATTCTCGACAGCGCGCTCATGCGTCCGGGCCGTTTCGACCGGCAGGTGCTGGTGGACCGGCCGGACAAGCGCGGCCGCGAGCGGGTGCTGGAGATCCACTCCCGTGGCGTGAAGCTGGGGCCGGATGTGGACCTCAAGTCCATTGCCTCTCGCACCCCGGGCTTCGCGGGCGCCGACCTGGCCAACGTGGTGAACGAGGCGGCCCTGCTCGCCGCGCGCCGCAACCGCGACTTCGTCATGCGCGCCGACTTCGAGGAGGCCATCGAGCGCGTGGTGGCCGGCCTGGAGAAGAAGAACCGCCGGATGAACGAGCGCGAGAAGGACATCGTCGCGCACCACGAGGCCGGCCACGCCGTGGTGGGGTGGATGCTGCCCAACGCGGAGCGGGTGACGAAGGTGTCCATCATCCCCCGTGGCCTCGCCGCGCTGGGCTACACCATGTCCCTGCCGCTCGAGGACCGGT
NZ_CP137851.1_gap110	5022510	5026240	3730	ATCTACCTCTCGACGGAGGGGGGATTGAGCCGGGGGATCGGCCGCAATATCAGCGCCCAGGGCCTGTTCGTGGAGACGCGGGATCAGCTGTCGCTGGGCGAGCGGGTGAAGGTGACGTTCGCGGGCGAGGACGGCACGGAGATGACGTGCCTGTGCGAGGTGCGCTACCAGGTGGCGCTCTCGTATGGTCGCAAGGACGGGCGCGAGGGCAACAGCCGTGGCGTGGGCCTGCGGATCGTGGCCTACGAGGTGGCGGAGGATCAGCCCCTGCTGCTGGTGGCGCGCGAGCGCGTGATGCACTGAGCGGACGGGGGGCGGAAAAGCGAAAGGGCACGGCCGCCAGGAGCAGCCGTGCCCTTCGTGCTTCAGGGGGAGGGGCTTACTGAGAGAAGCCCTCGAGGAGGTAGTGGGCCTCGATGCGCTTGAGCGCGAGGATCATCGCGGCGCAGCGGGGATCCACTTCCTTGCCGATGCAGAACGGACGGCTGTCGTGCGTGTCCGAGCGGCGGGCCTGGTTGCGGGAGATGTCGCGGATGATGCGGTAGTTGCGCTTCATCGCGTGCTCGAGGCGCTGGTTGACCTCGGCCTCGCTCCAGCGCTCCATGCGCTTGTTCTGGATCCACTCGTAGTAGCTCACCGTCACGCCGCCGGCGTTGGCGATGATGTCGGGGATCATGTCGATGCCGCGCTTCTGCAGGACGCGATCGGCCTCGGGGGTGGTGGGGCCGTTGGCGCCCTCGGCGATCAGCTTGACCTTGAGACGCTCGGCCACGTCGGCGGTGATCTCGCCACCGAGGGCGGCGGGGATGCAGATCTCCGCGGGGACCTCCCAGAAGTCCTTCTTCTCGATCTTCTGGGCGCCGGGGAAGCCGAGCACGCTGCGGCGCAGGTTCTTCGGATCGTTGACGTGGGCGATGAGGGCGGGCACGTCGATGCCGTCACCGTTGTAGATGGTGCCGTCGGCGTCGTTCACCGCGAGCAGGCGGGCGCCCATCTTCTGGAGGATGGAGGCGCCGTGGCTGCCCACGTTGCCGAAGCCCTGGAGGATGAAGGTCTTGCCCTTCAGGGTCTCACCCTTCTCGGCGTAGTAGTCCTCGATGCAGAAGGCCACGCCCTGGCCGGTGGCGGCCGCACGGCCCTCGGAGCCGCCGATGCGCACGTCCTTGCCGGTGACGATGCCGCGCAGGTTGTGCCGCTCGCGCTCGCCGTCCGAGTACTGGCGGTACATGAGCGCCATGATGTCCCCGTTGGTCCCCACGTCGGGTGCGGGGATGTCGATGTTGGGGCCGATCAGGCTCTTGAGCTTGTACATGAAGCGCAGGGTGATGTTCTCCAGCTCCTCGCGGCCGTACGAGCGCGGATCGATCTGGATGCCACCCTTGCCACCGCCGAAGGGGACCTCGGAGATGGCGGTCTTCCAGGTCATCTCGGCGGCGAGCGCCTTGAAGAGATCCAGGGAGACCTCGCGGTGATAGCGGATGCCGCCCTTGTAGGGGCCGCGGGCCTGGTTGTGCTGCACGCGGTAGGCCTTGAAGCGCTGGGACTCACCGGGCACCAGCTGGTACACGTTGCCGTCCGGCAGGCGCAGGTGGCCGCGGCTGATGTTCACGTCCGAGCCCAGGAGGGCGCGGCCGTTGAGGATGATCTTCCCGTCGGCGAGGCGCTCGAGACCCTCGGGGTTGCGCACCTGGGTGACGGAGAGACTGGCGAAGTCCTTGGCCTGCTCGGGGGCGAGCGGGACCAGACGGTCCTTCAGCTTCGCGGTGACGTAGAAGATGTGCTCGTAGTCGGGCTCCTCGAGCTCCAGACGCACGCGCTTGTCGAGACCGATGAGGTCGGCGGCGCGATGGAAGATCTCCATCGCCTCCGTGTAGACGGTGCGCTTGGGCGTCGGGGCCGGGGCGCGCATGAAATTCTCTTCGCTGGCCATGTGAAAAATCGCTCCTTGGGGAAAGGCGATTGTTGAGTAAAGGCGGGGCCCTTATGCGCATAGGCCCCCCCATGAGGTCAACCGCCGGACAGGCTTGTTGGAATCCAAACTTTTAGTTCTTTCGGGTAGTTAGCCAACGCGGCGTGTCATTCACGGCGGGTGCTCGCCTGCGTGCTCTCCTGGGCTGTGGCGGTGCGGGAGGAGGGCGGGTGGAGGCCGGAAGTGGGAGGCATGAAAGAAGTGCTTGCCCTGGTCGGAACCGCATGTTACTTCGCGCCCATCTTTCGGTGACGCCGAAAAGCGCTGTGGTTGTGCCGACATAGCTCAGTCGGTAGAGCAACTGATTCGTAATCAGTAGGTCCCCAGTTCAAATCTGGGTGTCGGCTCCATGAACGGGTCGCCAGGTGAAAGCTTGGCGGCCCGTTCTCTTTTTCGGGCCTATGTTTCCCAGCCTGTGCGACGCGCTGGGGAGGTGACGCTTGACCACCCGGCTCATGGGAGGGCCTCCGGCGGACGCGCGGCGGCGCCCGGGGTTGAGCGCCTGGGCCCTTGTCGTGCTCCTGCTCCACGCCGCGTGTGTCACGAGCGTGCCACGGGTTGGTACGCAAGTGGGGTCTCCTTCCGGGCAACCTCCGGTGGTCGCGGAGGTTGCGGCAGGGGATGCGTGGGTCCACCTCTCCCTGCCCACCCGATTCGGGGCGGTACGGGTGAGCGACTCCGAGCTCGATGAGGCCCTGGCCACCCTGGTGCTCAACGTACCGCTGCGGCTGGCCGACTGCCCTGTCCCGTTCTACCTCCACCGGAAGCTGGCGCTGGCCTCCGCTCCGCTCACGGGCGAGGAGTGGCGCACGCCCCTGGCGCGCTCCTACGGGAGCTTCTGCGAGCGGCAGGGCACGCCGGGCGACTGCCTCGGGTTGTTCAAGGACGGGCCGGGCTTGAATGGCGAAGACAAGCGCGATCTCGCCCTGGCGCTCTCCGTGAATGCTGCGCTGGAGGCGCGAGACGCGGAGTTGCGAGGCATGTTCTCCGCGAAGCAGCTATGGACGGTGCTGAGCCTCACCCTCATCGGATACATGGCTTTGGTTGCTGCACCCGAGCCTGTTTCTAAAGGCGTGGCCACCGCACTGGCCCTGCTCATGTGGGGGTATCTCGGGTGGGAGCTGTTTGACCTGATACGGGCCTGGTTCCAGCTGTGGAAGGAGGCGGCGGAGGCCAGCACGTTCGCGGAGCTGCGCGAGGCGGGAGACCGCTTCGGCAAGGTCATCGGGCCCAACAGCGTGCGGATTCTCCTCCTGCTGGGCACGGCGGCGGTGGGGGAGACGACGGCGCTCATGTCCAAGGCTCCGACACTGCCGGGATTCGCGCGAGCCGCCAGTGCGCTCGAGTCCCACGCAGGCATCCGCGACGTGCTCACGGCCGTGCAGGAAGCGGACAGGGTGAAGGTCGCCGTGGCCGAGGGCACCTTCAGTGTCGTCCTGCCCGCCAACGTCGTGAGCATGGCGGCACAGGGCTCTCCGGCGGGAGTTCCGGCACCTACAGCTTCCTCGACGAGGAAGCCAGACATGCACCACATCGCCACCGTCGAGAACGAGGTTTCCACCGCGAGTGGCGGACCCTGGACACCACGGTTCAAGAAGATCTTCGACAAGGCCGGGATGAGGATGAAGGACGTGGAGAACACGGTGCCCATCGAGGGCCACAAGGGGCCTCATCCTGAGCGGTATCATCGCATTGTGTTCCGAGAACTGGACCAGGCGACGCAGGGCTGCCGTGGTGTCGCGGAGTGCCGAGCCGCGCTGA
NZ_CP137851.1_gap111	5123859	5126867	3008	GCTGGTGGCCGAGATATGGGAGGAACTCGCGCCGGAGCGCGAGGGCCGGAACCTCGTTCTGGAGGTGGGTCCCATGCCGGAGGCGAGGGGAGATCCCGCCATGCTGAGGCTCGTCTTCAAGAACCTGCTCGGCAACGCGGTGAAGTACACACGGCCCCGGGCCGAGGGCCGGGTGGAGGTGACGGCCGAGGATGGCGAGGACGGCGTCGTCATCCACGTGAAGGACAACGGCGTGGGCTTCGACATGGCGTACGAGGACAAGCTGTTCGGTGTCTTCCAGCGGCTGCACCGCGCCAGCGAGTTCGAGGGCACGGGCATCGGCCTGGCCCACGTGCGGCGCATCATCACGCGCCACGGGGGCCGCACCTGGGGCAGGGGTGTGGTGGGGCAGGGGGCCACCTTCTCCTTCTTCCTGCCGGCGACCCCCGCTCCCTGAGTCATTCGCGTGACGCGGTGCGTTGCGCCCGGGGGGTGGTTTTCACGAGGCGGCCAGAAACGTTTTCAGGGGTGAATCGTACGTGAGGCAGGAGATGCGGAGCCCCACGGACGAAGAGCTCATGGAACGCTTTTGTGACGGTGACCAGGCGGCATTCGAGGCGCTCTTCGCCCGGCATGCCGGACGCGTGCAGGGCTTCCTGGCGCGGATGGTGCGGGATGGGCCGCTCGCGGAGGATCTGCTGCAGACGACCTTCCTGTCCGTCATCCGGGCCCGGGGCCGGTACGAGTTGGGCACCCGCGTCGCTCCCTGGTTGCTGACGATCGCCGCGAACGCGGCGAGGGATGCGCTGCGCCGCCGCCAGCATGTGGAGGCGTACTCCCGGGAGAGCGATCCCTCGCCCTCGTCCGTCCAGCCCGGAGTGGGAGATCCCGGGATGCGCCGGCGGCTGGAGGACGCGCTGCAACAGCTCCACCCGGACCAGCGCGAGGCGGTCCTCCTGAGCAAGGTCGAGGGCTGGTCGTTCGAGGAGATCGCCTCGATGCGAGGCATCAGCACGGTGGCGGCCCGGGTCCGGGCACACCGGGGCCACGAGAAGCTCCGGAAGTTGCTGGACGGACTGGAGGAGGCGTGATGCGACCCTCCCTCGATGCATTGCTCGCGGAGGAGCTCCGCACCGATGGCGCGGTCATGGAGCGGACACTGTCCGCCGCGCGCGCGGAGTTGGCCCAGCGCCGTCCGGTGCGGCGTTGGCGCACGCAGGCCACGTGGGTGTTCACGGCGTCGGCGGGCCTGACGGCCGTGGTGGCCGGGGTGCTGCTCGTGCTGGGGCGGACGTCCGGTGCCGTCCTGCTGGGCCGCGCGCCGCTCCTGGCGTTGCTGTGGGCCACCAGCGCGGTGTGTACCTGGGGGGCGATCTCTCCGCGCGGGCGCAAGCTTGAGCCCTGGGGCGTGATGATGGCCGTGGCCAGCGCGGCGGCGCTCGTCTTCGCGCGGGGCCCGGCCTCGGGGGAGACGACCCTGCCGGAGTGGGTCTGCACGCTCAGTCATGTCGGAGTGGGGCTCGTCCCGCTCGTCGTCGCGGTGGCCGTCTTGCGAGGCACCGCCTTCCGTCCCGTGCGTGCCCTCCTGGCGGGATTGTCCGTGGGCACCACGGGCGCCTTCCTGGGGGAGCTCGCGTGCACCCTGAGCTGGCAGCACGTCGTGGGCTACCACCTGTCCGCCTGGGCGATCGTCGCCGTCGTGACGCTCGCCGTCTCCATGTCCCTCAAGCCCCGGTCCTTCGCGCCATGATCCAGGATGCCGCTCTCATCATTTTCGAGGACGTGGAAGGCGCCCCCGTGCGCATGGGCGAGCGGGTGAAGATCATCAGCCACTCGGCGGATGACTCCATGAATCAGCGATTCCTCGGCCACACCGGTGTCGTGGTGGGGCTGGTGTTCGATGATCCGGACCTCCAGTTCCCGCATGATCCACTCATCCAGGTGCGTGTCGACGACGTCGGCGAGGATCTGTTCTTCCCGGAGGAGCTCGAGCTGGGGCCGGAGTGGGCGCGGCGGCAGCTCGCCGGATTGAGGCAGTCGGTGCGGGAGGCGGAGCGGCGCGGCCTGGAGCGGATGACCTGATCTCGATGGCCAGCAACCCGAATTCGCGTTCGCCTCGACGGCCCCGTGGTTCCTTCAGGAGACGAGCTTCGTGCCGATGAAGCGCAGGAGCGACGAGAGCCAGACCAGGGCATAGGCGAGCGGAGGACTCTTGCCGGACGCGATCTTCGTCAACTCGTTCCAGTCGTCGGACAACTGCCCCATCGTCAGGTCGGACTCAGGAGGAGGGGCGTACACAGAGTACAGATGCTTCTCCGGGATGCTCCAGTAGAAGTCCTCGGTGACTTCGATCTCCGTGCGACCAGTTCGCTCCAGATGGTCGAACAGCACATTGGTCGCTTGTCGCAATTCAGAAAGCTGAATCTTCACGGTTCTCCTCCCAGATCCCTGATGTTCTTCTCGAACGCCCGGATTTCGTCCTCTAGATGTTCGATCCGGCTTTTGATGATCTTCTGTCGGACCTCCGGTGAGGGGGCGTTCCTCAAGCGGCCCTGATTATCATAGGCGTCGGGGTTGGCCTTGTAGTCCGCCAGCTTCTGGCGGTGCTCCGCCAGCCGTGCCTTCAGGGACTTGATCGACTCCGATGGGTTGGAGCTGGTCTGCTGACCTCGCATCGTCATCGCTACCGCACCCGGCGCCAGGGCGATGGTGACGGTCTCGGCACTCACGGCGACCGTCTCCACTTCTCCCACCGACGCGAGCCGGATGCCCACCTGCGTCTCGGCTTGTACGGCCGCTTGCATCGAGCCGGGCAGCTTCGGCACCTTCGCGGCCAGCTCCGGCGCCGTGTTGCCGATGGCTGCCATGGCCAGCATGGCGAACGCTCGCGCCGCGTTCCGGCCCATGAGCTTGCCGTACCGCTCGCCCGCTGCGCGCAGCTCGTTGAACGACGTGGCCCGGTCCGCCTCGTCCATCAGCCGTTTGAAGCCGACGACGAGGCCCCAGAAGGTATCGACGCCCACGTAAGA
NZ_CP137851.1_gap112	5132696	5135775	3079	GCGGTACGCCCCGACGATCTGTCCCGTCTGGAAGCGCCGCAGATCCTCCGCCAGCTCGCGCGCGGTGGCGTAGCGCGCGGCGGAGTCTCGTGCCATGGCCTTGGTCACGATGGCCAGCAGATCCACCGGGATGTGCTTCTGGCGCTGCGAGAGCGGCGGCGGAGGGCCGCCCACCACGCGTTGCAGCACCTGCTCCGAGGTCTTCCCCTCGTAGGGACGGGTCCCGGCCAGCAGGTGGTAGAGGATGGCGCCCAGCGCGTAGACGTCGGCGCGCTCGTCCACGGAGTGCCCCGCGGCCTGCTCCGGCGGCATGTACGCCGGAGTTCCCATCACCGTGCCCACCCGCGTGAGTCCACTGTCCACGGCGGGAGTGGCGGGAGTCGAGTCCCCACCGGATTCGGCGCCATGCTCGCGCGAGAGATCCTTGGCCAGGCCCCAGTCGATGACGACCGTTTCGCCGAACTCTCCCACCAGCACGTTGGCCGGCTTGAGGTCGCGGTGGATGATGCGCTCGGAGTGTGCGTACGCCATGGCCTCGGCCACCGCGAGCACGTGTGGAAGCAGCGCCAGCCGCTCCTCGAGCGTCTTGCGCTCGGAGATGACGTCCGCCAGCGAGCGGCCGGACACCAGCTTCATGGCGTAGAAGGGCTCACCGCCCGGCCAGCGCCCCGCCTCGTACACGGGCACGATGGAGGGGTGTTGCAGGCGCGCGGTGACGAGCGCCTCGGCCACGAAGCGGGGCTCGGCCTCGCGGGCCGGCGCGAGCATCTCCTTGATGGCCACGGGCCGGTCCAGTTGCACGTCCCTGGCGCGGAGGATGCGGCCGATGCCGCCACGGGCCAGCTCTCCGGCGACGGTGTAGCGGGATGGCTCCACCACCGGCAGCGTCCTGCCCGTGGCGCTCGTCGTGCCCTTCGGCGGAGAGGAGAGCACGGTGGCGCTGCTCCCGGCCTCGGCCGCCTCGGGCCCTCCGCCGGGCTGCATGGTGTAGGTGCTGTCGGTGCCGGGAGTGTCCTGCGCGTCGATGGACCCGCCTGCCTCGGTCGGCCTGGCTCCACTCATGGATACCCACCAGTCTACGCCAGAGAAGCTGCCGTCGGCGCCTCCCGGCCAGGAGGCGCCTGATCCCTCGCTTGCGCGCGTTACTGCGTGTCGGCGGGCATCACCTTGATGCGCTCACCATCGGAGCCCTCGGCCTTGGTGGCTTGGGAGGAGCGCTGCGAGTCCGTGGGCGTGCCGATCGCGAAGGTCGCCACCCGCGTCCGCTGGGCGCCCTTGAACTCACCGGACACGGAGACGACCAGGTGCGAGCGGCCGGCGCCCGGCGTGTAGAGCACGTCATAGGTGGCGGTGGTGCCCTGCGGGAAGTTGACGTTGCTGGCGAGCGTCGGCGGCTGGCCGATGACCAGCAGTCCATCCAGGCCATGCACTTCCACCCGCACGCCGGTGGCCGGGGCGTCGAAACGGACCGTGATACGGGCGGACGAGTCCTCGAACTGCGCGTTCACCACCACCGGGGCTTGCATCTTTCCCTGCACGGCGGGCTCCGAATCGGTGGTCGAGGAGGGAGTGGACTTGGACGAGGAGGAACAGGCCCCCAGGGCCAGCAGCGCGAAGAGGCCCGGGAGGACGGCGAAGGTCTTGCGGTTCATGTGTGCTCCTGAATTCTTGGGCGGGGGTGGGGACCTGTCACGGGCTCTTGATGGAGATGGCGACGTTGTATTCGCCCGTGCTTTCCTTGAAGCCGGTCAACACCACCACGTACTTCGAGTTCTGCTGGGTGGTGAGGCTGGTGGTTTCCGTGCCGACGAGGGTCTCATCCGCCTGGCCCACCACCTCGCCCCGCTGGTAGACGGTGAACCCCACGTCATCGGCCGGGGCGGAGGCCGAGATGGTCACCCGGGCGCCATTCCCCGTGAACACGTAATACTGGTTCTGCTGCCACGTGTTGTATTCGTAGCCCCCCTCGAACGTGATGTTGTTGCTGTACGGGAGCGTACGCGCCTCGGCGTACATGTTGCGCATCTTCGTGTCCCCGTCGCCCCACTCGCTGGCGATGGCGCCCATCTGGTAGCGGGCGAGCAGGGTGTTCACATCGGTCGCGTTCACGCCCGGCTGCGCCTTGAGCGCGGCGACGAACGAGGCGATGGTCGTCATCGAGTCCGTTGCCTTCTGCGACCCCACCAGCACGTCGTAGATGGGGCCGAGCCCCGCCGCGACCTTGTCGTACGACTCCGCCGTGCCGGAGTCGAAGATGTCGTAGAGGAGCCGGTGCACGCTCGACTCCGAGAACACCCCGGGAGTGGGATCATCGGTGTCCAGCGGCTCGGTCTCCGCGTCGATGCCGAAGGAAGCCAGCGTTCCACCTGCTCCGGCCCAGACGGTATCCACGTACAGGGGCTCGGGCAGGAGCATGGCCGCGAGGGCGTTTCCGTAGCCCTCGCCAAAGGCGATGCGCGGATCCAACACGTCACCCCGGCCGTGCGGGCCTCCGGGGCTGTCCGAGCGCGACAGGTTGCTCTCGAAGTAGTGACCCCACTCGTGGACGATGACGTGGGCGTCGAACTCGTCGGTGTCCGCGCCCTCCTTGCCGAGGATGTAGATCTCGTTCTCCGTGGGCGAGAAGTGCGAGGTGCTGATGAAGCCGGCCGACTTGTCGCCACCCTGGGGAACGTTGTCCGGGCTCCAGTTCACCTTGAGCGCGGGGAAGGTGACCGTGCGGACCGCCATGAACGACCTGGCGGCGGTGTACATGGAGTCGAGCACGGCGAAGGGAGCCGCCGAGCGGCGGGTCGCGTCATAGGCCGTTCCCGTCCAGCCGTGGCCCGCGTGCAGGTTCAGCGTGCTGTCGGTGGTGGGCAGTGTGCTGCTGCCGATGGCCCAGATGGCGTTTCCGTCCGTGTTGTCCTCGACCTGGATCTGCGGGTTGCTCGTCTTCGCGAGCACCTCGAGCGAGGTCGAGCCCTTGAGACTCCGCAGGAAGGAGATCTGGTACTTGCCCTGCTCGTCGGTGTTCGTCGTGGCGAGGACGTTCGTTCCCTGGCGCACCTGGACGACGGCGTTGCGGACGGGCTTCTTG
NZ_CP137851.1_gap113	5142993	5147607	4614	GGCTGGATGTGGTGGCCTCGCCCCGGTACTTCCCGCTGCTGGGCGCCGCGCTCGCCCGCGAACACAAGGGACCGGGCCTCGCCAGACCCCGGTGGTACCTGGACCCGTTCGCCTGGGGCGGTGAGCGCCTCCGGGTGGAGCGGGTGCGCGTGCCACCGGAGCTGGAGGACGTCCCACTCACGCTCGTCGCCGGTGAGGCGGGTGCGTACTCGCTCCTCGGCCCGGGCTCCACCCCTCTGCTCAGCGGGCGTGCCGGTACACCCGCCGTGGCGCCGCCGGGCTCGCCCTGGCAGGTGGAGCTCCTCGTCTCCGAGCTCGATGCCCGTCCGGGGACTGAATTCCAGGTGACCCGGCGCTCCCGCCTCGAGGTGGTGGAGGAGCTGCAACGCTCGCTGCGCCTGAGCGAGAAGGGCGTCAACACCGGCGTGCTCACCGTGGCGCTCGAGGGAGCGGATCCGGCGGAGATCTCCGCGACGCTCCGGTCCATCGCGAGCCACTACGTCCGCCAGAACGTCGAGCGCAGGAGCGAGGAGGCGGAGCGGACGCTGGTGTTCCTCGACACCCAGCTGCCCGGCCTGCGCGAGGAGCTGGAGCGCGCGGAGGCGGCCCTGAGCGCCCACCGCGCGGGCAAGGGCATCGTGGACCTGGGGATGGAGACCCAGGCGCTCCTCGACCGGAGCGTGGATCTCGAGAAGTCGATCTCCGAGCTCTCGCTCCAGCGGTCCGAGTTGCGGCAGCGCTTCACCGGCAAGCACCCCATGCTCACCACCATGAAACGCAAGCTGGCGCGGCTGCGGTCCGACCGGAGTGCCCTCACCGCCAGGCTCAAGGGTCTGCCGAGCGCGGAGCTCAAGTCGGCGCAGCTCATGCGGGACGTGAAGGTGGCCAACGAGCTGTACCTCCAGCTCAACAACAAGGCGCAGGAGTACCGGGTCCTCAAGTCGAGCATCGTCGGCAACGCGCGCGTGCTCGACGAGCCCGTGGTGACCCGCACGCCGGTGCGTCCCAACAATCCGGGGGTGCTCGCCGTCAGCCTCGTGCTGGGGCTGACGCTCGGCATCGCGCACGCCTTCACCCGGCAGGCGCTCCGCAAGGGTGTCTCGGATCCCTCCGCGCTCGAGGCGGAGCTCGGGATACCGGTCCATGCCACCATCCCCCTCGGCGCGGTCTCCTCGCGCCGGGCCCGTGGCGGGCGTGCCTCGGAGCGCGGGTTGCTGCCCATCCTGGCCGAGCTCCATCCGAGTGCTTCGGTCACCGAGAGCCTGCGGGGCCTGCGGACCCGCCTCCTGCTCGCGTTGAAGGACTCGCCCAACAACGTGATGGCCATCACCGGGCCGAGCCCTGGAGTGGGCAAGTCCTTCGTCTCGATCAACCTGGCCTGGCTGATGGCGGACTGTGGCAAGCGTGTCCTGCTGGTGGACGCCAACCTGCGCGGGGGTTGGCTCCACCAGTGTTTCCAGGCCGAGCGCACCCTCGGCCTCTCCGAGGTCCTCGAGGGCACGGTCGAGCTGGAGCAGGTCATCCTGCGCGTTCCCGGACAGAACCTGTCCTTCCTGTCCGCCGGTGCCCTGCCTCCCAACCCCGCGGAGCTGCTGCTGAGCGACAGGTTCCAGGCGCTCGTGACGCGGATGTCGGCCGGGTACGACCTGGTCATCCTCGACACGCCGCCCATCCTGGCGGTGACCGATGCGGCGATCGTGGGCCGGCACGCGGGCGTGAACCTCGTCGTGGTGCGCGCGGACACCCACCCGATGGGAGAGGTGGCCGCGGCCATGAGCCGGCTCGAGCAGAACGGCGTCCAGGTGGGGGGAATCATCTTCAACGGTGTGTCGCGCTCGCGGATGGGGCGCGCCGTGAGCGGCATCTACCAGTACGAGTACCCGTCCGGGAGCTGAGCGCGGGGCTGGAGCCACCTCATGAGATGGATCCGATGCACGGGACTGGGCGTCATCGCCGCACTCTACGTGCTCTCGGGGCGCTGGGGACTGCAGCGGCTGGCCTCCTCCGACGACAGCCTCGCGCCGAACCCGTTCCTGGAGCTTCGGCTGTGGATCGTCATGGGAGGGCTGGTGCTCGCGTCCGTGGGGCTGGTCCACCGCGCCCACCGTCCGGCGAGCGAGGGGGAGACCCGGCTCGACCTCCGGCTCCTGATGGCGGTGGTGGGGTTCTACGGGTACCTGGGCCTCAGCACCTGCTGGGCGCCCGACAAGGAGCTGGCCCTGTGGAAGCTCTACGAGCTCGTCCTGGCTGGCGTGATGAGCGTGGGCTTCGGGCTCGCCGCGCTCCGTCAGCCCGCGGAGCGGGTGCTGGACGCGTTCTGGACCGTGGTGGTCACGGCCACGGGATTGATGGCGCTCGCGGGCGTGGGTCAGATGGTGGGCGGCGGGGGCGGTGCGCGGCTGGCCGTGCTGGGAGGCGGACCGAACGTCTTCGCCCGGCTCATGGGGCTGTTCGCGCTCGGCGCCTTGTACTTCTGGTACCGGCGGGGACAGACCTGTCTCTGGATTCCCATGGCGGCCATCGGGGTGATCCTCGCGCTGCTCACCGGCTCACGGGGGGGAACGCTCGCCATCATCGCGGGCCTCCTCACCTTCCTCGTGGTGCAGCGTGTGCCGCTGCGCCGGCTCGCCCTCCTGTCGCTGCTCGCCACGGCCGCCGTCGTGGCGGTGGCCACGTTCACGCCCCTGGGCAAGGCGCTGCAGCACTCCGTGGAGGAGCGCTTCCTCCGCCTGACCCTCGAATACGAGGGGGGCGGTGACTCGGAGGGCACGGTGTACCTGTCGGGCCGGGAGATCCTGTACGCCGCCGCGTACGAGCTCGGGCTGGACAATCCGGTGATGGGGGCCGGGCTCGCGGCGTTCCCGGCGCTCGAGCTGGGTGTCTACCCCCACAACCTCTTCCTCGAGGTGTTCTGCGAGGGCGGTGGGTTGGGGCTCTTGTTCCTCGGATGGGCCCTGTTCGTCTTCTCGCGCTCCGCGCTCCGGGAGCGCCGCGGCCTGGATGGGGCGACCGTTGGCGCGGTGATGCTGGTGCTGCTCGGCAGCCAGTCCAGCGGAGACCTCTACGACAGCCGGGCCCTCTTCCTGTTCATGGTGATGTCCTCGTGCACCTCGGCCGCGGGGGCGGTGTTGGCGCATCCCCCGCCCGAGCTCTGTCCCGCCGTCCATGGAGCCAGCTGACATGAAGATCATCTACCTCCACCAGTACTTCAACACGCCCACGATGCACGGCGGGACCCGGTCCTACGAGCTGGCCCGCCGCCTGGTCGCCATGGGCCATGAGGTGCACATGGTGACCTCGGACACCCGGCCGTCCGCCGGGAACCCGGGGGGCTGGCGCGAGACGGACGAGAGCGGCATCCACGTGCACTGGCTCCCGCTGCCCTATTCCAACTCGATGGCGTACGCGGAGCGGATGCGCGCCTTCGGCCACTTCGCCGTCAACTCCACACACCGGGCGATGCAGCTCGCCGGCGACGTGGTCTTCGCGACGAGCACGCCGCTGACCATCGCCATCCCCGGACTCTTCGCCTCGCGCTGGAACAGCACTCCCATGGTCTTCGAGGTGAGGGATCTCTGGCCCGCCATCCCCATCGCGGTCGGCGCCCTCAAGAGCCGCCCCGCCATCTTCGCGGCCCAGATGCTGGAGCGGGCCGCCTACTCGGGGGCGGCGCACATCGTCGCGCTCTCGCCGGGGATGAAGGCCGGGGTGGCGGCCGCGGGCGTGTCCCCGGAGAAGATCACCGTCATCCCGAACCTCTGCGATCCGGAGCGCTTCCAGGTCCCGGCCTCGGCGGGCGAGGCGTTCCGGCGGAAATACTCCTGGCTCGGGGAGCGGCCCATGGTGCTGTACGCGGGCACCCTGGGGATGGTGAATGACGTGGGCTACCTCGTCCGGGTGGCGGCGGACGTGCTGAAGCGGGATCCCGAGGTGCGCTTCGTCATCATGGGACAGGGACGGGAGGAGGCGGCCCTGCACACGCTCGCGGAGCGGCTCGGCGTGCGCGACCGCAATCTCTTCTTCCTGCCCGCCGTCCCCAAGGCGGAGATGCCCGCGGTGCTCTCCGCGGCCAGCATCTCCACCTCGCTCGTGACCGACCTCCCGTGCATGCAGGACAACTCCGCCAACAAGGTCTTCGACACGCTCGCCGCGGGCCGGCCGATCGCGATCAACCACGGCGGTTGGCAGGCGGAGTTGATCGCGCGGGAGGGGCTCGGCGTGTGCCTGCCCCCCAGGGACGTCTCCGCCGCGGGAGCGTCGTTGGTGGAGAAGGTCCGTGACTCCCGGTGGCTCGCCGAGGCGGGGGCGCGGGCGGGCCGGCTCGGCCGGGAGCGGTTCTCCGCGGACTCCGCGGCCCTCAAGCTGGCCGAGGTGCTGAGGTGCGCGGTGGGGCGGGCGTGAAGCGGCGGTCCGCGGGGGGCAACTTCGCGTGGACGCTCTCGGCCGGGCTCATCTACGCGCTCGCCCAGTGGGGCGTGCTGGTGGCGTGCGCCCGGCTCGGCACGATGGAGCAGTTGGGCGAGTTCTCCCTCGGCCTGGCCATCACCGCCCCGGTGATGCTCCTGGCGCGGATGAACCTGCGCACCCTCCAGGCCACCGATGCCCGGAGCTCCC
NZ_CP137851.1_gap114	5149145	5149884	739	CGCCCGCTGCTGGTGGAGTACCTGCCGCGCTACTCCTCCGAGCAGGCGCGACGCCACGACGTGCTCCCGGGCATCACCGGTTGGGCCCAGGTGAACGGGCGCAACGCCCTGGGCTGGAAGGAGCGGTTCCAGCTCGACGTCTGGTACGTGGACAACTGGAGCCTGGTGCTGGACGCGAGGATTCTCGCGCTGACGTTCCTGCGCGTCGTGCAGCGCCAGGGCATCTCCCACGCGGGAGACGCGACGATGTTCAAGTTCCTCGGCGACGCCGCGTCCCCCGCACCACCTCCACCACCCGCGCCAGGTCGTCCAGCGTGAGGTTGGAGCCGGACGGCAGGCAGAGCCCGTTCTGGAACAGCTCCTCCGCCACGGCACCTCCCCGCCGCTCGAATCCGGCGAAGACCGGCTGCAGGTGCATGGGCTTCCACACGGGCCGAGCCTCGATGTTCTCCCGCTCGAGCGCGAGCCGCACCGCCTCCCGGTCCGCGCCGAAGCGCACCGGATCGATCGTCAGCGTCGTCAGCCAGCGGGTGTGGCGGCCCCAGGGGGCCTCGGGCATGAAGGAGATGCCCGGCACTTCCGCGAGGGCGCGCGCGTAGAACTCGAAGTTCCGGCGCCGCGCGGCGACCCGGTCCTCCAGTACCCTCAACTGCCCGCGGCCGATCGCCGCCAGCACGTTGCTGAGGCGGTAGTTGTAGCCGATCTCCGAGTGCTGGTAGTGCGGCGCGGGATCTCTCGC
NZ_CP137851.1_gap115	5151589	5152379	790	GCGCGAGGTGCTCCTGGGCAGGAAGTCCGAGGTGTGATCGGTGTTCCAGCGCTTCAGGAACAGCGTCTCCCAGGCCTCCACGGTGCGGAGGCCGGAGGGGGCCGGAGGAATCGCGGTCGCGCTCGGCGCGGTCAGATCCCCGGCGTTCTGCGAAGGATCGATGGGCGCGATCACCTCGCCGGGGTCCATCCCCTCGCCGGAGTCCACGTACCCGGCAGTGGGAGCGGCCTCGGGATCGGCCTCGAGCTCGGCATTGGGATCGCAGGCCGCTCCAAACAGGAGGGAGGCGAACAGAAGAGAGGAAAGGGTGAGTCCACGGGTGCTTCGGCGACGGAAATCCAACATCAGTGATGTCCTGGGCAGAAAGGTGTCGTGAATGCCGTCTCCGGACGCTTGCCCGGAGGGCTACTCTGTCTGCAATGGGAACACGCGAGCGCGTTCCGTTCATGGCGAGCCACTGGAACGTGTGAATACCCATTGAATTCCTGCGTGGATTCCAGGTGAAGGGACACCACGAGGTGCGAGCCGGCATGGGCCTGTCTGCTCGGATCGTGCGGGCAGGAGAGCGCAGGGCAGGGGGGCAGCGGGCATGATGATTCTGATGCAACCGGGAGCCGTCCTGGTCCCCGATGAGGGGAGGTCGGCGCAATCGGAGGACTACTTCCGCTCGGCGCACCACCTGCGCGCGGAGGGGGTGACGCACACGCTCGTCATCGAGTCCGTCCCGGGAAGTGCACTGCGGATCCCGCTCATCGTGCGGCCCATCGAGGGCACGCCCTACCTCGATGCC
NZ_CP137851.1_gap116	5165912	5166987	1075	CACTTCCTCCTCAACATCACGCGCGTCGTGAAATGCATCGACGACGAGGCGTCTGACGAGGTGCGCTATGTGACGCCAGAGCACGAACTGCCAGAACAGCTTGGGCAATACCGGTCCGTGATCGGCTTGCGCATCGATCCCTCGAAGGTAGGCGATGCCCAGGTGTTCAGGACCTGGGGCTGGTTGGCCATGATTGTCTCCGAGGACATCAAGGCCGCCCTGGATCGCATCGGAGTCACCGGAACGAAGTTTACGTGGGTCACCGGCCCGAGCTCCGTCAGCCCGGAGGAACGTGCGCGCAGCCGCAAGTGGCGCGAGCTCCTGGATACAGCGGAGGCCGCTCGTGATGCCACCTGGCGCACCCTGGGCAACCTCGACAAGGCGGTCACCACGCCCATCGCCATGAACGATTCATGGCCCGCCCATCGGCAGATCTGGCGTGTCATCCGTCGCGAGGGTGGGCGCATCCTGATCGTCTCGCACGGGCTCTCGGATCCGTTCTACGAACGCAGGGTGCCTTCCGTGGGCTTCGGCCTGGAGCTCGCCCTGGAGACGGACGTGGCCGTGAAGAATGTCTTGAAGGGCTGGCCCCTGCTGCTGCTCGAGCGCGTGGCGGACGAGGTGGCCGGACACGAGCACGTGCGCGAGCGGGTGAAGGCGGGCCTCCTCTCCATGGAGGTATCGGGAAAACGCCTGCCCAAGGCCCTCGTCACGGGAGAGGGCCGCGTGGGCGTGCTGCTCGGTGTGGAGTCGCGCTCGGTGCCGCGACATTTCTCCACACCGTACGGAGACGTGCGGCTCGTCACCATCAAGGCGCTGCTACCCCCGGAGCTGGCGTACCTGCTGGAGCATGGCGAGCAGGGTCAGGCCGAGCTGGCGCGGCGTTTCACGGAGAGTGGTGAGGCGCATCTGTCCCATGTACGCCGCCGCCCCACCGTCTGATTCCAAGCGGAAGCGTCCTCCTGCCAACGCCCGCCGCCCGAGCGCGTTCACGGTGTGACGTCACACCTCACCCGGGTCGCATCCCGGCCGACTCCCTGTGCTGCAATCGTCCGCGTCCGCTGGACAGGGGAAT
NZ_CP137851.1_gap117	5356658	5360096	3438	GGTGCAGGTGTCGACGCCCGTTGGCGAGACGCCCGAGCGCGAGGTGTACGCGACGGACACGGCCTATGGGGCCATGCTGGCCTGGCGCTACTTCTTCGACCTGGGGACGCAGGAGACGCCGCTGTGGGGCCACGCCGGGGTGCGGCTGGGGGCACGCGGCCGGGAGTTCGACGTGGGCGAGCGGATGGAGACGCCGTTGCCGGTGGTGCACCGCTTCTACCCGGCGGTGGGGTTGGACGTGTCGGTGCCGCTGATGCGCGCGGTGCGCATCGAGGGCTCGGGCCAGTTCTTCTTCCAGCCCAACCCCGGGCAGTCGCTCTGGGGGGACCCGGATGGCTCGCTGGTGGCCGAGGTGCGCGACTACGGCGACTCGGTGTCGAGCCTGGGCTGGGCGGCGGAGCTGGGCGTGGCGGGAGACCTGTGGGGCCCGTTCGGCTACTCCGTGCGCTTCCGGCTGGAGTCCTACAAGGATCGCTTCACGGGGCAGGGCTCCCGGCGCGGCTGGACGGATGGCGGCGTGGCCGAGGAGTCCTACTCGAGCATTCTCGCGGGCATCACCGCCGCCTGGTGAGATTCCGGGGACGGGGCCGGGGAATGCCCCGGCCCGTCACACCGAGATGAGGCCCTTGCGGATGCCCTCGGTGACGGCCTCCACGCGGTTGGTGACCTCGAGCTTGCGGTAGATGTGCTCGAGGTGGGTGCGGATGGTGGCCTTGGAGAGGTTGAGCAGCCGGGCCGCCTCGCTGTTGGACACGCCCTTGGCGATGAGCTGGAGCAGCTCCGTCTCGCGATTGGAGAGCGGCTTGAGCAGGGGCTCGCTGGCCTCGGAGGAGGCGGCGGGCGGCTCGGCGGGAGCGGGAGGTGGGGCCACGGGCTCGGTGGGCACGGGGCTGGAGTCCGGCTCCACGCGGAAGTGACGCAGCAGCCGGCGCGCCAGGCTGGGCTGGATGACGGTGCCACCGGCGCGCACTTCCTTGATGGCCTCGATGATCTTGTCCGCGGGCGTGCCCTTGAGCAGGTAGCCCGAGGCGCCGGCCTTCACCGCCTCGAGGACTTTGTCCTCCTCGTCGAAGATGGTGAAGATGAGGATCTCCACCTGGGGCCAGCGCGCCTTGACCTCGCGGGTGACGTCGATGCCGCTCATGCGCGGCAGGCCCAGGTCCAGCAGGAGGACGTCCGGGGTGACGCGGGACACCTCCTCGAGCGCGGCCTCGCCGGACAGCGCGGTGCCCACGATGGTGATGTCCTGGTTGCTCTCGAGCAGGCGGAGCTGGTTCTTGAGGATCTTCGTCTGATCCTCGACGACGAAGACGCGGATGGGGGAGGGCGCGATCGCTTCGGTCATGGGCTGGAGGGGAGGGAGAAGGATACGCGGGTGCCGTTACCTGGCGCCGAGTCCACGATGAGGGTACCGCCGAGCTTCATGGCCCGCTCGCGCATGTTGAGCAGGCCGTAGTGGCCGCGAGGCGTCTGCTTGGGCTCGAAGCCCTTGCCATCGTCGCGGACGGAGAGGTGTACCTTGTCCAGGTCGTAGTCGAGCTTCACCTGCACCTGCCTGGGCTGGGCGTGCTTGACGGCGTTGGACAGGCACTCCTGGAGGATGCGGAAGAGGGCGAGCTGCGCATCCGGGGACAGCTTGCGCGCCAGGCCGGTGCGCTCGAAGCGCAGGTCCACCTGGGTGCGGAGGCCGAACGTCTTCACGTAGTCCTCGAGCCCCTGGGTCAGCTCGAAGTCCTCGCGCATCATCTGCAGGTTGCGGCGCAGCTCCTCGATGGACTCCTCGGCGGTGTTCTTCAGCTCCTGGATTTCCGAGCGCAGGGAGTCGTCCCTGGCCATGCCGAGGATGTACTCGGCCTGGATGATCATCGAGGAGAGCGAGGCGCCCAGGCCATCGTGGATCTCCCGGGCCAGGCGGCTGCGTTCCTCCACCACGGCCAGCTCCTTGAGATCGCCCTGGAGCTCCACCACCTCGCGGTGGGAGGCGGCCTCGCGCTCGCTGAGGTACACGAGCGCGTAGACGATGGTGAAGTTGAGCGCCGAGTACCACAGGAGGGTGAGGACCTCGACGGCGGTGACCTCGCGATTGAGGAGCAGATCCAGCCGGGCGGTGATGGGCAGCGCCAGCATGGAGGGGAGGATCGCGATCGGCTTGGGGAATAGGATGGCGAAGAGGGTGGTGAAGAGCAGCTGCGTGCCGAGCAGCGGGCTCTGCAGACCGCCACCGACCTGGGGCTTGTTGATGAGCACCACGACGATGAGCAGATCGAAGCACAGGGTGATGTACGTCACCCAGCGGCCGGCCCTGGGGTGGTCGATGACCGTGAAGTTCGCGACGCTGTAGAGCAGCATGGCGAAGTAGCCGGCGAAGGCGAAGTTGCCCTGGAAGTTGAAGTAGCGGGACCAGGCGGGCACCGCGAGGATGGCCAGGCCCAGGGTGAGGAAGCAGAGGCGGGCGTAGAAGAGGGCGCGGGCCCGGGCCACGAAGCGATCCTGCTCCCAGGAGGCGGCGGCCTGCTCGGCGGAGATGTTGTCGGTGAGCTTGCGCCGCTCGAGCACCGCGCGCACGCGAGCACGCCGGTGCGAGTCGGGATTGTCGTCTTCGAGCGCCAGAGCGGGTTCCATCGGACCGGCAGCTTAAGGGACCTGCCGGGTTTTCGGGAATACCACCACTCCTGAAGATGCCTGCCCCCCTGGTACCGGGAGGCGGCGGGAACTACTGGGCGCTCGGGGTGGCGCAGGCCTTGCGGGCCTCGGGCTGGCGCTCGAAGACGAACTCGAGCCGGTCCCGGGACTCGCCGGTGGCCTCGTTGAAGAGCGGGGTGCCGCCCGCGTACATGGTGCCCTCGGCGTTGCCGTAGCGGTCCAGCTTGTGCTCCTGGAGCCAGCGGTCCACGCAGGCCTCCACGGCGGCCTCGGTGCCCCCCTGCCCCTTGGTGCCGGAGTCGGCGGGGGCGGTGAGGGAGGCCCCGCTCGAGCCGGTCTGTCCAGCATCATTGGCGGAGGGGTTGTCGGCGGGCTGGTTCTCCCCGGTCTTCTTGGGGCAGCCGGTGGCGAGCAGGGCGACGGCGAGGAGGGCGAGCGCGTGTCTCATGGGTCCTCTGGAAAAGGCGGGTGAACGTATCGGGGTGGCGACGGAGTGGGGCGGGAAGATATTCGTTCGGGTGCGGGCCGGGGCGGCTTTTCGCCAGTGGGGTTGACGGCGGACAGGGGCTCGGCGAGGGTCACGCGCGTGGAACGAGTGGCCTCGGCACGGGTGTTGGTGGTGGGCGCGGGCGGGTTGGGCTGTCCGGCCTCGCTGGCGCTCGCGCGCGCGGGGGTGGGGCACCTGACGCTGGTGGACCCGGACCGGGTGGACGTGACGAACCTCCACCGGCAGCTGTGGCACCGCACCCCGGACGTGGGCCGGCCCAAGGTGGAGTCGGCGGCCGAGGGGCTGAG
NZ_CP137851.1_gap118	5399351	5401285	1934	TCTGGAGCAGCTCGGCCGAGAGCCGGTAGTGCGTGTCGAGGATCATCCGCACCACGTCGTACGTGCCCATCTCCGCCGCGAGCTTCTCGTACTTCGTGATGTTGGCCTGGACGACACCGACCGCGAGCTCCTGCCTGTTGGCCTCGAGCGCGGCCACCTGCCGGTAGCGGAACTGGCCGTACCCGAAGCAGGCCAGCACGAGCGCCGCCCCCATGGCCACCGGAGCCAGTGCGCGCCGCGTGCCCTCACGTACACCGTGGGCCACGAGGATCCTGCCGGCCTCGAGCACGCACGTGTTGACGATGACGAGCACGAGCGTGAGCCCATGCGCCCCGGCGATGTCGGCGCCCTGGCGCAGGGACTCGGAGGCGATGAAGCCATGTCCGAGGGTCTCGGCGAAGAGCTTGGGGCTCACCCACTCGGTGCCCACGTACACGAGCGCGCCCGTGAGCGTGACGCGCCAGAAGGCCCGGGGGTCCTCCCGGGTGGTGCGCCGCAGGTGATAGCGGGTGAGCGCGAAGGTGATGAACTGCAGCTCCATGAAGGGAGCCAGTGCCAGCAGGGCGAGCCAGCACAGCGCCAGGGGCGCTCCGGAGTAGCTCCGCAGGGCTTCGGGGAACCATCCGAAGATGGCGGCCGTGAAGACCAGGCCCATCACCACGCCCGAGAGCACGGCCTCGCGCCGGCTGTCGACGCGGTCCAGCACCAGCAACCAGGGCACGAGACACACCCAGGTCACCGCCACCCAGCGGGCCTCCAGGCTTCCGAAGAGCCACACGAGGCCCGCGGTGCCCGCCGCGCCGAGCAGCTGGAGCGCCAGGCGCTTCACGCGGACCGCCAGCGCGCTCATGGAATGGGCTCCACTCCCTCTGGCCCTTCGGGCAGCTCCAGGATTTCGATGGGCATACCCGCGGGCGCCAGCTCGGGCGGGACGACCCGGTTGGAGGGCAGCTCGACCGGCACGCCCTTCGAGTCCACCGGCTTGTAGTCCGGATGGAACATGAGGATCGGCTTGATGCCCTCCCCGTTGTCCGTGGACTGGTAGTGGCGCACGTAGCCGGGAGGCAGCTCGAAATCCTCGGGGACGATGATGCCCTGTTTGAGGGGGCTGGTGCCCTGGCGGTACAGGTTGATGCCCTCCGCGGGTCCGGCGGGCGCCGCGTCCTGTGGCACGGGCTCCTCCTGGGGGGCGGGTTCGGAGGATGGCTGGGCCGGGATGTTCTGGGGCCGCGGGGTGGCCTTCGGCGCGGGACGGGACGGAGTGGGGGAGGGCGCGGGTGTTCCCTGCGCGAGCCTCACGGGCTCGTCCTCGGGAGTGGCGGACACGGGAGCCGGCGAGGACACGAGCCACGCACTCAAGAGCAGACACAAGACGGTGAAGCCGAGCCCCAGCCCGACGATCCACATGCCGCTGCTGGTGCGCTTGCTCTGGATGCGGGTCACGCCGTCACTGTCGACGTGCCGCTCGTATTCGGGATGCTGCGAAGCCATTCTCGCCCCTGTTGTCCGGGACTCGTATGCTACGGGCCCCCTGCCGCCCGGGCAATCCGTTCCCCATGAGCCCCATGCCAGCCGCCGATGCTCCCGTAGCGCCTTCCGCCCACGGCCAGCCCGTGGCCCCGCGCTTCCAGGTCCACGCCTACCCGCTCGTCCTGCGTCTCGTCAGCTCCCTGCTCCAGGTGCTGATGACGGCCGATCTCCTCTGCGCCTCGGCGCTCGTCGTCGTCGGCACCTTCATGGGGGCGATGAACCCCAAGCCGCCGGCTCTGGCGGGCTGGCTCGCGTTGATCGCGCTGGGTCTGTTCGGTCTCACCCGGTTCATCCGCTGGCTCAGTGCCGCGACCTTCTCCGTCGAGCCGTCACAGTTCGTGTTGGAGCGCCGCGGCGATCGGTTCGAGATTCCCGTCACGTCGGTGGAGTCCGTCCAGGTCTGG
NZ_CP137851.1_gap119	5427194	5429579	2385	CCAACGCCTCCGCCTCCGTATAGAGCGCCGCCTCCTCCTCGAGCCGCGCCACGTGGGCCTCCTGCGCCGCCAGCTTCGCGCGCAGCTCCGCCACCTCCGGACTGCTCTCCCCTGGGAAGTAGGGCTGGAAGGCCCCCGCCTCCATGCCCACCAGCATCCCCGCCGTCACCATCGCCACCGTCCACCCTCGCATTACACACCCTCCCCACGCGCTCCGAACGGGCCACGCGTCCGTGTGGCAGATGCCCGCCGCACAAAGCACCTCGCGTGCCATCAGGCAAACGCCTGGAATCACGAGGACGACGTGGGATGTGGGAAGCGGTGGACCGGAAAAAATGTCCGATCTGGGAACGCCTTTGCCCACCGTGAGACTGTCGAAAGGAGGGGTTGCCGCAACCGGCCAGGCGTCCCAGCTTTGCTCACGGTTCCGAGACCATCGGGAGAGGAGTGGGCGGCGTGTACTGGACGATGAGTGCGATCCTGTTCGTGCTGTGGGTGCTCGGGCTGATCAGCGGCTCGACCGAGGGCAGGTGGATTCACCTTCTATTGATCTTCTCCATGGTGACGCTGATCCTCGCGTTGGCGCGGCGGGGCAGGGGAGCCCTGGCATGAGGCGGGCTCCAGCGATCATCGATCTGGAGCTGCCGCGGGACGCGAGCGGCTTCGTGCGGCGCGAGTGTCCCCAGTGCCAGCGGGACTTCAAGACGCGGCCCTGCCGCCACGACGCGAGCATCGTCCAGCGCCGGCTCGCCTCGCTCTTCCCCTTCGAGAACGCTCACGAGAGCTTCGACGAGGTGCCGGACTGGTGGTGCCTCTATTGTGGCCACCGGGCCCCGGGGGACGAGTGGCTCACCCCGAGCCAGCAGGCGCATGTGGAGGCCGTGGCGCGCGCCTGGGCCAACCACGTGCGTTACGAGCAGCTGGCCTACGTGTCGCGCACCCTGTCGGTCAACCCGCGGCCCACCTTCGTCAGCGTGGAGCCCGAGGCCCTGCCCGGACCCATGGCACAGGACACGGATGACCTGAGGGTCATCCCCCTGGTGTGCTGCGGCGAGGAGGTGAAGGCCCTCTGGGACTGGGAGGGTCCGCTCTTCTGTCCGCGCTGCGGCTCCCGGCACGGGGGCTTGAGTGGCCGGCAGCAGATCCACCTGGAATTCATCCAGGAGTAGACGGAAGCCCGCCCCCGGGGGCAGTCTCCGGGGCCGATGAGGCGGACGGCCCGGCTGGCGCTATCGCTCGTTCTCCTGGTGATGGCCGGGAGCGCGAGCGCCCACGATGCGGACATTCTCTATGCGCAGCTCTGGCGCCCCGTGGCGGGGGGGCCGGAGGTGCATGAGCGCATCACCCTCACGGTGGGCTCGCTCGCCCTGCTCATCCCCGCGGATGCGGACGGGGACGGCGTGCTCACCCAGGCGGACCTGGACGCGCGGGCGCCCGCACTGGCCGTGGGCATCTGGGACGCCATGCCGCTGAGCGCCGGGGGCCAGCCCTGCACCCGCGGCGTCACCAACGCCCGGTTGCGTGCGTCCTACGTGGAGCTCGGTGCCACCTTCCAGTGCGCGCCCGGCGAGCTCCGCCAGCGCTTCTCCCTGCTGTCCGTGCTGCCGTCCAACTACAAGGTGGTGCTCGGCAGCTACATCCAGGGCGAGCAGGGACAGCGCTTCGCGGATGCCTCCCAACCCACACTCGTCGTGTCTGAATCCGGAGTGTCCGGGCCCGGACAGCCGGAGCGCGAGCGCGTCTCGGGGCTGCTCGACTGGGTGGGCCTGGGCCTGGTCCACATCTTCGGGGGAATCGATCATCTGGCCTTCCTGCTGGCCCTGCTGCTGGTGGGCGGTGGCTTCCGGCGGGTACTGCTGCTGGTGACGGCCTTCACCCTGGCCCATTCCCTCACACTGGGGGCCACCGCGCTGGGCTTCATCCTCCTGGACGACGCGCGCACGCGCTGGGTCGAGGCCGCCATCGCCCTCTCCATCATCTGGGTGGCCATGGAGAACCTGGTGCTGCGCGAGCACCGCCACCGGGCCCTGCTGACGTTCCTCTTCGGACTGATCCACGGCTTCGGCTTCGCCAGCGTGCTGGGGAGCTACGGCCTGGGCGACTCGGTGGTGACGGGCCTGTTCGGCTTCAACCTCGGCGTGGAGCTGGGGCAGGCCGCCGTGGTCGCCCTGCTGTTTCCCCTCGTCCGGATCGTGCAGCGCCGGCCCGTGGTGCACCAGCGGACAGTGCGTGCTCTGTCGCTCCTCATCCTCGCGGCCGGCGGTTATTGGTTCATGGAGCGAGCCTGGGGCCCGATCGGTTGAATCCGCGCGAGTCCATCCCTAGTTTGCTCGCGGGATTGGGGGCAGCACCTGGGGAGGGCCGATGGGCGCAAGGCATACCCGC
NZ_CP137851.1_gap120	5469725	5474148	4423	TTGGTGCTCTCGCTGAACGAGAAGTTCGAAGTCTGGGCGCTGGGAATCCCCGCCTTGAAGTGGAGGGTGAGCGGTGCCTTGGCGGCGAGGCCGGAGACGGTGAACTCGACGTCCTCTTGCTTCGTGTCCTTCCAGACCACCTGTGCGGTGCTCGCCAGGATGCCCGTGACACAGGGGGTGGAGTACGCCGACCGCTCGAGAGTACTTCTGACGAAGGTGGCCGAGCTGCCCGATGCCGCGCAGAGCGTCACCGGGGTGGTGGGTACATCCGTCACGGGATTGTCCCAGGCGTCCTCGGCCGTGAGCACGAGCGTCGTCTCCGAGCAGGTCGGCGCCGGGTCCGGGGCGGTGGTGGACAGCTTCACGTGAGCGAACGGGCCGGCCCTGACCACGGTGGAGGCACTCCCCGAGATTTTCTGGCCCGTCACATCCGTGACGGTGAGGGTCTTGGGGTCCGGAGCAGCGCTCGAGAAGGTGACGCGGAACTCCGGAAGCGGTGTCTCTTCGGGAATGAAGTAGACGTCCGAGTCGGGTGGGAGCAGTGCCCGGAGAGCGGTCGTCTCGAAGTGCACCCGGCCGTTGTAGCCGGTGCGGTTGCCGGACTCGTCCACCGGGATCACCTGGAGGGCATAGGCGGTTCCGGCGACCGTCGCCGAGTCGAGCTCGACGATGAAGCGCACGGGCGGACCGGGCGTCACGGTGATACTCGGGACGTGGGATTTGATGTTGGTGATGTTGATGTCCTGGACCAGCAACTCCCACAGGCCGAACGACTGGAACGTGACGAGGAAAACCTTCGTGCCGCGGTCCACGGAGGGGTTGAAGGTGTAGTCGGCGGGCAGCAGCGCGCGAGGTGCCGTGGAGGAGAACCGGATGGTGCCGGCGTAGTCCGGATCGACGGTGCCCGACGCGGTCATCGCTTTCACCGTCACGTTGAGTGCCACACCCGCCGGTAAGGAGGCGCCCGCGGTCAGACCCTCGAGCGCGAAGTGGGTCGTGGCGGTGGCGGGGAGGATGGTCGTCGCCATGGAGAGCAGGGGCGTGCTGGCCACCAGCAATGGAAGCAGCAGCAGACAGTTCGTGCGGAGACGACGGCTCTGTGCCTGGTTCATCGTTCGGTCCGGGGAGCGCCAGGCAGCACGAGTCTGCTCAGCGGGGGGCTACCATCGTAGAGACGGGTGCATGGATGTTGCAACCGATGTACCATGTGCGTAAAGCGGCGGCCATGGCACTGGGAGCCGTGGTGGGCAGCGACGGAGCCGTGCGGCAAGCCCTCCTTGCCCGGCTCGACGACGAGGACTGGGGTGTGCGAGCTGCAACGGTGATGACTCTTTCGGAGAAGAGTCGTGCCGAGGATGTTCCGATCGAATCCTTCATTCCCTGGCTGGGAGCTGTCAGCTTCCGCCAGGATCTGTCTGAGAAGGTTTGTCGCGCAGTCGCCCGGTTCGTCGCCCTCGAGGCCCGCCACGATGAACGTTGGTTGAAGCGGTTGTTGGAACTGGTGCGTCACCCGGAGTGGCGGATGCGCCGAGGCGCTGCGATCGCACTGCTGTCCATTCCCGGGGAGCCGCTACCTTGGAGTGAGCTCGGCCCTGTCTGGCCTGCTCGAAGAGCTTCGTGACGAGGGGTATTGGGATAAACGCCTGGAAACGGTTGAGCTCCTGCTCAACCTACCAGGCGGTATTGCGCCTCATCGTGGCCCCTGTTGAGCGTCGGTAAAGGCTTGCACAGGGCCACAGCGGGTCGGTCGAGCGCAGGCCCGTCACGAAAGACATTACACCCTTCCCTACGAGGGCTCGCTCGACCGACGGCCTCGTCCCGAGCAGGTCCGCGAGCGTCGGCTGCTTAGATTATCGCCATGGAGATACCCGACCGCGCGGTACTGGGGCAGTTCGCACGAGAGCGTCACGTGCACTACGACGTCGAGCGCGAGGTGATCGAAGGCGAGCAGCGCGAGGTCGTCGGATTCCGGGTCCGGCTCTTCGCCGCGCACGGTAAGTCGGGGCCGGGGACGCCGATGTGCCCGAAGTGCATCGAGCTGCTCCGCGAGCTGCAGTCGTTCGTGGAACGGCTTGTCCGCACGAGCGAGGTGGCGAGCCGCACGGAGATAGTTCCCGCGACGCCGACGCTGTACGAGTCCGCGGAAGACCGGACCGAGGACGAGGTAGCGCTCACGGTGCACGTCCGCTGCCAGTCACCCGAACACCGGCAGCCGGGGGCGGGCGAGGACCTCTGCCTGCGCGACGTCCGGGAGCGCCTGGACGCAGTCGGCGTTCCCCGGCGCTGAGCAACGGACAGGGAGAGGGCACAGTCGGGAGTCAGTAGAGCTTGTTCAAGCGTACCCTGTACTCGAACTCGGCCTCCTCGTTCGGGGATGCGGTGAGCAACTCCACGGGGAGGATCATGAGCTGGCCCGAGGCGAGGGAAGACGCCAGTGACCGCGACACCCCTTTGGGCGGGTGATGCCAGCCCTCGACCAGCCACCGGGTCTTGAGCTCCTCCTTGTTCCGCATCACCTCGGGCGGGGGCGGTTCCAGCTCTCCCAGGGAGGCGGGCACCACCTTGAGCACGAAGGCATCGAAGAGGCGGTTGCCGGAGCTCTCCGCGAGCCGCGACCCGAGAAGGGCGCCCGTGCGGGAGTGGCGCAGCTCCAGTTGGACCGTGAGGAGCGCGCCGCGTTTCTCCAGCGCATCGAGCGTCTCGAGCGCCTGTGCGGAGGCGATCATCCCCTTGGCGGCGGCCTCGTCGCGGAAGCGCGCCGCGAGTTGCTCGCTGTGCAGGGGCGTCGTGGATGGGGGCGTGATGCCCGGGCCTCCGGTCTTGCCGTACTGCTCGGCGGCCTCCGTGTAGTTCTTCAGCAGGCCCGCGATGGGATTGTTGACGCCGAGCTCCTTGGGCTTGCCACCGGGGGTGTGCCCGAGGGACTCCGCGAGCGAGTCCCGCATACCGCCCAGATAGGGATGGCCTCCGGTGCCCTGGGCGCGCACCCCGGCCGTGTCGTCATCGGCCCAGTCCTGCAACCGGGCGGTGAGCCGTTCGGATGCCTCCTCGTTGGACTCCGGCCGCAGCTCGGGATCGCCCGGGCGCAACGTCCGCCCGCGGGGCTCCGGCGCCACGGCCAGGGAGCCCGTCGAGGCAGGCGCTTGCATCCATGAGGGCAAGAGGATGGGTGCACGGCGTACCTCCGCCACATCCGCCGGGTCCGCTGTTCCCGCGGCGGGAGGCTCCGGCGGCTTCATCATGGGCTCTGGAGGGGGAGGTGGGCTCTTGGCGACGGCGGGGCCCGCCTTCTTCTGCTGGAGCCTGGTGCGCGGGATGGGCGGGGGCCTGCTTCCGGGAGTCGTTGGTGGAGTCGTGGGAACGGAGGCCGGTGCCTCGCGGAATTCCACTTCCACGGCGTGCGACGTCGTCGACATGGGCCGCACCGGCGTCGAGGACGGTTCCGTCGACCACAGCCAGACTCCGAGCAGCAGGTGCAGGAGCACCGACAGGAGGAGGGGTGCGAGGAACCTGTTGCGGGAAGCCGGCGAACTCATGACGGAGAGCCATACTCTCTCCCCTGGGAGTGAGCTGACAAGGGTGAATCATTCGCGCTTTTCAGTAATAGATTCCCGGAGTTCAGTGGGCGCGCAGAGGCGTGACGTGGCTGCGATGGAGGGCACGTGCGCTCGGAGTTCCGGGAGGAGTGGGCGGCGAGGGCTGTGGCTTTTTCTGGCTGCTGGCGGAGTGCCATCCGCTCGAGTCCCTCGTCAGAACTCGATGACGATGTTGACCCGGCCGGGCAGGTCCTCTACCTGGGCTGGATCGGAGCCTTACGAAGCTGCGCTGGAGGGCGGAGCGTGACCGCCAGAAGATGCATAGACGCCTACAGCATCTGCTGTTGCGCATCGGCCACTGCCCGCTCTGCCTGCGTCACGTCGACCGTCGTGCCCCTCCTCTTGGCCCTTCTCGCATCTGACAAGGTAGTATGATGAGCGAACAGTCTTGGCAATCTCTGATTCAAATCGCATCAAACCCTGGGACACCATGAATACGTCCACCCCGTCCGGCACATTTACTAAGATCACAAGTCGCGACACTCTGCCTTCCATCGAGTCCCCAGAGACAGATACTCTTGATTGGAAGGCACGGGTTGACTCATCTAATCTGATCGAACTTGCGAAGGACATGGCAGCATTCGCAAATGCATCAGGAGGATGCATAGTCGTCGGCGTCCAAGAGAGGCGCAACAACAGGCCAGCGGGATATGCTTTTCTTGCTCAAAATGATGCACGAGAACTAGCTCGTTCGTATCAGGAGGCCGCCCGCAACTACATTTCTCCCGCCGTAATCATCGAGACCGCTCTGATTGAGCACGAAAGGGATGGCAGTAATCAGTGGCTCTTGGCAGTAAATATCAGTCCAACTGAAGCCATTTTTTGTG
NZ_CP137851.1_gap121	5478319	5481694	3375	GGCGCCAAAGTTCCCCGAACCGGACCGGGTGGACGTGCGCGCCAGGACAACCGCCACCTGACTTTCGGCATGGGGGCACACTTCTGCCTGGGCGCACCGCTGGGGCGGTTGGAGGCACAGCTCGCGCTCGGCACGTTGCTGCGCTGGTTCCCGGGCCTGAAGCGCTCGGAGGCGCACCGGACGGAGAACCTCTCGCTCCGAGGCTTCGAGTCCCTGCTCGTCAAGCTGGCGTGACACGGCCTGGCGTCACACCTCCAGCCTGGAGCCACTCTCTCTTTCAGCAGAGAAGGGGGAGACAGATGAATTCGCTACTCGGGGTCCTCGGAACGTTGTTCTTCATGTTCCTCATCCTGGCCGCCACGGTGGAGGTCATCCTGGAGCTGTTCCGGGGTACCCTGGAACGGTTCGGGATTACCTGGGCCAAGGGGAAGGTGTCGCTCGACGACTCGCTCAAGCTCGCCTCCGAGTTCGCCCCGAACAACACCGAGCTCAACACCCGGCTCCAGGCCGTCCGCTCCGCCGCCGAGCAGATCAAGGACAAGGTCCCGGCCGAGATGACCCGGCTGGCCACGCTCGAGCAGAAGCTCACCGCGGTCGACGCGGCGGGGGTGAACGCCATCGCGGGCGAGCTCAATGGGGTGGCGGCCTCCATCAAGGTCCAGTTGGAGCAGAGCGAGCGCCAGCGCATCTTCATCCTGCGCGCGCTCGCGGCCGTCGTGGGATGCCTGCTCGCCTGGAGGGTCAACTTCTACGTCTTCCAGATTCTCGCCTCGTCTCCCGAGGCGAAGGACTGGCTGAGCACCTTGAAGGGCTTGCAGTCGGTTTGGCTCAACGTGCTCGTGGGTGGCCTGGCAGCCGCGGCGGGTAGCTCCTACTGGCACGACCAGCTCGACAAGATTCGCAACCTCAAGTCCGCCGTGGCGGGGCTCAAGTAGTGTCTCGAGGGCTTTCACGGGGACACCTCGGCCACGTTCTTCATCGGCGAGGTGTCCGCGGAGGCGCGGCACGTGGTGGACGTGGCGCGGCGGTGCCTGGTGGCGAAGCGCTATGACACCTGACACCCAGCCTAGTCTCGTCGTATCTCGAAGGCGGAGGTGACGTAGCCAGCGTCGGTCTGGAGGAAGGTAATGCTCTCCCCGTTCTTCGTGACGAACATGTCGAAGTGCGCAGTGACTCCGAGGTTGTCGGTGAGCGTCGCGGTGCCGCTACAATCGGGCTTGAGGGTGTAGGTGCCAGTGTAGGTGATGCGCGTGATCTCACCATTGGTACTGACGGCCGCCGAACCGGTAAAGGTCCCGTCCCCTCGGAAGGCATCACCACCGGCCTGTGCGAAGGGAATCCGGTCGGACCCCGTCACGATGTACCCATTGTTCGCATAGACGTAGGTGCCCTTCAGCACGCTCGGCCTGCATTGGGAATTCGTCGAAGTCTCCGCCGCGAGAGCCCCGCCAGCTGCCTCGTGCGCAAGTCCCAGGAGACCGGCCGCGAGGACACTTCCCATGACGTACCATTGGAGTCGCTTCATGCACACCCTCCTTCGTTTCGGGCCATCACGGCCCGATGCACTGTGGGACGGAGAGTGTGCCCGGCCCGGGTTATCGCAAATCAGACCTGGGTAGGCCTCGGCCGTGCAGTGATGGATTATGGTGGCTCGAAGGCGGGGAGATTATGCTCCACGGCATGCGCGTACTTGCCCTTCTTTCCTTGCTCCTCGGTGTCTCCGCTCGCGCGGAAGCGCCACGGGATGACCTCCTCCAACGCCTGGGCGAGGCGGAGGAGCGGAAGCTGGCCATCCCCGGCTGCCGCACCGTGGAGAGCTCGGTCACGGAGGAACTGGACAAGGAGGGCAAGGTGAAGGGACGGCTGACCCGCAGCTACGAGGTCACCCGCTCCGGAACCACGGTGGTTGCACGCAAGCGCCTCTCCCAGAAGGAAGAGGGGGACCTGAGCCGCCAGCTCAAGGAGGAGCCGAAGGACCCGCCGAAGGACGAGGACGACAAGGCGAGGCTGTCCCCGTTCCATCCGCGGGCCAGGGCGGATTACCGCTTCGAATCCACACCGGGCCCGAGCGAGGGGCTCGTGACCGTGAAGTTCGCCCCCTTGAAGCCGGACAAGAAGCGGATGAAGGGACAGGCGGTGGTGGATGCGCGGGCCGGGAAGGTGATGAACCTGCGCATTTCCCCCTCCGACATGCCTCCCATGTTGGATGAGCTCCAGATGGACTTTCTGGCCTACACGGAGACCCCGTGCGAGCGGCAGCCCACGCGGATGAACATCGCCGCCTCGGGCGGAGTCCTCCTCTACAAGGTGCGCTTTCGTACGGAGGTGACAGTGACCGGACACCAGAAGGTGGACGCGCCGGGCTCCGCGACCGGAGCGCGCTGACGGGTGTCTGCCCTCCGGAGATGCATCTAGTCAGCAGCAGCTGGTGCTTTGGCTCTGGATGCCAACAGCTCGCTCGCCGCACACGTTGGCAATGCATCGGGTTCGACACCATGACTGCGCAGGTAGGTCATGCCCCATTCGCGCAGCGTGAGCAGTACCGGCGCCAATGAGCGACCGAACGGCGTGAGTTCGTACTCGACCTTCGGCGGCACCTGCGGATAGACGCGGCGCACGATGACGCCGTCGTCCTCCAGCTCGCGCAGCTGCAGCGTGAGCATGCGTTGTGTGGCCTTCGGGATGCGCCGCGTGATTTCCATGAAGCGCAGCGTGCCGCCCATCAGGTGGAACAGGATCTGAGGCTTCCACAGCCCGCCGATCACCGAGACCGTGGCTTCCACAGGGCAACCGCTTTTGGGGTCATGGCGCTTGGACCGCATACGTACACCCTTGGTAGTAACGTGGCTTTCACAGGGCAACCGCTTGGGGGTCATGGCGTTTGGCCCGCATACGTACATTCTTGACAGTACCTATCATTATTGTGCCTTCTTGTGGCTTTGTAGGTACCCGTGAGACTGGGGCTTCCACCGGAGGCCCCATGCGCGCACTGCTGACAGAGAAGACCGAGGCCGGGCTGTCGACGACCCTCACCGACCTTGATCCCTCCGAGCTCGGCGAAGGCAACGTCACCGTCCGGGTCGAATGGTCGACGGTGAACTACAAGGACGCGCTCGCGCTTTCAGGTCGCGGCGAGATCATCAAGACGCTGCCGCTGGTAGGCGGTATCGACCTCGCGGGCACCGTCGAGTCGTCGGAGGACGCCCGGTTCGCGCCGGGCGACCGCGTGCTCGTCAACGGCTGGGACCTGAGCCAGACGCACCACGGCGGCTACGCCGAGAAGGCGCGCGTGCCGGCCAACTGGCTCGTACCCGTGCCCGACGCCTTCAGCACGCGCGATGCCATGGCGATCGGGACGGCCGGCTACAGCGCGAT
NZ_CP137851.1_gap122	5642727	5646865	4138	CTGGCCATCGCTCAGCACCACCTCGGCGAGCGTCACTTCGCGGAAGCGGGCGTGTGACTCCAGTACGTGGCGCACCGCCACCCGCGCCTTGTCGACACCGAAGGGCAGCAGTACGCCATCGAAGCGCTCGGGGTCCGGGTTGACGCCGACGATGGGTTGCGAGCCCACGTACTTGGCCACGTTGGCCACCAGGCCGTCCTGGCCCACCGTCACCACCAGTTCCTTGCCGGTGAAGAGGAAGGTGGGCACCAGCGAGCGGTCCACCTGCTGCACCGGCAGGCCGAGCTCCAGCAGCTTGTGCAACGCGTCGAGCGAGCGGCGGTAGGTGTCATCCTCCCGCGCGTAGTCCTCGAAGTCCTGGCCGGCGTGCTCCAGGTAGAAGCGCGCCTGCGAGCGCGTGTTGAAGCGCTCCACCAGCTCGGCGAGCCTCGTCTTGCGGGTGACGAGGACGATCTTCTCGTACTCAGCCATGGCGGCCCTGGTTGCCGGACGGAGCCGAGAGCAGCGAGCGCAGCAGGTCCGGGGACACGTTCAGCTCGCCGATCTTCCCCGCGTTCTCGGCCATCTCGCGGAAGGCGAGCGCGATGTTCAGCTTGGGATCATTTCCGCCGCCAGCCGCCGCCATGAGCACCTTCCAGTCCATGTCCCGCACCGGGGCGAGCGTCTTCTCCAGCGCGTAGGCCCTGGCCTCGGCGGCCTTGCGCTCGTTCTCGCTCCAGCGCTCCATGAAGGAGGCACGCTGCTCCTCCACGGCGATGTCCGCGGCGATCTGCGCCTCGCGGATCTGCCGCTTGCCGGCCTCCACGGACAGCTCGGTGGCGATCTCGCTCTCCTTGATGCGCCGCTCCTGCTCCACGGCGGCGTTGCGGCGAGCGTAGATGGCCTCGTCCGCGCGCCGCTGGAGGGCCTCGCGGGCATCGGCCTCGAGGGCTCGAGCCATCTCCGGGGTGGGACGGGCCGAGAGCAGCGAGAAGCCCTGCACCTCCACGCCCAGCATTCGCACCGCCTCCGTCTCCCGGAGCGCCGCGAGCACCTTGCCCTCGATGGTGGCCGCCTGCACGAGCACCTCGCGTAGGGGCATGGACTGCACCACCGTGCGGGCGCGCACCTGGGCGATCTGGACGAGCCGCTCTTCGAGCTTCGAGGGGTCTTCCGAGGCGTACTCGCCCGAGGGCTTCACCGAGTAGTCGAGCAGCCCGGCGAGCAGCTTGGGGTCGGCGACGCGGTAGGTGAGTTGCCCCTGGAGGGTAACGGCCTGGAAGTCCTGGGTGACCTCGTTGAAGGCGAAGGGCACGTCCGAGCTGGCGAGCGGCACGGCGACCACGGTGGTGGTGGGTGCCCAGTAGAAGAAGGAGAGGCCCGGCCCCTCCCGCTTTACCCGCCCATCCTTGAACTGCATGACGTACGTCGTCGGAGGCGCCTTCATGTACCGGATGCTCATGGCCGGACTCTTTCTGTCTTCGTGTTTCGTTGACACCATCATAGTGTCCATATGACACGAATGCAACATTGGATGGAGCCGTGGATGCTCCCTCTCCCTTTGGGAGAGGGCTGGGGTGAGGGTCTTCCCTACAATATAGGTGGCTCGTGGGGCTGACTCGATTACGCACCTGACCTGACGACCTGTCAGCCATCTGATCGGAGGGAGTTGACTCCTGGAGTCATCTCCGGGCAAACCACTTCAGAGGAGAGTTGTCGAGAACGTCAGGAGTAGGCTTTGGCGCGTTCAGAAGAGAGTCTCGAAGAGCTTGTTGAAGCCTTCGCCCACCATGGGGCGGCACAGACCGATGCGATTTTTCGTGGAGATGCCAGGACAGGCAACAAGCACGCCAGAATGCGCTACACCACGTTCGACAAGCTGCGTGCCCGTGGGGACGCTGGACGGGATGCGCTCGCAGTGCTTTTCAAACACCCGCGCATGGATGTTCGCGCCATGGCTGCGGCGTACCTGCTTCGGCACCGTGCAGAAGAAGCGAGAACTGTGCTGCTGGAGATATCAAGAGGAGAAGGATTCGCTGCGTTCATGGCGTCGGAGGCCCTGAAGCGGTGGGTGGAGGGAGTCTGGTCCTTGGATCCTGCCGAAGTTGATACCGGCGATGGGATGAATGGGCAACGCTGCCGAACTCCTAAAAAGAAGCGCAATGATTTATCTGCTGGCCAGCCCGGATGGATCCAGCCCATGAAGAAAGCGCGGTTGAAGAAACTCCCGATAGAACAATTGGTTGAAATGACCAGGACCATTTCCGCCGAGAGGATGCGTGCCATCTATGCAGGCAAGTCCAAGGACGGAAATCGCATGTTCGATCTTCTCATCGCGATTCACAGGGAGTTGCAAGCAAGAGGTGTAGAAGCGCAGCTGTGTTTATTGGTATTGCTCGATGATCCAGACCCGGCCACTCGTTGCTGGGCTGCGACAGCGGTCATGGAGTTTGCGCCCAAAGAAGGTGAACGGGTGCTTACCGACCTCGCAAGAAATGCAGGTGGTCTGGTTGGCTTTTCGGCGGAGTGGACGCTGGAGGATTGGAGGGCGGGAACTTTGAAGCCACTGTGAGGAGGAGTTCTGACGTGGAGACCGGTCTGGCGTAAGGTACCGCCATGGATCGTCTCCTCCGAGGAGCGAAACGGATGTTGCTCCTGGTGCTGGTCACGGTGGTCATCGCGTACGTGGGCATCTGCCTGCTGGTGTTCCTCTATCAGCGGCACATGGTGTTCCCGGTGCCTCCAGGGGCTCGTGAGCCCTCACTGCCTGGAGCCACGCTCCTGCGCATCCCGGGCCCCGCGGGCTCGATGGTCTACGCGTTCCATGTACCCGCTCCGACGGGGGCGCCGACCGTGGTGCACTTCCACGGCAATGGCGAGCAGCTCGCGGATGGAGCATGGCTGGCGCAGCGCTTCCAGGAAGCGGGGCTCGGCTTCTACGCGGTGGAGTACCCGGGCTACGGGCTCGCGGCGGCGCAGGGGCCCTCCGAGAGCGGCATCTACGCTGCGGCGGAGACCGCGCTGGAGCACCTGCATCAGCAAATGGGCGTTCCTCGCGAGCGCACGGTGCTGCAGGGACAATCACTCGGTTCGGGCGTGGCGGTCGAGATGGCGAAGCGGGGCCACGGCTCGCGGCTGGTGCTCATCACGCCCTACACCTCCATCGTGGAACTGGGGGCGAGGCTTTTTTCGTGGCTGCCCGCGAGCCTGCTCGTGAAGGATCCGTTCGACAACGCGGCCAAGGCCCCCGGGCTGAAGCTGCCGGTGCTCATCGTCCACGGGACGCGGGATGAGGTCGTTCCCGTGGACATGGGGCAGACGCTGGGAACCTTGTTCCCGAATGCCACCGTGCGCCTGCTCGAAGGCAAGCGCCACAATGATGTGCTCGATCAACCCGCCACTCTTCAAGAGCTGGTGCGGTTCGCACAGGGTGGTTCGTAGCCACCCTCGCGGGGAAGACGGTCAAGACACCAGCAGCCGCGCGTCGTCCAGGTCCATGTCGGCGATCAGGTCCACGCCGTTGCGCATGAGCCGCCGCGCCGCCGCCATGGTCTTCGGGCCGTGTCCATTGTCCAGGCACCACTGCGCGTGCTCCACCAGCAGCGCCAGCTCGTACGTGCGGCCCAGTGTCAGTGAGAACCGCCTCGCCCCGGCCTCCACTCCCGCCGGGTTCTCCATCGCCTTCATCACCCACGCCCGCGCCTTCTCCAGCGAGTCCTGCGCCGCCGCCACGCATGGCCTCAGCCCCGCGTCCTTCGCCGCTCCCAGCCGTCGCTCCGCGTCCATGTACAAGGCCTCCAGCGCGCCGCCCTTCGCCATCGCCCTCAGCGTGTCCAGCGAGAGCACGTTCGTCGTCCCCTCCCAGATGGACAGCACCTGCGCGTCCGCCAGCAGCCTCGGCAGCCCCGTGTCCTCCACGTAGCCCGCTCCGCCGAAGCTCTCCACCGCCTCCGACGTCACGTGCACCACCTGTCTCCCCGTTGTCAGCTTCGCCAACGGCGTCACCAGCCGCTGCAACAGCAACTCCTCCTCCGTCGCCGTCCTCGCCTCCATCTTCCCCAGCAGCTCCACCGCCCGGAACGCCAGCAGGAACCCACCGTGGAACTCGGCCTCCAGCCCCGCCAGCGTGTCCACGTGCAGCGGCTTCTCCGCCAACGGC
NZ_CP137851.1_gap123	5651329	5655779	4450	CGCGTTGCGCACCCGCGCCACCTCCCGGTAGTGCAGCCCGCGCGCCTCCAGCTCGCCCAGCAGCACCGGCAACACGTCCAGGTGCAGCGCCTCCGCCGGCCGCGTGCCTCCGAAGATCGCGTCCCCCGGCGACTGCCGCCGCACCTGCGTCACCTGCTGCAGTCCGATCAGGTGCGGCCGCGCGTATTGGATCTCCTCCGCCAGCTTGCGCGCCCGCGCCAGGACGTCCTCCTGCCGCAGTGCATCGAGCAGCTCCGCGGCGCGCACCGGCTCCTCCGCGAGCGGACCCTCCAGCACCTGCTCCAGGTGACGCCCACCCGACAGGCCGCGCGTCATCACCGTGAGGGATCCCCGATCGAAGAGCTCGGACGTGGAGCGCTCCTCCCGTCCGTCCACCACCCGGGGCAGCGTCGCCACCTGACAGGCGCCGAGCGCCACCATCCACAGCCCCACCGCGATGCCGTACTTCATCTGTGACTCCCCCCCGGACCGACCCCGCCCCGAGCAACCCTCGCCCGCGTCCGACCGCGGCGGACCACCCCGATGAGATAGGCCGCTCTTGCTCGGACGCCAGGGGACCGAGCCCCTTCTTCCACCCGGGCGACCACCATTGAGCACGTCGAGGTCGCACAAACGTTGGACACGTGGCAATAATGCGGGCCGTCCGCCCGCTGCACGGACGGCCCATGGTGCCCCCTTGCGCCTCCCAACCCTCCCCCGCGCGGAGCGAACGAGGGTAGGCTTCCGTCCAACGGAGAGTGGTTCTCCCCGGTTCGGGCGCTCGTGGTGGACCGGAAGGGCCTCGATCTAGCAATCTTCTGTTCCTTTAGAATCCGCTCCTGCCTCCATGCGCTTTCTCCTCCTCAGTCGCGACGGTGACCACCCCATCGGGGCGGAGCTCTCCCGGATGGGACATGAGGTGGTGGTCGCCTCGGGCCCCGAGGTCACCGCCGCCACCATCTCCCTGGTGGATGTGCTGGTCGTCGGAGCCGAACAGGTCCGCGAGAAGTCCGATTGGTTCAACCGGCTGCGCGCGCAGATCCGCGCCGCCGAGGTGTCCGTGCTCGGCATGGCCGACGGCCTCTCGGAGGAGGACATCGCCCCGCTGATGGAGATCGGCGTGGACGACTACCTGGTCGCGCCCTTCAACCCGGTGGACGTGCGCGCCCGCATCGCCCTCTTCGAGCGCCGCTGCTACGCCTTCATGCGCCGGCAGTCCCACGAGGAGTCCGCGCGCGGGGAGATCGAGCGGCTGGCCGCCATCATCCAGACGCAGAACGACATCGCGCTGGCGGGGTTGGATCTGGACGTGGTGATGCGGCTCATCGCCGAGCGGGCGATGATCCTCTGCGGCGCGGGTGGCGCGGCCGTGGGCATCATCGAGGGCGAGGAGATGTACTACCGGGTCTGCACGGGCTACTCGAAGCAGTTCGAGGGCGCGCGCCTGCCCATCGCCAACACCATGGCCGGCAGCAGCGTGCTGCGCGGCGAGGTGATGCGCACCGACGACACCGAGCGGGATCCTCGCGCCAACGTGGCCGCGGCGCGCCGGCTCAAGGTGCGCTCCATGCTGAACGTGCCCCTCAAGCGCGACAACCAGACGGTGGGCGTGCTGAGCATCGCCTCGCAGGTGCCGTTCGCCTTCGTGGACTCGGACGAGCGCACGCTGGAGTTGATGGCCGGACTGCTCGGGGCCGCCATGGGCAACGCCGCCGAGCACGCGGCGAAGCAGGCGCTGATGACGGAGGTGGCCTCCATCGTCACCGCGCTCCAGGAGAGCCAGCACCTCTTCGACTCCTTCCTCAACAACAACCCGGCGCTCGCGTACATGAAGGACGAGGCGGGCCGGCGCGTCTTCGTCAACGAGCCCTTCCGGCGCTTCTTCGGCCTGGCGCCCGGCGTGGACGTGAGCACCATCCCCGACGAGCAGCTCATGCCGGCGGAGACGGTGGCCCACCTGCGCGAGCAGGACGAGCAGGCCTTCAAGTCCGGCCAGCCCTCGGTCTCCGAGAGCATGATGCCCACGCCGGAGGGCGAGCCGCGCCAGTTCCTCACCTACCGCTTCATCGCCCGCGACAGCTCGGGCCGGCGCTTCCTCGGAGGCGTGTCCTTCGATATCACCGAGCGCAAGGCGGCGGAGGAGGCCCTGCGCCGCTCCGAGGAGAGCTTCCGCGCCCTCATCGAGGGCTCGCCCGAGGCCATCTTCGTGCACCGTGGCGGGCCGCTGCTCTACGTCAACCCGTCCGCGTCCTCCTTCCTGCGGCTCAAGTCCAGCGAGCTGGTGGGCCGCTCGCTGCTGGACTTCGTACACCCGGAGGATCGCGGCGCCGCCGCCGGCACGCTCGATGGGTTGCCCGGCCGGGGCGCCTCCAACCGTGTGCGGGAGATCCGCTTCCTGCCTCCCGGCGGCGGTCTGCTCACGGCGGAGATCAGCAGCCTGCGGCTCGTCTTCGCCGGCCAGCCCGCAACGCTGGTGAGTGCGCGCGACCTGACCGAGCGCAAGCAGATCCAGGCGCGCCTCGTCGTCGCCGACCGGTTGGCCTCGGTGGGTACGCTCGCCGCAGGCGTGGCGCACGAGATCAACAACCCGCTGGCCTTCGTCATCTCCAACCTGTCGTTCCTCTCGGAGGAGCTGCAGACCATCAACCCGCTGCTGCCCGAGGGGCGGCTCGGCGAGGTGGAGGAGGTGCTCCGGGAGACGAACGAGGGCGTCAACCGCGTGCGCCTCATCGTCCAGGATCTGAAGACGTTCTCTCGCGGCGACGAGGAGCAGCCCACGGCGGTGGATCTGCGGCGCGTCATCGATTCGGCGCTGATGCTGGCCCGAGGCGAGCTGCGCCACCGCGCCAACGTGGTGAGGGAAGTGTCCTCCGATGTGCCGCTGGTGGAGGGCAGTGAGGCCCGGTTCGGCCAGGTGGTGCTCAACCTGCTCATCAACGCCGCCCACGCCATCAACGCCGGCCAGCCGGACAAGAACGAGATCCGCGTCACCCTGCGCGCGGAGAGCAACCACGCCATCATCGAGGTGAAGGACACCGGGAGTGGCATGGCCCGCGAGGTGATGGATCGCATCTTCGATCCGTTCTTCACCACCAAGCCGGTGGGAGAGGGCACGGGGCTCGGACTGTCCATCTGCCACGGCATCATCACCGGCTTTGGCGGGGAGATCACCGCCCACAGCGAGGTGGGCCGGGGCAGCACCTTCCGCATCAGCCTGCCCGCCATCCGCAAGAAGCTGAAGACGGCGTAGGGCGCCTCAGCGCGAGGCGTGGCGGAAGAGCGGGAAGAAGTCCCGAGGCGCTTTCTTCTTTCGCACGCAGCGGGTGTCCGCGCTCAGGTAGCAGGCCGAGAAGCCCCGCCGCCGCTGGCCCGTGCGGCTCTGCCCCGAGCGGTGCCACACGTAGTTGTGGAGGAGCAGGACTTCCCCGGCCTCCACCGGCAGCGGCACCGCGAGCCGGTCCGCCCCTCGCGCCGCCACTTGATCCGGCGGCACCACGCCCCCGAGCGCCGTGGCCAGCCCCCAGCGGTGGCTCCCCGGCACCACCTCCACGCAACCCCCGTCCAGGGGTGCGTCGTCCAGCGCCGTCCACAGTTGCAACTCGGGATCCTTCGTGAGGCCCCACAGCTTGCCGCCGTCCTGGTGCCAGGGCAGCTCGCTGCCACCTCGCTGGCCCTTGTGGAAGAGGATGGCCCGGTAGAGGCAGATGTCCCCGGGGATGAGCGTCCGGGCGAGGCGCTCGAAGAGCGGGTTCTCCATCCACTCGAGGAAGCGCGGATCCTTCTCCAGCTTCTCCAGCTTGCGGTAGTCCAGCGACGGCCCCTGCCAGCCGAGCCCCAGTGGCGCGTCCTCGTAGCGGCCCGTGGGCGCGTCCATCTGCCAGAAGAAGCCCGGGTAGCTCACCCGGCCCATCATCAGATCGTCCGCGCGCTCGCGCAGCGCCTCCAGGCCCTCGGGGGCGAGCAGCCGGCCCAGGCGTGCGTAGCCGTGCTCGGCGTAGTGCGCCAGCGGCCCGGCCAGGTCGAACGTCTCCACATCCACCGCCAACATGCTCACCTCGCGTACGTGGCGTCCGTGCCCAGCCACTCCCGGGAGAGCTCGTCCACGCGCGAGGCCACCTCCGGGGGCAGCGGCTTCGCGCAGGCGTCCAGCGCCGTGTCCAGGTGCTCCACCGTCGCCGGACCGGCCAGCACCGAGTCCACCCCGGGCCGGCCCGCCAGCCACGCGTAGGCGAGCTCCACCAGCGTGAGGCCCGCGGCTTCCGCCACCTCGCGCAGGCGCACGGCCTGCTCCAGGAGGCGCTCGGACCAGTAGCGGCGCTGGTAGATGCGGTTGCCGTCGAAGCGGGAGCCGGAGGGGATGGTGCCGCCCGGCACATGGCGTCCGGAGAGCAGCCCTCCGGCCAGCGGGTTGTAGACGGTGGTGTGGATGGGGTAGCGCCTCGTGAAGGGC
NZ_CP137851.1_gap124	5658776	5659504	728	CCCGGGGCGCGAGCCTCGTCTGGTCTCCGCGCTCCAACATGGCCCTCTACGGAGACACCGCCCAGGTGGCCATCCACAAGCGGATGGGCGTCAACGTCGCGCTGGGCACGGACTGGTTGACCACCGGCTCGATGAACCTGTTGCGCGAATTGCGCTGCGCGGACTACCTCAACAGCGCCTACTACAACGCCACCTTCAGCGATGCCGAGCTGTGGTCCCTGGTCACCCGCAACGCGGCCCGGGCCACGCGGACCTCGTCGAAGATCGGTGACCTGAGCCCTGGAAGGATCGCGGACATCGCCATCTTCCGGCTCAACGCCTTCGAGCACTCGCCGCACCGCGCCGTCATCGCCGCCAATCCCGAGGACGTGGTCCTCACCCTGCGCGGAGGCAAGCCGCTCTATGGCGACTCGGTGCTGGTCGAGGCGCTCGGTGCCACCGGATGCGATGCGCTCGAGGTGTGCGGGGCCTCTCGCCGGGTATGCCTCCAGTCGGAGACCTCGGAGTCGCTCGCCTCCCTCCAGAGCCAGAATCCGGGTGCCTACCCGCTCTTCTTCTGCTCCACGGCTCCTTCCGACGAGCCCCCGTGCACGCCGAGCCGCGCGTCCACCGATTCGCGCTTCCCCGGCTCCGTGAATGGCTCGACGTCGTACTCGGGCATTCCCGAGCTCCATGACATCGACGGCGATGGCGTGCCCGATACCCTCGACAACTGCCCCCACTTCTTC
NZ_CP137851.1_gap125	5690809	5695664	4855	GCCCGGCCATGGTCATCCTGGGCAACGCGGGCGAGGGCACGGGCATGGTGCTGGCACGGCGGGCCTGGAAGCTGTTCGCGCTGGCCGGAGGGCTCACGGTGGCCTCGGCCTGGGTGCTCGCGGGTTGAGGCAATCTGCCCCTCGGGGGTGCTTTGCCCCAAAGGGGGCGCTCCGGGGCGCTGTTACCGACCGTAACAAAGGTTACGAATCCACACTGGATGCGGTGCGACAGCGTGGGTCGGTCAGAGTGTGGGCTCTATGGTACGGACGTTGCGTTCGCAGCGTCCAGGCACCCATTGACCCCAACCCCAGGGAAGCCATGAAGAATGCTCGACTTGCCGTACTGATCGTCTCGGGGGGACTCTGCTCGGCCACCACCGCACTGGCCCAGACCCCCACCCCCGGCACGGGTGACGCCACCCCGCCGTCCGCCACGCAGCCCGCCCCGACTCCGACGCCGCCCCCGGCTGCCCCGCCAGCCCCCGCCGCCGACAACAACGACGAGAACATCTTCCGGTTCTACGGCATCCTCACCCCGCGCTTCGTGGCGGCCACCGGGGCGATGGAGTCCTTCAGCCAGCCCAACGAGTCCGCCGTCACCGCCGCGGGCAACCCCGTCTTCTCCAACTTCCCGGACGAGGCCCGTCATACCTTCCAGGTGGCGCAGTCACGCCTGGGCTTCTGGCTCAACGAGAAGGGACCCCTGAGGGCTCAGGTCGAGATCGACTTCATCGACTTCACCAAGGCCACGCCCACCGTGGCCAGCCTGCCCCGGCTGCGCATCGCGCACGTGGACTACACCATCGCTCCTGGCCACAGCGTGTCCCTGGGGCAGGACTGGGATCTGCACGCCCCCATCAATCCGCACGGCATCAACCTGGTGGGCGGGCTCTTCCAGTCGGGCAACAGCGGCTTCATGCGCCAGCAGTTCAAATACTTCTACACCACGCCGAGCTTCGAGCTGGGCGCGGCGGTGGGCTTTCCCGCTCCCAACGTCACGCCCAAGGACGCGGGCTTCGAGATTGGTGCCCTGCCCACCCTGGCGGTGCGAGGCACCTACAAGTTCGGCAAGAGCCGGGTCGGTGCTTCGGCGATCGCCACGCGGATTCCCTTCAACTTCAGGGCCGCGGACGAGCGCTACGCCGCCGCTTTCGGCACCACGCTCTTCTCCGAGCTGGCGCCTTCCGACAACACCAACATCCGGGTGGAGCTCAACTTCGGGCAGAACACCGCCAACCTGGGCGTGCTGTCACTGGCGCAGGGCCGTGCCGCCACGGACGTGCAGGAGATCGGCGGCTACGTCTCGGTCCGCCAGGTGCTGACGGGGATTCATGCCGTCTACGGCATGGCGGGCTATCAGAAGGTGCTCGATCCCTCGAAGGTGGTGCCCAGCTACGACACGCCCGCCTCGGGTGTCGCCACCCTGTCGGGCACCGGTCCGGGCATGCTGCACAACGGCACGGTGCGCGTGGGCTATGAGATCAAACCCAACCGCCGGCTTGCCTTCGTGCTGGAGGGCTTCCTCTTCCAGTCGCACCACCGGCTGCAGGCGGCGGACGTGCCGAATTTCGAGGCGGAGCGCACCTCTCTGGGCATCGAGACGGGCGCCGTCCTGACCTTCTGAGGCAGAGGCCTGCCCGGGTCATGCACCCAGGTCCGCGCCCAGGGGCTCTCGATCCTGCATCGAGACCACCTCGGGGGTGGGCTGCTGCTCGGGGAGCATGGGAAGGCGGACGCGCACGTGGGTGCCCTCGCCCTCCCGGCTCTCCAACTCCACCCGGCCTTCGTGGAGCAGGAGGATGCCTCGTGAGAGGTACAGCCCCAGGCCCATTCCACCGCGGTCATGGGGCGTCCCCGCATGGGGGCGGTAGAAACGCTCGAAGAGCCGCTCCCGCTGCTCCTCCGAGATGCCAATGCCCTCGTCCCGGATGGAGATTTCCACCTCCTCTCCCTCCACATGGAGGGAGACCTCCACGGGGCTTCCCGCGGCCGAGTAGCGCGCGGCGTTGTCCATCAGCTCGGTGAGCACCTGCACCAGCCGCGACCGATCGCCAAGCACCCACGCGTCCGGTCCCGGGCGCATGTGGATGGGGTGGCTCGGATGGTGGGCGGCGGTGCTCGCGGCGGCTGCTTCCACCAGCGCGCGCAGACGCAGCTCCTTTTTCTCGAAGTGCAACCGGCCGAGCTGGAGCTGGGAGGCATCCAGCAACGTGCGCACCACGCGGTCCATCCGGTCCGCGCCCCGGCTGATGCCCTCGAGCAACCGGCGCAGGGCGGGGGCCGGATGCGCCGTCCGGCAGGCGAGCTGGGCGAAGGACTTCATCACCGCCAGGGGCGTCTTCAACTCGTGCGCGGCCATCTTCACGAACTCGCTCTGGAGGCGCTCCAATTCGACGGCCTGGGTGATGTCGCGCGACACCGTCACGGCGGCCACGACACGGCCCGACTCGTCCCGGATGGGGGCGGCGTTCACCCGCAGGATGCGTTTCCGGTTCTGCGGGGGCTGGGTGATGACGAGCTCGGAGTCGTTCACCTGCTCTCCCCTCAAGGCCCGGGCGAGGGGCAGGGTGTCGAAGGCCAGCTCCTGCCCATCCACCCCCTGGGGGGGATGCGCCCAATACGAGGTGTCGAGGTCACTGCCCGCGGATGAGGCTTTCCCGAAGAGCGTCAGCGCGGCCCGGTTGGCGAGGGTGACTCGTCCCTCGGTGCCGACCACGACGACTGCCTCGACCATGCTCTCGATGATGGTCTGGAGTTCCGCCGAGCGCCGCTGGACCTGGGCGAGCAGCCGCAGCCGCTCCTCCTCCTGGCGCTGGCGTTCGGCGAGCGTGCGGATCAGGGCCCGGGTCCTCTCCGAGCGGGCCATGACGATGCCGCTCGCTCCCAACCCCATCCAGAGCAGCACGCCCAGGGCCACCAGGAACGCCCGCTGGCGGCGGACGTCCGAGAAGAGCGTGTCTTCCTTCGTCGAGGCGAACACCTTCCAGCCGGAATTCGGGACGCTCACCTGGGTGGTCCACCATCCTCGGTCCAATCCGTGCGCGTGCTCCCACGTTCCCAGGTCCTCGAGTGTGAGCTCGGCCAGGCTGCGCGGGGAGCGTCCGTGCCCGCGTGCCCAGGTGAGGAGCTCCTCCCCTCTCGGGTGCGCGATGAGCATGCCGTGGGGGCTGACGAGATAGAGGGACTCCGTGGGGGAGACGTTGGCCTGACGGACCACGTCTCCCACCATGGGGAGGATGAGATCCACGCTCACGACTCCCCGCTGCCGGCCCTGGTCGTCGAAGAAGGCCCGCGTCAGGGACACGTACGTCTGTCCCATGTCGAAGTAGGGCTCGGTGATGGAGATCTGCTCGCCCCGCAGCCATGCCTGCCGGTACCAGTCCTGGCGGGGGTAGTCATAGGCGGCGGTGGACCATTGGTAGGAGAGGACCTGGTCCTGGTGGATGTAGGGGCCCATGTAGTGCACGCCGGGCGCGAACTGGCCGGGCTCGAACCACACCCCGAGCCCATGGATCACGTGCTTCGGAGCGGAGGCCAGCATCCGGTGGAGCAGCGCCTCGACCTCCTGTCGCTCCCGGAGGGGACCCGCGAGCGAGGCCAGGGAGTCGAGGAGCTGCTCCGCGGCGTGGAGTTGGGAGCCGAGCCCGGAAGCCAACTCGCGGGCGCGAACTGTCTGTTGGGCAAGGGCCTCCTGCTCCTGGCCGTGAAGCGCTCTCTGGGCGAACACGAGCAGGCCACCGGTGAGCGCCACGCCCAGTCCCACGACCAGCAGCAGGGCGAGCGAGGGCAACCAGCGTGCCGCTGTCTGGCGGCGATATCCCTCCTGGTGTTCACCTCGTGGCGATGGCGTCCCTCCGGCTCTTCCTTCATGGATGAGGGGGGGTGGGGGGACTGCCAAGGGGGCGGCCCGGTCCGCCCGTTCGTGCGCCATGTGTCCGGGCATCGGGGTTACCCCTCGTCCGTGAAGCCGTACTTCTCATGCATCCAGGCGTGCCCGGGCCCTTTGTCTCCCATGGGGTACCGAGGGAGGGCCAGGTGGCGATTCAGCATGACGTGTATCCTTTCCCTGCTGTAAAGAATCCGCGTCATGACGAAACCAGCGGCCAACCGGGTTCGAGAGCTGCGTGACGCTCGGGGTCTCTCGCAACTTGCCCTTGCCGCCGCGGCGGAACTCACACGGCAGAGCGTGGGGGCCATCGAGGCCGGGCGTGCGATGCCGGGGGTGGACGTCGCGCTCCGGCTTGCCCTGGCACTCGACTGCACGGTGGAAGAATTGTTCAGTGGGTCGAGTGGGGAATCGGTGGTCGTGACCGAACCATTCGCGGGTCCGCTCTCCGGCCGGGTGGCGCTCGCCCACCTCGCGGGCCGCTGGGTGTCGTACCCGCTCGTTGGCAACGGAATGCGCACCTCCGCGGATGGGCTCGCCGCGCGTACCACGGGCCATGGCCGGCTCCAGGTGGAGCCCGTCCGGCCCCTCGCCGAGGCGCGGGAGAACATCATCGTGATGGGGTGTGCCGCCGCCCTGGGTCTGCTGGCGGACCGGCTCAATTCGCGTCCCGGACCCGGTAGGTTCCTCTGGCTGGCGAGCTCGAGCACACGGGCGCTCGAGTCATTGGCGAGGTCCCAGGCCCATGTCGCTGGTGTTCATCTCGTGGACTCGCGTACGGGTGAAGCCAACGTGGCCGATGTCCAGCGTCATGCCAGGCGTGAGCCCATCGAGCTCGTGACACTCGCGCGCTGGGAGGAGGGCCTGCTCACCGCCCCAGGCAATCCGAAGAAGCTTCGCCGGGTCGCGGATCTCGGGCGTCGCGGCCTGCGTCTGGTCACGCGTGAGCCAGGCGCGGGTGCCCGGCGT
NZ_CP137851.1_gap126	5847966	5849286	1320	CTATATCGCGACGGTGCGCGTCGTCATTGCGTGGTGTGAGCTGCGCGCCGACTTCCGAATCTTCCGCACCGACCAGCTGACATCGGTCGACTTCCGCGACGAGCGCTATCCCGAACACCCCGTCACCCTGCGCCGCCGCTGGCTGGCGATGATGAAAGAGAAGCAGCAGGCCATTGCGCATGTCCGCACCCAGGATGCCGATCGCGCCTGACCGTTCACTCCGGGTATAGGCTGTGGGCATGAACCGTCTGCCGCCCGGTCCAGGGAACAACCTCCTCGTCACGCTGAAGTATCTGCGCGATCCCTACGCGACCCTGCTCGAGACCGCACGGCGGTACGGAGACACATTCGCGTGGCCGGGCTTCGCCGGGAAGATGGTGGTCACCGGACATCCCGAGGGTGTCCGGACGCTGTTCACGGCCGACCCCGATACCTACCTCGCGCTCGGTGCGGAGCTCCTCGCTCCCATCCTCGGCGAGAGCAATCTCATCCTGCTCAGCGGCGAGCGCCACCGGGCCATGCGCAAGCTCCAGCTGCCGCCCTTTCATGGCGCGCGCATGCGGGCCTATGGGCAGCTGATGCTCGACGTCGCACGGGAGCACGCCGCCCGGTGGACGCGCGGCCGGCCCATCCCGGTCCATCGGACCATGCAGGAGATCTCCCTTCAGATCATCCTCGAGGCGGTCCTCGGCCTCCGGGAGCCGGCGGAGCGGGAGACCTTCAAGGCGGAGGTGCTGTCGGTCATCGCGGCGCTCAAGCCGTCCTTCATGTTCATCAAGGCGCTGCGCCGTCCGTTGCTGGGCCTGAGTGCCTGGGCGCGCTTCCAGCGGAAGCGGGCGGACATCACCGCGCTGTTCGCGGGCGTGGTGCGCGCGCGCCGGGCCTCGGCGGAGCCGCGCGAGGACATCCTGAGCCTGCTTCTCTCCGCCCGCTATGACGACGGCCGCGCGCTCACCGACGACGAGCTGCTGACGCAGATGCTCAACCTGATCGTCGCCGGCCACGAGACCACCGCGAGCTCCCTGGCCTGGGCCTTCCAGCTCATCCACCGTGATCCGGCGGTGAAGGCGCGGCTGGTGGAGGAGGTGAGGGGCCTGCCGGAGCCACTCGACCCGGAGTCCGTCTCGCGCCTGCCCTACCTGGAGGCGGTCTGCTCCGAGGTGCTGCGTCTCAACCCCGTGGCTCCCCTCATCGGCCGGACGCTGCGCGAGGGCCTCACGCTCCGGGGCTACGAGCTGCCACCCGGAATGGATGTGGGGATTTCCATCCTCCAGGTCCACCGGAGTCCCGATCTCTACCCGGAGCCCGAGCGCTTCCGCC
NZ_CP137851.1_gap127	5852535	5855229	2694	CGCGACTTCACCGTGGTGGACGTGGTGGCTCCGGACCGCGTGGGCCTCCTGCACGCCATCTCCTCGGCCCTCACCCGCGCGGGCGCTGGGATTGCCCTCGCCAAGGTGGCCACCGAGGCCCACCGCGCCGTGGACTCGTTCTACATCACCCGCCAGGGGACCCGGATCGAGGGCCCGGGCGATGAGGCGGCGCTGGTGGAGGCGATCACCTCCGCCCTGGACGCACTGGAGCGCGAGGGCGCGGAGGTCCGGAGCTGAGGGGGCTCGCGGTGGGGAGCACGGGGACGGATACCCTCACCCCGACCCTCTCCCGGAGGGCGAGGGAGTGGGACCACGGGCTGCGCTCATAGGACCTCGGGCCGCGCTCATGGGCCCGCGGGTGGAAGTTCCTGGACGGTCGACAGCGCGGGCCGGATCCCCGACTGGCCCTTCGTTCTCAGGGGCTGGTTCCGGGGAGGCCGGGAGCTGGCCCCGGCCTCTTCCGGCTCGTCGGCCGGGGTGTCCTCGCTGATCTCCCGGAAGATGCGGCGGCCGAGCAGCGCGCCCAGCCCCAGCGACACCACCATCCCCACGCCGGACACCACCGTCATCACCGTGCGCCCCTGCGCCAGTCCACTGCCGAACTGAGCCGTGAGGAAGGTGCCCGGGATGGTGCCCAGCAGCACCCCCATCGCCAGCGGCCAGAAGCGCGCCTTGGCCGCCGTCGCCGCCGCGATCATCACGTCCGTGGGCAGCAGCGGGTTGATGCACGCCAGCAGCGCGAACTTGAAGCCGTGCCGCCTCGCCGCCCGGGTAATCGCCGGGTAGCGGCTGCCCGCCATGCGCTTCATCAACCGCGTCCCCAGCCAGCGCGACAGCCCGAAGATGAGCAGCGTCGCCAGGAAGCTGCCCAGCAGTGAATAGATCGTCGCCGCCAGGGTCCCGAAGATCATCCCCCCCACCGCGGTGAACACCTGGCCTGGCAGCAGCGTCACCGGCCGCACCGCCAGGAAGAACACGAAGGCCACTGGCGCCCACTTCCCCATGGGCGCCAGGAAGGCGGTCAGGTCCTTCTGGTTGATGAAGTCCGGGCCCAGCAGCCTCAGCAGCGTGAGCCCCCCAATGGAGGCCAGCACCGGCGCCAGCACCTTCAGCCAGCCCTTGAGACCCATTCCTTCGTCGCCACCCCCGTTCACGCCGTCCTCCCACTCTCGGTTGGCGGGAAAGGTGTGCCAGCGGACGGGAATCGGCAACACGCGCTGGTGTGTTGTTGACACTGAAGCGTCCGGGCGGGCAGGCCGTAGTCACGCCCGCCGGGACAGCGTGAGGCCCCAACCCCGCGTCATTCCTGGGGAACTCCGGGGTTCTGTCCACTGCGAACGGCTGGCGGTGTACGGAGCTTGCTTGCATCGGGGCGCTTCCGTCCCAAGTTTTGGGGCAAGGGGCACCCTGGCGGGGATGGGGAGAACGTAGGAGGAGAGACGACATGCAGCAGGACAAAGACAACAAGGGCAGCATGACGGTGGCCGAGGCGGGGCGGAAGGGCGGAGAGACCGTTCGCAACGAGAGGGGCCGGGAGTTCTACGAGACGATCGGCCGCAAGGGCGGAGCGACGGTGAAGGCCGAGAGAGGCCGCTCCTTCTACGAGGAGATCGGCCGCAAGGGCGGCGAGACCGTGAAGGCCGAGCGCGGGGCGAAGTTCTACGAGGAGATCGGCAAGAAGGGCGGAGACCGGGTGAAGGCCACCCGGGGACCGAACTTCTACGAGGAGATCGGCCGCAAGGGCGGCCAGAAGGTGAAGAAGCTGATCGAGGAGGGCAAGCGGGCGGCCCGGGCGGCGCAGGAGGCGGCGGCCGGTGGGACCCCGGCGGCCCCGGCGGCACCGGCGGAGGAGCCCACAGCATCTGCCTCGCCTCCGTCCGGCGAGCCGGGCCCAGGCCGCACCGAGTAGCACGTGACGCAAGGGCCGCGGACCGGATAGACACGGGTCGTGTACCTCTTCCTCGCGTTCCTCGACCACGCGGACCAACCTGAGCGGGCCATCCGACGGCTCCGGGATTTCGGTATCCCGGAGCCGTTGGTCGTGCGGGCCCGAAGCGCCGCGGCCACGCTCTCGGCCGAAGTACCCATCTTCGCCGGCCTGCGCAGCCTCGCGCTCGGGGCGGACGAGGATCGGCTCGTGCTGGTGAGCCTCCTGCCGTCCCAGTCGGCCGAGGAGGTGGATCGGCTCGTGCAGCGCGTCCAGTTGGAGATGGATGCGGACGATCCCCCGATGGGACGGCTGGTGGCCCTGCCGGTGATCGCCGCCCCCATGCATCGCCGGGAGTGACGAAGCGCCACGGGCGGTGTAATCACTGTCTCCGTGCAGGCGCTGCTCGTCTTCCTCGCCATCGCGGCACTCTCCTTGCTGGCCTCGAGCCGGACGGTGTTGGACCTTGGCCGTTTCCCGGCCGTGGCGCACCTGGCGGCCAGCGGGCTGCTCTTCCTCGCCTGTGGGACGCTGATGGGGCCGGGCTCCCTGGGGGTGCTCTCCTGGAGCGATCTGACGACCCTGCGGCCGGTGCTGGCCCTGGGGCTCGGGGTGGCGGGGGTGATCATCGGCCTCAACCTGGAGCCCCGGCTGCTGCGGCTGCTGCCCCGGGAGGTGTACGCGGCGGCGCTCGCTCATGCCGGCACGGCCTTCTTGTGGGTGGCCCTGCCCCTGGCCGGTCCGCT
NZ_CP137851.1_gap128	5864207	5867616	3409	ACGCGCGACGCCGCCATGGCCTACGTGTCGCTCGGCCTGGATCCGAAGAAGGCCGTCCTCTTCCGGCAGAGCGACGTGCGCGAGGTGCTCGAGCTCTACTGGATCCTCGGCACCGTGGTGCCGCACGCCCACCTCGAGCGCGCCCACAGCTACAAGGACAAGATCGCCAAGGGCATCAGCCCGGACTTCGGCCTCTTCGCCTACCCGGTGCTCATGGCCGCGGACATCCTGCTCTACAGCCCGGACTACGTGCCGGTGGGCAAGGATCAGATCCAGCACATCGAGTTCGCTCGCGACTGGGCGGTGAAGTTCAACCTCACCTACGTGCCCGGCTACGATCCGCAGGACCCCGAGGGCAAGGAGAAGGGTCACGCCCCCGGCATCCTCAAGCTGCCCGAGGCCCGCGTCCAGGAGAGCACCGCCACGGTGCCGGGCGTGGACGGACAGAAGATGTCCAAGTCCTACGGCAACACCATCGAGCTCTTCGGAGAAGAGAAGGAGATCAAGAAGCGCATCATGGGCATCAAGACGGACTCCACGCCCGTCGAGGCGCCCAAGCCCACCGAGAACGCCCCCTTGTACGATCTGCTCAAGCTGATGCTGCCCGAGCAGCGCTTCCCGGAGGTGGATGCCTCCTGGCGCGCGGGTGGCAAGGGCTACGGCGAGTACAAGAAGCTGCTCCTCGAGGCCTACCACGACACCTTCGGTCCGGCACGCAAGCGCTATGACGAGCTCAAGCGCGATCCCGCCGAGCTCGAGCGCATCCTCCAGGATGGCGCCGAGCGCGCTCGTGCCGAGGCCTCCCAGCTCATGCTGCGGATCCGCCGCGCCGTGGGCGTTCCCTGAGCGCGTGAAGGACGTCTGGTGAGCGCAGGCCGTCGCAGCGCCCCTCCCACCGAGGAGACCCTCGAGGCAGACGTGCCCCGCAGTCCGGGCGACGCGTTCCGCGTCGCCTTGCCCAATTTCGAGGGACCGCTCGACCTGCTGCTCCACCTCATCAAGGAGCACCGGCTCGACATCTTCGACATCCCCCTGGCGCTCATCACCGAGAAGTACCTCGAGCACCTGGAGCGGATGCGGGAGATCAACCTCGACATCGCCGGCGAGTTCCTGGTGATGGCCGCCACGCTGGCGCACCTCAAGAGCCGCATGCTCCTGCCGCGCCAGGACACCGCCGAGCAGACGGCGGACGCGGTCGCCGAGCTGCAGCAGGAGGACGCCGGAGATCCACGCGCCGAGCTGGTGCGCCGCCTGCTCGAGTACCAGAAGTACAAGGACGCCGCCGAGCAGCTCGCCAAGCAGGACATCCTGGATCGCGACGTCTTCCCGCGCCGGGTGCCCGTGGAGGCCGTGCCCATCCCCGAGGAGGAGGTGGGCCTGCAGGAGTTCTCCGTCCTCAAGCTGATTGAAGCGCTCGATCGGGTATTGGAGCGCCTGGCGCCCAAGCTGCAGCACGAGGTGGTGCGCGAGAAGGTGAGCATCTCCGAGGCCATCATGCGCATCGCCGAGCGCCTGAAGGCCCAGGGAGCGTGTACCTTCGAGAGTCTGTTCGATGAGCATCGTACGCGTCAGGAGCTGGTGATCACCTTCCTGGCCATCCTGGAGATGGTGAAGCGGCGGTTGCTCAAGGTGAGCCAGGAAGCCCCCCTGGCCGACATTATGCTCACGCCCAACGGGGATGCCCTGGAGCGGCTGGTCCCCACGGAGGTGGATGAGAGTGAGTACCGGTAACAACGGTCCCGAGGACACCGGAGGCAAGCCCCCGCGCTCCTCCGGCGGCCCCAGCCCCTTCACCGAGGAGGAGATCGCCGCCGTCACCGGCCCCGGTGACGAGGACGAGCTGGAGGACTCCGAGGTCGCGACGATCGAGGCCGACGAGGTCCCCGACCTCCAGTCGTCCTTCGAGAAGCTCGTCGTCAAGAGCCGCAACCTCTCCCCGGAGCGCATCCGCACCGTGGTGGAGAGCGTGCTCTTCGTGGCCGAGAAGCCGTTGGATCTGGATCAGCTCTTCGAGGCCACGGGCATCGACCGCGAGAAGATCCAGGAGGCGCTCAACCTCATCTCCGGCGTCCACCGCGACGGCATCAGCGGGATCGTCCTGTACGAGGTGTCCGGCGGCTGGCAGTTCCGCACGGATCCGCACTCGGGCGAGTACGTGCGGCGCTACCTGCGCGTGAAGCCCCAGCGCCTCACCCGCGCCGCCGTGGAGACGCTGGCCATCATCGCCTACCGCCAGCCCGTCACCCGCCCGGAGATCGAGGACATCCGCGGCGTGGACTGCGGCGCCGTCATCAAGGCGCTGCTGGATCGCAAGCTGATCAAGATCCTCGGCAAGAAGGAGGAGGTGGGCCGGCCCATGCTGTACGGGACGACCCGCGAGTTCCTCGAGTTCTTCGCCCTGAAGGACCTGTCCGCCCTGCCCACGCTGCGCGAGTTCCACGAGCTGACGCAGGAGCACCAGGAGATCGTCGAGAAGGAGCGGCCCTCGGCTCCGGTTGCCGCCGGCACCGTGGAGATGCTGGCGGATCCGGACTTCCAGAAGCGCATGGACAAGAGCGTGGCGGCGTCGGAGGCCGCGCTCGAGGAGCTGGAGCAGGCCATGGACGCCGCGGACAAGACGCAGAAGGCCGCCTCCAGCGTCCTGAACCCGACCCCCCCACCACCCCCCGAGGCACCCCCCGAGGGTGAAAAGGGGCCAGAGCCCGCTTGACGGGGGGACGAAGAAGTGGAAGGTGGCGGGAATGGCGTCTGAACGTTTGCAGAAGTACCTGGCCCGCGCTGGCGTGGCCTCTCGGCGGCACGCGGAAGAACTCATCACCGACGGCCGTATCACGGTGAACAACCAGAAGGTGACCGAGCTGGGCTCCAAGGTGTCCCCGGGAGACCTGGTGACGGTGGACGGCAAGCTCGTCTCGCCGCCGGAGGAGTCCACCTACTACTTGCTGTACAAGCCGGTGGGCGTCGTGACGACGCTCTCGGATCCGCAGGGGCGGCCCACGGTGGCCAACTACATCGAGGAGACCGGCAAGCGGCTCTTCCCGGTGGGTCGGCTGGACTACGACGCCGAAGGGGCGCTGCTCGTCACGGACGACGGGGCGCTGGCGCACAAGCTGACGCACCCGAGCTTCCAGGTGCCGCGCACGTACCTGGCGAAGGTGAAGGGCTCGCCGGATGCGGCCACGCTGGAGAAGCTGCGCGGCGGCGTGCGGCTGGAGGACGGCATGGCCACGCCGCTGTCCGTGGACGTCTTCGAGCAGGCCGAGCGCAACACCTGGCTGAAGATTGTGGTGGCAGAGGGCCGCCCGCACCTCATCAAGCGGCTGTGCGCCGCGGTGGGGGCCCCGGTGGTGCGGCTGTACCGGCCCTCCTACGCGGGCATCACCGTCGAGGGCCTGCGCCCGGGCGAGAT
NZ_CP137851.1_gap129	5872866	5877460	4594	GTCCCTGGCCCGGCTGCGCGAGGGCGAGCTGTTCGGCGAGATGTCCCTGCTACAGAAGACACCCGCCAACGCCACCGTGACGGCCGCGCGCAACACCTCGCTGCTGCGGCTGCCTCGCGAGGACTTTGACACCCTCATCCTCACCCATCCGCAGATCCTCGCGCTCGTCTCCGAGCTGATCGAGGCCCGCCAGCGCAGCAACGAGGCCCTCCTCGGAGGGCAGGAGAAAGTCACTGGCGAGACGCTGGAGCCACACGAGGAGCTGGTGCTGTTCTGAAGCCTGCTCCCTCGGGGGGAGAGTGTGCGTCCCTTGACGCCGTGCGTTGGGGGGAAGCGGAAAAATGCTGTATGTGTGAGGAATGGCGCGAATCTCATTCCTCGCATTGCTGGTGCTGCTCACAGGGGGTTGTGCTTCGCAGCGGCTCGCGGGCGCGGCCCTGGATCGCGTGTCGAGGCCCGCGTTCATCTCCCGGATCGAGCTCGAGGCGGGCCCGCACAGCCTCGTGTTCCGCGAGGACAGCGCCTACAAGGACAAGCTCAAGAAGCTGGAGCCGAAGGAGGCGGATCGTCGGCTGCAGGCGAAGCTGACCGGAGCGGTGTCCCGCTTCGAGGTCTCCGAGCGCCTGCGGGTGAATACGTTCCGGCAGCTCCCCGAGGAGCGGCCGTGGGTGGACGCGTTGGATCCGGCGCGGGTGGCGACGATGCTGGAGAGCTTCCTGGTGGAGGAGGTGCCGGCGAACGCCCCGGACTATGACTTGCTGACGCGGCTGGGGGCGGACTCGGTGGTGGAGTTCGTCATCCAGGACTACGGAATGCGCAGCGTGAAGGGGCATTCGGGCGCGTACATGCGGGGCTATGCGCGCATGTTCAAGATCAACGGGCGGGCGGAGATCTGGCGCCGTCCCTTCCTGGTGGACCGGGTGGCCGAGGGCGCCGAGCACATGGATCCCTTCAAGGTGGGGAAGGATCCCTCGCTGTTCCGCCATGAGCTGACGGCGATGCTGGACGTGGTCGCCGAGCAGTTCGCCGAGGAGCTGCGTCCGCCGGATCGCAAGCCGGGCGGGCCTCCGCCGCCGGAGACGGGTGACAGTGTCCACTCCACGGGCCGTGAGCTGCCGGCCCCCCCGAAGCCCACAGATCCCGAGCTGGCGCCCGGCGAGCTGCCGGATCCGGATCCGTAGTCGCTCATCATTCAGTTCAGTGAAGTGAGCGAAGATCTCCCCTCGCCCCCCGGGAGAGGGTCAGGGTGAGGGGGCCTGTCCCGGTTCTCCAACCCGTGGCCCACGGTGTGGACAGTGGGTTCAACCCGGGTGCATCCGAAACCCTCACCCCGTCCCTCTCCCGGGGGGCGAGGGGAAATGGCCGCGTGTCAGCGCATGTTGCCAGCGGCACACCTTCGCGGACCTATCTGAAGCAGCTCAGAAGATGGCGTGCTCCGCGAGGAGCACCGCGAGCCCCAACACGAAGCTGACGAGCGTGATGGGGAGGCCCACGCGCAGGTAGCCGAGGAAGCTGAGCTCGGCCTTGCCGCGGGCGGCCTCGAAGACGATGAGATTGGCCACGCTGCCCACCAGCGTGAGATTGCCAGCCAGCGTGGAGCCGAGTGCCAGCACGTGCCAGCCGAGCACGGGATCATGCAGCGTGGGTACCCAGGCGCGCGCCAGCATGACGAAGGGCACGTTGCTGAAGAGGTTGGAGGCCACGAGCGTCAGCCCGGCGAAGCCGAGCGTCTCGCGCCAGGGTGGCCCGGACATGAAGGGCGAGAAGACGCGGTAGATGTCATCCGCCCAGCCGGCCTTGTTGACGCCGTAGACGACCACGAAGAGGCAGGCGAAGAAGAGCAGCAGGACGTAGTCCACGCGCTCGATGGCCTGTCGGGGCGGGGCGCGGCGGGAGAGCGTCATCACCACCGCGGCGCCGGCCAGGGCGCTCCAGCTCATGGGCAGGCCGATGAAGAAGGCGGCGACCACGCCCACGAGCGTGGCGAGCGTGAGCCCGAGCAGCGGCCGGTCCACGGGAGGCGGAGGCGGGTGCGTGTCGAAGCGCTCGTGGGAGAGCTGCTTGCGGAAGACGAAGAGGAGCCCGGCGATGACCACGCCGGTGGAGAGCACGGCCGGCAGCGCCATGTAGGCCACGAACTGCGCATAGGGCAGCCCGGAGGCGCCCTGGATGAGCATGTTCTGGGGGTTGCCGGTGAAGGTGGCCACCGAGCCCGAGTTGGAGGCCATGCAGACGGCCAGCAGGTACGGGATGGGAGGCAGGCGCGCGTCCTCGACGACCACCAGCACCAGCGGGGTGAGCATCAGACAGATGGTGTCGTTGACGAGGAAGGCGGAGAGGAAGGCGCTGGTGCAGGCCACGGCCACGAGCAGCAGCCGGGGTGTGTGGGCTTTCTTCAGCGCCCAGGCACCGGCCGCGCGGAAGAAGGCGGCCTGCGAGAGGTAGTCCGCCATCAGCATCATCCCCAGCAGGAGCACGAGCGTGTCCATGTCCACGGCGTGCCGGGAGGGATCCGAGCTGTAGTTGAAGACCTCGGAGGGGGCGACGACACCGGCCACCACCATGAGGACGGCGCCCACGAGCGCGCCTCCGGGGCGATCCAGCCTGGGAAAGGGGAGGCGGATACCGGCGATGAAGACGTAGGTGAACAGGAAGATGGCGAGGGCCAAGGCGGGCGGACAGTACCCGAAAGCCTTCTGCTAGGCTGCGTGGACTTTCTCGGAGGGGGAGAGGGGTATGGCAGGCACCGACCGCCACGACGCACCGGTGGAGCTCGACGGAAGCGAGGGCGAGGGGGGAGGGCAGATCCTCCGCTCGGCGCTCTCTCTGTCGCTCATCACCGGGAGGCCCTTCCACATGAGGAACGTGAGGGCCAACCGCCAGCCGCCGGGGTTGAGGCCGCAGCACCTCGCCTGTGTGCGGGGCGCGGAGGCCATCAGCGGGAGACGGAGCGAGGGCGCGGCGGTGGGGGCCTCGGAGCTGCGCTTCGAGCCGGGGCCGGTACGCCCGGGTGACTACGTGTTGGAGGTGGGAACGGCGGGCAGCACGCCGCTGCTCTTCCAGTGCCTCTTCTACCCACTGGCGCTGGCGGGGGGCGGTTCGCTCACCCTGCGCGGGGGAACGCACCTGCCGCACAGCCCCAGCTATCACTACGTCGTGGGCGTGTGGCTGCCGGTGGTGAAGGCCTACGGGCTGAACGCCGCGCTGCGCCTGGTGCACGCGGGCTTCTACCCACAGGGAGCGGGAGAGTTCATCGCCGAGGTGGAGCCGGCGCGGGATCCACCAGACCGGGTGGAGCTGCCCTCCCGAGGGACGCTGGGGGACATCGCGGTGGGCTCGTTCGTGGGCGGATTGCCCTTCGGCATCGCGGAGCGGCAGTCCAAGGCGGCGGTGGCGGCCTTGCGCGAGCGGGGCATCTACAGCCACGCGGAGAACCGGCCGCTGCCGGTGACGCACTCGGTGGGCACGGTGACGTTCATCCTGGCGCAGTTCGAGAACACCATCGCCGGCTTCACGGCCCTGGGGAAGCGGGGGCTTCCGGCGGAGGACGTGGGGCGTGAGGCGGCGGAAGAGGTGGCGCGCTTCATGGAGAGTGGGGGCGCATTGGACGAGCACCTCGGAGATCAAATCCTCCTGCCCGCGGCGCTGCTGGCGGCGGGGAAGCTGGGCGCCTCCTCTCCGGGAACGACGCGCTACACGACGGCGCGGGTGACGGATCACCTCACCACGCACGCGTGGCTCATCGAGCGCTTCCTGCCCGTGCGCGTCACGGTGGAGCCGGGAGGCGCGGTCGAGGTCGCTCCGGCCTGAGCGCGGGCCCCGGCTGCCACGTCAGGCCCCATTGGCGGGCCCGACCCCTCCGTGCCACAGTCCCTCCCGATGAGCGCTGCCCTCGATCTCGTCCTGGAAGCCGGAAACATCACCGACACGCGCGCGGACGTGGTGCTGCTCAAGCACGCCCAGAGCTTCTACGGCGCGGATCAGGCCGTGGCCTCGCGGCTCGTCCAGATGGGCATTCCGATGGCGAGCTTCTCGGTGCCCGTCGGGGACCATGTCTTCATCGAGACGCGAGGTGCCATTGGCGCGCCCCTGGCCCTCTTCCTCGGCACCGTGAAGCTGGGGAAGTTCGGCTACCACGAGATCCGCCAGTTCGCGGCCCGGGCGCTCAAGGCGCTCGAGTCGCGCCCGGACATCCGCCACATCGCCTGCACGGTGCATGGCCCCAACTACGGCCTGGATGAGGACGAGGCGGCGCTCGCGCTCGTGGGAGGCCTCGTCGAGGCCTTCATGCGGGGTGCCGGGCCGCAGGGGCTGGAGCGCATCACCGTGGTGGAGCTACAGCAGAAGCGCGCGGATCGGCTGCGCACGGCGTTGGAGCGGGGACTCGGGAAGAGCCCGGGAGTGGAGCCCCTGACGAGCGGTTGGGGCTTCCGCGTCAAGCGCACGAGCCAGCACGTCCAGGCGCCGCCCATGGCCACGGCCGGGGCGCAGTCGCTGGCCAAACCCCACGCCTTCGTCGCCATGCCCTTCGCCACCGAGATGGAGGACGTCTACCACTACGGCATCCTGGGCCCGGTGAAGGCCGCGGGGCTCC
NZ_CP137851.1_gap130	5879783	5881163	1380	TTCTTTCGAGCCCGGTGAGCTCCTGCTCCACAGCTTCGCACGGCCACTCGGGATTTCCGCCAACCTCGCGCTCTCGACCCAATTCCTGGTGACTCATCCCATCCACCTCGATCACCACCGTTTCGACCTGGGGCACGGGAAGGGCGTGGTCGTGAGCGGTGGGCTCGTGGTGGCCATGACCCTGGCCGCGGCTGCTCGGGATCTGTACGAGGTGGTCTGGGAGGAGCTGCTCGCCGCGGACAACCTTCGACCCGTGGCGCCCACCCAGACCGTGGGAGCGCTCTCGTATGTACTCTCGCGGGCACCGGTCGAGGGCATGGACGCGCTCGAGGAGTTGGTGGTGAGGACGCTCGGAGTCCTGGAGCTGACTCCCTCCGCGGAGCTGGCCGACGTACCGCTGCCGCGAGCGCTCTTCACCCTCGAGGGCGAGCGGCCCTCGGCCTACGATGAGTTCTGCCGGCACCACGGGCTTCATGCGCTCGAGGGGCGGGTGGTGTGCGTCGCCACGCGGCGCATCCTGCGCATCCGGGGATAGCAGGGCCGCCCCCCATGCGAGCGGGTGCCCGGTCGCCTGTCCACCAGACAGGCAGGGCGGCCCGGCTGGCTCGGGGGCGTGGGACATCGGGTCGCGGCTTGCGCGGCCCGGTGCCTGCGTTACGTCAGATCAATGACCGACGTATCCCATGTCCAGGTGCCGACGCGCGATTACACGCTGCCCGAGGGGTGCCCCTCGTGTGGTGCGGATCTGCCGGTGCGCGTCTCGGCAGCAGGTACCCACGGTGTCTGCAAGCACTGCGGTTGGTTTGGCCGTCCAATCCTCACGGTGACCCACCAGGGTCTGCGCATCACCTACGAGGGTGCTACCGCCTGAGCTTCCAGCCCGGCGTGGTGCCGCGCGGTGAACAGCAGCGCGAGCGCACTCAGGACATGCCAGGCGGCGTGTCCCTGCATCCAGTGATTGTCCGGGTCACACCACCCCCGCGTCACGTCCGCCACCGAGCACGCCGCCGCCGCGGCCATCAGCCCTACCGCCAGCCAGAAATCCCGGTACGACTCGTGCGGCGCCTTCCGCTGGGACAGGCGCACCTCGGTCCCCACGATCACCAGCACCGCCCCCAGCACCACGAGCTGGTAGGGGAGCCCCGCGAGCCGCATCACCGGCACGAGAAGGGTGCACCCCACCGTCAGCCCGGTGTGGACCGTTCCCACCCGCTCGCGCGGCAACCAGCCGAGGCGATGTAGGTTCAACGCCACCAGCAGGAAGGCGAGTACGTACATCCCCACGAAGTCCAGGAGCTGGGTGGCGAAGTTGTTCGTCGCGTGGAAGGCGAAGGAGAACGCCCCCACGAGCAACGTCGTCCACGCGAAGTGACCCATGAC
NZ_CP137851.1_gap131	5889415	5892274	2859	TGCACCAGTCCGCACAGGAGCCCGTGCACGCCGCGATCAAGCTGGTGGGCCCGGGCGTGCGGCCGTTCTTCGAGGGAGAGGCCGGGCTGCACGTGTGGCAGTCCTCGGGCCGGCTCCCGGAGATCGTCAAGGTCCGCGTCCACGAGGCGAACGCGCCGGCGCCCGCGGAGCTGCTCGCGCTGCACGCCGTGAAGCTCCAGGCTTTCCACCAGGCGCGCCAGGAGGGCGTGCGTCCGCTCCCGGAGGATCCCGAGGCGGCGGCTCCCGTCGTCCGTGCCTACCGCTTCGAGCCGCCTGCCCGTCAGGGGATGGTGTCGGTGCTGGAACTGGATGACTACCTGTTGACCCACAGCGGTAGCCACCGGGTGCGGACTCCCGCAGAGGCCCTGCCGGCCCTGTGGCGGCTGCGAATGAGCGAGCGGGTGACCCCATGAGCGACAAGAGCCTTCGCGTCTACTTCACCACCCACCACGATGGCCGGCTCACCGGGCAGCTCCTGCCGGTCTGGGACAGCTTCTTCGATGAGTCTCCGCCCTCGGCCTACGGAAAGAGCGAGGCGGAGATCTACGCGCTGCTCGAGACCCGCATCCGGTTGATGCTGCTCGAGAACCCCGCCGGGCTCGAGCGGTTCCTCTGGGAGGAAAACCTGGAGGCGCGGACGATCACCGTGGAGATCCATCCGCAGACCGTGCACAAGAAGCGGCCGGTGATCGCCAAGGCGCTGATCCCGCTGAAGCTGACGTATGTCTACGGGAAGCTGGAGAGCGGTGCCTGGCGCATCCGGGTGCCGCGCTTCGGCTGGTCGTTCGTGATCGAGGACCTCTCCATCGCGCGCGAGGTGTTGCAGAACGCGCTCACCACCGTGCTGCTCGGGGAGAAGCCCAAGGGGCTGTACGACTTCCGCCACGAGGGCGCGGAGTACGTGAGCGGCTGGGAGCTCGGCTGGCTGCAGCGGGACAACCGGCGTGGCCCGAGCGAGGAGCGTCCGCCGGAGGTGCTCGAGCAGATCAGTGAGGAGTTGACCTCGCGCGCCCTGGGCGGGAGGCAGCCGGCACTGGTGTACGACGCCGAGTCGATGCGTTCCTGGCTCGCTCACGTGCAGCGTCAGCCACCTCAGTCATTGCTGCTCGTGGGGGGCCCGGGTTCCGGTAAGACGAGCCAGGTGCTGAAGCTCGCGCGGTTGATCGCCGAGCAGCGGCGCGAGGACAAGAATGCGAACCTGCCGAGGATCTGGCGCACCAGCGCCGAGCGCATCGTCGCCGGCATGGTGTACCTGGGCATGTGGCAGGAGCGCTGTCTGAAGATCGTCGACGCGCTCTCGAACGAGAACGACTACCTCTACGTGGATCGGCTCACGTCGATCCTCGCGCCCCAGCCGGACGGCTCGTCCATTGGTGATCTGCTGCTGCCCGCGGCGATGAGCGGGGAGATCTCCCTCATCGCCGAGTGCACCGAGGCCGAGCTCGAGCGCTGCCAGCGGCGTTTCCCGGAGTCGCTGCGGCCCTTCCGCATCATCCGTATCGAGCCTCCGCCGGCCTCGCAGGTGCCGGAGTTGATGCTGCGCTACCAGGCGGCGAAGCGCAGCCGGGTGAGCATCCATGCCCTGGGTTTGAGGCAGCTCGTCGGGCACCTGGAGACGTTCCAGCGCGACAGCCTGTTCCCGGGAAAGGCCTTCCGCTTCCTCGACTGGCTGGAGCAGCAGGGCGAGCCGGGCAAGGCCCGGATGCTCTATCCGCGCGACGCCTCCGAGGCCTACGCGCGCTACACGGGACTGCCGCTCCAGCTCATCAGTGACGAGGTCCCCGCCGAGCAGGCCACGATGGCGGGGCAGTTGCGGCAGGGGGTCATCGGCCAGGATCGCGCCTGCGAGCAGGCGGCGGGTGTCCTGGCGCGCTTCAAGGCGGGGCTCAACGATCCGGAGAAGCCAGTGGGCACGCTGCTCTTCGCCGGGCCCACGGGCGTGGGGAAGACGGAGCTGTCCAAGCAGCTCGCGCGCACGCTCTTCGGCAACGAGGACCGGATGATCCGGCTCGACATGTCCGAGTACATGCAGCCCGGGTCGGCCCAGCGGTTGATGGAGGTGGGCCCTGGCATCACCAGCCTCGCCGAGCGCGTGCGGCAGCAGCCGATGTCCCTGGTGCTCTTCGATGAGCTCGAGAAGGCGCACCCCGAGGTGTTCGATCTGCTGCTCGGCATCCTGGGGGAGGGGAGGCTCACGGACAGTCTCGGGAGGCTGGTGGACTTCCGGATGACGGTGGTGTGCATGACGAGCAACCTCGGCGTCGAGCAGTCGGAACCCACGGGCTTCGGGGCCGAGCGTGGCTCGGAGGACTTCATGCGCGCCATCCGGCTGGCGTTCCGGCCGGAGCTGTTCAACCGCATCGACCACGTCATTCCGTTCCGCCGGCTGTCGGAGGCGGACGTGCTGCGGATTGTCGACCTGGAGTTGGAGAAGGCGGCCTCCCGGGCGGGACTGCTGCGGCGCAGACTCCGGTTGGTGGTGGAGCCGGATGCGCGGGCCTGGCTGGCGCGCCACGGGTACGATCCGAAGCTGGGCGCCCGGCCCTTGAAGCGGCTCATCGAGGCGAAGGTGATGGCGCCCATCGCCGTGAAGCTCTCGGCCGAGGCGGGGTTGGAGGGCGCGATGCTCCCGGTGGTCGTGGCCGGAACGGAAGCCGAGCGGATGCTGCGGCCGGAGTACCGGGCCGTCGCGACGGTGCTCAGGGATTGATGTCGAGCCGTCCCCCCGCTCCGCCATGCGCGCTGTCAGTACCTCCACAGGAGCGGCCCGGAATGGGCCGCTCCCCGTGAGAGGGTCCTTGCTCTCTACTCGCCCTTGGGCGTGGTGGCTCCATCCGC
NZ_CP137851.1_gap132	5894691	5895443	752	GCTGCGCGGGAACGTTGGAGAAGGTGTCCAGTTTGCACGCGGCGTCACAGCCATCCCCGGGGAGCGTGTTGCCATCATCGCACTGCTCACCGGTGGTGCTGTCCACCAGGCCATCACCACACACCTCGCGGCCGCGGCAGTCGGCCCGGCAGCCATCGCCCGCCGTGCGGTTGCCGTCGTCACACACCTCGCCCGGGTCGGTAGTGCCGTCGCCACAGACGGGGGGCTCGGAGATGGTGATGGTCACCGTGGCGGAATTGGAGGTGAGCGAGCCATCGCTGGCTTCGAAGGTGAAACTGTCCTGGCCCGTGAAGCCCGCCGTGGGCGAGTAGGCCAGGGCGGCGCCCGTACCGGACAGGGTTCCATGAGCGGGAGCCGTGGTGGTGAAGGTGAGCGCATCGCCATCCACGTCCGTGGCCACCAGGGTGATGTTGACGCTGGTGTTCCGCAGGGTGGTCAGCGTGATGTTGGAAACCACGGGCGCGTCGTTGACTGGAGTCACCGTCACCGTGACCAGCGCCATGCTGGTGGATGACCCGTCCGTCACGACGTACTCGAAGGCCGCCGTGCCGTTGAAGTTGGCGTTGGGGGTGAAGGTGATGTCCGTGCCGGAGAGCACCACCGTCCCGCCGCTCGGGTTCTGCACCGCGCTGATGGACAGCGTGTCTCCATCCTCGTCGGTGTCATTGGCCAGCAGCATGCTGGCCGCCAGCGTCAGGGGCACGTCCTCGTCCGTCGTCGCCGTGTCGTTG
NZ_CP137851.1_gap133	5896769	5900905	4136	CGTGCACGTAGCAACAGTCCAGGGGACTTCCCCGGCCAGTGGGGGCTCGGACGACTCACCTCGCAAATAAAAACCAACTGCCTGTTTGCTCCGTCAGAAGCAGAGAACTAGCCTCGCCCCCCTCTCGTTCACCGAAGGGGGCTTCATGACGAAGCAGGTGTCGTTCTTCCTCAATGGCAGGGCGGTCACGATCGAGGAGCCATCGCCAGATCTTCTGTTGATCGACTACCTCCGTTCTCCGGAGGTGGGCCTGGCGGGACCGAAGAAGCCTTGCGGCCAGGGCGGCTGCGGCGGCTGCACCGTAATCCTCTCGAACTGGAACGAGAAGAAGAACCGCGCCGAGCATCGCGCCATCAACTCGTGCCTGCGTCCGGTGCTGGCGCTGGAGGGCCTGGTGGTGACGACGGTGGAGGGCACCGGTGCCGCGCGGCGTCCCAACCCCGAGAACCTGAGCCACTCCGCCACCTACTTCCGGACCGCCGTGGTGCCGCAGACGACGCCCCCGCCTCCGCCCTCGCTGGTGAACGCCCAGGAGGAGGCCAACGCCAAGCGCCTCGAGGTGATCAGGAAGGTCAACAAGGCCCGGCCCAAGGCCGCCCTGACGGCGAAGCTGCGCGAGGAGGTGCCGGAGTATCCCTCGGAGTTCTCGCACGAGGGTATCAACCCCGTGGCCCACCGCCTGGCCATCAACAACGGCACGCAGTGCGGCTACTGCACCGTGGGCTTCGTGATGAACATGTCCGAGTTCATCGTGAACAACCCCAAGGCCACCAAGCGGGAAATCGAGGACATCTTCGACGGCAACATCTGCCGGTGCACCGGCTACCGCTCCATCCTCACCGGCATGAAGACCTTCGCCTCCAACTGGACGAAGGAGGACGAAGCGAACCGGATGAAGTGTCTGGGAGATGATGCCGTCCAGTCGCAGCTGCCGACGCCGAACGTGGTGATTCCGTTCCCCTCCGAGGCCCGGGCGCCCGCCAGTGGCGTCTCGCTGGACGACACCTCGCGCCGTTGGTTGACCCCGGCGAGCCTGGCCGAGCTGGCCCGCCTCATGCGCGAGAACCAGCGCAAGAAGGTCCGCCTCGTCCACTCCAATACCTCCTATGGCATCTACAAGGAGGAGTACCTGGAGACGGAGCTCTTCCTGGACGTCCGGTTCATCCCGGAGCTCAACGTGGCGCCCAAGGTGACAGACACCGGGCTGCGCGTCGGGGCGGGCATCAACTACAGCGAGCTCATCCGCGTCCTGGAGAGCACGATGCTCTCGCGCGGCGAGGCGAAGGCCCGGAAGGATGGGGAGACGGACTACCCGGAGACGACACGGCTGGGCGCCACCCGCTTCATGGCGCGGCGGACCGCCGGCCGCATCGTGCGCAATGCCGCGTCGCTCGGCGGCAACTCGATGCTGGTGCTCAAGCACATCGCCGACGGCACCGGTGAGCCGTTCCCCTCGGATGCCTTCACGGCCCTGGCCGCCATCGACGCGGAAATCGAGTTCCTGGACACGCAGCAGGGGGAGGGTGCTCAGCCCCAGCGCGCCACCGTCCAGGCGCTGGTGGAGCGGGTGGCCGCCAGGCCCGCGCTGGCCGGCTCCCTCGTGCTGCTCGCCTACCACCTGCCCTTCGGCAAGCGCAACGAGGTGGTGCTCGCCCAGAAGGTGGCGCTGCGCGACGTGAACGCGCACAGCATCCTCAACGCGACCAGCCGCCTGGGCCTCTCCAAGACGATGGAGGTGGAGATGGCGGTGCTCGTCTTCGGCGGCGTCGCTCCCTATCCGTGGCGCGCCCGGAAGACGGAGAAGGCCCTGCAGGACAAGCCGCTGTCGCTGGCCTCCCTCCCGGCCCTGGCCAAGACCCTGGCCGCCGAGGTGGGCGCCGAGCTCGCGCGCTGGGCCCCGCGCATGAAGGGCCTGCCCTCGGAGGGATTCACGGACGAGTACCGCGTGCAGCTCGCCACGGCCTTCTTCTACAAGGCAGTGGTCAACGCGATGGACGAGCGCGGCGCCGTCGTCCCCCCGGCCATCCGCTCGGCCGGCGAAATCACCTGGGGCCACTGGCCCGTCAGCGACGGCCTCCAGGAGTACGCGATCCAGAACTACAAGGCTCCTGTCTCGCAGCCGTACATCAAGATCACCGCGATGGAGCAGTCCTCCGGGCAGCTGCACTACACCCATGAGCTGCCGGTCCCCCCTCGGACCGTCAATGCCTCCTTCGTCCAGAGCCGGCGGGCGCTCGCCGGCTTCCACTTCGTCCTCCCCGGCGGCGACAAGGCGCGCGAGACGAGCGAGCTGCGCGAGCACCTCTCCAGCCGCTACGAGGGCTTCGTGGACCTCATCACCCGCGAGGTCTTCAAGAACGGGCAGATCAACAAGCAGGGCATGGGCGCCGACCAGCCGATCTTCGCCGAGGGGCGGGTCGACTACGTGGGTCAGTCCCTCGCGCTGGTGCTCGCGGACACCGAGCAGTTGGCCGAGCGCATCGCGCAGTACGTCACCGACACGTGCGTCGCCTACGGCCCGGTCCCGCCACCGGAGGGAGACGGCAGGCCCCTGCCTCCGTGGTGGTCCAAGCCCATCTTGAGCCTGGAGGACGCCATTCGCCTGGGGAGCATCTACCCGGACTGGCCCCAAGCCGCCGCCTTCGTGACCCACGTCTGGAAGGTGACGCGCAATGGCAGCCGGTTTGGCTGGGTCACCCCCAAGAACAAGCCCGAGCAGCAGGTGGACCGGACGATCGTCAACCGGCAGGCGACACTGGATGGCATTCCCTGTCAGGTCGTCGAGAGTACCCAGGCGTGCGGCGGCCAGGTGCACTTCTACATGGAGACGCAGGCGGCCATCGCCGAGCCCCTGGACGGCCGGCGCATGATGGTGCGGCCCTCCACGCAGAGCCCCATGGAGATGCACCAGACCACCGCCATGGCGCTGGGCGCTCGCTACAACAGCATCGACGTGCAGGTGCCCCCGGTGGGCGGCGGCTACGGCGGCAAGACGGAGCAGACCCGCTTCGTGGTGGGAGCGGCGGCCATCGCCGCGCATGAAATCAAACGGCCGGTGCGCCTGGTCCTCTCTCGCGAGCAGGACACGGCGATGATCGGCAAGCGCCACGCCTACTTCTCCCAGTACCAGATCGCCATCGATCGCGGCGACGTGGACTCCAAGGACAAGGGGCGCATCCGCGGCCTGCTCAACAAGATGTGGGGAGACGGCGGCGCGTTCTACGACTGCTCGTTCATCGTCTCCAACTGCATCCAGGCGCGCGGGGACAATGCCTACCGGATCCCCAACTTCGAGACGCAGATCGACGTGTGCCGCACCAACACCGCGCCGAGCACCGCGTTCCGCGCGTTCGGCGACATCCAGGGCAAGCTGATGCTGGAGAACGCCGTGGATGACGCGGCCTACGCCATCGGCATGCTGCCCGAGGACGTGCGGGAGAAGAACCTCTACGAGCGCGGGGACGTGACGCCCTTCGGCCAGGCGCTCCCGTTCTGCTACATCCGCGAGGTCTGGTCCTACCTGAAGCAGAAGTGTGACTACGCGACGAAGCGCCGCGAGGTCGACGAGTTCAACGCGAAGAACCGCTGGCGCAAGCGCGGGCTGGCGGTGATGCCGGTCAAGTACGGCTCGGGCTACAACCTGGTGATGCTGGAGCAGGCCGCCGCGGTCGTCTCGGTGTTCCAGGGCGACGGCAGCATCGTCATCCACCAGGGCGGCGTGGAGATGGGGCAGGGCCTGCTCACGCAGGTCCGGCAGATCGCCGCCTACGTGCTGAACGTGCCCCTGGAGTACATCCAGGTGGAGGCGCCCAAGACGCTCGTGACACCCAACCCGTCCAGCACCGGAGCGTCCACCGGAACGGCCTACAACGGCGAGGCGGTCAAGCGCACGTGCCAGGAGCTCGCCGCGCGCCTGAGGGACTTCGCCTACGAGATGCGCACGGAGCAGGGCAACGATTGGTGCGTGGGCCAGGGCATCGACTTCTGGAACCACGGGCAAGAGGGGTGGATGGCCACGGTGACGGTCAACGGGCAGACCAAGCGCATCTGGCAGTTCCTGGTGGCGCTGGCCTATCAGTACCGGGTGAGCCTGGTGTCCACCTTCACCGCGCCCATCCGGGGCGGTGAGACGCCGG
NZ_CP137851.1_gap134	5947169	5947934	765	GGCGGTGTAGAGGGACGGGCCGAGCGCCAGGTCGATGATGTAGCGGGTGAGGGGGGCCGCGTCGTTCATGCCCGCCAGCCGCCACCAGAGGGTCTGGATGACCTTCTTCTCCTCGCCGGCCTGCCAGGAGAAGGTCACCTCGCCGAGGTTGTTGAAGCCCACGACCTCCTTCCCGCTGCCCCACGGGCCGAGGTAGTCGTCGTGGTTGGCGGCGGCGGCGAGGTAGCGGCCGAGCACCTCGTCCCGGTCATCGGCCGGGTCGAAGTCCTGGATGGGCCGGATGGCACCGGGCGAGGGCCGCGGAGGCAGCGTCGGATCATCCTCGGTGTGCTTGATGAAGGAGACGGTGTACTGCCAGTCGGGGGCGGACTGGATCGTGCGATCCGGCCCGAACTCGCTCATCCCGGGAGTTCCGTGCACGGACCAGGGCCTGAGCTCGAAGCCGCCATCGGTGGGGACCGACCGCTCGCCCACGACGATGCGCTGACCGGTGGGGTTGGCCCAGCCCACGGCGTGCTCATGCGCGGGCAGCCGATCCACCGCGGGGACGTACCCCATCCGATGGAATTTCTCGGTGTTCTTCTCCTGGTTCTTCAGCGCGCTCGCGGTGAGCTGGGCGATCACGCCCTCGGTGGCGCCGCCGGGGCGCCGGAAGGGGGCCGTCGCCGAGTAGCGCACCCGGGCGGCGTAGCCGTAGTGGACGTCTCCGCCCAGGGTGACCACGCGGCGGCGTGGGGGCTCGGTGCTCGCGGTGGGGGTGAGCAG
NZ_CP137851.1_gap135	5960714	5962743	2029	CTCCATCCAGGGGGCGGTGGAGCTGCTGCGCGACAGCGCCGACGCCATGTCCCCCGAGCAGCGCGAGCGCTTCCTCGCCAACATCGACGCGGATGCCCGGCGGCTCACCCGGCTGGTGCAGCGGTTGTTGGAGCTGGCCCGGGCGGACTCGCTGGTGGCCCGTCCCTCGCGGACGGAGGTGGGCCCGCTGCTGGAGGCCCTGGCGGAGAGGGGCCGGGCTCAGGGGCTGACCGTGGAGGTGGGAGTGGTACCCGTGGGGCTCGTCCTGGGCCTGCCCGCAGAGGTGCTGGAGGACATCCTCTGGCAGCTCATCACCAACGCCTCCCAGCATGGGGGCGAGGGGGTGCACGTGCGGCTGGAGGCGGACGTGGCGGGGGAGGGGAGGGCACGGGTGGTGGTGCGCGACGATGGCGGGGGCATCTCCGAGTCCAACCGGGCCCGCGTCTTCGACGCCTTCTTCACCACGGCGCGCGAGCGAGGAGGCACGGGGCTCGGCCTGACGATCGCCCAGTCGATGCTGCGGGCCTTCGGGGCCAGCCTGGAGTTGTTGCCATCGGGGCCACAACAGCAACGGGGGGTGGCTTTCGCGGTGGTGGCGGCGTCTCCCCGCTTGTGGACGGGCCCTGCCTCGGGCTAGACCCACACCGCCCGAGGTGGTCCCATGGTAGGCTGCGGTCATGACGCCATAAGTGGGGTGCCTGCGTGCCAAGGGGGCCTGACCCACGGGTCTGGGCACAGCAAGGAAGCAACACCATGTTCAAGAACGAGAGACTCGTTTTCGATCAGACCGTCGAGGGGCTTTTCGTCCGGGCAATCGGTCCAAAGATCACGCCCACCCTCAAGCAGCAGCTGAAACAGGCGGGGCTGGACCTCGACAAGCGGCTGATGCCGGCCTACCCGGTCGACGTGTGGGAGCAGTGCCTGCGCCTGGCGGCGAGGTCGTTGCACCCGGGCAAGCCGGAGGCGGACGCCATGCGGCTGCTCGGCGAGCGTCACATCGAGGGGTACAGCGAGACGATGCTGGGCCGGGCCCTCTTCGGTGTGTTCCGCCTGCTCAACCGCAAGAAGAGGCTGGCGCGCGTGCGGCAGAACTTCCGCGCTGGCAACAACTACCAGGAAGCCATCATCACCGATGTGGGGCCCAACGAGGTGGACATGTGGTTGAACGAGCGCGGCATGCTGCGCCACTTCAAACACGGCATCGTCCTGGGCACGGGGCGCTGCGCGGGGGACCTCGAGACCACCGCAGTGCTGCGCCACTTTGATGATGAGGGCGTAACCTTCCGCATCTCCTGGCCGGAAGAGAAGCGCTGACGTGCTGTAACCCGTGCGCTTCTTGCGGGGCCACGTCGGCTCTGCGAAGGTTCACGTATAGGGGGGTGACGGTATGCCGACGAGCGAGCAAGCCAACCTGCCGCGCTGGAAGAAGCAGGCGGGGTTCTTCGAGATCTGGTTCCTGTGTGTGCTCGACCCGGGTGGTGAGCGGGCCTGGTGGTTGCGTTACACCCTCTTCACCCCGGCGCCGGGCGCTCCGGGTGAGCCTCGGGCCACGCTGTGGGCCGCGGCCTTCGACTGTGGGTCGCCCGACGAGCCCGCGGTGGCGGTGAAGGCCATCCATCCCATCTCCGCCTTCGACGCCGGGACGCCGGGCCGCTTCGGCATCCGCATCGGGGACGCGGAGCTGGCGCCAGGCAAGTGCCATGGCAGTGTCGCCTCGGGTGGGCACTCCATCGCGTGGGACTTGCGCTACACCCCCGAGTCCGGTGAGGCCGTCCGGCGCACGCCGCGGGGCGTGGGGATGCTGCCGCTGGTCACGCACGTCAATCACGCGCACGACGACATCACCTTCAGCGGCACCGTCACGGTGGACGGCAAGCAGTTCGAGGTGCGCGGAGCTCCGGGGATGCAGAAGCACCTGTGGGGCCACCGGCGCATCGAGGAGCTGACGTGGCTGTACTGCCCGATCTTCCGTGAGGATCCGGATGCCCGGCTGGAGGCCCTCACCGTCCGCCAACGGCGTGATCGGGGC
NZ_CP137851.1_gap136	5966911	5968358	1447	GGATGATGCCGCTGGACACCACCGGCCCGTCCTTGTCCTTGCCCTGACGGATCACCGTGTAGAGCGTAGCCGTCGCCCCCCACACGTCGAAGTCGCCCTGGTCCTTCACGACCTTGTACCCGTCGAGCAGGTATTGCTGGCCATCCTGGCCGATGAAGGGCAGCAGGTAGATCATCCGCCGCTCGTAGAAGCTGTCGGTGTCCACGAAGAGGTTGAAGACACCATTCTCCACCCTGGCGCCCTCGGGCGGGGTGAGGCCGGAGACGTGGACGACGCCCTGGGCGATGCCACCATGGGCCGGCTCGGCCAGGAAGCGATCCAGGTTGGCCAGGGTGATGGTGACGGTGAACTCCGCCACGCGGATGGCGCTCCGTCCCGCCTTCTCCGCGCCCGCGTAGTCCTCGGCGGGCGTGTGGCCCGGCGAGTGGAAGCCCGTCATCCGTTCGGTGAAGCGCATGCCCACCACCGGGCTGGTGGAAGCCACCGTGCCGCCCACCGGGATGGTCACATTGCCGAGCAGATCCTCGCGAGGCGTGGCGAGGGCCCGCTCCGGCGCCTTCCAGTCCGGGTCGTCGAGGATGACGCGGATGGCCTTCTCCACGTTGCGCTCGGCCACGGCGGCGATGGTGGACGCGGGGTTGACGCCGGTGCTGGAGGGCAGGGCGGAACCGTCCAGCACGTACAGTCCGGGGTAGCCGTGCACCTCACCGTTCGGGTCCGTGACGCCGTAGGCCTCGTCCTCGGCCATGACACAGCCGCCCAGGTTGTGCACGGATACGGGGACGTGGAGCCGCTCCCACAGCGGGTTGTAGGCCACCTGCGCCCCGAGGGCCTCCGAGATGTCCTGACAGAGCTGCTCCTGCGTGCGGTACAGCGGCAGGTTGGAGGGCACGTCCCACTTCGCCTGCAGCTCGCGCGTGAGGGGCACCAGCTCCAGTTTCCCGTTCGACTTGTCCCGGCCCATGGCCAGGAACACCGACTGGAAGCGCCCACGCTCGCCGTCGATGGACGACATCTCCTTCGCGCGCTGGCGGAACACCTTCACCAGCTCGCGCTGCATCAGGTCCGTGGGGATCCGCGCGAGGCTCTGCGCCGGGTTGAGCATTTGGAGGCTCCCCGCCACCTGCGCCGGGTGACCACCCTCCTGGAAGAGGAACCACCGCTTGTCCGGCCCCTGGCCCTCGTTCACCACGATGCTGGTGGTGATGGTGGGCCCCACCGCCGGATCCCACGGCTCGCGTGTGTCGAAGGCGAAGGCGAGCAGATCCCCATTGGCCGAGTAGCGGTAGCCCAGCGTGTCACTGAGCTCGTGCAGCGTGCCCGAGTCGTCCCGGCAGCGCAGCAGCAGCTCCGTGCTGTTCACCGCGCCCGCGCACAGGAAGACGCGCCGCGCGTCCACCGTGCGCTCCACCCCGTCCGCGGCGTGGTCCTTGTAGGTGACGCGGTA
NZ_CP137851.1_gap137	5994871	5997119	2248	CTCCAGCTCCGCCCACACGTAGAACGCTCCGCGCGGGGTGAACGGGCGCACGCCCGGGATTCCCTCCAGCGCCTTCACCAGCACGTCGCGGCGCTGGCGGTACTCGGCGCGCATCGCCTGCAGGGGCTCCTGCGGCCCCGTCACGGCCGCCAGCGCGCCCCACTGCGCCAGGCTGTTCACACCGTTGATGGTGCAGCGCAGCAGCTTCTGCACGCGTCTTTGCAGCAGCGGCCACGGCGTATGCAGATAGCCCGTGCGCAGTCCGCTCATCGCGTGGCTCTTGGAGAAGGAGTAGACGCTGATGACGCGCTCGGCCCAGTCCCCGGCCAGCGACGCGACGGAGTGGTGCACGTGCGGCTCGTAGATGACGTCCTCGTAGGCCTCGTCCGAGACGATCCACAGGTCATGCTTGCGCGCCAGGGCGACGATCGCCTCCAGCGTCTCGCGGGGCATGACGGCGCCGGTCGGATTGTGGGGCGTGTTGAGGAAGATGGCCCGCGTGTGCGGGGTGATGGCCGCCTGGATGGCGTCGGGGCGGTAGGCGTAGCCCTCCTCGGCGCGCACGGGCACGCCCACCGGCTTGCCGCCGGCGAGCTTCACGTTCTCCGCCACCTCGGTCCACATGGGATCCGGCAGGATGACCTCGTCCCCGGGCGCGAGCAGCGCGCCGAAGGTCACGTACAGCGCGTGCATGGCACCATTGGTGAGGAACACCTGCTCGGCGGTGGCGCCCTTGATGCCGTTCTTCTGGCGGAGCTTGTCGGCCAGCGCCGCGCGCAGCTCCGGGATGCCGTCGTTCGGCACGTAGTGCGTCTTGCCCGCCCGCATCGCCGCGGCAATGGCCTCCGCCACGTGCGGAGCGATGGAGAAGCTGGGGTCGCCAGACTCGAAGCGGATGACCCGCTTGCCGGTTGCCTGGGCACGGAGCAGCCCCTCGCGGATCTGCACGATCTTTCCGAAGGAGATGGCGTCCAGGGTGTGGGCGGGAAGCTTCTCGGTCACGGCCGTTGACATCGTCTTGTGCTCCTCTGAACTGCGGGTGGCGGGGGGGAACAGGTGGGGGGAAATAAAAAAGCCCACCAGCGGGGGGCTGGCGGGCTCGAAGGAACGACCTCCAAGGCAATCACCTAACCAGAGCCCCTTTCGTAGAGCCGGCTGCGCTTGGCTTTGAGGAGGGTATCCAGGGTGGTGAGCATGGAAGGGTGGCGCTTGAAAACTGAATCCAACGTCATGATGCGGTGCATCACGGCCACTGTCAACTCATCAATACATTCCTACGAATTTGTAGGAATTCACCGGTGGGCCGACAAAAACGTAGGAAGAAGCGCCCGGTTCCCTCTGGCCGAGAGCGGGGAGGGCGCGGCGGACGTCCTCCCGGGCGCTCGGAAGGAGTCCTACGAATTTGTCATTTCCCGGGGGGCGTCCGACAAATTTGTAGGGCCGGGACAGGCGAAAATTTTCGCCAGGCAGGCGTCTCCTTCCCATGATTCCGAGGGGATACGCCGCACCCGGGTCTGGCCTTCAGGTTGCATTGGCTTCGAGGTGCGCGGGCCCATGGGGCCCATACCGTGCGAGGTGATGATGCCGGGCGGAATCGTCGGAGCCGATGTGGCGTGGGTGCTGGTAGCGAGCGCCCTGGTGATGTTGATGGTGCCAGGGTTGGCGCTCTTCTACGGAGGCATGGTGCAGGGCAAGAACGTGCTCTCCACCCTCATGCACAGCTTTGGCGCTCTGGCGGTGGTGACGGTGGTCTGGGCGCTGTGGGGCTACTCGCTTGCCTTTGGAGAGAGCCACGGAGGGCTCATCGGAGGGACCACCCACCTGTTCATGAGAGGGGTGGGGCAGGAGGCCAAGGGGACGCTGCCCCATGTCCTCTTCTTCCTCTTCCAGGGCACCTTCGCCGCCATCACCCCCGCGCTCATCAGCGGGGCGTACGCCGAGCGGCTCAAGTTCTCCGCCTTCCTCCTCTTCACCGTGCTGTGGGCCACGTTCGTGTACGCGCCCGTGGCGCACTGGGTGTGGGCACCGGACGGCTGGCTGCTGAAGCTGGGCGCGCTCGACTTCGCCGGTGGGGCCGTGGTGCACCTCACCAGTGGTGTCTCGGCGCTCGTGGTGGCGCTCGTGGTGGGCCGCCGCCGGGGCGCGCGCCAGCCCCCGCATAACCTCACCTTCACCCTGCTGGGCGCGGGGCTCCTCTGGTTCGGCTGGTTCGGCTTCAACGCGGGCAGTGCGCTCGCCGCCAACGAGC
NZ_CP137851.1_gap138	5999076	6000233	1157	GCGCTTCGCCGATCAGCTGCGCGGCCTGGTGCGGATGGCGCGAGAGGAGAACCCGGAGTTGCGCGCGCTCTCACCCGCGATGGCGACGGCGCTCGTCGGAGGCATCAACGAGCTGGTGCTCGTCGCGGCCGAGAAGGGACGCGCGGGGCAGCTCCGCGAACTGGCGGACACGGCGGTGGAACTGGTGCGCGCGGTGCTCGTGGCGCCGGAGGCGTAGGCGGCCGGGCCTACCCTGGGGGCGCCCGTCAGCTGAACTCCATGCCCAGCGCCTCGCTCGCGAAGCGCGACATGCGTTCGATCAGGTGCTTGTTCTCGTCCACGACACTGCGGCCGGCCCTGTTCATCTCCGCCTCCAGCCGCTCGTTGCAGCGGAGATCCAGGCAGAGGTTCACGCCCACGCGGCGCTTGGAATCGACGTCGGTGGTGAGCAGGCCCACCTGGTCCGACGCGCCCGAGGCCCGGCACCAATCGCACACCCGGGGCGCCAGGACCTTGTCGCCCTGTTGATCCCGGCGGAAGGCGATCCCCGTGGGCCGCTTGCCACCCGGCGCGGTGAACACCAGGAACACGCGAACCCCATACGGATCCACCCACGCCAGGTAGTCACGGACGAAGAGGGGCAGCTGGGTGCCCTTGGGCAGCTCGACGTGCTTGCGATCCCGTGAGCGGAACGCGCTCAGCAGCTCTTTCTCTGTCTCGATTCGGAACATGTTGGCCTCCCACCCCCGTGACGCGGGATGTTGCCGATCACTGACTATGCTTCTCCCGTTTCGTGACCGAAGATCTCCCCCGGATTCGGCGCCGCTGCCCCCTCGGCGGGCTTCTTGGCGAGCGACCGCATCCATCGGCCCGAGAAGTAATACGCCATGCTGACGATGAGCGACACGACGAAGCTCAGGGAGATGGCGTACCACACGCCCGTCACGCTCCCCATGCGCCGCGAGAGCCACCAGGCCACGGGGACCCGTACCACCCAGAGGCTGATCAGCGTGAACACCGTGGTCGTCAGGGTGTGTCCCGCCCCGTTGATGATGCCGTTGCTGACGAAGATGAGGGCGAAGAGGACGTAGGCGCTTCCCACGATGTGCAGGTAGGAGACGCCGGGCGCGATGACGGCGGGATCCGAGATGAAGATGCGCAGGAGCGCCTCCGGGAAC
NZ_CP137851.1_gap139	6066126	6069751	3625	CTATTCCTCGGACATTCCCGCGGCCTTCTTCACGGCCGCGCGGATGCGCGTGTACGTGCCACACCGGCACAGGTTGCCCGCCAGCGAGTGATCGATCTCGGCGTCGGTGGGCTTCGGCTTCTTCTCGAGCAGGGCCGCCGCGCACATGATCTGTCCCGCCTGGCAGAACCCGCACTGCGGAACGCCCAGGTCCACCCAGGCGCGTTGCAGCGGGTGGTTGCCGTCCGGCGACAGTCCCTCGATGGTGGTCACCGAGTGCCCGTCCGCGCGGCGGATGGGCGTCACGCAGGCTCGCACCGTCTGGCCATCGAGGTGCACGGTGCACGCGCCGCACAGCGCCTGGCCGCAGCCATACTTCGTGCCCGTGAGGCCGAGCACATCCCGCAGCGCCCAGAGCAGCGGCATCTCGGGATCGACATCGAGCTCCTTCTCGACGCCATTGATACGGACTCGAATGCTCATGGCCGTGCCTCCTCGCTCGGGCACTCCGCGCCCGTTTCCACCCATGCCGCCACGATGGAGCCGAAACGCTCCTGTGTTCCCGGTGCCGGCTCGCGATCCGCGCCGGGCTTCCAGCCCCAGCCCACCAGCTCATCGTGCGTGTTGTGCTCGACGATCTGCGCCAGCGTCTTGCCGCCATTGCGGGCCGGGTCCTTCAGCTGCTCGCACACCTGGCGGGGCGTCCGGCCCACCCAGGCCATCGACAGGGGAGCGACGTGCCAGTTCGGCGCCCCGGGCACCCGGGCAAGCTCCGCGTTGCGGTCCTGGTGGCAGCTCGTGCACTCCATGCCGACGATGCCGCGATCCTCGGGTCCTCGCTGCACGGGCGGATCGTGCAGCTGCCACCCGGTCCGCTGGTACGGCGAGTTTCCATCGGGATGGCAGTTCGCGCACCGCGGGTGGAGGAACACCCGGCTGGCCTCCAGGAACAGCGCGCGAGAGCGATCGGTCTTGTCCGTGATGACGCCGAACGCCTCGGGGGCACGCAGCTCGGAGGGGCCAACCTGGGGAAGCATCTCGGACGGCGACGGTGAGGGCTGTCGCCGGCCACAACCCATCGCCAGGAAGACGAGGGCGGACGCACAGAGACGGACGTACGGCTTCGTGGTCGTTCTCAAAGCCCCTGCAAGGTACTCCAAGCCGATAGCGGCGCCACCCGAAATGAAACGGGGGCCGAGTCCCTTGGGACCCGGCCCCCGTCGAACTCTTCAGCGATTCAGCGGCTTAGAGCATGTCCTTCAGGGCCTTGAGGGCCTGGATCTTCACGACCTTGCGAGCCGGCTTGGCCTTGAACACCGTCTCCTGACCGGTGAACGGGTTGATGCCCTTGCGCGCCTTGGTGGCCGGCTTCTTCACGACCTTCAACTTCATCAGGCCCGGCACCACGAACTTGCCGGGACCGCGGCTGCCCATGCTCTTCTGGATCGCTCCGCTGAGCGCGTCGAACACGGAGGACACCTGCTTCTTGCTCAGCCCGGTCTCCTCGGCGATCGACACCAGCAGCTCGGACTTCGTCGGGCCCCTGTCGGAGGAGCCAGCCTTCTTCGCGGTAGCGGTCTTCGTCTTCGCGGCCATCGTGTTTCTCCTTGTGGAAAGGAAGGAAGCTGCAACTGCCCTTATCTATTCAGCGAGAATTCGGCAACGGATCAAACGCTCCAGCGGTACGGATCCGCTGGCGGGCCGACGATCAACCGGCCTTTCGAGCCGGTCTTTTGCCATCGCGGTGAAGAGATCCCCCCCGGGGCTACGAGGCCGCGCTACTCGACGAGCGCCGCCAGCTGCTTCCAGTCGTACTGGTCGTAGGCCTTGGCCGCCTGGGTGAGCGGATCCCGCGGATGCTCCTGGAAGTAGCTCTCGCTGGGCCTCGTATGGGAGGCGGCGCCCAACCGGACGGTGACCAGCTGGATGGCGTCCGGCTTCTTGGTGTTGAAGTAGCCGGTGTTCAGCTTGACGAGATAGGTGGGATCGCTGTCCTGGCACGAGCCCACGCTCTCTCCCCGCCGGGTGGGCACGCACGCGGGCTTGTCTCCCGCGCCCGGGGCCAGCTGGCCGAGCTGCTTCTTGGCCGCCTCACCATCCGGGCCACCCTCGCGGATGATCCGCTCCAGGTACTCCTTGGCGGTGACGCGGCGCCAGAGCTGCCGGTCCTTGGCGGTGAGCACCAGGATGGGGGTGGCGCCGCCGACCTGGTAGATGGGGATCCCCTGATGCGAGCCCACCTGGGGCGGCTCGTAGAAGACGGCGTCGGGCTGCGCGGTGTTGATCTTCAGCCGCTCGAGATCGTTCACCTTGATCTCGAGCGTGTTGCCTTCGCCCACGCCGTGGTAGCGCCCGGTCTTCTTGTCCACCTCGGTCTTGCGATCACTCTTGCGGATGGGCAGGAGCAGGAGCGTCGCCTCGGCCGAGGTCACCCCCAGCTCGGGATGGGATTTGATGACGAGGCCGGAGCGCACGCTGACGCCGCGAGGATCGGCCAGCTGGGGCGTCTGCTTGAGTCCGTCCAGCACGCCCATCAGCTTGCGCTGCAGCTCGGGCGCCTTCTTGCGGAGCGTCTGAGCGGTGGGCGTGGTGACGCCGGGCAGATCATCTGGCTCGGCCGCGGCGGCGGGCAGTGACAGGGCCACGCACAGGAGCGTGGCCTGGGAGAGCCGCCGGAAGCAGGAGGCTGCGCGTGTCGAACGCATGGAGTCCCTAGGGTACGGGGGATTGGATGACGTAGTAGATGGACTGGAAGTAGCGGTGCAGGGCGTTGATCAGCCCGGTGAGGAAGGGCCAGCCGAGCACTCCGAAGCCGAGGAAGCCCGCGGAGACGACCACGTACTCCACCATGGACTGACCGCGCCGGACGCGCGCCAGGAGATTCTTTCGCATGTGGCTCACTTGCACTCCTTGGTGCACTCCTTCTCCTCGTCCACACAGGCCTGCGTGCACTTCTGCTCGCCCGAGCCCGCGTACTTCTTGCAGATTTCCTGGCACTGCTTCGCGTCCTTCTTGCACTCCTTCTCGCACTTGTTGGCGTATGCCGTGGCCGGGATCGTGAGGAGCAGGGTGGCCAGCAGGGCCCAGTGGGCCTTGTTCCAGGGGGTCTTCGTCATGGCGTTTCCTCCGTGTTCCCCTCACGGGGAGCCGTCAGCCGCTCGGTGAGCGACAAGTGAACCATCACCTCCGAGGAGGGCACCTGGCGGCGCAGCATCACCAGGCCGAACACGGCCCCGCGGCGCACCTCCAACTCCGCCCCCACGTCGTCCGGGGCGTGGAGCTCGGTCACGCTCCAGCCCCGCTTCTGGAAGTCCTCGCGGAAGAACGCCTCCACCTCCGGCACGGTGCTCTCCGGCACCCGGGCCGACACGGTGTGCTGCGTGGCTCCCTCGAGCTGGAAATTGAGCGCCGAGGCGTCCTCGGCCTCCGGGTGCATGGGAATCCACTGCGGCACCTGGGGCCCGCCCTCCAGCAGGGGCTGCATCTGCCCCGAGGACACGAACACCGTCGTCTCGCCGCCCTGCGCCAGCGCCGACACCAGGTGCACCTCCTTGGAGGCGGGGCTCCAGTAGCCCACGTACCCCGCGTTCTCGTTGTAGCGGTGACCCAGCGCCGGCAGCCCCGCGTCCACCAGGGTGCCGCTGTA
NZ_CP137851.1_gap140	6096846	6099717	2871	GACCGGAGACGAGGCCTACCGCCAGATCGTCCTGACCGCGGCCAGCACCTTCGCCAGGCGTTACGAGCCGGAGCTGGGTTACATCCGCTCGCGAGGGGAGCCCTCCGACTTGAAGGACTTCAAGGTCATCATCAGCTCCCTGGTGAACCTCGAGCTCCTGTTCTGGGCGTCCAGGAATGGTGGCGAGCGCGAGTGGTACGAGATTGCCTATCATCACGCGCTGAAGGCCCGGGACGACTTCGTGCGGAGCGATGGCGGCACCTACCACGTGGTCAATCTCGACCCGCGAACCGGCGCGCTCGCGGAGCAGGGCAAGGAGAAGGGCTGCCGTTGGAATTCGACCTGGGCGCGCGGGCAGGCCTGGGCGCTCTACGGCTTCACCATGGCGTATCGTGAGACTTCCGACGGCCGCTTCCTCGAGACAGCCCGCCGGACCGCGGACCACTTTCTCGACCACCTCCCGGCGGACAAGGTGCCCTACTGGGACTTCCTGGCGCCAGGCGTTCCCGAGGAGCCGCGTGACAGCTCCGCCGCCGCGATCGCCGCGTCGGCCTTGATCGAATTGAGCCAGCTGGAAACCAGCTCCCGGCGCGCCGCGCGCTATTGGACCGCCGCTCGGGACATCCTCCTCTCCCTGTCCTCGCCGGCGTACCTGGCCCGGAATAAGCCGCTCCGCTCCATCTTGCGGCACGGCACGGACTTCAAGCCCCTGGGCAACTACGACAGTGGGTTGATCCAGGGGGACTACTACTTCCTCGAGGCGTTGATCCGCTATTCAGCGGCCCGGCCGCCACCGGGGGTGAGCCTCCAACAGGGGAGGCTGGACCCTGGCCAGAGCCCCTCGGGGCCCGAGGTCACCCCGGCGCTCACCACGCCGGCGGTCCAGCCCAGAACCCTCACGCGGGAAGGCGGCGGCTTCCCGGCCTCCCTGGAGGAGCAACTCACCCAGTCGGATGACATCTCCACGTCGTTCTTCCTTCGCGTGGAGTCCATGCCTTCCTCGGGCGAGGGCATCGTGTCTCTCCGGAGTGCGCACGAGCTGCAGGGCAACATCCTCCTGCTCCCGAGCGGCGAGTTGCTGCTCCGCAATGGAGAGACCGAGGTCGGCTTGAGATCCTTCGCGCTGGAGGCGGGGCAGCTCTACCGGATTGGTCTGCGCCAGAGGAAGGACAGTGGCCCCTACGTCATCCTGGAGGCCTACGTGGCGAAAGGAGAGGACGCCTTCGGTTGCCCGTTCGCTTCCAGCCGGGTGAGGCTGTCCTCTTCAACCGCCAACCGGCTGAGCCTCGGCCGCCAGCCCGCCATGGCTCGAAGGCCCGAGCCATCCCGCCCTGGAGGCGGTGCGGACAGCCCTTAGCTTGGGCCCGTGTGCTCGGCCGAAGAGCCACGGACCTGGGCCCGTCTCGTGCGCCAGGGCGATGGCACAACTACCCATGGGGTAGCAGATTCCCCTTTGCGGCGGCCTCCAGGGCTCCTGGTGCCTGCTTGCCGGACGAGGGCTCTGGAACGGACGGGGGTGCTCATCCCAACCGGAGCCGCATTATCAGGACTGTGAACAAGTACCGCGTGCTCGCTTGACTGCCGGTGTAACCGGTGTCTAGGGTGCGCGCCTTCGAGTCAACTCCGTTGTGGAATTGGCTCGCGGGCCACTCGTAGCTCCCCGCGAGTGGCTGCCGTCAACAACCGGGGGCAGCTGTACCAGTTTCGAAGGACTCCCAATCTCATGCAGCAGAATGTGAACCAGCAGATCGGAGATGTTGGCGACGAGGATTTTGCCGCGATGTTCGAGGCCTCGCTCAAGGAGCGTGGCGGAGATGGCATCCTCAAGGAGGGCGAGATCGTCAAGGGCACCGTCGTTCAGGTGACCAAGGACTTCGCCATCGTCGACATCGGCTACAAGTCCGAGGGCCAGGTTCCGATCTCCGAGTTCACCAGCCCCCGCGGCGAGGTCTCCGTCAAGGCGGGCGACCCTGTCGAGGTCCTCCTGGAGAGCCGCGAGAACGATACCGGCATGGTCGTCCTCTCCAAGGAGAAGGCCGACAAGATGCGCATCTGGGACGAGATCAGCGCCGCTTGCGAGCGCGATGAGATCGTCAAGGGCACCATCGTGGGCCGTGTGAAGGGTGGCCTCTCCGTCGACATCGGCGTGAAGGCGTTCCTCCCCGGCAGCCAGGTGGATATCCGCCCGGTGCGCAACCTCGACCAGTACATCTCGAAGGAATTCGAGTTCAAGGTCATCAAGTTCAACAAGAAGCGCGGCAACATCGTGCTCTCCCGCCGCGTGCTGCTCGAGAAGCAGCGCGAGGAGATGAAGAAGGAGACCCTCAAGAACCTCAAGGAGGGTGCGGTCCTCAAGGGCGTGGTCAAGAACCTCACCGACTACGGCGCCTTCATCGACCTCGGCGGCATCGACGGCCTCCTCCACATCACCGACATGTCCTGGGGCCGCATCGGTCACCCCAGCGAGATGTTCAACGTGGGTGACGAGGTTCGCGTCGTCGTCCTCAAGTTCGACCCCACGCAGGAGCGCGTCAGCCTGGGCCTCAAGCAGATCCAGGAGGATCCGTGGCACCGCGCCGACGAGAAGTACCCGGTCGGCACGCGCGTCAAGGGCAAGACGGTCTCCATCACCGACTACGGCGCGTTCATCGAGATCGAGCAGGGCGTCGAGGGTCTGGTGCACGTGTCCGAGATGTCCTGGACCAAGCGCCTCAAGCACCCGAGCAAGATGCTGGAGGTCGGCCAGGAGGTCGAGGCCGTGGTTCTCGACATCGATCCGAAGGCCAAGCGCATCGCGCTGGGCATGAAGCAGATCGAGCAGAACCCCTGGACGCTGCTCGAGGACAAGTACCCGATCGGCTCCGTCATCAA
NZ_CP137851.1_gap141	6101021	6105581	4560	GCGCCGAGGAGTGCTCCACCAGCCAGGGCATCAGCCGCGCCAACCAGGACGAGTACGCGCTCGAGTCCACGAAGCGCGCCATCGAGGCCCAGAAGGCCGGTCTGTTCACCCGGGAGATCGTCCCGGTCACCGTGCCCGGCGGCAAGGGCGGCGACGTGGTGGTGAGCGAGGACGAGGGTCCCAAGAACGCGAAGCCGGAGAAGATTCCCTCGCTCAAGCCCGTCTTCAAGAAGGACGGCACGGTGACGGCGGCCAACGCGTCCTCCATCAACGACGGCGCCGCGGCGCTGGTGCTGATGAGCGCCGAGCGCGCCAAGGCCGAGGGCCGCACCGTGCTGGGCCGGATCACCGGCTACGCCGGGGCCGCCCGCAAGCCGGTGGAGTTCACCATCGCTCCGGCGGACTCCATCAACAACCTGCTGAAGAAGACCGGCCACAAGACCACCGACGTGGACCTGTGGGAGATCAACGAGGCCTTCGCGGTGGTGGCCCTGGCCAACAACAAGCTGCTCGGCCTGGACGCCTCGAAGGTGAACGTGCGGGGTGGCGCGGTGGTGCTCGGCCACCCGATCGGCGCTTCCGGCGCGCGCCTGCTGGTGACGCTGGTGCACACGCTGCAGGACACGAACAAGAAGCGGGGCGTGGCGTCGCTGTGCATCGGTGGCGGCGAGGGCATCGCGCTCATGGTGGAGCGCTAGTCCAACGCGGGACGGAAACTCCCTCTCCCCCTGGGAGAGGGGCGGGGTGAGGGTCTACCGGCCCTCGCCCCGTTCTCGTAGGAGGGGTTCATGAACAAGATCATCGCGAGCGTGGACGAAGCCGTCCGCGACATCCCGGATGGCGCCACGCTGATGAGCGGCGGCTTCGGGCTGTGCGGCAATCCCGAGAACCTCATCGCGGCGTTGCACCGCAAGGGGACCAAGGGACTCACCATCATCTCCAACAACTGCGGCACCACCGAGCTGGGCCTGGGCATTCTGCTCAAGGCCAACCAGGTGAAGAAGATCGTCGCCAGCTACGTGGGCGAGAACAAGGTCTTCGAGCAGCAGATGCTCTCCGGGACGCTCGAGGTGGAGCTCAACCCGCAGGGCACGCTGGCCGAGCGCATCCGCGCCGGTGGCTGCGGCATCGGCGGCTTCTTCACGCCCTCGGGCGCGGGCACCGAGCTCGCCAAGGGCAAGGAGACGCGGATGATCGACGGGCGGCTGCACGTGCTGGAGACGCCGCTGAAGGCGGACTTCACCATCGTGCGCGCCTGGAAGGCGGACACCTGGGGCAACCTGGTGTTCCGCAAGACGGCCCGCAACTTCTCGCCGATGATGTGCATGGCGGGAAAGGTCACCATCGTCGAGGCCGAGCACATCGTGCCCGCCGGTGAGATCGACCCGGATCAGGTGCACCTGCCCGGCATCTTCGTGCACCGGATCATCCAGTCCAAGAATCTCGAGAAGTGGATCGAGCGCCGCACCGTTCAGAAGAAGGCCTGAGAGGACGCCATGCCCCTGACCCGTGAGCAGATTGCCCAGCGCATCGCCCAGGAGCTGCGCGACGGCTATTACGTGAACCTCGGAATCGGCATTCCCACGCTGGTTGCCAACTACATTCCGAAGGGCATCGACATCATGTTCCAGTCCGAGAACGGTATTCTCGGCATGGGAGCCTGGCCCGTGGAGGGCGAGGAAGATCCGGATCTCATCAACGCCGGCAAGGAGACGGTGACGGTGGTGAAGGGCGCCGCCTTCTTCGACTCGGCGCTGTCCTTCGGGATGATCCGCGGCGGCCATGTGGACCTGGCCGTGCTCGGCGCCATGGAGGTGAGTGAGGAGGGAGACCTCGCCAACTGGATGATCCCCGGCAAGATGGTGAAGGGCCCCGGTGGCGCCATGGATCTCGCGGTGGGCGCCAAGCGCGTCTTCGTGACCATGGAGCACGTCAACAAGGAGGGGAAGCCGAAGATCCTCAAGAAGTGCTCGCTCCCCATCACCGGCCTCAAGTGCATCAACCACATCGTCACCGAGTATGCCCTCATCGACGTGACGCCCCAGGGCCTCGTGCTGCGCGAGTTGGCCCCCGGCGTGACGGTGGAGCAGGTCCAGGCCATCACCGAGCCCAAGCTCAAGATCGCCCCGGACGTGCGTGAGATGAAGATCTGAGGCCCTCGGGTCTCTCGCTGTTCCCGCCGCGGTCCTGCCCCCTGGGGCCGCGGCGGAATACCCCGGCCGCTGTGGAGGTCGAATAGGGATCCATGCTGCCGGATACCCCCGTTGAATTGACGATCGAGCGGCTCGGGCAACTCGGAGAGGGTGTGGGCTCGTACGAGGGCCGCACCGTCTTCGTGCCCGGCACCTTCCCCGGCGAGCGCGTGCGCGTGCGTCTGGAGCAGGAAGGCAAGGTGGTGCGTGGCCACCTGCTCGGAGACGTGCTGGCCCCCAGTCCGGACCGGCGGCGCTCGCCTTGTGGCCTGAGCGCGCGCTGTGGCGGGTGCGACTGGCTGGAGTTGTCCGAGTCGGCCCAGCGTGCCGCGAAGCAGGAGATCGTCCTCTCCGCCCTGGAGCACCTGGGCAGGCTGAAGCGGGACGGCTTCGCGGTGCGGCCCCTGCTGATGGCGCCCACGGAGTTCGGCTACCGGCGGCGGGCGGTGCTGCACTTCCTCAAGGAGGACCTGGCCTACTTCGGGCGGCGGAGCCATGACCGGGTGCCGGTGGACGAGTGCGGCGCGCTGGTGCCGGTGCTCGCCGGGCTGCCGGGGAAGCTGGGGCCGCTGCTCAAGCCGGTGTCCCGGGACGCGGAGGAGGTGCACCTGCTGGCCGAGGGTGGCAAGGCGGCCTTCGCGGTGATGTTGAAGGGGCAGGCGACGCCCCGGCACGTGGAGGCGTGCGACAAGGCGGTGCGCGCGCTGCGGCTGGAGGGGGCGGTGCTGGTGCCGAAGGAGGGCTCGCCGCGCATCATCGGCAAGCCGGTGCTGCGCTCGCTGTCGCCGCTGCGGCCCGAGGTGCCGCTGTACCTCCGTCCGGACGCCTTCTCCCAGGCGCATGCGGAGGCCAACGTGGGCCTGGTGACCTCGGCGGTGTACGAGCTGGCCCCGCGCGAGTCGGATGCGGTATTGGAGTTGTACTCGGGCAACGGCAACTTCACGTTCCCGTTGGCGGCGAGTGCGGCATCGGTGTTGGGAGTGGAGTCCTCTCCGGCGTCGGTGGAGTTGGCGCAGCGGAGCGCGCGGGAGGGTGGGGTGGCCAATGTGCGGTTCCACCAGGGGGATGCCCGGAAGGTGTGCGAGGGCCTCATCCGCGAGGGGAAGCGGTTCGATCTCGCGCTGGCGGATCCTCCCCGGACGGGGGCGCCAGGGCTCGCCCGGTGGCTCAAGGCCCTGGGGGTGAGGCGGGTGGTGTACGTGGCGTGTGATCCGGGCTCCCTGGCCCGGGACGCGGCGGGATTGGTCGAGGCGGGTTACAAGCCGCTGGCGCTCCAGGTGGTGGACATGTTCCCCCAGACGCACCACGTGGAGTCCGTAATGTCTTTCGAGCTGCCCGCCTAGGCGCCGGCGGCTCTCAGGAGTCTGTTTTGGAGATCTTCAAGGAGTTCACCTTCGAGGCGGCCCATCGCCTCCCCAATGTGCCCCCGGGACACAAGTGCGCCCGGCTGCATGGCCACTCCTACCGCGTGACCCTGCATGTGCAGGGCCAGGTGGGCGCGGACTCGGGTTGGGTGATGGACTTCGCTGACCTCACCGAGGCCTTCAAACCGCTGCATGCCCAGCTCGATCACTATTACCTCAATGAGATCGAGGGGCTCTCCAACCCCACCAGCGAGAACCTGGCGCGGTGGATCTGGCAGCGCATGCGGCCTCTGCTCCCGCAGCTCTCCCAGGTGATGGTGCGGGAGACCTGCACCTCGGGCTGCATCTACCGCGGCGAAGCCGACTGAGTGAGCCGTGGTCGTCCCCTCTCCCTTTGGGAGAGGGTGCATGCGTAACTCACTCGCGTAACAGTATCCCTCCGTCGATCACCAACTCGCTGCCCGTCGTCCACGGTGCCGCTAGCAGGTGCACCACCGCATCGGCCACTTCCTCGGGTTTCCCGAGCCGTCCCAGCGGATGCAACGCCCCCAGCGCGGACAATTGGGCGGCGATCCTCCGCTCGAGTTCCTCGCCCTGGGGAAGCGGCTCACCAGGAGCCAGGCGCGGGGCCCGGACCATCTCCGTGTCCACCACTCCCGGGCAGACGGCGTTGGCTCGGATTCGCCGCGCGGCGCCCGTGAGGGCCAGTGAGCGCATGGCCGCCAGCAACCCCGCCTTGGCCGCGCTGTACACGGCGCTGGTGGGCAGCGGCCGCAGGGCGAGCGTCGAAGCGATGAACACCATGCCGCCTCCGTCCTCCAGGATCGACAGTGCCTCCTCGCCCAGACGCAGCGGGGCCACCAGGTTGATCTCCAGTTGGGCCCGCAGGGCCTCCTCGGAGATGTGACCGGGAAGCTGGTGCTCCACGACCCCCGCTGAGTGCACCAGTCCATCCAGTCCGCCCAACGCGTCACGGGCCCTCGCCAGCAGGCCCGAGCGTTCGG
NZ_CP137851.1_gap142	6138355	6139988	1633	GCGTGGAGGGGACTGAATCGCGAGGAGCCGACGGCGAAATCCAGGTGCCCGAGTGGTCCCAGGCACAGCTTCAACCCGAGCTCCCCTCCGTAGTTGAGTCCCTCGCCGGGAGGCGCTCCCGGCACATGACCGAGCAGCGCCCGCGCGTACAGCACGGTCCAGGAAGAAGCGAAGTGCTGGTACCCGACGAAGCCGTTGAGCTCCGTCGGCCCCGCACCGAGGGCCATGTGGAACCCGAGGCTCAGCCGGCGTGACAGGAAGGCCATGGGCTGCACGTTGAAGCTCAGCGCCGCGCCGGGGAACCCCCGGGAGTCCATCCGGAAGGAGTAGATGAACTCCGTGGCCGGTTTGTCGATCGCGGGGGCCTCGAAGCGCAGGCCGCTGGCGACCCTCAGATCCTCGGGTGTTCCCCTTGCCTGGTAGAGGTCCGCCAGCGCCTCGTGGGTCTCCGGCAACTCCTCCAGGTAGGCCTTGCGGAGCGGAAGCTCGGCGGCCTCCAGTTCGCCGCGTTGGATGAGGAACCGCCCCTCCGTGATGCAGCTCGAGATGAGGCCGCCCTGGCAGCCCTGTCCATGGGCGGCCTCGGCCTGAAGCGTCTCTCCCCTTCCGGCCAGTTGGTCCGCCCAATCGGCACACGCGTCCGGACTGCCCGCCTCACAGTCCTTCTGGGGATGGTAGGCCACCGAGGTGGTGGCACAGGCCGCCGTGACGAGCGGCAACAGCACGACGAGCCAGACGGGGGAACGCATGCCGCGATGATGCCGCTTCCGGCCGCTCCACGTCCAAATCCGAGGCCCCCTGACGCCCTTGTCGCGGTTCCGCGTCACGCTCCACCCCGAGGAGTCCCTCCGCGCGCGCGTGTGGTTCGTGCCTTGCACAGCCGCTCCGGTGCAATCCTTTCCCACCGGGAGCTCCGATGCGCTTCAAACCCTTGCTGTTCAGTGCCTGTCTCCTCCAAGCGGCCCTGGTCCTCACGGTGTCGCTGCACGCGTCACCTGCCGAGGCCTGCTCGCCGCCAGCGTCGCCGCGTTACTACTACACGCTCACCCAGAGCTTCCCCGCGGATGGGGCCTCGAATGTGCCCCTCGACACGGTGGTGCTGATCCAGTGGTACGCATGGCAGATCCCAGGCACCCTCGAGGACGTCCATGTCGACGTCCACAACCTTCTCTCCGTCACCGTGATGGACTCCGACACGGGTGAGCTCGCTCCCGGACAGGTGCATCGCTCCTGGCTCGGAAGACCCACGGGGGAGACATGGCGGCCTGACGCCCCGCTGCTCCCGAACCGGCGATACACGTTCGTCGCGACCCTGAAACAACAGAGTGGGCCCCGGCCCGAGGCGGCTCAGGGGCCCACGGAGCTGCGCGGCTCGTTCTCGACCGGAGAGCAGCTGTCTCCACCGCTCGAGCTGCTCGGCGGGCTGGACGTGGCGCTCGAGTCCTTCGAGACGGACAAGCTCAACTGCACGCCCGGCATGTGTACCTGCGACAAGGCCGGCCGGGAGATGAGCACCCGCGCCCGGGTCCGGGTCCCCAGCGTCCAGGGCGGAAGCGCCATCGGCGCCTATTGGTTCGAGCTCCGGGTGACGGACAACACGCCCTACCGCTTCGGCGAGACGAACCAGCATCTG
NZ_CP137851.1_gap143	6153756	6158749	4993	CCCGGCTGCCCGCCTGCCGGTACAGCGTGGCGCGTGACAGCCCGGACTCCCGGGCCAGGTCATCCATGGTGAACCCGTCCGGCCCATGCAGGGCGACCAGGCGGGCAGCGGCGTCGGCGATGTTCTCGGGCAGGGGCATGGCTCGCTGAATCAGTACGAGAGATAGATATCTCTCTCGTCTCATCTCCGTCAAGACGGAGTGAGAGACAATCCTCTCGTGACGTATCACCCGCTCGGAGCAGCCTTTTTCCAGAGGGGATTGACGCCATACCGACTGGTTGGTACCTATAGACCAACCAGTCGGTATGCCCATGGTCCTCAGCGAGCTCCAACACCAGTCCAAGACGAAGTTCCTCGACGCGGCCCTCCAGGTCATCCGGAGCAAGGGCTACACGGCGACGCGGATCGAGGACGTGTGCGCGGTGGCGGGCCTCACCAAGGGGAGCTTCTTCCACCACTTCAAGAGCAAGGAAGAGCTGGCGATCGCGGCGGCGGATCACTTCGCGGCCATGGCCGATCACCTCTTCGCCGCGGCGCCCTATCAGCGCGCGGAGGATCCCCTGGAGCGGCTGCTGGGCTACGTGGACTTCCGCATGGCCATCCTGCAAGGCACGCTGCCGGATTACACGTGCCTGCTCGGGACGATGGTGCAGGAGGCGTACGACACGCATCCGGCCATTCGCGCCACCTGTGACAAGCACCTGAGCTCGCACGCCACGATGCTGGCGCGGGACATCGCCGAGGCGAAGGCGCGCTACGTACCGGACGCGCCGTGGACGCCGGAGAGCCTCGGGCTGTTCATGCAGACGGTCATCCAGGGCGCGTTCATTCTCGCCAAGGCGAAGCAGGGCCCCGAGGTCGCGGCCGAGTCCCTGCGTCACCTGCGCCGGTATCTCGAAACGCAGTTCACACCCGCGGCACAAGGAGCATGACATGGCGGCCATCGAGCAGAAGATCACCCCGTTCCTGTGGTTCAACACGGAGGCGGAGGAGGCGGCGAACCTCTACGTGTCGCTCTTCAAGGACTCGAAGATCCTGTCCGTGTCGCGCTATGGCGACGCGGGGCCGGGCCCCAAGGGATCGGCCATGGTGGTGGAGTTCCAGCTGGCGGGTCAGCGGTTCCAGGCGTTGAACGGCGGCCCGATCTTCAAGTTCACCGAGGCCCTCTCCCTGATGGTGCACTGTGACTCCCAGGAAGAGGTGGACACGTTGTGGTCCAAGCTGACCGCGAACGGCGGGCAGGAAAGCCAGTGCGGCTGGCTCAAGGACAGGTACGGCCTCTCCTGGCAGATCGTCCCGAAGCGGTTCATGGAGCTGATGCAGGACAAGGATCCGAAGCGCACGCAGCGCGTGATGCAGGCCATGCTGACGATGAAGAAGTTCGACATCGCGCGCCTCGAGCAGGCATACGCGCAGGCCTAGCGGCCCCTACCGGGAGCGACCTCACGGTAGACTCGTGGGGTGCGCCTCCTTGCCCGTGTCGTCCTCGGTCTGCTCCTCCTGGCCGCGCCCGTGTCCTCCGCCGCCGAGCCTCCGGCGGAGGGCATGATCCTCGGACAGGTGACGGACGCGGAGACCAACAGACGCCTCGCGAAGATCGTCGTGACCGTGACCGGGCAGCGGTTCGCTCAAAAGACGGTCACCGATGAACGGGGCATCTACCGCTTTCCCGCGCTCCCTCCGGACACCTACGTCCTGGACTTCACTGTCGTCGAGAATGATCCCCACCACGTGCACGGGGGTCCCGACGACTACAGGTCCGACAAACGTGAGGGCATCCGTCTGCATCCGGGTGGCACCGTGCGCGTGGACGCGGAGCTCTGGCCCATCCGCAACTATATCCTGCCGCTCTACGGCTCTCCCCTCCTCGATACCCCCTCCTCGTCCACCTACCGTCTCGTCGATCCGGGGTTCATCGACCGCGTCCCGGTGAATCCCCCCACGGGCAAGGGCGGCATGAGCCGCTCCTTCGAGGGCCTCGCCACCCTCGCGCCCGGCACCTGGGTGGATGCATACGGCGTGTCCATCCGGGGTGCCTCTCCCTTCGAGAACCGCTACGTGCTGGATGGCTTCTCCGTCCAGGATCCATTCCTGGGCATCAACGCCCTGCCGCTGAGCCGCGAATTCATCGAGGCGCTGGAGATCCACACCGGGGGAGCCATGGCGGAGGATGGCCACACGTCAGGTGGCACCCTCCTGGCGAGGACCCGGAAGAACATCCAGTGGAGGCATGGGGGCTCGTTGTTCGGCACGTGGATGCCGGGTCCACTGCAAGCCACCCCCACGCCCACGTCCGGGCCCACCTGGAGCCTTCGGGGGCAGAACCGCGTCTCGTCCCAGGCGGACGTGGGAGGCACACTGGGTGGCCCGCTGGTGAAGGACAAGCTGTGGTTCTTCGCGGGGGTGGCACCGGCGCTCTCCGTCGTGGAGCACACGAGCACCCGCGACGAGCCCGGCCAGCCCATGGACAGGTCGCGCACCATCCTGGCCCAGGCGCGGACCCTGCAGGCCCTGGGGACGCTGACGTACCGGGTGAAGGAGGGCCATGACGTCACGCTGTCGGTCATCACCTCGCCTGGCCGTTCCGGGGGAGAAGCCAGCCTCCCGGTGGATCCACTGACGGGCCGGGTCCGCGACTTCCTCGACGACCCTCCGTCCTCCCTGTCCAGGAGCGTGCTCGACAGCCATACCTCGCTGGGCAGCCTGCAATACTCCGGTGAACTCGTGCGCCATCGCCTGAAGCTCGATGCCCGGCTCGGGTGGCTTCACCAGCGGGACTCCCGCCGGCCCGGCGAGTCCAGCCTCCTGCCCTCGCTCACGAACACGGCGGACCGTTATCAGGCCCACGTCCGGGCCACCGGAACGTGGCGGTTCCTGGGTGAACATGTGCTCGCGGCGGGACTGAGCGCGGAGCAACTCGCGCACACGCGGCTCGAGACCTCCGGGGAGCCCGTGCTCGAGGGCGGGCCTGCCTCGCGAGAGTGGAAGCAGGCGGGAACCCTCCTCAGTGGCTTCGTGCAGGACCGTTGGATCCTAGGGGAGGACCGTTGGATGGGGTGGATGACGCTCAACGCGGGACTCCGCTACGACCTCCAACGGCTGGAAGCGGTCGATCAGCGTCTGACCTTCACGCCAGGGGCTCGCTTCTCACCGAGCCTGGGCCTCTCCGTGCATCCGGCGAGCGGCCTCCTCCGCACGAAGCTCTTCGCCTATTACGCACAGCACGTCACCCAGGTGCCCCTGGCCGTCCTGGACGTCCCCCTCTCGGGGACGGAGGATCCCGAGATGGTACTCCCCTCCTCCAGCGAGCTGCTCGTGGGCGCGGAGCACCTGCTGCTCGACAAGCTGCTGGTGAGCGCGACCTATACCCGGAGTGGCCTGGACTCGGCCCTCATGCCCCTGGGCGACGAGGAGGGCGACTCCTTCGTCCTGGGCAACCCGGGACGGGGGATCGCCAGGGATCGCCCGAAGGCGGAGCGGACGCTCGACGCGGTGACGGTGTCGCTGTACCACGCCCCCCATGTGGATGGCGCCGACGGCGGGCTCTCGGACCATTGGTGGGCCCAGGCCAGCTACACCTGGGCCCGGTTGAACGGGAATTACGACGGACCGCTCCAGTCCGTTCCCTGGTGGGGAGAACCCGCGCTCCAGCCCACCGTGGGAATCCACTCCGAGACAGCAGCCCAGGTGGGTCCGTTGTCGTCCGACCGCACGCACACCGTCCAGGTCATGGGGGCCCGGAGGTTCTTCTTCAGCAGAAGGTTCTCCGCCAGTCTGGGCGGCGCCTACCGGGGACGCTCGGGCACGCCCATCCAGTCCCTCATCGAGCCCTCGCCACTCACGGGACGCTCGGACTTCGCGCTCCCCCGCGGCGAGACCGGCGAGCGCACGCCCTGGGTCCACGACATCGATCTGCGAGCCGTCGTGGACTACCAGGTGCGAGGCCGCGACGAGGTGGCCTCGCTGTCCCTGGAGGTCTTCAACCTGTTCAACTTCCAGGCGGTGACGCGGGTGAACGAGCTCTCCACCACCTTGGATGGGACGCCCATTCCGGAGTTCAAGAAGCCCATCCAATATCAGACGCCCCGACAGGTGCGCCTCGGGCTGCGCTACGCCTTCTGAGCGGACGGGATTTCACTCTTCAGCTCCGGTGCCGCTCGGCCACGCGGTAGAGATGGGTGAGGGAGCAGTCCAGGAGTGACTGGCGCGAGCGCATGTAGTTGCGGGCCCGGACAAAGGGGAGCCAGACGCGGTTGCCCACGAGGACCTGTGTCTCCTCGAGCCTCCGGCGGGGAATCCACCGGCCCCCAAGGTTGCGCACCAGCACCTCACCCAGGTACGCGCCAATGGCGGGCACGGCGTGCTCGTCAATGACTTCCCGCAGGCGGCTCTTCGGGAACTCCTCTCGCCAGAAGTAGAAGTCGGCATCCGTGAGCGACTCGGGCGAGGCCTCGAAGACAGACGGAACCTCCGAGTGCAGCAGCGCCACGAGGTGCTCGGCAAGGGTGCTGTAATACTCGAGAGAGCGCTCCGGGTTGTCCACATCCGGAGGCAGTGCGGAGTCGGCGGAACGCCACTCCTCGGGCTCGGGGGGGTTCCACGCGTTGAGTTCGGCAATCCTGCGCTGGCGCTCGTGACTGGCGGCCCGGTCCACCACACGCGAGAGGAGCGGAGCCAGGTCCGAGTGGAAGCGGGGCTCCACAGGGGCCAGTCTGGCACTGCGCTCATGCAGGGATCGCAGGGTGGTGTCGAAGTCGAGATCCGGCCGGAGGTGGGCGTGGGCTCGCGCCTGCGCGAGCCGTGCCTCCTTGGTGGCGAAATCGGCGGCAGTGGGCCACGTCACCAGGAGCACGGAGCCGTTGGGGAGTTCCTCCACACGGTGGGCTGGGGTCGACAGCATGCGCTCGCGGCCCACGGTCTCTACCAGCTTGGGGTCAAAGACGTTGAGCCAGCACACCTCGTAGATTTTGTCGAAACCGTCCCGACGTTGAGT
NZ_CP137851.1_gap144	6181241	6182488	1247	TCCAAGCGGGCAAGGAGGTGACGGTCCAGGCCACGGTCTTCGCGGAGCTCAGCCCCTATCTCGGATACGAGCGCCTGGAGCTCTTCGCCGCGGCCGACGCGAGCAACCCCACCTGGATCCGGGTCGCCACGAGCATCTGGGCGACCCAGTCGGGCCGCCATGTCCTCACGGCCCGGTACGTGCTGCCGGCCGCCTCGGGGGGGCCACAGGCTCTCCGGGGCGCGTTCCACCGGAGCGGCGCCTTCACCAACGGTTGCGCGCCGTACAGCGGTTACGCCATCGACCATGATGACCTCGTCTTCGCGGTGAACCAGGTGGCGGACCTCACGCCCCCGAGCGTGACCATCACCTCCCCGGTGGAGGGCGGCTCGGTGAACCGCGGGGTCTTCTTCCAGGCGGCGGTGAGCGACGACTTCGCCGTGCAGCGCGTGGAGCTGTACGCGGGCACCACCCTGCTCGCGACGAACACCCAGGCGCCCTACGAGAAGTACTGGCCGACCCAGAGCCTGGCCAATGGTCCCTATACCCTCACCGCACGGGCGTACGACGCGGCCGGCAATGTGTCGGAGCGCACGGTGAACGTGACGGTGGACAACGACTTCACGCCACCGTCGGCGGCCGTGCTCACGGCACCCTCCTCCGGAGCGCTTCTGAGTGGCACGGTCACCCTCGAGGCGTCCGCGAGCGACGACCGGGAGGTGAAGCTGGTCGAGTTCTTCCTGGACGGTGCGCGCATCGGGAGTGACACGACGGCACCGTTCTCGTTCACCTGGGACACGGGGACCGCGTTCAACGGGAGCCACACGCTGAGCGTCCAGGCCCATGACGCTGCGGGCCAGTGGGTGCTGAGCGCGCCCGTCACGGTCGAGACGATCAACGCGGGCAACGCCCGCTACGATCCGCTGCTGGGGGCGCCCCGGTGCGACACCGTGATGGATCGCTGTGATGCCCGGGAGCTGGTCCAGGGCCGGGGAGCGGGCAGCGAGCGGAACACGCCCAACACGCTGGACGGGTGCCCTGACGGCACGAAATCCGGCATGGCGGAGTCCATCAAGGGGCTCCGGGTGCTGGGGGCGGATGGCACGGCACTGACGGCCGGCAAGCGGGTCCGGGTCGAGGTGGATGTCATCACCGACAACAAGGACTCCGTGCCGGTGGACTGGCTGGTGGTGTACTCGGCGGTGGATGCGACCCAGCCCGTGTGGGTTCCCGTCGCCACCGTCAAGCCCCTGATGGTGGGCTTGCAG
NZ_CP137851.1_gap145	6186656	6188893	2237	CTCGTCCTCCGGAGGAGCCACCCACAGGCCGCAGTGGTTCTCCCAGTAGTCGCCACAGGTGGTCACCGGGGCGCCCGCCCGCTCCCAACACGTGCACTTGAGCTCCGGCTGGGAGGGATCCTCACACTGCTCGTCACAGCCCGGGGGCCGGGCGGAGGCGGTGCCAGCGAGGGTGAGGGTCATGAGCAGGGGGCCAAGGATACGCGCGCGGAACATGCGGAGACTCCTGGGTGCTACGGGGGAAACCCGGATTCTACGCCTCTCCATTATTCCAAACCATCTCCATTTCACTTCTCCAGGTTGGCCACGCCATCGAAGTGCCTGGGCGGGTGCTCCTGGTACTTGCGGCAGCGCTCGAGCAATACGGCTGTTGGACCGTCCTCCGGGTCTTCGGACAGCTGCGCCGCCAGGATTCCGGCCGCCTCGGCGAAATGCTGCTGCCGGTAGAGCTCGAGAGCCTCGTGGTAGCGCTTGACGGTCCAGCGCTTCTCCGCCGGCAGCTCGCCCTTGAGCGCGAGCAACTCGTACACCGTCACCGCCTCGGCCTTGCCGGCCACCCGCACCCGATCCAGCTCCCGCACCTCGATGTGATCGCGCGCCAGCTCATAGGTGCGCGGGCCGATCATGATCAGCGAGCCATAGGACTTGTTCGCGCCTTCCAGCCGAGAGGCGAGGTTCATGCCGTCGCCCATGGCGGTGTAGTCGAAGAGCTGCTCGCTGCCGAAGTTGCCCACGAAAAGCCGGGCGGTGTTGATGCCGATGCGCGTGTACACGTCCGGCAGATCCTTCTCGCGGAGCTCCTCGCGCATCCGGGTTACCTCGGCCTGTGCGGCGAGGGCACCCCGGCAGGCGCGCACGGCATGGTCCGAGTGGTTGATGGGCGCGCCGAAGAGACACACCACCGCGTCGCCGATGTACTTGTCCAGACAGCCGCCCTCGCGCAGCAGCGCCGAGCTCACCCGGGTCAGGTACCAGTTGAGTATCCTGACCAGCTCGCGGGGGTTGTGCTGGAAGCTCTCGGAGAAGGAGGAGAAGCCGCGGATGTCGCTGAAGAAGGCGGTGAGTTCGCGCTCCTCGCCGTCCAGCTTGGGGAGCTGGTTCTCCTCGATCATCTGCTCGACGAGGTGGGGCTCCATGTAGCGGCTGAAGGCCTCGCGGATGAAGGCGGCCTGGCGGTTGGCGAAGAGGTGGTTGGAGGCCATGGCGCCCAGGCTGGCCAGCAGGCCCGCCGTCACGGGCAGTGCCCCGAGCAGGTGCACCCGTCCCAACGCCAGCGAGGCCCCCATGATCAGGAACACGAGGGGGACGATGGCCAACAGCAACCACGCCAGCTCCAGCGTCGGTGAGCGCACCGTCATCAGCAGCACCGCGGACAGCACCGCCAGGCCGAGCGCGAAGAGCAGGCTCACCCCGAAGGGAGCCTCGGTGATGAAGCGGCCGGAGAAGATGTTCTCCAGCACCGTGAGCTGCGAGCTCATCCCGGGCACGAACGCAGCGAACGGGGTGGACGCGGGAGTGCTCAGCCCCAGCGCCGTGGGGCCGATGACCACGATCCGGTCGCGGAGCGAATCCTCCTCGAACCCCGTTGGCCTGCCCTGCTGGCGCAGGGACCAGGCGTCCAGCAGCGCCATGACCGGGACGATGCGGAAGCGCTCATACAGGGAGCCACCGAAGTCGAGCTCCGCGCTGCCATCGGGGTTCACCCGAAGCTCGCGCTGGCCCAGCCGCAGGGTGCGGCCGGAGAACACGAGCTCCGTGGCCCCGAAGAAGTCCGCCGCCGCGGCCACCGGGAGCGTGACATAGGCGTTGGTGCCATCCGAGTACGCGAAGCGGGTGCGCCGGGAGATTCCATCCGGATCCACCTCCCCTTCCACCAGTCCGAATCCCTTCGCCTCGGCCAGCAGCGGCGTGATGGGAGGAACGAGGTTGTGGGGCTGGCGGACCCTCAGCAGCGACTCGGACTCGAGGCGCGGCAATGTGCGTCCCCCGGTGCGCACCGGGAAGGCCAGCACCTGGGCCACCGCCAAGGAATCGGCCCCCTCGCCGAAGTCCTGGACCGGAGGAGGATGGACGGGTTCCACCTTGGGGAGGGGCGCGGCCATGGGATGGGTGGCCACGCCCAGGTACACGGGCAGCCGGCGCTCGCGCAGCACGCGGGCGAGCTCGAGCTCCGCGCTCCCGTCGTTGGAGGGCTCGTCCATCACGCCGTCGAACAGCACGGCCCGGGCGCCCTGGCG
NZ_CP137851.1_gap146	6384389	6388667	4278	GCGGCTGCCGGTGATCTCCCTGTACGACGACATCCTCTATTACGACCTGTTCGACGGGTTGGACGTGGACCCGGAGCTCTTCTACCGGGTGGCCGTGCCCGAGCAGGACGCACTGGCCGCCCAGGCCCCGGAGGCGTACCAGCCGCGCAACCTGCTGGGCGTCTTCGGCACGGACACGGTGCAGGGCAAGTTCACCACGCAGATCTACCTGCGCGAGGCCCTGGCCCGGCAGAAGCTGCGCGTGCGCCACCACTCCACGGAGCCCACGGGCATCCTGCTCGGGGCGGACACGGGTTATTCGCGCGTGCTGCACGTGGAGCTGGCCCAACGGCTGGCGTTCGAGCGGCGGCTCATGCTGGAGCTGGCCGGGGACTGCGATCTGGTCATCACCGGCGGGCAGAACGGGCTGCTCTACACACCGCCGGGAGCCGATCGCCGGGCCAACGCCTCCACGCACATCTACGAGACGTTCCTGCCACGGCTGGTGGTGTTGACGGTCTCGGTGGACACCCGGGCGGAGGACGTGGTGGCCACGTGCGAGTACCTGGAGACGCTGGCCCGCGAGCACGGGGTGCCCTGCACGGTGGTGGGCCTGGCGATGATGGGAGGGCGCAAGCTGCACGGCAGCCGGTGGACCGAGACGTGGTTCCTCGGCGTCCGGGATGAGGTCTTGGAAGAGGCCCGGCAGCGGCTGGAGCGGCACACCGGTCTGCGCGTCCATGCCATTCCCGAGGAGGCGGACGCACTGGCCCGGGCCGTGCTCACGCACCTGTGATGGAAGCGAGCGGCGCGACGCGGGAGGCAGCTCCCGGACTGGGGCAGTCGGCACGGTATCTCGCCGCGCTCGTGCGGATGCTGCGTCCCGCGTGGGGCCTGCTGGCCCGGGGCGCGATGCTCGGGCCCGTCATCACGCTCCTCAGCCTGGTGCCGCCCTACCTCACCCGGCTGCTGTTCGACCATGTCACCGCCACGCGGGACGTGGGCCTGCTCGAGGTGCTGGTGGCCGGCATCTTCGCCGCGTCCATGGCGGCCGTCCTCGCCGAGTCGCTGCTGGGCTACGCCTCGGCCTACCTGAACATCAAGTTGGAGAGCTCCGCCGTCCTCCACCTCTTCAACCATGTGCAGCACCTGCCGGACCGCTTCTTCTCCCAGCGGCAGGTGGGGGAGATCACCAGCCGATTCGAGGACGCCCGCGCCGGGCTGTCGCTGGTGGTGGGCCTGGTCCGGCTCGTCTTCTCGCAGGGCGCGTATGTGCTGATCATCCCCTTCACCCTGGCCTCCCTGCACTGGAAGCTCGCGCTGGCGGCCCTGGCCACGCTGCCGCTCGCCGTGGTGGTGCCGCTCGTGCTCGGGCACCGGATGGGTGGAGCGTGGCAGGAGGTGGTGGGCGCCTATACCTCGCTCAACGCCCTCCAGTTGGAGGCCCTGCGGCAGACCCGCACGAGCAAGGTACTGGCGCTCGAGCGGCTCATGTACGAGCGCACGGCGGGCCAGATGCGGTCCGTGCTGCGGGCGCACCTGCGGGCCCATGGAGCGGACGGGCTGCTCCGGCTGTGCGAGCGCGTGGTGGAGGCGGCGCAGATCGCCCTGTTCACCTGGCTGGGTTGGCGCCTCATCCTCGCGGGGGAGCTCAGTCTGGGTGGATACATGGCCTTCGTGGCCTACGCCGCGTACCTGCGCGGGCCGGTGCTCGAGATCATCTCCTTCGTCACCCAGGTGCAGCAGCGCGGCGTCCACCTCCAGCGCTTCTTCGAGTACCTGAACGAGACACCGGAGCAGGATCCGGCGGGTGCCCTGCGGCCTCCCGCGCCACTCTCGTGGCGGTTGCGCGGTGGGGTGGCGCTGGAGGGCGTGTCCTTCGCGTACAGGCCGGGAGAAGAGGTGCTGCGCGAGGTGAGCGCGCGAATCGAGCCGGGTGCGGTGGTGACGATTGTCGGGCCGAGTGGCTCGGGGAAGACGACGCTGGCGCGGCTGCTGACACGGTTGGAGTCGCCCGGACGTGGGCGCGTGTTGTACGACGGACGCGACGCGGGCGGGTTGGAGCTCTCCGAGCTGCGCCGGCAGCTCGCCGTGGTGTGGCAGGACGTGGAGCTGTTCCACGGCACCCTGCGCGAGAACCTCACCCTGGGCCTTCCGCCAGTGCCCCAGGAGGAGGTGGAGCGCGCGGTGCGGTTGTGTGGGTTGGAGCAGCTCGTGGCGTCGCTGCCCCAGGGGTACGAGACACGGGTGGCCGAGGGTGGAGCGAGTCTGTCGGGTGGGCAACGGCAACGGTTGGCGTTGGCTCGGGCGGTGCTGCGAGATGCGCCGGTGCTGCTGCTGGACGAGGCCACCTCCCAGCTCGATGTGGAGACCGAGGCCACGGTGGTTCGCGGGCTGCTCGCACGGGCTCGGGAGCGGGGACAGACGGTGCTGTTCATCACGCACCGGTTGGCCAACGCGCCGCTGGCGGATGAGGTGTGGATGCTCGCCGGGGGCAGATTGGTGGGCCGGGGGCCGCATGCGGAGCTGCTGGCGCGCTGTGCGCCCTACCAACGCCTGTTCCGCGCGGGAGACGGTGAAGCCGATGCCGCCTGATCTCTTCAGGAAGATGATCATCTTCAGGAAGATGATCAAAGGAGAGCCCTACTGCCCCCTCTCCCCTCGGGAGAGGGTCAGGGTGAGGGTATCCGGATCCGTTCTTCAGTCCGTGGCCCACGGTGTGGACAGAGGGTTCAACCCGGGTACACCCGATACCCTCACCCCGTCCCTCTCCCGGAGGGCGAGGGGAAATGTCCGCAGCTCATCCCATGTGACCGGAGTCCTCTGAGCGACCTGTCATGAACCCAGAGCCCCCTCACCTGCCCCTGCTCGAAGACCCAGATCACCCGGGCGTCTTCATCGTGAACCGGTTGGGCACCCTCACGGCCCTGCTCATCGGAGCTCTCTGCGTGGGAATGTTCCTCGCCGGCTCGTTCGTCCGGCTCGACATCCCCGTCCAGAGTGAGGGCCCCCCACGGACGAAGTCCGTGTCCCTGGGCACCTACCTGGCACGGCAGCTCGGGCTCTCGAAGCTCCCGGGACTCGGAGGCGCGGCCCCGTGAAGCTGGGGATCATCGACAGCGGAGTGGACGTGAACTTCCTGCGCGAGCATGGGCTCCACCTCGCGGGAGGCGCCCGCTTCACGCTCGACCTGGGCGCACGGGTGCTGGAGACGCGCAGCTATGACCGCGAAGAGCTGGAGGCGTGGCGAGCCGGCACGCACACGGTGGAGCTACACGACGAGCACGGGCACGGCACCGCCGTCCTGAGCATCCTCCACGACCAGGTCCGCCCGTGGCCGGACGTGGAGCTCTACGTGGCGCGCATCTTCGACCAGGAGGTACGCGCGCACTCGCTGTGCCTCGTGGAGGCCCTGCGGTGGATGCTCGACGAGGTGGGCGTGGACCTGCTCAACCTGAGCCTCGGGACGACCTACCGCGCCATGGAAGCACCGATGCGCGAGGTGCTCGAGCGCGCGGTGGCCCGGGGAGCCGTCATCGCCTGTGCCGCGGGCGGAGTGCCCACGCTCCCCGCGCAACTGGACTCGGTGGTGTCGGTGGGAGACCCGTCGCTCATGGAGGGACTCGGCGCCGGAGTGAAGGTCGACCACGTCGTCCCTCAGCGTCACGTGAAGCTCTACATGGGCGGACGCTGGTGCGAGTCGCCGATGACGACCAGCTTCGCCTGCGCGGTGGCCGTGGCCGGTGTCCTGCGCGATGGCTGCCCACCTGCATGGCGGCGCGAACAGCGCTGAGCCGCGCGCCACGGACCCTCAACGAGGGTCCTGGCCCTCCACGAGCGGGATGTCCACCTCGAGCGTCCCTCCAGCGCTGGGGGAGATCCGCACCTCGCCACTCGAACCGTCCGGCGTCCACACCTCCAGCTTCACGGGCTCGGCCGGTACGTCCCGAAGCTCGAAGCGCTCTCCCGGGAACTCCCAGGGCTCCTGGTCCCCGGGGAGGAACCCCGACTCGAGCTGGTAGCTCACGATGAAACCCCTCACGGGCTCGCCAGTGCGCACCACCCTCCCCCTCACCAGGGCCGCGGGCCGCAATCGCACCACCACCCCCTGATCGCCGGGCTTCACCCCCATCACCTCGCTGACCCGCCCGCCATTGCGCGCGACCACCGTCAGACGGCCCTTGTTGGCGCCCGTCGTGGGAGGGAAGCCGAGGGAGAACCGTCCCTCGTCATCCGTGGGCCCCATCATCCACTGGGCGGGGCCCGTACCCCGCTGGGAGGCCAGCGTGACGAAGGCCC
NZ_CP137851.1_gap147	6468424	6469199	775	GGCGCTGCCCGACGTGGGACGCGTCAGCCCGAGCAGCATCCGGAGGGTGGTCGTCTTCCCCGCGCCGTTGTGCCCCATGAAGCCGAAGATCTCCCCGGGCTCCACGTGGAAGCTCACGCCATCCACCGCCCGGACGGGGCCGTAGACGCGGGTGAGCCGATCTATCTCGATGGCATGCATGGCATTACCTCGTGGAGCCGCGCCCCGGACGTTTGCCCGGGGATGGCGGAGTGGGCGCGGGCGCGGACAGCCCCGCGATGAAGATGTCGATGACGGCGTCGAGCAGCCGCTCGCGGGAGATGCGGTCTCCCGTGGTGATGATCCCGGTGTGGTAGTGCAGGAAGCGCATCAGCCCGAGCACGAAGGGCACCGCGTCGACGTCCAGATCGGCGCGGAACTCGCCCCGCTCGATGCCCTCGCGCACCCAGCCGCGAATCATCTCCACCTGGGCATCCGCCTTGCGCGGGTTGTCTCCGGACTCGGCCAGGGAGCGGAGCACCGCCACCTCGGGGTCCTCCCGGACGAGCCGCTCGAACAAGGCGTCACGCGAGAGCTCCCGGTAGGCGAAGCGCAGCGTGGCCCGCAGCCGCTCGCGAGGTGACTCCAGCCCCATCACCTCCGCGGCGTACCGGCGCCCGATCTCCTCGAACAGGGTGCCGATGACCGCGTGGAGCAGGACCTCCTTGCTCTCGAACTCCAGGTAGACGGCGCCCTTGGCGATCCCCGCCTCGCGGGCGATGTCCTCGATGCGAGTCCGGCGGAACCCGAAACGCTC
NZ_CP137851.1_gap148	6470274	6471514	1240	GACCGAGGACCCGTGGATATCCCCTCTCCCTCTGGGAGAGGGCCAGGGTGAGGGTCTTCCCACGGCTGACGACCCTCACCCCCCGCCCTCTCCCAGAGGGAGAGGGAGCATGCGCAACACGACACTAGAGAGGACGAGCCAGCACGAGATCTCGTTGGGCATCATCGCCGATGACGAACGTCGTCTCGCCCACCTCGGTGAAGCCCCAACGCGCGTAGAAGTCCCGGGCGCGGGAGTTCCGCTCCCAGACACCCAGCCAGATCACGTCATGACCCCGGGCCCGGGCCTCGTCCAGGCAGCGCCCCATGAGCGCCGCACCCACTCCGGTGCCATGGAAGGGCTTGTCCACGTACAGCCGCTCGATGCGCAGCGGCCGGCGCCCCGGCACACCCGGCTCGGGTGGCATATCGTGGAGCAGCGCGAAGCCCGCGGGAACACCGGCACTCTCCGCCAGCAGGAAGGAACGCTGGGGATCCCGCAGCTCCCGCTCCTGGAGGGCGGGTGAATAATGCGAGGCCAGGTGGGTTGCCAGATCCTCGGGCCGGTTGTCGGCGGCGAAGGCGTCCCGGAACGTGCGAGCGCCCAGCTCGGCGAGCAGGGCGGCATCGGCGGGCGTGGCGAACCGGATGGTGAAGCTCATGGGCGCGGCGACCATACCGCCGCGCCCAGAGTTCCGCACAGCCCGGCTCCCGCCTACTTCGTCTCGGGCGCGGGGCGCGGCCGGGCGTCACCGGCCGACGGTGGCGGCACGGCGGGCGACTCCGGAGCGGGCTTCACCGCGAAGGGGCTCTGGGGCCGATCCTTCGCATACGGGTCGGCCCGGGAGATGAGCCGGGTGGCGGACGCCTCCACCCACGCGGAGAGCCCCCCTGTCTCCACCACCGAGGCACTCCGGCCAATGACCTTCCGGGACTTGAGCTCGATGAGGCGCAGATCCACGGCGAGCCGCCCGGCGGACACCGGACGCAAGCTCAGGAGCAGCAGGCGCGTGGCGCCCGAGAGCCCGGGAGCCGCCAGGAGGCAGCGCGGATCATCCTGACACCCCTCGCCCCGGGACTTGAGGTAGCCGCCCAGGTCCACATAGGGGGCCTCGAGACGAGAGCCGAGCGTCCGCCCCGCCTCGAGGGCGGCCTTCTCCAGGCCGGGGTCCGCGGTGGATACCACCATCAGGGACGAGGCCGGAGCTGACGAAGCCGGTGGAGCCGGGTCCGCCGACAGCAGGAGCAACGTGAGCGCGGTG
NZ_CP137851.1_gap149	6604290	6607617	3327	CATAGGACCAGGACTCCCGGACACCCTCGACGGCGATCCGCTGTCCGCCACGCTTCGCCTGCTCCTCGACGAGCCCGGGCAGCAGGAGGCTCCCGTACTCTCGCCGGGGCCCGGTGCCCACCTCGGACAGGAAGGACCGCATCCCCGGCGGCAACAGCTCGAGCTGCCGCACCGGAGCCTCCGCGTCCGCCGCGACCGCGCGCAAGAACAGCTCGAAGCTCTCCAACCACCCGTCGATGGTCTCGGGCCTGAAGAGAGCGCTCGCGTACTCGAGATTCAGCTCCGCGCCGTCCTCGTCGAACTCGACCAGGAGCGACACATCGAATCGGGCAACCGTGCCGGCCACCGGAGCGAGCCGCCCCCGCACATCCCCCAGGTCGATCTCGCGCCCCGACTCGTCCTGCAGCAGGAACATCGCCTGGAAGATGGGAGCGTGACTCAGCTCCCTGGGCACCTCCAGGTGGTCCACGAGGTACTCGAAGGGCACATCCTGGTGGCTGTACGCCTCCAGCACCTTGGACTTCATCCGGCGGACGACACCGCCGAACGTCTCGGAGCCGTCGTACCGCAGGCGGAGCGGCAGCGTGTTGACGAACAGGCCGACGATGGACTCGACACCGGGGTAGTGGCGATTGGCCACCGGAGTGCCCACCACCACATCACTGCTGTTGCTGAGCCGTCCGAGCCAGAGCTGGAACGACGTCAGGTAGAGCATGAAGTCGGTCACATCGTAGCGCTCGGCCACCCGCTTCAACGCGGCCCGCAGCGCTCCGGGCAACACGCGGCGCGCGGAGGCGCCACGGTAGTCCTGCCTGGGCGGACGGGGATGATCCAACGGCAGCTCGAGCTGCCGCGGGAAGTCCAGCAACTCGGCCTTCCAGTAGTCCAGCTGCGCCTCGAACCGCTTCTCGAGGACGTCGCGCTGCCAGCAGGCGAAGTCCACGTACCGCAGCGGCAGCGGCTGGAGCGGCTGCCCCCGGTACAGCGAACCCAGCTCTCGCAGGAGAACGCTGATCGACCAGCCATCCAACGCGATGTGGTGCAGGCAGAGGCAGAGCAGGTGCTCGTCCTCCGAGAAGCGGACGAGCCGTGCCCTCACGTTCTCGCCCGCGGCCAGTGCGAACGGCCGCGCGAGATCCGCACCGAAGAGACGCTCCAGGGACTCCTGCCGTTCGCTGGGGGCCAGTTGGCTCAGGTCGCTGCTCGCCAGCTCGACGGCAACCGCGTCGAGGATCTTCTGGCTCAGCGTGTTCCCGTCCTCGACATAGGCGGTGCGCAGCACCTCATGGCGAGCCACCAACGCGCTCAAGGTCTGGGCGAGCCGCTCGAACGAGACCTTGCCGATGAGCCGGAGGACGAGCGGCACGTGATAGGCCGAGCTCCCCTGGGTCAGATGCTCGAGGAACCACATCCGTCCCTGGGCGAACGACAGGGGCCAGCTCTCGCGCTCAGGGGCCCTGGTGAGCAGGAGGTCACGGGCCCCTCGCTCGTCGGCCTCGATGCACCGCGCGAGCGCCTCCAACGTGTCGTGCTCGAAGATCCGCGGGAGGGAGATGTCACAACCCCACCGCTCGCCGATCGCGTGCCCCAACTTGACGGCGAGCAGGGAGTTGCCACCGAGCCGGAAGAAGCTGTCATGGCGGCCGGCGCTCGCCACACCGAGGAGCTCCATCCACAGGGAGGCCAGCTCCTTCTCCACGGCCGTCTCCGGCGGCACCAGCGTGTCACGAACGAACGAGTCCTCCTCGGGAGGAGGCAGCAGCGAGACCTCCACCTTCATGCTGGACCGGTTGAGCGGCAGCGCGTCGATGAAGACGTAGGCCTCCGGAACCATGTAGTGGCTCAACCGCGCGGCCATGTACGCACGCAGCTCCGCCCTCAGGCTGGCCGGGGAGGACGGCGTGGTGCGCGTCACGACGTAGGCGACGAGATACGGATAGCGCTTCCCTGTCTGCGAAACGATCACCGAGGCCTGCTGGACCTCCGGGTGCTGCTTGAGGACCCAGGCCACCTCGTCCAGCTCGACGCGATAGCCTCGCACCTTGACCTGATTGTCCCTGCGTCCCTCGAACACGAGATGGCCATCCGGCAGGTAGCGGGCCAGGTCACCCGAGCGGTAGACGCGAACGGGCTCGCCACGAGGTCCAATCGGATGGGTGACGAACTTCCGTTGCGTCAGCTCGTCGCGATCCAAGTAGCCCAGGGCGAGACCCACACCCGCGATGCAGAGTTCGCCGATGACGCCTGGAGGCAGCAGCTTGCCGTGCTCATCCAGGATGTAGACCTGCACGTTCGCCAGCGGTCTGCCGATGGTGTTCGCGGGGTAGCCGGGCCGGAAGGGGAACGTGGCCGTCGTCACCGTGGCTTCGGTCGGACCATAGACGTTGGCGACTCCGGAGATCCTCGCCGCCCACTTCTCCAGCAGCGCCAACGGACAGGCCTCACCCGCCAGGGTGAGTGATTGCACCGTCGGCATCGCCTCCGGGGGGAGGAGCTCCACCACGCTCGGCGTCAGGGCGACGGTGGTAATCCCAGGCTCGGACAGGAGCGTCATGGCCTGCGCCACCTGCTCCTGCGGATTGCTCGCGTCCAGCAGCCAGAGCTCGGCGCCATTCACCAGGGCCGAGGTCCACTCCCAGATCGAACCGTCACAAGTGGCGGTGGTGAACTGGAGGACCTTGCTCCGCGGACCCATTCCGCTGCGCTGCTTCTCGCTGACCGCCAGGTTGATCATCCCCCGGTGCGCCAGCATGGTTCCCTTGGGATTGCCCGTGGTCCCCGAGGTGTAGATGAGGTACGCCAGCTCCTCCTGACGGACCTCCAGCTCCAGGTTCTCCGCCGCGAACCCGGGAAGCTGCTCCGCCACCTGCTCCCAGATGGCGATGTCCGTGCCCGACCCGAGCTCCTCCGCGAAGACGGCGTGCGACAGCACGAGCGCGGTCCTGCTGTCGTCCAGGATGAACCGTCTCCTGGCCTGGGGCATGTGGGGATCGAGCGAGACGAACGCCGCCCCGGACTTGAGCACGGCCACCCACGCGGCCACGAGCTCCGGCGAGCGCGCGAGACACAGTGCGACGACACTCCCGCGCCCGATGCCCCGGGCCCCAAGGTAGCGCGCCAGCCTGTTCGCCTGGGTGTTCAACCACTCGTAGCTGTAGCTCTCACCCATGTAGCGCAGCGCTGACGATGCGGGCGCCGTAGCCGCCTGGCGCTCGATCAGCGTGTGGAGGTTGGGAGCCTCGAGGAACTCCGGCCTGTACTCGAACCACTCCTCCAGGCGACGCCGCTGCGCCTCGGACATCAGCTCGGCCCGAGCGACACTCCCCT
NZ_CP137851.1_gap150	6609150	6611569	2419	CGAACCGCGCTTCGGTCCGCTCCTCGCCCGGCCTGGGAAGGGCCTCCACATCGAGCTTCCCATTGAGTGTCATCGGAAGCGTGCCGACGGGACAGAACCATGCGGGAACCATGGCCTCCGGCAGCGCGGCCCGCAGCCGTTTGCGCACGTGCTCCAGGTCGAGCGAGTCCTCCGGTGCGGCCACGACGTATGCGAGCAGCCGCGTCTCCTGGCCCGCCCCCTCCCGGTCGACGACGACAACCGCCTGGGCCACGCCGGGCACCTGGAGGAGCTGCGTGCGGACCTCATCTGGCTCCACGCGGATCCCGCGGATCTTGATCTGATTGTCGAGCCGGCCCAGGAACTCGATGTTCCCGTCGCTCGACCAGCGCCCACGGTCCCCCGTGCGGTACATCCGCACCCTCTCGGAGCCGATGCTCGCCTCGACGAATCGCCGTGCGGTCTCCTCCGCCCGGTGATGGTACCCCTCCGCGAGTCCCATTCCCGCGATGCAGAGCTCTCCGGCCACTCCTGGAGGGACAGGGACCAGCCGCTCATCCAGGATGTAGACATCGCAGTTGCGCAGCGGACGCCCGATTGTCGACGCACCGCGAGTGCCATCGAACTCGAACATCGTCGACGTCACGCTGGCTTCACACGGGCCATAGGCGTTGAACATCCGCGTACGCCGCGACCAGCGGTCCACCACGCCCTGCGGGCAGCTCTCCCCCGCGACCAGCAGCACCTCGAGCCCCGGCAGGCAGTCGTCCGGAAGGCTGGCGACCACGGACGGAGGCAGGGCGGCGATGTCGATCCGCGGCTGCTCGTCGCGGCGGGTGAGGCGGCTGACGACCTCGGCGCTGCTCTCGGCGACGAGGCAGAGGGTCGCGCCGTTGAGCAACGCGGTCGTCCACTCCCAGATGGCCCCGTCGAAGCCGCACGAGGCGAACTGCAGGAGCCGCTTCCCGGGCCCCGCCGCGAAGTACTCCTGCTGAGCGAGCACGAGGTTGGAGACGCCGCGATGCCTGACCCGGGCGCCCTTGGGCAGACCGGTCGTCCCGGAGGTGTAGATGATGTACGCCACGTCCTCCGGGGAGACCTTGACGGCGAGGTTGGAGCCCGCCATCGACTCCAGCCGGTCCTCGCACTCCTCCAGCGTCACGAGGAGCGGAGCCGGCCCCAGCTTGTCCGCGTAGACGGGAGCGGCCACGACGAGCTTCGCGCCCGCGTCGGCCAGCATGTGCTGGATCCGACGCTCCGGGTATTCCCCATCGATCGCCACATACACCGCGCCCAGCTTCAGCACCGCCAGGTAACAGGCGAATAGATCCGGCGAGCGCGTCAGACAGAGCGCGACCACGTCCCCTTTTCGGACCCCGTGCGCGGACAGCAGGCGCGCCACGCGGTTCGCCCTGTCGTTGAGCTGCTCGTAGGTGATCTCACTGCGAGGCGTTTGAATGGCGCAGAGCTCTCCCTGCCTGGCCACGACACGCTCGAACTGCTCATGCAGGCACGGCTTGGGATTCGCCGTGCGCTCTCCGCGGCTGAACTGGCCGAGGATCTTCTCCAGCGTGGCCTCGGACATGGAGGGCAGCGCCGCCAGAGGCTGGCTGCTGTCCCGCGTCGCGGCTTCCACCAGGCTGATGACCCCATCGAGCCATTCAGCGGCCGTCTCCCGCTTGAACAGGTCCTCCGAGTACTCGATGGAGATTTCCCGTGCGTCTCCCGAGTTGCGGATGAGCAGCGTCAGATCGAAGCGCGCGACCTGCGCGTCCAGGGACACCGGCTGCACGCTCACGCCGTTCAACGAGAGGCTGGAGCGCCCCTCGTTCTCGAACACGAACATGGCCTGGAAGACAGGCTGGTACGCCAGGCTGCGGCGAAGCTGGAGGCTCTCGACGACCTGCTCGAAGGGAACATCCTGGTTCTCGTTCGCTGCCAGCACCACCTCACGAATCGCCTGGACGTACCCGGCGAAGCTCTGCTGCCCGTCAACACGGCTCCGGATGGCCAGCGTGTTCGCGAAGTAGCCGATCAGACGTTCGACCTGGGAGTAGTGCCGGTTCGCGGCCGGGGTGCCGACGAGGATGTCGGTCTGTCCACTCAGCTTGGACAGCAGCACCTTGTAGGCCGCCAGATAGAACATGAAGGGGGTGACTTCCCACTCACGGCAGCGCGAGTCGATCTCGGCCGTCAGCTGCGCATCGAGCGTCCTGCGGACCACACCACCGCGGAAGCTCTGGCGTTCAGGCCTGGGGAGATCGGTGGGGAGCTGGAGAAGTTCCGGAGCACCCGTGAGGGAGTCCTTCCAGAACTGGAGCTGCTTCTCGGAGCGCGGTCCACGGAGCCAGTCCCGCTGCCAGGCCGCGAAGTCCGCGTACTGGATGGAGAGCTCCTGGAATCGGGGGGTGCTCCCGCTCAGCGCCGCGTTGTAGAGGGC
NZ_CP137851.1_gap151	6616508	6619297	2789	GGGGTACTGCACTCGAACAAGGCGCGCACCGGGCACGTGATGCCCAGACGCTGATGGATCTTCGCCGCCGCCTGTGTGGCGAGCAGCGAGTGCCCACCCAGCGAGAAGAAATTGCCCTCGGCGGAGAAGGGAGAGATCGCCAGCAGCTCGGAGAACACACGCGCGATGCCTTCCTCGAGTGTCCCGACAGGTGCGACGAAGGCCTGTGCCCCCCCCACCTGACCTGTCGTCGCGTGGGGATTGGGGAGCGCGGCCCGATCCACCTTCCCGTTGTTCGTCATCGGGAAGCGGTCCAGGAGCACGAAGAAGGAAGGCACCATGTAGGCTGGCAGCGCGTCCTTGAGGTGGTAGGCGATCGTCTCCTGCGTGAGCGTCCCGCCCTCCCCCACTACGACGTAGGCCACGAGCTGACGGCCGCTCTCGCTCAGCATGACGAGCGAATCCCGGACACCCTGAAGGCTCCGGAGGACGCTCTCAATCTCTCCCAGCTCGATCCGGTAGCCTCTCACCTTCACCTGGTGATCGCGCCGGCCGATGAACTCGATGCGTCCGTTGCTCTTGTACCTCCCGAGATCGCCCGTCTTGTAGAGGCGGACGTTGCCCTTTCCGGGAAGGGAGACCTGGACGAACTTCTCCTTGTTCAGCTCTGGCCTCTTCCAATACCCCTGGGTGACGCCCTCACCACCGAGGTAGAGCTCGCCAACGACGCCCGTCGGGGTGACACGGTGACCATCGTTCAGGATGACGGCCAGACTCTGGCTGTGCGCGATACCCAGATCCAGCGGGTACGACTTCACCGTCTCCGCGTCATAGACACAGCCGTGTGTCGTCCAGACCGCGCACTCCGCCGGGCCGTATTCATTGTAAAGCGAGACATGCGGCAGGAGCTGGCGGTGTCGCTCCGCCAATGCCTCTCCCCATCCCTCGCCGCCCAGCATCACGGTGTGCAGCCGCAGCCCGTCGCTCCCGCCCTCCCTGCTGATGTACGAGAGCAGCTGCTCGTAGGCGGAGGGCGTCTGGTTGAGGACCGTGACCCGATGCTCCACCAGCCACTCGCGGAACTCGTCCGTCGATCGAGCAACCTCGGCCGGCACCACCGAGAGCGTGGAGCCATGGCTCAACGCGCCCCAGATCTCCCAGACGGAGAGATCGAACGCGCACGAATGGAAGAACGTCCAGCAATCATCCGGACGGAACCGGTAGAGGGGTTCCGGATCGGGAAAGAGCCGCGTCACATTGCGGTGGCAGATCGTGGCGCCCTTGGGCTTGCCCGTGGAGCCCGAGGTGTAGATGAGGTACGCCAGATCCCCGGACGAGTAACCCAGCTCCAGGTTTCCCGAGGACTGCCCGGCGATCCCATCGACCACGTCGTCGAGGGCGATGATGTGCTTGCTGTGTCCCCGCAGGGACTCGACATGCGCCCGGGTGGTGAGGACCGCGGCGGTCTCCGCATCCTCCAGGATGAAACGCAGACGCTGGCTCGGATAACCGAGGTCCAGCGGAAGATAGGCCGCTCGCGCCTTCAAGGTCGCGACCATCGCGATGATGAGCTCTCTCGTCCGCGGCAGAGCGAGCCCGACGATCTGCCCATGGCCCAGACCGCGCTCGAGCAGGAAGCGCGCCAGCCGGTTCGCCTCCTCGTTCAACTCCCGGTAGGTCATCGACCCCGTCTGATCCCGGAGCGCGAGCGCCTGGGGCGTCTGTGCCGCGAAGCGCTCCACCCACTGATGCAGACAGATCCCGGTATCGTGGGGGAGCCCATATCCATCCAGGCAGGCGAGCCGCTCGGCGACTTCCGCATCACCCAGGACGAAGTAGTCGTCGATCGACGTTCCGGGCCCGGCGACCACCTCCACGAGGAGGTTCTGGAAGTGGCGGGCAACCCGCTCGATGGTCGCCTGCTCGAAGAGGTCGGTCGAATACTCGAACTCGAGGAACAGCCCCTGGTCTGTCTCCTCGGCGAGCAGCGCCAGGTCGAACTTGGAGCAATCACCCACCCCGCGCAGGCTCTCCACTTCCAGGCCCTCGAGGCGAAGATCCGTCTTGCCAACACCCAGGGTCGAGCGGCCCTCGGTCAGGAGAGCGAACATCACCTGGAACACGGGATGCCGGCTCAGGTCCCGCTCCACGCCCAGCTTGTCGACGACGAGCTCGAGGGGAAGGTCCTGATGCTCATACGCCTCGAGCGTCGACTGCTTCACCCGCTGCAGCACCTGCCTGAAGCTCGCGCTTCCCTCCAGCGGAGTGCGGAGAGCCAGGGTGTTCGCGAAGTACCCGAAGACCTCCTCGACGTCGGGATAGTGCCGGTTGGCGATCGGCGTTCCCACGACGATGTCATCCGAGCCCGAATACCGGCGGAGGAGCACCTTGAAGGCGGCCATGAGCACCATGAACAGGGTGGCCTTCTCCTGCCGGGCCACGTCCTTCAGGCGCTGCACGACCTCCGGGGGAACGAACGTCCCGTAGAGCTTGCCCTTGTTGCTCGCCGCCGGAGGCCGCGAGAAATCCGTCGGCAACGCGAGCAGGTCCGGGGAGCCCTTCAACTTCTCCACCCAGTACGACAGCTGAAGATCCAGACGCTCGCCCTGCAACCACTCCCGCTGCCATTGGGCGAAGTCTCCGAATTGAATGGGAGGCTCGCTCAGCTCCCCCACGTTCCTGCCAATGGCCTGGTTGTAATGATGGCTGACCTCCCGGCTGAAGATCCCCATCGACCACCCATCGCAGATGATGTGGTGGAAGACGACAGCCAGCACCTGCTCCCGCGCGCTTGTCCGCACCAGCCGCAC
NZ_CP137851.1_gap152	6785698	6787142	1444	GTGCTCAGCAAGATGACGGCCGCGATACGCACACTCATCTTGATGAGCGTCGAACGGGCAAGGGAGGCTCGAGGTGTCGGAGAGTGCGGCATGAGAGCGGGCAACCGTGAGGCATACCCCAGGTTGGGTGGAATCCCCTGAAGGCTCGTAGGAGCTCCAAAAATTCCGGGGATGCCCCGTCCCCCCATAGGCAGGCAACGTCCTGGACATCAAGGGCCGCATTCTCCCCGAAGGGAGAAGCGACCCACTCATCGCACGCTCCTAGGGCTTGCGCGCGGCGCGCTGGAGCTTCACTGGCGGAGTGAGCTTCTGCCCTTCCGCCGGCGCCTGCTGGATGGCCCGGACCACGTCCATGCCCTTCACCACCCGGCCGAAGGCGGCGAAGCCCTGGCCGTCCGGGTTGCGCTTGCCGCCGAAATCCAACTCGGGCTGATCGCCAACGCAGATGAAGAAGTCCGACACCGCGGTGTCCGGCGTGTCGCGCGCCATGGAGAGCGTGCCGTCCTTGTGCTTCAGCCCCGTCACGCTCGTGCGCTCCAGCGCGATCGGCGGGCGCTGCTCGGACTCACGGGCGGGGTTGATGCCGCCCTGGATGACCTCGATCTTCACCTTGTTGTTCGGCTGGTTGTCGGGCTTCACCGTGCGGTGGAAGACCCCGCCCTCGAAGAAGCCCCCGTCCACATAGAAGAGGAAGTTGCGCACCGTCTGGGGCGCATGGGCCTCGTCGAGCTCCAGCTCGATCTCCCCCTTCTCCGTCTGGAGCACCACGCGCACCAGCCGGGCCGGTTCCGGTTTCGCCGCCTTCTTCGGTGGCGCGGCGTGGACGGCGGGCGAGAGGGCAAGCAACACGGCGAGACAGGCGGAGGGCAACAGGTTCATGGGCGGCTCCAGGGCACCGTAAATGTTTCGCAACAATCCGTTCATCTTCCCAACACGTGCGGGAAGCACCTTGGGGGAAAAGGAGATATCGCATGTCCTGGAAGATGATGCCGCTGTGGATGTGTCTGGCCTTTCCCGCCGCCGCGTTCGCCCAGTCCGCCTCCACCGAGCGACCGCCCGAGGAGGCGCGCCGGGGTCCGCCCGTCATGAAGTCCTCCCTCGCCGTGGTGCTCGAGCACCGCACCGCGCTGGCCCTTTCCACCGAGCAGGTGGCTTGGCTGGAGCAGCGCGAGCAGCAATTGCAGCAGGAGAACGCACCGTTGAAGCAGAAGCTGGAGGAGCTGCGCCCGCCTCACGGCGGTGAGGGACGGCGTCCTCCTCCGGGTGAGGGCATGGGCCCCCCGATGGGTGGCCGTATGGGCGGGACCGGGAGCGAGAGCGCTCCGGACAGGGCGGCCATCGAGGAGCGGATGACCCAGGCCCGGTCCGCGATGGACGGAATGCGGGACAACGACACCCGCGCCTACAACGAGGCGGAGACCGTCATGACGGAGGCGCAGAAGAC
NZ_CP137851.1_gap153	6790024	6794257	4233	AGAGCTGGAGAGCGCGTCCCTGCCGGCGCGGGCAAGGCCTCGGCCGACATCCTTCATTTCAAAGTCCCTGTCGGGCCGGGCCGTGGGCTTCAGCCCTCTCTTCTCCAGTGCCGCGCGAAAGGTGGGCAGCAGTCCGAGCGTTTCTTCCAGCCGCTTCTCCTGCGCGAGCAGGAAGAGCATCTCCCTCAAGTCGTCATCATGGGCCGAGTTGACGATGTAGAGGGAGAGCACCTCGGCTCTGACAGTTCCATGGTCTTCGGTGGCCCCGACGAGGAAGGCGGCACGCTTGCGATTGAGGAGACGGGCAACATCCTCGCGCAGTGGGCCCTGGGCGCCCAGACGCACGGCGCGCCAGTCATCCAATGCCTCCACCAGGCGGGGCATGTCTACGCGATCCTGGAGCGCGAGGAATTCCGCGGGCGAGCTGCACGTGAGGAACGGCGCAAGGAGCGCCTCCCTGTCGCCAGAGGAGAAGTCGGGCCATCCTGGGGGCACGGCCTCGCCTCCGCAGGTGGCAGCTCCCTGAGTGGCAGGCATCTCGCGGCCCGACCCACGGGCGCTCCGGCGGCGGTGCGGCCGCTCCTGCTCACCTGACTCGGTGGAAACAAGAAAGGAGGGGGCCTCGATGGTGGAGAGGGCATGCGAACCCACGGAGCTTCCCCCGTTGGGTGGTGGTGCCAGCGTGACGCATCCGCTCGTCAGCAGCACAGCCCCCAGCACCAGCGCGGCCCACCTGTGCGCCCGGGCCTCACGCGCATTGTCCAGTATGGAAGTCATCAGGCCCTAATCGTCGTAGTGGGTCCACACCGGCAGGAGCGTGAAGGAGACATCACCTTCGGCGGGGAGCTCCAACTCCTCGCGATGGACCTCGGTGGAGTCCTCGCCCCGCCGCATGGCGAAGAGCGTGTAGTTGCCAGCCGGCAGCCGCGGGAAGCGCTGGACTCCCTCGCGCACCGTCTTCCCCATGAGGCCACTGCCAAGCTTCGAGAACAGACCGTCCCTGGGGCCCATGATCGGCAGGTTTCCCGGAATCAAATGGACCTCGAGGTTCCGCTCCGGCACGTGCACCTCCAGGCTCGCGCCCTCGCTCCGCTCGGTGAAATCCAGCGTCACCGTGTCGCCCCGGGACAGCGTCACCTGCCGCACCGGGAACCGCGGCACCACCCCCTGCTCGGATTGCCCCTCCACCTGGACCAGATAGCGGCCCGCGGGGATGGCTCGCACGGAGTACCGCCCCTCGCCGAAGCCCAGGGTGGTGAGCACCTCCCCCTGCTCCGAGCGGAGCCGCACAACCCCCGACCGCACCGGAGCTCCCGCCGACTCGACCCGCCCCTCCAGCGTGGCTCCAGGCTCGAGCTCCACCGTCACCTCCCGCTGAGCCTCCGCGAGCACCACCCGCGCCGGCAGCCAATCCGGATGGCTCACCCGGACCGTCTTCCTCCCGGCCTTCACACCTTCCACGGTGAAGCTCCCATCCGGCAGCGTGTACGTGGCGGGCTCCACCCTGGCGCTGGACGAGCGCTCCGGGCTGGCCACCTCGACCCAGGCTCCGGCGATGGGCGCCGACGTCCCGGCCTCGAGCACCCGACCGCGCACCGTCCGGTCCGCCACCAGCACCACGTCTCCCAGGTCGAGCTCCTCGTCCCCCTGCAGCGGCACGCTCCGGCTGACCGGGGAGAACCCCGGCGCCTCGAAGTCCCACGGACTGCTCACCACAGGCAGGGAGAACCTGCCCTCGGGATGACTCACCACCTTCCGGTTGATCTGGAACGAGGGGATGGGCTTGCCGTCCTCGCGCACCACGCGCCCCACGACCCGCCTCCGAGCCTGGACCACGAGCCGCACGTCCGGCCCCCCCGGCAACACCACCACCTCCCCGCGAGAGGCGACGCTCTCGTCCAGGCCACTCGAGGCGCTGGCATCGAGCACGTACCCGCTGACCCGCAGGGTGCAGGGGCCCTCTGGCAGCTGGGCCAGCGTGAAACGCCCCTCCGGCCCGGTGGTCCCCTGGACGCTACGCCAGAGGCGTTCCGAGGAAGGGTCCTCCGGCGGCGCTCCGCGCCTGGCCACCCGCGAGGCCTCGAGGGTGGCGCCCTCGATGGGCTTCCCCCCGTCATCCACGAGCTGGCCCGAGAGGATCCATCCCTCCTCGGGTTGGAGGCGGATCTTCCGCGTCTCCGCGCTCCGCAATTCCACGGCCACCGGTACGTAGCGGATCCATCGCTCCCGAGCCTGGGGCGTCACCATGTAATGCCCCGGTGAGAGACCCTGGAAGACAGCCCTACCATCCATGCCGGTGGTGACCGTGTCACCCCTCTTGGAGAGATGGACGGGAGCCTGGGACACGGGCCGCCCCGCCGCGTCCACCCATTCGACCTCAAGGGTGGAGTCCCCATCCGCGGCCCGAGGAGGGCGCACCACCTCCCACTCCTTCAAGGTGAACGGTGGCAGCTCTTGCGACGCCGCGAGCGGACGCGGCGGCATCCCCTGCGGCTCATAGCCGCTCGACATGACCCGCAGCGTGTATGTTCCCGGGACGAGCCGTTCGAACAAGAAGCCGCCCCGCGCGTCCGTGCGGACCCCGTCGCTCCACTGCGGGGCCTCCGAGAAGACGAGCACTTCGGCGTTCGGGATGGGCTGGCCCGACGTGTCCAGGACATGCCCGCTCAACCGCAGGCGGGTTCCCAGGAACAGCACGACGGACTCACGGTCCCCCTGCGTCTCCAGGAATACCTCGTGCCGGGCGTAGCGCTCCCCGAGACTGGCCGTCAGCACGTGCCATCCCGGACACAGCCCCTCCAGGCGGAACTGTCCCTTCACATCCGTGACCGCGGACCCCCCTGGCGGCGTGACGCCCTCGGCCTGGACGGTGGCACCCGGAACCGCACCCCGCGCGTCCACCACCTGTCCGGAGATCCACCGGGGCGCCGACAGTGTCACCCGCCCAGAAGCCGTGCCAGGCTTCAACCGGACGGGCACCAGGCCCTCCTTCGAGACGAGGACGTCGTAGTCTCCCCACGGGAGCGGGCCGAGCAGGAACCGGCCCTCTTCGTTCGTGGAGGCCTCCACGAGGCGCCCCGCGTCCCGCTGGAGGGTGGTGACGAGCGCTCCCGCGACCGGCCTGCCCTGCTCGTCGTACACCTCGCCGGAGAACGTCTTTCCGGGGCCCAGCGGCACCTCGACGTCCGTGCTACCAGCGGCCACCCCCGCCCTCAGGCCGATGCCCTCCCCGCTCTCGGCCCAGAGCGCGACGGCACCCCCTTCCAAGCCCTCGAGGCGGAAGTTCCCCTGGGCATCGGTGATCGCGCGAGCCAACGGCGCCTGCTGTCCTCGGAGCTCCGCCGCCAGTTCCAGGAGCGGCAGTGCGTCCCCGCTCAGCTCGCAGGTCGACAGGAACCACCCACCCCACCGGCGCTTCCCAGGAGTGGTCAGGGTGGACCACTCCCGGGGCGCGGACTCGAAGGCGACGACGATCGCCCCGGGCACCGGTCCCCAAGGACCCACCACCTGACCCTCGATGGACAGCGTGCCCCGCGGCTCGGCCGGCGTGGCGCTGGACCAGAGGCTCGGAGCGGCCTGGGTCCGCTCCACCTGGGGTCTCCTCGAAGTGGCCGTGGCCCGGGAGTTGGACTCCGGCGCCGCTTCGGGCCGCCAGACGAGCCACAGCAGCAGGGCCAGCAGTCCCGCTCCCACTCCGATGATCCACCCGCGCCGCATGCACAGCCTCTCTCTCGTCTCCGTGACGCGGGGCCAGTTTAAGGGTCACGGGGCGGCGGGGAACAGGGGCTCGGAGGACTCCCGGGAACTCCCACCTCCCGATGAATCCTGTCTCGGTTCGAGAGGAATCATCGCCCTTCAGCACAATCCCAAACAAGCAGGAGCGGCCCCGGAAGAAGGCCGATATCAAACATGGGTTGCCCCATCGCATGTAAGGACTTGCACGTACGGCACACGGGAGGGACCGATGCAGGCAATCCTGGAACACGAGGACACAGGGGAGTCCGCTGTCACCGAGGCGCTCGCGAGGGCCGTGCGCTTCCTGGAGAAGGCGCGGACGGCGGATGGACGCTGGTTGGATTTCCGCTTCCGCTTCGTGGTGGGAGACCGGGATGTCATCAGCTCGCAATGGGTGACGGCGTATGTCGGCGAGGCACTGGCCCGGGCGGGAGCGGGCCCGGCCACGCTGGCGCCCGCGCGGGACTGGTTGATGAGTCATTCGCACCCCGGGGGTGG
NZ_CP137851.1_gap154	6872819	6875342	2523	TCGCCACGGAAATCACCCGCCGCGGAGGGACTCCGCTGCTTCTCGGCGCGGCCTGGTTCATCGCCCAGGCCCGACAGCAGCGATCCCTCTGGGAGACCGCTTCATGAATACGATTGGTACCCTCTTCCGCCTCACCACCTTCGGCGAGAGCCACGGCCCCGCGCTCGGCTCCATCATCGATGGCTGTCCGGCGGGCATTCCCCTCGAGCCCGCGCTCATCCAGGCCGCGCTCGACCGCCGCCGTCCTGGCCAGTCCGCGCTCGTCACCGCGCGCGCCGAGCCGGATCAGGTGGAGATCCTCTCCGGTGTCTTCGAGGGCAAGACGCTCGGCACGCCCATCGCTGCCATCGTGCGCAACACGAACCAGCGCTCCGGGGACTACGACAAGCTGAAGGCCGAGGACCGTCCCGGCCACGCCGATGCCGTCTGGCGCGAGCGCTTCAAGCACCGCGACCACCGCGGCGGTGGGCGCACCAGCGGCCGGGAGACGCTCTGCCGTGTCATCGGTGGCGTCGTGGCCGAGGCCTACCTCGCCCAGGCCTTCCCCGAGCTGCGCACCGTCGCCTGGGTATCGCAGGTGGGCAACCTGACGTCCGCCATTCCCGCGCCCGGCCTCACCCGCGCCATGGTGGATGAGCACCCGACCCGCTGCCCGGATCCGGTGGCCCGCGAGGAGATGTCCAAGCGCATCCTCGCCGCCAAGGAGGCCGGAGACAGCCTCGGTGGGTGCATCGACATCCGCGTCGAAGGCGTCCCCGTGGGTCTCGGCGAGCCCATCTTCGGCAAGATGAAGTCGCTGCTCGCGCACGCGCTGGGCAGCGTGGGCGCCGTCACCGGCGTTGTCTGGGGCCCGCCGGATCTGCTCTCGCGCATCGAACAGCCCGGTAAGGTCTTCCACTCGCAGAAGGACACCTACGGCGGCATCCAGGGTGGCCTGGCCAACGGCGAGCCCGTGGCCCTGCGCGTCTTCTTCAAACCTCCCGCCACGCTCGCGGAGCACGCGAAGTCCGGGCGTCATGATCCCTGCATCATGCCGCGCGCCGTGCCCGTGCTGGAGTCCATGGTCTCGCTCGTGCTGGCGGACCTCGTCCTTCAACTCAACGCCCGGCCCCACTCCGCATGATCCAGCTCTCTCCTGGCGCCTACCGTCACGCCACCGACCGGTGGGGCTCCTTCAAGCGTCTGTGCGCCACCCTTCCCGAGGGCAGCTTCGCCGTCGTGGATCGCCGGGTGGCCCGACTGCACCCCACCCTCATTCCCACCCTCAAGGCACGCAAGCCCCACACCATCGTGCAGCTCGCCGGCGGTGAGAGCGCGAAGACGTTCGAGGCCCTGGAGCAGTTGATGGCCGCGGGCCTGTCGATGCCGCGCTCGGGCACGCTGATCGCCATCGGCGGAGGCACCATCGGCGACGTGTCCACGGTGGCCGCGCACCTGCTGAAGCGGGGCGTGCGGCTGGTGCAGGTGCCCACCACGCTGCTGGCGGCGGTGGACAGCAGCCTGGGCGGCAAGGGCGCGGTGGACATGACCGTGCGCGGCCGCGTGGTGAAGAACCCGGTGGGCGTCTTCCACTACGCCGACGAGGCGTGGCTGTGCCCCGAGTTCTACGAGAGCCTCTCGGACACGCAGATTCGCGAGGGCGCGCTCGAGGCCTGGAAGATGGTGGCGAGCCTCGACGAGGAGCTCTTCCGCGCGTACACGCGCCGGGCCCCCGCGCTGGAGCGGATGGTGAAGGACGCGCGGCGCCTCAAGGAGTCCGTCTGCGCGCAGGATCCGTACGAGCACGAGGGCCTGCGGCGGGTGCTCAACTTCGGCCACACCTTCGGCCACGTGCTGGAGAGCGTCTCGCACTTCGAGCTGTCGCACGGGGACGCGGTGGGCCTGGGCATGCTGTGCGCGCTGGACGTGGGGCGCGCCATGGGCATCACCCCCGAGGACGTGGCCTGGAGGGTGGAGGACGCGCTGCAACAGGGGCCGGGAGTGCTCGGCCGGGAGCGGACGGCGGACCTGCTCGAGGGCGCGGCTCTCAAGGACGTGATGGCCCTGCTGGCCGCGGACAAGAAGACCGGAAGCGCGGGGGAGTTGCGGATGGTGCTGCTCACCGACGTGGGCCGCGCCGAGGTGCGTGACGTCTCCGCGGACGTGTGGCGCGCGCTGTGGCCGGCCTGGAGCCGAGGAGTTCGCCCATGAGTCAGATTCACGTCGATTCGAGCCAGCTCACCCCGGCGGCCCTCACGCCGCCCATCTCCAAGTCGGATGCGCAGCGGGCGCTGGTGCTGGCGCACCTCACGGGCACGTGGCCCCTGCCCGTGCTCCAGGAGGAGCCCGAGGACTTCCTGGCCGCGGACGTGCGCGTGCTGACCCGGGGCATCAACACCCTGCGCCAGCCGCCCGGCACCGTGCGCGACGTGGATTGCGCGGACGGTGGAGCCCCCTTCCGCATCTTCGTGACCCAGGCCGCGGTGACGCCGGGCACGCACGTGCGCATCACGGGTACACCCCGGCTCGGCGAGCGGCCCCATG
NZ_CP137851.1_gap155	6879183	6883868	4685	TAGCTCAGTACCCCCTTGGGGAGCGGGGCCTCGGGGGGGTCCAGGACGATGATGTGACGCAGCCGGGGCACCCGCTCGCGTACGGCGAGGGCGGTGGCCAGGTGCTGCTCGTTCTCCACCACCAGGTGGCCCGCCTCGCAGTGGTCCACGAGGTACTGGACCTGCTCGGGGCTGCTGGTGGTGTAGACGCCCACGGGGACGCCGCCCAGGGCCATGGCGGCCAGGTCCGCCACCAACCACTCCTCGCGGTTGAAGGACAGGAGGGGCAAGGTGTTTCCCCGCTGGAAGCCCAGCGAGTGCAACCCCAGGGCGAAGCGCTTCACCCGGGTGGCATATTCGTGCCACGAGGTGGGCACATACGTGCGTCCCTTGCGCGTCCACAGCGCCGGACGATGCTGCCGCCGGTTGGCCTGATCCTGGAGCGCATGCACCATCGTCCTGGGAGTGTCCATTGGGATTCCGAGGCTACTGAAACCGGGTGACGGTTCTCCACGGGCGTTGACAGGTCACCAGAGCCCTATGTATTCCGCGCCACGCACATGACGATCGATCTGACTTGCCAGAAGTGCGAGGGCACCTTCGAGCTGGATGTTCAGGATCTCATTGATGGTACGGAGAAGCTCGCCTGCCCTCATTGCAGTCAGAAGACTCCCACGAACATCCAGGAGGACTTCGTCTCGGCGCTCACCGAGATGCGGACCCAGGTGGCCGCGCTGGGCAAGCGCTTCGCCGTCTCGCTCGCGCTGGAAACCGAGGACCTGGAGGACGAGCTCGACGAGGACGAGGAGTCCGACGAGGACGAGGAGTCCGACGACGAGGAGCTCGACTTCGACGAGGACGAGGACGTCGAGGACGAAGAGGACTACGACGAGGACGAGGACGAGCGCTGACGCTCGCCCGTCTACCCCGTCCTGTCGTTTTCGCGGGGAGCGGGTGGTGTGAGGCTGGGGAGCAGGCGGGCACGAATCGGAGCCCTCCCGCCCCCGACGCACATGCACACGTTTGCAGGGTGAAAACGTCCATCCCAGCTGCTTTCGTCCTCGCTCCGCTGTCCGCTGCGCTGCTCGCCCTGGGGGTGCTCTTCCTCCCCGGCTTTGGCGCTCCACCCGCGCATGCGACCGCGGCGCCGAAGAACAGCGAGGCCTGCGTTCCCAAGCAGGGAGGAAACCCCGCCGCCTGTAAGGAGTTGGTGCGCCTCCAGGTGCGGGACGTGATTCCACTCGTCGAGGCGCAGACGCACGCGGTGGTGCTCACCACGGAGGACGGGGCGCTGGTGTTGCCCATCTTCGTGGACGAGTCGGCCGCGGTGGCCATCGCCTTCCGGCTGGCCCACCTGAGGCCGCCACAGCCGCTCTCGCAGGATCTGCTCGGCTCGGTGGTGACGGAGCTGGGCGCCAAGGTGACCGAGGTGCGCATCGACGATCTGCGCGATGACATCTACACGGGCCGCGTCTTCCTCGAGCAGGGCAAGCGCAAGGTGACGCTGGACGCGAGGCCCTCGGACTCCATCGCCATGGCGCTGGATGGCGAGGCGCGCATCATGGTGACACGCAAGGTGCTGGACGAGGCCGGCATCAGCCGCGAGGAGATCGACGCACTGCGCGAGAGCGGCCCGGGCGTGGGCGGTAGCGGCGACCCCAACCTGATGGACGAGCCACTCCCGATGGAGCCGCCCGCGGATCCGCACCATGGCCTGCCGCCGCCGGGCCTGGCTCCGAAGCTGACGCCCAAGACGGACGAGATCAGCCTCTAGCGCCCACGTCGGTGGAACCCCGCGAAGGCGAAAGCCCGGCCCCCCCTCCAGGGATGCCGGGCTTTCTCGCGACGTAGGCACGAAGCCGTGAAACCGAAGACTGCTTCCGCCGACGCCGTCGCTGTCGCCCGCGTTGGCGCCAAGTATTCCCGAGGACGCAAAGCTGTCAAGGCGGCGCCGGGCGCCTAGGATGTGCGCCCATGCGCAAGGCGAAGATCATCTGCACGCTGGGACCGTCCTCGGACTCGGCCGAGGTCATCGAGGAACTCATCCGTTCCGGGATGAACGTGGCGCGGCTCAACTTCTCGCACGGCTCGCACGACCAGCACCGCCGCCGGGTGAATCTGATCCGTCGGGCCTCCAAGAAGTTGGGGATGCCGGTGGCGATCCTCCAGGACATCCAGGGCCCGAAGATCCGCCTGGGCAAGTTCGAGGGCGGGTGCCTGGAGGTGAAGACGGGCCAGACGGTGGTGGTGACGACGCGGGAGCTGCTGGGGTGCGAGAACATCATCCCCACGCCCATCCGCTCGCTGCCCAGGGACGTGGAGCCGGGACACCCCATCCTGCTGGATGACGGGCGGGTGCGGCTGAGGGTGAAGAAGGTGCAGGGCAAGGACGTCACCTGCACGGTGGAACTGGGCGGGATGCTGAAGGACCACAAGGGCCTGAACCTGCCGGGGGCACACGTGTCGGTGCCCACGATCACCGAGAAGGACGCGGAGGATCTGGCGTTCGGGCAGGAGGTGGGCGTGGACTACGTGGCGCTCTCCTTCGTGCGTACGGCGAACGACATCAAGGAAGCACGCAAGCTGGTGGCGAAGCTCAACACGCCGCTGATCGCGAAGATCGAGAAGCCGCAGGCGGTGGCGAACCTGGAGGCGATCGCGCGCGAGGCGGACGGCATCATGGTGGCGCGAGGTGACCTGGGCGTGGAGATGCCGCTGGAGAAGCTGCCGGCGATCCAGAAGCGGATGGTGGCCACGGTGAACCGGATGGGAGGCCTGGTCATCGTCGCCACGGAGATGCTGGAGAGCATGGTGAACAACGCGAGACCTACGCGCGCCGAGGTGTCGGACGTGGCCAACGCGATCCTGGACGGAGCGGACGCGGTGATGCTCTCGGGGGAGACGGCGGCGGGCAAGTACCCGGTGCAGGCGGTGGCCACCATGGCGCGGATCGTCGAGGAGACGGAGTCCGGGGTGGTGAGGAACATGGAGCACCCACCCTTCCCGGACGCCCAGGACGACATCTCCACGGGCGTGGCGGCGGCGGCGGTGGCGGCGGCCGAGCAGATGAAGATCGGCACCATCGTGGCGTACACGGAGCGGGGCCTGACGGCGCGGCTCATCTCGGAGTTCCGGCCGACGGCGCAGATCATCGCGCTGACGCCGAACCCAGAGACGGTGAACCGGATGGCGCTCTACTGGGGAGTGAAGGCGCTGCAGGTGGGCCGGTTGCAGTCGACGGACGCGATGCTGCGGCAGGTGCGGCGGCTGTGCCGCGACGAGGGCATCTGCAAGGTGGGGACGCCGGTGGTGATCGTGGCGGGCGTGCCACTCAACGAGCCGGGGCGCACCAACATGATGTCGGTGCACCGCATCTAAGCCCCCACGCCCTCTCCCAGAGGGAGAGGGCGCCGCGTCACTAGCTGGCGGAAGCGAGCCAGGGCGTGGTCTGCGAGAAGTCGTAGATGCGCTCGATGGCGATCTGCTTGTAGCGCTCGACCTTGACGGCGCGCCGGGCGCACTCCCAGACGAGCTCCGAGGGAGGACGATCCGGCTCCTTCTTCTTGCGGCGCTTGACCTCGGCCTTGATGGCCTTCAGGGCGACGCGAGGGTGGAAGCAGAAGGCCGTGGAGAACAGCAGGTGCCCGGCGAAGGGGATGAGCCGGGCCTCCAGCACATCGCCCGTCTCGAGCCCCGCCACGGTGCGGCGCTCGGTGACGTCGAAGTCCTTGCCGGAGAACAGCTCACGCAGACGCACGAGGCCCTTGCCCAGCTTGCGCACCTCGAAGAGGCCGTGGACGGTCTCCGTGAAGCAGCGGAAGGCGTTGGCCTCCTCGGGCGAGGCGCCCTGCAGCCGCAGCTGGTACAGCTCCGCGGCGGGCGTCAGCTTGGAGATCGGCGAGACCCGGTCGAACAGATAGAAGTCCAGGAAGGACGCCATCCGCAGCTCGAAGATCTTGTCGTCCTCGAAGACCTCGCCGGTGAGGCGGAGGTACTCCGCCTTGGCCTCCAGCAGGTCGGGCTTGCGTGACTCCTGGCTCCCAAAGGCGATGAGCTGGTCGAGATAGGGCTGATACGACAGCGGCGAAAGGGGGGAGTCCATTGGGCAGCGAGATCCTACTCTCCGGCCATGAGCTTCGCGAAACGTGAGAACAGGTACCGGGCGTCATGGGGCCCGGGCGAAGCTTCCGGGTGGTACTGCACGCTGAAGGCGCGGGCGTCGGGGATGCTCAGGCCCTCCACGGTGCCGTCGTTGAGGTTGATGTGGCTCACCACCGCCTTGCCCTTCACGCTCGCATCATCCACCGCGAAGCCATGGTTCTGCGAGGTGATCTCCACCTTGCCAGTGGTCAGGTCCTTGACTGGCTGGTTGGCGCCCCGGTGGCCAAACTTCATCTTGTACGTCCGCCCGCCCAGGGCGAGCGCCAGAATCTGGTGCCCCAGGCAGATGCCGAAGACGGGCACCTTGCCGAGCAGAGAGGCCACGACCTTGTCGGCGCCCTTCACGGCGGCGGGGTCTCCGGGGCCGTTGGCGAGGAAGATGCCGTGGGGCTTCTCGGCGAGCACGGCCTCGGCGGTGGTGCCGGCGGGAACCACCTTCACGCGGCAGCCCACGTCCACCAGGAAGTGGAGCATGGAGCGCTTGAGGCCGTAGTCATAGGCCACCACGTCGAAGCGCAGCTCCGGAGCGGAGCGCGGGGCCTCGC
NZ_CP137851.1_gap156	6942093	6945894	3801	CGCGTGCGGGTGGCGCTGGGTGTGGAGTTGCCGCTGCGGGCGCTGTTCGAGGAGCCCACCATCGCCGGGCTGGCACGCCGCGCCTCGGAGGCGCTGGGGTCCGCGGTGCCGCCCGTCGAGCGGGTGCCGCGCGATGGAGACCGGCGGGAGCTCTCCTTCGGCCAGGAGCGGCTGTGGTTCGTGGACCGGCTGGAGCCGGGAAACACCGCGTACAACCTGGCCGGCGCGGTGCACCTGCGCGGGAGCCTGGATCGCGAGGCGCTGGTGCGCGGCGTCCGCGAGGTGGTGCGCCGTCACGAGGCACTCCGCACGTACTTCCGAGAGGAGCAGGGCCGCCCGGTGGCGGTGGTGGCTCCCGAGGTGGGAATGGAGGTTCCCACGCTCGACCTGCGCGGACTGCCGCCGGGCGAGCGCGAGGCGGAGGTGTCGCGGCTGGCGCGTGAGGAGGCGGTCCGCCCGTTCGATCTGGGCACCGCGCCGATGCTGCGCTTGCGGCTGCTGGAGCTGGACGAACGCGAGCACGTGCTGCTCATCGCGATGCACCACATCGCCACGGACGGCTGGTCCACCGAGCTGTTCGTGCGTGAGCTGGCGGCACTCTACGGCGCGTTCCTGGGAGGAAAGCCCTCGCCGCTGCCGGAGCCGGCGCTGCAGTACGGCGACTTCGCCGCGTGGCAGCGCCGCTGGCTGTCAGGCGGAGAGCTGGAGCGGCAGCTCACCTTCTGGAAGCGCGAGCTCGCTGGCGCGCCCGACGTGCTCCCCCTTCCCTCGGATCGCCCGCGGCCGCCGGTGCGGACGAGCCGGGGCTCCACCGCCACCTTCCGTGTGCCGGCCCCGGTGACGCGCGGCCTGCGGGAGCTGGCGCGCCGTGAGGGCGCCACGCTGTTCATGACGCTGCTGGCCGGCTACCAGGCGCTGCTGGCGCGGTACTCGGGCCAGGACGACGTGGTGGTGGGCACGCCCATCGCGGGCCGCCACGGCGTGGAGCTGGAGGGGCTGATCGGCTTCTTCATCAACCAGCTCGCGCTGCGCGCGGACCTGAGTGGCAACCCCACCTTCCGTGAGGCACTGGCTCGGGTGAAGCAGCGCGCGCTGGGCGCGTTCACCCACCAAGACGTCCCCTTCGAGCAGGTGGTGGACGCGCTCGCGCCCGCGCGTGACTCCAGTTTCAGTCCGGTGGTGCAGGTGGGCTTCGCCTTCCTCAACTACCCGGAGGAGTCCTTCTCGCTGCCCGGCCTGTCGCTGTCCATCGAGGAGCTGGATCGCGGGGCAAAGCTGGACCTGACGCTCGAGCTGCGCGAGGAGGGCGAGGGCCTGTATGGCGTGCTCACCTACAGCACCGACCTGTTCGAGCGGGAAACCGTGGAGGGCATGGCGCGCCACCTGACCGCGCTGCTGGCGGGCGTGGCGGCGGCGCCGGACACCCGCTTGTCGGCGCTTCCGCTGCTCCCAAACGAGGAGCGGCACCAGGTACTGGTGGATTGGAACGCCACCGCACGCGAGCGGGCCCCCGAGGGTACCGTGGCCGGCCTCTTCGAGGCACAGGCGGCGCGCACTCCGGACGCACTGGCGGTGACGTTCGAGGGTAGATCGCTCAGCTACCGCGAGCTGGACGTGCGCGCTGACGAGCTGGCGCGGGCGCTGCGTGGGCTGGGCGTGGGCCCGGACGCACGCGTGGGCCTGTGCGTCGGGCGCTCGGCGGAGGCAATCGTGGGCCTGCTGGGCGTGCTGAAAGCGGGCGCCGCATACGTGCCGCTCGACCCGGCGCTCCCGCGTGAACGGCTCGCGTACATGCTGGAGGACTCGGGCGCCTCGGTGCTCGTCACCGAGTCGCGCCAGGCCGACGCGCTGCCGCCCGCCCGTCACGTGCTGTGGCTGGACCGGCCACTCCCGGCGTCCGGCCCCGTGGAGCCGCGGACCACTCCGCCCTCCGAGCAGGGCCTCGCCTACGTCATCTACACCTCCGGCTCCACCGGCCGCCCCAAGGGCGTCGCCGTGGAGCACCGGCAGATCGTCCACTACGTGCGGGGCATCGTGGAGCGGCTGGGCCTGCCCGAGGGCGCCTCCTACGGCCTCATCTCCACCCTCGCGGCGGACCTCGGCCACACCTCGCTGTACCCCTCGCTGTGCACCGGCGGCTGCCTGCACCTCATTTCCGAGGAGCGGGCGAGGGATCCGCGCGCGCTCGCCGCGTACTTGCGCGAGCACCCGGTGGACGTGCTGAAGATCGTCCCCTCGCACCTGGAGGCACTGCTGGGCGCGGAAGACGCGAGGGATGTGCTGCCGCGCGCCCGGCTGGTGCTCGGCGGTGAGTCCTTCCCGTGGGAGTTGGTGGAACGCGTGCGCGCGCTGGCCCCGGGGCTCGTGGTGTTCAACCACTATGGCCCCACCGAGACGACGGTGGGCGTCACCACGTACCGGGTGAACGGCGCGCGGCCAGGCTCCGCCACGGTACCCATCGGGCGGCCCAACCCGGACACGCGGCTCTACGTCCTGGACCGATGGATGAACCCGGTGCCGCCGCTCGTGCCGGGCGAGCTGTACATCGGCGGCCGGGGCGTGGCGCGTGGCTATGGCGCGCGTCCCGATGCCACCGCCGAGCGCTTCGTGCCGGATCCGTTCTCCGCCGAGCCGGGGGCGCGGCTGTACCGCACCGGAGACCTGGTGCGCCAGCTGCGTGACGGCGCGGTGGAATTCCTCGGCCGCATCGATCAGCAGGTGAAGATCCGCGGCTTCCGCGTGGAGCTGGGAGAGATCGAGGCGGCGCTGCGTGCGCAGCCGGGCGTGGGGGCCGCGGTGGTGGTGGCCCGGGAGGATCGCCCCGGAGACAAGCGGCTGGTGGCGTACGTGACGCCCGAGGGAGCGCCGCGCGCGGCAACCGAACTGGCCGCGGCCCTGCGCCGCAACCTCCCCGACTACATGGTGCCGGGTGCGTTCGTGTGGCTGGACGCGTTGCCGCTGTCGCCCAACGGCAAGGTGGACCGCCGCCGGCTGCCCGCCCCCGCCGCCACGCCGGAGGACAGTGCTCCCGAGGCGTTCCGCACGCCGACGGAACAGACGCTCGCCGCAATCTGGAGCGAGGTGCTCGAGTGCGGCCCGGTGCGGCGCACGGACAACTTCTTCGAGCGGGGCGGCCACTCCCTGCTGGCCATCCGGGTGCTCACCCGCGTGCAGCAGATGTTGGGCGTGCAGCTCCCGGTGCGAGTGCTGTTCCAGGAGCAGACGCTGGAGCAGCAGGCCGAGGCGGTAGACACCGCGCTGCTCTCCCGCGCGGGCACGGCGCTGCCGCCACTGGAGGCGCGCCCCGCGAACGGGCCCACGCCGCTGTCCTTCGCGCAGGAACGGCTGTGGTTCCTGGACCGGCTGGAGCCGGACAGCACCTCGTACAACATGCCGGCCGTCGTCCGGCTGGACGGGGCCCTGGATGTCCCGGCGCTGGAGCGCGCCCTCTCCGAGGTGCTGCGGCGCCACGAGGTACTCCGCGCCTTCTTCGTGGAGCAGCAGGGCCGGCCCGCCCAGGTGGTGCGTCCGCACGTGCCGCTCGCGCTGCCGGTTGTGGAGCTGCCACGCGACGAGGCCGAACGCGCCGCTGGCGAGGAGTTGCGCCGCCCGTTCAAGCTGGACGAGGGCCCACTGCTGCGCGCCCGCCTCTTCCGCGTGGGCGCGGAGGAGCACCTGCTCGCCGTCACCATGCACCACATCGTCTCGGACGGGTGGTCGCTGGGCGTCATCGTGCGCGAGCTGGCCGCGCTCTACGAGGCCTTCACACGTGGCGCGCCGTCGCCCCTGCCGGAGCTTCCG
NZ_CP137851.1_gap157	6952033	6956958	4925	CCGCGACGGGCGGCTGCTCAAGGTGGACGAGCGGCGCGAGGAGGTCCTCCGGATGCCGCGCGAGCAGTGGCAGAAGGTGCTCGACGTGAACCTCACCGGGCCGTTCTACATGGCGCGTGAGGTGGCGGCGGCGATGGTGGAGTCGAAGACGCGGCCCGGCATCATCATCAACATCTCATCCATCTCCCGCCACGGCATCGTCGGGCAGGCCAACTACTCGGCGGCCAAGGCCGGCGTGGCGGTGAGCAGCCGGGTATGGGCCCAGGAGCTGGCGCCCTTCGGCATCCGCGTGGTGGCCATCGCGCCGGGCTTCGTGAGCACCGGCCTCATCGGCGTGATGAGCCAGGAGGCGCTGGAGGACGTCGTCTCGCGCGTGCCGATGGCGCGGCTGGGCGAGCCGGAGGAGATCTACGCCGGCCTGCGCTTCGCCATCGAGTGCGACTACTTCAACGGCCGCTGCCTGGACATCGACGGCGGACTGGGTGTCTAGCCCGGCTTGAACGGCACGGCGAACAGCCGGGCGCACAGGTCCCGCAGCACCGGGGCCTCACTCCCCAGTGGCTCCGCGCTTCGCGCGAACATCTCGCGGAACGCGTGCTCGTCCGACACCACGCCCTCCAGCTTCCGCAGGCCCTCGGCCAGCGCCTGGCGCGCGGCGGGGGCGAACGGATTGGCGCGTTGGATCTCCCAGTACACCTCCGGGTTGGCCCCGGTGATGCGGGCGAGCAGCCCCAGCAGCAGCCGGTGCGGCGGAGTGGTGGCATCGGAGATCCACCGGGGCTGGTAGTCGAGCTCGCGGAGGGCCAGCCCGAAGGCGAGCACCGCGGCGTGGGTGGCCGTCTGGATGCAGGCCATGGACCGGTCGTGCTCCTCGGCGGTGAAGGGCACCACGCGGCCCCCCCACCCCTCCATCAGCGCCACGAACTCGCGCGCCCTCTCCCCACCGCGCTCGCCCACCACGGCAACGTTCTGCCCACGAAAGGGGACGCTGGGGGCGAACAGCGGGTTGATGCTGAGGAACTCCACCGCGCGCGCGTCGCGCTCGGCGCGCTCCACGATCTCCGACTTCACGGAGCTGGTGTCCACGAAGAGGGAACCGGGGCGCATCGCGGGGACGACGGCGCCGAGCGTGGCGAGGATCGCGGGCTCCGGGAGGGCGGCCAGCACGCAGTCCGCGCCAGCCGCCTGGCGCAGCAGCTCCGGCGAGGGAGCGCTCACGTCGGCACGCAGGTACTCGGACACGGACTCGTCCGCGCGCGTCTCGCCGAGATCCGCGCCGACGACGATCCGGCCTTCACCAGCGAGCAGGCGGGAGAACGCACGCCCGACCGCGCCGTTGGCGCCGAGCAGGAGAATGCGGGTAAGGGGCATTCGCGCATGATAATGAGCGAGGCGATGCAGCGGGATACGAAAAGCAGCGGACGGGTGGCGCTCGTCACCGGCGCGTCGAGCGGCTTCGGGCTGCTCACCTCGGTGGAGCTGGCGCGCAATGGCTATACGGTCTTCGCCACCATGCGGGACACCACCCGCCGCGGCGCGCTCGACGAGGCGGCATGCGAGGCCGGCGTCGAGGTGCGTGTGCTCCGGTTGGACGTGACGGACGAGGCGTCCATCTCCAGCGCGGTGGACGAGGCGCTGCGGAGCGCCGGCCGCATCGATGTGCTCGTCAACAACGCGGGCTACACCCTGGACGGGTACTTCGAGGACGTGTCCACGGCGGAGCTGCGTGAGCAGTTCGAGACGAACGTCTTCGGCCTGGCGGCGGTGACGCGCGCGGTGCTGCCCGCCATGCGCCAGCGCGGCGAGGGCACCCTCATCAACGTCTCCTCGCTCTCCGGGCGCCATCCGGGCCCCGGCTACTCCGCCTACTGCGCGTCCAAGGCGGCGGTGAGCGCGCTGAGCGAGTCGCTGCGCGAGGAGCTGGCGCCATTCGGCATCCACGTGGTCCTCGTGGAGCCGGGCGGTTACACCGGGACGAACATCCTGCGGCGCAACCGCCGGCTGCCGGCCCTCGCGATGGATCCCGCCTCGCCGTACCACTCGATGACGCAGGCCCTGGAGGCGGAGATGCAGGGGCTGGCCGCCAGGCCCAAGGGCAATCCGCGCGAGGTGGCACTCGCCATCGTCGAGGCCGCCAACGATCCGCGGGCCTGGCCGCGCCGTGAGCTGAAGGCGAAGTAGGCCCGGTTTCACGCTTCGCCAAGGTACTTCACGCCCCGTCCCGGTCCCTGCACCCACCCCACGCCCGGGCGGTATCCTCCTCTCGCTCCTCGTGACTTCCATGTCCCTCAGCTACCTCGCCCATCTCCGCTGCCCCCGCTGTCACGCCCCTCTGGCCGAAGCCTCCGGCGCGCTCCGCTGTCAGGGGTGCGAGCAGCATTACCCGCTGATGCAGAACGGCGCATTCCCGGTACTGGTGCCGGAGCCGAAGCCGTACCTGGCGGAGAACCTGACGCAGTTCGCGCGGTTCGGCCGCGAGCGGCGCGGGTTCGCGTGGATGATCGATGAGGCCCTGGCGGCGCACCCGTGGCGCGAGACGACGCTCCGGCCGCTCCACTCGGCGCTGCTGCGCAACCTGGAGACGACGGACTCGCTCGGGGCGGAGATCGCCGCGCAGCAGCCTTCAGAGGAGCACGCCGCGGCGGGTGGCGAGCCCCACGATCCTACGAGCGGGCAGGCCGATTACGGGCCAGAGCTCCTCGGCTTCGTGCAGACGGACTGGTCCGACGCCCCGGAGATGGCCGCGCAGCGCGCCACCGTGATGGAGAAGGTGGGCGGAATGCTGGACCGCTTCTCCAGCGGAGTCCCCGCGCTGCTGCTGGGAGGCGGCGCCGGCCGCGCCTACTACGATCTCGCGCCCCGCTTCGAGCGGCTGATGGGCTGCGATCTCTGCTACACGTACGTCTCGCTGTATCACCGGGTGCAACGCGCGCCGGTGCCGCTGGCGGAGATCCACTTCCCCACGATTGCGACCGATGTGGTGGCGACCCCCTTCGTGGCCCAGCGGCCGGCGGCGGACGGCGAGCGCACGCACGATGCCTATTTCGTGGCGGATGCCACCCGGCTACCGATCGCGGACGCGTCGCAGCGCACCGTCATCTCCATCTACTTCAGCGACTGCGTCCCGTTCCCCGCGCTGGTGCGGGAACTGCACCGCGTGCTGGAGCCCAACGGCACCTTCGTCAGCTACGGCCCCATGATCCACCGCTCGGTGCCGCCCACCGGGTGGTTCACGCCCTCGGAGGTGATGGCCATCGCGCGCCAGGCCGGCTTCGAGTGCGAGTTCCAGGAGTGGAGCGAGCTTCCGTTCCGCGAGTCCCCCCACCACGGCATCCGCACCACACACCGCGTGTGGGCGTACACGCTGCGCAAGCGCGGCTGAGCCGGCGGCCATTCCCTAGCAGCACTCCAAGGAGACGTTTCATGTCGTCCTCGTTCGATGTGGTGGTGGTTGGCAATGGCGCGCTGGGGCACGCGACCGCGCGCGCCCTGATCTCGGCGGACCCATCCCTGAAGGTGGCGGTGGTGGGCCAGGCGCACCGGCCAACTGGCGCCTCGCCCGCATCGGGCGCGATGCTCGGGACCTTCGGCGAGGTGACGGCCCCGCTCATCCGCAGCCACTATGGCCGCACCAAGGTGGAGCTGGCCGTCCGTGCCTCACACCTGTGGGACGAGTGGGTGGCTGGCCTCAACGCGGAGCTGCCGGCCGAGCAGCGGCTGGAGATCAAGCGCGGCACCTTCGTCATCAACAACAACCTGTCCGGGCAGATCGAGGACGAGAACTACTCGGCCATCATCGCCACGCTGCGCAAGTACGAGGAGAAGTGGGAGGAGGTGGATCCCGCCGCCATCCCCGGACTCCAGCCGGCCGCGGACAGCCGCCCGCTGCGCGCGCTCTTCATCCCGCGCGAGGGCACCGTTGACTCCGGCCGCCTGCTGGCCGCGTACGGCGCGGTGGCGGGGCGCTCGCAGCGCCTGCGCGTGGTGGAGGACGGCGTGAGGACGCTGCGAATCAACAACGGCAAGGTGGAGGGCGTGGAGACGCTGGGAGGCGAGGTGCTCAACGGCTCGCACGTGGTGCTGGCGGCGGGCATCGGCACCCAGGGGCTGTTGGATCAGCACCCTGCCCTGGCGCAGCGCATTCCGCGGCTGTTCGCGGGAGGCGGCACCTCGGTGGTGCTGGAGGCGGACGTGCCCATCACCCCGCACGTGGTGCGCACCCCCAACCGCGCCTTCGCCTGCGGCCTGCACGCGGTACCCCGCTCCGAGCGCACCGTCTACGTGGGCGCCACCAACCACATCACGCCCCGCCCGTTCGAGCGCGCCAACGTGAGCGACATGTACTTCCTGCTCGAGTGCGCGATGGATCAGCTCCACCAGGGGCACCAGTCCTCGCGGCTGGTGACGTGGAACTCGGGCAACCGGCCGGTGAGTATCGACGGGTGCCCGCTGATCGGGCCCACCTCGGTGTCCGGGCTGTGGATGCTGACGGGCACGTACCGCGACGGCCTGCACCTGTCCCCGCTGCTGGCGCAGGACATGGCGCGGCGGATCCTCGGCCTCGAGCCGCTGTACGAGAACCTCTTCGCCCCGGAGCGCCAGCCCATCTGCACGCGCACGCGCGAGGAGGCGATCGAGGAGGGCATCCGCCACTACGAGGCGGTGGGCTACGAGCACCGGATGACCATTCCGCGCGTGGGCTGGCACGTCACCTTCCAGCGCATGTACCGGAACACGCTGGCCAGCGTGTATGACGCCCTCGAGTCCGACTACGTGATTCCGCCGGAGTTCGTCCCCATGATCGACAATGATCGCAAGCACTGGGTACCGTTCCTGCGCGAGTACTACCGCAACATCAAGGCGGCCCACGGATAGGAGCCCTTCCCTTCATGGACATTCCCCGCGTCCTCGATCTCTATGACCAG
NZ_CP137851.1_gap158	6958871	6963610	4739	GCAACCGCGGCGAGCTGGAAGGCCTCATCGGCTTCTTCGTCAACACGCTGGTGCTGCGCACCCGGCTCTCGCCCCAGCAGAGCTTTCGCAAGCTGCTCGCCCAGGTGAAGGAGACGATGCTGGGCGCGTATGCCCACCAGGACATCCCCTTCGAGAAGCTCGTGGAGGAGCTCAAGCCCGAGCGCGACCAGAGCCGCACGCCGCTCTTCCAGGTGATGTTCGCCGTGCAGAACGCCCCGATGCCGGAGCTGAACCTGCCGGGCCTGAAGATGCGCCCGGTGACGGTGGAGAGCGAGTCGTCCAAGTTCGACATGACGGTCGCCTTCACGGAGCGGGCGGAGGGCTTCCTCGCGGAGGTGGAGTACAGCACCGACCTGTACGAGGCCTCCACCCTCCAGCGCATGCTGGAGAAGATGCAGATGCTGCTGGAGGGCATCGTCGCCTCGCCCGAGTGCAAGCCACGCGAGCTGCCCCTGCTCAGCACGAACGAGCGCCAGCAGGTGCTCGTCGATTGGAATCGGACCCACACCGACTTTCCGCGCCAGCGGAACATCCACCAGCTCTTCGAGGAACGGGTGCGCCTGCACCCCGAGAGCGTGGCCCTGGAGTTCGGCGAGACGCAGCTGTCCTACGGTGAACTCGACACACGCGCCAACCAGCTCGCCCATCTGCTGGCCTCCAAGGGCGTGCGCTCCGGAGACCTCGTCGGCATCTGTGTCGAGCGCTCCGCCGGCCTCGTCGTCGGCCTGCTCGGCATCCTCAAGGCCGGTGCTGCCTACGTCCCGCTCGACCCCGCCTACCCCCAGCAACGCCTGGCGTTCATGCTGGAGGACACCCAGGCCCGCGTCGTCGTGGCCCAGCGCCACCTCGTGCCGTCCCTGCCCCTGGGCGACCGCTCCCTCATCTGCCTCGATGAGGATCAGCATCTCATCGGCCAGCAGCCCACCGGACGGCCCTCGCTGTCCGTGAACTCGATGCAGGCCGCGTACGTCATCTACACCTCGGGCTCCACGGGCAAGCCCAAGGGCGTGTGCGTTCCCCACCAGGCCGTCGTGCGCCTGGTGCGCAATACCAACTTCATCGAGCTGAAGGAGACCGATCGGGTGGGTCAGGCCTCCAACGCCTCCTTCGACGCGGCCACCTTCGAGGTGTGGGGCGCGCTGCTCAATGGCGCCCGCCTGATCGGCGTTCCCAAGGAAGTCGCTCTCGATGCCAGGACGCTCGGCGAGCACCTGGAGCGCACGCGCATCAACGTGCTGTTCCTCACCCCCGCCCTCTTCAACCAGGTGGCCCGCGAGCGTCCCCAGTCCTTCTCCGGCCTGCGTCAGCTGCTCCTCGGCGGCGAGGCCCCCGACCCCAGGTGGGTGCGCGAGGTCCTCCAGAAGGGGGCCCCAGGCAAGCTGCTGAACGCCTACGGCCCCACCGAGAGCACCACCTTCGCCACCTGGTACCACGTGCGGCAGGTGCGTGAGGGCGTCACCACCATTCCCATGGGTGGCGCTCTGTCCAACACCACGCTGTATGTGCTCGACCGCAACGGGCAGCCCGTGCCCGTCGGTGTCCCCGGTGAGCTGCACATCGGTGGTGAGGGCCTCGCATGGGGTTACCTGCACCGCCCCGAGCTCACGGCCGAGAGGTTCGTCCCCCACCCGTTCGCCTCCCAACCCGGTGAGCGCCTCTACCGCACCGGCGACATGGTTCGCTGGCTGCCCGAGGGAAACCTCGACTTCATGGGCCGCGTGGACTCGCAGGTGAAGCTCCGTGGCTTCCGCATCGAGCCAGGTGAAGTCGAGTCCGCTCTCGTGGGCCACCCGGGCGTGGGTGAGGTCGTGGTCATGGTGCGCGAGGACTCCCCGGGCGACAGGCGCCTGGTGGGCTACGTCGTGGCTCGTGAGGGCCAGGGCCTCGAGGTCTCCGAGCTCAAGGCGTACCTCAAGGACAAGCTGCCGGACTACATGGTCCCGGCCGCCCTGGTGAAGCTCGACAAGCTGCCGCTCAACCCCAACGGCAAGGTGGACCGCAAGGCCCTGCCCGTGCCGGATCAGGTGCGGACGAGCCAGGGGTACGTGGCTCCGCGCAACGAGACCGAGCGGCTCCTCGCCCAGCTCTGGTCAGAGGTGCTCGCCGCACCGCGCATCGGCATCCACGACAACTTCTTCGAACTGGGTGGCCACTCGCTGCTGGCCACGCAGGCCCTCTCGCGCATCCGCACCGCGTTCAAGGCCGAGCTGTCCCTGCGCGAGTTCTTCGAGTCGCCTACCATCGCCGCGCTCGCGCTGAAGCTCGACGTGTCGCTCGAGGCCAGCCAGGGCATCCAGGCCCCGCCCCTCACCCGCGTCTCGCGCGAGGGCCCGCTGCCCCTGTCCTTCGCCCAGCAGCGCCTGTGGTTCCTGGATCAGCTCCAACCGGGCAGCTCCTTCTACAACGTGCCCACCGCCTTGAAGCTGGAAGGCACGCTGGATGTCCCGGCAGTGGAGAACAGCCTCTCCGCGCTGGTGCGGCGTCACGAGTCGCTGCGCACCACGTTCCACAGCGAGCGGGGCCAGCCCCTCCAGGTCATCACCTCGCCTGAATCACCGCCGCTGCAGGTGGTGGATCTTCGCTCGCTGCCCACCGCCAGGCGTGAGGCTGAGGTGCGCAAGCTCACCACGCAGGAGGCGCGGCAGCCGTTCGACCTCGGCCGTGGACCCCTGCTGCGCGCCCTGCTGCTGCGCGTCGGCGAGCACCAGCACGTGCTCATGCTCACGCTGCACCACATCATCTCCGATGGATGGTCCATGGGCGTGCTGGTGCGGGAGCTGGCCGCGTTCTACCAGGCCTTCTCGCGGGGCCTGCCCGCGTCCCTGCCCGAGCTGCCCTTGCAGTACGCGGATTACTCCGCCTGGCAGCACGACTGGCTCCAGGGCGAGGTGCTCGAGAAGCAGCTCGGCTGGTGGCGCCAGCAGTTGGCCGATGCGCCTCGTGCGCTGGAGCTGCCCACGGACAAGCCCCGGCCTCCCGTGCAGACGCACCAGGGTGCCCTCTGCCACATCCAACTGCCGCGGCCCGTGTCCCTGGCCGTGAAGTCACTCGCGCAGCAGGAGGGTGCCACGCCCTTCATGGTGCTGCTCGCGACCTTCCAGGTGCTGCTCTCGCGCTACTCGGGACAGGACGACATCTGCGTGGGCTCGCCCATCGCCGGCCGGAACCGCGGTGAGCTGGAAGGCCTCATCGGCTTCTTCGTCAATCCCCTCGTCCTGCGTGCTCGCCTCTCCGGCGTCTCCTCCTTCCGCGCTCTGATCCACCAGGTGCGCGACACCACGCTCGGCGCCTTCGAGCACCAGGACCTGCCCTTCGAGAAGCTCGTCGAGGAGATCCAGCCCCAACGTGACCTGAGCCGCTCGCCGCTCTTCCAGGTCATGTTCACCCTGCAGAACGCGCCCATGCCCGAGCTGGCGCTTCCAGGGCTGACGCTGCGCTCCCTCGAGGAGGAGAGCCACGTCGCCAAATTCGACGCCAACCTCATCTTCGCCCCCTCCGAGGACGGCTTCCACGGCGCCTTCGAATACGCCACCGATCTCTTCGAGCATTCCACCGCCGCTCGCATGATGGGTCACTTCCAGGTCCTCCTGGAGGCCGCCCTCTCGCGCCCCGAGACGCCTCTCTCCGAGCTGCCTCTGCTCTCCGAGGCCGAGCGTCAGCAGGTGCTCGTCGACTGGAACCAGACGCAGCGGTACTACCCCCGCGACGCCTGCATCCACCACCTCATCCAGCAGCAGGCTTCCCTGCGCCCCGGCGCCATCGCCGTCGAGTTCGGCGAGCAGAGCCTCTCCTGGCGTGAGTTGGACACTCGCTCCAACCAACTCGCCCACCTCCTGCGCTCGCACGGCGTGGGGCCTGACGCCCTCGTCGCCCTCTGCCTCGAGCGCTCCCTGGAGCTCATCGTCTCCCTCCTGGGCATTCTCAAGGCCGGCGGTGCCTACCTCCCGCTCGACTCCACCTATCCAGCCCAGCGCCTCGCCTTCATGTTGGAGGACGCTCCTCCCCGGCTGCTCCTCACCACCCAGGCGCTGCGCCCCGCCCTCACCCTGCCTGACTCGCTCCCCTGCCTCGTCTGGGACGAGCTGGAGCTCGAGGGCCTGCCCACGTCCGCTCCGGACTCCGGTGTCACCTCGCGCAACCTCGCCTACGTCAACTTCACCTCGGGCTCCACCGGCAGGCCCAAGGGCGTCGCCATCGAGCACCGCGCCGTCCTCCGCCTCTTCCACGGCGCCCGCTTCGCTCACTTCGGGCCCGAGACGAGCTTCCTCCACCACTCCCCCACCTCCTTCGACGCCACCACGTTCGAGATCTGGGGCCCCCTGCTCTTCGGTGGCCGCCTCGTCGTCTTCCCTCCCCAGTCGCCCAGCGATCTGGAGCTCCTCTCCCAGGTCCTCTCCCGGCACAACGTCTCCACCCTCTACCTCTCCGCGGGCCTGTTCTCCCTGGCCGTCGACCACAAGCTCGACGGCCTGCGCGGTCTGCGCCAGCTCCTCGTGGGTGGTGACGTCCTCTCCGCGCCTCACGCTCGCCGCGCGCTCGAGCAGCTGCGCATCCCGCTCACCAACGGCTACGGCCCCACGGAAAGCACCGTCTTCTCCACCTGCCTCCCCCTCACCCTGCCCGAGCAGGTGGGCGCCTCCGTCTCCATCGGCGCCCCCATCGCCAACACCCAGGTATACCTGCTGGACGCCTCCTTCCAGCCCGTGCCCCCCGGTGTC
NZ_CP137851.1_gap159	6968547	6970633	2086	GCAGATGCCCGGCCTGCGCGCCAGCTTCGTCGAGGTGCCGGACACCCCCGTGCAGTGGGGCACCACGCTGGCCGACCTCACCCTCGTGTTGCGCGAGGAGCCCAGCAAGCTCGGTGGCGCTCTGGAGTACGCCACCGAGCTCTTCGACGCATCCACCGCGCGCCGCATCCTCGAGCACCTGCGGGTGCTGCTGACCGCGGGCCTGGCCCGGCCAGACGAGCGTATCTCCCGGCTGCCCCTGCTCACCGGCGAGGAGCGGACGCAGTGGCTCCAGCCCCCGCCCATGCCCACCTCGCCCTCCGTGCCCGAGCTGCTGGCTCGGCGCGCGGAGAGCACTCCCCAGGCCGTGGCCGTCGCGCGGGAAGGACAGACCTGGACCCTGGGTGAACTGATGGCCAGGGCCCGCGGTCTGGCGGCCCGCCTGCACGCCCTGGGCGTGAAGCGCGGTGAGCCCGTCGTCGTCTGCCTCGAACCCTCGCCCGAGAAGCTGCTGGCCCTCTGGGGCGTGTTGGAGGCGGGTGCCTCCGTCGTCACCCTGGCGCCCTCCGAGCTCGGAAGCCTGCCCCACTACGCGTCCGAAGGCGCCAGCGCCCCCGTGCTGCTCACCTGGCGTGGCCTCGTCACCGCCCAGCGCCTGGAATCCTCGCGTGTGCTGCACGTGGAGTCCCTCGAGGACGCCCCGGCCTCCGCTGGGGCGATGGCCTCCGTGCGTCCGGAGGATCCGGCATGGCTGCTGCCCGCCGGTGCCTCGCAACCCGCCTGGGTCCTCACCCAGAGGGGATTGCTCCACCTCTTCGAGACCCTGGATGCACGGCTGAAGCCATCCGAGGGCAGCGCCTGGCTCGCCGCCGCCGAGAACACGGTGGAGCGCCCGGAGCTGGAGTGGCTGTGGGCCCTCTCTCGCGGCCTGCGCGTCCTCTTCCCCTCCCAGGAGGTGTCCGCGAGTCTGTTGCACCTGCGCGGCGAAAACGTCCGCTCCCGCGCCGTCGACTTGAGCCTCATGTTCTTCGCCAATGACGAAGACTCCATGCGGGGCTCCAAGTACGAGTTGCTGATGGAAGGGGCGAAGTTCGCTGACGCCAACGGCTTCTCCGCCGTCTGGACGCCCGAGCGCCACTTCCATGCCTTCGGCGGCATCTACCCCCAGCCCGCCCTCCTCGCCTCCGCCGTCGCCGCGGTGACGCGCAACCTGCGCCTGCGCGCCGGCAGCGTCGTGCTCCCCCTGCATGACCCGCTCCTGGTGGCCGAGCAGTGGTCCGTGGCCGACAACCTCTCCAGCGGCCGCGTCGGCGTCTCCGTGGCCACCGGTTGGCATGTGCAGGACTTCTCCTACGCGCCCCACAACTACGAGAACCGGCGCAACATCCTGATGGAGAACCTGAAGACGCTGCGCGCCGTCTGGCGCGGCGAGAAGCTCAAGCGCCGGGGCGGTGGTGGCGTGGAAGTGGAGGTGGGCCTGCGCCCGCTGCCCGTGCAGCGCGAGCTTCCCATCTGGCTCACCGCCACCTCCAACCCCGAGACGTTCCGCATGGCCGGCGAGCTGGGTGCCGGTGTCCTCACCGGCCTGTTCGCCCACTCCTTCGACGAGCTGAAGGCCAAGGTGGGCCTCTACCGCGAGGCCTGGCGCCGCAACGGCCACCCGGGCCGCGGCCACATCACCGTCATGCTCCACACCTTCATCGGCGACGATGACCGCGAGGTGCTGGAGACAGTGCACAAGCCCCTGCTGGGCTACTTCCGTGGCTCGGTGGACATCGTCGCCTCGCTGGCGGCCCTGCAGGGCTTCAAGGGCGACATCGCCAAGGTGCCCGAGGCCGACATACAGGTCGTCCTGGAGCGCGGCTTCGAGCACTACGCCTACCACGCGGGCCTCATCGGCTCGGTGGACAGTGGTGTGAAGCGGATGGAAGTGGTGCGCCTGGCCGACGTGGACGAGGTGGCGTGCCTCATCGACTTCGGCCTGGACAACCAGACGGTGCTGCGGGGCTTGCGCAAGCTGGCCGAGGTACGCCAGCGCGGCGAGGAGCTCGCCGCCGGACGGCAGCAGCAGGTGTTGGTGGAGAGCCGGCAGGGCGTCGACGCCCTG
NZ_CP137851.1_gap160	7169856	7171698	1842	GTCCGGTCGATTGCCAATCCCCAGGGCCCATTGAGGCACGCCTTGGACGCGGGGCCACCGTCTCCGCAAAACCCTCGTGCCCCGGGCTTGCCCGCCAACGTGAGGATGACGCCCTCCGGCGTGACATAGCGGACACGGTCATTCTCGAAGTCGGCGATGTAGAGGTTACCGTCCCGCCCCATGACGATGTCCTGGGGATGGTTCAAGCGGGCCAGGCCCGCGGGCCCTCCGTCCCCCGAGTCTCCTCCCATCATGTCGCACTGGCCCGCGAAAGTCGTGGCGGTGCCGTCAGGGAGTATCCGGCGGATGCACTGGAGATACGTATGGGAGACGTACACGCTGCCATCCGGCCCCACGTCGACATAGTGAGGCTGGTATTCCTCACTGCCAAGCACCGTGGAGATGCGCCCATCCGGTCCCATGCGGCGGATGCGATGGTTGAGCGTGTCCGCGATGTACATGCTCCCATCCGGAGCAAAGGCCACGTCGCGAGGGTTCCAGAGGCTGGCCCGCACGGCGGGACCGCCATCCCCCGTGTCGCCTGGCGCTCCATTGCCAGCCACCGTCGTGACGACGGGCTTTTCCTCCGTCAACCCCGTGGTACGCCGCTCGCCATGGCCCAGGTACAGCGTCTGGGATGCCGGGTTGTACGCATGGTGCACGTCCAGCGTCCATCCACCCAAGCTCACCGGGGGCACATTCCACTCCCCCACGCTCGAGGTCTTGTGCTGCCACAGCGTGAGTTCCCGCGCCGGACGGTCGCCGGTGATCGGCACGCCGGAGAGACGGCCAAACGATTGATAGAACTCCGCGGGCTCCTGGTAGATGGCCGGATACACGTAGCCGATGCGAACCGTCACCGGCCACTGGCCCTGGAGAAGACGGCCGTAACCATCCCGTCCATTCCACTCGAAGGTATGGGTTTGATGGGGAACGGGCGGGAAGACATAGGAGAAGAACTGGCCCGCCACCTCGATCTGCAGATGGATGCGCCGGAGCTCCCGATGGAGGGTGGCCCCACTGAGTGGAATCTCGACGGTGTGCGCGGTCCGGCGCCCCGGCACCCTGTCGCTGCGGTAGTTCAGCTGGAAGGGAGTCCCCACCACGCTCAGCGATTCGCCCAGGGCCTGGTTCTGGCAGTCGATGATGGAGCCGGGGCAGAGATTGGGCTTGTCGTCCGGACCATCCTTCGTGGGCGGCCCCGGATCGGGCGGCCCCGCGCCCGTGGGAGGCCCATACGGCCAGTTGTAATCCCACGGCGTGAAGTGGGAGACCGGCGTGCGCCAGAAGCTCTTCCCCGGCGCGAACAGGGTCACCAGCCGCTGCCGCTCGGCCTCGGTGATGCCCAGTTCCGTCAGGGCGCTCCCCTCGTCGGCCACGCCATCCCCCGTCACATCCAGCACCGCCCGGCCCCCGGTGATGTCCAGCACCTGGACGATGCGGCCATTGTCCGAGGGCTTCCACACCCCGGCCCGCCTGTCGTACCACCCCGCGGGCACGTGGCCCCCCACGGGGAAGTTCAAGAAGTTGTCCACGTAGAGGTAGAGCGGCTGGTTGAAGCGGACCTCCTGCACGACCGCGGAATCGGACCAGTCCATCGCCTCGTCCACGCTCAGCTCCACCGCGTACGTGTAGCCCGAGGCGGCGGGGAGTTCCCCCGGCATCGTCTCGGGCCCCTTCTCTCCTACCGTGTACTCGGTGGCCCGCACGTGCAACGTTGGCAGCGGTTGCGTGCTCCCATCCGCTCGCACCAGTGTGGCCTCCGTCCCTGGCGGGAACAACAGCGTGGCCTGCCGCGTCCCGGCCTCATCACTCGTCACACTGCCCCGCGCCACCTGATAG
NZ_CP137851.1_gap161	7180795	7183185	2390	GGCGATGATGCAGGAAGGCGCCGTCCAGGTGATACGACTCGTGGTGGCACCGTTCTCCGGTGTGCCAGGCGAGCCCGAAGTGGCGGCCCACGCGAAACCGAGCGCGGAGCCCTCGGAGTCCCAGGCCTCCACCTCGAAGGTGAGCACCTTGCCGGGAGTAGCGGTCTCCGAGGAAGTGCTGGCCCTGGTGATGATGGGCTTGAAGTGGCTGGGCGTAGCGGGGGTGGGGTCGAGCTTCACCACGAAGGTGGTGGGAGCGCACGCGCTCACCTGGCCCAGCCCGAAGTCCACGGTGCCCTCGAACCAGCCCCCCAGCAGCAGGTTTCCCTCGGGGTCTACGCCCGCTCCGATTCCCTGGGAGCTTCCCAGCGACGCTCCGTCCACCTCGCGGCTCAGCGATGGGAAGACGCGATCCCTCAGATACCTGCCCTCGGGGTCATACCAGGCCACGAACGCAGCCGGGCCGCCGGACTGACGGATCCCACCGCCCAGGTCGAGGGTGCCAGTGAACGCCCCGGTGAGCAGTGCGTTGCCCTCGATGTCGGCCGTCAGGTGCAGGTGCCAGAAAGGAACGCTGATGCCGCGCCGGCTCCAGAGCGCCTCGCCGTCCGCGGAGAACTTGGAGAGCGTCATCTCTCTCGATTGCACCAACAGCACCAACACCGAGCCCGCCTCCGCCACCTTCAGGTACGAAGGGGCCCCCCCTCCTTCCCCTCCGCCGACCGGGCCCGCATTCCGGCTCCAGAGCGCCTTGCCCGTGGAGCCCTCGAGCTTCGTGACAAATACATTCGGGCGCTCAATGGCGGAGGTGAGCACGGCTCCATCGATGTCGAGCGTGCCGTAGAAGTTGGCCGCCATCAGGACATCGCCCGCCGCATCCACGTCGATGGCGTTGGCGAAGCGCAACGCGTCAGCGCCGAGGATGCTCCGGCTCCACAGGGTCGCTCCCGTGCCCGCCTCGAGCTTCGCCACGAAGATGCCATTGCCGTTGTACATCGCCAGCAGGACGACGTTGCCAGCCGCGTCCATGGCCACCGCCCCACTGCCGAGCATCCCACCGAAACTCTGGACCCACAGCACGCTGCCGTTGGGTGCGAACTTCGCCACGAACGTCTTCGGAGGGGCTTCGTTGATCAGCGAGACCCCATCGATGCTGAGGGTGCCGGAGTAGGACGCCGCCACCGCCACGGCGCCCATCGCGTCCACGGCGATGCCCTCCTTCGTGGAGTAATAGGAGCCGCTTGCCTCGATGTCGAGGAACTGGGCCCAGACAGGCTCGCCCCGGGCATCCACCTTCACCAGGAGCATGTCCCCCTTGTCTCCCGTGAAGGCCGTGCCCCCGATGGTGGTGGTGCCACTGAACTTGCTCAGGGTCAGCGTGTTGCCCTCACCGTCCACCGCCATGCCCAGCATCGGCGTCGAGGACGTGCAGCTCATGCCGCGGGCATCCACGGCCCAGAGCCACTCGGACGTGGGCTCGCAGCCCTCGCTCACGCCATTGCAGTTGTCGTCCTCCAGCGTCGAGCACGTCTCCGGCCGCGGGAGCCGTTGCCCCTCACAGACGACATTGCCGAACTTGTCGCACGCCACCGTTCCCGCTCGGCAGACGCCCACCCCCAGGGTAGCGCTGGCCCCGCCATAGCAGGGTGAGCCCTCCTGGTCGGAACAACTGCACTCTTCGTTCACCTCCCCATCGCAGTCGTCATCGAAGGGCGTCCGGCAGCTCTCCGCCGCTGGCAGCACCTGCCCTCTGCACGCGCTCCACTCCGTCCCGAGGACGTTGCACTGCCGGCGTCCCGTCCGGCACATCCCCTTCCCCTCCGTTCCAGCCGGCCCAGGGTACGCACACGCCTCGTATGCCCCCGGCTCGCAAATGACGGTGTCCGACAGGGTGAGCCGGACCTCGGTGCACGGGCCACTGCCGCACACGGCCGCCGCTTCTGTCCCCGTCACCGTCACCGCGCCCGACGCCGGCTCATCCGCCGGTCCCGCGAAGATGTTCGCCGTGTTGCCCCGCTTTATCTCGATGCACGCCCTGCCATCGGCCCCGGTGGACACGGCCGCGCTGGCACCCGAGTAGCTGGCGCCCTCCGCGTGTACCACCGCGCCCTTGACGGGTGCTCCCTTCTCGTCCACCACCAGCACGCTCACACAGCTCTTGTCCGTCCAGGGCTTGTCGCAATTCCACCACGTGAAGTGCTTCACCGTGACGACCCAGGCCAGTCTGTCCGGCTGTGTCGTGGAGGGCTGGATGGTTCCCTCCCCCTCCTCTCTCCACTGGCCCGCCTCCAGGTCGAACCACCACGCCGGCACGCTGTCTCCCACGCGGAACTGGCTGGCCAGCGCCTCCGGCAGGACGAACTCCAGCGTGGCGGATTTGCCCGGCGCCA
NZ_CP137851.1_gap162	7236297	7239910	3613	ACGAACATCCGCGGGTAGTACGGCAGGTCCTGTGGCGAGTTGGTGAGGTCCGTCCAGGTCCTGCTGTTCTGGTCGAACCGCTGCACGAGCTCGTTGATGTCGCCGGAGCCGGCGATTTCTCCAGAGAAGACCAGCGCGTCTCCATTGGGGAGCGTGGTGTTGGTGGGGTACCAGCGCCCTGCGTTCATGTCCGGGGCGCGAATCCAGCTCAGCGTGAAGGGATCGAAGAGGCTGGTGTCGGGCAGCCCCTCGTGGCTCTCGATGTGCCCGCCCGTCACGAGCAGCCGGCCATCCCCCAGGAAGGAGTGACCGGCACAGAAGATGTTGTAGCCCGGCGGGGTCAGCCTGGTGGGAGCCCCCGAAGTGGGATCCCAGAGCCACGCCTCCTCGCCCTCATCGAACTCGCCGAAGAACATCACCTTGCCAGTAGGCAGCAGGTGGGTATGGGTGGCGGAAATGGGCCAGGCGAGGACGCCCGACCACTGCCCCGCCGTGGAGGGCTGGGCATTGACCCGAAGCGGCAGCAGGGCGCCCGCCGCGATCAGCACCGCGAGCACCCGATGGAGCGAGATAGGTTGTTTCGTCATTGCGACCCCGTGGAACGCCTGCCAGGTCCGGCGGAAGAACGTGGGCAAGGAGGGCTCGCGTGCCAAGCCGCCCTCGAGGTCGAACGCGGCGATGGCAGGACGACAGACCCGCATGCTGCTGGATCAGCCCACCTGGCGGTGCTTCCCGTCGACGTGCTGGATGTTCAGCGTGGTGACGTCCACGTCATCCAGGCAACGGGTGTTGACCGCCACCATCGGACCGGTTGGAGCGGTGCCGCGCGCGAAGGAGCGGATGCCGCAGGTCTTACAGAACAGGTGGTGGATGACCTGCTTGTTGAACTGGTAGTCGGTCAGGTTCTGCTCGCCCTTCTCGAGAGTGAAGCTGCTCTCGGGCACGAACGCGAGCAGCGTGCCGGTGCGCGCGCAGATGGAGCAGTTGCACTGGATGACAGGCTTGGAGAGATCGAGCTCGACGCGGTAACGAACGGCGCCGCAGTGGCAGCCGCCGGAGTGGGAGGGAGTAGTGGACATGTGCGGAGCCTAGAAGTGTTCGCCCCGCCTGCGCCACGGCCCAGGTATGTTCCGGCCATGAACGACATGTCCTGGAAGAAACTCGCTTTGCCGCTGACGCTGTTGCTCGGTGGGTGCGCCACCCAGGCTGGACGGACCAGCCTCGCCGATACGATGGCGCGTACGCGCATCGTCGACATCAGCCATCCCCTCACGGAGAAGATGCCCGTCTACCCCGGGGGCACGTTGATGTCCGCGAAGCTCAAGGGCACCGTCGAGAAGGACGGGTACTACATCCGCGACTTCACCGTGGGCGAGCACACGGGGACGCATGTGGACGCTCCGGCCCATTTCGCCGCCGGTGCGAAGACCGTGGACCAGCTCCCCGTCGAGTCACTGGCGGGCCCGGCCGCAGTGGTGGACGTCTCGGAGAAGGCCGCGCAGAACGCGGACTACGAGGTGACCGTGGAAGACATCGAGGCCTGGGAGCGGCAGAACGGCCCGCTGAAGCCCCAGCACATCGTGCTCATCCGCACCGGCTGGGCCTCGCGCTGGCCAGATGAGGCGCGCTACGGCAATGCGGACGCCTCCGGCGTGATGCACTTCCCCGGAGTCTCCATGGCCGCGAGCCAGTTGCTGAACACTCGTCAGGTGCGCGGCATTGGCATCGACACGCTCTCGACGGATCCGGGGCCGAGCAAGACGTTCGAGCAGCACCGGCACTTCCTGTCGGGTGGCGGCTATCACATCGAAAACCTCGCGGACCTCTCCGCCCTGCCGGCCGAAGGGGCCTACGTCGTCGTGCAGCCGGTAGCCGTGCAGGGCGGCAGTGGCAGCCCCGCGCGCGTGCTGGCCTTCATTCCCCAGTAGAACCGTCAGACATCAGGTGCGGAGCGTGGCGCCCGTGGCCTTGCGCCACGCTCCGAGCAGGTGATCGATCACCTCCTGAAGCCCCACGCCCTTCGTCACCTGCGTGAAGACGAAGGGCCCATCCCCCCGCATCTTCCGCGCGTCGCGATCCATCACCGACAGGTCCGCCCCCACGTGCGGCGCCAGGTCCGTCTTGTTGATGATCAGCAGGTCCGACTGGGTGATGCCCGGTCCGCCCTTGCGCGGCACCTTGTCCCCGCCCGCCACGTCGATGACGTACACCGTGTAGTCCGCAAGCTCCCGGCTGTACTGCGCCGCCAGGTTGTCTCCCCCACTCTCGACAATCAGCAGCTCCGGCTTCAGCGCCTCCATCAGCTCCTCGAGCGCCAGCAGGTTGTGGCTGATGTCCTCGCGAATCGCCGCATGTGGGCAGCCGCCCGTCTCCACCGCCTTGATGCGCTCGGGCGAGAGCGCCTTGTTGCGCACCAGGAACTCCGCGTCCTCCTGCGTGAAGATGTCGTTGGTCACCACGCCCAGCCGGTAGCGATCCCTCAGCTCCCGGCACAGCGCCAGCACCAGCGCCGTCTTCCCGCTCCCCACCGGCCCTCCAATGCCAATCGTGAAGGCCCTCGCCGCGTAGTCGCGCCGCTCGGACTGATCGCGCTCGTGGAAGTGGCCCGGGTGGTCCCACTCCTCATGTGTGTGGTCATGGTCGTCGTCATGGCCGTGGCCACGGTGGTCGTCGTGCATGGTTCACCTCAGGAAAGGAACAACCGTGAGTAGAGCCTGTCGTGCGTGGAGCCGAGCAGGTCCATCAAGGGCGATGTCTGCGCCAGTGACTCCACGCCCAGCCCGGCACACGTCTCCAGCACCGAGTCCAGCAAGGGCGCGCACCGGTTCTGCATCTGGTGGGCCTCGTGCGTGCCGACGATCCCAATTCTCACCGCCGCGGACAGCGCCCCGCGCAGCGTGAGGGACAACAGGAGCTGCTGTGCGTCGGACAGCTCGACGTCCAGCACGCGCAGCACCGCGCCGAACAGGGGCGCGTGGTGGTAGCGCACTCCGGCCTCCCGCGCCGCCTGCCGCAACGGCCCCACCGGCCCGGGAAAGATGCGCGCACACGTGTCCAAGAAGGCCCGCCCCTGCGTGCGGCTCGCCCGATTGGCCACGTGGTTGGTGAGGAAGGCATCCGCGCGGGCATCCAGCGCGCCCACCGTGGAGGGCTCGCGCCAGGCCGCTCCCAACAGGGGCAGCGCCCCGTGCCCCGTCTGCCACATCAGCTCGCGCACGAAGCGCTCCAGGCCCTCGCGCTCGCGCACCTCGCCCTGCTGTACCGCCGCCTCCAGGCCTCCCGAGTGCGCGAAGCCTCCCGTGGGGAAGCCCGAGTCGGCCAGCTGCAGCACCCTCCACGCGGAGCCCATGTCCGTCCCTCAGAAGAGCGAGTAGCGCTGCGCCAGCGGCAACTGGACGGCGGGCTCGCAGGTCAGCAGCTCGCCATCCGCGCGCACCTCGTACGTCTCCGGGTCCACCGTGAGCACCGGCAGCGCGTCGTTGAGCTTCATGTCCCGCTTGCCGATCCCCCGGCACCGCTTCACCCCGGAGAGCTGCTTGGTCAACCCCAGTCCCCGCACCGTCCCCTCGGCCAGCGCGCGGCCCGAGACGAAGGCGATGCTCGTGGCTCCCAA
NZ_CP137851.1_gap163	7241344	7246182	4838	GTGACGGCGATCCATCTTCCGGCTCATGCGCCCTCCTCGTGTCCGAAGCCCCGCGCGGCCACCTCGGCCAGGGCGCGCTCCTGGTTCTCCGGCGTCACCGGCCCCGAGCCCAACGCGTTGCCACCCCACACCACCCTCGCCCCGGCGATGGCCACCAGCGACACCGTCTTCTTCTCCCCGGGCTCGAAGCGCACCGCCGTCCCCGCCGGGATGTCCAGCCGCCTCCCGTACGCCTTCGCCCGATCGAACACGAGCGCCCGGTTCGTCTCGAAGAACGGGTAGTGGCTGCCCACCTGCACCGGACGATCTCCCCGGTTGGTGATCTCCAGCGTGAGGGTGTCCCGGCCCTCGTTGAGCACCAGCTCGCCCGGCTGCACCAGCACCTCACCCGGCCGGACCTCCTCCTGCTGGGGCACCCGCTGGAAGCGCTCCAGCGGCGGCACCGGGAGGAAGCTGCCGTAGAGCGCCAGCGACAGATCGCCGTGCTCGGCCTCGATGGGGTGGTGCACCGTCACCAGCTTCGAGCCGTCCGGGAAGGTGCCCTCCACCTGCACCTCGGCCACCATCTCCGGCACGCCCTCCATCACCTGCGCGCGCCCCAGCAACTTCCGTCCCAGGTCCATCAGCTCGGCCACGCTCCGGCCGTCACGGATGAACTCCAGTAACTGGGTGGCGATGAGCGCCACGGACTCGGGGTAATTGAGCCGCAGGCCCCGCGCCAGGCGCTTCTGGGCCAGGAAGCCCGCGCCGTGCAGCAGCAGCTTGTCGATCTCACGCGGTGACAGGTGCATCGCCCCTCCGGGTGGGCCGCCCAGCACTGACCCTGGACTGGCCAGCAGCCACCCTAGCGCGACGCGTCATTCTCGGCCAGCGAGAATGCGACTCACCCCCGGCGCACCCAGGGATCGTCCCCGAGCAGCGAGGGCAGGAAGGACAGCCACTCGCGGCTGGTGCGCACCAGCGCCTCGGCGGAGGTGGCCGCCGCGCGGAGCACCAGGGCGTCGGATCCGAGCGGGCTCACGGAGCAGACGAGCCCGGAGCGGGGCTTCACGGGCAGGGAGCCCACGTGCGCGGCGAGCGCCTCGCGGGCGGAGTCCAGCGCGGGCCCCACGAGGACCACGGTGCCCAGCGCGTCGAAGCGGCCGAGACGCTCGGGCAGCACACCATGGGCCGGGTCGAGCAGCCAGCGCTCATCGATCAACGCCCTGCCCTCGCGGTGGACCCGGAGCGAGGACGTGTAGTGCGTGAAGGCCCAGCGTTCTCCGGCGGCGCTGCGGCCGGCGGTGAGCAGCTCCATCAGGATGAGCGAGGCACCCGGGGCGAGCTGGATGTCCTGGCTCTGCGTGTACCGGGCGTCCGTGAAGCACATGGTGGGATCCGGCACCCACGCGAGCAGCGCGCCCGGCGCCACGCGGGCGGACAGCTCGCTCCGGCAGCCACGCGGCGATCGGTAGACGCGCGTGGAGCCCTGGCTGGACACCAGCGCGGCGGCCCCCTCGGCGACGTCCAGGTCCACGGTGAGATGATCCCCATCCACCAGCCCCCCTCCGAGCGAGCTGGTGTAGACCCAGGCGGCGTGCCCGTGATTGCGCGGCGTCAGCAACCGCAGGGGGCTGTGCGCCAGCGCCGTGCGCACCACGGTCCGGTTCCCCACGCGCTCGAAGGCGAGCCTCGCGCTTCCCGCTCGACGGGTCCGGGGCACTTCGAGGGGCGGCGTGTGCTCACTGGCGATCATCGGCACATGAGCCTGCCGCATGCGACCCGAGATCTCCAATCCTTCTCTCAACCCGTAAGAATAGCCAAGCCTGGATTCATGATGAATCATGGAATGCAGGACTGCTTCCTCTCCGGACGGCCTGAGCGCGCGGCGGGGTCTGTCGCTGGACAACACATCGAAAAGAAAGAACGGTGACGTGATGCGAATGAACCGAGGAGTCTCTGTTCTGTTGGGTGCGGTGCTGCTGGCGGGCTGTGGTGGGAGTGAGGAGCGTCCCGAGGAATGTCCCGATCTGTGTGACGAGACGGCTTCCGAGAGCGTGATCGGCGAGAGCATGCAGATGGAAGCTCCCGCGGGGGAAGGCGCGGTCAGAGCCCAGGCCTACTGCGATGACGTAACCACCTGGACCCAGGAGTGGACCGACTTCGAGAACCAGGTGCTCACGCTGGTGAACCAGAAGCGCGCGGCGGGAGCCACGTGCGGCGGCGAGGCCAAACCAGCGGTGCCCGCGCTCACCCTGGACACGCGGCTGCGCTGCGCCGCGCGCAAGCACTCCAAGGACATGGCCACGAACAACTTCTTCAGCCACACGGGCTCCAACGGCTCCACGCCGTTCCAGCGCATGACCTCGGCGGGCTACGCCTGGCGTGCCGCGGCGGAGAACATCGCCGCCGGGCAAAACACGCCGAGCGCGGTGGTGGATGGCTGGATGAAGAGCACCGGGCACTGCAACAACATCATGGGCTCTGGCTACAAGCACCTGGGCGTGGGGTACTACTACCGGGCCTCCGGAAGTACCTACGCGCGCTACTGGACGCAGAACTTCGGCGCCCAGTAGGGCTCACGCAAGGCTCAGAGCTCGACGAGGACCCGCAGCGGCTCCGGGAACTGCCGCACCACGCAGTCTCCCGCGCCGCCGTCCTCCCAGGCGAGCATCGAGAACTCGGCCGGGGCGTCCAGGGCGATGATGGGGTGGTGCCACACGCCCCGGTGGTAGTTCACCCCCTGCCCCGGGCCGCACACGAACGCGGCGAGCCGCTCCACGTCCGGGCCCCCCGAGGCGTCCGTGGGCGCGACGCACACCAGGAAACGCGTGCAGACCATGGGCAGGAAGGCCTGGCTCGAGTGCGGGTGGTGCTCGAGCAGCTTCACCGTGAAGGGCAGCGGCTGCGGCACCGAACGGAACACCGCGAGGTTCGGCTTCGCCCCCGGGCGATCACTCTCCAGCCGGGCCGACCAGTCGAACCGCACCGCCGTGCCCTGGTTCGCCGACGTGCCGCTCTTCAGCCCCGCGGAGACGACGTCTCCATACGGGGCGAAGGCGTCCGGCGTCAGCGGCCTCGCGCGGATGATCCGGGGCGTGCTCATGAGCCCCGGTACGTCGAGTAGCCGAAGGGGTTGAGCAGGAGCGGTACGTGGTAGTGCTCCGACGGCACGTTCACCCGGAACTCCACCGACACCGCCGGATAGAAGCTGTCGATACCGAGCCGAGTGAAGTACGGCGCGACCTCGAACGAGAGCCGGTACACGCCCGCCGCGGGAATCGTCTCCAGCAGCGGCTTCACGCGCCCGTCCGGGTTCGTCACCCCGCGCGCCAACTCCGCCCAGTTACCGTCCTGCCATACGGACAGCTTCACCGTGACGCCCTCGGCGGGGCGCCCACGGGAGGTGTCCAGGATGTGCGTGCTGATGCCCATGTGCTTCTCCTTCAGCGTCCCGCCATCTGCTCGCGCAGCCACTTCTCCAGCCGCACGCGGGTGATCTTCGCCTGCTCCGCCGCGGCCGTCTCCACCTCGTCGGTCTTGCCGCGCCGCACCCGCTGCTCGAGCAGCTCCAGCATCTCCGGCGCGCTCTTCCCCGTGGCGAAGACGATGAAGGTGAAGCCGAACTTCTCGTAGTACTCGTCGTTCAGCTTCGCGAGCCGCTCCAGCGTCGCGGCGTCCGCCTGGGCCACCGAGCGCTGCTCTCCCTTGCTCCACTCCGCCGACTTCTCGCTCTGGGGCGCGGCCTTCTTCGTCTGGCCGATGCGCGGGTGCGCGGCGAATGCCTCCAGGAAGTCCTTCGCCCCGAGCGACCACCACACCTCGTCCGCCGCCGCGAACAGGGCGCGCGCACTCGAGAACTGCCGCCGGGCGATCATCCCGTCCACCCACGCCGAGGAGCCGCAGCACGCCTGGAACACCGCCCGCGCCTCCTTCTCGTCGAGCGCGTTCAACCGCTTCAGCGCCGTGGACTCCGCCTCGGTGTCGAGCGCGTACCCGAAGAGCCGGAGCCGGTTCACACCACCGTGCGGGAAGATGTGCACGCGCACGTGCGTGACGGGCATGGCGTGGATGGGCTCCAACTGGTGCCGCCGGTGCTGGACGAGCGCCGTCTTGTCCACGAGCACCCGCCAGCCACTCGACGAGGCGGAGCCGAGCAGCGTCTGCAAGGCGTCCGCGTCCATGCCCGTGGCGTCCACGGCCTCGATGAGCGTCGCCTGCGGCGCGTTGCCCTTGAAGAAGTGCGTGTCGAGCTCGATGCGCTCCAGCACCCCGCGCCGCGCGAGCTTCACCACCGCCCAGTCGCTGCCCGGCGTGCGCCGCCGCTTCGTCTCCCAGCCATCGCCCATGTTCACGCCGCGCCCGGGCAGCAACATGTTCGACGGCGGGCCGAAGAACTCGTCGCTCTTGGCCGCGATGGTGCCACCGTTCTCCACCGCTCCCAGGTCCACGCTGCCCGGACGCCAGAAGGTGCGGTCCTCGGCCAGCACGTCACCATAGATGCGCAGCCGCGCCACGCCGCCATCCGGGTAGATGCGCAGCCGCACGTGCGTCACGCGCTGGCTCGGCTGGGCGAGCGTGAAGACGTTCTGAAAGTCCGGCTTCACCGCGCTCTGCTCGATGATCGGTACCCACCGCTCGTCCGCGAGCAGCTGCGCCGGGGTGGCGGTGTGCGGCGCCTCCAGGCCCTCCAGCATGATCTGCTGGGGCGCGTTGCCCTTGAAGTGGGTGGTGTCGACGAGCGCCCCACGCACCCGGCCGGGCGCGCCCAGACGGATGATGGCGAAGTCATGGCCGGGCTCGCGCTTGCGCTGCGACTCCCAACCATCCATCCACTTGCCCTTGTCGGTGTACGCGCT
NZ_CP137851.1_gap164	7247222	7249757	2535	ACTCGTCCACGCCGGACGGGCAGGTGAAACACTTGCAGCCGGGCACGCCGAACTTCGCGAGCCCCTCGAGCGCATCCACGTTCCCGGGAATCACCCCACCCCAGAACGCCACGTCCACGTGCAGCTTGCCCTCGAGCGCCGCGAGCTTCGCCTCGGCCGCCTCGCGCGTGGTGGTGGCGGGGATGCAGTTGAGCGGCATGTCCACCACGGTGGTGATGCCCCCCGCAGCGGCGGCCGCGGTCGCCGTCTCGAAGCCCTCCCACTCGGTGCGGCCCGGCTCGTTGATGTGGACATGGCTGTCGACGACGCCCGGCGTGACGAGCAGATCGCCCGCCTCGAGCACGTCCGCGCCCGGAGGCACGGTGTCACCCGCCTCCACCCTGGTGATTCGCCCGTCCTGGATGTGGATCGCCGCGGGGCGGATCCCCTGCGGCGTCAGCACACGACGGCCGCGCACGATGAACGGCTTCATCTGTTGTTCCCCTCTGGAATCCCTGCATCAAGCGCCAAAGGCGCGGATGAGCTTCACGAGGCCGTTGAGCGTCTCGGCATCGTCCGCGAGCGACGGGTTCGGCGGCATCACCAGGCTCTTGCCCACCGACGCACCGCCCTCGACGATGATCTTCTTGATGGCCTCGTCGGTGGTGCTCTGCTGCCAGGTCTTGTCGCCGAAGTTGCGCGGCTTCGGATCCAGTGCCGCCGCCACCATGCCATCCCCCGCCCCATTGGGGCCATGGCAGGTGCTGCACACCGAGGCGAAGTAGTTGCGCGAGGACTCCGGGATGTCCGCCTGATTGGCGCCCGCCGTGGGAGCCTCGGCCGGTGCCGCGGCCACGGGCGGCGCAGCGAAATCAGGCATCTTCGCGTCCGAGGGCACCTCACCGCCCTGGGCGAACCACGCCCCCACCAGCGCGCGCTCGTCCTCCGTCATGCCCGTGAGGTTGCCGAGTGGCATCGTCTTGGTGGCCACCGCGCGCACGAAGACGCGATCGGCGTGGGCTCGGATGGCGTCCGGCGTGTCGAGCACCACGCCCTGCGGCGGCGCGGCGAACATCGGGGTCGAGGGCCGTGCCGCGTGGCAGGTGGCGCAGCGCGTCTGCATCACGGAGGCCACCTGCTCGAACTTCACCGGCGGCTTGCCCGCGAACTGCTCGAGCGCCGGATCCGGTGGCGGCCGCGTCAGCACGACCACTCCCACCATCGCCAGGCCCGTGCCCGCCCAGACCAGCGGCGGCGTGTTGACGCGGAAGTTCATCACGTACTTCAGACCCGCGCCCACGACGAACAACAGGCCCAGCACCAGCCACGGCTTCGAGCCACCATAGGTGCTCGGGAAGTGGTTGGAGATCATCGTGAACAGCACGGGCAGCGTCAGGTAGTGGTTCTGGATGGAGCGGCCCTTGGCGCGCAGGCCCAGGGTGGTGTCCACCGGCTTGCCCTCGCGGGTCATCGCGAGCATGTAGCGCTGCGCGGGGATGATCCGGAAGAACACGTTGGCCGCCATGATCGTGCCGAGCGTGGCCCCCACCTGGAGGAACGCGCCCCGGGCGCTGAACAGGTGGGTCAGCACGTACGCCAGCCCGGTGATCAACACGAACCCCACCGCCGCGAACACCCGGTTGTTCTTCGCCAGCGGCGTCTTCCACAGCAGCTCGTACACCCCGTACGCGACTGGCAGGAGGCCCAGGCTGATGGCGATGGCCTGCCAGCCGGTGAGCGGGTAGACGCCCGGGTCGATCAGCAGCGACGCGCCATTGAGGTGGAAGACGATGATGAGCAGCAGGAAGCCGCTGATCCACGTGGTGTAGCTCTCCCACTTGAACCAGTAGAGCGTGTCCGGCATCTCGCCCTGGGCGAGCGACTTGCGCTTCACCACTTCGTAGAAGCCACCGCTGTGGGTCATCCACAGCTCGCCCACCACGGCGCCCTCGCGGGGGCGGCTCGGCGCGGTGAGGTGGCTGTCGAGCCACATGAAGAGAAACGAATCTCCGATCCACATGATCGCCGCGATCACGTGGACCCAGCGCACCAGGAGATTCAGCCATTCATGGATGAAGGCGGACATCATGGCCGCGACTCTACCGCGTTTTTCCGGAAAGCAGCCCTGAACATAAGGGGGGGAAACCAACAGATCCCCATGGAACTTCCACGGTTCCTGGGCGAAAACCCGCGCCTGGGGCGGCTGACACCGCCCGTCGAGGCAAATGATCCACTACGATCCGCATCACTGGTGGCGGTACCTCTTCAAGCTCCGCGGCGGCATCCTCCGGGAGATCGTCGGACGGCTCGGCATGTTCGTGGTCTGGGCCGTGGCGGTGGTCTGGTTCCACAAGCACGTCCGCCATGTGGACGTCCCCGCCACCGGACACACGCTGGCCGGTACCGTCCTCAGCTTGTTGCTCGTGTTCCGCACCAACTCCTCCTACGACCGGTTCTGGGAGGGGCGGAAGCTGTGGGGAGGCATCGTCAACGAGACGCGGAACCTGGTGCGCGCGGCGGCGCTGAACATCCCCTCGGTCGAGCTGGTGCGCCGTC
NZ_CP137851.1_gap165	7254564	7257110	2546	CACCAGCAAGACCAATGGCCCCTATACGCTCAGGAGCCGCGCCTACGATCCCGCCGGCAACTCCGCCTACAGCGCCATCCTCTCCGTCACGATCTTCCACCCCGGCACCGCCGGGTACGACGCCACGCTCGGCGTGCCCCTGTGCCCGGACGTCACCTATCGCTGTGACACCACCACGCTGGTGCGGGGCCGTGCCAACCTCGGGCCCGAACCTCATCAGCCCAACACCCTGGGCGGCTCCTGCGCGGATGGGACGAGTGGCACCTTCCACACCAGTCCCTCGATCGACCAGATCCTGGTCTCGCGAACGGATGGGACGCCCTTCGCCCCCGGCAAGGAAGTGAAGGTCGATGTCACCGTCTGGGTGAGCTCGACCGCCAATGAGCGGCTGGATCTGTTCTACGCCGAGGACGCGAACGCGCCGTCGTGGACGTACCTCACCACCCTGACCCCCACCAGCACCGGCGCACGGGTCCTGTCGACCACGTACCTGCTGCCCTCGGGCTCCCTGCAGGCCTTGCGCGCCGTCTACCGCAGCGGGGGCAGCACCTCCGAGTGCAACGCGGGCACGGTGAACGACCACGATGACATGGTGTTCGCCGTGGGTACCGACGTGGACACCACGCCGCCCTCCGCCTCGCTCACCGCTCCGGCCGCTGGTTCCACCCTCAAGGGCACGGTCACCCTCCCGGTGTCCGCCGCCGATGACTTCGGCGTGGCCCGCGTCGACTTCTACGCTGGCTCCACCCTGGTGGGCTCCGACTCCTCCCCGCCCTTCTCCCTCGCATGGGACACGCGCACCATGCCCAACGGCACCTATGCCCTCTCCGTCGTCGCCTTCGACGCCGCGGGACTGTCCTCTTCCGGGGAGCCCGCCGTGAACGTCACCCTCAACAACGACCTGATCCCCCCCACGGTGTCCCTCACCGCTCCGGCCGCCGGCGCCACCATCACGGGCACCATCACCCTCTCGGCGACCGCCTCCGACAACGTGGGCGTCACCAAGGTGGAGTTCTACGACGACTCCACCCTCCTGGGCTCCGACACCACCTCGCCCTATTCGCTGTCCTGGAACAGCCGCAACGGGCCCAACGGCTCGCACACCCTGACCGCCCGGGCGCTGGATGCCGAGGGCAACATCACCACCTCCGCCCCGGTGACCGTCACCACCGATAACGATCTCACGCCGCCCTTGGTGACCCTCACCGATCCCACCGAGGGCGCCATCATCATCGGCACCATCACCATCACCGCCACCGCCACGGACGACCGGGGCATGAACAAGGTGGAGTTCTATGCGAACACCACCCTGATGTGCACCGACACCTCCGCCCCCTACTCCTGCACCTACAACACCCGCAGCCTCCCCAACGGCGCCCGTACCCTGAAAGCCAGGGCCTATGACACCACCAACAACGCGTCCGTCTCCTCCATCAACATCGTCTTCAACAACGACCTGACGGCCCCCACCACCACCCTCACCTCGCCCACCGCGGGCTCCGTCCTCTCCGGTACCGTCCTCCTCGAGGCCACCGCCAACGATGAACGGGGCACCGTCTCCAAGGTCGAGTTCTACCTGGGCTCCACCCTGCTGGGCTCCGCCACCACCGCGCCCTTCACCTTCTCCTGGAACTCCACCAGCAAGGCCAATGGCGCCTATACGCTCAGGAGCCGCGCCTACGATCCCGCCGGCAACTCCGCCTACAGCGCCACCGTCTCCTTCACCGTGAGCAATTAGCGGGCGGCAAAAGAAAAGGGCCTGGGATCCTCTCGGAACCCAGGCCCCTGGTTGGGAAGACCCTCACCCCGGCCCTCTCCCAGAGGGAGAGGGAGCACAGGGAGGACAGGGCTACTGCGCCGGAGCGGGCTGCGCCGCCGGAGCCGGAGCCCCACCCGCCGGAGCCGCCGTGGCCCCCGGAGTCCCAGCAGCCGGAGCCGCCGCCGTGCCACCCGACATCAGCCGCCGCACCGTCGCCAGACGGCCACGGAACTGCGAGATGTACTCGCTGGCCGGGTGCTGCGTCACGCCGTCATTCACCATCTGCGCGGCCTTCTCCAGCTGGTTCGTCTCCTGCAGCGACTGCGCCAGCAGCAGCATCGCGTAGTCGCGGTTCTTCGCCTTCCGGTCGCTCTCGATGTAGCGCGTCAGCAGCGGCACCGCCTGCTCGTGCTTCCGCTCCATGTTGTACGCCACGCCCAGGAAGAACGACGTCTCCACCAGCTGATCCGCCGGAGGGTTCATCGCCACGAAGCGCGAGATCTCCTCGATCGCCGCCTTCATGTCGTTGCGGCGGAAGGCCGCCTTGCCGCGCTCGAGCGCCGCGTCACCAATCTCCCGGCGCAGCTGCGCCGCCTTGTCGGTGAGCGCGTGGCGCTCCAGCTGCGTCAGCTTCGAGGTGTCCAGCTTCACCAGCTCGTCCACGCCCTTGAGCCGCTCGTCACCCGGCAGCGTCGTCATCAGCCGGAAGACCTCGGCCGCCTGGCGCTGGGACGTCTGCGTCGCCGTCATCTCCGTGCGCTGCTTGTCCAGCTGCGTCGTCAGCTCG
NZ_CP137851.1_gap166	7259745	7264184	4439	CCCGGCCCCAGCGCCGCGGCGATGCGCTCGCGCGGATCTCCCGGGCTCGCCGGACTGGTGAAGAGCTGCTGGCCCCCGTGCTCCACGAAGAAGGCCACGTCCGGGTGCGCCAGCGCCAGCCGGATGACCGCCTCCTCCGCGTGCTGCAGCTCCGTGGACTCGCGCTTCATGAACTTGCGCCGCGCCGGCGTGTTGTAGAACAGGTCCTCCACCGAGATGACCGTCCCCACCCGCGGCGGCGCCTCCTCCACCAGCGGATCGCTCCCGCCCTCCACCACCACCTTCGTGCCCACCTGCGCCCCCGGCTCGGCCGTGTGCAGGGTGAAGCGCGACACCGAGGCGATGGCCGGCAGCGCCTCGCCCCGGAAGCCCTTGGTGTTGATGGTGAACAGATCGTCCAGCTCGCGCAGCTTGCTGGTGGCGTGGCGCTCCAGGCAGAGCCGGGCGTCCGCCATCCCCATGCCGTGCCCGTCGTCCGAGATGGTGATGCGCCCCAGTCCCCCCTTCTCCAGCGCCACGCGGATGGTGCGAGAGCCAGCGTCGATGGAATTCTCCACCAGCTCCTTCACGACGGAGGCGGGGCGCTCCACCACCTCGCCGGCGGCGATCTTGTTGATGAGGACGTCACTGAGGCGGGCGATACGTGCCATGGGAGGTCATATGATGCGCAGGACCCGGGAAGTTGGCCAGCAATCCTGACGCGTCGCGGCTGACAACGGTGGGCTTCTGAGCTATCACGCCCACTCCCGTATGGAAGCAACTCAGGCGAGCAAGGGGGGACTTCGCGTCGCGGTGACGGGCGCTGCCGGCGACCTCGGCCGGCTGCTGCTCCCACTGTTGGAGCGAGACCCCGATGTGGAGAGCATCCTGGTCCTGGACGTGGCCAAGCCCGCCGGTGACAAGGTGGATTTCCATCGCGTGGACCTCACGCGGCACGACGCGGAGAGCGAGATATCCGACGCGCTCACCGAGCTGCCCGTGGACGTCTTCTACCATCTGGCCTTCCTCCATGGGCCGGTGCGCGATGGATCCCTGGCACACGAGCTCGAGGTCATCGGCACGATGAGCGTGCTGAGCGCGGTGGGGAGGGCCCGGGTCCCGCGGCTCATCGTCCCCTCGCTGACGGCGCTCTATGGCGCACGCGGCCAGCACCCCGCCCTGCTGGACGAGAACACCTCGCTGGCGGGGTGCCCCGGCAGCCGCTACGTCACCGACAAGGTCGAGGTGGAGAAGCAGGTGCGCTCCTTCCGCGACCGCCACCCGGAGACACGCGTCATCGTCCTGCGCTTCGCGCCGCTGTTCGGCCCGCACATGGACAACCCGGCGACGCGGATGGTGGCCCACCGCGTGGTGCCCACGCTGCTGGGGTTCGATCCACTCTGGCAGGCCCTCCACGAGGAGGACGCGGCCCGGGCGCTGTACCAGGCGTTGAGCGCCAACGCCGAGGGTGAGTTCAACATCGTCGGACGCGGGGTGCTGCCACTCTCGGGGCTCATCCGCCAGGCGGGCGCCCAGCCGCTCCCCCTGCCCGGACCGCTCTACCGGGCGGCCCTGAAGACGATGACCTCGCTGGGGGGACCCGGGTTCCCCACCGCCCTGCTCGACTACATGCATTACGGCTGGGTCGCCAACGGCGAGCGGGCGGAGGAAGAGCTCGGTTTCATCCCCATGTTCCACGCCCGGGACGCCGTGGCGGCGATGCGGAGGAGTTGATCATGGCCAAGGGTGTGCTCGGGAACGATCCCTTCCAGCGGGGCGCCGCTCAGCGGCCCTCGGAGGGCAAGACGGCCGGTACGGCGGCCCCGGAGCCGAAGAAGGCCCAGGCCACGCCTCCGCCCACCAAGGCCGATGGGAAGGCCGCGAAGAAGGCGCCCACTCCGGCGCCGAAGGAGAAGGCCGCCGCGCCCAAGCCCGCTGCCACGCCCAAGCCGGCGCCCAAGCCCGCCGCGAGTGCGCGGGGCAAGAAGGCCTCGGCGCCCAAGGGGAAGACTCCGAAGACTCCCGCCGCGTCGCCCTCTCCCCAGGTGCGCACGCCGCCCGATGCGGTCAGCGCCGCCGGGGCCACGGTGGGCACTTCGCTCGGGCCACCTGCCACACCGACACCGGCCCAGGCACGCACTTCCGTCGAGGAGCCGCGTGAGACCAAGGCTTCCGCCGGGTCCGAGTCGGCCAAGGCGGACGCGGAGTTGCAGGAGCGAACGGAGGAGACCCTCTCGGCCGTGGAGGCCCTGCGGGAGCTGGAAGAAGCCATCGGAGAGCCGCTGCCCACCGGACCGGTCGCCGTGCCCGGCTTCGAGGACATGGTGGAGATGACGGTGACCGAGACGGTGGCCGTCGAGGTGCTCGACGTAAGCCAGGACGAGTACGCCCCGGACAGCGAGGCCGAGGCCGCGGAGGAAGCCCGCATCGAGGTGCAGGTGGAGGCCGCGCTGGCGCCCGTGCAGCCCGCCGTGAGCAGCAACGCGGACGCCTTCTTCACCGCCGAGTCTCCCGGAGCCGAGCCGCACCGGATGGGGGATCGCTTCGCGGGGCTGTTGTCCCTGGCGAAGGAGGCCGCCTTCCAGGCGCTGGCGAGCGAGCGGTTCGGCAAGACGGTGGGCTCGGCGCAGGGGCTGTTGAGCGCGGCGCTCACGAGCATTGGCGTGGGAGGCGGCACGACCATCGACGAGTACGGCAAGGACGCGGCGCTCGGCGGCGTGATGCAGCCGGTGCTGGACTTCCTGTACGAGCGGTACTGGCGGGTGTCGGTGCAGGGCGCGAGCCACGTGCCGGCGGGGCCGGTGCTGCTGGTGGCCAACCACTCGGGAGCGCTGCCCATCGACGGGCCGGTGCTGCAACAGGCGTTGTCGCGCGAGCGGCCGGATCTGCAGGAGGCTCGCTGGCTGGCGGAGGACCAGGTCTTCCACGCGCCGATGCTCGGCACGCTGATGAACCGGATGGGCGCGGTGCGGGCCTGCCCGGAGAACGCGCTGCGGCTGCTGGACGAATTGCGCCCGGTCATCGTGTTCCCCGAGGGCATCCAGGGGTTGAGCAAGCCCTTCGCGCAGCGCTACCAGCTCAAGCGCTTCGGCCGGGGTGGCTTCGTGAAGCTGGCGCTGCGCACGGGCGCGCCCATCGTCCCGGTGGCCATCGTGGGCGCCGAGGAGACGGCGCCGTTGTTCGCCAAGCTGCCGGCCGGCTTCCTGGGGCTGCCCTACCTGCCGCTGACCCCACCGCCACTGCCGGCTCGGTGGACCATCCGCTTCGGCGACCCCATCAGCATGGGAGAGTTGCCGCCCGAGGCCGCCGAGGACATGTCCCAGGTGCAGCGACTCACCGAGCGCACCCGCGAGTCCATCCAGGGCATGCTCCAGGCCCTCCTCAAGGAGCGCCGCTCCGTCTTCGCGGGGTGAGCCCAGGCCACGTCCATGAGTGGGAACTGGCCACTCGGCCAGTCACTGGTGGAGTGTCCACGAAGGTTTTGGACATAGTCGTGTTGCGCATGCTCCCCTCTCTCTGGCAGGTGTTTCGCCCTTTCTTTAGAACTCGTTTCAAAAATGGACCAGCGAGGGCAGGTGACATGCCCTGTCGGCTCAGAGCCTATCTCGTAAGTGGCGCTCCAGCTCGCGGTAGAGGATGAGGCAGCAGCCGAGGCGAAGTAGAGCGAGGTGCATCTCAGCGCTTCGCTCCTCGCGCACCCGCAGGCGTTTCATCTTGAGAAGCCACCCCAAGGAACGCACCACCACCCAGCGATGATGTCCCAGTCGCTCCTTCGACTCGATGCCCCTGCGTGCGATGCGGGGGATGATGTGCCGCTGGCGCATATCGCGCCGGACGTCGGCGTAGTCATAACCCTTGTCGCCATGTCCTTTTGATGGACGTGTCCGTGGTCTGCCACGCGGTCCTTTGATGGGGCGGATGGCGTCGAGCGGTGGCAGTGCCTTGCGCTTGTCGTGCACGTTGGCCGCCGACAGCAGGGCAGCCAGTGGCAGCCCCTTGCGGTCTACGACCAGGTGGTGCTTGCTGCCCGCCTTCCCTCTATCTGTTGGATTCGGACCCGTCTGTGCCCCCCTTTTTCGGCCCGCACGCTGCTGGAATCGAACGCCGCGCGGTTCCAGTCGATGAGTCCTTGTTGGCCCAGTTCGTTGAGCAACTCCCGTTGTAACTTCTCGAACACTCCTGCTCGACTCCACTGACGCAGCCTTCGCCAGCACGTTGCCCCACTGCACCCGAACACCTCAGCTGGCAGGTCGCGCCAGGCGATGCCCGTCTTGAGCACGAAGATGATGCCCCGCAGGCACGCTCGGTCATCTCGAGGGGGGACGGCCTCTACCTCTGCGGTGTCGGTGCCGTGGCAGGAGCGGAGCCACTCTCTCCCACAATTCGTCCGGGACCAGTTCGCGCTTCATGCCTTGCGAAGATGCCCACCAAAGACGTAGTAGGAAGGACGGTGCGGTGAA
NZ_CP137851.1_gap167	7271755	7274011	2256	AATCTCGTCAGGGCACTGACGGATTACGGCAGAGTGCCCAGAACGGAACTTGACGCGTATATGAGAATCCGAGACTCCGGATGAATCCACCCGGGCGGGAGCAGCGACTCCTGCTCAACCCATGCCCGAAAGCAGTGCCTCTTCAATGCCTTCTGGAACTTGCCTTTTCATCGGCTTGCATCTCATGCACATCACCTGTTCCTTCCCCAGAAAACACTGACAGATCTTGGGATTCTGGCGATATGTAAACGTATGCATATGGCCACCAGGGCTTCGAACAACAGCGTTTGATGACACGCGTAGCGGTTCCCTGGCGTTTCCGGCGGCGTGGCATTGCCGCTGCCCATCGATGGGCCGGTGCTGCAGCAGGCGCTGTCGCGGGAGCGCCCGGATCCACAGAAGGCGCGCTGGCTGTCCCGGGTGCAGCGGATCACCGAGCGCACCCGCGAGTCCATCCAGGGCATGCTCCAGGCCCTCCTCAAGGAGCGCCGCTCCGTCTTCGCGGGGTGAGCCTTCCGCTCCACTTCAATCACGCTCTCGTGAGCTACGCATGGAAGCGTGGGCACGAGGGTGAAGAAACCGGGAGGGAGCCTGGCTCACTTGCGCTCCCCCCGGTGATGTTCCCGCCAGCCTCAAGCCGGCATGGGAATTGTCATCAGAGGCCGATTACCCAGACCGGCGTGAGGCGGGTGGTGTTCGTCCCATCTCCCAGCTGGCCGGCGCCATTGGTGCCCCAGGCCCAGACGGTGCCATCCTGCTGCCGCGTCACCGTGTGATACGTGCCGCTGTAGAGGTGGGTGGCGTTTCCAAGGCTGCCCAGTCGAATCGGTGAGTAGCGGTCGGTGGTCGTCCCGTCCCCGAGCTCTCCGTAGGTGTTGCGCCCCCAGCCCCAGATGGTGCCGTCCTGCTTCATCATCGCCGAGTGGAGACCCCCCGCGCTGAGACGGGCAGGGTGCAGGAGGCCGGCAAGCTGGACCGGAGCGAGACGGGTGGTGGTGGTCCCGTCACCGAGCTGCCCGAAACGATTGGTGCCCCAGACCCAGAGGGTGCCGTCATGCTTGCGCGCCATCGTGTGGAAGCCTCCCGCGGAGATTGTGGCGACATCCCCAATGCCCACCACCTGGACGGGCGCAGAGCGGTAGGTGGTCGTCCCATCCCCGAGCTGGCCGAGGTTCTGGCCCCAGGCCCACACGGAGCCATCCCCCTTGAGCGCCACCGTGAAGTGGTAGCCCGCGGCAATGGCGATGACGCCGCCAAGGCCCGGCACCTGCGTCGGTGTGACGCGGGTGCTGATCGTCCCATCCCCCAGCTGGCCGCTGCTGTTGTAGCCCCAGGCCCAGACGGTGCCATCCGCCTTGAGCGCCACCGAGTGGCTGTCACCCGCGGCAATGGCGATGACGCCACCGAGGCCCGGCACCTGCCGTGGCGTATTGGGGGGGTTCGTCCCGTTGCTGAGCTGGGCGCTGGAGTTGTTGCCCCAGGCCCACACGGTGCCATCCCCCTTGAGCGCCATGTTGTGGCTGCCGCCCGCGGTGATGGCGGTGATGCCACTGAGGTACAGCACCTGCCCGGGCCAGGAGCGATCGGTGGTGGACCCATCTCCGAGCTGGCCGAAGTAGTTCTGGCCCCAGGCCCAGACGGTGCCGTCCGCTTTCAACAGCGTCGTGTTCTGGTAGCCAGCGGCGACAGAGGCCGGGCACTCCTGCAGGACGCTCCGGGTCATGCTCCTGGGGCTGCTCCAACAGGTGGTGCGGTTGCCCGAGCTGTCGATGACCATCGGCCAGGCCTTCACCTCGACGGTGTGCCAGCCACAGCGGGTGCCCGAGGCGCTGAAGTACCAGGTGCCCGAGGCGCTGGTGCGCTCCTCACTGCTGCTCAGGACACCATTGACGTAGTACTCCAGGCGCGCCGCGTTGCTGGAGCTGGACACCACCCAGGAGCCGCTACCGGCCAGCTCACCTTCATAGGAGCTGACGCCCGTGAGGGTCAGCGCGGTAACGCTCTGGCCCGAGCACAGCGCCGACAGCTTCTCGTCCAGGGGCTCATCCAAAGACAACAGGGGCTCGGCGGGTGCTCCACAGGCCGCCCAGAACAGTGCGCCCAGCACGATTCCCAGACTCGGATTTTTCACTTTCAAAGGATTCAGCACGGACAATGCCTCACAAGCAAAGAGTGAAGAATCCGCGCTATACCGGACTAACTGGAATAAATACAGGAAGAACCGGTTTCGCGATATTTGATAATATCTGGAATGGC
NZ_CP137851.1_gap168	7285207	7287010	1803	ACGATCGGGGTGCGCGCGGAGCTGGTGCCGAGCCGGATGGCGTCGAAGGGCGCGGTGCGCTTGAGCCTCGGCGCCAGCACCGCATCCAGGGTGGCGGCCGAGCCATGCACCGCGCAGCTCAGTGCCCCCGACCCCGACGAGTGCCCTCCTCCGGCGATCGTCGACGACAGCCCGAGCAGCACCGCCGACCGGTTCACGAGGGACTGCACGCCACTGCCTCCGGCGAGCGGCCCCAGGCACAGCGCACTGGACAGATCATCGCCCGTGCGGAGCAACGCCGTCTCCGGATACACGTCGAGGAAGTTGTGCCGCGTGCCGATCCTCGGACCGAGGGCCGTGCGGGTCCCGCTGGACAGGAACGTCTGGGGATAGATGCCATTGCACTCCAGCACCAGCACCAGCCGCATGGGTTTCACAGTCTGGGCGAGCACCTCGCGGTAGAACGGTGCGAACAATCCGGCCGCCACGGCGGACTTGAGCAACGCGCGTCGGGTCAGCATGGTCACTCTCCCTGCGCCGGCTGGCGGCGCGTCGTCCAGGTGTCGCTGGTCATCAGGGCCGACAGCATGGCCTTGAACGATCCATTCTTCTGGTCATAGGCCTGCTCCATCCGCGCCAGCGTGCAGGCGTCGCTCCGGTTCTCGTCACGGCCCATGTAGTAGCGGAAGGCGTGCCGGATGAAGCAGCGCTTCACGTAGCCCGAGGCGGCGAGCTTCTCGCTGAGCTCCACCGCATCCCGCACAGCTCCGTTCAAGGCCGGATCCGGCAGATTGATCAACGTCACCTGTCCGGTGGGCGCCATCCATCCACCTTCGGGGGAGTGGTCCCTCGTCCGCAGGTAGCCGGCGTGGTTGTAGATCTCGAAGGCGTAGCCGAGCGGGTTCATCAGCGAGTGACAGCCCTGGCATTCGTTCTTGCCGGTCGCCTCCTCGAGCCGCGCGCGTGCGTTCTTGTTGGGCGCGTGAGGCCCCACCTGCGCCATCACGCGCACCTCGCTGAGCGGTGGCACATAGCCGCAGAGCAGGTTCTCGCGTACCCACTTGCCCCGGTGCACCGCCGAGGGATCGTCCTCGAAGTTTCCGCCATGCGAGGCCAACCACGCTGGATGGGTCAACACGCCCGCGCGCTCCTTCTCCGGCAGCATCCGCCAACGCGCCTCGTTGGTCGCGGCGATCTCCGCGGTGGTCCCGTAGGGCTGGCCCGTGTACCGCGTGGCGTTGCCATCGAAGCCCGAGTCCCGGGTCGCGGCGAGGAAGAACCGCCGGGACGTCAACAGCGTCTTGAGCACCTCGGCATCACCCACCACGGCGCGCGCGACGAAATCATCCATCTGCTGGATCAGCGTCGACTCGTAGCCGTAGTAACCGGAGAGCAGATTCTCCCAGGCCGAGGCCTGCGCGCGGTAGCCGCTCGGATCCCCATCATCGTAGGCGCTGGTCGCCTCCGGACGCTCCTTGAAGATGGCCTCCACCTCCGTGTAGCCGAGCCACTGGCGGAAGAAGTTCGCCACTCCATCCGAGAGCCAGTACTCGCCCCGGCGGGGACGATCCTCGTCACCGAAGTCCTGGACCAGATCGAAGCGCGTGGCATCGACACCACCGGTGTGCCGCTCGATCAGCGAGCCCACTACCTCCGGCAAGCGAATCCCTCCATCTCGCGCCGCGTTCGCGATGTCTCCGTAGTGGCCGATAGAGGGGGCTGACGTGTAGGGCCACCTCCAGGTGGGAACCGCGCCCGGGCCCCGATCGCCCAGCGCATAGGCGAGCTGCTGCGCGAGCTCCCATTCACCGAGCTCGACCCGGC
NZ_CP137851.1_gap169	7382911	7386185	3274	TTATCTCCCCAAGCCCAGACCGTGCCATCCGACTTGAGCGCGAGCGAGTAGAAGTCCCCCGCTGAAATGGAGATGACGCCGCTCAGTCCCGTCGTCTGCACGGGGAAGTTGCGCTGCGCCGTGGTTCCATCACCGAGCTGCCCGGCTCCATTCCATCCCCAGGCCCAGACGGTGCCGTCGGTCCTCAAGACCATGCTGTGCGAGCCTCCCGCCGACACCGAGACGAGCCCCACGGGGGTCGACGCCTGGACGGGGACATTGGTATCGGTCTCCGTTCCAGTCCCAAGCTTCCCCCGATAACCACTACCCCATGCCCAGACGGTTCCATCCGATTTCAGCGCGATGGAATGAAAGGGACCAGCCGATATATCTCGGACGTTGGTGAGGTTCTGCACTTGCGTGGGGGTGTAGTGTCCGTAGCTTTGGGTTCCGATACCCAGCTGGCCAAAGAGGTTGTTTCCCCACCCCCAGACCGTGCCGTCGGAACGAAGCCCCATCGAGCGATTCGACGAGGCGGACACCGCCTTCATACAACTCAATACCGACACTCGCAGGGGATTCAGCACAGTGGAGTTCGGGTTTTCGCCATCATCCCCCAACTGGCCATACCCACTGAGGCCCACACCCCAGACGCTGGCGTCAGCTCGCACCGCCATCGAGTGCCCATTCCCCGCGGCCAGCAAGGCCTGGGGAGAGAAGACATCTGGCTGGGTCATGGGGAAGACCGCACCCAGTCCCCCACAGTCGGTCATGAGCCGATACGTGGCGGAGAACCCGGCGTATTGCTCGAAGTCGACATCACTGACCTGAAAGGTGTGCGAGACCTCATACCGATTCATGACCAAGCCCGTGAGGGTATCGGTATAGCTGTTGAGAAAGGTGACGTTCAGCGGGGCCGTCGTATAGGGACTGCTCGTCCCGCATCCGGGGCCTTGGGTGAGCCGGGTCCGCGCATAGGAACCGCTCGCGGTCGGCAGCAGCGAGATGCCGGCCGGCAGCGCGTGCAACCATGACACGCGGACGTTAAGGACGCCGCTGCTTCGCGTGACGACGTAGCCGTGGTAGGAAATCCTCGAAGTATCGACATAGTCGAAATCACAGTCTGGATAATCCACCAGGGCCCTCACTCGGCCACGAGTGGGGGAGTTGGCGCTCAGGAGGTGCTCGACGCCTCGCGCATCCACATAGCCACTGCCCACCGGAAGGTCACGGGGGTGACGCTCCAGCACGACCGGGGTGGAGCTCTCCTCCTCAAGGCTCGCGACCTCTTCTTCACGCCCCTCGAGCTGACAGCCCATCAGGCCCACGGCGATGGACATCACGGCGACACGCAAGGTACCGCGCGTATCCAGGTACCACACAAGCGGCTCGGAGGATGTACCTCCGGCGCACCGTCTCGGATGAATTGTCGTCACAATGGCTCTCCTGATTCGGGTTGGACTGGGCAATGCGCCCCAAGGTCAATGTCGCAAAGTACGGCAATACAGGAGAGCCGAACAAGGCAGCATTAGACACATGAGGCAGAGGAGAGCTCATCAAGAATGCATGGGGCGGATTTTTCCAGCGACATCTGGCCATGCGTGAGCAGCATGCTCGAACTCATCTCCGGGTACTCAAGCGACAATCCCAGTCGTATCTTCTTCCAACTGGAGTTCATGCATTCGAGAAGCCCCATGGATTCAGCGCTCGAGCGGCACGGCCAGCGTCTGCTGCTGCTCGTCGACAGTCGTGCCCCTCCTCCCGGTGCTTCTCGTATCTGACCAAGTAGTATTAGGAGCCGCCGTCAGTGCCCGCTGTCTCACAGAAGGGCGCACCACCCGAAGCCCAACGGTCGATGAGGTCGCGCTGTTCCTCGGTGGGTTGGGGACTCGCCGAGGGCGGCGGCATGGTGCGGAAGACGACGGTGCGCGCGTGAATGCGGGGCGCCATCAATTGTGCCCCCGCGATGCCCCCATCGGCCTCGTACACGTCGAGCCGGAAGTCCGTGCGGTTGCTGCCCGTCGTGGTGGTGCCGTGGCACACGGACACGCAGTTGGCCGCGAGGATGGGCTGGATGTCCTGGCACCAGGTGGGCACGGGCCCCGTGTTGGGGTCGCTGGTACCAGGCCCGTTGAGCACCTCGCAGGTGCGCCCCGCGCCCGGACGTGCCGCGACGCAGGTGTAGGGCCGGGGGCAGTCGGACACGGACTCGCACGACTTGCCGGAGAAATCGGGGGCCTCGATGGTGCAGCCGGTGGCCACCACGGCACACAGGCCCAGAAGACTCGGACGCAGGCTCGGGAGGATGCGCTTCATAGGAGAACCATTAAGTACCACCGTCCGTGCAGAGCGGTGTACCGCCAGCGATCCAACGCCGCAGCAGGTCCCGATCGGCATCCGAGGGAGCGGGGTTGCCCGCGGGCGGCATCTCCTGCGTATCCACCGCGCGAGCCTTGATGCGGGCGGCCATGTCCCGGGCCCCGTTCACCCCGCCGATGGCCGCGTACTGGTCGAGCCGGAAGTCCGTGCGTCTGCTCCCGGAGGTGTCGGCGCCATGGCACGAGGCCACGCAGCTGGCCGCCATGATGGGGCGAATGTCCCGGCACCAGGTGGGCACGGGCCCGGCATCGACGGAGCCCGCATCAGTCTCCAGGGGGGCGGGCGGATACATGACCTCGCAGGAGCGCTGCTCCGCGGAGACCGTCACGCAGCGGTAGGAGGCCGGGCACTCGGAGTCGTCCGAGCAGGGACGGCCCGGCCCGGGGTTCTCGGAGAAGAAACAGCCGGAAGCCACCAGTGCGCAGGCGAGTACCCACGAGTTCAAGAAGACGCGCATGGGCCGTGAGGTTAGATGAATTCGGCCCCGTGCTGTAATGTCCCCGGCCTTCTCGTGCGCCGGCTCCTTCCAGACATCCTCTGTGTGAGCGCCATCCTCGTCACCGCCCTGGTGGCGCTCCTGCCCGGCCTGGATCATCCAGGCATCCACAACTGGGATGAGGCCGTCCACCTCGCCGTCTCGCGCGGACTGATGGACACCCCGCTGCGGCCCCACGTCTACGCCGAGCCCTTCCACCGCCCGGCCATCGACGATTGGATCAACGGGAGTCTCTGGCTCCACAAGCCACTCGGCTCCATGTGGTTCGCGGCGCTCGGCATGAGCCTCCTCGGGGTGGGCACGGGGGTGGCCCGTTTCGGCTCCGTGCTCGGCATGGTGGCCGCCGCGCTGGGCGTCTTCTTCCTCATGCGAGGGCCGGCCGGACGCTTCTGGTCCACGCTCGCCGCGTGCACCCTGCTC
NZ_CP137851.1_gap170	7397226	7398764	1538	AGGGCCTGCTGGTGGGGCTGATCTACGCGGTGTCGCGCGGGACGCGCTTCGGCCCACCGCGGCCGCTGGTGGTGGAGAAGCACCGCTCGGCACTGGAGTACGTGCGTTCCCTGGGCTGGCTGGCCCGGCGCTCGAAGGTGGAGCGCGAGCTGGTGCCCGAGCTGGCGCGGCAACTGCGGCGGCACATGCACGAGCGGCTGGGCATTCCCCTCACCCTGCCGGAGGACGAGGCGGCGCGGATGCTGGAGCGGAGCTGCGGGCTGCCAGCGGCGGACTACCTGGCCACGAGGGAGGACCTGGTGCGCACGATGGAGCAGCGGGACATCCGGCCTTCCGACTACGCGAGGCTGGCGCGCCAGTACGCGCGCATCGAGAACCTCATCACGGGCCGCTGAAGCGGCGGCACCCTCTCCCTCTGGGAGAGGGCGGGGGGGTGAGGGTCGTCTCGCCGGACGGAAGCTCCAGGACGGAAGACCCTCACCCTGACCCTCTCCCAGAGGGAGAGGGGATACCGCTACTCCTTGACCGCGAAGAAGCCGGCGGCGCGCAGCAGCCGCAGCGCCGCGAGCGACGTCTGCAGACGCTCGGAGATGGCACCCACCTCGGCGCCCGTCAGCGCGGAGTTGGCGTCCGCCACTTCGAGGTAGGTGGCCACACCCGCCTTGAAGCTGATCTCCGTGAGGCGCTGCGTCTCACGCGCCAGCCCCAGGGCCTCCTCGGCCTTGGTGAGGTTGGCCTTGGCGTTCTCGTACTCCAGCTGCGAGCGGGACACCTCCTCCACCGCCCGGGACTCCGCCTGCTTCTGCTGGGCCGACGCCTCGGCCACGCGGGCGGACTCCTCGCGCAGGTTGATCTCCCGGATGCCGCCGTCCCAGAGCGTCCACTGCGCGCTCAACGACAGCGCCCAGATGTCGTTCTGTCCCGCGAAGCCCGCGGCGTTGCTGACCCGGTAGAGACCGGAGAAGCCCACCGATGGCGCATAGGAGAACCACACGCCGCTCTTGCGGCCCATCGCCAGATCCAGGTTGCGCCGGGCGGCGGCCACGTCCGGCCGCTGATCCAGCGCCTGCTTCACCAGGTCCTCGCCCTGCGTGGGCACCTGCGGCACCGGCGGCAGCTCCAGCGTGAAATCCGCGTCGCGCTGGATGAGCGTGGCGAGCGCCAGCCGCGAGGAGGCGAAGGCGTTGCGAGCCCGCACCAGATCCTGCTCGGCACGCGTCCGGTCCAGCTGCGAGCGGAGCAGCGCCACCTTCGTCACCGTGCCCGCGTCGAAACGCTTCTGCGTGTCCGACTCGCGCGCCTTGTTCACATCCAGGAGGAACTGCGTGGCACGGATGGACTCCTGGAAGCTGGCGGCGCCGAAGTAGGCCTGGGCCACGGCGAAGAGGATCTCCCGCCGCGCGTTGTCCGTGTTCAGCTCCGCCACATCCTCGGCGATCCCCGCGTTGCGGATGGCGGGCCAGAGCGACGGGGCGATGATGGCCTGCCGGATCTCCGCCTGCGCGGAGAGCTGATCAAACGGCTGGATGACGATCTGC
NZ_CP137851.1_gap171	7451501	7455425	3924	GACAAGCGTAAGCAGTCCCTCTACTTCCCCGAGGAGATGCTCAAGGAGATCCAGGAAGAAGCCAACCGCCAGGATCGCTCGCTCTCTTGGGTGGTGCAGCAGGCCTGGAAGATTGCTCGAGACCGTATCAAGTCGTTCCCCGCGGTGAACGACGTGACGGGTGACGAGCGGCAGGACCCTCGTGAAGAAGGGAGGTCCTGAGCTTCATGGCAGCCACCGATCATCGTAAACAGAGTCTCTACTTCCCCGAGGACATGCTGGACGAAATCCAGCGTGAGGCGACGCGGCAGGATCGCTCGCTCTCGTGGATCGTCCAGCAGGCGTGGAAGGTGGCCCGCGCCGATCTGCGCAAGATGCCGTCGCCCAACGACGTCTTCGGCCCCACGCCGAACCAGCCGGACGGTTCGGACAACCCGCAGTCCTGAAGTCGCCAGCCCCGAGCCCCCGGCCCTACTGCACCACGGGCCTGGCGGGCCGGGCGCAGTTCTCGAAGAGAATACGGCCAGCCTCCCGGAGCGCCCGGTTCTCGGTCGAATGGTTCGACCGCATATGGGCCTCGGTGAGGTTGGCGTCCGTGGCCTTGCCCTCCGCCGTGCTCGCCGTGACGGGATTGCGCGAGAGGTCCGTGGCCGCGTCCTTGAAGATGGCGTCATAGCCGTCCCCGCCCCCGAGCAGGAAGTTGGGCATCGCCACGCGGTACTTGATGGATGGGTCCGCGCGAGCCGGCAGCGGCACCGTGCGCGCGTTCACCTGCAGCTCCACCACGCGCGAGCCCACGGAGCGGGAACAGTCCACACGCACCGTGGTGCCCTCGGACACGTGCAGGAAGGCACCGGAGGGAAAGAGGATGGTCTGCTCCTCCCGGTACAGCCCCGACGCCGCGTGCTCGAACATGCCCACCAGTTGCTGCTCGGTGAGGTCCACCGTCACCACGGAGTTCTCGAAGAGGAGCACTTCGTGCAGCAGGCCCTTCTTGAGCGCGCCCTTGGGGATGACGGTGCGGGTGACGCACAGGCCCTCGGCGCGCAGCGAGCCCCCGTTGATGATGCCCAGCTCCGCGGGCGCCTTGGAGGCGTCCTCGGCGTGCCGGAAGGCATCCGCGGCGAGCTGCCCGAGCGCGTTGTTGTCGTGACGGGCGTAGGGCCTGTCGAGGTAGACGTCCTCACCCAGGTAGCCAACGGTGGATTCCGGATCGGCCACCAGCGGCTGGCACTGGTCGTTGTACTGCAGGCAGCCGAGCCCCGGAGCCAGGGCCATGGCCAACAAGGCGGCGGTGAGCGAGCGGGACATCAGTTGCGGGCCCTCAGGGTGAGGAAGGCGGAGACGCCCTCACGCGGAATCAGGCTGGGCATGCGGTCCGGCCGGGGGACGTCGTCGCGCAGGTCCGAGTCGAAGACGTTCTGCACCACCACGGCCAGCTCGAAGTGGTCGCCAATGGGCTCGGTGCGCACCTGCGCGGTGATGAGGCCGTAGGCGGGAATCTTGTAGCGGCGGATGAGCTCCAGCACGGAGCGCGTGTTGTTGCGCCGCTCGGCGCCCGCGCGCACCACCACGTCGAAGTTGATGAAGTCCCCGATGGGCATGGACACCCCGGCGTTGAAGCGCGCCTGGGGCGTGTCGGTGAGGAAGCGATGGTTGGCGGGCAACGCCTGGTCCTCGGCACGGAAGAGGCTCGCGTTGATCCACGTGGTGGCGCGCCTGGAGGCCTCCAGACGGGCCTCGCCCTCCACACCGTAGACGAGCACGCCCAGCTCGCGGTTGCGCACCGGGACGATGTTGCCCGAGGTGTCCACCGCCGCGATGGGGTTGGAGAAGCTCTCCAGGAAGGCGTTGGCGCGGATGCGCACGCGCGACTCGCCGGAGACCTGGATGAGGTCCGCGCCGGCCTCCAGCGTGTTCACCACGGCGGGCAGCAGGGTCGGGTTCCCCTCGAAGCGGCCCTGGTTGTAGTAGGTGTTGGGGATGGTCTCCAGCAGCTCCTGGAGCGTGGGCGGGCGGAAGGCGCGGCCGTAGAGCAGCTTGAGGACGAGCGAGTCCGTGGGCGAGAAGACGAGCCCCACGCGCGGGTTGATGCTCGGCACCAGCTGCGTGCCGGTGATGGCGTTGGTGTTGTCCACCGAGGGCAGCTGGGTGACGTCCGCGCGCACCCCGAAGGTGAGCGTGAGCGGCTCCACCACCGTCCACTGGTCCTGCGCGAAGGCGCTGAACGTCAGGCGCCGCGACGCCGCGCCATCCGCCAGCTTCAGGATGTCCACCACCTTCTCGGGCGTGGTCAGCGAGGGCCGGAGCCGGCTGTCGAGCGTGTAGTTGGTCTCGTAGCTGTAGGCGCCCAGCATCTGCAGCTCGGCCGCGGCGCCCAGGGACAGGCGGTTGCCCTCGAAGAGCGACACGTCCGAGTCCACGCTGGTGCCCAGCGACTGCACGGTGACGCGCGTCTGCTCGAGCATGCCGTCCGGGAAGAGCTGGTTGTCATCCGGGCCGGTGCGGAAGCCGTCCGGGCCGATCTGGAAGAGCCGGTCCGTGCTCTGCTGCTCCCCGTAGAGACGCGCGCGCAGGCGCACCCGGTCGTTCAGCTCGTGCTCGTAGGTGACGTCGCCGAGGAACACCTGCCACCCCAGGCGCGAGCCCGGCCCCACGGTGTCGAAGAGGCCCACCAGGGCGGAACGGTTCTCGGAGAGCAGCCGCGCGGACACCTGGAGGTTGCTCGCGGACGACAGCTCGTAGCCGAACCCCAGGCCCAGGTTGAGCAGGAAGCGATCGTCCTGGGTGGTGCCGGAGGGCTCCAACGGCTCGCGCAGCTTCTGGGCGAGTGTGTCCGCGCTGAGCGCGTCCGTCTCGATGGCCTCCGTGTCCCCCACCTGGTGCCAGACGTCCGCGTCGCCGAAGAGCTTGAAGCGGCCGAAGGAGTGGGCCCCGGAGACATGGCCATCGAAGGTGGTGGCGAGCGGATCGCCGAGCTTGGGAAAGCCACCGCCGGAGACGGCCCCGCGCAGGCCATCGGCGCGCTGGGTGACGATGTTCACCACGCCCAGGAAGGCGCCGGCACCGTAGAGCGCCGAGCCGGGCCCGCGGATGACCTCGATGCGCTCCAGGTTCTCCACCGGCAGGTTCATCAGCGCCTTGCCGTCGAAGAAGTTGTTGAGGCGCTGGCCATTGAGGAGGAAGAGCACCTCGGCGTCGTTGCGCAGGCCGCGGATGGCGACGCGGTGGAAGCCCTGCACGTCACGGCTGAGGGTGAGGCCGGGCATCACGTCCAACACGTCCGCCACCGTGCGCGCCCCCAGGGCGCGGATCTGCTCGCGCCCGAAGGAGGCGGCGATGGCGGGCACCTTCTTCACCTTCTCCTCGTGCCGGGTGGCCAGCGCCAGGGTGTCCTCGGCGGTGTAGAGCGCGAGATCCTCCTCCAGCTCCGAGCGCTTCGGCTCGGGCGCCTCGGACTCGGCGGTACGCGAGGGCCTCACGGCGGCCGGGCGGGAAGCGGTACTCCCGGAGTCCGGAGGCAGCTCGGCGGTCAGGGCCGCCATGGCGTCATCGGAGCCGGAGGACTTCTGGGGGGGCTCGGGCCTGCGCTCGGCCTTCGGAGCGGGCTCGGACTTCGGGACGGGCTCGGACTTCGGCGCCGGTTCCACCTTCGGTGCGGGTTCCTTGTGTACCGGCTCCGCCTTCGCGGTGGGCTCGCTCCTGCGGCCCGGCTCGGGCCTGCGCTCACCGCGGGAGGGCGGCTCGGCCTTGGGGACGGGCTCGGGCTCGACGGAACGGGGCTCGACGGAGCGGGAGGAGATCGGCGTGCGCGTGGATTGCACCTGGCCCACGACGACGACGCGAGCGGGACGCGTGGCGCTCTTGAAGAGGGGCACGCGCTCCCCACCGGGAGCGAAACCCTCCACGTAGTACTCGACGCCGGGCGGGGTCAGGCTCGAGGCC
NZ_CP137851.1_gap172	7473842	7476818	2976	GTCTCCTCGTCCAGCCCGAGCAGTTGCACGACCTCCTTCGAGTCCGCCACCAGGCGGGGCGCCGACACGGGCGTCGGCTGCACCTTCGACCAGAGGGCGCCCTGAACCTGGCGCGGCCGCGCGTCCTGGAGCGGATCTCCGGGGGTCGACTCGATGAATCGGGACGTGAAATGAGGCATCCCGGATGCATGCCTCCCCTCATCCACCGATGCAACGAATAGTTTCCAGGCGAGAGAGGGGCTGACTCCCCGACCGGACTAGGGCATGGCCTGGACCGCGGCACCGCGCCGGACCTTGAGCTGACGCGTGCGCTCCAGCTCCGCACGCGCCCACTCCTGTTCCTCGGGCCGCTGCCCGCTCGTGAAGATCTCCAGCGCGACCCGCCAGGCCTCCTCCGATTCCGTCAGGAGCGCGTCCCCGGCGGTTCCCTCGGTGCGCTGGCCCAGCTCCCGCAGCGCCTCGCCCACGTTGCCCTGCATGGTGGCCCAGATGTGCGGTTGGCGCTCGCGGGTGTACACCTCCTGAGCGTGCCGGTAGGCCCCCACCGCCTTCTCCAGCAACGAAATCCCCTGCGCTCCGGGCTCTTGACTGCCCAGCTCCCAGAAGGCCATGCCCAGGTTGCTCTGCACCTGGGCCCATTCCTGAGGCTGGGACTCGCGGGTGTACACCTCCAGAACGCGATTCAGCGCCTCCACCGCCCCGGTGGCCAGCGCCCGCCGCTTCTCTCCGCTCTCGAGCCCGCTCTGTATCAATCGCACATCCGCCAGGCTCAAGTGGAGCTGGGCCCACTCCTGTGGCAGGTGCTCCCGGGTGCAGATGCGCAGCGCCTCCTGGTACGCCTCCACGGCCTGTTCCAACAGCGGCGCCGCGGCCGGGCCCTCCTCCCTCCTGGCCTGGGCCCAGAGCACATCTCCCAGATTGAGCTGCGCGAACGCCCATTGCTGGGGCAGTGTCTCGCGCGAGAACACCCTCATGGCATCGCGGTGGGCTCCCGCCGCGTCCTCCAGCAGCAGCCTGCCCTCGTCTCCCCCCACCTGCTCCGCGAGCAGACTCAATGCGCTGCCCAGGCTGGCCTGGGCCAGGGCCCACTGCTGGGGCTGGTTCTCGGGGGTGAAGACCTTCAAGGCGCTTCGGTAGGCAGCCAGCGACTCCTCCAACAGTTGCCGCCGCCGCGAGCCGTCCGCGCGCTGGCCCTGGAGCACCAGCACGATGCCCAACCGGAACTGGGTGTCGGCCCAGTCCTGGGCCATCTGCTTGTAGGTGCGGACCTCCAGGGCGCGCCGGCGCGCCGCCACGGACTCCTCCAACAGCTTGTCACCCTGGGCGCCCTCGATGCGCCGGCCCTGCTCCTCCAGGGCCACGGCCAGGCTGTCCTGCGCCCGTGCCCATTGCCGTGGCATCTCCTCGCGCGTGTACACCCGCAGCGCACGCTGGTAGGCCCCCGCCGCGTCCTTCAGCCGCCCCAGGCACTCCTTCCCTTCCAGGCGCAGGCCCTGGGCCAGCAGCGCGGTACCCCGGTTGAGCTGGAGGTCCGCCCACGGCACGGGCTGCTGCTCGTGGGTGACGATCTTCAGCGCCCGCTCGTACGTGTCCACCGCCTCCCGCAGCAGGAGGACGCCCTGCTGTGCACCCACCCGCTCGCTCAGCTCACGAAGCACGGTACCCAGCTGGCCCTGGGCCTGCGCCCACGTGCCGGGCCAACGCTCCGGGTTGAGCACGCGCAGCGCCTCGCGGCACGCCTTCTCCGCCTCCCGCAGGTGCTCGTGCGCCGCCGAACCTCCCAGGCGCCTGCCCAGCTCGCGGTGCGCCCGCGCCTGGTTCAGCCGCAAGCGCGCCCACTGCTCCGGGCTTTCTTCCCGCGACACCCATTCGAGCGCCCGCGCGTAATCCACCAGCGCCTTTTCGAAGGCGTAGCCACTGAAGTTCGCATCCCCGCTGAGCGTGAGATCCTTCACCACCTCCTCGGTCAGCTGCCGGCGCTGTTGCTCGAGCGCCTCCAGTTGCTGGAGCTTGCTCTCCGCCGAGCTCCCCGCCGTCTTCGCCGCCATGGCGTAGTCGCCCTGCGCGAAGGCCGCCAGGGCCCGCTTGCCCTCATTGCCCTGCGAGAGATCCACGTCCGTCACCCACCGGTCCACCTCGGCCTTCACCTGGCGGGCGCTCAGGCCGTAGCGCTGGGCCCACTCGGAGATGTAGCGCCCGAGCTCCAACTTACGCGGCTTGCCCTCGGCCTCCACCTGCTCCTTGGAACGCTCGACCGCCTCGCGCAACAGGCCCTCGATGCCCTCCTCCGACAGGAAGCGCTTCGAGCCGGCTGGCAGCAGCCTCACCTCCAACACCTGCGTCCGGGGCTCCTGCGGCACCTGGGCGCGTCCCTCCAGGGGCGCCCAGAGACGGTAGCCCTTGAGCTTCACCTCGAAGGTGATGGAGTCGCCCGGCCGCAGCTCCTCGGAGAGGAAGAGTTTGAAGTCGCCATTGCTGTCGGTGACGGTGGGGTTGCCAAACCCCAGCAGCATCACCTGGGCATTGGCGGCGGGTTGCGTCTCCTCGCTCTTGCCCAACTTCACGACATGTCCACGCAACAGCCGCGGCTCGGCCCACGCGGCAGTCGAGCACAACAGGACAAGGCTCAGAATGAGGGTCAGGGACGGGTGACGGTGCATGTCATGGTTATGACCGCACCACGCTCACTTCACCGTGACGGACCTCACTGGCCGTGAGTCAAACGGATCACAGACCCGGGCGGCTAGTACCCGAGCCGCTCCGCCATGTAGTGGTCCAGCTGCCGGTACCACGTGGGCCAGTCGTGGGGCATGTCGTGGCCCCAGATGTCCAGGTTGTGGGGGATGTCACGCTGGTGCAGCAGTTGGCTGAGGTGCTCGGAGTACCCGGGGTTCTCCCACGCGCCGCGGCTCGTCACCAGGTGGATGCGGCTGTTGTGCCGGAGCAGCTCCAAGCCATGACCCTCGGGCAGGTGCG
NZ_CP137851.1_gap173	7483627	7488561	4934	CGGCGTGGCGGGGGCCGCGCTGGCCGCCGGAGCCTCCTTCTTCGGAGCGGGGGGAGTCTTGGGCACGGCGGCGTGTGCCGTGCCCTTCAGGAGCGTGGAGCCGGCCAACAGGCCGGAGAGGGCGAGGAACTCGCCCCGGCTGAGATCGCGGTGGGCCATGGTGGAAACACCTCTGGGTGTTCCCCTACCCTACACGAGATTCTCGACCTCCAACCGGGCAAGCCAGGGAAGTGGGGAGGAGCCGTTTTGCGTGAGATGCTATGCGGCAAAGGCCCGAACCCCCCTCCTTGGACTCCCTGCTGAAACCCGCTGTGGTCGCGTTGGTGCTCTCTGTTGGCGTGGTGCACGCCGCGGAGCCGCCATCCGTCGACCAGGTGCGCGCGGAGCTCGACCGGCAGCTGAGTGAGATGGTCAACACTCCGCCGGCGGAGATGCGGCTGCTCTTCGTGGGGTTGGATCCAGCGCAGTACCGGCTCGACGAGGTCCACTTCATGCTGGATGGAGAGCCGATCCCCACGCCGCCGGTGGAGCGGATCGGCTCTCCCGGACCGCACGTGCTGGTGACGCGGCAGCTCGCGGATGGGCCGCACACGCTGGTGTCCAACGTCGTCTACATGGACGCCTCGTGGAACATGTTCAGCCAGACGTCCGGCCTGCTGTGGAACCTCACCTCCACGCTCAACTTCCAGACACAGAACGGGCTGCGCGTGGACGTGACGGCCACCGCCGTCGTGGTACCGGAGGCGAAGGATCCGCGGCGGAAGGTCAAGCTGGCGCACGGCGTGACCATGGAGATGATCGCGAAGCTCGAGGACGTCGCGCTTCCCGAGATGCCTCCGCCCCCGGCGAAGAAGGCCGCACGCGAGCCGGTGCCCACGCCAGCGGATCCGGCCCCCACGGCGCCGCAGCAGAAGGCGAAGCTGCTGGTGCGGGTGCTCTCGAGCCTGAAACCCGTGGCGGCCACGGTCTCGCTGCGCGGGGCCACGACGCAGCAGGTGTCCTTGAAGAAGGGGGCCCAGGCTCCCGTGCAGGTGGAAGTGGCGCCGGGCGACTACGTGGCGGACGTCCTCGCGCCCGGCCTCCTCGCGCAGACGCGCCAGGTGCGGCTCAAGGGAGGCGCCGCGCAGCCCCTGGACTTCGCGCTGGTGCGCGCGCCGAAGAAGGCGATGGTGAAGGACGAGAACGGCCGGGTGGAGCTGCCCAAGCCCCTGCGATTCCCCGAGGGAAAACCGGTCCCCCTGCCGGACAACGCCAGCCTCTCGCAGTTGGTGGATCTGCTCGTGCGCAACCCCACCTGGCGGCTCCGCATCGAGGGCCACACCCACAACCAGGAAGGCGAGGAGGGCGCGCGCAAGCAGCTCTCCGAGGCACGGGCCCGCGCGGTGATGGAGCTGCTCGTGAATGCGGGCCTGGAGCCATCGCGCCTCGAGACAGAGGGCCTCGCCGACTCGCGGCCCAAGGCGCCCAACTTCACCGCTCGCGGCCGGGAGCTCAATCAGCGCGTGGAGCTGCTCGTTCTCGAGCATTAGCCCGGGCGATGCACGTATCTTCCGGGCATGGGCCATTCCGCGAGCCTGGATGTCTCCTACCATCCAGGGAACCTGTACCCCTCGACCATCATCCGCGCGCTCCTATCCCAAGGGTGGCGCGCCAACGACCATGGAGGGATCTCCCACACCCGCGCGGGAGTGGACAACTGGGAGAGTTCCCCGCTGGAGCGGCTCGATGAGGTCCTCGAAGCGCTGGACGAGGAGTGGGATACCGGCGAACCCGTGGCGATCACCCTCGTGATGGAGGGCGCCGATACCGGGGGCATCTTCATGTTCTTGCACGAGAACACGCTGAGCGTCATCGCCAACTACAATCGCCGCACGTTGGAGCGGGCGGGGAATTTCACGGACATGAGCTGGTACATCGAGCGCATCCTCCCCGCGCTCATCTCCCTGCATCAGGAAGTGGAGAGCGTGATGGCCCGAGAGCACGCGTAGAGTTCCAGCTTCCACCCGCTCTTCCATTTTGGAAGACCGGCTCGGTCGATTCGACCGAAGACGCCAGGACGTCATCCACCCCGGTGGGCCCGCTCTCCTCTGAAACCTCGAGGCGATGAGCACTGGCCCGCCGTTTGCCCTCTTCCGTTCCCACAACCCGCAGCACGAGGAGCGGAACCATGGGCCAGCCGCTGAATCTGATGACCCCCGAGGTGAGAGCCAATCCCTATCCACTGTACGCGGAGCTCCGGCGTGGACCGGTGTGCCAGGTCGAGCCGGGCGGCATGTGGGCCGTCAGCCGCTACGACGACGTGGTGACCGTCCTCAAGGATCCCCGGCGCTTCTCGTCCGAGGGCCTGGGCCGGAGCTTCCGGCCTCCCTGGTTGGAGCGGAACCCCACGGCGGACTCGCTCGTCATGAAGGATCCACCGGAGCACACGCGCCTGCGGGCCCTGATCAGCCGGGCGTTCAACGGCGCCGCGCTGAGCCGGCTGGAGCCGAGCATCCGCGCCATCGCCGAGGAGCTCGCCGACTCCGCCGTGCGCCGCCAGGAGGTGGACTTCATCGCGGAGTTCGCCCTGCCGCTCCCGGCCCGCGTGTTGAACCTCTTCTTTGGGCTGGAGCCCGCCATGGCCCCGCGCTTGAAGCAGTGGGCGGATGATCTGGTCAGCATCCCCGCCAGCCAGCCCTCGCCCCAGCGCCAGGAGCAGATCCGCCACAGCCTCCAGGAGATGGAGCGCTGCTTCAACGCCCTCATCGAGCAGCGGCGTGCCCGGCCCGGAGAAGAGCTCGTGAGCGAATTGCTCCGGGGTGAGCTGACCCACGAAGAGGTCTTGAGCTTCCTCTTCGGGCTGGTGCCGGCCGGTGTCGAGACCACCGTGTACCTGCTCGCCAACACGATGGTGGTGCTCTCGGAGCATCCGAGGGAACTCGAGCGCGTGCGCGAGAATCCCGCGCTCATCCCCCGGCTCATCGAGGAGGTACTCCGCTTCGAGCCGCCGGGACAGAGCAGCCTGCGGCTGACGACGGAGGACGTGGAGCTCTCCGGTGTCACGATTCCCCGGGGCTCCATCGTCGTGGCCCTGGTGGGCGCGGCCCTGCGCGACGAGAGCCGCTTCCCCCAGGCGGACCGGTTCCTCCTCGACCGCGAGAGCCAGGGCTCCCTCGCCTTTGGCCACGGGCCCCACTACTGCCTGGGGGCCATGCTCGCCCGGCTGGAGGCACGCCTCGGCCTGGAGGCACTCTTCTCCCGTATCCGCGGCTTCTCCCTCGAGCGGAAGGAACTCGACTGGTCCCAGTCGATCATCGCCCGGGGGCCTCGTGCCCTGTCACTCCACCTGGAGCCCCTCCGGTAGATGCGCCAGGATGCAGCACCCATGAGCGACATCGCCTTTCTGTGCCACCCCACCGTGGGCCACCTGAACACGCTGTTGTCCACGGCACTGCGGATGAAGGAAGACGGGCACCACACCCGCTTCTTCATCCCCGGAGGGCCGTCGCTCGGCTTCCGGTTGCGGCCGGACATCCTCAACAACGTGGTGGACGTGCCCGCGATGGTGGAGCGCGCGGGCCTGCCACTGGAGCGGCTCCGCCCGGCGCTCGGCGTCATCTTCCACGCCATCCGTCTGGCCCGGAGCAGTGGCTACGAGGAGAGCCGGATCGCCCTGAAGGTGTTCACCGCCGGGGTGGAGGCGACCACGCGGGCCATCCTCCGGCGGCTGGAGCGGCGGCCCGCGGACGTGCTCGTGGCGGACTTCGCCTTCTACCCGGCCCTGCTCGCCGCCGAGAAGCTGGGCATGCCCTGGGTGGCCGTCTATCACAGCGGTCTCCCCTTCCGGGGTCCGGGCATCCCTCCCTGGGGCAGTGGTCTGCCGATCGGCACGAAGGACGGTCCCGAGCTGCGGAGCGCCGAAGCGGCCGAGGCGGAGCTGCTCGCCGAGCTGACCCGGCGGGTGGGCAAGGCCCGGCGCGCGTTCGGTCTGGGACCAGCGCCGGAGGATGTCCTGCGCGCCCCCGCCTCGCCCTGGCTCAACCTGGTGGTGAGCCACGAGGCCATCGAGGCTCCTCGCACCAACCTGGGGTCGAGCACCTTCTACATCGGCCCCTGCTTCTCCACGCGGCGGGGCACCGACAACGAGGGCTTCCCGTTCGACAAGCTGCGCGCGGACGCCTTCAAGGTCTACGTGTCGCTCGGCACCGTCTTCAACGACAAGCCCGAGGTGTTCCGCACCATCCTCCGGGGGCTCGACGTGCCGGGCGTCCAGGTGGTGGTGAGTGGAGGAGCCGCGTACCCGGCGCTCGCTTCCGGTCCCCTGCCCTCCAACGTGCTGCTGTTCCGCCGCGTGCCCCAGGTTGAGCTGCTCCCGAAGGTGGACCTCGTCATCGGCCATGGAGGCAACAACACCACCAACGAGACGCTGGCCGCGGGCAGGCCCCTGCTGGTGGTGCCCGTGGGCGGTGAGCAGCACGACAACGCGCGACGGGTGGAGTACCTCGGTGCCGGACTGTTCCTGCCCATGGGCTCGCTGTCCGAGGACGGGGTCCGCCGGGCGGTGACGCGGCTGCGCGAGGAGCCGGGCTTCCGCGCCCGGGCCGAGGCCTTGCGTCAACAACTGGCGGACACCGAGGGGACTGGGACGGCCTCCGCCCTCATCGCCCTGCTGGCCAGGCGCCGCGCTCCGGTGCGTCTCCCCGAGGGGGCTCCACGTACCCTCACGCGCGAGGGGCTGTCGTCACTGCTCGCTTCACTCGAGAACACCTCGGCCGACGCCACATCTCGTTCCGCCTGAGAAGGGAGGCCAGTGGGGTTAGGCTGCACGCCCCATGAACCAGGATCCCGTCACGCTCGTCGCCGCGCTCCGCAACGTCCTCGAGGACACGGGGCGCGACTTCTCGTCGATGCCGTTCTTCGTCAGGCCCATGGTGCGTGGTGGCTTCGCCAAACGC
NZ_CP137851.1_gap174	7594538	7595190	652	CCACCCGGAAGCCACGCACCTGCGTGTCGTCCGCGGTGAGCCGGGCGGCCAACGCGGGCTCCAGGGGCTGGAGGCGGCGCTCCGGCAGGGAGCTGGCCAGGATGCGCCCGGCCGTGGTGTCCACCAGGTGGATGTACCCCGGATTGCCTCGCGCACGCCGTGCCAACAGGGCCTCCAGGTCGGAGAGGACGACCTCGGCGAGCGCGAAGGGAGCATCCTCCCCATCCCCCAGCTTCACCGCCACCGCCACGGCCGCCCGCCCACTGAGGGCGTGCGCGTAGACGCGGCCCAGGGCGGCCTGTCCCTTGTTGCCACGGCGCAGCGTCTGCACCGGCACCGCCCGGGCGAGCGCCTGCGTCGCGGAGGGCTCGAAGCCCGGGTGCTCGCTGTCGCCAGCGGCCTGATACACCGGTGGGCCGCGCGGGATGCCCTGCGCATCCAGGTGCAGCACCGCGCTGACGGCGGGAGACTGCCCGTAGAGCAGCTGCAGTCCGCCCTGGAACTCCTCGGGGGTGATGCTCTCCCAGTTGAAGAGCTCCGCCGAGCGGGCCAGCGCATCCACCGTCTTCATCAGCTCCGAGGAAGCACTCTCGGCGGTGGCCTCCGCGATGACGCGCTGCTCGGAGAGGATCCTCCCGGCCAGCGCCGCCTC
NZ_CP137851.1_gap175	7596835	7601025	4190	CCTCGGCGATGGGCTCGCCGCCGTTCCAGCACGTGAGCGCCACGTAGCCGGGCACCGCCGAGGTGGCCTTGAGCTCCAGCCGCACCTCCCCGCCCTCGGGGGTGAACTTGGCGGCGTTGGTGAGCAGGTTGTTGAGCACCTGGGTGAGCCGGTTGGGATCCGCCAGCGCCCGCAGGCCGTGCTGAGGCAGGCCGGCGGACACCTTGATGCGCCGCTCCAGGAAGGCGGGGCCGTACTTCTCCACCGCGCGGCGCACCTGCTCGTCCACGTACGTCCACTCGAAGTTCATCCGCAGCCGGCCCTTGGCGAACTTGGCCAGGTCCAGCAGGTCATCCACGATGGCGTTGAGCTTCTCCGTCGAGTCGCGCGCCAGCATCAGGTAGCGGCGCTGCTTCTCGTTCATGTCGCTGGACAGGAAGTTGAGCACCAGATCCAGCGAGCCGGAGATGGAGGTGAGCGGCGTGCGCAGCTCGTGGCTCACCATGTGGACGAACTCGTCCTTGCGCTCCTCGAGCTGCTTCTGCTCGGTGACGTCGCGCAGCACCACGCACACGCCGCGCAGCACCCCGCGTGCGTCGTTCACCTGGGTGACGGTGGTGTGGATGGTGCGCTCGTCGAGCTTCAGCTCCTCGCGCAGCACCTGGGCGCCGCCGTACTCCCAGCCGCGTACCAGCTCGAAGGGATCGAACCCGAGCTTCTCGCGCAGCCGCTTGCTGGCATCCGGGGCGGTGGGCCCCTCCCCCAGCATGAGCAGGCGGCGCGCGGCGGGGTTGAGCACGACGATTTCATTCTTCTCGTCGGTGAGGATGACGCCATCCGCCATGGACTCGACCATGCGATCGATCCGCTGGCGCGAGGCCTCCTCGGAGGCGCGCAGGGACTGGATGGCATCCGCCGTCTGGTTGGCGAGCGTGTCGAGCAGCGCGCCATCCTCCTCGGAGTAGACGTGGGAGCGCTGGGAGAAGAGCGACAGCAGGCCCACGGGGCGGCCCCCGACCGTGAGGGCGACGGTGAGCTGACTGGCCCAGGCGGCCGGGGCGGCGGCGTCCTGCGAGGTGGTGCCCGTCACGTGCGTGATGACACGGTCCTCGGGTAGCACCAGCCCCGAGCGCTGGCCCCACGCGGCCAGCATGGACTCCTTCACGCCCAGCAGGGATTGCTCCCCGACGACGGTGCCCTGGCAGCGCAGGCGCAGGGTGGCCGTGCGATCCCACCCCACCGCGATGAGGGCCGCGCCACAGTCGTAGGGCAGCACGCGCGACACCGCGGTGAGGACGCGATCGATGATGGCGTCATAGCCGAGCGGCTCGCCGGCACTGGCGCGGCTCACCTCGTAGAGGACGCCGAGCGCTTCCACCCGCTGGTGGAGCTGGCGCAGCAGCCGCTCCTTGTCCCGCCGCAACTGGGTGTACTCCACCGCGTTCTTCACGGTGATGACCAGGTCGTTCAGATCCCAGGGCTTGGTGATGTAGCGGTACACCTGGCCGCGGTTGATGGCGGCGATGATGTCCTCGGGATCCGTGTAGCCGGTGAGGAGAATGGCCGTGACATCGATGCCCTCGGAACGCGCGGCGGCCACCAGCTCGATGCCCGTCATCTCCGGCATGCGCTGGTCGGTGATGAGCACGTCCACGCGGTGCTGCCGCAGCAGCCCCAGGGCCTCGGGTCCGGAATTGGCCGAGAGCACCTGGTAGCGCTTCTGGAACATGCGCACGAGGAGATCGATGACGTCGGGCTCGTCGTCGACCAACAGGAGGGTATGTCGGGGCTCGGACAAGGTGTCTGGAAGTCTACGCGCAGAAGGGGGACGACCCCAGCGCCTGTTCGGAACCGGCGGGCACACACGGATTGTGCGTGCTCATCCTTGAACGAATTGACTCTAAACGTATGTTCAGGGAGCATGACGGTACTGAAAGTTTGTTGCGCCGGTGGGTTGCCCACCAGACGAGGGAGCGAGGCATGGAAGAGCTGACTGAACGCCAGCGGGAAATCCTGGCCTTCATCGTCAAGGAGACGGAGTCGCGGGGCTTCCCGCCGACCATCCGGGAGATTGGCGAGGAGATGGACATCCGCTCGACCAACGGGGTGAACGATCACCTCAAGGCGCTCGAGCGCAAGGGCTACCTCAACCGGGGCGAGCAGCAGAGCCGGTCTCTGGTACCCACCAAGCGGGCGCGGCTGTTGCTCGGCCTGGGAGCGAGGAAGGAGTCAGGCCTCGTGGAGATCCCCCTGCTGGGCAAGGTGGCGGCCGGCGCCCCGTTGCTGGCCCAGGAAAACGTGGAGGACTCGGTCCGGATCGACAGCTTCCTGCTGGGCGGTCAGGGACGCGAGGTCTTCGCGCTCCGAGTGAAGGGCAACTCGATGATCGAAGACGGCATCTTCGACGGGGACTACCTCTTCGTCCGGAAGACGCCGCAGGCCCAGACCGGGGACATCGTGGTGGCGCTCATCGAGGACGAGGCCACGGTGAAGCGCTACTACCCGGAGGGCGAGCGCATCCGCTTCCAGCCGGCCAACGCCACCATGCAGCCCATCTACGTGAGCAAGGCGGACTTCCGCTCGACGATGATCCTCGGCCAGGTGGTCGGCGTTTACCGCAAGCTGCCGGGCGGAAAGAACTAGCCCCCGTTTCACTTCCACGCGCGTAGAAGTGGATTGTCCCAGGCCCGTTTCACTTCTCATCGGTGAGAAGTGGAATGGGCCTGCTGCGTTTCACTTGTCGCCGGCGACAAGTGGAATGCGCCCGCCTCGTTTCACTTCTCATCGGTGAGAAGTGGATTGCACCGGATGGGCGTGCCGCACTTTTCCGCCTCGGGCGTTGCTCAGGGGCACTTCTTGAGCTTCACGCCATTGCTGGCGATCCGTTCACACACCGTGCGAACGATGGCCTCGTCCTTCAGCTCCTGGGCCAGGGTGGCGGTGCGCAGCTGTAGGTTCAGGTCCTTGGCGTGGTCCGGCTCGGCGCTCAAGTTGGAGAGGATGCGCAGGGCGTCCGGCTTGCGGTCGAAGGTGGAGAGCAGCGCCGCCAGCTCGGTGAGCTCATGGATGTCCGAGCCGGAGACGGTCTCGAGCGCACGCCCCAGCTCCTCCTCGGCGGCCTTGCGGTCATTGCGGCTCAGGTGGAGGCGCGCGATGGCCACATGGACGACGGCGCGCTCCTTCACGCGCAGGGACTCGCGGTAGGCCGCGAGCGCCTCCTGGGGCTTCTCCAGCTTCGAGTAGATCTCCCCGACGAGCTCCCACAGCGTGGGATCCTTGGGAGACGCGGTAGCGGCATCGCGATAGGACGCCGCGGCGGTGAGCAGCTCACCCGCCCGCACCTGCTCGTCGCCGAGCGCGGTGAGCAACTCGGGAGTCCGCACCCCCTTCCCCGTCCAGTCGCCCAGGAGCAGCAGGGCCTCGGCGTGACGCCCGTCTTCCGTGAGCACGTCGACGGCGCGCAGCACGAGGGGCGCCTTGCTGGCATCGGGGATCGCCTCGGCCGCGAGGATGAAGTGCTTCACGGCGGCGTCCTTCTCGCCGCGCTTGACGTGGAGTTCCCCCAGTTGCTCGAGGGCGTTGAAGTCCTTGGGGTTCAGGGCGAGCGCCTTGCCCAGTGAGCTCTGGGCCACGTCGCTCTTGCCAAGCTGGGCCTGGATGAAGCCGAGCCGGCTCCAATTGGTGGCGCGCTTGGAATCACGCCTGAGGGCGAGCTCGAACTGGGTGGAGGCCTCGTTGAGACGGCCCATGGACAGGTAGACCTCGCCGATGGCCGCGGGCAGGCGGGGGTCGTCCGGGGACAGCTCCTTCATCGTGTTGAAGGAGGTCAGGGCTTCATCGAACTTGCCCTGGAGGTACTCGGTGTTGCCCTTCACGTAGTAGCCCTCGGCCTGATCCTTGGGAGAGGGTGGCGAGGGACGGTCCTCGCAACCAGCGGCGAGGAGGGCAATCAGGGACAGGACACGCCAGCGCGGGTGCATGTGGGGAGCTCCAGGCTCAGAAATGCCAGGCGATGCCGGCGTTGAGTTCGAGGTTGAGGCCGCTGCCCAGTCCCCCATCGGAGAGGCCGAGCGTGGCCTGGGCGAGGTTGGTGGAGGCCTCGAGTTGGATGCCGAAATGGCCGGCGATGAGGTACTCGCAGCCGAAGAAGCCGATGACGGTGGGCAGCGGGCCGGTCTGCCGGAAGATGCCGAACTCGCCGAAGGACAGCT
NZ_CP137851.1_gap176	7602317	7603495	1178	CCGCGGCCACCACCGCCTGGATGCCTCCGGCGACGTAGACCACACTCTTGCGCCCGTACCGGTCCGAGAGCTTTCCGGCGATCACCGTGCTGGGCAGGGCCAGCAGGAGCAGCAGGCCCAACACGCCCAGCACGGCCAACTCCGGCGTCGTGGCCAGCGTCCGGCCGAACACCGAGAAGTCCTTCACCACGTCCCTCAAGTAGAACAGGAGGAAGCTCTGGACGCTGAAGACGCCCATCGACATCAGCATCCGGGTGAGGAACACCCAGCGGAAGTCCCGCGCGCCGAACGGCGCCACGAAGCCCTTCAGGAACGAGCCCCATTCAAAGGGCTTGGGCTCGGTGGTGAGCGGCTTCTCGCGCGTGCCCAGCACGGTGATGAGCACGCCCACCACCAGGATGAGGCCAATGAGCATATAGACGCGGTAGATCTGCCCCTGGAACTCGCCCAGGGAGGCCTGCTGGCTCACCATGGAGCTCGCGAGGCCCATGCCCACGCCATTGCCGAGCAGCGTCATCAGCCCGTACCACCCGGCCACGGAGCCGCGCTGCTCCGGGGGCACCACGTCCGGCATGAGGGCCGTATAGGGCGCCGTGGCGACGTTGTTGGCGAAGTTGGCCATGAGGTAGGCCCCCACGTACAACCAGTACGCGCCGGTGAAGCCCCACAAGCTGTCCGTCTTCAAGAAGGGGAAGGTGGCCATCCCCACCAGCGCCACCAGGTTGAGCGCCGTGCCCACCACCATGAAGGGCCGCCGCCGTCCCATGCGCAGCCGCACCCGATCACTCCAGGCGCCCAGCAGGGGCGGCACGAGGATGCCGGTGATGGAGCCGATGGCGATCGCCGTCCCCACCCCGGCCCCCTTGGACTCGTCCCCCACCATGACGAGCACCTGGGACTGCACCAGGATGGTGAGGATGGCTCCCCAGTGCACGTTGCTGGAGAACCAGAAGAACGTCAGATAGAGCTGCTCCAGCGTGCCCAGCCGTCTGGACTCGTTGGGTAGCACCGCGGCCGTGGCTTCCAAGGTCGCCTCATTCCTGATGTAGCATGGGGCCCCATCATCCAGGCCCCGGCGCGTTTCGGTCCACACGATGCCCCGGAGCCCCCCACGAAGGAAAGAGGGCCCCATGCCTTCCTCCGCCTCTGCCCGTACCCTGCTGTGCGGCCTGCTGCTC
NZ_CP137851.1_gap177	7676843	7680757	3914	GAAGGGCGCGAGGCCGCGCTCGAGCGCCCCGCGATCGCGCACGTCGACCGCGAGCACGTCCAACGCGACGCCGCGCGTGCGTACCGCCGACAAACGCTGTCGCTCCGCCGGGGGCAGCTCCGATTCCGAGCGCCGGCCGAGCGTGACCACGTGACGAACCCCCCGCTCCACCATCCATTCGACGAGGCACAGCCCGAGGCCGGAGTTGCCGCCAGCGATCACATAGCGCGCATCAGGGTCGAGCTGGGGCCGGGCGCGGGCAGGCACCGAATGCAGCGGCTCGAGCCGTGCGCGGAGCCGCCGCCCGCCGCGGAGCGCGATCTGCTCCTCGTCGCCTCCGTCGAGGAGCTCACCCACGAGCCTTTCGATCGCACCGGGTTCGCCACCAACGTTGGCCACTCCAGTTCCGGCGCCGAGGTCGACGCAGGTGCACCGATGCTCGGGGGCCTCGACGGCGATCACACTCGCCATGCCCCACAGCGCCGCGTGGAGTGGCTCGACGACCGGACCGACCGAAGTCGCACCGCGCGTGATCAGCCACAGCCGCGCGGAGGGGGAACGGCGGAGGGCCTCGAGCAACGCGAGGACATCGGCGCAGGCGCGGGCGGGTGCGACGCCACCGGCGACGTAGACCACGTGCTCGACTGGCTCGTCGAGATTGGCGGCGACGAGCTGCTCTCGCACGCGCAGCTCCGCCGCCAGCGACGCGGCGAGTGGAGCACCCTCCTCTCCTCCGGCGGCCACGTGCCAGCGCTGCGCGCGCTGGCCGGTCTTTACCGCGACCATCAGCGCCTGCACCGGAAGCAGAGGCGTATCCGCCGAAGGCTCGAAGCAGGAGAACGCACCGAACCCCGCCGCGCTCAGCCGTCGCGCCCAATCGGCCGTGGCCAGCAGGGGCGAATCGGGCCGCGAGCGTTCGTCGGTGAAACGCCACCATCCCTCGGTGAGGCCGAAGCTCAGATCGATCCACGACTCCGGCCGGGTCGCCTCGATCAGCCAGAGCTGCCCGCCGGGGGCGAGAAGTCCGGCGACGTGGGCCAGGGTCTGATCGAGCGAGGTGGTCGCGTGCACGACGTTGGCGGCAACGATCAGGTCGTAGCTGGCCGGCGCGAAGCCTTGCGCTCCCGGATCTCGCTCGATGTCCAGGCAGCGGTAATCGACGAAGCCGTAGTCGGCGAACCGCTCGCGGGCCCGGCTGGCGAACCGCGGGCTGAGATCGGTGAAGTCGTAGCGGCAGCGGCGCGCGTCGAGCAGAGGCAGGAGCTGCGCCGTGGTTCCGCCGGTGCCGCCACCGATCTCCAGAATCCGCAGCGGCCGATCCGTGCTCGCCAACGCACGTCCGAGCAGGTCGGACAGCATCCCGTGGATCAACCGGGCGCCGGGGGTGTCGCGGTAGAGCCTCGCGGCGGGCTCGAGGTCCCCATTGGGGAAGAGCACGGTGGTGGGGTCGAGCTCTCCTCGGAGCACGGCCGGTAGCCGCGGGCCGCAGCGTCCAATCAACTCGATCACCGGCGCCAGCGCGGGTGCCTGCTCCGCGAGCGTCACCGCGAGCGCGGCGGGATCGGCAATGGACGCTCCGCCGTGACGCGCGTGGCCGCGAATCACCTCGAAGGGGCGCCGCATGCCTGGTTCAACGCGCTCGCCCTCCTCGCCCACCTCCGCGACAGCCCGGCTCGCCCAGGTCCGCACCACCGCGTCGAGCCCCTCGATGGCCCGGCCATCGACGCCGAGCTCGCCCACGAGCCGGGTCAACCGCTCGCCGAGCGCCGCGCGATCGGCGCCATCGAGTGCGCGGAGAGGAGGAGCCTCGCGCGGAGTCTCCGTCCAGCGCACCGCGAGCAGCGCGTCGTCGGGGAGCGCCGCGGAACGTGGCTCCTGCACAACCGTCCGGACCCAGTATGGCCGGCGCTGGAACGGGTATGTCGGCAGGTCGAGGTGACGGTGCACCCTCCCCTGCTCGAGCGCCGCCCAGTCGACACGCACGCCAGCGACGTGGAGCTCGGCGAGCGCGCGGAATGCCTCGGAGCGATCATCCTCGCCGCCCCGGAGTGTTGGGATGAAGCGCACTCCCTCGAGGCCCCCCTGGGCGAGCTGTCCCAGCGACGAGAGCACCGGCCTCGGGCCAACCTCGACGAACGAACGCGCCCCGAGCGCCAGCGCGGCCTCGAGCCCGGCGGCGAAGCGGACCGGGTGCAGGATGTGCTCGGCCCAGTACTCAGGCCGCGCGAACGACTGGTCCTCGAGCGCGCCACTGCGATTGGAGATCAGCGGGATCGCGGGTGCTCGCAACGCGACGGTCTGTGCGACCGCCAGGAACGGCGCGACCGCCGGCTCCATCAGCGGCGAGTGGAAGGCGTGCGACACGCGGAGCCGCTGGGCCGGGATGCCCTGCCGGGCCAGCTCCCGCTCGAGCGATTCGACGGCCGCGAGCGCGCCCGACACGACGACACGCCGTGGCCCGTTGGCGGCGGCCACCGCGAGCACTCCCCTGCCGGCGAACAGAGGGAGGAGCTCGGCCTCGTCGGCGCGCACCTCGATCATGGTCCCGGGCGCGTCGACCGCCTGCATGGCACGGCCGCGCGCCAGCACCAGACGCAGCCCATCCTCGAGCGTGAAAACACCCGCGACCAGCGCGGCGCTCAGCTCGCCAAGGCTGTGCCCGAGAACCATGTCGGGTTCGATGCCCCAGCTACGCCACAGCTCGACCAGGGCGTGCTGGAGGCAGAACAGCGCGATCTGCGCGTGATCGGTGCGGTCGATCGAGAGCGGAGAGGCAGCGGGCGCATCGCCCAGGCCCATCAGCGCCAGCAACGGCGGTCCGCCGTTCGCTCGGAGCAGCTCCGCGCAGCGATCGAGGGCCGCGCGGAACACGGGCTGGTGCGCATACAGGCGCCGCCCCATGCCGGAGAACTGCGCGCCCTGTCCCGTGAACGCGAAGACCAGCGGGCCCGGATCGCCGCTCCGGCCGTGGACGATCGAACGCGGCAGCTCGCCGCCAGCGAGGAACGCGTCGAGGCCCGCCTCGAGCCCCCGGCGATCTTCGGCCAGGATCGCGAGTCGCTGGCGCGACTTCGCGCGACCGAGGTTGATCGTGGCGCGCAGGTCAGCGAACGCGGTGGCGCCCTCGCCGGCCACCGGCAGCGTGCTCCGCAGCCGGGCCGCGACCTCGCGCAGCGCTAGCTCATCATGGGCCGCGAGCACGATGGGGACCTGTCCGAGTGCACCGGCATCGGCCCCGGCACTGCGGGTCTCGCCGGGTGCGGCCTCGAGGAGCAGGTGGGCGTTGGTTCCTCCGGCGCCGAACGAGCTGACCCCCACCACCGGTGGCGCGTCGGAGCCCGGCCACGACCGGCGCTCGCGGACGACCTCGATCGGCAACTCGGTCCACGGGATGCGCGGGTTGGGCGTGTGCAGGTGCAGGTGCGCCGGAATCTCACGGTTCGCCAGGGAGAGCGCGGCCTTGATCACCCCGGCGACGCCAGCGGCGCTCTCGAGGTGACCCACGTTGGTCTTGACCGAGCCGATGAGCAGCGGATCGCCGCGCCCACGGCCGGTGGCGAATACCCGGCCGAGCGCGTCGACCTCGATCGGATCCCCGAGGGCGGTCCCCGTGCCATGGGCCTCGACGTAGCGGACGCGCTCTGGCGGCAGGCGGGCGTCGGCCAGCGCGGCGCGGATGACCCGCGCCTGTGCCTCGGCGTTGGGCACGGTGAGCCCACTGCTGAGCCCATCGTGGTTGACGGCGCTACCTCGGATCACGGCGATGATCCGGCGCCCCTCGGCGAGGGCATCGTCGAGGCGCACGAGCGCGAGCAGGCCGCCGCCCTCGCCGCGTGCGAAGCCGTCCGCCGAGGCATCGAACGTCTTGCATCGCCCGTCGGCGGCGAGCATGCGGGCCCGGCACTCGGTGAGCA
NZ_CP137851.1_gap178	7719389	7720693	1304	TCGGCTCGGCTGGCCCGCTCGCTGTCTGAGCTCCCCGAAGCACGGCGGGCCCTGGAGCCGGTGAAGACCCTCGTGCTGGAGGAGAGCTCCGCCGAGCTCGCCCGCGCGCTGCGGGAAGCGGCCGGGGTGCCTGTACTGCGGAAGGGCGCGGTAGCGGACGGCTCGCTGTTGCCGCGAGCGCCGGAAGAGGAGCTGCCCTCGGAGGTGCAGCGCTGGGTGCTGGACGAGTCCGGCCAGCCAGTGCCGTCCGGTGTCGTGGGCGAACTGGCCCTCTGGGGCGCCGGTCTGCCGCAACAGCTGTGGCGCGCCTCGAGTGAGGAGCACCAGAGGTGGGTCCCCCATCCGCTGGACTCCTCCGCGCGCCTCTACCGCACCGGCCGTTATGTCCGCATGCGCACGGACGGTGGCCTGGAGCCCATGAGCGCTCCCCCGGCCCGCGCGAAGCGCCCCGCAGAGAAGGAGCGCCCCGCGAACGCCGTCGTGCCGGCCGCCGCCACGGGAGGGGCCTCCACGCCTCCCGCCATTCCTCTCGCGCCGAGGAACGAGCCCCTGCCGCTCTCCTTCGCCCAGCAACGGCTGTGGTACCTGCAGCAGGTCGAGCCAGAGAGCGCGACGTACAACAACGGTGTCACGTACCGCCTGAGTGGCCCGCTGAACGTGGCCGCCCTCCAGTCCGCCCTGGAGGCGGTGGTGAACCGTCACGAGGTGCTGCGCACCACGTACACCCTCACCGAGCAGGGCGCCGTCCAGCTCATCCATCCGAGCATCGAGCTGTCCATGCCCCGGATGGAACTGAGCGCCTCCACGTCCGAGGCCCGGGAGTCCGAGGCCCTCCGCCTGTGCCGCGAGCACCTGCTGCTGCCCTTCGATCTGGAGAAGGGCCCAGTCATGCGCGCCCTGCTTCTGGCGGTGGAGCCCGAGGAGCACATCCTCAACCTGGTCTTCCACCACATCGTCTCGGACGCCTGGTCCTCCCTGGTGCTGGCCAAGGAGCTGGTGGCGCTCTACACCGCCTTCTGCGCCGGGCAGCCTTCGCCGCTGCCGCCCATGACGCTGCAGTACGCCGACTTCGCGGTGTGGCAGCGCAAGTGGCTCGAGGGCGGCGTGATGGAGAGGGAGGTCGCCTGGTGGAAGCAGCGGCTCTCGGGCGTCCCGCCCCTGGAGCTGCCCACCGACAAGCCTCGTCCCGCCGCTCAGACCAACAAGGGAGCCCTGCTGCCCTTCGTGCTGCCGCGAGAGGTGTCCGAGCCCCTGCTGGCCCTGGGGCGGCGTGAAGGCTCCACGTCCTTCATGGTGGTCATGGC
NZ_CP137851.1_gap179	7723205	7724966	1761	CCCCTGGACGCGGCGCTCCTCGAGAAGGCGCTCGGCCACGTGGTGGCCCACCACGACGCGTTCCGCGCCCGCTTCACCCACGTCGAGGGACGCTGGCAGCAGCACTTCGAAGGCACCGAGGCCGCCCCCACGCTCCGTCAGGTGGACCTGTCCTCGCTTCCCGCCGCCGCCCGGCCCGCGGCCCTCGAAGCCGAGGCCGCTCGCATCCAGGCCGGCTTCGAGCTCTCCCGGGCTCCGCTGTTCGCCGCCGCGCTCTTCCACCTCGGCGGCGCCCAGCGCCTCTTCCTCTGCGTCCACCACCTCGTCATCGACGGTGTCTCCTGGCGCATCCTCATGGAGGACCTCGAGGCCACCTACCTCCAGTTCCTGCGCGGTCAGCAGGTGGGTCTGCCGCCCAAGTCCACCTCCTACCGGACATGGGCGCGCCGCCTCTCCGAGTACGGCTCCTCCGAGGCGCTCGCCTCAGAGTCCGCTCTCTGGCTGGACGAGGCCCGTGCCCTCGTCCCCGCCCTCCCCGAGGACGCCTCCGGGGAGAACACCTACGCCTCCGCCGCCTCCGTCTCCGTCACCCTGGAAGCCGACGAGACCCGGCTCCTGCTCCAGGAGGTGCCCGCCGCCTGGCGCTCGCACATCAATGACGTCCTCCTCACCGCGCTCGTCCAGTCCTTCTCGGAGTGGACGGGCCAGCCTCGCCTCCTCGTGAATCTCGAGGGCCACGGCCGCGAGGACCTCTTCCCGGACGTGGACCTGTCCCGCACCATCGGCTGGTTCACCACCTTCACTCCCGTCCTGCTCGCCATTCCCGAAGGCGGCTCACCGGGAGACTGCCTGCGCTCCGTTCGCGACTCCCTGCGCCAGCTCCCGCACCACGGCATCGGCTTCGGCCTCCTGCGGTGGATGGGGCCGGACGCGATCTCCCAGCGGCTGCAGGCACTCCCCGCTCCGCAGGTCGCCTTCAACTACCTCGGACAGTTCGACGCCTCCGCCACCGCGAGCACCCTCTTCTCCCTCTCCAACGAGCCCACCGGCCCCGTCACGGACCCCGCTGCTCGCCGCATGCATCCCCTGGAGGTGAATGGCTCCGTCCTCGCGGGACGCCTCCAGCTCTCGTTCACCTACAGCACCCACCTGCATCACGCGCCGACGATCCAGGGCCTCGCCCAGCGCTTCCTCGCGCACCTGCGAGCCCTCATCTCGCTCCGTCACTCCGACGACACGCGCCGCTTCACGCCCACGGACTTCCCCCTCGCGCGCATCTCCCAGCCGGCCCTCGACGCGATCCTCTCCCGCCACACCGCCGTACCCGAGGATCTCTACCCCCTCACGCCCTTGCAGCAGGGCATGCTCTTCCACGCCCTCCTCTCACCGGAGTCCGGCGTCTACTTCGAGCAGCTCTCCTGGAGCGTCCACTCACACCTCGAGCTGGAGGCGTTCCTCTCGGCGTGGCGGGCGGCGCTGGAGCGCAACCCCATCCTCCGCACGTCCTTCCTCTGGGAGGGACTCGACACCCCGTTGCAGCTCGTCCACTCGCGCGTCGAGCTGCCCTTCCAGCAGCATGACTGGAGGCACCTGTCCGCGGACGAGCAGAAGACGCGCCTCGACGCCTTCGTCCTCGAGGACATGCGCCAGGGCTTCGATCTCGCTCGCGCTCCGCTCATGCGCCTGACGGCCTTCCGCCTCCAGGACGACGCGTGGCGCTTCCTGTGGAGCCACCACCACCTGCTCGTGGATGGTTGGAGCGTCGGCCTGCTCCTGCAGGAC
NZ_CP137851.1_gap180	7781702	7783911	2209	CCGAGGCCTCGGCGCTCTCGCGCAAGGCGTCGCGCGCTCCGGACACGGAGATCGAACGCGCCCTGGCCGCCATCTGGGCCGAGGTGCTGCGCGTGGAGTCCGTGGGTGCCGAGGAGGACTTCTTCTCGCTCGGTGGCCACTCGCTGCTGGCGACCCAGGTCATCAGCCGCATCCGCGCCTCGCTCGGCGTGGAGCTGCCCCTGCGCGTCCTCTTCGAGGCCCCCACCGTCGCGGGCCTCGCCGAGCGCGTCCAGGCCGCCAGCCACACCCAGGCTCCCGCGCTGAAGCCCGCGGCTCGCGGAGGCCCGCTGCCGCTCTCCTTCGCCCAGCAGCGGCTGTGGTTCCTCGCTCAGCTCGAGCCCGGTAGCACCGTCTACAACATGCCCTTCGCGCTCCGGCTCTCCGGGCGGCTGTCCGCCAGCGCGCTGGCCCAGGCACTCGAGGCGCTCGTGCTGCGCCATGAGGCGCTGCGCACCACCTTCCAGCCGGGCCAGGACGGCCCCGTCCAGGTCATCTCCGAGACTCCGCTCTCGAAGCTGCACACGGTGGACCTGGGCTCACTGCCCGAGTCCCAGCGTGAGGCCGAGATCCTCCGGCTCGCGGAGGAAGAGGCCCGTAGGCCCTTCGATCTGGCGCACGGTCCGCTCTTCCGCGCCTCGCTGGTGCGCCTGAGCGAGACCGAGCATGTCCTGCTCCTGGCGCTGCACCACATCGTCTCCGATGGCTGGTCCAACGCCATCCTGGCGCGCGAGGTGGCCGCGTTCTACGAGGCCTTCGCCACGGGCCAGCCGTCGCGGCTGCCCGCGCTCCCGGTGCAGTACGCCGACTACGCCGTCTGGCAGCGTGAGTGGCTGAGCGGCTCCGTCCTCCAGCAGCAGGTGGACTTCTGGAAGCAGCAACTCTCCGGTGCCCCCGCTGCGCTGGAGCTGCCCACCGACAGGCCTCGTCCCGCGGTGCTGTCGTACCGGGGCGCCAACCTCCCGGTGCACGTGTCCCGGAAGGTCTCCGAGACGCTCAAGGCCTTGTGCCAGCGCGAAGGCGCCACGCCCTTCATGGCACTGCTGGCCGCCTTCCAGGTGCTCCTGTCCCGCTACTCGGGCCAGGACGACATCAGCGTGGGCTCGCCCATCGCCGGCCGCACCCGCGCCGAGACGGAGGGCCTCATCGGCTTCTTCGTCAACACGCTCGTGCTGCGCTCGCACCTATCCGAAGGAGCCTCCTTCCGCGAGCTGCTCGCCCGGGTGCGCACCAGCACCCTGGCCGCCTACGAGCACCAGGACGTCCCGTTCGAGAAGCTGGTGGAAGTGCTCCAGCCCACGCGCGACCTCAGCCGCGGCCCGCTCTTCCAGGTGATGTTCATCCTGCAGAACACGCCTGGCGGCGAGCTCCAGCTCCCGGGCCTCACCCTGCGCCCCGTGGAGCATGAGGACACCACCGCCAAGTTCGAGCTCTCGCTCGCGCTCGGCGAGGGCCCGGACGGCTTCGGCGGCAGCCTCAACTACAACACCGACCTCTTCGACGAGGCCACGGTGGCGCGGATGATGCGCCACTTCGAGACGCTCCTGGACGTGCTCTGCGCCCGTCCCGACACCGCTCTGCGCGACCTGCCGCTGCTCGGCCGCGACGAGGAGCGGCTGCTGCTGGAGACGTGGAACCCTCCTGGGGAGCTGCCGCGGGATGGCTCGCTGCTGCACACCCGCCTGGAGGCCCAGGCCCGGCGGACCCCGGACGCGCTGGCGGTGGCGGACGACACGCGCACGCTCACCTATGACGAGCTGATGCGGCGCGCCAACCGGCTCGCCCGCCACCTGCGCACGTTGGGCGTGGGCCCGGAGGTCCGGGTGGGCGTGTGCCTGCGGCGCACGGTGGAGCTGCCCGTGGCGCTGCTCGCGGTCCTCGAGGCCGGGGGCACCTACGCGCCGTTGGATCCGGACTACCCCTCCGAGCGGCTCGGCTACCTGCTGGAGGACTCGAGCTCGGCGCTCGTCATCACCGAGCGCGGCGTGCTCCCGGCGCTTCCCCAGGTGCGTCCCCAGACGCTCGTGCTGGAGGACCTGGAGGCGGTGCTGGCGGCGCAGTCCGACGAGCCGCTGCCCACCTCCTGCGACGCGGAGAACCTCGCCTACCTCATCTACACCTCGGGCTCGACGGGCCGTCCCAAGGGCGTGGCCATCACGCACCGCAGCGCCGTGCTCTTCATCTCCTGGGC
NZ_CP137851.1_gap181	7797461	7798531	1070	CGTCGTCACCCACTGCGATCTGCTCGAGCCCAAGCGCACCGACCTCCACCTCTCCGAATCGCAGGACCCCGCCGAGCTCCAGGAGAAGCTCCGCCACGTCGAGGCCGCCGAGCGCCAGTTGCGCGACAAGCTCCGCTCCCGCCCCGAGCTGCGCGGCGAGCTCGTGAACGTCCTCGGCGTCTCCACCTACCTGTCCTGGCGCCCGGATGGGACGATCCGCTCGGATGAGCGATGGAGGCTGGGTGAGCTCGCCCAGGTGCTCTTTCGCGAGCTGCCCGAGCAGGGCCGGCTCGTCCTCGCCCGCGTGACACGCGTGCGCTCCCTCCAGGAGGAGCTCGCCACCACCCTCACCCGCGCCATGGCCTCGCTCTGCATGGGCGTCGCCCTCGTCCCCATCCCCGTCGCCGACATCATCCCCATCACCTCCGCCCAGCTCAGCCTCATCGCCGGCATCGGGTGGATCTCCGGCCGCCAGCTCGACCTCAAGGCCTCCGGCGAGTTCCTCACCGCCCTCGGCGTCAACGTGGGCGCCGCCTTCGCCCTCCGCGAGGCCGCCCGCGCCCTCGTCAAGTTCGTCTTCCCCGGCGCCGGCAATGCCATCTCCGGCGCCGTCGCCTTCGCCGGCACGCTCGCCATCGGCACCGCCGCCCGCGCGTACTTCCTGCGCGGCGTGTCCGCCGAGGAGGCCCACCGGCTGTACCAGGCCACCCGCTCCTCCGCCGAGGCCCACCCCGAGCGCGCCCTGACCGAGGGCTGAGCACGGGTTCCCAGCACCCTCACCCCGGGGGGCTTGCCCCCCCTTTGAACGACGGGGGGATCCTCTCCCGGGGGGCGAGGGGACAGTTGCTCGCTCTCCTCCCTGGGGACACAGGGGCTCTTGTTTCTCGGTCAACTTGGAGAGTGAGCACTCACTTTCTTTTTAAAACCTCGGGCGCTACACTTCCTCCATGTCTGATTCGTCCCCGGGGCTGGAGGCGGCACCTCGCGTCCGGCGCACCCAGCAGGAGCGGCGGGACTCCACCCGCCTCAAGCTGCTCGAGGCCACCGTCGAGTGTCTCGTGGAGCTCGGC
NZ_CP137851.1_gap182	7847585	7851457	3872	TCGTTGCGCGCGTCCAGGGCGCGGCCCGCGGCGGCCTCGGGGGAGATATAGGAGATCTTCCCCTTGAGCACGCCGGCCTGGGTGTTCTCCTCGCCCTGCACCTTGGCGATGCCGAAGTCGCTCAGCTTGATGGCGCCATCGAGCGAGATGAGGACGTTGTGGGGGCTGACGTCGCGGTGCACCACCGGGTGGGGCACGCCGGCCGGGTCCACGTAGCTGTGCGCGTAGTGCAGGCCCGCGGCCGTCTCGGCGACGATGCGCAGCGCGTGCTCCAGCGGCAGGGCCAGGCCCTTGCGCCGCATCTCGTTCAGCAGCTTCTTGAGATCCGGGCCGCGCACATACTCCATGAGGATGTACGCCACGCCGTCGTTCATGCCCACGTCGAACGTCTGCACGACGTTGGGGTGCGTGAGGCGCGCGTTGGCCCGCGCCTCGGCGAAGAGCATGTCGACGAATTCAGCATTCTCCGCGAACTGCGGGAGAATCTTCTTCATCACCACGAACTTCTCGAACCCCTTCACGCCCACCTGCTTGGCGAGGAACACCTCGGCCATGCCGCCCTGGCCCAGCCGGCGGATGATCTGCAGCTTGGTGGCGCTGATGGAGTTGCTGATCTCCGAGCCGCTGCCCTTGTTGGCGTTCGGATCCACGTTGGTGGAGCCGAAGAGGTACTGGCTGAGGGCGCGAGGCTCGAGCGCCTCGATGTCATCCAGCGGCTTGTCCACCAGCGACGAGCGGCTGAGCAGCGGCACGAGCTGGGGGATGGAGGGAAGGCGCGCGGAGCCGCCGCAGATGGGGCACTGGCGCTCGGGGCTGGCGTTGGCGCGCAGCTTGGCCAGGTACTCGGAGGCCAGGGCGCGCTGCTGGTGCTCATGGCCGCAGTTGCGGCACTCGCAGGGCAGCCACAGGGTGCCGATCTGCGCGGTGAGCTGTTTGGTGAAGCGGGTGAGCGCGTTGAGCACCGGCACCGGCACGCGGCACAGCACCACCTTGGCGCCCTGCGCGGCCGTGGCGAGCACCTGCTCCAGCTTCGCGACGGCCTCGGGCTCCACCTTGTGGACGTGGGAGAAGTCGAAGGCGACGCGCCCCTCCAGGCCCGACGCCAACCGGCGCACGTTCAGGTCCGCCTTCAGCTCGCTGGCCAGGGAGACGTACGTGATGTCGTCCTGGACGATCTTCAGGTGCGTGGTGAGCGCGCTGGGCGCGCTGGGCGTGGTGGCGCGCAGGTAGCGCATCACCACCGGATCCACCGTGCCGAACTGCTGGCGCTTCGTGTAGTCGAAGAACTCGCTCGGCAGATCCGCGAACTCCAGCTTGCCGGCGCACACCGGACAGGAGTGCTCGGGGGCGCGGCCCTCGGCGATGATGGGCGCCTCGGCCTGCAGGTCCACCACGCGCAGCCGGTCCTCTCCACAGGCGCGGCACGTGTAGGGCGCCAGGACGGACAGCACCCGCGCCACGCCGGAGAAGCCCTCCACCATGTTGAGCTGGTCCACCATCACCGGTGGCGCGTTGACCACGTACAGCGCGATGCCCCCGGCGGGCAGCTTGCTGGCGAACTCGATCCACCGCCGCACGCCGAAGGAGCTGATGCGCTCCACCTGGCCGAGATCGACGATGAGCAGCCCGCCCATGTCGGGGGACGAGGACGTCAGCGGGAACGTCTCGTCGATGATGCCGGCGATGCGGACGTGGTTGATGGTACCCACGCGCACGCGGCTGAGAGTGGCATTGGAACCCTGCGTCTCCACCGTCCCGCTCCTCATTCCGACTGGAAGTACAGCAAAGACTTGGGAAGTCCGGCCCGGCGGCGCGCCTCCCCCAAACCGACCACGCCCAGCATCCGCGTCTCCTTGCCGGGAGTCACGCGGACGGCGATCAGATCACACGCCTCCAGGATACGCCGCATGCCCAGGCCCGCCCCACCGCCCGAGGCATTCACCTGCATGCGTCCACCCAGCGAGGCCAGCGCCCGTGCGATGGGCCCGGGCGTCAACCGCCCGAAGAGATCCACCGCCTCCAGGAAGATGCCGCCCTCCCCCACCGCCAGGGACACCTGGCACACGTGCTCTGGCGCCACCACCTGCACCGAATCCCGCCGGTGGGCATACAGCGGCGTGCCCTGGTCATCCGCCGGTGCGTCCAACAGCGCGTTGGCGGCCAGCTCGTGCATGACCTCGGCCGCGAGGTTCGCCGCGCTCCGGCTGCCCTTGGAGGCCTCCACCAGCGCGGCGGCCTCGGACGAGGCGGCCTTCAAATCCAGCACCCGATCCAGCCACAGCCTCGCGACGGGAGCCCCCGGGGGCATCAGCACCTCACCCCGCAGGAGCGAGCCCAGCACCCGCATCTCCCACGCGGACGGGAGGCCCCCCGGCTCACGCGTGGCCAGCAGCAGCGCCGGAGGCTGACGCTCCAGCATCGCCGCGTGGGCGGGCCCCAGGCGGCCGTCGAAGAGGATCAGCTCGCGGGCCGGGGCTCGCGGGCTTCCCCCTCGCGCCACCACGGACAGGCCGCTGCGCACGAGCGCGGGGGCGGCCTGCTCCAACGTGGCGGGAGCCAGGGAGGCATCTGCGATGAGGTGGAGGCCGGTGGTGGCCCCCTGCGGGTGGGCGACTCTCACGATGACGGCTCAGTACTGGAACTTGATCTCGCTGAAGAGGCTCAGCGGAGGCGCGGGGAATCCGAAGGACTCGTCGTACTTCGCGTTGAAGAGGTTGGAACCCACCACGGACACCGTGAGGCCCTTGGTGACGTTGGCGCCCACGCGCGCGGTGGCGGTGAAGTAGCCGGGCAACTTCACCTGCTCGAACTTGCCGGTGGACGGGTTCTCCAGGGCGCCCGGATCCAGGCGATCGCCCACGTACAGCGCGTAGACCTCGGCGAAGGCGAGCTTGCCGAAGTTCGTCCGGCCGCGCGCGTACACGCGGTGCTGGGGCGCGTATTCGAGCGGCCGCTCCGGCCGGTTCTCGAAGGCGAGCGCCCGCGCGTCCAGGAACTGGTAGGACACGTCGAAGGAGGAGTTGATGGCCGCCACCTGCGCCGCCGCCTCCGCCTCGAAGCCCATCACGCGCGCATCGCCCACGTTCTTGAACTGCGAGGTGGCGCCGAAGAGGAGCTCCTGGTTGATGAAGTTCCTGGCCAGGTTGTAGAAGCCCGTGCCCGTCAGGCGCACCGTGCGCTCGAAGGGCCAGAAGTCCACCGAGGCCTCGACGGTGTCGAGCGTCTCGGCGCGCAGGTTGCCGTTGCCGATCAGCGTGGCCGCGTACATCTGCTGGTTGATGGCGAGCTCGGCCAGCGTGGGAGCGCGGAAGGCGCGGCCGTAGTTGGCGCGGAAGGTCAGCTCGGGACGGGCGTGGAACACCACGCTGGCGCGCGGGGAGATCTGATCCGTGCGCGCCTGCCAGACCTTCTCCGGAATCATGTACTTGTCGTAGCGGGCGCCCGCGCTGAGCACGAGCTGGCTGACGGGCCGGTACTCCGCGTCGACGAAGCCACCGAGGATGTCCTGGGTGGTGTCCTCCATGGTCAGGCCGGGGAGGATGTTGGGGTTGTTGACGAGGTCGTTCTTGTAGTCACCACCGAAGGTGACGGTGAGATCGCCCAGGGTGAGCAGGCCGCGGGCCTCACCGCCGATCCGGCGCCGCTTGCCCAGCGGCATCTGGGGGCTCTCCTCGTCGAAGGCGTTCTCCATCACCACTTCGCGGCGCTTGAAGTAGGTGTACGCCTGGGCGAACACGCGCAGGTTGTCCGTCACCTGCTGGTCCACCTGCGCGCTCGCGTTGAAGTTCTGCACGTGCTCCACGTCGTTGGGCGTGTAGTGGCACTTGCCGCAGTTGCCCACGGTGGCGAGCTGGTGGCCACCCGGGCGGCCG
NZ_CP137851.1_gap183	7886251	7887959	1708	CTCGGCATGCCGATCTCCGCGCACCCCACCCGGGAGGAGGCGGCGGCCGCCCATGAGGAAGCGTGGGCCCTGCTGGCGGAGCGCCCCCTCGAGAGTCTCCTCGAGCTGCCGCTCATGACCGACCCGGAGATGAAGGTCGTGATGGGCGCCCTGGCCTCGCTCTTCGTGAAGGCCTACGTCACCGACAACCACCTGCTCACCATCAACCTGAGCCGGCTGGTCACCCTCACCCTCCGCCACGGCTTCGTGGAGGCGTCGGTGCTGGGGTTCGGCTGGTTCGGGGTGATGACCGGCATCTTCTTCAAGCGGTACCGGGAAGGCCATGCCCTGGCCAGGCTCGCCTGCGACTTCGTGGATCGGTACAACCTGCCCGCCCTCCGGTCCAACGCGCTCCTCGCCCTGCAGAGCATCGCCACCTTCACCCAGCCCCTGGCGAGCGCACAGGAGATCACCCTCGCCGGCTTCCAGCAGGGGCTCCAGTCGGGGGACTTCTATTCCGCCAGCTGGTGCGGCTCCTCCATCGCCGCGAACCGCCTCCTCCTCGGGCACAACCTCGAGGACGTCCACCAGGAGATGGTCGCGCGCAAGGAGTTCTCGGACAAGGCGGGGGTCCTGGATCCGCAGGAGCTGCTCCTCATCTACCAGAGCTACGTGCGGCAACTGCGCGGGCGCTCGCTCTCGTTCTACACGCTGAGCGGAGAGGGCTTCGACGAGCCGGCCTTCGAGGCCAGGATGACGCCCGAACGCATGAGCAGCATGCGCTTCCGGTACTGGCTCGTGAAGCTCGAGTCGCGCTTCATGTGCGGCAACCACGAGGAGGCGCTCGACGCGGCGGACAAGGCGGCCGGGCTCCTCTGGTCCAACATCGGCAGCGTCTACGTGCGGGAGTTCCACCTCTTCCGTGCCCTGACCCTGGCCATGCGTTTCGAGGGTGCATCGCCGGAGGAGCGGCAGCGGGCGCTCGTGGACATGCAGCGCGACCAGCGGCAGCTCGCGGAGTGGGCCGAGCAGTGCCCCGAGACCTTCCGCGCGTGCGAGCGGCTGGTGTCCGCGGAGCTGGCCCGTCTCCAGGATCGGCCGGACGAGGCGACACGCGCCTACGAGGAGGCCATCCGCCTGGCCCGGGAGAGCGGAGCCACCCAGCACGTGGGGCTGGCCAGTGAGCTCGCGGCGAACTTCTGGCACACGCGGCAGGCTCCCATCGTTGCCCATGCCTTCGCGCGCGAGGCCCGGGCGGCGTATCAACACTGGGGAGCCACGGCCAAGGTCCAGCACCTGGTGGCCCGGTGGCCCCACCTCGAGCCCTCGGCGGCCACCGTGGACAAGTCGGACACCAGCAGTACGGACTCGACCCGCATCGACGCGCTCACGGTGGTCAAGGCCCAGCAGGCCATCTCCGGCGAGATCGAGCTGGAGCGGCTGGTGAGGACGATGATGCAGGCGGCCATCGAGAACGCGGGAGCGCAACGAGGCGCCCTGCTGCTGCCGAACGGGGACACGCTCTCGGTGGCGGCCTTCTCGGATATCGCGCAGGGCGGCGCCGAGGTCCCCGCGGGGGAAAAGGCGGCCCGGGAGCTTCCGTGGACGCTCCTTGCCTACGTCCGGCGCACGCGCGAGCACGTGCTCATCGGGGATGCCTCCAAGCCCCATCCCTTCTCGTCCGATCCGTACCTGGAGCGTGGCGGGGCGCGCTCGGTGTTGTGCCTGC
NZ_CP137851.1_gap184	7942493	7944720	2227	AAGAGGCCGAACTCCTGGGCCAGGGGCGGCTGGGCCTCGCGCGCCACATGCTCGATGGCCTGTGGGAACGTGAGACCCGCCTTGAAGGCGTTGGCCATGGCCTGCAGCGCATCCACCAGCTGCACGTTGAACTTCTTGATGCGCCGCTTGCGGTAGTGCTTCACCAGGATGATCGGCAGGAAGAAGCCGAAGATCGTGGCCACCACGCACAGGATGGGGTTGAAGATGATGTACGTCAGGATGCCCAACAAGCACATGCTGGCGATGTTGAGCACCAGCAGCTGACGGGCATCGATGAAGAGGAACATGTCGCTCAAGTCGTTCATCGACTTGACGACGTACCGCTCCTGGTACTGCTCGTAGGCCTTCGCCAGGACGGTGAAGATCACCAGGCTGAAGAAGAACACCGACCCGGTGACGAGGAGTAGGACGATTCCGGCCAGCATGTGCGGGGGCTTCCTTCAGCTTCGGGGGGAAGGGAAACGCACCAACGGGAGGGGGGACTACGGAGTTCCCGAAGAGCCGACCGCGCTCTTCTCGGAGGAACCGCCCTTGATGATCTGGATGATCTCGCGGCGCTTCTGCTCGAGCACGCGGGTGCGCTCACCGGAGAGCAGCGTGCTGATGGTGGCGCGGCCGCGCTCCTCGATCATGTCCACGTCCTCCTCGTTACGGAGCGAGAGCGTGAGGTTGCCCAGCTCGCTGGCCAGCGTGAGGATTTCGGCCTCCTCCGGGATGACCATGAGCGTGATGTTGGCGTACTCGCGCTGGTGCTCGGGGATGAGGTTGACGTTGGTGGTACCGGTGACCTTGCCGGTGGCGAGCACGATGACGTTCTGCAGCAGCGTCACGGCCACGCTCTCGTCCGTCTGGGGGTCGCGGAAGGTGCCGATCACGTCCACGTGATCGTTGGGGCGCACCCAGCCACCCACGGACGTGGTGGGCTTGGACTCGATGGTGATGGCGCGGACCTTCTTCTGCACCTTGGTGGACAGGCGCTCGGCGGCCTTGGTGGTCTCGAACTGGCTCCACAGGAGGGGGTCACCCTGCTGCAGCGCCACGAGCACCTTCTGGCCCACCACGTAGGTGGCCGAGTCCGGCTTCACCACGGAGGAGGTAACGAACTGCTCGGGGACCGAGCGCTGGTTGATCATGTCGAAGGTGATGACGGTGCCCTCGGGGATATCCGACGAGGCAACGACGACGGGCACCAGGTTCCAACCACGGCGCACATCGGATTCCTTCTTCTTGATCGCGGACCACGCGATGATGCCGGCCAGCAGGCCGAGGCCCAGCGCGATGAGGAGCGGTGTCTTACCCTTCAGCATGTCTCGGAGACCTCCAAAGCGGGGAGCGCCCGGGGGGGCGGAACTCGTGGGTGGCGCAGCTGCTTTGCAAAGCGGGGGCCCGGGGCACCAACGGGTGGGATGTTATCCACCCACCACGCAAAGTGTCAAAGTCACGATCCCTCAGCTGCCGGTTTGTTCCGTTCTGGCGGCTCCCCGTCCCCCTCCTGGAGGGGGGGTCTTCCCTCTGAGACCCCCGGCTGAACGCCCTCCCGAGTAACGAAACGGTGGCACGGATGTCGCTTCAGGGCGGCGTCCATGAGTGAACACCCCCCCCAAGACAGGCAGTCGGGCCAGGCCGCGGTCGAGTCGGCCCTGGTGCTGCCGCTGATGATCTTCCTGGGCCTGGGCCTGCTCCAGCTGACGCTGATGCAGCAGGCGAAGCTGATGACGGAGTACGCGGCGTACTGCGCGGCACGGTCCGGCATCGTGTGGAACGGCAACACCGAGCGGATGCGGGACGCGGCCCTGGTGGCGCTGCTGCCCACCCTGGGCCGCACGGATACACCGCCGGAGCTGGCCAGGACGTGGACGCGGGCGCGTCTCCAGGACGAGATGCTGCGGCGGCTGCCGTGGCCGACCCGGGACGTGGTGGTGCCGGACTCGGTGAACGGCGCGCCCCTGTTCGGCCTGGTGCGCGTGGATACGGTGAATCCGTCCGGGTCCTCGCCGCCGCGAAGCGTGTGGAAGCCGCGCTCGGCCACGAAGGGGCGGGAGCTGGATTTCGACGGGCCGGAAGGCCTGGCCGAGGAGGCCTACCGCAAGGCCACCGTGCTGAGCGTGCGGGTGCGCTACTGGTACGAGCTGCGGGTGCCCTTCGCCAACCAGCTCGTCTTCACCGCGTGGAGGGCGGCCAACGCGGGCGTGGGGCTGGGCCACCA
NZ_CP137851.1_gap185	7946395	7947789	1394	CGGGTGACTACGCGAAGGACTGCGCGGAGAGCCTCGACGATACGCCGAGCGTCGCGGTCATGGCGGGGCGCCGGGACGACTTCAACCAGCCATCCACCTGGGTGCTCCTCACCAAGAGCGCGGATGCGTTCCGCCACACCCCGGGCCAGCTCAACTCCCAGGGGAAGCTCACCTTCTCCTTCGACACGTCGCCCGAGACGCTGGACCTGCGGAACGGCCGCAAGGCGGTGGGGCTCGGAGGCCCTCCGGGGATGAGCGTCATCTCCCGAGGACAGACGTACTACCACCGGCCCGGGAACTGGACCGAGCAACCCAATTTCTTCAACCCGTACTGGCGGCCCCGTCTGGCGGCGGTCTGGCAGGGCAGGGATTCGCTGCCGCTGGTGAAGGAACTGGCGGATGCACTGCCCGGCGACCTGAAGGACTCGCCCGCTCGGTTCATCACCCACTGAGGCCCCGCCATGATTCGAACCTGTTCACGGTTGAAGCCCGTCCGGCGAGGTGCCGCCATCGTCGAGCTGGCGCTCGTGGTGCCGCTGCTCGTCTCCCTGATGATGTTCAGCATCTTCCTGAGCGAGGTCATCCGGGCCCGCCTCAAGCTCCAGGAGGCCAGCCGGTATGTCGCCTGGGAGATGACCAGCTACCCCCTGAGCGACTACGCCACGGCGGACCACGACAAGGCCTTTGGCCTCGCCATGAAGGCCACGGTGAAGGAGGCCGCCGAGCGCTACGCGGACCTCGACTCCATCGAGCCCGACGGACGGTTCGGCATGATGCTGCGCGCCACTCCGGTGCAGGTGGGCATGCGCAACCAGGGTGTCTCGGGGATCGACCTGAGCCGCGTCTTCGCCGACGGTGCGGGTGGCAGGGGCCCCGAGGCAGCCGCCGCGATGGGCAAGACGCTCGGCGCGCTGCTCGGGCACTTCCGATTCAACACCCGGGGGCAGGTGGAGGTGGAGACCACCAGCACGCTCTCCAGCCACATGCTGCCCCGCTTCTACCTGCAGAAGGAGCAGCACGGTTTCTTCGACGTGGACAACTGGGGTGGACGGGACCTGAGCCGCCTGCAGGTGAAAGAGCGCTACACCCTCATCGCCAACGGCTGGCACCTGCCCGATGGCGGGGATGCCCTGATGAAGCCCCAGCGCGCGGGTGTGCATGACGATGGCTCCCGGCACGGCCTCCACCTCCAGGTGGACCGGATGAAGTTCCTGGGCGTGGGGAGCTACCTGGACCAGGTGGAGCTGGACCGGCTCGGCGCGGTGGCCCGCTTCTTCCTTCCCGACTTCCAGGGCCCCTTCGTGGTGTCCCACAACTACGTGCCCGGGGAGAGCGGCCGCGGCTGCAACAAGAGCAAGCACGGCGCTCCGATGGGGCTCAACAACCTGAACGCC
NZ_CP137851.1_gap186	7952970	7954308	1338	CCAGACGGGAATCGAGAGCAGCCCCATGAGCGCGTGCAGCTCCGTCTCGTACGGGGCACGGAACCCGGGGATGGCTTCGTCGGGGCCCACGGCCTGGGTGGCGCCTCGGGGGTCCCCGAACCAGTCGCACGCCAGCCGGAGGAGCGGGGATTGGAGGGGCTCGCCTCCTCCGAGGTGCCGCGTCGCGAGGAGATCCACGGCCAGCGCATCCGCGCCCGCGTAGAGGCGGCGAGGCGTGGGGGGCCTTCCGCAACCGAGGATTCCGACCAGCCCATCCGCCGCGTGCTCGAAGGCGTCGATGAGCGCGAAGTGCGGCGGGAAGTCGAGCAGGGGCATGAGCAACGCCGTCTCCCGGCTGGCGAAGCGCTCGGCGAAGAGGAACTCGTCGAACCGGGCGCCCACGCCCTGGATGGTGGCGATGGAGAGGTGCGTGAGATCCACGGGGTGGCTCCGGGCCTTGGAGAACACGATGCGGAGCTCCGCGTCCCTCCAGGAGCGGGCGATGGTCGACTGCGCCATGCCACGGCTGTAGTCGTGCGGCACCTGCTCGGCTTCGAGATCCACGACGCGATACGCGGGCGAGGTGTAGCCGAAGTAGCGCGCGACCTCATGGACGCTCCGCCCGTCGAAGAACCGATCGTAGAGGTTGCCGGCATCGGCGACGGCGATGTCCTCGAGGCCCAGCTCGCGCAGCCGCAGCGCCAGGGCCTCGACGAGCTCCGGGTCCGTGATGTTGGAGCGGTCATCGCGGTGGTAGCCCAGCATGAAGCTCACGCGCACGAGCACCCGGAGGGAGGAGACCGGCCGGCCCAGCGCCTCGGCCCTGGCGCGGACCACCTCCGCGAGCCCGGCGTCCTCCAGGGTCCGGCGGAGCGCCTCCTGCTTGGACTCCCCGGCCGGAGACACGTGGACGACGACACGTCCTCCCTGGCCCACCGGGTGCGAGCGGAGCGGAGCCGAGCGCAGCGCACGAGGCAGGAACAGTTCGTCGGCGCGACCCACCTCGGAGATCAGCGAGCCGGTGGGCGCGAGGACCGAGTCCCCCTCGCCGAGCGTCTCCATGAGGGCGCGGAAGATGCGGGCGTGCTTGTCCTCGTCGGAGTGCATGCGCGAGAACCACGTGCCCGCGTCCGGAGGGAGCTCCGGCACCCCGGGGGCCACCTGGGCGATCCGCTTCCACCCGAGCGAAGCGCTCTCCTCCGCGTCCACCTGGAGCGCGCAGTACTCCCGGAGCGTGAGTCGCCGGAGCTTGTCGCGCATGGGCTTCGGCACCTTGCCGCCCAGCCTGCCCAGGAACATGACGAAGGACGCGATGAGCGTGGAGAGCGGCGCACGGGA
NZ_CP137851.1_gap187	7971996	7972949	953	CTCCAGCAGGCGCTCCACCACCTCCATGCCGCGCGTCACCTCGCCGAAGGCCGTGTAGCGGCCATCCAGGTGCGGCTGGGGCGAGTAGGTGAAGAAGAACTGGCTGCCCCCTGTGTCCTTCCCCGACAGCGCCATGCCCAACACGGCACGGCCATAGGGCCGCCGGGTGATCTCACAGCGGATGGAGTAGCCCGGGCCCCCCTCCCCGTCTCCGCGCGGGTCTCCTCCCTGCGCGACGAAGTCCGGCACCACACGGTGGAAGGTGATGCCCCGGAAGTAGCCCCCACGCGCGAGCGCCACGAGGTTGCCCGACGTCAGCGGCGCCTCCGCGTCCAGCGCCACCGTGAAGTCTCCCTTGTTCGTACGGAACGTGAGCGTGCTCCCCACCGGAGCGGGCTCGGGATGGCGCGCGTTGTCCGGCGACTCCACGTGCGCGGCACGCACGGGCTGCCCGGTGAGGCCCGAGAGCGACTCGGCCGCCACGCGGCGCACGTTGGCGTGCGGGTGCTCCAGCCACTTCCGCAGCACCGGCTCCGCGTCCTTCCCCGCCAGCGCTACCAGTCCCTCCGCTACCGGCGCGGCCATGTCCGGATCCCGAGGCACACGCTCCGCGAGCGCTCGCACTCGTGGCAGGGCCTCCGCGTCCTTCAGCTTCCCGGCCGTGCTCGCCGCAGCCGCGGCCTCCACCAGGTCCTCTCCTTCGAGGAGCGCCCGCACGGGCCCGGCGGCCTCTGGCACCGGACGGGACGCCACCGCGTCGAGCGCCGCCAGCCTCACTCGCGTGTCCGGATACGACAGGTACTGCACCGCGCCACTCGCGCCTCCCTTCCCCTTCGACTGCGCCACCTCGCGCAGACCGAGCGTCAGCCGCCGCACCGCCTGCACCCAGCCGCCGCCACAGCGCACCGCCTCATCGAGTGCTCCCGTCTGCCGGTCGAGCGCCGCCGCCAGAC
NZ_CP137851.1_gap188	7976146	7976940	794	TCCTGTGGCTCGCCCTCGCCGTGGACGTGGCGGTGCTGCTGCTGTGCGCCTTCGACTTCCTCTCCGCCCCTCGCGCCTCGGACGTGGAGGTGCGGCGCGCGGTGGAGCCCGTCCTCTCCTCGGGCACCGCCAACCCGGTGCGCCTGGAGCTGAGCCTGCCTGGCCCGAGGCCCGTGCGTGGACAGGTACGTGACGAAGTACCTCCCGGTGTGGACGTGCGCGGGCACCAGCAGCCCTTCGCCCTTTCGCCGGACGCGCCCCACGCCACCGTTTCCTACGCCCTCACGCCGCCCGCCCGCGGAGACCTTCGCCTCGGGGACGTGCATCTGCGCCTGCTCGGGCCCCTGGGCCTGTGCGCGCGCCAGGTGCGCGTACCCGTCGCCCAGACCGTGAAGGTGTACCCGGACCTCACCGCCCTGACACGCGAGGCGCTGGCGCTCGCCATGGCCTCGGACGCCCCCGCCGAGCGCACCCTGCGCCGTTCCGCCGAGGGCCGTGAATTCGAGTCCCTCCGCGAGTACCGCACTGGCGACGACTACCGCACCGTGGACTGGAAGGCCTCGGCGCGCCGGGCCCGCACCATGGTGCGCGTGTACCAGCCCGAGCGGAACCAGCCGGTGCTGCTGCTGCTCGACTGCGGGCGCCACATGGCCGGCCGCGTGGACGGCCGCCGCAAGCTGGACCACGCCGTGGACGCGGCGCTGCGCCTGGCCAAGGTGAGCCTGGACGCGGGCGACATGGTGGGCGTGCTCGCCTTCGCCAGCGACGTGCGCGTCTACCTCCCGCCTCGCAAG
NZ_CP137851.1_gap189	7984899	7989831	4932	GAGCCCGTTCCCGCTCCTGCTCCAGTGGAGGTGCTGCCGGTGGAGTTGCTCCGCCAGAAGCTCGCCCAGCCGCTCGACAAGGACGTCCAGCACGAGCTCGCCAGGCTCCTGACGCTGCGCGAGAAGGCCGCACCGGTGCTCGGCCCCAGCGCCATCCAGTCCATCGATCTGGGCCTCACGGCCCTGCTGTCCTCGGAGCAGCCCAACCTCGCGTTCGTGCGGAGCATCCGCCTGCGCATCGCCTCCGCGCTCGCGGACCAGCTCTACCCCCTGCGCCCGCTCCCCCTCCTGCGGTCGGACTCTCCCGCCATCCAGGTGGTGCTCGGACTGGGGCTGCTGATGCTCGTCTCGAACGGGATGACCGCCTTCATCCACTCGGTGCTGACCAATGAGAGCACCCAGCTCTTTGGCTTCCCCGTCCGCACGCTGTTGCTGGTGGGGCTGTGCGGCGCCATGGGCGGCGTGGTGAGCATCCTCATGCGGCTCTCGGAGCTCGAGAAGCTCCGGGGCGCCAGCCGCACCTCCATGGTGATGTTGGGGTTCTTCAAGCCGGTGATCGGCCTGTACAGCGCGCTCTTCTGCTTCGCGCTGATGAAGTCCGGGCTGCTGCCCCTCCAGCCGCCGAATCCGGAGTCGGAGCAGTACCTCTACATGGCGGTGTGCTTCCTGGTCGGCTTCAGCGAGCGGCTCGCGAAGGACATGTTCGCCCGCGCGGAGGAAGGTCTCGCCGCGGTGGGAAATGGCTGAGCCCTCCGGGCACGGTCTTCTAAAAGTTGTCCAACAGTTGGACAAGTTCGTGAAGAGCGCGCCCGGGAGGCGGGCTGAACGCGAGAGAATGACTTGCGTATGCAGTGCGAACACTCCCACCCCTGAAAGAACTCTGTTCCGAGGCAGCGAACCCATGAAGAAGCACTGGCTCATCAGTCTGTGGATGCTCACGTCTCTTGGCTGCATGGGAAGGGCCACCCATCCCTCCTCCGGGCTCCTTCCCGAAGGGGCGCGCCTGGTGGACCTGACCTACGACTTCGACGAGAAGACCCTCTACTGGCCCACCTCGCCCTCCGGCTTCGAGCTGAAACAGTTGAGCCACGGCATGACGGCGGGCGGCTACTTCTACGCGTCCAACACGCTGTGCGCTCCCGAGCACGGAGGAACGCACCTGGACGCGCCCATCCACTTCGCGGAGGGGAAGATGACGGCCGAACAGCTCCCCCTGGAGCGACTCATCGCCCCAGCGGTCGTCATCGACATCTCGGCCGACGCGGCGAAGGAGCCGGATGCCCTGCTCCAGCCCTCGCACGTCGAGGCGTTCGAGAAGGAGCACGGCCGCATCGAGCCCGGAACCATCGTCCTGGTGCGGACAGGCTGGGGAAGGTTCTGGCCCGACAGGAAGCAATACCTCGGTGACGACACACCGGGAGATGCCTCGAAGCTCCACTTCCCGGGCATCTCCCGGGAAGCCGCCGAGGCCCTCGTGGAGCGACAGGCCGCAGCCGTCGGTATCGACACGGCCAGCATCGACCACGGGCCGTCCAAGGACTTCATCGCCCATCAGGTCCTCATGAAGGCGAACACGCCCGCCTTCGAGAACGTCGCGGCCATGGAGAAGCTCCCCACTCGAGGCGCACTCATCGTGGCACTGCCGATGAAGGTCCGCGGCGGCTCGGGAGGCCCCCTGAGGATCGTCGCGGTGCTACCGCCTGCGTGAGCGCGGGGCCCACTGGGAAGGACCGAGGAGCCTTCCGGCCACCCGGCGTGCCAACTGGTCCGACAATCGGACCAGTTACTCCCCATCGCGTCCGGAACCTCCCTCCCAGACAGGACCTGGCTCGCATCGCCTAGAAGAAGCCCATGGCCTTCGGCGAGTAGCTGACGAGCAGGTTCTTCGTCTGCTGGTAGTGGCTCAGCATCATCCGGTGGTTCTCACGGCCAATGCCGGACTGCTTGTAGCCACCGAAGGCCGCGTGCGCCGGGTACAGGTGGTAGCAGTTCGTCCAGACACGCCCCGCCTGGACCTCGCGGCCCACGCGGTACGCCGTCGACGCATCGCGGGTCCACACACCGGCTCCGAGCCCGTACAGCGTGTCGTTCGCGATGCTCAGCGCCTCGTCCAGGTTCTTGAAGGACGTCACGGAGACGACCGGCCCGAAGATCTCCTCCTGGAAGATCCGCATCCGGTTGTTGCCCTGGAAGATGGTCGGCGCCACGTAGTAGCCGTTCTCCAGCTCACCGCCATGGCGCAGCCGCTCGCCACCCAGCAGCACCTTCGCGCCCTCCTGCTTGCCGATGTCCACGTACGAGAGGATCTTCTCCAGCTGATCATTCGACGCCTGCGCGCCGATCATCGTCGCGGTGTCGAGCGGGTTGCCCGTCTTGATCTTCTTCGTGCGCTCCACGGCGCGCTCCAGGAACTCCGCGTAGATCTTCTCGCTGACGAGCGCGCGCGAGGGGCACGTGCAGACCTCGCCCTGGTTGAGGGCGAACATGGCGAAGCCCTCCATCGCCTTGTCCGCGAAGTCGTCGTTCTTCGCGAAGATGTCCTCGAAGAAGATGTTGGGCGACTTGCCGCCCAGCTCCAGCGTCACCGGGATGAGGTTCTCGGAGGCGTACTGCATGATGAGCCGGCCGGTGGTGGTCTCACCGGTGAACGCCACCTTGGCTACGCGCTTGTTCATGGCGAGCGGCTTGCCCGCCTCCACGCCAAAGCCATTCACGATGTTCAGCACGCCTGGCGGGAGGAGATCTCCGATGAGCTCCGCGAGCATGAGGATGGACACGGGCGTCTGCTCGGCCGGCTTGAGCACCACCGCGTTGCCCGCCGCGAGCGCCGGGGCCAGCTTCCACGCCGCCATGAGCAGCGGGAAGTTCCAGGGGATGATCTGCGCCACCACGCCGAGCGGCTCGTGGAAGTGGTAGGCGACCGTGTCCGCGTCCAGCTCGGACAGGCTGCCCTCCTGCGCGCGGATGCAGCCCGCGAAGTAGCGGAAGTGGTCCACCGTCAGCGGCAGGTCCGCGGCGAGTGTCTCGCGGATGGGCTTGCCGTTGTCCCACGTCTCCGCGATGGCGAGCTTCTCGAGGTTCTGCTCGATGCGGTCCGCGATCTTGTTGAGGATGACGGCGCGCTCGGTGGGCGAGGTCTTCCCCCAGGCCGTCTTCGCGCGGTGCGCGGCGTCCAGCGCGGCCTCGATGTCCTCGGCGGTGGAGCGGGGAACCTCGCAGAACACGCGGCCGGTGACGGGCGTGATGTTCTCGAAGTACTGGCCCCGCTTCGGCTGCGTCCACTCGCCACCGATGTAGTTGGCATAGCGGGACTTGAACTGGACCGGAGAACCCGACGTGTTGGGGGCTGCGTAGACCTTGCTGGACATCTGCGCTCCAGGGGAAGAGCCGCGGGATTGCGGCGGGAGTCCCCTCCCCCATTGCAGCGCGCATGCCCCGCTCCTTCCCTCGGAGGCGGTGTCGCGGGTTGGAGCGGAAGGAGTCATCGGGACGCGACAGTTGAAGCGTTTCGCGACATGACGCGGGCCGTCACACCAAAAGGCCTCGGGCGCGCGTGCAATCCCCTGACGGCTTGCCTCACAATCCGGAATGTCCAGGCGGAGGCGCTGGCGGCGAAACCAGAGGAGGAAACCAGGATGCTGACACTGGTCGAGCCAGGGCCCCAACTCTGGGAACGGTTCATCTCGGGCGCAGTGAAGGCCGAGGAGCACGCGAGCTCCATCCTCCGCCGCTGGTCCCGTGCCGTGGCGCTGGGCGCGAAGGCGGAGGGTCCCTCGCACTCCGAAGGGGTCTCCGATGCCGAGCTGCGTTCCCGGCGCGAGGTGCTGACCGGGAGATGTGTCGATGCGCTCCAGCTCGTATCGCGGCTCGCGACGGAGACGAGCGCCTCCGCGTTCCGCGCGGTGCTGACCGATGCCGAGGGCGTGGTGGTGCTCGCTCGAGGCGGCGCCGGGGCGTCCCTGCATTCCGCGGACACGTCCCGACTGGTGGAGGGCGCTCGCTGGGCGGAGGGCACGCGCGGCACGAATGCCATTGGCACCGCCATCGCCGAGGGAGAACCGGTAGCGGTGGTGGGGCGCGCCCACCTCGAGGAGCGCAACCACGGCCTCGTCTGCTACGCGGCCCCCATCCGGGATCCCTTCGGTGAGCTCGTCGCCGTGCTGGATGTGAGCGGTGCGGTGACCCAGGCGAACCCGCTGCTGGAGGCGCTCGTGCTCGCGTCCGCTCACGCCGCCGAGCAATCGCTCCGGCTGCGGAGCTATGAGGAGATGCTCGTGGGAGGCCGCTCGGGCCTCGAAGCCCGGATCGCCAGCTCCGCGTCGCTCCTCGTCGAGGCACCCGGCGTCGTCAGGCAGGTGAGCACGGATGCGGCGGCGCGGCTCGGCCTTCCGCCCTCGTCGGTGATGGGACGGCCCGTCGAGGACGTGCTCGCGCTGTCGTGGAGCGCACTCGTGGAGGCGGCCCTGAGCGGCAAGCCGTGCCGCGTCTCCGGCATGCGCATCCACCCCGTGCCACACTTCGATGTGCGGGGACGGCCCCTGGCGCTCGCTGTCTCCGTCGAGCGGGATGTGGCACCGGCTCGCGCGGCGGATCCGCTGCCACGTTCGTTCGACACGCTGCTGGGGAGTGATCCGGCGCTGGAAGACGCGAAGCAACGGGCGGCCCGGGTCGCACGAAGTCCGCTCCCGGTCCTGTTGCTCGCCGAGACGGGCACTGGCAAGGAGTTGCTCGCACGGGCTCTTCACGAGGCGAGCGGCAACGCGTCCGGTCCCTTCCTCGCACTCAATTGTGGAGCGATGCCCGCCGGGCTGCTCGAGGCCGAGCTGTTCGGGTATGCACCAGGGGCCTTCACCGGAGCGCTCGCCGCCGGGAGCAAGGGCAAGCTCGGCGCGGCCGATGGGGGAACACTGTTCCTCGATGAAGTCGGCGAGA
NZ_CP137851.1_gap190	8138661	8142820	4159	TCTCCCGGTACGACGCCGGATTCGAGAACCGGAACGGCCGGTTCAGCCGCTTGGCGGCACTGTAGAGGTCCATGCACGCTGCCCTCTCCTGCCCCAAGAGTAGGAACCCTCGCGGGCGATGAAGCCAACCCGGACGGACACCAGCCGGACATCCACGCCACGGCTCTTGCTTTTTGATGGCCTGGAAAACCCGCCCCCCTCTTCTCCCCGAGAGTTTCGTTTCTATAGATTGCCAAGGGTTCACGGAAAAACACTTTAAACCCAAACAATCTCCGGACACGCCCCGCCCAGGAACGCCATGGAAGCACTCATCGATCAATTGAAGTCGCTGGCCCTCACGGAAGCCCTCCCGTTCATCCTCAAGGCCGTGGGCGCGCTGGTGCTGTGGTTCGCGGGCCGGACGGTCATCGTCGGGTTCCAGCGAGTGCTGAACCTGGCCCTGCAGAAGCGCCAGCTCGACGCCACGCTCATCCGCTACATCGAGTCGCTCTTCGTGGGCTCCCTCACCATCCTCCTGCTGCTGGCCATCCTGGGCATGATGGGGGTGGAGACGACCTCGTTCGCCGCGCTGCTGGCGGCCGCGGGCATCGCGATCGGCACGGCCTGGTCCGGCCTGCTGTCCAACTTCGCCGCGGGTGTCTTCCTGCTCGTGCTGCGCCCGTTCCGCGTGGGGGATGAGATCTCCGCGGGCGGCGCCACCGGCATCGTGCAGGAGATCGGCCTGTTCGCCACCACCATCGACACCGGCGACAACCTGCGCATCTCCGTGGGCAACAGCCGGATGTTCGGCGACAACATCATCAACTTCACCCACCACCCCCACCGCAAGGTCACCATCAGGGTGCCGCTGATGCACGGTGTGGACGTGGCCACGATGATCCGCGCCCTGGAGGAGCGCATGGCGGTGGTGCCCGGTGTCCAGGAGCAGCCCGCCCCCAGCGTCGAGGTGGTGGAGTTCACCGCGGCCGGGCCCGTGCTGGGCGTGGGCGCGTTCTGCAAGTCCACCCAGGCCGGTCCCACCCAGGCCGCCCTCTTCCAGGCCGTCGCGGAGTTCCTCCTGGCCTCCGGATACGCCGTCCCCCTGCCGGCCGCCCCGCAGCCGATCGCCAAGGCCAGCTGAGCACCCGGGCGAGCACGTCCGGGCCCGGAGGACAACCCCCGGCCTGGCGGGCGGGCCCTCCACCGCCCCCGTGTGGGAAGTGGGCGGAATAAAGGGTGGCATCCACCCCGCATGAAGCACTTCCTCACGCGTGGGTGGGCGCTGTCCTTGCTGGTGCTGTGGGTGTCCCTTCCCGCGCTCGCGGGGCCCCATCCCGGCCTCTTCTTCGACGCCTCCCAGGTCGAGGCGTTGCGCCAGAAGGCGCAGACGACCCACCAGGCCATCTACCAGCCCCTGCTCAAGGGCGCGACGAGCTACCTGGACAGCACCGTCGCGCCCTCGGGGCTCGTCACCTGGAAGACGACCGGGAAGACGCTGCAACTGGATCTCCGCGAGGTCGGCAACCTGCTGGTGGTGCTCGCCTTCGTGGGGCAGGTGTCCACCGACAGCCGTCACCTCGAGCTGGCCAGGGCCTGGCTGCTGACGGTCTCCTCGTGGGGAAACCTGGACCTCGACGGCACGCATGATCTCATCCAGTCGCACCTGCTCGGAGGCGTCGCGGTGGCCTACGATCTGGTGGCCCCGAAGCTCTCCGCCGCCGAGGCCTCCCGCGTCCGAGCAACCCTCCAGCAGAACGCCAACGCCCTGATGCAGTCCTCCAAGGGCGGCGAGTGGTGGGCGGACGAGTACCTGCAGAACCACAACTGGGTGAACCATGCCGCCATCGGGCTCGCGGCGCTCGCCACCCGGGGAGAGCTGCCGGACAGCACCACGCAGCCGTGGCTGGAGCTGGCCACTGGCAACGCGCGCAAGGTGAAACGGGTGCTGGACCTGGTCACCGATGGCCTCTGGCACGAGGGCTTCGGCTACGTCACGTATGGGCTGAGCTGGCACCTGCCCTTCGTCAGCGCGCTCCAGCGCGTCACCGGCACGGACGTGGGTGACCTGGCCCTGGTGAAGACCCTACCGCGCGCCCTGGCGGCCACCCAACTCCCGGAGCGGCCCTATCAGTCCCTGCTCCTCCACGGGAACTTCTACGCCATCAGCAAGGACATGGGGCTGATGCCCCTGCGCTACGCCGCCACGCGCTACCGGGATCCGGTGGCCCAGGCCACGGCGGACACCTGGCTGCGCGGCACCACCTTCAGCAGCTACGCACCCGAGCTCAACCAGCGCGTCTTCGAGTTCCTCTTCTACGACGCGTCCCTGCGCGCCACGGACCCGCGAGCCCTGCCGCTGGACTGGTACGGAGACAACCAGCAGGTGGCCGTGTTCCGAGGCGGCTGGGACAAGGGCTCGCTCCTGTTCGCGCTCAAGAACGGCCCGTATGGCGGCATGGCCGGGTGGCAGTGGCTGAAGAGCGGCATGGAGCCTCGCGGCACCCTCAACATCAGCCACGACCACGCCGACGACAACGGCTTCTACCTGTATGGCCAGGGCTCGTGGCTCGCCCCCGAGGCCCCCGGTTACTACATCGGCCACACGGGCTCGCCGGGGCCCGCCGCCAACCAGACCGTCTTCCACAACTCGCTGACCATCGACGGCGTGGGGCAGCTCGGAGAGGGCGTGCGCGACCGGAGCGACTCCGCCGCGTCCTACAGCTGGTACCTCGACCGCAAGGGCGGCATCCCCTTCTTCGGCTCCAGCGAGCACTACGGCTACACCATCGGCGACGGCGCCTCGCTCTACGCCTCCTCCTTCGGACTGCGCCGCTGGGACCGTCATGCCCTCTTCCTCGACCGCAAGTGGGTGGTGCTGCGAGACGTGGTGCAGGCCTCGCGCTCCCACGTGTACCGGTGGTCCTGCCACTTCATGAATGGCGCGGCCCGCGAGGGCACCTGGCTCCACGGGCGCGGCGAGAATGGCCAGGCCCTCGGCGTCGCGGTGGTGGCTCCCGAGTCCTTCGACGCCACCTTCACCGAGCAGAAGCCCGTCCACGTCCAGAAGTTCAACGCCACCGGCTCCGTCACCCACGCCGAGGTGAAGCCCACCACCGCCTCCGCCAACGTCACCTTCCTCACCGCCCTGGTGCCCACGCCGGAGTCGGCCTGGGCCTCGCGCCCCGTGGTGAAGGCACTCGACGCGCGGACGCCCGATGCGGGACTGAAGGTGACCGAGGGCACCGCCACCGTCTACGCCCTCTTCAACGACCTGCCCGGACAGAGCCGGAGCGCGGGGGGCATCCGGCTGGAGGGGCTCGCCGGTGTCGTGCGCTACGAGGGCACCACGCCCACCCGGGCGCTGCTCGTCCAGGGCACGAGCCTCTCCGATGCCTCGCGCACGCTCATCAGCCAGACGGACGGCATCCGGATGCTGGAAGCGGACGGGCTCGCCACCGAGACGCTGCGGCTGTCTGGAAACGGCCAGGGCTCGCCCCGCGTCCACGCGCCCCAGGCCACCCGCGTCCTCTGGAACGGCGTGGAGGTCCCCTTCCATCGCGACGGCGACGCCATCGTGGTGGGAAGGGTCGACGCTCCGCTTCCCGCTGACGTCACGCCCGTGGACTCCGCCGATCCCCAGCCCCCGATCGACCTCGAGCCCTCGACCTCCGACTCCGGTGAGTATGACCCCGAGGAAGGCACCGCTTCGGCGATGCCGCCCCTCGAGGCACCTGAGCCCGGGACATCCCGCCTCCGTGTGGGCCCATCCTGTGCGGTGGGAGGAGAACAACTCGCCGTCACGTGGAGCCTGCTCGCCCTGGGCGGAGTGCTCACCCATTGCCGGCGCCGCCGCTCACGCGGTGCTTTTCTTTCACCATTGGGAACGCCACGTTCCCGGTGAGCCAGAAGGCGGCGCCCTGAGCACGGCCACTGTGAGCCGTGCCCGGCCTCAAGGGGTGGAGCGCCCACCAATCTCCGGGAAGCGCTCGTAGGCCCGTTTGAGCACGTCCAGGTGTGCGGGGTTGTCCAGGTCGAGCGGAGCCTCGGTGAGTTTGACGATCCACCCGCCCGTCGCTGTACGCCGTGAGCGCGAGAGCAGCTCCGCGTCGCGGGCCGGGTCCGGGAAGCCGATGGCGCGTGCGGCAGCGGCCGACCAGTAGCTCAGCCACCCGAGGCGATG
NZ_CP137851.1_gap191	8193278	8195837	2559	GCGAGCCACCCCCACCTGGGCCTCGGCACTGCTCACCCCCGCCGTGCTGCTGGACACCACGGCGCGCGCGGTGGAGTGGCCGCCGCGGGCGCTCGCCTCCGCCACGTCCATCTGGGACTCCGCTGCCCGCGCCTGGGCCCGCGCCGACACCAGGTCCGCCTCGGCCTGCTTGAGGCGGACGGCGTACTCACGCGGGTCGAGCTCCACCAGCACGTCGCCCTTCTTCACCTGGGCGTTGTCCACCACCTTCACGTGCAGCACGGGGCCACCCACGCGGGCGTTGAGGGGCACCATGTCCGACTGCACCTGGGCGTTGTCCGTGGCCTCCTGCCCGCGCGTGAGCAGCACGTAGCCGCCGATGCCCGCGAGCACGGCCACCGCGCTCGAGCCCAGGAGCAACGCGCCCCTGCGGCCCCTCTTCTTCCTGAGCACCTCCTCGGGCGAGGAACCCGGAGCGGACGCTTCCTTTTCCACCAATCGGGGGGTGGCACTCATGACACGTCAGACCTCCACATCCAGGTGAACCTCGTCCGGCGCCGCCTTCGGGCCCTGCTGCGCGGGCTTCGTGCCCGGCGAGACCCAGAGGAAGCCCAGCAGCGGCAGCGCCAGGGCGAACAGCAGCGCGGACAACGTGAAGAGCTGGTTGAAGGCCAGCAGCGACGCCTGCCGCTGGAGGCCGCTCGCCAGCAGGCGCAGGCTCGCCTCGGTGGCCTCGTAGCTCCCGACACCGCCCGCCACGAGACTGCTCATCGTCGAGGAGATGCGCTCGTACAACTCGGGGCGCTCGGCGACGAGCTGGGCGGAGAGCCCCACCTGGGCCTGAGCGGTGTAGCGCGTCATCAGCGTGGCGAAGAGGGCCAGGCCCACCGAGGTGCCGAGCTGCCGCATCAGCGTGTTGATGCCGGTGGCGTCCGCCATCCGGGCCCGCTCCACTTTGTCGAACACCACGACGTTGAGCGGCACGAAGAGCAGGCTGGTGCCCAGCCCCTGCAGCATGATCGACGAGATGATCTCCGCCCGGCCCGTATCCAGCGACACGCGCATCATGCGGTACACGCCCACGCCGATGATGAGCAGCCCCACGCCGATGAGCACGCGTGGGGAGATGCGGTTGTAGAGGCGCCCGACGATGGGCATCATCACGATCATCACCAGCGTGCGCGGCATGAGCGCCTCACCCGCCTGCATGGCCGTGAAGCCGAGCAGCTCCTGCATGAAGAGCGGCAGCAGGAACAGGTTCGACGTGAGGATGAAGAACATCAACGCGCCGAGCACCGCTCCCGAGGAGAATACCGGCTCCTTGAAGAGGCGCAGATCCACCGCCGGCGCCACCGCGGTGAGCTCGCGCAGCACGAAGGCCGCCAGGCAGAAGACCGCCACCAGCAGGCAGGTGGTGATCCCCCTCGACTCGAACCAGTCATGGTGCTGCCCCTCCTCCAGCACGAACTGGAGCGTGGCCATCCCCACCCAGAGCAGGCCGATGCCGGCCCAGTCGATGTTGCGGCGTTGCAGCTCGGCGGCGGCCCGGTTGGCGGCCAGCACGTCCTCGGGCTCCTCGACGAAGCGCCACACCAGAAGCAGGCCGAGCAACCCGATGGGCAGGTTGATGAAGAAGATCCACGACCAGTGGAAATTGTCGACGATGTAGCCACCGAGCGTGGGGCCGACGGCGGGCCCCACGGTGATGACCATGGTGAAGAGGCCCATGGCCATGCCCTGCTCCTCTGGGGGCCAGGTCTGCCGGAGGATGGCCTGCTCGGTGGGCACGAGCAGCCCGGCGCCAATGCCTTGCAGGGCCCGGAAGAACACCAGCGAGGGCAGGCTCCAGGCCACCCCGCAGAAGAACGAGCTGACGATGAAGAGGGCCAGGCACGCCAGATAGGTGCGCTTCTGGCCGAAGAGCCGGCCGAAGAAGCCCGTGAGCGGCAGCATCAGCACCGTGGCGATGATGAAGCTGGTGCTCATCCAGGTGATCTCCTGGACGGTGGCCCCGATGGAGCTGCGAATCTGCGACAGCGCCACGTTGACGATGGACGAGTCGATGGAGCCCATCAGCGTGCCGAAGGACACCGAGAGCGTGACGAGCCACTTGTTGACCGGCGCCTTAGCCGACATGGGCCCGCTCCAGGCTCGACGCGAGCCGCGCCGCCAGCGCCTCCACTCCCGGGCCACGCAGGAGGGAGTAGTGGTCGCCCTCCAGTGCGTGAACGACCACCTCGGTGGCCACGAAGCGCGTGCCTCCCTGCGCACGCAGCGTGGACTCGCTCGCCTCGAAGAGGGTGACACGCCCTTCGTAGCGCGGTGGCACGTACCGCCACGCGGCGCGCAGGTTCGCCTCGAAGACGCGCCGCAGCGCCTGCAATGGCAGGACACCGGCTCCCAACACGGAGGCCGCGGCCTTGCTGGCCTCCTCCAGGGCTCCGCTCAGCACGTCCGGTCCCATCCGCGCGAGGGCCTCTTCCGAGACCGGCAACTCCTGTCCCGCCGCCCTCAGTAGATCCCGGTAGAACAGCACGCCCAGCCGTGAGGCCTCCTGCTGCTCCGAGGACAGTCCCTCCA
NZ_CP137851.1_gap192	8353955	8355805	1850	GTCTCCAGCGCGCCCACCATGGGCTGCCGGGCGAACGAGGACGCGACGAGCCCGCGCGAGCGCCAGTACGTGAGCGGATGGCCGTGCAGATCCCCCGACAGGTGGACGTCGTGGTTGTCGTCCACTTCCAGCGTCAGGTAGTTGTGGCTGTCCCAGCCCTTGAACTGATCGTCGAGGACCTTGTAGCTCCAGGGCCCTTCTCCGTCGCGGATGGCGATCTTCACCCGCCGGTCGGCGTCGTAGTAGGCGACGAGCTGGTGCCGCTTGAAGACCACGAAGTCGAACGCGGCGGAGCTGCCTCCCCAGGCGCGATCGACCCGGCTGCTCCTCCAGGCCTTCGTGATCGGGTCGTAGCGCCAGAGGACGAGCTCCGTCAGGAACTTCTCCGGGCAGGTGGTCTCCGAGGGCTGGTACGCGGTGAGAGGCCGGCCCGAGCAGTCATAAGGCTGATCCCGGTTGGTGGGCAGGGACTCCCAGCGGAGGTAGTTCGTCAGAGACGGATCCTGCGTGTCCCAGACCATGGGCCCATCCGTGGCGCCGAGGGCCGCGATGCCGCCCGTGCCGGACACATCGGCGGTGCCACCCTCGAGGCTGTCGCGCAAGTAGTAGCGCTCGGTCACCGGATCCACGATGCCGATGGTGGGCAGGCCGTCCTGGTTCCAGTCCCCCACGAGCGGAAAGAAGGGCGTGGTGGCCGGGCCGAAGGAGAAGCGCTGGGGGCCGTCCCGCCGCTGGAGGAGGAAGGTCCGCGTCTTGGGCAGGAAAAGCCCCGCGCGGTTGCCATCCCCATCCCAGTTGCCCCGGATGACAATGGCCTCCTTCTGGACGCGGGGGCGTAGCAGGCGCAGGGAGAAGGGGGTCACCCACCCCGCCGCACGGGTCTCCTGCACGCGGGCCTCGGGAGGCAGCGCGGGCACGGGCCGGGTGAAGGTGTCGTAGTCGATGCTGGCGCCCGGCGTCGAGGTCACCGCGAGCGCCGGGCCCGCGGCGGACAGGGTCCAGTTCCCCGAGGCGGGCGAGCCCGCCGTGTCGGCGTCGGCCCGGGAGAAGGACTGGACGACCGCGCCGGTGTTCGTCACCCGGGGCACGGAGTAGGACACCGAGGTGGGGGTGCGCGGCAGCGACCCGCCTCCCTCGAGCACGTGCTGGGTCTTCCACGCCGTCATCTCGTGGATCGTCCACGAGGTGCCCTCGAGCCGGGCGTTGTAGACCTGTGTGGTCCACACGGGCCGCTGGGTCTCGGAATAGACGGCCTTGTACTTCTGGTAGGTCAGGATGGGCCGGCCCTCGGCATCGAAGCCGACGTTCACGTTGTTGAGCACGCCCTGGTTCGTCTGAATGGGATCGACGACGGAGCGCGACGCGGTCGTCAGGGGCAGCGCGAGCTTCTCCCCACAGGTGTTGTACCAGTTGACCAGATCCTGGCTCCGAGCCACCGAGACGCTGTGGTTGGTCTCCACCGCGGGCGTCTCGCGCCACACCCAGGCCATGTAGACCCAGGGCTGGCCCTGGCCCTGGGCGTTGCCGGAGGGATAGGCGTTGCGCTCGGCGGCGTCGGTCCAGAGCGAGGCCATGCACCCGCGAGGCGCGTCCGCGAGAGGCCGCGGGAAGCGGATCCGCCCCGAGTTCACCAGGGCGGTGTTGCGCACTCCGTCGACGACGCGAAGCCCATGGACGTAGACCGGCTGACCACCGGCCGCCGCGAGCACGTGCTCCGGAATGGCCACGTGGAAGCGGTAGCGCCCGCTGCCCGCGCCACACCGCTCGTCAACCGCCGGCTCGGCGAGGAACCGCGACGCCCCCTCGAACATGAACTGTCCCCGGGGCTCGTCATAGGCCGAGGCGCCAGC
NZ_CP137851.1_gap193	8458645	8459642	997	CTGCGGGCCTCCGCCAGCGAGGACGGGAGGCGGCGGGATCTGCTCTTCACCACCGGCTCGCAACCCCTGAACGCTCTCCTCCTGCGGCAGATCTTCCGGGACAGGGGCTTTGCGCTCTCCGGGGGCGCGCAGCTCTCCGTGGTCCGTGACCAGGAGCCCAGGGAGTGGAAGCTGACGGATGCGATGCGCACCTATCGCATCGAGACCAAGGTGACCAACGCCGGGTCGGAGACATCCGTCGAGTACAGGTACACGGAGAGGACTGGCTCCCACGCGGGGCGGAGCGGCCGGATCCTCGACCCGCGCGACACCCTCTGGCGCAAGTTGGACAGCAAGGACGCGGGTGTCCTGAGAGGCTACGAGATGGAGCTGAATGTCCCGCTGGGCCAGAACGCCACCGTGACGGTGCTGGCGCCGGGCTCGCGCTGGCGCATCGCCAACGGAGACGCCACCATCGAGGTGGTCAAGGGCGGCTCGGTCACCGTCCGCAAGCAGAACTCCACGCTGGAATACTTCTGCGCCAACGAGGCGCAACACCTCGTCCGGGACATCGTGGAGCCGCTCCTCAAGGGCGCCTGGGGCTTCCCCAGCCTCCATCAAGCCATCTACGACGGCTTCCTCAAGAAGATGAGAGGCGTCGGGACGCAAGGCTTCACATGGTTCGGGCTGTCGCGCGACGATTTCCGCGACTTCGAATGCGAGGTGGCCGAGAAGGTGAACTGGGCGCACCCGATCGAGGCGGGCACTGCCTTCGCGCGCATGCTCGGCCACTTCCTCAACAGAGAGAATCCGAATCACCCCTATGCCGGGATCATCGCCGAGGTCGTCCAGGCGAACCGCTTCGAGCTCGCCTTCCCACTGACCGACTTCGTGTGACACGTCGAGGCTTGAGCGCCCGGGGCCGTAGTACCAGGGACCGTGAACGTCAGGCGTGTAGCATCCCACACCCGGTACACAAAACGCGAACACGCATCAGCCGATCACGTGACTCGCGAGG
NZ_CP137851.1_gap194	8467325	8470811	3486	TCGCGCCACGGCCCCCCGCGGCCAGCACATGCCCCGACGGCAGCAGCACGGCGGCGGAGCCCCGGCCCTGCGCGAGATTGCCGGCCGGAGCCCAGCGGCCGCTGGAGGCCTCATAGAGCTCCACGTTCGCATAGAAGGTCAGGCTCGGGTTCGAGCTGAAGCCCCCCATGACCAGCACCTGACCCGTCGTCAGCAGGGTGGCGGTGGCATTCTCGCGAGCCACCGCCATCGTACCGGCGGCGGCCCAGGTCCCCGTCGCCGGGTCATACAGCTCCGACACGGCCTGCGCGTTGCGCGCCCCGTCCGACCCTCCCTGAACCAGGACCTTGCCATCGGGCAGCAGGGTGGCGGTGTGTCCGTTTCGCGGGTGGATGAGCGCACCGGTGGCGGTCCACGTGTTGGCCGCTGGGTCATAGAGCTCCACGTGGGTGGTGACCCCCGCGCTCGTGAAGCCTCCCGCGAAGAGGACACGGCCATCGGGGAGCAGCGTCGCGGTCGCATAGTGCCGGGGAACCAGGGGAGGCGCCGCCAGCGACCAGGTCCCGGCGGAGGGCGCATAGAGTTCCGCGGCGGGCACCTCTCCCGTGCTGTTGAAGCCGCTGGCCACCAGCACCCGGCCGTCCCTCAGCAAGGTGGCGGTATGAGCCCGGTGGGCGACGGACATGGAGCCGGTGGCGGTGAAGGTGTTCGTCGCGGCGTCGTAGAGCTCCGCCGTGTTCAGGTTGGAGCCTCCCGCGACGAGCACCTGCCCCGAGGACAGGAGGGTGACGGTGGACAGGGTGCGAGTCGCGGACATCGCCCCCGTGGCGGACCAGGTGTTCGCCGCGGCGTCATGGATGCGTGCCGACAGGCTGCCGTCCATCATGACGAATGCCTTCCCGGTGGGAAGCAGGACGCCCGACGCGATGTTGCCCGTGATACCTGGACTTCCGGCGGAGGCCCAGGTGCCGGTCTCCGGATCGAAACGCTCGGCGGAAGTCACGAACCCGGTCCGGTTGACGCCGCCCACCACCAGGACATCGCCGCCGGGCAGGAGCAGCGAGGCGTGCTGCCCCCTCGCGATCGCCATGCTGGCCGTCGACGACCAGCCGCTCCCGGCGAGCCGGGTGGTGAGCTCACGGGCCCACGCGACGGAATCAGGCGCGAGGTGGGCTCCAGGGGACGCCGTCACGCCGGTGGTGCCCTTCTCCTCGCATGCGAGGACGAAGACACCGCAGAGAACCACGAAGAGGAGGCGTACCGAGACCCAACCTGGCTGCATTCACCCTCCAGGCCCATGCCTGCGCCATGGGCTGACACGTGTGACACGGCGTGTACCACGCTTCACGGACTCCGGGTCACACAGTCACGCTTATGCTGGCGCAGGTGCTCCAGCCAGAAATCGTCGCTCCGAATCGAAAGGATGCCGGGACATAGGACTGAGACGGGCTCCAAGCGGGCGTCAACGCCCGACGAGACCGTCCAGCAGGCGCTTCGCGAGGGCCGTCACGGTATCGCGACGGGTCCCGTCCAGCCGCTCCCAGCCGAGAACAGCGAGCGACACGGGCTCTATCGTCGTGAAGGCGGAGAGCGAGGCGAGCAGCATCACCGCGCCCGCGCGCTCCTCCTCCCGCCCTGGGCGGCGCTGGCGAGCAATGGCCAGCAGGTCGGCGACGAGGCCGATGCCGGGGCTCCACAGCCCCTCGAACAGCAACGCATAGCCGGGGCCCTGCTCGCTCATCTCACGCAGCACGAAATCGGTGGTGAGCCGTTGCTCGGCATCGGCGGTGATCGCCTTGACGAGCGCATCGAGGATCCGGTCGAGCCAGTCCCGCGCTTCCGTGGCCGAGAGCGACCCCTTGTTCGCGGCCTCGCGAGCGGCGCTCACCAGCGGCAACAACCGGCGGCTGTACTGTTCGATGATCTCCTGCGCGCAAGCGCGGTGCAGCCCCTCCTTGTTGCCGAAGTGGTAGGCGATGACCGGAAGCGTGACGCCCGCCTCGGCGGCGATCATCCGGGTGGTGGCGCCCGCGAAACCCTCACGAGCAAAACAGCGCATGCCCGCCTCGAGGATCCGGGCCCGGGTCGTCTCCGTCGGCGTCAGGCGGCTTTTCGTCTCGCGGCTCATGCTCCGCCATATAGGCAGGGAGGGCTGTTGCAGCGGAACCTATCACCTGATATACGAAATATATCAACTGATAGGGGTGACGATATGGCTTCACCTGAGCCAGTACCGGCCGAGCACGAAGCAGCGCCCGCGCAGGCGGCGAAGCGGGCGGCCGCGCGCGAGTGGAAGATCGACTATCTCGCCCCCGCCGGAGAGCCTTCGTTGGTCCCGCCGGACTCGGTGCAGTGGCGGGTCTACCGCAACCCGATCGCCATGGGCATCGGCGGAGTCGCCGCGGTGCTGCTCGAATTCGCCGACCCGCGGATCCGCAGTGGGGTGTGGGACCACTCGATCTACAAGGTGGACCCGATCGGACGCTCGCGACGGACCGGGGTCGCGGCGATGGTGGGGGTGTATGGCCCCGCCTCGGTGGCGCGCAAGGTGATCGCCGGCGTCACGAAGATGCACGCGCGTGTGTCGGGTGAGACCCCCAATGGTCAGTCATACCGTGCGCTCGACCCGGTGCTGCTCAACTGGGTCTCCGCGACCGCCGCCTTCGGTTTCTTCAAGGGCTACCACACCTTCGTTCGTCCGCTCTCGCCGGAGGAACAGGTGCGATTCTTCGCGGACGGGAAGCCGGTCGCCGAACTCTACGGCGTCACGCAAAGCATCGGGTCGGAAGCCGAGTTCGTCGCGATGATGGAAGGGCTGCTGCCTGGTTTCGAGCCGCACCCGATCAACCTCGAGTTCCTGAACATCATCGAATCGGGCCGTGCGGCGCCGTCCGTGCCACGCTTCCTGCACCGCGCGATGGCCCGCGGCGCGGTCGCGATCCTCCCGCCGGTTGTCCGGAAGAGACTGGAGCTCGGGAAGGAATGGGACCTGACCGCGCTCGACCGGATGGCGCTGACCTCCGCCGGCCGGCTCGCTGACCGCTGGCGCGACCGCAATTCTCCCGCCTGGCAGGCGGCGCTGCGTCTCGGGCTGCCAGGAGACTTCTCCTGGCGCTCGCCGTCGGTGCAGCAAAGCCTGCTCAAGAGCGTGACGATCACACCTCGAGCAGCATGAAGCGCTGGGCTTGTCTGCGGCTTCGATTCCCGCCGCCTACCACACAGAACAATCCGCCGCTTTGAGCCGCGTCCGCTCCTATGAGCATGCCTATTTCAGGCGCACCTTCAAGCGCTCCACTGCGGCATTGGGCCGCCCCATGAAGGAGTCGAGCAGGCGTTGCTCGACTCCCACCTCTTCCCAGACAGCCGAGCGCTCAAGCCCGACACACTCCTGGGGCTCCGCGCTTCTCTCATTGCCAATGGTGTCGAAGATTGTGCAGTCGCGGAAGTTCCCAATGTCCTGCATGAACTGGACAATCGGTTGAGAAAACTGTTCCTCCAGCTCCCTCC
NZ_CP137851.1_gap195	8478894	8479988	1094	TTCACCGCCACGCAAGTGGAATGCTGGGACGCCAGCTTCCGCGTCACCTATCTGAAGCGGAGCTGGGAGACGGCGGAGGTGGGCAGTGCCTCCGCCTGCCCGGACGTGTCCGCGCTGGAGCAGCCGTGAGCGTGTGCTTCCAGGGCACTGAGGGCGCTTGGGGCTCAACACCACTCGCCCGCCGGGCCATTAGAAGACCAATCGCGTGTAGTTGGACGGAGTCCTCGGCGAGGCTGCCCTTCCTTGCTTCCCAGCCACGTCGCGCTTGAGGTCCCGCAGGCGCGAAAGGGCTTGCGCGACAACGTCGTCCAGCCGCGGTGCGTTCGCCATCACGTCCCGGAGCAGCGCCTCCAGTGTGCCCTCGGCCATCCGCTCGATCCGCTCGGCGACGACCACCGTGTACCCATTGGGCAGCCCCTCGAACTTGGAGTCCTGGATGCGCGCGAGCTCGGCGACGGCGACGGCGGGAAACGAGAGATCGTTGTCGATGGCCCGCACCTTGAAGGGCCTCGCTTCGCTGACCATGAAGTTCTCGACGTGCCGGTCGACATTCCCGATCAGGTAATCAAACGCCTGCAGATCAGCGAGCTGCGGCTTGATCGCCCTCAGGAGATCCTCGTCCAACTGCATCGTATCGAAGTCGACGTGCTGGGTGGCCATCGTCCCTTGGACGTGCTCCATGAAGACACCGCGCTTCATGCCCTTGGTGGCAAGCTGCGACCGGACGGCGAGGTGCGGAATCAGCAACGCGGCGACCTCGGAGGCGGCGACCTCACGCTCGGGCAGGAACGCATGCGCCTCGGTGCTCTGCGCGGAGCCACCGTGGAGCATGCCCATGCCACTGACCTTGGCGATGCTGTTGAGCTTGCGATCCGCCGGTTTGAACCACCCGACCACGCCCCCGTCGAGCCGGTAGCGCTGAATGCCCTTGGCGGGAGCCCCCAGTGCCAGAGGGGCGTTTTCGTCGAGACGAAGGACTTCGGGCATGAACCCTCCAGGGAATCGCATCCAGCGAGAGACGCGGACCCACGATGATGGATCCGCGAATCGAGTGAGTCAACGTCACGGGCCCGCGGGCACCGCGGGTCCGTAGA
NZ_CP137851.1_gap196	8481238	8483318	2080	TCGCTGCCGCCACCCCCACCCCCGTCGCTGCCACCACCTCCTCCGTCGCTCCCGCCGCCACCGCCATCGCTGCCATCGCCGCCGTCACCCGTGCCACCATCCATGCCGCCGTCGATGCCGCCGCCGGAGGGATCGAAACACCACTTGTAATCCAGGCCCGGGCAGCGCCCATCGACGCAGGAGCTGTTGAGGCGCTCGGGCCAGGAGTCCTTGCCGAAAACGGTCTTGGGTTGATCCATTGGCCCGCCCGGGCCATCCGTGCAGATCTGACCGAAGTCATAGGCCGCGTACGCATCGGCCATCGCCTGCTTCTGCGCGCCCGTGAAGAAGTCGTAGGGATTGAAGCCGGTGTTCGTCTTCTTTTCCCGGATCTCGAAGTGCAGGTGCGGCCCGTTCATCGAGCCCGAGTAGGCGAGGAGCTGCCCGGGAAACACGGTGTCGCCAACCTTCAGCCCGGATGCGAGCTCGTTCAGGTGGCCGAAGATGACGATGTAATCCCCCGCCTGAACGGTGAGGGAAATCTCGTGCCGGAAGCCGCACACCGGGAGGTCCTGACACGGACCCCCGTGCCACACACAGGAGCTCCCGTCACCAGCGCAGACCACCGTTCCTCCGACAGGCGAGTAGATGGGGCTGTTGAACGGCAGCGTGAAGTCGATGCCGGAGTGCATGTTGCCAGTGCAGCGGTAGATGTTGCCGCTGCAGCACGCGGGCTTGATGGGGTTGCCATTGACGTCCCTCTCGCACTTGCAGCACTCGCCATAGGGCATGCCCTTCGAGAAGCATGTCCGGCCATAGGGCTGGCCGATCTCGAAGCCCGTGCAGCCGGTCCGCCCCGGGCTCAGGTTGGGCGCACCCTCGACCACGACTGGATCGAAGGGAAACTGGCAGAAGACGATCGGGGTATCAGCCGGCCACTCCGCCCCGCTGGTGCACGGGGGCGTCGGCGGGCGGGCACAGGTTTCGGTGAACAGCCGCTCGTTCAAGTCGCAGACCGGGCGGTCGCCCGAGTCGCACAGGAAGAGGCCGCACCCCTCGGACTGCTCGCACTGTTCGCGGCGCATTCCGCGGCAGTTGGCGCGGTCGTTGATGAAGAAGCTCGGGGTGATGAAGCCCGCGAGAGGGCTCGTGAGGTACACGTCACTGCCGGACTTGCGCGGCTTCGGGAACCCGGTGGTGTCGGGGAGCTTGACCATCCGAGGTGAGTTCTCCCACTTGTCCACGGGCGCGAACCGCACGGACGACCAGTCGAGGATGTACCCGGACGACTCGAGCTCTCGCTTGACCAGGTCGCAGAGCGAGTCCGAGAGGAAGACGTAGAAGAGCTCATTGCCGGTGAGCGCGCCGATCTCATCGCCGCGCCGCAGCAACGAGCCGGAGCGCAAGCCGCCCACGGGCGTGAGGCCCTGGAAGGCGCTGCACAGGCGCACGTCCGAGCCCAGCGTGTGCTCGATGACGAGCGTCTGGAGGCCCTTCGTGTTGCGCTGCGCCGCCACCACCTCGCCATCGGCCACCGAGTAGATCTTCGTGCCCGGAACGGAGATGGGCTGGCGATTCGAGTCCAGCTTGCTGATGGACTCGCCGAGCTGTCCATCGCGGCCCATCCAGGTCATGACGCGCCAGCCATCGGCGTCCGAGGCCGAGGAGGTGACGGGGAATCCGACACTCGGGTCGACGATGAACGAGCCGTAGTAATCGTCGACGCCGCCGCGCTCCTGCGCCTTCGGATTGACCGGGTATTGGAAGACCATGGGCGACTCCCAATCGGGAGTCGTGCCGCAACCCGGACAGCCAAGCTTGAAGGTAGCGAACAGGAGAAGGACGGGACGAGCCAGTCGCGCGGCCAGCGCACGGCGCATCGAAGTTTGTGGTAACACGAGACCCCCAGGACAGCGCCCTGCCGAGAAGCTTCGGAGAGAGCGGTGCTCAGTCTAGACCGAGACGCCTACGCGCCTGAGCGCGCCGCTTCACGAAAGCCGTGAATGCGCATGCACAGGGCGCTCAGGCACAGGCGGGAACACGGGCCTTTCTCTCTCTGGCATGACGGTTGCTGTCGTTCACCGGTTGCGCTGCTGCAAGA
NZ_CP137851.1_gap197	8485194	8488221	3027	GGAGGAGAAGAGCCACGCCTATCAGCACGAGGACGTGAGTGCCCGCTTCGACAGCCTGTTCGCGCTGATGCCCGATGGCGCGATCCGCAACCGTCCCGAGGTGTTCGACGGAACGAGGATGCCCTGTCTCTTCGTCCCCAGGGGCGTGCCCGTCGACCTGGACCAGCGCCGCCGGCTCCTGGCCGCGTACGACGTGCTCCTCCAGTATGGGCCCGCTTTTCGTACACGCTTCGCGGACTCCTTCATCACGCTGCCCGAGGGGTCGCTCGTCATGTTCTGGCCGGAGCACCCTGACTGGATCCACGAGAGCGATCCCAACACGTCGATCATCACCCAGGACTTCTTTCCCGGCAGCCTGCCCGAGAACAATCCGAAGCGGCAGACGACCTGGTCCCCCATCTACAAGGAGCCGGTCTCACTGCAGGCGATGTCCACGGTCACGACTCCCCTGGACATGGATGGCCGCCATGTCGCATCGATCAGCCACGATGTCATGATCGAGGAGTTGATGGCCCGCACCCTCAACGACCACCTCCCCGAGTCCTACAACATCGTCTTTCGCGATGACAGCAAGCTCATTGCCCATCCCGGGATGAAGCAGGAGGGGGGCGCCACCGAGGAGCAGCAGGCCCACCTGCGCGGCATCGTCGAGCAGGTGAAGTCGAGCCCCTCCGGCCAGGTCATCCAGAAGCATCCGGAGACCGGTGAGTACCTCGCCGTGGCACGGCTGAAGGGCCCCGGCTGGTACTTCGTCACCGTCCTGCCCGAGAGCGCGGTGTCCCGCCCCGCCCTCCAGGCCGCGCGCATCGTCCTGCTGCTCGGCGTGCTGTCGCTGCTCATCGAACTGGCCATCGTGTCCTGGGTGCTCAGGCAGCAGATCACCCGCCCGCTGCTCTCCTTCACCCAGGCCACGGACCGGGTGGCGGCCGGGGACTTCAAGGTCGAGCTGGACACCACACGTGAAGACGAGCTGGGGCAACTGGCTCGCGCCTTCCGGCTCATGGCCAATCAGGTCCAGCGCCGTGAGGAAGAGCTGCGCCACGTCAACGAGAGCCTGGAGCAGCGCGTCGAGGAGCGCACCCGCGAGCTGAAGGAGGTCCACATGCAGCTGGTGCAGACCGCCCGCCGCGCCGGCATGGCGGAGATCGCCACCAACGTGCTGCACAACGTGGGCAACGTCCTCAACAGCGTCTACACCTCGGCCCAGCTCGCCAGGGAGCGGATGACGGACATGCGGCTGGAGCACGTGGGCCGCGTGGCCGGCATGCTCCAGGAGAACCAGTCCGAGCTCGGCACCTTCCTCACCCAGGACACGCGCGGCCGCAATCTGATGCCCTTCATGAGCAAGCTGGGGCAGAACCTGCTCGACGAGCGCAAGCAGATCGTCACCCTGCTGGAGGACGTCGGCCGCTACACCGAGCACGTGGGCGACATCGTCAAGGTGCAGCAGAACTACGCGCGCACGCCCCGGCTGCAGGAGCCCGTGCACCTGGCCGGACTGGTGGAGGACGCGCTGCGCATCAACGCGGCCGGACTCACCCGCCACCAGGTGAAGGTGGAACGGCAGCTGGCCGAGCTGCCTCCGGCCCTCACCGACAAGCACAAGACACTGATGATCCTGGTCAACCTGGTCAGCAATGCCAAGTACGCCATGGATGGCGTGCCCGTGAACGAGCGGCGCCTCCTCGTCAAGCTGGAGCACACCCCCAGCGACCACGTCCGGATCTCGATTCACGACAATGGCATGGGCATCGCGCCGGAGATGCTCACGCGCATCTTCCAGTACGGCTTCACCACCCGTGAGGAGGGACACGGGTTCGGACTGCACTCGAGCGCTCTGGCGGCCCAGGAGATGGGCGGCGACCTCACCGTCCACAGCGAGGGTCCGGGGCACGGGGCCACCTTCACGCTGGAGATGCCCTATCACCCGGCCTGATGGGCCGGCAGCAGGGGCGTGGGCTTCCAACGGTCGGAGAGGACCGCCCCCCTTGGACGAAGGCCGCCCCACGCGCCCCCCGCGCCGTGGCGGCCTCGCCCTGTCCGGACTACAGCGGCCGGTGCGCGGGCTCGAGGAAGTCCTCCCGCGACCAGGTGTCGGCCTCGGGCACGCGCAGGCCCTGTCGGGCCGCGGACGGCTCCAGGCCGGCCCACTGGAAGAGGTGCTCGAGGGCGGCGGTGCGCTCGGGCTCGGGGAGCTGCGCGAGGCGCGCGCCGTGGTTGCCGCGGGGTACGACGAAGCGCAGCGAGTCATTCGACTCGCGCACCTCGAAGGGGACGGAGAACCACGGGTCGTCCTCGCCGTAGAGGAACAGCATCCGCTGGCCCGAGTTGCGCACCCAGTGCCCCACGCGCGGCATGGCGGTGACATCGAACCGCTTCTGCACGCCGAGCGGCGGCAGGTTGGCGGGGAGGTCCTGCCGTGGGTAGCGCAGCAGCCCGTGCAGGTGGTGCTCCGCGTAGCGCAGCGCGCCAATCTGCGTGGCCGCCTGGTAGTAGTAGGGCGCGAGTGACTGGAGCCCCGCGTCCCCGAAGCTGTCGGTGAAGTACGCGTGGCGCTGGATGAAGTCGAAGAGCGCCGAGGCGGGCGCGCCCGGGGCCGGAATCGTCGGACAGAGGGTCTGGCCCCCGACCTGCCAGAAGTAATAGGGCAGCTCCAGGACGGAGAACTCCAGCGCCCGGTCCAAGCCGAGCACGTCGAAAGTGGCGCCGGTGCTCGCCGCCACCCCGGCGGCGAGGGGCAGCAGCTCCTCGCGCCGGGTGAGGGCGGCCCGCTGGATGGACTTGAGCTGCTCGCGGCAGCCCGCGTCGGTGCCCACCGTCTCGAGGAAGCGCACGGCCCGCACGTCCGTCTCCCCGCGCACGTTGGGCGTCACATAGGCGACGGTGGCCTCCACGTCGTCCGGGTAGAAGTAGCGGTGGTAGGTGGCCGCCTGGCCGCCCTTGCTGTTGCCGGTGCTCAGCCACCGGCCGTCCCCCAGCAGCGGGCGCAGCGCCTGGACGATGCGGTGGTGGTCCGCCGCGGCCTGC
NZ_CP137851.1_gap198	8517740	8520349	2609	GCATGCTGCGCGCCAAGCTCTACGAGATTGAACAGGAGCGCATCCGCAACGAGCGCGACTCCATGCGCCGCGGCCAGGTGGGCACCGGCGACCGCTCGGAGAAGATCCGCACCTACAACTTCCCGCAGGACCGGCTGACGGACCACCGCATCGGCCTCACGGTGCACAACCTGCCGGCCATCATGGGCGGCGGTGTCGAGGACGTCATCACCGCCTGCCGCACCCACTACCAGGCCGAGGCCCTCAAGCAGCAGATGGGCGGCGGTCCCGGCGCGAGCGCATGAGCGGCGAGAACTGGACCGTCCGCAAGATCCTCACCTGGACGACCCAGCACTTCGAGAAGCGCGGGGTGGACGCGCCCCGGCTCACCACCGAGGTGCTGCTCGCCCACGCGCTGAAGACGACCCGGGTGCGCCTGTACGTGGACCTGGATCGGCCGCTGGAGAAGACGGAGCTGGCCACCTTCCGCGCCCTCATCGAGCGGCGCATGGCGGGCGAGCCCACCCAGTACCTCACCGGCGTGCGGGAGTTCTACAACCGCCCCTTCAAGGTGGACGCGCGGGTGCTCATCCCCCGGCCGGAGACGGAGCTGCTGGTGGAGGCCGCCCTGCACCAGCTGCCCAAGGACGGCCCCGGCCTGGCCCTGGACGTGTGCACCGGCTCGGGCTGTATCGCCATCAGCCTGGCGGCCGAGCGTCCCCAGGCCACCGTGATGGCCACGGACCTGTCCGCGGACGCCTGCGCGCTGGCCCGGGAGAATGCCCAGGCCCTCGGCGTGGCCGAGCGGGTGACGGTGCTACAGGGCAACCTGTATGCCCCCCTCCCCCCGGACGCCCGCTTCGATGTGGTGGTCTCCAACCCGCCCTACATCGCCACGGCGGAGATCCCCACGTTGTCGGCCGAGGTACGCCGCGAGCCCCACATGGCGCTAGACGGCGGACCGGACGGGCTGGTGCTCATCCGCAAGGTCATCGAGGGGGCCCGGCGCGTCCTCAAACCTGGCGGGCTGCTTGCAATGGAGATTGGCGAGACGCAGGGCGACGCCGTGAAAGCCCTCCTCCAGGCCGCGGGTTACGACGACGCGCGCGTGGAGAAGGATCTGGAGCGGCGGGATCGCCTCGCATTTGGGACACAGCCCGTGGCCAGCCAGCCACAGGGGTGAGACGGAGCAGATGGACAAGATCATCGTGAAGGGTGGCCACCCGCTGCAGGGCGAGGTGGTCGTGTCGGGCGCGAAGAACGCAGCGCTTCCCATTCTCGCCTCGGCGCTGCTGGCCGATGGCAAGAGCGTCTACCGCAACGTGCCGGACCTGGCCGACGTGGTCACCATGCTCAAGGTGCTGGAAACCATGGGCTGTGGCACCGCGCGGCTCACCGGCCGCCAGAAGGACGTGTGCGAGGTGGCCATCGAGGGGCCCATCACCCCCGAGGCCCCCTATGACCTCGTGAAGACGATGCGAGCCTCGGTGCTGGTGCTCGGCCCCCTGGTGGCCCGCTTCGGCCGCGCCCGCGTGTCCATGCCTGGTGGCTGCGCCATCGGGGCCCGCCCCATCGATCAGCACCTCAAGGGCCTCAAGGCCCTGGGCGCCGACATCACCCTCACCGAGGGCTACGTCGAGGCCCGGGCCAAGCAGCTCAAGGGCGCCACCGTCAACTTCGACGTCATCACCGTGACGGGCACGGAGAACGTGATGATGGCCGCCGTGCTGGCCAAGGGCCGCACCGTGCTGGAGAACTGCGCACGCGAGCCCGAGGTGGAGGAGCTCGCCCGGGTGCTCAACAAGATGGGCGCCCGCATCCAGGGCGGGGGCACCTCCGTCATCACCATCGACGGCGTGGACGCCCTCCAGCCGGTGGATCACGCCATCCTCCCGGACCGCATCGAGGCCGGCACGCTCATGGTCGCGGCGGCCATCACCGGCGGCAACGTGCTGGTGAAGCACGCCCAGCCCGAGCACCTCGAATCCGTCATCCTCAAGCTGCGCGAGACGGGCTGCACCATCACCGCCGAGGAGAAGGGCCTGCGGGTAAAGGGCCCCAAGGTCGTCAACTCGGTGGACGTGAAGACGACCGAGCACCCCGGCTTCCCCACGGACATGCAGGCCCAGCTGATGGGCCTCATGACGGTGGCCAACGGCACTTCGGTCATCTCGGAGAGCATCTTCGAGAACCGCTTCATGCACGTGCCGGAGCTGCACCGCATGGGGGCGGACATCACCATCCAGGGCCACACCGCCGTGGTGAAGGGGGTCAAGAAGCTATCCGGAGCCCCCGTCATGGCCACCGACCTGCGAGCCAGCGCCTCGCTCGTGCTGGCGGGCCTGCGCGCCGAGGGCAAGACGGAGGTGGCCCGCATCTACCACCTGGACCGAGGCTACGAGCGCCTGGAGCGCAAGCTGCGCAAGCTGGGGGCGGATATCCGCCGGGTCAAGGCCTGAACCCGGGCCTGGGGGGCGCTCAGGGTTGCGTGTGTGAACACATCGCAGCGCTTGGGTTGCATCTGAAAATTCATGCGACCTATCATTCCCTGAACGCCCTGGGGCCAATTGCCCCGGGACGCCCCAACGGGAGCGCTGCTCCCCCCTACAGGAGAATGACCCGCCCCATGA
NZ_CP137851.1_gap199	8531545	8532850	1305	TCGAGCCCGCGGCGCCGAAATTGACGAACTGGCCGTTGGCGAGCGCCCCGGCCACCGCCCGGGTCAGCTCCGGAGCCAGCTCCAGGCGGCGCAGATCGAGATACACCTGCCCCGTCTCCAGCAGCGCCCGCGCCTTCTTGCGGATGGCATCCGCCTCGGCCTCGGCGACCAGCCGGATGCGCGCCGACTGGGCTCGTCCCTCCGCCTCCAGGGCGATGACGTTCTGATCCGCGTCCGCCTGGGCCTGGGTGATCTGCGTGGCGCCCAGCTCGGCCTGACGCAGGTCGCGGATGACGGCCTGGCGCTCGGCCTCGGCGCGCGCGATGGCCGCCCCGTTGGAGGCGATCTGCATCTTCAAGGCGCGCTCCTGATCATTGACCTTCTGCGCGGCCTCGAGTTGGGCGATCTTCGCGCGCTGCTCCTCCCTCGCCTGCACCACGTCCGCGCTGGCCTTGGCGCGCGCCGCCGATTCGCGCCGCCGGGCCTCGGCCACCTCGCTCAGCACGGCCTTGATGTTGAGGCTGTTGAAGGACAATCCCAGGTCCAACAGCTCTCGGGAGCAGGCTTCCTTGATGATGACCGCCAACTCGTCGTCCTCGCCACGCGCCACCAGCGCCTCCTTGTCCTTGAGCGGAGCCGTGGCCGCTGGCGCGGCGGTGCGGGAATTGAAGAGCTGGTCGTGCTTGAGCAGGTTGATGGCCCGCCGCCCCGCCGAGGACAGCACGTCGGTCAGCGTCGAGAGCTGTTCGTCCGCGGGCTTGGAGAAGAACTTGTTCGCGGAGGTGTTCACCATCGCGTCTTCCTCTCCGACGCTCACGATGGCGGAGGCCTTGACGGTGACTTTCACCGGGGCGGGCACTCCGCTCGCATCCATGTCCGCGGTCTGGTCGGTGATCTCGATGTCCACGTTGATGGCGGAGGCCGGAATGATCCGGCTCACGGTGAGGATGGGAACCACCACCGCCTTGCAGGGCCCCCGGTAGATGCGGAGGTTGCCATTGAGCCAGCTCACCAGGCGGATCTCCCCGGCCTCCACGTCCCGGAGGAAGGCGCTGACGATCAGGGGCGTGAGGACGATGACCAGCAGGGTGACGGCGGCCGCGATGAACAATGGATTCACGGAAGTCTCCTTCCCTCAAAATAACGAGACGGTGACGCGCTCGTTCTCGGGGTCGATCTCCTCGATGCGAAGCTTGTCCCCCACCTGGACTGGTAGCTTCGACTGGCCCTCGACGAGCCGGGCGCTGAGCTGGACGCTCCGGCCATCACGGATGACCCGCACCAACCCCTTGCCGTTCCGAAAGG
