gap_id	start	end	length	sequence
NZ_CP141531.1_gap1	1004	5707	4703	TATCGGCTCACGCCCGGTCAGGGAAAACAGCCCTCTCCGCCCCGGTAATATAATTTCGGCGGTATCCCAGGTATTTCAAATACCCGCTACCGAACTTTTGGGTGCCGCCCGTGACAAAGATACCGCTCTGGCCCGTCAGTTTGCCATGTTTATGCTAAAGCAGCAAAACTCCGCCTCACTGGTAGAAATAGGCCAGTCCCTGGGGGGAAGAAGTGCTTCCACCGTCAGCCACGCCTGTGACAAAATCCAGCTGGAGATGGAAAACAGCGCCTTTCTGCGCCTGAAAATGAACGAAGTTCAAAACCAGCTTTCCCAGCAGCGCCTTTCCCGCTGATTTAGCCCTTTTCGCCGCACCGCTTTTCCTTATCCTTATATTTTTCTTTATTTTCATTCTGCCAGCAGGGTGCTTTTGCCGGTTTTTTCTATTCTTTTTAGACAGGCTTTCTATAACTTTATTATATTTTTCGATAACCGGGCTGAATTTTCGATAACTTTGCAGATACTTTGCTTTAAAAATAAGGCCGGAGGACAGGAATAGCGATTTTACTCGTAAAGCCTTATTATTAGTATTTCTGATATACTTAAAAAATAAACCAGTTAAAGTTTACAGGTTTTCGATAACTCAAGAATTAGATAACTTTTTAGATAAGGTGTTTTTATATGTTTGACAGAGTGGAAATACGGGTTAAGTCCGGAGACGGCGGCAGCGGCAAGGTCAGTTTCCGCCGCGAAAAATTTGTGCCTTACGGCGGGCCGGACGGGGGTGACGGCGGGGACGGGGGTAATGTATATCTGGAAGCTGATTCCGGGCTTTACAGCCTTTTAAATTTTAAACATAAACGGGTGCATAAGGCGGCCAACGGCGAGAACGGTATGGGCAGCCGCTGCACCGGCCACAACGGGGCTGACCTGGTGATAAAAGTGCCGGTGGGTACGGTTGCTACTATTGTGGAAGAAAACGGCCAGAAACGGGTTCTGGCTGATTTGGCCGCTGACGGAGATCGTACCCTGGTAGCCCGCGGCGGGCAGGGCGGACTGGGCAATACCCACTTTGTTTCGTCCACCAACCAAGCCCCCATGCTGGCTCAGAAAGGCCAGCCGGGCGGCGAATATGAGCTGATACTGGAACTGAAACTTATTGCCGATGTGGCTATTATCGGTTATCCGAATGTGGGTAAGTCTTCGCTGCTTTCACTGCTTACCGCGGCCAAACCCAGGGTGGCTAACTACCCGTTTACTACTCTTTCACCGGTAATGGGGGTGGTGGAAAGACCGGAGGGTACATTTGTTATGGCGGAAGTACCCGGTCTTATTGAAGACGCCCATCTGGGCAGGGGGCTGGGGCATGACTTTTTACGCCATATTTCCCGTACCCGCATGGTTATCCATTTGCTGGACGGGACTTCGGATAACCCCATAGATGATATGATAAAGGTCAACAGCGAGCTGTACCTTTATGACGCCTCTTTGTCGGAACGCCCCCAGGTGGTGGCGGTAAACAAAATAGATGACGAACTGGTGCAGTTAAGGCGGGAAGAGCTGACCGAGACTTTTAAAGAAGCCGGGCTGGAGGTGTTTTTTATTTCGGCCCTGACGGGCGAAGGGGTGGAGGTGCTTTTGGATAAAGTAGCTGAAAAGCTGGCTATTCTTAAAGCGGCAGATGCACCTGAAGCAGAAAATGACCAGGAAATCAAGGTATTCCGGCCTGCCCCCAAGGGCAAAATGGGTTTCCATATAACCCGCCTGGAAGACGGCTGGCAGGTGGAAGCCCCTGAAATTGAGCGGATTATTGAGCACTCTGATATTGAAGATTTGGAGGTCAGGCGGCAGATAATGGTGCTTCTTAAACACCGGAATGTCCAGCAGGCGTTGATAAAGGCCGGGGCAGTTATCGGCCAGAAGATTATAACCGGCAGGCTGGAATGGTATCTTTAAAAACAGGCATACTGGGGGGAACTTTTGACCCTATTCATACCGGCCACCTGATACTGGCGGAAGAGGTAAAAAAGAGGCTGGGGCTGGACGAGATTATTTTTATACCCACCGGCCAGCCATATTACAAAGCGGACAAGGCTATCAGCCCGGCTGCAGACCGCCTGAATATGGTTAAACTGGCTATATCCGGCAAGCCCTATTTCAGGGTTATGGATATTGAAATAAAAAGAAGCGGCCCTACCTATACGGCAGATACCTTAAACGACCTGAAGCTTATTCTGCCCGAAAAGACCGAACTTTACTTTATATTGGGCTGGGATAATCTGGAGGCTTTGCCGCGCTGGCATAAGGCTCCGGAAATAATACGGCTCTGCCAGCTGGTGGCGGTGCCCCGGATAGGGCAGGCAAAGCCTGATGTGGACGAACTGGATGATAAACTGCCCGGTTTGCAGCAGAGCCTTATTATGCTGTCCAAGCCGGAGGTAGATGTCTCTTCGTCTCTGGTAAGGGAAAGGCTGGAAAACGGACAGGGCGTGGAACATCTGGTGCCTGAGGCAGTGGCTGCTTATATCAAAGAGCACAGTCTGTACCACAGGCAATAAAGCCGCTATTTTAACGTCAGACAAAAAATAAGGGGCGTCTTAAGACGCCCCTTAGCTGTTTTCAAAGGCTTTATTTCAGCCTTAGATATCCAGATTCTTAACTGTTTTGGAATGGGACTGGATAAAGGCCTTGCGGGGAGCCACTTCACCGCCCATCAGCAGGTTAAAAATCTGGTCTGCCTTGGCGGCATCTTCCACTTTTACTTCAAGCAAAGTGCGGCTGGCCGGGTCCATGGTTGTCTTCCAGAGTTGCTCGGCACTCATTTCACCCAGACCTTTATAGCGCTGGATATCCACTTTGTTGCTCTTGGTTTGGGAAAGCAGGGTCTCTTTTTCGGCATCGTTGTATACCCAGTGTTCGTTGCTGCCTATTTTTATCTTGTAAAGAGGCGGCTGGGCAATAAACAAGTGGCTTTCGGTAATAAGCCGGGGCATATGGCGGAAGAAAAAGGTCAAAAGGAGTGTCCGTATATGTGAGCCGTCCACGTCAGCATCTGTCATGAGTACCAAACGGTTATAGCGCAGTTTGGCGGGGTCAAAGTCATTATCTATGCCGGCTGCCAGAGCGGTAATGATAGCCCTGATTTCCTCGTGGGCCAGCATCTTGTCCGGTGAAGCCTTTTCTACGTTTAAAATTTTACCCCGCAGCGGGAGTATGGCCTGAAAGCGGCGGTTACGCCCCTGTTTGGCTGAACCACCTGCCGAATCACCCTCTACCAGAAAGAGTTCGCACAGCGAAGCATCCCTTTCCGAACAGTCTGCCAGTTTGCCCGGCAGGGTGCCTGTATCCAGAGCACTCTTGCGGATAATCAGGTCACGGGCTTTGCGGGCGGCTTCACGGGCCTTGGCGGCGGTGATACACTTTTCCAAAATACGTTTTGTATCATCCGGGTGTTCTTCCAGATACAGGGAAAGCTGTTCGGTAACGGCACTTTCCACGAAGCTCTTTATTTCAATATTGCCCAGCTTGCCTTTGGTCTGTCCCTCAAACTGGGGTTCGGGCAGTTTGACGCTGACAATGGCTACTATGCCTTCGCGTACGTCATCACCCATCAGGTTGGGGTCTGTGTCTTTAAGGAATTTTGACTTGTGGGCATAGTCATTGAAAGCCCGGGTCAGGGCGGAACGGAAACCGGTAAGGTGAGTGCCGCCGTCAATGGTATTTACACAGTTGGCAAAGGTCAGGGTGGAATCAGAGTAGCCGTCATTGTACTGGATAGCTACTTCCAGTATAGTGCTGTCTGATTTTTTGGTTATATAAATGGGCTGGCGGTGGCGTACCTCGCGGTTGCGGTTTAAATGGCGGACAAAGCCGGTAATGCCGCCCTCAAAATAATACGTCCGCTCCTGGTCAGATTGTTCGTCATAAATATAAACCTCAAGCCCTTTGTTGAGGTAGGCTATTTCCCGCAGGCGGTCAGTCAGGGTTTCAAAATCATATTCCGTAGTGGAAAATATCTGCGAGTCCGCCTTGAATATAGTGGTGGTGCCGGAACCGTCTGATACCCCCACTTCTTCCAGCGGGGTGCTGGGCTTGCCGCGCTGGTAGCTTTGCTGGTAGATTTTGCCGTTACGCCTGACCTTGACCGTAGTCCATTCGGCCAGAGCGTTTACTACTGAAGCGCCCACCCCGTGCAGACCGCCGGATACCTGATAGGTCTTGCCGCCGAATTTGGCACCGGCATGCAGGACGGTCATAACTGTTTCCAGGGCGGAAATCTTGGTCACAGGGTGAATATCTATCGGGATACCGCGGCCGTTATCTTCAACGCTGACGCTGCCGTCTTTATAAATAATGACCTTTATGCGGTCACATACCCCGGCCATGGCTTCATCTACGCTGTTATAAACAATTTCATAAACCAGGTGGTGCAAACCGCGCTGGTCAGTAGAGCCGATATACATGCCCGGTCTTTTGCGGACAGCGGCCAGACCTTCCAGTACCTGGATATCACTGGCGTTATAGTTTTCGGCATTTGCACCCGGTTTGGCTTTATTTTCATCTAACATAATTTCATTTCATCCTGCGGCTTAAAATATACAAATGAGCGGAGTTTAATACCAAGGCTCTTTAAAAAGAGACAAAAAAAGAGAGGTTTCAGAGGAGGGTTTTGACATACTCTAAAAGCTTTCATTAGATATCCAATTATAGCACACAGGCTTAAA
NZ_CP141531.1_gap2	8645	9652	1007	TGTAAAACCCGTTTGGATAAAAACACCCTGCGTTTGCTGGACTGTAAACGGGAGGAATGTCAGTGCGTGGCTGAAAATGCTCCCCGCAGCGCAGATTACCTTTGCCCGGACTGTCTTGCCCACTATAACCGCCTGAAGGAGTGCCTGACGGTAGTGGATTTGCCCTTCCATGAAAATTTCCGTCTGGTAAGGGGTCTTGATTACTACAGCCGCACTGTTTTTGAAATCCAGCCCAGGATAGAGGGCGCCCAGAGTACCATTGGTGGCGGCGGGCGTTATGACGGGCTGATAGAACAGCTTGGCGGAGAGCCTACCCCGGCCATGGGTTTTGCTACCGGTATTGAGCGGATTATTTTAAACCTGAAGCGGCAGGGTATTACTCCGCCGTCATTGCCTTCCCCTTCGGTTTTTCTGGCTTATATGGGAGAGGCCGCCTCTCTGGCTTCGGTGGCTTTGGCATCAGACCTGCGTAAAGCGGGTATAGGTATATACCAGACATATGCCCAAAAGAGTATCAAGGCTCAGCTCAGGCAGGCCAACAGCCTGGGTGCAGACTGGGCTGTGATACTGGGTGAAGAAGAACTGAAACAGGGCTGTGCTGTCCTCCGGAATATGAAAGAGGCCGGTCAGGCAACCATACCCCTTGACCAGCTGATTTGTGAGATAAAAAAACAGATATGACAAAGAATATACTAATTATTGGCGGTTACGGCAATGCCGGCAGCTGTATAGCTATGCTGCTGCTTCAGGAGACAGATGCCCGCATATTTCTGGGCGGCAGGAATCTGGAGAAAGCCAGGTATGTAGCCGAAGGGCTGAACCAGCTGGAAAACATTCAGCGGGTAGAGGGGGTAAAACTAAATGTGGAAGACCCCCAGAGCCTGAAAGAGGCTTTCTGCGGTATGGACATAGTGGTGGTGGCCTCCAATACGCCCGAATATGCCCGCCAGATTGCCTTTGCCGCTTTGGAAGCTAAAGTGGATTACATTGATATCCAGTATTCAGAC
NZ_CP141531.1_gap3	12973	17549	4576	AAAATAAAACAAATTTTTGTTAAGTGCGGCGTTGTATCGGATAATATTTCAAACTCACAAATGCTTTAGGCATAACTTAAAACATATCTTTCAGCTTGTAAGTCCGCCCGGTTTGGACTGAACCAAAACCGTATTTCTGGCGGATTTTATCCAGAGAGGCGTCCAGTTTTTCCAGCCGGGCTCTGGCCGGGTCTATTTCCAGCTGTTTTTCCGGGCCGCAGAAATCACTTATGCCCACCCCCAGCAGCCTGACTGAGCGGCGGTCTGAATCCAGTATGCCGTTCATCAGTTTGAGGGCGGTTTGGAATATTTCCTGATTGCCGGAGCAGGGGTGATTAAGGTGCTTCTGGCGGGTCAGGGTGGTAAAGTCCGCAAAACGTATTTTTATCTGGACTACCCGGGCCTGTTTGTCACGTTTGCGCAGGGTGGCGGCAATCTTTTCAGACAGATAACCCAGCTTTGCTTCCAGAAAAGTATGGTTTCGGGTATCGGTCTCAAAGGTGGTTTCGCGGCTGATAGATTTGGCTTCGGCCGGCATTTCTACCGGGCGGTTATCTATTCCGGCAGCCGCATTCAGAAGGTACGGGGCGTATGTTCCCAGATGGATTTTCAGAAAGGTGGCGGGTATGCCAGCCAGCTTGCCCAGAGTATTTACGCCCAGTGATTTCAGGTGATATTCGGTCTTTTTGCCTATGCCCGGCATTATGGATATATCCAAAGGGGCTAAAAAGGCGGCTTCCTCACCAGCTGGCACTTCACACTGGCCATTGGGTTTGGCACGTTCGGTGGCTATCTTGGCTACTACTTTGGAATTGGCAATGCCGATACTGGCGTTTATGCCCAGTTCGGCGGTGATGCGGCGGCGGATTTTTAAGGCCATTTCGCCTATACTGCCGTGCAGGGATTCAAAACCGGTTACTTCCAGATAGGCTTCATCCAGCCCCATGGGTTCAAGAAAGGGTGAGAAGTCTGAGAGTATCTGCATAAATTTTTCGGAATATTCACGGTAAAGGCGGTGGTTGCCTTCAATAAATACAGCCTGAGGGCAGAGGTGTTTGGCGCTAAGAAGCGGCATACCGGAGTGAATACCAAATTTGCGGGCTTCGTATGAGGCGGCAGCCACCACGCCCCTCCGTTCCGGTTTGCCCCCTACGATAACCGGCTTACTTTTCAGTTCGGGGCGGCGTGATTGTTCTACTGAGACAAAAAAGGCGTCCAGGTCAACGTGCATTACCCGCCGGATAGCCATTATTCACCGCGCTTTATCAGGCATTTTACCTTTTTTTCAAACAGGGGGCGGGGCAGCAGCAGGTGGTGGCCGCAGCGAAGGCAGGTAATGCCGATATCCGACCCCGCAAAATCCACCTTCCAGTCTGCACCGCCGCAGGGGTGGGGTTTACGCAGTTTGTATACATCTCCGGGGAATATTTCCAGCATTTTACTTCCGTATGGCGGGTGAGTTTATTTTGGATGCAGACTTGTATAAAAGCAGCCGCCGTTTCCGTATATTAGAAACGTTTCCGATAATGGTTTATGGCATCACGCATCTGCTTGGCGGCTTCGGCTGCCCCCTGGGCAAATTCACTGCCGCTTCGGGCGTAAAGTATGCCGCGGGAAGCGCAGATAAGCGCCAGTTGGCCGCTTTGGTTAGTTCCGTTTTCTACGGTAGCTTTCAGGTCTCCGCCCTGAGCGCCTATACCCGGAATAAGAAACGGCATTTTGGGGTAGCTGAGGCGGAGTTTTTTTAGCTCCTCCTGCTGGGTTGCACCTACCACCAGCCCAATATTTTCATAGCGGTTCCACTGCAAGGCCTTGTCTGCCACTACTTCGTACAAAAAGCGTTTTTGCCCCAGATACTCGGTTTTGAGCATCTGGAAATCTGCTGAGCCCTGATTGGAAGTGCGGCAGAGGATAAATATGCCCTTGTCCTGATATTCAATAAAAGGCTCAAGTGAGTCATAACCCAGATAGGGGGAGGCAGTTACGCCGTCACAGCCCAGTTCGTCAAATACGGCTCTGGCATAGGCTTTTGAGGTGTTGCCTATATCTCCCCTTTTGGCATCGGCTATGCTCAGAAGTTCCGGCGGAATAAGCTTGCAGGTTTCGGACAGGATTTCCCAGCCCTGTTTGCCCAAAGCTTCATAAAAAGCCAGATTTATCTTGTAGCCGCAGACAAAAGGCGCGGTGGCGGCGATAATTTCACGGTTAAATTCCAGTGCCGTCATGCCCACCGGCATAAGTTTGGGGTCAGGGTCCAGCCCCACGCAAAGCAGGCTGTTATGACTGTTTCCGGCTTGTTTCAGCTTTTCCAAAAACTTCATATGTATAGTCCTCTGGAGAGGATATTAGCAACACTAATGCCTTACAGTCAAGAGAATAAAGTCAGGAAATAGGCTGTCTGCTATATTTAAAAGCCCTGTTTGGGGTGCTAACATAAAGCAGGAGAATAAACAGGGAGGAATTCGGCCATGAAAAAGGAATTTCCGAACAAAAATTTTCAGCGGATAGAGGCCGGGCATGGCTTTGAGCTGAAGCTGATACAGTCAGACAGCTTCGGGGTAACGGTAGATGCATCTGAAGACGGGTTTAAAAATATTGAAATGAAGCAGGAAGGCGATAAGTTGTGGCTTATGTACAGCCCCAGTATCTTCAGCCTGAAAAACCTGCTGCCCGGCTGGTATCTGCCTAAGGCTACCGTTAAAATGCCGCTCTTGACCGGGCTGTATATAAACGGGGCGACCAGGGCTAATCTGGAGGGTTTTGATTCCGATGGTAAACTGGAAATATGTCTCAGCGGTGCCAGCCAGCTTGAGGGTGAAGTCAAAGCGGGCGAAGCCCGGATAAAGGCGGAGGCGGCTTCCGAAGTAAGGCTGAAGGGTGTTTTCAAGCAGTTGAAACTGGAGCTGGAAAGCGGCAGTAAAGTTCAGATGGAAGGCTGGACCGAGGAACTGGAAGCCGAGGCTGCGGGTGTCAGCCAGATTGTGCTGGACAAAATGGTTTGCAAGCAAGCCAGAGTAAGGCTGGAAAATGCCAGCCAGGCGGAAGTATGGGTTGAGGAAGTACTGAATGTGAGATTGAATGGTGCTTCCGAACTGAAATATGCCGGATGCCCCTGTTTCAGCGAAGTGGAAATAAAAGGTTCTTCCAGCCTGAGCAAAAGCTGAAAACATGGTATAATCAATCCCCTTCAAGGAGGCTTCAAGTGAAGAAAGCTGGTCTTTTGGGGTTATCTGTATGTATTGTCTTTATAATGGCCTTGCTGGGAGGCGGGTGCATTCCGGGTGTCGGCGGGTTTGTTACAGGCAGCGGGGAGGTAGAAAACCGCTCCTTTGACTACGCTGGTTTTAACCGGGTGGAGGTATCAAATGCTATTACGGCTGATATCTTGTATGCCGGTTCTTTTGAAGTATCCGTTTCCACCCATGAAAATATTTTTGAATATCTGGAACTGGAAAAAAGCGGCCAGACCCTTAAAATCGGCTTAAAAGATAGTTATACCTTTATGAACGTAACAATAGAGGCTGTTATCCGTCTGCCGGAATTGGTGGGGCTGAGTGTTTCAGGGGCTTCCCGGGTAAATGCCAGCGGCTTTGATTCGGCAAATGACTTTACGGCTCTGGTGGATGGTGCCAGCCGCCTGACACTGCATAATATGCAGGTGGGGCAAAGCAGTTTTTATATAAGCGGTGCCAGTACGGCCAGCGGAGAGCTTATTTGCGGTAAGGCCGCTATGAAAGTGTCCGCTGCTTCCCGCCTGGAACTTTCGGGGCAGGGCGGTGACATAGAGGTACTGGCTGAGGGTGCCAGTACTGCCAGTCTGGAAAACTTTTTGGTGGCAAGTGCCAGAGTGGAAGCCACCGGTGTAAGCAATATCCGGATATATACTGACGGAGAGCTGTATATTACAGCCAGCGGCGTTTCTTCGGTAAAATATTTTGGTAATCCGGTTATCAAAGACCTGAACGTATCAGACGTTTCCTCAGCGGGCAAGGGTTAGGGGGATTTTCTGGAAGAGAGTTACCGGGCGGCTTTAAACTACATAATGGGGCTGACAGATTATGAATCTGCCACCAGCCGGGCAGCGGCTAATTATGACCTCAGGCGGGTGGTAGAGCTTCTCTTGAGGCTTCATAGTCCCCATATAGGTATTCCGTCTGTTCATCTGGCCGGCACCAAGGGTAAAGGCAGTACGGCCGCTCTGATTGCTTCGGTTATGTCGGCGGCCGGTTACCGTACCGGTCTTTATACCTCACCCCATCTGCTGGATTTCCGCGAACGTATTCGTCTGGACGGCAAGATGATTTCCAAAGCCCACCTGGTGCGGATTATGGATTACATCAGCCCTATGGTGGAGGAAATGAATGCCCGGACCTGTTTGGGTAAAATAACTTCGTTTGAGGTTATGACGGTGCTGGCGTTTGAGTTTTTTCACCGCCAGCAGGCTTCTTTTCAGGTGATTGAAACCGGGCTGGGCGGCAGACTGGATGCCACCAATGTTATTACCCCCAACCTTTCGGTGCTTACCCCCATAAGTCTGGACCATACTGAGGTCTTGGGAGACAGCCTGGCCAAAATA
NZ_CP141531.1_gap4	25812	28915	3103	GGCAGAACGCCGCCCATGCAAAACTCCCCGAAGCGGGTTTTATAGCTAAGACCTATCAGTATAAGGTCTATTTCTTTCTCTATAGCCTCGTCAATAATAGCGTTGGCTACTTCGCGTGCCTGAAGGAGGTCTGTTTCCAGCTTTACGCCCTGCTTTTCAGCTATTTCTTCGGCTTTGGCCAGAATACCCTCAGCTTTGGTTATGGCAGATGAAAGTTCGGCATCAAGAGGCAAAGCCCGTTCAACCGGAATGATATGAACAGCAAATACCCTGGTTTTGCCGGAAACTTTAGATATAGTGCAGGCTAAACTTATAGCCTCTTCATCTGTTTCCGTACCGTCTACGGGTACCAGTATACGTTCAAATTCCATAGTCTATCGGATAGCCCCTTATTTCCACAAAGTCCATTATAAACTGCGGTTTAATACTTTACAACTAAGCGGCTCTTAACGCCAGCGCCAGAAGGCCGGTATGAACAAAACCAGCAGGGTGAATAGCTCTATTCTGCCCACCAGCATGGCTGTAAGGAGTACCAGTTTGCCGATACCGGGTATGTCCGCATAACTGGCCATGGGGCCGACAGTACCCAGCGCCGGGCCTACGTTTCCCAAACAGGAGGTAATGCTGGATAGGGCGGTAACGAAGTCCAGCCCTATGGCACTCATTACCAAAAAGCCTGCCCACAGGGTGGCAAAGTAGAGTATAGTCAGGCCTACCGAACGGGAGATAAGCTTGTCTGAAATAACGTAGCCGCCTATTTTGATGGGTATAACCGCGTTGGGGTTGAAAGTAAGCTGGATACGGCGGTAAGTATATTTAAATAAAACCAGCAGGCGGATTACCTTTAGGCCGCCCCCGGTAGAACCGGCAGATGCGCCTACTACCATAAGCACCAGTAAAATAGCCTGTGAAAAGTGAGGCCACTGGGCGAAATCAGCGGTGGCAAAACCGGTGGTAGTCATAACCGAGGCTGTCTGGAAGCTGGCCTGGCGCAGACCTTCAAAGATACCCATTCCGGCATTGGCTACCAAGTCCCAGTTTATCAGCAGGATACAGCCTATCAGGATACCTATGTATAACTTGAACTCCGCATTGCCGAAGAATTTGGCCGGGCGGCCTTTCCAGAGCAGGTAATAATACAGCCCGAAGTTTACCCCGCTGGCTACCATGAAGAAAATAAGAATAAGCTCAACCGCCAGATTGTTATACACACCGATACTGCTTACCGGGGCAAAGCCTCCGGTGGGGGTAGTGGTCAGGATAATATTAAAGGCATCAAACCCGGGCAGACCGGCCAGCATAAGGGCTATAAAACCGGCTACTGTAAAGCCCAAATAAAGCAGCCACAGGGTTCTTGCGGTATCCCGGATACGCGAGGTCAGCCGTTCCTGCTGACCGGGGGTTTCGGCTTCCATAAGCTGGGAAGCGCCTATGCCCAGCATGGGCAGAATGGTCACAAACAGCATGATAATGCCCAAGCCGCCTATCCACTGGGTAAGGGAACGCCAGACAAGTATGCCGTGAGGCAAATTTTCTACGCTGCTGAATACACTGGCACCGGTGGTAGTCAGGCCGCTCATAGCCTCAAAGATACAGTCTATAACACTGGGAAGCACCCCTGAAATGATAAAGGGAAGCGAACCGAAAAGGGCGGCCATAATCCAGCTGCCGGCCACAATAGCCAGGGATTCGCGCAGGCTGATACGCCTTTCGGTAATGGGGGTGAAACGCCACAGCAGAAACCCGGCACTTAAGGTGATGACAATGGAAACGCCGAAAGCTAATTGGTCCGGCTCTGCGTTTATCAGGCTGAAAACAAATGGGATAAACATGAAGCCGCCCAAGATGGCAATAACCAGCCCCAGGTAATGGAGAACGTTATTTATTTTCATGTCTTATTTAAACAGCTTCTCCACGTCATGCAGAACGTTTAGCTGGGAGACTACAATAACATGGTCTCCGCCATGGATAACGGCTTCGTCAGGGGGAATAATAACCTGGTTATTCTGGACAACCGCCCCGATAACGGCTTCTTTGGGAATATCCAGCTGGTTTACCTTCTGGTTGATAATGCTGGCCTGCGGGCTTACTACAAATTCCACTGCCTCCAGCTGGCCGCTTTCCAGCAGTGCGGCCGCAATAGCTCCGCCGGAAAGCACAAAATGAGCTATCTTGCGGGCGGTAATAATGGCCGGAGAACCGGCCACATCTATATCCACCGCTTCAGCCAGGGGTATATAAGAAGGCTTGTTGATAACGCTCAGGCTGCGGTCTACCCCCAGATTTTTGGCTACCAGGCAGCTTAAAATATTGAACTCGTCATTTTCGGTAGTGGCTACAAAAGCATCAGCCGAAGGCACGCCCTGTTCGGTCAGGAAATCCCGGTCGGTGGGGTCTCCCCTCAGGACCACCGCTTTTTCCAGCCGGATAGCGGCTTTCTGGCTTTTTTCCTCGTCAGGTTCTATCAGTTTTACATCAACGTCATGGTCTGCCAGCCCTTCGGCTACCAGTAAACCTATCTGGCTGCCGCCCAGTATGAAAACGCTGTGTGCCGGGCGCTGAATGGCGCTGAACATCCGCCCCAGGTGGTCCATATTGTCACGTTCGGCCACCAGGTAAAGGACATCTTCTTCTTCCAAAACCAGCTCAGGCTGGGGTATCAGCAGTTCTTCTTTCCGGGCGATGGAAGCTACCACGCAGGGCTTGGTAAAATTAAGCTCGCTCAGGGTCTTGCCGGCCATAGGTGAGCCTTCAATAGTAAAGTTGCGTATCTGAACCAGACCGTTAGCCAGCTGTTCCACCGGGGTAGAGTAAAAACTGGACAAAATACCCAGTATTTCGCGGGCCATTTCAACTTCGGGGTTTATAAAGACGTCTATACCCAGTGACTTGGGGCGGATAATCCGTCTGGCAGACAGGGTGGATTTGGCCGGGGGTATAAAATAGCCGGTGTATTCGGAGTTGCGGATACGGGCGGCGGTAGTGGAAGCCCCCATTTCTTTGGCTATGAAGCAGATTACCATGTTGGTTTCGTCCCGGTCTGTTACCGCTAAAACCAGGTCTGCCCGTTGAACTTCGGCATCACGCAGTATCCGGGGAATGG
NZ_CP141531.1_gap5	199672	204072	4400	TATCTGGTTAAGCAGGTTGTCACCACCGTCTAAGATAAAGGGCATAATGTAAAAAGGGAAAGCGGCTGACATGGTGACAATAACAGATAGCTGCTGCCCGTCACGTACGTTAGAGGTAACAGCACCTATGGCCGCCATCATGATTGCGTACAGGAAGTAACCCAGTATAAAGAAAACCAGACAGACTATAATCATATCTGCCGGTATAGACAAAGCACCCAGAATATCACCGAAAGTGTTGGTGGCAAATTTTACCAAGCCCCAGGCACAGACCAGCCAGAAGGCAACCTGTATAAGACCTGCCAGCCCCAGCCCTATTATTTTACCGGTCATAAGTTCACGGGTGGTAACAGAGGAGAGGAGTACCTCCATAATACGGTTTTCCTTTTCCTCACTAAGACCCTGCAGCAAATAACCCGAAGCTGTAAATATGGACATCAGTAAAAGTATGCCGAATAGATAGGAAACAATATAATTGGGAATGCCGCCCTGACCGGGTGCCGGCTGGCCGGTTTCGTCTATAACGGTACTTATCAGGGCAAACGGGTTTTGCACCCGGCCTAAGATATCAGTATCAACCTTGCCATCTAAAAGATTGGAGGTTAGAAAATTGGATATAGCGTAGGTGATATCGCCGCCGGGGTTTGTCTCGGCCTGCATGGTAAAACGCTGAATGATACCCGTATTTATATAATCCTCAGGTATGATAAGAAACTCGTCCAGTTCCCCGCTTAGCATATTATCAACTGCGGTTTGAGAGTCTGTTTGGGGCACCAGTACAACCCCCGGCTGGTCCTGATAGCCGCTGAAAATACCTGTGTTGTCCACGTAGCCCACTTGAAGCGGTTCGGAAGTATCCGGCTGTGCGTTTATATTCTGGATTAGCATACCCACCAGAATACCCACCAAACCAATCACCGGCAAAGCCAGCGAGGTTATTACAAACCCCTTGCGTTTGATAGTTGACATAAACTCGTGCTTTAAAACAATGCTGTATTTAGACATTTTTCTTACCTGCAATGCTGATAAAGATATCATTTAGAGTGGGGGTGGCCACCTCAAAGCGGTGAATAACCAGCCCGCTGTTCACCAGCTGCACCAGCACATCCTGGGTAGTGGTGCTGCCGTTTAGTATAATATGGGCTTTGCCGTTCTCGGCTTGCAGGTCACTTATTTTATCCAGCCGGGGGAATTCGCCATCATAATCTACCTCAAGCGTATTACTGCGGTAGCGGTTTTTGATATCCGCCAGATTACCGTAGAGTACCTGCTGGCCTTTATTAAGCATGCAAACGCGGTCACACATTTCTTCTACTTCATTCATACGATGGGTGGAAAGAATAAGTGATTTGTTCTGGCTGCGCAGTTCCATCATAAGGTCTTTTACCAGCTGGACATTTACCGGGTCCAGACCGTTAAAAGGCTCGTCTATTATCATCAGAGCCGGGTCATGGATAATAGTGGAAACCAGCTGAACCAGCTGCCCCATGCCATGAGAAAGCTGTTCTATTTTCTTTTCGGCATGAGCCAAAAGTCCTACCTTTTCCAGTAATTCCAGTGCTCTTACCCTGGCGGCAGACGGATTCATACCTTTCAGGCTGGCCAGATATACCAGGGAGTCAATTATTTTCTGCTTGCGGTAAAGACCGCGCTCCTCAGGCAGGTAACCGATATGGTTTTGGGCATCAGCATCCATAGGTTTATCCAGTATAAGTACCTTGCCGCTGTCAGGTTTGATAATATCCATTATCATCCGAATGGTTGTAGTTTTACCCGCTCCGTTCGGCCCAATCAGCCCCATAATCTGCCCCCGCTCAAGGCTAAGTGATAAATCATTCACTATAACATTGCGGCCGTATATTTTGGTTATGCCATGTGTTTCTATTACACTCATAGACTACTCCCCGGTAAGGTTTAAACCCGGCTAAACTAAATTTCTTCTACCAGCCTGCCGCTTATTACTGAAGCAGGCTGTTCGTTAAGTATATCTGACAAAGGACGGGCAAACTCGTCTTCCATCTTGACCATCAGCCAGCCCATTTTAGTCCGCAAAAGCGAATAACCGCCTTTAAGTTTTTCACCCTGAAGGTTTATAACCAGATGCCCTGTGCTGTAAGATTCCTCCAGTGTTTTGCCGTCTTTCAGGTTCTGAAAAGTGCCCCTGTCCCAGACAATAACTTTACCGGCACCATATTCCCCGGCCGGTATTACCCCTTCAAAAGAGGCATACTGTATGGGGTGGTCCTCGGTGGCAACCGCCAGCCTTTTTTCTTTGGGACTGGCAGACGGTCCTTTGGGAACAGCCCATGACTTTAATACGCCGTCAATTTCCAGCCTGAAATCATAATGCAAATGGCTGGCAAGATGTTTCTGCACAACAAACACGGGGTTAGCGGATGGCGGGCTTTTTGCCCCTGACGGTTCGGCGGTTTTATTAAAATCACGTTTGCGGTTATATTCTTCCAGCGGGCTGGCAGGCATAACAAGTTTACTCCTCAGACGTGCTTATTGTTGTATAATATAACGGTTACGGCCTAAAGTCCAGACACTTTAGGGGAGATGGAGAAACATATGGATGAACCTTTTATTTCCCTAAGTGATATTCAGAACAATTTGCATACCTGTCTTATGGGCAGGGAAATAATATATCTGCCCGAAACTGCATCTACCCAGACAACCGCTATGGATATGGCATGCAAAGGTTCCCAGGCGGGTACTTTGGTAATAACCGCAAAACAAACCGAGGGGCATGGACGCCTGAAAAGATTATGGGTATCGCCCCAGGGTAATATCTATATGTCCCTGATACTGCGCCCGAATCAAAATCAGCTTTCCCGCCTGATAATGGCCGCTTCGCTGGCAGTCAGCTTTGCCATAGAGAATACCACCGGCCTGATTGGTGAGCTTAAATGGCCGAATGATATCCTGATAGACGGCAAGAAAGTGTGCGGTATGCTGGTGGAAAATGATATACGTGACGGGCAGGTAAACTTCAGTGCGGTGGGGCTGGGTATAAACGTAAATACAGACATGCAGTCATACCCTGAACTAAAGGGTATTGCCACCAGCCTGATAAACCATACCGGCAAACCTGTCAGCTGTGAGAAGCTGATAGTGAGCTTTCTGCATGAGTTTGAAAGGCTGTATCTGGGCCTGAACGAATATGGCGAGTGCATTTTTGAAATGTGGAGAAAACGCTTGATTACTCTGGGTAAAGAGGTAGACGTAACAAGCGGCAAAGATACTTACCGGGGTATTGTGGAAAGCGTAGTTCCGGACGGCAGTCTGAAAATACGGCTGGCGGACGGTAATATGGTGCATATAGTGGCGGGTGATGTAAGCCTGCGGCATGCGGAATGAGATTTAATACACTAATATATAAAGAAGGCCTGCTTTTAAAGCAGGCCTTCTAATTTACATGACGGTAAAAAGCTATTCTTTAGTGTCTTTTTCAGTCTTGGGGTTAGTCATGCCTTTACCTTTATCCATGAACATGCTGATAAGGTCTACCGGCACAGGGAAAATTATAGTGTTAGAGTGTTCCGAAGCAATTTCGGTCATGGTTTGCAGGTAACGCAGCTGGAGGCTGACCGGCTCTTTGGCAATAACCTTGCCGGCCTGAGCCAGTTTCTGGGAAGCCTGCATTTCGCCTTCGGCATGAATAATCTTGGCCCGGCGTACCCGCTCGGCTTCAGCCTGAGCGGCCATAGACCGTTTCATAGCTTCGGGCAGTTCCACTTCTTTTATTTCTACAATGCTAACCTTGACACCCCACGGGGCAGTAGCTTCGTCTATAATCTGCTGAAGTATCTGGTTCAGTTTTTCACGCTGGGAGAGCAGTTCGTCAAGCTCTGACTGGCCAAGTACATTTCTGAGGGTAGTCTGGGAAATCTGGGAAGTAGCCCGGTAATGGTCAACCACCTTTACCACCGAGGCTTCAGGGTCTACCACTCTGAAATAAACCACGGCATTAACCCTTACGGTGACATTGTCACGGGTAATGACTTCCTGTCCGGGTACATCCATAGTGACTACCCGCAGGTCAACCTTTACCATGCGGTCTACAAAGGGGATAAGGAAAAATAAACCCGGCCCTTTGCCGCCGATAAGCCGCCCCAGCCGGAATATGACACCCCGTTCGTATTCGGCAACTACCTTGACGGCCATACTGAGTATAAGCAGCAGTATAACCAGAACCACCCCGACCGTTATTAAAGTGTTCAGGGTTTCCTCCATTTATTCACTCCTTTCCATTTTGACGTACAATTTCAGTCCTTCCAGACGTACTATTACTACTTCCTGTCCCACTTCGGCAGAGCCGTTTTCAATATGCGCCGCCCATATCTCCCCGTCATACAGCACTTTCCCTTCGGGGTTGAGCGGGGTTTTTACCAGAGCTT
NZ_CP141531.1_gap6	241381	245091	3710	AATATGTTGTTCAACAAAAGCAGGAAGATTTAGGTTGGGCTTATCCCCGGAATAATACCCTTCTGGCATTTTGGGAGTATCTTCACTAAATAAATTGCCAGTTTGGACTTCATGTTCGTTATCCATCATTATTCCTTTATCTCCCAAAGATGGTTTTCAGCAATCAGATTTGTCGGTAATGTATAATCACTGGCTTCCATTTCATGAAACATTATTATCCTTCCGCGGGACCTTCTTCCCGGCAGTAAAAGCAACACACGGTCTTCATCCGCAGCCATGGTCCGGAGTAGGTTAAGTTCAATATGATATGCAAACAACATCTCCAGATTGGATAGTACCAACATACCTTTGCCGGTTAGATTAGCCCGGAGAAACCTCTCAAATGCCTTGCTGACATGGGCAGCTGTAGGTTCAGGCATTTTGGCTTCATTCTCTGCCAGTTTTCTAAACTCATCATCTGGTAGTGAGTCCAATATGCCTCTATTGACGTTAGTAGGCTTGGGGAAAAGTTGACCGTCAGTTGTTTTTGCTTGATGCAGCTTCTTAGCAAAATTATCAAGCTGGGTATAGGTCCCCATTACCCCGTATAAATGGCGGCCACCAGGTACAGTAAGTTTTTGACGGAGTACATCGATTATCTCGGTAGACTTCATACCTTTTCACCTTTGGAAGCAAGTTTCTCAACCACTTCGGCTAGAGCATATTTTGTCGTGAATTGTCGGATATTATCTATCTCTGAAATCTTGGTGATAAACCCCTGGTTACGTACCTCGTAAAGACTATTGAGGATTTGCTCCGGGTTCCAAAGCATGGCTTTAATCACACGGTTACTGTTAAGTTTCTCGATATCATACATTCCGGGTTCAGGGAACTCGCTGTGCAGGACAAAAACAAAGGATGCAACGGGAACTGCCCTTAAGGAAAACGCTATTTGGTTACCTTTCTTACTCGCAATTTCCGCGCCGAACAACGCCTCGCACACTGCAGAAGTAGCGTCGTTTATTGCTTTGGATTCCGGATAACGGGAACGGAGATATTCGGATACAGCATCCCGATTGATAGAACCAGCTCCAATATTCGGCAGCATTATGCTTTGAATAAAGTCCAGCATTAACGGCTGAGCCTTGCAGAATTTGTAGAAACAAACGTCTTTCAATTCTCGGCTTCCCGGGAACGTATGGGCGAACTTGATCAGGGGGAGAATGGAGGCATTATCCCCGAACATATTAAATTTGATATATCTCCCCCGGCGAGTCCTGGTCTGCACAGAATTAAAAGGAAGATTCTTATTTAAGAAATCAGTTATTTCCTTCATGGAGTTAGTGAATGGAAGCTTAGGTAATATTTGTATCGTTTCTTTAAGCACTGCCTTACCAAAAAGCTCAGTGCCACGCCTGGTTGAACTTTTTTCCTTGCCTGATATTTCGATTGATTTATCTTTAACCACATTTTTCTCAGGGACTATCTCAGCAGGGGAAACAGAATCGAACAAAGTAGTTTGAACTGGAGGCTCGACCTCTTTTTGTACTATCTGTTCGGTCGAATGAAATTCTTTGCGAATATAATCGACCAGTTTCAAGAGGACTGCGCTGGTTTCCTTTATTTCCTGTGATTGGCAAAGACGTTCCATAGGAGCTGTCAACAACGAGGAAAGACTACCGTATTCTGCCAACAACCGTTTAGCCAGTGGCTGAACGTCCCTCTGGGGTATAGTATAGGTTAGAAGAAGCTCAAGCAAAGCAGCTTCTGAATGAGAAATCGTATCACTCTTAACGAAACGCTCTCTTAGTCTTTGTCTATGACCTTTATTTTCCAAATCAGGCATCGTCAACTCTTTATTACTTTGTTTTCTTGGAACTCAATTTGTTTTGGGCGCCACCTGACTTAACCCACTCGTCAACTTCTTGTTTATTGAATTTCCAAAGCCGGCCGATTTTGTGGCCAGGCATTTGTCTCTCATCAATCCACCTGTAGACTGTATCTCGTTTAATACCGAGATGATCCGCAATTTGATCTACAGATAACCATCGGTCTTCCATTTTAAGTCTCCGCTTTTATGTGCTACAGCAGTAATGTGATAACCGGCGTTCAAGGTAAGTGGCTCGAATAAACAACCACAGCGTATACCACGAGCATCGTCATTGTCAAGGATTTTTTCCTATTATGTCTGTGTTTATTAAGATATGACCCAGTATATTCCATATCACATTCTGGATAAAAAAAGGGGACCGAGAATATTCCCGATCCCCTTTTGAGCAGATTACCGTCGATAAAATTAGAATTCAAACAATGCTGGCTGTTCTACTTTCCTCTTGGATGCCTCCTCTTCTTTCTGCTGGCGTCTTCCATCCCGTTCTAGTTCCTGTCTGGCCGTGGTTCGCCGGCAGTAAAGCCATTCTTTGAGACGGCTCAGGTCTGCCATCTGCTGTTCTGTGAGTGAATCAACCCTGATATCCTCTGGTATGTCACCCTTGCGCCATCGAGTATAGGTTTTACCAGCGACGTAAAGATAAATCTGACTCCAATCACCGTCCATCGGTATAGTCAGTGAGGCAGTGTTAAGATAGGCACAGGCTTCTGCATCGGTACCGGTTAGTAGTTCTCCCTTGGTAGCTTTCATGTTATCGGTCAATCTTTCCAGGGTAATGGCGTTCTTTAGCCATTCCGGGAGAGTATCCCCCCAACCCCCTGGGTAGACAATGATAGGATCGGTTAAGGTGCCGACAAGGTCATCTATCATCGAGTTCACGTTTTTAGACATAGTAACCCTCCTTGTATTTGTATTTTTGTGGTAAAGGTCTAGTATTCATCGGGAAATAGGATAGCGGTTGAGCTCCGGTCAGCCTCGGTTATTATCCAAATAGTCGCTACCCCGTTTTGAGGAAAGCGGTTATCGATGTAGGCTGATAGCAAACGTGTGCCTTGTTTCATTGCTTGGTTGTTGCTCTGTTTGTCCTCTTCGTCCACATCACCCCAGTCACCTTTTACATGGCGATTGAGAGACTTCTGGATGAATCGGGCAAACTCGGGGTTCTCACAGGCGAGGTCGTAGACTCCTCGGGTCGCGACGATCTGGCCGGTGTTGAAAGCAGCATTGATTACGAATAATGTATTCATTGTTTTCTCCTTTTTAGAGTATAGTTACCCCTTCAATTAATTGGGAATTAGCCTTCTAATCCTTGAACCTGGTTATGTGCAGGCAGGCGTAATGTGACCTGAAGTTGTCAATCGGGCTTTCCCAGAAGCCGTTGCGGAAATCCAACAAGTAATGCCAGTAGCCCTGGTATTCCTGTTCACGTACAGCTACGAGGTAGTCGGTGAAAATTCTGACGGCTGCCGATTTAGCTCCCCAAAGCACAATGACACTTGGGATATAGGCCTGGTCGCTCTTAAGTCTCATGGGATGCCATTCCAGTTGCAGCCGTTGGAGTTTCAGGTTATCCAACCAGAAGTGCCGTCCGCCGGCGTCATACGAGCCAATATAGATATCCTTCCCTTCCAGCTCTTCCAGTATCTCCATCAGGCGCTTTACGGCTTCCCTTCGTTTCTTGCGTAGTGGTATCTGGACAGCCTTCCGTCCCAGCTTCACAGTGGTAGTCGGCTCTGGTTCGGCAAGCTTCACTCCACCAAACAAGTCCATCTGTCCTGTGGTCATATTGCTTACTCCTTTCTGTTCAGATTTTGGGCACAGTAACCCCTTCAATTACAGG
NZ_CP141531.1_gap7	253509	255136	1627	CCTTGGAGATAACATCGGAGTCAAAGGCAAGATAAATTAGCCTGTCTTTAATGGCGATGCGGTCCCAATCAGAAAGCAGAGTGATAGCACCGAATTCATTCTTGCCTTTGAACCCCCAGACACCAGTAAGCGAGATAACACAGGCTCCGTGAGTTGCCAAAGCGTCAGCTTTCTTCGAGCCTTCAGTTATCCAGAGGGGAGTCTTTGGATCTCCAAGCATCGGTTTGCAGCGGGGAGGACAATCCAGGTGATTCGATGAGCCAACCGGTGATTCATATTTCACTGGCCGTTGTCTTGAATCCATACGGGGATTATCCGGCCGATACTGGTAACCTACTTGTCCACCATCGACTCCCCATAATGGTATGAGAATACCGGAGGTTCTCTGTTGAGAAGATGTAAATCCTACCTTTGCCAGGTCGGTTTTATTGAGAACGCTCCGATATCCTCTTTCCTTAATCACATCGAGGCTGATACCGCTCCCTTCACTGAGATGATGAAGGTGCTCAACCAGGAGCTGCGGGACAGCTTCGGAAAAAACAAGTTCAGACATAGCAATCCTTAAAAATCGTGTGTACGGAAGATTGAGATTCTACGTTCTAGCTACGATCTGTGTATCGTTCCAGGGTCTTCAAAAAGTTTTCCAGGTACTCGACTTTGATCCTGTTTGGAGGCGTCAACAGATCGAAGTCGGTTATATGAACGTCAAGGTTACAGTTCTTTTGAAACCAGTGCGATATCTGGTAATCCTGCATGTCCATCTGCCAGATCTTGCTCTTGACCCGGTCCCAAAGCAGCATTAGTTCTTTATCCGAACCCAGTATTGTTTTCGGGGATTCTTCTTTGCTCAGGATTTCATCCGGAAACAGGTCGTCAGGCGCTTCGTTATCCGGTGGAGGTAAAAGCAAAACCTGTCCGGGCGGTATCTGGGCATATCGCTGGATTTCAACCAGTGAATACGGTGCGGTGATACTGAGCACTCTCACTATCTTCTTCTTACCCTCCGGCTGAACTTCCTGTTCGACAAGCTTCAATGAAAGAGGAATCATTGAAAGCCTGCCGCAGGTACCGCGAATCAGCTCAAGGCTGGAGTTGACATTAACGATCGAATAAAAGGAGCTGGTATCGAGTTGGTAAACGCCAAAGCCGGGACAATCAGGCAGAAGGAATTGTAAATTCATAACCCGCCGGCATCTGGCTAACTGGTAGTAGGTACATTTAGCTGGATTGCAGGTGATTTCTCTCATCTCCGTTTCAACGGAATCTCTATTAGCAATATCACCGGTACGTGTATCGATTTTGGCGACCGATGTCTCTCCATCACCGCGGCAAACAAGCCCCCTGGTTGCTGAATAACATCTTAAATACTGGCTGGCCCATTGTGTCTGATCATCGGTAGGGAACATGATTCGTAATTCTTTTGGTTTCTCTCCAAAGACTTTCCTGACTTCTTCAGGACAGACAAAATAATCCGTTGGGAACGGATAAGATATTCCGCTAGCATTTTCTTTTTTTACTCCCAACCTTATTTTCCCCAGACGGGGAAGTCTCACTACACCGGTCACTCCCTTGATTGGCATTGTCATCCTCCTTCGTTTTCTCTAATGAATTAGGTTTGTTAGACTTT
NZ_CP141531.1_gap8	269488	271254	1766	TACCCGCTGCTTCAGCTACTGCCCGTAAACTGGTGGAAAAGGCAGCCGACGAAGTAATTACCGTAGCTGACGGGTTTATGCCCAAGTTTTACGTATCAGATTACTACCGGTATTGGAATGTACTGGATGATGAACAGGGGTTAAAGGTATTTAAAGACTGGCAGATGCGCCGCCAAAACTTAAATCTCCGCCCGGAAAACCTGCCTCCGCCCAGCATGACCATGCGGCGTAAACCCCTTATTTAAGGCGGGTAATACGCTTTAGGGCGGCTATTTCTCCCGGAGTAAGCTCACGGGTTTTGCCTTCTTCCAGTTTGCCCAAACGCAGTGTGGCTATACGGCTGCGCTTCAGAGCCTTTATCTGGTATCCCAAATGGGCAAACATACGCCTTACTATCCGTTTTTTACCTTCGTGTATTATCAGTTTATAGTTATACGGCGGTTCGTCTGTAACCCGGCTTAAGCGGGCAGGTGAGGTCAGTCCGTCATCCAGCAACATGCCTTTTTCCAGGCTTTCTTTATCTGCCTGGGTAAGTGCGGCATCAATGGATATCAGGTATTCTTTTTCTATTTCATAGCTGGGGTGGGTAAGGCGATTAGTCAGTTCACCGTCATTGGTAAGCAATAGCAGTCCTGTAGTAGCTTCATCCAGCCTGCCCACAGGGAATAGTCCTGCCCCTTCATAACGGCGGTGGAGCAAATCCATCACAGTTTTACGACCCAGTTCATCACTGGTGGTAGAGACTATTTCAGGCGGCTTATTTAACATAAGGTATATACGGCGGATACGGCTAAGTTCAACAGGTTTGCCCTCAAAGGTTACCTTATCCTTCTGGGTATTTACCGGCTGGGAGTAAGATTCCGCTTTCTGTCCGTTCAGGGTAACCAGACCCTGTTTAATAGCCTCCGCCATTTTGCGGCGTGAACCAAGCCTGGCTTCCACTAAAACTTTCACCAACGGAGTACCTGAAGATGCATTATATGACATTAAAATTCCTTTAAATGGGTATTAAACTTTTGTCTGTTTGCTATCCAGTGCAGTATACAGCCTGCGGCCATACTCCAGCAGAGTCTTTTTCTCCTGTGCCGAAGTCTGCCTGGCATCCAAATAATGTTCCAAAGCCTGAACAGGGTCAAGCCCCTCCGCTTTGAAACCGCCCTCTCTTTGGCGGCTTGAGCGGGTGAAATTTTTGGAAACAGTGAAGTTATGGGCCTCACACAAAGCTTCCCGTATATCATTATCCAGCAGCTGCCCGCCAATCTCTGCCGGCAGCTCCAGCTTCAGGCGGACTATTGCATCTTTTATTTCCGGCTGACGTGATTGTAATATATTTATTACTTCCTGAGTCGGGTCAAGGCTGTCTGCCGTTACAGTATGCTCTATAGTCAGAAAACGGCGGCCTTCCAGTTTTATAAACTCAAATTCAGTTTTGCGGCTGAGGGGGTCTATCTCAACCAGATAAAAACCTTTATCGTCCTTTTCTTCGCCGAAATCCAGCCTTTCCAGACTGCCGGGATACACTACCGGAGGTGAAGAAGACAATACCTGCTGCTTATGGATATGCCCCAGAGCAATATAATCAAAAGCAGGGTTGGCAATATTACTTAACATAACTGTGGGCTCGTGACCTATTGAGATATTCCGCTCTGAGCCCAGTTTGGCGGTATTGACCGAAAGATGGGCGGAAAGAATGGCAGGAATATTTTTATCAAGCTGGCCGGCCAGATTTTCTATAATACCGGACAGATAATGTTCCACCCTCTGGT
NZ_CP141531.1_gap9	294260	294893	633	CCCGGGGCACTTGAAAAAGTAGCCGAACTGGCCGGCGGCTGGTTTATAGAATACATGGAAAAGACGGCCTGAGGAGGAAAGATGAGCAGTCTGCTGGTCTACCTGATATTATTGGTGCTTATCTTTGTCCTGGACATGATTTGGATTGGGTTAATTGCCAAAAAATTTTACGTAACCGAACTTTCTCCTATTGCCCGCTGGAGCGGAGGGAGTATGTCACCGGACTGGCCTTCAGCCATACTGGTTTATCTGATTTTCAGTTTGGGCATAGTAACTATGGCTTTGCCTTTGGCAGATGATAATATTTTTGCCGCTCTGGCTTATGGCGGGCTTTTCGGTTTTATTACTTACGGCGTTCATGACCTGACTAATTATTCCACTTTAAATAGTTTCAGCCTGAAGATGGCTTTGGTAGATATGGGCTGGGGGGTTTTCCTGGGTGCTGCCGCCGGACTGACAGGCGGCATTCTGTACAGCCTGTAACTTTTTTTGAGAGTTTACCTGTTTTTACCTGTAAATGGTGACGGGAGGTAATATGGCTAACAAAAAAGTAAAACAGCCTGAGCTGAATCAGCCACAAGCGTTCAGGAAACTGCGGGTTTATAACCTTGTCATGGGCAGTTTCCATTTAGC
NZ_CP141531.1_gap10	348185	351208	3023	AGAACTACCGCTATGTAGTTATGGATAACGAGGCCGGTATGGAACACCTTTCCCGCCGCACCACCCAGAATGTAGACCACCTTTTTATAGTATCTGACCACTCGGTCAAAGGGGTGCGGACACTGGGGCGGATACGCCAGCTGGTAGATGAAATGAAACTTAATGTCAGCCAGATTTCTGTTATCATAAACATGGTCACCGGAACGCTTGACCCGCGTCTGGAAGCGGAGATTAATAAACTGGGCATAGCCTATACAGATACCGTACCGGCAGATGAAATGATACGTGAATTTGACCTGAAGCAAACCCCCCTGCTTAAATTGCCTGACAACTCTCCGGCAGTGCAGGCAGTGGCCAAAATACTTTCAACCCGGCTTGGCATTAAAAACCGTACAGAGGTATCAGAATAATGAGCGCACATATTATAAACGGCACAGAAATAGCCGCCGCCATCCGCGAAGAGATACGCAGTGAAGTAACTGCACTTAAAGCCAAGCACGGCATAGTACCCGGTCTGGCCACCGTACTGGTGGGAGATGACCCTGCTTCGCACTCTTATGTAGACTCCAAAATAAAAATGTGCCAGAATCTGGGTATATATTCAGAGCATCACCCGCTGCCCCAGAGTGCCACCAACGAGGATTTGCTGACCCTGATAGCCAGGCTGAATACAGACCCCAAAATAAGCGGTATTCTGGTACAGGTACCCCTGCCCGTCCAGATTTCGGAAAATCTGGTCTTAAATGCCATAAATCCGGATAAAGATGTAGACGGTTTCCACCCGGTAAACGTAGGCAGAATGTGCCTGGGTGAACCCTGCTTTTTGCCCTGCACCCCGCACGGCGTTCAGGAACTCTTAATCCGCTCGGGCATAAAGATAGAGGGCACCCATGTGGTTATAGTGGGGCGGAGCAATCTGGTCGGCAAGCCGCTAGCCAATATTCTGCTGCAAAAAGCCCCGGGGGCAAACGCCACAGTCACTATCTGCCACAGCGGCACTAAAAACCTGCCGCTGATAACTTCGCAGGCAGATATACTGGTATCCGCCATGGGCAAACCCAAATTTATCACCGCAGATATGGTCAGGCAGGGCGCGGTGGTGATAGATGTAGGCACAACCTGTATAGGCTACACACCCGAAGGCAAGCGGATACTTTCCGGTGATGTTGATTTTGAAGCCGTCAAGGAAAAAGCCTTTGCCATTACCCCCGTACCCAAAGGTGTAGGCCCTATGACTATTATTATGCTTATGCTAAATACCCTGACTGCCGCCAAAAGGGCTGCCGGTCTGGTAAAATAGACAAATACTTTTAACCCCCGTATGGAGGAAAGTTTATGGCATTTGAAATACCTAAAATAAACTACAACGGACGTATCAAGGAAATAACTCTGGGTGAAGGGCCGAAAGCCGTCACTGTAGGCGGTGAAACTTCCATGCCCTTTTACCTGTTTGAGGGGGAAATGCCCCGCAAACCTAAAATAGCCATGGAAATACAGGATACCCCGCCCGAAGATTGGCCGGAAGATGTTTTAAAGCCCTTTGGGGATGCAGTCAATAACCCGGTCAGCTGGGCTAAAAAATGTGTTGATACATACGGGGCGGAGCTTATCTGCCTTCAACTGGAAAGCACTGACCCGAACGGGCTTGACCGTTCTGCCGAAGAATCTGCCAAAATTGTCCGGGAAGTGGCAGATGCCGTGGATGTACCCCTGATAGTCTGGGGAACGGCTAACCATGAAAAGGACACCGAAGTACTCCGCAAGGCAAGTGAAGCCTGCCCTGATAAAAAGCTTATACTGGGGCCGGTGGAAGAGGGTGACTATAAGAAAATAGCCGCCCAGGCCATGGCCTATAAACATACTATTATCGCTTCGTCACCCATAGATATAAACTTGGCTAAACAGCTTAATATCCTGCTGGGCAATCTGGGCGTACCCGCCGAAGGGCTTATTATGGACCCCACTGTCAGCAGCATAGGATACGGCATAGAATATTCGTATTCGGTGATAGAACGCATCCGTCTGGCGGCGCTCACCCAGCAGGACGAACGCCTCCAGTACCCCCTTATCTGCAATATTGGGCGGGAAGCCTGGAAAACCAAAGAAGCCAAAATACCCGAAGCGGAAAGCCCGGAAATGGGCCATACCGAAAAACGGGCTATTATGATTGAAGCTATGTCCGCTGCTATTTTACTTATTGCCGGGGCGGATATACTGGTAATGCGCCATCCGGAATCCATGCGGCTGGCGGGTGAACTGATAGACGAACTTAGCTAACCCCGCCCGCGTAGTGCACTTACAGGTAATTCCCTGATTATCAAGGAGGGACATGAAAAATGAGTAATACCGTAGCCGAAGCTTCTATAAATGGCGCCAGAAACATAGTAAATGCCAGTTATGAAATATTTAAACAAACACTAGCCGCAAACTGCCCTGATACAGCAGTGGGTTTCCCGAATACCGCCTATTTCCTGCCGGTTATTTACGGCATACTGGGTATTCAGGTTGAAAAACTGTCTGATATGGAGACCGTTTTTGATAAATGCTTCAAGATGCTGCCCCCGCCGGAGGTAAAAGCCGAAGAGGTAACCGAGCTGGGTGCGGTGCTGGAGGCCGGTCTGGCCACCCTGTTTGCAGAGGAAATGCTGGAAGCTCTGCATTATCTGAACCAGCCGGAATATTACACCAATACCGAAGACCCCACCCCGGATAACATCTGGCTGGGTGCGGCTGATGATATTATTCTGCGTAAACGCGGGGTAGAGTTTGTAGACGGCACCGCCCCCGGTTTTGCCGCCATTATAGGTGCGGCACCTGATAACGCCACCGCCGAAAGCATAGCCGCCGAGCTTCAGCAGAAAAACCTGTATACGTTTATGTGCGGTGAATCTCAAGGCAAGCGTTTTGCCAGCCAGCTGGCTGATGCCGGGGTTGAGCTTGGCTGGACACCCCGCCTGGTCTCCTTCGGGGATGAGCCCACCGCCGCTATTTTTGCCTTCGGCTTTGCCGTCAGGGTTGCCCTG
NZ_CP141531.1_gap11	352814	356867	4053	CTGTCTGGCATTTGCCATGAGTCTGGCAGGAGGCCGGGCTGAACTTTCTGCCTGCCCTTACGTTTCGGAAGAAGCCAAACAGAAGCTGGAGGAAGCTTCCGCCCCCCCGGTCAGAACGGTCAGCATAGGTACCGGTGATTACTCTTTTAAAACCGGCGGCGAAACTGTCATGCACCGCCATGAAAAACGCTTTGAGCACCAGCCGGGTATTGCCCTGCTCATCTCAGACAGCCTGAGCGAGACGGAACAGGATGCCAAACTGGCCTCTTTCAACCGTTTTCAGTACAAACGGGTGGGTGCTATTCTGAAGCCGGATATGCTGGCACTCAGGGCAGACAGCGGCTCAGGTGAAAAATACCTGAAGCTGGTCAAACTGGCCGCCGGAAAATGCCCGGCCAGCCTCATGCTGATGTGTGCTGATACCGCCGTACTTGATGAATCTTTGAAGATTTGCGCTGAACGCAAACCGCTTCTTTACGCCGCCACAGCCGAAAACAGCAGCGAAATGGCAGAGCTGGCTAAAAAATACAACTGCCCGTTGGTAGCCAAAGCGGCTAACCTGGCAGATTTGGCTGACCTTAGCGTCAAGCTTCAATCACTGGGAATAAAAGATATTGTGCTTGACAGCTCTGCCGAAAATTTAAAACAGGCCTTATCTGACAATGTTGCCATAAGGCGCTCAGCCATTTTGAAAAAATTCCGCCCCATGGGTTTTCCGGTCATCAATTTCCCCGGCCAGATGACCCAAGACCCCATGAAAGAATCACTGTTTGCCGGCATACTGACTGCCAAATACGCCGGTATACTGGTGCTGTCTGACTTTAGCGGCGAAACCCTGTTCCCTTTGCTGGTAACTCGTATGAACCTTTACACTGACCCCCAGCGGCCTTTGGCTACTACCGAGGGTATTTATGAAATAAACAACCCGGATGCCAGTTCACCGGTCATACTCACCTGCAATTTTTCGCTGACATATTTTATTGTCTCCGGTGAGATGGAAAACAGCCGCGTACCCTGTTACCTGATGATAAAAGACACCGAAGGGCTTTCGGTCATGACCGCCTGGGCGGCAGGCAAATTCGGGGCGGATACCATTGGCAAATTTGTAAAAAACAGCGGTATTGCCGCTAAAATCAACCACCGCAAGCTGATTATACCGGGCTACGCCTCAATGGAAAGCGGTGGTCTGGAAGAAGAGCTGTCCGGCTGGGAGATAATGGTCGGCCCGCGTGAAGCCGCCCATATACCGGCCTATTTAAAGCAGTTTAAACCCTAACATAAACCGGAGGGTTAAATGATAAATTCAGGAGAAGGTTTCCGCCTGCCTGACCAGCGCAATTTTGAGCTGGCCACCCAGCGCACCCTTGAACTTAACCGCAGCCGTTTTCTGGCTACGCAGGATTTTAATAAGATATGCCAAAACTCAGGTGCGGTATTCCAGCCGCCCTTTATCCAGCTGGAATATTTCGGGTTTAAGGTAAAGGTAGACACCCGGAACGCAGCCGTAACCAGCCCTGATACAGACCTGTCCCTGCGTGAAGAAGCCCTGATACTGCATTACCTGCTAAAGGCAGACGGGACACCGGTTCTGCACGAACAGATAAGCTTTAAAGAACTGCCTGAGGGTGCCAACTACCAGCCTGTTTTCTATAACAGAGTGCTCAAAGGGCTGATAGCCCTTTATACCGCAGATAGGGCTAAACTGAGCTTATCCGCTCTGTCACTAGGCGGTGAAAAAACAGACCAGGCTGATATGAGTTTCTTATTTCAAGCCCTGCCCCGACTGCCCCTCTGGCTGGTATTCTGGCAGGGAGACGATGAATTCCCCCCGGAGGGCAATATTATTTTTGACCGCTCCATTTCACATTATCTGGATACTGAAGCCATTACCGAAATCTGCCAGAACCTTGGCCACAGGCTCAGCCAAAAAACCCCTTGAAGATATGCCGTCTGATAAATGCGTTGAAGCAGCCCAGTCCTGAGTATATAATTAGAACGAGGGAAATGAAATGCAAACTACCCAGATGATAAAGGTGCTTTTGGCAGATGACCACGTAATTGTGCGTGAGGGCACGCGTGAGCTTATCCAGCGCGAATCCGGCATGATGGTCGTCGGCGAAGCCTCAGACGGGGTTGAGGCAGTGGAAATGTCCATGAAGGTTCACCCTGACGTAGTTGTTATGGATATTGCCATGCCCCGCTTAAACGGGATTGAGGCCACCAAACAAATAAAACAGCTTTTGCCCACCACGGCCATACTTATACTTACCGTCTACGAATCTGAACAATACATTTTGGCCATACTGGAAGCAGGCGCAGCCGGCTTTCTGCTGAAAAATGTTAAAGGTACCCAGCTGCTGGAAGCTATCCGGGCTGTATATGCCGGAGAATCAGTACTTCAGCCCTCTACCACCCGCCGGGTTATTGACCAGCTGATTAACAAAGCCACTAAAACAGAAGAGGTTTCAGCCGTAAACCCGCTTACCGACCGCGAGATAGAAGTGCTTAAGATGGCTGCCCGGGGTGTCAGCAACAAAGATATAGCCGACCAGCTTTATTTATCCAACCGCACCATTCAGACCCATCTCTCCAATATTTTCAAAAAGTTATCCGTAGGGTCGCGGACTGAAGCTATTCTCTACGGGCTTAAACGCGGCTGGTTTATTATGGAAGATTTGCCCTAGAACTTGATATTACCCTATGAAAAAAGTATTTAGTTTCTTCTACAGCCAAATCCGCCGCCTGCCCAGATTATTTGCCAATGTGCATATCTGGATACTGATACTGCTGTTTACCGGCGGTTTTTTCCTGCATTACCCCCAGCTACTGCCCTTTATCGGCCAGATAGAACCTGATTCTTTTCTGTACCTGACCCGCCATTCGGTAGGACGGCTTATAATGCTGCTGCCGGTTACCTACACCGCTCTGGTATTTGGCTTAAGACCGGGACTTCTCTCCCTGGTACTGGCTATTGCTATTATTATTCCGAATATTTTCGTGACTGATACGGTCACCCCTGATGATATTATTGAAATTATCGGCATTATTATCATCGGGCTGGTAGTAAACCTCTGGCTGGAAAGCTATGAGACTGATAAAAAACACCGCCAGCAGGCTTACCTAAAAATGGAAACCGCCCAGCGCGAACTTCAGCGTATGCAGCAAAACCTGCGTTTTTATCTTAAACAAATCACTATAGCCCAGGAAGACGAACGCCGCCGTATTGCCCAGGAGCTGCACGATGATACCGCTCAGGACCTGATTGTCATATCACGAGCCATAGACCGCTTTGTTACCCAAAACCCCAATCTGGGCGAAGACAATCTGGCTGAACTGGAAGAGCTGCAGAACCACGTAAACCGCACCTTAAGTGAAGTCCGCCGTTTTGCCCAGGATTTACGGCCTTCGGTACTGGATGATTTGGGGTTGATTCCGGCTTTGGAATGGCTGATACCTGACCTTTCAAAGCACTTCGGCATAAATATTGATATAGATGTAAACGGGGAAATCCGCCGTTTTGCCCCCGAAACCGAACTGGTGTTATTCCGTATAGTCCAGGAGTCATTGCGTAACGTAGGCAAGCACGCTCAGGCAACCAAAGCCTGGGTTTATATAGACTTCGGCAAATACAAAGCCACCCTGACCATAAAAGATAACGGCAGGGGGTTTTTGCTGCCGGAACGGGTGGGAGATTTGGCCGCTCTGGGCAAACTGGGACTGACCGGTATGCAGGAACGGGCACAGCTTATTGGCGGGCGGCTCTCCATCCAGTCCAAACCGGAGGTAGGTACCATGGTAACAGTAGCCGTACCAAATTCCGGCAACCTGGAGGATAATGAGGTTTAAAGCCTGATGCCAGTTTCAGGCCGCCTTGACAGCAAATGAACCTCAAAGTAGTATTAAAAGAGACAGGAATATACACTAAGGAGAAACAAGATGGTAATGGAAATAACCGACCAGAGTTTTGCGGCCGAGGTACTAAAATCAGATAAGCCCGTGCTGGTAGATTTTTGGGCACCGTGGTGCGGCCCCTGCCGCATGGTAGCCCCCATA
NZ_CP141531.1_gap12	362481	365993	3512	CCGTAAACAAACTGGTAGACCCGGCCGCCCTTAAACCCTGCCCGCTCAAAAATGGCAATTACCCTGCCCATATAGGCTACCGGATGAAAAGCATTAGGCGGGTCTCCAAAAACCAAATCAATAATGAGCGCCAGCAGGAATATAAAAAGGACTTCCAACCTAATGCCCTTTTCTGCTGGCCATACGCTTGGTCAGGGCTTCTTTTATAGCCAGGGTCACACTCCGCCCCATCAGTTCGCCCAGCAAAGTATGCCCGCCCACGTAGGTTGCCTTGTCACCTGTGCCGGAAACTGCCACTATCTGGTCAGTGCCGGTGCCGCTGGCTTTTAGGCCGGGGGTATAAGCACTCATGACACCCAGTTCATCCAAAGCAATAGTCTTTGCCTCGGTAGCGGTTATAAAACAGGAAGCCAGAGCAGACTGCGGCAGGCTTTCGCTGGTAAGAATAATAGTATTTATAGTGCCGAAGGGTTTGAACTTGCCGTTACGGTCAATACCCGAAGACTTATCCTGCCCAATGCGTAAGGCATTAGACTCCACCCCGGCAGTAGCCAGAACCGCCACCCACAAATCACCCTGTTTTTCTTCATGGAAGGCCAGATGGTCCATGGTAACCCCGGTGGATAAAACCAGCACTTTGGAAAGGGGAATGCCGATAGCACTCAGGGCTTTGGAAAAAACCTGACGGTAATAGCCATTCCAGCTTAATTTATCATTATGCAGACGCGGCCAGATAGCATCCGGCAGATAAATATTGCAGACTGCCTTGACCTTGCGGTAACCCTGCCTGCCGGAAAGTGCCTGCCGTTCTTCGGGAAAAGTAATCACTAAAGCATTGGCGGGAACACCCCAGACCTCATGCTCAATAACCTCGGCCTTTATGCCGTGAAATTCGGCAACTGTCCGGATATTTACCTGCTCAGCGGGCACCCGTGCCTCCCTTTTCGCCGTTTGCACAGCGGGTATTACCTAAACGCGGCAGTACCGCCGGAAGTCCGCTTAGGGGATGAGTATGGACATAACTGCCGGGGCCGTAAACACGGCTGATATTTTCAGTGGTTATTACCTCGGCCGGACTGCCGTCTGCATGAATGCCGTTGTGATCAATAAGTATCAGCCTTTCACAATAATGGGCAGCCAGATTAAGGTCGTGCAAGGCGGCAATTACGGTAATATTCCGTTCGCGGCACTCTGATTTTATAAGGTCAAGTACCTCTATCTGGCGGCCTATATCCAGGTTGGAAGTAGGCTCATCCAGCAAAATAGCCTCGGTTTTCTGGCATAAAGAACGGGCAATGACTACACTTTGTATTTCACCGCCCGACAGTTCGCCTATTTGTCTTTCAGCCAGATGCAGTACCCCTGCCCTCTCCATAGCCTCCCAGGCAATGGCAATATCCTTGCGGCTTTCATATTGAAACGTTCCCATATGAGGGTTTCGACCCATCAGGACAATCTCAAAAGCGGTAAAAGCGCTGGGAAGTACCGGTATCTGAGGCACAACCCCTACCATTTTAGCCAGCTCCAGGCGGGGGATAGTACGCGAATCACGCCCGTTTATGTAAATATGCCCCAGACGCGGCTCTATAACTCTGGCCAAAGATTTTATCAGGGTAGACTTGCCTGAACCATTCGGCCCTACCAAACCTATCATTTCACCGGGCATGGTTTTAAAGCTGACATTCCTTAAAACATCAACCGCACCATAGGCCAGGGTTATATCCCGGACTTCAAGTTCAAACATTTTTCATATACCTAAAAGAGCATTCGGGTGCGTTTTCTAAGCAAATACAGGAAAAAGGGCGCACCCACCAGTGCCGTAATAGCCCCCACCGGGATTTCATTGGGAGCAACCAAAGTACGGGAGGCAATGTCAGCCATTATCATAAATACCGCCCCCACCAGAGCCGAAAGAGGCAGCAGGAAACGGTAATCCGCCCCCCAGATTAGTCTCACGGCGTGGGGAACTATAATACCCACAAAACCGATAATACCCACAAAAGATACCGCTGCCGCTGTTATCAGGGTAGCTGCCGTAAGGAGGAAGATTTTCATCCGTTCCACATCCACCCCCAGTTCCTGAGCCTGCTCTTCACCCAGCTGAATAAGGTTCAGCGAACGGGCAAATAAAAGTATAACTATAGTACCTATGATTACAATAGGTACAACTATTTTTACACTGTCCCAGGCAGCCATAGAAAAACTGCCCATCAGCCAGAACATAACAGAGTGAATCTTGTCGCCGCTGACCGTAATTAAATACGATACAACAGCCGTAAGGAATGAGCCCAGTGCCACACCAGCCAGTATCAAAGTGGTAACCGTAAGGCGGTTTCCCACCCTGGCCAGCATATACACAACACCTACCGCCCCGAACGCCCCCACAAAGGCAAACAGCGGGGTTGCAAAAATACCCAGTATATCAAAACCGATACCCAGTATCAGCCCCAGTACAGCGCCTACCGCCGCCCCTTGGGCCACACCGATAAGATACGGGTCTGCCAGAGGGTTACGGAAAAGCCCCTGATATGTAGCCCCGGCCACAGCCAAAGCCATACCCACCACTCCGGCCAGCAGGACTCTGGGCAAACGGATATCCCAAATAATAGTCTGGGTATTTACAGTCCAGTCAGGGCTGATATGTATAAAGGGGATTTTTGAAATTATAATGGATATAGTGGTAAAAAACGGCACTTCAACCGAGCCGAATGAAATAGCAAAGATTGCCGCCAGCAGCAGCAATCCAAGCAACCCGAGCATTGCATAAAGCCTGCCCTGCCAGTGAGGGTGCAGACCGCCGGGTACTGCCGGGCTGTTTTCTTTATTCAGACTTGTATTAACACCCATTCTTACCTGCAAAACTGTGGGGCAGGTATATACCTGCCCCACCCGAATTCTTTATCCGCTGAAAGCCCCGAATATTTCAGGGTGGAGCATCTGGGCCAGCTGCTCCAGAGCATCTACAATCCGCGGGCCGGTACGGCCGATAAGGTCTGTATTGATACTATATATATAGCCGTTTATTCTGGCATCAATAGCCGCCAGACGGGGCTCATCCTGCATAAAAATCAGCGGCGCATCCGCCCCTGAGCCCATACCGGTACCCACCACTATCACCTGGGGATTAGCCCCGAGTACTGTTTCCAAACTAATGGTAGGATAAGCTTCTACAGAATCAGCAGTAATACTAACGCCTCCGGCAGCAGTAATCAAGCCGGTTATAAAGGCAGTAGAACCAACACTCATAAGAGGTTCATGCCAGACAATGTATAAAACACGCGGTTTCTGACTGTCAGACAGGTTTTTGACCTTGGCTGTTACCGCATCTATACGGGTTTGCATCCCGTCTACCAGCGAATTGGCTTTTTCAACCTGATTAAGGCATTTGCCGATAAGCTCAATAGATGAGATTACTTCTTCCAGGTTATCCGGGCTGATAGCTATCACAGTCAGACCCAACTGTTCAAGCTGAGGGATAACGGTAGACTCATGAAGATTGGAGGCCAGAATAA
NZ_CP141531.1_gap13	367034	370437	3403	GTTTTCCAGCAGAAGCTTATGCCTGGGGAAAATACGTTCCCGGTAAACTGCTTCCAGTACATCCAGCAGTTTATGCGGGTCTGATTCGTAGTAGACCCGGGCACCGGTTTCCTTGTCCACCATGGCAATAATCTTGTCCAGATGGTCAGCAATACCGCCGCTCCCCCGCAACACGCCTATAACCTTGCCTTCGTCATAAGCTATGGCAAACTCACCCAGAGTGCCGGAGCGCCCCCCGGCAAATATTACTACGTCACAGCTGCGGATATTTTCAATCTCCCGTCCCATCAGACCTGAGCCGGTATAGATAATGGCGTCATATCCGCGGGTGGGAGAATGGTATTTTTCTACGTGTTCTTCCAGATTGAGGGCCGGGGAAATGCCTACTACTACTCCGCCTTCTTCCTTAGCCCCCAGCACAGTTTCATGGGGCATACCGGGACAGGCACCGGTAATAAGTACATGTTTACGCTTGGCTATGCACTCACCCAGACAACGCAGATTTTTTTTGGTTTCATCAGACATTGCCCCGCCGGCAGAACCCATAACCCCTATTGTCATCTGGGGAAAAGGCGGAATCAGCTTGGTTGGTTTTATCATTACGCTCGCTTCTCTCTTGTAAGGTTTAAGGATATATAACTGCAAACCATTTTACCCTAATAAACGGGTTTATCTCAATCAATAAAACAGCCGCAGACTCAAAAACTGCGGCTGTTAAAACCAGTATCCTAGCTAATAAATCAGTTTTTCTTTCGGGCAACTACGGCAATTTCAGGTGAAGTTTCGCAGTAAACCTTCCCGGCAACATCTGAAAATACACCTGTTACCTCAAACCCGTTTTCAGCTAGCTCGTCTTTCAGCTCTGCGGAGGAAAAATACTTCAGCCAGTTGAAGACCTGCCACTCCCTATCCGCCTCTATAATAGTGTATTTATCCAGTATCACTTTTTCTAGCGGATATTTAAAAGTGTTAATAAAGCCGAAATAATCATGTCCTGACCAGAAGCCATCCATCAAGCGGCGTCCGTAAGCTGCACTTTCCGCCCGCCCTTCGTAAGCTGAAAGAGAAAATACATCCAGCAATATCTGCCCGCCATCTTTCAGGCATTTCCGCCAGACCGAAAGAAGCCGGCAACGCTGGGCCGGGCTAAGCGCGCAGTAATCACAATAGATAAGAGTTACCAGGTCAAAATTATCCGGGGCAGCAAACTCCAGATAATTTTGCTCTATATAATTGATATCCAGATGATGGGCAGATGCGGATTCACGGGCATAAGCTATAGAGCGGTTTGAAAAATCTATACCTGTCACATCTGCACCCGCAGCCGCCAAACGGCTGGTATAAAGCCCCGGCCCGCAGCCGAAATCACAGACCCGCTTGCCGTCACCCAAACCAAAATATTCTGCTATCCAGCGGGCAGATTTTTCAATAAAGGCTGCTTTGCGTGATGCAGGCTCAATATCCGGGTTGAGGTGAAACTCCAGCATACGGGAGGAGATATGAGGGTCATTCCAGAGTACAGGCGCACTGTACTGCTGATATAACTCAGGCTTATTATTTATATCTGCCAGTTTTTTAAACACAAACTTCCCCTTTTATTTTAAAAAATGGAAAACCGGGCACTTAAACCCCTGACGTTCGGGAAGTATTTAGCAGATCATAATACAATATGATATAAAGAGATAACAGTATTCGTCAAGGAGTATGAAATGGACACACTTGAAGCAATATTCAGCCGCCGAAGCACCCGCCACTATCAAAACGGAGATGTAAGCCCCTCCGAACTGGATACCCTTTTGAGGGCAGGCATGGCCGCCCCTTCCGCCGGAAACCAGCAAGTCTGGCATTTTGTAGTTATAGATGAACGCCGCATACTTGATAAAATACCCGACATTCACCCCTACTCTAAAATGCTGAAAGAAGCCCCCATGGCTATTATGGTCTGCGCAGATACAAGCGCCGAAACCAAACCCGGTTACTGGATACAGGACTGCGCTGCCGCCAGCCAGAACATCCTGCTGGCAGCCGAAGCTTTGGGCTTAGGTGCCTGCTGGCTGGGGCTGCACCCCCGTGAGGAACGGAAAGAGGGCATCTCTCAGCTTTTAAACCTTCCGGCCAATATCTCTCCGCTTAGCCTTATAGCCATTGGAAAGAAGGGGGAGGTAAAACCTCCGGCCGGGCGATATTTGGAAAGCCATATACACAAAAACGGCTGGCAGGTTTAGACCAGATTTGAAAAAGAGTCCGCTAAACGTTAAAATTAAACGCCATGTCAAATACAAAATCAGATAGTTTATGTATAAATGCCCTGCGCTTTCTTGCGGTAGACGCCGTTCAGAAGGCAAATTCGGGGCATCCCGGAGCACCTATGGGTATGGCCGCTATGGCCTATGCCCTGTGGCAAAATTTCCTCAAGCATAACCCCCAAGACCCGGCCTGGCCTAACCGTGACCGTTTCATACTTTCTGCCGGTCATGCCTCAGCCTTGCTTTACTCACTTCTCCACCTTACCGGTTATGATTTGCCGCTGGATGAGCTTAAAAATTTCCGCCAGTGGGGCAGTAAAACCCCGGGACACCCGGAATACGGACTGACCCCCGGCGTTGAGATGACTACCGGCCCGCTTGGGCAGGGTTTTGCCAGCGGTGTGGGTATGGCTATGGCCGAAGCCCATCTGGCTGCCGTTTTTAACCAGCCGGATTGCAAAATAATAGACCATTATACCTACGGCATAGTCTCTGACGGGGATTTGATGGAGGGCGTGGCCTCGGAAGCCGCCTCTCTGGCCGGTCATCTGGCACTGGGTAAGCTGATTTACCTGTATGACGATAATGAAATATCTATTGAAGGTTCAACAGAGCTGGCTTTTACCGAAAATACGGCTCTGCGTTTTGAAAGTTACGGCTGGCAGGTAATTGGCCCGGTAGACGGGCTTAACCCTGAGGCAGTTTCTGCGGCTATCAAAGAAGCCCAGTCAGATTCCGCCCGCCCCAGCCTGATTATCTGTAAAACAGTTATCGGTTTTGGCAGCCCGAACAAGGCCGGCAAGGCCTCTGCCCATGGTGAGCCGCTGGGAACAGACGAAGTGGCCAAAAGCCGCAAATCTTTAGGGTGGGATTACGAGCCTTTTGTAATACCGCCTGAAGCTCTGGCGGAATTCCGCATGGCACTGGATAAAGGCAAAACTGCCCAGCAGGTCTGGCAATCCAAGCTGGACTACTATGCAAGCCGTTATCCCGAAAAAGCCGCCCTTTTGCAGGACAGGCTTTCTGGTAAGCTGCCAGACAACTGGGATAATGAGCTGGATAAACTTTTTGACAAGGCTATGGCCAGCCGCGAGGCTTCCGGTTTGATTATAAATACACTGGCTTCTCGCCTGCCCGCCCTTATGGGCGGTTCGGCA
NZ_CP141531.1_gap14	522272	527117	4845	TTATTTCTTAGTTGCACCGCGTTTTTGTCCACGCCCTGCCACAGTCTTGCGCGGGCCACGACGAGTACGCGCGTTAGTTTTAGTGCGCTGGCCACGTACCGGCAAATTGTGCTTATGGCGATTACCACGGTAACAGCCAATATCAATAAGCCTCTTGATATTGAGGGCGATTTCTTTGCGAAGATCCCCTTCTACCCGATACTCTTTATCAATAATTTCCCTAAGGCGGTTGATTTCCTCATCGGTCAGTTTATTGACCCGAATCGCTTTATCCACACCCGCCTGAGCAAGTACTTTCTCACTGCGAGCAGGGCCTATGCCGAATATATACTGCAAAGAGAAATAAACCTGCTTGTTATCGGGTATATCTGTACCCGCTATGCGAACCATAATGCCTCCTTAACCCTGCCTCTGTTTATGTTTGGGGTTGGTGCAAATATTTCTAACCACCCCGTTACGTTTCACTATTTTGCACTTTTCGCACATTGTCTTTACCGAAGCTCTAACCTTCATTTACTGTTCTCCTGTATCCTTCCCAAACCTATGACTTGAATCGGTATGTAACCCGGCCGCGGGTCAAGTCATAGGGAGATAACTCCACCAGTACTCTGTCTCCGGGCAAAATCCTTATGTAATGTACCCGCATCTTGCCCGAAATATGCGCCAAGACTTCATGCCCGTTTGAAAGCTGAACACGAAAAGCGGCGCTGGGCAAAGCCTCCAGCACTGTCGCTTCAACTTCTATTGCATCTTTTTTAGGCATAAATCCCCGCTATCCTTCTATCACGGTGAGTATTTCCGGCTCACCATCGGTAATGGCAACTGTATGTTCAAAATGAGCCGACAAACTGCCATCCGCAGTATACACTGTCCAGCAGTCAGGGGCTACTCTTGTCTTTTCAGTGCCCAGATTTAACATTGGCTCTATAGCCAGTGTCATACCCTTTTTTAATTCCGGGCCTTTACCCCGGCGGCCAAAGTTCGGTATCTGGGGGTCTTCGTGCATATCCCGGCCTATACCGTGTCCGGTATAATCCCTGACTACCCCATACCCTCTGCTTTGGGCATATTCCTCAACTACCGCACCTATGTCACCCAGATGCCCGCCTGCCCTGGCTTGAGCAATCCCGGCCACCAGTGAGGCCTGAGTAGCAGATAAAAGCCGCGTGGCCGCAGGAGATATTTCACCCACCCCCACTGTCACAGCCATATCCGCCTGGAATCCTTCTAATATATTGCCTATATCCAGCGATATTATGTCGCCTTCTTTTAATACCCGGCCACCGGGTATGCCGTGAACAATCTCTTCGTTTACAGACGCACAAAGACTGGCCGGGAAGCCCTGGTAACCTTTGAACGAAGGAGTTGTCCCCCTGCGCCGCAGTTCCCTCTCGGCTATCTCGTCCAGCTCCCGGGTAGTTATCCCCGGTCTGACATTCTTCTTAACTTCTTCTAAAGCAGCTGCCAGTATATGACCGGCCCGCCGCATTATAGCAATCTCTTTTTCGGTTTTCAGTATTATGGTCATAAACCGGTTATTTACCGCACTTTATAGCTGATACAATCCGCTTGGTCACCTCTGTTATCTCAGCCATACCATCAATCTCACTCAGCTTTCCCTTTGAGCGATAGTACTCAATAAGCGGTGCCGTTTTGCTAAAGTACACCTTGAGCCTTTCCTTTACGGTTTCGGGTGTGTCATCAGGGCGCTGATACAGCTCACCCTGACAGCGGCTGCACTTCCCCTCGGCTACCTCAGCACAGCCACACTGATAAGGTGACTGACAGCTCCGGCAAACCCAGCGCCCGCTTAAGCGCCGGACCAGCTCATCTTCCGGCACATTTATATATATTACTCTGCCGATTCCCTCTCCCTGCTTTACCAGCGCCTCATCCAGCGCCTCGGCCTGACGTAGGCTCCGGGGGAATCCGTCCAGAATAATCCCGCTAACATCTTTCAAGCCAGCAAGGTGCTTAAGGACTACACTAATGGTAATCTCATCCGGCACCAGCTCGCCCCGTTCCATATAGGACTTAACCGTATCACCCAGCTCGTCACCGCACTCTATAGCCTTGCGGAATAAATCACCGGTAGCCATATGCGCCAGCCTAAGCTCTTTAGCGACTACTTCACCTTGTGTGCCTTTACCCGAACCCGGGGCGCCAAGGAAAATAACATTATACACTATTCTTGCCTACTTAATAAAGCCCTCGTAACGCCGCATTACAAGCTGCGCCTCGAGCTGTTTCATAGTATCCAGAGCTACACCGACCACAATCAGCATACCGAAGCTGGATAGCTGAATAACCTGTATGCCGGTAACCTCACGGGCAATGAAAGGCATAATAGCTACAAACCCCAGGAATAACGCACCAGCCCAGGTAATCCGGCCGATAACACCGCTTAAGTACTGGTCAGTCATCTTGCCGGGACGAATGCCGGGTACAAAACCGCCCTGCCTTTGAAGAGTGCCGGGTATATCCTGCTGTTCAAAGGTCACCATAGTATAGAAGAAGGCAAAGATTATAGTCATAAAGAAGTAAAGACCCCAGTATACCAGCCCTCCAGGCATGGAGGCGCTGGAACTGAAGATATTATAAATAGTATTCCAGAAGTTAGGGTCTTCAGTTGAGCCTGCCATAAAATAACTGGCCACCAGACCGGGCAGCATCACCAGAGCAGACGCAAAGATAAGGGGTATCATACCGGCAGAGTTAACCCGCAGGGGTATATGGCTCTCACCGCCGCGGCGGTACATCTTGCCGCTGCGGATAACAGTCTGGGCATACTGAACAGGTATCCTGCGGTGTGCCTCAGTAAAGATAACTATCAGAACTGTGGTCAAAAGAGCCATAATAGCATATACAGCCAAACCGGCAAACTGGTCAGAGGCCATCAGGCCGCGCCCAATCGTATCCGGCAGACCGGCTACGATACCGGCGAATATAATCAGCGAAATACCGTTGCCGATACCATAATTGGTAATCTGTTCACCCAGCCAGACCATAAACATGGTGCCGGCCACAATGGACAAAACTATGGCAACTGCCGCCAAAGGTTCAGTCTGAGCTACCGCCCCTTCTCTTTGCAGAAGAAGCAACTGGCTGTAACCGGCTAAAGCCGCTGTCGGCACTGCCAGCCAGTGAGTAATAGTATTGATTTTATTGCGTCCGGCATCTCCCTCTTTTGAAAGGGCGGTAAGTTTGGGGATAACGGGCGTAAGCAAAGTCATGATGATGGATGCGGTAATGTAGGGATAAACACCCAGAGCCGCCACGCTGAAGTACCGCATAGCACCGCCGGAAAACAAATCCAGCATACCCAAAGCTCCGTTCTGGTCGAACAAATCCTGCAGGGCAGCTGAATCAACGCCAGGAAGCGGCACATGAGCAATAAAACGTGCCGCAACCAATATTCCCAAAGTAATAAGTAACCGACGCCTTAAATCAGGCAAGCTGAAAGCGTCAATCATCGCCTGCAAGAGGCGTGGTCTACTCGATTTCTGCCGCATAATCTATTTCCTGTACCTTACCGCCAGCAGCTTCAATCTGAGCTTTGGCTGCCTGCGAAAATTTATGGGCGCTTACTTCCAGAGCCCGGTCAATATGCCCGGCTGCAAGTATTTTTACCGGCTTTACAAAATTCCTTATTAAGCCTGCCGCCAGCATGGTCTCAGGAGTGACCTCGGTGCCAGCTTCAAATATGTTCAGTTGTTCAATATTTACTACAGTGTATTCAATCCGGAAAGGATTAAAGAAACCGCGTTTCCGGGGAAGACGCAGATATATGGGCAACTGGCCGCCTTCAAAACCGGGGCGGGTCGCTCCGCCTGAACGGGCTTTTTGCCCTTTCATTCCGCGTCCCGAATAGTTACCCCTTCCGGCGTCACCGCGGCCTACCCGCTTGCGGTCTTTTTTAGAACCAGGGGCTGGAGAAAGTTCATTCAATCTCACTTAGGTCACCTCTTCCAGAACAACAAGATGCCTTACCTTGAGTATCATGCCGCGTATAGCAGCAGAATCATCCTGTATAACACTCTGATTTAATTTTTTAAAACCAAGCGCCTTGATAGTGGCCGCCTGATCAAATTTATAACCGATAGCACTTTTTACCCAGGTAATCTTAATCTTAGCCACCAGCAGCCTCCTCTTTCAAAGAAGAGCGCCGTTTGGTAACCGTAGTTTTGGGATCCCGCATGGCAGTCAGCCCGCCCAGAGTAGCCTTGGCAACATTAGCCTTGTTACTGCAACCCATAGACTTGGTCAGAATATCTTTAATGCCGGTGGATTCCAATACTGCCCTGACACTGCCGCCGGCAATGATACCGGTACCGGGAGCAGCCGGCTTCAGCAAAACCTGAGCGGCGCCGTATTTAAAAACTATTTCGTGGGGGACGGTAGTCCCGTTTAGAAGTATACGGGAAAGATTGCGCTTGGCATTGGCACTGGCTTTGGATATAGCCGAAGGAACTTCCTTGGCCTTGCCTACGCCGATACCTACATGATTTTTACCGTCTCCGGTTACCACCAGAGCCGCAAAACCCATGCGCTTACCGCCTTTAACCACCTTGGTCACGCGGTTAATAAATATAAGCTTGTCATTCAGTTCAAGCTCAGAAGGATCGATTCTTTCTACCTTAGCTAACACGTCTTTTCCATCCTCCTTAGAATTTCAGGCCGCCGGAGCGGGCAGCCTCAGCCAAAGCCTTAACCCGGCCATGATATTTGTAACCGCCGCGGTCAAAAACTACTTCTGAAATGCCGGCTTCAAGAGACCGTTTCGCAATCAAGTTGCCTATAACAACTGCCTGTTCGGTTTTAGTTTTACCGTCCAGCTCAGCCTTC
NZ_CP141531.1_gap15	586212	587301	1089	CAGCCGGATGGACCCCTGGTGGTGGCTGGTAGCCGGTGTTTTTGTCCTGACCGGCGGCCTTATGCTGTTTCAGCCTGACCCTTTTCTGGATATTTTCAAATACGTATGGGTAGGTATCGGCATAACGGTCCTGGTGGCTGTTGTATCTTATTTCCTGATGCTTATCCTGGGTATGTTCGGCGCTTTAGGGCGTTTATCTAAAAACACCATTTTGCGCGGACTGGCTACATTTTATGTTGAAATAGTACGCGGCATTCCTTTGCTGGTGCAGCTTATCTGGTGGTATTTCGCCTTCCCGGTCATAATTCAAAGCATAGGGCAAGGCCTGAATTTCGGGCCTATGATGAATTATCAGGCTAACCCCATTGTGATGGCTATCTGGGGTATGACCTTCTGCTACGGGGCATACATGAGCGAAATCTACCGGGCGGGTATCCAGAGCATACCCAAAGGGCAAATGGAAGCTGCCCGCAGCCTTGGCATGAGCCATACCCAGGCCATGAGGTATGTGATACTGCCGCAGGCACTCAGGGTGGTGCTGCCCCCTATGGGCAACGAATTTATCGCCCTTCTCAAGGATACTTCTTTGGTATCCACGGTAGCCGTAGCTGACATGGTAAGGCTGGGGCGTGAATTTACCGCAACCAATTTCAATCCTATTGAAGTCTGGACTATGATTGGCCTGCTCTACCTGATACTGACACTCCTGTCCAGCCGTCTGATAAACTACATAGAAAAGAAAACTGCGTTTTCAAGATAATGAATAAAAAACAGACCGCAGCCGAACAACCTATTATCAAGATTGAAAACGTCCAGAAGCATTTTGGACGGGTAAAGGCCCTGCGCGGGGTCAGCCTTGATATCAAACGGGGCGAAGTAGTGGTGATTATCGGCCCTTCGGGTTCGGGTAAATCTACCCTGCTGAGGTGCATAAACCGGCTGGAAGAATATGACTCCGGCAAAATAACCGTAGACGGCATCCCCCTGGACAGCACCGAAAATATCAATCATGTCCGCCGTGAGGTAGGCATGGTTTTTCAGTCATTCAACCTCTTTTCCCACCTGAAGGTCATTGATAATATCACCCTT
NZ_CP141531.1_gap16	693706	694315	609	CATTAGAGTTTACTTATGAAGAGGGGAAACCTAGCATAAAGCATAAAAACGAAGGGTTTTTCTGAAAAAGAGGCTAACACGGGTATTTACCCGTTGCCAAGATAATAACCCAAACCATACTTAGTCAGTATCAAATCAGGCTGGTTCAACGATGAATAAAGCTTCTCTCTCAACTGATTAACCAGCACCCGTATTGCTTTATGGCAACCCGGATATTCATCACCCCAGATGGCCAAGGCAAGGCTTCGGTAGGTAACATAATTCGGCCGCTGATTAGCCAGATAAAGGAAGATGATATTTTCAGTAGGTGAAAGCTTAAGTTCAAGACCTTTAGAATCTATTTTGTTCAGGGCGGGATAGTAGGTCAGGTTACCTATAGCGTATACTTCACCCTCCGAAGGATGTGACCGCTTTAAAACATTTTTTACCCTGGAGATTAGTTCCATTTGGCGGAAAGGTTTGCTGATAAACTCGTCAGCACCCTTGCTGAGTGCCACTACCACATCCATCTCATCTTTTTTTACAGTCAGCACTATAACGGGCACCTTGGAAAAGCGGCGTATTTCCTGCAGGACTTCTATACCGCTCATATCCGGCAGACCCAGGTCA
NZ_CP141531.1_gap17	695676	698311	2635	ATACGTAACCATTGAGATAATGGACGAAGGCACAGGTATTTCAGAAGATGACCTGCATAAACTATTTAAACCGTATGTACTTACCAAATCAGATGGACTGGGCTTAGGTTTGGCCTTATCCAAGAAGATTATTGAACTCCATAACGGTAAAATACGGGTTAAAAGCATCAAAAATACAGGCAGCAAATTCTCAATCATACTGCCTGCCAATAATACGGACTGACAAATGGAACGAATACTTATTGTTGAAGATGACTTTAAAACCGCTGATGCGTTTGTCTCTATTTTCAAGTTAACATGGCCGAACGCGGAAATCTTTACAGCTCAGACTGGCTGGGAGGGAATTAGATTATTAGAAGAATACTCCCCTCATATAATTATTCTGGATATCGGGTTGCCAGATATCAACGGATTTGAAGTAATTTCAGAAATAAGGCATTTTACTGATATTCCTATAATGGTTATTACCGCCCGCACCGATGAACTAGATGTTGTAAAAGCCCTAGAATTAGGAGCAAATGATTTTATTAGCAAACCACCCCGCAAAATGGAACTCATTGCCAGAATAAAAGCTTTAATCCGCAAGAAAAGTGTTGATGATCTTAGCTTTGGCAATATCAATTTTGATAAAATTCAAAGAACAATCCATATTAATAACAGCAAAGTTGACCTGAGTGTTTACGAAAGCCTCCTATTTGAAAAACTTATTCTTGCAGCACCTAATACAGCCACTTATACTCAACTCACTGAACACCTATGGGGAGAAGACAACGAAGAAAATATAAAGAAATTGAAGGTCCATATACAATACCTTAGAACTAAGATAGAGAAATCTACAGGTAATTCCTCAGTTATAATAAACAGATCTGGCTTAGGTTATTTTCTAAGAAATCCGTAGCTAAGAGTACGCTAGGAAAATATAAGGGGAGAAACCGGCAAGTTTCTCCCCTTATGAATATATTCAGTTGCTTAAACTAAGGCCGTTTAGCTCTTCTGGCTAATAGTTGCCAGACAACTGCCAGCAGGATAACGGCAGGTAAACCTGTAACCAACAAGAACATATAGGATGCCTGAGGCTCTCCTTCGGCTACAGATGCAAAATAATTTTGAACAGTAAAAAGTAACATAGACAAACCTGCAAGACCAATGACCCAGTCATACCATTGCAAGCTTGTATTACTCTTTTTAGACCACCAGACTAATCCCAAAGCGATTATACCTAGCAGAATACCCAGTAATAACCACATATCAAACTCTCCTTTCGTCTTTCTTAATACCCACCGTAGTAAGAACCTATGGTGCTATCCTGACCGAGTACCGGATAATCTTTATCCCACCATTCTTCCCATTTCTCCGGAGGCACCAGCCCATAACCAAACGCTTTATCCGCATTCCAGAGAAAACCGTTAAAGAGACCGGTGGTACCCACAGTAGCCCGAACCACGTCATGCACCATGGCTTTCATATTGGTATTAAACACACAAGTACCCATACACCGGGCACAACCATGCAGGCCGATCCATCTTGAATAACAGGCAGGGGAATCTGTGTGGAATACTTTCTTACCTGGAGTAGAGTATTTAGTTTCCTTAGCCGGGTCTACAGAAGACGGGGGTATTTCCCAACTAGGCTCACTATCAAAAGAGATAGCCTGAGAGGGACAGGCTTCCGCGCATTTACGGCAGGTATGACAAAAACGGAAATAGCCCGCATCTATAGGTTTATCTGGAGCCAGCGGCAGGTCAGTAAGAATACTGTAGTAGCCAACCACCGTTCCGAATTCCGGGCTTATGCAATAGTTGTTATTCCGGGCCATTTCGGCAAAACCGGTGAGAATAGCATCCGCCTGAGATGGCATCATACCATGGAAAAGTGATTCGGAAGGATAGCCAATACCCTGATAACCGATACCCTTCAAAAACGACTGGGTAGCCACCTGTACCACATTGTTAAGACGATAACGCATATTATTGGCGGCAAAACGGATGCCGGCATTACCCTGGCGGTACATTTCTTTGCTCATTTGAATGGCAACGCTGATTATATAGAGCGGTTTATCTGGCAGGACAAATTTCTGACCGGCAACTTCGTATGCCCGGTCCACATCTTCAAATACGATAGGCGTATTATGAACATGGTGGGTGAAAATAAGCTTCTTGGTTTTCTCATTCAGCTCGGCAAACCGCACTTCGGAAGCCCCAAAGAAACGCATGGCCGAACGCAGCATACGGGAATTTTCTTCAGGTGTACCCTGCCACTTTGATACTCCCCAAAAGTCCGGCGGGGCAGAAGCTACCCAGAAAGACGAGGCATTAGGCCAAGCGGCGGCGGTAAAACCAAACTGGGCCAGCACCTCATTCTGGTCTATTTCAGGCAAAACAAAATTAACGACCTTGTTTAAGCCCATAAGTAACGGAGATGCGCCGCCCTCAAGTGCCATATCCCGAAGGGTAAGGCCAGGTTCATTATTCTTCACCCCGTTAAAAGCCAGGTCAGAACCTTCTTTCTGCCAGTCAAGGTATTTCTGGCCGGCAAAAAGATAGCCGCCTTTTACCCCGTTCCTTACACCGTGCATAGTCCACGAATTATCAGACCGCTCTATCTGATTCCAATCTACTTCACAGGTAGGATCTTC
NZ_CP141531.1_gap18	782229	785520	3291	GTTGACATATTTTCAGTTTACCTTCAGAATAGCTTTAAGATTATGCAGGGGAGGAAACTGGAAAATGTCTAAAAAAAGTTTTTCAAGCGATGAAGCCGAAGCAGTGGCCGAAATACTGGGCATCACCTTTGAGAAGTTTGATATAGAACAGTTCCGCATGGGCATGGACGTAGAGCTGGAACATGGCACCAGAGACCCCAAGACCAATGTCACCAATGATGACCCGGTAATGACCGGTAAAATAGCCCTGGCTCACCTGAATGAAATAGAAGATTATTATACCCGTCTGGCCAAAATGGAAGCTGAAGCAGGAGTGGAAGACTAAAGCAAGATGAGGTTTACAGAAGGGCATTTTAAAGGCTGTCAGGACTACAATTGCTACTATCAGGCCTTACTGCCAAACGGCAGCCCCAAGGCCATTGTACTGGTGGTACACGGCCTGGGAGAGCATTCCGGCCGTTACAGTGAGCTGGCCCATTATCTGGCAGACCGCAGTTATGCCGTTTATGCTTATGACCATTTCGGTCACGGCAAAACAGACGGCAAAGCCGGTTATGTATCCAGTTACGATGTATATATTTATGACCTTATCAGCGCTTTTAGCATGGTGCAGGCCAAACATCCCACTTCCAAAATATTCATCTTCGGCCACAGCATGGGCGGCCTGGTTACTGCAGCCTATGCCAGCAAGCACCAGTATGACGCCAGCGGCCTTATCTTTTCCAGCATAGCCCTCAAGCCTTATACCGGTATGCCGGGCATTTTAAACCAGCTGGTTAAACCCATTTCCAAAATAGCCCCCATGCTGGGAATACGTAAAATTGACGCCGCTACTATCAGCCATAATAAAGAGATAGTCAAGGCTTATGATGAAGACCCGCTGGTGCTTCACCAGCGGATGAGCGCCCAAATGGCCGCCGAATTTCTGCGTATCTGCCAGGATTTGCCTGATTTCCTGAAGAATATCAGCCTGCCCAGCCTGATTATCCACGGTGAGGAAGACCACCTGGTAAACATAAGCGGCAGCCGTGAGCTGGTGCAGAAAATAAGCTCCAAAGATAAGACCCTGATAACCTACCCCGGTATGTACCACGAGGTATTTAATGAGCCTGACTGCCCTCAGGTCTGGAATGACCTGTTTTTCTGGCTTGAAAACCATCTCTAAGCTCTGTCTGAGCCAAACGCCAAGCCGGATACACCAGTTAATTATTATAAATACAAAAAGGGGGCTAAAAAGCCCCCTTTAGTTTTTGCACCCGATATTTCCTGAAAGCTATATCTTCTTGCCCAGACGCAGCGCGCCGTAAGCAATAACCGCACCCATCAGGGCAGTAAAGAGCTGGGTCAAACCCATCATTCCGGCAATCTTGTCTGCCACATTCTGCTCAATAAATAGGTTGAGAACAAGATTGGAAGTAGCCCAAAGGAAAGCAAACTTCAAAAAGGCAGCCACACCTGCACCCAGCCAGAAGCCCTTGCTGCGGAGCGCGTGAAAACTGACCACCAGCAAAGCGTTACCGGCTATGATAAAGGGTACCATGGGAGCCATGACTATGGGCAAAAGACCGGTAGCCAAAGCAATGCTGCTGGAAATAAGGCCGATAGCCACTGCATTTTTCCAGCCCAGTATTACGGCGCTGATAAACAGAACCGCATTTACCAGCGAACCGGTCAGGTACTGATTACCTATCAGGGGAGCGGCGGTGGCCAGCCCCAGCATAACTAAAAAAGCAATAACAAGCTCTTTCCTAAGGCTGATACTCTGGATATTGAACATCTATTTTGTTCCTCCCGCGTATTGTTTTTATTACTTGCCCTTAAACTACCGGGCGACTGGTATATTCGGTATGCAGCAGTTTGTGAGAACGCTTGCCCAACGGCTTCTCCAGATAGTCTTTATATATCTTCTCTACAGACGGGTTGTGGTGGGAACACCTCTTGGCCATGTTTCTGTCTTCTTCGTAAAGGGCTTCGCCGCGCTTTTTCTTGAGACTGGAATCAAAGCGTATTGGCTGGCCGCCGCCGCCGACACAACCGCCGGGACAGGCCATGATTTCTATAAAGTGATAGGGCGAAACACCCTCTTTTATCTCATCAAGCAGGTGACGGGCATTTCCCAGCCCGTGAGCCACCGCTACTTTAACCTCTAACCCGTCAATATTAACGCTGGCGGTCTTAATGCCTTCCAGACCGCGCACCGGTTCTATGTCCAGGTTTTCCAGTTCACGCCCGGTTATCAGGGTGTAGGCACTGCGGATAGCCGCTTCCATAACACCGCCGGTAGCCCCGAAGATAGTGGCAGCACCGGTATAAAGACCCAGCAAGTCTTCGGCAGGCTCTTCGTCAAGCGACGCAAAATCCAGTCCGGCTTCTTTTATCATCCGGGCCAGCTCACGGGTAGTTAAGACATAATCCACGTCTTTAAAGCCGCTGTCATTCATTTCGGGCCGCTGGCACTCAAACTTCTTGGCCGTACAGGGCATGACCGAAACATTGATAATATCCTTGGGGTCTATGCCGGATTTTTCGGCATAATAGGTCTTGCAGACCGCCCCGAACATTTGCTGAGGGGACTTGGCGGAGGAAACGTTGGGCGCAAGTTCAGGATAATAGTGTTCCATAAACTTGACCCAGCCGGGGCAGCAGGAGGTTATCTGGGGAAGCACCCCGCCGTCCTTAACCCGTTCCACCAGTTCCGAGCCCTCTTCCATAATGGTCAGGTCAGCGGTAAAGTTGGTATCAAATACAGCGTCAAAACCCAGACGCCTTAAAGCGGCATACATCTTTTTGGCAACCAGCGTACCTGCCGGCAAGCCCAGCTCTTCACCCAGAGAAACCCTGACCGAAGGGGCTTCCTGAACAACTACGTGTTTAGTGGGGTCTGCTATGGCCGCCCAGACAGCATCCACCGCCGAGCGTTCCTTAATAGCACCCACCGGGCAGACCAGTATGCACTGGCCGCAGTTGGCACAGGCAACATTGCCCATACCCCTATCCATGGAGGTTGCCACCATGGTATCCGGGCCTTTATTTATAAAACCAATGGCATTTACTGTTTGTATATCGTGGCAGACGCGGACACACCGGCCGCAGGCAATACATTTATTGGGGTCACGGATAATACTGGGGCTGGTACTGTCTATAGGCAGCACCCGCTTTTCGCTTTCTTCAAAGCGCAGCTTTTTCACGCCGCATTCAAACGCCAGACGCAGCAAATCACAGTTCTGGTTACGCTCACAGTTAAAACAGTCCTGCGGGTGATTGGCCAGCAGGATTTCAAGTATGGTGCGG
NZ_CP141531.1_gap19	819960	823394	3434	ATTTACAGCGGCCGTCTGCCCCACAGCGTGGCAGTGGTAGCCGGCGGTGTTACTTCACACCCCAGCATAGACAGCATTTCAAACTTTATGAGCAAGCTGAATACCCTGCGCAACTTTATTGATAATGTATACATACCTGACGTTATTGCAGTAGCTGAGTCCTATCCTGATTACTTCGGTATCGGTGTGGGCTGCGGCAACCTGCTCAGCTATGGTGTGTTTGACCTTGAGGCCAGCGGCACTAATCTGGCTACCCGCCAGAGGCTGTTCACTCAGGGTGTGGTTTCCGCATCTGACCTGGCTCACCGCACCTTTGACCCCAGCAAGATTACCGAATCCATCAAATACAGCTGGTTCAAGGGTGATACTACTGAATATCCCCTGAACGAGGTAACCGAACCTGAATTTACCAAGGCTGACGGCTATTCCTGGCTTAAAGCCCCCCGCTACGATGGCACTCCCTACGAAGTAGGCCCTCTGGCCCGTATGGTAGTCAACTACGTATCCGGTGACCCCCTGGTTCAGCAGATGGTGAATGATACCCTTTCCCATTTCGGTGCCGGTCCGGCTGCCCTCTTCAGCACCCTCGGCAGACATGCCGCCCGTGCTCTGGAATGCAAGATTGTGGCTGACGAAATGGTCAAGTGGCTGATGGAACTCAAGATTGGCGAGCCGGTTATTGCTGATTATGAAATACCCGAAACTGCCGAAGGTATGGGCCTCTGGGAAGCCCCCCGCGGCGCTCTCGGCCACTGGATAAAGATTGAAAACCACAAAATAAGCAACTACCAGTGCGTAGTGCCCACCACCTGGAACTGTTCGCCCAAGGATAATCAGGGTGTTTACGGTCCGGTGGAGCAGGCGCTTATCGGTACTAAGGTACGTGATAATGACAATCCCTTTGAGCTGGTTCGTATTGTCCGCTCGTTTGACCCGTGTCTGGCTTGTGCCGTTCACCTGGTCTCTCCCACCGGCAACGAAATCAGCCGCTTCCGCGTATACTAAGTATGTTTTTTAATCCGGGGAGTGAATCTCCCAAACCTATATTGGTCCTGGGTACAGGCAATATACTCTTGAGTGATGAAGGTGCCGGGGTACGCTGCATAGAGCGGCTATCCCGGTTTCCTGTTCCTGAAGATGTGGAGCTGTATGACGGCGGCACCGCCGCCATGGATTTGCTGGACGTGATATCCAGGCGTGAAAGAATATTTATACTGGATGCGGTTCACGGCGGAGACGAACCCGGTATGATATACCGCTTCCGCCCCGAAGATATCAAAACCGAGCAGAAAATAGATATCTCTTTCCACCAGATGGGGCTGATGGAAATACTTAATCTGGCCAAATACCATGACGCCCTGCCAAAGGATATTATAATATACGGTATCCAGCCCGGCAGTATGGCACCGGGGTTTGAGCTTACCCCGGCAGTAGACAAGGCTGTAAACCGGGTGGTGGAAATGATGAAGGCAGAGCTGGACATCAAGTAACCCCGGCTATAAATACCGGACTTAAAAGGGCGGGCTTTTACCGCCCTTTTTTATTACCCAGATATGCTCAGGAAAGCCGTATATCGGCAATAATAGCCAGATGGTCTGAGGCCAGACTAAATACAGTATAAGAATCCAGATACTCTATATCAGGCGAAGCCCAGATATAATCTATTCTCTGGTATAAATCTGCCGCATGGTAAGTAAGAACCGAAGTCTGCCCCTCCAGGCTATCAGAAAAGCCTGCCTGCCGCAGTATAGCTATCTCCGCTGAATCCGGTTCGGCATTGAAATCACCCATTATTACCGTAGAGGGGGCATGGTGCCAAAAATCTGCCAGCTCCTCTGCCTGAATAACCCTCACCTCCCCTTCTTCGGGCACGTGGTGCAGATGGGTAGCCGCCAGGTACAGATACCTGACACCCAAATCCAGTACAGCGTTCAGATAGCCCCGTTTGATAGGCAGCCCTTCACTTTCCAGACTGACATTGTGGGTATCCAGTATGGGATATTTGGATAATATGGCATTCCCCCAGTATTCACCGACAGTAGCCCCAAAAGCGAAGTGCATATTCAGCCGCTGGGCAAGCCACTCCAGCATATCCACCCGCCCGCTTATCACCCAGCCGCGGGAAATTTCCTGTAAGGCCACCACATCCGCCCCGCTGTCTTCAATAACCCTGGCCAGAGCTTCCAAATCCAGCTTACCCTGGGTATTGAACCCGTTATGTAAATTATAAGTCATAATACGCAGAGTTCCGCTAAACTGAGGTGCAGCCGGAGGCGTTTTATAGGTAAGCAAACCTAAAAGGGGCAGCGTCAGGAGCAGTATGGACATAGCCGGCAAAATAAAGCGTTCACCCTTAAAATCCAGCAGAGGCAGACACTCCCGCCCCGAATACAAGCCCAAAACCACCACCATAAGCCCGGCCACAAGCTCTAAAACCGTATTATCATATGGCACAGCCACCTGATACACCGCATAATACCCCAGCAGGAGTATAACGAATAAAATCATACCCAGCCCGTTAGGCAAGTTCAGGCTTTCAGGCTGCCCCTCAGCCATTCTGCCGCCAATATAGCGGAGAATCACTCCGAACAGGAGTATCAATGCCAGCTGCCCCAGAAAATGCTGGGCAAGACTTATAGCCGCCACTCCGCCTGAAATACCGGTCAGGGAAAGTATCAAAAACAGGCTGGCAATCATGGACAGCAGCCTGATATGCCTTTGGTTGAGTGAAAACACCCAGAGTATGCCCACTAAACCCAGTGATAAAGCCCCCAGCACAAATAAAGAAGCAACCGGGCTGGAAAAACCGCTGAGGACAGACAGCCGGGCAATATTGCCGAAAATTACCAGTTCCAGAAACAAAAATGGGCCTATTACCAGCCAGCCCAAGCCATTGTTACTGGCAGCCGGCCCCTCTGACAGAGGCATATGCACACTAAGCAAAAATAGTATAAACGCCGCTATCACAGCACTAATCAGCAAGGGGAAAACCGAAGGCTGGTTTACCAGGTCATAAGTGCCAAATCCGGCAGACAAAGCGGCATTCAGCAGTAAGCCGAAGACAACCCCCGCCCCGAAATGCCCCACTGAAGATGCCCCCCGCACCCGGGCACTATCCAGATAAACCGCCAAAAAAACAGCAAAGAGAGACAGACCCAAAGCAGAGCAGATGAAGTTTATAAGAGGCTCGGCAAAGCCTATCTGGGCCAGCAGGCTAAGTATGGCCACTCCACCGGCACTGAAAATAATGGCTTTATAACTGCATAACAAACCGCGCAGGGGCTTAGCCAGAAAGGACAGACCGAAAATGACAAGGGCAATTAGTCCCAGCACCCCTGCCCCCTGTCCGAAGCGGTCACCCAGTATCCAGGTCATACCTGAACTGAATAGCGGAAACAGACTCACCGCCAGGGTAAAAACCATTGCCGGCAACA
NZ_CP141531.1_gap20	854552	859289	4737	TGATATCTGGAGCACGCTCAAAAAAGGCGCGCTAATAGGTTTTCTTGTGGCAATCGGGGTGGCATTAATGCTGGTTTGGGGTTCAATGACAGGGGGATAGGATGAGAAATAACGGAAAAGAATCCAAGAATGATATAGCTACAATGCCCACAGAAGCGGCTGCTATTACCGAAAATATACCTCCCGAAGGCATCATTGACAGTACGCCGCCTCCCCCGGGCGGCCTTACCAGAGAAAAACTCGAAGGCATGATGACTGTCTCTCAAATGCCTTCCATTGTGCGCGAATTACTGCACTCCGGAGATGACGTTGAACAGCTCTGGATGCGTACCCAAATAACAAACAACAAAAACAAAGCAGCTGAGAAAAAGCTTGATGCCGCCCTTAACTACTACGATTTGTGCGTAGAGTTTGACGACAAAGCAGGGCAAGCGTATGTCCGCCGCAAGCTTTCAGGCTGGGCATCTATTGACGGCGCTGCCCGTGAACAAGCCGTAGCAGCAGTTATCGGGGAACGATTCAAAACTCCTAAGCCTGGACAAAATGGTGCCAATCCACCCCCGCAAGTAAAGCTATAGGAAGGATTACTGCATAGATGGTTGCTATATGGGGATTTATAGGGCCGGAAGGTGCCGGCAAAACTACTGCCATGACTTGGTTTATGGAATACCATATGGCGCTCGGTGGCACTTGCCGGTCTTTCCCTGGCTATGAACTGTATTCACCACATGGCGCATTGGTACAGGATATAGATATAAAAGAGCTTATCAGAATGTCCGGAGAGCTCAAGAACGTAGTTGTCGGGATTGATGAGATACAGCAGTTTAACGATTCATCCCGGCACATGACCACTATCAACCAGCTGACAGGTTATGTGGGCATGCAGCGACGTAAGCTTTCCCTGGGCATTTTTTATACATTGCAGAACTGGATGTGGCTTTATGACCGCATGAGATGGCTTACTCACCTCTTAACCGTATGCTCGGATCTGCATTTTTCACCATGGGGTAAGGAAAACCATATCAGGCAAGGCGAATATATGTCGATTATTACCTATGACTGCAAAGGATTCCTCACTGGCCAGCCGTGGTCACCGCTGACCTCTATGGTACTGCGACCGCGTGAACTGTGGCCTTATTACCGCTCATACAATGTTATCGATATATTCGAAGGGCAGGAACGCATCCAGATTAAAAAACGGCTGACTGTATATGACTTGAATAAAGCTGAACCGACATTTGAACAAATAAGAGATGCTTCTGAGGATACTCCTCCGGTTGGATTGAAAGCTCCACGCATGACTGAAAGCGAAGTGGAATTATACCAACGCTTATCAGACCAGGGAGTTCCTATGAGTGATATCCGGGAAATTCGCAAACTGAAGCAAGGAGTTTAAACATGACGCCTGAAACTGCCCAAATTATTGCTGATGCTATTGAAGCGTTGGGAACGGCACTTGGAGGATCACTTGGCAGTTCTATGAGTGAAACTTTGAGCACCGCTATCAATACAGGGTTTTTATCCCTGGGTGGGATTATCGTCAATTTCTTGATTATGGTGGCCATGGTTGCAGCTGCATTTATAAGGCATGACGCATGGCTTTATATTTTAGCCGGGCTCTCAGTAACACTTTATGCCTGGGCACAGTTGGATACAGGTATTGCGGGCAATGCCATGCTGATGAATTCGCCTTTAATTATGCTGGGGTTGTATTTGATTGCTACCGCTGGAGTTTATGCTTTTCAGGGTATGCAATCCAGACAGCAGAAATGAGGTTAGATTATGGCTATATTAGGATCTCCTTCACAGGGTAATTCAGGGAATATATTACGGAATGGACCGCCTCGACAACCAAATAACCAGGTAGCCATTAATGCCGCATTACAACAAACGAATAACGTCGTGAGATCACCTAATGGTGAAATCAGCGTTACGGTAAACAATGGTATTTTTACGCTGACTGATAAGGACGGTAGCATTTATAACCTTACAGTTAAGGGTATCCCAGGCGATACAATCCAATATGTGACTAATTACCTACGCGACCAAGGATTAAATAAAGATACTGTGGACGTTGCGGCAAATAAGTACGCTGCAATTATAGATAAAACAAAAGACACCGAAAGTGTTTCAAACAAATCTGACAGCTCTTCTAATTTCAGATCTAGCGGCAGAGCTATAACCATAGAGAGTGAAGAGGCTGGTCATCAACCGAATTACACAGCTATTACTGTCGAGAGTGAAGCAGCTGGCAGCAATAAGAGGTACACCTCTATAACAGAAGAGAGTCTGGCTGCCGGCAGCAGCAAGGGAGTAGTGGAACAAGAACCTCAAATAGGCGATAAACAATACACTTACATAACAGAAGAAAGTATAGCAGCTGGGAGCGGGAAGAGGTTCATCGGTGAACCGGTAAATGATTCTGACACCAGCACCGATAACAGCGCTGATACCACCGGTACCGATAACAATGTTTCGGTGACTGTAGATAATTCTACCGCTTGGACGTTTACTACCCCCAATGGCACAGTCTACACCGTGCCTATGGCGGGCTTAGCCTGGTCAGACCCTGCCAAGATGCACGAATATATAACAAACTACCTCGCCAGCATCGGAGCACCCGCAAATGTCATCATGGAAGCCGTCAGCCGTATGCCGGATGTAATGGGGAATAATGGATTAAGAGAACCCCGGACAGATGAATTTGGTAATCCGATAGACAATACTGAAGAGATTAAAAATATCATTGCAGGCAACGACCAATCTTTAGCTTATATAACTGCTTTAAAGGCGTTCTTAGATGCTAAAGAGTTTTCAAGTTTATCCCCTGAAGACCAGTTTAAAAAGGCGATTGAATACGGGCTGATACCAGTTGATTCGGTCTATGTGCCGCCGGATGCAGGGTATAACGTAGGTCAAAATGCACCTCCCGGCATGCCTGACGATGTGGCGGTCAGCCTTGGCTTATTGCCCTCAAACGAGCAGATTCCTTTTAACGTCCCCAATTTCAATTGGGCGTACCTACCCAAAGCAGATGCAGATCAGTATTTTGCTGAGCTTAAAAAGATTGTTGGCTATGATATTACTTCAGCTAATCTCAAACAGGCTATGCGTGAAGCACAGAAAACGATTACACTCCAAAATCTTAGAAATAGTTCTGAAGCTATTGCCTTAAAACCATTTATGCGTGGAGAAGGAGAGACCCAGACTTTTGATATTTTTGCAGCCTATAAAGCTGGTATCCCTGATAATGTGATTGAAAGGGCCGTTGGTTTGTCGAAGGCCGATTCTGTGGATATCAAATACTTGCTCAAGTATGTTGACGATACTGGAAATGTGGATATCCAGCAAGCTGTGTCTGACGGCTGGGGAAAAGGCATCCTGCAGAAGTGGTTTGGGCTTTCAGATACCGATTTCAAAAATGCCGAGTTCGTATCTGATTATGAAGATGCCAATTTAATGGAAAAAATTGGCATGGCCTTTAAAAAAGACCCGGGCGAGTTCATGAAGAATGTAGGCATTTCCATGATACCCGGAGTTGGAACGGTAGCATTTTGGGAGGATAAAGAAAAAGGGACGCTTGCAGATGATTTTACATCCTTATCAAATTTAGGAAGCATCGCACTCGATATATTAATATTCGTGCCTTTTGTCGGAGGTGTTTCCGCCTTAGCTAAGACTGGCATCGGTGCTGGCCGAGCTATTGCCAAAGAAACGCTCATGACTACACGCGGACTTATTGTGGCGCCAATTACAACTGCCCTGCATCCCGTAGCTACGACCAAAGCCATTTTCTCTCCTCTTGGAGTATTGCTCAGTAAAGTTAAGTTACCAGCTGCCACATTTTGGCGTGGTTCAGGCAGCCAAACTATGGATATAGCTAAGGTACTGGCCAATCCTGCCTCAGTAGAAACAACTAAAGCTATGGACGAAGCTATTATGCTTCGGAATGGAGGTAAAGCCTCCGGATCTGTGCCTATTCTGGTAGATGGTACAGAGATAGGAACGATTAAATGGTCAGATGCCGGATTTCAAACGGTACTCAAAAACTCTGTGGGACATTCAACTCCATTCGGAGAGCCATTAAAAAAAGGTGTTATGGCCAAAGATGAGGGCTTATTCCTCTCTCCCAATATGAACCTTGGGCTGACTTCCAGAACGGCTACAGGCGCAACGCCCGGTTATGTCTTCAATAATAAGACTCTGGTTGGGCAGATTGGCGAAAACGGCAGAATGGTTGATAGCCATAATAATATTATTGGCCGGATTGCAGATAACTCCAAAGCTATATCAATAAACAACACCAAACTTGGGACAGTCTCTATAGAAAACAACAAAGCTTATCTGGTACGGCCTGACGGTACCCGGTATGAAGTTAAAATTCAGCCTGGCGGCGCTATTGTAGCCGGAGATAGGTTGCTGGGTGAGTTTTACTTTCACCAGCCGGTATATAAAAACGGTAAGAAGATAGGCACGATAGACGGCAGCGGGAAAATAGTTGACCTTAAAGGGAATGTAATAGGTAAAGCCACTCCAAATGTTGTAGGCTTCCTGCCTCCCGGTACTAAAGTCTATGGCGAGGGCAAGGTAGTAGTTGGACAGATTAAAGAAACCCCTACCTTTGCTATCTTCTATAATTCAGGATTATCACGCCTGCCAAATGCAATTTCAGATGCCCGGACTATGGATGAAATGGCATCCAAGGCGTGGAGTTACGTTAAAAGTGATCAATCTACA
NZ_CP141531.1_gap21	861157	862118	961	TATAGGCATGTGACAAAGTGTCACAAATATTCCCGGATATAAGAAAAGGCCGAGTGCTTTACTCGGCCTTTTATACTTCCTCATTTTTTATTACCAAACATGCCCTTCCTTAAGGGCAGAATCATCTGGGATTTTAAGAATCTGGCTTATATCATGCTGGGCTACCTCATATCCATTATGAAATGTCGCAGATAATTCATCCAGCTCCGACATGGTTGTGTCCGCCCTTATTTCGCCCTTAGCAATATCATCGTAAAACTGGTCGATATAATCTTTAGTGGCATTGGCAGATAACCAACCTTGAGGGTTTTGGTTAAATCCCTTTTTAAGTGTCTGTGATATTCCTTTCTCATGCAATAAAAATGAAATATATTCGGGACGAACAGGGTCATTGGCTTGGTACGGGCATTGGTTTTCTTTTTCTATTCGAGTAACCATATTCTTTACTCCTAAACATATTATACTTTATTTAACTTAGTTTACACATTTACACACTAGTTGTCAACTATTTTTATTATTGTATAAATACGTCAATATTGGTAATATATTGATATATGAAAACGTTGAAAGAACTAAGACTAGACAGACTGATAACTCAAACTGAACTGGCTAAATTAGCTAACCTAAGTCGAGCGTATATTAGTCAAATAGAAAAAGGACAGCAAAAACCCTCCGAATTAACAATTCGTAAGATTTCTAAGGCGCTCGAAATCAATCCAGAGGAAATTGAATTCTAATGAAGTTCGAGTGGGATACCCGAACCAGAACTTGGATTGGATACTTCTTTATCGTATTGGCGCTTGGAATCCCTACTTTTGGACCCGGTTGGAATGATGATTCATGGTTGGCTGTGCTAATCCTAGCCTCACCAGGTATTGCATTAGTTGCTTATAACCTTATTAAATACGGCCAGCTTCGTGATTATTACTGGCTATGGTGTATGGAAACAGACGAATTCTTC
NZ_CP141531.1_gap22	994365	997982	3617	TTAAAACATTCTTGACAAACTTGCGGCCATGCCCGACAATCCTATTTATACCGAGTTTTAAGTAGTTATTCTGAAAGGGTCAGGGCATGGATAATATAACGCCTGAGCATAATAAACATACCAACCAAAATATCGCTCCGGATATTACTAAACTTATAGGCAATACCCCGCTGGTGCGTCTGAACAGGATAGGCAGCGGGCTGAAAGCCGAAATTGTGCTGAAACTGGAATCATTTAATCCCACCCACAGTGCCAAAGACCGCCCCGCCCTGCACATGATAGAAAAGGCCGAACAGGAAGGTAAGCTTCGCCCCGGAAGCATCATAATAGAATCCACCAGCGGCAATACCGGAATAGCCCTTGCCGCGGTTTGTGCCGCCAGAGGCTACCGCCTGATGCTGACCATGCCTGAAAGCTTTTCACTGGAAAGAAGGCGTTTGCTCCGTCTGCTGGGAGCGGAACTGGTGCTTACCCCGAAAGAACTTGGTATGCAGGGGGCTCTGGAAAAAGCAGCCGAACTCAAAAACAAACTCCCAGAGGCTTTTATACCCAGCCAGTTTGTAAATCCGGCTAACCCGGAAAGCCACTGCCAGACCACTGCCGCAGAAATCTGGCGGGATACAAACGGCAAAGTAGATATACTGATAGCGGGCGTAGGCACAGGCGGCACTCTAAGCGGCACAGCTAAAGGCTTAAAAGCAGTCAAACCTTCGGTACAGATAATAGCGGTAGAACCGGCCGAATCACCGGTACTTTCAGGCGGAGAACCCCACCCCCATCTTATTCAGGGCATAGGGGCAGGCTTTATACCCCGCATACTTTCCGTGGAACTGATAGACAAAGTCATACAGGTACCCGGAGAAGAAGCGGTGAAAATGGCACTCCGCCTGGCGCGTGAAGAGGGTATTATGGCGGGTATTTCATCAGGGGCGGCACTCTGGGCAGCGCTGGAAACAGCTAAACAGGGCGAAAACTCCGGCAAGCTTATTGTAGCCATTATGCCTGACAGCGGCGAACGCTATTTATCCAGCCTGCCGCTGGGTGACTGAAATCACTGCCCGGACAAGGCCTATAATCCAGCAGGCCAAAAAGAGTTTAGTCCGCTAAAAGGGGCGTACCGGACAGGGGATTTTCAGCCTATCCCAGAATCCCCTTTTTCATATCCAGTTTGTCTCCCAGCACAGCTTCAAACAGGCCTGTCATTTCTTTGCTGCTGCCGTCAATAAAGTATTCTTCTTTACCGCCTGCGGTCTCAATTTTTATTTCGGTAATGTCCGCCTGGTCTTCACCACCGGTCTTTTTACTGACAGTTACCTTTGAAATATCCGAAAGCCATATCTGAAAATTACCTTTACTCTCATCCAGTATAGATTCGGCGGGCATATTGTAATACTTTTTATAAAGGGTAAAACCGCTTCGTATCTGGTCACCCCAGCGGGCAAAAAACCCTTTGCCGGATTCCTTCCCCTTCTTTTGGGCTTCGGCTGCCGCATCTTTTAGCATCTGGCTGGTCATCAAAGCAAATATAAAGCTCTGGTCGGTAACCACCAGAGAATAAGTATCCCGCTTACCTAAGGGCTTTGACTTTTTAAAATCAGGCACTACGCCAAGTATTTTTTCTTCCACCGGACACCTCATAAATAAGTCTTACCCGTTCATAATAACAACCGCTTTCCCTTTTGCCAATACCCTGATGCCCCAAACCTGAAAAAATCATTTCTAAATTGTACATTTTTAAAATTCCTGAGCCGTTTTGCCAGAATGTTGTGTTATAATGGTAGATAATTTTTTATAGGGATATACACTTATGACTGCAAATTCTCATACCCCGCGCATTATGCCTGACCGCCAAGCCAACCCGGATATGACAAATGTTTATCATATAGCTTATGCACCGGGTATTAAAAAAGCGTATCTGTTTCACTGGAATTGCAATCTAAAATGCCGAGGCTGTCTTTGTAAAAAGGAAATCAACTGTCTGGCTCTGGAAGAAAATCTGGATGTAGTTGCCCGTGACCCTCATCTATCCCCGCCCCGTGGTCCTGAATCGTTCCTTAGCCTGAACGGAATTATGGAAACACTGCGCAAAGTAGAGCTCAAAGAGGTTCTGTTTGAAGGTCAGGAAGCCACCATAGACCCCCATTTTGCCGAAATATGCCGCCGTCTAAAAGCTGAGTTTGGTGTTTATATAACCTTAAATACCAACGGTCTGAAACTGCCTGACCTTTCCAACGTAGATGAAGTAGTTTTCAGCCTGAAGGCAGTTACCCCGGAACTCTATCTGGACTATACCGAAGTACCCAATACCAGAATGCTGGAAAATTTTGAAAATATTTTTCGTTCAGGCAAGAAACTGCGGGCTGAAATGGTATTTATCCCCGGCTATATAGATATAGCTGAAACAGAAGCCATTGCCAAACATATTGCCAGTCTCAGCCGGGATATTCCCCTCAGGATAGACGCCTATTTTGAATGCGGTGATAATACCTGGCGGAGAGCCACCCCGGAAGAAATGCGTCAGGCAGTAGCTGCGGCCAAAAAACACCTTAATACCGTGACCTGCACCCAGCAAACTACCGACAATCTGGATAAAAAAGACCTTTTCTTTGAGGTAAAACGGCTATTCTAATTAGTCAGTCAACTCTAAAAACACTAACTCTATTTTATTTTTAGATAATTGTGGAAACTGTATATATAATTGTGCTTGCCCTTGCCTTAGACCTGTTACTGGGTGAATATCCCGCACCTCTTCACCCGGTAGTTTGGCTTGGCAAATTTGTATCCTTTCTTAACCGCTTCAGTCCTTCACACAGTCCTAAAATCCAGTTTATTTACGGGGCATTTCTAAGCATACTGACCGTGAGTATATCTTTTGCAGCCGTATTTTTCATTCTGGGGTATCTCAAAGATTTTAATACCCTGCTTTATATAATTGCGGGAGGGCTTATACTTAAACCCGCCTTTTGCCTGCGCAAGCAATGGACAATAGCCCTGAAAATAAAAAAACTGCTGGGGAATAATAGCAACAGTGTACCCCCTAAAGAATTGGAAACACTGATAGGTACCGTCCCGCATACTCAAGAAGGCCTAAGCCGCAAAGACATTATTTCTGCTTCCATACGTTCCATTTCGGAAAACGCCAGCGATTTTTTTGTAGCTCCCCTCTTTTACTTTATATTTTTGGGCGTACCCGGGGCTTTTGCCTACCGGGCTATAAATACGCTGGACAGCATGATAGGTTATCATGGCCAGTACGAATATCTGGGGAAATTTGCCGCCCGGTTGGATGACGCCGCTAATTTTATCCCAGCCCGCCTGACCGCCCTGCTTTTTGTAATAGGAGCATTTATTCTTCGGCAAAACCCCAAACTGGCACTGCGCTCTGCCTTAGCAGACCATGCCAGAACTACCTCCCCTAACGCAGGCTGGCCTATGGCTGCCATGGCCGGAGCAATTGGTATTTCGCTGGAAAAGGCTAACTGCTACACTATAGGTAAGCCGCTTCACCCGCTAAGTGACACAGACCTGAGTGTTGCCGTCAGGTTGTATAAAGCCAGTATGTTCATCTGGACAGGTGTATGCATAGCCATTGCCTGGATATAAATAACAATGGTCTG
NZ_CP141531.1_gap23	1000129	1002381	2252	ATACTCTTCTGGGGGTATGCCAGCCCTTCGTCACAGCTGTTCGGCAAAGTTTATTTTGAGGGTGACGGTCGGGGTAAAAATATTGCCCTGACTTTTGAGGACGGCCCCAGCCCCGAATATACCAGAACAATCCTGGACATACTAGATAAGTACAATATAAAGGCAACCTTTTTTGTGGTGGGCAAACAGGTGGAAGTTTACCCTGAACTAACCAGGGAAATACTTGAACGCGGGCATATACTGGGTAACCATTCTTACAGCCATGATGCCAACCATGCCCTGTCTGATTTCGGTTCAAAAGATATGCTCAGGTGTGCCGAAGTCATCTGCCAATATACAGGCATTACTCCCTGTTTGTACCGCCCGCCATATGGGAAAAGCTCCCCCTGGGAACTGGCGGCTACCAAGGAAATGAACATGATAACGGTCAACTGGAGCTATGCGGTAGAGGGTGACAGTCTGGCCGGAACTGACAACGCCGTTTCCAAGATACTTGATGAAATAAACCCCGGCTGTATTCTGCTGCTCCATGACGGATACGGCATAGACTCCAACAGCCTTGAGTCTGACTGCCAGCTGACTCTCAAAGTGCTGGACAGCCTTATATCAAACCTGCTCAAACAGGGCTACAATTTTGTGACCGTACCCGTCTTACTGGGTACGAATGCTTACAGTTAGGTATATTTAATGGATTTTGAAACCTTAATTAACCAGAGCGTTGCCATGCTCTCCGAATTTAATCTGGTAGTTTTACTGGTACTTTTCGGGGTCTGTTTTATCAGTGAAACTGTAGGGCTGACCATACCATACCTCTTGGAAACAGCCTGGCTGATGGGCGGATATCAGGTGGCTAACGGAGAGCTTTCCCTATGGCTGCTTATTTTGCTGATACTGGTAGCTCAGGCCGGACGGCAGATAGGGGCTTTGGCATTGTCACGTTTGGGAATGGTAGGCAGCGGCCCTATAGAAAGGTTTATCACTTTCCTCCGCACCAGAACTCCGCTTAAAAAGATGTCGGAATCCCCGGCCTTGCAGAGGGTAAACCTGTATTCGCCCTTTGCCATAGCGGTAGGCAGGTTTATGTGGCTGCGCATACCGCTGACACTGCTCATGGGAGCCAAACGCAAAACCAAGGTACTCATGCTGGGAGTGCTGATATCCGGCCTTTTTTATGATGCCCTTTACGTTATCTTCGGGGCAGTAGTGGGCAAGGTATTCACCTTAAACCCAGTTCAGATGGTAATCATCTTCACCGGAGGGCTGACACTTCTGTATATAGGCACATTTGCCGTTCAGCAGGTTATAAGCCGTCTTAAAAATAAACCCCCAAACACCGGCCGGGGAGTTTAAACCGAAAAATCTTCCCGGCGCAACTGGTAGCGGGCATGGCGTATAGCCCTTACTAGTAACAGCAAACTTAATGCGGCCACCGCCAGCAGCACTACCGCCGCCCAGACACCGGGCAGATTCAGCCCGCTGGCTATATCCCAGACAATATGCAGTGCCACAGCCAGCATAAAAGCCACTATAACTGCCAGATTAAGCGGCCCTCTGCCATATTCGGCGCGCTGTCTCCACAGCACAGCACAGACTATACCCGTCCAGGCGGCATGCCCGGCAGGTGAAAACAAACCCCGGAAAAGAAGCACCTGCTCCAAGATATTTATATCCCCCTGGCTCTGGATAAGGCTGACCACCCCATAACCCATCGTTTCCAAAGCGGCAAAGCCCATTCCGGCTGCCACTCCGAATAAAACCCCGTTAGCCTCAGCCCGGAAACCTCCGCCCCAGAAAAGCAGCATCGGGAATATCAGTTTGGCAGCTTCTTCAATAACTCCCACCACAAACAACCCTGACAGGTTCAGGTTGGAGACAGTAGCATATTCCAGCAAACCTGCCATAATCAGCCCGATTATCCCGCCCACAAAGAAACTGGCCAGCACCCAGCGGATATTTTTGTTCGCCAGAGGCAAACGCTCATAGATAAAGACGACAAAGGTTACCGGCATGATAAAGGCACCCAGCACTACCAGTAGCGGCAAAAAGTTAGCCCCGCCGGTCAGCTTGATAAGCTGGTCGGCAACTAAAAACAGCCCCAGCCCGCCTACCAGTACCCAGGTCCAGCGGTAAGCTATCAGATAGGTTTTAATTTTCTTCAGGTAGTTCATATCTGTTAGTATAAGCCTAACACCGGAAAGCCGCCCCTTCAATCACCCATATGGTTAAAACATAAATATTCATTAAATCTTTTA
NZ_CP141531.1_gap24	1007914	1009520	1606	CCAGATGAATACGCCCAACCGAAGACCTGCTTGCCATATCAAAGCAGGGATGTCCCATACTTTTGTTACATTCACCCATGCTGCCTTTACCCCTACTTTCTGTTTAAATCTGAGCCTATATAATAACTATAGAACTTCAAGGTTTCGGCCAAATTTACAAAGTGTTAAATCCTTGTTAACTAAGGTTCTTGGGGCTGCCCGCCAAACCGGCCGAACCCAGATTTCTCCGCAAACAGACCATATTTGTTCTTTGCCAATCACAGGCCCGGTAGAAACCCTGGGCCGGTAAATTCCGCGAATCAGCCAGAAGCTGGAGGCGGGAAAACCCTTTAGAAAGTGCCCAGTCTTCAGCGGCTTCAAGCAAAATCCTGCCCACTCCCCGGCCGCGGAAGGCTTCGCTTACCACCATATCCTCCAGCAGACCGGAGGGACAACCTTCGGCTGTGGAAATGATGGTCTGAACAGTGCACATTCCCGCTACCCGGCCGCCTATCTCAGCCACCAGAACAATAGCCGAAGGCTGTTCCAGCAGTTTAAGCAGCCCGGCCTGCTGTTTGGACTGATTAAAAGTAAAATCAGTCTCTATCAGGAAAAGGTCCTGAAGCAGGGCTACCATCTGGCTGACGTCAGATGGAATTGCCGGGCGGATAATGCAGTCTTGGCGGGACATAATAGCCTTGAGCCTCAGCTAAGACACAACTCGGAGGCAGCCTGGCCATCCTCCAGCGCATCCAGAATGATATCCAGCTTGGCAGTATCTACTTCGCCATACCACCAGCCGGGCGGGTAAATAACCATAGCCGGCCCGTGTTCACAGGATTTGAGACAGCCGGTGCTGGAAACAAGCACATTCAGACCCCGGTCAATTATTTCGTTTTCCAGATAACCCAGCAGGTCTGCCGCCCCTTTACGGTTACAGATACCCTGAGGGTCACCGTTTACACGGAAACTGTTGCAAACAAGTATGTGATAATCAGGGGTTTTCATAAGAGCCAAACTCCTTTAAGTCAGATATTTTTATTAAATTCAGCCGCAGCCCATACCGCCTTCACCGCTCATAGCCCGGCGGCATCCCCGGGCAACCCGGCGCGGCATCCGGAGGGCCTTGCCCTGCCAGATAGCTTCCAGAGCATATTCCACCAGACCTTCTACTTCGTATATAGCCAGGCCGGAATCACTCAAAATCCCGTTCGGGGTTTCACCTATTCCGTTTACCAGCAAGGCCTGACAGTCCCCGATAATCTCTGCCAGCTTTTTCCAGCGCTCTTCACCCCCGCCCTTTTCCGGAGTGGGGCGGGTTTCGGCAAATACATAACCGGAGTCTGTCCGCTGGTATATAAACAGCTGCTCAGCCATACCCAGATGCTGGTTAACCAGCACCCCTTCGTAACTGGCCACTGCCACTTTATCCCGAACCGCTGCCTCAGACATTTTGCTTTCCCTCCTGCTTACATATAGCTGTAGCCAATGTCCGACTCATCCTGGCGGTGTTCCAGCAGGGCATTGACAATACGGTCAAACAGCTCCTGAGTGCCGGCATAACCGACACACCTCAGGCGCGCTCCCCCCAGCCGGTCATGCACCGGAAAACCCAGCCTCACCAAGG
NZ_CP141531.1_gap25	1128981	1132261	3280	TCCCAAAGCGGTATTTACCCCCAGACTACTCAGCCGTCACCGGCCGTATTTAAAGACAACTATGAAAAACTGATGCCGGAAGCCGAAGGCATACTGGTTATTACTATCTCATCCAAGCTCTCCGGCACTTACCAGTCTGCTTTAAGCGCCGTAAATATGCTGGAAAACCCCACCTGCCCCGTAGAAGTAATAGATTCGCAGACAGTCAGCCTGGCACTGGGACTGCTGGCGGTAAAAGCAAGTGAACTGGCCAGAAGCGGAAAATCCCTGGCAGAGATAAAAGAAGCCATAACCCAAAGCCTGCCTGATGCCCAGCCGCTTATGTTTTTTGATACCCTGACCTATTTGCAAAAGGGCGGACGCATAGGCCGCGCCCAGAGTATGCTGGGTTCGCTCCTTTCAGTAAAGCCCCTGCTGACTGTACGGGACGGGGTGGTAACCCCCTTGACCAGAGTGCGCTCACTTCAAGCCGGCATGGACCAGCTTTATAACTTTGCCGCCCAGCACAGCACCCTTGAATATGTAGGTATCGGTTATGCCACCTCTACTACCGATGCCCTGAAACTGAAGGAACGCCTCGCTCCCCTGTTCCCGCCTGAAAAGATATATATTACTCAGGTGGGGCCGGTAGTAGGCACATACACAGGGCCTAATACCCTGTGTTTAAACATCATCGGGAAAAGCCGGTAACAGGATTTTGGAGGCTTTAATTTGAATGTCCAGATTGTGATTGACAGTACTTCGGATATAACCCCCCAGATGGCCAAAGCCATGGGCAATGTGCATATAATGCCGCTCACTGTATCCTTCGGGAACGAACACTTTCAGGACGGCATAGATATAACCCCGGAAACATTTTATACCCGTCTGGTTCATGACAGTAACGTTCCCACTACTACTCAGCCCCTGCCCGGATATGTGATGGAACTGGTAAGCCGTCTTTCAAAAGAAACCGACCAGATACTTATTCTTACTCTGTCCCAGAAACTCAGCGGCACTTATCAGTCTGCACTTTACACTAAAAAAACGCTGGAAAGCCCTAGCTGCCGCATAGAGGTGCTGGATACCCAGCTGACTACCCTCGGACACGGGCTCAGGGCAGTTCGGGCATCGGATATGGCCAAAGAAGGGGCTAATCTGGACCAGATACTGGAAGAACTCAGAAAACCTCATAACTATCTGGCGGGGGTTATGTACTTTGACACCCTGAAATACCTGGCCAGAGGCGGGCGGATTGGCAAAGCCCAGAGCCTGCTGGGGGCCATGCTTTCATTCAAGCCCATTATAACCGTTCAGGACGGAGAGGTCAGCCCGGTAACCAGAGTGCGTTCCCATCAGGCGGGTATGGATTACCTTTACAACTATGCCGCCAGCCGCAAGAATATCCGCTATCTGGGGGTTGAACACGCCAACACACCCGAAGTAGCCGAAAGTCTGATAGACCGTTTGGGTAACATTTTCCCCAAAGAAAAGATAATCCGTTCACGGATAGGCCCGGTCATCGGCACATCTATCGGCCCTAATGCTGTCTGCGTGGTAGCCTGGGCAGATGCCTAGATAAAAATCTGATTTAAAGGTATGAATAATTGAGCGTAAAAATAGTCACTGACAGCACCGTGGATTTACTACCGGAAACTATAAAAGAACTGGGCATAACGGTAGTGCCGGTATATGTAATGTCCGGCAACAAGACCTACCGGGACGGGCTGGATATCAGCCAAACCGAAATCTACAACCGTATGCTTGAGGGCGAACAGTTCACCACCTCCCAGCCCACCCCGGCTGATTTTGCCAATGCTTATAAAACGCTTTCAAAGGAAACTGACCAGATAGTCTCCCTGATTATGGGTGCCAAACTATCAGGCACTTATAATTCGGCGTTGCAGGGGCGTGAACTGGCACAAAGCAGCAGCAATATAGAGCTGATAGATACCAAGGCTACTTCCGGGGCTTTGGGTTTGCTGGCTACCCAGGCGGCTGAAATGGCAAAAATGGGTGAAAGCGCCGGGAATATAATAAACAGCATCAAGAGCTATATCCCCCAGGTACATATCTGGGCTTTGCTGGATACCATAAAATATGTGCTGAAGAGCGGGCGTCTCAGCAGCGCCTCCAACCTTATCAGCGGGGTTTTGAGTATCCGCCCCATGCTTACCCTTAGAGACGGCTCTCTCTGGCCGGCCAGTATCCACCGCACCCGCAATAAAGGTATTGAAAAACTGACCGAACTGGTAAAAAATAACCGCAATCTGGAAGCAGTCCAGATTGTCCAGAGCGTAGATTTGGCAGAAGCCCATGGTATAAAGGAAAAGCTGGCTGATTTTATTGACCAGAGCAAAATCCATATCTCACAGCTTGGGCCTGCTTTGGGTGTCCACGGCGGCCCCGGCACTTTGGTTGTGGCTATCAGGGAAAAGCTTAGCGGTATAGGCACAGCGTCTCCAGACGAAACGGAAGACAAGAAATCATTTAAGCTGCCTTCTATCCACCTGCCCAAGCTGGGCTTTTCCAGCCTGCACTAGTTTTTCAAAACATATTAGGCTTTAAGCCCTCCCCTTTTAAGGAGGGCTTTTTTATGGCATGGATAGTGTGGACAAGTGAGGGTATATGGTCTATCATTTTTAAAAACCAAAGGCGGAGTATAAATTTGGGAGCAGATACCGGCGCCTTTAAAAAAATACTTCAGCTGGAAGTCCAAAAAGGCTTTGCTGATAACGCCGTGATGGGCGGGCTGGACCACTTCCTGTCCCGCTGGGCAAAGGAAGCCGCAACGGGTATAAATAACCCTGATGACCTGCTTATTTTTCACAAACTGAAACTCTCTGACCCGGGTTATGCCCGAATGACAGAAGATAAACGCCGTAAGTGGGTAACCGAGGTGCTGGCATTGCTGCCCAAGCTGGAAAACCAGCCTGCCGGTATACCTGCACCCCGCAAAACAGTCAAGGCAAAGCCCGCCGCTAAAGCACCTGCCAGACCGAAAACAGACGGCTGCCCGCCAGCCCTTGACGGGGATATTTCCTTAGTAAAAGGCATAAGTGCCGCTACCGCCCCCAAATTTCACAAAATGGGCATCAACACAGTACGGGACCTGCTTTATTATTTCCCTAACCGCCATCTGGATTACAGCCGCCTGAAAAAAATATCCCAGCTGGAAGCAGGAACGGAACAGACCATAATTGCCAATGTCTGGCAGTCCAAGGTGAACTACATGGGAGGACGCCGCTCAACCGAGGCGGTACTGGGGGACGATACCGGCAATATGCGGGCGGTCTGGTTT
NZ_CP141531.1_gap26	1275592	1279112	3520	GGCGCGGCGATTACAGCCAGCTTTGCGCTTGAATATCCGTTCAAGACCGAGAACAATCTGTTGCGCTTCACCTACTCGGTTCAGCTGCAACGGGGGTGACGCGATGACGCTGACATTTGAATATACCCTTGATACCGGAGCAGGCTTGTTTCCGCAGGTGATCCACACCTCGGACAACCTGCTCCGTTTCATATACCTCACCGCCGACGGCACCGTTGCCGGAATCAAGGCGAACCCTGTTCTCGGTTTGTACGACAACCTGACCTATACGGAAACCGGTAGAATCTCACCTGATGAAACGGTATTGTATCCGAGCATCAAAAAAGTGGCGCATTACGGCGCATATGGATTCTGGAGTGCCGAGGGCGACCACCGTTTTGTGATGTATATGTTGCCTACAGATATTACAAATTCCTTTGTCGACGGGTCAGTCAAGTTCAGCATCGGTAGCGAGGTCTCGCAGATGTCTTGCACCTTGCTCAACATAAAGGGCGCGTTACTTAATCGTTACCGTGCTTTCGTGACTCCCGGCACCAAGATGGAATTGTACTTTTCCCTCGGCAACAGCGGTGAAATTATGCTCGGCATTTTCTATATCGACAGTGCTTCGGTCTCGTACCCAGACGAGAAAGTATCGGTATCCGCCAGAAACGCAATCGGCAAGCTGCTGAAGGAACAGACCTTTAACGAAGATAACACCTTTGAAGAAACAACTCTTCAGCTGAACCTGCAGGAAATTCTTCGCCTCGCCGAGGTGGAGGATTTTTTTGTCGGCAACAACACCAAGTCATGGAAGCTGCGCTTTGAACCGGATGTCACCATTCTGGACGGCATCAAGCGGATCATATCTCTGATTGATGGCTGGAAGGTTGATGAAACGGCAAATGGCGTCATCGGCGTGGCGGCCGCTACAGATGCCCGTTTCGACCAGCCTGCTGTGTATACCTTCGAGCGTGACAAGTCTTGCTGGAGCTACAGTGTGGAATACGACGATTCGGAAGCGGTCAGCAGGGTTTGCGTTACCTGCTCAAACCCGGAAAACACGGTTTATGCCACAGTTCCCAGAAGCAAATGGTGGATTCAGCCGTCACACCGAACAACCTACGTCACAGCCGCCGATGGTGCGACGCTTGCTGAGATAACGGCTATGGCTGAGGAGTTGGCACAGACCATTGCCATATCCGGCAGGCAGGAGAGCTTCGTCGGTATCTTCACGCCCCAGCTCACCATCGGAGACGAGGTGTGTATCCAAAGCGGTGCAAAAACCGAAACCATCGGTACAGTCACGGATGTGACGCACAATTTCGGCAGGGGTGGTTTCTATACAGCGTTCACCGTGGACAGCGGCGGACGGAAAGGCAAAGCGCGTCTTTCGGATTTGATCGGCAAAGCATCCGAGAAGTCCAATCTGAACGGCGTTACTATTTTTTAAGGGAGGAAATTCAACATGAAAGAAATTTGGAATTGGACGCAAACTGCGTTCGCAGGGCTGGGTGCACTACTCGGTGGGTATTTGGGCGGGCTTGACGGTTTTCTCTATGCACTCATTGCCTTTGTGGTCGTGGACTACATCACAGGGGTACTTCGTGCAATTGTTGAGAAGAAGCTATCCAGCCGAATCGGAGCACATGGGATTACCAAGAAGGTAGCTATTTTTCTCGTAGTAGGTATCGGTCATCTTATCGACGCTTACCTAATCAATGGCACGGGTGCACCTCTTCGCACAGCGGTTATTTTCTTCTACATTGCCAATGAGGGTGTGTCCCTTTTGGAAAATGCCACAGCTATTGGTCTGCCCGTGCCTGAAAAACTGAAAGAGACACTCGCTCAATTGCATGGAAAGGATGATGTAAAATGAATCTGAGAAAATTGATATTCACGCAAAATGCTTGCTACAAGGCTGGTAAAACCATCACACCGAAGGGAATCATGGTGCATTCCACCGGGGCGAACAACCCCAATCTGAAACGTTATGTCGGTCCGGACGATGGTCTGCTTGGCAAGAATCAGTATAACAACCACTGGAATCAAGATAAGCCGGACGGACGGCAGGTCTGCGTTCACGGCTTCATCGGCAAGCTGGCTGACGGCAGTATCGCCACCTATCAGACGCTGCCTTGGAATCATCGCGGATGGCACGCCGGGGGTTCTGCAAACGATACACATATCGGATTTGAAATTTGTGAGGATGGGCTGACCGATGCGACCTATTTCAATAAGGTCTATAACGAAGCTGTGGAACTTTGCGTATACCTCTGTAAGCAGTATGGATTGACTGAGAAAAACATCATCTGCCACAGCGAGGGCTACAAGCTGGGGATTGCCAGCAACCATGGCGATGTCATGCACTGGTTCCCGAAGCATGGCAAAAATATGGATACCTTCCGTGCTGAGGTTAAGAAACTGCTCGTGGCAAGCGAACCTCCTAAACCCGAAACGCATACCCAGACAAAGAAGCTCTATCGTGTTCAGGTTGGGGCGTTCTCTGTTAAAGCGAATGCAGATGCCATGCTTAGCAAGGTCAAGGCGGCTGGGTTTCCTGATGCCTACATCAAAATCGAATAAATCGCACGTTTCGGTTGCCAACTTACCCCTCGCTGTCCTGTGGATGGTGAGGGGTTTTTCTTTTTCCCCTCCGAAACGGAGGAATTGCCTATGACCACATTACAAAAGGAGCGAATAGTTCTTCTGCGCTCGCAAGGCGAAAGCTATGCGAGAATCGCTGATGTGCTTGGGATATCAGAAAACACCGTCAAGTCTTACTGCCGCCGGAACAATGTTGGTGTAGGCATAAAACAGGAACAGCACACCGTTAAGGATGTCTGTGCCAACTGCGGATGTCCGCTCGTTCACACACAAGGTTCAAAACATAAACGCTTCTGCTCCGATGGCTGCCGTATGACTTGGTGGAAGGCACACCCCGAAGCCGTGAACCGAAAGGCAGTCTATCACTTTTTCTGCCCGATTTGCGGCAGGTCGTTTGAAGCCTACGGGAACGCCCACCGCAAATATTGCTCACGGGCTTGCTCCGTTGCAGCGAGGAGGTCTTAGCTATGAGCAAGGAAGATGCACTCCTCCATTACAAAACGGCTATGGCGGTGTTCAAAAATTGGCTTACTAAAGGCGTGATTTCAAACACCGACTTGCTGGAAATAGACACAATGCTTGCCCGCAAATACGGTTTATCATCGTGTAGCATATACCTCGAAAATGACTTGCTATGTAAGGAAAACAGAGTGATATATGGTACTACGAAAGGAGGCCATTATGGGTAGAAAAATAACTAAACTACAGCAACCGAAACCGTTACCGACCCGCCAAAAGGTAGCAGCATACGCCCGCGTTTCCTGCGGAAAAGATGAAATGCTCCACTCCCTTGCCGCTCAGGTCAGCTTTTACAGTAACCTGATACAGGGCAATCCTGAATGGGAATATGTTGGCGTGTATGCAGACGAAGCGGAAACCGGCACAAAGGGTTCAAGACCAGAATTTCAGCGACTGCTTGCCGACTGCCGGGCGG
NZ_CP141531.1_gap27	1350255	1354960	4705	GTCCAGCAGGCTGAATTCGGTGTGGACATGCAAATGACAAAACATAGACTTTCCTAAGGGCAGATTATAACACAGCCCCGCCCAATTGAGGTATGCAGGTAAGCAGTCATTTCAAGGCTCAAAACAGCCCCAAACAGACACCTTCAAGGTTGAAAAGTGCTATTTTCGCAAACAAAAGTGTAAAATACAGCCATGAAGCCGGATTTAAAAAGATTTTTATTCAACACCTGGAAAACCTTAGCTGTAATCATTGCACCGCTGCTGATACTCAGCTTGACCCTGAGCGTTCTCATAAACTGCCGCTGGCTGTATGAACAGGGTTTTGAAAAATATGAGGTAAGCCAGCAAACCGGCTTCACCCCAGCCCAGCTTAAAACAGCCGCATCCGCCCTTATCGGTTACTTCAACAACAGCGAGGAATACCTAAACCTGCATCTGGAAAAAGACGGAGCAGACATGCAGGTATTTAACGAACGGGAAATACTCCACTTGAAAGACGTTAAGGGGCTTATCCGCCTGAATTATTTAATACTTGGAATCTGTCTGGTACTGGGCGGCGGATTTTTCCTGTACCTCTACTTTAAAAGACAGCCCGAATTCAAAAAAGAAGGCGGCCTGGTACTGCTTCAGGGGGGAGTATTAAGCCTAATGCTGCTGGGGGGTATCGGGATTACAGCCCTTAGTGATTTCCAGAGCTTTTTCACCCGGCTGCATCTGCTTGGTTTCAGCAATGATTTCTGGCTGCTGGACCCTACTAAAGACTATCTGATAATGTTTTTCCCCAAAGAATTCTGGGCAGACAGCGCCATTATGCTGGGTATTTTGGCAGGGGTACTGGCCGCCAGTTTCATAACCGGCGGCTATTTACTCAGGAAACCTTCCAGCCAGGAACTCTACTCTTAAAAAAGCCTAAGCGGAAAGTTAGCCGGTTTCTCAGGACTTACTGACAACCATCACCAGCCGGTACTCTTCCGGGGTGATTTCGGTACCTGTTTCAGGGTAGGGAGTAACGTTAAAGCTGAATTTATAATCCCTAAAAGCAGCCACGGCGTCTCCTCCGCCCCTGTTGACTATATAAAGTTTGCTCGTTGCACCGCCGTATTTAATCAGCAGCTCAACTGTCACTTCCCCCTCCCAGACGCACTGAACACCTTCCGGACAACGGCTGTCAGATAATACCCCCACAAACTTGATAGTCAAATCTTCACCAGCTATCAGGCAGCTTTGTCCGGGGGGAAAAGAAATTGACTGGTCCAGCCCGGCAGTAGGAATTTCAGCAGAGCAGGCAGAAAGAGGGAAAACCAGCATTACCAGACCGGCAAATATGGCCAAGGCTCTCTTACGCATATTGTATCCTTTACCTTTCCGGGAAACACACCCTTAAAACCCAAATCCGGCCGAACTGCCATCAGTGCAACAATACCTGAAATATCTGTTTCCCACTTATTTTATAACGATAAACAGCACTTGCAGATAGCCACCCACTAAAAAATATCTCTCCAAGCGGGGTTTGCAGCCGCCTTATCTACCCCGCACAGCCACTTCGCAATACTGCTCTGGAGCTAAAACAAAAAACCGGCACAACACATCGCTCTACAAGATAGATAAATGCATTATGCCGGCATTTGCCGCTTAAGCCTGATAAAACACAGTTGTATTAAGCTGAATTAGTGGCAGCCGGAACAGCTGGAACAAGAACCGCCTGAACAGGAACCGCCGCCCCCGCCGCAGGAATCTATACCGCGGCAGGCAAAACCAGAAACACCTCTGAAAGAGGGGGTTTTGCACTCAGGGCAGAGGGCCTCATCATCGGCCTTGCTGGTAGAGCGGATGTCTTCAAACCTGGTATTACATTTTGGGCATACATATTCGTAAATCGGCATTTTCATCTCCTCTAAAAATTGTATCGTCAAAAAGATTTAAAGTCAACGATTAGGTGACATAACTACATAATTCCAATGCAGATTCCCAAAACAGCAAACCGTCAAAATAAATCCGCCCGCCCGCAACCAACATTCCTGAAGCTGGATTGACACTAGTCTATCCCAATAAGTATAATCTAGCGGTTCAAGTTGTCCGGATTGCCCTGACCAACTGGTGACTTGACAGGCCGAAGTGGCGGAACGGCAGACGCGCTACGTTCAGGGCGTAGTACCTGTAATGGGTGTGAGAGTTCAAATCTCTCCTTCGGCACCATACCGGCGCTTGTAGCTCAGTTGGATTAGAGCGCAGCCCTGCGAAGGCTGAGGCCGTGGGTTCGAGTCCCACCAAGCGCGCCATATATTTCTGGGGCGGTTAGCTCAGCTGGTTAGAGCACCTGCTTTACACGCAGGGGGTCATAGGTTCGAATCCTATACCGCCCACCATTTTTTAAACGTAAAACAGCCCCCATGATTTAGGTTCACGGGGGCTGTTTTTATTGGCGGCACTAAATCCTCCCCAAAAAATCATAACACCTACCTAAACATAACTATAGCAACCAACCCAGGCAACTGAATGGTAAATTATCACCCGCTATTCCCGGAAATCCGCCTTCCCGGCAGTTTGGTTTTAGATACTGCCATTTGGACGCTGTGTTATAATATTACCCAAATACACACATACGTCTAAAGACAGGAGATAATTTTATTATGGATTTACTGGCTTTTATCTTAGCCATACTGGGCATAATGGTAGCTATTTCCTTGCTCTATGTTCTAAATCTATCCGCCAAAGCTTTGATGATTTATATCCGCAAAAACAAAAGCTGAATATCTGAAATAAGCCGGCATTGACAAAGACTTTTTTTATATTGTAATATTGTTTTACAGACTGGGAATGAGATTAGTAGGTCTTAAGCGAAGCTCAGAGAGCCGGGCAAGGTGTGAGCCGGTGCTAGCGCAAAGAACTGAATGGACTCAGGAGTCGCAGGCCGAAAAAGGAAACTTGAGTAGGTTTTGACGGAAGGGCACCGTTATCAGAGCCTAGGGTATCGCCTTGAGAAATCAGGGCCGCACCCGAAAAAAGATGTTTCTGCATTTTTTGCAGAGATAATTAGGGTGGCACCGCGAAGGTTAATCCCTCGCCCCTAAAAAGGACGAGGGATTTATTTTTTTGCGAGGTACCCTAAAATGTATTATCCATCCTTAGCCGAAGTAAAAAAACTGGCTTCACAGGGTAACCTGATACCCATCTCCCGTGAGATTGTGGCCGACCTTGAAACCCCGGTTTCCGCCTTTCTGAAAATCAAGACCAGCCAAAATGCTTTTTTGCTGGAAAGTGTGGAAGGCGGCGAAAGGGTAGCCCGGTACAGTTTCATCGGCGCTAACCCTTACAAAGTAATCACCGCCTATCAGACAGATACCGTTCCACCTCTAAAGCAGGTTGAAAACGAACTGGGTAAATACCGCTTGGTACAGGTGGGTGAGCTGCCGCGTTTTTGCGGCGGGGCAGTGGGTTTTCTGGGCTACGAGGCAGTCACCCGCTTTGAAGAGCTGCCCTCTCCCGCATCAGACCCGTTAAACCTTCCTGAAGCGGTCTTCATGCTGGTAGATACCATGCTGGTTTTTGACCATATCAGCCACTCTATCAAGGTACTCAGCTATGTCCATACAGAAGAGGATATTGAAGCCTCTTATAACAAAGCTATCCAAAATATAGAAAAGCTGATTAACCAGCTCAGGCAGCCGCTTGCCAAAACAGAGTTAAAACCCGCCCCCGCCGGTGTTCCTGAAACAAAGTCCAATTTCAAACAAACGGATTTTGAGAGCCGGGTATCCAAAATAAGAGATTACCTTAACTCCGGCGAAGCCATTCAGGTAGTTTTGTCACAGCGTCTGTCCAGACCCACCTTGGCCCACCCCTTTGACATTTACCGCGCCCTGCGTTCAGTAAACCCTTCCCCATACATGTATTACCTTGATTTCGGTGATTTCCAGATAGTAGGGGCATCACCTGAGGTACTGGTACGGGTGGAAGACGGCGAGGTTATGACCCGCCCGCTGGCCGGCACCAGAAAACGGGGCAAAACCCAGGCAGAAGATATCCGTCTTGAACAGGAGCTCCGCCAGGACGAAAAGGAGTGCGCCGAACATATCATGCTGGTAGATTTGGGCAGAAACGATATCGGCCGCATAAGCAGGCCCGGCACAGTCCGCATAACAGACGTAATGGATGTGGAACGCTATTCCCACGTAATGCATCTGGTTTCCCATGTGCAGGGCAAACTGAAAGCGGATATCACCCCGTTTGAGGCATTGGAGTCCTGCTTCCCGGCAGGCACAGTCTCCGGCGCGCCTAAAATACGGGCGATGGAGATAATTGCCGAAATGGAAACCGAGAAACGGGGCATCTATGCCGGGGCTGTGGGTTACTTTTCCTATTCGGGCAATATGGACATGGCTATAGCCATACGCACCATGGTTGTCAAAGGCGGCGTTGCCCACTTGCAGGCAGGCTGCGGCATTGTAAGTGACAGCGTACCCGAATCTGAATATCAGGAAACACTGAACAAGGCTCAGGCCCTGCTGAAAGCCCTGGACAGGGCAGAAAATATGGCAACGGAGAAACCGCATGTTGTTACTAATTGATAACTACGACAGCTTTACCTACAACCTTTTCCAATATTTTTCAGAACTGGGACAGGAAGTAAAGGTAGTCCGCAATGACAAGATTACCCCTGATGATATAGACGCCCTGCGTCCCGAATACATCGTAATTTCACCCG
NZ_CP141531.1_gap28	1449081	1450021	940	GTCTGCCCAGTATCCGCCCATTGACAAGCACCTATGCCTATCCATACACTAATAGATACGTTATATAAGGAGAAGTCTATGATTTGCCCGGCTTGCTCTAAAGATATGCTGGTAGTAGAGTACCGTGAGATAGAGCTGGACTATTGTCCGGCCTGCCGCGGGGTTTGGTTTGATGCCGGGGAACTGGGTCTGCTGCTGGATGCGGTAAAACTGAAAAGCACCGCCCCAGAGGCAGAAGAAATAACCGATAGCCGCGAGGCTAAACGCCATTGCCCCATCTGCCGCCGTAAGATGAAAAAAACTGCCCTCTTAAAAGACCCCCTGCTGATTACAGATGACTGTCCGGGGGGACATGGCATGTTTTTTGACGGGGGAGAAGTAGACCAGCTTATTACCCGTTTAGGCAAAGATACCAACCAACCGGCAGTGGATTTCCTCAAAGAGGTTTTCAAAGCCCGGTAACGCGTTCATTTTGAATATATTTAGTATATAAAGAACACAAGGAGGGAAATATGTGGATTGCACTTATAGTTATTCTGGCACTGATACTGATACTGGGGCTGTGGTTTGCCGGTGCTTACAACGGGCTGGTAGGCCTGCGTAATCAGGTTAAAAACGCCTGGGCCCAGATAGATGTCCAGCTGAAAAGACGCTATGACCTGATACCTAACCTTATTGAAACAGTCAAAGGCTACATGACCCATGAACGGCAGACCCTTGAGTCTGTGACCAATGCCCGGAATCTGGCCCAGCAGTTATCCACTTCTACCAGTGTGGAAGCCAGAGCCAAAGCTGAAGGCGAGCTGTCTTCCGCCCTTTCACGCCTGTTGGCAGTAGTTGAAAACTACCCCAATTTAAAGGCTAACCAGAACTTTCTGGCTTTGCAGGAAGAACTCACCTCTACTGAAAACAAGATAAGCTTTGCCCGCCAGTTTTATAA
NZ_CP141531.1_gap29	1494374	1494874	500	TCTTGAGGCTTTGGGGCTGGTAAACCGCCAGCCCGCGTTCCAGTACCAGCGCCTTTACCGGGGGAGGACAAAGCTCACGCCCCCGCCCTGCCGGACGGTCAGGCTGGGTGTAAACCCCGCAGATATCGTATCCTTCGGCAAGGAGCATCTTAAGAGGAGTAAGGGCAAATTCGGGGCTGCCCATAAAAACAATCCTGAGTTCATTCATCACCGCCATTGTAACACCGCCTAATTACCATAACAACTTTATTTTAATTTATGCATCTATGAGGGCCGAAAGAGGCTAAAAACAGACATACCAGTGAGATTTGGAGAGTAAGGGGGTGTCAAGTGACCTTCTATCCCTGCCACAGGCACCTTGCTTGTTGTCAACCGCCATTGTTACTATTTATCTAGTCTTTAACAGATTGGTACTTATTCTTTAAGGGGTGGATCATTTTCATGGCAGAGTGCTTGCCCCCTTGATTTCAGATACGGTTTAATTACTGGGAGGGATATTT
