gap_id	start	end	length	sequence
NZ_CP036557.2_gap1	1077	3746	2669	GATCACAAATATTGGTAATACAAATCTAAACCAACTACCATAACCTATCTTTGCTATACCTAAGACAGCCATTATAACTCCACTTGTTGGTGTTAATAAATTAACTAGTCCTGATGCGGTTTGCATAGCCAACACAACTGATGACCTTGGCATATCTAAAAAATCAGCCAATGGTGCCATTATTGACATAGTAAGACTTGCATGACCAGATGATGAGGGAACAACAAATCCTATACATACCTGCACAAGCTGATTTAACACTACAAACATCCCTTTAGGCACTCCATACAAAAACTTTGATGCTGCATTCAACATAGTTCCTATAATCATGCCCTCATCAGCTACTATCATTACACCTCGAGCCATACCTATAACAAGTGCTGCTGTTATCATATCTTTAGTCCCTTCTACAAATGATTCCCACATCTGTAATTCGCTAATCCTACATATAAATGCCGATAAAATTGCTGTACCAAGATATAACATCGCCATCTCCTGCATCCACCAACCAAGCTCCACAATGCTATACATTAAAAACAAGATCATTATTCCATATAAAACCAATACCATCTTTCGTCTACTTGTAAATTCAGGTATACTATCCCTGATACCACCTTTGACAAAAGCATCGTAATGCTCTTCTTTTTGCGCATACACTATAGATCTTTTAGGATCACTCTTTACTCTACTAGCATATACTAATACATACACTATAGCCAAAAACACAGAAATTATATATAAAATAATACGGAAATAAAAGCCTTCCTTTATTTCTATACCAGCTATAGCTGACGCTATCCCAGTAGAAAATGGATTAATAGTAGATGCCATAGTTCCTACACCAGCTCCTAATCCAATAATTGAAACAGCTACAATAGTATCATAACCTAAAGCTATTATTAATGGAATCATAATAAGATAAAATGGTAGCGTTTCTTCATACATGCCTATTACAGTTCCTCCTACGGAAAAGATAAACATCATTAACGGTATAAGAAGTTTATCTTTATCTCCCACCCTTTTAACTACTGAGACTATTCCTGCATCAATCGCACCTGTTCTTAAAATCACTCCATAAGCCCCACCAACAATTAAAATAAATACAATAACCTCAACAGCATGTTCCATTCCTTTAGGCATTGCAGTTAAAATAGTAAAAATACCATCCCAAAATCCCCTAGGCACCCTTTCTACTGCATGATAAGTTCCAGCCACAACAACTTCTCTCAAATTCCCATTAACTTTTCTCTTCTCCTTAGAAAATTCACCAGCAGGAATTATATAAGTTAATATAGTCATCACTATTATTAAAGAAAATATTATTGTAAAACTACTTGGCATTTTATTTTTTTCAATCATTTTATCTCTCCTATTATATCTTATCTTTTCCTAATCTCTAGGTTTTAACAATTATCCCAAAGTCCCGACCATGATAGCCTTAATAGTATGCAACCTATTCTCAGCTTCATCAAATACAACAGAACGAGCATGTTCAAAAACATCATCTGTAACCTCAATACTATCAAGTCCATACTTATCAAATATTTCCTTACCAAGGGATGTACTTAAATCATGAAAAGCGGGCAAACAATGCATAAATATAGCATCTTCTTTTGCTAATTTCATTAATTTACTATTAACTTGATACGGCCTTAAAAGCTTTATTTTTTCATTCCAATTAGTTTCTCCCATAGATACCCATACATCAGTATAAATAACATCAGCAGCTCTAACTGTTTCCTCAAGAGAAGTAGAAATGACAATACTACCTCCACTTTCATCTGCTATCAATCTTGCCTTTGCTACCAATTCTGGATCGGGAAAAAGTTCTCTTGGGGCAAATATTCTAAAATCCATTCCCATAATAGAACATCCTTCCATTAAAGAATTAGCAACATTATTTTTACCATCACCACAAAAAACCAGCTTCAAATTGCTCAAACACCCCTTATGTTCCTCAATCGTCATAAAATCAGCAAGTACCTGTGTTGGGTGAGCAATATCTGTTAATCCATTATAAACCGGAACATTAGAATATCTAGCTAAATCCTCAACTGCTTTTTGAGAAAATCCTCTAAATTCAATAGCATCATATATTCTTTCTAGTACTCTTGCCGTATCAATGATAGACTCTTTCTTACCTATTTGACTACCTGTTGGTCCCAGATAAGTAACATTCGCTCCTTGATCATAAGCAGCTACCTCAAATGCACACCTTGTTCTTGTTGAATCCTTCTCAAAAATCATAGCTATATTTTTTCCCTTAAGTCTTTGTTCTTCAATTCCTGAATACTTAGATTTCTTTAATTTATGAGACAAATCAAGTAAATACCGAATATCCTTTTGACTAAAATCCAAAAGCCTTAAAAAATCTCTATTTCGTAAATCAGACATAAATATTTACCCCCATTAAACTAAATATTTTCTCTTACCAAAGGCATTGACATACACCTTGGACCTCCCCTTCCTCGTGAAAGCTCACTAGAAGGAATCCTATGAACCTTAATTCCAAATTCTTCAAGCAATTTATTGGTTACATGATTTCTATCATAAACTATAACTTCTCCAGGTGATATTGCTAAAGTATTAGCACCATCATTCCACTGTTCCCTTGCTCCATGAATCAAATCTCCTCCGGCACACTTCATTATATTAACCTTACATCCAAG
NZ_CP036557.2_gap2	9521	10939	1418	CTGAACAAGCAATTGTAATACCTCCAATAATCTGCTTATATCGTCAAAATGTAAACCTGTTGTTGGTTCATCAATAATGTAAAAAGTCTTCCCTGTACTCTTCTTTCCAAGCTCAAAAGCTAATTTGATCCGTTGAGCCTCTCCTCCTGAAAGGGTTGTTGAGGCTTGACCTAACTTAATATATCCAAGACCCACTTCCTTTAAAACGTTTAAATAATGATTAACCTTCGGAATACTTTCAAAAAAATCTTTCGCCTCAAGAACACTCATTTCTAAAACATCATAAATATTTTTTCCTTTATATCTAATTTCTAAGGTTTCCTCATTAAATTTTTTACCCTTACACAAATCACAAGGAACAAAAATATCAGGCAAAAAATGCATTTGAATATTTAAATATCCATCACCCTGACACTTTTCACAACGCCCACCCTTAATATTAAAAGAAAATCTACCAGCCTTAAATCCCCTCGCTCTAGACTCTGGAAGCTTAGCGAATAGTTCTCTGATTTCTGTAAAAAACCCAACATAAGTTGCAGGATTTGATCTTGGTGTCTTACCTATTGGCTTTTGATTTATCTGAATAATTTTGTCAATTTGTTCATATCCAATGATATCCTCAAACCCATCAAAATAACTTGTATTTAATTTCAACCTACTATCAAGAGCAGGATATAATACTTCATTTAAAAGAGTACTTTTACCACTACCAGAAACTCCCGTTATTACAGTAAAAATTCCCAAAGGAATGCGAACATCAATATTCTTTAAATTATTTTTATTAGCATTTAAAAGCAAAATTTCTTCTTTTCCCTTCTTACGCCTTGTTTTTGGAACTTCTATTTTAAGCTGACCACTTAAATACTTTCCGGTCAAACTATTTTCATTATTCAAAATATCAGCTAAAGTTCCCTGAGCAACTATCTCTCCACCATGAATACCAGCTCCAGGCCCAACATCGACAATATAATCAGCAGTACGCAAAGTTTGCTCATCATGCTCTACAACAATTACTGTATTGCCAAGTTCTTTCAAACTAATAAGAGTACTTATTAACTTTTCATTATCTCTTTGATGCAATCCAATACTAGGTTCATCAAGTATATAAAGAACTCCAGCAAGAGCTGAACCTATTTGAGTAGCAAGCCTAATTCGTTGAGCCTCACCCCCTGAAAGGGTACCAGACATCCTATCTAAATATAAATAAGAAAGTCCAACATCAATTAAAAATTTAAGCCTGCTCTTAATCTCTTTTAAAATCTCTTTAGAAATTTTTGTATCAAGCTCATCAAGCTCAATATTCTCAAAAAATAAATAAGAATCTATAACAGAAAGGTTACTGAGTTCCTGAATATCTTTTCCATCTAACTTAATAGATAAAGCCTCAAGGCTCAAGCGTTTACCTTTACAAGAATTGC
NZ_CP036557.2_gap3	103178	104436	1258	CATTAGCTTTAATGCTAGGAATCTACCACAAAATAGTATATTCATCCGCAAATCTAATAAGACTGAAAAAGGTAAAAGAAAACATGATTTTTCTTACAATGCTATCACTTGGTATATTAACTTCAATAACAATACTTGCAAAAATATTAAAAAGCTATATTTTAGACGGCTCAACAAGGGAAACATATTTAAATATGCTTTTTATAGGACTAACCACAGGGATCATTTTTAAATTAAAACAAGAAATTAAAACAAGAAATAATAATAGTAAAAAAATTACAAAATATTTCTTATTTCTAATTGGATTTTTCACAACACTATCTCTTTTAATATTAAGAACTTACAATATATCATTAGACATATCAGAATATCAAAATAAAAAATTAATTAAATACCACATAGTAATTGCTACTTCAGGAATAATAGGTGGCTGTACAATGATTTTACCAGGCATCTCAGGTTCACTTATACTGTTAAGTCTTGGAACTTACAAAGAAATTGTCAATATCATTTCACAACTTAAAATAATACCATGCACAATATTTGGCATATCTACAATAATAGGAACAGGAATTACAATACTAATAATTGAAAAAACAATAAACAAACATTTTGCTAAATTTCTTTATTTATCTATGGGCCTAATCTTAGGCTCAATTCTACAAATGCTATTCACCATAACAAAACTTAATGTAAAACCCACCCTAACACTTAACATATCCTCAGGCATTTTATTTATTACAGGAATCTACATAAACAGAACCATTGAGAGTACAAAAAAGTAATTTGAAACTTTAAATACCGAAAACCGGACTTGAACCGGTACGGAGATACCTCCTCAGGATTTTAAGTCCTGTGTGTCTACCATTTCCACCATTTCGGCATTGCTAGTAATAATATAACAATGAAATGATGATGTCAAGAACTAAATATTTATAAAATTCATTTAATCAAAATACTTTTCGGAAAACTATCTATATAAAAATTATTATGCAAATAACTTAAAATAACATAAACTAAAGAATGAAGAGATATTTGAGCTGAAAATTTAGAATAAACTCTATTATCAATGGTATTAATTATATGTATAGGATTAATTGAGTCATAAATTAAACTAAAAAACCCATTCTTAATTAATATGTCTAATATACTAAGCTCATACTTACCCAAAATAAAAAGCAGATTATCATATCTATAACTTAAATATGTTACCTGCTCATCAATAATGGAAACATCTAAATCATCAGCTATTGCCTCA
NZ_CP036557.2_gap4	105763	107951	2188	AGTTTTTATATCAAAATTTGTAATAGGTCAAACTTGAGACAAAGTAATAATAGGTAGATTGAATAAAAAAGAAAGAACAAATGAGAAGGATATTAAGTATTACATTAATAATGATTTTATTCATAAGCTGTAATAATGATGCAATTATCGGTTTATCAAGTTCTTATTTTGATGAAATAAAGGCTAATAATTCTCGTAATCAAGCTTATCAGGATTGGAAAAATCTTATGAAGATATGAGAGAAGCTGAGAAGACTCTAAAAATTACTTTGGATAAAGCTCAGAAAGATTATCATAACATAATTACCGCCATTACAAATCTAATCCCCAATATTGACATCATATAAAACTTCATTTCATGATAAAAATCGTAAAAATACTTTTAGATAACTTAGAGAATATCATTACTTTAATCTTAAAATTATAAAGAAAACAAAGTTTAAAAAAAGGAATATTTATGGAATACGAATTTGCTGTCATTGGCGGAGGCATTGCTGGGAGTACCTTAACTTACGAAATACTACAAAGAAAAAAAAGTGTCATTCTTTTTGATAATGGAGATAAAAAGGCAACAACCACATCAGGGGGTCTTATTAACCCTATTATGGGAAGAAAAATGAATATTGCTTGGAGAGAACCTGAAATTTTCACATTTGCAATACAATATTATAAAGAAATGGAGCAAAACATTAATTGTAATTTCTTAAAAGAAAATCTCATTTTTAGACCGTTTACTACAAAAAAACAAAAAGAAGAACTGATTTTAAAAATAAAAAATGATGAAAATATAAGAGACTTTATCGTAGAAATAAAGAATGAGAAAGTATATGATTTCTCTAATGACAACGATGGAGGCGTACTAATAAAGGGAGCAATACTGAACACAAATTTATATATACAAAGTCTTAAACAATACTTTATAAAACACAATGCATATATAGAAGCAGAAATCAATGAAGATCAAATAAAAACAAATAACAAATTTTTTACAATAAATAAAATCAAATTTAAAAAATTAATATTTACAAGAGGATATAAAGAACAAATAAGAGGAACTTTTTCATACCTTCCATTCAGACTAGCAAAAGGAGAAATTCTCATAATAGAAATTAAAGGATTGCGTCTTAAAGAAATTTACAATAGACATGTATCATTAATACCTTTGCAAGACAATAAATTCTATCTTGGTGGAACTTATGAATGGGAAAATTTAAACATAAAAACAAATGAATGGGCAAAAAAAGAACTGCTAGACAAGCTTAAAAAAATTACAAATCTCAATTGTAAAGTAATACAACATAAAGCTCACATAAGACCCTCTACAATTGACCGAGAACCCTTTATTGGCGAACATCCAAAACACAAAAATAAATTTATATTAAACGGATTTGGAACAAGAGGAATATCAATGGCAGCATATTTATCTAAAGTAATTCTAGATTATATTGATACAAAATCAAATCTTCCAACTTATTATGATATCAAAAGACATGAAAATTTATATAACTCCATAAGATAGATAAAAAATACCCTCTATATCCATATAATGAGAATTCCTCAAAACTTTATTCGAATAAATAATTTGTATTTGAAATATTTCTAAATTCAAAAAAAAATAATATAATATCCCAGTGTACGAAAAACTAAAATCTAAAAATCAAAAAAATGTTTACCTATCTTTTATTACAATAAGCACGCTGTATAAAACATCAAGGAGTATTCACTATTAAATTAAAAAATAGCTTAAAGAAGATTCAAGACACCAATTCAGATTCCATGATTATTTTCAAAATTAACTTTGAAACATATCTTCAAACATTGATAAAAAAAAAGAATTGGGAGATTGTTTTTGGATTTTAATATTAATATTCTCGGTACAGGAGGTACAAGACCTCTACATAACAGGTATTTAACTTCTATTTTAATAGAATATCATGGTGAAAATTTCCTCTTTGACTGCGGAGAAGCTACCCAAATGTCTCTTAGGAAACAAAAAATATCATGGCAAAAAATCAAAGTTATTTGCATCACACATTTACATGCTGATCACATAACAGGACTACTTGGAATAGTAATGCTTATGGCACAAAGTGGAGATACAAGAAAAGAGCCTTTAACCATAATTGGACCTATTGGAATCAAAAAATATTTAGAAACAAATATCAAACTTTTACGAGTGCATAAAAATT
NZ_CP036557.2_gap5	281148	282551	1403	CTTTAAACAGCTTGTAAAAGCTTATCTCAAATAATAAAATTTTATAAAGGTGGCATCTGACAGTATCTACTTCAAATTTCTCTCTTTACAAATCTTTGCATACGCTTCTTGAATCTTAATAAATTTTTCATTAGCTTCTTTTTGTTTAACAGGCTCATTCGCAAATCTATCTGGATGGCATTTCATAACCCACTTTTTATAAGCTTTCTTGATATCATCATTACTAGCATCATACCTCAATCCTAATACCTTATAAGGATTAACAATTTTTATATTAACATTTTTATAAGTGTCATAATTTTCAAAATCAAGCTCAAGGAAAGAAGTAACATAGCGAATAAATTTATCCCCTTCATAATTGCCATATCTAGATAAATTATTAATCTCTTTAAGAGCTGCAACAAGCCATACAAAAAGATCTTTATACTGAGAATAACCAAGCTTCAAAGTATATAATATCTTATCTGCATTTCTGTTCTGAGTAATAGAAAAATGAAAGATATTATAAATTTCTGTCTTATATCTCTCTGATAAATTCAAAGAATTAATCAGAAAATTAATATAACTTAATTGCTCCCCAGTCATTGATCCTAAGATAGAAATCAACTTAGCTATCAATAAAAAAGATAACTTGTAAAACTCAAATTCTCTTAACTTAGAATAAGAATAATCTCTTGTTGTATATATCCTAAATCCACCTAAAATGATAGAGATTATAAAAAAAACAAAAAATATTAGAAACATGATTAAAATAAAGGGACTAAAAAGCAAAATAAATGGTAATAACAAAAATAAAATCTGAAACAAATTAGACACCTAAATAAACAAACTGATAATCAAAATTAAGACATACTAAAACTACTAATAAATTTTATGACTTCCTGTCTTATTCTTCTAAGCTCATTATCAGACTTAGTTTTCAAAGCTCTAACAATAAAACTAGCAACTCTAATAGAATCATCTCTATTTAAACCTCTTGAAGTAATAGCAGCAGACCCAATGCGAATACCAGAAGCTACAGAAGGACTCCTTGAATCAAAAGGAATCACATTCTTATTAAGGGTAATGTTTACACTTTCAAGAATACCCTCAGCATCAGCTCCTGTAATATCCAAAATACCAAGATCAATTAAAAATAAATGATTATCAGTCCCACCACTAACTATTCTAAAGCCTTCTGAGATAAAATACTCAGCCATAGCTTTGGAATTTTCTATGACCTTAAAAATATAATCCTTAAACTCTCTTGTTAAAGCCTCTCCAAAAGCCACTGCTTTACCTGCAATAACATGCATCAAAGGTCCACCCTGAGTTCCTGGAAAAACACAAGAATTAACAGCATCTTCCAATGTTCTCTCTTTATTATTATAATTAACTATTATACTAGAATCTTTACCTGCAAT
NZ_CP036557.2_gap6	336596	338173	1577	CTCAAAGATTGTGCCATTAAAAAATGCCTTTTATAATAAAGAACATTAACCTTTTTCCCAATTCTCTTAGCAATTATTATACCTTGTAAGACAGCATTAAAAGAAATCGAAAATAAAATATTAACACAATCATTGTTAATAGGATTAATAATGATCTTATCCTTACCAATACAAAAATTATTACTAATAATCTGTTTTACAAGTGCAATATTATCAAGGTCTGCATCAATGATTAAACTATCATTTTCAAAGCATACTCTAACCAAAAGAATATCATTACAATAATTTAAATATTCTGAAAACTCATAACAAGAATTATGAATTTCAAATTCATCCATTTCTTTTAATTTTGAATTAAAAGAAACATCACTATGCTCAATAGCTTTTAGTTCAAAAATAACACTTGCTTCTGCATCTAATAAAGAATCCAAACTATCAGAATACAAAATCAAAGGAACCTGTCCCTCAAAATCTATTTTATTATCAAAAAGTTTTAAATTAAACTCACTAGAATCAACAACATCAATGAACTTTAAAATAATATCATCTTTATAACTTATCGCAGAAACCTGATCTTTATATTTATCCGAAAGCTTAAAATCACTAATGACAGAATTCTTGATATTACAACAAACTGGCAAAGCAAAAACCTCATCCATATTTTCTATCTTCATAAACAATTAAGTAAAATAAGAAGTCAAAAATTTACAATTTATCTTCTATTTGTATCATTATGGCACAATGCCAACAAAATTGCTATTGGAAATAAAAACACAAAATGTCAATAATTTTAGGTTTACTCAACACTAATAACACTTAATAAATTAAAACACAGACCTTAACATATTCCTCCCCCACCCATTACCCACCTAAAAAGGTCATATTCACATTAATTATGAATTTTTATCTGATAATGTATTTTCTTTTGATAAATTTTAAAAACTATGGTAGTATCAGAATTAAATAGGATATCAAACAATATCAATAAGGTATTTATGGATAAAGGCAAAAAGACAATCCCAATGCTATTTAAAATTTTTATGCTCTTATTGCATGCATTACTCTTTGGAACGGCTAAAAGGAGTGCAACTAACTACATAATAAATCAATTAAAAATTTACATTCCCAAAGAAGACTTAAGCGAAGGCTTTAATAATGAAGAAGATGAAATTCAACTAAAAAAAAATAAAATCCTAAAAGAAAGCTATTTAAACTCATCAAGTAAAAAACTAAATAAACTTAAGTTTACAATCTCAAAACAACCTCAAATATTAAACAACAAACAAACAACAAATAACATATTAATAAGCGAAGCATTACAACATCCACAAAGTTTAAGTGCACAAAATTTTTACTCAGAACAAGAAAATTTAGACGACTGGCTCATAAAAAATATAGATAACTTAAAGATTAGAATCGAAAATTATGAGAGAAAAATACAAAACATAGAAAATCTTTTAAACCAAGCAAACTTAAAATCAATAAAAAAAACAAATAAAGAATACGAAACCCTAGCAACAAGCTTAAAAAAAGAAATTGAAAAGATAAAAAAATTAATTAGCACAAAAGAAAATCTA
NZ_CP036557.2_gap7	348346	349526	1180	TTCTTTAAAAGACTTCTTATTTCTAAAAAATCTATCTTTAAATAATTGTAATAAATATCCAGAAGGAACTATCTTGCCAATAATAAACAAATTGTCTAAAAAATAAGGATAAGCCAAAGAAAAGCCCGGTAAATATCCATCTGCAACAAAATTAAAGCCTTCACTTGTACCTGTTCTATTCGATACAACTCCAGAAAAAAATGCGCCACTTCCAACAAGTACACTTAAATAATCTATTCCAGCATTAATTACCTCTATCCCACTCTTAATTCCAAACTCAATACTAGCACTACTAGTAACCTGACCAGCACTTTTTCCCATCCTTAAGAAAGGAGGAAATTTATTTTTATCAAGATTATATGCCCTTATTTCAAGATCATTCCAAATAAAAGGAATATAAGATAAGCTTGGATAACTTGTAATCAGATTACCTGTGAATAAATAAATAAAGTATTCAAAACAAGATACAAAATATCTAACCTTATCATAAATTCCTCTCTCAAGCGTGCTAAGCACAAAAGGCAAAAAAGCTGATTTTCCTCTAAAATTACCAACCATCTTAGAAGAATTCCAATGTAAAACCTCTAAAGGAATCAAATCTGAACCAAGAGCTATTAAACATGGAGAAATGCCACTAATAGAAATACAATCTATTTTTTTATATTTAAAGTTAGAAATTACTTTTTTTAAAGCAAAAATCCATATTTTATAATCAAAATTTTCAAAATCAACATTAAAATAATCAAAATAATTTACATCAAGGGAGTCTAAAACCCCATGTTGAGAATTAACTAAAGCAGATTTCAAAGTACTAGTACCAATATCAATACTGAGTACATTCATAAAACTAACTCTTAAAAATTAACTCTTGAATATCATGACTTCTATCAAGAATTTTTTGAAAACTAACTCTATTGTGAATTGCAAGAACTGCACCGGCAAAAAGATGCGCAACATTAGATTCATAATACCAAGATTTACTGATAAGTCTATCATCATGATAAACAGCATTTGTCCCAATTATTTTATAGAAATAGCCCTCCTCATAAGCCTTATCGAAATACCTAATCGCATCTCCATTAAAAAATGGTAAACTTATGGCACATATAATCTTCTTAGCCCCCATCCCTTTCAGCAATTTCACAGCCTTAATAAAAGTTCCACCAGTAGCTAAAATATC
NZ_CP036557.2_gap8	351125	356057	4932	CTAACTGGGAAATCAAAGCCAAGCCCTAAATTAAATTCAAAATCAATATTTGAGAAAGCATTGCTTGTAATAAATAGCAATAAACTTAAAAACAAAACTCTTAGTCTAATATCAAGCCCTCCCTAAAATACTAAAATTAATCTGAAAAATCAACTGATGGAATAAAATATTTTGAGTTATTATAGCATAAAATTATAATTTAATACTTTAACCTTCCAAAATAGATGAAACTATTTCATTTGCACTAGCAGGTACTGAATAATTTAATTCTTTATATTTCAAAATATATTTTTTTGCATTTTCTATGTCATTCTTTAAATGATAAATATAAAAAACATTAAATAACGCTTCTTGATTAGCAGGCACCACTTCCAAATTCTTTAAATAAAATTTTAAAGCCTCGTCCAAATTATCTTTTTTAAATAATAAATAAGCTTTTAAATTAACCAATAAAACATTGTCAGGATCCTTTTCCAATAAAGATTCAAGTTTTAACTCAGCTTCCTCATACCTCTTTAAATTGATATAAGCCAAAACAAAATTATAACTAGATGCATCATCCACATTAGAATTAAATTTAATAGCTTGTTCATAAAGTGCAACTGAAGTCTCATTATTACCAAGATCATCATTTAATTTGGCAAGCTTATAATATTCATCTGAGATAGCTTGATATTCTTTAGAAAGAGAGCTACAAGATGACAACAAATAAAAAAAAAATAAAAAAATAACCTCTTACACATTAAAATAAAACCTAAATACACTTTAGATAAAGTATTACAAATACAAACAAAACATTAAAACAATATCAATGCTTACAAAATTATTGGTACCTCAAACCCAAGTCCAACCCTTAAGTCTCTATATTTAAAATCACTAACAGAAAATAATACTGATGATTCTAAATTAAGGAATGCTAGTCTAAATCTTAAGCCTGTCTCAATAACATTAAAAGGATTAGTTATTTTGCTATTACCAGCTAAATTTCCTACATAAACAGGATCTGCAACTAAAGATTTATCACCAAAACCTGTAAATAAAGTAGCCGCTAAATAATAAATATCATATTTAACAAAGAATCTTGGTATCATTCCTACACCAAAACTAACAGGAGAAGATAAATCTTTTAAAGCGCCCACATCCTTCAAAATGCTCCGCCCAAGATTTATACCAAATCCAAGCTCAAATCCATAATAAAAATCACTGCTAGCAATAGGAAGACCAACTTGAAAATACCCTTGAACACCAGTGCTAAACAAAGGTGACAATTTTTTTCTCAAAGCATCATTTAAAATAGTGCCTGGAGTTGAAATTTCAGAATGAAATTTCAAAAAGTCCTTTTTATCATTAATTCCAAATTCTTTTAATCCATCAAATAACCATTCCTCTATCTCAATAAAATTCGTCATTGCTTTCTCGAAAGGAGTTAAAACTTTACTCACCCCCAATCCATCTGCATCTAAAATTTGAAATAAAGAGTTGCTCTTTATTTCCTTAAATAATTTCGATAAACGTTCTTTCTTAACACCAATATCATTGTGTGAATCTAAATTTAGTAATTTCTGAATTGATTTTAGCGAATTAGTCACCTCAGATGAATTTATACCAGATAGTCTTGAACTAAAATATTCAGGATCCTCAAAATGTAATTTCATAAGAGCAACTGCACTTGCTTTACTAGCAGCACTGAAATCAAATGAATTATAAACAAATGAACGAGAAATATTAAAAAATTTATTCTTATAAAGATCCAAGATAGATAAAAATTCAACACTCATCAACTTATCCAAAACCGTACCGGTCTTTTTATTAAATAAAAAAAACGATTCAAGGCTAACTTGAGTATTAAAACCTGCTGAAAAATAAAAAACTTTAGAATAAGACACATTGAAGACTAAAAAAAACATTATAGATATTAATGATTTTTTCATGTTTTCTCAACCTTTCTCAAATTTAAATTTAAGAAGATTATAATTTTTATTACAAAAAAAATCAATACAAAGCCTCCTTTAAAATTGCATTTAATTAACTCAAAACAAACAGAAGGACTTACCAAACAAGGAAGTCCTTCTTTCATTACTAATTCAATGACTAAAACTAAAGTTTCTCTTGATCATACTTGTTAAATATATGTTCTGTCAAATATTTACCAACTGATTTTCTCTCTTGCACAAGCTTAGATATCATACTAAAATGTCTTGGCTCAATCTTAAAATATTTATAAGCTCTTCCGTCCTTAAAAAATACAGAAAGTTCAGACAAAGCAGAATCATAATCCACTTGATGTATTTTGCTCAATTCATGAGATATTGTTAAAGTATTCAAACTTATACCCTCCAATGATTATTCTTAGGAGTATAAAATATAAAGTAAAGAAAGAGTAAATTCATTAAATGTTAAGCATTTTTAATCAATAAAATCAAAATTTACTAAATGATATATTCCTTATAACTAATTGTATACTGCTAATAAAATTTAGTCAAGTAAATCTGTAAATAACTAAATCATCAACCACAAGATTAAATCAAAAAATAATTGAGTTTTTTGATAAAAAATATCTTTTCTTAATCTCTTTTTTACAATTTATTACAACCACTAAGATGATTTTAACTAAAGACACGTAAATTCTTATACTAAAAGCCATTAAAATATATTAAGATTACCTTTTAGAAAATACAATTCTTTTAAGTCAAACCAATTAAAACAATTTCAAAATGGACTTTTTTTAAAAAATAATGTAGAATGTCCAGGATAAGTAGTGTTCTAATTAATATATACTCAGGAGGAAAAGTAGTCCATGGACTATCAAAAATTGCGAAACATAGGCATTAGTGCCCACATTGATTCAGGAAAAACCACACTTACAGAACGTATTCTTTTTTATTGTAACAAAATTCATGCTATTCATGAAGTAAAAGGTAAAGATGGAGTTGGGGCAACAATGGATTCAATGGAACTTGAAAGAGAACGAGGCATTACAATCGCATCGGCTGCAACTCATGTTGAATGGAAAAACCATCCGATCAACATTATTGACACTCCAGGCCACGTTGACTTCACAATCGAAGTTGAACGTTCACTTAGAGTTCTAGATGGAGCAATACTTGTTCTTGATTCTGTTGCAGGAGTACAATCTCAATCAATTACAGTCGATAGACAATTAAAAAGATATAATGTACCACGCCTTGCTTTCATAAATAAATGTGACAAAACTGGAGCAAATCCTAATAATGTAAAAGATCAGCTTAGAGACAAGCTTGATTTAAACTCAATTTTAATGCAAATTCCAATCGGACTTGAAGACAAGCATATGGGAGTTGTCGATCTTGTTTTAATGAAAGCCTACTATTTTGAAGGCAAAGATGGAACAGAAATTATAGAAAAAGAAATTCCTGCTGAGCTACTCAATGAAGCTAAAGAAAAGCGAAAAATAATGCTTGATGCCTTATCCGACTTTAACGATGAGCTTATGGAACTTCACCTAGAAGGACAAGATGTGTCTACAGAAACAATATACAATGCTGTTAGAACAGGTACTTTGGCTTTAAAACTTTGTCCTGTATTCATGGGTTCAGCTTATAAAAACAAAGGTGTCCAGCTTCTGCTTAATGCTGTAACTAGATTTTTGCCTTGTCCTTATGATGTTAAAAACGTGGCACTCGACCTAAACGCAAATGAAAAAGAAATTGAACTTAAAATTGATGATAACCTACCAACTGTAGCTCTAGCCTTTAAATTGGAAGATGGACAATACGGACAATTAACTTATGTAAGAATATACCAAGGAGTATTAAAAAAAGGACAAGAACTAATAAATTCAAGAACTTCTAAAAAGTTCAAAGTTGGAAGACTTATTAGAATGCATGCCAATAATACTGAAGACATTGAATTTGGATGCAGTGGAGATATTGTTGCATTATTTGGAATAGAATGCGCCTCAGGTGATACATTCTGTGATCCTTCAATTAATTATTCAATGACATCAATGTATATTCCAGAACCAGTAATATCTTTATCAATAAAGCCTAAGGATAAAAAATCAGCTGATAATATGGCAAAAGCTCTTGGAAGATTTACAAAAGAAGATCCTACATTTAAAACTTATGTAGATGCTGAATCAAAAGAAACAATAATACAAGGCATGGGTGAATTACACTTAGAAGTTTACATTGAAAGAATGAGGAGAGAGTTTAAGGCAGAGGTTGAAACAGGAATACCTCAAGTAGCATACAGAGAAACCATTACAGATAAAGCAGAATTTAATTATACTCATAAAAAGCAATCAGGAGGTGCAGGTCAATTTGGAAGAGTTGCTGGATTTATGGAACCACTTGATACAGAAGAGCAAACTTATGAATTTGTCAATCTTATAAAAGGTGGAGTAATTCCAACAGAATACATTCCATCATGTGACAAGGGATTCCAAAAAGCTATGGAAAAGGGAACTTTAATTGGTTTCCCAATTACAGGAATCAAAATTACAATTAATGATGGGCAATACCATATTGTTGACTCATCAGACATTGCCTTCCAACTTGCAGCAATTGGAGCATTCAGAGAAGCTTACAATAAAGCAAAACCTACAATACTAGAACCAATAATGAGAGTAACTCTTGAAGGTCCAACCGAATTTCAAGGAAATATGTTTGGACTTTTAAACCAAAGAAGAGGAATAATTTTAGGCTCTACTGAAGAGGGAAGTTTCTCAAAAGTTGAAGCCGAGGTTCCATTAAGCGAGATGTTTGGATTTTCAACGGTTCTAAGATCGTCCACACAAGGAAAAGCCGAGTTTTCAATGGAATTTTTAAGATATGGCAAAGTTCCAAGTGCCATATTTGCTGAATTATGTAAAAAATTTAATGAACAAAATAAATAGGAGGGATCATTATGTTTGAATTAAGTCAAGTCAAACAAGAAATAAGGATAAAAAAT
NZ_CP036557.2_gap9	363796	366776	2980	TATAACCCTTTATTATGGATTTCGAAAAGTACGAATAATATCCTTTAACATTAATAAGCTCTTTTGGTAACTGTTCTTTGCAAGCCTTAGTTTCCTGAAGACATAAGATATCCGGACTATATTTTTCAATAAATTCAAGAAAACCTTTACCCAAAATAGCTCTTATTCCATTTACATTCCACGAAATTAAATTCATAAATTGTCTACCAACTCGAGTTAAACATGTATCCTCAAACCATCATAAGCCAAATAAATATCTTCTCTTTTTAGATAGTCAAATTCTTCATGCATTATATCATGTGCAATGTGTGTAAAATAAGCAATTTTAGGACTTACTTTTTTCACTTCAATAATAGCATCATCAAAATGAAGATGTCCGGGATGAGGATTGATCCTTAAAGCATCTATTACAAGAACATCTAATCCCTTTAAATAATTGTAAGAAATCTCAGGAATAAATTTAACATCAGTAAGATATGCTAGATTATTTATTCTATATCCTAAACTGATTATATCTCCATGCAACAAAGGAATTGGGATTATATTTATTCCTCTAAAAACAATTTGTTGTAAATCAACTGCCAAATTAGGAATAACATTAGCTCTCCCACTTATAGATGTTTTTGACGAAAAATTATGCGGAAAAGCATTTTTAATATGTTGCATTGCACTATCTCGAGCATAAATGGGCAAAGGAGAAGTTCTTGTGTAAAATTTAATATCATCAAGACCCATAATATGATCATAATGCTCATGAGTATATAATACCAAATCTAACTTAACGACATTTTCTCTTAAAAGCTGAGTTCTAATATCAGGGCCTGTATCAATTAATAAATTCATTCCATGCAAACTGAGAAGAAATGAACTTCTAAGCCTTTTATTTTTACCATATTTTGAACTACATACCTTACAACTACAATTCAACATAGGAATACCACTTGATGCACCAGTTCCTAAAAAAATTCCCAACATGTATTACCACTACCTTTTTAAAGGGTCCAATTAGATTATAATAAAACCAAACATTAAAAATAAGATATCAAAAAAATAAAAGGTAATAAATATCTTAAATAGAATGAACACAAAGCAAAAATATTTAACCTAACCTAAAAAACAGTGTAATACTAAAAAATAAAGTATTTGGAAAATAACTTACAAACTACACTACTCATAATCATTTATGATTCTAAATTCTAATTTGATATTTTCAACCACAATATCAATCATCAATTAAGGTTAAACAAAATAAACAACGCTTAAATTATACCATTATTATTTGCTTTATAACTCAATAAATTATGTTGTAAATAATATTTTTATGCTTATAATTAGTTAAGGAATAAATTATTTTTTATGAATGAACAATATTATGAAGTAATATTTTTACTCAGCTTTAGTATATTCTTAGCAATAAACTTATTCAATTTTAAAAGAGAATTTTCTTATGAAGATTATTTTATAATTTTTCCAGGAATCTTTTTTATAATTACGCTATATCTAACAGAAATCAGACCATTAATGTTCTATGTTGGGACAATATTCTTATTCTTTTTAATAACAACTGCTATTAAAACTATAAAAACAATAATTCTTAGAAGAAGACAATATAGTAAAGACAATAAAATTAAAAGAATCATTTTGAATATCCCTTTTAAAATAATGATAATACTACCATCAATCATGATTGTACTTATCGCAACAGTATTTTCATACCTTGGCTTATTTATAAATTATCCAGAAGATGTAAATCCTAGCTACAGAGTAGGTTTTACAAAAATCAAAGATCAAAAGAATAATTTAAACCTATCAATTTGGTATCCAATTAATCTTACTATAGGATTTAAACGTCAAAATCCTTTTTTGTTTTATAAATTCAACCCATTTTTCATAAATGAAATGAATTATCTTCCTCGATATGAAAACGTATATAAAGATGCTCCAATTAGCAACAATCAAAAACTATATGATAGTATCTTAATAATTCTACCTTTTTATTCTCATGATTCAATGTTTAAATCATTTGTAAACAGACTAGTTAAAAAAGGAAACATTGTCTATCTATATGCGCCAAAATACAAACATATCAATACTAATAATTTTATTAAAAATGACAATGCAGGCTTGCTAACTCATACTTTAAATGCAACTATTAAGTATTTAGTAGAACCTATCAAAATCTTCAGCGATAGAAAAGATATAACATCTGAAGTTTCAGAGATTCAAAATGTTCTCGAACTTATTAAATCAACTCAAAAATTAAAATTTCTAGGCCTGAGAATTAATTTAAATAAATTAATTCTAATTACAATGGGAAACCAAGCAAATATTGCAAATTCAATAATAAGCACAAATAAACAAATATATAAATATATAAACATTGGTGGTAAACCTCAAAACTTAAATATAAAAACATTGCAACTATTAATAAATCAAGATGAAAATGAATGGGAAAAAGCAAACGTAGAGCCATCTCCTATAAAAATAATAAACATGAATAATATTGGCGAAATTTCTGATTTTATCTTCAGTAGAAGATATTTAGAAAGTTTCAATTTTTTTAAAGATAAAAACTTAATGCTACAAAGATTTAATCTTATAATCAATGAAATAAATAAATTTATTGAAGAAAGAGGATCTTAAAATGCCAAAGATATTTTTACTGTTAGCAATATCTTTAATGTTACTAACAGTAAAAGGTTACTGTATTACAGAAATAATTGAAGTAAACACTGAAATACAAAAAGAAAAATATATTCCTTTTCTACTAAGTAAAGGTAAAAGTCAAATAGAAGATCTTGTTAAATATACATTAAAAATGAATCCCCACCTTGAAACAGAATACGTTAAAACAATTGCACAAACTTATATAGATGAAGCGCTAATTGAAGGAATAAATTATGATATTGCCTACGCTCAAATGCTACTTGAAACAGGTATTTTAAAATTCAATGGTATTGTTTCTAAAGAACAACACAAT
NZ_CP036557.2_gap10	453323	455343	2020	CATGGCCAGAATAGCTGAAGAGCTTGTGAGAGATATAGATAAGCAAACTGTTGATTTTAGACCTAATTATGATGATTCTTTGTTTGAGCCTGAAGTTTTGCCAGCTGCTTTTCCGTTTCTATTGGTAAACGGTTCTAGTGGAATTGCTGTTGGAATGGCAACAAGTATGGCTCCACACAATTTGAAGGAAATTTGTGATGCCATAATTTATATGTTGGATCATGATAATGTTTCCATTTATGATTTAATTGAAATAGTTAAAGGACCAGATTTTCCTACTTATGCTGAAATTGTTTATAATGATAGCCTAATTAAGGCTTATACGACAGGAAAGGGCAGTGTTGTTATTCGAGCTCGGTACCATATTGAGGAAAAACCTGAGGATAATCTTTCTATTATAATTACACAGATACCGTATGCTGTTAACAAATCATCTTTGCTTATGAAAATAGCATTATTAATGAAAGAAGAAAAACTGGAAGGTATATCTGATATAAGGGATGAGTCGGATCGTGATGGTATTAGAATTGTTCTTGAAATTAAAAAAGGATTTGATCCTAATGTTGTTATGAACTTGCTTTACGAATATTCTGAATTGAGGAAAAATTTTAGTATAAATAACTTGGCTCTTGTTAATGGAATTCCAAAGCAATTAAATTTGAAAGAGCTTTTATCTGAATTTATTAAGCATAGAAAGAAAATTGTTAGGAGGCGGGTAGAGTTTGACTTAAAGAAGGCAAGAGAAAAGGCACATATTCTTGAAGGATTAAATATTGCCTTAAAAAATATTGATAGAATAATAGAAATACTAAAATTTTCTAGGCTTGTAAAAGATGCTAAGGAACGTATTATTAAGGAGTTTAGTTTGTCAGAAGTTCAAGCTAATTCTATTCTGGATATGAAGTTACAAAAGTTAACCTCTCTTGAGGTAAAGAAACTTGAAGAAGATTTTACAACTGTCTTAGCTTTAATAAAAGATTATGAGGATATTCTTGTTAGTCCAGTCAGAATTGTAGATATCGTAAGAGAAGAGATTATTAATTTAAGTTTAAAATTTGGCGATGAGCGCCGAACAAAAATAATTTATGATGAGGAGGTTTTAAAAACCAGTATGTCAGATTTAATGCAGAGAGAAAATGTTATTGTTATTCTTACAAAAAAAGGTTTTATTAAAAGAATTTTGCAGGATGAGTATAAACTTCAAGGTATAGGTGGTAAGGGTCTTGGTTCTTTTGAGTTGCAAGATGGTGACCAAGTTAATATTGCTTTATGTGTAAATACTCATGATTTTTTATTGATGATTTCAAATGAAGGGAAGCTTTATGTAATTAATGCTTATAGTATTAAGGATGCTTCTAGGACTTCCAAGGGACAAAATGTTCGTGAGCTTATTAATTTGGGAGAGATGGAAAGAATATTGGCTATTAAAAATAGCAATGAATTATCTGTGAATAATTATTTATTAATAACAACTGCAAAAGGGAAAATAGCTCGTATTGAAACGGAAAGCTTTAAGACGGTTAAATCAAGGGGTGTTATTGTCATTAAACTTGATAATAAGGATTTTGTTACAAGTGCTGAAATTGTTTCTAAAGACGAGAAAGTTATTTGTATTTCTAAAAAAGGTAATGCTTTTGCGTTTAATTCAAATGATATTAGGCTTACACATAGAGGCACTCAAGGTGTGTCTGGTATGAAAGTAAGAGAGGGTGATGTGTTTATTAAGGCATTAGTAGTAGGACAAGGATCTCATCTTTTGATTGTTTCTGAAAATGGATATGGTAAGAGATTAGAAATATCTAAAGTGACGGGACTTAAAAGAGGAGCTACTGGCTATACTAGCTATAAGAAATCTGATGAGAAAGCAGGTGAAGTTGTTGATGCTATTACAGTTTCACATGATGATGAGGTTTTACTTATAAGTGAAACCTCAAAAGTTTTAAGAACATTGGTTGATAAAATATCTGAACAAGGTAAAGATGCTAGAGGAATGCAGGTGATATCTCTTGATGAGGATAAG
NZ_CP036557.2_gap11	474033	476556	2523	TTGAAGATTATCAAGATAATTGTCATGGTCATATAAATAGTAGTAATTTTAATATTGAGGAAAAAATTTGGTTATTGAGAAATAAAAAATTAAATCTTGCTGTGAAAAATTGGTATCCTATTGATTATTTTGATTCTAGTCGTTATAGAGGAGTAAATGAGTGGTTAATTAATAAAATAATGAAATTGACGAATTTAGATTTCAATATCATCAATGTAAGTGGAAGGGATGAGATTGAAGAATTAATCAAGCTAGGAAATTTAGATATGTTGTCTGCTAATTTAGATGACTCAAATTCAGACTATGTTTTTAACATTAAATCAGTTTCAGAAATCCCACTACATATTTTTTCAAATAGGACAAGGCCATTTACTTCTCAGTCCTCTGATCGTTTTGCAATACTTAAATTTTTGTATACAAAGAAGTTGGAAACTCAAATAGGCAAACAACTAATTCAAGTGAATGGTTTTAAAGAGGCTTTAGACCTTCTTTATAGAGGCAAGGTTAATGGAATTATTAGCGATGAATATACTGCTACTGTTAATTTTGAGGACTTGAATATTAGGGATGTTAAGAGAATTCTTACTGTGTCAGATTTAAAATTTGATTTAAATATTGCAGTTTATAACCAAGATTATATTTTAAGAAGAATTATACAAAAGATTTTATTCTGTGCAAACGTTGACAATAAATTATATTTTAATGACTGGGTGTTTAATATTCATGAGAGTTCTAAAGATATAATGCTAAAAAAGTCTGGTATAGCAGTTTTAACCATTGGTATTTTTATTTTTACTATTTTAATATTTTTCCTATTTAATTTGTGGAATGAAATAGTATTTAGCAAAAAAATGTATTCTTCTGCAATTATCAAGAAAAAAGTTATTGAAGATGCTATTGTTGCTAAAACTATTTTTTTAGCAAGTATGAGTCATGATATTCGTACTCCTATTAATGGCATAATAGCAGCTGCTGAGCTTTTACAAAATACTGAACTTTTGGGGGTTCAAAAAGAGTATGTACAAATGATAAATTATTCATCTATTTCATTACTTTCTTTAATTGATGAAATATTGTATATCTCTAAAATAGATATGAACGGGATATATATTGAAAATAATGAAATAGATTTGGAGCATGAAATTGAAGGTGTTTTAAAGGGTTTTCAGTCTCAAAGTGCGAAACAAAAGCTTGATTTGATTTTTTATTCAAAATCAGATTTAGGGCACTATTTAATAGGGGATAAAACTAGACTTAAAAAGGTACTTATTAATTTAATAGGAAATTCTTTTAAATTTACTACAGATGGGATCATAGTTTTGAACTATGAATGTATATGCAGTACACAGGATGGTAATGGTAATAAAATCGTTACTATTGAGTTTAAGGTAACTGATACTGGCAAAGGGATTAAAAAGAAAGATATGCAGGTAATATTTGAGTTATTTAAGCAAGGAGATTATGCTGATTCAAAAAGATATGAAGGAACCGGTCTTGGGCTTGCAATATCTAAGAAGCTTGTTAGTTTAATGGGTGGTCCTGGCATTACAGTTGAGAGTGAAGTAGGTAAGGAAACAACTTTTTCATTTATGTTGCCTTTTGTTTTAGGTGGCAAGATTAAAGATAGAGCATTAAATAAACTAGAGCTGGTAAAGGATAAAAAGATTTTAAGTGTGGTTTTAAGTAAAAAGGCTATCGAGGTATTGGATAGAATAAGTGAGGTTTTTGATTATAAAGATAATATAAATTATTTTTCTTCGTATGAAGGTGCTTATAAGGCTTGTTATGAATATCCTTATTATGATTTTATTTTTATAAACGTTGATGATTCTGGTTTGCAAGAAGGTCTTGATTTTGCTGAGAGGATTGAAAATCTAAATTATAACATAAAGATAGTGTTTGTGTTCCATTATTTAAATAGTGATAAGATTGTTAATTTTAAATATGCATATATTCAAAAACCTTTTAAAAGGTGGGATTTTTATTCTGATTGGATTAGAAATGGCCCCATTATAGATATTCCGGTAGTGAGTGAGTCTACTTCTCTTCAGCTTAAAAATAATGTAAGCATTTTAATAGCTGAGGATAATGAAATTAATCAGAAGATTTTAAAAAATATCTTGATTGTTATAGGTGTCAAAGAAGATTCTATCGATATTGTAGATGATGGATTTAAGGCTATTGAGCTTTTAAAAACTAATAGATATGATGTGGCTTTTATTGATATAAGAATGCCAAGTTGTGATGGATTTACAGTGTCTAAGGAAGTGCGCAAATTTGAAAGCCAAAATAACTTAATTCCATGTGTGTTGATAGCTGTGACTGCACATGCATTAAGAGAATATAAAGATAGGTGTTTAGAAAATGGAATGAATGATTATCTTGCAAAGCCAATACAAATTAGTTCAATTAAATGTATGTTAAAAAAATATTTGCATATTGAGGTTGAAAAAAATAAAACCATATACGATAAGAAGTTAAATAGATTTTCTGATTTGCCTAATTTAGATGTTAATGGGGCTT
NZ_CP036557.2_gap12	479325	481514	2189	CTTTGTCGTCTTTTCGTTGATAAAGGATACCTTTACAAAGATCACAAATTTCCTTTTCTTTTGTAGGCAGTGTGTATATGTTAAATATACCGCCACAGGACTTGCATATTCTTCTTCCGGAAAGCCTTTTTATTAGTACCTCTTCATCGAGTAAAAAGTTTATTATTTGAATATTTTTCAAGAAATTATCTAAAGCCTTAGCTTGATTGATATTTCTGGGGAATCCATCAAGAATAAGATTGTTTTGATTTTCAAGGGTATTAATTTTATCTTCAACGATTTTTATCGTGATTGAGTCGGGTACTAGTTGTCCACTTTCAACTGTTTTTTTGATTTCTTTCCCAAGAGGTGTAGAATTTGATATATTCTCTCTGAATAGATCTCCTGTTGAAATATGATAATAGTTAAGTTTACTTGAGAGGATCTTGGCAATTGTACCTTTTCCAGAACCTGGGGGCCCTAAAAGAACAAGTTTCATATATAACTCCTATATTCTCTTATTTTTCTTTTTGGTGTTTATCTAAGAATATTTAACAAGAATTTAAGTCCAACAATTGTTCCAATTGCAGACCCAATGTTTACAAAAAATACTATTAGTAAAATTTTTGTAATTTTATTTTTAAAATATCCTTTTATGTTAACCAAGTCTTCTTGCAGTTTTTCAAAGTCTTTTATTTTTGGTTTGTTTATGTAAGCTTCAACAAGACCTGCAACCATGCCTGTTCCGATAAATGGGATTAAAGAGAATATTGGGGCACCAATTGATGCTGTTATTATCGTTATAATATTAGCTCTTAGTAAAAGAGCAGCAAGACCTGCAAATAAAGAGTTACATATTATCCAGGACTCTAAATTTTTGTATGTCAGATCAAATCCTTTAAAGTAAAATGAGCTTGCTATCAGTACAACAATTGAGATTGCTATAAAATAAGATATTAATTTACTCATCGAAAAAGCATTTTTAGGTATGATATTAAGAACGTCAATATTGATAATTTTTTTGTTTTCTTTAATTTTTCTTAAGTTTTCTGTTATTCCTTTTACGTGACCGGCGCCAACAACTGCAAGGATTGTTCCTGAACCTTCTAGTATTTTACTTGCTATAAATTCATCTCTCTCATCAATTAAAATTTTTTTTACAGTAGGAATTTCTTTTGCAAGTTCTTCCATCATATTTGAGAGAATGTCTTGTTCTTTAAGTTTTTCAATTTCATCTTGTGTTACTTTTATATCTGAGAAAGAAAATAGACTTGATATTATTTTGACTTTTTCAAAAATTGGAACACAGTTCCAGGCTCTCTTTAGAGTAATTTCAACTTTTCTATCTGCAAGTATCAATGGTATGTTATGCTCTTTAGCTTTTAAAATAGCTGTTTTCATCTCTTCGCCAGGATTAATACCTTGTTCTTTTGCTAATTTTTTTTGGAAATTACTCAAAATAATTTGTACTATTAACAAAAATGCTTTTCCTTGCTTTATTACTTTATATATATCCAAGTTACGCCACTTCTCGTTTTCATCTGTTTCTAGAACTGCATGGTATCGAGTCTCATCAAGTTCAACGGCAATAAAGTCTGGCTTTAATTTTTCAATTAAAATAGCTGTTTCTTGTGAACTTTTTTTTGATACATGTGCTGTTCCTAAGATATATATTTTATTATGAGCCATATTAAAAATGCTGACGTGTGAAAAATGATCATAGGTATTCTCTTTTTTAATGTCCAAAAGTTATCCTTGTTTTTAAAAATCTAACCATCAAGAAGGATGGCCTTTAATAATTTTATCACATGACTTATTGAAACTATATAGTCTATATTATTTTCTTCTATTGCTATTTTTGGCATTCCAAAAACTACTGAACTTTTCTCATCTTGTGCAATGGTTAATCCACCAGCTTTTTTAATTTCTCCAATTTCTCTAGAGCCATCACTTCCCATTCCAGTCATTATTAAAGCTATTGCTTTTTCTTTTACATTTTCTGATATTGATTTAAAGAGTACCCCGATGGAAGGTTTGTGACCGTTTACATTTTCAGCATCAAAAACTTCTGTTTTGTAGTTTCCATTTATTTTATTTATTCTTGTGTGGTATCCCCCAGAGCTTATGTATATGAATCCTTTTTGAAGTATTTCTTGATTAGTTGTTTCTTTTACAATTAAGTTGCAAATATTGTTAAGGTTTTTTGCAAA
NZ_CP036557.2_gap13	482888	486989	4101	TCTATTTCTAAAGAATTGTGTTAGGTTGGTTGTAACAAGATCTAAGAAGTATTTTTTTTGAAATTTATCAGAACTTATTAAGTCATATAGTTGTTTTGGGGTATTTATATTTTCAAGTTCTTGCATTGCAACATTAATACGCCCCTTTAACACAATTTCATTTTTTTCATCAAATCTGATCCCGCTGTTTTCGTATATAAAGTTACAAAATTTTAGAAGGAGTTCATTGCTAATATTTAACATTTGATAAGATCCAAGTTTGATAAATCTCTTCTTTATTAAATAGTATTACTTAATGATTGTAAATTGCTAGCTTATTTTACAATTTTCATAGAAAAATTGTAAAATAAGTGTTGATAGCTTTATTGAAACATTAATTCAGGTAATAGACTTGTGTATAAGTTTTTATTATATTTTTTATTAGTTTTAATGCTGGTAGCTTGTGGTAGCAAAAGGAAAGATTTAGTGAAAAAAGATGGGATATTTGCATTTATTAGTACAAATAAGGGCAATATAGAAATTGAACTTTACTATAAGGATGCACCTTTAACAGTCATGAATTTTGTTGGTCTTAGTGAAGGCGCTATTAAAAATTTTGTTACAAATCAGCCTTATTTTGAAAATATTATGTTTCATAGGGTTGTTGATGAGGTTGTTATTCAAACAGGAGATCCTACAGGAACGGGGACTGGAGGAGGGCCTGGTTATTTTTCCCCGATGAATTTAACAAAAGATTGAGTAGTCATAATGAGTCAGGAATTGTTTCTATGGCTAATTCGGGTCCTGACACCAATGGGAGTCAGTTTTTTATCACTCTTGCAGATAATCTTACTTATCTTGATTTTAAGCATTCAATTTTTGGTAAAGTAATTTCAGGGATGGATACGGTTCGAAGTATAAGTCAAGGAGATAAAATAGAAAGAATAAAGATTTATCGTGTTGGTGAGGATGCAAATGCTTTTAAGGTTAACAGTGAAGAATTTTTAAAATTAAAGCAAAGTTATGAGTCAAAGAAGGTTAATGAGACTAAAAAATATGTGGCCTCTCAGCTTGAGGTAATTGATCAAGATTACAAAGATTTTTAAAAGGATGAAAATAATATCTTATACAAGATAAATAAGCAAGGTAATGGTAGAAGTGTTAAAAGGGGCAATGTTGTAAGAGTAGACTATGGGGGTTTTTTGCTAAGCTGAGTAAAGTTTGACAGTTCAATTGACAGGGATGTGAATCAATAGAGTTTATGGTTGGGTGATGGGCAAGTGATTAAAGGTTGGAATTTAATGTTGTCAGATGTGTGCGAGGAAGAGGCGAGAGTAATAATAATTCCGCCAAATCTTGCCTATGGAGAGAGAAGCATTGGTGGAATTATAAAGGCAAATTCTTTTTTAAGATTTAATATTATTTTAAGGAAAATTAAGTAATGTTGAATCGAGTTTTTTTGGACAAAAATATTAAATTTGAGATTTATAGGAAATTTTTTCATGTTTCTACTTTAATTTTTTTGTTGTTTTATAAAGTAAATTTTTGGATAGGTATTGCATTTAGCTTATTTTTTATATTTGTATACTTAATTTTAGAAATATTTAGAATAATGAAAATAAATTTATTTTTTCTAAAGGGTATATCGGAAATAATATTAGAGTCTAGAGAGGTGTCTTCGTGCAAGGTTTCTTTTTCTCCAATATTTCTGGTGATGAGTATATTTTATACTTATTTTTTTATATCTGAGCCTTTTAGTTATATTGGGATATTTTCTGCATGTATTGGAGATGGACTTGCAAGTCTTTTGGGCAAAATGATTCCTTCTTTTAAACTTGTAAATGATAAAACATTCTCAGGTAGTGTCGTTGTATTTTTGGTTTCGTTTATTGTTTTTTATTATTTTTTTCCTAACTTTGTGTTAGCATCAATTGTTGGAATTGGGGCTGTGCTTGTGGAGCTTTTTGATTTTAAGAAATACGATAACTTATTTTTATCTTTAGGTGTAGCAACTTTATCTTTTGTGTTAAATGAGTATAGTTTATAGCCAATAGAAGAAAAACTTCCCTGCTTCTCTTAAGTACATTGGAACTCCTATTAAGCTTGGTATGAAGGCGTAAGGTATTTCTATAGAATTGAGATAAATTCCCAATACTATTAGAAATATTGATATAAAGATTAAAAGGTAGTTCAAGTTTTTTTTCCTTGAGAATGCTACCAAAATGTTTATTGGTATTAGTAATGATGTTAAATCAACATAAAACCTATTATTTTCTGTTGGAAATAATAAATAATTTGTCTGGTCATAAGCGTTAATAGGTACTAATGAACTATAAAGCATTGAAAAAGTAAAAATTAAGTAAGTAGTATAAGTTATTGATTTTATTTGAAAGTCACATATGTATAGGCTTAGAAAAAATAAATTTAGCAATGAAAATATACTTATTAAGTGATAAAATTTCATGAAATAATAAAATTCTAGACTTAATGTGTGACTTAAGAGATAATGTTTTAAAATTGAAATAGGTTCAAGTATAAAAGAACAAATAAAACAATAAAAAAATACGAATTGTATGTTATTGGTTCTTTTATAGTTTATGTATGTCCAAATGGATCCTATGATGCCAGTGCTGAAAATGAAAAATTTATCTACTAAAATCAAGAAGTTCTCGTTATAGGTCTTAATAAGATAGAGGTAAAAGTTTATATTAAAATTTATGTAATATACGAATATTGATACAACAATTATTCCCAATATAGAGATTGTTGACAAGAAAATGTTTAATTTTGCAAAGAGTATTTTCATCAAAATTTCCAAGAATGTATGTCTTTTTTCATTTTAATTATTTTTTTTATTCCAGCATCAAGCTTTGCAAAGAAATCTATTTTAGTTTTTTTTTCAATTGTATTAACGTTCACAACATAATTTCTTAATTCTAAATCTTTGGCCTTTTTATTTGGGATGATGAAAGCCAATATGTCATAAGAGTTGTCATTATTTAATGATAGTATTATTTTATAGAAATTTTTTGGAATTAGAATCTTATTTTTTCCAATAAATCCCTTATTTTCTGTTAAAATTCCTGCACTAATAATATAAAGCTTTTCTTTTAAGATGGCCCATTTTCTAACTAATTTTTCAAGCTTAAGCCAGATTCCGGAGTTGAACTCTTTTTGTTGAGGTGATATGTTTGACAGAAAATATGTATCTATCATTGCATTCTTGGAAAAAGACATGTCAGCAGAACTGACAATATGCCCCCTGTCATACCCGCTTTTGATGTAGTCAGTTAACTTGGGAGCAATTCCTTTAATATCTTTATCTTCAAAAAATTTTTTACTTCGTTTGATTTTATTTTCTTTAACTAAAGTTAAGGCCAATTCGATCATTTCTCTTTTTAAGTGGTAAGCCGTCCATTCTGCCTGCCTTGCACTCTCTGCATATCCTAAAGAGTAGTATTTTTTATTTAGTATTTGAGTGGTAAGATAGCCTTTTGGTAAGAGATGCTCTTCTTTTAATTCGATTGAACTTTTAGGTCCGTAAATTTGCTCATTGAGTTTTTCTAAATAACTAGAAGCTATTTCTTTTATATTATTTAAGGTTTTTGGATTTTGATATAAAAATAAGAATACCAATAAAATTAATATGTAAAAGCAGAACAAAATTTTTATCTTTTTTTTCATAATTATATTTCTTTACTACATTTAAGATTATATCTAATATCAAAATCAAAAGAAACATTGAATGTATTAATAAATACTCAGTTTTTGAATATGTTATTGAATAATATATAGATTTTTTTGTATATCTTTCAAAAGATATATGGCTTTGTTACGTGATGTAATTTTTAATAAAGAATAAATTCTTTCTCTACTGAAGAAAAATCATTTTAATTTTTCTTTTAATAATGGGCTTTTTGTATTTCATTTAAAGAATGTAAACAAGTGTATATTAATATAAAATAAATTGAAAATAAAGAAAAATTAAAATCAAGGGTTATGATTTGCCACTATGATAGAATTAAGTTGAGTATTTAAGGGGGTTAAAGGTTATATTGTAGAGTTTTTCAAAAAAGAACTCATTTTTATATCTAATGAAATAAATTTCAAGGAAGAAACAAT
NZ_CP036557.2_gap14	495578	496149	571	ATACAGATGTGATGAAAAATTCATTTTTTATTTTTTGTAACTCTTTTAAGATATTATTATCATTTAAGTTTATTGATTTTACAAAGTTGTCTAGCTTTTCTTTATTTGTGGTGTATTCTTTATTATTAAGATAATAAATTGTTTTTGATAATTCTTTTATTATTTTTATGTTTTCATTTGCATTTAAAGACATAATAAATTGTGTGAATAGTAATATGAGAATTATTTTCATTGCTTTTACCCTTGAAATATTTTTTGGATTCTTATAGGTATATTTTGATTAATCTGAATATTATTAAATAATATGATCGCAATTTTATCCTTGTCATCAATTATGACTGAACTATTTTCGACATTTTTTGGAGATGTGAATATTAGTTGTAAGGCATTGTTAGTATAATCTAGTAAACAGAAATATTCTTTTCCTTCATTATTGATCAATTTGATAGCGTTTTTATATGAAATTTGTAAGTTTGGACTAATTCCGATTATTTCAAACGTTCCAGAACTTGGTAGATTATAAATTTTTTTGTCTATTTCCCAAACAAAAGTTTTGTCTTCTTTAAATCTA
NZ_CP036557.2_gap15	553125	557289	4164	TAACAGTGGAGTTGAATATTCAGGAAGTTTTGAAGGACTTGTGATATTTCTAGAAAATTCTTCTCTTGCACCTTTAATTCATGGAGATTCTAAGTCTAGTGTGATACTTTCTTCAATTCATGGGGTTAAAGGACTTGAGTTTGATAGAGTGATAATATCTGGTCTTGAGAAGGGATTATTGCCTGCTGAGATTGAAAAATTGACTCAAGACAGGCTGGAGGAAGAAAGAAGGCTTTTTTATGTTGCTATTACTAGAGCTAAATTTGAACTTGTTGTTACAATTAATTTGCAGAGATTTTTTGCAGGAATTTTAAGAAGTACAGCTATTTCAGTTTTTTTCCAAGATATTAGCAAAGATAATTATGATATTATTTTTGTTCCAGAATACTTAAAAGATAATTTTAAATATTTTTTTTCAAAAAATGGTAGTAAAAGCTTTAATATTGGAGATTATATAAATTATAATGGTGAAAATGGTATCGTTATTGATAAATGGTATAAAAATAATGAACAATTTATTAAGATTCATCTAAGTGATGGCAAAAAAGCTGTTTTAAGCTCAAACTACATTGAAAAACTTTATAAAATTTAGAGGTCTAATTTGGAAGATATTCATTTAGAAAATAGTTTGAAGTTAAGCTTATTAAGATTAAGTGAAAAAGAGGAACAGAAATTTGTTGAAAAATTTGAAAAAATTATTGGCATGTTAAATAAAATTTCTCAGATTGAGGTGAGGGATGATGTTCAAAAGAAAACGGGTGTTATTACTGATTGCAGAAATGATGAGATTTTATCTTCTTTGAGTATTGAATCTATTAAAAGTTTTAGTAATGTGTTTGTAGATGGATATTTTTCATCACCTAAGGTGCTTGAATAGGGAGTATTGATTTGGACTTAAGGGGTTTAAGTTTAATAAAGATAAGGGAATTAGTATTAACTCGCAGGTGTAAGATTTATGATATTGTGACTTTTTATAAAGAGCTTTATGAAGCAAATAAAGGTATTAATGGGTATATTGAATTTTTTGATGACGCATTAGAATTAGCAAAAAAGTATGATGGGCTTTTAGATAGAGGGGAGGGACAAGATTTACCTTTAATTGGAATTCCTATTGCTGTTAAGGATAATATTTCAATTAAAAATAAGAGTTTAACTTGTGCATCTGAAATTTTACAAGGGTATGTTTCACCTTATGATGCAACTGTTATTAGGAGATTAAGAGATAACGGTGCAATTTTTATTGGTAGAACTAATATGGATGAATTTGCAATGGGATCTTCTTGTGAATTCTCTTATTATGGCGTTACTTTTAATCCTTTAAATAAAAAATATGTTGTGGGTGGTAGTTCTGGTGGTTCTGGGGCCGTTGTTGCTGATAATCAGGCTCCTTTTGCACTTGGTAGTGATACTGGAGGATCTGTTAGAATTCCTGCGTCCTTTGCAAATTTAATTGGTTTTAAACCTTCTTATGGAGGTTTGTCTCGTTATGGACTTGTGTCATATGCGTCATCTCTTGATCAAATAGGATTTTTTGCAAGTTCCATTGATGATGTGGCTTTAATATTAAGGTATACTTGTGGAATTGATAGAATGGATGCTACTAGTATAGATATTTTGAAATCTCCTTATCCATTGTTGAGTAAGCCTTTATCAGGCATTAAATTAGCTGTAATTAAAGAACTTGATGAGAATTTGATGGAGCCAGAGGTTGCTTGTGAGTTTGCTCTATTTAAGTCTGGACTTTTAAATAAAGGAGTTGAAATACATGAGGTTTCGATAGAGGAGATTAATTTTGTGCTTTCTCTTTACTATTCGGTATCTCCAGTTGAAGCTGCTTCTAATCTTGCGCGTTACACTTGTCTTCATTATGGAAAAAGACTCAATGATGATTTAAGTCTTGATGATTTTTATTATAGACATAGGAGTATCTTTTTAAGAGAAGAAGTAAAAAGGCGTATTGTTCTTGGTAATTATTTGTTATCAGAAGGTTATGATTTGAAATATTATTCAAAGGCTTGCAAGATTATTGAAAATTTATTGGTTCCTAAGTTTAATGCAATTTTTAGTAATTATGCGTATATAGTTACACCTACAAGTCTTGTAAAACCCTTTAAAATAGGTGAGAATTTTGATGATCCTATAAAAATGTATTATTCTGATTTGTGTACTGTAATTGCTAACCTTATTGGTGCTCCTGCACTTTCTATTCCCTTTGCTAAAGATGATAATGGATTGCCTATTGGTATGCAGATAATTGGTCAAGTTAAAAGAGATTTTGAGCTTTTGAATTTTGCAAAGAATGTAATAGAGGGATTATGATAAATGGAATATAAATTGATTGTTGGTTTAGAAGTACATGTACAATTAGGATTAAAGACGAAAGCTTTTTGCAGATGTAGAAATGATTTTGGTGGAATTCCAAATTCCCGTACTTGCCCAACATGTCTTGGACTTCCTGGGGCTTTGCCTAGCGTAAATAAAGAACTTATTAATAGTGCAATCTTAGCTGGGCATGCTACTAATTCTGAAATTAGAAATATTGTTAAGTTTGATAGAAAGCATTATGCTTATCCCGATTTACCTAAGGGATATCAAATATCTCAAAATGATGAACCAATTTGTGAAAATGGATTCATCTTTATTAAAACTTATTCAGGTTTAAAAAAAATTAATATTATTAGAATACATATGGAAGAAGATTCTGGCAAGAGTTTGCATTTACTTGAAAGTGAAAATCGAAGTTATATCGATTTTAATCGTGCAGGTGCTCCATTGTTGGAGATTGTTTCAAGTCCCGATATTAATAGTGGGGAAGAAGCTGTAGCTTATTTAATTGCTTTAAGAGAAATTTTTAGATATCTTGATTTGTCTGAGTGTAGCATGGAAAATGGGTCGTTTCGTTGTGATGTTAATGTTAATTTACTTGTTAATGAAAAGTCTGTTGAGTATAAAACGCCCATTGCTGAGATAAAGAATTTAAATTCTTTTAAATCAATCAAATCTGCAATTGATTATGAGGAATCAAGGCAAAAAGAAGAATGGATTTTACATAGAAGAACTTTTGATAGTATAGGCAAATATACAATGAGTTTTGATGATAAAAGGGGTGTTACAACACTTCAAAGAAGTAAGGAAACGGTTGCTGATTATCGGTATATGAAGGAACCTGATTTACCTTTAATCAAACTTGATTATTCTTATATTGAAAGTATAAAGGATAATCGAATGGTGGAGTTGCCTTTTGATGCTAGAATCAGATTGAAAAATCAATATGGGCTTAGTGATTTTGATGTTGTTACTTTGACTTCTGATAAAAACTTGGTTAAATATTTTGAAGAGACAGCAATGGATTCAAGTGATCCTAAGAGAGTTGCGAATTGGATATTATCTGAGGTATTGAGTGTGCTGAATGATAAAGAAATAAGCATACTTAATTTTAGTTTATCACCATCATATATTAGTGAACTTGTTGAATTTATTGTTAGCGGAAAGGTAAGTGGTAAGATTGCAAAAGAAGTATTTTTGGAAATGCTTGAGCGCAATGTTTCTTCTGCGGTCATTATTAATGAAAAAAATTTAGAACAGATAAGTGATGAATCTTTTATTGAATCAATTGTAATTGAGGTTCTAAATGAAAATCCTAAATCAATTGAACTTTATAAGAAAGGTAAAAGTCATGCAATTAGGTTTATGATGGGGCAAATTATGCGTAAAGCTTCTGGTAAGGTTAATCCCATTCTTGCGAATGAAATTTTAATGGGCAAATTAAGGGATGTGTAGAGAATCTTTGGTTGATTGTTTACCTATAATTAAAAGGGCAAGGTTTTTTTATCTTTATGATATTAATGGTAATAGATATTTAGATTTATACTTAAATGGAGGTCTGAGCTTTTTGGGGCATAGAGTTAAAGGGTTAAATCTTATTCTTAAGCAAACTTTTTCAAGAGGTCTTACGGCTTCTTATCCTTCTGTATTTAGAAAGCAATTTGAAAATGTTCTTTTTTCTTTTTTTAAGGAAGCAGGTTTTGTATGTGTTTTTAAGTTTGAGAAGGATGCTAGAGATTTTTTATTGTCTTTAACAGGTCAGAGTTGTTTTAGTAATCCTTGGGAAGAAAAACAGGGCATATATGAATTTAGGGTTGGATTTAATAATTTTAGATATCC
NZ_CP036557.2_gap16	558527	560933	2406	AAGATGATTCTTAGAGCTAATGGGTTTTTAACAAGAGATTCAAGAAAAGTTGAGCGTAAAAAATTCGGTAAAAAGAAGGCTAGGAAAAGTTTTCAATTTTCAAAAAGATAGGTATTCGTTTTTACATTTTATTTGTATGAAAAAAGCCCTTCAAAGGGCTTTACTTGTGATTCTTATTTATATTCTTATTTATATAGAATAAAAAACATCTTTGCCATGGTATTCGGCAATACTTCCTAATTCTTCTTCTATTCTTAAGAGTTGGTTATATTTAGCTATTCTGTCTGTTCTTGATAAAGAACCTGTTTTAATTTGTCCTGTTCCAAGTGCAACAACAAGATCAGCAATTGTTGTGTCTTCTGTTTCTCCTGAACGGTGTGAAACTATTGCAGTATATCCTGCTTTTTTTGCCATCTCTACAGCTTCAAAAGTTTCAGTCAATGTTCCAATTTGATTTACTTTAATAAGAATTGCATTTGCGACTTTCATTTCAATTCCTTTTTTAAGGAATGATGTATTTGTAACGAATAGATCATCTCCTACAAGTTGAACTTTATCTCCGATTTTATCTGTGAGTTTTTTCCATCCATCCCAGTCTTCTTCTGCCATTCCATCTTCAATTGATATGATAGGATATTTTTCTACCCATTTTGCCCAATATTCAACCATTTCTTCAGAAGTAAGTTCTTCTTTTGTTGACCATCTAAGCACATATTTTTTTGTTTTTGGATCATATAATTCAGATGTTGCTGGATCTAGGGCAATTGCGATATCTGTTCCAGGTTTATATCCTGCATTTTTTATGGCTTCCATAATAACTTCACAAGCTTCTTCGTTTGATTTTAGATTTGGTGCAAATCCACCCTCATCTCCAACAGCTGTTGAGTAGCCCTTTTGGCTTAAAATTCTCTTGAGTGTGTGAAAAACTTCAGCAGCCATTCTTATTGCATCACTGAAAGTTTTTGCTCCAATTGGCATTATCATAAATTCTTGAAAATCAACAGAGTTATCAGAGTGAGCACCTCCATTTATAATGTTACACATAGGTGTAGGTAAAATGTTGGCTTTGTAGGCACCAAGATATTGATAAATTTTAAGTCCAAGGTATTCGGCTGCTGCTCTAGCTGTGGCCATTGAAACTGCAAGAATAGCGTTAGCTCCAAGTTTTGATTTATTAGGTGTTCCATCAAGTTCAATCATTTTTCTATCGATTTCAACTTGGTTTAAAGCATTCATTCCTTCAAGTTCTGGAGATATAATGTTTATTATATTTTCGACTGCTTTAAGTACTCCTTTGCCCATATAAACAGATTTGTCGCCATCTCTTAATTCAACAGCTTCATTTGTTCCTGTTGATGCACCTGATGGGACAGCTGCTCTACCCATAGAACCATCTTCAAGTATTACATCTGCTTCGACTGTTGGATTTCCTCTAGAATCAATTATTTGTCTAGCTTTTATTTCATAAATATGAAAACCCATTTTGTAACTCCTTATAGGTTAATATTTGTATATTTACTTTAGTATATGTTTTTAGTATAATAACAAACAAGACAAATGTGTAGTATTTTAGCGAAAGAATTGTTTGTTGTATTTTTCAGTCAAATGATGGGAAAAATGTTGAAGTGGTTATTTTATTTTGTGTTTTTTTCTTTAATCTTGTTAATGTTTATTCAAAATCTTATGTAATTGAAAATTTTGATTTATCTTTAAATGAATTTTTAGAAGTTTCAACAAGAAAGGATAATTTAGAACCAATTGTTGACTCTAAGAGAGTCATTATGTTTTATCCTTCTAATAAAGGTATTAGAAAAATTTTTGCTGCTTTTGATTTTGATAGTTATTCAAAAAAGTATTTGTTTAAGAAAAATAAGTATGGACTTTTTTTTGTAAAGGTAAATCTTCCCCATAGAGTTGGTAAAATTAAATATAGGCTTGTTATAGATGGTATCTGGACAAATGATGAGTATAATAAAAATGTAGTCTTTAATAAAGACTTAATACCATTCTCTATAATTGACATAGGCGTAGATCATAGTTATGTGTCTTTACGCAATCCAATTGATTCTTCTGATGGTAGAGAAGTTGAGCTTTTTTATATAGGTCGTCCTGGACAGATTGTTACAATAGCCGGTAATTTTAATAATTTTAATCCGTTTTTAAATAGATTAATTGAACAAGAACCTTATAAGGGTGTGTATACTATTAAGCTTAGAGACCTTCCTAAAGGTAGGATTTATTATTATTTTGTTGATTCTGGAAATAAAGTTATAGATAAGAATAATGTTAATAGAATTAATCTATATGCAGTTGAAGGCATTGACAATAATATGGATTTTGAGGTTTCTTATTTTGATAATTAGTCTTTTGAAGTTAAAAGCTGCAATTTGAGTTAGCAGTTTTAAA
NZ_CP036557.2_gap17	643857	645508	1651	AGAATGGAAATAATTCAGCTTTCAGGATATGTTGATGATGAAAAAATAGAGATAGCAAGAAAATATTTGATACCAAAGGTTTTAAGAGAAAATGGCGTTGATAAAGATTCTTTAAAGTTTCAGGGTTCAGCTCTTGTTCAGATTGCTAGGGAATATGCAAGAGATAATGGACTTAGAAATTTTGAGAAGTATTTAAAGCAAATTGTTAGGAAAGTTGCAAGAAAACTTATTGAAAATGAGTCTGTTAAGGCATACCAGATTTCTAAGGAGAATTTGGAAGAATATATTGGTATTCCTGTGTTTAGAAAAGAAGAATTTTTGCATAAGGTTATGTCTCCAGGTATGGTGATGGGTCTTGCTTGGACTAATTATGGTGGGTCAACTTTAGTCATTGAGACTGTTAAAACCGAATCTAAGTCTTCTGGTATTAAGTTGACGGGTAGACTTGGAGATGTGATGAAGGAGTCTGCAAATATTGCGCTTACTTATGTTAATAGTATTAGTGATAAGCTTAAACTGGACAATTCTTTTTTTGAAAAAAATATAATTCATTTGCATATTCCAGAAGGTGCAACTCCAAAAGATGGGCCTTCTGCTGGAATTACTATTGCTAGTGCTTTTATATCTTTAGCTCTTAATAAAACTGTAAGACCTAATTTAGCTATGACTGGAGAGTTATCATTAACAGGGAATGTAATGGCTATTGGGGGATTGAGAGCAAAAATAATTGCTGCTAAACGAAGTGGGGTTGAGCATATTATTATTCCTAAATCAAATAAAGTAGATCTTGATGATATTCCTATTAATATCAAGGGTGGCATAAATTTTCATCTTGTAGATAATATGCATGAAGTTATTAAATTATTATTCTAGACTTTTAAGTCTTGTCTTAGTTTATTACTTTTTCAAGTATTCTATATTTTATTCCGTTAGTGTTTTATTTGATATTTTTATTATTTGAACTGTGGGTTTAAATAGGTAAATTAGCAATGGCAGTAGTGTTAATGATGCTAGAGATGTTGTTATCATTGTGAAGGCTATGATTGCACCAAGTGTTGAGATTATTTTGTAAGTGGAAAATATTAATGTTAAGAATCCTATTCCTACTGATATTGAATTTGCAAAAATTCCATCAAATACATTAGGAATTGATTCAATTAAAGCCTTTTTGTAGTCCTTAGTTGTTTGATAATTTAATCTAAATGCATTAAAGAAATGAATGGAATAATCTACTCCTATACCCATGCTAACTGATGCAATTGTTGCCGTTGCAGGATTTAGCGTTATTCCAAAAAGTTTCATTACAGCAAAGTTTAAAAATACTGACCATACCACTGGGGTAGCAATTATTATTCCAGTTTTGATAGATTTGAAAAATAACATTAGCAGTATTGTTATTGTACTAAGCGTTGCGATAATGTTTGTAATTTGTTCTACTACCATAATTTTAGATATTAATATTTTTTCATATGCGCCTGAGAATTGATATTTATGACCTGGCATGTTTTTTTCAATTAAATTGCTTGCGTAGTTGGCAAAATTTTTAATTTCTTCAGTTGAATTTTGGTCGGTTCTTACAATCATTGATATCTGGGACCAATCGTCGTTAATATACATTTTTGCTATGTTCTTAATAGAATTGCTTCTACTA
NZ_CP036557.2_gap18	654081	655076	995	GTTTGTTTTGCTTTCTGTTAATTATGTTACTCTTAAATCGATTGTTAATTCTACTGAAAAAAGTTATGCGCTTGCAGAATATGAGATTGAAGATTTTAGAAACACGGTTGTAGAAATTAATTCTGTTGCTAGTAACTTTTCTAAAGTTTTGGATGAACTTAGTACTTCCTTAAAAATAAAGGAGAGTAATACTGAGCTGAATAGAGATAAATTAGAAGGAGACTTTGCAGATTTTATTGATTTGCAAATATTAGAGGCTAATACACTTAAAGAGTTAAATGACCTTAAAAATGTTAAGAATACAATAGAAAGGTCAATTGTTCCCCTTAATAGTATAGTTAAATTGCTTCATTCTCAAAATAAGTTATTGAATGATATTCCTTCGCTCTGGCCGATTTTTAAAGGTAGTGGTGTTGTTTCTTTGCATTTTGGACCTGCTATTGAGCCTTTTACTAGACAATGGTATATTCATAAGGGCATAGATCTTGCGGGAATAAGAATTGGAACAGCTATTGTTGCAGCTGCTAATGGTGAGGTTGTTAGGGCTAGTTATCAAGTTACAGGTTATGGTAATTTTGTTCAAATTAAGCATAAGTATGGACTCTCAACCCTTTATGCGCATATGTCTCGCTTAAATATTTCTAAGGGTTCTTATGTGAAAAAAGGCCAAGTAATTGGTTTCCTTGGTCAGACAGGATATTCAACAGGTCCACATCTTCACTATGAGGTTCGTATAGGGTCTCAGGTTGTAAATCCTGACATGTATTTGAATTTGGCAGTGGGGGCTTCAAAATAAATGCTGAATCTATTTAATATTAAAAAAGATAAGAAGGATAAGAATTTTTCATCATCTTTTATTTTTGCAGAAATAAAAACAATTATTGGAAAGGATGATTTTTTCAAGGGAGAAATGGTTTCAAATAATTTTATTAGAATTGATGGTGATTTTTTAGGAACTATTAATTCTAATAAGAGGGTTATAGTTGGAGAAACAG
NZ_CP036557.2_gap19	708551	713298	4747	ATTTCTATTTTCTTGTAAGTATTCTATACTAATTTTGTTAATTTTTTCTGGAAAACTTATTATTTGATCTACTTTTATTGTTGAAATTTTGTCTATATTGTATGATATTATAGTAACGGCAATTATTAAGAGAAAAATGATGGATTCAATTTTCTCAGATTTTTTAAATTCTTGCTTCATTGCTGTGGTTTTGTGTTTTAGGTGTTCAGCAATATTGGTAAGTATTACTGAGAAGAGTGATATTGCTATGAAATAGCTTAGTGCAATCGGTTTTGATATCATTGAGGTTGTTTGTATTGATGTTATTATCATAAAATTTGTTATCCAAATAAGCATTATTACTATATTTTTTAAAATTTTTATTTTGTTAGGAATAACTAGTATTAGTATATTTTTTAAAATTATGATTAAAATAAATTCTATTTTGATGTATAATAACATAATAAGCTCAATAATAGAGATTACTATTGCTAAATGTTTGAGTTCTTTAAGTGTTAAGTGTATTTTAAAATTATATGTGAGGTAAGATATAAGATTAAAGATGAATAATGTGAGAAAGAAATTTACTAGATATATTGGATTTATAAAGTTATAGTCTATGAAATTTTCATAGACAGTCAGCATTTTAGTTGTGATTAAAGTGGAAATATATGTGCTTAAGAATAAGATAAAAAATAGTTTTATTATTTTGTGGTAGTTTTCTTTGGTCTTTCTAAGGATAATACTAGTTTTTTTAAATCTTTTAATGAACATTAAGATAATTAAATTATAAATAGCATATATTATTATTATAAGAGTGTTTTCATTTATTATGCACTTTTTAAATGGAATATTTATGATGATATAGTGCAGAGCATTTTCTTTTAGAATGTTTTTTTTAGCTTTGATTGTGTCTTCAATTGATTTATAAATGTCACAAAGATTGTTATTCTTTAGATATTTTAAGAGTGATTGCTCCCTATTATTGTTTATTATTAAAATTGGAATTTCTTCTTTTAAATATAGGTTGTATATTTCGTTGGTATTTTTATCATTTATTTTTGATATCTTAAAATTTACTTTATTGCTATCAAATGTTTTTATTAGTATTTCCAAAAAGCTTAGACTTGTTTTTGAGTTTATTATGTTTGATTGATTTTTAAATTGTATTGGATTATTTTCTTTTTCTGCATTTAACATTAGGTATATTGTATTTGTATTCTTTTCAATTAAATTATTATTTAATAATAATCTACTGCTTATTGTTGTTATTTGTTTGTGTGAATCGTCTTCTATAAAATAAATATTTATGTTGTTTTTAATTTCTTTGTTCTTCAAATTATTTAGTAGCGTGATTACAATTGAAATTGCTAGATCATTTTTTAAATCATATTCTATCTCGACTGGTACAATGATATTATAAGTATTTTTTTCTGTTCCTTTTATTTTTACGTGAATTGTTTTTTGTGAGTATCCAATAAATCCAATTTCTTGTAGTGAGTGTTCTTTGTATTGAATCTTATTTTTGAGAAAGTATTTTTTTATGTAATCATAAATATTTTTTATTCGTTGTATTTTTTCTGGGGTTTTATTTAGTGTGTTGATTTTTGTGATATGTTGCCTTATTTGATCGTTACATTGTTTTGTATCTTCTGCTTTGATTATTTTATGTGAAATGAATGTATGTATTAATATTAAGAATATCCTAATTATCATAATTTTTAATATCTTCTTCTACTTGCATTATTTGGAGTACATTGGGGTTTGCTTTAAGTAAAGCGAAGATCATTGATACTTTTTTGGCATTTGATGAGATAATTATATTAATTATTCCATGTCCATTTCCACAGTCTTCTATTTTCTCGCTAATGAGTCTTACTTCAAAGGTTGTAAAAATATTATCTAGATAATTAAAAAGACCTTTTAAATTTTTTAAGAATATTATGATATGGTACACTTTTCTTGTTGGGGTTGCTTCCCATTCTACTTCAACAAGATGATTTTTTTTCTGATTTTGAATTTCTTTACAATTTTCTTTGTGAACTACGATTGTGTCTTTTTGTATTATTCCAGTAATGTCTTCCCCTGTTGATGGGTTGCAATCAGAAGCTATTGTAGTACTTTTTAATTTGGATTTTGTTAAAGATTTGAACAGACTAAAGAGTCTTTTTTGTTCCTTATTTTCTCCAATGAGATATGCAATTATGTTATTGTCTACAAATATTGTATTATCATTTTTATTAAGCCAAGATCTAATTTTTGAACGTGCTTTTTTTGTTCTAACGCTATTAAGCCAAATTACATCAGGTTTTGCCTCTGAAGAGGTGAATATTTCAACGATTTGTTCGTTTTTTAATGGTTTGGTTAGTGAGCTAATTTTTCCATTAATTTTTGCATAAAGAGCTTGATCTCCAATGTCTGTGTGTATTGTGTATGCAAAGTCGATTGAGTTTGAGCCAAATGGAAGTTCTACTATTTCTCCTTCTGGTGTATAAACATATATAAATGTGTTTAGGAGTTCTTTATATATATCATGCATTGAATATTGGTTTTTATTGGCTGATTCTTGTTGCCATTTTTTGATTCGGTTAATGAATGATATGTCATCGGCTTTTAATTCAGCTTGTTCTTTGTAGAGCCAATGAGCTGCAACACCATATTTAGCAATTTTATCCATTTCTTCTGTTCTAATTTGTATTTCAATTAATTGGTTATCTTCAGGTATTCTAACAGTAGTATGCAAAGATTGATATTTATTCTCTTTAGGGATTGCTATATAATCTTTTAATCTACCAGGTATTGGTTTCCAAACTTTATGTACAATTTCTAATATTTCATAGCATTCTTTTTGTTGTTTACAAATTATTCTTATTCCTAGAGTATCAAAAATTTGAGAAATGTTATTATTTCTTGTTTTCATTTTTCTAAAAATTGAGTAAAAATGTTTTGAACGAACTGTAATTACAACATCAATTCCTATTTTTTTAAGTTCTTTTTCTATTATTAATTTTCCCTTATATAATTTTTTTTCTCTCTCTATTTTTGTTGCAGCTAGAAAATTTTTGATCTCTTTGTATTCTTTTGGATAAAGATATTTTAATGATAAATCTTCAAGATATATTTTTAGAGATGAAATACCAAGTCGCTCTGCAATTGGTACGTAAGTGGCAAGGCAATCTTTTGCAATTCTTTCTCTTCTGTTTTTAGGTAAATGAGAAAGAGTTGCCATATTATGTAATTTATCAGCAAGCTTTATGATTATTATTCTAATATCATGAGTCATTGCAAAAAACATTTTTGAAAAGCTATTTGCTTCTTTAATTGCTCTTGTTTTATTGTGTAAGTCATGAATTTTTGTTACACCATCAATTAAACTTAAAACTTCTTGATCAAACTCTTCAATTATTTTTTCCTTAGCCACGCTTGTATCTTCAAGAACATCGTGCAATAGACCAGCTATTGTTGTTTTAAAGTCTAGTTGAAATTTTGTGAGAAATAATGCAACCATTATTGGATGAATTACATATGGATCTCTACTTTCTCTATATTGTCCGTAGTGTAATTGTTCTGATATTTCAAGAGCTTTAAATATTAATTTTTTTTGAATTTCATCTTGATAGTTATTATTGACAGTTTTTCTAAAAATGTTTTTTAGTTTATCAATATCATTAATTTTAAGTAAATATGCGATTTCATAAACTTGTATCATGATTTATTCTTAGGATCAGTCCTCTCTCTCTGCTTTCAATGTCATATATGGTTTTTAAATATTTAAAACCTTCTTGAATTGCAAACTTTTTTAAAGATTTTGTTTGCCATGGAGCCATTTCTATTATTAAGAGTCCATTCTGGGCGAGCTTATATTTTGCTTGTCTTATTATTTTCTTTGAAATTTCAAGTCCATCTTTTCCAAACCCCAAAAGAGCTAGCCTTGGTTCTTTTGCTAATTTTTCCTTTGTTTTGAGTTCATCTTTATTTAAGTAAGGAGGATTAGTGATTATTAGCTCAAACTCTTTACCTATACATTTTAACAGATCTGAGTGTTGTATTTCTATATAATTTTCTAATTTTAATTTTTGTTTGTTTTTTGACGCTACTTTCAATGCTTTGATAGAAATATCTGATAGTGTTACTTTGAGCTTACTATAATGTGCAATTGTTAAACCAATGCATCCACTTCCGCAACATAAGTCTAGAATCTTGCTTAAGTTGTTCTTTTGAATTTGTATTAAGGCTTCTTCTACTATGCATTCTGTATCTGACCTAGGAATTAGTACATGTTTATTTATATAGAATTTGATTCCCATGAATTCTTTTGTTCCAAGTATATGATGTATGAGAGTTCCTGATTTTATTTTGTTTATTTGATGTAATAATTTATTTTCCTCTTGTTTTGTTAATTTCTTATTTATATTTGCAAGAATTATTTCTTTCCGATTTTTTAAGATTTTTTCAAGTAGTAACAAAATTTCAAGAGTATTTAAGTTATATTTTTTTGCATTTTTTATAGCTTCATTTATTGTCATTAGCAAAATTATATTGGGTTATCTTTTAATGCTTGCTCTTGAAATTTTATAGCTAGTGTGTCTAGAAAAGAATCAAGTTCTCCCTGCATAATTTCTTCTAGTTTATAAAGGCTAATATTTACTCTGTGATCTGTTATTCTGTTTTGTGGGAAATTGTATGTTCTAATTCTTTCAGACCTATCACCTGAACCTACTTGTTGCTTTCTGTCATTTGAGCGTTGTTCTTGTTTTTTGAGTGCCTC
NZ_CP036557.2_gap20	716301	719051	2750	AAAATTAAAAATTGTAATTTGGACAGTGTTGTCTCTGTGTTATTTGATAACTTTAAGGATTTATTTAAAGATTCAATTTGTTAATTATTATCTTAAATAATTGATGTTTCTTTTTCATATTTTTCATATTCATTTATAAATTTTGGTCCAACATTTTAGTCAATATATACAGATTATTAGCCAATTATTTAGGTAATTTTTAATTTTCAATATAATGTAATGTGCTTTGAATATCATGTTTATGTTGTTTTTTTATAAATATTAAATTCGTATTGGAAGTTTTTAGTAATTTTTTTTACTATTTCTATTAAATTCAATTCATTAATGCCAATTATATATTTTGTATGAATTTTTTTTAAATCTTTTTTATTGCTTCCAATTAATATGAAGTCTATTTTTTTAAAAAAAGTTGATTCTGATAATTTTTTTAAAAAAACATGATTATTCTTCATTGAAAATAGGATAACTCTTGTTATCTTGGGAGTAATCAAATTTTTTAAGTACGGGATGTTTTTGTGATCTATCACAATAATGTTTATATTCTTCTCTTTTGCATTTTTTTTCAAGTGCTCTGAATCTTCTTTGTTTAATGTGTGATCTGTCATTATTAATGAAGTCTTTAAATCTGTTGATGAGTCGTTGAATATAAAATCTATTGCTTTTTTTAATGAAAATTTGATTTCAGAGAGGTAGAAAGTTTTTTTTTTAATTTTATTGTCACTGAATATTGTATTACTTGGTTTATGTGTAAGGAGTATCTTTTTTATATTTTTTAGTTTATCTTTAATAATTTCGATATCTTTTTCATTGATAAATAGTACTTCTTCTTGGATAAATGGAGCATTTTGAATTTTGAAGAAATATTCTGTTGGATTTGAAAAAATGATGACATAACTAAAGTCTTTATTTGCGATTTTATTGTTTTTACAATCAAAAAATAGAAATAAAGTTATTGTAATGATAAAAATTTTTATTGTATGTAGCATTATTTTGTAGTTCTAATAAATTTTTTATTCAAAATTGAGATTCCCAGTATTATTATTAATATAGTTAAAGCATAGGCTTGTGCGTTGGTTAAAATTAATACTTTTAAAAGTGTAATTATTGCTTCTAAGATTAAAATGGGAATGAAAATTAATTTATACCCATTTATGTTTTGTGTCATATTAAGATGTATTCCTTTTGTACATATGCTTGCTGTAGATATTAGTTCTAGTATATGTAGAAGGGGTATTTTAATGTACTCATATGTACCAAAAACTTTACTGTTTGTGATAATTAGTTCTAAATTTTTAGAGAATATTAATCCAAATGCAAAATATGTTAAAAATATTGGATTTTTTTTAAGCAGTGAATTTGGATTGAATGTAAAAAAAAACGTGAATATAAATAATGGGAGAACATAATAATATATTTGCTCTTTAATAAATATTGAAGATGCTAGACTAAATTTTGTTTGGTAGTTTATTAGCAGGGTTTTGTATAATATGAATTCTTCTGTTAGGTATAATAAGGAAAAAATGGTCATAGCAGATAGTATTAATATTGCATGAATATAACTCTGTTTGATTAATTTTAGATGAGAATGTTTTATTTGCATGTATATTTTAAAGGCTAAAGGCAAGCTTACTAGCAAAAATATATTCATAATAATTAAATTTTACTTTTAAATTACTCATTAATCAATTGATTTTTATTTTTTGGAATTTTAGAAGATCTTTTTATTATTGTTCTTAATAGATATGTGTTCGAATTTACTTTTTAATTAAGGTGTATTAAAATTAATTATTAATTAATGCTATTTGAGGAGTGCGTATTTTTAGATGATAAATAGGAATTTCGGTAAAGATAGAGATAGAGTAAGGTCAGGAGATAAAGAGTTAAGAATTAATCATAAAATTAAGGCTCATGAGGTTAGAGTGGTTTTTGATGATGGGACTCAATCTGTTTTGTCAATTGAGGACGCTATTAGACGTGCTAGGGATGTTGATCTTGATTTGGTTGAGGTTTCTCCAAATGCATTGCCTCCCGTTTGTAAAATAATTGATTATGGAAAATATAAGTTTCATCAGGAAAAGCGTCAAAAAGAACAGAAGAGGAATCAGAAAATAATTAAACTTAAAGAAGTTAGGATGCAGCCAAAAATAGATACTCATGATCTTGATTTTAAGTATAGAAATATTTTAGGATTCCTCAAAGAAGGTAATAAGGTAAAAGTTACTATAAGATTTAGGGGACGTGAGCTTGCTCATACTCATTTGGGCTATGGAATTTTAGAAGGTATTCTTGAAAGGGTGGGTGATTCTAATTATGTTTTAGAGTCACCAGCTAAGATGGAAGGCAAGACAATGTTTTTAATTATTGCACCTAAGTCTAAGAAGTAATTAATAAGGAGATATGAATGCCAAAGATGAAGACATGCAAAAGTGCGAGAAAAAGGTATGCTTTTACTTCAAGAGGTAAAGTCAAACATAAAAAGCAAAATTTGAGACATATTTTGACAAAAAAGTCTGCAAAGAGAAGAAGGAATTTAGGTAAATCAGGTTTGGTTTCGATTTCTGAAATTAAGCGAATCAAAACCTTATTACCTTATGCTTGAACATTTAAGGAGATTATATATGGCTAGAGTTAAGAGTGGCATGGTTCATGTTGCAAGGCGAAAAAGGATTTTAAAGAAAACAAAGGGCTTTTGGGGGACTAAAAAAAGTAATTATAAGAAGGCTAAAGATACTCTTCGTAAAGGTATGATG
NZ_CP036557.2_gap21	767914	770532	2618	TAATAGTACATATTTTGATTTTTAAAACCTTTCTCTATAAATAATAATTATTTCAATAAAGTAATTGGAAAAAAGACATTCAGTGTAAGCATTATCTCATTGACTAATCTACAAGTAATTAAAATTTGAATTAGGATTTTATTATTGAAAATGTTATAATCTAGTAACATTATTAATATCATTAGATATTATATAAAGTAGGATTATATGTCTGTAGTAAAAGCTTTTTTTGAGATTGCTGAAAAGCATGGCAGTGGAATTGCACAAATATATAGAGGAAGCAATAAAGAGTATTTCAGAGTTACTTATAAGGATTTAAAGAATAATGTTTTGAAATTTGCATCATTCTTAGAAAAAATGGGTTTGGGGTATCAAGATAAAGTGTTTATTTGTTCTGAGAATAGAGTTGAATGGAGTGTTATAGATTTTGCAATTTTGGCTTTAGGTGCTGTGGATGTTCCAAAGGGAACTGATGTTACTTTTTTTGAGATTGAAGTAATTATTAATGCCATTCTTCCAAATATAGTGATAGTGGAAAATTTAAATCTTCTTGATTTGGTTGTGCAGGTTAGTTTTAGAGTTAATCCTATAATTGTTATTATTGATGATTTAAATGAAAAAAATAAGGAACGGTTTAGTAATTTTAAAATTTATACTTACAAAGAGTGTCTTTCAATTGGGGATAACACAAGGCAAGATGAAAAGATTATTAAAATTTTAAAGAATGTTAGTCCTGATGATATGGCAACAATAATATATACTTCTGGTACCACAGGGGCACCTAAAGGAGTAATGATCTCTCATGCTAATTTTCTTTATCAGGTATCTAGTTTTAGTCGTATGGTTAGTGTTACTGAGGGTCAAATATTTATGTGTATTTTACCAATTTGGCATTCATTTCAGAGATCGTTTTCTTATAATATTTTTCTTAAAGGTATGACTTGTTTATTTTCAAGTATTGTTCCAAGGAAGATGCTTGATGATATTAAAAATATTAATCCTCATTATCTTGCTGCTGTTCCTAGACTTTGGATTGCAGTAAGACAGAATATTTTTAAAGAGCTTGTCAAAAAGTCATTCTTAGCAAGATTATTATTTGAAATTTTTGTTAAAGTAGCATGTTTGCATGATATCTGCTCTAGGATAGTTTTAGGATTGTACCCTAATAATGGATTTGATTTATTCATGCCTATAAAAAAATTTTTAGGAGTTTTGGGTTTAGTAGTTTTATTTCCGCTTAGAAGTTTGGGAGATTTTCTTATTTTTAAAAAAATAAGAAAATTTTTGGGCAACAATTTTATTGTTGGAATTGCTGGTGGGAGTAGTATGTCTTTATCTGTTGCTAGGTTTTTTAATTCAATTGGGATTAAGCTTGCTAATGCTTATGGGTTAACAGAAGCATCTCCTGGTGTTGCATCTAATGAGTATGGGAAATTAATGCTTGGTACTTGTGGCAAAATATTGCCTGGAACTGTTGCTGAAATTAGGGATGAACATGGGAATAAGCTTAAAAAGCCAGGTAAAGGAATCCTATTTATTAAAGGTCCTCAGGTTATGATTGGATATTATCAAGATGAAGATGCTACAAGGCGGGTTATTGGAGCTGATGGATTTTTAGATACGGGGGATATTGTTAAGTTGTCAAAGGATAATGTTGTTCAGGTAATAGGGAGAGAAAAAGATACTATTGTTTTAAATAATGGAGAAAATATTGAACCTATGCCAATTGAAATTAAGCTTGAAGAATCTTTATTGATTGAAAAAGCTGTTGTTGTGGGGCAGGATCAAAAATTTTTAGGGGCATTAATTCTTCCTAATTTTGAAGAAGTGAATAAATATTTAGAGAGCATAGGTCAGAAAATTCTTGATGCTCACAATAAGCGACAGATTATTGCAAATAACATTGTTCTTAAAGCTATTAATGATGAGATAAAAAAACTTATTAATAGAACTAATGGATTTAAGCCTTTTGAGCAAGTATTAAAGTTTGTCCTTTTAGAAAAACCATTTGAGATAGGTAAAGAGATGTCTGTTAAGATGGATGTTAAACGTAATTATATTTTAGATTTTTATAGAAATGAGATAAAGAATTTATTTTCTTAAATTATTTTAGTGTTATTTCAAGTTCATTGATGTCTTTTAATTTTGTGTTAGGTGGGTGAGATTGTTTATATACAAAACCATTGCCGTTTACCTTAATTTTTATGTTTTTATAGTTTTTTAAAATTTTTATTAGATCTCTTTTTGAGACCCCTGTAAAGTTTGGTAAAGCTCCTGTTTTTTCGTATTTTATTGTAGGTTTTGATATGCTAATTCTTGAAGAAATTTTGATTTCATTGTATGCATTTTTATTATTTCTATGTTCAATCAATTCTATTATTTCTTTTGCCATTGGTGCAGCAATTCTTGTTCCATATATTATCTTTTTAGGATATCTATACACAATGTATATAATGTATTTTGGATTTTCTGTAGGATATATTACTAGTATTGAGGATGTATAGTCTTCTTCTGAGTATTTTCCTGTATTTTTATCAATTACTTGAGAAGTTCCACTTTTTGCGGAAATACTTAAGTTTTTCATTTTAAGTTTTGGTATTCCTCCTTTATTTACAACT
NZ_CP036557.2_gap22	879173	881070	1897	TGCTGATTCTTGTAATTTTCGGGTAATAAAATTTTTACAAAATTTTGTATTACTTAGAGGAGTGGATCTTATTTTGGTTGCGAATCGATATCTAAATTTAGATATGACAAAAAGTACTATTGTTAAGGTTGTAGACAATGTTGATTCTTTTATTTTGGAATTCGTTGATAGAAATAGTATGGTGGTTACCAGGGATATATTACTTGTTAAGGAATTATTAGATTTGCAAATTAGAGTTATGAATGATGAGGGTCAGATTTTTGATATAAATAACATAAACTACTTATACTTTAGATCTAAACTAAATATTAGTTTAGGTATTAAGGTTAGAAAATGTTTTAGTGCAAGATCTAATAAAGTTCGATATTCAAATTTTGCAATTAATTTTCATCGTCTATTCTTTAGTTAGTTTTTTGTTTTCAATTTTCCATAATCCTTTTCCTTGAGTTAGTATGTAAATTACTTTATTTGATATAGGTATAATATCATTAAGTTTTGTTGTACTTAATTGTGAACCATTATAAGAGCCTGAAAATACAGATTGTGAAGGTGGTTGCAAAATAAAGGTATTTTTATTTTTAATGAGCTCTACAAATCCACTATTACTTCCGATAAGTATTATGCCATCAACTTCTCTTGCGAAATATGCAATAAATTCTCCTATTCCTTCGTAATTGAATATTGGAGTTTGATAATTATTTGTGCTTGAGTATATTTTAAATTGATTGTCTGATGCATCATACTCTCTTCCAGTGATTACTAGAGTTTCTTTAGAGCCACGTATACTTGTTTCTATTATTGCCATTATTTCATTTGTTGAGTTAACCTTTATAATTCCTCCCCCATTTAGTTGCCAAATTTTTGAAGATCTACCTGTAATTAATTTATTCTCATTTGAGATTTGATAGAATTTATCATCATTAGTTATACCTCTAGGGGTTTGATTATTTCCATTTAAATCTAGAATGATTTGTTTTCCATTTTCTTCTAATGCTAAGATATAGGCTGAAGTAATGCCACTTGTGGTTATAGATTTTAAAAATTTAATTGCAATGAGATTTTTTTTGAATTTAATTGTCCAATTATTGTTCTTGAGAGTATATAGTTCTAGTTGTCCATTTTTGTTTTGAACTAGTAAATATGTTTCCCCTGATATATTGACTAGGTCAATTACAAACTCATAAGAATTACTAAAATTTACTTTTTCAACGTTTCCATTTTCTTTTTTAAATAAATGCATTGCTGCAATATAAAGAATATTATTGACTAATGAGATGCCACTTGGGCTTGCACTGTCTAGGATATTATTGTTGTTGTTTATTTTTTGCAACTTGCTCAGTTGGGAAAAGATAGATTCACTTGAACATGATAGAATGAAAAGTGTTAATATTATTACCATGAATTTTTTAAAATCTTTTTTGTTCATCATAACCTACAATTTGCTTATATTCACTATTATTGAGAGTGATATTATTAAAAAATGTCCCATTTTAGCTGAATTTCCAAATTCAAACATTGTCCACCATGTAGATGTCATTCCTAAAGCCCATTTATGATTAAAATTCCATAGGATTCCGGAACCAATAGATATTACAGGCATTGCATCAAAAGTTCTTAAATTTGAGATACTATCACTTTTATCTCCATAAGAACTTAAAGAAAATCCTATATTTGAAAATATGGGTATCTGAAAGAGCTCGCCTATATTGAAGATATAGCTTATTAAGAATGTGATAGGCACTGTACTGAGTGTTTTACCTATGCTAGAGTCAGGATTTAACAAGCTAAATGAATGATTGATATCAAAATTAAATAAGTATCTGAGCTCAAGACCTATAGCTAAACTGCTTAAGATATGATATTGGTATTTAAGTGATCCAATTCCTCCAGGATATAG
NZ_CP036557.2_gap23	902431	906254	3823	TTATTTTTAGTCTGTGATGTGATAATTGTTTCATATTTTTTTAAATTCATATAATTTGAATTGAAATTTTGTAAATTTTTTATTAGGTTTTTTATTAAATTTTTATTTTCAATGTTAGATTTAATTTGATTGATTATTGTCTTTATTTTATTTGAATTTAACACTCCTCCATCGTCTAAGCCGGTTTTAATTCCGTTGTATCCCTTGGGGTTATGACTAGCTGAGATGTATATAAATCCTTTTGAATTTTGACTTTTTTTTGTATATGCTAAGATTTCTGGTATCGGAAGTATTCCAAAGAAATTTACACTATCTTTGTTAAAGATTAGAGTTTTAATTATTATTTCTAAAATTATATTTCCGGTTGCTCTTGAATCTAGTCCTATATTGATGTATTTTTTTGGTTGATCTTTAAAATAATTTGATATTGTAAAGGTTATCAGAGCAACTAATATTTTATCATCATCATTTATTTCAAAATCAGTTGAATTTTCATCTTTTGATTTTGCAAATATTTTTCTAAATCCTGAAGGAGAAAGTATCATTTCATTAATAGCTTTCCTTAGATTTGTTATGTTTAGTGTATAGTGTTTTAGCATATTTTCCTCTTCATTAGTATATGTTTAATATCTGCCTTTATTTTGTAGTAGTAATTATACTATATTACTTATTATTTGCTTGTAGATTTAAGAACTTAAATTTGGATTATTTGGTGATAACAAGCATTACAATTTAAATTTTGAGTATTTAAATGTACTAATTACAATATTCAATTAGTTTATGTTATAATAAAGTTTATATATGTAATTATGATGCAATGGGATAACATATGAAAAAGTATGTAATTTCCTAAAATGTCTTACAAAGGTGTTAAATAATGTGTTTGATAGTATCAACAATACGGGGGCAAAAAAATACCAATCCCCAACTCCTCCTTGTCAACATGCGTGGCTATTAGTGAATGAAGGAAGAGTGAATCAACTGGTTTTATCGTATGTGAAGACAATAAAGAAGGTTTAAGGTGTACAGATAGAGAAGGTAGAGAAGATTTGCATCAATAAATGATTGCTAAATTTATAATAAAGGGTGAGGCTGAGAAATGATGAATATCACTAGTAAAGGATAAGGACCTCCCTTGTGATGATGAGGAACAATTTAGAGGAGGAAGACTTACCTTAAAATGAAAAATTTCATTAGCTTCTGTAAATATGTGTTTCTAATGTATCTTTATTAATATTAACTGAAGTATTAAGCATCATTTTAAATAATTTTAATAAATTACTTATGAAGAATTTTAATACTATTTAAGTTCTTTAACTTCCATGACATTTTATGTAATTTTAAATTTCATTGGTATCATATTGAATGGATACATGCAAATAGCCTGGTGGATTATTTACTGTATTAGAATTATATATGAATAAGTAAGCTCAATAATTATTGATAAGGTGATTTAAGATTCTATGAATAAATAAGATTATATCAATAACTAAATCAATTTTTATGATTGTATTTTTTTACAATTTAATATATTTAATGTTTGCCTTTATTGTAGTATTATAATTAATTATACTGTATTAATTATTATTTTCTTTGTGTAGGATGAGGTTCTTTTTTTATGTATGAAGTAGTATCTAAAATCTTTTCTAAAAAAATGCTTAATGTGTTTAGTATGCATAAGCTTAAAATTTTAATATTTTTATTTTTATCAGAAGATAATTTTTATGTTTTGCTGATGATGAGCTGGACAGTTTACGGATTTAGCTCTTTATCCTTATCTTTCATTTGGTATTTTGTCTTGAGGGGGGGGTGTAACTAATTTATTTGATATACTGGAAAATAGTGATGTTAATAAATAATTAAATCTTTTATATGCAAGTAAAATACTTGAAGCTAAAAAATTTTGGTTATTTATATAAAGGTTTAATTCCAGCGTATGTTAATAGAAATGAGTAGTTATGGATTTTCATTTTTAGAATTAAATCCGATAGTTTTAATGCTTTCTAAGAGATATTTTGATCTTTATGGGTTTATGGGTAAGAGTGTGAAGCTTTCAGATTTTCATATGACGAGTTTTAAGGTTTATGCATTGATTTCTATTTTAGATAATCTTTTTGAAAATCATTTGATTGAAATCTTAAATTATTATGGTTTGCATAAGGAAGATATTTTTACGGCTATTCAAGTTGTTTTTGGTTTATTGTTATGAGAACCTAGTAATGGTCAATGTAAGGAGTATTTAAATATCAATAAGAAGAGAAAAAAGGGGGGGGAGCCTATTTTAGCTTTGATCGATGGTTATGGTCAAATTTTTAAGGTATTAAGAGATATTGTTTATATTATTATTATTATTATTGAATTCTGGGAAAATATTTGTATGTGTTGGTAATAAAGGCTGATTTAGTGAAGATAAGATTTTGTTTAATTGTTTTATTGATCTTTTTAATTTAGAGTATTTGGTGAATAATGTCGAATATATGCCTATAAGAATTATTGAACAGGATAAAGATATGATCAAGTATAATTCAGTTATAATCTGGGAAGTTTTAAGATGGTCGATAATTCATTGATTTGTGAGGTTAATGGAGGGATATGTTTTTGAGTACAAAATTATTTGTTAATATGCTTGTTACTAGTAATTCTATGCATGACAGATTTTCACATAATATTTTTTTGCTATTTTTAGGTATTTCAATAATTTTCTTTATAATAAAAAAAATTAATATAATTTTGTGTTTGGGAAAGATAAATGGGAGGGATGTTTAGATTTATGTTATTGGGACTTTTATTTTCTAGTATAACCTTACTAAGGTCTATTCCTGAAATAGAATACGATTATTTTGAAAATGATAAATCTGACCTTATAGATATTGATGAATTTTTGGGAATAGTTGACTTTAAGAAGATTTTAAAGGGACGTTGTTTGTTTATTGGCATTAGGAATGTTGCTAATCCAATTGCTGTACAAACACTTAGTATAGATGAGCTTGATAAAATAAAAAAGATAAATCCAGTGGGGATTATTTTATTTAGAGAAAATTTTAAGGATTCTCAGCAAACCAAAGATTTGATTGAAGGATTAAGGAAATATCTTGGATCTGATATTTTTATTGCTGTTGATGAAGAAGGGGGTGTAGTTACTAGAGTTAGCGAGAATAAGAAATTAGGAGTTTATAATTTTCCTTCTATGGAGTCTGTTGGTAAAACTGGAGATGTTCATCTTGCGTATAAGATTGGCGAAATTCTTGGAAAGCAACTTAGACGCCTTGGTATTAATTTAAATATGGCGCCTGTAGCAGATGCTAAATTAGATATTGATAGTCCCTTAGGTAGCAGGACTTTTGGACCTTCATTTTATAATATTGGTCTTATGGTAGAGGCATTTATTGATGGGATACAAAAGGAAGGTGTTTTTTCTGTAGTTAAACACTTTCCTGGACTTGGAGGTACTAAAGTAGATACTCATAAAGATTTGGCTTTATTACCGTATAGTAAAAATTTTTTGATGTTGAATAATTTTGTACCATTTCTTTTTGCTAAGAAAGCAAAATTTATTATGCTTGGCCATGTACTTGTTCCTAAGATTTCTGCAAATGTAAGTAGTATGTCAAAAGATATTGTGGATATTATAAGGTATAATTTAAATAATGTAAGTATTATAATTACAGATGCATATGATATGGGAGCAATTGTAAATAATTTTAGTCTAAAGGATGCAGTGATGAAATCGTTAAGTTCAGGTATTGATATTGTTCTTATTCCAGAAGGATTTGAGAGAGTTAAATAAAATGAGTTGTTATTTATACTATTAAAATTTAAACAA
