gap_id	start	end	length	sequence
NZ_CP155447.1_gap1	7447	11211	3764	CGTTTTCGGTCCTGGCGAACTGGCGGATAAGGCCAAGCAGGAGACACGAGCCAAGACGCCGACAGTCGATGAACTCCGCACCCAGCTCACGCAGCTGCGCGACGGATGGCCCGAGCTCCGATCAAAGCTCGTTCGCCATTTATCCCCGTTCCAGAAGGTGCGCGAGGCGCTCCGCGACGCCGGCTGTCCGCACGAGCCGGAACAGATCGGGATCCCTCGCGATCGTCTTCGGCTCAGCTACGAGCAGGCGTATTACATCAGGCGACGGTTCACCGTACTCGATTTCGCGCGACGCGCCGGCATCATGGACACGGCGGTCGAGCACCTCTTTAGCGCAAGGGGGCCCTGGCCCATTTCGGCCTTGGAGAAGCGTCATGACGTTTGACCTGACCCGAATCCGGCACATCGTGCTGGACCTGGACGGCACCCTCTATCGCGGCGACCGACTTTTCGAGGTGACGATCCCGTTTCTCGGGCGGCTCTCCAGGCTCGGCATCGGCCACACGTTCCTCACCAACAATACGTCGCGGAGCAAGTTGGACTACGTGACGAAGCTCCAAGGACTCGGCATCGACGCCAGCGAGTCCCAGATTGCCACCCCCGCGGATACGACCATCACCTACCTGCGCGAGCGACTGCCCTGGACGACGTCGATCGCCGTGCTCGGCACGCCCTCGCTCTGCCAGCAGTTTGAAGAGGCGGGGTTCACGGTGGGCTGGGACGCCCCCGGGGCCGTGATCGTCGGCTTTGATACGACCCTCGATTATGAGCGACTCTGCCGCGCCGCCTACTGGATCGGCGAAGGCCTTCCGTTCCTGGCCACACATCCCGACCTGATCTGTCCCACCGACCAACCGACCATCCTCGTGGATTGCGGCGCCCTCTGCGCCTGTCTGACGGCGGCCACGGGAAAAGAGCCGGTCGTGCTCGGCAAGCCCGATCCGTCCATCCTGCTCGATCTCTGCAACCGGTTCGGCCTGGCCAAGGACGAGGTGGCGATGGTCGGAGACCGGATCTATACGGACATCGCAATGGCGCGGCGAGCGGCCGTGCCGGGGGTCCTGGTCTTGAGTGGCGAGGCGACGGAAGCAGACGCTGTCGCGCTCCCGCAACCGCCTGACCTGATCGTCGCCGACGTCGGAGAACTCGGCGAGCGGCTGGAACGCGCCCGAACGGTGGGGGCTCGGCAATGAACGACAACGAGACCAATCGCAAAGAGCCGATCAACTCGCTGGCGAATGACCCCTTCGACGTGCTGATCATCGGCGGCGGCATCGTCGGCTCGGGCATCGCCCGAGACGCGGCGATGCGGGGCTTGCGCACGCTTCTGGTCGAGCAGGCCGACTTCGCGTCAGGCACGAGCAGCCGGTCGTCGCGACTGCTGCACGGCGGTTTGCGGTATCTGGCTCAAGGCCGGATCGGCCTGGTCCGCGAAGCGAGCGTCGAGAAGATGCGGCTGAGCAAGATCGCCGCCCACCTCTGCCAACCCTTACCTTTTCTCTTTCCGGTCTGGAAAGGGGCAGGGTGGCCGCGGTGGATGCTCTCCATCGGCGTGAAGGTCTACGACCTGCTCTGTGGCGGCAACAACCTCGGGAAGTCCCGCACCTACGGACCCGTTGAATTGTTGAAGCACTTGCCCGGCCTTCGCCGCGAAGGGCTGAAGGGGGGCACGTCGCACTACGACGCCCTCACCAATGACGCCAGGCTCGTGATCGATACACTCCGATCGGCCGAGGCGGCCGGCGCCACGTTGCGGAACTACACCTCGTTCGTCGCCGGAGTGGCTTCAAACGGGGCCTGGACCTGCACGGTGCGCGACCAGCGTGAGGGTGTTGCCGTCGAAGTCCAGGCCCGGACGGTCGTCAACGCCGCCGGCGCCTGGTCGGCCAAGATCCCGCACAGCACGGTGCGACTCCGGCTCACCAAGGGCGTTCACCTGGTCATCGACCAATCGCGACTCCCCGTCTCGGAAGCGGTCGTCCTCCCCGAGGGAGATCGCATCCTGTTCGTGATCCCTTGGGGAGAGCGAATCATCCTGGGCACAACCGACACCGAATACCAGGGCGATCCGGCCGCGGTTCGCACCAACGCCGAGGATATCGACTACGTCCTCGGCGTCGTGAACCGCGCCTTCCCCGAGGCCCAAATCAAGCCCGACGACGTGATCTCCACCTGGGCCGGGGTTCGCCCCCTGGTTGCCCCCAGGCATCAGAAAGAAGGTGCGCCTTCGGATGTCTCACGGAATCATGAAATCCGGATGGGTGAACCAGGCTGGTTCGACGTCGCCGGCGGCAAGCTCACCACGTACCGGCTGATGGCCGAGCAGACGATCGATCAGGTGGGACGCCACCTCGGCAAGCACTTGCCACACTCCCGGACGGCCGAGCTGCCGTTGTCGGCGGGACCGCACAGCGGCGTGCTCCCCCCTCCGGTGCAGCGGGACGTGGTCGCGGAGTCGTGCCGGAACGAGTGGGTGGTCCATCTTGACGACCTCCTGCTGCGTCGAACGTCCTGGCACTTCTACCACGCAGATCAGAAAGCGGTCGCCGAGCAGGCCGCGCACTGGATGGCCGAGCTCCTCGGCTGGGATCCGGAACAGGTCGCGCTCGAGCTCAAGCGTTATCAGACTGTGGCCGAGCATGCCCCCGGCTAACGGGGCGGCAAGGCTTCAGAGCCGAGATCAGGTTTCGTTCGTCACCTCTCCGACTAGCGATAACACGGGAGAACTCCTGGATGCAGCTCACTGAAGATGCACGCGCGGCACGCACCTCATTCATCGATCGAATCGGCATTTATCCCCCTTTGGTCTGGGGCTATGTCGGACTCTTGCTCTTCATGATCGGTGACGGCGTCGAGTCGGGGTTTCTCTCGAGCTACCTTGTGAGCCGAGGACTTTCCGAGGATAGGGTAGCCTGGATTTTCACGGTCTACGGCCTCACCGTAGCGGTCGCGGCCTGGCTCTCGGGTGCGCTCTCCGACCTCTGGGGACCTCGGCAGGTCATGGGGATCGGGCTGCTTGTCTGGGCGGTGTTCGAGGTGGCCTTTCTCGTCTTTGGGGTCGCTCCGGCGAGCTACCCTCTTCTCCTGATCACCTATGGCCTCCGTGGATTCGGATATCCCCTGTTCGCGTTCGGGTTCCTCGTCTGGATCACGGCGGCCACGCCTCGAGAGCGGTTGGGCACGGCCGTCGGCTGGTTCTGGTTTGCCTTCACGGGGGGGCTGCCGACCCTCGGTTCGCTCTTCGCCAGCGCGATGATCCCGAACATCGGGCACTACGCGACCCTCTGGTCGTCGCTGGTGCTGGTCGTGATTGGCGGCCTGATCGCTTCGTTCGGAATTCGCGAACCGACGGGGAAACACCGACTCGCTCCGCCGGGCGAGAAACCGTTGAGCACCCTCTTATCCAGCATCTCGATCGCCTGGCGCAAGCCGAAAACCGCGATCGGCTGCATCGTGCGGGTCATCAACACGGCCCCTCAGTTCGGCTTCCTCGTCTTCCTGCCGCTCTACTTCACCAAGACGATTGGTTTCAGCGAGGGGCAGTGGCTCCGCCTGCTCAGCGCCATCTTCCTGAGCAACATCGTCTGGAACTTGCTCTTCGGGATCATCGGCGATAAGTTCGGCTGGCGACGAACCGTGGCCCTGTGCGGCGGAGTCGGCTCGGCGATCACGACGCTCTTGCTCTTTTACACGCCGCATGCCCTCGGGCCGAACTACCCGTTGACCGTCCTGGCCGGAATTCTCTACGGAGCAACCCTGGCCGG
NZ_CP155447.1_gap2	40719	44171	3452	CAGGCCAACGGGGACGGTCGGGAAAGCAGGTGTCATCACCGACTTGGGCGCAGAGTAGGCCGAGTCGTTACCCAGTGGCGAGCGGGCTCGAACACGGAAGTAGTAGTTAGTTAGGCCAGCGAGAAACCCTGACACCGAAACGCTAGTGGAGTTGACTGGCGCGGATTTAACTAACCACCAGCCATTTATCCCATTTGGTGACTGCTCAATCTCGTAGTACGATTCGACCGACGAATTGTTGATCCACGTCAAGTCGATTCGAGACCCTGAGAAGACTACCGGGTTGAGTGAGGTGGGTGTGGCCAGGAGCGTTCTGGCATTAACAAGGTTGCTCGGGACGGAGTAGTCTCCCGCTGCGTTCGTAGCAAATACCCGGTAGACGTATGACGTGTTTTCCGAAAGTCCCCCGTCGGTAAATGTGGTCGCATTAGCCTGGGCCCTACCAACTTGCGTCCACCCATTGCTTCCGTCGGGGCTGCGTTCGATGCGGTACTCGGCCTCACCGGCGGAGTCGGCCCACCCGAAGGTGATCGTCCCCTCCGTTGTCGCCGTCAAACTCGCCCCCATCGGCGGTGATGGAAAGGCAGGAGTCGTCAGCGGATCGAAGTTGGAGTAGAGGGATTTACTGGACGAGTAGTAGGCAAGAGACCTGATTCGGAAGTGGTAAATGGTTGCGCCAACCAATGCCCCATTCACCACGAAACTCCGGGCATTGCCTGCAGCTGAGCCGAGTTGCACCCAATTGGACTGTCCGTCGAGCGACTGCTCAATCTGGTAGTATCCCGTTGAATATGAAAAATCGCTTGACCATTCCAAGTCGATCCGAGTCGGAGAAACGAAAGTCGCTACCAAGTTTCCAGGCGCCTCCAGTGGCGTGAGCTCCCCCACTTTCACGCTAGGCGCAGAGTCCTTCTCGGCATTGGTGGCACTCACCCGGTACCAGTATCGAGCATTCTCAAGCAAGCCCGTATCAACGTAGCTCGTCGCCCCGGGGCCAGTCGTTGTCACCAACGTCCATCCGGTCATCCCATCGGCCGACCGTTCGACCTTGAAACCCAGTTCGTTGGTGAAAGTGTCGGTCCAGGTGAGTTGGATCCGATCGTGAGACGTAGCCGTGGCCGACAGAATCGTCGGTCCGTCTTCGACCCGTATGAGGTACACGGCATCAGCTGAGACCGCATAATTGACACGGCTCACTAAATCGACAGCTATGTTGCCGCCGGTGACCGTGTAGTAACCCAATTTCCGCCACGAGCTACCAGCATCGGTGAAATCACTGGGGACCTGTTGCTGGTTGACAACCACCGAAACTGAGTCCGTCTGGCCAACCCGGATCGTATAAAGCGCGTTACTCGCAAGATGGGCGGCAGCATGATAAGTGGTCGCGAGCAGGTACTGACCTGGTGCCAAGTTGTCAAATGACCAGGTCGCCGTTACTGTCGGCATGCCGACGCCAGAAACTTGATAAAGGCTGTCACCTAGGAAGCCTTCAGCAAACGCAGTCCAATTTCCGCTTACAGCAAAACCAGCATCTCCGTTGTCGACAATTTGGCCCCTCGTAGCGGCGCCTGCAACCGTGAAGACAAACTGATCTAATCGGGTATCGTCGGTGGCAAATCTGACTTGACCTGAAGCGGCGCCCGCCGCCGCGTCGTAGCGGATCGAGAAATTGGTAGACGAACCGGGCGGCACGGTTCGAGTGCCGAAATCGGTCACTAAACTAAACCCAGGCGGAAGCTCGATTAATCCGTTCAGGTGCAAGTCGGTTGTACCTAGGTTCCGGACCGTCAACGTTTTCAGCACGGTCTGACCAACCGCAACAAGTCCGAAGTCGATGGTCCCGGTCTCATCGGGAAGTTCCACACTCCCCACATGAACCGCGATCTGCGGCCCTTGAACCCGCTCAATGGCGACAGCGTCGGCGTAGACGTAGTCGTTGGCCGCGTTGGTGAGCTGGACCGACAAGGAGTTGCCGGTCACGGAGTAGTAACCCAGCGCCTTCCAGGCTGCCCCCAATTCGGTGAAATCGTTAGGGGACTCCCGCTGGTTGACCAGCACGGTCGCAAGCAGCGTGCTGCCCTCATGGATTTTGAAGGGGGCGTTGGTGGCGCGGTTAGAACCGGACGCCCAGGTGGTCGCGAGCCGATATAGGCCCGGTGCCAGGTCGCCAAAGGTCCAGGTTGCCGTGGCATCGCCGCTAGCATTTTTGGCTTGAAAGAGGCTGGTGCCACGGAAACCCGTGTTGGGACTTGTTGACCATACTCCGCTCGTCGCGAAGCCGGCATCTCCGTTGTCGACAACCCAAGCCCTCCAGGAGCCGGTGACAGCAAAACTGAAGCGGCCGAGGAGCGAATCGTCGGTGTCAAACGCGACCTGACCCGAAGAAATCCCCGCGACCGCGTCGTAGCGGATCGTGAAGTTGGTCGACGTGCCGGGCATCAGCGTCCGGCTGCCGAAGTCGGTGACCAAGCTGTAACCAGTAGGAAGCTCAATCGCCCCAGTCAGGTGTAAGTCGGTCGTGCCTGTGTTTCGAACTGTGAACGTTTTCTCAATGGGTTGACCTGACCAAGTCGTACCGAAATCGAAGCTGCCCGTTTCATCAGGAATCGCAACCGTCGCGTTAAGTACTTCAACCTGCGGCCCTTGAACTCTCTCGATGAAAACGGCGTCTGCAACCACATAGCCATTGGCGAAATCGCTTACGCGAACCGACAACGAGTTGCCGCTGACGGTATAGATCCCCAACTCATGCCACATCGAACCAGCATCAGTGAAATCAACTGGAGCCAGTTGCTGATTGACGAATGAGGTGCCAAGCGAAGTTGAACCTTCAAAGATCGCGTAAGGGGTGTTAGTCGCGCGGTTGGTACCAGCCAACCAGGTTGTGGCGATCCGGTATCGGCCAGGACTCAGACTTCCGAAAGTCCAGGTCGCCGTCGCTGAACCGGTACCCGCGGCCCGAAAGAGGCCATCGCCGCGGAAACTTTCTCCTGGGCTGACGGTAGGTGTCCACCCACTGCTTGTGGTGAACCCGCCATCCCCGTTATCAACGATCCGGCCCCTTGTGGCGACGCCGGCCACCGTGAAGCCAAACCGACCGTGGAGAGGGTCATCGGTGTCGAACGCAACCCGACCCGAGGCCACGCCAGCCGCCGCGTCGTAGCGAATTGTGAAGTTGGTCGCCGCGCCAGGCGTCAGTGTCCGAGTGCCGAAATCAGCGACCAATGTGTAGCCAGTCGGCACCTCGATCGCACCGCTCAGGTGCAAATCAGCCGTCCCCATATTGCGGACGGTAAACACTTTCTCGACGGGCTGCCCGACCGTTGCGACCCCGTAGTCAACTACACCTATTTCATCCGAAATGTGATCCAATCCGGCCAAGGTCTGGACCCGCGGCCCTTGCAGTCGCTCGACATAGATCGCATCGGCGATGACATAGCCGTCAGCCAGGT
NZ_CP155447.1_gap3	69768	70601	833	AAACGAGGCGTCTCCATGTCGATGAAGGCCCGCGCGATCCGCTCGCCGATCGCCACCCGGAGCGCGGCAATCACTCCCTGACAGGGGTCGATGGGGACGTAGCTGAAGCCTTGGGTCGCGTCATCGGGGTCGGCGTCGAGCTGGGCCACGACCGAGATGGCGGGGAGCCGCTCGACGGCTTCCTCGACGTCATCCTGAAACGAAGGGGGCAACGGCACCGCCACGCAGTCGTAGTGGCGATTGAGCAACTCCTCGCGAACCCGGATGGCGAAGTCGCCCGAGCCGTGGATGATCGGCATCACGCGGACGCGCGGGCCGATCCGCAGAAAGTCTTCGGACGTGGGTCTTGGTGGGGTCATGGTCGGCGCGCTGGCTCGGATTTTCGGAGTGGGACGCTCCCACAATCATCGCGGCTTCGGAACGAGATTCCACGGTGGGCGCTCATGCCCCCCTCGACAAGACTCAAAAATCCTCGTCTTCTTCGTCCTCGTCGTCATCATCATCGGAATCCGCATCCGGATGAAGAGGATCCTCGGGTCCGAAGAAGAGGTCGCCGAGTCCCATGGGCGCGTGCTGCCCGCCCATCGCTCGACGCTTGCGGCGGGCAAGGTCTTCGAGGTCGGCGGCTTCCTCACCGAGAACGCAAACGAGGGCCTCGCGCCAGGCCTCGTCTCGGCCCAAGGGGTGCGTGAGATCCTGAGCCATCCGCTTCAGGGCGTATCGGAGCAGGTTGATCCCGTCACGCGGCGAGAAGTCGAGCTTCAGGGAGTGCGCCTGCTGGAGAAACTCGACGGTCAGGGCCAGAAGCTCGACCTGGGCGAACGGCAGGTGAT
NZ_CP155447.1_gap4	71889	75627	3738	CGAGTTCCCCCACCCAGGGCTACGAGCCTTGGCCTTCGTGACGAATACCCTGAAAGACCCCGCGACCAACCAGACCATCCTCTGCGTCTGCGTCCTGACCGGCGTCATGCCCCCCGCCGGATTCACGCTCTATGTCCCGGAGGAGTCGGTGACCAACCTCGACTGGTCGGTGAATCAGGCCTTGCAGGCGATTCTCTCGGGCGGGATGACCTCGCCCTCGGTCATCCACTTCTCCAACGGCCTTCACGTCGACACCACCGGCGGCCCACTCATCGATTCCCATGGGAATCCGATCACGCCCGAGCATGTCTCCGAGAATTAAGTGTGCCCTGTGACCTGTCATCCGAAGACGAGCAGGGAGCGTCGACTCCCTGGCTTTCGCCGCCCAAGGGAAGCCAGGGAGCACCCAGGCCAACAGAATCTCATCTGTTGATTCAACAAAGACTTGCATCAGGAAGTCGTGGCTCCAGCCGCAACCTCGGCGTTTCCTGACGAGACTTCGGTGGCCAGGGTGCTGCTTCAAGTGCGACAGGGTGAAGCGGTTCAGCCAGGCGAAGTTCTCACGCAGGTGGTCGTGTCGAATCCGCGACTCGTTCTTGGACCGCCCAGGCGAACCGCTTCACTCGGTAACATCCAAACTTGACCGGGTTGCACACGCTGCCCAGAATGGATGTTGGGAGGTGGTTTCGCATGCGGCGTGTGGCGGCCCTGCTCAGTCTGATCGCGGCTTTCACCGGCACCCCACTTCGGCAGGCGGAGGCGGCGGGTGATTTCGCACGTTCGTTGTCGCGGTGCTTCGAGCCGGCCAGCCTCGAAACGCTCGATGGCGGCGTTGGCGATGATTCCGGCGTCGTCACCCTGACCCAGATGCACGGCGACTTCGCCGCTGCCGCCTTGCTAGTGGCCGATCCGTTCATCCTGCCGCCTGCGTTGGGAATGCCGAGCATTTCGCCCGAAGAGGCTGAGGGATTAAAAGAACGGGTCTGGTGGCCGCCCGCCCCGCCCAACATCCGCCACGCCTGGTTGCAAATCTTTCTGTTTTGAGTCGTTCGGAAGCGGCGTTTCGCCGTCGCGTGCCCGCCTGCGGTGCGTGCCGGCCGGATACTCTGCGTCCCGAACTATCCGACTTGAAACAGGAGATTATTCATGCGTACCGCCCTTGCCGGTCGTCGCTCGCTTGGTTTCACGCTCATTGAACTGCTGGTGGTGATCGCGATCATCGCCGTGCTCATTGGCTTGCTTTTGCCCGCCGTCCAGGCGGCCCGCGAGGCCGCCCGCCGCATGCAGTGCTCGAACAACCTGAGACAGATGGGGCTGGCGATGCACAGCTACCATGCGACACACGAAGTCTTCCCGCCCGGCTATATTACCGGCACGCAGACGTCGCAGCCGAACAGTCCCGAAACCGGCCCCGGTTGGGGCTGGGGAGCGATGCTGCTGAACAATCTGGAGCAAACGGCCGCCTATAACGCGGCGAATTTCCGCCTGCCGATCACCGTGCCGGCTTCGTTGACGATCCGCACGATCAGCCTGTCGGTGTTCCTCTGCCCCAGCTCCACCGGAGGCAGCGGCCCGGTCGTCCTCAAGGATGCGGCTGGAACCACGCTCGTCACCGATCTGTCGCCGAGCCAGTATGTCGCCTCGGCCGGGCAGCTCGAGGTGGAAGAATTCCCGGCCCAGAATAACGGGCTATTCTACCGCAACAGCCGCAACGGCGTTCGCGACATCACCGACGGCACGAGCACGACGCTGATGGCTGGGGAGCGCTCACGCAACACCGCCGATGCGACCTGGGTAGGCGTTATTCCCAATTCGCAGGTCTGCACCAACCCGAAATGGGCGGTGAAGTCGTGCGAAACGGCCAATGTCATGGTACTCGGCCACACCGGGCCGTCGCCCGATCAAGGGTGGGTGGACGTGCCGAATTATAAAGGGGCGGGGGCGGATGATTTCTGGAGCCTGCATCCCGGCGGGTGCAATTTCCTGTTCGCCGACGGGTCGGTGCGGTTCATCAAGGAATCGGTGAATCCGAAGATTTTCAGCTTCCTCTCGACGCGGGCGGGCGGCGAAGTCGTCAGTGCCGACCAGTTCTGATCGAAACCTCCCCTCGGTGCACCGCCGAGGGGATTTGCTATCTGGCCAGTCAACAATAGGGGAATTGATGCCAACACCAGTCACTTCAAAATTGATGCCAACGCCAGGCACTTCAATGGGGAAGACTGAGAGGTTTGCGTAGAGCTTCGCCCTGGTTCGCACTCTCGATCGACTTCCCAAAACTCCTGGCCTACTCAGCTTAGGTGCCTGGCCACCGCATTGCACCAGCCTATCAGGCGATGATGTGGGGCACGCCATAGTGAGCGACATGACGATCGCGGCTGACGAATTTGAATCCTTCGTGGAGGGCCTGGGCGATCAGCAAGCGGTCGAACGGATCGCGGTGGTGATCCGGCAGTGTTTCGACGGCTAAGGCGTGTGGCACGGTGATGGGTAGCGGGAGGAACCGATTCGCGGTCATGGCCGCCTCCAGGTCCTGGGGAGCATCGAGCTTGCCCAAGGCACGCTTGATGGCGATTTCCCAGACGACGGCGGCGGAGACGTAAACGGTGTTTTTGCCGTCGCCAATCGCCTTCCTGGCGGCTTTCGAAAGGAGTTGAGGATCATCGAGCCACCAGAGGAAGGCGTGGGTATCGAGGAGCAGTGTCATTGCGGCTCGATCCCAAAGGCGGCGGCGATGTCCTCGGGCAAGGCGTCGAAATCGTCCGCGATGTGGACGCGGCCTTTCCATTGCCCGCCGACGCGGGGTGATTCATCGGCGCGAATGGGTACCAGACGGACCATTGGCTGTCCGGCCTTGGCGATGATGACCTCTTCGCCGTTCATGGCGCGCTCGACCAGCTTGGAGAGTTGGGACTTGGCTTCGTGGATGTTGGCGATTTCCATGCTGTTCTCCTGATTTAGCTAAGCTTAGCTCAATTCTTCGCAATTGACAAGGGAAACGTACAAGCCTGCATGCAAATCGCATCCCGACAGCTTCACGGGAAATAATCCCCTTTATTCCCGTTAAGGCCATTGCTAGACTCCGACGCGTGTCAAAGCCGCGTGTAATTGCATGCAGGCCTAATACTCAGCCGCTTTTCCATTGGGCGGCTCAAGCGATGAATGAAGAAATGGCAGAGTACCAGCGGGGTGTCTGCTGGGAATGGAAGTGGTGGACGCAACGCGAGCGGCATTGGAACCACGATCATTGCATTGGCTGCTGGGCGACTTTCACCGACGTGGACGGGCCTGGATTCCACCGAGCAGGGTACACGACGCGTGAGGAGCACCGGAATGGGGCGAATTACTGGTGGCTTTGCGAAACGTGTTATGAAGAGCACAAGATCATATTAGGATGGACGAATAGCGAATAAATTGATGCCAACGCCAGGCACTTCAATGGAGAGGACCGGAACGAGCCGTGCCCAAAATGCGCATCGCCGTGCGAGAAGTCCACGCCCATCAGCTAATGCCCACTCGGAGTTATTTGAAGATCCGCTGCGTGAAAAGATAGAAGTTCTTCCCCCACTCGGTGGCGTCGTGGCCGTGGGAGTCGACGTGCCAGACGTGCGGAACGTCGTGCTCCTTGAGATAGGCGTGGAGATCCTGGCTGATGCGGATCAGCCCGTCCTTGTTCCCGCAGGCGAGCCAGAGCAGCTTGAGCTTGCCGCGTGCGACGTCGGGGTCGGGGACGAGCTTGGC
NZ_CP155447.1_gap5	77528	80761	3233	TGTCCGCCAATCATCGGGTCTTCGTCGAAATCGATGAAGAAGGAATATCGATCCGGCAACCCGATCATCTTGCTACCCGAGCCATTCATTGCATCCATGATCGCACTTTCCGTTCGGTCTGGTAGGACATAACGCCCTTTATGTCCTAACAAACGGGGCCGAGCCAAGGAGACGATTGGATGAATGCAAATTTGTCGAAAGGGGTTCGCTGGGGAGGGATGAAACAGTAACTCGCTTTATGCAACGCCAATCCGGAGTCAATGTCAAGCGGGGGATTGGGGTGCAATGAAGCCAACTCCAGGCACTTCAATGGAGAAGTCTGGGCGGTTTACGTAGAGCTCCTTCCCGGTTCGCACTCGCGATCGGCTTCCCAAAACTCCTGGCCTACTTAGCTTAGGTGCCTGGCCACCTTATTATGCTTTAAACTCAGGATCAAACCATAATTGATTTTATAATCTTATCAACAATTCTGTTTTCATCTCCTTTTGAAGCCATTTTGCAATTATAAGAAGCGATCACCACTCGATCAGAATTCGCAATCGCCCAAAGCCTCCAAGCGTCCCCATCGATTGAGTACTCCGTGTAGGCTTGAGACATCCTCTGGTTAGGGGATGTTTTGTGAACGATATGAACGTTGCCACTTTCCAGCACCTGCTTTGGCACAAAGTTTAGGATCACATTCTCTGGGTCCGCCGAAATACCTTTTGGTGACTGCAGGCAAGAGATGTTCAGAGCACCTGCACCTTCAGGGTTGTAGAATGCGATGCTATGCGAAACCGCTTCATACTCCCAATGATCAGGAATCTCGAGAGAGTAGGCTCCGTTTGGATCATTAAAAACCTGTCCCATGATTTCTCTCCGCCCTTAAAAGTATTGTGTCTTCCGCAGTTTTGCGGACTTAGCCCCTCGATAGATCGTTGACTAGGCTTTCACCAACCTGCCTTAAAACTCAGCGATCACTTCAGGAGCTTTCTCAGACAACTCGCCTCTACCCCTCGATCCAATCCTCGCCGCTCGGATCGACACGCTGTCACACGTCCCACCCACCTCAAACCTACCGATCATCCCATCGGAGCGCGTGCCGTTGGTGGTATGAATTAGGACCGTTGCCGGTTCCCAAGTCGCGAGATGCTGGAATTCTCGCACAAGCCATAACGCTCCACCAAAATGGCTCTCAGGAAGCATCGATCCCAGGCGATTGGGCCTGAAACTTCCAACTGGCGTTCAACCGCGAGAGCCAGGAAGGAGGCCCCTTCACTCACCCCACAGTCGAGGTTTCGCATGGACTAAATCAGGGGTTCATGCAAACTCATGATGAACCAGGCCAGGTCACCCAATCTGTCGGAAGCAACAAAAAAGGGAGCCGGACGAATCCGGCTCCCTTTGATTTCATTCAGTATGGTCGACCCTGCTTGGGCAGGAGTCGGCTCAATACATGTCGTCGTAACCGCCGTGGCCGCCACCGCCGCCCGCGGGCTTCTTGTCTTCGGGGGCGTCGGCGATGAGCGCGTCGGAGGTCAACAGCAGGATGCTGACGCTCGCGGCGTTCTGCAGGGCCGAACGGGTGACCTTGGTCGGGTCGATGATGCCGGCCTTGACCAGGTCGGTGTACTCGTCCTTGAGGGCGTCGTAGCCAAAGTTGCCTTTGCCTTCGGCGACCTTGCTGACGACCACGCCACCATCCTGGCCCGCGTTCTGGGCGATCTGGTGGATCGGAGCCGAGCAGGCGCGGACGATGATCTGGTAGCCGGCCTCTTCGTCAGCGTTGAGACCGCTCGACTTGACGGTCTTGGCAGCGCGAAGCAGGGCGACTCCGCCACCGGGGAGGATCCCCTCTTCCAAGGCGGCGCGAGTGGCGTGAAGGGCGTCCTCGACGCGAGCCTTCTTCTCCTTCATCTCGCTCTCGGTCGCCGCACCGACGTTGATCTTGGCAACGCCGCCGGCGAGCTTCGCGAGTCGCTCTTCGAGCTTCTCACGATCGTAGTCGCTCTTGGTCTCGGCGATCTCACGGCGGATCGCTTCGATGCGGCCCTTGATCGCGTCGCTCGTGCCTGAGCCTTCGATGATCGTCGTGTTGTCCTTGTCGACCTGGACCTTTTTGGCCTGGCCGAGGTCGGTCAACGCCACGTTCTCGAGCTCGAGGCCGAGGGCCTCGAAGATCGGCTTGCCACCGGTCAGGACGGCAATGTCTTCGAGCATCGCCTTGCGGCGATCACCGTAACCGGGGGCTTTCACAGCCGCGCACCGGAAGGTGCCACGAAGCTTGTTGATGACCAAGGTGGCCAGCGCTTCGCCTTCGAGGTCTTCGGCGATGATCAAGAGGGGCTTGCCCGTCTGGGCGACCTTCTCGAGCACCGGGACGAGGTCCTTGACCGACGAGATTTTCTTCTCGTAGATCAGGACGTAGGCGTCTTCAAGGACCGCCTCCATCGTGGTCGGGTTGGTGACGAAGTAGGGGCTCAGGTAACCCCGGTCGAACTGCATCCCCTCGACCCACTCGACCTCGGTCTTGAGCGACTTGCCCTCTTCGACCGTGATCACGCCGTCTTTGCCGACCTTCTCGGTCGCTTCGGCGATCATCTTGCCGACCTCGGTGTCGAAGTTCGACGCCACGGTGGCCACCTGCTCGGTCTCCTTGGTGCTGGAGACCTTGGTGCTCAGCTTGTGGAGCTCTTCGACGATGTCGGATACAGCCTTGTCCATCCCGCGCTTCATGAGCATCGGGTTGACGCCGGCGACGACGGCCCGGAGGCCTTCGTTGTAGATCGCCTCGGCCATGACGGTCGCGGTGGTGGTGCCGTCGCCGGCAACGTCGGAGGTCTTGCTGGCAACCTCCTTCACCATCTTCGCGCCCATGTCTTCATACTTGTCTTCCAGCTCGATCTCTTTGGCGACGGTGACGCCGTCCTTGGTGACCGTGGGCGAGCCGAACGACTTCTGGATGATGACGTTACGGCCGCGGGGGCCGAGGGTCACCTTGACCGCGCGGGCCAGCTTCGCCACACCGCGCTGCATCGCCTGACGGGCGTCCTGATCGAACGCGATCATCTTGGCAGCCATGAATCAGTCACTCCCTCTCAGGATTTCGATTGGATTGGGTCACAGGTCTAGGAGGTGGGTGCTTCCGCGGTCCGTCAGTCAATGACCGCCAGGATGTCGTCTTCACGCATCAGGAGAACCTTCTGGTCCCCTTCAATCTTGAACTCGTCCCCCGCATAGGACGTGAACAGAAC
NZ_CP155447.1_gap6	256161	259545	3384	GGCCTTGGCCGCGGGCTCGACCGCAACGCTTTGCGTCGCTGATACCGACAGACAGAGTCCGGCCGCCAGGGCCGCCAAACGCCCGGGCGTAAAGAGAGCGAGTCGCATGGGGGAGAAACCTTTCTGGTGCTCACCTGAGCACGCGGGGGGATTATCCGGACATTGGTCGTGAAAGTCGGCAGAAGAAGAGGATCAATGCGCTCGATCGGATCCGGCTCAAGGCATGAAAGGAAAAGTTTCAGAGCCGGAGGAACGCGAGAGGAGGTCGCGATCGACCTGTCTTGGACGCCCGCGGTCGCGGGGATATTCAGTGATCCGCAAAAAAATTAAAAAAAGGGCCCGCCAAGGTCATGAGCTGGAGATCGGATCGCCCCAACCCTAACCGCCACAATCCGTTCGTTCACGGAACGAGCCCCCCTGCCACTGCCACTCCGAACGGACACGCGGGATAGTTTACCCCGCGAAATGCCCCCGCGACTCAGGACCCGAGTCCCTTGGCACCGTTCTTGGGAAACGGAGGGGACTCGGCGACCTCATGAACTGCTTGATTGCCCCCCGAGTCTCACTTTTTGTTCGGTGTCGGCATGGGTGCATGAATTTGCTGACGCCATGCGAGCATCCTGGCGTGAAGTTCCTTCACGCGATCGGGCATCGTGGCGGCCAGATCGTGTTTTTCCCCCACATCGGTTCGTGGGTTATAGAGTTCGAGTTTGCCGGTCTCGAAGAACTCCAGGAGCTTCCAGTCGCCCGACTGGATGACGCCGACGGGGGTAGTCCGCCAGCTTTCCCGGCCCGCGCCAAGATAGCCGGGAAAGTGCCAGTAGAGGTTCTCACGCTCCCACTTTCCCTGGCCACCGGTGGTCAACAAGCTGAGGTAGCTGGTTCCATCAAGAGGGTAGTTCTCTGCCGGCTTTCCTCCGGCCAGTTCGACCAGGGTGGGGTAGAGATCCACGCTGTTGATGGAGCGGTCGCAGACGGTGCCCGCGGGGATCTTGCCGGGCCAGCGAAAGAGATAAGGGACCCGGATTCCCCCTTCGTAGAGCATTCCCTTGCCTCCACGCAACGGGGCGTTGTCGGTCACGGCTCCCGCCTTGCCAATCCCTTCCCGAGCATAGCCTCCGACACCCCCGTTATCGCTCGAGAAAATGACCAGCGTGTTGTCGGCGAGCCCGAGATCATCGAGCGTCTTGACCACTCGGCCCACGCTCTCGTCGACGCTGGCAATCATCGCGGCGTAGGTCGGGTCGTGGTGCCCTCCGGCCGCCGGCTTGCCAGCAAACTTCTTAACCAGCTCTTTCTTGGCCTGATGAGGTGAATGAACGCCGTAGTGAGGCAGATAGAGAAAGAAAGGTTCGTCTTTGTGACGGGTGATGAAGTCGACCGCCTGATCGGTCAGGAAATCGGCGAGGTAGGTGCCGGCCGGGTAAGTGACCTTGGGGATGGTCGTAAAGTCAAAGTGCTTACCCATCGAGACGATCGCTTCGTTGAACCCCCTGCGCCTGGGGTGATAGTCCCCTTGCTGGCCGAGGTGCCACTTACCGAACATCGCCGTGGCATACCCTGCCGACTGGAGCGCCTGGGCGATCGTTACTTTCTCCAACGGCAGCCCCTGGGCATTGTCGACCGGCCGGAGCGGTCGGCTCTTCCAGTCGAACCGATCAATCGAGCCCACGGTATAAACGCCGGTCCGCGGCCCGTACTGGCCGCTCATCAGGGCGGCCCGCGTCGGCTGGCAGTTGGGCCCGCACGAGTACCCATAGTTGAACTTCAAGCCTTGAACGGCCAGCTTGTCGATGTTCGGAGTCTCGTAATAGCCACTTCCGTAGCACGCGACATCGGTGTAACCGAGGTCGTCGGCCAGGATGAAAACAATGTTCGGTTTCCGATCCGCCGCCCAAACGCTGCGCGGTCCCTGAGCCGTGGCGCAAAGCACCAGCGCGGCCACCATCCAACGAACGACGCTACGGCTCATCACGACCTCTCCCTCTTAAACTTCTTTTGCGTTTGAAATCCTGTAACAGCCATCGGTAACGAGTTCGCCGATGCTAATCGGTTCACCGAACTTTCACCACCAGATCGCTCGCGCAACCAGGCTTTGCCCTGGTGTTCTCGGCGAAAACCAGTCCGCCACCCTCTGGAGTGTCGCTCGACGCGAGCCTAAGATCAGGTCCCGCGACTGATGGAACCGCAAACAACATCACGCGCCACCTCCATTGGGCCCCATCGCTCGCGAATCTCATCCTGATCCTGATCCTCATCCTGATCCTCGCGGAGTTCCGCAACCATGCCCCGGCTCCACAAAACCCTCGTGCTGCTGCCAGTGACCTGTCTCTTGCCCTTGTTCTCGCTCCATGCGCAACAACCGGCCCCCGTCGCGAACCAGCCGACGGCCAAGGAGGTCATCAAGGCGGTCGAGACGAAGCAAGCCTCGACCAAAGCCGTGAACGATCCCATCGAGCGGATCAAAGAGGAAGGACTGAAGCGGTCGCAGGTCATGGCGACCTTGGGCTACCTGACCGACGTGATCGGCCCCAGGCTCACCGGCTCGCCGGGGCTGACGCGAGCGAACGAGTGGACCCGAGACAAGCTCTCAGGGTGGGGCATGGAGAACGCGCACCTCGAGTCGTGGGGGCCATTCGGGCGCGGCTGGTCGCTCCAGCGGTTCTCGGCCCAGGTCGTCGAGCCGCACTCGATCCCCTTGATCGGCTACCCCAAGGCATGGTCGCCCGGCCTCGAAGGGACGCTCCACGCCCCGGTCGTCTACCTCGACGCCAAGTCGGAAGCCGACCTCGCCCGGTTCAAGGGAACGATCAAGGGAGCGATCGTGCTGACCGGGCCGGCGCGCAACCTCGCCGCCCGAGTCGAACCGCTCGCGACCCGGCTGACGGATAGCGAGTTGCTCACCTTGGCCAATGCCGGCGAGCCCAGCAGCGGACGTGGTCCACAACGCCGCCGCGAAACCCCTTCGTTCGAGCGGAAAAAGCTCCAGTTCCTCGTCGACGAAGGTGCTGCGCTGGTGGTCGAGCCCAGCTCGCTCGGGGACGGCGGCACCCTCTTCGTCAGCAGTGCCAGTCTTCCCGGCCCCGCGACCCTGCCCGCCACCAAAGCCAGGCGACCCGCCGCCTGGGACAAAGACTCCCCTCGGACCGTCCCCCAGATCGTCCTCGCCATCGAGCACTACAACCGCTTGATCCGCATGATCGGCCAGGGCGAGTCGCTCAAAATGGCCGTCGACCTGTCCGTCCAATTTCATGATGACGACTTGATGGGTTACAACACGATCGCCGAAATTCCCGGCACCGACCTCAAACATGAAGTCGTCATGCTCGGCGGCCACCTCGACTCGTGGCACAGCGGCACCGGCGCCACCGACAACGCGGCCGG
NZ_CP155447.1_gap7	262046	266210	4164	GCTCAAAACGCCTGATCAGGTGACCGGCCAGGCAGAACGCATGGTTTCCGACCTGCGGTGCCGCTCGAAGCTCCGTGACTTCTTCTTTCAGTGGCTGAAGGTCGAACAGATCCCTGACCTGGCGAAGGATCCCAAGCGGTTCGCCGAGTTCGATGAGGCGATGGCGTCGGACCTCCGCACCTCGCTCGACCTGCTGCTGGAAGACCTGGTCTGGAGCGAATCCTCCGACTTCCGCCAGCTCCTGCTCACCGATTCACTCTACCTCAACGGCCGGCTCGCTCAGTTCTACGGCGCGGAACTTCCCACCGACGCCCCCTTCCAGAAGGTCACGGCGGAACCTCGCGAGCGTGCCGGCATCTTGACCCATCCGTATCTGATGACGAGCTTCGCCTACACGGCGACGAGCTCGCCGATCCATCGCGGCGTGTTCATCGCTCGGAGCGTCCTCGGCCTGGCGTTGCGGCCGCCGCCCGAAGCTTTCCCTCCGCTCTCGCCCGACCTGCATCCTCAGTTGAGCACTCGCGAACGGGTGGCCCTTCAGACCAGCCCCGAGTCTTGCCAGGCCTGCCACGCGATGATCAACCCGCTCGGCTTCACCCTGGAGCCGTTCGACGCCGTCGGTCGTTTCCGTCGCGAGGAAAACGGCCGGTCGATCGACGCGACGGGAGCCTATCAGACAAGGACCGGGGAACTCGTCAAGTTCGCAGGCGCCCGCGACCTGGCGACGTTCCTGGCAGGCAGCCCGGAGACCCACAACGCCTTCATCGAACAGGTCTTCCACAACATCGTCAAACACCCGGTCCGCGCGTTCGGATCGCATGAGCTCGAGAACCTGCGCACCGCGTTCACCGAAAGTGACTTCAACATCCGAAAACTCGTAGTCAAGATCGTGACTGACACCGCCTTGACCGCGCGTGAGAGTAAACCGTAGATGCATCGAGTGCGCACTCGCCCCGTAGGCCGGGTGCCGCCAAAGCCTATTCCTGCCTGATCCTTGTTCGATTCGTTTCGCCGGCTTTATTCAGGAGCAATGACGTGGCCCAGAGATCGACTCGACGCGAGTTCATTCGCGACCTCGGCATTGGCGCGGCATCCCTCCCGTTCATCCTGAATTTGCCTAGCCTCGGCTTTGCGAACCAGCAAAAGCGCAAGCAACGGCTGGTCATTCTCTTCAGCCCGAACGGCATCGTTCCCTCGACGTTCTGGCCCGACGAAGCCGGAGAGTCGTTCGCCTTCAAGGAGAGCCTGGCGCCCCTGGAAGCGTTCCGCAAGCAGACTCTGATCCTCCGCGGCGTCTGCGACAAGGTCCGCGGCGACGGCGACAGCCACATGCGCGGAATTGGCTGCCTGCTCACGGGGACGGAACTCTTCCCCGGCAATATCCAAGGGGGGTCGGACACCCCGGCCGGATGGTCCAGCGGCATCTCCATCGATCAAGAGATCAAGAATCATCTTCAGAAGGGGCCCGACTCGCGGACCCGGTTCGGCTCGCTCGAGTTCGGCGTCATGGTGCCGGACCGCGCGGACACCTGGACCCGAATGGTCTACAGCGGCCCGAACAAGCCGGTCACGCCGATCGACGACCCCTACCAGATGTTCGCCAAGCTCTACGGCCGGATGAAGGATCGCGAGAGCCTCAAGAGCATCCTCGACGCGTTGGGAGACGACCTGGGCAAGGTCCGATCGGTCGTCAGCGCCGAGGACCGGCACCTGCTCGAAGAGCACGAGACCTTCGTTCGCGAGATGGAAAACGAGCTCAAGTCGAGCCAGAACGAGGAACTCGGCCACGCGGTCCCCGAGCTCGAACCAGGGATCAAGGAAGAGAACGACGAGATCCCCCGCATCAGCAAGATGCAGATCGACCTGATGGTCAACAGCTTCGCCTCCGACTTTGCCCGCGTGGCCACCTTGCAATACACCAACTCGGTCGGTGGCGCAAAGATGCGCTGGCTGAAGGTGGACGAGGGGCATCACGAGCTATCGCACGAGCCGGACAGCAACGCCAGTGCCCAGGAGAAGCTGACGCGGATCAACCAGTGGTATTGCGAGCAGCTCGCCTACCTCGCGAAACGACTCGCCGACACCCCCGAACCGGGCGGGCAGGGGAGCCTGCTCGATAACACGCTCATCGTCTGGACCAACGAGCTGGGCAAGGGGAACTCGCACACCCTCGACAACATCCCGTTCGTGCTGGTCGGCAACGGCCTCGACTTCCGGATGGGCCGGTCGCTCCAGTACAAGAAGGTGCCCCACAACCGGCTCCTGCTGGGATTGGCCCACGGCATGGGACACCGGATCGACACGTTCGGCAACCCGAACTTCTGCGGCGACGGGGTGCTCCACGACCTGACTTGATCTGAGTGAGTGGGGAGTGGGGAGCTGACCGGCTCCCCGTCCCTCATCTCCTCGGGGAATCCCTGGTGGGCCGTGCCCATCCTACAAGAGAATTCGGGCCTTTCCTTCCCTCTTGTAGGGTGGGCACGGCCCACCATCTTTGACTTCTCTCGCCAAGAAGACAGGAAAACCACGCCCCCTCATCTCCCCTAAAATCTTTTCGTCAAACCAGTTACAACAATTCCTCACGACATTCACCAATCGACTCCAAAAAAACTTGGGATCCCGCAGTCCGACTGTTGTCATACTCCATAGAGTGACCAGTGCGGCCGGTGAGTCCCCAGCGCATGGATTCAGCACAGCTCGGACGCTTAATCGATCGGTTGGCCGGGCCGCTCGAGCTTTACGCTCGCCAGTGGTGCGATACGCCCGAGGATGTCGTCCAGGAAGCGTTCGTGAAGCTGGCTGCCCAGCGTAAGCCGCTTCTATCGCTCGAGGCCTGGCTGTTCCGAACGGTCCGCAATGGCGCGATCAACGCCGGAATCGCCAGCCAGCGGCGGAAGCGTCATGAGGCCGAGGCCGCGGCCACGGTTCCCGCTTGGTTCGAGCCCGATCCGTTGGGTCGAGGTGCGACCGCCGTGGATCCCGAGCTCGCCCAGTCGGCGCTCGCGGCGTTGCCCCTCGCGCAGCGTGAAGTCATCGTGGCCCATCTCTGGGGGGCCTTGGCCTTTGAACAGATCGCCGAGCTCGCCGGCATCTCCGCGAGTTCGGCCCACCGCCTCTATCACGCAGGTCTGACAGCCCTGCGTGAACGCCTGGGGATCCCATGTCGCACGAGCAGCACCACGCGGTCGATCTCGAGTTGAACGCAATCGAGCACGCCCTCGGCTCGCTCACACCGTCACGTAGCCGCCTCGACCGCGACCAGTTGATGTTCCGCGCGGGGCAGGCCTCAATGCGAAAGGCGTCGGTTGGCCGAGGGCTCTGGATTGCGGTCGCCGCCAGCACCGGGCTGATCGCGTTGGGTGAAGCGGCCATGCTCGCGAACCGGCCAACCCCTCAAATCATCGAGAAGGTCATCGTCGTCCGGGAGCGGGAACCGGTCGCTCGCGACACCCCCACCGACCCGGTCGTGGCCCAGGCGCCGGCGACGATCCGCGGCTTTGGAGCCTCGCCTTCGTTCGGGTCGACCGCCTACGAGCGGCTGACCTCGCAGGTGTTCCGCTACGGACTCGACGGCCTTCCCACCCCACCATCGACCCGAGCAAACCTGGATGCCCTCAAGCCGTCGCCCCCGCTCACGCGTCAACTGTGGCAAGAAGAACTCCTGAAAACCCTCGAGCCTGGAGCCCCCTCGTGAGACGGACATTCGCTCTGGTTGCCCTGGCCTCGGCCCTGGGACCGCTGGCCGCCCCGACCCCGGCCCCGGCCCAGTCGCCCCCCGCCCCTCAGCCGACTGTGTTCACCTTGCGGCCGGCCGCCGCGCCCCGGCCGGCCCTGAAGTACCGGCTCGTGCCCGAGCGCCACACGCTCGTGCCGGGCAACGCCGCGATCTTCTACCATCGCGCCCTCCAGATGATGCTCACGATCCGAGGGAACGACACCGCCCTGGCAAAGAAGCCGGAGCCCGGAGCCCGCCCCGAGTCGATCGACGAGCGGATCGCTCGCTGGGGGAACGTCCCGCTCGACGAGTTCCCGCGCGACGAAGCAAGAACGGGACTCGAGCCGTACCGCAGGGTCCTGAACGAGATCGAGCTGGGCGCGATCCGGGCGACCTGCGACTGGGAATTCGACCTGCGCAAGGAAGGCATCAATCTCTTGATCCCCGAG
NZ_CP155447.1_gap8	278204	279054	850	CGTGACACCGGTGGCCGAGGTGAAAAATCCGGCCGCGTACAGCTCCGAGGGGCTAGCCTTGGCGACGAATTTCGGGTCGGCCACCCGCTGCCGGGTTCGCACCACGCGCCACGGTTCGGGCGGGCTGAGCCGGAAGACGGGCCCCGCTCCCCCTTCAACGGCGATGTCGGTGGTCACGGTCGTCGCGGTCAGGGCCGGGTTCCGCTCGAGGTCGCGGGCCGGCAGGACCACCTGGCGAATGTGGTTGCTGTTACTACAGACGAACCGGTGGCCCCAGTCGTCGACGGCGTGGCCGAACTGCCCGCCGCCGGAGATCGCCTCGAAGGCCGAGCCGTCGGGCTTGAACCGGAAGTCGCGTCCACGAACCGAAACCGCCTTGAGACCAGGCTGCGAGGGATTCACGATGTCCCCGCCGTTGGTCCCCGCGGCGCCATAAATCCAGCCGTCGTTGCCCCAGAGCAGGCCATTGACCAGGCCTTGGACATTCTTGTTGTCGAAGCCGGTGAACACAACCCGTCGAATATCGGCCTTGCCGTCGCCGTCGGTGTCCTTGGCATAAATAATGTCTGGCACGGAGGTGATGAAGACTCCGCCGTCGTAAGGCACGATCCCGGTCGGCCACGAGAGCTCCTTGAGGAACTCGTGTCGCTTCTCGAACGTCCCGTCGCCGTCCGCGTCTTCCAGCAGGCTGATTCCCCCGGTGGGGACGGGCTCGGCGAACGGATAGCCGCGCATCTCGACGGCGTAGAGCCGACCATCGGCGTCGTAGCAGACGGCGACCGGGCTGTGGACCACCGGTTCAACAGCCGCCTGCTTAAGCGTAAAGCCCGCATGAAGCTTGAACGTGCTC
NZ_CP155447.1_gap9	291244	295126	3882	TCCTTAGCCCTGAACAGGTTAGGCTATCCTTCGCAATATTTGCTCAGAAACCGGACGAAATCTCCGGGCTCGGGACCGGAGAGTGACCGTACTCGCCCGCTTGACGCTCAACAACATCCACACTTAAAACAAGAAAGAAGGAATTCACTGATGACTCCAACGCGACGCGACTTCCTGAAGGCCTCGGCGGCCGTGGCCGCGGGGTTCACGATCGTTCCGCCGCATGTGCTCGGAGGGCCGAAGCACGTCGCGCCGAGCGACAAGGTGAACATTGCCTTGATCGGAGCTGGTGGGCAGGGGCGGAGCAATCTTCACGGCCTGTTCAAGCTGCCCGACGCTCACTTGATGGCGGTGGCCGATCCCGCCACCCATTGGGACCTGAAAGACTTCTATTACAAGGGCTTCGCCGGGCGCGAGCCGATCCGAGCGGAGATCGACGCCCACAACGAAGCCAAAGGGCACAAGGGTCGTTGCGCCGAGTACGAAGACTTCCGGACGATGCTCGAGAAAGAAAAAGACATCGACGCCGTGCTCTGCGCCACGCCCGATCACCTGCACGCCTATGTCTCGCTGCAATCGATGCGGGCGGGAAAGCATGTTTATTGCGAGAAGCCGCTCACGCACAACATCGCGGAAGCGCGGCTCGTGGCCGCCGTGGCGGAAGAAACGAAAGTCGCCACGCAGATGGGCAATCAGGGGCACTCGACCAATGGGATGCGCGAAACCGTCGAGTGGATTCAAGGGGGGGCGATCGGCCCCGTGCGGCACGTCCACGCCTGGGTGGGAACAAGTCGCTGGAACCCGACGCTTCAGGGCCGTCCTGCCGGTTCGCCTGTCCCCTCCGGCTTGAAATGGGACCTCTGGCTCGGCCCTCGTGAGGCCCGGCCGTTTGACCGAGCCTACGCGCCGGTCGCCTGGCGCGACTTCTGGGCGTTCGGCAGCAGTGCGCTGGGAGACTTCGGTTGCCATGACCTCGACGCGGCAACCTGGGCCCTGAACCTGAAGGACCCGCTGCGGATCGAGTCGTCGCACGCCGGCGCGATGGACGCCGACATCGCCCCGTACGGGTCACTGGTCACCTACCATTTCGGCGCACGTGGCGAGATGCCGCCCGTCGTGCTTCACTGGTATGACGGTGGCCTCAAGCCCCCGATTCCCGACGCTCTCCCCCCCGAGACTGTCTTGCCCGGACGTGGTGTGATGTTCATTGGTGACAAGGGAGTCGTCCTCTGCGGCGGGGCCGGGCAACCCCCGAAGCTCTTGCCCGCCGCGCTCGACGCCGGATTCGTCCGCCCCAAGCCCACCCTCGCACGCTCCAACGGCCATCACCGCGACTGGCTCGACGCGATCAAAGGGGGACCGGCCGCCAGCTCGAATTTCTCCTACGGAGCCCGACTGACCGAGATCACACTGCTCGGAGTCGCCGCGATTCGGACCGGCAAGACCATCGATTGGGACTCGGCCGGGATCAAGGCCCGAGGCATCCCCGAGGCCGACGCCATTTTCCGCGAGTCGTATCGTAAAGGCTGGGAACTCGCCTGAACCAAGAGCGAGTTCCGGCAGCCATTCGTAAAGGCTGGGAACTCGCCTGAACCAAGAGCGAGTTCCGGCAGCCATTGATCGATCGGAATGAACGACCAAGGGCTGATGCCGACCGGCGGCATCAGCCATCTCGACGAGGAGAGATGCCTTGAAGATCGTGGCGATTGAAGTCTGCCCGCTGACTGGTGCCACCGTCGACGGCGGCTGGCCGCAGGGGCATGAGCCCCAGGAGAACTTGCATACCCTGCTCATCGTCCGGACCGACGAAGGGCTCAGTGGCTATGGGAGTTGCTTCACGTCGGGAACGCTCGTGACCGGGGCGATCGAACTCCTCTGGCCCTTGCTTCGAGGCGAGTCGGCGGTCGAGCCCGAGCGGGTCTCCGAGACGCTGCGCCAGGCCAGCTTCTGGCAGGGGCGAGGAGGAGCGGTCGAACATGCGATCAGCGGGATCGACCTCGCCCTCTGGGATCTCATGGGCAAGGCCTGCTCGCAGCCCGTCTCGCGACTGCTGGGAGGAAACTATCGACAGACGATCAAACCCTACGGCTCCATCCTGTTCGACGAGCCCGCGGCGCTCAGCAAAACCCTCACAAGCGTCGTCGAGCGTGGTTTCAAGGCGATCAAGATGGGCTGGCGACCGTTTGGCCGCCGCGACCGAGCGTTCGACGAGCTCCTGATCCGCACCGCGCGAAAAACGGTCGGCGATGGCGTCGAGCTGATGGTCGATGCCGGGGGGAGCGAACAGTTCTGGCCACACGGTACGAACTGGGCCCGGAACACGGCATCCATGCTTGCCCATTTCGGCATCACCTGGTTCGAGGAGCCGCTGCCGCCCGACGACCTCGCCGGTTATATCGAGCTGACGCGGGTTTCTCCGGTCCCGATCGCAGGGGGAGAAGTGCTCACGCGACGGCAGTCGTTCCAGCCCTGGATCGAAGGGCGGGCCTTCGACATCGTCCAGCCCGATTGCACGAAGAACGGCGGTCTCAGCGAGTCGCGACGAATCGCCTGGTCGGCCTTCGACCACAACATGCTCGTCGTTCCCCACGGCTGGAATACCGCGGTCGGGCTCGCCGCCGACCTCCAGTTCGCCGCGGCGATCCCGGTCGCCCGGTACGTGGAGTATCTGACTCCCTCAGCCTACATCGAGGAGATCGTCGCGGAGCCGTTCCAACTCGACGAAGCCGGATTTCTGGCGATCCCGAATCGGCCTGGCCTGGGCATCGAGCTCGATCCCGACAAGCTGAAGCGATTCTGTCCCGAGCCGATCGTTTTCCGATGAGGTCATAACTCGATCTTCATGCATTGCTTTACTTGCGTCACTGGGAGCGGTTCATGAAGATCCCTCGGCTCTCCACGCGGCAACTCATGGCGTTCGTCGCAGTGGCGGCCGTGGTGTGTTGCCTCGTGACGGAAACCTGGCGGCGGCGACGGTTCCGACAATGTATGACGATGGCCAATCGCCATGCACGCGACGAAGCCTTCGTGCGCATCCAGGTGAGGAAGTGGAAGAATGCCGTGAGCGCCGCCAAGGTGACAACGACGCCCACGGAAAGCGTGACGGACCAGGCCACCGGCCGTCCGATGACAGCCGAGGAAGAGGTGGCTCGCCTGAAGACGATTCAGCACTTTTACGAGTTGCAGGCGGCCCACCACGCCCAGGTCGGCCGCGAGTACCTCCGCGCTGCGGACCGCCCGTGGGAGCCGTTGCCCGCGTCGCGGCCCTATTTCCCGGACTCGAAGCGACTCTTTCAGCAGGCCGCCCAGTTGAAGTAGGCCGGTTCGCTTCGAGCTCTTTTCGATTCAAGAGGTGGCCCGGAACCGGTGCGTCTGATATATCCCCTAGGAGTCACGATTCGTCTGATCGGGCACGACGGATCGCTGGGCCGGGCCGTGACATTGAGTGGTGAACGATGGCTTTCTTCCGCTTTCTCGATCGCGAGCGAACGATCGGCCCGCCCGGCTTCAACCGCTGGCTGATCCCGCCCGCCGCCCTTTCGGTCCACCTCTGCATCGGCGAGATCTACGGCTTCAGCGTCTTCAGCAAGCCGTTGACCCGCATCATCGGCATCGAGCAATCGATCCAAGGCTACGACTGGTCCATGCCGCAGGTCGGCTGGATCTACTCGATCGCCCTCATCATGCTCGGTCTCTCGGCCGCCGTCCTGGGTCGGTGGGTCGAGGGTGGCGGTCGGTGGCCATGCACCTAAAGAGGGTAAGGCTGGGAACCTGGGGAAATGATCGAGGTGAGCGATTGAGTGCCTATCTTCACGGGATTTCCCAGACCTCGCCACTGAAGTGCATGGCTGCTCTTGTCCTTCTCTTGTCCTTCGTCCCCTC
NZ_CP155447.1_gap10	296893	300826	3933	GCAGACGTCGTACATCAGGGGAACGCCGAAGCCGCTGTCGCCCCGGACATGGATTTGCACGTCGGGCCAAACGGCACGCAACCGCCTCGCCAAGTACCGGAGGTCGTTGTCGGCCCCCAAAAAGGCGGAGCAGGTGCCGTGGCGTAGTCCGACGAGCAGGACCATGTCGTTCTCGGCGCAGCTGATCGCGATCGGGAGATACTGATGCTGTTCATAGTATCCATGAAACATGGTCAGTTGTTGCTGGCCATGGGTGGGGTCGTCGAAGGCGTCGATGTCGAAGGTGAGATGATGGGGCGGCGCCTTGAACGACTGGATGAAGAGGTCGGCCAGGAGGTCGCGCAACCTCCAGAGGTCGGCGATCGAGACGGCGTTCTCGAACCGAGAGAGGGTCGGTTGACTGGCGAGGTTCCGCCCGTCGGGGAGCCGTCCGGCCAGGAGTTTGAAGATGGGGTCTGAGCGTAGGGTGTCATGGTCGTTCTGGTCCTCGTAGTCGGCGAGGATTCCAAAGATCCGCTGGCGGACCATGATGAGGAGGGATTGCCTGGTCAGGGACGGATTTCGGAGGTCGTGAAGGGCGGCTGTGAACTGTTCCGTGAGTCGAATCGTCTGGTCGAACTGACGAATGGGGAGGAGTCCGGCGTCACTGGAAAGAGGCGAAGAGGAGACTTCGATCTCGATCGGTCTCGAGGGCAAGAAATCGAAGGAAAACGGGGGAACAGCGTGTACACTCATAGTGAGGCCTCTGGTGGCGTTCAACGTGCTTGTGTAGTAACACGTTAGACGCAATCGGAGGCCTCTTTATTGGATTCGGTCTGAATAATCCGGGATAGCGGCCCGTGGCGTCATCGCTCGCCGCGAACGAGAAGAAGCTGTCGTCCTGGGCCAGCGAGTTCCAGGTCCTGGGCCGGGGCTGATTGCCGCCCAGGCGCGTGACCTGCCTCGTCACGACCACGGCGTCCCGGGCCCGGTAGATGAGCTGGAGGTCGTACGGGGCGTCGACGCTGTCGGGCGGCGAATAGCCCTGCAGGAGCGCTTGGCCGTTGCTCCCGGGATGGTTGTACCGGGTCATGGTCATGCCGAAGAGACTACCGGCTTTGTACTCCGTCGACCTGAGCACGACACGGGAGTTGCCCCCGTTGTCGGAGACCGCTCTGATGTCCGAGCTGCCCACCACGCGGTAATACATGTCTCCGGCGTAGGACGGGGCGGCCACGAGGCCGAGGAGCAAGGCAAGAAGCAATCGTCGCATGGCTAAGCTCTTTCAAGAAAAAGTAAGGGACGGACCGCCGCGGGGGCCCGCGGCTCACTCGGGTCGTACACGGGCTCGGGACGGGTGCCGCTGTGGGATGCGATGGCAACCCTATGCGGGTCAAGGAGACTTGGTGGCCGGTACGATGGCTGGGGTTTCGATGCCCATCAGGGTCGCCGCCTCGAAGCGGAGCCGGCTGAACATCGCCGGGGTGGGATAGAGTTCGGGCTCTCGCTTGAAACGCTCCGCGTAACCGTCATGCCACCTGTCACGGCGGTCGAAGACCTTGCGGGCCTTGGCCTTATCACCTAACTGCCAGTATGCCATCGCGGCGATGAAGTCGCCCAACCGCTGATAGTCGGACTGCTTCTCGAGGGATGCGATGCACCCCTTCCAGTCCCCGGTGCGGTATCTGGCCCATCCCAGCGACTGGAGGGCCATGCCCCTGTTCTCGCCGCTCGCGGAGCTCATCTCGAGGGCCCGGGCGGCGAGCTTCTCGGCCCGCTTGGGGTCGTGGGACGGCTCGGTCGGCGAGACCGAGTAGAGGTCTGCGGCGAAGACCAGGAGCTTCGCCAGGTCCTCGCGATAGTGCGGGACGTCCGGGTACTCGCGGACCAACGCGTCGCCCTCCTCCACGGCCCGGCGGGCGACCCGTTCGGCCTCTTCGGTCCTCTCGACTGCCAGAAGGGAGATGAGAAGGTTCTTGCGAGTCGTCAGGAGCAGGCCGCGGCTGAAGTGCTCCTCGGGGTGTTCGGCGACCAAGGCCTCGAGCACGCCTACAGCCCGACCGTCGCTCTCACTGGCCTCGGCCAGTCGGCCCGAGTCGAATTGGACGCTGGCGAGGTTGGCCAGGATGACGGCCAGGGTGCTCCGCTCGCCGGGGCTGGTGAGCCCATCCTCAGACAACCTGTCCAGGCGTTGGGCCGCGTGCCGGAAGCACCGCTCGGCCTCGGCAGGTCGGCCCGTGTTCCTGTAGACAAGGCCCAGTTCGAGCTCGCAGTTCGGGAGCCGGTCGCGGAGCCCGTGCGGCAACGGCCCCTCCGCGTCGAGCCGCTCGAAGAGGCCCAGGCCCCGCCGCAGGAGGGGCTCCGCCTCCTGGTATCGGCCCCGCCGCTCGTACAGGCCCCCGAGGGCCGCGAGGCTGCGGGCGAGCTGGACCTGGCTCTCCCGGCCCTTCGGGGCCTCGGCCGCGACGGCCTCCAGCGTCGAGACGGCCCGCTTCTGGAGCGTCTCGGCTTCGTCCAATCGGTCGAGCTCCACCTCCTGGGTCGCGAGGCTCAAGCAGGCGGCCGCGAGTTCGGTGCGATAAGCCGGCCGCGTGGGGTGGCGTGCGGCCAGGGCCTCAAGCTGCCCAACGGCCTGCTGGGATGCTGCCGCGGCCTGGTCGAACTTGCCGAATGCGAATTGGATGACCCCGACGCGATGCCGGGCACGGGCCGCCTCGAATTGGGCCTCGGGGGCATCGCCCTGCTCCGCGGCGAATGCCTCATAGAACCCGAGGGCCTTCTCCAGGAATTCGGCCTGGACCGCCGTCAGCTTCGGTTGCTGGGCGAGCCACTTCTCGGCGACCTGGGTATACATCTCATCGACGGCCCGCCGGGCCTGCGTCGTGCGTGCCTCGGCCCGCCGCTCGGCACGGATGGCCCGGACCGCCAGCCAGGAGCTCACCGCCACGCCCCCCGTCAACGCAAGGAAGAGGACGACTCCGGTGGCGAGTGCCGCCCGATTTCGCCGGGCGAACTTCGCGAAGCGATACCAATTCGACGGCGGGAATGCCTCCACCGGCCGGTCGGTCAGGTACCGCATCACGTCGGCGGCGAAGTCGCTGGCCGTCTCGTATCGCCTGCGGCGGTCCTTCTCCAGGGCCTTCATCACCACCCAATCGAGCTCGCCCTTGATTGAGGGCCCGAGCCGTCTGGGGTCGGCCTTCCGCCGGGCCGAGACGGTCGAGAGCTGGTCGCCGAGCGAGCCGAGTCGAGTGCTAGGCCGCTGCGGTTCCTCCTCGCGGATGATGCGACGCATCTCGTCGAACGCGGCCCGCCTCAGCGTCTCAGGGTCGAACGGCGTCGTGCCCGTCAACAGTTCGTAGAGGAGCACGCCCAGGCTGTAGATGTCACTCCGGGTGTCCACGTCGACACCCGAGAGCTCCGCCTGCTCGGGGCTCACATAGAGCGGCGTGCCCACGAACTGGTGGAAGCCGGTGAAGAGGGTCTTCTCGGTGAGGGCCCCGACCGCGGCCTTGGCGACACCGAAGTCGATGACCTGCGGCACCCCCACGCCGTCGACGACCGTTACGAGGACGTTGGAGGGCTTGATGTCGCGGTGGATGACGCCCTTCTGGTGGGCGTGCTGCACCGCCCGGCAGACGAGCACGAACAGGTCCAGCCGCTCGGCGATGGGGAGCTGCTGCTCGTCGCAGTATTCGGTGATGGGCAGGCCGCGGACCAGCTCCATCACAAAGTAGGGGCGGCCCCAGGGGGTCAGCCCGCCGTCGAAGACTTTGGCGATGTTCGGGTGGTCCATCATCGCCAGGGCCTGCCGCTCGGCCTCGAACCGGGCCACGACTTGCCTCGAGTCCATCCCCGGCTTGATGACCTTCAACGCCACGCGGCGGCGGACGGGCTCGGCCTGCTCGGCCATGTAGACGGTGCCCATGCCCCCCTCGCCGATGGCCTCCAGCA
NZ_CP155447.1_gap11	314985	318812	3827	GGCCGTCAAGGATCGTATCGAAGCCCGTGGCGTGGCTGTTATTGATGTCGTGATCGCCCGAGGCCCAGAAGAACGAGGCGCGGAACCGGGCCCAGTCCCGGTCGTAGGACCCTTCGATCGCGAACATCTGCGCATTGATCGTCTGCGCCTGGTTGGCCAGCGGATTGAGAGTATCGCGGCCCAATGCCCAGTAGAATTGGTGAGTGATGTTGAACCGGCCGATGTGCCCGTCGCCAGCCCAGCCCAAATAAGCCACGTCGAGCTGGTGAGGCCGGGCCACGCCGACCGGGTCGGGACGCACCAAGAATCGGTTATTGTCAAACTTAAAAGTGCGTGGATCGTTATTGTAGACCGCGCTGAGCTGGGCCGTATAGCCGGGGACCAAGAAATCCTGCCGGTAGTAGTTGGCAAAAACAAGGTTCTGCTGCCGGTCGGCAAACGAGTTCAGCTGGCTATTCGTGTCCTTCTCCCACTGGCGGAAGTAGGCGAGATTCCACTGGTCCCGGTTCGAGTGGCGGGTGCCGAAAAAGCGGACCGCACGGTTGGTGTCGTAGAAGAGGAAGCCGCGAAAATCGTTATTGAACGGCTGCGTGCCCGCTCGAACCGAGACGAAGTCGTAGTCCGGCCCCACGTCGGCGAGCTTGGTCTCGAAGTAAGCTTCCTGAAGCGCCCAGAAAGTTCGCGTTCTCGATGTGCCCTGAAGCACGTTCGGGCTGACGACCGCGAGTTCCTCAACCGACAGGTTGTTGAGGTTGAAGATCGGCATCACCCGTAACTTCCAGTCGAGCGGTTTGAAGGCCGCATCGCCATGGTTCAGGTCGACCGCGAGCACGAAGAAGTTCGAGGTGAAGTACTGATTTGGCCGGCCGAAGAAATTCTGTTGGTTGGGACGAGCCGTGCTCTCGAACGGGGTCGTGGCGGTTGGGACCTGGCGAAACTCTTGGAACGTGAACAACTGCGCGGTCAGATCAAGAAAGGTGTGCTGACCGAGGATCGGATAATCCCCTTTCAGAACGTTCTGATTGAATGGGTCGAACCATCGCCCCAGCATAAATGGATAGTCATCATTGATCGGGTGCCCTTTGCCATAGCGATCCCACTCGGGAAACCCAAGCCGCCAACGGTCCTCGACGGGGACGAAGTGTGCGTCTTGCTGCCCTTCCGTCGGCAAGATCCCGGACGGACCGGTGTAGCCGAGCGGGGGATCGACGGCGGTTGGTCCGATGGGTGCGTCGACTTCGGGAGGCAACGCGGGCTGAGGAGGAGGCACGGGATCGATCGGCCGGTCCAACATGCGAGGCGCGGGGCGTGGCAGCACGCCGACCGTCCCCTCAGCCCCCTGATCCCCTCGGGGCGATTCCTCGATCGGGGCGGGTAGGACACCAGCGTCCGCGCCTCTCGACTCGAGCGTGGCCGGCAAGCCCGGGGCGGGTCGCGGCGGAAGCGCGGCGGCCACGGGCTCGGAAGGCGAGGGCACCGAGTCGGTGTTGCCAGGCCGGTCGGACGCCACGCAAATCCCGGTCAGGATAAGCCCGGTGAGCCCACCGCGAAACCAGGATCGCGCCAGGTCTGCCAGGGTCATGCAATCGGCTCCGCTGACCGGGGAATAATAATGATGAGGGCAACCCAGCCTGCCAAGACGTTACTCCAACCCATTTGGCGGATCGCGTCTGATCCATCTGGGAGGGAGAAGCGGAACACGTTCGAGAAACGCGATCCCAAAGAAGAGAGGCACCAAGGCAGTTTGGTCGCAAGTCTATATCGAACCGACGCATGCCAAGCTTGAGCCTTGCTTCGATTTTAAGGATTACGCCGATCACACCAATAAAACCAAGCCGGCTCGCACACCAACACATCTTGCCCTGGCTGCCCGTTTACGCCGATTTTTCAGCATTTTCCGAAAGGCCATTGAAATCGGCCACTCGAAATGGCCGAAAGAACGGGTGAATCACCCTCGTCTACGAAAAAGAAGAGAACGGCGCGGAGACTTCGACTTGGCTCAGGCCGCTTGCCGACGCGGCACGAGCGCCGCGTCATCAGCCAAGCCGTTCTTTCGTGACATGGGCGGAGGGGTTTGATCGTCGAACGCCTCGGCTTTTCCCCGTGGATGCCCCGGAGATGGACGTAATGCGTTGGCTCGAATTCCGAGGCCATCGGACGCCAGGCCGCGAGGTCTCCCGGCGTGGAGAAAAGGCTCGGCGTCCCGAACTCGAAGGGCTCGAGACTCGTGCCCTCCTGGCCAGCGGCGCCGGCGCAATCTCGGCCCAGGCTTCGGCCCTCCTGTCCACTCAGGACGTGGCGACGTTGCTCCAGCGCGCCGCGGGAGCCACGGCCAGTAACGATGGGATCATCGCCGTGGTCGATCGCGAGGGAAATATCCTCGGCGTTCGCCTCGAAGCTGACGTCTCGCCCACGATCACCGGCACCCCTCAGAATCTCGTCTTCGGGATCGATGGCGCGATCGCCAAGGCGCGGACCGGGGCCTTCTTTGCGAACAGCCAGGCCCCGTTGACCTCGCGGACAATCCAGCACATCTCGCAGTCGACGATGACCCAGCGCGAGATCGAGTCGAACCCCGATATTGCCGACCCGGACTCCACCTTGCGTGGGCCTGGCTTCGTGGCGCCGATCGGCAAGAAGGGCCACTTCCCAGCGCGCGTCATGTACACCCCTCAGGTCGACCTCTTTCTGATCGAGCACACCAACCGCGACAGCATCGTCAGCCCGGGCCCTGACCACATCCGCGGGACGCCCGACGATATCCCCCTGGCGAGCCGGTTCAACGCCGATCCCAACTTCATTCCGCCGGGGCAGGAGATCAACGCGCCGGAGTCTTACGGTTTCGCCACCGGGATCTTACCTGATGCCCAGTCTCGCGGAATCGCGACGCTCCCCGGGGGCATTCCGCTCTATAAGAACGGCACTCTCGTCGGCGGGATCGGCGTCTTCTATCCAGGGCAGACCGGCTTCGCCACCGCGGAGAACTCGTCGCTCAACGACGCCGGCTTCTTCGACCCGACCAGGCCCGACCGCTCCCTCGAAGCCGAGTACGCCGCCTTCGTCGCGGCGGGCGGCAGCAAGCCCGCGGGGGTTTCGTTCAACAACGCCAGGATCAATAAGAAGCTCGGACTCCCCGCTTTCCCGGCTGGGGAAAGCTTCGACCTTCCGTTCGGACGGATCGACCTGGTCGGAATCACGTTGGATATCTTCGGCGGACACGGTCGGCAAGGGCCTCGCAACCTCGTCGATTACGGCCGCACGCTTGGGGTGGGCGACCCGAACAACGGCACCAATCAACCTGTGAACTCGACCGGGGACACACTGCTGCCCGGGTCGCCGGTTCCTGAAGGCTGGCTCGTTCTGCCCCACGCCAGCGCCGATGGAACACTGACGGCCGACGACGTCACCGCGATGATCAATCGCGGGATCGCCGAAGCGAAACACGTCCGCGCCGCGATCCGGCTCCCGCTGAACAGTCAGACCCGCATGGTTTTCGCCGTGACCGACAAGACGGGCGAGGTACTCGGCCTGTTCCGCATGCCCGACGCCACCGTCTTCTCGATCGATGTCGCGGTCGCCAAGGCGAGGAATGTGGCCTACTACGCCGACCCCAACGAGCTTCAGCCGATCGACCAGGTCGCCAACCTGCCCGCCGGGGTGGCGATGACCAACCGGACCTTCCGTTATCTCTCCGAGCCTCGCTTCCCGGAAGGGATCGACGGCAATCCCCCGGGTCCGTTCTCGATCCTCAACGATGTCGGCATTCGCAACGACGGCCCGGCGCTCCCCCCCTCCGCGTTCCAGAGCGTTCAGGGGTTCGACGCCTT
NZ_CP155447.1_gap12	320832	323654	2822	GCGCCATCTGCGACACCGGAGGCCTGATCGGCATCTGCTGCATCCCCCGCTTCCTGGGAGGGTCGGGAGACATCGCCGCGTTCCTCGACCACATCGACTACGCCGTCAAGACCTTCGGCGCCGACCACGTCGCGATCGGAACCGACGTGGCCTATTTCTCGCGGAATGAGGGGACCGAGCGAGCCAAACTCCCCAAGCGTTCCGGCTCGGCCCCGGCCGGGGCCCGCTGGGAACACCTCTGGCCCAAGGATGACTTTCGCGAGTCGCCTCAAGGCATCAAGAGTCTCGCCTGGACCAACTGGCCCCTGTTCACGGTGGGAATGCTCCAACGCGGCCACTCCGAGGAAACGATCCGCAAAATCCTCGGCCTGAACGTCGTTCGCGTCTGGAAGGCCAATCAACCCGCCAAGGCACAACCAGCGGCAGGCGGATAACCCAACCACCTGACGGCCGCCGGCTCGAAGGCCGGCGGCAATCCGGCTCAGGGTGAGGAGGCGCTCACGTACTTCCAGCAAGTGAAGAGCGGGGTGTTGGTCGAAAAAATACGAGATCGGTTAGAGGGCATACTTCCCATCCGCCGGGTTCATCGTGCTCAATAGGACGTTGCTCATCCCGATATCGGATGCGCTCAGGTACTTCACGCCCCAGATGGCATCGGCATAATGCCAAGGGAACGTTCCCGAAGTGGAAATCTTCGCTGCGGCCATGCCCGCGATAATCCTGCGTATCGGGGCGAGTGTTTGACGAAAGGGGGGGGCAGGGCCAAGGCACCGTAAAGGTCCCGACTTGGCAACGTTTGCTGAGGATTCCCGGCATGAATGAATCCGAATGGATCAGCGGCACCCATCCGTGGAACATGCTCCGCTTTCTCGAGCCGAGAGCGAACCAACGAAAACTCCAACTCTTCGCCGTCGCTTGCTGTCGGCGTGCCTCGCCTCTGAGTAACGACCCTCGCCACCAAGAGCTTGTTGAAGCGGCCGAGCAGTTCGCAGAGGGGTTACTGACCGCGGACGCATTCGAACAGATCAGGGATACGGTCGCGGAACTCCCGGAAACGAATCCGGAAAATGCCCCATGGGGACCGTCCTGTTACATGACCGCGGCGACCCTTCACGCGCGTGGCGATGGGTCGGCCAAATTTGCGGCGAGCTTCGCGGCCCGTGGGCTTGCGAGCTTGGCGGGCGAGGAGGATAGCCCGGAGTGGCTCGCCGTCTTGACGGCCGAGGAGACGGCGCAGTGCGATCGGCTCCGGGACATCTTTGGATCCCCGTTTCGGCCGTTCCGGTTTCCACCCGCCTGGCTGGCCAACGAAGGCCGTCCCGCGAGGGAACTGGCCAGAGAAATCGAAGCGAAGATTCGCCACGAACAGGAAGACCTCGCGGCTCTCGCGGATTTGCTCGAGCGGGCGGGATGTGACGACCGGAGCGTCATCAACCATTGCCGGACCCCTGGAACGCATGTCCGCGGCTGCTGGGTCCTCGACGCCTTGCTCGGCCGTGACAGTGCCGTTCGCGAGGGCCTGACGACGGAGGCGGACTGGCAGTCATGCGGCGACCCGGCACCGATCCTCCACTTCCTCCGAGGCAAAGGGACCGAACGGAAATGGCGGCTGTTCGCCGTGGCCTGCTGCCGCCGCATCGAACACCTGATCACGGATGAGCGAAGCCGACACGCGATGGAAATGGCAGCTCGCTCCGCCGAAGGCGCGGCGACCAAAGAGGAGATGGAGAAGGCCCGCGCGATCGCCCAGGAGGTCCAGGACGAAACCTTCCGTGCAGAGTACTCCGTGGAGGCCGAAGAAAACTTTTGTATGACTCCCCGGCACGCCGAATTCTGCCGTCGCTCACTCGTGGCTCGAGCCGCCCGGAGCGCAGTCTGTCGCGACCCCCGGACGCCGGACGCGGAACTCGCCCGCGACGAGGCCGAAGCGTGGCGGCCCAGTGACGAGTGGGCCGGTGGAGCCCTCCGCTTTCATATTTACGAGAACATGCACGAATACAACACGAGCAACTGGCAAGCAGAAGTCGTCAAGCAGGCTGTCCACGTCGTCGATACGGCCGAGCGACGCGCCCATTCTGAGATCCTCTGCGACCTGTTCGGAGAATTATTCGGGCCGCCTGGTATCAATGGCGCTTGGTTACCCATCGGGGAGGACAAGCAGGAGGCCTGGTGCACCTTGCCATCAGCCCTGGTATTCAACTTCCGCCGCGAGTGGTTGACCTGGAATCGTGGGGCACTCCCAAACCTCGCGCGTTCGATTTACGAAGCGGAGCAATTCGACCGTCTGCCGATCCTGGCGGACGCTCTGGAAACGGCCGGATGCACCGAATCCGCGATTCTGAATCACCTGCGCGGGCCGGGTCCGCACCATCGTGGTTGCTGGGTCCTCGACCTGCTCCTCGGCTGGGGATCGCACCATTGAGGTTGGCCGACAGCGATTTACCCTCGAGTCGCTCACGTCGTTGCCGTTGTCGCCGAGGCCTGTGACCCCAGCCACAGAGAACGCTCCGTTACAGGTGATTCGGCCTCTATTGATCCGAAACCAGGGCGCACTGCCGACTCGCCTCGACACACGGCGAGTTGGCAAGAGCTTCAACACCCACAACACACAAATACAACAAATTCAAAATTCTTCACTAAACACAACGTCGCCCGTGACCCCGACCTGATAGGCTGACACTCGCCGTTCGAAGAAATTCGCGAGCTCTTGCACGTCCTGCAACTCCATGAATGCCAGCGGATTCCGCGAGCCGTAGATCGCGGGGATACCGAGGGACTCGAGACGGCGGTCGGCGACGTACTCGAGGTATTTCCGCAGGTCT
NZ_CP155447.1_gap13	335031	337096	2065	GCTCGTAGCGTTCGAGCCCCCGGAGCGGACTGTCGAGGTGGATATCAGCGGCATGGATGAAGGTGATCGCCATGGGCTCTGGAAGGCGTGGCCGGTACTTTGGGATGGGACAAGGGGATTCACAGACCCGCATCTTCCCAGAAAACGGCGAGCGCTGACAAGGCGGCCTCCGTGGTTCCAACAACAAATCCAGCAATCAGCACAATCCGAATTATCGCGAATTTCGCCACAAGCCCGCCAGCCTGCTTCGGCCGCGGCCGGAACCAAAAAAAAAGCCCGGGACGAAATCGTCCCGGGCCGTCGAAGCGTGGGTCGGAGAGACGTGGGCTCAGTACTGATCTGCGCTGATGATCTCACCGCCCGCTCGTGTCACGAGGTTGGCAAAGATCCGGATGCTCACGGTCTCTTTGACGAACTTGACCGAGCCGTCACCGAACACAAAGTTAGCTCCGCCGGGGTGGAATCCATAGGCTTCGCCCGACCCTTCCGAACCGTAATAGGTGTAGGGGAAGGTCTGCGAGCCGATGTCTTCGCCGTTGGTGCAGTTCAGCGGGCAAGGGCCCGGGATCACCGATCCGTCCTGACTCGAGCCGTCGACGCTGAAGTCGCTGGCCGGGCGGCACCAGCCTCCCGCATTCACGCGGTTGGTCAGGAGATTGCTCCCGGCTTGCCGGCCCCCTTTGCGAAACACGTAGGGACGGCCGGCCGATTCGGCCAGGCCGATCGTGTTGGAAAGGCCGTCGGTGACGTCCGCGAGCCGTGACTTGACGTTCTTGGGAAGCAGGCCAGTCCAGGGGCCGGTGGTGAGGGTGTCGCCGGCCGCGCCGACCAGGCCCAAGCCCGGTGTACCGAGTCTCCGATCGATGCCGATCGTCGGCGAGTAGTGAGTCACCGCCGCCACGTTTGCGGCCCAGGGGGCACCGGAAAGGAGCTGAGGATCGCCGTCGAGCACTTCCCCTCCCTGAGCGGAAGGGCAGAGGAAGACGTTGATCTTGGACCGAACGCTCGTCGTGTTCTCGGCATTGCTCCAGTTCAGCGACTGGTTATAGGCGTTGTAAACGTTGTTTTGCTCGAAGTAAGGGAGCATGATCGTCAGTCCGGCGATCCGGGGCAGGGTGGTGGCTCCGCCCGGCCGATCGCTCGAGGGAAGGTTCAAGTTGACGTCATGAAAGTTATGCAGGGCGATGCCGAGCTGCTTCATGTTATTGACACACTGCGAACGTCGGGCCGCCTCGCGAGCCGCCTGCACGGCGGGCAACAGCAGAGCGATGAGAACCGCGATGATCGAGATGACGACCAGCAGTTCGATCAAGGTGAATCCACGGCGACCTGATTTGATCATGAGATCCTCTGAAATATTCCTGATTGAATGAGTTGTTGGCAAAAGTCAGGGCCGTTATTTGGTAATGGTGAGCGGCTCGAGCTCGTTGGGAGCTTCAGCCACCTTGATCTTCCAGAGTGAGCTTTCGCGACTCGCGTAGCTCTTGGGGATCAGGTCCGGGCCCGCCTTGAAATCCTTGCCGTTCTTGATGATCTTGTTCCACTGGATCGTGGCGGTGTAATCACCCGACGGTGCGCCGTCGTCCGCGTCATACGTCGTCAAGCTGAACGAACCATCCGGCTTGACCTTGGCCGAGGGACGGAGCTCCGTCTCTCCTCCCGCGGTCGTCGGATAGAAAACGATAAGCGCACCCTCCGGGACCTCTCCCGCGACGCTCACCTTCCCCTTGACCGGAAACACCGGCACACGTCCATCGTCGCTCGAACATCCCGTGACGAGCATCGCCAACCCAACGCCACAGAGCGGGACAAAGTGCTTCACGAATCGCCAAGACGAAGACTTCACAATTTGGCACATAGGACTCGCCTCCACTCCATTTCGCTCGAAAAAGCGTCGACAACCTCGCCGGCGGAGCGCATCGCTCCCCCAGTCCGAAATGCATCCGGACTCATCACAGCACCATGATCCGTCTGATCGCTCAGGACCCCTTTGTCCTGATGGACCCAAAACAGTCATTCTTAGCTGATGTGCGATTCTTATGATCCCGACCGGTTTAGTCAAGTT
NZ_CP155447.1_gap14	418651	420328	1677	CCTCGTCGGGCAGTCCCGCAACAACGGCCTGCTTCGCAGCGGCCAAGTCGGCCTCGGCCCACTGCCGACGGGTCCGTTCGAGCTTCTCGCGCAGCGTTCCCTCAAGGCCTTCGAGCGTCCCTTCTCGCCAGGTCCGCGCGAGCAACGCTTTATAGGTCGCGATCGCCTCCCCCGGCGTGGCCTTGGCCGCCGACTCGATTTGAGCCACCGCCGCGCGACGCACAAACCTGTCCCTGAGCTCCTCGAGTTCCGCCATCCGAGCCGGACGCTGCTGAGGTTCGAGCCGAGCCGCTTCGGCAAGCGCAGCGTGGATCGACTTGACCGCCGCCTCGAATCGCCCCGCACGCTCCTCGGCCGTCGCATCGGCGATCCGCGCTGTCAGGTTCCGCTCGATCCGCTGCCGGTTCCGCGTCCGCAGAATCCCTCGGGTCCCGAACACCACCAGCAACAGGGTCAGGGCTGCCAGGCCCCACCACGTCCAGGCCACCCACCTGGGCCGCCCCCGTGAAAAACGCGTGCGGCGCACCACGGCTCGAGGAAGAAAGGGAACCTCAACCCAGGTCTCGCACCAGTTGCAACGCAACTGCCGGCCAGCCGAGGTCCCCTTCAACGTCAGCTCGTTACCACACTCCGGACAGGCAAACGATCCGCCCTCGCCCATCCCCGGTGTCTCCACATCACGGCCTGACCTGATCTCACAACGACCAAGCCAGCACAACCCTGTTGAGATCACCCCTGAGCGAGTGATCATTATTTGACGCGACGAAGAGGCAACTCGACGCCCCCGATCGGGAAGAACGGAGTGGTCGTCCCTCCCATATCAATAGGAATGACGCAAATTGTATCAAGTCGACGCCAAGAAAGGGGATGAGGAAAACAGGAAGTAAAGCAAAGCTACGTTGAACCCTTTATGAAGTCATCATCAACTTACAACCATCGCACGGTGAGGACCGAATCCCTGCCGAAATACAGGCACGGCCCACCATCCCGATCTCCTTGCCCAGAAGGAGGTTAAGATGGCGGGCCGTAACTTCTCAATAACCCCGGGCAACAATCTGTTCACTGATGAACAGGGACGGCTGCTTATGGACCCCGGATGCCTTCAATGGTCCTCAAAAGGCGATCCGGACGCTGTAAACGTGAGCGCAGTTCACCACTGTTCAAATGCACCACCCGGGGTTATTGAGAAATTACGGCGGGCCGTGCCCACCCTACGGGGAAAATCGGATTCTGGCCGCCGAACCATCGTTAATCGTTGATCAACTCAAAACGAGTTCGGCGAAGCTTTAGGTGGGCCATGCCCACCCTCTTGGAATCGGTTTGAGCAAGGCGAAGGGAGGGAGCCAAGCCGATCCGCCCGGGGAAATGGGGCTTACTCTTCGTTGGTGCAGTGGTTGATGAGCCAGGTATCAACGTCCGAGAGCATCGGCGACGTCAGGCGATGGGCACAGGGGTAGGATTGGAATGCGACGCGGAGACCTCCCGCGCGGAGCACGCGGACGTCGCGGCGGGCGGACTGAACCGGAACCCGGGCGTTCCATTCGCCGTGGACCACCAGGATCCGCAGGTCACGGCAGGCCTTGAGCCGAGCCAACGGACGGAATCCACCGGGAAGCCAGCCGTTGATCGCCACCACCCCCGCGAAGCGTTCGGGGTAGCTCAAGGCGATCCGGTAAG
NZ_CP155447.1_gap15	423211	424623	1412	AGTCCTCCTCGGCGATTTCATCGTCTATTTCATCGGCTACTACTACGGGGACAAAGTCCTCAGCCTGCCGATGACCCGCAAGCTCCTGACGCTGGAGCGGGAAACCCAGATCAAGGGCTACTTCCATCGCCACGGCTTCAAGATCCTGATCCTCGGCCGGTTCGCCGTCGGGTTTCGGACCGCCGCCTACCTGACCGCCGGCATCCTGCAACTCCCGGTGCTGAAGCTGTTCTTGACCGACGTGCTCGCCGCCTCCCTGAGCACCCTCTTGATGTTCGGGCTCGGCTACGTCTTCGCAAACCAGATCGAGGGCAGCTTCGACCAGATGAAGCACTGGCTAATGGCGATCGTGGCGCTGGTGCTGGCCTCCTGGCTGCTCCACCGCTTCCACAAGGGGCGTCTACGCTCCGGGTTACGCGTCGGCCCCCCCGTGCTCGTCTCGGACGACGCCCCACTCCCGCCCGACGACCTGCACGCCCCCCCGAAATCACCCACCGACTCCGCCGTGCCCCTCACGCCGATCCCCACCCCCGAAGTCCTGATCATCGCCCCCAGCGCCTCGGAACCCTCCCGATACCACTGCCGGCCATCCCCATTCCCATTCCCATCCCCGTCCCCGACCCCGCCGCACCAATCGTCGCCATCACCACCACCGCCCCCAACCTCGAACCGGTGCCCCCCCACCGCGCCCCAGAGGCTTCACACCTCGCCGAGCCGAACCACTCCCGTTCGCTCGAATCCCACCCACGATAATCGAGAAACCAGTCTCCCCCTACCGCCTTACCCCTCTGCCACGCCCAAAGTTTTGGTTGCCCAAAAATTCATATTGCAAATCGCAAAAATTCAACTACGATCCCTATGAATCACAGCTTTGGGAAAATCAACTTTCGTGATTCATGACCAAGGAAATCGTGTTATGTCACACCAAAACCAAATGAGATGCGGGGAGCCTCGGCTTGAGCAGAGTCGCGGTTTCACTTTGATCGAGCTCTTAGTGGTGATTGCGATCATCGCCGTCTTGATTGCTCTGCTGCTACCTGCCGTGCAGGCAGCGCGTGAGGCGGGACGGCGGGCTCAGTGCATCAACAACCTGAAGCAAATGGGCCTGGCGTTGCAGAACTACGAGTCGGCGTTGGGGGCCTTTCCTCCGGCCTACGTGGGGGATCCGAAAGCGAGCGGGTCGGCATTCGGGGTGAGCTATCCGGACGAGAACATGAACACGCTTCCGGGTTTTGCCTGGGGGACCCTGATCCTGCCATTCCTCGAACAGGCGCCGCTCTACGCCAGCTTCAATACGAACGTGGCGTGCTGGGCTCCAGCCAACAGCACCTCGGCCCGTATCAAGCTCGCCGTGTTCATTTGCCCTTCCGCAGCCGGGCCGAGCGATGGGTTTACGCTTCACAAATACTCCA
NZ_CP155447.1_gap16	469262	471740	2478	GTCTTAGAGTTCGACAAGGCAAGTCATGACTCGCCTCAAACTGGCCTTCTTTTTTGAATCTCGACCATCATACCAGAGGATCGGCTCGGATGTCATTTCCACCGCTGGCGCGTATCCGACAGTCCGTACCCCAACCTCGACTGGACGACGTGCCGGGCACCGTCCGTCGGCTGATTTTAGAGAGCAAAATCCGTGAACGCGTGAAACCGGGTGGAACGATCGCGGTGGGAGTGGGCAGCCGAGGGATCACCGTCATCCCCACGATTGCGCGGGTGACGGTCGACACGCTCAAAGAGATGGGGTTCCGGCCGTTCATCGTCGCGGCCATGGGCAGCCATGGCGGAGCCACGCCGGAAGGCCAGCGCCAGCTCCTCGCCGAATACAAGATCACGCCCGAGACGATGGGGGTCGAAGTCCGCACCGACATGGACACCGTCGTCGTCGGCACCAGCCCGATCGGCTTGCCAATCTACTTCGACAAGAACGCCCATGGCGCCGACGGGATCGTGCTCTTGAACCGGGTGAAGCCGCACACCGACTTCCACGCCGCTCACGAGTCGGGCATCCTCAAGATGATGGTCATCGGCCTGGGCAAGCGCGATGGGGCCGAGCAAATTCACAAGCTCGGGCTTCGCGGCATGAAAGAAGTGCTGCCGGCCGTCGGGCGGCACCTCATCGCCAACATGAAGTTCGCGCTCGGCCTGGCGATTCTCGAGAACGCCGAGGACGTGCCGGCCGAGATCGTTCCGCTCGAGCCCGAGACGATCTTCGACGTCGAGCCCAACTTGCTCAAGCGCGCCCGGGAGCTGATGGCCCGGCTGCCATTCGACCAGATCGACGTTCTAGTCATCGGCGAGCTCGGCAAGAACTACTCGGGATCGGGGATCGACCCGAACGTGACCGGTCGCCTGATGATCGAGACCCAGAACGACTTCGCACGGCCTGTCGTTACCCGAATGGTCGTGCTCGACGTTTCAGAGGAGAGCCACGGCAACATCGTCGGCGTCGGATTCGCCGACCTGACGACCGAACGCCTCGTCTCGCAACTGGACGAGCGGTCGTTCCGGATCAACGTCCTGACCTCGTGCTGCCTGGAACGGGCCCGAATCCCGATCACTCTGCCGACCGACCGCGAGGTCTTCGAGGCTGCACTCCAGACCTGCTGGCGGATCGATCCGTCGGAGGCACGGATGGTTGTGATCCCGAACACGCTCGAGTTGAGCACCCTCTGGGTGTCTCCTCCGCTCGAGGAGGAGCTTCGCGCTCATCCGCACCTGAGCCGCGAAACCGAGTATCTGCCCATCCCGTTCTCGGCCGACGGCACGCTCGACCAAGAATCGCTCTTCCCCGAGAGCGTCCGAGGTCGCCGCGCCGCCGGTGACGCTTACGCAGCTCATTGATCGATCTCGTCATTTGGGCATGGGCGGTCCCTCACTCGGCTCGGGGATCGGATCAACGTACAGGGAAGAGTAGAGGCGAAAGTCGTCAGGGACCGCGGTCCGATCCGGGACCGCGTCCCCGTTTACCAGGCTGAGAGCCGTCTTGAGGGCCTCGCGGGCGAGTTGCGGGATGTCGCGGACCGCGATCGCAGCGGTTTGCGAGAACAAGTTCTCGTTGAAGCCAGGCACGTTCGCAACGTAGCCAGCCACGATGAGTGGCCGCTTGTCCTTGAGCGTGTGCCTGACATCGAGAACGCCGGCCAAGCCGACTTGCTCACCGATAAACACCATCGCCAGTTTCGGATCCGATTCGAGGCGTTTGGTCATCGCAGCCTTGGCCCCCTCCAGAGTGCCGTCAAAGGTGAGCGGCTCGGAGTGGGCGAGGTTCGCCTTCTGAACCGCGGCGGAAAGAGCGTCGACACTGGCCTTGAGATCCGAGTCGGGCTTGGCCACCGACAGGATGACCGCCGTGGCGTCGGCGGGCAGCTTGGCGGCTTTTGCGGCCTCCATCACGGCATTGACGAGTTTTCCAGCCGCGTCCGATGGGGGGGCCGACTCAACGATCGGGAACGGCTTCCCTGGTTCGGACAGCGGTGGCGCCAGGAGCACCGACGGGACCCCTTGAGCCCGGAGTTCCTCGAGCGCCTTGGTCACCTCGGCATCCTGGGCCGGTTGCACGATCAGGACCGTGGCTCCCCGTTCGGCGGCCTTGCGGATTACCTCGGCCTGGCGCCGCGGCGGGTCGTTCGGCTCGGGGGCCGACGTCCGGAAGCTCGCCTTTGCGCGTGAGGAAACGAGCCGAAGATACTGAGCCAGGACGCTCTGATCGGGCGTGCTCTCCGACGGCGAAATCAGCTCGACGACCCGAATCACCGGCGCCGCCGCCGGCGCGGCCAGCTCGGGATTGGGGGGCGGCATGAACGTGTCCGACTCACAGCCCGAGAGCCCGAGTACAGGAATCAAGGCCCAGAGCGTCAACGCGTAGGAACGGGGCATCGTCGATAAGACTCCTGAAAATCGAATTGATGAGGACATGCGA
NZ_CP155447.1_gap17	490989	493931	2942	AATGAAGCCTCAGTCCCTGTCTTCTCGTCTGGAGAACCAGACCAAGGAGGGTGGCCGTGACCGCCCTCCAGGTCGGGAACAATGGCTCCGAAATCGCTTGTAAACGGCCGGCACCGGCTCTGATGGATGAGGTCTGGTCGCGAAGGGCAAAGGGGCTTACGCTTCCCGCCCGCATCGGCCAATCGCACGACCGGCCATGGCACTTCCCATTCTGACGAGCCGGCAAGGCATGCAGTGAGCACTCTCGACCTGACCGACACCATCGCGGCAGTGGCGAGCCCACCGGGCCCCGGCTTCCGCGGCCTGATCCGGCTCACCGGCCCCGACGCCCTCTCAATCGCCCTGGCCCGGTTCTCGGACCACGACGACACACGGTTGGCCAAGCATCCCGAGCGGCGAAGCGGCCGGCTGACCGTGACCGGACTCAGACCGCTGCTCCCGGCCGCGATCGCCCTCTGGCCAGGTTCGCGCACCTATACCGGCCAGCCACTGGCCGAGATTCACACCGTCGGCTCGCCTCCCCTGGTCAGCCTGGTGCTGGCCGACTGCCTGGCCCAAGGGGCGAGGCACGCCGAACCGGGTGAGTTTACCCTCCGCGCCTTTCTCTCGGGTCGGATCGACCTGACTCGCGCCGAGGCGGTGCTCGGGGTCATCGACGCCCAGACTCCCGCACAGCTCGACGCCGCCCTGCGGCAGTTGGCCGGCGGCCTGGCCGGCCCGATCACCGCACTCCGCGACCGCCTACTCGACGTCCTGGCCCATCTGGAGGCGAACCTCGACTTTGCCGAGGAATCCGACGTCGACCCGCTCGGCCGCGTTGCCCTGGCCGAGGACCTGGCCCGCGAAGGCGCCGAGCTGATCACGCTGGCCACACGGCTCCAGGGACGGGATCGAGCCGACGGCCATCCCCGCGTCGTGCTGGCCGGCCCTCCCAACGCGGGCAAGAGCCGCCTGTTCAACGCGCTCCTCGGCCAGGCCCATGCACTCGTCTCCCCTCAGGCGGGGACCACGCGAGACTACCTCTCGGCCCTCTGCGAGTGCGATGGAGTTACTGTCGAACTCGTCGACACCGCGGGCGTCGAGCCGGCGGCCGGCCCGATCGAGGGCCAGGCTCAATCCTTCGGCGCCGATCAAGCGGCTCGTGCGGATCTCTTACTGGATTGCCGCTCGAACGACACGACCTCAACGTGGCCGATCGCCCCCGACCGACCCCGGCTGCTCGTCCGGACCAAGGCCGATCTCGACCCCGCCCTCGACTCTGCCGAGTTCCTGGCCACCAGCGCCGCGACCGGCGCGGGCCTCGACAACCTCCGACGCGCGGTGGCCGCCGCATTGCGTTCCCAGGCGGCCGACGGCGATCTCCCGGCCAGCACCGGCGCTCGCTGTCGCGAAAGCCTCGAGCGAGCCGGACAGGCCCTCCATTCGGCGGCCGAGACGATCCTCCTCAACGGTGGCGACGAACTCGTCGCCATCGATCTCCGCCAGGCCATCGATGACCTCGGTAAAGTCGTCGGAGCCGTCGTCACCGACGACATCCTCGACCGCATCTTCCGCCGATTCTGCATCGGCAAATAGGCTCCCCAGCTTTACCACCCATCAAAAACATTCGCATTATTAGCAACAATCAAAAACAAAGCATCATCGATTTAGCCCAAGTCAGTAGCCCACAAGCTCGGATACCCAGCCGATCCCAGCTTTCTTCGAGTTGGCTCGGCCCCTGACCGACCTGGGATCGCTTCAAATTGTCAGCACGTGCTGACAATTTGAAGCGGCCGCAGATCGCGCGGGGGCGACGTGTCACATGGTCCGGTCAACGGCCTCGGCGACTCGACGGCACATCGCCATCATTTGGCCGAAGACCGCGGGCGTGATCGTCTGGGAACCATCGCTGAACGCGTGCTCGGGATCGTCGTGAACCTCGACGATCAGCGCGTCGGCGCCGGCGGCGATGGACGCTTTGCACATGGGGGTGACCAACCGCGCTTTGCCCGTCCCGTGCGAGGGGTCGACCACCACCGGCAAGTGGCTCTTCTCCTGGAGGTACGGGACCGTTGCCAAGGGCAGGGTGAACCGGGTGTGCTCTTCATAGGTGCGGATGCCCCGCTCGCAGAGCATGACGTGGGGGTTGCCACGGTCGAGGATGTATTCGGCGGCGAGAAGGAACTCTTCGATCGTCGCGCTCATCCCCCGCTTGAGCATGGTGGGCTTGCCCGAGTCTCCCACCGCCTGGAGCAACTGATAATTCTGCATGTTACGCGCGCCGATCTGGAGGACGTCGGCGTACTTGGCAACTAACGGCACATGTTCAGGCGCCATGACCTCGGTGACGATGGCCAGGCCGGTCTCCTGACGAGCGGTCGCCAGCATCTTGAGTCCGTCTTCCTTGTGGCCCTGGAAGCTGTACGGGCTCGTCCTCGGCTTGAACGCACCGCCGCGCAGGCCGGTCGCCCCCAGCGCCTTGAGTTGTCTCGCCAGTCCGACGATCTGCTCCTCACTCTCGACGGAGCAGGGGCCCGCGATCACCGCAACCCGCGTCCCGCCGATCACCAGGTCCAGGGCCCGCACCACGGTGCGCTCGGTCTTCAACTCCGACGAGGCCCGCTTATAGGGCGCCATGATCGGCAAGACCTTCTCGACCCCCGGACCCGACTCCAGCACCTCTGTAAGCCCCGCCCGCTCCTCGCCGATCGCCGCGATGACCGTTTGATGCGTCCCCTTGATCACCTGGGGAGTCATGCCCAACGAGGTGATCTGCGAAACCATATGGTCGGTCTGCTCGGCCGTCGCGTCCGATTTCATGACAACAATCACGGTATACCCGCCCTCAGAAAAGTAGGAGTCTCGGCTCTCGACTTGATTGACCCGTTTTGCTAACCGCAAAGGAGCGGGTCATCCCAACGCGCACAAAAAAAAAGGGCCCCGAGACCATGTTTCAGGTCCCG
NZ_CP155447.1_gap18	508403	511741	3338	GGAGCAGAAACGGAGGTCGTGAATGAGTCAACACGAGACGCCTTCGCGCGACACTTCATCACGCAAGTCCTGACCGTGTCTCAAGAATATCTCGATGCCATGGAGGAGGAGGTCGAGACCGCCAGCGCACAAAACCAGGCGATGCCGAGCCGAGTGGCCGTGGTCCTGCTCTTGCTGGGGACCTGTGGGGCGATTGCCGGCTTGCTTGCGGGTTTCGGGATCGCGCGGGGGATCAGCCGCTCGATCGCCCAGCTCAGTATCCCAATTCGGGATGCAGCGGGTAAACTCAACGAGGTGGTCGGCCCGATCACCTTGTCGCCCGCCTGGGACATCGACAGCCTGGAAGCCGTGTTGCGGGAGATGGCCAACGAGATCGGTACGGTCGTGGCGCGGCTGGAGGTGAGCCGGCGCGAGGTGCTCCGCGGCGAACAGCTCGCCGCCCTCGGCCAAATGGCGGCCGGACTCGCCCACGAACTCCGCAACCCACTGACATCCATGAAGATCCTGGTCCAATCGGCCACCGAGCGAGGTGACGAGGCCCTCTTGCGAGGTCGCTCGCTGGAAGTCCTACTCGAGGAGATCACCCGGCTGGAGCATTCGATCCAGGGGTTCTTGAACTTTGCAAAGCCACCGGAGGTCGAAAAACGGGTCTTCGAGTTGAGCCCGGTGCTGGAGCAAATCCTCGGCCTCGTGTCCACCCAGGCGTCCCTCAAGTCCATCGAGATCTCGTATGACCTGCCCACGGCGCCGACGATCATCGAGGCGGACATCGGCCATCTCCGCCAGGTGTTGCTCAACCTGCTCATCAACGCCATGGACGCCACGCCGGAAGGCGGGACAATTCAGACGCGGATCTTGCACGACGCCGACAATCGGCGCCAAGGAAAGGGCGTGCGAACCGATCGGGCAACGGGAAACGGCGGACCTCCGCGCTGGCTCTCAATCCAGGTCCTCGACCGCGGCTGCGGGCTGCCGGCCGAGCTTGGTGACCGAATCTTCGAACCGTTCGTGAGCACGAAAGTGACCGGCCTCGGGCTGGGACTCTCCATCTGCAAGCGGATTGTCGAAGCCCACGGTGGCCGCATCACCGCGACCGCCCGGCCGGGAGGGGGGGCCGTGTTCACCGTGCGACTTCCCTTCTTGGGAACCCAGTTCTCACCGGCCGATCCCAGCAACGCAACGCTTCCAACCATTGACACGAAAGATCGGAACTGACGGAGCAAACATGGAGGCGACCGTGTCCAGGTTACTTGTGGTGGATGACGAGCCGAACGTTCTTTTTTCTCTGCAGGAGAGCTTGAAGTCCGACACACTTGAGGTGTTCACCGCACGCACGGCCAAGGAAGGGATCGAGCACGTGCAACGGCAAAAGCCCGACGCCGTGATTCTCGACGTGCGGCTGCCCGACATGTCGGGCCTGGACGCTTTTGACCGGATTCGTCAGATCGATGCGCGCCTGCCCGTAATCATAATCACCGCGTTCGCCGCAACCGAAACAGCGATCCAGGCCATGAAACGCGGGGCCTTCGAGTACCTGCTCAAGCCACTCGACCTCGGCACGCTCCGCACGGTCCTGGCCAAGGCCCTCGAGCAAAATCGGCTGACGCACGTACGCGCGCTCCTCGCGGACGAGGAGGAACCGGACGATGTCGCCGTCGACCGCATCATCGGGCGCTCGCCCGCCATGCAGGAGGTTTATAAGGAGATCGGCCGCGCAGCCAGCCAGGATGTGACCGTGCTGATCCTCGGTGAGAGCGGGACCGGCAAGGAACTGGTCGCCCGCGCCATCTACCAACACGGCCTCCGGAGCGAACGGCCGTTTCTGGCGATCAATTGCGCGGCGATCCCCGAAACCTTGCTGGAGGCCGAGCTCTTTGGCCACGAACGAGGTGCCTTTACCGGAGCCGACCGCCGTCGCATCGGCAAGTTCGAGCAGGCCGACGGCGGCACAATCTTCCTCGATGAAATTGGCGACATGTCGCCCGCCACCCAGGCCAAGATGTTGCGGATTCTCCAGGACGGTCGATTCGAGCGACTGGGGAGCAGCAACACAATCCAGGCTAACGTGCGTTTGATCGCCGCCACCAACCGCGACCTCGTTTCCATGATCGCCGACGAACGGTTCCGCCAGGACCTGTTCTATCGACTCAACGTATTCACAATCGCCTTGCCACCGCTCCGAGAACGACGGGTCGACATCCCGAGCATGGCCGAACACCTCGTCAAGCTCTTCAACCGCGAGTTGGGGAAACAGGTACGTACCATCTCTCCGGAAACCATGCGCCTTCTCGAATCCAAGGAGTGGCCCGGCAACGTCCGAGAACTCCAGGCCACAATCAAATACGCGATGGTCCACGCCACGGGCGATATCCTCACTCCGGATTGTCTCCCGGCCGCCCACCGCGTCAACACAGCCGCAACCGTGGCGTTCTCTGGGACCGAGACTGAGTCAGAGGCAGAGAGTGAAACTGGGACAGAGACAGAGGCCGACACCGACTCTCATGATATCGCCCAGCTTGTTCGCGACCTCATTCAGAGCGGCAACAACGAGATCTACCAGAAGGTCATTTCGATGGTCGATCGGGTCGTCCTCAAAGAAGTTCTCAACTACGTTCGCGGCAATCAATTCCGTGCCAGCGAGCTCCTGGGCATCTCGCGAAATACGCTCCGAAGCAAAATCCGAGCCGCCAAGCTCGCCATTGAAAAACAAGTTTGGTCTGAATCTGACCACAGCGGTCAATAATTGCACGCCCGTGATCGCTCACCGTCCTCAGTTCTCGTCGTAATTCTGCCGCGGCGAACCCAAAAACACACGATAAATACTGAAAAACAAAGAGGTTGCGAAATCTAAAGGCAGTAATACTTGATTCATTGGCGCCACGGTACGCGTCTTGCTTCCATTAAGTGAGGCCACGCGATTCCCGGTCGCCCAAAACGATCCGTTTTCGAGCGGTTCGTGCTGCTGGGAGCCCCCCCTCGCGTGGCTCTTAAAACAATGGTGAACGAGGAGTCAGGGCCCTACGCGACCACGGATCATCCGGTCGTTGAGAGCCTGACGAGTGGGGCGGACGTCAGGAGAACTCGAGTCGTTGGGAGACGACTCAGCCGCCCGCTGCGACGGCCAATCGAACAAACGCCGGGATCGCCCCAGCCAACAGCGAGCCGATCATCGTCATGGCTTTCGGCGGATGCCTTCTCGTTTGGGACCTGCGGATTCGTGATCCAGTGACGGAGCCTCCGGATCTCATGCTGAACCCACGCAACACACTGATTGGCCAGAGCCACCCGCCTCCGGGAGACGACTCGCAGACGCGGGTCGGTAACCGATCGAGGACGAG
NZ_CP155447.1_gap19	512790	516228	3438	AGTCTCCGTAGAACCAGGCCGGCATTAATGGCCCGGTTTGACGTGGGAGGGTTGCCCGCGCGAGCTGCGAGAAAGCGTCTCCACGGAACGACATCTTGATCTCTGCCTGAGCTTATCCACCTGCGAGCAGCTCGCTTCAGACCAGGCATCAAACCCCCATCGCCCAACGAGTCCGACCCGAAACGGTCGGACTCTGCCATTTCCTGGAGAGGATCAGAAGCGTCCCTCGGCTGAATCCAATTCCTTGGGTACGCGGGCACCCCGCCAACTCTTCAAGAGTGACAGAAATGCAGCCGGGGCGCCCGCGGTTCCAAGGAGAGAAGGGGCGGCTGTCACACCCTGCTTGGCGATGAGCCCCAAACCGGCCGCGATCTCGTCATCGAGCGGAATCGCTTCACCAGGAAAGAATAACCGCGCACATCACAGCGGTTTACCCTCGAGTCGCTCACGTCGTTGTCGTTGTCGCCGGGGTCTGTGCCCCCGGGGCGAATCACCAGACCGGGGTCGCAGGCCCCAGCCGCAAAGAACGGTCCGTACAGGTGAATCGGTCTCCATGATCCGACGCCCCATCCGACCGGAGACCGCTGGAGTGGTGCATCCGGCAAGTTCTCAATCTCAGGCGGGCCGACCCACATCGAATTGCGGCCAGCCCGGCCGAATTTCCCCAGGCCCATGACAACCCCGCGGGCTTGCGCCGGCCCAATATCGAATTACGGCCGGGCCGGCCGTGCTACTTTTTCCTCAACGTCAACGCACTCGACGGATGCACCAACTTGCGACAGGAGGATTCAACGCGTGAAGGCCGGTGGAAGTGAGATGAGGTGAGACCGCCAGGCAACGGACCGCCGCGCCGACCTGGGGGGGCAAGGTCGAACGATGGAGAATACCGGAGGCGTTGCGCCTCCGGCTTCAACGATCAACGGCTCAAGGTTTGGCGAGTGGTGGCAACCTCGGCGACGCTCATGGAGTGGCGCTGGAGGCCGTTACGGCGAACGATATAGAACTGGAGAAGCTGCGACTGGGTGACCTCGGGCTGCCGCAAGATGAAAAGGATGTTGTCGGGGCGGATCGTCTCCCAGTGTCGCTCGCCGACATTGACACCAACCAGGATGTCCCCCTTCTGGATCTGAGCCTGAGCACCCGGGCTTCCGGGTGAGACGGCCTGGACGAAGAGGCCGCCGCGAAGTTTGGGCGAGGCAGCCACCACGTACTCGGGCGTGACCGGCGTCGTCTTCAGGCCAAGCGTCCTCCACACTTGCTCGCCGGCTTCGACAGGGGCCGCGGTGCGGGGCAGGGGCTGGAGCCCGAGCGCCACCGTTTGGTCCTGCCCCTTGCGGCGGATCCGGATCGAAGCTTGCTGACCGGCACGGAAGTCAAGCAGGCCCCGCTCGATATCGAGGGGGGTACGCACCTCCAGGTCGCCCACGCCGACCACCTGGTCGCCAGCCAGGAAGCCCGCGAGCGCCGCCGGGCTGTTCGGCTGCACGTCGACCAACTCGACCTTGCGCACCGCGCTGTTCCGCGTTTCGTCGGCCACCAAGCCATGCCAGGTGGAGGCAAGCCGGCGGGTGCTGAGCATCTCGGCCGCCACCCGCTTGACGTCATCGATCGGCAGCGCGAACCCAATCCCTTGGGCTCCGGCCCGAACCGCGACGTTGATCCCGATCAGTTCGCCATCGATATTCACCAACGCCCCCCCCGAGTTTCCCGGGTTGATGCAGGCGTCGGTCTGAATCAAGTTACGATAGACCTGCTCGTCGGACAGCGTGACGTTGCGGTTCAACGCACTGATGATTCCGACCGAGACGGTGTTCTCGTAGCCGAACGCATTACCGATCGTGATGACGTCTTCCCCGACCAAAAGGTCGGCCGACGAGCCGAGCGTCACGGCAGGCAAAGCACGGTTGGCGTCGATCTTGACCATCGCCAGATCCATCGCCTCGTCATGCTGAACCACGTGCCCCGGGTAACTCGTCCCATCGGCGAGGTGGACCTCAATGCCCTGAACCTTATCCACGACGTGATGATTCGTCAGGATATAGCCATGGCCGTCGACAATGACGCCAGTCCCCATCCCGCTCACCCTGGGACGCTGATTCTCTTCCGCCGTGAACGGCCAGCGGCTCGACGACGAGGCCTTCTTCTCGCTGGAGATACTCACAACGGAGGGCTGGACCTTCTGGACGGCCTCCACCACAGGGGTCCGTCGTGAGGAAGCCCAGGCCGAACAAGGCGCAGGCCACACTAGGACCGTCAGACCTATGAGCGCTAAACTCCAGACTCGCTCCGGTCTGCGTCGCTTCAAGAGCAGTGGCACGGTGATGGTCCCCACTTGGGAATGACTGGGCCAGGTCGACGGCCCAGCGCGAGCCGAGGATCCTCGTTCAATGATCCGAAAGCCTCGCTACGACTTCAGATCGCAACCCTCTCGAAACCAGGCTTCCGACTAGCTTTGGATCGGGTTACCCGAATACCCGGCTTGAGTGCAGACGACCAGATTTAACCCAGCTTCCCTATCTATCTTAATTTTCGATAAATTCTACCCATATTACCATTTAGCCCAAGCAAACCTCTTTTACGGCGAACCTAGAAAACCTAAAACGATCACACCGATTAACTGGGGCCGATTTTGACGGTTGGCCAGACTGAGGTCCCGAGACGCACTGTCACCTCGTTACAAGAGGTAGGGATCAGGTAAATTGACCAAGCAGGAACGCGTTCTCTTTGGTTGACAGGTTGCCGTTGCCGCCGTTAGGCTTGAGCAGGTTGTTCGGCCCGGAAGGCGTGCCGGCGTTGCGCCAGGTTCGAGGGGGTGTGATGGCGGAAAAATCGTCTCGCCGAGTGGCTCTGGAACAGAGCCTCGCCGAGGATCCGGCCGACTCGTTTCTGAGATACGGGCTCGCCTTGCAGTGCCTGCGCGAGGGGGACGTCGAAGAAGGGCGTGAGCGCTTGCTCGCACTGATTGCCGACCACCCCGAAGACCAGGTGGCGGCCTATCAGCAACTCGGCCAGTCATTCATGGAAACGGGCGAGTCGAGCCGAGCTGTCGAGGTCCTCCAGCTAGGCATCGAGAAAGCCAAAACGCGGGGAGATTGGCACGCGGCGAGCGAGATGGATGGTCTGCTCGCACAACTCGGTTGACCCAGAGGGGAGCGGGAGAATCATCCCTCCCCGGAAACACCGAAATCCCCTTCGGAAAACTCACCTGCGGACATCGCCGCATTGAGATAGTCCACAAGTGTTTGAGCTTTTAGAGGATTAGCTTGAGAATTGGCGTGACTTTTCGTGGCTAGGTTCTTGTTGAATTCTCCGCGCAGTCCGCTTTTGAATCAACGCCAAGCCAAGCCGCCTGCGACGGAGCCGCGATGTCCGCGACATTCACCTTTCCCAACCGAATCCTCTTCGGAGCGGGTGCGCGGAGGTTACTGGCCGAAGAGT
NZ_CP155447.1_gap20	574431	577386	2955	TGGCAGCCGATAAAGCTCCCGTTGGAGGAAATAGCGAGCCTTGGCAAGGTATCGGACGATCTCGCCCGTGGGAGGATAGCCCGAATCCACCGAGATCCCCGCGCCTAGCAAGGGGACGATCGGACGCCCTGATTCAGACTCCCGTATAATCATGTCGGCAAATTGTTTTTCCGACAGCATACTCCGATCAGATCCCTGTTTTGTCATCATTGCTGTTTAACCTCTGCCACTGCAGCCCAAGGTACATCAATGGTGCTTTTTCTCAACGATCCGCGACTGGGCGAGAATCTCGCTGGATTTCTGGCCCGGTCGAATCCGTAGTACGGCCGTGCGACTGCAAACAACCCGTTGCGGAAACCGCAAGAATCCTCGGCTCTACAGCTCTTTCGCGGATCGTTGTTTTTTTGGGGAAGGAGGTTGAGCTCGGACTCGTGGGTTGGTTCGTTTAATCGACAAACCAACGGTTCAATCGATTGGAATCACAATCAAGTGAATTGTCAAACAAAACGATGCCAATACCGGTTTATCCGGCGGAAGCACGTGCAGTCTGGAAGCCCATTAATGCATCGCCATCCGATCGGTTTGTAGCTCGTCTCATGGATCGCCAGGAAGTGGTAGGGGCGGCTCGAATGAGTCCGCCCCACCAGCCAATCTCTCCCGGCGAGTATTCAAGTGGGCAGCCCACCAGGCCCAAAGAGAGCGACCGTCAAGGCGTGGCTTTGGGCCAGGGATAGGCGTTCTGGCCCGCGGTCGGATCGAAGGGACCAGGGGGGAGCGTCTTCTGCCAGGCGAGGGCCTGGGCCGAGAGCGACGAGACGAGCTCGGGGTGTTGGTCCGCGACGTTGTCGGACTCTCCTGGATCTTTGGGAATGTCATAGAGCTCGACGCGGCTGCCGTCGGGATTCAGGAGCAGTTTCCAGCGGCCTTCGCGGATCGAAAGGATCGGACTGCGATTCCAGGGATGGCCGGCGATCCCGAACCGCCACTCCCAATGCAGCGGCCTGGTGCGTTCCGGCGCCTTGCCCCGCAGGACGGAGGCACGATCCTCGCCATCAAGGGCCAGACTTTCTGGGACCGTCGCGCCACTGATCGCAGCGAGAGTGGGGAGGATATCGACCCCAGCGACAATCGCATCGTTGACGGCGCCGGCGGGAACACCGGGGCCCCTCACGATGAACGGGAGCCGTACTCCCCCTTCGTAGAGACTCCGCTTGCGGCCACGGAATGGTCCAGGGCTGCCGACCCCGCTGTGAGAGGCGTTGGCAATCTCAATCGCCTCGGGACCATTGTCGGAGGTGAAGATCACGATCGTGTTCTCGCGGAGTCCCAGTTCATCCAGCTTCTTGAACAGGCGGCCGAGCTGGGCATCAGCGGCTGTCGCAGCGGCCGCATAGACCCGAGCCGGCGAGGTGAAGGGAATGCCCGGCACCTGGAGTTCCGGGTAAGCGGCCAGCGCCTCGGGACTCGGATTCAAGATCGCGTGGGTGTCGAGCAGCCAGGCCTGAGCAAAGAACGGCTTAGCTTTGATCTGCTCGAGGAATTTGATGGTTTCGTCCACGATCAGCTCAGTGGAGCGGGGGCGTGAGTTGACTGTGCCGAAGCTACTGTCAGTAACCGGCCCGGCGGCACCGATCTTGGCAACGTCGTAGCCGTAGCGGTCGGGCAGGGGAGCACCGACGCCACCGAGATGCCACTTGCCGAAATGGGCCGTGGTGTAGCCTTGCGTCTTGAGCAGCTTGGCCAGGGTCACCGCCTCGGGATCAAGCCAGTTGGGCATGCCCCGCTTCTGATTCTGTTCATTCGTTGCGAAATGACCGTGGACCCCAAACCGCGAGGGATATCGCCCGGTGATCTGGGCGGTGCGGCTGGGGGAACAGACCGAGCCGCACTGGTAGTACTGGGTCAAGAGCGTGCCCTGGCGCGCCAATGCGTCGAGGTTCGGCGTTTTTAGCCGGGGGTTGCCGTAGCAGCCAAGGTCCCCCCAACCCCAGTCGTCAGCCAGGATGTAGAGAATGTTCGGCCGCTTCTCGGCGGCATGAGCGGTGGCGGCCAGGCTGAGGAAAGCGAGGCCGAGTAGGAAACGTCGCGTCATCAGGGCGCTTCTCCAATCGTGAGGGACAGTCGCATTGCGCGGGCAATCGGGCGCGGTCAAATTTCCCGGACGGGCCGAGTCGAACCTTGCCGGGAGCAGAATCAGAAGCTATCGGCAGAAATGATTTCGCCCCCGTTTCGCGACCCCAGCCCCCAGACCACCGGCGCATTCGTACTGTCCTTGAGATAACGCACCGCACCATCGCCGAGCAAAATGTTCGCACCACCGGGATGGTTGCTCGCCATCCCGAACATCGCTGGGGCGATAATGGTTCCCGAGGGAGCGGAGGTGCAGTGAGGGCACTTCGCGTTCGGGGCCTGCAAGGTCGACCCCATCGTATAACCATGGAACGCCAATGACCATGTCTGCCCGAGATAGACGCTCAGGCCGTAGCGACTGGCCGGAGCTCCACTCCGCAACATGGCCGAGCAGCGAGACAGCCATTCCGGAAAGTTTTGAACGAACGTTGGGTGAGGCATGGTGAGGGTGCCATTATTCCGCGCGGTGCCGTTGGGCAACGACGAGAGCCAGACGATGTCGGACGATGGCGTCACGGTCCCGATAACCCCGGTCCCCACCTTCCACTCGCCAAAGGCAATCGTGTTGCTCGATCCGTCGGTGATATCGCTGATGCCGATGCATCGCCCGCTGCTATTCACGTGCTGAAACAAACCATTGGGCGGTCCGCCGACCTGATTCCCATCCCACTCAAGGCTCGCTCCCACTGAGGCAAAGTAGTTCGTGCCGGTCGCGCGGTAGCCCGCCAGATTATGCCCTGCATGGTTGTAATTCGGCGGTGTATCGGACGGGCAGAGAAACATCTGGCTGCGAGTGGTGACGACCGTCGAGTTCGCCCCATTGCC
NZ_CP155447.1_gap21	710564	714621	4057	ACAGCGACGGAATCAATGCATTAATCGCGGAAAGCCTGGACAATCTCCCGGTTGAATTCTCACTCCTCGACTATCAGCCCGACCGCTGGGCCCCCACCGATTCTCTCGTGATCACAGGCGAGTTTCGCTGGTATCTCACAGGCCGATTTCCGATCATCATGATTCCGGAGCTGGCCAAGCGCCACCTCGGCGACGGACCTCTTTACAACGCCTATCTTCAAGGCGAAGCCGACGAGGAAAGCATCCTTCCCCGAAACCCCGCTTCCTCAGCCACCCGGAGCTCGGACCGGGTCGGAAGCACCGTGAGCGATCCTGGTGAGGGGCATGGCAGCAACAACTGGGTCGTGTCGAGCGCCCGGAGTGCCACCGGCAAGCCTTTACTCGCGAGCGATCCTCACGTCCCGTTCGGCGCTGTCTCGATCTGGCAGGAGATTCATCTCCAAGGAGGCTCCTTCAACGTGGTCGGAGCGGCCTTAGCGGGAATGCCGGCCATCATGGTCGGCCGAAATCCGCAAGTGGCGTGGGGGATCACCAACAACATCTGCTCGCAACGCGACCTCTACCTCGAACGGATTGATTCCGCCCAGCCGGACTGTTTTCTCTTCGATGGCGAGTGGGAGCCCGCATCCCGTCGTGAAGAAGTCATCAATATTCACGGGGCGGACAGTCAGGTGATGACCGTCCGATCCTCAAGGAATGGGCCGATCATCGACCACCTCCTCCCCCCGAAGGCAACCGAAGCCGGCCCCGTCTCGGTCCGCTGGCTGGGAAAAGAAGCGTGCGGCTGGATTCCGGCCCTACTCGACATGGATCGTGCTCGCTCCTGCGAAGAGTTCCGCACGGCCACGAAGCCCTGGCTGGTGCCGACGTTCAACCTCGTCTTCGCGGATAGCGAGGGGCATATCGGCCACCAGACCACGGGCAGGATCCCCCTGCGTGAGGTCGCGACGAGGGGATATCGGCCGGGCTGGGATCCCCGGCACCAATGGAAGGGGCTGACTTCCTGGGACGATCTGCCAAGCATGACCAACCCGAGCGGCGGCCTGATCGTGACGGCCAACAATCGGCTCGCGCCCGATGATTATCCCATCCCCCTTTCAGGAACATGGTCGAGCGGCTACCGAGCCCGGCGAATCCGGAGGCAACTGACCGACCAAACCGGATTGACGCTCAAACGCTTCCAACGCCTCCAACAAGACGTCTTCTCCGAACGAGCGGAAGATCACCTGCCGCATTTGCTCCGGCTGCTCGATGGCGAAACCGATCCCCGCGTCATCGAAGCCATCGACGTCCTCAAGGCATGGGATTGCCGGTCCGACTCAAATTCAGTCGCAGCCACACTCTTCAACGTCTTCTTCGAGGAGTGGTGTCGAACCGTCATGGCCGAACGTGTCCCCTCCGAAGACGTCGAGCTGCTCGCGGCCGGTGCGGGCGGCCTATCCGCCGCGCTCCTCATCGAGGATCAAGTCGGTTGGTTTTCCCTTCATCAACGCCAAGCGGCCGTAAGAAAGTCATTCCACGCGGCGATTGATCGCCTGAGCAAGCGATTCGGCCCCGCCATTGGGGAATGGACATGGGGCCGGTTGCACACCTTGGTTCAAAAGCACTTCTTGTCGGGACACGGTGATCTTGGAGTTCTCTTGGATCGCAGTGGTCTCGCCATGAGCGGCGACGGCCACACCGTCTCCAGCTCGACGCCGGACGCGAACTTCGGGGCATGGCTTGGAGCAGGCTACCGCATGGTCGCGGACCTGGCCGACCCGAGACAAGGGATCTACGCCGTGGAGATCGGGTCCACCTCCGGACACCCCGGCAGCCCCCACTACGACGATCAACTGGCCCTCTGGTCGGATGGCGGTTACCACTACCTGGCCCTGCAAAACCCGGAAGAATCGGATTGGGCCGTACTTCACTTGCAGCCGGAGGCCCCTTGATGTTGATCGGATACGTGAGCGACGAGCAATATTCCGCCTTGCCCGACGTCTTGCTGGAGTTCGTCAAGGAAGGCGAATCATGGGAGGCTCGTTCTCGTGCCAGTGGCGCCGTGCACGGCGACATCCCACCCGGTAACTACCTGGTCACCGTGGCCAAGCCGGGATTCGGCTCGAAACGGATTGCCCTGTCCTTCCCCCGGAGTAAACCGTACCAGTTCCGCCTGCTCTCCGACGCCCTGCTGGGCTATGCCTGGCCAAAGTCCGTTCGAGGCGGCATGAGCGGCGAATTTCGCGTCCATTCCACCGAGCCGTATCAGCTCGAATTATGGCGTTACGGCCTGGAGAAGGAACACGTTTTATCCCTGGGGTGGCACGACGAGCATGCCCCGAGATCAGTCGTCCAGACAATACCCGATGGTGATTTCACCCAAGTCGGCGCAGGTTGGAATGGGGTGGGATACCAGAGTGCTCATCACTGGCAAAAGGTGGTGGCGCCTGACCGGTCAGGACTCTACTATTTCCACGCGTCCACCCCTTCCGGACAGTCGTTTACCTTTCCATGGGTCGTCGCACCGTCAAGGCCGCGGTCGCCGATCGCGGTCCTCGCCTCGGACATCACATGGAATTCCTACAACTCATTCGGCGGGCGCAGCAACTACATTCATGCGGACGCGCTTCCCACCACTCCGACGGTCTGCTCGCGAACCGAGCTGGCTCGTTATCTCGATGAAGAGTACCTGGGCTGGAATTGCCGATCTTATGCCCCGCTGTCATTCGATCGCCCGGAGCCATTCAATCACGTCGATCTGAAAACAAGAGTCACTGATCCGATTTCCGGTCGAGCGGCCTGCCACCTCGCCCCCGCGGAGTGGAGGCTCCTGGGGTGGCTCGAGCGTGAAAAGTTCGCACACGACCTGTACAGCGAAACCCAACTCCACCACGGCGAGGTCGATCTGTCCGCCTACCGAGTCCTCATCCTGGGCGCGCATCCTGAGTATTGGACGCGGACGATGTACGACCGCGTGAAGTCCTGGGTCTTCAATGAGGGCGGACAACTCATGTACCTCGGCGGCAACGGATTGAACTGCGAGGTCGAGTTGCGCGACGACCAGACGATGGTGGCCAACAACGGCCAAATTCGCAGCCTCTGGCCCGCGGGGATCGGCGCGGAGAGCCGCTTTGCCGTCCGCCACGAATCCGAAGCGCGATTGCTGGGAGTCGTCTTCGACCCCGCCGGCATCATGACGGCCGCCCCCTACCGAGTCATCTCGGCAGACCACTGGGTTTTCGCCGGGACCGGCCTCGGCGAAGGCGACCTCTTCGGCGTGAACAGCCTGCATGAGCGATGCCCTGGAGGTGCCTCGGGACACGAGACCGATAAGATTTCGCCGAATTCCCCGTCGAATGTCAAACTGCTGGCCAAGGGGCTCAACCCCGACGAGGGGGGCGCGGAGATGGCCATATTTGAAACCCCGTCCGGAGGATCCGTGTTCTCGGTCGGCTCAATCACCTACATCAGCTCACTGCTCTGCGACAGCGGTGTCTCACAGGTCACCGCCAATGTCGTGCGGCGATTCCTGGAATAGCCGAATCCTCCGACAAAAAATTGCTCTCCACGCGGCCTTCCCTTGGACCGTTTCCGAGCTCAGCGTCACGAGCCGCTCGGCACTCCGATTTGGTTGGAATCCTTCGAACGGCTCGGTTTCACCTGGCTCGACGCCGTGACGTGATCGACAACAACAGCCCATCCGGCATCGACGGCTTACATCTTGTACGATTTTGAATAAGCTTCACCTCATGGAGTCTGTCGCAAGGGAACCGGGCCGCCTGTCTGCTCCGGAGGCCGAAATTCGCGGGAGAAACGCGTTCCCACGCAGAGCGTTGGAACGAGATCCCGGTATCCTTGCTACAATCTCACCTCATGCCGGGAAATCATCGCATGACCAAGGGATTGCGACGTGACCATGAAGGACGGCTTCTCAGGACCAGGATATTGCTCACCCGATCCGGTCGTTCTATGATGATGACTTGCCTTGGCAAAACGAGTAATGAGCAGGGAAATACCCTGACCACTATTGCATAACCACGTTATCTCCTAATCGAATTAAAGAGACCGATGCAGC
NZ_CP155447.1_gap22	733715	738690	4975	CAAGATTGCTCTCGGGGATGGCACTATAACCTCCGCCATGGACGGCGTGCTCGGTCGGCAGGTAGGAGCCTGGCCCAGCCAGCTGAATGAGGAAGGTTTGGATCGCTGGACTGCGGGCCTTCATCTGGATCCCGTACTCGGTGAACAGTTCGAAGACGTTCGTGGCGATGGCCACGTCGCCGAGCCGGATGACGTGGAGTTCCATGAGGAACGGGTCGATGGGGCCGGCCTTTTGCTGTTCGAAGCGGTCCACCACTTTCTGGTGCCAGCCCACCGTGCGCTGATTTTTCGGGTCTTTGGAGAGTTTTTCGACATTCGCCCTGGCCGCGGCGGCTTCCGACTCGGTGATAATTCGAGGGGGGAGCTTGATCGTCTCGACTTTATGGACCAGGGGGACGCCGGCGTTCTGTTCTTTACGGGCCCCCTCGTAGGCCTCATCCCAGGCCGCGACGATCCGTCGTGACAACTCTTGCAGGCGGGTCAGGCCGCGGAGTGTTCGCATCCGTTCCTCGGCGAGTTTCCGATACATCAGGTGCGGCGACTGATCGCCCGCCGCGCCGGTCCAGGCCAGAACCAGCAGATCCTTGCCATGTTTCGCTCGCAAGGATTCGCGGACTTCGTGCCAGAAGTCGGCGGTCACAACCGAGAGTGATTCAACCTCCTGGGCCGGGCAGGCGATATTGATCGCCGTTGCGAGCAGTTTTCCTTCCGGATTCCAGAAGAAGAGGACTTCGACACCTTGATCTTCCGACCCTTCGATGCCCCGAAAGTCGGCCCGATTCGTGAGGCCATACATTTGGGCGTGGCCATCGGCATAGATCGCTCGCCGATTCTGGGCCACCACCGCATGCCCCAGCCCCCAGCCCGCGCGTGCTGGTTGGCGTGATTCCCAGGCCTTCACGGCCGCGTCGACGACCTGGCTCGCGAGAAACTCCGCGTACTCGGCCGGTTGCATCACGCCATCCTTGGGGATGGCGTACTGCCCTTCCTTCATGACGGGCGCGGTGTGCGTGTGCGTGGCGTTGAGCACCAGTTTCTGACTATCGAGGTCGGGGAGCCGTTCCTTGACTCGCCGACGAACCTGTTCAAAGACGGCCGCGTCAATCGAGACCAGATCACAAGAGACCAGGACCGCCTGGTCGAGAACCTTGTCGCCATCCCTGGATTCCAAGGCCAGGGCCGTCGCCGTCACCGGACTCTCAACGTCCCGGGCGATCCGGGTCCGCATCTGCCCCGCAGCGCCACCGGTCGATCGGGTGTGATGCTGACGGTCGCCCCTCCAACACGGAGTTCGGCAGACTGGCATTCACCACCTCCCCCGACCGTAACGCTGGAAACCAGCACGACGGCGGCGACAGTCCGGGCGAAAAACGATGGCAGACTCAGATTCGCAATCAACATTCATGAGCCCTCACGAAGATAACTCTTCAGAACATCATTGAAAGTTTTCGAGATGAGACTGAGCGAGCCCAGCCAGGCCAAGCCCGCTCGCCGGGAGGCCTCTCCACAAGAGGTTCATGCCGGCTTGGCGGGCATGCTTCCTTCATCGGTTGGGAGCTTGGTCTTCACCGCGGCGGTGGGGCTGTGGCCGTTGGCGGCCACTTTTTCGGAGTCGGCGGCGGTGTCGACCATCTTGCCGAAGAAGTCGGGCATCTTGACGCCGCCGATATTCTCCATGATCTGGAGCACGGGGGGGAGTGTCTTGGCCATATTCTGGAGGAAACCGGCGGTGGCGCCCGTGCCGTTGGAGCCACCGTTCTCCCAGACGATGACCTTGTCGAACTTGATGTTCGAGATCGCCTGCGAGAGCGTTCGGAAGCGGAATGGTGGCCAGGCACTTAAAGAAGGCAAAGCGAGGAACCTGGACAATTCGTCGAGGTCAGCAGCCGACCATCCATTTTCGCTGAAACTCCCCGAGGCCCCAATTGAAGTGCCTGGCCACTCAATTCGCTCCTCTTCTTGAAGGTGCAACGAATGGCAAGGGGATTCGCGGAAACCCACCGGGGAATGACCTCTTGGCCCTCCTCACATCTTCGGTACTCAACGGCTCGCCAGGAAGACTGCTCTGCATCACCCCTGTGAAGAGGTTCTCCCACTCGACCGGCTCGATTCTTCTCTCGGGCTAGCCTTTGCTGGTCGAGTCGAGCTCGCAGATCCGTCGGAAGCCCGCTTCGGCTTCGTCGCCGCCTCGCCGATCGGCAGGAACCTGACCTCGACACGTTGTCCCAGCGCGGCCGCAACGCGCCGGAGCATCGAGAGCGAGTGCCCATCGTAGTCCGCTTGCTCAATCCTTGAGATCACCGAGGCTTGGGTGCCAACCTTTTGAGCGAGTGCACGGGTCGAGAGCCCGGCTTCAGTACGCAGTCGATTCAGCTCGACTCCGATTTCCAAATCGGCACACGTCCTATCGAACGACGCGGCCCGCTCGGGGTCACCACCGATGTACCCGTCGATCAGGGCTTGCAGGCCTTTGGACTTTGCTCGCGATGGCATCGGGTTACTCCTCCGGTTGGAACGTGTGCCGCTCGGGATCGGTGATAAACTTCGCGACACGGGCTTTGGCCAGAGCGATTTCCTTGGGTGGGATGATTCGTTCCTTGGCGAAACCGTGGGTCACGACGACAGCTTCCTGCCCGTGGAAGGCATAAAGTAATCGGAGGTTCACCCGACCGGATTTGACCCGCAACTCATAAATATCGTCACCTAAGTTTTCGACATACGGCCGGCGCAGTTCGTGACCATGATTGCCAAGAATGACCAAGGCCGCGAGGCAACGCTCTTGCGATTTCCGATCGAGAGAGTTCAGCCACAACCACAAGGGAACCGAGCCATCTTCCTCCTGATAGATTCTGACTTCGGTTTGCGGCATCGGCCCGATTCCCCAACTCCTTCTTTCAACTCACAAATTGTACGCAATATTGCGATCAAGCCAAGGAACCCGGGGGCCATTTCTTCTTTGCTACTGCGAACCATGCGGAATAGTGGCCAGGCACTTAAAGAAGGTAAAGTGGGAAACCTGCATCAATCATCAAGGGCGGCAACCGACCATCCATTTTCGCTGAAACTCCCCGAGGCCCCAATTGAAGTGCCTGGCCACTCAATACCGCCCCGGTGCACCTCGCCAGGCGAGCCTGGCAGGCCTGCAAACCTTCTCGGAGGCGGTCGTCATCGTGAGCCCTGTTCGGGCTTGGCAATCCCAACGAGAAGCGAGAAGTGACCTATCCTGAGGAAACTCAAACAAGAGAGATCGCACAATGGCCGGTCCGGTTCGCAAGATGTCCGAGGTCATGCTGAAAATGGCGGAACACATCCTCCGTAAGTCCGCCGAGGACACCTCGGACGAGGCGGCACATGCCGCGCTCTTCTTCGCCAACATCGCCTGGAACGAGTGCGTCGGGATCGACAATCCCCGGAATCACCACCGCAAAATCTGGGAAACGTTCGAAGCCTCGAACCCCTCATTCTGGAACGAGTTGAAGTCAAACAACACGGACGCCCTGATCGACGATCTCGTCCGTTACAAACAGGCCCACTACCCCGAGGATCGACGCCGTATTCTCATATGCGGCATGATGCCAAACGGGAACATTCGGGTCGAATGGTTGCCCACGGCCGCTCCCGGGGTCGATCCCAAGTGGGAATTGCAGTTGTACGGGCTGGTGAGGACCGGCGACCAACCGGGGGCCATCCGCTTCCTGCGAAAGACGCGGGGCCTGTCCCGCAACGAGGCGATGAAGCAAGTGGCGGCAGTCGCCACCGGGCTGGGGATCAAGTAGAATCAGGCATTCAGGACCGTGAGCGCGGAAGGGAACGGCGGTGGGACGACGGCGACAGCGACGCGGCAAATCCAAGGGCAGGTTCTTCCTGGAACGCGGCGGGGTCGAACTGCAACTCTATACCCTGAATATGTTCTTGCTCAGCGGCCTGTTCAGCGAAAGCTACGCCAGGAGCCGGAATGGTGGCCAGGCACCTAAAGAAGGTAAGAGGGAAACCTGGACAAGTCGTCAAGGCCGGCAGCCGACTATCCATTTTCGCTGAATCTCCCAGAGACCCCAATTGAAGTGCCTGGCCACTCAATCTGAATCCCAATTGAAGTGCCTGGCCACTCAATCGAGTCTCTCCCGATGGTTCAGGACGGCTTGGCGGGCCGGCTCCCCGCATCGGCGGCGAACTTGGGTTTGGAGTCGGGGGCCGGGACCGGGGCGCCAGCCCTCGCGGTGGGGCTGTGGCCGTTGGCGGCCACTTTCTCGGAGTCGGCGGCGGTGTCGACCATCTTGCCGAAGAAGTCGGGCATCTTGACGCCGCCGATATTCTCCATGATCTGGAGCACGGGGGGGAGTGTCTTGGCCATATTCTGGAGGAAACCGGCGGTGGCGCCCGTGCCGTTGGAGCCACCGTTCTCCCAGACGATGACCTTGTCGAACTTGATGTTCGAGATCGCCTGCGCGGCGGTCTGCGAGAGCGTGTCGATGTGTTCGAGCATCAGCAGTTGGAAGGCTTCCTGCGAGCCGCCGCAAGCGGAGACGATCTCACGGAGTCCCTCTGCCTTCTTGGCAAGGATCTCGTAATTGCCACGGGCCTCGGCTTCGAGCTTGGCGAAGATCGCCTTGGCGTCGCCCTCGGCCTCGATCCGCCGGCGCTCGGCCGCGGCCTCGGCTTCGACGATCACCTGCGCCTTCTTGGCCTTGGCGACGGCTTCGAGTAGGGCCCGCTGTTCGGCCTCGATCTTCTCGGCCTGGGCCAGCGCGGCCTTGGTCTGGGCACGGAAGGCGGCCTCCTCGACGCCGGCATCAGCCTCGCGCCGCTTGGTCTCGCCGATCTGGAACGCCTCGGCCTGCTTGAAGGCGAGGTCGGCATTCGAGGCGGCGATCTTCGCCTTGGCCTCGTTCTCACCGCTGATCGCCTGGGCGTCCGCTTCGGCGAGTTTGATCCGCATCGCGCGCTCGGCGAGCTTAACGCTGGCCTGCTGCTCGAA
NZ_CP155447.1_gap23	744717	749483	4766	CAATCAGCGGTTGATGCGTTCATTCTCGCAAAACTCGAACCCGCTGGAATGCAGCCGGCGCGACCAGCGAACAAACGAACCTTGATCCGGCGGGCGACTTATGACCTGATCGGGTTGCCGCCGACACCGGAGGAAGTCGCGGCCTTCGTGGCGGACACGTCCCCCAACGCGTTCGCAACAGTCGTGGATCGTTTGCTCGCCTCGCCCCATTACGGCGAACGCTGGGGCCGTCACTGGCTGGATGTGGCCCGATACGCCACGACCGACAGTCCCTACGCCTTCACATATCGCGATTACGTGATTCGCGCGTTCAACGACGATCTGCCTTACGATGAATTCCTTCTCCAACAATTTGCGGCGGATCAACTGGGCCTCGGCGAGAACAAACGAGCGCTGGCCGGTCTTGGGTTCCTGACCCTAGGCCGGCAGTTCGAGAACTTCCACGATACGATCGACGACCGGATCGACGTCGTCACGCGCGGCACGATGGCGCTGTCGGTCAGTTGCGCGCGGTGCCACGATCACAAGTACGATCCGATCCCCACCCGCGATTATTACGCCCTCCACGGCGTCTTCGCCAGTTCCGTCGCGCCGGACGAACTGCCCCTCCTCGGCATCGCACTCGATCCGAAAGCGTACGCGGAGTATGTGCCAAAACGCGAGTCACTCCAGGCGAAGCTGGATAACTTCATCCGCAAGCAGGAGGCGGAAGTCCTCAAGCAGCACCGCCGGCAAACAGCCAAGTGCCTGCTCTTAAGCCGGGAACCGGCCAAATTGGCCGAACTGATCAAGGAAAACTTTGGGTTGAGCGACCGGAAGATCCTCCAGGCCGGGGCCACGCGTTGGCTGAGGGCATTGGAAAAAATGAACCGGGAGTCCGATCCGATCTTCGCTCCGTGGTTCGCCTTTGCGGCACTGCCGAGTTCGGAATTCGCCGACCGGGCCAAAACACTGTCGGCCAACATCGCGGCCAACTCTTTCGTCCATCCCGTGAACTCTCTGGTGGCCCAGGCTTTTGCAGGCGAACCACCGACCTCTTTGAAGGATGTGGCGGAGCGCTACGACAAGCTGTTCGAGGACGCGGACAAGCGATGGCAAGAGACACAGAGCGAGGCCGATCGGGAGACCAACTCAGCCTCCCCCCAGACACTGCCTGACGCCGAGCAGGAAGCGCTGCGCCAGGTCTTTTACGGCAAGGACAGCCCCGGCAACTTGCCAACCGAGTTGATGCGGCAGTTATTTAGCACGACGGCGCTCATGCAGTTGGGACCACTCCAGGCAGAAATCAATCGACTTGAGGCCAATCATCCGGGCGCTCCCCTGCGAGCCATGGCGCTCGTGGACAGTCCGCGACCGGCGAACAGCAGGGTGTTCATCCGTGGGAACCCGGACCGGCTGGGCGAGGAGGCTCCCCGCATGTTTCTGGCAATTCTGTCGGGAGACGTACGGGAGCCGTTCAGCCGCGGCAGCGGCCGACTGGAACTGGCCCGAGCCATCGCCAGCCGAGAGAATCCCCTCACGGCCCGCGTCATGGTGAACCGCCTCTGGCTCCATCATTTTGGTGCCGGTCTGGTGGCGACTCCCGACGACTTTGGGTTACGCTCCGATCCACCGAGCCATCCCGAACTGCTGGACTACCTTGCCTGGCGGTTCATCGAGGATGGTTGGTCGCTCAAGAAACTACACCGTGTGCTGATGCTGTCAAGCGTTTACCAGCAACAGAGCGATAACAACCTGCGCTACGAGACGTTGGACCCAGATAACCGGCTGCTTTCGAGAATGAACCGCCGGCGACTCGACTTCGAATCGATCAGGGACACGCTCCTGTTGGTTGCGGGCAATCTGGACCATTCCCAGGGGGGACGTCCGGTTGATCTGCTCAAGCAGCGGGAAGGCCGCTTCACCAATCGCCGCACGGTGTATGGAACCATTGATCGCAATGACTTGCTTGCGCTCTACCGGGTCTTCGATTTTGCCAACCCGGATCTGTCCACGGCCCAGCGTGACGCCACCACCGTGCCGCAACAATCGCTCTTTTTTCTGAACAGCCCCTTTGTCATGGAACAAGCGTGCAGGATGGTGGACCGGCCCTCCTTCCAACGGCTCAACGACAAAGCAGAGCGGGTTCGCGACCTCTATCAACGTGTCTATCAACGCGATCCCTCCGCGGAAGAAATCCAAAGGGGGCTGCGTTTCCTCCAAGGCACGTCGGCTTCAACGGGCACCGAGGAGACGCCCCAGAAGCAGCCGCTGACTCCCCAGGAACGCTATGCCCAGGTCTTGCTGATGACGAACGAGCTAATGTTTGTTGACTGAAGTCTCTTTGAATGAATAGGTGTTATGCATCAGCAGTCGAAGGGCGTGGAATGATGGCCGTTTGCATCCAGGAAATGGCTCGGCATATGCTGGCGGATTACGACGCCAGGACACCGGGCCGGGGCGTTGACAAACCGCTCGACATGACGACCGTCCAGGCATACGCTCTTCAGGCGGAGATCGCCCGGCTGCGTGAGCAACGCGGGGAAAGAGTCATCGGCTACAAGGTCGGCTGCACGAGCAGAGCAATCCAGCTGCAGTTGGGCGTCGAGGAGCCGATCTTCGGCAGGCTTTTCGCCACGGGATGTCATTCGAATGGCGTGCATCTCTCGTCCACGCGCTATGCCAACCTGGCCGTGGAGGGGGAGCTGGCGGTGCGGCTATCCAAGGACTTGCCCAGACAGGCCCCGTCAGCGGAGGAGTGTCGAGAGGCTATCGCCGATCTGTTTCCGGTGATCGAGTTGCACCACTTTGTCCTTCCCGCCACCTGGGCTCCCGGTCATTGGTTGATCGCGAGCGGCGGCATGCACGCGGGATTCGTGCTAGCAGAAACGGAGACAAGCCACCCGAGGTTGCAGCCCTTTGCGAGCAGCCTTCGCGTCCGAATCAACGAGGTGGTCGTCGGGTCAGTGGACGATGCCGCGTGGTCTCACTGCCCGATCGAATCGCTGCGTTGGCTGGCCGGCCGGCTCGCGCAGTTCGGACTACAGCTTTGCAAGGGCCAGGTGATCCTGACCGGTTCGCCCATGAGATTGTTTCCGGTTGCCCCTGGCAGCCGCATCGTCGTCGAAACGCCGCCCTTGGGAGCGAGTTGCGTCAAGATCGATCCCTAGTTCCACAAACGACCGGAGTCCAGGAAATGGGGTACGACGGCACATTGGTGTTGGATTTCCTAGCGAAGACGCACCAGACGTCACTGCTGACCGATCGGGAGAAGCACCTCGTGGGACTGGCCGTGACCATGACTCGCGGCTGCCAGGTCTGTACTCGGAGCCGAATCGAGAAAGCACGGGAGGCCGGCATCGGGGACGACCTGCTGAATGCCTTGGTTGCGATCGTGTCCGCCGTCAACGCCGGGGTCGCCGCGGCCACGGCGCGGGAGGGCTTCCGCATCGCCGACGCAGCTTCGGCCGAGGAATGTGGTCCCCTCTGTTCGGCTGAGCAACCGCCGGCCGCCGAGAGGGAGACCACAGCACGGAGGGGAGAGGGATGAAGACTACCCCGAGCTTTGGCAGGCGGAACTCGACCAAACCTCATACGTCTGCGGTCCCAAGGTGGAGCAATCCACGCATAAACCGCTGTAAAGTCTGCGCTCAGTCGCCGATTTCCTTCCGCAGCTCCTTGGCCTCGGGGTGGTCGGGGTCGTCCTTGAGCAAGGTGTCGAGGGTTGCCTTGGCCGCATTGCGGTTGCCGAGGCCGAGTTGGGCCTTGGCGAGCCGGACTTTCAGGTCGTTGGGTCGCTTGGCTTTCAGGTCGATCGCGGTCTGGTATTCCTCGATGGCCGGGGCGAACTTCTTCTGAGCGGCCAGGGCATCGGCCAGGAAGGTGTGACAGGCGGGGTCGTAGACGTTGACGTAGAGGCACTCCATCGCCCATTTCTCGGCCTGGTCGGGCTGCTTGGCGGCCAGGTGTCGCTCGGCCAGCGCCTTGCGGACGTCGAGGTCGTCGGCGTCGTTGTCGGCGATCATGGCCAGGTCGGTCAGGAACTTGGCGTCGTTCTTCTGCCGCAGGTGAACCCGGGCCAGGCCGGCGATCCACTTGGTGTGGACCGGGTCGTCACGGCGGGCGATCTCGTAGAGTCGCTCAGCCTCGTCGAGCTTCCCTGCCTTCATTTGGAGCTCGGCCAGGAGGTCGATCACCCGCTCGTTGGGCTTGTCCGGGTCGAGGGCCGGCTCGAGAACCGCCAGCGCCGCGTCTTCGTCACCGATCGTGACGAGCAGGCGCGCCTTGACGTAGCTGGCCAGGGGTTGGTGGGGCACGGCTTTGAGCGCTTTTTCGGCGAACGGGCGGGCCTCTTTGAGGTCGCGTCGGGCAAAGTGCTCGTAGGCCATCCGAGCGTTCAGGTCGGCGTCGTCCGGCTTGTCCTTGAGCATCCGCTCAAGCTGTGAGAACTTGATCGGCTTCTCGTCGTTGACCCGGGTCCGGATCGTCTTGACCACCTCGTCGAGCGAGGTCAGGTACTCGGCCTCGAAGTCGGCCTTCTCGACATTGAAGCAGGCGGCGATCGCCCGGTCGGTCGTCAGGCCGCGGCGGTAGGCGCCGAGCATTTTGATCAAGGCGTCGGAGCCAAATCGCTTGAGCATGTATTGCGCGTAGAGTTGAGCCTGGCAATACGCCATCTGGCGGTCGTCGGGTTCCTTGGGGCGGATGAAGCCAAGGTTGATCGTGTCGAGGTTGAGGAGCTTCGATCGGCTCGGCACCCGCTCCAGGAGGAGTTTGTTCCACTCCTG
NZ_CP155447.1_gap24	751635	756369	4734	GGAGGACGTCTTCCGCAAGGCCAGCCCACCGACATGGTCCGCCGCACTGGCCGTGGGGCTCCGGGCCATCACGCTCCGGGTCGGCAAGCCGCCCGACCGCAGCAAACGAGCGAGCCGAGTCCTTCGCGACCCGGTCGGCGAGGCGATCATCGTCCGACGCGACCCTCTGATCGCTTTTCGAATCATCGAAAACCAGATGAACTACGCCTACCTGGGGGACCGCCTGAGCCCCAAAGCCTCGGAAAACTTCCCCGTGTTCCTGGCCGACCTCTGCGCCCGAGCCGAGCAAGCCGACGTTACTCCGCTCACTCAGTCGATCGTGGAGCACAAAGACCCGGCCGAGTCGGCCTTTCCGAGCTCACAAGCCCTCCTGGATTACTCAACTCACCGGCTCCTCTGGTGCTGGTATCGCCGCGCCCGCGACAAGCAACGTCTCGAAGAGACGGGCTTTTGAGCAGACGTTCACGGATTTCCTTATGCTTCTTCTACGATCCGTGACCGAGCGCGAACCTCGATAGATTTCCGGCTCGGTCGAATCCGTCGTACGGCCGGCCCGGCCGTATCCCCCTCGGTCCAGGGCCATTCCTCGGACTCGCGCCGACCCCGAGGGAATTACGGCCGGGCCGGCCGTGCTACTGAAAACCAACCTGTGGCGGAAACCGCAAGAATCATCAGTGCTTTCGCTCCGTCGCGGATCGTTGATTTTTATTTCGTAAAGCCTCGCTGAAACCGTCAAAAAGTCATCATCAACTCGCAAATCGGTTCGCGGCAAGGCTCGAATCCCTCCCGTAATGCGGGCACGGTCCATCATCCCGATCTCCTTGCCCCAAGGGTGGTTAAGATGGTGGGCCGTGCCCACCCTACGGGAATTATTAGGCCGACGATGATGCCAAGGCCAGCCGCGTTGACGTTAGGGAGAAACGGGTTCGGCGAAGCGTTACTCGGTTCGAGCCTGAGCGACTGGGTCGTGCACACGGTTCACGCCGGCCCCTGCGCCCTGGTTGAACGAGGCGGCCTTGATGAGCCGAGGCCTCGGGCAAACGTTATCGAGAACGTCGCCAGCCGTCCCTCGGCGTCTCCTGGCCGGAGTCCCACCGACGGTACGCCCACCTGGTCGAATGGGCATCGAGCACTGATAAGTTGAGGCGATGGTTCGCCGACCACGTCGCTTTGAATCTCTATCCAATGATCCGCAACAGGGCGAAAAGCAGGCCGACAATTGGCAAGGCCGGCCAAGGTGGCTCCGACAAGTGCCCTTGGCCCTCTGACAATTGCTTGAACTCGCCTGGAATAACAGCCGGGCCGGCCGAACGACTGAATTTCGTCGAAAACCCCTTGCGCCAATGGACAGAAATAGCGTGACAGGCTCCTCGCCCCCTCACAACCGGCCGCACGTTCAAGACAGACAATCACAGACCTGAGAACAATCGAATCCCTGCAGGTTTCAAAAAATTTCAAGTAATTCTACACTCACAACGACAACGTCTCAGGTCATTGTCTATTCAAGCTTTATGTTCCAAAAAGTCCCCCTCACCCCACTTCTCAGGCGTGGGTTGGCTCGACAAAGCCATGGAAGAAATTGCCTGATCCGTGTATGATTTCCATGATCCATGCACTCGGGACGTGCATCCTGACTCGCTCGGTCTTCTCATGAACCACTCCGCAGAATCGGAGCTCACGTGAGAAGTGCGAGACCAGCGAGAACTTAAAAAAAATGGATTTTCCCCTGGGGACTGCTCCACCAAAGCCTGGTGATTCCTCCCTGAGACGGCTCACCCGCTTTACCTGAATCGCGATCTCTCAAGAGGTCGAAAAAAATCAAACTACATCCTCATCAGTTAATGTCCTTTTTAATCAGGGCATGACTGACGCGGGCCGGATCGCTCCCGGTCTGTTTCTTTCGTTATTTCTTGCAAGAGGTTATCCCCATCGTGCGTTCTCTTCGAATCCTTTTGATCAGCTATTGCGCCTACCTGACACTCCCGCTTCTCACAATGTCACTGACCGGTTGCGGCGGAGCCAGCAGCGAGACGCAAGCCACACCGGGGCCCACGCCGCAGGACGAGGACATTCGCAAGCAGATGATCGAGTTCGAGAAATCGAAAGCGAAATCCCGCAAAAAGTAGGCCCTCACACCAAACCAGGCACACGGTCACCCCTCGACCGCCCGCTTCCGGCTCGCTTCTGTTCCCGGACAGGACAGGTTCCACGTCCGAAGGTCCTGCCATGGCCTTTGAGGATTCAGGGCAGGCGGCCCGCCGAAGGGCCAGCTTGGCGATCAATTGATCGTCGAGATGTTCATCTTTCCTAATTTGCTGAGGATCGAGCATGACAAGTCGAAGCATTAAGCGGGGATTCACGCTGATCGAGCTCTTGGTGGTGATCGCCATCATCGCCGTCCTGATCGCGTTGCTGTTGCCGGCCGTGCAGGCGGCACGTGAAGCGGCCCGTCGTTCGCAGTGCACGAACAACCTCAAGCAGCTTGGGTTGGCGATGCACAATTATTTGTCTTCCAACAACGTCTTCCCGCTGGGGGCGTCGCTGGCGGCCGATAGCCCGACGACCCAGGCCTCTTGGAACAATTGGGGGGCTCAGGCCCTGATGCTGCCCGCGATGGAGCAGACGGCCCTCTACAACGCGATCAACTTCAACTACGGTTGCCGAAACGCCAGTGGGACCACCGCCGGGCCGATCAACTCCACGGCGGCCAACTCCAAGGTCGCTGCGTTTCTTTGCCCCTCCGACAGCAACGCGGGCCAGACCAACCTCAACAGCTACCACGGCTCGATGGGCACGACCCCCGCGAACAACCGGACGGGCAGCTCGGGGATGTTCACCTTCCGAATGGCCTACGGGATCGAGAGCCTCACGGATGGGAGCAGCAACACCATCGCCTTCTCCGAAGCCCTGGCCAGCGACTATGCCAGTGGCGCGATCCGCAAGCCGGCGAATGGAGTCGGCAACGCCGGCGGCGACACCTCGACGATCCAGCAAATGATCAGCGCCGGCACGAACCCGGCCGCGATCCAGGCGGCGCTGACCGCTTGTAACACCGCCTGGCAGGCCGGCTCGAACATCGGGATCGATCGCGGCCGTTACTGGGCGAACGGGATCGAGGGATACACGATGTTCAATACCATCGTCACCCCCAACTCTAAGCAGAACGGCTGGAATTACTGCCGGTTGGATTGCTGCAGCACGGCCGGCAACGCGCACTTCACCAAGGCGTCGAGCAACCACTCCGGCGGTGTCAATACCCTGCTGGGCGACGGCAGCGTCCGGTTCATCAAAGACTCGATCTCGCAGGTGACCTGGTGGGCGCTCGGCACCCGCGACGGCGGCGAAACGATCAGCTCCGACTCGTACTGAGCTGCCGCCTCATTGCGCGGATGCGAAGGAACCCGGAATCGATCGAAAGCAAAAAAAGAAGAAAAAAGGGGGGGGGAGCCGTCTGGCTTCCCCCCTTTCTCAATTTCCAATGGATCAACGCTGCAAATCAGTGCTCCTCCCTCACGTCTCGATGCCGAAGCCAGCTTTGGTGAAGAGTCGCACCAAGAATCGCCCCGCAAAACCAGATCATCCGGGCCACCTTTACATAATCCCCATGCCCCTGATAGACTTATCACGCAAACGCCCTTGGCAGGGGACGCCAGGATCTCCAGGCGGAGGACGCCAACCAACCCACCGCCCCCATTCCACCAATCAGAGGTTGCAGGAGAGACATTTCCGTGCCCCAACAAGACCGTTATCTGTTCACGAGCGAGTCGGTCTCGATGGGCCATCCTGATAAGATGGCCGATCAGATCTCCGACGGCATCCTCGACGCGATCTTCAAGCAGGATCCGAAAGCGCGGGTGGCGTGCGAGACTTTGCTGACGACCGGGCTGGTGGTTGTGGCGGGTGAGATCACGACCACGGCGTCTGTCGACTACGCCAGCGTGGTCCGGCAAGTTGTCGAAGAGGTGGGCTACACCTCCAGCGAGATGGGCTTCGACGCCAAGACCTGTGCGGTGATGGTGGCTCTGGGCAAGCAATCGCCCGACATCGCCCAAGGGGTCAACGACGACGCCGAGAAGGGCAAAGACATCGGGGCCGGCGACCAGGGCCTGATGTTCGGCTACGCCGCCAACGAAACGCCCGAACTGATGCCGATGCCGATTGCCCTGGCGCATCGAATCATCAACCGAATCACCGAACTCCGCAAGAACGGCACGATCAAGTGGCTCCGCCCTGACAGCAAGAGCCAGGTCACCGTCGAATACGTCGACGGCAAGCCGGTCCGGATCGACGCGGTGGTCGTCTCGACCCAGACCGATGAGACGCCGATCGAAGAGATCCGCAAGGTCATCAAGGAGCAGGTGATCCTGCCCGTGCTGCCCAAGGACATGGTCGACGCCGAGACCAAGTACTACATCAACCCGACCGGCCGGTTCGTCGTGGGTGGCCCCTGCGGTGACGCTGGCCTGACGGGCCGCAAGATCATCGTCGACACCTACGGAGGCGCGGGTCGCCACGGCGGTGGGGCGTTCAGCGGCAAGGATCCCACAAAGGTTGACCGCTCGGCCGCCTACATGGCCCGCTACGTCGCCAAGAACGTGGTGGCGGCCGGCCTGGCCGACCGCTGCGAAATCCAGTTCGCCTACGCCATCGGCGTCTCCGAACCGGTCAGCGTCCACGTCGACACCTTCGGCACCGGGCAGATCGCCGACGCCCAGATCGCCGAGTTGGTTCGCA
NZ_CP155447.1_gap25	773634	778143	4509	GACAAGCTGCTGCCCCCCAAGAAGCTCGTATAAACCCGCATGTCACCTTGATCGTTCCGGCGAAAACGCACGCGGGCGATGAACTCTTGCGAGCTACTGGACGAACTCGAGCTCTGGCCGCCCGACTTGCTCCTCAACAACAACTTGTAGTTGGGCGGCAGATACACTCGCCAGGCGAAATGAAGGGCTCTCCGGTTTCCAAGGCGAGGACATGGACCTGAGTGGTGTCCCCGACCGGCAATTCGCCCGTGACTCGAGCCAGCCGTGCGTGCTGCCCCAACAATCGTGTTCGTTCCTGCCCCGATTGCCAGGCCAGAATAGCGCCCCCAAGAATCAGCAAGACAAGAAACGCATCCAAGGCTTTTTGCTTCATGGGAGTGTCCCGCGACAGCACGCATCACGACCATCAAGTTGGCCCAGAGTTGTTCGTCAGGAGCGAGAATTCTTTAGGATCTCCTTGGCGAGTGGAATCACGAATTCCATCGGCCAGGTCTTGCCATTCTCCACGCGTAGGACTCTTGCCAGCCGTTCGAAACGAAATCGGCCCGCATGCCTTGATGGAATCAAGGCATGCGGGCCGATGGTTGTTTGACGACACCGGAGTCGGGCGAGAGCGACGATCCCGAGGCTCTTCGCGACTCCGGGCAAGGCGTATAAGATTAACCTCGCAAAACGGGGTTAATCTGACCGGTTCTCCCGAGACAGAGTCTCGGGAGAGAGGTCGAAGGGCCTACACCAGCAAACCCTTCAACACCGATCGATCCAAGGGGACGGATCAATAACGGCCGCGGCCACCACCGCCACCGCCGTAACCGCCGCCACCACCACCGCCGTAGCCACCACCACCGCCGCCGCCGTAGCCGCCGCCGCCGCCGCCGCCACGTGCTTCACGGGGCTTGGCTTCGTTGACCGTCAGGTTGCGCCCGTCGTGATCATGTCCGTTGAGGCCCTGGATCGCCGCCTGGGCTTGGGCGTCGGTGTCCATCTCAACAAAGCCGAATCCTTTAGAGCGATTCGTGTCACGGTCCACGATGATCTGTGCGCTCTGCACGGTGCCGAACTGGGAGAACAAGGCTTCCAGGTCGGACTCATTCACGTTGTAGGTCAGGTTGCCCACATACAGCTTCTTGGCCACTCTCAAACTCCCGGGCGAAGGCAAAACGACCCGCAAAACGCTTTCAGGGTCGAGAAGAAAGGGGATTCCGTTGAATCCCGGTGGGTGAGAAAGGCGAGGGAGGTAAGCAAGGACCGGATCGGGAAGAGCCAGCAATGCTGCTCGGTCGTCAGACCAACCGGCTTTGAGTATAACAAATTTACGTGATGAATGGATAGAGCAATCGACACAACTTCGCAATATCGGCAAAACGGCGGATCGTCGGTTGCGCCGGTCGGCCCACGACCTCACTCCGCGTCCCCTCAACCCGGCCAAAACCCTCGTAATCCCGCGGAAATCGAAGCATTTCGCTCAAAAGGGTCCGCCCCCCTCCCAAGCGAAATGAGGGTTCTCGTTTGTGGCCGGACCGCGAACTCCCCCGCCTCATTTCAAAAAATAATTTAAAATTCGGAGTGAGGCGGCTAACTCCGGGTTTCCGCCGTCGCGGCGTCGGCAGGAGATTCCTGAGTTTCCCGGGCAAGCCGCAGGACATGGGTCCGAACGTCCTCGGGCCAATCGCAGATCAGGACTTCGAGCCGTTTCGGGTCCTTGGCGAACAAAGCTCGGGTCGCCTCCTCGAATCCAGGGAGATTCCCGGCCATGGCCACCATGAACCTGTAGGCCGACTCTTGCGCCCGACGGGCGCGATCCCGGCCCTCGTTTTCGCGCCTCGCCGCTTCCACGAGCTTGCGAAGCGCCACCGACGCCCCGCCGGGCTGCTCATTCAGCCAATCCCAGTGACGAGGCAAGAGAGTCACCTCACGGGCCACAACCCCCAACTTGGGACGCCCCGGCCCCCGAGGCGCAACCGGCGAGATTGCGGCGGCGGCCGGCCTGACGTCGCTTGCCCGTGGCTCGAGCTTCCCGACCACCTCCTCGGCCGTCCCCCGAAAATCCACCTCGACCAACTCGCTCGTCACGTCATCGAAAATCAAGACGGGGGCGGTCTCCCCGCGGTCGATGACCTCTTTGACGCGCAACACCACGTGCCCCAGTTCGCCCGACGCAATCCGTCGGGTCCCTTCAAAGGCCGTGCAATGACCGAAATCTCGATCCTTCATCAACGCCTCCCCCTCATCTGACCCCGAATAGCGGACAGAGGGAATATTACCCGGGCAAATCCAAAACGTCAATATTGCCCGGGTAAATTCCAAGTAGAGGCATGCGAGATCGAGAGCCTCGCTCTGCTAAAGCCAATCGCACCACGGTCGTGATTCGGGATGGATCGCCCTCCGGCAACGAGGGGAGGGCTTCCTTTTTCAATGGGTGAGGAACTCTTTCATTCGCCCGAATGCTCGTCACCGGCCATCGGGCGCGAACCAAGAGGGAGCCCGACGTTCGAGGCGAGGACACTTACCGGCCCCACTCAAACCCACAAGCAGATCCGCATCCGACAACAGGACAAAGCGATATTTTCTCGTTCAGCAACCAGAGAGCGCTCCACGGCTCGCATAAATAACAATCTGCCCGAACAACGTAGTCGTTCAATCTGACATCAAGAGATCGGTTTGCGTCTTGACATCGCGAGGGCTTACAGTAAAACAGACCGACAACAAATAGAAATTCGCGAGACAGAATATGCCCTAAATGGCTAGGCGTCGATCAGGCCGAGACCGTCCCAACTTTTTTCGGATTATTTTTTGGCCCGTCCGTCGCGCCGTTGCGTCTTCGCTCCGGTAGAGGCAAAGGCCGTCCCTGACATGAAGCCCGAAGTCGCGACAATCTCCGCCTGATTCACGCTCCATCGACGTCGATCAACCTTTCAACCATGCATCCCTTCGCGTAGCAGGCCCGTCGAAGACCGACCGAGGCAGCCTTGCCCTTCGAAAGGAGACGAGGGGTCCCCTTTGCCCGACCTATTTCTCTTCTTCAGAAATCACCTGAGAAAGCGATCTCCATGAGGGCCAGAGAGGAGACCCCCGGCTCCCGCAAGCTCGACCTCTCGATCGTCGTCCCGGCGTTTCGGAGCGAGGGCTGCCTGGAGGCGCTTGCCAACGCCATCGACGCCACGCTCGGCCCGCTTGGATGGAGTTACGAGGTCGTGTTCGTCAACGACGGCTCTCCCGACCGCACCTGGGCCGTCATCGAATCGCTCTGCCAGACCCGCGAGAACTACGTCGGGATCGACCTGAGGCGCAACTTCGGCCAGGACAATGCGATCATGACCGGCCTCCGTGCCGCCCGTGGCTCGCTCATTGCCATCATGGACGATGACCTCCAGCATGACCCCGGAGACCTTCCCCGGCTGCGTGAGCATCTGCTCCACGAACGAGCCGACGTCGTCTACGCCAACTTTTCCACCAAACATCAGCACGCGTGGAAGAACCTGGGAAGCTGGTTCAACGGCAAGTTCGCCGAGTGGGTCATCGAGAAACCGAAGGGCATCTATCTCTCCCCCTACAAGCTCATCCGCAAGGAGATCGCGGAGGCCATCTGCGACTACCAAGGCCCCGACCCCTACGTGGACGGACTCCTCTTTCAGGTCACCTCGCGAATCAGCCAGATCTCCGTCGCACATCACCCCCGGTTCGCCGACCACGGCAACTACACTTTCTTAAAGTCGCTCAAGGTCTGGGCTCGTCTGGCCACGGCGTTCTCGGTCAAGCCGATCCGCCTGGTTATCTTCGGCGGCTTCTTCTTCGCCGCTCTGGGTGGAGCGCTCGCCGTTTACGTCATCGCCTACCGGCTGCTCTACCCCGAGAACTTCGAGCAGGCGGTGGCGGGTTGGGCCTCCTTGATGGTGGCGCAGCTCCTCACCGCGGCCGTTCGTATGATCTTCCTCGGAATCGTCGGCGAGTATGCCGGGCGGACCTACATCGCGGTCTGCCACAAGCCGCAAGCCACCGTGCGCGAGGTCCTCTATTCCGGCCCCCGCCCACTCGGGGCAGCGTCCCCTCCCCGAATGGAGAGCAACGGTTCGGGAGCGAAAGTCGAGCCGTGAGCACCAGCCTGGTCTACCGCAATTCATTCACCTATGAACTTGTCATGCGGCTTCTCTACAGGCGTCACTACCTGGCGCGATTTGAAGCCGTCGCGCAACTCATCCCCGCGGAGGCCAGCGTCCTCGACCTCTGCTGCGGACCGGGAACCCTTTTCGATCGCCACCTCCGCGCCAAGGGGGTGCGTTACACCGGCCTGGACTGTAATCCCGGCTTCATTGCCCGGATAAAGCGTCTCGGGGGAGAAGGGCAGGGGGCCGTCTGCGACGTCGGCCGGCTCGAGTCATTCCCTCAGTCCGACTACGTCATCATGCAAGCGAGCCTTTATCATTTTCTCCCGGACGTCGAATCCCTCCTCAACCGGATGGAGCAGGCCGCACGCAGGGCGGTCATTGTGGCGGAACCGATCCGTAACCT
NZ_CP155447.1_gap26	833939	834517	578	CGCAGTCCCCGGTCCCAACGGCGGCTTCCTTACGATCCGCCAGACGAACAAGGTGTAATCGACCGACGGATCGAATCCGCAAACCTGAAACGCGAAGCGATCGAATCATGCTGACCGTACCCGTGTATAACCCTGCCGGCGAAAAGGTAGGGGAGGAATCGATTGACCCGGCCGACTTCGGCGGTGAGGTCAACAAGCAGCTCCTGCACGACGTGGTGGTAATGCACCGAGCAAACCGTCGCGTCGGCACGGTGAACACGCGTGGCCGAGCCGATGTGGCCGGCTCCGGCAAGAAGCTGTTCCGCCAGAAAGGGACGGGCAACGCCCGTGCCGGATCGAAGCGGACGAACAAGCGAGTGGGTGGCGGTGTCGCCTTCGCCCGCCGCAATCGTGACTACAGCTACGCGATGCCCAAGAAAGCGGTTCGCGCCGCGATCCGCATGGCCCTCTTGTCGAAGTTCCAGGATGGCCAAGCCTTGATCATCGACGGCCTGGCGCCGACGGTGCCCAAGACCAAGCAGGTGGCGCAGGTGCTGCGGGCGATCCGCAGACCCGACATCACCGAGGCCGAAGCCATC
NZ_CP155447.1_gap27	870937	871752	815	AATCGAACCACATAACGAAAACAGATGCTTAAGTCGGATGGAAATTCTGCTCCCAAATCGGTAGAATTGTTCCCTATCGGTCGACAATGGTTGATAATCGTCCGGGATTTCTACCGATCGCGGGATGTCACAAGTCTCATGCAAGCGGAAAGGAGGTGGCGATGAAGACGTTCGACCTGGCAGAGGTACGCAACTTCGCCGCCTACCTCGACTCTCAGATGCGTCTTTGTGATAACGGAGAGGGGATTGAGTGCAGTACCCTGGACATCGCCCTTCAACACTACGCCAAACTTTGCTGTGATTACAGTAATGAAGTTCGGCAGTGGGGTCGGGAGATTTTCACCGGTCGAGTCGCGTTCGATCCCAAGGTTGAGCAGGCGTGGCGAGAGGAAGGCCTGCGGCTGTTTTCCAGAGCACTCGAGATGGCCTCGCACGGCCAGAGCGTCGAGGGGCCTTGCTACATTCTTGATGGGCAGAAGCTTCTGTGGGCGGCCCTCTTTAAACTGCATCGCCTGCTTGACGGGTGGGTCACTCCCAAGCTCGCGGTCGGTCCGTCAGCCCGGCAAGGGCTTGCCCTGAACCCATCGGCGGCCGAAGAAGCCCACCGGCGAATCGATTCGCTGCCGCCGCTGCCCAGGGATTGGCAGCCGGTCGCCCCGCATCAGCAGGCGTTGTATAGAAAGCTTCGGACTTCCTAGCAATCGGGGCGGCTTGCCGCCCCGATTCTCATTCCTCGATTTCATCGAGAATGCCTCACTTCACACCAATTCCCCTCACACCTCTCCCCGTTGATCTCAATAGCCGCGAATTCGCGG
NZ_CP155447.1_gap28	879647	883311	3664	CACAATGGAGACGGTCCCGGGCTCCGGGATGATCGAGACGAAGGGGAAATATGGCGATATCCAGCTCCACATCGAGTGGGCCGCCCCCAATCCGCCCCACGGCAAAGGGCAGGACCGCGGCAACAGCGGGATCTTCCTGATGGGCCAGTTCGAGATCCAGGTGCTCGACTCCTACAAGGCCGAAACCTATGCCGACGGCCAGGCAGGGGCAATCTACGGCCAATACCCCCCGCTGTTCAATGCGTCGCGCCCGCCCGGCGAGTGGCAGGCGTTCGACATCGCGTTCCGCCGCCCCCGGTTCGATTCCTCAGGCGCACTCCTCGAGCCGGCAAACATCACCGTCTTCCACAACGGAGTTCTGGTGCAGAATAACGAGGAGCCGTTCGGTCCCACCTCCTGGCTCAAATGGCTCCCTTACGAGAATCAAGGCGATCGTGGGCCAATCACGTTACAGGACCACAATCATCCCGTCCGTTACCGCAACATCTGGCTCCGCGAACTCCCCGAGCGCCCCGCCCCCAAAGCCGTCGTCGACCGGCCGAAAATCGTGGCTGTCGCAACGGACGTACTGGACAAATACACGGGCCAGTACCTCTTGAACCCAGATGCGAAGCCGAACTCTCCCAAGGCCACGATCGCACGCGAAGGCGATCATCTGACCATCTCGTTCCCCTTCCGACCCAGGCCGCTCGTCCTCGAACCGATCTCGGAAACTCAGTTCGACATGCCCTACACCGACGGCCGGTTCACCTTCCACAAAGACGACGCCGGCCAGGTCACGGGCGTCCATTTCCGAATCGGTGACGGCGAACGGAAACTGACCAAGCTCAACCCCTGAGCGATCGGGGTGCCCCCCCTTACGCCCCTGGCATTCCACAGCCATTGACTTGCCGTTGGTTAACGACGATCGCGAAGCCACAGGACACATTCCACGAGCACGCCCCGACCCCCGAAGTCGAAGTCGTCTCGTCGACCTCTTGTGGCTTCGCCACCGATTGGCTGCAATTTGCGAGTCAGTCGCAAAGAAACCGGGCCCTCTGTTTGCCCCGGAGGCCGAAATTCGCGGGAGAAACTCGTTCCCACGCTCCTGCGTGGGAATGCCGTCCTGGCCGCTCCGCGGCCCTACCCGCCGGGGAAGACGACGCGGAGCGTGGGAACGAGATCCTTGTATCCTTGCTACAGTCTCCAATTTGCGGGCATTGCGAACGAAAAGTAACGTAAGCCCCCACCGCTTGAACCCTCCCCTCCTGCAAACTCAGGCGCTCCGCCCGCGTTCCTCTCAAACTCGCATCACATTCCTGAAATCAAATTCCAGGTGATCGCCCGCGGTCCCCGGGGAAGCCACCCAACACGCCAGTCACATACCCCCTTGACAATTCGTTCTAATTCTACAAAATGCAAATCATCCTGATTGGGGCCCACAACGAGGAGCCGAATCCCGATGGCCAGACCGCCCAGCGCCCATCCGACCGACGCGGAACTGGAGATCCTCAAAATCCTCTGGGATGTCGGGCCGGCCGAGTTGGGGCCCATTGTCACCTCGCTCAACCTGGGACGAGCGGTGGCCACGACCACCGTCGCCACCACGCTCAAAATCATGATGCAGAAGGGGTGGGTCGAGCGTCGGCAAGGGGAGCGAGGCTACCTCTGGGCCGCCCTGGTCACCCAGAAGGATGCCACCTCGGGCTTACTCCGAAAACTCCTCGATCGCGCCTTCGACGGCTCGGCCGGACGGCTCGTGGCTCGGCTCGTGGAGGACGGGGCGCTCAGTGAGCGTGATCGCGAAGAGATCCGCCGCTTGCTGGACGCGGACGCCGCCCCAAAAACAGATCGAGGGAGGCGGCCATGACGATCACGGCGTTAACGGACTCGCGGCCCTGGTTGCTGGCCGGCTGGACCATGCTCCACTTCTTCTGGGTCGGCGGGCTGATCGGGCTGGCGGTGGCTCTGTTGCGGCGGACGCTCCGAAGGGCGCGCCCGGAAGTCCGCTATGGGGTCGCCATTCTCGGACTCGCGGTGATGGCAATCGCACCCGTCATGATTGCCTCGATCCTGGTCCTTGCCTCGCGTCCGATCAACCGGCAGCCTGTTTCCCGACCGTTCACACAGGCTCCCATGTCTGAACTTGCGGATGTTCCCCCCTCGATGGCGCTGTCGCAGCCACCTGAGTTCCCCAACGCGGCTCCGCCAGATTGGCCGCATCCGGTCACGACGACAGGGCCAATCGCCCCGAAACAACAGATTCTGGTCGTCGCGGCGCGAGGGCTGCCCGGGCTCTGGCTGGTTGGGGCCCCGGCGACGTTCGCCCTGCTCGCCACCGGTTTGATCGGCACCGAACGACTCCGTCGCCGGAGCCATTCCTTGACCGAGGGGGAGATTCCCGAACTGTGCCGCCGCCTGGCCACCGCGCTCGGACTCGTCCGCCCGGTCGCCCTGGGGGTCTGCGATCGCCTGATGACGCCGGTTCTCCTCGGGGTCGTTCGCCCGCTGATCTTGCTCCCGACCTCGGCATTAACCGGCTGGAGCCCCGAACAGGTCGAGATGGCTCTGCTCCATGAACTGGCCCACGTTCGCAGGCTCGATAACCTCGTCAACCTCATCCAACGGACGATCGAGGCGGTGCTCTTCTTCCACCCGGCGGTCTGGTGGGTCTCAGGTTGGGTCCGCCTGGAGCGGGAGCATTGCTGCGACAAGCTGGTCATCGCCCACACGGGGCGGGCTCGCCCCTATGCTGAGCTATTAGCCGCGCTGGCCATGCCGGGCAGGTCTCCCAGCCGAGCCGCCGTGGCCATGGCCGAGGCGCCCATCGTCGACAGGATTCGCCGCATCTTAAACCTCGAGGACCAATCCATGCGACTCTCACGTTCGTTCGTCGCCTTGGTGGCCGGTCTTTTGATCGCGCCGGCCGTGGTGATCACGTCTCAAGCCGGCCCCCCAGACCAGGCGAAAGAGCAGCCGTCCGCTCCCTTGGGGACGAGTCCAAAGAGAGACGCTCGATTGGAACCGATTCTCCAACGTGCGGTGCATGACGCTGAAAGCCTCACATCACCGCGAGAGCAAGCCCGCGCCCTGACTCGGATTGCAGGAGTCCAGGCACGAACCGGGGACCGGGACGGATCGCGTCAGACCTTCGCAAAGGCCGTTGCACTCGCCGAAACCGTGGCACTAAGTGCCCCTCGAACGGCCCCGCTCTTCCTCTTCAAGGTTTTCAACGCTTACTTACCTGACTATTCATTTGACAAAGCGAACGATTTGCTCGCGATCCTAGAAAGATTCCCCGCGGTGATCGACACTGATGTGTCTCAATACTCTCCTCACATCCTGCTCTGGGTCGCACAAGCCCAGGCAAAAGCTGGCTTCCGCGACGAAGCGATCGGATCGTTACGAAAGCTCCTTCGGATCGCCCAACTACCCGCCGAGAACGACTACGGTAAGATCGAGCTCTTCGAAGAAACGATGAAGGCCCAGGTGAAGCTGGATAACAAAGAGGGAATCCGCGAAACGCTCCGAACGGCCAACCAATTTTACACAACCACAAATGACAAGTTCATCAAACTCTATGCCCCACAAGCGATCGTAACCTTACAGGCGGAATCGGGGGATCTCGCTGGAGCATTCAATCTCATCAACCAATTCGCAATTTTCAAAGAACCACACAATGAGA
NZ_CP155447.1_gap29	885882	890162	4280	AGGGTATTCAGGGCATCGCGTCGCTCGAGCGGGGTGAACTTCGGATAGCCGCTCAGCACGAACTCCGGGGTCTTCGGATCGTCGAACGCCGCCAGGGCGCGGAGGGCAGGGCTCCGGAACGCCGGGTCGGCAATCAGGGCCTGCAAGCTCGGAACGGCTCCCGCGTCCTTGACCTTGAGCAGGGCGGCCAGCGCATTCTGTCGAAGCGCAACCTCCGCGTGAGGGTCGGCCAGCGTCTTCCGCATCGACTCGAGGGCCGCCACGTCTCCGAAGGTCACGCCCAGGGAGGTCGAGAGCGAGCGGACCCCGGGGTTGTCCGACTTGGCCAGCTTGGCGAACGCCGAGGACCAGGCAGCGGGGCGATCGACCTGACGACGCCCCCTGAGCGCGTCGTTCAAGCCCTGCAAGAGCGCGAGTTGAACCTCGGGCCGGTCGACTCGCTCCAGGTTCATGACGAGCAAGGCGATGGCTTCGGGGGTTCCGATGGCCCCGATCCGTCGGGCCATGAACGGTAAGAGAGTCGGAATCTTGGCCTCGATCGCCAACTTGAGGGCGCGAGCGGAGTCAGCGACGGCCAGCGGCTCGGCCGCGTACCACTCCATGAGGGGTAGGTTATGATCGCTTGCGTCCTCACTCCGCTGCGTGAGCGCCTCGAGAATTTCCCAGCGATCGGCAACCGGAATCCGCTGAAGGGCCGAGGCGAGATAGAGCCGAACGACCGGAGACGCGTCGGTCCTGGCACGCTCGACAAGCTGGTCCAGGACTGGCTTCGATGGCGCCTCTTCGCAAGCGAACTGGATCGTCCAGGCGCGAAGGTAGGGGTCGCGATCGCCAAGGAACGCCAAGATCTCTTTCTCACCAAGCCCACCGGCAGCTTGCAAGGCCCAGAGACCACGGAGCCGGTGAATCGGGTCCTTGTCATTGTCAACCAAGGCGTGCAGGGCCTGGCGGACCTCAGGCTTCGCCCCTCGCTCTTGCAGGATCCGCCGCGCGTGGCGGGCGAAGAAGTCGTTGGGATGCTTCTGGAACCCGACCAAACTCGCGTCCGTCTCTTTCCCGAGGTTGACCGGCGTGTGAGTCGACCCTTGATACGAAACCTTGTAGATTCGCCCATTCGTGCGGTCGTGAATGGTCATGGTACGGTCGTGGCACTGCTGGCGGTCGTACCAGTCGATGAAGTAGACCTGGCCGTCGGGCCCGTACTTGAGGTTGATGATCTGCGACCAGCTATCGTTGGCCAGCAGAAAGTCGGGGGCATGCTGACCGACGAAGCCGGAGCCTTTGGGAACGAGGACGTCGCGGTTCAAGCGCCCGCCGTGGATGTTGTTCATGAACAGCGAGCCACGATAGGACTCCGGCCAGGCCCCACCGAGGTAGATCATCGCACCGGCGTGCGCATGGCCGCCGCCGGCGTCGCCCGATCGGCCATTCCCCGCGTGCGGGTTGGCGCCGAGGTAGTGGCGGTGATCGGCAATCGTCTTGATGTCGTCATAGGTGTAGGGATTGAAATGCGGACCGGCCTGGCGTTCGTAGCGTCCCCCTTGGATCATCTGGTAGAGGTGCGGGATCACGCAGGCGGTCTCAAAGGCCTGGCCGTGCTCGTCGAAGTCGATGCCCCAGGGGTTGCTGGTCCCTTGCGAGAAAACCTCGAACTGATGCTTCGTCGGATGATAGCGCCAGATCCCGGCGTTGATCGGGACTCGCTTCGCATCCGGGGTACCGGGCTTGCCGACGCGTGAGTGGGTGAAGACGCCATGACAGCCGTAGAGCCAGCCGTCAGGACCCCAGGTGAACGAGTTCAAGGTCTCGTGCGTGTCCTGGTATCCCCAGCCGTCGAGCATGACCTGGGGAGGGCCGTCGGGCCGGTCGTCGCCGTCCTTGTCGGGGATGAACAAGAACTGAGGGGCGGCTCCTACCCAGACCCCACCGAAGCCGACCTCCAGGCCGCTGACCAGGTTCAGCTTGTCGGCGAAGACCTTTTTCGAGTCGAACTTACCGTCGCCGTTGGTGTCTTCAAAGATCAAGATCGAGTCATGCGCCTGATCGTCCGGCAGGCGAATGGGATACGAGTGGGCCTCGGCGACCCAGAGGCGGCCTCGGTCGTCGATGGTGAAGCCGATCGGCTGATGGATATCGGGCTCACCGGCGAATAGCGTGACCTTGAACCCGTCGGGCACCGTCATGGCGGCGGCCGCCTCGGCCGGGGGAAGGCCGGCGTGGAGAAAGGCATCCGCCGCCGCAACCACCCGGCGAGGGTCGGCGGCGGGGCGGGTCGCATGGAGCCGAAAATCATCGAAGTTGAGGTGGCCCCAACCACCGCTCTGCTTGTCCACCAGCCGGACGAAGAGTTCCTGACCACGATACGGAGTCAGGTCGACGACCACACGTTTCATCTCCTCGGTATCATCCCCCGAGACACGTGAGACGACTTGCCCGTTATCCTTGCGAACCAGTTGCACGCAGGTCTCCGGGAACGAACCTCCTCCCACGAGGAAGCTCGCGAACGGTTGGGTCACCGAGAACGGCAAAGAGGTCAAGGTGCCTTGCGGCCGGTCGCCGTTGCGTTCGTAACTCCCCACCCAGTACTGGCCGGCATGCCCGCTCTTCATGTCCGAGCGTCGCGCGGCGACCACATCCCCTTGGATCGGCTGGCCGGTGAACGCGTCTCCCTCCACCGTCCAGTCTTTGAGCGACCCGGCCTCGAAGTCGAGGTTCAAGGTGCGTCCTCTGACGTCGGCTGGCGTGACGCCAGGGTCGGCCCCTTCCGACTGGGTCGAGAAGAGCAGGGCAGGAGAATCAACCATAACCGGATCCGATCATGACCCATCATTCGTGATCGCCTCTCATCGTTCCATAGTGGGGAAACGTCTGGGCTGTTCGATCGGCCGCCCCCTCGGCCCCGTCACCGAGAGGCGTGTCGCCCCAGGAAATCGCTCCTGGGCGAGTTCGCGGATGCCGCAGGCAAACTCTTTGAGGATACCGCTTGCCTTGCTCCAGGTCAGCAGCGCACTTCCGTTTACAGCCATCATGACTTCTTCACGCGGTCGACTTCATGAAGGTGAGGGGAGGATTCGCTCACCACCAGCCACATCCCATGCAAAGCTTCGCCGAACCCGTTTCTCCCTACGGCAATCCGATCGGCCATGGCATCATCGTCGGCCTGACAATTCCCGTGGGGTGGGCACGGCCCACCATCTTAACCGCCGCTCTGGCATGGAGATAGGGATGGTGAGCCGTGCCCACCCTACGGGACAATTCGGATTCTGCTCGCTGACATCCCGCAATACGTTAATTTATCCCAAACGGGTTAGGCCAGGCTTTACCATTCCATTGGGACATCAATCACGATCGGCGATCGTTGCCGGTGCCGCCACGACCGGCAAAAAAAAAGGCGTCCGGACATCATTCCAGGTGGGTTCGCGCGACGACTCCCTCGGATCGTTGCGCGAGCCTCTTGCATTTAACGACGACTGTCGGTAATTTTACCGACATCTGTCAGCAACATCCGAGGGAGGCGTTTCCGATGGTCGAGCCCGAGCCTTTGCCGCCGCTCTCCGAGGCCCAGATGGAGATCATGAACGTCGTCTGGGACCAGGGTGAGGTCACCGTTGCCGACGTCTGGAAAGCGCTGGCGGCGAGGAGGAAGCTCGCGCGGAACACGGTGCTGACGATGCTCACCCGGCTGGAGGAGAAGGGCTGGCTCTGCCGCGATGAAGAAGGGCACGCGTTCCGCTACCGCGCGGCCGTGCCGCGGGAGGCCACCCTGGGCACGATGATCCGCCGCCTGGTCGACACGGCGTTCGGCGGCTCGGCCGAGGGGCTGATCATGGCCCTGCTACACGGACGCGGGGTTTCGAAGGAAGAGGCCCGGCGAATCCGGACCATGATCACCCGCGAGGAGGGTAAGAAACCATGAACCTCCTGGGACGAATCGACCCCGGCGACCCCGTGGTCAGGACCGCGCTCGCTACATTGCTGCAAGCGACGGCCGTCATCCTGGTGGCCGCACTGGTGGCGGGCACCGCACTTCGGCGTCGAGCGGCCGCGCGACACAATCTCTGGCTCGTCGCCTTGGTCTGGATCCTGCTCAGCCCGGCCGTGGCCCCCCTGATCGACGGCGTCGTTCCGACACTCGCCGTGGTGATTCTCCCCGACCCGAGCCAGCGGACCATCGCGACGGCGAACACGGCCGTCGCGATCGGAGGCCCGAAGCCAGGCCGAGGAGCCCCTGCCGCCAAGCCCGCCCTCGCTCCGTCGGACTCCCCCGCCGGAGCCGATCC
NZ_CP155447.1_gap30	908187	909969	1782	GGGGCCGCCGGGTTCGTGTCCAGAAGCGGACTGAAGTTGTGCGACAGCCCACCCACGGCCAGCACCACGTTGTTGTCGCGACGGCCCTCGACCTCAACCAGCCCGAGTTCCGGCTTGGTCCAGTGGATCCCATCCTGGGAATCGGCCACGCAGGTGACCTCACCGACCCCATCCTTCTTGGCGATCGCCTTCCCTCGGTAGTAAGCCCGATACTTGTCGCCGTCGTGAATGACCGTGCAATAGCCCGAGAAGCCCCCCTCCCACGGCTTGTCGAAGGCGAGGACCGGTCCCTCATCCCTTGGTTCGCACAACCGGAGTGAAACCCCGCGCATCAGGTCGATCAACCGAGTATCCACAAACGGTTCAACCCGACCGGCCGGGGCCGCAACAGGCTCAGCTGCCAGCCCAGGCGTTGCGACGATGATCGAAATGAGAGCGTAAAAGCCAATCCAGCGCATGATTGATCTCCTGGACGAGAGTCGATCCGTTCCTCGCTTGAAGTCCAGTGATCCTATATTGGTACGGACAACCGATTCAACCCAGGCGTGCCCAGCATGCCGATTTTCCCGCAAGCGTGGGCCATGAGTCCCAATCATCCCGCCGGGTAGCTGTCAATGCCCCGCAAGGTCGGTAAGATTGGAAAGCCTTGGCTCGACCTGTCGCCCTTGTGACCTTGGGAATCTGTAGAAATGAATTGGCCGAAATCCGAGAAACTTCTGGCGGACAACGCCCGGCTCGTCCCTGGCGGACTCGCTTCGCTCAATCGCAAGGCGGATCCCGTCATCGCGTTCGTTCGCGCCAAGGGGTCGCGGCTCTGGGACATCGACGGTCATGAATATATTGACTACCATGCCGGCTTCGCCCCCTACATCCTCGGCCATGGCGATGAGGACCAGAACGCCGCGGTGATCGAAGCGATGCGCAACGGCCTCTCAAACTACGGGTCCGGCCCGACCCTGGAAGAGGGAGAACTCGCCCGACTCTTCCTCAAAGCCGTCCCCCATGCCGAGAAGGTCCAGTTCTTCAACACCGGCTCGGAAGCCACCTCGCAGGCGATCCGCGTGGCCCGCGCCTGGACCGGCCGGTCGCATATCATCAAGATGCAAGGGGGTTATAACGGCCACCACAACGCGGTGGCCACGAACCTGATGAGCACCCGCGAACAACTCGGCGGGGTCGCCATTCACGGTGACGAGTATCCGACCGTCCCCTTCTCGGCCGGGATTCCCCCGGTCGAGCGAGCGCTGACTCACGCCGTGCCGTTCAACGACCTGGCAGCCGTGGAGCACGTCGCCAAGCGTGGTGAACTCGCTGCGTTGATTACCGAACCGGTGCTCCAGAACATCGGCGTGGTCAAGCCGAAGCCGGGCTACTTGCAGGGGCTCCGCGACCTGGCCGATCGCTACGGCTTCGTGCTGATCTTCGACGAGGTGAAAACCGGGTTCCGTTCCAGCCTCGGCGGGTACCAGGCGCTGGCCGGAGTGACGGCCGACCTCTCCACCTACGGCAAGGCGGTCGCCAACGGCTTCCCGCTGGCCGCGATGGCGGGCAAGTCGGCCTTGATGGACCTGGCGACGAGCCCCGACCCCACCAAGCGAATCCTGATCGCCGGCACCTACAACTGCCACCCCGTACCGGTCGCCGCGGCAATCGCCTGCCTCAAAAAACTGATGGACCCCGCGCAACGGGTCTACGACAAGCTCGAAGGGCTGGCCCAGCGGCTCGAGGCCGGGCAGCGAGACTTGTTCAATCGCTATGGCATTCCGGTGGTCATCAGCCGCG
NZ_CP155447.1_gap31	1072525	1074149	1624	TTCGGCCGGCGGCAATCACTCGAGGCCCTGGCGCTGATCGCCTGCGGCGTTGATCTTCGGCGTGCCTGGGTCCCGCCGGGCGAGCTGGGTCGTTGGCTCGATATTGCGGAGCAAGAGACAGTCGCGGAGGTGCTTCTAACGACACTTCGCCAGGTCAAGGCGGTCGAGTTGCCGGATCCACTGACTCCCAACGACCCGGCCTTCGGTTACCAGACCGGGCCGGACGCCTTCATCGCCCGCGGCAGCGAGACGAGCATAAATAAGTCCAGATTGCACGGCTTTGGGCCCGAGCGGGCGCCCCACCTTCAACGCCGCTCCGCCTACCTTGGGCGTGTCCTTGCGGAGGCGGCGAAGGCCCGGGGCGTGAAGGCGCCAACCGGCCCTGAAGTGGTCACGCTGCTCGATCGAATCTGGACGGCCCTGACGTCCTCGGCCCGGCCCGTGTTGGCTCGAGTCCAGGTCGCGCCGGGCACCGTTGGGCACCAGCTTCGTTGGGAGGCCCTGACCTTTCGCCCCCGCGGGAATTGGTACGTCTGCAACCATTGCCGCCAATGGTCGGCGTTGAATGCCCTGGGAATCTGCCCGAGTTTCCGCTGCACCGGGCGGCTCGAACAGGCCGGTCCCGACCTGGCGCTGGCGGACCATCACTACCGGCGAGCGTACTACCTGCCGGACGAAGGCCCGTTGCCCCTGGTTGCCAAAGAACATACCGCACAACTGTCGCCGAAGCTGGCCACCGAATACCAGGTCGCCTTTCAAGACGGGCACTTTCCGGATGTCGGCCAGATCAACGTGCTGAGCAGTTCGACGACGTTCGAGTTAGGTGTCGACCTGGGCGACCTGGAGGCGGTCTACTTGCGCAACGTCCCGCCCTCACCGGCCAACTACCAGCAGCGGGCCGGTCGGGCCGGCCGGGGTATCGGAAGCGCGGCCTTCTCGGTCACATTCGCGATGACGCGGTCGCACGACGAGCACTACTACGCCAACCCGCCCCAACTGATCGACGGTCTAATCCGGTCCCCTCGCATCGAGCTGCGCAATGAGACGCTCGCCCTGCGACATGTTAGCGCCGTGCTCCTCGCCGACTTCGTCCGCAACTGGGCGCGGTCCCGCGACCAGGTGCTCCAGAAGATCGGTCAGATCTTGCCCGAGGCGCAGGCCTTGGAAGTGCCAGCCGACGCGTTCCTCGATCAGATGGCGGACCTCCTCGCCGGCAACACGCGGGCTGTGGAGCTGCTCTGGCCATGGGGTGCGTCGGAATCAAGCCGGCGCGATCTGGCCGCTCGGATCACCGAAGCCTTCGCCCGGGCTCGAGAGCACTATGCCAACGAAATGGCGATGTACCTCCAGGCCATCGAGGCGCTCGATACGGACCGCAAGACCGCTGAAGTGACCGGGGAACACGAACGGGCACGTCGGCTCTACAACTTCGGGGCAATGCTACGTCAGCGGCTCGAGGCTTTCCGGGACAAGGACTGGGTTACTTACTACAGCGACCGGAGCGTGCTTCCCAGCTATGCATTCCCCATCTACAACGTGGCGTTGGAAACGCCGGATCGGGACCTGAAGCTCGAACGCGACCTGCGACTGGCCCTCACGGAGTACGTGCCCGGGGCCTCGATCG
NZ_CP155447.1_gap32	1112902	1117620	4718	GGCCTCGACGAGAAGGTGGTCAAGGAGGGAGAGCCGTGGTCCCGCACCCGCCGCGCCTTCTCTCTCTTGCTCTCCCAGTGGGGGGACGCCGCGTACCTGGCCTCGTCGCACGTCGGCGGCCAGTACGTCTCCCGCGACCACCGGCCGGGGGAATCCAAGGAGGACAAGGACAAGGAACGCAAGGAGAAAGACAAGGCCGAGAGCAAGGCGGACAAAAACGAAAAGGAGGCCAAGGCCGAGACGCCCCAGAGGCCCACGCACGACCCCATCACGCCTGTCCCGGGGACCAAGCAGCGCGAGGCGCTGAAGCTTGTGTCCGAACAGATCCTCAGCGACAGGGCGTTCCAGTTCTCACCGGCCCTGCTCCGCAAGCTGGCCAGCGAGCGTTGGTATCACTGGGGCAACGAGAGGCTGTTTTACTATGGGGGCTCGGTCGAATTCCCGATCTATCAGCACATCCTCGGAATCCAGAAGATCGTCCTGGGGCAATGCCTGTCCGCCAACACGCTGTCGCGACTCCAGAATCAGGAACTCCAGGCCGAGCCGAAGACCGAGTCATTGACGATGGCCGAGGTCTTCCGGTCCCTGACCGACGGCATCTGGTCGGAATGTGAGCCGAACGACGCCCGCGGCGGAGCCGTCGCCTGCTCGACGATCCGGCGCAACCTCCAGCGCGAGCACCTCAAGAAGCTGAGCACCCTCGTTCTCGGCCGCAAACGCAGCCCCTACGAGGACCTGTTCGACTACATCTTCTTCTTCGGCACGCCGGAGCCGCCCGCCGACGCCAAGAGCCTGGCGCGGCTGCACATGGAGGAGATCCGCGACCGGATCGGCAAGTTCCTCGACCCGAAAGACTCCAAAGTCGATGAGACGACCCGCGCCCACCTGAAGGAGTGTCGCACCCGGATCAACAAAGTCCTGGATGCGTCCCTCGACCTGAACGAGCCGTGACCCTCCCCGACGGCCGGGGCGTCCCCAGGGACGCCCCTCCCCGCATTGACACCGATCGCGACAACCCTCCACGACCGGCGGGATGTCATCCGCATCAGGGAATCAACAGTGACGGAGCGAATTATCGATGTGGTTTATCATAGAAATTTGACTGCATATCGTTTTCTGGAATTCGCTCCGTCCCGAATGGCATGAAGCCAACGGTAAGGCGAAGCGGTTGTAGAGGTTGAGAAAAGAAGGGCCTCCTGGCACGATGGAGTTGCTTAACGACACCAACGTGCACAAGAGGCCCTCTGATGCATCACCGGATTGATACCATTGTCACGCAGATTCGACAAGACATTGCCCTCCATCTCGCCCCCGAATCCATCCTCACAGCCTGTCGCTCTGTGGGGCATACCTGACGGCAATGCGTGCTCACTCCACCCGCGATTCTCCACTGGTTTGTGATCCAGGTCATCCATGGCAACACCGCCCTGACCCACATCTCGCTGTTCAGCGGTCGCAGCTTTACCGCCACGGCCTACTGTCAGGCGCGTCGTTTCTTGCCCTTGGCGGTCTTCCAGACCGTACTCCGCAACCTGCTCAAGGGGTTGGTTCCGGACACCCAAACCCAAGGCCTGTGGCGCGGCCACCGCACCTGGCTGGTCGATGGTTCGTCGTTCTCCATGCCCGACACTCCGGAGCTTCAGGCCAAGTTCGGTCAGCCCGGCAATCAGTCGCCCGGATGTGGGTTTCCCGTCGCCAAGATCCTGGCGTTGTTCCACGCCGGCACCGGCCTCCTTCTGGATGTCGTCGCAGCGCCGTTACGGACTCACGACATGTCGCAGGTGGGTGGAATCCATCCGACGCTGCAAGCGGACGACATCATGGTCGTTGACCGAGGTCTCAGTTCCTATGCTCATGTTGCGATGTTAAGCCAACGGCTTGTTCACGCGGTATTTCGCATGCATCAGCGTCAGATCGTCGACTTCACGCCGGGGCGGCCGCACTTTCATCTCGGTGAAAAAAACACCCAGAAGGGGCTCCCCCGATCGCGTTGGCTGCGAGGGCTTGGGGTGCTCGATCAAGTCGTCGAATGGTTCAAACCCGTGGATGCTCCCGAGTGGATGACGGCGGAGGAGTACGCGGCGTTGCCGGACACGTTGGTGGTCCGCGAATTGCGATATGATGTGGGCCGTCCGGGGTTCCGGACAAAGTCTGTGACGCTGGTGACGACGCTCCTGGACGCCGAGCTTTACCCGCTGGAGGCGCTAGCAGAACTCTATGGAATGAGATGGCGAGTTGAGCTGAATCTGCGTCACTTGAAGCAGACTATGAAAATGGATGTATTGAAATGTGCGACAGTGGAAGGCGTCCTCAAGGAACTGGCGGCTTATGCAATTGTTTACAATTTGGTATGTCTAGTGATGATGGAGGCGGCGAAACGGCAAAAGGTGGCGGTGGAGCGGATCAGCTTTATCGACGCACTGCGTTGGTTGCTGCAGGCGAAACCGGGAGACGAATTGCCAGAGTTAATCGTCAATCCTGATCGCCCCGATCGCGTCGAACCCCGCGTGAAGAAGCGAAGACCGAAGCAGTACCCGTTGATGAAAAAGCCACGAGCGGAGCTTCGCAACAACCTTATGGGCCAAGGAGTTAACGCTTAGCCTCATGCCATTCCGCTCCGTCCCCTTTGATTGACTCCAGGCGGCATTGGCGAAGAATCGGTGGTATCGGCTGTGGTGACCGCAATGGACGGCGCCCGCGGACTGAATCAGTTCGGTGACGTAGCGATGGCGGAAGGAGAGGCACCACCCCGTGGCGATGGTGACGAAGGTGGCGAAGGTGGGGGCGACGAAGACCGAGCGGAATTGGAGTAGGAGCGAGCGGAACGTAGGGGGTAAGCTGCATGTGCGGCCTCCTTGTGGCGCGGGATCCTGGGTGTTGAGCAACTTCCAGGATACAACCGTGGCCCAAGGAGGACGCAATACTACATGCTTATTCACCCAGCGCGAAAAGTGCGAAACTCGAACTTAGAACACGCCGGGACGTTGAACACCGGCGACGTTAGGGACGAGCGGACGGTCGAGAGGCCCGAACGGATCTGAACCATGCCCGGAACACTTGACCGATCCACCATCCTCCAGCGGCTCGCCGATCTCGACCGTCGAGATCAGCGGCGGAAAGTGTTCGGGGCGGCGTCCCATCAGTACAAGCTGAATCCGCCGCTACCCGTCTCCGTGATCGAGGCGTTCGAGGAACGCCACGGGGTCTCGCTGCCCGAGGACTACCGGCTCTTCATGACCGAGATCGGCAACGGCGGGGCCGGACCCTATTACGGCATCCTCCCCTTCGGCAAAGACGACGACGACCGTGACTGGGAAGGCGGCGGCCTGGTCGGCGACCCGTCGAAGCCGTTCCCGCACACGACCGCCTGGAACCTGCCCGAGTCGTTCTGGGGTGGCGAGCCCGACCCACCACCGGGCACGACGCTGGAAGAGGAGGACCGGCTGATGGAGGCATGGGACCGAGAGTTGGAGGCGCATTACTGGAACCCGGCGATCATGGGTGGAGCGATCCCGATCTGCCACAAGGGCTGTGCGCTGCGGCAATGGCTGGTGATCCACGGCGAGCAGCGGGGCTTCGTCTGGGACGACCTCCGGGCGGACAACGCCGGGATCGCTCCCGTCCTCGACGAGTCGGGTGAGCCGGTGACGTTCGCCGACTGGTATATGAGCTGGCTCGACTCCTCTCTCCGAAAGGCAAGTGAAACGCCCTGGTCGACCGTCAACCCTCTCTGGCGGCGAATCCGGCGGCGCTTTGGTCGGAACTGACCTCGGCCACATCGGACATGCCATCAGCCTACGGCGGAAGAAACGTCGAGCCATCAGCCTACGGCGGAAGAAACGTCGAGATGACCTCGGCGGTTCCCATGTGTCCAGCCATTGTTCCTGTTCGGCGGGCGTTGGCCAGCCCGCAGTGATCGCTGTGGCGGCAGGTACACCCGATCAGGACGTGATTCCTGGCTCCGGCCTCACCTTCCTGCCTCCCGCCGGAGAGCCGTCCGCAGTTCCAGCGGGCAATCGGTCAGGACGGCGTCGATGCCCACAGCGACCGCCTGCTGCCAATTCGCCGGGAGGTTGTCGGCGACCGTCGGACCGGCAAGGAACGCCCGTTTCCTGGCACGATGGACCGCCTCCATCTGCACCGACGACGGCAGATACCGGAGATAGACCCAATCGGTGTGGAGCGCTGCCAGCGCCATGGGGAACTCAGCGGCGTTGTTGGCAACGGCAGCCGTGTGGGCTTTACTCGAAGCTCGTTTGAGCCGGTCCCGAACCTGGGCCTCCGAGATGGTATTCCCGATGAACAGGAGCCGGTCCAAGACCTCGTGTTGCTCGGCCAGACGCACGACATCCAGTTCCACGTTCTCGGCTTTGAGATCGACGGCCACCAGCACGTCGTGGCGACGGTACTCGGCAACCAGCTTGAGGACTTCCTCGACGGTCGGCACCTTCTCACCCGCAAACCTCGGATCGAACCACTTGCCGGCGTCAAGCTGGCGGATCTGCTCCAGCGTCATCTCGGAGGCGGTGCCGGTTCCGTTGGTCGTTCGATCCACGGTCTCGTCGTGGATGCACACGAGGTGTCCGTCCTTGGTGCGCCGCACATCGAACTCGAAGCCGAGCCGCAGTTCGAGGCAAGCCCGGAAGTTGGCCAGCGTGTTCTCGGGAGCGTGCTGAAGCAGGCCCCGATGAGCGACGATCAAGGTTTGCTCCCGCCCG
NZ_CP155447.1_gap33	1129559	1131067	1508	AGCGCGGGGTGACCAACATCATCACCAACGAGCCCCAACTTCTGGTCAGTCTCCGGCACGAGCGCGAGAACCTGAGCGAAGTCGAGCGGCGGCTCCTCGCGACGCGTTATTTCCTTGACATCAAACCGTGAGGAGCCCCGGAGCAGGAGAGCAGGGGGGATAAGCAAGGTGAAGAGCACAACCTCATCGCCGGTGCCGGTGCTGAGGTGAGCTCTCCAACGCGCGACCTCACCGCTTCATCAAAAGCAAGACCCCCGCGGCAATCGCGAGGAGAGCCAACAGATCGCCACTAAAAGCAAAGCTGATCCTGAGGAAGGGAAGCGACAGTATGCCGTAGAGAATCAGCCAGACAGCCAGCACGGTCATCCCCAAATCCTTGGGCGTTTTCATCGAGACTCCCGGAGTGAGAACGAAACGAGCAAGTCAACGACAATGACTCGTATTGTGGCTCAAGCACGCGCATGTTGGAACCTGGTCCAGCCAGAAATGCTCTGCCCCCCAGGAATGAGGTCATCATGGCCGCCCTCCCCGTGAGATTCAAGGCACAAGGAAGCGTCGAAGCGGAATGAGCCCCCGCTTCGGAATCGTTGATGCCCCCCCGGGCCGGCATCCGCAAATCCAAAAAAAATCGAGACGGCAGCAAGGATACTGGGATCTCGTTCCGACGCTCTGCGTGGGAATGCCGCCCGCGACGTCTTCCCCGGGGCAGACAGACAGCCCGGTGACTTTGCGACAGACTCAAAAAATCAGCAATTTTCCAAGATTCGATTCCCGCTCTTCCCGTCTTCCCAAACTCAGCACTCCCAAAGGCCTTCTCAACTCTCATCCTTATCTTCATAATTCTCACAATTTACATAATTCGTGGCCAAAATCCCAATCGCCAAACACAAAACAGCAACTCAAACTCGCCGTTCGGGCTCGAGATCCCGAAGCCCCGAATATTATCGGCTCCGAACATACGTATTATTGACAACCCTTCCAATCAACGACATCCCAGATATTTATCTAGACTCCGCATACTTTCCGCTGTATACAGAGGGAAAGCCGGAAACGTTATCCGGTCATCAACAAGGAAGAGATGCCAGAAGGGGAACGCTTCTCATGTTCACGATGACGGTCTACGCCATCGGCCGAACGGTTATCGCCAGAGGGCAAAGTCGCGAAAAGGAAGGGTGGGAGGACACGTTGATCCGGCTACACCGCGGAACGCTCCCCCCTGGTGAGCCGCCGCGACGGGTCATCGGCATGACCTACCACGAGGGACAAACCGGCAGCCCCACCAACATGGTCACCCTGGGGCACGGTGGGCCCACACCGGATGAAACGATCGATCAGCCGCTGCTCGTCCACACCGCTCCGCCACAATTCTGAATCGGCAAGGCGCCGCGTTGACGAGATCCTCTCCCCCCCCCTCCGGAACCACGGCCTCAGGCCGGGACGGGGTCGATGTGGTTGCGGAACCAGAGTTCGAGGACGAGCAAGGTCCAGAGCTTGTAGGCGTGGTCGCG
NZ_CP155447.1_gap34	1146800	1151231	4431	AGCTCGACGACTACTTCGACCTGATCCCCCTGAACACGGCGAAGCCGGTCTCGGTGGGCCCGTTCGCGATCGAGTGCCGACGGACCATCCACCCGATCCCGACGACGGCGTTCCGGATCCAGGCCGGCGGCCGGACCCTCGCCTTCAGCGCCGATACGGCGTTCGACCCCACCCTCATCGACTGGCTCGCCCCCGCCGACCTGATCGTCCACGAGGTCACGGTCCTCGGCCACTCGGGCGTCCACACCCCCTACGAGAAACTCGTCGCGCTCCCCGCCGACCTCCGCAAGAAGATGCGATTGATCCACTATCCCGACGACTTCGACTTCGCCGCCAGCGTTATCGAACCGCTCCACCAGGGACGGAGCTACACCGTCTAACATTCCGTTCGTTCGTTGCGGTTGGTTGGCGATCGCGATAAGGTAAACAGCCCCAGGGCCGGCCCGTTTGCAGACAGACGGAAGCCTCCCCGACAAAAATAAATGACCGGGTCCGTCCCCTCTTGTCGGGTGGGCACGGCCCACCGGGGTTCGCCTTGGGGGGTGAAGGGGGCACGATCGGCCGCCAGGCCTCGTTTGGTAAGAAGAAGGCTGGTGGGCGGTCCCCACCCTGACAAAGAGAGAGTGGGGCGTTGCTGATGCGAGTACTGGTGACCGGGGTCTCTGGATTCGTGGGGGGACACCTTGCGGAACACCTGATCGACTCGGGCGACCTGGTGGTCGGGCTGTCGGCCCGAGGCGTCTGGCCCACGGAACTGGCGCACCTGGCACGCCAGGTCAGGATCGAGGCTTGCGACCTGGCCGAGGCCAGCGAGTCGGACCTGGCCGACCTGATCAGCCGCAAGCAACCCAAAGTCATCTATCACCTCGCCGCGCAGGCGAACCCGCAGGCAAGCATGACCGACCCCCGAGGCACCTGGGCCTTGAACCTGGGGGGAACTCTGAACCTGCTCGAGGCCGTCAAGGCGACGGGCCTGTCCCCGAAGGTGGTGCTGGTGGGCTCGGGAGTCAGCTATGGCAACCCGGGGCCCGAGCACCTGCCCGTGTCCGAGTCCTGCCCCTTGAGGCCGAATAACCCGTACGCGGCCAGTAAGGCGGCGGCCGACCTCCTGGGGATCCAGCATTACCTCGCCCACGGGACGGACGTCGTCATCGTCCGCCCGTTCAACCACGCCGGCCCGCGCCAGGGAGCGAACTACGTCCTGGGGGGCCTGGCACGCCAGGTGGCCGAAGTCGAGGCCGGCCGAAGGGCCCGGATCGAGGTCGGTAACCTCGACGTCGTCCGCGACTTCACCGACGTCCGTGACGTCGTTCGCGGCTACCGCCTGCTCGCCCAGGCCGGCGCGAGCGGCGAAATCTACAACCTCGGCACCGGCCAAGGGACGAAGATCGCCGACGCCCTGGCCATCCTGACCTCCCTGGCCCGCGCTCCGATCGAGGTCTATGTCGACCCGGCGCGGGTCCGCCCGGTCGACCAGCCCTTGCTCGTGGCCGATTCGACCAAGCTTCGCGCCGCCGGGTGGGTTCCCTCGTTCTCGATCGAGCAAACGCTGGCCGACATGTTGCAATACTGGCGCGAGATTGTGGCTCGCGAGACCTGATCCCGCCCGACGCCAGTCAGGATCGTTCAGCTCAGATCCGAGTTGGAGTCCGAATCAGGGGCGGGTCTTCTGCAACTCGACCGTTCGCTTGGCGAGCTCGAACTCGCGACGAAGGCGCTCGTATTTGATCTCCAACTCGTGCAGACGATCCTCCGAGGGGTTAACCTCCATCTCGGGCGTGGCGGCCGAACGCTCGACGGCTTTGAGCCAGCGTCGTGAGCGACCGAGACGGATTTCGGCGTTCTTCAACTCGACTCGCCGCATCTCGAGCTGCGCCTGGTTCTCGGCGATACTCATCTCAGCCTGCTGCATGGTAAACGTCGAGGCATAACCTTTCTGCTTCTGCCGATCCAGGTCGGTTTTCAACGCCAGGGCAAAGGTGTTTCGCAGTTCCGCCTCCCGGTATTCAGCCTGCTTCGCCTTGTAACAAACCTCAAGGTACTCAACATCTTCGCGGGCCCTTAGCTTGCGCTCCTCCCAAGGATCATCCTGAGGCTCGGGGGCAGGAGCAGGAGCAGGAGCAGGAGCAGGGGCGGGAGCAAGAGGAGCGGCCTGCCTGTTCTCGGCTGGCGGCGTCCCCCCTTTTGGCGGCGCCGATTGCGCGAGGCGGGGCGAGACGGCCAGAGTCAAGCATGCGGCGATGACCGGCGTGGTGAGAGACCGCGACAACCACCTTTTCATGACCAGCTCCCATTGCCAAAGGGATCGTAAACGCAAAAGGGACGCGGAACATCGCGTCCCTTGTCGCCCCCATTGGTTTCTACCTTGCCCCAACTTCGCCGTAAAGTCACCGCCCGGCAAAGGCAGGAGAAATGCCGAGGACACCTGACGACGGGTTCTCCATCGCTTCTACCACCGGAATTGCCGTTTGTTTATGATGGGCGGTCGAGGCGGCGCCTCGATCTTCCCTTGCCTCGACCCGAGGCAGGCAAACCAAGCGACGCATCCGATTCCAATCAACGGCGGGAGATCCCACGCGCCATGGCGAAAACGAGCGACTACCTGGCCCTCGACCTGGGGGCCGAGAGCGGCCGAGGGCTCCTGGGCAAATTCGACGGCGAACGGATCGTCCTCGAGGAGGTCCACCGCTTCCCCAACGGGCCGGTCCGGGTCTTCGACACCTTGCACTGGGACTTGCCCCGGCTCTTCGAGGAGATCAAGGTCGCCCTCCGCAAGGCGGCCACGGCGAACTCCGGGCTCGACGGCGTGGGAATCGACACCTGGGGCGTCGACTTCGGCCTGGTCGGACGTGGGGATACACTGCTGGGTAACCCGGTCCACTACCGCGATGCGCGGACGGACGGCATGTTCGAGGCCGCCTTCCGCCGGGTCCCTCGCGAGCGGATCTACGAGATCACCGGGCTCCAGTTCCTGCCGTTCAACACGCTTTATCAACTGCTGGCGATGCGGCTGTCCGACTCGCCGATCCTGGAGGTGGCCGAAACCCTCCTGATGATGCCCGACCTGTTCGCCTGGCTCCTGACCGGCAGGCGCGCCGGGGAGCGGACCGACGCCTCGACGACCCAGTTGCTCGACCCGCGATCAGGGACCTGGTCCGACGAGCTCTGCCGAGACTTGAACCTGCCCCGGCAGATCCTCCCCGAGTTAATCGAGCCCGGGACCGTGATCGGCACGATCCGCCGGCCTTTGGCCGAGGAGCTCGGAATCCCCCACGGCCTGACCGTCCTGGCGCCGGCGACCCACGACACCGCCAGCGCCGTGGCCGCGGTGCCGGTGGTCCGGCCCCGCGGTGTCGTCGACGTCGTCGGCCCCCCCGACTGGTGCTACCTCAGCTCGGGGACCTGGTCACTCCTGGGGGTCGAGGTGCCCCAGCCGGTGATCACGAACGAAACGCTCAAGTACAACTTCACGAATGAAGGGGGAGTCGTCGGCACGACCCGCTTGCTCAAGAACATCATGGGGCTCTGGCTGGTGCAGGAATGCCGCCGAACCTGGGCCCGCGCGGGGCGTGAGGTCTCCTACGAGGAGCTGGCCGCCCTCGCCGAGGCCGCCCGGCCATTCGCCGCCCTGGTCGACCCCGACGACGAGTCGTTCCTCTCCCCCGGCGACATGCCCGCGCGGCTGGCCGCCTACTGCACCAGAACAGGGCAGACCCCGCCCCAGGACGAGGGGGCATTCGCCCGCTGCGCCTTGGAGAGCCTGGCGCTCAAGTACCGCTGGACCATCGAGCGGCTCGAGCGGATCCTCGGCACCACGATCCGGACGATCCACGTCGTCGGCGGCGGCACCCGCAACGCCTTGCTCTGCCAGTTCACGGCCGACGCCTGCGGCCGCCCGGTTCACGCCGGCCCCGTCGAGGCCACCGCCGTCGGCAACGTCCTCTTGCAGGCGATGGGCCGAGGCCGGATCGGCTCCCTGGCCGACGCCCGCGAGATCGTCGCCCGCTCGTTCCCGGTCATCGCCTACGAGCCGAAGAACACCGCCGTCTGGGACGAGGCCGCCGGCCGATTCGCCTCCCTGGTGCCGGCCTGATCTTGAACTGAGTTCCCCTCCCAAACGGGCGCCAACAACCGGGCGCCCGCAGATGACGAGAGTCGCGAGGCGGCGGACCACGCCTATTTAATTAGGCGTGGCACCACCGCCTCGCTTCGCGTACCCCGGAGACCTTGGCAGCGTCGCAAAGCCATAAATCCGGCGAAAGTGTCAGCAAACCGACCGACATCTTTCTAAAACATGGCTGCACGCGAGATACATGAAAGTTTTCTGCATTTCGCCAAATCCCCAGAATGCGGCTTATCTTGGCTATTGATAACCAAAGCCCCTCTTAGTAAGATCCTACCCAGAACCATCAATTCTCTCGGTCGTGATCA
NZ_CP155447.1_gap35	1154254	1157127	2873	CGCGCCTTTGGGCATTGCTCCAGAAGGCAACCACAGCGATCGACGACCAAATCGTGATCGGAATCCAAGAAGTGCCGCCCGTCCATGCCATGGAAATGGGTCAAGTGATGCCGGACGTTGCTCCCAACGTACAGTAGCACCATAACATCAATGAAACCAAGTGACTCCATAACCCAAAACAGGCGAGGAGATATCCATGAACGGTGCTCAATCGTTATTCAAGTCACTGGTGGACGCGGGGATCACGACATGCTTCGCGAACCCCGGCACTTCCGAGATGCTGTTGGTCTACGAGATGGGCATGACCGACGAGGTGCGCCCCGTCTTGTGCTTGCAGGAGGACGTCGTCACCGGCGCCGCGGACGGATACGGGCGGATGAAGGGTACGCCGGCCTTCACCCTCCTGCACGTGGCCTGCGGCTTCGCTAACGGCATCGCGATGCTGCACAACGCCGCCCGAGCCAATACCCCCGTCATCAACGTCGTCGGCGCAAACGCGTCCTACCACCAGCCCAATTACCCGGAGCACGAGTTGGTCAATGGTCGCGTGACAGACCTCGCCCGAGCGGTGTCGCACTGGTGCTGCGAGTCGCGGAGCGGCTCTCACCTCGGCGAGCTCGGCGCGGAGGCGGCGGCTCTTGCGAAAACCGGCAAAGTCTGCACCATCGTGGCGCCTAACGACTCTCACTGGGAGGACGCCACCCCACCGCCGATCCCTCCCTCGCCGTCTGGGCGGCCACAAGTGGCCCCCGAGGCGATCGCGAGTGCCGCTGCAATGCTGTCGAATGGCAAGAAAACGGGCCTGGTGCTGGGCAACCTTGCTCTCCAGGGCGAGGCGTTGGAAATCGCAGGGCGCATCGCCGCCAAGACCGGCGCGGTTCTCCTGGCCGAGACCTTTCCTTCGCGATACCTCTCACGCGGCGAGGGGCGTCCTCCCGTGGACATCATCCCCTATGAGTATGAGATGGGCACCAAGTTCCTGGAGCCGTTCGAGCAACTCGTTTTTGTCGGCGCGGCCTTTCCGGTCGCGACCTTCGCCTATAAGAACAAGCCGACCCTCAAGAGCCCGCCAGGGTGCGATTTATTCGCGATGGCCTCCACCGAAGTGGATCTCGAGATAGCGCTTGAATCGCTCGCGGAGGCAACTGGAGCCACCGGCGTGCCAGCGTCCCGTCAACCTCGCACGCAGGCGGCACCGCCTTCCGGGGAGTTAACGGCGGCGGCGATCGGGCAGGTGCTCTCCTTGCTGTTGCCGACCGATGCGATTCTCGTCGACGAGGCGGCCACAAATGGCCCGCCCATTTACGAGGCGACCAAAGGGGCTCCCGCGCACGACTATCTCAACCCCACCAACGGTGGGGCCATCGGCGGCGGTATGCCCCTGGCCCTCGGCGCGGCGATCGCCTGTCCCGACCGGAAGGTCGTTCTCCTTCAGGCGGACGGGAGCGGCATGTATACTGTCCAGGCGCTGTGGTCGATGGCGAGAGAAGAGGCCGACGTCATCATCATCGTTCTCAAGAACGACGCCTACGCCATTCTCGGCCTCGAGATGGCGCGTGTTCGCGAAAGTGAAACGAACGCAAAGATGAAGTCGATGCTGGAACTTGGTCATCCGGCGATCGACTGGGTCGATATCGCAACGGGTCTCGGCGTGCCGGCAACCCGGGCGGGAACGGCCGAAGAGTTCCGCCAACGTTTCGAGGCCGCGCTCGGCGTGAAGGGACCACGGCTCATCGAGTGCCAGATCGCCTTTCCCAAAGAGTGGCCCGCGCTCGAAGAGTTGATCCACCGGACACGTTGAAGCCTCATGCTCCCGCATCCGGCACCACGTCAGGTCGCTGGTGGCGAGTCAGGATGGAAAGCAATACGGTCGGGCAAAGGGAACCGACGGTCGTGAGTCAGTCGTTCTGCCTGGTTCCCTCATGCCTGACCCAACGTGGCATACACTGAGGATCGCCACCAACGCTCAATCACGGTTCAGGCATCCGGCTCCCACAGCCGTTTTCGGAAATACTCTTTCCAGTTGTCAGGGAGCCTGGATGACTGCGTCGCGCGCCGGAGCAAAGCCTGGTTCTTCGCGTCGACCGTGTAGAGGTTGACGACATCGGTGACGGTCAGGTCTTGCTCCGACCGTGCAATCGGCTCGATCGTGTCTCCCGGGCCCACCTCGCCTTCGGCCGTCACGGCGAAATAGAAACCGGTCCGGCCGCTCTTGAGCATCCGCTTCAGCATATCCATTCTTCCGAACCGGATGCCGAGTTTGAAACAGGGCATGCGCGGCTGCGTGACGACGAACTCCGCCGTCCCGATCCGGAAGCGGTCGCCGATCCGCACGTCGGGTTCGAGCAGTCCCTCGACGGTCAGGTTCTCGCCGAAAGCCGACCAGGGGAAATCCAGGTCCGGGAGTTCACGTCGCCACTCGTGATAGTGCTCGGCCGGGTACGCATACACGGCCTTGTCGACTCCGCCATGCACCGTCAGGTCGGATTGCTCGTCCCCCTCGAAGTTGAGCTGAGACACCCGCAGGCGGCGGTCGACCGGGTGTTTGAAGATGGAGGTGAGCACCGTATTGCCCTCCCACTCCACCTCGCGAGGGAGTCCGACACTCAGCGATACGACTTTCAAGAGGTCCTCCCTCCGCGTTCGTGGTCTGAACCCTGGATTCAAAGTAGCGACTCGCGCTTCCCGCTACCAGACTCAGGCGAAGCAGGATCCGAGGATTAGACTCGCCGGGGAGACGCCCACAATCCTCAACAGACAGCCCGTGTGTGGTGGGAGAGAGGGAAGCAGGACTCTGAGTGCGAGCCACCAGGGCCAAGCCTACGGGCATGAGCGACGCGGCAGGGAGGAGAGCAGCACGCATCGCTCACACG
NZ_CP155447.1_gap36	1167426	1170423	2997	CCGACTTCCTGTCGCGATTCTTCCACGGGTCGGCCGAGCAGTTGATCCTGGGCCTCGTGGATGCCGAGCAGTTGGGAGCGGACGAACTCCGAGCGATCGAGGCTCGACTCAAAAGCGCTGAGGAGCGAACGTCGAGCGGGCACAAGGACGAGAAAGACCAGCCCGGAGGCAAACGCGGGAGAACGAAGCGATGATGGAATTGACCGACATCTGGATTATTCCCGGGCTCGTGCTTCTGGCGGAATGGTCGTTGCGTTGGGGCCTGGTTCTCCTCGTCCTGTCGCTCTGGTTCATCCTGAGGCCACCGCGGCGCGCGGCGACCCGCCACCTGCTTTGCGTGGTGGCACTGGCGACAGGCCTGCTTCTTCCCATCTTGCCTCGCTGGCAGGTCGAGATCACTACACGACCGGCGAAGCAGGCGGTAGCCACCGCGTGGCCAACGACGACAACGCCACAACCAGAATTGTTCATTTCCAAACAACACGTTTTTCCTCAGCCAGTGGTTTTCGAGTCCCGGCCTGCGGAACGAACTCTTGGCGTCGTGAAACCTCAAAGCGAGCCCGCGTCGGAACCGATCGGCGGCTGGCGACTCGCCGCGATGGGAATGGCCGCAATCTGGGCGCTGGCCGTCTTTCTCCTCTCCGCCAGGCTGGTGGGGGGTCGGCTCCTGCTGGCCAAGCTGAATGCGCAAGCGAGGCCGTGCGGACCAACGTCCCAACAACTCCTCGTCGAGTGCCAGCGGGCCTTGGGGTTCGCCCGGCCCACGAGGCTTGCGACCCACCCCGCGACAACCTCGCCGGTGGTGATCGGCGGACGCACGTCGATCATTCTCGTCCCGCTCGACTGGGACGGGTGGCCCGAAGCCCACCGCCGCGACTGCCTGCGGCATGAGCTCACGCACCTGAAACGTCATGACGACTGGGCCAAACTCATCCAAGAACTGGTTCTTGTCCCGTTCTTCTTTCACCCGTTGGTTCGCTGGCTGCTCAAACGGCTCGACCGCGAGCGTGAGTTCCTCTGCGACGAAACCGTCGTGGCTCTCGGGGGAGACCCGGTGGCTTACGCGCGTCTGCTATTGGACCTGGCCCGGCGGCCGGGGCGGAGGTTGATCCCCACGGCCCTGTTGAGGCCCGGCTGGCTCCCCTTTTTCGACCGCGGCACGGTCGCGGCCCGCATCGAGCGACTCCTGGAGGATGACATGATGCGCTCCCTCTCTCCCCCGTCCCCCCGCCGCCTGTTCGCGATGGGAACCGTGGCCCTGGCCGCGGCACTGGGAATCAGCGGGTTGCAAGTCCGGGCCGTCGAAACGCCGGCGAAGAAGGAAAACCCACCGGACCGCGTGACAGCCCAGACCGAGCCGGCAAACGTGAAGAAGTCCCGGATGATCGAGGGCGTGATTCAAGAAAACGCTGAAGAACCCATACCCGACGCCGTGGTCGTGGTCGGCTTCACCGGCCTCGGAACTCCCAATCATCAGGTTTTCAAAACAGATAAAAACGGCCGATATTCCTACCTGGTTCCTGATCGAGCTGTCGAGGCAGTCATTTTCGCGTCCAAGGAAGGGTACGCGCCGATGACCTGGAGGAACCGATTGACCGCCGAGGAACGGGGAAAGCCGCATACGACTTGGCTTCAAAAGGCCGAACCGTTCTCAGCGACCCTGGTCGACGGTAACGGCCGCCCCATCGTCGGGGCTCACGTACAGGTCGAGAGTTTCGGTTTCAGTCTTTCAGCCATCGAGAGCCAATTCACAGGAACATATGCGATCGACGTGAACCAGGATGTCCTCGGCGGTAGTCCACTCGAGCCGCTGTTTCAGGCGACAACCGACCAGGCCGGCGCATTCACCTTGCCCGCCTCGCTCCCCAGGGCGTTGCTCAAGCTCGGCCTGACGGCGGAAGGCCGAGCGATGCGGGTCAAAGCGGAGCAGGAAACGCCGGACCTGATCCCGTTGCACATGGCCGAGGCCGGTTTCGTCACGGCGCCGGCGGGACCTCCACCACGTCTGGTGGCTATTCCCGCCGCTCGGATCGCGGGTCGCGTCACGACGACGATACCAGGGGTTCGTGTCGCCGGTCTCGCGATCAGATTCCAGAACAGTCATCCCGGCCAAGGGCCCTACCGCAGCTCCAATCACCGCAAACAAGTGACTCAAACCGACGAGGACGGTCAATTCGTGCTCGACGGCCTGGATGAGGGGCCGATCAACATCTTCGTCCATGGGGACGGCGAAGGTGAGTCTTGGACCTACCACGTCGATCGGGATGTGAGCTTGAAGCCGGGCGAGACCACCCCGTTCAACTTGGAATTGATCCGAGGGGTCGAGATCGAAGGGCAGATCTTTGGTCCATCCGGTGCCTTCCTGGTAGGTGGAGGTGACGTGCGAGTCGAGGTCTGCTGGCCATCCCGCTCCCTGAGCGGTCATGAAACCTTTGGCTTTACCCCCCAAATCGGGGGCCGTTACCACTACCGTCTGCCACCTGGTGAGACCACATTCTTCATCTCTCGCACCATGGACGGCCGCAGAACTCTGGAAAAGACCGACACAACCCGAGCCACCGTCACGATCCCCGAAGGCGTGCTCCACTATGCTGTGCCGCCCCTGGAAATCGTCCCGCCTCCCAGGACCAACAGGGAGAAGGTCGTCAACAACCAGAAGTCACCGGTCGCAAGCGCAACGGTCATCGGCAGCGGCGCGGCAGCCGCCGGGGACGAACTGGCCGGGGTCGTCACCGACGTTGAAGGCAAACCTCTCGAGGGAGTCGAGGCCCACGCCTGGTACTGGACGACCGGACGGGTGACGCGAACCGATCAGGCGGGTCGGTTCCGGTTCACGGGAATGCCTACGACCCGCCTGGTTCCGGTCCGGTTCCACAAGGAAGGCTACGGAGTCAGGCTTCAATGGATGGGGAGGGACGCCCGGCAAACCGACTTGACGGTTGTCCTGGGCAACACCACCTACTTCGAGGGCAGGGTGCTCAAACCCGATGGGTCACC
NZ_CP155447.1_gap37	1248411	1250572	2161	GGCTCGCCGCGCAAGCGCAGACGGCCCTCTCGTCACCGAGTCGAAATTCACCACGGAAAAACGGAGGCTGGTGCTCCGTTCAAGACAGCGTTCGACGAGCAAGCCCCAGGAGCGTTGCGACTCACAGGGCCGCGACAACCGCCGTTGAAATTCGAGCTCGCTCGCACGAGAAGCTCACACTTTGCGCCGCGCTCCCTTCAAGCCGAATCGCGATGGCCCGAAAGGATCTCGAGGACCAATGTCTCATGGCAGACAGAGTATCCACTCTACAACAACTCTTTAGCCCATGTTTTTTCATGCGTCAAATTAAAATCAAACCGGAACGTTTTGGCGATCGCTCAATTCTCTGAAGGTCATGCGAAGCAAAAACGGCCGGCCGCACGATCGTAGGTGACCGCCCGGCCGGCCAGGCTCATCGGCATTTGCTGGTTCGGGCTGGCCTTGCTGGATTTCCGCTCTGCGATCGAGCAGGCGAAGCACCATTTCGAGAAGGCCATTCGATTCAATAAATTACATAAAATCAATTCACTGGATTAAAACAGAAATTTAAATACACCATACTAGCACACTTTTACACCAAAGAGTTTAAGGCAAGCACAGTCCACCATCCTCTCCTGCCGACGCCATGAAGCCAGGGAATTGAGCAACAATCGAGCCGGCCCAGCGATCGTCAGTGACCACTGGGCCGGCCAAGCTCACGAAATCACGGCATTTAAAGGCAGCCAAGATGACCGAACTGGCCCCCGTAGTAACCGTATTGAGCAAACGAGGCGAGGGCGATCTGCGTTTTACAAGGCTCGGGCGTGGTCGACCTCAGGGACGCGAGCGACGGACGGCCGTGGGCGTGTCCTCGGGGGGGGGAAGCGGATCGTTCAGTCTGGTCGGCGCGTCAAGGGTGGAGTTCGGCTCGGGCGTGGCGGTCGGCCCCCGGAGGGGGGCCGAATTACCTGTCTCCTCCGTCTCAGTGGGAGTAGGAACTCGAGTCGGCGTGCTTGCCAAGACAGCCTCCTCCAGACGATTGAGACGCCCGAGGATGGTTTGCAACTGTAACTCCGCCCGGTTCATCCTCGTTTCGAGGCTAGAAACCGATGCCAGAGCAGATCCTTGAGCTGGAATCCCACCAGGCATCATCCCACCAGGCAGCATCCCATCAGGCAGCCTCCCAGGCATCATCCCGGGCATCATCCCGGGCATCATCCCGGGCATCATCCCGGGCATCATTTCAGACGCCCCCCGCATCCCGGACCCCAGCCCAGACTTCGCCATTTCCGATTTCTTCGCAACGGCGGTCGCCCGCTGAGTCTTCGTCACGGCCGCTGCCGACGGCTTCGCCGCACTCGATTCCAACACTTCCAAGAGCCGGTCGAGCTTTTTCTCCAACGAATACAAACGCTCATCGGCCGGAGCGACCGAAACCGGACGCTGCACCACCGGGCCAGCGGGGAGTAGAGCGGCTGGATCCGGATCAACCCGCGGGTCGACGGCGGAAGTCGCCGAGGCAGGGAGTGGAAGCGACTGGGCGGGCGTTGCGGGCGCCTGGGCGAGCACGCCTGCCCCGGTGGCCACGGCTCCTCCGACCAGTCCCAACATTGCGAACGATTTCAGCTTTGCCAGAAACATGGCTTTGAGCACTCCTTCCGTAAGGACAGTGACCGAAGCGGAGACGACCGCTCCAGGTAAAGCCGGTTCCACGACGAACCGGGTTGCGGCGTAAATCGTTGCCTTGGCGAGAGCCTCGGGCACCATCTTGGCCATCGCACCGCTTTCGGCCGCCAGCGCAGCGCCAATCGCTCCGGCCGATGGTGCCAGGCCGCGACGGGCGAGTTGCCCTCGGAGCCGTCGCCGTGCCTCGGCGAGTCGGCTCATGACCGTGCCGGGCGGACAGCCGAGCAACCCGGCCGCCTCGACGTAGGTCTTGCCTTCCAGGTCGCAGAGCACGGCCACTCCCCGGAATCGTTCCGGCAGCCGACCCAATTCCTCATGGAGGACCCGGCCGAGGTCGTCCGGCGGCATGACCACATAAGAGACGTTCGCCCTCTCGGCATACGTCTTCTCATGCTTCCGACGCCGTGCCACGGCCGAGCGGGTGCAACTTGCCACTCGCAAGGCCACACCATGGAGGTAAGCCCCTAACGAGTCGCGCCGGCGTATCGACCCGGCC
NZ_CP155447.1_gap38	1300328	1303097	2769	AGTTATAGTGCAGCTTGTTGTCCAGGTGGTCGCTGTTGTAGCTCGGCAGCGCGTCGGGGTCGCCCCATAAAAGCACCGAGAAGTAGCCGGCCTCAATGCCAAACTCCTCGTTGATCAGTCGTGTCAACTCTAGAGTCATCGCCTCCCGTTGCCTCAGACTCCGGTCGTCCGAGAACTCGTACGGGAACATGACGTACTTCCTGTCTTGGTTAATGACCAGCTTATCGGAGTTCAGCAGAGCTCTTGTGACGGGGTGGACGTTGTCGACAAGCCAAAGCCAGCAGCCACCTGGCTCCCCCTGTTCAGAAGGCCCAGCGCTCTCCTCGACCTGCTGGGCGAGAGCGTGTACTCGATCGGCGATTTCTCGATCACGTTCGGGTTGGGGGGTGAGGTAGTCGGTCAGATCGATGGTCGCCGCCGCGATTGCCGCCGCCTCTGCGTCAGGGTCGCGAATGGCCTCTGGAGAGCCAACCTCGTCGGATATGAGCACGTACTCGAAAGTGTCGGGGGCGATGTCCTGCCGGTCGACGAGCGCGAGGACGTCGTGCAGGACCATGTTGGCCTCTTCCCTTGTGTTCACGATCACACCGATGCCGTGCAATGCGCCGTAGTAGAGGTCGAGACCGGGGATATCCGTCACCCCATCGACGACCCCTGACCTCGCCATTTCTGCCTCGTACTCGGTGAGATCGCCGTTGAAGGGCCAGCGCCACTCCCGCTCGTGGGTCCAGTCCACCCGCCACCGACCGGTCGGGTAGTAGGACAAGTAGCGGAACTGCTCGTTCAAAGGCAGCGCGTCCGTCGGGATGATCCGGGGGCCGCCATCCTGGCCGGTCGGGATGGCGACGCCGGTATCGTTGAGCCCGTAAATCACAGGCCGGGTCCCCAGTTCGAACATCTGCCTCTTCGGGAAGGTGAGCGCGAGAGTGCTGATCTTCTGGCCGGCTCTCAGCCGCTCCGCCGAAGCCTCAAGGAAGGCAGCCGTCGGCATGTCGGTGAAGCAGATCGCGGGACGGGGCCCGTAGACGGTCCGTACCCCTTTCCGCTTCGACCACGTCGCCCACAGGCGGCCGTGTCGGATCGCCGACCTCAGGAGAAACATGGCGGAGTACTGAGTGGACTCCGCAATATTCGTAAACCCAAAACTCTCAGGAAGATCGGGAGCAGATCCATCTTTGAGGTCGAGCTTCCGAAAGAAGTGGATAAGCCGCTCCGACAGGTCGTACCGCCGGTTGCTTTTCACGTCGGGCCCCAGTCGCGGCTTTTCGAGGTATCCCAAAGACTTCGGCTACCTCACCCATTTCGAGGGGCCGAACGAGCGGATGGCTCGCAGCCCGCGTCCCAAGTCTATAAGGCGGGGGCGACACCCTCAAGGCGTCATGCAATTGAATCGTCGTGGTATCGCGCCGGATAATTGAGGGTCTCGGTGTGAACGTCGGTCGAAAAACGTATCGCACGCCGGTCTCCGATGTTCGGCCGAAAAGCGTAACGCTCATAGGTTCACCAATGGCGTCTTGCACACAAAAGCGAACATTGTTTCGCTTCGATACCCCACGCGTCGCGAGGTCCATGGGTGTTCACGCACATGCACAACTGGGCCGAGATCCGCCGCCGCGTCCTCATGAAGAGGCAGAGAAAGCGTTCCATCTGCCGCGAATTCGACAAATATCAATGGTCCCGGGCAAATTCAAAGGGGTCAGGAGCCGATATGGCCATATCGGCTCCTGCCCCCTTTGAATTACCGATAACGGTGGCCTACGCACAATCACTCGTCTCCATTCTCGCGATTGACAACACGCCCGGCGAGGCTTGCTCTGACGGAAAATCCCCTCCGTCCCCGTCTCATCCTACCATAACTTCATTTTTATGATCTTGTCCGATGTGTTCCTCAAAAACCCGGGCCGCGGCCTACCAACAGGTGGACCGCCCAGCCCGGCTCGCCACTTTAGAGTCAAAAACAGAATGAGCGTAGCAGTCCTAAATCAGGGTAGCTACGCTCATTAAGTTAGGGGCTCTTAGGCATCGAGGTCCGCGTCCCAAACACCCGGCGAAAACGGTGGTGGAACAGAGTCACATGACTTTGGTCCAAACCCCAAGGCCGTCCGGCATACATTACCGAACCGTCGGGCCGCGCGGCTGACGTGCCCGCCCGGGCGTGCCACCGAACCCGGGTCGCGAGCGGACTTGGCATCAAGCCCTGGCGAAGCTGCTCGTGCTTCGGAGAGAGTCGGCCAGAGCGGATCGAGGGAGACGATCGTCTCTCGGCAGGCCGGACAGACGAGCCCTCGCTGGACCGGCGTCGCGACTTTGATCCCGACGAATTCGCCGCAGGCCGGGCAGCGGCCGAAACGCTCACGGGTTCTCGCGGCCCGGAGCTCAAGCGGGACGGGGGCGTGCTTCTGAGGCGCCGGGATCAACCGCGCCAGTTGCACGGCGAGCGAGTACCAGGTCAGCATGGTCGCGATTCCCGAAGGGTCATGGCCCCCTGATGCCGTCGACTGATCCAGGCCACTCCGTTGGGGCTCAGGAGGTGGTGTGGGATCGGCGGGTAGGGGGCAAGGCCGACCGACCGAGGGCACGGGGCGCGTCCGCGGTCGGCCGCGAGATTAGAGTCCCATTCGGGTCGAGATTTGCTCCCCAGATTTCTCCCCGCATTGGCGTGGGATGATTCACGAATCGTTAGTCCAGACCATCAGCCAGCGTGGCGTCCCACGCCGCTCGCTCTTCTTGTTCCTCCGCCCAGGCGGCCGGGGCCTCTCGCAAGGCGGC
NZ_CP155447.1_gap39	1454637	1457156	2519	TCCTGGTCCGTTGATGCATGACTAATCGAGATATCGGAATGGCCGAGCTAATCTTGCCGCGTCACAATACAGGATGGCCGAAGTATGCTGATTCTGAGGATATCGAGTTCCTTGGGAAGCAATCACCATGGCGAAACTATCTCACGCGGATGCGGCCAGTAAGCTCCAGGCTGCGGGAATTACCTGGTCGTCGAGTGGAAATTGCAGCGACCGTAATAACAAACGCTGTACCTCGTTCGATGAGATCAACTCCGAGACCATCGACGGGATCATCTCCTTCAAGAAGGTGAGTGGATGCGAGGTCAGAATCACTGGGGGGACCGAGACCGGCCATTCGACTTCGACGAAGAGTCACTGGAACGGATTCAAGGTGGACATCAATCCCAGTGTCTGCGTCAGTGATTTCATCGAGAACAATTTCGAAGCGGCCGGGGTGCGCAGCGACGGTGCCAAGATGTTCAAAGACGGAGCGGGAAATACCTACGCACGAGAGTCCGACCACTGGGACATCACGTTCGTCTCCGGGTCGGTCAGCGCCGAGACCCAAGGAAGGACATTCTCGACGGACATGTGCGGGACGTCCTTGCGGCGACGTTGATCGAAAAAGAAACAACGATCCGCGACTGGGCGAGAATCTCGCTGGATTTCCGGCCCGGTCGAATCCGTAGCACGGCCGGCCCGGCCGTGCTCCTGCAGTAAAGCTTCGCCGAACCCGTTTCTCCCGACGTCAACGCGATCGGTCAGGGCATCCTCGTCGGCCTAGCATATCCCCTAGGGTGGGCACGGCCCACCATCTTAACTCCCGATTTAGCAAGGAGATAGGGGTGGTGGTCCGTGCCCGCCATACGAGAAAAATCGGATTCTGGTCGCCGAATAATCATGAATCGTTGATGGGCTCACCACGTGTTAGCCGGCGCTTTACTTACGACAAACAGCCCGTTGCGGAAACCGCAAGAATCATCGGTGCTTTCGCTTTTTCGCGGATCGTTGAAATAAAGGTGGAGACTCGATTCCCGTTCGAGTGTGTTGGCCGTTTTGCGCCCCACATATCTCCGAACCCAAGGTCCTATCTGAACCCATGTGAGGTGCCTGGCTACTCCTGGACTTCTCTCAATTTGCGTAGGTAGAGCTGAAATATGAAAATTAGGATTTGTGTGCTCTCCGGGTTTGACGGAAGAATGGAGGAGGGATTGCAAGCATTGCCAGGAATGAGCAAGATAGGGATTGAAGAATCTCATTTGGATTCGAGGCTTCACAGGCGCAAAGAAGAGTTCACCTCTGGTCTTCCTCGGATTCCCTTGGCTTCGGCCCTCGTTTTTCGACCACCGGCCATGGTGAACCTGAAGAGGGCCACATCAGCCGACGCCCGTCCTCTCTGATCGAGGGGATCTCCAGGAGGTGAGAGTGACGGATCGGCATTCTCAACAAAGGAGAACCATCGATGGTCGCAACTGATTGTGGACGGGTTCGAGCGTCGTCGTCTCCTCGGCGGTTCGGCTTTACCCTGATCGAGCTCTTGGTGGTGATCGCAATCATCGGGGTCTTGGTCGCCCTGCTGCTCCCGGCGGTATCAAGCGCTCGCGAGTCGGCCAGACGGGCGCAGTGTGTGAACAACTTGAAGCAGATCGGGATCGCGATGACGAATTATCACGATACGATTGGTTGCTTCCCGCCCGGTCAGATTGGAGCCTCTGACTGGATGGTCTGGTCGGCCCACGCGATGCTCTTACCTTACCTGGAACAGAGGCCGCTCTACGACGCGGCCAATTTCGACTTTGGGACGGGCTGTCGGCCCGACGGCATGGCGATGGAGAACTCGACCGTAACCCGGACGAAACTCGACTTGTTCATCTGCCCGTCCGACGTCAACCGGCTGACCACGCCAGAGGGGCACAATAACTACGTCGGCAACAGCGGCACTGCGCTCAATTCGACCTATCACCCGGGTCCGTTCGGCGGGCTCTTCCTTGGCCCGGACACAGACTCGACCGAGGCTCAGGTCAAGGCGATCATCGACGTGACCGACGGGCTCAGCCAGACGGCCGCGTTCAGCGAGCGAGTCAAAGGGTTGAAAAATTCGAATTTTCTCTACGACCTGTCAAAACCGTACATTACGGTTTACGCGGTCGATTTCAGTTTCATGGAAGCCGAGTTGTGGAGCCTTCCGGCGCCCTATGCCGATCGCTGTCGCAGTCTCAACATCCGTAATATGCACGGTGGCGGACACAGCTCGGGGATCATGACCGGACTGGGGTACTCCGCAGGGAAAGGGGGAGGGAACGGTGGTTCCTGGGCGGTGGGGCTGCCGACACACACTCGCTATAGCCATCTCATGACCCCGAATACCTGGAGTTGTGCCTGCACCGCCAACGATTTTTGGATGGCCGGCGCGTTCACGGCCAGCAGTCGGCACCCAGGGCTTGTCAACGTCCTGTTCTGCGACGGGTCCGTCAGATCGATCAAGGACTCGGTCAATCGTGAGCCTTGGTGGGCTCTCGGGACGATCGCCAACGGCGAGG
NZ_CP155447.1_gap40	1460005	1463083	3078	ACGCAAGGCGTAAAGGGAGCCTCGAAGGTTTCGTGGTGCAGACCGACGAACCCGATGAACGAGGCGATGCCTGGAACCTCCAACGCCCAGAGACCGTAGCCCTGCCGGTTGAACAAGTCGCGAAACCGGGCCGCGAGGGAATCGCTCTCCTGACGGTTGAGCGTCTTCGAGAAGAATTCCATCACCGCCGGGTCGGCGTTCATCGCGGCGAAGGGTCCGAGGTCGGCCTCGCGCCAAGGGCGGAGTAGGAGCCGGTCGGTACGGAGCGAGCGGTCGGAAGTGATTCCGTCGCCGTCTGATAAGTTGACACCCATGGTCGCCCTCGAACCTTGGCTCACAAGATCATTCCTGCCTGCGTCCCGGCAATGCGCCTGGAGGGCGAAGAGGGGATATTCGTCAATAAGGCCACTGGTTGGGAAGATCGAAACCGGGACGTTCGTCAATTTTGCCGCTCTCTGGGTAAAATCGAATGCATCCGAAAGTGTGGGGATTCACAGGTGAGATCTCATCCAGCTTACGCAAATCGCTTCAAGGATCAGGAATCTCCCCTTTTCGACCAAAGCGGAAGGAGTGGCAAAGATGCAGGACGTCGACACCTTGTTTCGAGGCGTGAAACTCGTCGACGGGACGCATGCGGCCATTGCTGTCAAGGATGGCAAGATCATCGCGATCGGGCCTGATGCGGACTCGGGCACAACGGCGCGCAGCGTCGTGGATCTTGGCGGTGGCCTGGTGGTTCCCGGCTTCGTCGAAGGCCACATTCACCTCGATACCAGCTTCTATGGCGATACCTGGAAACCTCACAAGCCATGTACCGCGGGTTTCGATGTCCGCGAGCGGGTCGAATTCCAACGCCAGAACATGGCCGCCGCGGCACCGATGGACGAGCGTGCCCGCAACCAGTTGGATCTCTGCATCACCAACGGCGCGACTCAGATGCGCAGCCATGTGATGGTTGATGCCAGCGTTGGTCTGAAGTCGCTGGAGACGATCCTCGCCGTTCGGGAAGAGTATCGCGATCGGATTGATATTCAGCTTGTCGCCTTCCCCCAGAGCGGCATCATCACCTGCCCCGGAACGGCCGAACTGCTTGACGCTGCGTTCGACATCGGCTGTGACTTGATCGGCGGACTCGACCCGGCCTCGTTCGATCGAGACGCCAGTGCGCATCTCGACGTCGTCTTCGGGATTGCCGAGAAACGAGGTGTCGGTATCGACATTCACCTGCATGAGCCGAATATGCTGGGTATCTTCGACCTCGAGGAAATCGCGGCGCGGACGCGTGCCCTGGGGTTGCAGGGCAAGGTCGCCGTTAGCCACGCGTACGCTCTCGGCGAGGTGCCCATCGAGGTGGTCCGCCGCACTGCGCAACGACTCGCCGAGGCAGGCGTTGCAATCATGACGAATGCGCCCGGCAGCTCTCCGTTTCCGCCAGTCAAAGAGTTGCGAACGGCTGGTGTCACGGTTTTCAGCGGCAGCGACAATATCCGCGACTCGTGGTGGCCCTACGGAGACGGCGACATGCTGGGTCGTGCCATGATGATCGGCTACCGGTCGGGGTTCTATACCGACGAGGAACTCGGCGTGGCCTTCGACGTCGTGACCGAGTCGGGCGCGAAGGCGCTTGGCTTGAGCGACTACGGCCTCCGCGTCGGCGCAAACGCCGACTTCGTCGTGCTCAAGGCCGAGCACATTCCGGAGGCTGTCGTGGCCTTGCCGAAACCACGCTCGGTTTACAAGGCGGGCCGATGCGTCGTCAGCAATGGCGTACTGGCTCGGAGATAGAGGGCCGCGAATCGCCAGGCACCTTTGTATCGGCAGGTTAGAGCGGTTTACGATCGCATTGCGCACGGTGGAGGAAAACGGGGACTGGCTCCCGGCCCGCTCCATGCTCTGCTTTTCCGGACGACCTGGCGGCCGGGTGCCTGTCCCCATTTTCCGGGCTGTCACGGGCGGCCTCGGCGGAAAGGGGGACAGGCACCTCCGCTTCGCTCCGGAGCCAGTCCCCGTTTCCGCACGTGCTCCTGAGTCTTGAGACCAACCACCGTGCGCAACGCATCCGCAAACCGCTCTATGTATGTGGAGCAGGACTCAGCCAGGCATCACTGAGTTAGAGTGCTCGCGGTTTGAGACCGCTTTTGCTGTGTAGCCGTCCCCGCTCGCGGAGCCTCGCTTGCAGGCCCAGCGAATCGGCCGTGCCGCGCGCCGTCCGTTCAACGATCGCTCACAGTGTCTCCCGGGGCCGCACCGTGCTGGTAGGCGCCGATGTCGTAGCCAGTGGCAGGCGTCCGTGGCTTTCCTTCGATGTCGAGCAGCGGGGCATCGGTCGCCGTACCCCCGCCGATCGCTGGCGAGTTCGAGTCCAGGTGGAAGTCGGAGACGCCCGTCCGGGTATAATTCACGAACTTTGGATCGGCGCCCACTGTTGCGATGGGGGTCAGGCCATTGCGAAGTTGCCAGTCATAGGCCGTGTTCCGGAAGAGCAGGTTGTTCTGATAGGTGTTATGCTTGCCTGTTTTCCCCTGTTCCGAGACACCGTATCTGTTGTCGTAAACGATGTTGTTGGAGACGACCGTGTGATCGTTCGGGCCCGAGGTGTGATAGAAATTGCCTCCGCCCACAATGATGCCAAAGTCCGAAGCGGACACCGTGTTGTTGGTGATGATAACGTTGGTCGCGTCGTGCCACAGGTGGATTGCCGCTCCGGAGACCCGGTAGACGACGTTGTTCTTCACGGTGCCCGAAGTGCTCACATAGATCCCCTGGACGAAGCGGCATCCGGGCGGCCCGATGTCGTGTACGACGTTGCCGATGACATCGCTACTGACCCCATGGTAGTAGGAGTCCACGCCGATGGCCGAGCCGCCGGCACTCGTGCAAGGCACCGACGTGGCGATGTGATGAACGTGATTGTCGCGGACCGAATCGAAGGAGCCGCCGTTATAGATTCCATGAGTCCACTTGGTGCCTTCCCGAGAGTCGGTGCCATCGACCTCGAAGCCGACGATGTCGACAAAGTTGCCGCGGTTGTCCCAGGCCGTGTGGCTCCTCGACCTCGCTGGCGGGATGATCCTCGCG
NZ_CP155447.1_gap41	1465129	1470108	4979	ATGTTGCCGTGAGTTGGGCAATTCTGGAATATTGCTTAGTATCTCACAAGGATAATCTTGTTCAAATTGCGCATGCCGTGTCAAGAATTAAGAATGGTCTTTTGAAGCTTCGGACCAGCGCACAACTTTCGGGCCGTGCTCCGCCGTGATTGCCCAGTTTCGCGAGCCGTTCCCAACATTAACCCGGAGGTGATCTCTGGGTCATGAATTCCGAGGTAATCGCATGGACAATTCTCAAAAGCTAATGGAGAGCTTCGCCAGGGAGGTTGTGAGGATCTGGGCGGCCTGGCCGCTGGTGGGCGTAAGAGGCTTTCGGGAGGACGAGATCCGCGCCGTCGAGGAGGCGATCAGCCTTCCGCTCCCGGCCGCCTACCGCGCTTTCCTCAGAACGATGGGCCGCTCCGCCGGGGCCCTTTTTGGGGACGTGACCATGACCTTTGACAGCCCCGGAGCATTTCTCCATCTCCAGCACGATGCGCGCGACAATACGGCCGGACTCGGCTACCCCCCACGGCTTACACCCGAAGCTTTTGTCTTCTCGGACTACGGAGGCTCACAGTTTTCCTTCTTCCTCTGCGGCGGCCGTGAAGACGACCCGGAAATCTTTGATTACGAGGTCGGCAACATCGATCCCCCGCAATCCGCGGGGCGGTTCACCGATACCATTCGTTATCACCTCAAAGCATATCCACGCCGGAGCAAACCGTTCCTCTGGTGGAGTTAGCGCGAGAGGTTACCGGGGGCGAATCCCGGAGGAACCAGGGCGACATTCGTCATTTTTGCCGTAGTCTGTGTAAGGTGAGGTGTTAGAGATCACGCCGTTTGAGGTCACCCTGGCGCCGCGGCCGTCCCCGATCGCGAAGACTCGATTGCAACCCCAGAGATTCGGCTGTATCCCGCGTCCACATCTCCGAGCCCAGGGGTCGGTCGCGGCGGATTGACTCGCGGATTGGGTCGCACTCTGCTTCTGTCGTCAGCGAGTTGACGTCCTCGATCCAGCCTTCGCCGCGGGGTGCTGGGCCTGGATCGAGCGTCGGTGCCGGGCCGAGACTCGAGAGGCTGGACCATCGCCACAGTTCAGCCCGCTCCACCAGAGCAGCTCGGAGTGGGTTGCGCTCGATGTAGCGAAGGACGACTCGGAGGTGATCGTCGGCCTGGATGGGGAAGGCTTTGAAGCGTCCTTGCCAGACGTGTCCGCTGGAGTGGTAGTGGCGGAGATGGCGTCGGACGTGGGTGGTGAGGAGCCAGTGCATCCATCGGCTGAGATCGCCATCATCACGTGGCCAGAGCGCCATGTGAAAGTGGTTGGGCATGAGGCAGTAAGCAATGATCCGCATCGGCACGCGGAGCGAGGCCTCGGCCATCATCTCAAGGAAGGCGTCGTAGTCGCCGTGTTTGTGGAAAACGGTGGCTCTGGCATTGCCTCGATTCAGGACATGATAGCAGTACCCAGCGGCCGAAGCGCGAGCGGTGCGTGGCAAGAATGGGCTTGGCGAAGGAGGAAAGAGTGTCACCGAAGTGAGTTTATCCAGACTGCGCAAACCGCGTCAAGATATAGGAATGTCACATTTGATTCGCGTCGGTCGAGGCGGCCGAGGAGATGTGACTGTGAGCACGGTTGCGCCCGATCCAAACGTGATGTGACGATTGCGCAAGACTCGGGCCGAATACCGCACTTATCCCATTCGGTTCTGGAACTCCTCTTTCAGATCAGGTTGAATTGACATGGCGACGAATAATCCCATGCTTCCGATCGGACCTGGAACGAGGGTACGGCCCGTGCGTCGACCACCCGAAAAGCGCCTGATTGGTCTGCGTCCCCTCTACCAGTGCGGGCTGGCCGGGGTCTTGCTCTTCCTGGCAGTCACCATCGTCCGTAGCTTTCTCCGCCCGCCCGCCCCTCCGCCATTCAAGCCGACTCCGCCGGTGCGGACACTCGCCGTCCAGATCACCGAAGGCCAGCCCATGACCATCGACGCGACCGAGCTGGCGCGTGCCGGCGAAGAGCGATCCGACAACGCGCTGGGGATGCGTCTCTGCTGGTGTCCTCCGGGGCGCTTCTTCATGGGAGGTGGGCCGAAGGGGCCTTCCGGGAGATACCTGGGCGGCGAACCATTCCCCGTGGGCATCGGTCGCGGGTTCTGGATCGGGAAGTTCGAGGTGACGCAGGAGGAGTGGCAGGAGGTCATGGGCAAGACGCTCCCGCAGCAGCGGGCCATGGACCCGAGGCAGCCCCGCCCCTTGGGCGACAACAGCCGTCGCGACCACGCCGGGATGGGTCAAGATTACCCCATCTACTTCACGAGTTATCGCGAGGCGGAAGAGTTCTGTCACCGGCTCACCGAGCTCGAGCGGGACGCGGGCCGGCTCGAGCCCGGTTGGGTCTACCGGGTGCCGACCGAGGCGGAATGGGAATTCGCCTGCCGCGCCGGGACGACGACCGCCACGGCGTTCGGCAACGAGCTCGGGAGCGCCCAGGCGAATTTCGACGGGACCGTCCCCTTCAACAACGCCCCGGCCGGCCCCTTCCTCCGCCTGACGAAGCCGGTCGGCAGCTATCCCGCAAACGCGTGGGGCATCCACGACATGCACGGCAACGTCTGGGAGTGGTGTCGCAAGGTCGATCGACCGGGGCTCGCCCGCAGTCCCATTGCTGCCGTCAAGAAGTCGACCCCGGAGCAGACCGTCCGCGGCGGTTGCTGGTATGAACCGGGCCACCAGTGCCTGTCGACGACGGGCCTTTCAATACAGGTCAACGGGCGCGGCTCGGGCCTGGGCTTCCGAGTGGCGCTGGTCTCTACCGAGCTCTGGAGAGAGGCGGACGATTCGCGGAGGCATTGCGGGCGGCCGTCGGAAAGCGAAAAAGGGACATTCGTCAATATTACCGCTGCTTGGGCAAACTGGGACGGCATTTGTGGTCGGGTGCCATCATCGAACAAGTCAGAGTCAAACGCGGTATTGCCTGTATTGTGCAAATAACGTCAAAATTGACGAATGTAGTCATTATCCTTGATTCCCTCCCAGTCCGACTCCGCCCCGCGGCACTCCGCACAGTACCACACCTTCACCACGTCGCCTTGGACGGGTGCGCCCTCCGTGGACACTGGACTGGTGGCCGCATTGGGGAATAGCCGGTACCTAGCCTTGAGATACCAGTCGGTGTAGTCGATGCAGCCGCGGAAGACCTCCACATTGTCCGGTCGTAGCTCGCAGCCGTGCAACTCGCAGACGCGAAGGGCGCCATGAGTTCATCGACGGTGCAATCGAACTCCGGATGGGCAGCCACGAACACCCGCCAGGTCCCTTCCTGCCAGTACCGCAGCCGTCCTGCTCGGCGTAGCTGGACGACGAACTTGCGGAATACCTCCGCTCCGAGGCTTGCCGCGAATGCCGACCGGAACGACGTCACGTCCATCTAATCACCCTGGAGAAAGGAAACATTCGTTGAATGCAGTCGTCTGAGTAAGTTGGGTGTTAGAGATTCTAAGGCTCGAAGTCACTCTTGCGTTGCGGCCGTCCTCGATCGCGAAGACTCGATTGCAATCCCAGGGATTCGGCTGTATCTCGCGTCCACATCTCCGAGCCCAGGGGTCGGTCGCGGCGGATTGACTCGCGGATTGGGTCGCACTCTGCTTCGGTCATCAGCGAGTTGACGTCCTCGATCCAGCCTTCGCCACGGGGTACTGGGTCTGGATCGAGCGTCGGCGACTCCAGCTTGCGAAAATTACGTCAAGATATAGGAATGTCCTATTTAATTTTCCTTTGATTTCACGCCGGTCGCCCGACGTCGTCTAGCGACGAATCTCGGTCGAGTTGCCGACCGATTAGCTGCAGGGGCACGAGCTCGGTGATGAGGAACCGGAATGTCCCGAACCGTCGGAGGATCTGGGGGCCGTAGGTGCAGAGAATCCAACGCCAGTAGGGGGCCAGGTCGCTTTGCTGGCCGGCGGAGATCTCGGAGCCTCGGGCGATGAAGTCCTTGAGCAAGGTCTCCATCACCTTGGTCTCCTCGGGCTCCAGCGGCTCGATCCGTTCGAGGAACTGGGCATAGTACGCGCCCCAATCGTTGTCGCGGAGGTTCCAATCGGCCGGTCGCGCCGCGGGGACAGGCTCGGGCTCCCGGTCGCGATCGGCCGCCGCGTACTGGCCGGTGACGACCAGCGGGTTCCTCAGGCCAAGCCCGCCGGCTGTGATCGGCCAGTAAAGCCAGCCCTCGGCGATCTCCGCTTCGCCCCCGAGGTCGGCCTGAAATCTCCTCCCGATCTCGGCCCGCAGCCCCGCCGTGATCCCGCGCCCGGGGCCGAAGAACTCATGATGATACCGCAGGACCGTCCGCTCCGCCGACTCGCGATGCGAATCGCCGAGGCGGCCTTCCAGTACCACCGCGTTCAGCAGGTGCTTGAGGTTCGCGTTGTAGACCTGCACTTTCGACAGGACCGACGGGGCGGCCTCCACCCGGGCGCGGCTCTGCTCCAAGTGAGCCTCGAAGGTCTCCCGGTGGACGTGGCAGTGGCCGAGCTCGTCCAGCTCCAGCATCCCCCACCGGGGGCGGCCTGCCGGTAACAGGTCGGACCGCTCGCCCCCGAGAACCAGCGCCCCCGACTTCTCCCGGTTGATCTCGAGCCCGCAGGCCGAGCAGAACGACTCGACGGCCTCCCAGGCCGCGACCACCCCCTCGGGGTCCGTGGTCAGGACGCAGAGGTCGTCGACGATCCGGACGATCCGCACCGGGGCCCGCCGTTGGACGTGCTGCTCCAAGAGCCGCATGAGCAGCTCCGCCAGCATCCCGGACAGCGTGTGGCCCATCGGCACCCCGCGCCTCGCCCGCGTCGACGCCCCGGCCCCCGAACGCAGCGGCGGTGACAGGTAGCGGGCGAAGATACCGAGGTGGGCCTCGGGGACACCGAGCCGCCGCAGGATGTCCAGTACCACGTCGTGGGGGATGCTGGGGTAAAAATCCTTTAAATCGAGCTTCACGA
NZ_CP155447.1_gap42	1475268	1477219	1951	TGTTTTTGAGCGAAACGATATCGTGTACGGGGACGCCGGAACCGACACCGTGGTGTTTTCGGGCAATCGACGGCAATATGTGCTGACGGCTCCAAGCGGTGATCGATCGACGGTCGTCGTCAGTCGGCTGGCCTCGAAGCACCGGGCACAGGTTGTTACTCTCCACGACATTGAGCGGATTCGTTTCGCCGATGGGATTGTCTCAACGGCCAAGCTCAAGAAGCCGCCAGTAATCTCCCCGTCACGACCGCCACTCTGGCGGGCGGGCCGTCCTCGCATATCGCCTCGATTCTGCGGACAGAAGTAGGGCCAGCGAAAAAGGGACATTCGTCATTGTTTTTGTTGTCAGGGTAAGATGGCGTGTTAGAGATTCTTCGGCTCGAGGTCACTCTTGCGTCGCGGCCGTCCCCGATCGCGGAGACTCGCTTCCAGCCCCAGTGATTTGGCCGTGTCGCGCACCCACGTCTCCGAACCCAAGGGTCGGTCGCGACGGATCGACTCGCGAATCGTTGTGCATTCCGCTTCGGTCATTAGCGCGTTGACGTCCTCGATCCAGCCTTCACCGCGGGGAGCTGGGCCCGGATCGAGCGTCGGCGCCGGGCCGAGACTCGAGAGGCTGGACCATCGCCACAGTTCGGCCCGCTCCACCAGATCAGCTCGGAGCGGGTTGCGCTCGATGTAGCGAAGGACGACTCGGAGGTGTTCGTCGGCCTGGATGGGGAAGGCCTTGAAGCGTCCCTGCCAGACGTGTCCGGTGGAGTGGTAGTGGCGGAGATAGCGTCGAACGTGAGTGGTCAGCAGCCAGTGCATCCATCGGCTGAGATCGCCATCGTCACGTGGCCAGAGAGCCAAGTGAAAGTGGTTGGGCATGAGGCAGTACGCTATGATCCGCATGGGCACGCGGAGGGTCGCTTCGGCCATCATCTCGAGGAAGGCGTCGTAGTCGCCCTCTTTGTGAAAGACGGTCGCTCGCGCATTGCCTCGATTCAGGACATGATAGCAGTACCCAGCGGCCGAGGCGCGAGCGGTGCGTGGCATGGCAAGAATCGGCTTGGCGGAGGAGCGAGGAATGTCACCGAGGTAAGCTTATCCAGCTTGCGTAGACTGCGTCAAGATATAGGAATGTCCCCTTTAGAATCCCCTTTAATTCCTCCCAGACCAAATCCGGACCAGGCCATCAGGCCAGTAACTCGATGGCACGATCATGACCGCCGCAGTATCCGGGTGGGTGAGCAACGGATACCAAGCGCATCTCAAGACCCCATTTGGTAGATGTTGGCGGACGACCATATACGAGGTGGAGATGACCTCACGGCCTTCGGTGCAACTCTTCGGGACGACCCATCCCATCCCTCTTTCCATCTCGTTGGTAATCATCTCGGCCAATCGATGCTCGTCGGGATCATTAGGAATCGTGCCTTTCAATTGAAACAATCGACGCGCGATGGCGGCGAGACAAATGGGATTCTTATCGAAGAAGGGGTCTGCGGAGTGGATAGCCATCGCCGGATGGTCGTGGGGGCCAGGCTGGAACAGGTTTGTATTGGCCTGGACCGACGCCCCCCACACAATCCTCCCCTTTCGCATCAGCGTCCCTTGATGACGGTAAATCTCCATCAACTCGTCTGTGTGGGGCAACCAACTCGGAGGACAGACTCGGAGACGAAAATGCGCAATGACTCCACGCCACCGGGGTACGGGACCCATCGCCCTGCGCACCTGGTCGAGGAGCGAGCCCATACGATCACCAGTATCCCCCCCGAGTGCTAACATAATAAGCCTCGAATGGTCTGCGTAACGCACGTAGCTTCGGATTAGACGAGTCAATGGCTCCGGCCTCTCACGTCTATCCGCCAATTTGGAGCGACGAAAAGGGGACATTCGTCAATATTGTCGCTATCTGGGCAAGATGGGATATTATGAAGAATCTCATAGGGATACGATTGTCCAG
NZ_CP155447.1_gap43	1495322	1496655	1333	GAGTCGATCCTTCTTGGTAATCTCGCGCCGAATGTGACGCTCTGGGTCCAGGGCCGCAGCACCGAGAGTCACGCGGTGCTCGCTCTGTCAACCGATGCCGTCAACGCCGGGACGATCCGCCTGGAATCACGCGACGGCGGCTTCTCCGCGAACCTGGCAACAGGGCCGAACACACTTAGGAATTCCGGCACGATCGTCTCCTATCGGGGGTCGAGCGGCCTCCGCACGATCACGGGGAACGTGGTCAACAGCGGGTTGATCGAAGTTCCGGCGAACTCGTACCTGACCGTCACCGGGGGCGTGTTCGAGGCAGCCGGGGGCCGCATCGCTGGCTCGGCTGTCCTGATCGACACCCAGATTCGGGTGACGGCCTCTCCGGCCCAGCCCACGACTCTGGTATTGGCCGGGCTTGGTAACGTCCTGGTCAGCGACGTTCTGCCCAACACCACACTCTGGGTGAACGGTCGCGACGGCCAAGGGGCGGCCCGATTGACGATCCCCGGGCCTGTGACGAATCGGGGAACGATCCTGCTGGAGTCAAGCGATCGCACGTTCGAGTCGTCGGTGGTGGTGCAGTCCGGTGCGTTGACGAATGCTGGGATCATAGATGTGAATGCAGGTAGTGGCGGTGTTTACACCGTTGGGGGCAATCTCACCAACACCGGCCTCATCAATGTCGAGCTGAACACCACATTAGCCATCAACGGCACCAACCCCCTGCTGACGCATGCCGGAGGATCGATCCAGGCAGATGGGCGACTCACGCTTCAAGGGGGAACATTTCGCTTTACGGGGGGAACCGTCGTCGGATCCGTGGGGGGAGACGACACCAGGTTCGACGTCGCCGAGACTGTCACGAGCGCCTCGACGGTGTACGCCTGGGGCGCCGGCTCAACCCTGATAGGTAACCGCAGCCGCCATGTCACGCTCTGGGTTCAGGGCCGCGACTCGGATGGCCATTCTCTATTGACCGCGGGTGCGGGGGCCGTCAATGCCGGGACGATCCGCCTGGAGTCGCGCGACCGCGCCTTATCTTCTGAATTGGCGACCGGACTGAACTCGATCTTCAACACCGGCCGGATCGTCTCCAATCTTGGCACTGGTGGCTTCCGCACGATCACGGGGAACGTGGTCAACAGCGGGTTGATCGAGGTTCCGGCGAACTCGTACCTGACCGTCACTGGGGGCGTGTTCGAGGCTGCTGGGGGCCGCATCGACGGCTCGGCCGTTCTGATCGACACCCAGATTCGGGTGACGGCCTCTCCGGCTCAGCCCACGACCCTGGTTTTGGCCGGACTTGGTAACGTCCTGGTCAGCGACGTTCTGCCCAACA
NZ_CP155447.1_gap44	1498072	1499160	1088	TGACGGCAACTACCGGATCCGTATTCAGGCGCCCCCCTCGCTTTCCAACAGCACGGGCCGATACATCCTCGGTGCCTATGAGACCTCCGCCGGCAAGCAGCCCATCCTCCTCAATCAGCAGTACTCGGGCATACTTCCGAGCAGCTTCCGCATCGACCAGTGGACGTTTTCGGCCACAGCCGGTCAGCAGGCTCAACTGGACGTCATCAACACGTCGAACGCGACGATCAAGTTCTCGCTCCGCGACCCGAACGGATCGGTGCTGTTCGCGGGCCTGACCGCGAGTTCCGGCCTGACCACTCTTCCGGTCTCGGGCATTTACACCCTCTCGGTCGATGCCCTCCAAGGCCAGCCCGGAAGCTATGCCTTCCGCTTGAAAGAAACGAGCCTGGTCGATCTCGAGCTGGACGAGCCGTTCGCCGGGCGCTTCTCCGGAAATGCGCACGCCCAGCTTTTCCGCGTGGATATCGATGAGCTGACCCGGTTGCGGATCGCGCTCGACGACGAGTCGGCTGCGAATCAGAACGAGATCTACGTCAAGTTGGGCTCGCCCCCCACACGGTCCGATTTCCAGTTCCGGTTCGATCGCCCTGCCTCCCCGGATCAGGAAGTTCTGGTGCCGGCCGCGGTCCCTGGCTCGTGGTATGTGCTCGTCTATGCCAAGCACGTCCCTACGCCGAGTCACTTCACGCTGCTGGCCACGGCCTCGCGCGTGCTACTGGACCGGGTCACGCCCAACCGGCTGGGCAATGAGGCGGACATGACTCTTACCCTCGCCGGCGCAGGCTTCGACGGCTCGGCGATCGTCGAACTTGTGGGCTCGAGCCATCAAGCCGTCTACCGAGCGCGATCGGTCAGCTTTGATCAGACGACGCAACTCACCGCGACGTTTGCCGCGAACACCGTCCCACCGGGCACCTACGACGTCCGGGTCACCCAGGCCGGCGGTCTTCAGACGACCCTGCCCGGGGCATTCACGGCGATCCCCGGGGCTCGCACCGAGCTTTGGACCAACCTGATCACGCCTCGCACCTTCGGGTTCCGCCAGCCGGGCGAGATCGTGATCGAGTACGCGAACCGGGGTGACG
NZ_CP155447.1_gap45	1501178	1503965	2787	CACTTCGACTCCGCCGGGAACCTCGCGAAAAAGACACTCGCCAACGGCGTGGAGACGACTTACACCTACGATGCCGCGGGCCAGATCCTCAGCCTTGTGAATCTCGCTCCGGGGGGCACGGTCCTGTCCCGGTTCGATTACACCTACGACCGCCGCGGCCTGCGGACGTCGATGACCACCCTCGACGGCCGCTGGGTCTACACCTACGACGACGCCGGCCAACTTGCCGGTTACACTTCCCCCGATGGCCGTCAGGTTGCTTACATCTACGACGCACTCGGCAACCGCTTGGAGGAGACGGTCATCGAGGGGAGCGACGCCTTCGTCATCGCCTCCGTGACCAATGACCTCAATCAATATGTCAACGCGAGCGGTGACGTTTACTCATTTGATCTCGACGGCAACCTGATTCGCCAGGTTGTCGATGGCGTCGTAACCAATTACACCTTCGACGCCGAGAACCGCTTAGTCCGCGTGACTCGCGGCAGCGATGAGCAGACCTACACCTACGACGCCCTCGGCAACCGTGTCGCATCCACCTTCAACGGGGACATGACCCGCTTCGTCATCGACCCGATCGGACTCGGGAACGTCGTCGGCGAATATGACGCCTCGGGTCAGCTCGTCGCCCGCAACGTCCATGGCTACGGCCTGATCAGCCGCGATACACCGTCCGCCGCTCCCTATTACTTCACCTTCGACGCGCAAGGGAACACGAGCGAATTGATCGGAGCAGGGGGGGGCGTGCTCAATCGTTATGTGTTCGAGCCGTTCGGCGGCTCTTATCAAAGCACGGAGATGGTGGCGAACCCCTTCCAGTTCGTCGGAGAATTCGGAGTCATGCGGGAGAGCCAAGGCCTCGACTTCATGCGAGCCAGGTTTTATGACTCCAGCATCGCGAAGTTCCTCTCGCCCGACCCGATCGGCCTGAGGAGTGGTGACGTAAATTTCTATCGTTATACCGAGAACTCCCCGACCAACGCGATCGATCCGTCGGGCCTTGATCGTACCATTAATGATTTGATTGGTGGCGACGATGAGGATGGCGGCGATGAAGGATGGGCTGGGACGGGCATGCCCTTTAGCAATCCATACGGTCCAGGTGATTTTGAAGGCATTCATCCGGATTTCGCGCTACCGGATGACACCTACCCAGATCTTAGCGGCGATGAAGGATTGCCTGAGACGGGCTTGCCCGATGGAAGTCCATTTCATCCAGATGATAATGGAGACGTTGCTCCGGGCGATGGCTGGGGGCTATTCCCGCCGACGAAAGACACTAACCAAAATCAGGTCAACTCTGGCGAACCCTCGGATCCAAATGAGAAACTTGGTCCCGCCGGCCATGGCCCCGAGGGATTCGTTGCGCCGGGCGACACCTTCCTTTACCGGGTCAACTTCGAGAACCTTGAAACCGCTACGGCCCCCGCGCAGCGGGTGGATATCACCGACCCGCTTAGTGCGGACCTTGATTGGAGCAGCTTCGAGCTGATCCAGGTCGGTTTTGGTGACACCCGAATTAACATCCCGGCAGGTCTGCAGGATTTCGAGACCATCATTGCGGCGACCTACAACGGCCGGACGTTCGACGTCGAGATCCGCATCGGCCTTGACCCTGCCACGGGCCTCATTACCGTCGCTTTCCAGTCGGTTGACCCAACGACCAGCCTGCCTCCCGATGTCTTGACCGGCTTCCTCCCACCTGAGGATGGCACTGGCCGGGGCCAGGGCTTCTTCACCTATACGATTCGACCGCGTGCCAACCTGCCGACCGGGACGGAGATCCGCAACATCGCCCAGATTACCTTTAACCGTGGCATGACCATCGCCACCGATCAGGTCGATCCGCTCGACGCCTCGAAGGGGATCGACCTGGCCAAGCAGTCACTCAACACCATTGACGCCGGCGCTCCGACTAGCCGGGTTGCTCCGCTAGCTCCGACGACCATCGGTTCGTCACCGAGCGTGACCGTCTCCTGGGCTGGCGAGGACGATCCCGGTGGATCAGGAGTCGCACGCTACGATTTGTTCGTCTCGGTCGATGGCGGTCCTTTCACATCCTGGCTGATCGGCACCACCCAGACCTCAGCCGTTTATGCCGGTGAATTTGGTCGCCGCTACGCCTTTCAGGCGATGGCCATCGATCACGTCGGCCATCGCCAGGCTGCGCCTGAGGCGGCTCAGGCAACGACGTTGGTCGCGGCGGCCACGACCACAACTGTGCAGGCGACGTCCGCCAGTATCGTCTATGGTCAGTCCCTTGCCTTCACGGCGATCGTCACTTCCCCGTCGGAGAGCGGGTCGCTTGGAGGTACCGTTCAGTTCGTTGTCAATGGCGCGAACTTTGGCCCTGCGGTTGCGCTGGTCAATGGCGTTGCTGTCTTCTCAAGTTTCAACACGCTGGGGGCGGGAACACATACTGTCTCCGCGATCTATTCCGGCTCGGCCGGAATCCCGGCGAGCGCGGCGGCGCCGATCGCTGTGACCGTGGCGAAGGCCCGCCTGACGGTCAAAGCGCGGGATGCGGCCAGGGTCTACGGTCAGGCCAACCCCGCATTTTCAGCGACCTATACAGGGTTCGTCCTCGGTGAGAGCCCGAGCGTGCTGGGCGGTTCCCTCGGTTTCGCGACATCTGCCACGCCGTTGAGCTACGTCGGGACTTATGCGATCACGCCGGGCGGCCTGAGATCCGCCAATTATATCATCACCTTCTTGGGTGGAAATCTGTCTGTCACGCCGGCATCGCTGGTGATCACGGCGGACGACCAATCCATGTCCGCCGGGCAG
NZ_CP155447.1_gap46	1506247	1507417	1170	ACGGTCAGAAGGATGTGGCCGCCTTCTTTAGCAGGGCCAGGGGGCCCTCCGAGAAGACCAAGGTGCTCGCCGCCTTCAAGGCCGACTGGATCCCCAAGTCGCCCTACCTGGGAGAGAGCTGGATGAAGGGGGGGACGATCCGGCTGCAGCGGCTCACCCCATCGAAGGAAGAAGCGGGAGGGCTCCACGCCGCCGACGGTTATTACAACTACCGGGGGAGCAAGGGCAACAAGATCAATTATGAGATGGCTCCGATGGCCGAGCTCCTGGTGGAGCGCGGTCAGATCCCGGGTGATGCGCCCCAGAGCCTGACCGGCCTCGACTTCGCCCTCCACGACCCGCGCGACCGATTCTCGGTCCTGGGCCTTCGGATGTGCGGCGGCGGTATCATCCTGGATCGCCAGAACTGGGAACCGGTCTGCTTCATCAGCGCCGACGAGAACGGCAAGGACAACTACCCGCTCAAGAAGGTCAGCAGCACGCCGGATACCTGGGAGGTGACCCTCGACGGGGTCAGCAACCCGATCCACGAGTCGGGCTTCAACCCCACGATCGACCCGCCCGTCTTCTGCATGATGAACAACCTTCGGGCCAACAACGTCGCCATCATGGACGTGCGCAACGCCGACCCACGCCAATGGAAGCGGCAGACCTACCTCCGCGATAAGGAATGGGTCGGAGAGTATCCCTCACCGTTTCACATCGGCTATTCCGCCGATGGAACCAAGTGCTTCTTCACCGTGCTCCGGCCCAAGCCGATGCGGAGCGACATCTTTGTGGCCGACACGTCAACATGGAAGGTGATCAAGAAATTCCGGAACGTTGGGGTCGATCTGCAGACCCTGGCGGTCTCCCCCTGCGGTAAGTTTGTGTTCGCCATCTTCAGTGGATTTCAGCGCCTGGAGTCGGGCATCTTCGTGTTCCGGCAGGATACGCTCGAGCCGCTCGGCTACATGCCCAATTTCGGAGGCCACCACGACTGTGTTCTCGTGCCGAAGAACACGCAGGAGCTGAAGTTCAGCCGCGTCTGCCAGGTTTGAACGGCCGATGATTGCCGCTTGCCTCGGAGATCGAAGACGGTATTAAGAGGCAGGAAAATGAACATCAGACGTTCGTCTTGGCTCTTCCTTCGCCTGGCGATTCAGGGGCTGGGCCATCGTCCGCTCCGGG
NZ_CP155447.1_gap47	1532038	1536640	4602	GAACGACTCCGCCTACCTCGGCCCGATGTATTCGAGCATCGCCCTGGGCAACGGCAACCCGCCTCAGAACACGACCAGGCCCGGCCAGGTCACCGAGCCCATGGACGCCGCCCGCAACGACTTTCGCAAACGGGGCAACGACCGCTTCTTGAGCCGCCGCCGCACCGCCTTGACCGAGGCCTATGTTTATTCCTATGAGCAAGCCGCCCAGCTCATGAAGCAGAGAGAGGCGTTCGACGTCACCAAGGAGCCGGCGAAGGATCACGACCGGTACGGCAAGCATGACTTCGGCCGCCACTGCCTGCTCGCCCGCCGTCTCCTGGAAAAAGGCGTGACGTTTGTTCAAGTCTCGCACTCCAACTACGACACGCATAACGAGAATTTCAATTTCCATATCGAACAGCTCGGTGAGTTCGACATCTCGTTCGCGACGTTCGTGGCCGACCTCGCGGATCGTGGCATGCTGGAGAGCACCCTGATCGTCGTTCTCTCGGAGTTTGGCCGGACGCCGAACATCAACCTCTACTACGGCCGCGACCACTGGTCACGTGCCTGGTCGGTCGTGATGGCTGGCGGCAAAGTTCAGCGCGGCGTCGCCTACGGCAAAACCAACGACAAGGGGACGGAAGTCGTGGATGGCCAGGTCGATCACGCCAACCTCTTCCACACCTATCTGCAAGCCGTGGGGGTCGACTCGACCGACTCGTTCGACATCGAAGGGCGCGACGTTCCGATGGCCGACCCTGCCTCGAAGATGATCAAACAGATTCTGGCTTGATCGCTTATTGGCTGGGTGGCTGTGCCGGGTTTACCTGAATGATGAAGAGGTTCTGCCATGAATGCTCCCGCCCCCGCCGTTGCCGTTCCCGCCGGGTTTGACCCCAAGCTTGCTCATGTGGCGGCCCAGTGGCCGACTGAGCGGCCGGTGGTGAGTTGCCGTTTCGAGCCCAAGGGTCGATTCGTGTTCTGTGGGCTCGAGAGTTCCACGGTTCAACGGTTCGACCTGGCCGACGGCAAGCGGGTTCTCTTTCCCGGCGGCCATGATTCGTGGGTCTTTTCGTTTGCGTTCTCCGCAGATGGAGCCACAACCTTCAGCGGCGGTGGCGACGGACGGATCACGGCCTGGGAGACCGCGGCAAGCACGCCTCAGCCGGTCCGGAAGATCGAAGCGCACCAGGGCTGGATCCGGGCGTTGAGCGTCAGTCCCGACGGCACGCTGCTGGCCTCGGGTGGTAACGATCGAATGGTGAGACTCTGGGAGACGGCGACGGGTAAACTGGTCCGCGAGCTGAAGGGGCACATGGGGCATGTCTACTCGCTCGGTTTCCACCCCAATGGAAAGACCCTCCTGAGTGGCGACCTCTTGGGCGCGATCAGGCAGTGGGATCTCGCCACGGGCGAACTTGCTGGCGCGTTCGACGCCAAGCCCTTGCACACGTACGAAGGGGGCCAGCAAGTCGATTTCGGGGGGATTCGCGGTCTGGCCATCACGCCCGATGGCAAGTTCGTGGCCGCGGGAGGGCTTCACAAAGCCACCAACCCTCTCGGAGCCGTTCACGAGCCGATCGCGATTCTGTTCGACGGCGAAAGCCGTAAGAACGTGCGAACCCTCCTGACAGACGGCATCACCGGGGGCGGGATCTGGCGCTTGCACTTTCTGGCCGACGGCAGCCTTCTGGGGGCATGCGGCGGGAGCAACGGCGGTCTGCTGCTCTTCTGGAAGACCGACGCCGACAAGGAGTACCATCGCTTCGGCCTACCCAACATCCTCCGGGACATGGACGTTCATCCTGACGGTCTTCGAATTGCCTCGGCCCACCACGACGGCCACGTCCGTATCACCCGTCTCGCCGCCAAGCCGGCCTGATCCACCGGGGGAGCGCCGCGAGCCGTGGTCAAGGCGGTCCCCCCGTTTGATGGAACTACCGCCCCATTTGGGTTTGCCTCGCTTTTCCTGGGGCCGCGGTCGCTCCGGCCGCCGTGCCAGGGGAGGAGGGCGGGGCTGGCCCCACAAAATGCGGTTCGACATGTGGTCCTTTTGAGACGGCCGTCGAGCCCTTCCGCGATCAATAAGTGGCGACTAGTTGTTCGTTAGTGGTGCGTGGTTGGGAAAGCGTGCATGTTAATGTTGTAAGGCATGAAAATTTTCGCATTGGTGCGATTTGCTCGGCGCGGTTGGTTGGAGGAGGCGCACCTCAGCCTCGGTGGAAATTCGTCGCCCCTGCCGCTTTCGTACAACCGATGCTCTTGGTCGGACTTCCCGTCCGGATAAGTGTGCGAAGGGTAAAAAAACTACGACCCGATACAGGGCTTGGAAGCCTCCCGCCACTCGTTCCCACGGTCCTCCGTGGGGATGAAGTCTGGGACGCTCTGCGTCCTCGGCTTTCGAGGGCCAGACGACGCGGAGCGTCGGGGACGGCATTCCCACGGGGGACCGTGGGAACGAGGGGGGATTCCTTGCTCTATGGCGGGTCGTTGAAAAAAGCTTAAATGCTGTCAGGAAACAAGTCGAGATTATCAAGTAATATTAGATTGTCATGGAAAGCGTCTTCTGTCTCGTCGTTGGGCTTCGTGTTGTCGTCTCGCTTTGGGTCCTCACCGAAAGGGTCAAAGGCCAGTAGTTCGTCCAGTCCTGATAACTCCGTCCTCAGAGACGCTTGAATCGCCTCATTTGAATCATCTTGACTGGTGCGATTTGTGATAGCTTGTTCATTTTGAGCCGAGGTTCCGCTCTTCGATGTTGAAGAGTTTGATGCGAATGGAGAGGCTTCCGCTCCTTTTGCATTCAATTGGTATTCGTCCTCGATTCTCTCGGCGAGGACCTGTGCGTCTGGCGAACGCATTCGCTGTCGTGAGGAGAAGCAGGAGGCGAGCAATTCGATCTGTTCGCGGGTCATGCCCCGCTCGATGAGGTCGTCGATCCAATCCAGCCCGGTTGGTGCCCCGTGCGAAGTGTCGCTGGCCAGTAGTTGATACCAGATTACTCCCAGGGCGTAGACGTCGTCGCGGGGATCAGGTGATGCTCCCGGATCTGCTCGGGCGAGGCATAGAAGGGTGTGTACGAGCCATGAGCAATAGAGCAAAGTAACTCGCCTCGCGGGAGATGAGTCTGCGCCCGCTCGAGGTCTTGGCCTACTGCTAATCCACCGATTCCAAAGTCCGCGATCTTCAGCCCCATTTCTCCGGGGGCATCGGATGACAAGAGGATGTTCGCCGGTTTCAAATCACGGTGGACAATCGGCGGGATGACCCGATGGAAAATGCCGACCGTCTTCGCCAGGCAAGCAATGGCCCTCGCCGCCTCTCGCGGTGAGATCCCGCCCCTTGTTTTATTTTCCCGGATCACCCCGGTCAGTTCTCCACCTCCGACATACTCGTATTCCAGACACGGCGGGTCTGCCTTGAGGTACGTGTCCCGAAGTGCCACGATGCCGGAGTGGACGCCGATCTGCATGATCCGATCGAGCAGCCTGGCTTCGTGCCGAAGAAGCCGGTCCTTGGCAGCAGGATCAAGGCAGAACTTCAGTGCCACAGGTGGCATGCTGGGACGATTCGGATTGATCGCCTTCCAGACCTCCCCGAAACCACCGATTCCAAGAAGTTCAACGAGTTCTCGGTCCACCCCAACCAGCGGAGAATCACCCGGGTTGAATCTGGGGAGGCGGCTAGGCAGGAGCAGAACTAGGTCCTGTGCGGACTTGATGGCGAGCGCCTGTGGCACCGTGCGCCCCGTGGGGTCGGTTGGACGTCGAAGTGTGCGGCGAATTGAAGCGGGGACCTGCATCAGGTAGGAGGACAGGTCACGACGTTCTTGCTCGGAGCGATCGGCGGCGACCACTCTCACGGCCTCGGCGACTGCTTCGTTGACTTCCTCGGCTGTTGCCTGGGCGAGGGCTGCTAACTCGGCTCTCCGCGCCAGTTCATCGCTCTCCTTCTCCCAGTTCCTCATCACGTCGTTGGCGACACCGAAGACGAGTTCGCCTGCGATCCCCCCCGTGAAGACGTTGAGGCAAGCTTTGGCGACGTGCTTGAGGAGGATGAGAGGGATATGCATAGACCTCGCCCTGTACGGTCTTTCTGATCACGTCCGTTGAGAATGGTATATCGCCGCCGTCCCCGTCGCCATCATCGGACGGTTGGATTTCCGTCGTTCCACCATCGCAGTGAGTCGACGGCGTCGTCCCGGTTTCGGTTCGATCCTCACGAATGGGTTGCCCCAGTCTGCCTGCCAGTTCGCGTTGAGCACGTTTGGGGTCGCTGAACGGCCGGCATGTTCCCCCCTCCCAATCGATCCTTTGCGAACTGTAATGACCGCGACTTCCCATAATATCGGCGTCGATTGATGCTAGCGGAACGCGATGCCGGCGATGTCCACCATGAAGTGCTTGCGGTTCCGCGTGTGCCGGGGATCGGAGAGCGATTCGAAGTCCGAGGCGATGGAGCCGACATCGACGAGCTTGGCCGTGGGAGGCACATCCTGGGATCGGCCCGTGTCGGCCACCCCACAAAAGGAGTGCGGCAAGCTGATCACAACGACCGAGTCAAAGAAATTGAGACACGGCCCGTTGCGCCAGACTGCTCAATTTGCACAGTGATGCGTGC
NZ_CP155447.1_gap48	1541654	1544462	2808	TTTATTCATGGTCTTGGGGATGAACATAGCCTCGATGATGCGATGAACTTCGTGAAGAGCCAGGAGTTCAAGGAGAAGGCCGACGCGATCCGGAAGTCGGGGAAGGCCAAGTTCGTTGGTTTTTCGACCCATCACAAGGATCGCGCCCAGATCATCCAGGCGGCCGCCGACGCCGGGTTCGTGGACGCGATCATGCTCCAGTACACCCCCTGGCTCGACAAGGACTCGGCCCTCAACAAGGCGCTCGACGCCTGCTGGAAGAAGGGGATCGGCCTGATCACGATGAAGCAGATCGCCGGCAAGAAGTTCGGCGACAAGTACAACGGGAACATCCTTGACGAAGTTCCGCGGAAGGTCCCGATGCTCGCCGAGCGGAACCTGACCCCATTCCAGGGGCTCCTGCACGCGATCTGGACCGACGAACGCATCAGTGCCTCGTGCGTCTCGATGAAGAACACCGACCAGATCCGTGAGAACGTCGACGCCGCCCGCCGGTTCGAGCCGGTCAAGACGACCGACATCCTCCAACTTCGCGACGCCGTTCTCGCCGCCGGCCAGACCCTCTGCGCCGACTGCGATGGCCGTTGCTCGGTCGCCGCCGGCACTCAGGCCGAGCTCGGCAACCTGACGCGGTTCCTGACCTATCACGAGCACCACGGCCATCGCGCCGAGGCCCGTAGCCAGTTCGCCAGCATGACCGACGCCGCTCGCGACTGGGCAGGCGCCGACCTCGAAGCCGCCCGCGCGGCCTGCCCCGGTAAGCTCGACTTCGCCAAGCTCCTGCCCGAGGTCAATCGACACCTGGCCTGAGCACGCACATCAGGTCGGCCCGAACCCTTGTCGGGGAGGCGGAAGCCTACCCGATAAGGCGGAAGGGCCTGGATAAATAGACAACGACCCGTCATAGAGCGAGGAATCCCCCTCGTTCCCACGGGGGACCGTGGGAACGAGTAGCGAGAGGCTTTCTAGCCCGGTATCGGGTCGTTGTGAATTCATGCTGATGTCAGCGGCCGCATGCCTTCGAGCCTCCGAACTGGGCGTATCGCTGCTTTCGCGGCGGCTCGGAGGACTTCCTCGCCACGCGGGCCTCCCAGATTCGTCATCAGTGCCATGACGAAGTCGAGTTTCGGGTTGGCCCAGATGTGGGCAAGTTCCAAGGTCCAGAAATCTGGATTTCCGCTACGCAACAAATCTAGAGCGGTTTGCGGATGCGTTGCGCACGGTGGTTGGTCTCAAGACTCAGGAGCACGTGCGGAAACGGGGACTGGCTCCGGAGCGCAGCGGAGGTGCCTGTCCCCCTTTCCGCCGAGGCCGCCCGTGACGGCCCGGAAAATGGGGACAGGCACCCGGCCGCCAGGTCGTCCGGAAAAGCCGAGCATGGAGCGGGCCGGGAGCCAGTCCCCGTTTTCCTCCACCGTGCGCAATGCGATCGTAAACCGCTCTAGCGTCCTTGATTGACGCTCCCTTGATGCGAAATGACGGTTGGGTTCGCTGTCCGAGTTGCGACGAGTTCGTGAAGATCCCCGGTGAAGACCAAATCCGTACGCCCTTATTCGTGGCGACTTGTCTTGAATGTGGGTTGGAATTCGACTGGCGGGAGTCTTATGGTCGTGACTTCCTCGCCGGTGCCGTTTTCTATTGGGAGGAGTACTTCGCTCCCAGCGAAGCATGGAATCACGACCACTGTGTCATGTGCCAACAGCGGTTTATGGAGTTAGATCACCCGGACGTCGAGCGGTTCGGATTCGTGACCACGGTAAGGTCGCGGGTCTCATCCACGGGGTGTCAAGAGAGGTGGGTTTGCCGCTACTGCTTCGATGACTTTCGAGAAGATCACGATTGGCAGATTGATCTTCTGGGTTCATGAATTTAACATTTTGCCATTGGCATTTGTCTTGCGCCTGGATCCCTCGGCCCGTTGCCGTTGCCACAGTGGCAAAAGAACCAGCCCATGCGAAGGTCCAAAGACAGGGAGCTCACGCTCCCCGCTCGCCTTTCAGAGGCGAGCGAAATCCAAGGGCACCACGATCGCGTTGGTCTTCGCTCGCCTTCCCAAGGCGAGCGGGGAGCGTAAGCTCCCTGTCTTCCGACGGACGAAGAACCCCTGGTAACGCCGAATCGCTCCGGGGCATTGCGACCGCGAAGAATGCTGGGTAGCTCGCGTTGACAGAACCACGATCGCTGCTAGATTATGAAAACCAAATTTGGAATACCAAATTGACTTGGGGAGGTGCCGGGATGGGACGCCCGCCTGCGAAGGACCTGACGGAGCGAGAGCTGGAAGTCATGCACGTCTTCTGGCGACACGGTGAGGGGACGGCGGCGGAGACGCGGGACCGGCTCGCGGCCGCGGGGCTGGATCGGACGTATACGACGATCGCCAACCTGATCCGGGGGCTGGCCGACAAGGGGTTTCTTCGCCAGCTCAATGACGAGCGGCCGTTTTGCTACAAGGCGGCTCGTTCTTATGAAGACGTCTCAGGACGGCTCCTGGGAGACCTGCTTCAACGCGTGTTTCGAGGGTCGCGTGCGCAGCTCTTGAAGCAGCTCGTCGAGCAACGAACGCTCACAGCCGAGGAGCGGAGCTTGCTCGAACGGATCTTGAAGGAGCAAGACCGATGAATGACCTGGGGCTGACGTTGGCCTGGTGTGCGGTCCAGGTCTCTTTGCTGTTGATTCCGGCGGCCGCGTTGTACGCGGTAGCGTCCCGGCGCAGCCCGGCTTCGGGCACGTGGGTGGCTTCCCTGAGTCTCGGCCTGGTCGTGGCCATCAGCGTGCTGACGTTCGCTCCGCGAGGAGGGGCGAACT
NZ_CP155447.1_gap49	1561743	1562963	1220	AATCGGGAACCTTGGTCGCGTGAGTCTTGGTCTGGATGACGTACGACTCGCGAGGCACCCCCTTCAAGGCTTCGCGGAGGTAGACGTGCGAGCCGTACTGGTCGGCGACGTCGAAGAAGCAGATGCCGCGGTCCAGGGCATGGCGGACGACCCGGGTGAATTCTTTGACCCCGAGCTTGGTCTGGTTACTCGCCTGGCCGTTGCCATGGCTGCCCGTTCCCATGCCGATCAGCGAGACCTGGACGCCAGACTTGCCCAGCGTCACCTTGTCGGTCGGGCTTTTGGGGAGATTGGCTCGGGCGGCCCGGGCTGTCGTGGCGGGAGCCGTTGCGGCGGCCAGAGCCGTCGTTGCCACGGTTGTCCGGGCGAGGAAGTCGCGTCGGTTCAGAGGAGTCATGGCACTCGATCTCCGGTGTCCAAGGTTTCGGACCGAGAGGAAGACGGGCCGCTCGACCACGGGATGGCCGAGGCTTTCGCCTGATTCTAACGTTCGCGTGTCTGTGCTACCATAACCTCAAAGGGGCAAGGTGTGGGAACGGCATGTTCGCCTCTCACGGGGCCGCAATGAGGCCCTGGCTCAGGTTTCCAGCTCAGGAGCGGATTGTGTTTACAGGTCTGGTCGAGGTGCTCGGTTCCATCGAGCGCGTGGACGAAGAAGGGCCGGGACGCCGCCTGACGCTGGTCTGGCCCGGTCTGGTCGAGCCGATGGTCCTGGGAGAGAGCGTGGCGCTCAACGGCTGCTGCCTGACGGTCGTCGCGGCCGAGGGCGAACGGTTCGTCATGCAGGCCGGGCCCGAAACCTTGCTCCGGACCAATCTGGGAGAAGCCGCCGCGGGCGATCGGATCAACCTGGAGCGTTCCCTCCGCGCCGGCGACCGGCTCGGGGGGCACTTCGTCCAGGGGCACATCGACACGACGGCCGTGCTTCGGGAGCGGAGGACCGAAGGGGAGTGGGAGTTCCTCGCCTTCGGGATCGATCCGAGCTGGACGTCCTTGATGGTCCCTAAAGGTTCCATCGCGGTGGACGGTGTGAGCTTGACCCTGGTGGGGGTCGAACCCGACGGCTTCTCGGTCATGCTCATCCCGCACACGCTGGCCGTGACCACCCTGGGAGGCGTCCGGGTGGGGGGTCGTGTGAACATCGAGACCGACATGATCGCCAGACATGTCGCGAAGCTGATGGCCGTCGGTTGATCGGTCCGGGCACCAAACTGCGGAGA
NZ_CP155447.1_gap50	1569444	1572896	3452	GTCCCGGCCTACCCGCAGCAGGCGAGCCCCAGGGCCAAGGCCCGGCGCCCGCCAGCGGTAGCCGATGCGGAGGACTTTCTGAAAAACTGTGACTTCGGCCGCCGGCGTGTAACCGGCCCCGCCGGTCACGCGTCTGGCCTGTGCGTTGGCCACGAGCACGTATTGCGTTTTGCCCTCGTGATGGGCCTGTCGCATCAGCGCGGTTCCCAAGGCGCGGTGGACCCGGGAACCGAGCCAGTCGATCATGTGCAGCGTTGTGATTCCGCCCGAAGGGAGCCCGCCCCCCTCGAAGGCCGTCGGGCAGAGGCCAACGTGCCCCACGATCCGCTCCCCCTCAATGGCGACGAAGCTCCGAGTGGCCTCGCCCCCCTGGATCGGGTCCAGGTACTTCCAGCGCAGGACGTCGGGGGCGGCGAAGTCGGCATCGCGAGGCGCATGGAACCCCTCGATCAAGAACCGGCTGAGCTCTTGCAGGTCGTCGGAGCGTAGCGGACGAATTTCAGGGTCCATGACGCAGATTATCACAAACGGCGGGCGGGCTTCGGGACATTTTGCCGTGCCTGCCCGATGGACTCGAGGGCAATTGGGGCTGTCGACGCATCGGGTCGGCATCTGGATTCGAATCGGGGTTTGCCTTTTGAGCTTGTTTGAGAAAAACCTGATGGGTTCACAGCCTCGTTGGTCCGAAAAATGTGGAAGGGAACCGGATTGCCCGACCTGGGCAGGACGGCTAAGATAATGGATGGAATCAACGTATCGTTGATTCGTGACGATCCCGGCTGGCCTGGCCAACCGGAGGAGCCCGGTAACGCGACTCATAAAGGGACTTGGTTCCACCTCGACGACGGGGTAGGGGAGTCCTTTGAGGAGATGAGAACCGTGGGGATCCGAGCCGCAGTCCGGGAACAAATGGTCGCTCGTGCTCCCCAGGCGCCGAGCGAACAGGCGAGCGCGGTCGCCGAGGTTGAGCGTGAAGACTCCGGTTTTCGTGCCTTTCTTCGTGGCCTTGATCGGCGTTACCCGCAAGCCTCGCGCTGGCTGGGGGGACGGCTGGACATCGAGGTTCCGGCCATCCTGGTGAGCGTGGGCGTTCACGCGGTGCTCCTGCTTGGCCTGGGCATGGCGGGGCTCGCGGTCCAGAACGAGGTTCAACGCGAGTTTCAGAGCCGGGTGGAGGACCACACCACGCTCGGCGAGCTGGAAGCGAAGACCGATTTCCAGGATCTGGACATGGAGGATAAGCCCCTGACCAATACGCCGGTCGGGGGATCCTTTGCTCCGAACCTGGCGCCGACGGTCGTCACGGCTCCTCCAGGGGTCAGCATCGACCCGATGGACTCCGCCTCCGCGAAGCAGGCGTCGACGCTGCAGCTCGCCTCGCTCGACGTCAGCCAGGCCACCCGGGTCGCGGTGCCGACGGCCACACTGCTCGGCCAGACCGTGTCGATCAAAGGCAACGGCGCGGAGTATGCCGACGGGGTCGACGGGGCGGTCGATCGGATTGCCCAGGAGATCCTCGGTCGCCTGGAGAAAGGGCGGACCCTGGTGATCTGGGCGTTTGACGCCTCAGGCAGCCTGACCGTGGAACGCGAGAAGCTCGGCAAGCAGATCGACACGATTTACGGCCACATCGCCGAGCTCGACGGCAAGGAATTGAGTGCCGCGGGCGGTCTGCTCACCTCGGTCGTCGCCTTCGGCAGCGATCGGAGCGCGATGACCACGGCGCCGACCGCCGACAAGTCGGAGATCGTCAGCGCCATCAATTCGGTTCCTCTGGATACGACCGGGATCGAGACCACCTTCGGAACCGTCGCCGAGATCGTCCGCCGCTGGGGCCACTACAAGGACGCCCAGGGGAACCGATATCACGCGATGATCATCGTCGTGACCGACGAGGTCGGCGACGACGAGCCGCGGCTCGAAGAGGCGATCGACGTGGCTTCTCGGGCCAAGGTGCCGGTCTACGTCCTCGGCTCGCAGGCCCTGTTTGGCCGAGCGATGGGCGTGATGGACTATTTTGACCCCAAGTCCAAGCAGCGATTTCGCAACCTTCCCGTTCGCCAGGGGCCGGAGAGTGTCGCCCTCGAACAGATCAAGCTCCCATTCTGGTACGACGGCTACCAGTACGACCTGCTTGACTCCGGGTTCGGCCCGTACGCTCTGAGCCGCCTGGCCAACGCGACCGGCGGGATCTTCTTCGTGACCCGGATGGGCGCTTCCCGGATGGGGTTCGACCCGGTCATGATGCGCGAGTACAAGCCCGACCTGGTCAGTCGGCAGCAGTACGAGGCGGCCGTGGCCAAGCACCCGATCCGCCAGGCTGTACTCGAAGCGGCGCAGATCACGCAGCAACGGATGGGCCCCCAGCCGACATTGACGTTCCCCGCGGCCGACGGCCCTGAGTTCAAGGAAGTGATGGCCGATAACCAGACGAAGGCCGCGCTGACGGCCAACGCCGTGGATGAGGCCTTGGTGCCGATCATGCAGGCCGCCAAGCTGCGCGACCGTGAGACCTCGAGACGCTGGCAAGCCCACTACGACCTGATCCGGGGCCGGCTCCTTGCGATGAAGATCCGCTGCTACGAGTACAATTGGGCGTGCGCCTCGATGAAGAAGGACGCCCTCAAGTTCAAGAACGAGAACTCGAACGCCTGGAAACTCGTGCCCAGCGATGAGATCCGGTATAGTGACAAGGCAGCCTCCGCGGCCAAGCAGGCCAAGGACCTCCTGCAACGCGTCGTCGACGAGCATCCCAATACCCCCTGGGCCCTGCTGGCCAAACGCGAGTTGAAGGATGCCTTTGGTTTCAAGTGGGTTGAGACCTACGTCAAGCCGATCGAACGGCCCAAGATGGACTCCCCCGCCGCCAAGAGGCAGAAAGAGGCGATGAAGACTATGGCCAAACCAGTCGAGGTTCCGAAACTCTGAGGACTGATCCCTGTCGGGCGTTCGGTGGCCGCCCGGCGCGAGCTTTTGCGGGATCGGCGGCAAGCCTCCTCCTCAAGGCTTTGAGGATGATGTGTGATGGCTCTCCACGTTCCGACCCCTTCGTCGAGCGACGGCCTCTATAATCTGGCGGATTCCAATCCGCCAGCCATGGAACCCTTGCCGCCGACCGAGGAGCACGTCTCCCCCCCATCCGCCGCGGCGACGCCCGCGACCTCGTCACCCGCACCGGCTCCGGTCACCCCGGCGCCAGAGTCGGCCATCGCCCCCACACCCGCATCAACACCGACCGCTGCCGCGGACAAGGCCGGCGAGCCGCCTCAAACGCCGGCCGAACCGGCTCAAGCTGAGGCGCCCAAACCGAAGCCCAAAAAGAAGAAGCGACGCCGAAAGCGATACGATGCGCCGTCGTGGGTCGTCTCGTTCGTCATTCATGTGGTCGTTCTCACGATCCTGGGGGCGGCGACGTTCTCGACCGAAGTCCGCCAGGTGGTCGCCAACATCAA
NZ_CP155447.1_gap51	1581537	1584514	2977	CGGGCCGAGAATGCACCGAAGCGTCGGTTCTACGACATAGGAATCTCGCTGACTGGGCTCGGTGCCTACGAGCAGATGATCGTGGGTCGGGTCATCCTCTACGATCGAGTCTATTACCATCACAAGGTCCGCTCAGCAGAGGCTATGATACGTCGGCTCATTGCACTGGCCGAACAGGAGAACGGGCGTCCTTTGCCCTCTCTGAACTCTTCCATGATAGTTCCGACGATAGTGTGATTGGGATACTCAGCGGGCGGGTCGGATCAGAGGGGCTGGCGTCCGGCGGGGAAGGATCTCGCAAGATGGGACGGGCGATCCACCAGCGGGAGATTTATGGGCGAGCTTTTGGATTGGCGGCCCGATTTATCGGGGGCCTAGAAGGACTGCCGCAGACCGAACAGCGGGACACTCGGGCCTTGCTCTGGACCCCGGTTCTAAAGGCCCTGTCGGACGATGCCAGCCGCTTGGAACTCGAGACGATGGTCTACGATAAGGCTCGGGAAGTCGCCCTTGTGGTCCCTGAGCTAAAAGAGATTGCCGAGGGCCTTCGACCGGAGCACGTACTGGTAGACCTTCCATTGAATAAGGTCGTCGCCAGAGGTGGGGATATTCTGACCAGGACACAGGAGGGGCACGTCGGGACGCCCAACCTATTCTTCGACCCCGAGAAATGGTCCCAGGCCTACGAGCACCAAAAACAGTGCGGGTTCGTCTTCGCCCCGAGAGAGGCCATTCCTCTCATCTCCCTTGCCGCCCGGATTGTCTTCTATGATCGCTTTCAAATCGCAATGACTACGTCAGCCGAGCATGCTGCCAAGTGCATGGGGGTAGTTCGGACCGAGTGGATTGACCAGACCGCCGCTGCGGGGGCCTGCTCGGCTGAATGTCTGGCTGCCCTTCGAGAAGAACGGCCACGTCTGGTCCCCATCCGTGAAGAGGATGTCCTTCTACCGGACGAGTGGCGGACTGCTGATCCGACTCTGGCTCGGAGACTCGCAGAAGGATTCCAAGACGCAGTGCCAGCGGGGTTCCCCGCCAGTGTCCACAACGCCATCCGGGACGCCATCCCCAGTCTGGCATCGTTCTTGGACATGACTGAGCAGGGCGGGACGTTCATTGGCTTGGACAAGCTGTCAGAGCGGGAGCTCCAGTCTCGTCTGCGTGATCACCTGCGGTCCAGGAGTATCCGCATCGTCGAGGGTTCCGAGGTGGGCGGTGGAGAAACCGACTTGCTCCTGCCTGGGGAGTTGGTGATCGAGAACAAAGTCGCAGGGGAGGTGGCCAAGCCTCTCGATTACGGGCCTAATTACTGCTGGCAAGGCAGACGCTACTCCATCGCCGTCTGTCGGAAGGTGGTATTCGTGGTCCTCGGTTATCGTCCAGCGAATGAAGAAGCCATCCTGCCCTTGACCAGCCGGCTCGTGGTCGAGCCTATAGGCAGTGGCCCCGATGCTCTTGCCCAAGTGCGGATCGTCGTGCCATGGGGGCATTCGGTACCAAGCCGCGTGAAGGCTCCTTGAAACGTATTTGTTATGTTCTGGATCAAGGGTCGTTGAAGAAATAAATTGCGGTGTCATGGAAGAGTTGGCGAGGTCGGACGATCAACTCAACTTTTATCAATCCCCGGGCGTCTCTTCCAAGACGTGGCGGAGTGTGGTTTGGGCTGTCGGGTTGTGACACTGCCCCCGTCCTTTTTCAGGGCGAGCTTCAATAAGTTCCTTGCGGCCTTATGGGATGCTTTGTAACCAGCGACCGGTACTGGCGGGGGTAAAGCTGTTATTGATCCAGTCGTAGCATGCCCCGGCAGTTCTACGAGCTCACCGTCTCGTAGCCGAATCGGAAGCGACGGGGATGCACCAGGTTTTCGGGCGGAAGGGCTTGATTCCCAGGAACCGTCGAAGGTCTTGTCTTATGATTGAAGGGGGCATTCTGAATGGGCGAAAAAAGGGGGATATGGCGGAATGGCATGAACCTAAGAAATAACTCCTTGGCCCATAAGGTCGTTACGAAGTTCCGCTCGTGGCTTTTTCATCAACGGGTACTGCTTCGGTCTTCGCTTCTTCACGCGGGGTTCGACGCGATCGGGGCGATCAGGATTGACGATTAACTCTGGCAATTCATCTCCCGGTTTCGCCTGCATCAACCAACGCAGTGCGTCGATAAAGCTGATCCGCTCCACCGCCACCTTTTGACGTTTCGCCGCCTCCATCATCACTAGACATGCCAAATTGTAAAGAATTGCATAAACTGCCAATTCCTTGAGGACGCCTTCCGTAGTCATGCATTTCAATACATCCATTTTCATAGTCTGCTTCAAGTGACGCAGATTCAGCTCAACTCGCCATCTCATTCCATAGAGTTTTGCTAGCGCTCCAGCGGGTAAAGCTCGGCGTCCAGGAGCGTCGTCACCAGCGTCACAGACTTCGTCCGGAACCCGGACGGCCCACATCATATCGCAATTCGCGGACCACCAACGTGTCCGGCAACGCCGCGTATTCCTCCGCCGTCATCCACTCAGGAGCATCCACGGGTTTGAACCATTCGACGACTTGATCGAGCATCCCAAGCCCTCGCAGCCAACGCGATCGGGGAGCCCTTCTGCGTGTTTTTCACCGAGATGAAAGTGCGGACGCCCGGCGTGAAGTCGACGATCTGACGCTGATGTATGCGAAATACCGCGTGAACAAGCCGTCGGCTTAACATCGCAACATGAGCATAGGAACTGAGACCTCGGTCAACGACCATGATGTCGTCCGCTTGCAGCGTCGGATGGATTCCACCCACCTGCGACATGTCGTGAGTCCGTAACGGCGCTGCGACGACATCCAGAAGGAGGCCGGTGCCGGCGTGGAACAACGCCAGGATCTTGGCGACGGGAAACCCACATCCGGGCGACTGATTGCCGGGCTGACCGAACTTGGCCTGGAGCTCCGGAGTGTCGGGCATGGAGAACGACGAACCATCGACCAGCCAGGTG
NZ_CP155447.1_gap52	1638323	1639400	1077	GCCATTCCTTCGACCGCGAGCAACTTTGAGTGCAACCATTTCGCACAGTCTTCGCCCAGGAACCATTGACCAAGTTCGTCGTCTGGCTGGTCGTCGAGAAATAGCCCGGTGTTGAAGGTGACGAAGTTGCGTTCCATTGGTAAGCCCGACACATTGACGTTGCCGCGTTCGAGTGGGCCTGGGAGCATCTCACTCCTCTGTCCTGGCCGCCCAGGTGACGTGATCCGCTCGTTGCCGACCCAGCCACTCCTTTGCTCAGACTACTTTGATCCCCGGTTGCTATTCATCGCAAGCGGCTTGAATCTTCTTCCCGACAACCCCAGTCGCTACAACGATGGGCACAAAGTCGGCGATCCGGAAGTCTTCACCACGTGAATCCGGATCCCATCCAATAGACAGGGCGTGATGGATGATCGCCTCGACGTGGCGTGGAAATATGTCCGAGTAAACGACTGGAAAGAGGTGGTAACTCGCAGGGTCCGCCTCCGCGACCAACCGCGAGGTGCCCCCTTCCGTCGTGAAAGCCGTGATCCGCGTGGCTAACCCACCTCGGCTGGGGGGAACCCGGTGGCCAGGCACCTAGGCAGGGAAAAGCAGAGAATCTGGGCAATGCATTTGGGGCCGACAGTCAAACGACACTCTTCCCAAATGATCTAACTTGCCCTACTGAGGTGCATGGCCACATTCGCACGCGAAGGACTGTCGGCGACCTATCCTATCAAGGATGATGGGACTCCCTTCAGCGGGGCGATAGAGCGATGGGCATGGACGTGGCGGACGAGGGACGGCGGATATGATGCGTTTTGGTTCTGGCCTTGTGGCGGCGGTTCTTGTTTTTGCGGGCGCGAGTCGGGCGGCGTCACCGGCGGCCGGGGATCGGCCGCCATTCGAGGTGGCCGAGACGCCGGCGCGAGATGACCTGCGACGTCGCTTCGAGGAGACGGACGTTCTCCGGGACCTCCTTCCTCCCCAGGAGATGGTCGAAAAATACCGCGCCCTCATTGATGATGCCTTCAAGGAATACGGCTCCAATGCCTATGAGCCGTACGCGGTCCTGGACCGCCTGGCCGGCTATCT
NZ_CP155447.1_gap53	1669717	1674433	4716	GGCGGATGGACATGCCATCGCGTCGGGCGCAGCGAATCGCACCGTAATCGTCCACCGTAAGCACATCCTGACCTCCGCGAAGGACTGGGTGTCGCGAAAGACACCAGCCTAAGAGGAGGTGGCTACGGTAGGTCCCTTTTATTCGCTCATTTCCAGCGGCATCTGATCCTCGCCCATGATTATCATGACTACCGCCTTCAATGCCAAGTCTGCGGAGAATACGATCGGTCGGGCGATGACAAGGGCCTCAATGTCCTGAGCTTCGAGCGATTCAAGTAGGGCGGCGTGCGGCATGAGCAACCCGCCTACGCCGACCTCGACCTGGAGGGGTTCAGGGAGTCGGAACGTCCCAACTCGTAGAACTCCGATCTGACGATTTTCCGAGACCTCCTGCTGGCTATCGAGTCCGTCCCTCCCGAGACGACCGGTCCACGGTTGCAGGCGATGCTGGGCGGGCTCTTCCCGTCGAACAAGGCCGAGCGGGACATCCTGCTCAATATACTCGACTTTTGCGGTATCCTGCGGACGTCCGGCCACCCCGGCTACTCCGCTCGTTTCGTCCCGATGGGCGAGCGCCAGATCCCACCGCACTGGAACGTGGAGATGGCGTACCCGACCTGCTGGTGGAGGGGGCGAGACGGCCTCAACCGGGATATCGTGCAGGCATACTTCCCCGGCCTCGACCTGTGAGGCTCCACGTTTGCGAGGATCCCTCGGACCATCGGGGATGAAGGAACGAGCTTCAAGGAGTTATTGCCTATCCAGCATCAGAGGGGGGATCGTTCGACAAGCCGAGTAATTGCCTACCGAATTCCATCCCGCTCTGCGTGAGTTCCCAGACTCCTCGTTGGGTGCCTTTGAGCATGTGTTTCTCTCGGTCTTTCAACTGCTGCACCGCCACGAGCATCGTGTAGTCCCACATATTCCTGCCCTTATCACTGCGGTGCTCGCCGTCGATGAGGATCTTCCGCTCCTTCTCGGTAACACCAAGCTCGGCTGCTACGATGTCGTAGATAATTCGGTCAGGACCTTCCTTGGTACTCTGTCCGACGTGGGCTTGGCCGCCCATACGGCAAATCTCACGGACGATGATCGGCTTGAGCAGAGACGGAGCACGCAGGATCGTCTTGTCAGCGGGCATGATCCGGAAGACCCTCATAACGGGTTCGCATCGATTGTGAAGAGGGTGTCACCAGGTCGGTAGCAGCGAGAAGGCTGAGAACATCGGTGCAGATACGACTCGCTAACCAGGAACTAACAACCTGATGGTGTCTATGTCACCGGACTCGACCGCACAGTGAAGGGGCGTTTTTCCTTCCGAGTTCTTCAGACGCATGTCCGCTCCCCCTTCGAGAAGCAGCATTACGATCTCGGAGTTTCCCGCCGCCGCTGCGAAGTGAAGCGGAGTGTTCTGGGTATTCGGCTCGCATTCGTCAATAGATGCATCTTCGTTAATAAGAATTTCCAGGAGTCCACTATGGCTGTTTCTTGCAGCGTGATGCAAGCATGTTAGTCCGTTGATGTCTTTGCTGTTCTTGTCAAGCCGTAGGGTTTGCAATAAAAAAAGGACCATGCCCGTCCCTCCCTGCTCAGACGCAGTATGAAGCAACGAGCGTTGACTCCTTAGGATGTCTTTCGAGAACGATGCCAGGCCGTCGAAGGAATACCAATGCCCCTGCCACCTGGCGAGGGCCTCGGCCACCTCGACCGGCAATGACGCAAGACCGTCGAGGTTAAGCTCATATCCTCTCCATCCGACCAGGACCTCGGCGACCTCGACAGGCAATGACATCAAACCGCCGAGGGAAAGTTGGCGGCATTTCCATCTGGCGAGGGCCTCGGCCACCTCGACCGACAGCAACCTCACCCCGCCGAGGGAAAGTCCATGGCCTTGCCACCTGGCGAGGGCCTCGGTCACCTCGACCGGCAATGAGGTAAGACCGTCGAGGTTAAGAGAACCAGCGTCCCAGCGGCATTTCCACCTGGCGAGGGCCTCGGCCACTTCGACCGACAGCGACCTTACCCCGCCGAGGGAGAGATAACTTCCGCCTTCCCACCTGGCGAGGGCCTCGGCCACCTCGACCGACAGCGTAATCAAGCCATTTAGTGAAAGTTTACCTCGTCCTCGCCACCTGGCGAGAGTTTCGGCGGATTCAACCGTGAGAGATGTGAGGCCGTCGAGGGTAAGACTGTGGCCTTCCCATCCAGCGAGGGCTTGGGCTACCTCAAGCGGTAGCGTCCTCAGACCCCCGAGGGAAAGGCTATGGCGGCCACCCCACCTGGCGAGGGCCTCGGCCATCTCGACCGGTAGCGTCGTCAGTCCATCAAGGGCGAGTTCGTCACCTTGCCACCTGGCGAGGGCCTCGGCCACCTCAAGCGACAGCGACCTCAGGCTCCCGAGAGAAAGGCTATTAACAACACCGCTATCCTTCCATCTGGCGAGGGCCTCGGCAGACTCGACCGATAGCGTTATTAGGCCGTTGAGCGAAAGGCTGCGGTTTCTCGCAGTGGGTTTCCACCCGGCGAGGGCCTGGGCTACCTCAAGCGGCAGCGTCGTCAGGCCACTGAGGGAAAGGTGGCCGCCGCTTGCCCACCCGGCGAGGGCCTGGGCGGACTCTGCCGACAACGACGTCAGGCCGTCGAGGGAAAGTCTGCCGAGATGGCCCCCTCCCTCCCACCCGGCGATGACCTCGGCCACCTCCGTCGGCAAGGACGTCAGGCTACCGATAGAAAGGCTACTGCTCGTCCAGCAATTGACTGTTGCAGCAAGGGTAGCGTGGAGGGATGGGAAATGATCCGGCTTGTCGTAAGCATCTCGAATCTGCCGAGCCAACTCCGCAGCATCTCGGGTTCGGTGCTCTCTGGATGGTTCTAGGCATCCTTCGAGCAATTCTATGTGGCGTTGTGTCAGCCCTCGGTCCCTTAGTTCATCCCGCTTCTGATCCCATGCTCGGCCGATCGGCGGCCCGTTCCCCACATGCCCTGTGAGAAGCTCGTACCACATCACCCCGAGGGCGAACACATCATCCGACTCGTGTGCTGGCAGACCCATGTTCTGCTGGGGAGACGCATAGGCATAGGTCCGGAACCCATTAAACATGGCCCCAATTGACTGGCTCCCGCTGTGGCTCCCCTGCCGTACCGGGAATGTGCCCCGATGCCGAAATCCATGACCTTCAAGTTTGCCAGCCGCATGTCGGGACGGACGCCCAGGTCATTGAAGACCGAAAGCTCCTGACAATTCGTGACCAAGACATTCTGAGGTTTGATGTCTCGGTGGACGATCGGCCTCGGCTGCGTGTGCGAGAACGCAAGGATATCAGCCAGCTTCAGGATGACCGTGGCGGCGTGGTCCGGCGTGAGCGCCCCGGTCCCGTTCTCCTTACATCGCTCTTCCAAAAACTTAGAAAGATCGACCCCATCGACGTACTCGTATTGCAGAAACGGGATGGGGTTGTCGAGGTATTCCGCCTCCAATTTGACGATCCCGGCGTGCTCCAGCTTCCGTACGAGCCGAAGTTCGTTGTGAAGGGTCAGGATGCTGGCCGGTTCAAGCGGGTCTTTGCAGAACTTGAAAACGACCGTGTGCCCCAGGCGGGGGTTATGGGCTTTCCAGACCTCGCCGAAGCCGCTTGTGCCATCATCTAACCTCTGGGTGAGCACATAAGCTGATCCAGGGATTGGTCGGTATCCTTCCTGAAGTTCCGATGGATCGGACGAGCCCCGATCATTTCCGGAACCGAATGGAAAATCCGACACATCGAACTCGGAGGAAGGGCTGTCGGACGCCTCGTCGCTGCCCCCCATAGAATCACCCCGCTCATCATTAATGGCGACAAATTCCGAGTCAGGACCGTGGGCCAGAATTTAGACGAGGCAGTCCGCTTCTATCTCGGCACAACGTCGCCGAGGGTCGGAGTAAAGAAGATGATCCGGGAGGGCAATCGGGGAGTCAAGAAGGACGAATCCTGCGTGCTGTGACCGGACATACCGAAAGTCGGCTAAAATTGCCGGAAGAGAAACGACGAATCGTTCGGCCTTCCAGGTTGCCCCTCCTCCTGGATCGACCGAGGACATCTCGGACTCTTACATCCGTTCGATCCTCTGGGTAGCATCAATATGCTCGCAGTTTCGCTTGGCCGTCTCGATGGCCCAGGGTGGCAATCAGACCCAGCACGAAGGTGAGAGGTCGATGGCCACGCGTCTAAAGAAGGCAAGGTAGAAGATATGAGCAATTCATTTAAGCCGGCGACTAGACGCCCATCTTTACTAAGCTGCATTGATTGCGTCACTGAAGTGCCCGGCGACTCTTGCACTTGCGCACTCTGGGCGGAGGGGGATACGGCCGGGCCGGCCGTGCGACTGATTACACCGGGTCGGTGATGATTCACTACGGAATCGAACGGGCCGGAAATCTCTCGAGATACTCGCCGCAGTCGCGGATTATTGCTGATTTTATCTTCTATGAATCCGGAGACACCATCAAAGACAGGAAACCTCGGTGTTTTCTGATTTCTTTGCGCCAACGCAAACGGGGAGCGGAAAGCTCCCCGTTTGCCAGGCTTTGCGTCAATGGTCGAGCTCGTTGCTCAAGTGCCGAGGGTACGTTCCAGCGCAGCCAGGATATCACTGACGGTCTCGAAGCCGGCGAGCAAGGCGCTTCGCTCTTCATCGCGGAGCCAGCCGAGGACTTTCTTCTCGGCCGAGATCACCGTC
NZ_CP155447.1_gap54	1683357	1685694	2337	AATTCCGAGGTGCTCGACAACGTTCGCGCGGGGCTGGCCGTGGCGCCGGAGAAACGGCTCAAACTGGTGGCCAACCTCCCCTATAACGTTGCGACCCCGCTGATCAGCAACCTGCTCGTTCATCCCGAGCTTTGCCCCACCTTGATGGTGGTGACGATCCAGCTGGAACTGGCCCAGCGGATTTGCGCCGGCCCCGAAGAGAAAGAGTACTCCGCGCTTTCCGTCCTGGTTCAGTCTCTGGCCGAGGTCTCGATTGTGCGGACCTTGGCGCCGACGGTCTTCTGGCCGCGTCCCAAGGTGGAATCGGCCGTGATCTCGATCCGGCCCGACCCCGCCAAGCGGGCTCTGGTGCACAACCTCGCCTGGTTCCATCTCGTCATCCGCCAGATTTTTCTCCACCGACGCAAGAACCTTCGCCGCGTTCTCTACAGTCTCTGGCGCGACCGCTGGACGAAGCCCGAGGTGGATGCCTTTCTCGAAGGCCTTGGCCTGACCGGCCTGGTTCGCGCCGAGGCGATGAACGTCGAGGAACTCCTGACGCTCGCTCAGAAACTCGGCGAGCTCTTCAACGTCAATAACGTGGGAGCGCTCCCGGAAACGTCTGAGTCTGATGCGGAGACTGAAGACGTTGAGGAAGCCGCTGATGAAGAACCTGATGACGACGCTGAAGACCTGGATTCGGACGATCCATCCTCCGAGGCTTTGTAGGGTGGACCTGGCGGCCCACCCGGTCGTACCTGTGCCGACGTCCGCGCCCTTCTTCCCCCGCGACCTCGAGACCACCCCGTGGGCTGAGGGCGCGGGGCCGGGATGTGCTTTGGAGCCTTTTTGAGCCGGTTCACGCGTGCTCATTCCGCTTCTGAATCCGACCAAGCATGCCGAGCGAACCTCGGCATTTTTGATTTGGCCGTGTGACTATTCTTCGGGGCTCACCAGGGTAAGATGATTCGGATTGCGATCTGGCGAGGCTTGCCAGACGGACGTGCTTCGGTGGCGATCGAACGGCCCGCATCCAAGGATTGACCCGATGAGCCAGCGGATTTGTCCCACTCTTCTCACCGCCGCCTTGCTCGCGGCCGGTGCCAGCGGCCTACTGCGAAGTACCAGCGCGGCCGACGCGCCGAAGCCTGGCGACACTTTGACCGGCAAGGATGCCCTCGGCGACTGGACGACCGATGCGCCCGGGGTTCGCCGCAAGATCACCGTTGCTGACTTGGCGACGCCGTATGACACCCCGTCGGCGAGGAACAATCCCAAGGTCGTCAAGCGGCCCCAAGGGGCCTGGCCCAAGGCTCCAGCCGGCTTCGAGGTGACCGAGTTCGCCACCGGTCTGAACAATCCGCGAGTGATCGCACGCGCCCCCAACGGTGACCTGTTCGTCGCGGAGAGCCGGGCGAATCGCGTCCGTATCCTTCGCGACGCCGACGGTGACGGCAAGCCTGAGCTGAGCCAGGTCTTTGCCGACGGCCTGGCCCGCCCGTTCGGGATCGCCTTTTATCCCCTCGGGGCGGATCCCCAGTACGTCTATGTCGGCAACACGGACTCGGTCGTTCGCTTCCCCTACCAGAACGGCGATACGAAGGCACGAGGCGACGCCGAGACGATCGTCAAGGACATCCCGAGCGGGAACGAGCAGGTTGGGGGCGGCGGTCACTGGACCCGAGACCTGGAGTTCTCCCCCGACGGCAAGACGCTCTACGTCTCGGTCGGTTCCCGCTCCAACGTCAACGATGATAAGAGCGAGACGCGCCGGGCCGATATCCTCGCATTTGACCCCGACGGCAAGAATGAACGGATCTACGCCTCGGGAATCCGCAACCCCGTCGGACTGGCCACCCACCCCAAGACCGGTCAGCTCTGGACCTCGGTCAATGAGCGCGATGGGCTCGGGGACAACCTCGTGCCTGATTACATCACGCACGTCGAGCCCGGCGGCTTCTACGGCTGGCCCTGGTACTACATCGGCGCCCACCAGGATCCCAGACACCAGGGAAAGCATCCTGAACTGAAGAACAAGACGATCGTCCCCGACGTCTTGCTCCAGTCGCACTCAGCCTCGCTCGACCTCGCCTTCTACAACGGGGAGCAGTTTCCGAACGAGTACCGGAATGATGCGTTCGCAAGTGAGCACGGTTCATGGAACCGAAGCCGCCGCACTGGTTACAAAGTCATTCGCGTGCCGATGAAAGAGGGGCAGGCAACCGGCGAATACGAAGACTTTCTGGTCGGATTCGTCACCGAGGATGGCGACGTCTGGGGCCGTCCGGTGGGTGTGGCCGTGGCCAAAGACGGCGCCCTCATGGTGACCGACGACGGCTCGGGCACGGTCTGGCGAGT
NZ_CP155447.1_gap55	1687079	1690556	3477	TTCTCTGGCCGGAGTGATTTACGACGGTGAGGCGGTTCTGGAGGGCGCGGTAACACGAGATGGCGCCTCCCATGGTCGAGCCGAGGATAACAACCGCAATCATCATGTGTTTGATTGTAAGCCGAATTCTGGGCATCCACCTCTCCCGAGAAGCATTCACCGGTTATGGCTGCGGCGGATCGGGCGGGACGGGGAGCCACGGTCGCTCGGCCGCTCGCTTGTATCTGACGGACATTGTGTAGTGCCAGAGTTCCGTGCGCGCCCTGCTCCCGGACACGGTCTTCAGATCTCGATCCACGACGGACGGTGTGCCGAGGAAATCGCCCTCCGGGGTGATCGCGCCGGAAATGACCAGGGACAGTCGGCTTCGATGGCTCTCGCTTAGCGAGTGAAATCGCCTGGCTCGCCGCGATATCCACTGGTGCGACCCCAGCAGCATTCCCGCGACGGCGATGGCGACCAGAATCCATCGCACGCTGCACCGGAAACGCGGCATGGGCGGGCTCCAACACGTGGCGAGATTGATCGTGCCAGGTTCCGCGGGGGATTCGCGAGCTCCTCTGTCGAGGAGAACGCTTGGGTGGAATTCAAGACTTTTAAGAAAAAGCATATTGATTGATTTTGTGGAGATCGATGTGCTTTTCGAGTCCTCCGCTTTGCTCTCTTGAACTGCCTGGCCACCGGCCCGCTCTGGACCATGGCGCACTCAGACGCTCAGGCTGCGTGGGTCGTTGCTTGGCTAGCGAGGGTGGGTTGCCATTTCTTGCGGAAGCGCGTTGAGGCCCCCTTCTTGATCGGTTTCCCGTGTCCGAAGCAGGCCAACTCGAACTCAAGTGCCGCGAGTTTCGCCAGGCTCCGCTGCCCATCGGCCAGGTCCTCGTACAGAGGACTCATCGCCAGGCCGAACACATTTGCGGCGGCATCGGCCGCGATGAGCACCCCACCATGCTTGGGCCAGAGGAAGGCCAGTTGCCCCGCACAGTGACCAGGGACGTGGATCGCTTGCAGGCCTCCGGCAATTGGAAGCGTTTCTCCGTCACCCACCTCGTGCTCGACCTCCGTCGCTTCGACTTCCGTCGGTGCGGAGGGGACCAGGAACCGGCAGACGAGCGCGTTGAGCAGTCCTGGTGCCGGCTTGAGCGGGCGCAGGGCCTTGCCGGCTCGGACCATCTCGGCATCCAGCGGGTGCATCGTGACCTTCGCACCCGTCCGTCGCTTCAACTCGGCCACGCTGCCCGCATGGTCGCTATGGCAATGCGTCAGAAGCAGATGGCGCACGTCGGCCGGTTCTCGACCGATCTCCTTGATGGCCTCGAGAAGTTTCTCCGCGCTTCCCGCAATCCCCGTGTCGATTATCGCCAAGCCGTCGGGCGACTCGAGGATGAACGCGTTCACGAAGCCGAGCGACACTTCCCAAAGTCCCGGAACAATTGCCGTTGCAACCATATTGTTTTTCTCATGCATTGGGTGATGGAAGTTTGATCCGACAGTCGCGTTCTGTCCGCCATATTATCCAGAAACGACCCGGATCGCCCCTCCCATCTCGGGGAGCATGTCAGGCCGAGGTCGCGCCGGATTCGCTGGTGGTTGGCCACCGCTTTTCGTGTACTCAAAGTCCTGCCCGCCTATATCCGCCCAAAGGGTGACCGGCAGAACGAGCCCAACGTGTTTGATGGTCGCTTGTCCGGGGCGGAAGCACGCTTATTTGAGTTCGTCCTGCCCGAGCCGAGAGCCATAGAGGCGAATCGCGAGTTCGAGCCCTTTCGCGAGTTCGGCGACCCTGGCCAATTGGGGCGAGAGATCGTCTCCGGTGTCGGGGCAGAACAGATCGATGTGCCACCGGAGCGTTTCGCCGAGTTGGGTCTGTTCGCCGTGCTCGGGGGGGAGCGCGAATGGTCGGATCTGGAGGAATTCTCCTCCCCGGGCGCGATCTCGGACGAACCAGGCGATGAACTCCAGCGAGCGCCAGGCGGTCGCGGAGGGCTCGAGTTGGAACTCGAACTGGATGAGCGCCTCGTTCGTCAGGCCTCCGTTGGTGCGTCTGAGTGCCCCATGCGGGAGATGTGCCTGGTCGGGGAGCCGAAGGTCGTCACCAGTGATTCCTTGGAGGTCGTCAATGCCACTACAGACACTGTGAACGCCAGGTAACTGGGCGATTGCCTGGTGCATTCGCTCAATTTCCGGGGGATAATCCATCGGTACGCCTTCCTCAATGCCTGTTTGCGGTTACCGGAACACTGGGGGCCGTCGGCCTGTGGGCCGGCCGACTGGGGTTATACCAGACAGGGCCAAGCATCGCGCCTGCTTGTGCTTCTTGGGCCGAACTCTCGTCGCGGAATGCGTGATTGTCGTCGAAGAAACCGGGCCTTGGGACTTCCTCGGGCGAGCGAGGGGAGGTTAGCGTGTGGGTTGGCGGCGGAGATCGACTGGGGGGCGGGGAGGGAGCCACTTGGGACGCGAGTGTCGTGCCTCGAGGATCGGTCCGGCCTGGTTCGCCAGTTCGTTCCACAGGCCGGCGAGTTCGTCACGGGCCGTCTCGGGGTGAGCGCGGGCGCGGGCGACTCGCGCGCCGACGTCGTCGCGGAGCCCTTTCATTTGCGCCAGGTCGAGGAGGTTGGCGGCGGTCAGTGTGACGAGGGCTTCGTGAGTCTCGGCCACGGCTTCTCGCCAGGCCCTGGGATTGACCTCGGGGGGAACAACCTCGGCCAGAGGGTCAATCGCGGGGGCAACCTGCGTTGCGCCAAAGTCCGCGCGACGGCGATAACCGGCCCGCCAGACGCGGAAGACAGCTTGGAGCGTTCCCCAGAGGAGGATCAGGATCAGGCTGGCCACGATCACGAACCGGCGTCCCGAGTGCGTCGGGGCCTCCCCTGGCCCCGCGGCGAACTCGTCGATCCTGAGCCGGGGAACCGGCCGGCGGCCCACTTGGTCGTCACGCTCTGTCACGAACGGTGCCTCTTCCGAGATTCCCTTCAACGTTTCGGCGGCGCCTCGCCTATCCGCCCTCTCAGTGTATTTCTTGGCGGGGCGGGGGGGAAGAGGTGGCGATTGTTGGCAGAGATGGCATTGCCATCCGCACGCAACGGGGCGAAATAATAATGGTTGACCGCGTCGATCCGCGGAGTGGCGGACGTCGTTGGAGCCCTGGAAGGGGGACGCAGTCGGTTCTGCGGTGGCACGAGGAGCGAGGCGTGCCTGTCCTACGGTTGATTGTCGATCAGGGTAAAGTCGAAGAGTATGAGTTCTTCAATCGGGTCCTGCCAGAGCTCGAAGCTTAACAGGCCTGCCTTGACCGGAACGATGCTGGTTTCGAAATAGCTCTTGCGGCCTTTGAGACGTGCTAATGCACGAAATTTCAAGTCTTTAGGAAATGGATTCTTTGTCACGAGGATGAGCATGTCATCTTGCTTGCGGAAATCGAGACTGAGAGTCGTTGGCTGATCGGCAGCTTTTTCAACGATTTTGGGGCGAGTGAGC
NZ_CP155447.1_gap56	1770404	1775357	4953	ATGTTCTCGCCGGAAGCCACGCCCAAGCCCAAGTCTACATCAAGCATCACGCCTTAAATCCCCGCAAAACAACGATAATTTCGTCCGTTCATAACGTGCGGGGGACTCGGCGAATTCACGTTCTGCTTTGCGGCACTTACTCGGAAAGAAAGGATTTGGACGAGATCACGGATTACCTGAACTTTGCAGACGCGAGCTATCAGCATGTTTCGATTTGAGTGGTTTCAGCAGGAAGCCGCCCAAGAGTATCGCACGCCTTGCACTCCATAGCCTTCCCAACGCTATGCCCGCCCAGGTAGCAAATCGGGCAGCAAGCCAGGTGTTTCCATCCGGCAGGCATTTCAACTCGAAATAGGCAATGCGGGCAGAGAATCACGTCCGGGAAGGCCGGCAATCTTAGAGCTTCAAACGAGCGGACCATTAACACAACCTCATCCGACCAGTAACCTTGGTTTGAACCGGCCACCCTTCCCATTCGCTCGGGATCTGGCGTTCGTGGTGCATGGGCTTACGGACGAGCATGACATGGATAGTGTCGGCCCCCTCTCCGATGCACGCGATATAGGGGTGCATGCCATCACCGCATCGGAATAGATCGTAGAGGCTATGGGCCGCCTCTCGCATTGTGACTTTTGGTGCCTCGCTCATCGCTTCTCCTCTCTGCCTGCCCTCTCAACAATAGGCGTCTGTCGGCGTTCGCGGTGCTTGCGACCGTCCGCGCACCAGGGACACCCGCCTTGGTTTCGGCAAGTGCTATCGAACGCTTTAGACCCACGGTATGGTCGCCGCCAGTCCTTACGATTCGGATAGTGATTATCGAACGCCATGGTCACTCCTCTTTCTTCTCGGGAGCCGGCAGGGCCTTTAGAACGCCCTCTTTTCGCAAGAAAGCCCGGCACTCTTCGGGAGTCGCCTTGCTCGGGTCAAAGTCATCCTCAGTCTCACCGAGAGCTTCGCCGAGAGCCGCTGCCCGCAACTCGGCAGAAAGTTTGAGTAACGCACCGGCCGTCGCCATTGTCCACTTGGCCGGCTCGATGACGATCGTCATGCCGTCCTTATCAACCTCTTGAGAATAGAGGTTGCCGTTGAACATCTCGCGTGCTTTGCGGCCCACGATCTGGGCAGTCTCCCAATTCTCCTCTGCCGACTCCATTCGACGCCTTGCCCACTTCTCAGCGGTCTGGGCCGCCACCTTCTCACGCGCGGCCTGTTCGGCGTCGGCGATCTGTGAATCGTAGTGCCGAGCCCGTTCCACCCAATCCCATCGAGCCGACAGTTTCTTGACATAGTTCTCGGAGACTCCGAGCCGACGCTTCAAGAGAACGGCCGAGCGGCCCGCGCCAAGCATGCAATATGCCTTGAAGATCGCGAAAGCTCGGGCCGACTCTCTTGGCCTACGGTTCCACGCTTTCAAGTTCGGGTCGTCTTCAATTCGCTCGATATCGTCGGGGTAAGTCTTCCGCTTTGCCATAAATTAAGCCATTTTGCAGGGTCAAATAAAAATGAAAGCACCTACATATTACGTCGCAAACCCCCTATTAGTCGCGACTTTATGCGTCACGAGATGATGTCGGGCAACGCGAGAAAAAGTATTTCCTGCAAATACTGCAAATTGCTCTTGTCGCCGCACGGCGTGAAGTTATTATTGTCACATCGCAAGCATGAGACGGATTTGATACGAGCCATCACAAGGAGCATTTCCATGAGCACTCTCCAAGCAATGCTGCCCACTGGCGAGACGCAGGACGCATGGGCCATTCAACCCCAAGCCATGCTCAAGGTCGTCGCCAATGAGCGGGCAATCGACGAAGCGACCGGCCTTGACTTGTCGTCCGTCAGGATCGGCGAAGACGAGGAACCTGTCATGGTTGCTCGCTCGGTCACTGTCACGCTTACCTATGCGGACATCCTTGCCGGAGTGCGGGGGAATGTCTGGATCGACCCGGTAGGGTTCGCAACCAAGCGAGCAATCCCGTTCTCCCGCCGCGTCCGTGTGTCGACGGTCGATATCGCGTTTACCATCAGTCGGCCCGTAGCCGGCGGGGGCGTCGAGCATGAACGGTACATCGCCATGACGCCGCCGGAGGTTGCCGCGTGGCTCGCACGTTGGGACGCCAAACGGCAATGCTGGCCGATCACGTTTGAACTGACCTGGCACGAAGAGGTTTGACCCGCTCGGGCCGCGAGGCCAAGGGGATGAGTGTTTGCCCGTGTTGATTCTGCGATCGATTCTAGGACCACACAGGAACCTGAAATGACCACCGAAGCCACTGAAGCCGACGAAATCGTGATTCCTGATTGCCCGCCGATAACGACCAAAGCGGAATTCGCTGAATGTACAGACATGCTGCAACTTCTGTTGTTCACGATCGGGACCGCCAAGAAGGCTGGCACAAGCCCCGAAAGGGATCTTCGCAAGGCGGACATCATTGCCGGCAAACTTCGAGACGCTCTTAAGGCCGCCCCATTCGTCGTTGGCGACCAAGCCATAAAGAGCAACCTGGACTACAACAACATTGTTGACGCCACGCCCGAAACCAAGGCCGCCGAGAACGCCTTGATCGACAACGCCTTTGTCATGATCGGCGAACTTGCGGGCATCCCCGAGGCCGCCGGCGCAACCTCCTGAACGAAACCCGAGCTATTTTTCCATCGAATCCATTTCCTGCAATTGCGGCAATTGCCGTTGACGCAGGAAATGGATAATCGTACAGTTTTCCCATCAGTCATTTCAAACACCTGCAAGGAGTATAACATGGGAATGCCAATACTGGCAGGGTTGATTGTGTACCTCATCATCGCCCTGATGATCGGGGGAATCTTCGTTCATATCGAACGGAAGCATCGCGGCCTCGCCTGGCCCAAGGCGATCGGCGTCGGGCTTACGATCGGGGCGTTCTGGCCGTTCCTGCTATTGGCGGCCTTCTGACCACGAGCCCATCGGGGGAATCGTTCTGGTTCCCCTTGTCCCACCCACAATCTTACAACTGGTCGGAGAGCAGCAATGAACCATCAAGATGAGTGCCAGGCCACGAGGCATATCCACGAGTATCACCTTGTCGCCAATATTTCGCCCCAATGGCTCGGCTTCGTCGTGGGCGTGGGCGTTCTGGGGTTTCTTGCCGGCCTTATGTTCTGAACTTCAGATTCCCGCCTGTTTTCAACCTGAACACCTATCGGAGAACGAACATGATTGCGACGAATCGTGAAGCTACCCAGGATGAGGGCACGACGACGCCCGAGCGGCCGACGTGTGCGACGTGTGCGTACTGGCTGGCCCCGCCGGCGTCATACGAGGGACGCATGGGGAATTGCCGCAAGGATCTCGTTACGGCCAAGGCGGGCGTGACCGTCTATCCCGAGGATTTCTGCGGCGAGCATCCCGACTTCCCCGCCTTCGTTGCGGCCACGCGGCCCGCGCCTAAGGTCATGTCGGGCCACTCAGGAGAAGTCATTTTTGAGAACGGCTCATCGATCACATTCGGCCGTTGGAACGCGACTGCAAGCCCGGTTGCCGAATGGGACGATAACGGAGCGGACAAGCCGGCCGAATCCAACCTGATCGCCGAAGTGCCGCCCGACCACGAATGGTTCATACGGTTCCGAACCATCGCTGAGAAGATCGCCGGCAACTGGCCGCACAACAACATGTTCGCCCCAGAATTCCATCTATTGATGATGGATCTCAAGGCGATCCTTAAGGAAGGCCAAGAGGTCTGCGAAATCTCGGCCGGGCCAGAGTACGCCGACACGCTTTCGGCCGACATGGACGCCGCAATTCTGCATGGGAACTATCGGCGGTTGTACGCGGCGGCCAAATCACTCGGCAAGCAAGCCGGAATGCTGGGCTTGGATTGGGGAGGAAAATGGGCCAACCTTAGCCACGCCCTTGATGCCCTGCCCGAAAACGACCCGTTCCCGGCGGAAGATGTCGCCTGGCTCAAGAACGAGTTGGCGAAGATGACCGAGACTAAAAACCACCTTGCTCGTCGCCTGCACGATTCCGCCATGAACAACATCGCCCAACGTCGCGAGACTGGGCAACTTCGCACCGAGCTATCCAGGCGCAACGACACTATCGCGGCATTCCAGGCCAGAATCGACCAGTTGGAAGGCGAGAAGGTTTCCCTTCGCCGGGCTGTCCTGCCCGTATTGCCCCTCACGCTCGACGTTGGCCCCATCCGCGAACAGACGAAGGAACTGGCCGAGAAGTTGATTGCGGAGCAGGTGATTCCACTGCGAGAAGCGGCGATTCATGCTTGCAAGTTCATGCTGACTTGTCCATCGCTTGACCCGATTGGGAAGGGATGGCAGAATGCCAAGCTTTACGCCGGAAATTTGCTCAAGGACGCCTTGGAGGGGAAGCCGGAATCCGACGACGTGATTGACCCCTCGTTCGATGAAGCTTGCGGCGAAGTGCTCAAGCCCACCGTAGCCGCCGAGTGGCCCGAGAGTCGCCGAGTCGACGCCGAGTGGTTCGCGGAACTTGACGAGGTCATCAGCGACGTCATCAACCAGTGGCCGGACGATGATGTCGAATTCGACGAATTCGACGCGACGATTAATCGCCTCATAGCCATTCGTGTCGCGGGGCATTCCGCCGTCGTGCCCCTGGCCAAGCCATCCGCAGGCGAGTCGGAGCGGATCATCCAGCTTGAAGCCGAGTTGACCAAGGCTCGGGCCAAGTTCCGCCAACGGGGCCAGACAATCCATCAGTTAAACAACCGGATCGCCGAACTTCGCCCCGAGATTACGGAGCTTCGCCAGGCCAACGAGAATCAGGCCAACACGATTCGCGGGTTCTGGGCGGAACGGGAGAAGCGAGCGGCCAGGCTCGTTCCGTTAGAAGTCGCGAGCATTGGGGCCGAGTTGCGTGACCTTCGCCAAGACCTTGTTACGGTCATGTCGGCCGGCCGGAGCATGGTAGAAGAGTGGGGAGGCGATCGCACTGGC
NZ_CP155447.1_gap57	1879511	1881436	1925	AACCTTGCTGACGCTGGCCCTCACGATATCGGCCGCCCCCGAAACGACCTCCGGCGTTGTTGCGCCGGGGGCGACGCTCGAGAAGCTCTGGGACCAAGGGAGCTTCACCGAAGGGGGAGCACTGACCCAGGACGGGTCAATCCTGTTCTCCGACATCGGCGACCGGATCATGCGGTTCGACCCTGCGACGAAGGCCGTCACGGCCTTCCGCGACCCGAGCGGCCGGTCCAACGGTCTGATCTTCGATCCTCAAGGGCGGTTGATCGTTGCCGAGGGGGCGAATACCGGCGGTGGGCGGCGGGTCTCGATCACCGAGCGCGACGGCAAGATCCGCACGCTGGCCGACGGCTACCAGGGGAAGCGATTCAACAGCCCGAACGACGTGGCCGTCGATGGCAAGGGGCGGGTCTACGTCTCCGACCCCCGTTACGTCGGAGACGAGCCCCGCGAACTCGACTTCGAGGCCGTGTTCCGGATCGATCCCGACGGCCGGGTCGTCCGGCTGGAAACGACGGCCCGCAAGCCGAACGGCCTGGCGATCAGCCCCGACGGCAAGATCTTGTACGTCGCCGACACCGGCCCCTCCCGACGCGCCCTGCTGGCGCTTGATCTCGGCGAGGACGGCAGCGTCGGCCCTCCTCGCGTCCTCCACGACTTTGGCGATGGCCGGGGCATCGACGGCCTGACCGTGACGACCGATGGTCGGCTCGTCGTCACGGCCGGCAACGGGCCCAAGGGGGGCGTTTATATCTTGACCCCCGCCGGTAAGCCGGCCGGGTTCATCCCCACCCCCGAGGCCCCCTCGAACGTCGAGTTCGGCGGCCCTGAGCGAAAGACCCTCTACATCACAGCCGGCAAGAGCCTCTACCGGATCGAGACCACGATGACCGGCCATCACCTCTGGCCCCCGCGCTGACGACCGCCCATTGGCCTGAACCGACGATGGGACGAATATCGTCGGTTCATCAGGAGCCCACTTGCCGGGCTCCGTGGGCAGACGCCGTCGATGCCGAGCGGGTGGCATCAAGGGGGTCTGTTGGTCACCCGCTCGAATAATTCCACGAGGCGAGGGAGCGTGACGTCCAGCGCATAGCGGCGGCGGATCAAATCGGTGCCTTGCAGGCCGAGGTGGCGATAGGAAGCGGGATCACGAAGGACGTCGAGCGCTCGTGCCGCGAAGCCGTCCACGTCGAAGAAATCCTCAAGCAGGCCGGTCTCTCCATCGACGATCATCTCGCGGACCGGGGCGGTGTCCGAGGCCAGGATCGTGCAACCGCAGGCCAAGGCGTTCATGAGCGACCAGGAGAGGACGAAAGGCACGGTCAGATAGAGATGAAGGTCGCTCAGGCTGAGAATATCGACCAACGTTGACGCGGGGACGAGCCCGGTGAACACGAATTTGGAAAGGTCGTAGTTTTCCTGGGCAAGCACATGCTCGCGAAAACTCTTGTGCTTGATTCGTTTCTCATCGCCGCCATAGCAGATCCGGTCGCTGCCGACGACGATGAACAAGACGTCGGGGTACGACTCATAAATTCGCTTGGCGGCCCGCATGAAAATATCGAACCCGCGCATCGATTCAAACCCGCGGCTGACGTAGGTGACGATCCGGGTCGATGCGGGGATCTCCCGGCCGCCGATCCGGCGCGGCGCCCCCTCGCGGCGGCAGTAGAGATCGGTCTCGATGCCATCGAAAATCACGTCGATCTTCGATCGTAGCTCGCTCGGGAAGAGGCTGCGTTGAAACTCCGTCGGGCTATACCCGGCCTTGCAATTGACGAGGTCGAGCAGAATCATCGCGTTACGTGCCTGAGAGCGTAACCGATCGAGTTCCCCTGGCGGCGATTCCGGCCGGAAGTCCAGGTCGGAACCGTGCGAATGATAGAAATATTCGAAATAATTGATAATAGGGACGCCGGGGTAGA
NZ_CP155447.1_gap58	1895115	1899030	3915	GGGTCGGTCTAACCGGCGGAGGGGAAGGTCAATCTCAGTTGGCAGCGGGCTCACTCCGTAGCGGTGGATTCGGTTTCGGATTCATTGCCGCTCGGGCGGCGTGGCTCGCTGAGTGATCTCAAAAAGTCGGCCGTTAGTTGGGGGTGGCGAATGCGGAAGTCTCTGCTCGCGGTTCTGGTCCTGACCATCGCTGCTGTCTCGTCCGAGCAAACTCGCGCGGACGACGGCGCACTCGGGGCGCGATCAAAAATCTTGGATTTCCTGAAGCGAGAAGTGCTCGGGAAATCGCTGGTCCACCATAGCGTCTCGAAGATTGACAACGGCAAGCTCGAAGTGGACTTCTCCCGCACATTGAAGTTCGCGAACGTCACCACAACGGAGCGGGGCTTCAAGTTCGATCTCCTCATCGACATCAAGCAGGCCAACTATGATCTTGATGAGAGTGGGGCAAGAAAGGGGACGAGCATTGCGAAAGATCGTTCCCTCGTTGAGCGATTCGAGATCCGGGAACGAACCAGCACTGGAGAGTTGCTCGGCTACTGTTCTGTGATTACGAATTCGCTGAAGGATTCGAGCGGACGGGCGGACTTTGTCCAGGTAAAGCTGGAAGGCGACAGGCTGAAAATCAAGCAGTCGACGGTCGGCTACGATGATTTATTCGCGGCTGGGGACAAGACCAAACCAGGCGCCGTGGAGACCGAAAGCGATCTCTTTGTCTCAGAAGGTCGACTTCAGCACGTTCAGAAGATTCAGTCCTACGAGGTCGATCCAGCAAGCCTCAAGCGGACTCCCTATGCGGAGCCGGAAACCATGGTAAGTCAAGAGAAGAGATGAGTCACGGAGCGCACCGCCTCGGTCCAACCGGCCGGCCGAGGCGACGGGACCCGAATTCCAGGGACGAGGGCGGCAACTGGCCGGAGAGGTGATGTCACGCAAGAGAATCGTCCCCTTCTCCCCGCTCAGACTCTTGGTGCTGGGGAGGGGGTATCAGTCTCTGGTCAGGTTCAGACCCGATCAATGCGAGGGGCAGGCCGTCGGCTTTGCCAATCTCAGGCTAGCCGTTGCACGCTCGACCGACCCGTTGCGGATAGAAGGGTGACGAGGCGATCGAACGACGAGTCGCCCGAGTCGAGTGAGCAGGCTGACCGAGGAGTCGAATCCGATGCGTGCCATGAAGAAGGCGGCCCAAATGTTCGGTGTGATGGCGATCGCGGTGGGTTGCCTTGGTGTGGCGACCGATCTGAAGGCGGGGGAGTTCCGCGGAAGCCACAATTCGGGGCACCACAACCAGGGTGGGCATAACGGGGGCCATCACAACAATGGCTTTCGGCCCGGCCACAACTTTGGCGGGTTCCGCCCGGGATACGGGTACGGTGGCTATCGCCCAGGGTGGGGCGGGGGCTTCTATCCGGGCGGGTTCAACCGTGGCGGATTCGTCTACAACCGGCCTGGCGACGGCCGCCCTCCGATTTTCATTCCCCGCTGAGCGGAGAGTCGGTGGATCCTGAAACGAAGCGACCCCGAGCGAAATCGCTCGGGGTCGTTGTGCATACTGGGCAGGAGAGCTTCGAAAGGGAGCAGAAGCGGCAGGTCAAACAACAGAGCTTATGCCGACAAATGTTACCTGTGAGTAAGACGTGTTGGAATGATGTGTTAGTTTAGAAGGCTCGCTTCAAGGCGTTGGCTTGCTTGCATTGGAAGTGGAGCTTTCGTTTTTCACGCCACCAAACCCTTGGATGACGTAGAAGAAGACCGGTGTCAGGAAGATGCCGAAGGCGGTCACGCCGAGCATGCCGCTGAAGACGGCTTGGCCCAGGGCCCGACGCATCTCGGCGCCTGCGCCTTGGGCCAGGACGAGTGGGACGACGCCGAGGATGAAGGCGAGCGAGGTCATCAGGATCGGCCGGAGTCGCAGGCGGGCGGCCTCCAGGGTGGCCTCGCAACGCGGCTCACCAGCCTCCTGCCTCTGCTTGGCGAATTCGACGATGAGGATGGCGTTCTTGCTGGCCAGGCCGACCAGCACCACGAAGCCGATCTGGGTGAAGATGTTCACTTCCATCTTCGCCAGGCTCAACCCGACGATCGAGCAGAGCAGGCACATCGGCACGACCAGGATGACGGCCAACGGCAGCGACCAGCTCTCGTACTGCGCCGCCAGCACCAGGAAGACGAGGACGACCGCGAGCGCGAAGACGAACATCGCGGTATTGCCCGCCTGGAGTTGCAAGTAGGTCAGCTCGGTCCAGTCGAACGCCATCGACCGGGGCAATTCCTTGTCGGCAATCTCCTGCATGAGCGCGATCGCCTGTCCTGAACTGGTCCCCGGCGCGGTGTTGCCGATGATGGCGGTGGCGGAGTACATGTTGTATCGCAACACGGACACCGGCCCACTGATGTTGCGCGCGGACAGGAGCGTGCCGAGCCGGACCATCTGCCCTTGAGAACTCCGCACCTGGAGTTGGCGGATATCTTGAACCCCCGCGCGGAACTGCTGATCGGCCTGGACATTCACCTGCCAGGTCCGGCCGAACTCGTTGAAATTATTGACATAATAGGATCCTAGATAGAACTGCAAGGTGCTGAAGACGTCGCTGACCGACAGGCCGAGGGCTTCGCACTTGGTCCGGTCGATGTCGAGGTAGAGCCAGGGGGTATCGGTCCGGGAGCTGTTGAAGAGGCCCTGTAAGCCTGGGGTCTTGTTGCCTCGCGCGACGATCTGGTCGCTGACCCGCTGCAAGGTCCCCAAACCGAGATTGCCGCGATCTTCAATGATCAGCTTGAAGCCGCCGGTCGTGCCCAGGCCGTCGATCGGGGGCGCTCCGAACGCCGACACGACGGCCCCGCGAACCTCACGCCCGCAGCGCTCACGCAAGGTCGCGGCGATGGCGTCAGCCGTCAATGTGGGGCCTCGCCGCTGAGCGAACTCCTTCAGCATGATGTACAGTGAGCCCAGGTTGGGCGCGTTGGCGTTCAGAATCAGCGACTGGCCGGAGATGCCCACCGTGTGGCCGACCCCCGGTGTGTCGTGCGCCAGCGCTTCGATATGGGCCATGACTTGCTGGGTCCGCTCGACCGAGGCGGAATCGGGCAACTGCACGTTGAGGAGGAGATACCCTTTGTCCTGTTGCGGGATGAAGCCCGTCGGGGCCTGCTTGAACTCCCAGTATGTCACCAAGAGCAGGCCGCCGTAGACGAGCAGGGCAATGACGCTCATCCGGAGCAGGCCACTGACCAGGCGCGTGTACCACGCCGTGCCGGCACCGAGAGCGGCGTTGAACAGGCGGAAGAACCAGCCGAGCAGCAGGTTGAGGAGCCGGGTCAAGGGATCCCTGCGGGCGTGGCCCGGCTGGAGCAAGATCGCGGCCAGGGCCGGGCTGAGCGTCAGCGAGTTGAAGGCGGAGATCACGGTCGAGACGGCGATCGTCACCGCGAACTGCCGGAAGAACTGGCCGGTGATCCCGCCGAGAAAGGCGCAGGGGACGAACACGGCGCAGAGCACCAGGGCGACCGCGATGACCGGCCCGGTCACCTCCTCCATGGCCCGATAGGCGGCGTCGCGTGGCGACAGCCCCTGCTCGAGCCATCGCTCGACGTTCTCCACGACGACGATGGCGTCGTCCACCACGATCCCGATCGCTAGCACCAGGCCAAACAGCGATAGATTGTTCAGCGAATAGCCGAGGGCCGCCATGATGGCGAACGTGCCCACGATCGCGACCGGGACGGCGATCAGGGGGATCAGGGCGGCTCGCCAGTTCTGGAGGAAGACCAGCACCACGATGGCCACCAGGATCACCGCGTCACGGAGCGTGTTGAAAACCTCATAAACAGACTCGCTGATAAAAGGGGTGGTGTCGTATACGATTCGATAATCCATCCCATCGGGGAACCGGGTCTTGAGCTCCTTCACCTTGG
NZ_CP155447.1_gap59	1906449	1911004	4555	TCGGACCGGAGTTCCGGGGAGCCCGGCTCGTTCATGCCGTAGGAGAGATGCACCATGCTCATCGAGTCTTCGACGGTGATGCCCTGGGGCCCGGATTGCTGGTGATCGATCTCGGTCCGGCCGATGCAAGGAAGGATCAGGGCCTCCCGGCCATGGACCAGATGGCTCCGATTCAGCTTGGTGCTCACGTGCATCGTGAGGTCGCAGCGGCGGAGCGCCTCGAAGGTGAGGTTGCGATCCGGGACGGCCATGGCGAAGTTGCCTCCCATCCCCAGGAAGACCTTGACCTCTCCCTTCGCCATTGCCGCGATCGTGCGGACGGTGTCCAGCCCTGGCTCGCGCGGGGCCCTGATCTTGCACGCGGCCTCCAACCGGCTGAGCCACTCCTCCGTCGGCCGGTGATCGACGCCGCAGGTCCGGTTCCCCTGGACGTTGGAGTGACCTCGAATGGGACATGGGCCTGCCCCTTCGCGGCCGATGTTCCCGCGGAGCAGCAGGACGTTCATGATCTCGCGGATCGTGTCGACCCCGTTCTCTTGCTGCGACAGCCCCAGGCACCAACTGATGATGCAGGATCGGGATTCGCTGTAGATCTTTGCGGCGGCCCGAATCGCTTCGAGCGTCAGGCCGGATTGACGCACCAGCTCATCCCACGGTGTGGCCTGGCAGACGGCTCGATACGCCTCGAAGCCCGAGGTGAAGCGTTCGATGAACAGCCGGTCGAGCGCCTTCGGGTTGGTGTCTGCCTCTTCGATCAAGTACTTGGCGATGCCTCGCATCAGGGCCATGTCGCCGCCGATGCGCGGCTGGAGGTTCAGCGAACTGGTGGGCGTGGCCCGAAAGAGGGCCATGTCGAGGATCTCGTGCGGCGTGATCACGCGGGTCGCCGCGGCCTCGATCAGCGGATTCACATGCACGATCTTCAAGCCGCGTTCTTTGACTCCATCCGCCAAGGCGGTCAGCATCCGAGGCGCGTTCGACGCTGCATTCACGCCCATGACGAAGATGGCGTCGGCCTTCTGCCAGTCGACCAGGTCGACCGTCCCCTTTCCCGTCCCGATCGAGGCGTTCAGTGCCCGGCCGCTCGCCTCGTGGCACATATTCGAACAGTCGGGCAGGTTGTTGGTGCCAAACTCACGGGCGAACCACTGATACAGAAAGGTCGCCTCGTTCCCCAATCGCCCCGAGGTGTAGAACGACGCCTGGTGGGGGCTCGATAACGCCCGCAAGTGCCGGCCCGCCGTCTGGAAAGCGTCGTCCCACGAAATCGGAATATACTTGTCGGAGGCTGAATCGTAGGACAAGGGCTCGGTCAGTCGGCCGACGTCTTCCAGCGCGAAGTCGGACCACTCCATGAGCTGGCTGACCGTGTGGGTGGCGAAGAACTCGCGGTCGACCCGTTTGCGCGTCATCTCCCAGGTGGCATGCTTGATTCCATTTTCGCAGATGTCCATACGCAGGCCCTTGCGGTCGTCGGGCCAGGCGCAGCCGGGGCAGTCGTAGCCCCCATTCTCGTGGTTCATTCGGAAGATGGCTTTGACCCCGTTGAGGATCTCTCCTTGTTGGATCAGGGTCAGGCCGACACTTTTCGCCGCCCCCCAGGCGGCCGCGGGATGCGTGTAGTCGTGCTGTGAGAATTCGCCGTCGACGTTGGGACCACAGCCGACAGCGGGCTCGACTGCCAATTTCTCGGGGTGAGAATGTGTGTTATCCATCACCAAACTCCCCATCAGCATAATGAGTTTAGAATTGTTTCGATGAGGTGAATCGAGTCCTGACTGGAGGCCGGTGGGTTCGTGGAATCATCCGCTTTGTCGAGTGGGGGCGGACTTACCCGTTTTCGCCAGGCCAGGTGAAGGGGACGTCAGCGTTTGCGAAGTCGTTTGGTTTCAAGAGACTGGTGGATTTCGTAGGATTGACAAGGAAAGACATGGTGTCCGATTGCTGGCTTCTGCGGAGGTGGGCGGAGCTGCCCACCTTTTCTCCCCCACACTATTTTTTGTCGAGGCCCATTAACGCGATTGAGATTCGGATTTCTCGGCGCCGTCCTTGTCTGTGATGAACACGTCCCGGTGGGGGAACTTCTCGAACAAGGAGGCTGGCTTGCTGAAGTTGGTGGCCAGCACGTCGACCGGGTTGCCGGCGATCCATTGTGACAGGTCGATGGTCGCGTACTCGCCGGTATTGAACCCGAGGAGAGCGCGGGACGGGGTGTCGCCGACGTTTTCGATCGAGTGCCCGTACCCTTGCGGGATGTAGCCGACGTCTCCCGCTTCGAGGATCTCGGTCCGGTATCGACCGTGCGAACCGAACAGCGTCACGCTGACCTTGCCCTTGATGATGTACTGCCACTCGTCCGCAGTCGGATGCCAGTGGAGTTCGCGCAACGCCCCCGGATCGAGGTCGAGGATGACCCCCGTGACCGTCTTCGAGATGGGGAACCGGCTGGAATCGACCCGCCACTCCCGACCCCCTTTGAAGATGCCGTGCGGGGTTTGTGAAAGCAGTTCATACTTGTGTGTCAGCGGTGGTAGCGTGCGTCCTTGGAGTGGGGTGACCGGCGTTTCCGCGGGCACGCTGCCGCGGGCGAAGTACACTTCCTCCTTCGGGAATCCGTCGAAGGCCGACTCGGGGAGGCCGAAATTCTTGGCCAGGAGCGACTTTGGTACGTGGCCAAGCCAGTCGGTGATGCTGAACGTGCCGAACTCCGAGAAGTAGCCATTGTCGAAGATCAGGATGAAGTGCGTGGGTTCCTGGCCTAAGCATTCGAGCATGTGACCGTGGCCGCGAGGAAAGTACCACACATCTCCCGAGTTGAAGTCATTGGTCTCGGAGTTCCCCTGCGGGTCGATGACCGTCGTCCGGACCCGTCCGTCGATCACGAACGCCCACTCGGCCGCGGTGGCGTGCCAGTGCAGTTCCCGCATGGCCCCTGGCTCGAGTCTCATGGAGACGCCCGCGATTCCCTTGGAGATCGGCAACTGCTTGACGGTGGCTTCCTTGCCGAAACTGTTGCCGATCACCTTGCCAGTCGACTTCTCCAACGCGAACTTGAAGGTTGGCAGTTCCTCGTTGGCCAGCAGAGGGTCGGGCACGTTGTTCATGAAGCTCGGATCGCCCGCTTCGGCCTGCTTGGTCCCGACCAGAGCCGCCGTCGTGGCGGCGGCGAATGCGGCGGCCCCTGCCAGAAAATCCCTGCGTTGAAAGTCGGCCATGGGAATCTCCTTTCTTTTTTTTCGGGAAACAGGGCGTGATCGAGTTTCCGGCTTTCCTGAGACGGAGTCCAGAGGTCAGTCTCAGGAGGCGCTGTCAGTGGCGAGACGCGGAGACTGATTGGCCGCTGGTGGGAGAAATCCTGCCGACGATCGCGGCTTGGTGTGAAGAAAGGGCGGAGTTCAGGCCGCAGAGGTCGCGTCTTTCCTCGAACTCATCGAACGTAAGCGACGGGCTGAAGCTGACCAAGCGTCGGGCGCCGGCGAGGAGCGCTTGGACGAGACCGAGTGCCAGGGGCATGAGTGCCAGCCCGAGGGACCACATTATGAGAGTAAGCATCCACACGTCTCCTTCCGCGGCCCCCCTCATCGGGGCGGCGACCAGACTTTGAGTTGAGTGCATCCAAAGCCCCCTGTGTCTGGCGGGCCGCTTGCGCCTTTCGGGCAGGTTCTTGGGGCCTTCGCTCCTTGCCCCCCTATGAGACCTGCGAATAATGCCGAGGGAACCCTTCATTGTTTTTGGGAAGGGGAGTGGGGATGGCGGCTGAGTTACGGTGTGAATTGACACTCCTCCTGGGGCGTGCCCGGGCCGGGGACGAGCACGCCAAAGGCGAACTTCTCACGCTGGTCTATGACGAGCTGCGCCACGTAGCCTCGCATCTGATGCGCCGGGAGCGGGCTGGCCATACGCTTCCCCCCACCGCCGTGGTCCACGAGGCTGTGTTGCGACTTCTCGGCGATGCGGTCTTCGACAAGGCTGTGGATCGGAACTATCTGTTCGCTTCGGCCGCACGAGCGATGCGCGAGGTGCTCATCGACCACGCACGGCGGCGGGCCGCCGACCGGCGTGGAGGGGGTTGGCAGCGCAAGCCGCTGGACCATCGGGTGGACTACTTCGCGGACCAGGGGTTGGATGTCGTTGCGGTCCACGAGGCCCTCGACCGGTTGGCCGCGCGGAACGAGCGCCAGGGGCAAATCATGACCCTGAGATATTTTGGCGGTCTCACCGTGGCTGAGATCGCCCAGGCGCTCGGCGTCTCGGTGGTCACCGTCGAACGGGATTGGCGGCTTGCGCGGGCCTGGCTCCAGGGCCAGCTTAGGGAGGGGGAAATGGAATGACTCCGGACCGCTGGCGTCAGATTGGTGACCTCTTCGACGCCTCGCTCCAACTCGCCCCCCCCGAGCGAGACGCCTGGCTCCGGCAGACTTGCGGCGAAGACGATGACCTTCGAGCCGAGGTCGATCGCCTTCTCGCCCAGGACGAGCGGGCGGCTCGCAATGCGTTCCTGCCGCCCCCCGAGTCAGCGCCCCGATCTCTCGATCGGACGGGATGCTGGCCCCCT
NZ_CP155447.1_gap60	2007584	2012459	4875	GGCGGCGTACAGGCTCAAGAGGCTGCCAAGCCCGAGTGGACCTACTCAGGGGAGCAGCTCCGCCCCTTCTGGTTGGGTGAAGTCATGGAGGGTGAGTCCGTCCTGTTCATCAAGGACGAGAAGTCGGGCGAGGCCCGCGCATCGGTGCTCTTCCCGATCCGGAAAGTCCTCTCCGTCCGCAGTTCGACGGGCGAAGTCCAGTTCGAGGAGGGCCGGGACTACATCTGGAAGGCGGGCTCGAGAGAGATCGTGGTCCCGCCGGGCTCGCGGATCACGTCCTCCACACCCGAGGCACTCCGCCGGCCCGCGAAGAGTCAGCCCTATCAGCTCACGCACCGGGACGGGAACGGGGAGATCTATTTCGGTGGGAAGCTCGAGTACCACGAGCTTCAGACCATCATCAGTTACTCGCACGCACCCGGCCTCTGGACTTCGCCGGTGCCGAAGTTCGATCCGAAGGCCCTTCCGCTTACGATCGACAAGCTTCAGAAGCGAGAACCCCTGAAGATCGTCGTGCTCGGGGACAGCATCTCCACGGGGTGCAACGCATCGGGCTGGGCGGACGGAAAGCCGTTCCAGCCGGCCTACCCGGAACTCGTGAGCAGGATCCTGCACGAGCGGCACAAAGGTCGGGTGGAGGTCGCCAACCTGTCCGTCGGCGGGATGGACTCGGCGTGGGGCCTGACCATGGTCGAGAAGGTGGTCGAGGCCGAGCCGGACCTCGTCCTCCTCGCCTTCGGCATGAACGATTCCGGCAGCAGGCCCGCCAAGGACTTCCAGGACAAGATCGCCGCGACAGTGAGGGGCATCCAGGAGAAGCGGCCCAAGGCCGAGTTCATCCTCGTCGCCACAATGGTCGGCAACCCGGACTGGGTCGCACTCAAGCAGGAGCTCTTCCCGCAATACCGAGACGCCCTCGCGAATCAGTGCGGGCCGGGGGTGGCGCTGGCCGATGTCACCTCGGTCTGGGGTGAGTTCCTCAAGCTCAAGAAGGACTGGGATCAGACCGGCAACGGCGTGAACCATCCCAACGACTTCGGCCACCGCGTCTATGCGCAGGTCATCTCCTCGCTTCTGATCCCGAGCGTCGAGGCAGTGGGCGAGAAGTAGGCTTCTGGGTGGTCAGGAACGACGGTCGTGCTTGCCTGGATTGGAGTTGCGGGTATCATCGCCGCCATGGCCGTCAAAGAGATCCTCGCACCGCTCGAGTCTCTCGGCGACGACGTCCGGCGTGCCCACAGCACGAAGGCCGGCACGCCTGACAACCAGTTCGGAGTGAAGCTCGGCGACATCCGTGCGATGGCCAGGAGGATTAAGACCGATCACGAACTGGCGATCCATCTTTGGGACACCGGCAACGTCGAGGCGCAGCTCCTCACCACGCTCGTCATCAAGACCAAATCGCTCTCCGCCGACGAGCTCGACAAGCTGACTCGCTCCACCATCTGCGCTCAGGTGGCGGACTGGCTGAACGCATGATGTCGTTGCACAGCACCCAGAGAAGGAATCGCTGCGTGAGAAGTGGATGACGGCGAAGGATCGCTGGGCCGCCCGTGGTCTTCCTCCTTAGCCCAGATTATTCAAACCCGTCAGGCTTCGGGCCATTTTGGGAACTGACGGGACTGAATTCGATGATATGGTGTTCAAGAACGCACCTGGCCTAATTTCAGGATCGCATCGTGCAAGTCGAGGGCGTACCTTCCCCCTCCCCATAGCGTTCCAAACGGCCTTTACGCTCCCCGACGTGGATCAATCCGGCTTATCCCGGGGAAGGTTGGGGAGGGGGCATATTCACCGCTCGACTGACCTCCATAAAGTGATCTATGTGAGGCCAACTGCTGGATAGTCGCACAATGACTCGCCTCGCGCGGGTGATCACTTCCGCCGAAACCTTGATCAAACGAGTCCGCCAGGTGCTGGCGAAACCACCTCCCAGCGGATCACGCTCGCGACGTTTGTTAAAGAACCGCTTGCGATTCGGCTCGTCGATCGCTTCTGTCGGAAAATCGGCTGGCAGATTCAACTCGGCCGACGTTGGCAGGGTTTGAACCACCGCCTGACGGAGTCGCACCAGCAGATTCAAGGCGGCCGTGTGCAGGTAGAGACGGAAGTAATTCGCCATGAACCGGTGGTCGCTCAGACGGTCGGCCAGCAACTCGGTCTTCAGTTCTTTGTTCCGGTTTCGCTCTCGCCGCATGGTGTACTCGTCATAAATCGCCTGTGGGAGAACGCGACAGCCAGGGCGGTTGGTGACCACGGCTCGCCGGTTGGTCCCTGGGCATGGACCTCGACCTTGATCACGACCGGTTGGGGCGAGCCAACTGTCGGCCTGATACTCGACGCAAAGGAACAACCGTTGAGGTTGGCCAGTCTCTTCGTATTGCTGAAGGGCGTCCTTCAGGAGAGCGTCACTCATGGCCCGCAGCCGAGAGTTCATGCCGATTCCCAAGGTATAGCTCAATCGCAATTCCTGGCAGACGTCATACATTAGGGAACGCCAAAGCCACTGTCGCCTCGGACATGGATCTGCACGTCAGGCCAGACAGCCCGCAATCGCCCCACCAGATATCGCAGATCGTTGTTGGCCCCAAGAATGCAGCACAGGTGCCATACCTCAGTCCACGAGGAGAACCATATCGTTTTCTGCACACGTTATGGCAATTGGCAAATACTGATTCTGTTCATAGTAGCCATGAAACATAGTGAGTTGTTGCTGGCCATGTGCGGGTCGTCGAACGCGTCGATGTCGAAGGTGAGATGGTTGGGCGGCCGATCGAACGACTGAATGAAGAGGTCAACCATCACATCCCGTAACCTCCAGAGGTCGGCGATCGAGACCGCGTTCTCGAAGCGCGAGAGCGTTGGCTGACTCGCGAGGTCAAGGCCGTCGGGGAGACGCCCGGCGAGGAGTTTGAAGACGGGATCGGAGCGTAAAGTGTCGTGGTCGTTCTGGTCCTCGTAATCGGCGAGGATTCCAAAGATCCGCTGCCGGACCATCGTGGCAATGGACTGGCGGGCGAGCGAAGGATTTCGAGTGTCCTGAAGGGCGGCAGCGAACTGTTCCGTGAGGTGAATTCGCTCGTCGAACTGGCGTATGAGCAGCAGTCCGGCATCACTGGAAAGCGGTGAGGAAGAGACTTCGATTTCGACAGGCCGCGAGGCCAAGAAATCCAATGACACCGGCGGAACAGAGTGTAAACTCATAGGGAGGCCTCTGGTGGCGTCGAATGTGTCGTTGTAGTAACACATTAGACGAAATCAGAGGCCTCTTTATTGAGTCGAGTTTGAATAATCCGGGTTAGCCTTCGCCCCGGCGCGCGGCCTCGATCGCGGCGATGTCGATCTTCCTCATCGACATCATGGCTTCCATTGCGCGCTTCGCGGCGGCGCGATCCGGGTCGGTCGTCGCCTCGAGCAGGACGCGCGGCGTGATCTGCCAGGAGAAGCCCCAGCGATCCTTGCACCAGCCGCAGGCGCTTTCCTTGCCGCCGTTGCCCACGATCGCGTCCCAGTAACGGTCGGTCTCTTCCTGATTGTCGGTCAGGACCATGAAGCTGACCGCCTCGTTCGGCTTGAAATTTGGCCCGCCATTCAGGCCGATGTATGCCTGTCCCATTACGGTGAATTCGACGGTGAGATCCTCGCCCATCTTCGCAGACGGATTGTCCACAGCGGAGGCGTGAGCTTTCCCTACATGGCTGTCGGGGAACACGCTCGCATAGAACTCGGCCGCCTCGCGGGCCTTGCCGCAGTCGAACCACAGGCAAATGGTCATCTTGCTCATGTCCGCTCTCCTCAACTTGCCGCCGGCGAGTGTGAAGGCAACGCCTTGCGGTCCCCCTGTCATTACCCCGAGAAGATCCCAGCTTCGGGGATTGGAACCATTTATCGGCAGAAAGTCAACAAACGTACAGTGGGATTCGGACGATTGAGTCTACGGCACCAACCACCGATGGAATTACCGGGGTTGTCAGAGTTTGCAAGGCTCGGTTTCAAGTTGCTGAGTGGATGCCGGTCAGTTGAGTGTCGCTCTGGATGTCGAACCGTTGCACGCGACCGCAGTGGAGGCGGAATGCATGTTTCACCGTTTCATCGATGAGCGTCTGCCCTTCGAGGTTTTTGACGACCTGGTGCACGTCAACGACCAGGGAACCGTCGGCGGCTTTGGCAATCGTCAGCGGCTCGACGTGAGGGTCGATAACCGACCATTGATGAGTCCAATAGTCCCGGATTGCGTCCTTTCCGTGAACATAGGTGCCTTCCATGCCGTTCGCCCACGCCACGTCATCGGTGAGCAGGGCGAAGACACCTTCCATGTCTCGAGCATTAAAACTATTGTAAAGTTGATGAATCACTTGCTCGTCACGGTCCATCTGGGAGCCTCCGATTGATCAACCCGAAGTGATCATGAGGTCGGTCGGGACGTGTCTTCCGAAGCCGTTTTCGAGGCGGCGTGCACAATTTCCGGCAACGCGGAATCGAGTTTTTCCCAGGTCCCTGCCGGCAGCGATCGCCGCATCCGATCCTGGGCCCTCAGCCACGCCGGGCGGACCTGCTCGACCTTTTCCTTCCCCGCCGGCGTGATCGCCACCCATTTTTCTCGGCGGTCGGTACCGGGACGGATCGACACCCAGCCGCTCTTTTCCAGGAGGCGGAGGCTCCGGGTCAAGGTCGTTTCGTCGAGGGACGCCATCTCGCCGAGATCGCCCTTGCGCACCTCTCCCGCTCGGACGAGTAGCCTCAATAGGAAGTGCTGAGTGGATCGCATTCCGGTTTTTCGGAACTCTGCGTCATAGACTCTGGTCACGGCGCGGGAAGCTTGCCGGAGAGCCGCGCAGAGGCACGGTGTCGCGACGGGTTGGTGATTTCCAGGGG
NZ_CP155447.1_gap61	2102397	2106297	3900	CGTCCCCGACCATTACGCCATCGACTGCGCCTCACGACACGATTACGAAGGGTTCGTGGCCTGCGAACTGCCCCAACGGCAGCAGTCGGGGATGCCGCCGTACGGTCGCCTGGTGCGATTGATCGGCCGCGGTCCCGACGAGCCTCAGGTTCGGACATTTATGAATGAGTTGCTGGAGACATTGAAGGCCGCCGCTCCGCCCGGGGTGACGATGCATGGCCCGGCCCCCACGCCGATCTCCAAGATTCGCAACCTCTATCGCTATCATCTCCGGCTGCGGGGTGAATCGCCTCGTCCGCTTCAGGTGCTTTTGCAGGCGGTTGCGCCGAGTATCTCGCCGCCGGGTGAAGTGGAGTTGGCGATCGATGTTGATCCGGTCAATCTGCTTTGAGGGTCTGGGCGTCTTGGGAAGGCGAAATCGACTGGTTTTCGCCCATCTGGTTTCTTGGCGACGAACTTGAGCGTAATTCGGCCATTTCCCAAATATTCCGGTTTACAGCCGGGAGGGGTTGGGTTAAATTCCCTCTCGTTCGGAATCGCTCCAAGGTTTCCTGCAAAGAAACTAAGGGCACGCCTGACATGACCAGGCACGGAGGCCGGGTAATGAACACACCTCTTGCACTCATCATCCTCAAAACCCACATGTCGTCGTCCCTTGGGTTCGGTCACGCAACCGACCATTACCCGCGGACCTGACCCGTGCGCCTTCTTTGGGCGTTAGGGAACGGTCGGGCTCGAGTTGTTCTCGGGCCGAGCGAAGTGATGGATTCGGACGTGTCAATCCCACGTAGGAGACCTCGGTGCAGGGCATCGTCCCAAATGGTTGGGACGAACCGTCGAGCGATGGTGGCCCGGTTCTGAGTTCGGCGAGGTCGCTCGAGCGCGACAATCAATTCAGGAGGATAATGATGCGCATGTCATGTCAGTCGACCGGGTTGCGGGCTGGTGTTTTGGCTCTGGCTCTGATCAGCTTCGGGGGAAAGAGTGGGCAAGCGGATACGCTTATCAACTACAGCACCTCGGGCTCGATCGATTCGACCGGAGTGTCCGGCCCCGGCGTGATTAGCTTCATTCCGGTGACCTCCAACCAGTTCAATTCGCCTTCGGCGTTCAGCCTTGGCGATTTCCAGGTGGCTGCGTTGCCATCCGGTGGGTCGACGACCTATGTGAATACCCCCTTCCACATTACGTTCCTGGCCAACTCGGTTGATGGCGAGGTTCCTAGCCCCAACGATACGCCGTTCCAGATCAGTGGCACACTGAACGGAACCATCACCGGTGCCAGCCAGTCGTCCGTGGTGGCCAAATTCGATCCGCTCACGAATCCCACATTCATCACCGGTAATTTCCTCAACACGTTGAGCTTCACCGACAATCCGCTGTCGCTGGTGCCTTCGACGACCAACAGTGGTCACGCTTCGGCCCAGGCTTACCTGACCACCGAGACCCGCGTTCCCGAGCCGACCTCGATCGCTCTCTTCCTGACCACCTTGGCCGGCCTGGGAGTTCGTCACCGGGTTCGCACCCGGCGGGCTGCTTGATCGCCGCTTGCCACGTGCCTACTAGAGCAAAGGTCCCGCAGCCCCTCTTGTTCGAGGGGCTTTTTCCTCCCAACCGACTCGCTCAAGCACCGTGAGATCCGATTATGTGTCGCATCTTGCTCCACACCAACGACTGCTTCTCGCCGACGTTCGCCGTCCCGATCTGCTTCGATGGTTTCGGATCGACCTCGCTTGAGACCCTCGAACCCGTTGAAGCAAACGGCCCGGTGACGCAGACCGGCCGTTGCTTCGTTTCGCTTGCTGACGGATCGTTTCTCCCGCTCGATGCCATCGACAACGAGGGTGTTTCGAGCCAGGCATCCACCTCGACCGAAGAGGGTCGCATGATCCGTTTTCACAAGAGGAATGCCGTCGCTGAACCTGCCACGGCCGCCGTGTCCATGGCGCAGCAGATCGGACTGGACGTAGCCCGTCGGCCCCGCGTGGGGTGCCGTTCAGGCAAACCAGTCATCGCGATCGACCCCCGCTCGCGGGCGTTCGCATTACGTGTTTCCGACCCTATTTGAACATCGGATTTCCAGGAGCTTCACCTTGCGACTGTCCAGACTTCACACCCTGATGTTGGCTCTGACGCTCGGCGGATGGATCGCCACGACGACCGAGGCGGCCCCCATCTCGCAACCCCTCGAATACGGGACGACCGGCTTCATCGGCAGCGGCGCCGGCCCCATCAGCTTCACTGGCAACACCGGCGTGGTGCTGACGCCAGGCGTCATCAACCTGGGAAGCCTGAATATCGCCGCCTTGCCGTCCGGCACGACTCAGGTGATCAACGCCGTTCCGTTCTCGCTTGACGTCGCCTTCCCGAGCGGACCCGGCGGAGCCTTCCCCTGGAGCCACGTTGCGGTCACCGGTGTCCTGAACGGGACCATCACCGGAAACGTGTTCTCGGACGTGCTCTTGGCCTTCACATCGGTCTCTCAGGATGGCAGCACCCCCTTGCCCTTCACGCTGAGCAACTTCCAGGTGATCGGCCCCGTGCAGCTCGCCCCCAGCGGGATCAACGGCGGCTCGACCCAGTTGTTCGCCTATGTCGGCCCCTTGCTGGCTGGCCAGGAAATCCCCGAGCCGAGCACCCTCGCCATCTTCGCGATCGGTCTCGCCGGTGTGGGCTTGGCCCGCCGCAACCGCAAGGCTTTGTCTCGCTGAACGCCACGTGAGAGCCCGTGAGCGTCCCGCTCCTGGGTTTCGGTCGGCGACGAGAACGATCCCAGCCCCGGGAAGAAGGAGCAGTCCAAGTGACTGCCTTCTTTCCGGGGCTGCTTGCGTTGATGGAACTCGGTCCCCGCCGTTCTCGTTCCCCCGCATTTCTTTTGTTTGCAACGATCCGCGACTGGGCGGGAATCTCGCTGGATTTCCGGGCCGGTCGTGCTCCTGCAAACTAACCCGTGGCGGCAAGAATCGAAACCATCGGTTCTTTCGCTCGGTCACGGATCATTGTTTGTTTGCGCTCGCGCCGCGGCATGTGATCAGGCGAGGCGCTCGATCAGCGTGATCAGTGGTGTGAAGAAGGCCGCGGCGATCACGAGCACAAAGACGCCCAAGGCCAAATAGACCAGGGTCGAGAGGATGTCGATCCACCTTTGAAGGCGGAGCGCCGACCGCCGCGCAGCTCCGGCGGCCGTCTCTCTCAAGGCCCAGGGCAAGTTGCCCACCCGGCTGGCCGATTCGAGGATCGCCGCATCGGCCGGACTGATCAGTCCCTGGTTTCTCAGCGACTCCCAGCAGTCGGTCCCGTTGCCGAGGTCGTGGAGCGTGCGTTCCAGGCGGTTTCGCACCCACCCCGCGGGATAGTACCGAATGAGAATGGCGATCCCGGAGGAGAGCGACTTCCCCCCCTCGACGACCCAGGCCAAGGCCCGAAGCACTGGCGCGGTATGCCTCGACCGGAACAAGCGGTCGAGCCAGAAGAAGTTGGGCTCCAGCCAGCCGGTCAACGAAAGCGGAAGAATCACCGCCAACGTCAATTCAAAGACCGTCATCAACACGAGGATGGGCCAACCCCACCTGATGAACCAGTGGCTCGCCACGAGGACGTCCACGGTAAACCGGGGCAGCTCGATACCGAAGTCGGCGAAGATGGCCTCGAACTTGGGGAAAATGAAATAAAGAACAAAGCACAAGATGAGTTTTGTGATCAAGAGAACGGCAACCAGGTAGGCGATCCGGGGGACGTACGCGGCCCGCACGACTCGCTCCGGTGTTTTGGGATCCGCCGCCTCGCGGAGCGCCCCCGCCAGTCGGTCAGACGCCCAGCCCATGCCGATCGAAAGCTCGGCGTCACGCGGCAAGACCCCTGGCACCAACTGCAGGGCCTGGGGGAGCGGTGCCCCCTCCT
NZ_CP155447.1_gap62	2107832	2109019	1187	GGTTGGGGCACGCCAGGTCGAGTGCACGATCAACGGGATCGGCGAACGCGCCGGTAACGCCGCACTCGAGGAAATCGTCATGGCGCTGAAGACCCGGTTCGACTACTACGGCCTGACCACCGGTATCAAGACCGAACGCCTCTATCCGGTCAGCCGGATGGTCTCGACCGTGACCGGCCTGACCGTCCAGCGCAACAAGGCGATCGTCGGCCGCAACGCGTTCGCTCACGAAGCGGGGATCCATCAGGACGGCATGCTCAAGGAGCGGTCAACTTATGAGATCATGCGTCCCGAGGAGGTCGGCGTCCCCAAGACCGACCTCGTGCTGGGCAAGCACTCCGGCCGCCATGCGCTCCGCGATCGGGTGACCGAACTGGGCTATCACCTGAACGACGCCCAGCTCGAAATCTTGTTCGAGGATTTCAAGACGCTGGCCGACAAGAAGAAGGAAGTGTACGACGAGGACCTGGTCGTTCTGATCGAGAAGCATATCCAGGACGTCGCCGCGCACTGGACCTTGGTCAGCCTGCACACCACGGCCGGCACCAGCGTGACCCCGACGGCCACCGTCTGCATCCGCCGCCCCGACGGCCAGCTCGTTCAAGACGCCGCGATTGGCGACGGCCCGGTCGATGCCATCTTCAAGGCCGTCGAACGGGTGACCGGCATCACGGCCAACCTCCGCGAGTTCGGTGTCCGGGGCGTCACCGGCGGCAAGGATGCCCAGGGCGAAGTGTCGTTGGAACTCGAAGTTGAGAGCGACGACCGCACGTTCCGCGGCCGCGCGGCCTCGACCGACATCATCGAAGCCTCGGCCGAAGCCTACCTGAACGCCGTGAACGCCATCGCCACCCGCCGTGAACGTGACCACCCCCGTGAGGTCATCGGCCGCCCCGGGGCAGGGGCCTGAACTTCGGTCGTCCGGTTGCGAGGGTGAACTGCGGTTCGCTCGAAGCGAAGAACAGGGGGGGGCAGCAGACGATGATCGCATCGCCTGTTGCCCCCCTTTTCTTTGTTTTTCAGGTTCTTTCGGCGAGTTCTCAATGAGGGAGTTTGAGGGGGGAGTTTGAGTTTGAGTAGCCAGGTACTTTACTTGGGATATCTGGGAGTTTCAGTAAATATGAATAGGCAGTCGCAGATCTGGACAGTTTACCCAGGTTCCGCTCTTTACCCTTTTTAGGTGCATG
NZ_CP155447.1_gap63	2274984	2277898	2914	TTCCCAACCATGTTCCAGGCGTTGTAAAGAGACTGCTGCTCCATGCCGGGCATGAGGAAGACCAACCAGGTTCCCCAGCAGCACCCTTTGATACCGGGAGGAAGCGACCCATTGGTGCTCTCGTAATTATGCATGGCCAGTCCCATTTGCTTCAGATTATTGACGCACTGGGACCGCCTTGCTGCTTCGCGGGCCGCCTGGACAGCCGGTAGCAAGAGAGCGATGAGGACGGCGATGATCGCGATGACCACCAAGAGTTCGATAAGAGTGAACCCGCGACGCTGAGACTTCATGCACATTCCTCCTGGGAAAGACGTGGAAGAAAACAGGAGAGACTCAAAAAAATGATACGAAAGAGAATCCGTCCGCATGCCTAACAAGGAATGGGATCGATGACCGGCGACCCGAAATCACCGGTTATTTCGACATGGTCGCGTTCGTCAGATTGAATTCGAAGACGTTCTTGGCCCCCGCCTTCACTTCGGCGGTCAAGAGCGATCCCGAATTATATTGGGGGGGAATGGTTTCCTTCAGAATAACCGGGGGCATGCCGGGGGCGTTGTTGGTCTTGTCGGTAATCACTCCCCCCTTGTCATCAGGAGCGGTAATGACAACCTTGTACTTGCCCGGGACCAATCCCTGACCACGCGGAATGTCATATTTGCCGTCGAGGATGATTGACCCACCCTGAGTTGTGACTTCGGCGCTATCCGGAAGAAACGTGATCAGGCCCTTGGCTAACGGCTTGCCCTCTACGGCGACCGTTCCAGAGAGTCCTTCTCGGGGCAGATTGTCCGAATCACCACTACAGCCCACGAGAAATTGCAGCAAAAGGAATGCCGCTGCGACGTTCGCACTGCGAATTGTGTGCTTCCACATCAAAGACAAAACCTCATCTGACAAAAGAAGGATGAAGTGATTGCGTGGATCCTTGCGGCTTGCCAGAATCCGCGTCCTGATTCCATTTTTTTCGAGGAATATAGTGTTACTTTGTAACTGACCGTCAATCAGAGCACAAGCGTTCGATCGACGGAATCTAGAAACGATCGAGCGTTAGGGGAACATTGGATAGGAAAAGCCTAATCAATCAGGTGTCGTGGTCGAGTTTGGCGAGTCAACCGTCTTGAAACATCACCGTCCCCTTGATAAGTGCGCATAACATGCATGCTTGGCAGGGTGCATCTGCTGCCCCTGTCGTCGGCCGTCATTATCCAGGGTACGACCACTCTGAAGAATATCGGGATCTCTCCGAGAGGGCGGCGAGGAGATTGTTTCTCACTATCGAATTTCGTCGCCTCGCTTGATTGTCCTGAATCCAGAGGCTGGTTGCGACAATGGCCTGGGGTTGGGCCGGTATGGCGAGCTAACCCTGGGAGCCATCGGCCTTTTCGATTTCCTGGCATGGGGACGACGTCATCAATACACCAGCCGTGAGTTGGTCAGGCGGTGTTATCAACGTCGAGGCGGGGATGGTTCGGTTGTGGTCTGGGCTCGGCGCTTCGGAAGCGATGGGGGCCTCGTAAGGCTGGATGCTGTTCGGTGAACGAGCGTTTCTTCGGTCGAGAACGGCGGGGCGGGGTTGGACGTGGTTTCATGAGGAGATAGGTGGGCCGCTTCTTCGCCTCGAGGAAGATCATGCGGATGTATTCACCGATGATCCCCAGGCTGATGAGCTGGATCGAGCCCATGAAGAGCACGACGATAATCGTGCTCGCCCAGCCGCGCGGGGCTGACCGGGTGCTGAAGGCGTCGATCAGGGCCCAGACCATCAGGGCGGCGGCGGCCGTCGCCGAGGCGATCCCGAGGTAGGTCACCATGCGAAGCGGGCGGCTGCTGAAGCTGACCAGGCCGTCGACCGCCAGAGCGACCAGGCGGCGGAGCGGGTATTTGGAGGTCCCGGCTTCGCGTGCGGGTCGGTCGTAGGGGAGGCCGACCTGGCGGAAACCGACGAAGCTCCGCAGGCCGCGGACGAACCGGAGCCGCTCGGGGAGGCCCTTCAACGCGTCGACGACTTGCCGGTCCATCAGGCAGAAGTCGCCGCTGTCGAGCGGAATGTCGAGGTCACTCATGGAACGCATGAGACGATAGAAGGCGAAGTAGCCGAGCCGCTTGAGTAAGCCTTCCTGCCGCCGGTGGCGGACGGCGTAGACCACGTCGTTTCCCTCGCGCCAGAGCGCGACGAGCTCGGGGAGAAGCTCGGGGGGATCTTGCAGGTCGCCGTCCATGATCACCACGGCCAGGCCCCGCGCGTGATCCAGGCCCGCCGTGACCGCGGCTTGATGGCCGAAGTTCCGGCTCAGGTGAAGCGCGGCGAGGTTCGGGTCCGACTCCTGCAACCGGGCGATCATCCCCGGCGTGGCGTCCCGGCTGCCGTCGTTGACCAGGAGGATTTCATAGGTCATGCCCAGCGACCGCAGCGCCAGGCTCAGGCGGCGGTAGAGCTCGACGAGCGTCTCTTGCTCGTTGTGCAACGGGACGACGACGCTGATTTCCGGCGGCCCGTCCTGGGTCGAGGCAGAGTCGAGCATGACGATCGGCCAGGGGCCATCCATGGATTGAAGGGAACCGTTCGTCGACGGGGCGGCACTCTACCACGAGTCGTGCGGTTGTCGAAGGCGGATCTCGCGGAATCAGACCCGCCGTAACCAACCCATTCATTCACCCCCCAATTGTTGCCCATCGCAGCGCGTCGACGATTCGGCCCGCCGCGTGGCCGTCTCCATAGGGGTTGATCGATCGGGCCATGGCCGCGTAGGCGGCCGGGTCGGTCAGGAGGCGGCTGGCCTCCGCGACGATCCGGGCGCGGTCGGTCCCCACGAGCCGGACCGTCCCGGCATCGACCCCCTCGGGGCGTTCCGTCGTCTCACGGAGCACGAGGACGGGCTTGCCCAGGCCGGGCGCTTCCTCTTGCAGG
NZ_CP155447.1_gap64	2278971	2281504	2533	TGATTTCTCAAGGAAAGAGTCCCATGCCCGTGAAAATCCAGGTCGTGTTCCATAGCCTCTACACCCACGTCTATCAACTTGCCGTGGCGATTGTCGAGGGCGCGAAGGAAGTTCCTGGTACGGAAGTGCACTTGGCCCAGGTTGCCGAGACGCTGCCCACCGAGGTGCTCGAAAAGATGGGGGCCGTGAACGCCAAGAAATCGTTTGCCCACGTACCGATCGCCGATCCGCACGCCCTGTCCGATGCGGACGGGATCATCCTCGGCTCTCCCACGCGTTTCGGCGCCGCGACCTCCCAGATGCAGGCGTTCCTGGACGCGACCGGCGGCCACTGGGCCAAAGGGTCGCTCATCGGCAAGGTGGGCAGCGCGTTCACCTCGACCGCGAGCCAGCACGGCGGTCAGGAGACGACCCTTGTCCACATGCATACGTTCTTCTACCATCAAGGAATGGTGGTCGCCGGCGTGCCGTACGCGGCGAAGGAGCTCTTGAACCTGGATGAGATCTCGGGCGGGTCTCCCTATGGGGCCTCGACCATCGCCGGCCCGCGCGGGGAACGCACCCCGACGGCTAACGAACTGGCCATCGCCCGCTTTCAGGGGCGACACGTCGCCCAGCTTGCGGCGAAGCTCTCCACGAGCTGACCCGGCCGTTGTCGGTCGAGACTCGATTCCGAAGGGGGCGTGCTGGCTGAAGAGTCGACCGGCACGTTGCCCAACGTGGTCGATTCACGCCCTGCTTTTGAAGAAGCCAAGGTGAATGTGCATGAGGTGAAGTGTCCCCAGCTCGAAGCCCTTTGACATCGCCCGTGATCCTCGATCCCCGGAGTCAAGGCTATGTTCTCGATCGTGCGCGACGAGTTATCCTTGGGCGGGCGTGGGATCACCCGGCGCGAGCTGTTGCGGGTTGGCGGGCTGAGCACATTGGGTTTGTCGGTTGCAGAGCTCGATCGGCGTCGGGCGCGGGCGGAGCAGGGGAGGCCGGCGGCCAAGCCTCGGGCCAACTCTTGCATCTTCATCTTCCTGTTCGGCGGCCCGAGCCATATTGATCTCTGGGACATGAAGCCCTCAGCGCCTGCGGAGATCCGCGGCGAATTCAAGCCGATTGCGACGACGGTGCCGGGCGTCCAGCTCTGCGAGCATTTGCCACTCCTAGCCGCGCGGATGGACAAGTTCAGCCTGATCAGGTCGATGACCCACCACATGCCGGTGCACGGGCCGGCTTGCAGCGAGATCTACAGTGGGCGGCCCTACTTTGGGCCGCCCACGACCGACCAGGCGAAGCCTGAGGATTGGCCGTCGTTGGCGTCGATGGTGATGCGGTTCGGGCCGAACCTCGAAGGTTGGCCACCGTCGGTCGTGCTCCCCTGGTACACGCAGTTCGCAGGGCAGGATAAGCCGATCGCCGGTCAGACCGGGGGCCGGATGGGGGCGGCATTCCGGCCCTTCCTGGTGAGCGGCGACCCCAGCCGGCCCGATTTTCAGGTCCCCGGCTTGAAGCTGCCGGAGAACGTTCCTCCAGACCGTGCCGGAGTCCGCCGGTCGCTCCTCGGGCAGTTGGAATCCGCGGCCGGCAAGCAGGCTCCGCACCTGGGCGCCCACAACGCGATTTTCGGCAACGACTACACAACGGCGTTTGCGATGTTGAACAATGCGCGTGCCGCCGAAGCCTTCGAGCTGTCTCGCGAACCGCAGTCGGTTCGCGAACTGTATGGGGATGGCAAGTTCGCTCAGAGTTTGCTCCTGTCGCGTCGGTTGGTGGAAGCAGGTATCCCGCTGGTGACGGTCAACTGGGACGACGAAACACGCACGGATTCCGTCTCCCCGTTCTGGGACACGCACAATCACAATTTTCCGTCGCTCAAGAATCGGCTTGCGCCCCGGTTCGATCGGGCCTTTTCCGCCCTCCTTGACGACCTGGGACGGTGTGGCCTGCTGGAGACCACTCTGGTCGTGGCCACGGGCGAGTTCGGTCGGACGCCGAAGATCGGCCAGACCGTTCAAAATGCGATGACGGAGAAAACGGGGCGCGACCACTGGCCGCATGCCTTCACCGCCCTCGTCGCGGGGGGAGGCGTGCGAGGCGGCCAGGTCCATGGTGCAACCAACGAGTTCGGTGGTTACGTGAAGGATAGTCCGGTCACCCCCGCGGATCTCTCGGCGACGATCCTCGATCACCTGGGCCTCGCCCCCAGTCGGGAATACTGGGACGAATTCCAGCAGATCCCCCGCAAACTCTCCGAGGGGACCCCGATCAAGACGCTCGGTTAATCTTCGCGGCTTCTGCCTTTTTTTTTTTGCTTTCGGGGTGAAACCCGAGACGCTTTCCCGCAACGCGCTAAATCGGGCTTTGCTTGCTCGGCAGATGATGCTTGTCCGAGTAGCGGTTACTCCGCTTTTTGCCGTGGGACGCCTCGTCGGCATCCAGGCCCAGTCTCCGTTTATTGGGCTCTGGACCCGACATATCGGCTTCGAACTTCGGTTCCGACTGAGGTTTCTGGCCCCTGGCTAGGGATCGATCGGTTGGGTGCGTC
NZ_CP155447.1_gap65	2283076	2283740	664	GTGATCGGGGCACACGTGCCTCGCGGGGCCGTTGCCAAAGGACTTTACTGGGATACGCTCGACCCTTACCACTATGTCCGGCTCCAGCAGGCGCCTCAAAATGATGCGGTGGAGGCGAATCCGCTTGGGGCCGATACCGAAATCCTCATCGTTGGGGGAGAGGACCACAAAACTGGGCAGGCCGAAGATCAACCCGAGCGTTATGCCCGCCTCGAGGATTGGGCGCGGAGCCGCTTCCCGATGATGGGACCCGTCGAATTTCGCTGGTCGGGCCAGGTGATGGAGACGATCGACGGACTGGCGTTCATCGGGCCAAACCCAGGCGATGAGCCCGGTGTTTTCATTGTGACGGGAGATTGCGGGATGGGCATGACCCACGGCACCATCGCGGGGATGCTCTTAACGGACCTGATTCAGGGGCGGAACAACCCTTGGACCCCCCTTTATGACCCTTCGCGAAGGACGCTGAGGGCCGCGGGCGAGTTTGCCAAAGAGAATCTCAATGTGGCCAGGCAATACGGTGACTGGCTCATGGGGGGCGAAGTCGGCTCGGCCGATGAGGTCCAACGAAACTCGGGAGCAGTGGTTCGGCGCGGCCTGTCGTTGATCGCGGTCCACCGCGACGACCAGGGAAAGGTGCACGAATGCACGGCAATCTGTCCGC
NZ_CP155447.1_gap66	2433814	2434957	1143	AACCGATCACCAAGTACGCGGTGATGGTCACCGAACCGACGTCGATCCGCTACCACCTCGAGCGGGCCCTCCATCTGGCACGGACCGGTCGCCCCGGCCCCGTCTGGCTCGACGTGCCGATCAATGTGCAAGGCGCTCTCGTCGATGAGTCGAGCTTGCCGGGTTATGACCCGAACGAAGATCCGATCGCCGCGACGAACGACCTCGACAGTGCCTGTCTGGATGTGCTCACGCGACTGAAAAAGGCGGAGCGGCCGGTGATCATGGCCGGCTCGGGCGTGCGGCTCGCGGGGGCGCGCGAGGATTTCCTCGAACTCGTCGAGGCCCTGGGCGTCCCTGTGACGACCTCCTGGAACGCGCACGACGTGATCTGGAATGAGCACCCATGCTACGTGGGCCGGCCGGGCACGATCGGCGACCGGGCGGGCAACTTCGCCGTGCAGAATGCGGATTTCCTGCTCGTTCTCGGCTGCCGGCTCAATATCCGCCAGATCAGTTACGACTGGAAGAAGTTCGCACGCGCCGCCGAACTGGTCATGGTCGACGTCGACGCGACCGAACTCAAGAAGCCGACGATTCGCCCCGCCTTGGCGATTCACGCCGATCTGGCCGACTTCCTGCCCCGGCTTCGCGCGCTTGTGCATGAACCGCCGGCTCCCAAGCATTCCACCTGGCTCGCCTGGGGGCGCGAACGGGCGCGGCGGTATCCGGCCGTCCTTCCCGAATACTGGGAGACCGAGTCGGGTATAAACCCATACTGCTTTGTGGATGTCCTGTTCGGCCAAGTCCCGGACGACCAGATCGTCGTGACCGGTGATGGCACGGCCTGCGTGGTGACGTTTCAGGCCGCCAAGATTCAGGAGCACCAGAGGCTCTACACCAATTCAGGCTGTGCTTCGATGGGGTACGACCTGCCGGCGGCCATCGGCGCCTGTCTCGCCAGTGGCGGGCGGCCGGTCGTCTGCTTGGCCGGCGACGGCAGCATCCAGATGAATCTTCAGGAGCTCCAGACCATTGTCGGCCGGGCTTTGCCGATCAAGCTCTTCGTGTTGAACAACCAGGGCTATCACTCGATCCGCCAGACGCAGCAGAACTACTTCGCCGACAACATCGTGGGCTGTGGGCTCGACAGTGGACTGTCCT
NZ_CP155447.1_gap67	2437875	2439730	1855	GCTAGGCGGGCCGCCTGTGTTGCGGGAAGGAGATTCACGCCTTGATTGACGACGCAATCCTCGGGCTGGGGCCGGCATTACGATCCGCTGAGAGTTCCGGCCGGGCTCCGAGGGCGAAACGTGGGGGACTGAAGCGGTTCTTGCGGATTGCCTCGTACGGGCTCGGGTTCGGTCTGCTGGGTTGGTCGCTCTGGAGGAATCAGGCCTCGGTTCAGGAGGTGATCGGGCGAAGGCCCAACCTGCGTTATCTGGCGGCGGCCTTTGCGCTGGGGGAAATCGCCTTGCTGAGCACCTTTGCCCGCTGGTATCTGCTGGCACGCGCCCAGGGGGTGCCACTGACCCTGCGCCAGGCCGTTCAGATCGGTTTTCTTGGCCATGCGTCCGAGTTGATCGTGCCCGGTCAACTCGGGGGGGACGTGGTCAAGGTGGCCACCTTCTGCCGAGGGCAGGATCGCAGGAGGGCGCCCGTGATCGCGTCGGTCATGTTCGACCGGATCACGGGGGTTTTCGGCATGTTCCTGCTAGTCAGCCTGATGGGGACGCTCCAATGGTCAACGGGGACCGTCGCCGTTCGAAGGCTGATCGAGGTCGTCTGGGTGGTCACAGGCGCGGGGGTGCTCGGGTTCGCTGCGTTGTTCCTGCCGGCCACCGCTGTCCTCTTGCGACGGATTCTGGGGGAGGGGAGGCTGCAAGTGAAACTGGCGGCCCTATGGGATGCGGCGGCGGCGTATCGAGACCAGCCAATGGCCGTGGCCGCGGCCCTGGCGATGTCCATGACCAGCCATTCGATCTATGCCTTCTCGTTTTATGCGGTGATCTGTGCTCTGTTCCCGATCAGACCACCCTTGGGCACCAGCCTCGTGGTCATTCCCCTGACCCTGTTGACGGCCATCGCGCCACTGCCGTTTGGGGCGCTCGGGGTCGGTGAGGAAGTCAGTGGCGAGTTGTTCCGCCTGATCGGCCATTCCATCGGGACCCCGGCGATGCTCGGCGCTCGGTGCGTGGGCCTGGGGCTGAGTGGCGTCAGCGTTCTCGTCTCACTGACGTTCTCGCACTCGAACCCCGGGCTGAGCGTGGGGCCTCCTCGTGCCGGGGAGAGCGCGGGGCCGGCCCCGTCATGATGGGCTGAGAGGCCGGGCTGCCGGATTGTCGGAGGTCGCTGATGGTGACATCGCGTCGAAACCGAGGATCAGGTCGGCGGCGGCGGGCAGGTCCGCCGTGACATGGTAGGCGTTGGCCGTTTCCTTCTCCGCCTCGTCGAGGCCCTTGCCGGTTTGCACGAGGATACTGCCGCGACAGCCGGCGTTGACCCCTGCCAGAATATCGCTGAGCATATCCCCAATCATCCATGACGCGTCGAGATCGAGCCCGAGCGCAGCGGTCGCCCTGAAGAGCATCCCGGGACCTGGCTTGCGGTCGATGTGCTCGATCAGGCTCCGGTCGTCGCTCCCGGGAGTTTCGGGGCAGAACTCGATGGCGTCCACGGCGGTTCCCGCGGCGGCGAGCTGTCGGTTCATCTCGTCGTGGATCAGGTCGAGCTGACCTTCGGTGATCATCCCTCGGCCGATTGCCGACTGGTTCGTGACCACCACGCAAGCGAAGCCGGCGGCCCGGAGCCGGCCGATCGCCTCGGCCGCGCCTGGCAAGAGGCGGACCTTGAGGACGTCGGACAGATAGTGGACGTGCTCGATAATCGTCCCGTCGCGGTCGAGGAAGACGGCCGGTTTCCCTCCTGGGACCGTGGGTCGCTCGAACCGGACTGCGCCCTGTGACGCTGGGATGTTCTGTTGGGCCTTCGGGGCTTGCTCGCCGGTCACCAGATGATCTCCCTCTCATCTTTCCTTTTGCGAATTCT
NZ_CP155447.1_gap68	2617208	2621601	4393	GCCCGCTGGTGATCCCGCTGGCGAGCGGCAGATGTGCGGCTGGTTGATGCGGCAGGCAGGGCGTGCGAGCCGGCTTGGGAGGCCAGGGGGGCACCGGAGCGAGCGGCTGTGAGAGCGTCAAAGAACTCGGCGATCCACTCGCGGGTGGTGCAGCGGCTCCCCCCGATCATGGCGAACCGGAGTTTCACGCCCCGGCACCCATAAGAGGCCCATCTGTGGATCGTTGAGAGGTTGACCTTGCGCCCTCTCTTTTTAGGCAGTAAGCCAGGAACTTGCGAGAAGAGGAGATAGTGATTCCAAGCGGATTCTTCGCCCGTTGCCCTCCCAGGTCACTCGATCGGCCTGAGCAAGAGTCTTCTCTCTTTCTGCGATGTGAGTCATTTGCGTTGCCTCTCAACAAAACGGATGTTTTGCGTCACTGAGGCAAGTATACGCAATATCACTAGGAAGGTCGGCAGGAGACTTGACGGGAGTTGGTAGGAGTTAGAGGAGAGTTCCTCATCTTAGTGACCAGCACGCTTCCAGCCGACGCGCAAATTGTCCATGCAAAAGCGAAATGACGCTTGAATTGACACTGTGGCATTGAAATCATCAACGGTTTGCTTCAGTGGTCCACCTATACCAAATGGGCTGCTAATGCTCTTAGTTGGCCAGTTTTCTTTCTCAAACGCATCGAGCAATCTCATCTGGTTCTTAGCGTTAGCCGCAAAACTCCGGCAAAGCACTTCACCGAAGTAGAGCGTTCTCTCTCGCCGGTCCCATCGAGGCTTGGACACCAAAGTGACAATTCCGGCGTGGGCCTGGTTTCCTCTCATCCACGAAACATAAGTGTCGAATGCTGATGCAATTTCCCTTGCAGGTTCGAGTTCTAACGGCAACTTTCGTGAGTTTTTCAGAAAATCATGCGCAACAGTTACAGCGTGTTCGTAGCAATAAACAATTTGATATCCTGATAGCTCTTGCTCATAAGATTCCTTAATCCAAAAGTCGTTCTGCGTGCGGTAGTACACAATGTGATCCCAGTTGCCTCCTTCGCTAGGATCTGGGCAACTAACCAGGAATCTTCGACATTGATGGAGATCAACGGCATCCTGCCCGAAACCATCCTCGCGATTCACCCAGACGAATTTTGCCATTTAATTTTCCCTCTGCCAGTGCTCGGGGCGGACCAGACGACTCGACGGGTAGAGGTTCAAAGATCGTCCGATTCGCTTGGCCAGGCCGCTTGCAATCAGCCTGGCCGTCCCGAGCGACTTGATGGTAATCGAATATGCTGCCCAAGTGAACGGGCGATCCGTAATGCTCAGCCGATCTGGCCCATGACCCCGATCGCCTTGTCTCGGTCGACCTCGGCGTAGACTTCGGTGACGGTCGAACTGGAATGGCCCAGGATCACGCGAGCTACGTCCAACCCAAACTCTCGGCGTAGCTTCGTCGCGGCGTTGTGGCGAAGTTGGTTGGGGTGCCAGCGATGCGCGCGGTGCCAATCCTTGAGTTCCCGACGTTGCTCGGAGGTAAGATCTTTCTTAGGGATCTTCGACAACACAGGATGCGGAAAGGCGGCCGCGCAAGCTTTCACAATGGTTTCGCGGTAGGAGTCGGCCGTATAGCAAGCCCCTGGACCCTTTTTTGGGGAGGGTTTCTTTGCACGTGCCTGTTGAGACGGAGTCATAGGAGACTTTCGGTTTCGGCGACGTTCCGCAAGCGACTCCTCAACGACTTCTTTGGGTTGGAACAGGTAATCAATTGGGTCGGGTCGGATCCATTGGCGCAGCACGACTTGAGCGGCGGGCCCAAAGTAAATCTGCCGATCACGCCCGTGATGCTCGGTCTTGTGCGTTTCCGGTGTGTAGATCCAGACCCGGCCTGACGTGTCGAGATCGCACGTACGCAGCATGCAAACTTCGCCGGGCCTCATGCCTGAGAGCCGTTGAAGCTGAATCATTGCCCCAACCTGTCGGGAGACAAAAGGGACGATCGCGTCTACCAATGTGTCGGCGACTGGTTTGACCGGTAGGCTCTCCCGGGCCTCGGATCGTCCTTTTCGTAAACCGGAAACCGCTCGCAAGCCGTGATGAATGCTAAGCGGAATCAGTTCATTCTCGGTTGCCCACTTGAAGGCACGGACGATGATTCGCGTCCGACGATTGACTTCGTTGTGGCACAGGCCGGAATCGATGATCTGTTGGCGAACGGTTTTCAATGCCAGGGGGCCGAAGTTCTTGGCTGAAGTGTGGCCGTAAAGCCGCCTGAGATGCCCCATGGCGTATTTGATATGCGCGACTTCGCCGGTAGGTTTTCCGCCTTTCCGGTAGTACCCTTCAGCATAGCGAATGTACGCCAGGATCATTTCGCTGATGGTCAGTTCGTCCGGTGCGACCGGGGAGCCTGACGTGGGGTTTTCGCGGGCGCGAGTGGCAGCGTGTCGCCCGTTAACCAGCCATTCGGCCAGCAGGCGATCGTATTCGGCCAGGCTTTGGGGTGTGCCGTGTTTGCCGAGGTAAAAATCTCGGCCATTCAAGGTGACGACAGCCTGACCGGATGGTTTGTGAAACCGGTAGGACGGAGTGCGTACTGGCATCGGGGCGGCCTCCAAATCCGGTAGTGTACCGGGTTTGATGGAGTTTTTGGGCCGCTCCGTCCGCCAGGACAGGTGAGCTAAAGTTAGCACTCGGCAGGATTTAGATCAGTGTGCCCGGCAGGAGTTGAACCTGCAACCTTTGGCTTCGGAGGCCAACGCTCTATCCAATTGAGCTACGGGCACGTCTCACGGACGAATTACACTCGAAGGGAGACTAAATGTCAAGGGCCGAGGTGCTCGGTTCTCTGATTAAGGTTCGCAACCTCTGGCCATTTGGTTGTGAACAGAGATTCGGCCCGCTTGGCCTTATCGAGCGTCCCCGGCTTCGGAGAGAGTTTTGACGGGCTTGACCGGATCGCCATCTTTCAATTCGTCGAGAGTGCGGAAAGGGCCGACGACGACTGGCTCGTCCGGTTTCAGGCCGGAGAGGATCTCGACTTTGCGCTCGTCGCTCAGGCCGGTCTCGACGGGTCGGGCGCGGGCGATGCCACCTTCGATGACGAAGACGATCTTGATGTAGCGGAGTTCGGCCTCCTGGGCTTTTTCGCCGGGCGATCGGGCGTTGCGCTCGGCCCAGGCGCGGACGCTTGGGGTGTTGGGTAAATCTTTGCGACGGCGGTGGACGACGGCCTGGGCGGGCACTCCCAGAGCGGCGGAGGCGCGGCGGACCTCGATCTCGACCGTCGCGGTCATCGCCGGCCGGAGCGATGAGTGGGCGGTGTCGGCGGCCGCGTCGAGGCTGACCAGGGTCTCGAAGCTCACGACTTCGTCCTTGGTCTTCCCCTTGGGAGCCACCAAGTCGATCGTGCCCGCGATGGGGTGGAGCTGGTCGGCCTGGAGGTAGACCAGGGCCGGCTGGCCGCGGCGGACCAGGGGGACGTCGGTCTCGTCGACATCGGCCCGGACACGCATCCGGTTCATGTCGCTGATGGTCATCAGTACCGAGCCCGGCAAGTTCGTCGTCCCTGCGATGACGACCTCGCCGACGTCGACGTTGACCCCGGCGACCACGCCGTCGATGGGAGCCTTGATCGTCGTTCGGTCCAGGTCTTGCTGGCTGGTCCGTCGCATTGCTTCGCTCTCGATCAACTCGTGCCGGCTCATCGCCAGCGCGGCCTGAGACTTGGCCACGGCGGTGCGGGCGTCGGCCAACTCATTCGGAGCCGTGAAGCCGCGACCTGCAAGCGTGCCCGATTGCTTGGCGTCGCGATTTGCCTTGTCCACGTCCGATCCAGCTTGCTCGATCGCCGAGCGGAGCCGCTCGATTCGCGCCTTGGATGAGTCGAGCCTGGCTTTGGCGTCGGTGTCGTCGAGCTGAACGAGCACATCGTTCGCCTTGACCGAATCTCCGTCTTTGACTTTCACCGCCAGGACTCGTCCCACGAGTTGCGAGGCGATCTCGGCTTCTTCGACGGCCTCGACCTTGCCGGGGGCCGCGACCGTCTGAATGATCGGTCCGCGGGTCGGCGGCTCGACGATGACTTCGCGGGTCGGCGGTGAGGCCAGGCGCCAGTCGATCTCAAGGGAGCCGGAATCGCGCCGAAGGTTAGCGGCGGCGAGCACTGCCACCAGGATTCCCAGAGCGATTGTCACTACGACGAATCGGGACATCATTGGTTCTCTTGTTTCGACTTTGGTCGCACCTCAACCTGGCGCGATCACCAGTCTCGCCCCGGCCCCGATCGCCAGGCCGAAGGCGACCCGAATGACCGCCTCGACGAGCCAGAGAACAATGCAGATCATCCCTGCGGCAGTCAGATTGACCTGTCCCCGTCGCCAGGCCCCGTGCGCCAGGACCGACCACCCCAGGAC
NZ_CP155447.1_gap69	2624614	2627638	3024	CGCATCAGCCCGGGAAGCCAGGCGTCAAGCCGAGGGGTAAGTAGCCCGCTGTTCAAGGGACGGGGTGCCCCTTGGCCGAGTTCGGCGGTCGTCTTGGCCTGGATCAGTTGCGAATTCAGCCCGAAGGCTTCGGCCAGGCTCCTGGCGAATGTGACCCGGTCGATGAGATCGGGGCCGGCGACGTGGATGAGACCCGACCGCCCCTGTTCAATCAATCTGACAATCGCTTGCGCGACGTCGGGACCGTAGCTCGGGGTCGAGACCTGGTCCGAAGGGCAGGGGAGGGCACGCCCTTCGCGCAACGTCTTGGCGAGTTGGTAGGCGAAATTCTTCCCTTGTCGTTCGGGGCCATAGACCCAAGTGGTTCGCGCGATCAAGAGGAGATCGCCCAGTGTTTCGGCCAGGACCTGCTCGGCTTCAAGCTTGGCCTGCCCGTAGATGGAAAGCGGGCGAGGTTCAGCCGATTCGGCATACGGACCGTTGTGGCCGTCGAAGACGTAATCGGTGGAGAAGTAGACGAAGCGAGCCCCCACTTCGGCGGCCGCTCGGGCCAGGTTCAGAGGCTGCTCGACGTTCGCAGCCCGCGCTTTTCCTGGGTCTCGTTCGCAGCCGTCGACCCAGGTGAACCCGGCCGGATAGAAGACCACGTCGGCTTTTTGGTCGCGCACCCAGGCAGCCGAGGCTGCCTGGTTTGCGGCGTCGAGCGGGACCAAGCCGGGAAAAGCTGTCGTGGCGAAGGTTCCCCACGCGTCGTGATTTCGCTCGGCGAGCACGCGGAGGAGCCAGCCGCCCAACTGTCCCGAACCGCCGATCACGACCGCGCGCATCCGGACGGCGGCGGCCGTCGATCGGTGGCTCATTTCAATTGAACCCCTTGCGGCGGATCGTGCTGTAGCGCTGAAGCGACTCTTCGATGATCGGCAAGGCGAGGTCGGCCGACTGGATCTCGTCGACTGCGACGTCCTTGCCCTCGAGTTGCTTGTAGTCCTGGAAGAAGCGACGAAGCATGGTGAGCCGGTGGGGAGGAAGATCCAGAGCGTCGTGGAAGCTATTGAATTCCGGGTCACCCACCGCGACGGCGAGGATTTTGTGGTCGCGTTTGCCGCAGTCGATCATGGTCATCAGACCGATTGCCCGCGCGGTGACCAGCGTCATCGGCGCCACGGCCTCCTGGCAGAGGACCAGAACGTCGAGAGGGTCCTCGTCTTCCGCGTAGGTCTGGGGGATAAACCCGTAATTGGCTGGATAATAGACGGCCGAATAGAGCACCCGGTCGAGCCGAAGCAGGCCCGTGCGCTTATCCAACTCGTACTTGACGCTCGATCCCATCGGGATCTCGACGAGCGCATTGAACTCCTTGGGCAGGTGTTCGCCCGGAGTGACGTCGTGCCAGGGATGAAGCATGAGACCCTAATCGTTTCGAGGTAATACCGTCGCGACCCAAACTCCAAGACCTCCCATCATACCAGACCGCCGACGCATCGGCCAACGATCGGTCTTGCCACTGGACCGCTGGACCGCTGCCACTTTTTTTGGAATGGGTACCCGTGTTGGAAGCAGCCTCAGCCGTGAGTCATGAGTCTTGTCACCGTCCGTAGGTCGCCGATCGTCGACGTGCGACTCTTCCTGAATTAACGATTCTTTACAGGATGAGACCTCGAAAATGCCAATCTACTATCGCCATGAGGCTGCCTCAACGAGCAAACACCGGGTGCCCAGCGAGGGACCTGGGGCGAACCTGGAAGGATGCCAGCGCCCCTTGGGGTTTTCTTGTCCGAAATTCGAGGAATCCGAAAATGGAATCGATGCTGCGTCGCCTGCTCGCCACCTGGATCAAGAGCCAGGAACTCGCCCCCCGTCGCTCGCCCACCGCGGCCGTGCGCTGCGAGTCGCTTGAGGGTCGTCAACTTCTCTCAACGACCGGCCTGCTCCGGGGACACATGGGGATGCCGTCCTCCCCAACCACCCAGCGTGGGCAGTTTTTCACAAGGGGCACGATGGGCGGGCAAAATACCGGAGGATTCGGGAGCGGAGCGGCCGTATCCTCCGTTTCCACGCAAGCCGGGCCGTTTGCGAATATTCGGGGGCATGGCAACGCGATGGGTGGCGGAGCGGGACGTGGCGGGGTCGCCGTGAGGTATGGACAGGTGGCTCGTGCGAGATTGCAGAATCAACCCGCCACTCCAGGCCTCAACGCCGTCGTTGACACGAATACCACGACCGTTCCATCCGAGGCGCCGGAGACGCTCACCATGCCGGCCCAGGGCGACCCGGCCAACGGATCCCCGACGACGACCCAGCCCGATCAGGGGGCTCCGACGATGAGTGGTGGTTCCTTTAGTGTGATGCCGAGTGGGCCGCTCGGGGGCTGGTTCGGTGGCAGAGCTGAAAACAGAGAGTTGGTGAGCTTCAACGGGGCGCTCGGCCAGCAGGCTGACGGGCCTGGAACCCAGGCTGGCAACCTTAGCATCAGGGCAGAGCCCAGCGAGGAGTTGCAGAGCCATTTCGAGAAGCTCCAGACCGATCTTCAGGCGATCCAGGACAAGTCGGAAGTGACGCCGAAGCTGCTGGCCGCCGTCCGCAACGACTTCGAGGCGATCCAGGAGGCGTCCACGACCGATCCCGACCAGGAGTCGGTGAAAGCGTTGGCCGCCACGGTTGAGTCGATCGGCAGCCAAATTCCCACCGACGTTCAGCAGGCTCAACTCGTGGCTGACTTCACCGCGGTTCTCAAGAGCCAGGGCATCACCGACCAGACGCTGATCGATACGGCTGTTGCCGATATCCAGGCCGTGGTCGCGGCCTCGCACGTCACGGCTGACGACCTGGCGACCATCGCAGCCGATCGGGAGGCCATCGAGAATGAAATCAACTCCAATGCCGAAGCGATGCCTTCCGTGTCGCTGACGACGGGCGACGCAGTCGGTAGCTTGATGAGCGGGTTGACCGGAGGATTCGAATCTGGAATCCCGATGGCTGTTCCATTTGCCGGTGGTGCGCCGGGCGGCCCGTTTAGTGCTTTCC
NZ_CP155447.1_gap70	2630077	2632622	2545	TCACGATCGAGTTGCCTCATGCCAAGGCGCATCCGGACGAGACCTGATCTCTCCGCTCTTGGGCCTGGGCGTTCGAATCATGACTTCTTGAGGCAACCTGGGTTGCTCTTCAAAAAACCGAGCCGTGAGAAACGACGGTGGTGAATCGCTCGGGCGGGGGACGCCACGGAAAGCTTGGCACGCGCCGGCTCGGACTTTCTCCCCGACGACCCGGGGTGCCCAGCGAGAGCGGCAACGACCGAGTACCGCTCGACAGCATCGTTGGGCCTCGCGTCGCTCAGGACGGAATCGATCCAGCCGCCGTCGGCCGAGAATGCCGGCTGGTTGGCGATCCGCGGCCCGGGCAACTCCACGCTGCTGGCCTCGTCGACGGACGGATTCCCGGTCGCCGCGTCGATTGTCATCGTCCCCAACCGCAAATGGAGGCTGCGATCCTCGTCCCGACGGGCAAGGTAGGCCAGTGCCAGACCACCGTCAGGCGTGGCTGCGACGTTGGCGAATCGCTCCTCGATGATCGAGTCGGTCGGCCCTGATGCGATCAGGCGTCCCAGGTCTTCGATTCTCGTCCCGGCGCTGTCGAGCTTGAGCCACCAGAGCTGCGTCCTCGTCCGGCCCTCCTGATTCTGACGCACCTCGTGGAACGAGACCGAGACGATGACTTTGCCTCCCAGTCTCGGGTCGGTCGGCCAGGTTGGTTCCCAGAGCAGGCGACGATAGGCCCAGGGAGGGGGATTTCGCCAGACCAAGGGGACCGGCTTCACCATGTCACCGTCGTAAGACCCCTCGGTCGCCGTCGGCGGATCGTCGAAGGAATAGCTGTAGAGCTGACCGTCCCATCCCGAGAAAAGGACCTTCGCCGACAAGCCTGGAGCCCAGCAGGGAGAGCCTGCCGGAATGTTGTCGAGGGCAACCCGATCGAGAACTTCACCTCCTGGGATCGCAAGCCGCGCCAGTCCCATCTCGTCAACCTGGTTCCCCTCGAAACGTTTCCAGAGGCCTACAACATGGGATCGCCCTTGGTTGTCTTGCCAAGGGGAGCAGGTGGCGTAGTCGATGCGTTCCGCTTCGTTGAGCTTGATCCGCTCGGTCACGCCAGTCTCGACGTTCAGCAGGCGGAATTCGTTGTCGACCTTCGGGAATGAGGAGACGCAGATTGGCCGATAGCGGGGAAACGCGGCCTGGCGCCGATCGGACGGCTCGGGATTGTATCGCCCCAGCAGGATGGCCGCTCCCGTCAAAATGACCAACGTCGTCAGGCCCAGTCGAATCACCGATCGCAGCATACGCATTGCCATCTCCCGCGGGAGAACATTACCAAGGGCATCAATCAAAGGGACAGAAAGCTTTTCATGGGGAAGCCTCGTCGGAAATGCCGATGGGGACTACCTGCGCCGATGGTCGAGAATCGCTTTGTTATGATTTCGAGGGGACAATTTCTCGGGTGGTTCGGCAAGGTGTCGAACGAGAGGACTTACCTTGCTTTCCGTCATCAATGAGCGTCATTGCGTTTGTAACCGTCCCCGGAAAGTCGCCAATGGGATCGGACACAGGCCAGCCGATCCCTGTTTTTTTGCGATCAAGCGGAAATCCCTGCCGACTGAATTTGCTGGGTGGCGTCGATTTCGCGGTCGCAGACGCCACCAGATGGCAGTTGGGTGTTTTAGACGGGTGTTCCTCTTGTCCCTCGCCAAAGAACGCGTTAGCCTTCCCGAATCACGATCATATTTCGAGCCTGGTTTCTCGTGTCGATCCTTGCTTATCGCCTCGGTCGGTGCGTATTCTTCCCCTTGATTCGACGGAGAAATAAGGATCAGAAGTCCGCTGCAGCACCTATTTATTACGTTGACCCAGCATCAGGCGATGTCGCACAGGGAGCGTGCTTCCCTTGATGCGCATCGGATCAATGCCGGACCGAACCGCTTCGTTCGAAGCCAACTCGATCAGGCTCGCCGGTGGCGTCGCGGTCCGCTGGCCTGGATTGCTCCGGGGTGGCGGAGTTACTTGAATGTGGTGATCGATCAGTTAGAGAAAGAGCTTGCAACTCGCGGCCAATCCTAGAGGCCGAAAGGTTTGCTTGCGTGTTGGTATCCGCACGTTTTCCGAGGTTGCGGGAGGCGGACGGTGTGGTGACCACGGATCGAGAACTTGACGGCTGGATGATCGAATCGGCGTCCCTTTTGCTTGTGTTTTTGATCGCCTCGGTCTTCTAGAAAACCGACTGAGGTTCATTCAAGTGGCCACATGATGAGGAGTCGGGGCGATGGACCGACGTCCCGATGTCGTCGAGGCGAGTCAGCCCGCGGTTTCCGACTCGACCACTACGGTCTCCGACATTCGGAGTCGATCCGACGGAGCCTCGCCTCCGAATTTGAGAGGGAAGCGGATCGTTCTCGTGACGGGGGCCGGCGGTTTTGTGGGCGGGCATGTTGCACGAACCTTGGCGGCTGCCGGCTACCAAGTTCGCGGTCTTGTTAGGCGCATGCCACGTGTTGATCCCGCGGATCCTCCGGTCGAGTGGGTGTTTGGCGACCTACGCGACCCCGAG
NZ_CP155447.1_gap71	2688768	2693561	4793	GGACATTTCCGATTCGTAAGCCCCGCGATTCCCTGCTCGGGCCGCCATGGCCACACAGCGGCGGCTCATGGCCTCATCTGCGAGCGCTTCATCAATGAGCCGACCGATCGATTCCGCCGTGGCCCGTCGGAAATCGCCGCGCAGCCCGAGGCCATGATAAACGACGCGGGCGGCGTTGCCAGGTTGGTCGAACCCGAGCGGGAACGCGATCATCGGAACGCCTTGGGAGGAACACTCCATCAGCGAATGTAAACCGCAGTGACTGATCATGATTCGGGCCCGTTTCAGCATCTGAAGTTGAGGGAAACGCTCCCGGACGAGGGCGCCAGGCGCGTTCACTTCGAGGGTTTCGTACTCAGAGGCGTTTCCGGTGGCCAGCGCAAGTTGGAGGTGTGGGCGGGCTCTGAGTGCGTCGAGCACGGCCTGGAAAAAGGCAACCCGGCGAGGCGCGGGCACGAACGAATGGAACAGGGTCCCCATCGCGCAATAGATCAGCGGTCGCGATGGGTCGATCTGCTCGGCCATGATCGTAGGCTCGGCCCGGCCTTCGTCAAAGCACCAGCCGAGCCAGTGGCTTCCGGCCCGAGGTTCGAAGTCGAACTCCAGTTCGCGGGGCGCGAGGAAGAATTCGGGGAGCGAGAGTTTTGGGGCGAGGAAGCAATCCCAGCGGACTGGCCAGCCGGCCTCGCCTTTTTCGGGAGCGAGTTTGCGCACGAGTCGAGGCAGATCTGCATCGAGGCCGAGTGCAATGTCAATGTGTCGGAATGTGTTTCGTCGGAGGAGGTATCGCGTCCAGGCCCAGCGAACCGCCCAACGGTTCCAAAAGCTGGGGCGTGGCACGAGCCCAACCGGCAACGGCGGTGACGCTGGACCACGAAACGAATGGAATAACGGTGTCACATAGGTGCAATTCAGGCCGCGACGCAACGCGATCAAGGGGATGACAACCAGTGTTGGGACGTCGGAGTAGACCAGGACAAGGTCGGGGTCGATCCGATCGAACGCACGGTCGATCTCGTTGTCCCGGGACTCCAGCATGGGGTTGAGGATCGACCGGTAAACGCGATTGAGCCGGCGCACCTCTCGAAATTTGGCAAACCACGAGAGCGTTGCAAGCAATCGCAACTCTGCGCTGAAGGAACCGGAACGGAACAGGTCCGCCAGCACGGGCATGAACTCGACTTCCTCGGCCCGGACCATCTCCTCGACGTCGGGCGTGCTGATGATCCAGACCTCGTGCCCACGCTGCCGGAGACGTTTCGCGAGCGCAATCGCATTCATGATCACGCTGGGCGTGGGGAAGACACAAATCGCGATAGTCGCCAAAACCTGACTCCTTGGCGCAGTTGGGCGTGTATACCTGGGAACGTTCTTTTACTCAAGCATACCAATCCGCACAAATCCTGTCTTCGTAAGCGGCCTCTGCCTTCCACGGCCGACGGCCCTTGGGGCTGCGCCGGATGACCAGAACAAACTGATTCGCCCGACCGAGTCGCTGAAGAAATCGAGGTCCGAGGGAATCCAGAAGGCTTTCCCTGCCGAACAATAAGAGTCGCCTGCCTCAAGTCGGGCCGTCGATTCGCCGAAAACTCCCCAAAGACGTCGGTTGACATGCGATCAGGTGATCGGGTAGACCTGGGCCGTGAGCCACGCCCTCTGGTAGGCGCGTGCCCTTGCACCGTTGGGTCTCCCGGCAGGAGCCAGGAACCATCCAGATGAGCACGACGAAGGACACCGTTATGATCCCAAGCTTGAGAGCCGAGCCGGAACTGGTCGCCGCGGTTGAGGAGTGGTCGCCGAGTGGGCAGGCGCGCCCAGCCGTGGCACTCGAGCCGCGCGTCGACGGCGTGCGGGTCAAGCTGACCTATCTGGGGGTGGAGAGTGGCGTGCTCTTCGCCTGGGGCGGCTGGGGCACGCGGAATTCGGTCCAGGCGACCCTGGACCGCCTCTACGACGTGCTCTCCTGGCGCGTGGTCAGCCCGCGACCCGGTAACTGAACCACGCGATGGAGTGCGTGGATCAATCCGAGTAGAATCCCCACCGGCCGGGCCATCCTACGGGAAGCTCGGCCGGTGGCCATTTTGGGATCGAACCGTCTCGAAATAGACTTCCCAATACCCATGTGTTAGTCTGGCTTTCTAAGAGATCTGGGTTTGAAGACCCTTGGTGCGGACGGGGTCGCCTCCTGGTTGACGGACGCCGAAACCTGAACCCTTCTCGAGCTCAGAGGGTTTACATCCTGTCGTTCTGCTCTAAAATTCCATAGAATCTGAGACGGTCGAGCTTTTCCTACAAACGGCGCCGGCGTCTTGATGAGTTGCATAGACAAGGCTTTCGTTTCACTGCCGCAAGGCGGCTGATTGCCTGAACCGATGATGAGTCCTGAGCCCTCCTCGAGTCTCCCCATCACTCGCCTCGATGCGGAACCGGCCGTCCCCAGGGATGCCGCTTCCGTGAACGTGATCGTCATGGGGCCGGAGGGCGCGCTCGCGCGGAATGACTGGATCGTGGCCGAGGAACCGCTGGAGATTCGGGCCAGCGGACCCGGTCAGAAAGCGACCAGTGTGGCCGTGACCATGAGGACTCCGGGAGCCGACGCCGAGCTGGCCGTCGGCTTTCTCTACACGGAGGGACTGATTGCCTCTCACGCGGAGGTGGTCACCGCGGAGCCCCTGAATGAGAGGGGGGGCCGAACCCCTTGCAACATTATTGAAGTAACGCTGTCGCGGCCGTTCGATGGCTCGGCCCTGAAGCGAAACTTTTTCGCGACCTCGAGTTGTGGCGTTTGTGGTAAGGCCACTCTCGAGCAGATCGCGGTGCGCTGCACGCCGGTCGAGGCGGGGCCGGTGATCGGCCGTTCGGTTCTCATCGGCTTGCCCGAGGCCTTGCGGGGAGCGCAAACCGTCTTCGACCGCACCGGAGGCTTGCATGCCGCCGGCCTGTTCGATGTCTCCGGCCGCCTGCTCGTCTTGAGAGAGGATGTGGGGCGACACAACGCGGTCGATAAGCTGGTCGGTCGCGCTCTCCTGGATGGGGCCTTGCCGCTCTCGGGGCGAATCTTGCTCGTTTCGGGGCGGACCAGCTTCGAGATCCTTCAGAAGGCGGCCGTCGCGGGGGTCCCGATCGTGTGCGCGGTCTCGGCCCCTTCCACGCTCGCGGTCTCCGTGGCCGAGCGGTTGGGAATCACCCTGGTGGGCTTCCTCCGCGGCCCGAGCTTCAATGTCTACACCCACGCCGATCGGATCGACCCGCGGCGGTGACGGTTCCGAAGGGGGAGAGGCGACCATGTCAGATCCGATCGGGAAGTCATCGACGACGGCCCTGGACCCGGCGCGCGACGAGCCGACCGTCCAACCCACCGAGTTGGCCCAGGTTGACGTGCGGCCTTACCACCATCCCGCGGCCGGTTTCGGAGCGATCGCGAGTACCGTCAAGCACACGATGAACGAGATGGGGATGTTCCGGGGCGCCTCAACTCTGTTGAAGGTCAACCAGGCCCACGGCTTCGACTGCCCCGGCTGTGCCTGGCCCGAGCCAGGCGTCGATCATCGCTCTCATGCCGAGTTCTGCGAGAACGGGGCCAAGGCCGTCGCGGCCGAGGCAACGACCAGGCGCGTGACGCCTGCCTTCTTCAACGAATGGTCGGTGCCTCTCCTGCTCGAGCAGTCGGACTACTGGCTCGAGTCGCAAGGACGGCTCACCCAACCGATGGTCCTGACCGAAGGAGCGTCGCGCTACACACCGATCACCTGGGATGAGGCCTTCGACCTGATCGCAAGCGAGCTCCGCGGACTCGACTCCCCCGACGAGGCGATCTTTTATACCTCGGGACGGACGAGCAACGAGGCGGCGTTCCTTTATCAGCTCTTCGTGCGCCTGTTCGGGACCAATAACCTCCCTGACTGCTCGAATATGTGCCATGAGTCGAGCGGCGTCGGCCTCGGCGATACGATCGGTGTGGGCAAGGGGACGGTCTCACTCGCCGACTTCGACCTGGCTGATGCGATCTTCGTGATCGGTCAGAACCCCGGTACCAATCACCCTCGAATGCTCTCGGCGCTCGAATCCGCCGCGCGTCGCGGGTGCCACATCGTCAGCGTGAATCCGCTGCACGAGCGGGCGCTCGACCGCTTCGCTCATCCCCAACACGTGAGCGATATGCTCAAGGGAGGCACCGCCATTGCGGAGCTGTTCCTCCCCGTCCGGATCAATGGTGACGTGGCCCTCCTGAAAGGGATCATGAAGGAGGTCCTGGAGGAAGAACGGCGACGTCCCGGCGAGGTCCTCGATCGGTCGTTCATCGCCGAGCATACGTCCGGCTTCGACGCGTTCGCCGCGGCCCTCGACGCCACCCCTTGGGACGAGATCATCGAGCAGAGCGGCGTCGAGCTTGACCTGATCCGCCGCGCCGCACAGATTTACGTCGCGGCCGAACGAACGATCGTTTGCTGGGCGATGGGGCTGACCCAGCACAAGAATGGGGTCGCCAACATTCAGGAGGTCGTCAACCTGCTCTTGCTCCGGGGGAACCTGGGCAGGCCAGGCGCGGGGGCGTGCCCGGTCCGGGGGCATAGCAACGTGCAAGGGGATCGGACGATGGGCATCTATGAACGCCCGTCAACCGAATTTCTCGACCGCCTCGGCCGTGCCTTCGGGTTTGAGCCGCCTCGCGCCCATGGCTTCGACGTGGTGGCCGCGATCAAGGCGATGCACGAAGGCAGGGCCCATGTCTTCTTCGCGATGGGCGGTAACTTCCATTCCGCCTCCCCAGACACCGCCTACACGGCCGAGGC
NZ_CP155447.1_gap72	2729567	2734410	4843	AGGCGGCTCGGACTGGAAGTTGGGTTGAGGCCGGCTGGCCTTGGGCAACCAAGGAGACGAAGCGAAGCCGGGCAGCCGATGACGGCTGCCCGGTCGTTCCCACTCGGAGGGTCAGCGTATGATGACCTGAATCAGAGCTGCGATTACTTCGCGGTTTCCACCGTGGCGCCAGCGGACTTCCAGCCGAGGATGCCCTTGGAGTAGTGCTTGATGTTGGTGTACCCGAGTTCTTTCGCGGCGCGGGCTGCCGAGCGGTACGCGGTGCAGCGTTCGTTCGCGCAGTAGGCGACGATCAGGGTGGACTTGTCGGCCGGGAGCTTCGAGGCCAGGTCCTTTTCCGTCTTCTCGAAATCGATCGCGGTGGGGATGTGGCCTGCCTTGTAAGAGTCCGACCCGTTCGCGTCGAGCAGGGTCACCTTCTTGGATTCAACGGCCTTGACCAACTCGTCGTGGGTGATGTCGGGGTAGGTCGGATCGGCGGCCTGAACGGTTCCGGCTCCGATGACCAAGGCCACGGCCAGTGCAAAAGCATGTCGCATCAAACTCTCCTTGGGTTGAGAATCTTCCCTAACGTGAGGGGAAGGAGTGGGGACGAACGGGTTGATACGAGGAACGCGCTAACGCTGAACCTCCAGACGAGTGGCTGCGAGGAGCGGCCGGCCGTTCTCGGTGTGGACGGTCCCTTGGGCGAGAACCGGGAGGGGAGTGCGGCCGCATCCCTGTGTACGATTGAAATCACGACGGACCGCATTATCGTCCAGAAAGAGCGTTTCCTCACGCCCCTCCTCGCGGATGCGGACCGCCGGCTGACATTTCTCGGTCTCATGAAGCGTGCAGTGGACGCAGACGACCACCCCACGGAGCGAAATCTGCGTCGCCCCTGCCGTGCCTGATCTCAAAACGCTGAGAGTGGGGAGCAGGGGCCTGGCTTCGTCTCGTCTTGAGGAGGGCCATTGGGAGACGAGTGCGGTCGACAGCAGAATGACCGCGGCGATCACCGCGGCCAACCCTCTATACTTGCGCCGGGCCGGCGGTTCGAAGGCGAGGGGAGGCGGGAGAGGCGGCGTATCCACCTCGGCCGTTACGCCCGTCTCGACGCTCAGCCGCGATTGAATGCCTTGCCAAAAGGCCTCGGCCGACCGCCCTGGCGTATGCTCTTGGGCCAGGAGATCCGAGAACATCAGATGTCCGCGGACGTCGCGTAATCGGTCCGGATCGCGTTCGAGTTCCCAGCGAAGCTCCTCGGCGTCCGCCTCGGAAAGGGAGCCATCGAGCAGTTGGCCGAGCAGTTCGTGATAACGCGTCTCGGTCATGCCCACATCTCTCCCATTTTGCGCTCGACACAACTCTTGACGAGCAGCCGGAGGCGGAGCAGCCTCTGGCGCAGGGTGTCGGCACGCGTCTGCATTCGCGTGGCCATCGTTTCGGCGAGTTCGCCATCGGCGTAGCGCCGCAGGAGCAACGCCCTGCCGGCTTCCGGCAACTCTTGCAAGCAAGAACGCAAGGCGTCGAGCCATTCCGACGCGGGCGTCGCGAGTTCCGGCTCGGCCCGATCGATCAGGAGATCGGCCAGCCCGCCTGCGAGCAGTCGAGTTCGCCGTCCGGCCTTGCGACGTTCGTTGGCGGCGAGGTGCCGTGCGATGCCCCGAAGCCAGCGCCCCGCATCACGGCTGGGATCCCAGTCCTCAAGCTTTCGGTAGGCGACGAGAAAGGTCTCCTGAGCGAGGTCATCCACGCCGGCCTCGTTCACCCCCAACGCCCGAATGAAAGCACGCACCCCGGCCTGATAGTCTCGGACCAGCATCTCGAGCGTGGCACCGCGAACGTCCGCCAACGCACGATGATCCCGTTGCGATGTCAGGCCAATCCCAGTTGATGTTTCCGGTGTGCAGACGGGTCTCGGTGGCAACGCGGTCCTCCGGAATGCCTCCCGGTCAGCAGCTCCTTACCTGGCTTGGAGTTGCGTCGCAGCTCAATCCTCTCGCAACGGGGCAGGGGACACAGCTTGGAACCTGGCCATTCCTCGGTCTCGGCTCGGCATCGCTCGTTCTTCCCCCTATTGTCGCGAGCGCGCCGGGTGTGACAAAAAAAATGGGCCCATTGCGATCGCGAACGGGATCTGACGAGGCTCGTAAGTGATCGCGTTCCCGCGGTATCGCCGGGCCGACGACTGCCACGGGTTGGGCAAATTCGTCGCCATGCCCCCTGTTTAGAATTTTTTTTTGATTTTTTTTGGGGTGGGTATTTCTGGGTGGTCGATGTGCCGCAGCCATTGATTGAGGTGTCGACCCCCATCAGGGAACTGCGTCAGCCCCGAGACTGCGGGCGGTCCGCCCGCTCTTGAGTCGAAGAGAAAATGCGGGCCGGGCGTTCGCAGTCCCAGGGGAGAAATCTCGGCATCACGCAGGGAACCATGCTCGGACCATGACTGGGCGATCCAGATCAGGGCGATTCCGGCGATCGGAAAGCAAGCCGAGGGCGAGGACTTTCAACGGCTTAGGCCGTCACTCCTTCTTTCTCCAGCCGTTCCAACTCAGCATGGCTCCGGTCCAATCGGTCGAACGTCCCCTGATCCAGGGATCGGGGATGGCTGAAGCGATCCCGAAGTTCGTTTGCACTCACTTTGGACGCTTCTTTGATGTTGTGGCGGTTTTCCGGGGTCGCCAGGTTGGCCGCGATCGCTCCCAGTTCGGTCCCACCGGATCCGCCGGGGCCCAGTTCGATCCCGCTGAGCGTGCACATGCTCCGGAATTTATCTTCGCCGACCAGGTTGTGAATCGCGGCGAGCGAGACCGCAAAATCCTGGCGATGTTTTAGATATTCTTTCTTCTTTCGACCACTGGCCTGATGAGAAGACTCGGAATGATCGGCGGATCCTGCCGGATGGTCCATGTGGGAATTCCCTGTCGGTTGGGCTTTGAAGAAGATCAGTTGCCTTGCTCCCGTCGCAAGGCGTTCGATTTGTATTTTTCGTTGTGGCCCGTCAATTATAGGGGATTATTTTCCATTGTCCCAGCCGACAATTGCCGAGAATCTCGACGGCTTGGCGCCGAGGTTTCCCGCTGCGGCGAATCGTTACCACCAGCCGCCTTCAGGCTGTCGGCCTGGGCCAATTAGGGATGACATGGAATTTCGTATTTAAATAATGTGCATTGTTGTTGTGACCTGATGCAGAGGAGCCAAGGGCCATGTTTCACCCCTTCGATTTGTAGAGCTTCGCCGAGCCCGTTTTCCACACGGCGACGTGATCGGCCTTGGCGTCAGCGTGGGTCCAACGATTCTCGTGGGCCGGGCGCACCATCTTAGGCCTGTCTTTGATCGCGCTGATTCAGCAGAGGACTCAGCACGCGAGAGTGCATTTTGACCACTTGCTCCGTTTGAGTTATCGATATTCCTGTCTCGCACCTGTGGGTAGAATCGGCCAGAGCGGCTCGCGACTGACTGAGACGATGGCCAGACTTATGGATCGCGGAGGAAAATCACATGGCTCTGATGCGTGTTGCGGAAGTCTCCGGCCCCAAAGGTCCCTTTCAGATCGTGGAAAGAGAGATCCCAGAGCCAGGGGCCGGTTCGGTGCGCATCAAGGTGCAGGCGTGTGGAGTCTGCCACAGCGATTCCTTCACCAAGGACGGGCTCTTGCCGGGAATCCAATATCCGCGGGTTCCCGGCCATGAAGTGGCTGGAGTGATTGACGCCGTCGGCCCTGGAGTCGCGGGATGGGAGCCCGGTCAAAGGGTGGGAGTCGGGTGGAACGGCGGCTATTGCGGTTATTGCGACCCGTGTCGCCGCGGAGAATTTTTCGCCTGTATCCGGGGCCAGCTCACTGGAATCACCTATGACGGTGGGTATGGGGAGTATTTGGTTGCCCCTGCCAGTGCGGTTGCGCTTATGCCGGCCGAATTGCCGCCTGATGAAGCGGCTCCGCTGATGTGCGCCGGTCTGACCACGTTTAACGCATTGCGAAACAGCGGAGCACGAGCGGGCGATGTCGTTGCCGTGCTCGGATTGGGCGGTCTCGGACACCTTGGCGTCCAGTACGCCGCTAAGATGGGCTTCCGCACGATCGGTATCGCGCGGGGGAAAGAGAAGGAAGCGCTTGCCCGACAGTTGGGCGCATCGATCTACATCGACAGCCAGTCGCAGGATCCGGCGGCGGAGCTCAACAAACTGGGCGGTGCCAAGATTATCCTGGCGACGGTGACCAACGGCGACGCGATGAGCGCGGTCCAGGGCGGTCTCGCGGTGAATGGTACGATGCTAGTCATCGGGGCCGCGGAGTCGATGCAGGTGTCCCCCGTCGCGTTGCTCTCGGGGTGTCGATCCGTCAAGGGCTGGTATTCCGGGACCTCGATCGACTCGCAAGACACTCTTGCTTTCAGCGTGCAGGCGGGGGTGCGATCGATGAACGAGATCTATCCGCTGGAACGTGTCTCCGAAGCCTACGACCGAATGATGAGCGGGAAGGCTCGCTTTCGGGTCGTCCTGACGATGGGAGAGTAGGCCACGGAACTGGGAGCAACGGGAAAAAGAGCGTTCCGGTAGGGCAAGTTTGAACAACCTGAACTGGCTGATGGAATGCGTCGGCCGGGTTCCAGGCCGTTCAAGGGAATTTTACGCTGACGGCATGCGTCACGTCTCGATGAGGGATTGGGACCAACTTCCCGATTCGCCGACCATCACCGTACGTCACGATGACTAGCAAGTAACGTCGAAACTGAACATCCCTGAGTAGCCGCCCCGAGTGTGAAACGGTCTCGCTGAACCCGACTCTGACACGCATCTGCTGCCCGGTAAAAGGGTCGGCCGAATCCGCGTGCAACGAATCTCTGGGCGGTCTAAGTTG
NZ_CP155447.1_gap73	2740898	2741502	604	GACGGTGTAGACGCGCTGGGGGATCTCAGGAAGGATGTCGATCACCCGCGGGCGGCCGGCCGGATCGTTATTGGTCGAAACGTACCCTTTGGGCTTGGAGACCGCGTAATAGACCATCCGCTCGAGATGGATTAACTGTCCGTCGACGGCGATCTTGGCCTGTCGCGCATCCACCTTGGTTCCGAGCTCTTTGACGACTTTGCCGTCCACAGTCACCCGCCCTTGGCGGATGACGTCCTCGCAGGCGCGTCGCGAACCGATGCCGGCGTGCGCGAGAATTTTTTGCAGTCGCTCCACACCCGCCGGCGTTTCCTGCCCCTCAGCTCGGGGATTGGGAGACTGCCTCTGTTGCGGGGGACGACCGGCCCTTGGTCTGCGATCTGGACCGTTGTTTCCCCGTTCTTCCGGCCGTGGGGGCCGTCGATTGGCCATGATGATCCGATCCTGAACAGGTTCAGGTCCCGTTGAAATTCGCGCATGAAAAAGACGAACGCCAGGCGTTCCTTAATCTGCATGATACCCCGCGCCCCGACCATTTGTCCAGGGTTCAGCCGTCCCAACGCATTCTCAGAGAAATGACCTCTCGTTTGCCGGACAATGGCTT
NZ_CP155447.1_gap74	2904130	2904959	829	GCGTTTTCTCGATGCGGCCGAAGCCACGATTCGCCAACTGGCTGCCTCGCCAGGCTTAGGCGCCCGCTACGCTCCCGAACACCCCGCTCTGGCTGAGCTTCGCTTCATCCCCATCGCCCGCTTCAAAAACGATCTGGTCTACTACCTGCCGCTGGCGGACGGGATTGAAGTGCTGCGCGTACTACGGCGCCCGGGATATTCGCCATATCCTGGCGGAAGATTTCGGTGTTTACGATGTGGAGGACGAGCAGTAGGCACTTCAATGGGGCCGTCTGGAAGGTTTGGGTGTGGCTTCGCCCTGGCTCGCACTCTCGGTCGGCTTTCCAAGACTTCTGGCTTAGAGTCTGTCTCGGAAGGTCAGGCTGAGCTGGGAAATGAAGGACATTTGGGTGCCACGGGTTCCGTACTCGGAACCCGTGTGCCCCAGGCCAAGGCATTCCCGCATGGGTTCCGAGTACGGAACCGCATGGCACCCGGAAGATCGTCAAAAACCCCGGTGGGATTCGCCTTCTGGGACAGACTCCTACTCCGCTTAGGTGCCTGGCTTCCGGTTCCCTGTACATCCTGCGCTACCCGGTGATCTGGCTGCTGTAGAACTCGGGCTGCTCCCTGCTGATTGCTACCGTCCTCTCGGTCCCCGTCGCGGTTGCGGCCCATCTCCTGGTTGAGGAGCCGGTCCGCCGGCTCCTCATCAACGGAGCTGAGACGTATTCGCAAGATCCATGTTTTCCAGTTGACTTGGCCGGTGCGAATGCTGTGGAATTTGTTCGGTGGCTGCAATTGGTAGGGAATCTAGGCGTTCGTTAGAGGGACCCCCCATGGCAGTTCC
NZ_CP155447.1_gap75	3021482	3026158	4676	GTTCAGACGCCGTCCATTGAGCCTCAGCCCGGGGATAACGATTTGGCTTCGGTGCTGATGCCGGCCACCGTTTTTGTGGGAGGAGTGAGCGTTCTGGGGTTGGCGGAGACGCGGTCGCCCGGCTCGAGTCCCGAGAGCACTTCGACGTAGGTGGAGTCGGCGACCCCGAGCGTGACCGCCTTCCACTCCCAACTGGTCGTTCCCGTTGAGGTCTTTCGTGCGAGGGCGGAGTAGGCCTGGCCGTCGACCCAGCGGATCGCACGGACGGGGACTCGCGTTGCTTCGCGGCGCGACTCGATCAGGAAATTGACCTCGGCGCTCAGGCCAGGGCGGAGTTCGTCGAAACCGCCCGAATCGATGTTGACCGTGGCGTAGTAAACCTGGACATCGAGGTTCGAGATGCTGGCCGGCGCGGGGATGGGAGTGATCTCGTTAACGGTTCCCTGGAGGGGACGGCCGGGGAAGGCGTCGATCCGAATGATCACGCGCTGACCCTTGTGGATCAGGCTCGTCTTCGATTCGTTGACCCGGGCTTTCACCCGCATGTTCCTGGGGTCGGGGACGTAGAAGATCGGTTGCGTCTGACGCACCGTCACGCCCTCCTGGATCTGGGCCTCGACCCGTCCCCAGCTATTCGTCTGGTTGGCATAGACGATGATGCCGTCCCGCGGGGCGCGCATCGTGCAGTTGGCGATCATCAACTCGAGTCGCTTGAGCCGTTGGGTCTCGAGCGCGAACGCCGATTCTTGGGAGGAGAGGTCGGACTTGATGGCCTCGATCTTCGCCAGGCGGGCTTTCATGATGCGGGGCATCGTGAAGTTCTTGAGCCGGTGCTCCATGCCCTCGGCCTCGGATAGAACGAAAGAGGCTTGGAGGTCGGCCAGCTCGTCGGCCCTGACCTGGGCGTTGGCGCGGAAGCCTTTCTGGGCCGCATCCCGCGACCATGCCAGGTTGAGTCGAGTACGTCGCTGCTCGGTCTGGCAGCCAATGATGTACTGACGGATCAACTGGACGTCCTGGGGATAGATGCCTTCCTGATACTCACGCAGGGAGATTTCGTTGACGTCGAGGATCGATTTCGCTTGCTCGACCCAGGACTGCGCCTGGACGTAGCGAATTTGCTGGGCCTGGAGTTCATCGCGAAACGCCGCCGAATCCAGTTCGCAGACGATGTCGCCGGTGACGACGCGGGTTCCCTCGGGGATAATGTTGATAATTCTGGTCGAGCCGGGCATTTCGGTCGGACCAGACCCCCCTCGTCCGCCGCCGCCACCACCTCCTCCTCGTCCCCCGCTGCTGCCCATCATGAGGTTCGTTTGCTGTTTGCCGGCCGCCTGGGTGGAAACCGGCTTGGCTCCGCGGAGCGGGATGTGCGGCTCGACAATGTAGTTAAAGCTACGGATGTCGGGTCGTTTCATGACGCTGGAGCTAGCCGCCGTTGCGCTTGCGGCGGGGACTGGCGTCTTCGAGGCGACGCCGGCCCCAGTCACCCTGGCCTTGGTGCCGCCGGCTTTGGCGGCCGCCGCCCCCTTGCCTTGCATGGCCGCCTTCGCCGGTGATGCGGGGGCTGCCTGCGCGGCGCCGCCTGACGCCTGCCCTCCCGCCCCACCCCGGTTTCCCGCGGTTTTGCTTACCGCCCCCCCGGTCATTCCGACCAGGGCCTCAACCTCGCAGCGAACCGTCGCGTTGTTGGCGCTTTCGAGCGTGCCGTTCTCGGTCACGACCAGGGCTACGTCCCCTCGGTCGACCTCCACGGTTTCTGGGGGAGGAGCGGTCTTTGACCAGACCCGAGAGGGGCGAAGCATCGCCGCGAAAATTCCGGCTCCCACTGCTCCGGTGACCACCGCGGCAAAGGCCCAACGCTGCCAGGATGGCCGACGCTCATCAGGGATGGCGAGAGGAGTCGAAGCAAGCTCATCCGATGACATGAAAATTCCCTCTCAAAACTCAAACGCGGGCACGAAACAGACTCGACGGTCAGGTGCGCCACCCACGACAAGTCACCTCTATTATCGACCGATTCGCCTGGGGGTCAATCATTTCCCAAAGTCGCCAACCGAAGCCATCTCCGGGCCACGTAAGCTTTTGAGAGCGGTTCCGCGTCATTGGTAGATTGGGACTACTGGGAGATATCGAAAAAGTCGTACTACGTTAGAATAAGCGACGAAAGGAAGCGGCGTGGCCACTCTCGGATCGTGGTCGCACCGCAATCATGCCGTGTCTTCGGTACGGTTACGTTGAAGCCGACGCCTTCAAATAGGCCTTACGGACACGTCGCGCGGTCCTTGAGTTAAGAGCCTAAGTCAAGGAGTGAGCTTGGGTTGCGTTTGATCGGTTCTCGGTGTTACCTGTGGGACCGCACACCGAGCGACCCGTCTCTTGACGAGCATTCAGGATCTTGGAGCCGGCACCATGTTGCAGTTGCGTCATCGGTCGAAGAGACACGAGGTGGGTGGAAGCTGGAAATCGTCGCGCAGGCGGTTGGAGTGGGAATGTCTTGAGGAGAGAATGCTCCTGGCGACGGTCGGGTACGACTACATTCTCAGCGGAACTCGTTGGGTCAACCCGAGCCACATCACGTATAGCGTCGCTCCCGACGGCGTACTCTGGGATCACGGCACAAGCAACCTCAACGCGGCCTTTAACGCCAAATTCGGCAACGGGGTCTGGCAGCGCCAGTTCGCCTTGGCCCTGGCGACCTGGCAGTCCGTCGCCAACATCAATATTGCTCAGGTCTCCGACTCCGCGCTGGGGTTCGGGACCTTTGGCAAGTCTCAGGGGGACCCACGCTTCGGTGACATCCGGCTCGGCGGGGCACCTTTTTCAAACAGTAGCAATCCCACCCTTGCCATTGGCTACTACCCTCCTCCCCAGGGGACGACCGAAGCCGGGGACCTCGAAATCAATACGACCAAGAATTTTACGATCGGGGGCGGAGGGGGCTACGACCTCTACAGCGTGCTGCTTCATGAGACCGGCCATGCGCTTGGGTTGGACCACTCGCTCAACCCCAACACCGTCATGTTCGCGAACTATGAGGGGGTTCGAGCCGGGCTTCGGCCGGAGGACATCGCCGGGATCCAGGCGATCTACGGGCCCCGGACCCTGGATGCGTACCAAGCTCGGGGGCTCGGCTTGGGCTGGTCCAGCGCGATCGACGTCACGGCCGGACTGGGGAGTGTGCGACAAACGACGGTGGGAAACGTCGCGCTCAACTCGATCGGCGCGACCGAATATTTCACCGTGATCGCCCCCAGCACTCCAGGGGCGACCCTGCAAGTCACCGCGGCCGCCGGCAACGTGAGTCTACTCAGCCCCAAGATCAGTCTTTACGACGGGGCGGGGAACCTGCTCGGGGCCGCGGCGAATCCGTCGGCCTGGAGCAATAATGTCTCGGTGACTACCGCCCAGATCGTGCCGGGCCAGCGCTATTTTGTTGCCGTGACCGGGGCGACCAGCGATGCCTTCGCGATCGGTGCCTATCAACTTCAGGTCGCGTTCACGGGCGGCACGTCACCCAACAACCCGGCCGTGACGCCGCCGCAGGTTACCCCCCCCGGCATGATTACCGCCCCCCCCGTGATCGGGAGCAAGGTGGGCCCGGATCGGTTTGAGTCAAACAATACGTTCGCCCTGGCGACCAACCTCGGCGCTGTCCCCGGTGCGGTCACGGTTGCCAATCTGACACTCGATACCTCCAGTGATCTGGATAACTTCATCTTCCGGAATGGCAAGGCGGGCGTCTACCGCGTGACCGCGACGGGCGCGGCCATTCGCATCTTCGACGGGTACGGCAATCAACTCGCGGCTGGCACCGGCGATGTTTCGATCCGGATTTTTAAACCTCGTACATCGCTTTATGTTCAGATCAGTTCGGCAACGGGAACGGAAAATGCGAACTATTCGTTGATCGTCTCGGCAAAGAACGCGCGAGCGGTGGCTACAGCCTCTGTCAAGGTCCGGCGTCCCCTCCATCGGCAGCTCGCGCTGTGGGCGGTTCGACCGCGGGTCTAGGTCCATTGAAGCTGTCCTTGAGCGTATGGTAGGGTGGTCGCACCGGAACTATTAAGTGCGAGCCTACCCTGTGGGATCAAGGCGAGACGCCTCGGGATAGGCCCAACCAAGGAGCGACGTCATGGCTGAATATTCACTGCCCCCTTTGCCGTATGACTACAGTGCCTTGGAGCCGCATATCAGCGCCAAGACCATGCAGTTCCACCACGACAAGCATCATCAGGCCTACGTCACCAACGTCAACGCCGCCCTCAAGGATCACCCCGCACACCAGGGCAAGTCCATTGAGGAGCTGATCGCCAATCTTGACGCTCTGCCTGAGGGGATCCGCACCGCAGTCCGCAACAATGGTGGTGGTCATGCCAACCACTCCTTGTTCTGGCTGATCATGAAGCCGGGCGGCGGCGGCGAGCCGACCGGAGCCCTCGGACAGGCGATCACCAGCGAACTCGGTGGGTTTGCTTCGTTCAAAGAGGCACTCAACAAGGCGGGAACCACCCGGTTCGGCTCGGGTTGGGCCTGGCTCGTCGTGGGCAAGGACGGCAAACTTGCCGTGACCTCGACCGCCAACCAGGACAGCCCCATCATGGAAGGGCAGACCCCGCTGTTGGGCGTCGACGTTTGGGAGCACGCCTACTACCTCGACTACCAGAATCGCCGGC
NZ_CP155447.1_gap76	3027862	3032244	4382	TTCCGCGGCTTATTCTATCGCGATTTTAACGATCCGGAGTCGTAACGTTCCTACGGGAATGGGCACCTCGACCTCCTCATCCAGCTTTTTGCCGACCAGCGCTTGCCCAATCGGACTGGTCAGCAAGATCTTGTTCTGGTCGTAGTCTTCATCGCCGGGCCCGACCAGAATGAAGTCTTCCTCGTCGTTCATATCCAGGTCGAGGACGCGAACCCGCGAGCCGAACACGACGCGGTCGGTGGGTAGGGTCGACTTGTCGACAATCATCCCGCGGCCAAGCTTATCCTGAAGTTCGTTGATCCGCGCCTGAAGCATGCCCTGCGCCTCGCAGGCTGCGTCGAATTCGGCGTTCTCGGAAAGGTCGCCGAAGTCCCGGGCCGTGGCAATCTGCTCGGCGATCCGGGGCATGTCCTCATTTTTCATCTTGTCGAGCTGGGCTTTGAGTCGGTCGTAGCCTTCCTTCGACATCGGAATTCGATCCGTGGACATGCCTATCTGCTCCCAATCGTCCTGCGGCCGCGTCGCGCTTATTAGGGCTTAGAGCTTAATATTGGACGCCGCTCGGGAACGCATCAGTGGTCTATGGAATGGTGTGGGGAAGTCCCTTGGAAGTCTAGAAGCAAACACCGCGGCGCCCGGGTGGACCCGGTGCCGCGGTCAATATCGCAATTCAGACTAGTCTCCACGATCGCCGGACGCAACCCCAAGCCTGACACGCGTGCATGAGGTGATGGGCTGGGGTTGGTCGCCTGGGGACTTACGCAGTGCCCAGGCGTGTGAGCGATTATTCATGTCGTAGTGCGTCAATAGGATCCATCATGGCGGCTCGCTGGGCTGGGTAGAGCCCGAAGAGGATGCCGATGGCCACGGAGATACCGAAGGAGAGGAGCACCGAGAAGCCGGTCACGACCGCCTTCTGTTCTGGAATAAAGTAAACGATCAACTGGGGGATGGCGATCCCGAGGCTGACTCCGAGCAGGCCGCCGACACCGGAGAGGACGACGGTTTCGATGAGGAACTGCTGGGTGATGTCGCGTCGCTTGGCGCCCAGGGCGCGACGGATGCCGATTTCTCGGGTCCGTTCGGTCACGGTGGCGAGCATGATATTCATGATACCGATGCCGCCGACCAGGAGTGAGATCGAGGCAATGGTGCCGAGGATGATGCTGAACTGCCGAGCCGTCCGTTTGGCTTCGTTGAGCAGGTCGAGCGGCACGATGATGGAGACATCCTTCTTGGGGTGGTACGGATTGACGGCGGCCTCGACGATCGGGTGGGTGGGGCCCACCTCGGTGAGGTTGCCCACCTGGAGTGTGACCTGGGAGAGTTGGGTCTCCTCGAACTCCATCGACCCAGCCCGGCTGTTCATGATCCGTTCGCCGAACCGGAGCTTGCAGGTGTTCAGGGGGATGTAGACGTCCTTGTTGAACTCCTGCGCGGCCAGACTGCCGCCAATTCCCGCGGTGCTCGCGCGTTCCTGGGTGACACCGACGACCTTGTAGTAGTCGGCGCCGAGTTTGACGGTCTGGTGAATGGGGTCTTCGTAGGGAAAGAGGGTTTTGGCGGTCTCCGAGGCGAGCACGGCGACGTTTTCGTAGCGGGCGTTATCGCTTTCGGTGAGGAATCGCCCGCGCTCGATCTCGAGGTGGTTGAACTTGTCGTAGTCGCTGGTCGTCCCGACGACCCGGCCGTCGATTTCCAGGTTGAGGTGCCGGATCTGTTTGCGGAGCTCGCGAATCGGCAGCGCCTTCTTGATCGTGGGCACCGTGGCCATGATCCGGTCGAAGTCGGCGAATTTGAGGCCGTAGGCGAGGATTCGGGCCGGTCGACCGCCGGTCGACTGGGATTCGTCGGTCGGCTTGACCGAGCGAACGATGATGTTGGTGGCTCCAAGCTGCTCGAATCGCTTTTGCGCGTCGCGGCTCGACCCCTCGCCGATGGCCAGCATCGAGATCACCGCGGCGACGCCGAAGACGATACCCAGGACGGTGAGTCCCGAGCGCAACTTATGGAGGAGCAGGCTTTTGAGCCCGAGTCGAATTCCCCGTAGGATGCGTCCCATGATGGCTTCTTCGGTTCGGTGGGGCTGGCCCACAGGTCTCGAAAAGGAAGGAACAGAGTGGGCCGAACCCACTGCCGCCGAGATTGGCTTCAGGTGTGACTGACGCCGTTGGCCGCCGCGAGCGCCTGCATTCGGGGGCTCGGGCCATCGTCGATGATCTGGCCGTCGCGCATGCGGATGATCCGCTTGGCGTGCTCGGCGATGTCGTCTTCGTGGGTGACCATGATGATGGTCTTGCCCCCGTCGTTGAGCTTGCCGAGCATCTCCATGATTTCGTGGCTGGTCTTGGTGTCGAGGTTGCCGGTCGCTTCGTCGGCCAGAATGATGTACGGATCGTTGATCAGCGAGCGGGCAATCGCGACGCGCTGTTGTTGACCGCCGGAGAGTTGATTGGGGCGGTGATCGAGGCGTTCGTGCAGGCCGACCATTCGCGCGAGCTCCTGGGTCCTGCGCTCGACTTCCTCGGTGATCTCGCCACTCCCTTGGTACGTCAGGGGGAGCTGAATGTTCTCAGTGACGGTGTACTGCTGGATCAAGTTATATGACTGGAAGATGAAGCCGATGTAGCGGCTCCGCACTTCCGACAGTTCGTCGTCGCTGAGTTGGGCGACGTCCTTGTCCCCCAGGATGTACTGACCGCTGGTCGGCCGATCGAGACAGCCGAGCAGGTTGAGCATGGTGCTCTTGCCCGACCCCGAGGCTCCCATGATGGCGATGTATTCGCCCTGATGGAAGTCAACGGAGACTCCCTTCAGGGCGTGGACCGTCACGGCCTGGGTTGTGCCTTTGCGGCGGCTGAAGAAGCCCCCTTCGCTGGCGTGGCCCATCACGTAGGTCTTGCGAACGTCAACCAGGCGGACGATCACTTTCGTCGCGATGTTCACTGATTCGGACCCCCACGGCCGCCCCCGAAACCGCCTCCGCCGCCACCTGCTCCCGCTCCCGCGCCACTGCCACCGCCGGGAGGGCCTCCAAAGCCGCCACCGGCTCCACCACCACCACCACCGCCGCCGCCACCTTGCAGGATCGCGTCGACGCGTTCCGCGGGGACGCCCGCGTCAATCATCATCTGTTTCTTCTCTTCGGGACTGGCGCTCTGGAACTTCTCGCGGATGGCCGGATCCATCTTACTCATGAAGCCGCCGCCTCGCTGGCCCTTGCCGGTTCGCTTCCCCTTGGCCTTGGCCTTTGCCTCGGGATCCGTGGCCGCCTTGCCGTCGGGGCTGGCGGTGGCGACGGCTCCGACCTGGGGTTTGGGGGTGGTTCCCCAATCCTTCTTCGAGGCCTCGCCGGCCTTGCCCGACTCCCCGAACGCCTCGCGCTTCTCATCCTCGGACATCAGAAGGAGGGGGCTGAGTGCAACGCGGTCACCTGTTTTGAGGCCCTCGCGGATTTCGACGAGCTTATCGTTGGAGGTGCCCACGGTGACGGTGCGCCAGTCGTAGGTGCCGTCGGCCCGCTTGACGGCGACATGGTCTTTCCCCTGGTACTCGAGAATCGCGACCACGGGAACGCTCAGGACGTTGTCGATCTGGGCAACCAGGATTTCCACCTGGGCAGTCATTCCCGGCCGCAGCCCCGAGAGGCCATTGTCGATCGTGACGTGGGTGGTGTAGACCTTCACGTCCGAGCTGAACATGCTGTTCGGGTCGGGCAGCGGAGCGACATCCAGGACGGTGCCTTTGAGCGTCTGATCGGCAAAGGCGTCGACGCGGATCCGCGCCTGGAGGCCGGGGGCCAGGCGATCGACCATCGACTCGTGGACCTTGGTGTTGACCCGCATGTGCCCGGTATCGGGCAGGCTGAAGATCTTCTGCCGCTCGCGAACGACCGCACCTTCTTCGATCTGGGGCTGGCTACTGCCGCCGAACCGGCTCGGGTCGTTGGCGTAGACCACCAGGCCGTCGCCCGGCGCCAGGAGCTTACAATTCTTGATCTGGGTCTCGAGCTTCGCCTGCTTCTTCTTTTCCAGGTCCCAGGTCTGATCCTTGGCTAACTCGTCGGATTTGGCCTTCTCGACGTCGCTTTTCAGCTCTTTGATGGTCTTATCAAAGGTGAACTTTTCGAGCACGGACTTCTTCGTCGTCGCCTGTTCGAAGGCAAAGATCTTCTGGTCGAGCGAGACCTTGTCGGCGATCCGCTGGGCCAACGAGACGTAACCTTTGTCGAACATGCGCGTGGACCATTCCAGTCGGTCCTCCGCGCGTTTTCGTTCCGCCTCGGCCAGGGCGATTTCTCCCTTGACCGTCTGCAACTCCTGGAGGTAGACGCCTTCCTTGTACTCGGTGACGGCGATCTCGGCCACTTCCCGGGTCAGTTT
NZ_CP155447.1_gap77	3038845	3040215	1370	GCTCGGTGGTGTACCCGTGGTTGTTCAAGACGACGATGATCGGGTTCAGCCCCTGGCGCACGATCGTCGAGAGTTCCATTCCCGTCATCTGGAACGCGCCGTCGCCAACGACGACGAGCGTCCGGGAGCCCGGATTGGCCATCCCCGCGCCGAGGGCCGCCGGGACGGCAAACCCCATCGACGTGTAGTAGGCGGGGCTGATGAACTCGGTTTCCCGACCCATCGACAGATCGGCCGCCCCGAACAGCGAGTCGCCGATATCCGCAATCACGGTCATCGACTTGTCGAGCATCCGATTCAGACGGGCGAAGAGCCGACTCGTCGTCACCGGCGCGTCGGTGTCGGCGACCCAGGTGGAGGCGAATTGGTCGGAACGCGGGGGAGGCGGCCCTTTGGCGAGCGTCAGCGACCGTGCGATCAGGCCGCGGAGAAAATCCTCGAGCCGGACGTCGCTGTAGTGGTGGTGGCGGATCCGGAGGTCTTCGCTCGTGGCGTCGATACAACGCGCGGGGTCGAGCTTGGCTGTGAAGATTCCCAGGTTGATGTCAGTCATGAAGCAGCCCAGCATCAAGAGGCAATCCGCCTGCTCGACGTACTCGGCGACCTCGGCGCGGCCCATCGCCCCTTCGTAGACCCCGGCGAACAGCGGGTGCCCTTCCGAGATCACGCTCTTGCCCAGGATCGTCGTGGCGATCGGCATCCCGGTCTGCTCGGACAGGGTGAGGAGCTCGTCCTGGAGCCCGAACCGATGGATTTCGACGTCGGCCAGGATCATCGGCCGCTTGGCCGCTGTCAGCATCGCTACCGTCTCGTCCAGCGCTTCGCGAAGCGCATTCGGGTCGCTCGACGGCCGACTTGCCGGCGGTCGATGCGGGACCACCTGCTTCGCTAGCACCATGTCGCGAGGGATCTCGAGGTAGACCGGCCGCTTATAGCGCATGGCCGCCTCGAGAACCCGGTCGATCTCCCCGAAGGCGGTGATCGGGTCGGAAAGCACGGTCGAAGCGACCGTAATTTTTTCGAAGACCTCGAACTGTGTCTCGAAGCCCTTGACCTTGTGGTGGAGCAGGGGGTTGTGAACGCGTTCGGAGAGCCCCGGCGAACCACTCAGAACGATCACCGGCGACTTCTCGGCGTAGGCCCCCGCGATGCTATTGCAGAGGCTCAGCCCCCCCGCGCAATACGTCACGCAGACACAGCCGAGTCCACTGACGCGAGCGTAGGCGTCGGCGGCGAACCCCGCGTTGTCTTCGCGAGTTACACCGACCAGCTCGATCGGGCTTGCCTCGATCATCTTGTAGAGCGTCAGCACGTAGTCGCCCGGGATGCCGAAGATATGCCCGAGTCCCAGAGCGTGGAGCCTATCGATC
NZ_CP155447.1_gap78	3071876	3073867	1991	GGGCCGTCTGGCTGAGGAGGTCGACGGCGCGGAGGAGGATGTCGATGTGATGAGGAAGGATCTTGATTTTGCCATGCTGGGCCGCGACGAGGCAGTCCTCCATGGCATGGGCGACCCGCACGGCAGCGTTGACGCCGACGATCCGCGCGGCCCCTTTGAGGGAGTGTGCGGCGCGCATGAGAGGTTCGAAGACGGCCGATGAGCCGTCGGAAGTTTCGACGGCGAGGAGTCCTTCAGAGAGGATGGCCGTCTGGCTGTCCGCTTCGGTGCGGAACAGCTCCATCATTGAGAAGCCGCTGAGGTCGTCGCTCACTTCCCCAGGCTCCGTAGCGCCGCGAAGACGCGTTGATCGTCGAGATAGCCAATACTATGGCCGTGCCAGGTGAACAAGGCCTGGCTGAAGCTGGTGGACGGGTTGGCCAGGGTCGCGGGGACGTTGCGTAGTCCTCCGCGAGGGAGGCGATGGATTCCGGGAACCTCGTCGGCCGGGAAGGCCCAGGTCTCGGAATCCTTCTGGATGACGATGAGCCTCGGTTGGTTGCCCGCTCGGCCTTCCTGGGCTCGGGTCTTGGCGTCCTCGGGGAGGGGATCAACCCCCAGCAACTCATGAAGCGAGATACAGATTTGCAACTGGCCGCGGAGGTTCACCAGCCCATCGATGACGCCATTCGAGCGATGGGGGATTCGGTGGACTGGGCGGGGGCTGGTCACTTCCGCGACGGCCCTCGTCCCGAGCGCCAACCATTCGCCATGGAGCCGGAAGATCAAGAGGCTGACATCGTCGGTGCTGGTTTGCGTCGTCGGTTCGGCGAGGATTTTCGTCCATTCGGCCAGGTACCCGGATGGGGCGGGTCGATCGAAGAAACTTCGCGCGGCCGAAGAGAAGACCGGGCAGTTTCGACAGTGAATGTGCGTCTCGAGCTCGGGGCAGGTCCGATCACCGGCAACACCGATCCGGTTCCAGCAATCGTCGACCGTTTGTGCGATGGGCAGGCTGAGGTTCATTGGACCCCTTTCCGTGCGAGTGCACGTTCCGCCCGACGACGATAGCCGATCGCCGAAGTCTCATCGCCGCGTCGCTGGGCGAGCAGGGCCAGGGCCAGCAACGCTTCGTCGTGCTGGGCATCGAGATAGACCGCTTTTTGAAACGAGGACTCAGCCGCGCTTCGGTCGCCGGCGGCCTGGCGGACCATTCCGAGGAGGAAGTAGGCCCGGGCCGTTGGTCCGGATTCACGCATCGCCTGTTCGCAGAGAGCGGCCGCCTCGTCGTACCGGCCCTGGTCGGCCCGCTCGGCAGCCTGGTCCAGGAGCGGCGATGGGGCCGAACTCTTGACGATGGCCGGAGTGGGTGCTGCCTGGCTCGTCGGCCGGATTTCGGAGGCCTGAAGGCGACTGCGATTGGCCTCGGAAGTGTTGAGGCGTGTTATCGGTCGCGCCGGTTCCGTTCGCGAGGGAGGCTCGATGGATTTCCAACGGACCGGCGAGGGCAGGCTCGCCGGAGCCCGCCGGTAGGCGAAGGTTCCTTTGTCTCCCACAGGGCAGAGCCGAGCTCCCGCGAGATCGAGGCGATCGGCATGCCCCAAGAAAAGCAGACCCGAACCCGCCAGCAGCCGAAGTAGATTTGTCCACGCTTGCGTGCGTGCTTCGTCCGTAAAATAGATCAGGAGATTGCGACAAAAGACGATGTCATAGGCCGGCTCGTTCGCGAGCAGTCCCGGATCGAGGAGATTTCCCTGGATCAAGCGGACCGCGTTCCGCACCGAGGCGTCGAGCTCGAAGCGGCCGTTCTGTTCCTTGAAATGGCGGGAGCGAAACGCAAGATCCGCTCCGCGGAACGCGTTTCGACCATAGATCGCCAGGCGTGCCCGCGCCAGCGAGCGAGCGCTCACATCCACGGCGTCGACGCGGAATCGGGTCGATGGCAGGCCGGCGTCTCGTAGCGCCATGGCGATGGAGTAGGGCTCTTCCCCGGCCGCACAGGGGAGGCTCAG
NZ_CP155447.1_gap79	3077957	3080411	2454	CTGCCCAGGAGCCCGCCTTGCTGATTAATTTCCTCGATCGCGAGTTGTTCCGCGTCGATCATCGATTGCTCGCTGATCGCCATGGGCCCAGTCTGCGAATGCAGCAGGCCGACCCGGATCGGCGGCCTGTTCACCTCGGTGAACGCCCAGGTGATCCCGGCGATTGCGGCGACGGTCACCAGCAAGACGGCACCTACGATCAGACCGCGTCTCATCGGCCATCCCCTACAATCGGTCTCACCGGATTGCGATGGCACCCACGACGGCAAAACAGCCTGAATCGTTCGAGGGTGCTCGCTCAAATCGCCACTCTATTGCAGGAGTATAGCTGAGGAAAAACGATGCGATCGGGATTCTTGGCGCAGATTCGCTATCTTTTCTTAAGCGGCCGCATGACTCGCCGGCCGTTCCAAAGAGCGGTTCGGATTTTGGATCTTGATAGGGTGGGTATGGCCCACCATGCTTTTTCAGGCGGCTTGGCGTGAGTGTGGGTGCCCGGCTCCTGATGGGGCGAGACCTGGTGGGCCGTGCCCACCTACAAAACACGATCTTGCAACGCCTGTCGGATCGACATGGTTTTGTGCGTTGTTCCCCCCCCAATTAATTCGAGAGCGATCCGCGGGAATCGCGATCGGAGCTGATCCGAGGTAGCGTCGAGGGACGCCGCTCTTTATCATGTTTGGTGTGGCTCGAGCGTGATCGTTAGTGGGCTGAAGAAGAGGCGTTTCGACTGTGGGTTCACCTGCACTGAACGTTGCCATCAACGGGGCCACGGGGCGGATGGGCATTCGGCTCATCCAGTTGATCCAGGCTGATCCAGGACTTCGGCTGGCCGCGGCCGTGGACCGACCCGACCATCCCAAGCTCGGTGAGGACGCCGGAACGCTCTGTGGCCTCGGCCCGCTGGGTGTGCCGCTCTCGGGGGCATTGGCTGGTCCCGTGGATGTCGCGATCGACTTTTCGTTGCCCGCCGGAGCCTTGGCGATGACCAAGGCGTGCGCGGAACTGGGCGTCCCTTTGGTCGTTGGCACCACCGGGATTGACCCGGAGCAACGGAAGACCATGGAGCAGGCGAGCGGCAAGATCGCCCTGCTGATCTCGCCCAACCTGAGCCGTGCAGTCAACTTGCTGATGCGGCTGGCAGGCGAGGCCGCCCGCGCCCTGGGCGACTCGACCGACATCGAGATTGTTGAGCGACACCATCATTTCAAGAAGGACGCTCCTAGCGGGACCGCGCTCCGTTTGGCCGAGATCGTCGGCGAGGCAGTGGGGTCGTCCCAGTTCGTCCACGGCAGGCAGGGAGAGGTTGGCGAGCGTCCTCGCGGCGAGATCGGAATTCACGCGCTTCGGACGGGGGACAATCCCGGCGAGCACACCGTCGTTTTCGGGCTGATGGGCGAGTGCCTGGAACTTTCGCACCGCGCCTTGAATCGAGACGGGTTCGCTCTGGGCGCACTCGACGCCGCCAAGTTCTTGGCAGGCAAACCGCCGCGGCTCTATACGATGGCCGATCTGCTCGGTTGATCGGCCGCCTTCCCTCAGACTGAAGGAGGCTGTCGGCTATGGCCCTGTGCGATGAAGGCTATCTTTGCGAAGTTTGCGGCCAGGATGTTGAGGATCTCACCCAGTCCGACCTCTACCTGAGGTATGTCCTCGGCGAGGTTGACCCGGAGACCCTCCACGTCAGGCCGGAACGGCATCTCACGTGCAACCCTTCCCTGGCCCAGTTCATCGTCGCAGAGAGTTTCCCCCCCGTGTCGGTCGAGGGATACTTCGCGAAGTCGGAGCTCGACCCGGAATTCGTGGCGGCCGAAGAAGCGCGGGTCACGCGGGGATATCTCCGCCTGCTGGAACTCATGTCGGTCGACCTGCCGATCGTCGAGTATCCGCTGCCCGAGTTTCGGACCCGTTGGCAAGGGCCGGCTGAGAGCGACGGAAACGGGGAGAGCGAGGGGGAGAGGGACGCCATGGTTGAGACCGAGCCATCGAGCCGTTCAGGTCGAGTTGCCGCCGATGAGGTGTCTCGGGGATGAAACTCATGTCCCGATATGACGAGTCTCGGTCGCCGATGAGCTGGCCCGCCGCGCAACCGTCGCGGATCCGAGTCCTCTTTCTCGACGATGACCCGGATCGGGCCGCGATCTTCCTCGCGCAGGTCCCGCACGCCGTCTGGGTCGCCACGGTGGATGCGTGCCTCCGTCTGCTCGAGGAGGAGTGGGACGAAGTCCACCTCGATCATGACCTCGGGGGAGAAACGTTCGTCGATTGCGGTCGTGAAGACTGTGGGATGGAAGTGGTGCGCTGGCTTTGCCTGGAGGCTCATCCCCACCTGACCCCCACACGATTCTACGTGCACAGCCACAACGCCGGCGCGGCCGACTTGATGGTCATGCAGTTGCGCGTCGCGGGCTATCGAGTGGAAGGCCGGCCCTTCGGCCATTTTCCCGCGGCGAC
NZ_CP155447.1_gap80	3173750	3175896	2146	CGACACCGACCTTGTGATCGTTAGCAAGAGCAAGAGCACGCTGGTTTCGAGCGCCCCGTTCAACCGGAGAATTCTTCAGGAGGCCTTGAGCTTTCGCGAAGTCGAAGAGGCGTGTCCTCTCTATATTGAAACCCGCTTCTCGGCGCTGAGGAACCCAGTCTCGGGCCGACCCACCGGTGATCGCTCGCGAGACCGATTGACCCGGAAGGCGACGGCCCGCAAGATCCGGGTTCTGGCTTATAACCCGCGCGATCATGTGTTCTTTCTTCCCGAGGTGGCCGCCAAGTCGGCGGAGCTCGATGAGGAGGAGACTGCGCTCTACGATGAGAAGTCGAACCAGGCGATCGGGCGGTTCACGGCCGGCCACGAGGCCAGCCTGGCCCAGCGGCCGCTCCGGATCGTCGGCACGTTCCGCCTGGGAACCGACCTGGTCAACGACGGCAACCTGATCATGAGCGATCAGAACTTTTTGAGATACTTTCCTGACCGGCGGTTCCGAGAGCCGGAGCTCCGGTCGGTCGAGCTAGGGCTGGTCCGGCTTGCGCCGGGCGCGGATGCCGTGCAGGTGCGACGGTGGCTCGAGGAGGAACTGGGACCGCGTGGGGTCAGCATTTTTACCAAGGATCAGTTCCTGGCTCGTGAGCGGGAATTCTGGGACGTGCGGACACCGATCGGGACGATCTTCTCGGTGGGAGCGCTGCTGGGCCTGGTCGTGGGGGCGGTCATCTGCTACCAGATTCTCTCCAGCGACATCGCCGACCATCTTGCCGAGTACGCAACTCTGAAGGCGATGGGCTACGCCAATCGCTTCCTGGTGGAGGTGGTCATGGCCGAGGCCTTGATCTTGTCGGTTGTCGGGTTCGTCCCGGGGCTTCTGATCAGTAGTGGGCTCTACCGCGGGCTCGCCTGGTACACGGGCCTGCTCATGAACCTCACGCCCGGCCGCGCTCTGATGGTGCTCGGACTGACCGTCGTGATGTGTCTCGGCTCGGGGCTCTTCGCGATGCGCAAACTGCTTTCGGCCGATCCGGCGGGGCTCTTCTGATGACGACCGACTACTCGGTTCAGGTCCGCGACGTCGATCATTTCTTCCCCAGGGCAGGGGATGAACCGATCAAAATCCTCCACGGCAATAACCTCGCCTTAAAGCGAGGTGAGATCGTGATCATGGTGGGCCGGGCGGGAGCGGGCAAGACGACGTTGTTAACCCTGATCGGGGCCCTGAGACGCGTTCAGCATGGCACGCTCGAGGTGCTGGGACGTGAGCTGGGGGGGATGAATAACCGGCAACTCGTCGATGTTCGCCGGCGGATCGGGTTCATCTTCCAGAGACACAACCTTTTCGAATCCTTGACCGCTTGGCGGAACGTCGCGCTCGGCCAGGACGCGGCGACGGGCCCAGCGGTTCGCGCACAACTTGACGAGCTCAATCAGTGGGATGGGACGATCCGCGCCCTTTTCGAAAAGAGGCTGGCCGATCTCGAGCAGGGCCACGGGCCCGAGGCCGAGCGGCTCCGAGGGAAAAAGCTCGATGCAAAGCGGGCCGGCCTGAGGGCGTTCGTCGCCGACCGAGCCCGGATTCAAAGCCGGCTCGAAGTGGAGCCGTGCAAGAACGACCTGCCCCGGAGTCTGCTCGCTCTCCTCGGCCTCCACGAACGTTGCGACAACAAGCCCAATGCGTTGTCAGGAGGCCAGCGTCAGCGAGTTGCGATCGCACGCGCCCTGGTCAACCGGCCCGAGCTGATCCTGGCCGACGAGCCGACCGCATCGCTCGACGAGGAGAACGGGCGGGTCGTGGCGACGATCCTCAAGGAACACGCCAAGTCGAACGGCTGCACGATCATGCTGGTGACCCATGACCCGCAAATTCTCGACATCGCCGATCGGATCGTCACAATGGAGGCGGGCCGCATTATTTCTGATATCGACATCAAGCAGGCGGTCGAGATCTGCGAGTTCCTCAAACAATGCCGCGTTTTCGCGAATCTCACGCCTGAAGAGTTACGCGAGGTCGCCGACAAGATGACGCGAGAATCGTACTCGGCCGGAACGCGGGTGATCGGGCAGGGGGATCGCGGGGACAAGTTCTTTCTGATCAAAGAGGGAGAGGTCGAGGTCTTCGTCGACGGCGAATCGCCCTCGCACC
NZ_CP155447.1_gap81	3179124	3181078	1954	GGCTGTTTCGGGCAAGAAAGATATGCTCCGCTGGCCGTCATGGGATCGTCTTCGTTTCGTCATGAAACCATTTCCGATCCCGGCCGATTTTGCCATTGGAAAAGCGGTCAGCCGAAGACGCCTGTCCGAACCCCATTGGCTTTTCCTAGCCGACAAGGCCGATCGCGGCGTCGCTCCAGGCTAACTCCGATACCGTTGCGGAAAGCGAGCTTCTCCGGCCGATCACACAGGATCGGTCGGGCTGCCTCACCACGATTTCGACTCTTTGGATGGCGTGTCGGCTGAATTAAAATATAGTTATTTATTGAATCAAATCATTGAATGAGCGACCCGAAGAGGATCGGGAGAAACCTCTCATCTAGAAAGATCATAGGTCTGAAAATTACGTGCGATCTAGGGGAATGCCTGGGTGCGGGCCAGGGATTGCCGGGTGCCGACGGTGCGGGTGGTGGGCTGGTTTTCCGGGGGGAGCGTCCTTGGCCCTGTGTTGAGAATGACGGTGGAACTGCTTCAAAGGGGAGCCGCGAAAGACGAGCGAGGGACTTTTGCGGCAGAGAGTGAGGCAAATGCTGGTGGTTCCCGATTGGGCGGCGGTTGCTCCTGGTGGCCGATCATCCCGGGTTGGGAGAGGTTGCCAAGGGGCAGGCGGTTGGACCGCAACCCTCACTGAGGATTCCCTGGTGCTCAGCCAGGTGGACTCGGGCGATGTGCCAGGCCATGACCCGTTCGATCAGCGCGCCTTGCGCCTCGAATCGCCTCAGTTGCACGGTCGTCCGTTCGGGGAAGGTGCTGATCCCTCGTTCGGACTTCGCCTTCAGCTCATCGAGCCGGCGATCCCACCCGTCAACCTCTTCACGGGCCACCGCCACCTGACGAAGCCGGGCCGCCACGACCATGACATCTTGGCGGATCTCCTCGGCAACGGCGAGCTCGCGCTCGATCCGATACGCCTGGAGCTGGCGGCAGAGTTCCTGAACCTCGCGATCGCTGGCTTGTGGGCGTTTGAACAAGCTGAGGAGCACTTTGCCCGCGGTCAGCTCATCCTGGCTCGAGAGTTCAAGAAGGGCATGAATCTGGCCGAGAACCCCGCGGATGAGCGGTGCGTTCTCTCGATCGAGCGATTGGCCGAGCCGTCGGAGTAGCGCCAGGTCGGCTCTGTGTTCCCAACCGAGTGTGACGGCCGCCGTGACATCGATGGGATCGGCGATGACGCTCTCCTCCACAACGGGCCAGATTCGCCAGCGCTCCCCGGTCGGACCGAGCTTGAGCTGATGCTGGAGCTCGGTGTTGAGTCGTTCGATTGCCAGGTCGAGCTCGATGTTGCTATTGAGAGTCGCGACGCGCTGACGGCGGAGGATCTCGAAATCGTCGCCGAGCTGCATTCCCTTTGCTTTCATCCGCTCGCCACTGGCGAGGGTTTCCTCGATCTCGACGAGGCTCTGCTTGAGGACGTCGAGCCGCCCCTCGGCTTCGGCCAGCTTGAAGAAGAGTTCGAGGGCCGCGCCGGCCGATCGGTTGCGTGCCTCGAGCGCGGCGTCGCGCAACATTCCTTCATGAACGAGCGTGGTTCGATTGACCTCGTCGCGCAGCGGACCCGTCCCCCTGGCCTGCTCGAGGCAACCGTTCGCCCGCTGATCGAGAAGATTGCCGACGCTCGACGATCGGGCCGCGAGGCACTGGCAGTCGCGGGCCGAGAGCGCGCGGTAGGTTGAAACGGCGCCCCGCTCCTGGCTCAGAGCGTTTTCGAGCGTCTCGAAGGAGGCGAGCTGAGAGAGATCGGGGCTGATCGTCCCTCGTTCCACGACCGGCGGAATCGTCAGGGCGGGCGCATCCCCAGGCAATGGGCCACAGCAACCGGACCGGTCACCCTGCAAATGAGCGCAGCCGGACGCGACCAGGAGGAGCAGCATCGCTCCATTTCGGACAATTCCTGATCGATTCAGCATCCGTGCGT
NZ_CP155447.1_gap82	3182417	3185905	3488	TCACCGAGATCGAGGGCTTTTCCCTCTACCAAATCCCCGCGGCGGTGAGTGGTGGCGGGCTTGGCAACGGCAGCGGAATGGACGCCATCATGAGCGGTCCCGTTGGCTACGCCGGGATGAATGGCCCGACGCCGGGGCCCCCCGGTCACGAAACTCGATTTCCAACCCGCGATCGACGGGACCTTTCCGGTCGCGGGACTCTCCGATCCTCGAGCGATTTTGAGGATCAAGTGTGGCCTGAGCCGGCCGCCTCCAAGCCGATGCCGAGAGCCCAAGCTTCGAAAGCAAAACAGCGCGGTCGCAAACCCGCGCTCAAGCCGGCGAAATGGGGCCGTTCGTCACAACGGTGACGATCTTGGGATCGTGATTTGGGTCTGACGGCTCACGTCATTCTTGGGGTTACGAGAAGCGGATCATCCCCATTTCATCCGGTGGATCGATCCTTTCACACCGTGACCTTTTGATGTCTTTTGGGGTCCGATTCCACTTTACAGGAAAGGCTTTTGAGCCACCGTGACAGTTCGCTGCTGGAGCGGCTTGGCACCTGATTTCGTAAGTCGTTGATGCGCCTTGTCAGCGCTCCCACTTCGTAGGGGCTTCGAGCCGAATCGTTGAGGATTCGCCTCGCCTCAAAGGCGACGTTGCGCACTGAAGCCGCCAGAGTGGCCGGGTCGAAGGTTTCTTTTTGCTTCGTCGTCATCGTCGAATGAAACCCAATTCTCAAGAATTCTCCGTCCATCGCCCGCGCCTCCTTCGAGAACTCGTTTCTCGCGACGATCATTGTCGCTGGGAATCGTTCGTTCGCTGCGGGAACGGTACTGAATCGATACGTCCGGAATCGTTCTATGTCAAATCGAAGCGGTCCTCACCCTTGATTCGCCACAGGATCAGATATGTTTGGAGAAACCTGCAAAATTTTCCTGCTGTCTTCGCAACTGATTGCAAGATCTTGCGGAGGACTGGGAATCGTTCTATAATACTGTGCCCCGGTCTGGTTGTTGGCCCTCCGACTGTTGATTGAGGTTGGGCTGACCCCGATTGCGCGGCGTTTTGGTTGGCATCATGCCTCTCCGGTTCCAGTGGACACACCTTAGCTCGTTTCCCAACATCCCGCGACCCTCGAGATCTCCCTCGTCATGATACGCCTGATCGATGCGCAGAAGAATTTCGGCCGCCAGACCCTCTATGACGGCATCGATGCGTCAATCGTACGGGGCGAGCGAATCGGCCTGCTGGGGAAGAACGGTTCGGGCAAGTCGACATTTTTTAAAATCTTGATGGGCCTGGAGCATCTGGACGCGGGGAGCCTGAATCGGGACCGCAAAGGCTCGATCGGCTACCTGCCGCAGGAGATTCACCCGCTCAAGACGGGGAGCGTTTTCGAGAACATGCTGGCCCACCTGGGCCCCTGGACCGAAGCCGATCTCAAGCTCAAGGAAGTCATGAAGGGCCTGGAGGACGGAGATCCCAAGGCACTCGACTCGTATGATGACGCGATGGAGGCGTTTGACGTCGCCGGTGGCTACGAGATGGAAGCGCGGGCCAAGGCCATCTTGCTCGGCCTCGGATTCTCCGTCGCTCAACTCGACTCCCCCGTCAAGACGCTCTCCGGCGGGTGGGCGATGCGACTGGCGCTCGGCGGCCTGCTGGCCTTCCAGCATGACCTCCTCCTGCTCGACGAACCGACGAACCACCTGGATCTTCTCAGCGTGAAGTGGTTCGAGGACTTTCTCCAGTCCTACTCGGGCGCCATCTTGATCACCTGCCACGACCGTGACTTTCTCGACCGGGTGATCACGAAGACGTTTGAGCTCGATATGGGCAAGCTGCATGCGTATCCGGGCAACTACTCGGCGCATCTGCCCCAGAAGGAGCATCGGCTCGCGGTCCAGCAGGCGTCATTTGACGGCCAGCAAAAGAAGCTCCGCCAAATGCAGGACTTCGTCGATCGGAACCGCGCTAACGCTTCGACGGCCGCGCGAGCGCAGAGCCGAATGAAGGCGATCGAGAAGATGGATCGGATCGAGGCGCCTCAGACCGACACCTCGGCGATGCGAATCAAGCTGCCGGATCCCCCGCGGAGCGGCCAGGTCGTGGCCAAGCTGAGCAACCTTGGCTTCTCCTACGGCGAAAAGAAGGTTTACGACGGCCTCAATCTCGAAATCGACCGCGGGGATCGGGTTGTCCTGGTCGGACCCAACGGCGCCGGCAAGACGACCTTGATGAAGCTGTTTGTCGGACTGCTCGAACCGTCCCAGGGCGAACGGATTCTGGGAACCAACGTCTTCCCGACCTACTTCGCTCAGCACCGGGTCGAGGCGCTCGACCTCAAGGGAACCGTGCTGGCGAGCCTCCGCTCCGTCCATCCAGGGGCGAGCGAAGGTGCCTTGCGGCACATGCTCGGCGCCTTCCTCTTCAGCGGTGAGACCGTCGAGAAACCGGTCGGGGCGCTCTCCGGTGGAGAGAAGACCCGGCTCTGCCTGGCCCGGATCCTGACCGTTGCCCACAACTTCATCATGATGGACGAGCCGACTAACCACCTTGATATCGCCAGTCGCGACATCCTTGAAGAGGCGCTGCAAACCTATCAAGGGACCCTCTGCTTCATCTCCCACGATGAACACTTCATCCGGGCCGTCGCCAACAAGGTGATCGAGGTCGATCACGGCAGCCTCACGGTCTACCCGTGTGACTATGAAAACTATCTCTACGTGAAAAGCAAGAAGACGGATGTGGATAGTCCGTTCGCCTTGCTCACACGTGGCGTGAAGCCCAAAGCGACTGGCAAGCCCGAGGCCGGCAAGCGGCGTGATGCGTCGGTGGCCTGAGTCTCGGCTCTCGACGCTTGACTCACTTGTTTCAGAAATGAACAAGCCTTGACAACAGGCCCGAGACGGGCGGCTCCACCTCAGGGAGCCGCCCGTCTCGGGCCGTTTTTTTATGTCGTCTTGTTTGGGTAAGCGTTTGTGGTTCGTGGGCCTCCAAAGCCGGTTGACGAAGGCGGTGTCCAACGTTCCCCCTTCGGCCTTCCATGCTCACCGCCCCTGGTCTTTTGGGGAATGCTTAGACTCTCGGGAAGCGATTCGAGGCGGGGCCGAAAGCTTTCCCTTCAGGCAAGGCCATCGGAATGGAGCCTCTGACAGCAACGCACGAGACGCAGGATCAGTGTGCCAAGTTCGTGGTCCGCTCCCACCAGATTGACGAAGGCCCGAACCTGTATCCCCAACTCATAGATGTTCCGGACTTCGCTCTGGGGGGGCCAAGCTTGGACCTCGATGAAGACAGGCAGGGTCCTCAGCTCGATTCGGATCGATTGCTGCGCAAACTGACGTAGGCTCTTGGCACCCGAAGCTCGGTAAACCTCCCAGTCACTCGCTTTGTGACCACTGAGATTGAGGTCTTTCCGATCGCAACGCAGAAGAGTCTCGTAAGCTTTTCGCCCGAGCTCTTCGCAGCCGATCGGGCCGTCGATCGGCATGATCTCGACC
NZ_CP155447.1_gap83	3195733	3198973	3240	GTCGACCATCCTTTGGCTCTCCTGTACCGGCGGGGTCGCGGTCCGAGCGGGCGCGCCGGTCGATCGAAATCAACTGACATGTCCCCGTTGGTCCTTGACCGACGCGGTTCGCCAAATTCGAGAATTCCCAGGGAGCGTGCGGGTCGAAATGAAACGAACGACCCGACTTCATTGCGCAAGACTTGAGTGGCGGCGGATTGTAGCGACTCGTCCCAGACCCGGCAAGGCGGCTTGGCGCGGTTCCGAGCCAGTGCGAGAATGGGGCCGCTTGGCCCGACGTTGGTCCTCATTCTTCTTCGCTGACAGGCTTATTACCCCGACGAGTTGCGACCTCCATGAACGTCCAGTTGATCAGTCGGCCACTCAACACCATCGAGACCCCTTGGCTTGCGCTCGGGATCTTCGAAGACGACTCCGAACCTCCGATCGCGGTCCGGGACCTCGCGCTGGGCGAGTGGATCGGCCGCCTCCTCGCCGCGAAGGATCTGCCGGGTGCTCTCGGTGACTTGACCCCGTTGCTCGGTCCTCATACGCCGGCGACCGACGGCGTCCTGGTCTTCGGCCTGGGACCGAAAAAGCGGTTCGATGCCGGCGCCGCCTTCGCTGCGGGGGTGGCCGTCGGTAAGCGGCTGGCCGGCAAGGCCAGGGAAACCCTGGCGGTGGTTTTGCCCGAGTCCGAACGGTCCGACGTCATTGCGTCGGCCCTGGTCGAAGGCCTGATTGTCGGCACCCAGGGACCGGGCTTGCGAAAGTCCGAACCGAGCCGGCACCCCTTCGGCCGTTTGCAGTTGATCTCGCCAGCGAACCCGGACGGGGCGGAGGGCCCCGACCTGGCCGCGGCGGTCAAGCGCGGAGAGATCGTCGGTCAGGCGGTCAACCTGGCGCGTGAGCTGACGAATACCCCTCCCTCCGAGAAGCCACCAGCCAAGTTGGCCGCCCGTGCCGCTGAGGTGGCCGCGACCGTCGGGCTCGGTGTTACGGTCTGGGATGAACCCAAGATTCTTGAGGAACGGTTCGGGGGGCTATTGGGCGTTGCGGCCGGCTCGGAGGAGCCGCCTGCGTTCGTCATGCTCGACTATCGCCAAGGGGGAGATCGTCCCACCCTGGCCTTGATCGGGAAGGGAGTCACGTTCGACTCCGGCGGTCTCTCCCTCAAGCCGAGCGCTTCGATGGAGGACATGAAGAGCGACATGACGGGCGCGGCGGTCGTGCTGGCGACGATGACGGCCGTGGCCCAACTCAAGCTGCCCGTGAATCTCGTGGGCTACATGGTCATGACCGAGAACATGACCGGCGGGAAAGCGATGAAGCTGGGGGACGTGCTCTCGATTCGCAACGGGAAGACCGTTGAGGTGCTCAACACCGACGCGGAGGGACGGCTGATTCTGGCCGACGCCCTGAGCTACGCCGTCGAGCAGAAGCCCGATCGCGTGCTCAACCTCGCCACCCTCACCGGCGCCTGCTTGGTTGCGCTGGGGACCAAGATCGCCGGCCTGTTCAGTAACGACGATCAATTCGCCCAGGAGGTGCTGGACGCAGGCCGCCAGACGGGCGAGCGAACCTGGCGGTTGCCGCTCGACGACGACTTCAGGGATGCGATCAAGAGCCAGGTCGCCGACCTGAAAAACGTGGGAGGAAAGTGGGGCGGTGCTTGCACCGCAGCCAAGTTCCTCGAACAGTTCGTCGGTCAGACCCCGTGGGTCCACCTCGATATCGCCGGGCCGAGCTGGGCTGACTCCGACTCGGCCACTCGTGACGCCGGCGGGACCGGTTGCTTCGTACGGACCCTGGTGGCGCTGGTGGAAGCGTCACTGCGCAAGCAGTGATCGTTCACTGAGGCTGGTCTGATCTTTTGCGAAGAAGGATCAACAAGCAAGGAGGGTGGGGTGCTAACCGGCATGCGCGAGTCGCGAGGCCAGGAGGCATTCAATCCTCCGGCTGTTGATGTCGAGCGCCTCGAGGATTTCGAGTACCTCTTCCATGGCCAGATCGTTATCGATCGCCCAGTTGAGGATGTCGAGGTTCTCTCGGCCGGACTTCAACTGGTCGAGGATTTCATCGATCAGCAATGAGTCTTGGAAGGCCTGTTGCAAAAGTCCGAAGTCGTTGTGGTCGAGCTCAATCCAGAAGGTCCGCCCCTGAAGATGCTCGAGCCAACGGTCCCGGAGGAAACCGTTCCAGTGTTCGCGGACCCAACAGCGGATGGCCCACTCACCGAGGTCTCGCCCCGCCTTCTCGCTCTCGATCCACTTGTGACGTTGGGCTTCCACCTCGCCACAATCGTGAACGCTCAAGCGAACACTCGGCCGGACGGCGTGAATGACGGACAAACTACATTGACTCATTGAGACCTCCGGATGGATCTCTTGTCGGATCTCAGTTCAATGAATTTGGATCAACGCACTAGTCGGCTTTCACTCGGTCGATCCTTAAGAGGAAAACTCCGTTGCTTACGATTCCCTCAAGGGTCGCGAAGTTAGTTATTTATTCCTAGAGACGAACTCATTGAATCGTTTCCGCTTCTGTAAAGTCTCGTGATCTTATCCGAAGGGCTGATAGCTCGCAAGACGATTCGCTCAAATGAACCCGCGTTTCGACATCGTCGGGCTCCAGACCCATCTCGGCTCAGTCAAGCGATTTACGCTCACGAGGAAGATCCGTTGCCTGGAATCGGGCTCCCCCTCTCATAAATTCTACGTCTCCCAAAACCCCGTGGGACGCAAAACCCCAAAAATCGAGAAATCCGAGACCGCCCCCATGCTTTTTGGGTTCGTTGACTCTCGTCTGGGGAGATATCGGCCGAAAGGAGGGGGACGAGTGAGTTGAGGACCGGCTTCTTTTTAAACCGAGTTTCGACCATGGGAGGGATCGCCAAAAATTGATGCGTTTGTGGATCCCCGCACGCCGTTCCCCAGAGGCTGGGGTGGCCTTTGGGAACGGTCTCCAGTCACGTCACCGGTTCAAACGGGAACGAGTATTTCTTTCGCAATTCCAGTGCCGTGATGACAGGGTTGGCTTCCGGAATTTTGACTTCACGTCGAGTCGGCGCACTCGGTCGGATGCGAAGGGGAGGGGGGGCTCGCTCTCACGATCCGGTGGTTGGGAACCAGGCGAGTGAGCGGCCGATCAGGACGGCGACGCCTGAGCGGCCAATGGCGACGGGGCCGAGGGGTTGATCCGCCACGGCACGCCAGATCACACGACCTGAGAGGTCGGTGCAGATCAGGTGAACCCCCTGGC
NZ_CP155447.1_gap84	3201536	3202727	1191	CCCTGGTCGACCCGTCGGCCCGCAAGATCTGGAGATCGACAGGCGTCCCTTCCGTGCCTTGAAGCTGTCCGGCCGCTTCATCGAGACTGAGACCACGCACGGCCTTCTCGCCAACGCGAGTGATCTGGTCGCCCACCTTCAGCCCCGCTTCGGAGGCGGGACCGCCTCGGATCACGCCGACGAGTCGAAGACCCTCGGTATCGAGCTTCAACTCGATGCCGAGGCCGACGAAATTCCCGTCGATCATCGCATAAAGATCGTCGAGCTTATCGGGGGTGAGGTAGCTGGTATAGTCGTCCAGCGAGTCACAAGCCCCGTAGGTGAACTCGAGGATCACCGAAGAGGCGGCGAGATGAAGCGCCTTGGCCGCCAGCTCGCAAGCGGCGAGGACTTCGGTCTGGGCCGACATCCGGTCTGGGGTCAAGATCCGAGCGCGTCGGGCGCTGAGCGCCTCACGGAGCCAGTTGACGCGATCAGTCTGGACGGAGCCGGCGTTGGTCCGGAGGAACTCGGGATCGCGGAGAGCTACTTCGAGGTTATCGAAACCGCGGCGAACCATGGGCTCGAACGGGACGGGATCGACATAATGGGTTTCGATCCGTTCGAGCAGCTCGTCGTAAAGCGCCAGCGACTTTTCCTGAGGGAGTCGCAGCAGGACGTTGCGGAAGCTCTGGTCCTGGTAGCGTCGCACCAGCTTGTAGTGCGTTTCGCAGAGGCGGCGGCGATGAACGAAGTCGCGATCGGCGGGCCAGATCTCGAGGGCATCGGAATAGGCGTGAATTGCAGCTTGCCAGTTCTTCTGACGCTCGAATTCGAGGGCGCGCTGGAGAGCCGCTTTCGGGTCGTGTTGCGAGTCCGACGCCGTGGCGTCCGCGGAAACTTGAGGCTGGGGCTGGGGCGACTCCAAAGGAGGGGCCGACCACGCGACCGGCGGGCTTATCCAGGCAATCGCTGCCAGGAAAAACCAGGCCGCTCGGCATGAAACCATGGGTCGCATCGCCGACGATCCTCCGACTCCGGAGCGTGTCCGAGGGGACCGTCAGGCGAGGTCGGAGGGCTCTCGAGCCGAAGACGAGGGGGGGCCGCGCGTTACGACTGAAGGCACAGCCGCCGCAAGGATTCGTCAGGGTGATCGATCGCCGAACCGTACCGGGGCCTCATGATCCGTCCGCACACCGCTCCATGGTTGCC
NZ_CP155447.1_gap85	3208223	3212993	4770	GGTTTGATCCCAACTGACCGAACCAGGCGGACATCCGAAGCAATCTTTTTTTTGGAACGGGATGTTCGGAGCCGTCCTGGGTTGATTGCCTGGCCTATCCTATCCTAGAGTTCATCAGAGCGTTGTCATGAAGGAACATCCGCGGGAGTCGGTCTGACAAGAGGAAGTTATTTGATTGGCGAGGTTGGTCTGTTTGCGAAGCCTGGGGCAAGTTGCTGGCTCGGTCGCTTGCTCCCACGATCATCTTCCCTAGGTTTCAAATGGCGGAATGTCGCGGAATTTTCTGGAAATAGCGATTATGGGGGCAAAGTCCTCGCGACGCGTGCATGGGCAGCGAAGTTTGGCTAAGGAAGCTTTTGGCCATTGTGCGAAAATGCTTAGTGACGAGAAATGCGGCCACACGAGGACCGGCCGAGGCCAACTCCTTTTGGAGAGTCTCTTTCCGCAATCGCCTGCTTTTCAGTATCGACTTGCGTCCCGAGGACGATCGTCGTGCGCGGCTGGAATGTCGTCTCTCTTTTCGAGACTGTCGCAAGGATACCGGGATCTCGTTCCCACGCTCTGCGTGGGAATGCCGCCTGCAACGCTCCGCGTCGTCTTCCCCGGCGGGTAGGGCCGCAGAGCGGCCAGAACGGCATTCCCACGCAGAGCGTGGAAACGAGTTTCTCCCGCGAATTTCAGCCTCCGGGGCAGACAGAGGGCCCGGTTTCCTTGCGACAGACTCCACTATTCGGTATTTTTGTTTCTTGCGAACGTGTTGTTCTGGGGGGTGATCAATGTGAACATGTCATGTTTGCTTGTGTTGGGACGCCGTAATCTGTGAGCACCTTGGCCGGTTTCAGAAGAGGGGTATTCGATGTCTCGCAGGCACAGTGTCAAGGCGAGGGCAGAAAAATATTCATCTCCTGCCGGATCCGTAGTTCAGGACTCAGCAGAGCCGACTCCAAGCCCCTTGATTCCGAAGGATGATGACCGATTGAGTCACGCGACCAAAGCAACCCAGGCTGAAATTATGCGTGAGAACGAGGCGGTGGTAAGTGCACGCCAGCGGCTAGAGCTACAGAAGCAGGCCGTTGGGGAGCATCACCCGGATTACGCCACGGGGCTGAACCAACTCGCTATGCTCATGATCATGCATGGCGACCCGGACCGGTCTGAGCCGTTGCTGAGGCAGGCTCTCGAGATTCGCAAGGAGGCTCTTGGCGAGCGGCATCCCGACTATGCCACGAACCTGAGCAGTCTGGCCGGCCTGCTTTGGGCGCGAGGCGATCTGGACGGCGCCGAACCACTGATGCGCCAGGCGCTCGACATTCGCTGGGACGTGCTCGGCAGCAATCACCCCAAAACGACCTCGACCCTGAACAGTCTCGAGCAACTCTTGCGAGCGAAGCAGGATTGGGATGGAGCCGAACGCCTGGTCGCGGATCCGTCGTCGGCCAGCCCGCCGCTGGCTCCTGTCGCCGAGGCCGTGGCCGCCGCGCCCGCCGTTTCTGCGTCCGCTCCGGTTGATGTTCCGGCTGAGCCACCGGCCGTCGAGCCGATTGCCCCGCCCGCGCCCATCGAGTCGGTTTTTCAGGAACCGCCGGCGATGACGGCCCCCGTGGGCACCGAGGAGACGCGGGAGGAAACCGCCAGTCCGCAGGCCTGGGAACCTTCGGCCGACCGGATTGAGCCGAGGCAAGCAGAGCCTGAACCAGTCGTTCCGCGATCGGAGGTGGGCGGCGTCGAGGCTCGGCCCCGGGAGGAATTGGTCGGCCGGCAGGAGACGCTCGCGGCTCAGTTCGCCCGAGTGGGGGAGCGGCTCGCCCAGGAAGCGGAAGATTGGAAGGCGGGGGGAGCGCCCCCCACGCCGACCTTGATCGAAGAACTCGACGTCTGCGGGCGCGAGTTCGAGCAGCTGCGAAGCGAGGTCGTCCGGTTGGCCGACTCTCTGGGGGCGGCCGTCGAGCCGAGTTCGTTGACGAACCTGGAGGAGATCGCCAATCTCCTTCAGACTCTGAGCGAGGCCGAAGGGCGGCAGGCCCAACTTGGGGCGATCCGTGCTCAGGCGTTGGCGAGGCTCGATCGCGTGCTCACGCTAGCCGCCGCCGATGGGAAAGAGTTGGCCCCGCTGGCCGAGTGTCAGGCGAAGGCCAGGGCGGAGCGAGCCGCGATTGCGGACGCCCCCGTGCTCGAGCTTCCCGACGAGGCGACCCAGCTGGCCGAAGGGGATCATCCCTATCATGCGCTGCTGACCTTGGTGGAGGGGGACGGACTGAGCGATGACCTTTGGGCGAGTTCGCTGGAGTCCGTCGAGGCGGCATTCGGCAAGGCTCTCTCGGTGGCGGTGGCCCGGTCGAAAATCGTCCAGCTCTGAAAAGGCTGAGCCTTTTTTCCCCTCGAAGGCCTTGGTTCAGGGAGGGCGGGGGGAGAGGCTCATTCCGTCTGCTGTGGCAAGGACGCCAGTATTGAACGCCATCCGCGGAGGACTCGCGGATGGTTGACCGCCGGACGTCCCCCAACAGACTCTCGACCGCGCACCAGTCTCCCCGAATGGCGAAGCCGCCAGGAGCGATTGAATGAGTGATCATGGCAGTAATGACCTATCGCAAGAAGTTCTGAAAATTTCCGATGTTTTCTCCAGTCTGGGCGAGCGACTGCTTGGCGCGGCCCGTCAACTCCATTCGCCGGGCGCACCTCCGCCCGAGGGGCTGATCGAAGAACTCGGGCAGGCCCGGCGCGAGTTTGTCGGCCTCCGCGACCGCACCAAGGAGCGCGCTGAGGCGTTGCAGATCGCACTCCCCGCGGCCGAGACGCTCGACACGATCCAAGGGCTGACCGCGGTCCTCGATCTCGTTGTCGAGTCCGAGATTCGCCAGGTCAAGTCGGAAGAGAGCAGGCGTCGCGCTGTCTCCATCCTCGATCGGGTCCTCACCCTGACCCACTCGGGCGATCATGAGTTCGCCCCGCTCCGTGATTGCCAGGACCAGGCCAGAACATTGCGCGACGCGATCTCCGGCGGGTCGTGGTCGGATCTTCCCCCCGAGACGGAGCGCCTGGCCGAAGGGGAACATCCGTTCGCCAACCTGCTCGCCCTGGTCGAGGACCGCGACGTGCTCCACGACGACCTCTGGGCCAGTCTGCACGACACGATCGGGACCACCTTCGGCAAGTCGCTGGCCGCGGCCGCGGCCCGCTCGAAGCTTGTCCTCGCCTCATAGCCCACTCCCATTTGGGTCGGACGATTCAAGACGATTCGCTTGTTCGTCTGAACCCGCGCGGTGGCTGCGGACCCTTTTTTGGGGGGCCACCACCGCGCGGGTTTGACTCCGACCGGATTCCCGAGGGGACCGATGCGAACCAGCCCACGCGGTGTCCCGAGCCTGGTGATTGCGTTGGTCTTGGTGTCCGGCCTGGGGGCGGTCGCCCAGGAGGAGGCCAAGAACCTCGCGGATGTCCCCGCTCTCCTCAAAGCGCACAATCGCGAGCGCGCGGCCGAGAACTTGGACCCGTTGACCGCCAATCCCAAGCTCGAGGCGGCCGCGCTGGCCCACGCCCGCGACATGGCGATTCATGACAAAATGACGCATGAGGGGAGCGATGGCTCGACTCCCAAACAACGGATCGAACTCCAGGGGTACCACGGTCTTGGCCTGGCCGAGAACGTGGCGTATGGCGCGAAGCGCGTGCCCGAGGTGATGCGGCTCTGGATGGAGAGCCCGCCCCACAAAAAGAACATCCTGGGGGATTTCACCGAGGTGGGGTTCGCCCTCGTGAAAGGGGAGGATGGGACTCCCTTCTGGAGCGCAGAGTTCGGCAAACCGATGCCTCGACTCGACCCCGAGAAGGCCGCGGCCGATGTGGTGCGCCTGTTCGACCAGGAGCGAAAGCAGGTCGCCAAGCCTCCTCTCAAGAACGAGCCCAGGCTGGCGACCGTCGCGCAACGCCATGCTCGGACCATGGCCGAACACAGCGAGTTTCGCGCCAAACTCGATGATGACCTGACTCCGTTCGATCTCGTCGAGAAGGCCGGCTATCGCTACAAACGTATCGGTCAGGCAAGCCTGCAAGGCCCGCCGACCGCGGCAGAAGCCGCGCAGGCCTGGTTGGACGAGCCATCGAACCGGGAGAGCCTCATGGGAGACGTCAGGGACGTGGGCGTTGGCTATGCGCTGAGCGAGAAGGGGATACCCTTCTGGAGCCTGATCTTCGCCGAGCCCCGGAGATGAACCCGAGAGGGGCACGGCACAGTGCGGGACGAAGACGCGACAACCCGTGCCCGACGATGATTGATCCACGTCTTATGAGAGAATAATGCGATGAGCCGTGGGGCCCGGATCTTACTCGGTGGGTTCCTCCTCTTCTGTGCCGTTTGCTTTCTGGCGATGGCCCCCGCCTTGGGCGCATCTGATGATCCCCGTCGCCGTCTTCTGCGGGATCGCGGCCTTGGCCTGCTTTTCGACAGGCAGTCATCCCGTCACGATTCGGATCATCGGGGCAACGGTCTTCCTCCTGTGCCTGGCCTACCTGGCAAGCACGATGCGGGACCCGATGGCGCGGGCCCAGCACGCCCCCAGGAGCGGCGTGCCGGCCGTAGCGTACGGCCTCTGCTGTTTCGTCGTCATCGGCCTCCCGGCCGGGTATGCCGTCGCGACCGGCCGTTATCCGGGATGGGGGCAAGGTGCCGAGGCCTTTCACGGCAAGCGAAAGTAAACGGCATGGCCGCCTTCTCATCTCCGCGCGTCTGATCCTCGTGATCAACTGGCCAGGGCCGCTCATTGGGACTGAAAG
NZ_CP155447.1_gap86	3214695	3215714	1019	GGCGGGTGTGTGGAAGGAGTTAACGGACAGCGTGAACTCGATGGCCGGTAACCTGACGAGCCAGGTGCGGAACATTGCCGAGGTGACGACGTCGGTGGCCAACGGCGACCTGTCGAAGAAGATCACGGTGGACGTGAAGGGGGAGATCCTCGAGCTCAAAGATACGATCAACACGATGGTCGATCAGCTCAACTCGTTCGCCTCGGAAGTGACTCGCGTCGCCCGCGAGGTCGGCACCGAGGGGCGACTTGGCGGCCAGGCCCAGGTGCAAGGGGTCGCGGGAACCTGGAAGGACCTGACGGACAGCGTGAACTCGATGGCCGGCAACCTCACCGGCCAGGTGCGGAATATCGCCGAGGTCACGACCGCTGTCGCCAACGGCAACTTGACGAAGAAGATCACGGTCGACGTGCGTGGAGAGATCCTCGAGCTCAAAGACACGATCAACACGATGGTCGACCAGCTCAACTCGTTCGCCTCGGAAGTGACTCGCGTCGCCCGCGAGGTGGGGACCGAGGGGCAGTTGGGGGGGCAAGCGCAGGTCCGTGGAGTGGCGGGCGTCTGGAAGGACCTGACGGACAGCGTGAACTCGATGGCCGGCAACCTCACCGGTCAGGTGCGGAACATCGCCGAGGTGACGACGTCAGTGGCCAACGGCGACCTGTCGAAGAAGATCACGGTGGACGTGAAGGGGGAGATCCTCGAGCTCAAAGATACGATCAACACGATGGTCGACCAGCTCAACTCGTTCGCCTCGGAAGTGACTCGCGTCGCCCGCGAGGTCGGCTCGGAAGGGCGACTCGGCGGCCAGGCCCAGGTGCAAGGAGTTGCGGGAACCTGGAAGGACCTGACCGATAACGTGAATCTGATGGCGAGCAACCTGACCGGCCAGGTGCGAAACATCGCCGAAGTCTCCACCGCGATCGCCAAGGGGGACCTGTCGAAGAAGATCACAGTGGACGTGAAGGGGGAGATCCTCGAGCTCAAGAATACGATCAACACCACGGTCGACCAGCTCA
NZ_CP155447.1_gap87	3247350	3252043	4693	TAGAGCAGGCCCAGCCGGCTCGCGTTCAGGGAGAAGGCGAGTTTCGGCACGTCGCTCGTCCAGGCCGCCCCGAGTCGTTCGACCGACCCCGCCGCCAGTGGGTAGGCGAGCATCCCGGCGCCGAGGATCACCAAACTCCAGACCACGATCGGCCGACGCGATCGGGGCGATCCCGGTTCGCCCATCATCCAGGCCAGCAGGGCTCCCAAGGCAAACCCATCCCAGTTCGTCACCAACAGCATGGGCCAAAGCCAGAGCCTGGCCACGAATGCGGACCCCACCAGGAGTGGGATCGACGCGAGGAGGACACGGCGGCCCAGGAGCACGGCGACCAAGGGCCAGAGCAGATAGAATTGCTCCTCGGCCGCCAGAGTCCAGGTGTGTGCGAAGTAAATACTGAACGCTGGCGGTCGCGCCGACCAATAGCGGGGGAGGAACTGGGTGAAGGTCAGATAGTACGGAAGGCCGGTCGTCCTCTGCCGGTAGGTCAGTAACGGATTGACCACGACGAAGCCGATGAGCACGGCATAGTAAATCGGCCAGATCCGCAGGACGCGACGGGCATAGAACGGGATCAGAAAGCGAGGGCCGGTCTCGTGACTCAGGATGATCCGCGTGATCAGATAGCCGGACAAGACGAAGAACATGTCCACGGCCGAGCCGAGCACCGCATAGTCGGTCCCCAGGCCCATGTGCAGGCTCACCACCATGAGGGCGGCAATTCCTCGCAGGGCGTCCAGTTCTAGGACTCGGCGCATGTCACACTTCCCTGGGCCGTGCTCGTGGCGGCCTGTCGACACCGAACGCAATCGTGCGCGCGGCGCAATCCGCATAATCTGAAAAATCGGCCCGGGAGCGTAGGTACTTGAGAAATATCTTGCCGAGGGGCGGAATGATTACTGCCCCGTTGCCCGGTCAAGTGTCTGGTCACCCCGGCCTCAGGTGATTTGCCAACTGCACCACGAAGCTGCCAGTGCCAGCGCAAAGATCGCACGCCCAGGTAGGTGTCTTCCCTGGGCGTGCGATTCGCCTTGATCGGTCCTGAGAATCCCGGCGGCTAGCTCACCTGGTCGATGTCGGTTTCGATCTCCAAACCCGTCCGATCGCTGGCCTTGTCCTTCTTCTTGTTGTTGCCGTCGCCGTCCAGGTTGAAGATGAACCAGTCCAGGCCGGCCGAGCCGACCAGGACATCCACCGCGCCATCGTCGAACACGGTCTTCGACGCCCCGTCCGTGAACAGGAACCTGTTGCCATTGTTACGCGGTTCGCCGCCCAAACCTCTCAGATTCGCGACCCGCGTTGCATAGGAGCGAGACGAGGTCCACTCGGAGAGGATCTCCGCCAAGGCCGCATCATTGAGGTCGTAAGCGGTGAACCCCCCGATCAGGATGTCGTCGCCCGCATTGCCCGTGAGCTGGTCGGCCCCGACGCCGCCGATCAGGAAATCACTCGCCAACCCACCTTTGAGGATGTCGTTGCCGTCACCGCCAAGCAGAATGTTGTTGCCACCGCCACCGGTGAGTTGGTCGTCTCCGTCTTCGCCTCGGATGACGGCGGGCTTGACGATGTTACTGGCGATCGTCGCCTTGTCGTCGCCGTCGCCCAGGAGGATGACGATCGAGTCGTAGAGGGTTGGGGAAAATGTTTTTGACTGGCCGCGGAGGAAGTTCGCCTGAACCTGGGTCTGATTGCTGGTCGGCTGTTTGACGTTGACGTTGTCGTCGTCATTGGAGCCGATCACGTAGAGGACTCTGTCCTGGATCCTCGCACCCGCGACCACGGCCTGGGTCGACATGGAGACCGAACTCCAGTCGTCGGAAAGGCTGACCGTGATCGTGTAGATCCCGCCGTTGGCATAGCTGTGGGAGCCGGCCAAGGCGCCGACGCCGAAGAGTTCGAGGATGCCTGCGGTCGTCGTGGAGCCATCGCCCCAGTTGATGACGGCCGTGTGCCTGTCGCGCCAGTCGGAGTCGCTGAAGAGTCCTGCAACGAGTACCAACTCTCCTTCCGCCACTCGCCCATTGGGCGAGGTGTTGGTGAGTAACCCGATCCGGGGAACCTCGTTGGGCGGGGGTGTGACAGTAAGCGTGCCGAGGGTGGTGAGGACTTCGTAGTTGCTGAGCTTGCCGTCGGGATCGGCGAGGGAGATGGTGATCGTGTAGGTGCCGACTGCGCTGTTGGCAGTGGCGGTGGTTGAGTATGTCGCTACGATTGCGTCGTTGTTCTGGATCCCCACGATGGTGCCGGAGAGTGTCGGATTGGCCTGGCCGTAAGGACGTGACAGGCTGTCGGCAGTGACCTTCAATACCGCCTTATCGATCTGGTTGCTGACCGTGCCACTCGCCTCGTTGTAATTGGTGCCACCAGCGAAGGTCCAGATGTCGCCGTTGTAGTTGCCGGCATTGGTGTGGGTCGTGCCGCCGATCATCAGCCCGGCGGAGAGGTCCACGTTGCCGATGCCGGTGGCCGAGCCGATGGCCGTGTGAGCAGCGGCGTTGTAGGTCACGTGGTAAGGCGTGACAACGATCGTGGCGTTTGCCTTGGCGATGACGATGGCCGCGGTGCCGCTTTGGTCGTTGTAGTTGGTGCCTCCGGTGAAGGTCCAGCTAGCCGTTCCACCGGGAGCATCGGTGAAGCTCGATCCCAGGTACAGGCCCGTGCTGAGGTCCACGCCTCCGACACCGGTGGCCGACCCGGTGGCGCCGTGCGCCAGTGCGTCATATGTGCCGTTGTGTCCATTGACGGTGACCAGGGCATCGGCCTTGGCGATGACGATGGCCGCGGTGCCGCTTTGGTCGTTGTAGTTGGTGCCTCCGGTGAAGGTCCAGCTAGCCGTTCCACCGGGAGCATCGGTGAAGCTCGATCCCAGGTACAGGCCCGTGCTGAGGTCCACGCCTCCGACACCGGCGGCCGACCCGGTGGCGCCGTGCGCTGCCGCGTCATATGTGCCGCCGTATCCATTGACGGTGACCACTGCATCGGCCTTGGCGATGACGATGCTGACATCACCGCTTTGGTCGTTGTAGTTGATACCGCCGTTGAAAGCCCAGCTAGCGGTACCGCCTGGAGCGTTGGTGAAGCTCGATCCCAGGTTCAGGCCCGTGGTGAGGTCGACGCCTCCGACACCGGTGGCCGACCCGGTGGCGCTGTGTTCCAGAGCGTCATATGTGCCGCTGTGGCCGTTGACGGTGATCACTGCGTCGGCCTTGGCGATGACAATGGCCGCAGTGCCGCTTTGGTCGTTGTAGTTGGTACCGCCGATGAAGGTCCAGCTGGCCGTGCCGCCTGGAGCATCGGTGAAGCTCGATCCCAGGTTCAGGGTCGCGCTGAGGTCCACGCCTCCGACACCGGCGGCCGACCCGGTGGCGCCGTGTTCCAGAGCGTCATATGTGCCGCTGTGGCCGTTGACGGTGACCAGGGCATCGGCCTTGGCGATGACGATGCTGACATCACCGCTTTGGTCGTTGTAGTTGATACCGCCGGTGAAAGTCCAGCTAGCCGTGCCGCCTGGAGCGTTGGTGAAGCTTGATCCCAGGTACAGGCCTGTGCTGAGGTCCACGCCTCCGACACCGGTGGCCGACCCGGTGGCGCCGTGTTCCAGAGCGTCATATGTGCCGCTGTGGCCGTTGACGGTGACCAGGGCATCGGCCTTGGCGATGACGATGCTGACATCACCGCTTTGGTCGTTGTAGTTGATACCGCCGGTGAAAGTCCAGCTAGCCGTGCCGCCTGGAGCGTCGGTGAAGCTCGATCCCAGGTTCAGGCCCGAGTTGAGGTCCATGCCTCCAACACCGGTGGCCGACCCGGTGGCGCCGTGTTCCAGAGCGTCATATGTGCCGCTGTGGCCGTTGACGGTGACCAGGGCATCGGCCTTGGCGATGACGATGGCCGCGGTGCCGCTTTGGTCGTTGTAGTTGGTGCCTCCGGTGAAGGTCCAGCTAGCTGTTCCACCGGGAGCGTTGGTGAAGCTTGATCCCAGGTTCAGGCCCGTGCTGAGGTCCACGCCTCCGACACCGGTGGCCGACCCGGTGGCGCCGTGCGCTGCAGCGTCATAAGTGCCGTTGTGTCCATTGACGGTGACCACTGCATCGGCCTTGGCGATGATGATGATGACATCACCGCTTTGGTCGTTGTAGTTGATACCGCCGGTGAAAGTCCAGCTAGCCGTGCCGCCTGGAGCGTCGGTGAAGCTCGATCCCAGGTTCAGGCCCGAGTTGAGGTCCACGCCTCCGACACCAGTGGCCGACCCGGTGGCACCGTGTGCCAGTGCGTTATATGTGCCGCTGTAGCCGTTGACGGTGACCACTGCGTCAGCCTTGGCAATGATGATGCTGACATCACCGCTTTGATCGTTGTAGTTGGTACCGCCGTTGAAGGTCCAGTTGGCCGTACCGCCAGGAGCGTTGGTGAAGCTCGAGCCCAGGTTCAGGCCCGAGTTGAGGTCCACGCCTCCGACACCGGTGGCCGACCCGGTGGCACCGTGCGATGCCGCGTCATATGTTTCGCTGTAGCCGTTGACGGTGACCACTGCATCGGCCTTGGCGATGACGATGCTGACATCACCGCTTTGGTCGTTGTAGTTTGTGCCGCCGTTGAAGGTCCAGCTGGCCGTGCCGCCAGGAGCGTCGGTGAAGCTCGATCCCAGGTTCAGGGTCGCGCTGAGGTCCACGCCTCCAACGCCGGTGGCCGACCC
NZ_CP155447.1_gap88	3284187	3286546	2359	TCGTCGGGCAGAAGGATGTTGACCAGGTCGCCAGCCTCGGCGGCTTCCGCGGCGGAGACCGGCTTGAAGCCGTGTTCGACCGCCAGGTCGTAGTTGGCCGATCCGGGACGCTGTCCTACGACGACGTTGCAACCCGAGTCACGGAGATTTTGGGCCTGGGCGTGCCCTTGGCTTCCGTAGCCAATAATCGCGATCGTTTTGCCCTTCAACAGACCCAGGTCGGCGTCCTGGTCGTAAAACATCGTGGCCGGCATCGGCGGCTCCCCTTCAAGCAAGGAGAGTTACTGTTGGCTTGCGGAGCATGGCTCGCCCGCGGAAAAAAACGCTCCGACACCGATCGCGTGAAATGATATTTCACGCGGCCAATGCCCAGGGCGATCGTTAACGAACGAGCCACGAACCGATTACCACCAGGAACTCATTACAAATTGGAATGTCCCAGGACGGTCGGCGTGCTCTCGTCGGCGTCAGGAGCCGTGGTCTCCTCGAGATTGACCGGACGGCTACCACGAACCAAGGCAATTCGGCCGGTTCGCGCGAGTTCGCGAATCCCGTAGGGGCGGACGGCCTCGATGAATGCCTCGATCTTCTTCTCCTGGCCGGAGATTTCGATCATCAACTGCTCAGGTCCGATGTCGACGATGCGACCCCGGTAGCTGTCGACCAGCGCCTTGATCTCGGCGCGGCGGTCGGGGGTGGCGTCGATCTGGATCAAGATCAGGTCGCGTTCGACGAAGTCTTCGCGCGAGATGTCGAGGACTTTGACAACCGTGACGATCTTCTCGAGTTGCTTTCGCACCTGCTCCAGAAGGCGATCGTCTCCCATCACCACGACAGTGATTCGGGAGAGGTGGGGATCTTCGGTCTCGCCCACTGCCAGACTATCAATATTAAACCCGCGCGAGGCAAACATCCCCGAAACGTGCGCCAGGACGCCCGGCTGATTTTGCACCAGCGCTGAGAGAACATGCCGCATTCGTCCCGTTCCTCGCACCGCGGTTCCTGAACCTGTGCTCGTCGTTGTCGCCTCAGCCCCCATCGCGAATCGAACCCCCTCAGTCTCAGGCGTTCGCCCCATGCCGCGCAACACGCTGGTACGAACCGCGGAAACAATAAATGTACTCCCCCCGTCTCGCCCTCGCAAGGGGGTCGAGATGACTCGAGCACGGGGTCACGGGGGCGGAGTCGACGGCCGACACGCCCCGAGCCACGCTCAACGAGACAGTTCGAGGCCCGCTCGCGTTCGCATCGACGAGGCCGAACGCAATAAAAAATCGCCGGCTCGAGCCGGCGATTCGGTTTCAGAACTTCTGAGGCGAGCGACGCTTCGATTATTGACCGGGGAAGCCGGGAATCCCCTGATGGGGAAAGCCTCCCATGCCAGGCGGCATCCCACCGGGGGCTTCTGCCTTGGGCTTGGGATCCTGGATCAAAGTTTCCCGGTTGAGCGAGATCGACTTGAAGCTGTCGCCCGGGGTGACGTAGTACCAGCCGGCGAACCGCTCGGTCAGCTCGTTGGCCCGCTTCTGGCCATCGGCGATCTTGCGCTCCTGGTCGGCTTTCTCGCGGTCGACCTTCTCCTTGGCTTCCTTCTCCTCGGCGATCCGCTTGGGGTCGTCGGGCGCCTTCTGGAACGGATCCTCGGGAAGCGCCAACGGTGCCGTCGGCTCGACGGCGGGGGCGGGTTGGGGAATCAAGGTGGGGTCGAAGGAGACGGTGACCATGAGGTACCGGTTCTCGGCGGCCCCTTCGGGCTGTTTGGCTTTGTCCTTGGCGGCTGCCGACTCATCGCTCCCCGCCGTCAGATCCAGGCCACTGGCGATGACGACCTCACCGTATCGAAGCGTGTAGACCACGCCTTCGTCGGTGCTCACCGTCACTTCTCCTTGGTTGGAGTAGAGCCCCTTGGCCGTCGGGTAGAACCCCTTGGTGACGAGTGAGCTCAGGGCCTGCCGGGTCGTTGGCTTGACCTCGCCTCCGGTGGCCACCTTCAACTCGCGGCTGAGTCCGTCCGGCTTGGGACGCACGCCGACGATCTTGAGGTCACTCAGCGCGGTGGTCATCGCCGTCAGCTTCTCGGCATCGAGTTCCTTGCCGGCGGGCACCCCGTCGGTGGTCCAGGGGCCGCTGGCGTCCTTCCGCTCGAGGGTCAAAACGTCACCCGGGACGATCGTACCGCGCTCGGGATCCACCTTGTGGTGGTCGACGACCACTTTGCGGACCTTGCTGGCGTCGAGCTTGAGCAGGTTCGTCTCGATCCAGTCGGCGAACTTGGTCGAGAGGTCGGCCTTGACGTTGACTCCGTAGATCCGCTTCTGGCCGGGAACTCGAACGTAGCGCTGGCCTGTGGTGGCTTGTT
NZ_CP155447.1_gap89	3483249	3488131	4882	AGTCACTCATGGTTTCGGATGTCAGACGGCCCCTGCGGGCATCGCGGTTTACAACCCGGCCTTCGACGTCACTCCGGCCCAGTTGATCGACGCAATCATCACCGAGCGTGGGATCGTCCGCCCCGTGGATGCCAAGACTATCCGCAAGACGCTTGGCGTAGTGCTGCCAGTCAGCAATAAACACGCATAACAAGCGAGCTCCACGCGCATTCCCAAAATCGGGAGAGAGCCTGGTTCGGGGAGCGCTTACGGCGGTTTTCCCGACGCCACCCGAGCGCAAGAATCACCGAGAGCTAGTATGATGACATCGAGTTTGAAGTTCCCCAGCCTCAATCCCTGATCGAGTCGCCATCATGCTGGCCCATAACGTCTACTTCACCTTGAAAGACAAGTCTGCGTCGAGCCGAGACAATCTGGTCGCCGCCTGCAAGAAGTACCTGGTCGCGCATCCGGGCGTTGTCTTCTTCGCCTGCGGGACGCTTCAGGAAGAGCTCGACCGACCGGTCAACGACCGTGATTTCGACGTGGCGCTGCACGTCGTGTTCGACTCGAAGGCGTCGCATGATCTCTATCAGGAAGCGCCGGACCACCTGACGTTCATTGCCGAGAACCGTGAGGGCTGGGCCAAGGTGCGCGTCTTCGATTCGGAAGTCGAGTCCGCCTGAGGTCTCGAACCCTTCTTTTTTTCCTTGGAATCGGTCCGTCAGTCCCGAGTCCGAAGTCGCTGCCAGTAAGCAAAGAAGGCCGAGCCATCCCAGGGGTGGCTCGGCCTTCTTGTGCGCCAGGCATGTTGTGTAGATAGGAGGTGCAAGTCCTCCGCGGGCCGAGATGACCGGAACCGCAAGGCTAGGCAAGGGTGCCCATCGCGAGGTGGGATCTGAAGGAAGCCGATGCCCCTGAACTCGGACTCGACGTACAGAAACCGGATATAAGGCCGGCGTGGTGGGGTAACCCGGCAATGGACGGGGACGCCCAGTCGTCATCCAGACACGCACGCAGGTAGATCCGGCGAGTCCCGAGCGAAATCCACACGACTTACCCTGGGAGACCTCCAACCCCGTTCGGGCGATCCGAACTACCGCATCGGCAACGAGGCGAGACAAGGTCGGAGGAGTCAGCCGAGGCCGTAGTAGCCGGGGGCAACGCCGACGAAGGGCCGAACCTTTCAACCCAAGGAGTCAGTCGGGAACAACTCGATGAACGCGGAGCGGCAGCAAGGCAAAGACTACCAAATGACCTTCGATTTCGAGGGGCGTGAGGAGGCTCTGCGCCACGACCAAGGCGGTGAGGACGGCATCCAATCTGCCCGGATCGAGGAGTCGCAAACGTTCACGGCGTCGGACCCAGCACGAGCCTTGACCAATCGACTGATGGAAGCGGTCTGCCAAGCCGCCAATCTGAACCGAGCTTACCGCAGAGTCAAAGCGAACAAGGGTTCGGCAGGCGTCGATGGGATGACCATCGCCCAACTGCGTCCCTGGATCGCCGGGCATAAAGACGATCTGGTTGCGGCACTTCTCGACGGAACGTATCGGCCACAGCCCGTGCGAGGGGTGCAGATCCCCAAACCGGGGGCGGGTGCGCAGTGGGCATCCTGACGGTGCTCGACCGACTCGTGCAGCAAGCGATCCTCCAGTGCTCGAGCCGCTCTTGACCCGACCTTTTCGTCCTTCAGCTTCGGCTTCCGACCCGGTCGCGGGGCACTGATGCTCTGAAACAGGCGAAGGATTACGTCGCGGAAGGCCGACCCATCGTGGTGGACGTGGACCTGGAAAGTTCTTTGACCGGGTCAATCACGACATCCTGATGTCGCGGCTGTCTCGGCGAATCGCTGACAAACGGCTGCTACGGATCATCCGCCGCTTCTTGCAAGCGGGGCTGATGCAAACGGTGTGAACGTCACGCGATCCGAAGGGACGCCGCAGGGCGGGCCGCTTTCTCCGCTTTTGGCGAACCTGCTCTTGGATGATCTCGATAAGGAATTGGAACGGCGGGGACACAAGTTCTGCCGCTACGCCGATGACTGCAACATTTATGTTCAGACGAAGGCGGCGGGGGAGCGTGTGTTGGAGTCGCTGACCCGGTTCCTTGAAGGGACGCTTCGCCTCCGCGTCAACCGTGAGAAGAGCGCGGTGGCCCCGATTGAGGAACGCAAGTTCCTGGGCTACCGTCTTCTCCCTTGGGGTCGCCTGGGGATCGCCCCGAAGAGTCTGGATCGCGCCAAAGAGCGAGTCCGTGCAATCACCCGGCGAAATCGCGGGTGAGCCTCGCGCAGATGACGAAGGAACTGAACTCATTCTTGACCGGCTGGGTGACGTACTTCCGCCTTGCGGAATGTAAGACCCATCTGCGGGCCTTGGACGGGTGGATCCGCCGTAAGCTGCGCTGCGTGCGGTTGAAGCATTGCAAGCGAGCCAAGACTCTGGCCCACTTCTTTCAGAGCTTGGGCGTTCCCGCGTGGAACTCCTGGGCGACGTCGGCGTCGGGTAAAGGCTGGTGGCGCCTCTCGGGTAGTCCGACCGCCCACCACGCGATGAGTACCAACTGGTTCGAGTCTTTGGGCTTGGTCAACCTCGTTCAGCGGTACGTGCAGTTAAACCGTTGAGGGGAACCGCCGGATACGATGAGTACGTCCGGTGGTGTGGGAGGACGGGGGCCGTAAGGCCCCCTCCTACCCGATTCGTTTCAAAATCGGTGTACGAACTCGAGCGAGCTTATTCGACGATATGCCCGTGCGGGAGAATGTAGCCCAGTTCGGTCAGCCTCTCGATGATGGCGTCGGCGCACTCCTGGGCTCCGAGTTTGCTCGTATCAAGCGTGATCTCGGGGTTCAGGGGCGCCTCGTAAGGATCATCAACGCCGGTGAAGCCCTTGATTTCGCCAGCGCGGGCCTTGGCGTAGAGTCCCTTGACGTCGCGCTTTTCGCAGACCTCAATGGGGGTATCGCAGAAGATTTCGACGAAGTTGCCTTTGGAGCTCTTTCGGGCGTTGTCTCGCGTCTCGCGATAAGGGCTGATCACCGCACAGAGAGTGGTCCCGCCATGCTGCGCGATCAGACCGGCGACGTAACCTACCCGGTTGATGTTCGCGTCGCGGCCTTCCTTGGTGAATTCGAGTCCCTTCGAGAGGTGGGTGCGGATTTCGTCGCCGTCAAGCAGCGACACGTTGCGGCCGAACTCGGCCAGGCGCTCGACCAAGGCGTGGGCGACGGTGCTCTTGCCCGAGCCCGAGAGACCAGTGAACCAAATCGTCAGTCCCTGGCGGAACTTGGGAGGATTGGCCTCGTTGAGGATCTCAGCGACGGCGGGCCGGCAGAACCATTCGGGCAGTGGGAGCCCCTTGGCCAGGTAGTTGTCGCGAACCTGCGTCTCCGAGATATCGGCCGTCTTGACTCCCGCGGGCACTTCGTCGACCAGGGAGTATCGTGACTCGTCGGGGAGGTAGACCATCTCCTTGAAATCGACCATCTCGATGCCGATTTCGGCCTTGTGAGTGGTCAACGATTCCTGGGCCTCGCCCGGCGAGTAGAACGGCTTGCCGGTACTGTCGTGACCCGGTCCGGCGTGGTCGCGGCCGACGATGAAGTGGGTACAGCCGTGGTTACGACGGATGATCGCGTCCAGCAGGACCTCGCGCGGACCGGCCATTCTCATGGCGAAGGGCAGGAGGTTGAGGACGACTGAGCCTTTCTCATAGTGGTTGTCCACCAGCGCGCGATAGCAACGGATGCGCGTGAAGTGGTCAACGTCTCCCGGCCTGGTCACACCGACCACCGGGTGGATGAGCAGGCCGCCACCGATTTGCGCGGCCACGTGCTTGGTCAGCTCTTCGTGGGCCCGATGAAGCAGTTTTCCAGTGCGGAAGGCGACGACTTTGTTCCAGCCAAGCGACCGGAAGTGGTCGCGGAGTTCGCTGGGCGTGCGCCGGAGGTCGACGAAGTCGTGATGGGGGGGAGTCCGGATCACTTCCAGGCGGCCCGCGGCGTAATGCCCTGGCTGGCGGTTGAGGTAGGCGACCGAGGGGTGGTTCGCATCGGTCGAGCCGTAAACGCCCCGGGCTTCCGCCTCTTTGTCGTAGGCGTAGATTTCCTCGACGTGCATGAAGGCGAGCAGGTTGCCGTAGACGTCGCGAAGCGTCAGCGGCTTGCCCACCTCGACGCCGGGGCCCGGGTGACGGACAGGGTGATCGGCAGTGGCCAAAGCGTGCCGTCGGCCAGCCGCATCTCGCTGACCACGCGTTCGTAGTCGGCCTTGCCCAGAAAAGAGCGGAGGGGGGAGAACCCGCCGACGGCCAGGAGTTCGAGATCGCAGAGTGCTCGTTCGTCGAGAGTCAGGCTGGCGTAATCCTTGGCGGTCGCTCTCATCTCGGCGGCGCGTGCGTCATCCACCAGCAAGTCAACGAGGGACCCACCGTAGGGGGAGTTCAAGCCATTCTGGGCCGGACTGGTCGTTGCGGAAATCGTGAAACCCCTTTCGTGATCGGGAGCTGTGACGAAGGACCCCCCCCCTATTTTTCTGGGGATGCTGGGTAAAGCAAAATGTGCCACAACGCGCCGGTCCAACCAAAGACGAGTCAGATCACCCATTCGTGCGGTAACGATCGCTCGGCGAGTTGGGCGATCGTTGTTTTGTCGAGTACCGAACGTTCGGCGATGCGGACATCCTCCCAGACCGAGGCGAGCACCTGGTTCGCCAGTCTGGAAGAATCGCGGGGGGGAGAATCTGGCCCGTCGATTGCGGTCAGGACCTCGCCAAGTGAGATCGAGGCCGGCGAACGGGCCAGGCGGTAACCACCCGACGCTCCTCGTGTGCTTGCCACCAGACCGGCTCCTTTCAACTGGAGCAAGATCTGGACAAGATAGCGTTCGGGAATCCCATGGTTT
NZ_CP155447.1_gap90	3491329	3496010	4681	CACCACCACCGGTCGTGGTGCCGCCGCCAGCGATGCCGCCGCCGCCGTTAACCGGGAAGAGGGAGAGAGCGGGGTTTGGAATCGCGAAGGTGCTCTTCTTGCCCACCGTCTTCGAGTGGATATCGAAGTCGAAGTCGACACCGATCTGCTCGAAGAAGCTGTCACTCAGCGTGATGAACCGCACCTCGATCGAGACCTGAAGATCCTGAAGTCGTCGGAGCTGCTTGAGCAGGTCCGCAACCTGGTCGTGGATCTCGGCCGTGTGGCGGATAATCAGGCTGATGCTCAGGAAGAACGGCGTGATCGAGCCAATCGGCGTTGCCGTGTCCAGTCCGCCCGCGTCACCGGCTCCGAAGCCGCCACCCATGCCGTAGGACGAGGAGGAGTCGGTCCCCGCTGCGTTGGTGACCTGCCAGGTGTTGGGCGCGATCGTACCCGTGATGAGCTGGATCAGAGGGGTGAAATCCGCTTTGGGGCGATCACCCTGAGTGAAATTCGGGCCGCCATTCGTCGCGGTGCTCGCCCCGTTGGGCAACGGCATTTGCTGTCCGCCGGCCCCGAGGGCTCCCGGAGTGCCCGGGTTATCCAGCAGGCCCATTGGGTTCAGGGGGTTCGCCGGTCCCCGGGTCGGGGCAATGACCAGGTCGCCCACATAGTAGGTCTTCGGATAGGTCGAAGACATTGAGGTCTGAGGGCTCGTAATCATGAGCACCTCGTTCTCGACCTTGTAGTTCAGGCCCAGGGGGCTGAGCATCAACTTCAAGGCGTTCTTGAGCTGGACGTCAGAGACCACCAAGGAGATGGGGGTCGCCGTGGTGATGTCCACATCCGCGAGAGCCTTCTGATCGAGAACGATGTTCAGGCCCGTGTAGTTGGCGAGGAACGCGACCGCCTCGGACAGAGGCTGCGATTCCATGTTCAAGGAGACATTCTCCTTGAGCTTGGACTCGATGTAGACGGTCTTCGCGTCCTTCTTGATCTCGAGCCTGGCATTCATCCGCAGGCGATCGGCCGTGAGGTCCTTGAAGTTCTCGGCGTACTTGATGCCGTTCAACTGAACTTCGGGGTCGGCGATGGCCGCGGTGTCCACCATCTGCAAGGTGTCGAGTGCGGCATCTTCCTTGGCGGCCTTGTTCTCGAGGTCCTTCTTGTAGTGGCGCTGAACGTTGGCCTTCCAGGCGAGGATGGTGGCCGACACCTCGTTGGGATCAATTTCCTGGGCCATCGTGGCGAACTTGTTGGCCTCCTGGTAGCGACCTTCGGCCATCGCCGTGGTGGCTTTGCTCATCAGCTCTTCCATGCGAGTCTTCTTGGCCTTCTCCGCCTCGAAGATCCGGAGCCGCTTGGCTTCAATTTCAGCTTTGGCGTTCTTGTCGAGCATCTTGACGTCGAAGGCGGCCTTGTCCTTCTTGGCAAGCTCGATCGCAACCTCGAGGCGTCGCACCATCGTCCGGGTGACGGCTTCGGGGAGCTCGGAGGACTTGGCTTTGACCGACCGGAGGGTCGTTTCGTAGATCTCGATCGCCTTGTCGGGATCCGTCTCCTGGTACCGTCGTGCCTCGGCAGTCTTGGTGCCGACCTCGGCGTTCAACTTCTGGGCGGCCAACGCCTCGACGTCGTGGGTGGGATGAGTGAGGTCGGATGCCGTCGCCTTCCCCGAGTCGTCTTCGGGAAGCTTGGCGAGCAGGTCCTGCACCTTCTGCATCAAACCGCTGTCGAGAGCATCGCCGGAAGCAGCGACTTCAGCCAAGAGGGCCCGGGCACGTCCCTGCTCTCCCTTACGGAGTGCGTCGAGGGCCGAGTCGTAGAGGCTCAGAGCACCACCCTGTGCGGCCAGAGCAATCTGGGCGATCAAGTCGTCGGCCTGGGGGTCGACACCGTGCTTGCCTGTCTTGGCCTCTTCAGCCATCTGGCGAGCTGCGGCATAGTTTCCCTGGCCGTAGAGGGCTCGTGCTTCGGAAAGAAGCTGCTCACCCCGGCCCAGCGGAGCGGATTCCGCCGCAGGCGGAGCGGGTTCCACCGCGGGCAGAGCGGCTTCCACCGCGGGCAGAGCGGCTTCTGCCGCGGGCAGTGCGGCTTCCGCTGCGGGCAGAGCGGGTTCCACCGCGGGCAGAGCGTCGTTCGTTGCGGCCGGTTCGGGAAGGCCCAGAGGGGTCGCTTCGACGTCCGCACTCACCTTCTGGACCGACGCGTCGGTCGCCGGCAACGGCCCGTTTTCCTGAGTTCTCAGGCGTTCGACTTCGGAGAACTTGGCCGAGGCCGCAACGCTATCGCCACGGGCCAGCAGTTCGTTCGCCTCATGTTCGACGATCGTGCTCCGCGACTCGGCCATTGGCTTTGTCGGCGCGGCGGCGATCGCCGAGGGAGTCTGACGAGCACGAGCCATTTCGACGTCGTGCAGCACCGTCTCCGCTCGGTCGGAGGTCAGCGGCGGGACCACGTTCATTCGCTGGGCCTGCTGCGCCTTCTCCGCGGCCTTGTCCAGCTGGCCGGTCGACATCAGGTGTCGAGCTTCCTGAACCAGGACGTCATAAACACCCAGGCTGGGCTGCTCTTTCGGAGGACTGGTACGGAGTTGGTCACGACGTCGCAGTGCGCGGGCCGCGGAGGCGACCTTGTCGGGGTTGTCTTCGAAGACGCCGAAGGACATTTTCCACGACTTGACGTCGAGCGCCAGGGCTTCGGCCTGCTCGAACTGGTTGTTCGCCAGCAGGGCGCGGGCCTGCTTCACTTTGGCGCGGGCCAGATCGAGGCTCCGGGACTGGTCGGACGTCGCGGTCGCCGTCATCTTGGGGCGAGCCTTTTCGATGGCGTCGGCCACCTTGGCCGGCGTGTCGTCGAACAGACCCCATTGAACGTTCATCGCCTGGACTTCGGTGACGAGCCGGGTGGCTGCCTCGTAGTCTCCTTGGCGAATCTGTTCACGGGCCGACTGGAGTTTCCAGCGTGCCCCTTGTTTCGCATCGGAGGGGTTCGCCCCTGATGCCGGAGCCGGCTGAGCGCCCGGCACCGTTCCCCTCGTAGTGGCCGGACTGGCCACCGACGCGGCCGCTGTCGGAGCGGTTCCGGCCGGAGCCACCGCGGAGTCTGCCGGCACGCGTGAGAGCTCTTTCAAGTAGGCGTCGAGGACAGTTCTTTCGCTTACCGAGAGCTGGTCGCGATAGGATTGGGCGGCCGTGAGATACTGGGTTGCCAGAGCATACTGGCCACTGTTGAACAACCGAGCGCCGGCTTCAAGGTACCTTACCGGTGGTACGGGCGCTGTGGGCCGCGGCGATGATACTGGGTGGGCCGCGTCCTCAGGGGGAGCGCCATCCGTGGCCCCACCCCACGCGCCGAGGGTCAAGAGGATTGCGAGTGTTCTAAGCCTTCCCAACGCGACCTCCTTTCGCCACACGCGGAGACGACCGCCGACTTCCCTGGCGACGGTCTCTGACTTGAATCCGCAGTGGGAGACGTGAATCCGATGTCTTCGCAACCGCCATGGCCCCGAAGGGCGGCGGCTCTTCACCCGGCTGTCGTGGGGCTTCTGAGATTCAGAGTTGTGTGATCAAAGCGGTGCGACCCAGAACGGGGAGAAGACGAGGCGGTGTCTTACCCTGAACGAGAATAGGGGTCAAGCTGCCTTTTTGGATTTTTTCGATTTCCCGGATCACCGTTGAGCCTCTCACCAGCCTCAAAATAGGGCGTCAGCCGCTCCGAGACCCCCTCTCTAACAAAAACAAGGAACCGCGACAGTGCGAGATTCGCGATCGAATTCTGGCCTGGTTACATCCGGAGCACGGCCGGCCCTGCCGTGCTCCGGATTCGATCGGGCCGGAAATCCATCGCGAGTCTCACCCAGTCGCGGATCGTTGAAAAAAAAAAGGCCCCCGACGGATCACCGTCGGGGGCCTGGGGCAAACTTGTGGGCACAGCGAGGCCGGCCTGAATCAGGGCATGCCCGGCATCCCACCGAAGAATGACGAACTCTCGCGCACCTTGTTGGCGTTTGACTCCGCCACCTCGCGTTTATACGTCTCGAAGACGTTCTTGCGAACTTCGTTGGGCTCGTCGAACGCCTGGTTCTTCATCGCGACCGACCCGTCGGGTCGAACCACCAGCGAGAGGGCCGGCACCTCGAACCGACCGTTGTCGATGTCTTTGGGAAGGGGCCTGGCCCCTCCCATCGCGTCGAGCACGACCTGGCGGCTTGTGAAGTCGATCCGTTCCCGCTTCGACCCGGAGCCTTCGGAGTTGGGAATCTCAACGCTGAAGAGACTTCCGATGACGTCGCCGGGCCCCGCGTCGAATCGACGGACGACCATGACGCCGTTGTTTGGATCCCACTTGGTCACCTCGAACTGCACCTGGTCGGTTGTCCCGACGCTGGCCACTTTCTGAAGGGCGTACGTCGCGACGTCGGCCGGAACTGAGACGATCTCGGTCGGTTCGCTCCACGGGCCGGCGAGCTCGATCGCGTTCTTGTCGACCCCCGGCGCGACGTCCTCACGCTTCAGGTTCGGGTTGAAGACCACGATCCGCAGCCGAAAGCGATAGGTCGTGTCGGGGTCGACGGTGAAGTCGAGCGACCGGACCATGAGCGTCTCTTCCTCGTTGTGAACGAAGCTCATGTCATCGGAGGCCGTTCCTCCCATTCCGCCCATCATTCCTTCCATCATTCCCATCGGCCCCATATCCA
NZ_CP155447.1_gap91	3597361	3600490	3129	CACACATCGTCGAACCCTCACCCAGTTTGTTTTCGTTGGATTCAGCCGCCGAGGCGAGAAGGCGCTCGGCCCAGGAAGTCCAAGAGAGGAACGTGCCAAGCCATCCAACCAGTTGCTGCGACAACGTCGGGCAAACGCCATGTCAACAGGCTTCAGCCGTTTAATGGTAGGAGATCGATCTCGGGCAAGTCAAAAGTGAGAGTCGAGGGAGTGGCGGTCAAAGACCTGCGCCGGCTCGCTCTCCAGTAGATGAAACCACCGAGGACGCCGATCCAGAGAGTTCCGAGCCGGAAGAGGAAACCACGCGGGCCGAGGGGGACGTAGAACGCCACGATTTGAGTCCTCGATGAGAGTGAACGGTCAGTGAAGACAGTAAGACTTGTTCCTCGACACCGGCCAGGACCGTCGCGCCGTGGAGTCCATCGCTGATACTACTGAGGCCGGCGAACCGATCGGTAATTCGCTGTTTGATGACCGGAATCATGGTCTGGGTGGAACCACACTGGTTCGCGAACACGACGGGAATTCCCAGGTCATAAGCAACCTTACCTGGTATTGCGCCCGAGAGCGGGCCGACATGGCCGAAGAGCCAATGTTTTTTTCCGGTATTGCGATCCGCGAAGTCAGGCCAGGCCGCCGACACGATCGCCATGTCGATCCGATCGCGATATTGACGCCAGACCCGGCGATAGATCATATCAGCACAGACCGCAAAACCGATTCGTCCCCAACGGGTCGTCACGATCAACGGCTCTCGGCCCGGCATGAACCGGAACCGTTCCCAGAAGACGAGGTTGCGCTTTCGGTAGACGTGCGTTTCCCCGTCCGCGGTGACGTAGGCGATGGAGTCGTAGAGGTGCCTTCCTTCCCGCTCGACGAACCCCGCGGCAATGTCCATCCGCCACTGGCGGCTTCGCTTCCGCAGGTAGTCGAGGGTCGGACCATCCCGGCCTTCGGCATAAGGTGTGTAGTCGGGACAGAGGCTGTAGCCCGTGTTGAATAGCTCGGGCAGGACGGCCAGCTCCGCCCCTCCCTCATAGGCCTGACGAAGCAACCCGTCGGCCCGCGCAACGTTGTCGGCGACGCGAAGGGGCTCGGAGTTCATCTGAATCGCAGCGGCGACGATTTTCATGGTGGTTCACCCCCGCATCCATGAGGATGGCGAACTAATGTGGTCAGAGGAAGCGCATTGGGAGCAGAGGTTCAGGTTGTCCGTTCAAAAAAATGCGACCACATGGAAGTCGGTCGCCTCTCATCATCCTAATCATCGGCGGGAACCAGGCCGTCGCAGGGAAGATTTTTTCAGATCAAGCCTGGTCGTACGGTATTGTCCGATTTCGCGAAGAAGGCGGAACGCGACGCGGACGCCTGGAACGCAAGCCCGGAACCGATTGATCCGTACTGTTAACCCATTTCGAAACGGCCGAGAAGATCAACTCAAGAAAAAGGCCGCGTTGGTCGACTCCCCCAGGCGCGCGTTCAGTCTGAGGCGCGGCCATTCCCTTGTTGTGTCCGCTACTACGGAGTATTATTTCTGAAGAAACTGTTTGAGCAGACATGGCGGTACATCCCGTGACACTCACTCCCGCTGCACAGAAGTTCGTTCTCCATTGGGGCGAGATGGGCCAGGCCTGGGGGATCAACCGGACCATGGCCCAGGTTCACGCATTGTTGTTCGTCGCTCCTCAGGCCCTCGACGCAGAGGAAATCAGCCGGCTGCTCGACGTGAGCCGCTCAAACGTTTCGACGAGCCTGCGCGAGTTGATCACCTGGGGGGTGGTCCGCCGGGTCCACATTATCGGCGATCGACGGGACCGCTTCGAGGCGCTCAAGGACGTCATGGAGACGTTTCGGGTGATCATGGCCGAGCGGAAGCGGCGCGAGATGGATCCCACTATTGCGCTCCTCGAGCATTGCGTCCACGAGGCCGAGACCGGCGGAGACGCCGAGGACTACACGCGCGAGCAACTCGAGAAGATGCTCGAGTTCACCCGGATGGTGACCACCTGGTACAGCCAGATCGATCGCTTGTCGACCCCGGCACTTCAGCGTCTGTTTCGCGGGGGGGCGAAACTGGCCACCCTGTTCGGGATTGCGGGGTCGGCTCCAAGCGAGGCAGCTGAATCCGGTGCCGGGAAGAAGTAAAAAGAGACAGGCGGGGACGGTCTTTTCTCGATTTTGCGGGGTGTCGCCCCGGGCTGCCCCCTCCTTGAGGTGGCTTCTGGGCTGTCCGCAACCTAATCCCAGAGCCACCTGACAGTGGTCGCTTGAGCATTTTCAAGTCGACCGCTACTTCCGCTCAGCGCTTCTTGCCCGCGGGTTTGCCCACGGGATTCTGGCTCTGGTACGCTCGCTCCTCGTCCGCGACTCGGTCCATTTCGGCCTCGGCTTTCGCCACATCGTCCGAGCTCAAGGGACCACTCAACGCCTCAGCACTCGTATGTGTTGTAGCTGAAGAGCCGGCATTCCCGCATCCGAGAAGCAGTAGGCAAGGTAGCGAGAGAACGGTCATCAGGATCAATCGAAGTCTCATGGGGTTCGCCTCTGATCAAAATTTCGGTGGATCAATATTCGTCGGAGCTCAGCGGCTCATTGTCGTCGATGACCGCCAGTTTTCGGAAGGTGGACGGGTTCACGGTGAATTTGATGAACTTGACAGAGCCGTCGCCGAACACCGCGTTGATGCCGCCTGAGTGGGGGCCTCCGAAATTCCGACGCCAGATCGCTGCGCCTGTATCGGGACTGGGAGGAGTCTTGTAGGCATCACACAACCAAGGGTTCGCACTGTCGGGAGTGGGAACGAAATGCCCGCGGACGTTATCCTCGTCCCAGCCTGCGTTCTGCCAGGTCTCGTTGTCGCCTCCTTCGCTGCCGAATCCCTTCGGGGAGATCGCCTTCTCTGCACAGAGGATCGAATTCGAGGTCCCATCCTTGAAGTCGGCTAACAACCGTTTGACGCCCGCACCACTCCAGACGATGGCCCCTTTTTTGCCGCTAAAGTTTCCTTTGTTGATATTTGGTGCATCTGCATGAGTGTCAATGAGGCCGTTGGGAGCGGCCGGAAGCGTCGATGCGGGAGCACAGCTTGCTGCCAAACCGGTACGAAATCCCTGACAGCCTGCGTAATCG
NZ_CP155447.1_gap92	3601612	3603649	2037	TTCGGTCGGGGCCGCTGAAGGAGAATTCAAGGCTCTCTTCAATGGCAAGGACCTGAGCGGTTGGGTGACACCCGCCGACAAGGCCCTCTTCAGTGTCGAAAATGGGGAGATCGTCGGGCGCACCCAGGGGAATCTCAAGAAGAACGAGTTTCTCGTCACCGAGAAGCCCTATGGCGACTTCGTGCTCAAAGCCAAGGTCAAGCTCCGCAACCACAACTCCGGGATTCAGTTCCGCAGTAAGCGAGCCGAAGACGGAGCCGTGTCGGGGCCGCAGGCCGACGTGGCCGACGGCTACTGGGGCCTTCTTTATGAGGAGCGGGGCCGAGGGATCCTCGAACAATTCGATAAGAAGAAGGCCGAAGCCCTGATCAAGAAGAACGACTGGAACGAGTTCGTGATCGCCGCCAAGGGGGATCATGTCACGATCGACATCAACGGTACGCGCGTGATCGACCGGACGGACCCGAAGTTTGCCAAGGAGGGGATCATCGCCCTGCAAGTCCATACCGGTGAACCGATGGAGGTCCGCTACAAGGACCTGGAAATCAAGACGGGCGACTGACGCCGCCCCGCTCGATCACAAGCGCGGCACATCAGCTTGGCGACTGATTGAATGCCAAGCTGATGTGCCGCGCTTCGTTGCGCCTGTCCCGTTGTTCTCAGAGGAGGGCATTCACCAGGTTCAGACCCACGGCACAGGCGTAGGCCGGGAGAAACAGCCAGCGTGCAAATCGCTGGATCCGTTGCGCTCGGTCGCGCCGCCCTCGATCCAAGGCGACGTGAACATACGTAACTGTGGCCGCCGCGGCGGTCACGAAGCCGAATCCGATCAAGGCATGCTTGTCGACGAATGTCAGGTAAGCCACCTTCGGCAATGAGAAGTCGATGGCAAAGTTGAAGGCCACGAGCGAGATCAGGGCCGCCGTGCACGTACTGATCTGCGGCTGGAGGCCAGACGGCTCGAACCAGAAGGCAGCCCATGCCACGATCGTCAAGAGCGTCAATGGCACGAGAACGCGCCAGAAGTAGAACGTCCACTGCCGCTGTACGACCACCTGGTAGATATAGCTTGGATAGGTCTCCTGGCCGGGAACGTAGCGACGGGGCTCAACCCGAGCGGACGCTTTTTCGATCGTCCAGTCCGTGACAAACGCTTTCTCATCGACCATAACGAGCGCGGGATCGACCTGGAGGGACTGAACCGACTCGTCCTCGAACGTCCCGATCCGCACACTCATCACCTGGCGGTCGAACGGAAACTGGCGCAGGTTCATCGGGACGGAAAACTTACCACTGACGATCACCCAACTTGACACCCTGCCTTCGTCGTCGGCCTCGATGACCGGATCGAAGTGGAATCGGGGCTGTTCCAGCGCGTTCTCAAAAAAGACGCGCGGGGTCCAGATCTTCCCCGGCGCATGGCGAGTCACTCCATTGGCCGTCGATTCCGGGCGAGCGGTCCTCGGGTCGCGCCAGTTCAGCTCCAAATAGCCGGTCACATCAAACGACTCGTCGCGCGAGGTAATGCGGGCGAAATCGAGGATATAGAAGCCAATCGAAACCTCGACCGGCTTTCCCTGAACGCGTGGCGGCGTCATATCCGCATCCAGGGGCGCGGTGGCTGGAGCCGAGCCAATTGCGGAGAGAGTCAATACCAGGCGAATCGCTCCGAAGCATCCCATTGCGTTCTTTTCTCCGCGTTCGTCAGAACGAACTTCCGTTGATCCGGTCGTGTAAGGCGAGGATGAGACCGGTTCACCTGGCTGACTTTTGGCGCTTGGGTGGGTCGCCGCCTCGAGCCTGATCCTCCGGTGACGGGAATCTTACCGCCCATAAAGCGTGGCCTGAACCCATTCCTCGCCCATTTCGGCAACTTGTCCGCGGATCGGGGTTCCCAACTGACGTGTGGTCGTTCTGCAACGAGAGAGCGGAGAGACGCGCCTTCTCGGGGTTGGCTCGTGTATAATCTCTAACAATGAAGTTGCGGAATCTGTCGCCGGACCGCCAGGCTTCGAAGGCCGAGACTTCCTCCTCTCG
NZ_CP155447.1_gap93	3632014	3635846	3832	ACAAAGGCCGCGGTATCATGAAATTCCTTCCTCAATCGACTTGGGGAGCACTGGCTGTCTCGGTTCGACGTCCCCGGGGAGGCCAGATCGTTCGTTGATTCAAGTTACCGATCTGAAACAAGTTACGCAACGCCGCGACGGAGCTTCTTGGGGCGAGAATACCATCGGTTCTTTCGCCCTGGGCTGAATCTCGGTTCAAGGGGCGAGCACGAGTCGGTCGTGTGCCGGCCTGAAAAGACAGGTTGGCTTCGCCCCCACTGACATACGTTGAGACTTTCAGTCAGGAGCGAAAGACGTCGTCCGAAGCGGGCGCGGGCTCGCGATCGATCCGGAACAGACTCAGGTCGATGCGAGCCGGACGGCCCAGGACAAGGTCGGTGATCGCCTCCGCCGTCGCAGGTGAAAGCTGTAATCCCGAGCGTTTGTGGCCGGTCGCGACGAGCAAATTTGAAAAGTCGGGAACGGTCCCGAGATACGGTCGACTGTCGATGCTACCGGGCCTCAGCCCCGCCCAGGCTCGCTCCACTTCCGCGTCGGCCAAGGCCGGAATGAGTCGAATCGCCTCATCGAGCAGGTCGCGCACTCCCTGCGTTGTCGGGCGCGTGTCGAACCCTGCGTTCTCCTCCGTGGCTCCGATCAGGACCCGGCCGTCTTCGCGCGGGACCAGGTACATCCTGCCGTGCTCGACGATCCGCCGGAGAACTTTTCCCTGGCAGCGGAGCAAGACAATCTGCCCCTTGACCGGCGGTGTGGGGGCTTGGATCCCGAGCATTTCGAGCAGTCCCGCCGACCATGCTCCGGCCGTGACGATGACCTGCCCGCAAGGGATTCGCCCCTGTTCCGTCCGAACCGCTGTGACGCGTCCGTCCGCAGTCTCGAACCCCACCACGGCCTCGTGGGGATGAAGCCGGGCACCGCGTGCCTCAATCGCCGCCTTGAGGGCCTCCAGGTGCCACGGGTTGCGGATCTGGGAGCGGTCGGGCAAGTAGTAGACGACCCGGAGTGTGGGGTTCAACGCGGGTTCGACGCGGACGTAGTCGCCCGGCGCGAGCCGTTCATAGACGATCCCGTCGGTCCGCCAGCGTCCGGCGGCGGTCCGCAACGCGTTCTCCTCGTCCTCGGTCCATGCCACATCGACGCCACCGGTCCGCCGGAATCCGTTATCGATACCTGTCTCTTCGCGGAGCGCATCCGACCACTGCGGGTAGAGCCGGGCACTCCAGGAACGAAGCAGCTCGAACGGTTGTGCGGGAGGCCGTTCGGAACAAGGCGGGATCAAGCCGGCTCCGGCCCACGAGGCCTCTCGGCCAAACTCACGGCGATCGAGCAGCGTTGCGCGAATACCTGCTTTCGCCAGGGCGTAGGCGACCGAAAGGCCGATGACTCCTCCCCCGACGATGACGACATCGTGTTGCAATCGACTGATTCCCATGTCAAGGCGATGGTTGTGTCTTGAAACGTTCAATGGATCGGAAGCGAGGGCGAGGGGCGATCTCATCCCGGCCGTTTCGCCAGCCTTTTTCTGAGATTCGAGAGATGACGCGGTTCTCACCGGCGAGAATCAGGTCAAGACCGTCCCAGGCGATCGCCTCGACGTCATCCGCTTGAAACCGGACGGTACCGACGAGAGTCCACGATCCCGATCGGGCTCGCTGGTAAATGCGTGCGACGTTGACCGCGCAGACCGCCAGGTGGCGGCCGTCACGAGAGAGGTCCGCGCCGGTAGCCGGCTCGCGAAATTGGGGAAGCCGGCCGAGCGATTCGGGAACCGCGGGCCTCAACAGGGGCGCGGGGGGATGGAGCGGGATCGCGAACAATTCCGCCTCCTGGCGGTCGAAGGTCTTGGCCACGACGACCGCACGCCCGGCATCGAGGAACAGCCCCTCCGCATCGAACCGGCCCTGAGGTGGGAAGCGGTAGAACGAAGTCGCCTCGACCATCAGGGTCCCTTGGTGGGGCTGCGTGGGATCAGGCTCAACAATGCGATGGATCGCCCGGAGCGGTAAGCGACCGTCGTTGTTGCCGATCTCGGCGAGATAGAGATGGCCATCATCATCAATGGCGATGTCTTCCCAATCGATGTTGGGCACTCGGACCAGGTATTCGCGAACCAAGGACCCGTTACGTTTGACCGCAAACAGCGAGGAAAGATTTCCGGAATCGTTGTGGACCCAGAAAATTCCGGGATGGCGGCGGCTAGCGACTATTCCCGAAGCTTCTCGGATCGCCGGATAGTCGAGCCGTCCCAGTCGTTCCAGCGGAGGGCTGTCGGAGATGAGGACCAGTGTCAGGGCGATCCCGCTCAAAAATGCCATAGTTTTGCGTCGCTCCCTCCTCGTATGGAACTTCGATCTTACCAAGTTGGGGGGGACCAAGGCCACGATCGCAAGGGAACCCGGCCCTTGTTTCTCGTCTCGGTGAAGTGAGAGGGGTCGTGGGTTGCATCCCGGCTCCAGTGAGGTCAAACTCTCCTCTTCCGGTTCCGGTCGCGTACCGCCCGAGGAGGTCGATGCCGGCCGTTGTCCGTTCCCTGAGGTTGGCAGTCCCATGGAAATTCCGCAGATCCGGCCGGGCAAGGTCAGCGAACAGGCCAGGCCAATGCCGCGAGTCGTCGCGTTCTTCCGCAACTCTGCGCAGGGGAACTTGGTCATCCAGATTCTGACGACGATCGGCATCCCCAATGACCGGCTCGGCGTCACTCCTCCTGAACAGATCGAGACCGGCCAGGGAATGGTCTTGTCGGTCGCTTGCCCCGACGAGAAGACGATGGCCCGTGTGGAGACGATCTGCCGCGAGCAAGGGGCAGACATCCACCGCCAGCGCTCTTGATTGAGGTTCCCACCCACCCCTTTTTTTTTTCTTCTACTTCGTTTCTCTTGCCGAGGTTGAACGATGACGCCGTTGCGTGTTCCGAAGACCTTCCTGGCCTTGAGCCTCACCGCACTCTTGCCCCTCTCGGTAGTCGCCGACTCGCCGAGCGACGTTCCCTCGTTCGCCAAGGACGTTCCTCAGGTCAAGACGGGCGAGCCGATCTTCAAGTTCAACGGTAAGGATCTCACGGGGTTTTACACCTACACCAGGGACCACAAGCTGGAAGACCCCAACAAGGTTTTCACGGTCAAGGACGGCGCGATTCGCGTCTCCGGTCAAGAATTCGGCGGGTTTACCACTCGCGACGAATACAGCAACTACCACTTGGTTACCGAGTGGCGTTGGGGCGATAAGACCTGGGCTCCTCGAGAAACCAAATCACGCGACTCGGGCATTCTGGTTCACTGCGTCGGCCCTGATGGCGCCGCGGGGGGCAACTGGATGATGTCCCAGGAGTGCCAGATTATCGAGGGAGGTTGCGGCGACTTCATCATGGTCGGCGGGACGATCGATGGAAAAGCCGTGCGCCCCAGCCTGACCTGCGAGACGCGGGTCGGCCCCCCGAACAATCAGCTCTACTACGAAAAGGGGGGCAAATCGGTCACGGTCAATCAGCGCTACAACTGGTGGGGCCGCGACCCGGAATGGAAGGATGTGCTCGGCTTCCGTGGCAAGCGAGACGTCGAAAAGCCCGTCGGCGAATGGAACCGGTTGGAAGTGATTTGCGACGGCGATACCATCACCAATATCGTCAACGGCTACGTCGTCAACGTCGGCACCAAGTCGAGCCTGACCAAAGGCAAGATCCTCTTCCAGTCCGAAGGGGCGGAACTCCATTTCCGTAAGATCGAAGTTCGGCCGCTCGTGAAGTAAGGCTGTCGGCCTGACCTATCTCCGACCTGCCTCTGATGAGCTCAGGTCGGTTGTTCCTTCTGAATTGCCCGCGTTCTGAAAGATTAGG
NZ_CP155447.1_gap94	3638515	3639688	1173	ACACGCTAGCCCAGCTCGAAGTCCGTTTTCGAGGGAAACAGCCTGCCGAGATCCGGGTCACTCGATTCAGCGTGGTGCCCAAAGGGGACGGCTACGGCTTTGCGGTCCTGGCTCAGGAAACGCTTCATTGATGTTTCACCGTCGCTCCCGGAATCAGCCTTGTGATCGAGTCTCGAGCCGGTGGAGCCAGACGGCTCCGGGCTCTCCCCCGACCTCGGGAAGCAAGACGGCACGTCTCGTTCCCACGTCCCTCAAGGTTTGACGAGTCCGCATGGCCACGCTCGAAGTTCATGACGGTCAGGGGCGAGTTCAACGCGTCACCATCACGCGTGAGCAGACGGTTCTGTTCGGCTCGAGCCCGAAGTGTGAGATCGTCCTGAACGGGGACGGAGTCTTGCCGTTCCACGGACGTTTGCGTTGGAAGTCCAGCCGCTACAAGGCCGACGCCTCGCCGGACGCCGGTGCGATCGAGATCAACGGCAGGCGGATGGCGTCGTCGAGCTTTCGTCAGGGCGACGAGATCGTGGTCGGCCCTTGCCGGATCTTCATGATTCACGCCGATGAGGATCTTCCCCAGGACGATAAGACGCGGATCCAGCCGGCACCGTTCATTTCGACGGCCCCGGCCACGACGACCGCGAAATCTCGGTCACGCGTTCGACCGGGGAAGCCGTTCGAGCGGCAGGACTGGATCGAGGATCTGGCGGTGGCCCCTCCCTCGGCGGAAATGGCGGTGGCCCCCTCGGACTCTCGCGAGCGCGGGGGACGCCATAAAAGCCGCCGGCCTCGCGCCGACGCCAAGTCGAAAACGGGGAAGCGTGGCGTTCGTGGGCTCTTCGACCGGTTCTTCTCAACTCAGGTCGCCCCTGGCGAGGAGCGGGTGCTCACCTCGCCGCTCGTCTTTGGGTTGGTCGGCGCGGTGGTCGTCCTGGTCGTGCTCGGGTTTGCGCTCAACACGATCATCGCTCGAACCGTGACGACGCGTATGTTTCACCGGGCCGTGGAGAGTCTTGACGACGGCGACTATCGCAACGCGATCCGTCGCTTCGACGAGTTTCTCGCCAGGAAGTCGGGCGATGAATCGCGAGACAGTAAGGCCCGCGTGCTTCGAGCGCTGGCCAACGTCCGACAGTTCACCTCGAGTACGGGGGCCTCATGGTCGAACGCCCTGAC
NZ_CP155447.1_gap95	3677010	3681993	4983	TCGCGTTAAGCGACGGGTTCTCGCGGATCATGTCGCGCATGGGCTCGGTGATGATCAGCAACTCGAAAATCCCGGTTCGGCCCAGGTAGCCGGTGCCGCCGCATTGCGGGCAGACTTCCTGAGGTTCCGCCGGTCTCCGGTAGAACACATCCACTTTGTCGGCGGGCAAGTTGGCCTTTTTGAGGAACTCGGGCTTGGGCTTGTACGGTTCCTTGCAATTCTCGCAAAGCATCCGAACGAGGCGCTGACCGAGCACGGCGGTGAGGGCCGAGGCGATCATGAAGGGCTCGACGCCTAGGTCGAGGAGGCGGAAGAGCGCCGTCACGGTGTCGTTGGCATGGACGGTCGAGAAGACCATGTGACCGGTCGTTGCCGCCTGGCAGGCGATGGTTGCGGTCTCTTGGTCGCGAATTTCGCCGATCATGATCACATCGGGATCTTGCCGAAGGATCGAGCGGAGGCTGCCTGAAAAGGTTTGCCCGCTCTTGGTGTTGATTTCCATCTGGGTGATGTTGTCGAGGTGATATTCAATCGGGTCCTCGACGGTGATGATGTTCTTCTGGAACCGGTCGATCTCGCGGAGGCAGGCGTAGAGGGTGGTGGTCTTGCCCGATCCGGTCGGTCCACAGCAAAGGAACATGCCGTGGGGCTGGGTCACGAGGTTGCGGATTTCGGTGGCCAGTTTGGGCCGAAGTCCGGCTTCGTCGAGTGCGGAGACGCCCATTCCGCTGTCGAGAATACGCATCACCATCTTCTCGCCCGACTTCGAGCCCGAAGTCGCCACGCGGAACTCGAGTTCGCGGCCTTCGAGCTTGGCGCCGAAGGAGCCATCCTGCGGTTTGCGCTTTTCCGAGATGTCGAGCGCCCCGAGGACCTTGAAGACGTTGATCACGGCATCGCCAGTGGGCCGGTCGAACGGCTCGGCGGCGTGAAGGATGCCGTCGATTCGGTAGCGGATCGAGAGTTGTTCGGCCGTCGGTTCGAAGTGGATGTCGGTCGCACGGCGGAGAACAGCGTCATAGACGAGTTCCTTGGCCGACGTGTAGGACCGAGACTCCTCGGCTTGGGCGACCCGGGTGGGGTCGGCCTTGCTCGATCCCTGGCTTTTGCCGACGAACTCGATGGGAGGTCCGCCCTGGTTGACTCCCGAGTCTCCCTTATTGAAAATCCCCTTCATGCCGGCCTTGTTCATCAGGCCATTCATGACCTCGCCGAGATGATAGAAGGTCAATACCTTGGAATCATCGGGAACCGTCTGGTTCCGCGTATAGATGTAGGACAGGAGGGGAACGAAGTAGGACAGCAGCAGGAGTGTCAGGCTGATCGGGTAGATCGGAATCGCCCAGACCATGGCGAAGCCGAGGATCCCCGAGAAGAAGATGACGCTGTTCCAGACCTCGAATTTCGGGTTGATCAGTTCCTTGGCATCGTCGTCGACCCAGTACGAGGTCCACGCCCAGAGCAGGAAGATGGCCAGCACGGGGAGGAACTTGAGCAGATTGAGATACATGCCGGGCCCGCGCAGGATGCCCGGCGCTTGGGCGAGCAAGACCCCGGCCGACTCGGCGGCGAAAGCCCCGGCCGTCGCGCCCAGGGTCATCAAGGTGAACGTCGCGAGTGCGAGGCGCGGACGGATCATCGCTTCCCTTTCCTCCCACGGAGAACTCGACACGACGCAGTCGCGGGTCCAAGACGGTCGAAGAACCGACTTTGATCTTAGAGAATACCCGGCTGTGCGATGTTAATGCCTTTGAGCGCCATTTTCAAAGTTTCCACGCTCGGCGCAACCTCGAATGCCGTAGCGCGTTCGATCCGCTCATTGACGACAAGCTGTCTCAGACTCTCGGTGAAGTCCTGCATTCCTTCTTCTTTGCCGATTCGGATCGCGTCGCCGAGCTTCGTATCTTCTTCGTTGAGAATCAGCTTTCGAACGGTGGGGTTCGTCCGCATGATCTCGTTGGTCGGCACGCGGGTGATCCCCTGAGCTTGCAGCTCCTTGGTCGTGATCAGGAGTTTTTGCGCGACGATCGCCTTGAGGTTGAACGCCAGGTTCTGCCGTAGCGGCGCGTGCATCTCACGAGGGAACAGGTCGAGAATACGACTGATCGTCGACGGAGCGCTCGAGGCGTGGATGGTGCCGAAGACAAGGTGACCGGTCTCAGCGGCGTGCATCGCGGCGCCGAAGGTCTCCTGGTCTCGCATCTCACCCACAAGGATGATGTCGGGGTCTTGCCGCACCGCGTCCTTGAGCGCTTTGTGCCAGTCCTTGACGTCGATGCCGATCTCGCGCTGGTTGATGATCGACTTGGAGTCGCTGAAGGTGAATTCAATCGGGTCTTCGAGCGTCAGGATATGCATCCGCTCACGCTCATTGATGTATTGAAGCATCGATGCGATCGTGGTGCTCTTACCCGAACCGGTCACGCCGGCCAGGATGATGATCCCCTGCTCATACTGGGTGATCTCGGCCATGACGGGGGGCAGGCCGAGCTTCTCGAAGTTGGGGATCGAGTTGTTGACCCGGCGGGCGACCAGGCTCAGCCGTCCTCGGGCTCGGAACAAGCTGACCCGGAATCGAGTTTCGAGATCGCCGTCGAAGATGATATGGGCGAAGTCGACTCCACCCTCATCGTCGAGAATGTGCTTCTGGCGAGGGGTCAGGATCGGAAACATCAACCGTTCCATGTCCTCCTTCGTCAGCAAGGGCATCTGCATCTGTCGGAGCACACCCCCCAGCCGCATACTCGGGGAAAGCCCCACCTTCAGGTGAAGGTCGGATCCCTTGTACTTCATCACCATCCGAAATAGCTTGTTGCATTCGGGCTCGTTCGGGGCCGCCTCAACGTTCACTTCCACGTCAGTCGCCATGTGCGAATTCTCCTGCAAGGAATGCACCTGGGGGCGTGTCGAACACGCCGGTCGGGTCCCATCTGACTTGTGTTGACTCGTTGTGAGACTTCATCAAAATCGGGAAACCGGGAGGACGAGATGCTCCGTGATCGTCGCCCGGAGAAACTTTCTGCTTCGTGTTCACGGTCGAGCGAAAATCGAGGGCTGTCGTGGCGGTGCGTGAGGGACCGGACGCTGGTCAGGAGGCCGGGGACCCCGCGACGAGCCGGACAGGTACCCCGTGCCGGGCCAGATATTCTTTGGTCTCGGTGATCGTGTATTCGTGATAGTGGAAGATGCTGGCCGCCAGCGCGGCGCTGGCCCCTCCTTCGACAAGGGCTGCGCGCAAGTGTTCGGGACTCCCCGCGCCTCCCGAGGCGACGACCGGAATCTCGACCGCTTCGCTGACCGCCCGGGTCATTGGCAAGTCGTAGCCGTTTTTGGTTCCATCGGCATCCATACTTGTCAGGACAATCTCCCCGGCGCCGAGCCGTTCGACCTCACGAGCCCAGGCGACCGCCTCCAGACCGGTCGAGATTCGACCGCCGTTGATATGCACTTCCCAGACTTCACGGCCGTCCCGCTGGACTCGTTTCGGGTCGATGTTGACGACGATGCACTGACTGCCAAACCGCCGCGCGGCCGCTCGAACGAAATCGGGGTCGCGAACCGCCGCCGAGTTGATCGAGACCTTATCGGCTCCCGCCTTGAGCAACGCGCGGATGTCTTCCAGGTTGCGAATTCCGCCCCCCACCGTCACCGGCATGAAGCAGACCTCGGCCGTCCGGCTGACGACATCCCAGATGATCTCACGCCCTTGGTGGCTCGCCGTGATATCGAGGAAGACCAACTCGTCGGCCCCCTCCAACTCATAACGGCTTGCCACTTCGACCGGGTCGCCGGCGTCGCGCAAGTTGACGAAGTTGGTTCCTTTGACCACGCGGCCTTCATTCACGTCGAGGCAGGGGATGATCCGCTTGGCCAGCATTCGCAGGTCCGGTCTCGAGGGCGATCGTTGTGATTGGAACGTGTTCGAGGTCGAGTGTCAGAATCTGAAACGGAGTCGATTTTGTTGGGAAGGTAGCGTCTGCCCAGTTCTCACCTTAAAGGAGGATCGGCAGGGCCGATCCTCCGGCTGAGTCGCGACCAACTGTCGAATCTGTTCCGACCGACTCGCTCTCACTCCATCCAAGGAATTCAAGACAATATTGTATCCCAGAGAAAGTGGCGATCCTAGGGGGGAGGATCACGCGTCTTTTTCGAAAAGGCTGCGCTGTTAAATCGGATGATGCCGATTGGATCGGCGTGAGACCGTTTGAAACCGCTCTTATTCAATGATTCGAGGGCAGGGGGGCAGCGAATTCAAGAACGTTCGGCCATATGGCTTGGTGAGCACGCGGGGATCGAGAATCACGACGATTCCCCGGTCCGTTTTCGACCGGATCAGTCGGCCGAAGCCTTGCTTGAGCTTGATGACCGCTTCAGGAATTTGATAGTCGTTGAACGGGTTGCCGCCGTTTCGGCGAATCGATTCCAGACGCGCTTCGAGTAAGGGGTGGCTTGGGACGCTGAATGGGAGCCGGACAATGATCACGTTCGAGAGCGCTTCGCCGGGAACGTCGACCCCTTGCCAGAAGCTATCGGCGCCGAAGATCACGCTGTCGACGTCCGCCTTGAAGGCCTCGACCATTTTGGAGCGGGGCATGCCCTCGCTCTGGGCGATCAGGGTGATGTTCTGCTTCGCGAACCAAGGCGTGAGCGTCCTGACCGCCGCGTCGAGCATCTTGTAAGAGGTGAAGAGAACGAAGGCCTTTCCTTGGGTCTTCTCCAGGTAGTGGGGGATCGCCTGGATCGCCTCACGTTCAAACTCCGCGCTCCGTTCAGAGGGATCGGGTAAATTCCTTTTCAGGTGGATGGCGACCTGTTTCGGAAAATCAAAAGGGCTGCCAAGCTGGAGGCTCTCCCCCTGGGTCAGGCCGAGCCGCGTCTTGCAGAAGTCGAAGCGCGGGGGGGAGCCGACGCTGAGCGTGGCCGACGCCAGGATGCAGGTTGGAACGCGATCGAACAGAGCGCGACGGAGGGTGGCTCCGACGT
NZ_CP155447.1_gap96	3718694	3719693	999	CTCCGGCATGGTGGAACGGCGTCTCGAGCATGGGGGCCGCGGTCGTCCCAGCCACGTGTACGAGGCGAGCGTCGAGGCTCACAAGCGGCTGGGGCAGAATTATGCCGACCTGGCCGTGGTGCTCTGGGATGAGATGATGCGGACGGTCGAAGACCGAAAGCTTCGTCGCTTCTTATTCGGCCGAATTACTGAGCGACTGGCCGAGCTCTACCGAACACAGGTCACCGGAGAAGGATGGGAGGGCCGGCTCGTCCAGCTGGGCACGATCCTCCACGACCGGGGGATCGAAACCGAGGTCACGCTGGCGGAAGGGGGGCAGAATTCGGTGCTGAAACAGCACTCTTGCCCCTACTATGAGCTGGCCGCAGTGGATCGGGCTGTCTGCGCCATGGAGCGCAAGATGTTCGAGAAGATCGTGGGTCGAGGGCTTCGCCTGAGCCAATGCCGGCTCGACGGCCATCGTTCGTGCGACTTCGAGGCGAAGCCCGAGATTCTGGCGGCGGCGGCGCAAGCCCTCTGATCAAATTAACGAATCAACCGGTTTTCAGCGAACGAGACGAGATGACCGGACCAGCGGGAGGGGCACCTCGAGCCGGTCCCAACAGGGCAGGAGCGTAATGAGCAAGGTTCTTCAGATCAGCAACCTTCACGTCGCGATCGACGGCAAGGAGATCCTCAAGGGGGTCGACCTCACGATCCGCCAGGGCGAAGTGCATGCCTTGATGGGACCGAACGGTTCAGGTAAGAGCACCTTGAGCTACGCCCTGATGGGTCATCCGAACTACGAGGTGACGGAGGGGACTGCGACGCTCGACGGCCAGGACATCCTCGAGATGGAGGCTGACGAGCGGGCCAAGGCCGGCCTCTTTCTCGCCTTCCAGTATCCGACGTCGATCCCCGGCGTCACTGTGGCCAACTTCCTTCGCCACGCGGTCAGCAACGTCCGGAACCCCGACCGCAAGGAGGGGGAGGAACTGATCTCGATGCGTGAGTTCCGCA
NZ_CP155447.1_gap97	3721059	3722277	1218	ACGGCAACCTCGGCAGTCGCCTGACGATGAAGTACCCGGCCGTCTACATGATGGGCAAGGGAGCGAGAGGTGAGATCCTCTCGATCGCATTCGCCGGCAAGGGGCAGCATCAGGACGCCGGTGGTAAGGTCGTCCATGGCGCTCCTTACACGAGCTCGCGGATCATCTCCAAGAGCATCAGCAAGAACGGTGGCCGAGCCAGCTACCGTGGTCTCCTCAAAGTGATCAACGGCGCGAAAGGCTCGAAGTCGAACGTCGTCTGCGACGCCTTGATTCTTGATCCCCAGAGCCGCTCCGACACCTACCCGTACATCGAGATCGACGAGGACGACGTCAAGATCGGCCACGAGGCCAGCGTCTCCAAGATCGGCGAGGAACAGCTCTTCTACCTCAAGAGCCGAGGCCTTAGCGAAGCCGAAGCATCGACTCTGATCGTCAGCGGGTTCATCGAGCCGCTCGTCAAAGAGCTGCCGATGGAGTACGCCGTCGAGATGAACAAGCTCATCCAGCTTCAAATGGAAGGGTCGGTCGGTTAATCACCGTGTGAGTGTCGGGCTCTCGACGACCAAGGACCGCCGATGACATCGTTTCATCGAGCGGTCCGACTGTCGTCGGGTGACCGGGGCAAACGCAGCATGCCCTGGACTCAGTAGCCGTAGCTTGCCGGGGCACGCTGCGCCCTGCCTCGAACCTTCGTCCGAGATCCACCCTTACGATGAGCAGCGCATCCGCAACCAGCCCATCCCTCGCCACGGGCGGATTCACCGAAGCCGCTTTCGAGGCGTTCCTGAAACAACGCGACGAGCCAAAATGGCTTCAGGATCGCCGACGCGAAGCGTTTGAGTTCTTCCGCTCGACCCCGCTTCCCTCCTCGCGCGACGAGGAATGGCGGCGAACCGATATTCGATCGCTCAAGCTCGATGCGTTCGCTCCGCCGGCACTCCAAGAGCCGAGTGCGGAGGCCCGTGCCGCGATCGATCCCGTGTGGCAGACGCTGAGCACCCACTACGCGACCGGGATCGAACAGGTCAACGCGTACGTCACGCGCAGGCCTGATCCCGCGAAGCTGGGAGGGGCGATCCTGTTGGATCTGGCCCAGGCGGTCAAAGACCATCCGGACTTGCTCAAGCGTTGGCTTCTGACCGACGTCGTCTCGCACCGCGAAGACGCCTTTTCTGCGTTGCACGCGGCGTTTTGGACCGGCGGCACCCTGCTTTA
NZ_CP155447.1_gap98	3732296	3733130	834	ATCTTGAAAGACGAGCGATATCTTGACGCGGCAAGCAAGGCGGCTGCGTTCTTGCTCGACCGGATGCGGACGTCCGATGGCCGCTTGCTCCACGCGTTCAAGGATGGTCGCGCTCGGTTCAACGGATATCTCGACGACTACAGCAACCTGATCGATGGACTCACTCGGCTCTACGAGGTTTCCGGCGAGCCGCGGTGGATCGACGCCGCCCTGGAACTCGCCACGGTCATGATCGACGAGTTCCATGACGCCGACGGGGGAGCTTTCTTCTATACCGGTCGAGGCCACGAGGTTTTGATCGCCCGACAGAAGGACTTCCAGGACAATGCCACCCCGTCGGGGAATGCGATGGCCGCGACGGCTCTCCTTCGCCTGGGGGCGCTAACCGGGCGTGAGCAGTTCCAAACGCTGGGCCGATCGACCCTGGAAGCCGTTCAGGCCTATCTCGACCGGGCCCCCATGGCCATGGGCCAGAGTCTCGTCGCCCTCGATTTCGAACTCGCCTCATCCCGCGAGTTCGCCGTGATCGCCGGCCCCGATCCGGTCGAATTTCGCGGTGTGATGGAGGCGATTTATACGCCCTTCCTCCCTCATAAGGTCGTCGCGCCCATGCGGGCCGAGAACGCGACGGTCCTGGCCGAAACCTTGCCACTGCTGGCGAATCGACCGACCCAAGATGATCGAACGACGACCTACATTTGCGAGCGATTTTCTTGCCGGACGCCTGTCGTCGGTGTTGAGGGAGTGAAAGCCGCACTCGCCTGATCGGTCCGAAGAACCGCAATGGTGCATCCGGCTCATTTTTTTTTGACGGCGAAGGGCGGAGCGGTGAAG
NZ_CP155447.1_gap99	3735116	3737959	2843	TGATGAGGCGCTTCACCGAGCTGGAGTCTCGCTCGGCGACTTGCAGGCGATTGCCGTCTCAACTCGTCCTGGCCTGGTCGGCTCGCTGGTCGTCGGGCTTACCGCGGCCAAGACGCTCGCGATGGCGCTCGATATCCCGCTCGTTGCGTTCGATCATCTCGAGGCTCACCTCTACGCTTGCCAGCTTGCGAATCCCGAGACCCATGTTTATCCGTGCCTGGGGTTGGTCGTCTCGGGCGGGCACACAAGCCTCTTCGCGTGTCGAGGGCCCATCGAGGCTGAACTACTGGGAGGCACGATCGACGACGCGGCCGGGGAAGCGTTCGATAAGGTGGCCAACCTCCTTGGACTCGGCTATCCGGGCGGTCCCGTTGTGGAACGCGCCGCGGCTGCCGGAAATCGCTCAGCCTATGCGTTTCCGAGGTCGTTTCTCCACGACGATCGGCTGGCGTTCAGCTTTTCCGGCTTAAAGACGGCCGTGCTCTATGCCATTCGCGGTCAAGACGCCCGCACAGGGATCAGCCTCGACGACCCTCGCCAGGTGGCCGACATCGCCGCGAGTTTTCAGGAGGCCGTCGTCGATATCTTGGTGGCCAAGACCCGTCAGGCGCTGAAACGCACGGGCTTACGTCGACTTGGGATCGGAGGGGGGGTCGCCGCCAACGCACGGTTTCGCGAACGGATTGGAGCGATGGCGGCCGAGCATGGCATCGACCTCTTCATTCCCCCACTTTCGATGTGTACCGACAACGCCGCGATGGGGGGGATTGCCCTGGCCAAGCTGGCCGCGGGGCAAGTGGCCGACCTCGACATCGATGTGACCGCGGGTTTGATCCGGCCCAAGAACAAGAAGTGACGTCAACTGGTATCCCGTCCCGAAGCGAAAAAGGCCCCGGCTTCGTGGGTGAAGCCGGGGCCTTCGGTTTCCGTTCTTTCGGGAAAAGGGGTCCCGCCAATGGAGTCGATCCGGTCTCAAATCAACCGGGGGGCCTCGTTCTCATCGAGGGCAGGGAGGATGAACCGCCCCGGAACGCCCGTTGCTGCTCATCGAGTTGATGCCGGCGATCGAGGGCCCGAGTCTGCGAGTCGGGGATCGTCGCGTTCATCTTGGTTCGGTCGAGAGCCGCAGGGTTTCGCCTGATATCCATCATGGGAAGGTTCCCCGTTGAGTTACCGCATCATGCGTTGAAGAATGAGGTTCCTTTCCTCTCTCTTGCTTTTCTTACGTACGTCAGGCCCGTCCGGGACCACGACTTGTCTTTTTTTTTTGACGCACCATCTCGTGAACAATAACTTCGGGGGGCGAATGCCCCCAGCGATCGATCTGAGATGACGATGACGATGCGTATCGACGCGGTATGGGACGGTATCGAGGCTATCGTCCTCGACGCCGTTGGAACCTTAATCGAACCCTTTCCGACCGTGGCCGAGGTCTACGCCGCCGCGGCCCATCGGCAAGGAATCGGGCTCGACCGCGAGGTTGTGCGGAACCGTTTCGCTCAATCTCTGCGCGACGACGAATCCGAAGAAAATCTCCAGGCGCTCGTGACGGACGAACCCACCGAGTTGAGCCGCTGGCGGCAAATTGTGTCGTCAGTCCTCCCCGAACTCCCCGAGCCCGATCGAGCTTTTGAAGAACTTTGGGACCACTTCGGCCGCCCTGACTCGTGGCGCTCCTTTCACGACGTCGGACCTTCGTTGACCCAACTCAGCGACCGTGGCATACCGATCGCGATTGCCTCAAATTTTGATGGCCGGCTTCGCACGGTGCTGGCCGGTCTCCCCGAGTTGTCGACCCTTGATCCACGGCTCGTGATTTCATCGGAAGTCGGTTACAGAAAACCTCATCCGGCATTCTATCGGGCGGTTTGCGATTGCCTTGGACTGGTGCCGGAGGCCCTCATGATGGTTGGCGACGACCCGGTGAATGATGTCCTGGGCGCCTGTCGCGCGGGCCTTCGAGGGGTCTGGCTGGATCGTCGGGGCCGAGGCGGTCGGACGGACCTGCTGGGGGTGAATCATCTCGCCTTTTTGGTCTCGCTCCGAGGGGACTGATTTGGCATGTTTGTTGGTCAAAGTTAAGGAAAGGGGGATATCATGCCGATGAATTGCGGTGGCAGACGACTCGGCTTGTCCGAGTCGGCGACTTGGATTACGATCCCCAGGGACCGCCTGACCGATCGCCAGTCGTTCGATTGACTCGCCGGACGCGGGCAACGCTCCTGTCTTTCCGGTTCCCGTCTATTCCTTTCAAGGAAGAAGGAAGTCGCACGTGGTCGCAACAGTGGAACAACTCGCGGCCTTGGTACGGGGCCGCCTCGTGGGTGATGGCAGCGTTTCGATCCACTCCGCGCGACCTGTCGGGGAGGCGGGTCCAGGGGATATTACGTTCATCGAGAACGAGCGGTACGCGAAGATGCTCCGCACGTCTCCCGCCTCGGCGGCGATCGTCGGGCCCCACTTTAAAACTCCAGCCCGGGAACCCAACCTCCCTGTGATCGAGGTTGAAGATCCGATGGCTGCCTTTCTCATGGTTCGCAGCCATCTCGGTTTGGCCGAGAAACCGCGCTGGTCGGGGGTCCATCCCCAGGCCTGGGTAGCACCAACGGCCGTCATCGGCAAGGACGTGGCGATCTATCCGTTCGCTTACGTCGGTGATGAGGCGGTGATCTGTGATGGTGCCACCTTGTATCCAGGGGTGGTGGTCGGCGATCGCTGTCATGTCGGCAAAGACACGGTGATCCATCCGAACGCCGTACTCTATCGCGACGTCAGTCTGGGAGATCGCGTCGAAGTCCATGCCGGCACCGTCCTCGGCGGCGACGGCTTTGGCTATCGCATGG
NZ_CP155447.1_gap100	3826874	3829743	2869	TAGGTTAAGACGGAGGGTCGCGACGCTTTGTTTCTATCGCGATTACCTCGAAATTCAGAGTTCCTGAGGGTCTTATCGGCCGATGCGACAAGAATTTCCTTCGAGAATCTTGCTAGGCCGGCGGAAGGGTGCCATTCGAAAACTCGATCAGATGGCGGAGTTCCTCCAGGTCGTCGGACTCCAGGCTCAGGAGCCGTGAGGCAAGCCCGTTGATCAAGTCAAAAAACTGCCGGAGCGAAGTAATCCGCCCTTCAAGCTCCCGGAGCTGGGGATCGAGCCGGATTGTGGCGACGCTTCGCTCGAGAACGACGAGTGTCGGATCAAGCTCCCTGCGCTTTCGCTCGCTGAGAATTCGGCGAAACAAGGTCCAGACGTCGGTCTCAGCCCGATAGAACTCGCGCCTCTGACCCTGGCGATGGACCTTGTGAACGACACCCCAGGCCATCAGCTCCCTCAGGTTCATGCTGACGTTGCCTCGGGAAACTTGCAGCCGCTCGCGGAGCCCGTCCGCAGTCCAGTCGGTGCCGGTAATGTAGAGGAGCGCAAAGAGCTCCCCCATGGTCGCGTTGATTCCCCAGGAGCGGGCCATCATCCCCCAGTGCTCGACGAACTGACGCACCACGTCGTCAGATCGAGATTCGACGCCGGACCCGATCCCAACGTCGGCTCGGTCCGCCGGGTCTTCCTCCGATTCGCGCTTCCCCATTGCCATGACCTCGGGAGATGTGAAAGACGGGAATTCTTCTTCTCGGTCCCCCCTGAGTTCCCTCGGGAGAAACTGAAAAAAAATACTGCGCAGTAACTCGTCTCGTCTTTCCGGACCGAGCCGGTTTGCGTGCCCCGCTCGGCGGACCCCATTCCTGTGATCGTTCTGTTCCGGTGACGGGTCGCACCCTGTCATTCCCCCCGACCCGCCTAATTTGCGATCTCGATCATGTCGTGAAGAAAATGTTCTAAAAGCCTGCGCCGTTTTCGGGTACAATAAGGGAGCATGCCCCAACGCGCGAGAATCGAGATGCAGCCGCCGCGGGGCTTGACTCCATCCCTTGCTGCATGGTTTCTTCGATCCCATCGAGCAGAGGAGCCTAATCCATGCCAGAAACCGTGGTTCATTTCCAGATCCGAATGCCCCCCGTCTTGCACGAGCAACTGGCGAGTTGGGCGAAAGAGGACAAGGCGTCATTGAATGCCCTGATTGTCGGCATTCTCGAGAAGGCCATCGAGCAGCACGAGGCGAAGACCGCAACCAAAGAATAGTCAATCAGCTCGTCGTGACGAAGAGTTTGTTTCCTTCAAGCTCATCGAAGCGTCGAAGCCCTGATTCGCGAAGTGGGTGAATCTTTGTTTCCTCCTTCTTTATTTTCTTCCCGTTCGTGAGACTCGAAAGATTTGCCCTTGAGCCGGGCCGCTCGGCTCGATATGCTCAGTGGGCCGATTCCCCGATAGCTCAATCGGTAGAGCGAGCGGCTGTTAACCGCTAGGTTCTAGGTTCGAGTCCTAGTCGGGGAGTTCTTGGAAGGCTTGACCTAAGCCCATGAAGCCAAAGGGGTTACACTGGAAACGGTGTAACCCCTTTCTTCGTTTCCAGGCCGAAAGGGGAGCGCAAGGGCGAACGTAGGGAGGCGAGTGGGAGCATTGAGGGGCAGGAAGGGGCACCGAAGGGGTTGCGGCAGTCCCACTCAAGGGGCCTTGGGGCGGGCGTCCCAGAGTTTGATCGAGTTGTCGTCGCTGGCCGTCACGAAGGTCGCGCCATCGGGTGAGAAGGCGATCGACTCAATTCGGTTGTGATGCCCCTGATACGACCTCAACTCGCGGCCTGAGGAGACGTCCCAGAGCTTCAAGGACTGGTCGCGATAGCCAGCCACCACGGTTGAGCTGTCAGGTGAGAAGGCGAGGAGCATCAGAAAGGTCTGGCCGCCGAGATGCGGAGGGCGGGCGCGGCGTGTGGCTAGGTCCCAGATGAACATCGTGCTGCCACGATTGCCCGTTGAAAGAAGCTTGCCGTCTGGTGAGAACGCGGGTGGGCTGGCGGAGTCAACCTGATCGATCAAGACGGGCTTCTCGAGACCTGTCGCCAGGTCCCAGAGCCGGACCCCACCGGTCGTGAACCGGCCATTGTCGAACGTCTGGCTGACGCCGGTTGCCATCGTCGTCCCATCGGGCGAGACACGGAGGTAGCCGAGCGGGCGGTCGGTGAAGCTCTCGTCGTCGGGGGTCGTCGCCATGAAGGACGTTCGAAGCTTGCGTCCCGGCATGTCCCAGAGTGTCACTCGGCCCCGGGAGCTGGCTGCGATCAGGGTCTTGCCGTTGGGGGTGAATGCAAGCCGATCGACAGCCCGTTGACGTTCGTCCTGAGCTTCGTTCTTGGGAATGACCAGCTCGTCCTGTGCCTTCCACGAGGCAGCATCCCAGAGGAGTAGGCGTCCTTGAAAGTCGCCGCCAATGAGGGTTGCACCGTCGGGGGAGAAGGCAAGTTGGCTGATGGACGAACTTTCATCCGTCAGGGTTCCCAGTTCCCGGCCATCGGACGTGTCGAATAGCCGCACGGTCCGCTCGGTCCGCTCGGGATGGTCCCGGGACGAATACAATGGCACCGTGACGATGGCCAGGTGCTTGCTGTCCGGGCTTAATCTGAAGGTCTCCGCACCGAAGGTCTTGCCGCCCAGGATCGCGCGCACCTGGTGTGTCACCGGATCCCAGAGCCGCACGGTCCGATCCCTGGAGAGGCTCACCAGCGTGCGACCGTCCCCGCTGAACTCGGCCTTGCGTACCATGTCGGTGTGGCCGTTGAGGCTAGCCAGCTCGTCCCCCTGGGGCGGGGCCTTGTAGACCTCGAGCTGGCCGCTGCCATCCCGAATGTCGTAGTAGC
NZ_CP155447.1_gap101	3835132	3837865	2733	CCGCAGGCATGTCCGAACGTCGTCCAATCCAGCGGTGAATGAATGTAACCGGTCAGCCATGCAAAAGGAATGAGATTCCAGTGAACATGGTCTGGATCGTGCGCAAGTCTCTTGGACGACCGTGATGATTTGGCCTGCGACATCGCCCCCGGGCCGTCCGCACCGCCGATGGCGCGGCTGGCGAAGTTGGCCAGCGCGAGATGCTCGATCGACAATACCTTACCAGGAGGCTCCTTGTTATCTCGGGCTGGAGAGCACACGAGTCTGGTGTAGGTGGACGGCCCTTAGCTGTTCGAGGTATAGACGATACCCACCTTCCCTTATACTACACTGCTCGGGATTTCATAGCATTCGAGCTGGCCGATTCTCGTCTCATACCGTAGGCGACGTACCACCGGCTTCGCCACGATCCCGTAAGATCAGTCGGCGGAGATGATCAACCGAAGGTGGCAACTGGTCGGCGCCCCCGCCGCCGTACCCCGCCTGCCCGTCGGCTCCCCACACGATGCTGGGCTCCAGGTCGGGATCGACTTGGACCCCGGCCTCGAGGGGAGTGAGAATATCGTTTGCGCGATCATAAGGCAGGCCCTGCTTATGCCTCACTCTCACTTTCCCTGGTAGATTGACAACTTGGTTGACTTGCGGGCATCCCTTGAGGCAGCAAGAGGAAACGGGAGCAGGGCGATCAGGGGACTGGCTTCGAGGTCACCCGGTGAGCGGCCTGACTCGTCTTCCCGGTAATCTGGGGACTCGTCTCTCAAAAAAGATAACGCCTCAACATGGGCCCTCCTCCCGTGGTTCCTTGAGAGAGGGTTCCACAACGTTGTGAACCCTGTTAGAAATCGTGTTCATCTTCTGGGAGTGTATTGTCTCTTAGGTAAGCGATGGAGACAAGAAATGAGGGGGTGTTACGGGTTATACGGCGATTGGTATAACGCCCTTGCGAGGAAGGCGATTGCACGGTTTTTTCACGCGATGGGATGGGTCGTGATGCTTGCGGGGATGGTTGCCGTGTTGAGGTTCAGTCTGGCTCAAATGTGCGAGGACCAGGAGTCTTCGACATACTTGAAGGGGGAGCCGGCCGCTCAACTCAGCAAAGAATCGCATGGTACGAGAATTTGTAAACTCGCCTTCTCTCCGGAAGGAAGTCGCCTGGCGGTTTCCACGATCGCGGGTGGGCTTGGTTTAACGAACCTGGCGACGGGCAAGTCTCAAACGCTTCAAGAGGGGCCAGTGGGTTCCGTTCGGCAGCTCGTATTTTCGCCGATCGGCAGTAGCCTCGCCTTCGTGGGCAAGGATGCCCTCGTCCGAAGCTGGAATTGGGAAACCGGTGTCTTGTCCGGCTCCAGCGAACTCGACACTGAAGCGTTTCGGAGTCTTGCCATATCCAGGGACGGTCGATTGATTGCGGTGGGTACGTTCTGTGGTCGCATCGTGATTTGGGATCAGATTGACGCCCAGCCGTTGACTTGGTTTGGCCAACTCCGCCCCGTAAACAACGTGGCGTTCTCGCCAAACGGCCGTGTTTTAGCGGCGGCCGACTCGCTGGGCGCTCTGACCATGTGGGATCTGGCCTCGGGGCAAACTCTCGCCTCGGTGCAAACTCCACTGGCGGCGGTTGTGGCGATGGAGTTCTCTCCCGACGGTTCACGGATCTCGACACTTTCGTATCAAGAGCGGATCGTACGGGTGTGGGATGCCAAAAGTGGGGCTTTTTTGTGCTCCTTACCGACGGTTGCGGTTCCGTGTGAGATCAATGCGATCGCTTACTCGCCAAACGGGCTCATGGTTGCGGTGGCGCGGGCGGATGGGGTGGCCGAGTTGCTCGACGCGACCTCAGGCCGTGTCATCAGTTCGGTTCGCAAGGGACGGTCGCTCACTGCGGTGGCCTTCTCACCTGACGGCACTCAGCTTGCAACCGGCGACTCCGAAGGCATGGCCAGGCTCTGGGATTTGAATAAGTGGCTTGGAGTCAACGTCGCTCGGACCACACTGCAGCCGCTTGGTGAACCACAGGCCCGTTTTGTGGGCGAGATATCCTCCCCTCGTCGTACGCAAGGAGTGAGCACGGGCTTGGGGACTCAATGAGCCTCGGTACGATCTGCCCAGAGCCATGCTCGGCATCCCGTTGGTCGATCCTCGTTCCACGTTCTCATGGGAAAGTTGCCAGCGGGCCAACTCCTCTTGCAAACGAGCCCGAGGTCGCTAGAATCATGCGGTAGGTTCAACCACCGGAGTGGGTCAGGAACTTTCCAACCCACCTCTTCGGTCGGTTCGGGTCAAGCTAGGTCGTCTCTTGTCTTGGATTTTTCCGGTGCCAAAGAGACATGGACCTTGCCGAATCGTCCTTGAGGAACGAAGGTGCTTGGGACCTGGAGATGATGCGCCGGTCGCTGACGCTCGCTCATGAGGCGATGTCGCTCGGTGAGGTTCCGGTCGGAGCGATTGTGGCAAGGGAAGGGCATATCCTTTCCCAAGCCTTCAATTTACGCGAGACTCTGAACGATCCGACAGCGCATGCGGAACGAATTGCTCTCACTTTAGCAGGACGCGCTCTGGGCACGTGGCGACTCGAAGGTTATACTCTCTTCGTCACACTCGAGCCGTGTCCAATGTGTGCGGGGGCGATTGTTCAGAGTCGAATTGCACGCGTTGTCTACGGGGCCAAAGACCCCAAAGCAGGCGCATGTGATAGCCTCTATCGACTTGTGACTGACCCTCGGCTTAATCACC
NZ_CP155447.1_gap102	3847363	3849846	2483	TCGTTGATTCCCACGCCGAGCGTGGGAACGAGTTTCTCCCGCGAATTTCGGCCTCTGGGGCAGACAGACGGCCCGGTTTCCTTGCGGCAGAATCGATTGAAAGGGCCTTTTGTTCGTGGATTTATGATGAATCGGGGGTGCGTTTTGCTTGGGCTTATTCAAGCGTCCATAGGATTTGATTTTATGAATCAACAGTCAAAATTGTACAATGGTTTTCAGGTCAAAATTTGTATAGTGGTGCTGATGGGATGCCTTTGGGGTGCGGGTTCGACCTCGGCGCAGGAAGCTGCGGAGGGCAGCCGGGTCCCGAATTTGACGGGACGGACTTCCGTCGAGGTTCGACAGCTCCTTCGACTTGCCGACTTGCAAGGGGTCAGTGGCGTCTTTTATCTGTCCCCCCTCCACCTGGAGAGAGGAGATCGATCCCGAAATGGTCTCCCTGCAGGCCCCACGGCCCGGAGTTGCTGTCGCCCGGGGCGGCCTGGTCGCGTATTGGAGATTTGCGAAAGCGGCCGAGGATCAGAAGCAGGTCAAGATTCCCGACCTGCGAGGTCTGGACTTCAAAAACGCCTCCAACCGAATCGACGAGTTGGAGCTGGCTCGATCTGTCGCCCCGGGGGAAAGGTCTATCGGCTGCGGAGGTCGTCGACCAGGTAGTCATCGATCAGTACCCCCGACCTGGGCAATCCGTCTTCGTCGGAACCTCGGTTGCACTCCAGTTCGCTCCGTCGAAGTCGAGCGAGTGAACCACCGGACCAATCCCGGCTGGGTGCTTCTCCGAATCTGGTGCCCCTTTTCTCTTGCGAGGGGGAGCAGGTGAGCGTTTCGCGTCAAATGAGCCGAGTTCTTGGGCGGAGAGACCACCAACGCATCCGCGTCTCACGAGCGAGCCGACCGGCTCGACGTCCCGCCGTCGGGGAAGCTCAACCGCGAACTGCTCGGCTCGTTCATCGCCCCGCCCAATCCTCATTTGAATTTTGCTTGGCCTTATCTTTGATGCGACCGGACTCCGATGATCCCGGCCCCCAGGTCTCACCGAGGCTTCCATGACCCGAGCCCGACCGCTTGTCTTGACTTGCCTGTCGCTCCCCCTGTTTGCGGCCCTCGTTGCTCCTACGGCCCTGTTCGCGCAGCCTGACCCGGCCAAGGCGGGTACCGGGCTCGCTCAAGCCGCGGCCAGTGAGGCGGGTTGGGCCGCCATGAACAGCACCACGGCCAAGGAGACGCTGGAGTTCCTCGTCCAGGTCAATGAACTTCGCAACGACCTTGAAATGATGAGGGCGTTGCTCCGCGAAGGCCGAGAGGAGGCTCAGGCGATCAAGGACAAGGCCGAGGCGGCGCGCCGCGACCCGACCAAACTTGTCTTGAAACTGGCCGACATGTTGGCGGCTCGATCCGACGCATTCCGCAAGCTCGTTGGATGGACCGACGCAATGCAGGCCCAGGTCGCCGAGTTGCGTCGGACGGCAAAGGATGCTGAGGCGTTGGTCAAGGAGGTGGAGGAGATCCAGCCCGAGGATGTCCGCGCGTTGAAACTCTTCGAGGAGATCGATGGACGCATCCTCCCCCTGATCGACTCGCTCCGCGACCCGGCCCAAGCCGCCCGTACCTTGATCGACGGTCAGATTCGTGAGGCCCTCAGCAAGCCATGGGCGGTCGGGGGCCTGGTCTTCCGGATCAAGTTGATGGATGAGCTTCAGGCTGTCTTCTCGCCCGAGGCGAATATCACGATCGTCATGGAGTATCTCAACGGAGACCTGCCGGACGTCGAGGCGAGTGGCCTTTACTTCGGTCGGGACGGGACGCCGAAGTTCGACCGCCTCAAGTTCTCGACCGACGCGAAAGCGATTGAGTCGGTCTTGATGAAGAAGGGGCTGTCGAAGCTCGGCGAAGCCATCGGAGATCTCGGGCTGCCGCTCACCTTCCGAAACCTCAAGACGATGGGCTTCGATCAGCCTGGCCCTGGCGGACGTCTTGGCGGCCTCCAGTTCGACCTGGATGTGAACCTCGCCATGGGGAGTCTGCCGCTTCCGCAACTCAAGCAGGACGGAATCCAGATCTTTAGCGACGGACACGTTCACCTCAAGGGGGCGACCACGCTCAAATATGAGTTGAAGCCGAATATTCCGATCCCGATCGCGACCACGGGCCTGGCGTTTCACAAGCATGCGGTGGAGATGTCGCTAAAGCCTGAGAAGGTCGCGATCTCGACAGTCCTCTCGGCCGCCGCTCCCGAAAGTGGCAATGCGATTGGCCTGGATGTGACGTGTCGGTTTGGTTTTCCGATCCGCAAGATTGAGTTTCAGGGGACGATGAGGACGGCCGGGGGCCTGAGCTTTGGCCGCGTTTATAACGGCGAATTGTCCGCGGAGCACATCCAGGGCGACCTGGAATTCCCCAGCGCCAACGACTCACCCATAATGACTGCGGTCACGCCGTTGGCAGTGCAGGGGCACTTCAAATTCGATAAGGATGGCCTGATC
NZ_CP155447.1_gap103	3874131	3878097	3966	TAGGCGGATTGTTCAGATTTCCTGTCTTACCCATTTTGGTGCCTGGCTGTCGACTCTACTTTATCAGTATTTTTTATGTGAGCGACCGTATCCAAAGCAAACGAGCAAACGGTCTCGGCTTCTTCTCAACTCCAGCACCCGGAGCAGCGTCAATCCAACATCGGGTTGCTTCGCTCCGGGCGATTTACAGTCAGTGGTCATTGGGCTGCGCTCAATGCGCTTCGGCGTGGTGTTCCTGAAGCAGGTTCGTTCCTTCCTCGCTCATGTGTTCTGACTGGCTGAGAGCATGCTCCATCGGTGTCTGATGTTCTCCCTCGGGGCGAAGTTCCGCCTTTTCCGCCGCGCGAGTATCGTGTCTCAGGTTGGCCTTCGCCTGTTCGGCAGTAACGACCGGTGCGATGGCTACGGAATCGGGCTTGGTTTGGCCGTTGGCCTCAAAGACATCCACTGGCACGCGTCCGCCCACCGAGAGCATGACGTTGGTCGGGGGAGGCGTAATCCCCGCTTGCTGCAAGGCCACCTTGACCTTCAGCTTGACGTCGCTCTGCAATTTATTGCCATCAATCCCTCGAACGGGCATCCAGTAGTAGGCGCGAAGTCGAACGCCACCAGGTTCCAGAGCTTCGAGCAAGGCACTCGCTGGCGGGTCGGAGAGAACCCCTTCTTGCTCGCGCAACGCCTTGGTCATAGCATCAATCGCCGTGGCGGTTGAGACTGTGTACGGGATCACCACGTCAAAATTGCCCCGCGAGCTTGGCGAGGCCGACGAGTTCACTAAAATTTCCTTATAAATAATATTGTTGGGAATCCGAATGTGCTTACCTTCAAGCGTGACCAACACCGTCGCCCTCGTGTTGAGCGACATCACCACCCCAGCCTTGTTGGCGACTTCGACGTAGTCACCAATCCGGAACGGCCTGCGCATGCCCAACAAGATCGAGGCGATGAAATTCTCGGCGATGTCTCGAAATGCGAAGCCAAGTGCCAGGCCGGCGACACCCGCCAGTCCCAGGATCGAGAGCACCGCCTGCGTCAGTTCGAGTACATTCAAACCGAGCAGAACTCCGCCGAGCATCAGGAATGAGCTCAAGAGCGACCCAACGACGGATCGAACCAGTATATTCTTAATGAACGGGGCGAGTAAGACTTCCGAATAACGGCCGAAGAGCCGCCCCACGACGAAGCCGCCCAAGGCGATCACGAGCGCAATGATGACCAGCAGCCACTCTCGTGCCACGGCCGTCCAGAGGTCCTTAAGCACCTTCTCGGCCAGTTCTGAAGCGGTCAAAACCTGGGCATCAGTCTTCATTCGGTTGAGGACCAGGCGCACGCCTTCGACTCGCCTCGTGAACAGCGTCACGTTTTCGCGAACCTCGGCATCCTCAACCTGCCCTTCAAGCGTCACCACGCCGTTCTTGACTGTCACCTGGGCCAGGCGAACTCCTGGATACTTCGGCAGCAATTCGATCAGGGTTTCCTGAACGGCATGGTCGACAGGTTTCTCCACGCTGATTGAGCCGGCCGCCGTGGCGACCGTCGCTTCAGGGTTATCGGGGGTCGGTGCGGCGGTCGGTCCCTCACCTTTCGTCGCGGGGCCTGTCGCAGCAGGCTTCGGGGTCGCGGATAACCCGGGAATCTGAGCCCAAACTCCTGTCGTGACCGACAGACTCAAGATCATCGTCAGAAGGAAATATTTCATCTCGACGCGTCGCGCCGTAGATCGTGTGCACTCCATTGGATCCCTTTCTCCATTCTCAACGGCGATTTCAAACAAAAACAAGAACTGGCCTAGAACCGCCGTGGTCACTCAGGACCCTCCGTGATCGGGGATGATGCAAGCGCATAGAATCAATCTTCCCGAAGGCGTTGGCCAAAATCCGAATTGGTTTGCGAAAATGCAAATTCCGGACCATTTAAGCATCGAAAACAGGTCAAAATTTCGAGCCATGACAGGTTGTCCATTGCCCGCGGAGCCAGGCGGAGCCAGGAAGCCAGGCACTCAAGCCGGGGAAACTGGGTAGCTTCGGTTGGCTTGTTACTCGCGCGGAGCCAGGCGCGCGGAGCCAGGAAGCCAGGCACTCAAGCCGGGGTGGAGCCAGAGGCGGAGCCAGGAAGCCAGGCACTCAAGCCGGGGAAACTGGGTAGCTTCGGTTGGCTTGTTACTCAAAGACCTCTATGAGTCTAAAAGTGTAATGATGATCATGTGTTTGCGAAAAGTTGGACTAGGGTGCGGGCCGGCTGGCTTTCTCCCGTACCACAGTTCAGGTCCCCTTGCGGACGTGAGATGTCGTCGGGGTGCCGGCGGCCTCAAGAAGTTTTCGGCGAGGAAGGGTGGGTTCGAGGCGGGTGATTGGTGAGGAGAACCGGCAAGAAGTTCAGCGGGCCGTGGCCAGAATTGTGGGGTGAGAAGGAGATGAAACGCGGAACGATGGGAAACGCCGCGAAGTGTTGGGGCAAGGACGCGGACGAACCAGACGCGAGGCAGGACGAGAGCGGCGGTGAAGACTCTCGAAGTTCTCCCGCCAGACCTCGCGGTCCAGGCCTAATCGGGCGAAGATGGATGCGGTATCGGCCGCCAGGCACTCCTTGCCGTTCCGCTCCAGTCGACTGGCGGCGTCGACGAGACGGAGGTAGCACGCCAAGGTGAAGCCGGAGACCAGGCCCACGCGGCCGGGTGACGATTCGCGCCGGTCGTTGACCGGAGCGAGCCAGAGTCCTTCCTCCTGGATGGGGTCATCGGATTGGGTCGAGAGATCGTCGCGGAGCGTGGCCGTGACTCCCAGGTCGCGAACGTGGTCGAGCCGAGCGCGGAGCGAAGTGTGCGACGCCATCTCGGGAGTCTCGGCGATACCGGCGGCAACAGGGTTCAGGTCAATGTAAGCGGCGACGGCCAAGAGGGCTTCGTCGTCGAGCACGGCGACGCTGCGAAACCGGCCCTCCCAGAAGGCTCCGGTGCAGCCGTCCTCGCGGTTGGCCCGCCGAGCCAGTGGTTCCTTCAAGCTCTTCATGAACCAGCCCAGGTCTCCCAGCCTGGCGCGGGTCCGGGCGACCCAGGAAGCGTCGGCGGCGCATTGGCGCACCCGTTCCTCGGCGATCGGCAAGGCCTGTCCCGAGAGATCGCGGAGCGGGTGCAAGGTCAGCCAGCGGCGCGCGACCTCCTCATCCGACCACGCTCGGGCTCGATCGGAATCGAGCCGGAGGAGCAGGTGGAGGTGATTGTCCATAACGGCAAATCCGCCGCAGTGGATGGCAAAGAGTTCGACAAGTTCACGTAGCCGCGCGATGATCCAGTCCCTGCGGTGGGCGCGGTCGTCGCCGCAGAGCCGGGCGCGTCGGACGCAACGTGAGATGCAGTGATACCACGGTGTGACGGCTTCGTCGACGAGTTGCGAGCGTGGGGTAGACATCGTGGAACCCTCCTCGGTTCCGGCGAATCTACGGAGGATGTGATCGGTTGTCCATAGTGATGCGGATAATCCACATGGCATGATTTTGTGGATCTATTAGGCCTCCCGTCTTACCGGGTCGAAGGTGCCTGGCCAGGTCTCTCCGCAAGGCCTCCCGTCTTACCGGGTCGAAGGTGCCTGGCCAGGTCTCTCCGCATGGCCAGGTCTCCCCGCAGAACTCGCATGTCATTTCGGTGGATATAAGCTGAAATATTTGATAACTCGGATCATTCTGACTTCGTCGCCGCCCAGTAGTCGGCCTTCATGCCTGGAATATCCGCGGCCGTCCAGACATGAATCTTCACGCCATCCTGAACGATCTGCGTCTGGGTCGCTAATTTCGGACGCAGGTAGGCCTCGAACACGGCGATATCCCAGACGGTGCGCTGGGCATCGTTCGGGGCGTAAGATTCCCACCGCTTGATGAGGTAATCGGGGACCCCGGGCCGGCCTTTGAAATGAGAATCCATCTCGGCCTTGGACCACTGGAATTTGCGGAGCGTTGTGTTCGGCATGACGT
NZ_CP155447.1_gap104	3883239	3886743	3504	TAAAGCTGATCCGCTCCACCGCCACCTTTTGCCGTTTCGCCGCCTCCATCATCACTAGACATGCCAAATTGTAAAGAATTGCATAAACTGCCAATTCCTTGAGGACGCCTTCCGTAGTCATGCATTTCAATACATCCATTTTCATAGTCTGCTTCAAGTGACGCAGATTCAGCTCAACTCGCCATCTCATTCCATAGAGTTTTGCTAGCGCCTCCAGCGGGTAAAGCTCGGCGTCCAGGAGCGTCGTCACCAGCGTCACAGACTTCGTCCGGAACCCCGGACGGCCCACATCATATCGCAATTCGCGGACCACCAACGTGTCCGGCAACGCCGCGTATTCCTCCGCCGTCATCCACTCAGGAGCATCCACGGGTTTGAACCATTCGACGACTTGATCGAGCATCCCAAGCCCTCGCAGCCAACGCGATCGGGGGAGCCCCTTCTGGGTGTTTTTTTCACCGAGATGAAAGTGCGGACGCCCCGGCGTGAAGTCGACGATCTGACGCTGATGCATGCGAAATACCGCGTGAACAAGCCGTCGGCTTAACATCGCAACATGAGCATAGGAACTGAGACCTCGGTCAACGACCATGATGTCGTCCGCTTGCAGCGTCGGATGGATTCCACCCACCTGCGACATGTCGTGAGTCCGTAACGGCGCTGCGACGACATCCAGAAGGAGGCCGGTGCCGGCGTGGAACAACGCCAGGATCTTGGCGACGGGAAACCCACATCCGGGCGACTGATTGCCGGGCTGACCGAACTTGGCCTGGAGCTCCGGAGTGTCGGGCATGGAGAACGACGAACCATCGACCAGCCAGGTGCGGTGGCCGCGCCACAGGCCTTGGGTTTGGGTGTCCGGAACCAACCCCTTGAGCAGGTTGCGGAGTACGGTCTGGAAGACCACCAAGGGCAAGAAACGACGCGCCTGACAGTAGGCCGTGGCGGTAAAGCTGCGACCGCTGAACAGCGAGATGTGGGTCAGGGCGGTGTTGCCATGGATGACCTGGATCACAAACCAGTGGAGAATCGCGGGTGGAGTGAGCACGCATTGCCGCCAGGTATGCCCCACGGAGCGACAGGCCTCGAAGATGGATTCGGGGGCGAGGTGGAGGGCAATGTCTTGTCGAATCTGCGTGACAATGGTATCAATCCGGTGATGCATCAGAGGGCCTCTTGTGCACGTTGCTGTCGTTAAGCAACTCCATCGTGCCAGGAGGCCCTTCTTTTCTCAACCTCTACAACCGCTTCGCCTTACCGTTGGCTTCATGCCATTCAGGAATGCCCACTTTGAATTTTCCCAGTGTGGCGAGCGTGGTCTGCATCGACAGAAATGGTCCATCGGCCCGCAGTTCGTTTCCAGGATCTGGACAAACCGCCAGTATTCCTGGCCGGGACGGGGCCACTTCCTACCCAGTCCGCCTGTCCTCGTTTTGACGGTTTCCCCCATGGCTGTCTTTGAAATCCCATTTACGGCAGAACCTTCGAGATTTCCCAGAGCTTAACAGTCGTATCATCGCTTCCAGACGCCAGCAACTTCCCATCGGGCGAGAACGCCAGCGATTTTACGCGATTTTTGTGCCCTGTAAGCGTTTTAAGTAAACGTCCCGTCGCGGCATCCCAGAGGATGATCGTCATATACTCGGCGCCGGACGCCAAGATTTTTCCATCAGGAGAGTATGCCACACACCAAACAAATCCCTTCTGTCGCACTTGGCTGCCGTCGAAGCTGGCAGTCGTCTTATGACCGATCAACCGAGTTCGGACCTGAGATTTTGCCAGGTCCCAGAGATCGACAATCCCGTCCGCTCCTCCAGACGCGAGGGTGGCACAATCGGGCGAAAAATCAAGGCTAAAGACCGCCCCTTGTCGACCATTCAACTGGAAGCTCTTTTTCGGTTCCTTGAGTTGCCACAACTTGATCGTGCCTTCAAAGCAGCCAGCACCGAGCCACGATCCGTCATGAGAAAAAGTGAGCGCACGGGCTCCGCCCTGACAATCTTCCAGCCTCTCTCGGAATTCTCCCGTGGACGCATTCCAAAGCCTGACGGTCTCATCGCCGCTCGCAGACGCCAAGGTCTTCCCATCTCGGGTATATTTTACGGAATGGATCCAGGACTTATGCCCTTTGAGGACATGTTTGACCGTTTTTGCCCCAAAGTCCCACAGCCTCACCTTTGAATCCAAGTATCCCACGGCCAAGAACCTACCGTCGCGGGAAAAATCAAGAGAATCAGCAGAGTTGTCGTCTTGAATTGATGGCTCTAAGGTTAAATCCGCAATGTGTTTCCTCGATTTTGCATTCCAGACCTTAACCTCGGCGGCCCCATCGCCCGAAGCCAGAAGTTGACCATCAAGGGAAAAAGCCAAGCATTTCACTCCCCCCCGATGACCCACTAATTGGTTAGGTCCCTGAATCTCGTCAGCATGCGCGAAGCCGCAACCAAGTCGAAGCCACAAGCTGATTAACACAATGCCGCAATTTCGCATGATTATTCTTTCCTGTTGGTTAGCGAAGCTTGCCTGGGTAACCCTGCGGGAATTGCCCAAGTAGTATCCAAAATTCCTTCGGGGGAACTTCAGGCGGACCATCAGGGACCATCAGTAGCCATGCACTTCAATTGGGAAATCTGAGGAATTTAGCAAAACTGTAAACCTGTCCGGTAGTCTTAGTGCTTGGCCAAGTCTCCTGGTTTACCCAATTTAGGTGTATGGCCACCGACTGGCCCGCCTGCCATTTGCTGTTCGGTCAGCGCGCCCTTGACCCTCACCAGCTCCACGGCTATCCGGTCGAGCCGGGCGATAGCCTGTCGGATCGTGGCGTCTTGCTCTTGGCAGTCTTCCAAACTGTACTCCGGAATCTGCTCAAGGGGTTGGTCCCTGACACCAAACCCGAGGACTCTTGCGCGGCCACCGCACCTGGTTGGTCGACGGCACTTCGTTCCCCATGCCTGACAACCCCGAACTCCAGGCTAAGTTCGGCCAGCCGGGCAACCAAACGCCCGGACCATCGGTGGCCATGCACTTCAAATGGGAAATCTGGGGGATTTGGCGAAACTGCAAACGTGTCCTCGAGTCTCGGCAGCCTGCTCAAGCCTCCTGGTTTGTCCAATTTGGGTGCATGGCCACCGACTGCGACTCGTACATCTCAGCGCGAGCGACAAAAGTTTCGTTGAGCGGGCGAGCCTCAGCGACAATCTGTTGCTGGAAGTTCGCAAGAAGCGGATCATCGGGAGGCACGCAATTCGAGGGCGCACGACAACTGGCTTGGATGAAAACATCGTCCGATTTCCAAAGGTAGAGCAAAATTCCCCATCGCTTTGCCATCAAAGGCTCGTTCGATGAGGGCGTCCGAGGCGTTCTCGATGTCGGGCATGTTTTGAGACGAGAATCGCAATCCACCCTCCTTCGTTTCATCGCTTCCAAGCCCATCAGTGGCCATGCACTTCAATTGGGAAATTTGAGGAATTTAGCAAAACTACAAACCTTTCCGGTAGTCTTGGT
NZ_CP155447.1_gap105	3887791	3889112	1321	GTTGCTGGAAGTTCGCAAGATACTCACGCTGCGTCGCGACCTGCTTCGCGGTCTCCTGGATTATCGCTTCGGTCTGGTTGGCTGGGCCTGGGCCGGTAACAGCTAGGACGCCAGCGGTGAACAGTTCACGGACATATTTGCCAGCCCGATTGAAGAATCCAGAGACCTTGTCCTTGGCTGCACCGAGCAGAGCCTTTGGGGTAATGTCGTCGAGCAACGTCTCAGCCGATGCCCGAAACCACCCTTTCCCCTCGGTGACGATAGCCTCCAGGACTTCCCGTCGCCCCTGGTCGCTGAGGCTGCCGTCAACCCACACCGAAGCGTGGCCGGTGGAGTTGAGGGCGGCCACAAGAATGGTTTGGGCGGTAGGCGCAGAAGCAGCCCGCTTGAGCGCAAGGTAGCCCGCGACAGCTGAAAGGGTGTTTTTGACGACCGCGATTTGGTCGGATGTCATATTTCGATGGGGGCGGGTTGCTGCCGTGCGGCTTACCAGTTGTTGGGATCTTCGAACCGGCGGCTCAGTCTTGCGAATTCGCCTGTCTCAATAATCTCGGGAGTGCATCGCCTGATCGTTTTCAGGAAAAGAGTTAAGAGGAATAATATGTCTTGATCGCAGGGCGAGTCGTTGGCCAGCATTACAACAGCGTCCACGAATCGCCTACCGCGATGGCAAATTCGGTCTTTTGGTAGCGACGCCAATAGTTGGTCGGCCTGTTCCTTGTTCACGATTCGACCGGCTGTCAGTAGGGGAGGTCCCGCTGGTTCGATCGGCGTGTTATGAAAGGCGGTTACGGAGGAGCGAAACAGAAGAAGCATATCAAGTGGAGTATCACCAATGAGGAGACCCGCTCCAGTATCGCGAGCGACAAAGTCCATGAATCCAAGATGAACAGAACCCGTGGCACCAATCTCCAGGTCTTCCGTTCGCGTGTCCATGTAGGAGTAAGCTTCTTCAATATTCAGATAATCCACACGATACACTCCTTGTCATAATATCGATTTGAAATTAAACAGAAGGAATTGTCCCGAAATCAATGGATGTGGTCGAATATTAAGGCTCGCTCCAATCCTAATGTCTTCTGTTTGGCTACCGAATGCTATCGCGATCGTATTGACACCTTGATTAGGTTGTCGCCCAGTGTAGACTCGCCACCCACCGGTTACTACTCCAAAGAACTCGTTTACGACGGGGCCGTTCCCAGGGAATGCTCGACCTCTCTGGTCAATCAACTTCATCCCATCGTTCCAAGTTCGTTCTGTTTCAGCGATGCTTGCACCATTTGCTCGGATTTTCTTGAGATGAGAACCATCAATGGCCATG
NZ_CP155447.1_gap106	4022153	4022719	566	TCGAAATTTTTGCGTTGAAATATGTGATTGTGTAAACTGGGTTTCTCATGCGAAAGATCGGCCTGCCCTTCGATGTGGCCGCTCCTCCTCCCAGGATCTTGCAGGCAATGGTGCGGTGGTGAATGGTTGCGTTGTTGGTAGTGCCGTTGCCACCGATGTCTCGGCGGCGGCTTCGCTTCGGTGAGCGCTTTGCTCTTGGGGGAACGTGGTTCGCCGTCGCTTCTGGGACTTTTCAAGTGGTGACGGTCAACCTCTCGGACACAAGGCGTGGGGGCACCGTCAGGTCCACCATTGGGAGGGGGATCTGGCCGGCGACTCGAATCGGGGCCGCCGAGCGAACTCGGAGTCAGGAATCGACAATGGACGAAAAGCGGTCAGGATTGGCACGAACAAGATGACGTGGTTCTCTCTGGTCGGTCAGGCGGGCCCAGGGGATTCGAGTGTCGAGAGACACGGGATCAGCCACAGTCTAGTAACAAAATAATGCAGTCATTCAAGGAATTTAGCCAATCGGTTGTCTTTTGTCTTGAATATACAATGGCTTTTATTTTATATGGGTAGATCGC
NZ_CP155447.1_gap107	4034011	4036341	2330	GATCGGGTGGCCGAAGCGCTGGCGGATCTCACTCCGTATGTTCAGAAACGCCTCCATTACATCTATGACGAGTGCGGGGATGGGCTAACTCGGCTCCACAACGCGGTGGTGGCAGCGACTGTGACCGTCTCGGGGTGTGGGGCCATTGAGGCGAACTGCGACCTCCCGGCGGTGAGTGGAGCAGGAGGGCCACCATGAAAGTTCTTGGTGTGGTGACGGCCCGTGGCGGCTCGAAGGGGATCCCCCGCAAGAATGTCCTCCCGCTTTGCGGTAAGCCGCTCCTTCAATACACCGCCGAGGCCGCGCTGGCCTCGCGCCGGTTGACTCGGGTTGTGCTGAGCACCGACGACCCCGAGATCGCCGAGGTGGGATATCGTTGCGGGCTAGACGTTCCCTTTCTTCGACCCCCGGAACTCGCGGGCGACACCTCCCCGTCCTTGCCGGTCGTCCGACATGCCGTGCAACAGGTCGAGGCCGAGGATGACGTCTACGAGGCGATCTGCCTGCTCCAACCCACACATCCGCTCCGGCGCCCGGAACTCATCGACGCCTGCATTGAGACGCTCGAGGCTGGAGAGTTCGACGCGGTCGTGACGATCCTGCCAATCCCCTTGGTTTACAACCCGCATTGGGCCTACTTTCGAGATGTTGACGGCCGGCTCCACCTCAGCACGGGGGAACCGGAACCCGTCCCCCGACGGCAGGATTTGCCCCCCGCCTACCACCGTGAAGGGTCGGTCTACGTGACCCTGCGCGACATCCTGATGGAGGATCAGAGCCTGTACGGCAAGCGGCTGGGCGGATTCGCGGTGGACCCGACATGGAGCGTCAATATCGACGGACCGGAGGACTGGGAGCGAGCCGAAGCCCTGGTCCGAGCCGAAGCCCTGCTTTCGGGGAATCGAAATTGAAAAAATTCGAGTGCGTTTATCTCCTGGTGGAACCGTTCACACTTCCTCTGCATAAGGTGGTGCGCCGGCGACTGCGGGCCCTGGTGGGCGCTCTCGATCGTCCGGCCGAGATCCTGGACGTGGGGGGGAGGAAGTCGCATTACACGATCGGAATCCCCGGATCCATCACCATCACCGACTTGCCTCGAGAGACTGAGGTCCAAAGGAAGCTCCACCTGGGGATCAACGGGGAGATTGTTGAGAAAACGTATGCGCGACGGAGCAACGTCAAGGCCATTCTCTATGATGACATGACCGAGTCGATGCTGCTTGATGGGTCGTTCGATTGCGTTGTGGCCGTCGAGGTTCTCGAGCACGTGGAACAGGACGCTGAGTTTGTCCGCCAGGTCCACCGGGTGTTGAGGCCGGGCGGCGTCTTCCTGATGACCACGCCGAATGGGGATTACCTCGACAACCATAACCCGGATCACAAGCGGCACTACACTCGCGAGCAACTCCAGGCGCTTCTTGTGGCACGCTTCGGAGCCGCCGAGGTGGACTACGCGGTTCGAGGCGGGACCTTTCGCACCCTGGGACTTCGTCCTTGGTCGGTCCGACGGCCCTTGCAAACCGCCGTGGGCATGGCCAGCAACATCATCAACACCGTCCAGTCCTCACCAGCTTCGCTGAGACAACAGGCCCGAGGGACTCACCACCTCGTGGCCGAAGCGCGGAGGAGCGACTGATGTGCGGGATCGCCGGGGTCTTTGGCCAGGCCGTCGGGCCGTCGCCGCTGGAGGTCATGGTAGGCTGCCAGCGCCATCGAGGACCGGACGCGTTCGGGATGTGGACAAGCCCTTCGGGGCTGGCCGCCCTGGGGCACCGGCGTCTGAGCATCCTCGACCTCTCGGACGCAGGCCGGCAGCCGATGGCAAGTGATGACTCGAGATATCAGATCACATTCAATGGGGAAATTTATAACTACATCGAACTGAGAAATGCGCTGGGCGGGATGGAATTATTCCGAACCCGGACCGACACCGAGGTCTTGCTGGCCGCCTTCGCCCGCTGGAACTCCGCCTGCCTTGACCGCCTGATCGGAATGTTCGCGTTCGCAGTATGGGACGAGTGGAACCAGACACTCTTCGCGGCTCGCGACCGCTTTGGAGTGAAGCCGCTCTATTATTATGAACCCCCAAGGGGCGGCCTTTGGATCGCCAGTGAGATCAAGGCACTCCATGCCGCCGGCGTGCCACTTGAACCGGACGAGGGCACCTGGGCGACCTACCTGGCGTCGGGTCTTTACGACCATGACGACTGGACGTTCTGGAAAGGAGTCCGCCGCTTGCCTCCGGGGGGTTGCTTGTCCTGGTCGCCGAATGGTGGTCTGGCGGTGAGGACCTGGTACGACCCCGCCGACGCCGTGCTTGCTCGCACGGG
NZ_CP155447.1_gap108	4101851	4106426	4575	CGGGCTGAAGCGCGTTCGGGATCAGCACCTGGAGCGACTCGTTCCAACGCACGATGTCGATCCGCTCGCCACCGAGCTCGTCGACGATGTTCTTGATTCGAGTTCCCCGGACGCCGACGCACGCACCCACCGCGTCGACCTTGGAATCGATCGACGTGACCGCGACCTTTGAGCGATATCCGGCCTCTCGCGCCAGGGCGCGGATGCTGATGATCTGATCGGCGATTTCGGGAATTTCCAGCTCGAAGAGGCGGCGAACGAAGTCGGGATGGGTCCGGCTGAGGATGATCTTGACCCGCTGACCGACTTTCCGCACGTCGAGGATGACGCCGCGGATTCGTTCGTTGGGGTGGTGGCTTTCCCCCGGGATTTGTTCGCTGCGCGGGAGCAACGCGTCGGTCTTGCCCAGATTAACCGTGACGGCCCCACCCTCGAACCGTTGCACGGTTCCGGTGATCAGGTCGCCTCGCTGATCCTCGAATTCCTCGAACAGGCTATCCCGCTCGGCCTCGCGGATCTTCTGGATGATGACCTGTTTTGCCGTCTGGGCCGCGATCCGCCCCAGTTCGGCCGGATCCATCCGAGCGCCGTCTTTGGTGGCCTCGATCTGGCCGGAGTCAGGATTGATATTGACGACGATTTCGGCCGCTTCGGGATAATGCTTCTTCGCCGCGGTGGCGAGCGCTGATTGGATCCCTTCGAAAAGAATATCCTTGGAGATATTTTTTTCTCGGTGGATGCTATCCACGATGCGAACCAGGTCGACGCTCATTCGATGACTCCGAGGCGTGCCGGGACTAGGGGAAGCAGAGCAATACCAAACCTCGCCCCCAAGGAGGCGTGGTTCGGATTCATGCCACAGCGTGCCGACCCTTGGGCAACGCCTCCTTGGATGACTCCGTATCCATCACCATTCAGGAGAGCCTGAGGCGAAAGTGATACGGCGTACCACCGTCAGCGGATCCTTATCCGCCTACGGCTCCAAGAGTTTAATCTAACAGGCGGTTGACAGCACTGTCAAGCGGCCGAACAATTGATCCGAATCACCTGGAGACGAGGGTTTGTTGATGACATCCGCGCTCGATCATGACGATCTCCGTTCGGCCCTGGAGGCTGCCGGCTGGCGTTGCACTGCGCAACGGCTGGCCGTCTACGACCAGCTCAGTGCCGCTGAGCACCATCCGACAGCGGAGGAGGTTTACCAGGGCGTACGGCCACACATCCCCAAGATCAGCCTGGCGACCGTCTACAAGGCCCTGGAAGCGCTCGTCGCCAGCGGGGTCGCGGCGAAACTGACCGCCGGCGACGGTTCGGCCCGTTACGATGCTCGGAGCGACCATCACTATCATCTCCGTTGTCTCCGCTCAGGTTCCGTCCACGACCTTCCGACTCCCTTCGACCCCGATTTGATCGCGAAGCTTGACCCCGCTCTCCTGCAAACGCTACGGCAGCAAGGATTTCAGGTGACGGGTTATCGGCTTGAACTGGTGGGTTTCTATGAGCCGGAATCGGCGATCGCAGCGCATCATGAAGGGCCGTCCGACCAATGAGTCTGGAGAACATCGAACGGCCTGCGTTGATCGATACCCACGCCCATCTTGAGGATCCACGACTTCGAGGCGACTTGCCAGCAGTCTTGGAGCGTGCTCGAAACGCGGGGGTCTGCCAGATTGTGGCGATCGGGACCACGGCAAACGATAGCGAATCGGTCGCCGCGATCGCCCGCGAACATGAAGGGGTGTTCGCCGCGGTCGGGATTCACCCGAACGACGCGTTCGAAGCAACTCCTGAGGATTGGCAACGGGTGTTGGCGTTGCTCGAATCCCCCAACGTCGTGGCGCTCGGGGAGACCGGACTCGACCGACATTGGGATCGTACGCCGTTTGCACAACAACAAGAATGGTTCGATCGCCACCTCAAACTGGGGCTTGAATCCGGCCTCCCCCTCGTGATCCATTGCCGGGAAAGCCAGCAGGATCTGATCGCCCAACTGAACCGGTTCAAGGCTCCTGTGAATGGGGTCTTGCATTCGTTCACCGGGTCATGGGAGGACGCCCAGGCGTTTCTCGACTTGGGACTTCACATTTCGTTCGCGGGGATGGTGACGTTTACCAATCGAACTCTGGATTCGCTACGCGAGGTGGCCGCCCGAGTTCCTCTCGATCGTTTGCTGGTGGAGACGGACAGTCCCTATTTGACTCCTCACCCGCATCGCGGCTCCACCAACGAGCCGGCACGCGTCACGTTCACCGCCGAACGATTGGCCCAGGTACACGGCCTCTCCCTTCTCGAGCTTGCCCAAATTACGACATTCAATGCGCGTCGGCTCTTCAAATTTCCGGCCGACCAAACGCTTTGACCGAACCTCTGCCTATTTCTCGACTCTCCTTCTGGTGTGGTTCGTCGTCACAAACCGCGTTGGACGGCGAATACACTCTCGAGGTCCCTGCCCGACACATGGCGGGGGGACCGAATTCTGGGAGGGCGGCACTACGCTTGAGAACCTTCTCCCAGGAACAAGCGTATGAACTCTCAGTTGGCCCGAAGTTTGCTTGACAACTAAGTCGACCACCGTGATTCACTCGGGTTGTTGAACAGTCTCTCAGAGGTTGATAATCATGGACTCGACATTGGACTTGAAGGCGATCTTCGTTTTGGTGCCGATCTTCGGTCTCTTGCTGGTCGGTCTCGTCATTGCTTTGCGGAGTGGAGTGGCGAGCCTATCGACTCATCAGGGCGTGGAGCGATTTGTGGGCAACCTCTCCCAATTGTTGCTCCGCATGGCGGGATATGCCATTGGATTACATATGCTTCAGCGCTTTATCGGTGCGCCGTTTTGAAGTTTTGGCGAACTGCGGAGTATCGACCTTGATTTGAAGTTGAACGAACCGGCCCGCACGATCGATCCACGATCGTGCGGGCCGGTTCATTTGATGCGAACGCATCACTCTGTTCACAATACCGTGCGTTTCGATCAAACGCCTCGGGCCGCGGGATGCCAGAGAATCTTGTGCTGCTGAAGCTGCAACCGGATAGGGAGCCGGGTCTCGAGAATCCAAGCGGCCAACTCGGTCGGATCAACTTTTCCAAAGCAACCACTGAAAAGTACGGGGCATCGCTCGGTCAGGCGATGAGCCCGGGTCTGGGCAACAGCCCACTCAAAATCCGCGCGATCGCAGAGCACGAACTTGATCTCGTCCGTGGGCTTGATCAGCGGAATGTTGCTCCAGAGATTGGCGTCTTCCTCACCCGACCCGGGGGTCTTCAGGTCGAGGATCACATGAACTCGGCGATCGACCGGTCCAATATCGAGGGAACCACTCGTTTCGAGAAGCACCGTCCGGCCAGCGTCAGCCAGCCGGACCATCAACGGGATGACCTCTGGTTGGAGAAGCGGTTCCCCTCCGGTGAGCTCGACGAGTGGGTCGCCGAGGGCCAAGGTTCGTTCCACAACCTCGTCGAGGGAAAGCACATTCCCTTCCGTAAACGCGTGAGGGGTGTCGCAATAGACGCAGCGCAGGTTGCACGCGGTCAATCGGATGAATACACAAGGCAGGCCAGTGAAGGTGCTTTCGCCTTGGAGACTTCGATAGATCTCATGAATCACAAGCGATCCCGCCGGCTTCCCTTGCAACGGACGGAGCCGCTGGGGGTGGAGGGCAATCGACGGGGCAGCCGTCACGGGGCCCAGCGGTGCGATGGGGAACGAGGTGTCATTGATGGTGACGAGAGTGCGCGACATTTTCCCTCTTCGGTGCGGTAATCTTCGGAAAAAAAGGGAACCCGGCGCTCGGTTCCCTGCAATGTTCTTTAATTCTAGGGTGGAGCGATCGTCCGGGGTGATCGCTCAAGGATTTTTGAGGAGTCGGTTGACCCGCGCCGTCTCGGTTTTGATGAATTCGGTATCCAGGAATGGATCGGCCGAGATTCTCTGGAATCGAACCATTCCTTTGGCGTCGATCAGGAACGTGCCGTGAAGCGGCTGCTGCTCGAAGTCGTCGAACGCGCGGTAGGCCTTGAAGACCTCGAGCTTGGCGTCGGACAGCATCGGCATGGAAAACTTGATCTTGTCGGGATTGTTCTTGAGCTCGCGCGTGGCTTCGAAGTCATCGGTACTTATGGCGACCACCTCGGTATTCAACGCCTTGAGGGCGTTGATCTCCTTGCCGAAGGTCTCGAGCTGCTGCATGCAGTGGGCGCACTTGCCACCGAGATAGAGCAGGAGAACTACGTTCTTGCCTTTCTGTTCGGCGAGGTTCCAGTCAACTTTCTCGGTATCGGGTCGGGAAAAAGGGTCGGCAGGGTAGGGGGCCCAGGTCAAGGGACCGAGCGTTGAGAGATCGATCCGATTGGCTGTCGCGTCGTCGGTCGCTGCTTCCGGTGGAGACGCCGGGGACCAGTCCTTATCAGCCTTCCAACCCTCCACGATCCGCTCGAGTCGTTGGAAGACAGGGAGGTCTCGGTCGGCGTTTTTGGCGAGCGTCTCGAGCTTGCGATAGGCCTCTTTCGCCTCCTTGTCCTTCCCCACGGCGTGAAGGATGACCACCTGCGTGGCCAAGGGAGGGACCTGGTTCG
NZ_CP155447.1_gap109	4107588	4108549	961	GTAGGCCATGGCGCAGTCGGGGTCGATGAAGGCGGCCTGGCGGAATGATCGCTCGGACTCGTAGTAGTAAAACGAATGGAGCTGGGCGACCCCTTGGTCAATAAATGCTTGAGCCTCGGGCTTGGCGGTCGTGACGGGGAAGTGGATTTTGCCCATCCCCTCCATGACGTGGGCCTGGTGTCTCGGCCCATCGTTGAATGCTTCGCCGTGAAGCGAATGGCCGGCGGCTGGCACCGCGGGGTTCTTCTCGCTGGCCGACGCGGTTGGCTTAGTCGGTTCCTGAGCAACGACTTGGGTCGCTAATACGAGGGCCAGGGCGGCAGGAATTGCCCGAACCTGGAGCAGAAGTCGCATCGGCTGTTCTCCGGCCTATAGGGAGTATTGTCGAGGTCTTCAGTGCGACCGACGCGGCTCTCGACCGCCTTTCCCATCATCCCCGATCCATCCTGGAATTGCGAGTCGTCACACTTTCGAGTCGGCCCCCTGCAACGCACGAAATGTCTTCGACCTCATTGACACCGTCTGAAAGAATGCTCAGCCTTGTGGGACGCACCTCCGTCGATTCCGGCAAAGGGATGAGCCAATGACTTGCATCTCTCCGATCTGGCCTCTCACGGCGGTGGCGATCCTGGGGCTCCTGACCGTGCCCAGTGTCGCCCAGCAACCCTACTGGCAACGCGATGCCAGGGCCTCGAACTCCCCACGATCCTCGTCATCGCCCACGGATAGTCTCGATCGGTTCCGGCCCTATACGTCCTCAGACCGGCGTGTGAGGACGGGGACGAGCTCTCGGAGCGAGCCCAAACCGATCCGACCGGAGGTGACTCGCACCAATTTTTACTCCCAGCGCAGGGAGTATTTTCCAGGGCTCCGGACGGGCCAAGGGCCGAACCGAAATTCTGCGCATTGTGTTCCCAGCCGCAACGCTATGCTTTCACGGTAGCGGCAAGCGATCCGCAAT
NZ_CP155447.1_gap110	4110167	4111453	1286	GGGAGTCGGTCGGATTGGGAGACCATGAGGCAGGCGGGGGACGTGCTCACCGAACTGGGTATTCCCTATGAAGCCAAGGTCGTTTCGGCGCATCGAACTCCGGAACGGCTCTTTCAGTACGGCCGAGAGGCCGAAGGGCGGGGCCTGGAATTGATCATCGCAGGCGCGGGGGGGGCCGCTCACCTTCCGGGCATGTTGGCGGCCGTCTCGGTCTTGCCCATTCTCGGTGTGCCCGTCGAGAGCAAGATTCTGCGCGGGGTGGATTCGCTCCTCTCGATCGTTCAGATGCCGCGCGGGATCCCGGTGGGGACGCTCGCGATCGGCGCGGCCGGGGCCGCCAACGCCGCGCTCCTGGCGGCGGCAATCCTCGGCCGAAAGTATCCTGAGATCCGCCAATCGCTGGTTCAGTTCCGCGAGTCGCAGACCGAGGCTGTCGGAGAGTCTCCGCTATGAGCTCCGGCCTGCCCGTTTCCCTGGATCCACCCGCCTCGCTCGGCGTGATTGGTGGTGGCCAACTCGGCCGGATGTTCATCCAGGCCGCCCAGCGCATGGGGTATCGCGCGGGGGTTTTGGCGGCGAGCGAAGACGAGCCCGCCGTGCAGGTGGCGGACTGGGCGGTGATCGCCCCCTCCGATCGACTCTCCGCACTCCACTCATTTGCGGACCAGGCCGAGGCGATCACCGTAGAATTTGAGAATGTTTCGGCTCCCGCACTTCGCTGGCTCTCCGGCAAGCGGCCCGTCCGCCCCGGGTGGAAGACCGTCTGGGTCAGCCAGAATCGGCTCCGCGAGAAGTCGTTTCTGACGCGTCATAAGATCCCGCATGCTCCTTGGCGACCGGTCCGTAGCGAGCCCGAACTCGCGTTGGCGATCCGGGCGGTCGGTCTTCCTTTGGTCCTGAAGACGGCCTCGTCCGGCTACGACGGCAAAGGGCAAGTGCGGGTCGAACGTGCCGAGGATGCCCACTCCGCCTGGTTGAGCCTGGGGCAGGTCGCCTGCGTTGCCGAGGCTTGGGTCGACTTTGAGTCGGAGATCTCGGTCGTGGTGGCCCGAGGCGCCGATGGGGCGGCCCAGGCGTTCCCGGTGGGACTCAACCGCCATCGAAGCCACATCCTTGACTCGACCGTGATGCCCGCGCCCGTCGGCCCGATCGTCACGCTTGAGGCACAGACTCTGGCCCTCTCGGTCGCGCAGGCCCTGGAGTTGGTTGGCGTCTTGACGGTCGAGTACTTTGTCACGGCGACGGGAGACCTGCTCGTGAATGAGCTGGCGCCCCGACCGCATAAT
NZ_CP155447.1_gap111	4165573	4168788	3215	GATTGCCCCATCGTGGTGAAGAGATCAATGAATCCGGGATAAACGACGAGTCCGGTGCCATCGATGATCTCGGCGTCGGGCGGGATGGGAACCTGGTCAGTGGGACCGACCGCTTCGATGCGGCCGTCTCGCACCACGATGGTTCCGCTCTCGATGGTCTTTTCCGGCCCGGCAGCGAGCTTGGCTCCTGAATCGCATAGGCGGCGGGACGGTACCCGACCGGGTTTTCAGCCGATAGGAGCGGAGTGATTGCGACATTGGTCGCAATCGAGCCAAGCACGAAAATGCGGAACCAGAGCCGAATCCGAGCGGCGCTCGTCATCACAATGACTCCCAGGCGAACGGCGTCGGGAATAAGTTCGGCCAAGCTCTTTCCCGAGAGGTAGAAGAGAGCCGTGCGACAGCGAAATCGAGCCTGCAATGGTTTGCGATGACCTTTTGCATGCAGATCGCGGCTTCTACCGTCATATCATCTCCGACCCTCCATGGGCAAGGGTGCGGGTGACCCAGTTCAGCGAGGAATTTTTCGACTCCTTTTTCGTGCTGCAAACGATGTTGGGTCGAAAGAAAGTTGATGGAAAGTGACGCTTACTCAACAAAACCGCGCTGATCGACGAACAATATCGTCGAGGCTGCTGCGCTTGCGATCCAGGCGATCGACAGCATGCACTCATTTGAGCTGCGCAATGAGCGTGGCCACTCAAAATGAGCGTGGCCACTCAAGCGGATGTTTTTTTGCAACTTGTCCGCGTTTTGCAACGCATTCCCGCTCGAAAGTTGAGGGGACGAGCGATAAGTAGCACCCGCCAAACTTGGTTAATCGGAACAATCCGCAAGCTTAGCCTATATTGTTCACAATTCTTATTTTGACTGCACGCTAGCACTAGCTACACTTGACTGTTCATTCGGACCGTACCCTGAGCGTGGTATTGCCTCATGACACTGCTTCTTCCACGGGTTATGGCTGTTTCTCCGAGCGGACAGCGCGATCCTGGCGTCGTGGTGGCCGCATGTCGGGCGGGCGCGATGGGGATCCTCGATCTCGGGTTCGCGTTCCAGGCCGAGGACGAGGTCGAGACTTTGCTTCGCGTCTCGAAGTTCCTCAAGGGACAAACTTTCGGGCTTCGCCTGCCTGCCAGTGCACTGGATGAGTCGGCGGTTGCTACCTTTCCGGCGAACCTCGGGATGGTGGTGGTCGCGGAGGCTGGTGGGGAGGACTGGGGTCGCTTGCGAGCGATTCTGAGCGGCTCTGTTTGTATTGCGGTTGCCGAGGTCACCTCGCGAGCGTCGTGTCGAGCGGCCGCCGCGGCTGGGTTCGAGGCCTTGATCGTCGCGGGGAACGAGGCAGGGGGGCGGGTTGCGGAGGAATCGTCCTTGATTCTCCTGCAGGCGGCCCTTGGGATTGCCGGCGCACCGCCGGTCTGGGTCCGTGGCGGGATCGGTCTGCGATCGGCTTCGGCGTGTGTGGCGGCGGGGGCGGCCGGGGTCGTGCTGGACGGGGCCGTTCTCCTGGCCAAGGAATCCCCGTTGCCCCCTGCGCTGCGTCGGCGAATCGAACGCTGGGACGGAAGTGAGACGGTCCTCGTCGGCCGAGAAGCGGGATCGCTCCTGCGCGTTCAGGCGGAACCAGGTTCGCCCGCCCTCGCCAGACTCAAGCAGGCCGCGGCCGAGGGGGACTTGGTCTGGGAGTCGGCTGTCCGACGCGAGGTCGGTTGGGGTGACGGCCAGGTCCGGCCCGTTGGGCAAGATGCCGCGCTCGCGGGGGGACTAAGCCGGACTCATGTGACCGTCGGTGGGATCGTTCAGGCCGTCGAGCACGCCATCGAAGCCGGACTGCGGGACGCTCGGATCGCGCGGCCCATTGAGGAAGATTCTCCGCTGGCCCGCTCGCATGGGACACGCTATCCCATCGTCCAGGGACCGATGACCCGGGTGAGCGACCTGGCGGCGTTTGCCGAAGCCGTCGCGGGAGGAGGCGCGTTACCCTTCCTTGCTCTCGCCTTGATGCGAGGGCCGGAGGTCCGCCGGTTGTTGACCGAGACGGCCGCGCGTCTGAACGGATCGTCGTGGGGAGTAGGAATCCTCGGTTTCGTCCCGCCCGACTTGCGTCTCGAGCAGATGGAAGAAGTGCGTCGCGCCCGGCCATCGTTCGCCCTGATCGCGGGGGGACGCCCCGACCAGGCCCAAGAGCTAGAGCGCGAGGGGATCGCGACCTATCTCCATGCACCATCGCCAGGCCTGCTGCGGCAGTACTGGAATGACGGTGCCCGCCGGTTCGTCCTCGAGGGCCGTGAATGTGGCGGCCATGTTGGACCGCGGTCGAGCCTGCTCCTTTGGGAGCAAGGCGTCGAGGTCATTCAGGAGATGCTCGAGAAGGGGGGAACGCCCGAGGACGTTCATCTCCTGTTCGCTGGCGGAATCCATGATGCTCGATCTGCCGCGGCGGTGGCGGCCTTGTCGGCTCCGCTGGCGAAGCGTGGGGTTCGGATTGGCGTCCTGATCGGAACCGCGTACCTCTTCACGGCCGAGGCTGTCGCCACCGGTGCCATTGTCGCCAAATTTCAAGACGAAGCGGTGCGCTGCACCGAGACGGTCCTGCTCGAGACCGGACCCGGTCACGAAGTCCGCGTCAGTCCGACCCCGTACGTTGATGTATTCGAGCAGGAGCGGAAGCGGCTTCTCGCGGCAGGAAGTTCCGCCGAGGAACTCCGAAGTGCGTTGGAGAGTATGAACGCGGGTCGGCTTCGGATCGCCGCCAAGGGGATCGAGCGGAAAGATGGGGCCGGATCGTCGTTGGTTGGGGTCGCGGCCGAGACCCAGATGACCCGCGGTCTCTACATGCTCGGCCAGACCGCGACACTTCGTCAGGGCGTTTCGACGATTGCCGAGCTTCATCACGAAATCAGCGCAGGGGGGATGGGCCGAGTCGATCGGTTGACCGACGACTTGACGGTCTCCGAGTCGTCCGATTCGAAGAACGCTCAGCCGTGCGATATCGCCATCGTCGGGATGTCGGCAATCGTCCCAGGGGCCGGGGATGTCCGGACGTTCTGGGAAAATACGCTCCACGGTATCGATGCGATTACCGAAGTTCCGGCCGACCGCTGGGATTGGCGACTCTACTATGATGCCGATCCCAAGGCGCCCGACAAGATTACCTCCAAGTGGGGAGGCTTCGTCCCGGAAATTGCCTTCGATCCGCTCCGCTACGGGAT
NZ_CP155447.1_gap112	4179230	4182905	3675	TGATTTCCTGGTCAAACACCTCGTGACCGGAACCGACTCGACGAGCGGATCCGAAGCGGATTGAGCGACGAGAGTCGCGCGGAGCGGGGGGCTGCTCACCTGGTACCGGATCGGACTGACGCATCTTATTAGGCGGTTTCATGCCATTTTCTACGCTGAATGGTCTTCGGTTTCATTATCAGCAGGCGGGCGAAGGTCCCGACCTGGTTCTGATTCATGGCGTGACGGGTGACCTGTCGATCTGGTTCCTCTGCCAGGCGATTCAGACGCTGAGCTCGGCCCGCCGCGTGACGGCCTATGACCTCCGGGGGCACGGTTACAGCGATGCCCCGCCGACTGGCTATACTTCGGCCGATCACGCGGCCGATCTGTTCGCGTTGATGGATGACCGTGGTATTGAACGCGCAACGTTGGTGGGCCACAGCTTTGGTGGAGTGATCGCGCTGCACGCGGCGGTGCTCGCCCCGGAGCGAGTTGATGCCGTCGTGCTCTCCGACCCTTACTTTCCAGCGCTCCGTCACCTGGAAGATGTGAGCCGCTGGGGGCACTGGCAATCGTTCTGCGACGAAGCCAGGCGTGCGGGGGTTGAGCTGTCGGATGAGCATTGGTACGACCTGGGGCGATTCTTCGATCAAGTTGTCGACCTCGAAGGTGATCGACTGCTTCAGTTCCGCCGTGAAGTGGGACTCCCTGCACTGAACCGCCTCCTTCGGCTCGGTGGAACCACCTGCGGTGACGACACGAAAGTCGAAGCCGGTTTAACGGCGGAACTGATCGCGAGCGTCGCGGTTCCTTCGTTGGCTCTCTACGGCGAATTTTCTCCGTTCCTCGCCACCGCGCAATATCTTGTGGAGCATCTGCCCAACTGCCGGAGTGAGATCGTTCCGGCTGCCAAGCATCGCGCCCCGGAAGAGAACCCACCGGAGTTTCTCTCCCGGCTCCGTAACTTCATCGAGTCCTTGCCTGGAGCAGCCTCCTCGTCCGGACCCGGCGGATCGGTCTCGGAGTCGTCCCAGCCCACTTGCGGAACGAGATGAGATCATGAAAGCAGGCCAAACTGTGGGCAAGAACGAAGGTCAGGTCATCCTGTTGACGGGGGCCGCCCAGGGGATCGGTCGCGCCACAGCCAAGGCGCTCGCCGCTCGCGGATATCGGCTGGGTCTGATGGACCGATACGGCGAACCCTTGGAGACGCTCGAGGCGGAGCTCAAGAATCAGACGGGCATTGCCACGGCACAGGTCGACGTCTGCGACGCCTTGAGCTTGAAACGAGCCGTCGAGAGCTTGGAGGAACGCCTCGGGCCGACCGAGATCCTTGTGGCCTGTGCGGGGGTAGGAACCTCATCGAATGCCCTCGACCTGGATGTGGACGGATTTCGCCGGATGCTTGAGGTGAACGTCGTGGGAGTGGCCCACTCGATCGACGCCGTCTTGCCGGGCATGTTCGCACGCAAGGCTGGACATATCGTGGGGATTTCGAGCGTGGCCGGGTACCGCGGCATGCCCTGGATGCCTGGCTACTCGGCTTCCAAAGCCGCCCTCACCACTTATCTCGAAGCCTTGCGCCCGGCCCTCAAGCGGCGCGGGGTGACGATCACGACGGTCTATCCCGGATTTGTGAGAACGGGAATGACTCTCAACACCAGCTTTCGCAACCCGGTGCCGATGCTCGAGGCCGAACAAGCCGCCGCGTATCTCGTCCGGGCGATCGTCCGCCGTCCTCGTGACTACACCTTTCCGCTCGGGACCGCGATCGGCATGGACATTCTCCGCCGGTTGCCCTGTCGGCTTTTCGACTGGGTGATGGATCGCGCGGGGCCGCGGGCATTGACGACTGAATTCTAACACAGGTCAGGCCACCCACCCGTGCCCGAGGCTCTCAAGATCAACGCCGGAACCATTCCCACCGCGATCGAGTTGGCGTGTTGCCTTGCTTGCGGGCACCAACTTGAGGGGCGCGAGACTTGCGCGTCATGTGGTCGTGAACATCCCGAGGTGGAGGGAATCCTCCACGCGATTGGCCCTCTCTCGGGCACGAATCGCATTGCGGCCCACTTCTATGATGGCCCGAACTGGCAACGCTTTCGTCCTTGGGAGCAGCTCTTTCTCTGGTTCCAAGGCCCCGGCCCAAGAGGGGCGAGGCGGCAGATCCTTCGCCATCTTCCTCAGCGAACGCGGGCCCGAGTGCTCGAAGTTGGCATCGGGGACGGCGAAAATGTGCCGTTGCTTCCCGCGACCTGGGAACTCTACGGTGTCGATATCGCGCGAACTCAATTGGCTGCCTGCCGCGATCGCTATCCGAGCATGTCGAGGCGCTTGGTCTGGGCCGAAGGGGAGTCACTTCCGTTCGCGGATCAATCGTTCGACGCCGTCTACACGATCGGAGGATTCAACTACTTCCGCGATCAGGCGCAGGCGTTTCGCGAGATGCAGCGCGTGGCACGGCCCGAGGCGCCCGTGATCGTCGCCGATGAGATTCCCGAGTTGTATCGCTTTGCTCCCGGCCACGCACTCGGCATCGAGGCGATCGACAGTTGGGGGCTTCGTCTGATGGGGCTCGACGCCGACTTCATCGATATGGTCTTGAATTGCCGAGCGGACGTTAACTCCCTGGCACGCGACGTTTTCCCGGGACATCGTCGCTTTCCGATCTGGAACCGCCTTGGATATTGTCTTGTGAATCCCGATCCCCGGAGAGGACCTGCGTTATGTCGGTGACGACGCCGAACCCGACAGCCGATTGGAAAACGGACCCCAATCCGCTGCGATGCCCGGACTGCGGTGGTCTGTTCGCTCCCGTGGAGACTGGTCTCGCGTGCGCAGGGTGCCAACGCGTCTATCCGATTCGCGACGGGATCCTGGTCGTGAAGGACGAGCCAACGGCCGACAACCTGATCGCACGCGATTTCTACAACAGTTCGCTCTGGCCGAAATTCCGGTTCTGGGAGTGGTTCTTCTTCGTCTGCAACGGTGGCGAGCGGCGCTCTCGCAACGTCATCTTGAAGCATCTTCCCAAGCAAGACCGCCTCAAATTGCTCGACGTTGCCATCGGCGACGGCGTCTACCACTCCTGGCTTCCCCAGGACTGGAGCGTGGTCGGAATCGATGTTTCCACCAGCCAACTTGCGGCCTGTCAGCGACGCAACGCCGGCCGAGACCTGCGCTTGATCCTTGGCGAAGCGGAGTCCCTGCCGTTTCAGGATGATGCCTTCGACGCAGTCCTGAGCATCGGAGGCTTCAATCATTTCAACGACCCCGAGGCCTCGCTCCGTGAGATGGTCCGGGTCGCGCGTCCTGGCGCTCCGATCGTGATTTCCGACGAGTCTCCCAACTTGACCGACCGGATGATCGGCCACAAACTAGGCATGCCGGGGATCGACCGCTGGGTGGTCTCGCGACTGATGAACCTTGGCGATGCGTTCACCGATCTGGTCGAGCGCAATCGACATATTGACATTGCCGAGATTGGTCGTCGCGTTCTCAAGGACAGCCAATATCAGGTCATCTGGCGTGGTGGCGGCTATGTGATGGTCGGGCAAGCCCCCTGAATTCCGAGGTCGAGTCGATCGCTTTTGGAGCATCATGCGTTTCACGACATTGATCGCCAAGAATCTCGTACGTCGCGGCGTCCGGACCATCCTGACGATCGTCGGGCTGTCGATCGGAATCGCGGCG
NZ_CP155447.1_gap113	4272656	4273415	759	CACGTTATCAGGATAGCTGGTGTAGCCGACCGCGTTGGACCCACGGAGCAACATCTGGAAGAGAATGTTCGGGATCCGTTCCCGCAACTGGTTCAGCCGTTCCCACGGGTCTTCCTTGAGGAACCGCATCGACGTATCAAACGTGGCGCCTCCCCACATCTCGATCGAGAACATCTTCGGGCAGATCCGGGCATAGGCATCGGCCACGCGAAGCATGTCGCGGGTGCGGACTCGGGTCGCCAGGAGTGATTGGTGGGCGTCACGAAACGTGGTATCGGTCAGCAGGAGCGGCGTCTGATCACGGATCCAGCGCGAGAAAGCCTCGGGCCCCAGCTTCTTGAACAACTGACGCGAGCCGTCCGGCGGGGCGGCGGCGTGGTCGTGAGCCGGCGGAACCGGCTCGGCCTGGTTCACAAAATTGGCGGGGCGAGTCACCCCGGGGAATCCGTTGACCGTGACCTCGGCGGCAAACGTCAGGAGCTTTGTCGCTCGGTCTTGCCGGATTGGAAACCGGAAAAGCTCCGGGGTTTCGTCAATGAATCGGGTCGTACAGCGCCCATCGAGAAAGGCGGGATGGTCGATGACGTTGAGCAGGAACGGGATGTTGGTCTTCACGCCTCGGATGCGGAACTCTTGAAGCGCTCGCTCCATCCGCTTGACGGCATCGATGAAACGCCGGCCGCTGGCTGAAACCTTGACCAGTAGCGAGTCGTAAAACGGAGTGACGATGCCGCCGGTCATCCCCGGACCGCCATCGAG
NZ_CP155447.1_gap114	4274609	4276813	2204	ATAGCAGATCTAGCTTCGAACTTGAAATTCTATCCGTCGGTGATGACGGCGACTTGGATCGGATCGCCCTCGTGGGCTTGCTGTATTAAGCCAGACAAGTTGAAGTCAAGCTCGCGGCCAAGCCCTTGCCTTGGCTGCGAATCGCTCGCCAACTTTCCCGGAAAATAAGGATCCGGGATTGGGTTGGGTGATTGCGGTCAGCCTGCCTCATCGCCGCGGCAACCCTCGTCAAGACGAGGTGGTTGCGTCAAGAATCCTCGGCCTCGACCGGATTTTCCAAGGTACCGATTCCGGAAATTGTTGCTCGTAGTGTATCACCCGGTCGAAGGTAGGTGTTGGTTGCTGAGCCCACCCCCGATGGCGTGCCCGTCGCGATGATATCACCCGGCTCAAGCGTCATGAATCGCGAGAGGAATGAAACGATTGCCGCGACGGGGAAAATCATTTGATCCGTCGAGGAATCCTGCTTGATGACATCGTTCACAGAGAGCTGAATCGTCAAGGCTTGTGGGTCCTCGACCGCGTCGGATGTCAGGATACAGGGACCGACGGGGCAGAAGGTGTCATGCCATTTGCCATGCTGCCAGTCGAAAAAGCGGTCGCGCTCTCGATCTTTTCGGTTGGGGTTTGGCCTGAACTTCCGATCACTGATATCGTTGACCACCGTGTAACCCGCCACGTAGTCGAGCGCATCGGCCTCGTCCACATCCCGACACCTCCGTCCGACGATTACGCCCAGTTCACACTCCCAGTCGATGTGATCGGGAGAGACTCGGGGGATGACGACCGGGTCACCAGGGTTCGTCAGCGTCGTGGTCGGTGGCTTCATAAAGACATAGGGAAACGTCTCATCCCGCTCGACGCTCTGTCCGCCACGTTCGACGATGTGCTTGGCGTAATTTCCCGCGAGCAGCAGAATCTTGCTGGGAGCACCAATTGGGACCAACAGCTCGACGTCTTCCAGCGGAATCGCTAGCTCGCTCAACCCGACCGGGTCTAGCTCATCGACCCATGATGCGAGGTCGCGGATCACATGGAAATAGGCGCCGGCCGGGGGCAAGAGATCGAGGAGGTCGTCCGTCGACGGGAGCAGAAGTTCGACTCCCTTGTCATCAGAATAGGCCTCGGCCGCCTGGTCGATGGGGATCACGCAGTCATCGGCGTAGAAACCGGTGAGAATGATTTCATCTAGGGAGAATCGGCAGAGTCGCATACGGGAACCTCCTGCCCAGGGTGGAAACTCGTCGCGTCACGTCCCCGATAGGCCCTTGCGTTCGAGGCCGGTTACGATACCTCGTTCCAGGACGAACAACAACAGACCGATTCTGATTTTCCTCCCCCGGATAAGTCACCTGAGAATCCGCTTCTCTGACCGGTTCGGTCCGGTCTCAGGCCGATTTTATAGACCGCTCCGGAAAAAGACGACGTCTCCATCCTTGATGACGTACTCCTTGCCCTCGAGTCGTTGCAAGTTCTTTGCCTTGACTTCTTTCATACTTCCAAGCCGAGCCAGGTCGTCAAACGCAGTCACCTCGGCTCGAATGAAACCCTTGGCAAGGTCGGTGTGAATCTTGCCCGCGGCATCGACCGCGGATCCACCGCGTTCGAGGTTCCAACCACGGACCTCGGGTTCGCCGGCCGTGAAGAAGGTGATGATTCCGACCGCGTCGTAGGCTTTGCGGATGATTCGATTGCGACCGAACTCAGTGATCCCCATGTCATTCATGAAGACCGAGCATTCCTCGGGATCGAGTTGGGAAAGCTCGAGTTCGAGCTTGGCATCGAGGCAAAGCGCGTCCGGGGCCAACGCCAACAGTGAGGCGGGGAGTTCCTCTCCTTGGGGCGCGTTCAAGAGCACCACTTGGGGCTTGTCGGTCAGCAGGCCAAACGACCGCATTGGCTTCTTTTCTTCCTCGGTCAAACCGAGGGTCGAGATCGGTTCACCCGCTTCGAGAGTCGCGTAGATTCGCTTGATCAACTCGAGCTCCTTGAGCTGGGCATCGCGGTCCGCCCTCGGTTTTTTGGAACTCGCTGTGAGTCGATCGATTCGATTGGAGATCACGCTGAGGTCGGCGAAGAGGATTTCGTCACGGAATCCGGCCAGATCGGCGGCGGGGTTCGCTCCGGCGAAGGAACTCAAAACGATGAGCAGGGCGTCCCCCTCGCGAATCAAGGCCAGGCGCTGGGGGTTGTCGCCATGGGAG
NZ_CP155447.1_gap115	4279660	4281725	2065	GGCTTCCTCGAGCAGATTCACTGGGCGGGTGGATACGACCACGAGCACGGCCTCTCGGAGCGTCGCCGGGGGCAGGGCATCGAAGAGTGTGGAGAGCGTTCCTTCGGACGAGGGGCGCATGACGGCAAGTTGTTCGAGTAACTCATGGAGCAGCTTGACCGACGCGGGCCCTTGTTGGACTCCGGGAGTGGGGCCGGTCCAGCCGAGCAGGAGCCTTCGCCCCGGGTGACGACATGTCTCGAGACAGATCGTTGCGGCGAACTGGATCATCTTCTCCAGCGACTCGCGCTGTTCGGGCATGACCTTGGTCCGGGGAAGCCAAGGGTCAAGGAGAATCGCCAGGTCCTGCTCGTTCTGCTGCTCGAATTCCTTGACCATCGGCTGCCCGAGCCGTGCCGAGGTACGCCAGTGGATCCACCTTGGGCTATCGCCGGGACGATAGTCGCGGAGTCCGTGATATTCTTGTTGCTGCGCCGAGCGATCGTGCCGCAGCCCCCGATGGGTCTCTGACGCCTGCCGCTGCAGAAATTGCCAGCGTCTCGTCAACTGGCCGACCTTCGGATAGACGGTCAGTTGGGCCGGTTCCAGCGTGGTCACCCGGCGCTCGATCAATCCGAAGGGAGACCGGGTGACCAGGTCGAGCATCCGGAATCGGTACTTCCCGCGCTTCGGACTCGGCCCTTGCCAGCGAAGTCGCGCCCGGCTCATACCGGGGACCCGTGCGAAGAAAACGCGAGGTGTGACGCTGCTCGAGCCCGAAACGATTCGATCCAAGGGAGTGAGATCGTCCTCGACGGCGAGCGCCAGGGCCGCCATCCAACGTCGCGAATTCTCGAGCGAGTAGTCGAGCGTCAACGGCTCGCCCGAGAAGACGTAAGAGGGGATTCGCCTCGTGACGCGCAACTTTCGGAGCATCGCAGCGCTGGCGAAGATCGAGGCAACGAGCGGTCCCGCGGCCAAACCGGCCACGAGCAGGATCAGGTTAATCTGCTGGTTCAGGCCCGTTCCCAGGAGCCCAAGCCAGACGAGGATGTAAAGGATCCCTTCCCGCGTCCACAGAAGTCTCTGAGTCGGCCACAGGCTGACAAGGACCCAGCGAGCGGACCGAGTGAGGAAGCCACGCGACTCCATGGAGACCACTTTCCTTCCGCGGTCAGTCCATATTCATGGACGATGATGGAAATCCCGCTTCGGTTCCGGTGCGGAACGATCTGATGGAAGGCGCAAAGCTGCACCTACCGGGATCGCTCAAGAGGGAACGCGGAGACGATCCACAAGATCACGGATGATGGCCTCGGCGGCCCCAAACTCACCAGCCTGGAGGAACGACTTACCCACCACGCGGTGCGCCAGCACGGGAACGGCCAGTGATTTCACGTCGTCGGGCACGACGTAATCGCGGCCCGATACGAACGCGAGGCTCTGGGCGGCTCGATACAAGGTCAGTGCCCCTCGGGTGCTGACACCAACGTGAAGGTCCTCTCCCTTGCGAGTTGCGTGAACGATATCCAGCAGGTATTCGGCGATTGCGTCGTCGACCCGGACGTTTCGCACCGCGCGTTGGAGTTGGAGGACGTCTTCCGCCATGAGGACGGGGCGGAGCGTCTCGACCGGCTCCCCAGACCGATGGGTCGAAAGCACTCGCCGCTCCTCGGAGCGAACAGGATAGCCCATCCGGAGCCGGATCATGAATCGATCGAGCTGGCTCTCCGGGAGGACGTAGGTTCCCTCGAACTCATAAGGATTCTGGGTGGCCAGCACGATGAAGGGAGGTTCGAGGGTATACGTTTTTCCCTCGACCGAGACCTGAGTATCGCTCATTGCCTCGAGCAGCGCACTCTGGGTCCTTGGGGTTGTGCGGTTGATCTCGTCAGCGAGGATCACGTTGGCGAAGATCGGCCCCTGCTTAAAAACAAACTCGCCCGAGGCTGCGTTGTAAACGCTCGACCCGATAATGTCCGAAGGGAGCAGGTCGGGGGTAAATTGGACGCGGCGGAACGAGCAGTCGATGCTGGCGGCAAGTGCCCGCGCGAGGAGCGTTTTGCCCACGCCGGGAACATCTTCG
NZ_CP155447.1_gap116	4287074	4289275	2201	CATCCTGCCCAGCTACAGTGAAGGCTTCAGTATGGCGATCCTCGAAGCCCTCGTCTGTCGCTTGCCAGTGCTCATCACGACGGCCTGTCATTTTTCCGAGTTGGCTGACTTCGAGGGAGGAATCGTCGTCGAGCCGGTCATCGACGAGGTCACGCGTGGTCTCCGTGACCTGCTGGAACGCTCCCCCGACCAACGCGCGGCGCTGGGGGCGGCCGGTCGCGCCTTGGTTGAGCAGAAGTACACGTGGGAGCAACAAGGGCAACGCCTGGCCGACGTCTATCGCTGGATGAGCGGGGGCGGAAATCCGCCTGAGGCCGTGCTTGGTCCCGACCAGGAGCCTTGAGCCGTCGTCTCTCTGCCCGAGTTCGCCCTTTGGTTCGACTCATCTTTTTGATCCGCGAATGACCGACGACTCGTCGGTGTTCGCGGCCACCCTTGACGAAGTACGGGCGTTGCGACCGCCCTGGAGCCGATCATGTCCCTGCTCGAATCCACAGACTCGATGTCCGATGCCGGTCGCGCGACGTCGGACGTCACGACGAGTGCTCCGTCCGGCAAGGTCAAAGTGAGCGTGCTTGTTCCGGTGAAGAATGAAGCCGAGAACCTGAAACGCTGCCTGCCCGCGCTGGCGTGGGCCGACGAAATCTTCATCGTGGACAGCCAGAGCACCGATGAAACCGCGGCCGTCGCGGCGGAACATGGCGCTCGCGTCGTTCAGTTTCATTTCAACGGGACCTATCCCAAGAAGAAGAACTGGTCGCTGGAAAACCTGCCCTTCCGCAATGAGTGGGTCCTCATTGTGGACGCGGATGAGGTGGTGATCCCCCCATTGGCCGACGAGATCGCCAGGCGCACCGCGGGCGACGAGGCCGATGGGTTCTACCTCAACATGAAGTACTACTTCCTCGGCCGTCGGATCCGCCACTGCGGTTACTCCGAGGCGTGGAACCTGCGCCTCTTCAAACATCGCCTGGGACGCTACGAAAAGATGCCCGTCCGGCCAGGCGCTCAGACTGGTGACAACGAGGCCCACGAGCACGTCGAATTGAGCGGAAACCGAAAACCGCTACGACTCGTCCACGAACTCGACCACTATGCTTATCCGACGATCTTCGCCTGGGTCGAGAAGCACAATCGATACGCGCGCTGGGAAGCGGAAATGTATGAGCGGTTCCTCAACGAGCCCATTCCCGCGTCGATCGGCACCGGGAAACGACTCAAACGCTTACTGAAGAAGGTCTATCTCCGGCTCCCGATGCGCCCGCTCATTCGCTTCGTCTACTCGTACGTGATTCGCCTTGGTTTTCTTGACGGTAAGCCCGGACTCGTCTTCTGCACCCTCTTGTCGTTCTACGATTTCCTGGCCTGGGCGAATGTCTACGAGCGCCGGGTTTTAGCTCGAAGCGAAGAGAATCAACGGATCGGGATGGAGGCGGGCTGAGCAAATTCGTTCAGCGCCAGGACTGATTGATAGATGCACTCCAAATCCCGAGCCTCATCATCGGGCTGGAAGTCCCGAAGGACGACCTCCCGTCCTCGCTGACCGATCCGTCGTGAACGCTCAGGATCGTTCAGGAGGTCGATGATCGTCTCCGCCAGGGCGGTGGAATTGTCCGGCGGGACGAACAGGCCCGACACGTCCGGGTCGATCAGAGCTCGAAGCCCAACGACTTCAGAGGCGATCGAGGGGACCCCCGCGGCCATTGCTCTCGCCAATGACAGGCCAACGGTGGGGACGAGTGAGGTGAGACAGAAGATGTCGAGCACGCTCCAGAATCGAAATCCTTCGAGCGATTGGCTCGCGAACGTGACCCGGTCGGCGATTCGAAGTCGGTCCGCTCGACGGCGAAGGTCGACCTCGTCCTCTCCCTTTCCCGCGATCACAAACTCGGCATCGATTCCCGCGTCGAGGACCCGACGCGCCGCGTTCAAAAACGTGGCGAAGCCCGAAGCGGAGACCAAGGGGCCGGCCGTACCAATCACAGGCACGGGAGTCAGGCGCTTGGTCGCCGGAGGAGCGACCGGCTCGGGAGCCGTGATCCCGGGACAGGCCACGGACAGCAAGGAGGCAGGAACTCCAAAATTCACCTCGAGATCGTCAGCGAGCTCCTGGTTGACCGCCACCAGTTTTCGACACCAGCGACGACTCAGCCGCAAACGATCGCGAGGACCGAGGAATTCGTCGACCGTCTGGATGTAGG
NZ_CP155447.1_gap117	4295479	4298005	2526	AGTCCCCGAAAACCTCATGAGGTCGACGGCACGCTGCGAGATCTCGTCGTTGGTGTTGTTGCCCCTGGCCAGTTCCAGGGCGATCAGCCGGCCCGAATCGTCATTAAGCCGCCGTTCGATCTCCGCCAAATTCATCCACCACGCGCGCTTGATCGCATCGATCGGCATCAATTCAAGCGCCTTCTGGTAACGCGTTTTTGCCTCGTTCCATTGGGACTTAAACGCAAAAGCCTCGGCCTGCGCGGCGAGGTGCAGGGAGGCCGATGACCCCTCCAGGCGCGGGGCATCGAGACGCGTCAGAATCAGGTCCAAGGCGACATCAGCATCCGCGCTTCCACGTTCGCGAAGCAATCGAGCCGCGGCCAAAGGGATCGGCGCGAACGAGGGGAGGGCGTCCTTCCATTCAGCGAACGTCCATGTCGTCTGTTCGGCCATGTCGCGGATCACCCGCCCCGTGATCGATTCTCCGGGCAGATGGTATCGAAGAATCTGTGTGTCTTCATCAAATGCCGGAGTCCCGACGTGCGACAGATCAGCGCGCGCGGCCATCTCGAGTGCGCGGCGGTAGACCTTGATCGCGACCTCTTTTTTCCCTAACAGAAGCCACTGATGCCCGTACCAAGTCAGGGCCTCGATGTCTCGGCTCATACCGAGGCTAGGGATGAGAGCCGAACCGCGATCACCGGGAGGCGCTTGGCGAGCCAACGCGAATCGCACTTGAGCCTGGATCGGAGACGCCTGGGATGCGGCGGTGAGCAGCCGATTGGCTTCGGCCGCATTGAGAGGTTCGTCGGTGGCCCGCCGATCGAAGTAAATCGACCAGAGCATGAGGTTCACGGCCGACGACCGCCACCACGAGCCCTGGGGAACGGGAACGCTCTCGGGAAGCGCTTTCACGCTAGTGCCTCCCCCTGCCAGCAGGCTGGCGACAGTCCCCGACCAGCGGGCATCGACGGACCAGATGCAGGAGAGCGCGACGCCGGCCACTCCAAAAATGAGCGCGGCGATCAGGGCAGGGGGCCATCCCAACCAGAGCGGAAATGTCCAGTGCGCGGGTTCCCGAGGTTCCGTCAGAATCGGTTGCACCAGGGTCGGCCGCACCATCGGGCGTGGTGCGGCCGCTCGATTCACACTTGCCTTGTGAGACGCGAGGATGTCCTGCACCGTGGGCCAGTCGCGACTCGAGGGAGGGGAGATCGCTTCCTTGGCCGTCGAGCCACCACCGACCTGTGCCGAACTTTCGAGAGGGACTGCACCGTCTCCCGAGGGGGAAACGGGCACTGAGGGTTGAGTCGCCTCGATCGTGGATTCGGAAACAAGGGTCCCTGGTGCTCTTGGCAGCTCAGCGACATCGTGAATGCTTGTTGCTGAGTCGAGGCTTGGCCGGTCGGGAATCACCTCGTCCGGAACGGTGAGACCCGCCTCGGGCACGAACACGAATCCGGGGGGTTCGATCGGCTCCCCCAAAGTCGCGGCCGCGGGAGGCGTAATCGCCTCGACATCTCCGTGAGCCTCGACATGAAGCTCAGTGGCAATATCCCCATCAACGATCGCTGCCGGCTCAGTCCAAATCACCGACGTTATGGGGGTGATCACGTCGGGAAGAATGACAGGATCGAGCTGTGACTCGAGGAGAACCGACTCGTCGATGACCGTTACGGGCTCAGTCCCAATCTCCGACGGCGGAGGAGGACCGACCTCGGCAGGCACGATGGGATCGGCGGGAGTCTCAAGGAGCGCCGACTCTTCGATGATCGTTGCCGGTTCGGTCAGAGCAACGATGGAGGGAACCGCGATTGCCTCTGCATCGGAGACGAGTTCTTCATCAGTCTCGGTGAGAACCGTCGTTTCGATACAGTCCGAGGCAGGTACCTGTACTTCGTCGTCGGTGACGAGTGGCTGAGCATCGATTCCTTCGAACGACTGGAACTCAGCATGGTGTTCGGCCGCGATTTCGATCAAGCCATCCGGCGCCGACTCGGCGGTCCTGGTTGGGTCAACCTCGGGCGAAGGCGACAGCCTGTCAACAACCTCGAAAGTCTCTTCGATTGGCTCAGCGAAAGGCGGGGCTGGCGGAGCTACTTGAAACGCTGAGGGGCGAGGAGATTCGGAGGTCCACAAACTCGGATCGACGGGCAAGTCCGTCGCGGGAGCGAGTTCGCTCCGGGGCTCGAGTGAAGGAAGATCGACTCGAGGCAGTCGAGGCGCGTGGTATGGCGGCGCACTGGGCGGCGAAATCTCGGCCAGCGGATTCGTCAGGATTGGAACCGGCGGAACGCTTGGCAGAACCTCGGCGATGGGGGGCCGTCGATCGGCGGGAGTGATTCCCCGCCGGGTCCTGTTCCGCAACTCAGCCGCGTCCAGGGACGCGCGGCGGAACGCCAATTCATCCGGTGGAGTGTTTGCAACGGGAGCAGGAGGGGGCGCTATCGGAGGGGGCGCGACTGGAGGTCGAGCGCGCACACGCTCGCCGGCCGCTCGCCAGCGATTTTCCCACCGCCGTTCCTCGGGGCTGACATCAGACCG
NZ_CP155447.1_gap118	4316987	4318827	1840	CGGCCACGCTCACTAAAGCCGGTCAGCTGCTGTCACGTGTGAGCCTTGAGGCGATCCTGGTCGTCGACCCTTTCACTGCCCTTTGTTCCTGAGAATCGGCTCGCCATCCTGCACACGGAGGGGGCCGACAAAACTACCAAGGCGTGGTGAGCATGGCCCACCACGCCTTATTTTTCGTAGGGCAGGCTTTAGAATCGCCGCAAAATCCAATTAGGGTGCACTGAAATCGACCCTAGAAGACCGCCAAGCGAGGATCGCGGAGGTCTGAGCCGGGTTCAGCCGGGAGATGCGTAGGCGGCGTAGCATTTCTCCGTTTCCCAGAGGATGACCTCGACCACCGGAAGTCCCTCGTCAGCGGTGCGGTCGAAGATGAGCCGGGCGATGTTCTCGGCCGTTGGATTCGCGTCCATCACGAAGACGCGCTCACCTTGCTCGATCAAGACGGGCAGAATCGGGTCATCGCGGCAGAGAAGCATGTTGTGATCGAGATTCTCGTCGATCCAGCGCTGGACTTTCTGCTTGATCTCGACGAAATCGACGAGCATGCCCCGCGAGTCGAGGGATTCGGCTTCGAGCACAATCACCGCTCGGCCGTTGTGGCCGTGAAGATGCTTGCATTTTCCCTCATAGTTGAGCAAGCGATGCCCATAACAAAATGCAATTTCGCGCGTCACTCGATACATCGTGTGGTTCGTCTCGACTAAAGGTGAGATCCCGCGGCCATTCCCAAGGAGCCGTCAGGAGGAATCGCGGCGTAATTCGTGGGGTCGGGAACATGCGCATCGCGAAATCCGTGACGCCGCTCCGCGCACTTGTTGCACCGGCCGCAGTGCTGGCCGTCAACCGGACTCAGACAGGAAAACGTGAATTGCAAAGGAAGGTCACGGCCTCGCTTTAACACTTCGTCCTTATGCATGCGATCGAACGGTCGCAAAATCCGCAGCCTACCTTCCATCGCTTGATTCACGGCCGCTTCCATCTGGTCGAAGAAAGTCGGCGTGCTATCCGGGAATGGGTTTGTGCCAAGACAGCCCAGGGCGAGGCGTTCGACATTCCGCAGGCGGCACCACACGGCTGCTTTGGAAATGAACAGTAAGTTGCGTCCGGGTAAGTAAACCGCCTCGTCGGGCGAGGAGGCGTCGGGAACGGCGAGTCCCTCCACGCTCCAATGTCGGCCATAAACATTGGCGACCGGCTCGTCCAGGAGTTCCAGAGGGCAGAGGCCTGGGCGCTCGACAGCTTGAAGATAACGCCTGAGCCAAGCCAACTCGACCTCTTCCCAACGAAGGCCAAAGCGAACGTAGAGCGGGTGGACACGACGGAACTGACGGAGTAGGTCGACGCAGAGGATTGCGCTTTCCAAGCCGCCGCTGACCAGCACAGCGACCTCAGGGATCGCAGCTATGTCGGACATCGTCTGTATCCTGCCGGCTGGTATGTCGTCAAACGCGACCTGCGTCCGACACGAACGGACCACGCATCAGGCCGACCGAAGCATTTTAGGTCGGTCCATTCACGAGGGATAGTGGACCCCACTGCGATCGCGTGGCCCCGGCATTCCACGCGATAAAAACGCAAAAAGTCATACGCAGCGTTGCCAGCCCTGGAATGCCGACAGTCGAGCCACTGCAAAAGTCGAGTCCGTGAAGCCAAAAATGAAAAGCTCGACGGTCTCCTTTTCATGCACCTTCACCAGCCCATGCTTAATAGGATGGAAATTCAACAGACTACTGCCTAATATCATATTATTTATATTCGACGATCAGAAATAGAGGTGAAAAAAGAGCGATCCGGGGCCACTCGACTGTTGACCTTCGGAGCGAACCTGATATTATCTTCC
NZ_CP155447.1_gap119	4320139	4324323	4184	GCGGTGGAGTATGTGGCTTAATTCGAGGCTACGCGCAAAACCTTATCCCAGGCTTGACATGCACGGATTAGCCGGCGGAAACGTCGGTGAGGCCGCAAGGTACAACGTGCACAGGTGCTGCATGGCTGTCGTCAGCTCGTGCCGTGAGGTGTTGGGTTAAGTCCCCTAACGAGCGAAACCCCTGTGTCTAGTTGCCAGCACGTAATGGTGGGAACTCTAGACAGACCGCCGGCGTTAAGCCGGAGGAAGGCGGGGATGACGTCAAGTCCTCATGGCCCTTATGCTTGGGGCTGCACACGTACTACAATGGGGCGGACAGAGCGTTGCTAGGCTGCAAAGTCACGCTAATCGCAAAAACCGTTCCTCAGTTCGGATTGCGGGCTGCAACCCGCCCGCATGAAGCTGGAATCGCTAGTAATCGCGGATCAGCATGCCGCGGTGAATGTGTTCCTGAGCCTTGTACACACCGCCCGTCAAGCCACCAAAGCGGGGGGCATCCGAAGTCGCCGGAGCCGCAAGGCAGGCGCCGAAGATGAAACCCGTGATGGGGACTAAGTCGTAACAAGGTAACCGTAGGGGAACCTGCGGTTGGATCACCTCCTTTCTAAGGATTTTTCTTAGAAAATCTCGGCTCTGAACTGGATTGGATCGAGCTTCATGCCCGTGACGACCAGTAAGAAGGGCCGCATCGGCACCGTCTCCTTGATCAGATGGTATTTACGCCGGCTTCCCACGAAGGTTCTCTGACCACGAACACGATCGACCATTGTTAGATTCCTGAATGCGTGGGGTGGGCTCATCCCATCCCCACGCTATTCGTTTGCTTGCACTGCTGGGTGCGGGGCAGGGCCGTTCGCGGCGTTGCCCCCTGGCCAGCGGCCAGTGCGGATCTCGAAGATGGATGCTCTCCGGTTTCGGCCGGAAGTTCTGTCGTTGGGGTTCGGTTGCTCTTTCACAATCCGGTGGTTAGGTCACGCAAGTGAGAACCGCAAACAAATGGTCGTGGCAGACCAAGTAGAAGAATCTCTCCACAATACAGTGGAACCCTTACGGATGCGTGAGAGTCGCTTGCTGTGAAGCAACCGGCCTCACATTGGGATCGTTACCCAAGTGAGAGTGGTCCTGTGTCGCGAGACACTGGGCACTCGATCGAAGAGAGAGATCGGGGACTGACCCCTCGCCTTTCTGGCTGTCGAGTTTCTTTCGAGGAACTGCGGCGTCCGGATCGGCGTGGTCAAGCTCCTAAGGGCACGGGGGGGATGCCTAGGCGTCATCAGAGAGACAGGCGTGAAGGCTGCGATAAGTCCAGGGAGTTGTCCAACGAACGTCGATCCTGGAATGCCTGTAGAGACCCGGGAACTGAAACATCTCAGTACCCGGAGGAAAGGAAATCAACCGAGACTCCCTCAGTAGCGGCGAGCGAACGGGATCAGCCTAAACCGAGTGGGACACCACTCGGGGTCGTGGGCCGATAACATGGGATGAGTGAGCGTCAGCTGAAGCCTCCTGGAACGGAGCGCTAGAGCGGGTGATAGCCCCGTAAGCGACGATGCAAACTCCCTCTTCGGTACCCGAGTAGGGTCGGGCACGTGAAACCCGGCCTGAATCGGCGGGGACCATCCCGCAAGGCTAAGCACTCGATGACGACCGATAGCGAACCCAGTAGGGCGACCGAACGGTGGGAAGAACCCTGATTAGGGAGGAGACTGAACCTGAAACCCCGTGCCTACAAGCGGTGGGAGCGCGATGCCTTCGGGCCGCGTGACCGCGTGCCTTTGCATAATGATCCGGCGAGTTACTGTATCCGGCCCCAGGTTAACCCCTTCAGGGGAGCCGTAGCGAAAGCGAGTCTTCATCAGGCGCCATAGTCGGGTGCAGTAGACGCGAAACCAGGTGAACTACCCATGGGCAGGTTGAAGCGACCCTAACCGGTCGTGGAGGACCGAACCCACCAGTGTTGAAAACTGGGGAGGACCCGTGGGAGGAGTGAAAGTCTTATCAAACCTGGAGATAGCTCGTTCTCTCCGAAATGGCTTTAGGGCCAGCCTCAGGACATATCGTGCGGGGTAGAGCGACGGAATTCGGTAGGGGGCTTCCGCCTACCCTCCGAAACCAACTCCGAATACCGCACGACGGACCCCGGAGTCAGAACGTGGGGATAAGCTTCACGTTCAAAGGAAACAACCCAGACCGCCGACCAAGGCCCCAAATCGACGCTCAGTGGCAAAGGAAGTGGGATCGCGGTGACAGCCGGATGTTGGCTTAGAAGCAGCCATCATTTCAAAAGTGCGTAACAGCTACCGGTCGAGCCATCCCGCGCCGAAAATGACGGGGACTAAGCGTCGTGCCGCAGTCGCGGATCAGATTAAACTGATGGTAGGAGAGCGTCGCCCGCCGCAATGAAGCTGGATGGAAACGACCAGTGGAGCGCGGGCGAGTGCGAATGCCGGAACGAGTAACGACAAGACAGGTGGGAAGCCTGTCCGCCGAAAGCACAAGGTTTCCTGGGAAGGTCAATCCGCCCAGGGTCAGTCGGGACCTAAGGCGAGGCCCAAGGGCGTAGCCGATGGACAGACGGTTAATATTCCGCCACCCGATGGTAAGGTTGAACCGCGGAGGACGCCGAGGAGAGTCAGGTCAGGGTGTTAGATTACCCGTGCCGCAAGGCCGACAGCATTCGATCTGGAAGCCTGATGAACTCTCGGCCACGAAAAGCCCCGCGGGACGAACCATCTGGCCCGTACCGCAATCCGACACAGGTGTGCTAGGCGAGTATCCGAAGGCGTTCGGGAGAACCTCGTGAAGGAACTCGGCAATGACCCCGTACCTTCGGTACAAGGGTGCTCTCCGCAGGAGAGCCGCAGAGAATCGGCTCTAGCGACTGTTTATCAAAACACAGGACTCTGCCAACTCGCAAGAGGACGTATAGAGTCTGACGCCTGCTCGGTGTCGGTAGGTTAAGGAGCCGATGAGGCGTAAGCTGAAGTTGGCGACCGAAGCCCTGATAAACGGCGGCCGTAACTATGACGGTCCTAAGGTAGCGAAGTTCCTTGTCGGGTAAGTTCCGACCTGCATGAATGGCGTAACGACTGGAGCACTGTCTCCACGAGGGACCCGGTGAAACTGTAGCCGTGGTGAAGATGCCACGTACCCGCGGTCAGACGGAAAGACCCCGTGAACCTTTACTGCAGGTTGGCATTGGGTCAGCGTCCTTTCTGTGTAGCATAGGTGGAGGCCGTGATCCGGCGGCGCCAGCCGTCGGGGAGCCATCGGTGAAATACCACCCTGAAATGACTCTGATCCTCACCGGTCCGTAGCCCGGACCGGGACCATGCTCATCGGGCAGTTTGACTGGGGCGGTCTCTCCCAAAGAGTAACGGAGGAGTGCAATGGTACCCTCGGCCAGGTCGGCAATCTGGCAACATGAGCGCAAACGTAGAAGGGTGCCTGACTGCGAGACCCATCAGTCGAGCAGGGACGAAAGTCGGCGTTAGTGATCCGGCGGTGCTGGATGGAAGGCCGTCGCTCAACAGATAAAAGGTACTCCGGGGATAACAGGCTGATCTCCCCGAGCGTCCATAGCGGCGGGAGGTTTGGCACCTCGATGTCGGCTCATCGCATCCTGGGGCTGGAGAAGGTCCCAAGGGTTTGGCTGTTCGCCAATGAAAGCGGTACGCGAGCTGGGTTCAGACCGTCGTGAGACAGGTCGGTCCCTATCTGCCGTGGGCGTAGGAAACTTGCGAAGGGTCTCCCCTAGTACGAGAGGATTGGGGAGGACCGACCTCTGGTGTATCGGCTGTTCTGCTCAGGGCATCGCCGAGTAGCTAGGTCGGGAAAGGATAAGCGCTGAAGGCATCTAAGCGCGAAGCCCTCTTCAAGACGAGGTTTCCAGCACGCAAGTGCGAAGGCTCCTGGAAGACGACCAGGTCGATAGGCCGGGAGTGCACGGCGAGTGATCGCCGCAGCCGACCGGTCCTAACAGCCGATCGCTTGACCACCCCGATCCGTCCGCCGGCTCCCCTTTGGGGACTCGACACGGACAGGAATCAGGGTTGCATCATTCACCGATCGCATTCGATCGATCACACGGCGACGTATTCCCATTCCATAACGGGGACCACGCGTCGTGAAGAGACTCGAAGTCGGTTGGTCATGCCCATCGAAGTGGCGGTAGGATCTTGCGT
NZ_CP155447.1_gap120	4325638	4329024	3386	GACTTTCACCTGAGACAAGGGCTCCGCATTTTCGGAGTCACTGGTTGGATCCACGATGACGATCGATTGGGCAAGCTCTCCACAAACCCGTAAGTCGCCGCCGATGTTCAAGAGAATTCCGCGAATCCCACGACCTTGGTCCAGCGCAATGTTACAGGCCGACTCGACGATATAGCCCTTGGCAATTGCATTCAGGCTCAACGGGCAATCGCTCAATCGCTCCGCGGTCCGGGTCCGGACGTCCAGGCGCCACGCAGGGCGACTCATCAATAACTTGGTTGCCGACAATTCGTCAGCGGTCGGGATCCGGTTCTGCTTGGCGCAGCGTGACCAGAGACGCGTCAGTGCCTCCACGCGCGGATCGAAGGCTCCCTCGGTTCGCGTGGCCCATTCATCACAGGCCTGGAGGACTGCAAAAAGTTCCGGAGAGACCTTCATCGCGACATTCGGGGTCGCTTGCCAGCGGTTGAACTCGCTATTGGCGTCGTAGCCGCTGAAAATCGCGGACAGACGATCGATTTCCCCTAAAATCCGCTTCTCCGCCCAGATTGCTCCCTCGGCCGTGTCGGTGTTGGTTCGCAGTTCGAGCGAGGTTCCCAGCACGTTCTCGTGATAGGTCGTGAATTCTTTGGCCGTTGCGGGACTGAAGAGGAAGAGAAGGGACCCCCAAACCACGAGGGCCGGGAGTCCAATTAATGAACCATGAATCATGACGCGATCTCCGGGAGGAGGTTGCCGAGTGCGCTCGAAAGTCGGAGGCCGCCAAGGCCCGGGCCGCGTCATCATCGCATGCAAGAGTCCCTGAGTCTCGGAAAAATGCGCCTGAAGCTGTCGCTCAGCTCAACGCCAGACCCGGAAGATGTGCGCAGGGCACACATGCGGGTCGAGGCGGACGAAATTCCATTCTCCTCGCCAGTCGTAACGTGCATCGGTGAGTAGGTCGTGCACCTGGTAGGACTCGTTCAGTCCAAACTCCCAGAAAGGAAACTGGATCGAGCCTTCCTGGGTATGGAACGGGTCCAGGTTGACGATCACGAGAATGATGTCAGAGCGGTCGGGCGACGATTTGGCATAGGCGATCATCTCGTTGTTATTGATCGTGAAGAAACGCAGATTGCGGTCATAGTGAAGTGCCCGGTTGTCGCGTCGGATCGTGTTCACCCGGCTCACGAAGTACCGAATCGTTCCCGGTTCGTCGAGGTTCCAATGGCGACATTGGTACTTTTCCGAGTCGAGGTATTCTTCCGACCCGGGGCGAACCGGGGTACCGTCGCAGTGCTCGAACGGTGGGCCGTAGATACCGTAGGTGGCTCCCAGAGTTGCCGCCAGGACGAGTCGGGCCTGGAATGCGGGTCGGCCACCGTGTTGAAGCGACTCGTGGAGAATATCCGGAGTGTTCGCGAACAGGTTGGGCCGCATGTATTCGGCCACTTCGGTCTGAGTCAACTCGGTGAAGTACTCGGTGAGTCCTTCCTTCGTCGTCCGCCAAGTGAAGTAGCTGTATGACTGGGAGAAGCCGGATTTGGCCAGGTACTTCATCACCTTGGGTCGGGTGAACGCTTCGGCGAGGAAGATCGTGTCGGGATGGCGATCCCAGACTTCGCGGATCATCCACTCCCAAAAGGGAAATGCCTTGGTGTGCGGATTATCGACCCGGAAGATCGTGACGCCGTGGGAAACCCAGAAGAGCACGACGTCCCGAAGTTCTTCCCAGAGAGCTTTCCAGTCGCTCGACTCAAAGTCGATCGGATAAATGTCCTGGTATTTCTTCGGGGGATTCTCAGCGTACTTGATCGAGCCATCAGGACGGTGGCGGAACCACTCGGGGTGCTCTTTCACGTAAGGGTGGTCGGGGGAGCACTGGAACGCAATGTCGAGCGCAACCTCCAGACCGAGATCACCGGCTCGAGCGACGAGATGATCGAAGTCCTCCAGAGTGCCGAGCTCGGGCAACACGGCCTTGTGCCCGCCCTCAGGGGAACCGATCGCCCAGGGACTGCCCGGATCATCCGGTCCGGGAGTGAGGGTATTGTTCGGACCTTTCCGAAAGCTCAGGCCGATCGGATGGATTGGCGGCAGATAGAGAACGTCAAAGCCCATCCCGACGACGTAAGGAAGCCTTGCCTCAACGTCCTTGAACGTCCCGTGTCGACCCGGCTCGGGTGAGCACGAGCGAGGAAACATCTCATACCAGGCGCCGTAGCGAGCACGCTCACGCTCAACCGTGACCCCGAGTACTCTCTCGTACGAAGTGGCCCCACTACGGTCAACGTAGTGTGTCATCAACGACGCGAGTTCCGGGTCGAGGGCGTTCTTGATCCGTTCACCGGTGTCACCGCCATGGCCAAGCACGTCTGCTTGCGCACGAAGCTGTTCGGCATCGCTCCCCCTGGCGCGCTTGGCGGCCTGTTTGACGAGTTCCGCCCCCTCCACGAGTTCGCTCGAAACGCCCAGACCAGCGTCCACCTTTTTGGAGAGATCCCGCCGCCAGGTTGCGAAATAATCAACCCAGGCCTGGAGCGTATAACCGTACCGCCCTTGGGCGTTCACGGTGAACGTTCCGCTCCAACGATCGTTACCCAGTTCCGACATGGGCACCTCGGTCCAGTCGGCTCCGCCGATGGGGCCATGGCGGAGGACGGCTGCGACCAGGTCATGTCCTTCGGCGAAAATGTCCGCCGTGACGACCACCTCCTCGCCCACGGTCCGCTTGATTGGAAACGCGCCGTGGTTGATCTCCGGCTGGACTCCTTCGATCACGACGCGAGGAGGGGGTGCAGTCTTCTCCTGGGTTGTCCGCGTTTGACCTTTCACCGCCGTACTCTGCCCTGTCATCACGACTTAAAACTCCTGGGGGCTCGCATTTTCGTCGTCGGAAGGGGGATCAACTGCCCGGCTTCATCAAGTGCAGGATGCCCAGCATGGGAATCCGAATCCAGTCAGGACGGTAGTTGAGTTCATACTGGAATTCAAAGAGGGTTTTCTCCAGCATGAAGAATTCTAGCAGGAGCGCCATGGCCGACTCATCGTCCGGCAGCAACGGGGCGGCCGTCGCGCGATACTCGCGCAAATACGCGGCCGACGTCCAGTTCTTCCAGACCTTGGCCCAGGGTTCGAGCCGATCGAACTTCTCCGGCTGGTCGACGCTGGAGCTAATCAACTTGCTGTAGACCGCGTAGTCGAGCGAGCGCAGCATCCCTGCCACGTCACGCAAAGCGGACTTCTTCTCTCTTCGCTCGGCGACGGGCCGGCCGGGCTCCCCTTCGAAGTCAAGAATAATGAAGTCGTTTTCATCCCAGAGCACCTGCCCGAGATGATAGTCGCCGTGGCAACGGATCTTGATAAGGTGGCCGACTCCTTCACTCAGCGGCTTGAATCGCGAGGCC
NZ_CP155447.1_gap121	4370911	4373204	2293	TCAGCGGCGAAATCGTATTTCAGAACGTGGGGCAGCTCTCAGGTGGCGAGAAGGCCAAGGCGGCACTCGCCAGGCTCTCGGCCACCGGTGCCAACCTGCTCGTCATGGACGAGCCCACCAACCACCTCGATATCTGGTCATGCGAGGCCCTGGAGCGGTCGATCCGCGAATTCGAGGGGACCGTCCTCGTCGTCAGTCACGATCGTTATTTCCTCAACCAGGTGGCCGATCGCTTGATCGTCCTGGGAGACGGCAAGACGCGGGTTATCGAAGGGGACTACGAAACCTACCAACGAATCGCTCAGCAAGAGTCCGAGGCCGCCGCGGCGAAGGCGCGAAGCGTCGCCCCCCTGCCCTCCTCCTCAACGGCCGAGGCTTCCCCCACCGAACGCACTGACCGAAAGAAACGCAAGTATCCCTACCGTAAACCGGCGGACCTCGAACGTGAAATCGCGGAAGTCGAGACCGAGGTCGCCGGGCTCGAGGATCTCCTCGCCCAACCCGGGGTCTGGCGCGACGCGATCAAGGCCGTCGAGCTCCAGCGCCGTCACGCTGACCTCAAGGTCGCGCTCGCCAACCTCTACGAACACTGGGAGGAAGCCTTGGAGTTGAACTCCTGATCCGATCCGTTCGGAGAGAATTCGGCAACCCTCGACCGGTTGCCACGAATCCTCTGTCCAGGCTCCCTATTTCGCATTGACCTTGTTAAATTGTGGCACTGTAAACCACGAGACATATACGCCGCTTGCCCGACCCGCAGCGAGTTCGCCGCCGATGCCCGACCCCGAAAAGTTGCTCAAGACGATCCGTCGCGCCACCGAACTGTTCCGCGCGACGCCGGGACGGGCGGGAGGCATCGTCACCCTGGATTCAGCCCTGGAAGTGCTCGTCGTCGGGGACTTGCATGGGAACATCCCAGCGTTCCGCAAGGTCCTCGACGCCGCCGCACTCGCGACCAATCCCTCGCGTCATTTAGTCTTACAAGAACTTGTTCATGGTTTGCGGTTCTATCCGGACGATGGTGGCGATCGTTCCCATCAGCTTGTTGATGTCGTGGCCGCTCTGAAGTGTCAGTATCCCGATCGCGTCCACCTGATCCTGGGAAACCACGAACTGTCGGAGATCACCGGCCGGATGATCGGCAAGAATGGGGTGGCACTCAATGCCTTGTTTCGCCAGGGGGTTACAACCGCGTATGCCCCCCGGGACGCCGAGGTCTATAGCGCCTACCTCGAACTCTTCGCGGCCCTACCGATTGCGGTCAGGACGCCCAATCGTGTCTTCCTCTGTCACACGATTCCCGACCCGGTCGATCTCGACAACCTCGATCTCGAGTTGCTCAAGGCCAATACCTGGACTCCCGAGGCGATGGCCCGCCACGGCACCATTTACGCCATGACCTGGGGGCGGAATACTGCGCCTGAGACGATCGACCAGTTCGCCAGGATGGTGGACGCCGACTGGTTCATTACCGGGCATCAACCCTGCGACGAAGGGTTCCGGCAGGCCAATCATCGCCAGATTATCATCGACGGCACCGACCCCTACCCCACCTACTGTTTGTTCCCTGCACGCGAGCCGGTCTCGATTGAAACACTCCTGAAAGGGGTGCATGTCTTTGGAGTGATCCACTGACGGCGATCGGCCGCTCGGGTCACTCCCCCGAGGAACGCAAGGGCAAGCCGGTCTTGACGCGGTCATGACTACGAGTACACTTCGCCCGCCTTCTCGGCGGGCCGGGCCGATTCTGGCGCGGGGCCGCCTCGTTCTCAAGACGCCAAGTCCGCGTGCCGATGGCAGGATGCCATGCTCTTTTGTTCGCAATCCTTCCTGTTTTTCTTCGCGATCGTCTTCGCGACTTACTGGGCACTCCCCTGGCCACGCGCACGGATTATCCTCCTGCTCGTCGCCAGTTTCTATTTCTACGCGTCCTGGAATCGGTGGCTGGCCGCCTTGATCGGCCTGTCCGCGACGTTTGACTATTCCGTGGGGCTCGGTCTCGAACGATCCCGATCGGCTCGCTGGAGATCGCTCCTGCTCGGCTTGAGTCTCGTGGCCAATCTGAGTCTCCTGGCTTACTTCAAGTATGCGAATTTCTTTCTCGGCTCCTTGGAAGAGATCCTCCGGACGCTAGGTTCCGAAGCCTCCCTCCCCGTCCTTCGGGTCATGCTTCCGATCGGTATCTCGTTCTACACGTTTGAGGCGATCAACTACACGGTCGACGTTTATCGCAAACGGGTTCCGGCCGAACGGAATCTCGGGCACTTTCTGCTCTTCATTACTTTCTTTCCCC
NZ_CP155447.1_gap122	4390283	4392359	2076	TCGCTCGTGCCCCGCTCGCTACGAGTAATGTCAGCACGCTGAGCAAACAGTAGAGTGGCTCCGATTGGATGGCGCCCCCCATTCGTCCCCAACTCCAATTCACTGCGAGCGCCGATCCGAGTGCCAGTGCAATCCCGGAAGGATAGAGCCGCCGGAACCAGTACCAAGACGCGATGGTGGCGGCCACGGTGAAGGCAACCGAGAGCGCATGGGCCGCGGTAAATGAGGCTCCTGCTATTCGATAGAGGCCAGACAAGACGAGTGGATACACCGGAGGAAAGTGAGTGTGAGGAGGCGTGGCGGGATGGCTCCCCTCTCGATACCCAAGTCCCGAGGCTAACGACCAGCCAAGGACCGCATACCCAGCCCCGTCATGTCGAGGGGGCGAGCGGAACCCCGTGTTGGGGAAGACGGAGCTCAAGGTCATCGCAAGGAGGATCAAACTCACGGGCCCCGCACCCAAGTTTCGTCTTAAAATCATCGGAACATGCTCATCAAGAACGTACCCCGTGAAGCAGATCGAAGGGGATGAGCCACCGGCCAGATCCGAAGGATGCGGTGACCTCTCGAGCGATTCGAAGCCTTGAGCCCAGCCGTTGCGTTGCCAGGTCGGGTAGGGCTAGGAGGCGCCCCCTGCCCTATTGATCCGGATCGCGTTGCGACACCATAACGCCACGCCGCGATTCCCGCGAGGGCTGAGAAACCGAACCTCGTCGATCTCGTCAAGTCAGCGATTTCAGGTCGGGAGCACGGTTTGGGAGAACTGGATTGACGAAGGCTCATGGGGGAGTCTATGGTCGGGAAAAGCTGAGGAGTAGGCCCGGTGGAAATCTAAGTCGCGACCCAACTATGACCAACAACATCGAACGATCAGATCGCGTGGCGTCGCTTCAGGAGATCCGGTCGCGGTTCCCTGCGCTGGAGCGCCGGGTGAATAGCCAATCGGTGGCCTACTTCGACGGCCCTGGAGGAACGCAGGTCCCGCAAGCCGTTGTGGATGCGGTGGCTGACTACCTCCTCCACCACAACGCCAATGCTCATTGGGCCTATCCGACGAGTGAGGAGACCGATTTCGTCATTGCCCAGGGGCGGGCGGCCCTGGCCGACTTCCTGAATGCGTCTGCTTCCGAGATCGCCTTCGGCGCGAACATGACAACGCTCACTTTCCACCTGGCTCGGGCCATCGGGCGCCGACTCGGCCCTGGTGACGAGATCGTGGTGACCGAACTCGACCACCATGCCAACGTGGCCCCCTGGCAGGCCTTGGTCGTGGAGCGCGGAGTGACCCTTCAAACCGTCGCCGTCCGCCCCGAGTCAGGAGAGCTCGACTGGGCCGATCTGGCGTCCAAGATCAACCGACGAACCAAGGTTGTGGCGATCGGCGCAGCCTCGAACGCACTCGGAACCATCAACGACGTCGCCGCTGCTGCCGCGCTTGCTCACGAGGTCGGAGCCCTGATCTTCGTTGACGCGGTCCACTACGCGCCTCACCGACTCGTCGATGTTCGGGCCTGGGATTGCGACTTCCTCGCATGCTCGGCTTACAAGTTCTATGGGCCGCATGTGGGCGTGCTGTTCGGCAAGAACGATCTTCTCCAATCGCTCGATCTTCCCAAGCTTGAGCCAGCCCCCAATACCACGCCCGAACGTATCGAGACGGGTACACAGAATCATGAGGGGATTGCCGGCGCGGCCGCGGCCGTCGACTTTCTGGCTTCGTTGGCAGTCGGGCCGACTCGTCGTGCGCGGCTCACGAGCGTTTTCGACTCGTTTCACGACAGTGGGGCAACCCTGATCGGTCACCTCTGGCAAGAATTATCAGCCATCCCGATGGTCCAACTTTTCGGCCCCGACCCGACCACGTTGCGCACCCCAACAATTTCGTTCTCGATCAGGGGCATTCCGGCGCGAGACGTCTCCCGGAAACTCGCGGAGAAAGGGCTCTTCGTGTCTCACGGAAACTTCTACGCGAAAACACTTTTCGAGCGGATTGGCCAGTCGCGCGACGGGCTCGTGCGAGTGGGATGCGCCTGCTACACCGAGCCGCGGGAAATCGCGCGGCTCATTGAAGTAGTT
NZ_CP155447.1_gap123	4442041	4442828	787	GTCTGTCTTCGCCCAGCACTTCGGCCTCAGCCTGAGCGGGTAGGTCGCGGACGGTGAAGGAGCCACGCGTCTGTGCGTTGCGCATGCCGACGGCGAAGACGTAAGTCGAACCGCTGTGGCGTTTGACCATCACATCGATGGGTACTTGCTCGTTGCTGGACACGACCAAGGCGCCATCTTCTATGGTGGGGCGATTGAGCGCGGGGGCCAGTTCAAGGATCTGTCGATTGATTGCGGTGACAGCGGTAAGCAGTTCGGGATCGTCCAGGAGCGCGTGGTCGTTGAAGCTCGGCTTGAACTGGTGGACGAAATAAATCAGGCCCCGAGACCCGTGGACAAGGGCCATCCAGACTTCAGCCCGGACCTGGTGAGGCGTGATCTTGGCCTTCTCGTTGCTGATCCGGCTGCTTTCGATGCAGTTCCAGACGATCCTTCGCCCCTCGGACCACTTGAGGAGCCGATCGATTCCTTTGGCGACGTACCAGAGGTAGTCCGCGCCATCTGGGCGGTCGAGACCTGCGACCGGATAGACGTCGAAAGAGACGATATCGCCCCCTTTGACGTAAGTGAGGTAGTCGTCGAGCCTCGCTCCTCGGCCTCTCCCCTTCCAATCATCATTGGCAACCCCCTGCCCCAGGTTCAGCAGGATCGGCCGGGATGGGTCAGTGGCGCGAAGCCTTTCGTAATCTTCGAGGATTCGCGAGGGCGGTACCGGCCCGCCGTAGGAGCGGCGACCGGACTCTGGATCGGTGATGAGTTGAGCGTTGTCAGGCTCGTCGCCGTGCAT
NZ_CP155447.1_gap124	4451611	4456055	4444	GGTTCGAGCCGACGAGGACTATGCAGTCAGATTCCTCGAAGTCTTGATAGGTATACGGCGGAGCATCGAACCCGAACGCCTGCTTATAGGCGACGACGGCCGAGGCCATGCACTGGCGAGTGTTGCCGTCGCCATGCATCATCCCCATTCCAAACTTGGCCACGGCGCCCAGGAGTGCCATCTCCTCCGTCGCGATCTGTCCCGTGCTGAGGTACGCGACCGAGTCGTTTCCGTGTTCGGCCTGAATCGCCTTGATCCGGGTGGCGAACGTGTTCATCGCGGTGTGCCAGTCGACCGGCCGTCGGACACCGTCATCGTCACGGAGGAGCGGAGTTGTCGCCCGGTCGTCAGCCTCGAGGACAGTGAGTGCTTCCCACCCCTTGGGGCAAGCCATGCCGAGGTTCACCGGGTAGTCGGCCGAGGGGCTGAGGTTCACGGCCTCCCCTTCGCGCAAGTGAACGGTGAGGCCGCATCCCGTCGAGCAATACCCGCAAACCACTCCCGTCGTCGCGTCGGGGGCCTTGAGGGCCGGCACCTGGCCGAGGCCGAACTTACCAGGGGTGCGGAGTAACTCCTGGGTCAGGATCCCGTCACGTGCCCGGACGATCGAGCGGAGCTTGTTGAGGATCGTAGAGGTCGCTGTCACGAGGCCAACCCTCCTGGCATCTTGGGCCGAACCACCGCCGCGAAGAAGAGGTAACGCTCCGCCAGCTCACCGCCAAGCACCGCCGCTAACGCCACCCAGGCCGCGGCTTCCGGCACCGCAACGGTCGCGAACACAAGGGGCACGATGGCCCCTCCCGCCAGCCCAAGCCCCAGCCTCAATGCAGCGACTCGCGAGAGTGGCCCGCGGAGAAGCAAGGCGGTGCGACGCAGTGAAGTCATCTGCGGGTCACGCAAGTGCCTCAAAATTGCCCCCTCAAGGGCCAGCTTCAATCCAGTGGCAATGGTCAGCGCGATGGCCAGTCGCGGGGCGCCGCCCGAGGTTGCGAATGCTCCGGCCAGGCCGAGAACAATCGAAGTGCCGAAGAACTTCGCCGCGCAACGGCCCCCTCGCCAGAACGGTCGGCGGACAACGTGATAGACCATGACCGAGCAGAAGACCGCCAGGAGCCCCGTGGCCGCCGCTGCGGCTGCCGACAGACCGAGCCAGCGGGGCTGGAACCATAAAGCCGCCGCGTGTCCGAGGGCAACGTTCGCAAAGAGCCCGAACGCCGCCACTTCACGGCTCAGCCACGAGTGACGAAGGCCGATGAGCGCCCGGTAAGCGTAGAGTGGTCGACCCAGATGGAGCAGGCTCGCGTGGATCCCGACGAGGCCGACGACCAGGCTCAGCCAGGGGAGCGTGGTTGTCACGTCGCCACCCATTGCCCTGGATACTGCCTCAAACAGATATCCACCGGCCGAAGCCTGGGTCAGTACGAGCATCACGACAAGTGGGAGGTGAGCGTGCTCCGGCTCGTTGCGGAAGTAGTCGCCTGCCCGCACCGGCCCTGGTGCGGGGCGACTCGAAAGGTAGCGAGTCGTCGGCATCGTATAATCGGCGGCCGGCGCGGTTGCGAGGAACGAGTTCGACTCGGCTACCGCCACCGCCTCCTCGCGGTCGATCACACGAATCTTGATAGCCTCATGCGGACAAGCCTGAGCGCAGGCAGGTGCCTCGCCCACCTCGAGCCGGTCGGAACACATGTCGCATTTCCGGACGATCCCCTTTTTCGCATGGAATTTGGGGACGTCATACGGACAGGCCAAGGTGCAGTACTGGCAACCGAAGCACTGGTCGTCGAGGTGCTTCACGATCCCCGTCACCGGGTCTTTTTCGTAGGCATCGACGGGGCAGGCGGACAGACAAGCGGGGTCGAGACAGTGGTGACAGGCCGAGGTGACGTGCTGCAAGACCGGCAGCCCCGCGATCGCCCCGACAATCAGGCCAACCTCGCGCCAGGCCTCGAATTCGTCCAGCCCGTTCATCGAGTGGCAGGCCGCAACACACGCCTTGCAGCCTGAGCAACGATCGAGATCGACCTCGAAGGCGTACTGCTGCCCCGGCCCCGGGGCTCGGACCGGCAGGAGCGACGAGTACAGGCCCCCCTGGAGGGGACTCTTCTCACCTTCGTGAAACTGCGTGAAACGGTCGACGGCCGTCAAGTCGCCCTGCTCGTCAAGCATCGCGTCGATCAGGGTCAACTTGCCACGCGTCTCTGGCGAGGGGGTTACGACCGTACTCATTTCGGAAGGCTCTCCCGTACCGCGCATTTTTTTGGGAAAACGCAGCCAGATTGCACCGAGCAGGACCGTCCATCAGGTCCGTCGCCTCCGAAAACGAGCCGCTGGGGGAGAGACCGGCGGCCTGTCGTCATTGGCGATCCCCCTTAAAGCAGAGTCCGTACCAGGACTGCGTGCCATTCTTGGCAATCCCCCGATTTCCACAAAAAAGGACGGCTTGGCTTCGGTCCAGCGACACCCTCACTTCGGGAAACCGAAGCGAGCGGAAGGGCGGTCCCGAGGGGGAGGCGAAGCACCCTGTTTGTTTTTTGTGCTGAAATGCTATCAGGGCAGGCAGGCGATTTGTGGGCCGACGGGTATCACCCGGGGGAGTTTCCAGGCGCTTCGAGGTCCATACGGCACGACCTGAGCCGGGGTGGGCCGGCCGTGCAATGCTCCAACGACACCCGGCGCACGGCCAGCACAGCCGTGCGCCGGGTGTTGGGCAAATCGAGAGAGCGAAGCGCGGTTTGGCCTCGCAGTGATCTTGAGGATTGGCTCGATGAACCAGTTAGCGGTCATCCCCAAGGTTTTTATCCGTCGCAGACTCGGCCTCGATCGAGAGCCGGAACAGCTCGGCGAGGTTGCGTGCCCCCAGCTTCTTCATGAGACCAGCCCGGCGCATCTCGACGGCTCGGGGCGTGATGCCGAGGGCGGCCGAGATTGCCTTGTTGGGTTGACCTTCCTTGATCAGGGCAAGGACCTCACGCTCCTTGTCCGTCAGGAGACGGAAACGCCGCAGGGCCGCATCGCGATCCGCCTTCTGGCGGAGACGCTCGACGTCGTTCTTGATCGCGCGCTGGACCCGGTCGAGCAGCGATTGGCGATTGAAAGGCTTCTCGACGAACTCGATCGCCCCCGACTTCATCGCGCGGATCGCCATCGGCACATCGGCAAATGCCGTGATGAAGATGACGGGCATCCCTTCGCCTCGCGCCACCAGTTCTTCGTAAAGATCCAGGCCACCCGTTCCCGGCATTCGGACGTCGAATACAAGGCAGCCGGCCCCCCCCGTTTTGAAACTTGCGAGGAACGACGATGCCGAGGGGAAGACCTCGGCTCGAAGGCCCACCGTCTTCATCAGCCATTGAAGCGAGTCCCGCATGTCGAGATCATCGTCCACGATGTAGACCGTCGGCTCACGCTCCGCCTTCACGCCGATCGCCTTGTCGTTCTCCATCATCCGCGGTATCCGGGGCTGGCAATGTGAACCGGAAGGTGGTGCGAACTCCTGGCTCGGATTCGACACGGATTCGACCATGATGCGCCTCAACAATCGTCCGGCTGATGGCCAAACCCATGCCCATGCCTTCGGCACGCGTGCTGAAATATGCGTCAAAAACCCGATCGAGACGATCCTGGGAGATCCCCTCTCCGTTGTCCTCAACCTGAAACTCGACGCCCCCGTTTGCAACTGGCCTGGTGGTAATAACCACTTTCGGTTCAAGGCTTTGGGAAACGGAGAGGGCGTCAAGTGCGTTGCGAAGAAGGTTTACCAGGACCTGCTGGATCTGCACCGAATCGCCCCAGGAACTTGGCAAGTCGCGTGCCAGGTCAAGCGAGAGGGGCATTCCGCGGCGGCGGACCTCATCGCGGAGGAATTCCTCGACCTCCAAAACAAGCTGGTTGGGGTCGATGGGCTCGCGAACGTTGGATTCATGGCGAGTCACAAACTTTCGGATCCGTTGAACGATCGCACCGGCACGGAGGGTCGTGGCAAGAATTCTTTCCAGTACGGCCTTGATCTCGCCGAGCTCAGGGTTCGGTTGGCCAAGGGCCACGAGGCACCCTTCTGTGTAGTTGGCAATCGCGCCGAGGGGCTGGTTCAACTCGTGGGCCAGGCCGCTGGCCATCTCACCGACCGTCGTTGTGCGGGCGACGTGGCTGAACTGCTCGACCGCGATGCGTTGCCGCTCCTCGGCCCGTACGCGTTCGGCGACTTCGCGCGCGAGGTCGTGATTGAGTTGCTGGAGCTCCGTGGTCCGTAAGCGGACTCGCTTTTCCAATTCGTCGCGTGACTCGCGAAGTTCGCTGACCTGTCGCCCAATCAGGTCGGTCGCAGGCTTGAGGACGAACCGACCGATCCCGGCCAGCACGAGCAGGGTCAGGGCGGTCACCCCCCAGCCGACTCGACTCAACCGGTTGACGTGCGCCTGAGCCTCGTGCTCGAACAACCCAA
NZ_CP155447.1_gap125	4542016	4544542	2526	CCGAGCTGACGCCAACCGTGCGTATGGATTGACGCTGGCAACGGCCATGTCGATCGACTCGGAATTAACGTATGAAATGATCGTGCCAGGTGTGAGGGCCGCCGAGTGGGTGGTGGTCGCGGCTCAGGCACCTGAATTGCCCGGCCAGATGAACGTTCGCTCCTCTTTGGATCCGGGTGGCAATCCGACCTGGGACTTGAGCCCTGGGAATCGTCCCTTGCTGGTCAGCCGGATCGCCGCGAGTTCACACGAGAATTTCAACAGTATCTCGGCCCGCGCCCACTACCACTCCACTCTCTTATCGCGTCACCTCTATCGACGCCGGGCCGGTGAGGAAGCGACGGACGCGATCCCGCTAGGAGCCGAGGAACGTCGGCGAGCTCTGGCGAAAGGGGGAACCTACGAGTTGGACGCACCAGAATTCCGCCGCTGGATCAGCGCGGAGTCCTTGCCAATGAACCCCTCGGAATCCGAGATCGACTACGCTCGACGCGTCTTTCTTACCATAAAACAAAGCTTCACTTACGAATATCGCGAAACGATGGATCGACGCCTCTCCCGGGTCTGCGCGGTGCGACGGTCCGATTGCGGTGGGTTGTCGATTCTGTTTGCCGCGGTGCTCCGGACCCAGGGGATTCCGGCCCGAATCTTGGTCGGTCGCTGGGCCACGTCCGCCGTCCCCGGCGCTCAGCTCGGGGGAATTCCCTATTACCAGTGGCACGTGAAAGCGGAGTTCTACGCCGAAGGCGTGGGCTGGATTCCGGTCGACCCCGCCGCCAGCCTCATCTATGACCACTCCCGCGAGGGGCTTCGCTACTTCGGGCACGACGAGGGGGATTTTCTTACCTTGCACGTCGACCCCGACCTCGTCCTCGACACCGTGCACTTCGGGCCGCAACCAACCCCGTTCCTCAACGGCGGGCTCGGCGTCTGGGTGGTTGGGAGTGGGTCGCTCGAGAAGGTGCGAATCCGCCAGGATTGGCAGGTCCGCGAGGTCGAAGCGTCGCCTCGTTCCAGCCGATTGGCCAGATCGTTGAGCGACGCTCCGACGTCTCGGTAATCGTCCGACCTCAACTTATTGACGCTGGGGCGCGACATCGCCGTAGGGCCAGGGCTTGCCTTTGAAAAGGGGCCGACGGTTCGGCGCGGGAGCTACGCCCGGTTTGAGCTGCTTGGCCAGGTCGATTCCTGCGTCACGCATCTGGGTGCCGCCGGTGATCTCGAGGTTGCTGTAGCTGGTCAACCGGGTTTCATACCCGCCTCCGTGCTCGTCGAACGCGTCTTCCGTCGGCACGTAGCCGACGCAACCGTTGGCCAGCGAGACGGGAAACGTGAACGGGAATCCGCTCCCCTTCTTGATCTCGAGCCCGTAGCGGCAAAAGTACTCCGCGGGTGTCGTGACAAAGACAGCGGGGCCCACTTGAACCACCTGCACCTCCACTTCGGCCGCCGGCTCCTTCTTGAGCAGGGCGTCGAGCATCAACGTTTCCTTGGCGAAGGTCCAGTCCGTCGGATCGGCCTTCGACTTGTCGCCTTCCACCAGGGCCAGGCTGGCTTTCACCCGCTCCGGCGAGGGCACGCGACGCTTGATGTCCCACACCTTGGTTTTGGAGGCGATCGGGGTCAGAATGCCCGGTTCCATGGAGAGCAAGGTCTTCAAAGCCTCAGCGCCAACCTTACCACCGACAATCTGCGCCCAGCGATCTCCGACCGGGTAGACGAACGGACTCTGGTTGTCGACCTGGGTGACATCCCCCGAAGCCCCGGCCAGGAACACGACCACGCAGTCCTTGCCGTAGTACCCTTGAATCACCTTCTCCAGGTAATAGATGTAATTGGCCGAGATCCCGCCCGGACTCGTCGTTGCGTGACAGGCGAAGTTGACAACACAACCGAGAAGCTTGCTCGGATCCTTGGCATCCCAGGCGCCGATCACGCCAACCTCGGGGTCAACCGGACCGGCCGGCTTGACGATCTCCGGGTTACCCAGCCCGGGATGGGTGACCGAGCGACCATTACGCATCAGGAAACGTCGATTAAAGGCAACCTTGTCCTCCACCCCATTCCCGACGGCAGCGCGGGCCTCGACGCGGTGGTCATGCGCATCGCAAATCACGTCGATCAGCGCTTGCTCCACCTTGGCCAAATAGGTTGGGTTGGCAATGGTTGATTGGTTATAGGCAAGATCCTGAACGAGCGGTGACGCGTGATCGAACTCCCCGGGAAGGAGCCAACCGCAAGGGCCCGACGAGTGCGAATGTGAGGCTCCGATCAGAATTGCCTCCGCGGGAATTCCGGTCTTCTCTTGAACCGCCTTGCGAACCTTCTGGACGGTATCCCGGCGAATCCCGAGCGCGTCGATTCCCACGATGGCCACCTTCGACTGGCCATCATCAAAGACAGAGGCACGGACCTTGCAGGGATCATGGACCGTTTTGTGGTACGACTTGCCGTAACCACCAGGTGCCTCCATGCCGACGTCGGGCGTGATGTCCTTCTCGGCAAAGCCCGACTTAAAGACGGGAG
NZ_CP155447.1_gap126	4545852	4546901	1049	GACCGGACAAGGAACTGAAAACGACAGCCCTGAGCCAACGGTCCGACCCATCACGGACCGCGATTCGAGCCAGGGCCTGAGCGATCGCGGGAGCCTCCTCGGTGGGAGCCTTCCCGGCCGAAATTTCGCCCAGGGTAATCGCGGTCTGGAATCGGACGCGCGGGTCTTTGTCGTCTGCACACGGCAAGATATCGGCAAGCCATTCCTGATGCTTCGAGAGCCGAGTCTCGACGAGCTTGAGGGCGTGCTCCCGAACCGGGGCCGCTCGGTGTTTGAGAAGCGGCCGCAACGTCTCATCAGTGAGCGCGTTGAACGCTTCGAGGAGATGGAGGGCATGAACAACCGCAACCGGATCGGCCTCGGAGTTGGCGAGGATCGCGCGAAGGGGTTCGACGGCCTCCTGATCTTTGCGCTCCAGGAGCAGGCGATGGGCGGTGTCTCGCCGCCAGCCGACTTGAGTGCGAAGCGTGTCGCAGAGTTCCTTGGTCGTTGCGTTGGCGAGAGTGACCTTGCGTCGCGCCTTCAATTGGTCGGGACTGAGATCATCGCGGACGACCCGCCAGATCCGCCCCATGCCTTTGCCCCCCTCAAAGTCGGTTCGCTTGCGAATCTCGACCGGCAAGTAGTCGGGATGCTCGATCGTCTTGCGGTACATGTCGCAAACGTAGAGAGCGCCGTCGGGACCACTGGCCAGGAAGACCGGCCGGCACCAGTTATCGCGACTCGCGAGGAACTCAGCCCCTTTGATCGCGGGGTACGCGGCGAAAGTGGCCCCTTGCGGGTCAAGGCGATCGACGTGAACCAGGTTGCCGGTTGGGTCGCACGAGAAGACCAGGCCTCGGTAGGCATCGGGCAGTCCGTCCCCTCGGAAGACGGTCACCGCACAGGCCGCCGTGAACGTTCCGGCATGGGAATCGGCGGTGGTGACATTGCGGCTGATCGGGAAGAGTTTCGCCGCCGCGCCATGCCCTCTGAGCGGTTCGGCCACGGTCTCGGCCGGGCAGTTTTGAACCGTTCCGGAAAACGCGAGATGCGGATTGCGTCGGAGC
NZ_CP155447.1_gap127	4587799	4590997	3198	GGTCCCCAGGAGACGTTCCCATTTCAACTCAGACTCAGGACGAGCGGGGTTAGCTGCTTCGTGACCAAGCTCGAAGCGAACCTCGTGCATTGCATCATCATTCCCACCCGCCGTTACACGTTCGATCTTGAGATCGCGCGTATCGAGATCGAGTGGGGTCCCTGGAGGACATCCCGGCATCCTTCGGAACGCGAGCGTAGCCGTCCCCTGCAGTTCCTTCTTCTCGAAGTCGACACTCAGGTCGAGTTCAACCCGACTCACCCGAACCTGCTCCGGGTTCCCCAGGGAATGCAGGTCGCGTTCCGCCGGTTTGCTTGTAACCACCTGGCCGGCATCGACCACCTGGTCGAAACCGATCAAAACCAGCATGATCATTCCCGTCGCTGCAATCATTCCGATCGGCATAACCTGGACCTTCCGGGAAACGATGGCGGTATCGACGCCTGAGGCGTTGGGGAGACCTATTCGCTGAATCTAACGGAGTTCGCGAGCCATCACCACCATTTCCACTACTGGTTATCCGGGGCCTATACTGATCCCAGGAAAGAACGACCGCAATTGCTGGCCTCGACTGCTCGAAGGCAACGTCCGATCGGGGACTTGAAAAATTGATCCAAAATAGCGCCAACGCTGATTGCATTAATGCCGTATGTCACAGTAAGTTGACGATTCTTGTTGAACATTGGCGTGATACTTATCTGCCAATCGCCTAGTTGACCCTCCGCGTTCGCTCTTGAGTTTGAACTCCTGCCACCCGCTTGCCTGGCCAATCCCTTGATCTGGCTTGCAGTTCAATGGGATTGGTGATTGAACCCTCCGCGATAACGTTGCAGACGAGACAAAAGGTCGTACCGTAACTTGTCGAGTCGGGCGATCGGAGGATCGGTAGGGCGAAGGCACGTCCTTCGGCCTTGGCATGGGATCGCACGACCTCGTAATTCTCACCAAAGGAGACCATCGATGGCAGATGCCTACCTGAGCGGCCCTTTCAGTCGCCGAGGATTTCTGACGGTCGGCTCGATGGGCTTCGGCCTGACCCTGGGCGAGCTCTTCAGGTTAAAGGCGAAGGCCGACCTGAAGACCTATGCGCCGATTGCCGCCAAGGCCGACTCGGTGATCCACATCTTCCTGCCTGGGGGAATCGCCCACCAGGAGACGTTCGATCCCAAGCCGTTCGCGCCCATCGAGTATCGAGGCGAGCTCAACTCGATCGCGACCAAGATTGAAGGGGAATCGTTCTCCGAGACCCTGCCCAAGACGGCCCAGATCGCCGACAAGATCACGGTGATCCGCTCGATGACGCATGGTGAAGCAGCCCACGAGCGGGGCACGCACAACATGTTCACGGGCTATCGGCCCAGCCCTGCTCTCCAGTATCCGAGCATCGGCAGCGTGGTCTCACACGAGTACGGACCCCGGAATAACCTACCTCCCTACGTCTGCATCCCGAGCATCCCCAACGAGTATGCGGGAACCGGCTATCTGAGTTCTTCCTTCTCGCCGTTCAGCCTGGGAAGCGATCCTGCGGCGGGTGGGTTCAAGGTTCAGGACCTGAACCTGCCCAATGGCATTGATGATTCGCGATTCGCAACCCGGCGCAATATTCTCGGGGCGGTCAACGATCACTTTGCGAAGAAGGAAAAGAGCGACGGTCTGGAGGCGATGGATACGTTCTACGATCGCGCTTACAGCCTCATCAGCTCTCAGAAAGCGCGTGAGGCTTTTAACATCGACGCCGAGCCCGCCGCACTCCGTGACGCTTACGGTCGGAACGCAGCCGGACAGCGGATGTTGATGGCCCGGCGACTCGTCGCCGCGGGTGCCCGCCTGGTCTGCCTGCAATACGGCAGTTGGGACTTGCACACCGGCATTGCAGCGAGCATGAAGGGACAAATGCCCGCCTTCGATCAGGCCTACGCCGCGCTGATCACCGACCTGGATCAGACCGGTTTGCTCGACCGCACCCTGGTCATGGTCTCGAGCGAGTTTGGGCGGACTCCCAAGATCAACAAGGATGCCGGGCGCGACCACTGGCCCAAGGTCTTCAGCGTGGTCCTCGCCGGTGGTGGAGTGAAGAGGGCTATATCCATGGGGCCTCAAACGCCACGGCCAGCGAGCCCGACCGGGATCCGATCGGCCCCGAGGATTTGGCGACGACGGTTTACCACCAGCTCGGCATCGTCGCCGACAAGGAACTGATGGCCCCCGGTGGCCGTCCGATCGAAATCGTCGATGGCGGAAAGGTCCGCACTGAACTCCTGGCCTGATCCAAGCCAAAAAAAAAAATGGAGGCGTGCCCAGTGCGTTGGGCACGTCTCCCCGGCAGCTAGTTAGCCGTGGATCCGAAGACCCGGTTGTCAGTAGCTCACTCCACCGAGTTCGGGGGCGTTGCCGCCCCGCTTGCCGGGCTCGCCTTCGAAATTTGCCCGAGAACCCCGCCGATCCCGATCCAATCCGCCTCGCCTTGGACCTAACGTCCCGGCGAGCGTCGACCTGCCTGAGCTTCGTCGACCCTACCAGAGGGGACTTCCATGATGCGTCCGAATCCGTCGATTTTCCTCGCGGTCCTTCTCCTCGGTACACCCGTGGCCATGGCGTCCTCACCGAGTATGACGGCAATTCGGCCGATGGGAGGGCGTCGAGGAACCGAACTCGAGATCACGCTCTCCGGCGCGAGGCTCAAGGATGCGCGGGAGATCTTGTTTTATCACCCTGGTATCAAGACGACGAAGATCGAAGCCCCCAGTGATACCCAGGTAAAGGCCACGCTGGTGATCGCACCGGACTGCCCTCTCGGACTTCACGAGCTGCGGCTTCGCACCGACACGGGAATCAGCGAAGCCCGGTCCTTTAGTGTGGGCGTTCTACCGGAAGTCACGGAAGTCGAGCCGAACAACGACTTCACCAAGCCGCAAGTGATCGCGATGAACTCGACCGTCAACGGCGTTGCTGAGAACGAAGACGTGGACTTCTTCGTCGTCGATGCCAAGAAGGGCGAGCGGATCACAGCGGAAGTCGAGGGAATTCGACTCGGGATCTCGCTCTTCGACCCTTACGTCGCGATCATGGACGCGAAGCGATTTGAGCTCGCCTCGAGCGACGATACGGCGTTGGTCTGGCAGGACGCCCAAGCATCGATCGTTGTTCCCGAGGATGGCAAGTACATTATCCAGGTTCGTGAAAGTGCTTATGCCGGGA
NZ_CP155447.1_gap128	4666050	4668405	2355	CCACGGCCCATTTCAGGTGGACCTGCTTCCCCGCGCGGACCGCGATCCGGTCACCATGCTGCCCGAGCAGGTGAGCGACTCCCGAGCCGACGTTCCCCAATCCCAACATCCCCACCGCAATCCGTTCCATCCCGCCCCCAGCTCAGACTCTTGACGGAACTCTAACGCCTTGCCCGGCAAGACAAAATAAACTACGCGATCTGCCCGCGAGTCGGCAAGATGAAGAACGTCACTCGCGGGATCGTATTGCATTTCAGAATGACGGTACAGGCTCCTCCAAGGAGGATGGAGAAAGCCCCTGTGACGTAGTTCTACAGGATCGATAATGATCCTCGCGTCACTCCGTAGCGGCTCGTCGCCTTCAACTCACGCCAGAGCGTCCGCGCATCGCTCCGTCCGGCGATGGCATTGGAATAGAGCGAGATCGTTCGCTCGACCGCCTCCGGGCTGTCATCGAGGAACTCAATTCGCAAATGGCGCGAGCGTTTGGCCAATAACCGGGAAGATATTCGGCGGCCGACTGGGGAACCGCATTGAACAGCGTGTTGCGACACCCGACATCCGCCTTGAGCGGATGCTCTTTGCCCACTCGGTCACGAAGTTTCACGTCATGCTCATCACAAGGGCGCCCACAGTTCGTCTTGTCGGTCCCCGGAGACAAAACGGCGCAGAAGACACAGTGCTCCATATGGAACATCGGAATCTGCTGGTGGATCACAATCTCGAGCCAGGGACTCGGGACGGCCGCCATCAGATCCTCGAGTTGCTCGAAGCAGAGGTCATAAGAGGCCGTTACGCGAAGCGCCCCCCGCGCCTTCAACAGCTCGACGGTCAACTCATTCGATGCGTTCAACGAGAAGTCGGCCACGAAGGGTATGCCGCGTTCGGCGCAGAAGTAAAGTCCCCCCGCATTGCGGACCAAGAGGCCGTCGGCCCCCTGCTTCTCCAGGTAGCGGAAGAGATTGGCCTCGGCCGGCTTCTCAATCCGAGGGGTCGCGATGAAAAGCGCGACCGACTCGCGACGCGCCACGGCCACAGCCTCTTTGTAACGCTTGATATCCTGGTAATCGACGTAGATCGTCTTGATCCCGGCCGCGATCGCCGCCTCGACCTGCTTCGTGTCCCGGCAGAGCACGGAGAGCGTGGGCAATTCCGTCGGCAACGTGGGATCGAGCTCGAAGGAAGCGGCAATGCCACGGAGGGCGGGGAGGACCGGTTCCGCGGCCAAGCTTCGCGGAGCCGTGTGAGATGCCGCATCGTCGAGCTTGGCGACAAGATCGCGGCGCAAGGCGTTGAGAAGGCTCTTGGGGACCATCGGCCCCCCCTCAAGGGTCGCGGTCACCGCTCTCAATCGATAGATCGAGCCGCCGAGACGATCCAGTTGCTCCTGAAGCGAAAGTTCGGTCGCCTCCTGGCGCTCGGCGCGATCGAGAGGCGCGGTCGACTCACAACGCGCTTCCCGGCCGGTCTCGGTGCGTCCCTCGAGCCGAAGCGGTTCGCCGACCACGGCGCGGACCGTAATGTCGAGCTCGACCTTCCTCCGCTCGGGTCCCTCAAATGATTTCCGGAGCCGGCGCGTCAGTTCGGGATCGTCCGTTTTCCAGACCCGCTGACCGGGCCGAATCCGCCGGGGGTCGAGGTCATGCTGGCCGAACCGGAGTTCCGCCGGGCCCGCCGAGAGACCGGTCGGTTCCGGGGCCGGGCGGCGACCGCGTTCTCGAGTCACCCGGAGCACTTCGTAGACGCGGCCCCCTTGTTCGGGAACCTCATCGCCCTGGTCGGCATCAAAGACAAGGCCGTCTCCCGGTTTGACCGGTGCGGCGAGGTCAAGGCGAATGCCTGCGCCGGCGACTTCGGTCACCCGCCCGAGAAAGATGCCACGCTTCTTGGCGTAGTCGCCCCGGACGAGGACCTTATGATTGTTCCCGTCGAGGAAGCCATGACTGAACCCGCGCGAAAACGACAGTTCCATCTCGCGGACGTCGCGGGCCGTGAACTCGATGGGGTGCCCCGCCCAGGCGGCATCGATCGCACGACGGTAGTGCTGGGTGATGTTGGCCACGTACTCGGGAGCCTTGAGCCGTCCTTCGATCTTCAGGCTCGCCACGCCGAGGTCCATCAGCTCCGGGATCAGGTCGAAGGCCGCAAGATCCTGCGGACTCAAGAGATAGCGAACATCATCGAGGTTCTGAAGGGTGCCGTCGCAGACGACCTCATAGGGCATCCGGCAGGCCTGAGCGCACTCACCGCGATTCGCAGACCGACCGCCCAGGGCCTCACTGGTCAGGCACTGGCCCGAATAGGCCACGCAAAGGGCCCCGTGGACAAAAACCTCAAGGGGGAGTTCCGCGCTTC
NZ_CP155447.1_gap129	4687472	4691365	3893	CGACAACGTCGATGAGGCACTCTCGGGCGTCAAGGGGGCCAACTCCGTCAAGCTGAGCGGCAACGACCTGAGAGTCCTCGAAGAAAAGGGGCAACAGTTGGTGAACGTGCTCCGGACTGTACGGGGCATCGAGAATGTCGGCCTGTTCCACATCGTTGGCCAACCCAACTTGGAGATCGATATCGATCGCGCCGCTTGCGCTCGTTACGGCGTCAACGTCGCGGATGTCGAGCAGGTGGTCCAGGTCGCCATCGGTGGCCGGGCCTTCTCACAGATGGTGGAGGGAGAGAAGCTTTATGACATCGTACTTCGACTCCCCAATGACCTCCGCGACGATCCCACCGTGATTGGCCGGATCCCGATCGATGTGCCCGGAGGGGGGGATACGGGGGAAGGAGTCCGGATCCCGTTGTCGCAACTCGCGACCATCAACCCGCACACGCCTGGCGCCTCATATATCTACCGCGAGAATAACCGCCGCTACATTCCGGTCCGGTTCGCCGTGCGCGATCGCGATCTCGCCTCCGCCATTGCCGAAGCCCAGCGCAAGGTCAACGACCCCAAAACCGGCGTTGACCTGCCACAAGGATACAAGCTCGAGTGGTCGGGGGAGTTCGCCCAGATGCAGGAAGCCAATGCCCGGCTCAAGTGGATCGTGCCGTTGTCCATCGTGCTGATGATGGTCCTGCTTTACACCGCCTTCAACTCGCTAAAGGACGCTTTCCTGGTCATGACCAACGTGGTCGAGGCGTCGATGGGGGCGTCTGGGCCCTGCATTTAACGGGGGTCCACTTCAGCATCTCGGCGGCGGTGGGCTTTATCTCGATTTTCGGCGTCGCCGTTCAGGACGGAGTCCTGCTGATCTCTTACTTCAACCAGATGCGGGCCGCCGGGATCCCGGTGCGTGAATCCGTGATGCGAGGCGCCGAGCTGCGGGTCCGCCCGGTCGTCATGACCGAGTTGACGGCCATGCTCGGCCTCTTACCGGCCGCGTTTGCAACCTCGATCGGCTCTCAGGCACAAAGGCCGTTGGCGATCGTCGTTGTGGGATCCATGTTCGTGACGTTATTCCTGGCCCGATTCCTGATGCCCGTGCTCTACAGTATCTTCCCCGCGCCTGCTGGCACTGTCCACGACATTCATCGGGCCAAGTTGATCGAAGGATCGCATTACACCGATGAGTTCCTCAACGGCGACCGGACGCCCGAAGAGGAGGAACGCTGAAAAATCAACCGCCCCCCCTCGTAATGAAGCGAGTTCGCCCGCAATAGGGGGGGGGGCACATAAAATCTGATCGCTTATTCAAATGCGATTTCATTCATTCCAGTCTGTCAATCAGTTGGGAACGCGCCCACCGGTTGTAGCCCCATCGGGCTGAATTCAAACACTCCCAGACGCGTTCAGAGCAGACGACTCGGTGGGTGGAGCTCGCCGACGAATTCAATGGGGTCATTCGCGGACCCCTCTTTCATGAAAGCGCATACCAATCCCTAAGATATCACAGGCAAACAGAAAATGATTTCGCGATGCAATGCGGTAGTAGATGATCGCAACCGGGTTGAACAGGGAGCAAGTGATGGCGAAGCCGGACGAAGTTCAATAGCGTTCCCACAAGCTGGAATCCAAGCTAACGAATCGATCCCCGTCAACCCCTTGAACAAACATGGATATCATGCGTAGAATGACTCCCGTACTATGGAAGAATTCGCGAGTTCGAGGTCCAAGGCGTGCGTAAAGCCCGGATCTATCCGCGTCTGCTGATTGCTGCAATCGCCGCATTTTGCGTCACGGCGTGGGTGAATGTTTGCGCCCCAACTTCGATCATTCCTCGGGAGACTTGGGCGACGACTGTCGACCGACTCCAGGTTTTGCGTCACGAGTCAAAATGGGAGCGGGTCCGGGTCGATCAGGTCGCAGGCGAATTGAACTTCGCCACTTTTGAAGAGGATGACTCGCAAGAGGAAGTCCGCGAATCGGCTCGAACGAACTCAATCGCCGGCTTCGACCACCCTGTCTCGACGAGCGGCGTACATGCCAAACTCGTCCCCGACTCCGACTCTCGAGGTGACAGCCTCGGAGGACGTCGCGGTCCCCCTCCCCGTATGCCCCCCGCCTGACACTTCCTCCCTTCATTTGCCGCGCGAGCTCCTCACGGCTGTTGTAAAGATGCGTTGATCGCGAAGTCAACCTCGGCGGTGCGCTCCTTCAATAGCCCTGACGGACAATTACCCATCTCCCCGGTCGACAGTATCTCGACGGGGCCTTCCCTACCTCTCCTGTCACTCACTCACACCCTCATTCAGGCTGCGAGGCCTTCACCCATGGTCCGCGCGATTATTACGTGGAGCCTGCATAATCGTCTGATTGTCATCTTGGGGGTCCTCGCCCTCATCGCCGCCGGCATCCACTCCGCTGCCAACTTGAACGTCGAAGCGTACCCCGACCCCACCCCCCCCTTGGTCGAGGTGATCACCCAAAATCCAGGGGCCAGTCCCGAGGAGATGGAACGACTGATCGGAATTCCTCTCGAAACTGCTCTGAACGGGATGCCAGGCTTGGAGGATGTGCGAAGCACGTCGATCAGTGGTCTGAATGACATCAAATGCCAATTTACCTACGGCACCGACTACAAGTCGGCTCGCCAAGAGGTGATTAATCGAATCGGCGCCGTCAGTAACCTGCCGCCGGGGGTGACTCCCGGACTCTCCCCCTGGAGTCCTACCGGCGAGATCGTCCGTTACGTCCTGGAAGGTCCCGCTTACACCACGAACCAACTCAAAGCCGTCCAGGACTGGGTCCTCAACCGGATCCTCAAGACCGTCCCGGGGGTCGTCGATGTGACCGGCTACGGCGGCACGGTCAAGCAGTACCAGGTACTGGTCAACCCCCGGTTGCTCCGCCACTATAACGTCACGTTGCGTCAGGTGGAGGAAGCCCTCGCCCAGTCCAACGCCAACGTGGGCGGCGACCTGTTGATGCTCGGCAGCCAGGCGCATAACGTGCGTGCGATTGGATTGCTCGGCAAAGGGATCGACCCACTCGACCCGGCCAACGTCGATCAATCGGTTGGAATCGAGCTAAAGAAACTCGATGACATCAATAATGTCATCGTGACCACATCCGGCGGTATGCCGATCTTCGTGCGACACGTGGCCGAGGCCATCGTCGGTCATCGCCCAAGACTGGGGATCGTCGGCCGAGGCCGTGATGATGATGTCGTCGAGGGAATCGTGCTGATGCGCAAGTACGAGAAGAGTCTTCCGACCTCGGAGGCCGTCGCCGCGAAGATGAGGGAAATCGAACGCGAAAAATTACTGCCCAAAGGGATGAGAATTCGCGTTTTCAACAAGCGTACCGACCTCGTCCACGTGACAACCCATAATGTTTTGCACAATCTTGTCCTCGGGATGGCACTCGTGGTTGCCGTGCTGATTGTCTTTCTCGGTGACCTCAGTAGCGCGGTGATCGTGGCGATCATGATCCCACTCTCGCTCCTCTTCTCGGTGACCGTACTCCATCTCCAGGGCAAGTCGGCCAACCTCTTATCGATCGGCGCGGTGGATTTCGGGATCATCGTCGACAGCTCGGTGATCATCGTCGAGAACATCTACCGGCACATTACGGCCCCTAACGCCGACCGAACCCGCCCCTTGATCGACCGGATCGCAGACGCCTCCCATGAGATTGAGCGGGCTCTCTTCTTCTCCGCCTCGATTATTGTCTGCGCCTTCCTCCCCTTGTTCGCAATGACAGGGCCGGAGGGGGCACTCTTCGGCCCCATGGCGAACACCTACGCCTTCTCGATCTTCGGAGCACTCCTGCTCGCATTGACCTTGGCACCCGTGCTCTGCTCATTCTTCTTCCGCAACAAACGCGAGGAAGCTGACACATTC
NZ_CP155447.1_gap130	4739678	4741231	1553	GGAAACATCCGAGACCTGGGTCAACCTCCACAACGACCTTCGTGTGCTCGATTCGACCGGAGAAATCCTCTGGTCGTCCGAGCGCACCGGGTTTCGTCACCTTCAACTGCATGATCGGGATGGGAAGCTCCTACGAACGTTGACCGCGGGCGACTGGCCCGTGGATGCCCTCGTGGCGATCAATGAGAACCGGCGTGAAGCCTGGTTCTCTGCCGGGCGCGAGACTCCGCTCGAAACCCATCTTTACCGCGTCTCGCTCGACGGAGGCGAGGTCGTCCGGCTCACGGACGAGCCCGGCACGCACCGAACCGTCGTGGCGTCGAATGGCGAACATTTCGTGGATGTGGCATCCAGCCTCAATCGACCGCCGCTCACGACGATTCGCGATCGTGAGGGAAATCCTCTCAAGATACTCGACGACTCGAGTTCCGACCCCAGAGTCGGCAGCCTGCGACTGGCTCCTCCGGAACTGATCGAATTCGTCAATCGCGACGGTATCAAGCTCCAGGGGGCCTTCTATCCGCCGAAATCGAAAGTTCTCGGTGAGAAGACTCCGCTCATCGTGATCGTCTATGGCGGACCTCACGTGCAGACGGTCTCGAACTCCTGGGCTTTGTCGGCCGACATGAACGCCCAGTACTTGACCGAACGTGGATACGCCGTCTGGAAGACCGACAATCGAGGCTCCGCGCGACGGGGACACGCCTTCGAATCCGCGCTCAATCGAGAGATGGGCAACGTTGAGGTACGCGACCAGGTGGATGGCGTAAGCTTTGTCGGAACCCATTGGCCCGAAGTCGATCTCGGGCGAGTCGGCCTCACCGGAAGCAGCTACGGCGGCTACATGACGCTCCGGTGCCTGACCGAGGCGCCTGACGTTTTTCGAGCGGGTGTTTCGGTCGCGCCTGTGACCGATTGGGACGGTTATGACACCTGCTACACCGAGCGCTACATGGGGACGCCCATGAATAATGCGGATGGTTATCGCAAGTCATCGGTCCTGCCCCATGTCGAGAAGCTCCGCGGCGAACTGCTCGTGATCCACGGAATGCTTGACGAAAACGTTCATTTCCGCCACACCGCGCGATTGACGACCGCCTTGATCTCGGCTTCGAAGCCGTTTGCACTGCTCCCCTTGCCCGACGAACGACACTCGTCGCGACGCGACGCCGATCGTAAATACGTGGCTGAGCGAATCGCTGGTTTCTTCGAGCAGGCCCTGGGCTCACGGTGAAATTCCGGACTGTAACGATTAGAGTTAGTCGATCAGTGCGTCTTGGGGGTTGCGTTCGCCTCACCGACGTGAGAAAAGAATTTGGCCCCTCGACGCACTCTCCCGACGTCAGGCAACGAACATCGCGCTGGCATCCCCTGCCGGCCTCACCGAAGTTAGGAGTGCACTCGCCGTGTCCGGAGACATCGATCCCGTTTTGAAGCATTCCCGACGTGAGGCGATCATCATTGGGGTGGCCTGGCTCATCTCGACGATTTATTGCTGCGCGTACTGTTACTGGGCCGGCTACATCCGCGAGGGGCGGCCGCTCGGCGTCGAT
NZ_CP155447.1_gap131	4743304	4746086	2782	AGGTTGTTCCCACGTTGATGGGCTGGGCGACCCCGTCCGGCCCATTGACCTCCGAGGCTTACTGCGAGTTGACCGATCGTCTGCTCCATGCCTTGCGAGACGCCGGGCCCGTCGACGCCGTCCTCCTGGCACTCCACGGCGCGATGGTCGCCGATGGCGAAGACGACGCGGATGGTAACTTGCTTGCCAAGGTCCGCAACTTGATCGGCCCCAGCCGCCCCCTGATCGTTACACTCGACTATCATGCCAACGTCTCCCCGCTCATGGTGTCAGAGAGTAATGCGCTGATCGCCTACCGGACCTACCCTCACGTTGATCAACGAGCGCGGGGCAAGACGGCGGGCGACCTGGCCTGGCGCGCCGCAACCGCACGCATTCGACCGACACAGGCGATGAGCAAGCCACCGATCCTGATCCATTTGCTCGCACAAGAGACGACTCGAGAACCGATGAAGAGCCTGATCGACGGGCTCGAAAGCCTGGATCGATCTCAGGGATTCCTTGATGCCAGCATCCTCGCCGGCTTCCCTTACGCCGATGTCGCGGCTACCGGACCAACCTGTATCGCGGTGACTGACAATAATCTCGCCTTGGCCTCGGAAATCGCCGAGCATCTCTCCGCGAGTCTCTGGAGTCATCGTCACCAACTCACAGCCAGCCCCCCGATCGCGGCCGAAGCCGTAGCTCTCGCCCTGGCGACAGACAAGACCCCGGTCATTCTGGTCGACCTGGGAGACAACATCGGCGGCGGTTCGGCAGCCGACAGCACCGTCTTGATCCACGAACTGCTCAAGCAAGGGGCAACCGATTCCATCGTCGTGCTCTTCGATCCCGAAGCGGTCCAGACGTGCCAACGGGCCGGCGTCGGAGGGTCCGTCGCCCTCTCGGCCGGTGGAAAGATTGATCGCAATGCGCCTCCTTTAAAAGTGGCCGGGCTCGTCGAGATTCTCCATGACGGCCGCTACGTCGAGGAACTTCCGAGACACGGTGGAATCCGAAACAACAATCAAGGGGCCACGTCGGTTGTCAGGCTGGACGGAGCGAACCGGGTTGTGCTCACCTCGTTGCGCCATCCTCCCTTCAGCCTCGGCCAACTGACGAGCCTGGGACTCGACCCGAAGAGCGCCCGGTTCATCGTGGTCAAGGCGGCCGTCGCCTACAAGGCAGCCTACGCCCCGATTGCCGGCACGATCATCGAGGTGGACACACCTGGTTTGACCGCATCGAATCCGGCACGATATACTTACGAAAGAATCCGTAGGCCCATCCTTCCACTCGACCCAGAACCCGTTGTCAAGGCGGTCATCTGATGAACCTGCCAAGCCCGATCCGAATCGCCGGGGTCCAGATGGACGTCAAGATCGGCGATATCGCGGCCAATCGCGCCGCGATTCTCGGCCAGATCAGCGTGGCCGCCGACGCAGGGGCCAAGCTCATCGTCTTCCCGGAATGCGCCCTGACCGGCTATGGCTTCGAGAGCCGCGAAGAGGCGTTGAGCTTTGCCGAGCCGATTCCAGGGCCAAGTACCCAGGCGATCGAGACCCACTGCGCCAAGCTCGGGATCGCCACCGTCTTTGGCTTGCTCGAACGGGACGGCGACCGTCTCTACAACGCCTGCGTGCTTGTCGGTCCGTCGGGGGTCATCGGCTCCTACCGCAAGGTGCATCTCCCGTTCCTCGGGGTCGATCGCTTCGCGGATCCCGGTGATCGCCCGTTCGCCGTCCAGGAATACGAAGGTTTACGGATCGGCATGCACATCTGTTACGACGGGGCGTTTCCGGAGTCGGGACGCGTTCTGAGTCTCTTGGGTGCGGACGTGCTCCTGCTGCCGACAAACTGGCCGACTCATTCGGAGTGCGCGGCGATTCATATGATCGCCTGCCGCGCCATGGAGAACGTCGTCTATGCGATGGCGGTGAATCGAGTCGGCGAAGAGCGCGGATTCCGGTTCATCGGCCGCAGTTCGATCGCCAGCCCCAACGGCGAGATTCTCCAATCCGCCAGCCCAGACTCGGAAGAGATCTTCTATGCCGAGATCGACCCGGCCCGCTCGCGACAAAAGCGGCTGATCAGGGTCCCGGGCAAACACGAGGTTGACCGGATCGCCGACCGCCGACCGGAGTTTTACACCGAGTTGGTTCGCCCGAAACCAGCGCGGGACTGAAGGCGAATGGACCGGCGTCGGAGTCGAAGCCTCATCGGTCTCGCCATCCTTCTCGTGATCATCCTCGGTCTCAGCTCGCGCCGATTGCCGGGATATCTTCCCAGGGTCGTCAGCCTCTATGCGGGCGACGTCCTCTGGGCACTTGCCGTCTATCTCGGCTTCATCTTCGTACGATCGACTGCGTCCAAACCGATGGCAGCCACACTCGCTCTGTGCTTCGCACTGCTGGTCGAGATCAGCCAGCTTTACCATGCCCCCTGGATTGATTCCATCCGCGCCAACCCCTTTGGCGGCCTGATTCTCGGCTTCGGATTCCTCTGGAGCGATCTGGTCTGCTACTGTGTCGGCATTGCGCTCGGGGTCATCCTTGATAGAAACTTTCGCAATACATCATAAAACGATAACAACACATAATTAAACTAAGCTCGGCTGAAAAGTGGTTAGGGCCCGTAAAAAATTAATCGTTACAGTTAATATAGAAGAAGCTATGATGCCAGGATGAGTAATATCGAAGAACTTGAGCGGAAATACGCCGTACTATTTCCGCATCTCAATGAGCGACAGCAACACTTGGTCGCTGCCTTTGATGGCCAACGATTAGGGCGTGGAGGTATTGCC
NZ_CP155447.1_gap132	4779406	4781341	1935	ACTGGTCAGTCCGCACCTGGACCTGATTCAAACCTGCCTCGTCGTGCTCTGCTGGTCTCTCGCAATGGCTTTGTATTGAAGCGAGGCGACTTGTTTCCGAAAGGTCTCGGGAGCAAGAGAAGAGACGGTTCGATGATCCATACCTGCCGCCGGTCGGCCATCCCCCCCCTGCCCGGATGACTCGCCTCGATCGCCCCTTTTTTGTTCGTTTCTGCCTGATTCCCAATGGCGATTCAGGCCGCTGACCTTGAGGGGAATGGTCGAGCGGTTCTTGATCAGCCTGCTGGGAGCGGTTGAATCAGAACTAGGCCCAGGACGATCCAGACGTTGATCTCACAAGGGGCAACCGAAATTCGAGTCAGTTCACGACGCGGAGCCTTGCCTTGAATCACACAACCGAGAGCGGGTTGAGAACAGAACAAGGCGACGAAGCGATTCCGTGTGGGCGTCGCGAGGAAATCCTCGAAGCGGCGACAAAACTGTTCGCCGAGCATGGCTTCTCCGACACCGTGACCCAGGTTCTCGTAGAGAAGCTCCAGATTGGCAAAGGGACCCTCTACCGCTATTTCCCCAGCAAGCGCGAACTATTCCTCGCCGCCGTCGATCGGGTGATGCGTCGGCTCCGGCAGCGTGTCGATTTCGTGATCGCCGAGATCGAAGATCCGCTCGATCGCGTGGCCCAGGCCATCCGCGCCTACCTGGCCTTCTTCGTGAAGCACCCTGAATTCGTAGAGCTTCTGGTTCAGGAGCGGGCCCTCTTCAAAGATCGCAAGAAATCGACCTACTTCGAACACCAAGATACCAATGTCGTGCGGTGGCGAATCCTGTTTGGCTCACTGATTGTGGAAGGACGGGTTCGAGAAATCCCCGTCGAGCGGATCACGGACATCATTAATAACCTGCTCTATGGTACCATGTTCACAAATTATTTCAGTGGTCAGCAAAAGCCATCTGAGCAGCAGGCGAAAGATATTCTTGACGTGGTCTTTTACGGGATTTTAAGCGAGTCGGAACGCCAGCGAATCAACCAAGCGTGCGTTGGCGGATGAGTCGATGCCGCAAAGGGTTACCGCTCGCCCTGGCCCTGAGACCGAGGCCTTCGAACTGAGGCGGGCGCGCAATGCAATGGCTCCTCATAATTCACACCGCAGGCATGCTTGAATCAGAGTTTGCCCGCTTAAAAATGGGCCGAGGTCTTTGGTTTTGACGCCTTCTAGTCTCGTTGAGAGCTTGGAAAGATCAACCTCAAGATGAACAACTCAGGGACGCAGGACCCGAGTTGACAGCATAGTCCAGGTAATCATCGTCGGAGCTTATCCTTTATGAATCGAGCACACGCACTCCTTCTGATTCCTGCATGCTGCCTCGCAATTCTCGGGTGCGAAGCTGAGAAACCGAAGATGGTGCAGACCAAGCCCACCACGGTCGTGGTCAGCCCGGCCATCACGGATGACGTGACCGACTATGAAGACTTCACCGGAAGGACGGAGGCCGTCTTCTCCGTTGAAGTCCGGGCGCGAGCCACTGGCTATCTCGAGAAAGTCAGCTTTAAGGATGGGGATGAGGTCAAGGAAGGCGACCTCTTGTTTGAGATCGACGCCCGTCCTTACGAGGCTGAGCTCGCACGGACGGAGGCAACGATCCTTCAAGGAGAAGCCCACCTGAACCGGCTGGATGCCGACCTCCGCCGCGCCAAGAATCTTTTTAGTCGCGGCAACATCAGCCGAGAAGAATATGACAAATACATCGGCGACCGGGCCGAGGCGCTCGCGATGGTCGGCGTCGCCATGTCGGGGCGCGACCTGGCCAAACTCAACGTCGAGTTCACGAAGATCAAGGCCCCGATCAGCGGTCGGCTGAGCCGCCGCATGGTCGACCCGGGAAACCTCGTGAAGGCCGATGAGACGATCCTCACGTCGATCGTCTCGCTCGACC
NZ_CP155447.1_gap133	4783183	4784087	904	AAGCCATCGTGCTGGTCGCGGTGGTCGTCCTCCTGTTCCTCCAGAGTTGGCGATCGTCAATCATCCCACTGATCGCCGTGCCGGTGGCGATCGTCGGTACCTTCGCCGTGCTGATCGCGATGGATTTCACTCTCAATAACCTGACCCTCTTCGGGCTGGTCCTGGCCATCGGCATCGTGGTCGACGACGCCATCGTGGTGGTCGAGGCGGTCGAGCACCACATCGAGCGCGGGCTAAATCCACGAGCGGCAACGATCAAGGCGATGGAGGAGGTCTCCGGACCGGTTATCGCCATCGGCCTGGTCCTCTCGGCCGTCTTCGTCCCCTGCGCCTTCATCAGCGGCATCGTCGGTCAGTTCTTCCGCCAGTTCGCACTCACCATCGCGACCTCGACCCTGATCTCAACGTTCAATTCGTTGACCCTCAGTCCGGCTCTGGCCGCGCTCCTGCTCCGACCGAAGGGGCAGGGAGGCAACGAGGCGTTGCCTCGACCGGCTTATGCGCTCTTGGGAGGGTGGCTGGGCTGGGAGTATCTCGCCCCGATGATCGCCCCTCGGCTCATTCATCAGCACACAGCCGCGGCATGGACCGTGTTCCTACTGGCCACCGCAGCCGGGCTGACCGTGGGCTGGCTCGTCTCCAAGCTCCTGAATCGGCTGTTCGGAGCCTTTTTCGATGTCTTCAACTGGGTCTTTCAACGTGGCACGGGAGCTTATACGCGCACTGTGGGTTGGATGCTCAGGCTCTCCTTTCTCGTACTGATCGGCTACGGTGGGCTGCTCTATCTCACCTACTGGGGCCTGAAACACACACCTGCGGGATTCATTCCGTCGCAGGACATGGGCTATCTGCTCGTCAATGTCCAACTTCCCGACTCGGCTGCATCGGAGCGAAGTGCCGCGGT
NZ_CP155447.1_gap134	4788822	4792408	3586	ATGTGTTTGCTCTGCTCGGTCGCCGGTGTGCTCTTCACAAAGATGGACATCAACATCTTCACACAGGTTGGCTTCGTCGTACTGGTCGGCCTGGCCTGCAAGAATGCCATCTTGATCGTCGAATTCGCCAAATCGAGACGCGACGCGGGAGTGCCCCGGCGCGAGGCGACCCTCGAGGCCTGCGCCTTGAGGCTCCGGCCGATCATGATGACGTCATTCGCCTTCATTCTCGGCGTCGTGCCCCTGGTCCTCTCCGAAGGGGCGGGAGCCGAGATGCGCCGGACGCTGGGCACGGCGGTGTTCAGCGGCATGCTCGGCGTCACCCTCTTCGGGATCTTCCTCACTCCCGTCTTCTACTTCGTGATCCAGTGGTTCAACGACCGATTCTCCAAGCCAGCGAACCTGCTCGATTCCGAAGAGGACGGGATCGAAGATACCGATGTCGTTGAGGCACACGCTCACTGAGGCCAGGGCTTCGGTAGCGTGCGGGGAGTGGCGCCGGCTCCCTTGCCACTCGGATTGTCGCGAATTCGCGGGGCGGCTACAAACCCCAGTGGGCTCACGCCTCCCCGCTCTCCTTCATCCGGTCTCCAAGCGTGGTCGCGGCTACCCGAGGAGTGGCTTGCTGGATCTGTGGGTCGGTTCCACAACGGCAGATGTTACCGGTTCTGGATTCCTCGGAACCCAGTTGGAGAGAAAGTGCATCCTTCGACGGCGGGCTGGCGACGGCCAGGACCTGTCTCAACTGGCAGGCACCACACCTCGGCCCGTCATCAGCGATCCAGGCCTCTTGCTGAGAGGAACCGCGATCGTCCGAAACGCCTTCGACCGTGACAACTTCCTTGCCGACAGCACGAGAGACAGGGGTGATGCATGAACGGATCGCCTCGCCGTCGAGATGGACGGTGCAAACGCCGCAAAGTGCCATACCACAGCCAAATCTGGTCCCAGTCAGCCCGAGTGTCTCACGGAGCACGCACAGTAACGGCGTATCCGGACTGACATCGACCCGGTAGAGCTTACCATTCACTTTCAGCTCAAGCATCGTCTCGGCCTACGTCTCGTGTCGTGCGACGGCCCCTGTGACATTCACTCTGCTCAAGAGAAATGTTAATCGAGATCAAGGGGTCTCCGCCACAACATCTTCGTGAAGTGATGACGTCAGGCGCTCGAGTCTGCTCGCATTCTTACGACCAGCGGGCTCATCGCTTTGCGACGAACGACTCGTTTGTGAAGGTGAACTTGCCATTCCCACTGTCTGTCCAATAATCTGAGTTCAGGTGCGTGACGACGGCGTGGAGTGATTGCGATCGACTCATTACGGAGACCGATTGATCCAACAACTTTTAATCAAAACCATAAAACCATAATTGGCATACAACAAACAATTAATTATCCATAAGCCATCCAGTGTTTAATTACCATCAGAGTCAAACAAAACTGCTCAAACAATAACAGTTCGTCTTCAAGCGAGCTTACGCATGCGGATCGACTTCGTTCCACTGCTACAGCAACAACGAGACCTGTACCGTGTTCCGCTCGGAGGAGACCGGTTTTCGGCCTACCTTCGTCTCATGCTCAATGACGCTCAGGACGATGCCCGACTCCCGCCGCTCGTCGCTTTGAATCCGATGGCGAAGGAGCATGTGGCCACGTTGATCGATGCGTTGCTCGGCCTCGAGGCCGAAGAAGTGGCCTCGCGAGCGGCTGATGAGGCGTCATCCCAACATGGGGATCTGGTCAAGAGCTTTGTGATGGGACTGGTCGTGGCTGACGATGTCGGCGGCGGGTGGACCAATCGCTACGCCAGCGAGTTTTTCATGATCACGGGTCGAGGACGCTCCACCCCGCCCAAACTAGCTTGGTTAACCGGCGTCCTTTGGTCGAGCGAGCCGGCCTCGGTCCGGGTGATCTGGGAATCGGTGCAGACGACGGTGCACCGAACGGCCTTCATCCACCAGCACGGTAAAGCGCTCACACTTAGGGATTTCCTGATTCAGGAGGGAGATACCATGGCCCGAGCCGGGTGTATCACGCCGACGCTTGATGCCGAAGACCTCGACTACACTCGACAACTCCTGACCCCCTATCTCGATGCCACGAATGATCGCACGATCATGGAATGTCTTTACGGCGACGAAGCAGGCCGGACCTTGGGTTTCACACCCCGTGGCCTCAGCCATCGGGCGGGCCTGGCATTGGCGTTGCATAATGCGCGATCGAGGGGGACTCGCTGATCCGACACGACTGGGTAAACGCCTCGATTCATCTCGAAGGACGGCGGACGGGATCGGTTCTTTCCCGGCAACAGCAAGTTGCGGGTTAGCCCCACCCTCCGGCAATTTGATTCATGTGTTCCAGGCCAGACGACCGATACAATAAACAGGCGAGGTTTCAACCCGCCCCAAGACAAAAGGCGAGCGGCTCGATGGACCATGGATGGGCCTTCGGGTCGTCCGTCATTTCGAACGGGCGAACTCACTGCGTCCGACTTCTCACACGCCCACTTCAAGGCGACAGGGCCGATCTCACTTGAGATCTTCGACGTCCTGACGGAGGGCGGCCTGACCGGCTTACCTGGCAATTGGCTCGAACGCTGAGGCTTACAGAAGGGTTCCCTGGAGAACAAACACGGCGACGGTGAAGTAGATGATCAGGCCTGTGACGTCTACAAGCGTGGCCACGAAGGGCGCCGAGGATGTGGCTGGGTCAAATCCCAGACGCTTCAAAACAAACGGAAGCATCGATCCTGCCAGAGTGCCCCACATTACGATCGCGAGAAGTGTGACGCCGACAGTGAGGCCCACAAGGGCCCAATGCGGCCCATACATCCGGGAGAAAGCGCTCCACACGGCGATTCTCAAGAAGCCGATCGTCCCGAGAATCGCCCCGAGTAAGAGGCCGGACGCGAGCTCGCGACGCATCACAATCCACCAGTCGCGAAGCTTGACTTCTCCCAAGGCCAGAGCCCGAATGATGAGGGTCGCAGCCTGGGAGCCCGAGTTACCTCCGCTCGAGATAATGAGCGGGACAAACAGTGCCAGGACAACCGCCTTCTCGATCTCCCCTTCGTAGAAGCCCATCGCGGTCGCGGTGAGCATTTCGCCCAAGAAAAGGACGATGAGCCAGGAGGCACGCTTCTTCACCAGGGCGAAGAAGGGCGTGGCGATGTAGGGTTCGTCAAGGGCCTCCAACCCACCAAACCGCTGAATCTCCTTCGTGGCCTCCTCCTCTGCCACGTCCAGGACGTCATCAATGGTTACAATCCCCACAAGGGCGCCGCGCGAGTCGACGGCGGGCAAGGCAGTGCGGTCATACTTGCGAAAGACTTCGACCGCATCCTTCTTGTCATCCGTCGCGCTGAGGGCAACGAACTGATTGTCCATGATATCGCGGACGTTCGAGTGCAGCGGCGCGAGCAGTAGTTCCCGGATCCGGATGTCGTCAACGAGCTTGCCCTGGTCATCGACGACATAGAGGACGTTGAGCGTCTCGCTGTCCTTGCCATGCGTACGAACATGATCAAGCACCCGCCTGACCGTCCACTCTTTCCTGACCGCGACGTAGTCCGGCGTCATCAAGCGGC
NZ_CP155447.1_gap135	4817595	4822350	4755	TAAAAAGCTTGCGGTCAACTGGGCGTTCCTATCATGCAACGCACAATTGACCGCAAGCTTTTTTCGTTCGAAGTCAGGGATTTCGCCCCGAGCAACTTCTTCGAGGTCGCCTCATCCAGAGCTCATCCCTGGGCGGACATGTTCGCACGTTCGGTCGTGACGACTTCGACGATCGCCTCGACGAGCCCTTCCCAGGTATAGACCTTCGCCTCGGCGGCGACGTTCCACCCCAATCGCCTGGCAGTTTCCGACGTCACCGGGCTCAGGCTGGCCAGGCGAATCTCCCGACCGATCCGAGCGCGAGCGGACTCGGTCAGGAGCGAATGGAGCCGTTCGGTGATTGCGGAACTGGTCAAAGTGATCCAGTCGAGCGAACCTTGCTCGATCCGTGCCACCACGGCGGCAGGCAACGCGTCGGCGTCCGTATTCCGATAAACGGTGACCTGTTCGACGTGGGCAATCCTCTCGAGTTCGTCCTTCAGCACGGTCCGGCCCCGATCGGCCCGAGCGAGCAAGACTCGGCCTCCGAGCGCATGGGGCCTCAACGCCTCCGCCAGATCCTCCGAGCGGAACGAGTCGGGAATCAGGTCGGCCTTGAGATGGAAGCGACCAAGCGCTCGGGCCGTTGCCGGGCCGATTGCAGCCAGTTTCAGGTGCCCCAAGGCGCGAACGTCTCGACCAAGTAGGTCCAGCCGCTCAAGAAAGCTCTCGACACCGTTCGCAGATGTGAACACGAGCCAGTGAAACTCGGTGAGGCGTCCGATCGCGCGGTCGAGTTCCTCATAAGACTCGAGGGGTCGAATTTCCACGGTCGGCGCGATCAGGACCTCGGCCCCGATTGATTCCAGGGTCGCAGCCGACGGCTCGGCTTCACTCCTGGGACGGGTCACGACAATACGTTGGCCGAAGAGGGGGAGGTTCTCGAACCAACATAGGGCCGGCCGCCGCGACACCACCTCGCCCACGACCAGGAGGGCGGGAGGACCGAGTCCTGCCTCCGCGACTCGCTCGTGCAGGTTGGTTAGCGTCCCACTCACGGTTCGTTGACGCGGCAAGGTGCCGGCCTCGACGAGTGCGGCGGGGGTCGTCGCAGGCTTCCCCAGACGGACCAGGGTCTTGCAAATGCTCTCGAGGCGGGTCACTCCCATGTAGACGACCAGGGTCCCTGGAAATGCGGCCAGGGCGGCCCAGTCAAGCCGCCCCTGAGCCGACGACGCCTCGGGATCGTTGTGGCCGGTCACGAACGCGACCGCCGAAGCGGCGTCGCGATGAGTGACCGGGACGCCCGCATACGCAGTGACCCCGACAGCCGCCGTCACTCCCGGCACGACCTGAAAGGGCACGCCCGAGTGGCGAAGATACTCCGCTTCCTCGGCCCCGCGCCCGAAGACATACGGATCCCCCCCCTTGAGCCGAACGACGGTTCGCCCCGCCTTCGCATGCTCAGCTAGGAGCTCGTTGATTGCTCCTTGTGGCATGATGTTATGGCCAATCGACTTTCCCGCACAGATGAGCCGTGCGGTCTTCGGAGCCAGGTCGAGAAGCCGAGAGCTGGCCAGGTGATCGTAGACGACCACGTCGGCCAGCTTGAGCAGAGCTTCGCCTCGCCGGGTCAACAGGCCGGGATCACCAGGCCCGGCACCCACCAGGTAAACGATCCCAACGTTCTCTGCCATCCCGCTCTCATTCCCGAAATCCGAGTCGAACCGAGCCAGCCGATCAGCCAGACTCGGTTCGACGAACACTTTCCTGTTCGACCACTCAGTCAGTCTGTCGAACAGATGGCCCTAGTTTCTTCCGAGCGACCATGACGATGCCCAACTCATAGAGCACAATCATCGGCACGGCGAGCATGAGCATGCTGAAGGGGTCCTGACTCGGAGTCAGAACCGCACCTGCGACCACCATGACCAGGATGGCGATCTTTCGCTTGGAGCGAAAGTCGTCGACGTTGAAGATCCCGATCAAGGCGAGAAAAACCATGATCAACGGAGTCTGAAAGCAGATCCCAAAAACGAGGGGCAAGATCGTGGCAAAGCTCATCCAGTCTGCCAGGCGAAGCGTCGGCTCGATGCCAAGCCAGACGTTGAATTCCAGGAGGAACCTCAAGGTGACCGGGAGGACGCCGAAGAAGCAGAGGAAGACGCCGGACAGAAAGAGGCCGAGCGAGAACGGGAGAAACTTCGTCACGTAATGGCGTTCGTGGCGATAGAGCCCCGCGGCGATGAACGCCCAGAGCTGGTAGAAGACCCAGGGGCTGGCGATCACAAGTCCCGCGACCAGACAGACCATAAAGAAGATCGTCATCGTTTCCAGAGGCGCCAGCGAGATCAAGGCGTTGCTCGGCCTCATCCCTTCGTTGACGATCTTGATGATTCCCGACTCCATGTAGCGGATCGGGAACGTCAGGTTCTTATCCTTGACGCTCTTCGCATCGGGGAGCTGGAGCCCGGGGGCGATCTTGCCCAATTCCGCCAGAAAAGCGTCTGCCGGAATGATGGCCTGGGCCGTCTCCGAAACAACTCCATCCGCGTCGGCGACCTCGGCCCGCCGCACTGCTTGTTCGTTATAAAACTCCGTCAGCGCGGCCTGGGCAGGCTCCACCATCTTGTTCATGATCCGCTGTCCCAGGTTGACACCGGGGATCAAGGTCAAGACCACGCCGATGACGAGACCATAGAGGGCGAGGATCAATCGGAGGCGTAATTCTTCAATGTGATCACCAAAGCTCATGGTGACCATCGTCTGTTCTTCGGCGAAGAGATCGTTATCGGTCGGCATTGGATGTGGACCACCCTAACGAAGCCTAGGGCTAAGCCGGTCGGCGGGCAATTGGTGAGGGGAGGAGACGCGGGTCGCGACGGCCGATCCCGAGGCCGGGACCCTTTTTTGGTGCGGCACCGCCGTGGGCCTCTCGGGGACGACCGATTCGGGCGGGAGCGTTCCTTGAGCAATAAGTCTACCACACGCCAATCGTGGGTTTCCAGCGAGAAACCGTTTCCCGGATTTCCGTCCGCGACTCGGGTGGACATCGCCTCGCCGCTCTCGTTACAAAGAGGGCCCTGGTCTCCTCTGTTGATGTGGTCTGGGAGTGCAAGGCCTCTCGCCTGGTGCGCAGTGAACAACGTCGGACGCCGGAAGATGGTAGGGGTTCCCACTCCGAGACCTCTCGCCACGCCGACGCAACTCGATGACAATCATCAAGGACCTTCGATGCTGGATCCACCCCTGTACCCCTTGCGGTTCGAGCCGATCCTCAAAGAGCTGATCTGGGGCGGTCGAAGGCTCGAAACCATCCTCAATAAACGCCTCGGCGACGGTTCGCGCTACGCGGAGAGCTGGGAGATCGCCGACCACCGCGACGACGTCAGCCGGGTGGACGAGGGGCCGCTCAAAGGAGTCTCGCTCCGCGACCTGATTCAGACGCGGCGCGACGAGTTGCTCGGTCGGTACGTGGGCCCATTGACGCAGTTCCCCTTGCTGGTCAAGTACATTGATGCGCACCAGGTCCTCTCCGTGCAGGTGCATCCCGATGACGCAAAGGGCAAAGTCTTAGCCAACGACAACGGCAAGACCGAAGCCTGGGTTATCCTCCATGCCGAACCCGGCAGCCTGATTTATGCGGGGCTCAAGCCAGGAGTCACCCGCTCCGAGTTTGCTGAATCCCTCAAAACGGGCGAGGTCGAACCACTCCTGCACCGGTTTGAGGCAAAGCCGGGCGCCTGCATCATGATTCCCGCGGGCACTGTCCACGCTATCGGCGCGGGGGTGGTCCTGGCGGAAATCCAGCAGATGTCCGACGCCACGTTTCGCGTCCACGACTGGGGACGGGTCGGAACCGACGGAAAGCCCAGGCCGCTTCACCTCGCCGAAGCCCTCGAATCGATCGATTTTGCCGCAGGTCCGGTCAATCCCCTGGACCCGACGCCAGAGCCAATCGCCGGAGGAACTCGAGAGCGGCTCGCCCATTGCCCCTACTTCGCGCTCGAGCGGCTCCGCTTGAACGGGCCGACGACCGTGGGAAGCGATGACCGTTTCACGATTTTGCTCGGACTGGAAGGCGACACCGAGATTCGGAACGGGGAAAGCGCGGAACTTCTCGAGTTCGGCCAAACACGTCTCTTGCCTTCGTCCCTTGGCAATTGCCAGCTTGTTCCACGGGGCGAGTCGGTCGTCCTGACCTGCGTCGTCCCTTGAAGTGGCCTTGGAGAGCCGTTGCATGACTGATGAATCGCCATTGACCGGGGAGATCCACTTCACCCGGCTCTTTCCGTGGCTTCGCCTCTTCCGAGGGATCGGCGTCTCCATCGACCCGAAGAAGCTCTTTCTCGCCGCAATCGGCCTGATCGCCTTGAACGCCGGTTGGGGAGCCCTGGATCGCGCTTTTCCCAACTCGGATCCGCGCATCCCGGCCGGATTGAGCTCATTGGCCGTGGCCTCGACCCCAGCGCGAGGGGACAGCGGCTTCGACCTTGGCCTCTCACTCTGGCAATTGACCGAACCGGTTCAATGCCTGATCACCCCGTTCGTCGCCATCTTCTCGGTGCGGACCGGCGGGATTTCGCTCCTGCACGCTTTCCTCGCCGCGGTCTGGGCGGTCGTCGTCTGGGGACTCATCGGTGGCGCAATCGCCAGAATCGCCACGGTTCAGGTGGCCACCGGCGAGCGCATGGGGGTCAAGAACGCCCTCAAGTTCGCGTTCGGCAAATCAGTCCCCCTCGTCCTGGGGCCACTCAGCCCGCTCCTGGGAATCGC
NZ_CP155447.1_gap136	4844611	4846121	1510	GATATCAAGACTCTTCCGAGAAATCTCCTTCCGCATCCCGAGCTGCTCGGCACGCTCCTCCAACGAAGGCCGGTGAATCGGATCATCCTGTTCCCTTGAACTTGGCAACCAGTCCATTTGATCAGCGATCCGTTCCAGGTCATCTGCGTCGGTAGGCACATTGGCCCAGGGGCCCAATGTGAAGATTTGTACAAAATCACCATTAACTCCTGGCTCCGCCAACCGGCCGAACCACGTAGTATCGATTAATAGCGACCTCAGTACATCGACTGTCATCTTGGCCTCCTCAGATCAGTCGTGGTCCCTGACGGCAAGGCCCGCGATTCCTGCTGGATCGTATCCCGCAGTACGCCTCCGGCGGCGTGGGCCGGGAGTGGCCAGGCACTCCCAAAAGGGTAGGCTAGATAAGTTCGGCGAACGGCTAGTGCCTCACTGAAATCCCACGGGGCCTAAGGTTTCGACGGTCAAGCTCGCCAATCTTCCAGGATCACCCCATCGCAGGAGCCTGGCTTGAGCCCCCTCCCCATCCCCGCGGTCTTGGCGAAGCTGGGGGTGGATTTGCTACCATCGAACGTGTCAGGGGAGCCTGATCCCACAGAGTGACGACCCGGCCGAGGGACCGAATAACGTCGAATGTCCCCGTGGCGCAAAGCCATGGTAAAAGCGTGGCGCTCCGATCACCAACGTCGGATCCGGCTGTGTGGGGTCACTCGCCTGATATTACCAGTGTGGCGAGCGTGATCTGCAGCGACAGAGATGGTCCATCGGCCCGCAGTTCGTCCCCGGATCCTGAACGAACCGCCGGTATGCCTGGCCGGGACGGGGCCACTTCGTCCCCAGGCTGCCCGCCCTGGTTTCCACTGTTTCCTACATGGCTGTCTTTTCCTCCCCGCAACGCTCGCCGCCCCGCCGGTGTTGGGCGACGGCGTGGGCTTGGCCGTCGCAAAGTCGGAGCCCCAACAATTCGGGGCGTCTCGGCGAAAGCCGGGGTGGTCGGGGCGGGAGGTGGAGGGCGGACGGGGTGGGTGACTCTGATAGGTCGGGATGGTCGTCTTGGCTGACGATCTCCAGATGCCGAACACCGGATTACTGCCCGCCCTTGATGATCGATACAAATCTGGACACGTTCGAGATCTTACTGCCAATCATGGGAATGGTTGCAGAATTGCGTACACGATTGAGCCGAGGTGATGGCAAATCAAGTTTCACATGCCCTTCAACGACAACAGCCTCGCTCTCTCCATTGCAGAACGACACATTGAGGCTGCATTTTGCCAGGAAAACCTCGTGCAGATCGAACCAAAATGGAGAGAGTGAAACCAGAGCCGAGGTTGAACCTCCAGGACACAATTCAACGATTGGATCGCTTTCTTCCCAGCAAAGAATTGTCCGGCCGATCGGTACTTGTTCGCCGGACTCCGCATATAGCCTGATTCCGGTGTAGGGATTTGGGAAGCTAACTCGAAGCTCCTCATTTGAAATATTTTTCACTTCAATAACTATGCCATCG
