gap_id	start	end	length	sequence
NZ_CP027806.1_gap1	50188	51692	1504	CGAGCTGTATTTCCACATCCCCATGACCAATGCTTCGGCGCCAATCCTGCGCTTTGCGATGATGGATGAGGGCGCAGCCGACGCCATCGTATTCGACTATTCGGTAACAAGCGGCTTTCAGCAATGGACGCAGGCAGGCATGGTGGATGCGCAGACGACCCAAAGCCTGACAACCGACACCTATCAGATTTACACGGTAGATTTATCCGGCGTTGAAGCCGCCGCGAACAATGCCGATCTCCTCATCCGCGCCCGCTTCCTCACCGACGACGGCTTCGCCAGCAACGGCGACCGTGTGACCTTTAATAATGTTTCGGTGTTTGCGGTGGTGGGGGAGTAACGAAGGGTCTTAGTTGAGATGATTTCTTTTGCTTAAGTGGTTGAACTTTGGCGCGTGTACTTCTTAACCGCTGGCAGAATCACCGCCCCGATAGTATCAATATTCCGTATCATCCGCTCGAAGGGCACCCCACCGAAATCCATCTGCCCGATGTAGCGTTGATGCCCGAATACTTCCGCCTGATACAGGATTTTATCAATCACCTCCTGCGGACTCCCAACGCACATTACATTGTGCGGATGTCCGCCCTGCATGAAGGCGGAGGCGTGAAAGCCTCGGCCGTTGGTCAGCTTCATGCCTTCGTCGATGTGCGGGTGCATTTCACGGAGCGCCTGTTGTGTGGTCGGGGCGGTGTGGAAGAAGCCGGTTGTGCCCACGGGCAGTTGATCGGGATCGTTGCCGCTGCGGCGTGCTGCTTCGCGGTAGAGCTCAATGGTGCGCTTAAAGCTGCTCACGGGACCGCCGAGCATGGCGAGCATCATGGGCACGCCTGCCATGCCTGCTTTCGCGGCACTTGCGGGCGTTCCGCCTACGGCGCGCCAAATCGGAAGGCTGCCGTTCAGCGGACGCGGTAAAATCACGGCTTCCTCCAGCGGAGCCCGGTATGTGCCGCTCCAGCTGAGGGGCTTTTCTCCGGATGCGTTGATCTGAAGCAACAGCTCAAACTTTTCCTCGAACAGGGCTTCGTAGTCAATCAGATCGAAGCCCAGCAATCCGAAATTACCCACGCGGGAAGCCCGGCCCGCAATGATTTCTGCGCGTCCGCCGGAGATCAGATCAATGGTCGCGAAATCCTCGAAAACGCGGACCGGATCGAGCGTGCTCAGAATAGTGGAGGAGCTTGAAACCTTGATCCGCTCCGTTGCCTGCGCGATAGCCGAAAGCACAACCGAATGCGCCTGCGTCGTGAAATATTCCTGATGGCTTTCCCCCACGCTGAAGAATTCGATCCCGGCCTGCTCCGCCAACCGCGCAAGCTCAATAATTTCCTTCAGCCGCTGCGCCGCCGGAATGCGCTTCCCAGTTGCCGGATCAGGAAGATGATCGCCCAAGGTATAGAGTCCGAATTCGAGTCCGTTGGCCGGGTTGATGCGGTATTTTTCCATAGAATAGCTTGTGTATGATGAATAGTCTGTCTTTGGACCAAATTTAGTTGTTTAAACA
NZ_CP027806.1_gap2	110707	111437	730	ATGTGAAGCGCGCGATGGAGGTAGCCGCTGCCGGCGGGCACAACATGATCATGGTTGGTCCGCCCGGTTCAGGCAAAACCATGCTCGCACGTCGCCTGCCTACCATACTACCTCCCCTTACACTGAACGAGGCGCTGGAAACGACGAAAATCCACTCCGTTACCGGTCTTATGCGCAGCGGCAGCTCCATTGTAACGACAAGGCCATTTCGCGCGCCCCATCACACGATCTCGGACGTAGCGCTTGTGGGAGGAGGCAGCATCCCCATGCCGGGCGAGATCTCACTGGCCCACAACGGCGTCCTCTTCCTGGATGAGCTGCCGGAGTTTCAGCGCAAGGCACTTGAGGTCATGCGGCAGCCGCTCGAAGACGGCTTCGTAACCATCTCACGCGCCCGCATGACCGTGAGCTACCCGAGTAAAATCATGCTGATCGCCTCCATGAATCCATCCCCCTCCGGCGACTGGTACGACCCTGCCAATCAGGACGGCACCTCACACGGGCAAATGCAGCGATACCTCAGCAAAATCAGCGGGCCACTGCTGGATCGCATTGACCTGCACGTGGAGGTCAACAAAGTGACTTTCGAGGAACTTTCTCAAAAATCGCAGGGCGAAGGCTCTCTGCCTATCCGGGAGCGGGTTGTTGCCTGCCGGCAGATTCAGCAACAGCGATTCATGGGCATGGAAGTGCACTGCAACGCGCAGATGAGCTCGCGACAGGTGCGCAA
NZ_CP027806.1_gap3	133770	138649	4879	CTCGAGCTTGAAGGCGTGAACAAATGTTTCGGCGATACGGTGATTCTGAAGGACTTCAGCTACGAATTTCAGCGGGGGGAGCGCATCGGCATTATCGGGCGCAATGGCGTTGGCAAAAGCACTTTCCTGAACATGCTCACGGGCGAGGAGCCGGTCGATTCCGGCTGGCTCGACAGCGGCACGACGCTGGTGTACGGGCATTACAAGCAGCGCGTCGTTGATTTTGATGAAGAGCGCCGGGTGATTGATATCATCAAAGATGTGGCCGAGTACATTGAGCTGGCCGACGGCAACCGGATTTCGGCTTCGCAGTTTTTGGAGCATTTCATGTTTCCCGGCAAGATGCAGTACACGCCCGTCGGCAAGCTCAGCGGCGGTGAAAGGCGGCGGCTCGCGCTGATGATGGTGCTGATCAAAAACCCGAATTTTCTAATCCTCGATGAGCCGACCAACGACCTCGATCTCATCACCCTGAACCGTCTCGAAGAGTTTCTGCTGGATTTTAAGGGATGCCTCATCATTGTATCGCACGACCGCTTTTTCATGGATAAGCTGGTGCAGCACTATTTTGTGTTTGAGGGGGATGGCGTCGTGCGCGATTTCAACGGGACCTGGTACGAGTACCGGCAGGAGCAGGAAGCCCTCGAAGCGGAGGCGCGTGAGCGGAAGAATGCGGAGCGGGATAAACTGCAGCAAGGGGCGGAGAAGTCCGGTGCCGCAAGGGCTGCTTCGGGCCGAAAAGGGCTGAGCTTCAAAGAGCGGAAACGCTACGAGAAGCTGGAAGCCGAAATCGAAAAAGTGACGGCTTCGCGGGAAGAGGTGGAAGCAGCAATGAATCAGACCGGACTTTCGCCCGAAGAGATAACCCGGCTTGCCGCGCAGTATGCCGAAATCGGGGAAGCGCTCGAATCGCTCGAAATCGAATGGCTGGAACTGGCCGAGCGGGCCGAAGAAACGTGACCCGGACCAAGCAGCCTGTTACCGGTCCTGATGCCTGAATTGGCGAAACGGCGCAGTTCCGCTTATTTTAAATCTGTACAAAAGCTGAATTAGGTTTCGGCACCCATCATCCTAAAAAAAGAACACCGTGGCAAATCCCAACCTGAACGCAGAACTCCGCGAACATTCCTTTGAACAAAGCCTGCGACCGCTGCGGCTGAACGAGTTTATTGGTCAGCAAAAAATCATTGATAATCTAAGCGTGTTTATCAAGGCCGCGCGAATGCGGAGCGAATCGCTCGATCATGTGCTGCTTTCTGGCCCGCCGGGTCTCGGCAAAACGACCCTTGCCACGGTCATCGCCAACGAGATGGGTGTCAGCATGCGGCCGACCATCGGGCCGGTGCTCGAAAAACCCGGCGATCTTGCAGGGCTGCTAACCAACCTCGAAGAGGGCGATGTGCTTTTTATTGATGAGATACACCGGCTCAATCCCATTGTGGAGGAGTACCTGTACTCGGCCATGGAGGATTTCAAGATTGACATCGTGATCGACAGCGGCCCGAATGCCCGCAGTGTGCAGATCGAGCTGAAGCGCTTCACCCTTGTGGGGGCGACGACCCGGAAAGGGCTGCTGACAGCTCCGCTTCGCGCACGCTTCGGGATTGACCTGCGCCTCGACTACTACGATACCGAGCTGCTGCAGCTCATCGCCCGGCGGACGGCTTCGATTCTGAACATCGGCCTGAGCGACAAAGGCTCCTTCGAGATTGCCCGCCGCAGCCGGGGCACGCCGCGTATCGTGAACCGGCTCGTGCGCCGAACCCGCGATTTCGCTGAGGTAGAAGGCACGGGGGAAATCACCGACATTCTTGCCGACCGCGCCCTGAATGCGCTCGACGTGGACTCAAACGGACTTGATGATATGGACATCCGTATTCTGAACGTACTGACGGAGCTGTATAAGGGCAAGCCCGTAGGCCTCGGCACGCTCGCGGTTGCGGTGAATGAAGAAAAGGGCACGATTGAGGAAGTATATGAGCCGTTTCTGATTCAGGAGGGTTTCCTGCAGCGCACGCCCAAGGGACGCGTCGCGACGCAGAAAGCATTCGAGTATCTCGGGGTGAAGCGGGATGCGCCCGGCGATTTGTTTGGGTGAGGTGCTTTTTTTAAAAAATCCACAGCCTTCAGCCTTTGCTTTATGCAGATAAATACCGTGTTCTTCACATTATATATGTAACACCGGGAAGTTGGTCCAGCCGCCGGAAGCAAGCATCTCCCAAAAAAAAGAAAGGCAGGGATGACAGGGAAGCGGGATTTGGGATGAATCGCGGATTGCTTCGGCTGTCAGCCTGCCCGGGTTGATGTTTTGTTTTTGAAAGCTTACTTCGCGTTGAGGCCGCCATCAACGGTGATGGAGGTGCCGGTGAGGAAGCGGCTTTCGTCGGATGCGAGGAAGAGTGCGGCTTCGGCGATTTCGCGGTTGGTGGCGTAGCGGCCCAGCGGAATCATCTGTTCGAATCCGGCTTTTACTTCGTCGCCTTTGCCGGGTGCGAAGCCGTCTTCGAGGGAGCGCATCATGCGGTTATCGACCGGCGAAGGATGGATGCTGTTCACGCGGATGCCGTCGGCGGCCAGTTCGAGTGCGGCTGATTTCATGATGCCGAGGGTTGCGTGCTTGCTCGTCACGTAGGCGCTCACATTCGGCGTACCCCGCCAGCCGGCCACGGAAGAGGTGATCATCACGCTGCCGCCACCGTTTTCGCGCAGGTGCGGAATCGCGTGTTTCAGGCCCAGGAAAATGCTTTTCACATTCACGGCCATCACCTTGTCAAACAGCTCTTCGGGGTATTCTGTGATGGGCATCACCTTACCTTCGATACCGGCATTAAGGAAAAGCACGTCGATTTTGCCGTGCGCGGCGATGGCTTCGCGGGTGTAGCGTTCGACATCGGCATTCAGGCTTACATCGGCGGCGGACCAGGTGACCTTGCTTCCCTGCGGCAGGCTTGCTACGGCTTCTTTGAGGGTTGCTTCGTCCAGATCTACCAGGTGGATACCCTGTGCGCCTTCTTCGATAAAAAGTACGGCCGTCTCGAGACCAATGCCGCCGGCACCACCCGTAATAAGGGCTACTTTGTCCTGCATTCGCTTCTTCATGGTTGACCTCCAAAGTTGGTTTATGGTCAGTGCCCGAGACGATGTGATAAGCCTGCGTTGCCCGATGTAAACCGCTGCAGAGCGCAGTAGGCAGCGTCTCAGGTTGTTATAATGAAGATAGGAAATGCAGGTATTGTAAGTTGTAAAACCGATACCAAACAGCTAAAAAAGCGCTTTTTAAAAGCTGGCGTGATAGCGTTTTTCACCGGCTTCGATACGCAGGGGCAATCTGTTTTCCGGGGGCGGAAGCGGGCAGGTTGTGTATTCCGAAAGTGCACAGGGCGGGTTGTAAAGCTTGTTGAAATCGACCATCACGGTGCCGTTCGGGCCGGGGTTGGGCACATAGAGGAAGCGTCCGCCGCCAAAGGTGTCGTCGCGGTTGGTCTCGTCAGCAACGGTGAGGAAGAGCTGTTCGTCGTTTTCTTCGCCAAGGGCCCAAAGCGTGTGGGATTCTCCCTTGAGTTCGAAATGCAGTACGCCGGGTGAGTTGGTATCGGTGACCTGCCCCAGCACATTCAGAATGGGCAGGGAAGCCGGCGCTTCGTGCGGGATGAGGCGGGCTTCTACTTTATACTGCGGCTGAACATCAAAACGCTCAATGCCTGTAAAGCCGGTGTACACGTAGCTCTCCTGATCGTAAAGCCGCAGGCCAATAGTGCCGCCCCGTTCGATAAAAGTAAAAGCGAGCCGGCCGTGTTCGGCCTCGACCGGGTTTTCTGAGGGAAATGTGAGGGATCCGTGGAGCGCTTCTCCGCTAACCATAAAAAGGCCGTCTTCAGCAGGACTGAGGGTGATCATGTTACCCTCAACCGTAACCGAACCCGCGAAGGGAAGGATGCTGTTTTCGGGCAGCACGATGTCGTTTCCGGTATCGGTGCCAAAGGTGTGGGTGCCGTCATTGAGCCAGAACAGGCCGGCAAGTTTGAGCCAGCCGCGTTCTGCGCTGAGCCTTTCGATACGGTCGGCATGCCAGGCATTGACTTCTTCTTCGTGGGTTGGTTCTGCTGTACACGCAGCAAAAAAAAGCGCCGCTACAGCTGCAAGAAAACCGCTGCGGACAATAGACATGGTGTGCATATAATTAAAATTCTGAATTTGTTCAGTTTACGCTAACAGGGGCTTTGTGCCTATCTTAAAATAAGGGAATAAAGCCCGATGTAAAAAGAGGATCGGTGTCCGGACATCTTTGGGAATTAAGCAAAGCACCCTTAGCTCACCATGCCTGCGGTCGGGAAGATGTGCAGTTTTTGCATGAGTAACTCTACTTAAATGGAAGTGAACCGAGCGGGAATCAACGATGCTGGCAGAAAAGATTTACAGTGAAAACAGCGGCTTATCTCAGGCCCGCCGTTTGGGGTTTATGGGGTTGAATTACAGGGGTTTAAGGGGAATTCCGGATATGCCGGAGCTAAAGAACATTACAATGTGAGCATTCATCGATGAATAAAGCCTGATCGTCGAAAAGCGGTCGAAAATCAGTTACTTGCCCCATACCTTTAATTTAGAAAAAGTACGGAGAACAAAGCATCAGATCCGCACCATCTGATCAGACGTAGTTCCAAGTATATAAATACACAAAGCAACACTCACAACCATGTGCTCAATACAATGAAAAACAACATCACCTCCAAAACAGCCGGTTTGGCGGTATTGTTTGCAGGCATGCTCTTACTGAGTTCCTGCGATACCGTTTCGACCTCTAACGACGATCCCACCGGCGCATTCACGGTGCCTAAAGGGTTTAATTTTCAGACAACTACCAATGTAACCCTTAACCTAC
NZ_CP027806.1_gap4	169669	173147	3478	TCTCTCCTATCAGGAAGGTTTCAAAATCCCGACCACACAGGATCAGTTTATCGACCTTGATGTGGTAACACGCCGTCTCGTTGGTGCAAATCCGGTTTTGGTAAACCGCTACAACTTCGAAACCAATACCGTTTACCGCACTGAATCTGTTGATGCCGCCCGCCTTGCCCTTGCTTCAGGCCAAAGTGCTGAGCAGGCGCGCGCATTGCTGCAGCCGGTTGTTTTTGATGAGTTCAAAACCGAAAAAATCAGCACGGTAGAGGTCGGTTACCGTGGTCTCTTCGGAAACCGTCTGTACATCGATGCCTACTACTACTACAGCGAGTACCGCGACTTCCTCGCAGAAATTGATTTCACACAGGGTATCCCGAACGGACTTCGTGAAATGCCTGATCTGAGTCAGTTTGACCCTAACAGTGCCGCAGGGCAGGATGCCATCATCAACCGCACCGTACCCACACAGCGCTTCGGCTTTGATGTCAATGCGGACGGTGTAGTGAAAGCGCATGGTTTTGCAGTAGGTGCCGATTATTCCCTGGGCCAGGGATATACCGTTGGCGGTAACGTAACCTACAATGAACTTATCTCTGCAGACCGTCTCGAAGAGCAGGGCTTCAGTGCCGGATTTAATACGCCCAAGTGGCGCTACAATCTGTCGCTGCGCAACAGAAATGTTGGCAACAATGTAGGATTCAATGTTTCATGGCGCTGGCAGGATGCTTTCGTATGGGATTCAGCTATCGGTCAGGGCGTTATCCCGGCCTTTGGTACGCTTGATGCGCAGGTCAGCTACCGCATTCCTAACATGAATACTGTAGTAAAGTTCAGCGGTTCAAACATCCTGAACGAACGCTACACCACATCCTTCGCCAACCCATCCATGGGTGCCATCTATCTGGTTACCTTCACCTTCGATCAATTTCTGAACTAAACCTATCTGACGAACCATTATGAACACTTTATCAAAATCATTACTGGCACTGTTGTTTGCCGCTTTTGTTCTGTTCGGATGCGATGGTGCAGAAGACTCCCTGGTAAACAGCAGACTAAACGACAACCCTGTTCCTGACATCTCTTTTGATGCAGATCCGGGAAGTGCTGATTTCAGTCTTACCGTCAACATCGGTAACTCACTGACTGCCGGCTTTATGGACGGTGCGCTGTACGATCTCGGTCAGCAGAACTCTATCGGTGTTTTACTGAACCGGCAGCTTCAGGCAGTTGGGGCACAGGAGCAGTTCAATCAGCCGGACATCAATTCGGCTAACGGCTTCAATTCCGGTGCTTCCAACCCCGGAGCGGGTGTAATTTTAGGTCGCTTCAAGCTCGATCCGACCATTCCCGGACCATCCCCGCTTAGTGAGGGAGAACTTATCGGACCGTTTGAGGGAGACCGTTCTGCCCTGCACAACTTCGGAGTACCCGGCATACAGGTGGGTCAACTGCTCACGCCCAATACCGGAACCCCGGATGCACCGGGCTTCAACCCGTTTTACGCCCGATTTGCGTCAAACCCCGGCACTTCCACCATTTTAGGTGACGTCATTGCCGCGCAACCTACCTTTTTCACCCTTTGGATTGGAAACAACGACGTGCTGGGTTATGCCCTAAGTGGTGCAACCAACCCCGCTGTTTTTACTTCCGTGGCTGATTTTCAGGAGCGCTTTGGCGCAACAGTAAACACGCTTATGGCCAATACGAATGCAAAAGGGCTGGTTACAGACATCCCGTCTATTCTGGCCATTCCGCTGTTCAGGGCCGTGCCTTACAATGCTGTTGAGCTGGATCAGGATACCGCAGATCAGCTGAATGCCGCATTTGCAGCATTGAACGAATTTTATGCATTGATTGCCGCAAATCCGCTGGTACCGTTTACGGAAGCTGACCGCGATCAGCGTTCTGTGTCGTTTCAGGCGGGAGCCAATCCGGTACTTGTACAAGATCCGGATCTTGAGGACCTGACACCTATCCTTGATTTGCTTGAAAGTATCGATCAGATTTCGCCCGAACAGCGTGCTGCAATTCAACCGTATGTTCAGGCCCGTCAGCTAACGGTAAATGAGCAAACCGGTCCGGAGCTGCTTCTGCTTTCTGCTGCTACAGTGCTCGGCACGCTTGCTGACCCGAACAATCCGCTGTCTCAAATTGGTGTGGTCGTGCCCCTGTCCGCTCAGTTCCATCTGACCGCCGCCAATATCGTTGAGATTGAGACCCGTCGTCAGACCTTCAATGCCATCATGGAACAGACGGTTGGTGCCGCTAATCAGACTGCCGGAGAAACGCGACTGGCTTTCTACAACACCAACGCTGCCGGTTCGTCTTTTGTGAACCTTTGGGGTCTCGACGGCAGTCAGCCGGGTATTGAAATTGGTCCGCAGCGACTCATGCCTGACTTCTCCCCCGCCGGGGTTTTCTCCACCGATGGCGTTCACCCGAACAGCCGCGGCAACGCACTTGTGGTGAATGATATGATCGCAGTGATTGAAGACGCTTTCGGAGCTTCCATTCCAAGGCTGAGTAACACGGATATTCTTAACCTTCCCAGCGTACAGATTTGTGCCGGGGATTGCGTGAGCGACGCCAATGCAGGACGCGCGGCTGATTTCAATCCATCCCGCCTGTTCATGATTCAGGACTAATTCCTGTTTCACAGCTCCTTATGAAAATGGCTGTCGGAGTAATCCGGCAGCCATTTTTTTGATTGTTGGATGATGATGTTTGGCTTCAACGGAAATATTCGAAACCAGATAAGACTTCCCAGTCTCTTTCTTTTAATGTGATGTATGTGTTCAAGCTTCTGAAGTGGGTCATGCCCCAAAAAAGCAAGGGATTCATCTTTGACTTGGGGCCTCCGATCTACTGCGAAAGACCTTGATGTTCTCGGAGTTTTACCCAAAAAAAAATGACAGAAAAACCTGCTTAGGCTGCCGGTCGCAGGCCTGCACATGCGGAAATGGGTAAAAAAAACAGGCAAGGCCTTCAATCCCTGCCTGCTTCGTTGAGGGTATTACATCACATGTCTGAAATCACAGATCTTTTCGAATCAAAAGCTTAGGTCAATACCAGCCGTAAAGAAACGCGGCATACCTACCCGAATGCCCTGCGGACGACGGGATACGATATAGCGTTCGTCGAGCAGATTTTTCACGGCTACATTAACAGAAGCATTGCTGAGCTGTGGTATCTGATAGCTTGCGCGTGCATCAAGCACGAAGTAGGATGGAATGGCACCGCCGCGTCCGTCAAGGGTTCCTTCTTCGCGGTTCAGTACATCACCGTACTGCTTGCCAATGTACGTGCCAACAAAGGTGAGGCCTACGCCAAAAGGTGCTGCAAGACGCAGCTCGCTGCTTACCATCCATTCCGGGGCGTATGGCACGGAATTGCCCTTCACGTTAACCTGCTCGCCGCCGCTACTCACGAATCGGTCGCTGCTGAACTCGGCCTGAATCCAGGTTGCACTTGTGTTGAGATCTAT
NZ_CP027806.1_gap5	176736	178969	2233	CCGGACTGCGTGCGCAACGCCATGCGGTTTGCCGAAAATTTTACCCCGGCAACAACAACCTGATAAATGCTTGGCAGCTCGGCTACCGGCTACCGAAGCATAACGATCTTTCATTTTTTTGGGGAAAACTCCGTGAACATCAGGAGCTTGGGCGACAGATTGAGAACCCCCAAACCTGCGCGAGACGCCTTGCTTTTTGGACTCCGTGCCAGCAAACTATCGCCGTGCTAAACCCCACTGATTGCAGGCAGAAAAAAAGCCGGAACTGTGGGGCAGCACCGGCTTCTTTTGCTGAATTCGTTTATGGTATCAGGCATTCATCACCACAGAACCCGCAAGCGCTGGGTTCGAAGTAAAGGTGAGCTCCGTTATCTCCGGACGCACAAGGCGAATTGGTGCACCCACAAGACCTACTCCGACATTCACATAAAGGTGCCGGTCTTCTTTGGTATAATGACCGCGGGAATAGGGATGAAACCAATCAATCGGATAAAGCTCGAGTCCCGCTATATTGAAGCCGATTTGCCCGCCGTGTGTATGCCCGGCAAGCGTCAGGCTGATGTCTTTGGCACGGGCGTCATCAAACATATGCGGCCGGTGTGACAGCAAAATCCTGAAACTCTCCGGGTCACTCCCTCTGACGGCTTTTTCGATATCGGCAAAATCACGCCCGACTTCACCGGCATCATCAATGCCAATCATGGTTAATTTCTCTCCGTTGATACGCAGTTCGCGATGTGCATTCTGAAGCATGCTGACAGGTTTATCCGCAAGCGCATCCATCAAGGCATCCGCGGAAGCATAGTGATCATGATTCCCAGGACACCCAAAAACCCCGTAATCTGTCTTCAGCATAGATATGGTATCCCGGATGTTCGGAATTTCGGTAATGTGCGTATCTACAAGATCACCGGTAATGGCAACAAGGTTTGGGTTCAGGCTGTTGATGATTTCATAGATCTCCTGTATCTGTCGTTTGTTCATGAAGATACCTGAGTGAATATCGCTGATATGGACCAGCCTGAGTCCTTCGAGTCCGGTAGGCAGATTCGGAAAATACAGGGTATTCTTGCTGATCACATAGTTCCGGTGCGTTGCCGCGGAGAGACCGGTAGTAAGCAGCAGGGGTGCACCAAAAGCTGCGGCTCCGGCTGTACGGATGAATGACCGCCGGCTTATGCCTGTGGGCTCCGGTGAAGTTACGTTTTCGGATACCGGCACCGGAACCGGTTCAGGCTGCAGCTCCGGTGACTGACCGGCTGCCATTTGAGCTTGTTCAGAACTATTGCCGGGTTTGGTTTTTCCGAAAGCAAATTTGAAGTAATTCATCACATGCTGTATGCCGCGCCCGGCATAAATTAGTGTGCTAAAGACAAACAGCAGGAAGATGATGGCGAAATAAAGTCCGCCGGGATAGACCATAAATTTCTGCAGAAAAGCCGAATCATGCAGATAGGTGTATGCAATAACAAAGCGCGGCCAAAAGAGCAGATTCCCGACAAACAGCACGCCATAACCAATGCGGAGACAGGTTTTCTGTGCCCTTTCGGTTTCAAAACTGTAGGTAAACCAACGCTTGTAAAGCTGAAAAACCACGTACTGCATTCCGCCAAACACGACGAGCATCATGGTATAAAAAACAAAGAAGATGACAAAGTTATCCATCACAGATTAAACCAGAACAGTAAATGACAATCAAAAAGCGAGAATCAAAAAGGGAAACTTAGAATAGCAGACAATACGGATTATTGCGGCCCGGTATCATTAAGCGTACGTGAAATAAAAAACCGGTCTAAAATGAACACAATCATAGATTATGGCATTCCGGGCGGGTTTACAGCAACAGCTAACAGATAAACAATAAAGCAGAATTAAACTACCTGAAAACAAGGGGCGCTACTTCTTATCGTAAATATCTCTTCTATGCCCAATCCGAACAACCAAAATGAGCACTTTATCATCCTGAATTTGGCAGATAATCCGATAATCATTGACCCGGTAGCGCCATAACCCTTTCATCCGCCCTTTAAGAGAACTCCCCATTCTTTGTGGATCGTTGTCAGTTGACAAATTATCACGCATCCATTTCAGAATTCTATCCTGTGTTGCAACGTCTAATTTCCGGAGCTCTTTTCGAGCGCGGTTATCAAACTCAACCCTCCAGGTCATCTCTCCGCTCTAATTGTTCCAAACTCCAGTTTTTGCTTTCGGGTTGCTCAAGGCGACGTTCAGC
NZ_CP027806.1_gap6	189537	190194	657	CGTGTTTCCTGTCAGTTCCAAAGATACGGTATTGAATGGGCAGGAATATCTCTTTATTAGACGGTCGTATGCATCCAAATAAAAAACTTCCCCACTTGTCCCGAAAGGCTGCGCAGCCCCCGCATTGCTGCGCAAGACTTTCAGACACCATTCCTCCGGGCATACCCTTGTTGTTCCCAAAAGCTGTAACCTATCATTTCAATCACTTAGTCCGCTATGTTTTAAATCATTCGGTATCGATACACCCGGGAATAATGCGGTAATACAGCTTCAAATATTTATGCAAATGAAAAAGAGAATGGCTATAATAACAGGTACATTAAGGTTACAAATAACCTCCTCTTATTTTTTGATTCCGGACTACATCCTTTTTGTATGTGCTAAAACCGGGCAGCTCCATTTAAGTTAATTATTTCCCATTTATGCCATCGGAAGCCCAATTACGCAATTTGTGTTATCAGGTCATTCAGAAAGACGTTGTCTTTTTTGACCTTATTACCCGACGGGAGACCATGGGTTTTGGGCTATGGCATTTTAACGGTGACCACAGCGACTTTTGGCTTAGTCCCCCGGTTCAGGATGCACTTGAAGCTGCCGGATCAATCCGGGATGTTATTGAAATGCGGGTAAGCCAAATTGTTTCTGAAACCACATACA
NZ_CP027806.1_gap7	191277	193031	1754	TAAGCCTGCGTTTCGAAGTCCGCGATACCGGCATCGGGATCCCAAGCGCGAAGCAAAACCGCATTTTCGACGCCTTCTCACAGGCAGATGGCTCTACGACCCGCAAATACGGCGGCACCGGCCTCGGACTTGCGATATCCAACAGCCTCCTCCAGCTCATGGATAGCCGGCTCAACCTGGAAAGTGAAGAAGGGCAGGGCAGCCGCTTCTGGTTTGATGTAACGCTACCCTACAGCCTGGAGAAGCGCTCCGAATCCTACGACCTCGACGCTGTAAAGCGCGTGCTCATTGTTGACGATAACGAAAACAATGCGCGCATTTTACAGAAAGTAATGGAGAGCAGGGAAATCGCCTGCAACATTTTCAGCAATGGTCCGGATACCCTAAACCACCTCAAATCAGGTGAGCAAAATTATGACGCCCTCATTTCCGATTATCACATGCCGGGAATGGATGGCATCGAAATGATAAAACAAATCCGGGAAGAGCTGTCCCTTCCGTCCGCTGAACTTCCCATTTTATTGCTGCACAGCGACGCCAACGACGGGTTGATTCACAAGGCCTGCAAACGATACGACATTCAGCTTCAGATGAACAAACCGGTAAGCAGCAAGCAGCTTTACGACGCGCTCGCGCGGCTCCGCACCGGATCTCAAAAGAAAAAAGCTTCAGGCGATCCGCAGCAGCACTGGCAAACAGACCGTATTTACCGCATCCTTATTGCAGACGACAACCGGGCCAACATGGTGCTCGCCCGCGCACTCGTCAAAAAATTTATTCCCAAAGCCCGCATCTCTGAAGCCGTTGACGGCAAAGAAGCTGTGCTCCTGTATCAGGAAGAGCGCCCAGACCTGATTCTGATGGATGTGCAAATGCCCGAGCTAAGCGGGTATGAAGCAACCGAGCGCATCCGCACCAACTATTTGGACGACCAAACCATCATCATCGCCCTCACCGCCGGCGCCATCAAAGGCGAAAAAGAACGCTGCCTCGAAGCCGGCATGAACGACTACCTCAGCAAGCCCATCAATGTCGCAGAGCTTGAGCGACAGCTAAAATATTACCTCGGAAGCCTTCAGCCCCACAACAGCTGATACCCCAGGCTTGCAGAGCAGGCAACTCCGCCATGGTCACCCTGAACCCGGTAAAGCAGACATTTCGGGCTTTCTTTTTTTTTTTGGGGAAAACTCCGTGAACATCAGGAGTTTGGGTGACAGCTTCCGGGTTCCCAAACCAAAGATAAAGGCGTTGCTTTTTTGCAGGTACGCGATGAGTCCACGCGGGTTTTCGCGATCAGGCAGCATTTCCGCAAACGTAACCGGCAATCACCACCAAGCCCAAGCCACACGCAATACCCTTACGCCCAGCATGCTACATCTCGCACCCTTCCCGGCAAAAAAACCAATGCCGGATTAAGTCGAATCAACCCGGCAGTCACGATCCAGCCGGCTCAGCACAACATAGCATCAGGGTTTCAATTACAGCCCCATTTCAAGGTAGTATTTCAAAAAACCGTCCTGTAGGGACACCCTGTGGTTTGAAAATGCCGCCCAGCCCACACACAATCGGGGAATGCCGCAGGCATGATGTGTCTGTCGGAGACACCCGAGCGGGCTTCGTTTTGAAAACATCCGATTTCTGACATGCACCCAAACGCACATAGCTTGCCACCCACAGGGTGCCCCTACAGGGCACGGCAGCACACGACGGAACAAGACGACGGCTTTGATCAGACTAATAGCTCATGAAAAAAA
NZ_CP027806.1_gap8	324281	324893	612	TAACAGCGACGCGCCTGAGCGAGGTCGATGCCGACTATGTGCTGCTGATTTTTGCCGCAGGATGGTGCCCCTTTTGCCGTGAAATGAAGCCCGAGCTGATGGCGCGCTACCCTGGCTGGCGCGCGCAGGGCGTCGAAGTCGTCATGGTCAGCCTCGATGATGACCCCGACATTTTCGAACAGTACACCCGCGGGATGGATTTCCTGAGCATGACTGATCTCAAGCGCTGGGAGAGTCCCGCCGCACAGGCCTGGCACGTGTACAGCGTCCCCACATTCTGGCTGCTCGACCGCAACCGGCGGATCATCCTCAAACCCAACTCGGTCCGGCACATGGACTCCTGGGTGGACTGGCACCTCGTGCAAGGCAACCCGCTACCGCGATGATGGCCGCCGATTTTGGGGTTCGCAAAGGAGGCAGAAAATCCCAGCGCGCTGATAATTCTCGTATTTTTTTTGGGTAAACTCCGTGAACATCAAGAGTTTGGGCGAAAGGTTCCGGGTTTCCAAACCAAAGATATAGGCGTTGCTTTTTTGCAGGTACGCGAGGGTATCCCGCGGATTTCCCGGATCATGCAAGATCTTCGTGGATTTGTTAACAGCGGGAATAAGA
NZ_CP027806.1_gap9	337494	338759	1265	GGATCGTTCAACATCCCTGCTGATGCGCAGTTTTTACCAAAACCTAAATTTACAGGATGCAGCACGGAGCCGCTTTTTCCGCAGGAGCGAAGCCCTAAATTATCCCCTCGCACTTCGTGAAGCGCAGCTAAGTATGCTGGATAATCCGCAGTATAACCATCCTGTTAACTGGGCTTCTTTTGTTATTACCGGAAAGTAAGCTGAAGCTGAAGCGATGAGGAAGAGTTTATTTGGCGCGGTCAGTATTGGCTGATTCTACGAGCAAAAGCAAATGCTGAAGCTGTTTGGAAAGCTCTGGTTCGCCGGCTTCCATATGTCCGTTTATCAGGTTGCGGATAAAACGCGTAAGCATCGAATAGGGACTCGCTGTCTCGTAATATTGCGGAAAAATCCGGATTCTGCTGTTTTTCAGAAAGAGATCACATTGCTCTTTAGTCAGGATACTACCCTGATTAAACGGATCGATTATGATGCTTTCATTGGCAGGTGTTATAAACTTCACTAAAAAATGCAACGGCATATTCATACCGTAAAACGGCAGCTTGAGACGCTCTGCAACAAACAGCATCACAAAAGCAAGCGACAACGGGATGCCCTGCCTTTTGCGAAGCACCTCGTGCATGTAGGAATGTTCGGGGTGCAGGAATTTACTGCTGCAGCCTTTATATCCGTTCTGCTCGAAAATAAAATGGGTAAAAGCCAGCATTCGGGATTCGGCGGTATCCGCGCGGCGTAACGGCACCGAGGCTTCCTGAGCAAGGGCATCAAGCAGTTCACGATAGGGACGAATGCGCAGGGTTGGATTTTTGAAGCGGGAAAAAAGAAAAACCGCATCTTCAAGCTCTTCCATTGTGTGAACGCCTTGGGCTGCGAGCTCTGCGACTTCTTCCTGCAGGCTGTCAAAAGTAACGCTTCTGATGACCGCTTCAGCTTCTTTTTTGAGAGCTTCGTCTTTGGTGTCTGCCATAAACCTGTCGAGCTGCGGAACTACAGCTTCCCCCATCTGCACGAGGCGTTTGGTAACCGTATCCCGTATTTCAGGTGCAGGATCGTCGAATAACTGAATGAGCGCCTTTATTTCGCGCTGCAGTGTGTCTTGTGCGTTCAAAACAGATCTGGAAATTGAGTTGGGATAAACATCATCAGCGTCGCATATCAACGTTAAAAGCAACGGAAACATCCCGTTGGATGTTGGTGTTGATTGATTTTATTTTTTGCTTTTGCTGCCCGCTTAGCTGAGAAATACAAAACAAAAAGGGTATCAT
NZ_CP027806.1_gap10	348262	351640	3378	GCTTCAGGTGATTGAAGCCGTCAAAGCCAGAATGGATGAAATTGCGCCGGGTCTGCCTGTCCGTGTGCTGGAGGATGGCACCCGGTCGCAGGTCAGCATCGTGCCGTTTTACGACCGCAGCGAGCTCATTCTCGAAACCCTCGGTACCCTCGAACAGGCACTCAGCCTGCAAATCCTGATCACGCTCATCGTCATCATCGCGATTGTGATGCACCTGCGCGCGGCTCTGCTGGTTTCCGCGCTGATGCCGGTTGCGGTGCTCATCTCCTTCATCCTTATGAGCTGGTTCGGGGTTGAAGCCAACGTCGTAGCGCTTGCCGGTATCGCCATCTCCATCGGGACGGTGGTGGATATGGGCATCATCCTCACCGAAAACATGCTGCGGCAGCTTGAGGAGGCCAATCCCGGGGAAAGCCGGATGGAGGTCATCGCCCGTGCCGCGCAGGAAGTGAGTCCGGCCGTGGTCACCGCCCTGCTCACGACCATCATCAGCTTCCTGCCTGTATTTCTGCTGGAAGCACAGGAAGGCCGCCTGTTCGGTCCGCTGGCGTTTACCAAAACCTTTGTGCTGGTGGCGGCCCTCATCATCGTACTCACCATCATTCCTGCCTTTGCATCATGGTTGTTTACACGCAACTTTAACAGCGGTCTTCTTCGCAAATCGGGAAGCGTGCTGCTCGTCATACTTGGCATCGCGGCCTTTTGGGTGCAGCCCTGGGCTGGTTTTATCCTCCTCGGGCTGGGTATCACGGCCCTGTTGCGCACCTTCACTCCGGAGCTGTTATCCGAAAAATTCACCGGATTGGCCAACACCGTCATCATCGTGCTGGGACTTAGCTGGCTGATGTCAGACAGCTGGCTGCCCCTCGGTGCTGAAAACAGCCGTCTCCTCAACACCCTCTTTTTGGTAGCGGTGATTGCGCTGGTGCTGCTCACCTTCTGGGGCTTCATGCGCGGATATGCACGCGCGCTTCGCTTCTTTATGTACCGGAAGCCGCTTTTCTTTGTACTTCCTGCCCTTTTGCTTCTGCTGGGCGGACTCTCCTGGCTCGGCTTCGACCGGTTGTTTCAGGCACCGGCAAGTGTGGCGGAGTCCGTTGGCTGGGATATCCGGAGCAGTAGCGGCTGGCAGTCGGCAGCGCAGACGTTTCCGGGACTGAACCGCGAGTTCATGCCGCGTCTCGATGAAGGCTCCTTCCTGCTTATGCCCACAACCATGCCGCATGCCGGTATGGCCGAAGTCGCGGAAATGGTGCAGATAATGGACATGCGCGTCGCCTCCATTCCGGAGGTCTCAGGCGTGCTGGGCAAAATCGGGCGGGTGGAGTCGGCCCTTGATCCGGCCCCGATTTCCATGTTTGAAAATGTGGTGAACTACCTGCCGGAGTTTAAGCTCGATGACCGCGGCAGGCGCGTGCGCTTTCAGGTTGACCGCGAAGGAAACTTTGTGCGGGATGAAAACGGCGACCTCATCCCCGACCGCCGCGGACGCTTCTACCGGCAATGGCGCGATCACATCCGTTCGGTGGATGACATCTGGAACGAAGTCGTGCAGGCTGCAACCATTCCTGGCGTAACTTCTGCCCCGAAACTGCAGCCCATCGAAACCCGCATCATCATGCTGCAAACCGGCATGCGCGCCAACATCGGCATTCGCGTGAGCGGGCCGGACCTGCAAACGATAGATGATTTTTCCCGCGAACTTGAAGGGCTCGTCAGGAGTGTGGACGGTGTTCGTGCCGCATCGGTTTTCGCGGACCGGGTGGTCGGAAAGCCCTACCTCGAAATTGATCTTGACCGACACGCCCTCGCGCGGCACGGACTGACCGTACAGCAGGTGCAGGAAGTCATCTCCATCGCCATCGGCGGGATGCCGCTCACGACAACCGTGGAAGGCCGTCACCGCTACGATGTTCGGGTCCGTTACGCCCGTGAGTACCGCGACAATCCCGACGCTCTTGCACGGGTGCTGGTGCCCGCGCCCGACGGCAGTCAGATCCCGCTGGGACAGCTCGCCGACATCCGCTTCGTGACCGGTCCGATGAGTATCCGGAGTGAAAACACCTTCCTGAACAGCTACGTCACCTTCGATGCCATGGCAGGCTTTTCGGCGGTTGAAGTGGCCGCCGATGTGGAGCGAAGCCTGCAGCGCAACATCCGCAACGGCAGCCTGAATGTGCCCGCAGGCGTCAGTTTCGTGATTGAAGGCGAGTTCCGGAATCAGCAGCGGGCCGCTCAGCGGCTGCTGGTAATCATACCGGTGACCCTGCTGCTCATCTTCCTGCTCATTTATTTTCAGTTCCGTTCTGCCACGCAAACGGGCATCATTTTCAGCAGCATTGCGCTGGTCTGGGCAGGAGGGTTTCTCATGCTCTGGCTCTGGGCGCAGCCCTGGTTTATGAACTTCAGCCTGTTTGGGGCGGACATCCGGGCGCTGTTCGGCATGGGAACCGTGAACCTGAGCGTGGCGGTCTGGGTCGGCTTCCTCGCCCTGTTCGGCATTGGCGTGGATGACGGCGTGGTGCAGGCGACCTACCTGCGGCAATTTTTTGCGCGGGAGCGTCCGCAGGGCCGGGCCGCCATCATCGAAACCGCCATCAAAGCGGGCCTGCGCCGGGTGCGTCCCTGCCTGATGACGACCGCGACAACCCTGCTCGCACTGCTGCCCATTCTCACCTCACCGGGACGTGGCTCCGAAATCATGACGCCCATGGCCATCCCGCTGTTCGGGGGCGTGCTCTTCCTGCTGCTCTCACTCTTTCTCGTGCCCATCCTCTACGCGATGGTTGCCGAACACCGGCCACAGCTTTTCGCGGCCCCTTCCCCCGAAACCCCACAACTGAAGGAAACTGACCATGCGTAAATCAGCCAACGTCAACATCAAAAACAACCGGCATAAGCTGCGTAAAGGCAGGATGTTTTTTTGCAGGATGATGATGAGCTTCCTGCTCCTGTCCGGGCTTCTTGCTGCGGGTCAGCTAACGTCGGTTCAGGCGCAGATTGCAGCGCCCGGCGTCCCTGCCGAGCTTGAGGCGCTCATGCTCGAAGCCCTCGGGTTTAGTCCGGTGCTGGCCGTGAATCAGGCACAGATTGAAGCGCAGCAGGCGCGTGAACAGGAAGTCCGCTCCCTGCCCGATCCCGAGATTAACCTGGGCTATTTCCTCAATCCCGCCGAAAGCAGCACTGTACCGGGGCGCTTCACGCTTTCAGCCATGCAGATGTTTCCGTGGTTTGGCTACTACACGGCAGCGCAACAGCAGCAGCGTGAACTGAGCGGCGCAGAAGAACAACGCTATTTCGAAACCGCACTGGGCCTGATCCTCGAGGTGCAGCTTGCCTGGCTTGACCTTGCAGAGAACCGCTACCGGCAAGATTTGC
NZ_CP027806.1_gap11	353198	355582	2384	CGGCAGGAGCTCGAAATCTTCGCGCCGGTCAGCGGTATTTTGATGCGCCGCAATGTGGAGCAGGGTGCTTACGTCAGTCAGGGAACCGTCCTGCTTGAGCTCGCCGATCTCTCCCGCGTCTGGCTGCGCTTCGAAGCCTGGGAAGAAGACCTCGGCTGGCTGCGTACCGGCACTGAAGTCACCTTCAGCACGCGCTCGCAGCCCGGTCGCGAACACCGCGCGGTCGTTACCTTTATTGATCCGCTCGTTGATGCCGCGACCCGCACAGCCGGGGTCCGGGCCGAAATGGCCAACGCGGACGGCGCCCTTCGCCCCGGTCAGCTGCTTACCGGCACGCTGCGCGTAACGCAGTCTGAGGCGGCCCTCATGGTGCCCGCAAGCGCCGTGATGTGGACCGGTCCGCGCTCGGTCGTTTTTGTGGAAGATACCGATGCCGAAACCCCGCGCTTTGAAAGCCGCGAAGTAACCCTCGGCAAGCGCGCCGGTGATTTCTTTGTGATTGAAGACGGTCTTGAAGCCGGTGAGCGCGTTGTGTTCAGCGGCGCGTTTAAACTCGACAGCGCCTTTCAGCTGGCCGACCGCTTCAGCATGATGAACCGCGGTCCGGGCCTGCAGCCCGTGCGTCAGGGGCACGGCGACCATGCCGAAGTACGCCGCTTCCGGGATGTGCCCGAAGCCTTCCGCTTGTCGCTCACGCAGCTCACCCGCAGCTACCTCGAAGGCAAAGAAGCCTACGTCGAGTCAGACTTTACCGGCTCAGTGCGGGCCTTCGAAACCTTTCAGCAGCAGCTTCAGGAAACCGAACGCGCGCAGCTTCCGGCAGATATGGTGCATACCTGGCGGCAGCTCTGGCGTACCCTCGATGCGCATGTTAACCTGCTGCTCGCCGCCGGCGATATCGAAGAAGGCCGTGCACAGTTCCGGCACCTCTCCGACGGCATGGTCGAAGCCGTCCGGCGTTTCGGCGTCGAAGGGGTCGTGTACCATCAGTACTGCCCTATGGCCTTCAACGACGAAGGCGGACACTGGCTCAGCGCCGAGGAGCCCATCATGAACCCCTACCTCCCCGAAATTATGCTCATGTGCGGGGATGTGATTGCGCGTATTGAGTAGATGAAGATCCATTTCACCTTCAAACCCGCGACAGCATCCTCCCCGCCCAGCCCTGAACATGCTAATGCGTTGTTCAGGGCTGATGGGCTTATTCGCCCCAATTTTTACCCGTGTACCCGGTGCTTCACCGCCGTAAGATTTTCGGCCCTTAGCTCTGGCTTGCCGTCCCAGGTGTAGGCTGCAAGAGGGTGCCTTGTTTGCCAACGCTGTAATCCAGGCAGCACACGTTTTCGCGGAAGAGCGCGGGCTGACCTTCGAGCCAGTAGTGACCGAAAAAGACGGGCTTTTGATCCGGTTTGTAATACCAGAGGTCGGGGAGGAGGTCGCGGGGGACAGGCATATCGCCGCAGTCGCAATCGGGTTTTACGCGCAGTCCGTTGTAGGTGGATTCCACAGGATTTTCCCACCAGCGGATGCGCATGTTATAGCGGATGTGCCCGTCTTTGTCGTAAAAAAACTGCCCATCGGGCAAATCTATCTCGCGGCCTTTGAGCACGATTTCCACCGCCTCATACAGTTCGGAACCGCGTTGGGCGGATTCTTCCAGCAGGGATTCTTTTATTCGGCTGCCGCCCATGCGGTCACGCAGGTACGCAATGCGGGTGTCATCCCAGCAGGCGTGAACGGCCCGGAATTCATCATCCTCATAAAACAGGGGGAGGGAGAAGAGCCAGTCGCGGTAAGCCGAAAAAGAGGTTGCGTGCCGGTCAAGCGCGCTCAAAGTCTCTTCATGCTGTTTGATGTGTTTATCGTTATGGGAGCGCAGCGGCTCACCCGAGCTGCCGGTACTGTGGAAGCACAGCGCATTGTACTCATGGTTGCCCATCAGGGCGCGGGCGCGGCCGTTTTGCTCCATGTGCATTACAAGGTCGAGCACCTCGACCGATTCCTCCCCGCGGTCAATGTAGTCGCCCACAAACAGGGGCTTTCGGTTTTTGTCGGGATGGATGTAGCTCTCCCCGGTTTCGCGGTAGCCGAGTTTTTCAAGCAGCTGCCGCAGTTCGAGCACATGCCCGTGAATATCCCCGATGAGGTCGTATTGAATGTCTGCCATACGTTTTTGTTAGGGTTAAAAAAAAAAGCTTTGATTATAGAATAGCGAATTTGACTTCGAAACGCGCGGCAGAATCAGGGTAGAGTGTCATTTTTACAGGCTCATGGTTTAGGCTTCAGGCGGGTTTGTGGTATATTTGCCATCCCAATTACTGAACCTGATTTTTCACTGAATTACGATCTTTCTTCACATGTCTGAATCCCTGACCGATACAGCC
NZ_CP027806.1_gap12	360141	363638	3497	GCAATCTCGTATCCGGCTATATCGCCAATTCGGGCGATGAGATCACGGTTGATCTGAAGAAGAGCTTTTTCCTGCCCGTGCCGGAATCCACCCTGAAGGGCTGGGTGGAAGAGTATTTTAACAAGTATTTGGGCTGAGGTTTAGCGGAGCTGATTGCGCAGGCGCTGTGCTTTCTGGGCTACCGATTCGCTGGGAAGTATTTCTTCGTCATCAATTTTGATGGTGCGGCGGCTTTCGGTGCCCGTGGTTTTGGAGGCTGGCTTTTGGTAGTCGGGGGCGAGCTCGCGCGCGTAGGCCGTTAGGTCCGTGATAATCCGCGTTATTGTTTGCTCTTCTTTTGACACCAGGTTCGTGAGATAGGTGCGGCTTACGCCAAAGCTCAGAATAAAAGCGGTGGTCATGATGAGCGCTGTGAGCATTGTGGAGTCGGTGCCAATATATCCGAAGATGCCGGCGGGAATCAGGAGCACAAATGCAAAAAGCCAGGCATAGCTGCCATAGTTTTCCCAGGTGCCGCCGTAGGTGTCGCGTTTGCTCACGCGGATGCGCAGGCGTCCGTTGCGGCCCTGGAAGAGTACGCGGGTGGTGGACATCTGCCATGAATCGGTGTAAATCCACTCTGTGGCGTGCTTGTTGCGCTTCACCCGGGCTTTGCCGGGGTAATCGCCGGTGAGGTTGTTCCACCAGGTTACGTCGTCTTCCGAGGTGCCGTGCTTGTGGTTGAGCTCGGTGATGAGGAGATCGATGAGGGCGGGCTCGGCATTGGCGTCAATCCAGCTTTCCGCGTAGATTTCGTTGCCGTCGATGATGGCTTTGCCTTCCGGGCTTGCGGTATGAGGGGTACTTTCGCTGCTGTCGAGCTCCGTTGCGGCCTGACGCACAAGTTCGGGATCGAGGCCGGATGCTGAGGCGATTTCTTCCAGCTCCTTCACGCTGAGTCCCGCATTTGAGCTGCCTTTTGCATTTCGGGAACGTGCGGCTTCGAGTTCTGCAGCGCGGCGGATGACTTTGGCAACTTCTTCTTCGGAAAAAAGGCGGTCGGACATGGGGATAGGTTTGCTTAGGGTACAATAAGTCCTGCACAGGAAAGGCGATGGGCGTAAAATACGGACATCTTTTCCATTTGATACACAGGATTTGGGGTTTTACCGGATTAATGGAAAGGTGCTGTTGATAGCTGTTATCGTATTCTTTTAGCTGTCTGAGGCAGCCGTTTCTCCGGGTATCATTTGCAGGACGAGTGCACGGATTTCTTCTGTTTTTTTGGCCTGCAGCTTATCCCGCTGACGAAAGAAGAGTAGGGCGAAGGCGGCAAAAATTACGATGGCAAACAGGGCGGCAGGTTCGCGCTGCGTAATCATCATCCACCCGTACACCGCGACGGCAACGAGGCACAGCCAACCCGGCGCAGCGGCAAGGCGCCAAAGCCGGCTTTCTTCCGTAAAGCGAACGAGCTGATGCCCATCCCTGCTCTTAAAGCTGCCCGTGGATGTGTGTACCCGGGATTTAGCGCTCCACCGAAGCGCGGTTTCTGAATCGGTTGCTTCTTCGAAACGCAGTTTGTTTTCAGCGGGGTAATGCGTCTTAAGCACGGCGCGCAGGCTTTCGGAATCAGGTGCTGAGGCGGCGGGCATGAGGGCAAGCAACTCGAGCCGGTTTCGGTCCGGGCTGTGCAGCCGCATGAGGAGGGGTGCGCTTTGCCCGGTCGTTTCGGGTGGATTCATAAATCTGGTCTGAGGATTTCGTTTTTATCGGGCTGAAAAGTTCTTCCCCAAAAATACACCAACCCGGCAAACAGCGTGCAACAAAAGTGAGGCTGGGAGTCGGAGTTTCTTTACGGTAGGTTTGTTTTTGGGGAAGGGGGCGTGCACATGCTTGTTCTGTGGTTTTGTGTGAGGTGCGCCAATCAGATCATACTTTTCAAACAGCGATCTTAAGTGCGTGCAGTATTTACCATGTATCAAAAAAGGCAACAAAACTTGAAAATATGTGTGTTGAATGCTTATCAACAACATGAAAAAAGCCCCAACGGGGCGGCATATCTTAGCCAAGGGTGCCAACCCTTGGGTTGAAAATTGACCCAAAATAATCAGAGCTCTGAAAGAGCGACATAACTTGGGTGCTTCATTCTGATTTTGTTGGCTGTTCCTATATCTGAGTTATGCCGCCCCTACAGGGCTCTTTTTGGTGGGTATCACGGTCACAGGGTTGCACCCTGTGCTTTGGTATATCGCCCTTTCAGGGCTTTTTAATCTTGAACCCCAAACATATTCAGTGCAAGTTTCAGAAATCCCCCGTGCTATCATTGCTGCCTGCTTCGAATTCCATTATGAAGCGTCTGCAACAAAAAGCAAGGGATTATGAGACCGATTTGGGATTGCCGGAGCTATTACGGCAGACCGTGATGCTCTCGGAGTTCCCCCCAAAAAATAAAAAAGCGTCCGGCGGTGCGATGGCTGCACAACCGGACGCTTTTTTGAATCGCCAGATAAGACGCGCTGTTATGGCGCCTGACCGCGGGATTTACCAGATCAGAATGCGCTCTTCCTGTGGCTTGTACATCTGATTATCGGGCGTGACATCAAAGGCTTCGTAGAAAATATCGAGGTTGGGTACAATGCCGAGTACGCGGTAGCGGCCGGGGGAATGCGGGCCGGTAACGAGCTGACGGCGCAGAGCTTCATCGGTGAACTTGGTGCGCCAGATTTGTCCCCAGCCGATGAGGAAGCGCTGCTGTGCGGTGAAGCCGTCGATTACCGGCGGCTCGGCCCCGTTTAGTGAATTCAGGTAGGCCTGCCAGGCTACGTTCATGCCGCCAAGATCAGCGATGTTCTCACCCAGGGCAAGCGCGCCGTTGATGAACATATCGTCGATGGGGTTGAAGCTGCTGTAGAAATCAATCATGCGCTGCGCGAGTTTGCCGAAAGCGTCTTCGTCATCTTCGGTCCACCAGTCGCGCAGGTTGCCTTCGCCGTCAGAGCGGCGCCCCTGATCGTCGAAGCCGTGCGAAATCTCGTGTCCGATTACCGCACCGATGGCACCGTAGTTGACGGCGTCTTCGGCTTCCACATCAAAGAAGGGCGGTTGCAGGATGGCGGCAGGGAACACGATTTCGTTGAGGGAGGCGCGGTAGTAGGCGTTCACGGTTTGGGGAGTCATGCCCCATTCGGTGGTGTCGATGGGCTGACCGAGGCGCTCGATGTTGCGCTCGTACTCGCAGACGGCGGAGCGGCGCAGATTGCCGATCAGCTCGTCGGGGTGGATTTCGAGACAGTCGTAGTCGCGCCAGACTTCCGGGTAGCCGATTTTCGTGGTGAAGGTCGAAAGCTTGGCGAGTGCTTCTTCTTTGGTAGCGTCGGTCATCCAGGTGAGGCCTTTGATGGACTGCTCAAAGGCGACGAGCAGGTTGTCAATCATTTCATCCATGCGCTCGCTTGCTTCGCGGGGAAAATGCTGCGCCACATATTTTTGGCCCACCATGAAGCCGAGCACGCTTT
NZ_CP027806.1_gap13	400877	404574	3697	ATGGCCTCCCAGGTGGCGATGACGCCCCCGGCATCGTCCATCACCCCATGACCAACATCCCAGGAGTCGATGTGTCCGCCTATGACCACGATTTCGTCGGGTTTCTCGCTGCCGCGCAGTTCCGCGATGATGTTGTGGCTGAGGGCATCGGGCAGCATTTGGGCTTCCATGCTGAGGGTCACTTCCATGTGTTCGCCCCGGTTTTGGAAGCGCTGCATAAGTTCGGCGTCTTCGAGGGTGATGGCCGCGAAAGGAATGGGCTCGACATCATCGTCGTAACGGATGTTGCCGGTGTGCGGGGTTTGCATGGAAAAGGGCGTAACCGAGCGCAGAAGAGAAGCGACTGCACCTGCACGGGACGCTTCCGAAGCGCCGCGCACACGGTACTGCACGGTTTCGCCGTAGGTCGTGAAAGGTACGTTCCAGACCACGATTTTACCGGCCGCTTCATCGGCCCGTTCCTGTAGCTCTTCAAAGCTTTGCACTACAAGAATTTCGGCTCTGATTCCTTCGGCGGGCGTACCGACCGAGCTTCCCAGACCAAGCATGCGAAGTTCCCGCTCCCAGGGTCCGTGGAAGATTAGTGACTCATTACCCCGTACCCAGTGCGGTACCATCACTTCCTGCTTGTAAACCCGGTCGAAGCCGTCTTCATTAAGGTGCTTGTACATCCAGTCGATGGCATCTTCGAGCATCTGACTGCCGCTGAGACGGTGCGGGTAGTAGTCGGTGAGCCAAGCCAGCCGCTGCCACATGAAATCCACATTTTCCGGTTCGAGTGCGGTGGCAATGAGCTGATTGGCGACGTCGCGGTAGCTCTCGGCCCAGCCAGCATCTGAGGGCGGTTCAAAACCCGCCTCAGGTTCGGCTTTCAGTACAGTAGCAAAGGTGAACGGAAGTAACAGGAAACTCAGGAGCAAAAATCTCAGCATGGCAAAATAAATGTGTTAAGGTTTAGGGCCTTCAAACAAGTATGCGTCAGGCTGTGTGTTAAGACCCTGAGGCGGCGAGTGTGGGGACGCCGTTATTCAGTAAGTAAAAAATCGACGCGTCGGTTTTGAGCCCGACCGGCCTCGGTTTCGTTTGTCGCAACAGGCTGATCGGGACCCAAGCCGGTAAAAGGCAGGCGATCGGCGCTGAGTCCCGGAAATTCACCAAGCAAAAACCGCTGCACAGAAGCGGCACGTTGTTGAGAGAGGCGCATATTCAGCGATCGGGGCCCGGTAATATCTGTATGACCCTGTATTTCAAGTCTCAGATTGGGATACCTCAGCAACCAGGCGCCAATTTCCCGAAGTACCGGAAATGTTTCATCGGGAATTACGGCGCTGCTGATTTCGAAAGGAATCTGCAAACTGAGGAAACTGAAATCCAGTGGTACGGACAGAAAATCCGCGAGACCTGAAGCGTCGGTGCTTTCCAAAAACTCCAGCATCATAATGAGACGCTCAAGCTCATGAAACCGAAGCGTATGTTCAGCACTCTCAGAGGCCGGATCAGATACCATCATTGCCTCAGAACCCGGTATGTGACCGGCCCTGGCAAGGTGTTCCAGCCGGAGCTGCTCGATCCGGCTGCGAACCAGAACGAGGCCCTCAGGGATATCCGCAAGACCGAGCTGAACAGAGTCAGAGGCTGCAAACTGCCGGTTGTTCACATCTGTTTGCTGTGCACTTAGGGGCGTAAACCCGACCGTGCACAGCATAAGACCAGTAATGATGATACTTGTACGAACCATACTGTAAGCATTAGCAATTAAAACCTGAAGCGGTACCCGGCCGCGAGGTTATTGTAACTAAACAGGTTTTGGCTGGTATACTCGATAAACAGCTGCCCGGGACCAAGATCGGTTGTTGCGCCGAAATGGGCCGACCATACAAACTGAATGCCTGAAGCGTTTGCCGGCGGGTTGCTGAAAGCCTTTAAACCGATACCAAAACCTGCATACGGGCTGAAGGGTGAGATATTAATATAAGGAAGACGACTGAGAGGTATCAGGGTAATTGCATTAATGTTGTACATGCGCGTGCTGCCGCCAAGTCCGATAATAAATTCCGGGATGAGCTCAACACGGTCGCCAAACAGCGAGCCGTAATCTCCCCTTACACCAAAGGTGGCCTGAAACGGGTTTGCAAGGCCAAGGTGAACGGCTACGCCCTGAAGCTCACCGGGTCTGACAGCCGCTTCTTCATCAGGCAGGGGCTGCAGGGTAGGTATGCGGCGGGTCACATCGGAGGTGTCTGAAGGTGCTGCAGCTTGTGTCAGCCGGAGTTCGAGTTCTGCAATGCGGCGTTCGAGGGCCTGCTCACGGGGTGTAGCTGCAGGCGTAGCTTCAGCCGGGGGCGGTGTTGGCAGCGGGGTCACCCTTTGCTCCGGATCACGCGGCTGTGTTTGCTCGCGTGTAAGCTGTTCAATACGCCGCTCCAGCTCGCGAATCGCAGGATCAGTAGGAGGGGCTGGCGCGGGTGCTGCTGCAACCGGGGCGGGTGGACCAAAGCGGATGTAAACTTCACCTTCTTCCAGAACCGGCAGGGAAATCATGCGGTTATCAGGAGTGCGCACGGTTTGATGTGCCGGTGCACCGGCAAGCCGCAGCGAAGATTCCCGTACCTGATCGAGCTGAAGCTGCAGGGTGCGGGCTGTAAGGGTATCCCCCTGTGCCATTGCCCGCGCGACTTCCGCAGAAAGGGCCGCTTCCCGCATAACCAACAGCTGCTGCTGTGCCTCGGTCTGACCGTCGTCGAAGCGGCGCGAAGTTCTTACCGGCTCCCTGCGAGACGGAGCCTGACGCCGTTCTCTGTAGCGAAACTGTCCGATACGGTAGGAAACCCCGAGCGTGAACATGGGGCTGAGCTCAAGTTTTGAGGGCGAAATCTGATTATCAACCCCATCCTGCGTGAGAATAAACGCGCGGATATCCCCCGTAAAGCTTACCTGCTCCGTAAACTCAACTTCAATACCTGCGCCGGTAGTTGCGAACGGCTGACTTTTGGGCTGTGCAAGGGTTCCCGAGCGGTAATTGCTGTGCACATTCAGATATCCTCCTCCTAAAGTGAGGGTAGGCGAAACCGAGGTCTGAAAGAAGGTTGCCCTCAACTCCCCGCCATAGGCATTGATGTTGTCAAAACGCAGTCCGCCGTCAGCATCAACCCCATGCCAGTAAAAGCCCCTCAGACCGATAAAGGGACCAAAGTCTGCTCCAAACTGCAAACCGGTAAGGCTAAGGGGTGATGGGAAGCCAATGTTTTCATTGTTAAAGAATACCTGCCCGTAAACCGCGTCAAAAGCCCAGCGCAGGTTACGCAGGCCGCCATTGAACTCATCCAGAAACAAAACGCTGCGATCGTCAGATTCATAGGTCCTGCCTCCGAGATAGACTTTGAGACCGGCGCCGAAGTGCCAGTTACTGACCAGCTGCTGTGAGAAATTGTTGGAATCCAGGCCGCCCACGATTAAATCGGTGCCCCGCAAAAATGCTGAGCCGGGATTGTACCTGTATCCGGTATGGGTAGCCTGCGCAAAAAGCGTGTAACGGTTGGCAACCGAAAACATGAATCCGCCGCCGCCTGTCAGGAAAACACTGTCACTTGCTTTCAGACCGGATCGGGTAAACCGCACTACCCCTGTACCGGCAGTAAGGTAAGGCACTACTGCAGTACTGCTGAGGTTCACTTTGGTCGTTAACCCAAACCGCTGC
NZ_CP027806.1_gap14	418649	419698	1049	GTCTTGGGTTTATTTTCAAAAATAGTATCTACATAAACACACGGGAGTTATTACAACCTACTTCAGCTGCTGTTCTTCTATCGCGTCCTCCAGGGTGCCGCTTTCGGTGTAGAAGGGGCGCCATTTTTCTTCGGGGTCGGGTTGTGTGAGCAGAGAGACGACAATCAGGGCAAGGATGGAGGCTCCGGCGGAGGGCAGCACGATGTAGGCGGTATCGAGCAGGGGTTCGGCGAGCACGCTGTTGAGTACGGTGATGAGCAGGGTCACCGCCATGCCCGTCGCGATGGAGGCTACGCCGCCTGCGGTTGTGACGCGCTTCCACAGGAAGGCCGCAAGCAGCGCGGGTGTAAGACCCGCCCCGATCATGGTGTAGGCTGTGAAGGCCATCGCGAGAATGGTATCGAACTGCGTGAGCATGAAGTAGGCACACACACCCAGCACAAGCACGGTGATGCGCTGAAATACGACAATCCGCTTCTCGGAGGCCTGTGGGTTGACAAAGCGCTGATAAATGTCGCGGGTGATGTTGGTTGAAGGGGCCAGCAAAAAGCTGTTGCCGGTCGAGGTGATGATGGCAACAGCCGCGCAAATCAGCAGCAGTCCACCCGCAATCGGGATGCCGACTTCCGTACCGAAACGGGCCGTGTGCAGGATGATCTGTTCGGAGTTCTCCACCGCGAGGTGATAGAGGGAGTCCGGACTCAGGCTGTTGAAGTGGCTGAACGCGAGAATCGCGAGGGTCGCGATGGCGGTCTCTACCACGATGGTGCCGATCACCCACCAGATTACGGCGTGTTTGGCGGCGGTCTCGTTGCGGGCGGAGAAAAACTTCTGGTACATGTTCGACTCGCCCATCAGCAGCAGAAAAGTGGGCAGGAACACGCCCATCGCCCAGAGAAAGTTGTGATCGCCGAAAACAGTGAACAGGCTGGGATCAAGCTCGGTACTCACGTACTCCATCCCGCCGAGGTTAAAAAACACCAGGGGCACCGCAAGCAGAACGGCAAAGGTGATGATGGTCCCGTTGATGATATCGACCGAGACAATGG
NZ_CP027806.1_gap15	422631	424663	2032	ACACAGGCCGGTTGCAGCGTTTTTGTGGAGGCCGGGGCCGGTGAAGGCGTTGGCTTTAAGGATGCCGATTATGTGAAGGCCGGGGCTTCGATCCAATCGACGGACGAGATTTACCGCGACAAGGATTTGCTCATCAAGTTTAAGGGGCCCGCCCTTGAGCACATCCCGCTGATGCGGCCGGGCTGCACGCTGTTTTGCATGGCGCATTTTCACTCTTTTCCGGAGCGGGCGAAGTTACTGGAGGCGCACCGGATTACCGTTATTGCGATGGAGCATATCGTGGAAGCGCCCAAACGCCGCAAGGATGAGGAAATCATCGGGCGTATGGCCGCAGATGCCTGTCTGGAGACATCCATCCGGCGAAACATGCACAATTTGCTCAATATCTACATTCTCGGTTACCGGGACGGCATGCAGGGGATGATCCGGCGCTTTGCCAATCAGAATCCGCATTCGATGTCGTTGCTGCAGCCCGATCAGGCGCGTTCGGAAAAGGTAGGCGCCGTGCGGCATGGTTTGTTTGTAATTGATTCCACAGCCTTTCCCGAAACGGTTGAGATTGCGGCGCGGATGAAGCCTGAGAATGCGCTTCTCTTTGATGTGGGAAAGTTTCGCTCTGAAAAAGGAAAGGCGGCCCTGCGCTATTATAAAAGTGTACATGCACCGGCTCTTTACGGGCTTCGACGGATTCAGTGTTTGCATGAAACAGGAATGGCGGGTGCACGCTACGGCTTCAGGCTGTTGAAGGAGGTGAGTCCGCTGCAGAAAGCGGCAAGGGATGCGGAGGCTACCGTACTCGGGTATGGCAATGTGGGGATGGGGGCAATCCATGAGTGTTACCGGCAGGGGGTGCGTAAGGTGAATATTCTCGGGCGCTTTCATACCAAAAAAGACCGCATTGAAACCTGGCTGAAGCGCTCTGATGTGGTTATCAACGGAGCTGAACAGCCGGTGGAACTAAGGGGGAAGAACTTTCTGGTGAGCAACCGTCATTTGCGGGAGGTTATGCGCAAAGGCAGCGTGCTGATCGATCTGATTGGCGGAAGCGCGACGAACCGCAGCCCGGTTGAGCCGGTGGTGGAGTGTACCTATCTCACGGATCCGCATTTTGAACAGGACGGGATTTTTGTGTCAGCACTCTGGGGATGGCCCATGATGGGTATGATGAAAGAAACGGCGGTGCGGTACAGCGGGCAGATTGCGGATGTGCTGTTAGGCGATGATGAACATCTGATTGGCGGGCTTACGGACCCGGTGCACCCTGGTGTGAAGCCGGCTGTTGTGTGCGGGCCTTTTTAGATTGTTTCAGGCACGTATGGCGTGCACTGTAGTGCAGTACAAATAGCTTAATATCTGGTTTTCAGGAGACGCTTTCTCGCTGTTGACTTTAGTCGCAGTTGTTATTCCTTTCAGAAATATTTGGTTGTGGTACGGGGTTTTTGAGCCCTTAAGCGCCTGTACATGGTTCATCTTTTTGGTGCTTTGCTTATTGTACAGCCGCAAAACAGGTCGTATGCGCTGCAGTGCAAGCGGGATGGAAGTGCTGTTTTTTTTAAAAATAGGGCGATAATCCCTATTTTAGATTACTCTGCAAGTTATACCCCATCATGTAAAGACCCGAATTTTATGAGCGCCAACGAGCGAACCAGGGAGTATCAAAACGCCCTTGAATTATTTATCACCTACTGGGGTGAGATGGCTTCAGAGTGGGGCATTAACAAAACGATGTCTCAGATTTACGCGCTGTTGTTTGCCGAGCCCGAACCGATGGATACAGACACCATCATGAAAGAGCTGAACATCAGTCGCGGCAATGCAAACATGAATGTGCGTAACCTTATACAGTGGGGGCTTGTGCACAAAGTAAACCTTGCCGGGAACCGTAAAGATTTTTTTTCCGCTGAAAAGGACCTGTGGACGACCGCTGCACGGATTATCGCTGAGCGGCAGAAACGGGAAATATATCCCCTAAAAAAAACCCTTACCCGCTGTTTGGATATCCTGCAGGAGGGTAAAGAGGAAGATAGTAAGA
NZ_CP027806.1_gap16	437710	438410	700	AACCGGGAATTCACCGCTGCCTTCCTCGATGCTGAACTTTCTGCACGTTTGGAAGCTTTCAACCTTCTGGCTGATCTTGACCCCAGCCATATCTCTGAATACGAAAAACTCCAGTAACGCCCCTTTTGCCTGTTGTATGAAGAACCTCATCCTAAAAATTAAAGACCCCGTGAGCTGTCTCACCCACATGGGCGGGGCTTTTTTTGCAGTCATCGGTCTCGTGCTGATGCTTTTGACGGCAAATGCACCCATCGAAGCTGTGGCATTCGGCATTTTTGGCGGCACCATGTTCCTGATGTACCTTGCAAGCACGCTTTATCACATGTTTGATGCCAGCGAGCAAATCACCAAAGCCCTGCGCAAATTTGATCATGTGATGATCTACTTTTTCATCGCCGGAACCTTCACCCCGTTCACCATGCTCCTGATTGAAGGCAGCCTGCGCTGGATTTTTCTGGGTGTGATTTGGGGGATTGCTTTTGCCGGTATGGTTTTCAAACTTTTTTGGCTTCACGCACCCGCCTGGCTCTCCATCGCACTTTATCTGGGGATGGGTTGGCTTGGTTTGCTTGTGCTGCCTTACGCCTTCACCAACCTGAGCGCGGCTGCCGGCAACTGGATTATTGCGGGCGGATTATCTTATACCATCGGAGCTGTTGTATATGGACTGAAGCGTCCTGATCCCTGGCCGGGCACCTTC
NZ_CP027806.1_gap17	452784	457579	4795	CACCATTAAATACAAAATCTCCGGTGAAGGCACCACGCTGTTCGAAGCCCTCAGTCACCTCAGGGAATCGCAGCCCGGGCTCAGGTTCCGGCTCGACGCCAACGGCTGCTGGCAGCCCGATGAAGCCGCAAGCGTTCTCCGAAAGTTTGAAGGCTTCGGCATTGAGTACTGCGAACAGCCGGTAAGTCCCGCCGACGATCAGCGCCTGAACCGGCTTCGAAGCCTCACGCGCATTCCTGTCGCAGCCGATGAATCTGCCCGCACCCTCGCCGATGTGAAGCGCATTATAAAGGAGAAACTCGCGGACGTTCTCATCCTCAAGCCCATGATTTGCGGCAGCGTTGGGAACCTGCTCGATATCCTTAAAATGGCTGAAAGCGCCGGGCTTTGCACTGTTTTCACGACCTCGCTCGACAGCGCCATTGCGCGCCGCGATACCGCCCTGCTCGCTTCAGCTTTGTGCAAAACGGATACCGCACACGGCCTCTCAACCGGCGCCCTGCTTGCAAGCGACACCCTCACCAACGCGGATCCCATCGAAAACGGACGCTTCCTCACCGGGAGCATTCCTTTAACCCTCAACCCCGACCTGCTGAACTTCAGCTTACTGGAACAAGTCTATGAACGTGCCCTTTGATTTCCGGCCCCCTTCCCCTTTTATGTTTGCTGCCGGAAAAGCGGGGCTACTTGAACTCCGCTCCACGCGGGAGTCGGTTTTCAGAATGGCCGCGGTTATCCGGCAGTGGTACGACCGGTACAGCACCGAGCCGGGACAGCCGCTGCAGTTTCCGGCAGGTCACCCCATGACCCCCGAATTTATCGCCGCCTGCTGGCACGCGGGCGTTCCCTATTGGATTGAGCCTGCCGCAACGTTGCCCGGACTCACGGAGCGTGCAAGCCGTTTGCTCAATCCGCTGCCCTACCGCTGGCGGGACGCCCTCAATGAGTATCTCGACTGCAACGGGGATGATTTTGCTGCGCCGTTTTTTTCACCTGAGCCCGATGCCGTTTTCAGCTACCTGTTCACCTCCGGAAGCAGCGGAGCGCCCAAGCTCGTCGCCCTGCGCCGTTCGCAGATGCTCGCAGCCTTCAAAAGCATGGTAGCGGGCCTGCTCCCAGACAAACTCGAATGCTGGCTGCTCTGTCTTCCGCTCAACCATATTGGCGGCGCAGCGGTCGTGTTGCGTTCCTGGCTGAACGGCAACTCCGTTGTTGATGCCCGTATGGCCTCCTACGAAGACATCCTCGCACAGCTTTCCGGCAATGAGTCGCTCGCGCTGGCTTCGCTCGTACCTTCTCAGCTCGACAAGCTGCTGGATCTCGGCGGCCCAAGCATAGTGCACCCCAACTTCAAAGCCGTGCTGCTTGGCGGCGGACCCTCGCCAAATGCCCTCATCGAAGAAGCCCGCTCCCGCGCCGTGCCTGTGATGAAGAGCTACGGCATGACCGAAACCTGTGCACACGTGATCAGCGTACCCGCGGATGCGCTTCACAACGCGCCTTTTGGCTGCAGCGGCAAGCCCAACGCAGGCCATGAAATCCAAATCCGGGATGAATTCGGGGCCATGCTCCCAGCCGGGGAAACCGGTCTGCTTTGGGTGCGGGGCCCGCAGCTCATTAACGGCTACGCCGACGCCCCTGCCGGCACCGAGGCCGCCTTTGATGCCGAAGGCTGGTTCTGCACCGGCGACTACGCCCGCACCGATGCCGACGGCTGGGTCTATATCGAAATGCGGCGCTCCGATCTCGTCGTAAGCGGCGGTGAAAACATCAACCCCGGAGAAGTTGAAGCCATTTTGCGCAGCGAAATTGCGGGTATCACAGACATCGTCATTGGCGGACTGCCCGATGCCCGGTGGGGACAGAAGCTTGTCGCATGGCTGGTGCTCGAAGGCGAAAAGCCCGACCCCGTGGCCCTGCGCCGCACCCTCAAAAAAGTGATGCCCCCCTACATGGTCCCCGCCGAATTCCGTTTCCCCGCCCAGATTCCCCGCAACGAAATGGGCAAAATCCAGCGCGAAGCCCTCAAAAACCTGTTCTGACGAGCGGCTGGTAAAACCCATCAAACCGGTGCCGCGAACCAAAAAAACGCGCATTCCCCCGCAATCGTCGTCGCAACCGTATGGGCGCACCCTTGTAGTCGCCCAACGAAGTCCCGAACAAGGCAAGGCGCCGCGCCCAAACCGGGATGTAAAAAAAGTTCCGGGCATTCCCCGCAATCGTCGTCGCCAACAGTATGGGCGCACCCTTGTGGTCGCCCAACGAAGTCCGGAATTAGGCACGGTGTCATGCCGAGACCGCCGTGCCATGTGCGTTCAGGTGCATGTCACGAATCCGATTTTTTCAAACGACATCCTTTCGGGTGTCTCCGACGGACACATCATGCCTGCGGCATTCCCAAATGGGGGGGGGCGGTTTTTCTACCCACAGGGCGTCCCTACAGGACGCTGTTTGGAAAACGGGGTACTATTTCAATCAGCGATGCCGGAATACTCTGCGCAAATCCGACCCAATCCGGAAAACCCGTGTGTGGTCATCTCAATGTTTATGTCAGGGATGGAGGGCTTTGCCATCCTCCCAAAAAGCAAGGGCTTTCGCGTTGATTTGGGATTTCTCCCAAGCACGAAAGACCGTGATGCTCTCGGCGTTTCCTCCAAAAAACACCGCAGGAACTACTCTGTAGCGCGTTTTCAGGCCGGATTTTTTTTCGGGTAAACCGGGGTGATGAGCTGCCGCTACAGTCCGACGCGGCTAAAGATGCGGTCGACCTGCGCCATGTGGTGACCGAGGTCGAAGGCGTCTTCTACTTCGGCTTCGGTGAGGTAGCTGCGCACGGCTTCGCTGCCCTGTATGAGCGGCTTGAGGTGCGTTTGCTGCTCCCAGGCCTGCATGGCGATGGGCTGCACGGTGTCGTAGGCCTGCTCACGACTGATGCCTTTGTCAATCATTTTGAGCATGATCCGCTGCGAGAATACGAGGCCATGCGTGAGATCAATGTTGGCTCTCATGCGGTCGGGGAACACGACGAGCTGCTCCATCACGCGGGCGAAGCGGTGCAGCATGTAGTCGAGGAGGATGGTGGCGTCGGGCAGGATGATGCGCTCGGCGGAGGAGTGCGAGATGTCGCGCTCGTGCCAGAGCGGCACGTTTTCGAAGGCGGTGACCATGTAGCCGCGAATGACGCGCGCGCAGCCGGTGATGTTTTCCGAGGAAATCGGGTTGCGTTTGTGCGGCATGGCGGAGGAGCCTTTCTGACCTGCAGCGAAGTATTCTTCGGCTTCGCGGGTTTCGCTTTTCTGAAGATGACGCACTTCAACGGCCATTTTTTCGAGCGTTGAGGCGATAGTCGCCAACGTGGCCATGTAGAAGGCGTGCCGGTCGCGCTGCAGGGTTTGGGTCGAAATTTCGGCGGCTTTGAGACCGAGAATGCGGCAGGTGATTTCTTCGACTTCCGGCGGGATGTTGGCGAAGGTGCCTACTGCGCCGGAAAGCTTTCCGACTTCGACATCCGCGGCAGCGAGTTCGAAGCGTTTTTGGTTGCGCTTCATTTCGGCGTACCAGAGCGCGCATTTGAGGCCGAAGGTTGTGGGCTCGGCGTGAATGCCGTGGGTGCGGCCCATCATGACGCTGTGTTTGTGCTCCCGGGCTTTGGCAGCGAGCACGTCGCACATGCGCGTGAGGCCGGTTTCGAGAATCGCGTTCGCTTTTTTGAGCCGGACGCCCCAGGCGGTATCAACCACATCGGTGGAGGTGAGGCCGTAGTGTACCCATTTTTTCTCGGGGCCGAGCGTCTCGGAAACAGCCCGGGTGAAGGCGACGACATCGTGGCGCGTAACGGCTTCGATTTCGCGGATGCGGTCGATGGAGAACCCGGCGTTGGCGTACAGGGCGTCCACGTCTTCAGCGGGAATGTGCCCCAGCTCACTCCATGCACGGCAGGCTGCGAGTTCCACATCAAGCCAGGCCTGAAACTGCGCCTGATCGGTCCAGATTTCGGCCATCTCGGGCCGGCTGTATCTTTCAATCATAAAATTTTTTCGGACTTAGTTTTGCAGAAGGATGTTTGGTAGGGGAGATGTCATCATCCTTCAAAAATAAAAATTAATCGGAGCCGCTGCCTTCGCTGGAGGTGTCGTCGTTTTCTTCCTGAGGCAGCACATGCACTCTGATTTTGCGGATGCGGTTGTTTTCGGTTTCGTGAACGTTGAGCTCGAGGCCTTTGAAGGTGACCTGTTCTCCTTCTTCGGGGATGCGCTCGGTGAGGTGGTAAATCAGACCGCCGAGGGTTTCATACTCGTCTTCGTCGGTGGTGAGATCGTAGCCCAGAATCTGGGCGACATCATCGAGATCGACCCGTGATTCAAAAATGTAGTCGCCGCTTTCGGTGCGCGTGAACAGCTCTTCGGTATCGCTGTGTTCGTCGTGGATTTCCCCGATAATTTCTTCGAGGATGTCATCCATGGTGATGAGCCCTTCCGTGCCGCCGTACTCATCAACGACGATCGCAACGTGCGTTTTTTCGCGCTGGAAATCGCGAAGGAGGTCGTCGATTTTCTTGGTGACCGGCACAAACAGGGCTTTGCGCGCATTGGCCTGCCAGTTGATTGCCGTGCTCTCCTGATTGGGCAGCAAAAAGGGCAGGATGTCTTTGGCGTGAATGATGCCGGTGATGGTATCGAGGTCGCCGTCGTAGAGGGGAAAGCGGGAAATGCTTTTTTCGCGGATGAGCACGAGCACATCGTCGAGGGTGGCTTCGGTAGAGATGGCAAACATGTTCACGCGGGAGGTCATGATT
NZ_CP027806.1_gap18	458671	461373	2702	TTTTGTTTGGAAGACGGCTGACTGTAATTGTTGCTGCTACTGCCGCTGTTTCCGTCGCTTTGATTTGGGGGGGACAACAAAACGATATTGAGGGCTTTGATTTCGGTTGTGTACCGTTTTTGACCTTCCCGGTCTTCCCATTGACGGGTCTGAATCGGGCCTTCGAAGTAGGCTTTGTTACCTTTCTTCAGATAGTTTTGGCAGAGTTCTGCAAGTTTGCTCCAGGCTACGACTCTGTGCCATTCTGTTCTTTCCTGCATTTCACCGTTGTTGTCACGGTAGCGCTCGGACGTTGCCACGCTTAATGTTGCAACCGCAGTGTTGTTAGCTGTGTAGCGCACTTCAGGGTCAGCACCAAGGTTACCGATGATCATTGCTTTATTTAGACTTGACATAATGATGTCTCCGATTGGTTTGTGATTTATTGATTTGGGCTATTGATTCTGAATGTTCAAAAACCTTACAGTCTCTTTTTAAAAAAAATTGCGGCCCGGGGATGAGTTGTCATCGGCATGGTACAACATCTGCCAGGCCGGTTGCTTTCATACCTGTTATTCATGGTAGGTCCGAATGCTTTGTAAGTTAGGATATGAAGTGTTCAAGCCAAAATACCGGCAGCATGAAAATGCGCGTAATCTTTGGGACAGAGGATGCCGGTTTGACAGGTATTGGTCGGCAGTTATTTTGGGCAACTGCTGTACGGCACGCGCACTCAAAATTACTGCTTAGTTATACAGTCGTCTTTTTTGTAAATTAGGAAACTGCTTCTTTCACCTTCATGTCATAATCTTAACAGCGCGAACGGCACCATCATTTACCCAACCTTTTATATCAGACCGTACCCATGGCCAAACTAAACGACCAAACGCTTGAACACGTAGCCCAGCGATTTAAAATTTTAGGCGAGCCGATGCGGCTTCGGCTCCTTGCCTGCCTTCAGCAAGGTGAGCGCTGCGTGCAGGACCTTGTGAGCGAAACAGGTGCTGGTCAGGCCAATGTTTCCAAGCACCTTTCCCTGATGATTTCACACGGCATTTTAGGACGTCGCAAAGAAGGTCTGCATGTGTATTACTTTATAGCCGATGATTCGGTCTATGATTTATGCGATTTGGTGTGTGAAAGCATTGCCGAAAAAGCCGAAGGCGTGCAGCGTCTTTTTTCTCAGGCCGGGGGGTAATTTTTTAGCTGTGATCAGCGATGTGCTATTCCTGCCCGTAGCATTTACGGGGAGGTGATTGGGTAATGAGGAACGTTTACGGAAGCGCCTGCCATTTTGAGCGGGTGTAGGTTTGGTGCAGCTACTCAGGCGTGAAGCTTGTGCATAAAGCTACTTTTTGGATAGCAAAAATGTATGCATTTTAGGTAGCCGTTGATCAAATGAGTCAGCGGGCCTGTGTTTTGCTGAGATGACCTGAACTGCTCAGATTCCACCCCCAATCTTAAAATTATTACAGTTATGGTAGCAAAGGGCGATAAAATAAACACCGATTTCACACTTAAAGTAGTGCGTGGTGGTGAAGAACAGGAAGTTCAGTTTTCTGAATTGCTGGATAAGCCGGCAGTCGTTTCGGTTTACATGAAAAATAATACGGGAAGCTGCGATAAACAGAATAAAAGCCTGGCAGAACATGCGCCGGTATTTGCCGAAAAAGGCTATAATCTGATTGCACTTTCCAAGGACAGCTGCGGGTCTCACAAAAAATATGCGGATAAGCTGGGCATAAGCTATATTTTGGCGTCCGACCCTGAGCATGCGTTTTCAAGTGCTACTGATTCCATCGTAGAAAAAAAGATGTACGGCAAAACCTATCAGGGGCCATCCCGTTCCGCTTTTGTCATTGATACGGACGGCACAGTGTTGGGAGTGATCGAAAAGCTCAAGCCAGCTGATCATGCCGCTGAGCTGATCGGGCTGATCGATTCTCTTTAATTTCATCACGCTTAAATCTCTTTATGAAATCCTTAGTTATAGTTGAGTCACCAACCAAAGCGAAAACCATCAAAAAGTATCTGCCCAAAGGGTACGTTGTCGATTCATCGAACGGGCACATACGCGATCTTCCGGCGTCTGCCAAAGAGGTGCCGGCCAAAGTAAAAAAAGAAAAATGGGCTTCGCTGGGGATTAACACCGAACAGGACTACGAGCCGCTGTATGTGGTCTCTACGCCGAAAAAGAAGGTGGTTAAAAAGCTAAAGGATTTAATAAAGGAAGCGGATGAGCTCATTCTGGCAACAGATGAAGACCGCGAGGGAGAGGGCATATCCTGGCACCTGAAAGAAGTGCTGAAACCCAAGGTTCCGGTTAAGCGGATGGTATTTCATGAGATTACTGAGGAAGCCATCAAGCGCGCACTTGGTGAATTTCGTGATATCGACATGAACCTTGTTGACGCACAGGAAACGCGCCGCATTATCGACCGGCTTGCCGGATATACCATCTCCCCGCTGTTATGGAAGAAAATTGCGCCGGGCCTGTCTGCCGGACGGGTGCAGTCCGTTGCGGTAAAACTTATCGTTGACCGGGAGCGCGAACGCATGCGGTTCCGCAGCGGAACGTACTGTGACCTGAAAGCGGTGCTCAACCCTGAGGGTAAAAAATCAACTTTTGAAGCCGAAATGAGCGAGCTCAACGGCAAGCGGCTGGCTTCAGGGAAAGATTTTGACGAAAACACCGGCAAGCTCAAAAAGCCCGACGCGGTCGA
NZ_CP027806.1_gap19	463359	464560	1201	AACGGGGGGAAGCATTCAGTGTTCCGCCTGCAGAAATCGTCAGTTGTGCGGTAACGCGGCGTATCTTAAAACGCTCAAAGCGCTGGTTCGGGCTTCATTATTCCCAAAAAGCCTGGGACGCTCTTCTGACTACCGGCTCCGAGGGCTATCCCCTTACACCTGCGGAGTTTAATATACTCGGTCTTGCGGCGGCTCCGCCTGAAGACGCCGAAGCGCTTGCCCGGGATTTCGCCCAAAAAAATTGCGGCACGACCGCAGAGCTGGGGTATCTCATCATCAACGACCTGATTCAGTTTGGTTTCTTAAGCTCCCCTAATGATTATGAGCTGTATCTCACTGCGCGGGGTGAAATTGCCCTTGATGGTCTGTCGAGAAGGTTGTACGGGACGGCATTTGACGCGGAGCTTCTCTGGTATCAGCAAAGTTAAGCCGGGTAACTTGTTTCAGGTAAGTACGCACCCAACAGGCTTGAGGACGGCTATGAATGATTCGCCGGAATAAAGAAATGCCGCTTTTGTGGACGGCGGCATTTGTGAAGCCTGAAATACCGCGATTTGAAAGCCGTTATCCGTGATCGTTTTTTTTGATACAGCCCCATAAAAAAGCGGTTAAGCTTTCAGCCGGAAGGGCAGAAACTTAACCGTTTCATACAGGCCGGGTGACTTATGTCCGGGTGATTCCGCGGGATTATTTTCTAATGTAGATCATCTTTTGATGAGGCAGGCCTGCGTCATCATAAACACGCCCAACCGTGTTAAATCCGTATTTCTGATAAAACGGGATGGCGTGTGTCTGTGCACTCAGCTCTATAATGCGGCGTCCATCGGAAAAGGCTTTGTTCATCAGGTGAATCATTATCAGATGGCCGAGATATTTGCCGCGATAAGATTTTAGTACGCACATGCGTCCGAGTTTTCCATCCGGGGTAAGCCTGCCTGTTGCAACAGGCTTACCGGCATTGTTATACACCACGACATGATGTGAAACCGGATCATAGCCATCGACTTCTAATTCGATGGGTACTTTTTGCTCATGCACGAAAACACTGAATCTGACCTTAAGGAGGTCGTGCGAATGCTTGTGCCATGAAGCTGTTTTAACAGTGAAGTTCTTGAAGCGACCTGATCTGAGAAGCGATCCTTTTTTTCTTTGCGTTTTTGAATTTGCAGTCAACATAACAATCGATCTCCTTTAAGTTTAT
NZ_CP027806.1_gap20	481169	485526	4357	TCAGGCGCCCTGCCCCGCCTGTTCCTCATTAATGCGGCCTTTCGCCGGACTAAAAGAGCGGATACGGTTTTCAGTTCCGTTCAGCAGCCGCTGAATATTGCTGCGGTGTTTTACCACAATCGTAATCGCGAGCACCGCCGTAATCACCATCAGGCTGCCGTCGATGGCATAATCGAAGCCAAAGCGCAGCAGTAGCAGAAAAATCGGATACATAATAGATGCGATAATCGAGGCCGCTGAAACATAACGGCTCGTGAACAGCACGGTCAGGAACACGAGCAGCGCGAGGCTGATGGAAATCGGCTCAATCGCGTAGAGCATCCCGCAGGCGGTGAGCACGCCCTTGCCGCCTTTAAAGTTGGCAAACAGCGAATACATGTGCCCGACTACCGCCATCAGACCGGCGTAAATCTGCACGAAAACCTCGGTTTCCCAGCCGGAGTGCACCGTCGGAATCGCGCCCGTCGCAATGCCGGAGATATAAAAAGCCGCGATGAACCCCTTGCCAAAGTCAAGAAGTCCTACAACAACGCCCGCCTTCCAGCCCAAAATCCGGAATGTATTGGTCGCGCCGAGATTGCCGCTGCCGTAATTCCGAAGGTCAATTTTCTTATACACTTTACCCGCCCACAACGATGACGGAATGGCGCCAATCAGATAGCTCAGCAGCCCGATTATCAGTAATGTTCCCATGATGATCTCCTGTTTAGTCCCGACGGAGCAGGTAGTGCAGCGCTCCTCCGTATCAAAGTATTGTGAAAAATGCTTACCGGTTTTCTCAGCCTGCCAGACATAAGGCTAAGCCTGATCACTGAGTGCCGTCCTGAAGCGTAATTCTTCTAAAATAGCAATTTATGCAGTTAATCCACTAAAAGCGGTTTTTAAGGTCTCAATTTCATCAGCGCCAACAAAAGCTGACACAAACCGCTCAGCCTGACCGCTCAACATGGTCATGTCGGGCTTTCTTTTTTTTGGGGAAAACACCGTGAACATCAGGAGTTTGGGCGACAGATTCTGAGCTCCCGAACCAAAACCCGATCCCTTGCTTTTTTTTAGGTTCGCGAAAACCCGGATCAGCAGGTAGTAGGTAGCCGTTAGCCGCCGCCGGGGCAATCCGTTTTACCGGTCTTTCAAGCGCGTAATTTTTGTATTTTCGTGCTGATCTTACTGATTCTCCTTACTTGTAATCCCGCTATCGGATATAACTGCCCACGACGCCGCCCATGCCTGAAAATGATTCCAAGCCCCTGTCCCGGCCTGATCCGGTAGCGTACGACATTCCTGAGACGCATTTAAGTGCCTTTTTTGACGAAGCCTTGCGTGATAGCTTACATCGCTTTCACGGCAAACTAACGGCACCTTTTCAGGAAGTACTTCGGTCAGCGCGGCAGCAGCAGCTCCGTGTTCGGGGAGACGAAGCTGAACGGAAACGTCTCATCCGGGTTGTGCTCGAAGGCCTGTTCGAAAGTCTGTCAGAAGTCGCATCCAGCGAGCTGATTGCGAAGGCCGCTGCACTGTGGCAGGAAGAAGTCGAACCGGCAGTTGAAGCGCTCCCCGAACAGCTTGTTTGTGTGCAGGGCGATGAACGCTTTCAGGCGACAACAGGCGACTCAGCCTATATCCGCTCAGCCAAAGCCATAAAACGTGTTGCTTACGCCACAGCTAAACAGTTTTGGACCTTCCGCAACCAGAAAACCGAACCGGTACCGGACTACCACTTTCACCAATCGGTTCCGCTCCGCCGGATTGGGCGGTACGTGCTGCTCGCGCAAGAAACCGTTTTTCGGGATACGGTTGCCTTTGCCTGCTGTGAATTAACCCGCATATTTGCTACGCTCCTGCTTGACGAACAGCATGTCGACGAATCGGAATCCTCCCAAAGTAAAGGCAATACACCGGCGTCCGCGGTTAGGGAAGCGGAAACGGCGTCTGCACAAAATGAAGGGGATAAAGCAGCCCCGCCGAAGACCGACAGTACTTCGTCTTCATCAAAAAAAGATTTTGCCTTTTTCCTGAAAATGCCGGCTGCAGCACAGGCGGAGCGCATCACCGCTGCGCTGAACCGGCTGGAAGCATTATGTGGCCTGACTACCGAAAATCACCCTGTGCTGCGCGCTTTGCCCGATAAAGCCATCGGTCTTGCTCGAAAGGCGGGCACGATTGAGCTTCCGGAGAGCCGTTTTGGTTCGCACCGGGTACAGCAGCAGCGTGCCGCCGCCGCAAAAGCTGCGGCGGCCAATTCTGCAAAATGGCAGCTGTGTTTTGCTACCGTAATCGCTGATTACGGGGTTCAGCTCAGTCTTTCCGGGCTTGAAAAGGAGATGAATCAGCTTGGGGAAAAGCTGCGTGAGCTTACGCATGCCTTTTTTCGGGACAACTGCTATGTGCCGGCGGAAAAGAGCATCAGCCTGTTGCGTGCGCAGCGCGAATTGCTGGACGAGGAGTTGAGCAGACCAAAGCTCAAAAGCCGCATTGAGCAGGTGCAGCTTGAGGCCAAAGAGGCTTTCGAAAGCGGCATCCCTCAGGAAGCGGCACAGCATGAAGTGCTGGAAAAACTGACCGGACAAATCCGGCAGCTCATCACGGAGGCGAGTTTGTATGTGCAGCGTTTTGGGGAGGAACTTGTACTCGCGGAGTCCCGCAGCCTGCGTTTTCCGGAGCCGCTGATCAAAACCGACCGCCTGAAATGGCGGGCTCTTTCCACCCGCTTTTTGCAAAGCAAGGCTTTTCGTCCGCTCGATCCCGCGGCGCAGCAGCTCGGCCCCTTTCTGGATAAACAGCGGCTTGCTATGGAGGAGGCTGCCGGTATTGCGGAAACCAATCTGCAGGCAGCGGTTTATGCCATCACTGAAAAAGGGGAGGCCGATCCCGCGGAAATCGCGCAAACCGGGCTGCAGCGTGCCATTAACGCGCTTGAAAGCAGCATTGTGGCCATTCGCGAAAAGCAGGACAGCTACGAACAGCTCGTAAAAAAGGGGAGCTCGTCGGTCCTCAGGCGTTTGGAGCAGCTCATGCGCGATCGCGACTACAGTGCGCTGGAGCTGCAGGACAAGGCCATTCTTGTGCAGGAAGGCGCCCTGAACTGGCAGGAACGCGCACAGCGGTTTGCCGCACGTGCCGGTGATACATTCGCGATCGCTTTTCGCTATGCGCGCATGAAGTTTGCCGGGTACTACGCTCCCGTTGCCCGTTTTCTCGGATTTGAGCCGGTCCATGCGGAAAGTGCCCGGGAGCGGCTGAATCTTACGGAATACCTGATCCGAAATAAGTCGAATGATGAAAAGCTTCCCTTTATTTATCAGCGGCTGTTTCGCCGGTCGCTGCTGATTGAGCAGCGCTTTTACCTTGATGCGCCGGGTAATATCGGGCACCTGGTAACGGGGTACGAACAGTGGCGCAAAGGCATCCCCTGGAGCATGGCTGTTGTGGGGCAAAAGGGGAGCGGGAAAAGCACCCTCATTCATTTTTTTAAGCAGTCGGAGCGGCTTAAAACACAGGTTGTCCATATCGACTTGTCGGAAACGATATACGAACCGGGTCCCATGCTGCGGCTCATTTCACGGGCCGCCGGCTTTTCGGAAACCGATTCCCTCGGTGAACTCGTCGCTAAATTTGAGCGCAGCAGCATCCGGCGGGTGATTGTTTTTGAGGGGGTTCAAAACCTGTATCTGCGCAATATCAACGGCTATGGTGCCATCAGTCAGTTTTGGGAACTGCTTTCCCTGACCTCCTCACAAGTGTTTTGGGTGGCAGCCTGCAGCCGGGATGCATGGTTCTTTTTTAGCCGCATGTTTAGTGCGGAGCAGTTTTTTTCGCAAGTGCTGCATGTTGACCGTCTTTCGGGCAGGGACATTCAGCAGGGAATCATGCTCAGGCACCGGGCTACAGGTTTTGACGCAGCTTTTTTACCCTCGCCTGAAATCACCAAATCCCGCGCGTATCGCAAACTGCTGGGCGATAAAAAAGCCCTTCAGCAGTACCTTCAGGATCAGTATTTCGAAAGTCTGGCGGAAATGGCCGACGGCAATTTTAGCGTAGCCATGATTTTCTGGGTGAATTCCATTTCCAAAGCGGATGCAAGTACCATCACCCTTTCCCCTATAGAAGTTGCCGACATTGATGCGCTGGAGTCGCCATCGCGGGAGGTGCAGTTTACGCTTGCGGCGCTCATCCGGCATGATGTGCTTACCCCGGAACAGCTGGCGCTAGCCCTGCATCAGCCGCTATCCGGGGCCCGCCTGATGCTCGGGCGCCTCGCTGCCAAAGGCCTCGTAGTTAAGGTAAGTCAGGGCTACACCATCAATCACCTTGTGTACCGGCAGGTGACCCGCCTGCTGGCCGGAAAAAACATCCTTCA
NZ_CP027806.1_gap21	493274	497272	3998	CCGGTTACAGCAAGCTGGAAGACCTGGATTTATTCCCCTACCGACCGAACCATGTGTTTAACGCGCTGGGTGAAATAGATCCTGATCAGCTTGAGCTTTAATCGCTTTATTTCCTTCAAAAATAACACAAAGCCGCTATGAAAACCTTAAACGCTCCCCGACTCCCGTTTTGCGGATACGCGCTTGCAGCCATCGTGCTGATGCTTCCCTTTTTTGCTTCATGTGCATCTGAGGAAGCCCCGGAGCCGGTTCCCGGTCCTGAAGTGCTTATACCAGCCGCTGCATATAACGATGGCACGCCTTATTTCAGAAATGACCGGATTTATCTGGAAGATTACAGCAATGCCTTACACGCAATTTTCATGACTGCCGGCAATTCGCGAAGCTCCGAGCTTGCAAACGAAAATTACCGACCTGAACTGGCAGAACAATCCAATCCTCGGGCGCAGCAGTGGCTTGACCTGGTGCAGCTCACCGATTCCTTTTTTAACAGCAGCGGACGCTTCACCCCGTACTTTACCCGGCAGGATGATGGCTTTGTCCCGGCGCAAAAAACAGATCTTTCAGTGTACCCGCATCTCGTTTACGCCTATCACATGCATCACCGGGGCGGCCGCTTTTCCGATGAAGCTATCGAGCAGGCACTGTACTTTCAGCCGCTAAACTACCTTGTTTCACCCGGCCGCTACCTGCTGCAGAACCATTACCGCGACGGTGCCTTTTTTGATGATGACGGCCGTATCGATTACCGCAGCATGAGCTACGCCCTTGGCGGCATTCACGGGCATATCTACTCGTGGGTGATCTGGGCCAAGCCCGACGGGGAGGACAACATGGGCATGGTAGATGAAGCCCGGCTCACCGGCTGGATGCAGTTCACCAAGGAAGAGATGGCGGACATCGCTCTGGAAGTAGCGGCCTATCTCGACGCTGCCTGGGATTCCGAACGGCAGATTTATGTGTTTCAGGATGATATGATGGATGCCGCATGGAGCATTGATGCCCTTGGCGCCATGATTCGCGGCCACAAAGCACTGTACGAAGCGCTCTATATGTTTGGGCAAGGCACCGAAACCATGTTCGCGGCACGTCAGTTGTTCGACCGCTCGGTCATTTTGTTTGAACATGCCGAAGCCCTTGCCAAACCCTGGGGCTTTCCGCAGCGGATTTCCTTCACCGCTGACGGACCGGTTGCCGCCGCAACCTATACCGAGCCGTATCACACCTTTCAGTTCATGAACCACATCGGCGGCGGTTTTTCATGGGATCGTGAACTTGAAGGTACCTCAGGTTTTATCGGGGAACATCAGCCTGACATTCCGCGGCGTGTTGGAGCATTAAGCGACATGCTGCTGCAGGGCGCCCTGGACCACATGATGCCTGAAGGCCGCGTTGTAAAGCAGCTCTCCTATGAAAATGGCAGCGTAAAAGATCAAATGACTGGTATTTCAGCGGCCGGCATGTTCGTCACCGCTGCGGGTAACATCTACCGCAAAGGAAGTGCTTTCGAACGCGCCTCGGACTGGGAAAGCGTTACGGATGATGTACGTGAACGCAGCCGCTTGCTGTACGACGCAAAAATAGCGCACACAGCATTCATTGAGCAGTTTCTGGACGGAATGTAGCGAGGGAAAATAAAATAATCCGCATGAAGCTCCGGGAGATGTTTCCGGAGCATCATGCGGTATGATTTCTCTCTGAATTTGTAAGCCCTGGCTTTGAAGACGAAACCGATTAAAACCGCAATCAGGGTAAGGCGGTACCGGACTGCTGTTGCAGCGCTGCTGTATCTGTCAGCACCTCTGACATACCGTTGGCGATAATAGTCCCGGCTACTGCAGCGCCGGCATTTGAAAAATGGAACATATCATAAAAATACTCAGACGATTTTTCCATGGTACCGGCTAAATCAATCAGGGGAATGTCATAGGCATCAGCAACTTCACGGGTTACGTCGTTGTACAACTCGAGCACACGCCACAGCTGATACCCGCTTCCTCCCCTGTACAAGAGTTTTGCCAAATCAACCCCGGTTACCGGGTCAGTGCCTGCTCCGGCCAATATGGCCTGCGTAATCAAAACCGGCGTAATGCCTGACTCAAGGGACATTTCCACAAAGCGGCTGAGGCGCGTCCGGTATGCATCGGTAAAGTAATGAGCATGCCAGGCAACTGCCCGGTCAGCTTCCTCCCTGTCAATGGCATCCAGTACGGGCTGTTGCTTGAGATCTAAAAACTGATGCCTGATCCCGGCATCGCCCGCAAGATACATCCGATACAGATGCAGTAGTGTCGCGACCGTTTCGCTGTAGTAAGAAGCTGATCTGATGAAGTCAGCGGGCGATGAAAACCGAAGTCCGGATCGGATACGGCGCTCATGGCTGTCACTTCTGCCAATATCGTTCAGACCCGCTTTCACGAGAATAAAATCAGGCTGCAGGGACAGCAGGTAGTCTTCAAGGAGAACGAGGTGCCCGATGGTTGAGTGACCGTCCATTGCAGCATTGTTGACCCAGACTTCATGCCCCGCGGCTTCAAGAGAAGAAGCCATAACGGCGGGCCAGTCCCTGCCATCAGAGAGGTAGAAGCCCTCCGTAGTGCTTCCCCCCACGGTGATGATACGCGGCACATCCTGCGGAAGCGCATCGGGTTCAGGGCCTCTGAAGCCTAAGCTGTTTTTGGTATGCCTGATCTGCGTATCGAGGCCGGGTACTTCTGCCTGCCGGAACTCATAAACCGCATGATAAGGCAGCAGAATACGGTCGCCCCTCACCCGGATTTCAACGGGACTCCATACCCGCAGCAACACCTCTGCCAGCAGTAAGGCTGCAAAAAGTCCCAGGAAAAATGCTGCAAGATTCTTCAGCATGACAGTATCCGGATTAATTTAATTGGCAAGTGCTGATCGGGGGAAATTTATGAGGCCCATGAAGTGCGCATTCCTGCTGTCAGCTTGCATGCAGGAAGAACATTTCAGGGGCTTTTATAGGGTGAGGCGTGCGTAATTCAAAACACGACCCGCTAATCAGTTTCGCAAATGGCGCGCAAAAAAGCCTAACATCGTTTTATAGAGTTCGATGCGGTTCTCTTCGTGCTGAAAGCCGTGCCCTTCGTTGTACTTCACCATATAAGGCACGTGGAAACTGCGTGCACGCAGGTTGGCGACCATCTGATCGGACTCGTTGATGTTCACCCGCGGATCATTCGCGCCCTGTACCACATACACCGGACGCGTAATTTTCTCTGTGTTCAGGGCCGGGGAAACCTGTTTCATAATTTCCTGATCGGTTTCATCTTCAAAATCGTACCACTGTGCGCGGAGCTGACCCATGAAGGGTTTCCAGTACGGCGGGAAGGATTCGTAGAAGGTGAAGAGGTTGGATACGCCCACGTAATCTACGGCGCAGCAGTACAGCTCCGGGGTTTTGACGAGGGAGCCGAGTGCGGCGAGTCCGCCGTAACTGCCGCCGTAAATCGCAACACGCTGCGGGTCGATGCTAAAGTTTTCGAGGGCGAAAGCAACGCCATCTTCCAGGTCATCGAGCATGCGGCGACCAATTTGCTTGCTGCCGGCGAGGTAGAACTTCTTGCCGTATCCGCCGGAGCCGCGGTAGTTGATTTGCAGGGTCGCATAGCCGCGGCTTGCAAAAAGCTGCGCCTCGGGGTTGAAGCCCCACTCGTCCCGCGGACCATACGGGCCGCCGTGCGGATTCACGATCAGCGGCACTTTTCCTTCGGAAGCTTCGGCGGGCAGGGTGAGGTAGCCGTGCAGGGTGAGTCCGTCGCGGCTTTTAAACTGCACCGGACGCATCTCCGCCATGTCAGCCGGATTGAGGTGCGGCATCATCTCCGCGATTTTTTCGAAGCTGTCGGAGGCGGTGTCGTACAGGTAGTAGGCGCCGTAGTTGCGGTCGCTGCCGGCATACAGCAGGTAGCGGGATTCATCATCCGTGCGCCCGGCAACGCTGAATTCCATCCCCTGAAAATACGCGGTAAAAA
NZ_CP027806.1_gap22	503910	508404	4494	ATTTCAGATTACCCAAAAAAGGACCATTTGAGAGATGATTCGGCAAACTCTGAGCGCAATATGGTCTATATGTCAGCGACACTTTGTAACACTCTTCCACCAATTACGAGCGATGAAATCAACACCTAAAAGCCATGCACCCGGACGCACACCGGACAAACAAGGTCTGTATGATCCGGTGCATGAACACGATGCCTGCGGGATCGGATTTGTAGCCAATATCAGCGGGGAGGCCTCGCACGCCATTGTAAATCAGGCGATCCGGGTTTTGCACAACCTGAACCACCGCGGGGCAACCGGCGCGGAAGGCAACACCGGTGATGGCGCCGGGATTCTGATGCAGATCCCCCATGATTTCATGAAGCGCTCCTGCGAAGGGCTCGGCTTTCGGCTCCCTGAGCCCGGCAATTATGGCGTAGGAATGATTTTTATGCCGGGCGACCGCCGCGACCGTCTGCCGTGCGAGCGCATCATCGAGAAGGTTGTGCGGGAGGAAGGTCTGGAGGTGCTCGGCTGGCGCAAGGTGCGTACCGACAACGCGACCCTGGGCGATACGGCTCTGGCGTCGGAGCCTTCGGTCCGGCAGATTTTCATCGGCAGAGGCAGCGAGCTTGCCACAGAGCTGGATTTTGAGCGGAAGCTGTTTGTCATCCGCCGCCGTGCAGCACTTGCCGTTGCCGCAAGCAGGCAGCAAATCCGCGACAAAGATTTTTTCTACATTAACAGCCTCTCCTGCCGTACCATCGTGTACAAAGGGATGCTTACGCCGCATCAGCTCGACAATTATTATCCCGAGCTGCGCGACCCCAACATGCAGACGAGCATCGCACTGGTGCACTCGCGTTTCAGCACCAACACTTTCCCGAGCTGGAAGCTTGCGCACCCGTACCGCTACATCATCCACAACGGGGAAATCAACACCGTGCGCGGCAACCAAAACTGGATGCACGCCCGCGAGGCTGCGTTTCAGTCGCCGCTGTTTGGCTCTGACCTAAAGAAGGTGCTACCCATTGTGCAGGATGACGGCAGCGACTCCGCCAAGTTCGATCAGTGCCTCGAATTCCTGACCCTGAGCGGGCGCTCGCTTCCCCATGCCATGATGATGATGATTCCCGAGCCCTGGGAAAAGCACGAAACCATGGATGAAGCCCGCCGCGCCTTCTACGAGTATCACAGCTGTATGATGGAGCCCTGGGACGGTCCGGCTTCGGTTGCCTTCACCGACGGGCACATGGTTGGCGCGACCCTCGACCGGAACGGGCTGCGGCCATCGCGCTACTACATCACGCGCAGCAATATGATTGTGCTGGCCTCAGAAGCCGGCGTGCTCGACATCCCCGCGGATGAAGTGCTGACCAAAGGCAGGCTTCAGCCGGGGAAAATGCTGCTCATCGACACCCGTCAGCAGCGGATCATCAGCGATGAGGAAATCAAGAATCAGGTCGTAACACAGCAGCCTTACGGGCAGTGGCTGCGGGACAATCTGGTCGTATTTGAAGACGTCACCCAAAAAGTGACCTATCAGGAGCCGCGCCTCGACCATGAAAAAGTGGTGCATCGTCAGAAAGTGTTCGGCTACACCTACGAGGACCTGCGCATCAACATTGGTCCGATGGCTGAAAACATGCTGCAACCGATTGGCGCGATGGGCAACGACGCCCCGCTTGCGGTGCTATCGAATCAGCCGCAGCTGCTCTACAACTATTTCAAGCAGCTTTTTGCGCAGGTTACTAATCCGCCGATTGATCCCATCCGGGAGGAGCTGATTACCTCCACGGAAACCTATCTCGGTGCGAAGGGCAACATCCTCGATGAGTCACCGGAGCGCTGCCGTCAGATCAAGCTCACTTCGCCCATCCTCACAACCGAGGAAATGGCCGAGCTGCGCAAAACCGACCTGCCCGGCTTCCGGATAGAGGAGCTTCCGATTTTGTTTGAAGCCGGAACCGGCGGTGCCGGGCTGGAAAAAGCCCTCAGCAAGCTCTTCAATGCCGCGGCTGAAGCCATCGGCTCCGGGGCGAACATCCTCATTCTTACCGATCGCGGCTTTACCCAAAAGCTGGCTCCTATCCCGGCCCTTCTGGCGGTCTCGGGCCTGCATCACCATTTAATCCGCAGCGGCAAGCGCACCGATGTGAGCATCGTCCTTGAATCCGGTGAGCCGCGCGAAACGCATCATTTTTGCACCCTGCTCGGGTACGGTCTCGATGCCGTGAATCCGTACATGGCCTACGAGAGCCTGTGCGATCTGCTGCAGCAGGGACTGCTCACGGGCATCGACTACAAGCGCGCGGTGAAAGGCTACAATAAAGCGGTCGTGAAAGGCATCGTGAAGGTGATGGCGAAGATGGGGATTTCCACCATTAAGTCGTATCGGGGCGCACAGATATTTGAAGCGCTGGGGATCAGCACGGAAGTCATTGACAGCTACTTCACCTGGACCGACAGCCGCATCGGCGGCATCACGCTCGATACCATTGCACGGGAAGCCGAACTGCGGCACGAGAAAGCATACCCGAAAATTCAGCAGAACGGCACCGTGCTCGATGAGGGCGGACAGTACAAGTGGCGGCGCAACGGCGAGTACCACATGTACAATCCGAAAACGGTACACACGCTGCAGCTTGCGACGCGCACCGGCGATTACGGCCTCTACAAAGAATACGCCCGTCTGCTTGATGAACAGCACGACCCGCCGCCGGCCCTGCGACATATGCTGGAACTCGATTACGGTCCGCGAACAGTGCCGATCGAGGAAGTCGAATCGGTCGAGTCCATCTGCCGGAGGTTCAAAACCGGAGCCATGTCGTACGGCTCCATCAGTCTGGAAGCGCACGAAGCGCTGGCGATTGCGATGAATCGCATCGGCGGACGCAGCAACACGGGCGAGGGCGGCGAGGATGCGAACCGCTATACCGAAGATGCCAACGGGGATTCGCGCAACAGCGCCATCAAGCAGGTCGCCTCGGGACGCTTCGGCGTAACGAGCGAGTACCTGACGCAGGCCAAAGAAATTCAGATCAAGATGGCGCAGGGTGCCAAGCCTGGCGAGGGCGGCGAGCTGCCGGGACGGAAAGTCTATCCCTGGATTGCCGATGTGCGGCTCTCCACGCCGGGCGTAGGACTCATTTCTCCGCCCCCGCATCACGATATTTACTCGATTGAGGACCTTGCACAGCTCATTCACGACCTCAAAAATGCGAATGATCAGGCCGACATCAACGTCAAGCTGGTTTCGCTGGCGGGGGTCGGGACGATCGCAGCGGGCGTGGCCAAAGCCAAGGCCGATGTGATTCTGATCAGCGGACACGACGGCGGTACCGGGGCTTCCCCGCAAACGAGCATCAAGCACGCGGGACTGCCGTGGGAGCTGGGACTGGCGGAGGTGCATCAAACCCTTCTTCTCAACAACCTCCGCAGCCGCGTGAAGCTGGAAACCGACGGACAAATCAAAACCGGACGCGACATCGTGGTCGCCGCCCTGCTCGGGGCCGAAGAGTTCGGTTTTGGTACGAGCGCGCTAATCACGCTGGGTTGTATCATGATGCGGGTGTGTCACCTGAACACCTGCCCGGTCGGGGTCGCAACACAGGACCCGCACCTTCGGCACAAGTTCACCGGCGACCCTGAATATGTGGTCAACTTCATGAAATTCGTAGCACAGGATGTGCGCGAGCACATGGCGGCCCTCGGTTTCCGCACCATTGATGAAATGATTGGCCGCACCGACAAGCTGCGTCAGAAAAAGACCAGTCACTGGAAAGCCAAACTTGTGGATTTGAGTCCGGTGCTGCACAGCCCCAAAGTGCCTCCGCTCACGGGCGTCCGCAAACTCACGCAGCAGCACCACGGCCTTGAAAACAGCATGGATGTGCAGATGCTCCTCGACCTGTGTGAACCGGCCCTGAGCGAGAAAATACCGGTGAAAGCCCGGCTGCCGATCCGCAACACCAACCGCGTGACCGGCACCATCCTCGGCAGCGAGATTACGCGGATGTACGGGCAGGAAGGTCTGCCGGAGGACACCATCCATCTGAGTTTCCGCGGTTCTGCGGGGCAGAGTTTCGGCGCGTTTGGCGTGCCGGGCGTCACGCTCGAGCTCGAAGGCGACGCCAACGATTATTTTGGGAAGGGCCTTTCCGGCGGCAAGCTCATTCTTTATCCCGATCGCGAGGCGCGTTTTCGTCCGGAGGATAACATCATCGTCGGCAACGTGGCCCTGTACGGGGCAACGCGGGGCGAGGCCTACATCCGGGGTCGTGCCGGTGAGCGTTTCTGCGTGCGGAACAGCGGGGCCTCCGCGGTGGTGGAAGGCACCGGCGATCACGGCTGTGAGTACATGACCGGCGGTCGCGCCGTGATTCTGGGACCGACCGGTCGCAACTTTGCCGCGGGGATGTCCGGCGGCATCGCTTACGTACTCGATCCCGACGGCAGCTTTCCGAGTCGTTGCAACAAGGAAATGGTGTATCTGGAGAAGGTCGATGCCGAATC
NZ_CP027806.1_gap23	524816	526916	2100	GCGGCGAGGCTGAGGTCGAGCACGTTTTTGGGGTAACAGCCAAGGGTATGTAACAGCCGGATGTCTTCGCCGAAGGCAAAACAGGTTTTTGGGATTTTGGGGTTTTCAAGCGGCTGAAAAGTGCGGTCGATCTCGATATCGTCGGAAAGCGGATCCACAAGATAACAGGTGGAGTCTGCCATAACCTGCATGAGGCATAAATTGAAGCCATAGCGGTAATAGTTTTTGTCGAATTCGAGATCGATAGAGATTTCCGGGGCTGCGTGAAGGTGTTCAACAGCGGTGTTAAGTTCCTGCGGGGTTGCGGTGTAGCGAATCATAAATTTATTTTTGAGCATGCGCGCACTGTCTGAGCGGCGGCCATACAAGTCATTTGGGTATTATGAATTTAAAAAAGAAGCCTGGGCGGAAAGTTCCGGTTTTAATGATCTGTGAGGACGGAGGGTGTACTTTATGAAACAGTTTATTCGGGCAAAATGACTGTTTTGCCTGCACGATCAGGATCTCCTGGAACAGATGTGGTTCAATCTCGCCGGGCTGCTCTTGCTAATGCTGCCCCCTTTTGTCGCGGATGTAAATGTGCCGCACATTGGAGCCTTTGGGCTGGCGCTCGTCAAATTCGAAGAGCTTGAGGTCTTTGAGTAAGGGGGTGAGTTTGGTGAAGCCGTAGTTGCGGGGGTCAAAAGAGGGTTCCTTTTTCAGAATCATGTTCCCGACTTCGCCAAGAAATGCCCAGCCATCTTCATCAGCTACATCTGAAACGCTGAGCCGCAGCATTTTTTTGATGTGCCGTTCTACTGGTGTTTTCCGCTTCTTTTTGGCAGTGCTACGGCTGCTTTTGCTTTTTTGTGAAGTATCGTTTTCGGTGCTGCTGCTGCCGGATTTTTGGGCTGCACTGCTGTCTGAGGAACCGGAATCGTCGTCATCGTCCTGATCGGAGCTGTCGGCGAGCACTTCAATAAAGAGGAACCGGTCGCAGGCTGTGATAAAAGGTTTGGGCGTTTTCTTTTCTCCCATGCCGATTACGCGCATGCCCGCTTCGCGCAGACGTGTGGCCAGCCGGGTGAAGTCGCTGTCGCTTGATACGATGCAGAAGCCATCAACCTTGCCGGAATAGAGGATGTCCATGGCGTCGATAATCAGCGCTGAATCCGTCGCATTTTTCCCCTTGGTGTAGCTGTACTGCTGAATGGGCGTGATGGCGTAATCAAGAAGGACGTTTTTCCAGCCCGCGAGGTTGGGTTGGGTCCAGTCGCCGTAAATTCTTTTGAAGGTTGGCGTACCATAGCGGGTTATTTCCACCATCATATTATTGATGTGGTTGTAGGAAATATTGTCTGCGTCGATTAGTACGGCAAGCCTGAGGTCGCTCAGGTTTCGGAGGGCCTGCATGGATGGTTCGCTGCTGTGAGGATTCATACCTGACGGACTTTTTTAACAATACGCGGGGTCAACATCCACCGGATAATGGCGTGATCGGCTCCCGCCTGCTTCCAGCTGCGCAGGTTCATGGTGAGGCACAGAAGCGTTCCGGTTGCGACATGTACAAGCTCATCGAGCCGGTGCCCGGAAACCAGGAATTCCGTTGTATCCTGTATAGAGGGGTTGTGGCCAACGATGAGGAGGTTATCGAAGGTGTCAGGCGTTTCTTTAATGACTTCCATATAAGCGCTGCGTCCGCTTTCATAGAGATTTTCATTCCAGTCGATGGCACCGCGGCGCGCTTCACTCCAATGCTGAATCAGGGGCTCTATGGTCTGTCGGGTACGAACGGATGGTGAGCTTGCAATGCAGGTTTCTGAGGGGGACAGCACGCTTCTAAGGATGTCGCACATCATGGGGGCGTCGCCGCGTCCCCTTTCGTTGAGCGGCCGGTCGAAATCGCGCTGAAAATCAGCGGACCAGTCGGATTTGCAGTGCCGGAATAGGTAAAGGGTTTTCATGGATCGTTAGTGAGCCGGGTTTTTAGGAAATTCGAATATAAGTCTTTAAATATAGGAAAATCAGCGGAGTTTACGGAGGATGCTCAGGGATGGCCGTTCAGGTTTGTAAATGCGCGTCTGTTTTGTGAAGTCTCAGAAGAAAACCGGCTTTAGAGTG
NZ_CP027806.1_gap24	532026	533904	1878	TGCTGTCGGAAACCAGCATTACCCTGATTACGTTCAGCGCCCTCAGTCTCCGCGGTCGGCAACTTGCTCGATCCACTCCTGAAAAGCCCGGGTAGCGTAATTTGCATAGCCGGTATGGCGATACACGATTTGCCCGCTTTTGTCAATCACATAAGTAGTCGGAATGCCTCTTCCCTGAAGCGGAGCGGGCAAGGGGCCTTCCGGAAACGTGTTGGGGATAGTAAACCGGCCCCGTTCCAGGTATTGCAGTGCACTCTCCTGCACATTATCCATAGAAAGCAGTAAAAAAGATATGTCGTCGCGGTGGGAAAGCGTGCGGGATAGGGTTTCAATAGTGGGATTGGTCTGCCGACAGGTTGTGCACCAGGAGGCCCAATAAGTAAGATGCAGCACCTGACCATCGAAGTCGCCCAGCCGTATCACTTCGCCTGTATTATCTGAGAGTGGTATGGCACGGATTTCATCCGTGATAAACGGACCGCTTATTTCTGTTGGAGGCGGGGAATCAAACCAGCCTGTGCTGAGCACCAGATCCCTGAGTGCGCCTGTTGCGCCCAGCAGTACCAACACTGCCACTACAACAGCCACAGCGACTTTCTTTACCTTATTGCGTTTTGAAACTTCTTCTGTTTCCTTCATGCAGTCATTTTATTCAAAGTAGAGATCAGGCGAATAGCCAGATCATATAGCCTGTGTAGCAGCTTAACAGAATAAATCCGCTGAGCCGGCTTACAAGCTGAGAGTAGTAGAGCAGGGCTCCTACGCCGAGTGAAAAAAGCAGCATTACCCAAAGGTCAACCCAGGAAATATCACCGCCGTCAAGCGGGATGATGAGACCGGTAATACCGAGTACAGCCAGCACATTAAATATATTTGACCCGATAATGTTGCCCAGCGCCATGCCGGTTTGCTTTTTGAGAGCGGCCATAACGGTTGTAGCAAGTTCCGGCAGACTCGTACCAACGGAAATGAGCGTAAGGCCAATGACCGCGTCACTGATGCCGAGAACCTGCCCGATTTCAACAGCGCCAGCAAGAAAAGCTTCGGAGCCCAAATAGAGTGTACCGGCACCCAGGGTAATGTAGAACAGCGCGAGCCATACCGGCACTGTCTGATGCGCCCTGACCTCATCGGCTACCTCCTCAAACAAATCCATCTGCGCCCGTGCCAGCCTTATCTGATAGATCAGAAAGGCCATAAGCAGCAAAAACAGAGAGAAGCCTTCGAGGCGGGTAATCATGCCGTTGTACATCAGAATGAACAAAAAACCAACAATGGCGATCATCAGCGGAAGCTCGCGGTTGGTGGTTTGGTAATCGCTTTTCACCGGATAAATCAGGGCTGTCGCGCCGAGCACAAGTCCGATGTTTGCGATATTAGAGCCTACGACATTGCCAATGGCAATAGCGCTTTTTCCCTGAAAAGCAGCAACAAGACTTACCAATAGCTCAGGACTACTTGTAGCAAAGGCTACGACGGTGAGGCCAATCAGAATAGGGGAAATGCCTGTGCGAAGGGCAAGTGCGCTACTGCCGGCAACAAGACGATCGGCACCATACGTAAGCAGCGCGATCCCGGCCAGTAGCCAAAAAACAGGAGTTAACATGAATTAAGGTAAGAGATAAAGAACACATGCAATAACCGGCATGTGGAATCAGTAGCGTTTACATCGAAACGTACAGGCTTGTAAACCGCAAATGAGCTGTGAATGTTAGATGCGACGCCTTTGTTTTGGAAATTGATATAATTAAACCAAAGATATTCAGACAAATTTATTTATGAATCGCTTTTTTGTGCTTTTGTTGCCTGTGTTTATGCTGGGTGTACTGATTTTTGATAAGGGTGAATTTAAGGCTTCCTCCGTACAGACGGAAATAT
NZ_CP027806.1_gap25	535573	536517	944	TGCAGGGCAGAGCTGTATCGCGGCCAAAAGGTTTATCGTAACGGATAAAATTTATGAGGCTTTCACCCGGGCATTTACAGAAGCCCTGCAGAAAAAGGTAATGGGAGATCCGCGCCATGAATCCACAGATTTTGGACCGATGGCACGGGCTGATCTGCGTGATACCCTGCATAAACAAGTTGAGTCGTCACTTCAAAAAGGGGCACAACTTCTACTGGGAGGTCAGGTTCCTCCCGGCGCCGGTGCCTATTACCCGGCCACTGTACTTACGGATGTAACGCCTGGCATGCCCGCTTTCGATGAAGAGCTGTTCGGACCGGTAGCGGCCATTATTCGGGCAAAAGATACCGACGAAGCGGTGCGGCTTGCCAATCAAACCCGGTACGGGCTGGGGGCAGCGGTCTTTACAGCCGATACAGCGTTTGGAGAAAAACTCGCGGCTGAAAGCCTTGAAGCGGGCAGCTGTTTCGTAAATGATTTCGTGCGCTCCGATCCCCGGCTACCCTTCGGAGGAATCAGGGAATCCGGTTTCGGGCGGGAGCTTGCCCGCTGGGGCATGCACGAATTCGTAAATGTGAAAACAGTTTATGTGAAGCAGCGCTGACGGCTACCGGGTGCGGGTTCACCTTATCCCGCATTATTCACAATTAAGCAGAATTTATTTGCTAAATGTAAGTTAATTATGACTTAGTGAAAAAGAACGGTAGCCCAAATTTGGGTGAGGTTTAAAGACTGCGCACCGAGCGCAGCGATTCCCACGAAGTGAAATTTCCTCGCTGGCTACGTTGAAGTTGAAAACTCATGCTCAGGGTACTTGGGTACCCTTCCGCTGAGTTTTCAGCTTCGCCTTGCCAGCAAGAAAATTTCTTGGTGAATAATGCGGGTTATGCCCCAAGAAAAAAGGCATGCCGGGCTCTATGTGAAATGATTATCTTTCAAAGAAA
NZ_CP027806.1_gap26	605741	610665	4924	CTGCACATAAGGCGCGGCGGTGAGCGCAATCAGGTAGTGCGCGATGGGGTAGCGCGAGCGCCAGTGCCACTCGGTGCGCCCGTCGCCGAGCGGTGTCTGACGTTGCAGTTTGCCGTTGGAGGCCAGCGTGAGCCCGTCGGGGATGCGCGCGATCACATCGGAGGAGTCGGCCTTTACCGCGGGGGTGTTCAGGTTGGGAAACCAGTCGCGGGAGCCGAAGGGCTGACTCAGGGTCCAGAAGTGCGGTGCCCCGCCCCGTCGCGTGAACACAAAACTGCCAAAGCCGGTGCTGCCGGGCGTGCCTTCGTAGGCGATGTGGATGAGCCGCTGCGATTCCGTCCCGGCTTCCGTCTCTTCCTCAAGTTCAATTTCGACCAGAAAATCCACCGGACCCGCGCTGCGTGAAAAGGAAAGAGAAGCCCCGGTTTCCGCATCGGTGATATCCGAAATGTGAAGTTGCCGCGCAAGTTCCAGGGTGATGCGCGTCGTGCCCGCGGGCAGGTGCAGCAGCAGGTCTGCATGACCGTTCAGGCGCTCAAGTGCCGGGTCAATATCGAGGTTTAGTCCGTAGTACCCGACCCGGAAACCGGGATCGGCACGGCTGACGGCTTCCCCCGAAAACAGATGCAGGCTGCCACCAGCAAGCCCGCCGCCCGATTTGGTTTCCGAACAGCTTCGTCCGCCTTCTGTCGGTAAAACGGAGATGTTAGGAAGACCGCTGCCACTCGGGATCACCTCCGGTGAACCCGACTGCGCCACAGCACCGGAGGTGAAGCCTGACAGCACACCCATGATCAAAGCGAGCTGCAGCACGCGCAGGATTTGGAGGAAAACCATTTTTGGGAATGCAGGTGCCAATGCGGGTCGGGCGAAGGGTGAGTGTGTTTGAGCAAAATAGCTGTAGGCACGGCAGTTGCAAAACAGAAAAAGGCAGGCTGAATTCACTCATTCCTAAACAACCTTTTATTTCGGAATCTGCCACTCTGGCCCTGCGACCATGCCGGGGGCAAGGCCTCCAATGGCGAGCTTGGGTTTTGTGGAACCGGCATTCCAAAACCACTTACCCCCCCGCGAGTCCGTCTTCTCGGAAATGCCCGCACTGAATCCGAAAAATGCCCCAATGTAACCGGCCTTATCCGGGATCTACCAGCTTCGGCCTGCGACCATGCCGGTAGCTGGGCTTCCAATGGCGACCGGGGACTTTGTGGAACATGCATTCCAAACTTTTACATCGCGGCAGTTCAGGCTTGGTAGATCCCGGATAATGCTGCTCCGGCTTTTGTGCAGGTTATCCGGCACCTTGCAGCAGCATTTCCGGGATGACGGGGTGGGGTGGAAGATGTTTTAAATGAAGCCTAATAGAACTATTCAGATGAATTATTTGCAACAATTGATTAGGTTTGAAGAAAACCAAACTTAAAGAATGAGCAGTATGAAGGTCAGTTATGTCTATATTGAAACAAATTATGACAAGTCAGTCTTTTATACGGGGGTGACCAGCGACATCCATAAACGTCACTATCAACATCAGGTTGGAACTTATAATGGCTTCTCAAGCAAATATCATACAAAATATCTTGTATGGTATGATGTGTTTTCGCCAATTACTGAAGCCATTAAGTTCGAGAAAAGACTTAAGCGTTGGCGAAGGAGCTGGAAAATTGAGCTTATTGAAAAGACGAATCCTGAATGGCTTGACCTTTCAACGAATGAACCTTTTGGCAGAAGAGAGTAGCTGACACTGACATGGGTCAGCTGATTTTTCTACCACCCCCCGCGAGCCCGTCATCCCGGAAAGGCCCACACTGAAGCCGAAAAAATGCCCCGATGCGACCGGCCTTATCCGGGATCTACCAGCTTCGCCCTGCGACCATGCCCGTAGCTGGGCTTCCAATGGCGACCGGGGATTTTGTGGAACATGCATTCCAAACTATTACATCGCGGTAGTTCAGGCTTGGTAGATCCCGGATAATGCTGCTCTGGCTTTTGTGCAGGTTATCCGGCACCTTGCAGCAGCATTTCCGGGATGACGGGGTGGGGTGGAAGATGTTTTAAATGAAGCCTAATAGAACTATTCAGATGAATTATTTGCAACAATTGATTAGGTTTGAAGAAAACCAAACTTAAAGAATGAGCAGTATGAAGGTCAGTTATGTCTATATTGAAACAAATTATGACAAGTCAGTCTTTTATACGGGGGTGACCAGCGACATCCATAAACGTCACTATCAACATCAGGTTGGAACTTATAATGGCTCCTCAAGCAAATATCATACAAAATATCTTGTATGGTATGATGTGTTTTCGCCAATTACTGAAGCCATTAAGTTCGAGAAAAGACTTAAGCGTTGGCGAAGGAGCTAGAAAATTGAGCTTATTGAAAGGACGAATCCTGAATGGCTTGACCTTTCAACAAATGAACCTTTTGGCAGAAGAGAGTAGCTGACACAGCCATGTGTCAGCAGAATTTTCTACTCCCCCCAAACCCGTCATCATATATTAGTTGAGCGGCAAGGATCAGCTGTTTTGGATAAGAATCTTACAATATTAACTTGTACACAAACATGAAGGTGAAAGCGCGTTGGTACCCTGTGTTTCGTCATTGAGCTTCGAGCTCGTCCGGGATGAAACCAACGCGCTTAACTCCACTAAGCAAGAACAGTTCATAAGGCTTCGAGCCAGCATAAATGATGGATATGCTAATGGAGTCCCTCATGATTATTACCATAAATGAAAATAACAATATTATGTATTTTTTCGGAGTTGATGTCTCAAAAGATACCCTTGATTTCTGCAAAGCGGGTCAAAAAAAAGTCAAAAAAGCGGCTAACGAACCTGCAGGCTGGCAACAGCTCGCCGACGCAGTAACTCCAGACAGCTGGGTGGTGATGGAAGCCACCGGTCCGTACTTTCTTGGTCTGGCCATCTTTCTGACCGACAGGGATATTAAGGTTAGTGTCGTTAATCCGCTAATGATCAAAAACTACTGCAAAGCCAAAATGAGTCGGGTCAAGACTGACCAGGTTGATGCGCGTCTGATCGCTGATTATGCCCTAAAAATGCATGCAGATCTGCAGGTGTGGAAACCCAGACCGGTGAATACGCGCTCTATTCGGCAATTAAACACCGTTCGGGAGATGCTACTCAAGCAAATCAACCAGGTCGAAAATCAAAACCATGCTTTCAGTCTTGATGAGCAGGCCTGTGAAGCTGCCCTGAGAATTAATAATCAAAGTCTGACATTCATGCGTGACTCACTCAAAAAGGTTGAGCGGAAATTGGATGAATTGGCCAAGGAAGAATACGGTGATTTAATCAAAAGAATTTCCACTATTCCGGGTGTTGGCAGGGCTACTGCAATCCTGTTATGTGTCTTAACAGACGGATTCACGCGCTTTGAAAGTCATCAGCAGCTGAGTACGTATATCGGGATTGCGCCAAGTCCGTATCAGTCAGGTACAAGCGTAAAGGGCAAAGGTCATATAAGCAAAATGGGGGCTGGTTATGTGCGAAAACAGCTGTATATGTGCGCTTACTCAGCGAGCCGCTATAACCCCGCATGTGGTAACCTGTATAAACGTTTAAGAAGTAAAGGAAAACCTCATAAAGTTGCTCAGATAGCCGTTGCACATAAATTAGTAAGACAGGTGTTTGAAGTCGCCATGACCAATTCAGTTTATGATGAAAAAAAGGCGCTGGCCGCTTGACTTTTAATACAGTTCATCCCGGAAAGGCCCACGCCGGAGCCCAAAAATGCCCCGATGCGACCGGCCTTATCCGGGATCTACCAGCTTCGCCCTGCGACCATGCCGGTAGCTGGGCCACCAATGGTGACCCGGGATTTTGTGAACCGGCATTCCAAGCCGGCTACCCCCCCCACCCCAAACCCGTCATCCCGGAAAGGCCCACACTGAAGCCGAAAAATGCTCCGATGCTATTGGCCTTATCCGGGATCTGCCAGCTTCGCCCTGCGACCATGCCGGTAGCTGGGCCACCAATGGTGACCCGGGATTTTGTGAACCGGCATTCCAAGCCAGCTATTGCATTGCGGCAGTTCAGGCTTGGTAGATCCCGGATAATGCTGCCCCGACATTCTTGCAGGCTATCCCGCCCAGTGCCGCAGCATTTCCGGGATGACGGAGTGGGTTAGGGTTTGGGTGGTAAAACCGCGCTTTAGTGGTAGTGGGAATGTTTTTTTGATCGGTAAAACGTGAGTCGAATCCTTTACAGAAACAAGATGATGGAATAATTCCAACACTTAATCCCACCCCAAACCCGTCATCCCGGAAAGGCCCACGCGGGAGCCCAAAAATGCCCGGAGGCTGCCGGCCTTATCCGGGATCTGCCAGCTTCGCCCTGCGACCATGCCCGTAGCAGGCCTCCAATGGCGACCCGGGACTTTGTAGAACATGCACTCCAAGCCAGCTATTGCATCGCGGCAGTTCGGGCTTGGTAGATCCCGGATAATGCTGCTCCGACATTCTTGCAGGCTATCCCGCCCCGTGCTGCAGCATTTCCGGGATGACGGGGTGGGGGGTATAGCGGTCAGTGCTTGCTTACCCGGCGCATTATTTTATTCGCCGAAAACCCAAAATCCTGGAAGTCAACTTCCAGGATTTATATGAATTTTGGAAGTTCACTTCCGAAATTTGAATTTTACTTGCAAACAAATCCCGACTCAACCCCTTAAGCGCCCGCGAGGATAGCGGGGCCCTGTGGGAGAACTTCTGCGTGAGCGAGCGCATGAAGGCGCTGCACAACCAACGGCAGTTTCCGAACAGCTTCTTCTGGCGCACCTACGATCGCAAAGAAATTGATTACCTCGAAGAAGCCGGCGGCCGGCTCCCGGCCTTTGAATTCAAATGGAACCCCAACGCCAAAGCCCGCAAGCCCGCTGCGTTTTTTGAAACTTACCCCAATAGCA
NZ_CP027806.1_gap27	810329	811437	1108	AAGAAGCTAAAAATATTTTGCTATTACTAAATAGGATTTTATATTAAAGCGCGCTCAAGTAGCGTCTCTCTTGATGAATAGTTTAAGGCACTGTACGTGATAAATACGGTGCCTTATTTTTTACCTGCCTCCAAAGACTTCACGGATCAAAACTAACGCTTCAGGGCTCCGTAGGTCAGACATTCATCCCGTCAGCTTTCAGGTAATCCGTCCCCGCCTTTTCTCTCAACAGCTGTTGTAGTTTAAAACCGAATCAAATACATTAAATAACAGCTGATTGCACAGACACCCAAAAGGTAAGGAATACGCTGAACGCGGTTCGCTACCCCTCACCCGAGCGCGTGTCAAATAAAGCTGATAACCCGATTCCCATATTTTTTTTAATTCCATGAGTACTTTTGATATTACCTCCAGAAGCATACAGTCTGTTGAAATCCTTGATCTTTCCGGCGAACTTGACGCGCATACGGCACCCGTTTTGGAAGAAAGCATAACCCGGCTGATTGATGAACAAAAGTACAGCATTGTCGTAAACTTCAGCTCGCTTGACTATATTTCCAGTGCCGGACTTGGCGTTTTCATGGCATATATCGAAGAGCTACGCGACTTAGGCGGTGATATAAAACTCACCAACATGAAAGAATCTGTCTTTAATGTTTTTGATCTCCTTGGCTTTCCGGCACTCTACGATATTCTGGAGGAAGAACAGGAAGCCATCCAAAAATACCTGAATTCAAATCTGCAGGATTAATCTTGACCCAACAGCCCCGTCATATTGAGGTTGCCGCTTCCACTGAAAACCTGATTCAGGTTCGTAATTTTGTGGGAGAGCATGCCCGCAGGCACGGATTTAGTGAGAAGGAAACCGAACAAATACGGCTTTCTGTAGATGAAGCAATGACCAACGTAATTAAGCATGCGTACGACTTTGATTCCTCGCAGAAAATATACGTGAGTGTCGGAGCGGAAGACCGCACGTTTTGGGTAGCCATTCAGGACACCGGCCGGGCTTTCGATGTTTCCGCTTATAAGGTGCCAAATGTGCCTGAGCGTATTAAAAAGCGTCAGAAAGGGGGAGTTGGGGTTTACCTCATCAAACAGCTTATGG
NZ_CP027806.1_gap28	855681	857374	1693	AGGAGGATGTAAGAGATCCAAAAGCTGAATTAAGCTTTATTTGGATTGTGCCAAAGCACAGACTTGAGGGGGATAATGCAACAGATTTTATAAGAAATCCAATCGGTACCGGACCTTACAGAGTGTCTGAGTTTAATATGAGTGGTATTACTTTTGAGCATTTCCCTGATTATCACGGTACTATAAGAGATATAGGTAAAATTGTTCGCAGGCAGACTATCGATCTTGATGCCCGAATAACAGAACTTCTTTCAAATGCTACTGATTTGCTCATAAATGTACCGGCAAATAGAGTTCGACAAATCGCTGAAAGAGGCATGCATAATCTCATCCCTTATCAGTCTTTTTCAATAAGTACGATTGCCTTCAATTACAGCAACAGCATGCTTGGAAACAGGAATGTGCGTGAAGCTATGGTTCGGGGTTTTAATCGTGAGCGTGTTCTGAACACATGGTACAACGGCAGAGGGAGTTTAATTGGGGGGCCGCTTACTCCTGGCGCACCATTTTTTAACCCCAATGTACAGCCTTTACCGTACGAACCAGCAAGAGCAAGGCAATTGCTTGCAGACGCCGGATTTTCAGATCGGAACAACGATGGGTTTTTGCAGGACGCCAACGGGAATCGGCTTCGTTTTTCAATGGTTGTACGCGATTTGGGTGCAAATACGAATGACCCAAGCCTGAGAAATGTCGTTCAGGATTTTATTGATGAAATGCGCAACATTGGAATTGAAATTCAAATTGTAAATCTCACCTATGACGATTTTCGCCAGAGGGTTTTTGAAAGCCGTGATTTTGATCTTGCTGTAATGGAAATCTTTTTTGATCCTACCTACGATATCTCCCCATTGTTTTTTAGTCGGTCAGTATTTTCTGAGTTTAATGTAACAGGATATAGTAATCGGGCTGTTGATGCAAGATTCGAATCCTTCTTTAATTCAGAAAGCCGCAGTGAACGCATGGAGCTGATGAGTTCTATACAGGAGATAATTGCAAGAGACATTCCGTATATCTTTATGTTTACCCTTGAGCGTAATGCTGCCATTAATCTGCGGTTTTATAATGTCAGGGTAGATCCGTTCTATTTCTTTAATGAAGTTAATTACTGGAGAGTGCAGGATTTATGAGTCTTGCCAATAACTTTATTGCTAAAGTTATTCTTAAAGGTTTGCTTCAGCTCATTGCAGGCATCGTATTGCTGTGCCTGCTTACAGCTTTTGTGCCCGATCACACAGCGCCAGGTTTTTGGGAGCGTTTTGTGAGCTATCTGAAAATTGTGTTCACTTTTCGGTTTTCCGAATCCTGGCTTTTACCCTTTTCGGTATTTGAGCTGCTCAGTTATCATTTTAAAATCACTTTTGTGATACTGACGGTGAGCATTTTGTTTGTAATTTTGTTTGCAGTTCCGGCAGGTGTGCTCGCCGCCAAAAAGCAGGAAAGCGCACTCATGGCCTCGGTGTCTGCACTTTTGCATTGGCTGAGTTCTGTGCCCCTGCTTGTCTGGGGCGTGATGCTGATGTTTGCCTGGTTTTCGTGGTTTTCGATCGTACCGACTTATGGGAACTTTGAGGATGCCGGTTTCACGGGTAAACTCTTTTTTTTGCTCCCTGTAGTTTTAGCGCTCTCCTTTGGGGACGGTACTTTTAGCGATGTGTACAACAAAGTAAGGTCAGAAACGGCTTCAATTATG
NZ_CP027806.1_gap29	878294	879827	1533	AATCCAGACGGTTTTGTGTCAGCGGAGTTTAGGTCAGAGCAGGTGGGTAATGCTGAAATCAGTGCTTTTGTGGGTTCAGGTACAGGTGGTGAACAAATTGGTACGGTCACCATCGGAGTCACATTTGGTGCCATCAATGCAACTGAATCTACGTTTGCCACAGATGTCAATAACATTACTACCGATGACACCGCACAGCTTACGGTACAACTGCTTGACTCGTTTGGCAACCCTGTTACACAGGCGGGAAATGTGGTGACTTTACAGAGCAGCCTGGGGCTCATCAACGGTGGTTCCGGAACAGTGGAGCTGCAAACCACTGCGTCAGGAACCGTATCCGCATCATTCACATCTGAAGAGCTGGGTGAAGCCTCCATAACAGCCCGGACAGGATTAGGAAACGAAGAAGAAGAAATTGGTGTGCTAACAATAGGGGTTACATTTGGTGCACCAAATGCGATCAGGTCAACTTTTGCAACGGAACAGGATACGGTGCGCACAGATGAAACGGCTAATCTTCTCATACAGCTTCGGGACGCCGCAAATAACCGTGTTCGGTCTGCCGGGCTTCCGGTAACGGTAAGCGTATCAGCCGGAAATCTCACGTTCGGAAATAATTCCGGACAGATCCTTCTTGCAGAAACAAATGGAGAAGGTGAAGTTTTACTGCAATTTGTGCCTGACGATAGTATCACGGCTGCACAGAACGCAGCTGTGAAGTCTTTCATAGGTGAATCAGAAAACAGCCAGAATGAAATCGGAGAAGTCACCCTCAGAATGATACCTATTGCTGCACCGCCAGTATTCAGTAGGGTCGGAGGGTATTTTTTTGACGCGGTATTTGTAGAACTGAGCAGCAATCTGGAAGGAGCGCAAATCCGTTATCAAATCGGTGGCGGTTCAGAACAAGTCTATACCGGTCCGGTTCTTATACAGGCTACCGCTGAGCTGAGAGCGAAGGTGGTTAACGCAGTTGACTTCGGCGATAGTGGTTTCAGATCAGAGCTTTATCGCCGTGCTCAGCCCGATGCTGCGAGTCTCTTTCCTTCTAACGGGCTTTCAAACATAAGCCTTAGACCAGTGTTGGGCGGAGCCATTTCCGGCGCACCGCAAACGCCAATACGGCTTTTTGCACGGTTTAATCAGGCTGAAATCGGGGATGTGAATATTTCGGATAGCCCGCAGCTCGAAGAAGAAACAGCCTATAGCTGGCATTTGTGTCTGGAAAACAACCCGGATACAGCAAATGCGTGGAAGTCATGCCGCGAAGCAGCAGCAGACTTTACAACCCGACCTACTATCCGTGAAACAGAGCAACAGCAGCTAAGCTTTGGTTCCGGAGCGGAATTGTATTATCAGTTTGTCGGAATTCCATACAGTGAAGGTACTCCAGCCGATCAGTTTATGTCGGGGGATCAGGGCCCGGACTGGCGAATATTTGATTTTGCACTTCGGGAATCAGCTGATGAAAATCCTGTACTATTTGCAGCTGGTGATCCCGTTTTCATGATAGCTCAAAATCCGGTAACAATT
NZ_CP027806.1_gap30	881777	885768	3991	ATTGGGATTAATTCGCTTTGATGATGTTGATCCTGCTTATGAAATAAGCACTAATGTTGCAAGACAGGCTCGGGCTATGGGTGGAAATGCTATAATTAACTTAAGGGTCGTATGGGAGCCTCCAAGTAATGGTTTTTTGGGAATTGCGGCTAATGGCGGCAGAATTGTAATATATGGTACGGTAATTAGTATGTAGTATTTGTGGTATGAGCAACAGTTTAAAAATTATATGCTTATTAGTTATTTTGCATAGTTTAGGAATTAGCTTACAAGCGCAGTCACTATCACAGGTAATGTCTCAATTCGAACATATTGAGCACATAGGCCCCGCCCGTTTACCTCTCAATATTGCATTTACTGATAACCGATGGGACCAAACCAATCAAATTCCGTTATCAGTACTTGAAAATCGAATGCTTTCTTCAGACTTAATTGATACAGATACCCGAAGTATTGTTCAGGGAACGGGTAATGATATTACTTTGAGGGTTGAAGTTGACTTTCTGGGCCTTTACAGAACAGAATCAGGTTTTTGGGGAGGGCGTTCAATCATTAAGGTATACGATGAAGGCAGAAATGTCTTTGTAGGGCATGCTAACTTCGATGAGATGTACCGCAGAGCACGCAGACCGTCAAGGGAAGAAACAGATCGGTGGGCATTTAATGTTATGGACAATGTAACAGATATACTATCACAGCTGATTATAGCTTATGCAGAAAGAAATAGCTCCCATATCAGAAAGGTTGAAACCTTCGGTTGCACGCCTGTAAGCGGGCAGAGAGCTGATCGTGCAGACAGGACAAGAGCACTATACGAAGCGTTTCGAAGGGGGGCGAATCAGGCCTGGGGACATCAGCTCGAAAGTATAACTACAATAACTGACCTTTATGATGTAGAGGATATCATTCGCGTCTCGGGAAGCGGAAGAATCACCACTTATGAAATTGATGAATCAAAGACTGTAATTACGTCTGATAATCACCTTTGTTTATTTGTAAATATGAATGTCCAACAATAAATATATAAGCGTATGGAAAAGAATAAATTGCTGACTGTACTTGTTGCTTTTATAACTTTTTTTCTGATACAGGCTTGCGGAACTTCAGAAAGAACAGCATCTGAAACAGTTGTAACACAAGAAACGGTTGTAAGACAAGACCAAACCGGAACTACTGCGACAACTCAGGTAGTACGAATCAATGATCAGGAGCTGCGCTCTGTAAGATCTGAATGGGAAAATGAGTATTTATATGCAGAAGGTTCTGTGCCTGTTGTTGATCGATATCCCGATGAAAACCGAAACAGAGGTTTGGCAAGAAGAGGTGCGATTGCAGACGCGCAGCGTAATCTTGCGCAGCAGATTAGCGAGGTGCGGATTACAGAAACCGTTACAATGAGGGATCTTGAAGTTTCTGACTTTGTCCGAACGGAGATGAATGCCGTTTTAAGAAACCTTGAGGTTGTTAATGAGACATTTGATGCGTCTTCGAATCATTATAATGTTACTATAAGAATGCCCTTGATGTCTGTATACAGGGTTGTTGAGCAATACACCAAGCGGTGAGAATGATGAACTGCGGATGTAATAGATTGGGTTTGACTAATATATTATTTTATGTGGTATACAGATTTTTTGCCACCAATGTCTCATTTTATAGTATAGTGTTCGATACGTTAATTAAGAGATCCTCATGATTGCGCAAGTTATTATTGCTTAAATTAATAAGTCAAAAATACAAGCTTTAAAATGCGGGGATAATTATATGCACGTACAAACTTGTACTCAATAGGTTAATTCAGATGGCTAATTCACGTGATTCGTAACAATGCACAGTGTCTGTATAAGGACTCAAAGTATCTTAAAAAAAACAATATGGACTTATCGGGGATATAAAGCAAGTAGTGCGTTTAGTGTTTTTGTTAATTTTGACTTTTTAAGGAGGCACTAATTGCAGTAATTTTAGCAGAAATTGTTCTCATGAGTTATTCGCATCTGTTTGTTCATTTCCCCCGCCAAAACCGTTTCTCAATCCGCCGCACATCCTCCGCATCTTTCAGCGTTTGCAGGTAGGCGTGCAGCTCCAAGAGCACATCATCCGGCTGACCCATAAACGGTGGTACATAAATCGCATTTCCGTAGCAGTTTAGAACCTTCAGCGGAGTATCCTCCACAATCAGAATCCGCTCCTTCCGGTAGCCGGTACGGACGACCTTACTTAGCTGCTTGGTGTACTCGTAATCCGGCAGCAGCTCGCCGAAGCCGGAATTTGCCCGCTCGCGCTTGTAGGTGCAGCGGCTGCGTCCCCAAACGAAACGGAACAGCGACCGATGCGCGGGCAGCGCATCAACCATAGCTTCCACATAATCATCCGTGCCTGATGACCAAATCGCAAGCTCAAAATCTTCCGCGCACTTCCGGAGAAAGTCCGCGACATGCGGCCTGAAATATACCTGAAACCCCAGCACTTCTGCATCAGGCACCCTGCCGTCAACGCGCGTATCGGCGGCATGAAGGAGGGTTTCATCGAGGTCGAGGATGAGGAGGATGGGGCTCGTGGGGGGCATAAGATGGAGAGTGATTCACCGGCTCGGATTGAATGCAGGAAAAATAAGCTGTGCGCATTCCAAAATCTCAACTTTAAGCGTCATTTGAAACAGGATAGCAGAGGTTATCCTGCAAGCGGATGAAATTGTTCATCCTTAGAAGACACCCGAATTCCGGGGTTCTTTTTACATCCATTTTTTGTTTATTGAAAAAACTGCACGCTTCATTTCCGCAAACCGCGCTGGTTGGAAATGCCCATCACCCTCATCCATCCTGAAAAAAACATAACGGTTTTTATTTATGTCAGCTCCCCTACAAATCCCCATAACATCATCTGCCAACCTCCTCATCCGGACTGATACGCCGCATGGGCTTTTTGAGGCGGTGCGGCAAAATACGCCGGTTTCCGAAACGGACTGGGAGGCAGGAGAGATGTTTTCGATTGGGCTGTCGAGTGAAGGCGGTGAAGCTAATGCCCATACCGGTGCCGATGGTGGCGCAGATGGCAGCCCGACACCGCTCTCCGTACATATTCCTGCCGGCGAAGGGCGATCGCTCTCATTTGGGATGCAGGCTTCGAAGGGGCTTTCTCTCAGGCGTGATTTCAGTAGTGCGATTGAAACCCTCTCGCGCGGGCAGGAAATTGCCGCGGGTCTGCACAACCCCAATCCCGCGCAGGCGCATCACTTCCTGATGCTGCACTGGAACTATGATGTGAGAGCGGCACATGAGGGTACGCTGCCGCTGGGCGCCGGAAAATCGGCGGTGTACGGGGTGGAGGCGGGTCGGGAACGGCTATTTGCGCTCATTCGTGCGGTGGAGCCGCAGACCGGTACGCGCGACGCGCTTCAGACGATGCTTCGGAACTGGATGATGCCCCGTGCCGTGCGTCAGGCTTCCGATCTTGATCCGGGTACCTGGCTGGTTACCGAGCTCGACCGCAGTGTGACTGCCAAAATCGGCTGTCAGATGGGCTATGATTTCAGCTGGGTGCATGAGCTGGGTGAGGGTGGTCTTGCCGGAGACATCGGACTGAAGCTGGAATCCGCAATGAAAGCTACGGTCGGTTTTGATTTCAGCGGAAAGTTTGCGTTGGTCGTCGCACGGGAGTCTGCGGATCCTTCGAATCAACAGCTTCGGGTGCGGCTCTTTAAGCTTCGAAAGAAAGGCTGGGACTTCGCACTCAGCGCAACGGCTCAAGCCGAAAGCAGCGCGGAATTCAGGGAAGCTGATATCGAAGAGCTGCTGAAAGCCATCCTTGGGATTCAGTCGGTGCAGGTGTTGAGTGACCTGAAATCCGTCAAAACGTGGATGGGTGACAACAGCGATTTGGCCAGCTATTTTGCGGAACTGAGTGCAGACAGCATCCGCGATTTTCTGGGAGGAGTCACCGGACTCGATGTTGTGGCTTCTGTTGATGAAGCCTCCGGGCAGCTGAATGCCTG
NZ_CP027806.1_gap31	1030509	1033971	3462	TGGATTCTGACGCGCTTTCATTCGAAGTGTGTTCAAAACTTGGCTTCCGTGAAGCAGCCCGTAAAGCCGGTCCGATCCTCCTGGAACCGATCATGGCGGTAGAAATCATCACACCTGAAGATTACATGGGTGATATCATGGGTGACCTCAACGGTCGTCGTGGGATGATTGGTGGTATGGAGAACAAAATTGAAGGAACGGTTATCACTGCAGAAGTGCCGCTTTCAGAAATGTTCGGTTACTCTACACACCTGCGCTCTATGTCTCAGGGCCGCGCGGTTTATTCGATGGAATTCAAAAAGTTCGCTCCGGTACCCGATTCCATTGCGAAAACTATACTTGAAGATAAATAAGCACAAATAAATTCATTCAGATCATGGCAAAAGAAACGTTTTCACGCAATAAGCCACACGTTAATATTGGTACGATTGGTCACGTTGACCACGGCAAGACTACGCTTACCGCAGCGATTACCAAAGTGATGTCAGCTACCTACGGCGGTAGCGCCAAAGCTTTCGACGAAATTGACAACGCTCCCGAAGAGCGCGAGCGAGGTATCACCATCGCAACCGCTCACGTAGAGTATGAAACAGGAAACCGTCACTACGCACACGTTGACTGTCCCGGTCACGCTGACTATGTGAAGAACATGGTTACCGGTGCGGCTCAGATGGACGGCGCGATTATCGTAGTTGCTGCCACCGACGGCCCCATGCCACAGACCCGCGAGCACATCCTACTTGCCCGTCAGGTTGGCGTACCTTACCTCGTAGTATTCATGAACAAGGTTGACCTTGTTGATGATGAAGAACTTCTCGAGCTCGTTGAGCTTGAAGTTCGTGAGCTGCTCTCCAGCTACGAATTCCCCGGCGATGACATTCCTGTTATTCAGGGTTCTGCCCTGGGCGCGCTGAACGGCGATGCACAGTGGGAAGCCAAAGTAGTTGAGCTGATGGAAGCTGTTGACACTTACATCCCTGCTCCAGAGCGTGATGTAGACAAGCCGTTCCTGATGCCCGTTGAGGACGTATTCTCTATCACCGGTCGTGGTACTGTAGCTACCGGTCGTATTGAGCGCGGTGTAATCAAACTCAACGAAGAGATTGACATCGTAGGGATCAACGAAGACAAAATGAAGTCAGTCGTTACCGGTATCGAGATGTTCCGCAAGCTTCTGCCCGAAGGACAGGCCGGTGACAATGCAGGTCTTCTGCTGCGTGGTATCAACAAAGATCAGATCGTTCGCGGGATGGTACTTTGTAAGCCCAACAGCGTGAAGCCGCACAAGAAATTCACCTGTGAGGTGTACATCCTGAGCAAAGAGGAAGGCGGTCGTCATACCCCGTTCTTCAAAGGCTACCGTCCGCAGTTCTATTTCCGTACGACCGACGTAACCGGTATCTGCGAGCTTCCTGAAGGCGTAGAGATGGTAATGCCGGGCGACAACGTGAACCTGACTGTTGACCTGATTCAGCCCATTGCTATGGAAGACGGACTTCGTTTCGCGATCCGCGAAGGCGGCCGTACCGTTGGTGCTGGCGTCGTAGCTAAAATTCTTGACTAAAAAGAGGCAGATACGTGGCTACACAACAGAAAATCAGAATAAAGCTGAAATCATACGATCACAATCTGATTGATAAATCAGCTGAGAAGATTATCAAAACCGTGAAGTCAACAGGAGCAGTGGTATCAGGACCGATACCACTGCCAACTGACAAAACGATCTACACGGTAAACCGGTCCGTTTTTGTGGACAAAAAATCGCGTGAGCAGTTTGAATCAAGATCACACAAGCGTCTGATAGATATCCTTTCAACAGGTACACAGACTGTTGACGCTTTGATGAAGCTTGAGCTGCCATCCGGTGTAGATGTAGAAATTAAAGTTTGATAACCTCATAAGATTCAAATCATGAGCGGAATTTTAGGCATAAAGCTGGGGATGACCAGCGTTTTTGACGAAGGCGGAAATCATCTCCCTGTTACAGTTATCGAAGCCGGACCCTGTACCATAACCCAGATTTTCCGGAAGGAAAAAGACGGATACGATGGCGTACAGCTTGCAATGGGTGAGAAAAAAGCTAAAAATGTTTCCAAGGCAATGCAGGGACATTTTGAAAAAGCGAATACTACACCTAAGCGCTATGTACGCGAAATCCGGGATTACATTCCTGAAGGACTTGACTTAGGCGACACCATTAAAGCTGAAGATATTTTCGAAGCCGGAAGCAGAGTCCACGTCGTTGGCACAAGCAAAGGAAAAGGCTTCATGGGTGTTGTTAAGCGTCATGGCTTTAGCGGTGTTGGCGGCAGAACACACGGTCAGCACAACCGGGAAAGAGCACCGGGATCTATTGGTCAGGCCTCAACGCCATCTAAGGTTTTCAAAGGTCTCAAAATGGCGGGTCGTATGGGTAACGAGAGAGTTACCATTAAGGATCTACAAATCGTAAAAGTACTTCCTGAATCAAATCTGATCCTCATTAAAGGCGCAGTACCGGGACCCAAAGGCCGGCTCGTAGAAATTCACAATCCTTGAACGGAAAAGGGTAAACAGAAATGAAATTGAACATTCTCAAAACGGACGGTACTGAAACCGGCCGTTCAGTAGAGCTGCCCGAATCGGTGTTCGCAATTGAGCCCCGTGACACGCTTGTTTACGAAGATGTAAGAGCATACCTCGCACATCAGCGTCAGGGTACAGCTAAAACCAAAGGACGTACAGAAGTGCGTGGCGGTGGTAAGAAAGCGTTCCGTCAGAAAGGTACCGGCGGCGCCCGTCGCGGAACCCTGCGTTCCCCGCTTCTCAAAGGCGGTGGTACAGTTTTCGGTCCACGTCCGCGTACCTACACCATTCGTCTCACCAAAAAGATGAAGGAACTCGCCCGCAAATCAGCGTTCACATACAAAGCTAACGACAATGCCATCATGGTAGTCGAAGACTTCAGCTTTGATACCCCTAAGACATCATCATTGGCAGCAGTGCTGCGTAATCTCAAAGCTGAAGGCCGCAAAGTGCTTCTCCTGACCGGTTCAACAGATGTTAATCTGTACAAGTCAGGCCGTAATATTCCGGGCGTAAATGTTTTGGAAGCTTACAAGCCATCTACCTATGAAATTCTGCATGCAGACTTCGTGCTGTTTACAGAGTCAGGGCTGAACACGCTAACCAATGGCTTTAGCAAGAATGAGGAGGCAGCGGCATGAGTAAAGTATTAATTAAACCTCTGCTCACAGAGAAAATCAACCGCATTCAGGAAACGCAGGGAAAGTACTGTTTCCTCGTGGCCACTGACGCTACCAAGACAGAGATTAAAGCTGAAATCGAAAGGCTTTATCCCGAAGTACAGGTTGCCAAAGTCAGAACGCTGATTACTGCAACCAAGCCTAAAGGTCGTTTTACGAAAAGCGGTTATCTCTCCGGAAGAACTCCGAAACAGAAAAAAGCTTTCATTACCCTGAA
NZ_CP027806.1_gap32	1048032	1049442	1410	CTGCGGAATGGTCTCAATGCCGAGGCGCGTCAGCAGTTTTTGCAGACGCCGGTGATCGGGTGAGAGCCAGGTTGCACCCATCTCGAGTGGTGCCGCAGCTTCCGGACGCAGCGTGCGGATACGCCCGCCGGGTTCAGGCCGTGCTTCAAGAATTCGCAGTCGCAAATCAGGCCGTTGCTGCCGCAGCAGATGGGCCGTGAGCAGGCCGGAAAGACCGGCACCAAGAATCAGAATGTCAGATGTTTTCATGCGGGGAAGAACAAAGCCGGTTGCTGCAGGATTCACCATAAAATGGAATTCAGCCCTGCCCTGCAATGTTATCTCATCTATAACCATAAGGGCAGCATTAACTTGACGGCTAAACTCAAAAAAGCTTCCCATACGCCAAAGTAAAATAAGAAAGAAGCAAACTATTCAACCCATCACAGAGAGACGACTTATGAATATACGCAGCACACATTCCCCCAAAGCACGCACAGCCAACAGGAAGAAGCATAGCAAGAAACGATGGCTGAAGCTGCAGGTACTCTTATTGGTCATGCTGTTAATGGCAGGCACCCATACTGTTTACGGACAGAGCCCGGACGATCCGGTCATTCCGGAAGGAATCGGCGTACAGCAGGAATCACTGACCGGGCTGCAGATCGGCCTCGATATCGAAACCGGCGGATTCTGGTTTTCCCGCAACGACGCCCGTATTCCCGGAGATACCGGGACCAAATTCGACCTCCGCGACCTCACCGGAACAAGTCCGGAGCCCTTCATCCGGCTCAACCTGAAACTGGGCTTCGGCGATCGGCACAATGTCCGGCTGTTGTTTGCTCCCCTTGCCAAAACCGGCACCGGACAGCTTTCGGAGCTCGTACGCTTTGAAGATTCCGAATTTGCGCCCAGCCTGCCAACCGAAGGCACCTTCAGATTCAACACCTACCGCGCAACCTACCGCTACGACTTTTTCCGCAACGACCGCTGGGAAATCGGTGCAGGGGCGGCGGTGCTGATCCGTGATGCGAAAATTGAACTCACGCAGGGAGAACTGAACGAGCGGAATACCGACCTCGGCTTTGTGCCGCTCCTGCACTTTCGCACCTCCGCTTTCCTGACGGACCGCTTCACGGCCGTGCTCGATGCCGAAGGGCTGATCGCACCGCAGGGACGTGCCTTCGACGTAAGCCTGCACGCAGATTACCGCCTCAGTGATGCCTTCAGCGTTTTCGCCGGCTACCGCTTTCTTGATGGCGGCGCGGATAATGATGAAGTGTACAGCTTCGCCTGGATCAACTACCTCAAAGCGGGACTCAGTTTTCGTATTTGAAGCAAGCTCATAAGCTGGACAAACCTACGTTTTCCGGCTTGCTCAGGAGTTACACTTTCTGCATAAAGAGAAGGCAGACCCGAAAACCGGAGCTG
NZ_CP027806.1_gap33	1062465	1066639	4174	CTGAAGCAGGGCAAAGAAACCATCCTTCACGGTGTATTCAGGACGGAAAGCCGTGCACTGCAGGTTCGGTTCAGCTATAACCGCACGTACAGCGGCACATCGTTCGAAAAAAGCTATCCTGGTCCGGGCAGCTGGACCACCGCAATGCGGCCTGATTACAGCCTGACGGTATGGCCTGCCGGAATTAGTGAGGCGATTGCTGAACAGGAAGAGCTGATTGTTCACATACACTTCGACGCCAAGTATAAGGTAGAAAACCTTGCCGACTATCTTCGGGAAAGGGCTGAAGCTGCTCCGGAAATGATAGATTCTGAAAAGCAGCGTGAGCGGGAGGGGCGTTATAAAAATGCGGATCTGCTTAAAATGCACGCCTACAAGGATGCCATCCGGCGCACGGGCGGCGCGTATGTGCTTTATCCCGGCGACATTCCCGTGAGGCGGCAGGGCTTTCACGAAATCATCCCCGGACTTGGTGCTTTCCCCGTGAAGCCTTCACGGGATGAAACCGGCATACAGGAACTTCGGCAGTTTATTGAAGAGGTCATCCGGCACTTCATCAACCGTTCGAGTCAGCGGGAAAAAGCGGCACTAAAACTGTGGCAGGTGCACCGAGAAGAACCAAAGGTCAATCACTCGGTTGCCCGCTCTGTCCCCGAAGCTTACGGCGTGAACCGGGATCATATTCCCGACGAAACGCAGGTGCTGGTGGGTTACTGCAACAGGCAGGAACAGTTTGACTGGATTCGGGCGAAGAAACGCTATAATTTCAGAACAGACGGCAGTCAGGGTTCTCTTGTGCTTGACAGCAAAACGGTAACTGCAAAATACTTGCTGATCCACAGAGCGGGGAAGGATGAAACGGCTGAACTATGGGAGATCATTTCGGATGGTCCGGAAGTTTTTTCAAAAGAAAAGCTGCTCCAAATGGACTATCCCGGTCCGTCGCAGCCCTATTATCTGGTAATCAAAATCAAAAAGGCTTCAGCCGGGGAATTCAGGGGTTTGGTATGGGAGCATGGTAAACTTGCCGGTTATAAAGAAGGCTTAAGGAAAGGGCTGCCTTTCACGGTCACACTTTCAGAGCTGATGGCCGTATCCCGTAAAGTACCGGTACTGACCGGGGAGCCCGATTAAGCAGGGTTATTGTCGGTAATTTCCGCAAATACCCGGTTCAGGGCTAGTTCCCCCTCATCCCCCCTCAGCTCACATTCCCAAACGACAATCACTTTCCAGCCTGAAGCCCGGAGTTTAGCGTATGCGGCGGCGTCACGCTCACGGGTGCGGCTGATTTTGTTTTCCCACCATTCGGTGCGCGTTTTGGGCATCACAAATTTGGGGCAGCCCTGATGACCGTGCCAAAAGCAACCGTTAACAAATACAGCGGTCCGGTATTTACGGAAAGATAAATCCGGCTTACCGGGCAGTTTTTTACTGTGCAGCCGGTACCGGAGTCCGCGCCGGTGCAGTCCCGAACGCAGCCGCATCTCCGGCTTCGTATCCTTCGACCGGATGCGGCTCATGTTAAAACTACGGGTTTCGGGAGTGTGGACGTCGGCCATGAAAAGTGAAAGTTTGAAATGATGGAAGCCTCCCCCCCTAATCCATCCACCCCGGTTTGCGCTTTTCCAGAAATGCCTGGAAGCCTTCGAAGCCCCAGGGCCCGTCGAAGATCCGGCGCTGATAGCCGGCTTCGCGGGTGAGGGCGTCCCGGATCTGCTGAAAATGCACTTCTGCAAGGATGCCATCCGGCGCACATATAGTAAGAATGTGCTTGATTCCGGGGACTTCGCCGCCAAGCGGCAGCACTGTCATGAAAGCAATCCCAAACTTGTCGCTTTTCCGGTGAAGCCCTCTCGCAAAGGGAAAATTTCGGCCGGCGAACAAGCTTAGGTAATTTTTTCTCCCTGACTTCTCTGAATATTTGGTTCAGGGTTACTTTCACATTATTATTCCTCATCCGTTCACATTCCCAAACGAGAATTACCTTTTTTCAGGGCCTTCAAATACCTAATCACACCCATCCGTAAAAAGCAATATAATAAAGACCAATATTCCGATGGGTGTTAAAAAAAACTTGATCAATCCTTCAAAAAATTCTGTGATTATATCAAACAGGCTCATTTTTATCTCCGTTTAGTATTTATCATTTTAGTTATTTCAGGTGTTTCCAATACTTCAAAATCCGATCTCGCCGCTGCGGGCAAACTGCCGGCTGATCATTTCCTGCCTGATTTTGATTTTCCGGTAAGATTCACTCAAACTCAGGTCTTCCATATAGGATTTGAGGAAGACTTCCTGCAGGTAGGCGAGGGTTAGTTTTCCGCTGACATCTTTCAGGAAGCCAGAGTTAAGTTCTTTTTCCGGAAAGTCCTGTTCCATTACATGCTCGAACCACTTTATGATGAATTCCGACTGAAAATCTTCCTTATACACCGGGATGATTTCATCAATCCGGGAAGGCCGGTCTATCAGATTGTAGGGGATGCGATCCGGGTGATTCGTGGTGATCATGAACAGCACATTTTCCTTCAGCTTGGGTGAATCCAGCAGGTTCAAAACTTCAGCCAGCGACTTGTCTTTTATCAGTTCATAAAGCTCTTCAATGATGATGATCTTCATCCGGTCGCTCAGAAAAGATGCAAGCGTATCCACGCCCTTCAAAAGTTCTTCGAAGCTGTTCCGGGAGTGTACCCTGATCACAACGGCTTCCTGCTCTTTAATGGCCCGCTCGGCCATTTGGGCAATGAATCTGCTTTTGCCGGTTCCAGGATCTCCGCATAGCAGAAAAGACCTTTTATAATCGAGTTTTTTCTCGTTGTAGAATGCCTTTGAGGCCAGAAATTTATCAACCGATTTTCTCAGGTAAGCAAACGGCTTTACGTACGCTTCCACTTCGAAGTAGTTTTGGGAAATGTACTGCGTCTGCGCTTCTGTGCTGTTTCCGAAGGCGGTTCGGTTGAGGCAAAATTTCCGCGCCTCAGTATCAAAAGCGGGCTCATAAAACCCGGGTGGCAAATAGCGCACAAGTTCGTGATAGTCAAATCCATAGCCGCGGGCTGTTTTTACGATGCCCATCTGTTCGTTTATTCCGGGGTTTTGCATGCGTTCAAAGTAAGCGTTTTTGTTTCGGACCTCGCGGGCCCACCTCTGTTTCCAGTCTGCTTGCATTGATTATTTCCTCCGTTTTCTGTTGCAGGTTGATAGGAGGCCCGCTCTCACAGGCTTACTCAGGTCTTTCCGAGCCACCCTGTACAAGGCCGGTTGCAATGCTATCAAGGGTTTGCGGAAGGGCAAGTTTTGCGAGCCAGGAGCCCGGAATGGCGCTCTTGCCGTAGAAAGCGCCGGCAAGCTGACCGCATACAGCCGCGGTTGTGTCGGCATCATCGCCCAGATTGGCTGCCATCAGCACGGCATCTTTGAAGGAATCCGTGGTAAACAGACACCAAAGGGCAGCTTCGAGGGAATCGACGACATACCCGCTGCCTTTAATTTCTGCCCTGCTTTTCTGCGTGAATCCTCCCTGCTGCAAGTCGGTGAGTCGTCCTGTTGATCTGAGGCTGATTTTGCCGAGCGTAACGAGCATCTTTTCCCTGCTGCTGCCGGAAGCAAGGTGCCACAAGGCGGATGCCATCAGTTCACAGCCATCGAGGCACTCGGGTGCGCCGTGTGTCGTGCGGGAGCTTTCGGCAGCGTATCTGCGACAGACTTCCTCCCCCTGCCCGTGGAAGTACATCACAACCGGTGCAAGCCGCATGATGCTGCCGTTTCCGGCACTGTACGGATCGGTTGAACCAGCATAAGGCTCGTTAAGCGCCTCAAATTTCTGCAGGCTCCGGAGGGTGGTGATGCCGATATCGAAACAGCGCCCGGTACTGCTGAGGTGACCTTCACTATGCCAGCGCAGATAGCGCCTCATTTGGTCAGCCGGGTCAAAGCCCTTACATGCAATCAGGCTTTCCCCCAGGCATAGCGCCATCGAGGTATCGTCGGTCCATGCACCGGGCGGAAGCCCGAAAGGGCCGCCCCCAACAATATCGGTTAGCGGGGGATTGCTGTCCCGCGCGGTAAATTCAAGGGTTGTTCCCAGCGCATCTCCGGCAGCAAGGCCAAAGAGCATTCCGGTGAGTTTGTCGTGAAATGGTGTGGTGTTTTGAGAGCGGGTATTCATGATGGT
NZ_CP027806.1_gap34	1068988	1072637	3649	ATTTATAATATGTGTCTGCCGCGGTGAACCGGCTTCAAACCATGCTGCAAGATCATTAAAATCACAATTAACATAAATCGCCTTCGCGTAGCCTGCCATGCCCTGCTGTTCAACCTTTAGCACCATTTTCACAACATCCGTTTCTTTCCCTGCAAGAAGCTGCTGTTTCTCCCTGAGCACCTCCATCACGATCACACGGTCAAATCCGGACTCAATCCAGCCTTGCTTGTAAGCGGGCTCGCTGCAATAAATCCCGGTATTTTTATCATAGAGCACATAACCCGGCTTCAGTTTATAAAAAAAAGCAGCTACCTGTTCACTATTGTCACACATCAGCAATTCTGACCTCGTCCAGTAAGTATAGAGGCTTTGGAGGAGCGCAGGCGCTTCTTTGGCCAAAGTGAGTTCAGATAATAAGGGGGAAAAATCAGTTCCGCTTCCCGGATAAACAATATAGTTGTCTGTGGTTGGTAGTTGCAGCATGGAGCTTTGAAGGTGTGCGGTATGTGTGTCCAAATTTTGTTGAATTTTAAATATACGTGTTTTATGCGTGCCATAGCGACAGTTATCAGGGGAGGGGCGAGCTCCGGTCGTATTGGGTTCACCATTGACCGCATCGGTGCTTTGGCTGAGTAGCGGTGTTGTGGGTTTTAGGATTTTCAGACGGTCTTTTTCTTTTTCCATATTTCCGGTAGTAAGATTTATTAAAACGAACAGTATCAACAAAGCCCTGCAGGGCGTACCTGCGGGCACTGCAGCTTGTTGCATGAGCTGAGCTAATCTACATCAGTGAAAATCCGCTTTGCGACAAGATGGGGCAGACCAGAAAAAAGTGCGCTTTTCACGATATAAACGCATGTTTACTAATTTGGTAAATAAATAAAATGCCTTTTTGGGTATTTGGAAGGGTCTTTGGTTGGAATTGATTTTATATTTACCAAAATAGTTTGTATATTTGTTTGGTTTGAATGAGCAGCTGAAAGAAACAGTTTTATTTTGCTGTTTTGCTCACGTGATGGCATCCCGCCGAGATTTTTCGGTGTTTTCTGATTTGGTAATTATACCCGCCCGCCTTCCTTTTTTATTCAAAAGTTCCAAACCTCAGGCAAGTATTATGACTATTGATACATACTTCAAAACTACTTTCAACGCTGATTTTCAAAAGCTGACCTTCCGTCGTGTTGCTTTGCGCAGCCGAAACAACTCCGGTGCACTCCAGCCTGGTCTTATCTTCGGAGGCCGTCATTGGCGCAACATGCGTCAGGACCTGAGCGCAGTACCCAAAGAAAACCGGGAGTTGTTTCTCTGGTGTCTGTTCCTGCTCAGTCTGACCGACCAAACCATCTTTGCCCATTTCGGGCACATCTACCCGCAATGGTCGCGTGTTACCAACCTGCCCAAGTTTGCCTGTTTCGGATGTTGTAACCGTATACAAAACCCGTTTCACATCCTTGAGAGACCCGTACATGATCCCGCCGGCGGCAGACTGCTCCGGCTGCCGATTGCACGTTCCCGCATACCCGAAGCCGTGAGCACCTACCTCCGTATGCTTGAAAGCTCCTCTCCTGCCCACCTTGAAAACCTTGCAATAAACGACTTCGCAAACGCAACGATAGCCGATCCGGATTTTCATTTCGGGCATGGCATGCTTGCAAGAGCCTTTCGTGAGGAATTCGCCGTACAGCTGGGGTTTGCAAGTCGCTGCGAACCCGCTGCGGCCCCGGAAGCTGCTGCCTGATCCGGATCGAAGCAGCGGACTTTCCCCTCAGGTCCGCTGTTTCTTTATCAGCTCTCCGGTCAATTAAATCCCCTCAAACGTTAAAACCCAATACCATGGATCTTCACGCGCTACGTTTTTATATCATTGAAAGAATTCTGAAAGATGAGCCTAAGAATGGTTTTACACACGAGCAGCTCCACAATGAAATGGAAACTATTTTTGACGAAGTTTCTGATAAATCCGTGCGCACCATTCTGAATGGTCTGGAGGAATCAGGTATTCTGCGCACACACAAAGAGGGTAAGGTTAAACACTATTTTTTGGATCGCAGTAGCATGATGTCGATTGATCCCGAGCATGCTTGCGAAATCTACAACAACGAGTATATCGTTATAGCCTCCGTTTTTAGCGCAATGCTAAACGAACTCTACGCCACAGATCTCAACCATGCAGCCAATGCCTTCCAAAAACAGCTTGGCTATGTCATCAATATCCCGGATGCACGTATCAAAATTGACAGCATCAGCCAGAATATAATGTTTGATGTGCTTGGACTTCGAAAACTCACAAGGGGGCACACCTCTGCTTTGGTGCAGCTGCTTCAGAAAACAGGACACAAAACTGAAATCGAGCTTTCTGATGGCAGTACGCGCAGCTTTGTGCCCTATGTACTTGTACTGCGTAATACCGTACCTGTTCTGTGCGGTTACGATGCGGAAAGCCACACCTACAGTGAGCTTTTTCCGGATGAAATTGTTCGGGTCAAAAAAATCGGACGGCTTTATGAGGCTACACTGCCTGATGCAAGCGAAAGGGCCAGGCTCGATATCGCCCATCTTGCGGTCGGGCGCCCATCCGCCAGTCAGACTGAAGATATTGTCCTCGAGCTCGATGATGAAGCTATTGCCCGCCTTCAGGCCAAACCAATGACAATTGATTTTGAACTTGTACCGAAGGAAAATAAACTCTTCATCTGTCACGCCATCACTACGGATTTGGCAGATTGGATCATTGGTCTGGGTAGTGGGGTAAAGGTCATAGAGCCCTTTGAAATGCGTGAACGGGTAAAACAACGCCTTCTTGAACTGCTTACAGCGTACGAAAGCAGCGATATTCAGGTGGCCTCCTGATTTTACCAGGCTAAAAACAAGAACTAGACCCTTAAACAAGATCCAAATTTTATGAGCGCCCTCCGATTCCAGCTTACCATTGATACCGATACCGTCCTCATATCCCAATCCCCAGCCGGAAAGAAAAGCCGGGTGAGCCTTACAAACCTTGACCAAAGCAGTGTGGAACAGCTTGTAAGGGGTATCGAAGATGCCGGCCTCACTGAAACCATACTCGCTCAGCTGGCAACAAACAGCAACAGCAATGCAGTAAATGCATCATCTGAAACAGAGACAAGGCTTCTGAATTATACCGTTTATCTGGGGCTCAGCGGTGAAGATTCGAAAAGCACCCCCGAACAATCAGAAAAAACGACCGAAAAGATTTCATCAATCCTGAATGACATTCCGGAAATAGACGGGTTCACTATCTCCCGCGCAACCGGCAACTATCGCGGTGACACAGAAGACGTATGGCTCATTCATCTTGCCGTTGAACACCCTGATATCTCCCGTAAATGTGCCCGCGCAATAAAGAAATCTTTTGGTCAGCGTGCCGTAGGGCTGACGCTTAACGGCCTTTATGCCCGCCTCCAAGATTTGTAATTCAGTCGGCCCCGAAAACACTTCGATTCCCTAAAAAGTAAACAGCCCGGGCTATTCTTCTTACCGTTCATTTATATAATTCACACTAACATAAGGTACCCGTATGACACTGAAAGAAAAGCAGGAAATTTATTTCAAAAAATTTGGTCAGGATGCGCCTGTACCACCAGAGCACATTCTTGATGTCGTAATCAGAGATGACTATGAGGAACGC
NZ_CP027806.1_gap35	1080269	1081915	1646	GGATCCAGGCTTGCCCCGACAGAACAGTACTTTTCGACCGCGAGACTCACGGCCCGCCGCGCTTTTTCCTGGTTCAGCGCGCCTTTGAGGGTAAACACCAGCTGAATATCGGTGAAAGGCTTCACATCTTTGCCTTCACCGCGCCTGCCCCGCGCACTTACGCGCACGTCTTCCAGCGGCTCGCGCTGTTTTTTGAGGATGGCTACGATGTCGAACACACTGCAGGATGCGACAGCGGTAAGCAACAGCTCCATCGGGCGCATGCCTTTGCCTTCGCCCCCAATAGCTGCAGAGCCGTCAATTTGTACGGTGTTGCCGTCTGCGTTCGAGGCTTCAAAATGGACGTTGTCGTTGCGTCTGTGTAGGGTGATTTCCATGATTCGTTTTTTTAAGATTGGGGAGGGGAACAGCCTGCATTACAGCTCGGTCTGAATCAGCCGGCTGACGAGGCGGCCAAAGTCTTCCTTCCGGTTTTCGGCGGTTTCCTTGACTTCGCTGTGATCGAGTTTGCCGGTGCTTACGCCGGTCGCCATATTGGTTACCAGGGTGATGCCGATGGTGAGTATGCCCAGGCGTGTGGCTTCAGCCAGCTCGGGAGCCGTGCTCATGCCGACGACATCGGCGCCCATGATGCGGAAGGCGCGGATCTCGGCCTTGGTTTCGTAGGTCGGACCGCTTACGTACAGGTAGGTGCCGTGCTGCAGTACGATGCCTTCGTCGGTCGCAAGCTGGAGGATGCGGCTGCGCAGGGGGACATTGTCAAAGCGGCGCGTTGCTTTTGGCGTGCCGCGCAGTCCGTAGCTCAGGTTCGGTCCCATGCAGTCGGTAATCAGCAAGAGGTCTCCCACCTGCAAACGTCCGCTGATGCCGCCTGCCGCGTTGCTGATAATCAGTTTCGGAATGCCCAGCCGGTGCGTGATGTGCACGAGGGCGAGCGTCACTTCCATAGGGTAGCCTTCATAGCTGTGGAAGCGTCCGCCGAAGGCCAGCACTTTTTTGGTGCCGATGGTGCCGTAGTGAATGGTTCCGGCATGACCTGCAACACTAACCGTCGGCATGCCGGGTAGTGTTGCATAAGGAATGTCCAGGCGGTTTTCCAAAAGTGTGGCAAAATCTCCCAGTCCCGATCCCAGAATTACGGCGGCGTCAGCGCCTTCAATCCCATGTTTTTTTAGTCCTTCGAGTATGGACTCAAGTTTAACCTGCTTCATAATGAGGCGCTGTATTCGTGATTTGATACCCCTTCTCGTCATCATAGCCGGAAAGCCGGAACAGGGGGTGAACCGTATCGTGATAGGCCATGAGGATGGCGTTTTCCTTGTAAGCCCGTTTCTGAATTTCTTCCCGCAGCTGCATGCTGCGCTTGCCGTCGTAGTCGTATTTGGCCGCATAGCGCCGGTTTACGGCACCGCGCGTTCCGAGCACATCCCCGGCCATAAGCAAAAGCTGATCCTGAAGGCGGATTTCTGTCATGCGGCTGAATTCGGTATGTCCGCCAATGCAGTAGCTGCGCACGTACTCGTTGATCTGCACATCGTCGTCCATCAGCTCGAGATCGGCGCGGGCTTCTATAAAATTGACAAACTCGGCATGCGGTACTTCTTCATCGGAGGTTTGCTGCATTTTCGCCCACTCCTTTTCCGAGG
NZ_CP027806.1_gap36	1128679	1130968	2289	GCAGCTGAAGAACAGCTTATGAACCGCCTCAACGCCATTGTTGCCTCATCCGCTGACCCATCATTTTTTGAAGGCCTGCAAGATGAGGATATTGTTTGGTCAGAAGGATTCACCGAAGGAATACCCGAAAGCTGGACCGTAACGGATGATTCCGGTAATGGCTTTACCTGGGTTGCCAATGAACCTGGTGGAAGTACGCCTGATTTTGACGGTTTTGCCATTGCTGACAGTGATGCAGCCGGTTTAAGTGCTGGTCAGGTTGCCACAACAATGTCAACCGAAGCCATTGATATCTCCGGACTGGATGAAATTTCCTTTATCATAAGTCACAGCTATCAACATCTTGGTGATCAATCCGGACGTATTGAATGGAGTCTCGATAATGAAAACTGGGAGCTGCTTGCCGAATATACCGAAAGCACCGGCTTTCCTGGTGGTATCGAAGAAAGCTTCAATATCACGGACGCGGTTGCAGGAAACGACAACCTTTGGTTTCGTTTTGTATTCGATGATGCTGGCGGTTGGACTTGGTGGTGGGCTATCGATGCCGTAACCATCTCCAGCGCTACAGATGACAATGGTGAAGAGCCTGATCCTGATCCGGAAGAATTCATTACACACGTAATTGATGAAGTAGCTTATGCAGGCGCAAGCTTCCGTAATGTAACAGGTGATGCGTTTCTCTCGGGTGAGCTTACCGCTTTCGATCCTGATTTTGCGATTATAGAACAGGCCGGGGGGACATGGAGCAATGATTTTGCTGTCATTCTTACCGATGCTCCTGAACTTTCGGAAGAATCAATAGTTCTGCAAATTGGTGGCGCAACCGCTTTCAATTCTGAGTCTATTCTGCTTGATTGGGTAGGCGGGGTTGGAGATGCAGCCGTAACGGATGCTGTTACACTGCCTGAAGCGCTTGATCTTGACGGCCTGTATGTTTGGGTTGGTAACGGATGGGCGTCCCCGGCGTCTGTGGGTGTTTGGAGCGGAACCATCGATTTTATCGGAGCCGAAGGAGAATTTGCACCGCCGCTTGAATTTGCGGAACTTCAGGTTATCCACAATGCAGCCGATCCTGCCCTCGCTGAAGTAGATGTTTTCATCAACGGCGACCTGTTTGCAGCGGATTTCCCGTTCCGTGGTGCAACCGGATACCTTACCGTAGATGCTGGCTTTACCCTTGATATCGGCGTTGCCGCACCTGGTGAGACGGAGCCGCTTCTCAGCTTTGAATTTACCGGTGAAGGCGACGAGGCCTATGCCCTGATCGCACAAGGTGTAGCTGATCCGGCTGCTTTCGCACCAAATCCTGATGGCATTGATACCGCCGCAGAGCTGCTGCTTGTTGAAGGCCGCCGCGATGCCGCTGAATCTGCTGATGATTTCGAATTCTACTTGCATCATGGTGCAACCGATGCGCCGGCAGTAGATATTTTCGTGCGCGAACTCGACGCCACCATTCTGAGTGACGTACCCTATCTCGCCTCCTCAGATTATTTCAGCGTACCAGCTGATGTTTACACCATCGAAGTACGTCCGGCCGGTACAGAAACTGCCGCGGCTACCTTCAGTGCAGATGTAAATGGCCTTGAAGGTGTGAGCGCCGGCATTCTGGCATCTGGTTTCCTCGATCCTTCCGCCAATCAGGATGGAGAAGCGTTTGCCCTTGCCGTTGTTCTTGAAGACGGAACCGTGGTAACGCTTGAGCCGCTTCAGGGCCCGATTCTTACGGTTACCCCTGGTGAGATTGAGTTTGGCGATGTAGCTGAAAACTTCGAAGTGTCAACTGATGTAACGTTTACCAATTCCGGAGTTGCCAATCTTGCAATTCTTGATGTCGAAGTTGAAGGCAGCGCGTTTAGCATTGATTTTGCAGACGCTACAGTATTAAATCCGGGTGCAAGTGAAACTTACACGGCTACATTCAGCCCGGATGCCATTGGTGAATTTACAGGTGAAATCATCATTACCAGCACCGATGCGAACAGTCCGACCACTGTGCCCCTATCCGGAAACGGCGTAGCCGGTTCAGAAGTCGTATTTGATCCTGCCGAAATTTTGGCAACGCTTGCAACAGAACAGGAAGATACATTTGAGCTCACGGTCAGCAATGAAGGTGCCGGCGAGCTTGAGTTCTCTTTCCCTGACTATATGATGGAGCGCATTCTTGACGGAAACGACCGTAGTATGGATGCCGTCCGCGCCCGCATGATGACCTCTGTTCGTTCTGCTTTTGCAAATACACAGGAAGCGATTCAGGCAAACAATGAGCGTTTCGCCATCAATCAC
NZ_CP027806.1_gap37	1231343	1235279	3936	CAGGATTCCGGTCCCTGAAACAGCATCCCGCGCAGGTGTAAATCGGCCTGACGAAAAACAAAGGCGTGCTGCCGCAGGTTGAACCATTCTTCCTGCGTGAAATCATCGGGTTGCGGGTTGGCCTCGAGAAGTTCGGTGAGCTCGAGGATGTCGCGTCCGCAGTGCTCGCCGGTGCGGGCAACATGCTGCAAATAAGCGCGGTTATCCCCTCTGAAGCGATTGATACACTGCGTGGAAACGAGCAAGGCTGTGCGAAGGTCGCCTTCAAAGTGGTCGGCTTGTGCACGAAGCACCCGCACGGACTCCGGCCAGCCGTACACATCCATCCCGTAAAAACCTACTTTTTGAGCATCCTCCGGAAGCGCCGCATTCCACGCGCGCAGCCACTCTACCAACTCAAGCGTCTCCTGATTGTTCCACATCCAGCCCGGCCAGCGCGTGAAATGTGCGAGGGCTTCCCGGGCGGAGGCGGGTGCGCCGGGCAGCTGTTTTACGTATTTGTTGACCTGCCAAGCCGCATCCCAGTCGCCTTCCACTACTACAAAATTATAGCCGTGCGCTTCAATCAGAATTTTGCTCAGGGCCGCCCTAAGCCGGTAATACTCCGATGTGCCGTGCGTCGATTCGCCGAGCAGCACCGCCCGGTGACCCGCGGCCATGGCTGCAATTTCCGGCAGACTTTCCTCCGAAAAACTCCGAAACAGCGGGTGTTCATTCTCATGCTGTGCTTCCGTCGCTGCTAATCCGGTCTCAGAAGCATCAAGCTGTAAGGGCAGCGTGAGCATCCACACAATTAGGAGCGACAAGAGTGAAGCGGCAGTCTGTGTAAGTCCGGATCCGGACGTATCATCTTGAAAAGAATAGGTCATAGCGGTGGGATTCGAAGCATTAAGTTCAGCCGAAAGAGCCGGTGATTACATGATGTGCCCCGCCGTTTAATGCGCGGGACTTTCTAAAATAGCAATTCCCGCGAAAAACAGATGAACCGGGATCAGGTAAGCCGTTTGCGGCACGCCTGTCTCTCTACATGACTCAAGGATGATGCGAACCGCACACCAACTATCGGGCAGTTGTAAACTGCTAAACCTGCATTCAGGCATCAGCAATTGCAGAAGGCGGAAGTAAGAAGACGGAAGGCAGTGGACGGAAGACGGGGGACGGAAGATGGAAGACAGAATGAAAAAACTAAAACGTCAACCGTATTTAGGCATCGACACGGAGTTTCCCCAAAAAAACGAAAGTCGGCACAGCTACAGCCGTTTGGAAAGGTTGAGTTGTCTTCCCAAAACATTTTTCGTCGGGACAGTGCGAACGTGGGTTTTGCCTGGTGCTGCAAGTTGCAGCGCGCAGAAACAGCTTGTTTTATCAAAACCCGAAGGCGTATTATGGGTATGCTGATCTTCATTTCAAACACGAACGCAAATAAACCATGCTGAACATCCCGCTGAAACCCGCTTTTGGGACAGCCGCCCTGCTTGTATTGTTGTTGGCCGCCTGTACCCCTGAAAACGAGCTGCCCGATCCCGTTCAGGCGTGGTGGGAAGGGGCGTCAGTTTGCGAGGTGCTGGAGGAGAACCGGCATATGCGGGCGCTGCGCTGCACGTTTCCGCCGGGGGGGGGACATGAGCGGCACTTCCATGACCGGCATTTTGGCTACACCGTGCAGGGCAGCCGCTTCCGGATTACCGATGCGACCGGTACCCGCGAGGTTGATGTGACAACCGGTGGCCATTTCTACAGCGATGGCATCGAATGGCACGAAGTGCTGAACATCGGGGACAGCACGGCGGTGTTTCTGATTATTGAGCTGCGGTGAAAACAAGGCGCGCGGTTGCGGGCAAATTTTTTCGTCAAACCAAAGGGTATTTCGACACCTGTTTTCGCGCACAAAAAAAACTCCGGGAAACAAATCCCGGAGGTTGACTAAAAAAGTGTACCGCAGCAATCTTGCTTAGTACTTCACCGAGCAGCCGTAGGGGCGGGTCGTTGGGATGGCTACGGGCTCGCCGGCCATTGCGGCATCGAGGGCGGCTACGAGGTAGTTCTCGGCTTCGGCAATGGTATCGGGGTTGGCGCTTGGTACGCTGTCGATGGCACCGTCATACAGTAAAATGCCGTCCGGATCAATGACGAACATGTGCGGGGTAGTGCGGGCATTGTAGGCACGACCCACATTGCCGGGCTCATCAATCAGGATGGCGTGCTGCGCGGAGTTGTGTGCGCGCATGGCTTCGCGGGCCTGTTCCTGTGTGAGATGTCCCTGCTCGCCTTCGCGGGAGGAAATAATGGAGAGCCAAACGACATCATGCTCCGCATAATGACGCTGAAGGCGCTGCATTTCGCCTGCGCCGTAAAACTTGCGGACAAACGGGCAGTCGTGGTTCAGCCACTCAAGCACGACAAAGCTGCCGCGGAAATCCGAGAGGCTTACTTCTTCGCCGTTCTGATTGACAAGCGTGAACTCAGGGGCGGCTTCTCCGATAGGCGGAGATTGCGGGCTGTCGCCGGAACCGGCAAAAACGCCGCTAAACAGGCCTGCAACAAGCAGCAGGCTGATGGTAAGAGCTAACTTTTTCATGAGCTTAGAGATTAGGGTTAGGATTGATTCAGGGATGGTGAGATTCGATATGGAACGCCCGGTTGCCGTGTTCCGTGCCATGGACGAGTACGCCGGCTACGCTACCGGGCGTACTGTGCGCGTACCGGGAAAGGCGCAGCTGCATCCAGAGGGCGCCATCGGCAGTTTGGATTTGCTGTGCGGCGGTGTTATCCACGAGATCATCGGCGATGGGGTAGAACCGCAGGGGGTCGGTTTCGGGATTGAAAGCCGAGGCAAGCGCACCCTCAAGGCGCAGGATGATGTGACCCTCATCGGTGGTGAAAGCCGGATTCAGGTCATGGGCTTCGGCGGGAAGTTTGTCACGGAAGCGTCCGAAAAGGCCGGCATGTCCGGAGGCCTGCTGTTCTGCGGACTGCACCTCAACGGTAATGCTGTGCCGCTCGAAGGCCGGCAAACAAACGGCTTCGCATACAAGGTACTCAAGCCGGGCTTCGAGGGTGTAACTGCCCGGTTCAACTGAAGCGGCAACCGAAAGCGGCTGCATCAGCAGGGTTTCGTCTTTGTAGCCGTAGGTGATAAGGTGCCCCTCTTCGAAGGTGCCGGGAAAGGGCCACTGGATGTCGCCGGTGCTGAAGCCTTCGGGAAGCTCCCATGAAATGCGCGCGGCCAGTCCGGAATCGCCGGGGTTGCGCCAGTAGGTGTGCCAGCCGGACTCAATGTCAAAATGGAAGCCGAGGGTTGTTGATTGTCCTGCGGCGAGCGGCATGTGCTCGGAAATCAGGCTTACATCCACATGGTCGGAGCCTGGACTAGGTTGCGCGAATACGTTTGTTTGAACAACAATCAGGCTGAAAAACAGTGGTAAAAGGTATTTCATGCGCGGTTTGGTTGTGATGAAAAGTTAGTGAGATATATACAAAAACAATCCAAGCCATGAAACTCCGCCGCCAATGCCTTTACATTTGGTGCGAAATCTTTGAAAATCAGAAGTTTCGGGAGGGGACCTCAAAAGCGTCTTTGCATGCTGAACCCGCAACAATTATTCGCCGAGTTGTTGCTATGTCTTATTTGCTGCGTATAGCTGACAGGCCAACAAGTCTTCCAATTCAAGATCAGAATAATCCCGTAGAATTTCGTGCATATCCATTCCGGAATTCATGAGTTCAAGAAGTGACTCAACAGGGTATCGCAAATTTCGAATGACCGGTTTTCCGAAACAAATATCCGGGTTTTGTGTGATTCGGTTGAGGTGATTGTCGCTCATGTATAAAAATAGTAAGGATGTGCTTATTGCCTCGCGGATTTTAAGGATTAAGCAGGATTTGCGCGGATTATTTTTAGGATGATTCCAACTCCAAACCCCGCTCCGCGTCATC
NZ_CP027806.1_gap38	1237822	1238565	743	TCGTGAAAGACGGCACAATGGAGCTCGGTCCCGCATTGGTGATGTCGAACTGATTGATGAACTGCCGGTACAAGCCGCCGGCAACACGCACTGACCAAAATCCTATAGCTGATTTCTGACGATCATACTGCGCCTGCGCACGCGGCTCCAGAAAGGTTTGGTTGGAACCTGTGAGGCGGGTCAGGCGCGAGCCTGCGGTAAAACGCCAGGGGCCGGGCAGGCTGAAGTGCGTATTCAAATAAGTGCTGAAGTGTCCCGAGCGCTGTTCATCGCCCGCGGGCAGATAAAAGAGCGAGCTCAGATCGAAGGATGAGGCCACAAAGTCGGCCTGAATTCCGGCGGATAGTGAAAGCCGGGGATTGATGGCGTAATCGGCATCTGCGCGCCCGAGAAAATGGCGGATTTCATTGCGGTCGTGCTGCAGGGCGCCATGCCCGAGGTTTTCACGGTAGAGCGAGAACACTTCGGCATCGCTGAGCGGCATTTCACCGGCAAGTGCGGCAAACACGCTGTTATCCGCCATAATATAGTTGTGCCGCATCCGGTTGCCGGAGAAACCGGCCTGAAAGCTCAGGTCGAGGCGCGGACTCACGACCCAGTCATAACCGAGCTGCGCGACCGTGTTTTGCCAGTTGTAGTGATCGCGCGAAAACATGAAGCCGTCTTCAAAAAACTGTTCCCGGGCAAGTACATCCGTCTCCACTTCATTGAGCCCGCTGTAGAGCGAAAAATTAATCCTGCGA
NZ_CP027806.1_gap39	1239784	1240500	716	GCAGGAGACTCATCATCCCCAAAAAAAACAAAGAAAGTACCCGCTTGCCGGCGGGTACACTCGTTTTTATTCGGGGGAAAAAAGATAGGATCAGGTGCTGCAACATACCGTGTTCCTGTTTGGAAATGCAGGGGGGTGAGGTGTCGCGGAAAAAGGCTTACCGGTGAATACGGAATCCGTTGGCCGTTTGTGAAAATTCAAGATTTTTCACCGTACAGATTTCAGCCAGAATGGTTTCCAGCTGCGGTTCTGTGTAAAAGATACTCAGGCTTGCCCCTTCAATATCGGCTGCATTCACTTCAATAGCTACATCAAATTTGCGCGCAAGTTCATCAAAAATAACAGAGAGTGGCTGCATGGAAAAGGCGATCTGATTGCTGAGCCAGGCCTGCGGTTGTGCGGCCTGTGAGTGAACCGGCTCGGTTGGGATGAGCTGACGGTCGCTGAGGCTACTACTTTTGCCGCTATCCACAACTACACTCTGATCGGCAAAACCGGTGCGGAAAAATTCAACCTGACCGGAAGTTACGCTCAGGGTTGTGAGGCGGTCGGGGTCTGTGTGCCAGGAGCGCAGGTTGAAGGAGGTGCCCAAAACCTGTACAACATTGTCGTTAGCCCGCACGAGGAAAGGCGTCTCGTCTGCCTGTACCTGAAAATAAGCTTCCCCGTTGAGGCGCACACTGCGGTTGGTGTAGCCGAAAAGCCTGTTAAATCCG
NZ_CP027806.1_gap40	1328033	1330120	2087	GAGTAAAACCACGAAAGACCGTGATGTTCACGGAGTTTCCCCCAAAAAATAAAAAAAGCCGGATTACCAGCTCGTAAGCTTGAATCCGGCTTTGCGGGAATCTGAACGGCCTGTTATTTTTTGTCAGAAGCGGGCAGAGAAGCGAAGCATTTCAAGACCGGCTGACTGATTTACTGCGGTTAGGTTTCCGTTGGGGGTGATGGCGGTTTGGCTGTAAATCGCAGGTTGCAGGGCACTGATACGCGTATTTCCGAAGCTTCCGAGGGTTAGGAGTCCTTCTGACGGACTTGCTGTAGCTGATGGGGTTGCGGCGTAGTCGAAGAAATCGCCGTTGCCGCCGCTTCCGTGTGAAGCAAGGTAGAAGGCGTCGTACAAGCCAAAGGCGAAGCCGGCAAAGGCGCCTGCACCCGCGCCGTACTGCACGCCGTTAAGAATCGGGTTATCGCCAATGAGTGCTATGGCCATGCCGAGGAGCGCGCCCGTACCCGCGCCATAGATGGTATCCATAAATATGATGGCCCCGGAAAAGGGTGCGGTGTTAAAGAAGCCGTTTACCGTACCGCCCTGCGCGATGGTTGCAGCGTCGTAGATACCGATACCAAAACCAAACAGGGTTCCGAAGCCAACGCCAACCATCACGGGGCGATGGCTCGTGCTGTTGGCCAGCGCCATGCCTGCACCGCCAAGCGCTGCGCCGGTTGCTGCACTAATCAGCGTGTTTCCCGCTACAACATTGAGCGATTGGGCCTGCGCGCTTTGTCCCGTATGATGGCTGAGGACAAAAATAAGAAGGCTGTTGAGCACAAGGCTTGTCAAAAATTTCATTGTGTGAGATAAATAGGTTTAGGTTGGATCTGCCAGGGATACCGGCAAAATTTTTCCGTTGAAGAAGCGGTGGGCTTCCGAAGCAAACTTCCCAATATAAGCACCCATTTGATGTGCTTCCACAGGTGCTTTGAGGCCGGGGAAAGCCGCTTCCAGCATTTCGGTTTGTACCGCGCCCAGGCATAAACAGTTCACGCTGATCTGATCGCCCGCCATTTCGGCCGCAAGGCACTCGGTGAGAATGCTCAGCGCACCTTTCGATACCGAATAGGCCGCAAGTCCGGGGAACTTACTACTGCCCTGATAGCCACCCATGCTCCCGATAAAGAGCACGTGTGCGCCGGAGTTGAGCCGGGATTTGCAGCTTCTGACCAGCCGCACAGCCGACATCAGGTTGGCGTCGAGCAGGTACTGCCAGTCGGCGTCGCTTGTTTCGGTGAAGGGTTTGTTGAGCAGCGCCCCGGCATTATGCACAATGCCGTCGAGAGTGAGGTCTTTTTCCGCGAGCAGGGCGTCGAGCCGCGCGTAGGTTGTGTCGTCGCACAGATCGCCGGTCAGGGTTTCGGCGGCGTCGGGCCAGGCCTTTCGGAGCGCGTCAAGTGGTTTGGCACTGCGCGCAAGGCCGATTACGCGGAAGCCTTTGCTGAGCAGCCAGTTTGCGGTCTCCAGACCAATGCCCCGGCTTGCGCCGGTTACAAGTATCGTCTTCATGAATTTGAGTTTTTTTTTAAATAGGGTGATGTGTTCCCGTGCAGCACAAAATGTTGACATAAAAAAAGGGTGCTGGTCTGAAAACCAACACCCTTTAAACTTACGGCATTTCAGCGACTTGCTGAAATCATGCAGAAAGCTTTAACCCGCCGCGGTTAAACCAGCCGCTCCAGCCCCGCTGTGATCACATTCTCATACTGATCTGAGTGGGACTTCAGGGCTTCCAGCTCTGCGGTCAGGCTGGCGCGAAGGGGTTCTCCGCTGCCGTTGAAATTCTTGTTTACCAGTTCCAGCATTTCCAGACGCGGCAGCCACGAAAACGGATACTTTTCCTGCAGCTCCGCATGCAGGGCTTCCAGCGCGTCTGTGCTGACTCTACCCGAGTCACGCAAATCCCGGATTTCCTGATAGATTTCAAAGAGACGCAGTTGCTCGGGCGTGTATGCGTCTTTGATGGTGGTTTTGGTGGATTTCGGCGGGTAAACGTTGAAGTTTTCCTTATCGGCACTGCCGCTGTACACGGACGCGATTCGTGATCCGATACACAGGTC
NZ_CP027806.1_gap41	1335656	1338907	3251	ATACCTTTAACTGCCTTTGTGCTGAGCAGGTTCGTGTCGTAGCTGCGGACGCGCCCGTTTTTTTCACGATGACGCGCAACGGCAATATCCAGCAGTTTTGTCATTAGTTGGGGGAAAGAAACGCCTGATTTATCCCACAGGTAGAAAGAAAAGGAGCCGGGTATGGTATTGATTTCGTTGAAATAGAATTTCCCGCTCGTATCGTTCACAAGAAAGTCGAAGCGCGCCACGCCAGCGGCGCCCAGCTCGCGAAACAGCTTTAGAGAAGCTTGCTGAATGGCGGTGGTGAGCTCGTCAGAAATCGGGGCTGGAATAATGCGGCTTGCGGAAGCCATGCCCTTGCCGGCGTCGCCCATGTACTTATCCTGAAAGGAGAGCAGTTCTTCCGCGCCTTTGGGCTGTTCGCACACGCTCGCTTGTGCGTCGGCGCCGTTGCCGAGTACCGCGCAGTTGACTTCGCGCAGCGGACGTACAGCTTTCTCTACAAGCAGGCGGGCGTCGTAGCGGAAGCCGGTTTCAATGGCGCGAATGAGGGGTTCTCGTCCGCTTACGACTTCGACCCCAATGCTACTGCCGAGCTGCATTGGCTTTACCACTACGGTGCTGTCGAGCGCGAGCAGCTGTTCGAGCAGGGTATCGCGCCCGGCGACCCACTCATATTCTCTGAAATCAATGCCTTCAACAACCGGCACCCCGCAGGAAACGGCCATGATTTTGGCCGCTTTTTTGTCCATGCCCACCGAAGAAGCCATCACGCCGCTTCCGGTGTAGGGCAGGTTATATTGCTCGCAGAGTCCCTGAAAGGCGCCGTTTTCGCCTTCCGCCCCGTGAAAGGCTACAAGCACCACATCCACCGGCCAGCTTTTGGGCTTGCTGAACAGGCCGCCTTTGCGGGTTTCGGTGAGCACGGTCCGGCCCATCGCATCCGTCTGAAAGGCACAGGGCAGGGCTGTTTGCTCCAGGGTTTTCAGGTCTTTGTAGGATTCGAGTTCGAGCAGCTGCGGCCCGGTGAGGAAGCGTCCGCTTTTGGTTACGTAGAGCGGCAGCAGCTCAAGACCACTGTCCTTGAGGGCACTTGCGGCCTGCATGGCGCTGATCACCGAAACTTCGTGCTCAGGCGACGCGCCGCCAAAGGCAATTAAAACATGCTGATACATAGCGTAGGGTTGTGAATATTTTTTTATCGATGGATGGGCCTGTATGCCTGAACCCGCGTAAGGTGCTGTTTAAGCACGGGATACAAGCCGGTGTCAGGCCTGAAACTCAGGTCGCTTTGGGCAGCCGGAACGTCATACGGGTTCCCTTTCCGGGCGCACTCTCGACCGATATTTCGGTACGATGGGCATCAAGGATGGTCTTCACGACGGACAGACCGAGTCCGGTACCGCCGCTATCGCGGGAACGCGCCTTGTCGGTTCGGTAGAAGCGGTCGAAAAGATACGGAATATGCTCGGCCTGTATGCCGATTCCGGTATCTTTCACGCTGATTTCCGCCTGATTGAGCGGATCGGGCAGAAGTCTCCAGCGGACTTCAACTGTGCCCTGCGCCGAATATTTGAGGGCATTGCTGATCAGGTTGTCCAGCACCTGTTCTATCTTATTGGGATCGGCATACACGCTGCAATAGGCAGGCCCGTCAAACACGAGCTTCAGCTTCTTTTCTTCGGCAAGTGTGCTGTAGGCCTGTTCCAGATTCATCATCACCTTGCTCAGTACAAAATTGCGGGGATGTACGAAATTCGGGTCGAGGTCAGAGCGCTGCAGCGTCATCAGGTCCTGAAACAGCCGGTTCATGCGCTGCGACTGATTGCGGGCGCTCTGCAAAAAACGGGTTCGCTTTTCATCGGGCAGGTTGTTCATGTCCAGCATTTCAAGCGCCCCGGAAATGGTATGCAACGGATTTCTGATTTCATGCGCGATATCGGCATAGAATTGTTTCTGCCGGTTGCTTGCCGCCAATAGTTTTTCATTTTCCTGACGCAGCCGGTCTGACATCTGATTCAGGGACTGTGCGAGGGTGCCGAACTCATCTGAGCGGTTCAGCTCGATTCTGTATTCGGTTTCTCCGCCGGCAATGCGTTTGGCGGCCTGCGTGAGCTGTGTGATGGGCCGCGCGAGGTAGTTGCTGAACATAAAGCTCACAAACAGGATGATGGCAATCGAGACAAACATCCCCGAATAAATGATCCAGCGGATGGTGTGCACCGGCTGATAAATTTCGGATTTGAGCCGGCTTATTTCGATGGTGTAGCGCGATTCTTCAAGCTGCAGATACAGGTTGCCGTACACAAAAATGCGGTCGTACTCTTCCCGGTGATGTACCGCAAGGGAAGTCGCGTGCATTTCCCCTAAAATTTCCTGAAGCTCGCCGGAAAGGGTTGTGTAAGCGGTCGGGTCCCAGTTTTGGGTGCGGACAGGCCGCAGCATGAGTTCGCCCGCATGATCGAACACGCGAATGTCATAGATAGACTCGCGCCCGATAACCGGCAGAACTTCTACAAGATCGCGCTCGGTTTTGCTCGTAAGCTGCAGGGTCACCAGAATCTGATTGGCATCTGCACGCATATCTGCCTCCGCCTGATTCATCAGATAGCCCCTGATAAACACAATGGAATAGCTACTGATGGCGGTTACGCCGAAAACCAGCAGCAGGATAAAGGTGAGGGAGAGCTTAAACTGAATGCGCATGGCGGCTGATTATCCCGCCATTTCTCGGTTCATGCCGTAGCCGGTGCCGCGGTAGGTTTTGATGGCTTCCCCCGCTGCACCCAGCTTGATACGCAGGTTTTTAACGTGAACATCAACCGTGCGGTCAAACACGAATTTCTGATCGTCGGAGATGTGCTCCAGAATTTCCTGCCGGGTGTACACTTTGTTGGGCTGTTGCAGGAAGAGTTCCAGAATCCGGAATTCGGTATGGGTGAGGTCAACCCGCTGATTATCGACCTGTACTTCAAAATTGGTCGCATCCAGGTAGATGTTACGGAAGTGCAGCCATCCGGAAGAGCGGGCCGGCTGCCGCCGAAGCAGGCTCTTTACGCGCGCTTCAATCAGTTTAAAACTTGCGGGTTTAGCAATGTAGTCATCTGCACCCGCTTCAAGCCCTGATATTTCGTCGCTCTCCTGATCCTTGGCGGTAAGAAATATGATAGGCACCGACGCAAGAATGGGGTTGTCGCGCATGCGCTTGCAGATTTCCATGCCATTGACCGAAGGCACCATGATATCAAGGATGGCGAGATCAATCTTGT
NZ_CP027806.1_gap42	1360337	1365195	4858	TGTTTGATTTATTTAGCATGAATGTTAATTATTGAGCAAAAGGTTAATGAATTAAGATTGATGTAATATCAACAATGGAAGAATATCTGAGAAGTTTATTATAAATCTCAATTAATTCTTATCAAGAATCAAAGAGTTCTTTTCCTTCAAATAATATTTCGGTAGTAAATAAATAAATGCTAAAGGGGTAAACCTATAACGACCCAGCGTTTAATGGGCTTGGCCTTTAAAGCAAATAATGTGAGAAATTTATAAATAGGGTGCAAGCGCCGAACGCGAAATCATGCCTTGCGTGGCCAAGTCCCATTGAAACGCTTGTTATGGCTCATGTGCTAAAGCCCTAATATTTTTTGCTTCTTTGATTTGAATTCTTCCTCAGATATTACGCCTCTTTCTTTGAGATTGGCAAGCTTTTCCAAATATTCCAGATCAGTAATTTTATAATCATGAGTTAAACTTTGTTCATTCTCTCTGTTTGGTTTATTTTTTGAGAACGATGGTTTTATAAATTCACGATTCGTTATCCGCTCACTTTTCTTTGGATCTTCTCCAAATTCATTTTTTCCAGGGTAACTATCTTTGATAAGCATGAAAATATAAAAGAATAGATTTACTATCGGCACTAACAACAAGAAAACAAATACCCCTTCGAGATTCATGTCATGTAATCTTTTCACCCCCTGAATCATGCTTACTATTCCCAAACCTATAATGATTAGAAGAAAAAATATGATTATACCAGGGTATTGGTAAAGACCAGTATCTGATGGAAATGCAAAGAAAAGATTAGGTATTGCTAGTAGTAGGCTACGAATAAAATATGTACTTCTTCTAATTCGCCCATCGGTTGAAAAAAAATCATCTTCAACTATATGTAGATTGTTTCCCTTTTCTATGATATTTAGGCTACCTGAATAACTTTTAGAGAGAAAATTGTGGTTGCATGTCACGCATCTTGGATAAGCTTTATGCATTACCTCTCCACATTTGGGACACTCTTTTAAACCTTTTGCCATATAAGGTATTATTTTTTAGTTAGAGCCATAACTACTTATTGAGCGACGGTCAATATACTCCCACTAGTCGTATAAGTAAAGAATTATCTACTTATGCGACGCCCGGGTACGCATTAAGTACTTCAATTGTCACTTAATGATTATCCAGATCAACCAATTCTCTGAGTTGTATAAGGAAATACTTATACGATTTCAATCAATAAGTGCACGCTGCGAACCGGAGCAGAAGGTAATCGTTCTGACAGGGCAAGTATCATCGTTTTATTTGCCAAAAATTGTCATCACCGGCTCAATCGGTGCATATCGCTTCCTCCACCTCCCAAACCGCACCCAAACACCATTTCCCCCAAGCCTACCGTGAAATCCGGTTATGCCATGTGCATTTTTCATGGTAGATATTAAAAAGTACCGTGAAAATCGATTATGCCATGCGCGGATTTCACGGTAGGCTTGTAGGGTTTACCGTGAAAATCGATTATATTGTGAGCGATTTTCACGGTTAGCGACCTTTCCGGTAAGCTTCAACATTCAGGACGGAACCACAAATGGATATATCTTTATACACCCGCACCAAACAGGCCAAGCTCGAGGATCTGATGATTGATTACCCCGCGGTCGCAATTGTTGGGGCACGTCAGGTTGGTAAGACAACATTGGCGAGACAAATTGCGGCTTCACGGCAAAAAGAAGCACTCTATCTTGATATGGAGTCACCCCGGGATGTTTCCAAACTTCAGGAAGCAGAGCTCTTTTTTGAGCTGCATGCGGATAAGCTGATCATTATCGATGAAATTCAGCATAAACCGGAGCTTTTTGGCGTACTTCGGTCCGTGATTGACAGCGATCAGCGAGGGGGTAGATTTCTGATTTTAGGTTCAGCATCTCCGGTGCTGATTCGAAAAACGATGGAGTCACTGGCGGGCCGCATATCTTATCAGGAGCTGCATCCTTTAAGCTTTATTGAGGTTGGCGGGCAGGATTTACTCAAGAAGCTGTGGTTTCGGGGAGGTTTCCCCAAGTCTTTTCTTGCCCGAAATGATGATGTTGCTATGCAATGGCACAGGGATTTTCTGATTACGTTTGTAGAGCGCGATTTGTCCGTTTTGGGTCTCAACACGGACTACACCAAACTCCGTGAGTTTCTCATTCTTCTTGCGCAGCAACAGGGTTCACACCTAAATCAGGAAACGCTCGGGCGCTCGCTCGGTGTGAGCCGCTCAACCATTAACCGCTACATTCACTACCTGACGCACGCGTACATTATTCGTTTGCTGCGGCCCTGGTCCACCAATGTTGGTAAGCGCATGGTGAAAGCACCGAAGGTGTACATCCGGGATAGCGGTTATTTTCACTCCCTGCTCGATATTGACAGTTATGATGACCTTCAGGTGAATATCGCGGTTGGAGGCTCGTGGGAAGGCTTTGTGGTAGAGCAGACGATGGCGGTGCTGCCGACAAGCTGCAAGCTTTATTTTTCACGAACCCATCACGGGGCAGAGGCAGATTTAGTGCTGGTAAAACATGGTAAGCCGATTGCCTGTGCCGATGCCAAGCGGAGTCAGGCCCCGAAACTGGAGAAGGGGTTTCTCAATGTGATTGAGGACAACGATACCTCCCGAAACTTCATGATTATTCCCGCTGATGAAGACTATCCGGTACACCGGAAGGTTCAGGTAACCGGACTTCAGCAATGGCTGGATTTTGTGCAGGCGCAGGAGTGAGATGAGAAACGCTCGCCCCCCCCAAAACCCCACCCAAACACCCTTTTCCCCAAACCAACCGTGAAATCCGGTTATGTCGTGTGCGATTTTCACGGTAGATTTTAAAAAGTACCGTGAAAATCGATTATATCATGCGCGGATTTCACGGTAGAACGGTCGGGCTGATTTTGGTCGCCTGGTATTTGAGATGCATGCTATCCTTGATTTGTGCGTGCCGATGCAAGCGGTCGCATTTCCGCGGTACTTTGAGATTCGCGCAAATCTGTTTCAATCCTGCAATTCGGTTATCGAGCAGAAGCAGGGAGGAGGTCTCAGATTCTGTCGCGGGTCATGAGTTTGCCGAGTTGGGGTGGGGTGAAGGCTTCGATTTTTTTGAGGAGGGCTTCGGGCTCGGTGTCGTGGATGAAGATGTGCCGGTGGGCTTCGCGGATGAAGCCTTTTTGGAACATGGTTTCGGCGAGCAGCAGCAGCGGGTCGTAGAAGCCGCCGGTGTTGAGCAGGCCAATGGGTTTCTGATGGAGGCCGAGCTGCGCCCAGGTGAGCATTTCGAAGAGTTCTTCCATGGTGCCGAAACCGCCGGGCAGGGCGAGGATGACGTCGGCGCGCTCGTACATCATCAGCTTGCGTTCGTGCATGGTTTCGACCATAATCAGCTCGGTGAGGCCGTGATGCGCGACTTCGCGGGCTTCCAGGAATTGGGGCAGGATGCCGGTCACCGTGCCGCCGGCTGCAAGGGCACCATCGGCGACCGCGCCCATGACCCCGACTTTGGCCCCGCCGTACACGATGCCCATGCCGCGCGAAGCGATGAGGCGTCCGGTTTGAGCGGCCTGTTCGCAGTATTCGGCTTGATTGCCGGGGGAAGATCCGCAGTAAACAGCGATGGTAGAAATAGGGTGAGGTTGCATGGGATGTAAGTCAGGTTAAGGGTTGGGCTGCATAATAGGTGGTTTGATCGCAAAATGCACCGCTTAGGATTCGATTCTTTTGGAGAGGGGGGACAGACCGCGGACCGCTGACCGCAGGGGTGCCGTTAAGGTATCTTTCCCTGTTGCGCGGAAATTTTACCTTGGTTCATTAGATCAAGTAGTTCGGTATTGGTACAAAACCCAAAAAGCAAGGGATTAATCTCCGGTTTGGGGGCTTTTGATCTTTCAGGGAGCCCCTGATGTTCACGGAGTTTTCCCTAAAAAAACAGAGCTATTTTCAGCTTGTGGCTGGTAGCAGGGGGAAATGGCGGGGTAAGCGGTTTCCGGTGGGGGTCTTGCTGAGCGTGTGATAGGGGCGGGTAAGGCGGATTTGAAAAGTGGTGAAAGGCGGCGGCTTCATTTTATTGTGAGCCGCTTTTTTTATAGCTTACAGAATTATAACCATACTGTTCACCAATTGGGAAGCTTCATGATTTGGGGAGATTATTCGCTGGAAGACGGGGTGCGTAAGTCTGTGTGTCTCGATGATTTACTGAATATTCACCTGAAGGGGAACGGGTCGGAGCTTTGGCTGGCCTATGACCGGAACCGTGAGCTGCCGCCGGATATTAATGATGAGGATGACGCTGACCATGATGGCGGTGCAGATGATGATGAGGGGCAGGCTTCGTCGGATGATACTGATCATGATGTGCATACCATTGATGAAAATCAGTGGACCCGCTGGCGGCTGCGGTCTGCAAAGCCGGTTATCAGCCTGAGTCCGGCTTTTCCTAACCTGCCGTTCGTGGTGCACCCCGAGCACAATTATCAGCTTGCGCCGGGTGCGGAAACGCGTCTGTTTATGCGTATTCCGGTCGCGGTTACGGTCGCGGATAAAACGGATAACAACCTGAGGCTGACCGAAATTAATGCCGTGGAACTGGTAAAGACCTGGTTTGGCACGTTTGAGAGCGGGGAGGTTTGCTATTGGGTGAAGACGGTGGCTTCGCTGAAAGTGCGGCCCGAAATGGTGCGTGCACACCGCTGTTACTGTCCGGTGCTGATCCGCAATGAATCAGACGATTTCCTGCATATCGAAAAAATCTGCCTGCGCGTGGAGCGGCTTTCGATTTTCGAAAAGAACGGCATGCTTTGGAGCGATCAGATGAGGGTTGTGCATAAAGGCGGGGATAATTTCAGTGACCTTACG
NZ_CP027806.1_gap43	1376797	1381520	4723	CCTCTGAATCGCCAAATTCACCAAAAAACGTTTAAGGTTCTCAGGATTATGGCTTATATTCATAAATAAATGAAAATCAGAAAAAACAGCTCAGACGGCATTATTCAGGCGATTATTCAATCAGAATGTGCTAAAAACCTTCAGCCTTCCTACCACAACTTGTACAAAAATGGTGGTTATGTAATAGTGGGCTTGTTGGCGGACGTCAGCGGGACTGTTTTCTCTTTTTTCGACAACCCACATATTCATCAGAAACGATTAAACCCACCCAATTAAGCATGGCAACCAACAGAACCCTGACCATCCTGAAACCTGACTGTGTCCGTAAAAACCACGTTGGCGATGTAATTGCCCATATCCAAAAAGCCGGCTTCAAAATTGTAGCCATGAAAATGACCCGCCTCACCGCGGCAACTGCGGGCGGATTCTACGAAGTACATAAAGAGCGTCCTTTCTATGGCGAACTCTGTGCCTTCATGAGCTCCGGCCCCTGTGTACCCATGATTCTTGAAAAAGAAAACGCCGTTGCTGATTTCCGTAAACTGATTGGCGCAACCGACCCTGCTGAAGCTGCGGAAGGAACCATTCGTAAACTTTATGCGGACAGCAAAGGCGAAAATATTATTCACGGCTCTGATTCTGACGAAAATGCCGCCATTGAATCAGCCTACTTTTTTGCGAAATCTGAAGAAGTTGCGAATCTCGCATAATAGCGCGCAACGTATTCAGTTATAAAATAAATGAGTGTTCCCGGTTTCCGCTTCTGTAGCTTGCTTTTACTTGCAGTATTGTTTTGGTGTACTGTTAGTTGTGCGGACCGGGAACACACTCATATACACCAATCCCACGCGCAGCATTCCGCCCCGGAAATAAAGTTAGGGGCGCAACAGCTTATCTCCCATTCAGTTGAAGAACTGCGCGACCGAAGCATAGGGCTGCTTGCCAACCCTGCTTCCCGTATCGGCTCAGCCCACCTGCTCGATACGCTGCTCACCCACGAAATACCGGTTACCGCACTGTTTGCAGCCGAGCATGGCTTCAGGGGTGATGTGCCCGCCGGAGAAGAAATTCAGGACGGCACAGACCTTGCAACGGGCCTTCCCGTTTTTTCGCTCTACGGACAAACGCGTCGCCCGACATCAGATATGCTCGCCGGAATTGACCTGCTTCTCTTCGACCTGCAGGACGCAGGCGTGCGCTTTTATACCTATATCTCAACCCTCGGACTCGTACTTGAAGCCGCTGCCGAACACGATGTGGAAGTATGGGTACTCGACCGACCCAATCCGTTGGGCGGCACCTATGTTTCAGGCTGGGTGCTTGAACCGGATCTCACCTCGTTTGTAGGTGCTTTCCCGATACCGATTGTCCACGGGATGACTATTGGTGAACTTGCGCGCATGATGGTGGGAGAAGGTTGGCTTACTACGGAATCAGAGCCCCGATTGAGGGTGATCCCTATGGAAAACTGGACACGCGATCAAAACTGGGATGATACCGGTTTGAATTGGGTGCCGCCATCGCCGAACCTGCCGCATTTCACCAACGCACTTGTATATCCCGGAACCTGCTTTTTCGAGGGCAGCACGATGTCAGAAGGGCGCGGTACGTTCGATCCGTTTATGAAGATTGGCTCACCCGGTCTTGTCTTTCCGGATGAAAGCCGTCAGCGGTTGCAGCAAAGCTACCCTGCGCTGCTTGAGCCCGTCGTTTTTACTCCGGTTGATATACCCGGCATGGCGACCAATCCTAAACACCGCGGCACCGAAGTGAGCGGCATCCGACTGAGCCCGCTCACCCTACAGGCCGATTCGCTGCGTCCCCTCGAGCTTGGGCTTGAAATCTTCCGCGAAATGCTGCGATACGCACCGAATGCTGAAACCAACCGCTTCCTCTACAATCTCGCAGGTACCCGGCAGATTGACAGCTTTCTTGAAAGCGACGCTGCCCCGGAGACTTTTTGGGAAGAAGAATTGGAAGTTTTTATGAAAGCCCGTGAGCCATACCTGCTGTATTAGCAGCTTGCCTGTCATCAGAGAGGGCTGTCACAAGATGTATTGGCGAAGATGGATAGGGGGTAAGCACTTTAATTCATTCCTGATGGCTTTTTAGGGGCAAATATACCTGCTGTGCCGAAGCGGAACAGCGGGTTAATCGAATTTCTGCAGTCCGGCAGCCTTTGCAAAATCTCCCCCTTTTGCGATGAGCGCATCAAAAGTGCCCTGCTCGGTGATGCGGCCCTGCTGCAGGTAATAGATCACATCGGCATTTCGGATGGTTGAAAGCCGGTGCGAAACCTGAATGACCGTCAGTTTGCCCTTGAGTCCGTCAATACTTTGACGAATGATGTGCTCTGATTCAGAATCAAGGGCGCTTGTTGCTTCATCCAAAAACAGTACCCGCGGCTGCTTGAACAGCTCCCGTGCGATGCAAAGCCGCTGCTTTTGTCCGCCGGATAGACGCATGCCGCGGTCGCCGATCACGGTATTAAAGCCGTCGGGCATGGCTTCAATGAAGCTAAGGGCGTGTGCGCTTCGGGCTGCCTCACGAATCTGTTCCATCAGCTCCGGCTCGCGCTCCGGGTCGCCCTTCCACATACAGATATTGTTGGCAACGGTATCATCAAACAAAACAGAATCCTGAGAAACGTAGCCAAGCTGCCTGCGCCAGCTTTCAAGCTTTATTTCGGAGGTGTTGATACCGTCTATATACAGGCTGCCGTACTGCGGACGGTGCAGCAGCAGCAAAACATCAAGCAGGGTGGATTTGCCGGAACCGGACTCCCCGACAAAGGCAACGGTTGTGTTGGCATTAATGGTAACGTTAAGGTGATGCAGCACCGGAACAATATCCGGTGTTTCCTCTTCCTCCTCATGCAGCTTCATCAGGCTGCGCGGCGGTTCCTTCATCGGATCCGGGGATTTGTAGCTCAGATAGGAGAAACTGACATCACGCAGCTCAATCCGATCGCTGAAGGCTGCAAGTGTAGTACGGCCATCCTGCACCTGCCCGGTCTTCACCTTGCGCATTTCGCGTTCTACCATTTCGATGGGCCCGATGTGATTGATAACGCCCAGCCATGAACCCTGCAGCGACATAATCTGACCAAATGCACGGTGTATCAGAATGAGGGATACGATAATCGGGGCGAGGGGCGCTTCAAAAACCACAAGCTGCAGCACCATGATCCCCAGCACGAGCCCAACGGAAAGGGGCTCCCGTACAGCTGACGCAAAGCCCTTATAAATACCGTAGCGCCTGAAATAGTCAACCAGCACTTTAATACTGCTTACCACGTTCCGTCCGCTGCGATCAAGCCCCGCAGTTGCGCTCAGATACTTAAACCCCTGCATGGTCTGTACCAGCTGCATGTTGAGCGTCGCATACTCCCTGCTGATGTGACGCGACATCTTCCTTACAAATGCATTGAGTGGGCGAAACACAATCAGGTACAAGATGCCCCCGGCAACAGCCATTAATGTAAACTGCCATGAAATGAGAAAAGAAAACAGCACAAACACAAAGGTTTGAATCAGCAGTACATTAAAGCTCTTAAAAGCGAAGAAGCCGTTGATCAGCTGATAAATCTGATGGATCAGGATGTTGATGTAATGGCCGGTATTTTGCCTGCTGTAAAAGGTGTAGGTCATGTTTTTATACAACTCAAAAAGCTCAGCGCGGATATCATACTGAAGCCGGGCTGATATGAAAACGCCAAAAACGCTTGTGCCAAAATGAAACAATCCTTTGAAAGCAAACACAGCGGCCATCAGCAGCAGAATGCCGGGTACAGAACCATCAAATCCAAAAAAGGCCACAACCTGATACATCAGCTGTGCTACCGTACCGGACTCCCCAGGATCAGGGCTGCCGCCGGAATCAACCATTTCGATGAGCGGCAGCAGCAGCGCAATGCCAAAAGACGTAATCACCACAAGGATGAGATTCAGAAAGAAAACCGCATACATTTTAGCGCCAACGTAGCGGTAAAACACATTATGGAGCTGTATGTATTCTCTGAGTAAAGACAAAAGCGGACAAAATTAGGGCTGTTTTCGAAACAGGCACCCCGGTGAAAAATAGAAAAAACGCAAAATACACATTAAAGCACACACCACGAACCACTAACCAACGCTTTCCCTGCTATCCGGTGTTACCTGCGGCGCGCTGGCGCGCCGGGGACGGGTTCGTGACGCGATTCCGGGGTGGCTGACGCGTGTGGGGGCGGGCACATAGGCACCGCCCCTACGTTCGTGTTCGCCGGATATATCGCGGCGCGCTGGCGCGCCGGTTTCTTCGCGGTAATTTGGAGCCAAAAAAACCAAACCCATTGGCCGACCCCGAAAATCCATACCACATCAGGGCCTCCCAATTCCCCTCTCGAGAGGGGTGGCCCCGGGATTAAGCTATTCAACGGCAATGGGTTATAAATGCACCAAATTCAAAAAGGCCACGGTGGTGGCGGGACGGGGTGTGGAAATGTTGTTGCAGCCCACGAAACCCTGATAACGGACATGGAGGCCTGCGTTTGTTTTCGGTTCCGGTTTTATTTCGACTCGCGGATATGGGCGGCTGACGCACGCGGGGCGAGCACAAGGCGTCGCCCCTACCGCACACGGGGCGGGCACGTAGGCGCCGCCCCTACCATCGGGTTCGCCGATATATCGCGGCGCGCGCAAGGCGCGCCGCATGCGAGGCCCACCATACCGCGCAACCCCATCAA
NZ_CP027806.1_gap44	1384642	1388472	3830	TGGCTCTTCCCACCCTAATATTTTACTTTTTGACGGTACTGCCTCAGTAAACGATGAATATAGTCCCTTAGCGGATATGAACACCGCAATACCTGCCGGTGAGGGATTTGCAGTTTATGTTTTTGCTCAGGATATACACAATGAACCGACGAGCATCTCATGGCCTAAAATTTTGGGCCTTCCGGGCGAACCCAGAAACTCGAATGTTGAGCTTGATGACATCCTAGCCCAGGGAGCAGGTAACTTTACGCTGCTGGGCAACCCCTTTTCACAGTCAATTACGTTTGGCGACTTCGAAACAACAGATATTTCAAATGTTGTTTACGTATACCAGCATAATTACGATGCCGGATTCAGTGAATTTGGAGGGGATGATGAAGAAGTAACAGAGGATGTTGGTGGCGGTTTTCGAACCTGGAACGGAACTACAGGGGGCCTTACAGGTGGTGTTATTGCGCCTTTCCAGGGTTTCTTCGTACAAGCAACAAGCAATAGTGCTGAACTCACAATTCCGACATCAGCAATATCAGGATCGGGTGAATTACATTCTGTACCTAAGGATACCGAATCCTTTGGTATCCAAATTGCTGCTCGTATAAATGGTCAGCAAGCCGGCGACATGTTCTTTAGTTTTGCCGAAAGCGGAAGCCAAAATCGGAATAACTACGACGCCCACATGATATATCCGCTTGACTTCAGCGCTTTTCTAACCATGTTTACAAGCACGGAAGGTTCAGCGCTTCAAACTAAACACCTTCCTATTGAGCTGGCTGAGCCTCTTTCTATGCCGATTCACATTGAGGCTTGGAAACCAAATCAGTCGCAAACTGCTTATGAGCCTCTCACAGGAACCGTTGAAATGATTTGGCCCCAAATGGATAACGTTCCTGATGGATGGAGTATCTTCCTTACGGATAGCGTAACAGGTACGGTGATCGACTTACTCGTAGAGGATAGTTATAGTTTTGAAATGGGCGAAACACAATCAGCACGAGTTCTTGAGCATAAATTCGCTATGCGTTCTGCTGATTTAACTGAAAAGGCTGTGTCCCGCTTCAGCGTGACGTTTATCTCTGAAACTTCCACATCCACCCCAGAACAGGGAGAGCTGCCGCGTGAAGTGAGTCTCAGTCAGAACTACCCCAACCCCTTCAACCCCACAACACTGATTAACTTTGAGCTTCCGGCTGCGGAGGAAGTGCGTCTCGAGGTGTTCAACGTGCAGGGGCAGCGGGTCGCAACCCTGGTGAACGGCACCGTTCAGGCAGGGGTACACAACGTGAGCTTCGACGCCTCAGCCCTCTCCAGCGGCGTGTACCTGTACCGCCTGCAGGCCGCCAATCAGGTCCTCACCCGCAAGATGACGCTGATCAAGTAATTGTAATGTTGACGGCGGACCGCTGACCGCGGACGGCAGATGGCACAGCGGTGCTGTCTGAGCGCTCGCGGTCAGCGGTCACAGCCGTATGACCCTGTGCAGCCGCACTTCTGATTTTTTTAAAAAACGACTTTTTTGAACTGATACCTTCCGGACCTATGAAAAGACTTATTGCAACACTCTCAACCCTTTTTGTTTTCGCCTTTTTACTCACCCCGCCTGCCGATGTGCAGGCGCAATCACAACCTCGTGGCGACATTTGGGAAACCCAGGGTAATGGCAACGGCGACGGACCCGGCGGCCCGCCAGCACCTCCCGGCGCCCCGATTCAAACCCCGATAGGCAGCGGCCTCGGTATTCTGCTCGCCGCCGGCGGCGCCTACGCCGTACGCCGTCTGCGTCAACAGAAACAAGACTAAGCCAACGCATCACGTTGCTACGTAGCTTCAAATTATAGCTTCATTAAAAAATAAGGGATAAGGCCGCTTTCAAAGGCGCTTATCCCTTTTTTTATGTGTTGGAATCGTCATCGGTGACGTGCGCTTACAATGCGCACTTACGCGTGGTTCGGCATGGAAATTTGGGCAACTGACGCGTATGGGGCGAGCACAAGGCGTCGCCCCTACGGTGCGCGGGGGCACTGGTTCTTTGCGGCGCGCGCAGGGCGCGCCGGGTTCTTCGCTGTAATTTGGAACCGAAAATCAATACCAAATTCAATCGCCGACCACGAAATTTTATTCAACCACCGATCTCCCCAATTCCCCTCTCGAGAGGGGTGGCCCCGGAACTAAACCATTCAACGGCAATGGGTTATAAATGCGCCAAAATTAAAAAAAGCCACGGTGGTGGCGGGACGGGGTGTGACGCGGGCGTTCGATTCATCACCAAAATCCGATCAGGTTCAAAATCTTTGATAAACCCACAGACCAACAGGCATCGGTGTCGGAATCAAGGTCGTCGCTCTACGCAGTGTGCAGCCACACACGAGTCGGCAGGTATATTTGGGTGGCTGACGCGTATGGGGCGAGCACAAGGCGTCGCCCCTACAGTGCGCGGGGGCACTGGTTCTTCGCGGCGCGCGCAGGGCGCGCCGGGTTCGGTTTCGTGACGCAATTCCGTGGCGGCTGCCGCACGCGGGGCGGGCACGTAGGCGTCGCCCCTACCGTCGGGTTCGCCGATATATCACGGCGCGCGGGCGCGCCGGGTTCTTCGCGATAATTTGATTGCGAAAATCAACACCAAATTTAATCGCCGACCACGAAATTTCATTCCACCTCAGGGCCTCCCAATTCCCCTCTCGAGAGGGGTGGCCCCGGTACTAAACCATTCAACGGCAATTGGGTATAAATGCACCAAAATGCAAAAAGGCCACGGTGTTGGCGGGACGGGGTGTGGAAATGTTGTTGCAGGCCTCGAAACCCTGATAACGGCTATGGCGGCCTGCCTTCGGTTTCAATTTCGGATTCGGGAATGTGGAGGCGGGATCGAAATGCCGAAATGGCTTGCGCACACGGGGGCGAGCACAAGGTGTCGCCCCTACCGCACGCGGGGCGGGCACGTAGGCGCCGCCCCTACGTGCGGGTTCGACGATATATCGCGGCGCGCGGGCGCGCCGGTTTGTTCGCGATAATTTAAATCCGCAACGCCCCGTACCCTGAATTCAGGCGCTCCCCTCTCCTGAGCAAAAACCGCATGAGGGTTGCAAAAGCAGTTCAGGAGAGGGGCCGGGGGTGAGGTCCGGCAGGCGGCTGACGCGACCAGGATCTGCAGGGCTTCGTGACGCAATTCCGAAATGGCTGCCGCACGCGGGGCGAGCACAAGGCGCCGCCCCTACCGTGCGCGGGGGCACTGGTTATTCGCGGCGCGCGCGGAGCGCGCCGGAGGCGGATTCGGGATTTGATTGCGAAAAACAAAACCACATTCAATCGCCGACCACGATATTTTTTACCACCTCAGGGCCTCCCAATTCCCCTCTCGAGAGGGGTGGCCCCGGGACTAAATTATTCAACGGCAATAGGTTATAAATGCGCCAAAATTAAAAAAAGCCACGGTGGTGGCAGGACGGGGTGTGGAAATGTTGTTGCAGGCCTCGAAACCCTGATAACGGCTATGGCGGCCTGCCTTCGGTTTCAATTTCGGATTCGGGAATGTGGAGGCGGGATCGAAATGCCGGGGTGGCTGACGCGTATGGGGCGAGCACAAGGCGTCGCCCCTACCCACACGGGGCGGGCACGTAGGCGCTGCCCCTACGTGCGGGTTCACCAATACATCGCGGCGCGTGGGCGCGCCGGTTTGTTCGCGATAATTTAAATCCGCAACGTCCCGTACCCTGGATTCAGGCGCTCCCCTCTCCTGAGCAAAAACCGCATGAGGCTTACAGGTCTTGTTCAGGAGAGGGGCCGGGGGTGAGGTCAGGCAGGCGGCTGACGCGACCAGGACCTGCTGGGCTTCG
NZ_CP027806.1_gap45	1390888	1395483	4595	ATTCAGAGCGGATTGAAGTGACGAATGGTACGTTTACGCTGCCCGATGGTCAAGGGGCTTTGAACCTGCGCCTCCTCGCCATTGATGACAGCAACCAAAGCGCAGAAACCGGCGGGGAGTTTGTATTCCCGCTAAATGTAGCTTCCATTCAAAACCTGCGCAGTCAACCTACAGGCAATACCCTGTACCGCCTCACGAGCGAAGCTACTCTAACCGGGCAGAGAGGCTTCCGCAATGCCAAGTTTTTTCAGGATGAGTCAGGCTTTGGGATTCAGATTGACGATCCGCTCGTTGATGGACAGCGGGTTATCACAACTACCTATGCGATCGGTGATCGGGTCGGTTCCCTGATTGGAACATTGGCTACCTTTCAAGGACAATTGAGGCTCACGCCGGTACTTGATCCTGGTGATGCCATATCATCAGGGAATGTTGTTACTCCCGTTTTACGAACACTTGCGGACATCACTACCGATGATCAGGCGCGGTTGATTATTGTGGAAAATGTCGAATTTCAAAGTGCCGGTTCGGATTTCCCTGACAGAGACGAAATCACCAATATCACAGATCCCAGTATCGAAGGCTTTATTGGCCGTTTCAGAATGGTATTTGATGATTCTGATCTTGCTGAACCGGAGACCAAAATTCCCTCAGGTCCCCAAAATGTTGTTGCTATTGTGCAGCAGAGCAATGTGGGTCTCAACATCGCTGCCCGCAATCTCCTCGATTTCGATCCCGTCACCAAATCCCTTTCCATCGGAAACGACAGTGATCCTGGTCCTGAGCAGCAGGGCTGGCGTTTCATCAGTGCGCCGGTGCAGGGGGCGAGCTTCGCGCAGCTGCTCGCCGGGGTGCGTACGCAGGGGGTAGGGGAGGGGAGCAGCTACCCGAATCCGGCCGCCGACCCCAATGTCATCACCCTCAATCAGAATCAGCAATACGTCGCTTTCAACAGCGGGAATGAGGCCCTGAACCTTTCCTCCGAAATCCCGGCCGGTACTGCCGTAGGGGTGTACCTGTTCGACCGCTACAGTCCGGATCAGACGAATTCCGGCTTGGATGGCTTCCCCAAGACCTTCACCCTTGAGGGCTTGCAGCACAACGGGGTCCGGCTCACGGCAGCCGTCATCCAAAACGGAAACGGCAGCGTGCCCGCCCTGAATACCGGTAGCGGGAATTTCTCCCTCGCCGGAAATCCTTTTAACGCGACCCTCCGCTTTGGGGAGCTGGAGCGCGTACAGCTCGCACCCGTCGTGTACGCCTATGATTTTAGCACGGGCGCGTTCGTAAGCTACAGCACCGAACTGGAAACCGGCGGTTTAACCGACGGCCTGCTTGGGCCTTTCCAGGGCTTTTTTGTACAGGCAACGGGGGAAGCGCCCGAGCTCGGCATCCCTCTCAGTGCCCGCACGACCGAGACGAGCGAAACCTACTTCCGCGCGCCGCAGGGGCAGGATTTCCGCCTGCAGTTGGTTGCTGCGTTCCAGCCCGATCAGCCCGGTGTGGCGCCCCTGCAAAGCAGCCTCTGGCTCGGCACGCATCCGGAAGGCGGCTTCGGAGAGACCGGCAGCCTGCACGACGCCCTGCGCCTGTATCCGCTCGATTACCGCCCCTTCCTCACGATGTACACAACTGCCGGGGGCCGCGCCCTGAGCATCCGCGCCCTCGCCGAAGAGGTCCTCACCGATACCGGCACGGTGCTGCCGGTTTATACCGATGCCTGGCAGCCCGGCAGCGGGGGCTATGTGCCGGCGGAAGGCCTCCTCAGCCTGAGATGGCCCCGTATTGAGGGCCTGCCCGCCGGGGTGCAGCTGCTGCTCGAAGACACGCACACGGGCACCTTCACCGACCTCACGCAGGCGGGTTCGTACACGCTTGTTTTGGGGGATGCGGACCTGAACCGTCCGCTGCCGCCTGTCCCGCCCGCCGTTTTGAGCCGCGGTACCGCTGAAGATGTACAGGTAGAGGAAGGTTTTTTCGGCCTGCCCGCGCCCCTCACGGCAGTACCTGATCCGCAGCAGGCGCTGCATGGCACGACTGAACAACCGCAGCCCCGGCTGCGGCTTCACCTGCTGCCCGCCCCGCTGAGCCTCATTCCCGGTGAAGAAACCGGCCTGCCACAGCAGCTCAGCCTCGCACAAAACTACCCCAACCCCTTCAACCCGGTCACCCAAATCCAATTTGAACTGCCCGCGGCCGCGGAAGTCCGCCTCGAAATCTTTAACGTACAGGGTCAGCGCGTCGCAACCCTGCACAGCGGACCCCTGCCCGCAGGCCGGCACATCAGCCCTTTCGACGCCTCGGCCCTCTCAAGCGGCGTGTACCTCTACCGCCTGCAAACCGGCAATCAGGTCCTCACAAGGAAAATGACGCTGATTAAATAAGCGGGGAAAGGAGGATTTAGGATGGTGCATACCGGGGGATGAGCATGCGGCGCGGCAAGCCGCGCCGGTTCCTCACCCCAACCTCCGAACCCCGTCCAACCCCCCAACCCGTCATCCCGGAAACCGTGCGGTTCACGGAGTTTGGGAGGTGGCAAGACGCCCTGTCGCACGGTTATCCGGGATCTACCAGCTCAGACCTGCCGCTATGTACTAGCCGGTTTGGGATGCAACTGCCTGCACTGCAAAGTGCATGATACGGTTTGGAATGCCAGCCACTCACATGGTCGCATGGCGAAGCTGGCAGGTCCCGGATAAGGCTGCGGGGAATTGGGGTATTTATGGAGCGTCGGTGTGGGCCTTTCCGGGATGACGTGTTTGTTATTGTTTAAGATACGGCGCGGCAAGCCGCGCCGCATGCTCATCTCCCCCCAACCTCCGAAACCTGTCCAACCCCCCAACCCGTCATCCCGGAAACCGTGCGGTTCACGGGGTTCGGGAGGTAACCGTGCACCCTGTCGCACGGTTATCCGGGATCTACCAGCTCAGACCTGCCGCCATGCACTAGCAGGTTTGGGATACAACTGCCTGTACTGCAAAGTGCATGATACGGATTGGGATGCCTGCCACGGAAATGGTCGCATGGCATATCTGGTAGGTCCCGGATAAGGCCGCGGGGAATTGGGGTATTTATGGAGCGCCGGTTTGGGCCTTTCCGGGATGACGGGTTTGGTTTTGTTTAAGATGCGGCGCGGCAAGCCGCGCCGCTTGCTCACCCCCCCAACCCGTCATCCCGGAAACCGTGCGGTTCACGGGGTTCGGGAGGTGGCAAGACGCCCTGTCGCACGGTTATCCGGGATCTACCAGCTCAGACCTGCCGCTATGCAATAGCAGGTTTGGGATACAACTGCCTGTACTGCAAAGTGCATGATACGGATTGGGATGCCTGCCACGGAAATGGTCGCATGGCATATCTGGTAGGTCCCGGATAAGGCCGCAGGCAACCGGGGTATTTATGGAGCGCCGGTTTGGGCCTTTCCGGGATGACGGGTTTGGTTTTGTTTAAGATACGGCGCGGCAAGCCGCGCCGCATGCTCATCCCCCCCCAAGCCTCCGAAACCCGTCCAACCCCCCAACCCGTCATCCCGGAAACCGTGCGGTTCACGGGGTTTGGGAGGTGGCAAGACGCCCTGTCGCACGGTTATCCGGGACCTACCAGCTCAGACCTGCCGCTATTTAATAGTAGATTTGGGATACAACTGCCTGTACTGCAAAGTGCATGATACGCTTTGGGAAGCCTGCCACGCACATGGTCGCATGGCGAAGCTGGCAGGTCCCGGATAAGGCCGCGGGCAATTGGGGTATTTATGCAGCGTCGGTGTGGGCCTTTCCGGGATGACGTGTTTGTTTTTGTTTAAGATACGGCGCGGCAAGCTGCGCCGCTTGCTCATCCCCCCCCAACCCGTCATCCCGGAAACCGTGCGGTTCACGGGGTTTGGGAGGTGGCAAGACGCCCTGTCGCACGGTTATCCGGGATCTACCAGCTCAGACCTGCCGCTATGCAATAGCAGGATTGGGATGCCTGTACTGCAAAGTGCATGATACGGTTTGGAATGCCAGCCACGCACATGGTCGCATGACTAAGCTGGTAGGTCCCGGATAAGGCCGCGGGGAGTTGGGGCATTTGTGCAGCGCCGGTGTGGGCCTTTCCGGGATGACGTGTTTGTTTTTGTTTAAGATACGGCGCGGCAAGCCGCGCCGCGATATCCCCCGTGACAGAACCGTAGGGGCAGGCCTTGTGCCTGCCCCCGGGATGCGGAAATTGCCCCACATTTCCGGCACGCCCCCGACCAATTCCCCTCTCGAGAGGGGTGCCCGGGTGAGCGCAGCGAACGGGCGGGGTGTGGAGGGCAGGGCGCCTCGCCACGACCGAAATCTCCATTGCCCGCGATGCGGGGTGCCTTATTTGGGATGCATGCGATCGGGGCATGTTTGAAAATCCTACCCTTGGATAAAATTTCCACACCCCGCCCCGACACCATCCGTGCCTTTAGCAATTTCTTGTTATAATTAGATTTGTGCCGCAGAATGTCATCTCATTGGGGGCACCCCTCTCTAGAGGGGAATTTTTGTATCCCAAATGAAAATAACCACAAACCACAAACCACAAACCACAAACCACAAGTAACGCCTCATTTCTTTGCTAAAAGTCTC
NZ_CP027806.1_gap46	1398154	1401473	3319	TTTTCGAAACAATCTCTCCGTGATTGGCTTTAGGAATGAAGGGCGGCTTAGGTTTGAAGCCCTAAACGGCACAGGTGACGAAACATTTACCCTCACGGTTCTTCAGGACACACGCGAAACAGGTGCCGTAGCTGCTCGCATTACCAATGAGTTTGCTCCGGAGACAGACGCGGATATCGATCTTAGTAATGTGACACTGGTATTTGTCGCCAATGGCCCGCCTTTCTTTTTCAATGCGGCCGAAGACAGCCGGCTCTTGTTGGGCGGTATTGACTTCCAGAATGCCAACTCCTTTGTGAAGGAAGGCCCGGGCGAGCTGGTGCTTACCGGCGAAGCCAACACCAGCCTGTTTATCGATGCTGGCGTGCTGCGCTTAGAGGATGGGTTTTCGTTTGATGATGCAGAAGCGCGAACCCTTGACATCGGCACGGCAGTAGCTGAAGATGACAAACATGAAGCAGATGCCGAGCTTGTAATTGCTGATCTCACGGTCGAAGCGAATACCATAAGCGTAAAAAGGTTAAATGACGACAGCGGCGACCGCACCCTGCGGTTTGTCAGTGAGGATGGCGAAGAGCCGGCTACGCTTGAAAGTCAGCTTACCCTCGAGAAACTGCTTTTTGTGCGGGTGCAGCCGGGCCATTACGGGGCCCTTAACGGCCCGGTAACGGGCACTTCACCCTTCGTTAAACAGGAAACCGGCAGCCTCACGCTTGAGACTGAATCCTTTGCACCGGGTTTGTTTATTGATGAAGGGCGGGTGCGCCTCAACAGTCCTTTCCCTGCCGGCTATACCGGCACGATTGCCCTTGGGACCGATGTCGAAAGTGATCGGGTAGCATCAGAGGCGGTATTGGAGATTGGTGCACTCAATACTGCAGCGCCTTTTGCTATTGCCCCAAACCTGCAAATACGCGGAAATCAGGGCGCGTTTACGGCAGGGTTGCGCGGTATCGTTTTTGATTCCGGTACGCAGGTAGCTACGCTCAGCAGTCCGGTTGTTTTGAATACCGATCTCGATGTAACGGTTGCCGAGGGAGCATCCGGGGTAATACAAGGCATCATTTCCGGAACCAACGGCTTAAACAAACGGGGTGCAGGTCAGCTTGATTTGGCTGGAAACAACACCTTTACCGGCACAGTGCAGCTCTTTGGGGGTACGACACGACTGGGCGGGAGCGGACTGCCGGGTAATAATCCCATCCAGATACGGGGTGATGTTGGGCTGGCATCGAATGGTACCGGGACAGGCGGTGCAAGAACAATCGCTAATGGTGTTGAATTTTTCAATGCAGGCATCCGTCTTGGGGAAGATGTCGAAAATACCGGCGCATTAACCTTCACCGGTAATTTTGAGTTAGGGGCAGCGGAGCGGTTCATTAACACGATCAGAGGAACACACACAATTAGTGGCAATATTGTAAATGGTCAAATACGCAAAGAAGGCACAGGTCAGCTTAACCTCTCCGGGGTGAACACCGTTGACGCAACATCAATAAATGCCGGCACCCTCCGCCTTAACCGCACAACGGGAGAAACCTTTACCCTTGGTGGTACCATCACGATTAATGACGGCGGGATTTTGGATTATCCGCAGAGTACGGGTGCAAATAATCAGCTTAGAAACGATGCCATTGTGGTTGTTAATGGCACAGACATTTCAAACAGAGGTCATTTTGATGTTGCATCTCGAACAGAAAGAATCTCAACCCTAACACTAAATGGTGGCCTTTATACTAAAGCTGGGGGTACTTTAACCATTGATGATGCCGCAAACTTTAATTCGGGGTTTGTCAACTTTTCTGCTGGAAGCGGTAATACGATAGTAGGGCAGTCTTTGTCATTTGGTAATATTGCCGCAGAATACACAGGAGAGGGTGCCAATAATCAAACGATTCTCACGCTCGCTAATGGCTTCACAGGTTCCATCATTCAGCTTGAAAATACACAGTCAACTTTTTTAAATAACAGAACATCAGATACAGCAATCCCAACAATTGATTTGGGCGGGCATTCTGTAGACTTTGAAGTTCGGAACAATTCAAGAGCAACTTTAGCTTTTGCTTTTGCAAACGGTGCACTCACCAAAGCCGGACCCGGCACGCTTGTGCTGAATGAAGCAAGCACCTTCGCCGGCGGGCTTACGGTCAGTGAAGGCACGGTTGCCTTTACCAACAATGCCGCGCTCGGTGCAGCTTCGGGTACGGTGACCCTCAATGGCGGCATCCTTCGGGCGGACGCAGATGGCCTCAGCTTTGCCAACCCCATAACCCTGATCAGTACCGACGGCAGCATTGAAGTAAGTAATGACGGCAGCCCGTTTACCTTAACGCATAGCGCAGGCATGAGCGGCAATGGCGACCTCACCAAAACCGGCCCCGGTACACTGACCTTGGGTGGTGCCGCCACCTTCACCGGGGCGACGAATGTGCAGGCGGGCATCCTGAATGTGAATGGGGATTTTGTGAGTACGGATTTGAATATTGGAAATGGCAGTCAGCTGAATTTTGGGGGCAGTGGCAGTCCGCGGGTTTTGGAGCTTACAGGCTTTTCATTAGGTCAGGATGCTTTCCTTCGCCTAAACAGGGCTGATGATGAGCTGATTGTTCCGGCTTCAGTGCCGGTCACCATTCCGGGATCTTCCGTTGTTGAAACGAACGGCGACGGTGCCCGACTCACCCTTCAAAGCGGGGCGCGATATGTGAACCTGAGTGCATCAACTCCAACCCTTCGTGTGGAGCGGATGTTTAGTGGAGATACCAACAACAGCGACCGGCAAGGCTGGCGAATGCTGGCTTCGCCGGTGAATGCAACCTACGCGGATATGTTTGAAATTGGTGCTGATCCGGCAACTTTTGTGACGCAGGGTTTCACCGGGGCTACCTTTCCCGGCCGGCAGTTTAACCTGCTTTGGTGGGATGAGACGGATGCAACCGGCACGACGCTTCAGCGCTGGCGGACGCTTTCGCAAACGACCGACCAAACCGGAACGATCATCCCGGCCGGGCGCGGGCACTTTTTCTACATTTTTGACGGGGCGCCGCTGCTAAATCCGGGCTCACTTGAACCCTCACATTACACCGATAACCTGCCGCTTACGATGTCGGCTACGGGTACGGAGCCTGATTTGTCGGATGATCCGTTCAACTTTGGGATCACTTTTACGGCGGTAAGCGATTCTATTGTGGTGGCAGATACCCTGTTCGTCGGGGCGCTGGTGCAGGATCAGGGCTGGAATCTGATCGGAAACCCGACGGCTTCGTGGCTGAACTGGAATGCTGCAGGGTGGACAAGGACAAATGTAAACAATGTGATTTAT
NZ_CP027806.1_gap47	1577856	1580236	2380	CCCCTAGACGAACGCGGCATAGAAAGTGTAACATGTGGAAGAACAAAATGGGAGCCCAATGGGATTTGAACCCACGGCCTCCAGGGCCACAACCTGGCGCTCTAACCTACTGAGCTATGGGCTCCGTGAAAACCGGTCTTTCATTGCTGAGAAACCGGTTTAGTACCGCGTACGGGATTCGAACCCGTGCTACCGCCGTGAAAGGGCGGCGTCCTAGGCCCCTAGACGAACGCGGCATGGGGAATATGATACACAAAAAAGAACAATAAACCGAGGCGACAAGCGGATTCGAACCGCTGTACGAGGTTTTGCAGACCTCTGCCTAGCCACTCGGCCATGTCGCCGTATTTTGCGTACGCCCGCCAGGACTCGAACCTGGAACCTACTGCTTAGAAGGCAGTTGCTCTATCCGGTTGAGCTACGGGCGCTCATATTAGCAATTAATCAAAGAACTTGCAATATCGTCGGGGCGACAGGATTTGAACCTGCGACCCTCTGCTCCCAAAGCAGATGCGCTACCGGGCTGCGCTACGCCCCGAATGATTATTGCAAAGAATTCAAATATAAGCTTAAACAAAGCTCAATGCAAGTGTTTGAACCAAAGTTGTGTGGAATTATCAGTCAGGAAGCGTGAGTTCTTCGCCCTCAAGTTCCTGTAAAATCTGAAAATAAATCCGGATTAACTGCTGATAATCTTCGCTGAAACGCGTTTGATCCGGATCTTGTAAACGCCTTCTGATTTCCCGTTCAAGCTCCTCAAGCGTCATTTCAGGGGGCTCTGAAAGCTCAATGTCTTCGGCTGAAATGCCGCGGCGTTCCTCGCTTTCGTCCCGCTGATCGAAAGCGCGCTGTGTCTCCAGCATGCGCGAGAGAATATTTTGCTGACGCTCCACGAGTATGTCATCCGTACTGCCGCCGCGCAGGTCGTTGATGGTGTCTTCCATTTCTTCCAGCATACGTTCGAATTCGCTAAGCAGCCGGTCTCCGGGGCGAAGCGCACCGCGCTGCTGCATTTCCTGAAGCTGCCGCCTTATTTCGTTCTGTTGCCGTGCCATCTGATCAAGCCGCTCCATCTGCTCCTGCGTCAGCCGGTCGCCGGCAATGTCATTTATAAAATCCTGAATCTGCTGATTCAGCTGCTGCTGCTGTTCACCCATCTGCTCCATTTGTTCCAGCATTTGCTCAGCCGACATGCCGCCGCAACCGCCGTTATCTCCGTCTCCGTCCATGTCAAGCTGATCGAGCAGATCGGCCACCATGCCCGTAAGCTGATTCAGTCCGCCCAGGGCCATGCGTTCAGCCGTTGTGGCCTGATTCCGGTTTCTCTCCCGCAGGTAATCTACACTTTGGGAAAGCACCCGCTCCACATTCAGGCGGTGCTCCAGCGCGGCATTGGTGAAAGTGGGAATTTCTTTGGCAACCTGATACAGGCTGTCCACGACCATAGCAAAATTGGACGCAATATTGCGCTGTGACCGCGCCTGCTGCACAAAGGCAATGCTGTTGGCTTCCAGCCGGAGTGTTTCCTGATTCTGATCTTCCTGCGCTTCTGAGAGCGTCAGCATGCTTTGGAAGATGGATTTCAGCGCTGCAATATTGACGTTGATGCGTTCCTGATTCATCTGTGAGCGGGCTTGTGCCATCTGCTGACTCATATCCCGCAGCTGATCCCGGATTTGTTCCTGCTGTTCGCGGCTATCCTGCGGACTGCTGCCCGGGTCACCAAGCTGATCGATGTTTTCCTGAATCTGTTCCTGCACCTGCTGCATTTGCTCCTGCATTTGCTGTGAAAGTTCATCCATGCGGGCCTGCTGCCGGGCAGGAGACTGTTCGGCCATGCGTTCCATTTTTTCCTGCAGGCGGTCGAGTTCCTCCTGAATGCTTTCCTGTTGCTGCTGCTGTGCTTCAGTGTCTTCCATTTCCATGAGCCGCTCTTCCTGCTGTGCAAGTTCTTCGAGCAGGGCTGCAGTGCGGTCCATGTCGGCATTCAGGCGCAGCTGCTTGAACAGTTCTACGGTCCGTTCAAGCCGCTCCTGATAGTTGCGCTCATTAAACTCCAGGTTTTCAAGGGCTTCCCGAATCTGCTGCTGATCCATGTTTTGGAAACTCTCCTGCAGGCGCTCCATCAGCTCCATGATCTTGGGATCATCAATTTCTTCCATCAGCTGCTGCAGTTCTTCGTACAGCCTGCGGGTATCCTCACTGATGGTGTCATCCTGCATAATTTCAGAGCGCATTTGCTCAAATTCCTGCTGCAGCTGCTGCAATTGCTCAGACACTTCCTCCTGACGTCCCATCATTTCTTCCGTCAGGCGTTCCTGTTCCCAGCTTTGGTCCGGATTCTGAATGATGTTTTCACGCAGCTGCTGTAAGTCTTCCC
NZ_CP027806.1_gap48	1702025	1706343	4318	AAATCAGGACTGCCTGCATTTCGGAATGCCGGTATGGCGACTTATGCGGGTTTTGTTAAGTCAATGTAATACAACATCCTGCCGGAAGGGCTGAAAATTTTGATTGAATCCCAACAGCGTCTGAGCGATAGTGTAATACGATTTCATGCAAAAAAATTGCACAAATTCAGACGGTAAATACTTGCAATACTTAAAGTTAGCGTAGTTTTTTCTATGAAAGAGCGAAGCGCTTTGCTATCTTGAAATTATCACATTTATTCATACTAAGACGCAAATGTTATGACCTTTGAAATCATTATTGTAATTGTCGGAGTTGTTCTTGTGCTTCCCGCTATTTTTGGGGCTGTAAGAAGCGGGGGTGAAGGTAGCAGCGGGCCGTTTAGCCCAACACTGATGATTGTTCTCGGAATTTTGGGCGTCGGGCTTATGCTCTACGGCGGATTTTCATACGGTATCGTAACCCAGCAGGGACAGATGGAGCGGGTTGCAACAGCCGGACAGCTGCAGGTAGATTTTCCGGTGCAGCGCGTTCAGATCACATCCCCGCTTGAAGGCGAAGCCGTGCCTTGCCGCGTTCTGACTATGGGGGTTTATCCGGAAGGACACGACAAAGATATCTGGGTGTTGCTGCGGCCGTCAGATAACATGCTCTACCCGCAGTCGGATCACACCAACACTTCCTTCAAGCGCAACGGCGAATGGCAGGTTATCACCCGATACGGCGGTTCACTCGATGAAGCCTACGACGTGATCGTTTTCGAAGCCGACGCAGAAGCTTCTGCCTTTTTCTCAGCAACCATCGAAGAGTGGAAGGCAAACCTGTTCTTCCCCGGTCTCACAGAGGAAGAACTCCCTGCAGGCGCTACCGAGCTTGACAGCATTACCGTAACCCTTGCCGAAAACTGCCGCGGCGTATTCTAAGCACTGTTTTTTCAGGCTGTGCCTGAGCTTTAGACTTACTTTCATCATTACAAAAATCCCCGGACACCGAGCATCTCCGGGGATTTTTTTTGGAAATGCCCTGTCAAAGAAAGGCTACAGAGTTGCGATTTTCTTGAAGCGTTTCCCAAATTTGAGTAAGCGCAGCTTTTTACTAAGCTAAATTTAAACTAACATTTAGCCCGCATTATTCACCAAGAAATTTTCTTGCTGGCAAGGCGAAGCTGAAAACTCAGCGGAAGGGTACCCAAGTACCCTGAGCATGAGTTTTCAGCTTCAACGCAGCCAGCGAGGAAATTTCGCAGTCTTTAAACCACACCCAAATTTGGGCTACCGCTGTTTTTCACTAAGTCGACATTAAACTTGCATTTAGCAAATTAATTCTGTTTAATTGTGAATAATGCGGGTTAGGTCATCAAACCCTTTCATCGTGAATAATGCGGCCTAATAAGTGTGTCCGTTTCCGGCTCACACCAAAAAAGAAACCCGCAGTAACGGACGCTTGGGTCTGTCGCTGCGGGTTTTTTGTAAGGGAAGATTCCGCTTCCGGCTTATTACTTCAGAAGGGTGAAGGTCCGGCTCAGGGTTTGGCTGCCGCTTTGCAGGCGGTAAAGGTAAATGCCGCTCGAGAGGTGTGAAGCGTCGAAGCGGACTTCATGCGTGCCGGCGGCCTGTTGCCCGTCAACCAGCGTTGCGACGAGCCGGCCGGTGAGGTCGTACACGTTCAGGCGTACTTCTGCGGCTTCCGGCAATTCGTAACGGAAGTTGGTTGACGGATTAAACGGATTGGGATAATTCTGATACAGCGCCATGCGTGCCGGTACATCCGTCTCGGGCTCTGTGTGCGTCGGGCTGAAGTAGGCGATATTGTCGAAGAACCAGGTGAAATCCGTGCTACCGTCGCCGGGGGTGCCGAGATCAAAAATAAGGACGATGTTGTCGTACACCACAACCGGGTCGGCTTCGCTCAGGTTGAAGGTCAGCTCGGTCCACTCACCCGATAAGGGTATGGTTTGATTGACTTCAAATGCGAGTGATGGGTCCGCGGCGTTTTCAATTTTAAAAAGGAGCGTCGTATTGTCGCGCGGTGCCCATACCTGAATGGTGACTTCCCGCTCGATATCGAGGGGTTCATCAAGCGGAATCAGGGAGCCGCCCCAGGGTGCGCCGTCGTTTTTGACCATCTGTCCAACCCGTGCCGTAGTGTTGATACCGCTGGGATCGTGATTTTCAATGACGGTGCTCACACCGCCGTCGAAGTTCACAAAGTGATTGTCCCAGTCGATGGTTTCGTTGTCGAAACGAATGGGCAGGCGTACTTCCGTGTCGGGGATTTCCCCGGCTATTTCGGCCCGAAGTTCGCGGGCCGGGACTTCCATCGAAAATCCGTCTGAGAAGCTGACGAGCCGCGGACTGTTGCCCGCATTATAGGCGACATAGCTGCGCTCTCCCGCTTCATTGGTGAACACACCATAGGTTGGGATGTCCGCGGAGACCGTAAAGTCGGGGCGTCCCATCGTTTTGAGGTTGTGAATCCAGTGCAGGGTGTGCGCGCGGGTATTGCCGTCGAAGACTTCGTAGTTTGGATCGGCCTGTAGTTTGCTCAGGGCAAGGTCGGCGTCAGCCAGGGCGAGGTATTTCCAGAAAATGTCTTTCCAGAGCGTGAGCTGTCCGCCAGCAGCATTGGAGGCGGCGTTGTAATTAAGCAAGACGTACTCAGGGTGCTCCCCAAGGTAGAAAGATCCTGCGTGAACGGGGAGGATGTTAATGCCGTGAATGAACTCAGGCTGAAGGCCGAACCAAGTCGTGTGATTGCCTTTGTTGCCCCACACAATACCCAGCGCATTGAACGGATAGCCGTCGGGGAATACCTCTTCATCCACATCAAACCAGTACTGATGGATAGCTGCGGATTCGGTTGTGTACAGGTAAATGCCGAGATCGCGGATTTCGGGCTGATCCGTCAGCTCTCCCCACAAGATGACAGCCGAGGCAAAGTTCATGGCTTCCGAGCTGCTTTCCTGATTGTTGCCGTCGCCGAAAGCGCCGTGACCCGCCGCCCAGGAATGGCCTGCATACACATCAAATGATCTGAGGAAAGGAAAGAGCTCATCATCACGGCGCCAGTTGTTGGCATCGCGTACCAGCATATTGATCATACCGCCCCAGTTTTCCTGCTCCGCCCATTCCGGATCGAAGCGGGCAATGGTAGCCGCACTCATGATGGCATACGCATGATGAAAGTGATGGTCATTAATTTGCGTGTTCGCACCGTGATCGGAAGGATAGCCGGTAAGCACGTACCATTCTTCATTGTACACATACTGCTGACCACCGCCCACGCTCAGCCAGTTTTGAAGGCGGTTTTTGAGCTTGTCCATAAGCTGATTTTTGGCTGCGGCCGCCGGCTCACCCAGCTGATCGGCAATGTGTATGAGATGGGCTACGCGTGCCATTTCCTTGCCATTATGATAGGTCGGTCCCGGGCCGAGGTTTTGCTGTGCAACCTGCTGCACCTGTTGCAGGAGCTGTGCCCGGTTGTAAGCGCCGGCATCGGGCATGGAAGGAAGTACGCCTGCGAAATGACGCGTTGTCTGAAAACTGTTGCCCGCCATGACTTTCATTTCGCCCCGGGGCGAGTTATAGTGGTAGGATGTGAGGGGTGCATCCGTGCTCAGCCACTGATGGCGGTAAAGGGCCGTAATGGTTTCGTTTAGGTTGCCTTCAGCCGTATCGCGAAGCTCGGTTTCGATGGTGTAGGTGTTGGTGACCGTCGAATTGTTTTCGTCATAGTGCCAGTCCACCTGCGTATCGGTTACGAAAGCGTAGGCGCGCGCATGGAAAAAGGCCAGCGTTTCCGGGCTGTTATTGGGCAGTACCGCGACCGAAAGAAATCCCTGATTGTTGAGGGAGCTAACCAGCTGACCGCTGACCTGCCAGGAAGATCCGCTTGGCGCAAAAATGCCGTAGTGCTCGCCGCCTATGGTGATGCCGAGGACTTCTCCTTCATTGTGCCACACGTTCATGGCTGCTGCAGGCGTAATCTGCGCCGGACCACCGCTCATGTCAAAGTAGACAAAGGGCAGACCGTGTCCGAGGGTAGCAAGCATTTCCCGGTTATGACTTTGCCACTCGCCGGTAACGGTCCAGTCGCCGTAGTGCAGGGTCTTGGTATCCGGTGCGTTAAGCCCTTGTACACCAACCGTAAAATGATGGTTGTAGGGGAACACGTACTCCCGGTCAGCGACAACCGGCTGCGAGGTGTATCCCATCTGAAGGCCGTCGGGGGCCGCTTTCATGGCCAGCGGATGAGCATAGAGGATAGATGAATGCGGGTCACCAAAAAACGGGAAGAGCATGCTGCTCCAGAAATCGCTTG
NZ_CP027806.1_gap49	1811389	1814537	3148	TTGTGCTGATTGACAACTATATCAACGAAAACACGCTCACCCATTTATCTAAAAAAGCAGATGGCGTGCAGGTGCTGCTCCTCACCAAAACCATTTCCAAGCAATTGACCTTAGACGTTAAAAAAGCCAACGAGCAATATGGTTTTTTTGAAGCAAAGCCCTTTAGCAAAAGCCACGACCGTTTTCTGATTATTGATAATTCAGAAGTATATCACTTGGGTGCGTCTTTGAAAGACTTGGGCAAAAAGTGGTTTGCTTTTTCAAAAATGGATAAGAGCTCGGTAGAAAGTATTTTAAAGGGAACTGGGAATGAGTAAAGAGAAGAAATTGATACCGGAGTTAAGGTTTCCTGAGTTTGAGAAGTTTGGGGAGTGGGATAGAAAAACTCTCGAATTTGTTGCTGATTCTGAAAGTTCAAATTTGGCTTTAAACAAAATTGAACATAAAGAAAATGGTTATCCTGTTTATGGTGCAGACAGCATTGTAGGATACATTGACGAGTACCAACAAGTAGAGAAATATATCTCTATTGTAAAAGATGGCTCAGGTGTCGGACGACTAAATTTGTGCATACCTAAATCTTCAATACTTGGAACTTTAGCATGCATAAAGTCTAAAGATTTAGTGAAGTTTAAATTGGATTGGATTTATTATCTAATGAATACAATTGATTTCACTTCTTACAAAAAGGGCTCTGGAATTCCTCATATCTATTTTTCGGATTTTAAGATTGAACCAATTGGAGTTCCCCAACCTCAAGAACAACAAAAAATCGCCTCCTGCCTTTCTTCTTTAGATGAGCTATTGGCTGCCCACAACGATAAGCTGGATGCCCTCAAAGACCACAAAAAAGGCTTGCTGCAAAACCTTTTCCCGAAAGAAGGCGAAACCTTGCCTAAGGTGCGTTTTCCTGAGTTTGAAGGGGATGGGGAGTGGGTGGAGAATCAGCTACAAGAAAATTGTCACAATATCTCTTCAGGTAAGGACAAAAATCAGGATGATGGTGAATTCGATTTATATGGTTCAACTGGGATAATTGGAAAAACTGAAAACGCAAGTTACGAAGGCGATTACATTCTTGTTGCTAGGGTTGGCGCTAATGCAGGTTTATTAAACAGGGCACTCGGTCAATTTGGAGTTACTGATAATACTCTGGTTATAAATCTCAAGGATCCTGAAATGGTGGATTTTATCTTCTATTCTTTGGACAAAATTGGATTAAACAAGTTGGTTTTTGGCTCTGGTCAGCCTCTAGTGACAGGAAAGCAACTTAAAGAATTAAATCTCCCGATTCCCAAGAACCCAAAAGAACAACAAAAAAACGCCTCCTGTCTTTCAGCTGTGGATGAGCTCATCACCGCCCAGCAGGAGAAAATTGAGCAGTTGCAGCAGCACAAAAAGGGATTGATGCAGGGTTTGTTTCCAAAAATAAAAACGTAAAGACGGGTAAAGACGCAATGCATTGCGTCTCAACAGCGTCTCCATAAAGAAAATGGACAAATACAAAAACAAATACCGCATTGCCTCCGCCCGTGCCCCGTTTTGGGATTACGGTTGGAATGCCGCGTATTTTGTAACCATCTGCACACACAATCGCGAACATTGGTTTGGGAAAATTTCAGGTGGGGTGATGGATTTATCGGCAATGGGTCATGTTGCCAATTCCTGTTGGTATGAAATCCCGAATCATTTTCCGTTTGTGGAATTGGGGGCGCACGTTATAATGCCCAACCATATACTCGGCATTGTTATCATCATTAAACCGGATGATGGTCGCAACGTAGAGACGCAAAATTTTGCGTCTCTACCACCGCCACCGCCACCGCCACCGCCACCGCCACCACCGCCACAAACGCCACCATCAAAACCATCGGAAACGGATACCAAACCCAAAAACCAATTCGGTCCCCAATCCAAAAATTTGGCATCCATTATCCGTGGTTTCAAAATTGGGGTAACCCAAAATGCCCGACAAATCAATCCAGATTTTGCCTGGCAATCACGATTTCACGATCACATTATTCGTGATGACCAATCGTATCAAAAAATATCAGAATACATTATAAACAATCCCGCCAATTGGCAAGACGATAAATTTTACAGCACAGCACAATGACACAAAAAGACCAAGATAGATTAGGAAAAACCCTTTGGACAATAGCAGACAACCTGCGTGGCGCCATGAATGCAGATTCCTTCCGGGATTACATGCTTTCATTTTTGTTTTTGCGCTACCTATCAGCCAATTACGAAGAATCGGCTAAAAAAGAATTGGGTTCAGACTACCCCAAACTGTCAGAAGATGACGGAAGAACTGCTTTAGCGATTTGGTATGAAGAAAATGCAGAAGATATATCTGAGTTTGAAAAGCAGATGCGCAGAAAGGTGCATTATGTTATCAAGCCTGAGCATTTGTGGAGCAATATTACCGAACTCGCAAGAACGCAAAGTCCAGATTTGCTCATCACCTTGGAAGAAGGCTTCCGCTACATTGAAAACGAATCCTTCGATAATTCTTTCCAAGGCTTGTTCTCTGAAATCAACCTGAATTCGGAAAAATTAGGTAAAACACCTTCCGACCGAAACAAAAAACTCTGCACCATCATCCAAAAGATTTCAGAAGGCATTGCGGAGTTCTCTACCGACACCGATACGTTAGGCGATGCGTATGAATATTTAATCGGTCAGTTTGCCGCAGGTTCAGGAAAAAAAGCGGGTGAGTTTTATACGCCACAGCAGATTTCAACCATTCTTTCCAAAATCGTAACGCTCGATAGTCAAGATCCATCAACAGGACCAAAACAGAAATTGGACAAAGTATTGGATTTCGCCTGTGGTTCCGGTTCATTGCTCTTGAATGTGCGTAATCAGCTCAAGGAACAAACCAAAGGTGCTGGCACCATTGGCAAAATCTACGGTCAGGAGAACAACATCACCACCTACAACCTGGCTCGTATGAACATGCTTTTGCATGGCATGAAAGACACAGAGTTTGAAATTTACCACGGTGATACCTTAAAAAACCAATGGGACATTTTGAACGAGATGAACCCATCCAAAAAAACCGAATTTGATGCCATAGTCGCCAATCCGCCTTTCAGCTTGCGTTGGGAGCCTAATGAAGCAATGGGAGAAGATTTCCGCTTTA
NZ_CP027806.1_gap50	1820503	1821936	1433	TTTCAAGCGGAAACTGCGGACTCAGGCGCTCACCGATCACGTAGCTGTCTGCAATCAGGGGGGAGTCGCGTCCTACATCATCAAAAACAAAGCCGTTGACCCTAAGCTGACTGATCCCGGTTGCGATGAGCACGGTTGCGAGCAGGGTTCCGATCACGACCGCTTTGTGATACCGCAAGGAGAAGCGGAAGGTGGCCTGCAGGAAATTGCCGATGGCGTTGTGCACCCGCGCGCCGGGGAGTCCGCCGGGTGACGTATCCTTAAAATAGGGCATGAGGTTGGGCAGAAGGAATATGGTGATCACATAGGCTACCATAACCCCGATGGCGGTGTAAAGCCCGAAGGTGCGCATGGGCACAACGTTGCTGGTGAGCAGGGTCGCAAACCCGATCGCGGTTGTTACGCTTGTGAGGAAGGTCGCGCTGCCCAGCACGATGAGGCTTTCACGCACCGCCGGCGGTTTTTCAATGCCGGCCATGCGGTTGTCCCTGTATTTGGACAGCATGTGCACCGAATCAGCGACCCCGACGCAGAGCAGAATGGGCGCAATGGTGCTCGTCAGAATTTCAAAATATCCGCCTGAGGCCCACAAAATCACGACCGTAAATAAGATGGTGAGCCACACAATCAGGATGGGTATGACAATTCCCTGAACATTCCGGAAGAGGAACCACAGCAGCAGGATGATGAGCACGGACGATATGCTGATGTAGAAAATGATCTCGCTGTTGAGCACATTCACATACTGATTCCGGAAGTAGGGAATGCCCGCGACGTAGTATTCGAGCCCGTTTTGCGCACTCAGGATGTGCATCAAATCCCCGATGATTTGCTCGCGTACCGGGAAATTGTTCTGATCTTCATCTATCGCAATATAAATCGCGGTGAAGTCGGCGGCATTGCTGATGAAGAGCCCCTGCACAAACGGATCGGCAGTGATCTCTTCCATAAGCGCCTGCCGGTCGGCTATTTCGCCGTTAAGGAAGGGTTCGGCAACGAGCCGCCCGTCAACATTGCGAAGCCGCTGCGCGTCGAGCAGGCTGAGAACGTCGGTGATGTTATCAATGTCTTCGAGCTCCCGCACGAGCTCCCGCAGCCGGGCGATGAAGGCGTCTTCAAGCACATCCGGGTGTGAAAGCCCGATGGCGATTACGTTGTCGTCCCGCCCGTATTCTTCGGAAAATAGCTGATAGGCCTCGATGGTAGGATCGTTCTCGGGGAAGAAGCCTTCGAGGCTGAAGTCGGCTTCAACATTAAGCACAGGATAGATGGAGGCGATGACCAGAATAACCGCGATGGCCAATACCGGCCTGCGGTTCGAAATGATAAAATCAGCGAGACGTTCCAAAAAGGGAAATTCGGGAAAAGGTGTAAGTCATTGGTAGTGAGCAAGCGCAAACAGCTGTAGGTACGGGTGGCATTCCATCAGCCTG
NZ_CP027806.1_gap51	1828235	1832080	3845	GAGGACGTTTACGAGCAGGTGTGCGTCGTGGGTATGGCTGAGCAGGTTACGGTCATTGATCATACTGATCCACGGCTCGATCTCATCCAAATACTTCGCCTGCCAGGCTTGTCTCAGAATTCCCTTTGGTGAAAGTTGTTGAAGCACAATGCCATCGTCTTCCATTTTGTCTTTGAGGGTTTTGACAGCGAAATCTACTGTGAGCTCAAATCCCTTGTATAAGCCGAGCAGTTCAAGTTCTGATAACTGCGATAAATCAGCTTCCTCAACAAGCTGCAGGGTAGCGCACATCATCTTTTGATAGTCTGCAAAGGGGTGAGGCTGAAGTGAGTCGTTATGCATTAAGATTATTTTGGTTGTGTGGCACTTACAGCCAAATGATTATGATCGGGTGATAAAACGTTGCTATAATTGAGGTGTAATGCTTGGTAAAGCCTCTTTCCGGAAGGGGAGGTAACCAAGTTTTAAGCTTAAGCCTTTGTGGAAATGCAGAGGCTTTTTTTGTGCTGTACTACAAAATAATCTAATTGGTAGTACTCGTCCAATACTACGCATTTGTTTGTGTTGTCAATACGCCCTCCGGTCCTCCTTCAGCCGCCAGGCCTCGAAAAGCTTTGCTGCGCTTTCCGATTTCAGGTTCACGAAGCGGATGCTGCGGTCTTCCGGATCGAGCGGGATTTCATCATAGATGAACTTGTCATTGAAGCCGATTGCGGCGGCTTCGTCCCGGGTTGCCGCGTAATAGACCGCACTGATATTCGCCCAATACACCGCGGCAAGACACATGGGGCAGGGTTCGCAGCTGCTGTACAGCACCGCACCCGGCAGATGAAATTGCCCCATTTCTTTGCACGCCATCCGGATGGCCTTGACCTCGGCATGTGCGGTTGGGTCATTGGTTGAGGTCACCCGGTTATGTCCCCGCCCGATGACTTACCCATTGAGCACAACAACCGCCCCAAAAGGCCCGCCCTCATTCGCATTCATGCCGCGCAACCCCTCCGCACAGGCCATCTCCAGAAAATCCGCATGATTCATGTTGAACTCCTATTGGGAAGATCGTGATCAAAAAACCGGGCAAAACCCCGTACGCTTAAAAAGAGATTAGCGAAGTTGGGGGTTAGTTGCAATGTTGGGGTTAGTCGATTTTGATGCGGGCTTCGATGCGCAAAATGTAGCCGGTTTCCCGAAAGAAACGCTCCATGCGCTCGATCTGACTCACCCTGAATGCCGGCTGTTCGCTGTTGCAGATATAAGCCCTTTTCTTCTTATAGGTTCCGGCTTCCCCGCATACTTCAAAGTGGGAAATCGTCTCCCTAAGCTGCGATTCAGCCGTTTTGATCCATTCGCTGCCTTTGTCCCGGCGCTGTTTGAGTTCCGTGAAAATCACTGTTGTGTCATAGCGTAGCATGCCGTCACAACGCTTCCCCATTTTTCCGTCTTCACGCCGTAAGTCAAGGCAGTGATCAACGGCCGTGAAGGTCAGCTGACGCCCCTCGGGGTTATGAACCGTTGCAATCCAGCGTTCGGGCGAATTGGTATCAGTGTATGCCGGTTCCTGTGCCGGATGTGGTTTGTCGCACAGGCTGAAGAGTTGCGCATCTGTAAAACTGTTGCAATGTTCCGGAGCGAAGGTTTTTCTCATAGACCTTGTTGTTGTATTTCCAGAAGCTCTGCAAACGATTCATTGCTTTTATCGAGTGATGCGTTCAGCTCATGCGCATCCGATGGCAGGCCGTTGTAGGATGGCAGCTTGCGAATCGACCCATTTTGCTCATCGAACTGATAAACCGCAAGGTCATCCCCGGGCGTAGCGGCTGCATGCGGAACAATCTGATGTACTTTTGCGCCATCCAATCCGGACATATTTTGGTTGTTCAAGTCTGCAGCTTTTGCTGCAAGGGTCAGAAAGTTGATCAGGTACGGACTATGCGTTGTCATGATGAGTTTATTGCCGCTATTTAGGTTATTCAACGCCAGCAGGCTGTACAAAAGCTGTTGCTGCGAATCCGGAAACAGGTTCTGCTCCGGCTCTTCCACGATATTGATGAAGGCTGTTTTTGTAAATCGTGCCGAAAGCACCGTAAGGGCTGCCTGCCGCTGCTCTTCTGTTAATGAGGCGTTAGCCCATATTTCCTCAACCCCTTTTTTGAACCGCAGCAGCTCGTCGCTGCTCATGGGTTCCCTTGCGGATGCATTTTGTTTTTTTACCGTTTCAGCAAGATGCCACGAAACGAGATAGAGCGGAACAAGCGATAAAAACCCACTCGAAGCCTCTGTCAACCCGATTTTGTACCCCGCGCCCTGAAGGTTGAGGGTGTCGTTAAGCTTATCGAATTCCAGTTGTGTTTGATTAACCGGCAAGGGCAACGACCCGCTTAGATGTTGTTTTGCATTTTCAAAAGCGGTCAGAAATTCCATGAGCGCATCAGATGATAGCTTGAGCTCTTTGGGAGACTTCACATAAGCGACAAAATTACGCTCGGAAGGCACATACATGATTTGCGGAAGCTGATAGCTTCTTCGGTCAAGTTCTTCGATCGAGAGTGTCCCGTTCTGATACAAAATCCGACAGGCTTCCCCCTCATATTCAAGGGCACTTCTCTCGCTGCCGTTGTACTTCAGATAGCTGTCAAGCCGGTGATAGCGCAGCAGCTGATCTTTGAGCCTGCTTTTCTTTTCGAACCACTCTTGGGTATAATCACCCCGCACAAGCGACTTCTCAGCCCACATAAAAGCAGAAATAAGCTTGGCAACAGTACTCTTTCCGGAGCCCTGATTGCCAATAAAAACGGTCACTTTTTTAATGTCAAGCCAGCCCCCCTCATCCGGGAAGCCTTCCTGAATCGGACCAAAATGCTTTATTCTGATTTTGCTCATTTCTGAAGTCGTTAGGGTTTTAAGATAGATGAGATACTAAATTGCCGGTGTGTGAGGATGATTAGAGTGGAATTTAAAGTTTTTTATCACTTTATAAGCTGTTGTATTTAAGGTAAGTATCATCTACCCAAAATTCGTCGAATCCCACTCACAAAATGACCAAAACTAACAGACTTGTTTCCATCAATTTGAATAATAGAGGCGATTTTTCTGGCACAGCTGATCTTTGAAAATTCTTTTGTCATCATTTTAAGCTCATCACTGCCGGTCAGTAAATCGGGGTTTCTGAATTTGGCTTTTTTTGAAAGTTTTGCGCTTTTACTTGCAGGATAAAGCTGTTCAACTGCAGCCAGATCGCCGATATACCAATTCTCAAGTTCCCTGCACGCAATACGAATCAGGTGCGGAAGGCGAGGGGCGTTTTCAGAAATAATTTTCTGAATGCGGGCTTTTACCTCAAGGCAGTCAGCGGAATCCTGGTCATGGATTACAATCAAAAATACCTCTAAAGGGTAGTACTGATAAGCCCGAAGCCTGTTAGGCAGCATCTTCATCAGGTGCTGTTTGCCTTCATGGGCATGAATGAAACAATTGAATCCCAAGCTGAAACCATCGGGCAGAATGCGCGGCAAAAATCCTTTCAGGAATTCCTCCATCGACCGTTCTTCAACCAATATCTCAACCCGTCTATCCATTGGGGTGACTTCCTTCAAACATGTTCGATTTCCACAGGTAGCCGAGCGGGTTTCCGGCTTTGACCTGTGCGGAAATAAACGGGTCGTCTGATGCCCGCCTGATTTGCGTGTAGCCTTCCCGCTTGTCCAGCCAAAAAACCTCGTCGGCTTCAGCCGCATTCAGGAAATCCGGACTGTGAGAGGTCACAAAAACCTGTCCGCCCTTGTTTGCATACATGCGGAATTCTTCCAGAAGCTCAGGCAGCAGGGTTGGGTAAAGCTGATTTTCGG
NZ_CP027806.1_gap52	1927499	1928777	1278	GATTTGAACTGAGATTGGGATTTCAGATATTACTTCTTAGTATATGTATATCACTGTTAGGCTGTGATTTGAACTGAGATTGGGATTTCAGATATTAACGTATGACCGTCGTGTAGGTTATGCGCAGCTGTGATTTGAACTGAGATTGGGATTTCAGATATTGAGCATGGGAGAAGCAGGGAAATCTTGTAAGCTGTGATTTGAACTGAGATTGGGATTTCAGATATTCAACGTCAGCCGGTGCAACGATGGCTCTTTGCTGTGATTTGAACTGAGATTGGGATTTCAGATATTTATTCTCGAGGACGGGCGCGCTTTCTTTCGGCTGTGATTTGAACTGAGATTGGGATTTCAGATATTTAACTATTAAGCCTTAACGCGCTTCAAATAGCTGTGATTTGAACTGAGATTGGGATTTCAGATATTTACCACTCAGCGTTGAAGCGTTCGGGCCACGCTGTGATTTGAACTGAGATTGGGATTTCAGATATTAGCATGAACGGCGTTGACATGGCATTGGTCGCTGTGATTTGAACTGAGATTGGGATTTCAGATATTTTACGGTCAAAGTAAGCAATTCGATTCAGCGCTGTGATTTGAACTGAGATTGGGATTTCAGATATTCAACAATGCGCTAATGAACAGGCTGCACTAGCTGTGATTTGAACTGAGATTGGGATTTCAGATATTAAGGGATTGATAAAGCCCGCAGATGTTTTAGCTGTGATTTGAACTGAGATTGGGATTTCAGATATTGAAGGTGGTGTTGTGGACGCAGACATCCTCGCTGTGATTTGAACTGAGATTGGGATTTCAGATATTATGGGCTGAGGGCACCAGTCCCCGGGCTGAGCTGTGATTTGAACTGAGATTGGGATTTCAGATATTAATTATCAGCGAGGAGCAAGCCCGCGCAAAGCTGTGATTTGAACTGAGATTGGGATTTCAGATATTCAACCGCATATTCGATCAGGTCGAAGATGCGCTGTGATTTGAACTGAGATTGGGATTTCAGATATTATTTTTGGCGAACAGCAGGAATTGGGCTATGCTGTGATTTGAACTGAGATTGGGATTTCAGATATTATACTGGAATCGGGATTCACAGGTTTGGACGCTGTGATTTGAACTGAGATTGGGATTTCAGATATTTTCGACATCCCCGCACATGCTGGGGAGGGCGCTGTGATTTGAACTGAGATTGGGATTTCAGATATTAAATTGATTGATGAATCAAAGCTGAAAAAAGCTGTGATTTGAACTGAGATTGGGATTTCA
NZ_CP027806.1_gap53	1929963	1933687	3724	TCAGCGGTACCGTTGCCGCGATCTGCGCCCGATAGGTACGGGTTTGCGTACTGTGCCCTTCAAGCCGGAACAGCATGGCCTCCGGATGATGGTTGGTGCCGCAAAAAACAACCGCCGTATTGTGCGTGCAGGCATGCTGCACAACCGCCTGCGTAAAAGTCGTTTGGGCATGATCCAGAATGATAAACCCGAGATCCGAAAAAGGTCTGCTGTGCTCCTCTTTGTTTTGCTTGTTGTACAGCACAAGCTGTGACATGCGAACGCTCAGATGCATCGGGCTTGTGATATGGAGGATTTTTTTGAGCATGTTTCAGATAAAAGTGATGCCTCCTTTTTCATCAATCGTGAAATGATAATCTTGGATGAGAAATTGATAGTTTTTTGAACCAATATGATAGTATGGTAATGGTTCAATTGAAGCTTTGTACTTCGAGTATCCACTTATCATTAGTTTTTCGGGTGACTTACCGTTTGCATTTTCAAAGTCTGATTTGAATTGAATTTTACCACGTGATTCTTGAAAATACTGAAACTTCATCCTTCCGTCTTTTTCAAGATTTACAGCTTTGTAGAGCCTATCCGTCAGCTCTTTTTCTGAAAGCTCCGTCAGTTCATCAGGGCTTTCGAGGTAAAAGCATACGAGGGTATTTTTCCGGATCAGGCCAAAAAAGCTTTTGCCATTCATTTCCGGCGCTACCAGGTCCTGCTCTCTGCGAAAGTCCCGCTGACTTGCCTTGAGGTGCTGCGTCGCTTCCATCAGGTTAATCAGGGCATAGTCATGGCGGCCTTTGTCATCGCGGTAAATGGCCATCGCATAGTTTTCCTTGTTATTCACATACAGCTGCTGCTTATAAGCATGCTTGGACTGATCGCGGTGCTGTTTAAATCCGGGCAGCGGCTCGGTCAGTTTCGCCTTTATGCGCACTTTGCGAATAGGGGTCCAAACGGTCTTACCTTTCTTCGGCGGGATGTGGAATAAGCGGCTGATTTCATTTTCAACCGATTTGATCTCAGCTTCGAGCGTAGCTTTTGATGCAGCCTCCGCATCTTTAGCTTCCTTTTGAAGGGCTTTTAAACGGTCATTAAGCGCTTTTTGCCGCGGTATATCGCGAAGTACAATTTCACGGATATTGGGGTCTATAATTTTTGTTGCGTCTTTCACATCCATGCCGTCAATGGACTTCCTCACCACAAACATATCTTTACTTTTCTCCGGCTCATGCGGATTCATGATTCTGCCATAGAAGGTTTCTTCATGCAGTGCACCCCTCGCCGTATCCCCCTGCTGATAGATAAACTCCTCCGGTTTGTGATGTTTGCGCTGCTTCACACCCCGTTTTCGGAGAATTTTCCGGACCTGCTTTTTGGGCTTGTCGGTATCGGTGTGCACCACAATTAAATCTTCATGCAGTTGCTGCATATCGGTCGTGAAGGTATCCCATGGTTTGGTTTCCCGCAGGACTTCCCGCATGGCAGCGAGCTGACCTTCTTCCTGCAGGCGCCAGGCATGTGAGAGCCGGTTATGGCTGTCGCGGGTAATGCAGGCAATGGTTACGGCATCGATGGCATGATGGGCATGGTTGCTACGGTTTTTAGGCGCCATTTCCCACAGGCCGGTTTCATCATTAAAAAAGTCCTGCAATCCCCAGGCTTTTCTGAAATGTGCTACCATTTCCCCGTTAATGGGAAAAACATTCGGATTTCCCCGCCGGTTTTTGAACAGGCTTCCCAGAAAGTCTTTCGCATACCGGGTAATAATGCCGGTATCAACCTTCTGACTGATTTTAAAGCCCTCAGGTATTTCCGTTGCCGTAAACCTTTTTACTTTACCGCGCCAGTAATCCCGTTCCATACTAAGCTCATGTCGCTGCATGATGAGCTTGTCTTTTTGGTCTTTGGTCGTTGCAGCTTTGGTACGCCGCGACAGCCGGTTGATTCTGTCTTCGAGCGCATCAGCCTTCTCCACCCAATGGCGGATGCGCTGAACATAATCGTCATAGTTCTCCAGCTCTGAGGGCATCCGGTTACGCTTAACATCCCGGTTAAATGTGCGCTCGGATAGGGTTTTGTTCATCATGGAATTATCGAGCGTGCGGCTCCGGGGCAGGGTGTGCTCAATGTCATATTTGGGGTCATCACCGATAAAATCGGACAGGCCAATTTTGTCTCCTGTGTACAGGCAGATGCCGTTTTGCTCCTTCCAAAGCTGATACTTTTGGATGTCGGTCTCTGTAGGTTCGATGGTTTGGTTCTTTTGTTCTTTGTACAACCGAATAATTTCATCGCGGTACTCGCTCCGCTCATTTTGCCGTTTTCTTTGATAGTTTTCTATCGCTTTCCGCTTGTTGGCGTCGTTGAGTTCACGCGCCAGCTCAATATGAATGCTTGTTTTTTCATCAATCAGCTCTTCGGCCAGCAAATGGTTAATCAGTTGCCGGAGCTGCTGTAAGGAGCGCATCACGACCGGATTTTTCAGGGATGATTTCAGGGGATTCGGCAGTCCGTACAGCGGTTTACCATCCTTCATCAGCGGTTCCCCTTTTCGAAGTATCACTTCCGGCACAAAGCGCTCAATTGCGGAAGGGTGATAAAGTTTTTTGAGCATTTTGGGAGACGCAACCACAGCTACTTCGCCAATTTTCTTACCCTTAAGGGCCTTTTCAATGCGATCTTCCAAACGCGCAGTTCTCTGAAAGACGGGCTCATCCCGGTCGGTTTTCATGGCTGCATTGAAAATAGATACGGCCTGACTAATCAGGCTTTGCTGATGGGGATGCTCCTGCCAGGTTTTCTTTCCGAATTTAAAGCTGAGTTTATGCTCGAGTTCTGCCCTTACCCAATGCGGATTTTCGGGTTCGGTCATTTTTCCGTCCCGTACATTTCGCACAATTTCATTAACGGCAAAGTAAAGCTGCTGCAGCTCGTCGTGTCCGTCAATAATGGAAATCAGTTGCTCTGTGATCTCAGCCTGATTTGCTGCATTTTCCCATATTTCGGGTTTGATGATTTCAGGAAGCTTGGCCAGAAACACGGCGTGACTGTATATCAGCCCTTCCCGCAGCCAGGGCAGAATAAGCTTGATGGCTTTGAGGCTAAGGTTGGCGTAATCATTCCGGAAGGGCGGGATTTTTGTAAACCGGGCGGTTTCCTGCGCGGTAAGGGAGGTGAAGGTATCGGCAAAACGGCGCAGCGCGCTTTCGCGGGTTACATCGGTGAAGCTGCTGCGGTCTCCGGCGGTATCGGCAAAATACAGGGCCTGCCAATAGCGGGTAATGATGTCATTTTCGGAAAGCGATTTTCCGGTCCATCGGTTTACGATTAATGTTTTCCAATGCAGGTGCTCGTCCGGGCTGTTTTTGAAAACCTGCATTAACCGGCCCGTAAAGGGACACCCGCTTACCGTAGTTGCCGGATTGTAATTTACTTTAACAGAATATTCCGCAGCACGGTGATCCTTCCTGTAACAGTAGGTATCTTTTCCAAAAAGCCGGTCAAAAATATCCGAAACGGGAAAACTCGGTTTGCTAACCCGGTAAAATAAAGGCTCAACTTCGGATTTTTCGGCTTCCGAAAGCGGCCGCATGTGAAGATCGTCAGCGGTCTGAACAGCAATATTATTCAAAAAACTGCGCATTCTGTATTCCTCAAACAACGGATGTGTGATGGGGCAGCGTGATTTTGACGGCTCAAACGGGCATTTGCCGACACTGCCTTTTTGGGACTT
NZ_CP027806.1_gap54	1976921	1980591	3670	TACTACAGGATGAAAACCTTCAAAGCCTCGACTATACGGTCAGCTTTTCAGGTCTCTCTTTGGTTTCGCTTGCAGCAACGCCTGTTGATCAGGATTTAATTGGCGAGCTGTTAAGTGTAACGCCTAATTTCAGCCGACAAAGTACGGGCTTCTTTGCAGCCCCGGCCCGTGCACTTGCCCTTGTTTTTCACAGTGGTGCAGCTGTTAATGCAGGTACGGTTGTTCTTCAGGTAGGCGGGGAGGTAAATATTGGCCCCAGCCGAATCAGTTGACCCGGCAGCGGAAACTCCGTTACATCGCCGGTAACAATTCCCACCCCGCTGAACCTGGCCGGTTTGAATGTGTCGCTTGTACATGCCGATCCGGGAACTTTTGGGGTTTTACCACGCACCCAAACCTGGAACGGCTCTATCACGCTAAACCGTGCAGCCAACAATATATTTGCTGTGGATGAAGCTTCAGGTCAGGTTGAACCCGGCGATTCCAAAACCATTACGCTAACGCTTGATGCCCGCCGGTATCCGGGTAGCGAATACACCAATACGCTTGCCATTCTTTCCAACGATCCGGCAACGCCTTCTGCTGAGCTGGAAGTAAACCTGGAAGTCCAGGATGCGGCTGCATTTACCGTAAATACAGAAATGGTTTCCTTCCCTGAGATTTTTGTCGGAAATACAGTAACCCGCAACTTCAGTATTAGGAATATGGGGTCGATTCCGCTTGAAGTAAGCAGCATGACTACCGATAGTGGCGAGTTTATTGTTAGCGATGAGCCGTTTAGCCTCGAAAGTGGTGAGCGTCGTACGATTTCAGTTCAGTTTGCGCCTGCAAGCAGCGGCAGTAAATCGGCGGTATTAACCTTTAATACCAATGACGGTGCTCATACTCTTGGCCTGAGCGGAAATGCTGTAAATCCTGGTTTTCTCACGCTTAACCCAACATCGATTGAAGTAGATGTTCTAACAGGAAACAATAGCTCATTCAGTTTTCTGATCTCAAACGATGGTGAATCTGAATTGGAATTTTCTGTTGGAGGGGATGCGCTGGAAGATCAGGAGCGCTATCTCACCCCAAAAAATGAAGTAACTTCCATTGAACTCAATCACCGTACGCAAGAAGATGATTATGCAATGGTTCCTGGTGATTTCGGGTTCATGCAGTCTTCGAAATCCGAGATAGTTGCAACAGATGAAAAATTCAATAACGGACAGACCTTCTTCACCCGCGGTTTACTTAGCAATGAAGTTATTCTGACCCACTCCAATTCTCAGGATCCGACATCCTCAGGGATTCGCTGTGGTGCAGACACCACAACTGCGCTAAATCGCTTCTTAAGAACTTATACGCTCACGGACTTCGATATTGAGGGTGGAATAGAAGTGACGGCGCTGCAGTTCGGTTTGCTGTTAGCGACAGGAAGCCCTCTCAATAGTTTTGCAAGGGTATACCTTCTCGATGGTGATTTATCCTACGATAACATGACCCTGATAGGCGAATCCGCTTTCCCGATAGATAGTTCAAGTGACGCTTCGGTCATTACGATACCGGTTTCTGCTACGGTCCCTGCCGGTTCTACCATCGTGGCTGAAATTGAAGTGCCCGAATCACCTGTAAGCGATATGTTCCCGGGTTCAAACGAAGCCGGTCAAACTGCGCCCTCATATATTCAGGCACCCGACTGTGGTATTGATACGCCTACAACAATTGAGTCCTTAGGGTTTCCCGAGGTTGCACATATCGTAAATGTCATTGGTCTCACGGAAGACGGACTTTTCAGTTTTGATGTTCGGTCTGGTACACTCGCCCCACAAGAGTCAGTAACGGTTAATGTTACAACCAATACCGAAGAAGTTGCTGAGGGTTCATATCCCGGAGAAATCCGTGTTACGACCAATTCTCCGGCGACTCCGCTCGGCCTTATGGATGTAATGGTGAATGTTATTGATGCCCCTCAGATTGGCGTTGATTTAACTGAGTTGTCTCAAGAACTTGAGCTGTATCCTGATTTTGCAGAAACAGGACAGCAAACCCTGACCATCTCAAATACGGGCACGAAAGACCTTGAATTCACCATTTCGCCCTTTACCTCTATGACTTCTCAGCCTGGTTTGGAAGGGCGTACGATGCTCAACGACGACATGCAGGATTTAACAGCTGCGTCATGGCTTACCACAGATATCAGCAGCGGTACGGTTGCACCGGGTGAAACAGCAGAGGTGATCGTAACCTTTGATGCCGTTGGCCTCACTCCCGGTGAGTATTCAGGTGGTCTGATCATTGAAAACAATGCTTTCAATGACCCTTCCCTTGTAATCGAAGCAGCGCTTACCGTGTATAACTTCTTCGGTACCTGGAGTCAGCAGTTTGATGGCAGTGAAGGCTGGCGCCTTGTTGCCTCGCCGGTTCGTGGAACCATTTACGAAGAAATGTTGTCAAGTATCTGGACACAAGGGTATCCGGGGTCGGCATCTTCCAATGAATTCGCTGAGCCCAACGTATTGTTCTATAGTGAACCCAACCGTGAATGGTTGCCGCCGAGCAATGCTACCAATGTTGTAGCCTCTGGTTCGGATAATGAAAACTTCAACAATGCCGGACGTAGCTTTCTGGTTTATATGTTCGACCGGGATGAAATCGGTGGTCCGGTGCAATGGCCCAAAACCCTCACGGTTGAAGGACGTCGTAATAATCGCGTAGTACCCGTTGTTCTGACACGTACAGAAAGTGACGGGCGCATTGAAGGTGATGAACCTGAGCCAGGTTGGAACATGGTTGCAAACCCGTATCCTTTTGATATAAACTGGAACACGGTTGTAGCTGACGGCGGCCTTTCCCGCGTATTCTCAACCATTTTTGTTCAGGACCCTGAAGCAAACCTGAATTCAGGTGCATTCCGTCCAAGTTTTGGATTCCAAATGTCAGGACTTGCAGCAGAAATTGCTCACGATGGTATTATACGCGGCTTTGAAGGCTTTCAGGCACGTGTGTTTGCGAGTCGCACAAGCGGTAGGATCACGTTCCGTGAATCGCATGCTGCAAGTGCCCGGGGCAACGAAATGCCGGAATCGGAGCAGGTACCTTACCTTGCGCTTTCTGTTACAAACGGTTCATTGTCAGATTTGGCAGTGATTACCCTGGTGGGTGATGAAGCCGAAGGTCAGACAGCTGTTGCACGTCCGCAGGCACTTACGGTACCAGCTATCACCATGGGTTTGAGAGGTATAGATGATCAGTTGTTTGTTCAGCAGAACCTTAACCTGGGCTTTGGAGAGCACGTATCGCTTCCGATTGCCTTTGCTTCAACGCATGGTGGCAACTTCAGCCTGCATCTCGATGGGTTTGATGGCTGGGCAAGCGACTATTATGTCAGCCTTTTTGATCGCCAAACAGGCATGATTCATGAACTTGCTGAAGGCCATCCTTACACTTTTGTAAATACGCCAAGCCAGAGTAACCTGCAGCGTGTCGTTACCGCCGCTGGCATGGATGCTGTCAGTATTGCACAGCATTCGGAACTGGTTAATCTTGAAATGGAAGATCGTTTCGAGCTTATTATCAGCAACGGTGTACCAACCTCTATAGAGCCCGTTCAGGAAACGCCACATAGTTTTTCTCTGAAGCAGAACTACCCCAATCCGTTTAATCCTACGACTATGATTTCATACAGCCT
NZ_CP027806.1_gap55	1993854	1996871	3017	TCAGTACCGCATGGATCGGCAGATGCCTCACCGGCTGAATCCATTGTAGGGGCGGGTGCGTCATCACCACCGCCACATGCTTTAAGCAGGGTTGTAGCACCAAGTGCACTGATGCCAAAAAGTGAAACTTTTTTGAAAAAGTCTTTTCTGTTAATACTGTCGTTGTTCATAGACTTGCTGATTGGTTTTTGGATGGTTGAATAATGTGGCTGTAACATAAGACAACTAACCTAATAAACAGCCTTCAAATTCGAGAAAGGCATAATTTGGAAGTAGTTTAAATAAATTTCAGGCATCCTAATTTAGGTATGCAGTGGGTTCGGGTATTTCTTAAAAAGCCCGGAAAACAATCGCAGCTTATCTTACCAGCGCAGAAAATAACTCAGGGCCAGCAGTACGCAGGCCAGAAGTACGAGACTAATCCGGAAGCGGGTGCGGAACATGATGGGATGAAACATGAAGCCGATACTCATGGGGTAGCCTGCCAGCCATTCGTAGTAGTGATGCCGGTGCAGACCCCCGAGCGCCATGGTAACATGCCCGTGCAGCACCGTCATCATAAAAGGAAGGGCGAAAACAAAAGCGCCGACATAGGCAATGGCGGCAGAAATCCCCGTCCAGGTTGCGACCAGGTAGTAGGGCCAGGCAAAAAGCACAATCATGGGAAGGGTTAGGCTCCAGTTGATGAAGCATATTCTGCGGTAATTCTTTTCGGAAAGCTCAGAGTATCGCATGGCGTTCGGTTGAAAGGGTGACGCACAAGTTACCAATAAAAAAGCAGACTGCACGTAGCCGCACAGTCTGCCGTATAATGGAAGCGGGGGAAGCGTTTTGCCTTAGCGCCCGGCTGCCTCGAGTGCCTGCATGCGGGCAGCTTCAAACTCATCGCCCGGCACCCAGCTTTGCATTTGGGGATCGTTGGCGATCCGATAGGCTACGTTGAACAGCAGGCGCAGATCGTCTTCTGCCCCTTTGAAAGTCATCACATTTTCGATGGTGTCGTGTACGGTATGGTAGATGTGCCGCAGATGTGGTATAACGACATCCTGATGGAAGTTCTCATCATGGATGTAATCTACACCCGGATTCGGGAAAAGTGCGGGGATACCTACGCGGGCAAAGGAGAAGTGATCAGAGCGGTAGTAAAAACCCTGACCCGGGTCCTGATCGGGCACAACATAGCGCCCCATTTTTTCGGCTTCTTCAATCATGATATCATCCATTGAAGTGCGGCCTTTGCCGACAATTACAACGTCGTGTGTTTGGCCGAAACCGTTGATCATATCAATATTGATGTTGGCCGTAATCTTGCCAACCGGCACCGGGGAGTTCAGCGCGAGATAGCGGGACCCCAGCAAGCCGGACTCTTCAGCGCCAACCGCGGCAAACATCAGACTGCGCTTAACATTCGGCTGAATAGAAGCAAAAGCGCGTGCCATTTCAATCATGCCGCTTGTGCCGCTCGCATTATCCATGGCGCCGTTGTACACGGAATCACCGTCCACAGCTAAGCCGGTGCCCAGATGATCATGGTGGGCGGAGAACACGAGATGCTCATCACGCAGTCTTCTGTCGCTGCCTGGCAGCACTCCGACTACGTTTTGGAACTCGAGTTCGGAATAGGTTGCGGTAAGGTCGATGTCGAGTTTAACGCCTTCCAGCACAACGGGATGAAAGTCAGGGCTTTCCGCTTCATCAAGAAGGGCGTCGATATCCAAGCCGGCTTCCTGAAAAATACGCTCAGCGGCGTAAAACTGAATCCATGCATTGAGTTCCGTTTCTGAGTCTTCCTGCATTTCATCGGCCAGCGCAAAACGTTCGCGGCTCCATCCGCCGGAAACAACGTTCCAGCCGTAGCCGGCTGTTGGCAGGGTGTGAATGATGATGGCTCCCAGTGCGCCCAGCTCTTCAGCTATTTCATATTTGTAGCTCCAGCGCCCGTAGTACAGGCGGGTGTTACCGGCAAAGCGGTCCGGATGTGTGCTCGGGTCACTGTTTTTGAACACCAGTATTTTGCCGCTAACATCCATGCCTTTGTAGTCGTCCCAGTCTTCTTCCGGGGCAATGATTCCATAGCCGACGTACACCAGCTCGGCGTCGCGGATGTTCACTTCCCGCTGACCCGCTGCCGGCCAGGCCATCATATCGGTGAAGTAGTCAAATTCATGCAGGGTCCGGCTGCCGTTGTGGAAGCGCATGACAGAGCCGGGGGCCGTTTGCTGCCCTACGGCCGGCACCCGCTGTACAAAGCTACCGTCGGGCATGCCGCCCACAAGGCCGATTTCCTCAAATTCGCGAATGATGTAGTCCACGGTCATTTGTTCGCCTTCGGTACCCGGCGCCCTGCCCATGGTTGAGTCGTGTGCCAGGGCTTCAACGTGCCGCATGATGCCTTCTTCGGTAATGATGCTGCGGGCGGCTTCCAGATCAGGTTCCTGCGGACTGCAGGCCAGCGCCAGGAATCCGGCCGCAAAAAAGAAAAGAGTAAGGCTAACTTTCAGAGTTTTCATGTATGGATAAGTAATGAGATGTTGTTTGAGAGAAGGTTTCGGTGATTTTGGGAAGGTCAGATACGGCTCGCAATCAGCATTTCGATATCACGAAAAGGGATGTCGAAAAAGCGGGACAGTGATTTTTTGGTGAGATTCTTTTTATACACATAGGTACCGCTTCGAAGGCTGTGATTCGACCAAAGCGCGGCAGCAAAACCACCTTCATCACCGATTTCAAGCAAAAAGGGCACGACCACATTGTTGAGCGCGTAGGTTGATGTACGGGCTACACCTGACGGAATATTAGGCACACAATAATGAATGACGTCGTGCTTCTGAAATACCGGCGACGTATGCCGTGTCGGACGGCTTGTTGCCACACAGCCGCCCTGATCAATAACCGTATCCACAATTACGCTGCCGGGCTTCATTGATTCGACCATTTGTTCGGTAACCATACACGGGGCCCGATGGCCTTCAACCATGGCCGCACCGATAATCACATCAGCGGCACGGGTAGCCGAG
NZ_CP027806.1_gap56	1998618	2002459	3841	CCAGCCCTCATGACGTTCGGGCGCAGCAACCGGCACTGTCAGATCCGATCGATGTTATACAGGCTTTTGCGCAGCACCATCAGGATCTGCCGCGGGAACAGGCTTTCATCCTCACCGATCGGGAGCGCTATTTTTGGGGCAACCGAATCTGGTTTTCGGCTTTCGTGACAGCTGGGGCCGATAATTTGTTCTCCGGTATCAGTCGACTCCTGTATGTCGAACTCTATGATGATACCGGCAGCCGAATCGACCGCACCTATGTTCGCCTTGAAAACGGCTCGGGGCATGGCAGCCTCACTTTTGGCGAAACGCAGCCCCGAAGCGGCACTTTCACTCTTACTGCATACACGAGCTGGATGCTCAATTTTGAAGAAAACCTGATGTTCCGAAAACCGCTGCAGGTGACCGAGCTGGGGAAGCTTGTCCGGCCCGCTGAACCCGATACGGAAGACATCAGCCTTGCATTTTTCCCTGAAAGCGGTCAGTTGCTGGCCGGCGTAACGTCTGAAGTTGTTGTTAAGGCAAGTCTGCCCGACGGGCGTGCCGCAGCCGTTTCCGGTGAAATCCGAACGGCTTCGGGCGAAAGGGTCGCAACTTTTGAAACAGACGCGACCGGTCTTGGCGCATTCCGGATCAGCCCGGAAGCGGGGCAGCGACTGGAAGCGGTCATCCCGCAAAACCCCCAGCCTTACGAGCTTGCCGGGGTGCAGCAAACCGGAGTAAGGCTGAACGTTCAGCAAGATCACGACAACGGACAGTTTGTGCTGCATGTACAGAAAAGCGGGGGAAAAGCAGGTCAGGTGACCGTTTTCGGACACCACAGGGGACGGATTTATTACCTCAGCGAAATGGAGCTGTCAGAGAGCGGAAGCGGCATGGGTTGGGCTGCGATGGAACTGTTCCCGCCGGGTGCAGTGGAATTCATTGTGCTGGATGAGCGCGGAGACCTTATCGCCCGACGGCCGGTACTCATGCTGAATGATGTCCGTCCGCTGCGACTTTCAGCCGAAATCTCAGCCCCGGTTTTTGGACCCCGTGAACAGGTCCGGTTGCGCCTTAACCTCAGAAATGAAACCGGCATGGCCGTACAAGGCATGGCGACGGTAAGCGTAAGCGCCCAGGAATTTTCAGCCGCAACACCTACGCAGGACGGCTTCCCTGCAAGCCGTCTGAAGCAGCGGTTGCTTGCCGATCACCTTCTTGGCTTCAGCGAACCAGCCCTTTTACTCCCGCGCTTTCTGGAAAACGACATGCTGACACATGCTGACTGGCTCATCCAAACCGCGCCGCCGCAGGACTTCGCCTGGGAGCTTATTTCGAATCCGGAAAAGCTGGCGAATATCCGGCTGCCCGAGAACGGCTTTTCTGTATCGGGAACCATTCGCACCGGATTCCGTGGCCGTCCGGTTGATGAAGCCAACGTCATTTTTGCTATGGGTCCGAATGATGAAGACCTCTTTGTAATCGATACCAATGAAGACGGGCGCTTCCTGATGTCGGACATCGATATTATGGGATCATCCCAAATCAGTATTCGTGCAACCGACCGGCGGGGCAGGAGTAATGTTCGGATTGGCCTGGATGAACAGTTTGATTTTTTGCCCGATTTTGAAGTGAAGGCGCCGCAGCCCTTTGTGGCAGTCAGTACTGATGAGCAGGAATCGGCGGAGCGCATTGCAAGTCAGGTACAGCAAACCCGGTTGCTTGAAGAACAACATATCATGGCCGCCATGCAGCTCGATCTCGAAGCCGTAACGGTCACGGCTGAGCGCGAAGATGTGCAGGAAAACCTGCGCCGGCTTGCAGACGGTGATGTGGGCGGAACCGTGCTGCGGGTGAGTGACAGGCCCGAGCTGCAAAGCCTGACCATCTTTGATTTACTCATGCGCCTGCCCGGGGTTCAGGTTTCCGGCAACAGCATACGGGTACGCACCGGTGCAATTCAGAACCAGCCGCCGATACTGTTAATTGATGGCGCAGCTATAGAAGAAGAACTCATTGCCTCTGTCTCGGCTTCTGATGTGGACAATATCTCAGTGCTTCGCCGACCGGATCAGCTTGCCCGCTTTGGCGCGCAGGGGGCGACAGGCGTCATTTCCATCCGAACGATCAGGGGGGAGGGACTGCCGGGACGCAGCCTGCCGGTCGTAACTGCTTTCCTGAAAGGATTCGATGAGCCCCCGCCTTTCTTCTCACCCAACTACACCGGCGTACTCCCGCAGCTCACGGACGAAACCGAAGACAACCGCCTGACGCTGCACTGGCAACCCAACTTTGTCATCCGGCCCGAAGGCCGCGAAATCCTGTTCTGGACGGGCGACCGCCCCGGCACCTACTGCGCAACCATCGAAGGCCTCTCAACCGACGGCCGCGCTTTCAGCGAGCACCTCTGTTTTGATGTAGAATGATCAAGCGGCAGCCGGATTGTTGGGGATAAATTTTTTTGTGACAGGTCTGCGGCTGACGGCGGATGATGCCGACGTATGCAGATTTGGCTTTTCCTGCCCCCCTTTGTTTTGAACAAGATTTTTAGGATTGCGGGATGGACAGGATTTTGAAAATAACCTCACAAACCAGTTCAAACCACGTTCTCGTGCCTGAACCGTACTTGAACCCGTACCTACCCCAACGCCAACTCGAACGCGTCATCCCGGAAATGCTGCAATTCGGCGTTTTTTAACCATCACGAAAAGAGGTGCAGCATTATCCGGGATCTGCCAAGCCTGAACTATCGCAATGCAATAGCTGGCCTGGGAAGCCGGAACCACAAAGCCCCCAGTCGCCATTGGAGGCCCAGTTACCGGCATGGTCGCAGGCCGAAGCTGGTAGATCCCGGATAACGCCGTTGAGCTATGGCATTGATAATAATGCACCTAAGTGGGTGTTTTCGGGATGACGCCGTGGGGCTTCGATGGGCTTTTGAGGCAAAGCGTATCTTTGGGGCTTTGATTGTGGCGTTGCCATGCCCCGGTGTTCGGGATGACGCGTTTTTTGCATTTTTTGGGGTGACGAGCGGTCGTTCACCGTCCGCTCTCCGTCTTCCCCGGCCCGCGGTCTCCGGTCCGCGGTCCGCGGTCTGCCGTCCCAAAAAAGCAACGCATTCATCTTTGATTTGGGATCTCACAATCTGTCACGAAAGACCGTGATGTTCTCTGAGTTTCCCCCAAAAATAAAAAAGCATGTTTTGGCAATGTTGCCGGGGGTAGGGGTTTTTGTGCGACCTGCGACTTGCAGTACCTGGTCGTCGCCCGGCTATTTCAGGTAGGTGCCTTTGCGCCAGAGCCATTCGAGCGGACCCATTTTGCGGGTTTTGAAGTAATAGTTGCTGTACACGATCTGCACGGCGAAGATGGCGAGAGCGAGCGGAATGGTACCAAGCGGGCTCAGGCTTCCGTAGAAACCGAGGCCGTAGCCGAGGAAAATGGTGGTGCAGATCACGGACTGCAGGATGTAGTTGGTGAGGGCCATGCGTCCGACAGGGGCGGCGAGGTGCAGCTGTCTGCCGAAGGCGCTTTCGCCGGATTCGTGCTTTTCGAGCAGGCGGAGGATGTAGCCCACGTAGGCCATGGTGAGGGCGGGGGTGCCAATCAGGAAGCTGATGAGCTGAATGAGTACCCAGCTGTTCATGCCGACGGCGTCGGCTTGCAGGCCGGACCAGGCGTAAAGCCCTGAAAAAATGAGGCCTGCAATGAGGTTGCGCTGCCGGGTTGGGATGAACCATTCGCGGAGCTGTTTGGGGTTTTGGAGCAGGCCCTGTCCTTTGCGGGCGACGAGCAGGCCGAAGATGAAGACCGAGAAAATCCACGCGTAGCCTGCCGGAGAAAACAGCATGCCGAACCAG
NZ_CP027806.1_gap57	2105311	2108306	2995	TTGATGTTTTCGAGAAACTGCGGCTGAAAGCGTGCAGGCTGAATCCAGCCGATGTTGCCGCCAGACTGCCGGGTGTCAGGATCTTCTGAAAAGGCCAGGGTCACGTCGTCCCATGGCTGACCTTCCTGAAGCTGCGTAAATGCTTTTTCGGCCCTTTCCATCGCGGACTCAGGCGTATTCTCGCCGCCTCTTGTGCGGAAATAGATGTGAGAGTAGCTGCGGTCAGGTACCGTTTCGCGAACTTCATACACGTGTACGATGTGGTAGCCAAAGCTTGTTCGAAAAGGCATGGATACTTCGCCGGGCTGCGTGCTGAAGGCGACATCTTCAAAAGGCTTCACAGCCCATCCGCCGGAAATAAACCCGAGGTCGCCACCCATACTCTGACCTCTCTGCCGGGTAGAAAAACGCTCCGCAAGCGTGTTGAAATCGGTATCGTCTTCCGGATCAAGGAAAATGTCGCGGGCTTCCATCAGCTGATTCCATGCTGCAAGGGTGTCCGCAGGGGAAGCGTCGGCGGAAACAGAAATAAGTATATGCGAAGTGCCGACTTCCGTTTTGCTGCGCGCTACGAGTTCATCCAGCAATTCTTCGCGGAAGCGCATTTCGAGCCAGTACGGGAAAACAGATTGCTTTTGGTACTGATTCAGTTCACGCAACACATCTTCATCTTCGAAATACCCTTCGGCCTTAGCAGCGGCAACGCGGGCTCTGTATATGAGATACATATCAAGGAACGCCATCATTTCTTCCTTGATTTCTTCCGGATCCTGTTCTTCCTGCAGCGGGGAGATGAAGAAACTTGACCTTAGTTCGGCAAAGGTAATCTCTCCTCCGTCAACTTTTCCGATTACAGCTTCTTCGGGTGAATCTTGCTGTCCGATATTGAGAATTGAGCAGGCGCCAAACAGGAGTGCTGCGGCAATGAAGGTGATTATTGATGCAAAACCGTTAGGTTTCATATATAGCTTTCTGTTTGTTGTTCTTTGGATGAATAAGTATGGGCGTCAAATTGATTAATCAATCAAAATAAGCAAAATTCGCGCGGCTTTGAAATATGCCCGACAAATCAATTCGCAACGCAAACGTGCTCTTCATGTTGTCTGCCGGCTTAGCTTTGTTGGTTAAAAATACAAAGCCCGTAAGGCGGGATATGAACGCGCTTACGGGCTTTGGAAAAGAGTTGGCAATACGCAGCTTAGTACAGCACTCCGGCAATGGTTGCGGTCATCATGTTGGCCAGGGTTCCGGCCATGACCGCGAGCAGTCCGAATTTGGCCAGGTCCGACTTCCGGCTTGGGGCAAGGCCCCCGATACCGCCAATCTGAATGGCAATGGATGAAAAGTTCGCGAAACCGCACAATGCAAAGGTTGCCATGAAAACCGTTCGTTCTTCAAGGGCGCCTTCCATCACGAACTGCGAGAGATCTATAAATGCAATAAACTCGGTGAGTACAATCTTAGTCCCGATCATAGATCCTACGTTTATGGCGTCGACCCATGGGACGCCAATTAAGAAGGCCAGCGGCGCGAAAATTATCCCTAAAATGCCCTGTATGGTAAAGTCGAAGTTCTCGGAAATGTTGTTGATGCCGGTTGCTTCACCGAAAATGCCGAGGAAATGGTTCATCAGTGCCAGAATAGCGATAAAAGCAAGGAGCATGGCCCCGACGTTAAGGGCCAGTTTAAGGCCTTCGGTTGCCCCTGATGAAGCGGCTTCGATACCGTTTGCGTCCGTTTTTTCTACCACAAGCTTAACTTCCCCGCGTGTGACCGGCTCTTCTGTTTCGGGATACAAAATTTTGGCAATAACCAGGGCTGCGGGGGCGGCCATTAGGCTTGCGCCAAGCAGCTGTTCGGCAAAGAGCTGCCGGCCGACTTCGAGTGCCAGTTCGTTGGCTTGCGCGTAGGCGTCGCCCAGCATTTGGATATAAGCCGCCATAATTCCGCCCGCAATGGTCGCCATCCCGCCGGTCATAACGGCAAGGAGTTCAGACTGCGTCATTTTTTCGATGTAGGGCTTTACGACAAGCGGGGCTTCGGTCTGACCCACAAAAATATTGGCAACGACAGACAGCGACTCCGCGCCCGAAGTTCCGAGCAGCTTTTGCATGCCCGTTGCCATGATTTTCACAATAAACTGCAGGATGCCGTAGTGATACAGCAATGTTGTGATGGAAGCGAAGAACACAATGGTTGGCAGTACCTGAAAGGCAAAGAAAAAGCCCAGGCTTTGTTCCATGCCCGGGCCAAAGGCGAGATCCCCGAAAATAAAGGCCGCTCCTTCAGTCGTAAATTCAAGCACAAGTACAAAGAAGGAAGATACCCAGCTAAAAAACAGTTTAGGCCAGCCAAGGGGGGCAAAAAATTCGGCAAGGTCGCTGCCCTTCAGAATGAAAACAGCAAGGGTGAGCTGAATGCTCAGGCCAATACCCACAAGTCGCCAGCTCACGGCCTTGCGGTTGTTGCTGAGGGCGTATGCAATTCCCAGAATTACAGCCATCCCGATAATACCGCGTATCAGTTCCATCAAACAGAATTTAGAAGGTTAAATTAATATTCAGCGTCAGGGGAGGTCTGTTCCTGTCCGGACGATTGCTGAGGCCGGAAGGGCCGGATTTCACGCCCCCGTTTTTGATCTACAGGCGGGCGGAAACAGTGTCGCGCCCTTGGTTCGTAGGCTTCCTTCTCCCCAACAAGCACGCGCTCATTGCTTTCGGAAATGCGTTGGGAGAAGTTGGCAATATAGCCGCTTTCCGCACAAATCGCGTGCAGTTTCGTCACATATTCGGCTATGGCAAGCAGATGGGGCATAGGTTCGAAGGGTCTGCCGAGGTAATCCATATCGAGACCGGCTATGATGACCCGTTTGCCGTCGTTGGCGAGGGTGTTGGCAACATCAACGAGCCGTTCGTCAAAAAACTGAGCTTCGTCTATGCAAACAACTTCTGCGTCGCCGGTCATGAGTACGATCTGATCGGCGGTATCGGCAACA
NZ_CP027806.1_gap58	2115819	2120349	4530	TCAATGAACTTTTTCAGCTTACGGCGGTAGCGCTCATAATCTACGGTTGTACCTGAGGTATCGTAGTTCACAACCGCCGGACTGTCGAAGGTATCCTGAAAATCAGTGTAGACAATGGACCGCTTATGCTGATCTATGTGCTGTATCAGATGGCGCATATCAATTCTGACCTGCTCGAGGTTTGAAAGGCTTGCTTCATCCCAAAAGGCTTCATCCTTTGCTTTGCGCAGGGTTTCGCTCACTTTTTTGATGGCAGGGATGTGGCGTTTGGCCCAAAGGTGCTCCGCAAAGCGTACGACGGTTTCTTTGGTCTGACGCGAAGACAGAACGCCATCCAACAGCTGATGCTGCAACACCAGCATCAGGTGATCGAAGTAGCGCACGGTCTCGTGCTCGGAAAGATCAACCGGCAGAATCTCGCCAAGCGCAGCGCAGATTTCCTTGCGTTCCCCGGACTGCAGGTGCTCCCAAACACCCCTGTCCTGCAGGCGGTCGATAAGTCTGAGATGTGGTCTTACCTGTATGCTCTGCCGCTCCAGCCCTGACACCTGCTGATGCAGCATATTGAGCAGTTCTTCGCGGTAGTGCTGAAGGGCTTCATCCTGTTTCCACGGAGCATTGCTCAGTTTCGCTGCTAACAGCAGACGCTTTTCAAAAATTTGTGCCTTGAGCGACGGAGGCACAGTCGTATCTGCTCCTTCGGGGTTCTGATTAAAAAATTCAAAGTTTCCGCAGTAGTCAAAAATCAGAAAGTGTGTTTTGTGTTCACCGGGGCTGAACAGGTTTTTGCAGAGACGTGTGCCGCGACCTATCATCTGATGAAATTTCACTCTTGATTTGACCGGCTTGAAAAAGACCAGATTCACAACTTCGGGCGCATCTATGCCGGTATCCATCATGTCAACAGAGACCGCAATAACCGGCGCTTTACTTTCCGTTGAACAAAAAGCATCAATAAGTTCCTGCGCGTACTCAACCTTGTTATGAATCATTCTGCAGAAATGCCCGGCATAGTGCGGGTAGTTTTCGTCAAAGATTTCACAAATGTACTGCGCATGTTTTTGGTTGCGGGCGAAAATAATGGTTTTGCCGAGCCGGTCGCCGCCTTCTACTTTCAGTCCGTGTTCCATCAGCTGCCCGAGTACCTGTTCGACCGTATCGCGGTTAAAAAGCCATCGGTTGAGTTTTTCAGGTTCAATATGCTTGGGCATGGTGCCGGTTTCGTCATCCCCAAGTAAGTCATCATACTGCTGTTTTTCTTCTTCGCTTAAATCCTCGTAGCGGATACCCTCGGTAAGGAATTTGCCGGTTACGGATATTTTTTGAGGCGGCACCAGGTAGTTGTCTGCTACAGCCTGCTCCAGTTCATAGGCAAAAGTCGGATTCCCGTTTTCACAGCCAAAAGTTTTATAGGTATCGTGCTCCAGCTCATCCTTTGGGGTTGCTGTCAGCCCGAGCTGAAGCGCGTCAAAATACCGGAAGATGGCTTCATACTTGTTGTAGATACTGCGGTGCGCCTCATCTATAATGATGAGGTCGAAGTAGCCCGGGTCAAAGCGCCGAAACCCATGCTCAAGCTTCTCGATCTGATTGAGCATGGTTGGATAGGTGGAAAACACGATGCGGGCCGCAGCGTCATTTTTATCTTCGACCAGGTTAACAATGGGAATCTCGGGCAGGTGTTCCGCGAAGCTTTTGTAGGCTTGTCTCACCAGCGGGTTACGGTCAGCCAAAAACAGTACGCGTTTGGCCCATTTATACCGGAACAGCACATCGCAGACCGAGATCGCCGTTCTGGTTTTTCCTGTGCCGGTTGCCATAACCAGCAATGCTTTTCGATGACCCTGCTGAAAGTGACCGGTAACTTCCCGGATGGCGTGTATCTGATAGTAGCGGCCCGTAATCTCATGTTTTACCGAAACGACCCTGAGTTCCTGTTTTTCGCGTTTCTGAAAGAAGAGTTTTTGAAGGCTCGCCTTGTTATAAAACCCCAGAACCGGCCGCAGCGGATAGGCGGCATCATCCCAAATGTAGGTTTCGTAGCCGTTTGACAAAAAAATCACGGGGCGCTGCGCAAACTTTTTTTCCAGGGCATTGGCATAGTGACGGGCCTGCTCCTGACCTTCCAGAAAGTCGCGGTTACTCCGCTTGGCTTCTACCAGCGCAAGCGGCTTACCGGTATCATCCCAGAGCACATAATCAATGTACCCTTTCCCGCTTTTGCTGGGCATCCCGCTGATTTCATATTCCCGCACGTTTGGCGCGGCAGGATCCCAGCCGCTTTCCCGAAGCATCACATCAATAAGCAGCTCACGGGTTTGGGACTCATTATAATCGTGTGTGTCTGCAAACCTGCGGCTCTGCAGCCGCATCTGTTTGATTTCCCGGTTCCGCTGTGCCAGGGCTTCATCTTTTTCGCCCAGCGCCTGCTCCAGCGCCCGAAGACGGGCCGCGGCTTCCTCATTTTCTTTGGACAGCCGCTCCAGCTCAGCCGGACCAACCGGAGACTGTTCCGGTATGGCCGGTACCAAAGCACGGCTGAAGGTGAAGTTCTGAACGGTGACATCTTCCGGCGCATAGGTGCTGTAGAGCCAGTACATCACATGAAAACACTCTTCGCAGATTTTGAGCGCTTCTTCCGCAGAAACCCGTCCCTTTTGATGCAGGGCCTGATTGCCCTTCCGCCGGATCAGGTCCATTTTCTCCCACACCTTGAAGCCTGTGATTTTCTTAAAGGCTACTTCATTTGTGATGGTGTAGAAGGAGGTATCGGCAGGAATCGTCAGATCTTCATCATTTTTGTACATCCAGAGTACCACCTGTTCCACGAGATGCCGGGCCCGCCCACAGGCCATCTTGGGATCAAAAAATACAAGGCGCTCAACGGCCTGTGCCTCCTCAATAAATTCAGGCCAGTCCGGCTGCAGAAAGGTGAAATTAGACATGACTATGGTTAAGGTTCATTCACATCGGGTGAAATAGCATCGAGCAGACCGAAGTCGAACGAAAGGCTTCAGATTCCTGAATACCAATTTAATTTAAAATTTACCGGCATAGCATTGTCGGATGGAAAATAAGAAGTGTATAAGAATAAGCGTATGGTAAACCAATATTAAGGTAAGCAAAAGACAATCATAATACTTCATAATCGAATATCAGAGGGGATTCTGCAGGGTTATCCCCAATCGCGCCAAAGTATTTGCTGCAGTTTCTCACAAGCTGCTTTGTGTTTTTTGGGATTCATTTTTTCCAGATTTGCCATTTTCCAGCGGATGCCCGGTAAGGACTGTATTTCGCTATGAGGAAACAAATGCCACTTCGGGAATCCCTGCTTAAAACTTAGTATGAATTCCCGCTCACCTTCCGTAAAGTCCTGATTCAGTTTTTGCACAACCATTTTCCAGGATTCAACCAAATCATCCAGCTTAACCGGCTCAAACGCCATACCTTCAAAGGATTCGTGAAAGGTTTCTTCAAGATCATCTTTTAGTTTGGGATCAAGCAATTCGGCAATTGGGCGGTTATGACTTAACAGATATACAATGAATGCCTGACGCACTTTGTCTGTGATTCCTGCATTTTTATACAGATGATGCACATCGAAAAGATCCCTGGGATGCTGCCTGTCTAAGGCGGCACAAAGTTTTCCAGCATAAAGATCCTCAACCGATAATGTTCTGACCTCCATTGTTTTTCCAAACATTTCTTCCACTTTTTTTGCCAAAGGAAGTTTTACCGGCGGATAGACCGAGCCACGAATGGTTAAATTAGGCTCAATTTTGACGACGATTTGCCCGCAATTGATAATCAGTCCATACGACAGACTTCCCTTTGTTTTGTAATTGATTTCCGCCCCCGCTATAAATTTTTTGCACCTGCTCCCAATCTCTTTGAGGTGAAGGTCGATTTTTGTTAGGGTTGTCAGCCTGTCTTGTATCGGGAGGTACGTCAGATCAATGTCAACCGATAGCCGTGGAAAGTCCTGAACAAACAGATTAATTGCAGTTCCCCCTTTGAGTGCAAAATCCTCTGTGCGGGAAACAATTGGCAAAACAGTTAATAGCAGGTCAACCTGTTTAAAGTAAGCACTGCTTCTTATGTCCATGATACTTCCGGCACCTCCTTTGGTACTGTTATCTCGAACGTACTGTTTAGTTTCCCGTTTTTCACAATTGTTCTTTTCCCTGAACCGAGGTCTATTTCACTAACTTTGAGCTTGTCGTACCAGGGCAACCCATGCGTTTCCGCCATAAAAAGAAATAAACGTTTCACTTTCACTGAGGTGCAGTCTGTTAAAAGGCGCTGTACCAAAGCGGGCCTTAGGGTCATCATTCCTTCTGTCAGCTCCCATGCTTTTATAAATTTGGGTTTTGAGTTCACGTGAGAAAGCAGTTCCATAATGGCACGCTCGGGCTCTGACATCAGTACCGGTATGCCGCTTGCTGTTTCTATTGCTTGAACCCCTAATTTTTTGCCTTTAAACAATGTTGATATATGCAGTTTTATATCGACCTGCCAGTCATAAGAAGT
NZ_CP027806.1_gap59	2126055	2128801	2746	CATCGAGCCCTTTGATAAACAGCAGGTAGGTAAGCTGCTCAATAACAGTTAGCGGATTGGAGATGCCCGCGGTCCAGAGCGTCTCCCAGATTTTATCGACCTTGTTTTTTAATTCGCCGGTAAGCACGGAATCTAATTTTGAGTGATATCTGATATAAAGGATGTGTTTCGGCCTTACATTACAGGCATTGCCGCAATGATGCAAGCTTTTTCGGGCGAATTTCAACCCTGATGCGTTGCAAGCCTTGCTCACCACTATAAGCCCCAAACCTTATATTTTGAATTATAAGCCTTGAAGCTTATATTCTTGATTATAAGCCCTGGAACTTATAGTTTGGCGAGAAGTCTGTCATCCCATACGTAACATCAACCCAATACCGGGCCGCGCATGATCAAAGCCGTACTCACCGGAGATGTCGAAAACTCCACCGATCTGGATGCGGCAGAGCTGCAGGCACTCATCGGTTTGCTGCGGGAGGAGCTGGATGCGGCAAAGTCCGCCGGTCTGGTCGAAAATCTGGCTTTTTACCGGGGCGACAGCTTTCAGCTTATCGTGCCCGATCCTGCTATGGCCCTTGACCTCGCGCTTGCCCTCAAAACGCGGGTGCAGTTCGGCATGGAGCCTGAGGGCGACAAAACCCGCCTCAAAACCCGCTACGATGTCGCCCTATCGGTTGGCCTGGGCGAGCTCGGCAGCCCGAAAGAGCTCACCACCGCGCACGAGCTCCCGTTCCGGCTCTCCGGACGCGGACTCGACGAGCTCAAAAAGAACAAGCGCACCCTCGGCGTGTTCACCGGCAACGAAGCCGCCGATGCGCAGTTCGACGCCCTCCTCTTTCTCTACGACTGGATCATGCAGCAATGGACCGTAGCCGGCGCCGAAGTCGTGTACCACAAACTCCGCGGCCTCACCGAACAGGACATCGCGGCGCTGCTCGGCATCAGTCAGCCCGCTGCCAATCAGCGCAGCCGCGCAAGCTGCTGGAACGGCTGGAAAAAAATTCAGGCGCAGTACGCGCAGCTTCTGGAGGCCCGCTATGGATGACCTCCTCGCCCTGAGCACCGCCCTGCTGCTCGCGCACCTGCTCACCGACTTCGTGTTTCAGCCGCGCCGCATGGTCGAAGCCAAACTCGCCCGAAACCTCCGCAGCGGCTGGCTCTACCTGCACGCCGTCACAGCCGGACTGCTCGCCTGGAGCCTCTCCGGCCTGCTCGCGGGCCAATGGACGGCGCACGAACTGCTGTGGGTCACCGCCCTCACGCACCTGCTCATTGATGCCGGCAAAATCGCCCTCCAAAAGCGCTTCAAACCCGAACGCGAAACCGCGCTCTTCTTCGGCGATCAGCTCCTGCACCTGCTTGTCATCGCAGGGCTGGTGATTTGGTTCGCAGGCCCCGAAGCGATTCAAAACCTGTGGACAGAACTGCCCCTTCAGGACGCCGCCGTGCTGCTGCTCGCGGTCATCTTCCTGCTTCAGCCGTGCAGCATCATCATGCAAAAACTCCTCGCGCTCTTCCCCTCGATTTTCAATGGCGAACCGGGCAAACTTCCGGATGAGCTCCCCCTCGCCGGTCAGTGGATCGGCTACGCCGAGCGCCTCCTGATCCTCATTTTTGTCCTGATCGGCCAATTCACCGCCATCGGCTTCCTCGTTGCCGCCAAATCCATCCTCCGTTTCGGAAGCGAACAGAAACAGGGCCCGAAATCCGAATACGTACTCCTCGGCACCCTCTTCAGCTTCACCATCGCCCTGATTGCCGCGCTCACAGTCCGCGCTATTCTCCCGGTCTGAAGCAAATAAAAACACGTAATTCCACAAGGGTGCCCTGAGCCCCGCTGCGCAAGCCAATCCGACGCATCGTATTTTTTTGGGGGAAACTTCCAGAACATCAGGGGCGCCGTGAAAGATTAAAAACCCCAAGTCAAAGATGAATGCGTTGCTTTTTTTTCAGTTGGGGGTGACCGACGGCGGACGCCGGACCGCAGACGGCGGTGGACGGTGCTTACAAATCGCCATCTAACACAAAAAACGAGTCATCTCGAACACCGGGGCATGGCAACGCCACAATAAAAGACACGGCAACCCAACCTGCCCCAAAAGCACACCGAAGCCTCATGTGAGAGATCTCCTGCGGTAGTCCTGCCCCGATGTGGATCAGCGCTTAGGAGCCCTGCACCACCAGATCCTTCGACTCCGCTGCGCTTCGCTCAGGGTGACAACGCCGAGTCGCGTCAAACGGCGCGGCAAGCCGCGCCGGGGGTTTGGGGGCGGTGCTTTCGGGCTACAAAGGTGTCGCTCCTACCGGAGCTGTTTTTTAACCAAACAACATAAAAACAAGTCATCTCGAACACCGGGGGATGGCAACGCCGCAACCAAAGCCTCAGCAACCCGACCTGCCCGGGCAGCCCATCGAAGTCTCATGTGAGAGATCCCCTGCGGCGGGCTTGCCCCGATAGGGATCAACGCTGCGGAGCCCTACACAACCAGATCCTTCGACTCCGCTGTGCTTCGCTCAGGATGACAGGCTCCGCCTCATGGCAAACGGCGCGGCAAGCCGCGCCGGGGGTTTGGGGAAATGCCCCTGTCATCCTGAGCGGAGCCGTAGCGCAGCGGAGGCGGAGTCGAAGGATCTGGTGATTAGGTTTGGGATGTTGGTTCGGACGCTCTGTTAATCCGTGCTGTGATGATGACCCGGAGCCCTCCACGCCGTCATCCCGGAAACGCCCACTTAGGTGTATGATTAT
NZ_CP027806.1_gap60	2133135	2135703	2568	AATCCGTTCTTACTTCCCAAAAATAATTTTCATTCGACTACTACCTGATTTTTCCATGACTTCCTTTAATACGGTTTCCCTGATCCGCCGCAAACGGGACGGCGGCCATCTCACCAAAGATGAAATTCACTACCTGATTGATGCCTACACCCGCGACGAACTGCCTGACTATCAGATGAGCGCTTTTCTGATGGCCGTTTTTCTGAAAGGGATGAATGATGAGGAAGCCGCGGCTATTGCCTATGCCATGCTGCACTCCGGGAAAGTGATGGATCTCAGCGAGGTGCCTGGAATCAAAGTGGACAAGCATTCGACCGGCGGTGTAGGCGATAAACTATCCCTTATTCTGGCGCCGATCGTGGCCGCTGCCGGCGTGCCGGTGCCCATGATTTCCGGTCGCGGGCTGGGACATACGGGAGGCACTCTCGACAAGCTGGAGTCTATCCCCGGTTTTGATGTGAACCTTGATCTCGTGCGCTATGTGGAGGTTATCCAAAAACATAAAGTCGTATTTATCGGTCAGACCGAGGACATCGCCCCGGCTGACAAGCGCCTCTACGCTTTGCGGGATGTGACCGCGACCGTGGAGTGCATCCCCCTGATTGCGAGCAGTATTATGAGCAAGAAGCTTGCCGAGGGTATTGATGCGCTCGTGCTCGACGTGAAATACGGCTCCGGAGCCTTCATCAAAGATATGGAGCAGGCAACCGTTCTCGCCCGGCGTCTTGTTGATATTGGTACCGAATTTGGCAAAAACACTGTCGCCTATCTCACGAACATGGATCAGCCGCTGGGCTACAAAATCGGCAACTGGTTCGAGGTCGAGGAAAGCATCGAATGTCTGCGCGGCAAATGGCCCGATGATGTCCGCGAAATTACCCTGCTGCTTTCCGGTGCGATGATCTGGTTAGGCGGAAAGGCCGGCTCCCTTGATCAGGGCATTTCCGTTGCGATTCAGCATGTGAACGACGGCAGCGCTCTTCAAAAACTGCGTGAAATCGTAGAAGAGCAGGGCGGGGATGTAGCCATGATTGATCATCCTGGAAACTATCCCAAAGCATCCGATACGGCGCTGTTCATCGCTGAGGCGGACGGGTTTGTAACGGGCATCGATGCGTACAATATTGGCATGGCGTCCCTCGAACTCGGCGCTGGGCGTCGTGAAAAGACGCAGCCGATCGACCCGACAGCCGGCATCGTGCTGCACAAAAAACTTGGTGATGAAGTGAAGAAGGGTGAAACAATCGCTGAACTGTTCACGAATAAGCCCGATATGTTGCCTGTTGCACGTCAGTTAATGAACAGTGCGTATACGTTCGGAGCAAAGGCGACAGAGGCAGGTTCTTTGATCTCTCGTGTAGTAGATTCCGGCGGATCGCATCCGTTCCGTTATGAAGAAGTACCTGCACTGAAATAGCCGCTGATCGTCCGTTTTAAAAAAAGTGTAAGCCCAGGGGGATTATCCCCTTAAATATGCTGTTAGGTTCAAAGCGGATCAACGACGAAGTTTTAATACCAAAATCTTATTGAATTATGTGGAACAGATTTGTCAGAGCGATTAAGTCCATGTTTGGTGGCGTGGTGTCGAGTATGGAAGACCCCAAGCTGATCCTGGAGCAAAATATCAGGGAACTGAATGATCAGGTTCCCAAAATGAATGAGAATATTGCAACAGTAAAAGCCAATCTCGTGATGATTCGCAAAGAGCGGCAGAAGTACGAGAAACTGGAAGCTGAGCTTGTGAACAAAATCAAGGCTGCGATCAACGCCAACCGCGATGACATTGCAGAGAACTACGCCATGCAGCTCGAAAAGGCACGGGAGAACGTAGTATCCACTGCTGAACAGGAAAAATTTGCCGAACAGGCTTATGAAAAATCGCTTCAGGTGAAGCGGGCTTTTATGCGCGAAAAAGACCGCAAGATTCGTGAAGCCCGTGAAGCCCTTCAGGCACATGAACGGGCTAAGTGGCAGTCCAAAATTGCAGATACGCTGGAACAGTTTGAGGTAACGGGACTGGATTCAACCCATAAAGAAATGGTAAGCCGCCTCAACGAAAAAACGGCCATGAGCGAAGCCCGTATGGAAATTGCCCTTGACAGTGTAGATACCAAAACGCTCGAAATTGAAATCGACGCTGAAAAAATGCGTGCATCAGACCTCGTATCGCAGTTCAAGCGGGAAATGGGCAAGTCATCGGTAGAAGCAAAACCGGTAGCTGATGAAACTAACCGGAAAATTGACATCAGTCTGGAATCAGATACCCCTGCGCCAACAGAAAAAGATAAGGCCAAGACCATCGGGCGTCAGAAAGGGTAGCGCAGGCTTATGAGAGGATTGGGGAGCACCGCCTGAGCCGTGCTCCCTTTCATTTTGTTCTGAATCCAAAAATCAGCGAAAAAGCATGTCAGAAGAACGGGAGCGTCTCAAAGAAACCTATAAACAGCATTACCGGCAGATTCTGGAACATAAGCGGCAGCTTGCAGCGGCCGAGCGGAAATCAAAGATTCTGAAGTCGATCGAGGCCATTGATACCCGCCCTGTAATCGAAGGTTTTCAGGACGCTCT
NZ_CP027806.1_gap61	2230086	2230692	606	GCCCCTCAGTACTGTTTGATGAATTCAAATATAGAGTAAGGTCGTGTTTTACAAAAACGATAAGGCCGACTAAAAACTGATTTTAACATAAATCACAAATTCATACGCTTAAATGAAAGAACTTCAGACTGCCCCGCAGGAAATTACCGGTGAAATGAGCTATCAGATGTATAGGGAAATGACAGACGCACTTCTTGCTGCCGGCAAAACAACGGGTAATAACCATTCAGAAATGATGATCAGCTACACCAAAATGAATGTAACCCGCATGAAGCGCATTGACAAACATACGCCGCTTCTTGATGAGCTTGCCGGATTTGTGGCAGCCATGGAACGTCCCCAAAAATGGGTTGTCATTACCGAACCCTGGTGCGGAGACGCCGCGCAGATTGTTCCGGTATTCAACAAAATTGCCGAAGCTTCGAATGGTAACATCGAAATGGTTCTGGTGCTGCGCGATCATCATGAAGCGCTCATGAATCAATATCTCACAAACGGTGGTAAGTCCATTCCCAAGCTCATCGCGTACGATGCCGCTTCAGGAGAAGAACTCTTTAACTGGGGTCCGCGACCTGTACCCGCTCAAAAACTGTTTCTGGAGCTTAA
NZ_CP027806.1_gap62	2234817	2236967	2150	CAATATCAAACACAAAAACCCAATCTCCTCATCAGAACCAGCCAACAACATCATCACCCTGCCACCCGCTGCATGCCCATGCCGCAGCATTTTTTATTTTTTTTGGAAAACTCAGAGAACATCAGGGGCACCGTGACAGATTGAAAGCTCCCAAGTCAAAGATGAAGGCGTTGCTTTTTTTCTTCGGAGGCAGTCTGCCGTCAGCGGGGGCGGATTACAAAAAACGAACTCACACTCCGTGGACCGCCCTTTTTTCAGTGCGTCATGATACAGTATGTCAGTGTGTCATTTTTGGTTTATACTATTGTTATTATCAGGGATACAAAATTCCCCTCTCGAGAGAGGTGGCCCCGGCAGCAGCGTGTAAAGACCCTTAAAGCCCGAACAGCATCCATTCCTTTTCAAAGCACCGAATCCGGCGGGCCGGGGTGTGACACGATGCTGCTCGAAGCCACGAACCGAATTTCCAGCACATTACAAGTAATGGTCAACCGGCGCGAGAGAACTCCGTGGCGTAAGGCGTCGAATACCAGCACCGAAGCGGTCACACCCCGCCCGTTCGCTACGCTCACCCGGGCACCCCTTTTTTCAGTGCGTCACGATACAGTATGTCAGTGTGTTGTAATTTGGTTATCGTGCTGTTATTATTTGGGATACAAAATTACCCTCTCGAGAGGGGTGGCCCCGGTAGTAGCGTGTGAAGAGCCTTGAAGCCCGAACAACATCCATTCCCTTTCAAAGCACCGATGCCGGCGGGCCGGGGTGTGGGAGTGGTGATCGAAGCATGTGAGTTTCGGTGCAACCTGATTACCCGTGAAAGGAAGGAACGGAGCGGATCCGATCTCCAAAAATCAAATTACCGGCTTTTTACCGCAATGAGTATGCACAATACGAACACCTGTGGTAAAATCACCCGCGATGTTATGCCGCCCTTTCAGGGCTCCGTTTTGATGGGCCGTGATCCCGGGGTTGGCACCCCGGGCTATGGTATGTCGCCCTTTCAGGGCTGTTTCACGACGATTTACGCAATGGAACCAAACCTACAGCGCCCAGGCAAACTTTCAGGGTTTCCGAAACCTTGAGGTTTTTTTCGACCCTGTGGCATGCATTGGCTGACATCGGCCAAGCGGGGAGGCTCCTTGGCGTAAGGGGGCCAAATTGGTCATCGAGACTGTCACACCCCGCCCAGACACCATCCGAGTCGTTTTAACAGTTTTGGCTGTTTTCAGCTTCTTGCCCTTGTTCACGTATTTCCAGTGGGCACCCCTCTCGCAGAGGGGTGTTTGGCTTCGAGGTTGATTATGGCTTCCACCTCAAAAAAAAAGAATGCAGGCAGGGTGCGAAAATTGCTGTTAATGCATTACTTACAAATGCTTATGTCGATACGGGCTAAGGTAATGTCTTTTAACTGTGCCGTTTTTCGAGTTCTTTGACGAGATCTGTAAGGTGCATTTTTTTTTCGGTTAGCAGCAGCATGAGGTGGAAAAGGAGGTCCGAGGCTTCATAGATAAATTCTTTTTCGTCCTCATTTTTGGCCGCAATAACCGTTTCGACCGCTTCTTCGCCTACTTTTTGGGCGATTTTGTCGAGGCCTTTTTTGAACATACTTGTCGTATAGGAACCTTCCGGAAGCGTTGATTTGCGGGTTTCAAGGAGGTGCTGAAGTTTGATCAGAAATCCGAGCTCGTTTTCAGGTGCAGGGCTTTCACGGTAGAAACAGCTGGTTTCGCCCGTGTGACAGGTAGGTCCTTCAGGGTGGGCCGTTATGAGAAGAGCATCGGCATCACAGTCGTAGCGGAGGCTTTGCAGGTGCAGAAAATTACCTGAACTTTCACCTTTGATCCAAAGCTGTTGACGGCTGCGGCTGAAGAAGGTGACTTTGCCACTTTCGAGAGTTTTTTCGAGGGAGGCAGCATTCATATAACCCAGCATGAGTACGCGTAGGCTTTCAGCGTCCTGCACTATGGCGGGAATCAGACCTTTTTCATCGAATTTGAGGGTGTCAACGGGAAAGTTCCGGGAAGTGCTCATGATGTTGTATCAGCGTTTGGAATGGTTCAGATTCTTTGGTTGGGTCAGAGCCGGACCGGGATGCCGGCATCGCTCACTTGTTGTTTTAGGTCGGGTATTTCAATCTCTTTGAAGTGAAA
NZ_CP027806.1_gap63	2238654	2243527	4873	TTTTCTCTTCCGCCATTTCCAGAAAAACTCGGTTCCGAGCCAGACCGGTATCAGAAGGAGGGCAAACAGCCATTCAGGGTTTAGCCAAATCATGCGGGCACCGCCTCCTTCGTTACTGATTCATTAGTACGATAGCGGCGCAGGTGTTCAAGTTCCATTTGCTGAATAAGACCGGCATTCATCTTTCGAAGCTGCGTACAAGCCTCACGAAGGGTAGCCAAATCCTGAGCAGTATCGCTTTTTTCCGGAATAAAACCCGCAAACTTAACCATGTCCGAAGTCATCAGCAGCCCGCTTATGGTATCGTAGTGGGTTTGCATAACTTTCCGGTGCTTGAGGCTTTGCAGTACTTCTGTACTTGTTTGTTCCAAAGCGGGGAAGGCGTACACGCGTTCGTAATATTCACGAATTATATAGCTGAGCCTGAGGTAAAGGGTTTCAGCATCCATACTTTCATCCTTAAATCCGGCTTCAAGTTCATTTATACCTTTTTCAAGTCGTTTAAGCGGGCTGTCAAAAGGGGGGGCTTCTTCCCTGACCGGCTCAGGTGGCGGTGGTGGTTTTTTGAAGTACCGCTGGTACAAATGCCATGCCGAGAACGCAGCAAGCATGGCAAGCAGAAAAGCAATGATAAGACCCTGAATGCCGTACGGAAATTCAAAGAGGGGTTTCATAGGCCTCAGGTTATCCTGCGGCGCAAGTACAGTCTGAAACTCAAAGCTGACGGAGGGTACAGCATAACGGAGGGTATCGCTGTTTCGGACGGCCTGAATGTGCAATTCGCTAAGATTAGTTTCCGCTGCGCCAAAAAACTGAAGGTCGTAAGTAGCTCTGCGCCCGCGTCTGCTTAGTTCTTTGTTGCGGATGAAAAACTGATTCCCGAATAATGTGCTGTCGGGGTAGATCACACTGTCGTAGCGCCGTGCCTCATCAAAATCAATCTGAAGCTCAAATATTTCACCGGGCCGGAGCGTATCCGCAGATGTCTGTACACCAATCTGCCGGGCGACAGCCATGTCGCTCATAAGCAGAACAATAGTCAGAGCGAGCCAGGTAAATATCTTTGAATGTATGGAAGCGGTGTAATCCATTAAAAATCAGAAGCGCCGGTGTCTTTGCTGAAACAGTGAGGAAAGTCGCTCAATATACGACTCATTCGTGTTAAGCATGGTATAATCAATGTGCATTCGGCTCAGACGATCCCTCAGCTGCTGACGCTCACGGGCCCGGCGTTTTTCAAAGGCATGGCGCAGGTTTCTGTCGGAGGTATCAACCATTACATAGCGGTTGGTTTCTGAATCGAGAAAAGGTATCAGCCCTGCGTCGGGTAGTTCGGTTTCATGGTGATCATCCACACAGAGACAAATCAGGTCATGCCGCCGGTTCAGAACTTTGAGAGAAGTCTCATATCCGGTATCCTGCATGTCGCTGATGAGTGTGATGATTGACCTTCGCGGGATGATACGGCTCACATAATCGAGCGCCCGTTTTACAGATGTGCCCGGATTTTTGGGCTGTGTGGTGTACAACTCGCGGATAATGCGTAACACGTGTAAACGGCCTTTGCGGGGCGGAATGAATTTCTCAACGTCACCGGCAAACAGCAGCAGTCCGACTTTATCATTGTTTTTGATGGCGCTGAAAGCAAGCACGGCCGCGAGCTCGGTTGCAAGATCAAGCTTACGCTGTGACTGACTTCCGAAAAGTCCGGATGAAGAAATATCGGCACAAATCATCAGCGTTTGTTCGCGCTCTTCTTCAAAAATTTTGACATAGGGCTCATCAGCACGGGCCGTCACATTCCAGTCAATCAGCCTGATATCATCTCCGAACTGATAGGGACGAACCTCCGAAAACGTCATTCCACGACCTTTAAACGCTGAGTGATATTCTCCCCCAAATAAATTATTAACAAGGCCTTTCGTTTTGATTTCCAGAAAGCGCACCTTTTTCAGAATATCAGCTGAGGCAGAAGCCATGAATCAGGAAAATTTGATGGTTGATGGGGTATAAAAATAATTTCTTCTTGCAGACTTTCAATGAATACGGTGCCCGTAGGGATGGTGTAAGCTCAATTTTAACCTTCATGGTAAGACGAAGAACGAGCGCTATCCGAATAACTCAAACAGAAAAATCATGTTGTACAATTTCACAATAAATAATCTGCCAAAATAGGAAACTGAAGCTATTGATGTGGTATCGTTTACAAATTTAAAAAGAAACTTTAAGGGCGCAGGAACTGCAGGATGGGCATCAGCGTAACACATTTTTTGGGTCATAAAGCAATGGAATCCCGCGCAGACCTTCTGCGAAAATCGGCTGAACTTCCATATCTTTGGGCAGCTGTTATTTCGAATTGCTGCGCAATTCAGATCACACACAAGAAACGCTTGCATGTGGTCTATTTCAAATTATTTACTATCACCCACAGTCTTCGGGCTGTGAATCACATTAAAACGATACCCACAGGATTCAGCCATGCTAATTGGTGTACCTAAAGAAATAAAAACCCACGAAAACCGCGTAGCCCTTTTGCCATCAGGCGTAACCGAACTGCTCAGACACGGCCATCAGGTAATGGTTCAGAAAGACGCGGGTCTTGGCAGCGGTTTCCCAGACGATTTGTACAAAAAGGCCGGCGCAACTATTATTGATTCGGCAGACGATATTTGGGAAAAAGCTGAAATGATCATGAAGGTGAAAGAACCCATCGAACAGGAATACCACCTCATGCGCGACGGGCAGATCATTTTCACCTACTTCCACTTTGCGGCAAGTCAGGAGCTCACCGAAGCCGTTAAACTCTCCGGTGCGATCGCGATTGCCTATGAAACAGTAGAAAAGCTTGACGGCTCACTGCCGCTGCTCATCCCGATGAGTGAAGTTGCAGGTCGCATGGCTACACAGGAAGGCGCCAAATATCTCGAGCGTCCCATGGGCGGTAGGGGCGTGCTTCTGGGCGGTATCCCCGGTGTGCGCCCCGGCAATGTGATGGTGCTCGGCGGCGGCATCGTAGGCGTAAACGCAGCCCGCATGGCAGCCGGACTCGGTGCAAATGTCACCATTTACGATATCAGCCTGCCCAAACTGCGCTACCTCGATGAAGTGCTTCCCGCGAACATCACCACCATGTTCTCCTCCACAGCCAACATCCGCAACGATATCGCGAACGCGGATTTGGTTATCGGGGCCGTCCTCATCCCCGGTGCAAAAGCGCCCAAGCTTGTCACCCGCGATATGCTCTCCCTCATGAAACCCGGCGCCGTACTCGTAGATGTCGCCATCGATCAGGGCGGTTGCTTTGAAACTTCCAAAGCCACCACGCACGAGCACCCGACCTATGTAGTTGATAATGTTGTACATTACTGCGTAGCCAACATGCCTGGCGCTGTGCCGTACACCTCCACCATCGGCCTTACCAACGTGACCCTTCCTTATGCGGTGCAAATCGCCAACAAGGGCTGGGTTAAAGCCATACGCGAAAACCGCGAGCTCGAATTCGGCCTCAACATCGCCAACGGCAAAATTGTGTACCGCGATGTAGCGGAAGCCTTCGATCTCGAATGGACGCCCCTCACCAAATTTTTGTCTTCCCTCAACTGAGTTAAGGCAACTCCCGCTCCAAAAAAAAGACAATCTCAAATCCGGGATTGTCTTTTTTTATGCGACGACTTTTTTGCCAAACTTCTCAACCTGCGACCAACCGTCTTGCCGGTCAAGGCTTTATTTTTTTGGGTAAACTCAGAGAGCATCAGGGGTTTCGTGGCATATTAGAGTCCCCAAAACGAAGATAAGGGCGTTGCTTTTTTTCAGGATGGGGCAGGGCAGAAGGCAGACTTCGGACCGCAGACCGCAGACCGCAGACCGCGGGCGACTGCCCTATACAGGCAACATCCCGCGCGATCCCCAAAGAACATCTGCCATTCCTGCGCAGCTGTACCTGAATTCAGGGTCAGACCATGGCGCTCACATCATCTACAAGTTGCTGCGCGCGCTCGGGGCTGTCTGCCTCAGAATAAATGCGCAGCACGGGTTCCGTGCCGGAAGCTCTCACAAGAAGCCAGCTGCCGTCAGCGAGCCAGTGCTTTATACCATCGGTATGTTCCACTTTTGTAACCGCCTTACCACTGATTTCCTTCAGCTCTTCAGCTTTACAAAGCGCAATCATCCTGTTCTTACGCTCTTCGGTTGTATGCAAATCATTGCGGCGGCAGTAGTGCGGGCCGAATTCTTCGAAAAGTTCATCAACAAGCGCACTAAGCGATTTTCCGCGACGCGCGCACATTTCTGCGACAAGCAAACCGATATAGATTCCGTCACGCTCAGCAAGGTGTCCCTTAACCGCAATACCTCCGGATTCTTCCCCGCAAACCAGCACATCGCCCTCCAGGATTTTTTCAGTAATGTACTTGAATCCAATAGGCGTTGTGTGGATGGGAAGTCCGTATTTTTCGGCCTGTTTGCGCATCATATCGGTCGTTGAAAAAGTCTTTACGAGCTCCCCTTTCATACCTTTGGTGTCGGCCATGTACTTGGCCAGAAGCGACAATATCTGATGAGAATCCACATAGTTGCCGTTTTCATCGAACATAGCAACCCGGTCTGCGTCGCCGTCATTGGCGATACCGAGCATGCAGCCCTCTGAGACGATAATTTCGGGCAGTTCGGTCAGATTTTTCTCGATGGGTTCAGGCGGGACACCGTTGAAACCGGGATTGTTTTCACAGTTAAGCTCAACGGCAAGCTCACCCAGCAACTCACCGATCAGTCCGGCTCCGGAACCGTACATCGCGTCATGCGCAATGCGTTGCCCGGTTTCCCGAATACGCTGCAGGTCGATCCGCTCCCGAATGATATCGAGATAGCGGGCATT
NZ_CP027806.1_gap64	2281610	2284446	2836	TATAGCGAAACAATAGAACTTCCGGATGATATTTGTGCTGACCTTTAATTAAAACTGTAGATATTTCGCAGAACAGCCTCTTTTTGAGGCTGTTCTTTATCATTCGCAGCAAAGCACAGCAAACTGAAACAGACTTGCGCTTTTCAGCTCTTGGGAAATAAGTAACATTACTTACCGAAATCATCGGATTAACATGCGGCTTAATTGTTTGGAAAGCATTATTTTGAGGAAATCCCATATTAAGAACATCCAACACTCATAGTCGAAGCGTTTAAATCCTTCTTTATAATGCAAAAAGCGTCCATTGAATCAAAGATTTTAAATAACCTCCCGGCACTTACATTTAGATACTATGCCAGTGATAGCAGTTCAAATCTGAGATTTGATACTTTTAACAAAAAACCTGCCGACTTTTTTGGAGTCAGTAGTACGGATGCTGAACCTGTTCTATGGGATTTTATTCACCAAGATGATGTTGCAGAGGTAGCGTCAGAGTTAAAGACGGTTATAGATCAGGGTGTGCAGCGCAGTTCGGAGTTTCGTGTTTCGGGTCCTGTCTCTCATTGGATGGAAATTTCTGTGAGTCCGCCAGTTCTTACAGATGGTGTTTGGGTTGGTCATGGTTTGATAAAAAAAGCGGGAAAAGCGAGGCTTGAGCTCAAAGCAAGTGAGGAAAAATTACAAGGGCTGAACGAACTACATAGCCTTATTACGCGCTTTGCCTCGATGCTGATTCAAACAGGTGTTCACGGACTGCATGACGCCATCAATGAAACCCTTCGTCTGCTCGGTGAATATGCTGAAGTTGACAGAGTTTATATTTTTGAGCATCAGGAAATTACAGATACCGTTGATAACACCTTTGAATGGTGCTCAGAGGGCATAAACCCGGAAATTGAAAACCTGCAGGGCATTCCTTTTGATGCCGTGCCTAAGTGGAAAGAAAAATTCGGAAAAAAAGAACACGTATACATACCTAATGTAGCAGAGATCCCCGAGGAATATAATGCCGAGAAGGAAATACTTGAACCGCAGGGGATCATTTCATTGCTGGCACTACCCATGTTTTATGGTGAAGATTTCATTGGTTTCATAGGTTTTGATTCTGTAAGGAAGCAGCGAGTGTGGTTTGATGAACACATTTCTTTATTAAGACTTGCAGGTGATATTATTGCAGGATCGATTTTCAGAGAACATTTTGAGAAAGCAATTCTTGAGGCACAACGAAGGGCAGAAGAAGCAAACAGAGCTAAATCAGAGTTTTTGGCTAATATGAGTCACGAGATCAGAACTCCCATGAATGCGATTCTTGGTTTTAGCGAAATTCTGCTTAATACCATCAGCGAAGAACGCAATAAAGGATATCTCGCTACAATTATGAGCAGCGGTCGTACGCTGCTGTCTTTGATTAATGATATTCTCGATCTGTCTAAAATTGAGTCGGGTCAGCTCGAAGTGCAGGAAGAACCTCTGGAAATTGTGAGTATTCTCAATGAAATGCTCCAAATATTTTCCAATAAGGCAGACGACAAAAAACTAACGATTGATCTTGACATCTCGGAGAGTTTGCCATCCATTGTGCTGCTTGATGATGTAAGGTTACGCCAGATCTTGTTTAATCTTATAGGTAATGCCATTAAGTTTACCAGTCAGGGCGGTATCGTAATTCGTGCATATGCCGAACCTGGTGAAATTGCTGAAGACCTCTACGATATCACCCTGGAAATACAGGACTCCGGTATCGGTATAGGGCCTGAGCACCATGACAGTATATTTGATTCATTTTTTCAGGTAGAAAGTGATAACACCCGAAAATACGGTGGAACCGGACTTGGACTGGCCATTACCAAAAAGCTTGTTTTAATGCTGGGGGGGGAAATTAGCGTAAAGAGTGAGCTGGGTAAGGGAAGTACTTTTATCATCACATTTCATAATGTTGAAACAACAGATACCAAGCCCATTAAGACCCAGAACTTTAATTGGGCACAAAAAGACGTCAGCTTTAAGCCCTGCAAACTCCTATTGGTAGACGATGTTGTTTTTAACAGGGACTTGGTTAAAAGCTTTTTAACCGATTTCGATAACATTGAATTAATTCAAGCGAACAACGGACAGGCGGGTGTAGATAAAGCACTCGAATTACTACCTGATATGATATTGATGGACCTTCGAATGCCGGTAAAAAATGGCTACGAAGCAACCAAGGAATTAAAAGCCGACCCCAGAGCTGAGGGAATTCCTGTTATAGCGTTTACGGCTTCATCTATGAAGCACGATGAAGATCGCATTGCCGATTTGTTTGATGGTTTCCTTAGAAAACCCGTATCACGTGATGAACTCATTAACGTGCTTGTACAGCATTTGGATAGCGAAATCAAAACTAAGACTGATATATCTGAAATTACAGTCGCTAAAAGTACTGCAAACAGATCAGAGCCCAGCCTGTCAATGGAGGTTTCTTTAACTGAAGCGAATCAGTTCAATGAGCTTTACGATGAAGTAATGCAGAATGAGTTGAAGGATCTTTTAGATTTCATGGATACGGATTTACTTTTATCATTTCTTGATAAGCTTGAAAACATATCAGAAAAAGCCGGTGTGGCTCACTTTAATAAACTGATTCAAAACCTGCGGGATGATGCCGACCGGTTTGACTTTGAAAATTACTCCCGAAATATTGAAAAGCTAAACGAAACAATTGCGCAGATAACAGAAAAAGCCTGACAACCTTTACGCATTATACAGATACAAAATGAACGTAGATACGAACGCCCCTTACCCTGCCTCAATTTTAGTTGTTGATGATAATCCGCGCAATTTACAACTGATTTCAACA
NZ_CP027806.1_gap65	2291175	2293928	2753	GGCACAGCGCTGCTGATTTTCGCTCTTTCCAGCTGTATGAGGCGCCGCGCCGGGATTTTAAAGCGGGCTTGCGGAAAGAGGGCTGCATACGCGTAATTGCCGAGGTGAAGAAAGCTTCGCCATCGAAAGGGATTATCCGGGAAGATTTTGATCCCGTGCGGATTGCGGCGCAGTACGATGAAGCCGGGGCCGCTGCGATATCCGTGCTGACCGAGCCCCACTTTTTTCAGGGCGACCTGGCCTATCTTGGGCAGATTCGTCCGGAGGTTTCGGTGCCGCTGTTGCGGAAGGATTTTATTGTAGATTTTTATCAGATTGAGGAAGCCCGGGCCGCGGGTGCTGACGCCATTTTGCTGATTGCGACCGTAACAAGCGGAGCCCAGCTTTCGGAGCTGCTGCACGCAGCAAAAGAAGCCGGTCTGCAGTGTTTGGTAGAGTGCTACAGCCGCGATGAATTTGAAGCACTCCGCTTCAGTGAAGTGGAAGTTGTGGGCGTGAACAACCGCAATCTCAAAACCTTTGAGGTGGACTTGCACCGCGGACTTTCCCTGCTGGCCGAAGCGCCCAATGAGGTCGTCAAGGTGTCGGAAAGCGGACTCAGCACGCCACACGATATTGAAACGGTGCTCGAGTACGGCGTAGATGCTGCGCTGATTGGCGAGCATTTTATGCGTCAGCCGCACCCCGGCGATGCGCTCAAGCGCCTGACCGAAAACTTCAGCTGATTTTCAGCCGGAAACCCATCACCCGAAAAAAACACGCTGTGCAGGAAAAAAGAACAAAACTCAAAATTTGCGGCATCACGCGGCTGGAAGACGCCCGCTTTGCAAGCGGTGCGCTGGTTGACTATCTCGGATTCATTTTTGTGGAAGGCACGCCGCGGTATATCGCGCCGGAGCAAGCCGCCGAAATCATCAGCTGGATTGAGGGACCGCGCTGTGTGGGCGTGTTCATGAATGAGTCCGCGGAGCGCATAAATGCGATTACGGCGGAGAGCGGCGTGCACATGGTGCAGCTGCACGGGGATGAAAGTCCGGAGGTGTGCCGGCAGGTGCTCGCGCCGGTGATCAAGGCGTTCCGGGTGAAGCTGGGCATGAGCCGGGATGAAGTGATGGCGTTGCTGCGGCCGTACCGCGATGTGGCCGAGTACTTTTTGTTCGACAGCTGGGTGGAAGGCGTTGCCGGCGGAACGGGGGAGACCTTTGACTGGAACATCATCCGGGATTTACCCGGGGACTGGCCGATTATGCTGGCCGGAGGTATCCGGGCGGGCAATGTGCGCCGGGCGGTAAATCTGGTTCATCCGCATGCGGTGGATGTCTCAAGCGGGGTTGAGCTTTCACCAGGCGTGAAGGATTTTGACCTGATTGAGGATCTCATGGACGAGATGCGCGAGATCTGGGAAGAACAGGAGCGGTTTTAAGCTTTGTATTGGGTCTGGCTGTCCCGTTCCGGAAATCGACTTAAGGTGAGCCTGTAGTATTGACGGTTTTGGTTTCCGGACTTAAAGACGGGTTGCCTTAACCTTGTATCGAAATCAGAAACTGTTCATGTTTCGGAGACCAAAAAGCAAGGGGCTTATCTTAGGTTTAGGAGCCTACGATCTGCCACGTAGGCATTGATGCTCTCGGAGTTTTACCCAAAAAAAGAAAATTTCGGCGCTGTTGAGGACGCCTGTAGTAAGGCTACCGGCGATTTGAATGCAGGGTGACATTGCAGTTGTAAAAACCGTATCTTGCATGATAATCATTAGCGGCAAGTAAGTTTCTGCCGCCCGTATCTGGTTGCGGAATTGGAATCAGCCGGAATGATTGAGTCGGCATAGGGATTCCACATCTTTCAAAAATTCATCAAAATAATTAATCGCCCGGACTTTTAATCCGCGGGGAGGACACATGAGCAAAAAAGGAAAAGTACTGGTAGCCATGAGCGGCGGGGTGGACTCGTCGGTTGCAGCGGTAATGCTGCGCGAACAGGGCTACGAAGTGATTGGCATTACGATGAAGACCTGGGACTACACGAGCTCAGGCGGAAAATCGAACAAAGAAACCGGCTGCTGTTCGCTGGAATCCATGAACGATGCGCGGCAGGTTGCGCTGAAATACGGCTTTCATCACTTCATCGTGGATATCCGCGAGGAGTTTGGCGACTGGGTGATTGACCGTTTTGTGGATGAGTACCTCGGGGGCCGGACGCCGAACCCCTGCGTGCTGTGTAACACGCACATCAAGTGGACGGCGCTGATGAAGCGGGCCAATCATCTGGGTTGTGATTTTATCGCGACCGGACATTACGCGAACCTGCGCGAAGAAAACGGACGCTTCGTGATTTCTCGCGGGAAGGACTTCAACAAGGATCAGTCGTACGCGCTCTGGGGCGTTTCGCAGGAAAATCTGTCGCGCACCAAGTTCCCCCTTGGGCAGTTTCATAAGCCGGAAATCCGCAAAATGGCCGAGGAATTTGGTCTGCTGAACGTGGCGAACAAGAAGGACAGCTACGAAATCTGCTTTGTGCCGGATAATGATTACCGGCGCTTCCTGAAAAAGCGCGTGCCCGGCCTGGAGGAAAAAGTGGACGGCGGACTTTTCGTCGACAAGAACGGCAAAGTCGTAGGCAAGCACCGCGGCTATCCGTTTTACACAATTGGTCAGCGCCGCGGACTTCATCTTGCGATGGGGCGTCCGGTGTATGTGACGCACATTGATCCGGATACCAACACCATCACGGTGGGGGATGAGGACGACCTCCAAAGC
NZ_CP027806.1_gap66	2305644	2309762	4118	TGAGCCGTAAAGGCGTTGAGTTTGCATCCCTGACGCATCACCCGGGCGGCATTCCGCACGGTCCGCATCCGGGCACGGTCGAGAAAAGTATCGGAAAAGAAGGCACCGACGAGTATGCTGTTATGATCGATACCTTCCGTCCGCTGCACCTCACGATGGCAGCCAAAGAAATGGATGACGGTCATTATCCCTATTCCTGGATTGATCACGCCTGATCGGTCTCATTCAATACATCAAAGGCTTCGCAGCTTAGCTATGCTTATGCTGCGAAGCCTTTTTATATTTACCCGATTTTAATCACCCAAAAAAATAACCCCCATGGAAATAAACCCGCAGGAAATCTCACAGCAGGAGCGCTACAAATTACTCATTGGCTCCGTCATTCCGCGCCCGATCGCATTCGTTTCAACGGTCAGCAGCAGGGGAGTGCGGAACCTGTCGCCATTTTCTTATTTCACGGTTGCTGCGGTTAACCCCATGATTGTGGTCTTTTTTCCGCTCCGATTCAAAACCGGCACGGAACGCAAAGACACGGTCAAAAACATCATGGAAACCCGGCAATTCGTTGTTAATATCGCTTCTGAGTCAATCACCGAACAGCTCAACCGAACTTCCGGCATATATGAAGAAGACGCAGATGAATTTGAGATTTCGGGACTTACGGCAGTAGCTTCAAAAGCAGTCGTACCACCCGGTGTAGCCGAATGCAAAATCAGGATGGAATGTGAACTCTACGAAATGATGGCGATAGGGGAGAAAGGAAGCGGCGGGAGTGACGCGATCTTTGGAAAAGTTCTGCACTACTACGCTGATGATGATCTCATTGCAGGTTACAAAATCGACGAGCAGCAGCTCAACCCGATCAGCCGCCTCGGGGGGCTTAAATACGGCATGATCGGAAATATTAAAGAATTGCCGCGGCCCTGACACAATCCCCTTGCTCAAACCAAGGTTCACAAAGTTCAGCGCGGATTTTTTTGGGGGAAAACGCCGTGAACATCACGGTCTTTCGTGGTTTTTCAGAACCCACAAGTCAAAGACGAGTCCCTTGCTTTTTGCGGGTCGAAGTATCCTTAAAGAGCGAATGTAAACTTATGATTGAATCAGCTCCCGGCAAATCAGCATTGAAACTGAAACCAAAAAAAAGACCTGCCCCGATCAAAGGCAGGTCTTTCAGTTCACCCTGATTAAGGGGACTGTCAATTTTCCAGGTTTTCATTGGACTATTTTCAAAGTAAACACCTTGAGTGACTACGTACTGTCACCCTTGCTAAAAAAAATATGGATATTAAAGTATTTAGTGCGCTTCAAACCTACGCAGATACGCACAGCAGCGAAGAAAGTGAAGCCCGTAAATATATTATACAGGCAACGCATAGCGAGCTGCAGTATGCCGATATGCTTTCAGGCAAGCAGGTAGCCGGACTCTTACGGCTACTGATTCAGACCGGGGGATACACCAGGATTCTGGAAGTAGGCATGTTTACCGGCTACGCAACAACCGCAATGGCGGAAGTTATGCCGGATAACGGTCACATCACTACGCTGGAAATGAATACACTGTATGCGGGCATTGCTAAACGCGGATTCAAAATGGCCGGACTGCAAGATAAAATTACAGTCATTATGGGAAGTGCAAGAGAAACGGTGCTGCAACTGAGCGAAACTTACGACTTAATCTTTTTGGACGCCGACAAGCAATGGTACCCGGAATACCTGCGGGTGCTGAAGCCTAAGCTAAAGTCCGGTGGCTTGCTCGTAGCGGATAATGTTTTTTGGTATGGGGGCGTGCTTGAAAACAAAGACCGGAAAAGTCAGGCCATCAACACATTCAACAAAATGCTGCAGCAGGACAACGAAATGGAAGTCGTAATGCTCGGTATCAGAGACGGACTGTCCATTGCAAGAAAGCGATAGCGCAAAAGCACGGGATAAGAGTTCTTAGATATACAATGTAGGAGTACGCCTTTTTTGGGCTCAAGAAGATGTTTTATAATATATATTATGTTAAGTGAAGTTTCTGACTACCGCAAACCACTCCATAATTGTGCCACTATACCTGCCGCCACGGCCTCTTCCCCTTCCCATTCTAAACTCCAAAAAAACTCAGAGCTGCATCTTTCATGCAGTTTAATTCAAAAATGATGTACGCTTTTTGAATCCCTACGCTGCCACCGATTTCATTCGGGAAGTTTGTGTTGTGTCCTTCTATGGTCGAATCTCATCAGCTATTCCCCTTTGATGTCATGTTCTCTGGTTGTAAATCCAGATTATCCCACAGTTTCGAAGTTCTCTAATCGCCAACATGGCATATACAGAACATCCGTTGTTGATGTTTCGAAGCCCACTATCCTTTATTATCCCGATTTGAGCTTGTTCGTTACTTATAGAAGGCACGCCAAAAAGCAAAACCGCATGATCAGCAAAGCTTTTCCCGTATTCTTAAAGGTCGCCTTGCTGTGGCCTGATTACGATCTCTTCGACGCAGCTTCTCTCCGATAAAGTGCAGAGCGTTGCGATGATCCGTCCTACATCTTCAGCGTCAGCCAACCGTTCCGGATCCACGCCGAGTCCGTCCCAGCTCGGGGAATGTGTCTGTCCTAAAATTACAGAAGTAACGGCAACCGATGTGTCCTGTGTAGCCTCACGCAGACTTTGGATGTAACCATTCAGCGCATGCTTTGAAACGCTGTATGCCCCGCAGCGGGCCTGTCCTTTTTGGGCTGTAACCGAGCAAATAAACACAGCCCGCGCTTCAGCCTGATTTGAGAGATGTGGTAACAGAGCCTGCGTTAAACGTATGGCGCTCAGCGCGTTAACTTCAAATTGTTCCCTAAATTCTTCAATGGTGTTTTCAAGGACAGCTACGGGTAAAAAATACCCGGCATTGTTTACCAGCACACCACAGTTCCTTTCTGATACCCGATTGACCAACTCTTTAAGCTCAGCACTATCCGTAAGATCACAACAGATGATTTCAGGTTTCATCCCCCCTGCAGATTCGCACAATCGTGCGGTCTCTTCAAGGCCGTCTTGGTTTCTCGCGGTCAGAATCAGCGGATTCGGAAGGCTTCGGGCCAGTTCGACAGCAATGCTTCGGCCAATTCCCTGACTTGCACCTGTGATGAGTATGCCCGCGACGGCAGCTACAGCCATTTCAGTTAGGGTACGTTTAGGAATTTGTGGGTCTGCAAACTTATGCCCCACTGCGGATTCGCTTTCACATAATCTACAATCAGCGGCATGGACTTGGGCGTATCCCATTCGGGCTGAAGGAGTAAGCGGGTTCCCACCGGACATTTTGCAGCATGTTCTTCAGCCCAGGTCAAATCTTTTTTAGTCAGCACAACGACCTTTAGCTCGTCCACATACGGATAGATTTCATCCACCGGTTTCTTAAAACGCTTGGGCGAAAGGGTAATCCAGTCGAGTTGGCCGCTCAGCGGAGATGAACCGCTCGTTTCAATATGCACTTCAAGGCCGCGGGCTTTAAGGCTACTCGTAAGCGGCAAAAGATCGTGAAGCAGTGGTTCGCCGCCGGTAACTACTACGAAAGCAGCACCGCTTGCTTTCGCAAGATCGGCCACCATACCGGTTTTCAGCCGCGGATGTTTGCTTGCGTCCCAGCTGTCTTTCACATCACACCACCAGCACTTCACATCACAGCCCGCTGTCCGGATAAAATAAGCTGCCCGACCGGAATGTGCACCTTCCCCCTGAATGGTATAAAAGTGCTCCATAATCGGATATTCAACCGAATCAAAGTCCTTCACATCCGTACCTGAAATCATTTGTTCACCGGAAAGAAACATCAGTCAGCCGTGTACTCCACCCAATTGTTTTCAGTTTCCCAGACGGTAACAATGAGCTCTATGCCATCAGGCAGCCGTTTCATGGTTTCCGTGTGCAGGTACTCGGCAATGCGCTCGGCAGTAGTAACAACCGGTATAACCTCATTCAGTACCGCGTGATCCAGCCCGCCTTTTTCGAAATCGGCAGCAGCCCATTTCAGCTCCTTGAAATCACACACCATGTCAGGTGTCTTTAGGTATGCAGATGGATTTAATTTGGTCGATATAGCAGTCATGCGCACTTTGTACGTATGGCCGTGCATGCGG
NZ_CP027806.1_gap67	2320736	2325029	4293	CGCCACACGCGGTTATGCATGGCTGCCCAAACTCACGCCAACCGGACAACTCGTAGCGCGGGCCAACCCGGACCTTCCGGAAGTCCGGAAAGAACTCCGGCACAAAGCGCCTGCATTCACACAAATTTGTATTGCCTGTGATGATGATCCGAGCGGCGCTTTCATCGCCCGTGCAACGGCAAAATACCTGGGTAAACGCGGTGGGATTCGTTTTGGTAAATTAAAGGGGTTGACCAAAGAATCCCTGGAAGAAATGACTGCGACCGCTGTGCCGGAACCGGCTGATCAAAGTGAACAGTTGAGACGACACTTTTTTATTCGTCAGGCCTTCAAAAGAATAACGACGATACAGCTCCCCCTGCATACACAGCTCGCTGTCGCAATACTTGCCCGCCCCTTCGAAACCAACAGCTTCGTAACCCTGGATGAATCGCGGGTTTTTCGTGCTGTTCGTCCGGTAAAAACTGATTTTGCCGCGACTTTTATTGTATCTCGAAGTTCAACAAGCGGACTTTATACGGCTGTTCCGAAACCGCCTTCTACCGCTTTCCTGCCTTATGTTACGGGGCAGTCCTTTGCCGGAACGCAGGAGCGGCTTAACCGGCTGTTTTGTTTTCAGGATGAAGCGCTTTCCCATAATCTGATCAGCTATCCGAGAACGCGGTCGAGCGCCTGGTATAATGAAAACTGGGAAATGCTTAGTGAACAGTTCCAGCGGAAATACCCGGAACAAATCTGCATCCCCAAGGCCATGCGAGCCGTCGCAGACAGCAAAAGCAACCATGACGCGCTGCACGTAACAAGGCTGGTGCATACGCCGCACAGTTTGCGCCCTTTTCTCAAATCAGACTTGCTTCATCTCTATCAGAAACTTTACGCCCGAACGACCGAAGCCCTGGCGGTTCCGGATGAAATTCATCAGGACAAGGTTTGGATGGATGAATCCGGGGATTATTTTGAATCGGAGCCGGTAGCATCAGGCCGGTCAACAGAAACGCTAAAGCCCGTTTTTGCGCTGGAAAATTTCATGCAGGCGCTGCTCGAAACAGGATGGGTATCCCCCGGCAGTCTGGGATCAGCTTTGGATGGCGTGCTTAGGTCAGGACACATCATCCTAAAAAAACATCCTTTAACGCATCCTGAACTTGCTGTGCATGCAGCAATCCAAAAACTTATTTCCGGCTGCAATCGTACCTTCGATCTCATGGAAACAGCCACAGCGCTTAAGAGCGATGAGTCTCTGAGTCCTGAACAGTTTAACCACCGCTGTACCCAACTTCTCCGGGATGGAATCTGAAAAACCTACCTTTGAATCCGTATTTCGCAAGCATCTCGCCGGGAAGCTTGCCGGTGACGGAAAATACGCACCACCCAAACCGCAGCCTGAAAAAGTGCCACCAACGCCGGGCTTAAGAGTGCTGATGACCGTACCCTGGCTGTTGGGCATTCTGTTTCTGATTTCTTTTGTTTGGGATTTTGAAGGTGTCCGGTTAAGCACGGATTTTGTAAATCTACAGTTTGAAGGGTTGCTCCGGATTTTGAGCGTGAGCGGGCTGATTGGCTTCCTGACCAACTGGATTGCGATCAGCATGCTGTTTTATCCGAGAAAACGAAGACCGCTGCTGGGTCAGGGGCTCATCCCCGCCCAAAAAGACCGCATTGCGAAGCGGCTTTCGGCGGCGGTCGAGCGGGAGCTGATAAACCCGGAACTGGTTAAGCGGGAATTTGTGGCTTCGGGCCTGCTCAACCGCTACACGGATTTGCTCATCTGGGATGTGAAATCGCTGATGGATAATCCGGAATTTCGGGACGATGTGTCGAAACTAATGCATCACTACATTCAGGAAGCTTTTGCCGACCCTGCCATGAAAGCGCGGATTGTGGATGAAGCGGAACAGGCTGTGATGGAAAGCGTGAAGGGCCGAAAAGTGGAGCAAACGGCCCTTAAAATGTACCTGATCATGCGCGGCAAAACCCTCCGGGAATTTCTGATGGATGCTACAGAGAAGCTTCCCGCCAAAATGGCGCGCGCCACAGAGCCGATCGACGAATTGCTGAACACCATCCCCGCCCGCATGCGCAAAGACCGGGCGCAGCTGCAAAACCTGTTTCTGATGGTCATCAACGGCATCGTCGATAAAATCGAAGTGCAGAAAATCATAGAGACCAACATCAACAGCTATGATGAAGGCAAGCTCGAAGCCATCATCCGGGGCGCATCGGATACACAGCTGCGGTACATCAAATACCTCGGGGCCGTAATCGGTTTCGGCGGCGGTTTCGTAATCTGGCAACCCGTTTTGAGCCTCGCAGTTTTAATCACCGCGGGATTGTTGATCTGGCTCGCGGATCGGATTTTGGGCGGGACGTGATTGTTTTCGCACCGGTCGTATTAGCCAATAATCCGGATTTCAAAACCTGACAACCCTGAAAGGGAGATATACCAAAGCCCGGGGTGCTAACCCCGGGTCAGGACCGACCAATAATATTGAGCCCTGAAGGGGCGGCATAACTCGGATGTTGAGCAACAGCACGATGGTATATTCGGGCATCTCAGATATGTCGCCCTTGCAGGGCTTTTTTTTGTTGTGGCACGCTTACACAGGGTTGTCACCCTGTGCTATGATATGCCGCCCCGTTGGGGCTTTTTTTTATTCAGTAAGTCGCGCGTGATCAAGAAAAAGTGGTATTAAAAGCAGATAAAACTCGTGGTAAGTTAAAATCTCGAATTTCAAAACCTGACAACCCTGAAAGGGCGAAATACCAAAGCCCGGGGTGCTAACCCCGGATCAGGATCGACCAAAAATATTGAGCCCTGAAGGGGCGGCATATCTCGGGGGGTTGCAATTCGGCACGGTGGTATGTTCCGGCATCTGAGATATGCCACCCCGTTGAGGCTTTTTTTTGGATTAAAATATTGTGCTAATCCCAAATATACCTGTGGTCATATTCAACATTGTATTTCTTCAGAATTTTCAGGTATTCTTCTTTGAAGGACCTCTTCTTATGATGCTCTTCCTGATTTAAAATATATTTTGATATAACATCTACCTGCTGCGGATTGACAGAAAATGCACCATATCCACTTTGCCATGCAAATGATTGACTTGAAACCCCTTTAGTTTTTACCCATTTCGATGAGTTTGCTTTGAGAGCTTGGATTAGCTTAGACAAAGATAGCTGTTTAGACATCCGGCACAGAATATGAACATGATCATTTGTTCCGCCAATTTTTATTGGAATACAGCCATTTTCCTTGCAAATACCGCCCAAATAAGAATGAAGCTCTTCCCGAATATCATCGGAAATCATTGGGGCTCTGTTCTTTGTGCTAAATACAATGTGAGCATAAAATAAAATCAGCGATTGACCCATAGCGGTAGTTGTTTGGAATAATTGATTATAAATTTACTAATACCAAAATAAAGAAACATAATATAGCTTTTTATACAAATTGTTAAACCCTAAAGGGGCGGCATATCTCGAATGTTGAAAATCAGCACGGTGGTATGTTCGGGCATCTCAGATATGTCGCCCTTCAGGGCTTGATTTTGTTGTGGCACGCAGACACAGGGTTGGCACCCTGTGCTATGGTATGTCGCCCCTTTGGGGCTTTTTTTAATTAAACTTCCCGAATATGATAAAAAATCAATAAACAAACCAAATATGTTTGTCATAGAATAAGCCCGATTCTTAAAATCCGACACCCCTGAAAGGGCGACATACCAAAGCCCGGGGTGCCAACCCCGGGTCAGGATCGACCAATAATATTGAGTCCTGAAAGGGCGGCATAACTCGGATGTTAAAAATCGACGAGGTTGTATCTTCCGGCATTTGAGATATGTCGCCCTTTCAGGGCTTTATTTTGTTGTGATATGCCTACACAGGGTTGTCACCCTGTGCTATGATATGCCGCCCCGTTGGGGCTTTTTTTTATTCAGTAAGTCGCGCGTGATCAAGAAAAAGTGGTATTAAAAGCAGATAAAACTCGTGGTAAGTTAAAATCTAGAATTTCATAACCTGACAGCCCTGAAAGGGCGACATACCAAAGCCCGGGGTGCTAACCCTGGGTTAGTTAGGACCGACCAATAATATTGAGCCCTGAAGGGGCGGCATATCTCTGATGTTTAGAAACAGCACAAAGCATTGTTTCTATATCTGAAGTATGTCGCCGCGTGAGCGCTTTTTTGTTGGTTGATAGTTTGGAGAAGGTATGCAGCCCCAGCATCAAAAAGCAAGGCGCCCTGAGACCGATTTGGGATGCCGGAAACCAGTACCGCAGACCGTGATGCT
NZ_CP027806.1_gap68	2474864	2476065	1201	GCGTATTCCGGCTTGGGAGATCCCTCACATGAGGCCGTAAACAATTCCTTGCTTGGCCTGCTTACCGGGCGCTGATTCCGCTGCTGCCAAATGAGAAGCGTTCGGGATGACGCGCGGGGAGGGATGATTGGCAGGGCGCAGCGCAGGCGGAGTCGAAGGATCTCGTATTCCGGCTTGGGAGGCTGTTACAAGTTCGCAATTGGACTGCCCTACAGTTACTTTTTACAAGTTGGCCCGAAAAAAAATCGCGACCGCGCTTCGCGCGGTTTGGTGTAAAGGGTCAAAGGGTCAAAGGGTCTAATCCCCGACACAACGGACAGAGAAGCCATACCCCTTGTTGCCATTGCCACGGCTCACCGAAGCATCACCATGGTCAAGAACGCGTAACCAGGCATAATCTGTACTGTCCTCGGAAGAACTCCACCAGAGGCCGTTAGAACCCAGGTTGGAGAAGGACCTAATGTTGTCGCTACGCCAACCGCCCGGGAGAGCTGAAAAGGCGCTTTCGTTTGTGGCACCCGTATTCGGGCTGCGCCAATGTTGGGTACCGGTGGATTTCAGCTTGCCGCCGGCTATATTACGGCCTCCCAAATTATCCTCAAGAATCGTCCAGTCCCGGTCGCTCGGTACCCGCCAGCCTTCAGGGCACAACCCCCTGCGGTCATTCACAGCATGCCAGTTGTACAGCTTGCCGTAGGTACGGCCATTTGATCTTCTATTCCTGTAATACGCCCACGCACCGCTGTTCAGGCGTGTCCAATCTGTATTGCCTCTCACGTTCGGGATCGCGCTGCCATCCCGATACCGGCTTGTGTTCAGGTTTTCGGCCATCCAGCACTGATCCCCAATACTAACCGTTCTGTAGGTGTTCCCGTCTATGTCGGTAATGGTTGTCGATCTGCAAGCGCCAATAAAGCCCTCTTCCATCAGTATGCTAACCCGCAGGGTTTCATCCAACACAATCACTATCTGCTGCTCTTCCGGCAAATGGCCTTCCGCCGTGGCGCGGAGGGTGTAGGGTCCAGCTTTCACATTGCGGAGAAGGCTTAGCCCGTTCCATTCATTTACCGTGCGACCTGTAGCATCAATCAGCTCCACACGGGCATCGCCCGGGGTAACATTAAACTGAAGGCTTCCGGTATGCGCCTGCAGGGTGATGTCCCGGCTGAGGCGTTCATTCAGGGCTATATCAATGGTTTCG
