gap_id	start	end	length	sequence
NZ_CP009498.1_gap1	2029	5476	3447	GAGCGGTTAGCGTAGAGCGACGTTCTAAAGTTATTTTTTCATCCGGAACAACGGAATTCAAAGATAATACGGCATCAAGAGGATCGGGAGTATATGTTAGAAGCAGCAGCACAGTAGAGTTCATCTACGGGGATGTAAAATTTGATAATTCATATATATATGTAGTTATGGATTCAACAATAAGTTTTAGCAGCAGCAATGTGTTGTTGAGTAATAATAATACGGGCGCCCGCGCAACGTCAGTAGGAAGTAGAGCGTGGTTTTTAGTTAACAGCAGTACGGTTGAATATGTAAATAATAATAGTGATAACGGCGCTGCAATATTTTTAGATAGTAAAGGAAGTGCAGTATTTTATAGAAGTAATGTTAATTTTAGCAGCAATACGGCTGACGATAGCGGAGGAGCGATAGGGTCAAGATATTTTTCAACCGGTTCCGGTAATATGGCATTTGAAGGCGGAGTAGTAAATTTCAATTATAACACAGCGGGAAGCGCCGGCGGAGCAATATATATAGCAGCTAGTTCAACAATGAGCTTTACAGGAACAACGGTAACATTCCAAGGAAACAGCGCGCGGCAAGGAGGAGCAGTAAATGCAGTTAGCAATTCAAGCTTTATTTTTACGGGCGGAGCAGTAGAATTCTTGTGGAACAATACAACAAACGGAAACGGTGTAGTGTATTGGGACACAAGTTCATACGTTGGGTTAGAAAATGCAAAAATAACAAAAGCAATAGGGAACCAAGCCAACAACGGCGGATTTTTATATTTGGTAAACCAAGGAACGTGGAGCTTTGCAAATATAGATATGTCGTCAAACACAGCGCGAAGCGGATACGGAGGAGCGTTGTATTTGAATAGCGCAACAGTAGTATTTAGCGGAACAAATACAATTAGTTATAACACAGCAAACAGCTACGGCGGAGCAATACAAGCGTTTGATACAAAGAATATAGATTTCAGTTTGGCAACGCTCAAAGCGGAAGGAAACATGTCGGCGGCAGGCGGATTTCTGTATGCGGTAAATACGGGAACAATAACATTTGGAGCGGCAGAATTTTACGCAAACACAACAACGGCAAGCGGAAGCGGAGGAGCGCTCTACGCAGGGCCGAACGCGCAATTTAATTTTATAGCAACAACAACAACGTTTGAAAACAACATGGCAGGAAACGTAGGAGGAGCGCTGTATATATTAAACAGCACAAACGGATATATAAAATCGGCGAACACGCTGGTATTTAAAAACAACAAACAAACCGCCGCCGGAGGAGCAGGAGGAGGAGCAATATATATATTGTCGTCGCTGTCAACAATATTTGAAGCGCCTGTAATGAATTTTGACGGAAACACAGCGGTAGGAAACGGCGGAGCGGCAATGATAAATTTAAGCGCGGCGCAGTTTTTAGGAAGCGGGGAAATAAAGTTTAGCAATAATATAGCCAAAGGAAACGGAGCAAGCGCGGGAGGAGGGGCGTTATTTCTAAACGGAGCGCAAGCGTATTTTGATAATAGGGAAGTTACATTTTACAATAACCAGTCGTCGCCGTTAAATGCAGGAGGACAAAGCGGAGGCGGAGGAGCGTTGTACCTATATTCAATAGCAACGGGCACGTCGGCATACGTGGAGTTTAACGGAAAAACAAATTTTACGTCAAACACGGCGGTAGAACGAGGCGGAGCAATAGCAATGCACGGGCAGGTAAAAGTATCAAGCGCAGTATTTAACGAGGACGTATATTTCGGATATAACAGCGCAGCCAACGGGGTAGGCGGAGCAATAAGCATGATAGGGCCTATAGGAAACAAATTGGTATTTAACGGAAATACAACGGAATTTAAAGGAAACGAAGCCAAAAACGCAGGATGGGACGGAGCGGTAGGAGGAGCAATAAGCGCAGGGGACGCGTCGGATTCTGCGGTAGAATTTAATTCGCAAATAACGTCGTTTACGGCAAACAAAGCGTATGGAGCAGGGGCGTTGAACTTAACGCAAAGCAGCGTGGCGTTTAGTAAGGAAGTATATTTTACAAGCAACGCGGCAAAGTTTGCAGGCGGAGGGGTAGCAGTAGTAAAAACAGGGCAAAGTTACATATTCGGGTCAACGGCAGTATTTAGCGAAAACACGGCGGCAACCGACGGAGGGGCGCTGTATAATTATCAAGGAATAATAGAAACGAAAGGCAATACAATATTTAAGGGAAATAAAGCGCAAGCAAGCGCAGGAGCAATATATAATTATGAGGGATTGGTAAATTTAGGGGGAAACGTTGTATTTGAAGCAAACCAAGCGGAAGTATCGGGAGGAGCGCTGTATGCGGACGCAGCGGCGAGCGAAATACAATTTGCAGATGGCAGCACAATAACGTTTAAAGGAAATAAAGCAACGCAAAACGGCGGAGCGATATATGCAACAGCGGGAGCAAAAATAGTATTTTCTTCAGGCATAGCGCAGTTGGTAGTTGCCGGCAACACAGCGGCCAAAGGCGGGTTTATAGCGGTAGAAAACGCAACGGCAACGTTTGACGGCGGGAATTTCAGTTTTAGCAATTCAACGGCGTCAATATCCGGAGGATTCTTGTATGCGGCAAATAATGCAATAGCCAATTTTGAAAATATATATGCATCATCAAACAGCGCAGCATTAGGCGGATTTATAGCAGCGGAAAGCGGAGCAATAATAAATATTACAGGCTCAACAATATCGGCAAACGTAGCAACCAGCAGCGGAGGGGCGATATATTTATCAAACAACAGCGTTGCAAATTTTAACGGCGATGTATTATTTGCAACAAATACGGCATCGTTTGGCGGCGGCGCAATATATATGGAAAACAGCAGCGCAAGTTTTACCGCAAATGCAATTTTTGATTACAACGGTTCCGTCAGCGGAGCGGTTATGCAAGCGGTAAATTCGCAAATATATTTTACGGGCGTTTCATCTTTTACAAATAATTATAATGCAGGAAGCGAATATAACAATACAGATCGTGGAGCGGTATATTTGTTAAACAGCACAGCAACGTTCAATGATACTTATTTTATAGGAAATACCGGCGCGTATTACGACATTGCCGGAGGAGCGTTGAATTCGGATAATGCAATAATTCAGTTTTTAGGAAATATAACGGTGTTTGCCGGTAATAGGGCAAGACAAGCAAATTCGGCGGCATATATGCTTGGCGCGAAAGTTTCAAATTCAACGGTATTGTTTAAGAGCACAACTACAATTTTCAATGGAAATTCTTTTTGGGCGGACAATTCAACGGTAACGTTCTCCGGAAATTATGTAGAGTTTTCAAGCAACAATATTAACAACACAAGCGGCGGAGCAATAAGATCGGTTAATGCGGATATATTATTTGAAAACGTGCAGGTAGTTTTCAATGATAATCAGGCTAGACCAGGCTATATGACGCCAAGCGAATATTCTGCTTACGGAGGGG
NZ_CP009498.1_gap2	10447	13108	2661	ATTACGGGAAAGATAAGTCGGACGATAAACTTGAAGAGCTTATAAAACGCATAGACGATTTAAAAAATAAAAATATTCTTTACGTTACAAAAGAATTGTTAAGCGGCGACGAATTAAAAAAATATTTTAATCTCCCAGACGGCAAATGGATATCCCAAGCCAAAGAAAAAATAACCGAACTACAACTTGAAACCCCAACCCTAACAAAAGAAGAAGCTTTTGAAGCCATAAAAAAGATATTACAGTAAGCAGCATGGTTCATTATATGTCTGATAAACTCGTGAAATGTCATTCCTGCGAAAGCAGGAATCCACAGTTACTAAAAATAATAAAAATCCCTACACGCCGAAGGCGTGAATTGTCGAAGATGATAATTAGTAAAAATGGATTCCTGCTTTCGCAGGAATGACAAACCAATTGTTTTGTGGTTAATTCCGCTTTTTACCCGTCTTCGGGACTTCGTTCCTACGACGCGGCACGCTTTACCGTTATGGTTATCTAATCCTTAAAATCTTATGCAGTTGCGGCATTATCAATACGTTCGGGAGTGTTTTTTTTAGTTCCGTGTAAAATGCGGATAGGTTTTTTGCAAGAGGAATGTCTTTGCCGGTTGAAGGTTGTAAAATAAGACATATTTTTTTAGAGGCGCTGCGGATAATTTGTCCGCTGCGCTTTATTTCATTTAATGATGTATTTTTCGTAACAACGCATTTTACAAATACTTTATCTTTTGCGATTTTTAAAAATTCTTTATGTTCTTTCCAAAAACTTTTTTTGCATTCGGATTGAAATTTAAAATCCATTGAAACTATATCGCAGAAAGAAATAATCTTTTTTAAATTTTTCGGAAGAGTTCCGTTTGTTTCCAAGTAAACTTGAAAGCCGTATTTTTTTAATGCCGGTAAAAAAACTTTTAAAAAATCGGCATGTATCAACGGTTCCCCGCCGGTTATTGCTATTGACGGTTTAGATGTACCTGTCATTGCGAAGCGCGAAGCGCCGCGGCAATCCATTTTTTTTAAAATTTTTTCAATTTCAGCAAGCAGTTCTTGAGAAGAGTAATATTTAGCATTGTCGGATATTTTTATAGAATAAGCCGTATCGCAGTAATTACACTTTATATTGCACCCGGCAAAACGCACAAAAATTTGAGGAGTTCCCGTATAAGGACCTTCCCCTTGGTAAGAAAAAAACACTTCATAAACCGGAGCATAGATGTTTGTTATTGGTTTTTGTTTTTTAACTTTGCTTTTCACTTTTCACCCGTTTTCGGCGATTTGCTTCTACGCTGCGGCAAGTTTTTCTTTTTGTTTTAAATTGCCGGATCGTTAAGTTCTGCTTCTTTAAAACCTTTTGCTCTCAATTTGCATGAGTCGCATGTGCCGCAAGGTTTTTTCAAACCGTTATAACAAGACCATGTGTATTGATACGGAACTTTTAATTTTCCGCCGAGTTTTATAATTTGGGCTTTTGTCATGTTTACGAGAGGAGCCTGAACCGTAATTTTTAATCCGAGAGATTTCAGCAGTCCGTTGTATGCTTTTATAAACTCAGGTCTGCAGTCGGGGTAGCCGGAATAATCCAGCGCGTTTGCGCCGATAAAAATACTTCGCGCGTTTATTGATTCCGCATAAGAAAGTCCGTAAGATAAAAAAAGCGTGTTGCGTCCGGGAACGTAAGTTGCGGGGATAATGTCTTTTATAACTTTATGCGTAGGAACTTTTTTATTTTTGTTTGTAAGAACGTCTTTAGACCACGGCAGAGAAAGTTTAATAACGGTAAAATCCGCCTTTACAAGTTTTGCAATTTTCTGCGCGGATTTTATTTCTCTTTTATGACGCTGCCCATAATCAAAAATTAAACAATAGCACTTATAACCTTTTGACAAAGCGTAATAAAGCGCCGTCGTAGAATCTAACCCGCTGGAAAACAAAATAACAGCATTTTGCTTTTGCCGTATTTTCACTTTTCACTCTCCACTTTACCGTTAAATAATGAACACGTATAATATTTAGCAAACGTGGATCCCGGATTAAGACATTCCGGGATGACACTTCGTGTCGCTCTTCACTCTGCTGTTATTGTTGCCGAAGAAGTGTCGCTTTCCCAAACTTCTACTTCCGCCACTTTTGCGGTAAGCGTTTCGGCTTTTTTTAATTCTTCAAAAATATACAAGGCTATGTTTTCTGCCGTGGGGTTTATTTTGTCAAAAGGCGCGGTTTCGTTTAAAAATTTATGGTCTAAATAAGTCATAATTTTATCAAGATGCGCTTTCAAATCCGTAAAATCTATAAGCATTCCCGTTTTGTCTAATTGCGTTCCGCCAAATGCCGCGCGGATTTTCCAATTGTGCCCGTGGACGTTTTCGCACTTGCCTTTATATTCTCTTAGACAATGCGCCGAGGCAAAACCTTTTGTAACCGATAATTTATATTTCATGCGCGCTCCGGATTTATTTTTGTTACTTTAGATATTTTATTTGAGAAAAATTTGCCGCCTATTTGCGCAAATTTTTCAGGGTTGTCGCTTACATAAAAAGCCAGCGTCCCTTTTTTTGAATTTTTTGAGGATATTTTATTTTTTTCTAAAATATTTTTAACTTCATTTGCCGTTGCTTTTGCGGAATCAACAAGAGTTATTTTTTTACCTGCATTTTTTTGC
NZ_CP009498.1_gap3	16615	19307	2692	GGGGTCGCTGTCTGTAATGCATCTGTTAAAGCCTTTGGCGATAATTTTGCCGTCCTTAACAATAACCGCGCCTACGGGAACTTCTCCGATTTTTTCGGCTTTTGCCGCTTCTTTTAACGCCATGGTCATAAATTGAATGTCGTTATCGCCGTGAACGCAGGCAACGCGGCAATCTATTTTTTTAGTCAATCCGGATTGTTTTGCCATTTTATTTCCCGCAATGACCGGCTTCAATATTTTTCTCAAAAATTTCGCGGATATCTTTGGGAAAGCGAACCACTTTTAAATCTTTATTTACAAACGGATGGACTGTTTTTCCGACCGCTAAAAGCTTATCATCGCACTTTACTTCATATTCGCAGGTTATGCTTGCGGCGCCAATATCGGTAAGTCTTGTTTCCACGGTTATTAAATCGTCGTATTTTGCCGGAGATTTATATTTGCATTCGGCGTAAGTTACGGGAAAACAAAATCCGCGTTTTTCAATTTCTTTGTATTCAAGACCTATTTCCCGCAGCCATTCCGTTCTGCCTCTTTCAAAAAAAGTCAGATAATTTCCGTAATAAACCACGCCCATGGTGTCGGTGTCGGCGTAAGCTATTCTTAACTGCAGTTTATTCATTTTATTTCTCCAAAAGTTTGTTTTTGTAATTAGATTGATTATATCATTTTTATGTTGACTTTTGCCCGACAACTTTGTATTATTACGGTCTGTCTTTTGCTTTACCCAAAGAGGTAAGGCTAACCCTTAAGACGTTTTTTAAGGAAATCCAAAAAGGAGGTTAAACCATGAATTACGAAAGCACATTTATCACTTCTCCGGAACTACAGCCTGACAAAGTTGAAGAACTTACCGCAAAAGTAACAAAACTCATTGAGTCTTCAAAAGGAACCGTAAAATCCGTTCAGCAGCTCGGTAAAAAAAGACTTGCATATCCTATCGCTAAATTTCGCGAAGGAAGCTACGTCTATATTGAGTGGTCAGGCGAAGGTTCTGCAATTGCTCCGTTAGAAAATTTCTTGAAACTCAACGACAGCGTTATAAGATATTTAACGATAAAAGTTGAGAAGAAAAAAGTTGTTGCAAAGAAAGCTGCTCCTAAAGCTGCCGAAGCGGCGTCGGAGGTAAAAAAAGATGACACAGCAAACCAACAGTCTGCGCTTGCCTGAGCAAAACAGCGTTATAATGGTAGGAAGACTTACAAGAGACCCTGAGCTTAGACGCACCGGCACGGGAAAAGCGGTTTGTTCTTTTGATATAGCCATTAGCAGAAGATTTAAAGATCAGGCTACCGGCGAATGGAAAGACGCGGATCCTACGTTTGTTCCGATAGTTGTTTGGGGAGATATGGCCGAAAGATGCGGAGAGCGTCTTAAAAAAGGCGCTCCTGTTCACGTTGAAGGCAGACTTCAAACCAACAAATGGGAATCAACGGACGGAACAAAAAAAAGCCGTCTTGAAGTAATAGCTTCAAGAGTGCAGTTTTTGTCAATAGTTCGCCATGAATCTCAAACGCAGGCGGCGGCAATAGGCGCAAAGCCCGTTGACGACGACTCGCAGCCGAATACGTCATTTAGCGGCGATGAAGACGAAGATATTCCGTTTTAACGGAAAATAAGATTTTTATTGAAGTTTCGGAGGAAAATATTATGGCATTTGCAAAAAAACCCCAGGGCGGCAAACCTTCAGGCGACGGCCACGCTCGTCCCGGAGGAAAGTTCAGAAAAGGCGGTCCGATAAGAAGAAAAGTCTGCCGTTTCTGCGCTGATAAAATTGAAATAGATTACAAGAACTTAAGCTTGCTTCGCGCGTTTATAACTGAAAGCGGAAAAATTCTTTCAGGTCGCGCAACGGGCACGTGCGCAAAGCACCAGAGAGAACTTGACACCGCGGTAAAAAGAGCGAGAATGCTTGCGCTTTTGCCGTTTACTGTTAATTAATATCGGAGGAATAAAATGAAAGTTATTTTAAGGTCCGATATTACAAACGTCGGACGACAGGGCGAGATAAAAGACGTTTCGGCCGGTTTTGTAAGAAACTATCTTGTTCCGCAAAATCTTGCAATGGAAGCAACTCCTCAGAATTTAAAAATCTGGGAGAGAGAAAAAGTAAAACTTGAAAAGCAGAGAGAAGAAGTAATAGCCGCGGCTAATACCCTTGGCGAAAAACTTACCGCTGAAGAATTTTCGGCAAAAGTTAAAGTAGGCGAAAACGGAAAAGTTTTCGGCTCTATAACTACGGCAACCGTAGCGAAAATTTTGGAAGAAAAAGGTTTTAACGTAAATAAACGCGATATTCTTCTTTCCGACAACATAAAAGAACTCGGAAATTACGAAATAAGCGTTAGACTTCACCCTGAAGTAGCGGTGAAAATAAAACTTGCCGTAACAGGCGAAAAAGAATAATATAAATTAGAAACCCGTCTGAAAGAGAAATCTTGCAGACGGGTTCTAATCACTAACGCTTATGGCTACAAATTTACCTATCATAGAGAAAGTTCCACCTCAGGCTTTAGACGCCGAAATGGCAGTCTTGGGCGCAATGCTCATAGAAAAAGAAGCCATTACAAAAGCCATAGACATAATCAAAGAAGACGATTTTTATAAAGAAGTTCACAGACAAATTTTTACCGTTGCGCGCGATTTGTATCTTGAAAATCAGCCTGCGGATATTATTACCATTGCCGACAAA
NZ_CP009498.1_gap4	23869	27382	3513	TCTTGCGCAGATAACAAGCCAAAATAAAGACGGCATAACCCAAGCCGTGGCATCAATGAAAGAAGTTGCCGATAAATTAAATATTGTTCTTACAAAACTTACGGAGGGCGACGGAACGATGAGCGCTCTTTTGAACGATTCTCAAATGAGCAGCGATTTGAAAGAAACGGTAGCTTCCGCAAAGGATACCGTCAACGGACTTAAAGAAACTCTCGGCAGAGCAAGCACTTTGCAGCTTGAGTGGAACTATATGGGCAGATACAACGCAAGCGCCGCCGTGTTTGTAAATGACGCCGGAATAAAAATAATGCCAAACAACAGTAAATTTTACTACGTGGGCGTGGCAAATATCGCCGACGCGGGGAAAGTAAGCGACCCCGATAAAGCTTCCAAAAACAAACTTGAAGCTCTTTTGGGTTTCAGATTTAATAAAGCTGAAGTTTACGCCGGCGCATTGCGCGGCAAAGCCGGAGTCGGCGCGTCGTATTCGTTTTTTGAACCCGTTTACGCGCCTTACAGAACGCTTCAGGTTTTTGTTAACGCGCACGATTTCACAAGAGAAGAGCACGGCGTCCGAGTTGACGCGGATGCAAGAGTGGGCATAATGAAATGGCTTTACGCCGGCATAGTTGCGGAAGACGTTTCGCACAAGGCTGATTTTACTTCTTACATAAAACTTGAAATAAAAGATAAAGATTTAGCGTCGTTGTTTGGCATAGCCGGAGTAGCGGCGGTAGCTTCTAAATAATGCCGAAGTCATTACCGCGGCATAGGCAACGGCGTGACGCAAGACAGGCGGCTTTAAGACGGATTATAAATGAAAAATAAAAAAACAAAAGTTACATATTTATGCCAGCAGTGCGGTTACGAGGCTGCGCAGTGGCTTGGAAAATGTCCGTCGTGCGGCGCATGGAACAGTTTTACCGAAGAAAAGTTTTCTGCGCCGGCAAAAGGTCAGGCGGTTGCCTCAAGACAGCTTACGGGATTTTCGTCGGAAGTTGTAAAGCTTAAAGATATTGCGTCCGGAGATTTTAAAAGATACGCCACAAATATAAAAGAGTTTGACAACATGATAGGCGGCGGAGTTGTGCCGGGCTCTCTTATTTTGCTTGGCGGCGCGCCGGGAATAGGCAAATCAACGTTAATGCTTCATGTTGCAAACGCTTTAAGCTCGTCGGGAACCGTTCTTTATATTTCAGGCGAAGAGTCTCTTGCGCAGGTAAAAGCTCGCGCTGAACGTCTTAACGTAAAAAAAGATAATATTTTTTTAGCGTCGGAAACTAATCTGCAAAATATAGTTGACGCTATAAATAAAATTGAGCCGAAGTTTTTGGTTGTAGATTCAATTCAAACAACTTACCATCCGGAACTTTCAAGCGCGCCGGGCACCGTGGGGCAGGTAAGAGAAACCGCGGCGGAATTTTTAAGAATTGCAAAATCAAAAAATATAACGGTTTTTCTTTTAGGGCACGTAACAAAAGAAGGGGATTTAGCAGGCCCCAGAGTTTTAGAACATATTGTGGATACGGTTTTATATTTTGAAAACGAGCGCCAGCACACGTACAGAATTTTGAGATCTTATAAAAATCGTTTCGGTCCCACTTCGGAAATAGGAATCTTTGAAATGGGGCAAACCGGACTTAGCGAAGTTTCAAACCCGTCGCTTATTTTTTTGGGAGAGCGCGCGTCGGGAGTGCCGGGAAATATAGTTACCGTTTCCGTTGAAGGAACGCGCCCTATTTTGCTTGAAGTTCAGGCGCTTTCGGCAAGAACGAACTTTCAAATTCCAAGAAGAATGGTTGCGGGTTACGATACCAACAGAATTACTATTTTGATAGCGGTTTTGGAAAACAGGCTTAACTTGCCGCTTGAAATGCAGGATATTTTTGTAAACGTTGCGGGCGGAGTAAAAATTAAAGAAACCTCTTTGGATTTGGCTGCTGCCGGCGCCATAGTTTCGGCGCACGCAGGGTTTATTTGCCCTAAAGATTTAGTCGCTTTCGGCGAAGTAGGTCTTGCCGGCGAAGTCCGCTCGGTGGCTTTTTGCGCCGAAAGGCTTGCTGAAGCTGAAAAGTTAGGATTTAAAAAAGCCATAGTGCCCAAAGGGAATTTAAAAAACTTATCATATAAAGGCAAAATTGAAATATTCGGCGCAGACAGCGCAGACGCGGCTATAAAATTTTTGAGAAATCAATAATCAATAAAAATATATCGGGAGAAAAAGATGATTAGATTTACCACGGCAGGCGAATCCCACGGAAGAGGGATTATTGCAATTCTTGAGGGAATTCCCGCAGGGCTTAACGTTAACTCGGAAGATATAGACGTAGAGCTTGCAAGAAGACAGAAAGGTTACGGCAGAGGCGCAAGAATGAGAATAGAGACCGACGTCGTAAAAGTTCTTTCGGGAATGCGTTACGCAAGAACAATCGGTTCGCCGATAGCGCTTTACGTTACAAACAGAGACTGGGAAAACTGGGAAAATATTATGTCTCCGATAGCCGTTGATTTAGACGGAGAAATTCTTTTAAAGCCGCGTCCGGGGCATGCAGACCTTGCGGGGCTTATGAAATACGGCTCTACAGATTTCAGAGATATTTTGGAAAGAGCGTCCGCCAGAGAAACCGCCGCAAGAGTTGCGGTCGGCGCGGTATGCAAAGAACTTTTAAAAGAGTTTGACATAAGAATTACTTCTTACACTTTGCAGATAGGAAATGTTACGGCGGATATTAATTCCGTTCCGGCTGAAAAAATATGGCACAATACGGAAATGTCTTATGTGCGCTGTCCCGACGCTGCGGCAAGCAAAAAAATGATACAGCTTATAAAAAAGACCGGCTCGCAGGGCGATACTTTGGGCGGCAAACTTGCGGTTAAAATAGAAAACGTTCCCGCGGGTCTTGGAAGCCACACCCAGTGGGATTTAAAATTAGACGGAAGACTTGCGCAGAGTTTTCTTTCAATACAGGCAATTAAAGCCGTAGAGTTTGGCAGCGGATCAAAACTTGCGGCTATCCCCGGATCTTTATCTCACGACGAAATTTTTTATAACGATAAAAAAGGTTTTTACAGAAATACAAACAGGGCGGGCGGCATTGAAGGCGGAATGTCTAACGGCGAAACTATAGAAATTTCGTGCACAATGAAAGCTATACCGTCTCTTGCAAAACCGCTGCGTTCGGTAAATTTAAGCACAAAGAAAGCGGCCAAAGCGGAAGCTGTGCGCAGCGACGTTTGCGCGGTGCCTGCCGCCGGAATTGTTGCGGAAGCTGTCGCGGCGTTTGAAATTGCAAAAGCTCTTAAAGAAAAATTCGGCGGCGACAATATTGAAGATATGAAAAAAAGCGTAGCCGCTTATAAAGCAAGACTTAAAAACATATAATATGAACATAGTTTTAACCGGATTTATGGGAAGCGGAAAATCGGCGGTAGGCGCGGAGCTTGCAAAAAAGCTCGGGTTTGAGTTTGTTGATACCGACGAAACCGTTGAAAAAGCATCCGGCGTTAAAATAA
NZ_CP009498.1_gap5	217801	218315	514	CAATAGCAAGCAACACGGCAACAAACGGAAGCGCAATATACGCAGTAAACGGAGCAAGCGTAGTATTTAATAACACAAACATAGAATTTTTATGGAACAAAAGCGCCGGAAACGGAATAGCGCATTGGGACGCAAGCTCATATGTTGGGTTGGAGAATGTAAAAACAATAAAAGCAATAGGGAACCAAGCCAATAACGGCGGATTTTTGTATTTGGTAAATGGCGTTACAGTGTTTACCGGCGAGGCAATTTTTGACGGCAATAAAGCAACTACAAACGGCGGAGCATTGTATATAACCGGCAATACAAGCCAGATAATTTTTGCAGATGGCAGCACAATAACATTTACAAATAACAACGCGGCGCAAGGCGGAGCAGTATATGCAACAGCCGGAGCAAACGTAGTATTTACAACCGGAGCGCATTACGTAGTAAGCAACAACACGGCAACCTACGGCGGATTTATAGCGGTAAATAATGCAACAGCAACGTTTAAATCGGGAGTAGATTTTAG
NZ_CP009498.1_gap6	220433	221640	1207	TGCAAACGCAACGTTTGTATATGTAGGAACAGGAGCGTTTAGTTATCAAGTAAAGTATAACGATATAACGGATTGGACAGGCGTAGTGAGAATAATAGTAAACGGAATAAACAAAGGGGACTTCCAAAACTTGCCGAAGTTAACGTTCAACCAAAGCGAAGTGGCAAAAACGTGGGACGAATTATCAATAATTCTGCCGACAAACGACTTGAAAGAAATAATGGAAGCAACGGCAAACTTAAGCGACCAAGAAGAACAAAAGAAAGTGCTTGGTATAGCGTCAGGCTACTTCCACAGCAACGTAATAAAGTCTGCAGCATTAGATAATGACAATAACGAAATATATGACAGAATAAAAAATCACAGCACAAGGGAACACACAAACAGCGCAATATGGGCACAAGTAACAGGAGCGCAAACAAAGTTAGGCGGCGACGAAAACAGCCTTGGCGAATACAAAGATAATAGGTATGGGGTAATGGCAGGGTTTGACATATACTTTGGAAGCATGAGCAGCATAAACAAAACGATGTTGGGAATATATGTAAACTATAAAGACCAAAGCATGAGCCAAGAAGCAAGCAAAGCAACGCTAAATAAAATAGGCGGCGGATTATACGGCGGCTACATAGAAGAAAGCTACGAAATAAAAGCAATGATAGGCGGAAGTAAGGACAGTTACGAAACAACAAGAAATATACCAATAAGTCAGTATCTGCCGGTGCCGCCATACGCCGACAGAAACGCAAAAGCCAGCTACGGAGGCTTCACGTTGGGAGCGGACGTAGAAGGCGCATTGAAATACAAAATAGGAAACAACACAAACTTCAGACCATACGCAGGAGCCGAGCTAAAGAATGTGAGCTACGACGGCTTCACAGAAACCGGAGCAGACGGATTAAACCTAAAAGTAGAAGCAGGCAACTATTTAAGAACAACCGCAAGGTTAGGAGCGGGAGTAAACTACGACGATAAGACATGGGCAGGATATGTAAACCTTGAAGGAAAATACTTATTAACAGGCAAGAAATACGAAATAGAAAGCGTATTTGAAGGAACAGAAGTGAAGTTCTTAAGCAGAGGCTACGAAGAAAACGGCTTAATATTAGGAGCAACATTAGGCGGAAGCGTGAGAATAACCGAAGGCCTAAAATTCTTCATAAACGCCAACGCCCACACAGCCGAAAAATACACAAACCTCTACGCC
NZ_CP009498.1_gap7	229648	231339	1691	ATAGAAAACGCTTTTAAACAAAATAAAAGCGCAATAATGCTTATTCCGGAAATATCTCTTACCGCGCAGTTTGTTGAAATAGTTACAAAAAGATTCGGCTCCGCCGTAGGCGTTTGGCACAGCGGTATAAGCGCTATAGAAAAATACAACCTTTTTATGAAAGCAAAAAGCGGCGAGATAAAAATTATGCTCGGCGCGCGTTCGGCAATTTTTACTCCGTTTAAAAATCTCGGATTAATAATAATAGACGAAGAACACGAGCATACTTACAAGCAGGAACAAAAACCGTCTTACGACGCGCGTGAAATTGCTTTTTGGCGCGCAAAACGCAATAAATCTTCGGTTGTTTTGGGTTCCGCCACGCCGTCGCTTGAAAGTTATAAAGACGCTTTAGAAAATAAAACAGAGCTTATAAATCTTCCCGAAAGAATAGATAAAAAACCAATGCCGAAAATTGAAATTTTATCTTTAAAAAACAAACCTTTCGGCGGAAGTTTGTTGACCATTGAAACAATAAGAGCCATATCAAACGTTCTTTCAAAAAAAGAGCAGGTTATAGTATTTTTAAACCGCCGGGGATATTCTCCGTCTATAATGTGTAAAAACTGCGGAAGCGTTTACCAATGCCCTAATTGTTCCGTTTCAATGTCTTATCATAAAGCTCCGGAAAGTTTGAGATGCCATTATTGCGGCGAAACAAAAAAGCTGCCGGCGGTTTGCCCTGTATGCAAAAGTAAAGAAGTTTCGGTTTTCGGCGCGGGAACGCAAAAAGTTGAAGATGAGCTGGGGAAACTTTTTCCGAAGGCAAAAATTTTTAGATTAGACGGCGACACGGCGTCGTTAAAAGAAAATTACGTTAAAGCTTACAAAGGCGTTAAAAACGACCGGTACGATATTTTGGTAGGCACGCAAATGATTGCAAAAGGTTTTGATTTTCCGCGCGTAACGCTTGTGTGCGTTGTTGACGCCGACACGTCTTTATATCTGCCCGATTTCAAATCTTCGGAAAAAACTTTTCAGCTTATCACGCAAGTCTCCGGACGCTGCGGCAGGGGAAGTATTCCCGGAAACGTTATACTTCAAACAAGACACCCCGAGCATTACGCAATAACTCACGCTAAAGCGTATGATTTTCATTCTTTTTACAAAGAAGAATTACTTCAGAGAGAAAAACTTTTTTATCCGCCGTATTGCGATGTGGCAAAAATTGCCGTGCGAAACAGAGACGAACAAAAAGCTTTGCAAGACGCTGAAAAGCTTTTTATTTTTTTGGACGGACTTGCAAAATCTTTTGAAATACACGTAAAACTTTTGGGGCCTGCAACGCCTTACATAGCAAAACTTCACAATACGCACAGACGCCACATAATAATTAAAGGCGATAAAAAAAATATTTTAAAGCTTGCCGAATTTGTTCAAAATTATAAGCAGTTGCCGGGCACGCATGTAAGCGTAGAAATAATGCCGTCGGATTTAATATAAAATGCAGAGGTAGAAAATATGTTGAAAAATGCAATTGCCGTTTTTTTAGGCGGAGCTTTTGGTTCGCTCTTTCGCTTTTTGATAAGCGAAGCGTTGCCGGTTGTTAAATACGGAATTCCGTTTACGGTAATATTTATAAATTTCGCGGGATGTTTTATTATGGGCGCCGCGGACGGTGTTTTTGAAATTTGTCAGCCGGCAAAAGTTAC
NZ_CP009498.1_gap8	234675	235209	534	CTGATTCCACAGGACAATCTACAACCGTCGTGACAAACCCCGACGGCAGCGCGGTTATAACTAACCCTGACTCAAGCACTACGCCGATAAACCCGGGAGACTCTACAAGTGTAACAACGCCCGATGGCAGCACCGTTGACGTTAACGCCGGCGGCGACGGAACTACTACTACAAATGTTACCCCTTCCGGCGGAGGAAATGCCAGCGCTACCACAAATCCGGACGGCACTACAACCAGCACAACAACGGATGCAGACGGCAATGTGATAAACAATACGACAGGCTCCGACGGAACATCTACTACTACGGACACAACTGCAGGCGGGGGAACCGCGGGCACTACCACAAACCCGGACGGAACTACAACCAGCACAACAACAGATTCTAACGGAAATACTATAGATTCCTCTACGTCATCCGACGGAAATTCTACTACAACAAATACTACGCCCGGCGGAACGACCACTATTACTACTAACCCCGGCGATAATACTACCGTTGTAACTGACTCGGGCGGAAATACTACTACGGTTA
NZ_CP009498.1_gap9	302214	304006	1792	CGCGGTGGAAGCCATAGACAAAATAAGAGATACGGCGACAAGCCACGACAGAATTTTTGTCGTTGAAATTATGGGAAGAGAACACGGCTTTTTAACTTTAGACGTGGGCATTGCCGCAGGCTGCGAGTTTATAGTTGTTCCGGAAATGAAGCCAAACATGAAAAAACTTGCCTTAGAACTTACCAAAGGAAAAGAAAGAGGAAAAACTTCCGAAATTATAGCTTTTGCGGAAGGTTACGGCTGTTCCGACGATTTTGCCGACGAAATTGCAAAACTTACGGGGCTTGAAGTGCGCGTAAGCAATTTAGGATATATTCAGCGCGGCGGAAGACCTACCGCAAGAACGAGAATTTTAGCTTCAAAATTCGGAGTTGAAGCGATGAAACTTTTCCACGCCGGAAAATACAACAGACTTGTCGGCATAACAAACGGTAAAATTACGTCGGCGCCCATACAGAGCGTAATTAAACGCGAGAAAAAATTTAACGAAGCGGAATTTAAATTGTTGAGAACGCTTTCGGTATAAACGATATTCGGGAGTTAAGAAATTTATGACAGACGCGCTTGATAAAATTAGACGAGGCACAAACGAAATAATATCCGTTGACGAGCTTAAGAAAAAGCTTGCAAGCGGGAAAAAGTTGAGAGTAAAACTCGGCGTTGACCCGACCGCTCCGGATTTGCATCTTGGGCATACGGTTATTATCAATAAGCTTAAAACTTTTCAAGATTTGGGGCATCAGGTTGTTTTTTTAATCGGCGATTTTACGGCAAGTATCGGCGACCCGTCGGGGCGTTCCGAAACAAGACCAATGATGACCGACGAACAAATTGCCGCAAATATTAAAACTTACACCACGCAGGTTTTTAAAATTCTTGACGAAAGCAAAACCGAAGTTGTTTACAACAGCAAATGGTTAAACGAGCTGGGCATAAAGGGTTTGCTTGGGCTGGCGTCAAGAAATACCGTTGCGCAAATGCTTGTTAGAGACGATTTTGAAAAAAGATATAAAGAAGACAAACCCATAAGCATAGTTGAATTTATGTATCCTATGCTTCAGGCTTACGATTCCGTAGCGTTAAAAGCGGACGTTGAGCTTGGCGGAAACGACCAAAAATTTAATTTATTGCTTGGCAGAGACATGCAAAGAGATTACGGACAGGAAGCGCAGGTCGTTATCACAATGCCGCTTCTTGAGGGAACCGACGGCGTAAAAAAAATGTCAAAGTCTTACAATAATTATATAGCTTTAAACGACGCGCCAAAAGATATGTTTGGAAAAATAATGTCGGTTTCCGACGAGCTGATGTATAAATATTACGAACTTTTAACGCAGGCGGATTTAAAAACAATTAAAACTTTACATCCTAAAGAAGCAAAAATAGCCTTGGCTTTGGAAATTACCGAAAGGTATCACGGCAAAGTTGAAGCGCAAAAAGCCAAAGAAGAGTTTGAAAAAGTTTTTGCAAAAAAAGATATTCCCGACGATATTGAAGAGTTTAAAATTAATTTGGCAATAAAACTTGCGGATTTGCTCGTTAATAGCGGTATGGTTTCAAGCAAAAACGAAGCCAGGCGTTTAATTGAGCAGGGCGGGGTTAAAATAGATTCGCAAAAAGTTTCGCAGGACGTTGAAATTAAACCCGGGAAATCTTTCATTTTGCAGGCGGGAAAAAGAAAGTTTAAAAAAATAGTCTAAATTAAGGAGATGAAAATGAATTTTAAAAAAGCTGTCGCGTTTGTTTTTGCAGGTGTTGTCGCATTGTCTCTTGCGTCATGTTCCTCAACAAA
NZ_CP009498.1_gap10	305302	307655	2353	CCTAAAGGTTACGGCGAGTGCATAATTATAGATTACAACGGTTTTATTCCAAAAAAAATAGACAACGTCATAGAGTTTGCGTTTTTTGATATATGGCCTTACGTAAGCCAGACAAAAATTGACGACGAAGCGGAAGCTAAAGAATTTCAGACGGCAAAATCCGTTACGTTATCGGCTTTTGCGAAAGATTACGTTAAAGTCGCTTTTCCCGTTTATCAGGATATTCCGAACGAAATTAAAAATTTTATAGTTGTTACCGATGTTGTTGCAGATGACGGTCGCGTGAAAAAATCTTATATGGCGCAGGACATGTCGGCGCTTGCAAAAAAAGTTCTTGACGATCAAAAAGCAAAAACTTACGTAAAAACTCTTGCAAGAGCCGCGGTAAAATATGTAACCGGCAAAGCGGTTTCAAAGGTTGTCCAAGACAGCACTTCTTCCGAAGGCTGGGGCGCTTTAACTCAAATAGTTTTTAACGTTGCGAACTCTCTTTCCGAAACGGCAGACAAAAGAGGCTGGAACACGCTGCCCGCAAATATTCTTATGTCGCGCTTCTATTTGCCGGAAGGCGAAAATAAAATAACAATAAAATTCAGAAATGCCGATGCGGAAATTGTTGAAGAAAGAGAATTTGTTGTAAATATAAATTCCGAAAGAAAAAATTTTATTTATTTAAGAAGCGGGAAATAACGGCAATTAGTAATGAGCAATTGTTGTGTTGCGCAAAGCGCAACTTATAATAGATTTTGCTTCGCAAAATACATAAATTACTAATTACTCATTGCTAATTAATAACTGTCGTTTTTGTGGTATAATAAAAAAATGTTTAAAATCGTAAGCAGAGAAGTTGTCGGTCCAAATTTAATAAGTTTAAGAATTTATGCTCCTCAAATTGCCGAAAGCGCAAGGGCGGGGCAATTTGTGATATTTAGGATAGACGAGTTCGGCGAAAGAGTTCCTTTAACTATCGCCGGCGCAGACGCGCAGACAGGGCTTGTGCGAATTATTTTTCAAACCATCGGAAAAACTACTTTTAAACTTGCGCTGCTAAACGCAGGCGATTGCATAAGAGATTTTGCAGGACCTTTCGGAACGCCTACGGAAATAAAAAAATACGGCGTTGTTGCCGCGGTAGCAGGCGGAGTGGGCGCAGCCGAAGTTCTTCCCGTTATAAACGCGTTAAAGCAGTCTGAAAATAAGGTTATAGCCATAACGGGCGCAAGGTGTAAAGATTTGCTTATTCTTGAAGAAGAAATAAAAGCCGCAAGCGACGAATTTTTAGTTTCCACAAACGACGGCAGCTGCGGTGTGAGGGGAATTGTAACGGACGTCCTTAAAAACGTTTTCAATTCGCAAAAAATAGATATGGTTTACGCCATAGGCCCTGTGCCCATGATGCAGGCTGTTGCGGATATAACGAAAGAAAAAAATATAAAAACGCTCGTCTCTTTAAACCCTATAATGGTTGACGGCACGGGCATGTGCGGTTCGTGCAGGGTAACCGTTGGCGGTAAAACAAAGTTTGTATGCGTTGACGGGCCGGAGTTTGACGGGCATCTTATAAACTGGAACGAACTTATTTCAAGACTTGCGCTTTTTAAAGACGCTGAAAAAACCGCGCTTGAAGAGTTTAAAAAAAGCGGACAACATCATCCGGAGTGCAAATGCCGCCAAGAATAAAAATGCCCGAAAGGGCGCCCGACATAAGAAATAAAGATTTTAAACAGGTAAATACCGGCTACACGGCGGAAGAATCTGTTGCCGAAGCCAAAAGGTGTTTGCAATGCCCAAATTCGTCGTGCGTTAAAGGTTGTCCGGTAGAAATAAATATTCCCGGGTTTATTAAAAAACTTGCCGAAGGAAATGCCCCGGCAGCCATAGAAATTTTAAAGGAAAAAAATAATCTTCCCGCTGTTTGCGGACGCGTTTGTCCTCAGGAAACGCAATGCGAAAAACATTGCATACTTGCCAAAAAAGGCGAAAGCATAGCCATAGGAAATTTGGAAAGATACGCCGCGGACTTTAAACTGCAAAGCTTGCCGCATTGCAGCGGCGAAGCCGCGAAGGCAGAGAAAAATTCTCAATTCTCAACTCTCAATTCTAAATTGCCGTTAAAAGTTGCCGTCGTCGGTTCCGGCCCTGCGGGGCTTGCTTGCGCGGGAGATTTGGCTAAACTCGGTTATGATGTTACTGTGTTTGAATCGCTGCATGATACAGGCGGAGTTTTGCGTTACGGAATTCCTGAATTCAGACTTCCTAAAAAAGTTTTAGATTCGGAAATAGATTATCTGAAAAATCTCGGCGTTCGGTTTGTTTTGAATACTTTAATAGGAAGAACAAAAACGGTTAAAAG
NZ_CP009498.1_gap11	309019	313941	4922	TTTAGATTTAAACGCCTGCGCTTACACCGTGCAAGACAGCGAATATAAAACCGCGTTAAATAATCTTAAAACAAAACCGGTTCTTGCAATAACGGATTCTCAAGCCGTAAAAAAAGTTGCCGCCGATACTCCGACGGATATTAAACTTACAACCTTCTCAACTATTTATGCAGCGGATAAATCCGACATTGTTGAAATGGCAAAAGGCGCGGCGGTTATTAACAATCTTAAAACCGGAGATAAAGTTTTAATTTCCGAAGCCTGCACGCACCACGCGTCCGCCGACGATATAGGCAGAGTAAAAATTCCAAAATGGCTTAATGAATTTACAAGGCAAAATATTGAAATAAAATACGTTCACGGGCAGGATTATCCCTCAAATTTGAAAGATTATAAACTTATTATACATTGCGGCGCGTGCACGTTAAACAGAAAAGGCATGCTTGCGCGGTTAAATAAAGCCGCAGAAGCCGGCGTTCCCATAACAAATTACGGCATCGCGATATCTGTTTTCCACGGAGTAATAGAAAAAGTTCTTGAAGTTTTCCCCGAAGCGCTTAAAGCTTACAAAGACAGCGTTAAGTAATATTAACTTCACTCTTCAAATCCCGCTCTTTTTTCATTGAAAAACAGCTTGAAATCTGATAGAATTTCACAATAACAAATACACAATATTAAAGGAGAATTTTTGTATGAGAAAACCGTTAATGGCAGGAAATTGGAAGATGAACAAAACCATAGGCGAAGCTGTAACTGTGCTTAAAGCGCTTAAGTCTTCGGTTGCGGATGTTACCGACGTTGAAATTTTAATTTGCCCGGTTTTTACGGCATTGTCCGCGGCAGCCGCAGAAGTTAAAGGGTCTAACATAAATATAGGCGCGCAAAATCTTTTCTGGGAACCTAAAGGCGCGTTCACCGGCGAAATTTCTCCGGCGATGGTAAAAGATACCGGTTCCGCTTATGTCATTATAGGGCATTCCGAAAGAAGACAGTATTTCGGGGAAACCGATGAAACCGTAAATAAAAAAACTAAAGCGGCGTTCGGTGCAGGGCTTATTCCTGTTGTTTGCGTCGGCGAAACGCTTAAAGAAAGAGAAGACAATATAACTTTTAAAGTAATAGAAAAGCAGGTTCGCGACGGTTTGAAAGAACTGACTGCCGAGCAGGCTGCGGCGGCGGTTATAGCTTATGAGCCGGTATGGGCAATAGGCACGGGAAAAACAGCCTCGCCGGATCAGGCGCAGGAAGTTCACGCGTTTATAAGAAAAATTTATTCCGAAATTTATAAAGACGCGGCGCAGAAAACAAGAATTCTCTACGGCGGTTCCGTAAATCCGAAAAACGTTTCGGAGCTTATGAAACAACCGGATATTGACGGCGGGCTCGTCGGCGGAGCAAGTCTTGAAGCAGATTCTTTCGCGCAGCTTGTAAAATACAGCAAGTAATATAAGCGGTAAAAAAATTCAACACAAGGAAATTTATATGGCGGAAATAAAAAAACTTGCTTTCGGAACGGATCACGCCGCGGCGGCTGTGCGCAATACAGTCCGCGAATACTTGTTAAGTTTAGGTTACGAAGTTGAAGATTTCGGTTACGACGGAGAAGGCAGCTGCGATTATCCTGATTTTGCGGTTAAAGTGGCGCAGTCCGTTCGCGATAAAAAAGCCGATAAAGGCGTGCTTATCTGCGGAACAGGAATAGGCATGTCTATTGCGGCAAACAAAGTTAAAGGCGTAATAGCCGCTCCGTGCTGGGACGAAGATACGGCAAAACTTGCTGCGCAGCATAACGGCGCCGACATTTTATGTCTCGGCTCAAGAACCGCAACCGTAAACGAAATATGTTCTCGTATAAAAACATTTTTAAGCACGGAGTTTGAACCCAGACACGCAAAAAGAATAGAAAAAATAAAAGAAATAGAAAATAAACAATGTTCAAAATAAAAAAGTCGTTGTCGGTATTATTTTTTTTAGGCATATCTGTTTCTGCCGCTTTTGCCGGCGCCGCCGAGCTTGAAAAAGCTTTGTCGTTGTTGAATGAAAATAAAACGGATGCGGCGATAGAAATAATTAAAGGGCAGATTCAGGCAAATCCGAATATAAGCGACAACTATCTTGCAATGGGTCTTGCGCAGATAGAAAAAAACGATTACTCCGGAGCAAAAGAAAATTTTCAGCAGGCTCTTAGTATAAATAAAAAAATAGTTGCGGCGCATTATATGCTGGCTATGATTTATGAAAAAGACGGCGATGCCCCGCAGGCAATAGACAAGTGGCAAAAAATAATTAAATACTCAAAAAACGACGTTTTGAAAGATTTGGCGAAAAAGCATATAAAACAGCTTCAAGAGGAAATTAAATAATGAAAAAACTTTCTCTTGCGGCTGTTTTTTTTATTTTTTTGTCGGCGTGCGCGGCAAACAGAGCCGTAGTTAAAAGCGATTATAATTTTTCAGCGGTTAAAGTTATCAGCGTCGGAAATTTTACCGCCGATGCGGCGTATCCATCTTCAGGAAACGCCGTTAAAAATTCAGTTATGAAATATCTGCTTGCAATGGGCTATACTGTTGTTGCAAATAATAAAACTAAAGCGGACGCCGTGGTTTCGGGAAGCGTTACAACTTATCTTCCCAATAAAAAATATTTAGTCCGCATGCCTGATTATGAAAAAATTAATAATCATCACGGGCAAACGGTAATTTACGGCGGCGCCGATATTATGGAAGTCGGCGGATCAAACGTTTACGATTTAGGGACAGCTTTTGGTCTTGGCGAAGACAACAGAGTTATAGCAAGCAATGCCACCGTAGGAATTTCAGCGTATATGACGGACGCCGAAACAGGCGAAGTCGTGTGGTCTGACTCTTACACTTACGAGGGGCTTGATTTGTCTTCAGCTCTTGACGGAGCTGTAAAATATATACTTAAAACGATACCTAAAGTTTCAATACAACAGGAGGGCAGCAAATGAAGAAACGGTTTATATGCGCGTTATCCTTATTGGCTTTTGCAGGGCAGACCGCGTTTGCGGATGTTGCAATAACAATTTATAACAATAACAGAGCGCTTGTTAAAGAAACCAGAGAAGTTTCAATAAAAGAAGGCGTTCAAACTCTTGAATTTGACGACGTAGCCGCATACGTTGACCCTACAAGCGTTTTGCCTAAATTTTTAAAAGACGCGTCTAAAATAGAAATTTTAGAACAGAATTATGATTATGATTTGGTAAGCAAAAATAAACTTCTCAGCAAATATATCGGCAAAACAATAAGCGTTATCAGAGCTTCCGACGATAAAAGACCTAATATAAGCAGCGGAACTTTGTTGTCCGTCAACGGCGGCATAGTAGTGCGCTCGGGAAGTAAAATTATTTTAGAACCTCAGGGCGAAATATCTCTTCCGCAGCTTCCCGACGGTTTAAGATTAAAACCTACTCTTACGTGGCTTGTTTCAAGTTCCATAGATACCGAAAATGTTTTAGACGTGTCGTATCAAACAAGCGGCATAAGCTGGAATGCGGATTATGTTTTAGCTGTTGACGATAAAGAAACTTTTGCCGATATTACCGGCTGGGTAACAATAAATAATCAGAGCGGAACTTCTTACGACGACGCAAAGCTTAAACTTATTGCCGGTGACGTTAATACCGTAAGCGCTGCGCCGTTGAAGTCTTTGAGATATGAGCAAAAAGATAAAGTCGCCGACAATGAAGCGGCTTTCGGCGAGAAATCTTTTTATGAATATCACATGTATGAGCTTAAGAGAAAAAGCACTATAAAAGAAAACGAAATAAAACAAATAGAGTTTATTTCGGCAAATAAAATTCCCGTCAAAAAAACTCTTGTTTTTAACGCAGCCGACAGCGATAACGTTACGGTAAATCTTGAATTTGTAAATTCCGCCGCAAATAATTTAGGACTTCCTTTGCCTAAAGGAAAGATAAGAGTTTCAAAATACGACGCGGATTCTCTTGAATTTGTGGGCGAAGATTTAATAGACCATACGGCAAAAGACGCCGCTGTAACGGTTCTAACCGGGAATTCTTTTGACGTGAAGGGCGAAAGAATAAGAACTAATTACAAATCCGGCTCAAGCAGTTCCGAAGAAAGTTATAAAATAACGTTGAAAAATTCAAAAGACGCCGACGTTACGGTAAACGTTGTTGAAATTATGCAGGGTTATTCTCAGTGGAAAATTACGGATAACTCCGCTAAATTTGAAAAGAAAGATTCTCATCGCATAGAATTTTTAATGAAAGTTCCGGCAAACTCCGAAAGCGTTGTAACGTATACCGTAAAATATAACTGGTAACAAAAATTTTTTAAGCCGGTATAATGACAAAATTTATAACCAGATATTCATTGATTTCTTTTTTAATTTTTGCGGCTGCCGCTTTTGTTTGGCTTGTCGGCGCTTATTTTTTGTTTTATTCCGGGCTTAAAAGTTCTTTCGCATCTTACGTAAACGGAGTGGAAATAAAAATTGCTTCTCCGCAAAATAAATTGTCCGATTTATCAAAAGAACGTTTAAAAACAGTTTTTGCCGATTTGGATAAAAGCAGAAATATCGTAACGTATTCTTTCACAAATCGCGACAGAAGCAAACATTATTACGAAGGCAAAAGAAAAAGAGACGCAATTTTTTGGGGACTTAACGTTACGTATCCGGTAGAGATAAAAGAAGAAATTGTCGGCTGGATAAAAATATGGCCGTCTCCGGAACTTGCCATAACGCTTTTGCTTGCGGAAAAAAATCTTTTGCTGCTTGGCGGTTTGTTTTTATTTTTGCTTTTTGCGGCGTTGTTTGCGTTTAATTCTGCGCTTTATTTAAAATTTATCCGTCCTTGCGGAAAAATTAAAGCCGCCATAAGAAATATTGCCGACGGGAAAGGCGAAAACTTTAGCGTAACGGGAGTTTACTGG
NZ_CP009498.1_gap12	387865	388602	737	GGAGTTTAGACCTGATATTTCCGTTTTGCTAAATGTTACTCCGGACCATTTGGAGCATCATAAAACCATGGCTAACTATATAAAAGCCAAGGAAAATGTTTTTGTAAATCAAAAGCAAAAAGATTTTGCAATTATAAATTACGACGATAAAATTTGCAGAAAACTTGCCGATAAAACAAAAGCTAAAGTTATTTTTTTTAGCAGAGGTTTTTTGAAGAAAGGCGTTTTTTATGATAATGGAAATGTTATTATAAAAATAGACAAAGAAGTAAAAATAAAACCTAAAATAAATATAGTAGGCATGCACAATGTTGAAAATATTCTTGCGGCTGCGGCTGCTGCGTATTGCGCCGGAGTTGCTCCTGCGATAATTGAAAAAGTAATATCGTCTTATAAAGGCGTAGAGCACCGCATAGAATACGTGCGCAGCGTCGGCGGAGTTGCTTATTATAACGATTCAAAATCCACAAACGTAGATTCTGCAAGAGTTGCGCTGGAATCATTTGATAAAAATATACTTCTTATAATGGGCGGACGCGATAAAGGCGCGCCTTATACTCCTTTGAAAAAACTTATTAAAGACAGAGTAAAAACCATTTATCTTGTCGGAGAGTCCGCCGGTAAAATAAGAAAAGATTTGCCTCTTTCTTGCTGCGAAAATTGCGGCGATATTCAAACCGCTGTTAAAAAAATATCCGCGGCGGCAAAAAGCGGCGATGTTGTTTTGTTTTCTCCGG
NZ_CP009498.1_gap13	578179	580365	2186	GATAAAGATTCTTTTTATTATAACCCCGCAAATCTTGCAAATTTCCAAGGCTCGTTTTTAAACGCAAATGCAGTTTTCTCAATAAAATCAAACGCAAACTCAAATGACGTTGCAATTAACAATCCTTCGGGGCAAGGTCTTACAAGCGCATTTTTAGTTAAAGACTCCGGTTCTTTTTTCTGGGAATCGTTATCGGATAATTCCGTTATATTTGACGCTAACTCGCATGCTGAAATTTCAATAAGCCGCATAGGCGTATCTTTTGCAAAACAAGGCAGCGCGGGGGCTTCGCAGGCAATAAGTTTGTCTTATTTATACGGAAAAATCGGATATGCGTATTTAGACCCTCTAACCGGTCAAAATGCGGATATAATTTCCGGCAACGGATTTTCTATAGATTATTCTTTGTTGTTTAATCTCTCTAAAAATATAAATTTAGGGATAAACCTAAAAAATATCGTAGCCTTTATGTTTTGGAACGATTACGGTTATCAGCAGCAGCCTTTCACAATTAGAGCGGGTTTGGGATACAATTTAAAAGGTTTAAGCATGGCTTTAGACTGGGACAAAAAATATTACAGATCCGGAAATTTAGAAAAAAATGCGCTTCATTTCGGAATAGAACAATATTTGACAAATTTCTTATGCGTGCGCGCCGGCATTGAAAATAATTTTGATTTTCTTGCCGAAAACGCCAAATACTCTTTAGGACTTGGTTTTAAAATAAAAAATATTGAAATATCTTGTGCGGCTTTGCAACAAAAAATTTCAAAACAAGATTTTTATAAAGCGGCGGTTTCTGTCCGCGCGGTAATATAAAATGGAAGAATTAAAAACAGCGTTATCTTATTTAAACGAATCGGATTTTAAGCTTATTGAAAAAGCTTACGACTACGCTTCGTGCGCGCACTCTTACCAAACAAGAGCTTCCGGCGAGCCTTATTTGCGCCACCTTGTAGCGGCAGCGTTAAACCTTGCCGAAATTAAAATGGACGCGCCTACAATAGCCGCGGCGCTTTTGCACGATATTTTGGAAGATACTCTCGTTACCGAACCGGAACTTCAAAAAGAGTTTGGAAATGAAATAACTTCTCTTGTAAACGGCGTAACAAAACTTAACAAATACCAGTTTGACGATAACATAACAAAACAAGCCGAAAATTGGCGCAAAATGCTTTTAGCTGTTGTAAAAGATATCCGTATTATTATAATTAAACTTTCCGACAGACTTCACAATATGCGCACCCTGAAGTATCTTACGCCTCAACAGCAAAAAAATATTGCAAGCGAATCGCTCACGCTTTACGCTCCTTTTGCGCATAGACTCGGCATTTATAAATGGAAAAACGAGCTTGAAGATTTGGCATTTGAAATTTTACAGCCCGAAGAATATCATTTAATAAAAAACCAGCTTGAACAAAGAGCCGAAAACGACATACGAAACCTTACCGAAGTTGAAACCCAGCTTAAAAATAAACTTGCGCCGTCGCACATTGCTTTCAGAACCGCGGCAAGACCTAAAAATCTTTACGGTATTTACAAAAAAATGCAAAGGCAGAATAAACCGTTCTCGGAAATTCAAGACTTATTCGGACTTAGGGTTATTACCGACACGGTTGAAAACTGCTACGCTATTTTAAGCACAATAAATTCCAACTTTAAACTTTTGGAAAATTCATTTACCGATTATATAAACTTGCCCAAACCAAACATGTATCAGTCGCTGCACTTAACAATAATTTCCGACAAAGGCGCAATTGTTGAAACGCAAATACGCACGGAAGAAATGCACCAGCGGGCAGAATACGGAGTGGCTGCTCACTGGCGTTATAAAAAAAATGTTGAAACCGGCGCAACAGGGGCAAAAGAAGACGCAAAAAATATGACGGCGGAAGACAGATTGGACTGGCTAAAAAAGTTTTTGGAATTTAAAGGGGAAACAACGGATTCAAACGAGTTTTTAGACTCGCTGAAAACCGAATGCAACTTTGAACAAATATTTGTTTTTACTCCCGCAAAACAACTTATAAAATTACCTTTAGGAGCAACATGTCTTGATTTTGCTTACGCGGTTCATTCGGATATCGGCGATAAATTCATGGGCGCAAAAATTAACGGAAAAATAGCGCCTATTAACGCCAAGCTAAACAACGGCGACATCTGCGAAATTTTAGTAAGAAACAACA
NZ_CP009498.1_gap14	587062	591498	4436	GGGCGCATTGATTGGCTTTATGCCGTTTAATCTTTCAAAATCAAAAAAGATTTTCATGGGCGATACCGGAAGTCTTTTTATAGGTTTTATTCTTGCAAGTCTTGCCATGGGCACGGAATACACAAGCATCCACGAAATAGGATTATTTGCGCCGTTATTTATTCTTGCGGTGCCTATTTATGAAACGTTTCTTGTCAGCTGGTTTAGAATCCGCAAAGGAAAACTGCCTTTTATGGGCAGCAAAGATCATTACGCTCTGCGTCTTGAAATGATGGGATTAAAAAGAAAAAATATTCTTCTTATAACTTACGCGGTTTGCATAGCGCTTGCCGTATGCGCATATTTTTTTACAAAACTCAGCGGCGTTTACGCGCTTATGCTTTTTCTGTTTATTTTTATATGTTTATGGGCGGCAAGCATTAAACTTGCGTCGGTTAAGGTGGAATAATGCCAAAAACCGTTATTATAGGCGCCGGAATATCCGGTCTTACAGCGGCATATTTTTTAAAAAAGCCCTACGCGGTTTTGGAAGCAAAACCTTACGCCGGCGGACTTTGCGCATCGTTTTACGAAGACGGATTTACTTTTGACTGCTCGGGGCATTTCATTCATATTAAAGACAAAAAAATAAAAAAACTCGTAGAAAAACTTACCGGCGGCACAGATGAAATAAAAAGAAACGCCGCGATATATTTAGACAAAACGTTTGTGCCGTATCCTTTTCAGGCAAACCTGTATTATTTAAACAATAAAATAAAAAAAGAATGCGTTGACGGAATTTTAAAGAGAAAAGAAATCGCAATATCTACTTCAATGCCGTTTATAGATTGGAGCAAAGCAATGTTTGGCAGCGGCATAACAAAATACTTTATGCAACCATACAACCAAAAACTTTGGAGCTACGACTTAAAAAAAATGACTGCGGCATGGTCGGGACCTTTTGTGCCAAAACCTGACGCCAAAACAATAGTGGAATCGGCATATTCAAAAAACAAAGAGCATTACGGCTACAACAGCGTATTTTACTATCCGAAAAACAAAGGCTGTCAGGCGCTAATTAACGGAATGCTAAAAAAAGTTAAGCCCGAATATAATTCTAAAACAACAAAGATTGATATAAAAAATAAAGTTGTCCATGCAGGCTGCAAACAATACAAATATAATAAAATTATCTCAACGCAGCCTCTTACGGAACTTATAAAACAAATTTCCAACGTGCCTGCAAACGTAAAAAAAGCGGCTGCAAAACTTGTATGCAACTCTGTAAGATGCGTAAATATCGGCGTGAAAGCCGCAACGGGAATCGCGAAAAATTTAAAAGGCGTTCACTGGCTGTATCTTCCGGAATCAAAATTTCCTTTTTACAGAATCGGCGTATATTCAAACGTAAACGCAAAAACGGCTCCAAAAAACTCTTACGGTTTTTACGTGGAATTTTCAAGTTTAAACGGGAAATACAAAAGCAGCCGGAATGTGATAAAAGATTTAAAAAAAGCCGGTTTTATAGGAAACTCCGACGGGATAAGCGCAATAAATATAGTAGATATGCCCTATGGTTATGTTATTTTTGACAAAAACCGCGAACGCGCCCTGCAGGTTATAAACAGCTTTTTAGTTAAACACAATATATTTTCCATAGGCCGCTACGGCGCGTGGGAATACTCTTTTATAGAAAAAAATATAAAAGACGCAAAAGAATTGGCAGAGAAGATAAACGCGGAGAGTTTGTAAACAATGATAAAAGTCTGCTACATAATAACCAAACTTGAGCTTGGCGGCGCGCAAAAAGTTGCGCTTTACACCGCTGAAAATTTAGAAAAAGACACCTTTGAAGATTTTCTTATAACAGGCTCAGGCGGTATTTTAGACGACGAGGCGGCAAAAAAGTTAAAAGTTTTTAAAGTGCCGAGTTTAGTAAGAGAAATATCTCCTATTAAAGATTTGCGCGCATTGCTTAAAATAAGAAAAATATTAAAAAAAGAAAAACCTGAATTAGTTCACACGCATTCTTCAAAAGCGGGAATTTTAGGAAGAATAGCAGCTAAACTTGCCGGCGTTAAAACAATCGTCCACACAATTCACGGGTATGGTTTTAACGAAACTCAAAAGTGGTATGTGAAATATCTATACATATATATAGAAAAGTTTTGCACTTTATTTACCGACAAACTGATAGTTGTAGCTAAAGAAGATATGGATAAAGGGTTGCGCTACAAAATTGCAAAAGAAAATAAATTTACCTTAATACGCGCCGGCATAGACACGCATTATTATAAAACTTTTAATCCAAACCCCGATTTTAGAAAAACTCTCGCCGATGAAAATACAAAAATAATAACCACTATCGGACCGTTTAAACCTCAAAAAAATTTACAAGACTTTATTAAAGCCGCAGGCTTGGTATGCAAATCCGTCGACAATGTTAAATTTTTTATAGTCGGCGACGGAGATTTAAGACCGGAACTTGAAAAATTAATAGCAGATTTAAATTTAACAGATAAAATAATACTTCTCGGCTGGCGCACGGATATTGCCGAAATTCTTTACGCAAGCGATGTGTTTGCCATGACGTCTCTCTGGGAAGGGCTGCCACGCACAATTTTAGAGGCTATGTGCTGCTCTAAACCGGTAGTTGCAAATGCCGTTGACGGCGTGAAAGAAGTTATTCGCGAAGGCAAAAACGGTTTTAAAGTTAATCCTCACAATTATCAATATACCGCTGAAAAAATAATTTACCTTCTGCAAAACCCGACTGTTGTAAACGCTATGGGAAAATCAGCAAAACATTCTATTACAAAAGAATACGATATTAATCATATGGTTAAACAGCATGAAGATTTATACCGCAAACTTCTTCAGCACTATCTTATGGTGTGCGAACTTATTGACGAGAAGGCGCAAAAAAAACATAAAAGAAAGAAAAGAATTGTTATTACTGTTTGCGCAGCCGCTTTAATAGCCGCTTTTTACACATATACGCCATACCCCGTTGCGTATTTTTTAAGAGGGGCGTTTCACATTACAGATTATAAACTTCCCGCAGATTACGCCAACCTTAAAAAGAATGTAATTTTTTACAGAGATATAGATTATAAATCAAACTTCCCAAACGGAAATCTTGATATAATTGCTCCGAAAAGCGACCCCAACGGAAAAACAATTTTTTGGGTTCACGGCGGAGGATACGTAGGCGACGATAATAAAAAAATTGAACATTACATGGTGCAACTTGCAAACAGCAGTTTTACGGTTATAAGCATCAACTACGCTTTTGCTCCGGAACACGCCTTTCCGGTTCAGTTAAAACAAATTGAGCAAGCTTACTGTTTTATAAAAGAAAATGCGGCTAAATACGGAATTAACACGGATAAAATGTATTTCGGCGGGGATTCCGCCGGCGCGCAGCTTGTGGCGCAGTTTATCAATATACAAACTAATCCGATATACGCAGATATGTTAAATGAATATTTGGAAAATATTAAATTAAATGCCGTCGTTGACGTAAACACTCTGCACGGAGCAATTCTTTTTTGCGGCCCTTACGATCTTAAAGATTTAATAGATCCTCCCAAGGGAACGCTTGCTCTTCCGTTTAAGCAAATCGGCAAAGCGTATTTCGGCACCACCGACGAAAATAATGTTTACGTTATTTTAAGCAACGTTACAACAAGACTTTCTAAACATTTTCCGCCGGTGTTTATTACCGACGGAAACACAAGCTCTTTTGAATATCAAGCAAAAAAACTTGAAGATGCGTTAAAACAGAAAGGCGTTTACGTGCAAGGTGTTTTCTATCCAAAAACCGATGAAGAACTAAAACACGAATATCAATTTGAAATAACTACAAAATACGCCCAAAATACTTATAACTATCTTATTGAATTTTTAAACAGAAAAAAATAATATGAAAAAAATACTTGTAATTATCTCAGCCCTTATAGTTTTTGCCGCCGGATTTTATTTTTTCACGCCGTATCCAGCGGTATGGCTTGTTAAGCATGCTTTCAGTTTAACAAAATACACTCCGCCCGAAAATTATTCAGAAATTAAAAGCAACGTTATATTCCACAGAAATATAAATTACAACTCGGCGTATCCTAACGGAAAGCTTGATATTATACAGCCTAAAAACGGCAAGAATGATAAAGTTATCTTGTGGGTGCACGGCGGGGGATACGTAGGCGATGATAAAAAGAAAATAGAACATTATATGGCAATGCTTGCAAACAGCGGTTTTACCGTCGTAAGCATAAATTACGCGCTTGCTCCGAAAGATCACTACCCTGTTCAGCTCAAACAAATTGAAGAAGCTTATAATTTTATAAAAGAAAACGCCGCAACATACGATTTTAACGTAAATAAAATATACTTCGGCGGAGATTCCGCCGGCGCGCAGCTTGTGGCGCAGTTTATTAATATAGAAACAAATCCGGATT
NZ_CP009498.1_gap15	617614	619114	1500	GGGAAATTTTTAAAAGCCATGGAGCCCGAAGCGCATATAGTAAACGAACAAAACGTAATAACCATAGAAAATAAAAACGGAACATATCTTGTAAAACAGATAGCCGGAATTTTGGCAAGAAGATGCGTATCTTGGGTAAAAGCCGGCGACGTTTTAAAAACAGGCGACAAAATAGGCGTTATAAAATTCAGCTCGCAGGTAGATTTGCATATGCCCAAAAACATAACGATAAAAGTAAAAAAAGGCGACAAAGTAGTTTCCGCCATAACAGTTTTGGGCTCTATAAATTAAATTGTAAACGTTACGCAGAGGATAAAATGAAAACAACCAGTTTGAAAAAAGGCATTTACATTCTGCCGAGTTTATTTACATGCGGAAATATGACTTTTGGATTTTTGTCAATGTTATCGTCGGTATCGGGACATTTCACGCAGGCGGCATGGCTTTTAATTTGTTCCATAGCTTGCGATATGCTTGACGGCCGCGTTGCAAGAATGACAAAAACCACAAGCGAATTCGGCGTGCAGCTTGACTCTTTAAGCGACTTGATTTCTTTCGGATTAGCGCCGGCAATTATGATTTACATGTTAGGGCTTAAAGATATGGGTAAAATCGGCATTGCCATAGCCGTTTTATTTGTTTTGTGCAGCGCGTTGAGGCTTGCAAAATTTAACGTTAAAGCGCAAGACGGCGTAGTGCACTCGTCTTTTTCCGGACTTCCTACTCCGGCATCAGCGGGGCTTTTAATATCTTTTGTTTTAAGTTTTGAACTTTTAAATACCGGCGGGCAGTCGCTTACTTTTAAATCTATACCGCTGCTTATGAACACAATGCCCACATTTTTTAACGCAATGCCGGTGGTAATGGTTGTGCTCTCGCTTCTTATGGTTTCAAACATACCGTTTGCGTCGTTTAAGAAAATGAAACTTTCAAAACCGCAGGCGCTGCAGGTTCTTGTAATTATAATAGTGCTTTTGGTAATTGTTATAGTTTATCCGCAAAATACATTTTTTATTTTGTTCTCGCTGTATGTTTTGTCCGGCGTTGTAATTTACGCTTTGAAATATCTTAACCGCGTTAAAAATTACGCTAAAAGAAAAACCGGAAAAAGGAAACGCAAACATGAGTAAATTTTTCTTACCTTCAATATATAAAACGCTGCAAGCAGGCATGCCCGGAAATTGGCGACTTAGAAACGACAATTGAAAATTTAGATTTGAAAATTGCCGTATTTAAGGAGACAAACACTATGAAACAAGACAAGATAATATTTTTTGATACAACTTTAAGAGACGGGGAACAATCGCCCGGCGCAAGTATGAATTTTCAAGAAAAGCTGCTTGTTGCAAAACAGCTGGAAACGCTCGGCGTTGACGTTATTGAAGCCGGTTTTCCTATTTCAAGCCCCGGAGATTTTGAATCCGTAAAAGCCATAGCGAAAGCTGTAAAAAAATCGTCGGTTGCCGGGCTTGCAAGAGCTTCCGAGAAAGATATAAAAGC
NZ_CP009498.1_gap16	681909	684787	2878	AAAACCCATATGCGGCAAGTTCTTTGATAATTTGCACGGTGATAAATTTTCCCAATTTATATCTATCCGCCGTATACTCCAGTCCTAAAATATCTAACGCTGCGCTTCCTGCTTTTTTCCCGAAAGTATCCGGCTTATATTGCAGCTCAAACGGCAAAACCGTAATAGTTTTTATTCCTCTCATATCAACAATCGGAGGACGTACAGTATTTACTCTTACCGTTGGTGCGGATGCGCACGAAAAAAGTATTGAGGCAAATGTAATTAAAATTAAATAACAGGAAAATTTTTTCATCTTACTCCGCGCGCTGTTTATTTTAGCATACAAAAAGTATTCTTCGTCAATTTATTGTTTACTGCGTTTTTTTAGAATTTCTAAAATTTGTTTTTCGCTGAAACGGTCGGATTGCGTTCTGTTTTTTTTATACAAATTGTTGAGAGCGTCTTTGGGCAACGCATTAGAATTGTATTTTGTTGAGTTCAAGTGGCATATTGCCATTGCAAGAGCGTCGGCAGCGTCATCGGGACGAGGAATTTCTTTTAAACCGAGAGCAGATTGAACCATTCTCTGCATTTGCTGCTTATCCGCCGAACCGTAACCCGTTAGCGAAATTTTTACGCTGCGCGGATTATATTCGTATAAAGGTAATTTATTTTGCGCTATTGTTAAAACTATTGCGCCTCTCGCCTGACCTACCTGCGCAACCGTGGCGGCGCGCTTTAAGAAAAACAACTGTTCTATTGCAACAACGTTTGGTTTGTATTTATTTATAACTTCCTGAAGCTGTTTGTTAATGCTTTGAAGTCTTTCTATTAAACTTTCTTTTGAAGTCGTAAGAATCGCCCCGTATGAAACGGGAATTATTTTTTCTCTTTCTATGGATTTTACCACTCCCCAACCGGTTGTTTCAATACCGGGGTCAATTCCTAAAACTATCATTAGTCTCCCAATTTTTCCATATCTTCCGCGGAAATATCAAAGTTTGCGTAAACGTTTTTTACGTCGTCGTGCTCTTCAAGTTCGTCCATAAGTTTAAGCATGCTTTTCGCATCGTCGCCGGTAAGCTTAACGTAGGTCTGCGGAATTAGTGAAATTTCCGCGGACTCCGAAGTTATATTTTTTTCTTTAAGCGCTGTTTTTACTTTATCCAAATCCGAAGGAGCGGTTACAATTTCATAAGTTTCGCTGTCGGGCTCGTTTTTAAAATCTTCAGCGCCTGCTTCCAACGCTATATTCATAAGAGTTTCTTCGTCGCCCGCGCTCTTTTGAACGGTTATATAACCTTTTCTGTCAAACATCCAGCCTACGGAACCTGTTTCTCCCAAATTGCCGTTATGCGATGAAAACATTTTTCTTATTTCAGACGCGGTTCTATTTTTGTTGTCGGTTGTAACTTCAACTATTAACGCAACTCCCGCCGGACCGTAACCTTCGTAATTTATTTCCTCATAAACCAAACCGGGGAGTTCGCCGGTGCCGCGCTGTATTGCTTTTTTAATATTGTCTTGAGGCATGTTGGCTACTTTAGCGTCTTCTATAACTTTTCTAAGACGGGCATTGTGCTCCAGCGCGCCGCCGCCTTCTTTTGCGGCTATAACTATTTCTCTGATAATTTTAGTAAAAACTTTACCTTTTTTTGCGTCTGTTGCGGCTTTTTTGTGTTTAATACTTGCCCACTTATTGTGACCTGACATGGTAACGCTCCTGTATTAGTTTTTTCTTTTTAAATTTATTCCCGATTTCAATTCAAAAACCGATTTTTTAAGCTGCGATTCCACCACGGACATATCAACTGAATTTTTTTTCTTTTCTTTTATTTCTTTTGCAAGTTTCATGGCTTTTTCTATTTTTTCTCTGTTTGCGTCGTCTTGAATTGCAAACTCCGCAACTATATTTGTTTTACCGTTAAAAATTTCTATAAACCCGCCGGTAACTATTATTATTTTTGCTCCCGACAATTCCGTTTGAAGAAGAATTTGCCCTTCAACAAGTTTTGTAACAAGGTTGGCATGTCCGGGCAAAACGGTAATAACGCCGCTTGCCGTAGGAAACGACGCCGACAAAACGTTGCCTTTAAAAGAACTTCCTTCAGGAGATAATATTTCAAGTTCAAAAGTATTCATTTAATTAATTTTCTTTTTTTAGATTAAGACTTTCCCGCTTTTTTAATTGCTTCTTCTATAGTTCCCACCATATAAAACGCCTGCTCCGGAAGGGCGTCGTATTTTCCTTCTATGATGTCTTTAAAACCTTTTATTGTTTCTTCGGTTTTAACGTATCTGCCTTCAAGACCCGTAAACATTTCCGCAACAAACATCGGCTGCGTTAAAAATCTTTGAACTTTTCTGGCGCGGCTTACGGTTAATTTATCTTCGTCGGAAAGCTCGTCCATTCCCAAAATTGCTATTATGTCCTGCAAATCTTTGTATTTCTGTAAAATCTTTTTAACCGACATCGCTACGTTGTAATGGTCTTCTCCGACGGTGTTAGGGTCAAGAAGCCTTGAAGAAGAGGTCAACGGATTTACAGCCGGATAAAGTCCTTGTTCCATAATAGCTCTGTCCAAAGTAAGAGTTGCGTCTAAATGGGCAAAAATCGCAACAGGCGCAGGGTCTGTATAATCGTCGGCGGGAACATAAACCGCCTGCACGGAAGTAACGGAACCTTTATTGGTTGACGTAATTCTTTCCTGCAAGTCGCCCATGTCTTTTGCAAGGTTAGGCTGATATCCCACTGCGGAAGGCATTCTTCCAAGAAGCGCGGAAACTTCGCTGCCGGCCTGCGCAAATCTAAAAATATTATCTATAAACAAAAGAACGTCTTCGCCTTTTTCGTCGCGAAAATATTCGGACATTGTAAGCGCCGTTAAAGCGACTC
NZ_CP009498.1_gap17	695330	699470	4140	AACTTCATATTGAGCGTTTTCAACAAGCACTCTTCTTAAAGACGACGTTTTGCCGTCTATATGTTTTTTTAATTTTGATGAAGCCGCCGTTTTCTGATTAGAATATTCAAACACGCCCGCATAACGAAAATAACCTTTTTGCAAAAAATCCGTAAGAGCCTGCACGTCTTTGTCTGTTTCCCCCGGAAAACCGGTGATTACCGAAGTTCTTAGAATTATATCGGGGTATTTATTTTTTATTTTTTCAATTACTTTCAATGTTGCAAGAGGGCGGTTCATGCTATTTAAAATTTTTTCGCTTGCGTGCTGAATCGGAATATCTATATATTTGCAAATATTTTCACGTGAATTTATTTCTTGAAGCAACGCGTCCGTAACGCTTACGGGATAAGCGTACATAAGCCTTATCCATTTTAGTTTGTCCGTTTTTGAAATTTCAGCCAAAAGCTTGTTTAATGAAAACTTCCCGTAAATATCTATTCCGTAGCTTGTTGTGTCTTGAGCGATAAGAGAAAGTTCTTTAACGCCCGAAGCCGCCAAAGCTTGAACTTCGCTTTTTAATGACGATAAGCTTCTGCTTTTATATTTTCCGCGCAAATTTGGAATGATACAAAAACTGCATTTGTGGTTGCAGCCCTCGGCAATCTTCAGGTATGCACATGGAAGCGTTGAAGATAAAAGTCGGAATTTTGAATCGTTGAGTCCGCCGGCTTCAAGCAAAACGTCTCCGGCATTTTTATTTTGAAGCAAAAGCGGCAGTTTATTTAAAGAACCCGTACCGACAAAACCGTCTATTTCCGGAAAGCATTTTATAAAATCTTCTTTTAAAAGCTGCGGCAAACATCCGCTAACAAAAACTTTTACGTTTTTCTTACGTTTTATTTTCAACGCATCGCTTATACTTTTTTCAGATTCTCTGCGAGCCGCGTCTATAAAAGAACAAGTGTGAATTACTATAACATCGGCGTCATTTGTATCGGCGCAAACGGCAAAATTTTTACTTTGCAGTATTCCCAGCAGATACTCTGCTTCCACCGTGTTTTTAGGACATCCTAAAACTATAACCGCTACTTTTAACATTATTTGCTGCCAACGCGTTTTTTAAGAACAACTGTTTTAACGTCCTGAATTGAACCTGTTTTAACGTCTATTTCCTGCCCGTTAAAAAACACTCTGACTCCGGGAGTATATCCTATTCTTAACACAAAAGAATCGTCGGCAAACAACTCTTGGCGCGCGCCTTTTATTAAAGTGCCCTCAAAAATTTCTTTACCGTCGCCGTCAACTTTAACCCAAACCGTATCTACGGCTTCTAACACAACTTTTTGACGCAAAACATCTGGAGGAGTTATAACGTTTTGAGGCTCTGCCTTTTCTTCAATTTTAACAACTGCCGCCGCAGAAAAGGCGGAAGAGCTTGATATTTTTTTATTAAGATACATAAACGCGCCTAAAAGAACCGCAGCCACAAGCAAAGCCGCAACGGGTTTTTTAATGTCGGTTTTTTTTCTTTCGGGAGTATTCTGCGCATCTTGTTTTGCCGCGTTTTTTTCAGGAGTATTTTTTGACAACTCCTGAATGGGCTGTTGCTGCAAAGAGTCTAAAGGCGGAATTTTTGTCAAATTATGCTCTTTAAGCAAAGCATCTGCGTCAAAACCTAAAAATTTTGCATAAGATCTTACAAAACTTTTATAATAAACTTCCGCGACAAAAACAGTATCGTCGCCGTCTTCAATGGCCTGAAGGTATTTTTCCTGAATTTTAACGGCTTTATGAACCGCGTCAAAAGTAAGCCCTTTTGACAAACGTTTTTCTTTTAACAACTTTCCCAATTCTTTCATTTTGCTTTCTCTTCTAATTAAGTTTTATTACTTCAACGCTCGCAGGCGCCTTAAACTTGAATAAATTTTTATTTAACTCAGGATTTATTTTGTAATTTTTTATTTCCACGGTTACCTGCGCGCCTTCCGAAAGAACTACGGCTTTTGAAGGACGAAGATTTTCTTTAGACACAAAAAGTTTCATGCTCCAATCTTTATTTGTTTTAGGATACACTTCTAAAACGTACGAACTCTCATCTTCGCTTAAATATTTCACAATATTATTTTTGCTTATATTTTTATAATTTGCGCCGAAGTTTACAATAGCTGCAGGAGAAAAATTAGCGTTTATTACATTTTCGTAATTATCTTCCAGCGCCTGAAAATTTTCAGGAGTATAAATTATTATTTTTCTGCCGTTAATATAAATTCTCTGTTCTTGCGGAGTTTTTTGAACTATAACCGCATTGTCGGGCTTCAAATATTTAACGTTGCCGGATATTTTTTGTTTTTCATTTGTTGACGTAAAAAGCAGCTCTTGAATAAAGTCAGCCTCAAGCGTATTTACCTGCGCGTCGTTTTCCTGCATTTTAGAAATAACTCCCTGCGTTTTGTCCGCGTCTTGCGCAAACACAGGATAAATTAAAAACATCATAATAAAAGAGATTAATATTTTTTTCATCTAATTTTCTTTTTCACCTTTACCCCTTGCTTGTCCTTACTACTTTTTACTTATGCCGTTCTAATATACTCTTCTATTTTATCATAATTTATCTGCCACTTGTTAGTGCCTTCCGGTTTTGTTATAAAACCTTTCATCTCCAAAATACTTAAAATGTTAGTGGCTCTTGCCGAACTTCCGAAATTTGCCTTAAGCAAATCTTGCGAAACGCGCCGGCGCTCGTTAATAAGTTTTAACGCCGGAAGCAAATCTTTCATGCTCTTTTCTTCGGCGGCATTAAAACCGGAAGAAACTTCCGCCGCAACGGCAAGCGGCTCGTAAATTCTCGGAAAATTTTGATCGTTAATAAAATCTATAATTTTCTGGGCTTCTTTAAGAGAAACAAACGCTCCCTGCAAACGCACCGGACGGGCCTCCCCCGGAGGTAAAAACAGCATATCGCCCTTACCCATTAAATTCTCCGCGCCCAGCATATCTAAAATAACTCGCGAATCTATAGCCGACGTAGTTTGAAAAGAAAGCCTTGCCGGAAAATTGGCTTTGATTATACCTGTAATAACGTTAACAGAGGGTCTTTGCGTTGCAAGTATCAAGTGAATTCCCACAGCGCGCGCCATTTGCGCTAAACGCTGAATAGAATCTTCTATCTCTTTTTTTGCCACAAGCATTAAATCGGCAAGCTCGTCTATAACTACAACAATGTAGAACTCTTTTTCACCGCCGGTTTCCGACATTTTTGCGTTATACTCTTCAATATTTCTAACTGTCGCCGCCGCAAATTTTGTGTAACGTCCTTCCATAACAGTAACAAGTTTTTTTAAAGCGCTGGCGGCTTCTCTGGGGTTTGTTATTATGTCCGCATCGGCAGCAGACGTTGACGGATTATAAAGATGCGGAATGTCTTTGTATATAGGCATTTCCACCCTTTTAGGATCTATAATCATAAACTTTACTTCGTCCGGACGCGCTTTAAATAAAACCGAAAGTATTATGGTGTGTATTCCTACGCTTTTTCCCGAGCCCGTTGCGCCGGCTATAAGAAGATGCGGCATAGACGCCAAATTTGTTACGTAACCCTCGCCGTCAGTAGTTTTACCAAGCGCCAAAGTTAAAAGAGATTTTGAATTTATAAAAGACGAATGTTCCACTATGCCGCGCAAGCCTACGGTAACGCTGTCGGGGTTAGGCACTTCAACGCCCACGGCTGCTTTTTCGGGAATAGGCACAACTCTTATAGACGCCGTGCGCATTGTAAGTGAAATATTTTCTATTATGTTTGTTACGGATTGAATTTTTATTCCTGGAGCAAGTATTAAATCGTACCTTGTTACTACAGGCCCCGGAATAATGTCTTTTACCTCGGCAGGTATGCCGAAATCCGCAAGAGTGCTTCTTAGAAGCTCTGCCCGTCTTAAAAGCTCATCTTTATTTGTATGAAAACTTTTTGTTTCGTCGTTTTTTAAAATTGTCGAATGAGGGAATTTATAGTCAAAACTTTTGCTGTCAAGTTTTACCTGCGGCTTTTGCGGCTCTGACGGCGTTGCCTGTTTTTCAGCCGCGGAATTTTCTTTTTTTTGCTTGTTTACAATATTCGGAACAAACGGTTCCAGCTTTTTTATTTCGGGAAGCAAGCCGGAT
NZ_CP009498.1_gap18	701787	706699	4912	GGTTGCCGTGACCGATTTCTCTTCTGCTGGTAGAACGTTCGCCTCTTGGTTCGCCGGTAGAAAATCCGGGGAAGTTGTAGTGAAGAAGAAATCTGTCTTTAGATTCTCCGGCAAGCTCGTCCAAAATCTGTTTGTCGCCGGGAGTTCCGAGGGTAACGCTTACAAGAGCCTGCGTTTGACCTCTTGTAAACAATGCTGAACCGTGAGCTCTGGGAAGAAATCCAGTTTCGCAGGTTATGGAGCGTATTTCTTCAAAGCCGCGCCCGTCGGTGCGGACTTTTTTATTTAATACAAGCTCTCTTGCTTTAACATAATATATGTCTTCAAGTATGGCGCTTATTGCAGACGCCGGTTCTTCCGGATATTTTTCAAGAAGTCTCTTGGTTAAATCTTTCTTATAATTTGACCAAAAAGATTCTCTTTCGTCTTTATCTTTTATCGTTACGCCTTCTTCGGCTTTTGCAATTGCTTCAGCGTCTATATCAGCTTTGAGCGCCGCGTTGTAAACGGGAGCGGCAGCTTCAATTTTCTTTTTCTGAGGGAAAGCTTTCTGAACTTCGCAAATAGCTTTAACCGTATTTCTTGCAAGCTCTAAAGCTTCAAGCATTTCGGTTTCCGAAATTTCCAAAGACGCGGCTTCAACCATGGTAACGGCTTCGTCGGTTCCGCTTACAAGCAAATCTAAATCGCTTGTTTTTTGTTCTTCTTTTGTGGGGTTTATTACGAATTTTCCGTCAACTCTGCCGATTCTCACGCAAGCTATAGGCGTTGTGAAAGGAATGTCGGAAGTTATAAGCGCTACGGAAGTTCCTATTACGGAAGCTATTTCGGTGTCGTTTACTCCGTCGTAAGAAAGAACTATCGCAGAAATCTGCGTGTCGTTTCTCCAATATTCGGGAAACAAAGGTCTTATGCTTCTGTCTATAATTCTGCTTACTAAAATTTCGCTGTCTCTGGGTTTTGCTTCTCTTTTGAAAAATCCTCCGGGAATTTTTCCGGCGGCGTAAGTTCTTTCTCTGTAGTCAACCGTTAACGGCATAAAATCTATGCCTACTTTAGGCTCTTTAGACGAAACAGCCGTAACCAAAACTACGGTTTCGCCGATTGTTACCGTGCAAGCGCCACTTGCCTGTTTTGCAACTTTCCCTGATTCTACGACGAATTTTTTTCCCGCTACTTCAATTTCTTTTTTAAAATATTGCATCTTTTCTCCGTTTGCGACTCACGCGCAAAAGATCCAAACAAATTCCGCAAAACGGAATCTCTTTGCATCCTTTGGGCTTTTTTGCCGCTTTTTTTGTATAAATGCCCTTACCTTTGAAAGTCAAAGATAAGGGCAATATTTTTTACTTTCTTAAATCTAATTTTTTAATCAATGTTGCGTAGCCGTCTTTATCGTGTTTCTTAATATAGTCAAGAAGTCTTCTTCTCTGACCTATCATTTTCAAAAAACCCACTCTTGACGCAAAATCTTTCGGGAATTTCTGAAAATGGTCTGAAAGATATTTAATTCTTGAAGTAAGCAATGCAACCTGAACCTCAGGCGAACCGGTGTCGGTCGCGTGCGTTTTAAACTGTTCCACAACTTCTTTTTTTACCAAAGCCATCTTTTGTAACGCTCCTTATTGTTTTTATGAAAATTAGTTTTTAAACAACTTAAAAATTGTATCAAATTTTAATTAAAAAAACAATTAGAAGACTGTGCGGCAAATGTAATTAGATTTGCGAATACAAACTTGCCATTTCAATAGCGCTTAATGCGGCGTCGGCGCCTTTGTTTCCGGATTTTGTACCGGCGCGTTCAACAGCCTGTTCTATTGTTTCAGTGGTTAATACGCCAAAAATTACGGGAGCTTTGCTTGAAAGCCCTACATTGGCAACGCCTTTTGAAACTTCCGACGCAACATAATCAAAATGAGGAGTAGCTCCTCTTATAACGCAGCCCAAACAAATAATAGCGTCAACTTTTCCGCTTTCGGCTATTTTCTTTGCAACAGCCGGAATTTCAAACGCGCCCGGAACCCAAGTAAGCGAAATATCCGCGTCCGCAGCTCCGTGCCTTTTTAAAATATCTTCCGCGCCGCCGATAAGTTTATTTGTTATAAACTCGTTAAACCTTGACGCCACAATAGCAAACTTCTTCCCGTCGGCCTTCAACTGTCCGTTAATAACTTTCATGTAAAACTCCTTTTTGTAATTTTTAATTGCCGGTCTAAACTGTTTTTAAAATGTGTCCCATTTTTTCTTTCTTCGTTTTCAAATATTTTTTATTGGATTTTGTCGGACAAATTTCTACCGGAACTCTTTTTGCAATTTTCAAACCGTATCCTTCAAGCCCTACTATTTTTCTCGGATTGTTCGTCATAAGGTTAATGCTTTTCATGCCGAGTTCGGACAAAATTTGCGCGCCTATTCCGTAATCCCTTAAATCAGGAGCAAAACCAAGAGCAACGTTTGCCTCAACGGTGTCAAGACCTTGTTCCTGCAATTGATACGCTTTCAGTTTATTTGCAAGCCCTATGCCTCTTCCCTCTTGGTGCATATACAAAACAACGCCGACACCCGCATTTTCAATAGCTTTAAGCGCCGTCTCAAGCTGGTCGCCGCAATCGCATCTTAACGAGTGAAAAATATCGCCGGTTTCGCACGACGAATGCACGCGCACCAAAACGTTTTGCTTGCCTTTAACATTTCCTTTTATTATCGCAAGATGCGAATCTTTCGTAACGGTATCTTCAAAAAGAGTCAGCTTAAATTCGCCGTGCTTTGTAGGAAAATTTACGCTTACGATTTCTTTTACAAGTTTTTCATTTTGACGGCGATAATTTATAAGTTCCGCTATAGTTACAATTTTTAATTTATGTTTTTTTGCAAAGTTTATAAGGTCCGGCATTCTGGACATTGTTCCGTCGTCATTCATTATTTCGCAAATTGTTCCAGCGGGTTTGAGTCCGGCAAGTTCCATTAAATCTACCGCCGCTTCCGTGTGTCCGGTTCTCACTAAAACGCCTCCGTCTTTATAACGCAGAGGAAATATATGACCGGGACGCGCAAAATCTTGCGGTTTGGCATTTTTGTCTATAAGTTTTCTAACCGTAAGAGACCTGTCGCAAGCGGAAATTCCGGTAGTGGTTCCCAAACGATAATCTACGGAAACCGTAAAAGAACAGCCCTTCTTTTCCGTAGGATTATCCACCATATTTTCTATTTTTAATTCTTCAAGCCTCTCGTGTTTCATTGGCACGCATATAAGTCCGCGCGCATATTTCGTCATAAAATTAATAATTTCCGGAGTAGTTTTTTGCGCGGCGCAAACCAAATCCCCCTCGTTTTCCCGCCCTGGGTCGTCCACAACAATAACCATTTTTCCGGATTGAATGTCTTTAACGGCGCTTTCAACCGACGTAAAAACTTTATCTTTTTCTGTTTTCATATTTAGCCCTTTACTTTTAAAAATTTTTTAACATTTCCAAAGTCAAACCTTCGGAACCTTTATTTTTTGAAAACTTTTCCAAATACTTTGCAAAAACGTCCGTCTCAACATTTACAAAATCTCCCGCTTTTTTTAATTTTAAAATTGTATTATTAAAAGTTTCCGGAATTATAAAAATTTCAAAACCCGCTTCATTTACCGCCGCAAGCGTTAAACTTATTCCGTCTATGGCTATAGAACCTTTATCAACGCAATAATTTGTAATATTTTTTCCTGCTGAAAATTTTAACTTATAAAATCCGCCGACTTTTTCAACGCTTGAAATTTTAGCCGTAGCGTCAACATGCCCGCTTACAATGTGTCCGCCAAGGCGCGAAGAAAGCCGCAAAGCCCTTTCCAAATTTACTTTTGAATTTTGCTTCAGCAAAGACATAGTTGTAAGTTTATCGGTATTGGGACTGTAATCCGCGCTAAAAACTCCAGGCAAAATATGCACAGCTGTTAAACAAACCCCGTTAACGCTGACGCTGTCGCCTACTTTTATATCGCCAAGCTTTGTCTCAATAACAATTTCCGACGACGATATAGATTTTACTATGCCGATATCTTCAATAATTCCCGTAAACATTTATCACTCCGTAAAATTATAATCCGCGTTAATCGCACAATGACAAACAAAAACATCATACTTATTGCTTATTTTTCAGCTTCCCTGTTATCAACAAATCTCCGCCGATTTTTTTCACGCGCATATCTTCTACATTTACGGCGTCGGCTATTTTCTTTACGCCTTTACCGCCGACAACAGAAATTGCATTTTTTCCGCCGATAATTTTAGGAGCCACAAACAAATATATATCGTCAACGCATTTTGAAAATATTGCGGATGAAATTATACCGCTTCCGCCCTCAATAAGAATTGTTTTAAGCCCTATATCATTTAATTTTTTTATAATAACCTTAAAATTTTTCTTAGCCGCTCCAAAATCAACACCCCCGTCCCCTTGACCGGAAATAATTATGGTGGGGGCAGATGAATTGAATATGTTGTAATTTTTGGGGATGTTGGAATTTTCGTCTATAACGACTCTTACGGGATTTTTTCCTTTGCCGTGCGACGTAAGTTTTGGGTTATCCTGTAATGCCGTATTAAAGCCTACCAAAACGGCGTCGTATTTGCTTCTTAAACTGTGGACAAAATTTCGCGATTTTTGCGACGTTATCCATTTAGAATCAAAAGTTTCGGTTGCAATTTTACCGTCAAGAGTCATAGCGGCTTTCACGCTAACGCGCGGTTTTATTTTCAAATGATTTAAATAATCTTTTATAAGAACTTTAGCTTGAGCATTGCAAAGCCCGCCGCAAACTTCAATGCCGTTTTTTTCAAGAATCTCGCGGCTTTTAGAAACGTTAGGATCTTTTACTGCAAAGAAAACGCGCTTTATTGCAGCTTTAATAATTGCCTGCGTGCACGGAGGA
NZ_CP009498.1_gap19	848436	851238	2802	TTACAGTTAACGCGGTTGACCCTGTAATTTTAGATAAAATCGTTTCGCACATAATTTATAACGGCGTCCGGCTTACGGGGCTTATTGCGGCGGAAATTTTAATAGGCTCGCAGCTTGAAGGAATAGAAAAAGTTGCGGCTCTCGGAGTAACGCTAAAAGTAAACACCGTATTAATTCCCGGCGTAAACGACAAACATATTTCTGAAATTTCTAAAGCCGTAAAAGCGGCGGGCGCAAATATTTACAACATTATCCCCCTTATACCTCAAGGAGAATTTATAAATTTTAAAGCGCCTACTTGCGACGATTTAGCGCAGGCAAGAAAGTCGGCAAGCGATTTTTTGGAAGTTTTTTATCACTGTAAACACTGCAGAGCAGACGCCTGCGGAATTCCCGGCAAAGAAGATTTATCATCAAAACTTTACGACAGACAGCCGGATACGTTTTCGCACGGATAAAAAACAGCAATTAAAAATTGAGAATTGAAAATTGAAAATTCACGACATAACGGACAATATATGAGCAAAATAAGAATAGCTTTGGCTACCAGCGACGGGAAAATAATAGATCAGCATTTTGGCAAATGTCAAAAATTTACCATTGTTGATTACGACTCGGACAGCAAAAAATATGAAGTAGCGGACATTCGCGAGGCAGAGCGAATGTGCAGCCCTACAGGGCACACGCAGCAGGGGTTGGAAAAAACAATTAAGTTGTTGTCGGATTCAAAATACGTAGTAGTAAGCAGAATAGGAATATGGATAACGCCTATTCTTAAAGAGAACGCAATAACAGCCGTTGAGTTTTCAGGAAACATTGAAGAAGCATTGGCAAATATACAAAAGGGGTTGTAAAAATGGCAAAAAAAATTAAACAGATTGCAATTTACGGAAAAGGGGGCATAGGCAAATCAACAACTACTTCAAATATCAGCGCGGCGTTGTCCACGTTAGGATATAAAGTAATGCAGTTCGGCTGCGATCCAAAAAGCGATTCAACAAACACGCTGCGTCAGGGAAAGTATATACCTACAGTATTAGATACTTTAAGAGACAAGCCGAATGTTAAAGCGCAGGAAGTTATATTCACGGGATTTAACGGAATATTTTGCGTTGAAGCAGGCGGTCCTGCTCCGGGAGTAGGATGCGCGGGAAGAGGCATAACAACCGCGGTACAACTTTTCAAACAGCAGCACGTATTTGAAGATTTAGATTTGGATTATGTAATTTTTGACGTTTTGGGAGACGTTGTCTGCGGAGGATTTGCGGTGCCTATACGAGAAGGTATTGCAGAACACGTTTTCACGGTTTCATCGTCAGACTTCATGGCAGTTTACGCCGCAAATAATTTGTTTAACGGAATTAAAAAATATTCAAACGCAGGAGGCGCGCTTTTAGGAGGCGTAATAGCCAATTCCATAAATCAGCCTTACGCAAAAGATATTATTGACGATTTTGTTAAGCAGACAAAAACGCAGGTTGTTGAATATGTTCCGCGCTCAGTAACGGTAACTCAGAGCGAACTTCAGGGCAAAACAACAATTGAAGCGGCTCCAAATTCCGCACAGGCGCAAGTTTATTTGAGTCTTGCAAAAAAAATAGCGGCTCACGAAGTTTCAAAAGTTCCGGAACCTCTTACGGTGTCGGAACTCAGAGAGTGGGCGGCAAAATGGGCAGACCATTTACTTGCTCTTGAAACAGGAACAATTGAAGGCGCAAAAGCAGGAATTTAAAAACTAAAAATAAAAAGCTGCTAAACGCGCAAACGTTTAGCAGCCGTCAAAGAGGCGATATACCTCTATGCACAAGTGTAAGTATATCACCCCTTGAATAAAAAAACAAGAGGATAAAATGAATAAGAAAATAATTGCAGCTTTAGTTGCTGCACTTGTAGTAGCAGGCGGAAACAGTAGCATATTCGCACAGAACGGCAGCGAAAGCGCAGCAGACAAACTCGGACTTAAAATATCAGGCGGCGGCACAATATTATTTCAGGGAACCCCTAAACTCAACGACGGTTCCGAAACATCGCAAAACGACGCAACTTACTCATTTGATTTAAAATTTGTAAAAGAGCTTTCAAGCAACAATAAAATAGTTATCCGCTTTGAAGGCGGAAAAGGATTCGGACTTCCTTTAGAAACCTACGGATGGGTAAACTCCGACGCAGACCCTTCAATAGACCCCGCATTCGGACACACAAGCGCAAAACTCACCGAGTTGTATTATGAACAAACTTTCCTTGACGGCAAACTTTCGTTTGACATCGGAAAATTAAACTATTGGTGGTTCTTTGACAACAACGCTTATGCCAACAATGAAACATCGCAATTTCAAACAGGACCTTTCGTTGTAAATCAACTTGTTAATAAGCCCGACAGAAACGTTGCGGCGGTAGTAGGTTATTCTTTCACCGAAATTGTCAGCGCGCAGTTAGGCTATTTTGCTAACGATCTTGACAAATTTGATTCTAACGGTTTGAGCGTTCTTCAAATTGATTTAAAACCTATTGAAGACGGAACCTACAGAGTTTACGGTTGGTATAACGCCAATAAAAATTTGTATAACTACAAAAAAATTGAAGATGAAGGCGGACTTAATGTAGCTGATTCTGCCAATATAAAAACCGAAGATTCTTATGGCTTTGGACTTAGCGCAGATCAGAAAGTAACAGAACATCTTGGTCTTTTTGCAAGAGTAGCATACAAAAAAGCAGACGCCGCAGAAGCTGAAATAAACTCCGCAATAATAGATGATGTTGCAACAAACAATTCTTTACTGTGGAACATCGGCGCATCAATCA
NZ_CP009498.1_gap20	854705	855814	1109	CATTGCTGTAAGATAGCTCTATGTATGGCTCTACTGTTAACCCGTTTGTTCTTACTTTTACATACCCAAGCAATATTCCCGCTTTTCCCGTTATATAATCCGCATCGTCGTAGTTTAAACTGCCTATTCCGTTTTTAACTTCTGCCGCTCCTCCTGTTGCTTTCAAATATGTCAGCTCTGCTTTGGGTTCTATTCTTACATAACTTCTTTCTCCGGTTTTCTGCTTAAACGTTTTTCCAAGCTCTATGCTTGCTCCCAAAATATTTCTTTCCGGTTTAAACGTAAGCTCCGTGCCGTCGGCTGCGTAGTTTGTCATATCTAATTTTGTCAAAAAGTCCCTTACCGTTACATCTACAAACCAGCCTTTTTCATTTACAAACGATACGTAAATTCCTGCGCTTGGCGCATTGCCTGTGCCTTTGGCGTAAACTCCGTTATCTTGTTTTGTTTTTATGTCGCCGCTTTGAATATATCCTGCCATTATTCCTACATACAATTTATTTAACGCGCTCAAATTAAATAAATAGTCGTATCCCGCTTCAACGCCGAATAATGTTAAATCTGTCCCTATTAAATCGTTCACGCTTAACTGTTTTCCATACGTTCTTAACCATATTCCGTTGTTACCGCCTTCAAAAGCGCGTAAGTCGCCCAATCGTTTTTCCAGAGAATTCATTCCGGTTTTTGCAAGGGCTACGTTTATTATTGGTATGTTTGCCATTATTTTAAAGACGTTTGTATATTGCGGATTTATTTCCGAACGCAGGAAATAATCAAACAATTCAGGACTTCCGTCTAACCCGCCTTGATATAATTTATACTCGTATCCGCCATTATCTACTTTTCCTCCTACAAGCGCAAACGTTCCCGTTGAAGCGTCCTGTATATCTACCAGCTTTATTCCGTCGCTTGTTGTTAGAGCTCCTGTTCCTCCGGCGTTGTGCACCCTTAACAACGTATTGCCGGTGTAGTTTGTAACATTAATTTTGTCCGCCGCAGAAGCGTCGTCGCCAAGCGCTACGTTCATATCTATAATAGGATTATTTGCAGCTGTAAAATTATTTATTGTCAGCGTCTTTCCGGCGCTTGCCGCGCGAATATCTATGTTG
NZ_CP009498.1_gap21	992553	994473	1920	GGCGTGTTTATATCTTAAAGAATTATACATTATGCTTAACGACTGGCATTTGGTTTTAGCCGCTTACAACAGAGGCGAATACGGGCTTATCCGCGACATGAAATTTTCTAACGCCACAAATATTACCGAGATGACCGACAGAAACGCAATACCCAAAGAAACGCAAAGATACGTTCCTCAGTTTATTGCCGTTGTTACGGTTGCAAGAGATTTGAAAAAATACGGTTTTACAAATTTAAATTACGCAGCGCCTGCCGCATACGACGTTTACAAAACGGATAAAGTTATAGATTTAAAAATAGCGGCGCAGTGCGCTCAAACCACAATTGAAGAAATAAAAAAGTTAAACCCCGCGCTTAACGCGTGGTGCACGCCTCAAGGATATCCGGGGTTTGAACTTAAAATTCCTTACGGTTCAAAAGAAAAGTTTTTAGAAAATATTGCAAAAACGGAAAATTTAAACCCGTCGCCGGGATTTATAAAACATAAAGTTGTTAAAGGCGAGTATCTTGAAAAAATAGCAAAACTTTACGCCACAACGCCGTCGGAAATTAAAAAAGACAACCCGCAGCTTAACAAACAAAAATATTTAAAACTAAATCAGGTTTTAATTGTGCGCCCCGGAAAGAAATACTTTAAATAAGGCAAAGTGAAAAGTGACACGAAGTGTCATCCCGGAATGTCTTAATCCGGGATCCACGTTTGCTAAATATTATACGTGTTCATTATTTAACGGTAAAGTGGAAAGTGAAATTAACGGCAACGACAAAATTAAATATTTTTCGCTGCGTTTAGGATAAATAAAAAAAAGAGCCCTGCACATTGTGCGGGGCTCTTTTTATTTGTTTTTGTCATTAATTCCACTTCTCACTTTCCACTTTTCACTTTTTCTTTTTCAAGTTAATAACTGCAATTTCGCTTGTGTTAAACAATCTCATAGGAGGCCCCCATAGGCGCGTTCCGGAGGTTATATACATTACGGAGCCGTTTTCTTTGTAGAAACCGTAATTATACTTCATGAAAAATCTTCTTATAATTTCTATCGGCGGAATTTGTCCGGCGTGGGTATGTCCGGAAAGCTGCAAAATTTTTGTTATCTTTGAGGCTTTATCAAAAGATTCCGGTCTGTGGCTTAAAAAAATTACAGGGTATCTTTTATTTACATTTTCCAAAGAGTCCGCAATAGCTTCGTCGCCGTTCCACTGCGTATCATTTATTCCCGCGATGTTAATTATATTACCCGCCAAAACGCTTTCGTTGCTTAAAACTTTTACGCCAAGCGAGGCAAACATTTGCGTAAAAGTTTTTACGCCCGTATAGTATTCATGGTTTCCGGTTACAGCATAAACGCCGTAAGGCGCTTTGAGTTTTTCAAATCCGTATTTTATATACCTGCCGTCCGTAAATATATCCGCGTCTATTACGTCGCCGGTTATAACAATAATATCCGGTTTTAAACTTTCAACTTTATCAAAAATTTTATTTATGGTTTTTTGTGACGTGTAATTGTTAATATGCAAATCCGAAAGCTGAACAACTTTTAAAGATTCAACGGGAAGATTTGCAACGGCAACTTCAACTTCCGTAACATTAAGTATCATCGCAAAATTTATAAGCGCCCACACCGCGCAAACGGAACTTACAGTTACGGCCGCAAGGGTGGAATAAAATCTAAAATTTTTTATTTTAAAAATAAGCGCCGCCAAATTTACTATATCGTTTAAAATAAAAACTGTTATAAAAATTCCAAAAACGCCCATGCACACGTATCCTGCGGGCACAATTATATTGCCCGCCGGAATGTAATGTCTTGCTCCGAAAAACGCCGCTATAGACAAAATACAGGCAAAAGCAAACGCTATATATATGTATATGGAATTAATATTAAGTCCGGAACTTATGCGTTGGGCAATATAAAAG
NZ_CP009498.1_gap22	1025724	1027357	1633	ACATCTTTATTTGTTAGAAATTCCTTTATTTCATTATCATTTTTAAAACAAATTTCAGATTTAATTGGTACAGTTAATATATTATCAGACCATATATATAAACATTTGCAATGATTTTTTACTGTTCCTGTTATAAAACAAGATTTATATTTCTTACTTTTAATAAATGCAAATTTTTCACAAAAAAGTTGGTCATAGTGATTAACATGAGTTGCCACAGTAAAATTTATATAGTTCTTGTATTTTTCTAAATATTTAGATAGCGCATTATAAATTGTCCATTCTTCTATTTGCTTTTCCAATGTATTACGCGCAGGCATATAATATATCAGCCCCTCAGTTCCTTCAGGGTATTTAAAAAAGCCACATATATAATCAACATACAAACTTAACTCTTGAGCGTTAAAATCAAATTGTTTCAACTTCATTAAATACAAATATAAAATTCGATTTTTACATACTAATAGATCTGCCTTTTCAAAAAAAGATAACTTGTATAAAAACTTTTTTAAATCATCATATTGATAACCATTTCCCTTCAAATAATTATCAACAGAAAAATCTTTTGCTATCCCTATTTTTATAGAAAAAAGTAACTCTGTAAAAGAAAAATTATAATAAATACTACTGAAATCTAATTTATCAAAATCAATGATCATTTTTTACCTCCAAAATTATTAGGAATGCCATTGATTTTTCCATTCTCTATAAAGAGTTGATGAGTTATTTCATTATTTTCGTTTACAACATATTCAAACACTCCATTTTTACCGTTAACTACACCTTCCGTTTGAATAAGATTATAATTTTTACCATCGTTACCTTTTATAGCAAAGTTTTTCGTGCTATCATTAGTAATAACCTCGTTTTTTATAAGCTTACTATCAGCAGCTTTATGATATAAATCCTGTTTATTTGCACTTCCAACTATACCAGCATCAACAAATTTACTACTATCACTTACAATTTTAGTGCCCAAGTTATCTGCTTCTTTTTTTATTGTATTCCCAACTGCTTTTACTGCTGCAGTTACTTCCATCCCCGCTGTGTTCCCCAACAACGTATTTATAACACGCGACCTCGCGGCAGCACTTGCTCCGCTTGCTAATACTGTTGCATTTAAGCCGTCCCTTAATGCTCCGCCGAGTATATACTCTACTCCCTCATATTTATATCCGTTTTTATATAACTCTATTCCCGTTTTATAATACTCTGCATGCACAAAATAATCAGGATGTTCTGTTGCTATATACGCTGCCGTGTATAGAAATGGCAACGGAATTTTTGACGTTATCTTTTGAGTCGCAGAAAGGTTATAACCTACTTCTAACGCCCTTTCTCCTTCTCCCATATAATCGTATGCTGTTACTGCTTTTCCTATTCCCCATTCAATTGTTCCATATGCATTTATTAGCGGGTGAAACCAAAACTTATCTTGCATATAATCCATCGCATCGCCTATATCTTCCTTTGTTCTCTTATACCCTGTTGCTCTTTCTTCTTCTATGTATGTATTCGCTTCGCTTACATAACTATCCACCGGGGTTGAAAGTTTTGTAAACGGATTGAAATGCAATCTGTTTTCATCGCTAATTTTACTTACTGCTAATGTGTTTGTTTGCAGCAGGCTGCT
NZ_CP009498.1_gap23	1126223	1130063	3840	CCTCAATATTCATTTGTGAGTAGATTTCTTTCTCGTCTTTGATAATAATTTTAAAACTTTCTCCGGTTTGCGCCACTGCAATAAAAATACGGCTGTTTGGTAAAATAGGTTTAATAAATTTTATTTTTTTAACTCCTTTTAAGACAACATTTTCCCTGTTTAACAGTTTATTGATGCAAAACATTGCCATTTCTATCTGTACTATTCCGGGCAAAAGAGGACGATGAGGAAAATGTCCTTGAAACGCACAAAAATTCTCTTTTATGAAAAATGTAAAGATTAAGTTTTCATAATTTTCAAATGATTTTTTTATATCTTCTTTAACTCTCGTCATATTTTATTCATCCATAAAACAGAATTTTTTCCGTTGTAGAAATTAATTCTTCCGTTTAATTCTTCTATATTTTTCTTTTCGCCGTCAAAAAAATACTCTGTAAAAAAAGAAGCAATTTCTTCAATATTATTTTTTGGCATATGGCTCATATAAAAATATATATCCGTTTCTCCGTTATTTTTTACTTTCATATCCAACAACTTGACGCCTAAATCGCTCATTATTACAACTCTATTTCCATCTCGCTCTGTTACAGTTAAGGCGTTAAATGGCAAGCTGTCTTCGTAAACGCCGTAAAACATTTCAATTGATAAGGATTGTGTTTCATTTTGTTCAGGTTCAATATTGTAATGAACTTTGCTTATAGAAGCACAGCCCGAAAATAATATAAAGACCGCAAGGAGTGCTAAAGAATTTTTTTTTATATTTTTTAAGAAAGCAGGCAGAATAAAAATACTTACTAAAATTGCAGTAAGAATGCCAGTAAAAACCATAAAACCTATAATAAATAAAACCTTATGTTGCGCCGCCATGAGTGAACCAAAACCGATAAGTGTTGAAAACGCCGCAATAACAACCGCTTTTGTTGGATGAAGTTCTGTCGCCGCTGTATTTTGGAAAATTACAAATAAGCCATAATCTATTCCGAGCCCCAAAAGAAGAGGCATTGCAAAAAGCCCGAATAAATTAATTTTTATACTAAGCAGCGCCGCCATAGCAAAAAAAATGCATATTGAACACAGCGGAGGTAAAAGTGAAAGTAGCGCCAATTTAAAACTTTTAAGCATTGCAACCAAAGCTACAAAAGAAAATATTATCAAAGAAATTACTATTACAAAAAAACTCGAAGAAATATCCGAAACTATTTTTTTTTGCAGAACTTCATTTGATATCATCACTGTTTCAATATTATCATTATTGTTTATTTGCGCCTGTGCAGGCACAATATTTACAAAAGCGTATTCTTCCCCTGTTTGTATTATAGGGTTAAATATTTCATACATATCAAAACGTTCATGCTCACCAAATTGACCTGTATTTAAATAATTGTAAAAATTATCAAAAGCATCGGGTTTAATTGCATATTTTATTGACATTTTGTTTATTGCTTTTTTTATATCTGCAATCTTTTGCGCAGTCCAAAAATTTTTCCAACGTTTCACATTATTGGCTTTTGTTTTTTGAGAAGGAAACAATTCGGCAAGTTTAAGATGTCCGGAATTTATCTGAAAAAGCTTTTCATTGTTTTCAAGAACTTCTTCTTTATCTTTTCCCAAAACAAAAACCATTGCATTATTATCATACGCCCCGCCTATAAGTTCTTCAAACTCTTTCCTGTCATTTTCAAAATTTTTCGTAACTGTATTTAGAGATTGCAATGAAATATCAAACTGGACAAATTTAAAACCTACAATGCCGGCAGAAAAAATTACAAATACTATAATCCATGCGACATAAGGTTTTAAAGTTACAGCAACATTAATTTGCTTTAACTCTTCTTTCTTACTTAACTCTTCTTTCTTAACATCAAAAATAAAAGCCGCAGTTAAAAACGACAGCGCCATGGCGATAAGAAGTCCTCCTGCGCAAAACAATGCAATTTGTCTAAAGACTCCTATATTTGAAAAAAATAAAATCATAAAAGTAAATATAGACGTCATTGCGCTTATAAATATAGGCTTGAACATTTTTTTTGCGTTTGCAAATTTATTTTCTTCAGTAGAAGATTTCATTGCAAAATACATATATACGGAATAATCCACAGATAATCCCATTAAAACAGAACCAAAACCTATTGTAATTCCGGAGATAGTTTTAAAAGTAAAGAATGTTATCACTGCGGCAAATATAATGGTTACAGCCGGCATAACATAAATGAAAATCGCTTTTTTATCTCTTAAAAAAACCAAAAACAACGCAATCATAAGAGCTGTCGATATAGCGAATATTTTAGACATATCGGAAACTATTACCGAGCGATTTTCCACGGTATAACGCGGAGCACCCATATAAAAAACTGAAGTGTTTTCAGGCAGGTCTTTTTTTATCGTTTTAAAAATTTCGTCTATTTTTAAAGCATAGTTTCCGTCAAGAAAATTTTTAGGGTAGTCAAAAACAAAAAGTGCATGTTTTGAATCTTTAGAGATAAGAAATCCGTTATTTATTTCAAGCGAACCGGAAACGTCTAAGATTTTAAGCCTGTCGGCAAATATTGAAAACATTCCTATAGGATCTACAATAATGAAATCTTGCAGAAAAATTCCTTCTGCAAAACACAATCTTTTTATATTATCCTCAACTCTTTTTGATATATCGGTCGTCGTTAAAAAACAATTTAACTGATTTTCTAAATCTTCATTAAAAATTTCAGGAACGCCGTAATAATAAGCAAGCATGAAATCTTTATCGGTATTGACCACTTTCAATGACAAAGTCTCATCGTTTAAAAGAATTGAAGAAACAGTATCTACCGTTTGTTGAATGCCTTGAGAAGTATCAGCGCTTACAACAATGAAAAGTTTATTTGCTAAAGGAGAGTTTTGGAAAAGTTTTATTTCCTTTGACAAAGAATCCGGAAGCATTTCGGATATGTCTTCTCGAAAACTTATTTTTGAAAAAAGAAAAATAAAAAATACGAAAATAAGACACAATAACGCTAAATAAATTTTTTTATACTTGAAAATGACTTCAAAATTAAATGACTCGCACATTTTCAGGCAAATCCTTGTTTATTTCCGTTCCAGAGAAAGTGATAATCGTTTTATCTCCGTTTCTATTTAAAATAACTACTTTCCTCACGGCTGCAATTGAACTTGAAAATATTATTTTTATATTTTCAATCATTTGTTTTGTTGAGTTGTCTTTAGGATATAAAACTATACCGCCTTCACTCTCTTCAATTTTGTATGTTTTTGAAATTGAATCTTTATCCATTACAATAAAAACATATAACTGGCTAACCATAGCCTTTGCCATAGGCTGATTGCTTATATCTTTAACTTCTCTTTTGCCATTGTTGTTATACTGCCATGAGAAAGTTTTGTTACCGTCAATCATAAAACCGTATTCAAAAGGCGCAAAATATTGCCACTTTAAGAAATCCGGATTTTTAAAATAGAATTTCCCTGAACTTATAAAAGGTTTTTGAGAAATTGAAAGATATTTTTCCATTGTAAAACTACTTGCAATGGTTTGGACTGAGGAAAAATCTTTAAAAATGTCATCTATGTTGCCGGCATACGAAAAAACCATGAAAAAGAACAAAAACAGTACGCATAAAGAAATTTTTTTTATCGCCATTATCACTCCAAAATTTCAAAAATTCTCAATTCTCCGCCGGCGAGAACAGTTCTATCTTTTAAAACCTCAACTTTAATGATATGCATCTGTTCAATGCTGTCTATTCGTTCTAAATTACAAAAGATTTCCTCGTTTGCTTTTGCGTCATTATAAAACGAAAAATCTCTAACGCTTACAAGAAATCCTTTTGCACTTTCTTTATTTTT
NZ_CP009498.1_gap24	1226867	1230197	3330	CAAGGCTACACTGTAAAACAATTATCAAAATTGTCAGAGCATTCGCAATCTACAATTAGAAGGACACTTAAATACTGGCTTTCAAAAGAGCCTAATCTTTGTGATGAAAAAGAGCTGTCAAAAATCACACATGTTCTTTATGATGCAACATATTTTCACAGAGGCAATTGCTTTTTGGTTTTGGCTGATAACAAAACAAAAAAGATATTTTTCTGCGAATTTGTTAGAAGCGAAAACTATCAGCAAGCAAGAAACTATTTTGATAGATTAAAAGCATTTGGATTAAGACCAAAAGTTTTAATTTCCGACGCGAATCAAACAATATTGAAAGTCTTTCAAGATGTTTGGGCTAATGCCATAATGCAAAGATGTTTGATCCATGCCAGTTTCCAAACAATCAGGTTTTTGCATAAAAACTCTAAGACAAAAGCGGCGCAAGACTTAAAAAGCATTGCCATTGCCTGCTCAAGAATTAAAAGCCAAAAGAATAAAGAAGAATTTGAAAATGCTTATACAAGCTGGCGTTTGAAATATGAACCTTTTATAAAATCTTTGCCAAATGAAAGCTATGAATACAAAGAAATAAACAAAGCAAATACTTTTTTAAAAGACTCGTTAAAAGATATTTTCTATTTTTTAAAAGATCGTCAAATAGCAAGCAATACGAATTATTTAGAAAATCTATTTAAGACATTAAAAGAAAATATACGCCGTCATAATGGGCTTACTAAAAAACATAAAATCGCTTTTGTTAAATGGTTTTTTTTCTTTAAAAACCCAAAAAAAACCACACTTTTTGAACATTAACCCTTTATAAAAGGGGAATTGACAACACTTGCTCCTTCCTACTTTCTACTTTAACAACTTGCCGTTACCTATCTTCCTACCATCTCACCCTCTTACCATCTACTTCCCCGCTATTTAGAAATTACAAAAACGGCGGTTTGGGCAAAAAAGTTTGGTAAAAAGTTTACCGATTTGTTTGACGTAAAAAAGAACTCGTTTAAAATTTTATAATTTTTACTTTCGCAAAATCTTTTAAAATCCTGTATGCTTAAAAATCTTAAATTCGGCGTGTTATACCACTGATACGGAAGATTTTTTGTTACCGGAGAACGCCCTAAAAACAAATCTCTTCTGGCGGAATAATACGCGAAATTTGGGAAACCTAAAATAATTTTATCCGCAAGTCTGAAACATTCTTCTATAAACGTATCGGCTTTTTGTATTTGCTGTATGCTGTTATACAAAATTACATAATCAAAACTTTTGTCCGGATAGGCTTCTATGGCTCCTTCCATATCGGAATGAAACACCGTAAGACCTTTTTCAACGCAGGAATAAATTGCGTTTTCGTCTATTTCAACGCCTTGCGCGTTAACGTTTTTGGTTTTAATTAAATAGTTCATAAGCTCGCCGCCGCCGCAGCCCAAATCTAAAATTTTGGAATCCGGCTTTATTACGGAAGCTATTTTTGTATATTCAATATGTTCGCTTATTGTTTCAGACATTTATATTTCCTTGCTAACTTTGTTTAAAAAATGTTTTATAAGTTTTGTTTCGCCTTCAACTTCAAGCAAAAACGCGTCGTGACCGTACGTTGATTTTATTTCTATATACGTTGTATTATAGCCTTTAAGCTTTAACTGTTTTACGGTATTTTCAGACTGGTACGACGGATAGAGCCAGTCGGAAGCAAACGATATAACCAAAAATTTTAAATCTTTATTTTTGGCGACGTGTTTATAACCGGAAACGTCAAACAAATCCATGGCTTTTGTTATGTAAAGATACGAGTTGGCGTCAAAACGTTTCGTGAAAGAATCGCCTCTGTATTGCAAATATCCTTCCACTTCAAAATCTGCGGCAAAATCTGCGCCGGAAGAATTGCTTGCGGTTTTTCTGTTGCGCGAAAATTTTTCTTCCATGGATTTATCGCTCATGTAAGTTATGTGTCCAATCATTCTTGCAACCGCAAGACCTCTGTAGGGCTGATGTTTTGCGCCGTAGTAGTCGCCTTTATTCCACTCAACGTCCGCCATAATGGATTGCCTTGCAACTTCATTGAAAGCTATTTGCTGCGGCGAATGTTTCATTGTTGTAGCAATAGGAATTACCGAGTAAAGAGATTCGGGATACGCTACCGCCCACTGCAAAACCTGCATACCGCCCATAGAACCGCCGGCAACAGAAAGCAATTTTTTTATACCGAGAAAATCTATAAGTTTTTTTTGCGCAGACACCATATCTGCAACCGTAATAACGGGAAAATCCAAAGCGTAAGGTTTGTTTGTGTCGGGGTTTATTGAAGAGGGTCCCGTGCTTCCGGCGCACCCGCCTAAAACGTTGGAACATATAACAAAATATTTATCGGTATCAAAAGCTTTTGCGGAACCTATCATGCTGTCCCACCAGCCGGGTTTGTCGTCGCCCGCGTGAAAACCGGCGGCGTGCGCATCGCCGGAGAAAGCGTGCGCAATTAAAATTGCGTTTGTTTTTGCGGCGTTAAGATTGCCGTAAGTTTCATACGCAACAGTAACATTTTTAAGCTCTTGTTTAGATTCTAAAACAAGCTTATCAAACGTAAAGTATTGAGTTTGCGCAGTTAGAATTTTAGCCATAGTTTAATTATACCATAATACAAGCAATTACGAATAAACAACAAATACCCCGCCGGACTTTGTCCGTCACCCCTTTTACAAAAGGGGAATTAACGACACAGAAAGCGGAGGGTGAGTAAAGACTCAAAAAGACGTTGCTTGCCCTCTTGCCCTCCTACCTTCTTATCATCTGCAGTTTATTACTTGCCGTTACTTATCTTCCTACCATCCTAACTTCTTACCCCTCTGCCGTTACCTATTACTTGCTGTATAAATTTTTTTATAAGCTCCGCGGTTTTGCTTATTCCCAAGACGGACGAGTTAACGCATAAATCGTAATAAGCGGCGTTGCCTCTTTCCATGTTTGTGTAATACTCATAATATTTATTTCTTTGCTTATCAATTTTTTCAATTTCTTTTAACGCTTTATCTTCGCCAACGCCAAGCTGCGCGGAGATATTTTTTACCCTGTCTTTTACGTTGGCGCTTATGAAAATACTTATTTTGTTCGGGCAGTCTCTTAAAACATAATCGGCGCAGCGGCCTACAAAAACTGCGGAATCTTTTCTTGCCAAAGCGCGTATAATATCGCTTTGAATTTTAAATATTGAATCTTTTATGCTTGGGCTGTAATCCGCCCCAAGACCGTTAGCCAAAAAATCCGAAATTCCTCCAAGAAACCACAGCGACGTTTTCTCGTCGGATTTTTCTATAAAATCCTGCATAAGCC
NZ_CP009498.1_gap25	1234630	1238560	3930	CACATTGCCGCAGCCTATAATTGAAACTTTCGGCGATAATTTATCTGCCATAAACTCCTCCGTTACTAAATAAATTTTTACCATTATACCAAATTAGCGTTACTCTTTCACAGGCAATGCGCGCGCCCTTTTAAAACGCGGCAAAAAAAGTTAAAATATAAAAAAACAAATAACCGCAAGGAGCTTTCTCAATGCCAGCCGAAGCTTATTTATCAAGAGGCGTATCGCCAACTAAAGACGATGTGCACGAGGCCATTAAAAAGCAGGATAAAGGTTTGTTTCCCGGAGCTTTTTGCAAAGTTATAGAAGATATCGCCGGCGATAAAAATTGGTGCTCGGTTATACATGCCGACGGCGCGGGCACAAAATCTATAATTGCTTATTTGTATTATAAAGAAACCGGCGACGCGTCCGTTTTTAAAGGCATTGCGCAAGACTCGCTTGTTATGAATATTGACGATATGGCTTGCGTGGGCATTGTTGATAATATTATTCTTTCAAACACCATCGGCAGAAACGCGCACAGAATTGACAAACAAATTTTAAAAGAAATAATTGAAGGTTACGGCAGCGTAATTGACGATTTAAAAAAATACGAAATAAATATTGCCGCCGCCGGCGGCGAAACTGCCGACATAGGCGATTTGGTTTCTACGGTTGTAGTAGATTCAACCGCCGTGGCAAGAATTGAAAGAAATAAAATTATTGACTGCGACAACATTGAAGCGGGCAACGTAATTATAGGGCTTGCTTCTTTTGGGCAGGCTGTTTACGAAACAAGTTTTAATTCCGGAATTGCTTCAAACGGAATTACGGCGGCAAGGCACAGTTTGTTATCTTCCCATTACAGAAAATACAGCGAAGCGTATTCTCCTACGATAAAAGAAAATCTTGTTTACGGCGGAAAATATAAGCTTACCGACAAACTTCCAAACTCAAACCAAACGGTTGGGCAAGCGCTGCTTTCCCCCACGCGCACGTATCTTCCGGTTATAAAAAATTTGTTGGAAACCAAAGACAACGGCATTTGCGCTTTAATTCACTGCACGGGCGGCGCAATAAGCAAAAGTAAAAATTTCGGCAAGAGCATAACGTATATTAAAGACAACCTTTTTGAACCGCCCGCAATTTTTGCCGCCATACAAGAGTGCGGAAATATTCCGCGCAAAGAGATGTTTCAAATTTTTAACATGGGTCAAAGACTTGAAATTTACTGCAAACCTGAAAAAGCGGACGCGATAATAAACGCAATTAAAAAATTTAATATTGACGCAAAAATTATAGGCAGAACGGAAAAAAGCCCCGACGGAAAAAATAAGGTTATCGTGAAGTTTAAAGGCGAAGAATTTATTTACTAACGGCAATGGAAAAGTGAAAAGTGAAAAGTGGAAAGTGAGAAGTGGAATTAATATGTCGGCTTCGCCGACCTGACATGTAGTTACTTCCCCTTTTGCAAAAGGGGTGTCAGGCGTAGCCTGACGGGGTATTTGGCTTAAAGTTGTCATTTCGGACTTGTTTTAGAGTCTGTCGTAAAAAGGGGAGGCGGCAAATGGATAGAAAAATAAAAGTTGCTCAATATGGTTGCGGGAAGATGTCTGTTTACTCCATGAGATATGTTTATGAAAAAGGCGGCGAGATAGTTTCTGCATTTGATATAAACTCTGAAGTTATCGGCAAAGATATCGGCGATATTATCGGCGGCGGCAAAAAAGGCGTTATTGTTCAAAACGTTAAAGACGCGCAAGCGGTTTTTAAAAAAGATAAACCGGACGTTTGCATAATTACAACTATGAGCCTTTTGCAAGACGTAAAAGACGCGTTTTTAGTTTGCGCAAAAACCGGCGTTAACGCTATTTCAACCTGCGAAGAAGCTTTCTATCCGCAAAATTCCAATCCTGTTTTAACAAAAGAAATTGACGAGCTTGCAAAGAAAAACAACTGCACAATTTGCGGCTCCGGATACCAGGACGTTTTTTGGGGAAATTTAATAACGGTTCTTTCGGGCGCAACGCAAAGCATAAAAAAAATCAAAGGCAAATCCAGCTATAACGTGGAAGATTACGGCATAGCGCTTGCAAAAGCTCACGGTGCGGGTTTGGATTTAGCGACATTTGACAAAGAAATTGCGTCCGCCGATAAAGTATCCGACGAAGAAAGAAAAAAAGTTATAGATTCCGGAAAATATCTGCCCTCTTACATGTGGAATGTTAACGGCTGGCTTTGCGATAAGTTAGGTCTTACAATTACAAGACAAACTCAAAAAACCGTTGCGCAAACTTACGCGAAAGATTTAAAAAGTTCAACGCTTAAAATGACGGTGCCCGCAGGGCACGCAACGGGAATGTCGGCTGTTGTTACAACCGAAACCAAAGAAGGAATAATTATAGAAGCGGAATGCATAGGTAAAGTTTACGCGCCCGAAGAATTTGATCAAAACGATTGGAAAATTTTAGGCGAACCCAACACCGAAGTGGTTATCAACAGACCCGCAACCGTAGAACTTACATGCGCCACGGTAGTAGCGAGAATTCCGGACGTAATAAATGCGCCCGCAGGATATATTTCAACAGACAAAATGCCTACACCTATATATAGAACAAAAGCGTTAAATGAATACGTTAAATAGAGGGTAAGAAGTTTGGAAGGTAGGAAGATAAGAAACGGCAGATTCCGGATTTAATTCGGGATCTGCCGTTTTATCTTTGTCGTTATTTGCTAATTTGCAATTGCCGTTTCGTCTTTGTTGTTATTTTCACTTTTCACTTTACCGTTAAATAATGAACACGTATAATATTTAGCAAACATGGATCCCGGATTAAGACATTCCGGGATGACACTTCGTGTCACTTTTCACTTTGCCGTTTTTGTTATTCTACAAATATTTCTACTCTTCTGTTGTTGGCTCTTCCGGCGGCTGTTTCGTTTGTGTCCACTGACATTCTGTGTCCAAATCCTATTATTCTCACTTTGCTTTCTTCTATTCCTTCTTTTACAAACTCTTCTCTCACGCTCTTTGCTCTTTTCTCAGACAACTCTTGATTTATTTCCGCTTTTCCGCTTGCGTCTGTGTGCCCTTCTATTGTTACCGACGTGTACTCATACTTCTTTATTTCTTGCGCCATCTCTTTTATATCTTCCTTCGCTTTCGGCGTTAACTCTGATTTACCTACTCCAAAACTTGCCGCCTTAATACTAAACGCTTTTATTGACGCTTTCCTTCTTGCTTTGGCTTCTTCTATATCTTTATCTTCTTTTTCTACCGCTGCCGTTGCCGTTGATTCAACAACCGCCGGCTTTGCTTTTGTTTCTACTACTGCTGCTTCCTTTCCCTTTTCCCCTATTCCTATTCTTACTCCTACGTTTGCTCCTATTGCGCTAAACTTTTCCCCGCTCTCTATATTTCCTTGTCCGTATATGTATATATTTTCGCTCACCTTTACATCTATTCCCAACGCTCCTTCAAATCCGCCTCCGCTTATGTTGCTTTCATACCCTACCCCGCTATAACTCATTTTCCCTTTCCCTGCCAGCTCATGGTTATACCCTATTTCTATATACGGCTCATACTTCACTTCCCCGTTTTTCATTACTGCGTAACCTATCAATATATTCGCTTTTCCTTTCACATAATTCGCTTTTCCATACTCCAAACTCCCTACGCCGTTGGTTACCGTTGTTTTATCGTCGCCTGCCATTAGATACTGCACTTCTAACTTCGGTTCTATTCTTATATATTTATTCTCGTCTTCCTCTACCTTGAACGTTTTTCCCGCTTCTATTCCCGTTGCCCATATGTCCCTTTCAGGTTTATACTCCAACTTATCGCCTATTGAACTGTAATTTGCCATATCAAAACTTGTTATGAAATATCTGCTTGCCAAATCTACAAACCAGCCGCTTTCTTCTATCCAGCTTCCATACAATCCTACG
NZ_CP009498.1_gap26	1372926	1375863	2937	TCGCCAAACATCATGGCGCGGTATTTTCCCGTTTGTTGAACCAAAAACGCCATAAAAAAATATATAAGCCCCGTCAATACGGGCAAAAAAAACGTTATTAAAAAATCACTTTTCATAAAACCCCTTTTAGTTTTTAACGCTTATATTATAATACTTTAAAGGCAATTTGTTATCTTTTAATTTTGACGGTTCCGTTACAAAAAACACGGGGTGCTGTCCCGACTTGTTTTCCGCAACTTCGCAGTGGAAAGATTTTTTAAGCATAGTAAAAAAGCTTAAGCGCGGATTGTTAAATTCAAGCTCTATCGCCAGCAAATCTTTTTGTGAAAGTTTTCCCGAGTAAAACTTTTTTAAAAATTTTGTTCCCTTATCAAGAGCGAGTACTAAAAATAATTTTCTAAATTTTAAATTTAAAGGGTTTATTAAAATAAAATCTTCGTTATCGTCGTGGCTGCTTAAGCGAGCGACCGTAGACCTTTTGCCTACGCACATAAGCGTGTGCGTTCCGAATTTTTCTTTTGATGTGTAAAATTTTGAAACGGCGCCGGTTTTTGTTTTTGTATTGACGGCTTTCTGCGTGGGGGTAATAAGTTTTACAAGTTTTTTGCTCTCCAAAAAAGCAAAAAGTTCGGGCGTTGCTTTTTGGGCGGTTAAAAAAATTTCTCTCTTCATTTTCTGTTGTTAAACGCTTTTAAAGTGTTTTCCAAAAGCATGGTTATAGTCATAGGCCCCACTCCTCCGGGAACGGGAGTAACAAAAACGTTTGCGTTTGTTAACGATTCAAAATCTACGTCGCCGTAAAGCTTTCCGTCAACTCTGTTAATGCCCACGTCTATTACCGTTGCGCCGTCTTTTATAAATTCTTTGGTAACAAATTTAGCTTTGCCTATAGCGGCAACCACAATGTCTGCGTTTTTGCAAACTTCTTTTAAATTTTTAGTTTTGGAATGCGCCATAATTACCGTTGCGTCGTTTGCAAGAAGCATCATTGAAAGAGGTTTGCCCACAAGGTTAGAGCGTCCTATAACAACCGCGGTTTTTCCCGCTATTTCTATTTTTGAAGCGTGCAGAAGATGTATTACGCCCGACGGAGTGCATGAAAGCAAAACGTTTTTATCAATAAGCTCCTGCCAGTTTTTTGAAAGGTTTAAAAGACCGGCGTTAAAAGGGTGAAGTCCGTCAACGTCTTTTAAAGGACTTATTGCATTTATGCAGTCTTGCGCAAAACTATTGTCCGGCAGAGGAAGCTGCAGCAAAATTCCGTCTATTTGGGAATCTGCGTTTAGATTTTTTATAAGAGAAATAATTTCTTCTTTTGAGGAGTTTGCCGGCAGCGTGCGGTGGAAAGATTTTATCCCTGCGTTTTCGCAAGCTTTTATTTTAGAGTTTATATAAACCTGACTTGCCGGATTTTCTCCGACTAAAATTGTCGCAAGTCCGGGAACCTTTCCCGTTTCTTTTGTTATCTTTGAAACTCTTTCTTTAATTTCCGCCCGTTTAGCGTCGGAAATTTTCTTGCCGTCAATTATATTCATAAATTTTCAATTCTCCGTTTTCAATTCTCAATTGCAATTAGATTATATTAAAAATTTTAATTATTGAAAAGGCGGACTCTTATTTGATATAATGCCCAAACCGAAATTTGTAATTTCCGGCACTTGGAGGGGTCGCATAGTTGGCCTAGTGCGCTGGTTTGCTAAACCGGTATACGGATGAAAGTCCGTATCGAGGGTTCAAATCCCTCCCCCTCCGCCCGTCTTTGGGACGTTGTCCCTGCGACGCGGCAAGTTAGTCTTCAGGGCAAGGAATTCTAATAGACGCATGTAAAAAGATTTAAGACGGTGTTGCGCCGCAGAAGCGAAGCGCCGAAGGCGGATATATGAAGTATGTATATATTCTTACCGATATTAACTATCCAGAAAATTACTACACAGGCATAACTTCCTATTTAAAACGCAGACTCAGCGAGCATAATTCAATTAATCATAAACATTCTCAACAATTTCAGCCTTGGGAAATAAAATGTTATTTTGCATTTAAAAACCATAAGCAAGCGGCTGATTTTAAACAATACTTAAAAACTTCTTCCGGCAGATTTTTCTGTAAAAAACATTTTTAACAAGGGTGACTATCTCATGCGATTTTTTACGTTATCGCTTGTCGTTATTCTAACAACAATTTTAACAGGCTGTTTTGCACTGCATAAAAAAGATTTGCATAATAATTTTTTTGTGGCTAGTTCTTACGCGCAGATGGAGCGGATTTGCGAAAAATACGGCGACGAGCCGGATAAAATGCGTCTTGAAAAAAAAGCTCCGCTTTTGCTGTTTAAAGGTTTTCCGCCGGATTTTCCGCAGCAGGATTTATCGCTTAGAAAGAAAATATTTATACAAGCGGTGCTTCCGGTGGCGCTGGCTGTAAATCGGGAGATAATGTCAAAAAGAGAAAAGCTTATACTTTTAAGTAAAAAATCTTCGCTTTCTTCTTCGGATGAACGCTGGATTTCCGAAGTTAAAGACGAATACGGCGGACAATCGCTTTCTTTGGAAGAGCTTATAAAAAGAGTTGACGTTATTCCTGCGTCTCTTGTTCTTGCTCAGGGCGCGCACGAAACGGCTTGGGGCAGCTCAAGATTTTTAGTGGAAGGAAACGCGCTGTTTGGCGAGTGGGTTTGGGATTCGTCGGGAATAATTCCGCTTGGCAGACCCGAGGGGCAAAATTATTCCATAAAAAGTTTTGCGTCTATTTACGATTGCGCCCGAAGTTATGCCGATAAACTCAACCGTCTTGACGCTTATGCAAAATTTAGAACGCTGCGCGCAAATTTAAGAGCTGAAAATGCGCCGCTTTCCGGAACGGTTCTTGCCGAAGGTTTGGAAAATTATTCCGGCGAAGGCAAGGCTTATATCAATAAAATAAAGTCGCAAATAGCGGAAA
NZ_CP009498.1_gap27	1550777	1552521	1744	TTCTCTTTTTTATTTACAGGAAATAAAATGGATATAAGAAACATTATTAAAAGACCGATAGTTACCGAAAAAGCCGCAGTCTTGAAAGAAGCGGACAACAAATATACTTTTGTTGTTGACAGAAACGCTAACAAATTTCAAATTAAGCAGGCGGTAGAAACATTGTTTAACGTTAAAGTTGAAAACGTGCACACTGCAAACTATGCCGGAAAAAGCAAAAGAATGGGTGCGTCGTCAGGATATAAAAACGACTGGAAAAAAGCTATCGTAAAGCTTAAGAAAGGTCAAGAAATTCAAATGGTCGACGAAGCCTAAAGGTTTCGTGTCCGGTAAATTATAAAAAATTTGCCTTGAGTCTCAGTTTGACGCAAGGTCGGATTTTTTTACCGGTAAAAAAAGAAGCAACTATGGGCTACAATAATAATATTGTGCTTAACAGCCCGATAACAGGAAAAAGAAATGCCAATTAAAACATTCAAGCCTTACACGCAGTCAAGAAGACAAATGACAATGTCTGATTTTTCAGACATAACAAAGACAGAGCCGGAAAAGTCGTTAATTAAAATTGTTAAAAAGCATGGCGGTCGCAACAATACCGGTCAGGTAATGGTTCGCTTCAGAGGCGGCGGTCACAAAAGATTTTACAGAATCATAGATTTTAAAAGAGATAAATTCAACGTCGCCGCAGAAGTTATAGCTATTGAATACGATCCTAACCGCTCGTCAAGAATAGCTCTTTTGCAGTATACGGACGGCGAGAAAAGATACATAATCCAGCCTGTGGGCGTTAACGTAGGAGACACTCTCATGTCCGGTCCGGATGCCGAGATAAGAGCAGGAAACTCTTTGCCGTTAGCGAATATTCCCGTAGGTACGTTTATACATAACATAGAATTAGTCCCGGCAAAAGGCGGACAGCTTGTTCGTTCAGCCGGCGCTTCTGCGCAGCTTCTTGCAAAAGAAGGCGATTACGCGCACGTAAGAATGCCTTCCGGAGAAATAAGATTAATTCGCGTAAACTGTTATGCAACGATTGGTCAGGTAGGAAACATTGACCATGAAAACATTACGATAGGCTCTGCAGGAAGAAACCGCCACAAAGGGTTTAAACCCCATGTCCGCGGAACTGCAATGAACTCTGTTGACCATCCTCACGGAGGAGGCAGAGGCCGTTCAAAAGGCGGCAACCAGCCCAGAAGCCCTTGGAACCAGCCTGCTAAAGGTTTTAAAACAAGGCCGAGAAAAGTTTGGGATTGGGTAATCGTAAGCCATCGTAACAAAGCTAAGAAATAATAAGTAGAAGTTGGGAAGTTTTGAAGTTGAGAAGTTTTGCAACGGCAAATCTTCCTGAAAAAACGTAGCGCAAAACGGTAACATTGGTTTAAAGAGTATTTGTTTGGGTTGTTTAATGAGTTAGAGTTTAAGAGCGGAAAGCTCCTCTCAACTTCAATGCGTCCAAGCTCTCTAAACTTCCAAAAAAGAGGAAATAATAAATGAGTCGTTCAACTAAAAAAGGACCGTATGTAGATGAGAAGCTTTTGAAGAAAATTCAAAAGCAAAATGAATCCGGCGATAAGAAAGTTATAAAAACATGGGCGAGAGCTTCTGTTATAACTCCAGATTTTGTCGGACACACAGTCGCAATACATAACGGCAAGAAATTTCTTCCGATATTTATATCGGAACAGATGGTAGGACACAGACTTGGAGAATTCGCTCCGACCAGAACCTTTAAAGGCCACGG
NZ_CP009498.1_gap28	1559807	1563142	3335	GTTAATAATGTGGCTTGGAGAACAGGTTACCGAAAGAGGAATAGGAAACGGAATTTCGCTGATAATTTTTGCGGGTATTGTGGAAAGAATTCCTCACGCAATACTTAGCGTTATAAAACTTATTCAAATGCAGGAGCTTTCGGTTATTTACACGCTTGCGCTTGTCATTTTAGTTGTAGCCGTCCTTGCGGCGGTTGTGTGGATAGAAACGGCGCAGAGAAGAATTCCCGTGCATTACGCCAAGAGAATGATAGGAAGACAAATGATGGGCGGACAAACTTCGTTTTTGCCTATTAAAGTTGACCAGTCGGGCGTTATAGCCGTTATCTTCTCAATTTCAATTTTGTCGGCGCCGCTTACAATAGCGCAGTTTGCTCCTAATTGGACAATTTTCGGATTGCCTATCGCGCAAACAATAAACACGTGGTTTAATCATAACTCTATTTTTTACAGTTTGATTTACGCCGCGCTTGTAATTTTCTTTTGTTATTTTTACAATTCAATATCGTTTAACCCTAAAGATTTGGCTGAAAATATGAAAAAGTCCGGCGGTTTTGTTCCCGGAATAAGACCCGGCGAACCGACTGCGGCTTACATACAAAAAGTTTTGGAAAGAGTTACTTTGGGCGGCGCTCTGTTTGTTGCGGCTATTGCGGTTCTTCCGGATTATATGCGTTCGTTTATGAGCGCTCCGTTCTTCTTCGGCGGAACCTCTCTTCTTATAGTTGTCGGAGTTTCTCTTGACACCGTAGGGCAAATAGAGTCGCACCTTATTATGCGCCACTACGAAGGTTTTATGAAAGACGGCCGTGTAAAAGGACGCTGGTTTAACGTAAAATAAACGCGACGTTATTTGTTTGTAAAGTAGTTGCGCATTTAAAGCTCAAAGTTTAAACGGTAGCTAAAAAATTAGTTTGTTGTTTCTTTTCACTTTGTCTTTTTAGAGGTTTTATGAACTACATACTTCTGGGTCCTCCCGGAGCCGGAAAGGGTACGCAGGCGAAACTGATTGTTGACGAGTTTAAAATTCTTCACCTGTCCACCGGCGATATGTTTAGAGAAGCAAAAAAGTCAGACCCTGTGATAAAAGAATATCTTTCGTCGGGGCATTTGGTTCCGGATGAAATTGTAATAGACATGGTTGTAAAACGTCTTGAAAAAGACGATGTTCAAAAAGGTTTTCTTTTAGACGGGTTTCCAAGAACCGTTCATCAGGCGCAAGAGCTTGATAAAATTTTACAAGAAAAGCACAAAAAAATAGCGGCGGTCTTTTCAATACAAATAGATAATCATGAAGCCGTCAGAAGAATTTCGGGAAGAAGAGTTTGCGTTTGTGGAGCTTCGTTTCACGTAAGCATGCTTGCGCCGAAAAAAGAAAATATTTGCGACTACTGCGGCAAAGATCTTTTACACAGAAGCGACGATAAAGAAGACGTTGTCCGCGAAAGGCTTTCAGTTTACGAAACGCAGACAAAACCGTTGATAGATTACTATAAAAAATCGGGAATTCTTGTAGAAATAGACGGGCACGGAAACGAAAAAAAAGTTTTTGAGCAAATAAAAAAATCAATTAACGAGTAAAATTTAGCGGCAAACCGCGGGTATAACAGTGTTCCTTAAGAAAAAAAATATAGAATTAAAAAATGCGGCTGAAATAGAAAAAATGAGAGTAGCCGGACGCGTTGTGGGCGAAATTTTAGAAAAGCTTACGGATATTATAAAGCCCGGCGTTACAACAAAAGATATAGACGAATTTTCGGAAAAATATATAAGATCATTGAAAATGGTGCCTGCGTTTTTAGGGGTTAAGGGAATGAGTTCTCCCTTTCCCGCTTCGGCGTGCGTTTCAATAAACGACGAAGTTGTGCACGGGATTCCGAATGCTTCCCGGGTGTTAAAATCAGGCGATATAGTTTCTGTGGATATGGGAGTAATTTATCAGGGTTATTACGGCGACGCAGCAAAAACCTACGCAGTCGGCAGTATCTCCGACACCGCCTCAAAACTTTTGAAAATTACGGAATTATCCCTGCAGAAAGGAATAGAAAAAGCATTGTCGGGAAACAGACTCGGCGATGTGTCGCACGCGGTTCAAAAAACCGTTGAAGCCGCGGGTTTTTCCGTTGTAAGAGATTTTGTCGGGCACGGCATCGGCAGATCTTTGCACGAAGAGCCGGCAATACCTAATTTCGGCAAACCCGATACGGGAGTAAAACTTGCCTGCGGAATGGTGCTTGCAATAGAACCTATGGTAAACGTCGGCGGATACGAAGTTTCAATGCTTGAGGACGATTGGACGGTTGTTACAAGAGACGGCAGTTTAAGCGCTCACTTTGAACACACCGTGGTAATTACCGAAAACGGGAACGAAATTTTAACAAAGGTATAAAATGTCTAAAGAAGAAAAAATTGAAGTTGTCGGAAAAATTTTAGAATCTCTGCCCAACGCTATGTTCAAGGTTGAAATTGAGGGCGGGCACGTTATACTTGCGCACATTTGCGGCAAAATGAGAATGCATTACATAAAAATTTTGCCCGGCGACAAAGTAAAACTTGAGCTTTCTCCCTACGATTTGAAAAGAGGCAGAATAACATACAGAGAAAAATAATTTAGAAGTTTGGAAGTTTGGAAGTTTGGAAGTTTGGCAATAAGGGGAATTAAATAAAGCCAAACTCTCTAAATTTTTTAAGCTCTCTGAACTTCATTTGGAGCAAAAGATGAAAGTAAGAGCGTCGGTAAAACCTATTTGTCAGAAATGCAAAGTTGTAAAACGTAAAGGCGTTGTTCGCGTAACATGCAGCGACCCAAGACACAAACAGAGACAGGGATAATAAAAAATAAAGCGTAAATAGTAAAGAGTAAAGTTTAAATATTGCGTTTCGGCGAAGCCGAAACTTATGAAAGCCGCAGAAGCGGCGCATAATTTAAGCTCTAAACTTTAAACTTTTGCAGTTAAAATTCGGAGGGTAATAAATGGCTCGTGTTGCTGGAGTAGATTTGCCAAAAGGCAAAAGACTTGATATAGCGTTAAGATACGTTTACGGAATAGGACCCGCTATAGCAAATGAAATTATCGCGGAACTTCAGTTAGATCCTGCGAAAAGAGTTAAAGATTTAACGGAAGAAGAAGTTAATAAAATAAACAATCTTATAACGAAAAGTCTTAAAGTTGAAGGGGATCTCAGAAGAGAAATCCAGGCTAACATTAAAAGACTTATAGAAATAGGCAGCTACAGAGGAACGCGTCACAGAAGAAATCTTCCCGTGCGCGGACAGAGAACAAAAACCAACGCCCGTACAAGACGCGGCAAGAGAAAAACCGTAGGCGCAGGAA
NZ_CP009498.1_gap29	1588479	1588979	500	AGCAAACGTAATTTTGCCGGAACTTCAAGGCAAAGCAAATAACAGCCACGATAACTCAACAAAAAATTTAATTAAGATTTTTAACGAAAAGAAAAAATAAAGATAGAAATAAAAAAAGCCGACCGAATAAAACCGGTTCGGCTTTTTTTATTTCTCGGTCAGGAGCACAATTCAGGTTAGGGCAGGGTGTTGACCCAAACCGGGTCAACACCTCCGTCCCCCTGATCTGAATTTTCAATGCTTAAAAGTATTTTCTTTTACATTAAATTTATTTTTTTGTATAATCATTCTATGTGATAGTGAGTTAATCTTTTTGTGAAGAAGCGCTTGAGAAAAAAATGAAAAACACAACACAACACAACACAACACAACAATACTCCCTTAAATACTGCTATAAATTTTTCATATACAACAATAGAAAGCTAGTTGCATTTTTAATGCAACCGGCTTTTTTCATTTATAAAACAAAAAGTAAAAATACAATTTGAAAGAGGAAAAAA
