gap_id	start	end	length	sequence
NZ_CP077112.1_gap1	24615	26070	1455	TCTAAGTCTTTTATTTTTGCAGAAACTTCTCCCATTTTTTCTATTAAATGGTTAGCATCTTTCTTTTCTTTCTTTAAATTTGCAATTTCTGCTGAAGCATTATTTCTTTCTCTTTTTAAATTTTCAACTTCGGATAAAACTTCTCTTCTCTTTGAATCTAATTCAACAAAAGCATCCATATCAACATTGCTATTTCTGTTTTTTAGCATCTCTTTTAGCATTTCAACATTTTCACGCATAAATTTTAATTCTAGCATAATCATCACTCCTTAAAAGAACATTCAATATCTATGTAATTACATATAAATATATCATTTTATATATATTAATTCAACAAAAAATAAATATTTTTTCTATCTTTTTAACATTTTAGTTGCAAGTTCTAACATATGAATAGCAGTTCCACTACTAGAAGTCATCATATCATAGATACCATCTTCTGTTAAAACATGGGCACTTTCTACATTTGGAAGCAAATCTTTTTCAAAATCTTCCTTATCCTTTACCCAATTATTACTATAATAATATTTTATAAGTTCATCATAATTTTTGGAGTCTTTTTCTAATTTATCTAAAATTTCTTCTAATTCTTCTAATAATTTTGAAGAATTAGAAAGAATTTTTTCCATTTTTTCTATTCTTTCTTTTTGTTTCATATTTTTACCTCACTTTATTTTTTATCTTATTATATATTATTTTCTTTGAAATATATAGAAAAAATTTTTTTAAAAAATGGTATAATAAAGAAAATTAAAATTTTATAAGAAGAGGGAGTAAAATTATGAATTTTTTAATGATAAAAGATAATGAATATAAAAAATGGTTAGAAGAGTTAAGTAAATTATATAAAAGTAGTCAAATAAAAGCGGCTATTTCTGTAAATAAAGAAATGTTAATATTTTATTGGACACTTGGAAAAGATATTGTAAAATTAAAAGCAGAGAGTAAATGGGGAAGTGGATTTTATGAAAATTTAAGTTTAGATTTACAAAAAATAATTCCAAATACAAAAGGTTTCTCAGTTACAAATTTAAAATATATGAAGAAATTTTATAGTTTGTATTCCTTTTTAAATCATCCACAACTTGTGGATGATTTAAAAAAGAATGAATATAGCAGTATTTTCAATATTCCTTGGGGGCACCATAGATATATTATGGATAAATGTGAAAATAATGTAGAAAAAGCAATATTTTTTATAAAAAAATAATAGAAAATGGTTGGTCAAGGGCAGTATTACTTAATTTTTTAGATACAAATTTATATGAAAGACAAGGAAAAGCCATAAATAATTTTCAAGAAAGTTTACCTAATGTTCAAAGTGATTTAGCAAAAGAAATTACAAAAGATCCATATAATTTTGATTTTATTTCTATAAGAGAAGGATATAATGAAAAAGAATTAAAAGATGCGTTAATGGATAATATTCAAAAATTTTTATTAGAACTAGGAACT
NZ_CP077112.1_gap2	97689	102459	4770	TAGTGCCTTTGGTGATTTAATAAAATTACCAACACAAGTTTTAGATTCATCAAAAGATTTTATGTCTATTTTAATATTATCAGTGATATTCGGAGCAGTTCATTTGGTAATAGGTTTAGCTATTAAAGCATATATTCTTATAAAAAATGGACATTTTATGGATGCTATATATGATGTTTTCTTATGGTATTTGACTTTAGCAAGTTTAATTATGCTTATTCTTGCAGGAAAATTTGGATTTAGTGAATTCACTAAAAATATTCTTTTAGTTTGTACTCTTGTTGGAATGTTAGGCATTGTTGCCTTTGGAGCAAGAGATGCCGAAACTATTGTAGGAAGAATAGGTGGAGGAATTTATTCACTATATGGAATTACCTCATATATAGGAGATTTTGTTTCTTATTTAAGACTTATGGCATTGGGCTTAGCTGGAGGTTTTATAGCAGTTGCTATAAATATTATTGTAAAAATGCTAGTAAGTGGAGGAATACTTGGAATTATACTTGGAGTAATTGTATTTGCATTTGGACAATCATTTAATATATTTTTAAGTTTCTTATCTGCTTATGTACATACTTCAAGACTTATGTATGTAGAATTTTTCTCTAAATTCTATGAAGGTGGAGGAAAGGCATTTAAAAAATTCAGAATATAGCTAAAAAATAAATAAATATATTATAAGGTAGAAAGGGGCAGTAAAATGGAAAATATAATGACAATATTTCAACAATATGGTGGAGTAGTATTTGGAGTTTTAGGTGCAGCACTTGCAGTTTTATTATCTGGTATTGGTTCAGCAAGAGGAGTTGGAATTGCAGGACAAGCAGCAGCAGGTTTAGTTATTGATGAACCTGAAAAGTTTGGTAAAGCTATGGTACTTCAACTTTTACCAGGAACACAAGGACTTTATGGTTTTGTAATTGGACTATTTATTATGTTTAGACTTTCACCTGAAATGACAATAGCAGAAGGTTTGTATTTGTTAATGGCAGGACTTCCAGTTGGTTTTGTTGGATTGAGATCAGCATTGTATCAAGGACAAGTTGCAGTGGCAGGTATAAATATACTAGCTAAAAATGAACCTCATCAAACAAAGGGAATAATACTTGCAGTAATGGTTGAAACTTATGCAATTTTAGCATTTGCAATGTCTTTCCTATTACTAAATCAAGTAAAATTTTAAAAAGGATGTGATAGAATGTCCAATTTAGATAATCTTGTTGCAGAGATTTTGCAACAGGCACAAAAAGAAGCAAACAGAATATTAGCAAAAACAAAGGCTGAAAACCTTGAATTTACTGAAAAAGAAAATAAGAAAATTCAAAGAGAAGTTGATATTATAGAACAAAAATCAAAAGAGGAAGCAATATCTCTAAAAGAGAGAATTTTATCTAATGCAAATTTAAAATCAAGAGATATGATACTTCAAGCTAAAGAAGAACTAGTTGATAGGGTATTAGAAAAAGCCTTAGAAAGACTTAAAAATATTGATAAAAATAGTTATTTGGAATTTGCTGAAAATGTTTTAAAAAGTCTAAAAATTTCAAAGAATGCTGAGATTATACTAACTAGAAAAATGAAAGAAGAATTTGGAGATGAAATATTTGGTTATAAGATTTCAGAGGATGTTGTTGAGTCAGGTTGTAGTATAAAAGATGGAAAAGTGGTATTTAATAACGAATTCTCAAATCTTTTAGAGTTTAACAAGGAAGATTTAGAAAAAGAAATTTTAAAGAAAATTTTTGGATAGGAGGCTTTTATGGATAGAGAACTATTTATTCAGCCAAGTGTTAGAATAAGAAATCTTGAAAAGAAACTCTTAACAAAAATTCAATTTGAAAGATTATATGAAGCAGATGATTTACAAGATTCAATAAGACACTTAAATGAAACTGTTTATTCAGAAGATTTAGCAAAAATAGATAGGGCAGAAAATTTTGAAATGGCTCTTTCTAGTTCTTTAAACAAAACTTATAGTGAAGTTTTATCTTTTTGTCCAGTAAAAGAGCTTGTAGATGTTTTAACTTATAGATTTGCCTTTCATAATATAAAGGTTACTGTTAAAGAAAAAATTTTACAAGAAAATTTTGAACATATTTATTCAAAAGTCCATTATGAAGACTTAGACAATCTAAGAAAACAGTTTGAAACAGAAAAAGGTGAAAAAGGTACTTGGTATGAAGATACTGTAATTCAAGCATATAAGACTTTTGAAGAAACAAAAGATCCAGAAAAAATAGAATTTTTCATAGATAAAAGATATTTTGAAAAAGTTTTAGAAATTTCCAAAAAACTTGAACTTGATTTAGTGGAAGAATATTTTAGAGCTATGATAGATTTTGTAAATATTAGAACCTTTATTCGTTGTAAAAGACAAGAGCAAGATATATCTGTTTTGAAGGAAGCATTAATTAAAGGTGGATATATAGATATAGATGATATTTCTACTTATTTCTATAAGGAAATACAAGATTTAGTTAATGCTTATAAGAATACTAAAATAGGAAAGAGCTTATTTTTAGGTTTAAAAGGTTACAATGAAACTGGAAGATTGTTGTTATTTGAAAAACATATGGAGAATTATTTAACTAATCTTTTAAAAGAAAGAGTAAAGAGAATGCCTTATGGACCAGAGATTATTTTTGCCTATGTTCATGCAAAAGAAATTGAGATTAAAAATCTAAGGATAGCTTTGGTTGGTAGAGCTAATGGACTTTCACCAGATTTCATAAAAGAAAGGTTGCGTGAAACTTATGTATAAGATAGCTGTAATAGGAGATAAAGATTCTGTCTTAGCTTTTAAGATTCTTGGTGTAGATGTCTTTGTAACATTAGATGCACAGGAAGCAAGAAAAACTATTGATAGAATAGCAAAAGAAAATTATGGAATTATCTTTGTTACAGAGCAACTTGCAAAAGATATTCCAGAAACTATAAAGAGATATAACAGTGAGGTTATACCTGCTATTATATTGATACCAAGCAATAAAGGAAGTTTAAATATAGGTTTGGAAAATATAGATAAAAATGTAGAAAAGGCTATTGGTTCAAATATATTGTAGAAAGTGAGGGCTTAACATTGAAAGAAGGTAGAATTATTAAAGTTTCAGGTCCCTTAGTTGTAGCTGAGGGTATGGAAGAAGCTAATGTATATGATGTTGTAGAAGTTTCAGATAATAAGCTCATTGGTGAAATCATAGAAATGAGAGGAGATAAAGCCTCTATACAAGTATATGAAGAAACAACAGGGATAGGACCAGGAGATGTTGTTGTTACAACTGGAAGTCCACTTTCCATTGAGCTTGGACCTGGTATGTTAGAACAAATGTTTGATGGTATACAAAGACCTCTTTTAAAAATTCAAGAAGCAGTAGGAGATTTCTTATTAAAGGGAGTTAGTGTACCAGCACTTGATAGAGAAAAGAAATGGCAATTTACACCAACTATGCAAGTTGGAGAAGAAGTGGAGCCTGGAAAAGTTATAGGAACTGTACAAGAAACAGAAATTGTATTACATAAAATAATGGTTCCTAATGGAGTTTATGGGAAAATAATTGATATTAAAGAAGGGGAATTTACAGTAGAAAGAACTATCTGTTCAATAGAAACAGAAAATGGTGTAAAAGAATTAAATATGATACAAAAATGGCCTGTCAGAAAAGGTAGACCATATTTAAGAAAACTTAATCCTGTAAAACCTTTAATAACAGGACAAAGAATTATAGATACTTTCTTTGCTGTTACTAAGGGAGGAACTGCTGCAATTCCTGGACCATTTGGTTCTGGTAAAACTGTAATACAACACCAACTTGCTAAATGGGCAGATGCAGAAGTAGTTGTTTATGTTGGTTGTGGGGAGCGTGGAAATGAAATGACCGATGTACTTATGGAATTCCCAGAAATTATTGACCCTAAGACAGGACAATCTTTAATGAAGAGAACAGTTCTTATAGCTAATACTTCTAATATGCCAGTTGCTGCTCGTGAGGCTTCAATTTACACAGGTATAACTATTGCGGAATATTTTAGGGATATGGGGTATTCAGTGGCACTTATGGCAGATTCAACAAGTCGTTGGGCAGAAGCACTTCGTGAAATGTCAGGACGTTTGGAAGAAATGCCAGGTGATGAAGGGTATCCAGCATATCTATCAAGTAGAATAGCAGAATTTTATGAAAGAGCAGGACTTGTTGAATGTCTAGGTAATGGAGAAGAAGGAGCGTTAACTGTAATTGGAGCAGTATCTCCACCAGGAGGAGATATTTCAGAGCCAGTTTCTCAATCAACATTGAGAATAGCAAAAGTATTCTGGGGGCTTGACTATGCTTTATCATATAGAAGACACTTCCCAGCTATAAACTGGTTAAATTCTTATTCACTTTACCAAGCAAAGATGGATAAATATAAGGAAGAAGAAGTTGATAGAGATTTTCCAAAATTTAGAATAGAAGCTATGGCACTTTTACAAGAAGAAGCTAAATTACAAGAAATTGTAAGACTTGTTGGTAGAGATTCACTTTCTGAGTTTGACCAATTAAAATTAGAAATAACAAAATCTCTTCGTGAAGACTTTTTACAACAAAATGCCTTCCATGAAGTTGATACTTATTGCTCTTTGCCAAAACAATTTAAAATGTTAAAGTTAATTTTATCATTCTATAATGAAGCTCAAAGAGGTTTAAAAGAAGGAGTTTATTTAGATGAAATTTTAAATCTTCCAGCTCGTGAAAAAATAACAAGAGCAAAGAATATAAGTGAAAAAGAGCTAGA
NZ_CP077112.1_gap3	105036	106604	1568	TTTAAAGAACAAGGACAGTATCCAGTAGTATTTTTATCATTAAAAGATTTAAAAGCAACAACTTGGGAAGAAATGGAAAGAAAAATAATTATTACTCTTTCTGATTTTCTTTCTGAATATGAATATTTATTAAATGAATTAAGTGGAATTAATTTTGAAAATTTAAAAAATATTATTTATAAAGAAGCAGGTATAGATGATTTAACAACTACATTAAAATTCCTAACAAAAATTCTATATGAAAAATATAATAAAAAAATAGTAGTGCTAGTAGATGAGTATGATAGCCCATTAGTATCAGCCTATATAAATGGATATTATGAAAAAGCCAAAAATTTCTTTAAAACTTTTTATAGTTTAGTTCTAAAAGATAATAACTATTTACAAATGGGGATTTTAACTGGAATAATAAGAGTTATTAAGGCTGGAATATTCTCAGATTTAAATAATTTAAGAACTTATACAATATTAAGTGATGTCTATACAGATAGTTATGGATTGACAGAAGAAGAGGTAGAGAAAAGTCTTAAAGATTATGGAATAGAAGCAGAAATATCAAAAGTAAAAGATTGGTATGATGGATATAAATTTGGAGATAGTGAAGTATATAATCCTTGGAGTATATTGAATTTTTTACAAGATAAAAAATTAAGAGCTTATTGGGTAGATACATCAGGAAACGATTTAATAAATGATGTATTAAAAAAAATAACAAAGGATACAATAAGAGCTTTAGAAAAATTATTTGATGGAGAAGGCTTAAGGCAGAATATATCAGGAACATCAGATTTATCAAAATTATTAAATGAAAATGAATTATGGGAACTATTGTTATTTAGTGGGTACTTAACAATAGAAGAAAAAATAGATCAAAAGAATTATATATTAAGATTACCAAATAAAGAAGTAAAAGAACTCTTTAAAGATAGTTTTTTAGAAAAATATTTTGGAAGAGGAAATAAGTTATCAGATTTAATGGAAGCTCTAACAGAAAATAGAATAGAAGATTATGAAGAAAATCTACAAGAAATATTATTAACTTCAGTAAGTTATAATGACACAAAAAAAGGAAATGAGGCATTTTATCATGGACTAATAATGGGAATGGGCTTATATTTAGAAGGAGAATATATAACAAAATCCAATATAGAAAGTGGTTTAGGAAGATATGATTTTTTAATAGAACCAAAGAATAAAAGTAAAAGAGCCTATATAATGGAATTTAAGTCAACAGATAGTGTAGAAAAGTTAGAAGAAATATCAAAAGAAGCTTTAAAACAAATAGAAGATAAAAAATATGATGTATCATTGAAACAAAATGGGATAAAGGAAATAACATATATAGGTATAGCATTTTGTGGAAGAGAAATAAAAATTAGCTATAAATAGTAGCTAAATATAAGAGGAGGAAATTTTTATGGATAAAAAAGTGCAAGTTTTAGATTTTATTAAAATTAACCCTGCTGGAAATATGACAATACTTATAGATAATTTTGATATTTATGATAAAAATATTCCAAAATTATCAGAAGAAATTATGAAAGAAACAAATCTCTATGCAGAACAAG
NZ_CP077112.1_gap4	199639	201493	1854	CTTAGGTAGTCTATTGATTTTTCTATATCTCCATCGTGAGACTCTAATGCTTTTTTACAATCAAGCATTCCAGCTCCTGTTCTTTCTCTTAATTCTTTTACTAAAGCAGCTGTTATTGTAGCCATATCTCTCATACCTCCTATAAGATTTTTATTAATTCTTTATTCTACTGAACCTTCTTCAACATTTACTTCTTCTGATTGAGGTTCTACATTTTCTATTCCTTGGTTTCCTTCAACTATTGCATTAGCTATAACAGAAGTAATTAATTTCACTGATCTTATAGCATCATCATTTGCAGGAATTGGGTAAGTTATTAAATCAGGATCCACATTTGTATCTATCATAGCAAATACAGGGATACCTAATAAGTGAGCTTCCTTAACTGGTAATTCTTCCATTTTTACATCTACTACATATATTGCATCTGGAACTCTTTCCATATCTCTAATTCCAGATAAGTTTTTAGAAAGTTTAGATAATTCTTTTCTAAATTCAGCAGCTTCTTTTTTAGTGTAGTCTGAATCTAAGATTCCTTCTGCATCCATTTTTTCTAATTCTTTCATTCTTTCAATTCTCTTTTTGATTGTAGAGAAGTTTGTTAGCATTCCACCTAACCATCTACTATTTACATAGTACATTCCAGATCTTTCTGCTTGTTCTTTAATAGCTTCTTGAGCTTGTTTTTTAGTTCCAACAAATAGAACTTTTCCTCCATCTTCAGCTATTTTTCTCATTTCTTCATAAGCTTCTTCTATTTTCTTTAAAGATTTATGTAAATCAATTACATGAATTCCATTTCTTTCTGTGAAAATATACTTAGCCATTTTTGGATTCCATCTTTTAGCTTGATGCCCAAAGTGAACTCCAGCTTCCAATAATTGTTTCATTGATACAACTGACATTTTTTCCTCCTAAAATTTTAAATTTGGTTATTCTTCCATCAATCTCAAAACTAAGCAATCTAACAAAAAAATTAGAACACCATGCTTAGAAATAATTGATGTGATTATTTAACACCAAAGAATTTTACCATATTTTTCATACTTTGTCAATTATTCTCTCTTGTAAAGCTGTCCTTTTTATGTTAAAATAAAATAACAAAAGTAGTTTATTGACAATATATTAGTAACTTAATTAAAAACTACATGAAATTTTGGAAAAATTATTAAACAATTAATGATTGAAAATATGGAGGTGTTTTTTATGTCAGAATTAGGAAACATAAGAATAGCAGATGATGTAGTAAAAACAATAGCAGCAAAGGCAGCAATGGATGTAGAAGGTGTTTATAAACTAGCTGGTGGAGTTGTAGATGAAGTTAGTAAAATGTTAGGAAAGAAAAGACCAACTAACGGAGTTAAAGTTGAAGTTGGAGAAGTAGAATGCAGTATAGAAATTTATTTAGTTATTAAATATGGATACAAAATTGCAGAAGTTGCAGAAGCAGTTCAAAAAGCAGTTTTAGAAGAAGTATCTAATTTAAGTGGATTAAAAGTTGTTGAAGTTAATGTTTATGTACAAAATGTAAAAATGGAAGAAGTAGAACAAACAACTGAGGAATTTGAAGACTAATTTAGGTGGTGTATATATGTTTAAAAAAATAATATTTTTCTTTGCTTGGGTAGGAATATTTATAATATCTCTAATAAGTTTAAACTATGTACTTTTACCTGGTCAAGTTTTCTATGATAACCCTTACACAGCAAATATAACTACTTTTCAGTATAAGATGGTTATACTTGTTGTAGCCTCTTTATATATTTTTATATGTCTATACAAATTTTTTAGTCTTTTTGAAAGAAAAAAAGATTATGAAAGAAAAACTGAAAATGGAACATTAAAAATAACAAG
NZ_CP077112.1_gap5	203010	205427	2417	TTTCGTCATATTCCATTTCCTCTTTTTTCAAGGCTTCTCTTAACATCATAAGTCCTAAAAATAAAAAGATAGCAAATGAAACATATTTTGAGTATAATGAAATATAGTGTATAAATAAAGTTCCTGACAATGAACCCACTAATGCCATAGCAAATTGGAAAATCCCAAAAGTTAGTATAATTTTTAAAAAATTTTGTTTCTTTTGAGATTCTGTCGAGGCTATGCCTTGGTAAATAGAAAGAGACATAGCATCCATAGCTAGTGCCAAGGCTGTTATTAATACACTAATAGTTGACATCGTTTTCCTCCATAAAGTTTATTAGGTCAATTATTATAACATTATTTAAAATAAAAGTAAAGAATAAATAGTATATTATATGAAAAGGGGAGAGTAAATTATGAAGAAAAAGATTTTTACAAGTAGCTATCTAGGTTTAGAATCATATTTAGTTGAAGTAGAAGTTGATATTTCAAGAGGTTTACCTATGTTTTCAATTGTTGGAATGGGAGATACAGCTATACTTGAAAGTAAGTTTAGAGTAAAAGCAGCTTTAAAAAATTCTAATTATGAGATAGTACCTCAAAAAATAGTTGTTAATTTATCTCCAGCAGGAATAAAAAAAGAAGGAGCACAGTTTGATTTACCAATAGCTTTGGGTATAATTTTAGAGATGAAACTTTTAAAAGATAAAAGAGATATATTTAAAGATTATCTTTTTGTTGGAGAATTATCCTTAGATGGAGAAGTAAAAGGTGTAAGTGGAACGATAAATAGTGTGATTCTTGCAAAGGAAAAAGGTTTTAAGGGAATAATAGTTCCTTATGAGAATAGAAATGAAGCAAGTTTGATAGATGGTGTGGATATAGTTGCTGTTAAAAATATATCTGATGTTATAAATTTTATAGAAAATGGAGTTAAATTAAAATTTGAAAAAATAAATTTAGTTAAAACAGAGGAAGATATTTTAGATTTTTCTGATGTTAAAGGTCAATATTTTGCAAAAAGAGCTATGGAGATTTCAGCAGCAGGAGCACATAATATACTTTTAATAGGTAGTCCAGGTTCAGGAAAATCTATGCTTGCTAAAAGGATGATAGGGATACTTCCAGAAATGACTGAAAATGAAATTATAGAAAGCACTAAAATATATAGTGTTGCAGGAGAATTATCTGAAAAAAATCCTATAATATCAAAAAGACCTGTGAGAATGCCACATCATAGCACAACACTTGCAGCTATGGTAGGTGGAGGAAAAAAAGCTTTACCAGGTGAGATAAGTTTAGCAAGTAATGGAATTTTAATACTTGATGAAATGAGTGAGTTTAAACATTCTGTCTTAGAAGCATTAAGACAACCTTTGGAAGATGGTTATGTAAGTATAACAAGAGCTATGTATAGAGTGGAGTTTAAGACAAATCTTTTATTAGTTTCAAGCTCAAATCCCTGTTTTTGTGGGAATCTTTATGAAGGAAGTTGTAAATGCTCAGCCTCAGAGGTAGAAAGATATACTAAAAAATTATCTGGACCTATTTTAGATAGAATAGATTTAGTTATACAAATGAAAAGATTGAGTGAAGAAGAATTAGTAAATGATAAAAAAGAAGAAAGTTCAGCTGATATAAGGAAAAGAGTTATAAAAGCTAGAGAAATTCAAACTAAAAGATTTGGAGAAGTTAAAACTAATTCAAAAATGAGTCAGGAAGAATTAAAAAAATATTGTATAATAAAAGAAGAAGATAAAAGATTTTTAATATCTGCCTTAGAAAATCTACAAATTTCTGCAAGAGTTTATGATAAAATTTTAAAAATTGCTAGAACAATAGCAGATTTAGAGGGTGAGGAAGAAATAAGTAGAAAACACTTATTAGAAGCAATATCATTTAAAAATAATAGAAAATAGATTGTTACTAGATACTTAAATTTTCTTTGAAGAAATTTTTATTAGTTTCTAATTTATATATAATGATTACTTGACAGCCTATAATGTTTCACGAGCTCCAAAATGCTCTTTCAACATTATAGGACGTCGCAGTAATCTTATTTAAAATTTTTAAAATCAACTTTTTCAAAGAAAATTTATTGCAATTTACTTGTTTTCTTCTTATTTTGTAATAAAAATATATTAGAGGGATTTTATGGATATAGAAAAAATTTTTGATTATGCTAGAGAAAATAATATTTCAGATATACATTTACTTGAAGGTGAAAAAATATATTTTAGAAAAGATGGAGAAATAGGAGAATATGATAATAATATTATAGTAAGTAAAGATGAACTTTTAGAAATTTGTAATGGAAAGATTGAAGAAGATTTTGCTTATACAGATTCTAAAAATCAGAGATATAGAGTAAATTCTTTTCTAACAAGAGGAAAACTAGCCTTAGTTATTAGAATAATAAATAAAGAACCAATAAA
NZ_CP077112.1_gap6	209280	210083	803	CTGATAATAAGTGTGGAATGTTAAGAAAGCAGAAGAAATAGTATTAAAATCCCCTAAGGGTGAGGGGATTTTTTATTTTCTATTATATCTCCACCATAACAGTAACAAGAACAATATTATTAATAATGTTGTTCCTCCATCAAAGTTGATAGCCTCAATATAAATACTCATAAAAATCGCCCTCCTAAAAAATAGTATTTTCTGTCTTGCTTAAGGACAGAATAAAAGCGTTCACTAAATGAACGCCTTTATCCCAAGCTTAAATTAAATACTATTTTTTAGTTTTCCCCTTAGGGTTGTTACTATATTTAATATAGCATAATAAGTTTTAGATGTCAATTAAGAACAAAAAAATAAACTGCTATTGCAAGAATTATAAGTATACTTAAAAAATAGATATCAGATTTTTTTAATTCTTTACCTTTAAGAACAAATAACCAAAGTCCACAACATATAATAGCAACAAATATATTATTATAAATTGAAGGAAAAGTTTCATCAAATTCAAATTTAAAAAGTAAAGTTTCTACAACATATCCTAAACAAACAATACCTAGAAATACATAAAGAGCATAACATATTCTTTTAAAAATATCCATAATAAGATACCTCCATATTATTAATTTTATTTATAAAAATTATACCAAAATCAAAAAAACTATCTTTTAGCTTTATAAGTATTAGATGCTAATTAAGAATAAAGTAACATCCTATTGTAAGAACTATAAGTATAATTAAAAAATAAATATCCTTTTTTCTAATTTTATTATTTTTAAAAAAAACTCCATAAAATATAGAAAATG
NZ_CP077112.1_gap7	257464	261606	4142	AAAAGGAGTTTACAGCAGAATTAAAAAAAGAAGTAGTTGCTTTTGCAAATACAAATGAAGGAACTATCTATATTGGAATTGATGATTTTGGAAATATTATAGGTATCAAAAATGTTGATGAAGTACTTAATCAAGTTGTATTATCTATAAGAAATTCTATTAAACCTGATATAACCATGTATTGTAATTTAAAAATAGAAAGAATTGAAAATAAAGATGTTATAATTATTCAGGTGCAAAGAGGAGCATTAAGACCATACTATATAGCAGAAAAAGGATTAAAGCCTTCTGGTGTATATGTAAGACAAGGGAGTTCATCTGTTCCAGCTAGTGAAGAAAATATTAGACAAATGATAAAAGAAACAGATGGAGATAGCTATGAAAAACTTCGTTCATTAAATCAAGATTTAACTTTTGATTATACTAAGAAAATTTTTGAGGAAAATGCTTTATCATTTGGTTTAAGTCAAAAAAAAACTTTGGGTTTGATAGGCGAAGATGATTTATACACTAATCTTGCTTTACTTTTATCAGATCAGTGTAATCACACTTTAAAAGTAGCAGTATTTGAGGGAATAGAAAAAAATATATTTAAAGATAGAAAAGAATTTAAAGGTTCATTACTAAAACAGGTAACAGAAGCTTATGAGTTTATTAATCTTTTGAATAAGACAGAGGCAACTTTTGAAGGTTTAACTAGAAAAGATGAAAGAGATTATCCAACAGAAACTATAAGAGAAGCTTTATTAAATGCAGTAGTTCATAGAGAGTATTCATTTAGTGGAAGCACCCTTATAAATATTTATGAAGATAGAATAGAGTTTATTTCATTAGGTGGGATAATTTCTGGTTTATCATTAGATTCTATTATGTTGGGAGTATCACAATCAAGAAATGAGAAATTAGCTAATATATTTTATAGGTTGCATTTTATTGAAGCCTATGGAACTGGAATAAAAAAGATATTTACTAATTATGAAAAATACAATATGAAGCCAATAATTAGAGCAGAGGTAGGAGCATTTCAAGTTGTTCTTCCTAATATACATTATAAGAAAATAGAAGAAAAATTATTAGGAGATGGTTTTCTCAATAAAAATATTGAAAAAAATACTACTAAAATAAAACCTTTATATATGGATATTTTAAGTTTTATTACTAATAAAAACGGAGCAACAAGAAAAGAGATAGAAGAATATATAAATTTAAGTCAAACTAGGGTTATAACTCTTTTAAAGGAAATGTTGGAATTAAATTTAATAAGAAAAGAAAAGGATAAGATAGATAGGAGAACTTATAAATATTATAGAAAATAAGGAAGGTAAAAATGTATTATCATATAGTGAAAAAAGATGGTTTAAAATATAAAGACTTAGATATAAAAGAAGTTGATAAAATAATAAAGAAAGAAAAACTTAATTTTAATAATAGTCGTATCTATTCAAGTATTGAAGACTTAGAGCATACATTTAAAATATTTGAAGATAAAGAAGGTAAAAATTTACCACAAACATTAGATAGAAATGAAATAAGAATAAGCGATATTCTTTCTTGTAATCAAAAAAAGAAATATTTAAAAAATTGTAGTTATGATTTTTTCTTAAAAATTTTTAATTCAAGTTTTAAACCAAGAGGAAAAGTATTTTTAAATAAAACTTATATTATTTGGATAATGCTTCTTAGTACATTCTTAAATAGATATTTATTTTATATTTTATATAAAAATTATTATTCATTTACAAGTTTTAAATTATTATTTGGTTTCAATGTAAAACCTCTATGGTATATAACTTTAATATATATTTTAGTACCTTTAAGTTTGATTTTGTTTGTATGGTACAGAGATAAATATTTTAAGAAAAATTATTTAATTATTTTTATTATTTTAATGATTATCATAAATGAAATAATAGCCTATACAATAGGAGATATTATTGAGGATATTACTAAAAATTTTGGAGGTTTAATTGCAATAATAGTTGGATTAATTTTTACACAATTATTTTATAATTTTTTTAGAAGATTATCATATAATAAATATAAAGATTTTTAATAGGGAGAAAGAGAATGTATTATCATTTAATAATGGAAGATGGATTGAAATATAAAGATTTAAGTATAGAAGAGCTTGAAAAAATAATTAATGAAGAAGAAGTTAGCTATAATAACTCTCGTGTTTATTCTAGTGAAAAAAAATTAAATCAAATTTTTGAAATGTATAAAGATGATTTAAATGAACAACAAAATGATGTAAATTTAGAAAATATTAAAATAGAGAAGTTAATTTCGATAGCTGAAAGAAAAAATGACTTGCAAAATAGTAGTTATAAATTTTTTCTAGATATAAAAAATCCAAGAGGAAAAATAAATTTAATGAATTTCTTAAATAAAACTTTTATCATTTGGCTAATAATAATAATTAGTGTAGTTAAATGGGTACTATTTAATAATTATTTTCTTACAGGAGAAATGGAATTTAAAGGGTTTGAGTTGACTGAGAAACTTTTAGATAGAGGACTTGTATTAATAGTTATAATAGTTTTTCTGAAAGATAAGTATTTTAAGAAAGAATACTTTGTTATCTGTATTATAGCAAATATAGTAACTAATATTCTAATCTATATTTCAGAAAAATTAGTAGCAAACATTATGCTTTATATTTCAGCAAAATCAGCTACTGCATTAATAGTATTTTTACTTATACCTATAATAAAAATTGTTATAATGCAACTTGTATATAACTATGCTAGAGAAAAATCATATAGGGAATATAAAGATTTAAATACTATTAATATTAGTATAAATAGAAAATTAAAATTATTTTAAAAATTTTTTTGTACAGTTTTGATGTTAGAAAACTGTACTTTTTTTATTAGAAAAATAATTTATTAAATATATGTTAAAAAGTTTTTTAATTATATTTTTAGATATAACTATGAAATTACAACATAAAAAATTCCTTACTAAAAAACTAAATAATAAAAATTAAAATAAATTTTATATGTTCTATAAAAAAACAAATAAAACATATTTATAAAATATATTACGAATATTTTAAAAAATAATTTGACAATATATTTTTTTTGAATATAATGAAAGTAAGAGGTAAGGGTATGAGATTTTGTTGTGCCCAGATAAATTAAAAAAATTAAATAAAATAATAAAAAATAGAGGTGCATATATGTAGGTAGTGTGAAGATGTTAAGGTATAAGCCACCAATGCTTCATCACGAAGGGCATAGTTGCCGAAAGAAAATTAATTGCTTATGACTAATTTTCTTGGTCAATGTCAACAAGCATTGACTGTCATATTCGTTGAATATGGAGAGCTATTTATAGTTTTTCTTTAATTCATAATGAATAAGACTGGGCAACTGAATGTATATACCTCTATTTTTTATTAAGGTTGATAGAAAAATTGAAGGAGGAGGATTGGTATGAAATCTTTAATTAGAATGAGAATGAGTTCTCATGATGCTCATTATGGAGGAAATTTAGTTGATGGTGCTAGAATGCTACAATTATTTGGAGATGTGGCAACTGAGCTTTTAATCCAATTAGACGGAGATGAAGGATTATTTAAAGCTTATGACAGTGTAGAATTTATGGCACCAGTTTTTGCAGGTGACTTTATTGAAGCTGAAGGTGAAATTGTAAATGTAGGAAATAGTTCAAGAAAAATGGTATTTGAAGCAAGAAAGGTAATAGTTCCAAGACCAGATATTTCAGATTCAGCAGCAGATGTATTAGCAGAACCAATAGTTGTATGTAGAGCAACTGGAACTTGTGTAACACCAAAAGATAAACAAAGAGGAAAAAAATAAAATTGAGTTAAGGAGGTAAGTGATGGAAAAATTAATAATAACTGCTGCTATCTGTGGAGCAGAAGTAACAAAAGAACATAATCCTGCTGTTCCTTATACTGTTGAAGAAATTGCAAGAGAAGCAGAGTCAGCATATAAAGCAGGAGCTAGTATAATCCATTTACATGTAAGAGAAGATGATGGAACTCCAACTCAAGATAAAGAAAGATTTAGAAAATGTATTGAAGCAATAAGAGAAAAATGTCCAGATGTAATAATTCAACCATCTACTGGTGGAGCAGTTGGAATGACTGATTTAGAAAGATTACAACCTACTGA
NZ_CP077112.1_gap8	280135	283845	3710	TTTCTTTTTAGCCATATTTAGTCCTCCAAAATCTTAATATTAATTTAATTATAACATATTCTTTATAAAATAAGTAAAATAAAAATCCCTTTTTTTGAAAGGGATTTTTATTTAGGAAATCATTAATTTAATGAATTATTTAGCTTCTTTTTTAGGTAATTTGAATGGTCCTAAGTTTAAACCATATTGTAAAGCAGATCTAACTTTCATTTCTCTTACAGTTGCTCCACCTTTTTCTATTTCTTCAGAGTTATACATAGTTGGCATAACATCTTGAATTTTTTGATTAGTAATTCTTTCAAGAAGTTTCATATATCCACCATTTTTAGCAACATATTCATCTTCTTTTAACCAATCATGTCCTTTATATTGTAGAGTTCTATAAGCAGCTTTAGTGATTACATCATTTTTTAAGTCAAATTGAACTTCAACTTGAGTTTCTTGATTAGAAATATAGACACCTCTATAAGTTCCATCTGGATATTGAGCCTTAGTTGCTGGAGCTTTTTTAGCTGCAACAGCAGATACAGCAGTTAATAACATTAAAGCAAGTAAAAATTTTTTCATAATAATACCCCCTAAACAAAAATATTCTTTACCTATTGTATAATAAATATATTCATAAGTCAATTATTTTATTATTCAAAATATCAAAGATATTAATATTTAAAAAGTTTTTTAGTGAAATTAAAGAAATATTTAAATATAAAAATTAATATAAAATATTTTTTAATTCTCTCTTTAATTTTTCCAATGCTTTTGCTCTATGACTAATTTTATTTTTTAATTCTGGTAATTCAGCTAAAGTTTTTTGATATTCTTCCACATAGAAATAAGGGTCGTAACCAAATCCAGTATTTCCTTTTGGAATATCTATAATTGTACCTTCTATTTCTCCTCTAAAAGAATAAGTTTCTCCATTAGGTTTAGCAAGAGTTATAACAGAAACAAATTTTGCTTTTCTATTTTTTACACCTTTTAAATTTTCAATTAATTTTTCATTATTTTTTAAATCATCACCAGTTCCACTATATCTTGCAGAATATACACCTGGCTCTCCATTTAAAGCATCAACGCAAAGTCCAGAATCATCAGCAATAGTAATCATATTTAAAAATTTAGCTATTTCTACTGCTTTTTTCTTAGAATTATCTTCAAAAGTTTTTCCATCTTCAATAACTTCTGGAATTTCAATACCATCCTTTATTGAAAGAATTTTAATATTTTCTATACCAGAAAAAATATCTGATATTTCATCAATTTTATGCTTATTAGCAGTTGCTAAAAATATTTTTAAATCTTCTTGATTAATAATTCTATCTTGTAGTTCAATAAGCTTTCTTATAGAATTTTCAGCTAAATCTAAAAGCTGGTTTAATTCAGCTCTTGTAAATGTACTTTCTTCACCAGTTCCTTGAACTTCAATAAATTCGCCTTTTTTATTCATTATAACATTCATATCCACTTCAGCAGCCGAATCTTCAGAATATTTTAAGTCCACCATTAAGTTAGAATCAATTTTACCTACACTTATTGCAGCAACATTAGAAATTAAAGGATTTTCTTCTAATATTTCTTCTTGTAATAATTTCTTTATAGCAAGTGCAAGAGCAATATATCCACCTGTTATTGAAGTAGTTCTTGTTCCACCATCAGCTTGAATAACATCACAGTCAATAGTAATAAGTCTTTCTCCTAATTTTTCTAAATCTATTGAGGCTCTTAAAGCTCTTCCAATTAATCTTTGAATTTCAACTGTTCTTCCTGTTAATTTTCCCTTACTAGCTTCTCTTGGATTTCTTTCATTTGTAGCTCTTGGTAGCATAGAATATTCAGCTGTTACCCAACCTTTTCCTGTGCCTCTTAAAAATGAAGGAACTTTATCACTTACAGAGGCAGTACAAATGACTTTTGTATTTCCAACCTCTATTAAAACAGAACCTTCAGCATAGATATTTACATTTTTTGTAATTTTAATTTTTCTTTCTTCATCAAATTTTCTTCCATCTTCTCTTAACAAATTTTTTCCCCCTTTAAATATTAAGCTATACTTATATCTTTATTAACATTATATTTGTAGTAAGCCCAGCAGCAGTACCTATAAGTAATATTATATCACCATTTTTAATTTTTTGTTTTTCTAAAGCATGTGCTAGTGTCATAGGAACAGAGGCAGAAACCATATTTCCAAACTCTTTTACTTCATCTATGTATTTACCTTTAGGTACTCCTAATTTTTCCATTATAAGAGGCATAGCAACACTAGCTTGATGTGGAACTACCATATCAATATCAGATATTTTCATATTATTATTTTCTAAAAATTCTTTCATCATTTTAGGAATATTTTTCATAGATAAAGCTAGTATAGTTTTTCCACACATATCAAACATAAACTCTTCTTTTGTATTTTCAGAATAATTTTCTGGATGAAAATTACTTAGTCCCCCTCGAATCTCAGTTGAATGAGCTCCTTCTGACCAAGTTTTTTGCATAGCATCAATAACACCAATTTCTTCATCAGTTTTTTCAATAACAAAAGCTACTGCACCATCACTGAAAAGTTGAAAACTTTCTTTTTGCTTAGGATTTAATGCTCTTGAAGCAACATCACATGAAACAATTAAAACTCTTTTATATCTTTTAGCTTCTAAAAGATAAGACATGGTATCTAAAGCTGTTATAAAACTTGTACAAGTAGTATTTATATCAAGTGCAGGAATAGAAGTTCCTTTTGCTATTTTTTCATGAATTAAGGCTGCCATACAAGGTATAGGTTGTATACCAACTGCACTGGCTGAAACTATACAATCAACATCACTAATTGTAATATTAGCATTTTTTAAGGCTTTTTGACAAGCAGAAACTGCAAGAGAAATTTGTTTTTCATCTCCACTTATTCTATAACGAGTTTGTTCTTTAAAGTTAACTGTATTTTTAGGTAATTCTACTCCATATCCTTTAAATTTAATTTTTCTCATTCTATTACTTTCCTCACTATTCTTTTCAGTTTTTTAGTTTTATCTATTTCATAATTTATAAATTTAATTTCTATATTTTCAATTTCTAAAGAAGTGAATAATTTATTAAATTCTTTCTTTATTAATTCCTTTTGTTCTTCAGTTATATTTAAAATAGCAACTTCTAATAAGTTATTATTTATTTGAAAAACTTGATACTCTCTTATATCTTCAACAAAGAGTATAGTTCTTCTTATGAAATCTGGAAACACCACAACTTCTTTACCAGACGTATTAATAAATTTAAAAATATCATCAGAACGTCCCTCAATCTTTTCAATTTTTTGTAATACTGAACCACATTCACAAGGCTCTGTTGATTCAACTAGAATGTCATTAAGATAATAATTTACAAAAGGTTGACTAGTTCTTCTAAAATCGGTAATTATTGGGTAAAATCTCTTTTTATCTATATATTTTTTTTCAAACTTTATTAAATCTTCATTTAGATGTAAATGTCCATATTCACAAGTACAAGCTAAAAAGCCTTCTGTTGCTTGATAAATCTGATGTATTATATTCAGTTTAAATTGTTTTTTTATATATTCTTCATCAGGTTTTTCTAAAATTTCGGCAACTGAAATAACTCTTTTTGGAGAAACTTTTAACTCTCCTTCTTCTATTTTTTTAGCTAATACTAAAAGTAAAGAGGGAGGTGCAACCACCATAGTTGGCTTATATTTATTCAAT
NZ_CP077112.1_gap9	320843	324937	4094	TGAATATAGTCAAGAGTTTACTAAAATAGTCAAGAGTTTCTTTAATGAAGATGATTTAGAAATTAAGTATGAAGTTGTAGGACAAAAAAAAGAAGAAGAAAATAAAAACTCTGAATTTTTTCAAAAAATAGAGAATTATTTTAAAGGAGAAAATTAGTTAAGGGGGAGGATATGGCAATAGTAAGTATACTAATGTCAGTAGGAACAATAATAATGTATTTTTTCTTATCCTTATTTATACCTTTTTTAACTTATCTTATTCCATATTATAAGATAACGAAGGTAAATCTGTATAAGAAAAAATATTCATTAGCAATAAATATAGTAGTAAGCTTGATTTTATATGTTATAAGTCCAAGTTTTTTAATATATTATTTGATATTTCCATATACAATGGAATTTACATTTTATTTATTTAATAAATTAACAAGAAGAATACAAGTCTATAATAGAATAGTTATCATGTCAATAATACCAACTATTTTAATACTTATATATCTTTATATAAATAGAGTGGAAATAATAAATATCATAAATCTATTACCACAATTAGAAGAATTTAAAAAATTAGGAGTAGAAAATATATATAGATTCCAAGAAACTATGATATATATAAGTCAAAATATAGTTTCACAAGTTTTTAAATATGTATTTTTGGCAACATTTTTTCTATTTTTGACTTTAATACCAGGAACATATAAATTATGGAAACTTTCTTGTTACTGGATAGTACCATATATTTTGATATTGTGGAGTCAAAGATTTTTAAATATATCTCATAATATATTTTGGGAAAATAATATAGTTGAGATAATAAAATATATATTTGTTTGGTATGGAATAAAAAATCTTTATGTTTTAATAGAAAAAATAGGAGTAAAATCAAATATATTAAAACATGGAGTAAGTATGCTTTTAGGATTAAGTTATCCTATGGTAGCATTTGTAATAGGAGCATTAGCAAGTTTTGAATTTATAGAAGTAAAAGAAATAAGAATGTAATGGGAGGTTAATTAAAATGGCAAAAATACAAGTAATACTTTTAGAGGATGTTGCAGGACAAGGAAGAAAAGGGGAGATAGTAACAGTATCTGATGGTTATGCACATAACTTTCTTTTAAAAGGAAAAAAAGGAGTTTTAGCTACTCCTGAAGAATTACAAAAAATAGAAAATAGAAAGAAAAAAGAAGCTAAAAAACATGAAGAAGAAAGAAATAAATCTTTAGAATTAAAAAAATTATTAGAAAGCAAAGTTTTAAATATTCCAGTTAAAGCAGGAGAAAATGGAAAACTATTTGGAGCTATTACAAGTAAGGAAATAGCAACTCAAATAAAAGAAGAATTAGGCTTAGATATAGATAAGAAAAAAATTGAAGCAAATATTAAAAATCTAGGACCTGATGAAATTCATATAAAATTATTCACTGATGTTAAAGCAGTTATGAAAGTAAATGTAATAGCTAAATAGGTGGAGGAGAAATGGACTTTGAAAGTTTAAAAAAAATTCCTCATAGTCTGGAAGCTGAGAGAGCATTGATAGGTGGAATCTTTTATAATCAAGATTTATTTGATGAAATTAGAGATATTGTTAATGCAGAAGATTTCTATAAAGTAGAACATTCTTCCATTTATAGTGCAATAGAAAAAGTTTATTCTGAAAATAAAGGGATAGATGGAATTTTAATAGAGGAAGAAATAAAAAAAAGTAACTCAAAAAATAAAGAAGAAATATTAGAAATATTAAGTGATATTTTAGATGAAATTACAAGTTCATATAATCTTTTAGAATATGCAAATCTAATTAAAGAAAAAGCTATGTTAAGAAGACTAGGGAATGTAGGAGCAGAAATAACTCAACTTGCCTATAATGATGTCAGAGTAGCAGAAGAAATTATAGACGAAGCAGAAGCTATGGTTTTAAATTTATCAAAAAATATTTTAAAAAATAGTATAGTTGATATGAAAACTGCTGGTGTTGCAGAGATAATGAGAATGGAAAGAGTCAGTGAAAACAGAGGTAAGACTTTGGGTATCCCAACAGGCTTCATTGATTTGGATAGAATGACAAGTGGGCTTAATAATTCAGATTTAATAATTTTAGCAGCAAGACCAGCTATGGGAAAAACTGCTTTTGCTTTAAATCTAGCTTTAAATGCAGGAAAAGAAAAAAAGAATGTGTTAGTATTCAGTCTCGAAATGCCAGTTCAACAATTATATCAAAGACTTTTGTCAATTGAATCAGGTATTTCACAAAATAAATTAAAGAATGCTTATCTTGAAGAACAAGATTGGGAAAAATTGACAATAGCAACAGGAATTTTATCTAATTCTAATATATTTGTTGCCGATTTACCTCATACAAATGTTTTGGAAATTAGATCCTATGCTAGAAAAATGAAAAGCCAAAACCAATTAGATTTAATTATAATAGACTATTTACAATTAATAAATGGTTCTGGTAGAGGTGGTTCTGAATTCAATAGGCAACAAGAAATTTCAGATATATCAAGAGCACTGAAAGGACTTGCCAGAGAGTTAGATGTACCAGTTATTGCACTTTCACAATTATCAAGAGCAGTTGAAAGTAGAGTAGATAAAAGACCTATGCTTTCAGATTTAAGAGAATCTGGAGCAATAGAACAAGATGCTGATATAGTTGCTTTTCTTTATAGAGAAGAATACTATATACCAGAAACAGAAAATAAAGGAATTACAGAATTGATTATAGGAAAACACAGAAATGGAGCTACTGGAACAGTAAAGCTTAATTTCTTAAGTGAATTTACAAAATTTACAAATTATACAGATGAAGTAAAATAATAAATTAGTATAAATTTTAGAAGGGATGATATTTTGAAAAAGGTAGAATTACTAGCACCTGCTGGGAATATGGAAAAATTTAAGATGGCATTACATTATGGAGCAGATGCTGTATTTATGGGTGGAAAGATGTTTAACTTAAGAGCGGGGAGCAATAACTTCTCTGATGAAGAATTAGAAGAAGCAGTAGCTTATGCTCATGAAAGAGGGAAAAGAGTTTATGTAACTCTTAATATAATTCCACACAATGATGAACTAGAAGCTTTACCTGAATATATAAAGTTTTTAGAAAAAGTAGGAGTAGATGGGGTTATTGTTGCTGACTTAGGAGTATTCCAAGTTGTAAAAGAAAACTCTGATTTGAATATCAGTATCAGTACACAAGCAAGTAACACAAACTGGAGATCAGTTAAAATGTGGAAGGATATGGGAGCAAAAAGGGTTGTTCTTGCAAGAGAAATTTCTTTGGAAAATATAAAAGAAATTAGAGAAAAAGTTCCTGATATAGAATTAGAAGTTTTTGTACATGGAGCTATGTGTATGGCAATTTCTGGAAGATGTCTATTAAGTAACTATATGACAGGTAGAGATGCAAATAGAGGAGATTGTGCTCAAGCTTGTAGATGGAAATATTCATTAGTAGAAGAAACAAGACCTGGTGAAACTATGCCAGTATATGAAGATGAACATGGAACATATATTTTTAACTCAAAAGATTTATGCACTATTGAGATGATAGATAAAATCTTAGATGCAGGAGTAGATTCACTTAAAATTGAAGGTAGAATGAAAGGGATTTATTATGTATCTAACTGTGTAAAAGTATATAAGGATGCTTTAAATTCTTATTATAGTGGAAATTATGAATATAATCCTGAATGGAGAAATGAACTTGAATCTATTTCAAATAGATCATATACAGAAGGTTTCTACCATGGGAAAGCAGGTAAAGAATCTTTAAACTATAACAATAGAAATTCTTATAGTCAAACACATAAATTAGTTGCTAAAATAGAGAAAAAATTAAGTGATAATGAATATCTAGTAGCAATTAGAAATAAATTATTTGTTGGGCAAGAAGTTCAAATTGTTAGTCCAGAAATAAAAGTTAGAGATTTTATAATGCCTGAAATGATTTTATTAGATAAAATGGGTAGAGAAACTGAAAGTGTTGAATCAGCAAATCCAAATTCATTTGTAAAAATAAAAACAGATATACCTATGAATGAACTTGATATGTTAAGAATTGTTTTATAAAATTATTATGCTATAGC
NZ_CP077112.1_gap10	434074	437587	3513	AATTAATAATTTTTATAAGAACTGATTAGAATTTCTAGTCAGTTTTTTCTTTTCTTTTTTTTATTGTTTATGTTACAATATTAGTACGGATTATGTATGAAACAAGAATTTATAAAAAAGTTAAAGGGAGATATAATGAAAAAATTAACAACAAAAATCCAAGTGTTGTATGCACTAGGAGTGAGCTATGCCATTGTAGATCAAATATTTGCACAATGGATATTATATTTTTATTTACCATCAGAAAATTCTGGTTTAAAACCATTTATGGCACCAATTTTAGTTTCAATAGCCTTAGCAGTTTCAAGATTTGTGGATATGATAACAGATCCTTTGGTTGGTTTCTTATCTGATAAATATAATAGTAAATATGGAAGAAGAATACCTTTTGTTGCAGTTGGAACAATCCCATTAATACTAGTTACAATAGCATTTTTCTACCCACCAACAAGTAGTGAAAGAGCAAGTTTTTACTATTTAATGATAGTTGGTTCACTGTTCTTTACTTTTTATACAATAGTTGGAGCACCATATAATGCATTGATTCCTGAAATTGGAAGAACTTCAGAGGAAAGATTGAATTTATCAACTTGGCAATCTGTTTTTAGATTATCTTATACAGCAATAGCAATTATTTTACCTGGAATTTTAATAAAAATGATAGGTGGAGATGATGTACTTTTTGGAATAAGAGGAATGATAATATTTTTATGTGTAATAGTTTTCATAGGACTTACTACAACAGTGTTCACAGTTAGAGAAAGAGATTATTCAACAGGAGAAGTTTCAAATGTAAGTTTTAAAGATACAATAGGAATTATAATAAAAAATAAGAACTTTATTTTATATCTTTTTGGAATGATGTTTTTCTTTATAGGTTTTAATAATTTAAGAGCTATTATGAATTACTATGTTGAAGATATTATGGGATATGGAAAAAAAGAAATTACTATTGCTTCAGCATTATTATTTGGAGCAGCAGCTATTTGTTTCTATCCAACAAATAAATTATCTAAAAAATATGGATATAGAAAGATTATGTTGTGTTGTCTAGCAATGCTAATAGTTACAACATCAATGCTATTTTTCTTAGGGAAAGTATTCCCTGTTAATTTTGGTTTTGTTCTATTTGGAATTATTGGTATACCTCTTGCAGGAGCAGCATTTATTTTCCCACCTGCTATGTTAAGTGAAATAAGTACACAAATTAGTGAAGATTCGGGAGCAAGAATAGAAGGGCTTTCGTTTGGAATACAAGGTTTCTTTATGAAAACTTCATTTTTAATTTCAATAGTAACTTTACCAATAATTTTAGTAATGGGAAATGATGTTAGTATAATATCAGCTATAACAAGTGGGGTTAGTAAGGTTGAAAAAACAGGAATTTACCTAGCTTCACTAAGTTCCGTATTTTTCTTTATAATTTCATTTATTTTTTATTATAAATATTCAGATAGTAAGAAAAGATAATATATAGGTGAGTTCTTATGAAAAAGTTATTCTTATTAATGATTTTATTAGTTGTATTAATGCTTAGATTTTCATTATCAGTTAGAGTAACAGAAATTTTTCAAAAAGAAGTATACAGAATGAATTTAAGCCTTGAAGATGGAAAAATTAAGATTTTAAAAATTAATAATAAATACCCTTTAAAAAATATTTATGGAAAATTAGGATATAAAGAAAATGGAAATTATGAAGGATATTTTTTAGTAAAATCTATTAAAGAATATGAAAATATTTATTTTGTTGAGCTTGAAGATATTAAATCTACAAAAATAGAAGATAGTTTTTTAGAAAAATATCTTCAAACTCTTTTTAATAGAGCAGAAGAAGACTATTCTTATGGGACTAAAAATATAAATAGAGCAATTCTATTAGGAGATAACACTAGAATAAGAAAAGATTTAAAGGAAAAAATTAGATATATAGGTTTATCTCATATTTTTGCTATGTCAGGGCTACATATAGGATTGGTTATTGCTATTTTTTATTTTATTTTTAAGAAAAGTATAAGAAATAAAAGACTAATTGAAATCTTACTTCTAACTTCAATCACTTTATATTATCTTTCAGTTAAAGAAAGTCCTTCATTTACAAGGGCATATATAATGGCTGTAGTTTATTTACTAGGAAAATTATTTTATGAAAAAGTTGATTTAGGAAAGACCTTATTTATAAGTGCAGCAGTATCAATTCTTATAAATCCAACAGTTATTTTTTCTGTATCTTTTCAACTTTCTTATGGAGCTATGATAGCTATAATATATATTTTTCCTTATATTAGAAAGATAAATTATAAGAAATTTAAAATTTTAGACTATATTCTTTTTACAACAACTATTCAAATATTCTTAATACCTATAACAGTTTATTATTTTAATAGTATACAATTTTTATCAGTTATATCAAATTTAATACTTTTGCCATTAGCAAGTTTTTATATTACAATAAACTATGTTGCATTATTTTTAGAAAATTTTTATCTGTCATTTTTATTAAAACCTGTTATTGAAATTCTATATAAGATTTTAATTTATCTTATAGATTTCTTTGCAGAATTACCTTATTTATCAATTGAATATGAAAGTAAAAATTTGATATATATTTATATAGTTTTTTTAGTTATAATTGTAGTGTATAAAAATATAAAACAAAAGGATTAGAGAATTATAATACTACTATCTTTATTTTGGAAATATTTAATTTATATTGACATTTTATATGTAATTTTATATAATTAATATAATAATAACCCTAAGGGTCAAATCCATTACAAAAATTATTAGATTTAAGTTCAGGATATTAGCCATCAACTTTTTGATGGCTTTTATTCTGCACTTGAACAATGCAGAAATAATTTTTGTATTGGAGGATGGTCTTATGACAATCTATATTGAAACTGTAAATTTTAATGGAAGCTCAATATTTTTACTAATATTAGTTTTAATATTATTATTTTGGTGGAAACATAGGAAAAAGTAGACCACTTCCACCCTTAGGGGATTAGTAAAAAGAGGTAAAGATTATGGAAAATAATTTATTTAAAATACATTCAGACTATAAGCCAACAGGGGACCAACCCACTGCGATAGATAGTATAGTAAAAAACATAGAAAATGGTGTTAAAGACCAAGTTCTATTGGGAGTAACAGGCTCTGGTAAGACATTTACAATAGCTAATGTTATTGAAAGAGTGCAAAGACCATCTTTAATTATTGCACCAAATAAGACTTTGGCAGCACAACTTTATTCAGAGTATAAAAAATTCTTCCCAGAGAATGCAGTGGAATACTTTGTTTCATATTATGATTACTATCAGCCAGAAGCCTATATAAAAACAACTGATACATATATAGAGAAAGATTCATCAGTAAATGATGAAATTGATAAACTTCGTAATGCAGCAACAGCAGCCTTGATACACAGAAGAGATGTTATTATTGTTGCTTCTGTATCATCTATTTATGGATTGGGGTCTCCAGATACATATAGAAGAATGACAATACCAAT
NZ_CP077112.1_gap11	440107	441114	1007	ACAATTGATTTTTTAGTTTCCTTAGAAATAGCTTTTATCAATGGAGTTAAAATAACAAAACCTGAGTCACAAAATATAGGAATAGAAACTAAAAAACCTGTTATGGCCATTGCTAGCTCTTCTTTACCTTTTCCAAAAATTTTTAAGAAACATAGAGCCATTTTTTTTGCAGCTCCAGAAACTTCAAAAAGTTGTCCCATCATAACTCCAAAACCTATTATGATTCCAATACTTCCTAAAGTTCCACCAAAACCTTTTGTGATACTACCAATAATTTGAGGATATTCCATTCCTCCAACAATTCCAACTATGATAGTTGCAACTATTAAAGCTAAAAATGTATGAATTTTAGTTTTTATAATCATAAAAATTAAACAAATAATACCAACTAATAAACCAATTAAAATTTGTTGTTCCATAGTATTCACTTCCTTTTTATTTTATATTTTTAAAGTTTGGTGCATATTTTGCAGCTAATTTTACAGCTTCTATCATACTAACAGCACTTACAATTCCTTTCCCTGCTATATCAAAAGCAGTTCCATGGTCAACAGAAGTTCTTAAAAATGGCATATCTAATGTTATTGCAATTGTTCTTTCAAAATCATAAGTTTTTGTAGCAATATGTCCTTGATCATGATATAGAGATAGAACAGCTACATATCTTCCTTGTAAAGCTTGATGGAAAACTGAATCTGCTCCAATAGGTCCAACTACATCATAACCTAATTTTTGAGCTTCTTCTATTGCAGGAGTTATTTCTTTAACTTCTTCATCTCCAAAAAGTCCATGTTCACCAGAGTGAGGATTTAATCCAGCTACTGCCATTTTTCCACTTACTCCTAATTGTTTTAAAGCCTTTGTACATCTTTCTATATATTCTAGAACTCTTTCCTTTGTAATAGCATCACAAGCTTTTCTTAATGACATATGACGAGTTAGGAAGAAAACCCTCATATTATCAACTTCAAACATTGTTAAAGGGTCTCTAGAATTTGATAAATCTC
NZ_CP077112.1_gap12	507101	510596	3495	CTTACCAAATAATTCTTCACAATATCTGTGAATTTCAGATTGATATTCTCCTGAGAAATTTAAGTCTATATCTGGTACTTTATCTCCTTTAAACCCCATAAAAACTTCAAATGGTATAGAATATCCATCTTTTCTAAGTTTTTTTCCACATTTTGGACAAATTTTATCTGGTAAATCTATCCCTACTCCTTCTCTTTCAATAAATTCAGAGTGTTTACATTCAGGGTTATCACAAATATAATGAGGATACAGTGCATTAACTTCTGTTATTCCCATCATAAATGCAACAAGTGAAGAACCAACTGAACCTCTTGAACCAACTAGATAACCATTATCCAAAGATTTTTTTACTAGCTTCTGTGCTGATAAATATAAAACAGAGAAACCATTATTTATTATGGCATTTAGTTCTCTTTCTAATCTTGCTGAAACAATGTCAGGTAAAGAATCACCATATATTCTATGTGCCTTTTCATAAGTCATAGTTCTAACAATTTCTTCTGCATTTTCCATTTTAGGTGGATAAAAACCTTCTGGTATAGGTCTTATTCCACTTTCTATCATATCAGCTATTTTATTTGTATTTGTTACAACAACTTCTTTTGCTACATCTTCTCCTAAATAGCTAAATTCCTGTAACATTTCATCAGTTGTTCTAAAATAAAAACCATTATTTATGCTATATTGTCTTGAATTATATACTGTTCCACTACCATATAATAAAATTGATCTTATAATATCTTCATTTTCATCAAGATAATGAACATTAGAACTAGCAGTTACTAAAATCCCAAGTTTTTTACCTAAATCATAAAAATATCTATTCATTTTTTCAACTTCTTCATAAGAACCTAATGCACCTGTTCCATCTTTTTCTATAAGTTCATTATAAGTTGATTTTGGTAACAGCTCTATATAATCATAAAATTTTGCTGCTTCTTCTAATTTTTCTAAATCATGTCTTAAATATAAATCAGCAAGTTCTCCTGTATTCATAAAATGTGCAGTTAAAGAACTTCCTATTATAAGTCCTTCTCTATTTTCTACCAAAACTGATTTAGGTATTCTAGCTTTTTTATTACCAAAGTATTTTATATGTGCTTCTGAAACTAATCTGTACATATTTTTTAAACCAACTTGTGTTTTTACTAATACCATAATATTTTTTAAAGATTGTTTCTTCACATTAACTTCAAAACCTATATTAATATCTTTCATATATTCTAAGCCTTTTTCTTTATATTTTTCTAAGAATATAATAAACATATTTGCAGTTGCCTGAGAGTCATCAACTGCTCTATGGTGTTTTTCAAGTGCTAAACCTAAGGTTTTATTTAAATCTCCCAATCCATACTTCTTTAAATCTGGAAATAAATCTCTTGCCATTTGTAAGGTATCAATTACAGAACATTGATAATCTATGTTCAAATATTTTTTTATATCTCTTTTTATAAATCCCATATCAAAAGGTGCATTGTGTGCAACCAAAACTGCATCTCCAACAAAGTCTACAAATTTTCCTATAACTTCATTTATTTTAGGTTCATTTGCAACTTGTTCATCTGTTATACTTGTAATTTCTGTTATATGATATGGAATAGGTCTTCCTGGATTAATAAGTTGTGAATATCTGTCCACTATTCTTCCAGATTTTATTTTCACAGCACCGATTTCTATAATTTCATTGGTATGAGAATTTAAACCAGTAGTTTCTATATCAAATACTACAAATTCTTCATCATCAATTTTTTTATCTTTTGGATTAGTAACCATAGGTGCTTCATCATCTATCATATACATTTCACAACCAAAAATAGCTTTCATTTTTTCTTCATCTGTTGAAAACTTTTTAGCTGTTTTAAATGCAGCTGGGTAAGAATGTACAACTGAATAATCTGTAATAGCTATTGCTTTATGTCCATATTCCTTAGCTCTTTTTATAAGATCTTCAACATCAGTTACTCCAACCATTTCACTCATTTTTGTATGTGTATGTAACTCAACCATTTTTTCTTCTGCTGTATCTTCTTTTTTAGTATTTTCTTTTTCTAAGATATTTATAGAATTTATCATTAAAGTTTTTTCATTTCCAGCATAGGTATCTAATTGAAGCTTACCACTTAATTTTAAAAGCATACCTTCACGAATATCTAATTTATCATCTTCATCTAAAAATATTTTAGAAGTAAGAGAACTTTCTCCATCTGTTATTCTTATAGTTCTTAGGATTTTTCCACTTTTCAATGTCATATCTTCCATTGAAAAAACTTCTCCCTTAACTATACAAGTTTCTCCATCATATAAATCATAAAAATTTTTTATTGAGATAGTTTCTCCTTTTATTTCTTTTGTTTTTGAGCCTCTTTTAAAGTCATTTTTAGCTTTGTATACTTGTGTTTCAGAAGTAGAACTAGTCTTTACTATTTTTTCTCTCTCAGCATTTATAGTATCTTGATGTTTTTCTATGTCCATTTTAATTTTTTCTTCAACATTAGAAATTTCTTTTGAAAAATCTCCAACACTAAAAATAATTTTATAATCTTTAACACCATATTCATCTAAAATGTTTTCTATTTTTGAAGAAATCTTAACTTCTTCCAACATAAATTTTGTATTTTCATCATTAAGTTCTATAACTATATAATTATCTTTAATATGTAGCTTATAAAAACACAAAAAGGACTTAGAGGTTGTATTTTTAGTTTTCAACCTTTCTATAGCCCTAATTGCAATAGTTTTTATTTCATCATCTTTTAAAGATAAATTTTTATTATCTGTTATAAACTCTATATCCAGTTCTCTTCCAAACTTTGAAAGGATATCTTTGTATATTATATCTATATCATCTATACAATTCATAGATGATACAGCACAATTAAAAGTTATCCTCTTAATTCTTGTATTTAAGAGAATATTTTTAATTTCTATACTTTTTACACCTAACTTAGAAAAAACTTCCATATTAGGCTCTATAATAATTTGCCTATTATTCATTTTAATTTTCTCCAAATAATCTATCCAAAATTATTGCAACAGCTGCTCTAACTGATAGATGATTATATTTTGAATTAGCTCTTATTGGTTCTAATATATAATCAGACATATCCATAACTTCATCAGTTAGTCCCCAACCTGTACCAAAAAGTAAAAGATAAGGTTTATCATCCTCAAATATTTGTTTAGATAAATTTTTATAACTTATACTATTATCAAAAATTCTAGCAGAAGTTGTTATAATTAAAGGCTTTTGTCCCTCAATTCTTTCTATTTCTTTTACAACTTCTTCTATACTCTCTGCAACATCTGTAACTCTAAATGCTTGTTCTCTGTCTTTATTATATTGACCACCTGTACCATCTTGCCAATATCCTATTATTCTTTCTGTTAATTTTTTTTGTGCATCAACAGGTACAACCAATCTATAACCTTTTATTTCATAAGTTCCACAAGACCTTGAAATATCATGTATATCAAAATTTGTTACTGAGGTACAAA
NZ_CP077112.1_gap13	520863	523169	2306	TTGAGAAATATATCTTTTCTCTTCTTTTAGCGCCAGTTTCTTTATCTTTTGAATCCACTGTAAATGAATGAGCTTCATCTGTTAATAAGACTTCTGGGATTTCTCCTTGATAGCCATTTTCTCTTAGATATCTTTCTACTAAATTTTGTGCTAATTTTTGTTTATCTTCTAAGCTCAAATTTTCATCTTTTATCAAATTAAATTCTTTTTGATGTTCATCTTTAAATTTATCTAGTAAGACTCCTTCCATTGATTCTTTAAATTTCTTTTGATTTAAGATTTCTTTTAAGCTGCCTAATTTCTTATAAGCATACTTTATTTCATTTCTCTTATCTTCTCCAATTAAATCCGTATGAAGCTCTGCATCTAAATGTTTTTCTTCATCTTTTGTTTTTTCTTGTGCCTTATTAATATCTGTATTAAATCCTAAGTCTTCTGCGCTTGTTTTCTTTCCAGATATTTCAAAGTCAGTATTTATTGCAGTAGCTCTATTTATTTGTTCTTTATCTACTTTATCATGTTTTATTGATGTATTTGGTACATCAGTTCCAATAGATATTCCTCCACCAATATTTTCATACTTATTTTTATCTTCTAAATCTTTTACTACTACTTTATTGGCTGATACTTTTAATTTTTCTTTTTCACTTTCAGAACCTATTACTGCACCAATATTTGTTAGACTATCTGTATCTATTTTTCCACCATTTCTTGCTATTAATGTAGTTTGCTTGTTTACCCATTCTTTTTCTCCACTACCTTTACTTCCATTAATATTTGCACTAAAATTAGATGGATTTGCTAAGTCTATACTAAAGCTTCCTCCATATGAGCTATCTTTTCTTTCTGATTTATCTTGTTTGCTTTCTATTACTACATTTTTGGCTTTAATATCTAATTTATCAGCTTCAACATTTGCACCAGATAGAGTTAAGTTTTCTGAATTTGTTTTTAATTTTCCTCCTACATTAACTGTTGAGTTTATATAGTTTGTTCCATTTCCTCTACCTTTTGTTCCTGCTTTTGATATTGATAAATCTGCTATCTTTCCTTTACTTAAATCTGCACTTAATCCAATACCCATTTGTGAAGATGAACTAGATGATGTAAAGTTTTCTTCACTTGCCTTTATTGTAATATCTTTTTTAGCGCTTAAATCTAAATCATTTCCAACTTTTACATCAGTACCTGAAATAGTAATACTTCCATTTTTAGATTTAATATTCATATTTCTTCCAGCTACTAATGAACTTTTTTCCACACTTTCATTATGTACTGATGATTTTGATTTGCTCTTGTTATATGAAATATTTGCTTTAAATACATCATTCATAATTTTTAAATTGTCATAACCTGCATCAGTTGCTCCTTTATAGTTTGTATCTGCTATTGCTATTGTCGCTTTTGCTCCATCTTTAATAGCTCCTACTACTTTTGAAGCATTGTTTAATATATCATAGCTATTTCCTGAAAAATCTGTTAATTCCTTTATATTTTTTGCATTTTCAACAGTATTTACTATTGCAGAGTTTATTCCTACACTTGCGCCTATTCTTGATGAACTTTATTTTGTAATATTATCATAACTATTATTTGCTGTTGATATTTCTACTCCATTATCTCCTGATATATTTATATCATTTTTTGCATAGATATCTACTGATTTAGCTTTTACTTTATTTGTTGCCTCAATATTAATATCCTTATTTGACACTATTTGAGAAGCTGTTTGGTTTACAATATCTGTATCTGATGAAAATTTATCTTTTCCATATGATACTGATATTCCTTTTGGACTAAAAGAACCTGAGAAGCCTTTTTTAACTTCTTCATGTTTATTATATGTAGCTACCTTTGTTAAAAAGAATATTGTTAATAATAAGATTGTAATTTTTATTGTAAGTGTGAAATTTATTTTCTTCATTTTTCTAATCCTATTCTTAAAATTAAATATATTATAAATTCCAACATTCGAAATAAATTTTATCAAGACAAAAACTACACTCAAACCCTTAATAAAGGTGTAAGTGTAGTTCATAATTTTTTTCAACAGTATTTGACAAACAACCAAAAAATATTAATACACACTATTGGAAAATAATAAATTATACCTGATACTAAAAATATTTTTATTATTTCTTTAAAGAAATTTAATGACAATTTTATCTTTATTTTTTGTAAAAATATTAAAGAGGAGTATCCTATAATTATACTTCCAAATAAAATTAATAGTTTATATTTTGACAAAAAGAAATAAGGCTCTTTAAAAATATAGAAAAATATTAAGATATTTGTTCCTATAAATA
NZ_CP077112.1_gap14	524285	525046	761	TTCTCTATTTTCACGACTTATAGAAAAATAATCTTCACCTTCTAACTTATCTTTCCAATAGTTAGACACCTTAGTCAAATTCTGACTTGTTTCTGGAGCAGCCCATAAACCTTCCATATATTCAGGTGCATATTCATCTAATATAAACATGTCTATATCATTATTATTTTTATCTTTTTCTTTATGTATATAAAGATTTCTTATTTCATCTGTTGCTCCATAGATAACAAATAATTTTTTTGAAAGACCTGAAATACTAATTCCTGCTCCATCAAATTCTTTAGCCATTTCAGTTAACATAGCTTCTTTTCCTTTTGTTTTAAATATTTTTATATATTTAGATTTTTTTTCTTTATCTTTTAAATTTTCTATTCCATTAGCAATAGCTTTATCTGTATCTGTATAAACATCATATGCTGTTCCAACAGCTGCTGTAACTATTAAAATTATTGCTGTTACTGTTGCTGGATCATCCCCAACATGTTCACCAAAATCAACATTAGAATAATCTTTTCCATCACTCTTTAATCCTATGGCTTTATCATTCTTACTATATTGATTTTTAAAATAATCATTTGTTGGTCTTCCTAAACTTTCTAATCCTTTTTCACTTCCATCTGGAACTAATTTTTGTCTTCCTTCAAACTTTCCTATCACATGGCTTTGTTCTTCTGCTAATGTTCCTATTACTCCTGCTTTTGTACTATTAACTGGTGATTTAGTATTTACTAGAATATATCCTATTCCTGTTTTCTTATCTA
NZ_CP077112.1_gap15	526647	529576	2929	AAATTGTTATTATTTTAGGAAAATCTTTATATATAATTTTTTGATAATCTATTAATTTATATGTTATTTTAAATTCATATCGTAAATTATCCCAATTTACATAACTAAGCCCTCTCCATTTATACTCACCCTCTATACTTACTCCCTTCGTTTTTATATTCTTAGCATAATAAAAGCATACTAATTCTTTTCCAAAATCTGGTGTCTCTGGAATTTCACTATCTATTAATCCTAATGGAGCATCTATTTTTGATAAACCTTCCATAACTCTTTTATGCATTTCTTCCATAGATTCATTATCATCTACTTTTCTGTATAACTGAATCGTTCTTTCTAATACTTTCATTTTGCAACCTCACTTTTATTTAAACTATTTCCTAACTCTTATCTCAACTATACCATCATAACCATTATTATTATTAATCCATTTCCTAAAATGACCTGCTGCTTTTTCATTTGGAAATTCATATACAACTCTTATTCCAGGATTTTGAGATTTTGCTACTTTTATTCTGTCTAATGTACCTTTTACTGTTTCCATTCCACCTTTATTCCAATAAGGAACATTTCTTTTGGCATCAATTAAACATGTTACACCATTTTCTACTTCTATTCCATCAAACTTTATAAAATTCATTCCTTCTGTATTAGGATTATCATATCGTAATGCAGGCACAACATTCTTCTTACCTACTGGAGTATTTTGCATCATAGAACCACTAGTCCCCCATTGAAATTCTTGTGCATTTACTTTTCCAGCAGGACTCTCATATATATATTCTACTCCTCTGTTTGGACTTCCTCCTTTTACTCTTCCCATTTGATTTAATTCTTTAGCAGTATAAACTTTTCTTCCTTCATAATACAAATCTTTATTTTTGTTTAAAATATTAACAGTTTTATCTACTGTATTTTTTGTTGAATCTATAATACTTTCAGAATTTTTTGCTATATCACTTGATTTATCTATTACTTTTGCTTCTTTTGCAACTGCTTTTGTTATATTTTCTGATACATCAGTCACTTTTTCAACATTTTTAGAAGCCTTTGTTATATCAGTTGTTTTATCAATTACTTTTGTTTCTTTTGCAACCACTTTTGTTGTACCACTAGATGAAATAATTTCCTGTGCCTTATTTGCAGTTTTTATTGTATCATCAACATTTAATACAACTTTACTACCATCTACAAGTACAGTTTCTACTTTTTTGGCTGGTTTTAAAAATTTTATCGCCCTTCTTCCAGTCTTAAAGATACCATTAGCAATTGGAATAGCTCCTATTATCCTTGTAGCTAAGTCAAGCTTTTCTCCAGTTACTGTATCATATCCTACAATACCTTCTGTAATCCCTTTTCCAGTCCCTAAAGGTGAGAAATCTAAGCCCATACTTAAAATATTTCTTAGAAAATTTTGATAGTTTTCATCATAAGGTAATACTTCTTCTCTGTAATATTTTCTATATTTTAGATCTTCAGGACTTATATGATCTCCAACATGTTCTCCAAAATTAACATTAGAATAATCTTTTCCATCACTTACTATTCCTATGGCTTTATCATTTTTACTATATTGATTTTTAAAGTAATCATTTGTTGGTCTTCCTAAACTTTCTAAACCTTTTTCACTTCCATCTGGAACTACTTTTTGTCTTCCTTCAAACTTTCCTATTACATGGCTTTGCTCTTCTGCTAATGTTCCTATTACTCCTGCCTTAGTTCTATTAGCTGGTGATTTAGTATTTACTAGAATATATCCTATTCCTGTTTTCTTATCTACATAAGCTGTTCCATTTTTTATATATTCATTTCCATTTTCATCTACACCTATTAATTGTGGAGAGTTACTTGGGTCTGTATAGATTACCTTTACCTTATAACCTAAATCTTCTGATACTCCTTCAAAAGCTTTTGCAATATCTTCTTGATTTTCTGCTATTTGTAATCTTGAATCTATTACATTATATATTGTTTTAGCTTGTCTTGTTTCTGCTAATTGTTGCAGTACATTTCTACTTTCTTTTCCTTGTGGATTTACTGTACTATCTACTGCATGATAAATATCATGTATTTCATTCTTAGCCTTTTGTAAATCCTCTTTAAATGATTCAGGATTTACTGCATATCTTATTGTTTGTGATTCTACAAATACATTAGTTTTTGTATCTTTATCTTTGGTTACTTCTGTCATAGTATCCAAATTCTTATTGATTTCATCTCCAGAAGATTTGCCTATCTCTACATTTCCTACAACAGTATTTTTTGTTACTGATTCTAAATCTCTATTTGCATAGTTTATTCCCACTCCACTTATTGGTATGCTACTTTGTGATAATGATACTGAACCACCTTTTGTAGTTGTCTTATCCTTATTTTCTAAGTTATGTCCTACATATTCATCTATTGATAGTTTTCCATTCCCACTTGTTCCTATTGCAGCAGCAGTATTTTCAACTTTACCTACTTTTAAGTTACTTCCTTCTCCTATTATGAAAGTTGTAGGGTCATCTACATATTTTCTTTCTCCATTTGTTTGTGAATAGTTTGCACTTATTGAAGTTGGCATTCCATTTGGTGCAAAGCCTATACTTCCACCTTTTGTACTTCCTGTTGTTGTAGATGTATTTTGTTTACTTTCAATAGTTAGATTTTCTATATTACCAGTAACTTTTCCTCCTACTTGATTAAAGCCAGAAAGAGTCATATTTTTTGTATTGTTATGTTCTTCATCTACATTTACAAATAGTCCATTTTGGTAACTAGTTCCATTTGAATTCATATTAGATTTAGAAGATGATACACTAATAGAAGCATTATCTGTTAAGACCTTTCTTCCATAACCAACATTCACTCCTGCTGATACTCCACTACTTTTACTACTAGATGAAGAATAGTTATTTAATTCAACAGCTTTTTTAGTAATATTATCTAC
NZ_CP077112.1_gap16	554527	557934	3407	CTTTAGGAATAGTAAAAAGAATATGCCTGTGAGGAATATTAAGAATATCATTAATCATTTTTTGAGTCCAAGTAGCAGAGTATTTAAAACCACAAGAAGGGCAAAGTCTAGATTTACAAGTAATAGGAATGGTATGGAAATGTCCACACTCAGTACAAGTATATTTAATGAAACCAGCTTTAATATCGCGACAAAGTAAGAATTTATTAATAGAAGCTTTAATATATTCTAAATGTTGTTGATTAAGAAAAGGGTTGATAAAATTAAGAATATGTGATAAATTAACTAGGGATAGTATTTCTTTAATCATGAGATATTACTCCTTTCTGTAAGTTTTGGTGCAAATAAATTTTACAGAAAAAGAGAGCCAATTGCAAAAGATTTTTTTAAAATCTGCAATTGGCTTTTTTTATTATTTGTGATATGTTGAATTGTAGTAACAATAATAATAAAAGAAAAAGGAAGGCGAAAGTTTATGAAAAAGAAGTTTTTTTGGCTTGTATTATCTTTAATGACATTGTTTTTAGTTGCTTGTGGTGGAGGAGAAAAGAAAGAAGAAACTACTGATTCTGCTAATGCTAACACAGAAATAAGTGGAAAAATTGTTATCTATACTTCTATGTATGAAGATATAATAGATAATGTTAGTGAAAAATTAAAAAAAGAATTTCCAAATTTGGAAGTTGAATTTTTCCAAGGTGGAACAGGAACTTTACAATCTAAAATTATAGCTGAATTACAAGCTAATAAATTAGGTTGCGATATGTTAATGGTTGCTGAACCATCTTACTCATTAGAATTAAAGGAAAAAGGAATATTACATGCATATCTTTCTAAAAATGCTGAAAATTTAGCATTAGATTATGATAAAGAAGGATATTGGTATCCAGTTCGTTTATTAAATATGGTTTTAGCATATAATCCTGATAAATACAAAAAAGAAGACTTAGCTCTTACATTTGAAGATTTTGCAAAAAGAGAAGATTTAGCAGGAAAGATTTCAATACCTGATCCATTAAAATCTGGAACTGCTTTGGCTGCTGTTTCTGCATTAAGTGATAAATATGGAGAAGAATATTTTCAAAATTTAGCTAAATTAAAAGTTGTTGTTGAATCTGGTTCAGTAGCTGTTACTAAATTAGAAACAGGAGAAGCTGCTGAAATTATGATACTTGAAGAATCTATTTTAAAGAAAAGACAAGAAGAAAATTCTACACTAGAAGTTATATATCCAGAAGATGGAATAATTTCTATACCAAGTACAATAATGACTGTTAAAGAAGATATGTCAGCAAATAAAAATATAAAAGCAGCAGAAGCTCTAACAGATTGGTTCTTATCACCAGCTGGGCAAGAAGCAATAGTTGAAGGTTGGATGCATTCTGTTTTAAAGAATCCAGAAAAAGCACCTTATGATGCAAAAGCTACTGATGAAATATTAAAATCTTCTATGCCAATAAATTGGGAAAAAACATATAAAGATAGAGAAGAATTAAGAAAAATGTTTGAAAAATTTATAACTAAGGCAAATTAATAAAGAAAAGAGGAAAATATGGTTGGACAAAAAAAATGGAGAATAGATATAAAATGGATAGTTATATTAGCAATAGTAGCTTTCTTACTTATATTTGAAGTTTTTCCATTATTCTACTTATTAATTAAATCCCTGTTTTCAGGAGGAAGTTTTTCTTGGGAAGCATATAGAAGGGTTTACACCTATGATTTAAACTGGATAGCTTTAAAAAATACTATAATTACAGCTGGTTTTACAACAATTCTTGGAGTTGCCATAGCATTTCCATTGGCATTTCTAGTTGGAAGAACAGATATGTATGGAAAAAAATTTTTTAGAACTTTGTTTGTTGTAACCTATATGGTTCCTCCTTATGTTGGAGCTATGGCTTGGTTAAGACTTTTAAATCCAAATGCTGGCGTTCTAAATAGATTTTTAATGAAAATTTTTGGCTTAGGAACTGCACCTTTTAATATCTATACAACCTCTGGAATTGTATGGGTATTAACCTGTTTTTTCTATCCCTATGCTTTTATAACAATATCAAGAGCTATGGAAAAAATGGATCCATCTTTGGAAGAGGCTTCAAGAATTTCAGGAGCTTCTCCTTTAAAAACTTTACTTAAAGTTACTATTCCAATGATGACTCCAAGTATAATAGCTGCTGGACTTTTAGTTTTTGTTGCATCAGCTTCATCTTATGGTATTCCATCTATTATTGGAGCACCAGGACAAATTTATACAGTAACTATGCGTATAATAGATTTTGTTCATATTGGTTCAGAAGAAGGACTTACAGATGCAATGACTCTTGCTGTATTTTTGATGTTGATATCTAATATAATTTTATATATTTCAACATTTGTTGTTGGAAGAAAACAATATATAACTATGAGTGGTAAATCTACAAGACCAAATATTGTAGAATTAGGAAAATGGAGATTACCTATAACAATAATAATTTCAATTTTTTCATTTTTTGTAATAATTTTACCATTTATAACAGTTGCTATAACATCATTTACTGTAAACATGGGAAAACCACTTACTTTATCAAATTTATCATTGAAAGCTTGGGAAAAAGTTTTTTCAAGAGCTTCTATTATAAGTTCAACAACAAACAGTTTTATAACAGCAACTGCTGCTGCATTCTTTGGAATTTTAATTTCTTGTGTAATGGCATATCTATTACAAAGAACAAATGTAAAAGGAAAAAGAATCCCAGACTTTTTGATAACATTAGGTTCTGGAACACCAAGTGTAACGATAGCTTTGGCACTTATAATATCAATGAGTGGTAAATTTGGAATAAATATTTATAATACTTTAACAATAATGGTAGTTGCATATATGATTAAATATATGTTAATGGGAATGAGAACTGTTGTTTCAGCAATGAGTCAAGTTCACCCTTCACTTGAAGAAGCTGCTCAAATATCTGGTGCAAATTGGCTTCGTATGTTAAAAGATGTAACCTTACCATTGATTGGGGCAAGTATTGTTGCAGGAATTTTCTTAATATTTATGCCATCATTCTATGAATTGACAATGTCAACATTGCTTTATTCATCAAATACTAAGACTATTGGATATGAATTATATATTTATCAAACATATCATAGTCAACAGGTTGCAAGTGCATTGGCAACAGCTATTTTACTATTTGTTATTTTAGTTAATTATATTTTAAATAAATTGACTAAGGGACAATTTTCAATATAGAATGGGAGGAAAATATGGCATCAGTAACAATAACAGGAGTTACAAAATCTTTTGGAAATGTAACAGTCTTACAAGAATTTAATCAAAAATTTGAAGATGGGGAATTTATAACATTACTAGGTCCATCAGGTTGTGGAAAAACAACTATGCTTAGACTTATTGCAGGATTTGA
NZ_CP077112.1_gap17	647226	648677	1451	TCTCTAAAATAGAGAGATTTTTTTGTTATTAAAAATTAATAAATATAAAAAAATCTATATTTTTAAACAAACTTAAGAGATTAGGAGGGTTAATCCAGAGGGTTAATCCATAATCCAAAGAGCTAATTTAAAAATATAGATATATTCAATATCATTTATATTTTACATTAACCCTCCTAAAAAATCAAGTTAAATTTTAAAGGAGGATTTTTTTATGAAGTTAGATTCAAAAAACTTAGTATTAAATTTATTAGGAACAGATGCAAACATTCAAATAAACAAAAAAATATTATTAACATTAAAACTGGAAGAAGCTTTCTTTCTTTCCTATTTGATTGATCAGTATAAATACTTTGAAAGAGAAGGAAAACTGAGAGAAGATGGAAGTTTTTATACTAGTAATATGGATATAGCATTATACACAACCTTTAATAACTCACAAATAGCAAGAGTGAAAAAATCAGGAGTAGAAAAAGGATTATTTAAAATATCTTTAGAAGACAGTAGAACTAAGTCATACTATTATCTAAATTTTGACAAAATATTAGAAATGATTGGAACTGAGAAATCTAATATGGAATTAGCATATAAAAGTAGATTTGATTCTGAAAAAATAGATCTTGAAATAAATAATTTAGAAGACATAGAAAATTTGAAAAAATTTACTTTTAATGAGCTTAGATTTTATTGTAAAGAAAATAAAATTAAATATTCAGGAAATGATAAAAAAGATAATTTGATAAAAAAAATTATAGAAAATAAAAATCCAAATTTAATTTCAAAATCTCATTTTTCCACAGTGAACGATATATCGTTCACTAGTGAGCAGAAAAATCGTTCACTGACAAAAAATGGGAAGTTGGAAGATGGTGTGAGCGATATATCGCTCACAGTGAGCGAGAAATCCATCACAAACCAAGAACAAATAAACCAAGAACAAAATACATGTCATGTACATGAGAAAAATAAAAAAGATGAAAAAATAGAGAGTATATTCCATGAACTTGGAATAAATTATACAGATACTAATGAAGCCAGTTGTTTATTAATATTAAATGAATTTGAAGATAATAAAATTCTCTTAGAAAAATATTTATTAATTATTCATAAGCAATTGGAAAAATTAACTAATATAAAAAATTTAGCAGCTCTTTTTAGTAAAAAATTAAAAGAGATTGATTATTCATTAATAAATAAAATAAAAAAAGAAAATAAAGATAATATTGAAAAAATTTTGGAAGAACAAAAGAAAATTAAGGATGAAGAAAGAAGGATAGAAAATAGTATTTGTATGGATAAAATCATAGATAATTTTTTAAGTTTAGATAAAGAAATACAAGAAAATGTTGTTAATTTAGCTGAACAAAAATTTTTAAAAGAAAATCCTCAGACAAATCTTGATATGTTTAAAGCAATTAAAAAAAGGTCATATAGAAGTCATTTAAGAATGA
NZ_CP077112.1_gap18	699396	704027	4631	AAAACAACACAACCCATTTCTGTATGCTTTTTAAAAGCTTCATCATAGTTGTCTACTTCAAAAGCTAAATGGAATTCTTCATCACCCAAATCATATTTTTCTGTTCTATCAGCAAGCCAAGTTAATTCTAATTGGAAATGAGTTACACCATCACCTAAATAGACTATCTTATAGCTTCCATCTTCTGCAAATTTTTCTCTTACAACTTTTAGCCCAAGAGCTTCATCATAAAATTTTATACTTTTTTCTAAGTCTAAGACATTAAAATTTTCATGTAAAAAATGAAATTTCATAAAACCTCCTTACTAAGAACTAACTATTCTTAGCATCTATTTTTGCTAAAGAAATTTTTAATTTTTTTTGAAGTTTTTTCTTTTCTTCATCAGTTTCAAGTTTTTCTAATTCTTTTTTTAAATTATCAACTAGAGTTTGTTCACTTTCAACATCAATTTCTTCTATTGGAAAAATTTCATCAGCAATTATAGTTGCTTGATTATTAGAAATTTCTAAAAATCCACCTGATAAGAAATAGATATCTCTTCTATCTTTATTAGGACTTTCAATCTCCATTTTTCCCATTGAAAGTTCAGCTACAAAAGGAGCATGATTGGGTAAGATTCCTATATCTCCCTCAGAAGTTCTAAGTCTTAAATACCCTGCTTCTTGTTCTAATATTTTTTTAACTTGTGTTACTACACTTACACTAAAACTAGGCATATTCCCTCCTTATTTTGCCAAATCTTTTGATTTAGCAACTGCTTCTTCTATTGTACCAACATATAGGAATGCTTGTTCAGGAATATCGTCATGTTTTCCTTCTAAAATTTCTCTGAATCCTCTTATTGTTTCTTTTACAGGAACATATTTACCTTCCATTCCAGTAAATTGTTCAGCAACAGAGAATGGTTGAGAGAAAAATCTTTGAATTTTTCTAGCTCTCGATACAGTAAGTTTATCTTCATCAGATAGTTCATCCATACCTAAGATAGCTATTATATCTTGAAGCTCTTTATATCTCTGTAAAACTTCTTGTACTTCTCTAGCCACTTCATAGTGTTCTTTTCCAACTACATCTTCTGATAGAGCCTTAGATGTTGAATCTAATGGGTCAACAGCTGGATATATTCCTAGTGATGCAATATTTCTTGAAAGAACTGTTGTTGCATCCAAGTGAGAGAAAGTTGTAGCTGGTGCTGGGTCTGTTAGGTCATCTGCTGGTACATATACAGCTTGTACTGATGTAATTGAACCAGATTTTGTAGATGTTATTCTTTCTTGTAAAGCACCCATTTCAGTTGCTAGGTTTGGTTGATATCCAACAGCTGATGGTATTCTTCCAAGTAGGGCTGAAACTTCTGAACCTGCTTGTGTAAATCTAAATATATTATCTATAAATAGAAGAACATCTTGTCCATCTTTATCTCTAAAGTTTTCTGCAACAGTTAATCCTGTTAATGCAACTCTAAGTCTTGCTCCAGGTGGCTCATTCATTTGTCCATAAACAAGAGCTGTTTTTGTGATAACTCCTGATTCAGTCATTTCACCATATAAGTCTCTACCTTCTCTTGTTCTTTCTCCAACTCCTGCAAAAACTGAAATTCCTCCATGTCCTTTTGCAATGTTGTTAATAAGTTCCATTATTAAAACTGTTTTTCCTACTCCAGCTCCACCAAATAATCCTATTTTTCCACCTTTAATATAGGGTGCTAATAAGTCTATAACCTTTATTCCTGTTTCAAATATTTCAGTTTCAGTTTCTAAGTCATCAAACTCTGGTGCTTCTCTATGAATAGGTAAAAATGTTTCAGCATTTATAGGACCTTGATTATCAACAGGTTCTCCTAAAACATTTAATATTCTACCAAGAACAGTTTTACCAACTGGTACTGTAATTGGTTTACCTGTATCTATAACTTCCATTCCTCTTTTTAATCCATCAGTTGAATCCATAGCAACAGTTCTTACAACATTGTTACCAAGATGTTGTTCAACTTCTAGAACAAGTTCTTTATCTTCTAATTTTACTTTTAAAGCATTATATATTGCAGGCAACTCATCTTTAAAAGCAACGTCTACAACGGCACTTATAATTTGTGTTATAGTTCCTTTGTTCACCTATTATTGCCTCCTTACCTTTTTTATTTCTGACTTTATAAAAATATAGATAATTCTTGAGTATTATCTTTTAAGATTATACAAGTAAAAATGAGTGAATTACATTCTAAATTTTAGATAAAAAATCAAATAGAATGAGCCGAGCAAATTTCGCTATGTTTGAACGAAGTGAGTTTGCCGAATTTCTTAGAAACACTTAGCAATTTATTGCTTAGAGTTTCTTAGATGCGAATTCTTGATTTTTTATCGTTAAGAAATTTAGCTAGTAATGAGCCATTTTTACTTTATACTTTAATTTTATAAAGCAGATGCTCCTCCTACTATTTCAGTTATTTCTTGAGTAATAGCAGATTGTCTGTTTCTATTATATTTTATATTCAAAGTTTTTATCATTTCATCAGCATTGTCAGTAGCACTACTCATTGAGTTTTTTCTGGCTGAGTGCTCACTGGCAGTGTTATTTAAAATAGCTTGATATATTTGTAAGTTTATAAATCTTGGTAAAAGTGCTGATAATATATATTCAGTACTTGGTTCAAATATATATTCACTATTTAATTCAACTTCTGGTCTTGCTATAGGAATTATTCTTTCACAAGTTAAATCATATCTTAAAGCTGATACAAATTTGTTATAGATTACATAAACTTCATCATAGATATGATTATTATATTTTTCAACCACTTCTTCAGAAATTTCACCAGCAATTTTATTCATTTCATCAGGAGAAATTTTTGAGAATGATTCTGAGAAATCATAGTTTCTTTTTGAAACAAAATCAATAGCCTTTCTTCCAAATGGAATAATACTAATGTTTTTATTCTTATTTTTTTCAATTAATTTTTCTAGTTCTTTAAGAGTAGAACTGTTAAAACTTCCACAAAGTCCTCTATCAGATGTTATAACTATTATAGCTATACTTTTCACTTCTTTTCTTCCATCAAAAAGAGGATGTCCTTCATTTTTAACTCCTGAAGCAATATTCCCTAAAATCTTTCTCATACTTTCTTCATATGGTCTTGATTCAGTAACTAATTTTGAATATCTTTTAAATTTAGTTGTAGAAACTATTTCCATAGCATTTGTAATTTGACGAGTAGACTGAACAGATTTAATTCTACTCTTAATTTCTTTTATTCCAGGCATAGTTTACTCCTTAGTTAAAACTCTTTTTAAAGTTTGCAATACTTTCTTTTAATCTGTCTTCCAAATCTTTATCCAAAGCTTTTTTATCAGCTATTTCAGTTAGAATGTTTGTGTTAGCTTTTAAGTATTCAAGTAATTCTTTTTCAAATCTTCTAACTTTAGAAACTTCTATATCATCTAAATGTCCATTTATAACTGTATAAAAAGATACAACTTGTCTTTCAACTGCAAATGGATGGTATTGAGCTTGTTTCAATATTTCCATTATTCTATGTCCTCTTTCAAGTTGAGCTTTTGTTGCCTTATCAAGATCAGAACCAAATTGAGCAAATGTTAAAAGTTCTGTATATTGAGCAAGTTCAAGTTTAACTTTAGATGCAACTTGTTTCATTGCTTTAATTTGAGCAGCTCCTCCAACTCTTGAAACAGATATTCCAGCATTTATTGCTGGTCTAAAACCAGAGTTAAATAATTGAGATTCCAAGAATATTTGTCCATCAGTTATTGATATAACATTGGTAGGGATATATGCAGATACATCTCCTGCTTGTGTTTCAATAATTGGTAGGGCAGTTATAGAACCTCCACCTAATTCATCAGAAAGTTTTGCAGCTCTTTCTAGTAATCTTGAATGTAGGTAGAATACATCTCCTGGATAAGCCTCACGTCCAGGTGGTCTTCTAAGTAGTAAAGACATTTCTCTGTAAGCAACAGCATGTTTAGATAAATCATCATAGATTATTAAAACATGTTCTCCTTTTTCCATAAAATATTCTCCAATAGCTACACCTGAGTAAGGAGCCATATATTGTAAAGGAGCTGCTTCAGATGCAGTTGCAGCTACAATTATTGTATAATCCATACAACCTAAATCACTTAATTTTTTATATATTTGAGCAACAGTAGATCTTTTTTGTCCTATTGCAACATAGATACATTTTACATCTTGTCCCTTTTGATTGATTATAGTATCAATAGCTATTGCAGTCTTACCTGTTTGTCTATCTCCTATAATAAGTTCTCTTTGTCCTCTACCAATAGGAACCATACCATCTATTGATTTTATACCTGTTTGTAAAGGTTCAGATACTGGCTGTCTTGCTATGATACCTGATGCTTTTCTTTCAATAGGCATATACTTATCAGCACGAATTTCACCTTTACCATCAATAGGTTCTCCTAAGGCATTGATTACTCTACCAAGTAAATTTTCACCAGCAGGAACAGATACAACTTTACCAGTTGCTCTTACTTCATCTCCCTCTTTTATAAGAGAGGCATTACCAAGGATAACAGCTCCAACGTTATCTTCTTCAAGATTCAGAGCCATTCCCATTACTCCATGAGGAAATTCAAGAAGTTCTCCAGAC
NZ_CP077112.1_gap19	764246	766482	2236	TAATATTGTCCCAATAGTTCTCATTTCTCTCTAAAATAATTTCATCATCTGTAAAACTAGAAATTTTAAAAGCTCCATTAACAATTTTTTTATCAAGATTTAGATCTCTATTCTCTTTTCTAATTGGATAAAAAATTGGATTACTTACCCATTCATCAAAATTTTTAATAGGATTATTTAAGTTAACTATAAGTTTATTATCTTGAACTTTAAGTCCAACAGAAGCTCTATCAGACTTTTTATTATAATAATCTTCAGCACCTTTTATTACAAATAGTCTGTAAATTTCATCAGATTTTGAATTTTCTAAGCTATCAAACCAACTATCTAAATAAGTATTAGCAGTTATTTTTTCTCCATCAGACCATTTTAAATCATCTCTTAAAGTAAAAGTCCATTCTTTATAATCATTGGAATGTTCTATATCTACTACACTTACAAGTCTAACTCCCTCTGTTTTAAGTTCAGTTAATCCTTCAAAAAGTTGAGTTAATAATGCTCTCTCATTTCCAGAATAAGATTGAGGATTTAATTTATATTCTTGCTTGGGCATAACAGTATAAAAAACTTGCTCTACTTTTTCAGTATCATTTATTTTATTCTCTCCACAAGCAAATAATAGACAAGTTAATACAAAAATTGATAATAATTTTAAAATTTTCATTGCTTTCTCTCCCTAAATTTTATAAAATCAGTGTAATATATTTTAACATATATTTTAAAAATTTTATAAAAATAATATTTTATTAAAAAAATATCTTGACTTATAAAATAATATATTATAAAAATATTTATAATAAAATTTTTAGGAGGATTTTATGTTGCATTATTTAGAAGTTGGAGGACCTATCCTATGGGTGCTTGTTATCATTTCCATAGGAGCTTTTGCTGTTGTATTAGAAAGAATTGTATTTTTTGCAAGGAATGAAAAGAATGTTGGAAGTAATTTTAAAGATGAAATACTTTCGTTAGTAGCTAGTAAAAAACTAGATGAGGCTATTGCTTTATGTGATACTAAGAAAAGTTGTGTTGCATCTGCTGTGAAAAAATTTTTACAAAAAGCTCCAAAAGGAATAGATGTACAAGATTATGAATTTATTTTAAAAGAAATTACTATTAAAGAAACATCACCTTATGAAAGTAGATTAAATCTTTTAGCAAGTGTTATAAGCATTTCTCCAATGCTTGGACTATTAGGGACAGTTACAGGTATGATTAGAGCATTTACTAATATTTCAAAGTATGGTGCTGGAGATGCTGCTATTGTTGCAGATGGTATAGCTGAAGCCTTATTGACAACAGCAGCTGGACTTATGATAGCAATTCCAGTTATAGTTGTTTATAACTATTTAAATAGAAGATTAGAAAAAATGGAAAATGAAATAGATGATGTGGTAACAAATATAATTAATATATTTAGGAGATAAGAATGAGCAAATATAAGAAGAAAAGAGAGTCAGCTAAATTAGATTTAACACCGCTTATAGATGTTGTTTTTCTTTTAATTATATTTTTTATGGTAACTACAACATTTAATAACTTTGGTTCAGTTCAAATTGATTTACCTAGCTCTACTATTCAACAAACTGATAAAAATAAAAGTATAGAAATTATAATTGATAAAGATGGAAATTATCATATTTCTGAAGATGGAAAGATTACCCAAGTACAATTTTCAGATTTAGATGCTTATCTAAAATCTGCAAAAGAAGCCACTGTTTCTGCTGATAAAAATTTAAAATATCAAACTATTATGGATGTTATAACTAAAATAAAAGAAAATGGTGTGGATAATTTGGGCTTAACTTTCTATGAATAGGTGGTACTATGAAAAAATATATTTTAATATCTCTTGTACTTCACTTAATGATATTATTTGGCTTTGGTATTATTCAAACAACTCAAATGGTTAAAGATGAACCTAAAAATCAAATTGTTCCTATAGCCTTTGTAGCTAAACAAACTTCTGATAATCCAGGTGGAAAAGTTTTAGACACACAGGAAAGAGAAAAACAAAGTCCTGAACCACCAAAACCAAAAGTTGAAAAAAAACCAGAAGAAAAAAAGCTAGAGGAAAAGAAAGTAGAAAAGAAACCTGAAAAGAAAGAGATAGAAAGTAATATTCCAAGTAAAGATGCTAAACCAGTTGAAAAAAAACCAGAACCAGCTACTTCTGAAAATACTCAATCTACTGAAACTACTAGTAAGGGAGAAAGTACTTCAAGTGATAATTCTT
NZ_CP077112.1_gap20	781589	785773	4184	GATAAGAATTCTGTTTATTTTGGAAATGTAATTATTTCTGACTTAAATCCAAATAAACTTAAAGTTATAGGAAATGGTTATTATACTGATGGTACAAATACTTATTTTTATTCTCCTTTCTCTGAACTTGATAAAAATTCTTCAAAATATGTTTTTCCTTATAAGAAGATAGAAAATATCAAAAATTTAAAAGCTCTTAAAGACTTTGAATTATTCGCAGTTGATGGAGAAAATATATATTATAAGGGAGAAATTTTAAAAAATGCTGATTTAAACACATTAAAAATTATAGATAAAAATAATGAATATTTTGCTGATAAGGAAAATGTTTATTATAAGTCAAAACTTTTACCAATTAAAAATAGTGGAAAGTTAAAGATTGTTTCAAGTGAACAAGGGGATACATTTCTTTATGATGAGGCAAGTGGCTATGTCTTTATAGGAGATTACACTTTTGATAAAGAAAAAGCTCCTTATAAAGTTATTGGAAATAATGGAACTAATCTTTATAATTTAATATTTATTGGTAAAGATGGAATATATTATTATGACAGTGAAAAGAAAAAGCAATTAAAAGCTGGAGATAATATTTTTATTGGAAATATAGAAGAAATTGCTCCTAATATTTTTACTGATGATAAGAATATTTATTATTTCTCTGCTTATAGTGTAAGGTCTGGTAGTAGAAAAAATCTCGGAGAGTTATTGTCAAGAAATACAGATATATATTATTTAGATAAAAAAGATGGCTGGGAAAAAGTAAAAGATATTAGAGAAGGCAGTATTGGTAGTATCTGGAAAAAGGGAAATAAATACTATTATTTTAACAACTTAGGGATTTTCAATTCCATAGATAATACTGTTTATAAAATTTCTGACAAAGAAACACTTAATTATTTATTATCAAAAGCTAATGATGAAACAGATGATATTAAAAGTGAGGGTTTAACAGCAATTAATACAGATTATATTAGAGACCTTATAAAAAATGAAAAATTAATAGTAGTTTCTGGTGAAAAAAAAATGACTATAACTATAAAATATAAAACTGATATAGTTGATAAAATTTTTAAATATTCTATAAGAATTTTTCTTGTTGTTTACTTTATTTTTATTATTTTTAAAAATTTTAGAAAATCTAGGGGGAGTAAGTAATGAGAATGAATGAGTTTGACGATGATTTAAAATTTAAAAAGAGAAGGACTTCTGATACTGTATTTATAATTAAAATTGTTTTTATTATATTGACAATATTTGCAATTTTATCATCTGTTCTTTTTATTTCAAAAATGGGAAGTTCAGATTCTTATGAAATAGAAGAAAAAGGTGAAAGATATGGAAATAGTGAATTTATTAAATATCAAGGAAAAATTTCTGTTGCTATTCCTAGTGGAGGAAGATATTTTTTAAATGGTGTTGATATAAATTCATTTAGAACATTAAATTCAGGAGATAGAACTACTAGAATTGTTGGTTTAGATAAAAATTCTGTATATTTTGGAAATATTCCCATTTCTGACTTAAATCCTAATAAACTTGAAGTTATAGGAAATGGTTACTATACTGATGGTACAACTACTTATTTTTGTTCACCACTTTCTGAAAAAAACAAAAATTTATCTGTTCCGATGAAGATTTTACAGTCTTTAACATATGCTTTTTCAAAGACTAAAAGGGCTCAAGATTATATCTATCCTTACAGAAAGGTAGAAACAGATAAAAAAATAATAGCAGTTCAAAATTTTTCTTTTTTTGCAACTGATGGAGAAAAAGTTTATTATAAAGGAGAAGTTTTAGAAAATGCAGATTTAAATACTTTAAAAAGTGTTGATGGATATAATGAATATTTTGCAGATAAAGAAAATGTTTATTATCAATCAAAACTTTTACCAATTAAAAATAGTGGAAAGTTAATAGTTGTTTCAGGTGAGCAAGGGGATGAATTTCTTTATGATGGGGCAAATGGCTATGTTTTTATAGAAGATTATTCTTTTGATAGAGAAAAAGCACCTTATAAAGTAATAGGAAATAATGGAAATCATCTATACAATTTGGCTTTTGTTAATAATGAAGGTATTTATTATTACGATAATCAAAAAAAGAAACAATTGAGAGCAGGAGATAATATCTTTGTTGGAAATGTAGAAGAATTAAGTCCTAATGTTTTCATGGATAATGAAAATATTTACTATTTTCATGCTTATGATGTATGGAAAAGAAGAAAACATAGTGGAGGTAGAGTTTTAAGTTCAAGAAATACAGAGATATATTACTTAGATAAAAAAGATGGTTGGGAAAAAGTAAAAGATATTAAAAGTGGTACTATTGGTAGTATATGGAAAAAAGGAAATAAATATTATTACTTTGATAATTTAGGAATTTTCCAATTGATAGATAATGCAATTTATGAAATAAGAGATAAAGAAACATTGGAATATTTATTAAATTACAATGAAGGAAGTGGCAAAATAGGAGAATTTATTGAAAATGAAAAGCTAATAAAAATTGAAGGAGAGAAAAAAATAGAGATTAGAGTAAAGTATACAACTTTCTTTCTTCCTTTTAAAATTTCAGGATTACTAGCCTTTATTTTAGGTATTGTTATAGCCAAAGTTTCACATTATTATAGGGAGAAAAAAAATGCAAAAAAAATCTAGAATTTCATTTATAAAATTTATTTTCATTATTTATGTGATAATTTTTATGTTTCTTTCCTTATCTTATATTCTACTTTTAATGAAAAAATCAGCCTCAAATTCTGATGAAATAGAGATAAATGGACAGAAATATGGAAATACCCAATTTGTAAAATATAATAATCAAATATCTATTCCTGTTCCTAGTGGGGGAAGATATTTTTTAGAGAATGTTGATTCATTTAGAGTATTAGATTCACAAAATTATTCAGATAGAAGTACTTTAATAGTTGGCTTGGATAAGAATTCTGTCTATTTTGGAAATATTCGTATTCCTGACTTAGATCCAAATAAACTTAAAGTTATAGGAAATGGCTATTATACTGATGGAATAAATACTTACTATTGTTCTGATATGTCTGAAAGAAATAAAAACTTATCTTCTCCAATGGAAATCTTTCAGACTTTAATATATGCTTTTTCAAAGACTAAAAAACCTCAATCTTATATCTATCCTTATAAAAAGGTAGAAACAGATAAAAGATTACAAGCAGTTGCAAATTTATCATTTTTTGCAAGTGATGGAGACAAAGTCTATTATAAAGGGGAAGTTTTAGAGAATGTTGATTTGAATACTCTAGTGCCTATCGATGGTCAGTATACATATTTTGCTGATAAAGAAAATGTTTATTATCATTCTAAACTTCTACCAATTAAAAATAGTGGTAATTTAAAAGTTGTTTCACTTAATCCAGATGATAAATTTCTTTATGATGAAATAAATGGCTATGTTTTTATAGGAGATTATTCTTTTGACAAAGAAAAAGCTCCTTATAAAATTATTGGAAGTAATGAAACTCATCTTTACAGTTTAATATTTGTTAGTGATGATGGAATATATTTTTATGATAGTGAAAACAAAAAACAAATAAAGTTGAAAGATAATATCTTTGTTGGAGATATTGAAGAAATTAGTCCTAATGTTTTTACTGATAACGAGAATATATACTATTTTCAAAACTATGAAATATGGAAAAAATATAAAAATAGAGGAAGTTTCTTAGCTTCAAGAAATACAGAAGTTTATTCTTTAGGTAAAAAAGAATCTTGGAAAAAATTAGCTGATATAGGTAATGAAAATATAGGTAGTCTTTGGCAAAAAGATAATGAATATTACTATTTTGACAACTTAAAAAATTCTTCCTCAAAAGTAGATTATAGAAGTACTATTTACAAAATAACTGATAAAAGTACTCTTGAAAGCTTATTATTTTATCCAGAGTATATAAATGCTGAGAAGATAGATGAGTTTATTTTAAATAAAAACTTTCAAGATGTTAAAGGTGAAAAACTTTTTACTGCAACTATAAAATTTCATAATGTTCTTAAAATATTTTTAGGAGTTCTATTAGTATTAGGCTTTATTTTTATAGTATTTTTCTTATATTTAAACAAACTTAATAAGGAAGATGAAAAAAATATAGATAAAATGCTACTTGAAAAATATAGAAATATAAAACCCTTATCTAAAAATTATAATGATAAAGA
NZ_CP077112.1_gap21	787366	790108	2742	TTATTACAATAATAATGAAGAAGAAAAGAAAGAAGATAAAAAAAATCCTACTTCAAGCAAAAATTATGATGATGAAGAAGAAATAAAAAAAGAAATAGATAAAATAAAACCAATAGTTAAAAATTATAATGATATAGAAGATTTAACAAAACAAGATAAAAAAATAGATTCTATAATTAAAAATTATAATGATAAAAAAGAAGAAAAATAAAGTTAAAAATTTTTTAATATTTTTAAAAAATAGTGTAGATTTTTTTTATTTGTTATGATATAATAATATGAATTTCTGTTCGATGGGAGGAAAAATGTCAAAGAAAGATGTTATCGAATTGGAAGGTACTATAGTAGAAGCCTTACCTAATGCTATGTTTAAAGTAGAATTAGAAAATGGACATACTATACTTGGCCACATCTCTGGAAAAATGAGAATGAATTACATTAAAATTTTACCAGGAGATGGAGTAACTGTACAGATCTCTCCTTATGACTTGTCGAGGGGTAGAATAGTTTACAGAAAGAAAAACTAAAATTTGAAAGGAGGTAAAAATGAAAGTAAGAGTATCAATAAAACCTATTTGTGACAAGTGTAAGATTATTAAAAGACATGGAAAAATAAGAGTAATCTGTGAAAATCCTAAACATAAACAAGTTCAAGGATAATGTGTAAGATCAAAAGTACAGCATGATTTTAATATAATTAAGATAATGAAGTACTGTAAAGACATGGTGAGTCGTAGGACCATCTCCATAATTGCAGAATGGGACATGTCGATGAAAGTATTAGCCACTAAAAGAATGTGGTGTAATATATAATAATAACCTTTAAAATTTTATTTTAAAAGAGGAGGAAAAATTTTGGCTAGAATAGCAGGAGTAGATATCCCAAGAAACAAAAGAGTTGAAATAGCTCTAACATATATTTATGGAATTGGAAAACCAACTTCTCAAAAAATATTGAAGGAAGCTGGGATAAATTTTGACACTAGAGTTAAAGATTTAACAGAAGAAGAAGTAAATAAAATCAGAGAAATCATAAAAGATATTAAAGTTGAAGGAGATCTTAGAAAAGAAGTAAGATTATCTATAAAAAGACTTATGGATATCAAATGTTACAGAGGATTAAGACATAAAATGAATCTTCCTGTAAGAGGGCAAAGCTCAAAAACAAATGCAAGAACTGTAAAAGGTCCTAAAAAACCTATAAGAAAGTAATCGAATTTTAGATATTTAAAGACTTAGTAAGGGAGGTAGCTTAAATTGGCTAAAAAAACAGTAGCTAAGATAAAAAAGAAAAATAAAAATATTCCTAATGGAGTAGCTCATATACATTCAACTTTTAATAACACAATAGTTACAATAACTGATGTGGATGGAAAGGTTATAAGCTGGAAATCAGGAGGAACTTCTAATTTCAAAGGAACTAAGAAAGGAACTCCATTCGCAGCTCAAATAGCCGCTGAACAAGCAGCACAAATTGCTATGGAAAATGGAATGAGAAAGGTTGAAGTTAAAGTAAAAGGACCTGGTTCTGGAAGAGAAGCTTGTATCAGATCACTTCAAGCTGCAGGATTAGAAGTTACAAAAATAACTGATGTAACTCCTGTGCCTCATAATGGTTGTAGACCACCAAAAAGAAGAAGAGTGTAATCGTATATTTGATAAAATATAAAGGAGGAATATTAAAGAATGGCAAGAAATAGACAGCCTGTTTTGAAGAAGTGTAGAGCTTTAGGAATAGATCCAGTTATCCTAGGGGTTAAAAAATCTTCTAATAGACAAATAAGACCTAATGCAAATAAAAAACCAACAGAATATGCAACTCAATTAAGAGAAAAACAAAAAGCAAAATTTATATATAATGTAATGGAAAAACAATTCAGAAAGATATATGAAGAAGCAGCAAGAAAACTTGGAGTAACAGGTTTAACTTTAATTGAATACTTAGAAAGAAGACTAGAAAATGTAGTTTACAGACTAGGATTTGCAAAGACTAGAAGACAAGCTAGACAAATAGTATCTCATGGACATATTGCTGTAAATGGAAGAAGAGTAAATATAGCTTCTTTTAGAGTAAAAGTAGGAGATGTAGTTTCTGTAATAGAAAACTCAAAAAATGTAGAATTAATTAAATTAGCAGTAGAAGATGCAACTCCACCAGCTTGGTTAGAATTAGATAGAGCTGCATTCTCAGGAAAGATTCTACAAAACCCAACTAAAGATGATTTGGATTTTGATTTAAATGAATCTTTAATAGTTGAATTTTATTCAAGATAATGTAATCCTTTTGATAGGAGTTGATATAATGTTAAAAATAGAAAAGCAGGCTAAGGCAATAAAGATAACAGAAGTTAAAGAAAGTAATTACAAAGGTCAATTTATTGTAGAACCTTTATATAGAGGTTATGGAAATACTTTGGGAAATGCACTTAGAAGAGTTTTACTTTCATCTATACCTGGTGCAGCAATAAAAGGTATGAGAATAGAAGGTGTATTGAGTGAATTTACTGTTATGGATGGTGTTAAAGAAGCTGTTACAGAAATAATTTTAAATGTTAAAGAAATTGTTGTAAAAGCTGAAAGTTCTGGTGAAAGAAGAATGTCACTTTCTATAAAAGGACCTAAGGTAGTAAAAGCAGCAGATATTGTTGCAGATATTGGTCTTGAAATAGTAAATCCTGAGCAAATTATTTGTACTGTAACTACTGATAGAACATTAGATATGGAGTTTATAGTGGATACAGG
NZ_CP077112.1_gap22	844140	847109	2969	GGAACAGGTGATTGGAAATTCTATTGGAGCAATGGAAAGGTTTCAGAAGAAGGAAAGTACAAAGCTTGGAGAAAAGATGGAGTTTGGAAAAAATATAGAGAAGATGGAAGTTTGGATACTATAATAAAATATGATAATGGTAGACTTCTAAGTGAAAAATGGCAATAATATGCTAATTTCAAGGATAAAACAAGTTTATCAATATATTTTTTCTAATTTTGATGATAATTGGAATAATGAAGTAAAAAAAATATTATCAGAAGAAGAGTTTTTAATTTTTTCTAAAATGGGAAAATACGATAAAATACACTCATATAAACTTTATCAAAAAGTAAAGACTAATAAGATTTTATCTTTGCAGGAAATTTATCTAAAATTAGCACTTTTACATGATAGTGGGAAAGGAAAAGTCGGACTTTTTAGAAGAATAAAAAAAGTTATAATTGGAGACAAAATTTTAGAAAAACATCCAGAGATAGCTTTTGAAAAATTAAAAAATATTAATTTTGAGTTAGCAGAATTATGTTTACAACATCATAATAAAGATGTAGATGAGAAAATGAAAATTTTTCAAGAATTAGATGATAAATAATTATTGAATATTATAATTTTATGATAAAATAGGGAGGAGATTTTCCTTCCTTTTTATTTTACTAGATGAGAGGTGTTAATATGGTTGAATTTAATTGGGATAGTTTTATTAAGGAACTTGAAAAATTTCAAAAGGGAATAGAAAATATAGGGGGCTATATTAGAGAAACTAAAATTGAAATTCCAGCAAAGGAAGAAGAAATTTTAGAAGTTGAAAAAAAGTTAGGTTATAGTTTACCAAAAGATTTTAGAGATGTACTTTTAAATTATTCGTCACATTTTGAATATTTTTGGTCTACCTATAAAGATCCTGAAGAAGAACAGATAGAATTTCCAGAAAAATTTTGTGCTATATTTGCAGGAAATTTACATTGGGGACTGGATTTATTATTAGATTTTGAAAAAAGTAGAAAAGATTGGGTAGATGTTTGTTTCCCTGATTATAATAATGAATATGATAAAGTTTGGCATAACAAATTAGCTTTCTATAAGGTTGCAAATGGAGATTATTTTGCTATTGAATTAGAAAAAGAAAATTATGGAAAGATAGTATATTTAAGCCATGATGGTGGAGATGGACATGGTCATTATTTAGCAGATAATTTTAAGGAATTATTAAATAATTGGTCAAAAGTTGGTTGTGTTGGTGGAGATGATTGGCAATGGGAACCATTCTATACAGAAGGAAAGGGTATAGATCCTGAGTGTGAAAATGCAAAACTATGGAGAGAATATATTTTTAATAATATAAGAAAGTGAGGGAATATGTCAAAAATTAATAATGACTGGAAAGAGATTTTAGAAGAGGAATTTCAAAAAGATTATTTTGTGAAATTAAAAGCTATTCTTGAAGAGGAGTATAAGAACTACACTGTTTATCCACCTAAAAAAGATATACTAAATGCTTTTTTTCTCACTCCTTATTCAGAAGTAAAAGTTGTACTTTTAGGGCAAGACCCTTATCATCAAAAAGGACAAGCACATGGACTTGCATTTTCTGTAAATTATGGAATAAAAACTCCACCTTCACTTGTAAATATGTATAAAGAATTACAAGATGATTTAGGACTATATATTCCAAATAATGGCTTTCTTGAAAAATGGGCAAAGCAAGGTGTGTTACTTTTAAATACTACTCTAACAGTTAGAGATAGTGAAGCTAATTCTCATTCTAAAATTGGTTGGCAAACTTTTACAGATAATATAATAAAGAAATTAAATGAAAGAGAAAAACCTGTAATATTTATATTATGGGGAAATAATGCTAAAGCTAAAGAAAAATTTATAGATACTAATAAACACTATATTCTAAAAGGAGTTCATCCTAGTCCTCTTTCAGCAAATAAAGGCTTTTTTGGTTGCAAGCATTTTAGTGAAGTAAATAGAATATTAAAAGATTTAAATCAAAAAGAAATTGACTGGCAAATAGAAAACAAGGAGCTAAAAACAGTTAATAAAATTATATAGAAATATGTGCTAAAGTATAAAAATGTATGAAAGGTAGTAGAAGATGTATAAAGCACTAAAGATAGAATTAAAACTAACAAATGAACAGAAAATACAAGTAAATAAAACCATTGGAGTTGAAAGGTTTATATATAATGAATATATTAAATATAATCAAGAACAATATAAATTAGGTAATAAATTTATTAGTGCTAATGATTTTTCTAAATATATCAATAATATATATCTTCCTAATAATCTTGATAAAAAATGGATAAAAGAAGTATCTTCTAAATCAGTTAAACAAGCTATTATTTATGGAGAACAAGCATTTAAAAGATTTTTTAAAGGTTTAAGTGCTTTTCCTGTTTTTAAGAAAAAAGGTAAAAATGAGTTAGGTGCATATTTTGTTAAGAACAATAAAAAAGATTTTGAATTTTACAGACATAAAATAAAGATACCTACATTGAAATTTGTAAGAGTAAAAGAATATGGATATATACCTAAAAATGCAAATATAAAAAGTGGTACTATAACTAAAATAGCTGATAGATATTTTCTATCACTTATTATGGAAGTTGAAGATACTATAAAAGTAATTAATACAAGTAGTAAAGGATTAGGAGTAGATTTAGGTATAAAAGATATAGCTATATGTTCTGATGGTAGGGTATTTAAAAATATAAATAAAACTAAGAAAGTTAAAAAGTTAAAAAAGAAACTTAAAAGAGAGCAAAGAAAAATGTCAAGGAGTATAGAATACTCAAAGTCTAAAAAAATAAAACTAAGAGAATTAAAAAACTTTAATAAGAAAAAGTTAAAAGTACAAAAGATATTTTATAGATTAAATTGTATTAGAGATGATTATAATAATAAGATAGTAAATGAAATAACAAGAGCCAAGTTAAAATACATTACTATTGAAGATTTAA
NZ_CP077112.1_gap23	848700	849674	974	TTAAAAATGGTAATAGAATAATAACAATCTTTGGTTGTGGAGGAGATAGGGATAGAACTAAAAGACCTATAATGGCAAAGGCAGCAGAAGACCTATCAGATATTGTAATACTTACTTCTGATAATCCAAGAACGGAATCTCCTGATCAAATATTTGATGATGTAAAAAAAGGTTTTATAAAATCAGATGATTATTTCTTTGAACCTGATAGAGAAAAAGCAATAAAATTAGCTATTAACATGGCAGAAAAAAATGATATAATATTAATCACAGGTAAGGGACATGAAACTTATCATATAATTGGAACTAAAAAATGGCACTTTGATGATAAAGAAATTGCAAGAAGAGAAATTGTTAGAAGAAAGATGGTGGAAAATGTTAATTAATGATGTAAATAAGGTAAAAGTTGGAAACATTGTATTTGGAGGAAAGAAAAGATTTGTTCTAATTGCTGGACCTTGTGTTATGGAATCTCAAGAATTAATGGATGAGGTTGCAGGAGGAATAAAAGAAATTTGTGATAGATTAGGAATTGAATATATCTTTAAGGCTTCTTTTGATAAAGCTAATCGTTCTTCTATTCACTCATACAGGGGCCCAGGATTAGAAGAAGGAGTGAAAATGCTTGCTAAAACAAAAGAAAAATTTAATGTTCCTGTTATTACAGATGTACATGAAGCTTGGCAATGTAAAGAAGTTGCAAAAGTAGCAGATATTTTACAGATACCAGCATTTTTATGTAGACAAACAGATTTATTAATAGCTGCTGCTGAAACGGGTAAAGCAGTAAATATTAAAAAAGGACAATTTTTAGCTCCTTGGGATATGAAAAACATAGTTGTTAAAATGGAAGAATCTGGAAATAAAAATATAATGCTATGTGAAAGAGGAAGTACATTTGGATATAATAATATGGTAGTAGATATGAGAAGTTTACTTGAGATGAGAAAGTTTAATTATCCAGTTGTTTTTGA
NZ_CP077112.1_gap24	860449	863133	2684	GCTACTACAAGAGCAGGACTTTTAAGTGCACCTTTAAGAGATAGATTTGGTGTCAGTCATAAGATGGAATATTACAATGAAAATGAAATTAAATCTATTATTATAAGAGGGGCAAAAATTTTAGGAGTAAAAATTAATGAGGATGGAGCAATAGAAATTTCAAAAAGAAGTAGAGGTACTCCAAGAATAGCAAATAGACTTCTAAAAAGAGTAAGAGATTATTGTGAAATTAAAGGAAATGGAGCAATAGATAAGTTAAGTGCTAAAAATGCCTTAGATATGTTGGGTGTTGATAGTAATGGTTTAGATGATTTGGATAGAAATATTATTAACTCCATAATTGAAAACTATGATGGAGGACCTGTTGGTATTGAAACTCTATCTCTCTTATTAGGAGAAGATAGAAGAACTTTAGAAGAAGTTTATGAACCTTATTTGGTAAAAATTGGATTTTTAAAAAGAACAAATAGAGGTAGAGTAGTAACTCCTAAAGCATACCAGCACTTTAAGAAAGTTGAGGTAAAGGATGAAAATAAACACGAAAGTTAGGTATGGTTTGAAAGCATTGGCATATATTGCTGAAAATTCAACTGATAAAAAATTAGTAAGAATAAAAGAAATATCAGAAGATCAAGATATATCAGTTCAATATTTAGAGCAGATACTTTTTAAATTAAAGAATGAAAATATTATTGAAGGAAAGAGAGGACCAACAGGAGGGTATAAATTAGCAATAGAGCCTAAAGAAATAGACTTATATATGATTTATAAAATTCTAGATGATGAGGAAAAAGTTATAGATTGTAATGAAATGGGAGAAGGTAAAACACATAGTTGTAATGAAGCAGGTTGTGGTGATACTTGTATTTGGAGTAAACTTGATAATGCTATGACAAAAATTTTGTCTGAAACATCATTACAAGATTTTATTAACAATGGAAAAAAAATATAGGAGTATAGAAATTGTTAAGTGTTGTTGTAACAGAGGTTTATGATGATTTTATTTTAGTTGTTGATATGGCTGATATAAACCATATTAAAAATGTTTTTAGAAAAGTAAAAGGAGATAAAATTAGAGCTGTTGATGGCACTAATGAATATCTTTGTGAAATAGAAAAAATAGAAGATAAAGAAATAAAATTAAAAATCTTAGAAAAAACAGAAGATAAATTTTCCTTAAATATAGAAGTAGATGCAGGTATTTCAATATTAAAAGGAGATAAGATGGATTTAACTATCCAAAAATTAACTGAGTTAGGAATAAACAAAATCATTCCAATTTCAGTCAAAAGATGTGTAGTCAAATTGGATAAGAAAAAAGATAGATGGGAGATAATTTCAAAAGAAGCCTTGAAACAATGTCAAGGAGTTGTTCCCACAGTTATTGATGAAATAAAAAAAATTGACAAATTAAATTTTAAAGACTATGATTTAATTTTGGTTCCTTATGAGAATGAGAAAGAAATATTTATAAAAGAAATTTTTAGAGATTTAAAAATAAAGCCAACTAAAATTCTATATATAATAGGGGCAGAGGGTGGCTTTGAAAAAGAAGAAATTAATTATTTAAAAGAAAATGGAGCTAAAATAATAAGTCTTGGAAAAAGAATATTAAGGGCAGAAACAGCAGCAATAGTGACAGGAGGAGTAATAATAAATGAGTTTTTCTAAAAAGGTTGCTTTTCATACCCTAGGTTGTAAGGTCAATCAATATGAAACAGAAAGTATAAAAAATCAACTTATTAAAAGAGGATATGAAGAAGTTCCTTTTGAAGATAAATCAGATATATATATAATAAATTCTTGTACTGTTACAAGTATAGCAGACAGAAAAACTAGAAATATGTTAAGGAGAGCTAAAAAAATTAATCCTGATGCAAAAGTTATAGTTACAGGTTGTTATGCACAGACAAATAGTAGAGAAATTTTAGAGATAGAAGATGTAGATTTTGTTATAGATAATAAAAATAAAAGTAATATAGTGAACTTTGTGGGAGCTATTGAAGATATAAGTTTTGAAAGAGAAAAAAATGGAAATATTTTTCAAGAAAAAGAGTATCAAGAATATGAATTTGCTACTCTTAGAGAGATGACAAGAGCCTATGTAAAAATACAAGATGGCTGTAACCATTTTTGTTCATATTGTAAGATACCTTTTGCTAGGGGAAAAAGTAGATCAAGAAAAAAAGAAAACATCTTAAAAGAAATAGAAAAATTAGTAGAAGATGGTTTTAAGGAAGTAATATTAATAGGTATAGATTTAAGTGCCTATGGTGAGGATTTTCAAGAAAAAGATAATTTTGAGGCTTTACTTGAAGATATTTTAAAGATTAAAAATCTAAAAAGAGTTAGAATAGGTTCTGTTTATCCAGATAAAATAACTGATAGATTTATAGAATTATTTAAAAATAAAAATTTAATGCCTCATCTTCACATATCTTTACAGTCTTGTGATGATACAGTTTTAAAGAACATGAGAAGAAATTATGGAAGTTCACTTATAAGAGAAAGCTTATTAAAACTAAAATCTAAGGTTGAAAACATGGAATTTACAGCAGATGTAATAGTAGGTTTTCCTAAGGAAGATGAAATTATGTTCCAAAATACTCATAATATTATAAAAGAAATAGAGTTTTCAGGTTTACATATTTTTCAATACTCAGATAGAGAAGGAACTATTGCAA
NZ_CP077112.1_gap25	885282	886319	1037	TCTAATTCACTCTTTAACATTTCAAAAAATCTTTTTACATTTTTATTAACATCATTAACTGACATCCCTTGATAAACATCTTCATTGTCAACTATGATTTTCCAAATTTTATTTAACCAGTCAACTATATCTTGTTCTTTTAATTTATCTTTATCATATTCTATTAAAACTTTACTTGTTAGGTATGAATATTCAACAGATTTTATACCATTTTTTAATTTTATAATAGCAGTTATATAATGTTCATGTTTTTTCATCTGTTCAGGAAATTTATCAAGTGAAGGAATAAGAAGTCTTATTCTACCAGGAATACTATGTACAATCTTAACCTTATTAAACATCAAATAAGTTTTTTTCAATATATTTTTAAACATCTTTTCTTCTTAAACTCCTTTTTTTGATAAAAGTCTATATGCCCACCAAATTAAAGTTGCTCCGCTTGGTAAGAACATTTCATTTTTAAATTTCTTTATTCCATAAATTAAAAGCATTGTTCCTGCTAATGTTTTAGCATCAAATAATCCCTTAGTTTTATTATATATAGTTATATCAGCTAGTTTTCCAAGACTTGAAAATGTATTCTTTATTTTACCTTTTCTATCTTTTAAGAGTTCTTCATCTAAATTTAATAATTTTAAAATAATTCCTAACATAAATTGAGAATCAATTTGAGAATTATCAAATTCAACAGTTAAACTTCCAAGACTTTGAATAATTTTAAAGTTTTTTATAACAGAGATTTTTTTTAGATTTTCTGTTAATTCATTAATTTCTTCTCTATTATTTTTTAATTTATCAATTTCTATTCTAAGTCTATTTTTAGTAAGACTCTTTACTTCAAAAATTCCATAGAAATTAGGTAATAACATTTTATCTTTCATATTTCCTCCTTTCTAAAAATATTTTTATTTTCAAATTATCTAATATTTTATATATAATTTTGAAAAATTTTATTATTTTGATTATAACTTAATAATTAAATTTATGCAAGTATTTTTTTATCATGTATAGATTTTTATACTCAATATTTAAGGTAT
NZ_CP077112.1_gap26	993389	998074	4685	CACATATTTTAGGAAGAAATGATGAGCAATATCTAAGAAAACTTGGAATAGATGTTACATCAGATCAAGTTTTTCCAACTGAAAATTTATATTACAATCAATAAAAAAAATTCTCATAGCCTTATTAATTTAAAGCTATGAGAATTTTTATTAATCATTATATTTAGGACCAGCATTTGTAATATTTTCTGGCATATTTGGGTATTTTTCTTTAAAGTTATTATAGAATAGATTAGCTAATTTCTTAGCAGCTACAATATATTTATCCCTATCTGGCCAAGTATCTATTGGATTCATAATTTCACTAGGAACACCTGGACAAGATTGAGGAATATCTAAGTTAAATATATCATCATGCTTGTATTCAGCATTATCAAAATATCCATTTAATACCGCAGTTACCATAGCACGAGTATATTTTAAGTTTATTCTCTTACCTGTTCCATAAGCTCCACCTGACCAACCAGTGTTAATTAAATATACTTTTGTATTATGTTTTTTTAATCTTTCTCCAAGCATTTCAGCATATACACTTGGGTCCATAGGCATAAATGGCTCTCCAAAACATGTTGAGAATGTAGGAACAGGTTCTTTTACTCCTAATTCTGTTCCAGCTAGTTTTGCAGTAAATCCAGTTACAAAGTGATACATTGCAGCTTCTTGACTTAATCTTGAAATTGGAGGTAATACTCCAAAAGAATCTGCTGTTAAGAATATAACAACTTTTGGTATTCCACCTACTCCTGATAATTCAGCATTAGGAATATAATGTATAGGATATCCTACTCTTGTATTTGGGGTTATACTTGCATCTTCATATTTAATTTTTCTTGTTACAGGATCTACAACAACATTTTCTACTAAGCTTCCAAATTTAATAGCACGATAAATTTCAGGTTCACTTTCTTCAGTTAAGTTTATACATTTTGCATAGCATCCACCTTCAAAGTTAAAGATACCTTTATCACACCAACCATGTTCATCATCACCAATCAATTTACGATTAGGATCTGCTGATAGAGTTGTTTTTCCAGTTCCAGATAATCCAAAGAAAATTGCAGTTTCATGAGTTACTGGATCCATATTTGCTGAACAGTGCATAGGTAAAATATTTTCATGAGGCATGATATAGTTCATTATAGAGAATACACTTTTCTTTATTTCTCCTGAATATCTTGTTCCACAGATAATAGCTAGTTTACTTTCAAAATCAATTATTATTGCAGCTTCTGAATTTACTCCATCTATTTCAGGTACACAGTGAAAATTAGGTGCTGAAATAATAGTGAAATCAATATTATTATTTTCATTATATTCTTCATCTGTTCTAATTAATAATTGATGAATAAATAAGTTTTGACTAGCTAATTCATTTATAACACGAAATCTTCTTGTGTATTCTGGATTAGCTCCTGCTCTTCCATCAAAAATAAAAATTTCACGATTTTGTAAATAAGCAACTAATTTTCCAAAAATTGCATTAAATTTTTCTTTTTCAATAGGTTGATTTCTACCCCAATCAATATACTTATGAACTTCTGGAGTGTCTACAAAAAATTTGTCATCTGGTGCACGACCAGTATATTTACCAGTTGATATAACAAAGGCACCAGTATCACTTAATATTCCTTCATTATTTGTCAAAGCTTTTTCTACAAGTTGTGCAGGGCTTAGATTATAATGCACTGCTACCATATTACTAATTCCTAATTTTTCAAGTCCATACATTTTCATAAAAATCTACCTCCATAAATAGAAATCGTTAAATTTTTAAACTTTGTGGGCTAATTTTTAAAATTTTATCTTAAATACATAATAATCTAGTTTTAATTAAAAAGCAACTTTATTTATTTAAAAAAAGATAAAAATTTAATCTATTTTAGGATAAATTTTATTCAAATTATATAAAATATATATAGTATATGATAAAAATAAATAAAATATATTAATTTTAAAATTATAAATAAAAAAATCCTAAATTAATAGGATTTTTAATTATTATTATTTTTCTGAATATACAGAAATTTGTTTTTTATTCTTTCCTAATCTTTCAAATTTTACATATCCATCAATTAAAGCGAAAAGAGTGTGATCTTTACCAATTCCCATATTATTTCCTGCATGGTATTTAGTTCCTCTTTGTCTAACTATGATGTTTCCAGCTTTTACAACTTCTCCATCATATTTTTTAACTCCAAGATATTTAGGATTAGAGTCTCTTCCGTTTTTAACAGAACCTTGCCCTTTTTTATGTGCAAATAATTGTATATTAAATAAAAATTGCATTTACTTTTCCTCCTTTTCTACAAGTCTAATGTATTTAGGATACTGCTTAGCTAATTCTTTTAAAAATAAAGCCATAGATTCTGTGAGTATATTTATTTCTGTAAATTTATTTTGGCTAATATCTTTTAAATCAACATCAAGAAAACCATCATTTATTTTAAATTTAGGTTCTAACTTTAACACTTCTTGAATTCCTGCTAAAGTCATTTGTAATGATGTCGAGATAGCAGAACAAATAATATCACTACCTTGTTCTGAATATCCAGAATGTCCGCTTGCTTTATATCCTACTATACTACCATTTTTTCTAAAAATTTCTACCTTAGTCATAAACTATGCTATTATTGAAGTTACTTTTACTTCAGTAAAAAGTTGTCTATGTCCTCTTTTTCTGTGACTAGCTTTTTTAGGCTTGTATTTGAAGTTAATTACTTTTGGACCTTTACCTTGAGATAAAACTTCCACAACTACTTTTGCTCCTTCTACTAATGGTTTACCAACTTTAACTGCGTTGTCTCCACCAGCTACTAAAAGAACTTCTGTTAATTCAACAGTTGTATTAACTTCAGCATTTAATTTTTCTACTTTTAATACATCACCTTCTGTAACTTTATACTGTTTTCCACCAGTTTTAATTACTGCGTACATATTAACACCTCCATATGTAATTCGCTAATATAAGGTTGCTGAACACCTTTATTATGCGTTAATTCTACTTATGATATCATAGAAATTTAAGTTTGTCAATAAATATTGCTCATTTAATTTCAAATTTTTTATCTTTTACAATAATAGCTTGACTATTATTTATTGTAATAATATTTAATTTATCCTTATATTTTTCAACTGTTTGTTTTGAACTTTCCTCAAAAGGAAATTCATTTAAGTGAGGAACTATATAAAAATCAACTAAATTTAATCCTGAATATTCTTTTAAATCTTTTGCAATAGTTTTATCATCCATTAAATCAGTATATTCTATATCTTTGGAAGTAATTATTGCTCCTGCTGATTCTCCAATATATACCATTCCTGAATTAACTCTATTTTTTATAAAATCAATTAAATTTTTTCTTTTTAATTCTTGTAGTAAATAGAATATATTTCCTCCACCAACGTACAAATAATTAGCTTTTTCTATCTTATTTTTAATAGCTTTTTCATCAAGTTTTGAAATTTCTAAATCTTCTACTTCCATTCCTAAATTTTTAAATACTCCTTTTGCTTCATCAACTAAAAATTTAGTTTCTTCATCTATGTTAGCAGTTGGAATAAATAATACTTTCTTTCCCTTGGTATCATTATTCATAAAATCTTTAAATGTATCTTTTACTCCTGCGAAATACGAACATAAAAACAGATTTTTCATAATTTTAACATCTCCTTTTTTATTTTTTAAGTTATTATTAGCAAAAGAAAATTGTGAAATAAATGTGAACTACTCACGACTAAAGTCGAGAGCTTCATAAGATAACTGAAAAAGTAAGTTATCTTCTAAGAAGTTTGGTTTTAAAACCCTTATTCTTTTTGGCTAGTCCACGATAGCCACTACTGGATAAGACTTGCGTCTACACCACTACTTTTATCTGTATATTATATTTAAAAAGAACAACTATACAGAACAGTGAATATTTTACAAGGCTACTGTTTACTAGCCTTAACTCCATATATTCAGTTGCTAATGTTCTAAGTATATTATACACTAAAATTAGTAAAATTACAAATTTTAGTGCAACATTTTCAATGTTGGTGTTATTCTCACGAGTGTTCTAACACATTTTATAAAAGTTAATAAACAAAAAATTTTTAATACAGATTTTTTTATTTTATTCCCCCAAAATTAATATTTGAAATATACCAAATAAAATCATAAGACTAGCTCCAATTAAAGCTAAAATTTTATGTAATTTAAAATTCTCTTCTTCAACCAAAGTCTTTTTAAAAGTATTAGCTAAAATTCCAAAAAATAATATCACTAAAAATATTCCTGTTGACATAGATAAAGTAAATAAGAATAAATTTTCACTAAGTCCAAAACTTTCTAAAAATAAAAGTACCGTCATTACACCAGGACAAGGACAAAGTCCTAAAACAATAGAAAAACCTAAAATATTTTTTACCTTTGTTTCATGGCAATGTTCACAACTTTTATTTCTTAAAACTGAATAAATATTATATAAACCAATTAAGATAATTAAAACAGAGGCAATTAATCTAGTTCTATTATCTAAATCATAGAATAGCATCATAGAGGCTTTATCTGAAAGATTTATAATAAATTTTACCAATATATAAGCTGATAAACCTTGTAAATATGCTATTAAAAAAGATACTAATAACAATTTAGGAAAATTTAATTTTTCTTTTACTGAATATGTCAAAACCAAAGTTTTACCATG
NZ_CP077112.1_gap27	1001094	1002478	1384	GGTTTGGAGAAACACTAGATCCAGCATTAGACTGGGATGGTTGGACATTAACAAGAGCTGCTGTTGGAGAAACATTAGTAACTGTTGATGAAAACTTACAATTAGTTGGACAATTAGCAGATTCTTGGGAAAATGTTGATGAAACAACTTGGAAATTTCATATTCGTCAAGGGGTAACTTTTCAAAATGGAAATCCTTTAACTCCAGAAGCAGTAAAATCTTCTATCGAAAGAACTGTAAAAATGAATGAAAGAGGAGAAAGTGCTTTAAAATTAGCTAGTATAGATGTAGATGGAGAATATGTAATTATAAAAACAAAAGAACCTTATGGTGCATTTTTAGCAAATATATCTGACCCTATGTTCATAATAGTTGACACAAGTGCTGATACTTCTAAATTTAAAGAAACTCCTATTTGTACAGGTCCATATATGGTAACTTCATTTAAACCAGCTACTTCATTTGAAGCAGTTGCTTATGAAAATTATTGGGGAGGAAAACCTGCACTTGATAGTATAACTGTATTTGATATAGAAGATGATAATACAAGAGCACTTTCTTTACAATCAGGAGATGTTGATATGGCTCAAGGTATAAGAGCTGGTGATATAGCTTTATTTACTGATAATAAAGATTATATTGTTAAGACAACAACAGGAACTCGTATTGAATTTATGGCGATGAATACAGCAAAAGCTCCTTTAAATGATAAAAATATTCGTCTTGCTATAAATTCAGCTGTAGATTATGATACTATTGCAAAAGTTGTTGGAGGAGGAGCAGTTGCAGTTGGAGCTCCATTCCCAGCTAGTGCACCTTATGGTTATAATGAATTAAATAAGGCTGCATATAACCCAGAAAAAACTAAATCTCTTTTAACAGAAGCTGGCTATAAAGATACAAATAATGATGGCTATGTAGATAAAAATGGAAAAAATCTTGAACTAAATGTTTATGGAAATACTGGTGCTAGTGGAAGAGGAGGTACAACCATATCTGAACTTTTAGAATCTCAATTAAAAAATGTAGGAATAAAGGTTAATATTAAAGTTGTTGAAAATCTTGATGAAATTGAAAAAAATGGAGAATTTGATCTTCTATTCCAAAACTGGCAAACAGTTTCAACAGGAGATTCTCAATGGTTCCTAGATAATGCTTTTAAAACAGGTGGAAGTGGAAACTATGGTAAATATAGTAATAAAAAACTAGATGATTTAATTAATAAACTTGCTACTACATTTGATGCAAAAGAACGTCAAAAAATAACAAAAGAAGCTAGCCAAATAATAATAGACGAAGCTTATGGAACATATATAGTAAGTCAAGCTAATGTAAATGTATCTAATAGTAAAGTAGAAAATATGCATAATTTTCCAATAGATTA
NZ_CP077112.1_gap28	1025661	1028764	3103	ATCTGTATATATAAAAGAACAAGGGCAATATCCAGTTATATTTGTTTCTATGAAAGGAATAAAAGATATAACTTGGGAAGAAGCAAAATCTTCTTTAAAAATATTAATCTCAAAATTATATTCAGAATTCAAATATCTTCTTGATGATTTAGATGAATTTGATTTACCTCGTTTTAAAAAATATTTATTAGCAGATATAGACTTTGCAAACTTAAAAAATGCCTTAGAATTTTTAACAAGAGTCCTATATGAGAAACATAAAAAGGAAGTAATACTTTTAATAGATGAATATGACAGTCCTTTAATTTCAGCCTATGAGCATAATTATTATGATGAAGCTATTAATTTTTTTAAAGTATTTTATGGAGAAGCTTTAAAAACAAATAATTATTTAAAGATGGGAATTATAACTGGAATTATCAGAGTTATCAAAGCTGGAATATTTTCTGATTTAAATAATTTAAGAGTATACTCTATATTGGATAAACAATATTCTGATTTTTTTGGATTTACAGAAAAAGAAGTTGAAAGAATGTTAATTGATTTTAATATAGAATACAATTTACCAGAAGTAAAATCTTGGTATGATGGATACAGGTTTGGAGATACAGAAGTATACAATCCTTGGAGCATACTTAATTTTGTTCAAAATAGAGAACTTGAAGGTTATTGGATAGGAACATCTGGAAATTTTTTAATAAAAGAAGTTCTAAAAGATAGTAATTCAGAAATTAATATTTCCTTAGAAAAATTATTTAATGGTGAAAAAATCGAAGAAGTGATTACAGGAAATTCTGATTTATCATCTTTACTTAGTTACCATGAAATATGGGAGTTACTTTTATTCAGTGGATATTTAACAGTTGATAAAAAAATTGATGAAGATGTTTATTCTTTAAGGCTACCTAATAAGGAAATAAGGAAATTTTTCAAAAATGAATTTATTGATATAACTTTTGGTGCAAGTGAATTTAGAAAATTTCTCTAAGGAAGCATTAGAGCAGATAATTAATAAAAAATATAACATTGAATTAATAAAAAAAGGTATAAAAGATATAACCTATATAGGAATAGCTTTTTATAAAAAACAATTAAGAATCAGTTATAAGTAAGTTTTCAAGGGGGAATAATGAAAAAAATTTTAATATTAATACCAGCTTTAAATCCACCAAGACAATTAATAGATTATGTAAAGTCTTTATTAGAGAATGATTTAAATGATATTCTTTTGGTTGATGATGGGAGCAAAGAAGAATTTAGAGAAATATTTGATACAATAGAAAAAATTCCAAATGGAAATATAAAAGTATTTAGGCATGCAAAAAATTTAGGTAAGGGTAGAGCATTAAAGAATGCTTTTAACTATTTTCTGACTTTACCTAATTTAGCTGAATATAGTGGAGTTGTTACAGCCGATTCTGATGGGCAACACAGAGTTGAAGATGTAATAAAACTTGCAAAGGAAGTAGAAGAGAATCCAGATAAATTAATTTTAGGTTGTAGAAATTTTGATTTAGAACAAGTTCCACCAAAAAGTAAGTTTGGTAATAAAATTACAAATGGTGCTTTTAAATTATTTTATGGTAAGAATATTTCAGATACCCAAACAGGTTTAAGAGGTTTTCCAACCGCAATAATAAAAGATTTCCTTGATATAGCAGGAGAAAGATTTGAATATGAAACAAAGATGTTAATTTATTGTTTTCAAAAAGAAATTGGGATAAAAGAAGTTGTTATTGAAACTATATATTTTAATGATAACTCAGAAACACATTTTAATCCAATAGTTGACTCTATAAAAATATACAGAGTTACTTTATCACCATTTTTAAAATATATTGCTTCAGCAACTTCATCATTTATTTTGGATATTTTATCTTTTAAATGGATACTAGCTATATTAATAGCCTTTGGAAATATAGAAGGAGCAACTGTTATAACTATTTCAACAATAATAGCAAGAATAATATCTTCAAGTTTTAATTTCTATTTAAATAAAAAGTTTGTTTTCAAGTATGAACAGAATACAAAAAAATCTCTTTTAAAATATTATAGCTTATGTATAGTACAAATGTTATTATCTGCTGTTTTGGTTAGTATAGTTTGGAAATATACTAAATATACAGAAACAGGTATAAAAATAGTTGTAGATAGTGTTCTATTTTTATTAAGTTATTTTGTTCAACAAAGATGGGTATTTAAAAGGAAATAGTTATAAGGAGAGAACTTTAAATGAGTGAAATAATTTTATCCAATGAACAAATATCAGTTGCTAGATATTCAGAAAATGGAGTTATTAGAATTAATGGTGGACCAGGAAGTGGAAAGACATTGGTTGCTGTGAAAAGAGCTATTTTTTTAGCAAAAGAATATAAATATGCAGAGAAAAATGATAAAATTCTATTTCTTTTTTATAACAAAAGTTTAAAAAATACCATACAAAAATTATTTAATTCAGATAAAAATTATGAAGAAGTAAAAGATAAAATTGAAATAGAAAGTATTGATAGCTTTTTTGTTAAAGAATATCTGAATAAACTTAATGAAGAATTTCTTACATTTTTAAAAAGTGCAAAAAATAATAAAGATTTTAAAAGGTCATTTGAGGAAGATAGAAAAGAGAGAATAGAAAGTATTTTAAATTTAAAAAAAAGTGAATTTAAAAGATTTTCTTCAAAAGATACAGAATTTGTTTTAAGTGAAATAGATTGGTTAAGAAATTGTTGCTACACTAAGAAAGAAGAATATATTGAAACTTCAAGGCTCGGTAGAGGTAATCAACCAAAATTAAGTAAGACAGATAAAGAAGAAATTTATAAGATACTAGATTTATATAGAGGTAGTAGAGAAAGAACATTAAGATATACAGATTTTTATGATATTGCTTTATTATTTTTATTTTACTATGAAAAAGAAGAAAATAGAGAAAAAATAAAGAAATATAATCATATTATAGTTGATGAAGCTCAAGATTTATCTAAAATACATTTTAGATTTATTAATTTAATTTGTGAAATTTCAAAGACCTCTGGAAACACAATGTCATTATTTATGGATAAAAATCAAAGTATATATTCAGCACAGGCTTGGATATATGGAAGTA
NZ_CP077112.1_gap29	1034305	1036596	2291	TTCATATTGAATTATTTGAGAGCTTGCAATAGATTTTAGTTCTTTTATTTGTTCTCTATATATTATTGATTTTTCAAAATCCATATCCTGAGAGGCTTTATTCATCAATACTGTTAATTCATTTATTAATTTACTTGTGTTACCTCTTAAAACTTGTTTTAAATTTTCAACATCTCTATTATATTCTTCCTTTATATCCTTATATACACAAGGTCCAGTGCAACTTTTCATATAGTATTTTAAACAAGGTCTTGGAGATACTTTTTTCATATCTCTATTACAATCCCTTATTTTAAATAATTTCATAAGAATATTTTTTAATCTCCAAGCACCATAAGGATATGGTCCAAAGTACTCTCCACTTTTAATATCCAAAGCTTTTGTTGTCCTAACAATTTTTATGCTTGGAAAATCTTCTTTACTTATCTTTATAAAAGGATAGGTTTTTTCATCTTTTAAAAGTATATTATACTTAGGAGAATATTTTTTTATTAAATTGTTTTCTAATAATAAGGCATCTATTTCAGTATTGGTAAGGAAAAACTCTATATCTTCAATATTTTTAACAAGTTCATTGGTTTTTTCATTTTCATGAACTCTATTAAAATATGAAGAAACTCTATTTTTAAGATTTTTAGCCTTTCCCACATAGATAACCTTATCATTTTTTTTCATCAAATATACCCCAGGTGATTCTGGAATATCTAGCTTACCAATGTCCAAGTTCTTTCTCCCTATGACTTACATAAATATTTATATGATTTAATACCTTACTATTTTTTAAATCCTCAGCTAATTTATTAACAAAAGTTACTGATCTATGTTGTCCACCACTGCAACCTATTGAAATGGTTAAATGTTTTTTACCTTCTTTTACATATTGTGGAATTAAAAATTCAAGAAGTGGTAGTAATTTAGAGTAAAACTCTTTACTTTCTTTTTGTGATAAGACATATTCTTTAACTTCTTCATCAAAACCATTTAATTCTTTTAATTTCTCTATATAGTATGGGTTAGGAATAAATCTTACATCAAACATTAAATCACTATCAGTAGGTATACCATATTTATATCCAAAAGATTGAATATGTATATTTATATTCACATCTATATTATCTTCATCTTTTGCTAATATAAATTTTTTAAATCTCTTTTCTAATTCAACAGTTTTTGTATCTGTTGTATCTATCACTAAATCTGCTATTTCTCTTATAGGAAATAATATTTTTTTCTCTTTCAATATACTTCTTAATAATGTTACTTCTTTTAAAGGATGTGCCCTACGGCTCAATGTATATCTTCCTAGAATAATTGCCTCATGTGCTTCTATAAAGACAATATCCATTTTTACACCAGATTCTTTAATATAGTTTATAAATTTAAAGAAGTCTTTTGTATTTTTAAATGTTCTAATATCTATACCTACTGCTAATTTTTCTATTTCTGTATCTAATAAAGATTTTTCAAGTCCTAAAGGAAGATTATCAATAGTGTAATAGTTCATATCTTCTAAAATATTTAAAGCAGTTGTTTTTCCTGCACCACTTAAACCAGTTACAATAATGATATGTTTTGTTTTCAATTTAACCTCTTAACCCCCTTAATTAATTTATTTTGCTACATTACCTGCCACATTCATAATATCCCAAGTTGTTGAAAATGGAGGTGCATATAAGAAATCCATGTTTGCTAATTCTTGAACTGTCATTTTATTTTGTATAGCAACTGCTAATGAATCAGATCTTAGTGCTGCTCCTCTTTTTCCTGCAACTTGTGCACCTAATAAAATTTTTGTATCTGCATTATAAATAAGTTTTATATATACATCTTCTCCACCAGGATAATATGCTGAATGATCCTCTCCATCAACAAAAACAGTCTTATAATTTATATTATTATCTTTAGCTTCTTGCTCTGTTATTCCTGTTCTAGCTGCTTCAAATTCTAAAACTTTTATTCCTGCTGAACCTAATGTTCCTATAAATGCTTTATTAGCACCAGTTAGATTTTCTCCAATAAGTCTACCTAATTTATTAGCTGTTGTTGCAAGAGCTATATATACATTTTTTTCTAAAACTGAATGATAAACTGTTGCACAATCTCCTGCTGCATACACATTAGGAATGTTAGTTTCTCCAAATCTATTTATTACAATAGCACCATTTGTAAATAATTCAATACCTGTATCTTTTAAAAATTCTGTATTAGGTTTAACTCCTGTTGCAACTATTATTAAGTTTGCAGCATATTCTTTTTTATCTGTTTTTAAACCTATAACTTTATTTTCAAAA
NZ_CP077112.1_gap30	1148299	1150379	2080	AAATAATATAACATACATAATATAACAGATGTTTTTTTTGTTGTCAATTATGTTTTATATTTTTAAAAGTTCTTCAATAGATTCTTTACAAACTTGTAACATTTTATCTATTTCTTCATAAGTAATAATATATGGAGGCATAAAATAAACACTATTTCCAATAGGTCTTACAAAGACACCTTTTTTTAATGCTAAGTTATAAATTTCTCTTCCTATTCTAATATTTGGAAGAAGATTATCTTTTAATTCAATAGCTCCAATAAGTCCAATATTTCTTATATCTTTTATATATGATTTATCTTTAAAAGTATCTTGCATTTTATTTTTAAGATATAAGCCTTTTTCATTTATAGTTTTTAAAATATTTTCTTCTTTAAATATTTTTAAAACTTCTAAAGCTATTCTACAACCTAAAGGATTACCTGAATATGTATGAGAATGTAAAAAAGATTTACCTTCTTTATAATCAGCATAGAAAGCATTAAATATATCAGTTGTAATACAAAGCATAGCTATTGGATAGTAACCTGATGATAAACCTTTGGCAATACACATCATGTCAGGCTCTATTCCAGCATGCTCACAGGCAAACATCTTACCAGTTCTACCAAAGCCCATAGCTATTTCATCATCAATCAAATGAATATTATATTTTTTTGTTAAATCTCTTGATGCTTTTAAAAATCTAGCAGAATATATTTTTATTCCTGCTGCACCCTGTACTATAGGCTCAACTATCATACAAGCAATTTCATTATGATTTTTTATAATTAAATCTTCCAATTCTTTTATACATTCATCTTCAAGTTTAATAAACTCTTCATTAGATAGTTTAGAATCTATATAAGGTACTCTAACTTTTCTACCTTCTTTTATTAAAGGTCTGTATGTTTCAGTAAAAATATCTACATCTCCAACTCCTAATGCACCTATTGTTTCTCCATGATAGGCATTTTCAAGAGAAATAAATTTTGTTTTTTGAGGATTTCCAGTTTGTAAGTGATATTGGAAACTCAATTTTAAAGACATCTCAATACAAGAAGAACCATTATCAGAAAATAAAAATTTGTTAATTCCCTTAGGTAAAACTTTTGTAAGTTCTTCACATAATTCTGCTGCTGGTTCATGAGCAAAATTAGCAAAAATAACATGCTCTAAAGTATTTACTTGTTCAGTTATAACTTTATTTATTCTTTCATTACAATGTCCAAATAAATTTACCCACCAACTAGATATACAATCCATATATCTATTTCCATTTTCATCTATTAAATAAAGTCCATCACCTTTTTTTATAACTAAAGGAGGATTTTCTTCAAAATCTTTCATTTGTGCACAAGGGTGAAAAACATATTTTAAATCTTTTTTTTGTAATTCAGATAAATTATTAATCATTATATAAACTCCTCTCAATTTATTAATAAAAAAGCCATTACAAATTTTTTATAAATTTTTATATTTGTAATAGCTTTTATATTTTAATTAAAAAATTTTTCTATTTCTTCATTAGAAATTTCTTTTTGTCCATTTTTAATAATTAGATAGTTTTCAATTTTAGATAATTCTAAAATTACTTTTATATTATCATCTTCAAAAAATTGCCCTTTATAATTATTGAATACTAAACCATGTAGCTTAATTCCCATAGTATTAAGAGCATTTAAAGTAAGCATAGTATGATTTATTGAGCCTACTTTTGTTCCACAAACTAAAACAACAGAAAGATTAAATAATTTTATTAAGTCATAGATATAGAATTTATCTCTAATTAAAGGAACATAAAGTCCTCCAGCTCCTTCAACCAAAATATTAGAATATTTTTTCTTTAAATCTTCAAAATGTTTCTTAACATTTTCTATTTCTATTGTTGTTCCTTCCATTTCAGAAGCTAAATGTGGTGAAACTTCTTCTTTTAAAGTGTAAGTTACCATAGAATCATCATAATCAACACCTATAAATTTTGTTAAAAAATCTACATCAGGTGCTGTTAACTTTCCATCTTTTGAAAAGCAACCACTTTGTATAGGTTTATAATATTGAAAATTATGTTTCTTTAAAGCTTTATATAATAGAGTACTAA
NZ_CP077112.1_gap31	1154135	1156156	2021	AACAGTAACAATTTTATTTTCAGTTGATGTTGTATCAGATTTTTTTTCTCCACAGGCAACTAAAAATAATGAAAGTAAAAGTAACAAATAAAAAATTTTTTTCATTTTTCTCATCTCCTTAAAATTATGATAATAATATATTGTTTAACAGTGTACTCCTATTTTTAAAATAATAAAAATATATATAATTTATATTAAAATGATTTTTATTTATTTAAAAAATTAATTTTTTTAAAAAAACTTGAAATATTAAGTATTTTCGGTTATCATTGTTAATGAATAAAGTTAAGAATATTTTGAAAAAATTAAGAAATATGTTATTATAAAGACAAGCTATTATAATTTACATAAGAAAGGTACAGGAGGGCAAATGGCTAAACAAAAATATTATGCTTATTTTTTTGATGAAAAAAATAATGGAATAGTAGATACTTGGGTTGAATGCGAAAAGATAGTTCATGGAACAAAAGCCAGGTATAAATCATTTATAGATAGAGCAGTTGCTCAAGATTGGTTAGATAGCGGTGCAAATTATGAAAAAAAAATTAGCTTAAATACTCCTGTGAATACAATACTAGAAAAGGGGATATATTTTGATTCTGGCACAGGTAGAGGAATTGGAGTAGAAGTTAGAGTTACAGATGAGAATAAGGAAAATATTTTAGATAAAATATCTCCAAATTCATTGGAAGAATTATTAAAAAATACTACTTGGAAAAAAAATGAGTTTGGAAATATTCAGTTTGAAGGAAGAAAAACAAATAATTTTGGAGAGCTTGTAGGATTTTATTTAGCTCTTAACTGTGCAAAATTATTAAAATGTAATCTTATTTTAGGAGACAGTCGTTTAGTTATAGATTATTGGTCTTTGGGACGATTTCATGAAAATAATTTAGAATTAGAAACTATAAATTACATAAATAAAGTTATACAATTAAGAAAGGAGTTTGAAAAAAACAAAGGAATAGTAAGACATATCTCTGGGGATGTTAATCCAGCAGATTTAGGTTTTCATAAATAGGAGGTTTTAAATTGGAGGATAAGTTTATATTATTTAGTAATGAACATTTAATAACAGTAGGGATTGGTTTTATTTCCTGTATTTTATTAGTATTTTTAGGTTTTTTTACAGAGAAAAAGGCAACTTTTGCTAAAATTGTAGCTATTGCTGTCTTAGGAGTAAAAATAGCAGAATTACTATTTAGACATCATTATTATGGAGAAACAGTGGCTGAGCTTTTACCACTTCACTTATGTCCAATAGTAATAATACTTTCTATTTTTATGATGTTTTTTCATAGCGAAGTATTATTTCAGCCAGTTTATTTTTGGTCAATAGGAGCATTTTTTGCAATACTTATGCCAGATATAAGAGATGGAATGAGTAATTTTGCTTCTCAAAGTTTTTTTATAACTCATTTCTTTATTTTATTTAGTACAGCTTATGCTTTTGTGCATTTTAGATTTAGACCTACAAAAGTTGGTTTTCTTTGTTCATTTTTATTGTTAGTAACACTTGCATTTATTATGTATTTCGTAAACAATAAATTAGGAACAAATTTTCTGTATGTTAATCATCCACCAGTAACAAAGAGTTTAATGGATTTTATGGGACCATGGCCATATTATATATTCTCACTTGCTGGAATAGATATAGCAATTTCTTTCTTTATGTACTTACCATTTAGAAAAAATAAAAAATCAAAATATGGAAGTTGGAAAAGTTATTAAGATATATAAAAAAGGAGCTTTAAGCTCCTTTTTTAGTTAAATTCATTACAAAACTTAAATTTAATAATTTTTTAATCTCTTTTTCTATAAATTCTAGGTGAAACTAGAATTAAAAGTGGAATTATTTCCAAACGTCCTAATAACATTCCCAAAGATAAAATAAATTTTAAAAATGGAGAAAATAATCCAAAATTTGAAGTTGGACCAACTGCACCAAGTCCAGGACCTATGTTATTAAATGTAGCAAGTACAGCACTTAAAGCTGTTATAAAAGTGTCAGATTCCCAAGC
NZ_CP077112.1_gap32	1157527	1159815	2288	ATAGGTGATATTCCCATATTTTTTTCACTTGGGAAAGGTAACCATTCTTTTAGTTCAGCACTTGGATTAAAAATAGCAAATGTAGGTATTCCAATACCTTGTGCTAAATGTCTTGCTCCTCCTTCATTCCCTATGTAGTAGTCACAATTTTCTAAAAATGGTACTAAATCCTTTATTGTAGGAGTTTCAATTGAAGAAAAAATATTTTTAGTATTCCCTATTTCTCTATGAATTTTTTGTATCTCATCTTTTTGGTCTGCAGAATAGAAAAATATTATTTGAGCATCATACTTATCAATTAAATATTTTACAACTTCTTTCATTTTATCAATAGGATAAATTTTATGAGCAACTCTTGAATAAATTGAAAAAGCAATAACAGGTTTAGAAAAATCCACTCCTACTTCTAGCATTTTTTGTCTGTATTTCTCTTTTTCTTTTTCTTTTGCAAAAAATTTAAAATCATAGTCTTTTTTTACATCAAACCCTGCTTCCTCAAATGGAGGAAGAAGCTGATTTAAAAATTTATCTACCTTATTTAAAGATTCCTTTTCTTTCATTTTATAGTTATAGAAAAAACCTCTTTTTTTCTTATATCTACCTACTCTAAAAGGTGCTTTTCTTGAAAACATACAAAATAGTTCACTCTTAGGAGTAGACATAATATCAATAATAATATCATATTTTTTTCTAGTAACATTAAAAACTTTCTTTATATATTTTAAAGGATTTTTTTGCTCTTTTTTGGTTATGGTAATAACATTATCTATATAAGGGTGTCCTTCAAAAAGTGGGCTAGCCTCTTCATACAAGACAAAATCAACTTTTGAATTGGGAAAAGTCAATTTTAAAGAATGACATAATGGCAAACTTAAAATAGCATCTCCTATTCTTTTAAACCTTATAACTAAGATATTTATATTGTCATTTTGACTAAACACAATTACTCACCTTTTTCTTCATTTTCATCTGTTTCTATAAACTCTTCTATTAGCTCATCTTCATTTTCAACTTTTTCATCTTCATTTCCAAATCTTTTATAAAAATATGTAAGTATATTTAGTAAAACATAAGTATAAGAAATAATGAATACACTGTAATCTAATGTCCAATACATAGTTACTAAAAGCCCTAAAATAATAAGTAAAGCTAATTTCTTTGGAATAAATGAGAAAGTTTTGTCAGGAGTTTTAAATGGTATTGTACTAACCATTAAACTCGCTGATATAACAGATATTGCAATAAAAATTTTTATATCAAAGATGTGTAAACCAAATTTTTCATCTAAAACATTACAAATCATAAGATAAGATACAACCATTGCTGCAGCATTAGGAATAGGCATTCCACTAAAATCTCCCTTTTCACTTGAAGCAACATTTATGATATTAAATTTAACCAATCTCATTACACCACAAAGTGCATATAAAAATGAAACTGGAACCACAAATGGACTTCCTGGAACATTTTTTGTTAATATTGAATAAATTAACATTGATGGAGCTAATCCAAATGAAATGGCATCACAAAATGAGTCAAATTCTTTTCCAAATTCACTAAATGCATCTAATTTTCTCGCTGTTTTTCCATCTAAGCCATCACAAACCATAGCAAGTAAAATAAATAGTATTGCCATTTTATAATTTCCCTTTATTGATTCAGTTATACTTAAATAACCTAAAAACATATTTCCTGCTGTAATAAGATTAGGAGCAATATACTTCTTTTTAACCATTTTTCTTACCTCACTTTTTTTGAATAAAATAATCTCCATAATTATAGCATTTTTTCACTTAAATTTCTATTTCAATAATTTTATTTCTTTTCCTATTTACAAAAGTTAATAAATAGTGTATTATATCCGTAGATGATTAAAATAAAAATTCGTATAAGCCTAAAATATGGAGAGGTGTCCCTACGGTTAACCGTAAATTAACCAGCTACGAAAAATGTTTTACTGTATTTCTTTTGATATATAGAGATTTATTTTTTGTATGCTTTTAAAAAATGGAGGAAACAGTGAAATTAATAATTATAAAAAACATAAATAAAATAATATTTAAGCTTGCTGTTTTCTGTGGGATAGTTGCGAACAGTTATAAGTGTGAGTTGTAATCTGTAATCTGAGTGTTTTACTCAGATTTTTTTATTTTTTAACTATTTATAAACTATTATGGAGGAAAGAATGTCAGATTTAAGATTTTTTGTTGAAAAGAAAAAAGGTTTTGATTTAGATGCAAAAAGATTAGAAAAACAGTTTAGAGAAGAATTGGGGGTAAATGTCAAAA
NZ_CP077112.1_gap33	1170740	1175138	4398	AATAGATACAATTCCAATGAAAGTAGGAAGACAAAAATTACTTCGTATTTCTAAAGCAACAGGTGATTATGAGCACATAGATATTGTTTGGAATCCAAAAACAAAGAAAATTGCTTTCTATGACATGGAACATAAAGAACTTAAAGATATTACTGATTTTATTGACTTTATAGAAAACACTTCATCATATATGCAAAAAATAATTGAAGGTGAATTATAGAATTTAAAAATAGGAGAATGATAATGAAAGTTTTAATAGTTGGTTCTGGTGGTAGAGAACATGCAATAGCTTGGAAAATTTCTCAAAATCCGAAAGTAGAGAAAATATTTGCAGCACCAGGAAATGCTTATAATAAGGTTATAAAAAATTGTGAAAATATAAATTTAAAAACTTCTGATGATATTTTAAATTTTGCTTTAAAAGAAAAAATAGATTTAACAATTGTTGGAAGTGAAGAATTATTAGTTGATGGTATAGTTGATAAGTTTCAAGAAAATAACTTAACTATATTTGGACCAAATAAAGAAGCTGCTATGCTTGAAGGTTCAAAAGCATTTGCAAAAGATTTTATGCAAAAGTATGGAGTTAAGACTGCTAAATATCAATCTTTTACTGATAAAGAAAAAGCTATAAAATATTTAGATGAAATGTCTTATCCAGTTGTAATAAAAGCAAGTGGACTTGCAGCAGGAAAAGGTGTTGTAATTGCACAAAATAGAAAAGAAGCAGAAGATACTTTAAATGATATGATGACTAATAAGGTGTTTGCTGCAGCAGGAGATACTGTTGTAATTGAAGAATTTTTAGATGGTGTTGAGATCTCTGTTTTATCTATTACAGATTCAGAGATAATAATACCTTTTATTTCAGCTAAAGATCATAAGAAAATATCTGAAAAAGAAACAGGTTTAAATACTGGAGGTATGGGAGTAATAGCACCTAACCCATATTATACAAAAACTATTGAAGAAAAATTTATCAAAAATATATTAAATCCTACTCTAAAGGGTATTAAAGAAGAAAAAATGAATTTTGGTGGAATAATATTCTTTGGTTTGATGGTTGCAAATGGAGAAGTGTATTTACTTGAATATAATATGAGAATGGGGGATCCTGAAACTCAAGCAGTTTTACCACTAATGAAATCAGATTTCTTAGAGGTAATTAATTTGGCTTTAAACAAAGATTTAAAAAATATAAAAATTGATTGGGAAGATAAATCAGCTTGTTGTGTAGTTATGGCAGCAGGAGGATATCCAGTTAAATATGAAAAAGGAAATCTTATCAGTGGTTTAGAAAAATTTGATATAAATAATTCTGATAATAAGGTTTTCTTTGCAGGAGTAAAAGAAGAAGATAATAAATTCTATACTAATGGAGGTAGAGTTTTAAATGTTGTTTCTATTCAAGATAATTTAGAAAAAGCTATTGAAGTTGCTTATAAAAATGTAAAAGAAATCTCATTTAAAGATAGCTATTGTCGTAAAGATATAGGAACTTTATATGTACCTGTTAAATATTAAAATTTATTTTAAATAAAATTAAAAAATTGAATTGCATTAAAGTTAAAAAATAATGTAATTCAATTTTTTTGATGTTCTTTTTAATATATGTTACACTTGTGATACTAGATATAGGATATGGAGGTGGGTTATTATTTTAAAAATAGATAGTAACAATAAAGAAATGTCAATATATGAGTTAATCAAAAAAAATATTCAATCTGATGGAAGATTAAAAAAAGATTTTAGAATCCTTGATGAAGATGTTTGGAAAAGCAATGATGATGGACAAGAAGATGTTCAATGTTTAGAATATATTGATAACATGATTGAAGCAGATATAGAAGGTTTACTAGATATTATCTTTAAAATTAAAGATAATAATTATGATGAAATTGAAAAAGAATTAGAAATTTATTTTGAAAATTATAGAGATACAATTTTAATTTATAGAGAACCTTTATACAAATACTTTGGCAAAAATAAAATTTCTATATCATCACTAAATAACATATATAATTTTTTTAAAAAAATGTTAACTAAATCAAGAAATATTTTTATAATTAAGATTTCAATAATAATATTAAACTCTTTAAATTTAGAATACAATATTGAACTTTTAGAAATCATAAAAATATTAGCACTTTGTAGTGAGTTTACACTTTTAGGGGTTCTTTTGATAAAGACTTTAAAAAACATAGATATTAATAAAGAAATTTACGAATTAGCTAAAAAAGTTTATGCATGGGGAAAAATGGCTTGTATTTTTTATTTAGAAACCAATACCAATGAAATAGAAGATTGGATTTTAAATGAAAGTACAGAAGAAAATATTCTATATAACTTTGGAGCTATTACTTATTCTGACAAAGCAGATATAAGAAAAAAACTTAAAAAAACATCTTTTAAGAAAAATGAATTTAGTAAAATCTCTTTTTTAATATATTCTTTGCTCTTTTTAGATACAGAAAAAGGAATTACATTTTTAGATTATAAAGAAGAACTTTTAATAAATTATTTAGAATTGGCTAAATCTATTGAACTATCTGAAACAGATTATTTGACTATTGAAGAAATAAGCTCTTATATGAAAGATGATATATACTATATGGAAGAACTAGGTGGAGAGATGAGGAAAGATGAATATTTTTTCCCATTAGAAATATCTAATAAACTTCTAAAAGAATGTGAAGAAATTTTAAATAATAGAAATTAAAAAACTGCACCTTAGTTTTTTTAATTTTGGTGTAGATTATTTTTAAAATAATTTTTTTCAAATAATTTCTCATTTTCATAAAGTCACCTCAAAAATTTTAAATTAATTTATTTTTAATATTAATATAAATAAATATTAATTTCAAAAGGAAAACTTTAATTTACAAAAAAATATTAATTTGTTATTATAGAATTAATAATAATATAGGAGGATTTTCTATGGGAAGTATCATTGCAATTTTATTATTTTCAATGTCACTTATAGTTTCTCTTTTATTAAAACTTTCAGTTGTATATGCACTTATAATTGGTTATATGATTTTTGTAATTTATGGACTTATAAAAGGACATAATTTAATAGTTTTAATTAAAAAATCTTTTGAAGGTGTACTAACAGTAAAAAATATATTATTAGTCTTTATTCTTATAGGAATGATTACTGCACTATGGAGAGCTTCTGGAACAATAGCTTTTATTGTTTATATGGGTTCAAAATTAATTTCTCCCTCAATTTTAATACTTCTCACTTTTTTACTTTGTTCTATACTTTCAGTTTTAATAGGAACTTCTCTTGGAACAGCTGCCACTATGGGTATTATCTGTGCCTCTATTGGAAAAGCTATGGGGGTTAATCCTTACTACATTGGAGGAGCAGTTTTAAGTGGAATATATTTTGGTGATAGATGTTCTCCTATGTCAACTTCAGCTTTGCTTATTAGTGAACTTACTAAGACAAACTTATATACAAATATTAAATTAATGATAAAAACTTCTATTATACCTTTTATTGTGACTTGTTTATTCTATTTATTTTTAGGTTTTAAATCAAAAGTTTCAAATATAAGTGTAGATGTTACAGAAATTTTTAAACAAAATTATAATCTTAATATAATAGTTATAATACCAGCTATTTTAATAATTATTCTCTCAATATTAAAAATAAATGTTAAGAAAACAATGTTGGTGAGCATAGTTATAAGTTTTATTATAGCAATGTTTATTCAAAGAGATAGTATCGTTGCACTTATCAATTATTGTATTTTTGGTTATCATCACCCAAATGAAAGATTAAATTTAATGATGAAAGGTGGAGGAATATTATCAATGGTCAATGTAAGTTTGATAGTTGGTATTTCCTCATCATACTCTGGAATTTTTAAAGAAACAAAAATGCTAGTTTCTTTAAAAAAACATTTAAAAGACTTTTCTAAAAAAACTTCAAGTTATTTTGTTATATTTTTAAGTTCTATTATTTCAGGGGCTATTGCTTGTAACCAGAGTTTAGGAACAATTTTAACTAATGAATTATGTGGAGAGCTTGTAGAAAAACAAAAGATGGCCATAATTTTAGAAAATACTGTTATACTACTAGTTGGACTTATACCTTGGAATATTGCAATGGATGTACCTCTAAAAGCAATAGGTGTTGGATTTATGTCTGGACTTTTTGCTTTCTATTTATATTTCTTGCCATTATGGAATTTATTTTTAGATTTTATAAAAGAGAGAAAATATAAAATAAAAATTTAATTTGAAAATTAAAATAAAAAGTTGACTATTTTAGTATGAATTTATATAATTATATCATTGAGGTGAAAAATGAAAAAAGCTAATTTAATGATAGTTGGAACTTCATCAGGAGCAGGAAAAAGTTTATTTGTCACTGCACTATGTAGAATT
NZ_CP077112.1_gap34	1274973	1276129	1156	CAAATTTTAATTCATTTATAGCAAAGATACCATAATCAGTTTTTTCTGTATTTCTTCCTGTATATGCACCCTCACCATTTAGTCCTTTTAATTTTTCTTTCATATAGTCAGTTCCAATTATAAAGTAATGGTCATTTAAATAAATATGTTTAAGTTGTAATTTTGCAGTTTTTCTTGAATAATCTCTATCAAGAGTTTTTGAAACATCATCATTTTCTCTTGAATCATATAAATCTATATAAGTTAATAATTCTGTATTTTCTCCAATATTTTGTCTATAATTAATATACCAATCATTTGACCTTGAAAAATCTCTTGCTACCCATGTAACCATCTTTCTATTTTTATAATAGTTGGCTTCTTCTAAATCCCCTCCATCTGCACGATGTTTTTCATTTCTCGTATATTTTATAGTTAAATCTGCATTATTAAATTTGTACTTTGTACCGATTGAAACTTCTTGTGATCTACTAACTATTTTTCCATTTTCATCAGAATCTCTTTCACTTCTATATCTATCTTTTGAATAATCTACTTGGAAAGTTAGTCTATCAGTTGCTTTTGCAGTTGTACTTAAACCATATTTATAAGAACCTCTACTTCCATATTCAGTTCTAATATTTCCAGAAACCTTTTTGTTATTATCCTTTCCATAAATACTTTTAGAAAGAATATTTATAACTCCCCCATTTGCTCCATCTCCATAAAGAATTCCTCCACCATTTGGAATCACTTCTACTCTTTCAATAGAACTTATTGGAATGTTAGTAGCTTCTTTAGCAGATATCCTAACTCCATCATAAGTTATAATAGAATTTCTTTCAGCATGAACTGAACTATATCCCCCAATATCAAAAGTTATATTTCCATAGTAATTTTTTACCATTACACCTGGAACCATCCTAAGTGCATCAACCAGATTTTGAGCTCCCATCTCTTCGATATCTTTTGATGTAACAATAGTTACATTTGAGGCAGTGTTTTTAACTGTAGTTTTAAAATTTTGTGTTGTTATAACACTTTCATTTAATTTTATTTCTGCTTCATCATTTGCATAAATAGCAGTTGTTAAAATTAAAGATAATAATGTGATTTTTTTAAACATTTTCTCTCCCTTCTTAAACTATAAATAATGTATATAAATTTTGTTTAGCAA
NZ_CP077112.1_gap35	1358572	1360691	2119	AATGTTAAATTTGAAGACATTTTTCCTGAAAATGTATACCCAGCTCTAGAAATACTTATAGGAGAAGCTAATTTAAAAAACTTTATAAAAATTGGAAAAAAAATCACAAAAACTCCCTATACTATGGGATATACAAGAAGAATGGTCAGAAGTACAAATTATCGTAACTATATAGATAAACTTTTTTCTGTTCTTAAAACATTTGTACATTACAATTTTTTTGATATAAGTACTAAAAAATTATTACTTGGAAACTGTGATTTTGAAGGGCTTGAAGGTTGGGATTTAAAAAATTTAATTTCTTCACTTGAAAATAAATATGTTATTGCTAATGAAATTGACAATGGTAATCAAGAAGTTATAGATTTCATCAATGAAGCTCTCACAAGTGGTTCTTCTAAAAATATAGGTTATGGAACCTTAGCAGCAATATTTGTTTCTGAAAACAAATCTCTTGTTGAAATGGCAGGAAAATTACTTCTTGCTGCACAAAGACAAGAAGGACTTCGTCAACAAATATGTGAAACTATTGATGGTGGAATACAAGAAAGTTTTAATTATATGTTTAAAATTATTTATGATAATGATTTAATTCGTTTTTCTTCTGTTAAAAGAGCCCTAGGAGTTTGGACAGGTTTACTTGGTCAGAACTATAATACACCTGAAACAGTAGGTAAAAAAGAATTAGAGATTATAAATAAACTAATTGAGAACCCTAAATATGCAGATGAACTTTTAAAGAGTGATGATAATGTTGAGGTATATCTTGCACTTTGGTATAAGGCAAGCCAAGATGTAAAGTTTGCACTTGAAGCTATACAAGAACTTTTAAAAGTCACTAAAATACATACAAAATTATTAGTTGCATATAATTTAGATATTTTTCAAGATATAAAATATCAGAGAACAATTGCTAAAGATATTATTAAAGACTATTCAAAAAAAGATGATAATGATTTCTTAAAAATAGTTGCTTGCTATTGGGAACATCTATCTTATAACAGCTACAGTAATTCTTCTATAAAGACTAATAGAGGACTTTTTGATACAACAGATGAGGCAAGAGAATTTTTTGAAATATTAAAAAAAGTTTTTGTATTAATAGATGGTAAAGATAAAGGTTTTAATCCTATTATTTTTCCTTGGGTAAGCAGATATATATATAAACATAATATAGCGAGCCTTCTATTTACAATTGCTACTTCATATCCTGAATTAAATTTAAAAAATGAAGTATTTACTTATTTTAAAGCTATTGAACCTTATTCTCGTGGTGCCTATTTAAAATCATTATTCAACAAACCTGAAAATGAAGATGAAGAGTTATTAGTTGTAAAAATGTTAGCTGATGCAAGTGTTACAAATGAGGCAAATAAAATAATAAGAGCAAATAATTTAGCCAGTAAATATGCTAAAGAAATTGAAGATGCACTTAGATTAAAAACTGCTGATGTTAGAAAGAATGCTATTGGTTTAATTTTAAGCCTTGAAAGTTCAAAATTATTAGAAACAACTGAAAATTTACTTAAAGATAAAAATGAAAATAAAAGACTGGCAGGTCTAGATATTCTAACTAAAGTAAAAGATAAACCAGATTTTGCAAAAGAAAAAATTGAAAAAATTGTTGCTTCTATAAAAGAGCCAACAGATCCAGAAAAAATACTTATTGATAGTTTAGTAGGGAAAGTTGAAACTACTGAATCTTCTGATTTATATGATAAAACATATAAATTTGAACTTCCTTATGAAGTAAAAGAAGTTAAGAAACTTTCTAAAAATGTTAAGAAAAATAAAGATGGAGTGTATATTCTTGAAAAAAGCATAGATGCAAAAGATATTTTCACTAAAACTGAGGATGAACTTTTTGAATTAGTTAAAAAATTTAATGCTTTAATTGTTAACAATGGTACCCATGAATATACAAATGCTTATACTGGTGAAAAAACTTTACTAAGAAATGACTTTCTCCCTATAGTAAAAAGAGCAAACTATTATTATAGTGTAGATGAGCACTTAGATGAATATCCTTTAGCAGATACTTGGAGAGAATTTTATAAAAATGAAATAAAAGATTTTTCTACACTTTATCAATTGTATCTTCTTACTCAATCTCATTTAA
NZ_CP077112.1_gap36	1407818	1410239	2421	GAAGCTATTGTTGCTCTTGAAAGAGAAGTTAGAGAAGAAACAGGATATAAGAGAGAGGATTATGATATTTTATATGATAGTAACACAGGATTTTTAGTTTCTCCTGGTTATACAACAGAAAAAATTTATATTTATATTATAAAGTTAAAATCAGATGACATTGTTCCTTTGGAATTAGATTTAGATGAAACAGAAAATCTTTATACAAGATGGATAGATATTAGAGATGCTGGAAAATTAACTCTTGATATGAAAACTATATTTTCTTTACATATATATGCAAATTTAATAAAATAGAGGCTTAATAGCCTCTATTTTTTATTTATCTCTAGTATAACCAAATGATGAAAGTATAGCTTCTTCTCTTTCTCTCATAAGCTTTTTATCTTCTTCTTCTATATGGTCATAGCCTAAAATATGTAAAATTCCATGTGTCAAAACATAATAAAACTCTCTTTCAAATGAATGATTATATTCACTTGCTTGTTCCTCAACTCTTTCTAAGGATATGATAATATCTCCCAAAGTGTCATAAGGTCCAATATTAAAATCTTCTGTTTCGTGATATGCAAAAGAAATAACATCAGTAGGGGCATTTTTATCCCTATACTCACGATTGATAACTTGAATATTTTCATTATCAGTTAGCAAAAGTGAAAGGTAAAGAGGTCTGTCAGATTCAACTTTCTCTAACTCTAAAACTTTTTTTATATAATTTTCAAGATGATTATTTTCATAAAGGGTGTCTATGAACATATCATATTTTTCATTTTGTAAATCAGAACTAAAATCAACAATTAACTCCATATTATCTTCTTCCTTTTTATTTTTGTCCTGGATATTTTATTCTTTCATGGTAAATAGCACCAAAAGTTTTTAGGAAAGAATTTACTATAATTTCAACTTCTCTAAATGTAATATTGGCATCCGATAGTTGATTATCTCTTATCTTTGAATCAACGATTTTTCTGACCATTTGTTCAACTTTTACAGGGTCTTTTACATCAAGTGATCTAACAGCTGCCTCTATTGAATCTGCAAGTAATATGACTGCAGACTCTTTTGTTTGAGGTTTAGGCCCAGAATATCTAAATTCTTCTTCTGGGATATTTGGATCAATCTCTTTTGCTTTATTATAAAAGTAAGCAAGTAATGTAGTACCTTGATGTTCAAACATAATATCTCTAATTTCTTTAGGAATTTTATATTTTTTTCCCATTTCAGCTCCCTCTCTAGTATGAGCTAAAATAATCATTTTACTCATAAAAGGAGATATATCATTATGTAAATTCTTACCATCAGTTTGGTTTTCTACATAATATTGAGGTCTTTTTGTTTTGCCTATATCATGATAATAACAGGCAACTCTTGTAAATGTAGGATCTCCTCCAATTTCAATAACAGCATTTTCAGAAAGTGTAGCAACCATCATTGAATGTTGAAAAGTTCCTGGTGCTTCTATTGATAACTTTCTTAATAAAGGATGCGATAAATCTGCTAATTCCATAAGTTTAAATACTGTCAATATATTAAATGTTCTTTCAAAATATGGAAGCAATGCTATTGTAAGCATTCCAGAGAATAGACCTGAAATAAATATCTTAATAGTATTTAAAGCTACACCATAACTTTCTTCAACTGAGAAGAAACTTAAGATTAGATATAAAAGTATTTTTAATATTGCAAGTTGGATACCTACTGCAATTACAGAAGAACGAGTACTTATATTTTTACTTAAAAATCCAGTTGCAAAAACTGCTATTGATTGAATTGTAAAATATTTTAAATCATAGTCCGTTATTGGCAACATATATGAAATAACTATCATAGTTAAAAATACACTAAATCTTGGTTTTACTATAAACAATAAAAGCAATAACATTGTATCTAATGGTAATAGATATATCATTGAACTAGGTACTATTCTAAATGCAAGTAAAGTTCCTATTGCTAATAACATGATAGCTCTATATTTATTTTTTTCTAATATTTCTTTACTATAAAACTTTATAGTTACAACATTAAATATACTTGAAATAACAAGTAAGAATACTAAATTTAATGCAATTATAAAAATACTCATCTTATAATTATAGATACCTAATCTATCTAAAATATCTATTTTTCTATCAGTTAAAATTTCTCCTGTTTTAGCTATTAAAGTACCAGCTTTAATTTCAATATATTGATCATGTATTTGAGAAACTTTCTCATTTATAGTATTTTTTGTCTTAGCCTCATCATAAATATAATTAGGAATTAAAAAATTATTTAAAATCTCTCTCTCAAATGGTTCTAATGCTTCTATATCAGTTTTAGCAGGCTCATTTATATGAATAGAATTTTTTTCTTTATAAATACCTGCTTTATAAGCATTTTCAAGTTGAGTTCCCAATTTTGAAAATGTTGCATCTATTTTTT
NZ_CP077112.1_gap37	1500574	1504549	3975	TTGCTAAACCATTTATAATGTCTTTCTGGATTTTAGTTGGAATAGGAATTTTAGGACTTCCTGCAACTACCATAAGATGCATGGCATTTAAGGATACAAAAGCTATGCATAATGCTATGATAATTGGTACATCTCTTGTTGGAGTTTTAGTTTTAGGTATGCATTTGGTTGGAGTAATGGGAAGAGCTGTTATTCCTGATTTGCAAGAAGTTGATAAAATTATACCAATACTAGCTCTTAAAAATTTATATCCTATACTTGCAGGAGTTTTTATAGGTGGTCCTCTTGCAGCTGTAATGTCAACTGTTGATTCACTATTAATAATATCATCTTCAACTTTAATAAAAGATTTATATGTTACTTACTTAGATAAAAATGCTAGTGAAGGTAAAATTAAAAAAATATCAATGTGGACTTCATTTTTAATAGGACTTTTAGTATTTATTCTTTCTATAAAACCAATAAGTTTAATAGCTTGGGTAAATTTATTTGCCTTAGGAGGACAAGAAATTGTATTCTTCTGCCCATTAATTTTAGGACTTTATTGGAAAGGTGCAAATGCAACTGGAGCTATTGCTTCTATATTTACTGGAATTATTACATATTTGACTCTTGAAATATTAAAAACTAAAATCTTAGGTCTACATAATATAGTTCCAGGACTTACTGTTGCCATTATAGTTTTTATTATAGCCTCATATTTTGGAAAGAAATCTGATGAAAAAACTATAAAAACATTTTTTGAATATTAAAATATTCTTTAATAAAATAAAATGAGAAATGAGGATAGAACAAATAATTGAACTATCCTCATTTTTGTATATTTTATAAACTTTAATTAGGGTCTAATATTATTTTAGTTAGCTAATCCAGAACCTTCATATAATCCAAATTTCTTTAAGTCTTCTTCAACAGTTGTGATTCCAGCTATACCAAAGTTTTCTACTAAAACTTTTGCTACATTTGGAGATAAGAATCCTGGTAATGTTGGTCCAACATGGATATTTTTAACTCCTAAGTATAATAATGCAAGTAAAACTATTACAGCTTTTTGTTCATACCAAGCAATATTAAATACTAATGGTAATTCATTTATATCATTTAAACCAAATACTTCTTTTAATTTAAGTGCTACTACTGCCCAAGAATAAGAGTCATTACATTGTCCTGCATCTAATACTCTTGGAATACCATTTATATCTCCTAAGTTTAATTTGTTGTATTTGAACTTAGCACAACCAGAAGTTAAAATGATTGTATCTTTTGGTAAGTTTTCAGCAAATTCTGTATAGTAATGTCTTTGTGACATTCTTCCATCACAACCACTCATTACAACAAATCTTTTAATTGCTCCTGATTTAATATTTTCTACAACTTTATCAGCTAAACTTAAAACTTGGTTATGTGCAAAACCAACAGTTATTTCTCCACTTTCAACTTCTACTGGTGGTTGACAAGTTTTTGCAAGTTCTATAATTTCAGAGAAATCTTTTGTTCCATCTGCATTAACTTTTATTCTCTTCCATCCTGGATATCCAGCAGCATTAGTTGTGAATACTCTATCTTTATATGTTGCATTCTTTACAGGTGGAACTATACAGTTAGTTGTGAAAACAATAGGTCCATTAAAGTTTGTAAAGTCTTTTCTTTGATCCCACCAAGCATTTCCATAGTTTCCATAGAAATGAGAATATTTCTTTAATTCAGGATATCCATGTCCTGGTAACATTTCTGAGTGAGTATAAATATCTACTCCTGAATCTTTACTTTGTTCTAGTAATTGTTTTAAATCCCATAAGTCATGTCCACTTATTAAGATTCCAGGTCTTTTTCCAGCTCCAATTTTTACTTTTGTAATTTCTGGTGTTCCTAAAGCAGATGTATTAGCTTCATCAAGTAATGCCATTACTTTAACTCCATATTCTCCAGTTTTCATTGTTAAAGCAATCAATTGTTCAGCAGTTAAACTATCATCCATAGTTCCTAAAAGAGCTTCTTCAACAAAAGCAAATATTTCTTCACTTGTTTTTCCTAAGTTAAAAGCATGTTCTGCATAAGCAGCTAAACCTTTTAATCCATACATAATTAATTCTCTTAAAGATCTAACATCTTCATTTTCTGTTCTTAAAACTCCAACTACTGATTGATTTTCAGAGAATTTTATTAAATCTTCATCTGATTCATAATACCAATTTACTAAATCAGCTCCATATTTTTCAGCTTCTTTCTTTTCTTCATCAGTTGCTAAGGCTTTTAATTCTTCTCTTAATTTTAATCCTGCTTTTATTTCATCTAATATAGCAGCATCATCAAAGTTAGCATTTGTAATTGTTATAAAAAGTGAATTGATAAGATATCTATTTACCTTTCCTTCTAACAATTCCTTTGCTTTTCCATTTTTTCTAAAAACTGCACTATATGCTGCAACACCTTTTTCAGTGTGTAATAATAAATCTTGTAATCCTGATGTTTCTGCATCCTTTCCACAAACTCCTATAGATGTACATCCAGTTCCTTTAGCAGTTTCTTGACATTGATAACAAAACATTTTATCCATTTTCTTTTACTCCTCCTTAATTACTAAAAATATAGTTTAATATTTCTTGACAATATGATAAGCTATATTTAATTTTATTTCGGTAACAAATGTTACCGAAATAAAAAAAATTTAAAGTTAATATAAAAAAGAGTAAAAATATGATAAAATAATTTCAATTCTTGTAAAGTTAGGAGGGATAAAAATGCATGATGGTTGTTCTGGAAAATTTGATGATGGTATGCAAGTATTAGCAAAATTAAGAATGATGGGATTTAGTAAACAAGATATGCCTTTTCCAATGACATTTACTTGTAAAGAATGTGGAAAAGAAATAACTATGACTACTTTTGAATACGAATGTCCTCATTGTAGTATGATTTATGCTGTTACACCTTGCCATGCCTTTGATGTAGAAAATATTTTAACTGCTGGAAAAGCAAAAAAATAAATGATAAAGGTTACTTCCATTTTTTGAAAGTAACCTTTTTATCTTTTATATTTTCTCCAATTCTACCTTTTCTACAACAATAGATTTTTGATTTACATAAATAACAAAACCTGGCTTTGCTCCATTGGGTTTAGATACATTTTTTCTTAAAGTGTAGTCAACTGTTACTTTTTCTCCTAAATTAGCCTTAGAAAAGTATGCTGATACTTGAGCAGACTTAACTATTAATTCATCAGTCAATTTAGAAGTTTTAAGGATAATATGAGAACTTGGAATATCTTTTACATGAAACCAATAATCATCTTTTTCAGAAACTTTAAAAGTTAAATTATCATTTTCTAAATTATTTCTACCATATAAAATTAAATAATCCTCTCCTTCAATCAATCCATATTTAACTTCTTTTTTAAGTTTAGTTTTCTTCTTATTATGTAAACTCTTAATATAGTTTAATTTTATTAACTCTTCTTCAATCTCTCTTAAAGAAATTACATCTTGGCTATTTTCAATAAAAAGTAGAGTGCTTTCAACATAAGTAATTTCTTCTTTTACTTCTTTTTCACGTCTAATAGCATTAGTAAGTCCTCTTTTTACTTTGTTATATTTTTTATAAATTCTATCTAAGTTTTCATTTGGACTTATTAAAGGGTCAAGTTCTATTTCAATTTCCTTGTTATTGTAAAAATCATAAGCTTTTATAGAATTCATTCCTTTTTTTACACTATATAGAACAGAAGCTAAAATATCTCCTTCTTCTTTTATACTATCCATAGTTTTAGAATCTTCTATATCTTTTTTTATTAAAGATAAAGTTTTATTTAATTTTTTTAACTTCTTTTCAAGCAGACTTTCTAATCTATTTTTTAACAACATAAAACTTGTTGTAGTGTGCTCATAATCTATATAAAAATTGATCATTTCATCATAAGAAGAAAATTCTTTTACTTCATCATAATCTTTAAAATTAAAATCTAAAACTGTTGCTAAT
NZ_CP077112.1_gap38	1522415	1526297	3882	ACTTAATAAAGAAACTATCTTTGATAGCTTTACTAAATTAAATCTTCCACCTTACTTTGATATTATTTTACTAGGGTTAATAATTTTGTTTATTGTGATATTAGTTATGTTCCTATTTTTCAACACAGAGTTGGGACAAGCCCTTATTGCAACTGGTGATAATCCAAAAATGGCGATTTCATTAGGAATTTCTACTAAGAAAATGACTACAATCGGACTTATGTTATCAAATTCTATGATAGCCTTAACAGGAGCAATACTTTCTCAAAATAATGGATATGCCGATGTAAATAGTGGATTAGGAGTTATTGTTGTTGCACTTGCAGCTATTATAATAGGAGAAGTTATTTTTACAGATGTCAATTTTTTAACTCGTCTTGTTTGTATAGTATTTGGTTCTATTATTTATCGTTTACTTTTAGTTTTTGTATTGAAACTAAATGTAATTCAAGCTAATGATTTTAAAATGGTATCTGCACTGCTAATTGCAATATTTTTAAGTATACCTGAACTTAAAAAGTTATCATTAAGTAAAATAGGAAAGGAGAATAAATAATGGCATTTATTGAATTAAAAAATATAAATAAAACTTTTTTTCCTAATACAAACAGAGAACATTATGCTTTGAAGAATATAAATCTTGTAATTAATAAGGGGGATTTTATAACAATAATTGGTGGAAATGGAGCTGGAAAATCAACTTTATTTAATACAATATCAGGTGTCTTTCCTTTAGATAGTGGAACAATTACCATTGATGAAAAAGATATTTCTCTTACAAAAGAATTTGAAAGAGCAAAGCATATAAGTCGTGTTTTTCAAAATCCTTTGGATAATACTGCTCCTCGTATGACAGTTGCTGAAAATATGGCATTAGCTTTTAATCGTGGAGAAAAAAGAACATTAAAATTCAACAGAAATAAGGAAAATATTCTCTTATTTGAAAATTTATTAAAAAATCTTAATCTAGGTTTAGAGCATAAAATAAATACTGAAATGGGTGTATTATCTGGTGGACAAAGACAGGCTATTGCTTTACTTATGGCAACAATGAAAGCTCCACAACTAATTTTACTTGATGAGCATACTGCTGCACTTGATCCAAAAACTCAAAAAAAGATTATGACTTTATCAGAAGAGAAAATAAAAGAAAAAAATCTTACTGCTCTTATGATAACTCATAATCTTCAAGATGCTTTAACTTATGGAAATAGAATGTTACTTTTACATCAAGGAGAAATTGTTAGAGATTTTTCAGAAGAAGAAAAGAAAAAATTATCTGTAACTGATTTATATAAAATTATGGTTGAGCTTGATGAAAAAGACAATTAAAAATATAGGAGCTATTGATTTATAATAGCTCCTTTAAATATTTTTTTAAATTTGACAAACATCTATCCATTCAATATAATTTGAAGCTTTTTCAAGTTCTTCAAGAGTAAGTTCAATAGCACTATTTGGAGTTCCACAAGCTGGAAGCATAGTTTCAAATCTTTTCATTGATTCATCTAAATAGACTTTCACATTATCTTTGATACCAAAAGGACAAACTCCTCCAACTGGATGACCTATTAGATTTTCAACATCACTACCTGCTATCATCTTGGCTTTAGTTTTAAATTTAGCCTTAAATTTTTGATTATTAATCTTTGCATCTCCTGCAACAACTATAATAGTTGGAATATCATTTATAATAAATGATAAAGATTTTGCTATTCTAGCTGGTTCACAAGAATTAACTTCTGCTGCTTCTTCAACTGTTGCGGTTGATTCTTTAAATTCTCTTATTTTACTATCTAATCCATATTTTTCTAAATGTTTTCTAACAGCTTCTATTGACATTTTTATTCCTCCTCTTTAACTATCTATAATCCAAATATATAACTTGTCATTGATAATGAGCCTAACTCTCTCATTTCATTAAATATATAAGGTTTTTCTCCTTGACTTGCCCCTAAAATATATAATATCGGTATAAAATGATCTGGTGTAGGAACAGCATAATTTGAATATTCGTGCTCTTCATATTTTATAACTTTCTCATCTTCTCTCTTGATTATATTATCCAAAATATATCTATCAAATTTATCAGCCTCTTGTGATCCCTTTGGATTATCCCACTCTATTTTTCTTAGATTGTGTACAATATTACCACTTCCTACTATCAAATAACCTTTTTCCCTTAGTTTAGTTAATTTTTCTCCTAATTTATATGCTTTCTCAGCACTTAAATTTGTATTCACAGATAACTGAACCACTGGTATTTTCGCTTCAGGAAACATATGAACAAATACAGTCCAAGTCCCATGATCTATTCCCCAATCATCATTTATTTTTACTTCATTTCCTAATATTTTCTCAACCTCTTTTGTTAATTCTTCACTTCCTTTTACAGGATACTTTACTTCATATAATTCATTAGGAAATCCAAACATATCATATATTTGATTAGGAATTTCAGCACTTTGAATAAAAGTATCTTTTGTGTACCAATGAGCAGAAATACATAAAATTGCTTTTGGCTCTCCATACTTTTCTATTATATCTCTTCCTACTTTTTTTAAAGTTTCTGTCATCTCATTTATTTTTAGGGCTATCATAGGATCTCCATGCCCTACAAAAATTACTGGCATTTTTTCCATAGTAATCTACTCCTTATCTTTTTATAATTTTATTTTATAATTATACTAGTATATATACTTTTTTAGAAGTAGGCACTTTTTAGACTTATAGTTACCTAAAAGAAACTTTTATATAAAAGCTATTTTATGATATATTTTCATCAAGTAAAAAATCTACTAATCTTATAATTTTAATTCCATCTTGTATTCCTAAATAACTTTCATCATTGGTAATTACTATTTTTTCAAAGTTATCTTGGATTTTGTAAAATGGTGCTAGCTCTCTTTCTCTTGTACTTGAATTAGCCATATTTTCAGTTACCTGTATATAAATTTTAGTATTTATATTTGTAGCTATGAAATCTATTTCATTTTCTCCTATTTTTCCTATTGCCACATCATATCCACGACGTAACAGTTCAAAATACACAATATTTTCAATACTATGTCCTATATCCCTATTTCTAAATCCTAATAAATAATTTCTTAAACCAATATCAACAATATAATATTTCCCTAATGTTTTTAAATACTCTTTTCCTTTAATATCAAATCTTTTTATTTCATAAAATATATATGCTTCAAGAAGAGTAGTAACATAAGACTGTACTGTTTGAACAGCAGGTTTAGTTTCAATTAATTTTTCATTTAATAAAATATTAGAAATAGAATTAATAGAAGTATTATTTCCTATATTATCTGCTAAAAACATTATAATTTTTCTAAGTAAACTTGAATCTGTTACTTGTCTTCTGCCCTTTTGTTTTTCTCGTTCTAAGATATCTCTTATTACGACACTTGAATAAATACCATCAAGAATAGTCAAAGCCTTATCTAGTTCTAAAGGAACTTCTGTAAGACTTGGCATTCCACCAAAGGTCATATATGCTTCAAGAAGTTCTTTTATTTCATAAGTTTCTCCATTTTTATTTTCAACTTTTCTAGTTATGCCCCCTACCAAATTTTTCTTTTCAATAATTTTATATCCATGAAAATCAATAAATTCAGTAAATGATAAAGGAAAAACTTTAATCTCAACACTTCTTCCTGCTAAGTAAGTTGCATATTCACTTGAGAGTAAAAAAGCATTGGAACCAGTTATATAAATATCACATTCAAAATCTACCCTAAATGAGTTTATAGCATCTTGCCATTCTGGAATTTTTTGTATTTCATCAAAAAACAAATAAGCTTTTTTATCTTTTGGTAAGTTATTTTTTACATAATTGTATAAGTTTTCAACAGTCATTTTTTTAAATTC
NZ_CP077112.1_gap39	1527312	1529012	1700	CCCCTTATTTTCTTTAATGCCTTTATCACTTCATCCTTGCTTAATACTTTCCCCATTGAAACAACTTTATTATCAATAACTAGAGCAGGTGTGCTCATAACCCCCATTGCTGCAATCTGACCAAAATCAGTAACATGATCAATTTCATCTGTCATGCCAAGTTCGCTAAGTGCTTCTTTCACATTCTTCTCCAATGCATTGCATTTATCACAACCGCTACCAAGAACTTTGACACTTGCTCCTGATGAAAGATTTTCCTTCGCTGCCTCAACACTTTCTTCATTACAAGTTCCTCCACATGTGCAGTTAGATTGCTCCTTAACCATTTCCTTTTCTTCTTTTTTCTTTCTAAATAAGCTCATAATTTCAATCTCCTTTTTTCTTACATTTTTCTAAACTAATAGATACTGAATTTTATTAAAGAAATACCCTACAATAACAATTCCAATAGCACATATTACAATAAAAATCCAAATTAACTTCGGTTTTACTGCTTTTCTAAGCATAATTATTGATGGTAAGGAAAGTGTAGTTACACCCATCATAAAGCTTAAAATTGTTCCAAGTTGTGCACCTTTTGCAAGTAGCGCCTCTGCTACTGGTATCGTACCAAAAATATCTGCATACATAGGAATACCAACCAGCGTTGCCAGAATTACACCAAATGGATTATTATTGCCAAGAATCTTTTCTACCCAACTCTTTGGGATCCAATTGTGAATAACAGCTCCTATTCCAACGCCAATCAAAATATAGAGAAATACTTTCTTAAACGTCTCTATAACTTGTTGTTTTGCAAAAGAAATCCTTTCTTTTTGCGTCGGTTCATCCATATTGATATCGACTGCATTCGCTTTTCGAACAAATTCTTCCACTTCATTTTCTAAATCCAGTTTTTCAATAATCGTTCCACCTATCACTGCAATAATAAGCCCTACAATCACATATATGATAGCAACTTTAGAACCAAAGATACTCATCAGTAAAACAAGGCTCCCTAAGTCTACCATTGGTGATGAAATCAAAAAGGAAAATGTCACACCTAATGAAAGCCCCGCACTGGTAAATCCGATAAAAAGTGGAATAGACGAGCAGGAACAAAATGGTGTCACTGTGCCAAGCAATGCTGCAATACAGTTTGCCCATACTCCATGAAAACGCCCCATAAGCTTCTTGCTTCGCTCTGGTGGAAAGTAGCTTTGAATATATGAAATCATAAAAATCAAGATGCAAAGTAGTATAGTAATCTTCAAAACATCATATAGGAAAAACTGTACACTTCCCCCCATTCTGGCTGAAGTATCAATTCCTGCTTTCTCTAATAAATTTCCAATTAGCGTATTCATCCACTTCATTCCCAGAATCTGGTTTTGAACAAAATCCCAAATCATCATTGACTGCACCCGCCTTCTTCTTTGTAGCAAGATAATCCTTCAATAAAAGTTTTAAAAGTATTCAAGGTCTCACAATTCAAGGAATAATGATGCCATCTACCTTCTTTCCAGTAATTCACCAATCCACATTCATTTAAAATTTTCATATGATGAGATAGTGTTGGCTGTGTAATTTCAAATGCCTCCAATAGTTTACAACCACATTTTTCCCCATCAGAGAGCATTTGGATAATCTGCAATCTGTTACTATCTCCCAAAGCTTTACAAATTAATGCTATATCTATTATATTCATATTTTCTCCTTTA
NZ_CP077112.1_gap40	1561686	1562956	1270	CCTACATTAGAGGCATGAGCTCTATGAGCAGTTCCAAAAGCATCATTTACAAAAACATCTCCTAATCCTGCCCAATATTTACCTAATTCAGCATCATTTTTAGATTCTTTTTTACCATCTAAATCTTCAAATCTTGTGTTTTCAAACATCAATACTTCACCAGATTTTAAATTGTTAATAGCAGATTCTAGTTTTTCTCCTCTTGTTTCAGGAATAAAAGTAACTTCTTTTCCTAAAAGTTCTGATAATTTTTCAGCAACAGCCTTCAAACTCTTTGTAGCCTTATCTTCTTCTGTTTTAACTTTTCCTAAGTGAGAAAATAAAATAAGTTTAGCATTATGTTCTAGAGCATATTTTATTGTAGGTAATGCTTGAATAATTCTGTTTTCATCAGTAATTTTCCCATCTTTCATAGGAACATTAAAATCTACTCTCATAAGAACTTTTTTATTATTTAAATCTAAATCAGTTATAATTTTTTTCATTATTGTTCTCCTTATCAATTTTTAAAAAAGTGGAACATATTAATGTTCCACTATTTAATTGCTAATTATTGTATTGTAAATTTTGTTATTTAGAAATTTCAACAAATTTCTTTAATGTTCTAATAAGTTGAGAAGTATAAGACATTTCATTATCATACCAAGCAACAGTTTTTACTAATTGTTTTCCTCCAACTGTTAAAACTTTTGTTTGAGTTGCATCAAATAATGAACCAAAACTAATTCCAATAACATCACTTGATACTAATTCTTCTTCAGTATATCCAAATGATTCATTACTTGCAGCTTTCATAGCAGTATTAATTTCTTCAACAGTAACTTCTTTTTCTAACACTGTTACAAGTTCAGTGATTGAACCAGTTATAACAGGTACTCTTTGAGCAGCTCCATCTAATTTTCCTTTTAATTCAGGAATAACAAGTCCAATAGCTTTTGCAGCTCCAGTTGTATTAGGAACTATATTTTCAGCAGCAGCTCTAGCTCTTCTTAAATCTCCTTTTTTATGAGGAGCATCTAATGTATTTTGGTCATTTGTATAAGCATGGATAGTTGTCATTAATCCTTCAACAATTCCAAATTTATCATTTAAAACTTTTGCCATTGGAGCAAGACAGTTAGTTGTACAAGAAGCTCCTGATATTACAGTTTCACTTCCATCTAACACATTATCATTTACATTATAAACAACTGTTTTTAAATCTCCAGTAGCTGGTGCAGAAATTACAACTTTTTTAGCTCCTGCTTTAATGTGAGCTTCTGCTTTTTCT
NZ_CP077112.1_gap41	1583383	1586660	3277	ACTATGCAAATAAAAAATGCTCTTCCTGAAGGTGAAGTTAAGATGTTTTACCCTAGTGGTAAATTATTATCTACGTTTTATGTAAAAAATAATAAAATGAATGGCTTAGTAAAAACATATTATGAAAATGGAAAAATACAAGGGATTTATAATATAAAAGATAATGTTCTAAATGGAGAAGCTATTGAATATGATGAAAATGGAAATGTTGTAGAAAAAGTTTTATATAAAAATGGAAAAATAGTAAGATAAAAAATAGAGGGCTATTACAAACTCAAAATTAATTTGTAATAGCCATTTTGATTTAAACTAATCTCCTTTTCTGAAATGACTTCCCCCAAACATTCTAACTAAGATGTACATTAAAATTCTTTTATATTTTTTAACATTCCATTCTACCATAATCTCTAAGAATATTTTATCAGCTTCAGCCCTTGTAACATCAATTTTGCATTGACTTGAATATAACCAATCATGTACAACTGCTGCTCTTCCATGTTTACCATATGTATTTATAATATTTCTAAAAATCTTAGGCACTGATGCATAGTCTGTCCTAAAACCTTTTGGAACAACTACAAGTCCCTTTGATGTTTCATAAGAGTATTCTTCTAAAACTTCCCAATATTTATCATCAATTGGGCATGTATTTAGTCTACTTTTTTCCATAATCCCCACTCCCTTATCTTAATCTAAAATTATTGAGATATACTAGAACTTAATTGAAGATAATTCTTTTGAAAAATATTTTAGTTGTTAATTAATTGTAAAAAATAGATATATTTAAAGCATTTTATAATATAATTATAACTCTTTTTTATTACGATTTCAATTATTAGATAAAGTATTTTTTAGTTAATAAATAAATATTTTATAGGAAATTTATGAGAATTATGCTATAATATACCGTTAAAATATATAAATTAAAGGATTGATTACTTTGGAAGGAATAATAGTTGTAAACAAACCAAAAGGAATAACTTCCTTTGATGTTATAAGAAAACTTAAAAAAATCTTAAAAACTAAAAAAATAGGACATACTGGAACTCTTGACCCATTGGCAACAGGAGTTATGCTTATGTGTGTTGGAAAAGCTACTAAACTTGCATCTGATTTAGAAGCAAAAGATAAAGTCTATATTGCAGATTTTGATATAGGTTATGCAACAGATACCTATGACATTGAAGGAAAAAAAATAGCTGAAAATATTATTGAAATTTCAAAAGAAAATCTAGAGCAATCTATAAAAAAATTTATAGGTAGTATAAAACAAGTTCCTCCAATGTACTCTGCTATCAAAATTGATGGAAATAAACTTTATCATTTAGCAAGAAAAGGAATTGAAGTTGAGAGACCTGAAAGAGATGTCACTATTGAATATATTAATCTTTTAGATTTTAAAGATAATAAAGCTAAGATAGAAACAAAAGTTTCAAAAGGTTGCTATATAAGAAGTTTAATTTTTGATATAGGCCAAGATTTAGGAACTTATGCAACTATGACAGCACTTGAAAGAAAACAAGTTGGAGATTATTCTTTGGAGAATTCATATAGTTTAGAACAAATTGAAGAAATGGTTTTAAATAATGATTTTAAATTTTTGAAAACTGTTGAAGAAATTTTTTCTTATGATAAGTATAATTTACAAACTGAAAAAGAATTTATTTTATATAAAAACGGTAATACTGTAAAAATAAAAGAAAATTTAGAAAATAAAAAATATAGAATTTATTTTCAAGATGAATTTATAGGATTGGCAAATGTAGAAAATAATAATTTATTAAAGGGATATAAGTATTATTAATTTAAAATATGAGAGGAAAAAAATGAAGATTAAAAACATAGCAATTATTGCTCACGTTGACCACGGAAAAACTACACTTGTAGACTGCTTGTTAAGGCAAGGAGGAGTTTTTAAAACTCATGAACTTGAAAAAGTTGAAGAAAGAGTTATGGACTCAGATGATATTGAAAGAGAAAGAGGAATTACAATTTTCTCTAAAAATGCTTCTGCTAGATATAAAGACTATAAAATTAACATAGTTGATACACCAGGACATGCTGATTTTGGTGGAGAAGTACAAAGAATTATGAAGATGGTTGATTCTGTTCTTTTACTTGTAGATGCTTTTGAAGGACCTATGCCTCAAACAAAATATGTTTTGAAAAAAGCATTAGAACAAGGGCATAGACCAATAGTTGTAGTAAATAAAGTTGATAAACCTAATGCTAGACCAGAAGATGTTTTATATATGGTTTATGATTTATTTATAGAATTAAATGCCAATGAATATCAACTTGAATTTCCTGTAGTTTATGCATCAGGAAAAGCAGGTTTTGCTAGAAAAGAATTGACAGATGAAAATACTGATATGCAACCATTATTTGAAACAATATTAGAGCATGTTCAAGACCCTGATGGAGATGTTACAAAACCAGCTCAATTCTTAATAACAAATATTGCTTATGATAACTATGTTGGAAAATTAGCAGTTGGAAGAATACATAATGGAACTTTAAAAAGAAACCAAGATGTAATGTTAATAAAAAGAGATGGAAAACAAGTTAAAGGAAAAGTTTCTGTTCTATATGGTTATGAAGGTTTAAAAAGAGTTGAAATAGAAGAAGCAGAAGCAGGAGACATAGTTTGTGTTGCTGGTATTGATGATATAGATATTGGTGAAACATTAGCAGATATAAATGATCCTGTTGCATTGCCTTTAATTGATATTGATGAGCCAACTCTTGCTATGACATTTATGGTAAATGATTCTCCATTTGTTGGAAAAGAAGGAAAATTTGTAACTTCAAGACATATTTGGGATAGATTACAAAAAGAAATTCAAACAAATGTTAGTATGAGAATAGAAGCAACTGATTCACCTGACTCATTTATAGTAAAAGGTAGAGGAGAGCTTCAACTTTCAATATTACTTGAAAATATGAGAAGAGAAGGTTTTGAAGTACAAGTTTCTAAACCAAGAGTTTTATTTAAAGAAAAAGATGGAAAAAAATTAGAACCTATTGAACTTGCTTTAATTGATGTTGATGATACTTTTACAGGAACTGTAATTGAAAAGATGGGAGTTAGAAAAGCAGAAATGGTTTCTATGATTCCAGGTCAAGATGGATATACAAGACTTGAATTTAAAGTACCTGCAAGAGGACTTATTGGTTTTAGAAATGAATTTTTAACTGACACTAAGGGAACTGGAATTTTAAATCATTCATTCTTTGATTATGAAGAATATAAGGGAGATATTCCTACAAGAAATAA
NZ_CP077112.1_gap42	1591481	1592665	1184	AATTGAACAAGTTGGATTTGTTACAAAAGGATTTTCTGCAACAGTTTTAAATTTATTTCTTTTAGCAATAATATTAGCAAAAGAAAAAAAATTAATTTCAGTAAACCAAAAAGAAGTTTATTTAAAAGAGCTTAATATTATTATAGAAAATATACCTCAAGTTATTTTGAAAACTGAAAATTTTATTAAAGAGAAAAAAGAAATATTTTTAAATGCTAAAAGATTTATTGGAATTGCTTATGGAGCTTGTTTTGGACTTGTAAAAGAATTTGAAACTAAATTCACTGAAACAATAAGACTTCCTTCTCAAGGTTTTGAATTGGAAGCATATATGCATGGACCATATTTAGAGGCAAATAAAGAACATATAATTTTTTACTTTGATAATAAAGGAAAATTAAGTGAAAGATTATTTTTACTTAAAAATTATATGATGCCATACATAAAACAAAGTTTTGTTATAGCATTAGATAGTGGAGATATAAACCTAAACTTAAATTTAAATGAGCATTTAGCAACTTTACTTTTAATAATTCCTATACAAATTATGAGTTATAGAATAGCTGAAATTAAAGAAATTGATTTAAATATAAAAATTTTTGAAGATTTTGATAAGGTTTTAAAAAGTAAAATCTAAAAATGGGAGGTATAGATGTCTAAATACAGAGAAATGCTTAAATTCAATGAAGATGAATATAGAAAAAGTGCTGAGTTAATTATAGAAGCTTATCCTATTGCTAAAAAGGTTGCAGATGAAATTTCTGTTGAAGGATATGAAAATATATTTTTTTCAGCTGTTGGTGGGAGTCTTGCTCCTATGATGGCAATAGGAGAAATTGCAAAACAAATTACAAAAAAACCTATCTTTATAGAACAAGCTGCTGAGCTATTAACAAGAGGTCATAAATCTCTTTCTAATAATTCTATTCTGATTACATTATCTAAATCTGGAGATACCAAAGAAACTGTTGCTATGGCTAAGTATGCAAAAGAAAATGGAATAAGAGTGATATCTTTAACAAAAGAATTAAACTCTCCTTTAGCATTAAACTCTAACTATGTTATTCCAATGAGACACGAAAATGGTGTTGAGTATGAATATATGTTATTATTTTGGTTATTTTTTAGATTAATGGAAAATAATGGAGATTTTTCTGAATATGAAAAATTTGCTGAACAATTAA
NZ_CP077112.1_gap43	1605031	1605563	532	GAAGATGGTTGGTTACCAAAAATTTGTAAAAAAACTACAGCTTCTGGCTATCCTTGGGTAGTATATTTAATATTTTACATAGTTTCAATTATTCCAGTTTTATTAGGTTTTAGTTTAGATGTGATAGTATCTCTAGTTATGATACCTTACATGATTACAAATATTTATTGTAATCTAGCTTGTATTAGAATAATTAATAAGTATCCAAAACAATGGGAAAATAGTATTTTACATATGCCTAAAATTTTAATGGATATAATTTGTATCTTAGCTGCATTGTCTGCATTAATTGTATGTTATAATTTATTTATGTTGCTTGATAAATATCAAATGTTATTAATGGTAGGAATTTTATTTCTTATGTCTATATTTTCTATCATATCTATTAAAACAGGAAGTGTTAGTATAGAAAATCTTGAAAGAAATAAAGAATTAATAATACAAGATGCTTTAAATGAAGAAGATTAACTTTATTGAGATAGACCAGCTATCAAATGTCAAGTAAATTTTTTAAAAAGTTAATTTTTTTCTA
NZ_CP077112.1_gap44	1609202	1612250	3048	AAATTCCCTATAATAAACTTGATTTATATGTAAAAAATAATATTAATATTGATAATAAGCAATAATAATTTCTATTAAAATATCTATAAATAAGGTATAATATAATAATGTAAAAAATTAAGTTGGGAGGTTTAAATGAAAAAAATATTTTTATTATTTTTAGCAACTATAATGTTAGTCTCTTGTGGAGATAATAAAGATGAAAATACTTTGTATGTATATAGTTGGGCTGACTATATTCCACAGTTTGTATATGAAGATTTTGAAAATGAAACTGGTATAAAAGTTGTTGAAGATATTTATTCTTCTAATGAAGAAATGTACACAAAAATTAAAGCTGGTGGAGAAGGTTATGATATTATTATGCCTTCTAGTGACTATTATGAAATAATGATGAAAGAAGATATGCTTGCAAAATTAGATAAATCTCAATTAGAAAATATTAAAAATATTGATGATGCCTATATGGCAAAATTAAGAGAGTTTGACCCAGAAAATGATTACGGTGTTCCTTATATGAGAGGAATCACTTGTATAGCAGTAAATACAAAGTTTGTAAAAGACTATCCAAGAGATTATACTATTTATAATAGAGAGGATTTAGCTGGAAGAATGACACTTTTAGATGATATGAGAGAAGTATTTGTCCCTGCTTTAGCTCTAAATGGTTATAAACAAGATGCTGATTCAACAGAAGCTATGGAAAAAGCGAAATCTACTATCTTAAATTGGAAGAAAAATATTGCAAAATTTGATGCAGAATCTTATGGGAAAGGCTTTGCTAATGGAGATTTCTGGGTAGTTCAAGGATATCCAGATAATATTTATAGAGAACTTTCACAAGAAGATAGAGAAAATGTAGATTTTATTGTTCCACCTGGTGACCAAGGATATTCTTCAATAGATTCATTTGTAGTTCTAAAAGATTCTAAAAATTTTGAAAATGCTATGAAATTTATAAACTATATCCATAGACCAGATGTATATGCTAAAATTTCAGATTTTATTGAAATTCCTAGTATAAATACTGGTGCTGATAAACTTGTAACTAAAAAGCCTCTATATGATGTTGAAAAAACAAAAGACGCTCAACTTTTAATAGATATTGGAGATAAGTTAAATATCCAAAATAAATATTGGCAAGAAATTTTAATAGCAAACTAAGGGAGTGAAATTTAATGAAATTTTCTATAAACAGACAAAAAACAATAGAAATAATTGGAGAATACTCAAATATTTTAAAAGATAATCCTGTTAAACCAAGTTTAGCAGGGCTATTTATACAAGCTAAAAATAATCAAGTTGTATTTAAGGGTGCTAACACTGAAATTGAACTTATAAGATATGCAAATTGTGAAATTGAAAGTGAAGGTCAAGTCTTAATAAAACCTGCTTTACTTTTAGAATATATAAAATTACTTGAAGGAGAAAATATCAATTTTGAAAAGAAAGATGGTTATTTAATTGTAAATAATGCTGAATTTTCAATATTAGATGATAATACTTACCCTGAATTAACTGAGATTATTCCAATAGTTATTGCAAGTGAAAATACTGTAAAATTTACTATGTCTCTTGAAAAAGTTAAATTTCTTACTAATTCATCTGCTAGTACAGATACCTTATTTAATTCAATAAAAATGATATTTAAGGATAATATTTTAGAACTTGTTTCAACAGATTCGTTTAGACTTATATATATGAAAAAAGAGCTTAATAATACAATAAATAAAGATATCTTGGTTCCAGGGGATAGTATAGGAGTTCTTTATAAGATATTTAAAGATTTAGATGAAGAATTTTCTCTTGCAGCAAGTGATGATAAACTTATTGTAACTTGGAAGGATGCTTATTTTACTTGTAAACTATTATCATTATCTTTTCCAGATTTTAGACCTCTTATAAATAATACAAATCATGATAAAAGATTTGAATTTAATAGAGAGGAGTTAAATTTAGCACTTAAAAAGGTTATATCTGTAACCAAGAATAGTAGTGATTCTAAAAATGTTGCTACATTTAACTTTAAAGGAAATCAACTTTTAATAAGTGGTGTTTCTGCTAATGCTAAGATTAATCAAAAAGTTAATATGATTAAAACTGGTGAAGACTTAAAATTGGGGATGAACTGTAAATATATTAAAGAATTTATAGATAATGTTGATAAAAATATTATTATTGATGCTACTAATTCTAGTTCTATGTTAAGATTTATGGAAGAAGGAAATGAAAATTATATTTACTTAATTATGCCTGTAAATATCAGAGTGTAGTTTTAAGGAGAGTGTATGAGAAAATTTAAATTTTTAATGTTATTCTGTTTATTTGGTTCAATGTTATTTGCAGCTCAAAAAACTACAAAAACTGTGAAAAATGAGTATGATTTAAAATTTAATCCTGATAAATATGTTTCAAAAGAAACTGAAATCAATGGGCAAAAAATAAAATATCGTGCTTATGAAAATATTGTTTATGTAAAAAATCCTATAGATAAAGACTACCAAAATATGAATATCTATATTCCAGAAGAATATTTTAATAATTCATCTATTGGAAGTTACAATAGTAGCAATGCTCCTATATTTTTCCCTAACACTGTTGGAGGATATATGCCAGGAAAGGCTGATATAGTTGGTCTTGGAAGAGATGGAAAAGCAAATTCTCTTACTTATGCCTTATCAAAAGGTTATGTAGTTGCAGCTCCTGGTGCTAGAGGTAGAACTTTAACTGATAATAAAGGCAACTATACAGGAAAAGCTCCTGCTGCAATAGTTGATTTAAAGGCAGCAGTTAGATATCTATATCTTAATGATGAAGTTATGCCTGGAGATGCTAATAAAATAATTTCAAATGGAACAAGTGCTGGTGGTGCTTTATCTGCTCTTTTAGGGGCAACAGGTAATTCTAGTGATTATCTGCCTTATTTAAAAGAAATTGGTGCAGCTGAGACAAGAGATGATATTTTTGCAGTTTCTGCTTACTGTCCTATTACAAATTTAGAAAATGCAGATGCTGCTTATGAATGGATGTATAATGGAGTTAACTCAT
NZ_CP077112.1_gap45	1617094	1618094	1000	TGAACTTAGGAATGTATAGCTTAAAAGTAAAAATATTAAGAATGTTGAAATATTAATTTTATCTGTTAAATATAAATATCCTCCACTTGGAATAACAAAAATCAGTGCTGAGTCCACAACTGCTAAAAATACTCCATAAGGTGCTCTATAATCATCTGTCATCTCATGCCAATTTTCTGTATATTCATTGTTTATATCAATATATTTTTTAAAAGAATGTGCAGTTAAATTAAATGCTTTAAATACATTCATTCCTTTTATATATTGAGTTATTGTTGAAGTCAATCTTTGAAGTAAAGAATTATATTTATCTAAACGCTTTCCATAACCTTTAAACATAGCAATTTGAGTTAAAATAGCAAGTATTATAGGAATAATTAAAAATATTGTTATTCTCCACTCTAAGAAAAATAAGAATACTAATATAACTATTGGAGTTGTTATAGCTGCTGCTAAGTCTGGAATCTGGTGTGCTAAGAAATTTTCTAATTTTTCAACATCTTCATTTATAGACTTTTTTATCTCACCAATATTTTTTTCTCTAAAATAACCTAAATTAATATTTCCTAAATGTTTCACTGCCTGCATTCTAATATTATAAAGTATATTAAATGCTGCCACATGTGAAAATACTCCTGATAATATAAATAATATTAATCTCACAACTATTAAAATTGCAGTATAGACAGCTAATTTCTTAATTCTATTATAGTCTAAATCTGTTTTTAATAACTCTAAAATAATATTATATATAAGTATATAAGGTACAACCATAAGTATTGAACTACATACACTCAAAAAAGCTGAAAGATATAATTTATATTTTTCATTTTTTGCATAAGAAAGAAGAAAAGTAAAATTACTCTTTTGTTTCATAAATCTAACCTCCTTTACTATATTTCACATTAATATTATATACCTATAATATTAGTAAATCAAATATTTATTAAAATGAATTATTATTAAAAAAGGAATATTAAAATTTTATTTCTAATATCCC
NZ_CP077112.1_gap46	1619168	1624018	4850	CTCCTTCTTCAACTCCATCAATAATACAAATTTTTTCATCTAATATCACATAAGAATTGTACGTAACTCCAAAATCTAATGGAATATGACTTTCCCATTTTTCTATTTTTCTATCATTAACTCCAATCCAGACAATGTCATCTTTTATCTTAGTACTCTTATACATAGCTACCTCCTTAATAAAAAAGTTACTCATTAATTAATCTAACTTTATCATAGTAGATTTTTTAGTTTTTTTCAATATATTTTCTTAAATTAAAAAGGGATATTAAAAATTTTTTATTTCTAATTATCCCTTTAAAATTTTAATCATTATTTAATATTTGAAATTAAATTTTCAATATCTTCTTTACTTAGCTCAGCTCTATCTATATCTATTGCATAAGAATATGTCCCATCTGTCCAAGTTGCAACAAAAATATTTTTTCCATCACTTTTTTCTGTTACATCATAGTCTCCAACTTTTACAGTTTCAACATTCTTATATTCATTATAGTCACCACTTATATCATCAGTACCTTTAGCTTTTCTAATACGAAGTCCTTCATTATCTGTATCATTAAAATAAATTACTTCTATCATATCATCTTCAATAGCTTGAATTACTTGTTTTTTATAATCTCCATAAGTTGCTGGAACAGATAAATTAAACCCTGCTATTTTAGAAGCTTCATCCAAAGTATCAACTATTTCATATGGATTAGGTACTCCATAATCTTGTTCTTGTGTAACATTCGCTGTTTCTGCTGCCTCTTGTTTAGCTTCTTCCTTTTTTCCACAAGCAACAATAGTTAAACATAATAATGACATTAATAATATTTTCTTCATGTAGTTACTCCTTTATTTGTCAAATTTTATTGTAGCTTCATCAACTACATAATTATAAAATTCATCAAGTGATTTAGAGAACTGATCTTTTGAACCAAATCTTCTAATATTTACTTCTTTATTTTCAACTTCATTTTTACCAATTATTAATTGCATAGGAATCTTATATCTTCCATTAGCTTCTCTTATTTTATATCCAATAGTTTCATTTCTATCATCAAGTTCTGCTCTAATTCCTAATTCTTCTAATTTATTCATAATTTCTTTCGCATAAGGAATACATTCATCATTAAGAGTTAAAACTTTTACTTGAACTGGTGCAAGCCACATAGGGAAAGCACCTGCATAGTGTTCTATTAAAATTCCAATAAATCTTTCTATTGAACCATATATAACTCTATGAAGCATTACTGGTCTATGTTTTTCTCCATCTTCACCTATATAAGTTACATCAAATCTTTCTGGTAAGTTAAAATCAAGTTGAATAGTTCCACATTGCCACATTCTTCCAATGGCATCTTTTATTTTAAAATCTAGTTTAGGTCCATAAAATGCTCCATCTCCTGGATTTATTTTATATTTTCTACCTAATTTATCTAATGCTCCTGCAAGTGCAGCTTCTGCCATATCCCAAATTTCTTGAGAACCTATTGCTTTTTCTGGTTTAGTTGAAAGTTCTATTTCATATTCAAAACCAAACAATTTACTATAGAATTTATCTATAAGGTTTACAACACCTATAATTTCATCTTGAACTTGATCAGGAGTCATAAATATATGAGAATCATCTTGTGTAAATGATCTTACTCTCATAAGTCCATGTAATGCACCAGAAAATTCATGTCTATGAACTCTACCTAGCTCTGCAAGTCTTGCTGGTAAGTCTTTATATGAATGTAATTGGTGTTTAAATGCTAAAACTCCTCCTGGACAGTTCATTGGTTTTATAGCAAATTCTAACTCATCTATTTCTGATGTATACATATTTTCTCTGTAATTAAACCAGTGTCCTGAAACTTCCCATAACTCTTTATTAAGCATTATAGGAGTTTCTAATTGTAAGTATTTAGCTTTTTCATGTTCTTTTCTCCATAAATCAATTAAAACATTTCTAATTACCATTCCTTTTGGTAAAAAGAATGGGAATCCTGGTCCATATTCACTTAGGAAAAATAATTCTAATTCTTTTCCTAATTTTCTATGATCTCTTTTTTCAGCTTCTTCCATAAGCTTTAAATGTTTCTTTAATCTGTCTTCATTAGAGAAAGAATAACCATATATTCTTTGAAGCATTTTATTTTTTGAGTTTCCTCTCCAATATGCTCCTGCAACTGTTCTTAACTTAAATGCTTTTAAATACCCAGTTGAAGGAACATGTGTTCCTCTACATAAATCTGTAAAATCTCCTTGTTTATAGAATGAAACTTGTTCTCCTTGTGGAATTCCTTCAACAATTTCAACTTTATATTTATTTTTATCTACATCTCTAAAATAGTCAATAGCTTCATCTCTTGGTAATACATATTTTTCCAATTTTATATTCTCTTTAACAATTTTCTTCATTTCTGCTTCAATTTTTTCTAAATCTTCTTCTGTAAATTGTTCAACTGGGTCAAAGTCATAATAAAATCCATTTTCTATAACTGGTCCTATTGTAACCTTTGTATCAGGATATAGTCTTAATACAGCTTGTGCCATCAAGTGAGCTGTTGAATGTCTTACTATATCTTCTCCTTCTGGACTGTCAATATCTATGAATTCAACTTCTGCATCATGATCTAACACATAAGACATATCTACATTTTTTCCATCAACTTTTGCTCCAACTGATTTTTTAGCAAGAGAATTTGAAATTCCTTTTGCTATTTCAAACATATTAACATTACTGTTATACTCTTTGTTTTCTCCATTATATTTTACTAACATATTTCCCCCTTGTAATCCTTTCCTTCTTCATCTAATTTATATATAGAAAAATAAGTGAATTGCATTCTAAATTTTAGCTAGCAATGAGCTATTTTTCCAATTTTAATAACTATTTTTTAACTGACTAGGTCTATCTAATAAATACCCATCTGGTTTAGTTGAAGCTGTTCCACCTCTATTTTTTGCTCCTATTCCAAATAGTCCATTATTTGGGAAAGTCAACAATGTGAAGTGTACTCCAACTCTCCATTCATAATCTTTGCTAGATGTTTTATATCTATTTTCATAAGATACAGCCCATTCATAATATCCCATTTCTTTACCTATTTCAACACCAATACTATCAAGAGATCTTTTTCTATTTCTTGAACTTGTAGGATCATTTTTATTGTCATAGAACATTGCATAAGTTTTTATTTTCCAACCTTGACTTGGTTTTCCTATTTTTGCATAAGCACTTAACTCATGTTCCTTTGTATCCTTACTCCATTTATAACTTCCACCAGAACTTTTCCAACTAGCTTTTTCAGTAAAGGTGTAACCTATACCAAGTCTATTATATGAAACTGTAAGTCCTCCTGAAAATTTAGACATAGAATCTTTTAAATTTCCCGTTTGAGAATATCTTTTATTATTTTTTTCAAAATTTACATAAGCACTAAAAGTCTTTTTATAGTTTCCTATTCTAAAAGTTTCATCTTGTATTCTTGTTAACTCAAATTGATTATAGAAACTACTCTTTCTATCCAAAATAGCCCTTATTGTTTCTATTTCATCATTAGTTACTTCTTCTTTAGGCTTTTCGTATTCAAGAGTTGCATATTTCATAAGTTCTTCTTTTTCAAATCTCTTATCTCTATAAGCATAAGCAAAAGTATATGTATCCGTATTTCTAATGTCATCTATCATTCTATTCTTACCATATCTATATTGTTTATATGATGCACTAAAATCTTGCTCTACATCTCCATAAATATTGTAAGTAACAGAATATAATCTATTTTTTCTATCTAAATATCTACTATCTTCAGTACTTAGATTATTTGTACCTTGTGTATAAGCAAGAGTTAATTTACTGTTGTCAAATTTATAACCATAGTTTATTCCATTTTGACTAGCCTTTTCTTTAAAATTAACAGTTGTTCCAAAATCATCTCCTTTAAAATCAATATTAGTCCCTAAGAAACCTAAACTATATTTTTTCGTTTCAAAATTTATTGAATATTGATTTCTTGATAAATCATTTATATTTTTTCCACTATCAGTTTTAGAAGTGAATCTTTTATCATCAGTGTACTTCAAACTTAGACTAGTTTCTTCATCAAATTTTATATTTAGTCCTGTTGTTAATTGTTCTCCACTTTTATTTTTTTCACCATAAGGATTTTTAGATTTTTTATATCCTATATCATAGGTTGTCATTGTTGTTCCATCAAAAACTAGACTATTATCAAATTTTATATAATCATTTTTTGTAATTAGTCTTTGTTCTTCATTGTTTTTATTTCCTGAGAAATTATATTTTTGAAGTTCAACTTTAAATTTATTAGTTACATCTAGGTTTTCAGTTTTATATAAATATAAATCATTATTTAATTTTAGATTAATAAGATTAGTCTTATCTGATGAACCATCAAACTCATCTTGTCTAAATGTTCCATCTAGTCCAAAAATTCCAATGTCTCCTAAAGGTAAATTTTGTCTTCCTAATTGCATCTCATAAAATTTTGATTTATTTTCATATTGTTTATATGTTCTATCAAAAAGTCCTTCTCTTGACCAAATCTCTGAAGTTACTTTACCTAAACCTACTCTATAAGTTTCATTATCATTAGATAGATTTAGATCTGTTCTTTTTTCTAAAGTATTATTGTATATTATATTTTCATATCTATTGTACTCAGCTATTCTTGCTATTCCAAGTACAGATTTTCTATAGTTATCCAAAGTTGTATCTAATTTTCTATCTAAATAATTATATGAAACAGAAGGAGTAAAAATATAATTTCCAGCTTTATAATTTCCTAAAGAAGCCTTTATATTCTCAAAATTATTATATTCATATTTAGCAACTGTTGTTGGAGTATAAGAAAAAT
NZ_CP077112.1_gap47	1625652	1626978	1326	GCTATACTTTCTCTCTTATCATAAGTTTTTTTACCTTTGGCTATTGCAATTTGTATTTTTACATAGCCCTTTGATAAATGAACATCCAAAGGAACTATTGTATAGCCTTTTATTTTTACTTTTTCATGAATTTTTTTTATTTCTTTTCTATGTAAAAGTAATTTTCTAACTCTTCTCTCTTCTGGATTATAAACACTTCCAAATTCCCAAGGAACAACTGACATTCCCATTATGAATATTTCATCATTTATAATTCTTACAAAAGATTCTTTTATACTAACTTTACCTGCTTTAATTGATTTTACTTCACTACCTTTTAACTCAATTCCTGCTTCATATTTTTCTTCTATGAAGTAATCAAAAAAAGCTTTTTTATTATTTGCAATTATCATAATTTCCTCTCTTTAATTAAAAATCATCTAGTGGTACCACAGCAATTTCTAAGGTTAATAAATCTGCTCTTTTTAAAATAACATCTATTTTATCACCTAAACGAAAAACTGTATCACTATTAGTATCTTCCATACAATAATTTTCTTCATTAAAAACATAATAATTGATTGCAGTTGTAACATCCCAACTACATTCTATATGTTCATCTGTTTCAAAAAATACTTTCTTTTGTGCAAAACCTGTAACCATAACATTAAAAGTTTCTCCAACTCTCTTTTGCATATATTCAACAAGTTTTATTCTTACACTTTCATCTTCAACTTTCATAGCTACTCTTTCTGTTTTAGAAATATGTTGAGCTATCTCATCTAAATCTGCCAGTTTTAATTGTTTTACAGAATTATCTATACTTGAAAATAGAACTCTATGAACCATTAAATCAGCATATCTTCTTATTGGAGAAGTAAAATGTGTATAATGTGAAGAAGATAATCCAAAGTGCCCTATATCTTCAACTGTATATCTTGCTTGTTTTAAAGCTCTTAATATAGTTTTATGAACTAGCATACTTGTTTCTTTATCCTTAGATCTTTCAATAATTTCTTGAAATTGTTTAGGATGAAGATTATCAAAGTTTGGTATCTTATATCCAAATTTTGCAAGTATTTCATTTAATACAACTATTTTTTCTCTATCAGGTTTTTCATGTGTTCTATAAATTGAGGCAAGTTCCAACCAATATATTCTTTCTGCAACAGTTTCATTTGCTGCTATCATAAAATCTTCTATGATTTTTTCTCCTTCTCCTCTATCTCTTAAAAGAACTTTTTCTACTTTATTATTATCTTCATCTAAAACAACTTTTAGCTCAGGAAGTTCAAAATCAATGCTTCCTCTTGTAAATTTCTTAGCTCTTAATATTTTAGATAATTC
NZ_CP077112.1_gap48	1691003	1694889	3886	CTCCCATTCCAAGAGATGTCTTGATTCCAAATCCAGTATATTCAGACATCAAAATTAAAAAATTTAAAATATTAGCAAGTGTTGAATCTTCTCCTTTAATACCTAAATCCATAGTTCCTATAAAACCTTTTATTTTTATGCTTTCAAGATGAAAAATCTTTGTTCGTAAATTGTAATCTTTTATATAGACTTTTTCTAAAAGCTCATCTATTATTTTTCTATTAGCTAATTCTGCAGAATCTGAGTGTTGATTAATTTTCTCTATCACTCCAGAGATTAATGTAGAAATATTAGGAAATATATGTGTTACTCCATTAGACTTAAATGAAGTTGGACTTATAAGCTTTATTCTTTTTCTTTCAGTGCATTCTAAAAATAAATCATCATAAGACTTTTTTTGAATAGAAAAAGACTTTACATTAATTTCTAAATCTTTATTTTTTAGATAAATTGTCTCTGGGATATTATTAGAAAAACAAGTCATAAGCATATCATAAGCTTTTTGATTAAATGTTGTAATTCTCCAAAAAAATTTATCAGTTTTCATATCTTTAAAAATACAAGATGTAAATGGATTTGTTGTATTATAATGAAAATAGTCAGCATATGCTGAATCTATATTTTCCATTAAATATCCATGAAATAATGAACCCATATTGGTGCTAAGTCCATTAGCTTCAAGCTCTATATTAATTTGTGCCAACATTTTTTTCCTCTACTTTCATAATTTTAACTAAACCAGCTAAATAATTTTTGCCATTTATTTTTATTCTATTAAGAACTCTTGGAGAAAATTTATCTTTTAAGTGATCTTTTATTTTATCTCCTTTTTTTAGATGTAAAAGTTTTTTGATAACTTCTAGTCTTTCTTCTTCTTTTTCAAATAGAGAATAGATTATAGTTTTTTGTAAAAATCCTGTATTAGCTCCCAATATTAAATTTTCAATTTGAGGACTATTTTTATCTTTTAATATATTATTTATTAAATAATTACTTGTATTTTCAAGTGCTTCAGTTAAGTTACTCATATTTTTTATTTTAAATTTGCTCTTTTCCATTAAGTCTATATCTAGAGTTATATCAAAATCAAATATTGAATTAGCCATTACGTATTCTCTGTATACTGGTATGGCTTGCTCTTTTTCTTCTTTGCTTTTATCTCTTTTTTCATCTATATCTCTATAAAAATATGTTCTTGTGTTTGAATAATTATATGTATCTGATACTGATATACCAAATCTTTTTGATTTTTCTAATTCTTTGTTATCTCCATAGATAATAGATTTTTCAATTTCATTTACTATTCTTTTTATATCATTTTTAGCTTTCTTTATATCATTATCATTATTAGCTTTTTTAGCTATTTCTAATATTTTATTTCTTTCAATTTTAAATTTATCTCTATGGTTAATAATATAATTAACTAGTAAAAAATTTATTATAGCTCCTTTTATACTAGACCCTGGAATATAGGGTTTTCCTTGAAGATTTCTTAGCATTAATTTTATATCATTCATTTCTTCAATCTCGGCATCAATTTTAATTGGAGCTTTTTTTCTGAATTCCTCTATATTTTTGTAAATATCTCTACTTTTTAAAAAATCTATCAATTTTATATTTTTATCTTGTTCATGCTTTTTTAAATTTAAATTCTTTTGAATATAGAAGATATAATCATCAAAAAGATTTTTCTTTATTAAAAAACTAATAAATTTTTCACTATCTATTAAGGTTAGAGTTCCTTTATCTTTATCAAATACATATTCCTTTTTATCTAATTTAGATTTATAATCTGCTCCACCTATATGAAGTGGAGTTAAAACTTCAAGTTTCATTTTATACTTTATTATATTACTCATATTTTAACCCCCAATACAATAGGTTTACCCATTCTATATATGCTGTGTTTTCCATGAAGATTTAAATCTAGCATTTTTCCTTCTGGTTTAAAATTTAATACTGAACCAGATGAAAGCATATATACTTGTTTTCTTTTTTCGGCTTGTTCACTATATAAAGAGCTATTTACAAAACCACTTCTTTTTATTAATTGATAGTAGTTTTCACTTTCTTTTATCTTTTCTATTTCTTCTATTTTAGGTGAATATGAAGAAATAGAAAAGAATTTTTCTTCATCTGAATACAAAGCTTTATTTATATAAGCATCAGATTCTGATTCAATAGGATCAAAATCTTCACCATAAAAAAACATAGGATCTTCAAAGACAAATTCTCCAAAACCAGAATTCTTTTTTCCACCAATTCCAGTTAAAGAAAGACTTTCTAAAATATTTTCAAAAATTCCTCCCCATTTTTCATCTTCAGGAAGTTTTACTATAAAGTATAGTCCTGACTGTTTATTAAATTTAAAAATTTCTATATTATAAAGTTGAGTATCTTCATTTTCTAAAGAAACTTTATTTTTTGTATATAATTGTTTTCTTCCAAAATCATCATCTATTTCGGGAAAATTTTTTCCAGTTTTTAAAAAAGAAAAGTATTCTTCTAATCTATCTGCTGGAATAAAATTAGTTGCTTTTACTTTTTTTCTATCAACAACTTCTTCATCATTTTTTTCTTTCTCATCTCTTTGGATACTAATAAAAGGTTTTGGTAGATAAAAATCTGTTGATATATCTTCTTTTTCCTTAAATGGGAATAAATCAGATACTAAAAAATCTCCACTTTCAGAAATTTTATATAATTCATCATTATTGTATAGTTTCATATATTCATTATATAAAGCACTATAAAAGGTATCAGAGTAAACACTTATCATAGTTTCCTCTAATGTATTTCCAGAAGCTGTTCCAATATGAATACCATTTGGAAACCTTAGTTTATATAGTAAATAAGACATTATTCCACCTTACTTTCTAGCTCTTTTCTAAAATTATTTATTTCTTCTTCTATTGTTGTTAATTCCTTTTTATTTTCTTCTGTATAAGTTTTTAATTCTAAAGAGAGATTTTTAAATTTTATACGACCATAACCTCTAGTTCCATGTCCTCCAAGATAGTCATCTTCTAAAACATCCATCATTAATAAAATATTTTTCATATCTTCTTCAAAATCTTCTATTTTCTCTACATTATATACAACTTTAAAATCAAATTCTGACCCAGCAGGAACTCTTTCTAATTGTCTAGGATTTGCAACTCCTTTTATTCTATCAATAGTATTTTCATATTTTATTTCTGTATATGGTAAATCAAATTCAAATTCTTTAAAATCTTCTATACTTTTATCAGATAATAAAGAATCTTGGAATTGTAATCTTGATGTTATTATGGGATCTGAACTTCCAAATAATCTTTTTATACATTCATCTTCCTCTTTAATTTCTTTTGTTTCCAATGAAGAATTATATTTAGTTCTAGCTAATAGGTATCTCATTTTTCCCTTTAATGATGATCCTGGAATCATAGGTTTATTAGTAACTGAATCTCTTATTACTATTGTATCAACAGCTCCTATTGCTGAAAAGTCTCCTGATGTTCCTATATGTAAACCTGTAATTAATTTAATTGTTCCTTTTATTAATAATTTTCCTTTTAATGTATACATAAATTATCTCCTCTCATATTAAAATTTTTATATAGATTATTTATCAGATTCATAATACTTCATATATGCAATAATTTCTTCAAGATAACGATAGAAATCATTAAATTTTTTTGCTGAATTTCCAACTTCCTTTATTTTTTCTGATATATGAAACTCTTTATCAAAAATTTTTACTTTAGGTTCTCTCCCACATTGATAAATATGTTTTACAAGTAAATATTTTATTTCATTTTCTAATTTCTCAGAAATTACATTTTTCTTTTCTTTTCTTTCTTCAACTTGTATTTTATTTTTTATAATTACAGCATTAGACAATAGT
NZ_CP077112.1_gap49	1696141	1697873	1732	TATTAGTATGATATAGTTTTGAAATATTTCTTCCCAAATTAATATATCCTTTACAAGAGTCACATAATTCTATTCCATCTTCATCAAGAAAATATTTAGCATTATTCTCTAATATTTTTTCATCTTCATTTTTTTTACAAATTTTACATTCTTTTGTATAACTTTTAATTTTATTTATAGAGCTATTTTCATCAAGAAGTTCTTTTAATTGTCCTAGTGAATATCTGCTTAATTTTGCTTTAGAGACTTTATTAGATGTTTTTCTAAATAATTCTCCTACTCTATTTTCTGTCTTTATTTTTTCGTTTAATCCATTACCTAATTCTTCAGCAGAATTTTCAGTATATACCATTTCAAAATAAATAGTTGCTCCTATAGTTTCTAAAATAAAATTATTAATTTTTTCTTTATAGTTATCTATGACTTCTTTTGCTTTTTTAGTATTAGGTAATAAAAGGTAGAAATGGCTTCCTCCTGAATATAAAAGATTTATTCTTGAGAGCTCTAATGCTGATAAAAGTTCATCTATAATATGCTCAGCAAATAATTCTAAATAGAATGATCTTCCTCTTAAAGACTTCATAGCCATTTTTGAAGAAATTGTATAAATAAAATTTTGTATCCCACTAAATTCTCCAGAAACTAAAAGGAATTTCTTTTTATTTCTATCAATATTAGAAAAGTACTCTTCTTTAAAATTTTGAATATTATTTTCCTTATCAAAAAGATAAAAACAAGCTGAAATAGCTGCTGTTAATTTTACATGATCATAATATGATATATCAGGTGCATCAACATATGAACTTGATGGGAAATAAGAGCAACAAGCTTCTAAAATTACTATTAATTTTTCAAGATTTATATTTTGTTTAAAATTATTTAGGTTATTTTTTATGTAATCTATAACCTTTTTGTAGTCAGAATTAGTTAATTTAATATTATTTGATGTAGGCATGTTAAAACCATTTTTATCAAAGTCAAAAAGCTTAAAGGTTTTTTTTAAATTATTTTTTTCAACTTTAATAACATTAAAGATGGAATTTAAAGAATCCATCTCATTACCTCTTATTTTTTCATCTTCATATTTTACACGATCTAAACCTGAAGCAATGTTATCAGCTTCATAGACTATATAAGCTAATGAATCTTCTTTTAATTTTGCTGATCTTAAATATTTATGATGATGATAATTTATCATATCATATATATCTTTATATTTATCATCTAATAAATTATTATCTTTCAAATAATTAGAACCCGCCTCTGAATGTTCTTTACTATCTAAACCAGCTCTCCTAACAATTTTTCCAATATCATGGAGTAATGCTCCTAATTGAAGATAAATTAATTTTTCGTCCATTTAACCCCTCCAAAAAATTATTTTAAAACTTTGACTTTTATATTATACTATTTTTTAATTTATTTTCAAATAAATAAAAAATTATTAATTAATTTGTTTTTTTTTAATATAATTATTTCAAAAATAAAGTTATATTTATTTTATATCTAAAAAAAGAAAAAGGATTTAAAATTTTTTTATAAACTCTAAATCCTTAATAATTTTTATTTATTTTTTATATAACTTTTTCATCACTAACCATTAAACTTGCAACACCATTTAAGTCTAATCCAGCAAAAATTTCTTCCTCATTTTTAGCATTTTTTAACTTATAATATGCTGCCTCTGCTATCATAGCTGCATTATCTGTACATAGTTTCATACTTGGGTATA
NZ_CP077112.1_gap50	1781346	1783622	2276	AATTATTATAATTTTTACTAAATCCTTTTCTAATAAATCATAAGAATCTATAATTTTAACAGTGGGTGGCATAAAAAATAATGTCATATTAAGTAAAAGAAAATTTGCTGCATTTTCAATTTTTTCTAATTTTAAAACTTTAAATTGTAATAATAAAAATAGTAATAATAAAGCTGTTATTGTTCCTGGTAAAGGAAAAGGTAAAACAGTAGAAATAAGAATACCAACATAGTTAATTACCAGAATTAACATAAACTCATTAATCATATAGACCTCCAATATATAGAAATATAGAAAGAGTGGAAACAAGTTCCACTCTAAAAATTTTACTTATTAATCTCTTGGTTTCATTTGTGGGAAAAGAATTACATCTCTTATAGAAGGTGCACCTGTAAGTAACATTACAAGTCTATCTATTCCTATTCCCATTCCACCAGTAGGTGGTAAACCATATTCAAGAGCTTCAACAAAACTTTCATCTATTTCTGGTGTTGCTTCTTCATTTCCACGCATTGCTTCTTCAACTTGTGCTTCAAATCTTCCTCTTTGATCTGCTGGATCATTTAATTCAGTAAAAGCATTTGCGTATTCTCTTTTATTGATAAATAATTCAAATCTATCTGTGAAATTTGGATTATCTTCATTTCTTTTTGCAAGTGGAGATATTTCAACAGGATGTCCATATACAAATGTTGGTTGAACAACTCTTTCTTCACATTTTTGTTCAAAAAATTCATTTATAATATGGCCTACACTGTCCATGTGGTCTGCAACTTCAACATGATGTTCCTTAGCTATTTTTTTAGCTTCTTCAAAAGTCATTTCCTTCCAAAAATCAACTCCTGTAACTTCTTTTATCATATCAACCATATGCACTCTTGCAAAGTTTTTAAGTGACAATTGTACTCCATCATATTCAATATCAGTTGTACCATTAACTTCCTGACATACAGATGAGATTATTCCCTCACATAAATCCATCATATCATTAAAATTAGCATGAGATTGGTACAACTCTATCATAGTAAATTCAGGATTATGTCTTGTAGATATTCCTTCATTTCTAAAATTTCTTCCTAATTCATAAACTCTTTCAAAACCACCAACTATTAATTTCTTTAAATATAATTCAGGAGCTATTCTTAAATATAAATCAAGATTTAAAGCATTATGGTGAGTTACAAAAGGTTTTGCAGCAGCTCCCCCTAAAATAGGGTGCATTAAAGGAGTTTCTACTTCTAAAAATCCTCTATCATCTAAATACTTTCTCACAGCTTTTATAATTTGTGTTCTTTTTATAAAAGTATCTCTAACTTCTGGATTCATTATTAAATCAACATATCTTTTTCTATATCTGATTTCAACATCAGTAAGTCCATGATATTTTTCAGGTAAAGATCTCACATTTTTTGTTAAAAGAGCAATACTTTTTACTCTTAAAGTTAATTCTTCTGTATGAGTTATAAATAATTCTCCTTCAATTCCAATAATATCCCCAACATTTAACATTTTAACAATATGGTCAAATTGTTCTTCTCCTAATTCGTCTTTCTTTATATAAATTTGGATTTTTCCAGATTGATCTTCTATATGAGCAAAATATACCTTTCCTTTTCCTCTTAAAGACATTATTCTTCCAGCTGTTTTAAATTTTAAATTTTCTTCTGGGTTATGTTTTAAAATATCTCCTATCATTATTTGTTTATCATACTTTTTGCCAAATGGTTTTATACCATAGCTTTCCAATTCTTCAATTTTTTTCCATCTTTCAGCAATTAGAGGTTCTTTCTCTAATCTGTCAAAATATTTTTCCATTTCCTTGTATCCTCCTAAAAACTTATTTATTATTTTGTAAGTGCTTCACTTCTTTTTACCCATTCACTATTAGGAAATTCTTGTTTTAATAGTCTTAAATATTTTGTAACTTCAACTTTATTTCCAAGTTTAGCATAAGAACTTGCTATATTATAATAGATTTCTGGCTTTTTGTCTTGTATTTTTTCAGTAGAAAGAGATTTTTTAAAGTTTTCTATTGCTACTCTTGGATTTGAATTTAAATTTTTCATAGCTTTATCATAGAAACTTTCGCCATTAGTTTCAGTTTTTGAAGTTGTATTTTTTACAGTTTTTGGACTTGTTCCTGATGTACTACCAACTTTTGTCAGTACAGTTTCATCTAAAACTGCTCTTACCTTCTCTCTTGCAACTGTATTTGAAGTTTCAGGTGTTTCTTTTTTTGTTTTTTCTATAAATACTTTATCATTTTTATCTAAACT
NZ_CP077112.1_gap51	1790092	1791620	1528	ATTTCCCACTTGGATAAAAAGTTCTTATTTCTTGTCCATTTTCAATCTTTTTTACTTTCATTTTTATAAAGGTTTTGGTTAAATTTTCATAAAAATCTATATCCATATTTTCATCTTGGATAGAACCTTTATATTTAGCTATTGTTTTACTTAAAATTTTTCCATCACCATATGTAAGCATAGTTATACTTTTTCTATCAAAGTCATATTCTGTCTTAGAATTAACACTTCCATCATCATAATATGAATAAGAAACAAAAGATTTTATATTTTCTAAAAACTTATCACTAAATTTATTATTCAAAATATCTGATTGATTACTAGCTTCATTATCTTCAATTTCTTGAACTAATTTTTCTATTTCATTAAATAAAAGCTTTCTTCTTAATTTAATTTCTGTTTTTACTGCTAAATCTCCATCTGGAGTATATATTTCTGCCAATATATCTGATTTATTTTTTTGTGTATATTTGATTGTAATTTTTATACGATTATCATTTGAAATATTAAATTCTTCTTTTGGAATAATATTTTCAATATATTTTTTAGGAATGGTATCTTTAATGCTAGCCCTATAAACAACTATAATTTCTTTATTCTTATCAAATACTTTTTGTAGTTCCTCATCAGTAGAATTGTTTGTAGAAGAATAAGAAAAAATACTATTTACTAAAAAAATTAAAAAAATAAATAAAAAACTTTTTCTCATAACTAACTCCTCTTTTAAATCCAACGTAAAAACCTTGCTAAAATTATACAAAATCCAATTACAAAAAATTCAATAAATACTAAATATGCTGTAAGTAATGCATTAAAAAAATTTAACCAACCTTTTATAGAATCAGAATAAGACAACCTTATTACTTTCTTTCTTAGATATTCCCAAATAGGTATATTAATTACTCCTGAACATACTAATACAAAAGGACACATTCCTAAAATACTTATTCCTTTATAATCATACTTATAAGCAATAATTATCCAGGTAACTGAAAATATCCAAGCTAAAATAATTATTAAAATTCTTGTACTAAGTTTTAATTTCAGTAATTTATGATAATATTTTTTTTCTTTTATTAATACAAACTTTTTGTTTCCAAAATGTATAACGAATATAAAAGCAATTACACATAAAAATGCATAAAACAAAAATTTAATATCCATAGTCTTTCCTTAAAATATTTTAAAAGAATTTTTCGTATCTATTAGTAGGACTCCATAAAATATATTCATCAACACCTAAGTCTTTCATTGCTTTAACTTGATCTTTAATTTCATTTGGTCCATAACTTATATGTCCTTTTACCCAAGTTGCAGTAAATGCTTGTATCCAAGGTCTTATAATAGCAGGACTATCTATATTATTATTTCTATTTATAGAATCTTTTGTTGATGCATAAATTGTTTTATATGGGTTAGCATCAGGAACAGCAAGTCCATAAACTCCCTTTCCATAATGGCTAGGATACATCATTGGAGATACATAATCCACTTCTGAACTAACAGCTTCCCAAAATTGCCCTAATGC
NZ_CP077112.1_gap52	1832195	1836301	4106	TTTCTACTTTTCCTTTATATCTACAATATTCTATTATATTATCAATAATGAGTTGCCCTTCTCTATCTGCATCTCCACAATTAATAACAGATTCTATATTTTTATTTTTTAAAAGTTCTCTTATTATTTTTAATTGATTTTTAACTCCTGAATCATTTTTTACTTTATACTCAAATGTATCAGGTACAAATGGACTTGTAATATCATTCCATCTTATATTTTCAAAACCCTCATACTCTTTTATTTCTTTTAAACCTAAAAGATGACCAAAAGCCCAAGTAACAATATATTTATCACTTTCTATGTACCCATCTTTCCAATCTCTAACATTTAATGCTCCTGCTACATTTTTAGCAAGACCAGGTTTTTCACATATTATTAACTTCATATATCCTCCCATATTATTAAAGGAACTAACTTATATATGACATCTGATTTTTTAATACATCCATAATACCTTGAATCAAATGATTTATCATTAGTTCCTAATACAAAAACTTCATCTTCTTTTATTATATATTTCTTTTCTTTAAGTTGAGGTAACTTATTATTTAGCCTATCAACTTTAAAAATATTTCCTTTTTCCTTATTATTAACATATATTTTATTATTTTCTATTCTTATATAGTCCCCACTTATTCCTGCTATATATTTAGAAAATGTAATATTTTTTATACTTCCTGGATAATCTAATATATCCTTATATCTCTTTGTTGAAAATGTAACAATATCTCCTCTTTTAAAATCTGTACTTTTATCCACTTTATATATTCCAATAGGTATTGAAGAGCTGATATTTAAAACAAAATATTTTCTGGTATATATACCTAATATATTTAAAATAATAAGGAAAATGAGGAGAATTAAATATTTCTTTCTATATTTCTTCATTTTATTTTCCTTTTCTTAACTTATTCAAAGTTTGTAAACAGCTTTTTATAAAATTCATATCTACTTTTAGTTACCCCTATTATTTCCTCTATTCCTAAAATATTTATTTTAATTTTATCTTGCTCTTTTATCTCCTTATTATATTTTGTAAAAAGTATTTCAAATTTTTCAGAATATGGTATAAATGAAGAAAATTTTATAAAAGGTTTATTTTTAAAATACTCATTTTCTTCATCTGAATAACCAAATCTATTAAAACCTTCATAATTAAAATCTTTCCTATTTTCTTCATACCAGCTCTTTATATTTGTTTTATCAAATTTCATCATCCTATATTTCATATACTCATTCCATTTTATAATTTCATAGTTATTCTTATTTGTATCTATTTTTATAACAATTTCATTATTTATTCTTGTAAAATAAGCAAATGACTCAACATATTTATAAGGAGTTATTGGAAGTTTAATTACAGTTTCCCATACAATCATATACATATCTTCCTCTATTTTTAAATCTCCTCTTATCCTAACTTTATATCCAATTATTTTTTTTCTTTTCATTTTTTCCACCTTTTTATATTGATTTATATAGACATATTTCTTTTTTTCTTTTATAATATACTAAAATACTTATTATTTGAGGTGATATATATGAGTAAATTTGCATTTCGTGATAAAGAAAGAACACAAAAAGTCTATGCTGATAGCCTTAATATTAAAGATAATAAGACTGAATTTTATTGTCCTAACCCTGAATGTAGTGCTCGTCTTACTCTGAAAGCTAATTCATCAATTGCTGGAATCTTCCCTTATTTTAGTAATTTACCAAGTGCCCCTCATATTGAAAATTGTTTTTGTCAAAAAAGTAGTTTTTCTTTTGATGATAGAAAATATGAGGAAACTCTATTTAATTTTGAAGAAATTGTGAATGAATATACAATCAATAATATTATAAATATTGATAGAAGATTAGAAACAATGTCAGCTATTTTCTATATGTGCAAAACTAGAAATATAAATGATACTTATAACCAAATAAAAATTTGGAAAATATTAGTTGATAATAGAGCCAACCATATATACTCCAAGGGAATATTGGGACCACATATTATAGAATGTTATTTTTCTCATTATTCTAAGGAGAATTTAACAATTTATTTAAAATATCCTGTTGACGACTCTTTAAAAAATAAATATAGTATAGGTATCTCTTTTAATGATGAAAAGTTATTTAAAGAGATAAGAAATAAACTTTTTAATAATGATAATGATTTAAAATATCCTGTCCTAGTTATTGGAAACTGGCAATATGATAACAAAAAGAAGCTTGTACAAACTTCTATAAATAGCTCTTTTCAAATATATTTTCGTAAATAGAGTACTTTTTACTCTATTTTTATTTGTTTAAAATTCATCTTCAAAGGCTATTTTTGAATCTTCCTTAAACTCAACAATGTTATGTACATATTTCTCTTTTTTAAGTTTATTGTATTCTTTTAAAACTTTTTCAATATACTTTTGAGTTTCCCTATATGGTGGAATACTACTATATTTTTTTACAGCTCCTGGTCCTGCATTATATGCTGCCAAAGCTAATGCTATATCTTCTCCATTTTTACTTAAACATTCTTTTAAATATTTAACTCCACCTTTTATATTTTCTGGAATATATTCAGCTTCTACTCCTAGATATTCAGCTGTCTTTGGCATAAGTTGCATTAATCCTATTGCTCCTACTGGAGATACTGCAACTACATCATAATTAGATTCAACCTTTATAACTGATACAACTAATTCTTCTTCAACACCATATTCTTTCGCATAGTATTTGATATATCCATATAACTCATTTGCAAGTTCAAAGTCTCCAACATTCTCTATCACATATTCTTTTACTTTATTAGTAAAATTACTTCTTTCTTCCTCAGAATAACTAATTCTTGTGGAAAATAGTAGTAAGGCTAAAAATACAAACATTCTCTTTTTCATTAAAAACCACATCCCTCTAAAATTTATACTTAAAACTTGTAGTATAAACATTTTCATAATTTCTATTATTTAAACTTTTTCTAATTTCTCCTCCTAAAAATACTTCAAAAGTTTCTTTTTTAGCTGTTACTCCTATTTTTATTCCTAATTTCTCTCTATCTTCTTTTTTACTACTATCTTTAAAAGTGTATTTATAGCTGGTTTCTATACTAGGAACTAAGATCATATCATATATTTCATATTCATTTTGATATTTTAATGAAATCTTTCCATCAGTTTTTCTTTCTTTTTCTTTGTTTTTTCTTATAGCATTAAATTCTAAATCATAAGAAAATTTCCCCTCTAAATCATATAAATAAAAATCTTGTCCATATGCTGCTGTTAAACCTATATATTCTTTCTTTAATTTTTTTAAATTACTTTTATTCTTTAATGTTTGTTTCATATATATTGGAGATATATACAATCTCTCATCTTCTTTTTGTATTCCAAAAATCAAATTTATCTGGTGTTTATCACCTGAAAATCTTTCATCTTTCTTAAAATAATTCATCTTATATGAATTAAAATTAATTCCATATACAGTTTCATCATAATTATTTAAAATTGAAACTCCTCCACCAGTATTCTTTACTTTATCAACTGACAAATATGACAGATAAGGAGTAATTTCCATATCCTTATCCAAATCTTTTTCTATAAAGGACTTATGTACAATAGAATTAACATTATCTATTGTTAAATAACTATCTTTATACAAGATATTCTTTTTCTCTTTTAAATTAACACCAGATACATTAACATTTGCATTTAAAAATCCTCTTCCATCATTTTCTACTTCCATTTCTGCAAATACAGAAATAGATAAGATTAAACCTAATATTCCACACTTTTTAATATACATATTTTCCTCCTTTTAGTATGGTTATACCATACAAATATAATAAAAAAATTTATTTATTTTTAATTTCTTTTAATAGCTTTTCAAATTCTTTCTTGATTTCAACTTCATTTACTGCTGCATTAAATCCTGTTTTAAAAAAATAAAACTTGATTTTTTCTAAATACTCAATTTGTATATCAGTTAAATCTTGAAAAATATTACTTTCTATTTCAGCTAATTCTTTCATAATTTCAGAATAAATATTGTAAAAATATGTATCATATGTAATATCTATTTTATTTTTCTTCATAAATATCTTCTCCTTTTACTCTATAAATTAA
NZ_CP077112.1_gap53	1866580	1867329	749	TAGGTCTTGCACTTAGTAATTGTTATTCAATTAATACAGGAGAAGTTGCTGTTATATCAACTTTTGGAAAAATCACTAGAATAGATACAGAAGGTTTAAATTTTAAAATACCTTTTGTACAATCAAAAGACTATATGGAAACAAGAGAAAAAACATACATCTTCGGAAAAACTGATGAACAAGATACAACCTTAGTTGTTTCTACAAAAGATATGCAATCAATATTAATTGACTTAACTGTCCAAGCGAATATTACAGACCCTGAAAAGCTATATAGAGCATTTCATAACAAACACGAATATCGTTTTGTAAGACCTCGTGTAAAAGAAGTTGTACAGGCTACTATCGCAAGGTATACCATAGAAGAATTTGTTTCTAAAAGAGCTGAAATTAGTAGAATCATAAATGAAGATATAGCAGATGATCTTGCTGAGTATGGAATGAATGTATCTAATGTTTCTATTGTAAATCATGACTTTTCTGATGAATATGAGAAAGCTATTGAGATGAAAAAAGTTGCTGAACAAGCTGTGGAAAGAGCAAAAGCAGAACAAGAAAAATTAAAAGTAGAAGCTGAAAATAGAGTAAAACTTGCTGAATATGCTTTAAAAGAAAAAGAATTACAAGCAAAAGCTAATGAAATAGAAAGTAATTCATTAAGTCCACAGTTACTTAAAAAGATGGCAATAGAAAAATGGAATGGAATCTTACCAAAAGTTCAAAGTCCTAATAACAGTAATTTAATTAGT
NZ_CP077112.1_gap54	1869956	1873110	3154	AGAACAATTTAATAAAGATATAATAGTTATGACTTTAAGTGGAAGTTATATGGCAAAAGAAGGAAAAAGAAGAGGATTAAAGGTAGCAGAAGAAGTTTTTGCAGACAGAGGATATAATCCTGATGGAACTCTTGTTAATAGAAGTTTACCTGGTGCTTTTGTAAAAGACCCTGATGAAGCTATTGCTAGAGTTATAAAAATGGTAAAAACTAAAAAAGTTACTGCTGTTAATGGAGAAGAAATTGATATTGCTGCTGATTCTATCTGTGTACATGGAGACAATCCAAAAGCTATTGAATTTGTAGATAGAATAAGAAAATCATTAATTGCAGATGGAATAGAAGTGAAATCATTATATGAATTTATAAAATAAGATGAGGTGTTAAGATGGAGAAAAAAAATAATTTATCTGTTCTTTTAGGAGCAGCATTTTTAATGGCAACTTCGGCAATAGGACCTGGATTTATGACTCAAACAGCAGTTTTTACAAAAGATATGGGAGCAACATTTGCTTTTGTAATATTAGTTTCAGTTATAATGTCTTTTGTAGCTCAATTAAATGTATGGAGAGTTCTTGCTGTTTCTAAAATGAGAGGACAAGATATTGCAAATAGTGTTCTACCTGGACTTGGTTATTTTATAACATTTTTAGTTTGTTTAGGTGGTTTGGCTTTCAATATAGGGAATGTTGGAGGAGCTGCTTTAGGTTTTCAAGTTTTATTTGATTTAGACTTAAAAATTGCTGCTCTTGTAAGTGGAGCATTAGGAGTAATTATATTCTCTTTTAAATCTGCTTCAAAACTTATGGATAAATTAACTCAAGTATTAGGTGCTATGATGATTTTGCTTATAGGATATGTTGCTTTCTCAACTAATCCACCTGTTGGAACTGCTATAAAGGAAACTTTTCTACCTAGCTCTATAAATTTAATGGCAATTATTACTTTAATTGGTGGAACTGTTGGAGGATATATTATGTTCTCTGGTGGTCATAGACTTATAGATGCTGGAATTGTTGGAGAAGAAAACTTACCACAAGTTAATAAATCTGCAATATTAGGAATGAGTGTTGCTACAATAGTAAGAATTTTCTTATTCTTAGCAGTTTTAGGTGTTGTTTCTCTTGGAAATCAACTTGATGCAGGAAACCCAGCAGCAGATGCTTTTAAAATTGCAGCAGGAACTGTTGGATATAAAATATTTGGTTTAGTATTCTTAGCAGCTGCCTTAACTTCTATTGTTGGAGCTGCTTATACAAGTGTATCTTTCTTAAAAACTTTATTTAAAGTTGTAAAAGATTATGAAAATTTATTTATAATAGGCTTTATAGTTGTATCAACTTTAATCCTTATTTTCTTAGGTAAACCAGTAAAATTACTTGTTCTTGCAGGTTCATTAAATGGACTTATTTTACCTATCACTTTGGCAATCACTTTAATAGCTAGTAAAAAAACAGAAATAGTTGGAAAATATAAACATTCAAATATTTTATTCTTATTGGGTTGGGTTGTTGTAGTTGTAACTGCATATATAGGAGTACAATCTCTATCAAAATTAGCAGAATTATTTGCTTAATGGAGGTATTAAAATGGAAAATTCAATAAAATTTCTATTTTCTGGGGATTCTGCTCTAGTAATAGAATTTGGAAATGAAATCTCTGTTGATATAAATAAGAAAATTAGAAAAATGATGGACAGTATAAAAAAAGAAAATATAGATGGAATTATTGAACTTGTTCCTACTTATTGTTCTTTGCTTGTAAATTATGATGTCTTAAAAGTTGACTATCAAAATTTGGTTGAAAAATTAAAAACTCTTTTAAATGATGATAATGAAACTGTTGAAGATGAAGAAGTTACTTTAATTGAAATTCCTACTTTATATAATGATGAATGTGGACCTGATTTATCTTATGTAGCTGAATATAATAAACTTTCAAAAGAAGAAGTTATTAAAATTCATACAGGAACAGATTATTTGGTTTATATGCTTGGGTTTATGCCAGGCTTCACTTACTTAGGTGGAATGTCTGAAAAAATAGCAACTCCTAGATTGGAAAGTCCTAGATTACAAATTTATCCAGGTTCTGTTGGAATAGCAGGTAAACAGACAGGAATGTATCCTTCAATGTCTCCTGGTGGTTGGAGAATTATTGGAAGAACTCCATTAAAATTATATAATCCTGATAGTGAAACTCCTGTCTATATTAGCTCTGGGGACTATATAAGATATGTTTATATTTCAGAAGAAGAATATAATGATATTCTAAAGAAAGTAGAAAGTAATGAATATAAATTAAATATTCGTAAAGTTAAGAGAGGTGAGCTAAATGCCTAGTATAAAAGTTCACAAACCTGGATTATGTACAACTGTTCAAGATATTGGAAGAATTGGTTATCAACAATTTGGAATACCTGTATCTGGAGTTATGGATGAGTTTGCTTTTACAGTAGCTAATTATCTTGTTGAAAGTGATAAAAATAATGCAGTCTTAGAAATACCTTTCTTAGGACCTACATTAGAATTTGACTTTGATGTAACAATAGCCATAACAGGTGCTGATATTCAGCCAAAAATAAATAACCAAGATATTAAAATGTGGCAGTCTATAAATGTTAAAAAAGGAGATACTCTTTCTTTTGGTGGTTTAAAAACAGGAATAAGAACTTATTTAGCTTTCTCAGCTGAAATAGATGTTCCTATTGTTATGGGAAGTAAATCTACTCTTTTAAAATCTAAATTAGGTGGTTTTGATGGTAGACAACTAAAAATGGGAGATACTATTAATTTTAAAAATGTTAAAGTTCTATCTAAGAAAAATATTTTAGACAAAAAATATATTCCTGAATATAAGCATAATCAAAATATTAGAATAGTCTTAGGACCACAAGATAATTATTTTGATGAAAATTCTATAAAGACTATGCTTGAAAATAAATATCAAGTTACAAAAGATGCTGATAGAATGGGAATGAGATTATCAGGAGAGGTTATAAAACATAAGGATAAGGCTGATATAATATCTGATGCAGCAGTTTTTGGTTCTATACAAGTTCCTGGTAATGGTCAACCAATAATACTACTGGCAGACAGACAAACAACAGGAGGCTATACTAAAATTGCTACTGTTATAAAAGCTGATTTACCTAAACT
NZ_CP077112.1_gap55	2025367	2027257	1890	AATTCCTTTAAGAGCTTGTATATTATCATAAAAAACTTGTAGGTCTTTTACTTCTAACATTGCCATTATTCATCTTCCTCCTTACCTAAGTATGCTTCTACAACTTGAGGATTATTTATAACCTCTTTTGGATCACCACTTGCCAATATTTGTCCATAGTTTAGAACAACCAATCTTTCACAGATACCAAGAACTAACTTCATATCATGTTCTATAAGTAAAACTGCTATTCCAAACTTATCACGAATTAATTTTATAGTATTCATTAAATCTTCTGTTTCTTTTGGGTTCATTCCTGCTGCTGGTTCATCTAAAAGAAGAATTTTTGGTTCTGTTGCCATAGCTCTTGCAATTTCTAATTTTCTTTGTTCACCATAAGGAAGATTTCCAGCATGCATTCCTGCATACTTATCTAAATCAAATATTTTTAAAAGAGCCATTGCCTTTTCTTTAGCTTCTTTTTCTTCTCTCCAAAAATTTGGAAAACGTAGCATTCCAGATAAAATTCCATATTTCATACGGAAATTATATGCAGCTACAACATTATCTAAAACTGATAGATACTTAAATAATCTTATATTTTGGAAAGTACGAGCTAAACCTTTTTTTACAAGAGCAGAAGTTGAAGTTTTAATAACATTTTCTCCATCTAGTGTATATTCTCCTGAACTTGCATTATATACACCTGTTAATATATTAAATACTGTTGTCTTTCCTGCTCCATTAGGTCCTATTAAACCAATTAATTCTCCTGAATTTATCTCTAAATTAAAACTATCAACTGCTTTTAAAGCTCCAAAACTAATTGATATGTCTTTTGCGACTAATAGAGGTTTTTTATTTTCCATTTATTTCACCTCTTTTTAATTTTTTAGTAAAGTATGAAATCACTTTACTTATTTGGAACTCTTCTCTTCCAAGTAATCCTTTTGGTCTAAATAACATCATTATAATTAAAATTAATGGATAAACTATCATTCTATATTCTGCAAAGCTTCTTAAAACTTCTGGTAAAATAGTAAGAACTATTGCTGATAAAATTGAACCTGTAAAACTTCCCATTCCTCCAAGTACAACCATAACAAGTATGTTTATTGAGTAGTTATAGTCAAATTGTTTTGCACCTAAAATTCCTAAATTATGTGCATAAATTCCACCTGCTATACCAGCAAATATTGCTGATAGTACAAAGGCAAAAGTCTTATAGTAAGTTGTATTTATTCCAGAAGCTCCACTTGCTATTTCATCTTCACGAATAGCTAGAATTGCTCTACCATGTCTACTTGTCATAATTGCATACATAAATATAACTGAGAATATTGTTATAAAATATATTAGTGTAAAATTATTTACTCTTGGTATACCAGTTAATCCTTGTGCTCCACCTGTAAACTTAAAATATTCTATCAATACTCTAATAATTTCTCCAAAAGCTAAAGTTATAATAGCAAGATAATCTCCAGTAAGTCTTAAAGCAGGTATTCCTATTATAAATCCTATAGCTCCTGCTACAAGTCCACCAATTATTAAAGCTACAATGTAACCTGGATACCCTGAAAGAAAACCAGACTTAGTCAAAAGTGCTGCTGTATATGCTCCTATTGACATAAAACCTGCATGCCCTAGAGTAATTTGTCCTAAACAACCAACTGTTACATTTAAACTTGCTGCTAAAATTACATTTATTAAAATCAAAATTAAAATTCCAACTTGATATCTACTTATGAAACCTGAATTTATTAAAGAGAATAATATAAAATATAGGACTATTAATAGTACATAAGTAGTTATATAACTTAATTTTTTATTCTTATCCATTTATACTTTCTCCTTTACATTTTTTCCAAGTATTCCAGTAGGTTTAAATAATAAAACTATAATCAATATTGA
NZ_CP077112.1_gap56	2076927	2080130	3203	AAAAACTGCTATTTTCATTTCCTTTTTCGCCTCTTATCTAACAATTATTATTTCTTCTTCTAATTTTATTCCAAATTTTTCTAAAACAGATTTCTTAACTAATATTAAAATATCAGTGATATCTTTAAATGTTGCATTACCTAAATTTAATACAAAATTTGGGTGTTTTTCTGCTATTTGAGCATTACCAATTATTGTTCCTTTTAAACCACATTCTGAAATCAATCTTGCTGCAAAGTCTCCTTCTGGATTTTTAAATGTACTTCCCAAACTTGGTTTATCCAAAGGATGTTTACTTTCTCTTAACTCTTTTATTTCTTTTATTCTTGCAGCATCAAAACCATTATCAAACTTAAAAATTGCACTTAAAACTAACCAATTTTTATCTTGAATTTCAGTTTTTCTATATGCTACTTTTAAATCTTCCTTTTTTATTTCTCTTATTTGATGATTTTCATCAAAAACTTCAACAGAAACTATTTTATCAAATATTTCTGTTCCAAAAGCCCCTCCATTCATATACACAAGTCCACCAATAGAACCTGGTATACCAAATAAGCTTTCAATTCCACTATAATTATTATCTCTCATAAAATCAGTTAAGTCTTTTAAGTTTGCTCCTGTTTCAACCTTAACTAAATTATTTCCTAAATCTTCTATTTTGTTTAACTTTTTTGTACAAACAAAAGTCTTATCCATATAATCATCAGTAAATAAAACATTTGTTCCATTTCCTAAAAAGAATATATTAGTGTTTTCTTTATCATTAAATACTTCAATTATATCTTCTTTATTTTCAAGTATAATTAATCTTTTAGCTTTTCCACCAACTCTCATATTTGAATAATTTTTCATCTCTTGATTTTCAAAAACTTTCATTCAGACATTCCTTCCAATTCTTCTGCTATTTCATGTGCCAAAGTTGATATATCTCCTGCTCCCATAAAAATATATGTTGAATCTTTCTTTACCCTAGATACATATCTTTTTATATCTTTCCATTCAGTCATAACTTCAATGTTATTATGATTTATATGTTCTTTTAATATTTCACTTGAAATATTAAATTCATTTTTTTCACCTGCTGCATAGATAGGTAAAAGTATTACTTTATCTACATCTTTAAAAGCATCTTTAAATTCATCTAATAAAAAATGTACTCTGCTATATCTATGAGGTTGAAATATTGCAACCAATCTTGAAGTATCTATACTTTTAATAGCTTTTAAAGTTGCCTTTATTTCAGTTGGATGGTGAGCATAGTCATCAACTATTCTAACTCTTTTAGTTTTGTTACCATAGCCATTTTCTAATTCTTTATCAAATAATACATCATATCTTCTTTTTGAACCTTTAAATTTACTTAAAGCTTCTTGAATTTCTTCTTTACTAACTCCAAATTTTAAAGCTAAATAAATTACAGGTAAAGAATTTGATATATTATGTTCTCCTGGAATATTTAAAGAAAATTCTCCTATCAATTCTTTATTTACATAGAAATCAAAGATTGTTTTTCTGTCTTCTATTCTAATATTTTTAGCAAAAATACTTGTATTTTCATCTTTTATTGAATAAGTTGTGACTGATTTTCCTTCTGGTAATCTTGTTACAGCTTCTTTCAAGTTCTCACAATCCATACATATTATAGCTTCCTTTTGTGTATGGCAGATGAATTCTATAAAAGATTTTTTTATGTTATCAAGATTCCCATGTACATCTAAATGATCTGCATCTATATTAGTAATAACCGCATATTTAGGGTTCATAAATAAAAATGAATTATCACTTTCATCTGCTTCTGCTATAAAATATTCACTTTTACCAGGTTTAGCATTAGATTTTATTTCTGGTAATATCCCACCAACAACTATTGTTGGATCTTTTGATAACATAACTGCTGAAAGCATAGATGATGTTGTTGTCTTGCCATGAGTTCCTGCTACTGCTATTCCAGTTTCTCTATTTAAAAGTTTAGCTAATAACTCTCCTCTTTTTAATAATGTTATTCCATTATTTTTTGCATAAGAAAGTTCAGGATTAGTTTCTTTTATAGCTGTTGAGGCTATAACATAGTCAGCTCCCTTTACATTTTCTTCATTATGTTCATTGTAAACTGTTATTCCCATTGATAAAAGTTCTTCTGTTACATAGTTTGTACAAATGTCAGCTCCTTTTACCTCATAACCTTTGCATTTCATTATTTTGGCAAGTCCACTCATTCCTATGCCATTTATACCAATAAAGTAAATTTTTTCCATTGACTTAATTCCTCCAAATATCAAGACTTGCTATAATTTCCTCAGCTGCATTAGGTTTTTTCAATGGTTTTAACCTAATTCTCATCTTTTTTAATTTCTCATCATTTCTAATAATTTCAAACACTTTTTTCATAGAATCATCTAGTTCATCTCTTGTAAAAACATAAGCTGCATTGTAATCTGTTAAAACTTTTGCATTTTCATATTGTCCAACTTTAACAGAACCATAAGGAATTATAATTGCAGGTTTTTCCAATTCTATAATTTCAGATATAGTTAATGCTCCTGCTCTACATACTATTAAATCAGCAGCAGCCATCACATTTAACATATCATTAAAATAAGGCTCTATTCTATCATTTTCTTTTTTAGTTTTCTTAACTTTCTTTAATTGTTCAAAATTATTACCTGTTGCCCAAAATATTCTAAGATTTTTATCAGCACAAAATTTTTCCCAATATTTCATAACTATATTATTAATTTCTTGTGCACCTAAGCTTCCACCAGTAATTAACAACACTTTTTCACCAGGTTTTACCCCTAATTTTTCTCTTTCAGTAGCATATTTTAAACCATCTATTTCTTTTCTTAGTGGATTTCCTGTTACCTTAAATCTACTTTGGGATTTTATAGGTATGTCATCATAAGTTTTATCAAAAGCCAAGAAAGTCATTTTTGCAATCTTATAAAACATTTTATTTGCTGAACCAATATTTACATTTTGTTCTTGTAAATATATTTTTTTTCTAAGTAATATTCCTGCAATAATAATAGGTAGAGATATATAGTTACCAAAACCTATTATGGCATCAGGTTTTTCTTCTTTGATAACTTTAAAAGCTGCTCTTATTGCTTTTAAATATTTTCTTATATTTTTAAAACCTCTTGGAACTGAAATATCTAGCCCTATAAATTTATGTCCACTTTCTGGGACTAAATCTTTTT
NZ_CP077112.1_gap57	2082654	2083283	629	CCTTCCCCTTATTACTTTACTGTTTTATTATATCCTCCAAAGCAGTCCCCCTTGATGCTTTGAGTAAAATCACTTTTTCCATTCTAATATTTTTTAAACTTTCAATTATTCCTTCTTTTGTTGGATAATACCAAAATCTATATTCTTCTGATTTTGATTTCATAAATATATCATAAGCTTTTTTCATTCTTTCACCATATAGATATATCAATTTTATTTTTTTATCAAGTAGATAATTTAATACATCTATATGATAATCTACTTCATTTTCTCCTAATTCCAACATATCTCCTAAAATAGCTATTTTATACTTATCATTATAAATTTCATTTAAAGTATCTATTGCAGCCTTCATAGAAGTTGGACTTGCATTATAGGCATCATTGATATAGATATCTTCACCTATTTTTATTTCTTGAAATCTCATATTACTGATTTTTATTTCTTTTAAACCACTTTGTATTTCTTCATCAGTTAAACCTATTTTCTTTGCTAGCTCTATTGCAATAGCTGTATTTGAAATGTTATGTTTTCCTAACAAGGAAATTTTATATTCTTTTCCATCTAAAATAAATTTACTACCCTTATCTGAAAATTCATAACTTTCTATTTTGTGAGTATTGTTATCA
NZ_CP077112.1_gap58	2084974	2088405	3431	ATTTTATTGATATGTTTTACAAAATGTCCATCTTTAATAAATCTATAAAGAATTTTTTGGTTTAAAGTTGGAACTGGGCAAATAAAATATGGAAGTTTCTTTTGATAAATATTTAAAAGTGCTTTTGGTAAAACTAAGTAACTAACACGAATTGCTGGACTAATTGATTTTGAAAAACTACCTAAGTAAATTACTTTATCATTAATATCAGTTGCTTTTAATGCTGGAATGGGACGCCCTGTATATTTAAACTCACTATCATAGTCATCTTCAACTATATATCGATTAGAGTTTTCATTCGCCCAATTTAAAAGCTCTGTTCTTCTACTAATACTCATAATTGTTCCAGTTGGAAATTGATGTGAAGGAGTAACATAAGCTATATTGACATTATATTCTTTTAGCTCTTCAACTACAATTCCAGCTTCATCTAAGGAGATAGCTTTAAAACTGACATTATTTGTTAAAAATAATTCTTTAAACATCTTATGACAAGGATTTTCTAAGCCATAAATTTTGTTATTAAAAAGTTTAAAAATTATATAAAATAAATATTCAGTACCTGAGCTAATAATAAGCTGCTCAGCTTCTACCTTAAATCCTCTTGATTGTAATAAATATTCACAAATACTTTTTCTTAGTAACAAATCGCCTTGTATATCTCCTTGAAAAAGTAAATCATCATTTTCTTCATCATAAACATCTTTAGTAATTCTTTTAAAAATTGTTTTTGCTAAACTTTTACTATCAACTCCTGAATAAGAGAAGTCATAACGAATTTTCTTTTCTTCTTTAAATTTTGTCTTATTTTCAATTTTAATATTGTGTACAATTAAATTTTCTATATCAGAAACAAAATAACCTTTTCTTTCTATTGAAAAAATATATCCTTCCTCCAATAAAAGATAAAGAGCATTTTGAATAGTATTTTGACTAATATTATAATAATCCATAAAGTCTTTCTTAGATGGCAGTTTTTCATTTGCATTTAAAATTTTAGTTTGAATTAATTTTTTTATTTCATTATATATTTGTATATATAGTGGAATTTCTGATTTACCATCTAAATTTAAAATAATCATAATCTGACTCCATAAAAAAGTTTTATTCTGGTACTTTATATAATGTCAGTATACGTTTATACTATAAAAAAGTCAAATAAAAAAATTATTACATGAGGAGGTACAAAATGGATACAAGATTTAATGGTGGAGTTATTATGGATGTTACATCTAAGGAGCAAGCAATTATTGCAGAAGAAGCAGGAGCAGTTGCTGTTATGGCACTGGAAAGAATACCAGCTGATATTAGAGTGGCAGGTGGAGTTTCTAGAATGAGTGATCCTAAACTAATAAAAGAAATTATGTCAGCAGTAAAAATTCCTGTAATGGCAAAAGTAAGAATTGGGCATTTTGTAGAAGCAGAAATATTACAAGCAATAGGAATTGATTTTATTGATGAATCTGAAGTTTTATCTCCTGCTGATTCAGTACATCATGTAAATAAAAGAGATTTCTCTACTCCTTTTGTCTGTGGAGCTAGAAATTTAGGTGAAGCATTAAGAAGAATATCTGAAGGTGCTAAAATGATTAGAACAAAGGGAGAAGCTGGAACAGGAGATGTTGTTCAAGCTGTTTCACATATGAGACAAATTATAAAAGAAATTAATCTTGTGAAAGCATTACGGGAAGATGAATTATATGTAATGGCAAAAGATTTGCAAGTTCCTTATGATTTAGTAAAATATGTTCATGATAATGGTAGATTACCTGTACCTAACTTTTCAGCAGGTGGAGTTGCTACCCCAGCTGATGCTGCACTTATGAGAAGATTAGGAGCAGATGGAGTTTTTGTAGGAAGTGGTATTTTTAAATCTGGTGATCCTAGAAAAAGAGCAAAAGCTATAGTTGAAGCTGTAAAAAATTATGATAATCCAGAAATTATTGCCAAAGTTTCAGAAGATTTAGGTGAAGCTATGGTAGGAATTAATGAAAATGAAATAAAAATTATTATGGCTGAAAGAGGAGTATAAAAATTAAAAAATCTTAATAGTTCCTTATATATAAAGACCTCCTAGATGTTTAAAAGGCTCTTTAAATATTTTAGGAGGTCTTAGTAATTTTATTTATTTTATCTTTTTACAACTAAATATACAAAAATATCACTTTCTTTTAATGCTTTAACAGATATTCTTGCCTCACCATCAAAATCTAAAACTTTTTTAGGTACTAATGGATAAGTTTCTTCTTCATTTAAGTATACTTCTACTTCACCTTCAACTACTGTAAAGAATATTTGTCTTCCAGGGTGATTATGAGGTGGGATTGTTTCTCCTTCTTTCAAATGTAGGTGAACTACCATTATATCTTGATTATTAACTACTTGTCCATGTTCTGTTATTACTTTTCCTAACATATAATTCAACTCCTTTTAATTGTTTACTAAAATTATAAACTTTTTTAAAGAAAGTGTCAAGTCACCTATTTTTTATTTTTTAAATTTTTATCTAAGAAATCTACAATAACTTATTTAACCTTTCTTATTTTAGATTTTACAACATCTATTACATTATGTTCCTCTTTAAATAACACATAATTAATATATGAAAGCGGAAGAATTAAAGGAACTAATGCACTCTTTTTAACAAATTGAGTAAAATATGTAGATATTCCGACTCCTAGCATAAAACTAAAAATTATTAAAAATAGTAAAAAACCTCTTACTAATAATTCTCTGTCTCTTTGAACAAGTCCCTCAATCAAAAAACGAGGAGCATTTTTAACATTTCCTGTCATCATTATAGTAGCATATGAAAAACCTCTCAACCTTTGAAAAGTATCTGATTGGATAGCTGCAAAAAAAGCTAATGTAACAACAATAAAATGATAATCAAAAAAAGGTAAAAGTACAATTAACATTATCATAATAAAAAGCATTAAAAGAGAAGAATGTATATATCCTTTGTGTCCTCTTCTTTGAAAAAAATTTCTAAAACAATAGATAAAAATTTGCCCTATCATAAAAGAAATAATAGGTATCAGAAATTCAACTGCTTTTTCAAGATTTCCTTTTGCAAAATGTAGTGCCATAAAAATTACATTTCCAGTTTGTGCTCCTGCAAAAAGTTCTCCTGCATTATTATAAGTAAAGGCATTAATATATCCACTAATAAATGATAAAAGAACTGCTATTCTTAATTTCTCAGGAACTTCTTCTTTGATTTTTTCCATAACTTCAAAAACTCCTCTTGTTTCAATTTTATAAATCTATAACTTTTAAAAAATAGTTTCTTCTGCTTTTAAAAAACTTCCTATATCTGCAACTTTGATAAATATTTCTAACTGACTACTATACATTTTTATCCTCTATTAACATTTAGTTTTTCTTTATATTATACAATTAATTAGTAAAAAATAAAATAGTACCTGCTG
NZ_CP077112.1_gap59	2092427	2094031	1604	TCATCTTTTAATTTAGGTCTTGAGTTTTCTCTAAGTTCTTTCTTTGCGATTTCAATACAGTCATCATATTTGATAGGGTACTTTTCATCAGCTTCTATTTCAAATATATCTGCACTTGTTATAGTAGAAATTATTTCAGCAACAATCTCTGTGTTACCTTTTTCTAAATTTACAATTTTCCCTTTTGAATAATTTTCTCCCTTATGTGAGAAATATACAACTAATTTTTTACTCATAACAACCTCCTTTTTATGAACATATTTATTTTATAACCTAGAGTTAGCTCTAAGTCAAGGAAAAATTTTAATAATGTATTCAAAATTAATTCTAATTAGCTATTTAACAGTATTGAATATTGTATAGAAATAAAAAAAGAGTTACTATGATATATTTTTATAATAACTCTTTACATATAATATTTTATTTTTTACTAATTTTAGTTTTTTTCTTTTTCTTCATTACAGAATACCCAAACTTTCCTATTGCTTCTTTAGATAATGAAAAATATTCTCCATGTGAATAAGAAATTAAATTAGCTTTTTCAAAATGAATTTTATCTTTTTCATCAAATAAATCTTCATCTATATGAGAGCATAAAACTTCTGCTATAAACATATCATGACTTCCTAGTTTTATAATATCTTTAACCTTACATTCTATATTTACAGGGCATTCTTTTATATATGAAGATTTTACTTTTTCTCCCTCTTGTAAAGTGAAGCCACTCTCTTTTATTTTATCCAGCTGTCTACCTGAACGAACTCCACAGAAATCAACCTCTTTTGTTTGCTTTTTAGTTGGTAAATTTATTGTAAATTCCATAGTTTCTTTTATATAGTCATAAGATAGTCTTTCAGGTCTTATAGAAATAGATAACATTGGTGGTTTTGAGCAAACTGTCCCCACCCAAGCAACAGTGAAAACATTGTCTTTTCCTTCTAAATTTTTACAAGTTACTAATACTACTGGAACTGGATTTAAAACTACACTTCCTTTTAAATTTCTTTTTTTCATATCAACTCAAAATTCCTTCTCTTTTTATTTTTTTTAGTAAATATATACAGATAAAAATAGTTAAAACTTCACTCAAAAAACTAACCATCCATATCACTTTATTTCCAAAGATATTTGGTAAAATTAATAATAAAATACTGTTAAATAATATACCTCTTGGAAATGTTATAAGTGCTGAATAAATAACTTTTTTTATTGCAGTAAAATATGCAGAAATAAAAATATTTATTCCAACTACTACATAGGATAAACTATATATTCTTAAAACTATTTTTACATACAAAATTATATCTTGTTCTCTAAAAAATATTTTACCAATATATTCTGAAAATAAACTTATAAAGAAAAAGCAAAAAATTCCTAAAATTCCTAAGAAGATAATAGATATTTTTAGAATATCTTTTAGATTTTTATGATTTTTCTTACCTAAATTATAGCTTATTACAGGTTGTATCCCTTGGCTAAAACCTATCATAGTCATTGTAATAAATGAAGTTATATAACTAACTGTTCCAAAAATCGAGACTCCTAACACTCCTATTTTCTTTAATATCACAAGATTATAAATAAGTATTAAAATTCCTGATGAT
NZ_CP077112.1_gap60	2095391	2096351	960	TCTTTTAATGTTCAAAACTTCCAAGAAGATAAACAAGTTATTGAAAATTTAGGGGCTGAAAATATTTCAAAAATATCTAAAGAAGCCTCAATAGCTAGAGCTGAAGCTGACAAAGAAATTGAAATAGCTAAAGCTAATGCAAATAAAGAAGCTATGGATATTAAATTAAAAACTGAACAAGATATAGCAGAAAAAGAAAATGCACTTGCTATTAAAAAAGCTGAATTAAAAGTTAAAGCTGATACTGAGAAAGCAAAAGCTGATGTTACTTATGAGCTTGAAAAAGAAAGAAAGAGAAAAGAAATAGAAGAAGTAACAGGGTTATCAAATTTAGTTCGTGAACAAAAAGCAATAGAAACAAATAAGGCTAAATATGAAGCTGAAATAATAGTTCCAAAACAAGCAGATGCAGAAGCTAGAAAGGTTGAAAAAACTAAGGAAGCTGAAGCTAAGAAAATTGAAGAACAACAAGCAGCTGAGGCTAAATTATATAAAGAACAAAGAGAAGCTGAAGCAATTAAATTAAGAGCATTGGCTGAAGCTGAAGCAATAAGAGAAAAGGCACTTGCTGAGGCTGAAGCTACAAGACAAAAAGGTTTGGCTGAGGCTGAAAGTAAAAAAGCTCTGTTACTTGCTGAAGCTGAAGGAGTTAGAGAAAAAGGACTTGCTGAAGCTGAAGCACTTGATAAGAAAGCTGAAGCTATGGCAAAATATGGAGATGCTGCAAAACTTGAAATGTACTATAATGCTTTACCATTGGTTGCTAAAAACTTAGCAGAACCACTATCTAAAATTGGTAATATCACTATGTATGGTGAAGGAAATACTACTAAGTTTATGTCTGAAATGACTCAAAACTTAGATAAAGTTTTAAAAGCTGCAACAGATGGATTAGGAATAGATGCAAAAGCATTATTAACTTCTTATCTAGGTGGTAAAATTGCACAAAATAAGAATCAA
NZ_CP077112.1_gap61	2104289	2108346	4057	AATCCTTTTGTTCTTATTAAATCTTCCTTAGCAACTATGGCATCTTCATCATTCAAAAGAGAATAATCAAAATCTATATTTCCTGCTTCAAATTCTCCTCTATTAATGTAGTTAGTTAAATTTTCTGAAATATATCTATAAAACAAAATTCCTAAAACATATTGTTTAAAGTCCCAGCCATCAACACTTCCTCTAAGTGCATTTGCAATTCCCCAAATTGTTCTATGAAGTTCAGCACGTTCTTGCTCTTTTTTGTTATCCATTTTCTCTCCCTATTTATCAATATATTTTTATTGTTTTCTTTTCAATTATAACAAATAAAAAAGAATTTTTTAAGGTTTTATCCTCAAAAAATTCTTTTAAATTTCTTACTAATACTTTTAGTTTCCTTTTCTTTTCTTTTCTAATATTTTTAAAGCTTCTTTATCTGCTTCTTCTTTTGCTTTTGCTGCTTGAGCATCATCAACTGTTACTGGTACTTCTTCAGTAGTAGCTTCAACTTGAGTTGCTGCTTCTTTCATTGCTTTTTCTTCTACTTTTTTTGCTTCTGCTTCTAATTTAGCTTTTTCTTTATCTTGAGCTTTATAGTATTCTCTTCTCTTTTCTAATGCTTTAAAAGCATCATTTTCCCCTACTGCTCCTTCATTTGTTGTACTTTTGTTTGCACCTGTACAAGCTACCATAGCCATAGAAGCCACTAAAATAAACATTGCAAAAATTCCCTTTTTCATAATTTGTTTCTCCTTTCTTGTGAATAATTTTTATGATTTTAGTTTATTGCTTGCAAATATTTAATTCCAGTTTCATAGTCTGGATTTAATTTTTCTAAAAACTTTACATAAGATAATAAAGAAGTATAGAAATAATTAATTTTTTGACTATAAAATTCTTCTGGAATAAAATGTCTTATCTTATCTTGTAAATTTTTCCAATTAGATAGATAAGATTGAATTAAAATTACATCTTCATTAGTCATATCTTCATTTTCATTCTCTTTTAAAACTAACATTCTTTCTTTAGTTGCTTTAAATATAGAAGAATTTTTTTGTTTTAATTCTAAAAAATCATCCTTTATTTCTTGGGCAATATCTCTCCCAAAATCTTGTATGAATTCTTGGACTAAACTAAGTCTTACAAATTTATTATTCCCTCCAAAAAAGCTTATTATCCTATTTTTATCTTGGAATAATTTTTCTGATAAGTAAGAAAGATATTCTTTACTTACATATATCTTATCAAGACTTATAACATTTCCAAATCTTCCAACTAATTTATTGATACTATAAAATAAATGTACCTTTCCTGATTTATAACGAAGGTTATAAATTTTATCCAATATTTCTAAATTTTTTCTCATTCTTTTAAAAACCTTTCTAAATTATTATATATGTAAAAATATTACTGATAATTGAAAATATATAATAAGTGCTGCTGTATCAACTATTGTTGTTATAAGTGGACTTGCCATAATAGCAGGGTCAATTTTTAAAGATTTTGCTATAAGTGGTAAAACTCCCCCTATAACTTTTGCCATTATCACTGTTAAAAACATGCTAATAGCTACGACTAATGATGTTTCTAAACCTGACTTTGTAAAATAATAAATTCTTACAAAATTTACTGCTGATAATATAAATCCAACTAGAACACTTACTCTAAATTCTTTCCAAATAACTTTAAATATATCTGAGAATTCTATTTCTTCCAGAGCTATCCCACGAATAACAAGAGTTGCTGATTGAGAACCTGCATTACCTCCTGTATCCATAAGCATAGGAATAAAAACAGCTAAATAAACTGCTGATTGTAACACCTCTTCATATTTTTTTATAACCATACCTGTAAATGTGGCAGAAATCATAAGAACTAATAACCATAATATTCTATGTTTTGCAAGGGACATCACAGATTCTTTTAAATATTCTTCATCAGATGGATTCATAGCAGCCATCTTTTGAATATCTTCCGTATTTTCTTGGTCAATTACATCAACTATATCATCTACTGTTATAACTCCAACAAGTCTATCTTCATGATCTACAACTGGCATAGTTGTCAAATCATATTTTCTAAATAATGCTGCTATTTCTTCTTGGTCATCTTTTGTTAGTACACTTACAAAATTAGTGTCCATTTCATCTTTTATATATGAATCATCATTAGATAAAATTAAAGTCTTTAATGATATTATACCCACTAACTTCTTCTTACTATCTGTTACAAAACAAATATCTGTTTCTTCTTTATCTATTGCAATTTTCCTATAATAATCTATTGCTTGCTTCACTGTGTAATTATCTTTGAAAGATATATACTCCACAGTCATAACACTTCCTGCTGAATTTTCTGGATATTTTAACATTTGATTTATTAATTTTCTTTTATCATGAGATGTATTCTTCAGTATCTTATCCACAATATTTGCTGGCATTTCTTCTATAAAATCTACAGTATCATCAAGATACATATCTTCCATAATAAATTTTATCTCTTCGTCTGTTATATTTTCAATAACTTCTTGTTGCTTTTCAGGAGATAAATAAGAAAAAACTTCTGATGAGAAATCTTTAGGTAATAACTTAAATATAATTAAGTCTTTCTCTTTGGGGAATTCCTCAAAAACATCTGCAACATCTATTGGATTTTCCTTAATTAAGATTTCTTTCAGTTCGGCTAATCTGTTTTGTTCTAATAATTGAATTATTTCTTCCAATTTTATCCCCTCCTTCTATCTATCTTGTTATATAAAAGAAATAAAGATCAGTAGCTTTTATAGAGCTAAAAAATAAATGAGTTATGATTGTAGATTTTAAATAAAAAATCAAATAGAATGAGCCGAGCAAATCTCGCTATGTTTGAACGAAGTGAGTTGAGCGAATTTGCAGCGAATTCTTGATTTTTTATTGTTAAGAAATCTACTTAATAACGAATTATTTTTTAGCTCTGAAAATTATTTTTCTTCATATCTTTTTATAAAATTTTCTTTAAATTCTTTAAATCTTTTTTCTTTTATTGCTTCCCTTGCATCTTTCATAAGTTTAATTAAAAAATATAAGTTATGATAAGATGTTAAACGAAGTCCTAAAACTTCTTGTACTTTTATTAAATGTCTTATATAGGCTCTTGAATAATTTTTACATACATAACAATCACATTCTTCATCTAGTGGCTTTGTATCCTCCTTATATCTTTCACTTTTTATAACAAGTCTACCATCTTTTGTAAAAACTGTTCCATGTCTTGCAAGTCTAGTTGGTTGAACACAGTCCATCATATCTATACCACTTTCAACTGCATTTAACATATCAACAGGCTCTCCAACTCCCATTAAGTATCTAGGTTTTTCTTCTGGACATTTTTCTACAATATAATCAAGTATTCTATACATATCTTCTCTTGGCTCACCAACAGCAAGTCCACCTATTGCATAGCCAGAAAAATTTTCATCCATTTCACTTAGTTCGTCTAAACTTTTTTGTCTTAAATCTTCATATATTCCACCTTGAACTATTGCAAATAGCCCTTGAATATCTTTCTTTTGATGGGCTTCAACACATCTTTTTGCCCATCTTGTAGTTCTTTCTATTGAAGGAATTATATATTCTCTTGTTGAAAGTCCTGGTGGACATTCATCAAAAAGCATAGCTATATCAGAGCCCAAATTATTTTGTATTTGTATAGATTTTTCAGGAGATATAAAATGTTTAGAACCATCTATATGTGAGCTAAAGTATACTCCTTCTTCTTTTATTTTTCTAAGTGAACCTAAGCTAAAAACTTGGAAACCTCCACTGTCAGTAAGAATTGGTTTATCCCAATTCATAAATTTGTGTAAGCCTCCTAATCTAACAATTAATTCATCATTTGGTCTTAAATAAAGATGATAGGTATTTCCTAAAATTATTTCACTACCTATATCAAGTAATTCTTCTTTTGACATAGTTTTTACAGTAGCTTGTGTTCCCACTGGCATAAAAACAGGAGTTTCTATCTCTCCATGAGGAGTTGTTATCACTCCTGCTCTTGCCTTCCCATCTTTATCTTCTATTTTATATGT
NZ_CP077112.1_gap62	2110020	2112547	2527	TTAATCTTTGCCATACCTAGTCTGTGAGCAAGTGGAGCATAAATATCCAAAGTTTCCTTTGAAATAGATTGCTGTTTTTCAGGCTTCATGAATTTTAATGTTCTCATATTATGAAGTCTATCAGCTAGTTTTATAAGGATAACCCTTATATTTTCTGCCATTGCCAAAATCATTTTTCTTATATTTTCTGCTTGATTTTTAGTCCCATTTGGCAAAGCTTTTAATTTTGTTACTCCATCAACAAGAGTGGCAACTGTATCTCCAAAATTATATTTTATATCTGCTATTGGAATCAATGTATCTTCTACAACATCATGTAATAAACCTGCCACAATGGTATCAGTATCCATTTTCATATCCATCAAAATTTTTGCAACTTCAACAGGGTGGATAATATAATCATCCCCCGATTTTCTGTATTGTCCTTGGTGGCTTTCTTCAGCAAAACCTAATGCTAATTTGATTTTATCAAAATCTAAATTTAGATGATTTGCTCTTGCTTTATCTAATAATTGTTCCCAATAGTTATTCATAATATACCTTCTCTCTAATTAATATTGCATTAATGTAATCATAGGATATTTATTTAATTTCTCTCTTCCTTTTAAGTCAACAAGTTCTATTAAAAATGCTAAGCCTGCTACAACTCCTCCTAATTCTTCTACTAATTTTATTGTAGCTTCAACAGTTCCACCAGTTGCAAGCAAATCGTCAACAACTAATACTTTTTGTCCTGGTTTTATTGAATCTTTATGTAAACATAATTTATTTGAACCATATTCTAAATCATAAGCATATTCTATTACTTCACGAGGTAATTTTCCTGGCTTTCTAACCGGTACAAAGCCTACTCCTAAAGCATAAGATACAGGGCAACCAAAAATAAATCCTCTTGCTTCTGGCCCAACAACTATATCAATATGATGGTCTTTTGCAAATTCAACTATTTTTTCTGTTGCATATTTATATGCTTCTCCATCATTCATAAGTGGTGTTATATCCCTAAATATTATTCCTTCTTTGGGGTAATTTTCTATTGATGCTACATATTTTTTTAAATCCATTTTTTCTCCTATCCTTATATTTTATTTCTTAAAATCTTTTTTAAATTTTCTAATTTTTGTTTATTATTTTCTTTTGTATACAATTTCTTTAAAAGTGCATACTCATCTAAATTATCTTCATTATTAACAATATATTTCATCAAAATGTCTTCTGCTTTTCTATATTCCTTGGTTTCTATCAAGAAATCAGCATATATTTTTACTATATCTTTATTCTTGTTTGAATATTTTTTATATGCTTTTTCAAAAATAATACTAGAATACTTTATTGTATTATCTGATAAGCCTGCAACACTTGCTAAATCTGTATAAAAGCTCTCATTATATTCTTCTAAAAATCTATCATTTGAGCTTATCTTTAACAAACTTTTTTCAACTATATCTTCACCTTCACCATTACTTAAAATACCTAGCCTAAAATTATTAAGATTATAGACAAAGCTATTTTTATCTATAATCATAGGAATATATTTTTTCATTTCTACTATCTTATTTTGAAGATATAGTAATTGCAATAAGTTTTTTAGAGAATTTTCATCATTAGGTTTTACTTCCAAAGCTTTTTTATAATAATTTTCTGCTTCTTCATAATTTCCTAAATCAACATACAAGTAAGCTATTTCATTTAATAAAACTACATTGTTTTTATCCATTTCATAAGCTTTTTTATAATTTTCTAAGGCAGAAACTTTATCATTTTTCTGATATTCATTTAAACCTTTAATAAAATTATAATTTTTTTCTTTATTAGCACTTAAACAACCTGAAATTAAAATACTTAGTCCTAAGACTATCACTATCTTCTTATTCATAGTCATTTTTGCTCCCCCATTTATTCTGTTATTTTGTCCTCTTCTTTTTCTTTCACTAATTCTTCTGTAATATAACCACCTGAAACTATAAGTTTAAATGCCCATTCAACACTCATATTAAGTGGATGAATATCTTCTTTTGGCATACATAATAAGAAACCAGAAGTTGGATTAGGTGCTGTTGGTACAAATACATTAACTATTTCCTTATCAGCTAAGAATTCTTTTAATGCTGTGTTTTTATCTGCTGTTATAAAACCAATGGCATATATCCCCTTTCTAGGAAATTCAACTGCTACAACTTTTTTATATACACTTTCACCATCACCTGAATATACAACCCCTATAATTTGCTTAGATGTTGAATACACTGTTTTTATAATTGGTATTCTTTCTAAAACATCTGATGCCTTCTTTATAAATTTAGAGAAAAATACTAATTTTGTCATATAACCAAGCACTGTTATAGATAAAAATATTATCAATGCTGCCACTATATAAACAAGTATTTGTATATAAAAAGCATCTGCTTTTTCTCCAAAACTAAAGTATACTAATTTTTTTAAGACTTTTATAATTGCAGTGTTATTTATTATTCTAAATGCTAAATTAAAAAGCCAATTAAAAATATAGTAAGTTATTACTACTGGA
NZ_CP077112.1_gap63	2154800	2156181	1381	TTGCTGCCCAAGCATCTTTTTTCTTAGCTGGAGTATCTGCAACTAAAACATCTAATGCTCCTGCTTCCAATACTACTTCAGAAGCTTTTTCAGTGATTTCTTCCAATGCTTCCATATTATCACCATCAAAAGTTACCAATAGATAAGCCCCAATTTCTACTCCTTCTAGTGTCTTAGGAAATACACTTTTACCTATATATCTTTCAGAAGCTAATACTATTTCTCTTTCCATAAATTCTAATGCTTGTGGTTGTAAATGGTTCATAAAGAATTTAGGAACTGTCGCTATACATTCATCAAGATTTTCATAAGGAATTATTAAACTTATAGTTTCCTTTGGTGCAGGAATTAATTTTAAAGTTAATTCTGTTATAACTCCTAATGTTCCTTCTGAACCTATCATTAAGTTTAATAAGCTATATCCTGTACTTGTCTTTGAAACTGTTGCTCCTAATTTTATAATTTCACCAGTTGCCAGTACAACAGTCATAGCTCTAACATAATCTCTTGTAGTTCCATATTTTACTGCTCTCATTCCACCAGCATTTGTTGAAACATTTCCACCAAGTGTTGCAAACTTTTCACCTGGATCAGGTGGATATAGTAATCCTTGTTTCAGTGCGTCTTCTGCTAGTTCATTTAATAAAACCCCTGGTTCTACTCTAACAACAAAATTTTCATAATCATAGCCTAAAATTTTGTTCATCTTTGTCATATTTAGCATAACTCCACCAGTTATTGCTACAGCTGCTCCTGTCAATCCAGTTCCAGCTCCTCTTGGGATAACGGGAATATTATTTTCATAACATAATTTCATAATTTCTGAAATAGCTTCTGTAGTTGTTACATCTATAACAACTTCTGGTTCTCCTTCACCATAGATAGGCATTTCATCATGAAAAAAATCTTGGTTTATCTCATCTTTTGTATAAACCTTACCTGGAACAATCTTTTTAAATTTTTCCACTAATTCTTCACTTACTTTGTTGTACACATGACTTCCCATTTTTCTTCCTCCTTCATTAGTTGAGTTTAATTTTTACAACTAGCTAATAAAATTTTATGAATATTTGATATTAAAAAGTATTTAAAAAATAATATTCATATTCTCTTATTTATATTAATTTAACATATTTTTTACCTTATTTCAAACTTTTTTTATCTATTAAAATATATTTAACTAATTTAGTACAGTATTTTTTTTATATTTATTCAAAAATAAAAAACCAGGATAGTTAAATCCTGGCTTTATAATTTTTATTTATCTTTATTTCTTTCTTCTATAATTTTCTTAGAAATATTTTCAGGGACTTCTTCATATCTTACAAATTCATATTCAAATTCTCCCCTACCTTGTGTTAAAGCTCTTAAATCAATAGAG
NZ_CP077112.1_gap64	2157215	2161841	4626	TGGATTTTCAGAAGAAATTTTTACAATTTTTTCTTGTTGAGTTGTAGGATCTTCTCCTATTCTTTGACCACTGAATAATTCAGTTGGACAAGGCATATATAATTCTAAATAATTTAATAAAGTATGTATTCCAATATTTTGTTGTGCAGAACCAACCATAACTGGAACTATATCTCCATTAACTACACCTTTATGTAGCCCTTTTACTATTTCTTCTTTTGTGAATTCTTCTCCTGCAAAATATTTATCCATTAAAGCTTCATCAGTTTCAGCTATAGCTTCAAATAACAGATTTCTAACTTCACTAACATCTATATCAGCTGGAATAGGAGTATCCACACATTCTTTACCATCAAATACTCTTCCTACCATATCTACAACATTTACAAAGCCTTTAAATTCGTCTTTTTCTCCAATAGGAATACAGAAAGGAGCAATTTTCTTACCAAATTTTTCCTTTAATTCATTTAAAAGTTTAGGATAATTTACATAACCTTTATCCATTTTATTTACAAAAATAATTCTAGGCAATTTTCTTTCTTCCAATAGTTTCCAAGCTTTTTCAGTTCCAACTTCTACACCAGCAGTTGCGTCTAAAACAAGTACAGCAGAAGCAGATACTCTTAATGCTGATACTACTTCTCCAACAAAATCAAAATATCCTGGTGTATCAAGGAAATTAAGTTTTACATCATTATGTTCAACTGGAATTAGAGATGTATTTATCGAGAAAATTCTACGAATTTCTTCTTTATCAAAGTCTGAAACAGTAGTTCCATTCTCTACATCTCCTTTTCTCTTGATATAGTCCTTGACATAAAGGATAGACTCTACAAGTGTAGTCTTCCCAGAACCTCTATGTCCTAATAGAGAGATATTTCTAATATTTTCTGTGGTAAAAACTTTCATATACATTGCCCCCTTTATTAAAATATTTAATTTTAAAATTATTTCATATTTATATTTTAACTTTTTTTCTATTAAATAGTCAATGTTTATTTTTATTTTTTGTACCTTTGTCACGAATAAAAAGCAAACTGTCTTAAATAATTAAAAAAAAACTGCTATATTAAATATAGCAGTTTGTAATTTTTATTTCCCTAATATTCTTTTTAATTCAGTAGCAACAAATTCAACATGTGGTCCTATTATAACTTGTACTGTTTCTTTTGAAGGTTTTAATACTCCTGGAACTAATTTTTTAATTTCAGCTTCTTTTATATTAGCACTGTCTTTAACTTTTAATCTAAGTCTTGTAGTACAATTGTCTACTTCAACTATATTGTCTGCCCCACCTAATAAACCTACTAATGATTCAGCTAATTCTGAATTTGTAGTTTTAATTTTTATAGCTTCTGCTTTTTCTTCTTCACTTTCTTCTCTTCCTGGCGTTTTTAAATTAAAGGCTTTAATAACAAATAGAAATACAAAGTAATAAATTACAAAGAATATTAAACCTAAAACTACTAACATAAATGGATTATTTGCATTTGGATTTTTTAATGATAGGAAGAAATCTATAAATCCTCCTGAGAAACTAAATCCTGCCATCCAGTTAAATGATGCAGCTAAGAACAATGAAACTCCTGTAAGTAATGCATGTAGTAAATAAAGAACAGGTGCAACAAACATAAATGCAAATTCTATTGGTTCTGTTACTCCTGTTAAGAAACTTGTAAATCCAGCAGCAACCATTATTGAGAATATTTTAGTTCTATTTTCTGGTTTTGAAGTTTGAATAAATGCAGCACAAGCTCCTAAAAGTCCAAACATCATTATTGGGAAGAACCCTGCTTGGTACATTCCAACATGGTATGTTCCTTGTAAAATTTCTGGTAAATCAGCATAAGCCATATCAGGACTTCCCCAGAATCTTCCTATATCATTTATTCCTGCAACATTAAACCAGAATACAGAGTTTACAGCATGATGTAATCCTACTGGTATCAATAGTCTATTAAAGAAACCATATATTCCTGCTCCAACTGGACCAAGTTTTGCAATACTTGTTCCAAAAGTTACCAATGCTCCATAAATAATTGGCCATATATATGTTAAAATAAATGAAACAACTATCATTACAACAGAAGTTATAATTGGAACAAATCTTTTTCCACTAAAAAATGCTAAAAACTTAGGTAACTCAATCTTATAGAACCTATTATACAATTCACCAGATATAACCCCACAAAGTATACCTATGAATTGGTTATTAATTTTTCCAAATGCTGCATGAACTTCTTCTTGTGGGATACCCATTATTTGAGATACAGCTCCTGTTGATAATAGAGTTGTAACTATTTCAAATGCAACAAGTCCTGCAAGAGCTGCTGCCCCATCTTTATCTTTTGACAATCCATAAGCAACACCAACAGCAAATAATATAGCCATATTATCTATTATTGCTGCTCCTGCTTTTATTAAAAATGCTGCTAATTGGCTATTAGCTCCCCAACCATTTGGGTCTATCCAGTAACCTATACCTAACATTATAGCTGCAGCTGGTAAAACTGCCACTGGAACCATAAGTGCTTTACCTATTTTTTGTAAATAACTAAACATTTTACTTATCCCCCTTTACATTTTATTATAAACTAATTATATCATATTTTCTTTAAAATCATTAATTATTTTAAACTTTTTTTAAACATTTTTGAAATTTTGTTTACAATTAACCTTAAAAACATATATTTATATTTTTAGTAGAAAGTTAATACAAAATAAAACTTTTATGCTATAATAAAATAAAACAAATTAAAGGAGGAATGAAAATTGGGTTATGTATTTTGGTTAATACTTACAATTATTTTTACTGTTATTGAATTTATTATTCCAGCTCTTGTTACAGTTTGGTTTGCTTTTGCAGCTGCTATAACAATATTTGTTTCTTTAGCATTTGATAATCTAAAAGTAGAAATAACCTTTTTTGCCGCTATTTCTGTTTTAGCAATTATATTCTTAAGACCTCTTGCTAAAAAACTTCTTTCAAAGAATAAAGATAATTTTGATGCTGAGGCAATAGATACAAGTATTGTGATTAAAAAAGTTGTTGATGTAAGCAAAGAAGAAAAAATTTATGATGTCCGTTACAAAGGTTCTATTTGGACTGCATTAAGTACTGAAATTTTTGAAATAGGAGATATTCCTATAATTTCTGGTTTTAAAGGAAATAAAATTATTATAAAAAAATAAATTAGGAGGTTTTATCTTATGTTTTATATTCCATTTTTTGTCTTATTAATAATTTTAATAGCTATTATAATGTTTAAAGCTGTTAAAATCGTTCCTGAATCACAAGTTTATATTGTTGAAAAATTAGGAAAATACTATCAGTCTTTAAGTTCAGGTTTAAGTTTTATCAACCCATTCTTTGATAAGGTATCAAGAATAGTATCTCTTAAAGAGCAAGTTGTTGACTTTGACCCACAAGCAGTTATTACAAAAGATAATGCTACTATGCAAATTGACACTGTTGTTTATTTCCAAATAACTGACCCTAAGTTATATACTTATGGAGTTGAAAGACCTTTATCAGCTATTGAAAATTTAACTGCTACAACTCTTAGAAATATTATAGGAGATATGACAGTTGATGAAACTTTAACATCAAGAGATATTATCAATACTAAAATGCGTCAAGAACTTGATGATGCAACTGATCCTTGGGGAATAAAAGTAAACAGAGTTGAATTAAAATCTATACTTCCTCCAAATGATATCAGAATTGCAATGGAAAAAGAAATGAAAGCTGAAAGAGAAAAAAGAGCAAAAATTCTTGAGGCTCAAGCTACAAGAGAATCTGCTATTCTTGTTGCAGAAGGGGAAAAGCAATCTGCAATATTAAGAGCTGAAGCTGAAAAAGAAGTTAAAATAAAAGAAGCTGAAGGTAAAGCTCAAGCTATCCTTGAAATTCAAAAAGCTGAAGCTGAAGCTATTAAAGTTTTAAATGAAGCTAAACCTTCAAAAGAAATTTTAGCATTAAAATCTTTTGAAACTTTTGAAAAAGTTGCTGATGGAAAATCTACAAAGATTCTTATTCCTAGTGAAATTCAAAATTTAGCTGGATTTATGCAAGCTATTAAAGAAATTAAATAAGAAATTTTAATTAAGAATGATAAATAATTTAGAGAATTTTGTAAGTATAGAAACTTATAGAATTCTCTTTTTTTATTATAATAAAAAATAAAGAAGGTCAGTATAATAGGGTAGAACTCTCCTATTATACCAACCTCCTTCTGGGAAATAATAATCTATATTACACTAGTGTTAGTGATATGTTTATTAGAATATAATTCTTAATCCTAGTCCACCTCTTAGGTTTTCTCCTTTTGTATCATATCCTACATTTGCAGTTACTCCAACTCTTGTGTTATCCACTCCAACATTTAAGTCAACTTTTACATTACCTTTTCTGTCTTCTTTTTCTCCTCTTATGTTGAACCAATCTGCTGTTGTATCCACTACTCTCGCTTTATTCTTTCCATTTGCTACTCTTCCTAACTCATTTTCATAAGCTACTCCTAGTGTTGTTCTTAGCGCTTTCATTCCAAAGTAGTGTTTAAAGCCTAATTCTGCCCCTATTTCTGGTCTTACTGAGAAGTATTGATTTTGTTTTACTTCTAGTTT
NZ_CP077112.1_gap65	2177626	2180009	2383	GTCCTCTACCTCCAGATTGTTTTGCATACTTAACTTCTTGATCACAAGATTGAGTTATAGTTTCTCTGTAAGCAACTTGTGGTTTACCAACATTAGACTCTACTTTAAATTCTCTCTTCATTCTATCTACAATGATTTCAAGGTGTAATTCTCCCATTCCAGATATAATTGTTTGCCCTGTTTCTTCATCAGTTCTAACTCTAAATGTAGGATCTTCTTCTGCAAGTTTTGATAGTGCAATTCCCATCTTTTCTTGGTCATTTTTAGTTTTGGGTTCAACAGCAACTGAAATAACTGGTTCTGGGAATTCCATTTGTTCAAGAACTATTGGAGCATCTTCAGCACAAAGAGTATCTCCTGTTGTTGTATCTTTCAATCCAACTGCTGCTGCTATATCTCCACAATATACTTGATCAATTTCTTCTCTCTTATTAGCATGCATTTGAAGTATTCTTCCCATTCTTTCTTTTTTACCTTTTGTTGAATTAAGAACAGTAGCTCCTTTTTCAACTATACCAGCATATACTCTAAAGAATGTTAATCTTCCTACAAATGGGTCAGTCATAACTTTGAAAGCAAGTGAAGCAAAAGGTGCTTCATCCGACATTTCTCTATCTATTAATATATCAGGATTTTTTGGATCTCTACCTTCAACCATTGCAACATCTGTAGGTGCTGGCATATAGTTTACAATAGCATCTAGTAAGGCTTGTATACCTTTATTTTTAAATGCTGTTCCACAAACAACTGGAACTATTGTATTATCTATTGTAGCTTTTCTTAATCCTTTTATAATTTCTTCCTTAGTTATTTCTTCTCCACCAAAGAATTTTTCCATTAGAACATCATCAGTTTCAACTATTGATTCAAGCATATATTGTCTTGCTTCTTCAGCTTTTTCTTGTAATTCTGCTCTAATATCTTTTGTATCATAGTGTTGTCCTTGATCTGAATCTATTGGCCAAACCAACTCTTTCATTTCTATCAAATCTACTATTCCTTCAAATTGGTCTTCTGCACCAATAGGAATTTGTATAGGTACTGGGTTTGAACCTAATTTTTCTTTGATATCTGATACACACATATCAAAGTTTGCACCAATTCTATCCATCTTGTTAAAGAAAGCTAGTCTTGGTACTTTATATTTATCTGCTTGTCTCCATACTGTTTCTGATTGTGGTTGTACACCATCAACAGCTGAGAACACTGCAACAGCCCCATCTAACACTCTTAGAGATCTTTCAACTTCAACAGTAAAGTCCACGTGTCCTGGTGTGTCTATTATATTTATTCTGTGACCTTTCCAAAAACAAGTAGTAGCAGCAGAAGTAATTGTTATTCCTCTTTCTTGCTCTTGTTCCATCCAGTCCATTGTTGCTTGACCTTCATGAACTTCTCCTATTTTTCTTTCAACTCCAGTATAAAATAATATTCTTTCTGTTGTTGTTGTTTTCCCTGCATCGATGTGAGCCATTATTCCAACGTTTCTAGTCATATCCAACGATACTTTCCTAGCCATTAAATTTTTCCTCCTCGATTAAAACAAAAACATATTCTCTATATATTACACTCTATAATGTGCAAATGCTCTGTTTGCTTCTGCCATTTTGTAAGTATCTTCTTTTTTCTTAATAGTCGCACCTTCATTATTTGCTGCTGCAATTAATTCTGCTGCAAGTTTTTCTATCATTCCATATTCTTTTCTTGCTCTTGTATAAGTAGTTAACCATCTTATAGCAAGTGTTTGTTGTCTATCAGCTTTAACTTCAACTGGAACTTGGTAAGTAGCTCCTCCAATTCTTCTAGATCTAACTTCTATTTGAGGTTTAATATTTTCTAATGCTTGTTTGAAAATATCATAACCTTCTTGACCAGTCTTTTCTTTTATTAAATCCATTGCTGAGTAGAATATTCCTTCAGCTATTGATTTTTTTCCATCTAGCATTATTGAGTTAATTACTTTAGTAACAACTTTATCAGAGTATCTCGAATCAGGTAAAACATCTCTTTTTACCGCAGCTCTTCTTCTTGACATTAAATTTTACACCTCCTTTATCGTTTATTATGCGTTTTTAGCTCCGTACTTAGATCTACCTTGTTTTCTCTTTGCAACACCAGCAGTATCTAATGCACCTCTAATGATTTTATATCTAACCCCTGGTAAATCCTTTGTTCTTCCACCTCTTACTAGAACGATTGAGTGTTCTTGTAAGTTATGTCCTTCACCAGGAATATAACAAGTAACTTCGATTCCATTTGTTAGTTTTACTCTGGCAACTTTTCTTAAAGCTGAGTTAGGTTTTTTAGGTGTAGTTGTATATACTCTTATACAAACCCCTCTTCTTTGTGGGTTACCTTGTAAAGCTGGAGATTTTTTCTTCTC
NZ_CP077112.1_gap66	2211892	2216548	4656	GTTCCTGTAAAACAAACTCCCAAAAAAATTATCCATCCAAATACAATTTCATACATTAGAATTTTGGCTAAGAGCTTATGATTTTCAAAAGTACCTAAGTTTGTTAAAATAGTAAATAAAAATGGTAGTATAGGAAAATGAAGTATTAGAAATAACACTAAATATTTTTTCTTAATTATTCCTTTCTTTATAGTAATTATATTTTTATCATTTTCAATTTTTATATTATCTATTTTTTTTACCTCCATTATAATAATTATCATAATAACTTCTTATTTGAGATGGAAGTGATTTTGTTTTAAAATATTCATCATAAGATTCATATTTGGTTTCATTAATAGGTTTTCCATAATCTAAGAAGGATGTATGACCTTCCATTTTTAATGGAATAAATCCTGCCCCAGCATAAATTCTAAATCCTTTAATGTTAAGAAAATCTTCAAGCATTCCCTTGCTTTCGACAGGTTCAGCTAAAAAATCTACTCCTAAAGAAACTCCTAATAATGTAATACTTCCTCCTACTGATTTTGTTAATTTTTCTATTTCTTCACGGCTATCTTTCCAATATATCCCTGCTCCTATACCTATACTTATATCAGGTGAACCAAGTCCTACACTTCCATTAGTCAAAATATACTCCTCTACTTTTCCAGTTTTGGGATTAAAAGAACGATAACTTGAAAGATTTCCACTAACTCTTCCACCAAAAGAGTATGCTCCTGTACCAAAAACTTCTTCAGTGTGATATTCCCTTCTATCCATAGAAATACTATCAGCAAGTTGTCTTTCCTTCTTCTCCTGTTATTACATTCTTATTGTTTCTTATTGCTGCTAAAGTATCTTCTGTTGCTTCTTTAGCTACCATACCTTTTGTTCTATCTTCTAGTAATTCTCCTCTATGGTTTGCTATATCCTGAGATTTATCAATATCATCTTCTTTACTGTAATGTCCAAATTCATGTCCTAATGCATTTAGTATTTGGTCTCTATTTGCACTTGCTAACATTTTTCTATCAAATACTACTACATTTGTTAAGGTATCTGTATAATATGGTCCATTTGGATCTTCTACATCTGTTAGTACCATCTTTATATCTGGTCCTTTATAGCCTTTTGCTCTTAGGGCATCATTTAATAACTTATTCATTACTGATACTTGTTCTACTTGTGTTTTATCATATATTTTTCCATTTTTTATTGCTTTTTTATCTAGTATTGATAAGTATTCTGGATTTTTTCTACTTGAGCTCCTATTACTATCATCATTGAGGATTATTTAAATCTATTTATTATAGTTTTATTTAAAGAATTAGAATATTTTTATTTTATAACTCCCTATAATAATTTTTATAAATACTTTTTTTCTTTTATATTATTTTTGTAGTATATTTTGAAATTTTTTCTACAATTTCTTTATATTTTTCTTCATCTAAACTAACTCCAAAAGTATAAATTTTATCTTCAATTTCACTTTCTTTTATTCTAATTTTTAAATTTCTTATTATATCCAATGGTAAAAAAATTGGATAATTATTTTGATATTCATTTGTCCAAAAAATATTTCGGATATCGCTTATATTAATAGATTTTTTTTCATTTAAAAAAGATAAAAAATATCTTTCCACAATAATTTTACTATCACTTGCAATTAAAATTTCTTTTGAACAAGCAATTAAAATAATTATTACAGAAATTAGTAAAAATGGTAAATTATATAGATATAAAGTTATTGTACTTATTTCTATTTCTCTCATTTTACAACCTAGCCAGGTATATAAAATATAAAATATTATTAAATATATTGGAAGTTTAAAGCTCCATTTTTTATATTTAACAATAAGTAAATTATCTTGTTCTTTTATATTCAATTTACTTTTTATTAAATTTTTAAACATTTACATCACCATCTTTGTATAGTTTATATATTTCAAGAACTTTATAAGCATCCTCTTTAAAGAGATCATAATAATATGATTTCTCTACAGTAGGTGTTATTATCTTCATGTAATAGTTTGTCCCATTTCTTGCACTAATTTCAGTTATTTTAAAATCTAGTATATCTTCATAATTTAAAATTATCTTTTTTATTAATTTATTTGCCCATATTTCTTGGATTTCTAGCTTATCTTTTTTAAAAATAAATAAAAGTTTTTTAAAAACATATTTTTTTAATAAAAAAAGCAATAAAGAAGAAAATGTTAAAATCACATATCCATATTTATAACTTGTATTTGAAAATATCATAGAAAATATATTTAATAAATTAGTCATGAAATATACCGCAAAGTAGCCTTCCTTGAATAAAAATTCATAATTTTTCATAATATACATATCTTCTTCAATTCTTGTTATAGTTTGCATTTTATCTCCTAATTTATTCCATATTTTCCTTCATCATAAGTATTTATATGGTCTTTTTCATTCCCAAATAATTTTGAGAATCCACTTCTACTATCTCTTATTTTATTTATATCTTCTTTTAACTTTAACATAGTTATTTCTTTTCCATCAACTCCATTATATCCAACTATGACTTTTTTATTTTCATATTCTTTTTTGGATAAATAGTTTACATAGAAAATATAGAAGTATATCTCTTCAAAATTTATATCTTTGAACATTTTTAAATCTTTTATTGCTTCACTATCTCCATTAATTATGAAATTATTATCTTTTTCAGAAATAAATAATTTTTCCTCATCAATTATTTTATTTAAAATATAGTTATATCTTTCCTCTAATGGAGAACTATATTTCTCAGTTAAATTTTTAACTTTTTGAGTAAAGAATATCTTTTTTTGCTCTTCTTCTATCATTTCTTTTAATTCAGTAAAACTCTTTAAAAAATCAGTGTCATCATAAATTTCCTTTTCTATATAAGGATATGGGTAAGTATAAGTAAAGATTTCATATTTAATTCCTCTTTTTAAATTTAATAAAACTCTTTTATAAGGTTTAAAGAATAAAAATACAAAATCTGTAGGACTTGCATGATTTCCACCTCCATTTTCTGAATAAACATGACCTTTATCTAGAACTTCTTCAATATCTAGTAATGGAATTATCAATTCTTTTAATAAAAATTTTTTAAACAAAATTCTTTTATATATTAAGTTTTCATTTTTACAATAACATTCTTCTTTTGATATAAAAAATTTTAAGCAATTTACTATAGTTCTTGTAAAAAAATATGTTGCAATTCCAAAAACTATTATAAAAATAAGTAATTCAAATCTAATTAAATTAATAATTAAAAATACTCCAGCGACAAAATCAAAAATTATAAGAGTTATTAAAGCATAATAGTATAAAATGCAATGTTGACGATATTCTATTTTTTTCATATTATTATTTTTTAAATTCATTATCTTTTATACCCTTCATTATTTTTATAAAATCATCTGTATCTTTCAATTTTTTTCTCTCATTCTTTTGAAATAAAGAAGCATATAACAAACTAACTACTATGTATGCTGAAAATATATGTAATGTATGTAATTCTAAACTTCCCAACTCAGGTATAGAACTAGCTGCATTAAAAAATATAAATATAATATACCATACTAACTCTATCAATGCATATCCTAAATGAGCTATACTTTTCTTTACTATAGAATATATGAATAAGGCTAAAATTAATAAAAGTATCTCTAATCCTGTAAACAAAAATAAGAAATCAATGATTTCTTTATCAAGATATTCAAAAATTTTTATTATTAAAAAGTAAAATAATAAACTAAAAATTATTTTCTTGTATAAGTGTTCTATATATTTTTCCATACTATAAAATAGTATTATTCCAAATAATTCAAACGAAATAAAAAGAGTCACTTCTTTATAATACGGTGCTTCAATTTTTTCAGAGTTATATGTCAATAAAATAATAAATAGCAAATGAAATATCATAAGTATATTATTTTTAACATTTTTTTTCAGTAAACTACCTGTCATCATAATTCTTTTTTTATTTTTTAATAATATTATAACTAGAAAATATACTGTACTATATATACTGAATATAATAAAATTTTTTAAAATTAATAATCCTAAAAATTCCCACTTAAAATCAAGTGCAATTAATATTAAAGATATGGTAAATAGAAATAAGTTCAGCATTGTGTATATAAAATATACAAATTTTTCTTTTACTAAAAATAATATAAATAAATATAAAATTATAGGTAATTCAATTGATATAATAATAATGATAGAAAATGCTAAATAATCTGTTCCAAGATAATCCAAAAAAATTATAATAAAAAAAGATAAGAAACTCAAAAATATTTTTGTACTACTAAATAATTTACCTTTTTTAAAAAGAAAAAAAATGGATATTGTTAATGTTTCTAATGATAAAAAAGATAATATTTTTATATAACTCCCATTTTTTATATCTTTGCTACTGTATACCAAATAACAAAAAAAGAAAAAATGAAGTAGCAATAAAATAAATTTTTTTAGATTTTTTTTCATTTAAGACTCCTTATTTCGAAAAATTATCCTAACATACTTCTGTTGAAATTCTGAACTTTTAGTATTAGCATTTATAACTCTATTTCATCATTAGTAACTTATTTGATTTTTCTATTATTTAACAATTTTTTCTCAGAATAAATAAAATTGAGAATTTATAATTATAATATATTAGTACATTCT
NZ_CP077112.1_gap67	2275851	2276817	966	GCAGGCGCAAAATACAAAGGTGAATTTGAAGAAAGAATGAAAGGTGTTTTAAAAGAAGTTGAAGAATCAAATGGAAATATCATTCTTTTTATAGATGAAATTCATACTATAGTTGGGGCTGGTAAAGGAGAAGGTTCCCTTGATGCTGGAAATATGTTAAAGCCTATGCTTGCAAGAGGAGAATTGAGAGTTATTGGTGCAACAACAATAGATGAATATAGAAAATATATTGAAAAAGACCCTGCACTTGAAAGAAGATTCCAAACAATATTAGTAAATGAACCTAATGTTGATGATACTATTTCAATTTTAAGAGGTCTTAAAGATAAATTTGAAACTTATCATGGTGTTAGAATTACAGATACTGCAATAGTTGAAGCTGCAACACTTAGCCAAAGATACATAACTGATAGAAAACTTCCAGATAAGGCTATTGACCTAATTGATGAAGCAGCTGCAATGATAAGAACAGAAATTGACTCTATGCCAGAAGAACTTGACCAATTAACAAGAAAAGCTTTACAATTAGAAATTGAAATTAAGGCATTGGAAAAAGAAACTGATGATGCTTCTAAGGAAAGACTAAAAGTTATAGAAAAAGAATTAGCTGAATTAAACGAAGAAAAGAAAGTTTTGACATCTAAATGGGAACTTGAAAAAGAAGATATTTCTAAAATTAAAAATATTAAAAGAGAAATTGAAAATGTCAAACTTGAAATGGAAAAAGCAGAAAGAGAATATGATTTAACAAAATTATCTGAATTAAAATATGGTAAACTTGCAGCTCTTGAAAAAGAATTACAAGAACAACAAAATAAAGTTGATAAAGATGGAAAAGATAATTCTCTATTAAAACAAGAAGTTACTGCTGAGGAAATTGCAGATATAGTTTCAAGATGGACAGGTATTCCTGTATCAAAACTTACTGAAACTAAAAAAGAAAAAATGTTACACCTTGAAGACCAT
NZ_CP077112.1_gap68	2293737	2296775	3038	TTACCCAAGTTGGTACATTATAGTTTGAGCTTAAAACTCCTGATATAGTATTAGATTGAACTAAATTTGCCCCCATCATCTTAGTACACATTAAAACGGCTATAACAATTCCTAACCAAGGTGCTTTTAATCCATCTCTAATATAGTACATAGGTCCACTTAATAAATTTCCTTCTGAATCTTTACCACGATATAATTGAGATAGAACTATTTCCCCATATTTTAAAGCCATTCCAAAAAATGCAGCTATCCACATCCAAAAAACAGCTCCCATACCTCCGGCAGCAACAGCAGTTGCTACTCCTACAACATTTCCTCCTCCAACATTTCCAGCAAGTGTTACCATCATTGCTTTAAATGTTGAAATTGAACCTGAACCTTTTTCATCATTTCTTGTTTTAAAAGAATCTACCAATGTTTTTTTAATAATAAATTTAAAGTGTCTAACTTGGATAAAACCATTAGTAAAAGTATATAAAATCCCTAGCCCTAAAAGTACATATACAAGCCATCTTCCCCATAACCACTTATTTACAGTGGTTAAAAACAATTCCAAACTTTCCATAAAATTTACCCCCTATTTTTTTTGTTAATTATTTTTTTGACTAAATCTGGATAATTTCCTATTAGAATATCCACTTTTTTATCTATTAAATCATTAATATCTTCTTCCTTATTAACTGTCCAAGTATTAATTTCTATACTATTTTTTTTCAGTTCTGCTACAACTTCTGGTATCAAATTATTAAATCTTGGATGAAAGCATTCAATATTATAAGAAGCTGTATATGCTCCTGCATCTATTATCCAATCTTCTGATAAAAATCCACATTTTAACTCAGGTGCAATTTTTTTCATTCTTAAAATAGAAAAATGGTTAAAACTTGAAATTATAACTTTTTTCTCTAATTTATATTCCTTAATAAGTTGATACACCTTTTCTTCTATTCCCAAATATTCATTTATCCCAGTTTTTAATTCAATATTAGTTATGAAATCTAAATCTTTTACCAGTTCAAAATATTCTTTTAATGTTGGAATTTTATTAAATCCCACTTTTCCTCTATAAATATATGAAGCCTCAAACTTTGATAATTCTTCATATGTATAATCTATCACATAACCTTTACCATCTGTTGTCCTATCTATTGTTTCATCATGTATTATTACAATTTCTCCATCTTTTGTAAGTTGAACATCTAATTCTATTCCATCTGCTCCAACTTCTATTGCTTTTTCAAAAGCTAACATTGTATTTTCAGGATATTTTCCACTAAATCCTCTATGAGCAAAATTCTTTGTCATTTATTACACCCTCTTAAATTTTAAAATATTGTTTGTTTTTTTTATCTATTGTTTATTATACTCTCTTTTAGTTGTTTTTCAATATTATATTTTTATACTATTTGTTCAGAAAATAAAAACACAAGTGTTATACTTGTGTTTTACATCTATTAATAATTCTATTTATCCCTCATATAATTCTTTTAAGCTATCATCATAAATTAAAATTTGCATAAAATTTTGCTCTATATAATCTACATATAGAACTAGATTATATTCTGGAAATATATATGAATATCCATCATCTTCTTGCTCTGTAATATTTTTTTCAGATTTTATAAATTTACTTAAATTTTTAAAATTAATTATCTTCCCATTTAAACTAAATTCTTTTCTATCTAAAACAGATATAGTAATTAAACTAGCTTCTAATTGTACTTTATTTTTTCTATCAAATTCTAAAAAATAACCTGGATTATTTAAAATTTCATCTCCTATCTCATTTCTTTTTGTACCTAATAAAATTCCATTTAGTGATTTACCTAATATTTCTAACAATTTTTACCTCCATATTTCAAGACACTTCTCTTCTTCCCTTCCAAATACTAAAAATTTTAATTTTTTTAGTAATTCCAGATAAGAAACTACTAATTTTTTTATCTTATTATTTGCATATTTAACTCTATCTCTATCTGAAAGAAAGAATAGTAAATATTCTAAGTCTTCATTATTTTCAAATTTCTCAATTCCATATCTAATACAGGCTGGAATAATAAAAAAATATGCTTCATTACTTAAATAATAGAAATCTAAACCCTCTAAAAAGTTTATAATAGTTTCCTTATTAATATCTTTCCATAACTTATTTGAAAAAGTTTTTATTAAATATTGGTTTTGTGAAAAATCTTCCTCTTTATACTCTTCATTTACAATGCTATTCTTAGATAAAATGTTGTCCTCAAAATTCTCAAAAATACTTTGATATAGTTTTTTCTCCTCAATAATCCATTTCACTTCATAAATTCCTCTATCAAGTTCTTTACCATATATTTCTAAATCTTCTTTTTTAGAATTCTCTTTAATATAATTTAGGATAGTATATATATCTTCCAAATCATTTTTCTTGAATTTTATTAAATTAAAAAAATTTTTTGAAATTTCTTCATTTGAATATATAAATTCTTTTATGTTGTTTGTATTTTTACTAAATTGGCTAAATATATCTAAAAAAATTATTAAATTCTCATTATCTTTTGAGATATTTTTATATATTTTTTCTTTTAAACTTGAAATATCTCCTAAAAAATTATTTTTATTACTCATTCTAATTTCCTAATCTATATCACTTTTATAATTATAATCTTGGTTATATATAATAATATCAGTATTATTTTTACTATCAAAGTCTGAAACTTCATCTTGAAGATGACTATAATCAACCTCATAGCCCTTCATTACATGTGCAGTTTTTATTATAAATTCTCCTATTTTTAAAAGAGTATCTGGATCTGCTAAAATTGCAATTTCATCTAATTTAATTGATGTTGTATTTCCTTCTTCTGTTCCATGTATAGAAAATTTTCTCATACTTTCCTCCTTGTCCCAAGAATTTTTAATAGATTTTTACTTATTTTTTAATATGATTGGTTTATAAGCCAATACTTTGTCTGCTATTTCTTCTGAACTCATATCAGTCCAGTATATATAATCAGATATTTCTGAATCCAAAACTAAATTTTCTAGTTTTTCTAAAA
NZ_CP077112.1_gap69	2444662	2448359	3697	AAAAATATTTTTATTCCATAGAAGTATATCAGTCCATATAGAAAAGGAAATAAGAAAGAAAATAAGTTATTATTAATTCATAACAAGGCAGCCAAGTTAGAAAATAAAAAAATTAAAAATTATGGAGGTAAAAGTTATGAATGCAACTGAAAAAAAGGAATTAATGGGAAAATATGCTAAAAAATTGGAAAATGCTATAAAAAGGGAAGCATCAGTGATGAAAGAAATAGAAAATGATAAGACACTGATAAAATACCTTGAAGGACAAAAGACATCAGGAGCAGCCTTTGATAACACAGTCTATGAAAGTTATGATGTTTGGATAGAAACAATAAGAAAACAAATAAAGAAATCTGAAAGCACCCTAACAAATATAGAGTTTAAAAAAGTTGAACTTGAAGCAATACAAAAATATATAGCATAATAAAAAATTAAATATCAGCTGATATAAAGAAAATGGAGTTTAGCGACTCCATTTTTATTATGTAAAAATAATTGATTTAAAATAAAAAATACAATACAATGAAGAAAAGATAACAGAGGGAGGATAACTATGTTGTTCAGTAATTTTGGAAAAAAGAATTATTTTGTAGAAGAAGATTTTATTGAACTTAGAGATTCAGTAAAGAATTTAATAGATGCAATTGAAAAATATAAAGATATGAGAAAAGATTCAGATGGATACATAATGGAATTAAAGGAATTTTTAAAAGAAGTTAATTTAGTATTAGAAGAAAAAAATTTAACAAAGAAAGAATTAACAAACTTACATTACTTAGGTGAAAGTTACTTTAATTCACGTATTGATAATAGTATATATTCATATTATGTCTATGATAAAAATGATTTAGAAAAAACACATCAAGCTAATGATGAAATAGGAATTGCAAAAAAGAGATTTGGTGAAATCCTTTATAAGATTACTGAAAAAGTTATGTATCATATGATTTAGCAAAAATATAAAAATAAAGGAAATTAAATAGACATGATTTTACAGATAAAGATGTGGAGGAACAAGATTAATGAAATATGAAGAACAAGAAAGAAAAATTTATGCAAAATTTGATGATGAAACAATAAGAGTTTATCAAGCATATAATGATAAAATTGCTGATGAAGCAATAAAATTAGGAACATTTGGAGAACATTTTAGTTTAACAAGAATGACTTGGATAAAACCCTCATTTCTATGGATGATGTATAGATGTGGTTGGGCAGAAAAAGAAAATCAAGAAAGAGTTTTAGCTATTGATATTAAAAGAGAAGCCTTTGATGAAATAGTTAAAAATTCTGTAATATCATCATATAAATCTAATTTAGGTATAACAGAAGATGAATGGAAAGAAGAAGTTAAAAACTCATTAGTTAGATGTCAATGGGATCCTGAAAGAGATATCTATGGAAAACCAATAGGTAGAAGGTCAATACAACTTGGAATAAGAGGAGAAGCTGTTGTAAAATATGTAAATGAATGGATAGTAAAAATAACAGATATAACTGATGAAGTTAAAAGAATTAAACAAAGTATTGATAATGGAACTTTTAAAGAAAGTTTCTTGCCAGAAGAAAAAGAATACATAGTTAAATAATTGTTTTTATAAAAGAGAAGTGATAGAATAGCTATTATTAAAATATAAGGAGCTAAAATGAAAGCTAATTTTATGACTATTTTTATTGGTATTTTTTTAATTTTTTGTTTTATTTTTACAACATTAAAAAACTTCAAAACATTAAGAGCAGATAATTATAAACAACTCGCTATTGCTTTAGCTATTGGTATTTTCTCATTATCTCTTCTTATATTTTTCTATTATATAAGAGGAGTTGATATAGAAAAACCAACTATTTTATTAAAATTATTAAGATTTTCAAAGAATTAAAAAAGGGGGGGAAAATGAGATTTTATTCCTATAATTATCTACTTGAACAAATTGCTAAGTTTGACTGGTGGGGTGCTGCACTTACAATATTTTTAATAATTTGTCTTATTATTACAATATTTAAATATCACCAAGGACAAAAAGAAACTAAATATAGAGAACTTGCCATTATTTTAGGACTTGGAATTGTTATTGTGATATGTATAAAAATAAGTCAATATCGTGTTACTCAGGTAAATGATAACCAATATAGACGGGCTATTCGTTTCATTGAAGAAGTTGCTGAAGATTTAAATACAGATAAAGAAAATGTCTATATCAACACTTCTGCTTCAATAGATGGAGCACTAGTAAGAGTTGGTACTCTTTATTATAGGGTTATCAGTGGGGATAATGGAGAAAATTATCTTTTAGAAAAAATTGACTTATACAATCCAAAAATTGAAATAATAGAGGTGAAAAAATAATGGAATTATCTTATTTAAATGTTGCTATTAAATTAATTATGGGACTTTTATCATTAGTTTTAGTTATAAATATATCAGGAAAAGGAAATCTTGCACCTTCATCTGCTATAGATCAAGTTTTAAACTATACCCTAGGGGGTATTGTTGGTGCAGTTATTTACAATCCATCAATAAGTATTTTTCAATATTTCATAATTCTTATGATATGGGCTACAACAGTTTTGACTTTAAAATGGCTAAAAACAAATAGTGTCTTATTCAAAAGTATTTTAAATGAGCAACCTATTATTCTTATAAATAAAGGTATTCTTGATGTTGAAGCTTGTCGTAGAATGGGTTTAACTGCAAATGATATAGCTTTTAAACTTCGTACTAATGGAGTGTATAGTGTGAGAAAAGTTAAAAGAGCTGTACTTGAACAAAATGGACAACTAATAATAGTTTTACAAGATGAAGAAAACCCAAAATATCCAATTATAACAGATGGAACTGTACAAACAAATATACTTGAAATTATTGATAAAGATATGAATTGGTTACAAGAACAATTAAAAGAAATAGGCTATGAAAATATTTCTGATATTTTTTTAGCAGAATATGATAATGGAAAGATAACTGTTATCACTTATTAAAATTATTATCAAAAATATTTAGTATACATGTAATTGATTTTTAATATATATAATATATATTTTATTTTTCTTCCAAAATTTTGTATACTAAACGAAATAATTTTTTTGAAAGGAGCTAAATATATAATGTTATTATTTATTCTAATTCTGATTCTAGTCATATTACTTATTAACACTGATAAACAAACGAATAATAAAATCAGCCTTAAAAAGTTTTTAGAATTGTAATTTAGAATTTAGTTAGAATAATACAACAATAATAGCTACTTTATAAATAGAAACAATGTAATCATTAACTTTAAATATAATAATATTTTGGATAAGGCGATTAGATATAATCGTCTTTTTTTATAAAATTTTATTTTTACTAAAATTTAGTTTATCTGTACTATAAATTTAAACAAAAAAATTAACTATATATTAAGGAGTGAAATTTATGTCAAGAAGTAATAATCTAAAAGATGGAGCAGCAAGAGCACCTCACCGTTCTCTGTTAAAAGGTCTAGGTTTTATATCAGAAGAAATGGATAGACCAATAATTGGAATTGCTAACTCATTTAATGAAATAATTCCAGGGCATGTACACCTACAAACATTAGTACAAGCTGTAAAAGATGGAATTAGAAATGCTGGTGGAGTTCCTATGGAATTCAATACAATAGGAATTTGTGATGGACTTGCAATGAATCATATAGGGATGAAATACTCATTAGTAACA
NZ_CP077112.1_gap70	2557323	2558991	1668	AGTTTCCATCATGAAAAGTAAGCCACCTCTATTTAGTAATTTATCAACAATGGCATTGCCAGTTTCTATACTAGGTCCTTCATATAATGCAGCAAGTATAGTTGTTAAGTCTACACCTTGATAGAAGCACATACCTACACCTGCAAGAGTACCAATTAACATTCCTGGAACAGGAGGAACTTTTAAAAATATTACAACTATTATTATAATTGGTGGAATAAATATTAAAGGAGTAATCTTAAAATTATTAGCTATTGTTGTTGTAATATTTTCTATTGCGTGGTTATCTATATTAGCACTTCCAAAATTTCTACCTAAAAAAGCAAATATTAGTAGAGCAATTAAAAAACTTGGAATAGTTGTTTTTAACATATGTCTTACATGGTCAAATAATCCTGCTTCTGCTGTGGCAGCAGCAAGGTTTGTACTATCAGAAAGTGGTGACAATTTATCTCCAAAAGAAGCTCCACTTACAACAGCACCTGCAACTAATGGTGCAGGTATACCCATTCCTACTCCAATTCCCATAGCAGCAGTTCCCATTGTACCAGCTGTTGTCCATGCACTACCAGTTGAAACACTTATAATTGCACACATAACAGGCAGAATAATAAGGAATATTCTAGGTGTAAATAATTTTAAACCATAATATATCATACCTGGAACAACCCCACCTACTATCCAAGAACCTATCAAACACCCTACAATCAACATAATAAAATTAGCTTGTAATCCCATTTTATTAGTTTCTATCATAGAATCTTCAATTTCTTCATAGGAGTAGCCTAAAAAATGTCCTATTATACAAGTAATTGCAATTCCTAAAATTAATGGAATTTGAGCAGGAGAACCAAAGACTAAAGTTCCCAGTAACATAAATATAATTAGAAAAATAAATGGCAATATTGCTATAAAAAGTGATGGCTTAACTTTTTCTTTTGACATATCTAAAACCTCCTAATTATTTAATTACCTTATCTAAATTCTATAACTTATTTATTATTTGTAAAATATATTTATTTTATATTTTTCATAATAAAAATTAATGTTAGATAATAAAAAAATTGTTGCAAATATAATTCACAACAATTGTTAAATATTATTTAATTTTAATTGAAGCATTAATTAGAACGTTGGTAATGCTTCAAGGAAGATAATATCCTTTCTATCTTTAGCATCTCCTTCTGCAAGTATAGCAGCCTTTGCCACAACATTTGCTCCAGCTTTTTCTACTAGTCTTTCAAGTGCTTTTAAAGATTGTCCAGTTGAAATGACATCATCAATTAATGCAACTCTTTTTCCTTTAATTTTGTTAGCATCTTGATTGTTTAAATATAATTTTTGAGAATTAGTTGTTGTTATAGAATTAACTTCAACTTCAATAGGTTCTTCCATATATGCTTTTATACTTTTTCTAGCAACAATATATTCATTTAAATTTAAAATTTTAGATATTTCATAAGCCAATGGAATACCTTTTGCTTCAGCAGTTACTACAAAGTCAACCTCTGGTAATTTTTTAGCTATCATAGGAGCTGTCTTTTTAACAATTTCAGTATCCCCCAAGATAACAAAACTAGCTATTGATAGATCATAAGAAAGTTTTATTATAGGTAGTTCTCTTGTAAGTCCAGCAACATGTAAAGTGTAAGTTTTCATAAATTCCCT
NZ_CP077112.1_gap71	2604066	2604566	500	CTAGAAAGTTTAAAAGCCAATAAAAAATTAAAAAATATAGTAGTTATACATTTAGGAACTAATGGAGTAATAAATAAAGAATCTTTTGAAAGCTCAATGAAACTTTTGGAAGGAAAAACAGTTTACCTTATGAATACAGTTGTTCCAAAACCTTGGGAAAAATCTGTAAATGAAAGTTTAGAAGAATGGTCAGAAGGCTATGATAATATAACTATAATAGATTGGTATAAGTATGCAAAAGGTGAAAAAAAATTATTTTATAAAGATGCAACTCATCCTAAGCCAGAAGGTGCAAAAAAATATGCTGAATTTATTCTAGAAACTATAAAATCAAAAAAATAAAAAACTAAAGGAGCCATTATATTTTGTAGTGGCTTTTTTATTGAAAATAAAGATAAAAATTAGTAATAGGAAAAAATAATAAAAAAATTTAAAAAAAATAAAAAAATATTGTTGACAAAATCTAGGAATAATGTTAATATAATTGATGTCAATGTGAC
