gap_id	start	end	length	sequence
NZ_CP041847.1_gap1	11083	15075	3992	GGCGACACACTGTTGGCCATCGCGCGCAACGCCGAAGAAAGTGGCGACGATAATGCCGTGGACGCCAACGGCGCAGACCAGACGGGCAATTAATCAGGCTCGCCCGACGACGATGCGGATCGCGTAGCGATCTGAGGAGGAATCGGGCAGCTAGGCTCGGCAGCCGGGTACGAGTGTTAGGAGTCGGGGTGACTGCACCGAACGAGCCGGGGGCGCTCAGCAAGGGCGACGGCCCGAATGCGGATGGCTTGGTCGACCGTGGGGGCGCACATCGGGCAGCGACCGGGCCAGGCCGCATACCAGATGCTGGAGACCCGCCGCCGTGGCAGCGTGCTGCGACTCGGCAATCCCAAGCGGGGCATCGTCAGCCGCCGCCGGTATCACACCCTGAGGGGCGCCCGACCAACCCGCCCGCCGCCGCCGATGCTCGGCTGAATCGCTTCATCTCCGGTGCGTCTGCCCCGGTGACCGGCCCAGCCGCCGCGGTCAGGACCCCGCAGCCGGATCCCGACGCTTCGCTGGGGTGTGGCGACGGTTCCCCCGCCGAGGCCTATGCCAGCGAGCTGCCCGACCTATCCGGCCCGACTCCGCGGGCCCCGCAACGCAACCCCGCGCCGGCGCGTCCCGCGGAGGGTGGCGCGGGATCGAGAGGGGATTCGGCCGCCGGTTCGAGCGGCGGTCGTTCGATTACCGCTGAGAGTAGAGACGCCCGTGTCCAGCTGTCGGCGCGGCGAAGCCGCGGGCCGGTTCGAGCCAGCATGCAGATCCGACGGATTGATCCATGGAGCACGTTGAAGGTGTCGCTGTTGTTGTCGGTGGCGCTGTTCTTCGTCTGGATGATCACGGTCGCGTTCCTCTACCTGGTGCTCGGCGGTATGGGCGTATGGGCCAAGCTCAACAGCAACGTCGGTGACCTGTTGAACAACGCGAGCGGCAGCAGCGCGGAACTTGTCTCCAGCGGCACCATCTTCGGCGGCGCATTCCTGATCGGCTTGGTCAACATCGTCCTGATGACCGCGCTTGCCACCATCGGTGCGTTCGTCTACAACCTGATCACCGATCTGATCGGCGGCATCGAAGTGACGCTGGCAGACCGGGACTAATGTTTTGAGAGTCGGGCGCCGGTTGCGGTAATCTCGTCGCTCGGCCGTACGCGAGTACGGGCCTATAGCTCAGGCGGTTAGAGCGCTTCGCTGATAACGAAGAGGTCGGAGGTTCGAGTCCTCCTAGGCCCACGACCATGTGCCCGTCACGACGTTCGGTGAGGTTCGCATTGCCACTGGCCGCGATCGCTGTGGCGGCCATCGTCGTGCGGTTCCGACGCGGAGCCGATGTCTGGCATGTGGCCGGCGATCCACCTCCTGATCACATAACCGGTGACGAAGAGGGGCCTTAGCTCAGTTGGTAGAGCACTGCCTTTGCAAGGCAGGGGTCAGGGGTTCGAGTCCCCTAGGCTCCACAAGTGAAAAGCGTAGCTCGGATACTTCGAATGACCACGTTTGATCACAATCGCGAGTGAAGAGGGCGTTGATGGCCACTCCGACGGCCTCGACACCCGACCCGTACAGGTGGCGGTAGCGGTCCAAGGTCAACCCGGCGGAGTCGTGTTCGAGCATGTTCTGAAGTGCCTTGAATTCGCCCCGGCCTGGATCGCCAACGACGCCGGGTGTGCCGAGCTCATGCAGTTTTGAACTCCTACACCACCGCCGGCTTCCCGGTAGCGTCCATCACAGTCTGAGGGAACAGCTGCGCCGCGGTCACCGCCTGCGACCACCACCGGCGCCGCACATGGCTGCCGCGCATGTAGCCGCCCGCCGAGTCCGGGAACGCTAGAAGCTCAGCAACCCATCGAACGCGGTCGGCCGGTTGTCGGCGTCCACGAGCACGCACCCTAGAGCGAAAGTCATGGATCCGCCGTTGGCGGGGTCTCCGGTATTGCCGGACTCGTCTATGTAAGCGACCAGCACGCGACGATGCTGGCACGATTCTTGGGCGATTGACCACAGTTACAGATAACTACTGTTAACCGCAGTTGTGTCCTTTCGCAGGTGGACTGAGTTGTAACCCATTGATCTGCATCATGATTCGCCTGTGGAAGGCGGGGGTCAGGGGTTCGAATCCCTAGGCCCCACCGTGTGACGACCGGCCTCAGGGGCGCGGTTGCACCTCGACGCTCGGTGGTCGGGGCGACGGCTCCGGTCGCGACGAGCGCCGGACGATGCTGAAGGCGACGGCACCGCCGGCGAGGATGGCCGCCGCGATCCCCGCGAAGATCCAGAGGTGGTGTTTGCTGCGACGTTGGGTCCGGGCGTCCTGTAGGGCCTGCGGTAGGTTGGCCACCACGTCCTGGGCAGCGGTCAGCTCTTGAGCGAGCGTCTCTTGGGCGGCAGCGACCTCGCGGGCCAATCGGCCTTCCCGGTAACGGCGGCGAAGCCCGGCCGCGGTCGACCGGGCGGACTGAAGCCCAAGTCCGACCCCGAGTTCGAGGAGGCCTCGGGTCACGTCCACCGGACCCACCGCAGAGTAGGCCAGACCCCGGGTCAGCCGCTCGCGTGGGGTCAACCGGGTTTCCACCTGCTCACTCATTTTGCCGCCTTTCTGTGTCCGGGCCGAGGCTTGCGCTCAATAACTCGGTCAAGTTCCTTCACAGACTGCCATCACTGGCCCGTCGGCGGGCTCGTTGCGGGTGCGCCGCGTGCGGGTTTGTGTTCCGGGCACCGGGTGGGGGCCCGCCCGGGCGTAATGGCAGACTGTGATTCCGTGACTAACAGCCCCCTTGCGACCGCTACCGCCACGCTGCACACTAACCGCGGCGACATCAAGATCGCCCTGTTCGGAAACCATGCGCCCAAGACCGTCGCCAATTTTGTGGGCCTTGCGCAGGGCACCAAGGACTATTCGACCCAAAACGCATCAGGTGGCCCGTCCGGCCCGTTCTACGACGGCGCGGTCTTTCACCGGGTGATCCAGGGCTTCATGATCCAGGGTGGCGATCCAACCGGGACGGGTCGCGGCGGACCCGGCTACAAGTTCGCCGACGAGTTCCACCCCGAGCTGCAATTCGACAAGCCCTATCTGCTCGCGATGGCCAACGCCGGTCCGGGCACCAACGGCTCACAGTTTTTCATCACCGTCGGCAAGACTCCGCACCTGAACCGGCGCCACACCATTTTCGGTGAAGTGATCGACGCGGAGTCACAGCGGGTTGTGGAGGCGATCTCCAAGACGGCCACCGACGGCAACGATCGGCCGACGGACCCGGTGGTGATCGAGTCGATCACCATCTCCTGACCCGAAGCTACGTCGGCTCGTCGCTCGAATACACCTTGTGGACCCGCCAGGGCACGTGGCGGTACACCGACACGCCGTTGGGGCCGTTCAACCGGACGCCCTCACGCCAAGTCCGCTCACCTTTGGCCGCGACCGGCGTAACCGGCAGCGGTAAGCGCATCGAGCACCTCCACTGGGTCGGTGCCGAGATCCCAGCGGGACAAAATCAGCAGCCCCCCGCTGACCGTTTCGATCTCGAGCAGGCGCACCAGGCGGCCGTAACGGCGAAACTCGTCGATTCGGATGATCTTGATATTGGAATGTCGTAATAGCTGCGTCCGGAACCAACCTCGGATCGCCAGGCCGTCGGGGGTAATTGCCAGCCTTGGACGTGCGCGCCAAGTGGCGCTCGCAAACAAGATCAGACCCAGCGCGGCAACTCCGGTCAACACCCGCCCGGGCGTATCTGTGACTAAGGTCACAGACGCAATAGCCATCACGACTCCCCCGGCTCCGCAACCAGCGATTCCCGAGGTGCGAGGCGCCCATGCTGTTTGCTGCATGTATTCCTTAGACCCTCTCACCACTGCAGACAAAGTTATCCACAGACGCTATCAACAGTGGGGATGAATCACATGCGTGTGATTGAGTGACCAAAAGGTTGCTGGCACAGTAACGACCCGACCAGAATATGAATTCATTCTATCGGCGGCGTGGATCAA
NZ_CP041847.1_gap2	16711	19256	2545	CACGGCCCGCACTAGCAGCGGTGTGATCATGGCCGTGCAGCACACCGGGCTGCCGATCCACGGTGTCCAGTTCCATCCGGAGTCGATTCTCACCGAGGGCGGGCACCGCATACTGGCCAACTGGCTCACCTGCTGCGGATGGACGCAAGACGACACCCTGGTACGTCGGCTGGAAAACGAAGTGCTCACCGCCATCTCACCGCACTTCCCAACTTCAACCGCTAGCGCGGGCGAAGCTACTGGCCGAACCTCAGCGTGATGATGCCGTCCCGGTTGACGCCGGTCCCCGCCGGCGGGTTTTGATAGACGACCCGGTTGTGTTGGGAGCCACCGGCGTCGACGTCGGCCCCTTTGTCGAGCATCCCGGTCCAGCCCAGCGCGCGCAATCGTGGTTCGGCGTCGACCCAGAACATGCCGGATAGGTCGGGCATGACGAATTGGTTGCCCTTGGACACCTGTAGTTCGATGACTGAATCGACCGGAACTGTGGTGCCTGCGGGTGGATTGGTGCCGGTCACCTCGCCGGCGGGACGGGGGCTGTCCACCGAGGCCTGACTGAATTTGGTGAAGCCGTAGACGTTGAGGTTCTTCTGCGCCACGTCGACGGTCTGGCCCGCGACATCGGGAATGTCTTTGGTCGCCGGACCAGAGCCAACGATGATGATGACCACATTGGTGATGGCCGACGTCTGGTTGGCTGGCGGGTTGGTCCCGATGACCTTGCCCACCAGTTCCGGGGTGGACGGCGAATTCGCTTGCTTGAAGAGGCCGAATCCGGCGGCAGTCAGTTTCTTGACCGCTTCGGCGTATGTCAGCGTGGAGACGTCGGGTATTTCGCGTTGCTCGGGTCCGGTGGACACGTTGACTGTGATCTCGTCGCCTGCACTCACCGACGTGTTGGCGGCCGGGTCGGTGCCGATAACGTGGTCCGGTGGGATTGTCGAGTCCGGCTTCTGCAAGGTGCGGATTTTGAAGCCCCGGTTTTGCAGTGTGGCGATGGCGTCGGCGGAGGATTGACCCCGAACGTCGGGAACTTGAACGTCGCGGGTGATGCCGCCGAACGTGTTGATGGCGATGGTTACCACGACGGTCAGCACAGCGAGCACGGCGACCACCGCAACCCAACGGCCCACCGAACCGATGCTGCGGTCACGGTCGGTGTCGTCTAAGTCCTGGCGTGGTAGCGGATCGGTGCGCGGACCGCTAAGGTTGCCGGCCGCAGACGACAGCAGCGAGGTCCGCTCGGCATCGGTGAGCACTTTGGGCGCCTCGGGCGGCTCACCGTTGTGCACGCGGACCAGGTCGGCGCGCATCTCCGCCGCTGTCTGATAGCGGTTTTCCGGATTTTTGGCCAGCGCCTTGAGAACGACGGCGTCCAGGTCGGCGGAGAGGCCTTCGTGCCGCGCCGAAGGTGGGATCGGGTCTTCGCGCACATGTTGGTAGGCAACCGAGACGGGTGAGTCGCCGGTGAAAGGTGGCTCCCCGGTGAGGACTTCATAAAGAACACAGCCCAAGGAATAGACATCGGATCGGGCGTCGACGGAATCACCCCGGGCCTGTTCGGGTGACAGGTACTGCGCCGTGCCGATCACTGCTGCGGTCTGGGTCACGCTGTTGCCGCTGTCGGCAATGGCGCGGGCGATGCCGAAATCCATCACCTTTACTGCATTGGTCGCGCTGATCATGATGTTCGCCGGCTTGACGTCACGGTGGATGATTCCGTTCTGATGACTGAAGTTCAGCGCTTGGCAGGCGTCGGCGATGACCTCGATGGCGCGTTTGGGCGTCATCGGCCCTTCGGTGTGGACAATGTCGCGCAGGGTAACGCCGTCGACGTATTCCATGACGATGTAGGGCAATGGCCCGGCGGGCGTTTCGGCTTCACCGGTGTCGTAGACCGCGACGATTGCAGGGTGGTTCAATGCCGCGGCGTTTTGCGCCTCACGCCGGAAGCGAAGGTAAAAACTGGGATCGCGGGCTAGATCAGCGCGCAGCACCTTGACCGCAACGTCGCGGTGCAACCGGAGGTCGCGGGCCAGGTGGACCTCGGACATGCCCCCAAATCCAAGGATTTCGCCAAGTTCGTAGCGGTCGGACAGGTGGGAAGGGGTGGTCATTGCGCTATCTCGTATCGGGCCAGCGACGCGCGCGAATGCGGTGTCGGCGGGACAACCCAGCTTTGCAGTCCAGAATGACGTGTTTCCCCGCGTTCCGTCCAATTGAGTCGCGGGCTAGCATCAGTCCCGCCAGTGTTGCTGGCCGGAGGGTTCCCGGTGGTGGTCACGGTCGGCGTCGGTGCCGGCCGCGGGCTGTTGTCCCCGGGCGCTTTGATGACGAGCAGCACGGCGATGATGATTGCCAGCGCCCCCAGCACCCCCGCGGCCCAGAGCAGCGCACGCTGACCGGACGAAAACGTGCGCCGCGGCGGCCGGTGACCACCCGTGGCCGGGCGGGATCGACGGGATGCCGCAGTCCGGCCAGCAGAGTTGGCCGCGACCCTGGCTGTCGTACCCGACGGAATGGCCGCCGGGGCGGCCCGGCCAGG
NZ_CP041847.1_gap3	21883	23151	1268	CCCCGGATGATCACGATGGTGTAGAGCATCAGGATGGCCGTCAAGCCCACCAACCCAAGCTCTTCGCCGAACGCGGCGATGATGAAATCGGTGGATGCCGCGGGCACGGTGTCGGGTTGACCATTACCGAGCCCGGTGCCGAAGATACCGCCTGTAGCGAAGCTGAAAAGCGACTGCACGATCTGATATCCGGTGCCGTCTGGATCTGCGAACGGATCCAGCCAGGTCTGTACGCGGAGCCGGACGTGCTCAAAAATGAAGTACGCCACCAAGGTTCCTGCCGCGAACAGAGTCAGGCCGATGACGACCCAACTGAACCGCTGGGTGGCGAGGTAAACCACCACCAGAAACGATGTGTACAGCAGCAGCGAAGCGCCGAGGTCTTTCTCGAAGACCATCACACCCACCGAGATGACCCAGGCTGCCAACAGTGGCGCGAGGTCTCGCGGGCGCGGCAGGGTCATTCCGAGCAAATGTTTGCCGGCGCTGGTGAACAGGCCGCGTTTGGCCACCAGTACCGCCGAAAAGAAGATCAGCAGCAGAATCTTTGAAAATTCGGCGGGTTGAATCGAGAAGCCGGGCAACCGGATCCAGATCTTGGCGCCGTTCTGTTCGGACAGTGCTGCCGGGAGCAGCGCGGGAACTGCCAAGAAAACCAGACCCGCGAGCCCGCAAATGTAGCCGTAGCGTGCGAGCTGTCGGTGGTCCTTGAGGAAGGTCACCACGAGCGCGAAGGCAGCTACGCCCACCAGCGTCCACAGCATCTGCTGGTTTGCGCTGGGGTGCCGATGCTCGCCGATCTCGTTGTCCACCAGATCGAGGCGGTGGATCATTACCAGGCCAAGTCCGTTGAGCAGTGCCACCACCGGGAGCAACAGCGGGTCAGTGTAGGGGGCGAAGCGCCGGATGGCCAGATGCGCGGATCCGAACAGGGTCAGGAAGGCCAGTCCGTAGCTAGTCAAGTCCCAGGGCACCCCCTGGTCTTGATTGGCCTGCACGACCAGCAGTGCGGCAAACGTGATTACGGCGGCAAAGCACAGCAGCAGCAGTTCAGCGTTGCGCCGAGTCGGCAACGGGGGCGTTACGGCCACCGGCGCTTGCAGTCGTGTCGTCATGCCGCCGCCCGGCAGTCGATGCCCGGCTGAGGCGGGGGTGGCGGAAGTGCGGCCATCGTCGGCGAGCTGGTGACGGGCCAAGGCGTCGGCGGCGACGCGGGCGCTGCCGGGGAGGCACTCGTGGGGATGGCAGGAGTAGTTCCGGTGGGGGCC
NZ_CP041847.1_gap4	33841	35360	1519	CGCTGACCAGGCCTGTACGGATTGGCCGGTTGCCGCCGCCGAGGATGACGAAGCCCGACTGCAGCGCCTCCTGGCGTTCGTGGCTCGTCAGGAGCCACGGCTGAACTGGGCGGTCGGCGTTCACGCGGACGGCACGACGGTCCTGGTCACCGACGTCGCCCATGGTTGGATACCTCCGGGCATCGCCCTTCCCGAAGGCGTGCGATTGTTGGCACCGGCGCGACGCGCCGGCAGAGCCCCCGAGTTGGTCGGTATCACGACGTGTTGCAAGACGTACACCCCCGGTGACTCGCTGCGTCGGGCGGTCGATTCAACCGCGCCGACGTCCTCGGTGCAGCCGCGAGCGTTGCCAGCGATCGCCGGCCTGAGTGTGGAGCTGGGCATAGCGACCCAGCGGCACGACGGCTTACCGAAGATCGTGCACGCCATGGCCACGGCGGCCGGCAACGGCGCCGCCGCCGAGGAAGTCGACCTGTTGCGGGTGCACGTCGATACCGCGCTCCACCACGTCTTGGCCCAGTATCCCCGGGTCGATCCGGCGTTACTGCTCAACTGTATGTTGTTGGCCGCCACCGAGCGCAGCGTCACGGGAGACCCGATCGCGGCGAACTATCACTTCGCGTGGTTCCGGGAACTCGATTCACGCCGATAGCTTTCTCGAATCCCCACGGCAAGCGTCCGGCGATGAATTGACGCTGGTGGGGGGCGTGGACATACTGTCATGGTGTCGGGGTCGGACAGTCGCAGCGAACCGAGCCAGCTGAGCGACCGAGACCTCGTCGAATCGGTTCTTCGTGACTTGAGCGAGGCGGCCGACAAGTGGGAGGCGCTCGTCACGCAGGCTGAAACTGTTACCTACAGCGTGGACTTGGGAGACGTTCGCGCTGTTGCCAATTCGGACGGGCGGTTGCTCGAGCTGACGTTGCATCCGGGCGTGATGACCGGCTACGCGCACGGGGAGCTGGCCGACCGAGTGAACCTGGCGATTACGGCCCTGCGCGACGAGGTTGAGGCCGAGAACCGGGCACGGTACGGCGGCCGCCTGCAGTGACATCGGTATCTGCGAGGATCAAGCCCATTTGCTGGCAAGGCATTTCGGCGCGGGGCGCAAGGCCCACAGCCGGGCCGTGGCCACCCTGAAAGCCGATATCCAAGCCTGGCACCCGGCTGGCATCCAGACCCCGAAGCCGCGATGCGAATCAGATGTGTTCGCGCGAATCGGTCACACGAGCCACCCATCAACTCGGAAGAGCCGGGTGGGGCCGGGAGCATCCGAGGCACCGCTTGCCTGACATAACAGCGTAACCGCCCCGCCATTGTCGCTGTGATGGACATGCCCCAGCCATTTGTCGGCTAGCTATACAGCGAACGTCAATTTTTCGTGAATCAGCCTGAGGCTATTGATAATTCACGGCGGCACGTCCTACTCTTAGCGGCGCTATGCGACCCAATGCGCGTGCGATGTTGCGTTTGGTGCATTGTGGTGCCGGTGCTGGTGGGCCGGCGATAACGTCGAAAG
NZ_CP041847.1_gap5	122893	126377	3484	TAAGGTGGCTGCCGCAGTCACTCGGCGAGGACGAACTGCCCGACGGGCGCACGGTGGCCCAAGTGACGGTCGGTCAGGCCGAGTTCGCCGACCTTCTGGTGCTGACCCACCCGGAACCGGTCGCCGTGGCGGTTCTGCGCCGACTGGCCCCTCGAGCGCGAATCACCGGCGGCGTCGACCGCGTCGAGCTGGCGCTGGCGCATCTGGACGACAACTCACGGAGGGGTCGTACCGATACCCCGCACACGCCATTGCTGGCGGGCCTGCCTCCGTTGGCAGCCGACGGTGAGGTTGCGATCGTGGAATTCAGTGCCCGCCGCCCGTTTCACCCGCAACGTCTGCATGCCGCGGTTGACCTGCTGCTCGATGGCGTGGTTCGCACTCGAGGTCGGCTGTGGCTGGCCAACCGGCCGGATCAGGTCATGTGGCTCGAATCAGCCGGTGGCGGTCTGCGGGTCGCATCGGCCGGAAAGTGGTTGGCGGCGATGGCGGCCTCGGAGGTGGCCTATGTCGACCTGGAGCGGCGGTTGTTCGCCGACCTGATGTGGGTCTACCCGTTCGGAGACCGGCACACCGCGATGACGGTACTGGTATGCGGCGCCGATCCGACCGACATCGTCAATGCCCTGAACGCGGCGCTGCTCAGCGACGACGAAATGGCATCTCCGCAACGCTGGCAGTCCTACGTCGACCCTTTCGGCGACTGGCATGACGACCCGTGCCACGAAATGCCCGATGCGGCTGGGGAATTCTCGGCACACCGCAACTCAGGAGAATCTCGATGAAACCCCGGTATCCATCCCGACTACCAGCCCGTGGTACAGACGCCGACACTACGGCTCAGCGCGCGCTGGATGCTACCGAGGGCGTCGATAGGTTCTATCCACCCGCGTCAGAGTCTTCCGCGTCGTCAGGGCGTTCATCAGGTTGCACGACACCGACTGTGCTTGCCAACCACTTCGGTGCCAGCGCTGAGACTGCGGTGGCTCCTGCCGTGGCGCTGAAGACGCCCGTCCAGGCGACCGGTCCCAGCGGGGTACACCCGAAAAAGTGGCTGATAACCGGGGTTTGAATGATGCCGACCAACACCCCGGCGCTGCCCAGTGCGGTGGCAATGACGAGCGGACTGTGCCGGCGCGTCAGCAGTGTCTGCGCTAGCTGGGTCATCACGAGTGCAGTCAAACCCATTGTCGCCGTGCGTCGTTCGGTTCCGGGAGTCCAGCGCCCGATGGCCCAGGCTGCCGTTGCGCCGGCGGCGGTGACGACGCCGCGGTTAACGATCTGACGCAGCAATGGCGCGTCCAGCGAGGGCGTAGGCCCGATCAGCACCGCACGTCGATGTTCGCGCTGCGCTCGCTCGGCCGCGTCATCGGTTGGGTATTCGGCGTCGTCGGGTTCGGCAAACTGCGAGGTGACGGCCACCGCAAGCGCGGGAAACATGTCGGTGAGCAGATTCACCAGCAGCAGTTGACGAGTCCCCACCGGCGCCCGCCCGGCCCCGAACGCCGTCCCGATGACGGTGAACAGAACTTCGCCCACATTGCCGCCGACCAGAATCGTCACCGCGTCACGAACACCGGCCCACATGCTGCGGCCCTCGACCAGCGCGTCGAGCAGCACGCCCAGGTCATCGTCGGTCAGCACGATATCGGCGGCCCCACGGGCGGCAGAGGAACCGCGCCCGCTCACTCCGATGCCCACGTCGGCCATCCGGATGGCCGCGGCGTCGTTGGCGCCGTCGCCGACCATCGCGGTCACTCGCCCGCAGCGCTGCAGCGCCGCCACAATCTGAACCTTTTGTTCCGGGCTGACCCGAGCAAAGACTTGCATGTCGGCGGCGAGTTTGGCATGCGCCTCCTCGTCCAGGACGGCAAGTTCGGCACCGGTCACGACTCGCGCGTCCGCCGGTAGTCCCAGCTGGCGGGCGATCGCCCGGGCGGTGATCGGATGGTCGCCGGTGATCAGCACCACGTTGCGCTCGGCGTCCAGCAAGGCTTCGATCAACGGACGCGAGGAAGACCGGGCCGTATCCGCCAATCCGACATAGCCGATCAGCTCGAGATCGTGCGCGACGGCGTCGACAGCGTCGGCGTCGGTCTCGTCATCATGGGTGGTCCCGTTGTCCCAGGTGCGCTGCGCGACTGCCAGAACACGCAGGCCCTGCTCGGCGAGGTGGCGTACCACGGATTCGGCATGTTCGTGGTCGACGCCCGGGTCGGCGAGTCGGCAGCGCGGCAGGATCGTCTCCGGAGCGCCCTTGAGCATCAACATCGGTATCCCGTCGGTGCCCACTCTGCCGATCGCGGCGGCGTAGCCGCGACTGGACTCAAACGGTACTTCGGCCAGCACCACCCACTCCGAATCGCCTTGGCTACTAAGCGAACCGGCCAGCGCACTAGCCGCCGCGAGGATCGCCTCATCGGTGGCGTGCGCGTGCCCTTCCCCGTTATGGGGCTGCGTGGACGCGCGCGCGGCGGCCCGCAGCACCTCGGCGGAGGGCGCATCGGTGGTCTGCGGCAACGGATCCCGTTCGGCTGCGGTGCTGCTCGGTAGCGCGCATACCACCCGCAGGCGGTTCTCGGTGAGTGTGCCGGTCTTGTCGAAACATATGGTGTCGACACGGCCCAGCGCCTCGATGGTGCGAGGCGAGCGCACCAGCGCCCCACGTGCCGTCAGGCGCTGGGCGGCGGCAAGCTGGGAGAGGGTGGCCACCAACGGTAGACCCTCCGGGACCGCGGCCACCGCGATGGCGACGCCGTCGGCCACCGCTTGCCGCAGCGACGCCCGGCGCAGCAACGCCAGAGCTGTCACCGCGGCGCCGCCGGCCAACGTCATGGGCAGCACTTTGCTGGTCAGCTCGCGCAGCCGGGCCTGGACTCCGGCCGCCGTTTCGACATCGGCGACCGCCGAGATCGCGCGATGTGCGGCGGTGCCGACTCCGGTGGCTACCACGATCGCGCGGGCGTGTCCGGCGACGATGGTGCTGCCCTCAAACAGCATGCTGGCCCGGTCGGGGTCGTTGACGGCGACGGGGTCCACCTGCTTGTCCACCGGTAGCGACTCGCCGGTAAGAAAGGACTCGTCGACCTCGAGGTCTTCGGCCACCAGCAGGCGCGCATCCGCCGGGACCACCTCCGGCGCGGCCAGGTCGATGACATCGCCGACTCGCAGCGACTTCGCCGACACCGTGGCCGTCCGGGTGGCGTGCCGGGCCGCCTCCAGTCGACGTCGGGTAGTCGCTACCGCCGGCACCACCACCCGGCGCACCAGCTGGTCCTGCTCGGCGAATAGCTCGGCGGCCGCCGCCTCGGCTCGCAATCGTTGTACCCCACCGGTGATCGCGTTGACCGTCATCACGCCCGCTACCAGTAGCGCGTCGATATTGCTGCCGACAATCGCCGATGCTGCGGCGCCCACCGCCAGGATCGGAGTCAGCGGATCGGCCAGTTCATGGCGGGTGGCCACCGCCAGCTGCGCCAAGGTT
NZ_CP041847.1_gap6	137052	138294	1242	TGGCCTGGGAAATCGAACGGGTTGATCTCGGCATGGCCGGTGGTTGGCAAGACCACTACGCCGCGGCTTTCGGCGGCTTCAACTTCATGGAGTCCCGCCCCAACGGAGAAGTCGTGGTGAATCCGCTTCGGATACGGCGGGAGGTGATCGCCGAACTGGAAGCTTCCCTTCTTCTGTACTTCGGCGGCGTCTCCAGGCTGTCGTCGGAAGTCATCGCCGATCAACAACGCAATGTCGTCGAGCGAGACGCGGACGCGCTTGCGGCCACTCACTCGATCTGCGCCGAGGCACTCGAAATGAAGGATCTTCTCGTGGTGGGTGACATACCCGGCTTCGCCGATTCACTGCTTCGCGTCTGGCAAGCGAAAAAGCGGACGTCAACCCGAATCTCGAACCCCGCAATCGAGCACGCTTACCAGGTCGCGCAGTCCAGCGGCATGGTCGCCGGGAAAGTCTCGGGTGCCGGTGGGGGTGGCTTCCTCATGATGATCGTGGACCCGCGTCGCCGTATCGAAGTCGCACGCAGCCTCGAACGAGAGTGCGGAGGATCGGTGGCTCCTTGCCTGTTTACCAAAGGCGGAGCGGTGACCTGGCATATCCCAGAGTCCACGGCACCCGTAAGGCGTGGAGTTGCTGATGCCGTGGCTTCAGCGCTCGGAAACGCTGGAATCTTGCTGTGTGCTGGCTGTGTCCTTGCGACGAGCCACTCGACTTGGCGCGTACCGGTTTGACGATCGGGGAGCCCAGTGCAAGCATGAGACCCCGCAAGCACCGGGCGCTGACGCCTCTTCGTGAGGTGACTGAGACGACACCTCCGTGTGTCCTGGCCGTGAGGAGGTGAGGGCGAGATGAGTCCGAGCGACAGTCCCGATCCGACATTCGTCTTGTCCCGATCTGGCTCCGGCATTCTTTCTGCCTTCTGAGCTTTCGCGAGTTACTGCGCATGTCCGATGTGGCGCAGTTGTGGCGTTCTGAATGACGCACGCTGATCGGGCTTCCTGCAGGAGAAGAACATGACCACGATGATCATGACTTTTGTTGTTCCACAACGTGTTACCCGTGCGACGAAAGGGCGGGCACGGTCGCTGCTGCGGGTGAGTCGGCGTCTGACGGACACGTTTCGCGCACCGCTCGCCTGGACCCCGCAGGAGCGGGCCGACCGGTATGTGGCACGTATGCCGATCGCGGTGATTGCGGACTGAGCGGGCGTCGGCGCGTGGCGCGGTTACCCGTTGGACCGGC
NZ_CP041847.1_gap7	179843	183043	3200	CCATTGCGCGTTGGGAATTGGCGATACTCGTCGGTCATGTAGCGGGTGGCCGCGTCATTTATCGACTGGCTGGATTCGCCGGACTCGCCGTTGGACCCGTCATTGGTTAGCAGCCTCTTGAATGCGGTTTCGTGCGGCGCTGAGTCGTCGGCGTCATCATCGGCGAGGTCGGGGAACGGCAGCAGGTGGACGTCGATGCCGTCCGGAACCCGTCCTGGACCGCGGCGGGCAACCTCCCGGGACGACCGCAGGTCGGCAACGTCGGTGATCCCCAGCCGGCGCAGCGTTGCCCGGCCGGCGTCGTCGAGGCGGCTCAGCTCGCTGGACCGGAACAGCCGCCCCGGCCGCAATGCGGTTGCGGTGTCGGCGACGTCACGAAAGTTCCACGCGCCCGGCAGTTCACGGACAGCCATCTCAGGTGACCGCCGCAGCGAAGGTGGACTTCTCCCTCGACAGCTCGGCGCGGGCGATGGAGCGCAGGTGCACCTCGTCGGGACCGTCGAAGATGCGCATGGCGCGGTGCCAGCCGTACAACCGGGCCAGCGGGGTGTCGTCGCTGACGCCGGCGGCCCCGTGGACCTGGATTGCGCGGTCGATGACATCGCAGGCCACCCGCGGGGCCACCGCCTTGATCATGGCGACCAGGTGGCGCGCCTCTTTGTTGCCATGTTGGTCGATTGTCCACGCCGCCTTTTCGCACAGCAGCCTTGCCTGGTCGATTTCGTTGCGGGACTGAGCAATCGCCTGTTGCACGACGCCCTGTTCGGCTAGCGGACGGCCGAACGCCACCCGGTTGCGGACGCGATTCACCATGAGTGCCAAGGCGCGTTCGGCCGCGCCCAGCGCACGCATGCAGTGGTGGATACGGCCCGGCCCCAGCCGGGCCTGGGCTATGGCGAATCCGCTGCCCTCTTCGCCGAGCAGGTTGGTGGCCGGGACCCGGACGTTGTGGTAGTCGATCTCGCAGTGGCCGTGCCGGTCCTGCCAGCCGAACACCGGTGTGGAGCGAACGATCGTCACGCCGGGGGTGTCGATCGGGACGAGGACCATCGACTGCTGTTGGTGGGCGGCTGCGTCCGGGTTGGTGCGGCCCATCACGATGAGGATCTTGCACCGCGGGTCCGCCGCTCCCGACGTCCACCACTTACGGCCGTTGATGACGTAGTCGGCACCGTCCCGGGAGATGGTGGTTTCGATGTTGCGGGCGTCGCTGCTGGCCACCGCCGGCTCGGTCATCGAGAAGGCGCTGCGAATCTTGCCGTCGAGCAGCGGCCGCAGCCATTGCGCCCGTTGCTGCTCGGTGCCGAACATGTGCAGGATCTCCATGTTGCCGGTGTCCGGTGCGGCGCAGTTGAGTGCCTCGGGCGCGATTTCCATGCTCCATCCGGTCATTTCGGCCAGCGGCGCGTACTCCAGGTTGGTCAATCCCGACTCGGCCGACAGGAATAGGTTCCACAGGCCGCGGTCTTTGGCCTTGGTTTTCAGTTCCTCGATGATCGGCGGCGCGGTGTGGTCGGCGGGTCCGGCCGCGCGGCGATAGTCGTCGTAATCGGCCTCAGCGCCGAAGACGTGCTCGGTCATGAAGTCGGACAACCGCGTGCGGTAGTCGATGGCCTTGGCCGACATCGCGAAGTCCATTCCGCCACGATATCTACCGGCGCTAGCAGACGCATAAGTCCCTCGACACGCCGACGAGAAGGGGGTTTTGCGTCTGCTCGCCGTCGTTTCGTGCCACCGTTCAACTGACCCGCAAGTGGCAGCGCGAGCTCGACTATTCGCTACGCAAGAGTTTGTGGAGCTTCCACGACAACCGCATTGCGATGCGGTTCCAGTACGAATCCCGTGACCGCAACGGCCAGTGGTATCGCAGCTACGGCACCGAACTGTGGCGAAGCCAGCATCAACGACGTGCCGATCGCCGAATCCGAGCGTCGCTACCTCGGTGCGCGCTCGGCATCCGAGTATGGCCAGGAAATACCGCTCTGGTAGCCCGGTAGGGTGTCTGAGCAAATCTATCGGCGTTCAGTAAGGAAAGTGGATGTACGCGCCATGACAGATCCGCAGACGCAGAGCACCAGGGTCGGGGTGGTTGCCGAGTCGGGGCCCGACGAACGACGGGTCGCGCTGGTTCCCAAGGCGGTCGCGTCGCTGGTGAACCGTGGTGTGGCGGTCGTGGTCGAGGCCGGTGCGGGCGAGCGCGCGCTGCTTCCCGATGAGCTCTACACCGCTGTCGGTGCCAGCATCGGGGATGCTTGGGCCGCCGACGTCGTTGTCAAGGTCGCGCCGCCGACGGCGGCGGAGGTCGGCCGGTTGCGCGGTGGGCAGACACTGATCGGCTTTCTAGCGCCCCGTAATGCTGACAACTCGATCGGCGCGCTGACCCAGGCCGGGGTGCAGGCGTTCGCGCTCGAGGCCATCCCGCGCATCTCGCGGGCGCAGGTGATGGACGCGCTGTCGTCGCAAGCCAACGTGTCTGGGTATAAGGCTGTGCTGCTCGCGGCCTCGGAATCGACCCGGTTCTTTCCGATGCTGACGACGGCGGCCGGAACGGTGAAGCCGGCCACGGTGCTGGTGCTCGGCGTCGGCGTGGCCGGCCTGCAGGCGCTGGCGACGGCCAAACGGCTAGGCGCGCGCACCACGGGCTACGATGTGCGTCCCGAGGTGGCCGACCAGGTCCGATCGGTGGGCGCTCAATGGCTTGATTTGGGCATCTCAGCGTCCGGTGAGGGCGGTTACGCCCGCGAACTGACCGACGACGAGCGCGCCCAGCAGCAAAAGGCATTGGAAGAAGCGATCAGTGGCTTCGACGTGGTGATCACCACCGCGCTGGTGCCGGGCCGCCCGGCGCCAACGTTGGTGACCGCCGCTGCAGTGGAAGCGATGAAGCCTGGCAGCGTGGTGGTGGATCTCGCCGGCGAGACGGGCGGCAACTGCGAATTGACCGAGCCCGGCCGGACAGTCGTCAAGCACGACGTCACCATTGCCGCACCGCTGAACCTGCCGGCCACGATGCCCGAGCACGCCAGCGAGCTCTACAGCAAGAACATCACCGCGCTACTCGACTTGTTGATCAAAGACGGCAGGCTGGCCCCGGACTTCGACGACGAGGTGATTGCCCAGTCGTGTGTCACCCGCGGGAAGGACTCCTAGATGTACAACGAATTGTTGGAGAACCTGGCGATCCTGGTGCTGTCCGGATT
NZ_CP041847.1_gap8	211872	216482	4610	CCAACCGCACCGATTCCCGGTTCCCGACGATCGTTGAGGGATCAGCAGGGTCGTCCGTCACGTCCGGCAGCGGCTCCAGCCAGGACACCTCTCGACGTTCCACCAACTCCCCGGACGGATCGGCACTCGGCCGCCCGAGCCCCGTCGGCAACGGCCGGCGTCGACGGCCCTCCAACGCCGTCAGGCAGGTGTTGGTGGCGATCCGATGCAGCCAGGTGCGTAGCGAGGACTTGCCCGCGAAGCCCTCATAGGCCTTCCAGGCCCGCAGCAGCGTCTCCTGAACAAGGTCTTCCGCGTCGTGCAGCGAGCCAGTCATGCGATAGCAGTGTGCGAGCAGTTCACGCCGGTAGGGCTCGGTGTGGGCGGAGAAGTCCCCGCGCCGTTCGTCGGCGGGCTCGCGGCCAGAGTTTTCTGCGAGCACACTCACGTCAATGAGCCTACGCAGAGTCTCCGACACTCTCACCGGAGCAGCCGTTACGCTCCCGGTAATGACTACCACCCGGACTGAACGGAATTTCGCGGGCATCGGCGATGTGCGCATCGTCTACGACGTCTGGACGCCGGACACCGCGCCGCAAGCGGTGGTCGTGCTGGCCCATGGTCTGGGCGAGCATGCCCGCCGCTACGACCATGTCGCGCAGCGGCTCGGCGCGGCCGGCCTGGTCACCTATGCGCTTGACCACCGCGGGCATGGCCGCTCGGGTGGCAAACGGGTGCTAGTGAGAGACATCTCCGAGTACACCGCTGACTTCGACACCCTCGTTGGGATCGCCACCCGGGAATATCCCGGGTGCAAGCGCATCGTGCTCGGGCACAGCATGGGCGGCGGCATTGTGTTCGCTTACGGTGTCGAACGTCCAGACAACTACGACCTGATGGTGCTTTCGGCGCCGGCGGTGGCGGCACAGGACCTGGTGAGCCCGGTAGTGGCGGTTGCCGCCAAGCTTCTGGGCGTCGTGGTGCCCGGCCTGCCGGTGCAGGAACTGGATTTTACTGCCATCTCTCGCGACCCTGAGGTGGTCCAGGCTTACAACACCGACCCACTCGTGCACCACGGACGGGTTCCGGCCGGGATTGGCCGCGCGCTGCTGCAGGTGGGCGAGACCATGCCGCGGCGAGCACCGGCATTGACCGCGCCGCTGCTAGTGCTGCACGGCACCGATGACCGGCTGATCCCCATCGAGGGCAGCCGTCGCCTGGTCGAATGTGTGGGATCGGCCGACGTGCAGCTGAAGGAGTATCCCGGGCTGTACCACGAGGTGTTCAACGAGCCGGAGCGCAACCAGGTGCTCGACGATGTGGTCGCCTGGCTCACCGAGCGGTTGTAGGCCGAGCCGACCTGTCGCAGCCCTCCACTAGTTTTGGCGCCATGACCAACGACAAGATGCTGGCCCGCATCGCAGCCCTGCTGCGCCAGGCCGAAGGCACCGACAACCCGCACGAGGCCGACGCGTTCATGAGCACCGCACAACGGTTGGCCACGGCGGCATCCATCGACCTGGCGGTGGCCCGGTCGCACGCGGGCAACCGTTCACCCGCGCAGGCCCCGACACAGCGCACCATCACCATCGGGGCGGCGGGCACCCGCGGATTGCGGACCTATGTGCAGCTCTTCGTGCTCATCGCGGCGGCCAACGACGTGCGCTGCGACGTGGCATCGAATTCGACGTTCGTGTACGCCTACGGGTTCGCCGAGGACATCGACACCAGCCACGCCCTATACGCCAGCCTGGTGGTCCAGATGGTCCGGGCATCCGACGCCTACCTCGCCTCGGGAGCGCACCGGCCCACGCCGACGATCACCGCCCGACTCAACTTCCAGCTGGCGTTCGGCGCCCGGGTCGGCCAGCGCTTGGCCGATGCCCGAGAGCAGACTCGGCAGGAAGCCACCAAGGACCGTGATCGTCCGCCTGGTACCGCAATTGCCCTGCGGGACAAGGACATCGAGCTGCATGAGTACTACCGTCGTTCCTCTAAGGCGCGCGGCGCCTGGCGAGCCAGCCGGGCCACCGCGGGATACTCGTCGGCGGCACGGCGCGCCGGTGATCGAGCGGGACGGCAAGCACGACTCGGGAACAACCCCGAGCTGCCCGGGGCACGGGCCGCGCTGGGCCGGTGATCGGCGCGGACGTTCCGCGGGATTCCCAGCGTGCCAGGGTGTACGCGGCCGAGGCGTTCGTCCGGACCTTGTTCGACCGCGTCACCGCACACGGCTCACCGACGGTGGAGTTCTTCGGTACCCAGTTGACGCTGCCCCCAGAAGGTCGGTTCGGTTCGGTGGCATCGGTGCAGCGTTATGTGGACGACGTGCTTGCGCTACCGGCGGTAGGGCAGAACTGGCCGACGGTGTCGCCGGTGCGCGTGCGGGCGCGCCGGGTGGCCACCGCGGCGCACTATGAAAACCATGGCGGCACAGGCACTATTGCGGTACCCGACCGGCACACCGCCGGTTGGGCGATGCGCGAGTTGGTCGTGCTACACGAAGTGGCGCATCATTTGTGCCAGGTGCCACCGCCACACGGACCCGAGTTTGTGGCGACGGTGTGCACCCTGACAGAGCTGGTGATGGGACCCGAAGTTGGTCACGTGTTTCGCGTCGTCTACGCGCAGGAGGGCGTGCGCTGAACGAGCTAGACGCCGACCTGCGGGCACGTGAGGTCGAGGCCCAGATGACCGACGACGAGCGATTCTCACTGTTGGTCGGCCTGACCGGGGCCAGCGATCTGTGGCCGGTGCGCGATGAACGCATCCCACAGGGCGTGCCGATGTGTGCCGGGTATGTGCCGGGGATTCCCCGGCTCGGGGTCCCGGCCTTGTTGATGAGCGATGCCGGTCTGGGCGTCACCAACCCTGGCTACCGCCCCGGTGACACCGCTACGGCGCTGCCCGCCGGCCTTGCCCTAGCGGCCAGCTTTAACCCGGTGCTGGCCCGGTCCTCGGGCAAAGCGATCGGCCGGGAGGCGCGCAGTCGCGGGTTCAACGTGCAACTGGCCGGCGCAATCAATCTGGCGCGCGACCCGCGTAACGGCCGCAACTTCGAGTACCTTTCCGAGGACCCGTTGTTGAGTGCCACGATGGCCGCGGAGTCGATCATCGGGATTCAGCAGCAGGGTGTCATTGCGACGACGAAACACTTCTCGCTGAACTGCAACGAAACCAATCGGCACTGGCTGGACGCGGTCATCGATCCCGACGCGCACCGCGAGTCGGACTTGTTGGCGTTCGAGATCGTCATCGAGCGGTCGCAGCCCGGCGCCGTGATGGCGGCGTACAACAAGGTCAACGGAGATTACGCTGCCGGCAACGACCACTTGCTCAACGACGTGCTGAAAGGTGCTTGGGGATACCGCGGTTGGGTGATGTCGGATTGGGGCGGAACACCCAGCTGGGAGTGCGCGCTGGCCGGCCTGGACCAAGAGTGCGGTGCGCAGATCGATGCAGTGCTGTGGCAGTCGGAAGCATTCACCGACCGCCTGCGTGCCGCCTACGCCGACGGCAATCTACCCAAGGGGCGCCTGTCGGACATGGTACGGCGGATCCTGCGGTCGATGTTTGCCGTCGGAATCGACCGATGGAAACCAGCGCCGGCGCCGGACATGAACGCGCACAACGAGATTGCCGCACAGATGGCGCGGCAAGGAATCGTGCTGCTGCAAAACCGAGGGCTGCTGCCGCTCGCTCCCGAATCGGCCGGGCGTATTGCCGTCATCGGCGGCTATGCACACCTCGGTGTGCCAGCCGGTTACGGTTCGAGCGCCGTCACCCCGCCGGGGGGCTATGCGGGCGTGATACCGATCGGTGGGTCTGGCTTGGCAGCCGGGTTGCGTAATCTCTACCTGCTGCCGTCAAGCCCGCTGAGTGAGTTGCGAAAGCGGTTGCCCAACGCGCAGTTCGAGTTCGATCCTGGCATCAACCCGGCGGAGGCGGTGCTGGCTGCGCGGCGAGCAGACATCGCGATCGTGTTCGCGATCCGTGCCGAAGGAGAGGGCTTCGACAGCGCCGATCTGTCGCTGCCATGGGGTCAGGATGCGCTGATCGCCGCAGTCGCGTCCGCCAACGCGAATACCGTTGTGGTGCTTGAGACGGGCAACCCGGTGACCATGCCCTGGCGCGACTCGGTGAACGCCATCATGCAGGCCTGGTATCCGGGCCAGGCGGGTGGCCAGGCCGTTGCGGAGATTGTGACCGGGCAGGTGAATCCTTCGGGCCGGCTGCCGATCACCTTCCCGGTCGATCTCGGTCAGACGCCACGCTCGCAACCGCCCGAGCTCGGTGCCCCGTGGGGGACATCGACCACGATCCACTACACCGAGGGCGCCGATGTTGGTTACCGCTGGTTTGCCAGCACAAATCAGACCCCGATGTTCGCGTTCGGTCACGGCTTGTCCTATACCAGTTTCGAGTATCGTGACCTGGTGGTGACGGGCGGCCACACCGTGCACGCCAGTTTCAGCGTTACCAACACGGGCGACCGCAGCGGGGCGGATGTCCCGCAGCTGTATATGATCGCAGCTCCCGGCGAATCGCGGTTGCGGTTGCTGGGATTCGAGCGGGTCGAGCTCGAACCCGGCCAGACTCGGCGGGTAAGGATCGAGGCGGACCCGCGACTG
NZ_CP041847.1_gap9	302695	306473	3778	TCATTTACTACATCCGCACGGCCGACCGGCTGCAGCGAACCGCGCCATGGGTGGAATCGCTTGGGCTGGACCATTTGCGCGAGGTGGTCTGCGAGGACTCGCTGGGTCTGGCCGAGGAATTCGAGGCCGCGATGCAACGCCATGTCGCCAACTACAAGTGCGAGTGGAAGGGCGTGCTGGAGGACCCGGACAAGCTGTCCCGGTTCGTTTCCTTCGTCAACGCCCCCGATGCCGTCGACTCGACGGTGACCTTCACCGAGCGTGCCGGGCGCAAAGTACCTGTGTCCATTGGTATCCCGCGGGTCCGATCATGAAGTCCGGGAGGACAAAGGAGGGACTGTGACGCTTCTCAACGACATTCAGGTATGGACCACCGCCTGCGCATACGACCATCTCATTCCGGGACGTGGTGTCGGGGTGTTACTCGATGACGGTAGTCAGGTGGCACTGTTCCGGCTCGACGACGGCTCGGTGCACGCGGTCGGTAACGTCGACCCGTTCTCCGGTGCTGCGGTGATGTCCCGCGGCATCGTCGGTGATCGCGGAGGTCGCGCCATGGTGCAATCGCCGATCCTGAAGCAGGCTTTCGCGCTCGACGATGGCTCGTGCCTCGACGATCCGCGCGTTTCGGTGCCGGTGTATCCGGCGCGCGTCACACCCGAAGGCCGCATTCAGGTCGCGCGGGTAGCGGTCTAGCTCACCCCGCGAACCTCACAGCTTGAGCACACGTCCGGCGATGACCAGATGTACCTCATCGCAGACGGCTGCCACGCGTCGGTTGATTGTGCCCAGTAGATCGCGAAACAGCACGCCCGAAGAATGGGATGGCACCACCCCGAGGCCGACCTCGTTCGTCACCACGATCGCAGTGGGCAATCCGGTCAGCGCGGCGCACAACCCGTCGAGCCGTGCCTCGAGGACGGCGTAGACGTCCGCGGTCGCAGCAGACCACAACGCCTCGCCATCCATGATGGCCGTCAGCCAGGTGCCCAAGCAGTCCACGAGCACGGGACTTCGTGCCTCGGACAAAGCCGTCGCGACGTCGGCCGTTTCCACCGTTAGCCAGGTCGGTGGGCGGCGAGCGCGATGCAGTGCGACCCGGGCGTCCCAATCGGGATCGCTGCCAGCGGCCGGGCGGCCAGGCGCGACGTAGACGACGTCGGCCGCATCGCCCAACAACGCTTCGGCGTGCGTGGACTTTCCCGAGCGGACGCCGCCAGTGACCAGTATCCGCACCGGGTCATCGTAGGTGGGGCGGCCTCATGGCGCGCCCGGAGCGAGAAAGGGCAAGGTCGGCGGGCAACCATGGCGGGCCAGGTTGAGCAGCGCATCGACGTCGAGGTGTCGTTCGACGAGATCGCCGAGCAGGTCGAGGCGGCGCTCGCGTGCGGCCAGGAAGCATGAGCCCGACGGGGCGAGGCCGAGCGTCTCTCGCAGGAAGGCCTCGCGCAGGGCGTCGCCTTCCAACGAGCCGTGCCACATGGTGCCGAACACCGGTCCGTCGCGCGCGCCGCCGAGGAACTCCTCGGCGGTGTCACCGCGGGTGATCCGGCCGTGGTGAATCTCGTACCCCGACGCGGGCACACCGAGTCCTTCGCCGCGCGGTAGCCGCAGCACCTTGTGGGGGGAAAATGCGGTCTCCACGTCGAGCAAACCCAAGCCCTCGACCTCGGTCACCTGCCCTCCCGGACCTTCGATGCCGTACGGGTCGCGAATCACCCGGCCCAGCATCTGGAACCCGCCACAAATGCCGAGCAGCGGCTTGCCCGCCGCAACATGCACCAGCAGCGCACGATCTAGGTCTCGCGCCCTCAGCCAGGCTAGATCGGCGATCGTTGCCCGGGTGCCCGGCAACACGATCAGATCGGCATCGTCCAGCGCGCGGGGGTCGGAAGCGAACACGACATCCAAGTCGGGCTCAAGACCCAATGCGTCGACATCGGTGAAGTTGCTGATTCGTGGCAGGCGCACGACGGCTACCCGGCGGGCCCCGGTGCCCGCCGCGCGCCGGCCCTGTAGGTCGAGGGCATCTTCGGAGTCCAGCCAGAGGTCGGGGTGCCACGGCAGGGTGCCGTACACCCTGCGCCCGGTGACCCGTTCCAGGTCGCGCAGACCTGGCGCCAGCAGGTCGGAGTCGCCCCGAAACTTATTGACCACAAACCCCGCGACCAGCGCCTGGTCCTCGGCAGCCAGCAACGCGACGGTGCCCAGGAACGCAGCGAACACCCCGCCGCGGTCGATGTCACCGACGACGATGGTCGGCAGTCCCGCATGACGGGCAAGCCCCATGTTGACGTAGTCACCTGCGCGCAGGTTGATTTCGGCCGGGCTGCCGGCGCCCTCCGCGACAACGACGTCGTAGCGGGCGGCGAGGGCGTCGAAGGCGCGGCATGCGGCCTCGGCGAGCGCTCGCCGCCCCGCACACCAGCTTGACGACGCCACCTCGCCCCAGGGCTTGCCCATCAACACCACGTGGCTGCGGTGATCACTGGCCGGCTTGAGCAAGACCGGGTTCATCGCCGCCTCGGGCGTGGTCCTAGCCGCGAGTGCCTGCACCCATTGCGCCCGACCGATCTCCACGCCCGTGCCGTCGGGGCCTCGGCAGACCATCGAGTTGTTGGACATGTTCTGCGCCTTAAACGGCGCCACCCGCACACCGCGTCGGGCCAACGCGCGGCACAGCCCCGCGGTCACGGCGCTCTTACCGGCGTCGCTTGTCGTACCCGCGACCAGCAGACCCGACATCCGTCTCCCGAAGGTTTCTCACTCCACCCGGGTCGCTGAGTCGGTGTCCCAGGTTCCGGGCATCATTGGCGTGCGTGGGCTGCCGCCGAACGCGTCGTTGGGTAACGTGATCAGTCCTGCGACTTGTCCGGGACTGGCCTTGTGGGTTGTTCCGGCGAAACCCAGGGTTCCCGCTCCTTGAGGCGAACCCGTCGGGTCGTGGCCGGTTTCGGGGTCTAAATCCAGGTATTCGTAACCGCGGCCGAGCTGTTTGATCTTTGGCCGCCGACGCCGCTGCGGTTGAACCTGTTCCTCGGGCGCCGCCGCGGCCGCTGGGGCCTCGGCGCTGTCGGGTTCCGGCGTCTTCTTTCGAACGCCGGTGCCGACGGCCTTCCTGGCCTGCGCCGCCGAGTTCAGGTCACCCACCAGGTACCCGAAGCTTTGTATGCCGGCTCCGGTCACCGGCGGCGGGGCGGTCACCGGCGGCGGTGGCGGCCCGGGCGGGGGCGTCGGCGCGGTCACGGCCGTGGGGGCCGGGGCTGGGGCTGGAGTTGGGGTGGGGGTCGGGATACTCGGGGCAATCGCCGCGACCGGCGGGATGACGGGCGGCGCGGATGGCGGGATGCCAACCAGGCCCGCCAGCCCAGACAAGCCCGCGAAGCCGCCTGCTGCACTCGCAGGGGCAAGGGTCAACGGCGCCAGCGGGGCGGCTAGCAGGGGCAGCGCCGCCGGGAGCAACGCAAGAGTTTGCTCGAGCAGCGTTTTAACCAGCGCGATGGTATCGGTGATGATCGTGCCAATGGCTTCGACCGTGGTGAACATCAGGGTAAAAGCGATAGTTGCGGGATTGCCCGACGCGAACGCCGCCGCCAGATCCGCCCCGATGAATGCGAAGGTTTGCGACAGGAAGGCGACATAAGATCCGATGTCCATGGGGTAGCCAAGGGCGAACGCAATGTTGGCCGGGCTTAGGAAGGTTAGCGGATTACCCAGCGAGGGCAGCCACGGATCAAATCCGGAAAACATCGCTTGCAAAAAGGGGAGGTTGGTCAGC
NZ_CP041847.1_gap10	316331	317396	1065	CCGGTGTTGAACACCGGGGTGATCACTGTGATGTCCGGCAGGTGGGTGCCGCCGTGGTACGGGTCGTTGACGGCGTATACGTCACCGGGCTTCATGCCGCTCAAGCGCCGGCGGATCACTTCCTTGACGGTGGTGCCCATCGAGCCGAGGTGCACCGGAATGTGCGGGGCGTTGGCGACCAGGTTGCCGTCCGGATCGAACAGCGCGCAGGAGAAGTCCAGCCGCTCCCGGATGTTCACCGACTGGGCGGTGGCTTCCAGCCGGAAGCCCATCTGCTCGGCGATCGACATGAACAGGTTGTTGAAGATCTCCAACAGCACCGGGTCGGCCTCGAAACCGGCCTCGAAACCGGCCCGAGTGGCCGCATCGGGCCGCGGCGGGGTGACCACTCGTTGCGCGAGCAGGTGCCCGGTCTCCGTCATCGTCGCCTGCCAGCCGTCGTCGACGACGGTGGTGGCGTTGGCCTCGGCGATGATCGCCGGACCGGTCAGCACGTCGCCCGGCCGCATCGCCTCCCTACGCCGCAGCGGTGCGTCGCGCCACAATCCGTTCGAATAGATCCGCACGGTTTCCGACGAGCCGGTGGTGTCGTTGGCCTGATCGCCCAGCTGGGACAGGTCGGGCTGGTCGGTGAGCCCGGTCGCCTCGACCGAGATCGCTTCGGCGATCAGCGGACGATCCAGCAGGAACGTGTACAGCGCGCGGTGGCTGCTTTCAAACGCCGTGGCCATGGTCTCGATCTCGGCCAGTTGCACGGGGATCGCGGTATCGGTTCCCTCATAGCGCAGGTGCACCCGGCGAACCACCCGGATGCGCTCACCCGGGACGCCCTCGTCCAGCAACTCGGCGCGGGCGGCTCGTTCGAGGGATTCCGCAACGCTGGCCAAACGCTGTGGCGCGGCGGGTCCGAGCGGGATCTCCACCGATTGTTCGCGCATTGCGGTGGTGTCGGCCAGGCCGATCCCCAGCGCGGAAAGCACGCCGGCCATTGGTGGGATCAGCACCGTGCGGATGCCGAGGGCGTCGGCCACCGCACATGCGTGCTGACCGCCGGCGCCGCCGAAC
NZ_CP041847.1_gap11	342349	343102	753	GGCCCGCTGGAGGACACCGGCGCACGCGCGGCCGCGCTCGGGCCCGGGCAGGCGGTGCTGGTCGACAGCGGCGCCGGCACCTGGCTGTTGTGGGACGGCAAGCGCAGCCCGATTGATCTGGCCGATCATGCGGTCACCAGCGGCCTCGGCCTGGGCGCCGACGTGCCCGCGCCGCGGATCATCGCCTCGGGGCTGTTCAACGCGATACCCGAAGCACCGCCACTGACGGCGCCGATCATCCCGGATGCCGGCAACCCGGCGAGCTTCGGTGTGCCGGCGCCGATCGGCGCGGTGGTGAGTTCCTACGCCCTGAAAGACTCGGGCAAGACCATATCGGACACCGTGCAGTACTACGCGGTGCTGCCGGACGGTTTGCAGCAGATTTCGCCGGTATTGGCGGCAATCCTGCGCAACAACAACTCCTATGGTCTGCAGCAGCCGCCTCGGCTGGGGGCCGACGAGGTCGCCAAGCTGCCGGTGTCGCGGGTGTTGGACACCAGGCGCTATCCCAGCGAGCCGGTAAGTCTCGTCGACGTTACCCGTGACCCCGTCACCTGCGCGTACTGGAGCAAGCCGGTGGGTGCGGCCACCAGCTCGTTGACTCTGTTGGCAGGCTCGGCGCTGCCGGTGCCAGATGCGGTGCACACCGTCGAGCTGGTCGGCGCCGGCAACGGTGGTGTGGCAACCCGAGTGGCGTTAGCGGCCGGTACTGGCTACTTCACCCAGACGGTGGGCGGCGGCCCAGATGCGCCG
NZ_CP041847.1_gap12	363566	366107	2541	GGTCAACGCGTTCGACCCCGGCCTAATGCCGGGCTCCGGCTTGGCCCGCGACTATCCGCCGATCCTGCGACTGGCGTACCGTCTCCTGTCGCCGATGCTGCGCGTCCTTCCCTTCGTTCACAGCACCCGGGTCTCCGGCGAACACCTGGCGGCGCTGGCGGTCGATCCGCGGTTCGCGGGCGTGACGGGCCAATATTTCGCGGGCGCCAAGGCGATCCGGTCTTCCGCCGAGTCCTACGATCGGGCAAAGGCGCTCGACCTCTGGGAGACCAGTGAACGGCTGCTGGCCCAGGTGACATAGCTGCGCGTTATCCCCTAAAGAAACCCGCCAGGTTGGTGCCAAAGTTACCGATGCCGGAAAGGAACCCCGGCGTCGCGAGATCCAGCGCGCTGGCGTTCAACCAGCCCGAGATGGTGTTGCCCACGTTGGCGACACCCGATCCCAGCGCGCCGGTATTGAGGTAGCCCGACAGGCCGGCACCGGAGTTCACGAATCCCGATACGCTTCCGGCGCCGCTGTTGAAGAAGCCCGACGACGGGCCGCCAGTGAGGTTGAAGTAGCCGGGGGTCACCGGAATGCCCAACAGCGGCAGGCCGATCAGGCCCTGATAGTCGCCACTCACCAAGAAGCCGTTGCTGTAGCTGCCGGTAATGAACGCACCGGTGTCCACATCGCCCGTGTTCGCCACGCCCGTGTTGTAGTCACCGGTGTTGAGGTAGCCCGTGTTGCCACTGCCCGGGTTGAAGCCGCCGGTGTTGAAGCTGCCCGGGTTGAAGCTGCCGGTGTTGAGGTCCCCGGGGTTGAACACGCCCGTGTTGGTGCTGCCCGCGTTGCCGATGCCGGTGTTGAAGCCGCCCGAGTTCGCGAGACCGAAGTTGCCGGTGCCGGTGTTAAAGATGCCGACGTTGCCGGTGCCCGAGTTGAAGAACCCGATGTTTCCGCTGCCGGAGTTGAACAGCCCGATGTTGTTGCTGCCCGAGTTGAGGCTGCCGATCCCGATCTGGCCGTTGCCGGTGAGCCCGACGCCGATGTTGTTGTTACCGGTATTCGCGAAGCCGATGTTGTAGCTGCCGGTGTTGGCAAAGCCCAGGTTGTCGCTGCCGAAGTTCGCGAAGCCGATGTTGTAGCTGCCGGCGTTGCCAAAGCCCAGGTTGTCGTCGCCCAGATTTGCCAACCCGATGTTGTAGCTGCCCAGGTTCGCCAAGCCGATATCGAAGATCCCGGTGTTGGCGATGCCGATGTTGTTACCGCCGATGTTGACCCCGCCGAAGTTGAGGTCGCCGAGGTTGCCGATGCCCAGGTTGGAGTCGCCGGTATTAACGAAGCCGATGTTGACGCTGCCCAGGTTCCCGATGCCCGCGTTGAGGCCGCCCTGGTTTGCGACGCCGAAGTTCAGCGTCAGGTTGCCGGTGTTGTCGAGGAACAGGCCGGCCAGGTTGGCGCCGATGTTTGCGATGCCCGAGCCGAAGGCGGGCGTCGCGAGGTCCAGCGTGCTCGTGTTGTAGACGCCCGAGATGGTGTTGCCCAGGTTCGCCAGACCCGACTGCAGCGCGCCGAAATTCAGTAGGCCCGAATTGCCCAAGCCGCCGGCGTTAAAGAAGCCCGAATTGCCAGCGCCGAAGTTCCCGGAGCCCGACATGTTGCCGGCGCCGAAGTTCCCGAAGCCCGATACATGGCCGGCGCCGGTGTGGAAGAAACCCGACGACGGGCCGGTGGTCGAGTTGCCGAAACCCGGGGTACCACCGATGCTGATGCCGATGGGGATCGGGCCGAAGCCGCCGGTGCCAACCATGCTGATGGTTTGCTGAATGGGCGAATCGATGGCGATGACTTGATTGACATCGATCGTGATGGGGCCGATCATCTCGTTGACAAGCACCGCCGCAGGACCAAGCAAGACTCGTATCTGGAAACCGGGAATGGTGAAACTGTTTGGCGTGGTGGCGACGACGGTGCCGGTGATGGGTATGTCGATTGGAACACTCAAGTCGTAGCGGTAGGGGATTTCGGGAATGGTGATCGTTGTGGAAAGGCCAATCAACCCCTGGTAGTCACCTCGCCAGAAGAACCCGTTGCTGTAATTGCCGGAGATGAACGCGCCGGTGTTGACGTTGCCCGTGTTGGCCACACCCGTGTTGTAGTCACCCGCGTTGAAGTAGCCCGTGTTGTAGTCACCGGAGTTGAAGCTGCCGGTGTTGTGATCGCCGAGGTTGAAGCTGCCGGTATTGGTGCTGCCAGTGTTGAAGCTGCCGGTGTTGATGCTGCCGGTGTTGCCGACGCCGGTGTTGACGTTGCCCGGGTTGAACAGGCCCGTGTTGGTGCTGCCCGTGTTCCCGAGGCCGGTGTTGAAGCTGCCCGAGTTTGCGATGCCGAAGTTTGCGGTGCCGGTGTTTCCGATGCCCACGTTGCCGGTGCCCGAGTTGAAGAATCCTACGTTTCCGTCACCGGAGTTGAACAAGCCGATGTTGTGGCTGCCCGAGTTGAAGCTGCCGAACCCGATCTGACCGGTGCCGGTGAGCCCGATGCCGATATTGCCGCTA
NZ_CP041847.1_gap13	382541	386267	3726	CCATCGCGCCGGGTAAGGGTCCGGAGTTTCTGATCGCGACGACCATTATGGTGCCACCGGGTACCCCGGCTCAGGTGGTCGACGACACCGTGGCGCGCGAGGCTCGCCGCGCGCCCGAGCTGGCCGGGCGGGGACACCTGGTGCGGTTGTGGGCACTACCCGACGGACCGGACGGCCAGCGCACCCTGGGGCTGTGGCGGGCTCGCGACCCTGGCGAGCTGATGGCCATCCTGGAATCGCTACCGCTTGCTGGCTGGATGACCATCGAGACCACGCCGCTGAGTCCGCATCCCGATGATCCGATCCGCATGCCCTGACCGTTTCCGGTGTCGCCGGGCTCTTAGGCGCCGTCCCACTCGCCGCGGGCGATGAGAACATCACGAAGTAGGTCCGCGCGATCGGTGATGATGCCGTCCACGTCCATGTCGAGAAGGGTGTGCATCACATCGGGTTCGTCGACGGTCCAGGCATGCACTTGGCGTCCCGCAGCATGAAAGCCGCGGACCCGTGCCGGCGTAATGACCGGTACACCGCCAAGCCGTGACGGTAGTTGCACGCAGTCGATGTCGCGCATCATCCGCCAGGCATATGCCCGGCTGCCCAGCGGACGCGCGGTCAGCCACGCCAGCAGCGCGCCCGTTCCTGCCGAACTAGCGACCCGCTTGGTCAGCAGGCGCAATGCGCGCCGGCGACGGCGCTCGGAAAACGAACCGATCAGCACCCGGTTGTGCGCGTTGCACCGCTCGATGACGTTGACGGTCGGCTCGATCGCCGATGCGGCTTTAATGTCGATGTTGACCCGCATGTCTGGCAGCGCGGTAAGCAGGTCTTCCAGGGTTGGGATCGACTGCCCCGCACCCAGCTGCGCCTTGCGGACATCACGCCAATCCAACCGGTCGACCGCGCCGGATAACCCCACCCCGGGCGCCAGCCTACGGTCATGCAGGATCACGGCTACGCCGTCCCGGGTGGCGCGAACGTCGGTCTCGATGTAGCGGAATCCGAGCTTGGCCGCCTCCTGGAACGCCCCCATGCTGTTCATGGGCAATCTGAACGACGTAAATCCTCTGTGCGCCATGGCAATCCGCCCCCCATGGCGAAGAAATTCCACGGTAGGTGCGCCACCGTCGCTCATCAGGTCAGTATCACATAGCCTCGGCCGCCGGGGGCGTCCACGCCGGGGGCAGCACCGCTCTGTCGGCGACGGTTCCTGTGCACCAGCCGCTTTCGCATCGCAGTGGTAATGGGCGCTCCCATACGGCGCGGTCGGCGACGACGGTGCATGGGCCGGCCATCGTTTTGGGCCTTCCCCGCCTTGCCGCCGGGCCACCGACGTTCAGCATCACCATCAGCGTCGACGTGTCACATCGGAGCCGATGACGGGAATCGAACCCGCGTATTCAGCTTGGGAAGCTGATGTTCTGCCATTGAACTACATCGGCACGGTTGCCTCGAAAGGCTAGCATCCAGAATCATTCCATCACCCCCAGGCCGTACAAGATCAGAAATCCGGCAAAGAACATCACGGCCATCCATGGCCGCTCCGGCGTTTCGTGCGCCTCGACAAGCAGTTCCTCCACGACCAGCCAGAGCAGCGCCGCCGCCGCGAACGCCAACACGAGGGTCAGGACGGTATTTCCCGCCCGGCCCAGCGCCACGGCACCTGACACACCGCCCACCGCGATCACTAGGCTCAGGGCGCTTGTGGTCGCCGCGGCCCGGATCCTAGGCATTCCGGAGCCGGCCAGGCGCAGGGCCACCGCCAGACCCAGGAACAGCACCTCGACCGTCAGGGCGATGGTGATGATGATCGCGGTGCGACTGGACACCGTCGCGCCCGTTGCGACCAGCAACCCGTCGATGAAGAGGTCAACCGCGACTACGGTGAGGAACCCGACGGGCAGTTCGCCCACGTCGTCGCCGTCTTGATGTTCCCCGTGGCCGTCAAATCGGCGCAGTGCAACGAGTACCGCGACGCCTGCACTGAAGCCCACAACGATCAGCCAGAGCGGACCTCTGCTGCGCAGGTCTGGTAGCACTTCCCCGGCCACGGCGGCCATGACAATTCCCGCGGCGAAATGTTGGACGCCGCTGACCATCGCCGCCGACGGCGTGCGCACCGACGGGACCACGCCGCCGAGAATCCCGGCGAGAACCGGGAAGGTGACCAACGAGGCGGCCGTTGTGACGTTGCTGATGCCAACCTCCCGGTTTCGGTCGAAGATCTCGGCTCGGGCACGCTTGAACATTGTGACGGCTAGTGACAAATGCAGCGACTTTCGGGGAAACGGGCATTGAAATAAGGAAGGAACAGCATGTCGAAGGTGCTGGTCACCGGATTCGGACCCTACGGCGTGACGCCGGTAAATCCGGCACAGCTCACCGCCGAAGAGCTGGATGGTCGCACCATCGCCGGCGCAACGGTCATCTCGCGGATCGTGCCCAACACGTTCTTCGAGTCGATCGCGGCAGCTCAGCAGGCCATCGCAGAGATCGAGCCAGCATTGGTGATCATGCTGGGCGAATACCCGGGACGCAGCATGATCACCGTCGAGCGACTCGCGCAAAACGTCAACGACTGCGGGCGGTACGGCCTCGCCGACTGCGCCGGCAGGGTTTTGGTCGGTGAGCCAACCGACCCCGCCGGCCCGGTCGCCTACCACGCGACCGTACCGGTTCGCGCGATGGTGCTGGCCATGCGAAAGGCCGGCGTGCCAGCTGACGTCTCGGACGCGGCGGGCACGTTCGTGTGCAATCACCTCATGTACGGCGTGCTGCACCACCTCGCCCAGAAGGGTCTGCCCGTCCGCGCCGGTTGGATTCATCTGCCGTGCCTGCCCAGCGTCGCCGCACTGGATCACAACCTCGGTGTTCCGAGCATGTCGGTCCAGACGGCGGTCGCCGGGGTCACGGCTGGCATCGAGGCAGCCATTCGGCAGTCCGCAGATATCCGCGAACCGATCCCGTCGCGATTGCAGATCTAGGGCGCAGCTGACGGCGGTCTTCTAGAGATTAGATATTTATTCTTCCGTTATCTTGTCGTAATCTGCTCAGCGTGGGCCGACATGAATTAGCTAGGGACCGGCGAAAGTCGTCAGCGGTCCTGGCTGCGGTCCTCGCCCCGGCCGCCGTGTTCTTCGCCACGGGCGGAGATGTCAGTACGCTTGCCGCCCGCGCCGATGCCAACCCGGTTCTCGGCGACGACGCGCCCTGTTGTGTGCAGATCGTGCCGGTTGCACCGCTGGCTTTCTCCTCACAGATATCCGGCGGTGAAATCGGGACGGGCCTTGCTGCCAGCCAGTTCGCTTCGGCATCGAGATGGCGCATCGTATCTCGGTATTTGCCGGTAGGGGTGGCACCCGAGCAGGGTCTACAGGTCAAGACCGTCTTGACAGCCCGCAGTATCAGTGCGGCTTTCCCCGAAATTCGCGAAATCGGCGGCGTTCGGCCGGATGCGCTGAGATGGCATCCCAATGGTTTGGCGCTCGACGTGATGGTTCCCAACCCCGGCACCGCCGAGGGCATAGCGCTGGGCAACGAGATCGTCGCTTTCGTACTGAAGAACGCGACCCGATTTGGGATGCAAGATGTGATTTGGCGTGGCGCCTACTACACGCCCAACGGCGCGCGGACAACCGGGGCCGGCCACTACGACCACATCCACATCACGACCGTGGGCGGCGGGTATCCCACCGGCGAGGAACTCTACATCCGCTGAGCCAGCGT
NZ_CP041847.1_gap14	398879	399505	626	CGTCGAAAGCGCTCGCCGATTTCGTTCGCTGCCGGGATCTGACGTGTCGCTGGCCCGGCTGTGATGAGCCCGCCACCAATTGCGACCTGGATCATACGATCCCGTATGCCGCTGGTGGGCCCACCCATGCGTCGAACCTGAAATGTTGCTGCCGTACCCATCACCTGGTGAAAACGTTTTGGGGATGGCGTGATCAACAGCTACCCGACGGCACCCTGATTTTGACCTCCCCGTCCGGGCATACCTATGTCAGCACCCCGGGCAGTGCGCTGCTGTTCCCCAGCTTGTGCCACTTCAGCGGCGGCATCCCGGCACCGGAAGCCGACCCACCCTACGACCATTGCGACCAGCGCACAGCGATGATGCCCAAACGCCGGCGCACCCGCGCCCAAGACCGGGCCTATCGCATCGCCACCGAACGTCGACAAAACCACGCCGCCCGCCAGCGCGCCCAGGTGCTCACCCAGACCGCCGCGGCCACCGACACCCACGGCCCACCACCGGATCCCAACGACGACCCACCGCCGTTTTGATGTGGAACGGCCTGTCAAGTGGCCGATTAGTGCTTGTTGCCTCGGGGTTGTTTGGGGTTTCTGGCTTTGATCCGATGACGGGACCCTGCGGCG
NZ_CP041847.1_gap15	402072	405108	3036	TTCTTGGCCTTGTCGTCGTAGGCGCCCGCACAACCCACCCAGAACAGGTACTCGTAGCCGTCGAAGCTGTCGACGTCCTGGCCGTACACGGGGACGTCGAAGTCAACCTCGTCGATCCAGTTGGTGCGATCTGAGGCGTTCTGACCCCACGGGTTGCCCTTGGTCTCCAGGTTCTTGAACAGCACCGACAGCTCGGAGGGGAACTCCGACTCCATCATCACCTGGTAGCGGCGCATATCGACGATGTGATCGACATGTTCGATATCCACCGGGCACTGCTCGACGCAGGCACCACAGGTCACACATGACCACAAGACGTCGGGATCGATAACGCCACCCTGTTCCTCGGTGCCGACCAGCGGGCGAGTCGCCTGCTCCGGTCCATGCCCGGGCACTCGACCGAACCCCGATTCCGGCACGTGATGATGCTCTTGGTGACCGGCCTCGCCGCCCGCGCTGGCATCCTTTTGGCCCAGGATGTAGGGCGCCTTGGCCATCCAATGGTCGCGCAGGTCCATGATGACCAGCTTGGGCGACAACGGTTTGCCGGTGTTCCAGGCCGGGCATTGCGACTGACAGCGTCCGCACTCGGTGCAGGTAGCGAAGTCGAGCATCCCCTTCCAGGTGAAGTCTTCGATCTTGCCGCGGCCGAATACGGCATCCTCGCTGGGATTCTCGAAGTCGATTGGTTTGCCATCGGCTTCGAGCGGCAACAGCGGGCCCAGCCCATCCGGCAGCCGTTTGAACGTGACGTTAATGGGCGCCAGGAAGATGTGCAGGTGCTTGGAATGCAAAACGAGGATCAGGAACGCAAGCATGACCCCGATGTGCAGCAACAGCGCTGTGGTTTCGATGATTTCGTTGGCGGGCTGCCCGAGGGGGCGAAGAATCGCGCCGAATAGCTGCGATAGGAAGGCCCCGTTGCCGTAGGGCAGGGTGCCGTTGTTGACCGCTGAGCCGCGGACCAACACGTAGGTCCAGATGACGTTGAAGATCATCAACAGGACGAGCCACGCGCCGCCGTTGTGCGATCCGTAGAACCGGGAGCTCCGACCGATCTCGCGGGGGTTGCGCAGGATACGGATGATGGCGAAGGTCGTGATACCGAGAAAGACGGCGGTGGCAAAGAAGTCCTGCAGGAAGCCCAACGCGTCCCACCGGCCGATGACCGGGATGTGGAATCTCTCCTCGAACAGCAGGCCGTAAGCCTCGATATAGACGGTGAGCAGGATGAAGAAGCCCCACATGGTGAAAAAGTGCGCCAGGCCCGGGATCGACCATTTCAACAGTCGGCGCTGCCCTAGAACCTCGGAGATCTGGGTCCAGATGCGGGTGCCGAGGTTGTCGGTTCGCCCGCTGGCCGGCTGCCCGGACATGACCAGCTTGTAAAGCCACCAGACTCGCCGCAGAGCGAACACCCCCACCACCGCGGTCATGCTCATGCCCAGTATCAGCCTGATGAGCGTTTGCGTGGTCACGGAAGGTCACCCCAATTCGTAGCACTCAATGGAACCCCTGCATAACCTGCTCATCCTGACATCTGTGCGACTTTCGCCGCGAGAAAGGCTGTCCTAACCTACCGGTCGTCAACGCCTCTCATCTGCGGTTAAGCTCTCCGGGGCCAGCATGGCCCGCAGCATCGACAACATCTCCGACCGGGAGCCAGCGCCCAGCCGCTGGCGTATCCGGGCGACGTGGTGCTCGACCGTCTTCGCTGAGATGAACAGCCGGGCGCCAATGTCGCGATAGGGCATGCCCAGTAGCAGTAGCTCGGCGACTTCGCGTTCGCGATCGGATAGCGGCGAGCCCGCCGGTGGCTGGCGCGGTGCCGGCGGGGTACCGGAAGCTGGTTCCGTGTCGCCGGCCCCGCTGGGGGGCTCGCCGAAATCGTTGCCCAGCTTAAGATCCCGTGCCAACTGCAGCATGGCACCGGACACCCGTGCGTCGGATGTTTGCAATGCGGCCTGACCTGCCAGTCGGGTCGCATCCGACGTCAGGCCGACGTGTGACAGGGACCGCGCCGCCGCGGTGACCTCGTCGGCGTCGACGTTTTCGGCCAGGACCCGCAGCCAGGTGCGACCGGCATCCGACAGGGCCTGCGCGAGCGTGCTGTGGGCGACCATTGCACCGAGGGCCTGTCCGTGCGGTGCCACCGATTCCGGCGAATTGGCGAGGATTCCAGCGTGCACTCCAGCCCAATGCAGTGAGTTCGACCACAGGGCGGGGTTGCCCAGCGAATCCAGCAGCGTGAGCGCCTGATCCAGGGTGTGTTGTAGCTGGTCAACCTGGCGCATTCGGGCGGCCGCGACCCACAGTTCACCAAGTGGCAGCAGGGCGAACAGATCGAGCGAATACTCGGCCAGCGCTTCCATCGCCGCATACCAATGCTGTTGCAGCGCACCGATATCGCCGGTGCGACGCGAGATCGCGGTTTGCAGTGCCGCGGCCCACAACGCGTCGCGCCGGTGCAGGTGCGTGCCGGCGCTGGCCGCCGCGACGTCCGCGCTTGCCGACGGCAATTGCCCCTCTTGCATTTTGATCCAGCCGGAAAGCAGCAGGTGCCGACGCTGGAACAGCGGGTCGGCGCCGGCTCGCACGGCACGCCCGATCACACTGCGGGCGCGGACCGGATCGCCGGCGTGTATCGCGGCCAAGGTAACCAGCGCTGCCGGGCTGTCCGGAATGACTTGGCTGAGCGATTGTTCGGTGGCAATGGCTTGGCCCAGTTTTGCCATCGCGACCGGATACGGCTGATCCATGGTCAGCAGCAGCCCCTCGGCGAGGTTGCGCGCGCAACGCGCTGCCATCGTCGGTGGACCGGCATCCTTGAGTCGCAGGGTGGCACGCGCCGTCGCCAGGTCGCCGTTCGCGGCGAACACGATCGTGGCGGCCGAGCTCACCATCGTGTCCGGGTGTGGGCCCAGCCAGCCGAACAACTCGGCTGCGTGTCCCGTGTTGCCGTCGTGGACCGCGACGCTGGCCGCAACCCGCACCGCGGCAGCGCGTTCGGTGGCATCCGGGGAGCTGAGCAGATCG
NZ_CP041847.1_gap16	406147	407376	1229	TGTGCTGCACGGCTGGTCGGCGGCGGCTCCCTCACCATAGCCCCAGCCCGTCCCGCAGCCCCGCATTTCCCCTAATGCGGCCATCCCCTAACGGCGCCCCGGGGCCGGCGGGTTCCGCACCGAACACGGACGCGGCCTCAACCGATAGCATCGTGCTAACACGGGACTAACGGGGGTGGGGCAAGGAGGCGGGTAGTGGCAAACTCGTTGCTCGACTTTGTCATCTCGCTTGTGCGCGACCCGGAAGCGGCCGCACGTTACGCCGCGAACCCCGAGCGGTCGATCGCCGAAGCTCACCTTACCGACGTGACCGGAGCGGATGTGAACAGCCTGATCCCGGTGGTGTCGGATTCGTTGTCGATGTCCGAACCCATCGGAGCCGCTGGCGGGGCACACGCTGGCGATCGTGGCAACGTTTGGGCGAGCGGCGCGGCCACGGCTGCGCTTGATGCGTTCGCCCCACACGCCGATGCGGGTGTTGTCCAACAGCACGGTGCGGTCGGCAGCGTTCTCAACCAGCCGACCCCACCCGGACCGGGCGTGACACCCACCGATCCGCGCCCCTTCCGAGCCGGTCCACATGAGACGTCGGCGCTGCTCACGAGCGCTGAAATACCCGACACGACCAGCGAGGACGGGGGATTGCCGACAGACCATCCGGCTGTCTGGAACCACCCGGTCGTTGACCCACATACCGTCGAGCCCGATCATCACGGCTACGACATCCACGGATAAGTTCCGGACCGGCGTAGGGGTGCCCCATTTCCCCTAATCCCCTAACGCGGCGGCCAGGCCGATCCCGATAGGTGTTTGGCCGGCTTGCGGATCAGACCCCGATTTCGGGGTGAGGCGGAATCCATAGCGTCGATGGCACAGCGCCGGTCACGCCGGCGAACAGCTTCTTCGATTGAAGGGAAATGAAGATGACCTCGCTTATCGATTACATCCTGAGCCTGTTCCGCAGCGAAGACGCCGCCCGGTCGTTCGTTGCCGCTCCGGGACGGGCCATGACCAGTGCCGGGCTGATCGATATCGCGCCGCACCAAATCTCATCGGTGGCGGCCAATGTGGTGCCGGGTCTGAATCTGGGTGCCGGCGACCCCATGAGCGGATTGCGGCAGGCCGTCGCCGCTCGGCATGGCTTTGCGCAGGACGTCGCCAATGTCGGCTTCGCCGGTGACGCGGGCGCGGGGGTGGCAAGCGTCATCACGACCGATGTCGGTGCGGGC
NZ_CP041847.1_gap17	470006	472145	2139	GATCAGCCGGGTGGTCGGGGCAATGTCGCCCTCGGACAAGATCCCGGTGGCCACTTGATACAGCAGCGGCTGGAACAGGTGGGTCGTTGTCTTGGAGATCAGCGTGATGTCGACATCCGCCCGTTTAAGCGCCTTGGCCGCATTCAGGCCGCCGAATCCACTACCGATGATGACCACGCGATGGCGCCCGCCGACGGCCGAGGGTTCACCAGATGAGAGCGTCATGGTCCTCCTTCAGTCTGGTCGCTGTGGCGCAGCTACACAGTACGACTCCCGTCATGCCAACGGCGTAACTTTTTGTGGGCCTTGTGGGCCTTGTGGGCCTTGTGGGCCTTTGTCGGGCCGCCTTCGGATCGGACGCTCGGGATGGCTGTTGGGCGCTGCGCAATCCCGCGCTTCGATCAGGCAGCGTCCGGCAGTGCCATCAATGGCGGCCAGGTACACCTCTCCGACGGCTCGACATCGCCGGCCCGGCAGTTACCTGCACCATGGCCGGGCGATGCGGGAGCGGCTGCCGAAGGTCGGGCAGGTGTTTGCTGCCGGGGAAATCGACTACCACATGTTTCAGACGTTGGTGTATCGCACCGATTTGATCACCGACCCGCAGGTGTTGGCGCGGGTGGATGCCGAGCTGGCGCTGCGGGTGCGGGGCTGGCCGTCGATGACCCGGGGCAGCTGGCCGCCGCGATAGATCGGATCGTGGCGGTGGCCGACCCCGATGCGGTGCGCCAGGTGCGGGAGCGGGCCCGCGATCGGGAGGTGTCGATCTGGAATTCCGCGGACGGCATGGGCGAGGTGTACGCCCAGTTGTATGCCACCGACGCCCAAGCCCTGGATGCGCGGCTGAACGCCTTGGTGGCCACGGTGTGTGCCGGTGATCCGCGCAGCACAGATCAGCGCCGCGCCGACGCGCTGGGCGCGTTGGCGGCCGGGGCGGATCGGCTGGCCTGCCGCTGCGACAATCCCGACTGTGCCGCCGAGGGGCGCCCGGTGTCGGCGGTGGTGATTCATGTGGTGGCCGAGCAGGCCAGCGTCAAGGGCCACGGCCAGGCGCCGGCAGCGTTGCTGGGCGGCGACGGGCTGATCCCGGCCGAGCTGGTGGCCGAGTTGGCCAAGACCGCCGGGCTGCAGCCGATCCCGGTCCCGGCCGGGACCGAGCCGGGTTATCGGCCCTCGGTGAAGCTGGCGGCGTTTGTGCGGGCCCGGGATCTGACCTGTCGGGCGCCCGGTTGCGACCGCCCGGCCACCCAGTGCGACCTGGATCACACCATCGCGTTCGCCGACGGTGGGGCCACCCACGCGGCCAACCTCAAATGCCTGTGCCGTCTTCATCATTTGCTGGCCACCTTCTGTGGCTGGCGCGCCCAGCAACTGCCCGACGGCACGGTGATTTGGACGCTGCCGGGTAACCAGACCTACGTCACCACCCCGGGCAGCGCGCTGCTGTTCCCGGCGCTGTGCACCCCCACCGGTGACCCGCCCGCACCCGAGCCGGCCCGCGCCGACCGCCGCGGGCAGCGCACCGCGATGATGCCGCGCCGGGCCAGCACCCGCACCCAAAACCGCGCCCATTGCATCGCCGCCGAACGCCACCGCAACCACCAAGCCCGCCGGATTGCCCAAGCGGCCGTCATCGCCACCGAGACCCACGGCCCACCACCCGATCCCGACGACGACCCGCCGCCTTTTTGATGAAGTGAGTCCGAATCATCTCGACGTGGACGGGTGCGGCGTCGGGTGGTCGCCGGTTGGCGCAGACCCTCCAGAGGGGAGGATGAGGAGCTCGGCACCTGCGTCGGCGGCCCTGAGATAGGCCAGCAGGCGGTGGCCGAAGTCGCTGACGTCGTGGATAAGGATGTGGCCGCTTTCTTCTGCCGGAGTCCCGGTGCCGTTGCCGTGCCAAACGGTTGTTGTCGCGATCGCGACGCCGGTTTGAATGAGGGCCGCTAGCACCGGCACGGGCTCGACCTTACTCGCCGCCCTCATCACCTCGCGTCGCTGGATCTCGTCCTGGTCCGGTGAGGACTTGGCGGCTTTGGCCAGCCGAACGAGTGCATGGATATGCACGGGCTCAAGTTGGGAAAGCGTGGCCACGATGAGTGATGCCGGCTCGACCTTCTGGTCATCCTCGAGCGCGGC
NZ_CP041847.1_gap18	521065	525473	4408	ATCGAGTTGATCGGGCCGTGCTGAGGTGGCGATCAATACCACACCGGCGGTGGCCACCGCGGTACGCAGCTCGGACAGGATCAGCGAGGCTACCGGCTCGGCGGCGGCTGGCAGCAGGGCGTCGGCATCGGTGATCAGCAACACACCGCCCTCATGGCGAACCGCCTGCACTGCCGAGGCCACGGCTTTGACCCGGTCTCCGGCGGCCAGAGCTCCAATCTCCGGACCATCCAGTGTCACCAACCTTCGGCCGTCGCACACCGCGCGCACCAGCGTCGCCTTGCCCACCCCGGCCGGACCCGACACCAGCACACCCAAATTGGTGCCGGCGCCCAAGGTCTGTAGTAGGTGCGGCTCATCGAGGGCAAGCTTGAGCCATTCGGTGAGCTTGGCAGCCTGCGGCTGGGCGCCCTTGAGCTCTTCGATCTGGATCTCCGGACTCGAGATGCTCACTTGCCCGGCCGTGGACGTACCCATTGCGGCCGGGACCCCAGCGCCCCAGGTGACCAGCGAGTTGGGCTGCACGCTGACCGGCCCGTCGGGGTCGACGCCGGTAACGGTCAGCAGCTCCGAGGTCCAACTGATCCCGACCGCAGCTGCCAATGCGCGGCTGGCAGCCGACGTGGATGTGCCGGGGCCTAGATCGCGGGGCAGCAGCGAGACCGCGTCACCGACGGTCATCACCTTGCCGAGTAGGGCCTGCCGCAGCGTGACCGGCGGCACCGACTGGGTGGCCAGCGTTGAACCGCTCAGCGTCACCGATCGCGCTCCGTAGACGGTGACCGGGCTGACGATCACCTCGGTGCCTTCGCGAAGGCCCGCATTGGACAGTGTGACGTCATCGAGCAGCACCGTCCCGACCGCGGTGTCTGCCGCGGCCAGGCCGGCGACCGCGGCGGTTGTCCGAGAGCCGGTCAGCGACACCGCGTCCCACTCGCGGATGCCAAGGGCAGCAATGGCATTGGGGTGCAACCGAACGACGCCGCGGCGTGAGTCGACGGCCGAGGTGTTCAGCCGGGCGGTAAGGGTGAGTTGGCGGGCCGGGTCCGGGTGGGTCACAGCCGTCGACCCGGCTTGCGCAGGCCCAGCCGCGCCATCGACGGCCGGTAGGGATGCGCCCGGCGGCTCGCGCGCCGCACCGCGCGCCGTTGCTTGGGCTTGTCGTCCCACACCTCAGGGTGTTGGGCAAGCCAGCGCTGGCTGCGCACCGCGAAAGGAATATGGCACATGTAGGCGATGATGATCACCCAGATCAACAAGTAGGGGGCCAGGACTGCGGCCGCTGCGCAGATAGCCAGCACCGCCAGCAGGGCGGCCGCGTAGTTGGGTGGTACCGACACGGCGTGCATCTTTTTCATCGGGATCCCGCTGACCAAGAGTATCGACGTTCCCGTCACCCAAAAGCTGAGGAACCAGACCGAGGTCCACCATCCTTCGCCGAACTGCATTTTGAGGGCTAGCAGGCCGATCATGGAAACCGCGCCCGCCGGCGCGGGCATTCCGACGAAGAATTCATGCGCGTAGGCGGGCTGGGTTCCGTCGTCCTGCAGTGCGTTGTACCGCGCCAGCCGTAATACCACGCACACCGCGTAGAGCAGCACGACCACCCAACCGACCGGCCACTTCGACAACATCGACACGTAAAGCACCAGCGCGGGTGTCACTCCGAAGTTCACCGCGTCGGCCAGTGAGTCGATCTCTGCGCCCATCCGCGACTGGGCATCCAGGATGCGGGCCACCCGGCCGTCGAGCCCGTCGAGGATGGCCGCTGCGGCGATCAGTGCCATCGCGGCCTTCGGCTGGTGCTCGAGCGCAAACTTGATTGCGGTCAGTCCCGCGCAAATGGACAGCACCGTCATCGCGCTGGGCAGTATCTGCAGGTTTACCCCTCGCCTGCCGCGGGGCTTTCCGATCATCGACATTCGGCCAGCACGGTCTCGCCGGCGACCGCGCGCTGGCCGACGTTGACGATCGGCTCTGCGCCCGCTGGCAGGTAGGTATCCAGCCGGGAGCCGAACCGGATCAGGCCGTAGGTGTCACCGATGGCCAGCTTGTCTCCGACGTGTGCGTCGCACACAATGCGGCGCGCCACCAGCCCGGCGATCTGCACCGCGACCACCTCGGCGCCGTTGGGCATGCGGATCCGCACACTGGTGCGCTCGTTGTCGTCGCTCGCCTCCGGTAGGTCGGCCGACCCGAACCGGCCCGGCCGGTGTTGCACGGCGATCACTTCCCCGCTCACCGGGGCACGTTGCACGTGGGCGTCCAATATCGACAGGAAGATGCTGACTCGCGGTAACGGCGTGTCACCCATGCTGAGTTCGGCCGGTGGGGCCGCTGAGTCGATCGCGCAGATCACGCCGTCGGCGGGCGCGACAATGGCAGCCGGCCTGGTGGGCGGTACCCGCTGCGGGTGCCGGAAGAAGCCCGCGCAGGCAGCGGCCGCCAGCAGACCCGTGCCGCGCAACCACCGGTAGCGGTGTCCGACGGCCGCAATCGCAAGGCCGGCGGCAATGAACGGCCGCCCGGCCGGATGAACCGGTGGAACGGCGGACCGCACCAGGGCGAGCAGATGTTGCGGGCCGTCGGGGCGGGGGCGTCTGGCCACGGGGTCATCTTACGGAGCTTCGTGCCGCAGGTTGGGTGCACGGCACTAGGATCGGTCCGGTTAGGTCAAGTCCCAGACTTGCAGCTGCGTTCCGGCAGCCACCTCCACGACGTCCTCCGGGATGTCCAGAAGTCCGTTGGCCGATGCCAACCAACGCAAATGGTGCGACGCCGGTGGGCCGTAGCTGATGACCGTGCCTGCCTGGTGATCGAGTATTGCGCGTCGGAACTGACGTTTGCCGCGCGGCGATGTCAGGCTCGCGGTGAGTACCGCGCTTCGGTGCGGCCGGTACGGATCCGGCAGGCCCATGGCCATGCGCAGCGGGGGACGGATGAACACCTCGAAGGACACCAGCGCGCTGACCGGGTTGCCGGGAAGGGTGACGATCGGCGTACCTGCCACCCGCCCGACGCCCTGGGGCATTCCGGGTTGCATCGCCACCTTGACGAATTCGACACCGTGGTCGCCTCCCCGGTAGTCAGCGCTGCCGAACGCGTCTTTGACCACCTCGTAGGCTCCGGCACTGACACCGCCGCTGGTGATGATCAGGTCGGCGTCCACCGCGTACCGGTCAAGGATCGCGCCGAACTGCGCGACGTCGTCGCCGGCGGTTGCGGTGGCGACCACAGCGGCGCCCGCATCGCGGACGGCAGCGGCCAGCATGATCGAGTTGGACTCGTAGATCTGACCCGGTTGTAGGGGCGTGCCTGGCGACGCCAGCTCCGACCCTGTGGAGATCACCAGCACCCGCTGACGGGGGAGCACCGGCAGCTCGGCCAAACCCAGCGCGGCGGCCAGGCCGAGCACCGCCGGGGTCACGATCTGGCCGTTGTGCAGCACCGTGGTACCGGCGGCGACGTCTTCGCCCGACCGTCGGATGTGCTTGCCTGGGGTGGCCTGTTGGCGGATCGCCACCGAATCGACGCCGCCGTCGGTGGCTTCGACCGGCACGATCGCCGTCGCACCGGTGGGCACTGGCGCACCGGTCATGATCCGGTGCGCAGTCACAGGCTGCAGCGTCAGCATGTCGGCGCGCCCGGCGGGAATGTCCTCGGCGACCGGCAACATCACCGGATTTTGCGGTGTGGCACCTGAGGTGTCTTCGGCGCGCACCGCATAGCCATCCATTGCGGAGTTGTCGAAAACCGGCAGCGACAGCGGTGCGACCACGTCGCCGCCCAGGACCAGACCTTGAGCCTGGGTCAGCGGAACCGTAATCGGGCGACAGGCGCGCATCATCTCCGCTACGACACGTTGATGCTCCTGGACTGACCGCACCCGGCCATTATCGGTCGTTCAGACTCCGAAGCTGACGCCGGTGAGTTCTTCGGAGACGGTCCAGAGGCGGCGCTGCAGATCTTTGTCGTGGGACTGCGCGCTGGATTGGACCACCTTCGGGTGACCGCGCTGCTCGCCGAACCCGTCCGGGCCGTAGTATTGCCCGCCCTGCGTGGTCGGATCGGTGGCGGCACGCAGTGTTGGCAGGGCGCCCATCTCTGGGCTTTGGAAAAGCAACGGCCCGAGCACGGTAGCGACGGGCCGGATAAGTCGCGGCAGGTTGCGAGTCAGCTCGGTGTTGGAGCCGCCAGGGTGAGCGGCGACGGCGATGGTGGATTTGCCCGCTTCGCCCAGCCGGCGTTGCAGCTCGTAGGTGAACAGCAGATTAGCCAGTTTGGCTTGTCCGTAGGCGGCGACGCGGTTGTAACGGCGTTCCCACTGCAAGTCGTCGAAGTGGATGGCAGCGTGAATCCGGTGGCCCTGGCTGCTGACGGTCACCACCCGCGAACCGGGTACCGGCAG
NZ_CP041847.1_gap19	526562	530843	4281	CCGTGGAGAAGGTCACCGAGACCCTGCTCAAGGGCGCCAAGGAGGTCGAGACCAAGGAGCAGATTGCGGCCACCGCAGCGATTTCGGCGGGTGACCAGTCCATCGGTGACCTGATCGCCGAGGCGATGGACAAGGTGGGCAACGAGGGCGTCATCACCGTCGAGGAGTCCAACACCTTTGGGCTGCAGCTCGAGCTCACCGAGGGTATGCGGTTCGACAAGGGCTACATCTCGGGGTACTTCGTGACCGACCCGGAGCGTCAGGAGGCGGTCCTGGAGGACCCCTACATCCTGCTGGTCAGCTCCAAGGTGTCCACTGTCAAGGATCTGCTGCCGCTGCTCGAGAAGGTCATCGGAGCCGGTAAGCCGCTGCTGATCATCGCCGAGGACGTCGAGGGCGAGGCGCTGTCCACCCTGGTCGTCAACAAGATCCGCGGCACCTTCAAGTCGGTGGCGGTCAAGGCTCCCGGCTTCGGCGACCGCCGCAAGGCGATGCTGCAGGATATGGCCATTCTCACCGGTGGTCAGGTGATCAGCGAAGAGGTCGGCCTGACGCTGGAGAACGCCGACCTGTCGCTGCTAGGCAAGGCCCGCAAGGTCGTGGTCACCAAGGACGAGACCACCATCGTCGAGGGCGCCGGTGACACCGACGCCATCGCCGGACGAGTGGCCCAGATCCGCCAGGAGATCGAGAACAGCGACTCCGACTACGACCGTGAGAAGCTGCAGGAGCGGCTGGCCAAGCTGGCCGGTGGTGTCGCGGTGATCAAGGCCGGTGCCGCCACCGAGGTCGAACTCAAGGAGCGCAAGCACCGCATCGAGGATGCGGTTCGCAATGCCAAGGCCGCCGTCGAGGAGGGCATCGTCGCCGGTGGGGGTGTGACGCTGTTGCAAGCGGCCCCGACCCTGGACGAGCTGAAGCTCGAAGGCGACGAGGCGACCGGCGCCAACATCGTGAAGGTGGCGCTGGAGGCCCCGCTGAAGCAGATCGCCTTCAACTCCGGGCTGGAGCCGGGCGTGGTGGCCGAGAAGGTGCGCAACCTGCCGGCTGGCCACGGACTGAACGCTCAGACCGGTGTCTACGAGGATCTGCTCGCTGCCGGCGTTGCTGACCCGGTCAAGGTGACCCGTTCGGCGCTGCAGAATGCGGCGTCCATCGCGGGGCTGTTCCTGACCACCGAGGCCGTCGTTGCCGACAAGCCGGAAAAGGAGAAGGCTTCCGTTCCCGGTGGCGGCGACATGGGTGGCATGGATTTCTGACCCCGGCGAGAAGTCGCAGCGAGGAGCCCGGTCCCTTTGTGGGGCCGGGCTCCTCTGGTTGGGAGCTACGGTACCGAGAACACCACGCAGTCGTGTAGGCAACCTTTGGCCGCTGTGGGCGAGTCGGGGGCCGCGTCTCGGTGCAGCAGCGCGCGGATGGGTACGACACCGCAGCGGGCGGTGTCGTCATCGGGGCCTGCGTCCGACGCCTGGGCACGGCCGTCGACGATCAGCGAGTAGCCGCTAGGATCGGATGGCGGCCACAACAGGGTGACTTCGCTGCGGTGGGCCAGGTTTTGCCGCGTACGACCCCCGATCAGGCCGACGTCGACCACTGCCCGGGGTCCATCGGGGCCGTCGGGGAGTTCGCGCAGCACCGGCTCGACTGCCACCGTGTGCACGCGATGGCCATCATCGACGGTGATCAGGTAAGCGAACGGGTAGTCGGGCAAGGCGGCGGCCAGCCGTTTGAGGTCTACCTTTTTGGCACCCACGGATTCGAGGATAGGCGCCCGATGTGTTACTCCGAACCGACCGGCTGCCCGATCCGCGGGCTGGCGTAGGCGGATTCGCGGTCGGGGCTCGGGTAGAAGTTCGACTTGGGGATGCCGGAGCCGGGGGTACTCGGCTCACGCACGGCGGTATTCCGCAAGCCCGAGTCGTTGCTGCCCGAGTTGACGAAGCTCGGGTAGCTGGTGCCAGGGCTTCTAAGGCCCGGGTTTGCGCCCGAGCCAGCCGCGGCACTGCCGCTACCGGGGTTCGGGTTGCCTGAGTCCAGGCCGCCAACAGGAGCACTGGCCGGGGCGGCGACGGGCGTGTTGGTCAGGCCCGAGTTGAGGACGTTCGCCAGGCCGTGTTGGAGACCGCCCGTTGATCCGAGGGCGGAGGCGAGGATGCCCGAACTCAAAGCCGCCGTGCTCATGCCGCCGGTGGCGTAGCCGGCGGAGCTGACCAAGGCCGCCTCCGAGCCAGCCGCGCTTCCTAAGGCGGCGTTTTGCATCCCCGCGTTCCAGAAGCTGGTGTTGAGGCTGCCTGCGCTGCCGAGGCCCGCGTTGATTGTCCCCGAGGTCCCGATGCCGCTGTTCAGGGAGCCCGAATTCCCGATGCCGATGTTTCCGCTGCCGGAGTTGAATAAGCCGACGTTGCCGGTGCCCGAGTTCCCGAAGCCGATGTTGCCGCTACCCGAGTTGAAGCCGCCGAAACCCATCTGGTGATCACCGGTGATCCCGAACCCGATATTCCCGCTACCGGTGTTGCCGAAGCCGATATTCCCGTCGCCGAGGTTGCCGAGGCCCAGGTTGCCGCTGCCGGTGTTGCCGCTGCCGATGTTGCCGGTGCCGGTGTTGCCGCTGCCGATGTTGTTGTTGCCGATGTTGTTGTTGCCGATGTTGCCGCTGCCGGTGTTGCCGAAGCCCAGATTGATCTGGCCGTTCTTGCCGATGTCGATGCCGAGGTTCCGCAAGACCTGCTGCCAGGGCGCCAGTTGTGCGACGGCCGCAGACGCATCGAAGTGGTAACCAGCCATCGCCGCCACGTCCAATGCCCACATTTGCTCGTATGCCGCCTCGACGTCCATGAGCGCCGGAGCATTCTGCCCAAACCAGTTCGTAGCTGCCAGCAGCTGCATCAGGCCACGATTGGCCGCTACCACTGCCGGCTGCACGGTGGCCGCCAGCGCCGCCTCGAACGCGGTCGCTATTGCCATGGCCTGTGCGGCCGCTTGTTCCGCCTGCGCTGCCGCCGTGCTGAGCCAGGCTAGGTACTGGGTTGCGACGGCCATCATCGCCGCCGCGGACGGACCCAGCCAGGCGCCACTAGTCAGTTCGGATGTGACGGAGCCAAGCGACGCTATTGACGCGAGCAATTCTTCGGCCAGCTCGCCCCAGGCGGTGGCCGCAGCAATTAGCGGTCCCGACCCGGGACCGGCAAACATCAGTGCCGAATTGATCTCTGGCGGCAACCACGCAAAATGCGGGCTTGTCACTGATCCAACTTAACTGTCAGCGACCGTTGCCGTGGCGGTATCGGCACTTCAATACCACTCATCTTTGGGGTCATCTTTGGAGCGCCCCTAGGAACCGCCAGCTTACCTAGTCCCGGGTAGGGGCCGACTGGCGGCCGGGATGCAGCTGAGGGTCTGCCACCTGCCCCGTAATGTCGCTGGTATGGCAAGCACCGACGCCGCGGCCCAAGAGTTGCTCCGCGACGCGTTCACCCGGTTGATCGAACATGTCGACGAACTCACCGACGGCCTCACCGACCAACTCGCCTGCTACCGCCCGACCCCCAGCGCCAACAGCATTGCGTGGCTGCTCTGGCACAGCGCCCGGGTGCAGGATATACAGGTCGCCCATGTGGCCGGCGTGGAAGAGGTGTGGACCCGCGACGGTTGGGTGGACCGCTTTGGGTTAGATCTGCCGCGGCACGACACCGGATATGGACACCGTCCCGAGGATGTGGCGAAGGTACGGGCACCCGCCGACCTGCTGTCGGGGTACTACCACGCGGTGCATAAACTGACCCTGGAATACATCGCTGGCATGACCGCAGATGAGTTGTCCCGTGTGGTGGATACCAGTTGGAATCCGCCGGTTACCGTCAGCGCACGGTTGGTGAGCATCGTCGACGACTGCGCTCAGCACCTCGGGCAGGCCGCCTACCTGCGGGGGATAGCCCGATAACGGCGACATCCGCCGGATCGCTGAGGCGATGGTCAGCTACGCCGAAGATCGCCTGCACCGATGGTTACCTGACGCTAGCCGGCAGCGCCGCCCTAGTGGTACCCGGCGTGTTCGTCGCGATGCTGGGCACCATTGTCGCGCCGAGACTGCGGTGAGGGGCCGGGGTGTGCGTCCTCGGCTCACCCGAGCGGCAGCTCGGCCAAGATGGTACCGGTGGGCTGTGGTGATCCGGTGCCGGGTTCGACGGTGAATGCCAGTGCGGTCGAGGCTCCGAGATCGGTCAGCGTCGCCGTCGTCGAGGGCGTCACCGCCGCGGTGCCCATCGTCCCCGCCGACCTCGG
NZ_CP041847.1_gap20	638810	640983	2173	CCTAGACCGGTCAACGGCAAAGAGTCGACGACCACCACCCGCTTGGGTGCCTGCACCGATCCCTTGCGTTGTTTGACCGCTGCCTGGATCTCGGCGGTCATGGCCTCGATCGCGGGCTCATCGCGGGCCGCGTTGGAGCGCAACACCACCACCGCGGTGACGGCCTCGCCCCACTTCTCATCCGGCGCGCCAACCACGCACACCTGAGCAACCGCCGGATGCTCGGCCACCACGTCCTCGACCTCCCGGGGGAACACGTTGAAGCCGCCGGTGACGATCATGTCCTTGACGCGGTCGACGATGTAGTAGAAGCCATCGGAGTCCTCGCGGGCCAGGTCGCCGGTGTGCAGCCAGCCGTCTTTAAAAGTCCGCGACGTCTCGTCTGGCAGATTCCAGTAACCGCCCGCCAACAGCGGTCCGCTGACACAGATTTCGCCGACTTCGCCCTGCTTCACCGGCTTGCCATGCTCGTCTAACAGCGCGACGCGGGCGAACAGCGTCGGCCGCCCACATGAGGTCAGCCGCTTCTCGTCGTGATCGCCCTTGGCCAGATAGGTGATCACCATGGGCGCCTCGGATTGCCCGTAGTACTGGGCGAAGATTGGGCCGAACCGCCGGATCGCCTCGGCTAGTCGCACCGGGTTGATCGCCGAGGCGCCGTAGTAGACGGTTTCCAGCGACGACAGGTCCCGGGTGTGCGAATCCGGGTGGTCCAGCAGCGCGTACAGCATCGATGGCACCAACATGGTCGCTGTAATGCGTTGCTCCTCAATGATTCTGAGTACCTCGGCCGGGTCGAACTTCGCCAGCACTATCATCTCGCCGCCCTTGATCACCGTCGGCGTGAAAAACGCCGCGCCGGCGTGCGACAGCGGGGTGCACATTAAGAACCGCGGGTTGGCCGGCCACTCCCATTCGGCGAGCTGGATCGAGGTCATGGTGGCGATCGACTGCGCGGTGCCTATCACGCCCTTAGGCTTGCCGGTGGTGCCGCCGGTGTAAGTCAGGCCGATAACTTGGTCGGGTGGCAGGTCGGCGGCGACCAGCGGCTGCGGCTGGTATTTGGCGGCCTCGGCGGATAGGTCGACTGCCACATGCTTGAGCGCATCGGGCACCGGCCCAATGGTGAGGATTTGCTGCAGCGAGTCCACCTGCTCCAGCAGAGCCAGTGCGCGCTCGACGAACATCGGGTTGGGGTCGATGATCAGTGAGCTGATGCCGGCGTCGTTCAGCACGTAGGCGTGATCGGCCAGCGAGCCCAACGGGTGCAGCGCGGTGCGCCGATAACCGCGGGCCTGCCCGGCGCCGATGATCATCAAAACTTCAGGACGGTTGAGCGACAGCAGACCGACCGCCACCCCGGTGCCGGCACCTAGCGCCTCGAATGCCTGGATGTACTGGCTGATACGGTCCGCCAGCTGGCCACCGGTCAGCCTGGTGTCGCCGAGGAACAGCACCGGCTTGTTCTGGTGGCGCTTGAGCGCTCCCACTAGCAGATGGCCGTTGTGGGTCGGGCTGCGCAACAGCTCGCCCGAACAATCCTGGTCACGCATGGCGCCGCTCTCCCTCGCTAGCTGGGGTACCCCCACCGCATCGCTTCGTCCCCCGCAAGCGGGTGGTACCCCCACTGCATCGTCGCCGGCGGTGCTCATCTGGCAAGACTAGAACGTGTTGCAATTTGGATCTGCCGTGCCCTCGTAATCTCGAAGGATCACTACGCTTGGAGCCCATGGCCGATGCAGACCTCGTCATGACCGGAACCGTGCTCACCGTCGACGATGCGCGGCCAACGGCCGAGGCGATCGCGGTCGCCGACGGCCGGGTCATTGCCGTCGGTGACCGGTCCGAGGTTGCCGGCCTGGTTGGCGCCAACACCCGGGTCATCGATCTGGGTGCCGGGTGCGTCATGCCAGGATTTGTTGAGGCACACGGCCATCCGCTACTGGAGGCGGTCGTGCTGTCGGACCGGTTCGTCGATATCCGTCCGGTGACGATGCGGGACGCGGACGACGTCGTTGCCGCGATCCGCGGCGAGGTTGCACGGCGCGGCCCGGCCGGCGCCTATCTGGTCGGCTGGGATCCGCTGCTGCAGTCCGGTCTTGGCGAGCCGACGCTGACCTGGCTCGACAGCCTCGCGCCGAACGGGCCGCTGGTGATCATCCACAACTCCGGA
NZ_CP041847.1_gap21	651118	652967	1849	ACGAGTCGGGCAAGCTGCCCGGTACCGATGTGCGCGAAGGAGTACACACCCTGCCGATGCTCTACGCGTTACGGGAATCAGGGCCCGATTGCGCTCGGTTGCGCGCACTGCTGAACGGACCGGTCGACGACGACGCCGAGGTGCGCGAGGCGCTGACATTGTTGCGGGCGTCGCCGGGCATGGCCCGGGCCAAAGACGTCCTGGCGCAGTACGCGGCTCAGGCACGTCACGAGCTGGCCTTACTGCCCGACGTCCCGGGACGGCGTGCCCTGGCGGCGCTGGTCGACTACACCGTGAGCCGGCACGGCTAGGTTGCCCGGCCAGGCTCGATTGCGGAACCAGCGGATACCCCTCAGGCGTTGAACCAGCAGTAATCTCCCAAGTTGAGGTGTTCTAGGAGGACACGCACTGATGACTTGGCATCCGCATGCCAACCGGCTGAAGACGTTCCTGCTGTTGGTCGGTATGTCCGCGTTGATCGTGGCCGTCGGCGCGTTGTTTGGCAGGACGGCGCTGATGCTGGCGGCGCTGTTCGCCGTCGGAATGAACGTCTACGTCTACTTCAATAGCGACAAGCTGGCGCTGCGGGCGATGCATGCGCAACCGGTTTCCGAACTGCAGGCGCCGGAGATGTACCGGATCGTTCGAGAGCTGGCGACCAGCGCTCACCAGCCGATGCCCCGGCTGTACATCAGCGACACCGCCGCACCCAACGCGTTCGCCACCGGCCGCAACCCGCGCAATGCCGCGGTGTGTTGCACGACTGGCATCCTGCGTATCCTCAATGAGCGTGAGCTGCGTGCCGTGCTGGGCCACGAGCTGTCTCACGTCTACAACCGCGACATCCTGATCTCTTGTGTGGCAGGTGCGCTGGCAGCGGTGATTACCGCGCTGGCCAACATGGCCATGTGGGCCGGCATGTTCGGCGGCAACCGAGACAACGCCAATCCCTTTGCACTGCTTCTGGTTGCGCTGCTGGGCCCGATCGCGGCAACCGTGATACGGATGGCCGTGTCGCGATCGCGGGAGTACCAGGCCGACGAGTCGGGTGCCGTCCTGACCGGGGACCCGCTGGCGTTGGCGTCGGCATTGCGCAAGATCTCCGGCGGCGTCCAGGCGGCGCCGCTGCCGCCGGAGCCGCAGCTGGCCAGCCAGGCGCACCTGATGATCGCCAACCCGTTCCGGGCGGGTGAGCGGATCGGATCGCTGTTTTCGACTCACCCACCGATCGAGGACCGCATTCGCCGGCTGGAGGCGATGGCGCGCGGCTGATAACTGTGGGTATCGAGATGCCATCGGTGATGAGTCAGGCGCCGCTATCGAGGAGGCGGTCGATCAGTTCGTGGCTGGCATGCCGGCGTGCGGCGAGGACGCGCCCGTCCCACTGACCGAACGCAACAGCCGAACTATCGTTGTGCGGACATCACCGGCATGCGTGCCGGCAGCGGTGGCAAGCCTAAAACCCCGAGCCGTGCACCTCGTGTCCGGGGACCTCGGCGATCAAGCCTCTATACGCCTGCTCCACCGTCGAACCATGGTTGATGACGGCGTCGACCTCGCGGGCGATCGGCATGTTCAGCCCGAACTCGTTGGCGAACTCCATCACCACACCGGCAGCTTTGACGCCCTCGGCGACCTGGCTCATCGATGCGATGATTTCGTCGATCGGCTTGCCTGCGCCGAGTTGTTCGCCCACATGCCGGTTGCGGCTGCGTTGGCTGGTGCAGGTGACGATCAGGTCGCCGAGACCGGCCAGTCCGGGGAACGTTTCGCTTTTCCCACCCATTGCCACACCCAGCTTCGTCATCTCGCGCAGCGCGCGGGCGATCACCAGGGCGCGGGTGTTTTC
NZ_CP041847.1_gap22	697774	700516	2742	GGTTCTGGACACCGAACCGGCCGACGGGGACGGCGGTTAGCATCGGCGCATGCCCGCACCGGGCCACCGATAGCCTCCGGGTGCGCACCGATGAGATCTAGCGAGGAGACCATGATCAGGCGACGAGGCGCCCGTATGGCCGCGCTGCTGGCGGCGGCCGCGCTGGCACTGACCGCATGCGCGGGCAGCGACGACAAGGGCGAACCCGACGACGGCGGGGACCGGGGCGCATCCTTGGCCACCACCAGCGATGCGGACTGGAAGCCGGTGGCCGACATTCTCGGCCGAACCGGCAAGCTGAACGATGGCAGCGTCTACAAAATCGGGTTTGCGCGCTCGGATCTGAGCGTGCAGACCAAGGGGGTGACCGTCGCCCCCGCGCTGTCACTCGGGTCGTGGGTCGCGTTCGCCCGCACCCCCGACGGGCAGACCATGCTGATGGGAGATCTGGTGGTCACCGAAGACGAGCTGGCCTCGGTGACCGACGCCGTGCAGGCCGGCGGCCTGCAGCAGACCGCGCTGCACAAGCACCTGCTCGAGCAGTCGCCGCCGATCTGGTGGACCCACATCGCCGGCCACGGCGACGCCGCCGACCTGGCCCGTGCGGTCCGGTCGGCGCTGGATGCCACCGACACACCACCGCCCGCCTCGGCAACTTCCGGCCAGACCAGCTTGGACCTGGACACCGCGGCCATCGATGAGGCGCTGGGCCGCTCCGGCACCATCGCGGGCGGGGTGTACAAATTCTTCATCGCCCGCCGCGATCCGGTCACCATGTCCGGCATGCTCATCCCCCCGTCCATGGGTCTGGCTACCGCCCTCAACTTCCAGCCCACCGGCAACGGCCGCGCGGCGATCAACGGCGATTTCGTCATGACCGCCGCCGAGGTCCAAGACGTCGTCCAAGCACTGCGCGGCGGCGGAATCGACATCGTCGCCATACACAACCACGGGTTCGACGAACAACCACGCCTGTTCTACATGCACTTCTGGGCCGAGAACGACGCCGTCGCACTCGCCCGCACGCTACGCGCCGCGGTGGACGCCACCGCGGCCCGGTGACCCCGCGCCCCGGCGCATACCGACCCGCCGCGAACCACCGGTGGCGGACGTGGTCATGCAGGCGTCGTGCGATGACGTCCTCGTTCAATGGGCCATGTTCGGCCGGGATCCTCGCCACGGCACGGTCGCATGGAACGCTTCGGCCACGGTGGCCACCCTATGCCGCGTCGAGCCGGGGCTGCCAACTGTTGCGCGGTGAGTGGTCGGTAGTTGTCGGTGGCGTGCTGTAGGAACAGAGGTATGAATCTCGCGGCGTGGGCCGAGCGCAATGGCGTCGCGCGGGTGACCGCGTATCGCTGGTTCCACGCTGGGCTCTTGCCGGTCCCGGCCCGGAAGGTTGGTCGACTCATTCTGGTCGACGAGCTGGCTAGCGAGGCTGGCGCGCAGCCAAAGACTGCGGTGTACGCGCGGGTGTCGTCGGCTGATCAGAAGTCTGATTTGGATCGGCAGGTGGCGCGGGTGACTTCGTGGGCCACAGCCGAACAGATCCCGGTCGACAAGGTTGTCACCGAGGTCGGGTCGGTGCTCAACGGGCACCGACGTAAGTTCCCTGCGGTGCTGCGCGATCTGTCGGTCACGCGGATTGTGGTTGAGCATCGGGATCGGTTCTGCCGGTTCGGTTCGGAGTATGTCCACGCTGCGCTGGCCGCTCAGGGTCGGGAGTTGGTCGTGGTGGACTCGGCCGAGGTTGACGATGACCTGGTATGGGATATGACCGAGATTCTGACCTCGATGTGCGCAAGGTTGTATGGCAAACGTGCTGCTCAGAACCGGGCCAAGCGGGCCGTCGCGGCTGCCGCTGTCGATGATCATGAGGCGGCCTGAGATGCCGCGTTTGGAGATCCCCAACGGCTGGTGTGTGCAAGCGTTCCGGTTCACACTCGATCCGACCGCCGAGCAGGCACACGCGTTGGCGCGGCATTTCGGCGCCCGCCGCAAGGCCTACAACTGGACCGTCGCGCAGCTGAAAGCCGATATCCAAGCGTGGCGCGCGACCGGCGCCCAGACGGCGAAGCCGTCGCTTCGGGTACTGCGGAAACGCTGGAACACGGTGAAAGACGAGGTGTGTGTCAACGCCGAGACTGGCACCGTGTGGTGGCCGGAATGCTCGAAAGAGGCCTACGCCGACGGGATCGCGGGCGCGGTCGACGCGTACTGGAACTGGCAGCAGAGGCGTGCTGGCAAGCGCGACGGCAAGAGAATGGGCTTCCCTCGATTCAAGAAGAAGGGCCGCGACGCCGATCGCGTGTCGTTCACCACGGGTGCGATGCGCGTTGAGCCCGACCGTAGACACCTCACTTTGCCGGTGATCGGCTGCGTGCGTACGCATGAGAACACCCGCCGCATCGAGCGCCTCATCGCCAAAGACCGGGCGCGGGTGCTGGCGATCACGGTGCGCCGCAACGGCACCCGGCTGGATGCGAGTGTGCGGGTACTGGTGCAGCGCCCCCAGCAACCCAACGTGGAACTGCCTGAGTCGCGAATCGGTGTCGACGTGGGTGTTCGTCGTCTGGCCACGGTCGCCACCGCGGACGGCGCATGCTGCCCGGTCCTGGTGCCAGACGGCTAACGCTGGGCATTATCCCCGAGGGCGGCGCCCATATCGACGTGCCCCGAAAGACCGTGGGCGCCTGGCAAACAGCCGACACCATGGGCATCTTCCAGGCCCTTCCCGACGTC
NZ_CP041847.1_gap23	749092	752647	3555	GTGGCAACGAGGACGTGCGGTGGTTCGACATCGAACCCTGCTACGTATACCACCCACTTAACGCCTACTCGGAGTGCCGGAACGGCGCTGAGGTGCTGGTGTTGGACGTGGTGCGCTACTCACGGATGTTTGATCGCGACCGGCGGGGTCCCGGCGGTGACAGCCGGCCCTCGCTGGATCGCTGGACCATCAACCTGGCGACCGGTGCGGTGACCGCCGAATGCCGCGACGATCGGGCGCAGGAGTTTCCCCGCATCAACGAGACTCTGGTGGGTGGGCCGCATCGCTTCGCCTACACCGTCGGCATCGAGGGTGGGTTTCTCGTCGGCGCCGGCGCTGCGTTGTCGACTCCGCTGTATAAACAGGACTGCGTGACCGGGTCCAGCACGGTCGCCTCGCTCGATCCCGACCTGCTGATCGGCGAGATGGTGTTCGTGCCGAACCCGTCGGCGCGTGCAGAAGATGACGGGATTCTCATGGGCTACGGCTGGCACCGCGGCCGCGACGAAGGCCAGCTGCTCTTGCTGGATGCCCAGACTCTCGAGTCGATCGCCACCGTGCACCTGCCACAGCGTGTGCCGATGGGCTTCCACGGCAACTGGGCGCCGACCACCTGACGGCGCCTCGGGTGCGATACAGTGACTCATACCACACAACGGGCCGGTGGCAGCCACGAGCGTCGACAGAAGGGTTTCCCATGGGCGTCAGCATCGAGGTCAACGGACTAACGAAGTCCTTCGGGTCCTCGAGGATCTGGGAAGATGTCACGCTAACGATCCCCGCCGGGGAGGTCAGCGTGCTGCTGGGCCCATCGGGTACCGGCAAATCGGTGTTTCTGAAATCTCTGATCGGCCTCCTGCGGCCGGAGCGCGGCTCGATCATCATCGACGGCACCGACATCATCGAATGCTCGGCCAAGGAGCTTTACGAGATCCGCACATTGTTCGGCGTGCTGTTTCAGGACGGTGCCCTGTTCGGGTCGATGAACCTCTACGACAACACCGCGTTCCCCCTGCGTGAGCACACCAAGAAAAAGGAAAGCGAGATCCGTGACATCGTCATGGAGAAGCTGGCCCTAGTCGGCCTGGGTGGGGACGAGAAGAAGTTCCCCGGCGAGATCTCCGGCGGGATGCGTAAGCGTGCCGGCCTAGCGCGTGCCCTGGTCCTTGACCCGCAGATCATTCTCTGCGACGAGCCCGACTCGGGTCTGGACCCGGTTCGTACCGCCTACCTGAGCCAGCTGATCATGGACATCAACGCCCAGATCGACGCCACCATCCTGATCGTGACGCACAACATCAACATCGCCCGCACCGTGCCGGACAACATGGGCATGTTGTTCCGCAAGCATTTGGTGATGTTCGGGCCGCGGGAGGTGCTACTCACCAGCGACGAGCCGGTGGTGCGGCAGTTCCTCAACGGCCGGCGCATCGGCCCGATCGGCATGTCCGAGGAGAAGGACGAGGCCACCATGGCCGAAGAGCAGGCCCTGCTCGATGCCGGCCACCACGCGGGCGGTGTCGAGGAAATCGAGGGCGTGCCGCCGCAGATCAGCGCGACACCGGGCATGCCGGAGCGCAAAGCGGTCGCCCGGCGTCAGGCTCGGGTTCGCGAGATGTTGCACACGCTGCCCAAAAAGGCCCAGGCGGCGATCCTCGACGATCTCGAGGGCACGCACAAGTACGCGGTGCACGAAATCGGCCAGTAAGGCGCGCGGGGATGCGACCGCCGGACCGCCGCAATCGGATGATTTCGCGTAACTTGCCGCATATCACCCGGAGACCGAATCGGGTCGGCCGCTGGAGGCGGCGCCTGTTCGGGAGCTGATCACGCAACGTTTGTATCTGCTGCCGACCTTCCGTTGGCGGCTCGCGTAGGTGGCACAGTCCGCGAAGTGCTTGGGCCGCTGATCAAGGCGCTCCCGGAGCACAATCCAGACATGTCAGGCCGTCACCGACGCACAGGCGACGGCCCTCGAGCAGCGTGGGAAGAGCCGGGCTCGTCGAGTGGATCACACATTTCGAGGCGCTCTCGTGTATCGAGCGGCACATCAGCCATGCGTGTCTCCTTGTCCTGCCTTCTCCAGAGGAAACCGCTAGTCGTCGGCGCTGACGACCCTCCGCACTCTGATGTCGGGAAGGTGACGCTCTGCGAGTTCGTAGTCGGCATCGTCGTGGAGGACTACTAGGCCCCTGGCCGCCGCAGTGTCGCAGATCAGCAGATCGACAACCGACAGGGCACCCACCGCTCCCGCCCGGGCGAGGCGGTGCTGTGCCGAATCGATCCACCGCCACACGGATTTCGGCACTGGCACATCGGGGTAGACGTCACCAAACATCCGGCTCATCTGGTCGAACTCGTCCGCATTCCGCGCTGATCGGCAGAACTCGGCTCGTTGCGGTTCGCACGACCCGACGGCCCGCTGAGCAGCGCGGAGTTCCAGGCCTCGGTGGGTTCCGGTTGTCGTTGCAGCCGCCAAACCGCTGAGGAATCCACCAGGAAATAGATCAAATCCCGAGGGCCTTCTCGTCGTCCCGCGCGGCCACCCAGCCCTTGTAGTCCCAGCCTTTCGCCTACTCGCGCGAGCGGGCCAGGGCCTCGATGCGCCGAAACCGTTCGACGTAATCGCGCATCGCGAGGTTCACGGCTTCCTTCTTTGTGTGCACGGCGGCGATGCGCATCACATCGGCCAGCGCTTCGTCGTCGAGGTCGATCTGGGTCACCGACACGACGGCCTCCTATGTTGAAGACATATCACATAAACATACGTAACCAACATCGCGAGGAGACCGTCTCGCGCCTGCTCAGGGCAACGATATGGCGCCAGTCAGACCAAGCAGCAATACGATCCCGGGCAATAGGTTGGTCACTTGGTGCGTGACGATGCTGGCCAGTAGACCGCCGGAATAGAACCGTGCCAGCGCGATCGGGATGGCCACCACCACCAGCAGTGGAGCTCGGGCGAACTCGAGATGGGCCAATGCGAAGACCACGGTGGTAACCACCAGCGCCGCCCACCGACCCCAGCGCCGATCCACAGCACCCCAGAGCAGCCCGCGGTAGATGATCTCTTCGCACAGTGGCGCGACGAACACCACGACCAGAAAGACGACCAGCGCCCACGGCCAGGACGCCCGAACGCCACCGAAAATCCTTACTACAGCGGAATTCGCTTCTGGCCCAACGATAGCGGTGTAGACCAGCGACGCCGGAATCGTGACCAGCATTCCGCCGAAACCGAACATCAACCCGAGCCGCAGTCCGCGCCACGACCAGCGCAGCCGCAAGTCGGTGCGGGGGCCGTTGCCGCGGAGCCTGGTGATGAGGATGGCCAGCCCGGCGGCGACCACCGTGGGGGCGGCTAGCGCAAGGGCCAGCACCCCGGCAGACACCGGGCCGTGACCGGTAAGGACAACCGCTAACGAAGTCGAGGCGACCAGGAATACCAGCTCGACGACCAAGAAGGCCCCAAGTCCCCAGCGGTGACTGGGGGCTACGGTATCGGCACGGCCCGCTTCCACGGCTCCGACGGTATCGAAGTGTCACCGCCACCGG
NZ_CP041847.1_gap24	951122	952162	1040	TCCGCGTAGCGGATCGTGATTGCTAATTTGGTAGCAGTGGCTATCCGAGCATCGCGCGAAGTCGTCATCGAAGCGCCTCCGGAAGTGATCGTGGAGGCGCTCGCCGACATGGACGCTGTGCCGTCTTGGTCTTCAGTGCACAAACGGGTCGAAGTCGTCGACACTTACTCCGACGGTCGACCACATCACGTGAAGGTCACCATCAAGGTGGCGGGCATCGTCGACACGGAGTTACTGGAGTATCACTGGGGACCCGACTGGGTGGTGTGGGATGCCGCCAAGACCGCGCAGCAACACGGCCAGCACGGCGAGTACAACCTGCGCCGTGAGGATAACGACAAGACCCGAGTGCGATTCACCCTCACGGTCGAACCCTCGGCGCCCCTGCCGGCGTTTTGGGTCAACATTGCCCGCAAGAAGATCCTCCATGCGGCGACGGAAGGACTGCGAAAGCAGGTGGTGGGGCGCCGACGGTTCACGTCGGGCTAGGTAGCGGGTCGCTCGGCGAGCACGCTCAGTCGCCTGATTGCCTCGTCGAGGGTGTCGTCTCGTTTGCAGAAGGTGAAGCGCACCAGGTGGTTCCACACATCGGCTTGTTGTGAGGCCTGTCCTGCGGCGGGGTCGCAGAACGCCGACATCGGGATGGCGGCCACCCCGACTTTCTCCGGTAGCGCCGCACAGAATTCGGTGCTGTCGTCATAACCCAACGGGCGCGGGTCGGCGCATAGGAAGTACGTGCCGTAGCTGTCGTGCACTGCGAAGCCGATCTCCGTCAGGCCCGCTGCCAGCCGGTCGCGCCGGGCCCGCAACGAGTTCCGAAGGGCCGCCACCCAGGCGTCTTCGGTGTCTAGCGCGAGGGTGACCGCAGGCTGAAACGGTGCGCCGCCCACATAGCTCAGGTACTGTTTTGCGGCGCGCACCCCGGCGATGAGTTCGGCTGGGCCGCAAGCCCATCCGATTTTCCAGCCGGTGCAGTTGAACATCTTGGCCGCACTGGAAATGGTGATCGTGCGCTCGGCCATGCCGTCGAAACCCGCCAG
NZ_CP041847.1_gap25	954001	957878	3877	AACGTCAACGGTGGCGCCATCGCGATGGGCCACCCGCTGGGTGCCACCGGCGCGATGATCCTGGGCACCATGGTCGACGAACTGGAGCGCCGCAACGCCCGACGTGCACTCATCACGCTGTGCATCGGGGGCGGCATGGGTGTCGCGACGATCATCGAGAGGGTTTAACAGCATGCCAGACAACACAATCCAGTGGGACAAGGATGCCGACGGCATCGTCACGCTGACCATGGACGATCCCTCCGGGTCAACCAACGTGATGAACGAGGCCTACATCGAGTCGATGGGCAAGGCCGTCGATCGCCTTGTCGCCGAAAAGGATTCGATCACCGGAGTGGTAGTCGCCAGCGCGAAGAAAACCTTCTTCGCCGGCGGCGACGTCAAGACGATGATCCAGGCCAGGCCCGAGGACGCCGGCGATGTATTCAACACCGTCGAGACCATCAAGCGGCAGCTGCGCACCTTGGAGACATTGGGTAAGCCGGTCGTCGCGGCCATCAACGGGGCGGCGTTGGGCGGCGGCCTGGAGATCGCGCTGGCGTGTCATCACCGGATCGCCGCCGACGTCAAGGGCAGCCAGCTCGGTCTGCCGGAGGTGACGCTGGGTCTGCTGCCGGGTGGCGGTGGGGTGACCCGCACGGTACGGATGTTCGGCATCCAGAACGCGTTCGTGAGCGTGCTGGCGCAAGGTACCCGGTTCAAGCCGGCCAAGGCCAAGGAGATCGGTCTGGTCGACGAGCTGGTGGCAACGGTCGAGGAGCTGGTGCCCGCCGCCAAGGCTTGGATAAAGGAGGAGCTCAAGGCCAACCCCGACGGTGCCGGGGTGCAGCCGTGGGACAAGAAGGGCTACAAGATGCCCGGCGGCACCCCGTCGTCGCCGGGTCTGGCGGCGATTTTGCCGTCGTTCCCGTCGAACCTGCGCAAGCAGCTCAAGGGTGCCCCGATGCCGGCGCCGCGGGCCATCCTGGCCGCCGCGGTCGAGGGGGCACAGGTCGACTTCGACACCGCCAGCCGCATCGAGAGCCGCTACTTCGCGTCGTTGGTCACCGGCCAGGTCGCCAAGAACATGATGCAGGCGTTCTTCTTCGACCTGCAGGCCATCAATGCCGGCGGGTCTCGGCCCGAAGGCATCGGCAAGACCCCGATCAAGAGGATCGGTGTGCTGGGTGCGGGCATGATGGGCGCCGGCATCGCCTACGTCTCTGCCAAGGCCGGCTATGAGGTGGTACTCAAAGATGTCAGCCTTGAGGCCGCCGCTAAAGGCAAGGGCTACTCCGAAAAGCTGGAGGCCAAGGCGCTGGAGCGGGGCCGCACCACACAGGAGCGCAGCGACGCCCTGCTGGCGCGCATCACCCCGACCGCCGACGCCGCCGATTTCAAGGGCGTTGATTTCGTGATCGAGGCGGTTTTTGAAAACCAGGAGCTCAAGCACAAGGTGTTCGGCGAGATCGAAGACATCGTCGAGCCCAACGCGATCCTGGGATCCAACACCTCGACGCTGCCGATCACCGGTCTGGCGACCGGCGTCAAGCGGCAGGAAGACTTTATCGGGATCCACTTCTTCTCGCCGGTCGACAAGATGCCGCTGGTGGAGATCATCAAGGGCGAGAAGACTTCTGACGAGGCCCTGGCCCGGGTGTTCGACTACACCTTGGCCATCGGCAAGACCCCGATCGTGGTCAACGACAGCCGCGGCTTTTTCACCTCGCGGGTCATCGGCACGTTCGTCAACGAGGCGCTGGCGATGCTCGGTGAGGGTGTCGAGCCGGCTTCTATCGAGCAGGCGGGGTCGCAGGCCGGGTATCCGGCGCCGCCGCTGCAGCTGTCCGACGAGCTCAACTTGGAGCTGATGCACAAGATCGCCGTCGCCACCCGTAAGGGTGTTGAGGACGCCGGCGGCACGTACCAGCCGCATCCGGCGGAGGCCGTGGTGGAGAAGATGATCGAGCTCGGCCGGTCCGGCCGGCTGAAGGGCGCGGGCTTCTACGAGTACGCCGACGGCAAGCGATCCGGGTTGTGGCCCGGCTTGCGCGAGACGTTCAAGTCGGGCTCGTCGCAGCCGCCGCTGCAGGACATGATCGACCGCATGCTGTTCGCCGAGGCGCTGGAAACCCAGAAGTGCCTCGACGAGGGGGTGCTGACGTCGACGGCCGACGCCAACATCGGCTCGATCATGGGCATCGGCTTCCCGCCGTGGACAGGTGGCAGTGCCCAGTTCATCGTCGGCTACTCCGGCCCGGCCGGTACCGGTAAGGCGGCTTTCGTGGCCCGGGCCCGCGAGCTGGCGGCCGCCTACGGCGACCGCTTCCTGCCGCCGGAGTCGCTGCTAAGCTGAGCGCGAGCAGACGTAAAAGCCCCCGCACGCTCGGCGTGTCGGGGGCTTTTACGTCTGCTCGCGCAACCTAAATTGCCGGGCCCAGCAGGTCGTCGGCGTCGCGGATGATGTAACCGTAGCCCTGCTCAGCTAAAAACCGCTGCCGGTGTGCGGCGTACTCGGCATCCAGGCTGTCGCGGGCCACCACCGAGTAGAAGATGGCACCGCCCCCGTCGGCCTTGGGTCGCAATATCCGGCCGAGCCGTTGCGCCTCTTCCTGGCGTGAGCCGAATGTTCCCGAAACCTGTACCGCCACGGCGGCTTCCGGCAAGTCGATGGAGAAGTTAGCCACCTTGGACACCACGAGCGTAGCGACCTCGCCGCGGCGGAAGGCGTCGAACAGTGCCTCGCGTTCGCTGGTCCTTGTCGACCCCTGAATCACCGGAGCGCCGAGCTCGGCGCCCAGCTCGTCGAGCTGATCCAAGTACGCTCCGATGACCAGGGTCTGCTCATCCGGGTGCTTCGCCAGAATCGACTTGACCACAGCAATTTTGGTGTGCACCGTCGAGCAGATCCGGTAGCGTTCTTCGGGTTCGGCGGTGGCGTACATCATCCGCTCGCTGTCGGTCATCGTGACCCGGACTTCCACGCACTCAGCTGGCGCGATCCAGCCCTGCGCCTCAATGTCCTTCCACGGCGCGTCATAGCGCTTTGGTCCGATAAGGGAAAACACGTCGCCCTCGCGTCCGTCTTCACGGATCAACGTGGCGGTCAGCCCCAGCCGCCGTTTGGACTGCAGGTCAGCGGTCATCCGGAAGACCGGTGCCGGCAACAGGTGCACCTCGTCATAGATGATGAGCCCCCAGTCGCGGCTGTCGAACAGTTCCAGATGGCGGTACTCGCCCTTAGTGCGGCGGGTGATCATCTGGTATGTCGAGATGGTGACAGGTCGGATTTCCTTGCGTTCTCCCGAGAATTCGCCGATCTCATTCTCGGTGAGCGAGGTGCGCGCGACCAGCTCTCGTTTCCATTGCCGGGCCGCGACGATATTGGTGACCAGGATCAACGTCGTCGCGCCGGCTTTGGCCATTGCGGCCGCACCGACCAGCGTCTTGCCGGCCCCACATGGCAGCACCACCACCCCGGAGCCGCCCGCCCAGAACGAGTCCGCGGCCAGCCGCTGGTAATCGCGCAGCTGCCAGCCCTCCTGGTGCAGGCTGATCGGGTGCGCTTCACCATCGACGTAGCCGGCGAGATCCTCTGCGGGCCAACCGATCTTGAGCAGCAGCTGCTTGACCCGGCCGCGTTCGCTGGGGTGGACGACGACGGTGTCGTCATCGATGCGGGCGCCAAGCATCGGCGCGATCTTCTTGTTGCGCAGCACTTCCTCAAGCACCGCGCGGTCCAGGCTCACCAGCGTCAGGCCATGGGCCGGGTTCTTGACCAACTGCAGTCGTCCGTAGCGGGCCATGGTGTCGACGATGTCGACGAGCAAGGGTTGCGGCACCGCGTAGCGGGAGTAACTGACCAGCGCGTCGACGACTTGCTCGGCATCATGGCCGG
NZ_CP041847.1_gap26	968522	969170	648	ACACCCATTTCCCAAGCCGTCGGACGCCGAGGAGGCCCGAACCGAGGCGTTTCTGGTCAAACTGCGGGAATTCCTCGACACCGTGGACGGCAGCGTCATCGAGCGTGCTGCCCAGATCCCCGACGAGTACGTGAAAGGCCTGGCCGAGCTGGGCTGTTTCGGCTTGAAGATTCCGTCCGAGTACGGCGGGTTGAACATGTCGCAAGTCGCCTACAACCGCGTGCTGATGATGGTCACGACGGTTCATTCCAGTCTTGGCGCGTTGTTGTCGGCGCATCAGTCGATCGGGGTACCTGAACCGCTCAAGCTTGCCGGGACTGCGGAACAGAAGCGGCGGTTCCTACCGCGGTGTGCGGCCGGCGCGATATCGGCCTTTTTACTAACCGAACCCGATGTGGGCTCCGATCCGGCGCGCATGGCATCGACGGCGACGCCGATCGATGACGGCCAGGCTTACGAGCTTGAGGGTGTGAAGTTGTGGACCACCAACGGTGTGGTAGCGGACCTGCTAGTGGTTATGGCGCGGGTACCGCGCAGTGAAGGGCACCGAGGGGGAATCAGCGCCTTTGTCGTCGAGGCTGATTCGCCCGGGATCACCGTGGAGCGGCGCAACAAGTTCATGGGACTGCGTGGCATCGAAAACGGCGT
NZ_CP041847.1_gap27	1100793	1101497	704	CCATTTGCGGAGTCAGCTTTTCGCTCGCCTTTATGGTCCAACCAAAATATCGCCGAGTTGGGTGGCTTTTTGACTCGACCCAACGGTGTCGTGTTAAGCCGACAAGTGGCACAGAAGTATGGCTTGGCTGTGGGCGATCGCATTGCTCTGCAAGTGAAAGGTGCGCCTACCACAGTAACCCTGGTGGGATTGCTGACACCTGCAGATGAAGTTAGCAATCAAAAATTGTCCGACCTTATCATTGCTGATATTTCCACGGCCCAAGAGTTGTTCCATATGCCCGGAAGACTGAGCCACATCGATTTGATCATCAAAGATGAGGCCACTGCAACACGCATCCAACAAAGACTGCCGGCCGGTGTGCGTATGGAAACGTCGGATACCCAACGGGACACCGTCAAACAGATGACGGACGCTTTTACGGTCAATTTAACCGCTCTCAGTTTGATTGCCTTGTTGGTGGGTATCTTTTTAATCTACAATACCGTGACATTTAATGTCGTGCAACGGCGACCGTTTTTCGCCATATTGCGCTGTTTGGGTGTAACCCGAGAGCAGTTATTTTGGCTGATAATGACGGAATCCCTCGTTGCCGGGCTGATTGGTACGGGCTTGGGCCTCTTGATTGGAATTTGGCTCGGCGAAGGCTTGATCGGCCTGGTGACTCAAACCATCAATGATTTCTATTTTGTCATCAATGTTCG
NZ_CP041847.1_gap28	1112346	1117321	4975	GGCGTGGCCGCGGATATGACACGTCCGTGGCCCACGGTTGTCCAGGGCGGTGCTGGTCAGCGTCGGCGCAGAGATGTCGAACCCGACCGCAAGACCCCCGTCCGGTGGATGTCCGGACAGCGGCTCAGTGAAATTACCTGGCCCACAACCGATATCGAGCACTCTGTGGGCGCGGCCGAGGTGCAGAGACACCGCGGCGCGGTGCCGCTCGGTTCGGGTGGTGATGCGGCTGGCAAGGTGGAAGGAGGCCGGACGCCACAACCGTTCGTACAACCGTAAGCTGGGCTTGGCGCCGGGCCGGATTGGACGGGATAGCCGAATTGACCGGCGCACGAGTCGAAGATCTTGCGGGGATGGACGTCTTTCAGGGATGTCCGGCCGAGGGTCTGGTGTCATTGGCGGCGAGCGTTCAGCCGTTGCGGGCCGCTGCCGGCCAGGTGCTGCTGCGGCAGGGCGAGCCGGCGGTTTCGTTTCTGCTTATCTCGTCGGGTAGCGCAGAAGTCAGCCATGTTGGCGACGATGGTGTTGCGATCATCGCTCGGGCGCTGCCGGGCATGATCGTCGGCGAAATCGCGCTGCTGCGCGATAGCCCGCGCAGCGCGACGGTCACCACCATCGAGCCGCTGACCGGCTGGACGGGTGGCCGCGGCGCTTTCGCCACAATGGTGCACATCCCCGGGGTCGGTGAGCGATTGCTGCGCACCGCCAGGCAGCGTCTCGCCGCCTTCGTCTCCCCGATTCCGGTACGGCTTGCCGACGGGACTCAACTGATGCTACGCCCCGTGCTGCCCGGTGACCGCGAGCGGACCGTGCACGGACACATCCAGTTCTCCGGCGAGACGCTGTATCGACGGTTCATGTCGGCTCGTGTTCCCAGTCCGGCGTTGATGCACTACCTGTCGGAAGTCGACTACGTCGACCACTTCGTCTGGGTGGTGACCGACGGAAGCGACCCCGTAGCCGACGCGCGTTTTGTGCGGGATGAAACCGATCCGACGGTCGCCGAGATCGCGTTCACGGTTGCCGACGCGTATCAGGGCAGGGGGATTGGAAGCTTTCTCATCGGTGCGTTGTCCGTGGCCGCCCGGGTCGACGGCGTCGAAAGGTTTGCCGCGCGCATGCTTTCCGACAATGTGCCGATGCGAACGATCATGGACCGCTACGGGGCGGTGTGGCAGCGCGAGGACGTCGGAGTCATCACCACCATGATCGATGTGCCGGGTCCGGGTGAGCTGAGCTTGGGGCGCGAGATGGTCGACCAGATCAACCGGGTAGCCCGGCAAGTGATCGAGGCCGTCGGCTGATCACCGACCCCGGGTCGGTGCGTCCGCCGCTGGCACCGCAGTTCGCCGCTGATCTGCTAGTCAAAACGGTGTCGACGTTGCGCAGCTCAGGGGCTGCGTTGGGTAGATTGACCACGATGCGCAAGGCGGTACTGGCAGTCGGATCGGTGTGCTGGCTTGTCGGCTGCTCATCAGGGGCCAGCTCCACCACCGCCTCGACCGGCGACATCGCCAAGGTGGCCGAAGTGAAGTCGGGCTTTGGACCTGAATACACCGTCACCGATGTCACTCCCAGGGCCATCGATCCCGGGTTCTTTTCCGCCCGCAAACTGCCCGACGGGCTGAGTTTCGATCCGGCGAACTGTGCGCAAGTGGCGGCCGGGCCCCAGCTGCCGACCGGGTTGCAGGGCAACATGGCCGCCGTCTCCGCCGAGGGCAACGGCAACCGGTTCGTCGTCATCGCGGTGGAGACGTCCCAGCCGCTGCCGGCCCCCAGCCCCGGGAAAGACTGCAGCAAGGTGACTTTTTCCGGGACGCAGCTGCGGGGCGGCATCGAGGTGGTCGATGTACCGCACATCGACGGGACACAGACGCTGGGCGTGCATCGCGTGTTGCAGGCGGTCGTCGGCGGGTCAGCGCGCACCGGCGAGCTCTATGACTATTCCGCTCGGTTCGGGGACTACCAGGTGATTGTCATCGCCAATCCACTGGTAATCCCTGGACGGCCGGTTGCGCGGGTCGATACGCAACGCGCCCGCGATCTGCTCGTACAGGCGGTGGCCGCGGTCCGGGGTTGACCGAGTTAGCGGACGTCGCGCGGCCGGAACTGGATGCTCACGCGCGGACCCGTCGGCGCCGATGTCTTGGGCACCGCATGCTCGAAGGTGCGTTGACACGATCCGCCCATCACCAATAGATCGCCATGCGCCAACGGCAGTCGCAACGATGGACCGCGGCCACGCGGCCGCAGCGCGAAGACGCGGGTGGCGCCGAGGCTGACGATCGCCACCATAGTGTCCTCAGTGCTGCCGCGACCAATGGTGTCGCCATGCCAGGCGACGCTGTCAGAGCCGTCGCGGTAGTAGCACAGCCCGGCGGTGGTGAAGGGCTCACCCAGTTCGCCGCCGTAGATGTCGTTGAGCCGCCGGCGCATCCGCGCCAGCTGCGGATGCGGCGGATCTTCGATGGTCAGGTCGTGAAAACTCACCAGCCGCGGCACATCGACCACCCGGTCGTACATCTGACGGCGCTCGGCTCGCCACGGCACCGTCGACAACAACGCGTCCAGCAGTTCTTCGCCGCCGGTCAGCCAGCCCGAACGGATGTCGATAAAGGCTCCGTCGCCGAGCTGTCTTCGCTCGTTGTGCTCGAAGAGCGCGCCTTGAACCGCGATCGCCACGCCGCCAAGCTTATCGCACATTCGTTCGATGGCGCCGCCCCGGCTACGGTTTGACCTGTGGGTGTCGAATTGGGGTCAAATTCCGAGGTCGGCGCGCTAAGAGTGGTCATCCTGCACCGCCCGGGGGCCGAACTGCGCCGGCTCACACCGCGCAACACCGACCAGCTGCTGTTCGACGGCCTGCCCTGGGTATCCCGCGCGCAGGACGAGCACGACGAATTCGCCGAGCTGCTGGCTTCCCGCGGTGCGGAAGTGCTGTTGCTGTCGGACCTGTTGACTGAGGCACTACATCACAGCGGGGCCGCCCGCATGCAGGGGATCGCCGCTGCCGTCGACGCACCGCGGCTGGGACTGCCGCTGGCGCAAGAGCTTTCGGCCTACCTGCGTAGTCTCGACCCAGGCAGGTTGGCGCATGTGCTGACGGCCGGCATGACCTTCAACGAGCTCCCGTCGGACACGCGGACCGACGTGTCGTTGGTGTTGCGTATGCACCATGGCGGAGACTTCGTCATTGAGCCGTTGCCGAACCTGGTGTTCACCCGCGACTCGTCGATATGGATCGGGCCGCGGGTGGTGATCCCGTCGCTGGCATTACGGGCACGGGTGCGCGAAGCGTCGCTGACCGACCTCATCTATGCTCATCACCCGCGGTTCACCGGTGTGCGGCGTGCCTATGAATCGCGCACCGCTCCGGTCGAGGGTGGCGACGTGTTGTTGCTCGCCCCGGGTGTGGTCGCTGTCGGAGTGGGCGAGCGGACTACACCAGCAGGCGCGGAAGCATTGGCGCGCAGCCTTTTTGACGATGATCTTGCGCATACCGTGCTCGCCGTGCCGATCGCTCAGCAGCGCGCGCAAATGCATCTGGACACGGTGTGCACGATGGTCGACACCGATACGATGGTGATGTACGCCAACGTTGTCGACACGCTCGAGGCGTTCACGATCCAGCGCACACCCGACGGCGTGACCATCGGCGATGCGGCCCCGTTCGCGGAGGCGGCTGCCAAGGCGATGGGAATCGACAAGCTGCGGGTAATTCATACCGGAATGGACCCCGTCGTCGCTGAACGCGAACAGTGGGACGACGGCAACAACACGTTGGCGTTGGCGCCCGGTGTCGTTGTCGCCTACGAGCGCAACGTACAGACCAACGCCCGCCTGCAGGACGCGGGCATCGAAGTGCTTACCATCGCCGGCTCCGAATTGGGTACCGGCCGTGGCGGGCCCCGCTGCATGTCCTGTCCGGCCGCCCGCGATCCGCTTTAGGAGTGGCGATTTCGGCGCCTGGCGGCGCCGCAGATCACCGCCAGCTGGGCAGCCAGATCTCCAGGTTCCAGGTCTGTTGTGAGATTGGCAGACCGGTGAGCACCGGATACAGCCACGCAAAGTTCGTCACCACGAGGGCCACGTAGCAGCAGACGACGATCAGCCCCAGTGTGCGTCGTTCGGAGCCCTGACCGGGGTGATAGAGGATATCGCCGAGAACCAGCGAAATGCCCATCACCAGAAATGGCGCCATGGTCGCTGCGTAGAAGAAGTACATCTGCCGGTCGATGTCGGCGAACCACGGCAGCCAACCGGCGCAGTAGCCGACCAGGACCACCGCATAACGCCAGTCCCGGCGCACAAACATACGCCACCCCGCGTATGCCAGGACTGGCACCGCCAGCCACCACATCGCGGGCGTGCCGACCAGCATCTCGGCCTTGACGCACGACTGTGCGCCGCAGCCTGCAACGTCTTGCTGGTCGATGGCGTACAGCACCGGCCGCAACGACATGGGCCAGGTCCACGGTTTGGATTCCCAAGGGTGGTAGTTGCCTGCGGAATTCGTCAGGCCCGCGTGGAAGTGGAACGCTTTGGCGGTGTAGTGCCAGAGCGAGCGCACGGCGTCGGGCAGCGGAACAACCGAGTTGCGACCGACCGCTTGACCGACCGCATGCCGATCGATCGCGGTCTCGGACGCGAACCACGGAGCGTAGGTGGCCAGATAGACCGCGAACGGGATCAACCCCAGCGCATACCCGCTGGGAAGCACGTCACGCCGCACTGTCCCCAGCCACGGTCTTTGCACTTGGTACTGACGTCGCGCCGCCACGTCGAACGCCAGCGCCATCGCGCCGAAGAACAGCACGAAGTACACGCCGGACCACTTGGTGGCGCAAGCCAATCCCAGCAGCACCCCGGCGCCGAACCGCCACCAGCGCACACCCACCCGCGGTCCCCACACGGTGGCGGCGCTGCGGCCGGCCAGCAGAGCGATGTGCATCCGTTCGCGAACCTGATCGCGGTC
NZ_CP041847.1_gap29	1121229	1122354	1125	GAACACGTCGTCGCCGCTGACCGGTTGTATAGACACACTCGGTGCGATCACCGCCAGCGCACCGAACCATTCGCCGGTCAGCGCCGCCGGTGGTGGCAAGTCGAGTCGACTGGTGGCGCGGCCGACCGCCCGCAGCACCGCAGGCGCTCCGCCAAGATCGCCGAGTCGGTCGATTCGCACCGTTCTAGCTTGACAGAACTGTGGATTTTCGCAGCGCAAGTGGCTGCGTGGGGATTTCGTCCGCGTGCTAAGCTCCCACGCTAAGTTCAATCCGTGACCGGCTCCGGTCTCCGTCCCGGGGGGTGTTGCTGTGCGAGCAGCCAATGCCAATGCCGTTTCTCGCTGACCGCGAGACGTTGACGCTCGGTGTGATCTTGAAGTAGCGATGGTTTTAAGAAGTAGGAAAAGCACGCTCGGCGTTGTCGTGTGCTTAGCGCTGGTGCTCGGTGGGCCGCTCAACGGTTGCAGCAGCAGCGCGAGCCACCGCGGTCCACTGAACGCAATGGGAAGTCCGGCCATACCGTCGACGGCGCAGGAGATACCCAACCCGTTGCGCGGTCAGTACGAAGACCTCATGGAACCGCTGTTTCCGCAGGGGAACCCCGCGCAGCAACGCTATCCGCCTTGGCCCGCGTCCTACGACGCGAGTTTGCGAGTCTCCTGGCGGCAGCTGCAGCCTACGGATCCGCGCACTCTGCCCCCGGATGCTCCGGACGACCGCAAGTACGACTTCAGCGTGATCGACAACGCGTTGACCAGGCTCGCCGACCGCGGCATGCGGCTGACGCTGCGGGTGTACGCCTACAGCTCGTGCTGCAAGGCTTCCTATCCGGACGGCACTAACATCGCGATTCCCGACTGGGAGCGCGCTATCGCCAGCACCAACACCAGTTATCCAGGGCCGGCGACCGATCCCTCGACCGGGGTGGTGCAGGTGGTGCCGAATTTCAACGATTCGACCTATCTTAACGATTTTGCGCAGTTGCTCGCCGCGCTTGGTCGCCGCTACGACGGTGACGAGCGCCTCAGCGTGTTCGAGTTCTCCGGGTACGGGGACTTCAGCGAAAATCACGTCGCATACCTGCGCGACACGCTCGGTGCGCCGGGTCCGGGCCCGGATGAAAG
NZ_CP041847.1_gap30	1161462	1163909	2447	TCTTGGCGGCTGACATGGCGGTGTGATCTGGTGCCCGGGCTAGCACACTTCGGCACACAAATGAGACGCGCGGCGCGCGGATTCTAGGCGAATGACGGCTCTTTCGCACCTGGCGTGTCGCGGTAGGGTTGGTGCACTGGATCGGGTCCAAGCGCTACATTCGCCGTCAAGCCTCCACAGCCCGATTGGCAGAGGCAGCGGACAATCCGCGCTCACGGGTGCTGGCGTTTGCTAGTGCCGGTAATCTTCGAAAGAGTCGCTTCTAACTGCCAATATGCCGGGTCGAAGCCACTGTCCAGCACTGTCGGCATCCAGATGGGGGCGTTGGCGCGCTGATCGATACGCCGTCTGCGCGGCTCCCGGCACAATGAGTTCGTGCCCGATTCCTGGCCGGTCGTTTGCGTTGACGACTGGTCTGTTGCCGGCCTGGAGACCCAGGGGCAACACCCGCACGATTGGCTCAAACATTCTTCGCAGAAGCGGACGTGGCTCTTCAAGCCGGCGCGACCGGAGCGCGATCGTTTACTCGGCGAAGACGTGGCAGAAAAGCTCGCCAGCGAGTTGGCGCGGCTACGCGATGTCTCCACAACAAGAGGGGAAGCTCACCCGTCGTGCAAATGCTGAGCGGGGGTCTGGTCGGTCAGCGTGAACCCGAGGCTGGCCGCGTGGTCGAACGATGGGCACAGCGCCTCCACATACTTTGTCTCCAGCGGCGGCACATGGACCGCCCAGTTGCGGTCGTGACGATCACCGTGGGCGATCAATGCGTCGAACACGAGGTAGGTCGAAAGCGCGGAACGTGGGTAGGAGCGCTTGGTCGGCAGGTGCTGCGAACCGAGCAAGCGCCTGCTGGATCGCCTCGACGTTGTGCCCACGTTGCCCGGGATCGTCCCGGTCGCAGTTGAGCACAACCTCGGGCATCAATGCTTGCGGCAACCGCACGTCCTTGACCAGCGCACCGCGCACGCCGTCACGGACAGCCAGCTGGACCGGTGCCGCAGGTATCCCGACTAGGGCGTGTCTCCCAATTTCGGAGTTCCCACTCGGGCGTGGATGACGGCGCAGGCCAGCAGGACGCCGCCGAGGTAGGTCAGGGCGTATTTGTCGTAGCGGGTTGCGATGCCGCGCCACTGCTTGAGTCGATGGAAGCCGCGTTCGACGGTGTTGCGTAGCCCGTAGAGCGCGGCGTCGAATGCTGGTGGCCGCCCGCCGGCAGACCCCTTGGCCTTGCGCCGGTCGATCTGATCTTGGCGTTCGGGGATGGTGTGCTTGATCTTCTTAGACCGTAATGCGGCACGGGTACTTGGGTGTGAGTAGGCCTTGTCGGCGAGTAAGCGGAAATCCGTGCTGCCCAGGGCGTATTCGGTGCTGGCATGGCGATAGTCGTCGAGCAGGGGCAGCAGTTGCGGGTTGTCGCCGGCCTGGCCTGCGGTCAACCGGATCCGCACCGGGGCTTCGCGCTGATCGGTCAGGGCATGGATCTTGGTGGTCAGCCCGCCGCGCGAGCGGCCGATCGCATGATCGTCGGGTTCATCGGCGGATTTCTTGTAATTCGACAGTGCCCCCTGTGGCGAGCGTGTCCGAGCAGGCGCCCGCCGAATGCTGGTGTGCCCGCACGTTCGTGGAATCCACCGACAGCAGCTTCTCGATATCCTCGGCCACCTCAGCGTCCACCCCGAACACCGCGGCAACGTGGGCGAACACCTCGTCGCAGGTACCATCCAGCGACCAACGGTGATGGCGCTTCCACACCGTTTGCCACGGCCCGAACTCAGCGGGCAGGTCCCGCCACGGACTTCCCGTACGGAACCGCCACGCGATCCCTTCCAGGATAAGCCGGTGATCGCTAAACCGTCTGCCGGGCTTGCCCTCATGCGACGGCATCAACGGCTCGACCACGGCCCAGAACTCGTCCGAAATCACACCCACTCGCGTCACCGGCCAATCCTCGCTGGCCAGTAACCTAAAAATTTGGGAGACACGCCCTAGGCGCGGGCTGCAGCGGTAGTACTTTGGCCTGTTCGGCGCATCTCCTATGGCTGCGGCCCGCTGGCTCAAACCTTGCCTTGCCACGCCAAGCCATTCCTAGCCTTGCCTAGCCACACCATGCCCTGCCTAGACACAGCGAGCCTACGCCGCGTCGAGTTCGGCGAAAATCAAACTGACCCACTACCACCGGATTGAAGGGTTTGGTGCGTGTTGATACGTCCCGGGTTGTGCCTATGGGAGGGTGTCCATCTCCACGATGCCGCCGAAGTCGAGTTCGTCGAGTGCTCGGATCACTTCGCTCGACGGGATGCCGCGATAGAAGGGTGCCGCGTTCGGTCCGGTGCCCGTCGACGGTGCTTCCGCAGAGTCCTCGACCACGAGGCCGATCACACGGCCGTCTTGCGCAACGATCGGACCGCCGCTGTTGCCCGGCCGCGCGATTGCCGAGTAGAGGAAAA
NZ_CP041847.1_gap31	1177845	1181896	4051	CGTCGGCGCCAATGGGCCATCCGGCGGCCTGCTCGTCGTGATCACGACCCGCGCGCAGTCCGACGGGGGACGCATCGGGAGTCGCTCGCGTTCGCGGCAGAAGAGCTCCAAACCCCGGGGTAACCAGGCGGCGGCGGGCTTGCGCGTGGTGGCGACCATCGACATCGGGTCATCGGTCCGCGACGTCGCGCTCAGCCCCGACGGTGCCATCGCCTACGTCGCCAGCTGCGGCTCCGACTTCGGGGCAGTGGTCGACGTCATCGACACTCGCACCCACCAGATCACCAGCTCGCGCGCGATCAGCGAGATCGGCGGGTTGGTCACCCGGGTGAGCGTTAGCGGCGACGCGGATCGCGCCTACTTGGTCAGCGAGGATCGGGTGACCGTGCTGTGCACCCGTACGCACGATGTCATCGGCACGATCAGGACCGGCCAGCCGTCGTGCGTGGTCGAGAGCCCGGACGGAAAGTACCTGTACATCGCCGACTACTCCGGCACCATCACCAGGACAGCGGTTGCCTCGACCATCGTGTCCGGGACCGAGCAGCTGGCGCTACAGCGCCGCGGGTCTATGCAGTGGTTCTCGCCTGAGCTGCAGCAGTACGCGCCGGCGCTCGCCTAGCTCGAACGCGCTTCTCGGGGAACCCGTTTCTCATGACTTCTCGCGGCGATAGCATTCGCCCGAGGAGGACATGAGGCGCGCCGAGACCCGTAAGGCGGTACATCGATGTACGGCACGATGCAGGACTTTCCGTTGACGATCACCGCGATCATGCGCCACGGCTGCGGTGTCCACGGGCGACGCACGGTCACCACCGCGACGGGTGAGGGCTATCGGCACAGTAGCTATCGCGATGTGGGGCAACGAGCTGGCCAGCTGGCAAATGCGTTGCGCCGCCTCGGTGTTACCGGGGACCAGCGGGTTGCCACGTTCATGTGGAACAACACCGAACACTTGGTGACCTACTTCGCGGTCCCGTCGATGGGCGCGGTGCTGCATACCCTCAACATCCGGCTCTTCCCCGAGCAGATCGCCTATGTCACCAACGAGGCCGAAGACCGCGTCATTCTGGTCGACTTGTCATTGGCCAGACTGCTCGCGCCGGTGCTGCCCAAACTCGACACCGTGCATACCGTGATCGCGGTAGGAGAGGGCGACACGACGCCGCTGCGGGAAGCTGGCAAGACCGTGCTGCGCTTCGCCGAATTAATTGACGCCGAATCCCCCGACTTCGGGTGGCCGCAGATCGATGAGAACTCCGCGGCCGCAATGTGTTACACCAGCGGTACTACCGGCAATCCCAAAGGCGTTGTATACAGCCATCGTTCGAGCTTTCTGCACACGATGGCGGCCTGCACCACAAACGGTATCGGGGTCGGGTCCAGTGACAAGGTGCTGCCGATCGTGCCGATGTTTCATGCCAACGGGTGGGGGCTACCGTATGCGGCCTTGATGGCGGGTGCGGACTTGGTGCTACCCGATCGGCATCTCGACGCCCGCTCGCTGATCCACATGGTGGAGACGCTGAAGCCGACGTTGGCCGGCGCGGTGCCAACCATCTGGAACGACGTCATGCATTACCTAGAGAAGGACCCCGATCACGACATGTCATCGCTGCGTCTGGTCGCCTGCGGCGGATCGGCGGTTCCGGAATCGCTGATGCGCACCTTCGAGGACAAGCACGATGTCCAGATTCGGCAGCTGTGGGGCATGACGGAAACATCGCCGCTGGCCACCATGGCCTGGCCGCCACCTGGCACCCCGGACGACCAGCATTGGGCATTCCGCATCACTCAGGGCCAACCGGTGTGCGGGGTGGAGACCCGGATCGTCGACGACGATGGCCAGGTGCTGCCCAACGACGGCAACGCCGTTGGCGAGGTGGAGGTTCGCGGGCCCTGGATTGCTGGCTCGTATTACGGGGGACGTGACGAGTCCAAGTTCGATTCCGGCTGGTTGCGCACCGGTGACGTCGGCCGCATCGACGAGCAAGGCTTCATCACCCTGACCGACCGCGCCAAAGACGTCATCAAGTCCGGCGGTGAATGGATCTCCTCGGTTGAGTTGGAGAACTGCCTTATCGCGCACCCGGACGTGCTCGAGGCCGCGGTCGTCGGCGTTCCCGACGAGCGCTGGCAGGAACGGCCGCTGGCGGTTGTCGTAGTTCGGGAAGGGGCCACCGTTAGTGCTGGTGATCTGCGAGCATTCCTGGCGGACAAGGTCGTTCGCTGGTGGTTGCCGGAGCGGTGGGCGTTTGTCGACGAGATTCCCCGCACCAGCGTGGGCAAGTACGACAAGAAGGCCATCCGTTCTCGCTACGCCGAAGGTGCCTACCAGATCACCGAGGTGCACACTTGACCCGCGCGAGCAGACGCAAAATCGCCCATTTTCGTGTCGAAATGGGGGCTTTTGCGTCTGCTCGCGGGTAGAAAGGTGACCATGAGCCTGCGGGTCATTCAATGGGCGACGGGATCGGTCGGTGTGGCGGCGATCAAAGGCGTGCTGCAGCATCCCGAACTCGAACTCGTAGGCTGCTGGGTGCATTCGGCGGCCAAGAGCGGCAAAGACGTCGGCGAAATCATCGGTTCACCACCATTGGGCGTGATCGCGACTAACAGCATCGACGACGTTTTGGCGCTGGACGCCGACGCGGTGATCTACGCGCCATTGCTGCCCAGCGTCGACGAAGTCGCCGCGCTGTTGCGTTCGGGCAAGAACGTGGTCACTCCGCTTGGGTGGTTCTATCCGAGTGAAAAGGAGGCCGCCCCACTGGAAGTCGCCGCGCAGGCCGGCAATGCGACGCTGCACGGCGCCGGAATTGGGCCCGGGGCTGTCACCGAGCTGTTCCCGTTGCTCCTGTCGGTGATGTCCACCGGTGTGACTTTTGTTCGCTCCGAAGAGTTTTCGGATCTGCGCAGCTATGGAGCGCCGGACGTGCTGCGCTATGTGATGGGTTTCGGCGGCACACCGGACAGCGCGTTGACCGGACCGATGCAGAAAATTCTGGACGGGGGCTTCCTGCAGTCGGTACGGCTGTGTGTCGACCGGTTGGGCTTTGCCGCCGACCCCCAGATCCGCACTTCGCAGGAGGTGGCGGTTGCGACCGCCCCGATCGACTCGCCGATCGGAGTAATTGAGCCCGGACAGGTGGCCGGACGCCGCTTCCATTGGGAGGCGCTGGTCGAGGACACAGTGGTCGTCCAGATCGCCGTGAACTGGTTGATGGGATCGGAAAATCTGGATCCCCCTTGGTCATTCGGGCCGGCCGGAGAACGCTACGAGATCGAAGTGCGCGGCAGCCCGGACACCTGCGTCACCATCAAGGGTTGGCAACCGCAGACCGTGGCGGCCGGCTTGAAGAGCAACCCCGGGATCGTGGCAACCGCGGCGCACTGCGTCAACGCGATCCCGGCAACCTGCGCCGCCCCGGCGGGGATCCAGAGCTTTTTCGACCTGCCGCTCATCACCGGCCGGGCCGCTCCCGGGCTGGCACGCTAGAGTTGCTGGCGGCGTCCCCGGCCGGGATGTCGAGAATCGGACGGGTAATCCAATGGCAAAGTCTGTCGTCGTCGAGCAATCGCGAGCGATTCCGGTGCAATCCGAGGATGCGTTCGGTGGCACGCTGGCGGCAGCGCTGCCGGTGATTTGTTCGCACTGGTACGGCCTGATCCCACCAATCAAGGAGGTCCGGGATCAAACGGGTGCTTGGGATTCTGTCGGACAGGCCCGTGTCATCACGATGGTCGGCGGCGGGCGCGTGCGCGAGGAGCTGACCAGTGTCGACCCGCCGCGGTCGTTCGGCTACACGCTCACCGACATCAAGGGCCCGTTGGCGCCGCTGGTCGCGTTGGTGGAGGGCAAGTGGAGCTTCGCTCCCGCGGATACCGGAACCACGGTGACCTGGCAATGGACCATCCATCCTAGATCGGCGCTGGCCGCGCCGGTGTTGCCGGTGTTCGCCAGGATGTGGCGGGGCTACGCGCGCGGGGTGCTCGAGAAGCTTTCCGCTTTGTTGGTGGGCTGAGCGGCGCTGCCGGCTTCGTCTACCGT
NZ_CP041847.1_gap32	1183607	1186307	2700	TGCCAGGCTGCTCGGCGTTTGATCAGCCCTCGATGGTCGCAGCGGCAGATTCGTCGTCGTCGATCTCGAATGCTTCCAAGGCTTGGGTGGCCAGCGCGCGGCCGACGGCGATCACCTCCACCGCGCGGTGAAATTCCAGGCTTCGGCACGTTGAACGCGGTACCTCGATCAGCAGGTCGGCCGGATAGCCCGCCAGCGTATGGCGCGCCAGTGCGGATTGGGCGATATCGATCGTCCGATTCATCACCTCGAAACTGCCCATTTTGGGTAGCCCGGGTGTGTCAGCGGCTTCCTCGCGGTCAGCTGGTGGGCCGGCTGGACGCTGCTCGATCTCCGGAGCTTGCGACCAGGAATCCGATTCCGCGGCCGCCGCGCCGAAGCGACTCAGCACCGCCCGCGCCGTAGGCCGGTCGAGCAGCGACCGGGCGGCGCTGACGTCAAACAGCGCGGAAGTGCTGCGCACCATGCGGTTCAACCACTCGGCGGTGACGTTGGGCTCCGCATCGCGAGCGGGGCCGGCCTCACTGCCGTTAAGGCTGACCGCGATGGTCAGGTCGGCGTTGACCCCGGCGATCGGCGCCATCGGCAGTGGATCCAGGATTCCGCCGTCGGCCAGCAGGCGTCCGTCGACTTCGTGTGGGGCGATCACCCCGGGTATGGCGATGGACGCCCGGATCGCCGCGTCGAGGGGGCCGCGCTGAAACCACACCGACTTGCCGGCCAGTAGGTCGGTGGCCACCGCGGTATAGGGGATCGGCAGCTGCTCGATGGCGACCGGGCCGACGATGTCGCGCACCGCGTCGAGAATCTTTTCTGCCCGCAGGATGCCGGCCGCGCTAATAGACGGATCCAGCAGCCGCAAGATGGTGCGCTGCGTCAGGGACTTGGCCCAGTGGGCGAACTCGTCGAGTCGGCCGGCCGCATGCACCCCACCGACCACCGCGCCCATCGACGAGCCGGCGATCCCAACGATGTCATAGCCGCGCTCCCGCAGCGCCTGGATCACTCCGATGTGGGCGTAACCCCGGGCGCCGCCGCTGCCGAGCGCCAGTGCGACGCGCGGCGAAGACGACCCTCGCACCCGGAGGGCAGCTGGTGCGGGCATGCTTTCATTCTGCTCGGCGAGGTGCCCTTATCGGGATCCGGCCACTAGTTTCTTGCACCCCTGATCTCAATTGCCGAGCGTTATCCGCATTCCGCGTTGGCGGCGGCGCGCGCCGCGACGATCACGGCCGCCTGCCGTGCCGGGGTCAGCGCCGCCCAGCGGATGTGCCAGCTGCCGGCAACTCCGGATGGCGATGCTTGGACCACCGCCAGATACGGCTCGATTAACGACTCGCCGGAGCCGGGCTGGGCATCCATCCACAGCCTTGCGGCGTGACAGGCCTGGTAATACTCCTCCTCGGTCGATTCCGCGGGAGCGTCAACCCTGGTGGTCACGCCGGCCGGGGAGACGCCGACGACGCCCGCCGGCAACGTACCGGCAACGCTTGACGAACGTCCGGCTTTGCTGCTGCCGCCGCGAGAGCAGCCGGCAACGGCCGACAACCACGCCAGCGCCAAAACCATTGCGCACAGCAGGGGGGCATAACGGCTCGGGCGCACCGTCCCAATCTATGCAAGACTGACCGCGTGATGGAGCGCTACGGATTTTGTGGGTGTTGTCGGCCCTGACCTGCCGTCCGCCCTGTCCGTTCGACTCTTTGGAGTTCTCCCGTGGTTATGCCTCTTGTCACGCCAACCACCGCGGTTCCATCACCGGGACCCACACGGCTGCGTGTAGCCGATCTCCTGCGCGCCACCGACCAAGCCGCAGACGACGTGCTTGGCGGGCGCTGCGACCACCTGCTACCCGACGGTGGTGTCCCGCAGACGCAGCGCTGGTACACCCGCATCCACGGTGACGAGGAGCTGGATATCTGGCTGATTAGCTGGGTTCCCGGTCAACCGACCGAGCTGCACGACCATGGCGGGTCCCTGGGAGCGTTGACCGTGCTGAGCGGGTCGCTCAACGAATATCGTTGGGACGGCCGTCGGTTGCGACGGCGCCGCCTCGATGCCGGTGATCAGGCAGGGTTCCCGTTGGGTTGGGTGCACGACGTGGTGTGGGCGCCCCGGCCGATTGGGGGGCCTGATGCGGCCGGGATGGCTGTGGCGCCAACCCTGAGCGTGCACGCCTACTCGCCGCCGCTGACGGCGATGTCGTACTACGAGATCACCGAACGCAACACGCTGCGCCGCCAGCGCACCGAATTGACCGACCAGCCCGAAGGGTCGGGATGAGCCGAATCGACCGGGTGCTGGAGGCCGCTCGCCGCCGGTATCGGCGCCTTGCGGCCGACCAGGTGCCCGAGGCGGCGCGGCGCGGCGCGGTGCTCGTCGACATCCGGCCCCAAGCCCAGCGGGCCCGGGAGGGCGAGGTGCCAGGGGCGCTAGTGATCGAGCGCAACGTCTTGGAATGGCGCTGCGATCCCACCAGCGACGCCCGGCTGCCCCAGGCCGTCGACGACGACGTCGAGTGGGTGATCCTGTGCTCGGAGGGCTACACCTCGAGCCTGGCGGCAGCGTCGCTGCTGGACTTGGGGTTGCACCGGGCCACCGATGTCGTCGGTGGCTATCGTGCGCTGGCGGCCGGCGGCGTGCTGGCCGAGCTTGGTGGTGCCGTGGGCGGGTAGTTTGGCTCGCCGCTGCTGGCTGGGT
NZ_CP041847.1_gap33	1244532	1247419	2887	GCGGTGCGGCAGATACTCGGCGACTGCGTCGGCGGCTTCCTCGAGCGAACCGAAGCCGTCGATGTTGCCCAGCATGAAGTCCCGGATACGGGCGTTGCCCTCCTTCTCGTAACGCGGCACCACGTCGACCAATACCAGTCCGTTCACCGTCTGCGGACCGGCGCGCTCGGCGACCAGGATGCCAGTCAGTCCGCCCATGCTGGCCTCGACCACCACCACACGGCGGCCGATCGCCTCGACGACGTGTAGCACATCGGTGGTCGGGGTCTCCACGGCATAGTCGGCGCCGGGAGCGCGGTCGCTGTCACCGGGTCCGCGGGTGTCCAGCGCAACGACGTGGTGCCCCTCGTCGGCCAGGATCTGGCCGGTGTTTTTCCAGGAAAACCGGTTTTGGCCGCCACCGTGCAACATCAGGATCGTCGGCCGATCGGCCGCTGCGGCGCCCCGATTCCACTCGTCGGCGACCAGGGTAATCCCACGAGCACCGGAAAACGCGACCGCTTGGGGACTGCTGCTCACGGCGCTCACGGGTCCTGACGTTACCTTGCTGGGCACGCGCCAAATCGTCATCGCCGACCTGGAGGATGCGGTGATCAAGGTGCCCTAGCTACTGGCCTCTTGGGTTCCGCCGGTTACGTTGGACCATGCGGGCTGGACGCGGCGAACGGGAGTCAACATGGCGGACGACAATGGCTGAACCACACTGGATTGACGTGAAGGGTCCCAACGGCGACCTGAAAGCCTTGACCTGGGGGCCGGCCGGCGCGCCAGTTGCGTTGTGCTTGCACGGCTTTCCGGATACCGCCTACGGGTGGCGCAAGGTCGCACCCCGGCTGGCCGAGTCCGGCTGGCACGTCGTGGCGCCGTTCATGCGTGGTTATGCGCCGTCTTCGATTCCGGCCGACGGCAGCTATCACGTCGGTGCGTTGATGCACGACGCCCTGCGGGTGCGCTCGGCTGCCGGTGGCACCGAGCGCGATGTGATCATCGGCCACGACTGGGGCGCGATCGCCGCTACCGGCCTGGCCGCCATGCCCGACAGCCCGTTTGCCAAGGCGGTGATCATGTCGGTGCCGCCGTCGGCGGCATTTCGCCCGCTGGGCCGGGTGCCCGAGCGTGGCCGGTTGCTGCGTGAGTTGCCGCATCAGCTGCTGCGCAGCTGGTACATCCTGTACTTCCAGTTGCCCTGGCTGCCGGAGCGATCCGCCTCCTGGGTGGTGCCGCTGCTGTGGCGGCGTTGGTCGCCGGGCTATCACGCCGAGGAAGACCTGCGGCATGTCGACGCCGCGATCGGGACGCCGGAGGGCCGGCGGGCGGCCTTGGGACCGTATCGCGCCACCATGCGCAACACCCGGGCCCCGGCGGACTATGCCGACTTGAATCGGCTGTGGACCGAGGCGCCGAAGCTGCCGGTTCTGTACCTGCATGGCCACGACGATGGCTGTGCCACATCGGCATTCACTCATTGGACGGCAAGGGTGTTGCCCGCCGGCAGTGAGGTGGCCGTAGTGGAACACGCCGGGCACTTCTTGCAGCTCGAGCAGCCGGACAAGATTGCAGAGTTGATCGTGGCGTTCATTGGCTCACCCGGCTGAAGTCGTGGCCGGGCACCGGATGGCGGCCGTCGACGCGCAGTTCTACTGGATGTCGGCCAAAGTCCCCAACGACCAGTTCCTGCTGTATGCGTTCGATGGTGAACCCACCGATCTGGAACGTGCCGTCGCGCAGGTCTACCGTCGAGCCCGTGGGTGTCCGGGCTTAGGGATGCGAGTTCAGGACCGTGGTGCTCTGGCCTACCCGCAGTGGGTGCCCACACCCGTGCAACGTGACCAACTGGTCTGCCACGACCTGGCCGATCGCAGCTGGCAAGGTTGTCTGGCGGCCGTTGTCGGCCTCGCCGGCAAGCAGCTGGATATGCGCCGGATGCCCTGGCGGCTGCACGTGTTCACCCCGGTGCACGACGTTCCGGGCGTCAGCGGCCTCGGCACCGTCGCCGTCATGCAGTTCGCGCATGCGCTGGGCGACGGCGCGCGGGCTTCGGCGATGGCCGCGTGGCTGTTCGGCCGGCCGGCCGCGGTTCCCGAAATAGCCAGGTCGCGTGCGGGTTTCCTGCCGTGGCGGGCCGCCCATGCGGCCCGCGCTCATCTCCGACTGGTTCGTGATACCAATGCCGGGCTGGTAGCGCCAGGTGTCGGATCCCGGCCGCCGCTGTCCACGAATGCCCGCCCCGAAGGTGTCCGCGCGGTGCGCACCCTGCTGCGGCGGCGCTCGCAACTAGCCGGTCCCACGGTGACCGTCACGGTGCTCGCCGCGGTGTCCACCGGGCTGTTGGGTCTGCTTGGCGGGGATGTGGACACGCTAGGCGCCGAAGTACCCATGGCCAAACCGGGTGTGCCACGGTCATATAACCACTTCGGCAACGTTGTCGTTGGGCTGTACCCGCGGCTGGAGCCCGATGAGCGGGTGCGGCGGATCGCAACCGATTTGGCCAACGCCCGCCGTCGCTTTGAACATCCGGCGATGCTCTCCGCTGACCGGGCCTTTGCGGCGGTACCGGCGGCGCTGCTGCGTTGGGGCGTATCGCAGTTCGACGCTGAGGTGCGGCCGGTGCGGGTGGCCGGCAATACCGTGGTGTCCAGTGTTTATCGCGGGGCTGCCGATCTGAGCTTCGGGGACGCTCCGGTGGTGCTGACGGCCGGGTATCCGGCGCTGTCGCCGGCGATGGGTCTAACCCATGGCGTGCACGGCATCGGTGATACCGTCGCGATCAGTGTGCACGCGGCCGAGTCTGCGGTGTCTGACATCGACGCCTACATGCGGCTGCTGGACGCGGCTCTGCAGTGAAAACTACTGGGCATCACCGGATTTAGCCGCTTCGTCTCGTGTC
NZ_CP041847.1_gap34	1266257	1267315	1058	GATAACCATCACCACATAGTGTGGGCGGCCAAACTCTTTGCCGCCCTGCGCGAAAGACCACCGCGCGTTACGCTGGGCCACCACCAGCTCCGCCAGCCGTTCGAAGACGACCGCCAGGATCAGCAGGTAGTACACGGCCCTACCACCTAAGAAGCACCGACTCGGAGGAAAAACCCGGGCCTATGCACACTATCCTGGCGGGACCGGCGATGCAGCCCAGCCCGAACGGTGGAATAGCTCCCCCTGCGATCGACTCCATATTGTCAGCCACGTTACTGGCGCCGGATGGGTTCAGATTCTGGCGAGTGGGACCGCCATTGCCGGGCCGTTCCACGGCCCGTATCGTCGCCGCGCTGTGCTGGATTGCGCGGCTTCTCCTCGGGCCGTTCCACGGCCCGTATCGTCGCCGCGCTAGGTTGGACGCTGTGCGGATCGTGGTGAGCAGTGCCACCAGAAATGCGGGTTCGTACACCTGTGTCAGCACCGGCAGCGCTGGATGCCGCGAGATTACACCGCCCCTCGCTGGGCCCACGCCTGGGCCGGTGAACCCCGGCCCGCCCGCTGGCACCCTGCGAACCAGCCTGCACATCCTGACCACTCCAACCGCGAAAGTCCGGCCTGCATGAGCCAATCCACCACTCCATACCGCAGCAGCGTGCTTGCCGAGTTTCGTCGTGCGATCACCAATGTCGCTGTGCCCCATCATGAACCGCCGGGAATCGTGCGCCGCCGCCGTGTGGTCGTCGGCGTCACGTTGGTTATCGGCGCTGTGATGCTGGGCTTTTCGCTGAGGCGGACGCCCGGCGAGTCGAGCTTTTACTGGCTGACGCTCGCGCTGGCAGCCGTGTGGATCGCCGGCGCACTGATGTCTGGACCGCTGCATCTGGGTGGCATCTGTTGGCGCGGTCGCAATCAGCGTCCGGTCATCACCGGGACCACTGTCGGGCTGCTGCTAGCAGGCATCTTCGGGGTGGGTGCAATGATCGTCAGGGCAATTCCTGGCGCAGCTGAACCGATAGCCCGCGTCCTGCAATTCGCCCATCAGGGAACTCTGCTGC
NZ_CP041847.1_gap35	1272005	1273470	1465	CAAGTTCGGCCAGAGCGGTCAGAAAATGCTGATCGTGGTTACGGCAGCCGCGGGCGCCGACAGCCCACCTGCCCGCGAGGTCGGGACTGACATCGTCGAGGTGCTGCGGCGGTCGCCGTTGGTTTACAACGTGACCTCGCCGTGGACTGTGCCACCGACTGCCGCCGCCGACCTGCTCAGCACCGACGGAAAATCGGGGTTGATCGTCGTCAACGTCAAAGGCGGCGAAAACGACGCGCAGAACCACGCCCAAACCCTGTCAGACGAAGTCGCCCATGACCGCGACGGCGTCACCGTCCGTGCCGGCGGCTCGGCGATGGAGTACGCCCAGATCAATCGGCAGAACAAAGACGACCTGCTGGTGATGGAGTTGATCGCGATTCCGCTGAGCTTCCTGGTGCTGATCTGGGTGTTCGGTGGGCTGTTGGCCGCCGGGCTGCCGATGGCCCAGGCCGTACTGGCCGTTGTGGGATCGATGGCCGTATTGCGACTCGTTACGTTTGCCACCGAGGTGTCGACCTTCGCGCTCAACCTGAGTACAGCGTTGGGCCTCGCGTTGGCTATCGACTACACGCTGCTCATCGTCAGTCGCTATCGCGACGAGCTCGCCGAGGGCAGTGATCGAGACGAAGCACTGATCCGGACCATGGCGACTTCGGGGCGCACGGTGTTGTTTTCGGCGGTCACCGTGGCGCTGTCGATGTCGGCGACTGCGCTGTTCCCGATGTACTTTCTGAAGTCGTTCGCCTACGCCGGCGTGGCTACCGTGGCATTCGTCGCGACCGCGTCGATCGTGATCACCCCGGCCGCGATTGTGTTGCTAGGTCCTCGGCTAGATGCGTTGGACGTGCGCCGACTGGTGCGTCGGCTGCTGGGCCGGCCCGATCCGGTGCACAAACCGGTCAAGCAACTGTTCTGGTACCGGTCGAGCAAGTTCGTGATGCGCCGTTGGCTGCCGGTCGGTACGGCTGTTGTCGCGCTGCTGGTGCTGCTCGGGCTGCCGTTCTTGTCGGTGAAGTGGGGTTTCCCGGACGACCGGGTGTTGCCGCGGTCGGCGTCGGCCCGTCAAGTCGGCGATATCTTGCGCGATGACTTTGGCCACGATCCTGCGACGCAGATACCCATCGTCGTCCCGGACGCTCGTGGTCTCGGCCCGGTCGAACTTGACAGCTACGCAGCCGAGTTGTCCCGGGTGCCCGACGTATCCGCGGTAGCCGCCCCGACGGGCACGTTCGTAGACGGCAGCTGGGTGGGAACGCCGCGCGGGGCCACCGGGTTGGCTGAGGGCAGCGCGTTCCTGACGGTGAGCAGCACGGCGCCGCTGTTTTCGCGAGCCTCCGATATCCAGCTCAAGCGGTTGCACCAGGTGGCAGGGCCGGCCGGTCGATCCGTCGTGATGGCCGGTGTCGCGCAGGTCAACCGCGACAGTGTCGACGCGGTGACCGATCGGCTTCCGATGGTGCTA
NZ_CP041847.1_gap36	1471778	1474937	3159	GCGGTGGAATGCGCAGATATCAGGAGGAACACCGGTGGCGAAGGCGGGTCTCTGGGCAGTAACTGACGCTGAGGAGCGAAAGCGTGGGGAGCGAACAGGATTAGATACCCTGGTAGTCCACGCCGTAAACGGTGGGTACTAGGTGTGGGTTTCCTTCCTTGGGATCCGTGCCGTAGCTAACGCATTAAGTACCCCGCCTGGGGAGTACGGCCGCAAGGCTAAAACTCAAAGGAATTGACGGGGGCCCGCACAAGCGGCGGAGCATGTGGATTAATTCGATGCAACGCGAAGAACCTTACCTGGGTTTGACATGCACAGGACGCGTCTAGAGATAGGCGTTCCCTTGTGGCCTGTGTGCAGGTGGTGCATGGCTGTCGTCAGCTCGTGTCGTGAGATGTTGGGTTAAGTCCCGCAACGAGCGCAACCCTTGTCTCATGTTGCCAGCACGTAATGGTGGGGACTCGTGAGAGACTGCCGGGGTCAACTCGGAGGAAGGTGGGGATGACGTCAAGTCATCATGCCCCTTATGTCCAGGGCTTCACACATGCTACAATGGCCGGTACAAAGGGCTGCGATGCCGCGAGGTTAAGCGAATCCTTAAAAGCCGGTCTCAGTTCGGATCGGGGTCTGCAACTCGACCCCGTGAAGTCGGAGTCGCTAGTAATCGCAGATCAGCAACGCTGCGGTGAATACGTTCCCGGGCCTTGTACACACCGCCCGTCGCGTCATGAAAGTCGGTAACACCCGAAGCCAGTGGCCTAACCCTCGGGAGGGAGCTGTCGAAGGTGGGATCGGCGATTGGGACGAAGTCGTAACAAGGTAGCCGTACCGGAAGGTGCGGCTGGATCACCTCCTTTCTAAGGAGCACCACGAAAACGCCCCAACTGGTGGGGCGTAGGCCGTGAGGGGTTCTTGTCTGTAGTGGGCGAGAGCCGGGTGCATGACAACAAAGTTGGCCACCAACACACTGTTGGGTCCTGAGGCAACACTCGGACTTGTTCCAGGTGTTGTCCCACCGCCTTGGTGGTGGGGTGTGGTGTTTGAGAACTGGATAGTGGTTGCGAGCATCAATGGATACGCTGCCGGCTAGCGGTGGCGTGTTCTTTGTGCAATATTCTTTGGTTTTTGTTGTGTTTGTAAGTGTCTAAGGGCGCATGGTGGATGCCTTGGCATCGAGAGCCGATGAAGGACGTGGGAGGCTGCGATATGCCTCGGGGAGCTGTCAACCGAGCGTGGATCCGAGGATTTCCGAATGGGGAAACCCAGCACGAGTGATGTCGTGCTACCCGCATCTGAATATATAGGGTGCGGGAGGGAACGCGGGGAAGTGAAACATCTCAGTACCCGTAGGAGGAGAAAACAATTGTGATTCCGCAAGTAGTGGCGAGCGAACGCGGAACAGGCTAAACCGCACGCATGGGTAACCGGGTAGGGGTTGTGTGTGCGGGGTTGTGGGAGGATATGTCTCAGCGCTACCCGGCTGAGAGGCAGTCAGAAAGTGTCGTGGTTAGCGGAAGTGGCCTGGGATGGTCTGCCGTAGACGGTGAGAGCCCGGTACGCGAAAACCCGGCACCTGCCTAGTATCAATTCCCGAGTAGCAGCGGGCCCGTGGAATCCGCTGTGAATCCGCCGGGACCACCCGGTAAGCCTAAATACTCCTCGATGACCGATAGCGGATTAGTACCGTGAGGGAATGGTGAAAAGTACCCCGGGAGGGGAGTGAAAGAGTACCTGAAACCGTGTGCCTACAATCCGTCAGAGCCTCCTTTTCCTCTCCGGAGGAGGGTGGTGATGGCGTGCCTTTTGAAGAATGAGCCTGCGAGTCAGGGACATGTCGCAAGGTTAACCCGTGTGGGGTAGCCGCAGCGAAAGCGAGTCTGAATAGGGCGACCCACACGCGCATACGCGCGTGTGAATAGTGGCGTGTTCTGGACCCGAAGCGGAGTGATCTACCCATGGCCAGGGTGAAGCGCGGGTAAGACCGCGTGGAGGCCCGAACCCACTTAGGTTGAAGACTGAGGGGATGAGCTGTGGGTAGGGGTGAAAGGCCAATCAAACTCCGTGATAGCTGGTTCTCCCCGAAATGCATTTAGGTGCAGCGTTGCGTGGTTCACCGCGGAGGTAGAGCTACTGGATGGCCGATGGGCCCTACTAGGTTACTGACGTCAGCCAAACTCCGAATGCCGTGGTGTAAAGCGTGGCAGTGAGACGGCGGGGGATAAGCTCCGTACGTCGAAAGGGAAACAGCCCAGATCGCCGGCTAAGGCCCCCAAGCGTGTGCTAAGTGGGAAAGGATGTGCAGTCGCAAAGACAACCAGGAGGTTGGCTTAGAAGCAGCCACCCTTGAAAGAGTGCGTAATAGCTCACTGGTCAAGTGATTGTGCGCCGATAATGTAGCGGGGCTCAAGCACACCGCCGAAGCCGCGGCACATCCACCTTGTGGTGGGTGTGGGTAGGGGAGCGTCCCTCATTCAGCGAAGCCACCGGGTGACCGGTGGTGGAGGGTGGGGGAGTGAGAATGCAGGCATGAGTAGCGACAAGGCAAGTGAGAACCTTGCCCGCCGAAAGACCAAGGGTTCCTGGGCCAGGCCAGTCCGCCCAGGGTGAGTCGGGACCTAAGGCGAGGCCGACAGGCGTAGTCGATGGACAACGGGTTGATATTCCCGTACCCGTGTGTGGGCGCCCGTGACGAATCAGCGGTACTAACCACCCAAAACCGGATCGATCACTCCCCTTCGGGGGTGTGGAGTTCTGGGGCTGCGTGGGAACTTCGCTGGTAGTAGTCAAGCGAAGGGGTGACGCAGGAAGGTAGCCGTACCAGTCAGTGGTAACACTGGGGCAAGCCGGTAGGGAGAGCGATAGGCAAATCCGTCGCTCACTAATCCTGAGAGGTGACGCATAGCCGGTTGAGGCGAATTCGGTGATCCTCTGCTGCCAAGAAAAGCCTCTAGCGAGCACACACACGGCCCGTACCCCAAACCGACACAGGTGGTCAGGTAGAGCATACCAAGGCGTACGAGATAACTATGGTTAAGGAACTCGGCAAAATGCCCCCGTAACTTCGGGAGAAGGGGGACCGGAATATCGTGAACACCCTTGCGGTGGGAGCGGGATCCGGTCGCAGAAACCAGTGAGGAGCGACTGTTTACTAAAAACACA
NZ_CP041847.1_gap37	1489806	1493351	3545	GGCGCGCCGAGACCGGTTCCGCCGGTGCCGCCAATGCCGCCAGCGCCGAAGAGGATGCCGGCGTTGCCGCCCGCCCCGCCGGCCCCGCCCTCACCGCCCACGAGTTGGTTACCGGTGCCAGTTCCGCCGGTGCCGCCGGTCCCGCCGTTGCCGGTGAAGATGCCGCCGTCGCCTCCGGTGCCGCCGTTCCCTCCGGCCGAGCCGGAGACTCCGAACCCGCCGGCGCCGCCGGCACCGCCATTGGAGAACAGCCCGCCGCCCCCGCCGGTGCCGCCGGTGCCACCGGTGCCCCCGTTGACGCTCAACCCGCCGGTGCCGCCGGCACCGCCGGCGGCCAACACCTCGAACAGCCCGCTGCGACCGCCGGCCCCGCCGATGCCACCGGCTCCGAACAGCCCGGCCGCCCCGCCGTCGCCGCCGAGCCCGCCTGTGCCGGTGTTCCCGACTCCGCCGGGCCCACCGGCGCCGCCGGAGCCGAACAGCAGCCCGCCGGCCCCGCCGGCCCCGCCAGCCGCGCCGTTGCCCGGGCCGTCACCCCCGGCCCCACCCGCCCCGCCGTTGCCGAATAGCCCCGCGGCTCCACCTGGGCCGCCGGCCTGGCCGGGCGCCCCGGACCCGCCGGCCCCGCCGTTGCCGTACAGCAGCCCGCCGGCCCCGCCGGCTTGCCCGGTCCCCGGTGCGCCGTTGGCGCCGTTGCCGATCAGCGGACGCCCCAGCAACAGCTGGGTGGGCGTGTTCACAATGTTGAGCAGGCCCTCCAACGGCGCCGCGGCGGCGGCCTCAGCGCTCGCGTACGCGCCAGCGCCCGCAGTAAAGGTTTGAACGAACTGGGCATGAAACGCCGACATCTGAGCGCTCACCGCCTGATAGGCCTGGCCATGCGCGGCGAACAGCGACGCGATGGCCGCCGACACCTCATCAGCACCGGCTGCCAGAAGTTCCGTCGTCGGGCCCAATGCCGCGGCGTTGGCGGCCCCCAGCGTCGACCCGATGTTCGCCAAATCCGAAGCGGCCCTCACCAGCGTCTCGGGAGCGGCGATTACAAACGACATGCTTTCCTCCGATCAGCTGTGCGTCGAGTATCCAGCTCGAGTTAGCACAGGGTAGCGCTATCGCTTAGCCTTTCTGATCAATCTCGGAGTGCAGTGTGCAGAGTGCATCGAATCGGCTCATCAGGCATGTGCAATCTGCTCATGGCAGGCGCTAGGCGGGCGTCAGCCACAGCGCCGAAGTGGGCGGCAGCACCAGCACCGCGGACGCCGGGCGGCCATGCCAGGGGTCGTCGGTGGCGTCCACGCCGCCGAGGTTGCCGATCCCTGAGCCGTGGTAGATCGTCGCGTCGGTATTGAGCACCTCGCGCCAGCGGCCCGCGCGCGGCAGCCCGAGTCGATAGTCACGGTGTTCGGCACCTGCGAAATTGAACACGCAGGCCAGCACCGAGCCGTCGCTGCCGTAGCGCATAAAGCTCAACACATTGTTGGCGGAGTCGTTGGCGTCGATCCAAGAATAGCCTTCGGGGGTGGTGTCTAAGCTCCACAGCGCCGGGTGGCATCGGTAGATGTCGTTGATGTCGCGCACCAGCCGCTGAATCCCGTTGGAGAAGCCGTTTTCGTCGAGTTGGAACCAGTCCAGGCCGCGCTGCTCGGACCATTCGGCGCGTTGGCCGAATTCCTGACCCATGAACAGCAATTGCTTGCCGGGGTGTGCCCATTGGTAGGCAAGCAGGCTACGCAGGCCGGCGGCCTTGACGTGATTGTTGCCCGGCATCCGCCCCCACAGCGTGCCTTTGCCGTGCACCACCTCGTCATGACTGAGCGGCAACACGTAATTTTCGCTGAACGCATACAGCATCGAGAACGTCATCTCGTGGTGGTGGTAGCTGCGGTACACCGGATCTCGGCTGACGTAGTCGAGCGTGTCGTGCATCCAGCCCATGTTCCACTTCATCGAAAAGCCCAGGCCGCCAATGTTGGTCGGGCGGGTCACCCCAGGCCACGGCGTGGACTCCTCGGCGATGGTGACGATTCCCGGCGCGACCTTGTGCGCCGTGGCGTTCATCTCCTGCAGGAACTGCACTGCTTCCAGGTTCTCCCGGCCGCCGTGGACGTTGGGGGTCCAGCCGCCCTCGGGTCGCGAGTAGTCTAGATAGAGCATTGAGGCCACCGCGTCCACCCGCAGGCCGTCGATGTGGAACTCCTGTAGCCAGTACAACGCATTGGCTACCAGAAAGTTGCGCACTTCCGGGCGGCCGAAGTCGAACACGTATGTGCCCCAATCCAGTTGCTCGCCGCGTTTGGGATCGGAATGTTCGTAGAGCGGAGTGCCGTCGAACCGTCCCAGGGCCCACGCGTCCTTCGGGAAGTGCGCTGGGACCCAATCCACGATGACGCCGATGCCGGCCTGGTGCAGGGCGTCGACCAGCGCCCGGAAGTCGTCGGGTGTGCCGAATCGTGATGTCGGCGCATAGTAGGACGTGACCTGATACCCCCATGATCCGGCGAATGGATGCTCGGCGACGGGCAACAGCTCCACATGGGTAAACCCTTGATCCACAATGTAATCCGTCAACTCACGAGCAAGCTGGCGGTAGCTGAGTCCAGGCCGCCACGAACCGAGATGGACTTCGTAGGTGCTCATCGCCTCGTTCACCGGGTTGCGCAGCGCACGCCCAGCCATCCAGTCGTCGTCACCCCAGGTGTAGTCACTCGACGTCACCCGCGATGCGGTCTGCGGCGGCACCTCGGTGCCGAACGCGAACGGGTCGGCCCGATCGGTAACCACGCCGTCGGCGCCGTGCACGCGGAACTTGTACAGACCGTCGCAAGGGAAGTCGGGCCAGAACAATTCCCATACCCCTGATGGGCCGAGCACCCGCATGGGGGCTTCGTGGCCATTCCAACCGTTGAACTCGCCGATCAAGCTGACGCCCTTGGCGTTGGGCGCCCACACGGCGAACGACACGCCACTCACCACACCGTCGGCCGTGGTAAACGAGCGGGGGTGGGCACCCAGGACTTCCCAAAGCCGTTCGTGGCGGCCCTCGGCGAACAGGTGCAGGTCGACCTCGCCCAGGGTGGGCAGGAATCGGTACGCATCGGCCACGGTGTGTGGCTCGCAACCTTCATAGGTCACCTGCAGGCGGTAGTCGATGAGGTCGACGAACGGCAATGCGACGGCAAACAGGCCAGAATCGAGGTGCTGCAACGAGAACCGGTCCTTACCAACGAGCGCGACGACCTCGACGGCATGCGGACGGAACGCTCGGATGACGGTATGGTCGTCGTATTCGTGGGCGCCCAGGATGCCGTGCGGGTTGTGATGTGTACCCGCCACCAAGCGCGCCATTTCGGCCGGCTCGGGTGCAAGGTGCTCCCCGGTGAGTTTCTCGGATCGACTCATGAGCCCGTCACCTCCTGCGCAGCAGCGTGTTTCGGCTCTCGTAGGGCACGGCTGGCATGTTGATGATGTGGGCGACTGCCCGTGCTGGGTCGATGCGGATGTAATTGGCTTGCCCCCATTGGTATTCTTCGCCGGTTATCTCGTCG
NZ_CP041847.1_gap38	1496244	1500715	4471	CGGGGTGCGGGCGATTCGTGCGTACACCGCCGTCGAAAAGCTCACCCCGCCTGAGGTCTTCCACATGAACGAGGGCCACGCCGGATTCCTCGGCATCGAACGCATCCGTGAACTGGTCACCGATGCGGGTTTGGATTTCGACACCGCATTGACTGTGGTGCGGTCCAGCACGGTGTTCACCACTCATACTCCCGTCCCCGCCGGGATCGACCGGTTCCCGCTCGAGATGGTGCAGCGCTACGTCAATGACCAGCGCGGCGATGGCCGGTCTCGGCTGTTGCCTGGGTTGCCGGCCGACCGCATCGTCGCGTTGGGCGCCGAGGACGATCCGGCCAAATTCAACATGGCACACATGGGCCTGCGGCTGGCGCAGCGGGCCAACGGCGTCTCGTTGCTGCATGGCCGGGTCAGTCGTGCCATGTTCAACGAGCTGTGGGCGGGATTCGACCCCGATGAGGTGCCGATCGGCTCCGTCACCAACGGTGTGCACGCGCCCACCTGGGCGGCGCCGCAGTGGTTGCAGCTGGGCCGCGAGCTGGCCGGGTCGGACTCTTTGCGCGAGCCCGTCGTTTGGCAGCGACTGCATCAGGTCGATCCTGCTCATCTGTGGTGGATCCGCTCACAACTGCGGTCGATGCTGGTGGAGGACGTCCGGGCGCGGTTGCGGCAATCATGGCTGGAACGTGGTGCAACGGATGCCGAACTGGGTTGGATCGCGACGGCATTCGATCCGAATGTGCTCACCGTCGGCTTCGCCCGGCGGGTCCCGACCTACAAGCGGCTGACGTTGATGTTGCGCGATCCCGATCGGCTCGAGCAACTGCTGCTCGACGAACAGCGGCCGATCCAGCTGATAGTGGCTGGGAAGTCGCACCCGGCCGACGACGGGGGCAAAGCGCTGATCCAGCAGGTGGTGCGGTTCGCCGACCGGCCGCAGGTCCGCCACCGCATCGCCTTCCTGCCGAACTACGACATGTCGATGGCCCGGCTGTTGTACTGGGGCTGCGACGTCTGGTTGAACAACCCGCTGCGGCCGCTAGAGGCGTGTGGTACCTCGGGCATGAAAAGCGCGCTTAACGGCGGGCTGAATTTGTCGATCCGTGACGGCTGGTGGGACGAGTGGTACGACGGCGAAAACGGTTGGGAGATACCGTCTGCCGACGGTGTGGCGGACGAGAACCGTCGCGACGACCTGGAGGCCGGCGCGCTCTACGACCTGCTGGCACAAGCCGTGGCACCGAAGTTCTACGAGCGCGATGAACGCGGGGTGCCGCAGCGGTGGGTAGAGATGGTCCGGCATACCCTACAAACGCTCGGGCCCAAGGTGCTGGCTTCTCGAATGGTGCGCGACTACGTCGAGCATTACTACGCGCCGGCGGCGCAGTCTTTTCGCCGGACCGCGGGCGCCCAGTTCGACGCGGCCCGCGAGCTGGCCGACTACCGCCGGCGCGCGGAAGAAGCGTGGCCCAAGATCGAGATTGCCGACGTCGACAGCACCGGTCTGCCGGATACTCCACTGCTCGGGTCCCAGCTGACCCTGACGGCAACCGTGCGGCTGGCCGGGCTGAGGCCAAACGACGTGACGGTGCAGGGGGTGCTGGGCAGGGTCGACGCCGGCGATGTGCTAATGGATCCGGTCACCGTCGAGATGGCGCATACCGGCACCGGCGACGGCGGCTACGAGATCTTCTCGACGACGACGCCGCTGCCGCTGGCGGGGCCAGTCGGATACACCGTGCGGGTGCTGCCTCGCCACCCGATGCTGGCCGCCAGCAACGAGCTCGGCCTGGTCACCCTGGCCTGACCCGCCGAGAAGACGCAAAAGCTCCTAAATCTGGCCGATTTAGTGGGCTTTTGCGTCTGCTCGCGCAAGGCGCCGCAGGGCCGCGCGCACTTGCGTGGCGTTGGTGGTCTGCCAAAAGGGCGGCAGCGAGGCTCGCAGGAATTCGCCATAGCGGGCGGTAGCCATCCGTGAATCGAGCACCGCAACCACGCCCCGATCGGTGACGCGCCGTAACAGCCGGCCGGATCCCTGTGCCAGCAGCAGCGCCGCGTGGCTGGCGGCGACCGTCATGAAGCCGTTGCCGCCACGGGCGGCCACCGCACGCTGGCGGGCACTCAGCAGGGGATCGTCCGGCCGGGGGAACGGGATGCGGTCGATCAACACCAACGACAGCGACGGTCCCGGCACGTCGACCCCCTGCCACAGCGACAGCGTGCCGAACAGGGAGGTCGCCGCATCGGCGGTGAACTTCTCCACCAGCGTGGACGTACTGTCGTCGCCCTGACACAACACCGGCGTGGACAGCCGTTCGCGCATGGCCTCGGTGGCTGCCCGGGCGGCCCGCATGGACGAGAACAGCCCCAGGGTGCGCCCACCTGCAGCGGTGATGAGTTCGGCGATCTCGGTCAGTTGTTCGGCCGAGCCGCTGCCGTCTCGGCCCGGCGGCGGGAGATGGGCGGCCACGTAGAGGATTCCCGACTTTGCGTGCTGGAAAGGCGAGCCCACGTCCAGGCCACGCCAGGGCGTGTCTGCAGTCAGGCCCCATGCCGTGGCCATCGCGTCAAACGACCCGCCGATTGTCAGCGTTGCCGAGGTCAATACGGTCGTTGCACGGGCGAACACCTGGGTGGCCAACAGCTCGGCCACCGATAGCGGAGCCACCCGCAGCACCGCGCGAGCCGATTCGTGGTTGTCCTCGTGCTCCAGCCAAACCACGTCGCTGCGGTCAGGGATAGCGGGGGCGAACGACGCCAGGATTCGTGACGCGGTATCGGATATTTCGGTCAGTACCGCGCCCGCTTCGGCGCGCACGGACGCCGTCGTGGTGTCGCTGCCGGTATCGATCGCTGAGCGCGCCGCACTGGCCGCATCGCGCAGCGCGCTCAGATAGGTCGCCATCTCGTCATCGAGGCAATCAATGCGGCCCGGTCTGGCGTCGTGAATCGCCGAACTGAAGGTAGCCGAAGCCGCCTGAAGCCGCTGGGTCACTTTCGGGTCGACCAGCCGGGTGATCCGTCGTGCGGCCATACCGAGCGTGGCAGACGTCAGCTCAGCGGCGGCTACCGAGGTCACCCGGTCGGCCAATTCGTGAGCCTCGTCGACAACCAGCAGCCGATGTTCTGGCAGTACCGCCGATTCGGCGACGGCATCGATGGCCAGCAGCGCGTGGTTGGTGACGACGACATCGGCCAGGCCGGCCGCTCCACGAGCCCGTTCGGAGAAGCACTCCGAGCCAAACGGGCAGCGGGCCACGCCGAGGCATTCCCGCGCCGAAACGCTGACCTGCGACCAGGATCGGTCTCCCACACCGGGCTTAAGGTCGTCGCGATCACCAGACACGGTCGTCGAAGCCCAGGCGGTTAGCCGTTGCACATCGCGTCCCAGCGCGGTGACCGCCACCGGGTCGAAGAGCTCCTCCTGCGGCCGCTCGTCGTCATGGTCACTGGCTGTGACTGAGTTGTGGATCTTGTTCAGGCACAGGTAGTTCCGTCGACCTTTGAGCAGGGCGAACTTCGGTCGGCGGGGGAGCGCATTGGTGAGCGAATCTACCAGCTGGGGCAGGTCACGATCGACGAGTTGACGTTGCAAAGCGATCTTCGCCGTCGACACCACGACCGGCGCGTCGTCGCAAAGAGCGCGGATGATCGCGGGAACCAGATACGCCAGCGACTTGCCGGTTCCGGTGCCGGCCTGGACCACCAAGTGCTCACCGGTTTCAAACGCATGCGCTACCGCGGCGGCCATCTCTTGCTGGCCGCGACGCCGGGTGCCGCCAAGTGCCGCCACGGCGATGGCAAGCAGCTCAGGCACAGACATGGATACCGACTCGGACACGGGACGTGGTCACATCCTTGCGCTCAGGCCGGGATCGTGCGTGTCGGAATCGCCGGCTCGCCGGGTGCCAATTTCAGCCCGTCGGCTGGCAGGCTGCGCAACCCGGATGCCACCAGCTGCCGTGCCGCGGCCAGGCTGGTATCGGCTACCGGTTGCCCGGCGCGGACCAGTGGCAGCGTCAAAACCCGGTGCGGCTCGACAATGACCGGCGGACGGCCCGCCGGATGCACGAGCTCCTCGGTGATGGTGCCCGTCGCACGGGAGCGCCGCAGTGCCTCTTTGCGGCCGCCGGGGGATTCTTTGTAGCTGCTGCGCTTTTGCACCGGTACACCGTCTACCTCGACCAGTTTGTAGACCATGTTGGCGGTCGGCGCGCCCGACCCGGTGACCAGCGACGTGCCCACGCCGTAGCTGTCGACGGGTTCACCGCGCAACGCGGCGATGCTGAACTCGTCAAGGTCGCCGGACACCACGATGCGCGTCCGGGTGGCTCCTAGCCGGTCGAGCTGCTCCCGCGCTTGGCGGGCCAGTACCCCAAGCTCACCGGAATCGATGCGGATCGCGCCGAGCTCAGCGCCGGCGGCGGCAACGGCATTGGCCACACCGGTCGTGACGTCATAGGTATCCACCAGC
NZ_CP041847.1_gap39	1529594	1533045	3451	GACCTACGCAATGAGTTTCCGCCGCTGCGGATGTCGGTCGGTAACAGATCCAGCCTTCCGGCCCAGTTCACCACTTTTGTAGGCCGTGACGCACAGATCAACGAGGTGCAAGAGGTCCTGACGAACTACCGGCTGGTGACGCTGCGCGGCGAGGGCGGTGTAGGTAAGACGCGTCTGGCGATCCAGATCGCGGCCGCGTCGGAATTTCGCGATGGTCTGTGTTTCGTCGACTTGGCACCGATTGCCGATCCCGGCATGGTGTCCACCACCGCGGCCCATGCTCTAGGTCTGATCGATCGGCCGGGCAGCTCAACATTCGACACTCTTAGTCATGCCATCGGCAACTGCCACATGCTAATGGTGTTGGACAACTGTGAGCACGTGTTGGATGCGTGCGCCGAGCTGGTCGTTGAGCTGCTGGGTGCCTGCCCGGAGTTAAGCATTTTGGCGACCAGCCGCGAGTCGATCGGCGTGACCGGCGAGGTCACATGGGTGGTGCCGTCGTTGTCTCCGGCGAACGAAGCAATCCAGTTGTTCACTGAACGTGCGCGCCTAGTCCAACCCAATTTTGAGATCGTTGCTGACAACTTCGACGCCGTGAGCGAGATCTGCCGGCGGCTAGACGGTATGCCCCTGGCAATCGAGTTGGCCGCGGCACGATTGCGGTCGTTGTCGCCAAACGAGATCGCCAACAGTTTGGATGACCGATTCCGCCTGCTGACCGGTGGTGCTCGCAGTACGGTGCAGCGCCAGCAGACATTACGGGCATCTATGGATTGGTCGTACGCACTGCTGACTGACACCGAACGGATCCTGTTCCGCCGCCTTGCGGTGTTTGTGGGCGGTTTCGACCTCACCGCGGCGAGCGAAGTCGCCGCCGCCGGCGGCGACGACTTCGTCGAGCGGTATTCAGTGCTTGATCAACTGACGCTGCTTGTCGACAAGTCGCTGGTGGTAGCCGAAGAAAGCCGAGGCAGTACGCGCTATCGGCTGTTGGAAACCGTACGCCAGTATGCGCTAGAAAAACTGAACGAATCCGAAGAAATCGACGGGGTGCGCGCTAGGCACCGGACCCACTACGCAACCATGGCGGCAGGGCTGAACGTTCCCGCCTCCACCGACTATGAACAACGCCTCCTGCAGGCTGAAGCCGAAATCGATAATTTGCGTGCCGCATTCACCTGGAGCCGTGGAAACGGCGATATTGCAGCCGCATTGCAGCTCGCATCCGCATTGCAACCGCTGTGGTCGCAGGGGCGCATGCGCGAAGGGCTGGCCTGGCTCGAATCCATCCTCGAGCGGGAAGGCGACAATCATCTTGTGCCGGCGGGGGTTTGGGCGCGGGCGCTTGCGGAGAAGGTAATACTCAAGGCTTGGCCGGCCACGAGCCCGATGGGCGCCCCCGACATCGTCGCGCAGGCTCACCATGCCTTGGCGCTGGCACGCGACGCAGGCGACTGCGCAGTGTTGGCTCGAGCGCTCGTCGCATGTGGCTGCGGCAGTGGTTGCGACACGGAAGCCGCTCAACCCTACTTCGCCGAGGCGATCGAGCTGGCGCGCGCCATTAACGATGAGTGGACATTGAGCCAAATCGATTATTGGCAGGTGGTCGGGATCTTCATATCGGGTCAGCCAATTCCTTTGCGAGCTGCGGCCGAACAAGCTCGAGAGCTCGCCGACAGCATCGGAAACCGGTTCGTCTCACGTCAATGCCGCCTGTTTGCCTGCCTGGCGCAGATATGGGAAGGCGACGCGAACGGAGCATTGGCACTATCTCGCGACGTTACCGCCGAGGCCGAGGTGGCAAACGATGTCGTTACTAAGGTACTCGGTTTGTATGTCGAAGCCATGGCACTGTCTTACATCGGCGACAGCGCCGCCCGGACCATCGCTGGTGCGGCTCTCGAAGCTGCCACCGAGTTAGGCGGGATTTACCAAGATCTGGGTTACGGAGCGATAACTCGCGCGGCGTTGGCCGCGGGCGACGTAGCGGCCATTGAGGCTAGCGAAGCGAGCTGGGATCTTCGCAATCAACACAACGTGGTAACGGCACACCACGAGCTGATGGCGCAGGCAGCCCTGGTTCGCGGCGATGTGACCACGGCAAGACGTTTCGCCGACGAAGCTGTGCTTGCGAGCACCGGATGGCATCTGATGATGGCGCTGATAGCACGGGCGCGAGTGGCGATTGCGCAGGACGAGCTGGGAAAGGCACGCGATGACGCCCACGCCGCGGTGGCGTGCGGCGTCGGTGTGCAGACGTACCTCGCGATGCCGGATGCCCTAGAACTTCTCGCAGGTCTGGCCGGTGAGGCCGGTAACCACGGTCAAGCAGTGCGCCTTTTCGGCGCGGCCGCGGCCCAGCGGCAGCGTACGGGGGAGGTTCGCCACAAGATTTGGGACGCCGGCTATGAGGCCGCCACGGCGGCGCTTCGTGATGCGATGGGCGACGAAGATTTCACTGCCGCCTGGGCTGAGGGTGCCGCGGCCCCCTTGGACGAGGCGATCGCCTACGCACAACGCGGTCGCGGCGAACGCAAACGCCCAAGCAACGGCTGGGACGCGCTGACCCCGGCCGAGCACAAAATCGTAAAGCTCGTCACCGAAGGACTGGTCACCAAGGACATCGCCGCGAGGCTTTTCGTCTCACCGCGTACCGTGCAAACACACCTCACCCACATCTACACCAAGCTCGACGTCACCTCCCGTGTCCAACTTGTACAGGAGGCCGCGCAACACTCGACCTAGGATTGCGCGGCCAGCGCAGGCCCGGAGTTCGAATCGGATGCAATACGCAACCAATCTGGGCTCTTCTGCGCGTTGTCGCTGATGTTCATGGCTCTTCGCGCCCCCATGCTTGAGCGCATGAACGGTTTGCATACAGATGACGCGCCGGTCAATTGGCTCGAGCGGCGAGGTGGCCGGCTTACGTCGAGGCGGAGGGTGACGTTGCTCCATGCTGGAGTGGAACACCCGATGCGGCTGTGGGGCGTCCAATCCGAGGCGATAACTGCCGCGATGGTGCTTAGCCGGAAGGTATCGGCCATCATTGCCGGACACTGCGGTGTGCGCCTAGTTGATCAGGGCGTGGGCGATGGCTTCGTCGCCGCGTTCGCCCATGCCAGCGATGCCGTCGCATGTGCTCTGGAGTTGCACCAGGCTCCGTTGTCCCCGATCGTCCTGCGCATCGGGATTCACACCGGTGAGGCGCAGTTGGTCGACGAGCGCATCTACGCCGGCGCCACAATGAACCTGGCTGCAGAGCTACGGGATTTAGCCCATGGTGGGCAGACCGTGATGTCGGGTGCTACCGAGGATGCGGTACTCGGCCGGCTTCCCATGCGCGCTTGGCTAATTGGCTTGAGGCCCATGGAAGGGTCCCCGGAAGGGCATAACTTCCCCCAGTCACAACGCATAGCACAATTGTGCCATCCGAACCTTCGCAACACCT
NZ_CP041847.1_gap40	1596104	1597887	1783	GGCCTGGTCAAGAGTGATCTTGATGCCTGCCTCACGGTTCTCGGCGGTCCGGATCCTGGGACCTGGGTGTCCACCCGCTGGTGCGACCCCAATGCACCCGACCAACAGTGGGATAGCGTGCCGTAACCGGCCTGCCCGGCGAACCCCCGCCTTTCTGGGCGCCGTCGAAGCGACCACTAGCCTAGATACGTGCCAGATCCCGCAACGTATCGCCCCGCGCCCGGGTCCATCCCGGTCGAGCCGGGCGTGTACCGATTCCGGGACCAGCATGGGCGAGTCATCTACGTCGGCAAGGCCAAGAGCCTGCGTAGCCGGCTGACGTCCTATTTTGCCGACGTGGCCAGCCTAGCGCCGCGGACCCGGCAGCTGGTGACCACCGCGGCCAAGGTCGAATGGACGGTCGTGGGGACCGAGGTTGAGGCACTGCAGCTGGAATACACCTGGATCAAGGAGTTCGATCCGCGATTCAACGTCCGCTACCGCGACGACAAGTCCTACCCTGTGCTGGCGGTCACCCTGGGCGAGGAATTTCCCCGGTTGATGGTCTATCGCGGTCCGCGGCGCAAGGGTGTGCGCTATTTCGGGCCGTACTCGCACGCGTGGGCAATCCGGGAAACGCTGGATCTGCTCACCCGGGTGTTTCCGGCGCGAACTTGCTCGGCGGGGGTGTTTAAGCGGCACAGGCAGATCGATCGTCCATGCCTGCTCGGCTACATCGACAAATGTTCCGCGCCGTGTATTGGCAGGGTCGATGCGGCCCAGCACCGCCAGATCGTGGCAGACTTCTGCGACTTTCTGTCCGGCAAGACCGACCGGTTCGCCCGCGCCTTGGAACAGCAAATGAACGCCGCGGCCGAGCAACTGGACTTCGAACGAGCGGCGCGGCTTCGCGACGACCTGTCCGCACTGAAGCGTGCCATGGAAAAGCAGGCCGTGGTGCTCGGGGACGGCACCGACGCCGACGTGGTGGCATTCGCCGACGACGAACTCGAGGCGGCGGTGCAAGTGTTCCACGTGCGCGGCGGACGGGTCCGCGGCCAGCGTGGCTGGATTATCGAAAAGCCAGGAGAGCCAGGAGATTCCGGAATCCAGTTGGTCGAGCAATTCCTGACACAGTTCTACGGCGACCAGGCGGCGTTGGACGACGCCGCCGACGAATCCGCCAACCCGGTTCCCCGCGAGGTGCTGGTGCCCTGTTTGCCGTCCAACGCCGAGGAGCTGGCCAGCTGGCTGTCCGGCCTGCGCGGCTCAAGGGTCGTGCTGCGGGTGCCGCGCCGCGGGGACAAGCGGGCACTGGCCGAAACGGTGCACCGAAACGCAGAAGATGCACTGCAACAACACAAGCTGAAGCGGGCCAGCGATTTCAACGCCAGATCCGCTGCGCTGCAGAGCATTCAGGACTCGTTGGGCCTGGCAGACGCACCCTTGCGGATCGAGTGTGTCGACGTCAGCCATGTGCAGGGCACCGACGTGGTCGGGTCACTGGTGGCGTTCGAAGACGGCCTGCCGCGCAAGTCGGACTACCGCCACTTCGGGATCCGGGAAGCCGCAGGCCAGGGGCGCTCCGACGACGTGGCCTGTATTGCCGAGGTGACCCGGCGCCGCTTCCTGCGGCACCTGCGCGATCAGAGCGATCCGGATCTTCTTTCTCCGGAAAGGAAGTCGCGTAGATTCGCCTATCCGCCCAATCTGTACGTCGTCGACGGCGGCGCGCCGCAAGTCAACGCGGCCAGTGCGGTAATCGACGAACTCGGTGTTACCGACGTCGCGGTGATCGGCCTGG
NZ_CP041847.1_gap41	1676974	1679379	2405	GGAAATCGACTGGTCAGGTCGAGCGCCGTTCGCTCCGGTGTGGTCACGCGCATGCCCTCGATGACGCAGATCTCGTCGGGCTCGATGCGCTCTTCCCAGACTTGCAGCCCCGGGGCACGGCGGCGGTTGGTGTCGATGATCGCGGCGGGAAGATCCGCGTCGATCCACTTGGCGCCATGGAAGGCAGAAGCCGAGTAGCCGGCCAGCACGCCGCGGCGGCGCGAGCGCAGCCACAGCGCTTTTGCACGCAATTGCGCGGTCAGTTCCACACCCTGCGGCACGTACACGTCTTTATGTAGCGCGACATACCTGCTGCGCAATTCGTAGGGCGTCAATACACCCGCAGCCAGGGCCTCGCTGCCCAGAAAGGGATCCGTCATGGTCGAAGTGTGCTGAGTCACACCGACAAACGTCACGAGCGTAACCCCAGTGCGAAAGTTCCCGCCGGAAATCGCAGCCACGTTACGCTCGTGGACATACCGATTTCGGCCCGGCCGCGGCGAGACGATAGGTTGTCGGGGTGACTGCCACAGCCACTGAAGGGGCCAAACCCCCATTCGTATCCCGTTCAGTCCTGGTTACCGGAGGAAACCGGGGGATCGGGCTGGCGATCGCACAGCGGCTGGCTGCCGACGGCCACAAGGTGGCCGTCACCCACCGTGGATCCGGAGCGCCAAAGGGGCTGTTTGGCGTCGAATGTGACGTCACCGACAGCGACGCCGTCGATCGCGCCTTCACGGCGGTAGAAGAGCACCAGGGTCCGGTCGAGGTGCTGGTGTCCAACGCCGGCCTATCCGCGGACGCATTCCTCATGCGGATGACCGAGGAAAAGTTCGAGAAGGTCATCAACGCCAACCTCACCGGGGCGTTCCGGGTGGCTCAACGGGCATCGCGCAGCATGCAGCGCAACAAATTCGGTCGAATGATATTCATAGGTTCGGTCTCCGGCAGCTGGGGCATCGGCAACCAGGCCAACTACGCAGCCTCCAAGGCCGGAGTGATTGGCATGGCCCGCTCGATCGCCCGCGAGCTGTCGAAGGCAAACGTGACCGCGAATGTGGTGGCCCCGGGCTACATCGACACCGATATGACCCGCGCGCTGGATGAGCGGATTCAGCAGGGGGCGCTGCAATTTATCCCAGCGAAGCGGGTCGGCACCCCCGCCGAGGTCGCCGGGGTGGTCAGCTTCCTGGCTTCCGAGGATGCGAGCTATATCTCCGGTGCGGTCATCCCGGTCGACGGCGGCATGGGTATGGGCCACTGACACAACACAAGGACGCACATGACAGGACTGCTGGACGGCAAACGGATTCTGGTTAGCGGAATCATCACCGACTCGTCGATCGCGTTTCACATCGCACGGGTAGCCCAGGAGCAGGGCGCCCAGCTGGTGCTCACCGGGTTCGACCGGCTGCGGCTGATTCAGCGCATCACCGACCGGCTGCCGGCAAAGGCCCCGCTGCTCGAACTCGACGTGCAAAACGAGGAGCACCTGGCCAGCTTGGCCGGCCGGGTGACCGAGGCGATCGGGGCGGGCAACAAGCTCGACGGGGTGGTGCATTCGATTGGGTTCATGCCGCAGACCGGGATGGGCATCAACCCGTTCTTCGACGCGCCCTACGCGGATGTGTCCAAGGGCATCCACATCTCGGCGTATTCGTATGCTTCGATGGCCAAGGCGCTGCTGCCGATCATGAACCCCGGAGGTTCCATCGTCGGCATGGACTTCGACCCGAGCCGGGCGATGCCGGCCTACAACTGGATGACGGTCGCCAAGAGCGCGTTGGAGTCGGTCAACAGGTTCGTGGCGCGCGAGGCCGGCAAGTACGGTGTGCGTTCGAATCTCGTTGCCGCAGGCCCTATCCGGACGCTGGCGATGAGTGCGATCGTCGGCGGTGCGCTCGGCGAGGAGGCCGGCGCCCAGATCCAGCTGCTCGAGGAGGGCTGGGATCAGCGCGCTCCGATCGGCTGGAACATGAAGGATGCGACGCCGGTCGCCAAGACGGTGTGCGCGCTGCTGTCTGACTGGCTGCCGGCGACCACGGGTGACATCATCTACGCCGACGGCGGCGCGCACACCCAATTGCTCTAGAACGCATGCAATTTGATGCCGTCCTGCTGCTGTCGTTCGGCGGACCGGAAGGGCCCGAGCAGGTGCGGCCGTTCCTGGAGAACGTTACCCGGGGCCGCGGTGTGCCTGCCGAACGGTTGGACGCGGTGGCCGAGCACTACCTGCATTTCGGTGGGGTATCACCGATCAATGGCATTAATCGCACACTGATCGCGGAGCTGGAGGCGCAGCAAGAACTGCCGGTGTACTTCGGTAACCGCAACTGGGAGCCGTATGTAGAAGATGCCGTTACGGCCATGCGCGACAACGGTGTCCGGCGTGCAGCGGTCTTTGC
NZ_CP041847.1_gap42	1684340	1686145	1805	TCGGTGCATTCCTCCTCGGGTTGCTGTTCTTCGTTGCCACGACATCGATGATCCGCTATGTCTCCGCCGTGCCGGTCAGAACCTTCTTTGCCGAACTGCGCGGCAATCTGGCGTTGCCGGTGCTGGCATCGGCATTGCTGGTTCCGCTGTTCATCACCGCTGTCGACTGGACTCGCTGGTGGGTGATGATCACACTCGACGTGGCCATTGTCTACATCTTGTACGCGATCGACAGACCGGAGATCGAGCAACCGCCGTCGAGGAGAAACGTGCAGGTCTTCGTCTGCGTTGTGTTGGTGCTGGCGGTGATACCGACCGGGTCCGCCAACAACATCGGCAGATGAGGCACCCCGCGGGACCACCCGAAGGCGGGCATGGTGACGTAGGCCAACCGCCGCTGACATGCTTGGGACGGTGATGCTGTTGCAGGCCTATTAGGGGTTGTCGGATCGGGAGCCTTGTGACCGGTTGGCCCTTGATCTGCGTTGGGAGGCCGCGGCGGGGTTGACGGTGCACGCGCCGTCGTTGCATCCCACGGTGTTGGTCGGGATGCGTAACCGGCTGCGGGCTTCGGATCCGACGTGTTGGTGGATGCACCATTTTCAAATGCCGTCGCGGGTCGAAACTTGGGTGCCGTCGAAGAATAACCCCACCAAAGGCCCTACATCAGCGCCGTCCTACGTTCGTGTGTCGGACAATCCTTAGTGCCGATGCCGGATATTCGGGCACTAACGGAAAAGACGTCCTCCGCGTAGAGGCTCCGTTGTTCGAGGCCCAGTTACAGGGGCAAGGTCAGTGGCCGTGACCTCTGCTTCCCGACACGAGAATGCTGGCCGACCGAACGTAGCGCGGTGCGTTGACGGCATCGAGCTGCCACGCCAAATTTGCACGCGCTGATGCGCTGACCCCGACCGAAGGTTTATCAAATGAGAGCCGGCTCGCGCACAGGGTCGTCGTAACCCGGCATGCGTCGGTGCTGCCGTCGATAATTGCGGATCTCATAGACGAGCCCAGTCAGACCTAGCGCGCCCGTGCATACCGACACCAGGATCAGCAGCGGGCTACCGCTACCGGCGAACGCGTCGCCCAGGATGACCACCGCCGCGGTGCCGGGGAGCAAGCCTGCCAAGGTCGCCCAGGCGAAGGACAGGATCCGCACGCCCGAGGCGCCGGCGGCATAGTTGATCGCCGCGAACGGGACGACGGGAATGAGCCGCAGCGACAAGATGGCCAGCCAGCCTCGCTCACGCAGACGCTCGTCCAGCCGGTTGATCGCTCGGCGGCGCACCAGACTGTTCAGCTGCCAGCCGGTGGCACGCACCAGCAGCATCGCGATTACCGCGCTAGCGGTGCTGCCGACCACCGCGATGAATACGCCCACCACAGAGCCGAACAACAGCCCGGCGGCCAACGTGAACGCGGTGCGGGGGAATGGCGGCACCGTGACGACGGTATGCACCAGCAAAAATGCCAGCGGGAACCACGCGCCCAGTGACTTGGCCCAGTCGCGCAATTCCACCGCAGTGGGCACCGGAACCAGCAGCGCGACCACTACCAGTACTGTGATTCCCACCACTGTTCCCACGATGCGCGGCAGCGACGCCTGACGCGCGACCGCGCCGAGCGAGGTGGCGATACCGTGCACGGTTTCGGTGGTGTTGCAGATGGCGGGAGCCGTCACGTCTTCGGAGCGTACGGGGTCAACATGAATAACTCGTTTCCCCAGGCTGGCGTTTCGTCACACTCCGGCCGCGATTGCCGCACCTGGGCGTCTATATGGGCGTCCCGATCAACTAGCCTTATTA
NZ_CP041847.1_gap43	1731799	1734271	2472	CGAACCGCCGCGGTTCGAGCATCACGTAGACACCGCCGGCTAGCGCAATGTCGCTTTCGCCGTCGTGCAGGCTACGACAAGCCAGGTGGATAGCGGTGAGGCCAGACGAGCATGCGGTATCTACCGTGATCGCGGGACCCTGCAAGCCCATGGCGTACGCCACCCGCCCGGATGCGAAGCAGGCATTGGTGCCCGTGTTGCCGTACGGCCCTTCGAAAGTCTGGTTGTCGGCGTGTACCAATATGTAGTCGGTATGAACCAACCCCACGAAAACCCCTGTCCGCGAGGCCATCTGGTTCGGTGTTAGGCCGCCGTGCTCCATGGCTTCCCAGGAGGTTTCCAGCAACAAGCGGTGCTGCGGATCGATCGCTATCGCTTCTTTCTCCCCGATCCCGAAGAACTCGGGATCAAAGTCGCCGACGTTATCGAGGTACGCGCCCCATTTGCAGTCGGTGCGTCCGGGCACGCCGGGTTCGGGGTCGTAGTACTCGTCGATGTCCCAGCGGTCGGCGGGGATCTCGGTGACCAGATCGTCGCCCCGCAGCAACGCCTCCCACAACCGATCGGGTGAGTCGATGCCCCCCGGCAGCCGGCACCCCATACCAATGACAGCTACCGGCGTAACACGTGTCCTATCCACGGTCTTTGTTCTCTCCTTACCCACGGTTCAAGCTTTTGCCAGCGGCGTATCGTCGAACTTCGGTCCGGGTTGATAGAACCGCAGCACCAAACGCACCCACCGACCCCCACGCTTCACGCCAACCCTTTAGTTCATTGGCGTGAACAGCAGCGTAGCCGGTTGCCCCGATATATGTGGAAAAATCGTTCGGACGTACAAAAAAAGTTCCTGACGCTGGCGTCAACTCGAAACTGCCTCGGAAGTCATGATTGATTCATCAGTCAATATTAAAGTCGCAGCTCACAACTATAATACGCCGGTGCAGCGGACAATTGCGGAAGCGCCGGACGCCTCGCGGTCCGATGTCGCCTTTCCCTGCCTCGTCGTCAATATCTGATGGTGGACGACCGCCCGTGCCGGACCGGCTTAGGTAGCCAGCCGGGCTTCGCGCCACGCAATTTGCCTAGTCGTGGAAGACGGATTGCCGAAGTGTCGAAGGCAACCCGAACTCCGATGTTCAGGTTATGCCAATTGGTGCCCGGAAATCCCCGAAATCGAAAATGTTACGTGCAGGTTTCACTGGACGGATCAAGGCCGTCGTCGCTGAAGCTGGGCGGCTGGGGCGACATCGCGCGATCCGCCCTCGGCGATGCGCACGTACGCCGATTGCATCGTCTCTGGATGCCGCGCGATCGAGCCCTGCGCGATCGGACTACTGGGGGACAACGCGGTGACGGTGCTCTCCTCGTGAAACTTGTTGACCCACATGCACGCTTGCGCGCCGATCCAGCCATCGCCGAATACTCTGGCATTCATCCGGTCCAGTTGTATTGCGATGACCGCAGACAGCAGAAGCGCGCCGGCCGGCATCGAGGCACGACGGGAACGGAAGCCGCCACCTAGAGGATCCAACGAGCATCTATGCTTTTCCCTTCCCACGGCCGCGCGTGAGGCATCCTCGCTGTGCAGCACCGCCAGGTCAGGGATCAACGCGCCGACTATTTCTCCGTCGATGTGGCTGGACTGCACCTGCTCCGTCTCTCTTTGCTGCCACCAGCGCCAGGTTGGTTGTGGAAGCTGAGTCACCGTCGGGCGAAACCGTCAGCGTTGACGAAGCGTTAGAGGTAGTGTGCTGCCGTGGTCGCGTCTTCGATTCCCACCGCGCTGCGCGAGCGCGCCAGTGTGCACCCCAATGGTGCGGCCATCACCTACATCGATTACGAGCAGGACTGGGCCGGTGTTGCCGAAACCCTGACCTGGTCTCAGTTGTATCGGCGAATGCTCAATGTCGCCGAGCCGCTCCGGCATGTGGGGGCGACCGGTGATCGGGCAGTGATACTGGCACCGCAGGGAATCGAATACGTCGTTGGATTTCTCGGCGCGTTGCAGGCCGGACGTATCGCGGTTCCGCTGCCGGTTCCACATGCCGGCGCCCACGATGAGCGTACGATTTCGGTGCTAAGCGACACTTCGCCCGCTGTCATTCTGACGACGTCGGGGGCCGTTGACGATGTCAGAGAATGCGCTCAGCCACAGCCAGGCCAGTCCGCACCATCAATCGTTGAGCTTGATTTGCTGGACTTAGATTCTCGGCAGCGCTCCCGCAGCCCTGGCGCGCGCCCAACCGGCAGGGATACGCCGGAAACCGCGTATTTGCAATATACTTCGGGATCCACCCGTACGCCGGCCGGTGTCATGGTCTCGAACAAAAATGTCTTCGCCAATTTCGAGCAGATCGTGGCCGACTTCTTTGCGCCCGAGGGGGGCGTCGTCCCGCCGGACCTCACTGTGGTGTCTTGGCTGCCGCTGTACCACGACATGGGTCTTCTATTAGGCGCGATCATGCCGATCCT
NZ_CP041847.1_gap44	1735681	1737503	1822	GGCGACCGAGTAGCCGTCGAGGTATTCCAGTCGTGTCGGCAGTGCGCTAACTGTCGTGGCGGCGAGTACCGGCGTTGTGTACGGCATGGCCTCGCTGACATGTACGGGTTCATCCCGGTTGACCGAGAGCCTGGCCTGTGGGGCGGTTACGCCGAATATCAGTACCTGGCGCCGGATTCGATGGTGTTGCGGGTGGCCGGTGACCTCAGCCCGGAAGTGGCCACCTTGTTCAACCCGCTGGGGGCGGGAATACGTTGGGGAGTAACGATTCCCGAAACCAAACCGGGCGACGTCGTGGCGGTGCTGGGTCCAGGAATCCGGGGGCTGTGCGCCGCCGCGGCGGCAAAAGGGGCCGGTGCCGGGTTCGTGATGGTGACCGGGTTGGGACCCCGTGACGCCGACCGGTTGGCGCTGGCGGCACAGTTCGGAGCCGACCTCGCCGTCGATGTTGCGATCGATGACCCGGTCGCCGCCCTGACCGAACAGACCGGTGGGCTGGCAGACGTCGTTGTCGACGTGACCGCCAAGGCGCCAGCGGCATTCGCACAGGCGATAGCGCTAGCCCGGCCCGCCGGGACCGTTGTTGTCGCCGGCACCCGGGGCGTGGGCAGCGGGGCACCGGGATTTTCGCCCGACGTCGTTGTGTTCAAGGAGCTGCGTGTGCTTGGCGCCCTCGGCGTAGACGCCACCGCCTACCGGGCCGCGCTTGATCTGTTGGTGTCCGGTCGATACCCCTTCGCAAGCCTGCCTCGCCGCTGCGTGCGGCTCGAAGGCGCCGAGGATCTGCTGGCTACCATGGCCGGTGAACGCGACGGTGTCCCGCCTATCCACGGAGTGCTCACACCATGACAACATCCCGCGTGCCCCTGTTGCCGGTCGACGAGGCCAAAGCTGCTGCCGACGAAGCGGGCGTGCCCGACTACATGGCTGAGCTCAGCATCTTCCAAGTGTTGCTGAATCATCCGCGACTAGCGCGGACCTTCAACGACCTGCTCGCCACCATGCTGTGGCACGGGACCCTGGACTCACGGTTGCGTGAGTTGGTGATCATGCGGATTGGTTGGCTCACCGACTGTGACTACGAATGGACCCAACACTGGCGGGTTGCTTCAGGGCTTGGCGTGTCGGCCGACGATCTGCTCGGTGTACGGGATTGGCAAGGGTACAACGGGTTCGGGCCCGCTGAGCAGGCCGTCCTGGCGGCCACCGATGACGTGGTGCGCGAGGGCGCGGTGAGTGCGCAGAGCTGGTCGGCTTGCGAGCGGGAATTACATTGCGACAAAGTGGTTCTCATCGAACTCGTTACGGTGATAAGCGCATGGCGAATGGTCGCTTCGATCCTGCACAGCCTCGAGGTCCCACTGGAAGACGGCGTTTCCAGCTGGCCGCCCGACGGCCTTTCGCCAAGGTGACTGCGCCGAGCGTGTAACCATGGCGAGATTCCGCCGGCGATTTTTCCGCCCTGAGTGCACGTTCGGCGCAGAAGCACTAGACGATCCGGTAGGTTTGCACAGCGTGAGCGACGATGTTCCCGTCGGGATCGGTTGCGGTGATCTCGGTAAAGGTGAGTTCCTTGCGGCGTCGGGCAGTGCGCGCATGACAGAGCAAGTCACACCGCTTGGCGGCGCCGGTGTACTGGATGCTCATCGCGACCGTGGCGGCGCGGGTGCCCCTGTCGAAGTCGTGGTTCGACCAAGGGGCGGCGGCACCGGCGGTGTCCATCACCGACGCGATCACCCCACCGTGAAAGTAGGTGCCGTCATTGGTGAGGTCGGTGCGAAACGGGAGTCGGATCACGACGTCGTCGGGTTCGTAGCGTTCG
NZ_CP041847.1_gap45	1763858	1767757	3899	ATGAACCGCCCGTCGAAGACGGCGAATACCGGCAGACCCCGGCCGAACTCGATGCATTCAAGCAGTTCAGCATGTGTATCAACTGCATGTTGTGCTACTCGGCGTGCCCGGTGTACGCGCTGGACCCCGACTTCCTCGGTCCGGCGGCGATCGCGCTGGGGCAGCGGTACAACCTGGACTCGCGCGACCAAGGTGCGGCGGATCGCAGGGATGTCCTGGCCGCGGCCGACGGCGCTTGGGCGTGCACCCTGGTGGGCGAATGTTCGACGGCTTGTCCGAAAGGCGTCGATCCTGCCGGCGCGATCCAGCGCTACAAGCTGACCGCGGCCACGCACGCGCTGAAGAAGTTGCTGTTCCCTTGGGGGGCGGATGAGCGCCTATCGCCAGCCGGTCGAAAGATACTGGTGGGCGAGGCGGCGTTCTTACCTGCGATTCATGCTTCGCGAAATCAGTTGCATCTTCGTGGCCTGGTTTGTTCTCTATCTGGTGCTGGTATTGCGCGCCGTTGGCGCGGGCGGGAATTCCTACCAGCGGTTTTTGGACTTCAGCGCCAATCCGGTTGTCGTAGTGCTGAACGTCGTCGCGTTGAGTTTCCTGCTGCTGCATGCTGTTACCTGGTTCGGATCGGCACCGCGCGCGATGGTGATTCAGGTTCGCGGCCGCCGGGTACCCGCTCGCGCGGTCCTTGCTGGGCACTACGCGGCATGGCTGGTGGTTTCGGTGATCGTTGCCTGGATGGTGCTGTCATGACTCCCTCGACATCGGATGCCAGGTCGCGCCGACGCTCGGCGGAGCCCTTCCTGTGGCTGCTGTTCAGCGCCGGGGGCATGGTCACCGCCCTGGTTGCGCCCGTCCTGCTGTTGCTGTTCGGACTCGCGTTTCCGCTCGGGTGGCTCGACGCGCCCGACCACGGGCACCTACTGGCGATGGTGCGCAACCCGATCACCAAGCTTGTTGTGCTGGTCCTGGTGGTACTGGCCCTGTTCCATGCGGCGCACCGGTTCCGGTTCGTGCTCGACCATGGGCTGCAACTGGGCCGGTTCGACCGAGTGATCGCCCTGTGGTGTTACGGCATGGCCGTGTTGGGCTCGGCGACGGCGGGTTGGATGTTGCTCACTATGTAAAGTCGCTGGCCGGGCGCTTTGGCCGCCGGCACGGTACGGTACGGACCTGTACCACCACAACGGTTCTATGGTAGGCGCTGTGACCCAGATAGCGGATCGGCCTACAGACCCCTCGCCCTGGTCGCCGCGAGAGACCGAGTTACTGGCGGTGACACTACGGCTGCTGCAGGAGCACGGTTATGACCGGCTAACAGTGGATGCCGTTGCGGCGAGCGCCCGCGCCAGCAAGGCAACGGTCTACCGGCGCTGGCCGTCGAAAGCCGAATTGGTGCTGGCCGCGTTCATCGAGGGCATCCGCCAGGTCGCGGTCCCGCCCAATACCGGCAACCTGCGCGACGACTTGCTGCGACTGGGGGAGCTGATCTGTCGGGAGGTGGGCCAACACGCCAGCACCATCCGCGCGGTGCTCGTCGAAGTGTCGCGCAATCCTGCCCTCAACGACGTTTTGCAGCATCAGTTCGTCGACCACCGTAAGGCCCTGATCCAGTACATCTTGCAGCAGGCCGTCGACCGCGGTGAGATCTCCAGCGCGGCCATCAGCGATGAACTCTGGGACCTGCTACCCGGCTACCTCATCTTCCGGTCCATCATCCCCAACCGGCCGCCCACCCAGGACACGGTGCAAGCCCTCGTCGACGACGTGATACTCCCCAGCCTCACCCGATCCACCGGTTGAGTCAGCGGTGCGAATGGCTGGGCACCGTTGTGGTGTCCGGTCCCGTACCGTACTGTTGAATCCGCGGATCCCCGCCTGAGGTACGGGGCGTGGTCGCGCCCCGGGCAATAGCGTCGCCGGTTATCGAAAGGCTAACGGGTGCAGGGGATTTCAGTGACTGGCCTGGTCAAACGCGGCTGGATGGTGAGATCCGTCTTTGACACGATCGACGGTATCGACCAACTCGGCGAGCAGCTGGCCAGCGTGACCGTAACCTTGGACAAGTTGGCTGCGATCCAGCCTCAATTGGTGGCGCTGCTACCAGACGAGATCGCCAGCCAGCAGATCAATCGGGAACTGGCGCTGGCTAACTACGCCACCATGTCCGGGATCTATGCCCAGACGGCGGCCTTGATCGAAAACGCTGCCGCCATGGGACAAGCCTTTGACGCCGCCAAGAACGACGACTCCTTCTATCTGCCGCCGGAGGCTTTTGACAACCCAGATTTCCAGCGCGGCCTGAAATTGTTCCTGTCGGCAGACGGTAAGGCGGCTCGGATGATCATCTCCCATGAAGGCGATCCCGCCACCCCCGAAGGCATTTCGCATATCGACGCGATCAAGCAGGCGGCCCACGAGGCCGTGAAGGGCACTCCCATGGCGGGTGCTGGGATCTATCTGGCCGGCACGGCCGCCACCTTCAAGGACATTCAAGACGGCGCCACCTACGACCTCCTGATCGCCGGAATAGCCGCGCTGAGCTTGATTTTGCTCATCATGATGATCATTACCCGAAGCCTGGTTGCGGCGCTGGTGATCGTGGGCACGGTGGCGCTGTCGTTGGGCGCTTCTTTTGGCCTGTCCGTGCTGGTGTGGCAGCATCTTCTCGGTATCCAGTTGTACTGGATCGTGCTCGCGCTGGCCGTCATCCTGCTCCTGGCCGTGGGATCGGACTATAACTTGCTGCTGATTTCCCGATTCAAGGAGGAGATCGGTGCAGGTTTGAACACCGGCATCATCCGTGCGATGGCCGGCACCGGCGGGGTGGTGACCGCTGCCGGCCTGGTGTTCGCCGCCACTATGTCTTCGTTCGTGTTCAGTGATTTGCGGGTCCTCGGTCAGATCGGGACCACCATTGGTCTTGGGCTGCTGTTCGACACGCTGGTGGTGCGCGCGTTCATGACCCCGTCCATCGCGGTGCTGCTCGGGCGCTGGTTCTGGTGGCCGCAACGAGTGCGCCCGCGCCCTGCCAGCAGGATGCTTCGGCCGTACGGCCCGCGGCCCGTGGTTCGTGAATTGCTGCTGCGCGAGGGCAACGATGACCCGAGAACTCAGGTGGCTACCCACCGTTAAGGTGGTGGGATGCCGCTTTCAGGGGAATATGCGCCGAGCCCGCTCGACTGGTCGCGCGAGCAAGCCGACACGTATATGAAGTCCGGCGGAACCGAGGGCACACAGCTGCAGGGAAAGCCGGTCATCCTGCTCACCACCGTCGGGGCGAAGACCGGCAAACTCCGTAAGACCCCGCTGATGCGCGTCGAGCACGACGGCCAGTACGCGATCGTCGCCTCGCTGGGTGGGGCGCCGAAAAATCCGGTCTGGTACCACAACGTCGTGAAGAACCCACGGGTCGAGCTGCAGGACGGCACCGTGACCGGCGACTACGACGCCCGCGAGGTGTTCGGTGACGAGAAGGCCATCTGGTGGCAGCGCGCCGTGGCGGTCTGGCCGGACTATGCCAGCTACCAGACCAAGACGGACCGCCAGATTCCGGTGTTCGTGCTGACCCCGGTGCGCGCGGGCGGCTAGCCATTGGGATAGGGCGGCGTGGCACCATTGACCGGTGTCCGCCGAACTGAGCCAGAGCCCGAGCAGCTCGCCGCTGTTTTCACTATCTGGGGCAGACATCGACCGTGCCGCCAAGCGGATCGCACCGGTAGTCACGCCCACCCCGTTGCAACCTAGCGATCGGTTGTCGGCGATCACTGGCGCCACGGTCTACCTCAAGCGCGAAGACTTGCAGACGGTGCGCTCTTATAAGCTACGCGGAGCGTACAACCTGTTGGTGCAGTTGTCCGATGAGGAACTGGCCGCGGGCGTGGTGTGTTCTTCTGCGGGCA
NZ_CP041847.1_gap46	1771311	1772431	1120	ACGGTGTGGTCCCAGCCGGTTTGCTGCAGGCGCACCGTCCAGCGGGTCACCGCGACCAGGATGTCGTCACCGCGGCGGAACGCAACGACGTGGTCGGCGGCCGGCCCGGCGGCGAACACCGGATGGTATGCGCCGCCCAGGAAGCTCTCCGGATGGGTGCGCCGCAGTCGAAGCGCCGCGGCCAACACCCGAATCTTAGGGTGCTGCAAGGCTTTCAGAGCGACACGCCGGGTGCCGTAGTCGACGGGACGGCGGTTGTCCGGGTCGACCAGGCTGTCGTCCCACAGTTCGCTGCCCTGGTAGACGTCGGGTACGCCAGGCACGGTCAACGCGAGCAGCTTAGCGGCCAGCGCGTCGCTTTCGGCATGCGAGTTGAGGTGGGCCACAAGTCCGGTCAGCTCGGACGCCAGCGGTCCGTCGAGCACCAGATCAAGCCAGCCGTGCACGTCGTCCTCGAACGCCCGGTTCGGGTTGTGCCACGAGGTGTGCCATGCCGCCTCCCGGATCGCCTTCTCGGCGTAAGTGTGCAGCCGGCCGCGCAGCGCGGCGCTGACCTCTCCACTCACTGGCCACACTCCGAAGACGTTCTGCCACAGAAACTGTCCAGTCACGGCATCAGGGGCGGGCGCAATGGCTTGGGCGTGGCCGATGAACTTGGCCCACAGCCACGGCACTTGGGACAGCACGCCGATGCGGGCACGCACGTCCTCGCCGCGTTTGGTGTCGTGGGTGGACAGTGTCGTCATGGACCGTGGCCACAACCGAGCACGGGTGGCGGCCCGGTGATGAAACTCCGCGGCGCCCACACCAAACCGGCGCGGTTCTCCGCCCACTTCATTGAGTGACACCAGCCGGGCATCACGGTAGAACATACAGTCTTCGACGGCCTTGGCGCTCACCGCGCCGCACAGTTGTTGCAGGCGTACGGCTGGTTCGCCACCGCGGGCCACAGCTGCGGCAATCAGCTGCAGTCCAGGTGCCAATTGTGGTGTTGTCGAATGGGTTTCAGCCAACGCGCAGGGTAGGACGGCGGCTTGGCCGGGGTAATCACAGCGATAGCGTCCGATGTGGCGCAGCAGTGCAGCCACCGCCGCGGGCAACAGCGGATGATCGGCGCCGG
NZ_CP041847.1_gap47	1807271	1811336	4065	GGTGGCCGCGATGACAGCGCTAGTTGAATCCGGTTGCGACATTATCGAAGTCGGGGTTCCGTATTCGGACCCGGGCATGGACGGCCCCACCATCGCCAGGGCAACCGAGGCGGCGCTCCGTGGCGGGGTGCGAGTCCGGGATACGTTAGCCGCGGTCGAGGCCATCAGTATCGCCGGCGGGCGTGCGGTAGTGATGACCTACTGGAATCCGGTGCTGCGCTATGGGGTTGATGCATTCGCGCGGGATCTGGCGGCGGCCGGAGGACTCGGCCTGATCACTCCTGACCTCATTCCCGACGAGGCGCAACAGTGGCTGGCGGCATCCGAAGAGCATCGGTTGGATCGCATTTTCTTGGTCGCGCCGTCCTCGACACCGGAGCGGTTGGCGGCCACCGTCGAGGCTTCACGCGGGTTCGTCTACGCGGCGTCGACGATGGGGGTGACCGGGGCGCGGGATGCGGTGTCGCAGGCGGCACCCGAACTGGTGGGCCGGGTGAAGGCGGTGTCTGACATACCGGTGGGCGTCGGTCTGGGTGTGCGGTCGCGCGCTCAAGCCGCGCAGATCGCCCAATACGCCGACGGTGTCATCGTTGGTTCCGCATTGGTGACGGCGCTAACCGAGGGGTTGCCTAGATTGCGGGCACTGACCGGAGAGCTCGCTGCCGGGGTACGACTAGGGATGTCCGCATGATGCGGATGTTGCCCAGCTATATCCCCAGCCCACCGCGCGGGGTTTGGTACCTGGGCCCGCTACCCGTCCGCGCCTACGCAGTTTGCGTTATCACCGGCATCATTGTCGCACTGCTGATCGGGGATCGCCGGTTGACAGCCCGCGGCGGCGAGCGCGGCATGACCTACGACATCGCCTTGTGGGCCGTGCCTTTCGGCCTGATTGGCGGCAGGCTCTATCACCTGGCTACCGACTGGCGGACATATTTCGGTGACGGTGGTGCCGGGCTGGCCGCGGCACTGCGAATCTGGGATGGGGGCCTGGGCATCTGGGGTGCGGTAACCCTTGGTGTCATGGGCGCGTGGATTGGCTGCCGGCGTTGTGGAATCCCGCTGCCCGTCTTGCTTGATGCGGTGGCGCCTGGTGTCGTGTTGGCGCAGGCTATCGGTCGGCTCGGAAACTACTTCAATCAAGAGCTCTACGGCCGGGAAACCACTATGCCGTGGGGTTTGGAGATCTTCTACCGCCGGGACCCCTCCGGATTCGACGTCCCGAATTCGCTGGACGGCGTCTCGACGGGTCAGGTGGCGTTCGTCGTGCAGCCAACGTTCCTCTACGAATTGATCTGGAATGTTTTGGTATTCGTCGCATTGATCTACATTGACCGCCGGTTCATCATCGGCCACGGGCGACTGTTTGGGTTCTATGTCGCTTTCTACTGCGCCGGGCGATTCTGTGTTGAGCTGCTGCGTGACGATCCCGCCACGCTTATTGCCGGCATCCGGATCAATTCGTTCACGTCCACCTTCGTGTTTATCGGGGCCGTGGTGTACATCATCTTGGCGCCGAAGGGGCGCGAGGCTCCTGGGGCCCTGCGTGGCAGCGAGTATGTTGTTGATGAGGCGCTGGAACGTGAACCGGCTGAACTCGCCGCCGCTGCTGTGGCCTCCGCTGCGAGCGCTGTGGGGCCGGTTGGCCCGGGGGAACCGAACCAACCCGACGATGTGGCGGAAGCGGTGAAAGCCGAAGTCGCCGAGGTCACCGATGAAGTGGCCGCGGAATCCGTTGTCCAAGTAGCAGACCGGGATGGTGAGTCAACCCCCGCTGTCGAGGAGACCTCCGAAGCCGATATCGAGCGGGAACAACCGGGCGACCTCGCGGGCCAGGCGCCAGCCGCGCACCAGGTCGACGCCGAAGCTGCATCGGCCGCGCCCGAGGAGCCGGCAGCGTTGGCTTCGGAGGCACACGACGAAACCGAGCCCGAGGTGCCCGAGAAGGCGGCGCCCATCCCCGATCCGGCCAAGCCGGATGAATTGGCGGTCGCCGGACCTGGGGACGACCCTGCTGAGCCGGACGGCATTCGACGGCAAGACGATTTCAGCTCGAGACGCCGCCGTTGGTGGCGGCTTCGACGGCGTCGACAATGACGACCCACGACGGCACTGCCTGGTCGCCGGTGCTGGACTCAATAGACCGCCGATCGGGCGGCCGTTGCCGCAGCCGGAACGATGCGCCGACGAAGTTCCCGGTCACAAAATGGCCACCGGCTGGAACGGTAATCAGCCGAACCCCGACGCGCTTACGAGCCAGACCACTAAGCCCAGTAGGCTAGCAAGCCCGGCAGGTTCCATATTTTTTCGCAACCCGGACGCGCACGCGACGCCGGGGCGCTGCCTCCGATGCCCGACCGCCACATGAATATCTGTCCGTACCGCTCTTTCGTCACGTCCGCAACACTGGCCTTCGCCGTCGGCGATGGTCGCTGTGCCCAGCTAAGCGCGACAACTCGGTTTCTGCAGGTCAACGCCCGCCTCCAATCCCGCACAGCCGCGACCAACTCGGGAACAAAACCGCCGGTCAGGCAGCTGTCGCTGAGAGCCGGGCACATCGGGTGTCGCCCGGTGCAGTGACACATGTGAGAGTTGTGGCCGTGCGATGTGCCCGACCCTCGGTGCGCACCAATTTGAGCCAACTCAGGAAATGAATCTCTGAGCGGAGGTGCACCGGTTGCCCGCCTCACAACGACATGCTGAGGCGCACACGGTCGCTCGCAGCCGGGCACAACGAACACTCCTGCTCTGCCGCGCCGATGTTGGGAACGCATGGGCCTACGGCCGGCACGGGTCGTGCGCCCGGCTCGATCTGGCATGCTGAAAGGCGTGACCGATCCCCTGCAGCACGGTGCCTTCGAGCCGGGCTGGCAATCCGCACCACCCGGATATCCACCGCCTTATCCGCAATATCCGGGGCCTGGCTCTTACTTTGACCCGTTCGCGCCATATGGTCGCCATCCGGTCACCGGCCAACCATTTTCCGACAAATCGAAGACTGTTGCCGGCCTGTTGCAGTTGCTTGGACTGTTCGGCATCGCCGGGATCGGGCGAATCTACCTGGGCCATACCGGCCTGGGCATCGCGCAGCTGCTGGTGGGCTGGGTGACGTGCGGTTTGGGCGCCGTCATCTGGGGCGTCATTGACGCCCTGCTGATATTGACCGACAAAGTCGGCGACCCTTGGGGTCGTCCCTTGCGCGATGGAAGCTAGCGGGCGTCAACGTCGCTACGCCGCGGCCGGTTCGGTCGTGCTATTGGCCGGCGCGCTTGGCTACATCGGACTTGTCGACCCGCACAACTCGAATTCGCTATATCCACCGTGCCTATTCAAGTTGCTTACGGGCTGGAACTGCCCCGCGTGCGGGGGTCTGCGGATGATCCACGATCTGCTACACGGTGAGCTGGCGGCCAGCATCAACGACAATGTCTTTCTGCTTGTCGGCGTCCCAGTGCTGGCCAGTTGGGTCCTGCTGCGCCGCCGCCACGGCGACTTGGCGCTCCCGATACCGGTGATGATTGCTGTGGCGGTCGCGGTGATCGCGTGGACGGTGCTGCGCAACCTGCCAGGCTTCCCGTTAGTGCCGACGATCAGCGGATAGCCGCGCCTACCCGCGGTCTGGTTGGCTGGGCTGCCCGCGGTGGTGTTGACCGGTGTGCCGACCCGGCGGTGCCGGCCCTACCGCCGTCGCGACTATGCTGAGTCGTCGTGACGAGACGCGGGAAAATCGTCTGCACTCTCGGGCCGGCCACCCAGCGGGACGACCTGGTCAGAGCGCTGGTCGAGGCCGGAATGGACGTCGCCCGAATGAACTTCAGCCACGGCGACTACGACGATCACAAGGTCGCCTATGAGCGGGTCCGGGTAGCCTCCGACGCCACCGGGCGCGCGGTCGGCGTGCTCGCCGACCTGCAGGGCCCGAAGATCAGGTTGGGACGCTTCGCCTCCGGGGCCACCCACTGGGCCGAAGGCGAAACCGTCCGGATCACCGTGGGCGCCTGCGAGGGCAGCCACGATCGGGTGTCCACCACCTACAAGCGGCTAGCCCAGGACGCGGTGGCCGGT
NZ_CP041847.1_gap48	1815360	1817618	2258	CCGGTGACGGCCAGCCGGGCACCCGGCGGTAGGTCAATCGTCACCCGGATCGACTGCGCCTCTTGGTGACCGCAACACACGTCGGCCGCTAGCACCCCGGTACCTACCGGCAGTCGCGCCGACACCGTGGATTCGGTCTCGCGGACCCGGTTTGACCCAGTCAGGTCGAGCAGACGAGCCGCCGCGATGCGCGACCGTGTCAACTGGACGGCGGCGGCGGGTAGTGCAACGGTCGCCTCGAATGCGGACAGCGGCAACAACATCAGGATGGCCAGTGTTGTGGGCGCGACCGTGGGGGCCATGCCGATCCCGGCCACCACGGCGCCCAGCAGGCTGGCCCCGATCGCCGCGGTCGGCATGGCCTCGGCGATCGCCCCCGTTCGTGCGGCGGCGTCGAGCGCATCGGCCCAGGCATGTTGGCGCCGTTGTGAGTCGGCGATGACGTTGCGTAGGGCACCGGCGACACGAAGCTCGGGGGCATGCTCAAGGGCGATCATCGCCGACGTGTCGCGCATGCCCCGATGTTGGCGGGCGATCGCTTCCTGCGCTGCGGCGGTTCTGCCGGCAAGCCAGGGCGCAACAACGCCGGCAACCAAAAGGCAGACCGCCAGTACCACGGCGGCTGGCACCGAAACGGCCGCGACGACCGCGGTCGCGGCTACTGCCAGCACCGCTGCGACGGCTATCGGCACCAGAGCACGCACCAGCATGTTGGCCAGTTCGTCGACGTCCGCGCCGACGCGTGCTGCCAGGTCCCCGCTGTGCAGCCCGACGGCGGCCGCCGCCGGTCCGTGGGCCAGCCGGTGATAGATAAGGGTGCGGGCCCGGCCGGCGGCCCGCAACGCGGTGTCGTGGGTGGCCAGTCGCTCGCAGTAGTGCAGCACGCCGCGCGAAATCGCGAACGCCCGCACCGCCACGACCGCCACCGACAGGTCCAGGACGGGCGGCATCTGCCAGGCCCGAGTGATCAGCCAGGCCGACACCCCGGCCAGGGCCAGCGCGCTGCCCAGCGACAGCACGCCCAGCGCGACGGCCGCCAAGATCCGGGGCAACCGGGGACCCAACAGCCCAGACGCGGCCAGCAGGTCCCGCTGGCGGCGACTCACAGCACTCGGTCGGTTCATCGTCGGAAACCATCCGAGTTCACTTCGACGACCCGGTCACCGGCCGCGGCGACCTGCTGGCGATGGGCGACGACCAGCACCGTCGCACCCGCGCGGGCACGCTCGACAATGGCGCCCAACACGTGTTGTTCGGTGCGGGCGTCCAGGTGCGCGGTGGGCTCGTCGAGCAGCAGCACCGCAGCCGGTGATCCGAGCGCGCGGGCCAGGCCCAGCCGTTGCCGCTGCCCCAGGGATAACCCGACACCACCGCGCCCCAGCACGGTATCCAGCCCGCGGGGCAACTCGTCTAGTACAGCGTCGAATCCGGCTGCTGCGCAGGCACGCTCGAGATCATCCACAGGGCCCAGCAGAACCAGGTTGTGGCGGACGGTTCCTGGGACCAGCACCGGCCGCTGCGGCAGCCACGACAGTTGCCGCCACCAGGCAGCCGGTGCCAGGTTGGTGACGTCGACTCCGGCGACCGTGATTCGTCCTGACGACGGTGCGGTGAGCCCGGCGATCGCTTGCAGCGTAGTGCTCTTGCCGGCGCCGTTTCGGCCGGTCAGCACCGTCACCCGACCGGGTTCGATGTCTGCGGTGAGATCATACGGTGCGCGGCCGTCGCGGCCTCTGACACTGAGTCTCTCCAGGCGAATCACCCCGCCGCGCGCGGTGACCGTTCGTCGGCCGGGTGTTGGTGAGGGTGACTCGCCGAGGAGGGCGAATGCCTTGTCGGCCGCGGTTCTGCCGTCAGCTGCGGCATGAAACTGGACCCCAACGCGACGCAGCGGCCAGTACACCTCCGGCGCCAATAGCAGCACCGTCAAACCGGCCGTCAGGCTCATCTCCCCGAAGACCAGCCGTAGCCCGATGCCCACCGCGACCAGGGCCACGCCCAGCGTGGCCAGCAATTCGAGCACCAGGGCCGACAAGAACGCGATCCGCAGCGTCGCCATCGCCGACCGCCGGTGGTCAGCAGACAGTTCCGCGATGCGTTGTTCCGGGCCGGAAGCACGGCCCAGCGCCCGCAGGGTGGGGATGCCGGCAATCAGGTCTAACAACCGGGCCTGGACGGCGGTCATGGCCGCCAGCGCGGCCGCCGAGGGGTTAGTGGTAGCCAGCCCGATCAGCACCATGAAGATCGGTATCAGGGGC
NZ_CP041847.1_gap49	1867232	1870014	2782	GCGCAGCGCGGAATCGTTGTACGACTTCAACCTGGCCACCTACGACGAGGGCGACAGCTTCGACCAGTCCGCCGCCCGCGGCTTCGTCTACGTGCACGGGCTGTCCTCCAAGCTCGCCGCCCGCCGGGATCTGCGGTGACGGTTCTCCCGCGAGCAGACGCAGAATCGCACCGCCACGCCCGTCGGCGTGCGATTCTGCGTCTGCTCGCCACAGAAAAGTGAGCACCAACGAGGGGTCGCTGTGGGGCGGGCGGTTCGCCGGCGGCCCGTCCGACGCGCTGGCCGCGCTGAGCAAGTCCACCCACTTCGACTGGGTGCTGGCCCCCTACGACCTCACCGCGTCGCGGGCGCACACCATGGTGCTGTTTCGGGCCGGGCTGCTCACCGAGGAGCAACGCGACGGGCTGCTCGCCGGCCTGGACAGCCTCGCCCAAGACGTCGCCGACGGCAGCTTCGGCCCGCTGGTCACCGACGAGGACGTGCATGCCGCGCTGGAGCGGGGCCTGATCGACCGGGTCGGACCGGACCTGGGCGGCCGACTGCGGGCCGGGCGCTCGCGCAACGACCAGGTGGCCGCGCTGTTTCGGATGTGGCTGCGCGACGCGGTGCGCCGGGTCGCCACCGGTGTGCTCGACGTGGTCGGTGCGCTGGCAGAGCAGGCCGCCGCACACCCGAGCGCCATCATGCCCGGCAAAACCCACCTGCAGTCCGCCCAGCCGATCCTGCTGGCACACCATCTGCTCGCGCACGCCCACCCCCTGCTGCGCGACCTGGACCGCATCGTCGACTTCGACAAACGCGCGGCGGTGTCCCCGTACGGCTCGGGCGCCTTGGCCGGCTCGTCGCTGGGCCTGGATCCCGACGCGATCGCCGCGGACCTCGGTTTCTCGGCTGCCGCGGACAACTCCGTCGACGCGACCGCCGCCCGCGACTTCGCCGCCGAGGCGGCGTTCGTGTTCGCCATGATCGCCGTCGACCTGTCCCGGCTGGCTGAGGACATCATCGTCTGGAGCTCGACGGAATTCGGCTACGTCACGTTGCATGACTCGTGGTCCACCGGTAGCTCGATCATGCCGCAGAAGAAGAATCCGGACATCGCCGAGCTGGCCCGCGGCAAGTCCGGGCGGCTGATCGGAAACCTGGCCGGGCTGCTGGCCACCCTGAAAGCCCAGCCCCTGGCCTACAACCGCGACCTGCAGGAAGACAAGGAGCCGGTGTTCGATTCGGTGGCCCAGCTGGAGCTGCTGCTGCCGGCGATGGCCGGGCTGGTGGCCAGCCTGACCTTCAATGTCCAGCGGATGGCGGAGCTGGCCCCGGCCGGCTATACGTTGGCCACCGATCTCGCCGAATGGCTTGTGCGGCAAGGTGTTCCGTTTAGGTCCGCGCATGAGGCCGCGGGTGCGGCGGTGCGTGCGGCCGAACAGCGCGGCGTGGGGCTGCAGGAACTCACCGACGACGAGCTGGCCGCCATCAGCCCCGAGCTGACCCCGCAAGTCCGCGAGGTGCTGACCATCGAAGGCTCGGTGTCGGCCCGCGATTGCCGGGGTGGCACCGCGCCGGGCCGGGTTGCCGAGCAACTGAACGCCATTGGTGAAGCCGCCGAGCGGCTGCGCCGCCAGCTGGTGCGCTGAGGGGGCCTCGAAACTTTGCCGGCCAGTTCCAGGCGGGCTAAACTTCGGGCTCTAGGCGACCCGGTTGAACCATTCGGCCTCGATGTGCGTGTCAAAGGGGTGGGACCAGTGAGCGTCATCGCAGGTGTGTTCGGCGCGTTGCCGCCGTATCGCTATTCACAACGCGAGCTCACCGACTCGTTTGTCAGCATCCCGGATTTCGAGGGCTACGAAGACATCGTTCGCCAGCTGCACGCCAGCGCCAAAGTCAACAGCCGCCACCTGGTCTTGCCGCTGGAGAAATACCCGAAGCTGACCGACTTCGGCGAGGCGAACAAGATTTTCATCGAAAAAGCCGTGGACTTGGGCGTGCAAGCCCTGGCGGGGGCACTCGACGAGTCCGGTCTGCGACCCGAGGATCTCGACGTGTTGATCACCGCCACGGTCACCGGACTGGCGGTGCCGTCGCTGGATGCCCGGATCGCCGGGCGGCTGGGGCTGCGCGCCGATGTCCGGAGGGTGCCGCTGTTCGGGCTGGGCTGCGTGGCCGGGGCGGCCGGGGTCGCCCGGCTGCACGACTACCTGCGCGGGGCCCCGGACGGCGTTGCCGCGTTGGTCTCGGTCGAGCTGTGTTCACTCACGTATCCGGGATACAAGCCGACGCTGCCGGGCCTTGTCGGCAGTGCGTTGTTTGCTGACGGCGCCGCGGCGGTGGTGGCCGCAGGTGTGAAGCGCGCCCAGGACATCGGCGCCGACGGGCCGGACATCCTGGATTCGCGCAGCCATCTGTACCCCGACTCGCTGCGCACCATGGGATACGACGTCGGCTCGGCCGGGTTCGAGCTCGTCCTATCACGGGACTTGGCGGCCGTGGTCGAGCAGTATCTGGGCAATGACGTCACCACCTTCCTGGCTTCGCACGGCCTGAGCACCACCGACGTCGGCGCCTGGGTCACCCATCCCGGGGGACCCAAGATCATCAACGCCATCACCGAGACCCTCGACCTGTCGCCGCAGGCTCTCGAGCTGACGTGGCGCTCGTTGGGCGAAATCGGGAATCTGTCGTCAGCGTCGGTGCTGCATGTGCTGCGTGACACCATCGCCAAACCGCCCCCCAGCGGAAGTCCCGGGTTGATGATCGCCATGGGCCCAGGCTTCTGTTCCGAACTCGT
NZ_CP041847.1_gap50	1874514	1877528	3014	CCATGGTGCCGGCGGGCTGGTCGTTGGTGGAGGCAGCGGCCGTGCCGGTGGCGTTTCTGACGGCGTTTTACGGGCTGTCGGTGTTGGCGGAGGTCGCGGCGGGGCAGAAGGTGTTGGTGCATGCCGGCACCGGCGGGGTTGGTATGGCAGCGGTGTCGTTGGCGCGGTATTGGGGTGCAGAGGTTTTCGTCACGGCGAGTCGCGCCAAGTGGGATACATTGCGGGCGATGGGTTTTGACGATATCCATATCTCCGACTCGCGATCGTTGGAGTTCGAGGAGGCGTTTCTGCGGGCCACCGAGGGCAGCGGTGTGGACGTAGTGCTGAACTCGCTCGCCGGTGAGTTCACCGATGCCTCGCTGCGGCTACTGCCCAGCGGTGGCCGCTTTATCGAGCTGGGTAAAACCGATATTCGCGACGGGCAGACGGTGGCCGAGCGGCATCGGGGGGTGCGGTATCGGGCGTTCGATTTGGTCGAAGCCGGCCCAGACCGCATTGCGGCGATGCTTTCCGAGGTAGTGGGGTTGCTAGCGGCCGGAGTGTTGGCGCGGTTGCCGGTCAAGACTTTTGATGCGCGATGCGCCCCGGCGGCCTACCGGTTTGTCAGTCAGGCCCGTCATATCGGCAAGGTCGTGTTGACCATCCCCGATGGTCCGGGTGGGCAGTCCGGGTTGGCGGGGGGCACCGTGGTGGTCACTGGGGGGACCGGCATGGCCGGTTCGGCGGTGGCTACCCATTTGGTCCGGCGACATGGGGTGGCCAATCTGGTTCTGGTCAGCCGAAGCGGTGAGCAGGCCGACAGGGCGGCAGAAGTCGCGGCCCTGTTGCGCGAGGGCGGGGCCCAGGTGGCGGTGGTCTCCTGTGATGTGGCTGATCGTGATGCGCTGGCGGCATTGTTGGCGGGTCTGGATCCGCGCTATCCGCTTAAAGGGGTGTTTCATGCCGCTGGGGTGTTGGACGATGCCGTGATCACGGGCTTGACACCGGATCGGGTGGATACGGTGTTGCGGGCCAAGGTCGATGGGGCCTGGAATCTGCACGAGCTAACCGAGGACATGGATTTGTCGGCGTTTGTGGTGTTTTCGTCGATGGCCGGGATTGTGGGCACACCGGCTCAGGGGAATTATGCTGCGGCGAATGCGTTTTTGGACGGGTTGGTGGCCTATCGGCGCTCGCGTGGGCTGGCCGGATTGTCGGTGGCGTGGGGACTGTGGGAGCAGGCCTCGGCGATGACCCGGCACCTCGGCGAGCGGGATCGCGCCAGGATGACGCAGGCCGGGCTCGCTCCGCTAACCACCGAGCAGGCGCTAGGGTTCCTGGACACTGCGCTGCAGGCCGATCGCGCGGTGGTAGTGGCGGCCCGGCTGGATCGTGCCGCGCTGGCCGGCGCTGGTGCTGCGCTACCGGCATTATTCAGCCAGTTGGCTGCCGGTCCGACCCGGCGGAGGATCGACGCCGCCGATACGGCGGTGTCGATGTCGGGCTTAGTCAGCCGGCTGCATGCGCTCACGCCCGAGCGGCGGCAGCGCGAACTCACCGATTTGGTGATCAGCAATGCCGCGGCGGTGTTGGGTCGTTCCAGCAGTGTCGATATCAACGCTCACAAAGCATTCCAAGATCTCGGGTTCGATTCCTTGACCGCCGTGGAGCTGCGCAACCGACTCAAGACCGCCACCGGGCTCACGTTGTCGCCCACGCTGATCTTCGACTACCCCACGCCGGCCACGCTGGCCGAACACCTCGACAGCCGGCTAGTCACCGCCAGCGGTAGCGATCAACAAAGCCTGTCAGACCGTGTTGACGACATCACCCGCGAGCTAGTTGTGCTGCTTGACCAACCCGACTTGAGCGCCAACGTCAAAGCGCACCTGCGCACCCGCCTGCAAACCATGTTGACCAGCCTGACCACTGAAGACGACGACATCGCCGCCGCGACCGAAAGCCAGCTTTTCGCCATCCTCGACGAGGAACTCGGCTCCTAACCCCCCGCAAGGAACACCAATGTCGGGAACCACCACGCATGTTGACTACCTGAAGCGTCTCACGGCAGATCTGCGGCGCACCCGCAGACGCCTGTCCGACTTGGAAGCCAAGTTGTCCGAGCCGGTTGCGGTGGTCGGAATGGGATGCCGTTATCCAGGTGGGGTGGATTCGCCGGAGACGTTGTGGGAGCTGGTGGCCCAGGGCCGTGATGCGGTATCGGATTTTCCGGCGGATCGCGGGTGGGATGTGGACGGGTTGTTTGATCCTGACCCGGATGCATGCGGGAAGATGTATACCCGCCGCGGGACGTTTCTGGAGCATGCGGGTGACTTCGACGCCGGATTCTTTGGAATCGGTCCTAGCGAGGCGCTGGCGATGGACCCGCAACAGCGCCTGCTATTGGAAGTGTCGTGGGAAGCGTTGGAGCGTACGGGAATTGACCCGACCAAGTTGCGGGGTTCGGCAACGGGTGTGTTCGCCGGTGTTATCCATGCCGGCTATGGGGGCCAGCTATCCGGCGAGCTGGAAGGCTATGGGTTAACGGGTTCGACGCTGAGTGTGGCCTCCGGGCGGGTGGCGTATGTGCTGGGGTTGGAGGGTCCGGCGGTGTCGGTGGACACGGCGTGCTCGTCGTCGTTGGTGGCGCTGCATTTGGCGGTGCAGTCGCTGCGGTCGGGGGAATGCGATTTGGCGCTGGCCGGTGGGGTGACGGTGATGGCCACCCCCGCCGCATTCGTCGAGTTCAGCCGGCAGCGGGCGCTGGCGCGCGACGGTCGGTGCAAGGTATACGCCGGTGCCGCCGACGGGACCGCGTGGTCAGAAGGCGCCGGGGTGCTGGTGGTGGAGCGGCTGGTGGATGCACGGCGGTTGGGGCATCCGGTGCTGGCCCTGGTGCGCGGATCGGCGGTCAATCAGGACGGCGCCTCCAACGGTTTGACGGCACCCAATGGGCCATCCCAGCAGCGGGTGATTCGGGCGGCGTTGGCCAGTGCGCGACTGCGCGCGGTTGAGGTGGATGTGGTCGAGGGGCA
NZ_CP041847.1_gap51	1880857	1885500	4643	TGCCGAACCGGTGGCCGCTGACCGATGCTGCGGGTGTGCCGGTGGTGTTTCTGACGGCCTACTACGCGTTACGCGTGCTGGCGCAGGTGCAGCCGGGCGAGTCGGTGCTGGTACACGCCGCTGCGGGCGGGGTGGGTATGGCGGCAGTGCAACTGGCTCGGCTGTGGGGATTGGAGGTTTTCGCTACTGCCAGTCGCGGCAAGTGGGACACGTTGCACACAATGGGATGTGACAACACGCATGTTGCCGATTCACGCACACTGGCATTCGAGGAGACGTTTTGGCTGACCACCGAGGGTCGCGGCGTGGATGTGGTGCTCAACTCGCTGGCCGGTGAGTTCACCGACGCATCGTTGCGGTTACTGCCGCGAGGCGGTCGCTTCATCGAGATGGGCAAAACCGAGTTCGGGACGCCCAGGTCGTTGCCCAGGACCATCCTGGGGTGGCCTACCGGGCTTTCGACTTGATGGAGGCCGGACCGCAGCGGATTGCGCAGATGCTGGCCGAGTTAGTCGAGTTGTTCAAAACTGAAGCGCTGCATCGGCTTCCAGTCAAGTCATGGGATGTGCGGCACGCTCGGGAGGCGTATCGGTTCTTGAGCCAGGCGCGCCATGTCGGCAAAGTGGTGCTGACCATGCCGGACGCGTGGGCCGCGGGCACGGTGCTGATCACCGGTGGCACTGGGATGGCAGGTTCTGCGGTGGCGCGTCATCTGGTGAGTCGATACGGGGTGCGGCAGGTGGTGTTGGCCAGTCGTGCTGGTGAGCACACGGAGAGCGTCGCAGCATTGGTGGACGAGCTCGGCTCGGCCGGCGCCCGAGTGCAGGTGGTGTCTTGCGATGTGGCCGATCGTGATGCGGTGGCGGGTTTGGTGGCAAGCCAACCAGATCTGACTGCAGTGTTTCATGCGGCTGGGGTTCTTGACGATGCGGTAATCACCGGATTGACGCCGGAGCGGGTGGATAAGGTATTGCGGGCCAAGGTCGATGGGGCCTGGAATTTGCATGAGCTCACCCGGCACCTGGATGTGTCAGCGTTTGTGTTGTTTTCGTCGATGGCCGGGATTGTGGGTGCGCCGGGCCAGGCCAATTATGCTGCAGCGAACGCGTTTTTGGACGGGTTGGCGGCCTATCGGCGATCACGTGGACTGGCCGCGTTGTCGGTGGCGTGGGGATTGTGGGAGCAGGCTTCGGCGATGACCGAGCATTTAGGCGAGCGGGATCGGGTCCGGATGAGTCGGGTTGGACTGGCGCCGTTGCCTACCAACCAGGCGATGGGATTCCTGGATGCCGCGTTGCTGGCGGATCGGCCCGTGGTGGTGGCTGCTCGGCTGGATCGTGCCGCGCTGGCCGGTGCCGAGCTGCCGGCACTATTTAGCCAGTTGGTTGCCGGTCCGATCCGACGGATCATCGACGGCGCCGATGAGGTGTCGGGGTCGGGATTGGCGTCGCGGCTGCACGGGCTGACTCCCGAGCAGCGGCACCGCGAACTCACCGAGTTAGTATGTAGCAACGCCGCGATCGTGTTGGGGCATTCCGGCACTGAGATCGACGCGCACAAGGCATTCCAGGATCTCGGGTTTGATTCGCTGACAGCGGTGGAGCTGCGCAACCGGCTCAAGACTGCGACCGGGTTGACCTTGCCACCGACCTTGATCTTTGACTACCCCACGGCCGCCGAGTTGGCCGAACACCTCGACATCCAGCTGGCGAACGCCCCTGCCGTCACGGTCGACCAACCCAACCCGTCGACTCGTTTCAACGAGGTCACCCGCGAACTACAAGCATTGCTCGACCAACCCAACTGGAACCCCGACGACAAAACGCGCCTGATCAAGCGATTGCAAGCGATTTTGACCGATTGCACCGCTCCACCGGCCAGCTCCGGCCCGTCTACCACCCATGACGACGAGGACATCACCACCGCCACTGAAAGCCAGCTTTTTGCCATCCTCGACGACGAACTTGGACCTTAGCGCACGTGCAACCGACAGGCATCGCAATCATCGGGCTGGCATGCAGGTTTCCCACCGTCGTCAGCCCCGGCGACCTCTGGGACCTGTTGCGCGACGGGCGAGAGGCTGCTGGATCCATTGACAACGTCGCCGATTTCGACGCCGACTTTTTCAACCTATCCCCCGCGAGGCGAGCGCGATGGACCCCAGGCAACGACTGGCGCTCGAACTCACCTGGGAACTGCTCGAAGACGCTTTCGTGGTGCCGGAAACGCTGCGCGGACAACCGATCGCGGTCTACCTCGGAGCGATGAACGACGACTACGCAGTACTGACGCTCGCGGCGGACCGTGTTGACCATCACGCGTTCGCCGGCACTAGTCGGGCAATCATCGCAAACCGCGTGTCGTTTGCTTTCGGGCTGCGTGGACCAAGCGTGACGATCGACTCCGGTCAGTCGTCATCCCTGGTAGCGGTGCATCTGGCATGCGAAAGCGTGCGAACAGGCGAAGCGCCGCTGGCGATTGCCGGTGGTGTTCACCTCAACTTGGCACGCGAAACAGCCATGCTGGAACAAGAATTCGGCGCGGTATCGCCGTCCGGCCATACCTACGCATTCGATGAACGTGCCGACGGCTACGTACCAGGCGACGGCGGTGGCCTCGTTCTGCTGAAGCCGGTGCAAGCTGCCCTGGACGACGGAGATCGAATCCACGCGATCATCCGCGGCAGCGCGGTCGGCAACGCCGGGCACAGCGCTACCGGGCTGACCGTGCCGTCGGTCGCCGGCCAGGTGGACGTCATCAGGCGGGCGATGTCCGGCGCGGGGGTGGATTGCCATCAGGTTCACTACGTCGAGGCACACGGGACCGGCACCAAGATCGGCGACCCGATCGAGGCGCGGGCGCTGGGTGAGATCTTCGCGGCGCGGCAACGTCGCCCGGTGAGTGTGGGGTCGGTCAAGACCAATATTGGTCATACCGGGGGAGCCGCTGGAATCGCCGGATTACTCAAGGCGGTGTTAGCGATTGAAAATGCCGTGATTCCACCCAGCCTCAACTACGTCGGTGCCGCAATTGATTTGGATAGCCTTGGGCTTCGGGTCGACACCGCGTTGACGCCGTGGCCGGTGGCGGATGAGCCGCGACGGGCTGGGGTGTCGTCGTTTGGCATGGGTGGGACGAACGCGCATGTGATCCTGGAACAGGGTCCGACGCAGTCGCCAGAGATAGTGGAATCTGTTGCCGCAGCGGGTAGTAACGCTCCGGTGGCGGTGCCGTGGGTGTTGGCTGCGCGGTCGCCGCAGGCGCTAACCAACCAGGCGGGGCGGTTGTTGGCGCACCTGACTGCCGACGACGGCCTGACCGCGCTCGATGTGGGGTGGTCGTTGGTGAGTACCCGGTCGGTGTTCGACCATCGCGCGGTGGTGGTGGGCGCTGATCGGGGGCGTCTGATGGCGGGGTTGGCGGGGTTGGCCGCCGGTGAGCCGGGCGCGGGTGTGGTGGTGGGTCGTGCGCGGTCGGTGGGCAAGACGGTGTTTGTGTTTCCCGGACAGGGGTCGCAGTGGCTGGGGATGGGCCGGCAGTTGTACGGCCGGTACTCGGTGTTTGCCCGGGCTTTTGACGAGGTCGTTGCGGTGTTGGATGGGCAGCTGCGGCTGTCTGTGCGGCAGGTGATGTGGGGCGCCGATGCCGGGCTATTGGAAAGCACAGAGTTTGCTCAGCCGGCGTTGTTTGTCGTCCAGGTGGCATTGGCCGCGTTGTTGCAAGACTGGGGTGTGCTGCCCGATCTTGTGATGGGTCATTCGGTGGGTGAGATTGCTGCGGCGTATGTGGCCGGGGCGTTGTCGCTGGTGGATGCCGCGCGGGTGGTGGCGGCGCGCGGCCGGTTGATGCAGGCGTTGCCCGCTGGTGGGGTCATGGTGGCCGTAGCGGCCAGCGAAGACGAAGTGGCACCGTTGCTCACCGAGGGCGTGTGCATCGCTGCGGTGAACGCGCCGGAATCGGTGGTGATTTCGGGTGAGCAGGCTGCCGTGGGTGTGGTAGTGGATCGATTGGTGGGGTTGGGTCGGCGGGTGCGGCGGTTGGCAGTGTCGCATGCGTTTCATTCGGTGTTGATGGACCCCATGGTCGAGGAGTTCTCGAAGGTGCTGGCTGATGTCTGCGTGCGGGCGCCGCGGATTGGGTTGGTCTCGAATGTGACAGGTCAGCTGGCCGGTGCTGGGTATGGGTCGCCGGCGTATTGGGTTGAACATGTGCGCAAGCCGGTGCGGTTCTTCGACGGTGTGGGATTGGCTGAATCCCTCGGGGCCAGGGTGTTTGTGGAAGTGGGTCCCGGTGCCGGGTTGGAGGCGTCGGTGGCGCTGCTAGCCAGGGATCGGCCTGAGGTGGAGTCGGTGCTGGCCGGGGTGGGGCGACTGTTCGCCGAAGGGGTGGCGGTTGATTGGTCTTCGGTCTTTGCGGGTTTGGGCGGCCGGCGGGTGGAGTTGCCGACGTATGGATTTGCCCGGCAGCGGTTTTGGTTAGGTGACAATGGCGAGTTGTCGGTGGACCAGACGGGCAAAGACGCCGGCGCAATTGCGCGATTGCAAAGCCTAGCCCCACCGGAACTGCAGCGCCAGCTGGTAGAGTTGGTGTGCTTCCATGCAGCAATCGTTTTGGGTCGCAAGAGCAGCCATGACATCGACCCC
NZ_CP041847.1_gap52	1891346	1895993	4647	ACGCCTGACCAGCTGCCGATATGGCGTATCGGCATCATCAGTGGGCTGGTCGGCATGCTGTGCTGTGTCGGGCCGACCATCCTGGCGTTGGTTGGGATTATTAGTGCGGCAACGGCTTTCGCGTGGGCGAACGACCTCTATGACAACTACGCGTGGTGGTTCCGCGTGAGCGGGCTCGCGGTGCTTGCCATTCTGGTGTGGTGGGCGCTACGACATCGAAACCGATGTAGCGTCAACGCAATCCGCCGGTTACGGTGGCGGCTGATGGCAGTGCTGGCAATAGCGGTTGGTACTTACGGTGTCTTGTCCGCTGTGACGACGTGGTTCGGTACGTTCGTATAGTTGCAGTATTAGACGAACGGGGTCGCCGGCGACGGGTGCAGCATGATTTCGGAGTCGTTGGCGCATACTGTCCGGCCAGCGTGCCGCAGTAGCAAGCTACAAGCCGCCGCGGCAGCAAGTACGGCGGCGACGGTCAGCAACGCGAGATGGTAAGTGCCGGTGGCGTCTTTGAGGTGGCCGGTGGCGTAGGGACCGGCGAAGCTCGCCAGACTGGCCACGGCATTGACCGTCGCGATGGCCACGGCGACCCGGGGACCGGCCAGCGCGGCGGTGCAACGGCTCCAGAAAGCGGGCATCGCGGCAAGGATTCCGGCGACGGCGATGGTCAGCCAACTCAGCGTCACTATCGGTGACATCGGACTCAATGCCGCACCGAGCGCGGCGCTGCCCGCGGCCGTTGTTGGCAGTGTGATATGGCCCGCTTGGGCGCCCGAGCGGTCGATGCTGCGGTGGCTCCAGGCCAACATGGCCAGCGCGGCGACACCGTACGGCAGGGCCGCCAACGTGGCAGCGGTCAGCGTGGCGGTGCCGTGTGCCAGCGACGCAACTAGTTGGGGCAGAAAGAACTGCAACGCATACAGCGCGAAATACAGGCCCCCGTAGACGACAGCGAAAAGGACAAGATCCCAACCGGCTCCACTCGACCGACCGGTCGGGGCAGGGGTGTCCTCGGTCAGCCGGGCCGACAGCTCTGCACGTTCCTCGGGGGTGAGCCAGCTTGCCCGTTGCGGGTTATCCGGTAACAGGCGCCGAAGAAGCGGCGCCAGCAGCAGTGCAGGCAATGCCTCGATCACAAACATTGCCCGCCAGCCGGGTAGCCCGGCCATGTGAACGTGGCCGACGATCAGCCCAGACAGCGGCAGGCCGACCGTGTTGGCGACCGGAATGGCCAGCAGAAAGGTGGCTACGGCGCGGGCTCGCTGCGCGCACGGAAACCACACCGTCAGATACGCGATGACGCCGGGGAAGAAGCCGCCCTCGGCGACGCCGAGGGCGAAGCGCGCCAGATACAAGGTGTGCGCGCTGGTGACCAAGGCCGTGGCCGCCGAGCACACACCCCAAGCCAGGACGACCGCCGTGAGCGTTCGACCGGCACCGAAGCGCGCCAACGCCGCGTTGGCGGGAACCTGGAACAGGACGTAGCCGAGGAAGAAGACGCCGGCGGCGGTGCCGTATGCGGTGGCGCTCAGGCGCAGGTCGGCGTTCATCGCCAGGGCTGCGACCGAGATGTTGGCCCGATCAACGAAGTTGATCACATACAACACGAACAGCAGGGGCAACAGCCGGCGCGCGGCCTTGCCCAGGGCATTGTGCGTGGGGCTTGCCGCGATTGTCGCCACCTGCGGCTCCTTCCGTGGGCCTGTCGAACAATTGCATCATGAAATGACCCCAACCCGGTCTTTGTAGTCCGGCGTGTCACTAACACGATCGGTTATGTCATTGCAGTAAAACGGATTTGGCGTTGCGCCGGATGTGTTTCGCCGTCAATCTCGGCGTAGGGGCCGGCGAAGAACAGGCTCCGGCCCGCCCGCTGTGGTGGGGCGAGCAGGATGTCGCGGCCGATCGACCACGCGATGTGGTTGGCCTGCAGGTTCGCGAACAGGCCGTGGGTGCCGTACTTCGTCGCACAGGAGGCGTCCGCCGGTAGCCAACCCAGCCCAGCGACGAAGAATTCCGCCCAGCAGTGGTAGCCGCACACCTCGCAATCCTGCGCACCGGGCTGCGGTAGCTCCAAGGCCTGACCGAGCACAAATCGTGCGGGGATGTCGACCGATCGGCACAGCGAGACGAACAATGCGTGGATGTCGTTGCAGTTGCCCACCGAGCAGGTCAGGGCATGCTCGGTGCTGCCCAGGAAAGACTGCTTCGTCGCGTCGTAGTCCATGGCGCCGGTGACGTAGTCGTAGATGCGACGGGCCTGTTCGAGCGGGTTGGTCTCGGGGCCGACGACGTCTTGGGCCAACGTACGGGTGCGCTCATCGACATCGACATGTGCTTCGGGGATCAAGGCGCGGCTGAACAATTGCGCCGTGGCCAACGGGCGGGCCCGTGCCGGATCCGGAGCATGCCCGATCGCCCGGCGTTCCACAACATAGCGGATAGACCAACTCGCCGCCGTCGCCAAGCGCAGCCGGCTGTACAACATCAGGTTCCCGAACTCCGGCTCACGCGTGAGGTCATAGGGATCCTCGCTGGTCACCTCGACGTCCAGAACGCGTTGAAACGCGCCGTCACCGATGACCGGGCACCACATCTCGACGGTGTGGGCACCTTGGGTGGAATCGATCGTGATGTGATCGGTGATTTCGAACAGCCCGATCGTCGCATCCGCGTGTGCGGATACCGCGGGGTCGGTGATCGTCATCGGTTAGCTCCTTCCGCTGAGACTGGTTTATGTTCGAACAACCGGCAGATCGGCTGCCAGCCATTCGGAGAACCCGCCGTCGAGTCGGCGGGCAGAAAATCCGTTGGGGCGCAACAGTTCTAGCGCGTCATAGGCATACACGCAGTAAGGTCCTCGGCAGCAGGCGACGATGTCGATGCCGGACGGGAGTTCATCAAGCCGCTCGGCCAGTTCGTCGAGGGGAATGCTCACTGCCCCGGGCAGATGCCCGGCGGCGTATTCCATGGCCGGCCGCACGTCGAGGACCAGCACCGACCCGGCGGCCACCCGAGCTTGCAACTCGTCTCGGCTGATCGGTTCCAGGCTGTCTCTGTCGGTGTAGTACTGCCGCACCAGGGAGCCGACCGAGGCCAGATTGCGTTCGGCCACAGCGCGCACCGCGCGCACTACGTCCCACACCTGCGGATCCGACAGTGCGTAAATCACCCGTTTGCCGTCCCGGCGGCTGGTCACCAGGCCGGCGCGCCGAAGTTGCAACAAGTGCTGGGAGGCATTGGCAAACGTCAACCCCGACGCACGAGCCAGCGCGTCCACACTGCGTTCACCCTGCACCAGCAGATCCAACAGCTCCAATCGATGGCCGCTGGACAGCGCTTGCCCGACCAGGGCGAACTGCTCGAAGATCAGCTTCTTTGCACCGGACATGCCGCCGCTCCATTCCTCGATTCAGATGTTCGTATATTCAATTGATTGTTTGATCATGTCATTCCGACACGCTGCTGCGGTTTCGCCGCCGGGGCGTCGCACCGCTACTCGGTGCCGGCTACGGCCTCACCCGCGGCCGCGGGTTCGCGACCGGGCCCTGCGCCGCGCCCTCGGGGTGGGCGGAATGTCCTCCGCGGTCAGCACCGGTGCATTCCTGACCACCGTGTGCCTCGCGCACCTGGTGCTCGGCGCGCTTATGGGTGTACTAGTGCACGAATTCGGCGCCGACATGCTGTCGTTGTGGCCCGTGGGACCGGCGCTGTGTCATTGAGCCCGGGCGCGTAATCCGTGTTGGTCGGTGATCTCGATGACCGCATACCCGACGGTGATCAATCGGTCGCGCTCGAACTCCTTGAGAATCTTGTTGATCGATGGGCGCTGCGCTCCAAGCATTGCGGCGAGGGTGCGTTGGGCAAGTTCGATACGGGCATCGATTGCCTCGTCGAGCAGGAGCTGCGCAACCTGCGCGGGCAGCGGGCGGCCAAGCATGCCCATTAACCGAATCTGCGCAGTCGACACCCGTTGCGCCACACTCGACAGCCACCGCCGTGCGATGGCCGGGTGGGTAGCTAGCAGCCGCTCGAACGCCTGCCGGTCCAGGAACAGGCAGGTCGCTTGGGTCAAGGCGCGCCCCGTGTAGACCATCGGCATCTCCAGTAGCAGCGGGATGTCGCCATCGACATCGCCGGGATGAAGGATGTTCACCACGGCGCGGCGCCGCCTGGAGCCGACCGCGAGCTCAATTAATCCGTGTCGCACAATCCACACCCCGTCCGCGGTTTGATCGGCGTGGAATACCACTGCCCCGGGGGCAAACTCCTTGACTTGTAACGTTTCGGCCAATGCCGACACATCGTCACGGTGCAGTGGCGCCGAGCCTCCGCGACCGACGCACCGCGCAATCCAGGCTGCCTGTCGGACCTGGGCCTCGGAAGGCGGTTGGCCCCCAGTCACCGCATGAACGAGATGCCGCAGCGGGCGCACCGACCGATCTGCCATGGCCCCTCCTTGAGAGCAGGCGATGCCGTCATCGTGCTGCCAATTGTCAGCGCGCGTGGATTGCGTGCGGGTTGGCTTGCCCTGAATGGGAAATTAGTCGATCGAAGAGAACACGCAAGCCCGTTCTGCGCCCCAGGCACTCTGTCAGCACGCTGACAAACCGATTCTTGGCGGAGTTTTGCCATCGGTATGGTATT
NZ_CP041847.1_gap53	1898054	1898803	749	TTCGTGTGCGCGGCGGTGGTGAGTCTGGCAACCGAATTCCGGATCGGACGGGTGGAAGGGGCGTGATGGCCACACCGGGCGTTGTGCAGGAAGTCGTTTCCGTCGCTGCAGAACACGCCGAGCGGGTCGACACCGACTGTGCTTTCCCGGCCGAGGCGGTCGACGCCCTCCGCAAGACCGGCCTGCTGGGTCTGGTGCTGCCCCGCGAGATCGGCGGAATGGGTTCCGGACCAGTGGAATTCACCGAGGTGGTCGCCCAGCTGTCGGCTGCATGTGGATCAACGGCGATGATCTATTTGATGCACATGGCGGCCGCTGTCACGGTAGCCGCGTCGCCTCCGCCGGGTCTGCCGGATCTGTTGGCGGACATGGCTTCCGGAAAACAACTTGGCACCTTGGCATTCAGTGAACCGGGTTCTCGTTCGCACTTCTGGGCGCCCGTGTCCACGGCGAGCGCCGACGGTGACGGCATCGCGGTGCGGGCCGACAAGAGCTGGGTGACCTCGGCGGGGTTCGCCGACGTCTATGTGGTGTCCGTCGGTTCGGCCGACGGTGCCGCGGGCGACGTCGACCTCTACGCGGTTCCGGCGGACACACCGGGCCTGCGGGTAGCGGGCACCTTCACCGGGATGGGTCTGCGGGGGAATGCCTCCGCGCCAATGGCCGTCGACATTCGCATCCCGGATTCGTATCGTCTCGGGGAGGCCGGCGGCGGATTCGGCATCATGATGCAAACGGTACTGCCCTGG
NZ_CP041847.1_gap54	1903690	1908189	4499	CGGTGGAGACGGTGCGGACGCTGCCGCGACTAGCCCGGTTGGGTCAGCTCAACGACCACACCCGGATCTCGCTGGGCCGCATCATCGACGAACAGGCACACGATGCCCCGAAGGGTGAATTCCTGTTGTTCGACGGGCGCGTGCACACCTATGAGGCGGTAAACCGGCGGATCAACAATGTCGTTCGTGGCCTCATCGCGGTCGGGGTGCGGCAGGGTGACCGTGTCGGCGTGCTGATGGAGACTCGGCCCAGCGCGCTGGTCGCCATCGCCGCGCTGTCTCGGCTGGGAGCGGTTGCCGTGGTGATGCGGCCAGACACCGACCTGTCCGCGTCGGTCCGGCTCGGGAGAGTGACCGAGATCCTGACCGACCCTACCAATCTGGATGCTGCGCGCCAGTTGCCCGGACAGGTGCTGGTGTTGGGTGGTGGTGAATCGCGTGATCTGGATCTGCCGGCCGACGCACTTGAACAGGGCCAAGTCATCGACATGGAAAAAATCGACCCGGACGCCGTCGAGTTGCCGGCGTGGTATCGACCGAATCCCGGATTGGCGCGGGATCTGGCGTTCATCGCGTTCAGTTCGGCCGACGGCGACCTGGTGGCCAAGCAGATCACCAACTACCGCTGGGCGGTGTCGGCCTTCGGGACCGCCTCGACGGCGGCCCTCGGCCGCAGAGACACGGTGTACTGTTTGACGCCGCTGCACCATGAGTCCGCACTGTTGGTCAGCCTGGGCGGCGCGGTCGTGGGCGGAACCCGTATCGCATTGTCCCGCGGCTTGCGCCCGGACCGGTTCGTGGCCGAGGTACGCCAGTACGGCGTCACCGTCGTCTCCTACACATGGGCCATGCTGCGTGACGTGGTCGACGATCCGGCGTTCGTGTTGCACGGCAACCATCCGGTGCGGTTGTTCATCGGCTCGGGCATGCCGACCGGATTGTGGGAGCGGGTCGTCGAAGCGTTCGCACCGGCGCACGTCGTCGAGTTTTTCGCCACCACCGACGGACAGGCGGTGCTGGCCAACGTGGCTGGCGCCAAGATCGGCAGCAAGGGCCGTCCGTTGCCTGGCGCCGGACGTGTCGAACTTGGGGCCTACGACGCCGAACATGACCTGATCCTGGAGAACGACCGCGGCTTCGTGCAGGTCGCCGGTGTCAACCAGGTCGGGGTGCTGCTCGCACAATCCAGAGGGCCGATCGATCCGACCGCGTCGGTCAAACGCGGTGTCTTCGCTCCCGCCGACACCTGGATATCTACCGACTACCTATTCTGGCGTGACGACGATGGGGACTACTGGCTGGCGGGTGGACGCGGCTCGGTGGTGCGCACTGCGCGCGGGATGGTTTACACCGAGCCGGTCACCAACGCGTTGGGCCTCATCACCGGTGTCGACCTCGCGGTGACCTACGGTGTATTGGTGCGCGGTCGCCACGTCGCGGTGTCGGCGGTGACGTTGCTGCCTGGAGCGACCATCACAGCCGCCGACTTGACCGAAGCCGTGGCGAGCATGCCGGTGGGGCTGGGACCTGACATCGTGCACGTGGTGCCGCAGCTAACGCTCAGCGGTACTTACCGGCCAACGGTCAGCGCGTTGCGGGCCAACGGGATTCCCAAGGCGGGCCGTCAGGCATGGTATTTCAACTCCGGCGGCAACGAGTACCGGCGGTTGACGCCGGCGGTCCGCACCGAGTTGACCGGCCAGCATCGGCGCGGCAATGCTTGACGAGGCGCTGCTCGCCATCCTGGTGTGCCCGGCGGATCGAGGTCCGCTCGTCTTGGTCGAGGACGGCGACATCCAGGTGCTCTATAACCCGCGGCTGCGGCGCGCCTACCGCATCGAGGACGGTATCCCGGTTCTGCTGGTCGACGAGGCCCGCGAGGTCGACGAGGACGAGCACGCCCGCCTCATGGCGCGAGGTCGTCCGGCAGCTCCCCAGTGAGGTAGCGCTGCAGGTTGGGCGCGATGGTTTGCACGATCTGTTCGGCCGGCAACGAAGCAAACGGTTCGATTCTGACGATGTAGCGCGCCATGACCACACCCATCAGTTGCGACGCGACGAACTGGGTACGGATCTTGCCGGTTCCCGGCGGGTTGTCGACGCGGGACCCAAGCTCCACGGTGACCACTTCCTCAAGGAAGGAGCGCGCCAGGCCCACGTCGGAGCCTGAGATCAAGGATCTCAGCGTCGCGATCAACCCGGCACCCAGTTCGGAATCCCAAATCGGCAGCAACAAGGACGGCAGCTTGTAACCGAGTTCCTCGACAGGCGCCTCGCGAATCGGACCGATGATGACCATCGGGTCGATCGGAATGTGGATCGCGGCGGCGAAAAGCTGCTGTTTGGTGCCGAAGTAGTGATGCACTAGTGCGGCATCAACACCGGCCTTGGCGGCCACGGCTCGGATCGATGTTCTGTCAATGCCGTTGTGCGCAAAGAGTTCTCGGGCACTGGACAGGATTCGCTCCCTAGTGTCAGAGCTGCCGGCGGGTCGCCCGGGCCGTCTGCGGCTGTTGTCCGGCGCCGCCACGCTATGACGTCCGTCGCCGCAGTGTCACCGCCGCCAGACACAGCGACGCGACCGCGAAACTCAGCACGACGACGACGTCGCGCACCGCGATACCGGTCAGCTCCGGATGCGCACCCACCTGTTGTAGCGCCTCGAGCGCGTAGCTGGCCGGCATCACGTTACTGATCCACTCCAGCCACGTCGGCATCAGTGCCCGCGGGACGATGATGCCGGCGAGCAGCAGCTGCGGCACCATCACCAGCGGGATGAACTGTACGGCCTGAAATTCGGTGCGGGCGAAGGCACTACACAATAGACCGAGCCCGACACCCAAGACGGCGTTGACGATCGCGATCGCGAACACCCACACCGGGCTGCCCGCCGTGTCAAAGCCAAGGAACCAGAACGCCACAATGCAGGCCAGCGTGGCCTGCGCCGCCGCGGCGATCGAGAACGCGGTCCCGTAGCCGGCGAGCAGATCAAGCCGGCGTAGCGGGGTGGTCAGGATGCGCTCCAGCGTTCCCGAAGCCCTTTCGCGTTGCATGGTGATCGCCGTGATCACAAACATCACAAAGAGTGGGAACAGGCCCAGTAGCACCAGGCAAGCGGTGTTGAACCCGGATGGGGTACCGGGGCGATGCGGGACGTTCTCGAACATGAAATACATCAGCGTGATGATCAGGATGGGTACCAGCAAGATCATCGCGACACTGCGGTGATCAGCGGCAAGCTGCCGGAGAATCCGCGCCGTAGTGGCCGTGTAGTTCTGCAGCGTTAGCCGGCCGCGGGCACGGTGGTGGTGCGTCGGACGATGGACAGAAACGCTTCCTCCAGTGATGTGCATCCGGTTTCCTTTCGTAGACGGTGCGGCGTTGTGTGGGCCAGCAGCTGCCCCTGGCGCAGAAGCAACAGATCGCCGCAGCGGTCGGCCTCGTCCATTACGTGGCTGGACACCAACAGCGTGGTGCCACGCCGCGCCAGCGCCGTGAACCGATCCCATAATTCGACGCGCAATACCGGATCCAGGCCGATGGTCGGCTCGTCGAGCACTAGCAGATCAGGCCGGCCGACCAGCGCACACGCCAGCGAGACCCGGGCCCGCTGGCCGCCGGACAGGTTGGCACAACGGGCGGTGCGGTGATCGCGCAGGTCCACCGCTTCGATCACCTCATCGGCGGCTTGCCTGTCGACGCCGCAGAGTTCGGCGAAGTAGCGGATGTTGTCGATCACCCGCAGGTCGTTGTAAATGGTCGGGTCCTGAGGCATGTATCCAACCCGATGGCGTAGTTCGGCTGACCCAGCCGGTTGGCCCAGCACGCTCACCGAACCCGAGGCAATGATTTGGGAGCCAACGATGCAGCGAATCAGTGTTGTCTTGCCCGACCCGGACGGACCGAGCAGGCCGGTGATCGTGCCGCAGGCGACCCGGACCGAAACATCCTGCAGGGCAAGGCGTTTACCACGGATGACGCGCAGCTGGTCGATGATGACCGCGGGGTCGGCACCGTCGCGAAGTAATTCATCACTTGATGAAATCATCATGTGATGAATATCCGCCAGTCGTGCGGGTTTGTCAAGGGCCGGTGCACAATCGTCTCTGATGAACGCTGAGGAACTGGCGATCGACCCGGTCGCGGCCGCGCATCGGCTGCTCGGCGCAACTATTGCCGGACGGGGTGTGCGTGCGATGGTGGTCGAGGTCGAGGCGTATGGCGGGGTGCCCGACGGTCCCTGGCCGGACGCCGCGGCGCACTCTTACCGCGGCCGCAATGGCCGCAACGACGTCATGTTCGGGCCCCCGGGGCGGCTTTACACCTACCGCAGCCATGGGATCCATGTCTGTGCCAACGTCGCGTGCGGGCCCGATGGCACGGCTGCCGCTGTGCTACTTAGGGCCGCCGCCATCGAGGACGGCGCCGAGCTCGCCACGTCTCGGCGCGGGCAGACGGTGCGCGCTGTCGCACTGGCGCGCGGCCCGGGAAACCTCTGC
NZ_CP041847.1_gap55	1916338	1917111	773	CAGCTTCACCGCCAGAATCCCCCCATGAGGATGTCAGCGCTTCTGTCCCGTAACACCTCCCGGCCGGGCCTGATCGGCATCGCCCGGGTCGACCGGAATATCGACCGATTGCTGCGTAGGGTCTGTCCCGGCGACATTGTGGTTCTCGACGTCCTGGATCTGGACCGCATCACCGCCGATGCACTGGTGGAAGCGGAGATCGCCGCCGTGGTAAACGCATCGTCGTCTGTCTCGGGCCGCTATCCGAACCTCGGTCCAGAGGTGTTGGTCACCAACGGTGTCACGCTGATCGACGAGACCGGACCGGAGATTTTCAAAAAGGTCAAAGACGGTGCCAAGGTTCGCTTGTATGAAGGCGGGGTGTACGCCGGCGACCGCCGGCTGATCCGCGGTACCGAGCGTACGGATCATGACATCGCCGACCTGATGCGGGAGGCCAAGAGCGGGTTGGTCGCCCACTTGGAGGCGTTCGCCGGCAACACAATTGAGTTCATCCGCAGTGAAAGCCCGCTATTGATCGACGGCATCGGGATTCCCGATGTCGACGTCGATCTGCGGCGTCGGCACGTGGTGATCGTCGCCGACGAACCCAGCGGACCCGATGACCTGAAGTCCCTCAAGCCGTTCATCAAGGAGTACCAACCGGTGCTGGTTGGTGTGGGCACCGGCGCGGACGTGTTGCGCAAGGCGGGGTATCGCCCGCAGCTCATCGTCGGCGACCCTGACCAAATCAGCACCGAGGTGCTCAAGTGCGGTGCCCAGGTGGTGTTGCC
NZ_CP041847.1_gap56	1918668	1922929	4261	CCGCTACCAAGCACCTCTTCGTCAGCGGCGGCGTTGCTTCCTCGCTCGGCAAGGGACTGACCGCCAGCAGCCTAGGACAATTGTTGACGGCTCGTGGGTTACACGTCACGATGCAAAAGCTCGACCCGTACCTCAACGTCGACCCGGGTACCATGAACCCATTCCAGCACGGCGAGGTCTTCGTGACCGAGGACGGTGCCGAAACCGATCTCGACGTCGGCCACTACGAACGGTTCCTCGATCGCAATTTGCCCGGCTCAGCGAATGTGACTACCGGGCAGGTGTATTCAACGGTGATCGCGAAGGAGCGCCGCGGCGAATACCTGGGCGACACCGTGCAGGTGATCCCCCATATCACCGACGAGATAAAACGGCGCATCCTGGCGATGGCCCAACCGGACGCCGACGGTAACCGCCCGGACGTGGTCATCACCGAAATCGGGGGCACTGTCGGCGATATCGAGTCACAGCCCTTCCTGGAGGCAGCGCGGCAAGTCCGGCACTATCTCGGCCGGGAGGACGTGTTTTTTCTGCACGTGTCGCTGGTGCCCTACCTGGCGCCGTCGGGTGAGCTCAAAACCAAGCCAACACAGCACTCGGTGGCCGCACTGCGCAGCATTGGGATTACCCCGGACGCGTTGATCCTGCGCTGCGACCGCGACGTTCCCGAAGCGCTGAAAAACAAGATTGCGTTGATGTGTGACGTCGATATCGACGGCGTTATCTCCACCCCGGACGCGCCCTCCATCTACGACATACCCAAGGTATTGCACCGCGAGGAGCTCGATGCGTTCGTGGTGCGCCGACTCAATCTGCCGTTCCGCGACGTCGATTGGACCGAATGGGACGACCTGCTGCGCCGGGTTCACGAACCACATGAGACAGTGCGAATTGCTTTGGTGGGCAAGTACGTCGAATTATCCGACGCTTACCTCTCGGTTGCCGAGGCATTGCGTGCCGGCGGATTCAAGCACCGGGCCAAGGTCGAGATCTGTTGGGTGGCATCCGACGGTTGTGAAACGACCAGTGGTGCCGCGGCGGCGCTCGGCGATGTGCATGGGGTGCTCATTCCGGGCGGATTCGGCATCAGGGGCATCGAGGGCAAGATCGGTGCCATTGCATACGCGCGGGCGCGCGGGTTGCCGGTGTTGGGGCTGTGCCTCGGTTTGCAGTGCATTGTGATCGAGGCCGCGCGATCGGTCGGTCTCACCAACGCCAATTCGGCCGAATTTGATCCCGACACACCAGATCCCGTTATCGCCACGATGCCCGATCAAGAAGAAATCGTGGCCGGCGAGGCGGATCTGGGCGGTACCATGCGTCTCGGGTCCTACCCCGCCGTGTTGGAGCCGGATTCGGTTGTTGCCCAGGCATACCAAACTACCCAGGTGTCCGAGCGGCATCGCCACCGGTACGAGGTCAACAACGCGTACCGAGACAAGATCGCCGAAAGCGGCCTGAGGTTTTCCGGGACGTCACCTGACGGACACTTGGTAGAGTTCGTCGAGTATCCGCCGGATCGGCATCCGTTCGTTGTCGGCACCCAGGCCCACCCCGAGTTGAAGAGCCGACCCACCCGGCCGCACCCACTGTTTGTCGCATTCGTCGGGGCAGCCATCGATTACAAGGCGGGTGAGTTGCTGCCTGTCGAGATCCCCGAGATCCCCGAGCACACACCCAACGGTAGCTCCCATCGGGACGGCGTGGGCCAGCCGCTACCGGAACCTGCGTCTCGTGGCTGAGCATGATTTCGAGACGATATCGTCGGAAACCTTGCATACGGGAGCCATTTTCGCATTACGTCGGGACCAGGTGCGGATGCCTGGTGGGGGTATTGTGACGCGTGAGGTCGTCGAGCACTTCGGTGCCGTAGCCATTGTGGCGATGGACGACAACGGCAACATCCCGATGGTTTATCAGTACCGCCACACCTATGGTCGGCGGCTTTGGGAACTGCCCGCGGGGTTGCTCGACGTCGCTGGGGAGCCACCTCATCTCACGGCCGCCCGGGAGCTGCGGGAGGAGGTCGGGCTGCAAGCCAGCACCTGGCAGGTGCTGGTCGATCTGGACACCGCGCCGGGCTTCAGCGACGAATCGGTGCGGGTCTATCTGGCCACCGGACTGCGCGAGGTGGGCCGGCCCGAAGCCCATCACGAAGAAGCCGACATGACGATGGGGTGGTATCCCATTGCCGAAGCGGCTCGCCGGGTGCTGCGTGGCGAAATCGTCAATTCCATTGCCATTGCCGGTGTTTTGGCCGTGCACGCGGTGACGACCGGGTTCGCCCAGCCACGCCCACTCGATACCGAATGGATCGACAGGCCAACGGCGTTCGCCGCGCGGAGAGCCGAGCGATGAAGACGCTGGCACTGCAATTGCAGGGCTACCTCGACCATCTGACGATCGAACGAGGTGTCGCGGCAAACACATTGAGCTCCTACCGACGTGATCTGCGCCGCTACTCCAAGCACCTGGAAGAACGAGGGATTACCGATCTGGCCAAGGTCGGCGAGCACGACGTCAGCGAGTTCCTGGTGGCATTGCGGCGCGGGGATCCTGATTCCGGCACGGCGGCGTTGTCCGCGGTGTCGGCGGCACGGGCGCTGATCGCGGTGCGCGGGCTGCATCGCTTCGCTGCCGCAGAAGGGCTGGCCGAACTGGACGTGGCGCGCGCCGTCCGGCCACCGACGCCGAGCCGGCGATTGCCTAAGAGCCTGACAATCGACGAGGTGCTATCGCTGCTCGAAGGTGCGGGCGGCGATAAACCGTCCGACGGCCCGCTGACGCTGCGAAACCGTGCGGTGCTGGAACTGCTGTACTCGACCGGGGCGCGGATCTCCGAGGCCGTCGGCCTTGACCTCGACGACATCGACACCCACGCCAGATCGGTGTTGTTGCGCGGCAAGGGTGGTAAGCAGCGGCTGGTTCCGGTGGGACGCCCGGCAGTGCACGCGCTGGACGCCTATCTGGTGCGGGGACGGCCCGACTTAGCGCGGCGGGGCCGCGGAACGGCGGCGATCTTTCTCAACGCGCGCGGCGGCCGGTTGTCACGGCAAAGCGCGTGGCAGGTTCTGCAGGACGCGGCCGAGCGTGCCGGCATCACCGCCGGTGTTTCGCCGCATATGTTGAGGCATTCGTTCGCCACGCATCTGCTGGAGGGTGGCGCCGATGTCCGGGTGGTGCAGGAATTGCTGGGGCACGCCTCGGTGACCACGACGCAGATCTATACCCTGGTCACCGTCCATGCACTGCGCGAGGTGTGGGCGGGAGCTCACCCGCGGGCACGCTAAGCGATGACCGTCACTAGCGGTAGCGGTTGCTGGTCACTTGGCTCGCCCGCGACACAGAGGTTGCGCCTCTCGCTCATGGATCGTCTTCGTCGCTGTCGTGCAGGAGTTTTTCGGGGTGAAAGTAACTGTTGGTGCGGGGTTGTCCATGGTCGAGGTGGGCTGGGGGAAGCCATTCGGTGGTGCCGTCTTTGCGTTTGCGGGTGATCCAGCCCCCGGTGGTGGCCAGTTGGTGGTGGGGGCCGCAGCCCTGGGTGAGTTCGTTGATGTCGGTTTCTTGGCATTGGGCGAAGTCCGTCACATGATGCACCTCGGTGAGATAGCCCGGTACGTCGCAGTTGGGGAACGAGCAGCCGCGGTCCTTGGCGTAGAGGACGATTCGCTGTCCGGGTGAGGCTAGCCGCTTGGTGTGATAGAGGGCCAGCTCGCGGCCGTGGTCGAAGATACGTAGGTAGTGGTTGGCGTGGCTGGCCAGCCGGATCACGTCGCTCATGGGCAGCAGGGTGCCGCCGCCGGTCAGCGCGTGGCCGGCGCGTGATTGCAGTTCGGTCAGGCTGGTGGACACGATGATGGCCGCGGGTAGCCCGTTGTGTTGGCCCAGCTCCCCCGAGCACAGCAGGGCCCGCAGCGCGGCCAGCAGGCCGTCGTGGTGGCGTTGGCCGGCGCTGCGGGTGTCGGCCTCGATCGCGGCCTGTGACGGGGTGCCGGCCAGGCAGGGGGTGTCATCGGCGGGGTTGGCCATGCCGGGGGCGGCCAGCTTGGCCAACACGGCGTCGACGGTGGCGCGGGCTTCGGGGGTCAGGTAGCCGCTGATCGCCGACATGCCGTCGGGGCCTTGGTTGCCCAGGATGATGCTGCGGCGGCGGGCGCGGTCGGTGTCGTTGTAGTTGCCGTCGGGGTTCAAACAGTCGGCGAGTTTGGTGGCTAGTTTGTGTAGTTGGTCGGGGCGAAACCGGCCGCCTAGGGTGGCCAGC
NZ_CP041847.1_gap57	1927164	1928314	1150	ATGGCGGCAAACGCGGTTTCGTAAGCGGCCGCCGCCGCACGCGCCTGACTGGCTGCCTGCTCAGCTTGGATGGCGGTGGCTCGCATCCACGCCACATACGGGGCGACCGCTTCGACCATCAACGTCGACGCCGGACCCAGCCATTCTTCGGTTTGCAGCGTCGTGATCACCCGCTCGTAGCCGACGGCGGCCACACTGAGCTCGGCGGCCAGCCCGTTCCACGCGGACGCTGCGGCAACCATCGGTGCCGAGCCCGGGCCGCAATACATGCGCCCGGAGTTCACCTCCGGTGGCAACGCCCCAAAATCCATCGCTATGAACTCCTTACCTCGTCACGGGTTTTCGGTGGGCTATCCGACGTTCGGCCGGTCAGCCATCACGGTGAGTCGTCTTCCATATCGGCGTCCCATATGGGCGGCGCGACTCCTGCCCGGAGTCGGTGCCCCCCGGAGTAGGACCGATGTTTCAGCCGCCTCGGCGGCGCTGCGAATACCGGGAATCGATCGCGCGACGGTTTGCGCCTGGGGCGTGGCGGGCGGTGCGGACCAGCCCGGCGGCACCGACATCGGTCCGATCTTGGCGGCCAGAGTCGCGCTCGCCGCCACCGGTCCAGCTCCCAGCTGCGACCACGCCGACCATCCAGCGGCTCCACCCGCGCCGGCCGCTGCCTCGGCCGCACCGGCTTCTGCCAATGCGGTGCTCCACAACATCCCGCCGACGAACTGCAGAGCATTCAGCGTTAACCCACCGCTGTCGTAAATGAACCCTTCGGCAGTGGCGAGGGCGCCCAGGAACATCATCCAGTATTTCTGTATGTCGCTCCATGGAATCGCCGCGGCCCAGCTGTGCTGCCCCCGCAGCGCGGCCACCGCTGTTGCGTGGCCGACGAGGCCGGTCGCGTTGGTGGTTTGCGGCGGTGGTGCGAACGGAGTCAAAACCGTGGCGGGTGCCGCGGCGCTGGCATAGCCGTACATCGCGGCGGCGTCTTGGGCCCACATCTCGGCGTATTGGGACTCGGTGGTGGCGATCGCCGGCGTGTTTTGCCCGAACCAGTTGGTATCGACGAGCGTCATCAACAAGGTCCGGTTGGCCGCGATCGCCGGCGGGGGCACCGTCATGGCGAAGGCGGCTTCAAAGGCCGCTGCGGCCG
NZ_CP041847.1_gap58	1929881	1934292	4411	GGTGACGGGCCCCACCGGCCCCATCACCGTCGTCGCTACCGCAACCATCGCCGAACACGGACTCGAGGGTGCCTTCTTCGCGTTTATCCTCGCCGGCGTCTTTCAGATCCTGTTCGGGGCGTGCCGGCTCGGTTCACTCATCCGCTACGTGCCCCACCCCGTGATCTCTGGATTCATGGGGGGAATCGCGATCCTCATCATCATGACCCAGCTGGATCAGGTGCGCAGCAGCTCCCTGCTCGTGTTGGTAACGGTCGTCCTGCTGCTGGCTAGCGGCCGGTTTATCAAAGCGATTCCACCGAGCCTGCTCGTCCTGGTTCTGGTCAGCTCGGTGCTGCCGCTCGCGGCGCCATGGCTGCGCGACCTGCGCGCTGGGCCGGTCTCGATCAACAGGACGGTCGACTACATCGGCGAGATCCCACAGGCCATGCCGTCTTTCGACTTCCCGCAAGTCGCCAATTCGACGATGCTGCAGGTGCTGCTGTCGGCGGTGGCCATCGCGCTGTTGGGATCCCTCGATTCACTGCTGACGTCGCTGGTCATGGACAACATCAGGGGCACCCGGCACCGGAGCAACAAAGAACTGATCGGCCAGGGGATTGGAAATATCGCCGCCGGGCTCTTCGGCGGGCTGTCCGGTGCCGGCGCGACCGTCCGATCGGTGGTGAACGTCAGAAATGGTGGTCAGACCGCCCTGTCGGCGGCCACTCACAGTGTCGTTTTGTTCGTTTTCGTTGCCGGGCTTGGTGCCGTGGTGCAGTACATCCCGCTCGCCGTGCTGTCGGGGATACTGATATTGGTTGCCGTCGGCATGTTCGACTGGCACGCCATGCGCAAAGCGCATGTGTCACCCAGGGGCGACGTCATCGTCATGTTCACGACGATGATCATCACCGTCGTCGTCGACCTCACCATCGCGGTGATGGTCGGAATCGCCCTCTCGCTGCTGGTCCATAGGCTCCGATCCCGGCAACGCAAAGCCAAGGTCACCCAGGACGACACCGGCACCTATCGCATCGACGGTCCGTTGTCGTTCCTGTCCGTCGACGGTGTATTTGGCTCCCTGCGCGACGGTCGTGAGGACGTGTCGCTGGACCTCCAGCACGTCACCTACCTCGACACCTCTGGTGCCCGGGCCCTGCTGTATTTCATCGACCACTCCGAGAAGGACGGCGTCGCGGTAAGCATCAAGCGGATCCCCCCACGCCTCGAAAGCCAACTCACCGCACTCGCCGACAACGAGCAACGTGACAAGCTGAGAACCGTCCTCGAATCCGCCTGACGCATTGGCTGGTTGATTTGCCTGCGGGTCTCCCGGGCCAGGCGTCGGTAGCCGTTAGACTTTCCTGCGATGTCCCCCCTGACGCCCGTCACCACGAGCCACGACCGGGTATGACCGACCACCCCGACACCGGCAACGGGATCGGCCTCACCGGACGGCCACCACGGGCAATCCCTGACCCCGCGCCGCGCAGCTCGCACGGCCCGGCCAAGGTCATCGCGATGTGCAACCAGAAGGGTGGCGTCGGGAAGACGACGTCGACGATTAACCTGGGTGCCGCGCTCGGTGAGTATGGCCGGCGGGTGCTGCTGGTGGATATGGATCCGCAAGGAGCGCTGTCCGCGGGCCTGGGCGTGCCGCACTACGAGCTGGACAAGACCATCCACAACGTGCTGGTGGAGCCCCGGGTGTCGATCGACGACGTGCTGATCCACTCCCGGGTGAAAAACATGGATCTGGTCCCCAGCAATATCGATCTGTCCGCGGCGGAGATCCAACTGGTCAACGAGGTGGGTCGCGAGCAGACGTTGGCCCGGGCGCTGTACCCGGTGCTGGACCGCTACGACTATGTGCTGATCGACTGCCAGCCGTCGCTGGGCCTGCTCACCGTCAACGGGCTGGCCTGCACGGACGGCGTGATAATTCCGACCGAGTGCGAGTTCTTCTCGCTGCGCGGCCTGGCATTGCTCACCGACACCGTCGATAAGGTGCGCGACCGGCTTAATCCGAAGCTGGATATCAGCGGAATCCTGATCACCCGCTACGATCCGCGGACCGTCAACTCGCGAGAGGTCATGGCCCGTGTCGTGGAACGGTTCGGTGACTTAGTGTTTGACACCGTGATCACCCGCACGGTTCGTTTCCCGGAGACCAGCGTCGCAGGCGAACCCATTACCACCTGGGCGCCGAAGTCGGCGGGTGCCCTGGCCTACCGTGCGCTGGCTCGCGAGTTGATCGACCGATTTGGCATGTGAACGGCCTTCAGAACAGCCTGGCGAACGGTGGGACGGCACCCGAGAACGGCTACTCGGCTGGTTTTCGGGTCCGGCTGACCAACTTCGAGGGCCCGTTCGACCTGCTGCTGCAGCTGATCTTTGCGCACCAACTCGACGTCACCGAAGTGGCGTTGCACCAGGTCACCGACGACTTCATCGCCTACACCAAAGCGATCGGCGCTCGGCTGGAACTAGAGGAGACCACAGCGTTCCTGGTGATCGCCGCAACCTTGCTCGATCTCAAAGCAGCCCGGCTCCTGCCAGCCGGACAGGTCGACGACGAGGAAGACCTCGCGCTTCTGGAGGTACGCGACCTGCTGTTTGCCCGGCTGCTGCAATACCGGGCGTTTAAGCACGTCGCAGAGATGTTCGCCGAACTGGAGGCCACCGCGCTGCGCAGCTATCCACGGGCGGTGTCGTTGGAGGACGGGTTCGTCGGTCTGCTTCCCGAGGTAATGCTCGGCGTTGACGCTCACCGGTTCGCCGAAATCGCTGCGATCGCATTAACCCCGCGGCCAGCCCCGACGGTGGCCACCGAGCACCTGCACGAGTTGATGGTCTCGGTTCCCGAGCAGGCCGAACACTTGCTGGCGATGCTGAAAGCGCGGGGCAGCGGCCAGTGGGCGTCATTTTCGGAGCTGGTCGCCGACTGCACGGCGCCCATCGAGATCGTGGGGCGCTTCCTGGCGCTGCTCGAACTGTATCGGACCCGGGCGGTAGCATTCGAGCAGTCAGAGCCGCTTGGCGCGCTCCAGGTTTCGTGGACCGGTGACGATGCAGAGCGCAGCGATGAGAAGGAGCGGCGCTTGTGACCGAACATATGCCCGAACACGATCCGAGCTATGGCATCCCGGATATCGCTGAGCCCGCGGAGCTGGATGCCGACGAGCTTAAGCGTGTGCTAGAGGCGCTGCTGTTGGTGATCGACACCCCAGTGACAGCCGACGCGTTGGCCGCGGCCACCGAACAGCCGGTCTACCGGGTTGCGGCAAAGCTACAGTTGATGGCCGACGAGCTCACCGGGCGTGACAGCGGCATCGACCTGCGCCACACGAGCGAGGGTTGGCGGATGTACACCCGCGCCCGATTCGCGCCCTATGTCGAGAAGCTGTTGCTGGACGGCGCGCGAACCAAGCTCACCCGGGCCGCGCTGGAGACCCTGGCCGTGGTGGCCTACCGCCAGCCGGTCACACGAGCGCGGGTTAGTGCGGTGCGCGGGGTCAACGTGGACGCCGTGATGCGTACGCTGTTGGCCCGCGGCCTGATCACCGAGGTTGGTACCGACGCCGATACCGGCGCGGTGACGTTCGCCACCACCGAGCTCTTCCTGGAGCGCTTGGGATTGACGTCGCTGTCGGAGCTGCCCGATATCGCACCGCTGCTTCCCGACGTCGACACAATTGACGACCTGAGCGAATCCCTGGACAGTGAGCCACGTTTCATCAAACTCACCGGTGAGCTGGCGTCCGAGCAGACGCTGTCGTTCGACGTGGACCGTGATTGATGGCCGAGCCGGAAGAGTCCCGGGAGCCCCGGGGCATCCGCCTGCAGAAAGTGTTGTCTCAGGCTGGAATCGCGTCGAGGCGAGCCGCCGAGAAGATGATCGTCGACGGCCGCGTCGAAGTGGACGGGCACGTGGTGACCGAGTTGGGTACTCGGGTCGACCCTCAGGTCGCGGTGGTCCGTGTCGACGGGGCCAGGGTGGTGCTCGACGACTCGCTGGTGTACTTGGCGCTGAATAAGCCGCGCGGCATGCACTCGACCATGTCCGACGATCGCGGCCGCCCGTGCATCGGCGACTTGATCGAACGAAAGGTCCGGGGCACCAAGAAGCTTTTTCATGTCGGACGCCTAGACGCGGACACCGAGGGACTGATGCTGCTGACCAATGACGGCGAGTTGGCGCACCGGTTGATGCATCCCTCCCATGAGGTGCCCAAGACGTATCTGGCGACGGTGACGGGGTCGGTGCCGCGTGGGCTGGGCCGAACGCTGCGAGCGGGAATCGAATTGGACGACGGACCGGCGTTCGTCGACGATTTCGCGGTAGTGGATGCGATCCCCGGCAAGACGTTGGTGCGGGTAACGCTGCATGAGGGACGCAATCGCATTGTGCGCCGACTGCTGGCGGCCG
NZ_CP041847.1_gap59	1936071	1940148	4077	CTGGTCGACGAGGACCGGCGCGAGCTGCTTCAGCGCGAGATCGACCGAGAGCTGGTGCAGGTGCGCTGGGCGCAACGGGTCAACATCTCCGCCAAGACGGGCCGGGCGGTGCACAAGCTGGTGCCGGCCATGGAGGATGCGCTGGCGTCATGGGACACCAGGATCGCGACCGGCCCGCTGAACACCTGGCTCACAGAGGTGACGGCGGCCACACCGCCGCCGGTGCGCGGCGGCAAGCAGCCACGCATCTTGTTCGCGACCCAGGCCACCGCGCGGCCACCGACGTTCGTGTTGTTCACCACGGGTTTTTTGGAGGCCGGCTATCGGCGGTTCTTGGAGCGGCGGCTGCGTGAGACGTTCGGGTTTGACGGCAGCCCGATCCGGGTCAACGTGCGGGTGCGAGAGAAGCGGGCCGGCAAGCGCCGCTGAGCGCACCTCGAACGTGTGACCCGGGTAACCGGGGATGGACAGCGAGGCCGGTTCTGCTGTCCCATAATGCGGCTATGTTCAGCTGCATTACGGGATTTAGGTGTTGACACCCGAGCGCTCGGCGCTTACGCTTTCTCGTATAACGGGTGATAAGTACCGTATTGCGGGAGTAGGTGGAGGAAATGGCGCTGGCTCAGCAGGTGCCGAACCTGGGTCTGGCGCGCTTCAGCGTGCAGGACAAGTCGATCCTGATCACCGGCGCGACCGGTTCGTTGGGCCGAGTTGCCGCCCGGGCGCTGGCCGACGCGGGAGCGCGGCTGACACTGGCCGGCGGCAACTCGGCCGGTCTGGCCGAGCTGGTCAACGGCGCCGGCATCGACGACGCCGCCGTCGTGACCTGCCGGCCGGACAGCCTGGCCGATGCCCAGCAGATGGTCGAGGCGGCACTGGGCCGATATGGCCGTTTGGACGGAGTGTTGGTGGCCTCGGGCAGCAACCATGTGGCGCCCATTACCGAGATGGCCGTCGAGGACTTCGACGCTGTGATGGACGCGAACGTGCGGGGTGCCTGGCTGGTGTGTCGGGCGGCCGGACGGGTGCTGCTCGAGCAGGGTCAGGGCGGCAGCGTGGTGCTGGTGTCGTCCGTTCGCGGCGGGTTGGGCAATGCCGCCGGTTACAGCGCGTACTGCCCGTCGAAGGCGGGCACCGATCTGTTGGCCAAGACATTGGCGGCCGAATGGGGCGGTCACGGCATTCGGGTGAACGCGCTGGCGCCGACGGTGTTTCGGTCCGCGGTGACCGAGTGGATGTTCACCGACGATCCGAAGGGCCGGGCCACCCGGGAGGCGATGCTCGCCCGGATCCCGTTGCGCCGCTTCGCCGAACCGGAAGACTTCGTCGGCGCCCTGATCTATCTGCTCAGCGACGCCTCGAGCTTCTACACCGGCCAGGTGATGTATCTGGACGGCGGGTACACCGCATGCTGACCTCGCACGGGTTCTCCCGTGCCGCCGTCGTGGGTGCCGGGCTGATGGGCCGGCGCATCGCCGGCGTGCTGGCCTCGGCGGGCCTGGATGTCGCCATCACCGACACCAACGCTGAGATTCTCCACGCCGCAGCGGTGGAGGCCGCCCGGGTAGCCGGTGCTGGCCGTGGCTCGGTGGCCGCGGCAGCCGACCTAGCCGCGGCGATACCAGACGCCGACCTGGTGATTGAGGCCGTCGTCGAAAACCTGGCCGTCAAGCAGGAACTCTTCGAACGGCTGGCGACACTCGCGCCCGACGCGGTGCTGGCCACCAACACCTCGGTGCTGCCGATCGGCGCTGTCACCGAACGGGTCGAGGACGGCAGCCGAGTGATCGGGACACACTTTTGGAACCCGCCGGATCTTATCCCGGTGGTCGAGGTGGTGCCCAGCGCGCGCACCGCCCCAGATACGGCGGATCGCGTCGTGGCGCTGCTGACCCAAGTCGGCAAGCTGCCGGTGCGGGTCGGGCGCGACGTGCCGGGTTTCATCGGCAACCGGCTGCAGCACGCGCTGTGGCGCGAGGCGATCGCGCTGGTCGCCGAGGGTGTCTGCGACCCGAAGACGGTAGATCTCGTGGTACGCAACACCATTGGGCTGCGACTGGCCACCTTGGGGCCGCTGGAAAACGCCGACTACATCGGGTTGGACCTCACCCTGGCCATCCACGACGCGGTGATCCCGAGCCTCAACCACGACCCGCACCCCAGCCCGCTGCTGCGGGAACTGGTCGCCGCCGGGCAACTCGGGGCGCGTACCGGTCACGGCTTTCTGGACTGGCCCGCAGGAGCCCGCGAGGCCACCACCGCCCGACTTGCCCAGCACATCGCCGCGCAACTCCAAGCCAACGAAAAAGGAAGGGGGACATAGCCATGACGTTCGCCTGGCCCCTCGGTGCCGCCGAATCGACGTTGGAGTTCTACGACCTGTCCCACCCCTGGGGACACGGCGCGCCGGCCTGGCCGTACTTCGAGGACGTGCAGATCGAACGACTCCACGGCATGGCCAAGAGTCGTGTGCTGACCCAAAAGATCACCACCGTCATGCATTCCGGCACCCACATCGACGCGCCGGCGCACGTGGTGGAAGGAACACCGTTTCTGGACGAGATCCCGCTGAGCGCCTTCTTCGGCACCGGCGTCGTCGTCTCGATCCCGAAGGGCAAATGGGGGATGGTCACCGCCGAGGATCTGCAAAACGCTACCCCCGACATCCGGCCCGGTGACATCGTCGTCGTCAACACCGGCTGGCACCACAAATACGCCGACAGCGCCGAGTACTACGCCTATTCCCCGGGCTTCGACAAGAAAGCGGGCGAGTGGTTTGCGGCCAAAGGCGTCAAGGCGGTCGGCACCGACACCCAGGCCCTGGACCATCCGCTGGCCACGGCCATCGCCCCGCACGGTCCCGCGGAGGCACAGGGCGGCCTATTGCCGTGGGCGGTACGCGAATACGAGGCGCAGACCGGCCGCAAGGTGCTCGACGACTTCCCGGACTGGGAACCGTGCCATCGGGCGATCCTGTCGCAGGGCATCTACGGCTTTGAAAACGTCGGCGGTGACCTGGACAAGGTCACCGGCAAGCGCGTCACTTTCGCGGCGTTCCCGTGGCGCTGGGTGGGTGGCGACGGCTGCATCGTGCGGCTGGTGGCGATCGTCGACCCCACCGGGAGCTATCGCATCGAGACCGGAAAGGCGGCCTGATGAAACTGACACGAGCGTCGCAGGCCCCCAGGTATGTGGCGCCGGCGCATCACGAGGTGTCCACCATGCGGTTGCAGGGCCGCGAGGCGGGGCGCACCGAGCGATTCTGGGTGGGGCTGTCGGTCTATCGGCCCGGCGGGACGGCCGAGCCGGCGCCGACCCGGGAGGAGACCGTCTACGTCGTGCTCGACGGCGAGCTGGTGGTCACCGTCGACGGCGCCGAAACCGTGTTGGGCTGGCTCGACAGCGTGCACCTCGCCAAAGGCGAACTGCGATCGATACACAACCGCACGGATCGTCAGGCGCTGCTGCTGGTGACCGTCGCGCACCCGGTTGCCGAGGTGGCGTGATGAGCTGCACCGGCGACGATGCAGAGCGAAGCGATGCTGAGGAGCGGTGCGAATGAGCATCGTCATCACCGTCGCACCCACCGGCCCCATCGCCACCAAGGCCGACAACCCGGCGTTGCCGACGAGCCCCGAGGAAATCGCGACAGCCGTCGAGCAGGCCTACCATGCCGGTGCCGCGGTGGCCCACATCCACCTGCGCGACGAAAACGAAAGGCCCACAGCGGATCCGAACATCGCGCGCCGGGCCATGGACCTCATCGGCGAGCGGTGTCCGATCCTGATCCAGCTGTCCACCGGGGTCGGCTTGACGGTGCCCTTCGAGCAGCGCGAGCAACTGGTCGAGTTGCGCCCGCGGATGGCCACGCTGAATCCGTGCTCGATGAGCTTCGGCGCGGGCGAATTCCGCAACCCGCCGCAAGCGGTTCGTCGGTTGGCGGCACGCATGCGGGAACTGGACATCAAACCGGAACTGGAAATCTATGACACCGGGCATTTGGAGGCGTGCCTGCGACTGTGGGCGGAAGACCTGCTGGCCGAACCCTTGCAGTTCAGCATCGTGCTCGGGGTTCGG
NZ_CP041847.1_gap60	2008277	2010568	2291	CGAAGGACTTGGACGGGAACCGTATTTCGGGCGCGTAGTCCGGCGCGAGCTCGAAGTCGGGAATTTGATTCAGCCACTCGCCCACCAGCAGGGTGAGCTCTAAACGGGCTAGATGCGAACCCAGGCAACGGTGTGGACCGCCGCCAAATGCCCAGTGCCGGTGCACCTTTCCATCCATCACCAACTCGTCGGTGGACATCGCGTCGCTGCCGTCGCGGTTGACTGCGGCCATGCATAACCGCACTGGTGACCCCGCAGGCAGTGTCATGCCGCCGACGGTGACGGGCTCGGTGGTAACTCGCGGCGCCACCGGCGCCGATGGCTCCAGCCGGACGATCTCTTCGATGAAAACCCTGATCTGCTTGGGATTGTCGCGCAGCATGGCGCGCAGCTGTGGTCTGCGGGCGAGCTCGAGCAGCGAAAAGCCTACCGCTGCCGTCACGGTGTCCAGTCCCGCCAGTATCAGGAGGTGGCTCAAACCCAAAACCTCGATCTCGCTCAACGGGTCCTCGCCGATCTGCACTTGCGACAAGACGTCCGGCCCTGGGTTTCGCCGGCGTTCGGCGACCATGGCCGTGAGATACTCGAGCAGCTCGCGCGCCGCAGCGACATCGGCTTCGGTCGGGTGAGGTCGATCCGACATGGCGATGACGGCGTCTTTCCAGCCGATCAGACGGTCACGGTCTTCGAGCGGCAGGCCGTACAGGACGAGAAACAACTGAAACGGAAACAGATTCGCGAGATCGGCCATCGCCTCGCACTCGCCCCGGCCTGCGATGGCGTCGATCATAGCGACAGTGTGACGGCGCAGCGACGGTAGCGCCTTGCTCAAAGCGGCCGGGCTGAAGTATGGCTGCAGGATCCTGCGGTATCGGGTGTGCTCGGGCGGGTCGAACGCGAGCGGAACCACCGGCAGCGGATTTCCCGGAGGTTGCAGCGCTTTCCGCGACGAGAAAACCTTCGGATTCCGCAGCGCCGCGAGCACATCTTCGCGGCGCGTCAGGTAGTACCAGCCGTTCATGAACACCACGGGCCCCGCGTCGCGGAGGGTCTTCCAGCCGACACCCCGGTCAACGGCCATCGGTAACGTCGAATATTCGAGCCGCGGTAGATAAAACGAGCCGGCGTGGTCCTCGCCGGGGGTGGTCATGCGCTCAAGTCTTTCGTGTCTCCGTTCTTGTCGCAGGTCGCAGACGTAGCCAAGCGGTGCCGACCTAGCCAATATCGCACGTGGGCGTGCACCCACCATTGTGGTGTCGAGCGCATCTGGGGGCTCAGCGGCTAATCTTCGAAGCGAACTGTCCGGTCCAAGCTGGCGTGTGCTTTGGGCGGTAAAGGGAGGAAATCCCGTGAAAGTCCGTCTCGATCCATCGAGATGCGTGGGTCATGCGCAGTGCTATGCCGTCGATCCGGACCTGTTCCCGATCGACGACTCGGGCAACTCGATCCTGGCAGAGCACGAGGTGCGGCCCGAGGACATGCAGCTGACCAGAGACGGTGTGGCCGCTTGCCCCGAAATGGCGCTCATCCTCGAGGAGGACGACGCGGACTGACGATTCCGGGTCATACCACAAAATTAACGCTGGCCAAACGATCGTTTACGAGGAATGAATATTTGGCGTCATCGGCGCTGGAGGCCGGTATTGCAATCTAATGTGTTTTCTATGCAACAGTTGCGCAGCGACGCCGTTATCGACTAGCGGTGCTATATTCGGCGCCTTTTCGATGCCGAGCGCGCGTCTCGTTGGCCACGTTTGGTGGCAATGCTCATCAGGGCTCATCCGGATCGCCAACGCGATCGTGTGTGGAGAGGGAGGACTGGTTGGACTTCGGGGCGTTACCGCCGGAGATCAATTCGGGCCGTATGTATTGCGGTCCGGGGTCGGGGCCGATGCTGGCTGCGGCCGCGGCCTGGGACGGGGTGGCCGTGGAGTTGGGGTTGGCTGCGACCGGTTATGCGTCGGTGATAGCCGAGCTGACCGGTGCGCCGTGGGTGGGTGCGGCGTCGTTGTCGATGGTGGCGGCGGCCACGCCGTATGTGGCCTGGCTGAGCCAAGCCGCGGCGCGGGCCGAGCAGGCGGGGATGCAGGCCGCGGCGGCCGCGGCGGCTTATGAGGCCGCTTTTGTGATGACGGTGCCGCCGCCGGTGATTACGGCGAATCGGGTTTTGGTGATGACGCTGATTGCGACCAATTTTTTCGGTCAGAACTCGGCGGCGATCGCGGTCGCTGAGGCGCAGTACGCCGAAATGTGGGCGCAAGACGCCGTTGCTATGTATGGCTATGCGGCTG
NZ_CP041847.1_gap61	2074185	2077550	3365	CGCCGCGCCGATCGCCGACCCGATGCCGGCCAAATCCGACGCCGCCGCCACCACCACTTCTGGGGCCGCCACCACAAACGACATGACGCGCTCCTCACGGGACCGGGTGCGCAGTCCCAGCGGTTACAGCGTATTGACGTCCCGCCACCACGTCCGGCGTTCGGGCCAACTGATCCGAAACGATTGTCAGCGGCAGCAGCCCCCGATTACGCTCGGTGTCCCGTCAGACACCGATCCCTGCGTCAGTCAACGATGCGTCCCGTCGCGCATGGTGCCAACCAGGTCCTCCACCACGTCCTCCAGCGCCACCATCCCCACGACAGAACCGTTGTCGGCGGTTACCAAGGCCAGATGGCTGTTGATGCGCCGCATCCGCGACAGGGCGTCGGCCAGCGGCAACGATTGGGGAACCCGCGGCAGCGGGCGCACAACGGCCAGATCGATCACGGTTTGCGGATTGTCACCGAGGGTCAGCACGTCCTTGATGTGCAGATATCCGATGAACCTTCCACCGCGATCCACCACCGGAAAGCGGGAGTAGCCGGTTTGCGCCAAGGCCTGTTCGACCCCGCCGATGGTGGGCCCGGACCCTACCGCCGACACCTGCACTGCCCGAATGTTGACCAGCGGCACCGCGACATCGGCAACCAGGCGAGTTCGAATCCGAAGGGCTCGGGTTAGCCGCGTGTGCTCCTCGTGATCCAGCAGGCCTTCGGATAGCGATTCGGCGATCATCTCGGACAGTTCCGCAGTGGAGACGGCGATGTCGAGTTCATCCTTCGGCTGCACCCCAACCAGCCGCAGTATCGCGTTGGCGCAGTTGTTGTAGAACGCGATGAACGGCCGGGCGAGGCGCACGTAGACCAGGTACGGCGGGACCAGCAACATCGCTGTTCGCTCCGGACCAGCCAAAGCGATGTTCTTCGGCACCATCTCACCGAGCAGGACATGCAGCGCCACCACGATCGCCAACGACAAGGTGTGCAGCAGCGCCGGCGGTACACCGCTCAGCCCGAACGACAGCTGTAGCAGCTTGACGACTGCCGGTTCGCCGACCCGGCCAAGCAGGATCGAGGACACCGTAACCCCCAGCTGTGCGCCGGTCAGCATCGCCGGGAGCTGTTCGCCCGCCCGGATCACGGTGACGGCAGTGGCCTTGCCCTGCTCGGCCAGCGCTTCGAGGCGGTCACGACGCGCCGAGATCAACGCGAATTCCGCGCCCACGAAGAACGCGTTGGCGCCGATCAGCAAAAGCGCCAGCAACACCGCGGACAGCACATCCATCAGCGGCCCCGCCCCGACCCGGGGTCGGCATGGCCGCCCATTTTGATCAACTCCAACAAGTCGATCCGGCGCCCGTCCATCTGGATCACGGTGGCTAACCACCGCATCGAGTCGTCGGGAAGTCCGTCCTGGTCCAAGGCAGTCAGCTCGACCGTTTCGCCGGCCACCGGGATGTGGCCGAGCTCTCGAAGCACCAACCCGCCGATCGTCTCGTACGGACCGTCGGGGGCTCGATAGCCGGTGGCGCTGGCCACCTCGTCGATGCGTAGCAGACCCGAGACCCGCCATCCGTTGCCGGCTGCCACCACATCCGGTGTCGCATCGTCGTGTTCGTCGCGGACGTCGCCCACGATCTCTTCGATCAAGTCCTCCAGGGTTACCATGCCCGCGGTGCCGCCGTACTCGTCCACAACCATGGCGGTCTGTAGCGCACTGGCGCGGACCTGCGCCATCACCGCATCGCCGTCGAGCGTCGAGGGCACCACCGCGACCGGCTCGGCGACCGTCGTTAGCAGCGTGTGCGCGCGATCGCCGGGCGGAACCTCGAACACCTGCTTGACGTGCACGATGCCGACGGTCGCATCGAGATCTCCCTCGACCACCGGGAAGCGCGAGAATCCCGATGCGGCCGCGGCCGCAACCAGGTCGGCGATGGTGTCATCGGTCTGCAGCGCCACGATCTTCGACCGTGGCGTCATCAGCTCCTCGGCCGTCAGGGCGCCGAACTGCAGCGAGCGGCGCATCAGCCACGCCGTGGCGTCATCGAGTGCGCCGCTGCGCGCGGAACTACGCACCAACGACACCAGCTCCTGCGGTGTGCGAGCTGAGCGCAGCTCCTCGGCCGGCTCGATGCCAAGTCGACGCACGATCCAGTTCGCCGCTCCGTTCGTGAGACGGATGGCCGGGGTGAGCAGCAGTGAGAACAGCACCTGGCCGGCCACGACTGAGCGCGCGGTGCGCAGCGGGCGCGCCACCGCGAGATACTTGGGGACCAGCTCGCCGAAGACCATCGACAGCGATGTCACGATCACCAGGGCAAAAAACGTGATAAGACCGTCGGCCACCCGATCAGACATTCCGACTGCGACCAGCCCAGGATGCGGTAGCTCGGCCACCAGCGGTTCGGTCAGGTAGCCGGTAGCCAAGGTGGTGATCGAGATACCCAACTGAGCACCCGAAAGCTGGAACGACAGCCGGTGGTGTGCGCGCTGGATGAAGCGGTCCCGACTGGTGCCGCCGCGGGCGTTGGCCTCCACGGTGCTGCGGTCCAGCGCGGTCAGCGAGAATTCGGCCGCGACGAACACCCCCGTGCCTGCGGTGAGCGCCAAGATCGCCAGGATGGTGGCGACGGTATCGGTGAGGTTCACGGGCGGCTCGGTCGTCGCGCTATATCGGGCCGAGCCAGTACCGGCCGCTCGCCTGGAAAACCGACGGTGTGGACGGGTGCCCGCGGCACGTCATCCCTTTCGCTCGCAACCGCGCAGCGCGATACTGCGGGTTTGAAGTACACATCGTAGCGAGATAGCTCGTGGCGCCAGCTTCACCAGCCGGCGGGCAGCGGATGGCCCTCGGCAAAGCCCGCTCCCGACTGCACGCCCACCACGGCCCGCTCATGCAGCTCCGCCAGGTTCGAGGCACCCACATAGGTGCAGGTGCTGCGCACGCCAGAAGTGATGTGGTCAATTAGGTCCTCCACACCTCCGCGGTCGGGGTCAAGGCCCATCCGCGACGTCGAGATGCCTTCCTCGAACAACGCCTTACGAGCTCGGTCGAACGGGTTGTCCGCGCCGGTCCGGGCCACCACCGCCCGCTTGGATGCCATGCCGTAGCTCTCCTTGTACGGCTGATCGTCGCGGTCACGCATCAGGTCTCCGGGGGATTCGTAGGTGCCGGCGAACCACGATCCGATCATCACGTTCGAGGCGCCGGCGGCCAGCGCCAGAGCCACGTCGCGTGGATGCCGGATCCCGCCGTCGGCCCAGATATGACCACCGAGCTGCCTTGCCGCAGAAGCGCATTCGAGCACAGCGGAGAACTGCGGGCGGCCGACACCGGTCATCATTCGGGTGGTGCACATGGCG
NZ_CP041847.1_gap62	2080593	2085018	4425	GTAGTAGGTCGATGGGGCGATCGGCACACCCAGCTCGGTCAGCTGTGTGCAGATCGACTCGACACCCCACCGCAAACCATCGGGGCCCTCGCGGTGGCCCTGATGATCGGCGATGAACCGGGTAATTAGCGTGCTGGCCGGTCGAGCTCGGCCGCGAAGAAAGCCGACGCGGTCTTTAAAATCGCGTTCGCCCTTCGCAATTCGGCGTTGTCCCGCCGCAAGCGCTTCAGCTCAGCGGATTCTTCGGTCGTGGTCCCGGGCCGTGCGCCGGCATCGACCTGCGCCTGGCGCACCCACTTACGCACCGTCTCCGCGCAGCCAACACCAAGTAGACGGGCGACCTCACTGATCGCTGCCCACTCCGAATCGTGCTGACCGCGGATCTCTGCGACCATCCGCACCGCCCGCTCACGCAGCTCCGGCGGGTACCTCCTCGATGAACCACCTGACATGACCCCATCCTTTCCAAGAACTGGAGTCTCCGGACATGCCGGGGCGGTTCAGATCGTTTCACTGCGCACGAACTTGCCGTCTGAGCTGTGCTCCTTAAGCAGCGCGTCGGTCTTGGCGACCGACCGATTGTGCACTGCCACGGTGTAGCCGTGCCGGGCGAAGTTTCGGGCGATGTTGGAACCCATCACGGCCAGGCCAGTGACGCCGATCTGCGCGATGCCGGCTGGCGATTCCGACGAACTCATGTCCTGCCTTTCAGTTGGGCCCGGCTTCGCTAGGCGATGAACAGCCGCTGCAGCTGCGTGAGCCACGGTACGGCCAGCGCGACGGTGGGCACCACCAGGACGGCGGCCGCAGCTAGATATGCGGCCGCGGACAGAACCGCGCTATTTCCACGCCCCGACAGCCGGCGCACGCGGAGCACCGTGCTGGGACCTCCGACGGCCAACGCACCCGACGGCGCCCGCCCGGACGCACAGGCGACCAATGCCCGAGCCAGGGGAGTGCGCCCGGCGGCGCGCACCGCGGCGTCATCGGCCAGGAGCTCGACGAGTAGCTGCACCGCCCCCAGCGCATTGGCGCTGCGGACCAACCGCGGGAAAGCCGCGTGCACCGCGGTAAACGCCTCCAGGACAAGATCGTGGCGGGCGCGTAGATGAGCCCGCTCATGGGTAAGGATCGCCGCGACCTCGGCGTCGGCGAGCGCGGTCAGTGTGCCTTCGCTGACCACAACCCGGCTACGCACACCGGGCAGACAGTAGGCAAGGGGCTGCGCGACGTCCAAGACCCGAAGGTCGCGGGCCCGCGCGCACGGCTGGGCAAGCGCGCCATTGTGTCCGACCCCGACGAGATCGACCACCATGCGGTGGTGTGCCCGTCGTCGTCGCGTGGCGGTGGCGACGCGCACCACGGCGACCGCCAGCCGGGCACCGACCAGCACAGTCAACGCAAAGACGGTGATGTAGGCCGCCCACAGCGGCCAGCCGAGGCGGCCGGCCGCGCCGACGAAGCTGGTCGTAGGGCGTCCGTCGGGACCGGGCATGAGCAGCCTGCTAGCGATCGCGATTCCGGCGCTGAACGACGACAGCACCGCGGCCAGGGCAATCGCCTGCCACAGCACCATGGCGGCGCGCGGTGCGCGCAGTGGCCACGTTGCCCGGGCTAGCAGGGCTGGGGTCGGGCCAGCCAGCAGCACCGCGAGGATGGTGAAGGCCAGCGCGGACACGCCGTTAGTCTCCCTCAGGTCTCCGTTGCCGCGCCAGCCGGTGGCCGATTGCCATGACCGGCTTCCAATTCGGCGAGCGCACGTCGTAGCGCATCCGCCTCGTCGGCACCGACTCGCTCGACGAAGTGCACCAGCGCGGCTTGCCTGCTGCCGGAGTCCTCGGCCTGAGCCAATGCATCGACCATCAGCCCGGCGACCAATTCGTCGCGGCCGTGCACGGGAGCGTAGCGGTGGGCTCGATCGTCGCGGATCTGCAGCACGAGGTTCTTCTTTGCCAACCGTTGCAGCACGGTCATCACCGTCGTGTAGGCAAGGTCGCGGCGCGCCGACAACGCTTCGTGGACTTGGCGAACGGTTTGGGGTTCCGTCCTGGACCACAAATGGTCCATGACCGCGCGTTCCAAATCCCCCAACCGCGTCAGCTTGGCCATTGTTCGTTCATCTCCTGCGGGTTGAAACCAGCGTACTCCGGCTTACTACTCGCTGTCGTATCCAAACCGGCGGGCGGCCGTACCGGGCCTATGCACCCGGCTCGCAAACATTACACGCTAACGCTTGCTAAATTAGGGCAGCCTTGCCTATCATTACTTCGTCGAGCCACAACGACCGCGGCCGAGTCCTGAGGGCTGCAGTGACCCCCGGTCGACTCGATCGGCGAGCCCCGTGCCTTGGTGCACGGGGCTCGCCCGTTGGTGTAGACACAAGGACGTGCAGCCATCGCCGGACTCACCCGCTCCGCTGAATGTCACCGTGCCGTTCGACAGCGAGTTGGGTTTGCAATTCACCGAACTGGGTCCCGACGGGGCCCGAGCGCAGCTCGACGTCCGGCCCAAGTTGTTGCAGCTGACGGGCGTCGTGCACGGCGGTGTCTACTGCGCGATGATCGAGAGCATCGCCAGCATGGCAGCCTTTGCCTGGCTCAATTCGCACGGCGAAGGCGGGAGTGTGGTCGGCGTTAACAATAATACGGATTTCGTGCGCTCCATCAGCTCAGGGATGGTGTATGGCACCGCCGAACCGCTGCATCGGGGTCGGCGGCAACAGCTGTGGCTGGTCACCATCACCGACGACACCGACCGGGTGGTCGCCCGCGGCCAAGTGTGGCTGCAGAACCTCGAGGCGCGGCCTTAACCCGCTCGAAACCGTTGAACCTGCCGCGGCGTGGCAGGATCGCAGAGCATGCGCCTGACGCCGCACGAACAGGAGCGTTTGCTGTTGTCCTACGCCGCCGAGTTGGCCCGCCGGCGTCGGGCCCGCGGCCTGCGCCTCAATCATCCGGAAGCCATCGCGGTGATCGCCGACCACATCCTGGAAGGCGCGCGTGACGGCCGCACCGTCGCAGAGTTGATGGCATCCGGGCGTGAGGTGCTCGGCCGTGACGATGTGATGGAGGGAGTGCCGGAGATGCTCGCCGAGGTACAGGTGGAGGCGACGTTTCCGGACGGCACCAAGTTGGTCACCGTGCATCAGCCGATCGCATGATTCCCGGAGAAATCTTTTACGGCAGTGGTGATATCGAGATGAACGCCGCGGCACTCTCCCGCCTGCAGATGCGGATCATCAACGCCGGCGATCGTCCGGTGCAGGTCGGTAGCCACGTCCATCTCCCGCAGGCCAATCGGGCGCTGTCATTCGACCGTGCGACGGCCCACGGCTACCGTCTGGACATCCCGGCGGCGACAGCGGTGCGCTTCGAGCCGGGCATTCCCCAAATCGTCGGGTTGGTTCCGTTGGGCGGACGGCGCGAGGTACCCGGTCTGACGCTAAATCCGCCCGGACGGTTGGACCGCTGATGGCGCGACTGTCAAGGGAGCGCTACGCACAGCTGTACGGACCTACCACCGGCGACCGGATACGGCTGGCCGACACCAACCTGCTGGTTGAGGTCACCGAAGACCGGTGTGGGGGACCGGGACTGGCCGGTGACGAGGCGGTGTTCGGCGGCGGCAAGGTGCTGCGCGAGTCCATGGGCCAGGGCCGTGCGAGCCGGGCCGACGGTGCCCCCGACACCGTGATCACCGGTGCGGTGATCATCGACTACTGGGGAATCATCAAGGCCGACATCGGGATTCGCGATGGCCGCATCGTCGGGATCGGAAAGGCCGGCAATCCCGACATCATGACAGGTGTGCATCGGGATCTCGTCGTCGGGCCGTCCACCGAAATCATCAGCGGCAACCGTCGAATCGTCACCGCAGGCACCGTCGACTGTCACGTGCACTTGATCTGTCCGCAGATCATCGTCGAAGCCTTGGCCGCGGGCACCACCACGATCATCGGCGGTGGCACCGGACCCGCCGAGGGCACCAAGGCCACCACAGTCACTCCCGGCGAGTGGCACCTGGCCCGGATGCTGGAGTCACTGGACGGTTGGCCGGTGAACTTCGCGCTGCTCGGCAAGGGAAACACCGTGAATCCCGACGCACTGTGGGAACAGTTGCGCGGTGGCGCATCGGGTTTCAAACTCCACGAAGACTGGGGATCGACCCCGGCGGCCATCGACACCTGCTTGGCGGTCGCCGACGTGGCCGGGGTGCAGGTTGCGCTGCACTCCGACACTCTCAATGAGACCGGATTCGTCGAGGACACCATCGGCGCGATCGCCGGACGTTCGATTCACGCCTACCACACCGAGGGCGCCGGCGGCGGGCACGCACCGGACATCATTACCGTCGCGGCGCAACCGAATGTACTGCCCAGCTCGACCAATCCGACCCGCCCGCATACGGTGAACACCCTTGACGAGC
NZ_CP041847.1_gap63	2086869	2089606	2737	TCATTGACGTTGCCGGCGGCGACAAGGTGCCGCGCAAGGGCGGGCCGGGGGTGACCTATTCGGATTTGTTGGTAGTCAACAAGACTGACCTGGCTGCATTGGTGGGCGCCGACCTGGCGGTGATGGCCCGCGATGCGGACGCGGTGCGCGACGGCCGCCCGACGGTGCTGCAATCGTTGACCGAGGACCCAGCTGCCAGCGATGTCGTGGCCTGGGTTCGTAGTCAACTGGCCGCCGATGGAGTCTAGTGTTCTGGTGGTCGCGTCGCCGAATCGGTTGCCGCGCATCGACTGTCGGGGCGGTGTCCAGGCACGCCGAACCGCGCCCGACACGGTGCACCTGGTGTCGGCGGCCGCGACCCCGCTGGGCGGTGACACCATGAGAATCCGGGTGATCGTGGAACGGGGTGCCCAGCTACGGCTGCGTAGTGCCGCCGCGACGGTGGCCTTGCCCGGCGTGGATACCCTGACGTCGCATGCTCACTGGGAGATCGACGTGACCGGCACCCTGGATGTGGACCTGGAGCCGACGGTCGTCGCCGCCTCAGCCCGGCATCTGTCGCATGCCACCTTGCGCCTGCACGACGACGGTCGGGTCCGCTTGCGCGAGCGCGTGCAGATTGGCAGATGCAATGAGCGCGAAGGATTTTGGTCGTCATCGCTGCAGGCCGATCGGCATGGTCGTCCCCTGCTGCGGCACCGGGTGGAACTGGGTGCCGGGTCTTTGGCCGACGACGTCATTGCGGCGCCGCGCGCCACTATCAGCGAGCTGCGCTATCCGGCGACGGCATTCACCGACGCCATCGACGCACGGTCGACCGTTTTGGCGTTGGCGGGTGGCGGAACACTGAGTACCTGGCAGGCTGACCGGTTGCCTGGCTAACGCTAGCTGGCCACCTTAGCGCTTGCCGCTGAGCCCTGCGCCTCGGCGGCCAGCTCGGCCAGCTGTTCGAGCCGCGTTCGCGCAAATGCCTGCTGGTCGGTGATGGTCAGCTGGCCGCGGCGAGTACTGAGGAAAGTCACCGTCCACGACAGCAGAGTGGTGATCTTGGTCTTGAACCCGATCAGGTACGCCAGGTGCAGCACCAGCCAAATCAGCCAGGCGATAAAGCCGCTGAACTCAACGGGACCGATCTTGGCCACCGCCGAAAACCTCGAAACCGTGGCCATCGATCCCTTGTCGAAGTACTGGAATGGCTCACGCTCCGCCGGGTTGGCGCCGGCCAGTTCGGCCTTGATCGTGCTGGCGACGTATTTCGCCCCCTGGATGGCGCCCTGCGCCACACCCGGCACACCCTCCACAGCGGCCATATCGCCCACCACGAACACGTTCGGGTACCCGGGAATGGACAGGTCGGGCAGCACTTGGACCCGGCCGGCCCGGTCGAGCTCAACCCGTGATTGCTCGGCAAGGTCCCTGCCCAACCGACTGGCCGAAACCCCGGCCGACCAGACCTTGCAGGCCGACTCGATGCGCCGGACGGTGCCGTCGGAGTCCTTGACGGTGATGCCGTTGCGGTCGACGTCGGTGACCATCGCACCCAGCTGGATTTCCACGCCCAGCTTCTGCAACCGGGCAGCCGCCCGCTGACCGAGCTTTGCGCCCATCGGTGGCAGCACCGCCGGGGCGGCGTCAAGCAGAATCACCCGCGCCTTGGTCGAGTCGATGTGCCGGAATGCGCCCTTCAACGTGTGCTCGGCCAGCTCGGCGATCTGTCCGGCCATTTCAACACCGGTGGGGCCAGCCCCGACAACGGTGAATGTCAGTAGCTTGGCCCGCCGTTCCGGATCGCTGGACCGTTCGGCTTGCTCGAAAGCGCTCAATATGCGGCCACGCAACTCCAACGCGTCGTCGATGGACTTCATGCCGGGTGCGAATTCGGCGAAATGGTCGTTGCCGAAATAAGACTGGCCAGCACCCGCGGCGACGATCAGGCTGTCGTAGGGGGTTTGGTAGGTGTGACCGAGCAATTCCGAGACGACGCACTGCCCGGCCAGGTCGATGTGGGTGACGTTGCCCAACAGTACCTGGACATTGCGCTGCTTACGCAGCACGACCCGGGTCGGCGGAGCGATTTCTCCCTCGGAGATAATCCCGGTGGCCACTTGGTACAGCAGCGGCTGGAACAGGTGATGGGTGGTGCGCGCGATCAGCTTGATGTCAACGTCGGCCCGCTTGAGCTTCTTTGCCGCGTTTAGCCCGCCGAACCCAGATCCGATGATCACAACTCGATGCCTACGAGGTGGTTGCGCTGTGGGTTCTTGCTGGGGACTCATGTTCCGCTGCTCCTGACGGGGTCACCTCGATGAGCGAGTTCAGTTAGCTACTACGGTAGTCAACCCGACCGCTGCAGGCCCAGTTGAGGACATGTGTCATCAGCCACACCACAGCGTGCCTGCGTCACCGGCCCCCGGTGGCTACACACCCAGCAGCGGGCGCAGCGCTTCAGCGGCGGTGGTGATGACCCCGGGCAGATAGCCGTGCGGAGCCAAGTTGATGATTAATCCGTCGACACCGGCATCGAGCACCTTGGCCTGAATTTGGTCGGCGATCTGTGCCGGGCTGCCCACCACCACGCGACCGCTCATCTCCGCGGGAATCGCATCTGGCGAGAGTGTCTCGTCGATCATCACCGTCAACAGCAGGCTGGTCTGAAGCGTCGACCGGTCCCGGCCGGCCTCGTCGCACCGCGCGGCCAGCGCCCGCATCTTGCGCGGCAGCTCGTCGACCGCCGCCA
NZ_CP041847.1_gap64	2093130	2093717	587	CGTTGGCGGCCGAACCGGATGTGTTGCTGCTCGACGAGCCGCTGACCGGACTCGATGTGGCCGCGGCCGCGGGTATCCGTTCGGTGTTGCGTAGTGTCGTCGCGAGGAGCGGTTGCGCGGTAGTCCTGACGACCCATGACCTGCTGGACGTGTTCACGCTGGCCGACCGGGTATTGGTGCTCGAGTCCGGCACGATCGCCGAGATCGGCCCGGTTGCCGATGTGCTTACCGCACCTCGCAGTCGTTTCGGAGCCCGTATCGCCGGAGTCAACCTGGTCAATGGGACCATTGGTCCGGACGGCTCGCTGCGCACCCAGTCCGGCGCCCACTGGTACGGCACCCCGGTCCAGGATTTGCCTACTGGGCATGAGGCAATCGCGGTGTTCCCGCCGACGGCGGTGGCGGTGTATCCGGAACCGCCGCACGGAAGCCCGCGCAATATCGTCGGGCTGACGGTGGCGGAGGTGGATACCCGCGGACCCACGGTCCTGGTGCGCGGGCATGATCAGCCTGGTGGCGCGCCTGGCCTTGCCGCATGCATCACCGTCGATGCCGCCACCGAACTGCGTGTGGCGCCCGGATCGCGC
NZ_CP041847.1_gap65	2097941	2099826	1885	TAGACGGCCTGATCATCACCGCCATGGAGCTTCGGGTTGCCGACGGTGTCGCCAACCAGGCCGCTGCCGACACCCGCATGCATCGACCCGGGTGCCCGCACCATGACCGCCTCAGATGCCGCCACTTTGTCGATTCCGGTCAACTTCGACTGCGCGCGCGGATCAGGGTTCGCCCGAACACGAGCCAGGTTGACCGACAACACATGCGCCACCCGCACAGGGTAGCTCTGACGCGCGTTGGTCCACGCCAGCCGGCGCGGCGCAACGGTCACTCCTCGCCGCGAGCCCGAGCCTCGTAGGTCCTGCGCTTCTCCATGTCGACATCGTCGGTGAAGACATGCTCGCCGCCGAGGAGTCGGTTCAAGCCCTCGGAAACCTGGCGCGGCATGAACCGCTGTGCCACGATCATCGAGCCAGCCGCTTTCGTGACCCGCACCCGCGGTTTGGGATGAACAATCAGCCCGACGATCGCGTCGGCGATATCGGCCGGCTCGGCGTTCTTGAATCCTTTGATCCCACCGGTGCCCGCAATGAGCTCGGTGTTGACAAACGACGGCAACACCATCGAGAACTTCACGCCGGCCGAACGGTATTCAAGCCTGGCCGAATCGGTGAACGCGACCACCGCGTGCTTGCTGGCACAGTAAGTGGCCACGCCTACGGCGTAGATTTCCCCGGCAAGCGAGGCGACATTGATAACGTGTCCCCGCCCGCGCGGGACCATCCGCTGCGCCGCCAGCTTGCTACCCAAGATCACCCCGTAGACGTTGATGTCCAGGATTCGGCGGGTTACCGGGTCTGGTTCGTCGACAATCCGCCCCACGGGCATGATGCCGGCGTTGTTGACCAGCACGTCGATCGGGCCGAGTTGGCGCTCGACGGCGTCGAGGAATCCCGAAAACGAATCCGGGTCGGTGACATCGAGTTTGCCGTACATGTCGAGGTCGAGATCGGCACCCGACTCTTTCGCCATCGCCTCATCGATGTCGCCGATCGCGACCTTGGCTCCCAAGTTGTGCAGCGCGGCCGCTGTGGCCAATCCGATCCCCCGGGCGCCGCCGGTGATGGCGATTACTTTGTCCTGGACCTTGTCCCGGATCTTGACGCCGATGGATGTCCTGCCTGGCACTGTCGTCCCTTCGCTCGGCGGGCCTTAGCCGCCGTCCAATGCGGTCGCGCCCGTGTAGTCACGGTAGCCGCGAACGCCGATGAAACAGCTACGGTGTGCACGTGCCCGAACGATTGCTCGATGCCGTGCGTGTGCTCGACTTGTCCGACGGCTGTTCTGCTGGAGGCACCGATATGGTGACACGACTGCTCGCCGACCTGGGCGCAGACGTTCTCAAGGTGGAACCCCCCGGCGGCAGCCCAGGACGCCACGTGCGGCCCACGCTGGCCGGCACCAGCATCGGGTTCGCCATGCACAACGCGAACAAACGCAGCGCAGTGCTCAACCCGCTCGACGAGAGCGACCGTCGGCGGTTCTTGGACCTCGCCGCCAGCGCCGACATCGTCGTCGACTGTGGTCTTCCGGGACAGGCCGCCGCGTACGGGGCATCGTGTGCCGAGTTGGCCGATCGCTACCGACACCTGGTGGCGCTGTCGATCACCGACTTTGGCGCTGCCGGTCCGCGGTCGTCATGGCGCGCGACCGATCCGGTGCTGTACGCGATGAGTGGTGCTCTCTCGCGGTCGGGCCCTACCGCCGGCACGCCGGTACTGCCGCCGGACGGTATCGCTTCGGCAACCGCAGCGGTGCAGGCAGCCTGGGCCGTACTGGTCGCCTATTTCAACCGATTACGTTGTGGTACTGGGGATTACATCGACTTCTCCCGGTTTGACGCCGTCGTTATGGCGTTGGATCCCCCCTTCGGGGCGCACGGGC
NZ_CP041847.1_gap66	2100933	2103634	2701	GAACTGGCGGCGGAGCCCACGTCCACATCTCCCAGGCCGAAGTCGTCGTCAATCAGCTAGACACCATGTTCGTTGCCGAGGCCGCCCGAGCGACCGACGTTGCCGAGATCCACCCGGACACCAGTGTGCATGCGGTCTACCCTTGTGCTGGCGACGACGAATGGTGCGTCATCTCAATCCGCTCCGACGATGAATGGCGTCGCGCGACATCTGTTTTCGGCCAGCCTGAATTGGCGAACGACCCACGCTTCGGGGCAAGCCGGTCACGCGTGGCCAACCGTTCGGAGTTGGTGGCCGCAGTGTCGGCCTGGACCAGCACCCGTACCCCGGTGCAAGCGGCCGGCGCGCTGCAGGCGGCCGGAGTTGCGGCCGGCCCGATGAATCGCCCGTCGGATATCCTCGAGGATCCCCAGCTGATCGAGCGAAACCTGTTCCGCGACATGGTGCATCCGCTGATCGCCCGTCCGCTGCCCGCCGAGACGGGTCCGGCTCCGTTTCGTCACATTCCGCAGGCACCCCAACGCCCGGCGCCGCTGCCCGGACAGGACAGCGTTCAGATCTGCCGCAAGCTGCTCGGCATGACCGCGGACGAGACCGAACGCCTAATCAACGAGCGCGTAATGTTCGGGCCGGCCGTCACTGCCTAAGTGGTCTCGCCGGTGTCGTTCGTCGACGGTCGGCTGATTGCCCTTCCGGCTCCGAGATCGACGTTTTGCCCGCCTGTTCGTGCTTTATCTGCGAAGCCCCGATCTGGGCGCATCGGGGTGACGCATTCGGGCAGCTAAAGCTTTTCGACCCGCAAGCCGGCGGTGCCCCTCCTCGTTCCGCTGCCCGGTCTGCTCGATCGGTTCGGGGTCGCCGCGCTAGGCCCAATTGCCCGGCTCCTCCTCGGGCCGTTCCACGACCCGCATCGTCGCCGGGCTAGGTTCAAGCCATGCCGGTAGACCCCAGGACGCCAGTGCTGATCGGCTATGGACAGGTCAACCACCGAGGCGACATCGACGCCGAGAAGCAGTCCATCGAACCCGTCGACCTGATGGCCGCCGCGGCCCGGAAAGCCGCGGATTCGACGGTGCTCGAGGCGGTGGATTCGATCCGTGTGGTGCACATGCTGTCGGCGCATTACCGGAATCCCGGGCAGCTCCTCGGCGAACGAATCAAGGCGAGGACCTTCACCACCGGTTACAGCGGGGTGGGCGGCAACATGCCGCAATCCCTGGTCAACCGGGCATGCCTGGACATCCAGCGCGGGCGGGCCGGCGTGGTGCTGCTGGCTGGCGCCGAAACCTGGCGCACCCGAACGGGCCTGCGCGCCAAGGGCAGCAAACTGGAGTGGACTGTGCAGGACGAATCCGTTCCGCTGCCGGACATGGCCGGCGACGACGTTCCGATGGCCGGTGCGGCTGAGCTGCGGATCAACCTGGACCGGCCGGCCTACGTGTACCCGATATTCGAGCAGGCGCTGCGCATCGCCTACGGCGAGTCGATCGAGAACCACCGAAAGCGGATCGGCGAGCTGTGGGCGCGGTTCAGTGCCGTAGCTGCTGACAACCCGCACGCGTGGATCCGCAACCCGGTTACGGCTGACGAGATCTGGCAGCCCGGCCCACAGAACCGGATGGTCAGCTGGCCCTACACCAAGCTTATGAACTCCAACAACATGGTTGACCAGGGTGCCGCGCTGCTGCTGACGTCGGTCGAACGTGCGACACGTCTGCGAATACCGGCCGAACGCTGGGTTTATCCACAGGCTGGCACCGACGCCCACGACACACCGGCCGTCGCCGACCGCCACCGACTGCATCGGTCGACGGCCATTCGGATCGCCGGTGCCCGGGCGCTGGAACTGGCTGGGCTGGGGCTCGATGACATCGAATACGTCGACCTGTATTCGTGCTTTCCCTCCGCTGTCCAAGTCGCCGCAATCGAACTCGGCCTGGACACCGACGATCCTGCCCGCCCGCTGACCGTCACCGGGGGCCTGACCTTCGCCGGCGGGCCGTGGAGCAATTACGTCACGCACTCCATCGCCACCATGGCTGAACTGCTGGCGGCCAATCCCGGGCGCCGAGGTCTGATCACCGCCAACGGCGGTTACCTGACCAAACACAGTTTCGGGGTCTACGGCACCGAGCCGCCGTCGGAATTCCGCTGGGAGGACATGCAACCCGCGGTCGATAGGGAGCCCACCGGAGATGGGTTGGTCGAGTGGGAAGGCATCGGCACCGTCGAAGCGTGGACCACACCAGTCAACCGGGACGGACAACCCGAGAAGGCGTTCCTGGCGGTGCGCACGCCCGACGGGTCGCGCAGCTTGGCCGTGATCACCGATCCCGCATCGGTGCAAGCAACGGTGCGCGAGGACATCGCCGGCGTCAAGGTTGCCGTCGCCCCCGACGGCACCGCGACCCTGCGATAGCCGGCGGGCAGCACGAGTCACGTTCCAGAAGCAATGGTCGCGCAAGCGACACTGACGTGCCTATTGTCATGAGGAGACGTTGGGGGAGGTGAGGCCGGGTGCAGATCCTGGTTACCGACGCCACGGGTGCCGTCGGGCGGTCGGTCACTCGGCAGTTGATCGCTGCCGGACACACGGTGAGCGGTATAGCCCAGCACCCGCACGATGCTCTGGACCCCCGCGTCGACTATGTTTGCGCGTCGTTGCGCAACCCAGTGCTGCAAGAGTTAGCCGGCGAAGCCG
NZ_CP041847.1_gap67	2104939	2106421	1482	CCCGCGCAGGCTCCGCGGTGTCCGGAGGGGGCATGATCATGGAAAGTGGCAGAATCGGCGCCGAGATTGCTCCGCTGGCTGCGGTGCTGCGCGCCGACCCGCCGCTGTGCGCGCTGGCCAACGACGGCAACCTCGCCAGCATCCGCGCGCTGTCTGCTCCCGCCGCCGCCGCAGTTGACGCGGTCATTGCCCGGATAGGGCACCGCGGGTTAGGCGAAGCCGAGCTGGCTAACCTGACGTTTGCCGACGATCCGGCGCTACTGCTGAAGACAGCCGCCGAAATCGCCGCGCGGCCCGCCGGGCCAGCTCACCCAGCGACGTTGATCCAGCGACTGGCTGCCGGCACGCGCAGTGCCCGGGAGCTGGCGCACGACACCACCATCCGATTCACCCATGAGCTCCGGATGACATTGCGGGAGTTGGGATCTCGACGAGTCGCGGCGGATGTGATAGACGTCGTTGACGACGTGTTCTACCTGACCTGCGACGAACTGATTACCACGCCGGCCGACGCTCGGCTGCGAATCAAACGTCGGCGCGCCGAACGAGAACGCCTGCAGGCACAGCGCCCGCCAGACGTTATCGATCATGCCTGGGTACCCGTGGAGTAGCGGTCAACACACGTCAATTCGTCGTCAGGTCCGCCAACGGCCACTGCGGATCAACCAGCCTGTCAACGTCGACCGGGTTCCCGGACCGGATCAGGCCCTTGACGTCGTCCACCACGTCCCAGACGTTGACATTCATCCCGGCTAGCACCCGGCTGTCGCCGTCGAGCCAGAAGGAGAGGAACTCGCGGCCGGCAACGTTGCCACGGAACACCACCCGATCACAGCTGGGGGCGTGGCCGACGTACTCCATGCCGAGGTCGTATTGATCGGTGAACAAATAGGGCAGTTCAGCGTATTCGCCCGGCCGGCCCAGCATGCCGGCAGCCGCCACCGCGGGTTGTTTGAGCGCGTTGGCCCAGTGTTCGGTACGGACGCGGGTACCCAATAGCGGGTGTTCAGCGGCGGCAATGTCGCCGACTGCGTAGATGTCGGGATCGCTGGTGCGCAGCGATGCATCAACCAACACACCGCCCTCGCCCATCGCCAGCCCGGCCTGTTGGGCGAGTTCTACGTTGGGCTTCGCGCCCACAGCGACTAGCACGGCGTCGGCGGCAACCGTCGACCCGTCACGCATCTTGAGCCCGGTCGCCTTGCCGTCGGCTGCAGTGATCTCTTCGAGCTGGGTCTGCAACCGTAAGTCCACCCCTTGATCTCGATGTAGGTCGGCAAACACTTTGCCAACCGCTTCCCCGAGCGCGGCCAGCAGCGGTTGTATGGCGGTCTCGACGACGGTGACGTCGACGCCACGTTGACGCGCACTGGCGGCCACTTCCAGGCCTATCCAGCCGGCACCCACCACTGCGAGGGAAGACCCCTGCACCAGAACGGAGTTCAATGCCACGGCGTCGTTGTAGCTGCGCAGGTAGTGGAC
NZ_CP041847.1_gap68	2107508	2109337	1829	CGCATACCCGCAATGCGTGGCGGCAAACCGCGACTATTGCTCGGGCAAGCGCGCTCCGGCGGCCTAAGCCCCGGTTCCGGCCAACCCCTGTCAGTCCAAATCCACCCGGATGGTCAGCAAGTCGGTGCCCATCGCGCGTACGCCGGCACTGTTCAGCCGGGGTAGGCCGCGCAGCCGCTGCCTCGGATCGTCGTCGGGTAGCAGGTAGGCGGTCCCACTGCGCCATCGGCCGCCGATGCGGACCCGCACGGCGGGGTTGGCCTTGATGTTGTAGACGTAATCGGAATGCTCGCCGTGCTCGGACACCATCCAGAACTGGTTGTCTACGACGCGCCCGCCCACCGCGGTACGCCGCGGCTGTCCCGTTTTGCGGCCGATGGTTTCGAGCATGGTCATCGGCAGTTGCCGGCCGATTGGATTGACCACGAACCGTTGCACGCGATGGACGAATTCCCGCTTGAGATTCATAGCTGCATTCAACGCTACCGATCTGGCCGCGGCCTCACGTTGGTGCCCCGATAGGGCCGAGCCGCCGCAGTTGTGTCACGTGCCGAGGTGACAGCTCCTCAAGGCAGGTCACGCCCAGTAGCCGCATGGTCCGGATCACACCTGTCTGAAGGATCTCGATCGCGCGGTTGACGCCCGCCTCACCACCGGCCATCAGCCCGTAAAGGTAGGCCCGCCCGATCAGCGTGCACCGTGCCCCCAACGCGATCGCCGCGACGATATCGGCGCCCGACATGATGCCGGTGTCCACCAGGATTTCGGTGTGTTTGCCCAGTTCGCGTGCCACGTGGGGCAACAGGTGGAAGGGTACCGGGGCTCGGTCAAGCTGGCGGCCGCCGTGATTGGACAACACGATGCCGTCGACGCCGCGGTCCACCACGGCGCGGGCGTCGTCGAGTGTTTGGATCCCTTTGACAACGAGCTTGCCCGGCCACTGCGACTTGATCCAGGCCAAATCGTCGAAGGTGAGGCTGGGGTCGAACATGGTGTTCAAGTACTCGCCGACGGTGCCAGGCCAGCGATCCAGTGAAGCGAAGGCCAGCGGTTCGGTGGTCAACAAGTCGAACCACCACCGCGGGTGTCCCATCGCGTCGAGAACGGTTCGCAGCGTCAGCGCCGGCGGGATGGACATCCCGTTGCGGACATCGCGTAGCCGGGCACCGGCGACCGGGACGTCGACCGTGACCAGCATGGTGTCAAATCCCGCGGCGGCGACGCGCCGCACCAATGCCATCGAGCGGTCTCGATCACGCCACATATACAGCTGGAACCATTTGCGGCCCTGCGGCACAGCGATGACGAGGTCTTCGATGGCACAGGTGGCCAGGGTGGATAGCGAAAACGGGATCCCAGCCGCGGCCGCCGCCCGCGCGCCGGCGATCTCGCCCTCGGTGTGCATCAAGCGGGTGAACCCGGTTGGCGCGATCCCGAATGGCAAGACGGTGGGCTGACCGAGGACGTTCCAGCCGGCGCACACGGTGGTGACGTCACGCAGGATTGTCGGGTGAAACTCGATGTCGCGGAACCCTTGTCGAGCACGCGCGATGGACAGTTCGTCCTCGGCAGCCCCGTCGGCGTAGTCGAACGCCGCCCTAGGGGTACGCCGTTTGGCAATGCGTCGCAGGTCCTGGATGGTCAGCGCGGCGCCCAGGCGGCGCTTGGAGGTGTCGAACTGCGGCCTGTTGAACTGGAGCAGGGGTGCCAGATCGCGCACTCTGGGCACTCGCCGGTTGACCGCCATCCGTTTATCTAACCAGTGTGATATGAAGTCAGCAAGCGACCCGTTCGACCTGAAGCGTTTCGTGTACGCGCAGGCTCCGGTC
NZ_CP041847.1_gap69	2112252	2113621	1369	TGGCAAGCTCGGTGATCTGCTCGGCCGCAACAGGGTGCTGCTAGGCTCCGTCGTGGTCTTCGTCGTTGGCTCTGTGCTGTGCGGGTTATCGCAGACGATGACCATGCTGGCGATCTCTCGCGCACTGCAGGGCGTCGGTGCCGGTGCGATTTCCGTCACCGCCTACGCGCTGGCCGCTGAGGTGGTCCCACTGCGGGACCGTGGCCGCTACCAGGGCGTCTTAGGTGCGGTGTTCGGTGTCAACACGGTCACCGGTCCGCTGCTGGGGGGCTGGCTCACCGACTATCTGAGCTGGCGGTGGGCGTTTTGGATCAACGTGCCGGTTTCGATCGCGGTGCTGACAGTGGCGGCAACCGCCGTCCCTGCGTTGGCCCGACCGCCCAAACCGGTCATCGACTACCTTGGGATCCTGGTCATCGCTGTGGCCACGACCGCTTTGATCATGGCCACAAGTTGGGGCGGAACCACCTACGCCTGGGGCTCAGCGACCATTGTCGGGCTGTTGATCGGGGCCGCAGTGGCGCTGGGTTTCTTCGTGTGGCTGGAGGGCCGCGCCGCTGCGGCCATCCTGCCGCCCAGGCTGTTTGGCAGCCCAGTATTTGCCGTGTGCTGCGTCCTGTCCTTCGTGGTCGGATTCGCGATGCTGGGTGCACTGACCTTCGTACCGATCTATCTGGGGTACGTGGACGGCGCGTCGGCGACCGCGTCAGGTCTGCGCACGTTGCCGATGGTGATCGGCCTGCTGATCGCCTCGACCGGGACGGGTGTCCTGGTCGGCCGGACGGGCCGCTACAAGATCTTCCCGGTCGCGGGGATGGCGCTGATGGCGGTTGCGTTCCTGCTGATGTCGCAGATGGACGAGTGGACGCCACCGCTGCTGCAATCGCTGTACCTGGTCGTCCTAGGTGCCGGCATCGGATTGTCCATGCAGGTGCTCGTTCTCATCGTGCAGAACACGTCGTCTTTCGAAGACCTCGGCGTCGCAACATCGGGTGTGACCTTCTTCCGGGTGGTCGGCGCCTCGTTTGGTACCGCAACATTCGGTGCGTTGTTCGTAAACTTCCTGGACCGAAGACTCGGTTCCGCGCTGACGTCGGGCGCCGTGCCTGTCCCGGCAGTGCCATCTCCGGCTGTCTTGCATCAGCTGCCCCAGAGCATGGCCGCCCCGATCGTGCGGGCATATGCCGAGTCGCTCACCCAGGTGTTCCTTTGCGCGGTCTCGGTCACGGTGGTCGGTTTCATCCTGGCGCTGTTGCTGCGAGAGGTACCGCTCACCGACATCCACGATGACGCCGACGACCTCGGCGACGGGTTCGGTGTGCCCAGAGCCGAATCGCCGGAGGATGTGTTGGAAATCGCGGTTCGGCGT
NZ_CP041847.1_gap70	2147120	2150981	3861	GCTTACGACTTCCGCCCGTTTATCATCGCCGACGCCGACACCGGCCACGGCGGCGATCCGCACGTACGCAACCTGATCCGCCGCTTCGTCGAGGTCGGTGTGCCGGGCTACCACATCGAGGACCAACGACCCGGCACCAAGAAGTGCGGCCACCAGGGCGGCAAGGTCCTGGTGCCGTCCGACGAACAGATCAAGCGGCTCAACGCCGCCCGCTTCCAGCTCGACATCATGCGGGTGCCCGGCATCATCGTCGCACGCACCGACGCGGAGGCGGCCAACCTGATCGACAGTCGCGCCGACGAGCGTGACCAGCCGTTCCTTCTCGGCGCGACCAAGCTCGACGTACCGTCCTACAAGTCCTGTTTCCTGGCAATGGTGCGGCGTTTTTACGAACTGGGCGTCAAGGAGCTCAATGGTCATCTTCTCTATGCGCTTGGCGACAGCGAGTACGCGGCGGCCGGCGGTTGGCTTGAGCGCCAAGGCATTTTCGGCTTGGTCTCCGACGCGGTCAACGCGTGGCGGGAGGACGGCCAGCAGTCGATCGACGGCATTTTCGACCAGGTCGAGTCGCGGTTCGTGGCGGCCTGGGAGGACGACGCGGGCCTGATGACCTACGGAGAGGCCGTGGCGGACGTGCTCGAATTCGGTCAGAGCGAGGGCGAACCCATTGGCATGGCTCCCGAGGAGTGGCGGGCGTTCGCCGCGCGTGCATCGCTGCATGCCGCCCGGGCAAAGGCCAAGGAGCTGGGCGCCGATCCGCCATGGGACTGCGAGCTGGCCAAGACCCCGGAGGGCTACTACCAGATCCGCGGCGGCATACCGTATGCGATCGCCAAATCGCTGGCCGCGGCACCGTTTGCCGACATTCTTTGGATGGAGACCAAGACCGCCGATCTCGCCGACGCTCGACAGTTCGCCGAGGCGATCCATGCCGAGTTCCCCGACCAGATGCTGGCGTACAACCTCTCACCATCGTTCAACTGGGACACCACCGGCATGACCGACGAGGAGATGCGGCGCTTCCCCGAGGAGCTCGGCAAAATGGGCTTCGTCTTCAACTTCATCACCTATGGCGGGCACCAGATCGACGGTGTCGCGGCCGAGGAATTCGCCACCGCGCTGCGCCAGGACGGCATGCTGGCGCTGGCTCGGTTGCAGCGCAAGATGCGCTTGGTCGAATCTCCCTATCGCACACCGCAAACGCTAGTCGGCGGGCCGCGCAGTGACGCCGCATTGGCTGCCTCCTCCGGACGCACGGCGACCACGAAGGCAATGGGCAAGGGCTCCACCCAGCACCAGCACTTGGTGCAAACTGAGGTGCCGCGCAAGCTGCTAGAGGAATGGCTGGCCATGTGGAGCGGTCACTACCAGCTCAAAGACAAACTGCGCGTACAGCTTCGGCCGCAGCGGGCCGGCTCGGAGGTGCTCGAGCTCGGCATCCACGGCGAAAGCGATGACAAGCTCGCCAACGTGATATTCCAACCGATCCAAGATCGCCGCGGCCGCACCATCCTGTTGGTACGCGACCAGAACACGTTCGGTGCGGAACTACGCCAAAAGCGGCTGATGACCCTGATCCACCTCTGGCTCGTCCACCGCTTCAAGGCGCAGGCGGTGCACTACGTCACGCCCACCGACGACAACCTCTACCAGACCTCGAAGATGAAGTCGCATGGAATCTTCACCGAGGTCAACCAGGAGGTGGGCGAGATCATCGTCGCCGAGGTGAACCACCCGCGCATCGCCGAACTGCTGACGCCCGATCGGGTGGCGCTGCGGAAGTTGATCACGAAGGAGGCGTAGCCAGCGCTGCCAACTGTCTTGGGGGCCAACCGGGTGTGCGTCGAGGTGGCGCACATCGCGAAACGCGAAGGATGCTGTCAGACGGCGTCTGCGGTGGCCTGTCGAAGATCCAGCGCACCGGCGTTCACCTGCGTCGGCCCGCGGTCGCGACTACCATCGCCGCCCCCGTTTACGGCCCGGCACCCGGTGAGAAGAAGCCCAGGAGCATTTGGCCGATGTTGTTGACGCCCGAGTTAAACGCAGCGGTGAGGTGACCAACGGTGCTCGTGTTGTTGAAGCCCGAGACGGTGTTGCCTAGGTTCGCCACGCCCGACGCCAGCTGCCCGACGTTGTAGATTCCCGAGACTCCGCCTTGCAGCGCGTTCGGCACCTGGTTCCAGAGGCCCGAAATGCCGGGCCCGACGTTGCCGAAGCCGGATGCGCTTCCATCGCCACTGTTGAAGAAGCCCGAAGACGGGGTGGTGGTGGAGTTTCCGAAGCCCGGGGCGCTCGTGATGTTGATCGGGATGTTGATCGGTCCCAAGCCGCCGTTGGCGGTCAAGTTCAGGGGGGATCCGGGAATGGTGAAGCCGGGGATCGTAACCGGGCTCGTGCCCCCGCTCAACGGAACATCCAACCCAAACGGATTAATCGCGAAACCAGGGATCGTGACAGCGTTGGTGCCCCCGCTCAACGGAACATTCAACCCAAACGGATTAATCGCGAAACCAGGGATCGTGACAGCGTTGGTGCCCCCGCTCAACGGAACATTCAACCCAAACGGATTAATCGCGAAACCAGGGATCGTGACAGCGTTGGTGCCCCCGCTCAACGGAACATTCAACCCAAACGGATTAATCGCGAAACCAGGGATCGTGACAGCGTTGGTGCCCCCGCTCAACGGAACATCCAACCCAAACGGATTAATCGCGAAACCAGGGATCGTAACCGGGCTCGTGCCCCCGCTCAACGGAACATTCAACCCAAACGGATTAATCGCGAAACCAGGGATCGTGACAGCGTTGGTAGCACCGCTCAGCGGAATATTCAAACCGAACGGATTAACACTGAATCCCTGGATGCCAGACTCCAGGGTGCCGCCGGCCAGCGTGACGCCTAATACGAATGTGCTAAGCGGGATGGGGCCGATGTAGCCCGTGAAGATACCAGCGACGTTAAACGGAAGTTCGTTGAGAGTGATGTTGACCGGTATCCTGATGTTAATCGTAAGGGGGATGCGGGAAATAGGGACGCCGGGAACGGTGATCGGACCGACACCACCCAGCGCGTTCAGGCTCAACGGAATACCAGGAATAGTAATATCCGGCACCACAATCGGACCGACACCACCCAGCGCGTTCAGGCTCAACGGAATACCAGGAATAGTAATATCCGGCACCACAATCGGACCGACACCACCCAGCGCGTTCAGGCTCAACGGAATACCAGGAATAGTAATATCCGGCACCACAATCGGACCGACACCACCCAGCGCGTTCAGGCTCAACGGAATACCAGGAATAGTAATATCCGGCACCACAATCGGACCGACACCACCCAGCGCGTTCAGGCTCAACGGAATACCAGGAATAGTAATATCCGGCACCACAATCGGACCGATGCCACCATTCACTTCGACGCTCAGTGGGATGGCGGGAATGCTGAGTGTGTCTGAGTAGCCAATCAGACCCTGGTAATCGCCCCTCCACAGTATGCCGTTGCTGTAGCTGCCCGAGATCAGGGCGCCGGTGTTAAGGTCGCCAATGTTTCCCCAGCCGGTGTTGAGGTCGCCGAGGTTTAGGTACCCCGTGTTGGCGTTGCCCGGGTTGAGGTCGCCCGTGTTGGTGTCGCCGGCGTTGTAGCTGCCTGTGTTGTAGCTTCCTGCGTTGCCGATTCCAGTGTTGACGTTGCCGGTGTTGAACAGGCCCGTGTTGGCGTTGCCCACGTTACCCAGGCCGGTGTTGTAGTTGCCGGAGTTGCCGATGCCGACGTTTCCGTTGCCTGAGTTGAAGAAGCCGATGTTGCCGTTGCCGGAGTTGAAGAAGCCGATGTTGCCGCTGCCGGAGTTCAGCGCCCCGA
NZ_CP041847.1_gap71	2174470	2179368	4898	CCGGTGAGTGCGGGCCGACCGTCGCGCCGAACGGCCCGAACGGTGGTAGCCGACGCGACGTCGTGGCCACTGACGGCGATCGTTCCGATCCGCGCGCCGGTAAGCAGACCGGCGAGCAGGCGCTTGCGCTGCTCGTCGTCGCCCATGCGCAGAATCGCTTCGATCGCAAACACCGTGGCCGCAAAGGGAATTGGGGTGAGCGCCCGGCCGAGTTCGGCAAACGCGATCGCGGTCTCGACTAAGGTGGCACCCAATCCGCCGTGCTCCGGCGGGACGTGCAGCGCGGGTAATTCGAGCTCGGTGCAAAGCCGTTGCCACAGCCTGCGGTCGGATCCGTCCGCGGCAGCCATCTCCCGCACGGGCGCGCCCCGGCCAAGGAAGCCGCGCAGCGAGGCGCGGAAATCGTCTTGTTCGGTGCTGTATCGGAAGTCCACGTCAGCAGAGCACTTCGGGCCGCGGCTCCTTGGGGAGGCCGAGCAGCCGCTCGCCGATCACGTTGCGCTGGATCTGCGAGCTGCCGGCATAGATCGTCGCGGCCCGTGCGTAGAGCAGCTCATCCATCCAGCAGGCCGGGGAGTTTGGCGTACCCGCCTCCGGGACCAGCCGCGCACCGCCGTTGCCGGGCCCCCGCGGGCCCAGCGCCTCGAGCCCCAGGATTTCGACGGCGAGATCGGTGTACCGGCGGAAATATTCGCTCCAGATGACCTTCGTGATCGCGGCTTCCGCGCCGGGCGGCCGTCCGGTCAGGGCCAGGGTGAGGTCACGGTAGCCCCGATACCGCATGATCTGAACCCGGGCATAGCACCACGCCAAGCCGTCTCGTACCCGTGGATCGGTGTGTAATCCGCGGTCACGGGCCAGCTCGCACAGCCGCTGCAGGTCCCGCTCAAAATCGATGGCGGCGGTGGCGATGTGCGATCCGCGTTCGAAGCCGAGCAGCGTCATGGCGGTCGACCAGCCGTCGCCGACCCGGCCGACGACATTGCCGGCGCTGGTGCGGGCATCGGTCAGGAAGACCTCGCTGAACGAGGAGTGCCCGGCCGCGTTGACGATCGGCCGGACCACGACGCCGGGCTGGTCCATGGGCACCAGCAGAAACGACAGGCCCCGGTGTTTCGCAGCGCTGGGATCGGTCCGCGCCAGCAGGAAGGTCCAGTTTGCGGTGGTGCCGGCCGACGTCCAGATTTTGTGGCCGTTGATCACCCATTCGTCACCGTCGAGCACCCCCCTGGTGCGCACCGAGGCCAGGTCGGAGCCGGCCTCCGGCTCGGAGAAGCCCTGGCACCACCGATGCTCGCCGCTGAGGATGCGCGGCAGGAAATGCCGCTTCTGCGCCTCGGAACCCAGGGCGATCAGGGTGCTGCCCAGCAGGTCGATTCCGAGCAGGTCGTTTTCCGCGCGTTCGGGCGCGCCGGCGCGGGCGAATTCCTCGGCGAGCACCACTTGTTCCATCGGGGACAGGCCACCACCCCCGTATTCCGTCGGCCAGGACACCGCGACCAGGCCAGCGCCGGCCAGGGCCCGCCGCCAGTGCCGGGCGAACTCTTCCCGCTCGTGGGGCGGCAGCGCCCCGGGTCCGGGCCACCCGGGCGGCAGGTGCTCGGCCACAAACTCCCGGATCCGGTCGCGGAACGCTTCCGCTTCGGGTGGGTAGCTGACGTCCACTGCGCGCCCCGGCCTCAGGGCCGCTGCTTGATCGCGGGCCGGATCTGCGGTGCGGCGCGCCAGTCCTCCAGGCCGTACTCGACCGTTCCGTAGGACAGCTTGCCGCCGGTGACTTCGCCCCAGTGCGCGTGATTGAGCTGGTGGATCTTGAAGCAACCGTCCAGCGCGGCGGAAAACCCCATGGCATCGACGGTTTGGTTCACCGATTCCTTGATCAGCAGTGCCGCCATCGTCGGCACCTTCGCGATCCGACGCGCGAATTCGATTGTGCTGGTCGCGAGTTCGTCAGCGGGAAACACCTTGCTGACCATCCCCAGCGCGTGGGCCTCGTCGGCGCCTATGCAGTCGCCGGTGAGCAGCAGTTCCTTGGTCTTGCGCGGCCCGAACTCCCACGGATGTCCGAAGTACTCGACCCCGCACATGCCCAGCCGGGTGCCGACCACATCGGCGAACACGGTGTCCTCGCTGGCGACGATCAGATCGCAGCACCAGGCCAGCATCAACCCCGCCGACAGCACGGCCCCGTGCACCTGGGCGATGGTGATCTTGCGCAGGTTGCGCCACCGCTTGGTGTTTTCGAAGTAGTAGTGCCACTCCTGGCGGTTGCGTGACTCGACCCCGCCGAAGGTCGCCCCGTTGCACCGGTAGCTGGGGTGCTGGTCCGGCCCGGGCGAGCGTTCCCGGATATCGTCAGCGGATCCGAGGTCGTGACCGGCGGAGAAGGCGGGGCCGGCGGCCCGCAGGATCACCACCCGGACGGTGTCGTCCGCCTCGGCAAGTTCGAAGGCGGCGCCCAGCTCGACCAGCATGCCGCGGGTCTGGGCGTTGCGTTGTTTCGGGCGGTCCAGGGTGATCGCGGCGATGCGCCCATCGTCGATGGTTTCGTAGCGGATGTATTCGAACTCCCGGGGCCGTCGGGAGCGTTCCCCGTCCGACCGGCGATCGACCGGACCGACCCTGCCGACGAACATGTCCGCTCCTTACTGGACGTGAACGGCTGACCTGTGCGAGGTTACCCGTCCCTTAGCCAACATGTCCATAGCCAATACGCACATGAGAGTGATCGATATAGACAAATTCCCATGCAAAGAAGCACTTGTGTACAACGAAGTATCTTGGTAGTACTGTGATATACGCAAAGGGCGCCACCGCAGCGCGCCGGGCATCCGACCGGTACAACCAGGAAGGGTTGACGATGGAGATCGGAATATTCCTCATGCCGGCCCATCCACCGGAGCGCACCCTCTACGACGCCACCCGGTGGGATCTGGACGTCATCGAGCTGGCCGATCAACTCGGCTACGTGGAGGCCTGGGTCGGCGAACACTTCACCGTGCCGTGGGAGCCGATCTGCGCCCCCGATCTGCTGTTGGCGCAGGCGCTGCTGCGCACCCAACACATCAAGCTCGCCCCGGGTGCGCACTTGTTGCCCTACCATCATCCGGTCGAGTTGGCCCACCGGGTGGCCTATTTCGACCACCTCGCCCAGGGTCGGTTCATGCTCGGCGTGGGCGCCAGCGGCATCCCGGGTGACTGGGCGCTGTATGACGTGGACGGCAAGAACGGCGAGCATCGCGAAATGACCCGGGAAGCGCTGGAGATCATGCTGCGCATCTGGACCGAGGACGAGCCCTGGGAGCATCGCGGAAAGTACTGGAACGCCAACGGAATCGCGCCGATGTTCGAGGGTCTGATGAGGCGCCACATCAAGCCGTACCAGAAGCCCCACCCGCCCATCGGCGTCACCGGGTTCAGCGCCGGCTCGGAGACCCTCAAGCTCGCCGGCGAACGGGGTTACATCCCCATGAGTCTGGACCTCAACACCGAATACGTCGCCACCCACTGGGACGCGGTGGAGGAAGGCGCGCTGCGCAGCGGGCGAACCCCGGATCGCCGCGATTGGCGGCTGGTGCGGGAGGTGCTGGTGGCCGAGACCGATGAGCAGGCGTTCCGGTATGCCGTGGACGGCACGATGGGACGCGCCATGCGTGAGTATGTGCTGCCGACGTTTCGGATGTTCGGCATGACCAAGTTCTACAAACACAATCCGTCGGTGCCCGACGACGAGGTGACACCGGAGTATCTCGCCGAGAACACCTTCGTGGTCGGCTCGGTGCAGACCGTGGTCGACAAGCTCGAGGCCACCTACGACCAGGTCGGCGGGTTCGGCCACCTGCTGATCCTCGGGTTCGACTACAGCGATAACCCGGGCCCGTGGAAGGAGTCGTTGCGGCTGCTGGCCCACGAGGTCATGCCCAGACTCAACGCCCGCCTCGCCACCAAGCCCGCCACCGCGGTGGTGTAGCCATGGCGGTTCGTCAGGTCACCGTCGGCTATTCGGACGGCACGCACAAGACGATGCCGGTGCGGTGCGACCAGACGGTCCTGGATGCCGCCGAGGAACACGGCGTGGCCATCGTCAACGAATGCCAAAGCGGGATATGTGGCACCTGCGTGGCCACCTGCACCGCCGGCCGCTACCAGATGGGACGCACCGAGGGACTGTCCGATGTCGAGCGGGCGGCGCGAAAGATCCTCACCTGCCAGACGTTTGTTACCTCCGATTGCCGGATCGAGCTGCAGTATCCGGTCGACGACAACGCCGCCCTGCTGGTCACCGGTGACGGTGTGGTGACCGCGGTCGAGTTGGTGTCGCCCAGCACCGCCATCCTGCGGGTGGACACCTCTGGCATGGCCGGCGCGCTGAGATACCGGGCCGGCCAGTTCGCCCAATTGCAGGTTCCCGGTACCAACGTATGGCGCAACTACTCCTACGCCCATCCGGCCGACGGCCGCGGTGAGTGCGAGTTCATCATCAGGTTGCTGCCGGACGGCGTGATGTCGAATTATCTTCGCGACCGCGCCCAGCCCGGTGACCATATCGCGCTGCGCTGCAGCAAGGGCAGCTTTTATCTGCGCCCGATCGTGCGACCGGTGATCCTGGTCGCCGGAGGAACCGGCCTGTCAGCGATCCTGGCGATGGCCCAGAGCCTGGATGCCGATGTCGCTCACCCGGTCTACCTGCTCTACGGGGTCGAGCGCACCGAAGACCTGTGCAAGCTCGACGAACTCACCGAGCTGCGCCGCCGCGTTGGCCGCCTGGAGGTGCACGTCGTCGTCGCTCGCCCGGACCCCGACTGGGATGGGCGCACCGGGCTGGTCACCGACCTGCTCGACGAGCGGATGCTGGCGAGCGGTGACGCCGACGTGTATCTGTGCGGTCCGGTCGCCAT
NZ_CP041847.1_gap72	2192136	2194220	2084	CGATTGCGGCTGATCCCAGCTTCAAAGGCACTCTCGAAGACGCCGAGGAGGCACGCAGGCTGGTCGATGCGCTGATTGCGCTGCGCAAGCACTGCCAGCTGAGCCAGGTTGAGGTTGCTAAGCGTATGGGGGTGCGCCAGCCCACCGTGAGCGGTTTCGAGAAGGAACCCAGCGACCCCAAACTGTCTACGCTGCAACGTTATGCCCGTGCATTGGACGCCCGGCTGCGGCTGGTGCTCGAAGTTCCCACGCTTCGCGAAGTGCCTACGTGGCATCGGCTCTCCTCTTATCGGGGCTCCGCACGGGACCATCAGGTCCGGGTGGGTGCAGACAAGGAAATCCTGATGCAGACGAACTGGGCCCGCCACATTTCGGTTCGGCAGGTTGAGGTGGCATGACTGACCGAACCGACGCCGACGACCTTGACCTGCAACGCGTTGGCGCGCGGCTGGCAGCCCGCGCACAGATCCGCGATATCCGGCTGCTGCGCACTCAGGCCGCTGTCCATCGTGCGCCCAAGCCTGCGCAGGGCCTGACCTACGACCTCGAGTTCGAACCCGCTGTGGATGCCGATCCGGCCACTATCTCAGCATTTGTGGTGCGGATTTCTTGCCACCTGCGCATTCAAAACCAGGCGGCAGACGACGACGTCAAGGAAGGCGATACCAAAGACGAGACACAGGACGTAGCCACCGCTGATTTCGAGTTCGCGGCACTGTTCGACTACCACTTGCAAGAAGGTGAAGACGACCCCACCGAAGAAGAACTTACGGCATACGCCGCCACGACCGGGCGGTTCGCGCTTTATCCGTACATCCGCGAATACGTCTACGACCTCACCGGCCGTCTCGCACTGCCACCGTTGACCCTTGAGATATTGTCTCGGCCGATGCCGGTTTCTCCCGGCGCCCAATGGCCGGCAACGAGAGGAACGCCCTGACCAAACGAGGGTGAATCAAGCTGCCCGACGACCATGGTTTCCACACCTACCGCCAGATGCAGCGCTGGACTGTCAGCCCAGCGGCACGGGTCGAGATCCTGGGCCGCTACTGGTGGAGAATCCGCCGCCGTGCCACCGAAGGGGCGAAGGCGAAATCCAAAGGCAAGGCCCGCCGCGGCTCTCAGTTCAAGGTTCTCGAACACGGGTGATGCGGTTCGAGCCCGGGAAGGTGGAGCGTTAGCCGCAGGGGAGGGAATCTTGGCGGGTCGGCCGACAAGAGGTTGAACTTGACTGCGGGACAGCAGTTTACGGCTCTTGTCGCCACGCCTACAGCGGATTCGCATACCGCCGGGGTTCATTGACAACCGGCGGGGGTTCGTTCCGCCGTGTTTCCGAGGTAGGTATCGGCGGGGGTGTATGTCGGTAGGCCTCGGGAATGTCCGACAGGCGCGATGGGAGATCTTCGCGTTGATCACCGCGCCAATGGATGGTGTCGGGATCATCCCCCGGCTGACGGGAAATGCGGCCGGCCATTCTTCCTCAAGATCGAGTCAGAGGTTCCGGTCGACGTCCATCCGTTGGTGCAGGACTCGCACGACGTCGATGGTGCCTTCGCCAGTCACCCGATAGAACAACGTGTGTGACCCGGCCGAGAGCTTGCGATAGCCGGGGCGAATCTCGTCGCACGCTCGTCCGATCCGCGGGTTTGCCGCAGCACGGTCGATAGCGTGTTGAAGTTCGCGCAGGTACTGCTCGGCCTGATCGACACCCCAACGGTCATAGGTGCAGTCCCAGATCTCTTCCAGATGTGCCTGCGCGGCAGGCGAGAGAAGGTATCGGCTACTCACCGGCCACGCGAGGCGTCAGCCCGCTTACGACCGAGGAATCCGTCGAAGTCGAACGGTGTCGAGCTGCCGCTGCGTTCGCCGGCCTCGAGAGCCTCACGAAGCGCGCGCAGCTGGGTTTCACGGTCCTCGAGCAGTCGCAACGCGGAGCGGATGACTTCACTGGCCGACCGGTAGCGGCCCGCGGCGATCTCGCCGTCGATGAAGGCGCTGTAGTGCTCGTCGAGGACGAAGGACGTGTTCTTACCCACGAACGCACAATACCAATTGTTGGTAGTAGGTGTTAGCCCCTGGGACAC
NZ_CP041847.1_gap73	2198660	2203134	4474	CACCGGCGCGATCGTGGCCGTGCAGGGCTACAACCAGTTCGCTTCGGTGGGTGTGGAGGCGCTGACCGGCTTCGCGTCGGCCTTCTTCAACACCCGCGAGATTCAGCCCGGAACCGTGATGGTCGCGCTAGCGGCCACCGTCGGTGCCGGTACCACCGCTGCGCTGGGGGCGATGCGGATAAACGAGGAGATCGACGCGCTCGAGGTGATCGGCATCCGCAGCATCAGCTACCTGGCGAGCACCCGGGTGCTGGCCGGAGTGGTCGTGGCCGTCCCTCTGTTCTGTGTGGGACTGATGACGGCCTACCTGGCCGCGCGCGTCGGCACCACCGCCATCTATGGCCAGGGGTCGGGCGTGTACGACCACTACTTCAACACGTTCCTGCGCCCGACCGACGTGCTCTGGTCGTCGGTTGAAGTCGTCGTGGTCGCTCTGATGATCATGCTGGTGTGCACCTATTACGGCTACGCCGCACATGGCGGGCCGGCCGGGGTTGGCGAGGCGGTCGGCCGGGCCGTGCGTGCCTCGATGGTCGTCGCGTCGATCGCAATCCTTGTCATGACGCTGGCCATCTACGGCCAGTCGCCCAACTTTCACCTGGCGACCTAGTGACATGAGACGCGGGCCGGGTCGACACCGTTTGCACGACGCGTGGTGGACGCTGATCCTGTTCGCGGTGATCGGGGTGGCTGTCCTGGTGACGGCGGTGTCCTTCACGGGCAGCTTGCGGTCGACTGTGCCGGTGACGCTGACGGCCGACCGCTCCGGGCTGGTGATGGACTCCGGCGCCAAGGTCATGATGCGCGGTGTGCAGGTCGGCCGGGTCGCCCAGATCGGTCGGATCGAGTGGGCCCAGAACGGGGCGAGCCTCAGACTGGAGATCGACCCCGACCAGATCCGGTACATCCCGGCCAATGTCGAGGCACAGATCAGCGCCACCACCGCATTCGGTGCCAAGTTCGTCGACCTGGTGATGCCGCAAAACCCAAGTCGTGCACGGCTGTCCGCTGGGGCGGTACTGCATTCGAAGAACGTCAGCACGGAAATCAACACCGTCTTCGAAAACGTCGTCGACCTGCTCAACATGATCGACCCGCTGAAACTGAACGCCGTGCTGACCGCGGTCGCCGACGCCGTTCGCGGGCAAGGTGAACGGATAGGCCAGGCCACCACCGACCTCAACGAGGTGCTGGAGGCACTCAACGCACGCGGCGACACCATCGGCGGCAACTGGCGATCGCTCAAGAACTTCACCGACACCTATGACGCGGCCGCCCAAGACATCCTGACGATCCTGAACGCCGCCAGCACCACCAGTGCGACCGTCGTGAATCATTCGACGCAGCTGGATGCCTTGCTACTCAACGCCATCGGACTATCCAACGCTGGCACCAACCTGCTTGGCAGCAGCCGAGACAATCTCGTCGGCGCGGCCGACATCCTGGCGCCGACCACGAGCCTGCTGTTCAAGTACAACCCCGAATACACCTGCTTCCTGCAGGGCGCCAAGTGGTATCTCGACAACGGCGGCTATGCGGCCTGGGGCGGGGCCGACGGGCGCACGCTACAACTCGATGTGGCGCTACTGTTCGGCAACGACCCCTATGTCTATCCGGACAACCTGCCGGTTGTCGCGGCCAAGGGGGGTCCCGGCGGAAGGCCGGGATGCGGGCCATTGCCGGATGCCACCCACAACTTCCCGGTGCGCCAGCTGGTCACCAACACCGGATGGGGAACCGGGCTGGACATCCGGCCCAACCCCGGCATCGGGCATCCCTGCTGGGCCAACTACTTCCCGGTGACCCGCGCGGTGCCCGAGCCGCCGTCGATCCGTCAGTGCATCCCCGGGCCGGCGATCGGGCCCAACCCCGCGGCGGGGGAGCAGCCATGAGGGAGAACCTGGGGGGCGTCGTGGTGCGCCTCGGCGTCTTCCTGGCGGTATGCCTGCTGACGGCGTTCCTGCTGATTGCCGTCTTCGGGGAGGTGCGCTTCGGCGACGGCAAGACCTACTACGCCGAGTTCGCCAACGTGTCCAATCTGCGAACGGGCAAGCTGGTGCGCATCGCCGGCGTCGAGGTCGGCAAGGTCACCAGGATCTCCATCAACCCCGACGCGACGGTGCGGGTGCAGTTCACCGCCGACAACTCGGTCACCCTCACGCGGGGCACCCGGGCGGTGATCCGCTACGACAACCTGTTCGGTGACCGCTATTTGGCGCTGGAGGAAGGGGCCGGCGGACTCGCCGTTCTTCGTCCCGGTCACACGATTCCGTTGGCGCGCACCCAACCGGCGTTGGATCTGGATGCCCTGATCGGTGGATTCAAGCCGCTGTTTCGTGCGCTGAACCCCGAGCAGGTCAACGCGCTGAGCGAACAGTTGCTGCACGCGTTTGCCGGACAGGGGCCCACGATCGGGTCATTGCTGGCCCAGTCCGCGGCCGTGACCAACACCCTGGCCGACCGTGATCGGCTGATCGGGCAGGTGATCACCAACCTCAACGTGGTGCTGGGCTCGCTGGGCGCTCACACCGATCGGTTGGACCAGGCGGTGACGTCGCTATCAGCGTTGATTCACCGGCTCGCGCAACGCAAGACCGACATCTCCAACGCCGTGGCCTACACCAACGCCGCCGCCGGCTCGGTCGCCGATCTGCTGTCGCAGGCTCGCGCGCCGTTGGCGAAGGTGGTTCGCGAGACCGATCGGGTGGCCGGCATCGCGGCCGCCGACCACGACTACCTCGACAATCTGCTCAACACGCTGCCGGACAAATACCAGGCGCTGGTCCGCCAGGGTATGTACGGCGACTTCTTCGCCTTCTACCTGTGCGACGTCGTGCTCAAGGTCAACGGCAAGGGCGGCCAGCCGGTGTACATCAAGCTGGCCGGTCAGGACAGCGGGCGGTGCGCGCCGAAATGAAATCCTTCGCCGAACGCAACCGTCTGGCCATCGGCACAGTCGGCATCGTCGTCGTCGCCGCCGTTGCGCTGGCCGCGCTGCAATACCAGCGGCTGCCGTTTTTCAACCAGGGCACCAGGGTCTCCGCCTATTTCGCCGACGCCGGCGGGCTGCGCACCGGCAACACCGTCGAGGTCTCCGGCTATCCGGTGGGAAAGGTGTCCAGCATCTCGCTCGACGGACCGGGCGTGCTGGTGGAGTTCAAGGTCGACACCGACGTCCGACTCGGAAACCGCACCGAAGTGGCAATCAAAACCAAGGGCTTGTTGGGCAGCAAGTTCCTCGACGTCACCCCCCGCGGGGACGGCCGACTCGATTCTCCGATCCCGATCGAGCGGACCACGTCGCCCTACCAACTGCCCGACGCCCTTGGCGATTTGGCCGCCACGATCAGCGGGTTGCACACCGAGCGGCTGTCCGAATCGCTGGCCACCCTGGCGCAGACCTTTGCCGATACGCCGGCGCACTTCCGCAACGCCATACACGGGGTGGCCCGGCTCGCCCAAACCCTCGATGAGCGCGACAACCAACTGCGCAGCCTGCTGGCCAACGCGGCCAAAGCCACCGGGGTGCTGGCCAACCGCACCGACCAGATCGTCGGCCTGGTGCGCGACACGAATGTGGTCTTGGCGCAGCTGCGCACCCAAAGCGCCGCCCTGGACCGGATCTGGGCGAACATCTCGGCGGTGGCCGAACAACTGCGGGGCTTCATCGCTGAGAACCGCCAGCAGCTGCGCCCGGCGCTGGACAAGCTCAACGGGGTGCTGGCTATCGTCGAAAACCGCAAAGAGCGTGTGCGGCAGGCCATCCCGCTGATCAACACCTATGTCATGTCGCTGGGTGAGTCGCTGTCGTCGGGCCCGTTCTTCAAGGCATACGTGGTGAACCTGCTGCCGGGTCAGTTCGTGCAACCGTTCATCAGCGCCGCGTTCTCCGACCTGGGGCTCGACCCGGCCACGTTGCTGCCGTCGCAGCTGACCGACCCACCGACCGGTCAACCCGGAACCCCGCCGTTGCCGATGCCCTACCCGCGCACGGGCCAGGGCGGTGAGCCGCGGCTGACGCTGCCCGACGCGATCACCGGCAATCCCGGCGATCCGCGCTATCCGTACCGGCCGGAGCCGCCCGCGCCGCCGCCCGGCGGGCCGCCGCCCGGCCCGCCCGCGCAGCAGCCGGGAGACCAACCGTGACAACGAAACTCAGACGTGCCCGCTCGGTGTTGGCGACCGCCCTGGTGCTGGTCGCGGGCGTGATCCTGGCCATGCGCACCGCCGACGCCGCCGCCCGCACGACCGTGGTCGCCTACTTCGACAACAGCAACGGTGTGTTCGCCGGTGACGACGTGCTCATTCGGGGCGTGCCGGTGGGCAAGATCGTCAAGATCGAACCGCAACCGCTGCGCGCCAAGATTTCGTTCTGGTTCGACCGCAAATACCGAGTCCCCGCCGATGCCGCCGCGGCGATCCTGTCGCCGCAACTGGTGACCGGCCGGGCCATCCAGCTGACACCGCCGTATGC
NZ_CP041847.1_gap74	2388510	2389556	1046	CCGCCGGCACCGCCAGCCCCGCCGTCACCGATCAGCAGCCCGCCGGCCCCGCCAGCCCCGCCCGCGCCGCCGGCACCACCCATGCCGCCAGAGGCTCCGGTATTCCCGTTGCCGCCGAAGCCACCGCGGCCACCTTGGGCAAAGCCCCCAGTGAACTCGTCGGCGAACCCACCTTTCCCGCCGTCGCCACCGAGGCCGCCGGGAGCGCCGGCGCCTCCGATGCCGCCATTGCCACCGGCGCCGCCGGCCCCGCCGTTACCGATCAATCCCGCACTGTTGCCGGCCCCACGGTCCTGACCGGCGGCACCCGCCCCACCGTGCCCGCCATTGCCATACAGCAATCCACCCGGCCCACCGGGCTGGCCCGGCCCGCCGTTAGCGCCGTCGCCGATCAACGGCCGGCCAACAATGCCTGGGTGGGCGCATTGACGGCATTGAGCACTTCGTGTGCCAACGTGGCGTTGGCGGTCTCGGCGGCCGCGTACCACCCGCCACCCGAGGTTAGGGCCGCGACAAACTGCGCGAGATACGCGGCCGCCTGCGCGCTGATCTGTTGGTATTCCTGCGCATTCGCGCCGAACAGCGCCGCGATAGCCATCGACACCTCGTCGGCGGCGGTCGGCCGCCAACGCCGTCGTCGGGCCTGCCACGAGCGCATTGGCCGCGCTGATCGCCGAACCGATCCCCGCCACATCTGCGGCGGCCGCGGTCAGAAAGAAGGTTGCGCGATTACGAACGACATGTAGTCTCCAACCGTTTACGGCCGCCCGGCAAGGACCTAACGAACCGTTAAGTAGGCGGCGACAGCGCGAACGCTACCGTGACCGCACTCGCGCGACCCCACACTAGGAAGCAGCACTAATGATTTTCTTATCTTCTCCGCAGCATCGACGGCGCCAGCCGACGTTGCGGTGTGTGCGGGTACGATTCCGGTGGAGTTGCCGCCACCCCTAGAGTGGGCGAGGATCGCAAGAGCAAATTCCGCGCCGGTAGGACAACGATAGGACCGCCATTACGAAGCCGCCCGAGACTCCTGAATTGAGCGC
NZ_CP041847.1_gap75	2501760	2506488	4728	CGCCCCGAATAGCGGCGTTGCTCCGACAGCTCCGTCTGCCCGTGGCGCAACAAAAGTAGTCGGGTGGGTGTACCGCGGGCGCCGGTCCAGCCGGGAGATGTCGGTGACTCGGTCGCAACGATTTTGGCAGGATCCGCATCCGCCGCAGCCGATTGCGCGGCGGCGTCCATCGCGTCATTGGCCAACCGGTCTGCATACGTGTTCCGGGCACGCGGAACCCACTCGTAGTTGATCCTGCGAAACTGGGACGCCAACGCCTGAGCCTGGACATAGAGCTTCAGCAGATCCGGGTGCTTGACCTTCCACCGCCCGGACATCTGCTCCACCACCAGCTTGGAGTCCATCAGCACCGCGGCCTCGGTGGCACCTAGTTTCACGGCGTCGTCCAAACCGGCTATCAGGCCGCGGTATTCGGCGACGTTGTTCGTCGCCCGGCCGATCGCCTGCTTGGACTCGGCCAGCACGGTGGAGTGATCGGCGGTCCACACCACCGCGCCGTATCCGGCCGGTCCGGGATTGCCCCGCGATCCGCCGTCGGCTTCGATGACAACTTTCACTCCTCAAATCCTTCGAGCCGCAACAAGATCGCTCCGCATTCCGGGCAGCGCACCACTTCATCCTCGGCGGCCGCCGAGATCTGGGCCAGCTCGCCGCGGCCGATCTCGATCCGGCAGGCACCACATCGATGACCTTGCAACCGCCCGGCCCCTGGCCCGCCTCCGGCCCGCTGTCTTTCGTAGAGCCCCGCAAGCTCGGGATCAAGTGTCGCCGTCAGCATGTCGCGTTGCGATGAATGTTGGTGCCGGGCTTGGTCGATTTCGGCAAGTGCCTCGTCCAAAGCCTGCTGGGCGGCGGCCAGGTCGGCCCGCAACGCTTGGAGCGCCCGCGACTCGGCGGTCTGTTGAGCCTGCAGCTCCTCGCGGCGTTCCAGCACCTCCAGCAGGGCATCTTCCAAACTGGCTTGACGGCGTTGCAAGCTGTCGAGCTCGTGCTGCAGATCAGCCAATTGCTTGGCGTCCGTTGCACCCGAAGTGAGCAACGACCGGTCCCGGTCGCCACGCTTACGCACCGCATCGATCTCCGACTCAAAACGCGACACCTGGCCGTCCAAGTCCTCCGCCGCGATTCGCAGGGCCGCCATCCTGTCGTTGGCGGCGTTGTGCTCGGCCTGCACCTGCTGGTAAGCCGCCCGCTGCGGCAGATGGGTAGCCCGATGCGCGATCCGGGTCAGCTCAGCATCCAGCTTCGCCAATTCCAGTAGCGACCGTTGCTGTGCCACTCCGGCTTTCATGCCTGATCTCTCCCAGTTTCGTGATCGAGGTTCCACGGGTCGGTGCAGATGGTGCACACACGCACCGGCAGCGACGCGCCGAAATGAGACCGCAACACTTCGGCGGCCTGGCCGCACCACGGGAATTCGCTTGCCCAATGCGCGACGTCGATCAGGGCCACTTGCGAAGCTCGGCAATGCTCGTCGGCTGGATGATGTCGCAGATCGGCCGTAACGTACGCTTGCACGTCCGCGGCGGCCACGGTGGCAAGCAACGAGTCCCCGGCGCCGCCGCAGACCGCGACCCGCGACACCAGCAGGTCGGGATCCCCGGCGGCGCGCACACCGGTCGCAGTCGGCGGCAACGCGGCCTCCAGACGGGCAACAAAGGTGCGCAGCGGTTCGGGTTTTGGCAGTCTGCCAATCCGGCCTAACCCGCTGCCGACCGGCGGTGGTACCAGCGCGAAGATGTCGAATGCCGGCTCCTCGTAAGGGTGCGCGGCGCGCATCGCCGCCAACACCTCGGCGCGCGCTCGTGCGGGTGCGACGACCTCGACCCGGTCCTCGGCCACCCGTTCGACGGTACCGACGCTGCCTATGGCGGGCGACGCCCCGTCGTGCGCCAGGAACTGCCCGGTACCCGCGACACTCCAGCTGCAGTGCGAGTAGTCGCCGATATGGCCGGCACCGGCCTCAAAGACCGCTGCCCGCACCGCCTCTGAGTTCTCGCGCGGCACATAGATGACCCACTTGTCGAGATCGGCCGCTCCGGGCACCGGGTCGAGAACGGCGTCGACGGTCAGACCAACAGCGTGTGCCAGCGCGTCGGACACACCCGGCGACGCCGAGTCGGCGTTGGTGTGCGCGGTAAACAACGAGCGACCGGTCCGGATCAGGCGGTGCACCAGCACACCCTTTGGCGTGTTGGCCGCGACCGTATCGACCCCACGCAGTAACAACGGGTGGTGCACCAATAGCAGTCCGGCCTGGGGAACCTGGTCCACCACCGCCGGCGTCGCGTCCACCGCAACGGTCACCGAATCCACCACGTCGTCGGGGTCGCCGCACACCAGACCCACCGAATCCCACGACTGGGCAAGCCGCGGCGGGTAGGCCTGGTCCAGCACGTCGATGACATCGGCCAGCCGCACACTCATCGGCGTCCTCCACGCTTTGCCCACTCGGCGATCGCCGCCACCAGCACGGGCCACTCCGGGCGCACCGCCGCCCGCAGGTACCGCGCGTCCAGGCCGACGAAGGTGTCACCGCGGCGCACCGCAATTCCTTTGCTCTGCAAATAGTTTCGTAATCCGTCAGCATCGGCGATGTTGAACAGTACGAAAGGGGCCGCACCATCGACCACCTCGGCACCCACCGATCTCAGTCCGGCCACCATCTCCGCGCGCAGCGCCGTCAACCGCACCGCATCGGCTGCGGCAGCGGCGACCGCCCGGGGGGCGCAGCAAGCAGCGATGGCCGTCAGTTGCAATGTTCCCAACGGCCAGTGCGCTCGCTGCACGGTCAACCGAGCCAGCACGTCTGGCGAGCCGAGCGCGTAGCCCACCCGCAATCCGGCCAGCGACCACGTTTTCGTCAAGCTACGGAGCACCAGCACATCGGGCAGCGAGTCATCAGCCAACGATTGCGGCTCGCCGGGAACCCAATCAGCGAACGCCTCGTCGACCACCAGGATGCGTCCCGGCCGGCGTAACTCGAGCAGCTGCTCGCGGAGGTGCAGCACCGAGGTGGGGTTGGTCGGATTACCCACGACGACAAGGTCGGCGTCGTCAGGCACGTGCGCGGTGTCCAGCACGAACGGCGGCTTTAGGACAACATGGTGCGCCGTGATTCCGGCAGCGCTCAAGGCTATGGCCGGCTCGGTGAACGCGGGCACGACGATTGCTGCCCGCACCGGACTTAGGTTGTGCAGCAATGCGAATCCCTCCGCCGCCCCGACGAGCGGGAGCACTTCGTCACGGGTTCTGCCATGACGTTCAGCGACCGCGTCTTGCGCCCGGTGCACATCGTCGGTGCTCGGATAGCGGGCCAGCTCCGGCAGCAGCGCGGCGAGCTGCCGGACCAACCATTCCGGGGGCCGGTCATGGCGGACGTTGACGGCGAAGTCCAGCACGCCGGGCGCGACATCCTGATCACCGTGGTAGCGCGCCGCGGCAAGCGGGCTAGTGTCTAGACTCGCCACAGCGTCAAACAGTAGTGGGCCGGTGTGCGGGCCAAGAATCCAGAGCACCGCCGACGCGTTGTCTACGCGGCGACAACCGCGACATCACAGGCAGCTAACAGGGCGTCGGCGGTGATGATCGTCAGGCCAAGCAGCTGTGCCTGGGCGATGAGCACACGGTCGAATGGATGTCGATGGTGATCCGGAAGCTCTGCGGTGCGCAGTGTGTGCGTGGTCAACTGACAGCGGCGACGTGCCGCAGCGGCGCATTCGATCGGGCACGTAAGAGGCCGATGGCTCGGGCGGCGGGAGCTTGCCGAGGCGGTAGTTGATCGCGATCTCCCAGGCACTGGCGGCCGACAAGAGAATGCTGTTGCGGACGTCCTGAACAATCGCCCGTGTTTCGTTGACGGCATCCGCAGCCAAACGTGGGTGTCGATGAGGTAGCGCTTCACCGGTGAAAGCGTTCGAGCACGTCGTCTGACAACGGAGCGTCCAAATCGTCGGGCACGCGGTACACGCCATGGTCAATGCCTAACCGCCGAGTCTCATGAGGATGCAGCGGCACAAGCTTTGCTACCGGCTCGCCGCGGCGGGCAATCTCAACCTCTGCCCGCCGTAGACGAGCCGCAGCAGCTCGGACAGGCGTGTCTTCGCCTCGTGAACGCCGACCCGCTTCGCAGGCGCCCAGACTTTCGCGTCGACCACCTGCTCACCAAACTTCGCGATCATCGCCTGATACCACAGCGCCAACGGGTAGCGGTTTGTCCAACCGCTTCGTCAACGACAATGGGATCGTGACCGACACGACCGCGAGCGGGACCAATTGCCCGCCTCCTCCACGCGCCGCCGCACGGCGCGCATCGTCGCCGGGTGAATCGCCGCAGCTGGTGATCTTCGATCTGGACGGCACGCTGACCGACTCGGCGCGCGGAATCGTATCCAGCTTCCGACACGCGCTCAACCACATCGGTGCCCCAGTACCCGAAGGCGACCTGGCCACTCACATCGTCGGCCCGCCCATGCATGAGACGCTGCGCGCCATGGGGCTCGGCGAATCCGCCGAGGAGGCGATCGTAGCCTACCGGGCCGACTACAGCGCCCGCGGTTGGGCGATGAACAGCTTGTTCGACGGGATCGGGCCGCTGCTGGCCGACCTGCGCACCGCCGGTGTCCGGCTGGCCGTCGCCACCTCCAAGGCAGAGCCGACCGCACGGCGAATCCTGCGCCACTTCGGAATTGAGCAGCACTTCGAGGTCATCGCGGGCGCGAGCACCGA
NZ_CP041847.1_gap76	2530116	2532499	2383	CGGGTGCCGGGGCGGGCCAGCGCCTGATCGGAATGCATCGCCAACCCCGATGTGTGCGCCAGCAGGTGACGGACCGTGGAGCCGGGCGGGCCTGCCGGGGTGTCGAGATTCACCACCCCCTCCTCAACGGCGACCTGTGCGGCTCGGGCCACCAGCGGCTTGGTGACCGACGCCAGCGCGAACACCCGCGCGGTATCGCCGTGGGTGGCTAGCACCCCTGCGGGTCCGATCACCGCGGCGGCCGCAGCCGGGACCGGCCAGCCACCAAGCACTTCGAGAGCGGTCATCGACTCCGGCGCGTCACTTCCGGGCGATGTAGTAGTTGTTCAACACGTCCGACTCGATCTCGGCCACCGTCACGTCGGTAAAACCGGCGTCGGCGAGCATCGAGGTGGCCAACTGCCTGCCCCACACCGTCCCCAACCCGGCCCCGTCAAGCGCCAGCGACACCGTCATGCAGTGCATTAGCGAGGTCGTGTACAGGTAGGTGCTCAGCGGAACGCCGACATTGTCTTCCAGTTGACTCGATGCCTTGATGTCGACCATCAGCAGCACACCACCGGGTCGCAGCGCACGATAGATGTTCTGCAGGACGCGCGCCGGCTGCGCCTGGTCGTGAATCGCGTCGAACACGGTGATCACGTCGTAGGCCCCCACCTTGTCCAGCTCTGCCAGGTCATGGCGCTCGAAGGTCGCGTTTGCCAGGCCCAACCGAGCCGCCTCCTCGGTCCCCGCCGCAACGGCCTCGTCGGAAAAGTCGATGCCGGTGAATCGGCTCGCGCCGAACGCCTGCGCCATCAGCTTGACCGCGCGACCACTGCCGCAACCGAAATCGGCCACGTCGGCTCCGGACCGCAAGCGGTCCGGAAGGCCGTCGACCAGCGGGAGCACCACGTCGATCAAGGCGGCATCGAACACCATGCCGCTCATCTCGGCCATCAGCTTGTGGAAGCGCGGGTATTCGCTGTAGGGCACACCGCCGCCTTCCCGGAAGCAGCGAATGACCTTTTGTTCGACCTCGCCGAGCAGCGAAACGAACTGTGCTATCACGGCGAGGTTGTCCGGCCCGGCCGCACGGGTCAGCATGCCGGCGCGGTGGGCAGGCAGCGAGTAGGTCGAGCTCCCCGCGTCGTATTCGACGATCTGCCCGGTGGTCATGCCGCCTAGCCACTCCCGAACGTAGCGCTCTTCCAACCCCGCAGCCTCGGCGATCTCCATGCTGGTGGCTGGCGGAAGTCCGGCCATGGTGTCCAGCAGCCCGGTCTGGTGTCCAACGCTCACCAGGATCGCCAAACCGGCGCTGTCGATGGCCGCAACAAAACGGTTGCCGAATTCTTCGGTGGTCTCGAGTGCTCCGCTCATCTGCGCCGCTCCTCCTCATCGCTTCGCTCTGCATCGTCACCGGCGCGACTCATCTGCGCCGCTCCTCCTCATCGCTTCGCTCTGCATCGTCACCGGCGCGACTCATCTGCGCCGCTCCTGCTCATCGCTTCGCTCTGCATCGTCACCGGCGCGACTCATCTGCGCCGCTCCTGCTCATCGCTTCGCTCTGCATCGTCACCGGCGCGACTCATCTGCGCCGCTCCTCCTCATCGCTTCGCTCTGCATCGTCACCGGCGCGCATGGTCAGCGACGCTACACCGTAGGTTGGACACCATGAGTCAGACGGTGCGCGGTGTGATCGCACGACAAAAGGGCGAACCCGTTGAGCTGGTGAACATTGTCGTCCCGGATCCCGGACCCGGCGAGGCCGTGGTCGACGTCACCGCCTGCGGGGTATGCCATACCGACCTGACCTACCGCGAGGGCGGCATCAACGACGAATACCCTTTTCTGCTCGGACACGAGGCCGCGGGCATCATCGAGGCCGTCGGGCCGGGTGTAACCGCAGTCGAGCCCGGCGACTTCGTGATCCTGAACTGGCGTGCCGTGTGCGGCCAGTGCCGGGCCTGCAAACGCGGACGGCCCCGCTACTGCTTCGACACCTTTAACGCCGAACAGAAGATGACGCTGACCGACGGCACCGAACTCACTGCGGCGTTGGGCATCGGGGCCTTTGCCGATAAGACGCTGGTGCACTCTGGCCAGTGCACGAAGGTCGATCCGGCTGCCGATCCCGCGGTGGCCGGCCTGCTGGGTTGCGGGGTCATGGCCGGCCTGGGCGCCGCGATCAACACCGGCGGGGTAACCCGCGACGACACCGTCGCGGTGATCGGCTGCGGCGGCGTTGGCGATGCCGCGATCGCCGGTGCCGCGCTGGTCGGCGCCAAACGGATCATCGCGGTCGACACCGATGACACGAAGCTTGACTGGGCCCGCACCTTCGGCGCCACCCACACCGTCAACGCCCGCGAAGTCGACGTCGTCCAGGCCATCGGCGGCC
NZ_CP041847.1_gap77	2547896	2548867	971	GGCCTCCCCCAAACTCCGAAATCGTCAGTACCGCACGCAATTCAAATGAACCGCACCCTGACAGCGAGCGACGTTAATGACGCCATTGTTGGGCCGCCAGCGGCGAGTCCACAAGTACCGCATCGAGTCCGATTTTGTGAGCCAGGCGGTAGTCGTCGACAGTTTTCACCGCGAAACCCATGACCTTCATGCCGGACTGCGATCTGAAACAGTCGACCGAGGCCTCGTCCCACAACTCGGCATTCACCGCGGAGATACCGGACCCCAACGTGAATTCTTCGGTGACGGTGACATCGCGATGCAACTCGAATCCGGCCCACTTCCCAGGATCCGGCTGCGGATCACAGTGATGGTTCAATGCCATGTTGAAAAGGCGCTGGCGGGTCACGTCACGACTTTCGGCGACCTGCAGTCCCTCCTGCCGCGAGGCTGCAGCCGTGATGTCAGCGTTGGTGGAATATACGATCGACCGCCCGGCAGCACCAGTCCTGGTCAACACCTGCGCGACCGCTGAGACCAGCGGCTGTGGCGGAGTCTGCTTGAGGTCTAGAAACAGAGTCATATCGGGCGGAGTCGCGCCAATGGCTTGCTCCAGTGTCGGTATCGGGGTCGCCCGTTGCCGGTAGGGATGGCCCTCGACGCCCGGCGTGGTGAAATTCCATCCCGCGTTGAGCTGCTGGAGTTGCTGAACCGTCTTCGAATTCACCGGGCCGGCGCCGTCGGTCAACGTTGCCAGATCGGACGGACGATACAGCACCGGCACGCCATCGCTGCTGACCTGGACGGTCAGCCACATGCCATCCACACCAGCTGCGACTGCGTTGGTAATCGCCAGAACGGTGTTCTCGGGAAAATCGCGCGTACCCGCGCGATGCGCGACAATCATCGGGTCGTCAGTCTGGCCCAGCGGCAAAGCATCCGCCACACCGCAAGTCCCTCCCAAGGCGATCACCAGCGCCACCGCGCCCAAC
NZ_CP041847.1_gap78	2553224	2554748	1524	TCCATCGATGCGAGCCGCCTTGACACAGCTTGTTGAGTCAACCCGAGTTCGCGTGCGGCGCCGCCAAGACTGCCGGCCTCAGCGATGGCCAGAAAGATTTCGAAGCAGGTGAGTCCGGGCATACGAGAGCTGAGCGGCATGCCTGATCAAATCACAACCAATGGTTGTTCCCAACAACATTCAGACCCCTAGTGACGACGGCCCATGCTCGAAAAATGCCCCCACGCGAGCGTCGACTGCGGTGCCTCGAAAATCGGCATCACCGACAACGACCCCGCGACCGCCACCAACCGCAGGCTGGCGAGCACAATTCGCAAGCCGCCGATCGAGCACGCGGCCGGGCCCTTAGGGTCCACATCACGCGCTGGCCACCGTTCGTACGGCGGGGTGGCCTCGTAAGGTAACCACATGGGCGCTCCTCGACTCATCCACGTCATCCGGCAAATCGGGGCCTTGGTGGTAGCGGCAGTGACCGCCGCCGCCACGATCAACGCATATAGGCCGCTGGCGCGCAACGGATTCGCATCGCTGTGGTCGTGGTTTATTGGCCTGGTGGTTACCGAGTTTCCGTTACCGACGCTGGCGAGCCAGCTCGGCGGGCTGGTGTTGACAGCCCAACGCCTGACCCGGCCAGTGCGGGCGGTCTCCTGGCTGGTAGCGGCCTTCTCGGCGCTGGGGCTGCTGAACCTCAGTCGCGCAGGCCGTCAGGCCGATGCCCAGCTCACCGCCGCATTAGACAGCGGCCTGGGGCCCGATCGCCGCACCGCCTCGGCCGGTCTGTGGCGCCGCCCAGCCGGCGGTGGTACCGCCAAGACCCCCGGGCCGCTGCGCATGCTGCGGATCTACCGCGATTACGCACACGATGGCGACATCAGCTACGGCGAATACGGCAGGGCCAACCACCTCGATATCTGGCGACGTCCCGATCTAGATCTGACCGGAACAGCGCCCGTGCTGTTTCAGATCCCCGGCGGTGCATGGACCACCGGAAACAAACGCGGACAGGCGCATCCACTGATGAGCCACCTCGCCGAGCTAGGCTGGATCTGCGTGGCGATCAACTACCGACACAGCCCGCGCAACACCTGGCCGGATCACATCATCGACGTCAAGCGCGCCCTGGCGTGGGTCAAGGCGCACATCAGCGAATACGGCGGCGATCCGGACTTCATCGCCATCACCGGTGGTTCGGCCGGCGGCCACCTGTCGTCACTGGCCGCGCTAACGCCGAATGACCCACGATTCCAACCGGGATTCGAAGAGGCGGACACCCGGGTGCAGGCAGCCGTGCCGTTCTACGGCGTCTATGACTTCACTCGTCTGCAGGACGCGATGCACCCGATGATGCTGCCGCTGCTGGAGCGAATGGTGGTCAAACAACCGCGCACGGCGAACATGCAGTCCTACCTCGACGCCTCACCGGTCACCCACATTTCCGCCGACGCTCCCCCATTCTTTGTGCTACACGGCCGCAACGACTCGCTGGTTCCCGTACAGCAGGCGCGTGGCTTCGTCGATCAGCTG
NZ_CP041847.1_gap79	2684193	2688229	4036	GGGCTACGACGGCACCTGGACCGGTGACGACAACATCGACAAGCTCGAGGCCAAATACTTCATGATGCGGGTGCGTTGCGACGGCGGCGCGCTCTCGGCTGCCGCGCTGCGCACGCTGGGCCAGATCTCGACGGAGTTCGCGCGCGATACCGCCGATATCTCCGACCGGCAGAACGTGCAATACCACTGGATCGAAGTGGAAAACGTCCCTGAAATCTGGCGACGGTTAGACGATGTCGGACTGCAGACCACCGAGGCGTGCGGTGACTGCCCGCGGGTAGTGCTGGGCTCGCCGTTGGCCGGCGAGTCGCTCGACGAAGTGCTCGACCCGACCTGGGCGATCGAGGAGATCGTGCGTCGCTACATCGGCAAGCCCGACTTCGCCGACTTGCCGCGCAAGTACAAGACCGCCATCTCTGGCCTGCAGGACGTCGCGCACGAGATCAACGACGTCGCCTTCATCGGCGTCAACCATCCCGAGCACGGACCAGGCCTGGATCTGTGGGTGGGCGGTGGACTGTCGACCAACCCGATGCTGGCCCAGCGGGTCGGCGCCTGGGTTCCACTGGGCGAAGTGCCCGAGGTGTGGGCGGCGGTCACCTCGGTGTTTCGCGACTACGGCTACCGGCGACTGCGCGCCAAGGCCCGGCTGAAATTTCTGATCAAAGACTGGGGCATAGCGAAGTTCCGCGAAGTGCTCGAAACCGAGTACCTCAAGCGTCCGCTGATCGACGGTCCGGCCCCCGAACCGGTCAAGCATCCGATCGACCACGTCGGGGTGCAACGACTCAAGAACGGGCTCAACGCCGTCGGAGTCGCCCCCATCGCCGGGCGGGTATCGGGCACCATCCTCACGGCGGTCGCCGACCTGATGGCGCGGGCCGGTTCCGACCGGATCCGGTTCACCCCCTACCAGAAGCTGGTCATCCTCGACATTCCGGACGCCTTGCTCGACGACTTGATCGCCGGTCTGGACGCGCTGGGGCTGCAGTCGCGCCCGTCGCATTGGCGCCGGAACTTGATGGCGTGCAGCGGGATTGAGTTCTGCAAGTTGTCATTCGCCGAAACCCGGGTTCGAGCACAGCATTTGGTGCCCGAGCTGGAACGCCGGCTTGAGGACATCAACTCGCAGCTCGACGTACCGATCACCGTCAACATCAACGGCTGCCCGAACTCATGTGCGCGAATTCAAATCGCCGACATCGGATTCAAGGGACAGATGATCGACGACGGACACGGCGGCTCCGTCGAAGGCTTCCAGGTGCATCTGGGCGGACACCTCGGCCTGGATGCCGGATTCGGCCGCAAACTGCGCCAGCACAAGGTCACCAGTGACGAACTCGGCGACTACATCGACCGGGTGGTGCGCAACTTCGTCAAACACCGCAGCGAAGGTGAACGCTTCGCGCAGTGGGTCATCCGGGCCGAGGAGGACGACCTGCGATGAGCGGCGAGACAACCAGGCTGACCGAACCGCAACTACGTGAGCTGGCCGCGCGCGGAGCTGCCGAACTCGACGGCGCCACCGCCACCGACATGTTGCGCTGGACCGACGAAACCTTCGGCGACATCGGCGGCGCCGGCGGCGGCGTGAGCGGACATCGCGGGTGGACAACGTGCAACTACGTAGTTGCTTCCAACATGGCTGATGCGGTGCTGGTGGATCTGGCCGCCAAGGTGCGACCGGGCGTACCGGTCATCTTTCTTGATACCGGCTACCACTTCGTCGAAACAATCGGCACCAGAGATGCGATCGAGTCCGTCTATGACGTCCGGGTGCTCAATGTCACTCCGGAGCACACAGTGGCCGAGCAGGACGAACTGCTGGGCAAGGACTTGTTCGCCCGCAACCCCCATGAATGCTGCCGGTTGCGCAAGGTCGTTCCCCTGGGCAAGACGCTGCGTGGCTACTCCGCGTGGGTGACCGGGCTACGGCGGGTCGATGCACCGACCCGGGCCAATGCCCCGCTGGTCAGCTTCGATGAGACGTTCAAACTAGTGAAGGTCAACCCGCTGGCGGCGTGGACCGACCAAGATGTGCAGGAATACATTGCCGACAACGACGTGCTGGTTAATCCGCTTGTGCGGGAAGGCTATCCGTCGATCGGTTGCGCTCCGTGCACAGCCAAACCCGCCGAAGGCGCCGACCCGCGCAGCGGACGCTGGCAGGGGCTGGCCAAGACCGAATGCGGGTTGCACGCCTCGTGACCGCGCCGGCGACGATGCAGAGCGCAGCGATGCTGAGGAGCGGCGCCATCGAAGCACCGCCGGCGACGATGCAGAGCGCAGCGATGCGGTGGGGGCACCTCCCGCTTGCGGAGGAGAGCGGCACCATCGCGCCTCAGCTCGTCCTCACCGCACACGGCAGCAAAGATCCGCGATCGGCCGCCAACGCACGGGCTATCGCGGGCCGGCTGGCGCGCATGCGGCCCGGGCTCGACGTGCGGGTCGCGTTCTGTGAGCTCAACTCGCCCAACCTGGTCGACGTGCTCAACCGCTGTCGAGGAGCAGCTGTGGTCACCCCGCTGCTGCTGGCCGATGCCTACCATGCTCGCGTCGACATCCCTGCCCAGATCGCCAGCTGCCGCGTTGGTCACCGGGTACGCCAGGCCAGTGTGCTGGGTGAGGACATTCGGCTGGTGTCAGCGCTGCATGAGCGCCTCACCGAGCTGGGGGTTTCGCCGTTCGACCACACACTGGGGGTGGTCGTGCTCGCGATCGGCTCATCGCATCCCGCGGCCAATGCGCGCACCTCGACGGTGGCGTCAAGGCTGGCGGAGGGGACCCAGTGGGCCGCGGTGACGACCGCTTTCATCACCCGACCGGAGGCTTCGCTGGCCGATGCCACCGATCGGTTGCGACGCCACGGTGCCCGTCGGATGGTCATCGCGCCATGGCTGCTCGCCCCTGGGATACTGTCTGACCGGGTACGCGGATACGCACGGGAAGCCGGCATCGCGATGGCACAACCGCTGGGTGCACACCCGATGGTGGCCGCGACCATGTGGGATCGCTACCGACAAGCCGTGGCCGGTCGGATCGCGGCCTAGGTCTTCTCGAAGGTCTGCTGGAACGGATGTCCTCTGGTGAGTGTTTGGTTGCGAGCGGGCGCCTTGGTGGCTGCAGTGATGCTGTCGCTGAGCGGATGTGGCGGCTTCCACGCGGGTGCGCCAAGCACGGCCGGTCCGTGCGAGATCGTCCCCAATGGCACGCCGGCGCCCAAGACACCCCCGGCTACCGTGCCTTCGTCGCGCAACCTCGCGACCAACCCCGAGATCGCCACCGGCTACCGCCGGGACATGACCGTGGTGCGGACCGCCCACTATGCGGCAGCCACCGCCAATCCGCTGGCCACTCAGGTGGCCTGCCGAGTATTGCGCGACGGTGGTACCGCCGCCGATGCCGTCGTGGCCGCCCAGGCGGTGCTGGGGTTGGTCGAACCGCAATCCTCCGGGATCGGCGGCGGCGGATATCTGGTGTACTTCGACGCCCGCACGGGCTCAGTGCAGGCCTACGACGGCCGTGAGGTGGCCCCAGCGGCCGCCACCGAGAACTACCTTCGCTGGGTCAGCGACGTCGACCGCAGCGCGCCCAGGCCCAACGCCCGAGCCTCGGGACGGTCGATCGGAGTACCGGGCATCCTGCGAATGCTGGAGATGGTGCACAACGAGCACGGGCGCACACCCTGGCGCGACCTCTTCGGCCCCGCGGTAACGCTGGCCGATGGCGGTTTTGACATCAGCGCCAGGATGGGCGCGGCCATCTCCGACGCTGCGCCGCAACTGCGAGACGACCCGGAGGCTCGCAAGTATTTCCTCAATCCCGACGGCAGCCCGAAACCCGCGGGAACCCGGCTGACGAACCCCGCGTACTCAAAAACCCTGTCCGCCATCGCCTCCGCCGGCGCCAACGCCTTCTATTCCGGCGACATTGCCCACGACATCGTGGCGGCGGCGAGCGACACATCGAATGGCCGCACGCCGGGCCTGTTGACCATTGAGGACCTGGCGGGTTACCTCGCCAAGAGACGCCAACC
NZ_CP041847.1_gap80	2749413	2751232	1819	CCAGCAGGGCGTCACCCATTGCGGCCGCGGGGGTTAACACACCACGCATGTCGGACAGCTTGTCGCGATCCAGTGCCAGCGCCAGACCACACTCCCCCAACAACACCGACGTCGCCTTGTAGCCGGGGTCACCATCTTGGGCCATGCGCGCCAGGTACCGGGCTCCGGTGGTTGTGGTGGTGTAGGTCTCGATGCGGTAGTAGCCGCGCTCGCGAGCCGCCGCACTGGGGCCGGTGCCGGGTTTGGGGACGACACGCTTTACCAGTCCCCGCGGCAGCAGGCGGATGTAGCGGCTGGCCAAGCCGAACATCGCGTTGCCGACACCGCCGCCGACAACCGATACCACCGGCGCCAGCACCGTGGACCCTACGCTCATGGTTTCGCTGTAGCGGAACCGCCGGCCGTAGGCCCAGTCCAGGAGCGCGTTGCTGCGGCGCACGATCCGGGTGTTGGTGGGCGCCATGATGAATCCCGCGGTCCACACACCGGCCAGTTCCGGCGCGAGCCGACGGCCACGACGCGACGGCAGGTCAGGCTGTGGGCCCAGTTCGGGTTCGGCGCCGCGGTCTGGGCTCAGCATGTAGGGGTCGGATAGCTGGCGGCGCGCATCGGGATCGTTAGAAGCGGTGCTCAACACCTCCAGCATCGATGCGATGGTGCCGCCGGAGAACCCGCCTTTGAAGGAACGCACCACGCAGTTGGTGTCGGTCAGCTCGCCGGCGCCGTCTTCTCGTGCCGCGTGGTATAGGGCGTACACGCTCAGATCAGATGGGACGGAGTCGAATCCGCAGGCGTGCACGATGCGTGCACCGGTGTCGGCGGCCTGCTTGTGGTACAAGTCGATGCTGTTGCGCATGAACATCGGCTCGCCGGTCAGGTCGGCGTAGTCGGTGCCGGCGGCAGCGCATGCGGCCACCAGCGGCAGCCCGTAGCGGGTGTAGGGCCCAACGGTGGTGACCACGACCTGGGCGCGGGCGGCCATGGCTTGCAGCGTCGACGGCAACGACGCGTCGGCGGTCAGGATCGGCCAGGTCTGCGCGGATTCGCCCAGGGCTTCGCGAACGGCGAGCACCCGTTGCGTCGACCTGCCGGCCAGCGCGATCCGGGCATCTCCCCCGGCCCGGGCCAGGTATTCGGCGGTCAGCTTGCCGACGAAGCCGGTCGCCCCGTACAACACGATGTCGAATTCACGCGGCGTAGCGGTCACGGGTTTGACGCTACTCCGGGGTGCGCGAGCAGACGCAAAAGCTCCCAAATCCGACCGGATTTGGGAGCTTTTGCGTCTTTTCGCGGTGGTCAGCCGCGGCGGCCGCAGACCGGCCAGGCGCGGATACCCTGCGAACGCAGCACGTTCTCAGCCACCCGGATCTGCTCCTCCCGGCTCGCGTTGGCCGCGGACCCCGAGCCACCGTTGGCACGCCAGGTGCCGGCGGTGAACTGCAGGCCGCCGTAGTAACCGTTACCGGTGTTGATCGACCAGTTTCCACCGGACTCGCACTGCGCGATCGCGTCCCAGTTCACGCTGTAGGCCACGGGCACGGGAGGCGCTTCCTCCGCAGGCGGGGACAGGAAGTCCGGGGCCAGCGGCGGGGGGAGGTTGGGATCAAAGCCCGCGTCCTCCGGAGCCGGCGGAGTATCGACGGGTGCAGCGTCCGGGGCCGGCGGCAGGTTCGGGTCAAAGCCCACGGCATCCGGGCCGGCTGCGGCGTTTGGGTCCAAGCCCGCGTCGTCGGCATTGGCGATACCGGCTGGTGACCTGGTCACCAACGTCCCGGCAATCGCGGCGGCGATGAGCGTCGTACGGGCGTTCTTCAACGTT
NZ_CP041847.1_gap81	2755560	2756742	1182	GTTCGGCTGGGTCGCCAGATCGTTGCCGAAAAGCGCTGCCTCCGAGGTGAATCGGTCGCCGGTTAGCTGCATGCCGTCGCCGGAGTCTCCAGCGAACCGGATCACCACATTTTCCAAGCGTTGCCGATCAGGCGCGGCATGAAATGCCGCGTCATGAGACTCTGGCCCGGCCCCGCTGCCGTTCGGATCCACGTCTCCGCCTTCCATGTGTTATCGGACAGGCACTCCGCGCTGCAGCTTCAGGTTACGCGTCGTCGGAGCGACACCCCCGCGCCGCACGGCTTGTGTCACTGGCGGTAGCGATTATGACATTTCATTTCGGGTGTAAGGCGGTCTCCGATGCCATATATGCGGCCGGTAACCGACCAAAAGGCGAAGTCAGCGAGGGCTGGCGGTAGCGACGACACAGAACTGTGGTATTGGTCACTTCCCCCGAGGGTTGGCCGCGACCGCACCCGGACATCCGAATCCACGGTTTCCGGCATCGCGACCAGGTACAGGAGGAAGCCGGCCCCGGCGAGCGCACCCAGCGACATGAATGCCGCGTCATAGCCCGCGACGACCACGATCCAGCCGGCAACAAGATTAGACAGCGCGGCACCAATGCCCGTTGCCGTGGTTACCGCCCCGAGGCTGATATTGAAATGTCCCGTTCCGTGTGTGACGTCCTGTACGACAAGGGGAAACAACGCCCCGAAAATGCCGGCTCCGATACCGTCGAGCAACTGCACGCCCACCAGCCAGTAGGAGTTATCCGACAACGTGTAGAGGAACCCGCGAGCGGTCAAGACAGCGAACCCCACCAAAAAGATCGGCTTTCGCCCCCACGCGTCGGCCCTGGTCCCGACCACATACGCCACCGGCACCATCACGACCTGCGCCGCGACGATGCACGACGACATCAGCGCCGTTCCTTCGTCTCGATTGTGCAACGCCAACAGCTCGCCGACCAGCGGCAGCATCGCCGCGTTGGCGAAGTGGAACGCGACAACCGCCGCCCCGAAGATCACCAGTTCGCGGTTGTGCGCCAACACGGTGAACCGCGACGGCTGCGGATGCGGCTCGCCGGGCGCATGGTCCATACCACGCGCTAAATCGTGGTCGACCGCGTCCGGCGGGATCCGCAGTGTCGCCAGCACGCTGATCAACGCCATGCCGGCCAGCACCCAGAACACCACCACC
NZ_CP041847.1_gap82	2807359	2812033	4674	CTGCGCAACTGCCGTGGGCCCGGTGTCGATCCGAACTAGCTCCGCGCCCACTTTGAGCACATCGCCTTCGGCGCCGCCTAACTCGACGATCCGGCCGGCATACGGGCTGGGGATTTCGACCTCGGCCTTGGCGGTCTCCACCGAACACAGCGTCTGGTTGATCTCCACATCGTCGCCGACGGCGACGCTCCAACACGTCACCGTCACTTCCTGCAGTCCCTCGCCGAGGTCGGGCACCGGGAAAGACCTGATGCTGTCCTCACCGCTCATGGCTGACGCAGCACACGTTCGACGCAGTCCAACAGCCGGTCGGGGCCGGGTAACCACAATTTTTCCAACCGCGCAGGCGGGTAGGGTGTGTCAAAACCGCAGGCACGCAACACCGGAGCCTCCAATTGGTAGAACATCTCTTCCTGGATGCGCGCGGCCAGACCGGCACCATAGCCGAGGCTGCGCGGCCCTTCGTGCATCACCACGCAACGCCCGGTGCGCTGGATCGACGCAGCAATGGTGTCGAAGTCCAGCGGCGCCAACGACCGCAGATCGATAACCTCCAGACTCCAATCATGTTGCTGCTCTGCAGTATCCGCGCTAGACAGGGCGGTGCTCACCAGGTTTCCGTACGTTACCACGGTCACATCGGTGCCGGACCGGCGCACCATCGCGTGCCCGATCGGCGGTTCCGGCCGGCTAGTGTCGACCATCCCGCGGCCGTGGTAGCGGCGTTTGGGCTCCAGATACATCACGGGGTCCGGGCAGGCGATAGCGTGCCGCAGCAGCCAGTAAGCGTCACCGGGTGTCGACGGCACCACCACCTTGAGGCCCGCGGTGTGCACCCAGTAGGACTCCGTGGAGTCCGAATGATGTTCGGCCGCACCGATACCGCCAAACGAGGGGATCCGGACGGTCACCGGCATGTCCACCTCACCGCGGGTGCGAGTCCGGTACTTGGCCAGATGGCTCACCACTTGGTCGAAAGCCGGATAGGAAAAGCCGTCGAACTGGATTTCTGGCACCGGCACAAAGCCACGTAGTGCCAACCCGACGGCTATTCCGATGATCGCGGACTCCGCCAGTGGCGTGTCGAAGCACCGGTCTGCACCGAACGTATCGGCCAGTCCCTCGGTCACCCGAAACACCCCACCCTCGACCGCGACATCCTCGCCAAACACCAATACCCGCTCGTCGGCGGCCATCGCGTCGTACAGGGCGCGGTTGATCGCCTGGACCATGGTCAACGACTGCGTGATGTCGCTCACCGCTACCGCAAGCGTCTCATCCGGCCTGGCCGGACGGTCTGCGATTTGAGTCATGCCCGCCTCCTCAGTCAGTCCGCGCCAGTTCGGCACGCAGCTGTTCGCGCTGCGCCTGCAACCCGGGTGTGATTTCGGCGTACACCGTGGTGAACACCTCATCGACGTCGAAGTCAGGCGCATCAAAGACCGCGTCGCGTAGCTCGGACCGCACGTGTTTTGCCCGAGCCGTCACCTGTTCCTCGAGGCGTTGCGACCACAGGCCCTGATCTTGTAAGTAAGTGCGATAGCGCGGAATCGGGTCCAGCGTCGCCCAGCGGTCCACCTCCTCCTGGCTGCGGTACCGGGTTGGATCATCGGCGGTGGTGTGCGGACCAAGACGGTAAGTGACCGCCTCGATCAGCGTTGGACCGTCGCCGGCCCGAGCCCGAGCGGCAGCTTCGGCCATCACCGCATAGCATGCCAGCACGTCGTTGCCGTCCACCCGGATGCCTGGCATCCCGTAGCCAATCGCCTTGTGCGCGATAGATGGTGCGGCGGTCTGCCTGGATACCGGCATCGAGATTGCCCACTGGTTGTTCTGCACGTAGAACACGCACGGTGTGGTGAACACCGCCGCGAAATTGAGCGCCTCATGTACGTCGCCCTCGCTGGTGGCGCCGTCGCCCAGAAAGGCCACCGTCACGGAGTCCTCGTCCAGGCGTTGCGCGGCCATCGCCGCGCCCACCGCGTGCAAGGTCTGGGTGCCGATGGGAACCGACATCGGTGCACAGCACTTCGTGGTGAATTGCAGCCCGCCGTGCCAGGTTCCACGCCACGCGACCCCAACATGTCCAGGCGGGATGCCACGCACTAGGTAGACGCCCAATTCTCGGTATTGGGGGAACAACCAGTCGGTTTTGCGTAGGCAAGCCGCCGCACCCACCTGCGCGGCTTCCTGCCCGCGACAGGGCGTGTACAACGCCAGCTCCCCCTGGCGCTGCAGATTGACGAATTCGGTATCCAGCTCGCGGGTGACCACCATCATCTCGTAGAGCCAACGCAGCGTTTCCTCAGGAAGGTCACGGTGGTAGCGGCGTTCGGCCGTCGGCGTACCGTCCGGGCCGACGAGTTGCACCGGCTCAAGATCGACAGACATCAACATCCCAGATGGCCTCCGAGAACCCTCCCCCATACCGTCTCCTCAGCTCGCGATCACAACGCGGTTACGCGTCAGAAGATGCCGTGCGTTCCATCCTTAGCGTCGGCGCTGGTGGTGCGGCGCTCACAGCACATCCCGCCTGGGAAACCGCTGCGAGCCGAAGTTGATCGCCGGCCGCACCAAAGCTTCCGCTCGCCGCAACACTGGCGCTTCCTCCATTATGCCCCCAAATGTGAAGAGTCCGGACCGATCGCGAACGCATCGCAACCGTGTCGCGGGGGATCTGCGCCCTCATTCGGAGGTGGCTTCCCCGGCTCGCCGCAACATCGTTTCCGCGTGCGTGAGCACTGGAGAGTCGACCATCTGGCCTTCGAACGCGAACGCCCCACGCTCGCTTCGCGACGCGGCCAAAACCCGCCGAGCCCAGGCCAGCTTCTCGTGGCTGGGTCGATAGGCCTTGCGCACCACCGGGATCTGACTCGGGTGAATGCACACGGTCACGTCAAAGCCCACCGCCGCGGCGTCTCTGGCCTCTTCCTGCAAGCCCTCGACATCGAGGATATCCAGATGTACGGCATCGAGCGCGAGACGGCCGAACGCGGACGCGGCGAGCAGGATGGTCGAGCGGACATGTCGGGCCACGTCACGATAGGCACCGTCGGCCCGCCGGCTCGAGCTACCGCCAAGGGTGGCGATCAAGTCTTCGGCACCCCACATCATTCCCACGGTGGGATCGGCCGCGGCGATTTCGGCGGCGCACACGGCACCGCGCGCGGTCTCCACCAGCGCGATGACATCACGCGGCGCAAGCTCGATGACTTGGGCCGCCGATTCGGCCTTGGGCAGCATCACCGTGGTATAGGCGGTGCCTGCGAGGGCCTCCAGATCGCGGGCCTGATCAGCAGTACCGCCCGCATTGATACGCACCACCGTGCGTTCCGGGTCCAGCGGGGTGTCCCGCAACGCATTGCGCGCGGCAGGCTTCTGCGCCTCGGCCACGCCGTCCTCGAGGTCGAGAATCACCACGTCGGCCGCGGCGGCAGCCTTCGCAAAGCGTTCCGGACGATCGGCAGGGCAGAACAGCCACCCCGGACCGGCGGCACGCAGGTTCATTGCGCCTCCTTAATGGACTGCTTTTGGACCAGCGTCGTGCGCACCGCGCGGGCCACCACCTCACCGTGCTGGTTGCGGGCGATGTGCTCGAGTGTGACGATGCCCTCGCCGGGCCGGCTTTTCGACTCACGTTTACCGGTACAGACGGTCTCTGCATAAAGCGTGTCGCCGTGGAAGACCGGTTTGGGAAACGACACCTCGGAGAAGCCGAGGTTGGCCACGATGGTGCCCAACGTCAACTGCGCAACCGACAGACCGACCATCGTCGAGAGAGTGAACATCGAGTTCACCAGCCGCTCGCCCCGAAAACCCGGCTGCTGCCCAGCCCACGCCGCGTCGAGGTGCAGTGACTGGGTGTTCATCGTCAGCGTGGTGAACAACACGTTGTCGGCCTCGGTGACCGTGCGGCCGGGCCGGTGCAGGTATGTGGTGCCGATCTGGAACTCTTCAAACCACAAGCCTCGTTGAAGAATCCTTCTGCCGACTGTGGATCCTGCGACGCGACACGCCGATACGGCGTCGTCAGATTCACGGTCGCCGGCGTGCTTTGTCACTGCAGTCCCAACGATCGCGCGATAAGCATCAGCTGCACTTCCGTGGTGCCCTCACCAATCTCGAGCACCTTGCTGTCGCGGTAATGACGCGCCACCGGATATTCGTTCATAAAGCCGTATCCGCCGTGTATCTGGGTGGCATCGCGGGAGTTGTCCATCGCCGCCTCCGAGGAGATCATCTTCGCGATCGCCGCCTCCTTCTTGAAGGGCTTGCCCGCCAACATCTTTGCGGCGGCATCATAGTACGCTGTGCGGGCAACATGGGCGCGTGCCTCCATCCGCGCGATCTTGAAGCCGATCGCCTGATAAGCGCCGATCGGCTGGCCAAACGACTGACGCTGGTTGGCGTACTTGACGCTCTCGTCAACACAGCCCTGCGCCGCGCCGGTGGCCAGCGCTGCAATCGCAATCCGGCCCTCGTCCAGGATGGACAAGAAGTTGGCATAGCCGCTCCCCCGGGCTCCCAGCAGGTTCTCCCTCGGGACCCGCGCATCGGCAAATGTCAGTGGGTGGGTGTCCGAGGCGTTCCAGCCGACCTTGTTATAGACCGGTTCCACGGTGAATCCCGGTGTGCCGCTGGGCACGATGATCGTCGAAATCTCTTTCTTGGCAT
NZ_CP041847.1_gap83	2940893	2944357	3464	GGGCTTGCGACGGGTCGCCGCCATCGACTCCCGGGGCGGGTTGTGCGGGGGCGCTCATCGGGTCGGTCTCCAAGGCTTGGACGTGTCGAAACGATCGCGACCATGCTATCGGGGCGCACGTCGACGACCGTAAGCCGAGTGACCGGATGGGTTTTCGATCACCGGTGTGGGCGATCGGTACCGGGCAGGTGACCGGGTGCTCTACGGCGGCTCGATGAGCCCAAAGGATGTTGACGACCTGGCTACCCAGCAGGACGTCGACGACGGACAGTCGATAGAGCGTCGCTGGACGGGGAGCGGTCAGCGACGCTGGCGGCGGTCGCCGCCGACGGGCCGCTACCGTAGCAACTCGCAAATCCAGGTCTGGATTTCCGGCGCCGGCCGGCTCCGTTAGCCGTCGGCTCCGTTGGTGCCGGCCAGGCCGGGTGGCCCCAACAGTGATGCACCGCCGCTGCCGCCGGGCCCGCCGAAGCCTGGAGCGCCATTGAAGAGGCTCCCGGCGCCGCCGTTTCCGCCGTTTCCACCGTTGCCGATCAGTCCGACGCTGCCGCCGTTCCCGCCTTTCCCGCCGTCACCGCCGGACCCGCCAGCAGTGCCGGCGCTCGCTCCGTTCCCGCCGGCCCCGGCGCTCCCACCGGCCCCCGCGTTGCCGATGAGGGCATTGCCGCCGTTTCCACCGCTGCCGCCGCTACCGCCATTCCCTCCGAAGGCCGTAACAGACCCGGGCGACCCGGCGGCACCGCCGTTTCCGCCGGCCCCGCCGTTACCGTAGAGTAGCCCGCCGGCGCCGCCGTTACCGCCTTGCCCGCCAAACCCAACGCCCCCGAAATCGGCGGACACATCACCACCGGCTCCGCCGGCTCCGCCATTGCCGCCGTTGCCGATCAGTCCGGTGGTTCCGGCGTGACCACCGTTACCCCCGAATCCGGACGCTGGACCGTTCTGAGAAATGCCTGCCCCGTTTCCGGCGGCCCCGCCGTCCCCGCTGTTGCCGATCAGTAGGCCGCCGTTCCCGCCGTTCCCGCCGTTGCCGCCGCTAGCCCCCGCGGAGGGCTCGCCGCCGCCGGTGCCCCCGGCCCCGCCGGTCCCGCCGGCGCCGATCAGCCCGGCGTTGCCGCCGTTCCCACCATGCCCGCCGATAGCGAGGTTGGTGCCGGCCCCACCGATCCCGCCGTTCCCGCCGGCCCCGCCGTTGCCGAACAGCCATCCACCGGCGCCGCCGGCTCCGCCGTTCGCGCCGGCCTCAAAGGGTAGGCCCTGGCCGCCAGCTCCGCCGGCCCCACCGTTGCCGATCAACCCGGCCGCCCCGCCGGCGCCGCCGGCCTGCCCGGGTGCCCCCGACCCGCCGTTGCCGCCGTTGCCCCACAGCCACCCGCCGTTACCGCCGGCTTGCCCGGTCCCGTCGATCCCGTTCGCGCCGTCGCCGATCAATGGGCGCCCGGTCAGCGACTGAACGGGTGCGTTGATCGCATCGAGCACGTTCTGCAGCGGTGTTGCGCTGGCCGCTTCGGCGACCGCGTAGGTGCTGCCAGCTTGGCTTAAGGCCAGCACGAACCGTTCCTGGTAGGCCGCGACCTGCGCGCTGATCGCTTGATAGTGCTGGCCGTGGCTGCCGAACAGCGCGGCGATCGCCGTTGACACCTCGTCTTGGGCGGCGGCCAACACCTGGGTGGTCGCCGCCGCCGCGGTGTTGGCGGTGTTGATCGCCGAGCCGATCCGCGCTGCATCGGCCGCGGCTGTGGACACTAACTGTGGGGCCACGTTGACAAACGACATCGAAATCCTCCTGACCGCCACGATGTTGAGATGCGGGCGGCCCACCGCCTGTTACCGCCGCGGTGGGTAACCGTTTATTCGGACGATCCCTGCCGTTCCACGCCTGGGCGCAGGCACAAACCGCACCAACATTGGTGGAACGTGGTGCACACTGCACCTGGGGTTCTGCCCTCATCGTGTGTCAGCAGGCGAAACCCGCGCGGACGAGAACTCTTCCGCCAAGCAGCACAAATCGCCCTACACCCCAGTGAATCTCCGGACGCCACTACGACAGCGCGCAACGGTCGCCTCATCGACTGTGTGCACGCGCGCTTCGCGATGCGCTGCCGTGGCAAGCTGGCCAGGTGGACCTCAATGCGCTGGCCGATCTGCCGCTGACCTATCCGGAGGTGGGCGCGACAGCGACCGGACGACTGCCCGCGGGCTACAACCACCTTGACGTGTCGACGCAGATCGGCACCGGCCGCCAGCGTTTTGAGCAGGCCGCCGACGCCGTCATGCATTGGGGCATGCAGCGCAACGCCGGCCTGCGGGTGCGGGCCAGCTCCGAAACCGCCGTCGTGTCCGCGGTGGTGTTGGTGGGAATCGCTTTCCTGCGTGCGCCGTGCCGAGTGGTGTATGTCATCGACGAACCCGACGTGCGCGGATTCGGTTACGGCACTTTGCCGGGCCATCCGGTGTCCGGCGAGGAACGGTTCGCGGTTCGCTGCGACCCGATGACCTCCGTGGTGTTTGCCGAGGTGTTGTCGTTCTCCCGTCCGGCGACCTGGGCGAGCAAAGCCGCCGGGCCGCTGGGCGCGGTGACCCAGCGCTTCATCGCCCAGCGCTACCTGCGCGCGGTGTGAGGCGCCGGCGCCCTGGTTAAGGCCGCCCGATGCCTCCGCTGTGCACGCCCTGCGCCAGCCGGGCGAGCGCGATGGCGCCAACCAGCAAACCGAAGTCGCGCAGCGCGATGTCGTAGAAACCGGGTCCGGTGACCAGGTTGAGAATGATCCCGGCCAGCCAGGCCGCGACTACCCAGGCGCCGATGCGCGGTGCGACCGCAACCAATACGCCGGCCACAATCTCGATTGCCCCGACCAAGTACATGCATTGGTCGGCGGTGCCGGGCACGAGATCGTTGATCCAGCCGGCCAGATACATGTTCCAGTGCTGCGGATGGGTCAGCAGATTGAAGAACTTGTCCAGCCCGAACAGGATGGGCGCGACCGTGAACAGCGTGCGAAGCAATACGTATGCAGAGTATGCCGGATCCTTCAGCTGGTCTGCGAGAGCAGGGCTGGTCGTTGGTCTGATGCTCATAGCTGCCTCCCGACTTCTAACAGACAACAATTTGAACGTTAGATCCTATAGACTGTATCGTCAAGTGTTTTGTCTGTTAGAGATGGCTTGCTGAAGTGGACGGCCGAGCTTCCTTCGAACGCGACGTCGCCGGGATCGGGGCACTCGTGGATCCGGTGCGTCGCCAGCTCTACCAATTCGTGTGCTCACAATCGATGCCGGTGAGCCGAGACCAGGCGGCCGACGCCGTCGGCATCCCGCGCCACCAGGCGAAATTCCATTTGGACCGGCTCACTGCCGAAGGCCTGCTGGATACCGAGTACGCGCGCCTGACCGGCCGGTCCGGCCCCGGCGCCGGGCGGACCGCCAAGCTGTATCGCCGGGCCGGCCGCGACATCGCCCTCAGC
NZ_CP041847.1_gap84	2945524	2948841	3317	AGCCAGACGAACGCGACGGCGACCTCGATCGCCGGTCCGGCGCTCACCGAATGGCTCCTTCCAGCGGCGTGAAGTGGGCCAGGCACAGGTCGGGTTCGACGAACGCGTCGAGCCGGTCGACGGTGACTGGCGCCCCCCATGTTTGCAAGGCTCCCCGCATGATCCCTAAGTGGACGGGGCAGACGACACCGGCTTGAGTTTCGGCGAGTTCCAGAAACGGACAGTGCCGCAGACCGACCTGTTGCCTGCCGTTGGATGCCCGGCGCTCGGGAGCGAAGCCAAGGTCGTCAAGCACCGCGACCAAGTGGTCGATCGTCTCCTCGGTGTCGGCACCGGCCGGCGGCGCTTCGAGCTGGCGCCCCCACGCCCGGCCCGCGGACAACGCCATGACCCGCGAATCCCGTTCGGCGGCAAGGCCACTGGCGAGGATCTCGGCAAGCAGCCGGTAACGCCGCGTCCCAGTGCTATCCGTCCGCCGGACCGCCCGAAACATCAGCGGCGGGCGCCCCGGTCGGCCGCGGCCGGGCTCGACCCGCTCCACCTGGCCATCAGCGACCAGGTTATCGAGGTGGAAGCGGACGGTGTTGGGATGCACGCCCAACTTGCCGGCGATCGCGGCGATGCTCATCGGAACCCGCGACGCACACAATGCCCGCAGCACCGCACGACGGCGCCCCACCGGCTCTTGCAGTGACCTGATGATGACACTCACCCCCATAAGGCTCGTCGGCTGCGCCTGAGCAATGCAGTAAGTTTACACAAACGGACTTGTAAAAACCTGCGGAGGTGGGGTCTATGGCCAACAAACGTGGCAATGCCGGGCAGCCTCTGCCCTTGTCGGATCGAGACGACGACCACATGCAGGGGCACTGGCTGCTGGCCCGGCTGGGCAAGCGGGTGCTGCGTCCCGGCGGCGTCGAACTCACCCGGACACTGCTGGCCCGCGCCGAGGTGACCGACGCCGACGTGCTCGAGCTGGCACCGGGCCTGGGCCGCACCGCAGCCGAAATCTTGGCCCGCAACCCGCGGTCGTACGTGGGGGCGGAGAGCGATCCCAACGCGGCCAACCTGGTCCGACACGTTCTCGCCGGCCGCGGCGACGTCCGGGTCACCGACGCGGCCGATACCGGATTATCCGACGCCAGCGCCGATGTCGTCATCGGCGAGGCGATGCTGACCATGCAAGGCAACGCGGCTAAACACACGATCGTCGCCGAGGCGGCGCGGGTGCTGAGGCCGGGTGGCCGCTACGCGATTCACGAACTAGCGCTGGTGCCGGACGACGTCGCAGAGCAGGTCCGCACCGACCTGCGGCAGTCGCTGGCCCGCGCGCTCAAGGTCAATGCGCGTCCGCTGACCGTTGCGGAATGGTCGCACCTCTTAGCGGGCCATGGACTGGTCGTCGAACACGTTGTCACCGCTTCCATGGCGTTGTTACAACCGCGACGGGTGATCGCTGACGAAGGCCTCCTGGGTGCGCTGCGGTTCGCCGGAAACCTGCTCATCCATCGTGCCGCGCGTCGGCGAGTCCTGTTGATGCGCCACACATTCCGCAGGCATCGTGAACGCTTGACAGCCGTCGCCATTGTCGCGCACAAACCGCACGTCGATTCGTGATCCATTGAGGACCTAAGCCCGTTGGGCTAGTGACAAACGCCTCCTGAGCAAAACCCTCCTCCCCCGTTACCGTCGTGCGGTAGGGACAAGCCACATCGGCCGAGCGGGCGATCAGCCAACGACAGGAGGACCGCGATGTCATCGGGCAATTCATCTCTGGGAATTATCGTCGGGATCGACGATTCACCGGCCGCACAGGTTGCGGTGCGGTGGGCAGCTCGGGATGCGGAGTTGCGAAAAATCCCTCTGACGCTCGTGCACGCGGTGTCGCCGGAAGTAGCCACCTGGCTGGAGGTGCCACTGCCGCCGGGCGTGCTGCGATGGCAGCAGGATCACGGGCGCCACCTGATCGACGACGCACTCAAGGTGGTTGAACAGGCTTCGCTGCGCGCTGGTCCCCCCACGGTCCACAGTGAAATCGTTCCGGCGGCAGCCGTTCCCACATTGGTCGACATGTCCAAAGACGCAGTGCTGATGGTCGTGGGTTGTCTCGGAAGTGGGCGGTGGCCGGGCCGGCTGCTCGGTTCGGTCAGTTCCGGCCTGCTCCGCCACGCGCACTGTCCGGTCGTGATCATCCACGACGAAGATTCGGTGATGCCGCATCCCCAGCAAGCGCCGGTGCTAGTTGGCGTTGACGGCTCGTCGGCCTCCGAGCTGGCGACCGCAATCGCATTCGACGAAGCGTCGCGGCGAAACGTGGACCTGGTGGCGCTGCACGCATGGAGCGACGTCGATGTGTCGGAGTGGCCCGGAATCGATTGGCCGGCAACTCAGTCGATGGCCGAGCAGGTGCTGGCCGAGCGGTTGGCGGGTTGGCAGGAGCGGTATCCCAACGTAGCCATAACCCGCGTGGTGGTGCGCGATCAGCCGGCCCGCCAGCTCGTCCAACGCTCCGAGGAAGCCCAGCTGGTCGTGGTCGGCAGCCGGGGCCGCGGCGGCTACGCCGGAATGCTGGTGGGGTCGGTAGGCGAAACCGTTGCTCAGCTGGCGCGGACGCCGGTCATCGTGGCACGCGAGTCGCTGACTTAGGTTCAGCGGCGAACGACAAGCACCGAACACTCGGCGTGACGGAACACCGGATGTCCGGATGGCCCGACCAGCCGCGCTAGCTGACCGGCCTCACCACCGCCGATCACTGCCAGCTGTACGCGCTCGTCGTGGTCGGCCAGGAACCGGGCAATGCACATCGGGATGACGGTGGTGCCAATCCTGCACGCGACGTTCGAATTCGCCGTCCGGAATCTCCCGGAGCTCCTCCGGTCGCCCGCCGAGTGCCAGTATGGGCGCTTGCCGCAACTTCGCTTCCCGGGCAGCGTATTCCAGCACGGCCTCGTTATCCGGTGCGTCGGTCATGCGCACCACGATCCAGTTGATGTCAGACGCTGGCTGGTCCACTTTTGAGCGCATGACGGCGACCGGGCAATGCGCCTTTTCGGCCAGCTCGGTTGCCGTCGAACCCAAGATCGAGCTGGCGTAGCGCCCGATTCCCACGGAGCCGACGCAGATCATCTCGGCGTCGCGCGATGCCTCCACAAGCACCGGGCCGGCTGGCCCGCGGGGGATGTCGGTTTCGATCTTGACGAGCTTGCCCGCGGCCTCAACAGCGGACTGCGCTTCCCGAAGCGATCTTTCAGCATGCGCAAGGTCGCGGTCGTAGTCGTCCGGGGACGGATGTGTCGGCTTGATCACTGAGACCAGTC
NZ_CP041847.1_gap85	2956266	2960900	4634	CCCGGCGTTCTTTTCCACCGCGCATGGTGCTGGGCGGGTACTGAGCCGTCACCAGGCCGCCCGCCACACCAGCGGTGAAGCGATACGCGCCAGCCTCGCAAAACGTGGCATCATCGTCCGCGGTACCTCTCGTAGGGGTATCGCCGAGGAAAAGCCGGAGGCCTACAAAGACGTCGACGAGGTCATCGAAGCCAGCCATCAGAGTGGCCTCGCGCGCAAAGTGGCTCGCCTTGTTCCCTTGGGCTGTGTCAAAGGATGAATCAACGGCGAACATTCCAGCCGTCGCGACCGCCTTCTTCAGTGGTGCAGACCCGTGACCGGCTGATGGGTACTGGCTTCGATATCCGACGACGTCAAAGCGAATAGCTGATTCGCCAAATCCGACAAGGCCCGGGCGATCGCAAGTTCGTCGCCGATCTGGGCCACCGGCTCATCGGCCGGATCGAGTCGCGCCAAACCAACACCCACCATCTGCCTGCCTGCCCAGGACAGCCGCGCCTTCGCCCGGGTGCGCTCGTCGTGTTCCTCAATCAGCACATCAATTTGGCAGGTTTTTCCAACGTGCTCGCTGTCTGTCATCGCGGCCTCCCTGTCGGATTTGCGCTTACGCCCGCCGATCTGCCCCGCTAGCTGAACGCGGTATCTATCCAATCACCACAATCGGTCGTGGAGTAGGCCAGAATTCTTTTCGCCCGACCCGGGCCCGCCTAGCACTGACAACCGCTAGATGGCCTTCAGGAGGTCTGCTTTGCCCTTGGTACGGAGTGTGTACAGAGGTGAGCCGCGCAACTGCTCAATGCGAGCCGCCATCTTGTCACCGAGCTCCTCGAGCTCGGCATCGGTGATGTGCACCGGTGTAGGAGCGGGGATCATGTCGCGTTCCTCTACGTCGGCGTGCGCCTCCAACACGGTCCGGAACACGTTCCACTCTTCTTCATACCCGGGCGCGCGCTGCGGAGTGCGCAGCAGCGTCGCGAGCTGATCAACCACCTGACGGTGCTCGGCGTGGGTACCCGTGATTGGTTTGCCGGCCGCGGAAAGGGCAGGGTAGTACAGGTCATCCTCGATGCGGAAGTGAATGTCCAGCTCGATGAGCATCTCGTCGAAAAGGACATGGCGCTCTTCGCTATTCACCGGCGCCTCGCCGACTTTGCGGCCCAGTCCTTTAAGCACGGTGTGGTGGCGCTTTAATACGTCGTAGGCATTCACTTCGTTGCTCTATTCCGTATTCGGGATCAACGAGACAACCGTAACCTCGCGCCGCGGCCCATTAATGTGAGGTAGCTGTGAATCAGCACAAAGAAGCCTGTGCAGTAGCGCGACGCTCGGCGTACCGGCACGAGTCCGACGGCCCGCATGTCCATGCGGCCGCCGGCACCAGCGCCGAGGCCCCCGCAGGATACCGGGATCTGCAGCTCCTCGTGCGGAAACAGTTGCCGCAGTTCGGGTTCGGGCAGTTCGGCGAGCGTGATGTTCGCGCCTAACGGCAACAACTATCCGTCGGCGCCCTGGGTGCCGGGCGGGCCCATATTGCCCTGGATGCCGGAGCTGCCACCCGGTGACCCACCCGCGCCGCCGGCGCCCCCGTTGCCGCCCAGCGCGAAATCGCCGCCCTGACCGCCGGTCGCGCCGGTCCCGCCGTTGCCGCCGTTGCCGCCCTGGCCGCCGAGGCCACCTTGCCCACCCGTGCCGCCTGCGCCGGTGCCGCCGGCAGCTCCTGCCCACCCGATCAGCCCGCCGGCTCCGCCGCTGCCGCCGGTGGTCCCGCCGGCGCCGCCGGTACCGCCAGTGCCACCAGCGCCCCCCACGCCGCCTGTACCGCCGCCACCGCCAATTGTCGCTCCCCCGCCGGTGGTGGTACCCGCGCCGCCGGCGCCACCGTTGCCGCCGGCACCACCGATGCCGCCGATGCCACCGGTGCCGCCGACACCGCCGGCACCCCCGCCACCACCAAGCCCGATGAGCGACCCAGCCGCCCCGCCGTTGCCGCCGACACCGCCGCTGCCACCCATACCGCCGGTACCGCCGACACCGCCGAGGCCCCCCAGACCGCCGGTGCCGCCTTCCGCGGTACCCGCACCGTCGGTGAGACCCTCTCCGCCCGCGCCGCCGACACCGCCCGCGAAGCCGGCGGCGCCACCACCACCGGTGCCGCCCGTCCCGCCGGCCCCACCGGCGCCGCCGTTGCCGATTAACATCCCGCCACGTCCACCGTTTCCACCGGCACCACCGGTGCCGCCGTTACCGCCCGCCGCGCCTAGTGCCCCGTTACCGTCACCGCCGATTCCGCCGTCACCGCCGAAAGCGTCACCTACACCCGTGTTGTGCCCCTGCCCCCCCTTGCCGCCAGCACCACCCACGCCACCGTCGACCCCTCCGGTGGCACCGTCACCCCCCTCACCCCCGGTAGCCACGCCGCCGGCGCTGCCGTCGGTCTCACCTATGCCGCCAGCGCCGCCAGCGCCGCCGGCACCGCCATCGGTACCGGCAGTACCCCCGGCTCCACCCTTACCGCCGGTGCCGTCGTTGCCGTCGAGCGACTCCCCCAGCCCGCCCTGCCCGCCGACGCCGCCAGCCTCGCCGACGCCACCGGCGGGGCCGGGACCCCCGTTCCCGCCAGTTTGATTCCCGTTGCCGCTGTTGTCGGTACCGTTCGCACCGGTGTTGGGGTTCGCAATCGAGCCGGGGTTGACCCCGTTTGTCCCGGCCAGACCGGTGCCACCCTGCCCGCCGGCACCACCGGACCCGAACCAGTTGGCATTACCGCCGTTGCCGCCCGCGCCGGGCATCCCGCCCAGGACACCCGCCACGGCCGGCCCACCCTGTCCGCCGGCACCGCCATCGCCCAACAACATCCCGCCGGCACCGCCATTACCACCGGCCGCCCCGGCCCCACCCAGACCCCCAACACCGCCATTGCCGATCAATAGCGGACCCGCACCGCCGTCACCACCGGGCGCACCGTCCCCACCAACGCCGCCACCGCCCCCGGTCCCGAAGTAGCTGGCCGCCCCTCCGACGCCGCCGGCGGCGCCAAGGCCACCGGCCCCGCCGAATCCACCATTGCCGAACACGCCGCCAACGCCACCGCTCCCGCCCACGCCGCCGGTGGTGCCCACCCCCGCCGCGGCCCCGCCAGCACCGCCGAAGCCCCCGCTGCCGATCAACCCCGTCGCCCCACCGACACCGCCAGTACCGCCGACCAAAGTGGCCCCTGCAGCCCCACCAGCCCCACCGGTCCCGCCATTACCCAGCAACCATCCACCGCGACCACCGACACCCCCGGCAGCACCGGACCCGACCAGCCCGTCCCCACCTTTACCGCCAGTCCCGCCGTTACCGATCAACCCCGCATCCCCGCCAGCACCACCTGGCTGACCCGGCGCACCCGATCCGCCATTCCCGCCGTTGCCAAGCAACAGCCCGCCCGGCCCACCGGGAGCCCCCGTCCCGTCGGCCCCGTTAGCGCCATTGCCGATCAACGGGCGCCCCAACAACGCCTGGGCGGGGGCATTTACCACGCCCAACAAATCCTGCAACGGCGCAGCACTGGTGGCCTCGGCAACTACGTATGAGCGCGCGCCGTTCGTAAGGGACTGCACGAACTGGGCGTGAAACGCCGACAGCTGCGCACCAAAAGCCTGATAGCTCTGCGCGTACGACCCGAACAAGGCCGCAACTGCCGCCGAAACCTCATCCGCGGCAGCCGCCACCACCCCCGTGGTCGGCAATGCCGCCGCCGCATTCGCCGCGTTGATCGTCGACCCAATGTTGGCCAGATCCGAAGCCGCCATCGTCAATGCTTCCGGCACCGCAATCACAAATGACATCTGCGACCTCCTGGACCGGACAACCCGCATGGTCGCCGCGGATCATCGAGCACTCGGCAGCAACAAATCCTATCCCGCCTCGCAGACGGCGGAGGCCATTTGGCCGCCGGCGCGTACTCTTCGCTACGACCGCCAGAGCCCTTGGTTAGCGACCGGATTCGACCGCCGCATGAGCCAAACTGTTACCGGTGTGGGTGTGCAGAACTGCGCAGTTAGCAAACGCCGATGCAGCGCGGTGGACCACAGCAGCCGCACACCGTACCGGCGCTGAGTGATAAACCCGACCCGGGCCCGGCGGATGCGATATCGTCTTGCGGCTATGGCGGGTATGCCAGAGGGCAAACTCATCCTCCTCAACGGCGGATCCAGCGCGGGAAAGACGTCGCTCGCCTTGGCGTTTCAGGATCTTGCCGCCGAGTGTTGGATGCACATTGGGATAGATCTGTTCTGGTTTGCGCTGCCGCCAGAGCAGCTTGACCTTGCGCGGGTGCGGCCCGAGTACTACACATGGGACAGCGCGGTCGAGGCCGACGGGCTGGAGTGGTTCACCGTGCACCCGGGCCCCATCTTGGACCTGGCCATGCATTCCCGCTACCGCGCCATCAGGGCATACCTGGACAACGGAATGAACGTCATCGCCGACGACGTGATCTGGACACGTGAGTGGCTGGTAGACGCTCTGCGGGTTTTTGAGGGCTGCCGAGTCTGGATGGTCGGGGTCCACGTATCCGACGAGGAGGGTGCCCGCCGGGAATTAGAACGCGGCGATCGCCACCCCGGGTGGAACCGAGGCAGTGCGCGCGC
NZ_CP041847.1_gap86	3045612	3050045	4433	GGGGCGGGCAGGACACCGTCATTTGAGGGATCATCGGTCACCACGGCACCAATGCCAAGCTTTTCCTTGATCTTCTTCTCGATCTCGTCAGCCACGTCGGCGTTCTCCACCAAGAAGTTGCGGGCATTCTCCTTGCCCTGGCCGAGCTGCTCGCCCTCGTAGGTGAACCAGGCACCCGACTTGCGGATGAGGCCCTGATCCACACCCATGTCGATCAGCGAGCCCTCCCTGCTGATTCCCTTGCCGTAGAGGATGTCGAACTCGGCCTGCTTGAAGGGGGGCGAACAGTTGTGCACGACAACCCCTTCGGCGACGAGGGTGTGCAGTTCCTCGACCTCGAGGTCGAACGTTCGTGCCCGCCGCGTTGGCAGCACTTCTCGGATCACGGAATAGCGGAGTTCTTCCGCCAGCATGTCGTGCAGGAATTTGTCATCCAGGGCATCCGCGAGCGCCTGCACGCGATCCCGACGAAGGCGGCTGGCACCTAAGACCTGCTTCATTCCACCGCGGGGGTCCCCGGAAGCTACACCGATCATGGCCGCGGCCTCCTGCGCGGTCACGCCGCGCTCGTCCAGATAATTCAGCACGGCATCGGTCATCTCTGCAGCCAGATATGTCGCTTGCGATCCACGACGCCGCCCCTGCGTGGCTTCTGGAATCGCCTGGATAAGCGCGGCACCGCGCGGCCCCCACATGGGAACTGACTCCGCGAATGCCGTGACGTTATCCATACCCGAGATCCGGACCTCGAACACTTGACGTTTGCTCTGGATCCGTCGACCGTTGACGATGCTCGGCCGCTTCTGGGTCGGATCGTAATCTCGAACGGTGCTCCCGACACCGAACCGCAGCAGCAGCCAATGAATCTGATGCGCGAGTTGTTCAGAGGTCGTCGTGTAACCGACCCGAAGTGCCCCGGTCTGTTCCCGGCTCACCCACCCGTCGCTTTCGAACAGGCCGAAGAGCAGATTGCCGACAATGTCGGCCGCGATGTCCGGCTCGAAGAACCAATTCGGAATCGTCTTCTCCCACGCGAGCTTGCCGTAGATACCGGCCTGCTGACAAAGGTCTGCCACACCGTTGCGCTCACCGGGTCGATGAGCGATCGCGAGTGAGATACGCCCCTGCGGATGGGCCGCGCAACCGAGCGTCGCAGCGATTCGCGTCACGTCGTCAACGAGCGCCCGCTGAACATTGATGAAGTTGATCGGAGTCTTGCCCCCCACCCAACCATCCCTGCCATCTCCGATCAGGTAGCCAAGCAGCCGGGCATGATCCGCCGGAATCGGCGCACTGTCACCGAATCCATCGAAGCGTCGCGGTTGCGCCACCCTGTCTCCCTTGCGGAGTTCCCCGGCGGCACGCCAGCCGTACTCTGTCAGCACCTTGTGATCGGGTGTCGCCCACACGATGGCGCCACCGGCGATCCGCAACCCGATCACATCCCGCGTTCCCTGGTCGAACCAGGACACCACGGGCCGCGCATGCAGCGTTCCGTCCTTGGCAGCAGCCACGACATGAATAGGCTTGCGCCCATCGACAACATCCTCGATGCGATGCGTTGTACCGGTGACCGGATCGAAGATCCGAGTGCCCTCTGCGAGGCACTTGTTCTTGACGACCTTGACCCGGGTGCGGTTGCCGACCGCGTTGGTACCGTCCTTGAGCGTCTCGACTCGCCGCACGTCCATGCGCACCGACGCGTAGAACTTCAACGCCTTTCCGCCCGTTGTCGTCTCGGGCGACCCGAACATCACTCCGATCTTGTCGCGGAGCTGGTTGATGAAGATCGCCGTGGTGCCCGAATTATTCAGCGCGCCGGTCATTTTCCGCAGCGCCTGGCTCATCAGCCGGGCCTGCAGCCCGACGTGGCTGTCGCCCATCTCGCCTTCGAGCTCCGCGCGCGGCACCAGCGCCGCCACCGAGTCGATCACCACGATGTCAAGCGCACCCGAGCGGATCAGCATGTCGGCGATCTCGAGTGCCTGTTCCCCGGTGTCCGGCTGGCTGACCAGCAGCGAATCGGTGTCGACACCGAGCTTCTTGGCATAGTCCGGATCCAGCGCGTGCTCGGCGTCGATGAACGCCGCAACACCACCGGCGGCCTGAGCGTTGGCCACCGCGTGCAGCGCCACGGTGGTCTTACCCGACGACTCCGGGCCGTATATCTCTATCACCCGGCCACGCGGCAGGCCGCCAATGCCCAGGGCCACGTCTAGTGCGATGGATCCGGTCGGAATGACCGAAATCGGCTGACGCGCCTCGTCGCCGAGGCGCATCACCGAACCTTTGCCGTAACTCTTCTCGATCTGGGCCACTGCCAGCTCGAGCGCCTTTTCCCGATCGGGGGTCTGCGTCATGGTGCCTCTCCTGTGGTCGGTGTTCGATTGACCGGTATCGGTCGGTTGGCCGTGACACTAGAGACAGCCACTGACAAGTCGGCTGCTCCGAATGATCACCACAGTAGCCGAACACCTGTTCGATTCAAGTGTGACACGCCGCGTGTGGCAACATCGCGTCCGCGCTCGTCGGCGCGTCGAACGCCCTGGCGGCGGTGCGGCCCGACTTGCGTGCGCGGCTGGTCCGGATCACCGACGATCTGCTCAACACCGCTAGCCTGGCCGGATCCGGCGTGCTCACCGGCCCGGATCTGACCTTTCGGCGTCGCAGCTGCTGCCTGTTCTACCGGGTACCCGCCGGAGGCAAGTGCGGCGATTGCCCGCTTTGACGAATGTGCAACCTCACCACCGATCGTGGGGAACGTCGAAGTCGGCGCACAATGCCCGCCAGACGTCGCGGGGCTCGACACCGTCCTCGATGGCCTGGGCGGCGCTACGGCCGTCGAAGCCGGTCAGCACGTGATCGAGCAGCACCGACGAGCCATAAGCCGCCCCGAAATGCAGGGCTACCCGCTCGTGGAACTCCGTCAGCCGCACGCCAGCCAACATACCCAGCGCGCTACCCCGCCAACGCAAGCGCGTCGTGGCAGACCCGCACCGGATCGGCCGCACCGGCGACGCTGGCGGCCGCCCGCCGCGCGGCCTCCCGGAACCTCGGCGACGACAACACCTCGTTGACCGCCGCCACCAGCGCGTCGGCGGTCAACGGCCGGATCAGCACCGCGCTACCCTGCCGGACTACCCGGTTGGCGATCTCCCACTGATCCCCGCCACCGGGAACCACCACCATGGGCACCCCGGCCAGCAGCGTCTTGGCCACCATCCCATGACCACCGCCGCAGATCACCAGATCGGCCCGCGTGAGCAGCTCGGCCTGGCTGCCCAGCCCGGCCACCGCCCAGGGCGGCACCGTCAGGTCGGCTCCGCTCAAACGCGACACCACCAGGCGCGATCCCGACGGCACCGTCTCACCCGGCGTCAGAGACTGCAACGCGACCTCCGTCAATCCGGCGGTCCCGGTCAACGCGGTGGACGGCGCCACGACCACCACCGGCCCGGTGCCGGCGGGGATGGCCAGCACCCGATCGGTCGGCTCGAAATGCAGCGGGCCCACCACGACGGCCTCGGCCGGCCAGTCCGGGCGGGGAACCTCGAGCGCGGGCAGCGTGGCGATCAGCCGGCGCAGCGGCCCGGGATCGCGGGCCGGCAATCCGATCTCGACCCGAACGGCGGCACGCTGGCGCAGCCCGGCACGCCAGGACCGCCCCGTCAGCGCTCGCATGGTGGCATCGCGCAGCCGGCCGCGGATACCGGTGCCTGCAGCCAGTCCGCTGCCGATCGGCGGCAGTCCCTTCGACGGCAGGTACAGCGGATGCGGGTTGAGTTCCACCCACGGGATCCCTAGCAGTTCGGCTGCCATGCCGCCGCACGCCGTGATGACGTCGGACACCACCAGCTCCGGTTCCAGAGCCCGCAGCCGCGGCACGTTGAGCACGGCCATCTGCGCCGCTCGCCGATGGATCCTGGCCCCGGCGTCGAGATCGCGGTCGGTGGCCGCCAGCCCGTCCAGCTCGACGGCGTCAATGCCAGCGGCGCGGGCGGCTTCCAGCCATTCCACCCCGGTGAACAGGGTGGGCGTGTCAGCGGCTGCGCGGAAACGCTGGCACAGCGCGATCGCCGGAAACGAGTGCCCGGGATCCGGCCCGGCGACCACGGCGACGCGCATCGGCCCTACCCTGCCACAGCGCCACAGCCGTAGGCTGACAGCCATGGCCGAGCTGACCGAAACATCGCCGGAAACCCCCGAAACCACCGAGGCCATTCGTGCCGTCGAGGCGTTCCTCAACGCCCTGCAGAACGAAGACTTCGACACCGTCGACGCCGCACTGGGCGACGACCTGGTCTATGAGAACGTCGGGTTTTCCAGGATCCGCGGTGGCCGCCGCACGGCAACGCTGCTTCGCCGCATGCAGGGCCGCGTCGGCTTCGAGGTGAAGATCCACCGCATCGGCGCCGACGGCGCCGCGGTGCTCA
NZ_CP041847.1_gap87	3052370	3054291	1921	ACCGCAGATCCCCGCCACCGAACGCACCGAAACGCCGACCTTCGGCCCGCTTCGTATCCGGTTCTGGGCCTGCGGCATTTTCGAGGTACAACGGGCACGCTATGGCATTACCACTTCGGCGTCCAAGGCGCTGGTGCGCGGTCTGACCGCGTCGGCGTTCTCGTCGCCGCGGGCTACCCTGTAGCGAATGAGCGACAACGCAATCCGCCCGCGGCCCAACCCGTGGCAGTACATCCGCTATTGCTACGGGGCGCGGCTGCCGGACTCGATGCGAGACTGGGTGCGCAACGATCTGGCCGGCAAGGGTGCGGCCATCCGGATGATGATCCGCGTCGCGGTTCCGGCGGTGCTGGTGCTGGCCCCGTTCTGGCTGATCCCGACGTCGCTGGACGTCCACTTGAGCATGACGTTGCCGATTCTCATCCCGTTCGTGTATTTCTCGCATGCGCTGAACAAGGTATGGCGCCGGCACATGCTGCGCGTGCACAATCTTGACCCCGAGCTCGTCGACGAGCACGCCCGCCAACGCGACGCCCACATTCACCGGGCGTATATCGAACGCTACGGGCCACGGCCGGACCCGAACGACTAACGCCGGGGCAATCCGCCGAGCTCGTCAAACGCCTGCGCCCAAGCGACCAGGCGATCGGTGGCGCCGGCCAACTCCTCGCGGTAGCGCTGTTGTCCGGGCCCAGCCCCACCCGCGCCGTTCGCCGAGGAAACCAATTGCGCTGCGGCGGTGACCATTTCGTTGTACTGACGGACGCCGGTGCTCAGCTGCGCGGTAAACGCGTTGATGGTCGGCACCAGATACGACCGCGACGCCGCCGAGCATTGCACGGCCCGCTCCATCGAGACCACCTCGGCCGCGGTCGCCACCATCGCCGCCGAAGTCTGGTTGGCCGCGGCCGTTAGGTCGCGGATCTCGTCCGCCGGCAACATGGCGCCCCGCTCCATGACACCCAACAGCGAGAAGAACCCGCGTTCGGAGGCGCCCAGCGCCGACATCGCGGGTCGCGCGGCCGAGCCCGGTGGTGGCAGCCGGCGCACACTTGCGGGCCGCCGCACCGGCAGTGGCTCCGAGCGCAGCCAGCGGTAGCGAAGCAGCAATAGCGTCGCCGGAATGGCCTGCGTGACCGCAATCGTGCCGGTAATCACCAGCAGCGACGTAAACCAGCCCCAGGCCGCCAACAGCGCCGTCACCAACCCCCAGAGCAGACAGCCTGCGGTGAATACCAGACCCCAGCGCAATGCACGGCGGCGGCGGCGCAGCAGCCGGGCACGCGGATCGATGGCGACGCTGATCTTTTGTGCTACCAGGTCGGCCAAATCACCGGCGGTATCCACGCCGCGCTGCAGCAACGAACGCCACGGCCGGCGCTGACCCGCTTTCACTGCCATGCCGAACCGTCTGCCCAACTACTGACCGTAGGGCTGCTCGGCAATAGCCCCGCCAGAAGTCTCGGTGGCCGGTCTGGGGGTAGCCGTGGTCCCGCCGGCCGGCAACGCTTCACCGCGCATCGATGCGCGGATCTGTTCCAACCGTGAATGACCGGCCATCTGGATCCCGGCCTGCTCCACCTCGAGCATCCGGCCCTGCACCGAACTCTCGGCAAGTTCAGCCGAACCGATCGCGTTGGCGTAGCGACGCTCGATCTTGTCGCGCACCTCGTCGAGGCTCGGCGTGTTGCCTGGCGCGGCGAGCTCACTCATCGACCGCAACGATGCGCTGACCTGCTCCTGCATCTTCGCCTGCTCGAGCTGGCTGAGCAGCTTGGTTCGCTCGGCGATCTTCTGCTGCAGCACCATCGCATTTCGTTCGACGGCCTTCTTGGCCTGAGCTGCGGCGCTAAGCGCCTGGTCATGCAGCGTCTTGAGGTCTTCGACGCTCTGCTCGGCGGTCACCAGCTGGGCTGCGAAC
NZ_CP041847.1_gap88	3055780	3060702	4922	ATGTCGATACTGTTTCACACGTGACCGAACGTCCACGGGATTGCCGGCCGGTGGTCCGGCGCGCGCGAACCTCCGATGTGCCCGCGATCAAACAACTCGTCGACACCTATGCCGGAAAGATCTTGCTGGAAAAGAATCTCGTGACACTCTATGAAGCGGTTCAGGAATTCTGGGTGGCCGAGCACCCGGACCTCTATGGCAAAGTCGTCGGTTGCGGTGCGTTGCACGTGTTGTGGTCGGATCTCGGCGAAATCCGCACCGTCGCTGTCGACCCGGCCATGACCGGCCACGGTATCGGCCACGCAATCGTCGATCGGCTACTGCAGGTCGCCCGCGATCTGCAGCTGCAGCGCGTGTTCGTGTTGACCTTTGAGACCGAGTTCTTCGCCCGGCACGGATTCACCGAGATCGAGGGCACCCCGGTCACCGCCGAGGTGTTCGACGAGATGTGCCGCTCCTATGACATCGGGGTCGCCGAATTCCTGGACCTGAGCTACGTCAAGCCCAACATCCTCGGCAACTCCCGGATGCTGCTGGTGCTGTAGCCCGGCGAGCAGACGCAAAATCGCCTCATTTCGGCACGAAATGGGCGATTTTGCGTCTGCTCGGCGGGCTACTCGCCGCCGTCACCCCGGATCGCGGCCAGTGTGCCCGCCAACTCGTCGGGCTTGACCAGCACCTCACGGGCCTTCGAGCCTTCGCTGGGCCCGACGATGCCGCGGGTCTCCATCAGGTCCATCAAACGGCCCGCTTTGGCGAAGCCGACCCGCAGCTTGCGCTGCAGCATCGACGTCGACCCGAACTGGCTGGACACCACCAGTTCCACGGCCTGCAGGAAGACGTCCATGTCGTCGCCGATGTCGGGGTCGACGTCGGTGCGCTCCGCGGTGGGTTTAGCCGTGGTGACGCCCTCGGTGTATTCGGGTTCGGCCTGTTCCTTGCAGGCGGTGACGACGGCGTGGATCTCTTCGTCGGAGACGTAAGCGCCCTGCAGCCGGAGGGGTTTGCTCGCACCCATCGGCAAGAACAGGCCGTCGCCCATGCCGATCAGCTTTTCCGCGCCCGCCTGGTCCAGGATCACCCGGCTGTCGGTCAGCGACGAGGTGGCAAACGCCAGCCGCGACGGCACGTTGGTCTTGATCAGCCCGGTGACCACGTCCACCGACGGGCGCTGGGTGGCCAGCACCAGGTGGATGCCGGCGGCGCGGGCTTTCTGGGTGATCCGCACGATGGCGTCCTCGACGTCACGCGGCGCGGTCATCATGAGGTCGGCCAACTCGTCGACGATGGCCACCACGTAGGGGTAGGGCCGATACTCGCGCTGGCTGCCCAGCGGCGCGGTGATGGCCCCGGATCGCACCTTGTCGTTGAAGTCGTCGATGTGGCGCACCCGGGAGGCCTGCATGTCCTGGTAGCGCTGCTCCATCTCGTCGACCAGCCAGGCCAGCGCGGCCGCGGCCTTCTTCGGCTGGGTGATGATCGGCGTGATCAGATGCGGAATGCCTTCATACGGCGTCAGTTCCACCATCTTCGGGTCGATCAGGATCATCCTGACCTCTTCCGGGGTGGCCCGGGTCAACAGCGACACCAGCATGGAGTTGACGAAGCTGGACTTTCCCGAGCCCGTCGAGCCGGCCACCAGCAGGTGCGGCATCTTGGCCAGGTTGGCCGAGATGAAGTCGCCTTCGATGTCCTTGCCCAGCCCGATCACCAACGGATGATGGTCGCGACGGGTCTCTCGTGCGGTGAGCACGTCGGCCAACCGCACCATTTCCCGGTCGGTGTTGGGTACCTCGATGCCGACGGCGGACTTGCCGGGGATCGGTGCCAGCATGCGCACGCTCTCGGTAGCCACCGCGTAGGCGATGTTGCGCTGCAGCGCGGTGATCTTCTCGACCTTGACGCCGGGCCCCAGTTCGACCTCGTAGCGGGTGACGGTGGGCCCGCGGGTGCAGCCCGTGACGGCCGCGTCGACCTTGAACTGGGTCAGCACCTCACCGATGGCGCCGGCCATGTGGGTGTTGGCCGCACTGCGTTTCTTGGGCGGATCACCGGATATCAGCAGGTCCAGCGACGGCAGCGTGTAGGGACCCTCGACGATCCGGTCCAGCACTTGGGTATCTTTGCGGCGGCCGCGTCTTCCGGAGCCCCGACCGGCGGAGGCTTCCGGTATCGTCGCAGTGTCATCCTGCGGAACCTCGGCCGACGGCCAGGCCGGTGGCCCGTCGTCGGAGCACAGGGGCACCTCGTCGTAGTAACCGTCGGAGAAGTCCTGGCGGGCGACTTCGACGGTGTCCGCGTCGTCACCATCGAAGTCCGCGAAGTCCTCGAAGTCGTCGGCGTATTCCCGTGGCAACAGCCGGGTGCCGAACATGGCGCGCATGGCATCTGGCACCTCTCGGATCGTGATCCCGGCCAGCAGGAGCAATCCGAACAGCGCGCCGATGAATAACAGCGGCGCAGCGATCCAGGCGGTCAACCCGTCCGAGAGCGGCCCGCCGATCGCGAAACCGATGAACCCCGCGGCGCGCAAACGCGACTCCGGGGCCTCGGGTGAGCCCGCCCACAGGTGGCACAAGCCGAGAAACGACAAGCCGATCAGGCTGGCGCCGAGGATCAGCCGCGGCCGCGAATCGGGGTTGGGCGACGTACGCATCAGCACCACGGCCACGGCGGCGGCAACCAGCGGGAGCATGACCACTGCCGACCCGATGAACGTCCGCAACAAGGCGTCGACCCACGCGCCGAGCGGCCGGGCGGCGTCGAACCACGAGCTCGCGGCGACTACCACGGCAAGGCCGAGCAGCACCAGCGCGATTCCGTCGCGGCGATGCCCGGGCTCGATGTCGCGGGCTCGCCCGATCGACCGCGCCGCGCCGCCGGTGCCCTTGGCCGCCATCATCCAGACGGCACGCATGGCCCGGCCGCAGGCGAGTCCGGTAGACACCAGCAGCGACCGATGGTGCCGTCGGGAGGGTCTGCCGACCCCTTTGACGGGCCTCGACCTCTTTCTGGGCACGGCCGATCGCGCACTTCGGGACGCGCCCCGCGAAGTGGCCTTTGACCTGCTCGTTCGAGTGCCGGAGCGGGCAACGGTCTTGCTAGACATAACGGCAAGCCTAGTCGCTATCACACCATCTACACCATCCGCCACACTGGTAACGGCGATCTGCTCGCCTCGTTGCCAGGGTCTCCTGAGTAGGGTGACAAGTGATCGTGCCGCGTCACGCCGCCCGACGCGCGGAGTTCCAGGAGGCCCCAGCATGCCCGTCGTCGTCGTCGCCACGCTGACCGCCAAGCCTGAATCGGTCGACACCGTCCGCGACATCCTCACCCGCGCGGTCGATGACGTGCACCGCGAACCCGGCTGCCAGTTGTACGCGCTCCACGAAACCGGCGAGACCTTCATCTTCGTTGAGCAATGGGCCGATGCCGAGGCGCTCAAGGCCCATAGCGGCGCCCCCGCGGTTGCCACCATGTTTACCGCGGCCGGCGAGCACCTGGTCGGGGCGCCGGACATCAAACTGCTGCAGCCGGTTCCCGCCGGCGACCCGAGCAAAGGGCAGCTGCGCCGGTGATCGACCGGCCACTCGAAGGCAAGGTCGCCTTCATCACCGGCGCCGCGCGCGGCTTGGGCCGCGCACACGCGGTTCGACTGGCAGCCGACGGCGCGAACATCATCGCGGTTGACATCTGCGAGCAGATCGCCAGCGTGCCTTATCCGTTGAGCACCGCCGACGACCTGGCGGCCACCGTCGAGCTCGTCGAGGACGCCGGCGGCGGGATCGTGGCCAGACAGGGCGACGTTCGCGATCGCGCATCACTGTCGGTCGCATTGCAGGCGGGCCTTGACGAGTTCGGCCGGCTCGACATCGTGGTGGCCAATGCCGGTATCGCGATGATGCAGGCCGGCGACGACGGCTGGCGCGACGTTATCGACGTCAACCTCACCGGCGTCTTCCACACCGTACAGGTGGCGATCCCGACCCTGATCGAGCAGGGCACCGGTGGGTCGATCGTGTTGATCAGCTCGGCCGCGGGACTGGTCGGCATCGGCAGCAGTGATCCCGGATCGCTTGGCTACGCGGCCGCCAAGCACGGCGTCGTCGGCCTGATGAGGGCGTACGCGAACCATCTGGCACCGCAAAACATTCGGGTTAACTCGGTACATCCTTGCGGGGTCGATACGCCGATGATCAACAATGAGTTCTTCCAGCAGTGGCTAACCACTGCTGACATGGACGCGCCGCACAACCTGGGTAACGCGCTGCCCGTCGAGCTGGTGCAGCCAACCGACATCGCCAACGCGGTGGCATGGCTGGCGTCCGAGGAGGCGCGCTATGTCACCGGCGTCACCTTGCCGGTCGACGCGGGCTTTGTGAACAAGAGGTAGCTGATGGCTCGAAATCCCGCTGCGCAGACCGCCTTCGGCCCGATGGTGTTGGCGGCCGTGGAGCAAAACGAACCACCTGGCCGCCGCCTGGTGGACGACGACCTCGCGGACTTGTTCTTGCCCAGACCATTGCGATGGCTGGCCGGTGCAACCCGGTCGGCGGTGTTGCGTCGTTTACTCATTAGCGCCTCGGAGTGGTCCGGCCGCGGGTTATGGGCCAATCTGGCCTGCCGTAAACGCTTCATCGGAGACAAACTCGACGAAGCGCTCGGCGACATCGACGCGGTTGTCATCCTCGGAGCCGGATTGGACACCCGTGCCTACCGGTTGACGCGACGAGTGCGGATGCCGGTATTCGAGGTCGACCTGCCGGTCAACATCGCCCGCAAGGCCAAGACGGTCCGACGGGTGCTCGGTGAACTGCCGCTGTCGGTTCGCTTGGTTGCATTGGATTTCGAGCATGACGACCTGCTCACCGCTCTGGCCGAGCACGGCTACCGTACCGAGTACCGGGTGTTCTTCGTCTGCG
NZ_CP041847.1_gap89	3074133	3075783	1650	CCGCCGCCGCCGAGGAGGCCGCGTAACCGTACATCGCCAGTGCGTCTTGAGCCCACATTTCGCCGTAGTGAGCCTCGGTCGCCATGATCGCCGGTGTGTTTTGACCCAGGACGTTGGTCGCCACCAGTGCCGCGAGCAGAGCCCTGTTGGCAGCGACCTCCGCCGGCGGAACCGTCATGGCGAACGCCGCCTCAAAGGCGGCCGCCGACGCCATGGCCTGTGCAGCCGCATGGGCCGCCGATTCAGCGGTGTAGGTCAACCAGGCCAAATAAGGCTGGGCAGCAACGACCATCGACATCGACGCCGGACCCAGCCACTGTTCGGTAGTCAACTGCATGATCACCGACTCGACGGACGATGCTGTAGTGCTCAACTCGACGGCCAGGCCGTTCCACGTCGCCCCGGCGGCCATCAGGGGTGCTGCGCCGGCACCGGCGTACATTCGTGTGGAGTTGATTTCCGGGGGTAAAGCTCCAAAATCCATTTTCCCTATCCCTCTATTGATCTCTATTGATCGAAATTCGCTACTTCTCAAGTGCGGGCAACCGCGTCGAGGCCGCCCCCTATACCGCCGGCTTGGGCATGACGATGGGTTTGGCGCCGTAGCGTGGCGCACCGAAGCCCGCGCTGCTGCGCGTCGCCGAGGCCAACCCCGGCATCCCGGGAATGACCGTCCCCGCGGCACCATGCGGTGCCGCGGTGGTCCAGCCAGCGCCCTGCAGTGTGCTGGTGCTCGATACCAGGTTGGCCTGTCCCGCCCAGCTGGGCGGCACCGACAATGCGCCGATTGACGACGCCCGACTAAGGCCGGCGGCTAGCGGAGCCGCACCCAGACCGGCCGCGATCGGCGCCTCGCCGACGGCCGCCTCCGCCGCCCCCAGCTCCGATAGGCCCGCGCCCTCCAAGCCCTCCTCGAGGGCGGCTTCCTCGGCAGCCGGAAGAAGACCACCGCTGGCCAGCCCTAGCAAGTCCGACGCGGCGGAGACCCAGTTCCCAGCCCCAATGTTGAAGATATTGGCAATATCTGAAATCCAGGAGGGCACCTTCCCGGGCGTGGAACCCAAGATGCTCGCGATACCCGACAACGGCGAAGCGGCCGCGGATGAGTTGGCGGCCTCGGTGGCCGCATAGGTGCCAGCGCTGACCCCCAGGGTCTTCACAAACAGGTCGTATACCGCAGCTGCTTCAGCACTGACCTGCTGGTAGAGAGTGCCGTACGCGGTGAACAACGGCGCCTGTAGCACTGATATCTCATCAGCGGCGGCGGGAATCACGCCCGTGGTGGTCGGGGCGGCCGCGGCCGCGTTCTGGGCGACCATCGCCGAGCCGATGGTCTCGAGCTTGCCGGCCGCAGCCGCCAACTCTTCAGGCTGTGTCGTCAGGAATGACATCGATTGCTCCTCATATGACTAAGCCAGCAGGGCTAGAAACCTGTGAATTATCTGATCAGTCCCTGCCGAATAGCTGATCAGGTCCTGTGTTTAGATAAGGCTAACGATCCACACCTCCGCAAGCCCGATCAAAAGGCGCAAGCGCAGAATTCATTTACGGCTTATTTACGCCGGCACCGGCAGTCTTAACACGATCCTTTTGAGCGTGGCACCTGACCGCTCGCCGCAGCAGCGAAATGAAACACGCGCCGCGGGAGGG
NZ_CP041847.1_gap90	3129039	3133084	4045	CTGCCGCTGCCCGCCGGAGAGCTTGGCGGGCTTGCGGTCCAGCAGATCCGTCAGCTCCAGCATGTCGGCGACTTCCAGCACCCGCCGGCGGGTGTCCGCGCGCGACATCCCGGCGTTTCGCAGCGCGAACCCCATGTTGGCGGCCACCGTCATGTTCGGGTACAGCGCGTAGTTCTGGAACACCATCGCCACGTCACGCGCCCGCGGCGGCAGATGCGTCACATCCACGTCGCCGATGCTGATGCGCCCGCTCTCAATGGGTTCCAGCCCGGCCAGCACGCGCAGCGTGGTGGACTTGCCGCAACCGGACGGACCGACCAGAACCAGAAACTCCCCGTCGGCGATGTCGAGGTCCAAGTTGTCGACGGTCGGCGCGTCGGCGCCGGGATAGCGCTGGGTGACAGCAGAGTACTGAACGTTAGCCATGCCCCGCCAGCTTCCGCATGATCTGCCGATCCAGGATGACCTGCAACCGTTTTTGGATGTTCGTGAAGGTCTTGGTCACGTCGGCTCCGCGCAGCCCGATGGATTCCAGGCCGGCGGAGATGATCCGGTCACCACCGGGCAGGAAAACCCGTGCGTAGTCTTGTGTCCGGGTGTGTGGCAGCTGGTCGAGCGCCACCCGCGCACGGGGATTGTCCGCCAGATAGTGCCGTTCGCTGGCATCGTCGACGGCGGACTTGCGCACCGGCAGATAGCCGGTTTGCTGGCTGAAGTAGGCGGTGTTCGTCGGGTTGGTGACGAATGCGATGAACTTGAGCGCGTTGACTTTTCGCTCCTCGGAGAGCTTGGCCGGTATCGCCAGCCCCGCACCGCCCGTCGGACAGGCGGGCGCTGCGTCCGGGCCCGTGGGCAGCGGTGCGGCGCCGAAGTCGAATCGGGCAGATGCGGTGATGCCGGCCAGCGAGCCGGTGGATGCCACGGCCGAGGCCAGGATTCCGGTGGCGAACTCGTTGGCAATATCGTTGGCGACCGCCGCATAACCCTTGCCATGGATGGAGTTCCGATAGAAGTTGCCGGCCGCGATCGTGGCGGGCTCGGTCAATGTCAATGTCCACTTGTCGGAGTAGGCACCGCCGAATGCCCAGTTCGGTCCCTGAAACGTCCACGAGATGAGGTCGGCGTTAGCCCAGCCGTGCGCCGATCGACCGGCGCCGACCACGCGCTGTAACTCCGGACCCCACTCGTCGAACTCTGACCAGGATTGCGGTCCGCGGTCGGGTAGGCCGGCCTGTTGCCACGCCGCCTTGTTGTAGTAGAACAGCGGCGTCGAGCGAGCATACGGCACAGCGTAATGGCGGCCGTTGAACTCATAGTCGGCCAGCAGCGAATCGACGTAATCCGTTGTGTCCACCCCAACTTGGCCGAACAGGTCGTCAAGGGCAGTGAGAACACCGCTGAGGGCGAAATGGAACCACCATCGGTCGTCGAGCAAAACGACGTCGGGCACGTCGGTTCCGATGAGCGCCGCATTGAATTTCTGTGCCACCTCGTCGTAGTCCTTGCCGGCGTCGATCAGCTTGACCGACAGAGTGGGGAATCGGTCCTGGAAACGACCGATCAGCTCCCGTTCCGCCGCGCTGGATTGGCCGGGATGACTGGACCAGAAGTCGATTGGGCCGGAACCGGACTTCACCGAACCGCCGCCGCCCATCCCGGCGCAGCCGGCGGTCACGCCGGCGGCGGCAGCGGCCAGCGCGAGGAATTGTCGGCGGTTCAGCGGGTCCATGCCTATCCCTTGACCGCGCCCGAGGTGAGGCCCTTTATCATCTGCCGCTGCAAGGCGATGAAGACCAGCAAGATCGGCAGCATCGCCAACAGCGTCACCGCCATCACCGGGCCCCAGTTCGTCACACCCTCGGCCTGCTGCAGAAACGTCAGACCTATCGGCAGTGGTGCCACCGATTCGTCGTCGGACATCAGGAACGGCCACAGGTATTCGTTCCATTCGTTGACCACGGTGATGACACCGACGGCGACCATGGTGGGCCGCGACATCGGCAACACCACCCGCAGCAGCAGTTGCCACCACCGCGCGCCGTCCATCCGGGCCGCCTCGATGATCTCGGCGGGCAGCGACAGAAAGTGGTTGCGCATCAAGAAGGTTCCAAACGCCACCCCCGCCAGAGGCAGGATGATGCCGGCAAAGGTGTTGCGCAGGCCCAGGTGTGAGATCAGCGCGTAGTTGGAAATCACGGTGATCTGGTTGGGCACCATCAACGCGGCGATGATCACCAAAAACACCGCCGTGCGGCCCGGGAACCGGACAAACACCAAGCCAAAGGCGCTGAGCACACCGAGCGTGAACTTCACCACCGCCAGCACCGACGTGATGATCAGCGAGTTGCGCAGAAACGTCCAGAACGGAATCTGCTCGGTGGCCGTGCGGTAGTTCTGCGGGTACCAGCGCAGCGGCCACCAACTGGTGGGCTGCGCATAGATGTCGGGCTGATCCTTGAACGAGGTGAAGAACACGAACAGCAACGGCCCGGCAATCAGCGTGACCACCAGCAACATGGCCGCGTAGCCAACGCTGCTACGGAGCCGATCCGGCGTCACTGCCGCTGCCCCCGATCCATCACCCGCACCTGGTAGTACGTCACGGCCAGCAGCACCAGGAACATGATCGTGGCCACCGTGGCGCCATAACCGGCCCGGAAATTGCGGAACGTCTCCACATACACCTGGTACACCATGGTGGTGGTGCCGGTGCCCTCCGGCCCGCCCCGGGTCATCACGTTGATCACATCGAACACCTGCAGCGAGTTGATCAGCACGGTGATCGACAAGAAAAACGTGGTCGGCCGCAGCTGCGGCAACAGCACTCGACGGAACACGGCCCACCGGCTGGCGCCGTCGATTTCGGCCGCCTCCAACAGATCTCGGCGTACCCCCTGCAACGCGGCCAGATAGATCACGAAGGTATAGCCGAGGTTCTTCCAGACGTAGGTGATGGTCACCATGAACAACGCCCAGCGCGCATCCTGGTAAAAGTCGGGCACCCCGACCCCGATCCGGCGCAACAGGTCTTGAATCAGACCGAAATGCGGGTCGAAGACGAACTGGGCGGCCAGGCCGACAGCGGCACCGGAGATCACGAACGGCGCGAAAACAGTGGAGCGCACCAGGTTTCGTCCACGCAACGGTCGATCGAGCAGCATCGCCAGCGCCAACCCCAGCACCATCGAGCCGACCACCGCGGCACCGGTGAAAACCGCCGTGTTGAACACGATCTGGCGGGTGTCCGACCGGGTGAACCACTCGGTGTAGTTGGATAACCCCACAAATCGGGCCGACGGATCGGAGACGTTCCAGTCGAAGAACGACAGCCGGATGTTGTCGGCCAACGGGCGATAGACGAACAGCAGCAATAGCGCCACATTGGGGCCGACCAACACGACGAACAGCGCATAATCGCGCACGCGCTCTTTCGATGACCGAAGCCGTGCTCGTTGCGGCGCCGCCATCGGCGCAGTGTAGCTCCGTATTCTGTCGGCGAGTTTGCCGCCACGGTCGATGAACCAATCACCGCCGTCACGGCAATGTCGGCCAGCTACGCCGCGCCCGTCACCGCCCACCGACCGCTGTACGCCCGCCATCCGACGAATATCAGCCGCAGCACGATAAACGTGCCCAGTCCCGACCAGATACCCGCCAGCCCCCAGCCATACGCCAGCGACAACCAGACAAGCGGCAAAAAGCCCACCAACGCACTCGCCACCGTCGCCGTCCGCATGAACGCGGCGTCGCCCGCGCCCAGCAGCACCCCGTCAACTGCGAAAACAATTCCCGCAAAAGGCAATTGGACTACCATGAACCACCACGGCACCCCGATCGCGGCGAGTACCGATCGATCGTCGGTGAATAGCCCGGGCAGCACCGAGGAGCCTAGCCCTAACGCCGCTGCCAAAATTCCCGCCGCCAACAGCGAAAACGCCGTCACCCGCCATGCCACCGCCTTAGCGTGCCCGGCATCACCGGCACCCAACGCGGCACCGACCAGCGACTGCGCCGCAATCGCTAGCGAATCAAGAACCAGCGCAAG
NZ_CP041847.1_gap91	3211804	3215972	4168	GCACCGACTCCCGCAAACCAGGATCGAGCAACACCTCGGCGTCATAGTGGGTGTGCACGTCGATGAAGCCAGGCACGACCCACTTCCCCGCCGCATCAACCACCTCCGGGCAGCCGGTCTCGTCCAGTGCGCCGGCAGCCACCGTGGCCACCACGCCGTCGCGAATGCCCAGAGTGCGAGTCAATGGCGCATTGCCGGTGCCGTCGAACCACAGTCCGTCGCGAATGATCACGTCGTAGGTCACCGTTTCCTCCAGATCGTTGAGTTGCCGCCAAGCTAACATAGATAGCGATCACTCGCAATCTTTTTGGCTGACGCCGCTTCGCTGCCGCGGCGCTGGTCAAGTGGGTGTCAGCGACCGGGCCCCGGCGCCGTTGTGGTCGGCGGCGTCAGGGTGGCTGTGGACGTTGTATCGGGGGTATCAGGAATCGTTGCTGGGTCCGGCACGGTGACTGCCGGGGGAAGATCACCACTGCGGCTGGCCACCGCGGGAATCCGAATGACCGCTCCTTGTTGTCCACATTCGTTGCTATGCACAGTGACGACCATTTCGCCGACGAGGTCGCCCTGCGGTTGCGGTCGCAGTGCGAGCAACTGCGTCGTGGCCTGTGTACTCGGCGAGCCGTTGGGCCCGACGCACGGGAACTGCACCGTCTCCGGCCGCGACTTCCACTGGCCCTCGCCGAACTGCATGAGGAACGGCCTAACGGGCGGAGTCTTGGCCTGGGTGTGGTCGTTGTCGTCGAGCATCGTTGCGGCCGCGAGACATTCGGTCGGAGTGCACGAAGTGCGGAACGCCCACCAGGTGTTCACGTCCGGCGGTTGCGGCGTAGGGGTGTAGTCGTAGGTCTGCTTTGAGCGTTGGATCTCGATGCGGTATGTGCCGTCCAGTGGGACCGGCGCGGTGACCGCGACGGTGGTCGTCGGGGCGCTGGGCACAGCCGACCCACTGGTCGGCGGGCGCGCGACTTCGGTGGCGGTCGTGTTCGTCTTGCGCCCAATCACGATGCCGACCGCGAACAGGCCAGCCAATAGCAACACCGCTACCGCACCGACCAGGATCCGGCGTGGCCGGCGCCTGGTGGGGCTCGCCGGAGCCTTGGTGGCGGTGGAGAAGTTGTCCAGGCGGCGCGCCAGCACCCCGGCCGCTGACTGCAGCATCGAGCCGCGCCGTTGGGGGGTCGGGGCCGCCGGCGCCGGTGCCCGGGCGGATGGTTCTTTGCAGTCGACGGCCTCGGGCCAACCATAAGCCGGGTAGTCGACGACATACGCTTCCTCACCGGCCGCCGCGGTGACCTCAGAAGCGTCGACACCCCCCGAGCTCTGATCAGCGATCGCGACGCCGGCCTGTTCGTTCATCGCGTCGGCGAACTCGCGGCAGCTGCCGAACCGGTCCGCGGGCGCTGTGGCGAGCGCACGCGAGAGGACACCGTCGAGGCGTGCCAGGTCCGGGCGGAAGGCGGAGAGCTTCGGTGGCTGCAGCGGTCCGGTGTGCGAACGATCAACCGGCGGCGCACCGGCGAACAGGTGTATGGCGGTAAGCGCCAACGCGTACTGATCGGCACGCCCGTCAACGTCGGCCCCCGCCGACAGTTCGGGCGCCGGATAGCTGGGTTGGCTGGCAATTCCGAAGTCGGCCAACAGGATCCGTTGGTCGCCAGCACTCTGACTGGTTAGCACGACGTTGGCGGGGTTGACGTCACGATGCAGCAGGCCGCGCTGGTGGGCGTAGTCGAGAGCTCCGGCTACGGCAGTGACGATGGCGAGTACCTCACCAACCGGCAAGACCGCCGGAAACCGGTCGGCCATATGCTGCGTGGCGTCGATGCCATCGACGTAGTCCATCGCAATCCACAGCTGCCCGTCGAACTCACCGCGATCATGAACCTCCAGGATGTGCGGGTGAAATAGCCGCGCGGCAACCTCGGTCTCCCGTTGAAATCGGCGGCGAAATTCGTCGTCCGCAGCCATCGCCGGCGAAAGCACCTTCAGCGCCTGCCAGCCGGGGAATCCGGGATGTTGCACGAGGTAGACCTCACCCATCGCGGAACAACCCAGCATCCGCACGACGGTGTAGCCGGCAAAGGTCACGCCGCTGGCCAACGCCATTGGCCGATAGTAACCGCGTTCGGCACGGCCCGCGCGGCCAAAGCTAGGGCCCAAAAGTCCTGCCGCGCAAAATCACCAGATCGGGATGCTGCAGCACACCCGGACCCTGCCGCGGATCCTGGGCGTAGCACAACAGGTCGGCCGATGCCCTATCGTCCAGCCCGGGCCGGCCCAGCCAGCGTCGAGCATCCCAGCACGCCGCGCCCAACGCCTCGTGCGCGGTCATCCCAATCCTCTGCAGCGCCGCTACCTCGTCAGCGATCCGTCCGTGCTCGATCGTGCTGCCCGCATCGGTGCCCGCGTATACCGGCACCCCCGCCTCCCGCGCCGCAGCGACCCGCCCATAGCCGCGGGCATACAGGTCGCGCATGTGCGCGGCATAGGTTGGATAGCGCCCTGCCGCATCGGCAATGCCCGGAAAGTTTTCCAGGTTGATCAGCGTGGGGACCAACGCGGTGCCGTGCTCGAGCATCAAGGCGATGGTGTCGTCGGTGAGGCCGGTGCCGTGCTCGATGCAGTCGATGCCGGCGTTGATCAAGCCGGGCAGCGCGTCCTCGCTGAAAACGTGCGCGGTGACCCGGGCGCCCTGAGCGTGTGCCGTGTCGATGGCGGCTTTGAGCACGTCATCGGACCACAACGGGGCAAGATCGCCGATTTGACGGTCGATCCAGTCACCGACCAGCTTGACCCAGCCGTCACCGCGGCGGGCCTGCTCGGCTACCGCTGCCGGCAGCTGGGATTCGTCTTCGAGCTCGACCGCGAAGCCGGCGATGTAACGCTTGGGTCTGGCCAGGTGCCGTCCGGCGCGGATGATGCGGGGCAGGTCTTCGTGGTCGTCAAGGCCGCGGGTGTCGGTCGGCGAGCCGCAGTCCCGCAACAGCAGCGCGCCGACGTCACGTTCGGTCTCGGCCTGAGCGATCGCCTCGTCGAGTTCGACGTTGCCGTGTTTCCCAAGCCCGACATGGCAGTGCGCGTCGACCAGCCCGGGCAGGATCCAGCCGCCGTCAAAGACGGTGTCGGCTCCTGCCACCGGTTCGGTGCTAATGCGGCCGTCGACGATCCACAGTTGGATCGCCGTCTCGTCGGGCAGGCCCAAACCTCGCACGTGCAGGCGCACGGCGCGGCTACGGGGCCTGATGGTGTCGACCCGCTTCACCCGGCTCCGCCGCACTCGCGATCGCCACTACTTCTTGCCTGGGAACTTCAGCTTGGACAGGTCGAAGTCGGCCAGGCCGGGCGGCAGCTCGTCGAGACCTTTGGGCATCTGTGAGAGATCAGGGAGCCCCCCAGGTAGCCCAGCCAAGCCCGGCATCCCGGGCACGCCGAACGGGCTCTTGACCTTCGGCGGCGTCGGACCGCGCGTCCCCTTCTTACTCTTCTTGCCGGATTTGCCTTTTGCGCCCTTGCTCTTTCGCGTCGCGGATTTGCGCCCTATGCCCGGTATGCCCATGCCCCCGAGCATGGACGACATCATCTTGCGGGCTTCGAAGAAGCGCTCGACCAGCTGGTTGACCTCGGACACCGTGACGCCCGAGCCGTTGGCGATGCGCAGCCGCCGCGAGGCATTGATGATCTTGGGGTCTGCCCGTTCCTGCGGCGTCATGCCGCGAATGATGGCCTGGACACGATCGAGTTGTTTGTCGTCGACCTCGGCCAACGCGTCCTTCATCTGAGCCGCGCCGGGCAGCATGCCCAGCAGGTTGCCGATCGGGCCCATCTTGCGTACCGCGAGCATCTGCTCGAGGAAGTCCTCCAGGGTCAGCTCGCCGGCGCCGATCTTGGCTGCGGCCTCCTCGGCCTGTTGTGCATCGAAGACCTGCTCGGCCTGTTCGATCAGGCTCAGCACATCGCCCATGCCCAAGATGCGACTGGCCATCCGGTCCGGGTGGAAGACGTCGAAGTCCTCCAGCTTCTCCCCGGTGGAGGCGAAAAGGATTGGAACACCGGTCACTTCGCGCACCGATAACGCGGCACCACCGCGGGCGTCACCGTCGAGCTTGGTCAAGGCCACACCGGTGAACCCGACGCCCTCGCCGAACGCCGCAGCGGTGGTGACCGC
NZ_CP041847.1_gap92	3221114	3224092	2978	GTGCGGCTAGTTTCATAACGCGTCGTGTCCGCGTTCACCGGTGCGCACCCGCACGATGGTGTCTACCGGACTCACCCACACCTTGCCGTCGCCGATCTTGCCGGTGCGCGCCGCCCGGACAATGCTGTCCACGACCTTGTCGACAATGGAATCGTCAACAACGACCTCGATCCGAACCTTCGGTACGAAATCCACCGAGTATTCGGCCCCGCGGTAAACCTCCGTGTGGCCCTTCTGCCGTCCGTATCCCTGGATTTCACTGACCGTCATCCCCAGCACTCCCGCGTCCTCGAGGCTCGTCTTGACGTCGTCGAGCGTGAACGGCTTCACGATCGCAGTGATCAGCTTCATTTCGGCTCCGCCTCCACTTTCTGGCCTATACGCTCCTGAATGCCGTTGCGGCTATCCTCCACGGTGACCCGCGGGGGGAGAACCGAGCCGCTGGCGACGGCGAAATCGTAGCCGCTTTCCGCGTGCTCAGCCTCGTCGATGCCGGTGCTCTCTTGCTCCGCGTCAAGCCTGAGCCCGATGGTGAATTTCAGGATCAATGCCAAGATCAGGGTGATGATTCCAGAGTAGACGAGAACACTGCAGGCACCGAGCGCCTGTCGTTCCAGCTGGGCGAAGCCTCCGCCGTAAAACAACCCCTTCGATACCCCGGCCACACCATTAATTGCCGGAGCCTCCGGAGCTGCCAGCAGACCCACCAGCAGTGTGCCCACCAGACCACCAACCAGGTGCACCCCGACCACGTCGAGCGAATCATCGAAGCCCAGTTTGAATTTCAGCCCCACCGCCAGCGCGCACAGCACCCCGGCCGACACGCCTACCGCCAAGGCACCCAGGACATTAACCGACGAGCAGGACGGCGTGATGGCGACCAGTCCGGCGACGATGCCCGACGCCGCGCCCAGCGTCGTAGCCTTGCCATCTCGGACGCGCTCCGTGAGCAGCCAGCCAAGCATGGCCGCGGCCGTCGCAATCGTGGTGGTGACAAACGTCGCCCCGGCAACACCGTTGGCGGTCGTCGCCGATCCTGCGTTGAACCCGTACCAGCCGAACCACAGCAGGGCGGCCCCGAGCATCACAAACGGCAGATTGTGCGGTCGAAACAGCGTCGCCGGCCAACCGCGTCTTTTGCCCAGCACGATCGCCAGCATCAAGGCCGCCACACCGGCGTTGATATGAACCGCGGTGCCGCCGGCGAAGTCGATGGCGTGCAGCTTGTTGGCGATCCAGCCGCCGTGCTCAGCGGCGAAACCGTCAAATGCGAAGACCCAGTGTGCGACCGGGAAATAGACGAACGTCGCTCACAAACCGGCGAACAACAGCCAGGCGCCGAACTTCAACCGGTCGGCCACCGCCCCGGAGATCAGCGCAACCGTGATGATCGCGAACATCAGCTGGAATGCCACAAACACGGTCGCCGGCAGGGTACCCGCCAGCGGAATATTCACCGCGGCGGTCTGCGTGCTCGGATCGGCAGCAACAGCATTGACGCCGATGAGACCTTTGAGACCCCAGTATTGGCTCGGGTTGCCGGCGATGTTGCCAACGTCATCACCGAACGCAATCGAGTAGCCGTAAAGCGCCCAGAGCACCGTCACGACACCCATCGCGCTGATGCTCATCATGATCATGTTCAGGACGCTCTTGGAACGCACCATGCCGCCGTAGAAAAATGCCAGACCCGGCGTCATCAACAGCACGAGCGCGGAACTCACCAGCATCCAGGCGGTGTCGCCGCCATCCGGAACGCCCATGATGGGGAATTGGTCCACTCGCTATCACCTCCAGTCGAGCGTTGGCACGGCCCCAGCCTTACGACTGACGACCTGATCCAGAACCATGCGCACTAGTTGTTGCGGCGATGGTGCCGCCATGTTTCATCAGGATTAACGTAAAACTTGCTGTGAAAGAGCTTTCCGTGGCGATCGCAAGCGCGGCGCAGCCGCGCGCAGCGGGTCGCCACCATCAGACCCCGTGGCGATCGCAAGCGCGGCGCAGCCGCGCGCAGCGGGTCGCCACCATCAAACCCCGTGGCGATCGCAAGCGCGGCGCAGCCGCGCGCAGCGGGTCGCCACCATCAAACCCCGTGGCGATCGCAAGCGCGGCGCAGCCGCGCGCAGCGGGTCGCCACCATCAAACCCCGTGGCGATCGCAAGCGCGGCGCAGCCGCGCGCAGCGGGTCGCCACCATCAAACCCCGTGGCGATCGCAAGCGCGGCGCAGCCGCGCGCAGCGGGTCGCCACCATCAAACCCCGTGGCGATCGCAAGCGCGGCGCAGCCGCGCGCAGCGGGTCGCCACCATCAAACCCCGTGGCGATCGCAAGCGCGGCGCAGCCGCGCGCAGCGGGTCGCCACCATCAAACCCCGTGGCGATCGCAAGCGCGGCGCAGCCGCGCGCAGCGGGTCGCCACCATCAAACCCCGTGGCGATCGCAAGCGCGGCGCAGCCGCGCGCAGCGGGTCGCCACCATCAAACCCCGTGGCGATCGCAAGCGCGGCGCAGCCGCGCGCAGCGGGTCGCCACCATCAAACCCCGTGGCGATCGCAAGCGCGGCGCAGCCGCGCGCAGCGGGTCGCCACCATCAAACCCCGTGGCGATCGCAAGCGCGGCGCAGCCGCGCGCAGCGGGTCGCCACCTCGGCTAGCCGAGCAGGGCGTCGACGAATGCGGCGGGTTCGAAAGGCGCCAGGTCATCGGGGCCTTCACCAAGCCCGACCAGCTTCACCGGCACCCCAAGTTCCTGTTGAACGCGGAACACAATGCCGCCCTTGGCCGTTCCGTCCAGTTTGGTGAGCACCGCGCCGCTGATGTCGACGACCTCGGCGAACACTCTGGCCTGCGCCAACCCGTTCTGTCCGATCGTGGCATCGAGCACCAGCAACACCTCGTCAACGGACGCTCGCCGAGTCACCACGCGCTTGACCTTGTCCAGCTCGTCCATCAGGCCAACCTTGGTGTGCAGCCGCCCGG
NZ_CP041847.1_gap93	3225687	3229184	3497	CGCCAGCGGGTTGACCCTGCCCAACTCGGCAAGCGCACGCTCGGCGCGTTTGGCCCGGCGCTCCTGGGTAACCCGGTCGAACGGCATGGGGGCGGGCGCAATCACCTGCTCGCCGCGTTCGCGGGCTTGCTCGAACTCAGCCATCTCGAGCTCGGTCGGTGGTAGCGCCACATGTGGACCGTATTCGGTGATCAAGTCGGCCGGCGCCATTCCGAACTGCTCTAGCACCATCTGCTCAAGCTGCTCGATACGCAGCGCCGCCTGCGCGTTAGCCAGCTCGTCGCGGTGCAGCGAATCGGTGAGTTCCCCCACTCGGGCGCTCAGCGTGTTCACCTCGTCGCGCACCGCGGCCATCGCCGCTAACCGCTGCTGACGTTGCGCGGCCGACGCGTCGCGCAGTTGCGACGCCCCGTCCACCGCCCGGTGCAACCGCCCGGCCAGCAGCCGTCCGCAGTCGGCGACCGCTGCGGCCACCGCGGCCGCATGCAGTCTTGCGGCGCGTGCTTGCTGAGCCCGCACCCGCGCCTCACGTTCCGCCGCAGCCGCACGGCGCAGCGAATCGGCCCGCCCGCGAACCGCGTTGGCGCGTTCCTCGGCGGTGCGCACCGCCAGCCGGGCTTCCACTTCGACACCGCGGGCGCGATCGGCAGCGGCACTGATCGCCTGGCGGTCGATCGGTTGGGCCACCTGCACCCGTTGGGTCTCCTGGGCCTTACGCAGCTGGGTCTCAAGTTGTATGACGTCGTCGAGAGTCTGTGTGCGCACGGCTTCCTGTTCCGTACGCTGCTGCAGCAACCGGTTCCACTCTTCTTCCGCCGCGCGGGCCTCCTGCCCGAGGCGGCCCAGCTGCTCGTACATCGCCGAGATGGCCGTGTCGGATTCGTTAAGCGCGGCCAAGGCTTGCTCGGCCGCGTCCTGGCGGGCGGACTGCTCGGTCAGCGCACCGGCCAGGGCCGCATTCAATTGCGCCGCCAGCGCCTCGGCAGCGGCCAGCTCACTCCTGGCCTTGTCGATCTCGGAGGTGACCTCCAAGGTGGACAGCTTGCGGTCCGATCCGCCGCTGACCCAGCCGGCGCCCACCAGATCACCGTCAACGGTGACCGCGCGTAGCTCCGGACGAATCTCGACCAGGCCCATTGCCTCAGTCAGGTCGTTGACCACCGCGACACCCGAAAGCATGGCGATCATCGCGCCAACCAACTGCGGTGGAGACTCGACCAGGTCTAGGGCCCACTGGGCGCCGCTAGGCAGCATCTCCCCCGAGGCGGATTGGGGGGCTTGCGGGGCCGGCCAGTCACTCAGCACGAGGACCGCGCGACCGCCGTCGGCTTGTTTGAGTGCGCTGACGGCACTACCCGCGGCAGTCAGGCCGTCCACCGCAAGTGCGTCGGCCGCCGGCCCGAGCGCCGCGGCCAGTGCCGCTTCATAGCCGGAACGTACCTTCACCAATTGGGCGATCGAACCGAAAAGCCCTGCGCCACTGCGATTGTGCGCCAGCCACGCCGCGCCGTCCTTGCGCTGTAGCCCCACTGCGAGCGCATCGATGCGAGCCCGTAGCGATGCCACCTGGCGTTCGGCGGCGCGTTCGGCGGATTGCAGCTCGGCGACGCGTTCGTCGGCCAACCGCAACGCGGCCACAGTACGCTCGTGGTGCTCATCCAGGCCGACCTCGCCTTGATCCAGTTCACCGATGCGGCCCTGCACGGTTTCGAACTCGGCTCGGGTCTGCTGGGCGCGCATTGCGGCATCCTCGATCCGCTCGGACAACCGTGCCACGCTCTCATCGATCGATTCGACACGCGCCCGCATGGTCTCCACCTGGCCAGCCAGCCGCGCCAGTCCCTCACGGCGGTCCGCCTCCTCCCGGACCGCCGCCAGGTGTGCCCGGTCGGCCTCGGCGGCGCGGCGCTCCCGGTCGGCCAGCTCTGCACGGGCAGCATCGAGTCGGGCACGCGCCGCGTCCAGCTCCGCTAACAGTTGTTGCTCGGCGACGGCCACCTGCTGGGCCTCGGCTTCTAGCTCCTCGGGCTTTCTGGGGTCGGTGTCGCTGACCGCTACCGGCTCGATATCGAGATGATGGGCGCGTTCGCTGGCGATGCGCACCGTAGCGTCCACCCGTTCGGCCAGCGCAGACAGCCCGAACCAAGTGTGCTGGATCGACTCGGCCCGCGTCGAGAGTTCGGCGACCGCGGACTCATGCGCGGCCAGCTCCTCGGATGCCACCGCCAGCCGGGCGGCGGCCTCGTCATGCTCGCGGCGCATCGCAGCCTCGGCCTGAAAGACCGCTTCCCGTTCGGCTCTGCGGCTTACCAAGTCGTCGGCCGCCAGGCGCAGCCGGGCGTCGCGCAGATCGGCTTGGATGGCCGCGGCACGCTGGGCCGCCTCGGCCTGCCGGCCCAGCGGTTTGAGTTGACGCCGGAGCTCGGTGGTCAGATCGGTGAGCCGGGCCAGGTTCGCCGCCATCGTGTCGAGTTTGCGCAGAGCTTTTTCCTTGCGCTTGCGATGCTTGAGCACACCGGCGGCTTCCTCGATGAACGCCCGCCGATCCTCAGGCCGCGACTGCAAGATCTCCTCGAGCTTCCCTTGCCCAACAATCACATGCATCTCACGGCCGATGCCGGAGTCGCTCAGCAACTCCTGCACATCCATCAAACGGCAACTGCTGCCGTTGATTTCGTATTCGCTGGCACCGTCGCGAAACATTCTTCGGGTGATCGACACCTCGGTGTATTCGATAGGCAGTGCGTTGTCGGAGTTGTCGATGCTAACGGTGACTTCGGCGCGGCCCAGCGGCGCACGCGACGAGGTGCCGGCGAAGATGACGTCTTCCATCTTGCCGCCGCGCAGCGTCTTTGCCCCCTGCTCCCCCATCACCCACGCCAGGGCATCGACCACATTGGATTTGCCGGAGCCGTTGGGCCCAACGACGGCCGTAATGCCCGGCTCGAAGCGTAAAGTCGTCGGCGCGGCGAAGGACTTGAAGCCCTTCAACGTCAGACTCTTGAGGTACACGAGGGGCCAGATTACCGCTCGCTGAACCCGGTGATCTGCTCCGTCGACTGCGACCAGTCGGCGACGACTTTGGCGACGCGGCCCGGTGTCGTGTCGCCCTGCAGCAGCTGCAGCAGCTTCTGGCACGCAGCGCGCGGACCCTGGGCGACCACCAGCACGCGTCCGTCGGCGTGGTTGGCCGCGTAACCGGTCAGGCCGAGCTCCAACGCTCGGCAGCGGGTCCACCAGCGGAAACCGACTCCCTGCACCCACCCGTGCACCCAGGCGGTCAGCCGCACGTCAGGCGCCGACATCGACGACCTCCAAGTTGACCGTGCCCGACTTGAGGGTGCGCCCGACGGTGCACGCCAGCTCCACCGCGCGGTTGATGACCACCAGCAGACGCTCCTTTTCGTCCTCGGTGAGGCCCGACAAGTCGAGCTCCATGGTCTCCTCGATCAGGGGATAGCGCTCCTGGTCGCGGTCGGCCGCACCGGATACCTTGA
NZ_CP041847.1_gap94	3237443	3240644	3201	CGGCCGATCCAACGGGCTGATGGCCCCCAACCCAGCGGCCCAGATGGCGGTGCTGCGTGCCGCCTACACCAACGCGGGGATGCAGCCCAGCGAGGTCGACTACGTCGAAGCGCACGGAACAGGGACGCTGTTGGGCGACCCGATCGAAGCCCGCGCTCTCGGAACGGTGCTGGGTCGCGGCCGGCCCGAGGATTCTCCGTTGCTCATCGGCTCTGTCAAGACCAACCTCGGTCACACCGAGGCTGCGGCTGGAATCGCGGGCTTCATCAAGACGGTGCTGGCTGTGCAGCATGGCCAGATTCCGCCAAATCAGCACTTCGAAACCGCGAACCCGCACATTCCCTTTACCGACTTGCGGATGAAAGTCGTTGACACACAAACTGAATGGCCGGCAACGGGCCATCCCCGCCGTGCCGGTGTGTCGTCGTTCGGCTTCGGTGGCACAAACGCGCACGTGGTGATCGAGCAGGGCCAGGAGGTGCGCCCCGCGCCTGGACAAGGCTTAAGTCCGGCGGTGTCGACCCTGGTAGTGGCCGGCAAGACTATGCAGCGGGTGTCCGCGACCGCGGGGATGCTAGCCGATTGGATGGAAGGGCCCGGCGCTGACGTGGCCTTGGCCGACGTGGCCCACACCCTCAATCACCACCGATCGCGGCAACCCAAGTTCGGCACGGTGGTGGCCCGTGACCGTACCCAGGCGATAGCCGGATTGCGTGCGCTGGCCGCCGGCCAACACGCCCCCGGCGTGGTCAACCCTGCCGAGGGCTCGCCGGGGCCGGGCACCGTGTTCGTCTACTCCGGCCGCGGTTCACAGTGGGCTGGCATGGGCCGTCAATTGTTGGCCGACGAGCCGGCTTTCGCGGCCGCGGTCGCCGAATTGGAACCGGTGTTTGTCGAGCAAGCCGGCTTTTCGTTGCACGACGTGCTGGCTAACGGCGAGGAACTGGTCGGTATCGAGCAGATTCAGCTCGGGTTGATCGGGATGCAGCTGGCCCTGACCGAATTATGGTGTTCCTACGGGGTGCGGCCCGACCTGGTGATCGGCCACTCCATGGGCGAGGTGGCCGCCGCCGTGGTCGCCGGGGCACTGACCCCGGCCGAGGGTCTGCGGGTGACCGCCACCCGGTCACGGCTGATGGCACCGTTGTCCGGCCAGGGCGGCATGGCACTGCTGGAACTCGACGCGCCCACTACCGAGGCGTTGATTGCCGACTTCCCACAGGTGACGCTCGGTATTTACAACTCACCACGGCAAACGGTGATCGCCGGGCCCACCGAGCAGATCGATGAGTTGATCACTCGCGTGCGCGCTAGGGACCGATTCGCCAGCCGGGTCAATATCGAAGTGGCCCCGCACAATCCGGCCATGGATGCTTTGCAGCCGGCGATGCGTTCGGAGCTGGCCGATCTGACCCCACGGACCCCCACCATCGGAATCATCTCCACCACCTACGCAGACTTGCACACCCAACCGGTCTTCGACGCCGAACACTGGGCCACCAACATGCGCAACCCCGTGCATTTCCAGCAGGCCATCGCTTCCGCCGGTAGCGGCGCCGACGGCGCCTACCACACCTTCATCGAAATCAGCGCACACCCGCTGCTGACCCAGGCCATCATCGACACTCTGCACAGCGCTCAACCCGGAGCCAGATACACCAGCCTCGGGACCCTGCAACGCGACACCGACGACGTCGTGACCTTCCGGACCAACCTCAACAAGGCCCACACCATCCACCCACCGCACACCCCCCACCCCCCCGAGCCACATCCGCCCATCCCCACCACCCCGTGGCAACACACCCGTCACTGGATCACCACCAAATATCCGGCCGGCTCTGTTGGATCGGCCCCCCGAGCGGGCACACTGCTCGGCCAACACACCACCGTCGCCACGGTCTCAGCGAGTCCGCCCTCCCACCTCTGGCAAGCAAGGCTGGCTCCGGACGCCAAGCCGTACCAGGGCGGTCATCGATTCCACCAAGTCGAGGTGGTCCCAGCTTCTGTTGTGCTGCACACAATCCTTTCCGCTGCAACAGAATTGGGCTACTCCGCGTTGTCCGAGGTCCGATTCGAGCAACCCATTTTCGCCGACCGGCCACGTCTAATCCAGGTCGTCGCCGACAACCGGGCGATCAGCCTGGCCTCGAGTCCGGCTGCCGGAACACCCTCAGACCGGTGGACGCGGCATGTTACCGCACAACTTTCCTCGTCACCGTCGGATTCGGCCAGCAGCTTGAACGAGCACCATCGCGCCAACGGGCAGCCGCCCGAACGTGCTCACCGCGACCTGATTCCCGACCTGGCCGAGCTGCTCGCAATGCGCGGCATCGATGGCCTGCCTTTCTCATGGACCGTCGCGTCGTGGACACAGCACTCGAGCAACCTCACGGTTGCGATCGATCTCCCCGAAGCTCTGCCCGAAGGGTCGACTGGGCCGCTCCTTGACGCCGCGGTGCACCTCGCCGCGCGATCGGACGTCGCTGATTCGCGGCTCTACGTGCCGGCAAGCATCGAGCAGATATCGCTCGGCGATGTCGTCACCGGGCCGCGTAGCTCGGTGACGCTGAACCGCACCGCTCACGACGACGACGGGATCACCGTCGATGTCACCGTTGCAGCCCACGGCGAAGTGCCGTCCCTGTCGATGAGGTCGCTTCGATACCGGGCTCTGGACTTTGGCCTAGACGTTGGTAGGGCGCAACCGCCCGCGTCGACCGGTCCGGTCGAGGCCTACTGTGATGCCACCAATTTCGTACACACGATCGACTGGCAACCGCAGACCGTTCCGGACGCGACGCACCCAGGGGCCGAACAGGTAACCCATCCAGGACCCGTCGCGATAATCGGCGATGACGGCGCAGCGCTGTGTGAGACCCTCGAAGGGGCGGGCTACCAGCCGGCCGTGATGTCCGATGGGGTGTCGCAGGCCCGCTACGTCGTTTACGTCGCGGATTCTGATCCGGCTGGCGCCGACGAGACCGACGTCGACTTCGCCGTCCGGATCTGTACCGAAATCACCGGTCTGGTGCGGACTCTCGCGGAACGCGATGCGGATAAGCCCGCGGCGCTATGGATCCTCACCCGCGGAGTTCACGAATCGGTCGCCCCGTCCGCGCTGCGCCAGAGTTTCCTGTGGGGCCTTGCCGGTGTCATCGCCGCCGAACATCCCGAGCTGTGGGGCGGACTGGTCGATCTCGC
NZ_CP041847.1_gap95	3421763	3422475	712	CCTACGTCCCGGGCGGGTGTCGGAAGTTTCATTGATCGGGATCGGACTGCTGCTGCTCGCCGTTGTCTCCGGTGATTGGGTTGCCCATACCTCCTGGGGCGCAGCGTGGTTCAGCTTGTCACCGGTGACACTGTGTTGGCTTCTCATCAGCTATGGCTTCGCAGCTTCGGTGCTGCCGGTGTGGCTGCTGCTCGCGCCACGCGACTACCTGTCAACGTTCATGAAGGTCGGCACCATCGCGCTTCTCGCGATCGGTGTTTGTGCGGCTCACCCGATCATCGAGGCCCCAGCGGTGTCGAAATTCGCCGGTAGCGGCAACGGCCCGGTGTTCGCCGGCTCACTGTTTCCATTCCTGTTCATCACCATCGCGTGCGGGGCGCTGTCTGGATTCCACGCGCTCATCTGCTCGGGCACGACGCCGAAGATGCTGGAGAAGGAAGGCCAGATGCGCGTGATCGGCTACGGCGGCATGATGACCGAGTCCTTCGTCGCCGTCATAGCACTACTCACCGCGGCGATCCTCGACCAGCACCTATACTTCACCCTCAACGCGCCGTCCCTGCATACCCACGACAGCGCAGCCACCGCCGCCAAGTACGTCAACGGGCTCGGTTTGACGGGCTCACCGGTGACCCCAGACCACATCAGCCAGGCCGCCGCCAGCGTCGGCGAACAGACGATCGTGTCGCGCACCGGCGGTGCGCCGACGCTG
NZ_CP041847.1_gap96	3423863	3426889	3026	ATACCAGCCGGGCCAGGATCCAAATTCGACGGGTTGAGCCGAGGTGACGGGCCAGCCGAAAAGGATCATCGATCCGTAGCCGGCGAACAGCAGCCCGTATACCAACCGAAAGAGGCTCAGCACAGCCGGCAAACAGCCGGCGAGCCGACGGTCGAGATCTTTCACCATGACACGACGTTACGGGGATCGACCGCGCGAACGCTGGGCGGATTTTGTCTCCCACCGGTGTGCCTACTCACGTGTGGACGCACGAGCCTCCTTTGTGTACATTTGTACATGTACAAATGTACACAAAGGAGGGGTCTTGATCTACCTATACCTCTTGTGCGCGATCTTCGCGGAAGTGGTGGCAACCAGCCTGCTCAAAAGCACGGAAGGGTTCACTCGGTTGTGGCCCACGGTGGGCTGTCTAGTGGGTTATGGCATCGCTTTCGCGCTGCTGGCCTTGTCGATCTCGCACGGCATGCAGACGGACGTCGCCTATGCGCTGTGGTCGGCAATCGGTACGGCCGCCATTGTGCTGGTCGCCGTACTGTTTCTCGGCTCGCCGATATCTGTGATGAAGGTGGTTGGCGTCGGCCTGATTGTCGTCGGCGTGGTCACGTTGAACCTGGCGGGTGCCCATTGACCGCAGGCTCCGACCGCCGTCCACGCGACCCAGCCGGTCGCCGGCAGGCGATCGTCGAGGCGGCCGAGCGCGTGATCGCTCGCCAGGGCCTTGGCGGGCTGAGCCACCGCAGGGTTGCCGCGGAGGCCAATGTACCGGTCGGGTCGACGACCTACTACTTCAATGACCTCGACGCGCTGCGGGAAGCCGCGCTCGCGCACGCCGCAAACGCCTCGGCCGACCTGTTGGCGCAGTGGCGCAGCGACCTCGACAAGGACCGCGACCTGGCCGCGACCCTGGCCCGGCTCACCACCGTCTACCTGGCCGACCAGGACCGCTATCGCACGCTCAACGAGTTGTACATGGCGGCAGCTCATCGACCGGAACTGCAGCGCTTGGCCCGGCTGTGGCCAGATGGTCTACTCGCGCTGCTCGAACCGCGCATCGGTCGACGAGCCGCCAACGCGGTCACCGTGTTTTTCGACGGCGCTACGCTGCACGCGCTTATCACCGGTACCCCGCTGAGCACCGATGAGCTCACCGATGCCATCGCCAGGCTGGTTGCGGACGGCCCGGAACAGCGCGAAGTGGGACAATCTGCCCATGCGGGACGAACCCCCGACTGACACCGCAGCGGCTCCCACCACCGGTGCGGCACCTGAGATTGACACCGCCCGCGAATACGAAGTAACCGCCGAATACCAGTCCTGGCGGGTCGTCTGGGGAAGCGCCGCAGCATTGCTGACGGTCGGCGTCGGGATAGGCGCGGCCATCCTCCTCGGGTGGTTCACGTTAGCGCACCGGCACCCGGACCAGCCTGGGGCGGCCGCGACACCACCCCCTGCGGGGCTAACAACACGGTCCGCGCCCACCGCCGCCCCGCCGTCAACGCTGCAAAGCCCAGACCTGGACAGCGTCTTTCTTGGCAACCTGCACGATCGCGGCATCTCGTTCACCAACCCCGATGCCGCCGTCTACAACGGCAAGATGGTCTGCACCAATCTCGGCGGCGGCATGACCGTGCAGCAGGTGGTCGAGGCATTGCAGAGTAGCAGCCCTGCACTTGGCGACCGGACAACCGCTTACGTGGCCGTCTCGATTCGCACGTATTGTCCGAAGTACGACGCTGTGCTGCCACCGGGATCCTGAGTGGAGCTAAGGGGACTCGAACCCCTGACCCCCACACTGCCAGTGTGGTGCGCTACCAGCTGCGCCATAGCCCCATGAAGTGATGCCCATCGAAGCTACACCACCGCCGGAAAGCGTTCAAAGCCCCAGGTCAGCGAGCCTCACCCGATGACCCGATCGACCACTTCGCGGGCGGTCTGCTGCACCTCGACCAGATGTTGCGGTCCACGGAAGGACTCCGCGTAGATCTTGTAGACGTCCTCGGTGCCCGACGGACGCGCGGCAAACCACGCATTGGCCGTCGTCACCTTCAATCCGCCCAGCGCAGCACCGTTGCCGGGCGCGGTCGTCAGCTTTGCGGTGATCGGCTCACCGGCCAACTCGGTGGCGCTCACCTGGTCGGCCGACAGCCTGGCCAGGCGGGCTTTCTGCTCCCGATCGGCGGGCGCGTCGATCCGCGCATAGCACGGCCCACCGTACTCGCCGGCCAGCGCGTGATATCGCTGCGACGGCGTAGCCCCGGTGACCGCCAGGATCTCGGCGGCCAGCAGCGCCATGATGATGCCGTCCTTGTCGGTGGTCCATACCGATCCGTCCCGTCGCAGAAATGATGCCCCCGCCGATTCCTCGCCGCCGAAGCCCAAGGTGGCGCCGATCAGACCGTCGACGAACCATTTGAATCCGACCGGTACCTCAACGAGTTGACGGCCGATCCCGGCGACCACCCGGTCGATGATCGACGAGCTGACCACCGTCTTGCCCACGGCGATGCCGGCCGGCCAGGACGGGCGGTGGGTGTAGAGATATTCGATGGCCACGGCCAGATAGTGGTTAGGATTCAGCAGCCCTTCGTCAGGGGTGACTATGCCGTGTCGGTCGGCGTCGGCGTCGTTGCCGGTGGCGATCTGGTAGCGCTCCCGGTTGCCGAACATCGTTCGGATGAGCCCAGCCATCGCATCCGGTGAACTGCAGTCCATCCGGATCTTCCCGTCGGTGTCCAGGGTCATGAACCGCCAGGTTGCGTCGACCAGCGGATTGACCACGGTCAGGTCTAGGCCATGCCGGTGGGCGATCTCACCCCAGTAATCCACGCTGGCCCCGCCGAGCGGGTCGGCGCCGATCCGCACCCCGGCCTCGCGAATGGCGGCGATATCGACCACGTTCGGCAGGTCATCGACATAGTGGCCCAGGTAGTCGTGTCGCTGGGCGGTGCGTAACGCGCGGGCCAGCGGCAACCGCTTCACCATCGACCGAGCGAGCAGAATCTCGTTGGCACGCTTGGCTATTGCGG
NZ_CP041847.1_gap97	3428065	3430441	2376	GACGCAGCCTTACTGGCCGGCACGGGGTTCGTCGGCGCCTACACCACCTTTTCCACCTGGATGCTAGAAACCCAACGGTTGGGAGAGGACCGCCAGATGGTTTCGGCATTGGCCAATATCGTCGTCAGCGTTGTGCTCGGTCTAGCCGCGGCGCTACTCGGTCAGTGGATCGCCCAGATATGAACGAGCAATGCCTGAAGCTGACCGCGTATTTCGGCGAGCGGCAACGCGCTGTCGGCGGGGCGGGGAGGTTTCTGGCCGATGCGATGCTGGATCTGTTCGGCTCCCATAACGTCGCGACCAGCGTGATGCTGCGCGGTACCACCAGTTTCGGGCCAAAGCACGAGTTTCGCTGCGATCAATCGCTGAGCCTGTCCGAGGACCCGCCGGTGACCGTCGCCGCCGTCGACATCGAATCGAAAATCCGCTCCCTGGTCGACGACGTCACAGCGATGACCGACCGCGGCCTGGTGACCCTGGAACGGGCGCGACTGGTCACCCGGCACAGCGGCGCCGAGGAATTCGGCGACATCGACAGCCGAAACGGAGATGCCGCCAAGCTCACCATCTACGCCGGCCGCCAGGTGCGGGTTGCCGGGGCGCCGGCCTACTACACCATCTGCGAGCTTTTGCATCGACATGGATTCGCAGGTGCCACAGTGCTGCTCGGCGTCGACGGCACGGCACACGGTCGGCGCCGCCGGGCCCGGTTCTTCGGCCGCAACGTCAATGTTCCACTGATGATCATTGCCGTCGGAACGCCTGCACAGGTTGCCGTGGCCGCAATGGAACTCACCGCAGCACTGCCTAACCCGCTGCTGACCATCGAACGGGTGCGGCTGTGCAAGCGCGACGGCGAGTTGTTCGCCCGCCCCCAACAGCTGCCGCAGACCGATGACCAGGGACGCACCCTGTGGCAAAAGCTCATGGTTCACACCGCCGAAGCAACCCATCATGAGGGGCTGCCGATCCACCGAGCGCTTGTCCATCGACTGATGCAGTCCGAAACGGCGCGGGGCGCTACCGCGCTGCGCGGCATCTGGGGCTTTTACGGCGACCATAAACCCCATGGGGACAAGCTATTTCAGCTGGTGCGTAGGGTGCCGGTGACCACGATCATCGTCGACACACCCCAGGCTATCGCGCGCAGCTTCGACATCGTCGATGAGCTGACGAACTGGCACGGGCTGGTAACCAGTGAGATGGTCCCTGCGGCCGTGTCACTCACCGGGTCACGGGATGGCACGCAAAAGACCGGTGAAACCCCACTGGCGCGCTACGACTACTGAGTGCCAGCCGCCAGATTGGTCAGATCCCACGTCGGGGACGCTTACCCAACCCGCGATGCGAACATCCATTTGTCGGCCAGCGCCGATACCCAGCCCGCTACGACCTCAGGATTATCCGGTGGCACCTCGACCAACACCAACTCGTCAACGCCCAGTTCGCGAGCACATCGACATCACCAACCTGAGGATTAGCCAGGGCCACGGCCAGCCGCAGTTCGCCACGATCACGACCCGACTGTTGCCGTCGAACGATGCGACGTCGTCGCGCCATAATGTGCGCATTGCAGCGACGTATTCGGCGGTGCGCTCTGCGCGCCGCTCGAATGGCACTCCGAGCGCGTCGAACTCCTCCTTGGACCATCCGACGCCACGCCTAGTGTCAGCCGCCTACCACTCAACCGATCCAGGCTCGCCGCTTCTTTGGCCACTATCACCGGGTTGTGCTCAGGCAGCAGTAGCACGCCCGTCGCGACGTCCACCCGCGACGAGGCGGCAGCGGCGAAACTCAACGCGATCATCGGGTCAAGCCAATCCGCCTGTGCCGGAACCGCGATGACGCCGTCGCGGGAGTAGGGATAACGCGACGCGGGCCGGTCCACCATCACGACATGTTCGCCGACCCACAAGGTGGCGAAGCCACAGTCGTCCGCCGCAACCGCGACGGCATCGACGACCGCCGGGTCGGCGCCGGCACCTATTCCAGCGCGTGCAGTCCCAGTCACATCGCACGAGCGTCTCACACAGGCCAATTGGCATTAGCGGCCGTTGAGCAACTGCGCCAAGACGGCCGCATGGCTGCGTGCCACGTGGCGCGTCGCGGTCACCGGGGTCACAACGCTGCGCCCGGTCAGCTTGCGCAGCTCGGCTAGTGCCGCGCTGTCGTGCAGCTCCTCCTGGTAGCGCGACGCGAATTCGTCAAACCGCTCCGGCTGGTGGTGGTACCACTCGCGCAGCTCTTTGGATGGTGCGACGTCTTTGCACCAGATGCCCACCCGCTGGTCATCCTTGCGGATTCCGTGCGGCCAGATGCGATCGACCAGGACACGCTGGCCGTCGTCGGGATCGATGTCTTCATAGACGCGGGCCA
NZ_CP041847.1_gap98	3504296	3506910	2614	TTGCTGCGGGAGGACGGCTGTTGGTCATCGGCTTCACTGGCGGCGAGATTCCCACCGTGAAGGTAAACCGCCTTCTGCTCAACAACATTGACGTTGTCGGGGTAGGCTGGGGCGCCTGGTCGCTGACCCACCCCGATGCGCTGGCCCAGCAGTGGTCACAACTCGAGCGGCTGCTACGCTCGGGCAAGCTGCCTCCTCCCGAGCCAGTGGTCTACCCACTGGACCAAGCCGCTGCGGCGATTGCATCGCTGGAGAATCGCACCGCCAAGGGGAAGGTCGTACTACGCGTGCGCGACTAACGCCCCTCCCGGGACGCGTCGCCGGCGTGCTCTGGCCAATTTGCCGCTTCCTCACTGGTCGCCGTTGGCGTCGGCTACGTCATGCCGCACAACTCGCAGCTTGCCTGGCGCCAGGCACGCGGCGTATCCGTGGTATTTGCCATACAGTTCCCATGCGGTGACGCGATCATCGGGGTGCACGTCGATCTGATGACCGTCGGAGAACTCAAGATGGAGATCTCCGGTGTCATACCAGACGAAAGCTGTGCAGGTTGCCCCGGCGAAATCGAAGAGCGGACGCTCGTGGTCGGCTGGGTCGTTTGGGTCGATGGCGACCACTTCTGCGGGCGAGGTTTCGATGGCCGGCAGAGTCAGCTGTAGTGGTACCGAGATGACCAGCTCGTTGTAATCGTCGAAGTTCAGCACCAGACCGTCGCGGAACATAATCCGCTGAACCGCACAGCCCTCTAACCACTGCTCGGTCATTTCCTGTTCGGTCATATATTCACTCTGGCCTTGTTGTGCCCATATGTCACGTACACAACCGCCGAAATCTCGTGCGGGATTACACCCTAGGCGTACGATGGACACCAGTACCATCTGACACCGTGCCCGACTCCAGCACCGCATTGCGGATCCTCGTCTACAGCGACAACGTCCAGACCCGCGAACGGGTGATGCGGGCCCTGGGCAAACGGTTGCACCCGGATCTGCCCGATTTGACCTACGTCGAAGTGGCTACCGGTCCGATGGTGATACGCCAGATGGATCGGGGGGGCATCGACTTGGCCATCCTCGACGGTGAGGCGACACCGACCGGAGGCATGGGAATCGCCAAACAGCTCAAAGACGAACTTGCCAGTTGCCCGCCCATCCTGGTGCTCACCGGCCGTCCGGACGACACCTGGCTGGCCAGCTGGTCGCGGGCCGAGGCCGCAGTGCCGCATCCCGTCGACCCCATCGTGCTGGGCCGCACGGTGCTCTCACTGTTGCGCGCACCCGCCCACTAACCGGACGCGGCCGGCATTCGCGGCGCGAACGTTCAGCCGCCCCGCATTTGAATCTTCGGGTCCTGTCTTACCCGAGGTCGTAATTGGCCCGCTGCCGCTTCCGGCCGCAACGACGGCGCTGTCTCCTCCGCCGCTGAAGTCTCTGAAGCCTGCTGACCTTGCGCGGTGCGTAGTGTCGATTCCGGAATTCCAGAACCCGCGGATTGGCCTACCCGCGTTGTCGACAGCGGAGCGGCCTTGGCCGCAACTTTCGGATCCACAGTTGGCAGCACCCCCATTGCTGGAACTTCAAGTTCTGGAACTTCCACAACGGCTTCCGGTGGCGCGGAAGCCGCCGGCTCTGGCGCTCGAGCTGACTCGGTGGCAGTTCCCGGGGCAGAGTTAGTGCCGCCACGTGCCATCTGACCCAGAGCGGCGAGCGCGAGCGGGGCACCGATGAAGCCGGGGCTCACAACGCCGGCATGGGCACTGGTAGCGCTCGACGCGACGACGTCTCCGGCGCCAACATCGCCACCGCCGAAATTCCCTTGGCCTACACTGCCATGGGCCGGATCACCGGCCGCTAACCCGGCGCTAGCCACGCCGCCTCCGACGTAGCCGACGCCCCCGCCGCTAGCGGTTGCACCTCCGGTGCCGACGCTCTCACCGCCGCCGGTGCCGACGCTCTCGCCGCCAGTAGCGCCGGTGCCGACGCTCTCACCGCCAGTAGCGCCGGTGGCGCCGGCACCCAAACCCGGAAATCGCTGCAGCAAACTCGCCCACGGCACCACTTGCGCGGCAATCGCCGATGCCCCGGAGTAGTACCCCGACATGGCGGCCACATCCGCGGCCCACATCTCCTCGTACACACCCTCGGCGGCAGCAATCAACGGCGCGTTCTGCCCGAACAAATTCGTCATCACCAGCTGCACGAATGCGTCGCGGTTGGCGGCCACCGCCGCCGGAAGCACCGTCGCCGCCTGCGCCGCCTCGAAGATGCTGGCCACTGCGCGCGCCTGTCCCGCCGCCCCGGCCGACTGAGCCGCTGCCGCGGTCAACCACCCCGCGTAGGGAGCCGCCGCTGCCGCCATCGCCAAGGCTGCCGGACCCTGCCACGCCTGACCCGCCAGCCCGGCCGTGACCGACGCAAATGATTGCGCCGCGGTCCCCAACTCTTCGGCAAGCCCGTCCCAGGCTGCCGCCGCCGCCAGCATCGGCGCAGTGCCTGCACCGATGAACATTCGCAAGGAATTGATCTCCGGCGGCAGCACGACGAAACTCACAGCTCCCGTCCTTCCGCTTCGCTGCTCGATGCCACGCCGACCTCAATACGGCCAACGATTAACC
NZ_CP041847.1_gap99	3603406	3604783	1377	CGTCGCGCGCCGAGCAATCTTAGGCTGCCAGATCGTCGGGTTCGGTGACCGACTTAGCCATACGCTTGCTGCGCCGCCGACCCCGCACGGCGGCAATCGCGGTCTTTAACCCCCGACGACGTCCGGTCACCGGATCGGCGCCCGCGAAACCCGGCCCCAGACCAGCGAACATCCGCTCACTGCGGGTCTCGGGTGCATCGTCAGCGTTGTCACGTAAGTACTTATCCGGCAACGACAGCTTGGCAAGGGTGCGCCAGGTCTTGCCGTACTGCACCAAGAACGAGCCCGTGGTGTATGGCAAGTCGTATCTGTCGCAGACCTCACGCACCCGCACCGAAATCTCGTGAAGCCGGTTGCTCGGCAGGTCCGGATAGAGGTGATGCTCGATTTGGTGGCACAGATTGCCGCTCATGAACCGCAGCGCCGGCCCAGCGTTGAAGTTTGCGCTGCCCAGCATCTGCCGTAGGTACCACTGGCCCTTCGGCTCACCGATCATGTCCGTCTTGGTGAATTTCTCTGCGCCATCCGGGAAATGGCCGCAGAAGATCACCGCGTTGGACCACACGTTGCGGATCACGTTGGCCACCACGTTGGCGGTCAAAGTGGACCGATACGTCGCCCCCGGGGACAACGAGGTCAGCGCCGGGAACGCGACATAGTCCTTGAACACCTGGCGGCCCGCTTTGGCTGAGAATTCACGCAACCGGGTTTTAGCGGCCTCGCGGTCGGCCCGACCCTTGAAGATCTTGCCGATCTCCAAGTGCTGCAGCGCAACTCCCCACTCGAAGCCGATCGCAAGGATGGTGTTCCACACCACGTTGAAGATGTTGTAGCGCTTCCAGCGCTGGTCACGGGTGACGCGCAGCATGCCGTATCCGACGTCGTCATCCATACCGAGGATGTTGGTGTATTTGTGGTGCACGAAGTTGTGGGTGTAGCGCCAGTGCTTGGACGATCCGCTCATGTCCCACTCCCACGTCGAGGAGTGAATCTCCGGGTCGTTCATCCAGTCCCACTGGCCGTGCATGACGTTGTGGCCGATCTCCATGTTTTCGATGATCTTGGCCACGCCAAGGGTCAGGGCACCTGTCCACCAGGCGAGGCGTCGTGAGCTGCCAGCCAGCAGTAGCCGACCGGACACCTCGAGCGCCCGCTGTGCGGCGATGGTGCGGCGGATGTAGCGGGCATCGCGTTCGCCGCGCGATTCTTCAACGTCTCGGCGGATGGCATCTAGCTCGGCGGCCAGGTTTTCAATGTCGGCGTCCGTCAGATGCGCGAATACGTCGACGTCAGTGATCGCCATCGTCTTCTCCCTGCGTCATACGGCCGATGACCTACGCTATCGTAACTTACGATTCCGTAGGTTACCTATGAGTA
NZ_CP041847.1_gap100	3725132	3727904	2772	GCAGTCCGATACGCGTGGGTTCGGGAGAGCCGGTCCTACTGCTACACCCGTTCTTGATGTCCCAAACGGTGTGGGAGAAGGTCGCCCAGCAGCTGGCCGACACCGGCCGCTTCGAGGTATTTGCCCCCACGATGGCCGGCCACAACGGCGGACCGGCCTCGGGCACCCGGTTTTGTCCTCGGCGGTGCTGGCCGACCACGTCGAACGCCAGCTCGACGAACTGGGCTGGGAAACCAGCCATATCGTCGGCAACTCGTTGGGCGGCTGGGTCGCGTTCGAACTCGAACGACGTGGCCGGGCACGCAGCGTGACCGGTATCGCCCCGGCGGGCGGTTGGACCCGCTGGAGTCCGGTCAAGTTCGAAGTGATCGCTAAGTTCATCGCAGGGGCGCCGATCTTGGCCGTCGCCCACATTCTTGGCCAACGGGCGCTTCGGCTGCCGTTCAGCCGCCTGCTGGCCACCCTGCCGATCAGCGCCACACCGGACGGCGTGAGCGAGCGCGAGCTGTCCGGCATCATCGACGACGCCGCGCACTGCCCGGCCTATTTTCAGCTGCTGGTCAAGGCGCTGGTGCTGCCCGGGCTGCAGGAGTTGGAACACACCGCCGTGCCCTCGCACGTGGTGCTGTGCGAGCAGGACCGGGTGGTCCCTCCCAGCAGGTTCAGCCGTCATTTCACCGACTCACTGCCGGCGGGCCACCGGCTCACCGTGCTCGACGGCGTCGGTCACGTTCCGATGTTCGAGGCTCCGGGGCGCATCACTGAGCTGATCACCAGCTTCATCGAAGAGTGCTGCCCGCATGTCCGGGCCAGTTAGCGGGCGCGAGCAGACGCAAAATCGCCCATTTCGGCACGAAATTGGGCGATTTTGCGTCTGCTCGCCCTAATTGGCCAGCTCCTTTTCCAGGTTGTCGGCGATCGCATCGAGGAATTCCTCGCTATTCAGCCAGTCCTGCTCCGGACCGATGAGGATCGCGAGGTCCTTGGTCATCTTCCCGCTCTCCACCGTGGCGATGACGACGGACTCCAGCTTGTGGGCGAAGTCGATGACTTCGGGAGTGCCATCCAGCTTGCCGCGATGCTGTAATCCGCGGGTCCAGGCAAAGATCGACGCGATCGGGTTTGTTGAGGTCGGTTTACCGGCCTGATACTGCCGGTAATGCCGGGTGACGGTGCCGTGGGCGGCTTCGGCCTCGACTGTCTTGCCGTCGGCCGTCATCAGCACCGACGTCATCAGGCCCAGCGAGCCGTAGCCCTGTGCGACGGTGTCCGACTGCACGTCGCCGTCGTAGTTCTTGCACGCCCAGACGTAACCGCCTTCCCATTTCAGGCAGGCGGCGACCATGTCGTCGATCAACCGATGCTCGTAGGTCAGCCCCGCCGCTTCGAACTGCGCCTTGAATTCCTCTTCGTAGACGCGCTCGAACTCGTCTTTGAACATCCCGTCGTAGGCCTTGAGGATGGTGTTCTTGGTGGACAGATATACCGGCCATTTCGCGTTGAGGCCGTAGGAGAACGACGCGCGCGCGAAATCCCGGATGGATTCCTTGAAGTTGTACATCCCCAGCACGACGCCGCCGTCCTCGGGGATGGACACCATTTCGTGCACGATCGGCGCGCTGCCGTCGGCGGGCGTGAAAGTCAGTGTGACGGTGCCCGGTTGGTCGACCTTGAAGTTCGTCGCCCGATATTGGTCACCAAAAGCGTGCCGGCCGATGACGATCGGCTTGGTCCACCCCGGAACCAGTCGCGGCACATTAGAAATCACGATAGGTTCGCGAAAGATTGTGCCGCCCAAGATGTTCCGGATTGTCCCATTGGGCGACAGCCACATCTTCTTCAGGTTGAATTCCTCGACACGGGCCTCGTCGGGGGTGATCGTCGCGCACTTTACGCCCACACCGTGTTTCTTGATCGCATACGCCGCGTCGATCGTCACCTGGTCGTCGGTGGCGTCGCGGTGCTCGATGCCCAAGTCGTAATAGTCCAAGCGGATGTCGAGATAGGGAAGGATAAGCATGTCCTTGATGAGCTTCCAGATGACACGGGTCATCTCGTCACCGTCGAGCTCTACGACCGGACCGCTGACTTTTATCTTGGGTGCGTTGGACATGGGAGTCCACATCAGATTACTAGCAGCCCGCGCGGGCCCCTAGCGGCCGGTAAAGGGCCAGTTGAGACCGCCGGAGTTGTGCTTTGAGTTGGCACTGAGTAGCTGCCATGCGCTAGGCTTCGAGTCGGTCATGAGCGCCAGCGTCAAGCCCCGGCTTGCTGGCCGGCAACCCTCCAACCGCGGTGGGGTGCCCCGGGTGATGACCAGGTTGAGTAGCCATCGCCGGCTGCGCGGCAAGCGCGGGTCCGCCATGACGGGCCCCTGACCAGACGGGGAAAGCTCATGAGCGCCGACAGCAATAGCACCGACGCCGATCCGACCGCGCATTGGTCGTTCGAAACCAAACAGATACACGCTGGTCAGCACCCTGATCCGACCACCAACGCCCGGGCTCTGCCGATCTATGCGACCACGTCGTACACCTTCGACGACACCGCGCACGCCGCCGCCCTGTTCGGACTGGAAATTCCGGGCAATATCTACACCCGGATCGGCAACCCCACCACCGACGTCGTCGAGCAGCGCATCGCCGCGCTCGAGGGCGGTGTGGCCGCGCTGTTCCTGTCGTCGGGGCAGGCCGCGGAGACGTTCGCCATCTTGAACCTGGCCGGCGCGGGCGATCACATCGTGTCCAGCCCGCGCCTGTACGGCGGCACCTA
NZ_CP041847.1_gap101	3729501	3733449	3948	CGGACTGGCAGAGCGGCGACTACCACGAGACGGGGAGGGCACCAGACGCCGGGCTGCGACTCGCCCGCCGCTTCGCGCACCTCACCTACCGCGGCGAGATCGAGCTCGACACCCGGTTCGCCAACCACAACCAGGGCAACGAGGATCCGACGGCCGGCGGGCGCTACGCGGTGCAAAGTTATCTGGAACACCAAGGAGACAAACTGTTATCCCGGTTCGACGCCGGCAGCTACGTGATTCTCACCGAGGCGCTCAACAGCCACGACGTCGGCCGCGGCCGCGGCGGGGTCTCCGCGGCTCTGCGCGCCTGCCCGGTGCCGGTGGTGGTGGGCGGCATCACCTCCGACCGGCTCTACCCGCTGCGCCTGCAGCAGGAGCTGGCCGACCTGCTGCCGGGCTGCGCCGGGCTGCGAGTCGTCGAGTCGGTCTACGGACACGACGGCTTCCTGGTGGAAACCGAGGCCGTGGGCGAATTGATCCGCCAGACACTGGGATTGGCTGATCGTGAAGGCGCGTGTCGGCGGTGACGTGCTCCCGACGCGACATGTCCCTGTCGTTTGGCTCCGCGGTCGGCGCCTACGAGCGCGGGCGCCCCTCGTATCCACCGGAAGCCATCGACTGGCTGCTGCCGGCCGCCGCCCGCCGCGTGCTCGACCTGGGAGCGGGCACCGGCAAGCTGACCACCCGGCTAGTCGAGCGCGGCCTGGACGTGGTTGCCGTCGACCCGATCCCGGAGATGCTGGACGTGCTGCGTGCTGCGCTGCCGCAAACCGTCGCGCTGCTGGGCACCGCCGAAGAGATTCCGTTGGACGACAACAGCGTTGACGCGGTGTTGGTGGCTCAGGCGTGGCACTGGGTGGATCCCGCCCGGGCGATTCCGGAGGTCGCCCGGGTGTTGCGTCCGGGCGGGCGGCTCGGCCTGGTGTGGAACACCCGCGACGAACGGCTGGGCTGGGTGCGCGAGCTGGGTGAGATCATCGGTCGCGACGGCGATCCGGTGCGCGACAGGGTGACGCTGCCCGAGCCGTTCACTACGGTGCAGCGCCATCAGGTCGAGTGGACGAATTACCTGACACCACAAGCCCTTATCGACCTGGTGGCTTCGCGCAGCTATTGCATCACCTCACCGGCGCAGGTCCGCACCAAAACGCTCGACCGGGTGCGGCAGTTGCTGGCCACCCATCCGGCGCTGGCGAATAGCAACGGCCTGGCGCTGCCCTACGTCACGGTCTGTGTGCGGGCGACTCTGGCCTGACGCCGCCTTTAGGGCCCGGTGCCGGTGTAAATCAGGCCCGCCAGTTGCTGGCCGACGTTGCCGAAGCCGGAGACCAGGGCCGAGGTGATCAGGCCCAGCGCGCCGGTGTTGTACACACCCGAGATGTCCGCGCCGCGGTTGAGGATGCCGGAGAGTTGGGTGCCGAAGTTGGCGAAGCCCGACGCCGATCCGAGCAGCGGATCCGAGATCGCGTTGAGCACGCCCGACATGCCCGCGCCGAGGTTGTGGAAGCCCGACAACCCGCCGCCACCGCCGATGTTGAAGAACCCCGACGACGGGACCGCGGTGGTGTTGCCGAATCCCGGGACGGGCGGGATGACCAACCCGGCGTTGATGGGGCCGAGCAGCGCGTTGACGTCGAGAACCACTGGGATTCGGTCGATGGTGATCTCCAGAGGGAAGGCGAAGGCGGGGGTGGCGCCGGACAACGCGAGGCCCAGCGGGAGTTGGGGAATGGTGATTTCCGGGCTCACGAAGGGTCCGATGGTGACGGACAGGGGCAGCTCGACATGGATTGGATCGACGGGTATGTGGAATCCCGGGATGGTGATTTCCGGTGTTAGATGGGTCACGCCAAGCGAACTCAGCAGCACGGTGAATGGCAGAATCTCGCTGGGCGCCGTTTGGATGGCGGGGACATTAACGTTGATGAACCCCAGCAGCGTAAGGCTGAATGGATCGATGATGGAGCCTGAGCTGAATATCGGGCCCACGGTGACACCGGTTGCGGGGTCGAGTCCCAGGGCGGGAATCGTGATGTCCTGGACGGTGATGGGGCCGAGGTCGAAGACTGGGTCGATGCGAACCGTGATCGGGGAAATGGACACCGGCGGGATGGTGAAGCCGCCGATGTGGCCGGTTGCGCTGAGGTCCAAGGGAATTGCCGGAAATTGGATCGACGGAACGATGATGGGTCCGGCGCCGCCGGACGCGTGGATGTTCGCGACAGTGAATTCGGGAATGATGGTGCTGGTGTAGGAGAAGCCGAGCAGGCCCTGGTAGTCGCCCCGCCAGAAGGCGCCGTTGCTGTAGTTGCCGGAGATGAAGGCGCCGGTGTTGACGTCGCCGGAGTTGGCCACCCCGGTGTTGGTGTCACCGGTGTTCAACCAACCCGTGTTGACACTGCCCGGGTTGAAACCGCCGGTATTGGCCTGCCCCGCGTTGAAACTGCCGGTGTTGTAGCTACCCGCATTGACCACACCCGTGTTGAACCCACCCGCGTTGAACAACCCCGTGCTGACAATCCCCGAATTACCGATCCCGGTATTATAACTCCCCGAATTGAACACCCCCCAGTTCCCGGTGCCAGAGTTAAAGAACCCCACATTACCGGTCCCCGAATTAAACAACCCCACATTCCCGCTGCCGGTATTGAAACCACCGAACCCGGTCAGATTATCACCGGTCAACCCAATACCGAAATTCCCACTGCCGGTGTTAGCGAACCCAATATTGCCCACACCCATATTCGCCAAACCGAAATTGTAGCTGCCGGCATTACCAAACCCGATATTACCCAAACCCATCAGACCCGGCGTTAACCCCGAATTCCCGAGCCCAAAGTTGCCCCACCCGACATTGCCCAACCCGACATTGTTGCCGCCGATATTGCCGCCGCCCACATTGAACCCACCGACGTTGCCCGCACCCAGGTTAAAGTCCCCGACATTGCCCAACCCGACATTGCCCAACCCCACATCGGCCAACCCGAAATTGAGGACCAGACCCTGATGCAGCGCCGTCCCGCTCGCCAACAATCCCGACAACTGCTGACCGACACTACCCAAACCCGACACCAACGCCGGCGCACCCAACCCCAACACGCTGGTGTTGAACAGCCCCGACATGCCAGAGCCGAAATTCAGCACACCCGAATGCAGCGTGCCGGCGTTGAAAACACCCGAACCCCCACCCAGCAACGCCGACGGAGCCTGATTCCAGCCACCCGACACCATCGCGCCGACATTCCCAAACCCCGACACCCCACCCGCACCGGAGTTGAAGAAACCCGACGACGGAGCACCGGTCGTATTCCCGAACCCCGGCACGGCGGGAAGGTCGATGAGGATGTGAACGGGGCCGAGCGTGCTGTGGGCCACGAGGTCAAAGGGGATTTCGCCGATGGTGATTGCCGGAATGGTGACGGCGCCGGTGCCACCGGACAGGTTGATGCTCAGCGGGTTCATCGCGGGGATCGTGAGGCCGCCCGGGAAGATGTCGACGGGCTCGCTGTGGCCGGTAATGCTGGCCAGCAGCGGGATCTCGTCAATGGTGACGACGGGGGTGCTGAACGGCAGGTTGGCCAGGAAAGCCGTGATGGTCCCTTGCGACGAGCTAGCACCGATGACTATCTGGCTTAACGCCAGGGGGGTAAGGCCGATGGGGGTGTTGAAGAGTCCCGTAATCGGACCGATTTTCAGGGGCCCGCCGGGTTGTGAGCCAAACAAGTAATTCAGCGTGACGGGCACCCGTGGAATATCGAGGTGCGGGACGGTGATGGGGCCGAGGCCGACGCTGACCGTGGTGGCGGCCAGGTCGATCTGGGGAATCGGGATGCTCGGCACAGTGAAGCTGTCGATGGCGACGTTGGCGCTGAACTCGGGGCGGATCGCGGGAATGTCGATGGCGGGGATAACGACGGAGCCCAGTCCGCCGGTGAGGGTGAGGTCCAG
NZ_CP041847.1_gap102	3737094	3741866	4772	GTCACCGGTGTTCAACCAACCCGTGTTGACACTGCCCGGGTTGAAACCGCCCGTATTGGCCTGCCCCGCGTTGAAACTGCCGGTGTTGTAGCTACCCGCATTGACCACACCCGTATTGAACCCACCCGCGTTGAACAACCCCGTGCTGACAATCCCCGAATTACCGATCCCGGTATTATAACTCCCCGAATTGAACACCCCCCAGTTCCCGGTGCCAGAGTTAAAGAACCCCACATTACCGGTCCCCGAATTAAACAACCCCACATTCCCGCTGCCGGTATTGAAACCACCGAACCCGGTCAGATTATCACCGGTCAACCCAATACCGAAATTCCCACTGCCGGTGTTAGCGAACCCAATATTGCCCACACCCATATTCGCCAAACCGAAATTGTAGCTGCCGGCATTACCAAACCCGATATTACCCAGACCCATCAGACCCGGCGTTAACCCCGAATTCGCCAACCCGACATTGCCAAACCCGACATTGCCCAACCCGACATTGTTGCCGCCGATATTGCCGCCACCCACATTGAACCCACCGACGTTGCCCGCACCCAGGTTAAAGTCCCCGACATTGCCCAACCCGACATTGCCGCCACCGAGGTTGCTCAACCCCACGTTCGGGCCGACGATCCCGACCGCGGAATTGAAGCCCGAGATCAGGTTGTTGGCGATGCTCCCGTCGAACAGGCCCAACAGTCCCACACCCAGGCCCGGGACAGCCAAACCGCTGAAGGGATCCGACGTGGTGGTGGTGGAGTTCCCTGAGCCCGGCTCGGTGATGATCGGGATGTTGATGGGGCCCACCGGGATTGTGACGTCCACGTTCAGCGGAATTGCGGGCAGCACGGTGGCCGGGATGAAGACGGCGTCCTCGAGGTTGATGGACACGTCGATAGGCAGGATTTCGTGCAGAATCATTGACTTTACGGTGGATGCCGGGGAACCGAAAGAGAAGTTGAGCGGTATGGATTCACTGACAGTGGGCAACGGGATACTGAGTCCCGCCATGGTGATGGGAATAGAACTTCCCGGAATTACAATCGGATTCAGTTCGATGCCGTCTCTGAAGTCAAACAAGAAAAGAGTCTGACCGACCGACATGAACAGCTGGGCGGGCTGGGTCTGTATATTCGTGATTTGGATTCCGGAGATATCGATGCTTCCCGTGATGCCCAGGCCGGACAGCAGGGTAGTGGCCGGGGCATTAAAACTCACATTGACGTTTCCGTCGAGGCCAAAATTGATGGCGGGGATGGGGATGTCCGGGACGGTAAAGGGGCCGACCTCGAGGTTTCCCGTGACGGTCAGGAGGGGATTTAGCGCATCCACAACGGTGGTGGTCGGGATGCTGATGGGGCCGATGCCGCCGTTGAGGGTGAAGTGAAATGGAAACAGCCCGCTGGTGAGGCCAAAGCCGCCTGGGACCGCCGGAATGGGGCCGTTGGCCGGGGTTGGCGGGATGTAGTCCCACCGGAACGGGAAAGGGCCAATAGAAAGGGTGGTGTGCAGGTCCACCGGGATGCGGTCAACCGTGAAACCCTGCGGGAACACGGTGAATCCACCGGTGCCGACGGAGAAGTTGGTGAGGCTGACCACGGGGTTTTCCGGGAACGCCAGGCCGCCCGGGAATAGCGTGATGCTGTCCAGGCCGCCGGTCAGGTTGACGGTCACCGGTGTTTGGTCGGGAACGGTGAGGCCGGCCGGGAACAAGGCCAAGGACGATGTGGACAGATTGAAAGTCGCGCCGAACGGGCCGGGGATCGTGCCCGGGCCGCCGTAGCTGCCGATGATGGGTCCATTGATCTGCAGGTCGCTGATGCTGAGGTAGAACGACCCGGAGGGGAATTTCGCGCCGGGTGGGCCTAGCGGCGGGCCGTAGTGGTCGATCGTGATGAACGGGTCCGGCAAGACGACCGGGTCCGCGGTGATTTCTGCCATGGCGGTTTGCCCGAAAAGAACAAACGCGGGATTCACGTGAAAACCCTCGAGGCCGACGGTTCCGGTCACGTGGATCGGGATCGCGGGAATGGTGATCTCCGGGAGAGTGAATTCGCGGATCCCGATGAATCCCCCGGTGATTTGTATGTCGAATGCCGGAATATCGATGGGCTGGACGTGGATGGGACCGATCCCGCCAATCACCTGCAGGTCAATGGGGATTTCGGAAATGGTGAAAAGGGTGCCGGGGGTGAAGGGGGCCAGGACGTTGATGTTGTTGCCCGTTAAGAAGAAACCGGTGTTGTGGCTTCCCGAATTGAATACGCCCAAATTCCCGGTGCCGGAGTTGAAGAACCCGACATTGCCGGTACCCGAATTGAACAATCCCACATTCTCGCTGCCCGAATTGAAACCACCGAACCCAGTCAGATTGTCCCCGCTGAGCCCGATACCGATATTCCCGTTGCCGGTATTGGCCAACCCGATGTTGCCGATGCCCATGTTCGCCAGGCCGAAATTGCTGCTGCCGGCATTGCCGAACCCGACGTTGTCGAACCCGATATTGCCCAATCCGAAGTTGTTGCCGCCCAGCGCGCCGCCCGACAACATCCCCGACAACTGAGTACCTACATTGCCGATACCCGACATCAACGTGCCGGAGTTGAAATAGCCCGAAACCGTTCCCGGCAACACCTGCATGGCCTGGGTGGACTGGTTAAACCAGCCCGAGGTGTGCGCGCCGACGTTCCCGAATCCCGACACCCCGCCGGCGCCGGTGTTAAAGAAGCCCGAGGACGGGGCGGTGGTCGAATTCCCGAACCCCGGCGACGCCGGAACGTTGCCGCCCACGATGTCGACGGGCCCGACGCCGCCGATGGCGTGCAGGTTCAGGGGGATGTTGTCGATGGTGATTGCCGGGGTGCTCAGGGCGTTGATGTGGCCAATCACGTTGATCGCCAGCGGAAGTGGTTGCTCGGGAATCGAGAATCCCGGAATGGTGAAGGCCTCGGTGCCTGCCGTTACGCCAAGAGTCAGGGTGAGCGGCCCCCCGGTGGGAATGCTGAGGCCAACCGGGAAAAGGGTGAGGGCTGGGGTGGAATAACTGAAGGTTACTGGGATGGAAAACCCGGTATTGATATGTATTGGGCCGATCAAGGTTGTGGGAATGGGGGAAGGGCTGAGGGCGACCTGTTGGATTTGGGGAATTGTTATGGACGAGACGGGCCAGGCCAGCGTGATGGTTTGGTTGAAGTTTTGTGCCGGCCACAGGGTGATGGGATTGATTTTGATGGGGCCGATCGAAATATTGGGTATGCCGACGCCGAGCGAGATTGCCGGGACGTTGATGGGCGGGACGACCAAGGGTCCGAGGTAGAGGGTTTCGTTGATGTTGATCGGGATGTCGGGAAGTATGTGGATGGGCTCGATAGTGATGGCGCCGACACCACCGTTTATGTCCAGGCTGAGGGGAATGACAGGAAGAACGTTCGCTCCCGAGGAGAAGCCGAGCAGGCCCTGGTAGTCGCCCCGCCACAAGACGCCGTTGCTGTAGTTACCGGAGATGAAGGCACCGGTGTTGACGTCGCCGGAGTTGGCCACCCCGGTGTTGATGTCACCGGTGTTCAACCAACCCGTGTTGACACTGCCCGGGTTGAAACCGCCGGTATTGGCCTCCCCCGCGTTGAAACTGCCGGTGTTGTAGCTACCCGCATTGACCACACCCGTATTGAACCCACCCGCGTTGAACAACCCCGTGCTGGCAATCCCCGAATTACCGATCCCGGTGTTATAGCTCCCCGAATTGAACACCCCCCAGTTCCCGGTGCCGGAGTTAAAGAACCCCACATTACCGGTCCCCGAATTAAACAACCCCACATTCCCGCTGCCGGTATTGAAACCACCGAACCCGGTCAGATTATCACCGGTCAACCCAATACCGAAATTCCCACTGCCGGTGTTAGCGAACCCAATATTGCCCACACCCATATTCGCCAAACCGAAATTGTAGCTGCCGGCATTACCAAACCCGATATTACCCAGACCCATCAGACCCGGCGTTAACCCCGAATTCCCGAGCCCAAAGTTGCCCCACCCGACATTGCCCAACCCGACATTGTTGCCACCGATATTGCCGCCGCCCACGTTGTAGCTCCCGACGTTGCCGGCCCCCACGTTGTAGCTGCCGACGTTGCCGCTTCCCGCGTTGAAGAGGCCAACGTTGGCCAAACCCAGATTGACGGCGAGCGACTTGGCCGGCTCGGCGGCGGCCGCCAGGCTTGCCAGCGGCGAGCCAAACGGCGCCAACGCCTCGGCCGCCGCCGAGGCGCCGGTGTGGTACCCCAGCATCGCGGCCACGTCCTGGGCCCACATCAGCTCGTAGTCGAACTCCGCGGCCGCGATCGCCGGCGTGTTCTGGCCGAACAGATTCGATAACGCCAGCGACACTAACCTCGACCGATTGGCCGCGATGACGAAGGGGTCCACCGTCGCGGCCAACGCCGCCTCGAACACACCCACCACCGCCCGGGCCTGCCCGGCCGCCGACTCGGCGGAGGCCGCCGCCGCGCTCAACCACCCCGCATACGGGGCGGCCGCCGCCGCCATCGCGACCGAGGACGGCCCCTGCCAGATACCACCGACCAGCCCCGAGGTCACCGACCCGAAAGCCGCCGCCGCCGAGCCCAGCTCGGCGGCCAGCTCATCCCAGGCCGCGGCCGCCGCCAACAGGGGGCCCGGACCCGCCCCGGTATATATCAGCAGGGAGTTGATCTCTGGCGGCATTACGACAAAACTCATGCCGCCAGCCCTTTCCCGTGCGTTCCCAACAT
NZ_CP041847.1_gap103	3754675	3755520	845	CGACGCCGGTGTTGGCGTTGCCGGTGTTGAACCAGCCGGTGTTGATGCTGCCCGGGTTGAAACCACCGGTGTTGGTGTCACCCACATTGAAGCTGCCCGTGTTGTACGACCCAGGGTTGGCCACACCGGTATTGAAATTACCGGCATTGAAAAGCCCAGTACTGCCCGTTCCGCCATTGCCGATCCCGGTGTTGTAGCCGCCCGAGTTGAACAACCCGAAGTTCCCGGTCCCGGAGTTGAACAACCCGACGTTGCCGGTGCCGGAGTTGAACAACCCGATGTTGCCGGCACCGGAGTTCAAGCCGCCGATCCCAGTCTGGTTGTCCCCGGTCAGCCCAATCCCGAGGTTGTTGGTGCCGGTGTTACCGAACCCGATGTTGCCCACACCCATGTTGCCGAAGCCGACGTTGCCGCTGCCGGCATTGCCCAACCCGATGTTGCCCACCCCGGCCAGGCCCGCCGCCAGACCCGCATTGCCCAACCCGAAGTTGGCATCGCCGATATTGCCGAACCCGACGTTGCCGCCGCCGACATTGCCCAAACCCACGTTCAAGTCGCCGATATTGGCCGCACCCAGGTTGAAGTCCCCGACGTTGCCGAAACCGACGTTTACGCTGCCCACATCGGCCAACCCGAGATTGATGATGAGGCTCTGGTTGAGTGCCGTCCCCGCCGAGGACAACCCCGACAGCTGCTCACCAACATTGCCGATGCCCGAGACCACCGCCGGGGTCCCCGGCGGCAACCCGCCGGTGTTGTACAGCCCCGACACACCCGAGCCGAAGTTCAGCACACCCGATCCCAGCGAACCGAAATTGGCGAAACCCGAACCCGCCCCAGCCACC
NZ_CP041847.1_gap104	3757664	3761865	4201	CGTTCACACCTCATCGTCTCACCACGACGTGGTGAGCGCGGGCACTTCGACAAACTAATCTGCAATATCCCGATCGCGTACAAACGTGCCGACATTTGCGGCGCATTAATGCCCATATCGGCTTGTATCTCTTGTAGTGCCGCTTTGACGGGGTGGTGGTCAGGTACGGTGGCCTCGGGAGAGGCTGGAGGGCTCGACGTTTTCGGCTGAGTGTCTGGGCCCGTGAAAGAGATCGTCTGCTCCAGCTTTGTCTCCTGAACTGACCCGGTTTAGGGAATTGGTGGCCAGGTTGCGGAAGTGCGCAGCATCGACGTGTACCTGGGTGAGGCATCGAATCATCGACAAGCACCGGAGCCGCGCGTGAACTCCCGCCGCGTTGTGGTCGGGGATGATGTGGGAGACCGGCCGGCAGTGCTGTGTACGAAGGTTCTCCCACCGCAACGAGTTCACGCACGACGGTCGGCTGGGTGGGCCCTGGAATACGTGAACTCTTCATCAACACAACATGATTGACGATGAAGGGGAGAACCTCCATGCACAACAACGCTAACCCGTGACTGCCGAGAATCCAGGACGGAGCAGGCGGACGCTGGTCGGAATCGACGCGGCGATCACGGCCTGTCACCACATCGCGATCCGCGATGATGTCGGTGCGAGGTCGATTCGATTCAGTGTCGAACCCACGCTGGCCGGACTGCGCACCCTCACCGACAAGCTCAGCGGTTACGACGATATCGACGCCACCGTGGAACCGACCTCGATGACGTGGCTGCCGCTCACGATCGCTGTCGAGAATGCCGGTGACACCATGCACATGGCCGGCGCGCGGCATTGCGCCCGGCTGCGGGGTGCGATCGTGGGCAAGAGCAAGTCCGACGTCATCGACGCCGAGGTTCTCACCCGCGCCAGCGAGGTGTTCGACCTGACGCCGCTGACACTGCCGACGCCCGCGCAGTTGGCGTTACGTCGATCGGTGATCCGACGTGCCGGCGCAGTGATTGACGCGAACCGGTCCTGGCGTCGGTTGATGTCGTTGGCGCGGTAGGCGTTCCCCGATGTGTGGACCGCGTTCGCCGGGTCGTTACCGACCGCGACAGCGGTGCTGGGGCGTTGGCCCGACATCCGCTTGCTGGCCGGCGCACCGACCCGCCACGTTGACCGCCGTCATCGCCGCGCACACCCGCGGTGTCGCCGACACCCCGGCCCGGCCGAGGCCATCAAGACCGCCGCAACCGGCTGGGCCGCGTTCTGGGACGGGCACCTCGACCTGGACGCACTGGCCGTCGATGTCACCGACCATCTCAGCGACCTCACCGACGACCGATGCGCGCGTTGGTGATGCCGGTGACCAAGAAGGTGTTGATCTTGGGTGACTAGTCAATGGTGGTGGCCAGGGTGAGCAGTTCGGGGATCTGCGAGTCGATGCGCCAGGCAGGAAGCGGTGTAGGTGATGGCGCGCCAGGTGGGGGTCCCCGCCGGTGCGCACGGTCGACAGCAGGGTGCGCAGCTCCTCTTTGGCGATCCAGGCCGAGAGAATCTGCGCGCGGGGGTCGACGGCGTTGATCCGATTCCGCATTTTGGCGAAGCTTTTGTCCGACAAGCGTTCCCGGGCGGTCAGCAAGCGACGTCGGTTGGCCCACTGCGGGTCGATCTTGCGGCCGCGCCGGTCGTGGAACGCCCAGGTCACCCGGCGGCGCACCGCGGTCAGCGCGTCGTTGGCCAGCGTGGTCACATGGAAGTGGTCGACGACGAGCTTGGCGTTGGGCAGCAGCCCGGGCGTGCGGATCGCCGAGGCGTAGGCAGCGGCGGGGTCGATGGCCACCGTACTGGATGCTCTCCCGGAACTGCGGTGTGCGCGCTTGCAGCCATGCCAGCACCGCCGCGCCGCCGCGGCCTTCATGCTGCCCCATAAACCCCTGATCACCGGCCAGGTCGACGAACCCGGTATCCCACGGGTCGACCCGTACCCACCGGCCAGTCTTGGCGCAGCGCTCCCATCTGGGTTTTCCTCGCCGTGTCTGGTCAACGCCCAGCACCGGGGTGGGCAACGGCTCGGTCAATACCCGTCTCGGCGTAGGCAACAAACGCCCGATGTGCCGTCGGCCACGACACGGCGTCAGCCTGGGCGACCTCGGCCCACCGAGCGGGCCGCATCCCCGATCGCCTTGGCCATCTGCCGACGCAGCCGCAGCGTGCTGCGGACGCGGGCAGGTACCTGGGTGATGGCCTCGGTGAACGGCCCCAGCTTGCAGTAGTCTTCTCGGCATCGCCAGCGAATTTTGTTCCAGCGCACCATGATGCGGTCTTCGCCATAAGGTAGATCTTTCGGTGAGGTAACCGCGTATTCCTTCACTGATATCGAGACCACCCCCGCACGACGGGCACGCCGCCGCCGTCGGCTCATCGGTGATCACATCGACCACCCGGGTCCCGTCACTGCGGCGCTCGACACGCTCAACCCGTGCTCCTGGCAGCCCGAACAACACTGTCGTAGCGTCAGACACAGCCCTTGGCTCCTTCCTCGGCCTGAATGCTTCGCAACACTTAGACTTCAGAAGGCCAAGGGCCCTCAGCCGCTAAACACGCCGACCAAGATCAACGAGCTACCTGCCCGGTCAAGGTTGAAGAGCCCCCATATCAGCAAGGGCCCGGTGTCGGCGCAAAATTTAGCGTCGTTGCGCCCACACCAGAGTTACCGCCGCACACACGGCGTGACCACCGGCGTGCATTTAAGAATCCGTTAGGGCCCGACGCCGGTGAAGAGCAAGCCCGACAGTTGCTGGCCGACGTTGCCGAAACCCGAGACGACGGCCGCGGTGACAACACCCAGCGCGCCGGTGTTGTACACGCCCGAGATGCCGGCGCCGCGGTTGAGGATGCCGGAGAGCTGGGTGCCGAAGTTGGCGAAGCCCGACGCCGACCCGAGCAGCGGATCCGACATCGCGTTGAGCAATCCCGACATGCCCGCGCCGGTGTTGCTAAAGCCCGAACCGCCGCCAGCTCCGGTGTTGAAGAAGCCCGACGACGGCAGCGTGGTCGAGTTCCCGAAACCCGGCGCCCCGCCGAACCCGGCGATCGGGACGTTGATCGGGCCGATAGTGGTGTCGGCGTGCAGGTCCAGCAAGATCCGGTCGAGAACGATGGCCGGGATGTCGACGGGCGGGATGCCATTGGACAACGCGAGGCCCAGCGGGAGGGTGGGGATCAGGGTGCCGCCCGGGATGGTGAACCCCGGGATGGTCAGCGACACCGGCAGGCCGATGTCGATCGGGTCGAGGGGGATGGTGAATCCCGGGAAGGTCACCGTGCCGGAGGGGATGGAGATGGGCCCCACAAAGTATGCCCCTTGCGTGGACGTTGCACCCCCGCCGCTAGAGGGCGCGATCCGGATTCCGGGGAAGAAGCTGGGCTTGACCCAAATCTCTGAGGTTGGTCCGGACGTGCTGGTGACGGCTCCTTGGGAGTAACTGACGAGCACGGGCGGGGTCCTGACGGTAATGGGGTTGACGGTGATGGAGCCGACATGGACGGCGGGGTCGAGGCCCAAGTGAATGGATGGAACAGAGATGTCCGGGATGGCGATCGGGCCGATGCCACCGACCGCGGCGAAGCCGACCGGAATGGGCGGGATGTGGATGGGCGGCAGCACGGTAATCGGGCCGATCCCGCCGCTGACGTCGGCGCCCACCGCGGGGAACAGCGGGAGGGTGTAGCCCACGGCGAAGCCGGCCAGGCCCTGGTAGTCGCCGCGCCACAGGATGCCGTTGCTGAAGTTGCCGGTGACGAAGGCGCCGGTGTTGACATTGCCCGCGTTGGCCACCCCGGTGTTGGCGTTGCCGGCGTTGAGCCAGCCGGTGTTGATGCTGCCCGGGTTGAAGCCCCCGGTGTTGGTGTCACCGACATTGAAGCTGCCCGTGTTGTAGCTGCCGGCGTTGGCCACACCGGTGTTGAAACTGCCGGCATTGAAGAGCCCAGTGCTGCCCGTTCCGCTATTGCCGACGCCGGTGTTGAAGCTGCCGGAGTTGAACAACCCGAAGTTGCCGGTCCCGGTGTTGAAGAACCCGACGTTGCCGGCGCCGGAGTTGAACAACCCCAGGTTGCCGGCACCGGAATTTAGGCCGCCGATGCCGGTCTGGTAGTCGCCGGTCAGCCCGATCCCAATGTTGCCGGTGCCGGTGTTGGCCAACCCGATATTGCCCAC
NZ_CP041847.1_gap105	3771397	3772226	829	TCAGGCCCGACGTCACCTGCCCAAACGACACCGCCGCCGACCCCAACTCCTCAGCCAGCCCATCCCACGCCGCGGCCGCCGCCAGCAACGGGCTCGACCCCGCACCCGAATACATCAGCACGGAGTTGATTTCCGGTGGCAACACCGGAAACTCCATCACCCATTCCCCTTCCCAGCCCGACACCAATCCCCACCGACACCCCCCACATGACGTGTCGACGCCCCGATAATTTTGCTCGCATTGCCAACGGCCCAAGAACGATTCCCCGATAATCGCGGGTACTGGGTGCACTTTGCACAGACGCCGCAGCAAAATGCACATATGCCCTGTCCAGACCGGCGAGCGGCAGGGCGTCATCTGCCCTGACACTTCGACTGCTGGCGGAGTCCGCGAGCATGCTCACCGCCGCGGCGTGCGCCGAACCGGCAGCGCCGGCAAATCCATGACCCCAGCCTGTTCTTGGGTCACTGCGACGTTCACTTTTAAGCGCGACCACGTAAGGTTGGGCAAAGTTCCCAAGCGTTTCACAGTGTCAGTGCACAGTGCGCACCTGATTACCAAAACCCCGAACCTCACTCGAAAGCCGAGAGCGGGTAAAAGTCGTTCAGCGACCTGTCTGGTAGAGAAATCCAGACCCGAGTACATGATCCGGTCGGGATCGTACTTGCGCCGCACTGTGGTCAGCCGCGACAGGTTCGCGCCGAAGTATTGTGACGCCGCGGCGTTGGCCTCCAGGTAGTTGACATAGCCGCCGACCGAAAAGTGTTGCACCGCGTGGTGTGCGTCGCTCAGCCATTTGTTGGCCGTCGCCACCTGGCCGTCGCTGGG
NZ_CP041847.1_gap106	3778116	3779346	1230	TTGATCACCGGAATGTGTGCGGGCAGCGTCAACGCGTCGCGCACCGCGCTAACCGGATACCTTGGCGCGCTGTCGAACTCGTTGATGGCGATCAAGAACGGCAGGTTGCGGTGTTCGAAGAAGTCGACCGCCGCAAAGCTGTCCTGCAGACGCCGGCAGTCGACCAAGACGATCGCCCCGATGGCACCACGCACCAGGTCGTCCCACATGAACCAGAACCGGCGCTGGCCCGGGGTACCGAATAGATAAAGCACCAGATCCTCGCCCAAGGTGATGCGGCCGAAGTCCATCGCCACCGTGGTGCTCCGCTTGTCGGGAGTGGCCTCCAGCATGTCGACGCCGGCGGAGGCATCGGTGACCATCGCTTCGGTGCGCAACGGCATGATCTCCGAAACAGCGCCGACGAATGTGGTCTTGCCGGACCCGAATCCGCCCGCGATGACGATCTTCGTCGACGCGGTGCCGGATGCCTCAGAGTGCTTTAAGGCCACGCAGGGTCCTTCCTATGAGTTCGTGGCGTTCGTCGCGGGTCGATCGGTCGGTCAAGGTCGCGTGCACCCGAAGGTAACCGGACGTGACCAGATCACCGACCAGCACACGCGCCACACCCACCGGCAAATCCAGCCGAGCCGAGATTTCCGCGACCGACGGACTGCCAATGCACAATTGCAAGATCCTGCGTCGCATGTCGTAGGCCGGCCAGCGGCCAGCCGGTCCCGCCGGCAGGGTCTGCACCGGCGCCTGAAGCGGAAGGTCGACGTCGGTACCGGTACGTCCGGCGGTCAGCGTGTAGGGGCGGACCAGGCCCGCCTTCGGTCTATCGCCGGCAGGATTGAACAACGCCGCCCACCCGCTCGACAAGGATGGCCATCTCATAACCGATCTGGCCGATATCGCATCCGGTCGCGGCCAGCGCCGCCAGCGCCGACCCGTCTCCCACCTGCATCAACAGCAGGTAGCCGTTCTGCATCTCAACCACCGACTGCAGCACCTGCCCGCCGTCGAACAGTTGCGCGGCGCCGCCGGCCAGGCTGGCCAGCCCGGACGTCACCGCGGCCAACTGATCGGCGCGTTCGCGTGGTAGATGTTCGCTGGCCGCCACGGGAAGCCCGTCGACCGACACCAGCAATGCATGGGCCACCCCGGGAACCTCGCGGGCGAACTTCGACACCAGCCAGTCAAGCGGGCTGTCCGGCAAGCGGGCTTTCATTGCTGATTGGGTCCCTGACT
NZ_CP041847.1_gap107	3889659	3892069	2410	CCGGCAAACCCAGCTCAGGCCCTAACCTCGGCCGATTCGGATCGTTCGGACGCGGCGTCACCCCCCAGCAGGCCACAGAAATCGAGGCGCTGGGCTACGGGGCGGTCTGGGTGGGAGGCTCACCACCCGCCGCACTGTCCTGGGTGGAACCGATTCTGCAAGCGACCACCACATTGTGTGTGGCCACCGGCATTGTCAATATCTGGTCGGCACCGGCCCAGCGAGTCGCCGAATCGTTCCACCGCATCGAGGCGGCCTACCCGGGCCGCTTTCTGCTGGGTATCGGAGTCGGGCATGCCGAGATGATCAGTGAGTACCGCAAGCCCTACAACGCGCTGGTGGAATACCTAGACCGGCTCGACGACTATGGGGTGCCCGCCAACCGCCGGGTGGTGGCCGCACTGGGCCCCCGGGTCCTGGGCCTGTCCGCACGCCGCAGCGCCGGGGCGCACCCGTACCTGACCACACCCGAACACACGGCACGGGCCCGTGAGCTGATTGGTCCGTCGGCGTTCCTGGCGCCCGAACACAAGGTGGTGCTGACCACCGACTCGGCAAGGGCCCGTACGGTGGGACGCCAGGCGCTCGATATGTACTTCAACCTGGCTAACTACCGCAACAACTGGAAACGGCTGGGCTTCACCGACGACGAAGTCTCCCGGCCGGGCAGCGACCGCCTGGTTGACGCCGTGGTCGCCTACGGCACTCCAGACGCGATCGCGGCACGGCTGAACGAACACCTGCTTGCAGGCGCCGACCATGTCCCTATTCAGGTCCTCACCGAAGATGACAACCTGGTGTCGGCGCTGACCGAACTCGCGAAGCCGCTCCGACTGACTTGATCCCGAAACGGAGGGTTGCGAACCCAACTGGTCGCGGCTCCACTCGGTTAAGGCTCGGTTAGGGTTTGATCCATGCGGTTGCTAGTCACCGGTGGCGCGGGATTCATCGGCACGAATTTCGTGCACAGCGCCGTACGTGAGCATCCAGACGATGCGGTTACCGTACTCGACGCCCTGACCTACGCCGGCCGGCGCGAGTCGCTGGCCGACGTGGAGGATGCCATCCGGCTGGTTCAGGGCGATATCACCGACGCCGAGCTGGTTTCGCAGCTGGTGGCCGAGTCCGACGCGGTGGTGCATTTTGCCGCCGAATCCCATGTCGACAATGCACTGGACAATCCGGAGCCGTTTCTGCACACCAACGTCATCGGGACCTTCACCATCCTGGAAGCGGTGCGACGCCACGGTGTGCGCCTGCACCACATCTCCACCGACGAGGTCTACGGCGACTTGGAGCTCGACGACCGGGCGCGGTTCACCGAATCGACGCCCTATAACCCGTCCAGCCCTTACTCGGCGACCAAGGCGGGCGCAGACATGTTGGTCCGGGCCTGGGTTCGGTCCTATGGCGTACGCGCGACGATCTCCAACTGCTCCAACAACTACGGGCCGTATCAGCACGTCGAGAAGTTCATTCCGCGTCAGATCACCAATGTGCTCACCGGGCGGCGGCCCAAGCTCTACGGCGCGGGCGCCAATGTCCGTGACTGGATCCACGTCGACGACCACAACAGCGCGGTGCGGCGAATCCTGGACAGAGGCCGCATCGGCCGAACCTACCTGATCAGCTCCGAGGGCGAGCGTGACAACCTGACCGTGCTGCGCACGCTGCTGCGACTGATGGACCGCGATCCGGACGACTTCGACCACGTCACCGACCGCGTCGGCCACGACCTGCGCTATGCCATCGACCCGTCCACGCTCTACGACGAATTATGCTGGGCGCCAAAGCATACCGATTTCGAGGAGGGCCTGCGGACCACGATCGACTGGTACCGCGACAACGAATCGTGGTGGCGTCCACTAAAAGACGCCACGGAGGCCCGCTATCAAGAACGCGGTCAATGAGATGAAAGCACGCGAACTCGACGTCCCCGGCGCCTGGGAGATTACCCCGACCATCCATGTCGATTCCCGCGGACTGTTCTTCGAATGGCTTACCGATCATGGGTTCCGCGCATTCGCAGGTCACAGTTTGGACGTCCGGCAAGTGAACTGCTCGGTGTCATCGGCCGGTGTGCTGCGCGGCCTGCACTTTGCCCAGTTGCCGCCGAGCCAGGCCAAGTATGTGACCTGCGTTTCCGGCTCGGTGTTCGATGTCGTCGTCGACATCCGAGAGGGCTCACCGACATTCGGCCGATGGGACTCGGTGCTGCTCGACGACCAAGACCGTAGGACGATCTACGTCTCCGACGGCCTAGCGCACGGCTTCCTTGCACTGCAAGACAATTCGACGGTGATGTACTTGTGCTCGGCGGAATACAATCCGCAGCGCGAGCACACCATCTGCGCCACAGATCCGACGTTGGCGGTCGATTGGCCGCTGGTCGATGGCGCTGCCCCCAGCC
NZ_CP041847.1_gap108	4047932	4051820	3888	CCGATCGATACCCATTCCGGTTCCGGTGCACGGTGGCATGCCGTACTCCAGAGCGGCCAGAAAATCCTCGTCAAGCACCATCGTTTCGTCATCGCCAGCGGCCGCGGCACGGGCCTGGTCGGCGAATCTCTCCCGCTGGACTACCGGGTCGCTTAATTCCGAGTAGCCGGTGGCAAGTTCGATTCCGCGCAGATAGAGGTCCCACTTCTCGGTTACGCCGGGGATACTGCGGTGCTGACGGGTCAAAGGCGTTGTCTGAACCGGAAAATCCTTGACAAATGTGGGTGCGCTCAAGCTCTTGCCCACTGTGCGCTCCCAGAGTTCCTCGATGAGTTTGCCGTGGCCGAAGCCACGGTTGTCATGAATCGCTGGGTCTTTCTCCAGGCCAAGGCTATCGGCGATCCCACGTAAGCGATCGACCGTCGTCTGCGGTGTGATCTCTTCACCGAGCGCCACAGACAGCGACGGGTACATTTGTATAGTCGCCCATTCTCCGTCGATGTCATAGACACTGCCGTCGGGCAACGGCAGTTGTCTGGTTCCGATCGCCTCATCGGCCACCTCTTGAATAAGCTCCCGGGTGACGACTGCCGAATCGTCATAGGTTCCGTAGGTCTGGTAGGTCTCCAGCATGGAGAATTCCGGAGAATGCGTGGAATCGGCTCCTTCGTTTCGGAACACTCGATTAAGTTCGAAGACCTTGTCGAAACCACCCACGATGCAGCGCTTGAGGAACAGTTCCGGCGCGATCCGCAGGTACAGATCGATGTCTAGGGCATTGGAATGAGTGGCGAACGGACGGGCCGCCGCACCACCGGCTAACGTCTGCAAGACGGGCGTCTCGACTTCCAGGAACCCACGACGTTGAAGCGCCGTCCGGATCGCGCGGACGACGGCGATCCGTAGTCGAGCCACCGCGCGCGCTTCCGGTCGAACTATGAGGTCAACATAGCGCTGACGAACCCGCGACTCTTCACTCATCTCTTTGTGCGCGACGGGAAGCGGCCGCAGCGACTTGGCGGCGATCCGCCAGCAATCCGCCAGGACGGACAGCTCGCCGCGGCGCGAACTGATCACCGCGCCATGCACGTAGACGATGTCGCCCAGGTCGACATCGGCTTTCCATGCGTCGAGAGCAGCCTGGCCGACCTTGTCGAGGCTGATCATCACTTGCAGCTGGGTACCATCGCCGTCCTGAAGTGTCGCAAAGCATAGCTTTCCCGAGTTGCGCGCAAAGATCACTCGGCCCGCGACGCCGACGATGTCTTCGGTCGCGGTATCGATCGGCAAGTCAGGGTGGGCGGCGCGAACCTCGGCCAACGTGTGAGTGCGCGGCACCGCGACGGGATAGGGATCGCGCCCCTGGGCCAGCAAGCGAGCGCGCTTGTCCCGGCGAATCCGGAACTGCTCAGGAAGGTCTTCTGCTGTGTCAGCGGCACTCACGACGTGCCAGCTTAAATGACCTCACGCCGACGCTCGTGGGTGGCGTCGAGCCTGTCGGCGGCGGGCGACCCGGTACCCAGACTCGATGCCGGCATCGACGTCAGCGCGCCGTCTTGAGCCGGCCGCGCTGGACTTCGAGGTTACGCTCGAACACCAGCCGCAGACCCTGCAAGGTCAGGTGCTGGTCGTAATGGTCGACGGTGTGCAATTCCGGCAGCAGCAGGGGCGCGGTATGCCCGGTAGCCACGATCGCGACATCGTGGTCGACGGAGAAACCGGACACGTCCTCGCGGATGCGGCCTACCAACCCGTCTACCAGCCCGGCGAAGCCGAACACCGCACCGGCTTGCATGCATTCGACGGTGTTCTTGCCAACCACCGAACGTGGGCGGGCAAGTTCAACGCGGCGCAATGCCGCCGAGCGGGCCGCCGCGGCATCGGAAGACACCTGCACCCCGGGCGCGATGGCGCCGCCAAGAAATTCACCCTTGGCCGATACAACATCAACACAGATCGAGGATCCAAAGTCAACGACGATGGCGGCCTTCCGGAACCGGTCATAGGCGGCCAAACAGTTCACGATGCGGTCTGCGCCCACTTCCTTCGGGTTGTCGACGAGCAAAGGGATCCCGGTGCGTACTCCGGGCTCGATCAGCACGTGCGGCACCGACGGCCAGTACTGGTCGAGCATTATCCGCACCTCGTGCAGCACGGACGGGACCGTGGACAAGGCGGCGGTACCGGTGAGCCGCTCGGAATCCTCGCCGATCAGCCCGTCGATCGTCAGTGCCAGTTCGTCGGCGGTGACTTCGGATTCGGTGCGTATCCGCCACTGCTGCACGACCTTTGCGTGCTCTTTCATTCCGGACAGCAGGCCCACAACGGTGTGGGTGTTGCGGACGTCAATCGCCAGCAGCACGGCTATCCCACACCGAGCCGGGGGTCTAGCAGCTCGCCCGCGTTTTCGGGCACAAATGCCGGATCGTGGCCCATGTCGATCGGTTTGTTGTAAGCGTCGACAAACACGATCCGCGGCTGGTATGTGCGGGCCCGGGCGTCGTCCATCGTCGCGTACGCAATCAGAATCACCAGATCCCCCGGATGCACCAAGTGCGCGGCGGCACCGTTGATGCCAATCACACCACTGCCGCGTTCGCCGGTGATCGCGTAGGTGACCAGTCGAGCACCGTTGTCGATATCGACGATGGTTACCTGTTCGCCTTCCAGCAGGTCGGCGGCGTCCATCAAGTCGGCATCGATGGTCACCGAGCCGACGTAGTGCAGGTCGGCGCAGGTCACCGTGGCGCGGTGGATCTTCGACTTCAGCATCGTCCGTAACATCAGTTTCTCCAATGTGATTCGAGGATTGCCCGGTATCCGTCCGGGCGGTCGGTGCCGGCGAAAGTTCCGATTTCAATCGCAATGTTGTCCAGCAGCCTGGTGGTGCCAAGCCGGGCAGCAACCAGCAGCCGACCGGAACCGTTGAGCGGCATCGGGCCAAGCCCGATATCGCGCAGCTCCAGGTAGTCGACCGCCACGCCGGGTGCAGCGTCGAGCACCGCACGGGCGGCATCCAGCGCGGCCTGCGCGCCAGCCGTTGCCGCATGCGCTGCGGCCGTTAGCGCCGCCGAGAGCGCGACGGCCGCCGCACGCTGGGCCGGGTCCAGGTAGCGGTTGCGCGACGACATCGCCAGCCCGTCGGCTTCGCGCACGGTCGGCACGCCGACCACCGCGACATCGAGGTTGAAGTCCGCGACCAGCTGCCGGATCAGCACCAGCTGCTGGTAGTCCTTCTCACCGAAGAACACCCGATCCGGGCGCACGATCTGCAGCAGCTTTAGCACGACCGTCAGCACGCCGGCGAAATGGGTTGGCCGCGGGCCGCCCTCGAGTTCGGCGGCCAACGGACCGGGTTGCACGGTGGTGCGCAGGCCGTCGGGATACATCGCCGCGGTAGTTGGCGTGAAAGCGATTTCCACGCCTTCGGCCCGCAGTTGCGCCAGGTCGTCGTCCGGGGTGCGGGGATAGGCGTCGAGATCTTCCCCGGCACCGAATTGCATCGGGTTGACGAAGATCGACACGACGACGACCGATCCGGGCACCCGCTTGGCCGCACGCACCAACGCGAGGTGGCCTTCGTGCAGCGCACCCATAGTAGGCACCAACATCACTCGCCGGCCGGTGAGTCGCAGTGCGCGACTGACATCGGCGACATCCCCCGGTGCCGAGTACACATTGAGTTCACCGGGATGGAACGCAGGAATCGTCATGCCGTCAAAACCTCGACGACATCCGCGGGGGCGTGTGCGCGCTGCGCGGTCCGCAGCGCGTTTATCCGGTATGCCTGGGCCAGCGCTGCGTCGACGTCCGCGAGGGCCGCCAGATGATCCGCGACCGCTGCCGCATCGCCGCGGGCGACCGGTCCGGTGAGCGCGGCCTGTCCCC
NZ_CP041847.1_gap109	4053920	4056118	2198	AGAACGGTCATGGCCTGACTGTACCCGGGCGAGGTCAATCCGCGTGTCGCGCCGGTCCGGCGATTCCCGCATGGCTTAGCCGGGTAGGCAGTTCGGCCAAATTCGCCGCGTAGACAACCCCGCATTCCGGGTCGGCCGCCCGGCCAGCAACGTCGACGACCGACGCCCATCGCCGGTTCGGCCATGGCCGACGCAGCGCGCGGCACCGTCGGGTGTGGGCTAGCTTTCCGCGCCGTCGGCGTGCTCGGTCGGATCCTGCGGAGACTTGCAGCAATGTTGCAGCCAAAGCGCGGCAACCACCAACGCTAGCGCGCTGCCCGCCGCCACCACCGTGCCAGTGGTGTCCTCGGCGGCCGCCCGCAGCCATGACCGCCGCGGCAGGAAGTACGCCAGCACCCCGATCCACCACCCCGTCACCAGCGCACCCACCCAGGCCGAGGCCTTGGCTACCATCAAGCTGCGCGCCACCACAAGCGGGTGCAGCCAGCCGGGCCCGTCTCCGATCTCGCCATCGCTGATCTTGACCCGCACGTAGCGAGCCCACAACGCCTCGGCGACCGCGACCGCGAGCAAGGACAAGCCCGTCCACACCGTGATCGGCGGAAACCACCGGTAAAGCACCGCCACCAACAGATATCCCACCGCCGCGGCGCCGACCACCGCGGCGGTCAGATCACGTTTTCGGGTCGGTCCCATCAGCTTTCCGGTGCCCGACTGACGGGGTGTCTGCTATTCAGATCGAACGACGGCCTAAACAACCGCACACTGTCGCGGTCGGCGGGCTCCAGCTCGGCCAGCAGTCGCGTGACGGGCCGCGGGCACCCGGCAACCGTCAGCTGCGCCGTTGGGTCGACGGCAATCCACGGGATCAACACAAAGGCCCGCAGATGCGCCAGTGGGTGCGGCAGCGTGAGGTGGTTCTCCCGCGCGGTCACTTCGACCAGAGCCTCGGTGGCCGAGGTCTGGTAGCAGGCGATCAGGTCGACGTCGAGATTTCGTGGACCCCAGCGCTGGCCACGCACCCTGCCCGCAGCGCGCTCGAACTCCTGCGCCCGCCGCAGCCACTCCCGCGGTTCGCAGGTAGGATCGTCGGCGATCAGCACCGCATTGAGGAACTGCCCCTGCTCCACCCCACCCCAGGGGTCGGCCTCATATATCGGGGAAGCCGCAATCAACGCATCGCCGAGACCGTCGGCGACCGACCGCAATCGTGCCAGGCGGTCACCCAGGTTGGAGCCAACCGAGAGCACTACCCGCGTCATACCGCGCCGCCCGCCGGGACTACCCAACCGCGGCCGCCGCGCCGTGAGCGTCGGATCACCACCGCCACATCGTCGAACGTCTGCGGAATGGGCGCCTGCGGCTTGTGTACCGCCACCTCAACGGCATGCACTCGCTGGTCGTCCATCACGTGATCAGCGATCTCGGCCCCGACCGTTTCGATCAGCTTCCGCGGGGGTCCGGCGACGATCTCGGCCGCCCGCGAAGCCAGCCGCACGTAGTCATAGGTGTCGGCCAAGTCGTCGCTGTTGGCGGCCTCGGCCAGGTCTATCCACACGGTGACATCGATGACAAACCGCTGCCCGGCCACTCGCTCGTGGTCGTAGACCCCGTGCCGACCATGCACGGTCAGGCCGCGCAGTTCGATTCGGTCAGCCATCGCGTTCTATCCTTTCCGCTCCCATCCACGCTTCGACCACCTTGATGGCATCGACCGAGGCCCGCACATCATGCACCCGCACACCCCAGGCCCCGTGCAGTGCGGCCAGCGCGGAAATCACCGCCGTCGCGGTGTCACGCCCATCGGTTGGCCGCATCACGCCGTCGGGCCCGGCCAACAACGCACCGAGGAAGCGCTTGCGCGAAGCACCCACCAGCACTGGGATTCCGGTCGCGACCAGTTCCGGAAGGGCATGCAAGATCGCCCAATTATGTTGCGCCGTCTTGGCGAATCCAAGCCCGGGATCGAGCACCAGCCTTGCCGGGTCGACGCCTGCGGCCACCGCGTCGGCGACGCTGGCCAGCAGGTCGGCACGGACCTCGGCCACCACGTTGCCGTAGCGCACAGGCACATGCGGGGTATCGGCCGATACCGCCCGCCAGTGCATCAACACCCACGGCACATCGGCCTCGGCCAACAGCGGCCCCATCGCCGGATCGGCCCGCCCACCCGACACGTCGTTGACCATCTGGGCACC
NZ_CP041847.1_gap110	4066599	4069338	2739	GTCGTCAAAGCCATCACCGAGCACGTCGCCGAACAAGGGGAAGCGGGCAGCTGACGCGGGCGCAGTGTTCCCGACGACGACATGCCCGTGTATCGGGCGCCAAAGTCGACGCTGATCGGCCCGCCCTGCGCGGACCCAACTTAGGACCCGGGTTAGGCCCAGCTGGAGCCGACGGCGCTGTCGGTTTGTGCCATGTTGTTGCCGGCAGCCTGCACCTTCTGCCCGTGGGCGTTGGCCTGCTCGTAGATCACCTGGAAGTTACGGCCCAACTGGGTAATGAACCCCTGGCAGGCCGCCGAACCGGCGCCGCCCCAAAAGTCACTCGCGGTCAACACATCAGAAATGATGGCCTGATGCTCGGCCTCCAGCAACCCGGCCAGAGCGCGGATCATGGCGCCATGAGCGTCGACGTCCCCGAATTGATAGTTGATGGTCATGTGTCCTCCTGAGTCGTCGGGCCGGGTCAGCTGCTGAGGATCTGCTGGGAGGCCTGCTCTTGCTGTTCGTAGTTGTTGGCGTCGCGAACCAGCCCGTCACGCACCCCGTGCAGCATGTTCACGATGTTGCGAAACGCCTGATTCATCTGGGCCATGGTGTCTAGCGAGGTCGCCTCGGCCATGCCACTCCAGCCCGCGCCGGAAATGTTTTGCGCGGACGCCCACATCCGGCGAGCCTCGTCCTCCACCGTCTGGGCGTGCACCTCAAAACGGCCCGCCATGTCCCGCATCGCGTGCGGATCCGTCATAAAACGCGAGGCCATATGAATTCCTCCCTTTGAATCGTCGAATTCGATCCTCGATCAACGAACGTAGTTGGTCATCCGCCAGCCGGCGGTTGGGCGATCACGGTCGGCTTGAATCCGTATCGAGGGGCAGCGAAGTTGTTAAACGCACGTCCGGCACCGCTACCCATGAGCGGCATCCCGCCAAACGCGTGTGTCGAACCTTCAGCGGCGGCCGCGGCTCCGAGGCCGTTGGACGCCGCCAGCACCGCGGGGCTCGCCGCCGGGGTCGTGGCGGTCCAAACGGCCGGAACCTTCAATCCCCCGACCGACGCCGCCTGACCGACGGCGCCCGCAACGCCGCTCAGGCCAGCACTCGGAATGGCCGGAACGGCGGCCGGCAACGCCTTGGCGGCCTCACCGGCGGCTTTGGCGCCTTCACTCGCCCACTTCGGCAGGTCGTGCGCCAGGCCAAAGTAGTCCTTGAATTGGGTGACCATGAGCCGAGCGGGCGAGACCCATTTGCCGAACGTGTCCATGGCCACGCTGGCATCAAGTTCGGCCGACCCGGTCACACCCTGCACAAAGTCGCCAAGCACTCCGCCCACGATGAGCCCGCTACCGTCCGAGGACCAGGTGTGCCCGGTCAAACCGAGCGCCTTGCCAAGGTCGGTGAGCCAAGGCGGTTCATTGGTGAAGATTCCGCTAAGCCCAAACAACGCTTTAGGAATGTCGGTGAGTGCTTGCGCATTTGCGGCCCCGCTGACAGCTTGTCCGACAGATGCGGCCTGGCTGGCCAGCCCGGCCGGGTTGATGGTCTGCGCCGCCGGATTGAATGGCGACAACTGCGTCGCCGCCGCCGACGCGCCAGCATAGCCGTACATCGCGGCCGCATCCTGGGCCCACATCTCGGCGTATTGCGCCTCGGTGGCCGCGATCGCCGCCGTGTTCTGGCCAAGGAAGTTCGTCGCCAGCAACGCCATCAACAACGCCCTGTTGGCCGCGATCTCCGGGGGCGGCACGGTCGCGAAAAACGCCGCCTCATAAGCACTCGCCGCTGCCACCGCTTGGCTGCCGGCTTGCTCGGCCTGCCCGGCGGTGCTCCTCAACCACGCCACCTGGGGCGTGGCGGCAGCCACCATGGACGCCGCGGAGGACCCCTGCCATGGCCCGTCGGCCAGGCCAGTGATCAGAGCGTCGTAGGTGGACGCCGTGGTTTGCAACTCGGCGGCCAGCGCCTCCCAGGCCGCCGCGGCAGCCAGCATCGGTCCCGAACCGGGTCCGGCGTACATCAGCGCGGAGTTGACCTCCGGCGGTAACTGAGCAAAGTCCAGCATCGGCCTCTCCTAAGCGATCGTGGCGGCGTTGGCAGCCTCGGTGGCCGCATATGAACCGGCGCTGATGCCCAGCGTGGTCGCCAACTGCTCCTGGACCGCCATCGCCTCGGCACTAATCGCCTGGTACAGCTGTGCATGCGCGGCAAACTGGGAGGCGGTTAGCAGGGACACCAAATCAGCGGCGGCCGGAACCACACCCGTCGTCGGGCCCGCCACCGCTGCATTTCCGGCCCGCGCAACGGCGTTGATCGACTGCAGTTCCCCCGCGGTCGCAGCCAGCATCTCTGGCTCGGCGTGCATGATCGACATGGTATTTTCCTCCCTCTAATGCACGTTGCATCAATAGCTTTCGGCGTTCCCCGCTGAAGACCACACGACAGGCTAGCCATCCTTATAGGAACATCACAGACTTCACACAGGTTGTTCACGGCTAAGTCAATAACAATTCATTTACTTCAAGGGCATTTCCGTAGCTTTTGAAATTCCCCTGAAATTCATTGGTAACAAGTAATTTGAGTTTGGTATGAATTTCGGGGTACTGGCATCGACGGGCCCTACAATGCGCAACTTGCGCACACCACGCCACGCTGAAGCAACCGTCGACCGATTCAACGGCGCAGGCGCTAGGGTCCCAGGCATGATCCGATTGGTCCGTCATTCGATCGCCCTGGTGGCCGCCGG
NZ_CP041847.1_gap111	4167449	4168418	969	CACACCGCGCAGAATCGCACGCCGTCCCGAACCTTCGCCAGCACACAGGTCAGCCGGTCGATGTCCGACGGTTCTACCGACAACAGGTGGAAGGCGATTCGCTGCGCACTCTTGGGTCCGATCCCCGGCAACTTGCCGAGTTCGTCAATCAGGTCCTGGACGGGTCCCTCAAACATGTCGGTGCAGGTCAGATCCCTGGTACAGGTGGTGCGCCCGGCGCACCCGGCATACCCGGCATACCCGGCATACCTGGCGCTCCCGGCGGCGCAGCCGGTGGTGCCGGCGGGCGCATCGCGCCGGCCAATGCACCCAGCCGTTCCTGCGCCATCTTCGTCACCTGCTGGGACGCGTCGCGCATCGCACCGACGATCAGGTCCTGCAAGGTCTCGATGTCGTCGGGATCGACGACCTTGGGGTCGATCGTCACGCCGATCACCTCCCCGCTGCCTTTGACGACGACCTTGACCAGGCCCCCACCGGCTTGACCGTGCACCTCAGAGTTCGCCAGCTGTTGCTGGGCCTCCAGGAGCTTTTGCTGCATCTGCTGCGCCTGAGCGAGCAGCGCCGACATGTCGCCTCCGGGTTGCATGACAGTCCCCTAGCATCTTGGTCTCGAGTTGGTTTCGCCTGTGGTTGTCGGGCGATTCGGAACATTCAGCCTAGACCGCGCCGCGTTACCTTTGCGCCGTGGACCTACGAGTTGGCCCGCGTGTCGGGTTCGCCATGATAGTCGGGGTACTCGTCGCAGCAGCGACGCCGATCATCTCGTCCGCGAGCGCAACCCCCGCCAACATCGCCGGCATGGTCGTCTTCATCGACCCCGGACACAACGGAGCCAACGACGCATCGATCGGCCGCCAGGTACCCACCGGTCGCGGCGGCACCAAGAACTGCCAGGCCAGCGGAACGTCAACCAACAGCGGCTACCCGGAGCACACCTTCACCTGGGAAACCGGGCTGCGGCTGCGG
NZ_CP041847.1_gap112	4181881	4184200	2319	CAAGTTAGCCGCCGGTAACCCACCAAGCCTCGTCACGCTACAAGTCCACCGTTGAACCGACGGCGTTGACGCGTCACATATCCCTGATCCTTCAAGAACGTGGAGTTTCCCTTGACTGTGCACACCGTCGCCACCAACAATGCTGCGCCCGTCATAGCCGCCGGTCCCGTCGGCCCTAGCAGACGACGCCGTCGCGTGCACGCCCCACTTACGCGACGCCGCCAACCCTCCTCCTCGGCGGTGCTGCTGGTGGCGGCTTTCGGCGCCTTCCTCGCTTTCCTTGACTCCACGATCGTCAACGTCGCGTTCCCCGATATCCAGCGGCACTTCCACAGCGACATCAGTGACCTGTCCTGGATGCTCAACGCCTACAACATTGTTTTCGCGGCGTTCCTGGTGGCCGCCGGCAGGCTGGCCGACCTGATGGGGCGCAAGCGGGTGTTCATCTTGGGGGTGGCGTTGTTCACCGTCGCGTCCGGGCTGTGCGCGATCGCCGAAAGCGTCGGGGAACTGGTTGCGTTCCGTGTGCTGCAAGGCATCGGCGCAGCGGTTCTGGTACCGGCTTCGCTGGGGCTGGTCGTCGAGGCCTTCCCGGCCGAGCGGCGCGCGCACGGGGTCAACCTGTGGGGTGCGGCGGGGGCCATCGCCGCGGGCCTCGGCCCGCCGATCGGTGGCGCCCTCATCGAGGCGGATGGCTGGCGGTGGGTGTTCCTGGTGAACCTTCCGCTGGGGGTATTCGCTGTGCTGGCCGCTCGGCGGGCACTGGTGGAGAACCGGGCCGCCGGACGTCGGCGTGTGCCCGACGTGCGCGGCGCGGTGCTGCTGGCTTTCGCGCTGGGCCTTTTGACGCTGGGATTGATCAAGGGCCCGGATTGGGGTTGGGCCAGCCTGCCGACCAGCGGGTCATTGCTGGCCGCGGCGGTCGCGATGGTTGGGTTTGTGATGAGCTCACGACACCACCCGGCACCGATGGTCGAGCCCACGCTGTTGCGCATCCAGTCGTTCGTGGCCGGCACCGGGCTGACCGCCGTGGCCAGCGCCGGCTTCTACGCCTATCTGCTGACGCACGTGCTGTTCCTCAACTACGTCTGGGGTTACACGCTGCTGGAGGCTGGCATGGCCGTCGCCCCCGCCGCGCTGGTCGCCGCCGTCGTCGCGGCGGTGCTTGGCCGCGTCGCCGACCGGCACGGTTACCGCTTCATCGTCGGCATCGGCGCGTTGATCTGGGCTGCCAGCCTGCTGTGGTATCTCAAGGTTGTCGGGTCCCAGCCCGATTTCCTCGGTGAATGGCTGCCCGGCCAGATACTGCAGGGAATCGGGGTGGGCGCTACCTTCCCGCTGCTCGGCAGTGCCGCCTTGGCCCGGCTGGCCAAGGGCGGCAGCTACGCCACCGCTTCGGCGGTGACCGGCACCATCCGCCAGGTTGGCGCCGTCATCGGCGTCGCGGTGCTGGTGATCCTGGTCGGCACACCGGCACCGGGCGCAGCCGAAGAGGCGTTGCGTCACGGGTGGGCGTTGGCCGCGATCTGTTTCGTGGCGGTGGGGATCGGGGCGCTGTCGCTGGGTCGCATCCGCCCAGTCCCAGCTGCGGTTGAACCCCCGCCGGGGCCGCCGGTGGCTCCGTTGGGAGCGCGGCGGCCGCCGAGACCCGCACCGGTGGCCTCACCCGCCGCGGCAGTGGCCCCGACCCCCAAGACTTCCCGCGAAGTCAACCTGCTGGAGGCTCTGCGGTTTGCCAGGCCGGACACGCAACAGATTGAGCTGCAAGCAGGCTCGTATTTGTTCCACGCGGGCGATGTGTCCGATGCGCTCTACGTGGTGCGCAGCGGCCGCCTGCAAGTCCTCGCCGGCGACGGCGCAAAGGACGAAGTGGTGGCCGAGCTGGGCCGTGGTCAGGTGGTCGGGGAGCTCGGGGTGCTGCTCGATGCGCCGCGGTCCGCGTCGGTTCGTGCGGTACGCGACTCGTCCCTGATGCGAGTGACCAAGGCCGAATTCGCGAAGATCGCCGATGCCGGGGTGCTTGGGGCGCTGGCGGGGGTACTGGCCAAACGACAGCACCAGACACGCGTGGCCTCTCAGCGGACAACGCCGGAGGTCGTTGTCGCGGTCGTCGGTGTCGACGCCAATGCACCGGTCGCAATGGTGGCCACCGAATTGTGCAGGGCACTGTCGACACGGCTACGTGCTGTCGCCCCCGGCCGGGTCGACTGCGACGGGTTGGAACGTGCCGAGCAGACCGCCGACCGGGTGGTGCTGCATGCGGCCGTCGGCGACGCGCGGTGGCGGGAATTCTGTTTGCGTGTCGCCGATCGCGTGGTG
NZ_CP041847.1_gap113	4348747	4349276	529	ATTCAATGACACGCTGCAAGAGTTTGAGACCACCCGTAGCAGCACGGGCACGGGTTTGCAGGGAGTCACCAGCGGACTGGCCAATAATCTGCTCGCAGCCGCCGGCGCCTACCTCAAGGCCGACGATGGCCTAGCCGGTGTTATCGACAAGATTTTCGGTTGATCATGACGGGTCCGTCCGCTGCAGGCCGCGCGGGCACCGCCGACAACGTGGTCGGCGTCGAGGTAACCATCGACGGCATGTTGGTGATCGCCGATCGGTTACACCTGGTTGATTTCCCTGTCACGCTTGGGATTCGGCCGAATATCCCGCAAGAGGATCTGCGAGACATCGTCTGGGAACAGGTGCAGCGTGACCTCACAGCGCAAGGGGTGCTCGACCTCCACGGGGAGCCCCAACCGACGGTCGCGGAGATGGTCGAAACCCTGGGCAGGCCAGATCGGACCTTGGAGGGTCGCTGGTGGCGGCGCGACATTGGCGGCGTCATGGTGCGCTTCGTCGTGTGCCGCAGGGGCGACCGCCATGTGA
NZ_CP041847.1_gap114	4353085	4354212	1127	CCGCAGGATCCCGCGCTGTGCTGGTCATGGCAACGCAGCGCCGGCGACCAGTCGCCGCAGTCAACGGTGCTGTCCGGCCGGCATCTGCCGATATCGCCCTCAGCGATGAACATGGGGATCAAGCAGATCCACGGGACGGCGACCGTTTACCTCGACGGCGGAAAATTCGTGGCACTGCAATCCCCCGATCCTCGATACACCGAATCGATGTACTACATCGATCCACAGGGCGTGCGTTATGGGGTGCCTAACGCGGAGACAGCCAAGTCGCTGGGCCTGAGTTCACCCCAAAACGCGCCCTGGGAGATCGTTCGTCTCCTGGTCGACGGTCCGGTGCTGTCGAAAGATGCCGCACTGCTCGAGCACGACACGCTGCCCGCTGACCCTAGCCCCCGAAAAGTTCCCGCCGGAGCCTCCGGAGCCCCCTGATGACGACCAAGAAGTTCACTCCCACCATTACCCGTGGCCCCCGGTTGACCCCGGGCGAGATCAGCCTCACGCCGCCCGATGACCTGGGCATCGACATCCCACCGTCGGGCGTCCAAAAGATCCTTCCCTACGTGATGGGTGGCGCCATGCTCGGCATGATCGCCATCATGGTGGCCGGCGGCACCAGGCAGCTGTCGCCGTACATGTTGATGATGCCGCTGATGATGATCGTGATGATGGTCGGCGGTCTGGCCGGTAGCACCGGTGGTGGCGGCAAGAAGGTGCCCGAAATCAACGCCGACCGCAAGGAGTACCTGCGGTATTTGGCAGGACTACGCACCCGAGTGACGTCCTCGGCCACCTCTCAGGTGGCGTTCTTCTCCTACCACGCACCGCATCCCGAGGATCTGTTGTCGATCGTCGGCACCCAACGGCAGTGGTCCCGGCCGGCCAACGCCGACTTCTATGCGGCCACCCGAATCGGTATCGGTGACCAGCCGGCGGTGGATCGATTATTGAAGCCGGCCGTCGGCGGGGAGTTGGCCGCCGCCAGCGCAGCACCTCAGCCGTTCCTGGAGCCGGTCAGTCATATGTGGGTGGTCAAGTTTCTACGAACCCATGGATTGATCCATGACTGCCCGAAACTGCTGCAACTCCGTACCTTTCCGACTATCGCGATCGGCGGGGACTTGGCGGGG
