gap_id	start	end	length	sequence
NZ_CP033512.2_gap1	8952	11311	2359	TTAATAGAAGATTTAAATTTATCAGAATTATTTAAAGATTCTTTTATTTGAGTAGCTACACTATCTTTTTGAGTAGAATCAGATAAGTTATTAACTTTTGTAATTTCATTTTTAATTACATTTAAATTGGATTTTAAATCTATTTCAGCATTTAGTGTCCCTTGAATATTTGTAACAACATTTGAAATAGTTAATTTATTTTTTGAACTGTCAAATGAATATCCATTTTCTAATGCATCATAATTTGTAATAGAAAAACCATTACTTTCAAATTCTATATTTACATTAGCAATTTGTTTTTCATTTTGGGGTTTATCAATTAAATCAATATTTATGTTTTTAATAGATGATTTAAATTTTTCTGATTTATTTAAAGAATCTTTTATTTGAATTTCTACTTCATTTTTTTGATTTGAATTAGTTAATTTTTTAACTTTTTCAATTTCAGTTTTAATTACGTCTAAATTAGCTTTTAGATCTATTTTAGATATATTTGGGTTTTTATTATTTTTAGTTGAACTACATAAAGTAATTGTTACTGGTAATGTAATTCCTAAAGTTAAAACAGCAATCGTAGGAACCAACCATTTTCAAATTTTTCCTTTTTTATTAGAATTTTTCATATTCATATCCTCCACATATATTTTTTTTGTTTTGAAAACTAATTAAATATTTATTTTTATGATTTTTTAATAACTGTTTTTCAATTGTTATGAATCATAAAAATGTTTTCAGTAATTTGAGTAAAAAATATATTTTTTTATTTATATTTATTGTTTTTAAAAATTTATATTTTTATATGTAACTTCCTTTATTTTTCCTTTCTTTTACAAATGTTTTTAAAAAATAATATAAAAAATTTAAAACTAATAAGTTTATTAACTAAATATTATCGCGTCTTTATAATTGCGTCTTTATTATTTCTAAGTTATTTTTTATATTTTGTATTTTCCTATTAAGTTATTTATTTCAGTTATTTGTAACTTTAGAAATTTACAAAGAATATTAAAACCATTAAAACAATAAAGGGATAATATCTTTTAAAAATGTAAGAGAGCAAAATAATAATATATTTTTAAATTTGATCAAAAATGTAAAAAAATAAAAAAAACAACTTTTGTTTTAAAAGTTGTGTGTTTTTCTTTGAAATTGATATATTTGTTTAAATATTCATTTGATTTAACTTTTTTTTGTAAGTTAGTTATAGGTAACTTCAGTAATTAAATAATATTTTCAGATTTCATCTTAGTAATAATTAATATGGTCTTAGAGTAATATAAAATTTTCTTTACTATTTGTTTTATTTAAAATTTAATAATATGTTTAAACATAACAGAAAAAGTTAAGATTTTTTTTACATATATAATCTAAACATTTTTTTAAAAAAGTAAAAAGTGTACTTTTATCTATATGAACAAGATAATACAAAACTTATCATAAAACCAAAAATGTATTGTTTTAAAACATGCTTTATAAAGCAAAATAAAGCGTTTTAAAGCCCGAAAATATAAAAGTAGACATATCTTATTAGGTATCTTGTTTTTGGACCTAAAACACTTTCGTTTTAAAAATTAAATTTTTGATTACTTTTATAATTACGTAATTTTTAATAGTTATGTAATTAAATTTAACTATGTAATTGTAATTAATTATGATTATGTAATTTCTAATAATTACGTAATTAATTGTAATTATGTAATGCTCGATTGACATGTGAAGTGCAACACTCAAAAAAGAGTGTGCACTTCATTTGTTTTGTTTGTAAGTGTTCACTAATAAAAAGATAATGAATATTAGGAGTGCTTATGAAAACTTATAAACATTTAACAAAAGAAGAAAGATGCTTAATTTATTTTCTTTGAAATAAAGAAAAATATTCTATGAATAAGATTGCAAAAATCTTAAATAAAAACAAATCAACAATATCAAGAGAATTAAAAAGAAACACATCTTCAACAGGGATTTATTATTCATCAACTGCTCACAAAAAATACATTAGAAGAAAATCAAATTGTCATATGTTTTTTATGTTGAAGTACAAAAACTTCACAGATCTTTTTATTCAAAAATTTAATCCTAAATCTCATGGTGTAGAAGCTACAATTTTTTGAATAAAAGAAAACTATCCGTTAGTTAAAGTTCCAAGTGCTAGGCAAGTATTTAGATGAATCAATAGCAAGATTTGAAAGATACAAAGAAGAGATTGTTTAAGAAGAAAATATGTTAAAGGAAAAAGAAGAAAAATAGGTATATTTTCTAAAATTGATGGAAAATACTGCATTCCTTATAGTCTAAGACCAGAAAAGATAAACAATAGAAAAGAATTTGGACATTGAGAAGCTGATCTAATAGTTAGTAA
NZ_CP033512.2_gap2	20047	23486	3439	GCACTTATATCTAGACGTGCAAAAATTAGAAGTTTTAAAGTTAAAAAGGATAAGACTTTAAATCTTAATAAAAAACAAGGTAAATCATCATTAGATGCATTTGCTGATGAATTAGAAAATAAAGCTAAATAGTAGAAAGGAAATTAAGTTATGAAAAAAAACAAATTAATTAAAAAAATATTTTATTCATCACTTTCATTATCGGTTTTGTCAATCGGTAGTCTTTCTGCTGTTTCTGCTTTTTTAAATAAAGATAATGCAAATGTTCAAAATAACTACAACTATTCTAGAACATTGAATGATGATACTGTTGAAAGACGGCTAAATAGCAATAATAATGAGTCAACTAAAAACAACCAACGTTTAATTTCTTTCAATAGAAGTGGTGATAATGGAACAGATTTTTCTGATGAACTTGCTAAACAATATAAAGCAACAGATTCATCAGGAACTTCTTATGCTATATTAACAACTTCTCAAAATGGAACAGATGCTGGTGCAAAAACAACAGCAAAACATGATGGAATAACTAAATATAATTTAACTGGAACAGATGCTGGTAAAGCAGATTGATTAGTTAAATTTAGTGATTTACAAGCTCTTACTAATAGTGGTTCAGCATCTGAATCAACGCAAGCACAAACAACTAGTTTAAACATTACTTCTATAAAATATAGTTCTGGACAATTTGGTACAAATGGTTCATTGTTTGTTCTTGGTAATGATGGATCAAACAGTTATTTATTTAGAATTGTTTGAGGTGGTACTGATAAAGGTAAATATGAATTAGTTGCTAAAACTAATGATAGTAAAGTGTATAAATACATTAACATCACAAGTCAAACATCTAATTCAGTTGTTTTGTTTGGTGATATTAGTAGTAACAATGTTGATTATGCAACTGTTTCGGTTGGTACTGCACAAAATGCGAAACAAGAAACTTTAACTAAAAAAACTATAGATCTTTCTGCCACAACTTCTAATCTACCTAAAAATCTTATTATTCAAGACACTTTATATTACAATGGTGATAATTATTTAGTTGTTAAACAAAAAAAGAACGGAACTTCAACAGGTGCAAAAGAAGCTAATAATGGCTATTCTATAAATAAAGATGATGTATTAAACTCACTTGTTAAAATTAATTTATCATCTAGTGGTGATTCTATTAGTGTTCCATTAAGTAATGTATTACCAACAAAAGTTACTCAAGAATTTATAGATAAAGGTCTTGTTGGGAACGATATTAAAGGATTGCAAGTTACAACAACATTAGTTAACAGCAATTTAACATTAATAACATCATTTGAAGGGACAAAAATAAATAAAAGTAATGGTTTCCCATATGTTATTTCTAGTGTTTCTTTATCAAATAATTATAATCTCAACACTAATTTAGCAACTAATTATAATTCAAATAACAATTCATTTACAATTGATCAAGTTTCACCTATGTATTCTAATAGTGCAATTGTTGGTTATATTGCATTAGATAGTTTAAATAGAGCTTATAAGCTTGATAATAATTTTCAACCATTAGAATTATTATATGAATTTGATAGCACTGGTACTGGTGCAGGGAAAACAACAAAAAATAAAGTATTTAACATAAATACATACCCTAGTGTTGCAGATTGATATGCTCAATCAGATGATTCAAAAATTGGTGATTTCTTTAATAACACATTAATTGGTGAGTTAGGTAGCGGATCATCAAACTATTCTGAAGTACTAGCTACTTTTTCATTTAAAACAGATAGTTCAGTAACTGGTCTTGCGAAGTATGTTAAGGCAAGTGATAATGGTACTATTGCATCAACTGAATTAACTTCATTTTTAAATTCAACTGATGCATATAAAAACTATATGAATATTAGTTCTTATGACCCAAGATTTGGCGAACCAAAAATTTCAGTTTCATCATCAACTATCACTAAAATTAATAATGATAATAATGATTCTAAAAATTATAAAGTTGAATTAGAATTTAAACAAACAATTAGAAAAAATAGTGGTAATGGTTCTATTACAGATGGTGAACAAGTATCATTAGGTAAAAAAAGTTTTACTTTTATAAATACTGATGGCCAAATTTCACAAGTAGCAACTGAAAATATTCCATATTATTTAACTAATAAATATCCATCTCAAATCACAGATGATGAAATAAGTAAATATCTAATTCAAACATCAAATGTTTCAGGATTAAATTTCATTAAAGAAAGTGATGATACAAAAGGAACTTTAACTGTAAATATTACTGCACCATATATGTGAAAAAATGGGGAACTAAAAACAAACGAAAATATGTCCCTTGTTTTTGGTGGTGAAAACAATCCTATTTTCTTAAAAAATAATTTAGCTAATTATGATTTAAGCGTAACTAAAGTAGACAAATCATATTGAGAAGGTGAGTCTATGGATAGTGAATTAAAAGATAGACTTCAATTACAATATTCAACTCTTCTTCCATCTGAAGTTAAAAATGAAAATTATCTAAGAGATTTTTTAATATTAGGATCAGATTTTTCTAATGCCTCATTGGTAAATTCAGGTGAAGTTTCACCACCAACAGTAAATGATATTACTGTAACTCCGTTTGATAGAGAAGGTAGTGCGTTAATTAGAGTTACTATTCCAAAAATTGGAACACAGCAAAATGTTGTTTATCAATTTGAAACTCCTAACATATTTAAGAAAGATGCATCTGCAAATGAATCAGTTTACTACATGTTCAAAACAGATGAAGAAGTTAGAACTACAAGATTTAATGATAATAAATTCCAAAGAACAACGCCAACAGTTTTCACTAGTTTATTAAATGGATATATAGCAGCTAACCAACCAGATAAAATTATTGAATGATTAGGTTATTTTGGTTACTTTAGTAATTATTTTTCAAATTTAATTTATGAAAGATATAGTTCAACTGGAAATTCAACAGATCCTGTAATTAATATAACAACTAACACTAATTTACCAGTTGGTTCAATGACTCTTACTATAAGATTAAAAGATCCAATTGAAGGAATAGGAAATGTAATTTCAAAAACATTTGTTGCTTTCCAAGCTAGTGGTAGCATTATTAACCAAGAATCAACTTTTAGTTGAGGAAATATAGATGCTCTAAAATCTAGAACTCCAAGTTCTATTACTTTAAATGACCTTAATTCAAATGGTGCTTTTGTAGAAGGTGGTTCTACATCATCACTTGAAAAAGAAGTTCAAATAAATCCTATAAATACAACAGGTTCACTTGAAGTTATTGTTTCTTATAAAAATTTTGTTCAGAAAAAAATTAATATAAATAATGGCCAACAAACAAATGAATTAGAAATTGTTCCTGTAAAAACATTTAGAAATGTGTATACTGGATTCCAAATTAGAGGAAACCCAGTTGATGTAATTATTTGAAAATCAGAATCTGAGTTAGATGCTC
NZ_CP033512.2_gap3	178990	182082	3092	TTGAAAATAATATTGATGTTTTAGAAGTATTAGGTTGAAAACAGGTTCAAGCTACAGATAAACAATTATCAAGACATGCTTTAGTGAGTACTTTTGTTGAAAAAGAAGGAACTGGAACTAATGACATAAATTCTCAGAAAATGGGTAATGATATTGGGGTGTTTAATTCTAAATTTACTAATTTTCAAGTTACTGAAACTCAAAGTGGAAGTGGTTTATATAATTTAACAGTAACTGCAACTCCAAATGATGGTTATCAATGAGATGATGGTACTAAAGATCAAAAAGAACTGAAAATAGCAACTAATGTTGATATTAATGTTAAAGATGCTAGTGTTGATAAAAGCGTAAAAAATAATATGAAAAAAGAAGCCTGAGGACTTGACGCTTATGATAAAAGTCCTAATGAAAGTGACTTAGAAAAGATAAAAGAATTCTTTAAAGTTCAAGAAAATGCTAATTATTTATTAAGTTATGCTAATGGAAAAGAGGCTGGAAAAGAAGGTGTTTTGAATAGCCGTTTTGGAAGTACAACTTTACTCAATGTTGAATTTACATCTATAAAAGTTGAAAACATAGAAATAGTTGATAAAAAAACAAAAGCAAATGAAAAACAAATTTTGATACCTTTAGTTCTTTCTCCAATAAATTCTCATACATGAAAAGACAATTCTGAAAGCACTAATATATGAGTAAAATCAGACACATATTTTTATGTAACTATCCCAATTGGAAATGCCAAATAATATTTATACACACAACAAAAAAATAAAAGAAAAAGAAAAATTTTCTTTTATTTTTTTGTTTAATTTTGATAATTTTTTCTTTGTTTAGACTTGCTTTTTTTTTTTTTTTTTTTGAGTATACTTTTTGTAAATTTTAAGGATAGTGAAAGAAAAATATGAAAAATAAAAAGACAAAATTAATTAGATTATTAACAATTGGTGGAGCTGTAATGGCAATGGGCGCAGTCCCTATAGTAATGACAGCTTGTGCTAAAAAAACTAATTCAAATAATGATTCTGTGTCAACTTTTGTTCCTCAACTTAATACTAGTAATATAAAAGTTCATGGTGATTTAAAAGAGCTAGTTGATGGAAATGTTGATGAAATTTTATCTAATTTAGTATCAAAAAACAATGTATTAAAAACTATTGTTACTAATGCAGATGAATACAATGGAGGAGATTTAACTAATATAACTGCAAATGTTGAAGTTAAAAAAAGTGAAAACGGTGAAAACAATTGAGGAACTCAAGAGTATAGTTCTTGAAAGTCGGGAACTACACCTATTTACTATAGTATTAATTTAGACAATATTACAGTTAAAAATAAAAATGAGTTATATACAAAATTAACTGAAAACAACCAATTAAATAAAATATTTGAAGCATCTGGTGTTAGTGTTTCAAATAAAACTCTATCAATAGTTACAGACACTGATGTTTCACTAGAAGGCGATTTGTTACATGTTAATGTTGAAGTAAAAGAAGATGCTGAAAGTACAATGAAATATGACCTTAGAATACCAGCATCTGATATTAACTATACTCCAGATATTAAATCAGTAACTTTTGAAGGTGAAAATGTTAAAACTACAGTTGTTGAAGGTTCAAAAACAAAAATTACTTTTGATGCAGGAATAGATTCTACTGTGAGCAACCAATTGTTAAATACAATTGATTTTAAAAGCGAAGTTAATTCAGACGATCAAATAACAACTCAAAAAATTTTAGATAAACTTAATTTCACAATGACTCAATCTGATCCAGAGAAAATAATAAAAAGTTCTGCACAAAAAACACTATTAACTAATAATTCATTAGATATTCAAGATGCTGTTACTGAAAATTTAAATAGTGAAAAAATTGGTGAAGCTTTAGGTGTGTTTAACACAGAATTTAAAAGTGTTTCTATCACAAAAGCTCATGAAACATATGATGGTCAATATAAATTAACAGCAATTGGTTCTCCAAAAGATGGTCACACATGAATAGATGGAACTACAGAAGAAAAGAGTTTTGAATTTAATGGTATTAGAACTACTTATCAAGGCTCAACTTGAAAGAGCGCAGCTGCTGTTAATAACGGCATATCAAATTTTGATATTGGAAAAAAAGCTGATAAAGAAAGTTTTGATGCATATTTTACTGACAAAACTAATCAAGATAATTTTGCCAAAATGATATATAGTATGCTTAAATCAGCAAATGAACAATCTGGTATGCAAAATGTACATGTTGTATATTTAAGTTCAACATGAACATCTGAAACTAATTCCGTTGTTAGAGTTGGTTTTAGAACAAATGAAGGGTATTCATGAGTTACTGATAAAGACGACAAAAAATCAGAATTTAATGTAAAAATTAATTCATTTAAAATGTATTAAAATAGATGTTTTTTAAAATTTAAACTAGGACATTAAATGGGACAAAACCATTTTGATGTCCTAGTTGCTCGACTGACATGTGAAGTGCAACACTCGAAAAAGAGTGTGCACTTCATTTGTTTTGTTTGTAAGTGTTCACTAATAAAAAGATAATGAATATTAGGAGTGCTTATGAAAACTTATAAACATTTAACAAAAGAAGAAAGATGCTTAATTTATTTTCTTTGAAATAAAGAAAAATATTCTATGAATAAGATTGCAAAAATCTTAAATAAAAACAAATCAACAATATCAAGAGAATTAAAAAGAAACACATCTTCAACAGGAATTTATTATTCATCAAATGCTCACAAAAAATACATTAGAAGAAAATCAAATTGTCATATGTTTTTTATGTTGAAGTACAAAAACTTCACAGATCTTTTTATTCAAAAATTTAATCCTAAATCTCATGGTGTAGAAGCTACAATTTTTTGAATAAAAGAAAACTATCCATTAGTTAAAGTTCCAAGTGCTAGGCAAGTATTTAGATGAATCAATAGCAAGATTTGAAAGATACAAAGAAGAGATTGTTTAAGAAGAAAATATGTTAAAGGAAAAAGAAGAAAAATAGGTATATTTTCTAAAATTGATGGAAAATACTGCATTCCTTATAGTCTAAGACCAGAAAAGATAAACAAAAGAAAAGAATTTGGACATTGAG
NZ_CP033512.2_gap4	243456	248377	4921	CAATGGCAACTGGAAATAGATGTTTAGAAATAATAAATCAAAATAGACATAGTTTATCAAATGATGCTGCAACACTTGCATGAGCTGGTTTAAGAGCACTATTTTATGATTTTGCTTATCAAAGAGAATGAATTCATGTTGGAAATATTTCACCTAGAAATATTCGTTCAGTTCATAGAGTTCAAGCTGTTCCAGTTGATCCAAGATATGCAAAATATAATAGAAGAACACATAATTATCCAACTTATGCAACAGTTCGTCTTGAAAGAGAAGAATATATAAATCCAAATTATGTTGATGGTTTTACTTATGCTAACCATTTACCACTAGAAATTACTGTTACTCATAATGAAGTAGGAAGAACAGATTTTACAACAAAATCATATACAACTGCAGGAGCTCATTTTAATTTAGGACCACATCCTACACCTCCAAGTTCTGGGGCAATAGGTGGCGTATCGTTAAGAGCTTTTTCAAATACAACAACAGCTATTGTTGGAACAGATCCTTCTGGACCAGATATTTCAATGGGTTTTGCTTGTCCAACAGCTGGTTTAAGTTCAGTTGTAGCAACATTATCATCATATAGTAGATCTAAAAGAGATGCAGATAATAATGAAGAAGATTATGATTACTATGATGAGTATGGTGTACCAATTCAAATTTCACCACTTGTAGAAAATTATAAATACTCTTTTTTAGCAATTGAAGAAATAGAAGAAGAATTAAAATTAATTTATGTTAAACAAAAACCAGACATTATTAAACAAAAGGTATTATTTACAACAGGTGGTAATTCATACTTTGCTTTAAAAGCTCAAAAAGATAATGATCGTTTTAATGCTATAGGTGTTGAAGAAAGTAATTTAGATTCTGCAACTGATATTTTTTATGATGCTCATTTAAGATTAACAACTGAATTAGATGGAGTTCATTATCCAGTTTCTTTAACAATAAATTATTCTAGGGAATTATCAGAAAAAACTTATGGAGTAAGTTTTGAAACAAGTAGCATTAATAATGATGATCAAAAATGAGTGTTTAATTTGTATGATTATCAAAAAAATGAAACTCAACTTTGATTTACTATAGATAGTGTAGAAAATAAAAATATGTGTTTATATCTTGATGTACATAGTAAAGAATTAGTACTTAGAGAAAAATTTAATAATAATTTAAGATATAAAATTTTATATGTTGTTGTAAGTAAAGATAAAACTGAACATACAATTTTAAGAATCCAAAAACCACTAAATAATTTAATTGACATGGGTTTAGAATGAGTAAATCCTAACAACAATAATATTTATAGACTTAATACAGGGAATAGAAAATTCTATACTGATATAAAAAATGTTAAATATAAATTTTTCTATGATTTAGAAACTTTTGAAATTTTAGATCTTGAGGATAAAACAAAAAGTTTTGCATTATATAATAATTCTTTTGAAAATGAATATTATACAGTCAGATGAGTTGATGTATATCCAAATCAAAAAAGACCTTTTGATAAATATAGATGATATCTAAAAACTTTATATTCAGATGAATATAAAGATTTAACTAGAAAACAAATTGTATCTTTTGTAGGTAATAATTTATTAAGAGTAAGTTGTGAAGACAATGATACTTTTGCTTGAATATTTCTTGAAAACCAATACAACAAGATGAAAAGCGACACTACTTTTAGATTGAAAAAGAAAAATTTATTCTAATAATATATTTAAACAATATAAACTATGACTTTAAATGCATACTAAAACTAGTATGCATTTTTATTTTGAATAGATACACTAATTTTAGTTACTATTTTAATCATAAAAAAATAATTACTATGTTAACTTGATATAAGTTAAAAAATAGATAATTTTATTTTGGTTTAAGGTTGTTGAATATAAATGATTTTGTCTAACTACTTTTAAAAGAAAAATGTTATTTATAATAATATTTTTCTTTTTTATAAATATTTTTGTTATCTGTTTAATAGTTTAATTTGCTATCTTTTCAATTTTTTTAATTTGATAATACAATATTCTTATAAAATCTTTTTCTTATAAATATATTTTGTTTTTGGCCTTGTGTCTTTCTTTTTTCAAATGTGAAAAGTAGTTTTTAAATATTTCTTTTTATAAACTTTAATCTAGCCATTATTTATTTTTGAAAATAAAGGTGTTGATCATTATTGGCCATGAAAAGATTATTGCTTATTATTAATTGTTAGATTTAATAAAACCCTTGTTGAATATTTTTTATTTTCAGTTATTATTTTTAATCTTTTATTTTATAGATATATGTAAAGATTTATGTATTTTGTATTTTTTAATTTATTAGAATGATTTATTAATTTTTTTATAAGTCTTTTAAATGCGCTTAATTTGTTATTAAAGTCTTTTTAAAATTACTTGTTGCAAGTATCAATTATTTTTTATATATCATTTTTAAATCATTTCATATGTTTATGATTTTTTGTAAAAGAACAATAAAACAAAAAACAGATCATCTAAATGTTCTATTAAAATTTGTTCTGAATATAATGATTTAATCAATTTATTAATTATTTGTATATTGCACTATTAATATTTTGATTACAAGATTAAAATGTTTTTCTTTATAATTTTTGACATATCTTTTACATTGCTTTGTTAACTTTTTAATTATTAGCAAAAGTTATTAGATAATAACTTTTTTTATTTTATATAAGATTGTTGATCTTTTTAAATGCTTATAATTAAAAACTTTTATATTTGTTTATTAATTTTAAATGTATCATTTTTCACTTATTAAATAATTTCACTTTGATAATTTATGTAAACAAATTTATAAAAAAAAGAAGTGTTTAGAACTGGCAGAATTTATAAACTAATTATTTTAGTAATAAAATTTTTTTGTGATACTATGAATTCAGCGAGGTGAATTATGCCAATTTATTGATTAAATCTTATATTAAATTAGTTTATGAAAAATATTAAAATAGAAAGCAAACCTCTAATAAAAAGAAATGTAAGATTAATGGAGGTTTTAAAAAATAATGATAACTATGAATTATCTTTTTTAGTTAGTTCAAATAGAAACTTTAATATAAGTTTAACAAAAAAAGAATTTGATATTTTTAAATTAATAAACGGCACTAATTCAATAAACGAAATTGTAAAATTATCCAATAATAGTTTTAATGATATTTTTCAATTGCTTCAAAAATTTGATGAAAAAAAAGTTCTGACATTTTCAAGTCAAAGTAATAATTTTCAATTTGATTACCATGATTTATTTTATGATATGTCATTTAAAAAAAATAATTTTATAAATGAAAAAATAATAAATAAAAGAATATTAGTTGTTGGAACTAATGAAATAGCAAATAATGTTATTTTGTTATTAATGAAAATGGGTATTAGAGATTTTGTTTTAGTTGATAAAGATATTATAGAAATTTCTAATTTAAGTATTCCATTTTTATATGACAAAGAAGATGTAGGGAAAGAAAAAAATAATATTCTTAAAAGAGAAATACTAAAATTTGATAAGCACGCAAACATCACTCTTTTTAATGCAGAATTTAATAACAATATATTTGATAAACTAAGTAATACTAATAGTTATAAAAAAATTGACTTTGCAATAGTTACAACCAGTGATCCTGTTACTATAGCTATTGATGCATATGAAATATTCACAAAATTAAATATTCCATACACAACAGTTTGTCACTTAAATGATTTTTCTATTTTTGGTCCAATAATATATAGAAAAAATGAAATGTATGAAAAATATATTGAAACAACAAAATTAAAAAATAGAAAACCCAAAGAATTTATTGTTCAAAACAAAAAACACCAATTGCTATCATTTGATTCAATGAATATGTTTTCTGCATCTAATGTGATAAGTGATATGGTTAGATTTTTTAATGATATTAATTCTGCATTATCATTTGAGAAAAAAATAATTTTTAATTACAATACCTTTGATAAACAAGAAATATCATTCATTAACACCAAAACTAAAATAGGTATATTCACTTCTTCAAGTGACTTATCAAGTAAATTACCTAGAAGAGTAAATAATTCTAAAAAGATTTTAGAACAAGAAGGATATATAGTTAATCTTGGAAATCTTTGAAATAAATCAATAGGATATACTTCTGGAAATGCAAAGGAAAGATCTGAAGAATTTAATAATTTGTTATCTGATAATGATATATTGATGTCGATGATTGGTGGAATGAATAGTAGCTCTATATTACCATATATAGATTACGATAAAATAATGGAGCGCAAAACAAAAATAGTTGGATATTCAGATACAACTGCTATTTTATTAGCAGTTTATAAAAAAACAAAAATACCAACATATTATGGACCAGCATTATTACCAAGTTTTGATGAACAAGATTTTATAAAGAGGTGAAATCTAAATTCATTTAATAAGTATGTTGTAAATAACCAAATAGGAATAATTGATAATCCAAAATTATGAACAGAAGAAAAAATTGATTGATTTAATTTTGAAGATGAAAAAGTTAGCAAAGAAAACTACATTAAAAAAATGCAAAAAAATAAACTATATTCCTATAATGATGGTGTTGTTATTGGAAGATTAATTGGTGGAAATTTAAATACAATGGTATCTGTTTATAACACTGAATTTATGCCTGAAATAGTAGAAGGAGACATTCTTTTTATTGAGGATTCAAATAAGTCAGTTGATGAATGTGAAAGAAATTTTGCTTTTTTAAAAAACTCTAAAATCCTTGATAAAGTTTCTGGTGTTATATTGGGTAAATCTGAAAATTTTAATAAAATGTCATCTAATGAAACATATGAATCACTATTTATGAAATTTTTAGATAGAAAAATACCTGTATTAACTAATTTTGATTCATCTCATTGTCAACCAATGAATGTACTAAAAATAGGTGGTA
NZ_CP033512.2_gap5	271397	276046	4649	TATCTGCAATGGGTTATTCACCTGAAGTTAGAATAATAAGTGATAATAATGGTGCACAATATGGATATCTTCAAGTTGAATTAGATTATTCTAAACCAACTACAGAACAAAGAAAAAAAATACCACAAAGTTTCTACAATGAGTTTGGTTTAAAAGATGGTAAAATTACTCAAGTGTATATTGGATTTTTACCAGTTAGTACAAGATTTGGAATAACTTTAAAAAATTATTATTCCCAAGAGGTTCAAAACATTGTAAATAATTATAGTGTAGAGTCTCATGTTAGTTATGATGACCTTTTAAAAACACTTAATTACAAAGGATATTTGCAAGGTGAAGTTAATATTCTTAATGTTAATTGAAATGGTGAAAAACTTGAATTTATGGTTTCTGGTAAATCAGCTAAATATCCATCAGTTGCATCAACATATAATTTTACAATTGATTGAGCACCAAAATTTGCATCAATTAGAGAAAGAAATTTAATATTAGCTGTTGTTTTAACATTGGCTGGTATTGGGGTTGTAGCATTTGGTATTGGTGTTTACATACTTAGAAAAAATAAAATTAGAAGACTATTGAAATAAAAACAAAAATATTGTCATTCAAATATGGCAATATTTTTTATTTGTTTTATAAAACTTTGCTTGGGTTGATTTTTATCTTTGAGTTAATATAATCAAAAAAATGACTGTAAATGGCGGTTTTTATGAAAAATAAGATCAAATTAATGATTGCATCTAGTATTGGTATTTCTGCAATAATGGTTCCATCTATTATAAGTTATACAAAAAATAACAATAATTCAATTGGAAATTTAAACACTTATAAAATAACAAATAATGATTTAACATCTACTAAAGATGTTAATTTTTTAGACAAAAAAAGTTTAGAAAACATTTCTACATCTATTGGGCCAATTGTTTTAAAAGATAATAAAACTATTGAAAGTAGAGATTGATATGGATATACTAATTGAACGTTAGATATTTCAACAATTGATAAAACAAATAATGGATCAATTTCGGTTGTTGATTGAGAATATTTGCAAAAAAGTGATAGTTTATTTTTAATTACATCAAATAGTTATTTGATAAAAATTAATGCTACCACTGGTGAAGTATTAGCTTCAGCTGATAAATCAAGTTCTGAAATTCAAAATGCAGATAGACTAGGCGGAATTCAATACAATGATACTTTATATGTATGAAATTCTAAAACTACATCCACTACAATTTATTCTGTTGATAGAAATACTTTGAAAAAAACAGGTACTACAAATAATTCTAATAATTTTTTAACAATGAATAAGTTACAAAAAATTATTCCAATTGATGTTGGATATAATATTGCTGTAACAACAAATGGACAAGAAAATAATCAAAATACAATTTCTAAATTGAAATTAACTTTAGTAAATGATTCATTAGAACCACTTGTTAAAAAAGAAAAAGTTGATTCAAAAGAAAATGTACAAGAATTAGAAATTGATATAACACCTGGTCTTGAATGAGGCAATATTTATATAGATGGTTTCTATAGATCATCAACACAATCAACTTTATTGTTTATTGATAATAAAATTTATGAAGTATTTTTAAATAAAAACACTCCAAATAAATCAGACATTAAACTAATTACTAATAATGATCAAGCAAACAAAGCTGAAACAACTAGTCCTAAATCATTTAATTCATCATTTATTGACTCAAATAATAATGTAATTTTTAAAAGAGATGGTGATAAGACCATTAGTAATTTAAATTCATCTAATAAAATTAGCACACCAATAGATTTAAGTAATGCTAACAATAATGATTTAAAACAGATAATTACTAATGATACTGGAAACACAAATAAACTAAAAGTTTATGGTGTACCTACAGAAGAAAGAGAAGATATTAATTCTGCAAATAATATTTATTTAGTAGATCAAGGTTCAAATTTTGCAACAGGGTTTACATCAAATATTGCAAAACCAACTAATTTTTATAATGAAAAATTAGAATTAAAACCCAATGATAATATTTCAATTACGAACCTTTTACCATCACAATTAAATATTAGTAATTTTAAAATAGTTGGAAATGGTGATCAAATAAATAACTCAAATAATGATGCAAAATTTGTTATTGATGATAGGAAAGGAGAATTATCTCTAACTTTACTTTCAACGCGTAATGCTTGATATTCTCAATTTAGCTCTGTGAAAACTAAAACATATTTGCATTATAAAAATACTGGATTTAAAAAATTAGAGGGAGCTGTTGTTTGGGCTAAACAAGTTTTCCAAAATCTTTATAGCAAATATACACCAGGACAAATAACTGAAGAACTATTAGATAAAAATGCAGAATTAATAATGCCAAGTTCTAATATTACAACATCTAATGGTTATTCAAACATATCTAGAAAATTTTTAATTGTTGAAAGAACTGACACTACAGGTTTAATTAAAGTAGAGGGCACATTTACATATACAGATAAGTACAATACTACTATTAATTACACTTTAAATCCAGAAACTTTCACTGTTAAAAAAGCGACACAAAGTGATTATAAATTTGAATTTTATGGTCAAGACTCTAATGGTAATGGACATGATAATGACTATACAAAATTACCAGCTATTGATATAAATCAAATAACAGGAAACCAAGCATTGGATAGTTTGAAAAAATATATTCCTTCTTTCATCAATCCAGATCAAGATTTATTAGCAGATGCATTCATTAAAACACAAGATTCTTATCCTATTGCAAAAGGGTTAAGAAATATTTATTTAAAAGATTGAGATAATGAAAATGGAACTGTAACTGTTGCAGTAGATTATGTTGGTTTAGATAATAAAATTCCATCAAGTTTTGCAAGAAAATTTACAGGTTTTAAAACTTTAAATCAATCTAGAATTGATTTCAAAGGTAATAAAGTTAAAAAAGAAGATGTTTCAACTAACATAACATCTTTATTTAGTAATGATACTACATATATAAACATTAAAGATGTTTATCCAGAATATGCTGATAAAATATCTGATGAGGTTAATGATTTAGCTAAAACTTATTCTGATGGAGTTGCTGCATTGGCTGCAATGGGATATTCTCCTATAGCGGAAGTTAAACATAGTGACAATGGAGCTCAATATGGTTTCTTACAAGTTGAATTAGACTATACAAGGGAATCAACTCAAGATAGAAAAAGATTACCAAAGAGTTTTCAAGATAAGTTTGGTTTAAAAGATGGAAAAATATCACAAGTTTATTTTGGGTTCTTACCAGTTAGTACAAGATTTGGTATATCTTTAAAATCTTATTATTCTCCAGAAGTTCAAAATATTGTTAATAACTATAATGTTGAGTCATTAGTTGACTACAATGATCTTTTAAAAACATTAGATTATAAAGGTTTTTTAAATGATGAAATTAAAATCCAAAATAGATCATGAGATGGTGAAAAACTTAATTTTGAAGTAACAGGAAAATCTGCTAAATATCCATCTGTTGTTTCTACATATAATTTCACAATTGATTGAGCACCAAAATTTGCATCTATTAGAGAAAGAAACTTAATATTGGCAGTATCATTAACATTAGATGGTATTGGTGTTGTTGCATTTGGTATAGGTGCATATATATTGAGAAAAAATAAAATTAGAAGATTATTGAAATAATGAATCCAAAAATATTGTCTATTTGTTTAGACAATATTTTCCCTAACTGACATGTGAAGTGCAACACTTCAATGTTACATTAAACTCTCGACTTTGAAATATAAGTTGAGAGTTTTTTGTTTTAAATATTTTCTTGATACATTTGGTAAGCTGTTTTATAACCAAACATTTTTCTTGGGATGTTGTTTACTTTTCATTCAAGAGTTTTTATTTTATCTTCACTTACTAAACTGAAGTCAGTTCCTTTTTTATATCATCTTCTAACTATCCCATTTATGTTCTCGTTGGACCCTCTTTGGAATGAAGAATAAGGTTGGCAATAATAAACTTTAAAGTTGAATTGTTTTGCAGTTATTCCCATCATTTGAAACTCTAACCCATTATCAACAGTGATGCTTTTTATTGGGAGTTTTTCATCTCGAATAATGGTATACATTTTAGCCATCATTGATCTAGCGTTTTTACCTTTTATTTTTCTAATAATTGCCAACCTTGTTTTTCTTTCTACTAATGTTAATAAGTGGTAATAACCACTTTGCCTTTTACTAACTATTAGATCAGCTTCTCAATGTCCAAATTCTTTTCTTTTGTTTATCTTTTCTGGTCTTAGACTATAAGGAATGCAGTATTTTCCATCAATTTTAGAAAATATACCTATTTTTCTTCTTTTTCCTTTAACATATTTTCTTCTTAAACAATCTCTTCTTTGTATCTTTCAAATCTTGCTATTGATTCATCTAAATACTTGCCTAGCACTTGGAACTTTAACTAATGGATAGTTTTCTTTTATTCAAAAAATTGTAGCTTCTACACCATGAGATTTAGGATTAAATTTTTGAATAAAAAGATCTGTGAAGTTTTTGTACTTCAACATAAAAAACATATGACAATTTGATTTTCTTCTAATGTATTTTTTGTGAGCATTTGATGAATAATAAATTCCTGTTGAAGATGTGTTTCTTTTTAATTCTCTTGATAT
NZ_CP033512.2_gap6	280240	281647	1407	TGAGGCGACAACTTTAATAAAACCTAAAGAACAAAAACAAGAAACAACAAATAGTATTGAAAATTTTGGGCAAACTGGAAAATTCACTGTTACAGGCTTATCTGGAAAATATTCTTCTATTTTTATTCAAGCAATTGATAGAAGTCAAACAAGTTCAAAGATTTTGTTTGTAGGTAAAAATGCTTATGAAATAAGATTAAATAAAAATGATTATAGTAAAACTACTGTATCTGATTTATTTAATCAAAGTCAAAATAAAAATGGTTTTGATACAACAAATAATTTAAATTCTGCTTTTATTGATTCAAATGGTTTAATCTATTTTAAGAAAACAAATGAAAAATTTGTATGAACATTAAACACTCAAAACACTATTAATCAAGCTATTGATCTTTCTTCAGATACTAATAATGAGCTTAAAAAAATAGTTACTAGTAATAATGGAACAGATGGCCAAAGTAATACTAATGATGTAATGATTTATGGTGTACCTACAGATAAAAACCATGTTCAAAATTTAGCAAATGCTTCTTATATTGTTGATCCAAACTCTAAGTTTGCTACAGGTGCTGTAAACAATATTTTAAAAACTAATAATTTTACATCTGATCAAGTAACTTTAACTCTTTCATCATCATCAAGTAATAGAGTTCCTTCTCAATTTAGTATCAATGACTTTAAATTATCAAACAATGCATTTGCATTAAAGGCTGATGGAACAAATGAACCTAAATTTACTATTGATGATCTAACTGGTAAACTTGAACTTTCAGTATTAGCATTTAGACAAGCTTGATATTCTAATTTATCTAGTGATACTACAAAATCAATTGTTAGATACACTAATACATTTTCAAAAACATCAGATGTTGTTAAGTTTGCTTCAGATGAAATATTTAAAGCTTTATTTCAGAAAAAAACAGCAAGCCAAATAAGTGAAGCAATGCTTGCTGAAAAAGGTGAACAAATTTTAGTTTCTGGAACAATAACTGAAGGTCCAAATTATTCTAATGTTCAAAGAACTTTTTTGATATCAAATGTAGATAATCAAAAAGGGGAACTGGAAGTTCAAGCAACTTTTACATACACTGATAAATATAATACAACTATTCAATATGCCTTAGAAACTCATAAGTTTAAAGTTGAGCCAGCAAAAAGTGATGCTTATAAATTTAAATTTTATGGTCAACAAGAAAATAGTGAATCAACAACTGAAGCTATTGATATTAACCAAATACCAAATATTAATCCTACATTAAAAAATCTTGGTAACTATATTCCATCACTTGTAACTAGAGATGAAGATATCTTGGGAGAAGCATTTATTGAGGTTCAAGATTCTTATCCTATTGCAAAAGGAATAAGAACCATAACTATAGATGATGTTAATAATAATGATGGGTCATT
NZ_CP033512.2_gap7	288311	292787	4476	ACTTAATGAACTTAGAAACTTTAAACAAGAATTAACAGGAATTTCATCAGGTTATCCAACAATCGATAGATTCACTAATGGTTTTCAAGGTGGAGATTTGATAATTTTGGCAGCAAGACCTGGTATTGGTAAAACAGCTCTTGCAATTAATTTCTTAGTTAATGCTGCCAAAAAATTAGTTTCAGATCAAAAAGAAATAGAAGAGCAAAAAGAAGACACAGCTGAATTAAACGAAAAAAGAACACCTGGTGTTTTAATGTTTTCTATGGAAATGTCAAGTTCACAAGTATGTCAAAGAATTTTATCATCTTTATCATTAGTTAATGGTGGAACTTTTAAAACTGGTGGATTTACAAATTATGAATGAGCAAGTGTTTTAACATCGATTGATTTTGCTAACTCACTTCCAATTTATATTGATGACACTGGTGATTTATCAATTATGGACATTCAGTCAAAAATAAAACAAATGTCAAATGATAAAGATATAAAATTAGTTGTTGTTGATTATTTACAGTTATTAAAAGGTAGTACAAAAAATAACCAATTAAATAGACAACAAGAAGTTACATTAATATCAAGATCACTTAAAAGTATTGCTAGACAATTTAATATTCCAATTATTGCAATAGCACAACTATCTCGTAAGATAGAGGAAAGAAGAGGAGATAAAAAACCAATGCTTTCTGACTTAAGAGAATCTGGTTCTATTGAACAAGATGCTGATTTAGTTTGTTTTTTAAATTATGTTATTAATGAAACTCAAGAAAATAAAAACCCAATTAATCAGCCATATAATAACAATAGTTCAAGTGTAACTTCTGATGATGTTTTGGTTGAGTTTATTGTTGCTAAAAACAGAAATGGGTCAACTGGATCAACAAGTTTAATGTTTAAAAAAGATACAAGTTTATATCTTGATTTATTCACTACATTAAATCAAAATGATGAAGAAAGTAAAAATAAAATGAATTAGTATAAATAATGGCCATATTAATATAAAATATTATTAGTGATTTTAGAATAGGATTATTATGATTAATAAAAAATTATCTTTATTACTTTTATCTCCTGTGTTACTTACAACCCCATTCTTGTTAGCTTCATGTGCTCCAATGAGTCAACATGGTGTTGCAGCAACAATTAAATTTACAACAACACCTAGTAGTAGTGGTGGTGGAACTGGCGGGAATGGTGCTGTTGGTGGAAAAACATTAGCGGAAAAAAATGGAGAATCAGCTGGAGATGGTTCTAATGGTCAAACTTCAATTGACGATGAATTTTCAAAATTTGCTTATGATTGAACTAATTCAAAACTTTATAAAGATAAAAAAGAAACTAAAGTTGATGATAATAAAGAATTTAGTTTATTACTTTCATTAGGAATTATTCCAGAAATATCTTTATTTAGTCGTTTAATTACAGGAAGTCATATAGGTTTTACTTCAAGCGAAACAGATAATCCATTATTTGGAATGTATACTGAAAATGGAAATAATGGTTTATTAAAAGAATTTCTATATGCATCTGCTAATACATTAAACCAAGGAAGAAGTGGAGAAATTAGATTAAGTATTGCTGAAATTGATATCAAAGCAAGTTCTAATTTTTTACCAAATGAAAATGACAAACTTAAAGTTACAGATGTTGTAGAAGATAAAGAAACTCCAAAAGAAAATACAAAAAAATATAAAGTGAGTAATCTTCAATTTCAAAACACATCTAAGTTAACTTTTTCTTTCACAATGAAATATTTTTATTCTGGTGATAGCAATCCTTTTAAAACATCAGTAGACCACAACAAAGTTAATTCATATGTTGGTTCAAAAGGTGAATTATGAGGTGGAACAAAAGCAACAAAAGATTCTTTTACTCTATCGTCTAAATTAGAAGTTAATATTAATCCTATTTATTCAGTAAAATCAGATCAAAGCATTCCATATGACAAAACAAATGGAGTAAATAACTCTGGTTCAAATAGTGGACAGACAACAAATCAAACAAAGCCGAACAATGAAGTAACTTATAAAGAAGTAAAAGATAAAATAACTTTAGTTGGTGCAGGTGTTCAATACAGTTACATGGGTGTAACTAATGAAAATGGTGATACTCAAAGTAAAACCGAAAGTTCAACACAAAAATATGAAAATGGTTTTGCAGAAGCTCTAACTGAATCATTAATTCCTAAAGAAGAACAAGAAAAACCAGCACAAAAAACTGGTGAAGAAAATAAGGATGAACCAAAGGTTGAAAAAAGAAAGTTAGAAAATGGTAGTACACTAACTACATGATTAAATAAAGCTAATGAATTTAACAAAGTTACAACTAATCAAGACATTATAAATTATAGAAATACATTATCCTCTGGTTTTAAAAAAACTATTACTTTAAATGCTTCTACTAATTCATAATCTAAATAAACTATGAAAATAAATGTTGACACAACATGAAGTGAAATAATAAATGCTGAATTAGAAAAAGATTATTTTAAAAAATTATTGCATTTTATAAATCTTGAATATGATTCTAATAAAATCATATACCCTGAAAAGGATAAGATTTTTAGATGCTTTAATTTTTTTAATTACAATGATTTATCAGTTGTCATTTTAGGTCAAGACCCATATTATTCTAAAGGAATGGCAGATGGATTAGCATTTAGTTGTAGTAATGGTTTGACTCCAAAATCATTACAAAATATCTTCAATGAAATAAATAGAAGTTTAAATGTAAATAGAATAAATCCAAATTTAGAAGATATAGCAAAACAAAATGTTTTGCTATTAAACACATGTCTTACAGTTGAAGAAAATTTACCAATGAGTCACTCTAAAATTGGGTGGGAAATATTTGTTGATAATGTTATTAAATTTATAAATGTAAAATGTAATAATGTTATTTTTTTATTAATGGGCAACAATGCTTTTAAAAAAGAAAAACTAATTACAAATAATTCTCATATTATTTTCAAAACCTCTCATCCATCACCTTTAAGTTATAAAAAAGGTTTTAAAGATCAAGACAAAAAGGCATTTTATTGTTCTAATGTCTTTAAAGATATAAATGAAACCTTACTAAGGTTAGGAAAGAATAAATTAAATTGATAAGATTTGTATTGTTATATTAAAATTAATTACAATTAAAAGGGTTATATTATGGAAACTACTAGCATATCTTCAGTCCAAATAGTTTTAATTGTATTAGCTTTTTTTGTGGCTTTAATAGCAGTTGCCACTGTAAAAAAAGTTTTTTACAAATTAAGATATAAAAACAAGTATTATATTTTTCCGCGTCCTAGTATAAATGGGATCGCATATATAGCAATGGTTGTTTCTTTATCTGTTGCAGTATTGCTACTTTTAACAGTTATTACAGCTAATGCTTTTGCTGTTTTATTTAGAGCTTTCCCCGGTACTAGAATTACAATTGAGGGAATCCTCATAAAAATTGGTGGTTTATTATTTGGTCCTTTTACTGGTATATTTATTGGATTATTAACAGATATTTTATCTGTTGTGATGACAGCTGGTATTTTCCATTATGGTTATTTTATTTCTGCAATGGCTTATGGTTTATTAAGTGGATTAATCAAAACTATTGTTACTTATTCATCAAACAACAAATTTAAATTTTCAATTTATTCCACTATATTTTTAATTGTTATTTTAGTTTTATCTTTTTTTTATTTTTATAGTGTTTCATTTAACCACCCAATTAAATTAAATTTTTTTATAGATCTTCCAGAAATTACTTTTACAATGATAATTTCTATATTTATATCTTTTTTTAGTTTAACTATAGGAATCATTTGATTGTTTTACTTTATTTCTTGAAGAAGACAAATGTTGTTGAAAAAACTTAATCCATCAACATTTGGAGAAGGGAATAACATAAATAAAATTGAATACACTAAAAGTGGTAAAAGAAAAAAACCTAAAACTGATAAATTTTTAACTTTTTGTCCAGCAATTGTTTGTGTAATTGCTAACGAAACAATTATCAATACTATAATGATGCCGTTTTTTGATGCTGATTTAAGTACACTACAATACACTGATTGATTTGCAATTAGAATCTTATTGTTTATACCAATGATTGTTTTCAATATGGTATTTATTTATCCTGTATACAGTATTGTAGCCCCATTGATCAAATACAATTATCGTGATGATTTTATTGATAAAACCCCAAGTAATTTGGAAATGAAAAAAACTGGAGTTATTAATGAAAAAAATAGATAAAGAAACTATGAAGGAAATATCAAATAAATTAATGATAGATCTAACTGATAAAGAGATTGAAATTATTATAGATGAAGTCAGCAAATCTATATCAGATTTAAATGCTATTAAATCAATGAATCTAGATGGAGTTATCCCAACTAATTTTGTTAATATAAGTGTCAATAATGATTTTAGAGAAGATGTTGTTGTTGAATTTGAAAACAAAGAAAAACTTTTAAAATGTGCAAAAGAA
NZ_CP033512.2_gap8	360331	364661	4330	ACTTTTCATTATTTATTTTTGATGTTTTGGAAAACTATAAAGAAGCAGCTATTGTTAACAAAATTTTAGTGCTATGAAAAAGAGAAAATAATGAATTCTATGACTATAATTTATATAACATTTTAGAATCAGCTGAAATATTAAAAGAGAAAATTAATAATTGTAATAGTTCAGATGATAAAAAGGATGCTTACTATACATGATTACCAATTTTAATTCTGTTTGAATTTTTATCTAAAATGTTTGCTTCATACGAAAATGAAAAAATTGTATCAATTTCAATCAAAAATGCTTATGATTTGATTGAAAAATTAGATTCTAATTTCAAATCTAATAAATACATTAGTTTGTTAAATAACAAAGCAATTTATGAATACATAAAAGAATTCAAACCAAATTATAATTTTGTAAAAAAAGTTTTTACTAGTATGGGGAAATAATGAAAATAGAAAATAAAAAAGCTACATCCAGATATAACCTTGCAAGCGCAACAAGTCGTTTATTCAGCAAATTTTTTGATTATGTTCTTGTAGTTGGTTTAGTTGTTGGTTTAGCTTTTTTATTTTTTAAAAATGAAATTATTGGATGAAAATTTTTAGTTTATAGTATATTAGTTTTCTTAACTTTGTTTTTATATTTTTGTATTGTTCCATTTATTTTTAGTGGTTATACATTCTTTAGTTGATTGTTTAAAATTAGATGTTATAGTGTCTTGTTAAAAAATCTTTATGTTAAAAAATGATTAAAAAATATTAATTGAGTTTTTTTGTTACAACTTTTTAAAAGAGAATTATTCTTGTGGGTTTTACCAAGCTTTATTTTAATAATAGTTGGAATTATCACTGTAAGTTACTACCCAAATACTGATGCAACACCATTCTTTCTTTCTTTATATAATACAAATTCATATGCAAACTTAGATAATACTTCTATCAAAATCATTTCAAGTATAATGACAACATTGTGATCAATAAGTTCTATTATTTCATTAGTAATTGTTATTAATATCATTTTTACATCTAAAAAAAGATCATTAAATGATTATTTTAGTAACACTGTAATTATTAAAATGATAGATGTTAATTCAGATGATCCATCTAAAAAAATGAATTATAAAAACAATAGTGGTGTTAATATTAAATACGGTTTGCCTGGAGAAATTGTTCCAGATGCTATTGAAACTATTGGAGATTCATAATGGATAAAGAGTTATTAAATCGGTTAAATGATGACCAAAAAAAAGCAGCCACATCAAACCTTGGTTCAACAATGGTAGTGGCAGGTGCTGGTAGTGGTAAGACAGCTGTTTTAGTTTATAGGATTGCATATCTAATATCTGAATTAGGGTTAAACCCAAAAAAGATATTAGCTTTTACTTTTACAAATAAAGCAGCAAATGAAATGAAAAAAAGAATTAACTTATTAATTAATAATGTTAATTTAAATTATATTGGTACATTTCATAGTATTTGTTTAAGAATTTTAAGAGAAGAAATTAGTTGTTTAGGAAGAAATAATGATTTTTCTATCATAGATGAAGATGATCAATTATCTATTGTTAGAGAAATATATGCAAAAAGACAAATTGATAAATCAATTATTTCATTTCAAAATTGTTTAAATCATATTAATAACCTTAAATCTCTAAATGTCACAGTTGATGAGGCTATGGAAGAATTAGTGAACATTATTGAAGATGATTTTGAAAATAAAAAGAAATATGTAATCACAGTTGTTTATAAAGATTATCAACAATATCTTGTTAATAACAATTTATTAGATTTTGATGATTTGATTAAATTTGCAAAATTAATTTTAGAAACTAAAACTGAAATTAGAAACAAATGACAAAATCGTTTTGACTATATATTAGTTGATGAATTTCAAGACACAAATCCAGATCAATATGAATTAATTAAATTGCTAAATAAAACAAGATCAAATATATTTGTGGTTGGAGACCCAGACCAAATGATTTACTCTTGAAGAGGAGCTTATAAAGAAATATTTGATGATTTTAGAAAAGAATTTAATGATGTAGAACTTATTATTTTGGATAAAAATTATCGTTCAACAAAAAAGATTTTATCTGTTTCAAACCAACTTATAGAAAAAAATAAAAATAGAATAAAGAAAAATCTTTATACAGAAAATGAAGATGGTAACAATATTATTTACTATGAAGCAGAAAGTCCTGAACAAGAATCAAAATGAGTTATAAGTAAAATTAAAGATTTACTTAAACAAGGATATAGATATAAAGATATTGCAATTTTATATAGAAGTAACTTTTTATCTAGAAATATTGAGCAAGAACTTGTTCATAGTGGACTTCCATATTTTATTTTTGGTGGGTTCAAATTTTATCAAAGAAAAGAAATAAAAGATGCTATATCTTATTTAAAACTTATTAGCAATAATGATGAATTATCTTTATCAAGAATTTACAACACACCAAGAAGAAAAATATCTGAACAGTCTTTAACTAAAATAAAATCTTTTGCTTATTTAAATAAAATAAATTTATTTGATGCTTTTAAAAGGGTTGAAGAAATTGATTTGTCAAAACAAGCTATTAATGCATGTCTTGATTTTGTAAAGTTAATCGAGGAGTTTAGAAATAAAAAATTTAATTCACTAACTGATATGTTAGATTATGTTTTAGACAACACTGGATATAGAAAAGAACTAATTGAAAATCAAGAAGAAAATAGATTAGAAAACTTAGAAGAACTAAAAAATGCTTTAGCACAATTTGAATTTAAAAATCCTAATTCAACAATTACAGAATACTTACAAGAAATAAGTTTATATACAACAGCTGATGAAGAATCAAAACAAAACCAAGATTGTATTATCTTAATGACTGTTCACTTATCAAAAGGATTAGAATTTAAAAATGTTTTTATTATTGAATTTAATGATGGATTTTTTCCATCATATAAATCAATTGATGGTGATGCAATAGATGAAGAAAGAAGAATTGCATATGTTGCAATGACTAGAGCACAGCAAAATTTATTTATTGCAAACTCTAGAGGTGTTGCTTTCATGAATGATTCTCAACAAAGAAAAATGCCAAGTAGATTTGTTAAAGATTTTATAAAAAATGATTATATAGAAAAATATGTTAGAGATTTCTTGCCAACAGACCATGGTTCACATGACAGTTATTACTTTAATCAATTAAAAGACAAACAAATTAACTTAGAAGATAACCTACATGATAATGATGTAGAATTCACAATTGGGGATTTAGTTAATCATCAAAAATTTGGTTTTGGAGTTGTAGTTGGTGTGATGAATGATTATGTTGATATTACATTTAAATACCCATATGGTACAAAAACAATATTAAAAAAACATAAAAGTCTATCTAAAAAAAGCAACTAATATGTTTTATAATAAATTTGCATTTATGCTTAGAAAGTTGGAATAAAAATGAATATCTTATTTATTGGAGATATTTTTGGAGAAGCTGGAAAAAAAGCTGTAAAAGCAGAACTTGAAAAAATTAAGATAAAATACAAAATTGATTTCACAATTGCAAATGCTGAAAATACAACATTAGCAAGAGGTTTAAATTGAAATGACTATAATGAATTAAAAAGTTATGGGATTGATTTTTTTACAATGGGAAATCATACATGACATAAAGAAGAAATACTTGAAATTTTAAGTTCTCAAAAAAACATAATTCGTCCAGCTAATATAATTGATTCAGAAGAAATTAGCAAATATGGAGTTGGTACTAAATTAGTTAATGTTAAAAATAAAAAAATTAGAATTACCAATTTACTTGGATCAACAGTTCACTTTAAAGAAAGGCAAACAAATCCTTTCATTAACATGAATGAAATTTTAAATAAAAAAGATTGAGATATACATATAGTAGATTTTCATTCAGAAACAACAAGTGAAAAAAATGCATTTTTTTTAAATTTTAAAAATAGAGTTTCAGCTATTTTTGGCACCCATACACATGTTCAAACAAATGATCATAAAATTTATGATAATACAGCATATATTACAGATGTTGGTATGACTGGTCCAATGTATGGTGTTATTGGGGCTAAACCAGATACTATTATAACAATGTTTAAAGGTGAATCTGATAGATTTAGGCTTGAAGAACAAAAAGGTTTATATCAGTTTTGTGCAGTTGTTTTAACAATAGATGACAAAACAAATAAACCCATAAAATTAAAAAACTTAATAATTTATGAAAAATAAAAATTAACTTCTCTATTAAAAAAGAGAAGTTTTTGTTTGTACTTTATTATCATTCTATAAAATAGTAAAATTAATATTGGTAACATTTATGGAAAAA
NZ_CP033512.2_gap9	365747	369443	3696	ACAGAAAGTAATGAAATGATTAATGCAAATAGTAAAGTTGATGACAGTTATGATCAAATTTATAACGAATATGATTATCAACAAAATGATGAAATAACTCAAAATTTTAACAATCAAGATTATATTCAAGAAAATATAGCAGATGATGATTTTGACCAGAAAATCAACAATCAAAAAAATGAAAAAGATGAATATGAAATAATACACGAAAGAATAAATGATGATAATTTTTCAATTTTTGATAGTCTAGAAGTTGAAGAAGAATAGCAGTCATTATATCATTAAAAGTTGAAATTGATAATTTTTTTTCTTAAAATTATAGGTATTAAAATATGCATATTTAATATATAGAGGTGAATATGAAGAAAATTGGTAAAAGTTTAAAGAAAACATTAGTGTGCTGTACAGCACTTAGTTCATTTATGGTAATTTCTCCTCTTATTGTAGAAACAAATTTTTCTAATAACAGTACAACTTTAAACTATAGTGATACTAATAAAAATTCATTAAACATAAATCAATATCAAAATAGCGAAGTAAAAACTTTAAAAGCAATTGAAGATCAAGCAACTCAACCATATGCAGATAGATTTAAAATAAAAACAATAGCAGATGCTACAACTGAAAATGAAAAAACACAAATAGATGCCATTTATAGTGGTAGACAATCTGATGTAAATGTTGGATATGGTTCTGACCAACAACTAAGTAGTGTTTCAAGTTTACCAACTAATGGACTTCTTAATTTGTTTACTTTCACAGATAAAGTAATTGGTATTACTGGTGATATTTCAAAAAGGCCAAAAATTGAAGTTTTATCAAAAGCAGATAAAACAAAAAATGAAAATGTTACAACAAATTTAAGTTCATTTAATAAAATTGGTGAGACAGACATTTCTGAAAACTTATTAAATTCACTTGGTATTTTATTTGTTAAAATAACAACTTATGATAAATCAGCTCAAAGTACTGTTTATACAGATTATGTTATGCTTTCAGGATTTGGATCAAGTCTTTCTTCAAGTTCATCAAGCGGAGTTTTGACACCTAATGGTGAAGAATTTAAAAAGAAAGTTCCAGATTTATCAAATAATGATTTAGCAAATTACCCAACATTTGTTTCTGATTTTGAAAATAAAGATACTGTTAATACTGTAAAGGCCAACACAGATCCACAAATGAAAATAGTATCAAATAGACAAGATGATGCTAGAAATGGTAGTGTTAAATATGATGTTAACTTTAACTGAGAAATAAATGAACAAATTTATAATTCAGCAAAAGTTACTAACACAGGTACTGGTACAAACAATAGCGGCCAAAAATCATATTTAAATAGAGAAATGGAAAAATCATTTTCAATTTCTGGTTTCCAACCAAGTTCTAACATAACAACTAGAGAAACAGTTATAATTGTTGCATCTATTATTGCAGCTGGTGTTGTTGTTTCAATATGTGTTTATATTGTGTCTTTATTTACTAGAAAAATTAGAAACTCTAGAAAAATGTAAAGCCAAAACAAAAACCTATTGGTTTTTGTTGCTCGATTGACATGTGAAGTGCAACACTCAAAAAAGAGTGTGCACTTCATTTGTTTTGTTTGTAAGTGTTCACTAATAAAAAGATAATGAATATTAGGAGTGCTTATGAAAACTTATAAACATTTAACAAAAGAAGAAAGATGCTTAATTTATTTTCTTTGAAATAAAGAAAAATATTCTATGAATAAGATTGCAAAAATCTTAAATAAAAACAAATCAACAATATCAAGAGAATTAAAAAGAAACACATCTTCAACAGGGATTTATTATTCATCAACTGCTCACAAAAAATACATTAGAAGAAAATCAAATTGTCATATGTTTTTTATGTTGAAGTACAAAAACTTCACAGATCTTTTTATTCAAAAATTTAATCCTAAATCTCATGGTGTAGAAGCTACAATTTTTTGAATAAAAGAAAACTATCCGTTAGTTAAAGTTCCAAGTGCTAGGCAAGTATTTAGATGAATCAATAGCAAGATTTGAAAGATACAAAGAAGAGATTGTTTAAGAAGAAAATATGTTAAAGGAAAAAGAAGAAAAATAGGTATATTTTCTAAAATTGATGGAAAATACTGCATTCCTTATAGTCTAAGACCAGAAAAGATAAACAATAGAAAAGAATTTGGACATTGAGAAGCTGATCTAATAGTTAGTAAAAGGCAAAGTGGTTATTACCACTTATTGACATTAGTGGAAAGAAAAACAAGGTTGGCAATTATTAGAAAAATAAAAGGGAAGAACGCTAGATCAATGATGGCTAAAATGTATACCATTATTCGAGATGAAAAACTCCCAATAAAAAGCATCACTGTTGATAATGGGTTAGAGTTTCAAATGATGGGAATAACTGCAAAACAATTCAACTTTAAAGTTTATTATTGCCAACCTTATTCTTCATTCCAAAGAGGGTCCAACGAGAACATAAATGGGATAGTTAGAAGATGATATAAAAAAGGAACTGACTTCAGTTTAGTAAGTGAAGATAAAATAAAAACTCTTGAATGAAAAGTAAACAACATCCCAAGAAAAATGTTTGGTTATAAAACAGCTTACCAAATGTATCAAGAAAATATTTAAAACAAAAAAACTCTCAACTTATATTTCAAAGTCGAGAGTTTAATGTAACATTGAAGTGTTGCACTTCACATGTCAGTTAGGGAAAAACCTATTGGTTTTTGTTTTTTATTTTAATTTCTATAATGCTTTAATAAAATTAAAGTATTTTTTTAATGATAGAATAATACATGTAAATATTTATTAAGGAATATATATGAATAACAATTTCAATAATAATAATCCTAATAAGCCAAACAATTATCAAGGTCATAATTTCACTAATAGAAATTCTAATCAAGGACCTAATTTTCATAATCATGACAACAATTATGCAAATAATGTAAATAGTATGAATTCTGAATATATTGAAAATGATTATCAATTAAACAATCAACAAGCTCCTATTGACTATGACCAAATTAATAGATTTAGTTATCAAGGACACTATGATAATAATCAAAATTATTACAATAATAATGATTCATATAATCAATACAACGAAAATGATTTTAGTAGATTTAGCTACAACAATAATAATCAACAAGAAAATTTCTACAACACAAATGGTAATCAATCATTTGTAAGCTATGATAATAATGTAAATAGAACACCAATCATTAACAAAGATCCTTTAGATTATGTTAAAAAAAATGGAATGTCTGGAATAGATTATTATGGTAGTATTCCAGATGAAAAAAGATATGATATGTATCTATATACTTTAGCTGAATTAAATGAAATGGAAATCAGTGTAGAAAATACAACTAAAAAATTTTATATGGGCAAAATGTATTACAAACTAACTGATGAGTATTTAAATTATTTAAGCAAAATTCAAAATGGTGATTATACAAATCAAGAAAATACATTAACTTCACATGGAAAAGAATTAGATAATAATCTAACTAAAAAAGAACAAGAAATAGATTATGAATTAAATTTTGATAACCCTGTTGAATCAAATGAAAATTTAAGTAATCAAGAATTAGAAAAAAGTAATCTTGTTTCAAAAAAAGAAAAAGTAAATAAAAATACCAATAATTATGAAAATAATATTGATGAAGATGAAGACGAAGATGAAGAACTTAATAATTTA
NZ_CP033512.2_gap10	380415	383002	2587	CTAACTATTAGATCAGCTTCTCAATGTCCAAATTCTTTTCTATTGTTTATCTTTTCTGGTCTTAGACTATAAGGAATGCAGTATTTTCCATCAATTTTAGAAAATATACCTATTTTTCTTCTTTTTCCTTTAACATATTTTCTTCTTAAACAATCTCTTCTTTGTATCTTTCAAATCTTGCTATTGATTCATCTAAATACTTGCCTAGCACTTGGAACTTTAACTAACGGATAGTTTTCTTTTATTCAAAAAATTGTAGCTTCTACACCATGAGATTTAGGATTAAATTTTTGAATAAAAAGATCTGTGAAGTTTTTGTACTTCAACATAAAAAACATATGACAATTTGATTTTCTTCTAATGTATTTTTTGTGAGCAGTTGATGAATAATAAATCCCTGTTGAAGATGTGTTTCTTTTTAATTCTCTTGATATTGTTGATTTGTTTTTATTTAAGATTTTTGCAATCTTATTCATAGAATATTTTTCTTTATTTCAAAGAAAATAAATTAAGCATCTTTCTTCTTTTGTTAAATGTTTATAAGTTTTCATAAGCACTCCTAATATTCATTATCTTTTTATTAGTGAACACTTACAAACAAAACAAATGAAGTGCACACTCTTTTTTGAGTGTTGCACTTCACATGTCAATCGAGCTACTAAAATATCTACTACTAGTTTTGTAATTGATATTTTAGTATTTTTTAATATATGTATTTTTTTAATTCAATATATGTTTCAACACCATTAAAATTTTCTTTTTTAATAGTGTATATATTTTGGTTATAAATTAAAGTTCCATAAAAACAATTAATAAAATTTGAAAGATTATCTTGCATGTATCTTACAAGAGATAAGAAAACATCATTACTTATTTCTTTAGAAGATTTGTAAAACAATATATAATAATCAACGTTTTCAGCAATTTTTTCTGTTTTTACTCTCTTTAGTTTATTTTTACTTATTATTATTTCTTTTAAAGTTTTGTTTGTATAACTTACTGGTACTGTAAGATTAAATTTATTGTTTATAAAATCATAAGATTTAATTTTTACTTTTTTAATACCACATTTTTTTAATTGACTTTTAAGAAAAAAAGTTTTGTGTTTTTCTAAAAATTTATAAAATGATTTTGTTTTATCTATTCTAAACTTCATAATTTAATAACATCTCATCTATTTTTTTGCTAATTAACTTTTTAATAATTTTATTTTTAAAATATCATTCAATTTCATCAACATTTATAATATTATATCCTCTATCTTCTAAAAATTTTTGACGATATATATTGTGTAATGTATTTTGGAAAGATTTATTATCAAAAACTCGGTCAAAGTTAATTGCTAACAATATTTTTGAAGAATAATTATTGAAAACAGCATAATCAATATAACAACTTCCAATTTTAATATTACTAATTACTTTAAAATGTTTTGAAGAATTCTTTTTAATTAAATTTTCTGTATAATTAATAACTTCTTTAACATATCTTTTATTTTCATTTTCATTACGATCTTCAAGTTTGTTAAATGGTTTATTAGTTTTATGATTATCTAAAAAATTTATGTATTTATAAAAAATTAAAGAATCAGGATTTTCTTCATTAATTTTCATATCACTGGCTTGAAAACTTTTTACAACTATTATTTTTTTCTTTGCTCTTGTTATAGCAACATTTAATCTATTTGAACCACCTGATTGAGAAATTGGGCCAAAGAAGTTTGTGAATTTGTTTTCAGTATTATAACCATAACCAAGAGATAAAATAACTAAATCAGCTTCATGCCCCTGACAATTTTCTAAATTTTTAAATAATATTAAATCCTTTTCATATTTAGCAAATATTTCTCTCTTATCTCCAAAGGATTTTAAAAATGCTTTTTCAATCCCGTCAAGTTGTTTTTTATTTAAAGTTATTATCATAATGCTGTTGTATTTATCTCAATTATCATAAAGTAGATCAATGACTTTTTTAATTTCAATTTCATTTGTTTCTTCTTTTCAAATTCCTTTGACATCAAATACATCAATAGCATTTTTGAATGATTGATTTTTAGTTGTGTATTCTAATTGATTGTTGTAAAAATTTTCAGCTGAAAATTTAATTAATGATTCACTTTCACAACGATAGTGATTTTTTAAGTGGAAAGATGGTCATAAACACAACTTTGCTCTTTCAAGTAAAGATTCAGCATCATTTTGAGAAAGATCTAAATCATTTGATTCATATCTACTTCCAAAAAAAGAAGTTGGTTTAAGTTGTTTGTCATCTCCTGAAACAACATTAATTTTTGCTCTGTAGACTAATGAAAAAGCATTTTCTAAAAACATTTGGCTAGCTTCATCATAAATCCCATAATCAAATACATCTTTTTTGTTAGGTATTATTATTGAAGCACGGTTTGGATTTAATATTCAAATTGGAAAAATAAGTTTTAACTTATTAAAAAATTTAGTTGCAAATATATTAACATTTTGTTTTCTTTTCATTCTTGCTCTTGAAAACATATCATCTATTTCATGTCTTTCAGCTTCTGAAATATTGTTATATATTTTTATAAAGTTCAATAAGTAATTATTTAAAATAA
NZ_CP033512.2_gap11	384675	385287	612	TTTGTAAGTTTTATGTTATTTTTATTTAGTAGCTCTTTAAGTTCATCAAATGAATCTAAGTTTTTTGCTTTGTTTGTTATTTTAGAAATAAGATCTTTATTTGCAGTTAATGCAACGCTAATAACATTTGGATTAATTGTAAAATTCTCATATGCATCAGACTCTATATTTGAATAAATATCTCTTGTGAATTTTTGTGAACGGTTAATTCTGATTGCACCATCTTTTGTATCAGTTATTAGAAAGTTATTTAATAATGATTTTTTTGATTCCATAATTAGCCTCTTTTATAAAAAAAATATATTTTTTAAGCAAAAAAATATAAACTAATATATGTATTATAAATTGTTTAAATGATTTATTTTAATTAAATAAAGTAGGACTTATATTATGGTAAAAAAAGTAAATTTTATAACATTTGAAGGACCTGATGGTTCTGGTAAAAGCACAGTATCAAAAAAAGTATTTGAAAAATTAGTATCTTATTTTAAAAATGAAAAAGAATTTATTTTGACAAGAGAACCAGGCGGTACAGATATTGCTGAAGATATAAGAAAAATAATTTTATCTAAAGATATAGATAAAAGAACTGAAACATTACTTTTTGCAGCT
NZ_CP033512.2_gap12	404171	406993	2822	CAAATTGATATAGAAAAATTGTCAATAAAAGCAATTTCTTAAAAAAATGAAACTAATTTTATCATGAGTTTTATAAACTCATGATTTTTTATTTATTAGAAATATTTTATACATGTTATTTTAAAAAGAATTAAAAAAGAAAATTTAATAGATATTAACTTTTTGTTTTATCTAAATCAGTATATTTTTTATATAATATTTGAGAATAAATCTTCGGGGTTTGGTGTAATTCCATACCGGCGGTACAGCCCGCGAGCTAATTAGCATGATTTGGTGAAATTCCAAAGCCGACAGTAAAGTCTGGATGAGAGAAGATTATTTTTATACTTTTGTATTTTATAAAAATAATTGTTTTGACCTGAAAATTTGTTCAAAACAATTTTTTTATTTTCCAGAGGATAGTATGAAAGATATAGAATATATGAAAAAAGCTATTGAATTAGCATATCAAGGAGAAGGAAATGTAAATCCTAATCCAATGGTTGGTGCTGTTATTGTTAAAAATGACAAAATTATTGGTGAGGGTTTTCATGAATATTTTGGCAAAGAACATGCTGAAATTAATGCATTTAATAAATTGACTGAGTCTTGTGAAAATGCAACTATGTATGTAACACTAGAACCATGTTGTCATTTTGGTAAAACTCCACCTTGTGTTGATGAAATAATAAATAAGAAAATTAAAAGAGTTGTAATTGGCACATTAGACCCAAATCCATTGATGTCTGGAAAAAGTGTAGATATTTTAAAAAACAATAATATCGAAGTAGTTGTTGGTGTTTTAGAACAAGAATGTAAAAATTTAATTAAAGAATTTAGTCATTTTATTAAAAATAAAAAACCATTTATAACCCTAAAATATGCAATGACTATTGATGGTAAAGTTGCAACAAGAACAAACAAATCTAAATGAATTAGTAATGAAAAAGCTTTATTTTCAAACCGTGTTGATAGATATAAAAATACAGCTATAATGGTAGGAATAAACACGGTTTTAATTGATGATCCATTACTTACCACTAGAATAAAAAATAAACGTAATCCTATTAGAATAATTTGTGATACAAATTTAAGAATTCCTTTAACATCTAATATTGTTAAAACAGCAAATGAAGTTAAAACAATAGTTGCTACTTGTTGTGAAGATGTTGAAAAGGCAGAAAAATTATTAGAAAAAAACATTGCTATACTAAATATAAAAATGAAAAACAATCATTTAGATTTGAATGATTTAGTTGAAAAATTGGGAGCTATTGGAATAGATTCAATAATTCTTGAAGGTGCAAGAACATTAGCTTCAAATTTTATTGAAGAAAAATTAATTAATTATTTAAAGATTTATGTTTGCCCAAAAATATTTGGTGGAAAAGATGCTGTGTCTCCAATAGGTGGAATTGGTGTTGATGAACCATCAGATGCAATAAAAATAATTAATCAAAAAGTTTCAAGTATTGATGATGATGTCGTTATTGAGGGTGAGGTTGTTTACTAATGTTTACTGGAATAATTGAAGAAGTTGGAAAAATAAAAAAGATAACAAAAACAAGTTCTGGTATTTTATTAACTATTAGCGCAAATAAGGTTTTACAAGATTGTAAAATTGGAGATAGTATTGCTGTTAATGGTATTTGTTTAACTGTGACAAAATTTGATTCTAATTCATTTAGTGTTGATGTTATGAATGAAACAGTTAAAAAAACATCTCTTTCTAAATTATCACAAAATACTTGTCTAAATTTAGAAAGAGCAATGTTAATAAATTCTAGATTTGGTGGACATATTGTTTCTGGTCACATTGATGGAATAGGTACAATATGTGAGATTAAAAAAGATGGAATCGCATCAATTTTTAAAATTAATACTTCTAAAGAGATAACTAAATATATAATTAACAAAGGTTCTATTACAATTGATGGTATTAGTTTAACAGTTGTTGGGGTTAATGATGTTAGTTTTACTGTTTCAATAATTCCACACACAATGTTTGTAACTAATTTAGGACACAAAAAAGTTGGCGATATTGTTAATCTAGAAAATGACTGTATTGCTAAATATGTTGAAAAGATGCTTGATAATAAGCAAGAAAAACAATCTTTATTAGAAAAAATAAAAGAAATGTAGGAGGAATAAATAATGAATTTTAATAGTAAATTAAATAGTGTTGAAGAAGCAATTGCAGATATTAAAAAAGGAAAAATAATTATTGTTGTTGATGATGAAGACAGAGAAAATGAGGGAGATTTTATTTGTGCTGGTGAATTTGCAACACCAGAAAATATTAATTTTATAGCAACATATGGTAAGGGTTTAATTTGTTGTCCGGTTTCTAAAAAAATAGCAGACAAATTAAAATTAAATCAAATGGTTGCTGATAATACAGATAATCACCAAACAGCTTTTACAGTGTCTATTGACCACATAGATACATCAACAGGAATATCTGCTTTTGATAGAAGTATCACTGCAATTAAACTATGTGATGATAATGCAACAGCAAAAGATTTTAGAAGACCAGGACATATGTTTCCATTAGTTGCTAAAGATGGTGGTGTTCTTGTTAGAAATGGTCACACAGAAGCAACGGTGGATATTGTAAAACTAGCTGGTTTAAAAGAAGTTGGTATATGTTGCGAAATAATGGACGATGATGGAACAATGATGAAATATGATAAATTGTTAAAAAAAGCTAAAAAGTGAAAAATGAAAATGATTAGCATTAAACAATTACAAGATTATTTAGAATCAAAAAAATAAAATTATTAGGAGAAAAATATGAAATCATTTAGTGGAAAACTTTATTCAAATAATTTTAGAATAGCAAT
NZ_CP033512.2_gap13	410051	411494	1443	TCTGGAACATATCAAGGTATATTAGATGTTCTTTCAAGTCAAAAAATTCTTTTAAAAAGTTTAATTAATGCTATTTTCAATTTATTTGGTATGGGAAATTCTTTTGGAACATTATTTGATGATCTTTATACAAATAATGACAAAATTACTGTTACTAATATACAAACAGCTTTAAGAGATTCAATTATTCCATTAACAAAATTTTTAGGTAGTTCATCAAATTATAAAATTGAAAATAGTTATATTAAAAATTTGAAGTTTAATGGTAATAAAATTTCATACGAATACCAAATTAAGTTTGTTTTCTCAACTAGTTTTAAATTTAATTTAAAACCAATTTATGCTCTTTTGCCAAATTCAATTAATTATAATAACATTCCAATTCCTGTTAGTTTAGTATTAACATATCTTCCAGAATGAATTGAATTTGGAGTAGATGATTCTATAAGTCTTACTTTTAAATCAGAAAATAATGAAGTTTATAAAACTCCAATTAAAAATGCTGATGGTAGTTACACAATGGGGTATACAATTCCTCAGAATGTTAAATTTGAAATGAATTTACCAAAAGCTGTTCAGTCGATTGTTGGTCAATATACATATCAAATTGCTTGAGTTAATACTTTGCCATGAGATTTCATTACTTCTTTTTTGAAAACACTTGTACTTAAAGACTATGAATTTTTTGACACTGTAAAATTGACTAATCCACAATATGTTATTAGTAATTATGAAGAAGAACAGTATATTTCAGATTACCATGTTAGTTGGAAAAATATAACAGCACAAGAAATAAATAATTTATTTAATTATGTTGATGCAGGCACTGGTAAGGGTAAAACATATCATGTTAAATCTAAACCAAGTCTTTGAAAATTTGAAGGAAATATTTCTGGTGATCAACCAACAATTAAACAGGAAAACTATCAAACAATTTTAAATAGTGTGTTGTCTTTTAGTAATTCTGTAAGTAATTTACCAGACAATTTAAAACCTGTTGTTTCAGTTGTTCCAGTAATAAATGGAAATATTAAAGCTTTTGGTTCAATTGCTTCAGCTGAGTTAACTTTAAAAACAATTAAAGTATCTGTCTTTTTTCCTTTTAAAATTTTGGACACAACTAATTGGGATCAAACAAGTAAATCTGGACAAGTAAGCTTTACAAATCTATTTACTAAAGAATTTCAATTTACAAAATAATTTTAGAACAACTTCTATAGTTGTTCTTTTTTTATTTATAATTTGTTAGGGTGTTATAGACATGAAACAAAATGTGAATTTAAATGATATTTTTAAACATAAATATATTTGCAAATCTAAATTAAACAATTCAAAAACTAAATTAGCTTTTCTAGTTGTAAATGCAAATAAAAAAGAAAATAAATATGATAGTAATTTGTTTATCATTGATATTAAAACAAAAGAAGTTAATCAGTTAACAAG
NZ_CP033512.2_gap14	413452	415976	2524	ACAAAAGTTTAATAGATTACATAATAGCGTTTTTTCATAATATAATATCACTATACTTTATAGGTGGTTGATATGGGAAAAAGAAAATTTTTAAAACCTTTATTTATTACTTTAGGTTGTGTTTTAGTTGTGGGAGTTGCTGGTTCTTTAATTTATTTAGATAGAATTCAAAGTAATACCCAAAATAAAAACCAATCTATAATTGATAACATTAGTTTCAATGAAGCATCAACTATTTTTGGAAAAGAAAATATAAGAATAAACGAAGAAGGCAAAGTTTCTATTTCAAAATTTATACCTCAAAAAAATGTTTCAACAGATGTTTTTGATACATTAGTACTTCCGTCAAAAATTGATGGGAAAGATGTTGTTTATTCAGAAGGTTATTATACTGAGTTAAATAGTTACTTTAAAAAGAATGGTACAGGATATGATAGTGAAAAAATTAAAAGTGTTAAAAAACTTTTAATTGCTGATAATAAAGCATTTACTAAGTTAAGACTTAAAAGTGATATATATAATGCTCCAAGTTTTCTTACAAGTTTAGAATATGTTGAAATTGGAAGTGGTGTTGAAATTGTTCCAGATGGATTTTTTAAAGGATTAAAATCAATAAAAACAGTTGATATTTCAACTTCTGTAAAAACTATTGGTGCTCAAGCTTTTTATGCTTGTAGTAGTTTAACTGAAATTAATTTTAAAGGTACAGATGAAAAAATTTGAATTGATTCAAGTGCTTTTGCAGGTTGTAAAAATTTAAAAACTATTAATTTTGCAAATATTAAAAAATTAAATTATGAAATTGCAAAATTACCCCCTGATAAAAAAAGTCTTTTATTTTGAAAATGATGATGACTATTTAATGGTTCTGGTAGTTCTGAAAATAAAATTACAATCACAACAACTCCTGAATTTAAATCTGAATTAGAAAGTGTACAAAAATATTTAGAAAATAATAAGCAAGATGTTAAGTTTGACAACATTAATTTTGATGTTAGAAAATAATTAGAAAAATATTAGAAAATAATTAGAAAAAAATAGTAGTTTTATTAGGTTAACTAAAAAATTCTATTATTGTAGAATTTACTTGTAGTTACCACCCATAACTATGTTTGTATGTTTTAAATAATACAAGCTTGCCTTAATTCATAGCTATAAATAATATTTATAGCTATTTTTATTTCATTTAGTTTTATATGCACATGTTTATTTCAAAATCATTTGATAAACAATTTGTAAGTTATTTAAATAATTAATATATGCAATTACTTTACAAATTTTTAAACTTAAACAATTAAAAATAAATATAATTATATAAAAATACTTGGTGCTTATAATATGAATTATTGCTACTTGTTTTTAAATCAAATAAATAATGATCCAATTAATAATTCAACAGGATATCTAGGACCACAAAGTTGAGTTTATTATTTAATTGGAGCAATATTTCTTGTTTTGGCAATTGTCTCTGGATTCTTTTGTTATAAATATAGAAATAGTAAAAGGGAATTTGAAAACATTGCAGATAGTTATCATTGATTTAAAAAATTTTGACTTCTTAATAGATTCACATTTTTATTCATGATAACTTTGATATTATTAATTTGTTCTGTAATATTTTTCTTAATGAATAGTGTTTTTTTAAATGGTAACCAAAATACAGATCAAAATGAATCTGTTAATATGATAACCTTTCTTTTAAATTGAAAAAAATAACAAATTTTGGGGTAAAAATGAAAATAATAGATATTATTAATGCAACTGAATCAACAACAAACACTATAGGAATACCTTTATGGTTACTAATACTAATTGGAATATTAGTAGTCATTTCTATAATTGCTGGAATATATAAAATTATTTCCTATAGAAAAATAAGTATTGTAAGTAAAAAGATGGATTATCTTTTAGAGGATTTAATATATAAATCAGAATTTGTAACTCCAACAGTTGAAGCACTTGTTAAGTTATCAAGTTATGTTGATCTTTTTGAAGCAGTAATTAAAAAGAATTCAGATTCTTTAATAACTTATGTATCAAACAATAAAGAAGCAGTTAAAAAATTCCAAAAGAAAATAAAAGACGTTATTGCAACAGATAAAAAATAATTTATGTCTTATTTAAAAAATGGAATTAAGCTAGCTGCTTTAGTTTATTTGTACAAACTAATTGATGATGACTCAAAAGTTGCCATTAAAAGTATTGTTAAAGATAAGGTTATAAAATACAAACCAAAATTAATGGAATTAATTGATTTAATTGATTCTTTTGATGAAGGTTTTGAAAATTTAAGAAATGAAGATTCAGAATTCAAAAAGAACTTTAATTTATTTGTTGATTCTTTAGATTCAATAAATAAAGAAGAAATTCAAAAAGATGTTGATGATGTAGCTGACATTGTTACAACTATTATGTCATCAAAAAGTAAAAGTAAATTAATTTCCACTAAGAAAAAGAAGGGTTAATATGAGTGTTAAAAGTATAAATACAAAAGATTATATTGTTGTTAAAGGTGCAAGAGAGA
NZ_CP033512.2_gap15	421910	426547	4637	GAAAGCAAAAGCAGGAAAATGGAAATAATTTATATTATGGTAATCTTTTATTACCATCATATGTTGCAAAATTATCATTGGAAAAAGATCCATTCTTTGGTAAGAATGCAGTTTTTGCAAAATGGTTATTAGATATTAATATTGAAGAACTTGGTATTAAACTAAATCCTTGAGAAATAGTTAAATCATCTTTACCATCAGAAATTGTTTCAAGAGCAGAAACTCAAAACCAAAATTTTTTAAAACAAATATATGATTTTGCATCAGATCCTAAAAATGCCAAAATATATGAACTTCAAAAAAAGAATAATTTTATAATCTATAATAATTCAAATAACTCATATGAAATTGATAGTAAAAAAGTTGTAATGATATCAGGTGATGTTAATAAAATTAGATTTAATGATAACTTTTTAACTTTTATTGGATATGTTTATGGAAGTGAAGAATTAAGTAATAGTGATGTAAAAATATCTTATGGAATTATTCCTTATGAAGATAATGAAACTGAAGAAACATATACATATGTTGAAGTTGATGCATCAGCTCGTGGTAAAAGGTTTACAACTAAAATAACAGGAATTAAACAAAATTCTAAATTTATAAATTTAAAAGATAATAGTGGTAATGATATATCACATTCATTAATAGATAAAAGATATGAAAATCCAGTTGTTATCAATAATGGTGCTGCATACAAATATAAACTTAAAGTTGGTAGCAAAATTAATGTTACTATTAATAACTCATATTTTAGGTATAGTAGAAAATTATTAGATAATGCTGGAATTAAATATAATGATTCAAATGCTGAAAATATTGGTAACAAACAATATACTCTTACAGTTTCTGGAATTTCTTCAGATTCTGTAGGTGAAGAATTATATATTGATCAAGATTTAGCCAATATGATGGTTGGAATGACTATTAATGCAAAAGAGATTACAAATGGTGGAAGCATTATAAGTAACATTAGATTTGATAATAACAATAATGTTTATCCAATTAGAGTACCAACTGAGACTATAAACAAAATTAATTACAAACCATTTAATGGAATTTTTTCAAATAAAAAAGTTCCAATATTCTTGGATAGAAATATAAGTTTTTATTCAACTATTGGTATTTGACCAAATATTACAGTTCTTGATTCTAATTCTTTTTCACAATTTTGATCAGAACAATACAAAAATGGTGGTAATGGGGCAGATGCTAATTATGGGAATAGTTTTCCAAATTTAATTTATGAAATACTAACCACAAATAATAAACAAATAGTTAGTTTAGAAGATAGAGGAAAACTAATCAATTACTTAAAAAATAACTTTAATGATTTTGCTATTTTTGGAAATTTCATTATTAATAATTTTGGTCAAAATCCTATAGCAATTGCAATTGGTGATGTTAGTAGTTTTTTAAGTCAAATAGAAATATATAGTAGTTTATTTACAACAATTAGTATTATCCAAGGTATTGGTTTATCAATTTTTGTTCCATTAATTGTAATAATGATTTTAGTTATGACATCAATTATGATGAATGAATTTAAAAATATGATTGCTGTATTAAAAACACTTGGTTATTCAGATAAAGAAAATTTATTAAGTATTGTTATTACTTATTTACCAGTATTATTTTTAGCTTTGGTAATTGGTTTTGTTATTTTGTTTGTTTCTGTGTTAACCATTCAATTCACTTTATATAATGTGTCGTCAATATTTATATCAAGTACTATAAACTTGATTCCATACTTATATGGGGTATCTGGTATATTATCAATAATGATAATAAACTTCTTGTTTACAATTTTCTTATTAAAGAAAATGAATTTAAAAAAATCAATTGCACAATAAAAATTATTTATTTAAAGTACTAGAATTGAAAAAACTAGTACTTTTTTGTTTAACTTATCTATAACAGATCAATTAAATATTAATATTAGTTAATTTTTTATATCTATAGATTATTTTTTATGTTAAATTTATAAATATTAAAATAGGTGATTAAGGGGTATTGTTTTGCTTCAATTAATAAAACAGGTTTTAAAATCTTTTAAAAGTTCAATGTTATTAATTTTTGCACTGGTTTTTATTACCTTTTGTATTATATTAAGTTCATTTAGTTTGTTATATTTGAACACTAATATTACAAATAGTATAGACAATGTGAATAAGTATGGTAACAGTGCTAATATCACAGTTGAACAAAACTATGACATGCCTAAACCTAAATATACATTTGATGAGAAACAAATTGAAACTCCACAAAAAAAACAAATAAAAGTATCAAAATTTGAATATAAAGATACTAATGTTATTTTTCCTTATGAACCTAAAGATTTTAATAGTGCAAATTTAAATGTTAATAAATGAAGTAGAAAACTTGGTGTCTTAAAATCTACAGGTGTTCAAATTGATAAAGATGGTAAATATGTCCCAATAGATATTAATACAACTGATTTTAATCAGTGACATGGTATTGGATATAGAATGGGTCCACATTTTAATCCATCTAATTTGTTATTTAGTTATGATGAAAACAACAAACCTTTTTTATCTGGTTATTTTAATTTAGATACAGGACAAATTGATGATTATTTTACTATATATCAAGGAAACTATGTACCTACAAAAAATAATTTTACTAGATTTGATGTTGATTCTTCAAAAGCAGCAACAAGTATACCACATACTTTGTTTATAGATAGTTTTACACAATTGCCAACTTCATCAGCAAGTATGGATATTGTTAATGTGACATATTATGCAGATTTGTATAATGCATTGTTGGACAATACTCAAATGAAAGAAGAAAATGTATATACTTTAACTTTAGATACAAATTCACTTTCAGATGTACAAAAAAACATTATTGAATCTTTACCTGAAGATCAAAAAAACAGCATAATGACAACTGAAGTTGTTATTAAAGATGAATGAGCTACATCAAAACTTTCTCAAAAAGACAATTTAAATGATGGTACTACAAATGATCCAACAAATCCTGATGATGGGTCAAGTGCTCCAACTACAAAAGAAGGTTGAGTTAAATTATGACTTCAAAATATAGCTGAACAAAAAGCTGAACAACTTCAAGAGTATTTTAGTTATTCTATAAATAATTCAGCAAATAATTTTTTAAAACAAAAAGATATACTAACTCAATTTGAATCATCATATACAATTATTGATAATGATTCATCATTTAAATATTTAGTATCTAAAAAAGAAAATTCTGAAATTAATAAAATAGTATATAGTGGTGGAAGCGAATTAGTTGATAGTGAAGACTATTTAAAAATAGCTAATGATGTAACTGTTCCTTTTTACTCTTCAGACAATAAACCATATCTTAAAAATTTATTAATGCTTCTTTTATCTTCGACAGCAGAAGCAGGTTTTGAAATTAAACCTTATATAAAAGATTATATAGTTGATATTTTAAAAGATTTAGAATTTGGTAGACCTGTTGATGATGAAAAATACAGGGCAATTTTTGCTATCTATTTACCTGAAATAGATAAAAATAAAATTGTAGCTACTAATAGACAAAAAATAGATTTACATTTTAGTTTTGAAGGTGGTATATCAGTTGCTGAAACAGCAATAGATGTTATTTTAAGTGTTTATACACCTTATGGTTTTGCAGTAGTTGTTCCAGATAAATTTTTGGATGTTAATAACAAACAATATATTCCAGTTAATCAGTGAAATGATTTAATAACAAGATGAAATGAATTATTAAACTCCTGAGATAATTTCTTTTCATTAACTGACGAAGAAATAAATACTAAAATTAAAGAATTTAGTAACTATGTAAAAGAATGGCTAGCAGAGCTTGATAGTAAATTTACAATAACAGTTAATACCCAGAAGTATGTAATAATTGGAACAGGAATAAGTCCTGATCTATTGTATCCTTCAACATCATTAGAAAATCTAATAATAAACCCTAGAACTGAATTTGTTTTACTTACAAATCAACAAGGTTATAATTCAATCCTTTCAACTAGCCCTGCTACATTCCAAAATAAATATTTTTCTGGAATAACTAGCAATCGTGTAACTGATGGTTATGTTCATAAATTAAATCAAGAGTTCAAGGAAAATTTTAACCCAAAGGCTACAACTAATTTAGTTTATAAAACAAATGATTTTTCTAAAAATAAAAATATATTAACTTTTAGAATCTATTTACCAGATTCAATTGTTTTATATGTTACAATTGTTGCCATTGCTGCAATTGTTGTATTAATAGTTCTTGGGTTATACTTGTCTTATTTATTGATTAGAAGTTATATTGCGAAAAATATTGTTCAGCTTGCTATTGTAAAAGCAAATGGTTTTTCTACTTTAAAAATAGCAATGGCATTATCGCTATTTGGTTTATTTGTTGCATTATTTGCTGGTTTTGGTGGTTATATTGGTGCCTTATTTTTACAAGGAACATTCTATTCAGCAATTTCTCCATTCTGATATGTCCCATTAGACTTTTTAAAATTCTCAATAATTGGTTTTTTTGGTGGAACAATTTCAGTTTTTGTAGTATTCCTTATTTTTACATGGGTTATTCTTAAACTAACTTTCAAAAAACCAATCAATGCTTTAATATCAAGTAATGTTGAAACTAAAGTTAGT
NZ_CP033512.2_gap16	431334	435781	4447	AATGTTCAAGCTCAATATCCAAATCAACAATATGTAAATAATCAAAATAGTGTTGGAGTTGATGATAAAGTTGAAATAGAATGTAGAAATATTTCAAAAACAATAAAAACATCATCTTTTAAAGCTGATATTTTAGAAAATATTAACTTAAAAATATATCAAGGTGAAATTGTTATTATTTTAGGACCAAGTGGTTCTGGTAAAACAACATTATTAAATGTTATTGCTGGTATTGAACATCCAACAGGTGGTGATGTTTACATTAAAGGAAAAGTAGTTAATAAATTAAATGATAAAGAATTAACTGAGTTTAGAAGAAATCATATTGCATATATTTATCAAAGATATGGTTTGGTTCCAATATCAACGGTTTGAGACAATATTAAACTAGGTCAAAACTTAGTTCCAAAAAACAAAAGAACTGTTGATATTGATGAAGTAATAAATATAGTTGGTATAGAAAAAATTAAAAATAAATTCCCACATGAATTATCTGGGGGTCAAAAACAAAGGGTTGCAATAGCGAGAGCTATTTTGAAACAACCAGAAATTATGCTTTGTGATGAACCTACTGGTGCTTTAGATGATGAAACATCAAAAAATATTATTGATTTATTTTTAAAAGTTAATAAAGAATTTAATACTACAATTGTAATGGTTACTCACAATAATAGTTTAGTTTCTATAGCAACTAAAATTATTAGAATTCAAGATGGTAAAATAGTTGGAATTGAGGAAAGAAACAAAAACTCTAATTTCCAAAATCCATTCACAAAATAAAATCTATAACTTAAGGTAATTTTTGTAATGTTTAATAATAAATTTAATGATACTTTTAATCAAAAAATACTATTTAATGAAGATGAAATTAAAGATAGAGTTAATGAATGTGCCAAATGATTAAATAAATATTTTGTTGGCAAAAAGAAAAAAAATAATATTGTTGTTGTTCCAATTCTTGATGGATCAATTTGTTTTTCTTCTTATTTATTATTAAGATTAAATTTTAAATTTACTTTAGATTTTTACACTATTAAATCTTATAGAGAAAAAATAAGTTTTCCAAAAATAATAAAAGACATTGATACAGATGTAAAAAATAAATATGTAGTTATTATTGAAAATGTTATAGAGTCAGGAAGAACTTTAGAATACATTATAGAAGATCTAAAAAATAAAGATGTTTTAGATATAATTGTGGTTTCTTTAATAAATAAACCAGAGAAAAGAAAAGTTAATATTCAACCTCACTATACTTGCTTTGTTACAAATGAAGATCAACTTATAGGGTGAGGGTTAGATTATGAAAACAAATTTAGAAATCTCCCATACATTGCATCAATTTCTAAAAATAATATTAAATTAATTTAAATAATTATGATTCTGTTTTCTTATTTTAAATAAAAAGAAACAGAATTTTTTTATTTAATTAAAAAAATGATTAACAATTATTATTTTTTAAAAGAAACCCTATAGATTTTAAAATTTGTTAATTTTTTTTATTTTAGATTAATTTTTATTCAAATAAACTTGCTTTTTTTTTTTTTTTTTGATTATACTTTTTGTAAAATTTTAAGGATAGAAAAATATGAAAGCAAAAAAGTTGAAATTTATAAAGTTAATTGGATTAACAGGAACCTTGGGTGTTTTGGCTGCAACACCAGTGATTATGACTTCTTGTGCTAAAAAAAAGACCACAAGTAATAATGTTAATTTACAAAATGTTGAACAATCATTAACTCAAGTTAAAGATGGTTTAAAAAAATTAACGTATGGATATGACATTGATCAAGCAAAAACAGAAATAATAAACTATTTAAACAAAAATTCAAATTTTAATAACAAATTAAAATATGTTTCTTTTGAACAAAGTTTTAGTGAATCATCATCTCCTAGTACAAAAAATAATACTAAATTAAAAGTTGATATGGTTTATCATTTTGATAAAAACACTAATTTAAATGGAACTATTACAGATTATGAAGTTGATAATACAAATAAAACACTATCAATAAAAAATATTGAAACAGACATTGTTTCAAGAAAAAATACTGGGACATCATCTTTGGGTTTTTCAGAAAAAGACCCATATAAAATTTCTTGAGATATTTTAAAATTAAATGATCAATATAGTTATCCAAAAACAAAAGAAGAATTAGAAAATTTATTTAAAGATAAAATCTTTGCAGATACATTTTCAAATTCTATAGGATTACAATATGGAATAGATTTTGAATATACAGATTTTGAGTTTAGCTCTGCTACAGTTAAAAACAATAAAAATGATATCTCATATACATTAAAACTTAAACCTAAAGCTAAATTAGGTAGTGAATGAAGAGAAAACTTCAATTTATGAAAAGATAAAGAACAGGTTTTTGAATTAAGCGAAAAGCAAACAGAAATTAAAAATAATAAAGCTGGTACATCTTATTTACCATTTAAAAATTATGGTTTAGATTGAAGTAAATTATTTAAAGATGATACAACTGAAACTTATCCAACATCTTTAGATGAAGCTAAAAAAATATTTAGTAATAAATGATTTATGATTGTTTTATCAAACAGAATTTTAGAAAAATATCATGAAGATTTTGAAAATGTTCAGTTTAATTTTAAATCAATTGAAATTAAAGATGAGTCTGGTTCTAAAAATGGATCTATAAAATATAAATTAATAATGCAAGTTGTTTCAAGACCTGGATATGAATGACATAGTGATAAATTTGGAAGTTGAAAAGATAAAGACTTAACATTTGAATTAAGTAATAATACTAGTACAAATCAACAATAATTAATTTAAATTTAACTTACAGTTTAAAAATAAAAGCTGTAACCCTAACTGACATGTGAAGTGCAACACTTCAATGTTACATTAAACTCTCGACTTTGAAATATAAGTTGAGAGTTTTTTTGTTTTAAATATTTTCTTGATACATTTGGTAAGCTGTTTTATAACCAAACATTTTTCTTGGGATGTTGTTTACTTTTCATTCAAGAGTTTTTATTTTATCTTCACTTACTAAACTGAAGTCAGTTCCTTTTTTATATCATCTTCTAACTATCCCATTTATGTTCTCGTTGGACCCTCTTTGAAATGAAGAATAAGGTTGGCAATAATAAACTTTAAAGTTGAATTGTTTTGCAGTTATTCCCATCATTTGAAACTCTAACCCATTATCAACAGTGATGCTTTTTATTGGGAGTTTTTCATCTCGAATAATGGTATACATTTTAGCCATCATTGATCTAGCGTTCTTCCCTTTTATTTTTCTAATAATTGCCAACCTTGTTTTTCTTTCCACTAATGTCAATAAGTGGTAATAACCACTTTGCCTTTTACTAACTATTAGATCAGCTTCTCAATGTCCAAATTCTTTTCTATTGTTTATCTTTTCTGGTCTTAGACTATAAGGAATGCAGTATTTTCCATCAATTTTAGAAAATATACCTATTTTTCTTCTTTTCCCTTTAACATATTTTCTTCTTAAACAATCTCTTCTTTGTATCTTTCAAATCTTGCTATTGATTCATCTAAATACTTGCCTAGCACTTGGAACTTTAACTAATGGATAGTTTTCTTTTATTCAAAAAATTGTAGCTTCTACACCATGAGATTTAGGATTAAATTTTTGAATAAAAAGATCTGTGAAGTTTTTGTACTTCAACATAAAAAACATATGACAATTTGATTTTCTTCTAATGTATTTTTTGTGAGCAGTTGATGAATAATAAATCCCTGTTGAAGATGTGTTTCTTTTTAATTCTCTTGATATTGTTGATTTGTTTTTATTTAAGATTTTTGCAATCTTATTCATAGAATATTTTTCTTTATTTCAAAGAAAATAAATTAAGCATCTTTCTTCTTTTGTTAAATGTTTATAAGTTTTCATAAGCACTCCTAATATTCATTATCTTTTTATTAGTGAACACTTACAAACAAAACAAATGAAGTGCACACTCTTTTTTGAGTGTTGCACTTCACATGTCAATCGAGCTTTAATAACTTTATATAAGTTATTAAATATAATTTAAGTTTAATATTGGATTAAATGTTCAAAATCAATAAACCTTTTTGAACTGTTGGGAAGATACTTATCTAAAAATTCTTTAACATGATTGTTTTTTAATAAAACAGAACCTGTGAAAATAAAATTTTCAGTTTTTAAAAAAGAAATATAATCCAACACTTCTTTAATACAAGGAATAATAAAATTATCTATTGTATTATCATCTTGTTTAGAAATTCAATTTGTAACCTTAGTTACATTTTTTACATCATTTATTAATGAAATATAATCTCTTATACTTTTAAGTTCAAAGTCTTGCAAAAACTTTTTGTAAATATCTACATGATTTTCTGTATCTTCACACATGGTTAAAAATTTTAAAAAATTTATCCCTATATAATAACCACTTCCTATATCTCCAACAACTCTCCCCCAAC
NZ_CP033512.2_gap17	468440	470984	2544	AATTGGTTTAATAATAAGATATTTAATTCTTACTGATAATGTTTTAAACCCATCAATTTACAACTCGTTATATTTAACTTCAGGATTATTTGGCATAGTTGCACTTGTGATGTATTTGGTTTGAATTTTTAAAGTTAATACATCATTAACATTTAACTTAATAGTCATATCGGTTTATTGTTTGAGTATAGGGATTACTTTTGGGATTTTATTTACAGTTTTTGATTTAACTCAAGTCATATTCTGTTTTGGATTAACTTCTATTGTTTTATTGTTGTGTTATGGATTAAGTAGAATCACAAGCAACAAAGTTGGTTTTACAATTGGTAAAATATTAATGTTATTTTTTGCTATATATTTTATTTTCTTAATTGTTAACCTTTTCTTAACAATATTTAGTTTTGGTCAATTAAATTTATTTTTTGGTGGTTACTTATTTGCTGGGAATTGAACTTATTTTGTTATTCAAATAATTTTTGGTATCGTTTCATTCTTAATCATTTGATATAGTTTATGAAACTTAAAAAATATGGATCAATTTAGAGAAAATCTTGACCCTAAACTTGCAAGATCTATTGCGATGCTTATAGGGTTCAATATTTTAATTAATATGGTAGCTTTATTAAGACTATTCTTATATTTTTTATCAAGAGGAAAATAATTTTTATATTATTTTATTATTATGAGAAATACGAATAAAATTCAAAATCAAAAAATTATTAACCCTTATGTTAATAACCAATATAAATTTAAATCAAGAAACATAAACCAAACAACAGTTAATAAAGAAATTAACACTTTTCTTAATAATGGGAATAATGTTCCCCAAAATAGACAAATTAAACAACCTATTAATAATGCATATAATAGAATGCCACAAAACCAAAGGCAACCTTATAATAATCAGCAATATGTAAATAATCAATTCTATAATAATCAACAAAACTATTACTATAATCAACAACAATATACAAATGGTCAATATGGTAATGTTCAAGCTCAATATCCAAATCAACAATATGTAAATAATCAAAATAGTGTTGGAGTTGATGATAAAGTTGAAATAGAATGTAGAAATATTTCAAAAACAATAAAAACATCATCTTTTAAAGCTGATATTTTAGAAAATATTAACTTAAAAATATATCAAGGTGAAATTGTTATTATTTTAGGACCAAGTGGTTCTGGTAAAACAACATTATTAAATGTTATTGCTGGTATTGAACATCCAACAGGTGGTGATGTTTACATTAAAGGAAAAGTAGTTAATAAATTAAATGATAAAGAATTAACTGAGTTTAGAAGAAATCATATTGCATATATTTATCAAAGATATGGTTTGGTTCCAATATCAACGGTTTGAGACAATATTAAACTAGGTCAAAACTTAGTTCCAAAAAACAAAAGAACTGTTGATATTGATGAAGTAATAAATATAGTTGGTATAGAAAAAATTAAAAATAAATTCCCACATGAATTATCTGGGGGTCAAAAACAAAGGGTTGCAATAGCGAGAGCTATTTTGAAACAACCAGAAATTATGCTTTGTGATGAACCTACTGGTGCTTTAGATGATGAAACATCAAAAAATATTATTGATTTATTTTTAAAAGTTAATAAAGAATTTAATACTACAATTGTAATGGTTACTCACAATAATAGTTTAGTTTCTATAGCAACTAAAATTATTAGAATTCAAGATGGTAAAATAGTTGGAATTGAGGAAAGAAACAAAAACTCTAATTTCCAAAATCCATTCACAAAATAAAATCTATAACTTAAGGTAATTTTTGTAATGTTTAATAATAAATTTAATGATACTTTTAATCAAAAAATACTATTTAATGAAGATGAAATTAAAGATAGAGTTAATGAATGTGCCAAATGATTAAATAAATATTTTGTTGGCAAAAAGAAAAAAAATAATATTGTTGTTGTTCCAATTCTTGATGGATCAATTTGTTTTTCTTCTTATTTATTATTAAGATTAAATTTTAAATTTACTTTAGATTTTTACACTATTAAATCTTATAGAGAAAAAATAAGTTTTCCAAAAATAATAAAAGACATTGATACAGATGTAAAAAATAAATATGTAGTTATTATTGAAAATGTTATAGAGTCAGGAAGAACTTTAGAATACATTATAGAAGATCTAAAAAATAAAGATGTTTTAGATATAATTGTGGTTTCTTTAATAAATAAACCAGAGAAAAGAAAAGTTAATATTCAACCTCACTATACTTGCTTTGTTACAAATGAAGATCAACTTATAGGGTGAGGGTTAGATTATGAAAACAAATTTAGAAATCTCCCATACATTGCATCAATTTCTAAAAAATAATATTAAATTAATTTAAATAATTATGATTCTGTTTTCTTATTTTAAATAAAAAGAAACAGAATTTTTTTATTTAATTAAAAAAATGATTAACAATTATTATTTTTTAAAAGAAACCCTATAGATTTTAAAATTTGTTAATTTTTTTTATTTTAGATTAATTTTTATTCAAATAAACTTGCTTTTTTTTTTTTTTTTTGATT
NZ_CP033512.2_gap18	473818	474465	647	AATTATTTCTTCATCGGTTAGTAAATTGATGACTAAAGAAGAAAAAACAGAAAATCAAACTAATCAAGTTATAACTAAAGAGGTTGTTGAAAAAAATATAATGGATCAAATAAAATCAAATGCAGCATTTACAGAAAACTTAAAATTATATATGGAAAAAGTTACTTTAACATATGCTGGCAATGAAATTGGATCTTATGGTAAAAAATTTAAAAGTTATAATGTAACTATTGATTTAAAAGCTGGTTATACAATTCAATTCTATAGTGATGCAATAGCTTCATTTAAAGTAAATAAAAATTCTATTACATCAATTAAGACTTACTTATCAAAAGAAGAAGCAAAAACAGAATAATATTTAATTTTAATTAGAAATTTTTTTAGATAAAAAATAAATATTTTTTATAGAAAATTAAATTAAGGAAAATGCATCACAATAGCACCTTTTGGTGCTATTTTTTTTTTTTTTTTTTTGTAAATTAATACTATTTGATTGTTTATAAAAAAGTTATAAAAAATTATCAAAAAACAAAAAACTAAAATTTCCTGCTAAATAAATTTGTTTTTTTATATTTGATGTTTTAAATGTATAAAATGAACTAAAATCTAATAACCATTTTTTATTTTTTAGTAATTTATTTAAAAAT
NZ_CP033512.2_gap19	477815	480551	2736	CCAATGATATTGGGTGCTTTAATTTCTGGTCCTTTGTTTGCTTGATTATTTAAAAATTTTGAAAAGCTTTACAAAAATCATATAAAACAAGGATTTGAAATGTTGGTTAATAATTTTTCTCTTGGAATATTTGGCTGTGCAGCAATAATTGTGTGTTTCTGAGGAATTGGTCCATTAATGGCAGTATTACAAGTTGTATTTTTCTTTATAATACAAGGTATAAATAATGCTGGATTATTGTTTGTATTACCTATATTTGTTGAATTTGAAAAAATATTATTTTTAAATAATGCTGTTAATCATGGTATCCTTGGACCTTTAGGATACCAAGCTGTTACAAGTGTAGGTTATTCTCCTCTATTTTTCCTTGATCCAAATCCAGGACAAGGTTTAGGATTATTGTTGGCATATATTTGTTTTGGTACTAAAGAACAAAAATCACAAGCTACTGCTGCTACACCTATTCATTTTGTAGGTGGTATTCATGAAGTTTACTATCCATTTGTTCTAATGAAACCAATTAATTTATTATTTATGATGGCTGGTGGTGTTTTTGCAGGAGCAATTTATCAAATATTTAATTTTGGTGGTATATTCACACCAAGTCCTGGTAGTGTAATTATGAACTACCTTGCAGTTTATAGTGCTAAACCATTAAATTATTTAGCACTAACAATTGCAATATTTGGAGCTGCTGCTATTGTATTTGCACTTACATCTTTAAGTTTATTGTGAGTAAATATTAGAAATGGACAAAGAATTGTTTTAAACCCGTTAAAAATAAAATTAATTTCAAATATTTATAAATCAAAAGAATTTGACTCAATTAAAGATATTAATATTACTAAAAAGATAAAAGATGTTAAGTATGAAAATGTTAAAGATAAAAATAATTTCTTATGAGAAATTGTAACTTTAAAAGATGGAAGTCAAGAATTTTATCCAATTAAAGAAAAAGATAAAAAAATTGAAAGTGTTTCATACAAAATTTATGATAAAGATGAAAATAAAAAAGAAAAATATTGTGAAAAATTTTATTACAAAGAAAGTTTTGATTTATCAACTGTAAAAAATAAAAGAGATAAATTAACTAATAAACTTAATTTAAAAATTGATCAATTCAATAAAAAACATGATGAAAAAATTAAAGAAATTAATTTATGAAAAGAAACTATTGATTCTAAATTAAATCCAATGGATACTTTTAGTAAAGAAAATTTAGAAAAAGATTTTAAATTAAAAGTTTCTAATGAAAGTTTTAAATATAACAAAAAACTTGATTTACTTAAATTCAAAATAGTTAAAAATAATTTTTATGATGCTAAAAGAATTAAAGTTTCTTTAGAAGAAAGTGAAATTGATTCAATAAATTATGAGCAAAAACAAATTGAATTCTTAAAAAGAACTATAGTATTTGAAAATAATTTAGAACAGAAAAAAATAGATAAACAAAAAATAAAAGAACTTAAAAAAGAGTATTTAAATAACATTAAAAACTTAAATGAAAGTGATAATGTAAAAATTAAAATCGAAAAAGACAAATTAAAAAAAGAATTAAATAATAAAATTAATGCATTGATAAAAATTGATGCAGATGGAAAACTAATCAAGAAACAATACTTTAAAAATGATGTGAAATTGATTGATGTTGATTCAAAACAAGAAAATATTAATGATATTTTAAATGTAAAAGAACTAAAAGATCAACTATCAAATAATGATGAACTATTTAATGTAGTTAAAAAAGCAAAAAAAATAATTTTTGCTTGTGAAGCAGGTATGGGTTCTTCGGCTATGGGTGCTGGCATGATTAAAAAAATGATTACAAGTCTTGGTGTTAAAGATATAGAAGTTACAAATTGTGCTATAAAAGATTTACCAAATGATGTAGATATAATTGTTACTCAGAAAACATTTAAAGAATTTGTAAACAAAAATCATCCTAATAGCTATGTATATGGAATAAATCAATTTTTGAAAAAAGATGAGTATAAAGAACTTATTGATACTATTAAAATAGTTAAAGTTAAATAGTTTATAAAAAACTTAAATATTTGAATGTGATGAAAACATGAAATTTGAATTTTATTTAAATTTCATGTTTTTTATATTAACCAAATTTGGTTTTTTGAATCAATTACTTTTAAATTGTTAACAACTTAGTAAGCAATTTTAAAGTAAAAACAGTTTAAATTTTAAAGAATTATTTAAATCAATAACTAAAAAGTGTTTGATATTTTATTAAACTTATAAATTGGATTTAATGTTTTAATTTTGTATATTTTTTAATTAAAAAATATTTTTCAAACTAATCACTTTATTAAAAAAATATACAGATTTTTGTATTTTTACAAATAATGATTTTTTTAATACTTTATATTGTGTTGTAAATATTTTTGAATAATTTTTAGTTAAACACCAAACACTAGTAATTTAATTTATTACTAAATGATTTATTTTTTAAAAAAACTTTTACATAGATATCATATGAATTTTTGCTTAAATTTTTGCAAATTACTACATATATTTTTTTATGAAAAAATGTCTATTTTTAATTTGATATTAAAAAATATTATGCACACATAATGGTTAGTTTTTAGATATTAAGAATAATAAAAAATCAAGTATAAAATTAACAATTAAATTTAACGTTTAAACTTATCTTTTAAGCTATATATTTATTTTAATTTGTTAATTTATGTATGATTATTATGCTTTTTTATAAGATATTATGAG
NZ_CP033512.2_gap20	490809	491946	1137	GTTTTTATTTAAGATTTTTGCAATCTTATTCATAGAATATTTTTCTTTATTTCAAAGAAAATAAATTAAGCATCTTTCTTCTTTTGTTAAATGTTTATAAGTTTTCATAAGCACTCCTAATATTCATTATCTTTTTATTAGTGAACACTTACAAACAAAACAAATGAAGTGCACACTCTTTTTTGAGTGTTGCACTTCACATGTCAATCGAGCAATTATATTTAATAACTTTATATAAGTTATTAAATATAATTTAAGTTTAATATTGGATTAAATGTTCAAAATCAATAAACCTTTTTGAACTGTTGGGAAGATACTTATCTAAAAATTCTTTAACATGATTGTTTTTTAATAAAACAGAACCTGTGAAAATAAAATTTTCAGTTTTTAAAAAAGAAATATAATCCAACACTTCTTTAATACAAGGAATAATAAAATTATCTATTGTATTATCATCTTGTTTAGAAATTCAATTTGTAACCTTAGTTACATTTTTTACATCATTTATTAATGAAATATAATCTCTTATACTTTTAAGTTCAAAGTCTTGCAAAAACTTTTTGTAAATATCTACATGATTTTCTGTATCTTCACACATGGTTAAAAATTTTAAAAAATTTATCCCTATATAATAACCACTTCCTATATCTCCAACAACTCTCCCCCAACCTAAAAGTGATTTAAAAGAATTGTTTTTAAAATTAACACAAGCTGTTCCAGTACCTAAATTTAATAAAGTAAAATCTATATTAAATTTTCTAGAACATAAAATAGCAAACATTTCTACATCGTTAAAAATTTCAATTTCTCTATTTGTTTTTGTTTTTAAGTCTTTTAATATAATATCTATTTTGTCTTTAACATATTCAGAACCAGCCAACCCAAACATAGCCTTATCAAAATTATTTTTATGATCTTCTATGATTTTATAAATTGTTTTTATTGATTCATCATAATTGGTATTTACATTTGATTGATTATATAGCTCTTTTTTTATAATCTTGTTATTTTCAACTAGATAAACAGCGGTTTTTGTTCCTCCACCATCAACATATAATATTTTCATTTTTATTCCTTATTATTTCTATTATTTAAATTATATTTAAAAAGTAGATTTTGGTTACCTTTAATTATTTA
NZ_CP033512.2_gap21	626267	630523	4256	ACATGCTGTTGATCTTCTATTTTCCTTTAATAACTCTGGAGAAAAATTAACTGTTATGGAATGAAGATCAGCTATAAAAACAAATAATTTATTTTCTTCATTTTGCATATCAACAAAATTTTTTAAAGCCCCAAGATAATTTCCAAGAGTTAAAGAATTTGTCGATTGGATTCCTGAAACAATAATTTTCATTTTATAAACCTCTGTTGTTTTGTCATTATTTATATATTATTGTAAAATATTAATAATGCATATTATGAAAAATATAATTTCTAGAGGTTATTAAAATATGAAAAAATTATTTTATGTTTCACAGTGTAAAGCAAGTAATTATGCACTAGATTTTATTGAAAAAAACAACATTATTGTTGATAAATCAAACCTAACTTATAAACCTATAACAGAAAAAGATTTGTTAGATATGGAAGCTTTACTTCCGAATGGAATGATAGAATTGGTTAACCCGCATTCAGAACATTTAAAAGATTTAGGTTTTGATATTAAGACACTTAACAAAAAAGAATTAATGTATGTGATTATTAAAAATCCAATGATTTTAAGCTATCCAATATTACTTGAAACAACAAATAATAAAAACCCTATTAAACTAGTTATAGGTTTTAACCCTATAGAATGAAGCATTTTTAAAGATGACCCAACAAGTGATAGATATTATAGTAATATAAATAAATTTTATAAATTTACTAAATGCTGCTTTTTTGATGAAACAAAAGATAGAAAAATGTAATCATGAATTATACTGTTTTTATTAATGATGAATCACAAAAAGCATTATTTTTAAAAAAGAAACTTTCTCAAATACTAAGTGATTGAAATTATGTTGATAATGTTGATTTAACAGATTATATTTTTGTAATTGGTGGAGATGGTACTTTTTTAAAACATTTTAATGATTTTAAAAATAAAAAGATTGTAGCAATCAATGCAGGAAATTTAGGATATTATTCTTTTTTCAATAAGAGTAATCTTAATACATTAAAATCTAAAATAGCAAATCCTAGAAATTTTAACCATGTCTTAGTTTTAAAAATTTGTTTAGATGATAAAGAATATCGTTGCTTAAATGAAGTGATAATAAGATGTGATAGAACATTTGAATCAAGTGTTTATGTTAAAAATGTTTTTTTAGAAAAATTTAAAGGCTCTGGAATCTTAATATGTACCCCTATGGGTTCAACTGCTCATAATAAAAATGCACATGGTGCCATTATGTATAATGGTTTAAATGCAATTCAAATTTTAGAATTAGAACCAATAACTCAAAAAAGATATATGACACTAAAATCCCCATTAATTGTTCCATCAGATTTTAATGTTAATTTAAAAAGTAATGCTGAACTTGAAAACACTAAAATAATAATTGATGGAAAACCTATAAAAATTAATTTTAAGGGAAATTTAAAGGTGTCTGTTATTAATTCAGATTTTCAGTTATTCAATCCATATGATCCAAAAATATACATAAAAAAACTTAGAGATTCATTTATTAGGGAGAAATAAAATGAAAAAAACAAAATTAATTTTTTTATATGTTTTTACTTTTGGGATAGCATATTTTGTAATTAAAGCAAAAGCTAAAAAACATGCAACTATTGTAAATAATGAACTAACTTTAAGCTATGATATACCTTTTGAAATAAATGATTTTTATACTAGTGTTGGTGGTAAAGAAAATATTACTAGCACAGAAGCTAATATAAATTCTATAAAGGTTTTTGTTAAAGACATTGAAAAGGTTAGCCAAGATAACATTAAAAAATTAGGAGCAAAAGGTTCAATGCTTTCAGAAAACTGTGTTACATGTTTGTTTGGTGATTATTCAAAAAAACTTGATGAAGTATTGAAAATAGAATTAAATAGTAATCAAAATTAAAATTAACTCTAATTAGCTTATTTAACATAATAAAATTTATTATAAAAATTTTTTAAAACCCCTATTAGCCAGCTTGCTAATTGGGGTTTTAATATTTAAAAGTTAAATTTAGTTTTACTGTATGTTTTTAATGCTTTTTGGAATTTTTAAATGGGTTTCATCTTCTAATATTTGATAAAGTATTGGAGAAATATAATCTCTTTTATTTCGGTTTTGAAGTTTAGAACTTATTCCATTAAGAATTTCATTTTTTATTATTTCTTTATCAACCAAACCTCTAATGTTTTCAATTATATTTATAAAATCATTAATTTGTAAAGTTGTAACATTATCATTATCATTTTTTTGTATATCGAAAAAATTAAAAAGCTTAGAAGTGTTTTTTATTTTATATCTAAATTTGATCATACAACCATTATGAGCTAAAGCATTTCTTAACTTGTTAAACAAATCCATTAACTCATAAATGTCAAACTCTGTCATTTTCATTTTTTTATGAGTTTTCAAATTTTTTAAAAATTCATCAATTATTTTGTTTTTTAAACTAATGTTTAATGCTTTAAAAATTTTTTGAAGTTGAGAAAATGTTAATGCTGAACATAATGTAAAAAGTTGAATATAAACTCATTTTTTCTTTTTTAAATCTGTAGTGTTAAATTTGAGTGCGATTCATGATCTATCAATTTTTTTAATTATTTCGTCATGTTCTTTATCAAGATTAGAATTAGCTACTTCATCAAAAAAATAAACGATGTCATAATTTTTGTAAAACTCTTCTATGAAATATCTTTTTTTATCTATGAGTGTACTTTTTGTTGAAAAATATTTAACATTATTTAAATTTGAAAAGATTTCAAGAAAGTCTTCTTCGCTAAGACAACATAAATATGGAGTATTAGTTTTCTTTTGGATTATTTCAGCTAGAACCTTAACAACGCTTGAATTAAAATGTAATTCTAACCCCTTAAAATATTTTCAAAGTGTAGCAGAAATATTTCTGTCTATATCAAATAGATATCTTATGTTATTTGATGTAAATCCTTTTTTGTATTTATTGTTTTTATCAAACATTAATTTATTTTTAAGTCCTAAAATAAAATGACTATAATTATATTCTTTTAAATATTCAATAAATATTTCTTTTGATTCTTGATCTGGGAATTCTAAATTTTTAGATTCAAGATTTTTAATTTGCTGATCATAACTTAAATATCTATTTATTGATTCCATATTACCTCTTTAAATAATTTAAATAATTTTTATATTCTAAATCATATATATTTAATTAATGATTGTTTTTGTAGTTATATTTAATTCTAATTTAATATTGTATGTTTAGTTTAATTAAATAAGCATAAGCTAAATAAAAATCTTTTTATTTAACGTTTGTTAGTTAATATTTTCTATTTTTTATCAAATAAAACATCTGAATTTTAAAATTACATTTTTATAAAATGTTTTGTTATTGTTATTTTTGATAAAACGACAATTAAATTATTGTTAAATTAATCCACACAAATATGTTAATCATATTTTTGGTTATAATAATTTCTAAATGAAAAATAATGTTAACTATAATCACAAATTAAATTATTTTTTATATTAAAAAACAATGTATAATAAAGTCCATTCAAAAATAAAGGTAGAGTGAATTATGATAAAAAAAGTTTATGTTGCAGGTGGATGTTTCTGAGGTGTTGAACATTTTTATAAACTTGCTTTAGAAAATATAAGAACACGAGTTGGGTATTTAAACTCAATGATAGATAATCCCAATTATGAAATAGTTTGTGATGGAATATCTGATGCTGTTGAAGCTGTTGAAATTAAATATGATGATGAAAACTATACCATCGGTGATATATTAGATATTCTTTTTATTATTATTGATCCAACATCTTTAAATAAACAAGGTAATGATGTTGGTAGACAATATAGAACAGGTTTTTATAGTGATGATTCAAATGATTTAAAATATGCTAATGATTATATTGAAAAAATAAAACATAACTATTCAAAACCTATAGTGGTGGAAGTAAAAAATGTCGAAAATTTTTATGAGGCTGAAGAGTATCATCAAAAATACCTTGAAAAAAACCCCAATGGATATTGTCATATTGATATGTCCTTAGTTAATAAAATAAAAAGAAAATAATTTATTTTTAAAAATAAATGTTTCAAACCTAAGAGAAAGTGAATTTAAATTTATATTATTTTTTCTAAGTTATATATTAATATTGAATTATTGTTATTATTTTTTATTAATAGAAAGGATGTAAAAAATTATGGAAAAAAAATATCAAGTAACAGGAATTGCTATTGGTGGTAGAAATGGTAATGTTTATACTAGTGATAATCAATT
NZ_CP033512.2_gap22	647851	648635	784	GATGAATATGGTTATTATTTTGATGACATAAATCCAGGATTTGATAGTTTTTATAATTTATCAGATGATCAATATAATACAACTCTAAAATATGATATATATTTTTCACCTAATGCTAATGGTACATATGAATTATTGGCTAAAGATTTATATAAACCAATAATTAAAAAATCATATTTTAAAAAATATAATGAAAAACCAGATGGTAAATACTATATAAAAATGCACAATCATGATGATTCTCTTGTGTTTCAAACAGAACCATTTTACTTTGCTATAGCTGAAGATAATAATATTGTTAGTGTTCCAGAGCAACCTTTAATTTCATATACTGAACAATTAACGCCTTATACTCCAAAAGGACAAACAAATTACTTTGATAAATTTATTTACAATTGATATGATCAAAGTTATAAATTAACACTTAATTACCAATGATCAAAAATTAACAGTAATTATGATGTAAAAGTTAATTTAAAAAGATATGATTTTAAAAATAAACAACTAACAACATTAAAAACTTGAAATGATCGTTTACATAGAGAAGATTATATAATTGGTAAAATTGATGATAATAATAAAGGTATTTATTTTATGGATATAGAAGTTAAATACAATAACAAACCTGAAATTTATCATATATATTCATCATTTATGTATATGATTACTAAAAAAGATGTTGATTCTAATAATTTCAATGAATGAGTTAACTTATCAAATGATTTAAAAAACACAATTAAATCAGAAAAAACAAAATCATAAAATAATTATTTATTACTAAAGT
NZ_CP033512.2_gap23	813210	817698	4488	TTTCTTTGTCCATTGGTATTTCCTTCCTCTTTATTCAATTTATTGATTGGCTTCTAGATTTTTATTTTTAATTTTTTTAGCTTTTATAGCTTCTTTTATTTCTATTGATTTCTTTGCAACTTTAATTTTTTCTAAAACATTTGCAGGAATTCCTTTAATTGGTGAATCAGGATGTAATAATCATGTAGCAGCTTTATGAGTTTTTGAACCATTAACTGTAAATAATGGAGGTTGTTTTTCAAAATCAATTTTTGTAGCATACTTATTTCTTGGTGCAAAAGCATCACCAATTGGAGGAATTAATAAGTTTGGTGGTGTACCAGGAATTGACTGTAATTCTTGATCACTATTAGAATCTGGAATTGATGAAATTAAAGCTCAAGTATATGGATGTCTAGGATTTGTAAATATATCTTTTATTAATCCTTGTTCCACAATTTTTCCAGCATACATAACATAAACAAAATCACAGAAGTTGGCAACCAAACCAATATTATGTGAAATTAAAACAATTGCTATATTATATCTATCCCTTAATTTTTTAATAATGTCTAAAACTTTGGCTTGGATAGTAACATCAAGAGCAGTTGTAGGTTCATCTGCAATAATTAAATCAGGTTCACTTACAATTGCCATTGCAATAACAATTCTTTGTCTCATACCACCTGAAAATTCATGTGGGTAATCTTTAATTCTTTGTTTTATGTTTTTAATTCCAATGAAATCTAAAACTTCATATAATTTATCTTCAACTGCTTTTTTTGTCGTTTGTGCTTTATATAGTTCTTTTGCTTCAGCAATTCCTTTTTTTAATTTATTAATATCATTATCAATTTTGTACTCTTCTTTAAGATCAAAGATTTTTTGTTGTAATTTTCTTTTTTTAGTTATAAGAATTGATTCAATAACTTGTTTACCAATCCTTTTAGTTGGGTTTAAAGATAAAAGTGGGTCTTGTGGAATATATGCTATTTTACTTCCTCTAATATATTTTCAACTAGTTTTATCAGCTGTTAGTAAATCTCATTTTAAAAAATCTAAATTATCTGCTTTGGTTTTTGAATTATCATTAAAACCAATTAAAGACTTAACTGTAACAGATTTACCAGAACCTGATTCTCCAACAATTCCTAATATTTCTCCACGTTTAATCTTAATTGAAACATCTCTAACTGCATGTAGCATTCCAGCTTTAACTTTAAAAGACACACTTAGGTTTTGAATATTAACTATATAGTCATCAGTTAATTCGTCTCTAGCTGGTTTTAGTTTTAAATATCCTGGTAAAAATTTTTCTTTTAATTTATTTAACATTTCTATTTACCTGCACTAACCCTTGGGTCAATAGCATCATTTATACCATTGGCCACTATTTGAGAAGATAAAGTTAGAAGTACTAGTACTAATGATGGTGCAAGTAGTGGAGTTATGTATTCACTAACTTGGTATCCTTCATCAATTAAAGTACCAATTCCTAAATCAAATTTTGATTTAATACCTAAGAATACTAATGTTGATTCATAAAAAATTATTGCTGGAATAATGTTAACAAATCTAACCAATAATCTACCTGAGATGTTTGGAAGCATGTGGATGAAAATTATTCTTGGTTGGCTACCACCAAGTGTTCTTACAGCTTGTATATATTCAGCATCTTTTGTTTTTAAAATATATGTTCTAGTTGTTATGGCTGGACCCATTCATATAATACAAATAAGCGAAACTAATAATGTATTATTATCAACAGTACCTGCTGCGTTGTTACCAATAACTATAATTGATGAAAGAATTAATAATCACAAGATTGTAGGTACACCACTTAAGATTTCAACAATTCTCATCATCACAGTATCTACAGTATCATATTTTGTACCAGCACAAGCACCTGAAATTGCACCATATATTGCACCAAGTATAACTGATACTATAGCAACAACTACAGCAACTTGTAGTGAGATAGCTGCAGCTTGTCATGTTTTAGTTCAAATATCTACACCTCTAGCGTCTGTCCCAAAAATAGGATAAATGTTTTTTAATTCTGGTAATGCATATGGATTAATAGTTACCAAATAATCACCATTTTCAACCATTTTAGGATCACCAATGATGAAACCAGAAACATCCTTCATTTGATTATAGTATGTTGGTGACATTAATGTTTGGTAATACCCATTAATTAAACCGCCTGGTCATCTTGGTCTTAATGATGTAGCAAAACTATTTGTAGATATTGGGTCATATGCACTATATGGTGAAGCATATGGAACAATGATTGCAAGCAATACTATTATTAATAGAATGATAAAGAAAAATAAAGCTCATTTATTTTTTGCAAATCTTTTTAACACAGAAACTAAATAACCATTTGATTTACCAGAAATTTGATCTAACCTATTTCTAGAATAAATATCAACATGCTTAAAATCATCTGGCGTTAGTTTCATTTCTAAAGCTTGTTGTTCTGTCAACATAATTAGACTTCTCCTTCCTGGTTGTAAACTATTTTGTATTTTTGATTACCAATTATTGCTCATTTTAAATTTGGATCAATTTGCAAGTAATATAAATCATTTTTGTTTAAATTTAGTTTCTTATTAGCTATTAATCTATTTTTTTGAATGTAATCAAATTCAGATGAGTTTGAAAAGATTTCAACGAAATTTTTGTTTTTAAATAATTTTTCTCAACCCAAGAATCATATGTTTCTTTGACTTCATTTATATAATTTCATGTATCAAGCTAAACTATTAGATTTTGCCAATTTAATTCTTGGATCTATAAATGTATATAAAACGTCAGCAAATATCTGTAAAGCAAAATATATACCAGATATAACTAAAGCATTAAACATTAAAAGATAAATTTGTTTTTGTTGTACTGCATCAACAAGTTGGTTGGCAATTCCTGGAACACCATAGAATTTTTCAATAATAATTGAACCACCAACTACGATTAAAAATGAAGGAATAATTACAGATAAAACTGGAATAGATGCATTTCTTAAACAGTGTTTAAACAACACAGTTGGATATGTAAGACCTTTTGATAAAGCGGTTTTAACATAGTCCTGATTTAAAACATCAACCATTTCATTTCTAGTGTAGTAAACAATTGTAGGAGTTAATGAACTCACTAAAGCACTAATTGGCAATAAAGATGTTTTTATTAATTTAATCGGGTCAAATGAACTACTATCAAGTGCTGGAAAAGTAATTGGTCATCCTCCATCTGCTGCTCATCTTATTAAGAAAGTTGCAACAACAAATGATGGAACTGAAAGAAAGAATACAGAGACAACGTTTATTAATGTATCTTGTCATCTTCCTCTATAAACTGCTGCCAACACTCCAAAGAATACTCCGATGATAACAGATAAAACAAAAGCGATTCCAGCTAAAGCCATTGTATATGGCATAACTCTTAAAAATTTATCTTCAATTGAAATACTTTCCCTATAGTTTGTACCAAACTGTCCAGTTGTAATCCATTTTTTTCAAAATAAAGCATATTGTTCAACTACTGGTTTAGTTAATCCTAAACCCTCAAGTCTTTTAAAAAATTCTTCATTAGATTCTTGTTGTGATTTTTCAATTGGAAAACCTGGTAGCAAATTCGTTAGAAAAAATATTAAAGTAATTAGAATAAATAATGCTAATAATGCAAAACCAATTCTCTTTAATATATAATTCAGCATAATTTACCCCCTTTTCTTATTTTATTTCATAAGTACCATTTTATTTTTATTTATTATCTTTTTTAGAAACAGATCAATCTTTAAAATTTGTAGTTGAGTTTAATGATGGTAAAACATTAAATCCTGGTCTAACAACATTGAAAGATTTATAATCAAGACCCATTTCATAATTTGGTATAAATGGATATGTATTATCAATTCATTGCACTAAAGCATATGTGTTGTATTGGTTTAAATCTCCTCAAGTAGCAATTTGTGAACTTAATCCACTTGTAATATCAGTTACTAGATAATCTGTTGCTTTTAAAGTTGTATTACTATTTTGATCTTTCTTTTTTATTCCACCTTTTTGAACTAAATAGTTTCAAAGATTTGTCAATCAAGCATCTTTTGAACTTCAACCTGTACCTTCTACAGGATCTTTTTCAACTTTATTACCATTAGTTTTTTTAACTGCTGCTTGCATTTCTTTAAATAATAAAGGTCACAATGTAGCAGTTTTTGTATCAGCAACCAATCCAACTTCTATATCACTACCATTTATTTTATTTTTCATTATTGGATATCCATCTTTATCAAATTTATATTGAAAATAATATCCAACTCAAGTACCAACCGCATTATAATCTGGTCCTCAAAGATATGATCCTAATGGTGAATTTGCATTGTAAAAATAATCAACAACTGTTTGGTTAGTTCTATTTATTAAATTAAATTTAACTTTGTTATTAGTTAATTCACTAATTGATTTAATTAGTTCTTGAATATATTTAGTTTGTTCATTTGTATATGAA
NZ_CP033512.2_gap24	838294	838822	528	TTCAAGCAAGTGGAAAATCCAAAAAATGATGCTGCAAACGCAATGTGGACTGCATTTTTATTTGTAAATAATCATTGCAAAAATAAATGATAATTTCCCTTATTAATAACAATATTTCCAGTTTGATTTGAATTTGATATTGTAGCATTTCATGATTGGTTTCCATTAATCAAATAAATAATTGATGATGCTAAACCCAAAGAAATAAACATAGCGATAAATAACAAAGTAAAATAATTTATGTATTTTAAATAAATCGGAAAAAACTTTTTTACTATCTTAAAAATTTCACTAGTTCTTATTTCAATTTGTACCATAACAACACCTATAATTTATTGATTTAATACTCTATATTTTTATACACTATTTAAAATTAAAAATAAATACTTGTAAATAATGTAGTCATTACATTTTGGTTTTATTTTATATAGATGCTGTAAATTAAAATGACAATGAAAAAGACATTGCTATAGTTAACAAGCAATGTCTTGAGGTTATAATTGGTGGAGATGACGGGAGTCGAACCCG
NZ_CP033512.2_gap25	842467	843612	1145	TTCTTTCAAATAAAAAAGTAAATGTATTAATTAATGTATTTTGTAACTCATTAAGATCATTTGTTAATCTATTATTAATTGAAGAAATTCCAATTTTATTAATATCATTTTCTTTCATTAATAAGAAACTATAAAATAGTTTATTTCTTATTTTAAAAGATAAAGTCAAAGCTATTTTTGTTGCATGCATTCTTGTATAGAATTTTAAAGAAAATCCAATTATGTTACACCCAATTATAAAACCAAATAATTTTAAAGAATATTCAATTGCTTCTTTATAAGTTAGCGTTTGGCCATTCTCTTGAACTTTAAAAAATTGATCAGTCATTTCCCCAATTAAAAATCATTGTGCTGAATTAATGATCACTCAAATTAATGTAACAAAATAAACTCATATCAAGATAAAAATATCTTTCTTGTCAAAAAATTTGAAAATAAACATTATATTATAACCCGCTTTCGTAACTGATTATTAAAAAACATTCACATGAATTATAATACAATATTTAATTTAAAATTAACCAAAAGCTATATCAAGTGTCATCATTATTACAAACCCTATCATAAAGAAACACACAGCTAAATCGCTATGGTTTCCTCTACTTGCCTCAGGAATTAGTTCTTCAACGACAACATAAAGCATTGCTCCAGCTGCAAAAGAAAGAAAATATGGTAAAACACTTGTAATTGTTCCAACTAATGCAACTGTAATAAAACCACCAATTGGTTCAACAATTCCAGATAAAGCGCCATATAAAAAAGCCTTTCATTTGCTAAATCCATTTTGTCTTAAGGGCAAACTTATAGCTGCACCTTCTGGGATATTTTGAATAGCAATTCCAGTTGTTAAAGATAATGCTGCACCAATATTAATACTATTATTAGTTTGCAAAGCTAAAGCAAAAGATAACCCAACAGCCATTCCTTCTGGAAGGTTATGTAATGTAATAGCTGCCATTAATAAAGAAGTTTTTTTATACCCTAATTGACCCTTATGAATATTATTTTGTTTTTGTATGTTGATTCTGTCAATTCTCTTTATTTTATTTCTGTTTTTTAATTTTAAAATCTTATCACTAATAAAAGTCCCTTCTGGTGCTTTATTTCCTAAATGAATGTGTGGGATAAGTTTATCTAACATATAC
NZ_CP033512.2_gap26	854256	856758	2502	CTCTAAATGGAATTCTAATTTTAACACCTTTATCAACTTTGTCTTTTTTCGCTGTTTCTGTTCCTGTGTAAGTAGAATTTAATGCATTATAAGAAAATAAATATCCATTCTTATTCAGATTAGAATTTTCAAAGTCTGTTATTAACATTTTATTCAAATTATTTTCATCATTAATTTTATTAAAAAATGTTTCACTACCAACCGTTTCATTTTTACTTAAGGAAGTTAATGTAAAATTAGAATTTATTGAATTAAATGTATTTTGATCTATATTTAAATTTAAATAAGAAAAACTATAATCTTTCATATATAAATCATCTCTATAATCAAAATTATTTAAAATTTTGTTTACGTCATAACTATATAATACTCCAGATGTAGAATAAACCTTAGATAATATGTTAACAATAGTTAAACCAACTTCATTTCATATGTTAAATCCATAACCACCAAGAGTTTGATCTCCAAAATTAGTTTTTATTTTTTCAAACATTGATGGAGCATTCAAACTAATTTTTAAAACATATGGTAATTGAATTCCAAAATATCATTTTCCATCTGTATCTTTTGTTGGATTAAGTCATAATTTTTGGTTTGTATTACTATAATTAAATGAAATTTTATCATTGTTTCCAAATGTTAAATTATCAGGAATCTGTTTTAATATGTCAGTAATATCTTTGTGATTATCATTATCACTAAAAATATATCATTCATATCCAGCACTTTTATCTGTATTTATTACTTGATAACCATCAACTTGACTATCAATTGATGCTGTATCAATACCAAGTTCTTTTAAATCTATTTTCTTAGGAAATAATTTTTTTACTGGTGTTAAATCAATTGTTATTTCACTATTAAAAACATATTCATAACTATAATCATATGTAACTTTTTGATTTTGTTTATCATATGAAAAATTATTAAATTTCTTATCAATTGTTGTTTTATTTAAAATCCCTTCAGTTAATGGTTTTAATGTTTTGTTGAAAATATCTAATAAGTTTTCTTTGCTAAAACCATCTGAATTAAGAAATAAACTTAAAATAGATTTTATTGTTTGATTATTGCCAATTAAACTTCCAATTAATCCAATAATTTTTTCTTTATTATCAACAAATAATTCAATTAATGGTTTATTAATGCTATTATTTTTGAAAAGTTCAACCAATAAATCAATAATAGCTGAAAATTGAGAACCAATTGCGCCTTTTAATAAATTAATGATTTCATCATTAGTTAATGCAGTTTTAAGCATATCAAATAATGTTCCATCATTTAATAAACAATCTATAAGAACATTAACAAATGAAAGATTGTTAGCTCCAAATTTTCCCAATAAACCATGAATCTCTTCTTTTAGTTTATTTTTTTCATCTTGTGTCATGTTGGGTTTAAATTTAGTTAAAAGTGAACTAATTAAATTAACCACAAAAGGATCTTTACTAATTAAACTAGTAATTATTTCTGTAAAGATTTGGTTGTTATTTGCAATAACAACAATTAGCGGTTTGTTTTCTACAAGTAAATCAATAAATAAATTATATACTTTTTCACCTTTTGGTATGATATTTAATTCTTGTAAGATTTTTACAAAACTTGGAGTAATTTTTTTAATTAATGTTAATGCATTATCATTATTACCAAGTGAAGTAACAAGTGCATTAGCAGCCGTTACAAATTCTTTATAAATTTGTTGACTACCTGCAACTCCTTTTTCAATACTATCTTTTATTTCTTGTTCTGTTAATGCATTGTAATATGCTTTAACTTGTTCGTGATCTAAAGCTCCTTCATAATCTAATGCATCAGTTACATATGTATATTCTGTTAAAAATAAATTTGAGAATGTGTTTTTAGTAAATGAAAAATTATTTTCGCTAAATTTAATTTTTCCATCACTTGTGTTCTCTTCATTAGAATAAGTGTTTTTACCATTAGTTCCATTTGGTTGTTCTGGATTATCTGGTTGTTCTGGTTTACTTGGTTCATTTGGATTACTTGGTTCTTCTGGATTACTTGGTTCATTTGGATTGCTTGGTTGTTCTGGAACATAGAATTCACTCTTAGTTAAACTAAATTCAACATTATCAAAACTTACACCCAAAAAATATCTATTATTACTTGAGTTAATAATAAATTTTGGTTGTTGAGAACCAATATTAAGATCTAGTATTAAATAATCATATCCTTCTAGTTCAATAGAATGTCCTTCAAAATTGAATACTTGTTTATCATATCTATTGTTTTCAATTTTTAAACTAATAGATAAACTTACTTTTAATTCATTTTTTTCTTCATTTTTAGTTACTTCTAAAGCAGTTGGTTTATTGAAATAAAAAGAAAATATACCTCTATTTTCTGCATATATTTTATAAAAATAAGAATAAGCGTCTTTTAAAAACATTTCTTTTGAAACTTTATTTTGAATTTTAGATTCATCAAAAGCATTAGTTAAAAATTCTTTTATACTTCTATAAACTTTATCTTCATTATCGT
NZ_CP033512.2_gap27	871690	872443	753	TTTGATATGTTGTAGAAAAATCAAAAGTAAATTCATTTTTTTCTTTATCAAATTTAAAATTCTTAAATTCACTCTTGCCATTATCAAAATTACTTAGTAAACCTTGTGTTAAAGAATAGAAAACTTTACTAAAAATAGCATTTAAATTATCTTCAGTGAAATTTGTATTCTTAGTTATTAAAACGTCAATAACCTTTTTAATAGTTTCATTTGGGATAAGAGTATTTAAGATTTTAATCAATTCATCTTTGTGTTTAAAAATAACATTGATTAAGTTATTAGATAATTCACCACTTTCAATAATTTTTACTAATAAATTAACTAGTGGTTTTATATTTTCTGGTAATTTATTAATTAATTCTTTTACACCTGGTTTTGTTAAAGCTGTTTTAACAAAATCATATATGTTTTGGCCAGATAATAAACTTTTTACTAAATCTACAATGAAAAGATATTTATCACTAGAATTACCAATAAGTCCAATTAATGAGTTAATTTGATCTACAATGTTTTTTTGTTCTTGTTCAGGTAAATTAGGTTTTACTAAATCTAAAATATTTTCAGCTACTGATAATATTAATTGATTGTTGCCTACTAAATCCTTAATAAGTTCTAAAATGTATTGTTTATCTTCTTGAATAACTTGTACAACAGATTTATCTTTATTTAGTAAGTCTGTAATTAATTTATTTATATTATCACTTAAATTCACTACATTAAATTTACTTAATAGTGTTAATACACCAGAAGCAT
NZ_CP033512.2_gap28	875643	878259	2616	GAACCTGTTATAAACGCTAAACCTATAGAACATAATAATGTATAAAACACAAATCTACCTATATTACTAAATGAAAGATTTAATCTAAATTTAAATAATGGGCTATCCATATTACTATATAAACTAAATTTACTTCATCCCAATATTTTATTAGCTTTCATTTCAGTGTTTTGAGATATTAATTGAGATATAGGAGTTTTAAATCTAATAGTCAATATTATGTAACTAAAAATGAAAAACAAAATAAATGAAATAATAAATGTTCCAAAAAAAGTTAGAATCGAAAATGCTGATAAACTAATAGATATAAATCAATATGTAGAAACAACTTGTAAGAATTGTGTTTGTAAAAATAGTGCTGCAATATAACCAAATATACCTGCAATTAATGAAACAAACATTCCAAATAATGATATTCCAAAAGTAATTCTTAAATTGCTAAATCCATTAGCTTTAATAATTGCTAATTGAACTAAATTTCTATTAATATATGTTTTAACCAATAGATATGTTAAATATATACCCACAACCACAAGAATTACAATTACAGTTATTGCAATAGATGAGATATATAATTTTATTTGATTTGGCAAAACAATTCTAAAAGTTAAAATATTTTTATTGTTTTTAAAATCTCCAATATTATATACAAGATTAGAATTTGAGTTTTGATTAAATTCACTTTTATAAATCTTATTTAAATTATTTATATATTTATTGGTTTCTTGATAGCTACCTTTATCTATTTGAGCTGCATAGTATTTGTTTTCGAAAATAGTTGGCTGAGTATTTAAAATAGATTTATAACCTTGTTCGTCTACATATAATAATATTTCATTTTTTGGGTTAATAATTAAACTTTCTAGAGAGCTTGAAGGATAAACCATCTCGGGTGAAATACCAGAACCTATAATGACAAAAGTTAATGTATTAACTTTAAAATAATATCTAGAATCAAGATTTGCTAGTCATTTTTTAAAGTCGTCACTTGTTTTGTTTAATGCTTCTTGTCATACATATCTAGGTAATACATTTTTATTATTTGTAACCAAATATTTTTCTGGAACCACTGTTGCAAAACTATATGGATTAAACATACTAAAAGTATTGTTAGTTGGAAAAGTGTCAACACCATCAAGATAACTAGTTTTAATATCTATTCTTTGATATTTAGTTTCAACCAATTCTTGTTTAGTGATATTTGGTTGATATATTGCAAAAAATTCAGAATAATTTTCATTGTTAACTGCTAATCCATCATTCAATGAATTTAAAACATTAACACCTTTATTGTAGACACTTTTTAAATATTCATTTCCAGTAGTAACCGAACCACTTAACATTAAATAAAGTAAATTGTATAAATATGATTTATTATCACTTGTTATCACTACATCATTAATGGCATTAGCCATGTCTAGATATTTTGTGCTATTTTGTAATCTACTACCATCTGAGTAAACAATTCTATCGATAGTTTCATTTCCTTTTCTTGAAACTAGGTAACTAATTGATGAATCTGAATATGGTAAAGTGAAAGATTTGTTTTTATTGTATGTTATGTTTTGATCATTCAAAAATTTTTCTGACAACAAATCATATTTGGAACTTAGTTCTTTATTTAATTTTTCAGATTCTTGTGATGCTATTTTTTGCAATCAATTTTTTAATAGTTCATTCTTTTTCTCAAGATTATCTTTATTTTCAGCTTTTAAATTTTCGTCCAACCATGAATCTTTAATTAATACTTTTTTATTTAAAATATTATCTTTTTGTTCTTTTGTATAAAATTTATCAATAACTTGTTTTTGGATTGAAGACAAATTATTATAGTTTAATGTTAAAGTATAGAAATTTTCTTCTTTCATTTCAACATTTTTAAATAATGCATCATATAATTCTGCATATCTTGTAACTGATACTACATTTTTTAGTAATGTAGATGTTGGAAGGTTAACTATTCTATTTTTATAAGTTCCTTCTAAACCTGAAGTTGCAACTGTTGCATTATTTAAAGCATAAATATCTGTTCAGGTATTTTTATTTGCAACATAATTACTCTCATTAAATGTTATTAATTCATCTACTTGACCTGCAGTTTCATTAAAATAACCACCTAGTTTTAAATCTGAAATATTATTCCCCACAAATATTAAATTATTTGGATCAAACAATTTAATACCACTAGCATTTGCAAATGATCAGCCCAAAGCAAATCATTTAGTATGATCACTAGTATTTATATTTTTAGGAATAAAATCATTTTCACCATTTAAATTTGTAATAGTTGAACCATTTGCTCTTAAGATTCCTTTTTTACGGTATTCTCATGGTTTTGAATTAACTAGAGAATTAGAAAAATCATTTGGCGAATACGGGAAAAGAACATTGTTATTTTGTGAATCAGATGTCTGATAGACAAATTTTGAAACATATGTCTTTTGTTTAGTTGGAGTTAGTTTTTCATCAACAGAATAAATTGGTGCTGTTGTCTGATAGTTTTGTTCCACTATAGTATTAGCACTATTACCATATGCATTTATGGAATTAATACTTGATTGCAAATTATCATTAAGAAATGATAAAGACAATGAACTAAAAATGATACTAAACAGA
NZ_CP033512.2_gap29	902702	906467	3765	GCAATGCATCCTTTTTTTGTTTCAAACTATAAATATCATTTTTAATATCGCTAGTATCAACACCTGTTCTAGCTTTGATTAAATCAGCTAAATCATTTGCTTGTGTATTACTTACAATATTATTAATGTATTTTTTTAAACCTTCCCTATCTTTGAATGAATAGAATAAACCTTTTTTATCTGGATTATAATTTGTTGGTTTTGTAAATAGAATTTCTTGAATAGTTGTTGGGAATGAATTTGAATCAGAAGTTTGAATTCCATCAAAACCTAGCATTCCATTAGATATTTTGTAATAATTTGAACCAACATTAAACAATGAATCCTTAGTATTATTTTTTAAATCATTGTTTGATGTAGTTGGTGTGCTGGCTCTAGATGATGGAGCAGCCGGAGGATTTGTGCTACCTGAACCATTTAATAAACTATTACCAACATATCCTGAGAAATAACCATTCTCAATATTTTGTTTTATATTTGCTGCACTTAGTAAATTCTTTTGTTCAAGTAAATTACTTGTACCATTTGCTGTTGTTGCTGAACTTTGTGTTGGATTATTTTCCATATAAATAGATTCATTAATTGAATTAGTTCAAGTAATATATGCATCCTTGCCTAAAGCTACTTTAGTTTTAAGATAATTAATAAATTCTTTAAAATTATCTTTAGCTAAATAATCTATTGTTGCATATACAGTTAGCATTGAATTAAAAGAATCAATATCATTATTGTTTTTAACATTTTCTAATCATAAGTTTTTTCTATATGTTCTTAATTTTTCAACACTAAAATCATTATTAGTTGTTTTTTCAGTAGATGAACTAGATTTTGAAAGTTCATTATATTTTAGTCATTTTCCAGTAGTTAAATTATCAAATACATTTGAAAAGAAATAATTGTTTAATGCATTATCAACATAACCATTTAATGTATTAGCATCAGTTTTTGTAGTTAATGTACTTGCGGTTCCGCTTTTAAAACCATTATATTTAAATTCACCATTACCATTGAATAAATCTTTTCATTTTTTGTTATAAATACTAGCTCTAACAATAGTAGAAAGTGAAGTATCATCAGCATTCATAAGAACATAATTCATTTGTTGATTATTTGAATAAACATATTGACTATATTTATAACCACTAAATGATGATGTTTGAGCAACTAGAGATTTAGTAAAATTTTCTACACTTTCTTCAAATGTTTTTTTACTTCCTTTTGTTTGTACATATGGATCAGCTGTTGGCACTGTATCAAGCAACTCATAATCATAAATACCTGAACCTGATTTTAATCCATAAATTCAAGGGGCAGCCAAACCATTCTTTTTAGCATCTATTCCAAAATTAGAACTATATGATGATTTAGCATCATACATTTTTTGTCTATAATCTTGTCTTCTTGTAGAAATTGAAGTTTCAAAATTATACTTAACTAAATTTTCGATTAATGTTTTTTCATTTGTATCAGAAAAAACAGAATCAATTTTTGGAATACTTTTGTCATTAGTATTTAATATTCCATTACTTGTAGGATTCATTTTCTTAGCATATTCAAAAATTAAATAGTTAAAGTTATTAGTTAAATATCCAAGTAACTCACTTTTTAAATCTATAGAAATTGAACCAATAGAAGTGTCATCATTTCCATTTAAATTATTCATGTAGTGAAACAACACTACATTTCCAGCTCTTGTTTTTAGATCTTCTATTGATGTTGCCTTATTTATATAAGCACCACCTTCAATAGAAACAGCTCTAACTCCATCATTATCTCTTATAAAAATAAAACCATTCACATTTGATGCTAAAAAACCATCAACTGAAGTTAATGTTTTATCTCTATAGCTTGATAAATTTTTAGAAGAAATAATTTCATTAACAAGTTCAGATGATAATGTTACTTTTGCACTACTATTTGTGAATGTTGCATTATTTGAATTAGTTGATGATGTTGCTAATGAAACAGCACCTGATCCATCACTTGAAGTATTATTACTTCAAATAAATTCATCAGTTATTGGATCTATATTAGTTGTTGACCATGAAGTAACAATTTTTTTACTTATATCATTTTTCTTTGTTATTGGATTTGTTGTTTGTTTTCCATCTTTTGATGGTTGCCCATTACTAAAAGTTGCATCTTTATATAACATAAAAGAAGAAGCAGCAGCTAATTGGATACTACTTAAATCACTATAAGAAGTTGCATTTTTAACAAGCATAAGTGAAGTTGTGTGGTCATCTGAATATTGAGATAAATTCTTTTTCAAACCATTAGTATCTTCTACCTTAGCATTTGTTGTTGAAGAGGCTGTGTTATCACCATTTTTTTGTCCTGTTTCAGCTGAATTCATAGATGCTGCAAGCGTAACAAAATCCTGGTACTTTTTAACTGTTGAAGTTGTATTATTACCAGTTGGAATTGAACTTGAAAAATAAGGATATATATAACTACCGGTTGAAGTTGATGGAGTTGTAGTACCACCCTCTCCTCCTTCTCCACCTTCACTTCCCTCTTCATAAGTTACAATATTAGAATTTAATCTTGCAGAAGAACTTTGTTTAGTTGTTTCACCACCTGATGAATCACCACCACCAGTATCTCCACCTTCTGAACCACCTTCACCTGATCCACCATCACTACCTGACGTAGTAGATATTAAATAATAATCAGATAAACTTGAACCAGATGGTGGCTGACCATATTTTCAAAGAATATTATTAATTAAAAATGGGTTAGTAAATTGTACTCATTGATCATAAATATATTGTTGAAATGAAGCATATTCTTTTTGTGCATATTCACTATCATTATCTGCTTGGAAAGCAAATTTATAAGTTTCTCCATTAGCAGCATTTGCAGTTCCATTAGTTCCATTAGTAAAGACTTTTTTAAGTTCACTTGTAGTTAAACTACCACCAGTTACAGGAGAATTTCCTTTCATTAATTTAACATAAACATCTGTAGCAAAAACATTGTCAATTAAGTATTGTTTAGCTCATTTATTTAATTCAATTTGTTTGTATGATTCTTCAGTTCCACCATTTTTATCTAAAAATTCTTGTTGGAAATATATATCATAATCACTTCCATACTTTTCTTTATAGTCTTTTAAAGTATCGTTATAAGTTTTATTAACTAAATCTTTTTTTGCATTTAATGCATTTTTTACCCTTGTGTCTTTGTTTGAAATATTTTCTACTCATTTATATGCAAAAAAACCAGCAGCTGCATCTGCAAAGTTTGTTTGAGCTGTTGAGTTGTTTTTAAGTAAAGAAGAAGACATTGTTTTTAAATCAATAGAATCAGTAAACTTACCTAAACCATTAGTTAAAACAGAGTTATTAATTAATTCTTGTTTATTAGAACTACAAGAGGCTAAAATTAGTGTAGAACTTGTAGCCAATAGTCCAGCACCTAATAGTGAAAATAATTTAGATTTGTTTAACTTTTTAATCCTCATCGTTATACCTCAACAAAACCCAAAATACTATTTAATTGTATATTTAGATTTAGCAATTTTTTCAAAAACTAAATCAATATCTTCAAGATATCTTTTTGATTTATCAATAGCATTTTCTAAAATAAAACCTTCATTCTTTGCATATTTTGGAATAATGTGCAAATGAAAATGTTTAACAACTTGTCCTGCAATATCTTTTTCATTGCTTAAATAATTAATCCCTCATGGGTTTAATTTACTATTATTAAGTTTTTTAACAATTTGTTTAGTTAACAACATTACTGCAACTAAATATTCAT
NZ_CP033512.2_gap30	907707	909768	2061	TTTTTGTAATTAAATTCAAATTCTTTTTCATCAAATTCTTTAAGTTTTTTTTCCATACTTGCTTGAAGTTTTTTAGCTTCAGCCATCATTTTTTGAATGTTCATATATTACTCCTCTTCTATCTCATCACCTAATATACTAATTGCTAAATCTTTCATAGTAGTATTAGATTTATTGGCTTTATCAATTAAATCATTAATTTCTACATCATTTAATTTCTTTTTGTTTTTTAAATGTTGTTTATATTTTTCTGTTAGTTCAGTTGCAGTTTCTGTTGTCATTCCTATAACTTTATAAATTTTGCCAAATGTATTTTTTAGATAAACTAAAAATTTAGGGTTTGTTGAAACTACATTTAAGTTTTTAGCACTAACTTCATTTTCAAATAATAATATCATTCCATTGTTTGATGCTAATAAAATATTTTTAGCTTCTTTAAAATATACATCATCAGCATTTATAGTTACAGATTTTTTTATTTTTTCTAAAACTTGTGATGCATTTGTTTTATTATCATTGTTTTTGTTGTCTGCAATTTGGAAAAATAATTTTTCTCTATCTAAACCACTACTTAATTTTTTTAATTTTTTTTCTAGTTCTAAATCAAGTTCATCTTTAGTGTCTGATTTTGGATTTTCTTTAATATTTTTGCTTTCTATTTGATTATCTTTGTTATTTTCAATTACTTGTTTTTTTTCTTGTTTGTTTATTGAATTTATTTCATTAGATTTATTATTAGTTTTTTGATCAATTAAATAATCATTATTACTATTATCATTAAAATCTAATGTAAACAAATTTGGTTCTGATGGTTTTGAATCATCATTATTTTTTTTAGTTTTTTTAGATTGTTTATTATCTGTTGGTTTATCGTTGAAATTGTTTTTTAATTCTAATTCAGTTATTTTTTCTGCATCAACAATTGTTTCAGGTTTAATTTTAGTTTGTGCATCAAAATTATGTTTAACTTGTGATAATTTATATTTATTTGTCTTAAATGATTTGTTAATCAATGCATCTAAAATTGTAATCTTTTTGTTGTCTTTTATTTTTTCAATTTCATTTTCAGTTTCTGGCAATGTATTTACTAGATTATAATCATCTAGTTTATTTGACTTTTTGTTTACTGATTCTTTTTGTTGTTTTGTTTCTTGGATTTTTACAACACTAGTTTTAGTGTTTTCTTTGTTTTCTAATTCAAGTTTATTATCTTTTTTTGTTTCAGTTTTATTTACTTGTTCTTGTTTTTCTTTTTTAATTTCTTTTTTTTCAGATTCAACTATAGGTTTTTTAATTTCTGTTTCTGCTTTAATTTCTTTTTTTTCTGTTTTTAAAATAGTTTGGTTATCATTAACAGATGTTTTTTCTTGTTCTATGTTATTTTTATTTCCAATAACTTTTTTATTAAAAACATCTTCCAAAGCTACTTGTTTAAATTGAACTTCTTTATTATTTATTGTTTGAGTTTCAACAATATTACTTTTGTTTTCAACTTGTTTTCTTAGTTGATCCATATTATTTTTATTTTCATTTAAATTCGTTTTAACATCATTGACACTAATGAAATTATCAAAATCAAATATTTTAGATGCAGAAAGTGAAGTTAATTCAAAATAAAATTTTTGATCTGAAGCATATTTCATCTTGTATAAAGCATCTTGTCATAATTCAATAAACTTAACTAAGAATTTTGGTTGAATATTAATAAAATCAACATTAACTTTAGACAATACTTTTATAAGTTTTTCATTTTTTGTTTTTTCATATATTAATTTATCAAATAAAATTTCAATTATATCTTTTGCTAATTGGAAAAAGTTAACACCTTTTGATTCATAGTTATCAATACTATTTAATATTTTTTCATATTGAGAATTAACAATATTTTTTATAAGTTCAATTCTTTCTTCTAAATCTACAAGTCCAAACACTTCATTCACATCTTTTGAAGTGATATTTGAATTAGTATAAATATCTAATTGATTTAAAAAAGTTAAAGCATCTCTTGCGCTACCATCTGCTAATACAGTAAGTTTTTTTAATGATTCATCATCTATTTTA
NZ_CP033512.2_gap31	913160	914534	1374	ATTCTTTTAAACCTTTGTTATTGTCATTTTTAATACCAAGCTTTGTAAAAATTTGTCCAACGTAAACTTTTTTTGCAAACATTATTTCAAAGATGTTATCAATTATAGTTTCAGTTTCACTTTGTTTTTGAACACAACCAAAAGGATTAGCAAAAAAACTTTTTGTTATACCAACTTCATTAGTTGTACCAATAGCAAATCTTTTACCATCACAAAATACATTTTTTGCTTCTTGAATTGATTCAAATTTTTGAATTCCTGTTTTATCATCATAATTGTTTGCATATAAAAACATGTCAACCGAATATTTTTTTGAAATATTTTCAAAAGTATTTACTGGAATAATAACCCTTGCATTAAGGTTTTTATCTGCATTATAAAAAATACTTCTATCAATATTTTTAAATTGCGTTTCTTTTTCTAAATCATCAAGCCTTAAAAAAGCCCCGATTTCAGTACCTGATGCTAAAATGTTATTACCATTATTTTCAAAACTTCCCATATCATCGAAAATAACATCCATTTTCTCTATTTTGTTTTTTCCAATAATATTAAGCATTTCTATTGTTTCACTTTTACCAGTACCAGAATCACCCATAAAAACAATGTTTTTAGGTTTTTTATTTTTTAATTTAATTGTAATCATTGAACCATGAACTGGCAGAATCCCTTTTTGGATATTTGATAAATTGTGTAAAGTTAAAATCATTTTTTTCATATATCCAAAATAATCATTTTGTTTTTGGTGTGATATACAACCAAAATATGTTTCTGAATTTGAATCATAATAATAAGAATTATTTAAGCTAACATCTTGCATTCCAAAAAACAAAATAAGATCAGGTTTTTTATTTGTGTATTCTTCAACTTTAGCAATTTCAAACAAGTTTGAAAGACCTATGGCATTAAATACAAAATCTCTATGAAAATAAATGAAACCTAAATTGCTATTTATTTTTATTGGATAACATAATCAATCATCAATATTTTCACTATTTTTAAATGATTCAAAAATATTAACACTTGTTTCTTTAAAACTTCCAACCCTTTTATTTGAGTTAGTTTTTAAAAACAATGGTGTTCTTAACATTAATGATGTAATAAAATTAATTTTTTGTAAAAATTCATATTCTCCATAATTTCATTTAACAAAAGAAATTACACCACAACCATTTGTACCAGCATTTAATTGACGGTAAATAACATTTGATTTACCTTGAATTTTTTCTTCAATATTTCTATAAAAAGAAAGCATTAATTTGTTGAAATTGTTGTCAACGTCAATAAAGTTCATTCCGTTTACAGAATATGATGGTTGATAAACAAATCCTATTCTTAATTTTTCTCTATAAAAGTTATAAAGATTTTCAAATA
NZ_CP033512.2_gap32	935870	938269	2399	CATATTTTGGTACAGCATTTAAATCTTTTGAAACATCTGAAAATAAAGCCATACCATAATTTGTATTAATTGAAACAGGTTGTCCGTTTGCGTTTATAATAGGTTTTAAATTGTCATCCACTACAACTACTTTTTGTTTAAAACCATCTTTATGCTTATCTGCTGTTGGTTCTTCCCCTGTTGGAGCTGTAAGTAAAACAAAGTTAGCATTAGAACCTTTTTTACCTTCAACAAGTGCTGTTAAGATTCAATCATTTGCTCTTATTTTTCCATCTTGTACACCAAGAGCATGTGAACCTATACCACTAAAAGAACTTATCCCATATGTACTATTAATTGTAATTTTAGATGTAACTTCACTATATCCAGCTTTTTTAATTTTAAGTGTTGGAAAGTCATTATTAGTATTCATTTGTCCATCAACAGTTGCAATAATGTCATTGTTTGAATTTTTATATAATACAGTAACACCATCAGCAACTTTAGTAGAGTTGCTTAATGGATCAACAACATTATTGGCATTTCTAATTGGACTAAAAACTAATCCTGTTGATGCATCAACTGCAAAAACAAGTCCATTTTTATAAGCATTGTCTGTAGTATCTGAAGTTAAAATAACAATTAAATTGCTTTCTTCTAGATATTTTCAAGAAACAATTTTTACTGATTTAGTATCAACACCTGGATATTGAGCATTATAAAAAGAATTAAAATCAGAATTAGTGTCCAAATTCAATCTTCATATTTCAACCCCTTCATAAGCTGTCATTATCAATTGTCTTTGATCATTAGAATATCCAATATATCCACTTTCAGTTGAAATCGGTGCAGAATATTTATTATCTGCAATTGGAATGTAATCAAATTGATTATTAGTAGCTTGTGTTTCAGCAGAGTTTAATTTTTGTTTAGCAACAAAATTGTTTTTTGTATTATTAACGATTTTATTACCATGTGATGAAACTACATTACCAACAATAAAACCTAAACTTCCAAGAGCAACTGATACTCCAAGAATGTTTGAATAAGTTTTCTTTTTAAATTTTGGCATAATTCCCCCTTTTAAAAATAATCTTAAAACTAGAAGTTTAAAATTATTTTTATAAATATAAGTATTTAAAATTCACTTATTATCTTTCAATTATATTATATAAAAATAAAATATTCTATTATTAATAAAGAACGACCTTTTTTATATTTTTTATAAATGTTTAAAAAAGCAAAAAAATAGATTTAGTAGTTTATATAAAAAATAATAAAGACAATAAAATCAGTAAGTATTTAATAATACCCACTGACTTAATAAAATTAAGTTTAATAAAATATATAAGTTAAATTACATTAATGTAATAATAAATTTAAAATTTATTCATATTTTTTCTAAAAAGCATTCAAGATAGTAAACATTTCAAGGCGTAAGATATTCAATTAAAGCACTTGGATCAAACTCTTCTTTTTTGTTGCATATTTCTTTTAAGCTATTTGTATACCTGAATCAAAGACTTTTAAATCCTTGCTTGTTTATTACATACCTTGGTTCTAATAATTGATATCAAAATGCCATAGAAACAATTAACTGATTACCTTTATATTTAAATTTTTCAATTTCTACTTCGTTTTTTTTACTTATTTTAGTTACATATACTTTCATGCATTTAACCACTTTAAATTTTTATTTCGATTATATAAATAATAACATTTATTAATAAGATTTTTAAAGCATTGAAGACACAAATTATTCAAACGATGATTTTAATGTTTCATAAGCTTTATTTATAATTGCCATTTTTTCATTTGAATCTTGTTCTTTATAAATATCAGGATGGTATTTTTTTGCCATCTTTTTATAAGCGTTTTTAATTTCATCAATAGTTGGGTTTTTTGATGAAATATTTAAAATTGATGCAGATTCTTCAAATGTCATGTGTTTTAAATTATTCAAAGAAGTTTTTTTAAATTCTTCATCATTGCTTTTTGTTTTTTGTTCTTGTTGTTTGTTTTCTTGATTATAGTTGTTTGTTTGGCTGTTGCTGTTTTTTTGTTGGTGGTTATTGTTGAATGTTTGGTTTTTAAATCTGTTGTTATAGTTGTCGTATATATATGTATAGTATTTATTTATTTCAGCCAAAACAGCATTATATATAGTATCTGATATATAGTTATATATATTATTAATATCAATTTTTTTATTAAAAAAAGCAACTAAAGGATTTGATAAAAACTTTAGTTTTTTCATAATTTGGGGAACAAAACTAACATTTAAATTTTTAATAACATTGATAACCAAATTCATTTTGGAATCTCTTGCATCAAAACAACCAAAATACATAAAGTGTTTTTCATTATAAAAATATAATGCATTGGCATATTTTGGAGAATTATCATAAGATTTATAATCC
NZ_CP033512.2_gap33	945655	947048	1393	TTTAAATAGTATTTAGTTTTCACTCACAGCATAAACAAAACTTTTGTTTTTCTATTTTTAGCAATAACTAAATGATTTAAAACTAACAATGTAATTCCAAAAACTATAAATAAAACAGAAGTTACAATTGATGTTACAAAACCAAACTTACTATCTCTAAATGGTTCCATAATAAGTCTTATAATTCCATAGAAAATGAAATATGAAATACCTATATCACCAGCTTTTCTAAATTTTATGAATTCAAATCCAAAATATAAAATTAAAAAAACTCAAAAATTTGAAAAAGACTCATATAAAAACAATGGTTGACGGAAAGAACCATCAATAAACATATTATAATAAACTCCTGGCATTACTGTTTTTAATCAAGCAAAACTAACTTCTGGATTTGTAACAATAGAACCATAAACTTCTTGATTAAAAAAATTACCTCAACGACCAATAATTTGGCCTACAAGAATACATGGAATAATAGCATCTGCATAAACTCACATTGATACTTGTCTTACATATGTATTGTTATTAAAACTTGTTTTTACATTATATTTAGGTTTTCTTAATATATATGGGAATCAAATACAAGCAGCCAAGACAGTAAACATTACCCCACCTTGAATTGCAAGTCCACCACCTTGAAAATCCCAATAATCAACAAAGAAGTTACTACCCGGTTGAACTTGTGCGTCACCGATTATAAAACTTCATAGCCTAGCACCAAGAATAGAAACTGGAACACCTATAAAAATAAAATAAAAGAAAGGATCATATGGAACTTTATATCATTTAGCTAATTTAACACAAGCTAAAATAATAGCCAAAACAAATCCTATAAAAATAAAAATACCATACCATCTAACCTCTAAGGTTCCAAGTTTAAATGCCACTGGATCTAAAGCATTTAAAACTGATGATGTAATATTAGATAAGTTTCAATCCATATGTGTCCTCCTTTTAAAATTTATAGGTATAAGATAAATATATCATTATTTATTTGATTTTGACTTTTCATCAAAATCTTTAAAGGAAATATATCCTGATTCTATAAGTTTAAAATTAGCAACTATAACTTCAATTAAATCAGAAATCTTTTTACCACTAGTAACAGGTATTAAATAATATGGTAGTTTTATACCTAGTATTTCTTTATATTGTAAATCAGCTCCAAGTCTTTCAATGTTATGAACATTATGTTTAAATTCAACAAGCTCAATAACTATATTAATTTCTGAATTTGGTTTCACTTTTTCTATACCAAACAATCTTTCAACATTGATTATTCCAAGTCCTCTAACTTCCATAAACCCTTTAGAAAACTTTGGAGGAGAACCGATTAACTTGTGGAAGACTTTACGACAATCAACTGCATCATCTGAAATAAACATATGTCCTT
NZ_CP033512.2_gap34	962981	965753	2772	CTTCAAATTTATAAATAAAAGGTTTAGCACAAGCAATATCAATTGCTTTATCTATATCTTCATCTGTTGCATCTTCTTTACCAAAAAGTAAATTAGATTTAATTGTTCCTGAAAATAAAATATTTTCTTGTAATACTTGAGCTACTTTATTATTTAAATCAATTGTATTAATTTCATTAACATTTTTGTTATCAACTAAAACTTCTCCTTTGTATGGAACAAAAGTTCTAGACAATAAACTAACAAGAGTTGATTTACCACTTCCAGTTGGACCAATTATTCCAAGCGTTTCACCTTCTTTTAATTTAAATGAAATATTTGATAAAACATCTTCAGAATCTTTTCCATATTTAAAACTTACATTATTAAATTCAACACTTGATCCTTCAATTAATAAACCTTCAGATATTTTTTGAATATCTGGTACCTCTACTAAAATTTCATTAATTCTTTTTGCTGAAATTTTACTTCTTATATAAATTACAACAACCATTACTGACATCATTAGCCCACCAGTAACATATCCTAAATATTGTGAAAAGACTGTAATTTGTGAACTTAGTTCTATAATGTCTGTTTGACTTATGTTATAAAAACTTCTAGCTAATATAGACATAATGATAAGAGAAATGTTTGTTACAAACATAATTAAAGGAATCATAATGTTCATTCTTACAAATGCTTTTGTACTATTTAAACATCATTCATTATTTATTAAATTAAATTTAGAATCTTGTTTTTCTTCAAGATTAAATGATTTAATAACTCTAACACCTAAAATATTTTCTCTAGATTCTTTATTAATAGCATCTAACAATTTTTGGTTTTTTATAAATAATGGAACTGTAAGTCATGAAAAAACTGCAATTATTATTAACATTAGTGGAATCATGATACCCAATGTTATTGATAAATTAAGATTTGTTAATAAACAGAAAATCAATCCACCAATAAATAAGAATGGAGCTCTAATCATAATTCTTAACATAATAAGCATTATGTTTTGTACTTGAGTAACATCATTTGTAAGTCTAGTTACAAGACTTGAAGTAGAGAATTTTGAGATATTACTCAAAGATAATTTTTGAATTTTTTCAAATAAATGTTGCCTAGTAACTTTAGCAAGTTCTACAGAAACTTTTGAAGCAAGATATGATGAAGACAAACCAAATCCAATTCCTAATATAGAAAAGCCTGTCATCATACCTAAAGATACTGCAAGAGATTCTTGAAGTGAACTTGTTTTTATATACCAATCTTTATAAATAATAACAACCTTTAAAAGACTTTGATATTGTGGTGAGTTTTGACTTATTCCATTAGCTACAACTACAGTTATTAAAGTTGCAAGCAAACTTGGAACAATTAAATCTGTTATAACTTGTAAAAATGTTAGTAAAGCCGCCACAAAAGAAAGAGACTTATATTTTTTGTTTAATAGTCCAAATAACTTAAACATAAAATACCTCCAAAAGCAATAATCAAAATGACTAACATTATAAAAACTAAATACAATTATACTCCTATTAAGATTTTTATTATAAAAAAATTAATAATGATAATTTTTATTTAGTTTCTTTTATTTTTTATTCTTTTCTTTATTTTCTTTAAATTCTTTGTTTTTTTCTTTAGTTTCTTTTTTAGTAACTTCCTCAGAACTATTTATTTCTTTGTTTTCATTTTTATCCATTTTTTCTAATTCTTTTTTCTCTTCTTGTTTTTGTTTGTATAAATCCTCAAGCATTTTTTGAGTTTCATCTCCTCCATTAACAAGAATTTTAATTTTGTTTTTAAGTGTTAATGATTTAGAAACTGGAGAACCTATACATCAATTTGCTAGAATTAATAATTCTGGTGTATTTACATCATTAATTTCCAAAATTATTCTTTTTATTTTTTTAACAATAAAAAAGTTGACTAAATAAGAAGAGGCTAAAAATAAAATTAAAATTGATATTCCAACAATCATAAATGGATTAATTTCATTTGAGTTTTTATTAATTGAAATACCAAAAATTCCAATTCCCAATCCCACAATAGCTAATAATATATTAGCTGTTCAACATATTATTATTAATGAAAGCAATTTATTAATTTTTTTATAATGATTTATTTTAGTTACATCTATCATGTTTATTACCCTTTTATTATTTTAAAATTGTACTTAAAAAATTATCTATTGCTTCATTTAACAAAGAATATGTTAATTCGAAATTATTTGTATATCAAGGATCAGGAATTTCATCATATTTTTGTAATTTAAGATAATCAGTTATCTTAAAAAGTTTTTCTTTAGGAACTCCAAAACTAATTAAATCTTGATAATTTGAATTATCCATTGCAAATACATAATCTGATTCATTAACAAGATTTGATGTTATTTTTTTACTAACAAATGGTTTATTATTAATATTATTTTTTTGTAAAATATTAGCTGTTTTTTGATGCATATATTCACCATCATGGTAACCAGATGTTCCAGCACTATCAACAGTAATATTGTTATTTTTGTATTTATTAACAATCAAATCTTTACAAATAAATTCTGCCACTGGACTTCTACATATATTACCTAAACAAACAAAAGTTATTTTCACAATATTCACCTTATAGTAACATTACATATATTATAATTTTAAATTTATTATAAATAAAAAAATACCCTTATTACTATAAGGGTATTTTACAAAAATTGAACTAGATGTTTGCTTGAGGTTGTTCTTCAACAACACCCATAAATTCTTTATTTAATTTAACACTTAATTTAGCAAC
NZ_CP033512.2_gap35	1016064	1017590	1526	CAACTTCATCAGGATTAATTGATTTATCTGGAGTTTTGTTAATTTTTCTTGTTACAAGTTCTTCAACAGCAGGCATTCTTGTAGAACCACCAACTAATAAAACTTTATCAATATCATTAGCTGAAAGTTTTGCTTCTTTTAATGCATCTTCAACTGGTTTTACAGTTCTTTCTAATAAGTCCTTAGTTAGTTCTTCAAATTTAGCACGACTTAATTTAAGTTCAACATTTAAAGGACCATCGTTTGTCATTGAGATGAATGGTAATTGAATCTCAACTTCTTTTAAACCTGATAATTCAATTTTTGCTTTTTCTGCTGCATCTTTTAATCTTTGCATAGCCATTTTGTCAGTAGATAAATCAACTTTGTGATTAGATTTAACTTCAGCAACAATTCAATCAATTATCTTTTGATCTCAGTCATCTCCACCTAAGTGATTATCACCAGAAGTTGCCAATACTTCAAATGTTCCATCAGCTATTTCTAATATAGAAACGTCAAAAGTACCACCACCAAGGTCATATACTAATACTTTTTGTTCTTTATTTAATTTATCTATACCATAGGCTAATGCAGCAGCAGTTGGTTCATTAATTATTCTTTCAACTTCTAATCCAGCAATTTTACCAGCATTTTTTGTAGCTTGTCTTTGAGAATCGTTAAAGTAAGCTGGAACAGTAATTACAGCTTTATTAATAGTTACACCAAGTTTTTCTTCAGCACATTTTTTAATGTAAGTTAAGATTTTTGCTGAAATTTCTTCAGGAGTATATTTTTTACCTTCAATTTCAACAGTTTCTTTAGTACCAATTAATCTTTTAATTGAGTGAATTGTATTCTTGTTTGTAACCATTTGTCTTTTTGCAGCTTCACCAACGATTGTTTCTTCACCTTTAAATGAAACAACAGATGGAATTGTTCTTTTCCCTTCTGGAGTTTCTAAAATTTTAGGTTTACCATTTTCGATTACAGAGACACAAGAGTTAGTTGTCCCTAAATCGATTCCTATAATAATATTACTAGCCATAAAAGCCTCCTATTAGTTGTTAATGCAAATAGTATAACACATTTTTTAGCACTCTACATAGTTTTTTGCTAATTTTGCAAATTCTGAAAATTTTGTCATTAATTTAAATAATTATCATTAATATAAAAGTGTAATGACGATGGTTTATAAACCGTCTATAAATAAGGAAAGGTAAATTAAGATGGCAAAAAATATATTAGAAGCAAAAATAGGATTTGGTACATGACAAGCACTTGATCCTAAATTGATTGTTGATCAATTAAGATGAGCTATAGAAAATAACTATGACTTTATAGATACTGCTTGAGTTTATGAAAATGAAAAAATAATTGGTGACGCTTTAAGTACTTTAAGAAATCAAAACTATAAAATACCACCAATTCAAACAAAGATATGAACTCCTTTTTTTAAGCAAGATGTGATTCAACAACTTAAAAGTCAATTAAAAGATTTACAACTTGAATGTGTTGATAGTGTATTACTTCACAGACCACACGTT
NZ_CP033512.2_gap36	1019423	1020475	1052	TTACCTTCTTCAAATGTTCAGTTTGTAAGATCAATATTTGAATTTTTATTTTTTAAATATATTTTATACACTCTCTTTTTTATCAAATAAATAAAAAGTGGTGTAAGTGTTATTGTTAACCCCCAATAAGCACTAATATAGATATATAAAGGTAATGGATTATCAAAAAAACCTATAAAAAATCCTATAACAACTACTGGTATGGACATAAAGACAATACAATATGGAATAGGTCTTCACAACTTTTTATCTAATTCATTATTGATGTTTATAAATCAAGATTGCATTATTGAGTTCAAAATAATTAAACCAACTATTGGAAGAAAATAAATATAAAGCGGCAACTTTAATTTATTGAATCTTAAAAACATGTATTCTATATTTTTAGACATATAATCCTCCATAAATGCACCATTGAAATTTAATAAGAATAAACATATAACTGTTTATAACGTTGTGTAATATTAAAACAAAATCTAGTTTAATAAACATACAAAACATAAACAAATTGTCTTTTTAATGTTCCACTAGAAACTCTAGAATTTTTTAAAATCATCTAACATCAAAGTGAAACCTTTATTTTTACAATATGAAATCTAATAAATTGATTTTTTTGAAATTATCATAAATAATCTAAATGGTTATTTTTAATCTCTTTTGTTTTATCTTTTTTCAAAGTTAATTAGAATTTTAAATCTTCATTGTTAAATTATTTGTATATATATTAATAAATAAATTTATTTAAAACATCATCAACATTGGTGTGTAATATCATCATGATTTATTTCTGTTTTTAATTACCTTCTTTTTTCTTCTTCCTATATTTTCTTTTTTATGTTCATAACATAATAGTAAAACTTTTTTTAAAAAGAGATGAAAAATAGTTTATTTAAATAAATATTTCTTTTGTTGTTGCTAAAAGTCTGGAGCATAAACAAAACATATAAAGGCATATCTTTTTTAAGTAACGCTTTATATGTCTATATATTTTTTTAACAATTGTTTACTAAAAATTTTTTAAAAACATTTTTCTATACAAGAAACTAAAACAT
NZ_CP033512.2_gap37	1028353	1033235	4882	TCTGTGTAAGTTAAGTGATTTAGAAAAAGTATTTTGGAATAAGTCCTTAATATACTTAATTGCTTTTTGGGTTTCAAACAATGATAATTTTTTTTCTTCCATAGTAACTCCTATTCATATTAATTAATTCTAATATTAAATTGGAAACAATAAAAAAAACTTACACAAAAGTGTAAGTTAATAGTAATTTTATATGGTGCACTTAAAGGGACTTGAACCCCCACGCCGTAAGGCATCAGATCCTAAGTCTGACGCGTCTGCCAATTCCGCCATAAGTGCGTGGTGCTTTGTGAGGGGCTCGAACCCACGACCCAGTGATTAAGAGTCACTTGCTCTACCAACTGAGCTAACAAAGCAAAAAAAATAAAAATGGTGCCGACTATAGGAATCGAACCTACAACCTACTGATTACAAGTCAGTTGCTCTGCCTATTGAGCTAAGTCGGCCCATGGTGGAGTGTGAGGGGATCGAACCCCCGACCCTATGCTTGTAAGGCATATGCTCTCCCAGCTGAGCTAACACTCCTTAAGGTGCAGAGTTGGCGCTCTGCTATATACAAATTATTTGGTGACCCGTACGGGATTCAAACCCGTGAATGCACGCGTGAAAGGCGTGTGTGTTAAGTCACTTCACCAACGGGCCAAATGGCGGCCACAGTAGGGATCGAACCTACGACCAACCGGTTAACAGCCGGTTGCTCTACCGCTGAGCTATGTGGCCAATTTATTCACATAACATAGTTATTTTAACATAATTTATAAAATATCAATAGGAAATTATTAGTAAATTTTAAAATTATTTTAGTTGTAATAAAACCTAATGTTAAATATTTGTCTTTTTTAAACAAATAAAATACTTTTAAATTAATAATTCAATCTCATCTAATTATTAAAAACAAATATTAAATAGAAAATTTAGTAACTGTATTGTTGACTTATTAAGTTAAAAAGATTTTACTAAAAAATAATATTTTCAAATGATTATCTTTTTTGAAAAGATTAATATTTAATATAAAATCAATATGTTTATAAATTTTGATTATGATAATGCAAAACAATTTATTGGAAATAACAATCAATTCTATTATTTTTGTAATTGTATTCTCTTGTTCATTATTATTTGTTTTCAAATTAAAAAATGTAACAAAAGGATATAAGATTTTTTTTATTTCTTATGTTGTTTTTTGAATTCCATTAAAATTACTTAGAGACTATACATCAATTATACAAAACGAAATAAATCCCCACATTGTCTGGTTACCTTTAGTAATGTATGGACTAGTTGGAATATTTATTAGACCAATTGCTGATTGGTTAAGTTTATACATAAAAAATAGAAAAATTATTTTATATATGGCAGTTTCAATTGGAATAATTACATTTATTCCAATAATTATATATCCAAGCACTGAAACAAATATAGTTCAATCTGTTGGAGTTGGTATTGGTGCATCAATGATTGGAACATATGAATTAATGTTCAAAGAACAGTATACAAAAAGCAAATCTTTTCTTACAGTTTCCATAATGGCATTCCCACCATTAATTGCTGACTTTATTAGTGCACCAATTCAATCTACAATTAAAATTATTTCATCAAATACCAACCAAACATTAAATTTAAATATATTTATATATTTATGGGTTGTGGGAATTGTATTTTATGTAATAACATTTATTATCTTATTTTTTGTTAAAGAGGACCGAAGTAAAATTGGAACAACACTTAATAACATTCAACTTAGTGGAGACAAAAATAAATCATCAATAAAAAGCATTTTCTTATTTGTATTAGTTTGTCTTACTGGTTTTTTTATATCATTTATTAAATTCTCAAACAGTGGATCTATTGCTACATTAACAATTCAAAATTTAGCGCAAAATATGGGAATTAAAGATAAGATTGCAAGTATTCAAGCTTATCTTTCTACAATATTTAGTTTAGCCCAATTATTGGGAACTGTATTTGTAGCAAACTTTTTAGTTAAAAAAACAAATAAGTTAATTTCTTTTTCTGTTGGAATAAGTTTATGAATATTGTTTCAATTAATTGTTATTTTTAACCAAAATCCTTATGTTTACTTTGGCGTTTCTTTCTTTAATGGTTTTGCTTATGGGATTTTATACAACCTTGTTTTAGCTTATGTTTTAAGTATGAGTTTTAAAACAAATAAAATTACTCCTATGGGTATTTATCAATCAATTTTATCAATAGGTATAGCATCAAGTTCTTTTTTAATTCCATTTTTAAAAGATGTTTTAAAAAACAACCAAGGTTATTTAATTGTAAATTATTCTTTACTTGGTTCAATTGTATTATTAGAGTTGATTTTTGCAACTGCATATATTTTTGATATACAAATATTTAAAAATAAGATGATAATAAAAAAAGAAGCACTTTAATTAAGGTTTAGAAATGAGTTTAGAAAAAGCAAAAAAAATATTTATAGAAAATTCAGAGTATGGTTTAAATGACATTAAAAATATAAAAAAAATTCATCATGGTTTTACAAATGAATCGTATTTATTCAAACTAAAAAACAAACAAAAATACCAGATTAGAATTGGTGGTTGCAATGATATTGTTAGTAGAACAAATGAATTCAATATATTGAAAATAATTAAAAATGATTTATTTGTATATTTAAATGAAGATGGTGATGGAATAAAAAAATGAATAAATGGATATACTCCAAAATTTATAATCAAAAAGAAAAAGTTATTAAAAAATCTTGCATTAAAAATTAAACAACTTCATTCAACTGATATAAGCAAAGCAGAAAATATCTTGTATCACGATTATTATAGTTTTTTTGAAAAATCTAAATCTTACATTGATCAAATTGATATTGATTTATACAAAAAATTAATAGCTAAATATAATAATTTAGATTTGGTTCTTTCTCATAATGACATCAATCCAAAAAACATGATATATGACCCAAAGACAAAAGAAATATATTTAATTGATTATGAATGAGGAAGAATAAATAACAGATATTGAGATATTGCAAACTTTTATAGAGATAGTAATTTAAAATTAAAAGATTTAAATTACATTACAAACTTGTATGGTGATTTAGACATTCAAACAATGTATAATTTTGTATATATAACAACAAATTTTGCAATTCAATGAACTTATGGAATGCAAGAAACAAAAAAAATAATTAAATATAGAAAAAAATTAAACAAAAGAATTAAATCATATAGAGAATTAGTTGTTTTATAAATATAAATTTTATTATTAAAATTTGATAGTTATAAATAAGCATTGAACTATAAAATTCAATGCTTTTTTTATTTAAATAATTGAAATAATTAATTTTTGATCTTAATTGGATTATCAATGGAACCTTTTTTTACAAATTTTAAATATAATGATTCTAAATTTACATCATGATTTATTTTGCCTGTATAAACAATTTTTCCACCGTCCAAAATTGTTACATGATCAGCATATTTATCAAGTTCAGCTAATATATGAGAGGAAATAAATATACTTACGCCTTTACTTTGTAGCTGTTTTAACAAATCAAAAAGTTCTATTCTAGCAATTGGATCTAAATTAGCTGCAGGTTCATCCATGATTAATATTTTGGGATTATTTATCAAAGCTTGTGCCAATAAAACCTTTTTCTTTTGTCCACTTGAAAAATTATTAGGATTTTTCTTATATAAATTTTCCATGTTTAATTCTTTTAATTTATTCTCTGCTAATTTAAAAGCTTCTTTTTTAGATATTCCACTTAATATAGCCATTGTTGCTAAATATTCTAAAGTATTCAAATTTTTTGGAAAAACAGCTTTTTCTGCAATATAACCTATTCTTTCTTTTGCAATGGAAGTGTAATTTGGAAAACCATCTATTATTATTTTTCCATCAAACTTAGCATATGCTCCAACTATTGCTTTTATTGTTGTTGTTTTACCAGCGCCATTAGCACCAATAAAAGCATGAAACTCACCACTTTTTATTTCAAAGTTTAAATTATCAATAACATTATTACTTTTTTTATTGTATTTTTTAGATAAGTTTATAACTTGAACTAATGTTTTTGAATTCAAATCTGTAATTTCTTTATCATTTAACTCTATTAATTTTTCATTATTTGATGTGCTAATTTTATTGTTTAATTCTTCATAAAGTTTTGTATCTATAATATTATTTTCTTTTAATAAATTTAAGGACTTTTTTAATTCTTTAATTTTCTTTTGCTCATTGTTATTTTCTTTTGAATTAGTGCTCATACTATTTAAAATCCCTTCTGTTATAAATAATTACTGATATAGAAAATAATATTATTCCAATTAAAAATCAAAATATAGTAACACCATATACTGGACTAGTGTTTCCAACAACTTCTAACGAATAGTATTTATTACTACTTTTTATATTTAATCCATAAGCACTTGTTGTTGTACCATCACTTGTCGATTTATTACTCGTGCTAAATTGTGTAGTTAATGTAAAAGTTTTTTGTTGGTTTAAATTTTTACTTTCATAAAACTTCAAATCAAAACTTATACTATCTTTTTTTAAAAGATGATTACATAGTTCTAAATAACTTGAGCCATTTAATGATAATAGATTCAAAATCGAAACTGCAACTAAAAGTTTTTTAGCATCAGTATAATATGTTGTTTGTTCCATATTTTTTTCTTCTATTAAAGGGATAATCATATCACTGCTTATGATGTTTTTAAATTCATACTTATTAACAAAATCATTAAATATGTTGTTAAAGTCAAAATCATTTGTTGTACCATTATTTTGTTTTAATTTGTTGTTTGCACTGCTTAAAAAATTAAAAAAATCATAAGATATATTTTTATTATTTATAACCTTTGTTAAATAACTATTAAATGTTTGTGTTAAATTT
NZ_CP033512.2_gap38	1056882	1057386	504	TGCAGCTGGAAAACCAGCAACAAATACATCTTCACCAGGTTTGTATTGTGATGCAAATTTAGTAGGATTTTTATCATAATTATCTAAAAAACTTTTAAAAACATTGACATTATTTATAAAAATAGCATTTCCATTTTGTCCAACATCATAAAAAGGAGAAAAATCAATAGAAAGAATTGCTATATCAGATGTTGGATTATATAAATAATTGTTTGGATTTAATGATTCGTTATATCTTAAATTGATGTTGTTAACATCTTTGTACAATTGATTATTAAACGATTGATATCCAGAATATACAATACTAACATTATTACTTTTTAAAACTGAATCATTAGAATTTGAATCTTTAATATAAGCTAATATCCCATCATAAGTGTTGTTATTTATTAGTGTTTCTTGTGGTTTTGTTGTTCCAAAACTTGTTAATTTAGAAAAGTTATTACTTGTTTTTTCACCCTTACCAACTATGCCAATATCTAATCCTGTTAAAGTTTGTTTTTG
NZ_CP033512.2_gap39	1155790	1160363	4573	CTCCAGATGATATAAAAAATATTCCTTTTAATAAAAATGATGAAATTTTTGTTACAAACCAAACAACAATATCAATTCTTGATTTTTATGACATAGTTAAAGAACTAAAAAATAAATTTACCAATATAGAATTTAAAAATGATATATGTAATGCCACACTTGATAGACAGCAAGCTGTTATTAACATGGATAAAACAATTGATCTATTATTGGTTGTTGGTGATATTAATTCTAATAATTCAAAAAAACTTGTAACAATTGCAAAGTCAATGGGGGTTGAATCGTATCTAGTATCTGATTTAAAATCAATAAATAACAAATGATTTAATTCAAAAAAACATGTAGCAATAACTTCTGGGTGCTCAACACCAACTTGGGTTACAACAGAAATAATAAAACATCTTGATAAATACTTTGAAAAGGTAAAAAATAATGAATAAAAAAACTAATCTAAAATTTAAACTAACTATAAATAAATATAGAGATAAGATAGTAAAACAGTTAATATCTATTTACAAAACAAAAATATGAATAAGAAAACTTGCAATTTTTTTAGGAATAAGTTTTTTAGTTTTTTTATCATCATTTTTAATAAGAGATGCAATTCTTCAAAAAACATCTGCTTATGGTAGTTTCATTCCTGGATTTATTGATATAAAAGTAGTCGGAAATAATGGTGTAGCATTCAGCGCTTTTGAAAATGCATCTGTTTCTTTTGTTTATTTTATTCAAATTTTGCCAATTATAATTTCAATGTTTTTTTTGGTATTTACTAAATCTGCTTGATTTGATGTTGGTTTTTCTATGATTATAACTGGCGGAATGTCTAATGTAATAGATAGATCAATTGTTGATGTATATACACATAATATAGTACCAACAGAACAAACCATTAATGCTGTTGTTGATTATTTTTCTTTTAGTTTCATAAGTGGTTCAGCAATTTTTAATATGCCTGATGTTTATGTTCTTGCGGGTGTAATAATTGTATTAATTAAATTAATTGTTCAAACAATTATAGATTATTTACACTATGATAAAGAAAATAGCGAAAATAAAACATATGAAAACAATAAAGAAAAGATAATAGAAGAAAGAAGATAAATTTAATTATGAGACTAGATTTATATTTAAGTCAAACAAATAATATATCAAGAAAAGAATCTCAATCACTAATTAATAGTGGTTGTGTTTTTGTTAATGGAAAACAAATAACAAAAAACAACTTTCAAGTTTCAGAGCAAAGCAATGTTATAGTAGATAAAGAAAAGTTTATTGAACTTTCAAACAACAAAAAAGAATACAAAATAAAAGATGAATTAAAATCTTGGGATTATAAAATAGATGTTGTTTTTGAAGATGAATATTTAATGATTGTTAACAAATCTAGTGGGATAATAGTTCATCCAACATCATATGGTGAAGATAATACATTAGCTAATGCAATCAAATTTTATTTTGAAAAAAATAAAATTAAAAATGAGTTTAATGATTTAAGAAATGGTATTGTACACAGACTAGACAAAGATACTTCTGGTCTAATTATTGTTGCAAAAAATAAAAATACAGAATCATTACTTAAAGAAATGTTTGTTACCAATTCAATACATAGATATTACTTAGCTTTAATTAATGGACATTTAGATTCGAAAAAAATTGAAGTTCAAGCCCCACTAAAAAGAATAAAAAACACAAATAAAAGAGAAGTGTCAACAGATTATGACGCTGAAGATGCAATAACAATTTTTTATAAATTAGAAGATTTTAAAAATATATCTTTGGTTAGATGTGAATTAAAAACAGGAAAAACTCACCAAATAAGAGTTCATGCTAAATACATTAAACACAACATTGTTAATGATCCTGTTTATGGAAGTAATAAAAAAACAACAAGTTATGGACAATATCTTGTTGCTGATCAAATAAACTTTATACATCCTATAACAAAAAAACATATAGAAGTTAAAATAGATATGCCAAAAGAATTCACTGAATATATAAGAAAGTATGGAAAATAAATATGAAATTATTAATAGATGGCAGTTTAAATTATTTAGAACTTTTGTTAATAGATATTAATAATAAAATTGTTAGTACATTTTTTATTATGCAAAACAAAAATTTAACAGACATATTAGTTGATTCAGTAGATCAATTTTTGCAAAAAAATATGATTACAAAAAATATGATTAGTGAATTGTTAATAATTAATGGTCCTGGTTCTTTTACTTCAATTAAACTTGTGTCCATTTTTGCAAATACTTGGAAACAATTTTTTCCAACTGTTGTATTAAAACAGTTAAATACTTGCTTATGAAATTCAGCACCTAAAAAAACAATAAATATTTTGGATGCTAAATCTAATTTTTATTACGTGAATATTAATTTTGATTCAACAAACAAAAATAAAAAACATATAGTTAATCTTATTTCAAAAGACAAATTAAAATTATCTTTATATTCTGAAAAACTTTTAGTAAATTTTATTAAGGATATACAAAACCCTATTTTTAAATGAGAATTTAATAAAGATAATTTTATAAATGTTGATAGGATAATTCCAAATTATGTTAAACCTGCTGTGTAAGTGATCAATTGATGTAAATGATAAAGAATTGAAATTAATTTCAGAAATGGAAAACGATTATTTTAATTTGAATTCTTATTCATATGAAGAACTTTGTTATTTTAAAAATAATGAAAATTATAATTTAGTTTGTCTTTATCAAAAAAATGAGTTTGTTGGTTATGCAATTTTATTTATTACAGAAAGTGAAATAGAAATATATAAAATAGCAACAAAAAAAGAACACAGAAATAAAGGATTTGGTACATATTTGATAAATCAAATAAAATTAAAATATTCAAAATTAAAGATTTTTATTGAAGTTAATCAAAATAATAATGCATATTTTTTTTATTTAAAAAATGGTTTTGTTAAATACAAAACGAGGAAAAATTATTATCATGATGGTAGTGATGCTTTTTTAATGTTATTTAATCCAATTCTTTAATCACACAATCAATTATTTTTTTATTTTCTATTATTAACTCAGCATATGTTTTAGTTCTACTATGATTTCTAGGTAAATAAAGTGATCCTGGATTAATGCATAAAACATTAGAAATTAATTCACAATATTCAATATGAGTGTGACCACTTATTATGACATCAACATTTTTGTCACTATAGTGGTCAACCATTTTTTTATATCTATTACTATAGTCAAAAAAACTATCAAAATATTCTCCATGAAGCAAAACAAATTTTATTCCATCAATTTCAAAAAATAATTCTTTTTCACCCTCAAAATCATTGTTGCCAGCAACAACATAATCAACATATTTTTTAATTTCTGAATAACCAACACAAAAGTCACCAGCATGAATGACATAATCATATTTATTGTTATTAATAACTTTAGTTAAATTAGAAATATTACCATGTGTATCTGAAACTATAAGTATTTTCATAAAACCCCTTATAAAAATAAAAAAAATCTATCAATTTGATAGATTATATAAAAATAAAAGACTTTATTATATAATAAATGATTTTAGTCTGAATCAAATTTTTTCTAAAACCATAGTTGTGTAAGGAGCGCCTAACAATCTTTCTTCGTCGTATTTCACACCTAATTTAGTTGCTAGTTCCTCTAAAGATATGTCGTCATCAAAACCAATGATTTGTTTAGCCAATTTTAATGCATCTATTTCTGATAATTCTAAATTGTAACCATGTTGGTTATAAATTTTTTCTAGTAATGGATATGCAAAGTTGTCGCCATTAAAAGTAAATAAAATTGCATCTTGGAAAATAAAAGCTATATTCTCAAGAGCTGACATTTTGTCAATCCCTTCACTTTCAATTTTTTTATTAGTTATTCTATATTTTCTAATAATTCTTCCATTTAATTTTTTATCTGTAGCGATGAAAAAATTGTGTTTAGATTCCATTTCATTATTAACATAAACCCTAGCAGCAAAATAAAGAATTTCAGAATCCATTCCCTCTTCAGTGGTTTTGATATCAAATATCACAACTTTACGGTCTTTAAATAAATCCTTTAACATTTCTGACCCTCCTAATCATCGGTTAGAAATCAATATATCTTATATATTTTACAATATTTAATTATAATTTGTAAAAAAATAACCATAAATAGTTATTATATTATAAAAAATTGTTTTGAAAAAGTAAAATTACTATTTATTTAGTTATTATATTTTTTCTTTTAATTTATTAAAAGACTTAATTTTTTTTATATTTTATTTTGATATTAATTAACGAATTAAAACAAAATAAATATCATTAACAAGAATAAATAACTTTTTTAAAAATTTAAAAAACTTAAAAATAAAAACACAAACTCTTTTACAGTTTGTGTTTAAATAAATTAAAGTTTTTATTAATAAACTAGAACTATTTATCTTTTAATTTTTTTATTTCTATCGCAAGATCTCTTGGTACAATTTGAGACAATTCTTCGATGTCAGCATTCAAAATATTATCTAAGGTTTGATATTTAGAAATTAATTTATCAATTCTTTTTTTGCCTAATTTTTTTACTGA
NZ_CP033512.2_gap40	1169921	1173908	3987	TTGTTTCTAATGAATCAAGCATTTGAGTTGCAACAATTACTGTTTTACCTTTATGTCTACATGCTTTAATTATGTATTTTTCATAATATGGAACATCATAGTACGGAATTTCTAATCCTAAATCACCTCTTGCTACCATAATAGAATCTGATGCATCAATAATTTCATCAATTAAGTTAATTGCATTCATAGTTTCTATTTTTGAAATAATCTTTATGTGGCTACCACCATTTTCATCTAGTAATTTTCTAACTTCATTAACATTTGATGCACTATTTACAAATGATGCTGCAATAAAATCAAAATTGTTTTCAATAGCAAATTTTATATCATTAGCATCTTTCTCAGACATGAATGGAATAGAATAATTTGCATTTGGCAAATTAATTCTTTTGTTATCCTTTATAGCATGTGTATTTTTAGCTGTTGTTACAATGATGCCTTTATTTACATCAACTTTTGTTGCTATTAATTTTAATTTACCATCATCAACAAAAATTGTGTCTCCCTCTTTAACATCATTAGCCATATTATATGTCCCTGAAGAATCATATACAGAAAACTCTTTAGAAGTACCTTCAACTTTTTTTGTTGTATGAATTGTTACTTCTGAATCTTTTTTTATTTCAGCTTGACCTTTAGTCATTTTATGAACCCTAATTTCAGGTCCTTTTGTATCTAAAATGAAACCAATATTTAGGTTCATTTCTTCTGCAACTTCTCTTGCTAATCTTAACTTAATTAATTGCTCTTCATATGTACCATGCGAAAAATTAAACCTCACAGCATTAACACCTGCTTCATAAATACTTTTCAGTGTTAATTTGGCATTTTCAATTTCTTTTTTATTTTTTGGATCTTTATATTCTTTTTCAGTAAATATTTTTCCAGTTACAGATGGACCTAGCGTCGCAATTATTTTAGTTTTTTTAATTTTATTTAACATTTAAAACTCCATATAAATTGTTATTTTAAGGTACAAAAAAATTATACTATAAACAAAAAATGACTAGTTATAAAAGTTTTAATATCTTTTATAGTAGTCATTAATAATTAAAGTAATTTGTCTTTTGGTAGTGGGGATGGGGGAAATTTTCTTTTGTGTTCAGAAATTGATTTTAAATATTCAATTCTTTCTTTGTCTTTATGATCTATTTTTTCACCCTCAAGATATGAATCAATAACATTATATGAGACTTTTAAATCCTCTTCATCACTTTGGTTTTCAAATAGACCAGCTGTAGGTTTTTTTAAAATTATTTGGTTTGGAACATTTAATAATTTAGCACACTCATATATTGATTTCTTGGTTAGATTTACAAGCGGCATAATATCAGACCCACTATCTCCATACTTTGTAAAATATCCTGTTATAAATTCATCAGCATTAGATGTTCCTACAACTAAATAATCATATTTAACAGCATAACTATATAAAACATTCATTCTAATTCTTGCTTTTAAATTCCCTAATCCCTTTTCAATGTTAGGAACAACTTTACAAAATTCTTTATAGACATTATCTAGATTAACATCTACATGGTTTAAATCAAAATGATTAATAACTAATTTTCCATCTTCAATATCTTTTAAGGAATTATTTATATTCATTGTTAATGCAAGATGATTATTTTTAAAATATTTGCTTGCTATGGCTCCAATAAGAGCAGAATCTATTCCACCAGAAATTCCAAAAACAATTCCTTTTGCTTTTGCCTCTAGCAAATACTTTTTAATAAAATCAACTATGATTTCTATTTTTTTTTCATAATTTTTCATATTAGTCGATAACATACTCAACACCACATATTATAAAAGTGTCTCCTATTTTAGCTCCTTTTTCTATTAATTGATTTTGAATTTCTTCAATTTTTATTTTTTGGTTAAATCTAATTAAGTTGTCTTCAGTAGTTTGTGGTATTTTATCAAATCAATATTGAATTCTTTTTGACTCGACATTTCAGACTCCAACATCAATTTGTGTTATTGAAATCACATCATTTGGTTCTTTTATAACTTTAACAAGTTTATATGAATCAATTTCATCTTGAAGTTCTTTTTTTCATGCTTCTTGATATTTTTTATACTCTTCAAAAATGTCACTTACAACATCATCAATGCCTTTGTTATTGATAGCTGAAATAAAATAAACATTGTTACCCAATTTTTTCTTCATTTTTTCAATATTTTTTTTACTATTACTAGAGTCTATTTTATTAGCAACTATATATATTCTTTTGTTAAGTAATTCTTTTTTATATTTTTGCAATTCATTATTTATAATTTCAAAAGACTTATAAGCATCATCATTATCAATTTCATCCATCGATATTAAATGAATTAAAAAATGACATCTTTCTATATGCTTCAAAAATTCAAACCCCAAACCTACACCCTCACTCGCACCTTCAATAATTCCTGGGATGTCAGCAAAAACAAGTTCTGCACTATCTTTTTTAACAACTCCCAAAACAGGAGTTAATGTGGTAAATCTATAATTAGCAACTTTAGGTTTAGCATTTGATATTTTACTAATAAATGTTGATTTTCCAGCATTTGGAAATCCAACCATACCAACATCAGCAATATATTTTAATTCTAATTTAGCTTTAATATATTCACCTTTGTCACCGTTTTCAAAAAGTTTTGGAGCTTTATTATAACTTGATTTGAAAAAAGCATTTCCGTGTCCGCCCTTTCCGCCTTTACAAAGAACATATGTTTGTTTTTCTTGTAATATATCAACTATAACTTCATTAGTTTCTTCATTTTTTATAACTGTTCCTATTGGGACTTTGACATAAACGTTTTCGCCGTTGGCCCCATGGCAAAGTTTACTTCCTCCATTTTCACCATTTTTTGCTGTTATTTTTTTGTTGTATCTTAAGTGAAACAACGAGTTCTGATTGTGATCACCAACAATAATTATGTCACCACCATCACCACCATCACCACCTCAAGGACCACCTTCTGGGTAGTGTGCTTCTTTTCTTCAACTTACTATACCATTACCACCATCACCAGCTTTAAATTCAATAATGCATTTATCTACAAATTGCATACTACTCCTCATTTTCAATTTCTATATAATCTTTTTCTTTTTTATTACCTACTATTTTTTTAAATTTTTTTCTTTCAATTGCTTCCTCTATAAGTTCTTTTTTATATTCGTTAAACAAAACAAATGAATGATTAGATTTAAGTAACAAAATATTTGTGAATTTGTTTGAAACAAAAAACACTATTAGTGTTATTACAATAGTTAGTAAAAATCTAGCAACAATGATAAAAACATGATTTGACTGATTGTATGGAATCATACCAGATAGTATTGCACAAAAACACATTGCATTAACCATAAGAATAAAAGGTAAAGCATCATAATTTATTTTTTTAAATAAGAAAATTACTAAATACATTAATAAACTAAAAAACAAAACCCCAAATAATACAGCAATAATTAATGGATTAAATAATGGTAAATTTTTTCCATTATATGGAATAACTCAATTCAATTTAGATTGATTAAATTCACCTAAAAAAACTCAAATAAAAATGTTTGGCAATACCACAACAAAAAAACAAAAACACAAAATTAAAAAATTTGGTGTTTTAATTGTTTGTTGAATATTTGCACTACTAAATTTATTTTCCATAACTTAAAACAATAAAATTATAAAACAAATTTTAATATAGTTTTTAGTATTTCAATAATTGATTTTAAATAATTAAACTACAAATAAAAATATCTAGTTTTAACACTCTTAGGCAAAACATTTTAATTGCCTTTAAATATTTAACTAGATATAAAAGTATATTATTTACTATTAAGTTGTTGTGTGATAAGTTTTATTTTTTTAATAAAATACCAAGTTCACTAAGCGATTTGCTATCAACATCACTTGGTGTGTTCATCATAGTATCAATTCCTTTTGAATTTTTAGGAAACGCTATTACATCTCTAATGCTATCAGAATTTGTCATTAT
NZ_CP033512.2_gap41	1261681	1262673	992	TCTTGTTCTAAACCAAAATATGTTGCAATAAGTTTATTCATTTTTAGACTCCTTTACAAAATAATAAAAAATTATTCTTTAATTTTTAAAAAAAATAAAAAAATACCATAGGTTTAAAAAATATTAATATGTGCTATTTGTGGTTTAAAATAAAAATAATAAAAATTAGGATTTTAAAGATGAGTACAAATAACACGCAAAATAGTGAACCTATTACTGTAAGTACTACTATTAAATCTAACACTAGTGTTAATAAAAAACAAATAGGATTTTTGTCAGTCATTATTATGGTTGTAAGTTCAACTATCGGTGCTGGTATCTTTTTTAAATCTAGTGCTGTACTATCATTATCTGGAGGCAGTATTGTTCTATCAACTATATCTTGAATAATTGCTGCATTTGGTATTGTTGCTATTGCACTTGCTTTAATTGAAATAACTAGTGCTAGAAAAGATGATTTAAGTATTATAGGTTGATGTAAATCCTTTAATGGTAGAACAATCTATAAGGCATGTAAAAACTTTATGTTTTATGTTTATGTTCCATTAACTTATTTCTTTATGCCCTTATATGTAATCAATAGTGTTCAAGATGCTGTAAGTGGTTTTGGTGGATATTTAAATTTTGGAACACCAAATGATTGAGCAATATGAATGGTTATATCAATTGCTATTTCTTTATGGTTTATCATACTTTCGGGTTTTTCAGCTAGAGCTGGTAAAATTCAAAGTTGAATAATAATGTCTGTTAAATTTTTACCATTAGCAGTTGCTGCTTTAATTGGTTTTATAATAGTAGGCTTAGACAACAATGTTGTTAACACTAACGTTCAAATAAAACCAGATGCTGGTACTAATTCTTCTTTCTATGGATTATCGCCATATCTTGGAATGTTTGCAGCTATAAGTTCAATATTCTTTGCTTTTGATGGTTTCTATACAGCAGCTGGTGTTCAATCAGAAATGAAAGAACCTAAAAAAACACCAACAGCT
NZ_CP033512.2_gap42	1314976	1315476	500	AAAGTTACCAATTGAATATCATTGAACAACAAATAAAAAATATCCCAATAAAATAATTCCTCACATGACAACCAATTTAGCATTACTAATAGGTTTGTCTTGAGTTTTATCTACACCCATTGTTTGAACAGAATTATCTGTTACTGGTGTTTGAACTGTCTTATTACAATCATTCATTGATAATGAAGACATACTCTTTTTTTCTCCTAAAAATATTATGTAACAAAAATTTGCTACTACTTAATTTTATCAATAAAATATATTTCGGTTAATTTGTTTATTTTTTTAATATAAATATTTTTATCGTTAAAAAATTTACTGTTTTAATAATATTTTTTACATATAAACCAAATAAATAAAATTTCGTTTTTTAAAATGATTACTTTTAATAAATAAAAATAATAGGAAATAAATAATAGAACAACAATATTAAAAATAGATAATTTTATTTATAATATGTGTTTTAAAATAAATAGTTGAAATTTAATACTAGGACTAAT
