gap_id	start	end	length	sequence
NZ_CP129197.1_gap1	2303	5835	3532	AAATTATCAAACAAGAAATGTATCAAAATATACAACATATGATGTAAATCCTATTAACTCAAGTAATTACTATGGATTTGTAAGTTATGATGATTTAACAAAATTTGTTAAGGACTATGTATTCACAATTAATGGATTAAATCCAATTGATCCAATACTTCCACCAGTTAATAATTCAACATCAAAATTCTATAGAGATGTAATTATTGGTACATGAAGTTCATTGGGAATAATTATAGCTTTAGTTGGATTCACTTCTTTATATTTTTGTAATGTTTCTACTAATAAGATTAAAACTAGAAGACAGCAAAGAGTAAGAACTCAAAATTGATGAAATAACAATGTAATGGGACCTGGTAGATAGGAGTTTATTATGAATAAAAAAATATTAAACCACTTAAATAAAAAGAAATCAAATAAAATATTTTCAAGTAAAAAACTTTTACTATTACTTGGTTCTTCGACTATAGCAACTGTTCCAGTTATTTCATCAATTGCTGTTGGAAACAATTCAATGAATATGAACTTATATAGTGGAGCATATAGTCTTGGTGACAAAGATTTTGATTCATATAATTCTTTAATGAACTATGTTGATAAAAATTCAAAAACTATAAATGTTGAGGGAAATAATTCTAAATGAAGTGTTACTTTAAATGGTGTAACAAGAACATATAATGATCCAAATGTACTAAGAAATGAAGTATACAATCAACTTATATCAAGAAAACAAGTTAAAACTGATGTTAATCTAGCTGATTATGTTGGTCCAAAAGGTGTTCTTGGTTTAACAAACCAAGAAGTTTGAAAACACATTAGTTATGATGTAAATTCTAAAAATACTATTTATCAAGGTGCAAATGATCAAGTTTTTAATACACAAGATGAAGCTTATGATTCTTACTTTCAAACTAAAGAAGGTTATCATTTTAACGGTATAAACTTTAGTAACAAAAATGATTTAAAACAATATTTAGAAAAAGAATATTTTCCAAATAGAAATACTAAAAATACAGTAGTAATTACTTCTCCGTCTGGAAATTCACTTCCAATTGATTTAACTAAAGCAAATGCTTATGATGAATTAAGTAGTTTTATCAACAACAATGCTGAGATAAGAATAAACTATAAAAATGATGGTGGTGAACAAGTTGATATTACAAGAGACAATGTTCAAAGCCAAATGGATAAAGTTAATTTACATGATTTAAACTATCAACATGTTTTATCAAATCAAGGTGAAAGTAGATATATTATTGATAACAAAGATAGTGCTGATTTAATTGGACCATATTTTTATCAAGGTGTTTTAGATGTTTCATCTTTTAAAAATAAAGACATGTGAAAAAAAGTTAATGGTGTAACTAAATCTGTTTTTACTCAATCTAGAATTGATTCAATAATTGGTTCATTCTTTTCATCAATCATTAATGATGATAATAATTTAAATAAAATCCAAGCAGAAAATGGTGAGAAAAAACCTTTATTATTTAGAACATTATTATCTATTGGAGAAGATGAAAAATCATATGATCAATGATTTATGGACGAATTAAATAGATTAAGTCCACAACTATCAAAAGAAGTTATTGAAGCAAATGATTCAATGATGAGTGGTAAAAAATATAATTCAATTTATAAAATACCAGTTCTTTACAGTTTCTTATTACAAAGAGCCATAAGTTGAAATTTGGGTCAAGAAGTTGTTAATTTAATTGTTGATTATTTCACTAATGTTTGTAACTTCATTCAAGATGTTTTAGAATTTGTATCACTTTATAGTTCAAGTTTATTATTAAGCAAAGATAAAAAAACTAAATTTGATATGGTTAAATTTTTCCAAATTGGAAACCCTGAATATGATTTAAATACTTCTACAGAATATTTCTTAAATGAAATGAGAACTAATTATCCTAATTTAGTTGCTATGTGTTTTGCTTATACTCAAGCTGAAAATAATATTTCACTAGCAGGTGGATTAATTCCTTTTAATTCTGTGAGTTTTGATTTCTTATATGAAGATGGTTTAATGGATTCTATTGATCTTTACAGTATTAAAAATGAGCTTAGAGGAGTATATGATACTTTCTCTCAACTTAGTGCTGATGATATGGTAAATTACTTCGTTGTTAATAATAAAAATCCAGAAATCAAAAATATTGAAACTAAATATCCAGATAAATCTCAATGAAATGAAGCTTTAAAAAATATCAAAACACCTAAATCTAATCAAAGTGTAGAATTATTGTTAAGTTCTATTGGTGCTAAAAACAATCAATATTTTGCATTAGCAGAATCTCTTTTAAGTACAGAAATATCTATATTTTTAGAAACTGGTACTATTGTAAATGGTGGTTATTTAGATCAACTATCAAAAGTAAAAAATAATAAAAATCTTGTATCATTATTCATTAATTTAGTAAAAGGTAATGAAGGTAAAATAAAAGCTTATAGAATTTATTTAGCTTTCATGTTGGATTTAAACACAGGTACTAATATATTTAATGATGGTAAATCTAATATTTCAAATGATGAATTCTTTAGAAGACTTTCATATTTAATTGCTACAATATTTGGTACTTCTTTATTAGTTTCACAATCTATGATTAAGTTATATGAATCTCGTAGTTATGTGGTAATAGAATCTTATAATAACCCAATTTTTGAAGTAATTGAAAATGCTTCAGATAATGGTTCTATTGGTGGAGATAGGATAAGTATTAATGTTGGGGAAAATCTTATTGATGGTTCAATGAGACCTTGAGATGGTGACCGTCACTCAGTTAATGGAATATCTCCAAGTGTTGCTGGTGGATCAATTAATTTAATTGATTTTGACATTCAATTAGACCCACTTACAGATGCTATTTACAATTCTTCACAAACAGATATAGACAGAATTATTAATGAAGGTTTATCTATGACTCCAATTAATAGATCACCTTCATCTGCAACTCTTGTAAACCCTGTTGATAATGCACAAGTAATTCAAGCATCAAGTTTTAATGATCAAGCTGATCTAATATCATTAAATTCAAATGTTATAGATGCAACTAATGAAGTTGTACCTACATTTGAAAAAAATAAATTATCTTGATGAGCTGGTTATATTGATAAATTCCAAAAAATTAAAGATATTGTTACAAAAGTTTTAGATTATGCAGTTCAAATTTTTGCAGCTACTTTAACAGTGTTAGAATTTGCATTCTTCTTCTATGATTTATTTAAAGAAACTTATACTCAAAACTTTTATCAATACACAACAGCTGATGGTACAAGCTTCTATTGAAATGGTGGATTATCTGTTTCTAAATACTTTGGATTTGTAAACTATGAAATTTCAAATATTAATCAAATGGAATTAGTTAACCCAGTGGCAATTACTCTTCCACAATTAGAAAGTTATTATTACTATGATGGAATTAAATATTATGATTCAAGTGAATTAAAGAGAAGAATTTTATTAAATTACATTAATGGAGAAGATACTCCAAAAAATCCTAAATTTAATAAGTACTATGCACTAATTGGA
NZ_CP129197.1_gap2	29013	30587	1574	TTTGCATTTTATAGATTCAAATTAAAAATACTATAACTGATTATTTTTTAAAAAAAACTTTTCATATTCATTTTGTTTATTTCCTTATATTTTGTTAACTCAACTTATAATAATATCGGAAACACACCTATTTAAAAAATAAAATAATTTTTATTTATTTTAAATTTACTTTATAAAAGTTAATTATTTTTTGTTCAATATTAATTTTATTAATTTTTATTAATTTATAAAAATTAATTAAAAATTACATTTATTATATTTAGAATTATTAAGCGCCCTTTAAATAAAGGTTGCATTTATTAATTTAAAAGAGGTAAATATGACTGAGTTAATGAATATAAAAATAATAAAAAAAGACAATCGTCTCGAAGATTTTGATGCTAAAAAAATAATAAATGCTGTGTCAAAATCAGCTGAAAGAGTTCTTATTGATCTAAAAGAACAAGACTTTGATATCTTAGTAAAAGATATTGTAGATATAATAAAATCAAAAAATATTTCAAAAATAAACATAACTCAAATGCATAATATTGTAGAAACAGCATTAGAGAAAAATTTTAAAGATGTTGCCAAATCATACAAAGATTATAGAAATTATAAAAAAGACTTTGTTTTAATGTTGGACAATGTATATAAGAAAAGTCAGTCAATAATGTATTTTGGTGATAAAGAAAATAGTAATTTAGATAGTTCTTTAGTTTCAACTAAAAGAAGCTTAATATTTAATGAATTAAACAAAGAACTATATAAAAAATTCTTTTTGAACAAAAAAGAATTACAAGCTTTAAATGATGGGTATATCTATATTCATGATATGAGTTCTAGAAGAGACACAATAAATTGCTGTTTATTTGATATTGAAACTGTTATGAATAATGGTTTTGAAATGGGTAACATTTGATATAATGAACCATCTACATTGGATTCAGCTTTTGATGTTATAGGAGATATTGTTTTATCAACAGCTGGTCAGCAATATGGTGGTTTTACATTGTGTGAAATGGATAAAGTTTTAGCAAAATATGCTGAAAAATCTTATAAAAAATATTTAAGTAAATACAAAAGATTAAATATTGATGAAATTACAGATGAAAAAGAAGCCTTTAATGATGTTAGAAAAGATTTTGTTCAAGGATGACAAGGACTTGAATATAAATTTAATACTGTTGGTAGTTCTAGAGGTGATTATCCTTTTATCACTGTAACTTTAGGACTTGGAACATCAAAATTTGAAAAATTAGCATCAATAACTTGTTTTGAAGTTAGAAGAAAAGGCCAAGGAAAAGATGGATATAAAAAACCTGTATTATTTCCTAAAATTGTATTTTTATATGATGAAGAACTTCATGGTGAAAATAAAATTAATTCTGATGTATTCGATGCTGGAATTTTATGTTCATCACAAGCTATGTATCCTGATTGATTAAGCTTGACTGGTGAAGGATATGTATGTGATATTTATAAAAAATATAAAAAAGTTATATCACCTATGGGGTGTAGAGCATTTTTATCACCTTGATATAAAAATGGAGGAATTAACCCTCAAGATGATCAAGATGAACCAATTTATGTTG
NZ_CP129197.1_gap3	153964	156247	2283	TTTAGTAAATGCTAATGGAAAAATCAAATCACTTCCTACACATAAAAAAATTGCAAGAGGGAAACTAATTAATTATCTTTCCCAAAAAAATAAATTAACATTAGATGTTATTAAATCATTTAATGTTGATGGATACAAATATTATGAAGAAATGTCAACTGAAAGTAAAATTGTATTTATTAAAAATCAAGAATAATGAAAACAATAATTAATGTTAAATCTTTAACCATAAAATCTTTCAGTTCTTTTTTAAACAAAAATAAAAATAAAATTATTGCAATTTTTTATGCTGATTGATGTCCATATTGTTTAAGAAATGTTCCACAAATTATTAGTTGAATTTCAGAATTAAAAATTAATAATGTTGTTTACATAAAAATAGATGATGTAAATCAAGATGTTTGAATTGACAGTTTTAATAAAAATGAATGAAATCTTAAAGTTGTTCCAACAGTCAGAATATATGATAAAAATAAATTGATAAAAGAACATAGTAATGAAATTACTAAAAAAGAATTTGAAAATTTTATTAAGGAATAATAAATGGATTGCATTCTTAAAATTAAATCAAGTGTTCATGGCCATACAAAATATTGTAATCATTCAGACATTGAACCTGAATGATGCTCGATTGACATGTGAAGTGCAACGCTCAAAAAAGAGTGTGCACTTCATTTGTTTTGTTTGTAAGTGTTCACTAATAAAAAGATAATGAATATTAGGAGTGCTTATGAAAACTTATAAACATTTAACAAAAGAAGAAAGATGCTTAATTTATTTTCTTTGAAATAAAGAAAAATATTCTATGAATAAGATTGCAAAAATCTTAAATAAAAACAAATCAACAATATCAAGAGAATTAAAAAGAAACACATCTTCAACAGGGATTTATTATTCATCATCTGCTCACAAAAAATACATTAGAAGAAAATCAAATTGTCATATGTTTTTTATGTTGAAGTACAAAAACTTCACAGATCTTTTTATTCAAAAATTTAATCCTAAATCTCATGGTGTAGAAGCTACAATTTTTTGAATAAAAAAAACTATCCATTAGTTAAAGTTCCAAGTGCTAGGCAAGTATTTAGATGAATCAATAGCAAGATTTGAAAGATACAAAGAAGAGATTGTTTAAGAAGAAAATATGTTAAAGGAAAAAGAAGAAAAATAGGTATATTTTCTAAAATTGATGGAAAATACTGCATTCCTTATAGTCTAAGACCAGAAAAGATAAACAATAGAAAAGAATTTGGACATTGAGAAGCTGATCTAATAGTTAGTAAAAGGCAAAGTGGTTATTACCACTTATTGACATTAGTGGAAAGAAAAACAAGGTTGGTAATTATTAGAAAAATAAAAGGGAAAAACGCTAGATCAATGATGGCTAAAATGTACACCATTATTCGAGATGAAAAACTCCCAATAAAAAGCATCACTGTTGACAATGGGTTAGAGTTTCAAATGATGGGAATAACTGCAAAACAATTCAACTTTAAAGTTTATTATTGCCAACCTTATTCTTCATTCCAAAGAGGGTCAAACGAGAACATAAATGGGATAGTTAGAAGATGATATAAAAACAGTTTAGTAAGTGAAGATAAAATAAAAACTCTTGAATGAAAAGTAAACAACATCCCAAGAAAAATGTTTGGTTATAAAACAGCTTACCAAATGTATCAAGAAAATATTTAAAACAAAAAACTCTCAACTTATATTTCAAAGTCGAGAGTTTAATGTAACATTGAAGTGTTGCACTTCACATGTCAGTTAGGGATCATTCAGACATTGAACCTGAATGATTAGTTATCAAAGCAAAGGAAATGGGCTTTAAACAATTTACTATATCAGAACACATTCCATATGAAAAAGATAGCCCATACCGTCCAACAATGAAAGTATGAAATGATGTTTTATACAAAAAGCTTGTTGAACTTCAAGAAAAATATAATGATGATGATTTTAAATTATTTATATCAATCGAATCTGAATACTTTAAAAAAGATCATCAATTTTATTTTGATTTTTTTAATAAATACAATTTAGATTTTGCGATTTTTGGAAACCACCATTATGGTTCCAACTTAGAACAGCAAATTGAATTCACAGATGTTTTTAAAGATTGCTATGAAGCAACTAAGTGTTATGTTAAACAGGCAATTGATGGGTTTAAATCAAATTTATTTATCCATTTAGCTCACCCAGACTTTATGATTCGTATGTATAATTTTTGAGATCATAGAATAGAAAAACTATATAAAAAATTAATTAAAAAAGCAATCAAAT
NZ_CP129197.1_gap4	160451	163878	3427	TAATAAAGGTGAGTGTAATTGGAAAGTTCTTTCAACTCCAACACCATTACTTTCTTTTCTTACAATACAAGTTTCAGAAAGTCCTGAACCTCTACGTCTTAAAACAATACCTTCAAATTTTTGAATTCTTAATTTGTTGTTTTCTAAAATTTTGTTATGGAATACAACAGTGTCTCCAGGACCAAAGTTTGGAATATCGTGCTTTAATTGCGAAGACTCAACATGTTTAATAATATCAACTTTATTAACGTTTGCCATTTTCTATCCTTTCTTTTCTTTTAGATATTTTTGATATAAATCTTTTCTAAATTTTTTAGTCTTTTCAATTTGTTGATTTACTCTATATTCATTGATTAATTTATGATTTCCACCAATTAGAACTTCTGGTACTACCATACCATCAAATTCATATGGTTTAGTATAAACTGGATAGTCTAATAAATTATTCTCAAAAGATTCATTTATCAAACTTTCTTTATTAATAACATTTTCTATTTGTCTTATTGTTGCATCTAAAACAACAAGTGCTGGAAGTTCGCCACCAGTTAAAACATAATCACCTATTGATAATTGAACATCAACATATTTATTAATTCTTTCATCAAAACCTTCATAATGACCACATATAAGAATAATATGTTTACATTTTGAAATCACTTTTGACATCTTATTGTTAAATTGATATCCACTAGGGGTTAGAAGAATTGTTAAACATCCTTTAGTTTTAACTTGCTTTAATGCATCAACTATTGGTTGAAGCATAAGAACCATCCCAGGACCACCACCATATGGAGTATCATCAACTTTGTTATGCTTATTTTTAGAAAAGTCTCTAAAATTTATAATCTCTATTTCAACAGTATTTGAATTTAAAGCTTTTTTAATTATTGAACTATTAATATATTGATCAAACACTTTTGGAAATAAAGTTAAAATTGTAAACTTCATTATTTAGCTTTTTTAGTTTGAACTGCTTTTTTATTAGAACTTGCACTTTTAGAAGTACTTGTTTTTTTAGTTGAAGTTTTAGCTACTTTTTCTTTTTTAGGTTTAGCTAATTTATTTTGTAATTTTTGATCATGAAACTTCTTTCAAATTCCTTGTTTTTGTAAAATGTTTCTTGCTGTATCAGTTGGTTGAGCACCATTATGAAGGAATTTTAAAATTGCTTCTTCATTGATTACAACTTTATCATTAACTGGGTCATAAGTTCCAAAAGACTCAATATAAGCACCATCACGTCTTACACGAGAATCCATAGCTACAATTCTATAGAAAGGAAGTTTATGTCTACCCATTCTAGTCATTCTAATTTTTACCATTTAATTACTCCTACAATCAATAGTATAATTATACACATTTTTAAAATAATGGTTAAGTTTTTTTACTTAACCACATTATGATAAATAAAAAATTAGATAATAAATAATGTTTTATTAAATAATTTATACTACAATATAAAGTACTATTGGAGTTATTAATGGAACTATTTGAAAAGCTTAGGTTGATAATAAAAAATTCAAAATTTATTTCTATTATTTCAATAATTTACATAATAATGCTGGCTTTGTACTCTGTTATCATAATTATTAATAATCAATTACGTTCCCAAAATGTTCATGTTACAACTGATGGAGAAATAGTAATAAACGGACCAGTCCAAACACTTCCTGTAGGAATTATATTATTTGCTCAAATTTGTTTAACTATAGCAATAACTCTAATTGTTTTATCCTCCACATTAAGTATTAATGTTTTTATGAAATTAAAAAGATTATCTAAAGATAGTGTTCACGGACAAGAAATATATGACAACTTAATTATTTGTAGTTTTTTAAGCATAATATTTTTTGGATTTATATTTTCTTTCATCTTGTGAATAAAAAGTGTTAAAGTTTCAAAAAATCTTGAAAATTATTATGATTATGTTGATTCATTAGAATTTAATGAAAATGAAGTAGAAACTAAAAAAAGATTTAGTTTTTTCAAAAGATTTAAAAAACAAAAAGATGATTTTTCTAATGATGAAATTGATGACAACAAACAAATAGAAGATTGAAATATTAGAGATGATGATTATTATATGAATTCTGATTCTTATTATAATAATCAATATCCTGATAATAACAAAACATATAATTCTACCCAACAAAGTGATTATCAAGAATCAAATGATTTATATGATGAAATTTATGATGATGACGATGACACAATTTATCATTATGATAATGATTATGATGATTATGACAATGAACCATATCATGATGATGGATTAGGTTATTACCAAGATAGTCAATATGGCGATAACAATGATCATAGATATTAAAAAACTTACAGTAATTAAACTGTAAGTTTTTTTAAGCTGTAGTTAATTTAATTAATTGAAAATAATTGATCTGAGTTTTTAATGTTTTTATTTTCTTTTACTAATAATTTAAATTTATCATCTTCACTTAAAGTTTCTTCTAATACAATAACCACAATTGTTGTATCATATCCAAGTTCTTTGAGTTTTTCAAAATCAACTTCTGCTAAAACATCACCTTTTTTAAGGTTAACATTTTCTTTACCTATATATTTTGATTTAAATATTTTGTTATCTTCTCCAAGTTCAACTGTGTTAACTCCAATATGTATTAATACACTATAACCATTTGCTTCAACTATATAAGCATGACCAGTTTTGAAAGCACTTAACAATTTACAATCATTATTAATAATGATTTTGTTTGTTTTAGGTTCTATAGCTAATCCTTTACCCATTAATGCAAACGTTGTATCAGACATATTTTCAAGTTTTATAGTTTTTCCATCAACTGGAGAATTAAATATTAATGATAATTGTTTTGTTCTATCTGCTTTAACATTTTCTTTTACATTATTATTTGTTTGTAATGTTAAATCTTGGTTTTTATTTTTTATTATTTGATCGTTAAGCAATTCAGCTTCTTGACCTATTATTATTTGCACAGATTTATCAGATATCTTTTTAAAACCCATTGCACCGCTTTCGTGAATTAGTTTTTCATCAACTTTAGAATAATCTTTTATTTCATATCTTAATCTTGTTGTACAACTTTGATAATTTGTAATATTATCTCAACCCCCAAGACCTAGAATAATTTTTTTAGCTTTATTTGATAAAGTATTAGTTGAATTTATGTTATCTTCTTTTTTATCTTCTTGTCTTATTATATTTTGTCCTCTACCAGGAGTTTGTAAATTCAATTTTTTAATAATTAAATTTGAAATAAAGAAATAAGATAATCCACAAACTGGTCCAATTACAAATATTCAACCAGGATTTGCAAACACCCCAACAATAGAACTTATATGTGTTGCTTTTGCATCAGCTATCTGAACTGATTTAGGAATTGATAACAAGTAATCAACAAAACCAGCACTAAAAGAAAAACCTAACTGAATT
NZ_CP129197.1_gap5	165252	166335	1083	ACAATAAGCAAAATACCTGTTAATATTCAAGATACCACATAGGTTCATTTCAAAGGATTTCATTCTTTTAAACTTCCTATTTTATTTTTCATAACACCCCTTTTCATAATACATTAAAAAAAGTTGTATATATAAATTTTATTAGATAGTGTTTTTTATGCATTTTCTTATTAACTACTAATAATAAAAAAATTGGATTATTTATTGATTAAAAAATCCAATTTTTAAAATAAATACAAGCATTACAAAAAATAAAAACATTATTGATTTATGATCATTATAATTTAAATTAATAATTTTAATATAAATTTTTTATATATTATTTAACTTAATTTTATTAAAACCAAAAAACAGTGAACCTTTTAATAGTTTCATGTCTATTACATAAAATTGTTGTTTTACTTCTAAAATTTTCACAATCCAATTATTTAAACATTTTTAATTAAAACATTTTTTATATAGATATTTATAATTGTTAACAACTATAACTAACATTTATTGTCTTTTTATTTGAAAACAAACATAAACAAAACAAAATAATTAAAAACTTTTTTAAACAAATATTTTTATATCTAAATCATAATTAGAAAAAAATAAAACAATATTTTGCTGGTACGCAATTTATAATTTTTAACATTGTATATTACTAATAATAAAAAATGGTAGTGCATTGAAATATAAACTAAAAACTAGTTCATAAAATCACTACATTACCACTTTAATTAAAATTTTTAAATAATAATATTTTATTTCTTAATTTACAAATATTTATAAAATTAAATTATTTAAAATTTTTAATATTATCTAAATAAACAAACGAACCATATGTTTGTATATAATCCAAAAATAAAGTTTTATTGTGTTTATTTACAATTTTTACCTTTAATGGTTTATCATTGGTGTCACTAGTATAACTGTAAAGAACAGAATTATCAATTCTTGTTTCACTATAGGTGTCAATTGTAGCCACAAACTTGTCATTTACATATATATCAAAAGCAGAATTTGATGAATTTTTTTGACCAACTATGTCAAAACCACTACCAAATAAATAGAACTCTAAACTATCTCCAATAGTTGTTG
NZ_CP129197.1_gap6	219498	221203	1705	CAATTTTGGTACACCATATTCATAAATTAATTCATATGCAACATCTTTTCATAAACTATCATAATATGAAAAAACACTTGGCCTTACAATGTTTTCATGTGCAAATAATCAATCTTCAAAAATACTTCTATCAAAAATAGTAATATTTTTGTTATTACAATTATTTTTATAATTTTGAAATCTATTCAATACAAAATACAATTGGAACAAAGATCCAAATAGTAAGTTATTTTCTCTTTCATACATTTTTTGCAATAACAAATTCATTAATTGATCTTCATCATTTAATTCAAACACTATTTGTGAATCTTTAATTGCTTCATTAATTTTTTTAGCTAATGTTGATTTACCAAAAGCAATCATACCCCCAACAACAATACTATTTGATATCTTTATTTTTTTTAAATCAGGTTTTAGTGTGTTAATGTTTGTATCTTGAATTGTTTTATTATTTCTTTTTTTAAAAAATGTCATGATAGTTCTCCACAATTTTTATAAAAATAAGTAAGTAATAAAAAAATTAGTACATAAAAGAACTAATTTTTTAATTATTTAATTTTAGCGGTAAATTAGTTACCACGTAAATTAAGTTTTTTAATAATTTCACGGTATCTATTAATATCAGTATTTTTTAAATAAGTTAATAAAGATTTTCTTTGTGAAACCTTTTTGTATAATCCTCTTTTTGATATATTATCTTTTTTGTTATCAACTAAGTGGTTTGTTAGTGATGAAATTTCAGCAGTTAAAATAGCAATTTGAACTTCTGTTTTTCCTGTATTTTTTTCATTACCACCAAATTCTTTAACAATTTTAGCTTTTTCTTGTTTAGTTATAGCCATAATATTTTTTTCCTTTCATAAATATACAATAATGACAAAGCGACCTTAACTTAAGGAATAAAATTAAGACAATGTCATATAAATAACATTAATATTGTATATCATAATTTGATTTTTCATAACTTATATTTTAAATATTTGATTTGTAAATTAAATTATTATTCTAACCTCTATTAGAGATAAAAAAATGGTAAGTTGTTTGTTTAAAACACCTGTACCATTTCATAAAATATATAAATTTAAATAATTGATAAATTATTTTTTCTTTTTATTTTCTTTATCTTCTGAATTATCTACCACTTTTTCATTTGTGTTTTTTTCTTGATGATTATGGTTTATTTTTTCTTGTTCATTCGAGTTTTCAATTTGATCAAAAATTATTTCTAATTCATCATCTTTATTTTCGCTTTTTTCTTTAGATGAAATTTTACTTTTTTCTTGTTGTTCTTCTATAATATCTTTTAAATGTAATTCATCCAATTTTTCATCAATAATTTCATTACCAACAATAAAAGTAGTTTCACTAGCCTCATCATTTTCATCATCCAAATCGATATCAATTGTTGAATCATAGTCTTTTATCTTTTCATCAGCAGAATTAATTTTAAGTTTATCTTCTAATAAACTCATGTTGTTTTGATCAACTTCAATTTTAATTTCATGTGGTTTTTCAGATTCAATTTCATGTTTCTTTTTAAATAAACTAAATCATTTTTTAAAATTAAATTGTTCAACTTCTTTGGCTTTAAAATAAGCATAACCATCATATGATTTCAAAATGGAAACTATATATAAAGCATTTGGATCAATTTCTCTTGTATATTTTAAAAGTTTAGCAGCATCCACATACATGCAATTTGTTG
NZ_CP129197.1_gap7	227555	228724	1169	CCATTTTCACAACGTTTTTATAAAAACTTAAATACACTATCAATATTAAAATAAGGAAATAAATTTTAAAATCAAAAATAAATAAATTTGATAATGAAGCTATTTGGTTAAGTAAGTTTATAAACAAAGGATTATAAAAAAATAAAGCAATATATGAAACAACTAATAATCCTGATTGGTTTCTATTAATTTTTTTAATTTTGATAAAAGCATACAAAACCCCATAAGCTAAAACACCTGTATAAAATATTCAAAAAGATATATTTATACCCTTAACTAAAGCTTGATCTTTATTACTTGTAATTATTGCAATAAGCGAAATATCTATGACAACTTTAGATTGCAAAATCAAAATTACATAAACTAAAACAAAAATAAAAAATATAAAAAACAAAAAATATCTGATTTTATCTTTAAAGAAAAGTTCAAATTTTCAAATTAATTCATAATATTTTTCACTATTTTTTCTATAAACAAAATGAAAAGAAAACAAAACAATAAAAACACCAAGCAAAATAAATGTAACAACTAATTGAACATTTACAAAGAAAATTGCACTTGTAAAAACAAGATATAAGAAAGTTCTAATTAAGTTATCAACAGCAAAAGAAATACTTTTACAATATGAGGTAATAAAAAAGAATACAAAAATAACAGCAGCAAAAAATACAAAATTTGTATTCAAAAAAACAATAGATATAATTCCTGTATTTAACAATAAATGTTTTCTTTCAAAACTTTTATTAGTACTATTTGATACAAGCAAATCAACAGCTAATACCAATACTATTAACAATATAGATACAAAACTTATAATCGAATCAATGTTATTAAAAACAAAAAAACTAATTACAAGACTTAAAAACAAAGTTCCAATAAAACGATAAGTATAAAAATAGTTCTTAATTTTTACAATAGATAAAATAGCACACGTATTTAAAAAAAGAACAACAACCCCAAATGAATATTTATAAAAACTATTAATTTTTGTTGCATCAGTTATTTTAAATATTTTTAAAATATTGTCTAAAAAAACATTTTTAAAAATAGAAAAAACATTTTCATTATTACTAAGTAAAAAAGGATTGTCTTTAGAAAAATAATTTGAAAAAGGACTTAAATCAAATATTACAAATAACAAATAATATGAAATAGATATAATTAAAACC
NZ_CP129197.1_gap8	231137	235826	4689	TTGGAAATGCTGTTTGTGGTGAGGTTTCTGCAACACTTTTTGAAGAACTAGACTCTTTTGAAGGAATGTATTGACCTCATTTATCTGTTAGCCCATCAAAAGATGAGTTATAGTACATATTACTTAAAGCACTATTTATTCCTTTAACACCGTTGTTACCATTTTGTGCTGTGGTATTTGGTGTTGAGTTTGATCCATTTTCTAAATCAGTTATTAACTTGCTTTCACTCTTAAACTCTAATTTATCAAAATCAAAATCATTAGTACCAATATAATCTTTTAATATATTATTTTTAATAACATTAGATAATGAATTACTATCAGAACCAAAAGCTAATAAAACAGCATTTAAAGCATTATTATCACTATAAATATATTGACTATATTTATAACCAGAGAAAGAACTTGATTGGTTTGTTACACTTAAATTAGTCATATATGTAGTTAAAGCATCCGTGAATGTTTTTTTAGCACCACTTGTATCATCAAATAAATCATAAGTTCCTTTAACATATGAAGAATATGTAACATCAAAATAATTTGGATTTTTTTGAAGTTTATCTTCATTTTGTGATGGAGATGAGTTACTTTGAGTAGTAGTTTGACTATTTTTTGCTTTTTCGTAAACTCATCCAGAAGCAAAACCATTCTTTTTAGTATTTATACCTGTATTAACTGAAAATTTAGATTTTGCATCATACATTTTGGCTTGATAATCTTTAACTCTATCAACTTTAGTGATTAAGAATTGATAATTAACTAATTTATCAGCAAAAGTAACATAATTGTTACCAAGTAATTTTTTCATTTCTTGATCATTTAAATCAAACATTTTTATTTTAGGTGTATCTTCTTTAGCGTTTGTTCCAGCATTATTTTGATTGCCCATTAAATGTTTAGCATATTCATAAATTAATCAATCAGTATTGTTAGAATAGAATGTACTTAACTCAGATTTAAGATCAATAGACATACCATATGTTAAATCTTCATTAGAGTTTTTTAATTTAGAATAATAAAATACTACATCACCAGCACGTTGTTTATAATTTTTAGCTTTTTGCGTTTGTGTATCATTTTTTCCAGTTCCTGCACTTCCATTTGTATATCCATCTTTAATATATTTAGATGCTTCTATACCAACAGCATGAACACCAGCTTGATTTCTAATGAACATAAAATCATTTAATTTATCAGTGCTTGTTCCTCTAAATGAGTCAATTGAATAAACAGTTCCACCATTAGTTGTTAAATCCTTTAATGGACCATTTTTATTAACTATTTGAGAAACCAAATTACTAGAATATTTAATTATTCCATTGATAGTGGTTGGCATTTGATTATTAGTAGATGAACTTGTTCCATCTTTTCCCGTTTGAGTTCCACCACCATTACCACCACCATTGGCACTTGTTACTTTATAAACAAAGTTACTAGTTATTGGGTCTAAACCACTTTTTGAATTAGTAGAAATACCTTTTTCTAATTTATTATTAGTTGTTGATGACTCGGCTCTATTAGTACCTTGTTGAGTTGAGTTTGCTAATTCACCAAACAAATAAGAACTAGCTGCTGCAAATTCAATATATAAATCATTGTAAATAGAACCATTTTTAGCAAGAATTAAAGTTGCTGAATCATCTGTATAATTCTTACTAATTTCTCTAATACCTAATTTATTTTTAGTTGTATCCTTTGATAAGAAATTACCGCTGGTACCATTTGTACCTGTTCCACTATTTTTAGCATCATTAACAAAATGAGTAAACTTATCTAATGTACCATAACCAGTGTTTGTTGCAACTGCATTGTTAAAATATGGATATTCATAAGTACCACTAGTTATAGAAGTACTAGAATCTAAATTATAAAAATTGCTCATCCCTTCACTACCAGGAGTACCATATTTTCATAAAGACATATTTACAACAAAAGGGTTTTCAATTTCAATTCATTTATCATATATGAATTGTTGAAAATCAGCATATGCTGGATCAGAATTTTTATTTTGCCCAATTAATTTTGTATCAGCACTAAATCCAAAATGATATTCACCAGTTAAACCTTTAAGCAAGTCAGATTCTGAATTACTTCTAATTACCTCATTACTAGAATTTAATAATGCTGAATAATCAGAATTAAATAATTCACTTGATAATCTATTTTTTGCTCAAGATAATAGTTGTTTTTCTTTATATGCTTGTTCAGTTCCGCCATTTAAATCTAAAAATTCTTGTTGAAATTTTAATTCTCAATCAGCACCATTATTATTTTTATAAGAATCTATTGTGCTTTTAAAACTATCATCAATATTTTTAATTTCATTATCAAGATCTCTTTTTGTTTCTGGATCAGTTTTTGCTAAATTTTTAAATCATTGTAAAGCAAGGTTTGATGTTAAATATTCTTGATAAGCTTTTTGACCAGAATCTGACTTTAAAGCTTCCGTTGCAACTTTTTTAATATTATAATCTGTTGCAAACTTAGAACCATCACCTTTAGAAATTGAATTTTCAATTAACTCTTTATTAACAGAAGAACAAGAAGCTAATAAAATAGCAGGAGCAGATAAAAAGAAAGCACTTGATAAAACTTTTATTAATTTTAATTTTTTATTTTTAATTTGTTTTTTCATTATCTATCTCCTGTATGTATTAGTTTTTTTAATTAGTTGTATCTGGTTTATAAATTCAATTACTTACTCAATCAGCTCCTAATTGATTATTTAATCTTATATCATTTACACTTACTTTTCTACTAGATAAGATTGAGTTTAAAGCCATTTGTTGAACACTGCTATTTGTTGCAGCATTTATTAATAAGTTATAAACTATTTCACTAGCTTGATTATTCATATCATTTGTTTCTGTTTGTTTACCTGATGAATTTGTTCCATTTATTTTTTGAAGTTTATTACTAATAGTTATTACTAAATTTGAAATGGTTGCAGTATTTTTACCATTGTTATTACTACTATTGTTAATGTCTTTAGAATTTATTTGAATTACTTTTGCTCCATATTCTATTGCATTATTTCCATTAGAAACATCTGGAATTGGCGTAACATTCATAGTTGAATTAGTATTACTAGATCCACTTGCATATGTACTAGTAGAATTTGTATTATTAGCATTACCAATATAACCACTTCTCTCGTTAAAATAAGTTTCTGGTATGTTACCATTATCTTTTACTAATTTACTTAATAATTCTTTTTTATCTTTAAGAGTTGTTTCTTTACTTATAATTTTACTTATATTTAATGATGGAATTTTAGATTTCAAATTGTTTGCAATTGATTCAACTTGAGATGATGAACCAAGTGTCATTATATATTTTGAAAGTTGTTCTTTACTTTCATATCCATATAAAATTCCATTACCACTAGCATTATTTGCTTTTTGATTTGAAAATAACCTAGATGATATAACTGATGATAAGCTATTTGAAGTACTAGTTTGTATCCCCATAAATCCTAAACTATCACCAACCACTTTATAATAATTTGATTCATCATTGAATAATGAACCTTTATTATTTAATAAAATTCCACTGTTTGTTGTATTTGCAGATTCTGAACTACCAGCTTTACCTGCACCACCAGCACCACCTGTGCTTCCAGATGTAGTTGAAGAATAATTACCAACATAACTTGAAAAATAACTATTATTTATATTTTGTGAAATATTTTTAGCATCAACTAAATCTTTTACTGTTGCTTGTTTAGTTTCTTGTAGTAATGTGTTTTGAGAATTTTGTCACGTTATATAAGCTTCAGCACCATATGGAATAATAGCATTAAGATAATCAATGAAATACTTTCCATCATTTTCTAAAAGATATTTAGTTGTAGCAACAATAGTATAAAGATTGTTATATTCTAAACCACTTGAACTATTTTTTATTTTAGTTTTTTCTTGTCATAAATATTTTCAATATTTAGCAAGATTGTTTTTATCAAATGTGGTACCATTTGTATCTTGTTTTTCAGCTATTTTATTTTGTGCAGTGAATTTATCTCAATAATATCAATTTAGTTCATCAGCTGTGAAAGTATTGCTAAAAAAATAATTACTTAACCCTGAATCTAAATAAGTATTTGCTCCATTTAATGTAAGTTTAGATTGGGGATTGTTATTACTAGAAGATTTAAAACTTAGTTTTTCATAATCATAAACGTCACTAGTGTAATCTTTTAAAATTGATTCCTTTTGAGCAAATGATAATGAGTCACCATCTGTACCAAATTTAAGTAAAGCATAATTAATTAATCAATTGTCAGAATATACATATTGACTATATTTAAAACCTTCAAAGTTGCTTGTTAATCCAGTTGCAAAATTAGCAGAGCCAATATATGTATTTATTGAATCTTCTAATTTTTTATAAGAACTTTTATCGTTGTTGTTTGCATCTGCTTTTTCACTAGGTGGTGTAGAATTTTCTGGTTTTGTAAAAGGATCTGAAACTAATCCTGATTGTTTTGCTACATCAAAATAATAATTTGATTTATCACTTGCATTAGTTGCATAAACTCATGGAGATGCTAATCCATTTGTTTTAGTATTTGCTCCATAATTTTTAGAATATGTTCTTTTAGCATCTATCATCTTTTTATTGTAATCATCTACATAAGTATATTTAGATAATTCAAATAGATAAGTGTTTAATGCTGATAATAATTTTTTA
NZ_CP129197.1_gap9	238473	240647	2174	GTTTCAAACTATAAATATCATTTTTAATATCGCTAGTATCAACACCTGTTCTAGCTTTGATTAAATCAGCTAAATCATTTGCTTGTGTATTACTTACAATATTATTAATGTATTTTGTTAAACCTTCCCTATCTTTGAATGAATAGAATAAACCTTTTTTATCTGGGTTATAATTTGTTGGTTTTGTAAATAGAATTTCTTGAATAGTTGTTGGGAATGAATTTGAATCAGAAGTTTGAATTCCATCAAAACCTAGCATTCCATTAGATATTTTGTAATAATTTGAACCAACATTAAACAATGAATCCTTAGTATTATTTTTTAAATCATTGTTTGATGTGGTTGGTGCACTAGCTCTAGCTGATGGAGCCGGAGGAGTTGCACTATTTGAACCATTTAATAAACTATTACCAACATATCCTGAGAAATAACCATTCTCAATATTTTGTTTTATATTTGCTGCACTTAGTAAATTCTTTTGTTCAAGTAAATTACTTGTACCATTTGCTGTTGTTGCTGAACTTTGTGTTGGATTATTTTCCATATAAATAGATTCATTAATTGAATTAGTTCAAGTAATATATGCATCCTTGCCTAAAGCTACTTTAGTTTTAAGATAATTAATAAATTCTTTAAAATTATCTTTAGCTAAATAATCTATTGTTGCATATACAGTTAGCATTGAATTAAAAGAATCAATATCATTATTGTTTTTAACATTTTCTAATCATAAGTTTTTTCTATATGTTCTTAATTTTTCAACATCAAATTGATTATTAGTTGTTTTTTCAGTAGATGAACTAGATTTTGAAAGTTCATTATATTTTAGTCATTTTCCAGTAGTTAAATTATCAAATACATTTGAAAAGAAATAATTGTTTAATGCATTATCAACATAGCCATTTAATGTTGTAGCATCTGTTTTTGTAGTTAATGTACTTGTAGATCCATTTTTAAATCCATTATACTTAAATTCACCATCACCATTGAATAAATTTTTTCAATTTTTATTATAAATACTAGCTCTAACAATAGTAGAAAGTGAAGTATCATCAGCATTCATAAGAACATAATTCATTTGTTGATTATTTGAATAAACATATTGACTATATTTATAACCACTAAATGATGATGTTTGAACCATTAAAGAATCAGTAAAATTTTTTACACTATCTTCAAATGTTTTTTTACTTCCATTTGATTTAAAATAAGGATCAGCTGTTGGCACTGTATCAAGCAACTCATAATCATAAATACCTGAATTTGATTTTAATCCATAAATTCAAGGAGCAGCCAAACCATTCTTTTTAGCATCTATTCCAAAATTAGAACTATATGATGATTTAGCATCATACATTTTTTGTCTATAATCTTGTCTTCTTGTAGAAATTGAAGTTTCAAAATTATACTTAACTAAATTTTCAATTAATGTTTTTTCATTTGCATTAGAAAAAATAGAATCAATTTTTGGAATACTTTTGTCATTAGTATTTAATATTCCATTACTTGTAGGATTCATTTTCTTAGCATATTCAAAAATTAAATAGTTAAAGTTATTAGTTAAATATCCAAGTAACTCACTTTTTAAATCTATAGAAATTGAACCAATAGAAGTGTCATCATTTCCATTTAAATTATTCATGTAGTGAAACAACACTACATTTCCAGCTCTTGTTTTTAGATCTTCTATTGATGTTGCCTTATTTATATAAGCACCACCTTCAATAGAAACAGCTCTAACTCCATCATTATCTCTTATAAAAATAAAACCATTCACATTTGATGCTAAAAAACCATCAACTGAAGTTAATGTTTTATCTCTATAGCTTGATAAATTTTTAGAAGAAATAATTTCATTAACAAGTTCAGATGATAATGTTACTTTTGCACTACTATTTGTGAATGTTGCATTATTTGAATTAGTTGATGATGTTGCTAATGAAACAGCACCTGATCCACCACCTGAAGTATTATTATTACTTCAAATAAATTCATCAGTTATTGGATCTATATTAGTTGTTTCCCATGAAGTAGCAATAGTTTTACTTATACCATTCTTATTAGTTATAGGTTTCGTTGTTTGTTTTCCATCTTTTGGTGGTTGCCCATTAGAAATATTTACATCTTTATATAACATAAAAGAAGAAGCAGCAGCTAATTGGATACTACTTAAA
NZ_CP129197.1_gap10	270531	275370	4839	TCACTTCATAACCCTTAGAACTTAAAAAACCATCATAAGTAAATGTTTTCTTATAATAATCAGTTTCAAATCCAGTTGGTAAATATTTTGAAATATCAACAGTAACTTTTAAAGTACCATTTTCATCATCAACAACTTTTTGGACATCTGATTCTTGAAGTTTAATGTTATTACCATTTTTATCTTTCATATTGATAACAACAAAATCATTAATAATTTCAAGATTAGTTATATCACTTGGATATTTAATAGATTTAAATTCATTAATTTTGTCGTACTTAATATTATTAACACTATCATTTGTTTTTTCAGTTACTAAATGGAATATACCTTCTTTTTTATACATTCCATCAACAATAGTTTTAATATTGAATGATGCAAAATCATCTGATTTGTCTGTTCATCATTTTTGATATTTAACTTGATAATTTACAGTAAGAATACCATTTTTATCATCACTTTCAGTTGTTGATGATACATATCAAGCTCCCTTATTAGGGTTTCCTGAAATTTTTAACAATCTATTTAATTCATCTGTACTTACAGAACTTGGTGCTGCATTTTTATAAAAACCTTGATTTTTAATTTCTGCATTTATATCATTGTAATTTCTATAAGGTAAATCAACTTTATTATTAAAATTGTTGTCCTTAAAATAATATCCTACTGTTTTTGTTACATCATTTTTGTCATAAATAATTATTGGAGATTCTGTTATTTTAGTTTTAGAAAAAACAGGACTGAAAGTTTTTACATTACTAATTGGTTTAGATTCTCCGTCACCAGCAATAATTGTATAATATTTCAACTCTGATTCAGAAAGATCTGTATAACCAACAGATGCATTACTTGAACTTCAAATGTTTGATGTAATAACTCTTTGAGTAACATCATCATAGTAAAAAGAAGATACGTCTTGATCTAATTTTTTAGCTTTATCTTGCATATCTAAAAATTTATTTATAGATATTGTTTTATTAGATGAATCATAATCAAATTTATAAACTGCATTACATCTTCCTGCAATAACAAAAACAGATGAACTTATATTTGCATTATCATTATTAGCATAGAAACCATATTTTGGTACAGCATTTAAATCTTTTGAAACATCTGAAAATAAAGCCATACCATACTTTGTATTAATTGAAACAGGTTGTCCACTTGCATCTATAATAGGTTTTAAATTATCATCCACTACAACCACTTTTTGTTTAAAACCATCTTTATGCTTATCTGCTGTTGGTTCTTCCCCTGTTGGAGCTGTAAGTAAAACAAAGTTAGCATTAGAACCTTTTTTACCTTCAACAAGTGCTGTTAAGATTCAATCATTTGCTTTTATTTTTCCATCTTGTACACCAAGAGCATGTGAACCTATACCACTAAAAGAACTTATCCCATATGTACTGTTAATTGTAATTTTAGATGTAACTTCACTATATCCAGCTTTTTTGATGTTAAGTGTTGGAAAGTTATTATTAGTATTCATTTGTCCATCAACAGTTGCAATAATGTCATTGTTTGAATTTTTATATAATACAGTAACACCATCAGCAACTTTAGTAGAGTTACTTAATGGATCAACAACATTATTGGCATTTCTAATTGGACTAAAAACTAATCCTGTTGATGCATCAACTGCAAAAACAAGTCCATTTTTATAAGCATTGTCTGTAGTATCTGAAGTTAAAATAACAATTAAATTGCTTTCTTCTAGATATTTTCAAGAAACAATTTTTACTGATTTAGTATCAACACCTGGATATTGAGCATTATAAAAAGAATTAAAATCAGAATTAGTGTCCAAATTCAATCTTCATATTTCAACCCCTTCATAAGCTGTCATTATCAATTGTCTTTGATCATTAGAATATCCAATATATCCACTTTCAGTTGAAATCGGTGCAGAATATTTATTATCTGCAATTGGAATGTAATCAAATTGATTATTAGTAGCTTGTGTTTCAGCAGAGTTTAATTTTTGTTTAGCAACAAAATTGTTTTTTGTATTATTAACGATTTTATTACCATGTGATGAAACTACATTACCAACAATAAAACCTAAACTTCCAAGAGCAACTGATACTCCAAGAATGTTTGAATAAGTTTTCTTTTTAAATTTTGGCATAATTCCCCATTTTAAAAATAATCTTAAAACTGGAAGTTTAAAATTATTTTTATAAATATAAGTATTTAAAATTCACTTATTATCTTTCAATTATATTATATAAAAATAAAATATTCTATTATTAATAAAGAACGACCTTTTTTATATTTTTTATAAATGTTTAAAAAAGCAAAAAAATAGATTTAGTAGTTTATATAAAAAATAATAAAGACAATAAAATCAGTAAGTATTTAATAATACCCACTGACTTAATAAAATTAAGTTTAATAAAATATATAAGTTAAATTACATTAATGTAATAATAAATTTAAAATTTATTCATATTTTTTCTAAAAAGCATTCAAGATAGTAAACATTTCAAGGCGTAAGATATTCAATTAAAGCACTTGGATCAAACTCTTCTTTTTTGTTGCATATTTCTTTTAAGCTATTTGTATACCTGAATCAAAGACTTTTAAATCCTTGCTTGTTTATTACATACCTTGGTTCTAATAATTGATATCAAAATGCCATAGAAACAATTAACTGATTACCTTTATATTTAAATTTTTCAATTTCTACTTCGTTTTTTTTACTTATTTTAGTTACATATACTTTCATGCATTTAACCACTTTAAATTTTTATTTCGATTATATAAATAATAACATTTATTAATAAGATTTTTAAAGCATTGAAGACACAAATTATTCAAACGATGATTTTAATGTTTCATAAGCTTTATTTATAATTGCCATCTTTTCATTTGAATCTTGTTCTTTATAAATATCAGGATGGTATTTTTTTGCCATCTTTTTATAAGCGTTTTTAATTTCATCAATAGTTGGGTTTTTTGATGAAATATTTAAAATTGATGCGGATTCTTCAAATGTCATGTGTTTTAAATTATTCAAAGAAGTTTTTTTAAATTCTTCATCATTGCTTTTTGTTTTTTGTTCTTGTTGTTTGTTTTCTTCATTATAGTTGTTTGTTTGGCTGTTACTGCTTTTTTGTTGGTGGTTATTGTTGAATGTTTGGTTTTTAAATCTGTTGTTATAGTTGTCGTATATATATGTATAGTATTTATTTATTTCAGCCAAAACAGCATTATATATAGTATCTGATATATAGTTATATATATTATTAATATCAATTTTTTTATTAAAAAAAGCAACTAAAGGATTTGATAAAAACTTTAGTTTTTTCATAATTTGGGGAACAAAACTAACATTTAAATTTTTAATAACATTGATAACCAAATTCATTTTGGAATCTCTTGCATCAAAACAACCAAAATACATAAAGTGTTTTTCATTATAAAAATATAATGCATTGGCATATTTTGGAGAATTATCATAAGATTTATAATCCATTCTTTTCACACCAAAATATTTAAAAGATTCAAACTTATAATTACTATTAGATATTTTAATTTCTTTTAAAATTTGAAAAAAAACAAATGAAGTAATTCAAAGTTCAATATTATAAGTGAACTTATTTTTATAAAGATTTAATATTGTAAATAGTGCACTAAAATCAATTAAATTATTATTGCTTCATTCTATTAATTTTGAAGATAGTTCATTAGGACCGTTTTGGTAATTTTCATTAATCAATAAATTTATTTCATGATGGATTTTGCTATCTTGAGTTGGAACAAGAATTTCATTAACTAAAAAATTATCAATATCTACACTATTATATGTTTTTTTGTTTTTCTTTAGTGGAATTCATTTTTCAAAATTTTTCTTTAATGTTATCAAAAATTTTAATTGGAATTTTCCACCCTCTTCTTTAGAAGTTATTTTTCTGTTAAGGTAATAAAACAAAAAAACACCGACACCCAATCCTAAAAGTATTAAAAAGATTATTATAAAAACCATACTAATTCCACACTACGTAAATATATAAATATAAATTTAATTAATTTTAATAATAGTGATAATAAACATCCATAAATAAAATAACTACAATATATTATAACAATAAATATTTAATAGATAAAAAACTAGGACTTTAAAACCTAGTGTTGTTTTTGTCCTAGTCCATAATTTAACTTTCTTTTAATAAACCAAAATAAGAAAAAGAAATGTTATCATTAGATCCATTTGTTATTGCATTACTAACTAATTCATCTGTTATAACTTCTTTATTTGTATCATCACTAATTATGTCAAACAAATTGTTTAGCTGGCAAAAATTATAAAAACCATCTGATGCTAAAAAAATAAAATTGTTAGATTTTAATGGAATGCTTAAATAATCATATTTTTGTGCCATTTCTGTAGAAGCTGAAATTGAATTAGTAATACTATGTAAGTGCTTTTTATATTTCATTATTTCATCATGAGTTAAATTTAAATTTAACAAATGATTTAATAAATTGTGATCTTCTGTTAGTTGTGTTGCTTCTTTTTTATCAATTAAATAAGCTCTTGAATCACCAATTCAAAATACATGAACTTCTTTTTTAATAATTAAAGCCAAAACTAATGTTGTAGCCATATTCATATGTCTACCATTATCTTTAATGTGTTCTTTCATAATCATTTTGGCTCTTACTATATTTTTTTCAAATCATTTTTTAACATCAATAGAAATATATTCAAGCGACAAAAAACTTTTAGAAAAAACTTTAGATACTATTTCAGATGCTTTGTCACTTCCCTCATAACTTCCAACACCATCTGAAACAATTAATAAAGAATCAAGTACTGAATTAGTGCCAGATCAA
NZ_CP129197.1_gap11	277139	279554	2415	TTTAATATTATTAATTGTATAAGAAACTTTATCTAAGGTATATAAAATGTTTAAAAAAATAACTCCAAAATCAGAATGATTAGTATTTGATGATAATCCCATCATGAAGCAAAAAGTTGAAGAAGTACGTTTACCTTTAAACGATGAAGATAAAGATGTTATTTCGAAAATGATAAGTTATATAGATGCTTCATATGATGGAGAATTTAATAAATATAAAATAAGACCTGGAATTGGGATAGCTGCCATTCAACTTGGTTATCCAAAACAAATAATCTATATTCATTTAGATCAAGATGAAACAGAACATAAATATTTATTAGCTAATCCAAAAATAATCAAACAATCTTTAAATAAAGCATTTCTTCCATCTGGAGAGGGTTGTTTATCTGTAGACAGAGATGTTAAAGGATTATCAATAAGAAATGAAATTGTAGTTGTTGAAGCAATAGATTTATTTACAAATGAAAATATCACAATCAGAGCAACTGGATTATTATCAATGTGTTTACAACATGAGATTGATCATAACAATAACATTTTTTATTATGACAGAATAAACAAAGAAAAACCTTTTTATAAAGATAAAAATTGAAAAGAAGTTGATAGATAGTTTTTAACAAATTAGTACACTAATTACCAAGCAATTTTAGTTTTACTATTATTATAGTCAAAACCAATTGCTTGGTTTTATTTTCTAAAAAATAACAAGCAAAACACTTGTTTGGTTACTATAGAAAAATTATTACCAAAAATATAAAAATAGAAAAAAAATAAATATTTTAACTTTTTTTATAAAAAAGCAACAAAAATCAAAAAAATGAAATATAATAATAATGTTTCATGTAGGTCTTATTTGTTAAATTTTACAAACATTTTGTTTGTAAAAATGAAATGACATATTTTATATAACTTATTATTATATTAAAATTATTTTTTTCATATCTTACAACCATAGGCCATCTCCCTTTCACTTATTTATCTATCTATAAATACATGAAACGAATAAAAAGAGAACTCATCACTCTCTTTTTTTTATTTTACTTACAACCCATAACAAAAATTAATTGTTATGGGTTTTTATTTTTGTTCTGTAACAAATTAAATTAATAAAACTAAATATTGAAAAAAACAAATTCTATAAATCATTTAATTTATATTTTTATTTATTAAATTAATTAAACATAAAATAAAAAAACTTCCCGATCAAGAGGAAGTTTATAGATAAGGCCATTGCGCAAATTAAATAGTGTTATTTATATTCCGCCACACTCTGGGATAGTTAATATATAGTGATCAGAAATATATTAACTAATATCGGTATCTTATAAGACATTAATATTTTAACAAAAAAACCAAAAAATAAAAACTATTTTTATTAAAATATTAAATTTAAATCAAAAAACAATTAATTCATTACATATATTTTTAAATAGTTTAAAAATACAAATATAAAAAATAATTGTTAGAAAAAATTTTGAGTTAAATAATTGTTACTCATAAAAATTTGGTACTTTAGTTGTTTTACAAATTCTATATGTTCCATTAATGTATTTTTTAAAAAACATTATGGGTTTTTCATAGTTTGTAAATAAAACCATCTCAAGATCGTTTATTTCACTAAAATAAAATCTAGACATTTTTAAAAGACTTTCATTTTCTTGGCTATATTTTTTAGTATCAACTAAAAGTCATACATTTTCTAAAATATGGTTTGAAGATTTAATATAACAAATTACATCTGCTTTGATTGGTCTAGAATTGCAATATAAAGTTTTATTAACATCAATGTCAACATAACTTACTTTTTTAGATTTTAAAAAATCAATTGCTTTACTAAGTGATTTTTTATCTTCACTCTTCTTTATTAGTTGGTTTATATCACCCCTGGCATTTTTTTCAAGTTTACCATTTCTCACTATAATCACCTATTCAAATTTTTCTTCAATAAATTTTTTAGCAGATAAAGCAGCTATTGTCCCATCAGAAATAGCAGTTGATATTTGTCTAATATTTTTTGATAAAATATCACCAGCACAAAATAAACCTTCTACATTTGTTTGCATATTTTCATCAACAATAATGAATCCATTTTCATTTTTAACATCTAGCTTACCTAAAAAATTGTTAACAGGTATAAAACCAATAAAAGGAAAAATACATTCAACTTCTTTAATCGATTCTTCGTTTGTTACAACATTTTTAATTTTTATTGAATTAATTTTTTTTCCATCACCTATAAATTCAAGTGGAATAGTATCTAAAATCAACTCAATTTTTTTATTATTTTTAACTTTTAAAACAACAGATTCATCAGCTCTAAAACCTTGTCTTCTATGAATTAAATAAACCTTCCCAACAATATCAGCTAAAAATAAAGATTCTTCAAGAGCTGTATTTCCACCACCTATCACA
NZ_CP129197.1_gap12	282522	284571	2049	TGGTTAGTTATTGTTTGCTTATCATTTTTTTTGAATAGTGTTTTTTTATTTAGCTCAACCTTTAGGTCATCAATTATTTTATTTGTTTTTGAAATTATTTCTTGTTGAGCTTTTTCTTCTTGTTGTTTTTTTAGTTCAAGTCCTTCTTTAGATTTTTTTTGATTAGCAATTTCTTTTTTATTATTTGTTTTATTTTTTTTATTTATATTTACTTTTGCCATAAACTAGCTCCAAAATATATCCATTCAATTATAAACAAAAAATAGGTTGACTTAATAATAAAAAAGTATCTATTAAATAAGCACATAAAAAAAAATACTCTTTGAAAAAATCAAAGAGCTTTTTTATGCAATAGGACTAAAATTATTTACTCCCGCAAAAATTACCGATGACATTGGTAACACACAGATAAATAATAAAATTGCTATTCCTATAAATGACATGTTAACTAAGAAAAATGATTTACTTCTATGAACACTATTTATACCCACAAACCATGAAGCCAATAGATATATGTATGGTATTGGGATTAAACAGACTATTATCCCTGAAAAAATAATAGTTGTTTGATTCATCGCTAAATTAAGATCAATATATGCTCACTTGTGAGAAGTTGATCCATTAAACTGTGTAGCTAAAAATCCCATTACAACACAAGCATATGCAAACAAAAATAAACCTATAACAATAAAAGATATTCAAGAATCTTTTACAAATTTATCATCTCTTAATTTATTATCAAAACCTTTAGCTTTTGATTTTGAAGATAATGATCTTTTAGCTAAAAAATCTTTTTCTCTTTTTTCTTTTAAAAAATCTTTTTTAGTTTTTTCAAACTTTTCAAAAAACGTATTATTTGCTTCACTTGAAACATGGTCATCTGAAATATCTGAATAATTATTTACATCTTTATTAACGGTTTCATTTTGATTATCATAATCATTATTTTGATTTGCTCTAGGAGCATTCCCAAGATTATTGTTCTTATTTTCTTTCATTTATTGCTCCTTAATTTTTCTAAGTATATCTTCTATTATTTCATAATTTTCCGAAGCATTATCTTTTACAAATATAAGATTTGGAACTTTTCTTAGTGTTAATTGCATAGATAACATTTTTCTAAAAAAACCAGTTGCTGAAGTTATCTTTTTTAAAACTGCATCAGTCAATTCTTTTGGATAGCAACTTATATATATTTTAGCAATACTTTTATCATTTGTTAATCTTACATCTACAATAGTTGCCTTTTTAATTAAATCATCATAAATTTCTCTTACAATTGTTTCATTTATGATTTCTTTAATTTGTGATTCTAATCTCTCAATTTTTATCGTTTTACTATTCATGAGTTTTTTCTACCATTTTATATATTGTAACAATATCGCCAACTTCAAATGAATTAAAATCATCAACAGTAAAACCACACTCTTTACCAGCACTTGCTGATGATATAGATTCTTTACCATGTTTTAAAGAAGATATTTTTTTATTTTCTACAATTACTTCTTTATTTCTAATAAGTCTAACTAAACCATTTCTTATTATTTCCCCACTTATAACCCTACAACCAGCAATTGTTCCAATTGATGAGTGAGTTCAAAGTTGTTTAATTTCAACTTGTCCAACTTCAACTTCTTCAAATATTGGATCAAGTGTACCTTTTAACATTTTTTCAACATCATTTTTTACTTCATAAATAATATTAAATACTTTAATTTCAACATCCATTGAATTAGCAAATTCAATAACTTGTGAATTTGGTTTCATATTAAAAGAAAATAATTTAGCTTTAGCTGTTTTTGCTAAATTCACATCTGATTCAGATATAGCTCCAACTGATGATCTTATAATATTTATTTTTGCTCCTTCAACTTCAATGTCACTTAATGTTGCTTTTAAAGCTTCCACTGAACCTTGAACATCTGCTTTCAAGATTACATTTAGTTCTTTAATTTCTGATGAATCTTCTTTCTTTAAAGAAGTTAGTTGATTTAAAGCTGCAAGTTTTCTTTTTGTAGTGTTTGCTGAAATCTTAGATGCTAAATCTTT
NZ_CP129197.1_gap13	368043	370363	2320	CATAAATTCTAAATTTAATAGAACTTGATCCAGCATTAACAACTAAAATATTTTTATTCATTTTAATACCTCTATATTTTGTATATATTAATTATTATATTCTTTATTCAAATAAAAAATTGGAAAAATAAAAAAACTAAAATGTATCAATGTTACATCTTAGTTATTGTTGTAATAATGAATAAGAGCTTGGGTGCCTAAATTCTCCATTCCTTTTTTAGCAAGTTTTTTATACATTTTTAAAACAGTGTTTAACACCTTTAATTTTTGTGGTTTAATTTCCTCTTTTATAAGTTTCATATCTTTTATAAAATGTTTTATATAAAATCCTGGTTCAAAACTATTTTGTAAAATTTTTGGACCATTATTTATTATTTGTCAATTAGAACCAGCACCTGTAGAAATAGAATTTATTATTTTATTTAAATCTAATTCCTTTTTTTGAGCATAATATAAAGATTCAACAGTACAAGCTATTGTACCTGCAACACTAATTTGATTAGCAAGCTTAGCATTTTGGCCAGAACCACCTTCACCAAAATAAGTTATATTTTTCCCTAATAAATTAAGTATAGGAAGTATTTTTTTAAAATTTTGTTCCTTACCACCAACCATTATTGACAATGTACCATTTTTAGCACCTATATCACCACCACTTACTGGACAATCTAAAATATTTTCATTTAAACCATAAAGTTTTTTAGCAAGAGAAGGAGAAGAAGTTGTCATATCAACACAAATTGTGTGTTCACCAATATTTTTAAGAATTCCATTTTCTTTCAAATATATTTCTTCAACATCTTTTGGATAACCAACCATTGTAAAAACAATATCAGCATCATGAACTGTTTGTGCTATTGAATCACAAACTTGTATACCATAAGTTTTTAGTGGTTCAGCCTTTGATTTTGTTCTATTAAAAACTTTAATATCCGGATTGCTTTTATAGATATTTAAAATCATATTAATACCCATAACTCCAGTCCCAATTCATGCTATTTTCATATATAACTCCAAAATATATTTTTAAATTATGCCAACACTTTTTTTAAATTCTTCATACAAGTTGTATTTGTATTCTCATTGATTGATTGTAATACCATTATTGTTTTTCTTAATTATGTCTAAAACATTTTGATTTACATTAATAAAATCGAATGTTCCATTGAAATTATAAATTGTTTGATAACCACCTCAATAAATACCAACAACTTCATTTTTAGAATTGATAACCATAGATCCAGAACTTCCACCTAATAAATTAATATTTTTTACACAACCTTGAACTGCAACATTCTTTTGTGAATAATAAATATTTTCATTAAACTCATTTTTATCTGGATTGTTTATATCATCTTTACCAACACCTATAAAATTAATTTCTGGTAAATCACTTGGTCTATAATTTTTGTAACCATGATGTGGAAGATTAGATAAAGGATAATAATTTTTATGACCTTCTTTTATTTTTCATCCAGAATCTATTTCAATTCCGCTTCATCTTGGTATATATGAACCATTATCTTGATGTGTGTCCGCTGGAAAACCCCCAATGTAAAGTTTTTCTCCTTCAACAACTGTATCAGCGATTTTTGTTGGTGAGTAATTGTAATTTGATAACATGTTTGCTAATAAACTTGAATATTTATAGTTATATGGTTGGTTATAAAACTTTGAAAAATCAACTCTTAAAACCGCAAAATCAGATGTTGGATTCAAAACATAACTACTATCATATCGAGTTTTTGTTGGGTCTAAAACATCAAAACTTTTAAATGTTGTGTTTGCTGAATAAACAACTGAAAAATCTTGATTTGGGATTAATGCAGGACTAACATTAAAGTTTGAATTGTAATATGTATTATTAATATTTTCTATATATTTAAGTTTTGTATCTTGAGTTTGCGTAGCTAGTGATGTTCCAGGTGTTAAGTTTCTATCCCAAATAATACCAACATCCATTCCAACAAGAGTGGCCTCTTTGTCATTTGAAACTTTAATAGTGTTATTATTTTTATCAAATAATGCTCTTTTAAAACTTTTACCACTATTGTTAACAATTGCTGCAACATGCAAATTAGTTGCCAAGTAATAAACATGATTAGCTCTTTTATCTTTTGAAATTATTCATGATGTTCCATTTACAAAAGATTCACCATTGCTGCTTCTTGTTTTAAAACGCAAAGAAAAACTTCTTTCACTAATATACTTTAAATGTTCAGAATTTTTTTTATAATCAAAAATTTCTGGAGAATCAAAACTTGAATAATTTTCAATTACATAGTTTCCATAAAAACATGATGTGAATACAAAAGTACTA
NZ_CP129197.1_gap14	438323	442840	4517	ATAAATTTCAATTGGACTACCAACTTGTTCAATATTCCCATTTGACATTACAACAACTTTGTCAGAAAGTGTTAAAGCTTCTTCTTGATCATGTGTTACAAGAATAAATGTAATTCCAAATTCTTTGTGCAATCTTTTTAACTCATGTTGCATTTGTTTTCTAACTTGAGCATCCAAAGCACTAAGTGGTTCATCCAATAGTAAAATATCAGGTTTAACTATCAAAGCTCTAGCAAGAGCAACACGTTGTTGCATCCCACCAGATAATTCGTTTGGATATTTTTTATTTTTACCTTTAAGACCAACTTTTGCAATCATATCATTGATCTCTTTTTGCATTTCTTCTTTTGTTAGTTTTCTAGATAATTTTGTCTTAACAAATCAATCTTTTTCTTCAAGTGCAAAATTTTCTCAATAAGAATTTCAATAATCTAAATCATTGTACTTATAATCAATGTTATCTATTTTTCTTTTCAAAACAACATTTAATCTATAATTTCTTTCATATCTTAAATAACTTGAAATTAATTGATTATTTTCATTATTTAATTTATATTCGATATATTTATCTGATCCAAAAAAATTTAACAAATTGTTAATAAACTCACAAAATCTAATTTTTAAGGGAATAGATAATAATAAACTCTTATTGTTTTTTTCTTCAAAATCATCTTTTATTTTTTGAATTTGATTATCATATTCTTCATCTGTCATTTCATAGATTGCTTTTAAAAAAGGTTTTTCATCTATTTTTTTAAGTAATTTTTCTTTTTCTTTTAAAAGTGAATTTTTTGTCTTAGCTAAATCTTTAATTTTTTCATTTGCTTTCTTTTTACAGTCTTCAAAATATTTGTCACATTGCTTCATTAAATTTTTTAATCTATTAATTTCTGCTCTATCCTCTTTTGAAAGATTTTGGTTTTCATTTAACTCTTCCATTGTTTTTAAAGGAATTCTATTTTCTTTCAAACCATATGCAATATTTTTTTCTACATTCATGTTTGGAAAAAGAGCATAGTCTTGAAAAACTGTTGCAGTTGGCCTTCTTTGAACTGGCAAATCTTTTATATCTATATTTCTAACAAGAATTTTCCCAGATGTTGGTTGCTCAAAACCGCCAAGCATTTTTAAAAGAGTTGTTTTACCACATCCTGATGGACCAAGAATGGTAACAAATTCACCTTTATTTATATTTAAATTAATCCCATTAACAGCAACATGTTGATCATCATAAACCTTTTTTATATTTTTAATTTGAATAAATGCTTTTTCATTTTTCAACTCTATTCACCATATTTACCTTTACAAAAATTATTTTAAAAAATGTTGAATGATAAATTTGTTAACTTCGTCAAAAATAGTTTGGTTATTTTCCAATAGTTGTCTTGCATCAATTTTTAAAATGTTATCAGAAAGTTGTTTTTTAATTATTTTTTCATAATTAAAATCTTCGTCATTTTTTAAACTTAATCTTAAAACATTGTTTTCAAAACATACATTTAAGCTTTTAAGATTTGCTTCTTCTGGAATTCTATCAAGCCCAAAAATATTTACTGAAGTAACATCTTTTAGTTCTTCTAAATAACTAGTGTTATCACTTAAATTTACAAATTCTATATTTTCATTTGAAAACATTGAATTATTCAAAAAGTAAGAATAATTACTTTTGTTTGTTGATAAAAATATATTTTTATCATTTAATCTGTTTATTAATACAGATATATTAGGATTGTTGTTTATGCTAGAAGCTAATAATCCTCTAATACATACTAACTGGGTCAGACTAAAAATATTTTTTGATAAATACTTATCTTTGTTTTTACAAAATTTAATATTATTACCAGAATCTGAAATCAATAAAACTTTTTCATTAATAAAAAAGTGTTTGAACATATTTTGCATATCTCACATAGAAAGATGTGACAAAATAGCAATATTATTTTGATTAATTAAAAAATTTCAAAAAGCTTCATATTTATTAAATTCTGATTGATTGATATTAAAATATTTAATTCCTGTAAAATCAATTAATAAAGTTTTTTCTTTATCAAAATTAAAGTTAATATTTTTTACATAATCTAATGCTTTTTTAACACCTTTTTTATTTTTTATTTGTTTATTAGCCCAAGAGTATAAAGTTTTATTTTTGTTACCTAAACATATTTTGTGGCCAGCTTTTTTAAACATAGAAATATCATTTCCAGAATCTCCTATGGCTACAAATTTAAGAGGGTTTATTTTTTCAAGATTACTTAAAAAATCCAAACCATCCCCCTTACTTGCATTAAGACCAGTTATTTCAATGCAGTGCCTTGAAGTTAGAGAAACAGTTAAGTCTTTTTCAAAATTATTTTTAAGTAGTTGTCCAAAATCAGTAAATTTTTTGTGTGAAAATAATCCAAAATTAAAAACTAATATTTTATAAATTTCATCATCATTTGACATTTCTTTTAGATCTACTATCTTTCCATAATTAAATTTATTCATAAGTCATTTTAAATTAATCTTATGAGTATAAATTTTTCTATTTTCAATTCCTTTTTTTGAATAAATTCATAAAGCAAAATTATTATCTTTTATTAAATTTACCAATTGACTAAAAATATTTGAATCTATAAGAGATTCATATATTATTTTGTTTTCAATTAAATTAAAAATTAAAGAACCGTTAAGTGAAATTAAGTATTTGTTTTTTAAAGATGTGAATTTTTCAATAGTATCGTTGAAAATGGTGGCAGAAACAGGTCATCTTCCTGTACAAATAGCAATTTGATTGCCGTCAATTAAAAATTGTTTTATTCCTTCCAAATTATGTTTTGAAATTTTGCTACGGTGAGATAGCAAAGTCCCATCAAGGTCAATCAAAGCTAAAAGTCTGTTTTCCATTTTCACTTCCAATCTATTTAAAAACTAATAATAGTATACAAAAAAAACCTAAAAAAACAATTAAATTTTTAAAAAAATAAAATTATTGATTTTTTAGGTTTTTTATATAAATTTATATTTTTGAAAAAACAATTTTTTTTATTGTTTTTCCAGCTGAATGTCACTTTCTTTCATATTCGGTTGGGACATTAAATTTGATTTCTTCTTTATCATTATATAAATCATATGATAAGTAATGAATATTCATATTATTACTTTTTACAACATCTACAGTATAGTCAAACAAAATGTCATTGTCAGTTTTAAATTCTATAACCCCACCATCTTTTAAAATATTAAAAAAAATGTTTAAAAAACTTATATTTGTTAGTCGATTTTTTTCATGTTGTTTTTTAGGTCATGGATCAGAAAAATTTAAATAAATTTTATCAACTTCGCCCTTTCCAAAAACTGAGTTTAATTCTTTTGCATCTGTTGATATTATTTTTAAATTATTTCTCATTTCCTTATTTACTTTTGATAATGCTTTATATAAAACTGTTGGAAATTTATCTATGGCAACATAGTTTATATTTTCATTGTTTTTTGACAAATAATTAATAAAATCACCTTTCCCACAACCGATTTCAATATGTATTTCATTATTATTTTTAAAAACTTGTTTTTTTCAATTATTAATATATTCAAGATGATTAATTATAAAAACATTAGTATCATTAAAAAGTTTCTCTTCGTATTTTCTATTTCTTCTAAGTCTACCCATAACATGTAAAATTTTATAATAAAAAAAATTTATTGATATTTTTTTTATTTAAGATTAATATAATTTTATATAAAAACAAAATTATTATTTACGGACGTATAAAAATGCAAATAATGACCACAGTCAAACAAAAAACTAAAGATGCCTTTCGAGGTAGTAGAGCTTTATTTTATTTAATTAATACAACTTATTGAAATGGAATTTTTGGGCCATTTTTTTCTTTTGTATTTCCAATTATTTTTATAACTATACTTGGTAACATGTTAGGTTATGACCAAATCCTTGGTGGAAGTTTAATTGTACCATCAATGTCTGTTGCAATGTGTTCGATGCCTCAAGCAATTTTTGAATTTAAAAAATCTTCGCTACTAAAAAGGATTGGTGTTACTCCAATAAAACCATCTCTTTTTTTATTCATTAGTAGTTTATATTATTTTGTCGCAATGTTCATTTCCATATTTTGATGCATATTATTTTCAATGTTAATTTTTGGAATAAATTATTGGGATTCTGGAAAAGAAATTTTTTCCATTGCAAGTAGTACAAAAATATATGCAATGAATTTTAAAGATACACTAAATAATGTAAATTGATTTGGGTTTATTTGGGGACAAACATTTTCAATTATTATTGGTATAAGTATTGGTATATTTTTGGTTTCAATTGGTAGATCAACTATAAGCATACAAACAACAGGTATCTCTATATTAATAACATCAATGTTTTTAGCAGTAACTGTTATACCACTAGGTTTAGTTAGAGAAGAAGAGGGTTTTTGATATGCAGGGTATGTATTATCACCTTTTAAAGGTGCATCAAATATGGTACTTGAATCTTGATATGGTAACTTTAAAGGTATTGATAGTTC
NZ_CP129197.1_gap15	453150	456777	3627	TCTTTTATTTTTTCAATCAAAATATTCAAATCAATATTCTGGCATTAAATACTTATATAAGTATTTACTCTCTCTTTTTTGAACTCTAGCTGGTTGATAATAATTTACTCCCAAAAAGTCAATTCTATTATTTTTAATTATATTAATGTCATTAATTTTATATTTTGGTAATAAATCATGTTCTTTTAAAAGTTCAATAATTTTTTTTGGAAATCCTTTACCAACAACTGGGTCTAAAAAAACTTTATTAAAAAACATATCTCTTATTTCAGCGGATTCTTTATCTTCTTTTGTGAATGTTTTTCCATCTTTTGGATATGTTGGAGTAAGGTTTAAAATAATACATATTTTTTTATTTTTATCATTTTTAAAAATTTTTCTAAAACTTTCAACTGCTTTTGAATGAGCTAATATAGTTCCATATGCTGCTTGTATAGCTCTTTTAAAATCAACAATCTTTGGATAATATCATTGATATAAATAACATGCTTCTATAGGAACAACAGGTTCATTAAATGTACATCAATAATCTACAATATCGCCAAAAATTTCAAAACACAATTCAGCATATTCTTTATATTTTTCAATAACATATTCATTTTCAAAACCACCTATATCTTGAAAAATTTTTGGCATATCAAAATGAAATAAATTTACAATAGTTATAATATTTTTACTTTTTAATTTTGAAAAATAATCTCTATAAAATTTTACTGCATCATCATCTACTTCATTTGTATGCAAATTTTTAATTAATCTTGTTCATTGTATAGATGTTCTAAAACTATTTAATTTTAAATTACTCATCATTTCTACATCTTCTTTATATTGATAATAAACATTAGATGCTGTATAAGGTCCAATAAAATTATGAAAATCATTAGGAGAGGTTCTGTATCATTCCTCCATAATATTAATATTTTGTTTATTAAAAGAACCTTCACTTTGTGGTCCACTTGTAGCTGTTCCTCATCAAAAATTTTTACTAAACTTAATTTTCATATTTACATCCTTAATTTTTAAAAATGTATCTACATTATTTTTAACATTATTTTTTTCTTTTATTCAAAATGCTTTTTTTACAAACAAGATTAGAATTTTATAGTTTAAAAATCAACCATATCTTTAAAATTATTTGATTTAACACATTAATTTTTTATAAACAAATTTTTATAAACAAAAAAATATATCAATCAAAAAAACCATTATAAAGTTCTATAACATTAAATGAATTTAAACATAGTTAAATTGAACTTTTTATTTAAATAATTAAAGGTAACCAAAATCTACTTTTTAAATATAATTTAAATAATAGAAATAATAAGGAATAAAAATGAAAATATTATATGTTGATGGTGGAGGAACAAAAACCGCTGTTTATCTAGTTGAAAATAACAAGATTATAAAAAAAGAACTATATAATCAATCAAATGTAAATACCAATTATGATGAATCAATAAAAACAATTTATAAAATCATAGATGATCATAAAAATAATTTTGATAAGGCTATGTTTGGGTTGGCTGGTTCTGAATATGTTAAAGACAAAATAGATATTATATTAAAAGACTTAAAAACAAAAACAAATAGAGAAATTGAAATTTTTAACGATGTAGAAATGTTTGCTATTTTATGTTCTAGAAAATTTAATATAGATTTTACTTTATTAAATTTAGGTACTGGAACAGCTTGTGTCAATTTTAAAAACAATTCTTTTAAATCACTTTTAGGTTGGGGGAGAGTTGTTGGAGATATAGGAAGTGGTTATTATATAGGGATAAATTTTTTAAAATTTTTAACCATGTGTGAAGATACAGAAAATCATGTAGATATTTACAAAAAGTTTTTGCAAGACTTTGAACTTAAAAGTATAAGAGATTATATTTCATTAATAAATGATGTAAAAAATGTAACTAAGGTTACAAATTGAATTTCTAAACAAGATGATAATACAATAGATAATTTTATTATTCCTTGTATTAAAGAAGTGTTGGATTATATTTCTTTTTTAAAAACTGAAAATTTTATTTTCACAGGTTCTGTTTTATTAAAAAACAATCATGTTAAAGAGTTTTTAGATAAGTATCTTCCCAATAGTTCAAAAAGGTTTATTGATTTTGAACATTTAATCCAATATTAAACTTAAATTAATAATAATACGTATTAATAAATTATATAAAGTTATTAAATATAATTTAACAAACAAAAAAATCACCTGATAATTGGTGATTTTTTTGTTGTTGTTGAGTTTTTATTAAAGTTATTTTTTTTAAAAAATAAACTTTTTTGTAATTCAATTTTTAAACAATTACTTTTCAGCTAATTTCTTATGTAAATCTATCATCTCTTCAGCCATTAATATCAATGTTTGTGTAGATAATAGTTGATCTTCAGCGTGCATTAATATTAGTGGTACATTTATTGTTTCTCCTGATGCTTCTTTTTGAATTAAATCAAAATGTTGTTCACTTGCTTTATTAATGTTTTCATTTGCTTTCTTTATATTTTCTTTTGCTTCTTCAAATTTCTTGTCCTTAGCAGCATAAATTGCTAACATAGCAAACGATTTTGCTTCTCCTGTAAAAGTTATAATTTGAAATGCAACTTCTGCTAATTTTTCATATGTAAAACTCATATTATATTTACCTCATTTTAAAATCTCATTTATCTATTTCTTTACTTAAATCATTTTTTAATTTTTCAATATCAAAAGTTAAATTTTCACCATTTGAATTAATAACTTGTTTGTATCAAACATAACTAAGTTTTGGAGTTCTTGTTTTGTTTTTAGAATTAAAATCTACAGATATTAAACCATAATCTTTTCTGTATCCCCCTGAAGGTGAAAATATATCACAATAAGTTCATAAAGAATAACCAATAAAATTAATTCCTTCTTTTTTAGAAATTAAAACTTGCTCAATATGTTCTTTTAAATAATTAATTCTATAATCATCAATAATCATTTCTTTTGATTTATCATCAAAAGCACCCATTCCATTTTCAACTATCATTAGTGGAACATTATTATAACGTTCAGCAATTTTTCTTGCTCCTACAGTAAGTTGTGAACTATCAATAATCCATTTTCAGTCAGTATATCTAACACCATTTGATGGGTAAACTAACTTAAACTTATCTACAAAAAATGACTCAGATGGTTTCTTTAATAATGATGGGTCAATTTTCTTATTTGGATCTGATATGTAACATGGTCTATAGTAGTTTCATCCTATGAAATCTAAAGTGTATTTTTTTAAAAAATCTAGTTCAGAATCTTTTATAACAAATTTCAAATTATTTTCTTTAATTCATTGATAAAATTCATCTGGGTATTTTCCCAACATGTTTGGGTCTAATCAAAAATTTAAAAATCATTTGTTATAATATTCAATTGCTTGAATATCATTATTATCATTTTTATCATATGGAATTGGCGGGCTTCAATCATGCACTATTCCTAATAAAGCATCATTTTTAATATAGCCTTTTTCTTTTGCTAAAATGAATTCTTTTTTAACAGCAGCTGTTGCAAGATTTAAATAATGAATCGATTTAACAAATGCATTTTTATCTTTTCTTTGTGGTGGTAAATAGTCATCTAAATATCCAAGTAATGTAAATGTG
NZ_CP129197.1_gap16	459695	464693	4998	TACTAAACCCACACTTATAAGCAAGATCAATGTAATTAATACATTGATCAACACTTATTAAATTTGGGTATATTGATATACCAAGTCTTGCCACAAAAACCCCTTATATTTTAATTATATGATTCTTTATACTTTATATTTTTCAAATCAATTGTATCTTCGATTTTTTTGTAAGGTATTGTTAATGCATTTGTTGAAGTTAGTTCTTTAAATCAATAACCAGATTTTTTTATTGTTCTCTTTTTAGTATTAAGATCCATTTCTATTAATCCATATCTATTTTTAAAAGCATTTCTAAAACTTCAATTGTCTATTAAAGATCACAAGTGGTAACCCTTACAATTTGAACCAGCTTCAATAACTTTATGAAGTCATTCTAAATGTTCACTAATAAAAGCTATACGATAATCATCTTGGATAATATTTGTTTTTTCATCTTTATAAAGATGTTCATTTTCAACACCCATACCATTTTCAGAAATATATCATGGAATATTATTGAACTTATTTTTAACTATCATTCCCAAATCATAAATTGATTTTGGAAGAATTTCTCATCCTCTAAAAACATTAATTCTAGCTTTATCCCAATTGTAATCCACAAAAAATTTTTTAAGAAAACCTGTTTCATTACCATTTGGTGCAACAACTCTTGAAGGATGGTAATAATTAATTCCTAATATATCAATTTTAGTTTTTCTAATAATTGATAACTCGTTTTGAGTGTGTTCTGGAATTAAATTATTTTCAGATAAAATATTAACTAATTTTTTATCTATAACCCCTTTAACCATTGGGTACAATAATGAATCATTTAATAATGTATCAGCATATTCTGCTGCTATTTTATCTTCTTTAGTGTATTTTATTCCATCTCTTGGAACAGCAGGAGTTAAGTTTAAAATTACTGATAACATTAAGTTTGGATATTTATTTTTATATTCCTCATAAAATAAGTTTGAAACTTTTGCATGAGCCAAAACCATTCCATATGCTGCTTGAACAGCTCTTTTTGGATCTATAATAGCTGGAGGATGTATTTTTGACAAGTAACCATGAAGAATTGGAATTAATGGTTCATTAAACGTACATAAAACTTTTATTTTATTTCCATATTCATCTAGCACTAGTTTTGAAAATTTTACAAATTCTTCAACTACTTCTTTACTTTCAAAACCTTTTTTCTCATAAACCCAATCTGGAACATCAAAATGATTTAAAGTAAGAAAAATATCTAAACCTAACTCATTTGCATAATCAAAATACTCATGATATCTTTTTACAGACTCATAATCAATTTCATTTTGTTTAGGAAAAATTCTTGCTCATAATATACTTGTTCTAAATGAATTACAACCAACTTCTTTAAACAACTTTAAATCATCTTTAAAATGTTTTAAATGATCACAAGTATTATCTGGACCAATACCATCAAAAAAATTTGTTTTATTATTCTTATAAAATATGTCTCAATTTGTTTGTGATTTTAAATCTTTTGTAGATTCAACTTGAATGGCACTTATTGCACCACCTCAATAAAATTTTTCAGGAAATTTTTTCATCATAAAAACTCTATAATTATTTATTTAATATTATTTATTTAATGTTTCTAAGAATTTTTTCATTTTTTCAAAAGCATCTTTTGTTTGAGTAAAATTATTCATGTCACTAGAACTTTGTATATCAGCATTTATTGCATTAGTAATAGCATTACCATAAGTATTAAAATCTTTTACATAAATTGAACTTTCAATTACCAATATTAAAAATAAAGTTAAAACAACAATAAATAGAAGAAAAGAAATACCTAATGAGACAAAAGAAGCTATAGTTCTCTTTTTAAAAATAATTGTTATCAAACAGAAAGCAACAGAAACAAATCCCATAGCCAAAGATGCTGATAATAAAGATGATAATCCTAAAGTTGTTGCTAAACTTACAGCACCACCAATAGAAACAGCATTCATACTAGTGCCACTATTAGAACCAGTATTAGTATAAGTTAAAGATGTGTTACTTGTTCATTCAGAATATTTTTGAATATCCCCAAATAGTTTAATTTTTACAGACGTATCTAAATCTTTAACAAAATTATCAATAGTTAAATTTAATGAATATATTATCACCAACAAGAATATTGCAAACAAGAATAATATAGTAACTAATGAATATAATGAAAAATTATAAGTGTTTTTTATTTTTTTATTTTCAGATAAAAAGGTTGTTCTAAAAATTAAATTAAATTTGTTAGTAGAATTAACATTAATGTTTTTCATTATTTACACTCTCTTTAATTTCGTTAATTTTATTTAATGTCTCATTATATTCACTTTTGTTACTTCTAGCTTTTTTTATTTTGTTTTCTAATTCTTGTTTTAATTCATCTTGTTTTTTATCATGTTCTACTCATAAACTAGATATTTTTTCATAATAATTATCAATTGATGATTGATCAACAATTTTATTATTTTTAGCAACATCCAATTTGTAATACATTTCAGCTTTTAAATTTTTAACATTTTCTTTTTTGGAATTTTTTGATTTTGAACTATCATTTTTTTCTTGTTCTATTTTACTTAAATACTCATTATAAATAATGTCAGAATCTTTTAAATAATTTAAATATTCATCATCAGACATATCATGACCTTTTCTAATAACATTATTTATGTCATTATATTTCATTACATATTCTAGGTTTAAATCACTAGATTTTTGTTCATATTCCAATTTTAAATTTTTAATTTCTTGTTTAATGTTTAATTTTGTATTTTTAGCTATTAGTTTTAAAGAATCATTTAAATTTTCATATTCTTGTAGTTTTTCAACACCTAATAATTTAATTTTTTCTTTTAATTCTCTATTTTCTTTTTTTAGTTTTCCAAATAAAAATATTTTATTAGCAACAGATAATGAATTGTTTGTATCAATTGCTTTGTTGTAAATTAGAACAAATGGTACATATACCACTATTGAAATTATTAAATTCAATAGCGCTAATATTATTCCTTGTCATGAACCTGAATGCAAGAAAGCACCTAACAACATTGGAGTAGATCAAGGTATTGCAACTATACCACCTGGAACTCATTTCAAGATTGAAATAGCAGCTCAACTTATCACAGTTAAAACTGGCATCAAGAATATATATGGAATAAAGAAAGTTGGGTTTAATACCATAGGGTAACCAAAAGTAACTGGTTCATTAATTTGGAAAAGTCCTGCTGGTAATGAAAATTTAGCAACTTGAATTGTATCTTTTCTTTTTGAGAAAAATAGTGTAGCAATTAATAATCCTAATGTACACCCAGTACCACCAACATAGATATAAGCATCTCAGAACCCTTTAGCCATTGCTTGTGATGGAATTTGTCCTCTTGATAATTCTTCTGTATTTAATGCTAATAAAACAAATCAGATCGGATTCACAGCACCATCTAATATATTTGAACCATGCAAGCCAAAAAATCAAAAGAAACAAACCAATGTTACAAATAATATACCAATTCCTAGTTGACCACTAGGGTTAGTTGCCAAAGAAATAAATGGCGCTTGTAAAGCAAGATAAATAGCCTTTCCAAAACTTGATGCATCAGTTCCAACTATTTGATTCATTATAATAAAAGGCGCATTAACCAAAGCCATACCACCAGCTGTTATCATTAAAGGAAATAATTTAGAAAATGATACAGCTACTGCTGGGGGCACACCATTTGGCATTTTCAGTTTAAGTTTATCTAACTTTTCTAAAGCTATATAAATTTCAACCGTGATGAAAGTAATAATTATTGAAATTAAAGATCCATTTGGACCAAATAAACTTGAATCAAAACCAGTAACTATAAAAAATGTTACCATACATAATAATCCAGTTATTATTGGTTGAGAAGCATTTCTTGTTCTACTATAAAAATAACCTATTGTGAAAGATGTATAAATTGATAAAGCACCAGATACTGTTGCTGATCATAAAGGTTCAAAAATTTTAACTCCTATATTACTAATGGTTTGATATGCAGAGTTAGCATTGAAAGATAGGATGTTATTTGAATCAATTGTTACACCAGCTAATGTAGTACCATTAACTGATGCATCAATTCTAGCTATCAGACCCAATAACGATGCATTATTGGAACCCCATCCTCCAAATATAAAAACAACAAAAACAACACCTAAAGCACCAACAATTAACAAAGGAGTAATAAAAGCAAAACCATCTCTTAAAGAAGATAATTGTTTATTAACTGCTAACTTCGAAAATGCTTTAATCATTTTCTCGGTGTAGTTTGTTTTCGATATTGTCTTCATTAAATCCTCCTATTTATATATAAAAATTGAAAATTTGCAAAATTGTTTTTAAAAATACCTTTTAAAAATAAAAAATGTTGTTCAGTTATAAAACATATTTTTTAACTTATTTTTAAAATGCATTTTAAACAAAATTTTGAATCTATCTATTTTTCAAAATAATTAGTTTATTTTTTTAATTAATACAAAAACTAAAATTTTATTTTGACAAAAAACCATAATAGATAATTTAAATTTAATATACTGTTTTGAATTAAAACAAAATCAGCATAAACATAATCTTAACTTCTTTTTTTAATCAATTAATTTTTAAAAATTAGTTCATTAATTACATTTTTAATAAATGAGTTATTTAATTAATTTCATTTTGAAAAATCAATTGGTAAACTAGAAACTTACATAGTTTCAATAGTTGAATTAAAGTGTAGTAAATGAATTGCATTTAATTTTTAAAGTAATTAAAACACTTTACTAAGCACTTATATTTCTTTTGTTTTCATTTATATAATTAAAATGTTATCTATATCAAATAATGTTCGATCGTTAATGATCTCCTTTCAGTTTTGGCAAACATAATATTTACCTTGCCTATATATTAACACAACATGTATATATAACTCATAATATCTTATAAAAAAGCATAATAATCATACATAAATTAACAAATTAAAATAAATATATAGCTTAAAA
NZ_CP129197.1_gap17	465880	468999	3119	TCTTTTTTAAGTTCTTTTACTTTTTGTTTATCTATTTTTTTCTGTTCTAAATTATTTTCAAATACTATAGTTCTTTTTAAGAATTCAATTTGTTTTTGCTCATAATTTATTGAATCAATTTCACTTTCTTCTAAAGAAACTTTAATTCTTTTAGCATCATAAAAATTATTTTTAACTATTTTGAATTTAAGTAAATCAAGTTTTTTGTTATATTTAAAACTTTCATTAGAAACTTTTAATTTAAAATCTTTTTCTAAATTTTCTTTACTAAAAGTATCCATTGGATTTAATTTAGAATCAATAGCTTCTTTTCATAAATTAATTTCTTTAATTTTTTCATCATGTTTTTTATTCAATTGATCAATTTTTAAATTAAGTTTATTAGTTAATTTATCTCTTTTATTTTTTACAGTTGATAAATCAAAACTTTCTTTGTAATAAAATTTTTCACAATATTTTTCTTTTTTATTTTCATCTTTATCATAAATTTTGTATGAAACACTTTCAATTTTTTTATCTTTTTCTTTAATTGGATAAAATTCTTGACTTCCATCTTTTAAAGTTACAATTTCTCATAAGAAATTATTTTTATCTTTAACATTTTCATACTTAACATCTTTTATCTTTTTAGTAATATTAATATCTTTAATTGAGTCAAATTCTTTTGATTTATAAATATTTGAAATTAATTTTATTTTTAACGGGTTTAAAACAATTCTTTGTCCATTTCTAATATTTACTCACAATAAACTTAAAGATGTAAGTGCAAATACAATAGCAGCAGCTCCAAATATTGCAATTGTTAGTGCTAAATAATTTAATGGTTTAGCACTATAAACTGCAAGGTAGTTCATAATTACACTACCAGGACTTGGTGTGAATATACCACCAAAATTAAATATTTGATAAATTGCTCCTGCAAAAACACCACCAGCCATCATAAATAATAAATTAATTGGTTTCATTAGAACAAATGGATAGTAAACTTCATGAATACCACCTACAAAATGAATAGGTGTAGCAGCAGTAGCTTGTGATTTTTGTTCTTTAGTACCAAAACAAATATATGCCAACAATAATCCTAAACCTTGTCCTGGATTTGGATCAAGGAAAAATAGAGGAGAATAACCTACACTTGTAACAGCTTGGTATCCTAATGGTCCAAGGATACCATGATTAACAGCATTATTTAAAAATAATATTTTTTCAAATTCAACAAATATAGGTAATACAAACAATAATCCAGCATTATTTATACCTTGTATTATGAAGAAAAATACAACTTGTAATACTGCCATTAATGGACCAATTCCTCAGAAACACACAATTATTGCTGCACAGCCAAATATTCCAAGAGAAAAATTATTAACCAACATTTCAAATCCTTGTTTTATATGATTTTTGTAAAGCTTTTCAAAATTTTTAAATAATCAAGCAAACAAAGGACCAGAAATTAAAGCACCCAATATCATTGGGGATACACCAGTATTTATTAATTTTACATCTCCAGTAATTTGAACCATAATTGCATTAAATGTTCATTTATGTGTAAGTTCATTGATATTTGATATATTAGACTGTAATGAAATTTGTGAATAAGCAATAACTCCTATTACACTAGCAAAACCAACAAGAGCACCTCTTCAATCATATATTTGCCTTCCACCAAGAAAAGCAATTATCAATGGAATGGTAAATTGAATTCCAAGATCAATAACTTTATCCATATTAAATAAATATTTAGATGAATCTGATGATGTTCATTTATCTATTGCTATATTATGTTGATAAGCTATACCTGTTTTAACACCAAGAATTATTGCAGTAAAAAGACCTCATGCAATTAGAACACCTATTGCAGGAATAACCATACCAGCCATAAATGATCCAAATTTTCTAACTTTAGCTAAAAATTTTTTAGATGAATCTGTTTTATTACCCAATTGTTTTAACTTACCTGTTAAGGGTGTTTTATATGTTAACTCATATTGGGTTGGTTTAAATATACTTTTCATAATTAATTTGTTTTGTATCAATCATCATCTAATGCTAAATTAGCATAAGAATCACATTCGTTGTGAGTTGTTGATTTATGTGTATTAAATTTCAATTCTAAAGTTAGCATATCAACTTCACTAATCTTGATATTTATTGCATTTACATTTTCTTTTATTTCTGATTCAATAGCACTTCTAACTACTGGACAAAAACCTAAATTATAAGAATATGCAACTAATAATTGAGCAACTGAACAATTATATTTAATTGCTAATTGTCTTAAATACTCACTATTAAAATTTACTTTTGGATTTCCAAGAGCTCTTCAACCTTGCATAGCAATGTTATGTTCTTTGCAATAAACCATTCTATCTCTTCTTATATAGGTTAAACTTGCTTCGTTTTGAACAACTTCAGGATAAACACCTGTTTCATTGTATAAAATTCTTATCATATCAGGTTCAAAATTTGAAACACCTATGACATCAACTAAACCTTTTTTCTTACACTCAATAAGTTCTTTTCAAGCCCTAACATTCATAGTGTTATCAACGTGTGGTCTATGAAGCATATAACAGTCAATTTTTGATATTTTCAATCTTTTTAGAGATTCTCTAAGTTCAAATTCAACTCCATTTTTAAAGTCAGATGGTCAAATTTTAGATTGAAGTATTGGATAAACAAACGATGGGTTTTCCATTTTTAATTTTTCTAAAGAGTTCCCAACAAGTGGTTCTGTGTTATATAATTTTGCAGTATCGATAAAATCATAGCCAGATTCAATGGCCCATTTAATAGCATTATCCATATCATTTTGATCAAGGATTTTATATGTACCAAATCCTATTTTAGCTTTTAAAATATTATTCATTTTTAACACCTTTTTCTTCTATATATTTATTTGCAATTTTTAAAATTTCATTAAATGTATCATGTTGCTTTTTATTCTCTATCAATCATTTATACATAGGTAATATTCTTTCATTATCACTGATTTTTTGTTTTGCATTACGTGCAACCCTATCAATATCATCTAGTAAATATTTGTTTGAAAATCTTTCAACATTATTTTTTAAATATTGTTCAATATCTTTTAAATCTAAATTTGTTAAACTAGATAT
NZ_CP129197.1_gap18	504080	508427	4347	TTCTATAATTATTGTTTGTACAAAAGCAAAAACAAAAGCAATGATTATAAAATATGAATAATTTATAGATGTTGATGATTGAACCACAGTTGTTATGTTATCACTTGTAGTAATTTGAGTAATAGTTTTAACATCACTAAATACATATGGATTTAAATTAAATACTTCATTCATTTTAGGAACCAATAAAACTAACAATATAAAAAATGTTGAAATTCCAAATGCATAAAAAACATATTTAATATCGTCTCATTTATAAGTACATATATTATGCTTTGAAAACATATTAAATGCATTGAATGCTTGGGATATAGATAGTGTAATAAACACCATAGTTGATCCAGCCATTTGCATATTTAATAATATTTCTCTACTTGTACCAGTTGTTTTATGGAAAGCCTGTAATGATTGAACAATAAGACTAAAATTAAAGTTAACAAACATACCAGCACCTAAAAAAAATCCAACTGTACAAAGTGCAAAGGTCAATAAACCTTGAGACAAGACTTTTAAAACCATTTTTTTGTCTAATAAGTTATTACTATAATTTGGTTTAAAACTCATGACGTCTCTTTCAGCTTTTTTCATTCCAAGTGCAATCCCTGGGAAGCTTTCAGTAACCAAATTAATTCATAATATTTGCAATGCACTAAAAGGGTTAAATCTAAAAATTAACATTCCAAATAATAGTGTAAACAACTCAGAAACATTGGTTGTAAATAATGTCAACATCATTCTTTTGATGTTATCTAAAACACCTCTACCCTCTTTTACAGCTTCTACAATTGTAGAAAAATTATCATCTACAAGTATCATATCAGCTGCACCCTTACTAACCTCAGTCCCAGTTATACCCATAGCACAACCAATATCTGCAGCTTGAAGAGCTGGTGCATCATTAACACCATCACCAGTCATGGCAACTATATCACCATTTTTTTGTCATGCTTTAACAACTCTTATTTTGTCTTGTGGAGATACACGAGCATAAACACTATATTCTTTAATGTGTTGTTGTAATTCTTCATCAGACATTTTTTCTAATTCAGAACCTGTTATTGTTTTTTGCTCATCACTATATAAAATATTTAATTCTTTTGCAATAGCTGAAGCTGTATTAGCATGATCACCTGTAATCATTATTGGCCTTATACCAGCTTTTAAACATTCTTGAATAGAAAGTTTAACCTCTTCTCTTGGCGGATCTATGATACCTAATAGACCAATAAGTTGTAAATCTTTTTCAATAGTTTTAAAAGTAACATCTTTAGGAATTGATTTTATTTTTTTAATAGCAATACCTAAAACCCTAAGAGCTTTATTACTCATGATTTCATTTTGCTTTTCATATTCTTTAATAGATTCTTTATTTTTACAAATAGAGAATAAATTATCTACTGCTCCTTTTGTTACAACAAGATAACCATCACTAACTTTATGAATAGTTGACATAAGTTTTCTATCTGAATCAAAAGGAAGTTCTTCAACTCTTGGATATTTTTTTAATAAACTATTTACTTCTATACCATTATCAATTCCAGCTTTAACAATTGATGTTTCTGTTGGGTCCCCAATTAATTCATTTTCATCAATCTTTGTATCATTACAAAGCATCCCATATTCAATCAACTGTTTAACTTCTTTGCTATCAAATTCTTTAAATGACTTTTTATTTGTAAACACTTCTACAATAGTCATTTTATTTTGTGTTAGTGTCCCTGTTTTATCAGAACAAATTACACTAGCACTACCTAAAGTTTCAACTGAAGATAATTTTTTAATTAAAGCATTTTGCTTAGCCATTCTTTTAACACCAAGTGCTAAAATAACAGTCAAAATAGCTAAAAGACCTTCTGGAATAACAGATATTGCTATTGAAACAGCAACTTTAAATCCATTAGATCAAGTTTCACTAATAAGACTTGGATCATTTACATATGTAACATATAAAATAAAAACTAAAACCAAAAAGAACATTGCTATATATGTAAGTTTTTTACCAAGACTTGATATTCTTTTTTCTAAAGGAGAAAGTCCTCCATCATTTTCATTAAGCAAACTTGCAATCTTACCAATTTCAGTATTCATCCCAGTATTTGTAACTAAAATAGTTGCTCTACCATTTATTACACTAGTACCAGAATAAACATAATTTAATCTATCTCCAATTGGTGTTTTATCATCATATACAAAATCTTCATTTTTTTCTATTGCAATAGATTCACCAGTTAGAACAGATTCGATAACTTTTAATGAATTATTTTCAATAATAATTCCATCTGCTGGTATTGTATCTCCAGCTTCTATTATGACAATATCCCCTGGAACAACTTCTATAGAACTTATCTGATCAAAATTACCATCTCTAATAACTTTGGTTATAGGGGTGGTCATCTTGTTGAGTGCTTCCATAGCTTTTTCAGCTTTTGCTTCTTGAATGGCACCAAATAAAGCATTTATAAATACTATTAAAAGTATTACAGATGGTTCAACTCATTCAACTATTACTTCGATAGGTTCAAAGTGCTGTTTTCTTGAATTTAGACCAGCAACTACATAAGAAATAATTGCTGCAACAATTAATAATAATAGTAAAGGATCATAAAATTGGTTTATAAATTTCCTAAAAAAAGTATGTTCTTTTTTTTCTTTTAATTTGTTATACCCAAAAGTTTTGATCCTTTTAGCAACCTCTTGTGAGGTTAAACCCTTCTCAAAATCAGATGTTAATTTGGACTGGGCTTCTGATAAATTTTTATTCATTTTCTTTCTTAAACCTAAACATTTATAAAATTATAGAATAAATTATATCAATAATTGTTGAACATTCAAAAGAAATTAAAATCTAAAATTAATTAGTTTGTTAAATGTTTTTATTTTTATAAAAAAACTTGTATTTAACAAACTATTCAAAAATTACCACAGTATCTTTGAATCATTAAATTAAGATAATAAATTTATTAAATTTGATTTGTTTAAAAAATAGCACCTTATATTAAGGTACTATTTTTTAAATTTAATTAAATCTTGTTTTTGCAATCCCCAGTTTTCACAAATTCTTCTAAGTTTTTATACGATATTTCAACCATATTTGCAACAGCTTCATCTGTATAACTTCCAATATGTGGAGTTATTAATACTCTTGGATACAATCCTAATAATTCTTTTACAACTGGATCATCAATACTATTTATTTTCTTTCCAAAATATTGCTTTTCATCATATAAAACATCAAGACCTGCACCAAATAATTTATTTGATTTTAATGATTCTAATATTGCTGCATCATCTTGAATTTGCCCTCTTGAACAATTAATAATTATTGATCCATCTTTCATTTTATTAATAAAATCTTTGTTAATCATTTTTTCATTTTGACCTTTGATAAATGGAATGTGAACTGAAATAATATCTGATTCTTTAATAACTTCATCCAAGGACTTATATTCAAGAATCTTTTTTGCTTCTTGATTAATATATGGATCATAACCTATCACTTTAGCACCTAAGCCATAAAACATTTTTGCTGTTTCATAACCAATTTTTCCAGTTCCTAAAATTCCTACTACAGAATTTTTAAGTTCTTTTGCAAAACCAACATTATCAAAACTAAAATCATAAGAAATTGATTTGTTTGCAAAATGTAATATTTTACGACTTAAAGAAATAGCCATAGAAACAGCAACTTCAGCAATTGCTGTTGGAGAATAACTTGGCACTCTTGCCATTTTGAAACCCAATTGTTTTCCATATTGAACATCAATATGATCAATTCCAACAGTTCTAGTTAATACATATTCTATGTTATTTTCTTTTATTTTATCTAATACATCTTTTGTGATTTTATCACTTGCTCTACAAATTATTGCATCATTACCTTTTATTAAGTCAATGTTATCTATTGATAATGATTCACTTTTTAAAGTTAGTTCATACCCAAAATTTTTGTTATATTTTTCAAATATTGGTTTTTCAACTTCTCTAACACCAAAACATATAACCTTCATATTTGCTCCCTAATTAAACAATCAAGCTATTAGCTATTGAAAATTGTTGAACCGCAGTTGTTGGTGCAACAGCTGAAAATACAACGTCTCCAATTATTATTCACAACGGAATAAAAATAATCGCTAATAAAGTACATAAAGCTGAACATTGTGATGAGAATTTTTCACAAACTTTATATTGCATTGAATATGCTATAACAACAGTTGCAGGTGGTGTTGCTGCAAATATAATCATTGGAATAGCAACCTCTTTAGAAACTATTCCACTAGAAACTAAACCAAGCATAACTAAGAATATAATTAATGGAACTAGAATTAATTTTTCCATTGAAAAAATTCA
NZ_CP129197.1_gap19	571545	576405	4860	CTTTAACACTTGCAAGTTTTTCTTCTTTTGTTTTCATATCATAAAGATAACAATCTTGAACTTGAAGTTCACTAATTCTTTTTAAATCATTTGTAGTTTTCTTTCTTAAATGATTAGAAATATTTTCACCAACTTTAACAATAACTACTATCATTGCAGCAGTATGAGAAAAATCATATGTATGATTTGTTGCAGTATTATTTGCAAAACTAATAGTATTTGCAATTATTTGATAACAACTGTAAACATAAGCTACAACAGATGCTATTGTAATTAAAGTGTTCATTCCTATGGAATGTCATTTAAATACCTCATAATAAAAATATTTAAAAAAAGCATAACCACAAGTAAAGAAGGCAAAAGTACATAATAAAAATGAAAATCACTCAAATCAAAACGGCATTGGCTCATGCCCAAAAATAAAATACAAGTGAACAACCATTAATGGTAAAACCATTAAAAGAGATAAATATAAAAACGTATCAGAAATAAATTCTTTTTTAACATCTGATTCTAAAGTTCTAAATTTTTTTAATTTATTAAAATATGTCATTGTTAATCTACCACTTTAGGTGTAAAACCATTTTTTGAAATTACTTCTTTTATATTTTGAATATCAAATTTAGTTTCATCAAAATTTATTGTTACAACTCTATCTGCAAAATCAATTTCAACATCATCAAAACCATTTTTATTTAATGCCTTAATTAAATTTTCAGAACAGTTTGAACAGCTCATTTCTTTAATATAAAAACTAATACTAGTCATTAGACTACTCCCACTTAAAATGTACCTTATTATATATCAAAAAAAACGAATCTAAAAACAAGAATTTAAAACTAATTTTTTTTAAATATGTTTAAATTAGTTAGTATATTTAATATTGTAATAAAAAGAAAGTTTTAAATATGAATACTATAAGACAAAACACTAAAAAGGTATTTGTCAAAAATATTCAAATTGGTGGTAACAACAATGTTATCATACAGTCAATGACAAATACCAAAACCCATGATGTTGAAAAAACATTAGAACAAATCAACAGAATGGTAAAAGCTGGTTGTCAATTAGTAAGAGTTGCAGTCTTAGATGACACAGATGCACAAGCATTAAAAGAAATAGTAGAAAAATCTCCATGTCCAATTATTGCAGACATACATTTTAATCCATATCTTGCAATAAAAGCTTTACATGCGAATGTTGCAAAAATTAGATTAAACCCAGGAAATATAAAAGATGAAAATCAATTGAAAGAAATAATAAAATTAGCAAATGAAAAAAATGTGCCCATAAGAGTTGGAGTTAATAGTGGTTCATTACCAGATGATCTAATGAAAAAATATGGTGTTACAGCTGAAGCTATGATACTTGCAGCAAAAAGATATGTTAATTTATTTGAGTCAAATGGTTTTAACAATATAGTTGTCTCTTTAAAGGCAACTAATGCATTATTAACAATTCAAGCATATAAACTTGCAGCAAAAGAATTTAAATATCCATTACATTTAGGAATAACAGAATCTGGTTCTATTTTTAATGGAACAATAAAATCTTGTGCAGGACTTGGAGTTTTATTATATGAAGGAATTGGTAATACAATTAGAATTTCTTTAACAGGAGACCCTGTTGAAGAGGTAAAAGTATGTAAGAAGTTACTTAATTCATTTGGACTTTTCCAAAATATGGTTGATGTAATTTCTTGTCCCACTTGTGGTAGGTTGCAGTTTGATTTAGAATCAGTTGTTAAAGAAATAGAAGAATACACAAAGAAAATGGATTTTCCTTTAAAAGTTGCCATCCTTGGTTGTGCAGTAAATGGTCCAGGAGAAGCTAAAGAAGCAGATATTGGAATTGCTGGCGGAAAGGGTACTGGAATTATTTTTGAAAATGGTAAGATAATTAAAAGTGTTAAAGAAGAATTATTGGTACCTGAACTAAAAAAAATAATAGATAAAAAACACAAAGAATTTATGGAAAACAAAAAGGGATAAATATGATTAATATTTTTTATAATAAAAAAAATTTAAAAGATACAATGGTAATTTCAATTAAAAATTTAAAACCAACAGAAATTGAAACAAATGATGATTATTCAATTTTAAGAAATAACAATGAAATAGTTGGTATTAATCTTTTTAATGTATCAAAAAAAAATAAAATTAATGAAGGTTATTTAAAATTTGATGATGAAATTAAAAATCTAATTTTAAAAACAACAAAATTAGATTTATCAAAATATTATGAACCTCAATTTGTTGTTGGAAAAGTTATAGAATGTACACCAATTCAAAGCACTCATTTACATCTGTGTAAAGTAGACACAAAAAAAGAGATTCTACAAATTGTTTGTGGTGCCAAAAATGTTAAACAAGATCTATTTGTAGTAGTTGCTAAAGAAAATACATGTATGCCAAGTGGTATGACAATTATCAAAAACAAACTACAAGGTCACGAATCTTGTGGAATGTTATGTAGTGAAAAAGAACTTCAAAATAATCCAAATATAGAATCAAAGGGAATTTTAATTATTGATGAAAGTAAAAATCCATGAGGCTCTGAATACACTAATCATTTTTCAAATATTTAAAATGTTAAATGAAAAATTTAAAAATAAATTATTTTAATAAATCACTTTTTATACAAAAAGTGGTTTTTATTTTTTTATACTAAACATGTTGTGATTTTATTACTTTTTAATAACATAAAAAAATAGATGTTGTATAAAACAACATCTATAAAAAATTAATAATATTTTTTAATCATAGCCTCAATATCTTCTTTTGGTCTAAAACCAACAAATCTATCTACTTCTTTACCATTTTTGTAAAAAATAACAGTTGGCACCATAGTAACTTCATTTTTAGCTGTTGAATCACTTGCTTCTTCATCATCAATATCAACATCTACAAATGTTACACTTCCATATGCATCTGAAAGCTCTTCTAATATTGGTGCAATCATTTTACATGGTCCACATCAAGTAGCACCATATTTAACTATAGTAAGTGTTCCTTGTTCAATTAAGTTATCAATATTTTTGTCATTTCCTTTGTGTAATTTTGAACTCATAAATTCTCCTTTGTAATTTGAATACTATATATTTTATTCCATTTTACTATTTTTTATTATTAGAATTTTCTATATCTTTATTTAATATATTTATTTTGCTAGTTAACAATTTGTGTTGGTAATCATAAGTTAATAAGAAATATGTAAAAGACATATAAACAAATGCAACTATTCCAACAATAAGCAACGGGAATGATCAAGCTTCCATTAAATAAAATTTTTGTGTTTCTTGGAAATTAATACCAAATTCTACAACAAATAAAATTGCTAGCAATTGTGCAATTACTAATAGTGTAACTTTTGGTTTTCTATCTGTTATTGATAATCCAAAAGCATTTAATAATTGTCCACTTCCATACAGAACACAATAGAAACATAAATAAAAATATGTAAATGATTTTGGAAAAATTAAAATATTATTTATAGCAACATTGCTAAAAGAAACAAATTTAGGTAAAAGAGTTTGGTCAATAATTTTCTTTATTTGTTCTTCTGATGCTTTATTAACTAAATCAATTAACCAATTTTTTTGTTCACTTGTAATAAGTTCTGAACTATTTATTATTTCAATAATTTTGCTCTTACCAATTCCATAAAGATCTGTTGCTATTGCATCGTTTGAATAAGAATGATTTTGATTTTTTGTGTAAGCTAAACTTAAACCCATAGAAAGATAGTTACAAGCAACTATCAATAAAACAGTTAATACAATGGTTAAAACAAGAATAAAAATCATCACAAAATTTATGTTAATCTTTTCTTTGTTCTCATCGAAAAAAGATTTTTCTTTTAAAAAGAAATAATATAAAGAATCTGCTAAACCATTTAAAATAAATGGAATTAAATACATCATGTTATACCAGATAATTCTAGACATTTGATAATCAAGTGGAACTGAATTAACCAAAGCATTAGGAATTTGATAGCTTAACAATAAAAGAGCACATCCTTTGAAAATTTGAATACTAACAGTTATAGCAATTTGTCTTCAAGTATTTTTAATAATTAAAACTAAATACTTTCCATTAACTTGAAAATAATTAGTTTTAAAAGTATCTGTAAAGAAAAATAAATGAATAAAACAAGAAATAATACTAATTAAAGAACCAACACTTAAACCAATACCAATTCCATAACCTTCAAGATCTGTGAAAAAAACTAACATTGAAATTAAAAATATAGTACTAAAAAAAGCAATAAACAATTGAAGCAAGGCATGAACTTGATTCTTTTTATTATTAATAACCATTAATAAACTATATTGAACAACGACAAAAAATACATATGGTACTGATGCATAAGTGAAATGGAATGCATATGGTAATGAATCAATAGTATTAACATGAATATTTGCATATTTTGTATAGGTGAATGAACTTGTAAAATATAATATTGCTAATATAAAACCATAAATAAAACCTAAAACAATTATGTCATATATCAAATCTTTTTTAACTTCTTCTAAATTAAAATTAAGTCTTTTGGAATTAATATGCTGAAAATAATAAAAACTACTAAAAATAGAAAAGCTAAAACCCATTTGAGAAAAAGCTAATAAAAATGTTGTAACAAAACCAATTCCCATAGTAGCATAAGCACCATAATTTAATTTTGTAGCTAATAAACAAATCACTATAGGTAAACTAACATTCAAAAAAGAAAAAATAATAAAAATTCATGAATTTAAAAATATCTTTTTTAAAAGAACAAAACTCATTTTATTATTTACAAAAAAAGATTGACACTTAATATTAAGTTTTGAAAAATTGTTTCTGACTCGCATTATTTATC
NZ_CP129197.1_gap20	762907	766821	3914	CAAGTTTATTTTCTTCGCCCCACTTTGCTCAGCCATCATCTGTAGTCAATGATGATTCCTCTAAAAATGATGTAGCTGTACCTGATGCACTAGCACCACCAGTTCTAGCATATGGAGTCATAATAATATTTGGTTCATTATTTGAATTATTCTTATTTAATAGATCAGATAATGTATATGTTTTAATCCCTGAAAACAAAGCATATATATCATAAATATTAGTTTTATTTATTATTAGATTTGAGTTGGGATTTGATGGTTTATAAACAACAGCAAGACCATCCCAAGCAAATGTAACTGTTTTTATACCATTGTTTTTTCAAACATTTTTGTCATATGAATTATTTGCAATAGTTGCTTTTTGAACTGAACTATAAGTATTTTTTGAAGCATTACCTAAGTCCTTTTCTAAAGTTGCAGCAACTTTCATTCCTTCACTTGAACCTCCTGCTTGAATTGTAACGTCAGCATTTTTATAATCATTCCCCAAAGCAGTCATCAAAGGTTGAACTGCTGATGAACCAGCAATGTTGATTGATTCTGGAGCATTTCAAGCTTTTGCAAATCCAGCTATAACACCAATAGGAGCAATAACCAAAAAAGAGTAACTAGCTATTTTAACAATTCTTTTAAATTGCATTTATTTATCTCACTTTACTTATTTATTTATCTATATGATACAAAAATAAGAGAAACAAAATAAAAAAAATTTTTAACTAAGTAAAAAATTTATTTACCTAATTAAAAATCCCCTTATAGAGTTATTTAGATTCAAGAATATAACCTTCTTTTAAAACTGTTTTTAAATATTTGTTATTCAATTTTTTCTTTATTTGAGATATTGTAACTTCAACAATTTTTGATTTTTCATCCTCATATCCTCAAATAGCTTTTTGTAATTCAGCTTTTGAAACTGGTGTACCATTGGCTTTCATTAAATATCTAATTATTCTATATTCTTTTTTTGTGAAATCTACTTGTGTATTTTTTAAAAAGACAATATTTGCATCTCTATCAACAACAAAGTCTCCATATTTAACAATATTATTAAAGTATTTTGAATTTAACACTTCATACTTTCTAGACATTGATAAAATTTTTGCTTTTAAAATTTTTGGTTCAATTGGTGCAAGAATAAAATCATTGGAACCTGCTTTGTAGATATTTAAAATATTTTCTAAATTATAAAAGTGAGAATAAGCAATAATATCAATTAATACTGATTTACTTCTAACTAATTGAATCATTGCAATAGCATCATTAAAATTATCATTATCATAAGATAGTATGACAATGTCATACTTTAATACTGAAAGTTTTTCTTTTGCTGTGTCAAAATCATTACATGCATCAATTACAAAAAGTTCAGAATCTAATTCTAGTTTAATTGCATCAAGTGTTTTAGAAATATCATATATAAAAAGTATATTAGTTTTCATTTTTTTCTACTATTCTTTCAAAAAGATTTATTCCTTTTTTTACTTTTAAACCAGTAACAGATTCAAGATTATCCATGTCGTTTAAATCTAACATTTTGTTATTTAAACCAAGTTGATCACAAGCAATTGGTGTTGAATCTATTAAGATTGGTGATAATAAACTAATTATTAAACGCAATGAATTTACCATTATATTTAGAAAAGAATGAAGTTCTTTTGTTTTGTTTTCTTTAAACAAAATTCATGGTTTTGTATTTTCAACATAACTATTTATTTTGTTTTCAAAATCAACTATTGAATCAACCATTTTATTTAATTCAAATGTTTCAATGTATTTTTTAACTTCTTTAATAAGATCTTGTTTTGACTTTATTATTTCTTTATCAAACTCAGAATATGAACCTTCATAATTTGGAACAATTGAGTTATTGTATTTTTCAATCATACCAACAGTTCTACTAATTAAATTCCCATAATTGTTAGCAAGTTCAGTGTTGAAAGTTGTGATAAATTTTTCTTTTGAAAAAACAGAATCATCTTTAATAGAAATTTCTCTTATTAAAAAATACCTAAAAGAATCTCTTTTATAATTATCAATATATTCTAATGGGTCTATAACATTTCCAAGTGATTTAGACATTTTTCCTGTAGGCGTAACAATTCAACCATGAGACACAATTTTATCTGGTAATGGTAACTCCAACATCTTTAACATTATTGGCCAGTAAATACAATGAAATCTTGTAATTTCTTTACCGATAACATGAATTTTTTGGCAATCATCTGACATTCAATATTTTTTAAATTTAGAATCATCTTTTTGTTGATAACCAAGTGCTGTTATATAGTTTGATAAAGCATCTATTCAAACATAAACAACATGTTTAGGATTTGATGGAACTTTTATTCCTCAATCAAATGTACTTCTTGAAATTGAAAGATCTTCAAGTTTACCATCAATTAAAAAATTATTTATTAATTCTCTGCTTCTATTTTCTGGAAAAATAAATTCATTGTTTTCTTTTAAAAAATTTTCAATTCACTCTTTAAATAAACTAAGTTTTAAAAAATATGATTCTTCATTTTTTTCAATTAATTTATGACCAACATTACAACAAAGTGAGCCATCTTCATTTTTTATCGATGAACCTTCAGTGTAGTTTTCTTCACAAGAAACACAATAAAGACCTTTTCATACACCCAAATATATGTAGCCTTTTTTTATTAGTTCTTCAAATATTCATTGAATTGTTTTTTTATGGTATTCATCTGTAGTTCTAATATATAAATCATAATCAACACCAAGAGTTTTTCAAAGCGATAAAAACATTTCATTATTTTTGTCTACAAATTCTTGTGGTGACATATTTGCTTTTTTTGCATTCTCTTCTATTTTTTGTCCGTGTTCATCAGACCCAGTTAAAAAAATAGAATCATATCCAATTAATTTTTTATACTTATTTAAAACATCACAATATGTACCAGTAAATGCATGACCTAAGTGTAATTTTCCACTAGCATAAAAGATTGGTGTAGTTATATAAGATTTAGTAAAAGATTTTTTCATTATTATTTATCTCTTTCTTTTTTTATTGTTTTTCAATATTTTTGCTGTTTAGTTTCAAATAAACTAAATTTATTATAATTGTAAAACTTTTTGTTTTTAATTTGTTTTGGAAGATAATCTTGTTCAACCCAATTAAAATTGTAGTTATGAGGATATTTATATCCATTAACTCCTAAATTAACAGCGTTACTATAATGATTATCACAGATATGTTTAGGTGGTAAATAATGATTTTTTTCAACAACAGCTATTGCTTCATCAATCGCATTGATTGCAGAATTTGATTTAGGTGATAAGGCTAGTTCAATAGTTATTGCACTAAGTGGAATTCTTGCTTCTGGCATTCCAATAGCTTTTGCTGCTTCAATTGCAGCATGAACCCTTGAAGAAAGTTCTGGATTAGCAAGACCAATATCTTCATATGCTACAGCATAAAGTCTTCTAAAGATAGGTAACAAATTATTATTTTGTAATAAACAAGCAAGATAATAAACAGCAGCATCTGGGTCACTGCCTCTTATTGATTTATGAAATGCTGAAAGAAAATCATAATAAACTGTATTTTCAATATCAATGTTTGAGCCAACATTGTTAGATAACATTTTCAAAATTGTTTCAGTTGATTCACCTTTATAGTAATCCAACACTAGCTTGATACATGAAAATATTTTTCTAAAATCACCAAAGTTAGAAACCACAATTTTTTCAATAATAATTTTATCTAAATCTATTTTTTTAGATTTTAAATATAATGTTAATTCATCAATTATTATTTGATCATCTAATCTTTTTATTTCATATAAAAATATTCTACTTCTTATTGCAGGATTAACTACAAAATAAGGATTTTCTGTAGTAGTTGCAGCAATTGTTATTAAATCTTTTTCAAGATAATACAACAAACTATC
NZ_CP129197.1_gap21	778066	779397	1331	ATCGAAGCATAAATAATTGACTTATCAATAAAATCAACTCTATCAATTGTCCAATTTTTTAATATGTGTTTTTCTAGGGTTTGTTCTAAAAAACTTCTATTCTCAATAAAATATAAAGTTATAGTGTTGATGTATTCATCATTAATTGTATTTTTTAACTCAAGTTCAAACTTTTTAATAGTTTCTTCTTTTGAAAGATCTGAAATCAAAACTGAATAAACAAATTTAAAGACTGCAACTCTTTTTTCCCATTGAGATAAATTATTAGTTTTCATAAATAAAAGATATAGGCTTATTACTTATTTGAAATTTAGTATTTAATAAGAAAAGTAACTGATTGTACATGTTTAATTCTTCTTTTTTTGAAATTTCAGTACTTTTTGAAAAGTGAATGTTAATATACTTCAAAACATTTCTCTTTACTTCAAAATCAATGTTTTTAACATATTCACCTTTAACATAGCTTTTTAAAACATCTAGAAAAGAATTTTTTAATAAATTTTCTTCAACAAAGATTCCACCAAATTTATTAGAATTAACCTTTATCATAAACTATTTTTCCCTTCCTACATATGTTCCATCAGCTGTTTTAACAACTATTCTTTCCCCAGTTTTTATGAATTGAGGTACATCTAATTCATAATCAGTTTCTAAAGTTGCTTTTTTCATTGCAGTTTGAACAGTATTACCTTGAACAGCTTCTTCAGCATATTTAACACCTAAAGCAACTTGTTCTGGTAAATCAATGCTTAATATTTCATCATTAAACTTTAATACATTAACTTCACTTCCTTCTACAATGAAGTTTTTTTCTCATTCAAGTTTATTCATAGGAATTTCAATTTGTTCAAAAGTTTCACTATCTAAAAAAACAAAGTTAGATTTGTCCATATAAGAAAATGTAGCTTTTGATTTCATTACAGGTGCTTGTTCTAATTTTTCTCCTGTAAGCACTTCAATAGTTATAGATTGTGTTCTTAAGTTTTTAACTTTACATTTAACTATTCCTTCTCTCATAGCAGTTTTGTTAAATGAGTTTTCAATTACTAAATACAAATTATTTTTGAATAAAAATGTATGTCCTGGTCTTAGATCTTTTGCATGAATAATTTGAGCCATTATAAATTTCCCTCTAAATACAATACTATTTATAATTGTATAAATTTTATAATCAAAAATCAATTAAACAATAAAAAAAGACAAACCTATTTGGTTTGTCAAATAAATTATTTTTCAAGATCTGCTCTTGTTAGTTTTGGAGTAGAGTGGATTTTAATTTCATAGAAAACTTGTTGTTTTCTTTTCTTTTTAGGTGCTTCAAGAATTATTGT
NZ_CP129197.1_gap22	788172	789983	1811	TATTCTAATTGAGTTAGTTTTTTACTATTCTCAATTGATCTTAAAAACTCTTGTTCATTTTCAATGTCACGTTCATCTTCTAGTTTTTTAATTAATTTAAGAATTTGTTTCTTTTCGTTTTCGTTGCTACTAATTAAAGATGTAATTAATTCTTGATTTCTAATTTCAGATTCTTCTTTTTGGTTCTTTAAATAATCAAGGAAATTATCCATTCTTTCAATTATTGCTTTAGATTCTGTTTCAGTTTTGTTGAAAATCTTTTGATTGTTTAACGCAATAGATTCAACAAGTTCTTCTTTTTCTTTTCTTATTGATTCCAAAATTTCTTCAAAGTTATTAATTAATTTTTTAGTTTCTATTTTGTCTTCTGACATCATGTTTCTATTGTCTTCAGCAATAGATCTAATTAAATCATTAATTTTTACTTCAAGTTCTATAATTTTTTTATCTAAAACTTCTGATGTTTTTGAATCTAAAATTCTTTCTATATTTGCATAATTATTTGAATCTTTAACATCATTCACAACAGAAAGAATGTCATTCATTTTGAATTTAAGTGATTCAACTAATTCACTATTATCTAAATTGTTTTGAATTTCTTCTATGCTGGCATTAAAACTATTTTTAATTGTTTCATAATTTTGCAATAATCTATTTTCTATATTTGCAATATTTTTAGACATCTCATCTGAAAGGTTAGAAGAATTCAAATTTAATCCATCTAATTTTTCAGCAAAGTTTTTTTCCAACTCACTAATTTTTTCATTAAACTCATCAGAAATTTGATATATAGATGCTTGTATATTATCAATTAAATTAACATTGTCATGTTTAGAAGTTAAAACTTTTTCTAATGCATCTAAAGTTAATTCTTTTTCATTTAATAGTGATTCTAATTCATCATTTTGTCTCAATATTAAATATTCTAATTGAGTAAGTTTTTTACTGTTTTCAATTGCTCTTTGTGAATCTAATCCAGAACCTTCTTTTTCCAACTTATCAATTAATTTCATAATCTGTCTTTTTTCATTTTGGTTATTAGTTATAACAGCATTGATAAGACTTTCATATTCGTGTTTTGATTGTTCTTTTTCAGCTTTAAGGTCAGATAAGAACTTATTGAATTGATTTAAAATTAATTGTGATTCATGTTCTGTTCTTGATAATATTTTTTCATTGTTTATATTAACAGATTCAATAAGATCATTTTTTTCTTGTTTTAAAGTTTCAAGTATTTCTTCAAAATTAGAAATTAATTTTTTAGTTTCTTTTCTATCTTCAGCTATATAGTTTTTGTTGTTTTCATTCATCATGTTTAAAACTTCATTGAATTTAGTTTCTAATTCAATAATTTTTTTATCTATAACTTCAGAAGTCTTTGTATCTAATATTCTTTCAATGTTAGCATAGTTGTTAGAGTCTTTAACATCAGTTACAACTGATAAAATATCATTCATTTTGAATTTCAAATCATCAGTAGTTGTAGTGTCATCTAACTTGTTTTTTATTTCTTCTAGATTGATATTGAAATTAGTTTTAATATTTTCATAGTTTTGTAATAATCTATTTTCTACATTACCAATGTTTCTTGAAATCTCATCAGAAATATTAGCACTTAAATTTAGATCATCTAATTTAGTTGCTAAACTAGTTTCAAGATAATTTATTTTTGAATTAAAAGAATCTGCTATATCAACTATAGATTTTTGAATACTATCTAATGTTTCTTGAGTAATTGCTTTTTTCTGTTGACTATTTAAAATGTTTTCAATTTCATACAAAGCATCATTTTTTTCTCTCAACAAGTTTTC
NZ_CP129197.1_gap23	797954	799918	1964	GGATTACTTAATCACTGTTCCAAATCCATTTCTTTCCATTTCCTATTGAATGCCATATTATATATTTCATTCACATATTCATCATTATCTATTTTATATTTTGCAAATAGCATTTCTCTAACTTTTCTTTTAGGTAAATAATTAGCAACAATATTAATATTATTAGACTCGTTATCTCTAAGGTTATCAGAAATGATATCACTTATTTTTTCACTAATAGTTAAGCCATCATTTTCAGGCAATTTTGGTTCATTTTTAACAGTATCATTGTTCGTCAAAACATCAGATACTGTACTCACAACATCATTAACATTTTCATCCATTTTTTTATCAAGAATAGATGAAAAATTATTACTATTTAATCTTGGAGAAGATATAGTTTCAATGATGTCAAAATCTTTAATTTCTGAAATTATTTTGTCTGTAAAACTTTTTTTTTCAAAACTATCAATTACTTTTGTTTCGCTAGAATTACTCATTTTTAGTCCTCTAAAAAGTAAAAATCATATAAAATAGATACAAAAATATCTATTGTATATGATAACTTAAAAAAATAAAATTTTATTACTTTTTTAACTATGTACTTGTTTATTTAACCACTAAAAAACAAGTATATTATGTCATATTGTTAACAATTAGATTATAACTAATCATCGCTTAATATTTTCACAAAAGTATCATGTGGAACACTCACACTTCCAATAGCTTTTAGTTTCTTTTTTCCCTCTTTTTGTTGTTCTAGCAATTTCTTTTTTCTTGATATATCTCCACCATAACATTTGGCCAAAACATTTTTTCTCATTGCTTTTATTGTTTCTCTAGCAATTATTTTTCCACCAATTGCAGCTTGAATTGGAACTTCAAATTGATGTTTTGGAATATGGTCTTTTAATTTTAAACAAATTTTTCTAGATCTATCAGCTGCAAAATCTCTATGCATAATCGATGAAAGAGCATCTACTTTATTTCCGTTTAAAAGAATATCAACTTTAACCAAATCTTGTTTTCTATAATCAAGGATTTCATAATCTAATGTTGCATAACCCTTTGAAACTGATTTTAATCTACCAAAGAAACTATACATAATTTCAGCAAGTGGAATGTAGTATACAACTTTCCTTCTTGTCAAATCAATGTTATCTAAAGAAATGTATTCACCCCTAGATTTTTGGCAAAGATCCATAATGTTTCCAAGATAAGTTTCTGGAACTATTATTTCAACTTTTGCATATGGTTCTCTAATTTCTTTATAATGAGTTTTATCTGGTAATTTGTTTGCAGAATCTATATCAACAATACTCCCATCATTCATAAGAATTTTGTAAACTACCGATGGTGTTGTTGATACTAAAGAAATATTAAATTCTCTTTCAATTCTTTCTCTAATAACATCCATATGCAATAAACCCAAAAAACCACAACGTATTCCAAAGCCTAAAGCTTGAGATGTTTCATATTCATATGTTAAAGATGAATCAGATAAAGATATTTTTTCTAATGCTTCTTTAAATGGTTCATATTGAGTTGTATCAATTGGATATAATCCACAATAAACCATAGGTAAAATCTTTTTATAACCTGGTAGTGGCTCATTTGATGGGTTTTTAGCATTTGTAATTGTGTCACCAACATTAACAGATTTTATTGTTTTAATTGAAGCGGCAATTCAGCCAACTTCTCCTGCAACAAGTTCATCTTTAATTTTTACTTTTGGAGTGTTAACACCGACTTCAGTAACAACAAAATTTTCTTTATTTGACATGAATTGGATTGTATCACCAACTTTTACAGTACCATTTTTTATTCTAACCAAACAAACAGCACCTCTATATGCATCATAATAAGAATCAAACACTAAAGCTTGTAATGGTTTGTCTGCATCAGAATCAAGTGGTGGGGGAATAAGTTTAACAATTGCTTCTAAAATATCTATAATGTTAAGACCAGTTTTTGCTGAAACCAAA
NZ_CP129197.1_gap24	823192	827722	4530	CAATTAATGAGTAAGCAATTGAGTGGGAGTGATTAAAACCATAGTTTGCAAAAGTATAAATATAATTAAATATTTCATCTAATTCTTTGGTTGTGTAACCATTTTCTTTTGCTTGGTTATAAAATTTTATTTTGAAACCTTCAAGTTCATCACCTTGTTTTTTTGAAATAATTCTTCTAAATATATCAGCTTCACTAGCAGAAAAATTTGCTATTCTTTGAACTAATGAAATAACTTGTTCTTGATAAACAATTATTCCATATGTACTTTCTAATATATCTTTACACTTAATATCCACATAGTCAATTTTTTCTTTTTTATCTCTTCTAGCAATGAATGATTTTATGTTTTGTTGTGGACCAGGTCTAAAAAGCGCAGAACACAATGATATGTCTTCTATACATTTTGGTTTCATTTGTTTTATTAAAGATCTCATACCTGGTGATTCCAATTGAAAAATACCTAATGTGTTTCCTAAAGAAATATCATTAAATACCTTTTGGTCATCTAAATTAATTTTGTATAAATCAATTTCTAATTTATATCTCATATTAATAAGAGTCAAAATATTACTTATTGTTGTAAGGTTAGTTAAACCCAATAAGTCCATTTTTATTAAACCAAGTTCTTCTAAATATTCCATAGAGTATTGAGTTACTATTTCTTTGTTAACTCCCAATTGAATAGGAATGGTTTCAACTAATTTATTTTTTGATAAAACAATACCTGCTGCATGTATACCAATTTGTCTTGGGAACCCAATAATTTTATTTGCTATTTCAAATAAAAGTGGATTGTTGTTTTTTTCAAGTTTTAAAGTTTGATTTGAATCAACATAATCCAAAAAGTTTTCTTCTAAATCATTTGGAAATTCTTTTGATATTTTATTTATTGTTGGTAATGGGATTTTCAAAACTCTCCCCACATCCCTAATAGCCATTTTTGCTTTTAGTCTTTGGAAAGTAGAAATGTGTGCAACATGATCATAACCATATTTTTCAAAAATGTATTCTATTATTTCTTGACGTCTAGTATCCATTATATCAATGTCTATATCTGGCATACTCAATCTTCCAGGATTCAAAAATCTTTCAAAAACCAAATCATATTTAATTGAATCGATTGAAGTTATTCCTAAAAGATAAGCAACCAAAGAACCAGCAGCTGATCCTCTTCCTGGTCCAACAAGTATTCTTTTGTTTCTTGCTTCTTTAATAAAATCTTGAATAACAAGGAAATAATCATTGAAACCCATTCTATCAATTATTTCCAATTCATAATTCATTCTTTTAACATAAATATCTTTTTGATTTTGATTTATAAAACCTGCAAGAATTTTTTCATTTAAACCATCTTCACAAAGTTTATTCATATAAGCTTTAGAAGAAAGATTAAAACTATTTTTAAATTCTATTAAATTATCATGTTTAGTATCAATAATTAAATTTATTGATTCAATTTCTGAAGTTAAATTAGCAATAGCAACACTATCATATTTTTTTATAAAGTCACTTGGTTTTAAAAAATGAAGCGTTTGGTTGGATACCTCATTTAAATCAATATCATCAATTGTTTTATTATCTTTTACAGCACCAATTACTTTAAGTGTTTTTAAGTCATTTTTATCATTTAATCTTACTTCGTTTATTGCAATTCTATTATCAAGTGATTGATCTTGTGAATAAACTTTAGTTTTTTTAGTAGCAAAGTTTGAATTGACTTTATTAACTAAAAAAACATTCTCATCTAAAAGAGTTTCAATATCGAATTCTTTTTCAGTAAGAATAAAAGAAGAAATTTTGATAAGATTTTTAAATCCATCAAAATTCTTTGCATATACTAAGAAATTAAAATTTTTATAAGAAACATCAAGACCTATTATAGGTTTTAAGTTGTTTTTTTTAGTTAGTTTATAAAATTCAAAAGCACCATACAAATTAATATCTGTAGTTGATGCATATTCGATGTTATTTTTAATAGCAAAATCTATTATGTTTTGAAAATTAACCGTTGAAGATAGTAAAGAATAAGAAGAATATGTGTTTAAATTTGGGACAATAAAATTATCTTTCATTAAGTATTTTTTTAATGATTTCTTTCTCTTGCTTTGTTAATGTATCATTAGCAAGTCTGTATTTTAATTCTCTTGTACTTAAACTACTATATCTTTCATAAGTTAATTCGTCTTCAGTTTTTGATAAATTAAAATTATGGATATCAATTTTTGTAGTTTCTTCTTTTCTATTATCTTCTAATAGTTGTTTTCTATATTCGTCTTTAGCTTTTTTCTCTTTATTTTTTTTAAAAAACATATACTATTACCTACCGAATTTATTATAAATTAATTAACTAACTTTAAATCATTTAAATATTGCTTTAATCTATTAACAACTTTATAAAATTCTCTTTCGCTATCCAAAGTAAAACCTGCTGCAAATTTGTGTCCACCACCACCAAGTTCATTAGCAATATGATTAATTTGAATATCTCTACTTCTAATAGAGCCTTTTCAACTTTTTGTTTGTTCATCAAAATATACAGTTGTTCAAATATAAACATCTTTAATATCACTTAGTAAGTGAACCATTGATAATTGAGGAAAAATATGAAATTTATTATGCGCTCCTTTAGGAATAACAAAGTAAGCAACACCATCTTCAATCTTGGCTCTTTTCATTAAATAATTTGTAAATAAAATTTGAGATTTTTCTCTAAGATAAACTGCATCATGAACATCACTTCTACTAAATCCTGTCGAAAGAAGTTTACCTGTTATTTCATATGTTGATGGAAGTGTATTAGTGTGTAAAAATCTACCAGTATCTGTAATAATTCCAGCATATAAATATTTAGCACAGTCAGAAGTTAATTTAAGTTTACTTTCAAAAAACAAAGTAGCTCACATTTCACAAGCTGCTGGCATCATTGGGTCAATTCATTCATAATCTGCTATTGTTTCAACTTGAGGATGATGATCAACCCTTATAGTTTCTTTACATATTGTATTTCTTCTAGAATAAACCCTAGAGGCATTAGCAGTGTCTGAAATAATACCTAATGAAGATGCTAGAAATTCATCTGAAGCAGCATTTTCTTTTTTATCAAATTTAAATAGAGTAGAACCATATATTTCAGGCAAAGTATCAAGACCAATAATTTTGACTTTTTTATTTTTAAAATTACTATTTATGAATTCTTTTAAAGCAAAACAAGATCCTAAAGCATCAAAGTCTGGTCTTTCATGAAAAAATAAGGATATATTATCATAAATATCTATTTTACTAAGAATGGCGTCAAGAATACTTTTCATTTTCTACTCCTCAATAATCCGCAAATTTTTTATAGCACTATTTTCTAATAATTCTAATAGTTCTAGATTTGTTTCATTTGTTTTTGCACGTTCTATTGTAGGTCTTGTTACAGGGTTTTTTGGTGCAAATAAAGAACAAATGTCTTCATGGTCTGTAATAGAAATATCATAGGTCCCAATCTCTCTTGCAATTTTAATAATATCGTTTTTATCATAAGTTAAAAGTGGTCTAAAAACTATCATATCTTGAACAACTGAATTAATTGTTGTCATACTTTCAATGGTTTGCGAGGCAACTTGTCCTAATGAATCACCACAACATAAAGAGTCATATTTTAAGTCTTTAGCTAGTTGGTTTGCTATTCTATAAAAACTTCTCCTCATTAGTGTTATTCTGTATTTTTCATCTTTAGCATGAGTTAATTCATGTTGTATCTTTGTAAAATCCACAATATAAAATTTGGGTTTAAATATTTTACCATTTAAAGTTACCTTATTTATCAAGTTTTTAATTTTATTAATTGTTTTCTCAGTAACCTCTGAAGTTATAAAAGTTAAGTAATCTACAACCAATCCCTTTTTTTGAAGCATAAATGATGCCACTGGTGAATCAATACCACCAGATATAAGAGACAAACAAGAACCATTTAATCCAATTGGTAATCCATTACATCCTTGAATTCTATTGAAATAGAATAATGACTTGTTTTTTCTTAATTCTATTCATAAACATATTTTAGGATTATGAACATCTACTTTTAAGTTTGGGCAACTCTCTAATAATTTGGTTGCAACATATCTTTTTATTTCCAAATGATCTTTGCCAATATCAAATTTTCTTTTTAATTCAATCTTAAAAGTGGTGTTTTCTTGAGGAATAATTTTTTTAATTGACTCAGTTATTTTATCCAAATCAGTTTCTTCTTCATACGCTTCAATAACATACATTATTCCAGGTGTTAAAGAAAGAATTTTAATAATGTCTTGTTTTTGTGTAACATCATTGAAAAACACTTTTGCACAATCTATTTGTTTTTCAATTACAACATTATATTCAATAAGAGATCTTTTTATATTTTTAATTAATTGGTTAATAAATTCATTTTTATTATTACCCTTTAATGTTAGATCACCATATTTTATATATATAATTTCTTTCATCTAACCTCCAGAGGATATTATATTATGATAATACAAAATATAAGTTTATCAAATTAGAT
NZ_CP129197.1_gap25	834961	837255	2294	TTTTTGTCATAATTTACAATCATCAATCAAAAGTTTAGATTCATCTCTTTTAGACAATCTCTCATATTTATCGTGAGATTTTAAAAAGAAAAATCTTTTAACTCTATATTTAAATGAATTGTTTTCAACCTCATAACCTTCAAAATATTTATAACGATAACCCGTCTCTAAACTCTCATTAAAAATTTCAGTATAAACATTTATGAGTTTATTACTGTCTATTAAAACATATGCCATTAATAAAAATGGTTTAACACTAACAAGCATTCCGCTCTTTGTCCTAAAAGAAAAAATCTTTGGTCCAATACCAATAGAAAATTCTTTAACATTAACTTTAAACAACTTAGCAAATAAAAAGTGACCAAGTTCGTGTAATGTCATACCGACAAGAATGGAAACAAGCACTAAAAGTATTAAGACAATTTTCTCTCATACAGCACTCATGCTTACCCCCTATTATATTTATTATATACATATCTTGAAATTAAACTATGTAATCTGTATATGTCTGATATACCAATAATTTTTTCATTCAAAAACATTGGTATACATTCTTCAATGATTTCAATTATTTGTGTGTATTTAATTTTATTATTCTTAAATAATTCAACACAAACATCATTGGCGCTTATCAAAATAAGTGGTAAGGTTCTTGAGTCTGAATTCAAGCAATCATAAGCTCACTTAATTGGTTTTCATTTTTCAACATTAATTGTATCAAAATCTAATATTAATTTTGAAAAGTTAATGGGTTTAATTATTTTTTTGTTATTGTTTTTAAAACCATTGATTGCTAATGATATTGCAAGTTTCATATCAGGATCTGATAAATGTGCAAAAACACTATTATCATTAAATTCAACCATAGAGTGAACTATTGCTTGTGGGTGATATATAGCTTCAATGTTTGAAATATTAAAAAGGTATTTGGCTTCAATAATTTCAAAACATTTATTCATAAGAGTTGATGAGTCAATTGATATTTTATATCCCATATTTCACTTAGGGTGTTTTGTTGCATTTTCAAATGAAACATTAACAAGTTGATCAAAACTATCAACATTATAAAAAGGTCCACCAGAAGCTGTTATTAGTAACTTATTAATTTGTTTATTATTATTTTTTAGAATATCAAAAATTGCTGAATGTTCTGAATCTATTGGATAAACATTTATCTTGTATTCTTTAACTAGTTTATTAATTAATCAACCAGCTGCTACAAAAGATTCTTTGTTAGCATTAGCTAAATCAATTTTATTTTTTAATGCTAATAAAGTTATTGATAGACCACAAAAACCTGTAACTGCATTAACTATTAAATCAGGTTTTGTTTTCATAATCATTTCTTGAATAGAATCACAATTATTTAACACATTGTTATTAGGTGAATAAACTAATATATCTTCATATGACTTTAGTTCATTAGCTAATAAACTTTCCATTTTTTCAATATTTTTGTTGTAAACAACTCCAACTATTTGATGATCTGTTTTACTTATTACATCAATTGTTTGCAATCCAACTGAGCCTGTTGCGCCACATAATAAAATTTTCATTAGATAGCCTTTTGAATAATAACAACTTTGTTGTCTTTGCTTATACCTAAATAAATATTATCTTCTAATCTAAAGTGCTTATCATCAATTTTATTTTTGTTAATATATTGAATGATTGAATGTATTTTATTAGCACTAATATTTTTAAAGTTATAAAAACTTAAAAAACTATATACCAAATGATATTGATAATCATTATTTAAAGTTGTAAAAAACTTAGCATCAAATTTAGAGTTTTTTCAATTTTCAAAAAGTGTTTCTATTTCAAGATATTTTTCTTTATTAGAATTATTGTAATGAGAAACTCAATTAGCAAATTTATTTAACTCATATTTATCCATATTGTTAATAATTTTTCTAACAATGTTTCTTTGGTACATATCACTATTATTAGTTCAATCATCAGCATAATCTATAAAGTGTTTTTCACAATAGTTTTTAAGTGTTGATTTACTATAATACAATAAAGGTCTTCAAATTCTTAAATCATTGTATTTTCCATGTTCTTTAATTCCATAAAATAATGAAGTTGAGTTTTTTTGCTTTTGCATATATGCTGTTTCTAAAAAATCATTAAAGTTGTGACCAACCATAATTGTTTTAATATTTGTTTTGTTTGCTACATCACAAAAAAATTCATATCTTAAAATTCTATATTTTGCTTGTGGATTTTTAACTTTAATATCCTTGTACATGTCTTGCTTAACATCCAAAACATACAAAAGAATATTGTTATCT
NZ_CP129197.1_gap26	838907	842126	3219	TTTTGTTCTAATTGACAATGTTATCTTATAAATTTATTCATCAATTAAAAATGGTATTATATCCAAAGTAACTTACATTTATTAATAATTTTAATAAGTTAAATACAGAAATAAATAATGATTTGTAATTAATACTTTTTGATAATTAAAAACAAACATATTTAACATTAATCTTTTTATACTTTTATAAACAAAAATAATTAAAAAAGTACATGATTAAAAATATGTTTGCTATTGTTTATAATTTGAAATTAATATTGACTCAATTAATCTTTAATTCCATTTTTAAAAATGTTTGTTTTTAACCCATTTGGATAAAGTTTATTAAGTTGAGATTTATAAGATTGTTTTTGATTTTTATAACCACCATTAATTAGATCATATGGTTGTAAATTATATACCCCATATTGACCATTATAGTTATATCCCTCACTCATTAAAGCAAAATTAATACCAACATGAGCTGTAAAATCACTTGCAAAGTGAATGCCATATATATTATTGTTTTGATCTACAAAAATACTTCCAGAAGAACCAGCCCACATATCTCCATTTTGATCAGTATAAGCTAAACCTTGATAAATGTGTGGTATTATCCCACTTGTTGCAACAACATTTGATATAGGGTCTGATTTATATCCAAAATCAGCTGACCCTATAACTAGATCAAAAATTCCTGGTGCATTTTTAAATGTATTATAATGTCTTTCATTTACTAATTTAGCACCTGAACTTTTTTTATCTTCAGATAAATTGCTTGGTCTATTAATAAATAGCGCAACATATCTAGTATCTCTTTGCCCACCATCTATTGCAACTTCTTGAGGAAAACCTAGAGCATAAAAATCATTTTTTCTGCTTTCTGGATCATTAATTAAAGATTTTGTTGCTGGTTTAAATTTATCTGATTCTTTTCAATTAGCATAATTTGAACTAAAAGCTTTTGCCATTTTTTGAGGCGTTTCATATTCTGAATATTCATTATTATAAATTTTTGTAAAATCAATTTCAAAAACACTAAAATCTGCTAATTCTTCCACATGACTAAATTCAACATCGTCTGGTATGCTTGTAGGTTGTGGAACATTATTAATAAAATCAGATGGTTTTGATTCTAAATAATCAAACCCAAGAAATACAGGTCTTACAGGCTGAACTTCTAGTAATTTATCATTTTTATCTGTCATTTTAAAATTAAAAGTTTCGTAAGCCGGATTGCTTCAACTACTTTTTTTGTATAACCCACCACCATCACCAATTTCTGGGTCTTTTATTTTAGTCAAATAAACATTTGTTGTTGAACTATTAAGTTTACTAGATGTATTCGTTTCTTTATAAATACTATATGGTGTTTTTAAATCATCCATAACATGTGTATTTGTCGCCATATATCATTTAGTTGGATAAGTAGAATCTGTATAAGAATTACCCTCGCTTCTTTGTTGAACACCATTAGGTATTTCATAATCTAATATTCAAGATGTTCCAAGATATGGTGCTCCATTTATAGAAAAATTTACTGAAAAAGATATTTGAGCAAGTCTTTTATATTGTTCATTTATTATGTCTCCATTCAATGGGTTTGCATTGCCACGTCCATCATTGAAATCAGAATCTAAAATGTCATTAGCTCCTCTTTCTTCAACAATATCAAGTTTGCCATTAGAACTAACAGTTGAAAACTTATTATTACGATTTTCATTATTATTTCATAATTCGTAATTATATTCATTTTCTCCTTGTTCTGGAAGGTTAGGTTTATTTTCTTCACCACTTCCACTTCCTGGAGGAGAAGTGTTATTTCCATTATTTTGACCCTTTTGACTTTGGCTATAAGAAACATATCCTATAACACCACCAGCTCCAGCTAGTGATACAGTTAATAAGGATGCAAAAACTATTGTAGTTACTTTTTTAAATTTAAACATATTCACCTTTTTTTGATTATAAATAAAAATAAACAAAAATAAAGCACAACCATTTTTTGATTGTGCTTGTAAAAAAGTTAAATAATAATATCAGAAAATAAAAAAATTTAATTCAAAAAATATATAAAATAATGGTTAGACTAAAATACTTGAATTTTTTCAGCTATTAGTTTTAAGGTATCATCTTGGTTTCTTACTCTACCTTTTAGACCAATAAGAGTTCCATTTTCAATCAATTTTAAATCAGTTTTAAAAATTGAATTATTAAGTTCAATATTAAAGTTATCATAATAACCATCTAATCCATCTCTTGTTTCAAAGAATGGTTTTTCAACTTTTAACTTAATATTTGTAATGGTTTTATCTTTTTGAATTGCTTCAACAATACCTATCATTGCAACTAAATTCATTCTTTTTTTACCTCCTTTCGAAACTAATTTTAACGAGATAAAAAAAGTTTATTATGGGTAAAAAAATACTAATTTTTTTTAAAATTTTTCTTAAAAAAACACAACACTAAAAACTTAGTTGTTGTGTTCATAAATAGCAAATGCAATAGTATATTTTTTTTCATGAGAAATTGAAACACTAACATTATTAATGTTTGTGCAAATTGGTTTTCCATCATTATCATTAATTATTTCAATATTTTTTGAAATCGTTTTGTTTGAACTTTTACTTATAGCTTTAAAGATTGCTTCTTTTGCTGCTCATCTACCAGCTAAAAATATTGGTTTATATAAATCATCTTTTTTTAAGTATTCTAAATATTCGTTTTCAGTTAGAATAAATTTAACTTTTTTCAAATCATATGTTTTAAATCGATCATTTAAAACAATATCTACTCCACAAGTATATTTCATTATTGTTTTTTAGATTTTTTTAAAAAATCTATATCCTGCATTATTGCTGAAATATCTTTAATCATTTTTTGGTTTTCATACCCATCATTAACATAACTTTGAATTTCATGGTTTAATAGTTTAATTCTTTCTTGATGAGAATTTATTTGTTTTTTAAGATCGTTTATTTCTATGGTTTTTTCACTTATTTTTTTGTTAAGGTCATTATTATCTTGATAAATTTGAATAATGAATGTACATATTCTATCAAAGAACATATCAACTTCTAATGGGTCATAACCAGATGTTAAGTTTTTGGAAAACTTTTTATTTAATATTTCGTCTAAAACTTTAGCATATTTATTCATAACAAAGCTCCTCATAACTTATAATATTATATATTAATTTAATAATATAAAGTTGGTTTTATAATATGAGTCAAATTTATG
NZ_CP129197.1_gap27	865988	869861	3873	AGTAATACTGCTCATTTTTATACCTCATTGTAAAATTCATCTTAATTATTATAAAGAAAAAATAGAAAAACAAAATATAAACTTAAATATATAAAAGTTAAATTATAAGAGCTAACTATTAAATTAATTTTTTAGATTTTAAAAAATTAAAAATAGCATCTTCATTATTGTTTCCTATTATTTCTTTTGCATGTTGTTTAAGTTTGTCACATGCATTTCCCATAACAATACCATTAGCACAATTTTTTATCATAGACAAATCATTATCTGAATCACCAAAACAATAAATGTTTTCTTTGTTAACTATATTTTCTTTTTTTAAAATTTCTTTAATTCCATTTCACTTATTGTTGTTTATGTTCAGTGCTTGTATATAAACTCTTGATGTTTCAAGAATTTCTATATCTTCTTTTGATTTTTCTTTAACAATAGATAAATATTGTGGTAACAGTTTACTTTCCATTTTAATTGAAACTTGAACAATTTCTTTTGATCTAAAGTAAATTTTTTTGATCTTATTTCAATCATCATAGATAGGTTCTTTACTAGTCCCCCCTATGAAATAAAGGGGGTCATTGATATCTTGTTTTGGATTATTGCCAAAATAAACTCTTCAATATTTAAACCCATCACTAAATAATAATTCTCTTTTAAGTTTTTTTGCTATCTTATAAAATAATTTTCTCGTTTGACTTGGGATTGTATGATTTGATTTTCAACAAGAATTATCTTTTAAGTTTAATCAACAAGCACCATTATTACCAATAATATAATCTTGTAAATTAAGTTCTTTTATAACTCCTTGTGCTTGAATTGGAGTTCTACCAGTACACAAAATAACTTTATTGTTTTGTGCTAATAATTGTTTAATTGCTTTTTTGGTTGAATCATTTATTTTTTTATTGTCATTCAACAAAGTCCCATCAATATCAAATATAAATAATTTCATTTTAATAAAAAACACAATAAGGTTTTTGGACCTTATTGTGGAATATTTTTTTAACGAATCTTAAAGTCCAAGTTCACTTATAGCTTCATCAAAAACTTTTTTCATTTCTTTAGCAGACTTGTTGAATTTTCTTCTTTCTTCAGCATTTAATTCTAATTTTAATGGTTTACTTCAACCATTTTTATTAACAACTGCTGGTCAACCAAGTTGCATTTCAAAAGTACCTTTAGTTACACAAGATACTGGTAGTACAATGTTTTCGTCTTGTAAAACTGCTCTACAAATTTTGTTAATAGCAGCCCCAATACCATAGAAAGTTGCTCTTTTAAGATTAATGATTTTATAAGCCATTCTCATAACTTCATTGTGCATCTTTCTTTGTTGAGATTCAGTCATTTTTTTACCAAATTTAGATAATGGGATACCACCAATTGTAGCTTTTGAGAATACAGATACAGATGTATCTCCATGTTCACCAACTACATAAGCACAAACACTTTTTGGTGAAACATCATATTTTTCAGCAATTAATCTATTTAATCTAACTGAATCAAGTGATGTTCCAGTTCCAATAATTTTATGAACATCAAAACCTGTAACTCTTTGGTAAATTGTAGAAATAATATCTACTGGGTTAGAAGCAATTACAGTAATTCCATCAAATCCAGAATCTTTTACTTCAGTAGCTATATCTTGAATAATTTTTGCATTTCTACCAATTAGTTCAATTCTAGTTTCTCCTGGTTTTTGAGCAACACCAGCTGTAATAACAACAATGTCAGCATCTGCACAATCTTCATATGTACCAGCTTTAACATATTTTGGTGGTTGAACTAAGTTAGGAATAGCATCAGATGTATCAATTGCATTTCCTTTAGCTGCATTTTCAAATGCATCAATTAATACATATTCATCAAATAGGTTTTGGTTTAAAGCCCCATATAAAAATGCTTGTCCAACAGCTCCACAACCAATTAGAACCACTTTTCTATTTTTCATTTTTTAAACTCCTTAATATCCTTGTTGAAGATAGCTTACGAAACTCATAATCTGAAATCAATAAAATTGTTTCAAAATTATGATTTATTTCTTTGTAAGAATCATATAATTTGATTTCATAATCCAAATCAAAATTATTTCTTACACCTCTTATTATATAATAACACTCAAGTTTATTAGCAATATCTATTGTCCTTCCTTCATTTTTAACAACCTCAACATTTGCTAGTTTTAATTGTTGTAAAACTATCTTAGTCCTAAGAAATCTTTGGTCTAAAGTTTTTGGATCTTTTTCAGGATTATTTGAAACAACAACATAAACTTTTTTAAACAATTTAAGTGCTTTTTTTAATATATCAACATGACCTAAGTGAAACACTTCAAAAGTTCCAGGAAAAATTGCAGCATTTTTTTTATTATTCATTTTCTTTATCTCCATAAACATCAAATACTTGTTTTATTTCCATATTATTTTCTCTTAAATTTTTAGCATAGCAAAATGATTCATGCCCTGGACATATTAAATAATTTTTATTGCATAACTTCATAAATCTTTTTATTGAACTTACCATTTGATCAATGTTTGATGTTGGTAAATCAACTCTTCCAATTGCATCTGAAAAAATGAAATCACCTGTAAAATAAATATTTTCATATTCATAAACTGTACTACCAATTGAGTGACCTGGTGAGTATATAGTTTTAATAATAAAATCATCATTAAAAATATGTAATGTTTCATTGTCTTCAATATAATGAACATATTTTTTATCAACAACAATTGGTGTTTTAAAAATTCTATTTGTGTGTTTTGAAGTTATAAAATCACCCTCATGTTTTGAAACATATATTTTTAAATCTTTATATTCGTTTAGTAATTTATCAATATCAGCTATATGGTCAAAATGACAATGAGTTATTAATAAAGCAATATTATCAATTTTTCTATTTTTTAAAAAGTTAATAACCTCATTGTAATTTCAACTTATATCTATAACAATAGCAGAGTTTTTGTTTAATAAAATATATGTATTGTTATTTATATTTTGATTAGTTACAAAATATACTTTATTTTCAATTATTGTTTTCATACACTCTAATTATATTTTTAAAATTTATAAAATCATAAAAATAAACCTTAGTTTATTTAGCTTATTTAGTAAAACAAAAACAATATAACTTTTAACATGTTAAATAATCTTTATTTTTGAATAAAGTAAAAATAAAAGCACCCCACAATTGGAGTGCAAAAATTCAAAAATTATTTGTTATAAACAACTTTTCTATATTCTGGTTTCTTTTTAATAACTTCAGGTAAAACGATTTCATCATCTTTTTTACCAACAAATGATTTTGGTAATCCTTTTCCTTCAGCAATAGCATCAGAAAGAATTCCAATTAAAAGATAAACAGATTTAATAGAATAGTTATTTGCTGGAATTACATAGTCAACATCTGTTGGATCTGCATTTGAGTTACAAATAGCAACAACAGGAATTCCAAGTTTCTTAGCTTCTTTTAAAGCATTCTTTTCATTTTCTGGGTCAGTTAATATTAAAACTTTAGGTAATTCTTTCATAGTTCTAATACCACCAAATGCTTTAGCAAGTTTTTCAGTATCTTTTTTAATTTGAACTTGTTCTTTTTTAAGATACTTTTCAACTTCACCAGTTTTGTGGATAACTAATAAGTTATTAAATTTTTTAATTGAATTACTTATAGTTCTAAAGTTTGTTAAAGTTCCACCCAATCATCTTTCATTAATGTAGAAAGATTGAGTTCTTTTAGATTCTTCTTTAACATGATTTTTAATTATTTTTCCTCTAGTACCAACAAATAATGCAGTACCACCATTTTTAGTTAAATTAACTAAAAAGTTATAAGCATCACTTAAAGCCATAACAGTTTGCATTAAATCAATTATA
NZ_CP129197.1_gap28	965413	967094	1681	TATTAGATCAGGCTTCTCAATGTCCAAATTCTTTTCTATTGTTTATCTTTTCTGGTCTTAGACTATAAGGAATGCAGTATTTTCCATCAATTTTAGAAAATATACCTATTTTTCTTCTTTTTCCTTTAACATATTTTCTTCTTAAACAATCTCTTCTTTGTATCTTTCAAATCTTGCTATTGATTCATCTAAATACTTGCCTAGCACTTGGAACTTTAACTAATGGATAGTTTTTTTATTCAAAAAATTGTAGCTTCTACACCATGAGATTTAGGATTAAATTTTTGAATAAAAAGATCTGTGAAGTTTTTGTACTTCAACATAAAAAACATATGACAATTTGATTTTCTTCTAATGTATTTTTTGTGAGCAGATGATGAATAATAAATCCCTGTTGAAGATGTGTTTCTTTTTAATTCTCTTGATATTGTTGATTTGTTTTTATTTAAGATTTTTGCAATCTTATTCATAGAATATTTTCTTTATTTCAAAGAAAATAAATTAAGCATCTTTCTTCTTTTGTTAAATGTTTATAAGTTTTCATAAGCACTCCTAATATTCATTATCTTTTTATTAGTGAACACTTACAAACAAAACAAATGAAGTGCACACTCTTTTTTGAGCGTTGCACTTCACATGTCAATCGAGCAACATCAAAGACCAGAAACTGAAAAGCTTTTAAAAGGTCTTGAAATAATTCCAAATAAAAAAATTGAATACAAAAATAATTTATATGAAGAATTTGATATAGATAAAGCAATAGCTAGAAAGCCAGCTATTATTCTTGTTGATGAATTAGCACACACAAACATAAATGGTTCAAGAAACAATAAAAGATATTTAGATGTATTAGAACTTTTAGATTTAGGTATTGATGTTTATACAACAATGAATGTACAACATCTTGAAAGTGTTAATGATATTGTTACTAATAAAACATTAAGTAATGTTAGAGAAACAGTACCAGATTACATTTTCGATAATGCAGATGAAGTTGAATTAGTAGACATAGATCCTAAAGATTTATTAGAAAGACTTAAATCTGGAAAAATTTATAATAAAGAAAGAATAACTACAGCTCTTGAGAATTTTTTTACTATAAAAAATCTTAATATTTTAAGAGAAATGTCCCTTCGTCAAAGTGCAGACAAAATTCTTAAATTTGAAAACAAAAATATTGAAAGCAATGAAGAAGTAGTGGTTTTAATTACACCATCACCATCATCTCAAAAAAATATTAGAGAAGCATCAAGAATGGCAGAATTGAAGCATACAACATTTACAGCCATTTATGTTGAAAAAGAAATATCAGACAAACCAAATGAGCAAATGAAAAATCATATGGATTTAGTTGAAAAACTTGGTGGAAAATTAATGATATTGTATGGAGATGATGTTTTAAGCATTGTAGTAAATTATATAAAACTGCATAAAATAAAAACTACTGTTTTAGGAGCAACTTGATCTAAATTTAGAAGTAGAGCATTTGAAACCAAACTAATGACTTTGCTTCCTGATAATGATTTTTATATTGTTCCATATAATCAAAAGAAAATAACAAAAAGAAAAATTTTTAACATTAAATTTGATTGATTATCAACACTAAAACTTGTTTTAGCTGTTGGAATATTAATGCCAATTTATTATTTTCTTAGTAATGATTATTACAATGTTTTATGTG
NZ_CP129197.1_gap29	970244	972457	2213	TAGATTTAAAAATATTTTAATTGATAATCTATATATAAATTATATGAATCCTTTATTTTTTGATGATGGAGAAAATAAAAATGAATTTAAATAAAAATATAAAAATAAAAATTGCATTCTCTAACAAAAAATGTGATTATATCTTTTTAGAGGACATATATATTAAAAAAAATTAAAAGATTTAATAAAGAAATTTACAATATTTGTAAAGATCTTGATTTTGAATAAATCTTAATAGGAGGTAAAAAATATGTCAATAAGACAATACAACACTAAACTTTCATACAAACCAAACACACATGTTTCAATAGCAACAAATGGCCAGTTCTCTATAACTATGGACCCACTTCACCATCCAGAACAAGGTGTACAAGGAATGACACCAATAGAAGCTTTTATAAGTTCTATTTGTGGATGTGAACTAGCAGTTATAGCTGGTTATCAAAAAATAAAGAAAATGGATATAAAAGATGTAAAAATAGATGTTAAAGCAGAACGTGAAACAAACCCAACTGATGGATATTATGGGTTAACTTCTATGGAAATAAATTATTATTTTGATTCTACAAACACTGAACAAGAATTAGAAAACTTTATAAAATTTGTTCATGATGCTTGTCCACTTCATGCAACTATATCTAGAGCTGTTCCAATTAAATCTGTGATACACAAAATATAATTGGAAAACATTTTTTCAAATTAACAAAAAAACATATAATTTTAACACTAGACAAAATGTTATTTTGTTTGGTGTTTTTTTAACCAATGTTAAACAACAACGTTTTAAATATCTGTTTTTATTATGAACAAATAATTAAAAATTTTGACAAAATTTATAAATAGAACTATTTTTTATAAAAGTTTAAACCGGTTTTTTTCTTCTTAATTCGTTTAATAATTTTTGTTATATCTAAATTTTTATATGTATAAAAACCAATTAATTAAGATATTACAATTTTATAATTACATCTTTTTTATTAAGAATTTTAATCATAAACAAAAATGAATTTTTTATTTTGTTTTTAAATATGTGCATTGAATATGATGCTTTAAAATGAACACTACCAAATATAAATTAAGTAAATTACTTATCAACTGTTTTAAAAAACAAATACTAATGTTAAATAAAAAATTAATATTGTTCTATTTAATTTGATTTATTTTATTTTATGATATTGTGAATTTTAGTAATTTTTATTAAGTGTATTAAAACAAAAACAATTCAAAATTTTTATCAACGTTATTTATAAAAATTATAAATAAGAAATTTATGTGATATATTTTATTTATATTTTTTATAAAGAGGAAATTATGATTAAAAACAAAAAAATTAAAATATTGTCTTTTTTAGGAATGCCTTGTTTGATAGTTACTCCTCTAATAATCTCAAGTTGTTCATATAAAAATGTAAGAAATAATTTTGTTACAACATATGACAATGTATTGGATGATGCTATTGCTTTAGGTATAAAACCTAATTATGCAACTCCTGGAAATTGAACAACATATACTTCTAAATATATAAGAGAATTGGCTGAAAAAGCTAATACTAAAATATTAGATTGAAGAATTTTTCCTAAAGGTGAAGGATCATTAAACCCAAGAGAAGTAACTAAACTTGGGATAGATTTATTAGGAGCAAATATCACTGATAGTGGAAAAGAAAGTGTAATAAAAAACTATGTTAATAATGTGGCATACACTGGAAGAGGAGATTCAAAAGAATATTCTTATGTTGGTGATGAAAAAGTAATTTCAAATGAAGTAAAAACTAAAGTAGTTGATGAATTAGGTGGAATTGATTTTTATAATGACAGCGGAAAAAGGGTTTGAGTTAAGGGCAACGGTTTTGTAGAAGCTGGCACAGATGGCTCTAGTCGTGTTGATAAAAACTTTCAAGACTATGGTTTCAATTATAAATTATTTGAATGACAACAAAATCCATTTGCAGCTTTAAGCAAATTTGCTAAATCATTAGATAATTTATCTGGTGGAAAAAATAATTTTTCTAAAAAATCAGAAGAAATAGAAAAAATGCAAAAAAATAGATTAACAGACTTAAACAACAATGAACTTATTAAATCAAATGTTAATAACAAAACTATTGCATTTATTTTAGGTAAAAAAGCAAGTTCAAATTCTAATGATGCTGCAACAAATATACAAATTTATAGTCCACATACTTATCCACAATTTTATTCAAGACAAAATGA
NZ_CP129197.1_gap30	993227	995384	2157	TGTGGCTTTTAAAGATCCAAAGATTACAAGAATTGCCAAAATCGAGTTAATTGGTGGTCAAGCTAAACCAGGTCCTGCTTTAGCTTCTATTGGAATTAACATGGCAGAATTTACTAAACAATTTAATGACAAAACAAAAGATCAAAATGGGGAAGTTATTCCTTGTATTATTACAGCATATAAAGATAAATCATTTAAATTTGAAGTTAAGACAACTCCTACAGCTGTTTTATTAAAAAAAGCAGCAGGGATAAGTTCTGGTTCAAAGAATGCTAAAACTGAAACAGTTGCTACTATTTCAAAAGAAAAAGCTTTAGAAATAGCTAAATACAAAATGAAAGATTTAAATGCAAATGATGAAGAAGCAGCTTTAAGATTAGTTGCTGGAACAGCGAAACAAATGGGAATAAAAATTGAAGGTGTTAGTCCATATAAAAATAGTGGGAGCAAATCATAATGTCTAAAAAACAAAAGATTAATTTTGATAAAACTTCTTTCTATTCAATGGAAGAAGCTGTTAAATTAGTAAAAGCACATTCAAAAACAAAATTTGTTTCCTCAATCGATATAGCAGTTAAATTAAATTTAGAAACTTCAAAATCAGATCAACAATTAAGAGGTTCTATTTCTTTACCTAACTTTTTCGGTAAGAAAAAGAAAATATTAGTATTAGATGAAGGTTTAACTGATAAAGATGCATCAAAATTAGGTGTTGACTTTGCTGGTGATAAAGAAAAAATTGAAGAGATTTCAAAAGGTTGATTAGGATTTGATTTAATAATTACAACTCCTAAAATGATGCCTGCTTTAAGTAAATTAGGGAAAATACTAGGTACTAGAGGTTTAATGCCTAATCCAAAAATAGGTAATGTTACAACAGATTTACCTAAAACAATTGCTCAATTCAAAGCTGGTATTGATGAATATAGAACAGATCAATATGGTAACATCCATATGAAAGTTGGTAGAGTTGATGCTGATGATGCAAAGGTTGTTGAAAACATTAAATTCTTACTTGATTTCTTAGTATCTAAAAAACCTGCATCAGTTAAAGGAACTTACATTCAAAATGTTTCAATTTCTTCAACTATGGGTCCAGGGGTTAAGATTTTAATTGATAAATCACAACAAAACAAATCAAATAAAACTAAATCAAATAAAAAAGTAGAAGGTAAAAAATCTTCAGTTACTGAAAAACCAATTTATTACAAACCAATTTATAAAGTTGAAAGAAAAGTTAAGGAAAGTAAAAATCCAACAACTCCACCAAAAATTGTTCAAACAGCTGTTAAAACAAAACCAGTTGTTTCTAAAAAACCAACTACTAAACCAGTAACTAAAACTGCTAGTAAAACTGCTGCAAAACCAGTTGCAAAAGTAGTTAGTAAACCAACAGTAAAACCAACTACTAAACCAGTAACAAAAACTGCTAGTAAACTAGCTGCAAAACCAGTTGCAAAAGTAGTTAGTAAACCAACAGTAAAACCAACTACTAAACCAGTAGCAAAAACTGCTAGTAAACCAGCTGCAAAACCGGTTGCAAAAACAGTTAATAAAGCAACAACTAAACCAGCTACTAAACCAGTGGCTAAAACTGCTAGCAAACCAGCTGCAAAACCAGTTGCAAAAACAACTACTAAACCAGTAACTAAAGCTACTAGCAAACCGGTAGCAAAACCAGTTGCTAAACCAGTAGTTAAATCAGCTAGCAAACCGGTAGCAAAACCAGTTGCAAAAGCAACTACTAAACCAGTAGCTAAACCAACAAACAAAACTGCTAGCAAACCTGCTGCAAAACCAGTGGCAAAACCAGCTACTAAAACTGTTTCTAAAACACCTGCAAAAAAACCAGCAACAAGTAAAGTTGCTAAAAAAACTAAATAGTTTATTTTGTGTGGTATGCTTTGTTAAAAGAATGGAAGTAGGAATTTCTTAATTTCATTCTTTTTTATTTTATAATTTATATAATTTTAAGAATTGGGATTTATTTATGGACAACAAAAATCATAACTCACAAAACGAAAAAGAAGTAGCAGTTGAATTTAATAACATAAATTTTAGTTATAATTTGGACCCCAATCTTTTAAATCTTAAAAACATTAATTTTAAAATTTTTGAAAATGAGTATGTTTGTATTATAGGCCATAATGGAAGTGG
NZ_CP129197.1_gap31	1044318	1046312	1994	AGAGATTCAATAAAAATAATATATAATGCTCAAGAATGTGATTTCTATTGTAATTTAGCAGCTAAAAATGATCAAGATGTTTGCATTGTTCCATCATTTACAGGTCTTGGTGCTCCATATTGAGATTCATATTCTAGAGGAGCAATATTTGGATTAGAAAGAGGAACACAAAGAGAACATATTGTAAAAGCAACAGTTGAATCAATTGCTTTTCAGACAAATGATTTAATTAATTCAATGGAAAAAGATCTTGGAAAACAAATCACTGTTTTAAAAGTTGATGGAGGAGCATCTAATTCAGATTACTTAATGCAATTTCAATCATCAATAAGCAACATAAAAGTTGAACGTCCTAAAAATATAGAAACAACAGCAATGGGAGCATGTTATTTTGCTGGATTATATGTTGGCTTTTGAAAAACTTTAGATGAAATTAAAAAAATCACAAAAGTTGATAAAACATTTGTTCCAAATCTTGATAAAAGAATCGTTGATAAAAAAACAAAAATTTGAAAAGAAGCAATTAAAAGAACAATGAACTGAACAAAAGCTATTGAATAATATTAATTTCACTTATACATAATTAAATTAACCACATCATTTATTTATAGATAGATAATTTATTATTTTTATTTATATTACGTATTGAATAGTTTAAATCTATTTAATACGCTCGATTGACATGTGAAGTGCAACGCTCAAAAAAGAGTGTGCACTTCATTTGTTTTGTTTGTAAGTGTTCACTAATAAAAAGATAATGAATATTAGGAGTGCTTATGAAAACTTATAAACATTTAACAAAAGAAGAAAGATGCTTAATTTATTTTCTTTGAAATAAAGAAAAATATTCTATGAATAAGATTGCAAAAATCTTAAATAAAAACAAATCAACAATATCAAGAGAATTAAAAAGAAACACATCTTCAACAGGGATTTATTATTCATCATCTGCTCACAAAAAATACATTAGAAGAAAATCAAATTGTCATATGTTTTTTATGTTGAAGTACAAAAACTTCACAGATCTTTTTATTCAAAAATTTAATCCTAAATCTCATGGTGTAGAAGCTACAATTTTTTGAATAAAAAAACTATCCATTAGTTAAAGTTCCAAGTGCTAGGCAAGTATTTAGATGAATCAATAGCAAGATTTGAAAGATACAAAGAAGAGATTGTTTAAGAAGAAAATATGTTAAAGGAAAAAGAAGAAAAATAGGTATATTTTCTAAAATTGATGGAAAATACTGCATTCCTTATAGTCTAAGACCAGAAAAGATAAACAATAGAAAAGAATTTGGACATTGAGAAGCCTGATCTAATAGTTAGTAAAAGGCAAAGTGGTTATTACCACTTATTGACATTAGTGGAAAGAAAAACAAGGTTGGTAATTATTAGAAAAATAAAAGGGAAAAACGCTAGATCAATGATGGCTAAAATGTACACCATTATTCGAGATGAAAAACTCCCAATAAAAAGCATCACTGTTGACAATGGGTTAGAGTTTCAAATGATGGGAATAACTGCAAAACAATTCAACTTTAAAGTTTATTATTGCCAACCTTATTCTTCATTCCAAAGAGGGTCAAACGAGAACATAAATGGGATAGTTAGAAGATGATATAAAAAAGGAACTGACTTCAGTTTAGTAAGTGAAGATAAAATAAAAACTCTTGAATGAAAAGTAAACAACATCCCAAGAAAAATGTTTGGTTATAAAACAGCTTACCAAATGTATCAAGAAAATATTTAAAACAAAAAACTCTCAACTTATATTTCAAAGTCGAGAGTTTAATGTAACATTGAAGTGTTGCACTTCACATGTCAGTTAGGGGTATTGAATAGTTTAAATCTATTTAATACGTATTTTTAATTGTAATTAAAACTATAAATTTACCATTTCGTCTATGAGATTGCATTGCAATTTAAATGTATAATTAATAGTTTATTTTTTAAATATAATGTATAATATTTGTGTGTATTGTAAGAGGATTTGA
NZ_CP129197.1_gap32	1059533	1063985	4452	AGTTAAGATTAGCAAGAGAAGTTGCAGAAGAAATGAACCTAAATATTGGTTTCATTTTAGATACAAAAGGACCTGAAATTAGGGTTCATAAAATGACTAAAGGTCAAGCTGAAATAAAAAAAGATTCAGAAGTAACAATTCATACAACAAAAAAAGTTGAAGGTACTTCTAAAGAGTTTTCTGTATATGATTCTTCAGGGACATATAATATGGCTAATGATGTTAAAGAGGGAGACACAATTTTTGTTGATGATGGTAAATTAAAATTAATAGCAACAAAAGTTGATGTAAATAAAGGCATCATTGTAACAACAGCTAAAAATACACATGCTATAAAGGATAACAAAAGAATTAATTTGCCAAATGCAAATTATTCTATTCCATTCATGTCTGAGAAAGATGCTAATGATATAAAATTTGCTATTGAAAACAATTTTGATTTTATTGCAGCATCATTTGTAAATAGTGCATCAAATGTTAATGAAGTTAGAAAATTACTAGATGAAAATGGTGGTAGCCACATAAAGATTATTTCAAAAATAGAAACTATGAATGCAATTAACTTAATTGATGAAATTATTGATGCATCAGATTCTATTATGGTAGCAAGAGGTGATTTAGGATTAGAAATTCCGTACTATGATGTTCCATATTATGAAAAATACATAATTAAAGCATGTAGACATAAAGGTAAAACAGTAATTGTTGCAACTCAAATGCTTGATTCATTAGAAACAAAAATGCAAGCAACAAGAGCTGAAGTAACTGATGTTTTCTTTGCAGTAGAACGTGGAGCTGATTCTACTATGTTATCTGGAGAAACTGCTAATGGTTTATATCCTGTAAATGCGGTAGAAGTTATGGCAACAATTGATAAATCTTCTGAAAATTTATTTGATTATGAACGTGCTTATAAGGTTTACTTTAAACACACACCTTTTATAAAAACAAAAGCTGGTAAAATTGCTACAAAAGTTGCAAAATATGTAACTCCAACTAGAGAAATTGCAAACGGAGTATTTGAATATGGTGCAATCATTTATATTGGTAATGATAAAAACACAATTGAAGCTTTATCAAATATTAGACCAGCTGCTCCAATTTATGTTTATACAAATGAACAATCATTTAAAAGATCTTTTTCAATAAACTATGGTGTTTTTGTAAATTATGTAGAAAACTACAATGAAATATTAATGAATCACACAAGCTTAATTGGTGAAATTAAAAAAGGATTACCAGAAGAAAGCAACAAAGTTATAGTTGTTATTAATAATAAAATTATTAGACAATAAAAAACACTTAACAAAATTTATTACTTTATTCCACAATCATCTGATTGTGGTTTTTTATTCATGACTTTAAATGATTACTTCTTTATTATTACAAACTAAATAGTTTAATAATTTAAATTCAATACCAAATATTTATATTCTAATTCGTTTTGCAATTAACTATGCTATTTGTAATTTATGGTTTTTTGAATTGTAAAATTATATATGACTTATAATGTTTATAAGTGAGTATAAAGGAAGTCAAAATAAAACAAAATATCAAACTAGTTTATTAAGAATCTAATTTTATAACCTGATAAATAAGATTACAGTAATGGTTTATTAAAGCTCCTATTTTTAATTTGGTTGTATTTTATTGAAACAATCTTTTATTCTTACTAACAAAAGGAGAATTTATGAATGAAGCTCAAAAAGATAATGATTTAATTGAGGACGTTGATCAAAATAATAACATTGGAAGTTATTTTAAAGAAAAACAACAATGTATGTCTCCATTAGGAAAAATTAACATAGCAAAAAAAGATGTAGATATACTTAATAATTCCAATGAGTGATTAAACTATAGTAAAGCAGTTTTTAACAACAAAAGAAATTATAAAAAATATAAAACAATTGTAGTTTCAACAATTATTCAATTTATATTATCAGTAATAGGTATTGTTTCAGTAATTGTAAATATACCTTTTGCTATTAATAAAGAGTTTAATAATGTTGCTTTCTTTAGCGTTGGCGCATCTTGTTTAGTGATTCTATTCTTTATTTTTTTAGGAATTTTTCATGACTATAGAGGATGATATCTAGGTCAATCATCATTGGTGGAATCAAGCAAAAAGATAATGCCAGTATTTTATTTTTTTGGTGAATATTTAAAAAGTAAATTTGAAGCTATTAATAATATAAAACCTTCCCAAGAAAGAATAGAACAAATTAAACAAAATTACAATTCTATTTATTATAAACTTCATGAAAAACAAGAAAGTGATTTTGAAAATAATAATAAAAAAATAAGCAACAAAATTAATGAAACAAATTATGTTTCTAAATATGATAAAGTAATGAAACTATTAAATGTCTTCAATTGAACTTATGACTTTTTATCAATTTTAATTGTCGTTTCTATGTTTTTAACTATACTTAGCATGTTAAAAATTATTTAAGAAGTATAAGATAAATAATGTTTTATTAAGATGTGAAGCGCAATGCTTCAATCATGCTTAAACTCTTAACTTTGAAATATAAGTTGAGAGTTTTTTATTTTGAATATTTTTCTAATACAATTTGATAATTTATTTCATAACCAAATATTTTTAACATGTTATTTTTTTCATTATATGTTTTTTATTTATCTTCACTCACTAAACTAAAGTCAGTTCTTTTTTATATCATTTCCTAATTAATCCATTTATCTTTTTGTTAGTTTAACTTTGAAATGATTAATAAGGGATTGGCAATAGCAAAATTTAAAGTTGATTTGTTTTGTTGTTATAAATATCATTTTTTCACTTCTAATAATAAAGAACATTCTAATTATTGTTGATCTATAATTTTACTTTTTGTGTTTTTATTAATTGCCAATATTGTTTTTTATCAATGTTAGTTAATTAAATATTGAAAATTAATAAATAATATAAATTGTCACGATTTATAATGTTTATAAAAAGGGGAGAAAAAAATGAAAAAAACAAAAGTAATAATTTTAAGTGGGTTGTTTGCTACAACAATTGGAATAGCAACTCCATAATAAATAGTTATTCATCTTATAATGTTATTAAAGAAATTAATGGTTCTGAATCTGTTGAAAAAGGTGTAGATAAAATAATAAATGTTCCTGTATCAAAAGAAGAGCAAATGGAAATGTTTAAAAACGTTTCTGTGGATGATGTTATGGAACAATTTACTAATGAAAGAAGTCTAATGTATGCTACAGTTAATTCTATAAATGATTCAAATTTTGAAAACAAAAATGTATATGATGAAATTAATAAAAACAAGGAACATTTTAAAAATATAGTAGAGGGAATAATAAGTGGAGAAATTTCTATTGAAGAAATAAACAATAATTTGGAAAATTACAAGCAGCATAATGAATCAAATTATGATGCCATTATTAAAGATATTAATTCATCAGTAAATGTAGAGCGTTACAATGATAATTTTGAAACTCCTAATTTTAAAATTAACAACTACTCATATACTAACCAAGACAAAATTAATGACGTAGTTTTAGTTGATGACAATGGAGTAGAATACACTATAACCTCTGATCAATTAGCATTATTTACTAAGATAGAAAAATTTTTATCTAGATTAGAAATGTACAGAGATAAAACTTATGGTGTAGCAATAGCTTCATCAGTTTTAACTGCCGCTTCTTGAGCTATAGCTGCATTTTACTGATCTGCATGATGAATGTTTGGTACAAATATACCTTTTGCTGTTGCAGCGACTGTACAAGCTGGTCTATCTACTTGGACATCTGTAGAATATTTTAAAGAATATTATAAGGCAGTAGACGATGTTAAAAATTTTAAAAGTATAATTGATGATAGTGAATTCAAGGATTTGAAAATAGTAAGCTCTAAACTTATTGAAATTTCAAAAAGTAAGTTAAGCGATTCTGCTATAAGTTTTTCAAAGTTTTTATTAAGTTTTACAAATATTTCTAGGCTAGTGCTAAAATTAGTTAATATAGGGCTTCAAAAATTGTTTAATATAATAGTTGATTCATTTAATAATATAATTAAGAAATTCAACTCCATATCATTTAAGATGATTTTAAAACAAATGAACTCTAGAGTTGCTAAATTTGCAAGTGAAACTATTGTGAAAAAAACAGCTATGAAAGCAGTTTCTTGAGCATCTCCGGCGTCTCATGTACTAACAGCATTAGATATTGTTTTAAATATTTGTAGTTTCGGAGCTGATATTGGAATATTTAATCCGAGTGAGATTGAAAAATGATAAATTTTTTTAAAGAAAAAAATATTGCCAGACAACTAAAAATAGAGGAAATGATTAATAGAGCTAAAAAAGAATATGAATCCGATAAGAAAATGCTAAATGGCCCTATAGATTTTAATGATTATAAAAACTGATCTAAAAAAAATAAATTCATAAATATTTTCTTTTATAATTTTGATTTTGAAAGGTTTGAAAA
NZ_CP129197.1_gap33	1242118	1242618	500	TATAGATAAAAAATGATTGAATTTTTTTATTTTTTATGCTATATCTATTGTAAGAAGGGTGATGGTATAAATATGGAAAGGAATGAAAAAAGTAAATTAATGTTTAATTGTTAATATATGTTATTTAGGTTTTTTGTATATACCAGAGGTTTTGATCTACAATTAGAATCTTATTTTTAGGTTATACACACAAATTAACATATATATTTTTGCATATATATGTTTTTTGCTTTCAATGTTGTTAGTGATGTTAACAACCAGAAAGACCTTAATTTAATAATTATTTTTAATAAACAACTTAATTTATTTTTTATTTTATTTTTAAAAAAATAAAAAATTTTCCTACCTTAATATACTATTAGGTAATTTTAAAGGGAGTTTTCTATGAAAAAAGTGTTGTCGATGGGTTTGTCTCAATCTTTTCAGCTAGCATTACAACATCAATGTTAGTTGGTGCTGTTCAAGAATTATTAAATTCAAAAGGAAAAAATTTACAAGTA
