gap_id	start	end	length	sequence
NZ_CP007496.1_gap1	1715	5982	4267	GGAGGCAGATTATTAATCGCTGGAACAAATTTGGAAATTGCCTCTACTCAATATATTGGTGCTAAAATTGATAAGCACGGCTCGATTACCATCCCTGCTCGCTTGGTCTCAGAATTTATCTCAAACTTACCAAGCGGTACTGTTGAGCTTGAAGTCAAAAATGAGCATCTTCATATTACATCGGGTAAATTCTCATCAGTTATCAATGGTGTGGTGGCGGATGAGTATCCGGAATTACCAACAATTGACGAAAAAACTGCCATCCAATATGAAATCGATGTTGAAGATTTAAAGAAGGCGATAATTCAAACGAAAATTGCGGTTAGTTCTGATGTGACGCGGGCGGTTTTGACTGGTGTGTATTGGCATAATCACGAAGGCTCGTTATATCTGGCAGCTACTGATGGTTATCGATTGGCGGAAAAAAGACTAGCTAAGTCTAATGATGAAGTATCAGCTATTATCCCTGCTTCGACACTTTCAGAGGTAAGCAAGAGTGTTGGTGAAGAGAAAAAAATCACCGTTCTCTTTGATGAATCTCAAGTATGCTTCAGAACGGGAGATATGGAAATCGTTAGCCGGTTGATTGACGGAAAATTCCCTGATTATCGTCAATTGATTCCGTCAAATTCAGAGACGGAAATCGTGATTAAAAAAGCTGATTTTAGTAGAGTGACAAAGATTGCAGCATTATTTGCGCGTGAATCTGGTGGCGGAATAACCGTGACCGCCTCAAAGGAAAACTCCCTATTATCTATCCACTCAATCGCATCTGAGCTAGGTGAAAACACCTCAGAAGCTTCGGCTTCTATATCAGCTGACGGTCAAGTAACACTTAATTCGCGCTATTTAACGGAAGTTCTGAATATTATTGATGCTGACGAAATTACATTCTCGTTTAACGGTAAATTATCGCCATGTGTCATCCGAGAGCAGGTAAAAAACCCTGATTATACACACATTATTATGCCACTTAAGAGTTAGTGGAAAATGGTGATAACCTAGATGCTGCTTCGGATAAAATTTCTTCTGGAATATTTTTAGTATTATAAGTAGTATTGATTATTTGTGGTCTAGTTTTAATTGTCCATTTATTATTTTCTTTTTTTAATATGACAGTGTAGGCGTCTCCTGAATTTCTATCTATATCCTCTCTTTGATAGGTGGCGGCATACCAATCGATATTCTTTCCTAATATAATTTCCTTTTTAAGTATGAAATATGATTTTAATTCTGGGTATTTAGTAAATAATACAGCTGAAATCTCATTTTTGTATTCGGCTATTTTATTGGACATAAATTTCTTGCTGTAGCTGGTTTTTATAGATACATCCCTGTCTGATCCTTCGACTGTAAATTCTGTGTAATTTTCATTTATATGTCCAGACTTAGATGAGGTTTTAATTATATATTTGCCATCTGATAATTTTATTTTAGTATCTCCTGCTAACGATATAATTTCAGTGTTATTTTTTGCATTATTGCGATATATTTTAGCCGATAAGTCTGGTTTGTCGAAAAATATCGAAATAGTATAGGTTGGTTGAATGAAGAAAAAAGACAATAATAATAGTACGACTATTATAGAACTTATTATTATAATAATATTTCTTCGATTCATAAATTACTCCTTAAACACATTGGCATAATTTCTAAAAACAATATTTAGTTTTGATGGATCAAATCCTTGTTCTTTAATTTTATTAATAGCAGCATTTCTATATCCTTCTATAGTATCGATCTCTACAATAATACCATTTGGGATATTTGGATCTACTCTATAGCCTATAGAGTATATTAGATTTTTGATAGGTAATTTTTTAATTATTGGATTTGCATCTTCTAATGCTTTTTGCTCGTCAACAAGTTTGTCTGTTGTAATTTTGTCTATTTCAGCGCCCCTAGAAGATGATTTTAACTCTTTAGTTGCCTCTTGAGTAATTGGAATAAGTGAAAATACTATCCTTAGTGGTTTATCTTTCTTTACTTCTATATGAACGGTTTCGCTCTTAAAGCCATCTCTAGATGCTTTAAAATCATATATTCCTGGTTCTAGATATATAATTTGTGATCCGATAATTTTTTTATTTTCTACGGTAATTTCTGCTTTATTTGGTGAGACTAATAAAAATACTGGTACCGTATTAATTCTGGATGTATATATGACAATTCCGTAGGTTAATATAATAAGTGATGATAAAAATAGTAATATACTAATTGTTCTTTTGTTCATTATTTTTTCCTATACCAAGTTACACTTGGAGAAGTTAAACTTTCACCTCCTGCTTTTGGTGCATATTCGCATTGTGAAGCAGATGCTATTTTTGAATCAAAACCCTCTATATCGCCAACGTAAACAAAGGTATGTCCTGGGCTGTGTGCGACATCACCGGGTTTAAGATCTGCTATATTTATTGAGTTGCCAGCACCAAGATTTTGCCAGTTCTCTTCAGCCCAAGCACGCTGCGTGGCTGTCGGGCCAGCCTTACCGTTTTCGCCTCCGTAATTATAGTTCTTATCAAATCCACTGTCATTTAGTATCGTTGTCACAAAGGCACCACAGTCTACACCGCCCCCAAGACAAGAATCTCCAATGTATCTGTTCTCGCTTTTTGCCTTTTCTATAGCTTTTGCATATTCAGGTTTTTTATCTGTACGTACAGTTTTTTCTGGCCAGGCATAACGTTTGACATAGTCGATAAAGTCGCCGCCACTTGATGAAGAGCATCCTCCTCCGCTTCCGCCCGTACCATTGAATCTTTCATAAATCTTTTGAGCAGCAGCACCACGTATATTTTTGACCTGCTCTTTAGTCATAGCTGATTTTTCAAAATCATCATGCCAAAAAATAGTAGCCTCCTCTACTGTTTTTAAGGTTTTTAGTAGCTCCCAAGAATTTGACGCAGTACCGAATCCAGAAGCTGTAACCGGTCTTTCCGTTCCTTCTTGAACCAGATACTCTAATTCGAAAATTAATAATTTATCGTTATCTTCTACAGGAATAGAGTCTATCATTCCTTTTTCGTTGGGTGCGCCACCATATTCTTGACTGTAATATTTTTTTAGATCGGATGGTATTTTATTAGCTATTAAAGTACGCCTTCCAAATGTCCATTGAGCAAGACCCCATCCTCCGGATTCCCATCCCTGTCCTACTTCATGCCTAGTAGGACTAAATCCTGACTCTGCTTGAATATTAGCCATCACACCAGCCGTTTGCTCTGCACTTAATCCGACATTACGCAAGTATCCCCAAATCTTTTCTTGATTGTCAGCTCCAGATATACCAGCAGACGAAGAATCGGAACATGTCGTGTCATTTTTATTAAACCATAAGATATTATTATTGATATATGTATTTGGATATCCTGCTGCATAAGAAATCGGCTGAACAGTAGATATAAATAATACGGCAATACAAATAGCAATGAATATTTTTTTATACATCAGTCTGATTCCTCGCATATTCATTAACTATGTCCGTGGGTACGCCAGCTTGCTTTAGCGAATCTATCGTTTTTTCGCTATTGACTCCTGCAACGACTGTATTATCCTTAAAAATAGCATAAGAATCATAAGTGGAATTAGTAATATGGCTAAAAATTGTCATTTTTATTAATTTAAATCCGCCCTGTTCTTTGACTAAGATATATTTTTTTAGTTCACGTTTTCCATACTTACTGGAAGTGGAATTAAGTAATTCAATGATAATATTCTGCTCAATTGGTTGTTGAGGGCTAGTCTTTTGGGTGGCTGATTTTTTACTGACGGTTTGCTCGGACGATAAAATAGTGGTGTACTTACCTTTATCTGGATTTTTCGTGATAAAGAATACAACCAGAATATTTATGAAAAGCACGATAGATAATATTAGTATAGTTTTATCTTCCCTATTCATATCAAACATTCCTTGCGTACTCCCAATGCCACGGTTCTGGTTTACTGCCACCCGGTTTTGCCCAAGCTGGGTGAACGTAGCCATATTTATGTGCGTTCGCTTCCAGCCATTTATAGACAGCAGATCCAGTTCCACCGACGTTAATATCTACTGCTAGACCCCAACCGTGATTTGATATGCATGGAGGAGCTGGTGCTGCCGCCCCGCCCTGGTATCGTGGATTACCTGGAGTGGAGTAAGCAATTTGCGTATCGCAGTCTCTATACGCTTCGTTAATAGTTAAATCAACACCAGTCTCGGCTTTATAAGCTTTATTCATTTCTTCCATAGCCTTCGCAGCTTTTTTATGCATTTTATCGCTTGATGAGA
NZ_CP007496.1_gap2	33700	34769	1069	GATCGCTCAGATCAAGGCACTGTCCGACAATGCTTCCAGCGAATACGAAAAAGAACAATTCGACAAGCGGGCGGCGGCGCTATCTGGCAAAGTTGCCGTTATCAAAGTCGGCGGTGCGACCGAGACAGAAATTGACGAAAAGAAGTTCCGCGTGGACGACGCCGTGGCAGCCACTAAGGCAGCCTTGGCTGAGGGTATCGTCGCTGGTGGTGGCGTAACCTTGGTTAATTTGGCTGGCGGTCTGAAGGTGACTGGTGCAGACAGCATCGCGGCTGGCCGGCAGATTTTAAAGGACGCCCTGAAGCACCCATTCCTGCAGATTATGCGTAACGCTGGTTTGAACGCCGACGCACTACTAGCGCAAGTCGAGGCGGGCAAGGCTGGCTTTGGTGTTAATGTCATGAAACCCGAAAATGAATTGGTGGATGTCAAAAAAGCTGGTGTCATCGACCCAGCGCGTGTCACCAAGGAAGCGGTGCAGAACGCGGTATCCATCGCTTCGACCGCAGCGACCATGGGCGCATTAGTCGTCGACGTGCCAGAGCCAGAAGCTCCAGCTGCGCCTGGCGGCATGCCGGGTATGGGGATGATGTAAGTTCATTCTGTTAGTAATAAAAATCCCGCCAGAGTCAGCGGGATTTTTTATTGGAGGAATTAACTAGCGGGGATTTGAAAGATAATCAATCTCTTTAATGATATCCAGCAAGGCTTGAGCGCGACGAGCTTCGTCGGCAATAGCTATAGCCGCATCGTGTGCTGGTGCAATAAGGCTTTTATCATCAGTAGAGCGCAACAATAATAGGTAAGTGTCAAACTTTTCTTCTGGTGAAACATCAAGCTTATCAACCAACGGACGAAGTTCATTTAAAGCAGTCTGCTTAATGCTGTCAAGCGTAGGGTCTGTAGTTGGGTGTGATGAATCCGTGGATATCGTTGGTGTTGGATTTACAGCTACTGGATTTACAGAAGGCTCAACTACAGGCTGGCTATTGTCTTCATCTGTAGTAACAGGGTCTGGTGAAATAGTTGCAGGATTAACCGTTGGAGTAACTATATTATTTGTTTCTTC
NZ_CP007496.1_gap3	44545	46119	1574	GTGATGTCAGCAAACTAGATGCCATTCCGGCCGACAAGCGCAACGAGTTTATGAGCCGTATGTATGTTGAAGGGGCGCGGGCAGCTAAGGAATCGCCAGAGGTGCGGGCAGAAATTGATGAGCTAGCCAAGCAATCGTTTGTGCTGGACGACCCGCTGTACAAGCAAGTGTATGAGATTTGTAAAGCCTGGAGTTTTGATGAAATTGATACCAATGTGGCACGGCTGGGTAATGTGCCGATTGAGCGGCGCTACGTTGAGAGCGAAACCGAAGTGCCAGGCAAGGCCTTGATTAAAGCAAAAACCCCAGAGGTCTTTACGAAGTCTGATGGTGCGTATATCTTCAAAGGCAGCCAATACGGTACGTTTGATAATGTGTTCATCGGTTCGCACGGCAACGGACTATACGGCGCGCACGATATGGGGCTGATTCAGTTGAAACATCAAGATTATCCAAATCTGGACCTATCGATTACGGTCAACGGCGAAGAGCAGGCGGCGTATTTCCGTGGGGTGATCGCGGCTAGTGAATTGGCGATTCCAGAATTGAAAGGTAAATTGTTTAATTATGTGACTGGCCTGGTTAAATTGACAACTGGAAAAATGAGCTCGCGAACGGGTGAGGTTGTTACAATTGGCTGGCTGTTTGACGAGTTTAAGAAGGCAATTGAAAATGCTGGTGGTGAACCAACTGACGACGTGATTGCTGGCGCGCTTCGTTATCAATTCTTGAAGGTGAAGATCGGTGGCGACGTCATATTTGATATAAATGAAGCTGTAAGCCTGACGGGTAACACCGGTAGCTATCTGCAATACGCACACGCTCGGGCGCGCGGGATTTTGGCAAAGTCTGAACAAGCAGCCACGTTCCCGACAGAATTGTTCGACGAAGACCGGCTGTTAGTCAGGAAATTGAGTGAATATACGGAGGCGGTTAACCGTGCCACCGAGAGCTTGGAGCCGCATCATATCTGTGCCTACCTGTTTGAGTTGGCACAGGAGTTCAATCGTTACTACGAGAAAAATCAAGTTGTCGGCAGCGATAAAGAAGTGCATCGTGTCGGTCTGGTGGCGGTGTATGCTGATATTTTGAAGGCGGGATTAACCGTTTTGGGTATTGTAGCACCAGAGAGATTGTAACCATCCCGTAATAGTATGGTACAATCAAGGCGTTACTTAATGTAAAGGAGCTATATGGCAGAGAAAAAAGTAGCCAAGAAAGTGGCAGTCAAAAAAACTACAACCAAAAAGTCAATCATTAAAAAACCAAGCGTAGCAGTGTTGAAAGAAAAAGTAGGCGCGGTAAAAAGCCATGGTGGTGGCTTTATGATGTTTATTCGCGAGCAGGGTGTCGTTGGCCTGGCTGTCGGTTTGGCGATTGGTACTGCGGCTGGTGATACAGTCAAGAAATTGGTCACAGCGTTCATCGACCCACTTGTGCAGTTAATCGTTGGATCACAACAGGGTCTCCAGGCAGCATCTTTTACTGTTGAATTTGCTGGACGTCGGGGTGAATTTTTGTACGGAGCATTTATCAGCTCATTGATCACCTTGTTGGCAGTTGCCTTTGTGGTC
NZ_CP007496.1_gap4	54938	57115	2177	TAGCGACAATTTGCCGGGTGTGCCGGGCGTTGGTGAAAAGACAGCGGTCAAATTATTGCAAGCATATGAAACATTGGACGGCGTGTACGCACATGTGGATGAGCAAAAAGGTGCTCTACGGACAAAGCTGGAGAACGGCCGTGAATCTGCGTACTTAACTAAGCAAGTGGCAGAAATCTGGACGGACGCGCCGGTGGAGCTGGACTGGGAGGTGGCGGATGTTAATGATTGCGATTTTGCTCGGGTGGCGGAGATTTTGCGGAAACTGGAGTTTCATTCGCTGATTGGGCGGCTGCCAAAGACAATGCAAGCGGTGGATGAGGTAGTGGAGACGGCGGAGTTAGAGTTGCCGCAGGTTGACAATTTGCCAGCTGAGCCGCTGTTTGAAACAGAGAATATTATCTATATTGATCCATCGGAACCGGACACGGTCTATATTAATTCTAAGCCTGGTGTAGCGTGGCGGGCCAAGATGAGTGAAATTGGTCAACATGTTTGGCAACTGTTGGCGCAGGGCGTAGTAATCGCGGCGGACGTCAAGGATCTATATCATGCGCTGGACGCTCACGGTGTGACGGTGCGGTTTCATGAGGTCTGGGATGTTGGACAGGCGGCGTTTTTGATCGATCCATTGAGGCGCGACCGCAGTTTAGCGGCACTGGCGGGCGATTTTTCTGAGGATGATTCCGCGTCGCGACAGCTGGCACGACTACGCCAGATTTACCGCCAGCAGCAGGATTATATGGCAGCGCATCAGCAAGTTGCTCGGGTGCTCCGTGAGTTTGATTTTCCAGTAATTTGGTCGCTGTTTCAGATGGAAAAGCGCGGCATGAAACTGGACACAGCGCTGCTTGAGCGGATGGGCGAGGAGCTGAGGGCGGAGGTGAGCCAACTTGAACAACAAATGTATGCGATGGCTGGGAGTGAGTTCAATGCTGCTAGTCCGGCGCAGCTGTCTGAGGTGCTATTCACCAAGTTGCAGCTGCCGACGACTGGTATCAAAAAAGGAAAAACTGGCTATTCGACAGGGCAAAAAGAGCTGGATAAACTGCGTGGCCAACACCCGATTATTGAACTGATTGAGCGGTACCGGGAGCTTACTAAATTGATTAGCACCTACATTGAAGCGCTGCCGAAGTTGGTGGCCGCGGACGGGCGGATTCACACCACATTTAATCAAGACGTCACCAGCACTGGGCGGCTGAGCAGCGCAAATCCTAACCTACAGAATATTCCGGTGCGTACGGAATTGGGTCGGAAAATTCGCCAGGCATTTGTACCGAATGAGGATAAGGTCTTCGTTGGCGCGGATTATTCACAATTTGAGCTGCGGTTGGCAGCGGTGCTGGCGGGCGATGAGCAGCTGATTAACGATTTTAATAGCGATGTGGATATTCATACTAAAACGGCGGCCGAGACCTACGGCGTGCCGATGAGCGAGGTGACAAAATTACAGCGCCGCGCGGCTAAGGTGATCAACTTTGGGGTGCTGTACGGCATGAGTCCGCACGGATTGGCGGCGGCCACTGGCATGACATTTACTGAGGCGAAACAGTTTATTGAACACTATTTTGCGGTGCGCCAACCAATCCGCCAATATCTGGATACAATTTTAGTTCAAGCGCGCGAACAAGGTTTTGTCGAGACTTATTTTGGCCGGCGGCGACCAACGCCTGACGTTAAGTCGAGCAATTTTATGGTGCGTTCGGCGGCCGAGCGGGCAGCGATGAATATGCCAATTCAGGGCACGGAAGCTGATTTGATGAAGCTGGCGATGATTCGACTGGAGGATAAATTAGCCGGGTTGGCTGAGCCGGTTCTACAAGTCCACGACTCGATTTTGGTGGAGTGTCGGCCAGAAGACGCTGAGCGGGTCAGCGAAATAATGCGTGCGGAGATGGAAGGAATTTGTCCAGATCTGCCAATTAAATTAAAAGTTGACGTCGGCATGGGTGCTCATTGGGATGAAGTGTAGAAATATGGTATAATTACGCCATGAAATACACCCAGCGACGCAATTCATTTTCTCGATTTGTACCAATCTTGCTAGTTATTGTCATTACTATTGTGGCAGTGGCGGCGGTTATTGCAATTGGTCGAGCTTTATTTGGTAAAAATGATTCAGGACAAGCAGATCAGAATGTTAATACGGGTCAAGTTGCGCTGCTGTCAACAGA
NZ_CP007496.1_gap5	81447	86361	4914	ACAATTTCTCGTTTAGATAAGAACTTAAAAACCATTGATGAATTAAAGAAAAACATTAGGGTTTTAGACACAAACACAGCGCTTAACTCTATAAAATCAAGTGACGAGAGTAATGCGTTGCAGACTATTCTTGACGCCCTTCCAGATAATCCTAATGCTGACGCCTTTGGTGCTTCTTTGAAGAATAAGTTTATCGATACGACAACTGGTGTGACAATTCAGAGTCTGTCGGTGTCGCAAGCTGGTTCTGGTGGCGAGGGTTCTGAGTCTGCTCCGGCTAACACGGTATCGTTTACGATGGAAGTTAGCGGACCAGCTGATAGACTAAAGGAGCTATTAACTAAATTAGAGTCATCAATTCGCGTGATTGATCTAAAGGCTTTAGAGATTCAGCGTAATGAAGATAAATTAAGCTTAGTAGTGCGGGGTGTTGCTTATTATCAGCCAGCGCAAACAGTACAATTAGAAAATAAGGTGGTAAAGCCATGAAGAAAACAGACATAGCTATGGTGATATTGATTGCAGGCGTGGGTGTAGCTATCGGCTATATTGTCGCCTCTAATATATCATTTTTAAAGGTTCCAAAATCTGGAGCAAAGGTCCAAACTATTAGAGAAATATCATCTGATGTTGAAAAACCAAACCCAGCAATTTTCAATAAGAATGCGATAAATCCAACTGTTGAGGTGTTTGTGGGTCAAAATGCGGCCAAATAGAGAAAGGACGTAGGATGGCTTTACTGACGGACGATATTCAGGACAAATTGATTGAGCTGCTGATAAACGAAGGACTTATTGAGAAGTCTGTTATTGATGACGCCTTAAAACGTGCTTCTGAGAATAATAAGCCACTGTTTAGCTTGCTGAGCGAAGAGGGGCTGCTTGATAATGAGCTTTTAGTCCATGGCGTGGCTCAGGTTTCGGGTGTGCCATATGTTAACTTGTCTAATAGTGTTATTAGTCAGGATATTTTATCTCTGTTGTCTTCTGATGTTGCTGAACGTTTTATGGCGGTGCCTCTAGCAGAAGTTCAAAACCGTCTAGCAGTGGCGATGATTGACGCCAATAATGTCCAGGCGGTTGACTATCTGTCGAATCGTATTCAGCGACCAATTAAAGTCTTTATGGCCTCAGAAGAGAGTGTACGTCACGTCCTTGATCAATATAAAACTGATTTATCATCTGTTAATGTGGCAGCTGAAGCGTCCCAAGAAGAATCTCTGTCGGAAGCTGGCAATATTAAAACTATTGTTCAGGATTCGCCCATTTCACGGGCATTATCGACTATTTTGGAATATGCTGTAAGAAGCCATGCTTCGGATGTTCATATTGAGCCATTAGAAAAAGCCTTGAAAATTCGTTGTCGGGTTGATGGTGTTTTGCGCGAGATTATGCAACTACCAAAAAGTATTGAGCCGGCTTTGGTGAGTCGTATTAAAATTCTTTCCAACCTAAAAATTGACGAACATCGTATGCCACAGGATGGTCAATTTGCGGTTAATGTTGCGGGTAAGGAAGTTGACTTGCGTATTGCTATTTCTCCGGTTGTTTGGGGTGAACAGGTGGTTGTTCGTTTGTTAGACAAGAGTGGGAGCTCTTTTAATCTGGAAGATATGGGTTATGCTGGGCGCGCTCTACGGACAATTCGCAAGGGAATTAAGCGTCCTAATGGTATGATTCTGACATCTGGTCCAACTGGCTCTGGTAAGTCCACCAGCTTATATGCGTTAATTAAAGAAATTAAGAATGATACTGTTAATATTGTGACGCTTGAGGATCCGGTTGAGTATAAGATGGACGGAGTGAACCAAATTCAGGTTAACGCGGAAGTTGGATTAACGTTTGCTTCTGGACTTCGCTCGATTTTGCGTCAAGATCCAGACATCGTGATGGTGGGTGAGATCCGCGACAACGAGACAGCCAATCTAGCGATTCAAGCAGCGTTAACGGGGCATCTGGTGTTCTCGACGCTGCACACTAATTCTGCCGCCGGCGTGTTGCCGCGATTGCTCGACATGGGGATTGAGCCGTTTCTTATTGCCAGTACAGTCAATACGATTATTGGGCAGCGTCTAGTTAGGCGAGTGGCACGTCGGCGTGATATATATCAATCGTCACCTCTGGAAACACAGGCAATTCGGGAGGCGGTTGGTGGATTATTGCCTCAGACAAAAGAGCAGGTTGCCCAGTTTGCACAAGATTTGGGCTATGAAAGTCTGCCGCTGGCAACGCAGACCTCATTTGCCTTAGCAAGGGGTAAGGATACGCCTCAAACTCCGCGCGGTTACTCTGGTCGAGCCGGTCTATATGAAGTGATGGATATTACTGAGGAAATTCAGAATTTAATCGTTAAGCGTGCTACGTCAGCTGAAATCCAGCGAATGGCGATTCAGCAAGGCATGATTACGATGCGCCAGGATGGATACCTGAAGGCGTTAAACGGAATAACGACAATAGAAGAAGTTAATAGAGTAGCGGCGGATACCGCGTAAAAAGGAGGAAATATGAATAATCAAGAATTGCGAATTGAAATTTTACTAGAAGAGGTTGTTAAAAAACGCGCTTCTGACCTTCATATTCAAGTTGGGCTTCCGCCGATGCTTAGGATTGATGGCGCATTGGTGCCGGCGTCGGGCACTCAGCCACTTGATGAGCCAGCGGTTGAGCGACTGGTATTTCAGATACTTGATGAAGATCAGCGACAGATCTTACTGAAAGATAAAGAATTCGACTTTTCGTTTGCGTTTGGTACACTGGGTCGATTCCGAGTAAACGCTTTTCATGAGCGCGGCAATTTGGCTGCGGCTCTGCGTCTGATCCCGAACGAGATTAAGTCGGCGTCTGAACTCGGTATGCCACCGGTTGTAAATTCATTTGCTGATTTTCCACGCGGTTTAGTGTTAGTGACTGGTCCAACCGGCTCTGGTAAGTCGACGACCTTGGCAGCATTGGTTGATAAAATCAACTCTGAGCGCTCACAGCATATCATTACAATTGAAGATCCGATTGAGTTTACGCATAAATCAAAGAAGTCGGTGGTGGTCCAGCGTGAAGTTCACTACGATACTTACTCATTTTCAGCAGCGTTACGATCCAGCTTACGTCAGGATCCAGATGTTGTGCTGATCGGTGAGATGCGTGACCTGGAGACTATTTCAGCAGCCATTACTATCGCTGAAACTGGACACTTGGTATTTGCAACTCTACACACCAACTCAGCAGCACAGTCAATTGACCGTATGATTGACGTGTTCCCGCCGCATCAGCAGCCACAAATTCGGGCTCAGCTATCAAACATTTTGATGGCTATCTGTTCGCAGCGTTTGGTGCCGGCTATCGGGGGTGGTCGTGTAGTTGCGGCAGAAGTTTTGATTGCCAATCCAGCAGTGCGTAATATTATTCGCGAAGGTAAATCACATCAGCTAGACGCGGTTATTCAGACCGGTGCCGATCAAGGAATGCAGACGATGGACCGAACGCTGGTCAACCTGGTGCAGAATGGTACGATTACGTACGATAATGCGCGTGAGTTTGCGGTTGACTTGACGGAATTTGAGAGGCTAATGAGGGGGTAGTAGATGAAGAAGTACAATTACGAAGCCAGAGATAGTGCTAGTAATAAAATTGTTAAATCTGTAGTTCAGGCTGAAAGTGAAAATGCTGCTGCAAAGTTATTGACGACGCAGGGTTTTGTACCCTTAAAAATTGAACTACAAGATGATAAAACGGGTTTCTTTGCAAAGTTATCTGGTAGAATCACTACTAAAGATAAAGTGGTGTTCACTCGTCAGCTAGCGACACTTATTGGGGCGGGCTTGCCATTATCTCAGAGTCTTAGGACGGTTCAGGAGCAGACTACTAATAAGCGGATGCAAGAAATCGTTCAAGAGATTATCTCTGATGTGGAGGGTGGTAAATCATTGTCTGACTCATTTGCTAAGCACCCGGAGGCTTTCAATAAGGTGTACGTGGCGCTGGTTGCAGCTGGTGAAACTTCAGGTACAATGGACGAATCTTTGAAAAGGCTAGCCGCTCAGCAGGAAAAAGATGCTGCCATGATGAGCAAGATCCGTGGTGCTATGATGTATCCATCAATTGTCTTGGCGGTGATTATCTTAGTGGTTGGTTTTATGTTGTTTACAGTGGTGCCACAGGTTGAGGGACTATATCGCGACTTAAATAAAGGTCTGCCGTTCATAACATTAATCATGATTAATGTGGCTAATTTTTTTATTCACTTTTGGTGGCTCGCATTGTTGGTAATGATTATTGGCGGCTATTTTTTGGTACAATACCTAAAAACCGAGCAGGGCATTAGAACTAAAGACACATTTAAGCTTAATGTTCCATTATTTAAGGGGATGTTCCGAAAAATGTATATGGCGCGGTTTTCCAGAACAGGCCAAGTTCTGCTAAGCACTGGTGTGCCGATGCTTGATATGCTTCGTATTTCGTCGGATGCAGTCAATAACATGATTATTAGCGAAGGTATTATCCGAGCAGCGGATAAGGTAAAGGGCGGAAAAGCCCTCTCGGCATCTTTGTCGAATGAGGAATATTTCTTAACGATGGTGCCACAAATGATTAAAATCGGCGAGCAGTCGGGTAAGATTGACGAAATGATGGGGAAAACTGCTCAGGTGTATGAAGACGAGCTTGATGAAGAGATCCGCGCTTTATCGACCGCTATAGAGCCGGTTCTGATGGTATTTCTAGCATTAGTTGCCGGTACGATGGTTGCTGCAATACTATTCCCAATCTATAGTTTGGTTGGCAATATAAATATTCACTAGACGACCAGGTGATTTTGGTGTATTATAAGCGTAAGCATTTTTTTGCACAAATATAAGCATAAGCCATAGAAAGGTGGAAATTTCAATGGTAAATAAAGACAACAAAAAAGGATTTACAATCA
NZ_CP007496.1_gap6	121127	125340	4213	TCTTTTTTTAGTGCGTTTAAGTATAATAAAGGTTATGTATAAGTGTTTTATTAAGCCTGTTCTTTTTTTATTGTCTCCCGATGCAACTCACAAGCTAATTATTTTCTGCGGGCGTGTAGCTCAATCTTTGCCGCCTACTAGGTGGTTCATTCGTAAAATGTGGAGTTTTCAAGACAAGTCCCTTCAGCAGGAAATAGACGGTGTTAATTTCTGTAATCCAATTGGACTTTCTGCTGGATTTGATAAGAATATTCAATTATCGCCACTGATGGAGGATGTCGGCTTTGGTTTTGCCTCGGGTGGGTCAGTGACATTAGAGCCAAGAAAGGGTAATCTAAGGCCGTGGTTTCACCGTTTGCCTAAGACAAAGTCCGTAGTGGTGTATGCCGGCATGCCAAATTATGGATTAGAAAAGATAAGTAATTACGTCAAAGCTAATCAGACTAAGATCCAGTCAATGCCGACAGTTATCTCGGTGGCGGTCATTGCCAATAAATCTACTAAGGACAAGCTTGGGCCAAAAGTTCCAGAAGAATATATAGTTAAGGACATAAAAAAGGCAGTAAATTATATTATAGATAATAACTTGGCAAGTATTGTGGAAATTAATATATCTTGTCCAAATGCCGGCAAGGAGCCGTTTATCTACCCAGAAAGTTTAGAGATTCTGCTAAAAGAGATTGATACTATAGATAGAAATATTCCTTTTTGGATAAAAATGCCACACCTATATGACATTAATCAATTTGATTCGCTCCTAAAAGTTATTGTGAAGCATAATATTCAAGGTGTGACAGTGGCCAATTTAGTAAAAGATCGTACAAAAGTGGAAATAAAAGATCCGTTGACCGATGAAATCCGTGGTGGTTTGAGTGGTGAACCGACGCGCAAACATAGCCTTGAGTTAATTCGCTATGCCTATAAAAACTATGGTGATAAATTAACAATTATAGGTGTGGGTGGAATTTTTACAGCTGAAGACGCCTACGCTAAAATCAAGGCCGGTGCTAGTCTGGTGGGGCTAATTACCGGGCTATTTTTTGAGGGGCCACAGCTGGTTGGTCGGGCAAATCGTGAGCTAGTAAAATTACTAAAAAACGATGGTTTTTCTAGCATTTCTGAGGCGGTTGGTGCAGATTCTAAGAAAAAGCCAAAAAAGTTGAAAAAACTTTTAAAAAACTCTTGCAAAACAACTTCAGCTGCTGTATAGTTAATTACTAGTTACGCGAATGTTCAAATGAACCTCTGGCAATACACTGCAGAACGTGCGAGGGCAGTGAGAAAATCAATCGAGTGTAGATAGATGTGTCAAGTTATTGACTAATCAATTGTGCACTCAAAGTGTGATGCACTGATCATTAACAATTTGAGAGTAAAAGAAATTGAGTTTTTAATTGACGGTAATAGTAATTGCAAAGTAGCAACTACTAGTTAAGTCAATGCATAAAAAGGTACTCAAGGGCACTAAATGGATGCCTAGACGTATATTACCGATGAAGGACGTGGAAGACTGCGATAAGCCTCGGGAAGCTGTCAACAAGCTTTGATCCGGGGATTTCCGAATGGGGAAACCCAGCATGAGTCATGTCATGTTGCCACTTGCTGAACACATAGGCAAGCGAGCGGGAACCATCTGAACTGAAACATCTTAGTAGGATGAGGAAGAGAAAGTAAATAACGATTGCGAAAGTAGTGGCGAGCGAAATCGCAACAGCCCAAACCTTTTAAGTTTTTGCCTATTTGTTTAGGCAAATAAGTTGATAGACGAATACTTAATAAGGGGTTGTGATATTACATATGACCAAGTCAGAGCATTTGAATTCGTTCAAATAATCTGATTTGCGATACCAGGCTATCAACTGGTAGTAAGGTAAGAAAATGGCGTGGTTAGCAGAATAGTTTGAATGACTAGCCAAAGAGCGTGAAAGCCGTGTACGCGAAAACGACGCTGACCTTATGTATGTTTTATCGAGTAGGACGGGGCACGAGAAACCCTGTTTGAATCTGGCTGGACCACCAGCCAAGGCTAAATATAATATACGATCGATAGTGAACTAGTACAGCGATGGAAAGGTGAAAAGAACCCCGGGAGGGGAGTGAAATAGATCCTGAAATTTAGTGCCTACAAGGAGTCGGAGCCGGCTTGTCCGGTGACGGCGTGCTTTTTGTAGAACGATCCAGCGAGTTAATTTTTACAGCGAGGTTAAGTCAATTGACGGAGCCACAGTGAAAGCGAGCCTGAATAGGGCGTTTAGTTGTAAGGATTAGACCCGAAACCGGGTGACCTAACCATGAGCAGGTTGAAGCCACTGTAACAGGTGGTGGAGGACCGAACCAGGATACGCAGCAAAGTGTTTGGATGACTTGTGGTTAGCGGTGAAATGCCAATCGAACTCGGAGATAGCTGGTTCTCCTCGAAATAGCTTTAGGGCTAGCGTCGTGTTAGTAGCACTTGGGGGTAGAGCTCTGTAAAGGACTGGGGCGGGCAACTGTACCCACCCTTAACAAACTACGAATACCATGTGTGTAACCACGGCAGTTAGAACATCGGTGCTAAGATCGGTGCTCGAAAGGGAAACAGCCCAGACCATCATCTAAGGTCCCTAAATTAACGTTCAGTGGGAAACAAGGTGAGATTTCTTAAACAGCTAGGATGTTGGCTTAGAAGCAGCCATTCATTTAAAGAGTGCGTAACAGCTCACTAGTCAAGAGATCTTGCGTGGAAAATGTAACGGGGCTAAAACGTTATACCGAAGATATGGATGTCAGATTTATCTGGCGTGGTAGAGGAGCGTTCCTATCAGCGGTGAAGTCGAATCGGAAGGTTCGGTGGAGCGGTAGGAAGTGAGAATGCTGGAATGAGTAACCATAAGAGAGGTGAGAATCCTCTCGGCCGTAAGAGCAAGGTTTCCTGAGCCATGGTAATCATCTCAGGGTTAGTCGGGCCTAAGCCGAGGCGCAGAGCGTAGGCGATGGACATCAGGTTAATATTCCTGAACCGGTTAAGTTTTGTACACTGTTCACGGGGAAGTAATCGAAGCGGATTCATGGTTTATCCGTCCAACCGAGCGGGAACGCAAAGGGAGTGAAAGTGATTCTTCGGAGTCGCGATTTTGGTGAAAGCCCTGGCTAGAAAAGCAGGTGTACGCGTGGACTTAGCCGCCCGTACCGCAAACCAACACAGGTGCTCGAGTCGAGTAGACTCAGGCTTACGAGCGAACCTTCGCTAAGGAACTCGGCAATACAGCGACCGTAACTTCGGGATAAGGTCTGCCCCCACTTCGGTGGATATCAGCCGCGTTCACTCAGTGAATAATAGGTTAAAGAGTACATTTTTAATCACAAAACGAATTTTCTGAGACACGAGCAAACAAATTGCTCTTTGAACGCGAACCTCTTGTATCTAACGATGTGGGGGCCGCAGCAAAAGAGCCCACGGAACTGTTTATCAAAAACACAGGTCTCTGCTAACACGAAAGTGGATGTATAGGGGCTGACTCCTGCCCAATGCTGGAAGGTTAAGGGGAGCGCTTCACGGTGCGAACTGAAGCCCTAGTCAATGGCGGCGGTAACTATAACCGTCCTAAGGTAGCGAAATTCCTTGTCAGGTAAGTTCTGACCCGCACGAATGGAGTAATCATGTGGGCACTGTCTCAGCGAAGGACTCGGTGAAAGTGCATTGGCGGTAAAGATGCCGTCTGTCCGTACCAGGACGAAAAGACCCCATGGAGCTTTACTACAGCTTTACATTGAATACGGTTTCAACATGTGTAGCATAGGTGGGAGACGTTGAAGCAGATACGCCAGTATTTGTGGAGTCACCAAGTGAAATACCACCCTTGTTGTGATTGTGTTCTCACGCTGACCGTTATCCGGTTAGCGGACCGTGTATGGTGGGTAGTTTAACTGGGGCGGTTGCCTCCTAAAGAGTAGCGGAGGCGTTCAAAGGTTGGCTAACTTCGGATGGAAATCGAAGTGATAGTGTATGCGCATAAGCCAGCTTGACTGTGAGGAGTACATTCCAATCAGAGACGAAAGTCGGAGCAAGTGATCCGCTGTACGTACATTTGTACATGAATGTGGGATCGACAGCGCAAACGGATAAAAGTTACCCTGGGGATAACAGGCTTATAGCGCCCAATAGTTCACATAGACGGCGCTGTTTGGCACCTCGATGTCGGCTCATCACATCCTGGAGGGGGAGCACCTTCCA
NZ_CP007496.1_gap7	154469	157240	2771	GAAGTGACCATGGACAACGACGCCTACCAAACGGTGACCGACCCGAGTGTGTATGTGAAGTTTAAGCTGCCTGATGAAGACGTTGCTGTTTTGGCTTGGACTACCACGCCATGGACATTGCCAGCTAACCTGATGTTGGCCGTCAATCCGGAGATGACGTATTGCGAAGTGCTGGTGGGGGGTGAAAAGCTCATTATCGCCGAAGAAGCCCTCGAGCGCACCCTGCAGGACGAAAAGCATCAGCCGCTTGATTACAAAGTATTACGCAAATTCCCCGGTAGCGAATTGGTGGGTAAAACCTATCAGTCGCTCGATACGGGCTCGGCCTGGCCAGATAACGACAAGATCCACACCATTTACGCGGCGGATTTCGTCTCGCACGAGTCAGGTACGGGCATCGTGCACATCGCGCCGGCTTATGGTGAGGACGACTTTGAGCTGGCCAAACGCCACGGCATTAGTGCCTTCCATGTCATTGATGATAACGGCTACTATACCGATGGCAATTACAAAGGCCTCGAGGTGTGGGATAATAACAAGTTCATCGCCAAAGACCTGAAGGAAAAGGGCGCGGTGTGGAAGATCGAGTACATTCGTCACGAATACCCGTTCAACCCGCGTAGCAAACAGCGCATCATGTACCGGGCCATCCCCAGCTGGTTCTTTGACATTCAGGGGCAAAAGCCGCTGATGCTGGAGCAGAACGAGCATATTAATTGGTTCCCGGCTCATCTGAAACATGGTCGTTTTGCCAAAAATATCGAGCAGGCACCAGACTGGAACCTGAGCCGTGACCGCTTCTGGGCGACGGCTATGCCAGTGTGGAAGGGTGACCGCGGCACGGTGAGGGTGGTTGGCTCGTATGCGGAGCTGAAGGAATTGAGCGGCGTGGAGCTGGATGATTATCACCGCCCGTGGGTGGATGACATTACTTTTGAAATCGACGGCGAAACGTTTACCCGCATTGATAAGGTACTGGACTGTTGGTTTGAGAGCGGTAGTATGCCGTTTGCCCAGCTACATTATCCGTTTGAAAACCAGGCCAAGTTTGAGCAGAATTACCCAGCGGATTTCATCGTTGAGTACATTGGCCAAGTGCGGGCATGGTTTTACTATGTACATGCTGTCAACGCCGCCTTGGCCGAAATCGGTGCCTTTGGCGAGGCTGGCGCGCAGCACAAAAACGCCTACAGTAATGTCATCACTACTGGTGTGGTGGCGGGCAATGACGGCCGCAAGATGAGTAAATCCCTGGGTAACTTTACTGATCCGAACGAGCTGATGGATAAGTTTAGTGCTGATTCCTTACGCTTCCTATTACTGAGTAGCCCGCTACTTAACGGCGAGGACTTTGCTCTGCATGACAAGGACGTAGGTGATGTGGCACGCAAGCTCAGTATGATTTGGAATATGTATGATTTCTTTACCATGTACGCGGAGGTTGACGGCTGGGAATTTGATGGTGAATTGAGAGATCCACTCAGTGATCTGACCAACCCGCTTGATATCTGGATCGTCAGTCGGCTGCATCAGTTGGTGGCAGAGGTTGAGCGTCACATGGATACCTACAATATTCCTGATGCGCTGAGCCCGATTTTGCCATTCCTGGATGACGCGTCCAACTGGTACGTTCGTCGCGGTCGCCGCCGCTTCTGGAAGTCTGAAGATGATGGCGATAAGAACGATGCTTACCGGACGCTGCATTATGTTCTGGTGTGTCTGAGCTACATTTTGGCGCCATTTACACCGTTTTTGGCTGAGGAGTTGTATCACAATTTGACAGGTGATGATGAGTCGATTCATTTGAAGGATTGGCTGCCAGCAGGTGAAATCAATAGAGCAATATTGCGTGATATGAATGCTTTGCGCGTTGCCGTGAATGACGGCTTGTCGAAGCGCGCCGCAGCTGGAATTAAGGTTCGTCAGCCACTAGCGTCCGCCAAGCTTGTCAGTACTATTTCTGGTAATACAACTGATGAAGTCAGGCAGTTCTTAGTTGATGTTGCGTGTGACGAGTTGAACGTTAAATCAGTAGAAGTTGCCACCGACTCAGAGCTTGAGGTTAATGAATCATCAGTACAGCCAAGCGTTGTCTATGATTTCGTCATTACTCCTGAACTGAAGCGTGAAGGATTGGTGCGTGAGATTATTCGCCACGTCCAGAGCGCACGTAAGAAAGCTGGGCTGCAGGTAGACGATCGGATTGAGCTTGCTATTTTTAGTGCGGATACAGAAATTACTCAAGCTATCAATACGTTTGCCGAAGTTATTACTGCCGAGACATTGGCTGTAAAATTAGACTCTACAGTAAATGATGCGGAAAAATATGACGTTAAAATTGACGATAAAATGGTAGCAATATCATTGCAAAAGGCTAAATAAGCTTAAGTCTGTCAATTGAAATAAGTAGCCTCCTTAGCGTAAGAGGCTACTTTATTGACTTTTTATAATATTTATGTTAATATTGTAATCAGTTACAAGTAAAGATAAAAATTATGCAAAATTTATTTAATAAATTATTTGGTCGTAAAGTAGGATTTTTGCCGGTTGATCCACTTGCTGATGGTCTTGCCGAGGAAATTATCAAGGAGCAGCAGGAGCCGCAGGCAATTCATTTGGATGTCGATGAGATAGAGGATATTCGTCAATTCTGGTCTCGTGTTGGTAGTGGTTATGATGACTATGGTTTATAATTAGCCTATAGATGATGAGTATACTTATAAAGAGTTGAAGATATGGGAGGTAAGTGTGATCACTAAAGCTATCATTCC
NZ_CP007496.1_gap8	159756	164349	4593	TAGCGCCGTCAGTAATACGCTGAGACTACTGAAATTGCCAAAGTCTGTACAGAAAGCACTGTTTGAGGGAAGGCTGAATGAGGGCCAGGCTAGGCCGCTTATTGGTCTACCTGAAGAAGCGGCGGAAGATATTATGGAGCGGGCGATTCGTGAAGAATGGTCGGCGCGTCGGGTTGAGCAGGTGGTGACGCTGTGGAAGCAGGCTAAGGATAGTCCAATTGAGAATAAACGTCGTCCGGCGGATATGCCGCATGCGGACGTGGTGGCGAGCCTATCTAAGAGGTTTGGCACAGGTGTGAAGATCCGTACTAACGGGCGTGGAGCGGGTCAGATTAGTATCAAATTTAAGGATGGTCTTGAGTTTGAGCGAATACGAGAATTGCTTGAAAGATAGTTTTATTGGTATTAGAAAGAGCGAATTTTATTGAAGGGGAATATCCGCAAACTAACGGGACCAACTATGTCGTATAGAGGTATTGGTCCCATGCAGTTTCGGGAGTCGCATGAATAGCTACCTTGTCGGTGGTCGCCCATAACGAACACGGTGCCATCGGGCACGGTTGAATCAACATCGCCAGAAGTTGGTTGACCTGGCTCATTTTTATTAACAGAGGTGTCTGGATTGAAGCCATTAGGGTTTTCTTTATTGTAGACTGTCACGGTACCGTTTTTAACTGTTACTCTTTCTCCGGCAAATGCTATAATTCGCTTAACAATGTATTCATCCTTACCGGTTGAGGCGTTAAAATTAGGGTTCTTAAAAACAATAATCTCACCGCGCTTGGGAATGTAGTTCTTATTCTGTAATTTTGAAGATGTAACTGGCAAGCGATTGACGATTAACCGGTCACCGGTATACATGGTAGTTTCCATACTGGCGCCTTCGACGTTAAATGTTTGAAACACAAATGTGTTCAATAAAATAGTGCCAATCACCACTCCTACAACGAAAATGACCATTCCCAGGCCATCTTGTAACTTTGGATGACGATCCATAAAAGTAGCGTCCATTGCTTTAATTATAAGCGTTTCGTGTGCTATAATCAATAGATATGAAATCACGCAAACAGTCGATGGACGGTTTTGTCACCGGACGACCGCAGCGAGCTTCGTTGGGGGAAATTTCTAGTAAGAAAACGACCACAATCGGGCGTGTTAGTGATACCCAGGACAAGCCACGTGCTTTGAGTAATATTCAAGGTAATGTTCAACGTCCAGCTTCTACTGCCAATAAATTAAAGCAGAATATTAGCGAATCATTGGCAGCTATTGATGAGAGCGCCAAGCCATCACATCGACAGGAGCGGAAGCAAAAACGTAAGAAAAAGCTTATCGTGAGGGTTATTCTTGCGATTATTGGGATTATAATAGCGATTGTTGCTGGCTGGTTACTCTTGAAGATATGGCAAACAATGCACAGTGTATTTGGTAATGGTAATATCTTCGATTTATTCTCGCAGCAGAAATTAAAAGAGGATTCTTATGGACGAAGTAATGTGCTGATTCTCGGTACAACTGATGACGATCCAGATCATCCGGGTGCAACACTCACTGACTCGATGATGGTCCTTAGTGTTAATCAGACGAAAAAGGATGCTTACATGTTTAGTATTCCACGGGACCTATACGTTAAGTTTGGCATGGCATGTAATTCCGGCTATGCTGGTAAAATTAACGAATATTTTGGCTGTGTAAATAATGGCAATAGTCCGGAGGCCGAGACTGAGCGGATGGACAAAACAAAGAAATTCATCGGCGATATTTTTGGTATGGATATTCAATATGTGGCACATATCAATACAGCAGTGATTCGTGACGCGGTTAATGCGGTTGGTGGCGTTACGGTCAATGTGCAGAGTCGCGATCCGCGAGGAATTCTCGATCCAAGCATGGACTGGATGTGCCGTGCTAGGGAATTAAATGCTCAGCAGCGTCGAGCGCGTTGCCCAACTGGACATTACATGCAGCTGACTAATGGTAGTCATGAGATGGACGGTGAAAAGGCTATGTGGTTCTCTAGGGCTCGTGGACTGGTCGCACCGACATACGGCCTGGAACAGTCTAACTTTGACCGTGAGAAGAACCAGCAGTTGGTATTGATGGCTCTTAAGAGTAAGGCAACCTCTACTGGTACTTTAACAAACTTTGGTAAAGTGACTTCACTAATGGATGCTATGGGTAAGAATTTGCGTACCAATATAGATACGAAAGAGATTCGGACTATTATGAACCTGGCGTCAGAAATCAAGGAATCCGATATTCATCGGTTGAGCTTTGTGGAGTCAGACAATACATTGATGACAACTGGTACAGCAGGTGGTGCAAGTATAGTTCAACCAGCCGCAGGACTGTATGATTATAGCGATATTCGTGCTTATATAAAGTCAGAAATTTACTCCACGCCGCTATCCAAGGAAAAGGCAACGGTTGCTGTCTTGAACGGTAGCGGCATAAGTGGCGCTGCGCAGAAAGAGGCGGATAGACTGTCGGAGTTAGGTCTAAAAGTAGTTCATGTTGGCAACGCCCCGGGCAACGAGAAGTCGACAAAAACTCGCGTCTATCAATTGCCAGCCGGTAAAGAAAAATCTGCTACAAAATCGAAGTTTGAGGAAATGTATGGTTCAGTTTCGTCTGACTCTCCAAAATATAACCTAAGCGTTGACGCCCAGTTTATCGTTGTGGTGGGATCTGGATCATAGTTTGGTATAATAGAAGGAGTTATGGAGTTACTAAAAACAGTTAAACGCAGGACATTTTGGAGTGAACTGGTTTACTATGTCTTAAATATTGGCTTAGCGGCGGTACTATTTGCTATTGCCCAGACTATTCAGTCGCCATATCCAGCATTAGCGCTTGTTGTGCTGAGTAAATGGCGCATAATCGCCGTACGGCCACGTTTTTGGTGGGCAAACATGCAGGCTAATTTGGTTGATTTAACTGTTGGTGTCGGCGTGGTTGGCTTGATGTATTTATCTACGTCAAGTTTATATTTCCGAGCTTTCTTAGCGGTACTCTACGCTATTTGGCTGATTGTAATTAAGCCAATGTCGAAGCGTTGGCAAGTGGCTTTGCAGTCAGCTATCGCTATTTTTATTGGGGTTACCGCACTAATGGCCGTATCTTATGATTGGCCAGTTTCTGTGGTCGTTTTCCTAATGTTCTTAATCGGCTATAGTACGGCACGTCATTTCCTACACAGCTACGACGAGAGACAAACTGTACTATTGTCTGCAATTTGGGGGGTCGTCTTTGCTGAATTAGGCTGGTTGGCTTATCATTGGGCGTTTGTCTACGGTGGTTTGTTATTCGGTGGTGTTCCGCAAATTACCATAATTTTGCTGTTGCTATCGCTCGTTACCAGCAAGGCTTATCAGTCGTATAAAAAGCATAAAATTGTTCGTTTTTCAGATATATCCGGGCCGGTAATCCTTACAATTGCTATTATATTCGTGATGTTTGCGTTTCTCAATTCGGTGACTATTTAATTGATAGGGGGTGAAAATATATGCAAAATTCTGGCAAACAGAAGAGATTAGCCTTATGGTTGGTTGGTGGTGTGGTGGGCGCTGCCACACTGGTTAGCATAATATTCTTAACGAGTTGGATAACGCTTCAGCTGGCTAATCGTCTATCTCAAGACGTAAAGCATGACGGTAATTCAATAACAGTAAGCGATGGCGACGTCTCAAAAGTTGTTGATAAAGTTTCACCTAGTGTCGTTTCTATAGTTGTCTCTAGTGAGGATTCTGAGAAGATGGGCGCCGGGACTGGCGTTATTATTAGCGCTGATGGTTATGTTTTGACAAATAAGCATGTTGTTAAAAATTCTCAAAAAATTAGAGTAGTTACACATAATGGAGACCAATTTACCGACGTTTCATTGGTCGGTGTCGATCCACTTAATGACATTGCGTTTTTAAAAATCAAAGATGCTAAGAAGCTGCCAGTGGCAGAGCTTGGTAATTCTGGCACGGTAAAAGTTGGGCAAAAAGTTGTTGCTATCGGGAATTCTCTGGGGCAATATCAGAATACTGTGTCCAGCGGTATAATTTCCGGTAAAGGACGACCAGTTGTAGCAAGTTCTGACTCTAGGGGTTCTAAAACAGAAAGCTTAACTGACCTGTTGCAGACTGACGCGCCGATTAACCTTGGCAATTCTGGTGGGCCACTTATTAATATGGCAGGACAGGTGATTGGCATCAACACAGCTATCGCCTCTGACGCACAAAGCATCGGTTTTGCTATTCCAATTAACGCCGTAAAAGGTATGGTGAGAGGCGTTATAAGCGGCAAGGGTGTCCAGAAGGCTTATCTGGGCGTCCGCTACGCATCTATTACGCCAGACATTCAGTCAGAATATAAGCTGCCGGTAAAGTCTGGCGCTTACATCAATGGAGGGTCGGAGTCCACTATAGAAAAAGATGGTCCAGCCGATAAAGCTGGTATAAAAAGTGGTGACATCATCACTAAGATTAATGATAAAAATGTTGGTGAGGACGGTAGTTTATCGACTTTAGTGTCTGAGTTTTTGCCGGGAGAGACAGTTAAGGTTACGGTTTTGCGCAATAATAAAGAGCTGGTTTTAGATTTGGT
NZ_CP007496.1_gap9	178309	181162	2853	TTGGGGTTACTCTGAGCGGGTGTTTTGGATTTTTGAAGGCGTGACGGCGCGCGAAGGTGTGCCATTCCCACAGCTACGTCATGAGATTGATGAGACGACGCGAGCGATCTACCCGCAGGTGAAGTTGTAATTGTAGTGTGATTTTAGTTTGTTATAATTAGAGTATGAAGCGATTTATATTGGGGATACTAATCGCTGGATCTCTGTTGGTTGGATCTGGCCAGGCGGCGTTTGCGGCACAGGCGGACAATTTTACTATCACTAAATTTGACGCAGAGTATTCGCTAGGTCGCGACAGCGAAAATCGTTCAGCCTTGGCGGCAACGTGGCGAATTACTGCTCATTTTCCGCCTAACCAAAACCGCGGCATTGTGCCAATATTTGTGAAGAAGTATGATAATCATCCGACGAACTTTTCGTTGCAGTCGGTGACTGATGGACAGGGTGTGTCGCTGGATCATACATGGAACGGCGACGAGTTACGAATTGGCAAGAAAGACGTTTACGTTCAGGGTGAAAAAACCTACGTCATCAAGTTCACCCAGCGTGATGTGACTAAGCATTATGACAATACGGGGCGTGATGAGTTCTACTGGGACGTCATCGGCAATGAGTGGCGCGTGCCGATGCAAAATGTACGCGTGTCTGTAAAATTTGACGAGTCACTTCAGGCGGCGCGAGCGGGTGAAGCGTTTTGTTATACTGGTGCGCATGGTTCAACTAAGCGGTGTAATATCAGCGGTGATAAGGGCGAAATTGTGACAAATGTGAGCCGCCTGAATCGCCGTGAAGGCATAACGATGGCAGTCGGCTTTACTAGCGGTACATTTACTGGATATCAAGAGACGCTGAGTGAAAAGTTGCTAAAAATTTGGGCAATGGTGCAGACGATAGCAAGTAGTTTGGCGGTTATATTGATGTTGTTATTGGGTTGGCGTTATAAGCGTTTATTTGGCAGACATAATGAGCTTAAGCCAATTCCGCCAGAGTATTTGCCGCCAAAACAGGCGAGTGTGATGATATCAACATATATTTTGAAAAGGTATGATCTCTTTATAGTTAAAGGTTCGGCCAAGGTGGCGCAGTTGTTGGATTTAGCGGTGCGGCATTATATCAAATTGTACGAAGTGAAAAAGGCGTCATTTTTGCGGTCGGCGCAGTATGAAATTGAAATTGTCAAAGATTTGACAGAGCTGAGGCCTGAAGAGTCTGAAGTTATTCGGGACATGTTTGGCGAGTCGATGCCAAAACCAGGTCAGCGGCTAAATCTGAAAAAGCTACAGAATAATTTGTCGTATGCGGCGCGAACAGGTGATGATGATAATAATTTGAAGAGTTTGGCTCGCGGTAAGTATGCTTTGTGTGAGCAAAAACCAGAAAATAAGCGAATTGTACAGAAGTGGGCTTTGTGGGTTTTTGTTATCAGTGTATTGTTGCTGTCACCGATGCTACTGATCGTGGCGGGGATAGTGTTTGCTTTGTCATTTGGCTGGTCGCTGACTGACGAGGGCTTGGTACTCAGGCGGTATTTGGCAGGACTTAAAATGTACATTGGCGTGGCTGAAGCTGAGCGTTTACAGATGCTACAAAGTCCTGAGGGTGCGGAAAAAGTGAAGATTAATACGGCTGATGAGCGGCAATTGGTGAAGTTGTATGAGAGAATCTTGCCATACGCGGTGCTGTTTGGACAGGAAAAAGAGTGGAGTAAGCAGTTGGGAAAGTACTATGAGCAAGTTGGTGAGCAGCCAGATTGGTACAGTGGTCAGGGCGCGTTCAATGCGGCGGCATTTGCGGCTGGGATGAATAGTCTGTCAAGCGTGGCCAGTAGCGCCAGCGACTATTCATCGACCTCTGGTGGTTCGACTGGTGGTGGCTTCGCTGGTGGTGGCGGAGGCGGTGGCGGAGGCGGCGGCTGGTAAGTTATGTCTGATATTTTACTGTGGTTGATGGCCGTTTTACTATTGGCATTATCTGGGATATTTTCGGGCCTGAATATTGGCTTGATGATGGCGCGACCAGACGACTTAAAGCGAAAGGCTGGGCAGGGTGATGAGATTGCTAAGCGAGTCTATCGCTACCGTAAGGATGGCTACTATTTGATATTTTGTATTTTGCTGGGCAATGTCGGTGTAAATACGGCGATGTCAATTTTGCTGGGTAATATGACTAACGGCGTGGTTGGCGGGTTGATTGCCACATTACTGATCACTATGTTTGGCGAGATTTTGCCGCAAGCGATTTTTACGCAGCGCGGTTATCGTTTCGTGCGGTATTTCTTCTGGCTGCTTAATGTAATTTATGTGCTATTTTGGCCACTGGCTCGGCCGATGTCGAAATTGCTAAATCATTGGCTAGGTAAAGAGACGCCTCAGCTTTATTCTCACCAGGAGCTGGAGGAAATTATTCATGAACATGCTGAGCGTTCGGATAGCCCAGTCGATTATGATGAAAGTCGAATCGCGGCGGGAGCGCTGCAGTTTAGTAAAAAGACGGCTGGTGATTTGGTAACGCCGATGAGTGAGGTGTTTACTGTGAATCTGGATGATGAGCTGGACGCGACACTACTAGCGCGAATTAAACATGCTGGGCATTCGCGGATCCCGGTGTGTGATGATGAGCGGCTGGTAGGGATTTTGTATGTCAAAGATGTAGTGGGGCGTGAGCTGCCACTGCCAGTCAGTCAATTGTACCGAGACAAGATTCACGACATCGATGCACGGTCGCGGCTGGATACGGTGCTTAGTCGATTCATCCAAACCCGCAATCACTTGTTTGTGGTAATGGATAATGAAACGGAACTGGGAATTATTACACTGGAAGATGTGATTGAGGAGATTTTGGATCAGGAGATTG
NZ_CP007496.1_gap10	184917	189059	4142	CTAAAATTCTTCGCTATTCTGCTGGAATTATAATTTTCCTGATGACTCTTGGGGTAGTGATTGGGCTGATTGTAGGTGGCGCAGTTGGACTATCTGTAATTGATCTACTAAGTGGATTAAATGCACAAATATGGGCTTGGGGTCTATGGATTTCACTAGTGATTTGCGGCATTTCAGCGGCGGTTTTGGGTATGATGTTGTCGCGTAGCGTTTTTACTTGGACGATGAGTCGCGTGTCAGCACTCTCGATGATTATTGCTACGGTCGTTATATCTATGGGTATGGCCAGCTCAATCGTATTTGGCATGAAAGCTAGCTCAGAATTTATATATGAGTCTCAGTACCTGACAAAGAGAATGAATGTCGAAATTCCGGATGCAGATAATGTAAAAACAATTTCCATCAACGGCGCAATGGGAAGTGTAAAGCGAACTGACTCTGATAAGCTGAAAATTGAGGCCGAGTATATAGAATTACCAAACATGAAGAAGCCAGATGTCAATGTACGACGCGAGGGCGATCGATTGATAGTGTCTATTGCTGAAAAATGTCCGCGAACGATATTTTTCAGCGGCTGCCAAATGTTCTATACGCCAATTGGACTTAAGATTTATGCGCCTGCTGGCGTAAATGTGGATAGTCCAGCTTATTATGGCGCTGATAATGTAGATCACTCTGACGCTTAAGATAAGAATTAATTTGAATGATTTTACCGCTAATGCTACACTTGAAAGATGAAAGGTAATTTTTAAGCGTGGCTTGGTGGCAAGCGATTATTCTTGGCGTGATTGAAGGAATTACGGAATTCTTGCCGATTTCTTCGACTGGACATTTGACGATTGCTGAGAAGCTTATGGGGATGAAAATCGACGATCCGAGCGTGGTAGCGTTTACGGCGGTGATCCAAATTGGGGCAATTTTGGCAGCAGTAATTTATTTCTGGAGCGATATTTGGCGTATTCTGCAAGTTTGGTGGTGCGGCCTGTGGTGGAAGCGAGCGCGCCGGAAGTTTGATTATAAATATGGCTGGGCAATCATTATCGGCTCGATTCCTATCGCTGTCGTCGGTCTTCTGTTCAAGCACGAAGTTGAAACGGTGCTTCGGAGTTTGTGGTTTGTGGCGATTGGACTGGTCGGCTGGAGTGTGGTAATGTGGCTGGCGGATAATCGGGCGGTAAAAAATAAGCGTAATGAAGCTGAGACCAGCTGGAAAGATACGCTGATCATCGGCGTGGGGCAGTGTCTGTCGTTAATTCCAGGAATCAGCCGTTCTGGTGCAACAATCTCTGTCGGTCTGTTTCGTGGTTTTGACCGCGTATCGGTTACGAAGTTGAGTTTCTTTTTGGGCATCCCAGCTTTAATGGCGGCTGGGTTGCTGGAGGTCGTTACCAAATATAAACACATTTCTGGTGGTGTCGGCTGGACATCAACCATTATTGCTACCGTAGTTTCCTTTGGCGTGGGTTACGTGGCGGTGTCATGGCTACTGAAGTTTATTCAGAGCAATAATTTCCGTCCATTTATAATTTATCGATTTACGATGGGACTGTTTCTATTAATACTGCTTGGTGTCGGGTTTATTTCTCACGTTTAAGAAAAAATTGTTATATAATTAAAGCATGTTAGACATCAAGTTTATTCGAGATAATGTTGATCTTGTGCAAAGGTCGGCGAATGATAAGGGTTATAAGGTCGATATTGCGGCATTGTTGCAGTTGGATGACGAGCGTCGCGATCTGCAAAAACAAGTTGATGCTCTGCGTGAGCGACGTAATGTGATCTCGGCGCAGATGAAAGGCGGCCGTCCAGATCAGGAACTGATTGACCAGGGCAAGCAGCTGAAAATTGAACTGGCAGAGCGTGAAGGTTACTTAAAATCTACTGAGGAAAAAGTAGCCACGATTCTAAAAAACGTGCCAAATGTAACTTTTGATGACGTGCCGCTCGGTGGCGAGGAGGATAGCGTCGAGGTTAAGCGTTGGGGCGAGCAGAAAACTGGCGCCGTTGATCATCTGGATTATGCTGTTAAGCGTGGCTGGGTAGATTTTGAGCGTGGTGCAAAAGTAGCTGGCGCGAAGTTCTATTACCTTAAGGGCGATTTGGCGTTGCTAGAAAATGCTGTGACGCAATTTGCACTGGATTATGTGACAAAGCAGGGCTTTACGTTCATGACCGTGCCGCATATGGTGAATTTGCGCACAGCGGAAGGTGCGGGCTTTGCGCCAAAGGGCGAGGGTAGTAATGAATATGTGGTCGAGGGCGAGGATTTGACGCTGATCGGGACAGCGGAAATGCCGCTGACCGGCTATCACGCTGATGAGATTTTGGACGAGAAAGATTTACCGCTACTATATGCAGGATATAGTCCATGCTATCGCAAGGAAGCGGGAACGTACGGCAAGCATACGCGTGGGTTGTTCCGAGTGCACCAATTTAACAAATTGGAAATGTACGCCTTTTGTTTGCCAGAACAGTCGCGTGATATTCATGAAAAGATTTTGGCGATTGAAGAAGCTTTGTGGCAACAAATTGGCATTTCGTACCACGTAGTGAATATCGCGGCGGGTGACCTGGGTGCGCCGGCTGCCAAAAAATACGACATCGAGTACTGGTCGCCCGTCGATGAGACGTATCGCGAGCTGACCAGCTGTTCGAACTGTACGGATTATCAAGCGCGTGGCTTGAATATTCGCGTGCGACGGGCGGACGGCAACATCGAGTCGGTTCACACCCTGAATGGCACGGCGGTTTCATTGGCGCGGTCATTGGTGGTGATTTTGGAGAATTTCCAAAACGAAGATGGCGGTTTGACGGTGCCAGAGGTATTGCGACCATATATGAATGGCCGTGACGTGATATAATGAAAGACATATTAGTTAGTAGGAGGAAGAATGATTAAAAATATTACTATTACTGGCGTTAAGTACGAGTTAAACGATACGACTAAGAAATATGTTGAGCGAAAAATTGGTGGTTTGGGCAAATATTTACCACGTCATTCCCGTAAAAGCGTGACCGCAGATGTAAAGATTAAGCAAATCGATAATACTGGTGGTAATAAATACGAAGTTGAAGTTATTATTAACGTTCCAGATAAGAAAATTACCGCTAAAGATTCAACCATGAACGTTTTGGCGGCAGTGGATATTGTCGAGGCAAAGTTGAACGGTCAGGTGAGAAAGTATAAGGATGACGTGTTGGCGCACGTTGGTAGTAGCCGCGGAATTTTGGCTAAGTTGAAGAGAGGCTTGGGTAGAAGATAATTATTAGCTGAAGTTGGCATGAAGCGCTCATATTCTGGGCGCTTTTTCTTTTCAAATTGACCTAAAAACGTTATAATAAAAGAAGTTTTTGAAAATGCCTGAAAGTGAGGGAGTTTTAAGTTTTATGGCAATTACACAACAAAAGGCGCTGAGTAAGATTTTTGGCGATCCGCAGAAGAAGATTCTGAAACGACTGCGAAAACAAGTTGACGTTATCAATGGTCTAAATGACAAATATGAAAAAATGTCAGACAAAGAGCTTCGAGAGCAGACGGAGGCGCTGAAAAAGCGTTTGGATAAGAAAAACGTAACCTTGGATACGATTTTGCCGGATGCCTTTGCAGTGGTGCGAGAGGCAGCCAAGCGTGTCATCGGTGAGCGTCCGTATGATGTTCAGCTAATCGGCGGCATGGTCCTTCATGGGGGAAATGTGGCTGAGATGAAGACGGGTGAAGGTAAGACTTTGGTGGCGACATTGCCAACCTATCTGAACGCGCTGGAAGGAAAAGGCGTTCACGTGGTGACCGTCAATGATTATCTGGCGCAGCGCGACGCTGGCTGGATGGGCCAGGTGTATGACTTTTTGGGTCTGACGACTGGTGTGATCATTAACGAAGCGTCATTTGTGTACGATAAGGATTATGACAATGAGCATCATGATGATCCGCGCATGCGTAAGCTCCGCCCGGTTACGCGTAAAGAGGCTTACGCAGCTGACATTACTTATGGCACCAACAACGAGTTTGGTTTTGACTATCTTCGTGACAACATGGTGAACGACGTTGACTTGCTCAGGCAGCGCGAACTGAACTTTGCCATTGTTGACGAGGTGGACTCCATTCTGATCGACGAAGCGCGGACGCCGCTGATCATCTCGGC
NZ_CP007496.1_gap11	190395	193934	3539	AAGAAAGATAAGTTGCGCTACGAAAAGGCGTTGAAGCTGGCAGAAGAAGCGTACGCAGCTAAAGAATCTGAGATTAGTGCTGATGATTTGCGTGGTGTTGAGCGTGAGGTTTATATGGCGGTGCTGGATACATTGTGGATGCAACATTTGGAAAACATGCAACATTTGCGTGAAGGAATTCACTGGCGTAGTGTTGGTCAGCGCGATCCGTTGGTTGAATATCGCTCAGAATCTCAGAAGTTATTTGAGAGCTTGCAGGCTAATTTACGCAATGAAGTCTTGGCGACAATATTTAACATCCATAAAGCTGATGCCGTGGTTCGTCAATCACAGGATGATGAGTACGACACAGAACTGACGCGCTTGGCGGAGAATGCTGTCGAGCGTGGCGTTAATGAACTTGGTGCGGGTGAAGAAAATCGTGATGATGACTTTTCGGTGAAAAAGGGGAAGACTAGCGCAGAATCTAATCGTGCTAAAAACCAAGCACGCAAGAAGAAAAAAGCGCAGCGTCAAAACCGCAAAAAGAATCGTAAATAGTCAGAAAGTTAGGCGATGAAACATACAGTTGAAGAAGTTAGGCTGAAAAATGGTGCGCGTGGTCTGCTGATTGATGTCCCAGACGCTACAGTGATGAGTTTTCAGGTGCAATTTAGGGCGGGCAATCGTTACGTCCTAGATAAAAATATCTATGAAACAGCGCATATTATGGAGCATATGGCGTTTGGCGCTAATGAAAAATTCCGTTCAGAGCATAATTATGAGCAAGAATTCACTAAAAATGGCGCCTATCACAATGCTTATACGTCAGATTATTCGATGGTTTACGAGGCAATCTGCGCTGATTTTGAGTGGGACCGGATATTGGAACTCCAGCGGTTAGCAATTACAACGCCGCGCTTCAATACTGATGAGCTGGAGGCAGAAAAGGGCAATGTTCGTTCTGAATTAACGGGCTATCTTAATAATCATAACCGTGTGATGTGGCCACGCATCCAGCAGGCACTGGGTGAGGATATATTGACCTATAATCAGCGATTAAAGACGATTGCTAATATTGAGCTTAAAGATATAAAAAATCACCATAAGCGTACGCACACTTTGAAGAACATGCGGTTTGTGGTGGCTGGAAAATTGACAGGGCGAAAGTCTGCTATTAAGGAGCATTTGGAGGGGTGGCAATTGGAGACTGGTGAGAGGTTTGCGATTCCGCATGATGAGCCTCGTAGGGCAAATCCGGTTCTGATTCGACGCAAAGAAGCAACAAATCTGACATTTGGCTGGTCAATGGTCGTGCCGCATGAATTAACAGATGAAGAGGCTGACGCTATGAGTGCCTTAAATCATATACTTACTGGCACGATGAGTTCAAGAATTTTTGGTTCGGCGCGTAAAAAAGGCTTAGCTTACAGTATATTTAGTGATACTTCAGTCGGTTTTTATGATTCGGCTTGGGATTTTGGTGGGCAAGTGAATATTGATACGGCCGAAAAGCTATTTGATGTCATTGTCAGAGAGTTAAAGAAAGTGCTATCTGGCTCTATTTCTGCTGAAGATTTAGAAAGTGTTAAATCATACTCGCTGGGCCGTTATCAGATGGGCGCTCAGACAGTTGGCCAGATTAGTAATTTTTACGTAGGCCGGTATTTTGCCGATGATTTTGTTAGGGATTATGACGGGGTGCCAGCTTCGATTTTGGCAGTCACTTCAGAGCAGATGATTGAAACGGCTCGTCAATTCTTTGCGTCAAATACATGGACGCTGGCAGCGGTCAGTTCAGAAGAAAAAGAGTTGCTGACGAAGCTACACGATAAACTAAGTAAGCTTTTCTGAGCCTATTTTGTAGGTTGACCGTGATATAATTATGTTATGAAAATTGTCATCGCTGGCTATGGAGTCGAAGGTCAATCTAATCTGCGTTATTTCCAGAAAAAGTTTCCGAGTGCCAGTTTTTTAGTGACTGACGAGCGAGAGTCCGTCGATAATTTACCAGATGGCGTTTCTTTTCAAGCGGGGTTTGCTGGTTTGGCCGACGCGTATTTAATCATAAGATCTCCCAGTATTTCTCCAGAAAAAATAAAAAACAGCGGTCAAATTTGGTCGGCGACGAATGAGTTTTTTGCAGAATGTCCAGCCGTCATTATCGGCGTAACTGGGACGAAAGGTAAGGGGACGACGTGCAGTCTGGCCGCTAGTATTTTGCGGGCGGCTGGAAAAACGGTACATTTGGTGGGGAATATCGGCGTGCCAGCGTTGGATATTTTGCCAGAGATTGAGGAAAATGACATCGTCGTTTATGAACTGTCGAGTTTTCAGCTGTGGGATCTGGAAAAGTCGCCACATGTGGCTGTGGTGCTGATGATCGAGCCAGATCATTTGAATGTTCACGCTGATTTTGATGACTATTTGGCGGCGAAGTCGAATATTGCCAGATTCCAGACCTCAGATGACTATTTAATTTATAACTCTAAAAATGAGTTTAGCTCATCAATTGCTAGTGTTAGTTCGTCACAGAAAAAAGAATATCCGTTTGCTCTTTCGAGTGATATAATTTCGGCAATCCGTCTGCCAGGAAAGCATAATATTGATAATGCCTGTGCCGCAATTTTGGCAGCACGTGCGATTGTTCCTAGTCTTTCTGATGATAACATAAAAGCTGGGCTGAGCAATTTTACGGGTTTGCCGCATCGCTTAAAGTTTGTCGCCGAGAAAAATGGCGTGAAATATTATGACGACAGCATTTCGACTACGCCTGGTAGTGCCGTTGCTGCGTTAAGAGCCTTCGCTGAGCCAAAGGTTTTGATTTTGGGCGGATCTGATAAGGGAGCGGATTATAGAGAATTGGCGAGTGAAATTGCCGCTCAGCAAATGCGAGCAGTGATTATTAACGGTGAAAATGCTAGTGAAATCGCCAAGTCTTTAAATGAGGAAAAAGTCTCTTGCCGAGTTGTATGCTTAAAAATGGCAATGATGTCAGAGGTGGTTGAGGCAGCAAAAAGTCAAGCCCAGTCTGGCGATATGGTAATCCTCAGCCCAGCCGCCGCCAGTTTTGATATGTTTAAGAGTTATAATGACCGCGGCGAGCAGTTCGTAGCGGCTGTAGAAAAGCTTTAACTTTGGTAAACTTCTGGTTTTAACACGCCAATGTATGGCAAGTTTCGGTATTGCTGGCGAAAATCCAGACCATAGCCGACAACAAACTTATTTGGCGTGTCAATACCGACGTAATCTGCCTGTGCCTCAACTTCACGCCGCTCAGGCTTGTCTAGTAATGAACATATTTTTATCGAGGCGGCATTCTTGGCGGCGAACAATTTCCTCAACGCTTGGGCGGTTCGACCACTATCAATGATATCTTCGACTATCAGCACGTGCCGATCAGTAACGTCAGTGTCTAGATCCTTAATAATCTTCACTGTACCAGAAGATTCTGTGTCATCACCGTAACTGGAAACTGCCATAAAATCAATTTCCATGTAGCAATCCATCGCTCGTATCAGGTCAATCATAAACGGTGCCGCACCGCGTAAAATCCCTAC
NZ_CP007496.1_gap12	225773	228143	2370	ATTTCGTCCTTATTCTGAGGCCGAGCGGCAAAAATTGAAGGCGAAATTAGGCTTTGATTCCAATAAGCCACTGGTTGTCGTCACCGGTGGTGGGCTAGGTGCTAGGCGTATTAATTCTGCAATTTTAGCAATCAGGGAAGATCTCTTAGCTGAGGCTTCGGTGTTTTTAATATCTGGAAACCTGCAGTACGAAGAAATACTTAAGCAGGCTGGTGAGCGCAGTGGATGGCGACTTCAAGCCTTTGTCCATAATGGTATGGCTGAAGTTTTGGCGGCAGCAGATATAGTTGTAACTAGGGCGGGGGCGACCACTCTTCTGGAGCTGGCCGCGCTTCATAAACCTACTGTGATTATCCCTAACGGCCGTCTGACAGGTGGTCATCAGCTAAAGAATGCCAAGGTGTATCAGGACGCATTGGCTGCTTTGATAGTTTCAGAGGACGAACTAGATAAGGATGATCAAATTTTGGCACGTAAGATTATTGGTGTATTGAAATCGCAGAAGATTCTTAAGGGTTTAGGCGATAATTTTGGCAAGTTTGCCAAGCCTGATGCGGCCAAAGATATGGTGAAGATTATTCTGACTACTATACGAAGACAGGGTAGGCGAAGGTGAAATTATCTTTTTCTCGAAAGAAATCTGATAAAAATTTAAGCCGTAGAGAGGTTGCTGCTCGTCGGCAGTTTGAAAATTACGACAATCTACCAACGCAGTCATATCGCCGAAACAGAACTCTTAATAGTCGCCAGACAATTTCACCGTTAGAGGCCTCTGAACGGCTTGAGGCGCATAATCTAGTAAAAAAACGTCGTCATATGATGCAGAAGTTATTTATAACTGCAGTGTGTCTGGCTGCCGTGGTATTTTTATTGTTTCAGCTGACAATTAGTATCTCCATTCAGACTCCCGACGCTAAAAGTTCTAGCAATTCTGGTAAATACGCCAGTGTTCTTAACGAATATTACAATGCCCATCCAGCTGAGCGGTTTAGGTTTTTTCTGAACAATAATGATTTGAGGCAGTTTTTCTTACAGAAAGCTCCTGAAGTAAAAACTATTCGTGTGGAGGGTGATTTCTTGGCGCGTTCAGCCGCTAAGTTAACTTTTCGTCAGCCAGTAGCTCAGTGGTCTTCTGGAAATAAAGTTTATTTTGTTGATGATGGTGGTGTTACGTTTGAGCAGAATTATTTTAACCCGCCTACAGTTGCGGTTCGCGACGAAAGTGGACTACCTACTCGGGGTGGCCAAGAGGTTATAAATCGGCAATTTTTAAGTTTTTTAGGGCAAGCTGTGTCTGAATTCTCGCAACATAAGCTGAAGGTGTCGGAAGCTATTTTACCAGCCAATACCGTACGCCAAGTCTGGTTTAAGGTTGAGGGCAGGGAGTCTCAGATAAGAATGACTGTTGATAGATCTGCCCGCTCTCAGGTAAGGCAGGCAATAGTAACGCTGGGATATTTAGATAAGAATGGTCAATCGTCAGGCTATATAGATGTTAGGGTAGACCAGCGGTCTTTCTATAAATAGAGCAGTTAACTTCTCTTTTGGATAGAGTAAGTTCTCTTTTTGTTCTATTTTGGCTATATAAAAATTATATATAATAATATCAAAATATGCAAAAGTCAAATAATTAAGTCATGACAAACTAGGGGAGCGGGGAAATAAAAATAACAAAATGTCAAATAAGCAAAATCATATGTGGAAAACTTATAAGCAAACCGTATGTGATATTTATTGGATGATACAGTGATGTAAAAATATCAATGTGGCATTTGCGGCGGGTGCTTTTAGGTAAATGAATATTTTAAGTTCGTGTTTGTTGGTGAGTTTTATTTAGCTTGTTGTGTAGCATGGTCTATGCTGAATGGATAGTGAAGTCCCCTGACTATTTTGGGCAAATAATTGTAATATTTATAGAGTGTGGCTACATCAATGGACACATGTGTATACCCAAGTTAGTCGTGTATTTATTATTACGTAAAATGTGCATTGTGCGACATTAGGACTATATCTAAAACATGATTACTCTATCGTCTTTTTTGGTGCAAATTTATTCTATTTTATAAATCTGCAACTACTCTTCTTGTCTTGTGTCCTGTCTACTGATGGACCCTGCTTGGGCTATCTGATGTGTTCTTTTATGGCGGATTTATGGATCGTTTGCGTGATTGATTATTATAGCCGTATGTAGGTTTTATATTGCGATATTTGTTATGGCGCGTGTTTAGGATTTACTTTGACGCTTCCTTGAAAATCGTAAATAATTAGTTCGTATTTTGTTCTGTTATTTATCAGCTTATTTTTGAAAAGCTTGTGCAATTCTCTGCTTGATTAGATCACTGTTCCATTCGTTAGTTCTGAAGCGCAATA
NZ_CP007496.1_gap13	229149	233720	4571	GACGAGGTTGTATCTTTATATGAGCCAATTCGGTTTACTAGGTCAATTGATCCGCAGCAGCTAAAAAAAGGTCAATCTTTTACTCTTTCCGAGCAGGACGGAACGGATCATGTTGTAGTTGTTGATGAAGTTGGCGTGGGCGAAATTGTGAATATTAAAGGTAAAAACACCTATCAAGTTTTCCCAAAAGAAATGATGGCTTACGCTACACTGCGGGACAGTAAAGCGCCGAAGGGGCGCCAGCTAATTACTATTGAGAAGTATAATAATCGTGAGTATGATGCTTATCGTAAAGTGAAGCTAGACTCTAAAGAGCAAAAGCGAATATTCGGCAGGACAATTACGCCGATTAATTGGTGGATGATTATATTTATAGTGTTTATTGCCACTGCTGTTATATTTACATTTTTGGATAATAGCTCCAGCGATGGGCATGGTGGCGGAGCGCGTGGTGTTTATGGCGGCAGTAGTGGCGGATTTGGAAAGTAGGATATTCTAGTGCCGCGATTTGAAATGCATAAACGTGAGCAAGTGTCTTTATTTGCGGCGGCGATATTAGTGGCGATTGGCGGCATTATATATGAATTAATTTTGGGTGCGGCTGCATCTTACTTGGTCGGAGATTCAATCTTAAGCTTTAGCTTGGCGACTGGCGTAACTTTATTTGGAATGGGTATTGGTTCGCTGCTGGTTAATTATATTAAAATACATCCAGCGACCAGTTTTGCGACTAATGAGATTGTCTTAGGACTAATTGGTGGTAATTCGGTACTTTTGATGTATACGGGATTTGTTTTTACGCGACTGCACTGGGTTATTTTTGCAATTATCAGCCTAGCGATAGGCATTTGTATCGGTCTGGAAATTCCACTTCTAGTGAAGATGTTTCAGAAATTTGGTCGCAAATCATCAGTTAGGTTATTTAGTAAGATTCTGGCGCTTGATTATTTTGGTGCGTTAGTAGCCTCCTTATTATTTCCCCTGATTATGTTGCCTCATCTTGGTTTGATGCGTAGTGCTTATCTGGTAGCGGCGTTGAATATCGCTGTGGCCGTATTGATTTTAAGGCAGATGAAAGCTTCTAGGGTTGTGATGATAGTTAGTATTGTAGCAACAATAGTTTTGTCTGGACTGTTTATTTATGCGACAGAGATTGAAAACGCAATTGATAAGCGGACCTATAAAGATCCGGTAATGTTTCAGCAGCAAACGCCATATCAGAAGATTGTACTAACCAGATATAAGAAAGACACCAGGCTATTTTTAAACCACAATCTGCAATTTTCTAGTCTGGATGAGGCGCGCTACCATGAGACCCTGTCTGCTTCTGCCCTGTCCTCGGTCGCTAGTCCAAAGCGAGTGCTGATTATGGGCGGCGGTGATGGCCTGTTGACGCGTGACGTGTTGAAATACCCGAGCGTCGAGCATGTTACTCTGGTTGATATTGACGAGTCAATGACTAATTTAGCAAAGACTAATCACCTACTAACTGACATTAATCAGCGGTCACTTCATGATTCTCGCGTTAATATTGTTAATCAAGATGCTTTTCAATTTGCTTTTTCGACGCAGGATAAATATGATGTTGTGTTGATTGATTTGGTTGACCCTTCGAATGAGCGACTAGCTAAGCTCTATTCCGAGCAGCTGTACCGTCAGGTCGGCAATATTTTAACAGAGCATGGCGTAATGGCAACGCAAGCAACTTCTTCGTTCTTTTCTCCGCAGGCTTTTTATATGGTGGCAAATACCATAAAATCCGCTCATCCTGGGCGGCACATAGCGGCGTTCTCGGTGAATGTGCCGTCATTTGGCGAGTGGGGTTTTGTGCTGTCAGCGCCAAATGCTGATGTTGTGATGAGTCAGCCTTTACCAAAAGGATTGCGTTATCAAAATCAGAAGCTACTTACTTTTTTAACTAAAAATAATGCGGTTTCAGTTCCGTCGGGTCCCGTCTCTACGCTGATTTCTCCGCGGATAACTGATGTTTATAATGCTGATATGCGCCAGTGGCGTTATTATAACTAGAGTTCAATAATTTATTGAGTGGTGCTCTTTTTCCGTCGTCGGCGTCGTCTTTTTGGCGTGGTGGTCGCGGTTGATTCGGGCGTGGTTGCAACTTCTGATGAGGACTTAGGCTTATCTAATCCATTATTGCCACGAATTTGCAGGACAACCTCCCCGCTATCTATAGAGGGTTGTGTTTTATTTGGTTGACTATTGGTCTGCGGATTCGGCTTTGGGACGGCCTGCTTTTTCTGATTTCTGTTGGGCATGATAGTGTCGCTAATTTCTCTCTCGACATCCTCCCTGCTCTTCGAATACATACGCCTTGAATGTTCGATGATATGTGGCGTATTGTCCGCTTGGGACGGTGGAAGCTCCAGGCTGCGCGCTGAAAATGCAGGAGTTTTTTCGCCGCCGATTACCATATTGATAACAAAATTACGATTATGCATCTGTAGTAGGTCAATTGATTCAAAGTTTGGCTCAAACTGTTTAGCTAGGATCGGTGCGTCATCGGCAGAAACTCGGAAAGAAATCATGGTACCAACGTTACCAAAAACGGCGTCACGAACAGTTTCACTCATTTGGGAAATATACTGATTGGCGACAGTCAGATTAAGACCGTATTTGCGAGCTTCGGATAAGATGGTGGCAAATGAATCAGTGGCGAAATTCTGGAACTCATCGACATAGAGATAGAACGGACGACGATCGCGAACGTCAGGAATGTCTGATCGTGACATGGCAGCGAGCTGAATTTTTGTGACTAAGAAGGATCCCAGAATGGCGGCGTTGTCTTCACCAATTAAGCCCTTCGATAAATTGACGATGAGGATTTTGCCTTCGTCCATGATTTGACGAATATTGAACGTAGATTTAGGCTGGCCAATGATGTTGCGGATGATTGGGTTGGCGGTAAAGGCGCCGACTTTATTTAGCACCGGTGCGATTGCTTCAGCGACAAATTTATCGTTCCAGCTGGCAAACTCAACATTCCAGAATTGTAGGACCACGGTATCGCGACAATAGCCCAGCGTCTCTTTGCGGAATTCTTTATCTGTTAGCATGCGAGTAATATCAAGCATAGTGGCTTCTGGTCGGTCAAGTAGCGCCAGAATAGTGTAGCGTAAAATGTATTCCAGCCGCGGACCCCACGAATCGCCGAACATGCGCTTCAGGACGCCAATCACTTCTGATGAAATATTGGTTTTTTGGTTGGGATTAGTGACTTCTAGCGGATTAAACCCTAAGGGGTAAGCGGTGTCGGCTGGGTTAAAATAGATGACGTCATTCAGTCTTGAGCCCGGTATGAACTTCATGTTATTGATAGCGAAATCGCCGTGTGGGTCAATGATGGCGTAACCTTGATTATGGAAGATATCGCTGAGGGCGAATAATTCCAGCAGGCCGCTTTTTCCGGCGCCAGTTTGCCCGATAATGTAAACGTGGCGTGAGCGGTCGTAGCGTAGCATGCCGAATTGATGACTAATGCCGCGGAAGTTAGTGACTCCAAAGGCGGAGATTTGGTCGTCGTTGGCGTCATTGCCAGTTAAGACTGGTAGTTTGGACGGTGGTTCGGCGGTTTTGGCACTAGCCCAGACAATATTCGGTGTCTCAACATTGGTGTGTGGTAGGTGAAAGACAGAAGCTAGTTCTTCAATGTTTAAGATAAAGCCGTCGCCATAAAATGCTCGCTTACGATATTTCTCCAGGAATTCTTTACCGAATGCACCCTTGAAGGCGCGAAAGCCGTTAAGGTTGGTTGAGTTGAATTGCTTAAATGTACCGACCAGGGCTTGCATGCGAAGCTTTGCGTTGGTGTTACTTTCGCCCATGTAAACCAGTCGTATCTTTACCTCATAGCCAAGCTTTGTAGCCTTTTTTTCCGCTTCAGAAATGCGAGTTTTATCGCGGTCTGACAACTCAACAGCTGTAGACTGACCGACTCCCTGCTCCGGTGGTTGCCAGAGCGCACCAAGTATCCCGACTATCCACTGCATGCTACCGCCGAGTCCTGGAAGCGACAAGCCGCGTCCGCTTTTTATATTATTTATATATCTGTCTGCAGCGTGTTGCCAATCATCAGGAATCGGTCGAGCTAGCACCTGAATCCATAGCTCTTCTCCGGTAGTTTCTAATTTGGCGAGGGTGCCGGTAACACCAGCTAGCGGGTCAACTTCAAAATTCTGAAAGGTGCGAATTGGTAAAAATTCATCCGTAGTTAAAGTTAGTTCGGTTGAATACGCAACCTCGTGATCACGCTCGTGCTCGGTATAATCTTCGTTGGCTTGATGAATTTGGACGGTTGGATATTGCGAGTAAATTTGACCCTCGACGAAACTTTGCAGAGTTTTTGGCACCCAAACATAAAAGCGAATTTGACCATTAACCGAAGCAATCTCAAAACTAATATGCTCCTGCTGTCCACCGGATAAGCGCAGTTCTTTATTGTCGCGTAAGATGCCGTGGAGTGAGGCAAACAGCTGCTCGGCGGCCAACTCCTGTTTATCATTGGTCCGTGGGATTTCCAGAACTAATAGTACGCTCTCAACAGGAGTAAATTC
NZ_CP007496.1_gap14	334151	338983	4832	CCGATCGGTGTCTGAGGCAAACGAAGTCTTGGGGCGAATAATTTCCGCTACTGTCGGCTCGGTCGATAGTCCACCTTTGGCGTGGGTTAGGAGTCCGCTCGGCTTATTTACTACCATCACGTCGTCGTCTTCGTATAATATCGGCAGTTCTGTACTCGCCTGCTCCTGTTCTGGCAGCTTGACGGCGATCTCGTCAGTCTCGTCGACCTCAAACTTTGGCGTCGTTACTACTCGCTGGTTGACTGACACGTAGCCGGCTTTGATGTATTTTTGCCAGAGGCTGCGCGAAATTGACAGGTCAAATACCGTGGACAAGTGGACGTCCAGGCGCTGTTTGGTTGGTACGATGTGGAGCATGATGACGAACTTGCCTTGAAACGGCGTCTCGGTGCAGCTCGAATCAAGCGGATTTGGTAAAATTTCGGCGTTGGCGGGCCTGTCAGGCCACAGCTCGTCAATTGATTCTTCGTCGACAATTGAGCCGTATAGTACGGCGAAATGTTGCTTGTTCAAAATAAATTCCGCCACGATGTGCGATTCGTCCGTCTGAACCTTCAAGCGGCACAAGGCCTTGACGGGCGTATTGTCATCTGCCAGTTGGTATAGCCTGGCGATCTTGAGGACGGTGCGCGGCGAAATTTTCACGCGGGCGTTCCTATCTCCGCAGCCCCACGGCCGTTTGGACACGGTGCAAGGTTTCGTTGGCGACGATGTTCATATCGTGTTCGCTGGACTCTAGCTTACTCTCAATTGCCTGATCATCAACTGCCGCCAAGCGCGCTTGGAAATTCGCTAAGAATTCCGCTACTTCATCAGCTACGATTCGCTTAAAATCGCCGTAGCGCTCCATGCCGGCATACTCGCTGATGGTCTGTTCCAAGCTGACGTCTTTTCCAGCATCCTGGCGTACCAGTGTTAAAACCTCTAGCAGATTGGAAATGCCCGGCTGGTTGTCGCGGTCGTATTGTACCTTACCCAATGAGTCGGTGGTGGCGCTCATGATTTTTTTGTGGGCTGCCTCTGGCTCGTCGCCAAGGAAAATGACGCCCTTGCCGCTGTCGTCGGATTTGCTCATCTTTTTGGCCGGGTTCATCAGATCTTTGATCCTGAGGCCTTGGTCGTTGCCGAAGAATTGGTGCTGCTGGGCGACCGGTTTTGGTACGATGAATAAGTCGCCAAATTTGCGGTTCATCCGCTCGGAGATGTCGCGGGTAAATTCCAGGTGCTGCGTTTGGTCGTCGCCGACTGGCACGTAGGTGGCGCCGTAGAGCAAGATGTCGGCGGCCATCAGGACTGGGTAGTTGAAGAGACCGACGGAAATACCTGTATGAACTATATCCTGCGCTTTCTGTCTACTAGTTGGTAGGTGAATTTTACTGTCAATCTCATCAAGAAATTTGTGTGATTTATCTTTAAACTGCGTCATTCGACCCATCTCTCCAAATCCAGTGAAACAGTCCAAAATCCACGCTAGTTCGCTGTGTGCCGGGACGCGGCTTTGGCGGTACAAGTGAATCGCCTCATTATCTAGCGGCAGTCCCGCGGCGGTATAAATTCGTGCGTTATTTAAAATGCTATCGTACAACTTGCTGTGGTCAATCGGCGTGGTGAAGCTGTGTAGATCGGGGATGAACAGATTGATATCAAAATCGGACGAGCGGCGCTTCGCCATATCGACAATCGGCAAAATGGCACCAAAATAATTGCCAATGTGAATATCGTTGTTGGCGCGCACGCCAGTGAGGATGACGGGTTTGGATGGTTTCATTAGATATATTATAACACCCTTTGGCTATTAGTAGGCGTGAAATGGTGGAGTATAATTCTGTAAAATTGTCCTCAAGCTCACACTATGCCGAAAGTTTATGTCGTCAATCTTATCCAGATCAACCCACTCCGGCATGCCGTTGGTGTAGGTTTTTTCGCTGTCGGTTATGTTGTCGTTATTGATTTGCCCGTGCAGCTGGCTATAGGTAAAGTACAGCTAGATTGACTGGTTGGCTTGCGCCTCAGCGTTGCGTTTGAAGAAAGTAGTTGCTTGGTGAATGATTTTATCCGGCATGATGGTTAGTCCAGTTTCTTTCTTAATTTCGCGGATAATTGATTCCTCAACCGTTTCGCCCTTCTCGACACCGCCGCCAATCAAGCTATAACCGTCCCATTGCCGAGTTAAAAGAATCTTATTATCCTCAATAATAACTGCGTACACGCCGACGCGAATGTTTAGTTCGTCAACGGGAACGGTGTATTGATTGCCGAAGACGTCTTTGCAGATGATGGTTTTAGTCATGAGGTTATTCCCTTCAGATAATCCCTCAGCATCGCAAACCCATCAACCGTTTCAATTGCCGCCAAATATTCTTGCCACTCTTCATCATTCAATTCTGCCAAACTGCGGCCGGGAAATCTCGGATGCCCATAAATATATAGCAATTCCGTCCAGCCGTGCAGATTGTCGCCGCGCGGTTCATCGATAATAAAGCCCTCTTCGTCCACCACGAATATATGATCTTCCGCGCCGTCAAAATAGCCAACCGCAAAAGAAAATATAGCCCTACGATCAGTTTCGCCTTGCATTAACTTGATTATGCCGGGATAGCTAAAACTATCCAGTAGCAATTTAACAAACGGCCCCGGAAAACCTTTCAGGGCCAGAATGAAAAAGCCACGATCATCAACGATTAGTCGCTTGTTTGGAAAAGCTTTCTTGGCTTGAGATAGTTTACTTTTGGCAATTGTTTGAATATCCAGCCCTCGCCCCTCGTCAAAATCATAGTCGAGCTGCCGTAAATCAACACCGAGTGGCTGGAGGAGCTTCTGGAGGCTGGCGAACTTTTTGTGATTGGAAGTTACAAAATAAATTAGACTATTCCTGTGCTTCATATTGATAAGTATACGTTAACTAACGCCCTTTCGCAGATTTCTAATGCTCGTATCATAAGGGGTCTTCCATAATTCACCATCAATGTTCAGATTTTTCAGGAAACTATACATTTGTTGTTGAATATTGTCGGCATTTGCGTCGTCCTCAGCCAAAACCTCCAGCTCGATAAACAACCCCAGCCCAGCAACTTCATCGACACAAATCGTATAGTCCTCAGTTTTCGATTCAAGGCGGACTTTATCAACCGTGACAACCTCTTGCCAACCCAGCACTGTAAGCATTTGGCGTGCCATGTCGCCACTATCAACTGCAAACTCATATTCATCAGATACTAATTTCGCCTGCCTTTCGATTTTTAGCGTCATAAAGCTCCGCTGCAACTCACCGGTTTTTGGGTCGAGGACGTCGCGTATTCGCATAATCTTTGAGCCAGGAATAATTGGAGCGTCAACCTGTTCGGGTAATAGAAAAACCGTATCGATTTGGTGTTTGATTGAGATGGGCACGACAAACTGATTTTCTAGGACCGCAATGAGCTTGTCGCGAGTCATGTTGGCTGATAGCTTGAATTTGGATTCGATTTCAATCATGGGCTATTTTCTTAATCTATTTATGCGACGTACGGATTTTAATGGAAGTTCTCCCGTCAGGTGCTGTTTTATAATCCCAGACAAACACTTGGCGTATTTATCGGTAATTTCGTGGCTCTGCATAGTCATTGAGCGGTGGGCTATATTCTTATGCTCTTTGGCTAATTGCTTCAAATTCCGTTCTACAATTAGCGGATCAAGTTTGCCAGATAGAATAGTGATCGGTAGTTTCAATTGTGATATATCAGTCATCGTGGTTTGATTAATAATCGCGGCGTTTAGTGCGGTCAGGAAAGATTTGGCGGTGACTTTGTCAGCCTTAAACCCAGCGTCGGGCCATATATTATGTCGGTCGGCAAATTGCAGTAGGCGCTTTGAACTCCTTGGGTGCTTGTTGATAAGGCTGTATAGGGCGCGTAATATTTTTTCTGGATGATGGATTTTCTCGTCAGTTTTAGGTTGGTATATCGGCGGGCTGCATAGGATTAGCGACTGAGCTAATTTTGGATATTTTTTAGCGAGTTCTACGGCTGCCAACGAACCCATAGAATGGCCAATGATTACGTCAAGATGATTGATTGATTCTTTTCTTAAAGTGGCGGCGATGCTGGTGGCTTGATCTTGGACATTGTAAGATTTCCAGTCGGGCTTTGGTGAGTTGCCAAATCCCAGCATGTCAATAGCAATAACCCGCGCGTCCTTGGGCAGATATTGTGTCAATGGCTTCCAGGTGCGCCATGAGGTGCCTAATCCATGGACAAGTAGAATCGTAGACTTTGGATTGTCTGGGCGGCAAAAATAATGCACATTTAAGGTGTAAGGAATACGTAGCCAGCGATGGATTATTCTATCAAACATAGTCTTAGTATACTATGAAAATACCCCGCCTGCATATGAGACGGAGTATTTTCGAGAATTGGTTTCTCCTCTGTTTAACGCTTGGAGAATTGTTCGCGCTTGCGGGCGGAACGCAGACCGTATTTCTTGCGTTCTTTCTCGCGTGGGTCACGCTTGAGCAGCTCAGCCTTCTTCAGAACTGGGCGCAGATCAGCGTGAGCAGCCGTCAATGCTTTAGCGATGCCAAGCTTGATGGCGTCAACTTGACCAGCGAGGCCACCACCTTTGACCAAGATGGTAACGTCGTATTCCTTTTGCTTGCTGACGACAGCTAGTGGGTCGGTCACTTCGGCAAGCAAGGTTTTGTTGCCATCCAGGTACTCAGCGGCTGCTTTGCCGTTGATGGTGATGGTACCCTTGCCAGGAAGCAAGCGAACACTTGCTGAAGCACTTTTGCGTCGTCCCAAGCCGTAGAAATAGGTATCAGTAGCCATATTACTTTACCTCAACTTTCTCTGGGG
NZ_CP007496.1_gap15	340690	343176	2486	TTGCTTTTGCCATAATTCTTCCCTAACCCTTCTTTTATCGTGAGTAATACTCAACAATTAATTGCTCGTTGATGTCAGCTTCTGCTTCCTCGCGCTTTGGCAAACCAGTCACTTCAATCTTCAGCTTCTTGCTATCGCTCTTTAGCCAGCTCAGTGGGCCTTGGATTGAATTGTTGATTACATCTTCAATGTGCGTAAAGTACTCAGATTTGGTACTCTTTGGACGAACAGTAATAACGTCACCAGCCTTAACGCGAATCGATGGAATATCGACGCGACGGCCGTTTAGTTCAAAGTGGCCGTGGCTAACCAGCTGACGAGCAGCGCGGCGGCTAACAGCGAATCCAGAACGATAAACGACGTTATCCAAGCGGCGCTCCAGCAGCTTCAACAGGTTCTCGCCCGCCAAACCTTCTTGGGCGCGCGTTGCTTCATTCATCAGCCGAGCAAACTGCTTTTCAACCAAACCATACAGGCGGCGAACCTTCTGCTTTTCGCGCAGCTGTGTAGCGTATAGACTTGGCTTATTCTGGCGACCGTGCGCGTGCTGACCTGGAATACCGGATTTTCGTGCCAAAACTTTATGTGCTTTTGGATGAAGCGCATAACCTTCGCGGCGGCTTTGCTTGACAATCGGTGAATTATCTCGTGCCATAATTATGCCCTCCGTACCTTTCGTGGACGAACACCGCCGTGAGGCACGCCAGTTACGTCCTTAATGCTTTCTACTGAGATGTCGAAGGCGCCAACCGCACGAATAGCGGCATCACGGCCCAAACCGACACCTTTGACGAAAACGTCAACTGATTTCAAACCATACTGAGTTTTCGCAGCTTCAGCAGCTTTTTCAGCGGCAACCTGTGAAGCGTAGGCGGTGCCTTTTTTGCTACCACGGAAACCACATGCACCAGCTGATGAAGCGGTCAACACGTTACCCTTCTTATCGGAAAAAGTAACGATGGTGTTATTAAATGTTGCTTGAATATGCAGCTGACCAGCTGGGACTGATCGGCGCTGCTTCTTCTTGGTAGATCTTGCGTCTGCCATTTCTTAGTCCTTTCTTTAGGTCTTACTTGCTGCTTTTGGTTGTGTACCGCCCACGGCGATGGCGCGACCCTTGCGAGTTCGTGCATTCGTACGAGTCCGCTGTCCGCGTGTCGGCAGTCCTGCTTTGTGGCGAAGACCGCGATAGGCGTTGATATCCTTCAAGCGCTTAATGTTGTTAGTTACCAAGCGCTGGAGATCACCTTCGACGGTGTATTCGCTGTCGATAATTTCGCGAATCTTGTTTTCTTCAGCCTCGGTGAGATCTTTCACCCGAGTGGTCGGCTCAATCTTAGCCGCCGCAAGGATGCTCGAAGCGTGCTTTGGCCCAATCCCATAAATATAGGTGAGCGCGATTTGCACCTGCTTCTCTGTTGGGATAACTACCCCAGCAATTCGAGCCATGCTTAACCCTGCCTTTGCTTGTTCTTAGGTTTTTTCTTGTTGATGACGTACAACCGACCTTTACGGCGGACGAACTTGTCATCGGGGCTGATTTTTTTCACACCTGCACGAACTTTCATAAAGTGCTCAAATCTCCCTTCCCGAGTAAACCCGAGATTAACGTTAATATTTGACTACCGGCCCTGCTGGGGTCGATCGTCACGTAGGCGGAAGCTGATTCGTCCCTTTGTAAGATCGTAAGGGGTCATCTCAACCTCAACCTTATCACCAGGCACCAGGCGAATATAGTGCTTGCGCATTCGTCCTGAAATGTGCGCGATGATACTATGGCCATTCTCCAGTTCCACCCTAAATTGAGTATTAGGCAGTGCTTCCACTACCTTTCCTACCATTTTGATGACTTCCTTTTGACTCGCCATAAGTTACAGTTGTCAATTATACAGCACGCAGCGCAGTTTGACAAGGGGTATTTCCATAAATTTATGTGCTATATGTATTATCTCACAACATTTCTTAGAATAGACTTTTTAAGTTTTTTATATCATTTCTACAAGTTTGTAAATTGCTATTTATAAATTATAATATTGTAAACTTCAACCTATTTTTTAAAATTCTATTTAACTTTAAAAAATTTCAATCTTAAAGCATTACCCAAAACAGATACTGAACTAAATGACATTGCAAAAGCCGCTATCATCGGATCCAATTTTGGTCCATTGAAAAATGCATAAAATATTCCAGCGGCAAATGGTATTCCAAGTACGTTATAAAAGAATGCCCAAAATAGATTTTCCTTTATATTTGTGATTGTTGCTTTACTTAATGCTATTGAACCCGCAACATCTCTCAAATCGTTTCTAATTAAGACGATATCAGCGGATTCTATAGCAACATCCGTTCCATTTCCTATCGCAATTCCAACGTTTGCTTGAGCAAGTGCTGGTGAATCGTTAATTCCGTCTCCAACCATTGCAACAAATTCATCTCTTTCCTGAAGTTCCTTTACTTTTTGAGATTTCTGATAAGGCAGCACTTCT
NZ_CP007496.1_gap16	354630	359486	4856	TTTACTATCAACTAGGTGACTAAAATCTACCACAAGTAATTCTTTGTCAATAAGTCTAGTCACCTGCTTCACACTTTCAGTTTTTCCAGTACCTGGTACCCCTACAAATAAGAATTTATTTATTCCAATGTGATGATTAACAGCGTTTATTATTCCTTTTAAGTCATTCATAATGGGAAGTGGCAACGGAAGAGGGTTAATATCTAATTTAACAGGAGTCAAATACTCACTTATATTCTCTATTTGTGGTACTAACCTATCACTTTGAGATATCATCCCCATAATATATTGTGCTAATTGTGTATCTCCATGTTTATCAAAATTTCGAGCAATAGCTATGCTTTGATTTCTGAATTCTGTCTCTTTGCTCTCATAATGATACTTTATTAAATCAAGAACATCTGATTTTTTCATGACTCAATCCTCCTTCTATAAAAAATGATACTACGCCTTTGGGACAGAGTCAATTTTTTTGGGACAAATTATAAATAAAACCTAGAAAAATATTATTCTTTAATCTCTCTATCCCACCAGAAAGACCCCATGAATCACTTCTCTCTTAGACGAACAATAGCTTGCCTGAAGAATCAGACACCAATCCTTTGACGGTTACGCGATAAGCAGCAGGAATATGTTTAAGTTTCATATCGTAATTGTAGCACATATGTCGCTACTCTCGATGAGACGTTAGGCTTGGTCTACTTATCGCACAATAAAAAGCACTCGGGAATCCCGAGCGCTTTTCTACTAGCAGTTTTAGATTAGTACACCTTCAACAGCAACTCACCACCAAGTTTAGCCTTGGCTGCTTCAGCGCCAGTCATGACACCTTTTGAGGTTGAGATGAGTACTAGACCGCGGCCGCTTTTCACCTTTGGAATCTCGCTAGCGCCGACGTAGACACGACGACCTGGCTTGGATACACGGGTGATCTCGTTGATGGTGCTGTTAGTACCCTCTTCGTTGATGGTCACGACCAACACACCACGAGGCTTAGCGTCCTCTAGTTTAACATCTGCAAGGTAGCCGTTTTTGACTAATTGTTCAGCGATGACTTTTTTCATCTTGCTGGACGGAACACGAACTTCCGTCTTGCCAACCAGTTTCGCATTGCGAATGCGCGTCAGAAGGTCGGCGATTGGGTCTGTAGTTTGCATAGACATTGTCGAATCTCCTTTCCTTCTTACCAACTACTCTTTGTTATACCTGGGATTTCGCCCTTGGCTGCTTTTTCGCGGAAATTGATGCGGCTCAGGCCGAACTGGCGCATGTAGCCACGTGGACGGCCGGAAATGCTGTCGCGGTTCTTGTGCCGAGTTGGGCTCGAGTTGCGAGGCAGTTTCTGTAGACCGTCGAGGTCGCCAAGTTCTTTGAGCTCAGCGCGCTTCGCAGCGTATTTTGCGATCATCTTCAGACGCTTTTTGTCGCGAGCGACCATTGATTTCTTAGCCATTACCTGACGCCTCCTTTCTTCTCAAACGGCATGCCAAATTTCTCCAGCAAGGCTTTTGATGCTTCCTTGCTGCCGTTCTTGATGACAAATGTTACCTGCAACCCGTGCAAAATCTGCGTTTCTTCAAAGGTCAGTTCTGGGAAAATTGACTGCTCGATGATACCCAGGTTGTAATTGCCGCCTTTGTCGAATTTCAAGCCAACGCCGTGGAAGTCGCGCACACGTGGTAATGCTACGTTGATCAAGCGATCCATGAACTCGTACATTCGAGCACCACGTAGGGTCACGCTCACACCGATTGGCGCACCCATACCCTTACGGATACTAAAGCCAGCGATTGACTTCTTTGCCTGGCGGGCAACTGGTGCCTGACCGGTGATCTTTTCAACAGTGTTTTTGACAATTTCAAAGTGACGCTTGTCATCTTTCTTTTTGCCGGTGCCAACGCTCACGATGATCTTTTCCAAAGCTGGCACTTGGTGCACGTTCTTTAGATCTAGTTCGGCTTGCAGTTCCTTTAGGTATTTCTCCTGGTACAAGGCTTTCAAGCGAGGAGCTGGCACGACGGTTTTCTTCTCTGCCATTATTTAATCTCCTTATTTTTTGCTTGGCGAGCGACGCGAGTTTTGCCGCCGTCAGCATTCTTTACTAAACCAACCCGGCTGGTTTTGCCTGACTTTTCGTCGACAACCAGCGCGACTTTACTGATGTCCATCGGTACGTGGATATCTTTCTTGCCGCCTTTTGGATTGTACTGGCTTGGCTTGACGTGGCGGTGTCCGACGCCAACACCTTCGACCAAAACAGTTTGATCTTTGGTGTTAACCTTCAGGACTTTACCAGTCGTACCCTTGTTTTTACCAGCGATGATTTTTACTGTGTCATCTTTGTGAATACGAGCCATTAGAGTACCTCCGGAGCCAAGCTTACGATCTTCATGTAGCCCATGTCGCGAAGCTCGCGTGGTACTGGGCCGAAGACGCGGGTAGCCTTTGGCTGCTTGTCATCGTTGATAATCACCACGGCGTTGTCATCAAAGCAGATGGTTGAGCCGTCTTTGCGGTGGATTTGGTCGCGGGTGCGAACCACTACGGCCTTGACGACAGATTTCTTTTTGACGTTGCCGGTTGGGCTGGCGTCTTTGACTGAACAGACGATCACGTCACCAACGCGAGCGTAGCGGCGACGGGTACCGCCGAGAACACGGATGCACAACACTTCTTTGGCACCCGAGTTGTCAGCTACCTTGAGGCGAGATTCTTGTTGGATCATTTGTCATCCTCCTTGGTCTCTTCCTCAGCTTCACCAGAAACTTCAGCCTTTAGTTTGATAGAACCGCGAGACTTTTCAATCACCTTGACCAGCGTAAAGCTCTTGGTTTTGGAAATTGGGCGAGTCTCTTCGATTTGCACCTTGTCGCCTTCGCCTGCTTGATTGGTCTCATCATGAGCAGTGTACTTGCGAGTCACGGTGTACTGTTTGCCGTAGAGCGGATGCGTTTCGCGGCTGGTGACCGTCACAGTGATGGTCTTGTCGCGCTTGGCACTCGTTACGACGCCAATCAGTGTTCGTCGGGCCATTACTTGCTCTCCTTTTCGTTAATTTGTGTCAGCAGGCGTGCGATGTCCTTGCGGAGTGAACGCAACGCTTTTGGATTAACTAATTCGCCAGCAGCGCGAGAACGTTTTGCCTGAAGCAGGTCATTTCGCTTTTCGGCGAGCTCCTTCTTCAAATCGTCAACCGTCTTTACAACTGCTGCTTTTGCGGTTTTCTTTGTCTCAGCCATTATGCGTCCTCCCGCTTGATGAACTTACATTTGACTGGTAGTTTGTGGCTCGCCAGGCGCATTGCCTCGCGAGCGACTTCCTCTGAAACGCCCTGCATTTCAAACAGCACCGTGCCAGCCTTCACCTTGGCAACAAAGAACTCTGGATTACCCTTGCCCTGGCCCATCTTCAAACCAAGTGGCTTGCGAGTAACTGGGGTGTGTGGAAAAATCCGGATCCAAATCTTACCACCACGCTTGATGTAGCGGGTCATCGCCTGACGGGCTGACTCGATTTGGCGGGAGTTGATGCGCTCGTTTGATTGTGATTGCAGTGCAAAGTCGCCGAACGCGATGTAATTACCACGGGTTGCTCGACCACGGTTTTTACCGATACGCACTTTGCGATATTTAGTCTTTTTCGGTAACAGCATTTAGCGACTCCTTTCTCCCTTATAAATCCACACTTTCACGCCGATGATACCAGCTGGTGTCTGGGCGCGAGCACAGTGGAAGTCAATATCAGCACGAAGAGTGTGCAGCGGCACTGAGCCTTCAATCACCTTTTCGCGGCGTGCCATTTCAGCACCGTTCAAACGACCAGCCACCTCGATGCGGATACCTTTGGCGCCAGCGCTCATGGTGTTTTGTGCGGTCATTTTGGTTGCACGGCGGAAGTTGATGCGGCGTTCCAACTGGCGGGCGATGTTTTCTGCCACCAATTTAGCTGCCAATTCCGGTCGGCGGACTTCTTCGATGTTGATGCGAACTGCCTGACCGACGATTTTCTCAACTTGTTTTTTCAATTCATTCACGCCAGCACCGCCACGGCCGATCACCACACCAGCTTTCGCCGTGTGAATGGTTACCGTGATCAAGTTGGCACTCCGCTCAATCTCAATACGATTGATGGTTGGGCGTGAGGCAAATTTCTTCTCAATCAATTCGCGGATTTCGTGATCCTGGCGAATTGCCTCCGCAAACTCTTTCTTATTGGCCGTAAACCAACGAGAGCTCCAGTTCTTGTGAACTTGTAGGCGGAAGTTGATTGGATTCACTTTTTGACCCATTTACTTCTCCTCCTTTTTTGCCGTGGTTTCGGCGGCTTTTTTCGCTGCAGGCTTGGCAGGTTTGGTCTCTGCTTTGGCCTTGGTCTCTGGTTTCTTCGCAGGCGCTTTCTTTGGTTTCTCAGTACCAGTTACTTCAACCAAGATGTTTGACGTCTTTTTCTGGAATGGCAAAGCACGACCCTTTGACGCTGGCTTAAAGCGTCGTAGACGCGTACCAGTGGTAACGCTCAACGTGGTAATCACCAAGCTTTTAGCGTCCAAACCGTGGTTGTTGATGGCGTTTGCCTTGGCACTGTCAATTGCCTTTTTGACTGGCAGGGCAGCGCGTTTTGGCACGTGTTCCAAGATAACCAATGCGTCAGCGACGGTGCGGCCACGTACTAGTGCAGCCACCAAGCTAACCTTGCGTGGTGTTTGGTCAACACCTTTGGCGTAAGCGCGAACAGTATAAGTTGTATCAGCCATGATTACTTCTTATCCTTTCCGCCGTGCTTACGGAACTTACGAGTTGGACTAAACTCACCGAGTTTGTGGCCAACCATGTTTTCGGTAATCAGCACAGGCACGT
NZ_CP007496.1_gap17	417828	419006	1178	GGGGCGTAGGTTTTTCAACAAATCCTGCACGGTTTTCGGGCGAAGGTTTTTGATGGATTTGTAGACCGGATGAATGCCCGATGTGCGTTGGGCGTCGGATGTATCGGTTTGCTTGGCCAGCTCGACAGATGGATTACTAATTTGATAGCTGTTATATTGCATGCCGAACTGGCCGGAGAACATAAACTCGGCGTCCGACTTTAGCTGGGATTCGCGGTATGGTTGATTGAACCAAACGGCCGTGACCTTGCCAGAATCATCCGCCAGTACCGCCGTGGTAATCCTCAGGCCTCGGCGCACAATCCGCGTGGAAATCGACTCGCAGTGCGCCCGCACCGTCACTTTACCCGGCTGAAGATCGGCGATGCTGACCGCCGCCGAATAATCATCATACGCCCTCGGCAAAAAATCCAAGGCGTCCGCCACCGTCTCCAGACCCGCCGCCGCCAGCGCTTGGGCGGTTTTGGGGCCGACGCCTTTGATGTGTTCCAGTGGGGTTGTCAGTTTCATCTACGAAACAGCGTTGATGCCTTCCAGCGCGTAGGCAGTATCTTCCCAGCCTCTAACCTCAATTGAATCAACTCCCATTTGTTTGACCGGAAAATCATTGCCGCCCTCTTGTAATTTATCGCCAAAGAATAACGCATCTTCCTTTGACCAGCCGTTCAACTCAAGCAGCTTACCAATACCATAGGCCTTATCAATTCCTGGCAGCGTAATATCAGTGCTGGTCGTACCGCCAATCCTCACCTCAAGACCAGGCAATTTCTCTGCCACTTTATCGCGATACACCGGGCGAATATCTTTATACTTTTCCGCCCAGGCATACTTATCTTCTGGCGACGCCTGCTGACCCAGCGCCGACATGGTAATCTGGCTGTGGCGATCCTCAATAATTTCACCCGCAGGATTATCACACCAAATACCCATCTCCCTGGCAACTTCTTCCAGCGCCGTAGTTATTTGAGTTTTTTGCTCATCAGATAAATCGTTCGCATATTGAATCTTCCATTCATTATCGGCAGCATCAAATCGATAATACCTAGTGCCGCAAGTCGGCATTGCATGAAATCTTTGGAGCAATTCAGGCTGAACATTAAGCCGATCAATCACCTGCTTTTTAATCTGCTGGAATGTGCCGCCGGTAATGACGCACACATCGTATTTTTCAAGCAACC
NZ_CP007496.1_gap18	540113	544972	4859	GCGTCAAATTCTACCGCCACCACGCGCCCAGCTCGTGACAACAACCGACTAGTCAACGTGCCAAGTCCTGGCCCAATTTCCAAAACCACATCATCGTTACTCAGTTCCGCTGCCTCGGCAATTTCCGCCAATATTTCTGGGTCGCGCAACCAATGCTGCCCCAACTCTTTCTTTGGACCCGCCATCTAGCGACCATCTCCATTCGTCCAGTCAGTCGCCAAATCAAAACCATGCGGATGACGCACGGCAAAGCCGCCGGTATCATACACCTTGCCAGGACCCATACTGGTTTCCACCACCGAACAGCGCGGATAATTACCATAATTTGCCGCCACTAAAATATAGCCGTCCTTGTCTACTTTAGCGCCGTCTGCTCGCACCGTGTAGCCACCGCCGCCGCAAGCATTAATCACCACATTCATCGGCAAATCGTAATAAGTCTCACGATGGGCCACGCCTTTAGAATCGGTAAATATCTGCGCGCCCTTGCTTTTAGTCAGTGGGTTTTTAGGCTTGGTGCCAATTATTTCAACTTGCTTTTTTGGCTGCCGCATAATCTCACTAGACATTTCCCTACGTCCTACCTCACGCTCACCATCAACTTCAACTTGATACGTTATCTTTCGCACACCCTTCTCACCCAACTGCCTCACACTCTTAAAGCCAATTGGTTGAGAATCGTCCTTTATCTGTTCAATCTGAAAATCAATATCAGCTTCTTCCGTCACCGTTCGCTGTTTAGCTCGCTCAATCTTCATCACCAACCCCGCACCATTCACCAAAAGATTTTCAGAATTTGTAAACTGCGTCTTATCTTCACGATAAAGCGTCATTCCTGCAGCCTTAGCAATCAAAGCTGGTGTTTGTTCGGCAGTGGTAATTTTTAAGCGTTTATTACCGTCAACGATTGTTATTGGGCGGGCGCGGAAGATGTTAACCTGGTATTTTGAACCTGTGAGCTCCATATCAATATTTGGTTCAACGGTGTCCATTTTCTCATCAATAGAAATCTTAGCGGCCTGCAGAGCCTGACGCACCGTTAAAGCATTTGTCACAATTGTTTTTTCTTCGCCACGATCATATACACGAACCAAATGTCTACTAGGACTTTTTCCTTCGGCAAACGACAACATTGGCATTGCAAGCATAATCAACATAGCAAAGCCAATAATTTTTCCAAAAAATAAACCTTTTGCTCGCATAATCAATCAGCATCTCACAGAGTGCATTAAGGGGATTATACCAAATTACGAGATTATTATCTATAGATGTCCTGCAAACCCATCTTTATCTTGCAAGTAGGCCACGGGCTCCAACCACGCCTTTGGTATAATTTCCAAGCGGCTTCATCTTGTTCAGCCGGCGTGGCATTACCGTACTTGCTCGGGTCGGCAACCGACGCCCACGTGCCTCTATTAAACTGATAAGCACCGTAATAGCCATTTCCAGTATTTGAAGTATAACTGCCCTCACAACTCCTTAGTCGAGATAACGCTTCAGAAAAACTGCCAGAAAATGTGTTCGAGCTTTTGGCGCCTACGATCTCAATCTGTTTTTTAGACTCCTTCGTTATAACGCTAGCGATCTCCTTACGGCTGACCTCTACTCCATTTTTCATCTCAATTTCATAAGTGACATTTTTCTTGCCATTTTCACCAGCCTGTTTTACTTCCCGATAGCCCAAATCTCGGTTAGCATCCTGAACTTTTTCAGTCTGGAATTTCACATCTTCCTCCACGGTCACGGTTTGCTTACCATTGCGCCACAATTCAATTTTCATTCCGGGCACGATTCTTGCCGACTGATCAACAGATAGCGTATCATCTTTCTGTAAGGTAATATTTTTATCATTCAATAACTCATCGACTGTTTTTGCGTGAGTACGAACCACAGACTCCTTACCATATAAAACAAAATTCACCACAGACGCCCGCTCTACTTTCATGACTGTGTCTGCGCCATCAACCACTACGTTATCACCTTTACCCATTGTGGTTTTATCCTCAGTAAAAACCTCAATTCCCGCCGCCTTCGCAATCAAAGCTGGTGTTTGTTCGGCGGTGGTAATTTTTAAGCGTTTATTACCGTCAACAATTGTTATTGGGCGAGCGCGGAAGATGTTAACGTTATATTTCTCAGCCACCATCTCCGAATCTAAGCCAGGCTCAACGACGTCTTGCCGTTCATCAATAGAAATCTTAGCCAATTTTAAAGCCTCACGAACTGTCCGCGCTTTAGTAACAATTGTCTTTTCGACGCCTCTATCGTATATATTAACCAATCTTTCGCCAGCCTTAGCAACTGGTTTAGCCGTGTCAGCCAAAGCTTGATTGACAAATAATAAACCACCAACCAGCGTCAATATAGCGCCAGCGGTGAGCATAATTTTAGTTGAATAATATCTTGCTTGTAATCTTAAATTCATACGTCATAAGCGCCACGGCGCAGATATTATTATATCAAATTTTCTCCAGGCGCGCGAATTCAACATTCAACTTCTTAATGTTTCCGTCGTCAAATTTCACCGTCACGCCAAGACCTTCGCTATCAATAATTTCACCTGAACCGAAGCTTGGGCTGCGAACACGATCGCCCACCTCTAATCCAATATCCTCCGCATAAAATTCAGGCTCTATCATCGGTTGAGCTGGCTTATCGACCCCACCCGCTAACAGCCCCATTTCATCCAAGAATCGCGACGGCACATTATAGCCAATCTGCCCAAACTGTGTCCGGGAGTTAGCACAGCTAACAAACAATTCCTCTCGCGCCCTAGTTACCCCCACATAACACAGCCGACGCTCTTCCTCAATATCGTCAGCCTTACCACTATCAAACACTCGTGCGTGTGGCAAAATTCCCTCTTCCAGCCCCGCCAAGAAAACCACCGGAAATTCTAATCCTTTGGCAGCATGTAGCGTCATCAAAGTCACCTGCTGATCAGCTGTAGTATCCGCCGAAGACATCAGCGCCATTTCTTCTAGGAAAGTCGCCACATCAACATAAGCCTTCGCCTCCGCTACGAGAACACCAGTATTTTCCATCCGTTCATCGGCCTGAGGCGTGCCGTCATTGATAAAATCTCCATAACCAGTTTGTTTCATTATCTTTTCAATTAACTCTGCTGGCGAACCATCAATTTCCCGCTGTAATTCCTCCAGGATTTTTCCCAACTCTAGCAAAGGTCGTTTTGCTCGCGCCGTCAAATTATCCGCCTCTTCAACCGCCAAAAGACCACCGATTATATCTCGGCCCGAAGCCGCGTTCCATTCCAAAAACTTAGCCATACTGACTGCGCCGATTCCACGCTTTGGAGTATTGACGATTCGCAAAAAACTAACCCGATCACTTGGCTGATACAGTAAACGCAGGTAAGCCAGCACATCTTTAATGACCGCCCGATCCAAAAACCTTAGACCACCAACAATTTTATACGGAACATAACTCTGCCTAAGCGCCCGCTCAATCGCATAGCTCTGGGCATTTGTCCGATACAAAACCGCCACATCGCCATACTGGCGGCCATTAGCAATTTGCGCCTGAATCTCATTTGCAATAGCTATCGCTTCTTCCGACTCGCTATACAGTTGCCATAACTTTGGATCAACGCCGTCACCATTTGCCGTCCACAAATTCTTGTCAGTCCGATGGATATTGTGGCTAATTAGTGAATTTGCCATATTTAAGATTGCGCCCGTCGAGCGATAATTTTGCTCCAATTTAACCACGGTTGTCCCCGGAAAATCGCGCTCAAAATTAAGAATATTCGTATAATCAGCGCCACGAAAACTATAAATCGACTGCGCGTCATCACCAACCACACACAAATTACGCCGTTCGTTAACCAATAATTTTATTAGCGCGTACTGCACAGCATTTGTGTCCTGATACTCATCAATTAGAATGTACTCAAACTGACGCTGCCATTTCTGGCGAATATCCGACTTGGATCGTAATAGCTCCACGGTCTTTATCAATAGATCATCGAAGTCGAGCGCCGCCACCTCTTTCAAGGATTTTTCATAGGCGAAGAACAACTCAGCAATTTTCTGCTCGCGAGGACCGCGCGCCGACATTGAAAAATCTTCCGCGCTGCGCATTTCATTTTTAGCGTTTGAGATAACTGACAGCACTGCCCGTGGCTTAATATCTTTATCCGTCAGACCGCGCGCTTTCATAATCTGTTTCATCAGGCTTACTTGATCGTCAGTATCGTAGATTAAAAACCGCCTGTCCAGCCCAATACTTGCGCCGTCCATCCTTAGTATCCGTACACAAATACTATGAAACGTCCCCATCCACGGCATAAATTGACGATTATCAGCGTTCTCACTCAGCAACTGTGCCAATCGCTGCCGCATTTCCTTAGCCGCTTTATTAGTAAAGGTTACTGCTAAAATTCGACTAGGAAAAACCTTCAGTTCACCGATCAAATAAGCAATTCGATGTGTCAGTGTTTTTGTTTTTCCAGAACCAGCGCCCGCCAAAATCAATAGCGGTCCGTCGCCATGCGTCACCGCCCGAGCTTGCTCGTCATTTAAACCATCCGTAAAATTAGTCATGTATCTATTTTATCAGCAAAAAGTAGGAAACAGCACCACCAGCAACACCGACTACTAGGAATAAAATAATTAACAACAGAGTTAGCAGACCAGTTTTCTTCTTTTCTTCGCTGCGGGGCGGCTTTACTTCCGTAGATACCGCAGCAAACATAGGCGCTGGCTCAGAGTCGACCATTTCATTTTCAGAAGAATATTGCTGTGGCGTGTCATTAGACCGAGAGGCAGGCGAGCTAGGCTGCATATTAGATTCACTATCAGCAACTTCATTCATTTCTGATACACCAGGGATGCCCGCTT
NZ_CP007496.1_gap19	653294	655997	2703	GATGGCGAAGCGTTGCTTTTGTCCGCCCGAGAGCTGCTCGACGTAGCTTTTGGCTTTGTCGGTCAATTGCACCTTGGCCAGCAGCGCGTCGGCGTCGACCGTTTGTCCGTACAGACTAGCAAACATTTTTAATTGTTCGCGCAAGGTTAGTTTGTCGTAAAACGTTGTCGATTGCAGCTGGATACCTATGATATTCTTGATATGTCTCGGCGCGCTGGCAACATCAATTCCGTCGATAGTCACTGTGCCACCATCAATCGTTCTTAAAGCCTCCAGCATCTCTAGCGTCGTCGTCTTACCAGCGCCGTTGGGGCCGAGAATACCAAAAATCTCGCCTTTCTTGACCTCAAATGATATACCATCAACTACATTCTTGCCATCATAAGTTTTAACAAGTTGGTCAACCGTTATGATAGGCTTAAGATTCGCCATTATTAAATTCCTTTCCTTATAGCAGTTTAAGTAATTTTGCCAACTAACCTTGCTATAGTTAATTGTAACAAAACTAATGCTATACTTAATATAGTATGAGAATTCACAGAAAAAAAGAAAAAGCTCAATCAAAAAAAATATTCATCATACTTACTCTAGTAACTACACTTATAGTAACTATTTCTGGTGGAATATATTACCTTAGCCAATCACATTCACAAAAAATAACCGCCCCAACTGATGAAAAATATTATTTCACCGATTCGCGCTATTCTGGAGTTCGCTCAAAATTCGTGACCAGAAATAATAAACGAGAAAAGGTGTCGATTGAATACCCAATTACTGAAAATAAAAAAATCAACCACACCGTTGCTGAGGCGATTGATAAAATTGATCGTGATTTTCGCAGCACGGTCCTTTTATCTACAGCATTTGACCAGCCAATGACAGAGACTATCAGCTACCAAGTCATGCATAATAATTCGGTAGCTCTGTCGATTATCACTAATATCAAGCAAGATATGCACGGCGCGCATCCGGTGTCGTTGACGCATTTTTGGACTTTTAATAAAAAATCTGGCGAGATTATTAGCCTGAACGATTTGACCGATCAATCAAATGAGGCTATCGAAGCAATTATAAAATCCGCCAAAGATAATATTGCGGAGACAATTAAGAAGCGCGATAAACCAGAACTTGATCTTAATGGAATAATCACCAAAGAGACTCTATCTAATTTTGTTATTACTGACAATGGCAATAGTCTGGCTTGGCCACTTGGCCAGGCATCGCTACTACCGTCATCTTATGGCGAGATGACCATCACTGTGCCAATTTCTTCAGTCAGCAAATACCTACAAAATCCAACAGCTCGGAAACTAGCCAATATTCCCAAGCCACCCGAGCCAAAGCCAGAACCAGCGCCAGTACCCGCTGCGCCAACACCTGCACCAACCACTGGCAATAAAGTGATTGCCTTGACGTTTGATGATGGACCAGGTCCATACACCGCGCACCTACTGGACATCTTGGATCAGTATGGTGCGAAAGCGACATTTTTCTTGATTGGTAGCAAAGTTTCTGGGCAATCTAGCGTCGTACGCAGCATACAGGCGCGTGGTCATCAACTGGGTAATCACTCGTGGTCACATCCAGAACTACCTAAGCTATCGGTTGACCAAATTGCTGGCGAAATTGACCGTACTAACGAGGCCATCAGACAAGCCACTGGCGTCAAGCCGAGCATCTTGCGCCCGCCTTATGGTGCTGTCAATGGTGTTGTCCTGGAACAGCTTCGCCTGCACGGTATGTCATCAATCTTGTGGTCGGTCGACACGCGGGATTGGGCTGATCGCAATAGCCAGATTGTCTGTTCACGTGCCGTCGCTGGCGCTCGTCCTGGAGCCGTCATCTTGATGCACGACATCCACCAAACTTCCGTCAATGCCGTGCCGTGCATCCTAAGCTCACTGAAGCAGCAGGGATATTCGTTCGTGACGATACAGCGACTACATTAGTCCACCTGATCAATCTCAAATATCTTGTATTTCGAAGATGGGCCGTGCAGCAATTTTACCTTTGAGGGTGCCACGCCGAGATGTTTTGCTAGTAGTTTCGCCGCCGCTAGATTCGCTCGCCCTTCAATGGCTGGCGCCTTGGTGTAGATTGTCAGCGAACCATCATCGTTCGGGACGACTTCTTCGCGGTGGCGAGAGTTGGGTTTGAGATGGACGGAGATTTTCATGATTATTTTATCAATCCAGCAAACTCGCTCCGCCGCCAGCGTCATACGCTGCGCGTTTTTGGCTCCATTCGTTACTATAACGTTTGGCTTGTTCTAATACCATGTCAGTTGCCAACGCCTGCTGATCTGGCGGGTAGCCATATTTTGCCAGCGTCTTTTTGACGTTAACTTTCAGTTTTGCCTGAACATTCCTGCGCTCTGCCCAGTCAATCGTCGCATCACGACGCACCTGCTCTAACAATACTTTTGCGATATCACGTAGCTGTGCGTCACCCAGTACTTCACGAGCACTGCCATTTTCAACCAGCGCATCGTAAAAGATAATCTCATCCTCGCTGAGGCCATCAACCACTCCGTTCTCAACAGTCTGGCGAATTTTCTGTCCAATGTTGATTAATTCCTCAATCACCTGCGCTGCCTCAATCGTGCCATTTCTATACCGTGTCAAGGCTTGATCGAGCAAGTCAGAGAACTTGGTATCCTTGGCATAATTTCTCGAAAATCGTAGTTTAATTTCATCAGCCAGC
NZ_CP007496.1_gap20	658156	659946	1790	AATCACCACTAGAGGCAACCCATTTACAAACAGCACGATGTCCGGCCGGCGATTATGGTCGCCTTGCAGAACCGTCAGCTGATTGACCGCCACAAAATCGTTGCTGTGTGACGAGGTAAAATCAACCACCCGCACAATATCGTGTTTCACTTCACCACTTGGTGCGCGATACTGTACTGGTACGCCCGCTATCAACAGCTGATGAAAATCATGATTATTCTCAATTAAACTTGGTTTACTAATCTGCGTCAACCGCCGCATCGCTTCATTCAAGGCTGGTTCTGGAATGTGCGGATTGAGCCGCGCCAAAGCACTATATAGACGCCCAGGCAATACCACCTGCCTGAGCTCACGCTCAGCTATAGCACCATCTGGACCAATATCTGGTCCATGCAGAATTTGCCAGCCGAGATTAGCTAGGATATCAAGCGCATATTGTTCGATTTGAGATTCGGTCATACTGCGACAATTATACACCAGTTGTCTTGGATCCCAGAATTATAATGTTTGTTGTGCTATAATAGATATGTATTAATAAGTGGGTGGAACAGGTAAGATGAGTAAGGGCGGTCTATATTTTTCGATTGACGATAAGCTAATGGATGAAAAGATTAGCTTAAACAACGTTTCTTTACCGATTTTAAAAGATTTCATTGAACAAGTATCTATTTTTATTCGTGGTAACGAGTCAGTTGACTTAAATGGAGTCAAAATTGCAATTAAACCTGGTTCGGTCGCAATAGTTGTAGAAGAAACACCACTAATCAAAACTGCCATTAGTGAATATCGCATCATAAAGTCAAGCGGCGACTTAGGAAAAATTAGTCCCGTTCGTGCAAAGGTCATAGCAAATCTCCAAGAAAAAGTAAGGAAAAATCCCAGTAGGCTTTATACAATATCTGATAACATCGACTCTGCGTTTATAGACCAAAATTCAATTAAAATATCTTTGGACTCGAGTTATAAGATTGTTCATGCCGATCAGTGGGTCGATACAGAGGCTTATTTGTATGGTAGAGTATTTAACATGGGAGGTAAAAGCAAGTCTAACGTTCACATTACTTTATCCAATGGCACCAACATAAAACTTGATACTAACGAAGACATTCTTGCCGATGACAATAAGAACCGGCTCTACAAAGAACAACTCGTCCGAGTAAAGGCTCAACGAAATCTCCGCACAAAAGAGTTGCGGAACGAACGACTGGTTTCTTTTGAATATTATGAACCCCATTTTAATGAAGACGAGTTTATCAAACAAGTCGCCAGAACTAAACTAGCTTGGAAAGATATACCTGACATAGTTAGCTGGGTGGAAGAAGTAAGAGGTAATCATGCTAAGACAACCTAGACAATCTGTACTAATAGACACTAGCTTTCTTATTACTCTTTTTGACAACTCGCGCCCTAATCATGAGGTAGCTAAGAAATATTATAAGTATTTCATTGATAATAATATAGATATGTATCTCTCTGCTATTGTTGCATCAGAGTATGAGTACAAAGACTCAATCGATCCTATACTAGATACTGGCAATTTTATACCTCTTCCCTTTAATCTTGATGACTCAAAGCTAGCCGGTAGTTTCGCCAGCAGGCTGCATTCAGAATCTAGAGGCAAGCATACATCGCGAGATTCAGCAAAGGACGACGTAAAGTTACTTGCTCAATGTTCAAACCACAGTATAGATTTTGTTGCCACCGACGACACCTCGACCATGGCAAAATATTGTCGACGACTCAATACTATGGATGAGTCGCGAACAAAAGTAATTACACTAGACTGTTTC
NZ_CP007496.1_gap21	665648	670503	4855	ATCATAATTCTCATCAATCGCTGTCTGATATCGCACCGAAAACGCATCCGAAACATATTTTAGAAAGATCAACCCCAGTACCACATATTTATAGTCCGACGAACTAATATTACCCCGTAGTTTATCCGCCGCAGCCCACAACTGCTTTTCAAGCTCCCTCGTATTCATAGATAGATTATATCAGATTTTGAGGCTCATTTACTCTGCGTGCAGCAAGCTCTTGTAATTAAGTTTTGTAACGATAATATGATCATTAAGCGTAATACCAAGCAGTTTTCCCGCTTCCACCAGCCTGTTCGTTACTTCTTTATCAGCAATACTGGCCCCTAAACACCCGCTCGGATGATTATGCGCCACGATAATCGAGGCGGCACGGTCGGCGATGGCGTCGGCGAAGACCTCGCGCGGATGTACCAAGCTGGCGGTCAGCGTGCCGATGGTCACCACCCGCTTGGCGATCAAACGATTCGCGCCGTCCAGCGTCAGGCAGACAAAATATTCCTGCTTTTTGTCGCGAATGTCGGCCAGTAGCTCGACGGCCTTTTCTGGGCTGTCGATGATTGGTTGGTCGCTATCTAGCAAGTACCGCCGCGCCAGTTCCAAACTTGCCAGAATCACCGGAATTTTCGCTTCGCCCAAACCAACCACGCTACGCAGATCATCATACGAAACATCGCCGCCTTTTTGACGCAAAATTTTCAGTACCTCGCGCGCAATTTTACTGACATCGGCCCGAGCGTTGCCGCTGCCAATAATCGCCATCAACAGCTCCAAGTCACTCAGCCGCGCCGTACCGTAACGCGCCAATTTCTCGCGGGGACGGTCGATTTTTGGCTTGTCGAGCACTTTCATAGTTTCATTATATCAGGCTTCAACCATTCATCAGCTGCCAATCTTCGCGCTATCATTTCGTGCAGCCCTATTTATCGCTTACACCACGCAAAGATCATCAGCTATTCGGAATCGCTCTAGCTTGTCGGCCGCGCGCCACACACATCGCCACCACCAACATACCAACCAGCCGCGACACCAATGACGAGTCATCCGCAGCCGATTGAGTCGTTGTCACCACTCCCTCTTCTGGATTTAGCGGACTATCGTCTGACCATAAACCAAATGATGGATGGATATTCATCAGCAAATCATCACCATTCGCTACATTTTCTTCGCCATTATAGACACAATCATCCAGAGCATCGTTAAGTTCTACTTGCTCTCCGGACAGGTTGATGCCTGATTTTATATCACTAACATCCATAATTACACTTTCAATTTTATCATCACTGCGCAGCAAATCGCTTTTTTCCGATGTTTTCACAAACCTAAATTCACACTTCTCACGAGGCACGGGACATTCCTCTGGAATTTTCGCTGCCACCTCGTCCGACTCAATATCAGGTATTGTTTCGATAATCGATGAAGTGGAAATAGTTACTTGCTCCACTGGCTTATAGTCATCAGTTTCTTCACGCACTGTAATGGTTTCTATTGGCAGCGCAATCGTCACTGCTTCAGCCGAAGACACTTCCGACTCTACTGCTGGCGACTCCTGCCGTTCGACAAAGAAAACCGTATCTTCTTCAGCCCAAAAATCATTATCCTTATCATGACTACGCTCTACCGCTACATTGTTATAGTCAAGTTGCTCAATTGACGATATCTGTGTATCAATGAAAATTTGATCCGCCGCCAATACGTCAATCTCCTCATTTGGAGGATTAACCTTAGCTTCATCAATTATTGCGGTATCAACCAGCCGCTCATTATCAATACTGTCAGTCGATTCGACAAAATTATTATAATCCGGCGTCGCATCTAAGGATTCTGGTGTCGGTTTCTTGTTGTCATTATGCGCTGCGTCAGAAATAGCATCAATGACGTGTGACTTCACCTCTATTGAAGGACTACTCGCCTCTGCTGTTTCGGTAAAATGCCCTTCGCCAGAAATTTCGCTAGTACTTTCTGACAGAGCTTCCCCGGCATCTGTAGTATCGTCAGCGGCAATTTCTGGGGCTGTTTTTAACTCAAAGAATGGCGTTTCTACTGCTTCAGTATCCACATCCTCGCCCGAAGCTTCAACCGCCTGGTTAGTCGAAGTTTTATCTTCTCGTTCCTGCGATATGAGTTTCTCAGTTGACTTATTTGTTTTAGTTGTCAAATCTATGGGTTTTGCCTCTGCCAACACTAGCTCAGGCGCTTTTTTAATAATAGGCTCTTGATAATCGGTAGGCTCTGAATATCCCGCCATCACCAATTCCCCGCGTCCATTTTCATCCAGACTGTCGAGATCGTCTGGAGCTAGCAATCTCTCCAGATAACTTTCTTTTGGTGTTATTTCCATCAGATTAGGAACCGCCTCTTCACCCGCAGAACTCATATCGTCAGATAGTTTATCCTGACTCTCTGATTCCTGTTTCACGGCTAACGCCTGAGGTTTTACACACTGGCTAAGAAATGGACAGCCAACACATGTCGCGCATGCTGTTTGACCAATTGACGCTGTTACTTCCCCAGTAGAAGGTAGCTCTTCTTCACCGCTAGCCACCGCCACCAAATCAAACTGCTCAACACTATCAGCCACCGTTTCGCCAATACCAAACAAAAGATCTTCACCACTGACACCATCTCTTAGCGACGAAAATACGTCAGAATCATCACCGTCAATTCCTGTCGATGATAATTCTACGGTAGTCGTCGCCCCAATCATTGCTCAAAAAATGTCTCCGTTGAAATATGTGATTCATCGACACCGGCGGCGGTGAGTTTTTGCCAAACATCTCGTACAAATGGCAAGCTACCGCAGACCAGAAAGTGCACCTCACTCGGCACCTCACCAACAATGTTTGCTACCTCAAACCGCCCATTATACCAGCCATCTCGTTCCTCAACCTGCTGGCGGGTACTAAACTTTTTGACCGTAATATTCGACGCCGCTAACTCCTCAGAAAACACCATATATTCTGGCGATTTTTGACTAAAATAGAGAAAGGTCGGCTGCTGGGTGTCTGCCAAAATACTCCAGATCGGACTCAGCCCGCACCCCGCAGCGATGCCAACCAGCGGCCGCTCGGTTTGCGGATTGAAATCGCCATATGACCGACTAATATGTAACGTATCGCCAACGCGGCGCGAACACAGATAGCTTGAGAATTCACCGCCAACATTTTTGACGGTAATTGACATCAGCTCCTCACTTGGGCGCGAGGAAATACTATAGGCCTTGCCTTCACGCACCTGGCTGCCCTCAATGAACACCGTGATATATTGCCCCGCCATAAAGTCAAACGTTCGCGCAAAATACAGCGTTGTCACCTCAGGGTTTTCCTGGCGCACGCGCACAATTTCGACAGTTAGTGAATCACGCATTCTTCGACATACCTTTCCATTATTTTTTGGGCAGCTCTGAATTCCTCATCAGTAAAGGTGTGGTAGTTGGCAAATTTTGGACTAATCGTCGTGCCAGTGCGAAAATGCTGCAGAGCAAATCGCTTGGCACCTTTAACAAGCTCACCAATCTTTTCAAAATCCGCCACCTCCAGCTGCTCGCGGACGATCGTCGTCCGAAATTCATGACCAATCCCTGAATCAATCATCAGCCGCACATTGTCTTTGATCGCCGTGAGATCAATCGGCCGCGCCGCAATCTCCACGTATTTTTCCAGCGGCCCCTTAACGTCCATGGCGATGAAGTCAATCGTCCCCTCCTCGACCATACCGCGCACCATGTCAGGATGCGTGCCGTTGGTATCCAGCTTGACATCAAAACCAAGACCCTTAATCATCCGACACAACACCGGCAAATCCTCATTGACCGTCGGCTCGCCACCAGAAATCACCACGCCGTCTAGCCGGCCAATACGCGATTTCAGAAAGATCATCGCCTCCTCGACCGGGATGCTCGGTGCCAACCGCTCAGGTAACACCAGCTCAGGATTGTGGCAATAGCCGCAGCGCATATTACAGCCAGAGAGAAACAGCGCTGCCGCCACGTGCCCGGGATAGTCCACCAGCGACAGCTTCTGAATCCCGCCAATCGCCACCTTAAGCTGGGACAGCGACGGCGCAAGCTCGCTGATGTTCGGCGGCATCGTCATAATGCTCCCTCATGTCAAATTCAGCCTGCTTACCCTTGTTCCACTGAGAAACTGGGCGCAAGAAGCCAACCACACGTGAGTAAACTTCGGTCGTTTCATTACAATTTGGACATGTTGGATGTTCACCAACCAAGTAACCGTGATTCTTACAAATACTGAAGCTTGGGCTGAAGGTGAAGTATGGCAGTTTGTAATTTTCACAAATCGTTTTGACCAGTTTTTTCAGCGTCTGCGGATCATCCATGCGCTCACCCAGGAAGAAGTGAATCACCGTACCACCCGTGTACTTGGTCTGCAAATTATCCTGCAAATCCATCAGCTCAAACAGGTCGTCAGTGTAGTTGACCGGCAAGTGGCTGGAGTTGGTATAGAACGGATGCTTGACCGCCGCGCCGAGGCCATTGGCGAAGTGCGCTCGGTCAGGGAAGCTGGCCTTGTCGAGCTGCGCCAAGCGATAGGTCGTACCCTCAGCTGGCGTCGCCTCCAGGTTGTAGTTATTGCCCGTTTCTTTCTGGTATTCCACCAAGCGGTCGCGCATGAAATCAAGTGTTTTCTCGGCAAACGCCTTACCCTTTTCCGTGCCAATGTCAACACCCAGCAGGTTCAACGCCGCTTCGTTGGTGCCAATCAAACCAATGGTTGAGAAGTGATTTTTCCAGTATTGGTTAAATCGCTGCTTGATGTTGCGCAAGTAGAACTTGGTGTACGGGTAGAGGTTAGCGTCAGTCAATCGCTCCAGGACCTTGCGCTTAGTCTCCAGA
NZ_CP007496.1_gap22	704638	705138	500	AGAAGAACGAGCCGCTTGTCCATTTTTATAGACAAATTTCAGACTACCATGACCGTGAAAACGATTACATTGTTGTAACATATTTTACAATTATATCAAAAAATCCCGCCTACATCGACGGGATTTTTTATTCGCTAGATTAAATAGCAATTTTAGCACGACCCTTCAAACGGCGTCGCTTCAAGACCATCCTACCGGCCTTAGTAGAAACTCGCGCTCTAAAACCGTGCGTCCTTGCACGATGTCGAGTGTGTGGTTGAAATGTTCGCTTTGGCATATCAAGAAATAGTATATATTTTTTTAGTATTTTTTGCAAGTCACTAGACACTTTTCCACTACCATGGCTAATTTTTCCACAGTTTTAACAGATGTATTTTTTAATTGTGGAAAACTCTACCCCTGTTTTCCTTTACATTACAGTTTACGGAATTGTACTTGTGGAAAACTCTTAATATTTGCTATAGTAAAGATAGTTAAAGAATTTGAGGGAGTAAGTTTTC
