gap_id	start	end	length	sequence
NZ_CP174166.1_gap1	112427	113378	951	AACAACACGACCTAAAGAAGTTGTTGGTGTTATATCTCCATAACCAATTGTTGTTATTGTTACAAAAGTAAAATAAAGAGCATCACCAAAATTTAATATTTTGTTATTAATTGGAACTTCTATTTTTCCGTTTTTAATTATATCTGGCGGAATTTTATCTATATCAATTCCATTTAAAGTCGCATATTCTTCTACACTAATTCATTTTGTGCCACCTTCAACAGAATAAATTAAAAGAGAAAAAATAACGGCCATAATAAAAACAAAAATAAAAACATTAATTAAAAGAAATTTATTTTTTGCAAAGATTGTTGAAAAAATATCGAAAGTTGGGATAACTTTTAAAAGTAGAAGTAGTCTAATAATTTTTACAATAGAAAAAACATTTATAAGTTTAACAAATGGATCATTTTCATCAATGAATTTTGCAAAAACAGAAAATGTTGTTGGTAACAAAGAAATAATCATTAATAAACTTACGCCCGTTAATGGAAAGAATAAAAGAGGCATTGAAGAAAATTTTCCGGCTCTTATTGGATAAGTAATTCATCTTAAAAAGTAATCTAAAATTAAAACAACAAAAACAAAAATATTAATTCCAATATTTAAAAATGATTGTGTTCACTTAGTTTGTTCATTAGGCGGCAAAAAAAGTGGAAAGAAAGAAATTAAAACAACTGAAAAAATGAATATTATGTAGATTAATCTTAATTTTTTTGCTTTTGATTTTCACTCTTTTTTAAGATAACTATCATCGCTATCAGAAACTGCAATAAAATTTATAAATTTTAATTTATCGTTGTTTATTCCTGTACTATTTATATTCTTAATTCATTGACCAAACCTAGTCATAATTTCTATTTTATCAGAAGAATTTAATAAGTAAATACTGTTAGTTAATTAAGATAATGTAAAAATTTAATGGCAAATTCAAAAGAATAAATAGTTGAG
NZ_CP174166.1_gap2	114833	115742	909	CAAGCGAAAAACTAAAAGTTTTAAATGTAATTTTTAACGATAAAGAAAGACAAATTATTACAAATTTTCAAAATATTGAACTTAATAAAAATTATTTATTTGCCATTAATGGAGCAATCATATATTCAGGACTAAAAATATTAAATTCAAAAATAATTAATGTATCTTCAGAAGGTATGATAATGTCTTATCAATCTTTAGGAATTAATCAAGAGGGATTAGTAAATTGTGATGATTTAACCATTGATGATGAATATAATTTTTAAGGAGTATTAAATAATGAATAAGATAGAAAAACTAATTGAACAACTTAAAGATCGAGGAATAATAAATAATATTACAAATGAAGAAAAATTAAAAGATTTAAAAGAAGGTGATGGAATTTACATTGGTTTTGATCCTACTGCTGAATCATTGCATTTAGGAAACTATATTCCTATTTCTATTCTTCATCGTTTTAAAAAAGCTGGATTGAAAACATATGCAGTTTTAGGTGGAGCAACTGGAATGATTGGTGATCCTTCTTTTAAAGAATCTGAGAGAAAATTATTAGATCAAAATACATTAGAAAAAAATAAAGCAGCAATAAAATTACAACTACAAGCTTTTGGCTTAGAAGTGATTGATAATTATGATTTTTATAAAGATATGAATATCATCACTTTTTTAAGAGATGTAGGAAAACTTGTTAATGTTAATTATATGATTGCCAAAGAATCGATTAGTTCAAGATTAGAAAATGGTTTATCATTTACTGAATTTGCTTATACCTTATTACAAGGTTATGATTTTTATTTATTGTATAGAGATAAAAACATTAAAATTCAAGCAGGTGGTTCTGATCAATGAGGTAATATTACTACAGGACTTGAAATTATTAAGAAAAATTTTGAAAATAATAGTGCTTTA
NZ_CP174166.1_gap3	124095	127075	2980	AGCAGCTGAAAAAGGTGCGACATTTATTTTTGTAGGTACAAAGAAACAAGCTAAAGATGTTATTAAGGAACAAGCATTAAGAACTAATAGTGCTTATGTTAATGAAAGATGACTTGGTGGAACATTAACAAATTCAAAAACTATTTTTTCTCGTCTTAGAGTAATGGAAGATCTTGAAGAGTTAGAAAAAAGAGGGTTTGAAGGATATACAAAAAAAGAAGGTATTTTATTAAAAAAAGAATTGGAGAAATTACACAGAAATTTAAATGGAATTAGACCATTGCAAAGAGCTCCACAATTTATGATTGTTGCTGATCCTAATGAGGATTTAATAGCTATTAAAGAGGCTAAAAAAAGAAATGTTAAAGTTATTGGAATTATTGATACAAATACAGATCCTGAATTAGTTGATTTGGGGATTCCGGCAAATGATGATTCAATAAAATCATTAAATTTAATTATTACAATCTTAGGTGATGCAATTGTTTATGGTAAAGGCGGACAAACTAAATATGCTTATCAACCAGACGAATCAATTGTTTTACCACAAGAAGAGCATAGAAACCCTTCGATAGTTAGAAAAACTTATGGAGAAAATAAAGTTAGAAGATTTACTAAAAAAATAGAGCTTGAACAAACACAAAAAGAAATTAACAAAGGAGAATAATATGGGAGATTTGATTAAAAAATTGAGAGAAATAACAGGCGCAGGGTTTGTTGATTGTAAAAAGGCGCTTGAAGCTTCAAATAATGATATAGATGCTGCTATTGAATGGTTACAAAAAAATGGTGCAGCAAAAGCTATTAAAAAAGCAGGTAATATTGCTGCTGATGGTATGGTAGCAATTAGCAAAAATGATAAAGTTGCTGTTATTTATGAAGTTAATTCACAAACAGATTTTGTTGCAATGAATGAAGATTTTAAAAAATTAGTAAATCAAATTGGTAACATTTTGATTTCAAATGAATTTACTTCATTAGAAGAAGCATTGAATTTAAAAGATACAAGTGGAAAAACAATTGAAGAATTAACTGTAGAAGCAACAGCTAAAATTGGAGAAAAAATTGCTTTAAGAAGAATAGAAAAAATTGAATTAAAAGATGATATTAAAGTAGGAACTTATGTTCATTTTGATAACAAAAAGGCAGCTATTTTTGTAGCTAAAGGTGGTGACGAAGAAAAATTAAAAGGAATAGCAATGCATATTGTTGCTATGAATCCTGAATATATGAATGAAGAAGCAGTTCCTAAAACAAAAATTAATGAATTAAAATTAAATTTCTCTCAATCTCCTGCTCTACAAGGTAAACCAGAAAAAATTCAAGAATCTATTCTTGCTGGTATGTTAAGAAAAGAATTGTCGAACTATACTTTAACCGAACAAGATTATGTAGTTGAATCTGGAAAAACTGTTGGTAAATACTTACAAGAGATCAATTCTACACCAATCAAAATAATTAGATATGAAGTTGGTGAAGGAATTGAAAAGCACGAAGTAGATTTTGCGGCTGAAGTAGCGGCACAAATGAAAAAATAAAATATTAATTAACATTTTTCTATTTTTGTAATTAAAAACATTACTATTAGAATAGTATGAATAACATAAACAAACGACCAATAGAAATTAATAATCTTACTAAAGATTATGGTTTTGGTAGAGGAATTTTTGATATTAATATTTATGTTAATAAAGGAGAAGTTTTAGGTTTTCTAGGACCAAATGGAGCTGGTAAAACAACCACAATTAGACATTTGCTAGGTTTTAGTGCTCCGCACAAAGGTTCTTGTTTTATTAATAATTTATCGTGTTTTGAAAATGCTAAAATAATTCAAAATGATTTAGGATATTTGCCTGGCGAGATAGCATTACCTGAAAACTTAACACCTTTAGAATTTATTGAGTATATGGCTGATCTTAGAAAAATAAAAGATATGACATATACAAATTATTTAATAAATTTATTTGAACTTAATTTAGAAAATAAAAAAATAAAATTAAAAAGAATGGCATTAGGAGAAAAAAGAAAATTAGCAATCATCACTGCTTTTATGCATGATCCACAAACTTTAGTATTGGATGAACCAACTTCAGGATTAGATCCTATTGGTCAAGTTACTTTTGTTAATTTTATTAAAGAAGAGAAAAGACGAGGAAAATCAATACTTTTGTCTTCTCATTTATTTCAAGAGGTTGAAGCAGTTTGCGATCGTATATCAATTATCAAAGATGGGAAAATAATTAATGAATGTAACATTGAATCAATTAAGTATCGTGATAAAAAAACATTTGTCTTAAATTTTTTAGATTTATTTTCTTTTAGCAATTTTAAAAAAGAACCATTTGTTATTAGCTATGAAAATAAGGATTTATTACAAATAGATATTAGTATTGAAGATTCACAAACAAATGATTTAATTAAAACATTAACTAATTATCAATTAAAATCATTTAAAGAAAAAAAGTTTACATTAGAAGATTATTTTATGCATTTTTATGATAAAAACACAAAGGATTATAAATAAATGTCTTTTATTAAATTCGAAAATGTAACTAAAGATTATGGAAATAACAAAGGTATCTTTAATATTTCTTTTGAAATTAAAAAAGGAGAATCTTTTGGTATTGTAGGAATTAATGGAGCAGGAAAAACTACGATACTTAGACATATAATGGGGTTTATTAAACAAGACTATGGAAAAATAAGTATTAATAATTTAGATGCTTTTGATGATGCTAAAGAAGTAAAAAAAATAGTTTCTTATATTCCGGGTGAAATTAATTTTCCTAATGTTAAATCTGGAGATGACTTTTTAAAACTTCAAGCCGAATTTTGAAAAAGAGATAATTTAGATGCGGTATATGAAATAACTAAGAAATTACAATTAGATTCTCGTGCTAATTTAAAAAGAATGTCAAAAGGAATGAAACAAAAAACAGGAATTGTTGTTTCATTTTTGCCTGAAAATGAAATTTTCATT
NZ_CP174166.1_gap4	132275	134826	2551	CATCATAAGCAGAATTTTCGCTTAATTCAATTTCTAAATTAATTCTTTTTTGAACTTTATCAATTTCTTTTTTGCTTATTTTAATTTTTGAAACATTATTAATTTCATAGTTTCCACTAAAAAAATTATTTAAATTATTAAAAATGAATAATTCATCAATTAAATCAATTGATTCATTAATTGTTTTGTTGTTAAGATCAATTGTAATTGCATTAATTGGATTAACTATTTTGGTTTGAATTGCAGTTTTAAAACCTGATAGAACAACGTTGTTCAATGAAAATTCTTGTTGTATATTTCCATTTTGTAACGCTTTAGAATTTATGATTTTTATATTAGCATTAATTGTTCCTATTAAATTATTTGGTTCATTAAATACAATCTCAATATCGTTAATATCTAATGGAGAATAAACATTTTCAATATTATTTATTATTGAATTTTTTATAAGTTCTAAATTATTTTCATATTGTGAAGGCAAAATATTTTCTACATTAGTTAGTTGTGGATTAATTGATGTAGTTCTATCATCTGCTTTAAAGCCAATAAATTTAATTGTAAAATTTTTAGGTTCTACTTCTTCTAATAGTCCTTTATCGTTGTAGTATTTATCAATTGAAAAAGTTATAGTTATTGTTCCTTCAGAATTAGCAACATTTTTTTCTATAATAGAGACAATATTTGAAAGTTCAAAATCTGTAGGCAATGTATTATTAAATATTTCATTTCTTTTATCAAAAATTATTCTTTTTATTTCATCATTGTTTTTTGATAAAGAAAAATCAAGAGCACTTATATTAGACATTCCTAAATTTGTTTGAATAATTGCAGAAGTAGGATTAGCAACTTTTAAACCTGTAAGTGTTACTGAGCAAACTCTAAATTCTGAATTTCAATTATTTTTTAATTCTTCTGAAGAAATTGTTCTTAAATTACCAGTTTCATTATACTTAATAGTTACATATAGATCAAAAGTAGCTTGATCTTGTTTTAGATTTTCTATATTAGGGTTAATGTAAAATAACGCATCATCTCTTACATTTACCATTTTTAAATTTTGTACTAGAAATGATGAATAATATCAAGGATTAGAATTTATTTTATATTTTTCCGTTAAATATTGTTCATTGATTTCATCAATAGGTTTTTCTTCATTGCTCATATCAATTTCAATATTTTTATTTTTTGCTTCTGTATAATATCCATAAGTTGATGGATTTTGCGTATTTAATCCACGATCTTTTTGGTTAATAATAATTCCATTATTTGAACCATTTTTCATAAACATGACGTTTAAGTTAAATATTGTACTATCGTTATTATTGTCATTATGATACTCTAAAACAGGAATTCCAAAAGCTCCTTGGTTAAGTCCTAAACGATAATTTTGTGAAATATCAACACTAGTACTAAAGTTACTATAGTAGGTTGAATTTGATGCATTTACTGCTTCATCATCAGTTTGCATATATATTCTTCAGCGACTATTATTTAGAGTTTTTGTGGGATTAAAAGTATCATTACCTCAAGATGTAGGGTTATTAATTACTGCGGTAAAACGGCCATCATAACCTTTAGATGCATCTTGAATTCTTTGATCATATCCTTCTAAAAGTAAGGGCGATGCAGTAGTATTTTTAATTCCTTTTGCAGCAATTACGCTATTATCAAAATATCCACCTCAAGTTTCAGTTCATAAATTATTTCTTCAAGGACCTGAAGTTCCCGAAAATTGTTGTCCTCCACACCAAACTGAAGTGGTAATTAATTGACCATTTTTATGAAAATTATTTGAATTTCCAAATGCATCATAACCACCAAATGCATTAAGCGCAAATGTAACTTTCATATCAGAAGTATCATAATTGTAACTAAATGCAGCACCAGAAATATTCGATCTTACTGCTTCGGATATAATAGCTGAAGAACTTCCAGATCAGAAATTTCCATCAGCACTACTCCCAGGATTTTTAATACCTTTTGAAGCAAAATATTCTTTGTTATCTTCTTGAACTAAATATTCTACTTCAATTCATGAACCCGTACTTCCTTTTCTTAGCATCAGTAAAACTGCATGAATTTTATCACCATAAATTCATGAACCCATTCCCATAATAGCTTGATATCTATCGGTATAATGGTATTTAAATTTTCTATTTTGTACTGATTTATCTTTTACAGAATATTCAAAAATCTTATCAGAACCTTAACTACCAAGATTATTATTATCTGTATGTAACTTTGGATAAATTAGATAACTAGTAACTTAAGCATTATCGCCATCAGATGTTGATGTTTTATAAATTGGTGATAATCCTCACGTATCATTTCTAAAAGTATTACCATCATAAGTATAAGTGTTAACAACTTTATCTTCTCATGTTGTAAATTCTCGTCCATCTGTTTTTGATGAAATATTTGGATACTTACAAACTTTAATCCTTACACTGTCTCCTGCATTTCTTTTTTCATCAGTGTATAAAACTACTAATGTATCTTCATAAGGAGTGTATTCTGTAGCTAAAACATTATAGCCACTACCATAATTAGA
NZ_CP174166.1_gap5	144017	144813	796	AATAAATGAAAAACAATTAATAAGTTTTTTAGAAAAAAAATATCCATATCAAAAAGCAGAAAAGTGAGATTTTGTTGGTTACTCGTTAAAAAGAAAAATTAAAAATGATAAGTTAAATAAAATTCTTTTATGTTTAGATGTTAATAAATTTTCTATTAATAAAGCAATTACTGAAAAAGTGAATCTAATTATTTCATTTCATCCTTTTTGTTTTGCTTCAAATTGAGAAGATATATTTAAATATGATTTAACAAAGAAAGAATTAATTAAAATGTTAGAAAAAAATAAAATATCCGTTTATTCAATTCACACAAATTTTGATCAAGATAAAAAAGGAACTAAATATTGATTTATTAAAAAATTAGGTTTAGATAATAAGATAATTAAAAATTATAAATTTGCTTCAATTTTACTATTTGAAAAATCTTTTGGAGATTTAGTTGATCTTTTAAAAAATAAATTAAATTTAAATTTTATTTTATCAAATTATTCACTAAGTAAGAATAAAATAATTAATAAGATTTATTTATGTCCAGGTGCAGGGGATATATATGAATTTATTAAAAAGAATAAAAAAGACAAAGTTGATATTTTAATTACTTCTGATATTAAATGAAATGAACAACAAGTTCTAAATTCAAATAATATTGATTTTATTCAAATTTCACATAAAACCGAAGATGTTTTTGTTGAAGGAATGTTTGAAATTATCAAGGAAAAATTTCCAAATTTAAAAATTGTTAAGTTTATTCAAAATGATTTTATTAAAGGATATTAAATATGTTAAAAATCGGTT
NZ_CP174166.1_gap6	146479	148162	1683	TAGCAAAATGAGGTATTTGAAATACATATGGTGGAGATGCGGGGAGTCGAACCCCGGTCCATAAAATGAGTGATATTATTTTTCTACAGTTTAGATTATTCTTTGTTGCAATTCTTCTTTACTAGAACAAACAAGACAATAAAGAGAATGTCGATTGAAATTTCGTTAAGCTTTAATCGAATCCGCTTACATACCCTTTAACCGATACTTGCTAATATTAAGGGAATATTAGAAGTAACTAGTTGCTATCTTTAAGCAAAAACTAGGTTTGATTGTTGTGAAGATAATAGGTTAATATTATCTTCTGTTTGTTTTTCTTTTCCGTTTATTGAAAAGCCTAAGTAATTATGGTCTACTACACCACTGCAAAATAATAATCCCAAGTTATGTCGAAGCCATTACATCCCCATAATTAACAAATTTTATGAAGTCTTTTTTTAATTTCAGCTTCTTTTATAGCTTGTCTTTTATCGACTTTATTTCTTCTTTTTGCTAAAGCAATTTCCAATTTTATTTTGTTATTTTCTCAAAGAAGAACTAAAGGTATAATGGTACATCTATACTTTTCTATTTTTGTCAGAATTTTTAATAACTCATTTTTATGCAGAAGTAATTTTCTTGCACGAAATTCTTCATTTTTTTCAAGCATTCAAGATGAGATATGAATGTTTGAAGCAAACAGTTCATTTTTTTTGAAAGAACAAAATGAATTTTTTAAATTTACATTTCCTGCTCTAATAGATTTTACTTCTCACCCCTGAAGTTCCATACCAGCAATATATTTGTCTAATATTTCATAATCAGAGGTAGCAAATTTATTTTTTGCAATTACCTTTGACATTATTAATTTTCCTGACAATTCAATAATATCATTTATTAAACTAAGTTTTAATTTTTGCTATTATTTTAAACTTAAAAATATCAAATTATGTTTTATCATTATAGTTCATTTATAATTTAAAAATGATGAATTATAAAAACCTAAGAAAGGATAAAATTAATGCTTTATAAAAATAAACTAAGCCTGAATTTAAGCCTTTATTATTCATTTATTTTTAATGATCAAAAATAAAAGAATTATTAAATGAGATAAAAAAGATTGAATTAATTTTTTTTTAGGTTTTACAACAGGATGTATAAGTTCAGGTTTATCAGCATTTATTATATTTATTGTTAAATATATTACTAATAACGGACAAGAAGGACACATAAGTAATATTAACAATATTTGATATTCAATTTTATTAATGATAGGAGTTGGATTATTTTCGTTAATTTTTGCTTTTATTTCTAAAATATATTTATCAAAATTAAGTGCCACTAAAATAGCTCAAATAAGAAACATTATTTTTGATAAGACGCAAGATCTATCGCCACAAGATTTGCAAGAATATAGTTCCAATTCTTTGATGACAAGATTATCATTAGATATTTTCAATTATTCAATGTATTACAATTGATTTTTAATTAATGTTATTCCTTCACTTATAAGATGAATAATTTTTTCAATCATGATTGCTATTGTAAACTATATTATTTGTTTATTAATTATTTTTTTAAGTATTGTTTTATTTATTGTAGCAATTTTGTTTGCAAGAAAATCTTCATATTATTATGAAAAATCGATTAATAATGTAGATAAGATTAATAAGATAATTGAAGAAAATGTTGTAGGATCTAGAG
NZ_CP174166.1_gap7	311784	312962	1178	CCAACAACCCCAATTGTTGCTCTTGCTTTTGGTAAAAATTTTCTTACTTCACCCGATTTTAATCTTACAATAACATATTTTTTGGCTTCATCCATTCCAAGAATTTGAGCAGAAGAACCTGCTGATCTTGCTAATTTTGCTCCAGCTCCAGGTTGTAATTCTAAATTATGAATAAATGTTCCTTCAGGAATATTTTCAAGTGGCAAAGTATTTCCTACTTTAATATCAACGTTAGGTCCTGAAATGATTTTATCTCCGACTTCTAAACCTTTTGGATGAATAATATATCTTTTTTCTCCATCAGCATAAACAATTAATGAAATGTTTGAAGATCTATTTGGATCATACTCAATTGAAACAACTTTACCTTCAATTCCATCTTTGTTTCTTTTAAAATCAATGATTCTATACTTTCTTTTTACTCTTGAACCTTTATGTCTTGTTGTTATTTTACCTTGATTATTTCTACCTGATTGCGGTTGTAATGTAACTAACAATGATTTTTCAGGTTCATGACCACTAAGATTTTGTTTGTAATCTAGCACTGTCATATTACGACGACCATTTGTTGTTGGCTTTAAATACTTAATTGCCATGATTTTCTCCTTTGCTTAAAAATATTTATTTTTTTTCTTCTAAGCTTTTATCTTTAGTTTCTTTTTCGGTTTTTATTACTTTTTCTTTAGAAGCTTTTTTAATTTTTTCTTCTGCTCTTTTTTCTATTTCAGAAACCTCTTTAATTTTCGCTTTTACTTTTTCTTCTTTATTTTCTTTTAATTCTTTATCTGTTGCAATTCCCTCTTCTGGGAGAATTTGAATTGTTCCTTCTGACAATTTAATAATTGCTTTTTTATAACCAGCAACAAAACCACTATATCTACCTACCTTTTTTGGTTTTTTTGGCACATTAAAAGTATTAATTTTATCTACTTTAACTTGAAATATAAATTCTACTGCTCTTTTAATATCAAATTTTGTTGCTCTTCTATCAACAGCAAATGTATAAATGTTTTCTTGCATTTGTTGATAAGTTTTTTCGGTTAATATTGGATATTTAATAATGTCTGTTATATTCATTATTTAACCATCCCTTCTAGTTTTTTAACGTCATCAGAAGTTAATATCAAAGCATCAGTTCACAACAAAGCTTCTACTGTTAGAGCATTTAATTTAATTGC
NZ_CP174166.1_gap8	407927	408507	580	TTCCAAAACCATCAATGATAATATCACCAACATTTGAAATTCTTCCTTTTTGTGAAACTAACTCATCTCCTTTAAAATGAACTAATTTTCCATTTTGTAAAATTACACATCTTGATTGAGAAAAACCTGAATTAGATACTTCTCTAATTGCAACTGACAAATATCTAAACAATCCTTGAATCGGCAAAAAATATTTAGGTTTTAAAATATTTACAACATCAATAATATCTTGTTTAGTTGGTCGACACTGATAAAACTTATCTTCAGAAATATCTGTAATTTTTGGGGTTATTCTTGCTATTTCATCCAGAACATAAGAAGATTCGGTTTCTTGACCATTAATTGGTGGAGCAATCATAACAAAATGATCAGTTTTATTAAATTTCAAATAAACATCATTGTTTTCAGTGATTCTTACAAATCTTTTAAACAATCTTTCGACAGTACCAGAAACAATAATTACTACATTATTATCGTGTTTTGAAATATATTTATAATCTAAGATTTTAGGTAATTTTAAATTAGGATTATTTTTATGAAGTAGCTCTAACAATTGATGATAAGAACGACCATAAGTTAC
NZ_CP174166.1_gap9	423084	427185	4101	ATCCCCGTCTAGACCGCCATTATGGCTCTGTAGCTCAGTCGGTAGAGCAACAGATTGAAGCTCTGTGTGTCGCTGGTTCGATTCCTGCCGGAGCCACCATTTCATTTAAAATGACCGAAAAAATAAGAGTAATTCAAGCAAATTACTCTTATTTTTTTGATTTTATTTTAAAATTAGCAATCATTTAGCAATTAAAATAAATAAATGCTATAATAAAACTATGAGAAATGTTGAAACTAAAAACCAAATTCTTAAATATATTGTTGATGAATACGTTTCAAATTCTAAACCTGTTGGCAGTGTTTATTTAATAAATAAATATAAAATGAATATTTCTTCAGCAACAGCTAGAAACATTATGGTTATTCTCGAAAAAGAAAATTTGATTGAAAAATCTCATACATCAAGCGGTAGAATTCCTACTCCAAAAGGATATGAATACTATGCAAAGTATTTAACAATTAACGAAGAAGATAAATTAGCTTCAAAAATAAAAGATATTTTTGCTAGTCGAAGAAGTTCGATTGATAATATTATTGATGAAGCTGTATCTATTATTTCAGAAGCATCTAAACTAACACTTGTTACAAGTGAAAATAAAAATGATGAACTACTTAAATCAATAACATTAACACCAATAAGTAATGAAATCGCAATTATTGTTTTGATAACATCTAGCGGAAAAGTTGATACAAAAGAACTAAAATTATCAAAACGTTTAAATTTAGATGATTTGAAAATAGCAATTAGAATCTTTCAAGAAAGATTACATAATGTTAAATTAGTTGATATACCAAAATCTATTGAATCTTTAAAACCAATATTAAAACAACATATTAAAAATTATGAAGAATTAATTCAAACATTTGTTATTGGTGTATTTCAAAATTACAAAAATATTGCTAATAACAAAATTTATGGGAAATCTCATTTGATTAAATCACAAGATATTAAAAGACAAGAACTAGCAAATATTATCGAATTAATTGAAAACCAATCAATATGAGAGTCTATTAATGAAAAAAATTATTTAGATGAAAATTTAAAGTTAGAAATATTACCTTCAAATACTTCGATAATTTCTAAACGCTTATTACTTAATGGTTCAGTAAAAGATGTTTCAGTAATTGGACCTACAAGAATGGATTATTCAAAAGCAAAAAATCTTTTAAATATAATTGAAAAATATGCAAAAGAAAATTTAAAAAATAATGTAGATATTGAGGAGGAGTAAAATGAACGAAAAAAATAACAAAATCATTGAAAAAAAGGATATATTAACATTTGACTTAAAAATTAAAAAATTGGATCAAGAAAATCAAGAGAAAATTATTAAATTTAAAAATAAAACAATAACCTTAGGTAAAGAAGAGGTGCTACCGGGTATAGACGAAAATATTGTTGGAATAGATTTATCTGAAGACAAAATTTTTGAATTCAATTTTGAAATTAATGAAGAAACAAATATATTTGAAGAAAAAATTGAATCAGGTTCTTATGTTTTTAGTTTTAAAGTTCGCGATATTATTAAGCATAATTCAAGAGAAAAAATAGACATGTCAAAAATTAAAAGCGAACAAAATGATAAACAAAAAATAAAAGAATTAGAAGAAATTAAAGAAAATTTATTATCAAAAATAGAAAAATTAGAACTTGAAAAACAACTTGAAGAACAAGTATTTAAGGCAAAAGCTGAAGAAATGGCAAAAAATGCCGCTACAAAAGTTGAAATATTAAAAGAAGAAATTAAAAATAAAGCTAAAGAAGATGTTGATTACAAAACTAAATTTGCTACTCAAAAACTTGTTGATGATTTACTAAGCCCCTTAAATAATTTGTATGTGGCGGTAGAAGCAGGGGAAAAAGCTAATGATCCTAATGTTGCTGCTTATGTTAAAGGATTTAAAATGTTAACTTCACAAATCTTCAACACTTTAGAAATGAATGGAGTAAGTATTATTGAGCCAAAAGAAGGCGATGAATTTAATCCTGAAATTCATCATGCTCAGGAAGTTGTTGAAGATCAAAGATTTAAAAAAGATCAAATTACAAAATTAATATCACGAGGTTATAAATTACACGATCGTGTTTTGAAACCTGCAATTGTTATTGTAGTTAAATAATTATTAAATTTTATAAACAAGTTTATTCATTATAAAATTGATTTATTTTTTTGTTGCTCAATAATGTTAAAAAAATAGTTGAATAAAGTGATATTGTTAATATTGATAATATTGCAATTCCTAAAAATTTATATTCTGGTAAATATATCCAAATTAAAATCATTCAAATTACTAATAAATTAGCTATCAATAATTCTAGTCAATTAATTTTAATTGCTTCTCAAAAAGAATATTTTTGTTCATTTTTTGGTGTTATTATAAACTTCGCTTTTTTCCTAATAATGTCAATATTAAAGTTTTAATAGAACAAACTATCATTGAAGTGTATAACATTAAACAAAATAAAATATAAGATAACAACTTTCAAAATTTAATTTTATTAACTAAAAAAATAAAATCATTAATAAATGGCGTTATTAAAAACACTATCATAAATACTAATAAAATATACAAATGAGAATATTTAAATCCTAATGGGTATAAAATTGAAAAATTTATAATAACAACAAAAATAGAAAAAACACTTAAAGACAATGAAGTAGTTGATAATCATAAATCTATTTTTTTAAAAAAAGAAATATTTAACTTCAACATTTTTAATCACATTACTTTAAAAAATTGAATATTCCCTTGAGTTCATTTAATTGATCTTTTTTTAAAAGCCAAATAATCAATAGGAAAAACTTCTTCGCAAATAACATCTTCTGCAAATAACACCCTATAACCCTTATTCATTAGATTTATTGTAAAAGCTAAATCTTCTGCAACAAGCGGAGGAAATCCATTTGTATCTTCATAGCATTTTCTAGAAATAATGGCTCCATGACCATTTAAAGTAACAACGCCATATTCATTTTTGACTTTAATAAAAGCGGTTCAAGCCGGATAAATGCCTAATTCTCCTATACTATCAAATAAATTTTGTCCTCGTGTTCCTTTATGATTAGCTTGAACAATACCAATTTTTTCATCGACAAAATACTTTAAAGTTTCTGAAATAAAATTATTTGGAATAATCTCATCGCTATCTAACAAAACAAAATAATCATATTCTAAGTCATAATTTTTCAAAAAATTATTAATATTTCCCGCTTTAAACCCTTCTCTATTTTCTCTTCTTATCAATTTAAATTTGTCTTTATACTTTTTAACAAACTCATCTATTTGTTTAATATACTTTTTGTCGTAAGAATCATCTAATATGTAAACATCATAATTTTCATAATTTTGTTGTGCTGATTTTATTAAACTTTGTTGATCGAAATCATTACAAGTTGTATATAACAAAATAACTTTTGGTTTTGTCTCATAGAGATGAGAGAGAGAGAGAGAGAGGAATTAGTTGAATAAAAATTTTTGTTTTTTCTTCTTTTGATGAATAAATGGTAAAAAATAATAAAAATAAAATCTTTAGTTGAATTGCAAAATAAAACGGTAATAAAAATAAAATTTATTGCAAGAAAAATACTTACAACAATTGGATTTTTGCTATTTTGTATATCATTGTTCACGAGAGGCATCACTAGAAAATATCAAATATCAAAACATACTAATAATATTCAAAAAATAATAACTGTTATGTACAAAATGTTTTTTTTCTTTTTTTTAACCGAATGATTTTAATTATACTTAAAATTATAAATTTATAATGTCAAACTAACAATATAAAAACTACTTACATAGTTTTTTTTATAAAAAGGAGTTATATAATAACAAATATGAAATTTATCGATCAAGTAAATATCGAAGTAATAGCAGGTAAGGGTGGCGATGGCATCATCTCTTTTAGACATGAACATCGTGTAGAAAAAGGCGGGCCTTTTGGAGGAGATGGAGGAGATGGAGGAGATATTTATTTTCAAGGAGACTCAGGTATGAACACTCTTTTACCAATTCACATCTTAAAACATATAAGAGGTTACGATGGTGGTAATGGAATGACTAAAAATATGTATGGGGCAAAAGGAAAAGATGTAAT
NZ_CP174166.1_gap10	429685	434658	4973	CTTGTTTCCCGGTTAAATTAAATGTTTTTTTTACATTAATCATAAATAAATGATTTTCTGTAGTCCCTGAAATTATATCAACATTTAATTTTTTAAATTCATCACAAAATATTTTTGCATTTTTTAAAACTTGTTCTTGATATTTTTTAAAAGATGGTTTGAGTGCTTCATAAAAAGCAACTGCCTTACCTGCTATTTGATGAAATAAAGGTCCCCCTTGATAACCAGGAAAAACTCAATGATCAATTTTTTTAGCTATTTCTTCGTTATTAGTCATTATTATTCCACCACGAGCTCCTCTTAATGTTTTGTGAGTTGTTGAAGTAATTACATCACAATATTTAATGGGTGATGGATGTAATCCAACAGCAACCAAACCAGCAATATGAGCAATATCAGCCATCAATTTTGCGCCAACAACATCTGCTATTTTTCTAAATTTTCTAAAATCTATAATTCTTGAATAAGCACTAGCCCCACAGATAATTAAAGATGGTTTTATTTTTTTTGCTAAACTCAAAATCTCATCATAATCTAATAACCCATTTTTATCAACATCATAAGAATAAGCATCATAAAAATATCCAGAAAAATTAATTTTATACCCATGAGTTAAATGACCACCAGAAGATAAGCCCATTCCTAAAATTTTAGATCCTTTAGGGACTAAAGCAGCAATAGCTGCCGCATTTACAGTTGAACCAGAATAACCTTGAACATTTGCAAATTTAACATTAAATAATTTTTTCAATCTTTCAATTGCTAGCATTTCAACTACATCAACATTTTCGCAACCACCATAATATCTTTTATTCGGATATCCTTCACCATACTTATTAGTTAATACACTACCAGTTGCAATTAAAACATCTTTAGAGACATAATTTTCTGAAGCGATAAGTTCAATTTGTTCTTGCTGTCTTTTTAATTCTTTATTAATTGCTTTCTCGATTGATTTATCATTTATTTTTATATTTGAATACATAATAACTTCCTTATTAAATCTGATATTAAATAATTATAAAATTTAAAACAAAATTTTAATAGATCTATCCATATAATACTTATCTTCATTTGGCAATAACTCAATTTCGTTTATAACTTTATCGTTAACATTTGTAAAAACTAAAGGAATTTTTAAACGACTAATTATAGTTATTGAATTTAAAATTCTTAATTTATTTACAACAGATTTTTCTTCAAGATTAGAATTTACTTTCTCAGATAAAACGATTACACTTGGTTTTACATTTGTAATAACAGAAAAAAATGATGAACTAAATTCTTCTACATAAAATCCAAATTTAATTTTTGAAACATTTAAAAGTTTTAATAAAGAAATAAATTCTTTTGTTTCGCTATATTTAGTTTGGTTTATAATGAAAATAAATTCCCTATTGTTTTTCATATTTTCAAATATTTTTTCTATTTGATAATCATTAATATTTATTAATGTTTTTTTATTTAATTTTTTATTTGAACTTAGAATGTTAGAAACAAATTGATCTTCAATTTTTTTATCAAAATTGTTGATTTTTAATATATTTTCATTTCAGTAATCATTTTCTATTTGAAATTTTGGAATTAAAAAATTATAAATTTCTTTTTTGGTTTTAGAAGAATAAATCGATAATTTTTCAAATTCAATTCTATTTGACTCAATCATATTGTTAATGTTGATAATTTTTTCTTTGAATTCCTCAAATTCGTTAAATTGAATATTTTTCAAATTAAAATGTACTGATGATTGAATTGTTTTAGATTTAATTAATCCAAAAGAAATTCTTGTCATTATTTTTGAAAAATCATTTTCAGTCTCTAAATTTTGACATTCAACAAAAGTTAATCCATCAAAAAAATTATTAATATTATTTTTATTTAATGATTTTTTTAATTTTGATTGAATAATTTTCTTTATTCTATTTATTTTTCGATAAGATTCATTAGTTATTGTTGCAACAATAATTGCATTTGTTTTAAAATAACGAATATTTTTATTTTTTATTAATTTATCAAACAAATCAATAAAAGTAATAAATGTATCTAGCGAATTTTTAATAACTGAAAAAGCAATAAATAACCTATATTTATGTTTAGTATTAAACAGTTGATCTTTAGTAATAATTTTGTTAAATAAACGTTCAGATTCTAATTTGTTTTGTGAACGATACTCAATAACAATTTTTTTATCATTAACGTATTGAAATTTTAATTTAAAAAAAATAATTGTATTTTTTGTATTTTCAAATGATTCAATTTTTATTTTTTGATTAATAAAAAAATTAGATTTATTTTGAACACAATATTCAATAGCTTTTTTTCATTTATCTCTGTTGACAGGTTCAAGTGAATCAAATAACTGAGAAATATTAATCCATCCATTACCTATTTTCTTGTCAATATATTGAATAGCTTTTTTATTATATTTTTCAAACATTTCATTTATTAACAAGTGACTTTTTTTAATTCTTCATTTTTTTAAGTCTAATTCTAAAAAAAATAAAATAGGTTCATATTTATCAATCATCTTATCTTTTTTGAAATTAAAATATAAAAAACAAGCAATTATTGCTAAACATAATGAAACCAAAATAAAAAGCAGAATTATATTTCCCATTTTTGTTAATTCACCTTTTCGATTGATTTGTGATTCTTTAGTAACTGTTTGATACCAATTTCTTTATTCTTAAACTCTATTATAACGGAATCACCATTTATATCCAAAACTACGCCTACACCAAAGTTAATGTGCATAATCTTATCGCCAGGTTCAAAATGTCTAGTATTTTTATGCATTCTTGAATCCAATAAAATTTCTTCAGTTTTATAAATATCACTAATTTTTATATCTGCTTCCTTTATAAATCTAGACGGAGAATTTATTCCATTTTTATAATCTAAAAAATATTCTTTAGAAGAAGAAAGAAAAAGTTTTTCTTTAGCCCTTGTAAAAGCAACATAAGCTAACCTTCTTTCTTCTTCTAAAAAAAATGATTCGCCATTTTCATCATCTTGCTTCAACACTTTTTGTGAGGGAAATACACCTTCATTTAACCCAATAACAAAAACATTTTTAAATTCTAAACCTTTTGCTGCATGAATTGTCATTAGTGAAACATAATTAATATTTGTTGAATCCTCAATGTTCAATGATTCTAAAGAAATGAAATCTAGATATTCTCTAATATATTTTTCTGGATTTTGACTTTCTCAATTTTTAATAGATTTTAAAAGTTCTTTAACGTTTTCTAATCTATTTAAATTTAAATCTTCGCTTTGTTCCAACATTTTTAAATATCCTATTTCATCTAATAATTTTTCTAAAACTTGATGCAAAGGTTCTTTGCGATTGATTAGAGAATTGTATTTTCTCAAGATTTCTATAAATTTAAATAAATTTTGTTTTTTATCATGAGATATATTAATAACATTAATGTATTTCAATCAAGAATTTCATAAATTCATATTTTTTTCATTGGCGAATTGAATTAATTTTTCAACAGTATTTTCACCTAATTTTCTAGGTGGAACATTAATTATTCTCTTTAAACTAATATCTGTTGGTTCATAAATACATCTTAAAAAAGCCAAAACATCTTTTATTTCAGATCTTTCATAAAATTTTTGTCCGTTAATAATCTTGTATTGTATTGATTCTTTGACCAAAGCATCTTCAATAGGTTTTGAATAAAAATTTGATCTATATAAAATTGCGATATCTTTTAATTGATTTTTTTCTTTTTTTAGTTTATTTATTTGAAGCGTAACTCATGAAGCTTCTTTTTCTGGATTTGCTCCTTCATAATACTCTACTTTGGAACCTTCTTCATTTTCAGTAATTAAATTTTTTGGAATACGATTTGAATTATGCATAATCAAATTATTTGCAGCTTTTAAAATATTTTTGGTTGATCTATAATTTTGTGAAAGTGTAATTGTTAGAACTTTTTTATATAACTTATCAAAATTATTAATAAAAGAAATATCTGCTCCTCTTCAACTGTAAATTGTCTGATCAGGATCTCCAACTATTGTGATATTTTCATTTTGTGCTAATAAATCAATAATTTCATATTGAATTTTAGAAGTATCTTGAAATTCATCAATTAAAAAATATTCAAATCTTTTTCTTCATTTATCTCTTATTTTTGTATTTTCGGTCAATATTTTTTTTGTATAAATTAATAAATCATTAAAGTCCAAAGATTTTGAATCTATTAGTGCTTTTTGGTAATCTTTGAAAATATTAATTTTTAACATTTGATTTTCATCATCTAAATTTACCATCTCTTCTTCCAATTTGCCAATACTAATAAATTTATTTTTGATATATGAAATAAAATCTTTCATTTGATTATAAGGTAATAAAGTTTTTGAAATTTCATATTTTTTATATATTTCTTTCAAAATATTATCTTGATCTATGCTATCAATAATTGCAAAATTATTCGAAAAATTATCAATTTCCGAAATTTCCTCTCTTAAAAATTTATAACAAAGTGAATGAAATGTTGAAACGATCATATTATTAGCTTTATCACCAATTAAAGCTTCAACGCGAGATTTCATTTCATTAGCAGCTTTATTTGTAAAAGTAACAGCAATAATTTTTTTTGGATTTATTTTAGCCACTTCTATTAAATAAGCAATTTTTCTTGTCAAAACTTTTGTTTTACCCGATCCAGCACCAGCAAGAATTCTAACGGGAGAATTTATTTTTACAACTGCAGCTTTTTGTTCTTTATTTAAATCTTTTAAAATTTTATCTTTCACAACTAATCCCTCCAATTAATTTGATATACTTCATTTTTAATAGGTTTAACAAGTTTAATTTCATTATTCTCTACATTAATAAATTTATTTTTATATATAACTTGAGAATTTGAAAATTTGTCTACTAAACTTGTTTTGTTACCTCTAAATCCAACTGAAATTAAAAAGAACAATTGTATCAACAGAATCATTGGCGATAA
NZ_CP174166.1_gap11	463703	465304	1601	GACTGGTGTTTCTTATATGCTACCTTTTGTTATCTTTGGTGGAATACTTATTGCTCTTGCATTTTTATTTGATATGAAAAATGCTGGTGAAAGTAATTTTGGTAGTGGAAATTCAGTATCTAAATGAACAAAAGGATTAGGAGATTTAGCATTTGGAATGATGGTGCCAATTTTAGCAGCATACATTGCTTACGCTATTGTTGGTCGACAAGGATTATTGCCTGGATTTATTGTTGGTTTAATTGCTAAAGGAGATTTTTTCTTTTATTTAAATCCTAATACAGGTGATGTTCAATGATTAGGAAAAGGTGGCGCTAATTCAGGAGTGTTCGGGGCAATTGGTGGCGCATTCCTAGCAGCAACAATTTTAATTCTTTTTTCAAAATTATTAAGTCTTGAAGTAAACACTAAACATGGTAGAAAACCATGATTCCCAACAACATTGAATGGTATCAAAAACATTTTAATTATTCCATTATTTGGTACTTTCTTTATTGCTATTTCATTTTGAATCGTTAACATTCCTTTAATTTACTTAAATTGAGCATTTACTAAATTTTTAGAATTATTTGAAGGTAAACAATATCTTGCTTGATTACTAGGATTAATTCTAGGAGCAATGATGTCAGTTGATTTAGGGGGTCCTATTAATAAAGCTGCTTATGTTTTCGCAACAACTTCATTAAACAATGTTGCACCAAGCGAAGGTGGAACAATTGCTATGGCTGCATCTATGGCTGGTGGAATGTCTGCACCACTTGGTATTGCTTTAAGTGTTACATTCTTTAAAAAATTATGATCAAAAGAAGACAGAGATGCTGGAATGGTAAATTATGTAATGGGAGCAACTTTTATTTCTGAAGGAGCGATTCCATTAACAATTAAAAATCCAAAAGTTATGATGCCTTCAAATATTATCGGTTCTGCTGTTACAGGGTTGTTAATAGGAGCTCTTGGAGTTAAAATTTCTGCACCACATGGGGGGGTATTAACTGTTGCTCTTGCTAAATGTAACTACTTTAGTAACCAAGGATTATCAGTAGGATTAGGAGTTGTATTCTTTATCACTGCCGTTTTAGCTGGATCTATTGTATCGATGTTTTGTATTTTTCTATTTACAAAAATAATTGGAAATGGGAACCAAAGAAAAGATAATGAATTAAAGGCTAAAAAATCAATTAAAAAAGAATTTTCTAAACAAAATATACAAAAAATAAAAAATAACTTTAACTCTAATTTAGTACTAAAAAATAATTTGATTCTAATTTAGTATGATCTATACAATAACATTTTCTCCTTCAATTGATTATGTCATTAATACAAAAAATGATTTTAATCAAAATGATTTAAATAGAGTTGAAGATTACGAATTTTTACCTGGTGGAAAAGGCATTAACGCTTCAATCATACTAAAAAGAAATGGATATGAAAATAAAGCTATAACTTTTTTGGGTGGAAGTACTAAAAAATTATTTTTAGATTTAGTAGCTAATGAAAAAGTTGAGCTAATTGATTTTGAAGCTGAGAATGATACAAGAATTAATGTAAAAATGTTTGCTAATAATGCAACATATGAAATTAATGGTGCTCGAGCAAAAATC
NZ_CP174166.1_gap12	467855	471015	3160	CCTGATAAACCAAATAAATCTTCAAACAAAATTTGAAAATTAGATAATGCCCCTGATAATACTCCGGCTCCACCTGATAGAATTAAAAAACCGGCTATAGTTTTAAATAAAGTAATAATAATCTCGGATATTTTTTTTCTAAGCAAAATTGCTCCCAATGTAGCAAAAAGCCCCACTAAAATTGCTGGCGTTCCAACAAAATCTTTGAAAAATGATAAAAACCAATCACCTGCATTTACTTTAAACATATAAATTGTAAAACTCTATTTTTTGAATATTTCTTTAAATTTATTTGTTAATTCTACTTTATCCATTAAATTATTCAAAACAATTTTTTGCCCTTTCCCAGGGTCAATTGAATCAGACAAATCAACACCACAAACAACAAAATCAAAATTATCGCTTGGTGAATATGAATTTAGATTCTTATGAGTAATATTAACTTCATCTTCTGATAATCCTAAATTGTCTAAAATACTTTTTATATTCATTTCAACAATTAAAGATGAACCTAATCCTTGTCCGCAAACTGTGCAAATTTTTTTCATAATTTATAACAACTCTCCAAAAATGTTTACTAATTCTTCTTTTGATTTACATCTTAAAGATTGTTCTAAGATGGAATCACTAGAAAATAATTCTGAAAATTTTACTAGTATATTCATATGCGAATCACTATCAATTGCTGATAAAGTAAACAACAAATTAACTTGGTGTCTCTCGTTGTCACTAAACTTAATTGGTTTTTTAAAAAGAATTAATGATAGACCAACTTTTTTGTTATACTCACCAGGGGCTGTATGTGCCAAAGCAACTTTGGGCATTAATACATAATACGGACCCATTTCTAAAGTACTATCAATAATAGCATTTGATAATTCAGAAGTTGCAATGTTATTTTTAACTAATAAATCAACACCTAATTTAATTGCATTTTTTCAATCAATACTTTTATCAACTATTTCAATTAATGAGATTTTATTTTTCATAAGTCAAACATGAGAAAAAACAATTAATCTCACAAAATTATTTTATACTAAATTGAATAAATATGGAACTTAATAATTATTTGAAAAATACTGTCTTTATTGATCTTGAAGCAGATAGTCCAAGCGATCATTCGTTTCTATTGCAAGTTGGCGCAATTAAAATTGATGAAGATGGAAAAATTCAAAAATTTAATCAATATTGTTATCGCAAAAAAATATCAACAAGAATTTCAAATCTATTGAAAAAAGAGAAAGATTTTTTTAATAATACAAATTACAAAGGCGAAGATCAAGTTATAAAAAATTTTCTTAAATTTTCCAAAAATTGCAAAATTTTTTCATTTGGAGATTTTGATCAAAAAATCATTGAAAAAGTATTTGAAAGAAATAATCGTAGTTTAAAGAACGTAAAAAAAATAAAAATAATAAATATTCAAAATAAAATGAGTAAAAAATTAAAATGTGTCAACAAAAAGAAACGAACATATAGTCTAAATGATATAGCGTTAATTTTGGATATTAAATTCAACAAAGAACATAATGCCTTAATTGACGCCGAAATTTTAGCTAGAGCTTACAAAATTTTATTTAGTCAAAATTTTAATTTAAATTTTTACAAAGAAAAAATTGAGAAAATTACATATTTTCCTAAAAAAATTAGCTCAGAATTCATTAATTTTAAAACTAATAAACTTATTGAATTAAAACAAGATTTTAAAATAATACTAATAGATGCAGATATCAAAAACAAAAAAAATAATTTTAAAAATGATTTTTTTTGTGAAAATGAAAATATTAATAATACATTCATTATTTCCGATAGTATGATCAATGAATATGAAAATATGAATATTAGTAGAATAGCAAAAATTAAAATTTTTGAATTTAACAATAGCTTAGTTTTACAAAAAAAGCAAAAACTACTATTTGAAATTAAAAACAATAGTATTCAATATCAAAACCATAAAGAAATTGAAAAGATCATAAAAAATAATTTTGATAGTTTATTTTTGATAAATCGAAAAATGTTTTTAAACGATTTTGCAAAGAAGTTTAACATTTAATTCTATTTCTTGAATTATTTAAATTTTCCAAAATATCTAGACAATATTAAAAACGAAGATTTTGCTTTCTTGAAAGAAATGAAAGAAAAAGTATCTTTAACGTTACAAATGTTTAAATAGTATTTTATAATTAAAATTATGTCCAAAAATTACTATGAACTATTAATAGAAGAAATTGAAAGTTTAATTAATCAAAATAAAGAAGAAGAAGCATTTAAAAAAATTGACGAAGAATTAAATTTGCCTTATGTCCCAAAAATTTATGAAGAAAAACTGAAAAAATATTTACATAATTTGAATTTAAGTAAAAAAAGCAAAAATATAAAAAAAGTTTACTTTTCTAGAGAAGAATTACTAACAATAATGAGTGAATATAAAAAACATGATATTAATTTTCTATTAGATATTTGTAATGAATTTGAACAATATAATTGAATTAATTTTGAAAAAGAAATAGAGAATATTTTTAATACAGATATTGATAGTAAAGTTAAATCCATTATTTACAATACATTAGTTGTGCAGAATTTAGACCATGACTTTAAACTCAAAAATATAACTATTAATCCCGTTAAAAATAAAACAATATTTGAAACTCAATTTGCAATCAAAAATTTAATAAAATTATCACACAAACATTTTGATGACCCATCCATTTTTGATATTTGTGAAAAAATATTTTTTATTTATTTAATGAATAAATTCCCTGAATCATTATTTTTTGAACATATAGATATTACAAATGAACTAATCAATATTGCAAATGTTATGTTAGGAATCAAAAAAACAAAAGATTTAAATCAAAAAGAAATTTCAATATATCAAACCATTAGTGGAAAACAATAGTAATAATGTTATAATGTAAAGACTTATTTGATGATACGTACAAACGAGAGGTAGAACACTATGAGTAGTAATAAAATTGAAAAAATATATGATATTAAAAATGCAGAATTGAAGATTATTATTCCAATAGACAAGCAAATTTGAAAAGATGAACAAGTAAAAGCATTTAATAAATTAGCTAAAAAAATTAAAGTTTCAGGATATAGAGCGGGAAAAGTTCCTATTGAAATAGCAAAAAAAAATATATCAAAAGGACAAATT
NZ_CP174166.1_gap13	527995	531234	3239	AATGGATGAACTTTTAATGTCAGCTATTATTGAGCTTGAACAAGCAAAAGAAGAACATGATGCTTTTACTAAAATTTTAAGAGATAATGGAGTTGAAGTAATTGAATTAGCAGATTTAACTGCTGAAATGTATGATTCATTAACTCCATCTGAAAAAGATGCGTTCTTAAATCAATGAGTAAAAGAAGCGTCATGAGGAAAAAAATCTTCTATTGATGCTTTGAAAATCAAAAAAAATCTAAGTAAAAAAGTATTTGACTATGTTAAATCAATAAAACCTACAAGAAAAATGATAGATAAACTAATGGCAGGAGTTTTACTTTCTGAAATTGGTGAAAAATCAATTATTTTGAATAAAGACAAAAAAAATGAAATGGTAATTGATTTAGTAGTAGATCCAATGCCAAATCTTTACTTTACAAGGGATCCTTTTGCTTCTGTTGGTAATGGTATTACATTACACAACATGAAATACCCAACAAGAAAAAGAGAAACAATTTTTGCACAATGAATATTTAATAAACATCCTGAATATAAAGATGTTCCTCAATTCATTTCAAAAAGAGATGGAAAGGAAACAATCGAAGGTGGGGATGTTTTTATTTACACAAAAGATGTTCTGGCAATTGGAGTTTCTGAAAGAACAAATATGGAAGCTATTTTAAGAATTGCTACAAATATTAAAAAAGACAAAAATTGTGAATTCAAAAAGATAGTTGCAATCAACGTTCCTCCTATGGGAAATTTGATGCACCTTGATACATGACTAACAATGCTAGATAAAGATTTATTTTTATATTCTGGAAACATTAAATCTGCTCTAAAAGTTTGAGAAATTGATTTAACCAAACCAATTACTCCAAAATCACCTAAATTATCAACTGCTAAGTTAGCAGATATATTAGCTAAAATTGTTGGCAAAAAAGTTAGAATGATTCCAATTGGTGGAAAAGACGGAAATCAAATGGATATTGATATTGAAACTCATTTTGATGGAACAAATTATTTAGCTATTGCTCCAGGTGTTGTAGTAGGTTACCATAGAAATAGAAAAACACAAAAAGCCTTGGAAGAAGCAGGCGTGAAAGTGTTAGCATTCCAAGGTAACCAACTATCATTAGGTATGGGATCAGCAAGATGTATGTCAATGCCTCTTGTACGTGAAGAAGTAAAATAAGTTTTATATTTAAGAAAAGAAAGATAAAGGATATTAATTATGGCTTGAAATTTAAAAAACCCTCGTCATTTTGACACTTTAATGAATTTTACAACTGAAGAAATTTTGTATTTAGTTGATCAATCAATTAAAGTTAAAGAAAATGAAAGAAATGGAATTAGACCTAAAGGTCTTGAAGGAAAAACAATCGTAGGTATTTTTGAAAAAAATTCTACAAGAACAGCTAATTCAACTTTTAAAGCTGCTAACTATTTAGGTATGCAATATTTTTATAATGGGCCATCAGGTTCAAATATGGGAACAAAAGAATCTGTAGCTGATACTGCAAAAGTATTTACAGAAATGTATGACATTTGTTTATTTAGAACATTTGGACATGACAAAATTCAAGATTATGCAAAAAATTCAGGTATTCCTCTAATCAATGGATTATGTGATCAAGAACACCCAACACAAACAATTGCTGACTTACAAACAATTAAAGAAGCTTTTGGTGGATTTAAAAAACTTGTTAAAGGAGAAATTAAACCTCTAAAAGTAGTATTTTGTGGTGACTACAAAAATAATATGGGGAACTCTTGAATGTATGCAGCTGCATTTACAGGTATGGACCTAGTAATGTTTGGACCAAAAGAATATGAACAACAATGTAACAAAGACATTGTTAAATTCTGTAAAGATTTATTCAAAAAAAATGGTGGTTCAATTACATTTACAGAAGACAAAGCTAAAGCAGCTAAAGATGCAGATGTTATAGCAACAGACGTTTGAGTATCATTAGGTGAATCATTTGATTTATGAGAAAAACGTTTAAAAGAAATGCACGAATTCCAAGTAGATAAAAAAATGATGGATATGGCTTCAAAAAATGCAATTTTTATGCATTGTTTACCAGCATTCCATGATATGAATACTGAGTATGGATCAAAAGTTGCTGAATTATACGGTAAAAAATTCCCAATTGTTAAAAATGGGGCAATTGAAGTAACAGATGAAGTATTTAGTGATACAAAAAGAAATTGGTCATTTGTTGAAGCTGGTAACCGTTGAACATCAATTGCAGCTATTATTCAAGAATTATTAAAATAATAATTTTTATATAAATTTATTAAGGAAATGAGTATATGGCAAAAATTGTAATTGCTCTTGGAGGTAATGCTTTAGGAGATAATCCGCAAGAACAAAAAGAATTAGTTACATTACCTGCAAAAAAAATCGCTTCACTAATTAAAGCAGGGCACGAAGTAATTGTAGGACATGGAAATGGACCACAAGTTGGAATGATTTTTAATGCCTTTGCAGATGCAAAAAAAGTTAACGAAAAAACTCCATTAGTACCTTTTGCTGAAGCAGGTGGTATGTCACAAGGTTATATTGGTTATCATATGATTACTGCTATCTCTAATGAATTAGCAAAAGAAAAAATCGATAAAGATGTTTTATACTTTTTAACTCAAACAATTGTTGATGCTAAAGATCCAGCTTTTGACAAACCAACTAAACCAGTAGGTCCATTTTATAAAACAAAAGCTGAAGCTGAAGCTGCAAATCCAAATTCAACTATAGTTGAAGATGCAGGTAGAGGATATCGTAAGGTAGTACCTTCACCCAAACCAGTTGATTTTATTGGAATAAAATCAATTAAGAAAAATGTTGATGAAGGAGCAGTGGTTATTGTTGGAGGAGGGGGAGGAATCCCAACCATCGAACAAAAAGGTCAATATATTGGTGTAGATGGGGTTATTGATAAAGATTTTTCTTTATCTAAAATTGCTACTGCAGTTGATGCAGATTTATTCATTGTTCTAACAGCTGTTGATTATGTTTTTGTAAATTATGGAAAACCTAATCAAAAAGCATTAGTTAAAACGGATATTGCTGAATTAGAACAATATATTAAAGAAGAGCAATTCGCTCCAGGATCTATGTTACCAAAAGTTCAAGCTGCAATTCAATTTGTTAAATCAGGCAAAAATAAAGAAGCTATTATTGCGGATTTATCAAGAGTTGAAGATGCTGTAAATGGAAAAATAGGAACAAGAATTGTTTCAAAACTATAACA
NZ_CP174166.1_gap14	532607	535631	3024	AATCATATTTTAAAATAGCTGCTATAGTTTCTGTAATTATGATTACATTATCATTAGGAGTATTAGTATTACAACCTATTATTGATTTAATGCTATTACCACAAGTAGATAAAAACTTAGTAAATTCATCTGGTGGAAATTATACAGATATTGTTGTTTCAAGAATTATGTTAGTTGTTACCCTTCTATTGTTCTTTGGTCTATCATATGGCCCAACAATTATTGAAGATAGAATCAACATTAAAAAATATGGTTCTATTGCAAAATATGAAGAATGACAAAAAGCAAATTTTCAAGTTAGTTAATTGAAAAAAGATATAAAAAATTATTTCGCTAACATTCATATTAAAATAATAAAAAGATACTTTAAATGGTATCTTTTTATTATTTGTGTATCTTTTAATAAGTATCAAATAAATAGTTATTTTCAAAATACTATAAATTCAAAATCATAAGTAAAATTCTTTGGTTATATAACTTTTTCTTATTATTTTGAAATATAATAAATTGAAAATAGGAAATATTATGAAGAAAAAAATTGCTTTAGCCTGCGAAGTATGTCACAGTAAAAATTATTATGAAAATAAGTCTAATGACCAACGCTTAATAAAAAATAAATTTTGTAAAAATTGTAATACTCATCAGATACATAAGGAAGAAAAATAATGGAAAATAATCAAGAACAAAATAATAAAAATAATAATTTTGAAAAAACTCCTAATAAAGAAAAGGCTTATCCAGTTAGAAATTTTTTTAAAGAATTAAAAAGAGTTTCCTGACCTACAAGCAAAAAAAACTATAAATATTTTTTTTGAATATTTGTGTTTATAATATTTTTGATTGCATTTTTTGCTCTTATATCTTGAGGAGCAAAAGAGATTTTAGAATCAATAGGAGCTAATTAAAATGAAAAAAGAATGATACATGATTTCAATAATTACAGGGAAAGAAAAAAAGATTATTGAAAGTTTAAAAAATAAAATTGAAACAGCTAATATGCAGGACTTATTTGGGGAAATCAAAGTGTTTTGAATTCCAACAATTAGTTCTAAAGAAATTATAAAAAAAGCTCAAGGTAAAGAATATAAAATCAAAGAAGATAATTTATATAAAGGTTACATTTTTATTTTTATGGAAATGACTGATGAAGCTTGATTTTTAGTAAGAAATACAGAATATATCACAGGTTTAGTAGGATCAAGTGGAGGAGGATCAAAACCAACACCTATTTCAAATAGAGAATTTGAAAAAATGTTAAAAAGACAACAAGAAAAAATTGAAGAATTTAATTCAATTGAATATAAAAATCCTTATCAAGAAGGTGTCATGGTTAAAATTAAAGAAGGATCATTTAAAGACGAAAAAGGAAAAATTGTTGAAACAAACTTTGAAAATCTAGTTGCGGTTGTAGAAATTGTAACTTTTGGTAGAAAAGTTCCTGTTGAATTTCCTTATAGTAACTTGCAAATAATTAAAAAAGATTAATTGATTTTGTATGAATTTTATTCAACATAGATGAAAAATTTTCTGTAACTATATTATTGACAACAGAAAAACTATAATTGTTAATTATTTAATTTTTTTAGTTTCAATAACTATTTTGTTAATAATTGATTTAGTTTGCAAACACACATTATTTGATTCAAATAATTTAGGAAGTATTAAACACGAAAATTGATTATTTGGAATAAGAAGTGTTAAAAACGAAGGATTAACTTTCTTACCTTTTTTAAAGGCTAATGATATATTGTTAACTTTTTTCAATTTTGTAATTATTACTTCTTGTATCATCTTAATTATTTTTTTAAAATCACATTGATTTGCTGTATTTATAGGATTTATATTTTCAGGAGCTTTAGGTAATACAATTGATCGTTTAGCATTTGGTTATGTAAGAGATATTATTTATTTACCTTGAGCTGATAATGGAACATTTAATTTCGCTGATACTGATGTAATAATTGGTTGTATAGGAACTATAATAACAATGCTAACAATTTACATTAGAAGAAAAGATTAAAGGAGCTTTAATTTGAATCAAACAACAAGTAGAAAAATTAGTTTTTTTGCTGCTTTATCGATATGTTTTACTTCAATTGTTGGTATTGGAATATTTTTAAAGAATGCTTCAGTTGGTAAAAATGTTGAAGGTAATGGAATATCTTGGTTAATGACTTGAATTATTTCTGGTATTTTAGCCATTCTACTTGCTTATCATTTTGGAAGAATATCTCGAATAGAATCTAAAAAAGGTTTAACAGGATTAAATGCTTGAACAAACGAAATTGCAGATAAAAAAAATAATTGATTTAAAAAAATAGTTTCAGTTAATTACGGTTTTTTTTATAATCCTATTCTAACACTATGTTTATCTTTCTTTTGCACCGAGTTTTTAATTGATTTTTTTAAAATAGCAATTAATGAAAATATTCATGTCGATATATGAATTTATGTTTTAATTTCTTTATCTTTAAATATTTTCTTTATTTTAAATAATTATTTTTCAGTTAAGTTTAGTGGGCATATTTCAATAGTAACTTCTATTATAAAATTTATTCCTTTATTAATGGTTATTTTTATAGGATTAATTTTCGCAAATTCACATAATTTAGATTCAACTACAACAAATGGATTTAAAGAAAACATTTCTTTTAGTAAAGCGATACAAGGAATTATGCTATCAATTCCAAGTGTATTTTTTGCTTTTGATTCATTTGTAGGAGTTGGTGCTTGATCAAAAGATATTAAAGGAGGAGAAAAAACTGTTCCCAAAGTAATTATTACAGCTATGATATTAGTAACAATTATTTATTGTTTAGTTTGTTTATCTTCAATATTTCATTTTAATCCAAATAAAGATGGTGAAGGAACAACAATTCTTAATGTTTTGATTGATTCGTTGCCTATAAATGTTAAAAAAGGAATTACTATATTTATATCATTAACTATTTTCATTTCTGCTTTTGGGACTTCAAATTCTATCTGCGGAACTTCAATGAATGAATTTAAAAATTTAATTCTTCA
NZ_CP174166.1_gap15	561600	563628	2028	TATCAACTAAAAGCCCAATTCTGTCTTTCATTAATGTTCTAAATATTCAACTATTAGTTTCTCAAATCATATTTCTAATTGGTTCTTTTTTAAATAAATTAATAATCATTTTTATAAATTGTTTTTTACTGTTTTGAAATTGAATTGTTTCATTTTCTAATAAAAATTTTGCAAATTGACTCAATGTTCAAGCTAAAAAATCTAAATTAAACACTTGATTAAATATAATTTTTAAAAATGCTTCATTTGATAATTCATCCTTATTATTCAAATAATAATTATCAATTTCTTTTTGAATGTTATTTGCAATAATTGATCAATAATTAATTCTTAATGTAAATTCTAAAAAAATATTATGATCAATTAAATTATTTACTTCCTCAGCAATAGAGTCCAGATTTTTTACTGTTGAATTTAACAAAATTAATAAAGATTTTTTTACAGAAAATTTTAATTCTTGTCTAGGATCATTATTAGAATCTAAATATTGCTCAAAATATAAATTTGAACTTAAAAAACTATCAATATCTTTTATTTTTGAATTTTTAAATAATAGTTCATTATTCTTGCCATAAATTTTTTCAATTAACCTTTTATCATCAAACTTTGTTTTTGAAAAATCTAAACCATTTTTAAAACTATTTATATCTTCTAAAATGTAAGTTTTATTAAATGTTTTTAATTCTTCTAAAATTCTTGTTTCATTAGCAAAGAATGAATCTGATAGTGAAATTTTAACCAAAATATCTTGAGCAATTTTTTTGTATCCTAAAATAGTTGGATGAATATCATAAAAAATGTTGTACATTGCATATGAATTTTTGCTATAAAAATCTTTATTATTTGTTGAAATAAAATATATGTCTTCTTGATTGGAACATTTTTTTAAAACTTCGTTTAACTGACCAATACAAAAATCTAAAATATCTTCACTTAAATTAATTTTTTTGAAAAATTCATTAATCAAATTTCAAAATGGCCCACTCATTTTGTTATATCCAATTAAATAAATGTTTGCATTTTTATTTAATTCTTTTAATCTTTTTAATAAAACTGAAACATCAATTTCAACACTATTAATTATTTTGATAAGTTTAGTTAAAACTTGATTTTTATTATTTTTATTAATGATTAATTTAGTTATTTCATCAATTGGAATTTTAGGAATTAAAAAATTTGCACCAATATTAATTGTTATTAAATTAGCTTCTTGAATTTTATTAATTAAATAATTAAAATCTTTTTTAGATGTAGCACCAAAATTTTTAAATTGTGTTTTAATTCTTTTTCTTTCAGGATTAGTATTTGAATTAATTAACCAAGAAGAAAATTCAATTTTTTTTCTTGAATTTTCATAATTGTATTTTTTATTATTAATTCCAAGAAAATAAATTCAATCTTCTGGTCTCGAACCTGATAAAGAAAAATTTTCGTACGAATCTAACAAATTTTTATCTATTAATTGAATATTTCTAGCTAAAAAAGAAGGTCAAGAAGTTCCAATAATTTCTTTATTTTCTTCCATTTTTCCAGCAAAACCAAAATTATATCGACTATTATATCCTTCAGATATTGAATCGCCAATTGCTACATATTTGATTTTTTCTTTTGATAAATCTATTTTTTTCATAATTTAAATAAATGTAATTGCAAAGGGGATTACAAATACAAAAAACATAATTGCAAACATTGTAATTGCTCTACATATTAATGACCCTTTATAGATAAACAACATATGTGTTATTCCTAAAATAAATCCTATAATAGGAACACTAATTCACCACAAACTAAGATCATGAAAATCAACTTTTCAAATTAAAAAAAACAATGCATATAAAGTAAATCCTATTGTATAAGACAGAACAATAACCACATTTCTTAATGAATTTTTTATATGACAATTAAAAGTATTTTTTTCTTTTTTACTTGTTATTAATTTCATATCTTAAATTTTAAAATATTAACTTTTAAAAATTAAAAAAACATCTCAAAGTTTAGATGTTTTTTCATAAAAATTAAATTATTTAT
NZ_CP174166.1_gap16	564948	569078	4130	TTGATGCAAAAACATTTGTTGGTAATAACATCAATCTAGAAAATGTTGTTAATAAATTCATTGATATTGATGAATATATAAATGGTGAAAATTTATATTCAGCAAAAACATCTAAAAAACCAGAAAAAATTTATTTAGAACTAATTGTTAATGATAAGGAAGTAATTTCAAAGGCAAATATAACATTAAAAATTGCTCATCTTGTTAATGAAGCAAGAAGATTGCAAGCTACTCCACCAAATATTTGCAATTCTGAATGATTAGCTAAAGAGATACAAACTATGTTTAAGGATATAAAAAACCCTAACTTAAAAGTTAAAGTATTAAATAAAAAGGAAATTGAAAAAGAAAAAATGGGATTGTTTTTATCTGTAAACAAAGGTAGTGCATATGAAGCAAGATTGGTTGTAGTTGAATACAATGGAAATCCAAAATCTAAAGAAAAAATTGCTTTAATTGGTAAAGGAATTACTTTTGATTCAGGTGGTTATAACTTAAAACCATCTCAACATATTCAAGGCATGAAATATGATATGTCAGGAGCTGCAATATGTGCTGCTGCAATGAAGGGTATTGTTGAATTAAATGGTAAAGTTAATGTTTGTGCTATTTTACCTTTAACAGACAATAAAATTTCGTCTAAAGCTCAAACACCTGATTCAATTTGAACTTCAATGAGCGGTAAAACAGTTGAAGTAAATAATACTGATGCTGAAGGTAGATTAATCTTAGCTGATGCAATTACTTATTCAATCAAAAAATTTAATCCAACACAAATTATTGATGTGGCTACACTAACTGGCGCAATTATCATTTCTCTAGGAACAACATTTACAGGAGCGTGATCAACTTGCGATCTTGCTTATGAAAGATTATTAAAAGCAGCCAATAAACAAGATGAATTAATTTGAAGAATGCCTTTCCATGAAGACTTTTTGAAAAATATCAAAGCTTCTAACTTTGCTGATTATAAAAATACTGATTTATCTGGAAAAGGTGGTTCTATTTCTGCAGCAATGTTTTTAAAAGAATTTACTGAAAATAAAAAATATATCCACTTAGATATTGCAGGTACAGGTGGTGATGGCGAAAATCCAAGAGGAACTATGGTAAAAACATTAATTCAATTTGCTTTAGATTCAAAAGAGTAATATATGATCCATAAATTTATTGTTAATTCAAAAATAAATAAAGCTTTTTTATTAAAGGCTCAATTTAAAGAAGATAAACAAGTTTTTTTAAAAAAAGAAAATTATATTTTGGACAATCCTGAAAAAGAAATTTCAACAATCTATTTAGGATCTAAAGCAAATTTCGATTTAAACAAATTAATATCAATTTTAAGATTAATAGTTAATAATAATGAAAGAATTTATCAAATTGATGCTAGCACATTTAAAAATAAAAAAATAACAATAGATGATGTTACTAAAAATTTCATTTATATTTGGTACGAAGTTTATGGCAAACAATTTAATCTTAAAACAAAAAAAATAAAAGATAATCTACCAACTTACTTATTAATTAACAAATTTGATGCTAAATTTAATGAAGACATTTTAATTGCTTCACAAATGTGTGAAATTAAAACATTGCAAGACAGCGCCCCTAACATTTTAACTGTTAATAAGTTTATTAAATATATTCAAAATCTTTGTAAAAAGAACAATTTTTTGAAATTAACAATTCTAGATAAAAAAGAACTTCAAAAATTAAATATGAACTTAATCATTGGAGTTAATCAAGGTTCAGAAGAAGATGTTAAAGTTGCAATTATCGAATATAAAGGTTCTATTTCAAAAGAAAAAACAACATTTGTTGGTAAAGGAATAATGTTTGATTCTGGTGGTTATAATCTAAAAACACCAGGTAAATATATGTTAGATATGAAATATGATATGTCAGGCGCTGCAATATCTATTTTGCTTGTGGACACTATAGCAAAATTAAAAATAAAAAAGAACGTCTCTTGTATAGTGCCTTTAACAGATAATATGATTGATTCTTTAGCACAATTACCTGAAAGTATTTTAACCTCAATGAGCGGGAAAAGTGTTGAAGTTGCAAATACCGATGCTGAAGGAAGATTAATTTTAGCTGATGCAATTACTTATGCTGCTAAAAAATTAGACTCATCACTAATTATTGATTTATCAACGTTAACTGGAACAATAATTTATGCTTTGGGTAAGTATACAGGCGCTTGAACTACAAAAGATAATCATTGAAATTTATTAGAAAAAGCAGCCAAAAAAGAAAACGAATTAATTTGAAGAATGCCAATAAATGATATTTATTTAGAAACGTTAAATAAAAACACATTTGCTGATACTTTATCTTGTTCTAACATAGATAAACCTGATTCAAATATTGCAGCAACTTGATTAAAACAATTTGCTATAAACAGAGATTATATACATTTAGATATTGCGGGGTCTGCTGATATTAATTCCAAAGGTCAAGCCCCAATGTTTAGAACATTAATTGAATTTATTAAGAATCTATAAAAATTTGAATCAATTCATCTAACCTATAGAATTGTCATTTTTGTAGATTTTAAAAATTGTAATTTCAATAAAAATATATAATTGAAATAATGATTCAAAATAAAGAATTAGAAAAATGAAATATTTTATTTCAAAAAAATAAACACATTAAAAATCTTTTAAAAAAAATAGAAAAATTAGATATTTCAAAAACTAATTTTTTTAATGATTTAAAAGTATGTGATCATGCTATTTTTGGTAAATATGATGTGGGATATGGAAGCGTTAATGCAATAACAATAAAAAAAATAATAGAAATATTTTGTGAAATTATTGATTATAAAAATAATAATTATTTTTTAATAAGTTCAGATGGAAGCGAAGAAAACACCAAAATTATTGATGATGTATTACATCTTGGTAATCGAAATATAAAATTTATTACATTTGCAAAATATCAAGGTTACGATAAAAAATTTATTTCTTCTATCATCAAAAAAATAAAACCTGCTGGAGCTATTCATATTTCAAAATCTATATTCCAAAAAAATTTAATAAATATTAACTTGTATGGACAAAATGGCAACAAAATAACAAACATTATTTTAGAAGGAATTATTAAACAAATTGATAAAAATGTTGATAATGTTATTTATGAAAAAGAAAAAAATATTTCATTTTTAAATAATGATTTATTAATAAAACTATTTGTTGAGAAAATATCTGAATTATTTCCTAAATCTAATTCAATTAAAAAAACTAAAATAGCTATTTCTAATCGTTCAAAAGGAATTACTAAAATTCTTTCTAAATTAATTGGTAGTCAAGATTTTTCTTATACCATTAATAATAAAATTAAAAATAATAATATAAGCATTCTAGATACTAAATATTTAAGCGATACAAAAATTAAAAGATATTTTAAAAAAGATATTAAATTTGCAAAACAAAGAAAAGCTAATTTTTTAATTGCTTTTAATCAAGAAGGAACACAATCATTTTTATTTATCATCAATAATTCGAAAGTTATCTATTTAAATCCAAACTTAATAGCTATGATTTTTTTGCATGATTTTTATAATTCATTAGCACTTACTAATAAAAATTTACCAAATGTTTTTATATCTTCAAACGAAAATTTAAATCCTAATTTAGAAAAAATTGTTAAAAAATATAAGATATATTTTAAAAAAATCAGAGATAACGAGTTTATATCTAAAGATTATCTTTTGTTATTTTGAAATGACTATAATCAATTTGTTTTTGGTGAAAAAGTTAATGAAGAGTTTACTATATATCATTTATTAATTAAAATTATCAGTATTGTAGATTATTACAACAATCAATATAATTCAATAAACGCTCTAACAAATAAATTAATTAGAATGTATGGTGATTTTGAAAAAGAATTTAAATATTTTATTTCAAATGATATTAATGACTTCAATAAAAAAATTGAGTACAAATTCAAAGAAACAAAAAACAAAAAAAGAATTGAAGAATTAAAAAAAATAGAACTTGTTGAAAATGAAGACATCGAACAAGAATTATGACAGATTTCTCTTAAAAATAATTCAAGAATTTTTATTAAATACAACAAAATAAGCCAAAAAATCCATATTAGTTTAAAAAATACTAAAACTT
NZ_CP174166.1_gap17	606463	609216	2753	TAATTGCACTAAAAATATCTATGATAAATCCAGCTATGATTAAGACAACTAATAATCTAAAATTAGCACTATCATTTAGTAATAAAGAGGGGAAAAAAGTAGTTATAGCAATTGGAATAAAAATGATAGAATAAATTACTAAACTAATTTGAAAAAGTAATGATTGAACCAAAAACATTGCGGCTAATGGAGCTCTTTGAATATTTTTTCTTCTTAAATATCAGTAACTAATTGTTTCTCCTCCATAAACTAAAGGAGTAATGGTTGAAATACAAATAGAAATAAGATTGGAAATAGCTAAATGCCGTCATTTTACTTTTTGCTTTAAAATGCTCAGCATTCTTTTATTTGATCAACAAGCAATACTTAATTGAGTCAAACCCAATAATGAAACTAAGGGCAGTAAATATCCATATATATATTCAGCCTTTAAAAAATTATTAATTTGCTCAAATAATTTTTTATCCGCTCCAAAAATAAAAGTAAAAATAAATCATAAAAATAAAGCAAAAATAATAACAAAAATAGTATATTTTATCATTGCTTTTATAGAAAATTTCTTTATGTTAAAATCTCTTTTTAAATCATTTATGTAATTAAAATATAATTTTTCTTTAACAATTAGATTAACATAAGATTGTTCAACATTTAAATCTTTTTTATCACTATTCCAAATAGAAAAAAAAGTTTTTAGAAGCATTTCATCTTCTAAATATTCAAAAATAATTGATGTCTTATCTTCTAATATAATTTCCATCACTTTTTTCTTTTGATCAAGATATTTTTTTCTAATTATCAAAACGTCGGCAATTTTTTGTTTTTTTTCTAATCTATTAAAGAAAATGCTTGCTGTATCAGACTTCATAGTTTCTTCATATTTTTTTAAACGATAAGTTTTTTCTCTTTGATAAATTTCTATTAATATATCGTATAAAGTCTTATTTTGTTTTTTAAAATAAGAAACCATTTCTAAAAATATTTGTATGTTCAATAATGGATCTGAAACAAACGAACAATTTTGACTTGTAACAAAAAAGTTATCACCATTTGTTGCTAAAAAAACATCTTGAATTTTGAATTGATTTAAATCATTATAGAATTGAGACAAGGTTTCTACTTTTAATTTGTTCTTTTTTCCATAAAAATTGATAAAACTACTTGAATCAAAACTATTTAAAATTGTTTTATCTTTAATATCTTTACTTTCTGTTATCTGAAATTGATAATACATATATATAACTGCTAAATCATTTAACGTTAAAAATTTTTTTCTTTTTTTATGTTTAATAACAAATTCAAATGAATTATTATTTTCAATAAAATTCACAATCGCATCTGTTTCTTTATTAAAAGTTTTCATCAAAGATTTTCTAGTAATTTCATTTTTTGCTTTAGGAATAGACTTAAAATTAACAATCTTATATTCTATTTGACATTGTCTTAAAAAATTTTTCAAAATTTCTTCATTAAAATTAAACGGATTAGAAATTAAAATAGATATATTAGATAAATCAGTAAATTGAAAATGATTTAAATATGAATTATTTAAATTTTCTTCTATCTGAGGAACATTAGTGCTAGAAATTCCAATATTTAAATAATTTGTGTTTCAAATATAATTGCTAATTTCTTTAGATTCTTCATAGCTTAATAATAAACCATCTTTTTTATAAAAACTTATAACATAATTATTGTTTGAATATAGTCGAGAAAATGTAACAACAGCATCAAACTTAATCTGCGAATTTTGTGCAATTCATAATGATGAGGCATCATTTACAGCTTGATTATTGAAATTAAAATAAGCATTTATTTTTTCGTCTATTAATGTAGAAGCAAAAACTTTAGAAAATAAAATTGCATGAAATGAGCCATCATGTGTTACAAGAATATTTTTAATTTTCTGTTTATGTAAAAAAATAGAATAATTATAAGCTACTGAAGAAACGGTATATTCATTCAATAAAGAAATACCTACTCCTATTTTGGATTTTACAGTTCCGTTATGAATTGTTAATGAATAATTAAAATTTTGAATATATTTTTTACCTTGATTATATGATTTTAGCGATTTAATAAAAAATGGATCATTTGATTCAGAAGAATTTCATTTTTTTAATATTTCGTCATACATAATTTACTTAAATTTATTGTCCTGTTGTCTAAAATAATTTTATTAAATTTACTATATTTTATCTAATTTTAGCTCATAAAACGTAGCATTGTAATGTAATTTCACAAAATGTAGAACCAAATTCACCATTATATTAATTTGCTATAATGTGGTGAGAATGATATCAATAATTATCACCCATTTTAATAGACCTAATGAATTATTTCAATGTATTGATTCTTTTCAAGATTTAAAAAATAAAGAAATCATTATTGTTGATGATAAATCAGATACACAAAATATTAGTTTAATAAAAAAACATTTAAACAAAATTAAAAATGATCAAATTTTTTTTATAGAATCAAAAGACAAAAATTTTTTAGGAGGAGCTAGAAACCAAGGATTAAAAATAGCTAAAGGTGATTGAATATTTTTTATTGATGATGATGACAAAGCAAATAAAAAATTTATTCAATTTTTAAATGAACAAAAATTAGATGAAAATATAGACTTTTATCGCTTTCCTTATCTAAAAGTTAATAATAAAGGTAAAGTTTTATCAAAAGTAAAAAATATTTTTCCTAAAAGTAATAAATATTCTTTTCAAATATCTACATATATTTTTAATACATTTTTTTTA
NZ_CP174166.1_gap18	610494	611671	1177	CGCAATATTCATATATTTGTTTATCAATTTGATTCATTTTTCAATTCAAATTAGAAGATGATAGCTTTTTAGGAAAAACAATAAAAGAATAATTATTCCCATACTCAATGTTATTAAAATTAGATTCAGTATGAAAGTTTAATGAATACTCTATAACTTTATATCCCTTATTTAGTAAATGCTTTATTAAATATCGATTAAATTTTTCTTTACCACCATAATTCCTTCTAGAATTAACTTCGGTTATTATTAACACATTCATATTTTTAATATTTTATTAAAATTAATAAAAAATAGTATTATCATAAATTGATCATGAAAAGAGCACTAATCATAAATGAATGGCCATCTTATTTAATAAATGAAAGTGGATGTAATGTTTTTTCTTATAAACTAATAAACTTTTTAAACGAACATAAATTTTGTGTAGATGAAATCATTCTTAAAACTCCTTTAAACAATATAAATTGAAAAACAATATATCCAAATAACAACTATAATCCAATTTTTCTAAATTTAAATTTAAAAGATAAATTTATAAACAAAATTAATTTTATCGAAGATCAAATTGAAAAAATAATAAATAATAATAAATACGATATTATCATTTCTAATTTTCATTTAGGTTTTAATAGAATCAATAAATACAAAAATTTCTTTTTTGTTCCTCACAACTCATATGAAATAATTACAAAATACGGTATAGGAACTAAAAAACGCAAATTACTTATTCCTTTTTATTGAATTATTAGGAAGTTAATTAATCACAAAAATCCTTTTTTAGCAAGTAACATTATTGTTTTTGATCCATATACTAAAAATAAAATCATAAAAACTAAAAAATACAATAATTCTAAGGTTTTTTTAGTTCCAATTTTTCATAATTTCTTTAATGAAGAAAAAGAAGTTATTTATGAAAATAAAAGAGAAAATGTTTTTTATATAGGAAGATTGGCAAATAAACAAAAGAATTTAAAATTATTAAACAAAGTAGCTGATTATATTGATATTCATGTGTATGGAGGGGGGGGTGATGAAAAAATTCTATCATCTCCAAATATTAAAAAATTTGGAATAGTTAAAGATAATAAAAAAGAAAACATATTTAAAACCAAAAAAGTTATGATAATGACTTCAAGATATGAAGGTTCTCCTATAGTTCTAATTGAAGCCTTAT
NZ_CP174166.1_gap19	613824	616976	3152	ATTAATCCAAATAATATACCAAACCCAATACCAAGACCTATACCAATATTTTCATTACTAAATGCTTCTTTTAATGCATTAATAAATTTATCCATTATTCATCCAACTGGTGCTCCAATAACAAAGACAGCTAATAAACCATAAAATAAACCAACACCTAAAGGAATAACAAAAATTGGCATAATTGCTGAAATAGTTTTATTGATATTTCAAGTATTAATTCATTTAACAGTGTAACCGATAGCTAAACCAAATAATATAGCACCTACAAATCCCATGGCAGTGGATACTTGAATTCCGCCTATTGGAAAGAGAGCATCTGCTGTATTTGCAACAACAGAAACAATAAAGGCTGGCGCAATTGCAGCTCTACCAGCAATTGAATAAGCTATATAAGCTCCTAAAGCTCCAATCATTAAAGTAAAGGCAACAGAACCTATTTTTTCTAAATAATAGAAAAAATCGCCTGGCTGCGCAGAATATTGATCTCCATAAATTATCTTACCTAAACCAACTGCCAAAGCAATACATATCCCGCCCAAAATAATGAAAGGAACCATATATGAAACTCCAGTTAAGATATGTTTCATAATTGATGTCTTTTGTTTTTCTTTTGTTTCATCTAAATTAGTAGATGATTCATTACTTATAACGGCTTTTGAAAAAGCCGTTATAATGAGTTGTTCTGGATTATGAATTGCTGGTTTGATAGCTGATTTATAAACTTTTTTATTCTTAAAACGACTTAAATTAATTCCAATATCTGCAGCAACAATAATAATATCTGCTTTATCAATCTCTTCTTGTGTAAAACTATTTTTAATACCCTGCGATCCATGAGTTTCTACTTTGATGTTATAACCCATTTTCTATCCTGCTTCAGCTAATTTTTCAGCAGCTAAATAAGTGTGGGCAACCCCTACGGGGCAAGCTGTTAAAGCTAAAATTGTTTTTTTATCATTATTTAAATCAACACTAGTTGATTTATCTTGATTAATCTTATCATCAATTGCATTATTAAGTAATTTTGCAATTTCTTTTTTATCTTTTAGAGAAACAATTTTATTAACAACATCTTTATCTAACATCATTAAAGAGATATTAGAAAGTATTTGCATATGAATGTTATTTTCATTATTTGCTGGTACTAAAATTACAAATAAATATTTAGTTAATTGGCCATCAATAGATTGTCAATCAACACCTTGTCCTTGTAAGTGAACAAAAAATAAAGCTGGTTTTTTAATTGAAACAGTTCTAGCATGAGGAACAGCAAACCCGTTTTCAAAACCTGTTGATGATTCATCTTCTCTTGCTAAAAAAGCTTTGTATAGATCTTTTTCATTAGAAGTAAGTTTTAATTCAAATGCACGTTTAGAAATTTCTTGCAATATTGTGTTTTTAGTTTTTTGCTTAATATCAAAAAATACATACTGCGGTTTTATAATTTGCATTTTTACCTCCTTATCATATTTTATTCCTAAATCTCCAAACTTAAAATAACAAAACAAATGTCAAGAATTATAAATAAACTCTGGATTAATGATTTAGCTTACATTTTGATTAATTTTTAAATGAATAAACTAAAATAATTTTAGTATGCAATCAAAAATTACAACATTAAAAATAAGACCACATTTTGAGTATCGTGTATGAGCAGGAAATAAAATAAAAAAAATATATAATCTTGAAGAAAAATCTATTGGAGAAGCTTGAATTATTTCGGCTTATAAAAATAAGTCATCAATTATTACTAATTTAGAACAAGAAATATCTCTACTAGATTTTTACAACAACAAAAACAATGCAAATTTTTTTAATAATTACAATTTAAAACATGAATATCCATTACTAACAAAAATAATTGATGCTAAACAAGATTTATCAGTTCAAATCCATCCCGATAACGAATATGCTAAAGAATTCAATTCATTAGGAAAAACAGAATGTTGATATATTTTAGATACAAATAAAAATAATTCGATTGTTCTGGGGCATAACGCTAATTCTTTAGATGAATTTAAAAATATGGTTGAGAATAAAGAATGAAAAAAATTATTAAAAGAAAAACCAATTAAAAAAGGCGATTTTATTTATGTAGAATCTACCAAAATTCACGCAATTAAATCGAACACATTAATTTTTGAATTACAACAATCTTCAGACATTACATATAGGGTATATGATTATGATCGTTTAGATAATGGTAAACCTAGAGAGTTACATTTAGATCATGTTTATAAACTAGTCAAAACACCAGATGTAACATTAGAACCTAAAGAAATAAGCAACAAAAAAGATTTTTTTGTAGCCAATAACTTATTCAATTTACAAATGATTAAAAATAAAGGAAAAAATGAATATCATTATTCTGAAGCTCAATGAGTACAAATTTGTGTTATTGAAGGGAAGGGTAAAATTAATAACATTGATGCCAAAAAATTTGATTGTTTTTTAATTGCTCATAACCAAAGTATTGATATTGATGGCAACCTTAAATGTTTAGTTTCATTTGTTAAATAAAAACTATTTCTTATTTTGATAATTTTCATGTTCTTCACGAACATTTTTTAATTTAATAAGTCAATGATTTAAACAACTTTTAGTTTTTTTAATTTTTTTCTGCTTTAATAATTCTTCACTTAATTGTGATAAAGAAAGGAACTCATTATTTTTTTTAAACTCATAAAATTCTAATTGAATAGCACTAAATTTATGAAGTAACTGGTTATCAAAAATATACTGATAATTTTCTTTGAATTGAACATTAGAATTTACTAATCGATTTTGATTATGAACATCTAAATTAAAAATTCTAGTTATTTGATTTTTAAAATCTCTTTCAATTATTGAATCAATAAAATTAAAATAAGATTTTTGAGCTCCAATTATTTGTAAAAAATCTTGAATTATTTCATTTTTTTTAATATACAAAACATAACTGTTTTTGTTTTTTATTTTATTGAAAACAACATGTTTTTTAGCAAAATCTAATATTTGATTACAATTATTTTCATTTTTAAAACTTATTTCTAAATGATAAGAAGAAGAATCTAAATTAGAAATAGAACCTGTTGATAAAAAAATGCCTGCCAAATATAAATTTGCATATTTTGCGCTTATATGATTCATTTGCGAAGAATCAACAAAAA
NZ_CP174166.1_gap20	637166	640919	3753	AAAATTGCTCAATATGAATTAGACAACATCGAGTGATTTGCAGGTAAAAACAAATTCAAGTATCGTAACAAAATAACACTTCATGATGGTTTTTTTTATCAAAAAAATTCTAAAACAAAAATAGCAATAAATGATTTTTTATTATCTTCTATAAAGTGAGATCCAAATTTAAGAGGAGATATTATTTATCGCCAATTAGATACCTTGATTTATGGGACTAAGAATGAAAAAAAATATACAAGCGATACATTGTTTGGTTTTAAATTTAGAGTTGGGTTAAATTCTTTTTATCAAATTAATAAAGAAGTCACTAAATATGCCTATCAATTTATTAGAGAAAACATTATAAAAGAAGCAAATACTTTAGATTTATATTGTGGTATTGGAACAATAAGTATTATCCTTTCACCATTTTCCAAAAAAGTTATTGGAGTTGAAATAAATAAAGAATCTTATGAAGATGCAATTTATAACAAAAAAATTAATAAAATTGATAATGTAGATTTTATTAATAAAAGTGTTGATCAATTTGTTTGTATAAATGACACTCATTTTGAAAATATTATTTTAGACCCCTCTAGAAAAGGTGTTGGTAAGCAAACAATTCAAAAAATAATTAATGATTTTTCTCCAGAAAGAATAATTTATATGTCATGTAACCCAGCAACGCAAGCGTCAGATTTTTCTTATTTAAAGGATTTTTATCAATTGGATAAAATCGTTGTATTGGATATGTTTCCTCAAACTTATCACATTGAAACTATTATAGTTTTATCAAAAAAATAAATAAAAAATAGCAATTTTGTTCAGTTATATATATTTATATTAAATATATATTATTGATAAAATATCATTGTAATTTTAGTTTAGATAATTATGAAAAAATTGTTTAAAGAAGTCTGAAAATCGTTTTCAAAATCTAAAGTAATATTAGCGGGTCTAATTATTTTGATTTTCTTAACTTCTGGAATAATAACTTTAATTTTTGATGTTACTAATTCATATAAAACACAGTTAAATAATTTCAAAAAAAAATCTGTTTTACAAGATGTTACAATGAATTCTTCATTAAATTTATATGGCACAACCCCATCAAAATTTTATGAAGCTCAGGAAACTAAGTATAAGGATAAATCTTATTTGATAGATAATCAATGAGAACATATAGAAAATAAAAACAGTTATATTGATTCAATTCAAATAAATACTGAAAGCAATTATTTTAATTTAAGAACAATTATTCCTTCATTAAATGAAGATTTATATGTAAAGACACAAGATTTAACCTACTTATTAAATGCAAATCTGAATTTAGGTAATATACAAATTCCAACACAAGGGCAAGCTGTTGAAGTAGTTCTAGATACAAAAGGAAATAATAATATAATTACCTACAAAAAGAATAGTAATGGAGATTTTTTCTCTACGATTATTTATCAAATAGACAATTTATTTGATTCATATAATAATGGATGGCAAGCTTCTAAAGATGCTAAAAATTTATATAATGCACCCGGTTGAATTACTTCACAATCTTTTAATGAGATAGTAATTGATAAAGAAAATCCAAAAAATGCATATTTGAAAAAAGCAATTAATGATAGAACTAATAATTCGAGTGAGAGCTTAAGGTATAAAAATAATCCAGATTCATTTTTAGAACTATCTTCTGAACAAGTAGGGTCGCTTTTAGGTTTTAGAAATTTTAAATTAGATAAAAATTTAGAATGAATATTAGAAGGTAATATTAACGATGTTCAGCAAATTGAAGCTAAAGATTTTTTTAGTAAAAATAATCAAATACCACCAATAAAAAATTCATTTAATTTGCAAGAAAAAATCGAAGTGACTAAAAACTTATCTATACTAAACATTCCTACAAATTGGTTTGTATATTCTCAATATAAGTATATTTTTACTAGAAAAGAAAAAATGTTAAATGGAATAAATTTTAATAATGAAGACATTCTTATCGCTAACGAATGATCTGGTTATTATAATGAATATCTAAACAATTTAAAACAAACTGATATTAATAAGTTAAAAGATTTAGCTTCTATCCATTTTTGAACAAAAGATGTTGTGATTTCTAAAGTTGATTATCTAGGAAATGAAATAAAAAAAGTTAATGAAAATAATGAAATAATTCCAGATTCTAATAATGCAACTAAATTTGATAATATTATTTTAACTACATCTGATTTAGAACTGCCGTTAATTAATAAAGAGGGACAATCAAGCACTTTATCACAATTAGAAAATATTCAAGTAAATGAAAATAACGTGCTTAAGATAAGTACTGACTTATCTTCATCAAATGAAGAATTTATCAAACAACAAGCCCAAAATTTTAAGTATAAGCAAATTTATGATGTTATTAAAAAATATACAAGTCAAATCGGAATTAGAGAAACACTTACTGTAAATGCAAATAGTCAAAAAGAAACTAATGTTTATCAATTTATTAATTTAGGAAATTCTAATAATGAAATTAATTGGAATGGAATTAACATTAAGCAAAATGTTGGTAAATTAATTAATACTAATTTAAATAACGATATTTTTAAATTACCATCAAATATAAATGCAAAATCTAATCAAGTACCTCTAGATTATGTTCCTCAAATTATTGATCAATTATTGACCGGCTTATCTTTGAACAGGGATTATATTAATCCAATGATTTCCTTTAATAGTTTTACTTATTACAATGTGGATAATTTAGAAGTAGAAGCAAGTGGAGCCAAAATAATTTGAGTAACTAAAGATGGTCAAAAAAATTTAAATGATGTTTATGGTATTTCAGCAATTCAATTAGATAAAAATAAACCTCAAGAGAAAAATTATTTTATTTTAAAAAAAGATAATAGCACTAATTCACTTCAATGGATTGTTGAAAAACAATTTATGTATAGTCAGAAAGAAGAGTTTTTCAAATATATTCAAAAGGAAAGATTAAATTTTGCTCCTTTTGATGTTGATGGAAATGATTTAAAAGTAGTGTCTGAAAAAGGATGGGCAAAACAAAATAACACTTATTCAGATAAGTACAGTGTGCCATTTCAATATTATTTACCTAATTCAGATTTAATTGAAGATTTTAATCAAGCTCAACAAAATCCAAATAGTGGAAAACATGGGATGGAAATGTTTCGTGATAATTTAATACACACTTTAACATTATCTATTAGACCGTTAATTCCTGCTTCTTTATGATCCACATTAATGGAAGGTGTAAATACAGCGTTTTCTGATTATGGTTTTGGTGCAGGATTAACACCACCAGCCGCTTTAACAACTAGTACTATTATTAGAGTTGTTTTAGGTGTTTTTTATGATTCTGTTCTAAATTCTAATGAGGCTTTTATGAATCCTCTTTTTACCAATATTTTAAATGGAATAAAAAGATCAATTAATAAGAACGGAAATGCAAGTATTTCTGAACAAAAATTAGCATTAAAAATTCAGTTAAAAAATTTAGAACGAATTCTTTCTTTAACAATTGGATCTTCTATTTCGTTATCATCGCTTGTTGATGAGCAAATTGATGACCCTTCTAGCTTGATTGATGGTCTTGATAAAATAATTTCTTCAATTAATTTAGATAAAGCAATTATTGAAATATGAGAATCATATATAGGTAAAAATTATGAAAATGACAAGTCAAATAAAACAATTGGAACAGGAGATTTTTTGCCTGCTTTATATGGAAATATTTATAGCACTGAAACACTTAAAAATGGAATTAAAGAA
NZ_CP174166.1_gap21	668604	669836	1232	CCAATATTTGCTTTTTTTGCTCTTGCTATAAAATTAAAGAAATCTATAAATTTTCCGTTAATTTCGAATTCTTCTAATATTTTATTATTAGCAGCAACACCTAATCCTTTCACAAAAGTCAAAGGCAAATACAAAGTTTTTTTCTTATCATGGTTGATATCTTTTGATATTTTATTAACCATTGGAGATTCGATATTAAATTTTAATTCTTTTGCTTCTAAAACAGTTTTATTTATCATATCGATTGAGGATGTTAATGAAATAATTCCTGAATAAAAACAAAGAGGATACCTTACTTTTAAAAATGCCATTCTGTAACTTAGAGTTGCATAAGCAACTGCATGTGATTTATTAAAACCATATTCAGCAAATTTGACAATTTGATTATAAATTTTTTGGGCAACACTTTTAGAAATATTATTATTAATTGCACCAGAAATAAATGTTTTTTCCATTTCTAAAATTTCTTCTTTTTTCTTTTTGCTAATTGCTCTTCTTAAGATGTCAGCTTTAGCGAAACTTAATCCTGCAACTTTTTGAATAATTTCCATTATTTGCTCTTGGTAAATAATTATTCCATTAGTCGTTAAAACTATTTGATCATATTCTGGAGAAATTTTATCTATTAGATTTGGGTTATTTTTATTTTCAATATATTTTGGAATATTTGACAATGGACCAGGTCTAAAAAGGGAAATAGTATCTACTAAATCATTAAATTTATTGATTCTTACTTTTTGAATTGTATTCATCATTCCATGAGATTCTAATTGGAAGATACCTAAAACTTTTGCACTAGTTAATAGTTTGTTAGTTTTTTCATCATCTAACGAAATTTTGTCAAAAGAAAAATTAATATCAAAATTTTTTTGAACTTCTCCTTCCATTTTTTTAATAATTGTTAGAGTTCTCAAACCCAATAAATCTATTTTCAATAAATCTCAGTCTTCAATATATTCCATTGAAAATTGAGTTACTAAATTTTGATCTAAATCTATTACTGGTATTGAATCTATAATCGGATTCTTAGACAAAACAACTCCTGCAGCATGAATTCCAACTTGTCTTGGCAATGATTCAATAAGTAGAGAATATTCATATAACTTAGTTAATATTTCTTCAGAATCAATTGTTGATTTGAATTTTATATTTTTTTCATATGATTCTTTTAATGAATCGCTACCAGAAATTAGTTTAGTAATTTCATTCATTCTACTAAAATTAATATTTAA
NZ_CP174166.1_gap22	702382	703427	1045	AAAATTTCTGTATTTGGTCCACAAGGGCCAGAACCAACATCTCAGAAATTTAAATCTCTAGAACCTGGAATTAAATGATCTTTTTCATAACCTAAAGATATTCATTTATCTCTTACTTCCAAATCTTCTTCAAAATATGTAATATAAATTTTATTTTGATCTAAACCAAAAACTTGTGTAACAACTTCATGAGCAAATTCAATTGCTTCTTTTTTGAAATAATCACCAATCGAAAAATTTCCTAGCATTTCAAAAAAAGTATGATGTCTTGCTGTTACGCCCACATTTTCAATATCATTAGTTCTAATAGATTTTTGCGAATTAGTTATTCGACTACAAGGCGGTTTCTTTTTTCCGGAAAAATAATCTTTTAAGGTTGCAACTCCAGAATTAATTCAAAGTAATGAAGGATCTTTGTAAGGTATTAAAGATTTTGATTCAACGAAAAGATGTCCTTTTGAAACAAAATAATCTATTCAAGCTTGTCTAATTTCTTTTGAACTTTTCATAAAACAAAATATGTAAATATTTTAAAACATTAAATTAGATTTTTTATTTTATACTGAAAAAACTAGTTGACCAAAATTAAAATTCTATTTTAATCGTAAGTTAAATTTATTGTTTTTCAATGGTTTTTGATATGTTCAAAAAATATTTATTTTAGTTTGATGTATTATGTTTATTCTCTTCATTATTATTATTGTTGTTTTCTTTATTTTGTAAAGAATCGTTGTTTAATAAAGTGTTTGAAGCTATTGAACCAAATACGATTGCAGAAATAGGCCCTAAAATGACGAAACAAAAGATACCTCATATAATTTTTTGATCTTCTAGTTCTTTGTTTTTTCAATTAGTAGATAGAATTTTAATTCCACATATGATGTCTAGAATAAATGTTACAATTGCGCCAATTAAAGTGAAAAATAATATTAATCCAATAATTCCTTTTTTCTTAATTCCTTTTGCTTGCTCTAATAAATCCATAGATATGTGCCCCTTTGTACATATAAGCTAACAAAATCTTATCATACATTAAGTCGTCAAT
NZ_CP174166.1_gap23	736637	737137	500	AAAAATCGTTGAAAATTTAGAACATATGGCAAAAATTATTGAAAATAATACCATTGATCTATTAGATTTATTTCGTTATTCAGGTAGTAAAGATAAAGTGCCGCCAATATTCTTACATCAATTATTAGGTTTTTCTTCGATTAAAAAATTAGAACATTATATTACAGATAGCAAAATTCAATTAAAAGAAATGATAATTCCATACAAAGAATTAGAAGTTCAAAATGGATTAATGGCTATGAATAAAGCAATTCAAAGATATTTAGATGCTATTGGTGATGAAGAATGAAATGTAGTTAGTCAAAATCTTGCAGCTTATTGTGAAAACGATGTTCGAGCAATGATTATGGTTTATTACTTTGTTAAATATTTAATTTCCAAAAATACACAAAAATAATGAGCATTCAACTCATTACTTTTATATGGTGCCCGAAACTGGACTTGAACCAGCACGGCATTACTGCCCGGGGATTTTAAGTCCCCTACGTCTACCATTCCGT
