gap_id	start	end	length	sequence
NZ_CP038800.1_gap1	171662	173350	1688	TTAGGCCTAATCTTAGGAGGCCTCCTATTCGGTTTCGGTATGAGTTATTCCTCTTGCTGTGCAACAGGAACTCTTACGGACTTGGTTACGGGTTTACCGCGAGCTCTTATTACTCTTTTATTTTTTGGAATAGGTGTTTTTGTAGGTCTTCCCATTCAGGCCAAACAGTCATGGATCAAAGATTCATTATTTAAAAGCGGAACAGGCAGTGGTGTCTTTATACCCGATTGGTTCGCTTCAAATGGAAAGGACGGATATCTAGGTGCAATCATTGTAACAGCTTTATTTGCAGGCATTGTTGTTGTAATTTCATATATGTATGAAAGTAAAAGGAAAAAGCAAAACAAATATTCAGGTGTAGGCTCCGAAAAAGATCAGGATGCAGTAAAAGAACTTGATACACATAACTATAAATTTTTTAGTGAAACAACTTACAAAAAACCTTTTGTTGAACCTTGGTCTTTAACTATGGGGGCTGTTTTACTTTCTGTTTTGTTTACTCTTTTGATGGGTGTTACAAAGGAAGGTTGGGGTGCCTCTACTCCTTTTGGCTTTTGGTTCGGAAGACTGTTAAAGTTTTTCGGTATGAGTGTTGATTCCATTGTTGCTTTTACCGGAGGTAAACCGAAGCCTTATACAATGCCTTTCTTTGAGCATCCGGTTTTTGTTCAGAACATAGGTATTGTGGCCGGTACTGCGATATGTCTTCTTCTTGCAGGAAGCTTTACAAAAAGCTTTACATCGGAGTTAAAAATTAGGGTAAAAGATATTATTGTTTTTGCAATCGGCGGTTTTGCGATGGGCTTTGGAACAAGGCTCTCAAACGGATGCAATGTCGGTGCCTTGTATACCCCAATTGCAAACTTTTCACTTTCAGGATGGATATTTTTAATTTGTCTTGTCGGCGGAGGTTTTTTAGGAAACTATACCTTAAAGCTGATTAATAAAAAGAAATAAGTTTAAAAAGAACCTCGAAGAGCAGTGCTTCTTCGAGGTTCTTTAAATTTCAGTTTTGGTCTATTAAAGATTCGGCTAAAATTTTTAAGGCCTGCCTTGAAACATTTCCATCGATTGAAATCGCTTCTAAAAAAAGATTTTCAGGAACAACGGCTAAAAGACAGTCTGTTACCGCAATAGCCGTGCCCGTTCTTTTTCCATTTAAAAGACAGGCGAATTCTCCAAACAGGTCTCCCTTTTCCAAATCTAAAATTTTATTTAATGTTGTAACCCTTACTGAGCCTTCTATTATGTAGTAAATATCGCTTGATATATCTTCGTAGTTAAATATTACCTCGCCGGCTTTTACTTCAATAGCTTTTTTTCTATATTCCTTGGGAGGTTCTATAAAAAGATGTCTTAAAAGCTGATTAAAAAAACCGGGGGCATCTTCTTTTGGGAGCCTGTAAAGCTGTGAAATTATAAAGCTGTTAAAAAATTGATTTACATACATAAACTGTGCAAAAAACACAAAGAAAAAAAAGAAAAACCAGACTTGAATTAAAATGAGTATTACATTTGTAAAAAGGCCGTATACAAATGTAAATTTAACCGTAGACCTAAAAAAAATTAAAAATATCTTTATAAAATAATAAGACAGGGTACAAGCTGCGGATGAAAGCAAGGCTGTCTTAAAAGAAGGTTTTATAGGCGGCATAAAATAATATATTAAACAGACAAATAGCTGCATA
NZ_CP038800.1_gap2	245514	249956	4442	AAGCTTTTACACAAAAGCTTTTTGCTTCAATTGTTTTGTTTTTTAAAACAAGAAGTTTATAATTTTCATATCTGATGGGTTCTAAGGATAAGCTTTGTTTTATTAATTCCTCTAAACGGATGGAAGTTTCTTTTTCACCCATCACGGAAATAGGACCGGTATCTTTTAAAAAATTATTTATTATATATTCTGAAAGATTGTCCGGAATTTTCCTGCAAAAGCAATGGAACAAAACACCGTGAGCTGCCAGAAAAAGAATCCCGACAAATTCTTTTTTACCTTTATCAGATGAGAAAAAGCTTTCGGCTTTTATGAAGCTATATAGTTCCCGCCCTTCATCAAAAAATCTTTTTTGCTTTTTTAAACACTCGGAAAGATTTATACATATATGCTCATATGGAAGAATCTCTTTAATAAAACTGCCGATGTTTTTTTTTGTTAATGGTATCGCAAAGAATTTCATTTAAGCTGCCTACTTTATTCCTGAAATCGGCAGTTTCCCTGTAGGAGTAAAGTCTCCGCAGAGGGCTCCGAAAGCGGCTATAAATGAAGCAGGTGAATAACTGTAAATAGCAATTGCAGTTTTCACATCCGGTATCTTTGATAAAAAAGCCGGCGATAAAACGGAAATAATGATATATTTTTTATTGGGGTAAGCAGCCGTTATTTTTTGTAAAATACTTAAGGAGTATTTGTCGGATAGGCAAAAGATAATTGTGTCAAACCGGCGGGCATGGTAAAAGGCCGAATCTACTTCTATTATTTTTGCTTTGGGAAAACGCTTTAAGCCGTATTTAAAAAAATCTTTATATGCCGAAACGAGGAGAATATCCTCATTTTCATCAGGCCTAAAAGGGATCTCGGCATCCCGAACTATTGTGGTGGAACGGCCTGCTAAATTTAAAAAGAATTTTTGTCCTTCTTTATCTGGAATTCTTTCATCCAGCTTTTCCATATCCGGCATAATGGGAACATGGTTGCTGCTTTTAAAATACTTTAATTTTTCAATCAAAATCCGAAAAGCCGCATCCTTTACCCTTTCTTTAAATTTAGGTTCATCCTTCATAGCCTTAATATTTTCTTTCCAAAAGGCTTGATAATGCCGCGGTGTTGTAGAGGATTCGATTATGTCGTTCCCTGCTTCCAGAGCCAACTTCACGGCCTTTGCAATTCCTCCTGCAAAATTCATAGCACCATGCATCATCATATCATCGGTAATTATAAGGCCTTTAAAACCCAATTCTCCGCGCAGTATATCCATTAAAAGATATTTGGAAAATGTTGCGGGTTCTCCATTAGGTAAGATTGATGAAAAGTTTAGATGCCCCGTCATAATTGCGGGAACATCCGCATCTATTAGATACTTAAAAGGAACTAATTCTCTGTTGCGGAAAATCTCTTCGGATATGCCGATTTTAGGCAAACGGCCGTGACTGTCGATGCTGGTATCTCCATGTCCCGGAAAATGCTTTGCTGTTGTAAGAACCCCCGCATCCCTGCTTCCCCGTACAAAGGCGGCTCCTAAGATTCCCGCAGCATGGGGGGAGTCCCCAAAGGAGCGGGGGCCTATTATTGATGAGTCATGATCCGTTAGAAGGTCTACAGTGGGAGCAAAGTTTAAGTTTATGCCGAGAGCCCTTATTTCTCTTGAAATATAATAACCTGAATAGTAAGAATCTTGAGGTATGCCGGAAGCTCCTATTGCAAGGTTTCCGGGGGTTTCCGAGGTTAGACCCTTTACATGCCTGACCCAGCCTCCCTCTTGATCCGTTGCTACAAAAAGCGGAATACCGAATCTGCCTTCGAGGGATTTTTTTTGTAAAAGCGAAATGGATTTAGCAAGCTTGCGGGAATCTCCGGTATTCCAGCCGAAAACCTTGATACTGCCTAATCCGGAGTCTTCAATCCATGAAATAAGCAAGTCTCCGGGATCTTGACCTGCCCAGCCAAACATAAATGTTTGAGCCAAAAGTTCCTCATCGGTCATGTTCTCAATTATTTCAGCTGCCAGTTTTTCGTTCGGCACCTTATCGTAAAAGTTAGGTAATTTTTTTGCGTCATAATTAGAGTATAGATTAAACATTAATAAAAAAATACAGAAAAAAGATATGCTCTTCTTTGTAAGTGAGATTTTAGTTTTCATAAGTTTGTTTATTCCAGCCAGTAAACCTTATCCGGAGCTTTTTCGGTTAGAAAAAAATTTTCATATCTATTTGAAGATTCTACACGTATGTCATCAGGAAAATATGTCGAATGTAAAAACCAGACAACATCCAACAAGTCTCCAAAGGAGTCCGAGCATGAATACCTGTAATAAAGCTCTATATCATCATCTTCCAAGATTTTTTTTCTTTCAGGATCCGTCTTAGTGTCGGGGTCTATAGCTTCTCTGATATTGCTTCGTAAACCGCCGTACCATGCATGGGTTACCGATAAAAGATTAAGATGCTTTTCTTTATCCATTTTATACAATTCATAAACACCTGACATAGCAGGTACAGCACGGTTAATCTGATACTTATCAGCCTTCGTAAGAGGCGACCATGTAAGAATATAGTGAGGCTGATTTTTAAATATCTTCTTTATAATTACAGGTTCCATGTCAAACATGAGTACATTATACTATTTTTTGATTAAAATTGCTATAAGGCCTTGTCAAACTTTGTATTTTTTGATATACTAACGATAATTTGGCGCCGTACCCAAGTGGTAAGGGACAGGTCTGCAAAACCTTCATTCATCAGTTCGATTCTGATCGGCGCCTTTTCCATTTTTTAGTTTTTTTTCATAATGGGAACCTCCTCAAGAGGTTCCCCTCCTTTTTTATAGCCCGTTTAGCCGTTTTATTGCCTCAACTTTTTATTTGATTAAATTAGCTATAAGGGCAGGAACAGTTATAAATGTTCCTATCGAGCTTCCAAGCGAAGAAAGAATAAAAACAAGAAGAACCTTTGTGATTCTATTTTTATACCAGCCGGATATTTTTGCTGCATCATTTGTAAGGTTTTCCATATCTCTTACCTGAGGTTTTTTTGCCCAAGCCTGTACAAGGCCTGAAATCATTCCTATACCCAAAAACGGGTTTATCGTTGTAAATGGTGCTCCTAAAAATGAGGCGAGAATAGCGAGGGGATGGCCGAGTGCAATAAGAGCTCCTATCGCTGCGAGGCCTCCGTTCCAGAGTACAAAGGATAATAGCATTTGACCGGTTTTTATGCCCCCCCCTCTAAAAAAACCTAGAACAATCAAGCCTATTATAATTATAGGAAATATCCAAGAGGCAATCTTACTTCCTGTGCTTTTCGGCGGAATTACTTCAATGTCGGATACGTCTGTTGTTTTTGTACCTGCTTCCAGTTCTTTTATAAATCGTTCCGTTCCGGGAAGATGGCCGGCTCCTAAGACAGCCACAATTTTTTTACCGCTGCTTTCCCAAATTTTTGATGCAAGATAGCGGTCTCGCTCGTCTATTAAGACGCCTTTTATGTTCGGAAGATATTCGGCCATTTCCTGCATCATGTTATCCATTGCACTTTGATTTTTTAATTTTTCGATTTCGGCTTCTTCAAGTTTTTCGTTTGAAAATGCTGCACTTAAAAGGGTTGCCAATAGTTTTGATCTTCCCCAGCCGCGGTTTTTTGCCCAAGCTCGTTTTAAGGTCGTATGAATTGGGCGGTCGACCATTTCGGTTTTTATGTTTAGTTCTTGAGAAACTTCAATTGCGGCCTTCATCTCATCGCCGGGTTTTACGCCAAGGTCGCTTCCAAGTTTTTTTTGAAAAGAGGCTAGAACCAGATTTGCAAGGAGTAAAAAGCCTTTCCCCTCCCTTAATACTTGGGAAATATTTATTTGTTGCCAAGCATCTTTTGAGGTTAAGGACTTATACCTTACTTCATCCAATTCTACACATACACAATCGGGGTTTTCTTCCCTAATTGTAGATTCAACATCATTGATACTTTCTTTAGAAACATGGGCCGTTCCTAAAAGAATAATTTCACGGTCTTTTAAAAGAATACGCTTTAAAGTTTTTTCGTTATTTTCGTCCACAGTTATTTCCTTGTTCAGAATTAGCTAACTTAATGATAGAGTTTAAAAATGCGGTTTTACCGCAGTATCTTTCTGCATCTATTGCTCCTCCGGCCATGTGTGCATGACCGCCTCCCGAACCCATGTCTTTTACTGCTTCTTGAATTAGCCAGCCTGCATCAAGGTTTTTATCACGGCTTCGTGCGGAGAGTTTATATTCAGGGCCGTCTGTTTCTATTACAATAACAAAAGAAATATCTTTTATCCAAATTAAAAAATCGGCTACAACCGACAAAATAGCTCTTGAGTAGTCTTCACTTAATTCTACAATTAAGAAATTATCTATGCGTAAATAGTTTGTAAAGGCCTGTCCTATTTCTTCGAGGTCGCAGATGTTTATGGTCGTTTTAATC
NZ_CP038800.1_gap3	257374	261253	3879	TTTTAAGACTTCATTTATTTCTTTATTCTTTTTTATCTCATATTTTCCGTAAAAATAACTTACTGTTCCCGATATAAAAATTAATCCGATAAGAATAGGATTGATAGAAGCAATAAGGCTTCCGAAAAAGAAGATGCCGACAATACTTACAATAAGGCTGCTTATTTTCTTCGGGAACTGCTGGCTTATTGAGTAATCATTATCTATCATATCTCTTGCTTTTTCCAAACTTAAAATTCCTTCTTGTGAAGCAATATTTTTATATGACATCGTCCACATTTTTTTGTAAAGCTCTGTCATAAGCTCTATTCTCCGGTAAGATCCGCGGCAATTAAACCTTGCATTGAGGAAGGTTTCAAGAGCTTTTAAGGCTGCTACAATAAAGGCTATAATCAAAAAATTTTGAATAAAGACGGAAATTCCTGCCTTATTTTGAATCGATTCTATTACCGCCCTAGGCAAGTAGGCACTTGCAAGAGGCGAAAAAACAAAGACCGGTATGTACAAAACCATCAGAAAAAAAAGAATCTTATCGGTTTTAAGAATGTTTTTTAACATATAAAGGCTGTTTTTTATAAGGCCTCTTTCTTTTGACTCCATAAGAGTTGCCCTCCAATGAGCCTTATTATACAATAAAAACTAAGGTTTTGGGAGAGAATGGCGTAGATGGTATCAGATTTGGCACAAACGGTGTTTTGAAACGGCGGCCATCTTCTGCGTTACTTCAAAAAAAACAATCCTCGACGTGCAAAAAGTACGCCTGCAGGTGTTTTTTGTTTGCGCCTTGAATCTACTCCGCCTATTTTCAAAAGAACTCATACTATATAACCGCAAAGATGCTAAGAGCGCAAAGGATTTTTTTAATTTTCTTTAAAATATACTATTTTTTTCAAATAATCCCTATAAATATAATGAGGAGGAAGAAAATAAACTAAAAAAATAATAGGAGAACACAAATGGTAAAAAGATTTGAAAATTTAACATTTACAGACGATTGATTAAAAATGTACCTCCTTGTATATTTTTAATCTAAGAGTTTTGCTGTGCAAAACTCTCGAAGCAGGAACCTCCGCCATCCATGACGGGCTTTTAACATCTTATCTTTGCGTAGACAACTTTAAATTTCGCTCAGAAACTTTGTTTCCTAACTCAACCAACGAATTGGCCATAAACTTTGTAAAAATGAGGGATTCCAAAGGACTGTAAGTCCTTTGGCAGCGCGAGTACAACCAGCGGAGCTTCAAGGTAAAAAGGGATGGGGTCAAAGGGGTAGGGGCACAACCAACGGAGTTTCGAGGTAAAACCACCGCTCTGACTTGAAAAGCCCGTAAGGGAACGGGGGGTTGTCCCTTCCCCTTTTAGAGGCTATAATAAATGCAGAGGCCTTTAATAACACTGAGGACAAAGAATTAAAAGAATTTTTAGAATACCTTAAAACAGGGAAAGCGACAAATGAATTTACAAGGGAGATAGAAACTATGATACAAGCAATAAAACAAAATGAACAGGCAAGGCAGGAATACAGGTTAATGTCTACTTTTGAAATGGACGCTATGGATAGAGGGGCTTATAAAACTAAGAGAGAAACAGCAAAAATTTTAAAACAGCTGGGGGACTCGTTGCAAAAAATTATGCAGGTTACAGGCCTCCCCGAATCCGAAATTGAAAAGCTGTAATTTTTATTTTATGTAGTAGAATTCGATTAAATTGCACATTTTTAGAAAGCTGATTTTAACGCTAGCAATGCAGTCTTGTTTTTGGGGCAATGACACTCCACATATTCCTTAATAAGGCTTTTATACTTTTCCGGTACAAACATAGGCCTAAAATGCTTTAAATTCTGAATTGACAAATCCTTAAAATCCTTATTATATTTTAAATGCGTAGATGTCGCAAAAAAATCCCGTCCGCTTCCATAATCCGCTATTATGCACTGTTTTGCAAAATGTAACATTGCCCTTTTTCTTAGGATTACTATTTCTTTTGGAGTCTCGAAGCACAGGTAATGAATATTATTATTTAAAAACCAAGTTTCTTTTTTATAATCTGTTAGTTCCAGAGAAACTAATTCTTGGTCGTGCCTGTGGTACTTTTTTGCCTGACTCCTTGAATCTGCTCCGCCTATTTTCAAAAGGCTATTTAAAACTGCGGGTTGCTGTTCAAGAGAAGCGGAAACATGAGTTCTACGGCGAAGGCGCCTTCTTCGCTTTGGCGGTTTATAAAGGCGGAATATTTTTTTACTATTGCATCGATGCGGCTTGAGCCGAAGCCGTGATCTTTACCTTCTTTTGTTGTAAGAAATTTTCCTTGGGTCTTTTTGCGGCGGCCCTCGCAAGAATTTGTAAACGAGATATAGAGATTGTCGTTTAATTTTCTTATGTACACCCTTATAAATCTTTTCTCTTTTTCTTTTAGACTTAAAGTCCCCTCAATGGCATTGTCAAAAAGGTTCCCTATTATTACGCAAAGTTCAAGGTCGCTTAAGGTTATGTTTTGAGGAATGGAGGCTTTTATGTTTAGTTTTATATCATGGGAAAGAGCGATAGCGGCCTTTGTATTTAAGATTGCATCGCTCATCAAGTTTCCGGTTTTGATTACACTGTCTACCTTAATCAAGTCATCGGTTAGATTGTTTAAATAACTTTCAAGTTCATCATAGTTTTTAAATTCAAGATAAGCCTTCATAACTTGAATATGATTATGAAAGTCGTGCCGCCAGCCGCGCATTTTTTTATAGATGGAATCTACATCCTCGTAGTATTTATTAATAAGACCGTTTTCAAAATCATCAAAACGTTTATTGACGGTTCTTCTAATTAAAAAGTACAGAAGTATAAACAGCAAAAGGATTGAGCTTAAAACAAGTATAAAAATGAACATCATGTTTCTCCTTGGGTAAAAAAGCCGATAAAGAGGGTGTTGACATTTTTATATTCCCTGCGGCTTATCGGAATTAAAGTATTATCCGCAAGGACGGCCTTGTCTTTTTGAAGCTGCCTTATGTGCATCAGGTTTGCGATAAAGGCTCTGTGAGTTTTTACAAATAGTTTGGAATTTAACTTTTCTTCCGCCTCCGATAAATTCATCCTTGTTATGTATTCGCTTTTTAAAGTTTTTATTTTTAGATTATGCGAAATAGATTCTATAAAAACAATTTCAGATTGCTTTAATTTTGTAAGGCGGCCTTCGCAGGAAAATACAAAATTTTCTTCTTTAACTTTATCCTGTTTTTTTAAGGCTCGATCCAAGCAATCAAAAAGTTTTTCTTTCTTTACAGGTTTTAAAAGATAGTGTAAAGCTTCAACATCATACCCTTCCTGCATATAGTCGGGTATACCTGTTATAAAGATGATAACTGCATCGGTTTTTGTTTTTCTTATTTTTTTGGCAAGTTCGATACCGCTTATCCTAGACATCTGTATATCCAATAAGATTATATCTATATCGGAAAGCTCTTCAAACTCAAACCAAAACTGTTCGCCTGAAGAAAAAAGTTTAATTTCCGGCAAAATATTATTTTTATTTGCCCATTCGTTTGCATAGTTTTTTAGGAGTCTGGATTGAACTTCATTATCTTCGATGACGGCTATTTTAAGCATAAAAACATTATAACAAAAAAACTAAACTATAACAATCAATATAAATGAAGGCTAGCGAAAATCGATAATTGTTATATTGATAATTAGTTGACATTATTATCAAAAAAATACTAAAATAGCCTCCATAAAATTATAAGCGAGAAAACTATGGCTATTATAATAAAAACAACGGGGAAGGCTATCCCCAAAAAAATAATGCACAACAGCGATTTTCCCGCTTCTTTAGATACTTCGGATGAATGGATCAGAAGCCACACAGGGATAGGGAGCCGCTACATAG
NZ_CP038800.1_gap4	263063	266862	3799	ATGTTATTAAAAGGAAAAAAAGCATTGGTAACAGGCTCTTCGAGAGGAATCGGAAAAGAGGTTGTTAGAAGATTCATTGAAGAGGGAGCCGAAGTTTGGGGTTTATGTACAAAACCTTCTGTAAGCAAGGCAGAAATGGAGGCATTTGCAAAAGAGAAAGGAAGCGTATTTCATGAAATATACGCCGACTGCGGCAATGCGGAATGCCTTACCGAAACGGTAAAAAAAGCCCTCGAAGAATCTGGCGGCTTTGACATACTTGTAAACAACGCAGGTATTACAAGAGACGGCCTTTCATTTAGGATGAAGCTTTCCGACTGGGAAGACGTTTTACGCGTAAACTTAACAGGCGTTTTTGTCGCCTCGCAAATTGTTTCTTCCGATATGATTAGAAAAAGAGCCGGCTCGATTATCAATATGACAAGTATCGTAGGTCTTCACGGTCAAGGAGGACAGGTCAACTATTCCGCAAGCAAGGCAGGACTCATAGGTTTTACAAAGAGCCTTGCAAAAGAAACGGCAGGAAGAGGAGTACGCGTAAACGCCATCGCCCCCGGCTATATTGAAACAGATATGACCGCCGCCGTAAACGAAGAAATGCGGAAGGCATGGGTCGAGGGAATCCCCCTTAAAAGAGCAGGACAGCCCCTAGACATAGCAAACGCCGCAGTCTTCTTGGCTTCGGACTTATCGCTTTATATAACCGCCCAAGTCCTAGGTGTCGACGGCGGACTGGGTGCATAACAGGCAATGAAGCTAAGAAACCGCTAAGTACGCCAAGAGCGCAAAGAAATTTAAAGAATGAGTTATAAAGACTCCCTAAATATTCTTTGCGGTCATTGCGATCTCTGTGGTTAAATTAAAAGAGTCTTTGTAGAGGAATTGGGAAACATGACTGAAGATGAAATTTCTAAAATAGTAATTGACTCAGCAATTGATGTCCACAAATTTTTAGGCCCCGGCCTCTTGGAAAGCAGCTATGAGCAATGTCTTTTTTACGAACTTCTTCAGGCAGGATTAAAAGTTGAACGGCAAAAGAGTTTCCCGATTCAATACAAAGAAGTAATAATCGATTCAGGATATAGAGTCGATTTGTTTGTAGAAAATAAAGTAATAGTTGAGCTAAAGACTGTTGATAAGATAGCTGATGTTCATGTTGCTCAAGTACTTACATACTTAAAATTATCAAAATGCAAACTTGGTTTATTGCTTAATTTTAATACCAAACTTTTAAAGGACGGAATTAAACGAATAGCAAATGGACTATAAAGTGCGATAGAAACCGCTAAGAACGCCAAGAGCACAAAGAAATTTAAAAAATGAGTTATAAAGACTCCCTAAATATTCTTTGCGGTCATTGCGATCTCTGCGGTTAAATTAAACAAGAAACAGTTCTGGAGGTATGATATGATTGTAAAACCAATGGTTAGGAACAATATTTGTCTAAACGCTCATCCGCAAGGATGCAAAAAAGGCGTTGAGGATCAAATAGAGTACACAAAAAAGAGAATTACCGCTGAGGTAAAAGCCGGAGCAAAGGCACCTAAAAATGTGCTGGTACTCGGCTGCTCGAACGGTTACGGACTTGCAAGCCGCATAACGGCAGCATTCGGCTATGGGGCAGCCACTATCGGCGTTTCCTTTGAAAAGGCCGGAAGCGAAACAAAGTACGGCACACCCGGCTGGTACAATAACCTGGCCTTTGACGAGGCTGCCAAGAGGGAAGGCCTTTATTCCGTAACTATAGACGGAGACGCCTTTTCCGATGAAATCAAGGCACAAGTAATCGAAGAAGCCAAAAAGAAAGGAATTAAATTCGATCTTATAGTTTACAGCTTGGCAAGTCCTGTAAGAACCGATCCCGATACAGGCATAATGCACAAGTCCGTCTTAAAGCCTTTCGGAAAGACATTTACAGGCAAGACAGTCGATCCCTTTACGGGAGAACTAAAAGAAATTTCCGCCGAACCTGCAAACGATGAAGAAGCCGCTGCAACCGTTAAGGTTATGGGAGGAGAAGACTGGGAACGCTGGATAAAGCAGCTTTCAAAAGAAGGTCTTTTAGAAGAAGGCTGCATTACCCTAGCCTATTCCTATATCGGCCCGGAGGCCACTCAAGCCCTCTACCGAAAGGGCACCATAGGAAAGGCAAAAGAACACCTTGAAGCAACTGCCCACCGCCTAAACAAAGAAAACCCGTCAATACGGGCCTTCGTTTCGGTAAACAAGGGCTTGGTAACAAGAGCAAGTGCGGTAATCCCCGTAATTCCCCTATACCTCGCTTCCTTGTTTAAGGTTATGAAAGAAAAAGGAAACCACGAGGGCTGTATTGAGCAAATTACCCGCCTTTATGCCGAAAGGCTCTACCGTAAAGACGGCACCATCCCTGTCGATGAAGAAAACAGAATCCGTATCGACGACTGGGAGCTTGAAGAAGACGTTCAAAAGGCAGTTTCAGCTTTAATGGAAAAGGTAACAAGCGAAAATGCCGAAAGCCTAACCGACCTTGCAGGCTACCGCCACGACTTTTTAGCCTCAAACGGCTTTGATGTCGAAGGCATCAACTACGAAGCCGAAGTAGAAAGGTTCGACAGGATTTAAATGAGGTAATGGCAAAAAAAGCTAAAACGGATATTCGATCTTCGGCGGCGGAGTATTTGACTTTTGTTGCTGCAGGCGGTAAAAGCGCTGAAAATATCGAAATACGGTATGAAGATGAAAATATTTGGCTGACTCAAAAAATGATGGCTGTTTTGTATGATGTTGATGTAAGAACAGTCAACTATCATATTAAGAAAATTTTTATTGATAGTGAATTGCAGGAAAATTCAGTTATCCGAAATTTTCGGATAACTGCCGCTGACGGAAAAGACTATGACACAAAACACTACGGATTGCAAATGATTATTGCCGTAGGCTTTAAAGTTAATTCTGAGCGGGCGGTGCAATTTAGAAAATGGGTCAACCGTATTACAAAAGAGTACACAATCAAAGGCTGGGTCATGGATTCGGAACGGCTGAAAAAAGGCTCTTTTCTTACAGACAAATATTTTGAAGAACAGCTGGAGCGGGTTAGAGAAATCAGGGCAAGCGAACGCAAGTTCTATCAAAAGATTACCGACCTGTATGCAACTGCTTTAGACTACGATAAAACAGCCGCTGCTACCAAAAGGTTTTATGCAACGGTACAAAACAAAATGCATTTTGCCGTCCACGGGCATACGGCTGCGGAGCTTATTTATGAGCGTGCCGACAGTACGCAACCGCACATGGGACTGACTACATGGCAGGATGCTCCCGAAGGCAAAATTAAAAAATCCGATGTTATTATTGCAAAAAACTACTTAAGCGAGACAGAACTTTCGCAGTTAAACCGGATGGTAACTTCATATCTCGACTTTGCAGAAAATATGGCGTTGCGGAAGATTCCGCTTACCATGCAAGATTGGGAAACGCGGCTTACCGGTTTTATCGAAATGTTCGAATACGGACTTTTAAAAGACGCGGGAAAGGTATCTGCGGAAATTGCAAAACTGCATGCCGAAACCGAATTTGAAAAATACCGCATCATTCAGGATAAGACCTTTGTTTCCGATTTTGACAAATACTTAGCGGAATTGGAAAATACCATTAGCGGATAATTATAAAATATGGAAGATTATAATAAAGAGTTTAAAATCGATATTCCTAAAAAACAAAGTGCACTTAAAGCTGAAATCATCTCTTTTTTAAATAGCACCAATGGAGAAATATATTTAGGTGTAGATGACAGCGGAACTATACATTATGATCTTATAAA
NZ_CP038800.1_gap5	268341	272057	3716	TATACCGTTATGTTCTTTCATATAATTACAGTGATGATGAGCAGTATTTCAGTTTTATAGTATATAAAAATTATCCTCTTTGCCGGATTCCCCAATTACAGGAAAAGGAGGATATCCCAAAAGAATTAACATGGAAACTTTTTAAATATGCATACGAAATCGCCGGCAAGCCGGCTGAGGTGAAAAAGCTGCTTTCTTATTCTGCGAAAAATTCTTATATCCGCATATATGATGATAAGGACTCTCTTTTACTATTTATTACAGGGGAAAAAATTCTGGATATGTTCGACACATTGTTTGGAAAAGATATCGCCGAAATCGAAATCGAAGAAAGAAATTTGAAAAGCCTTTTTACCGCCGAAAGCATTCATGATGGCCGAGAAGTCCTTGTGCATTATTCATTTATGGATGATGACAAAATTATGAAGCTGTATATTTACAAAGACACAAAAGAAATGAATATAACAACCGATACCGGAGTTCTAAAAGTAAACCTTTCAGAAGAAGCGTATAGAATTTTAAGCAGCCCTAAAAGCTTTCAAAAAGAATTCGAAAAAAGAAGATGATAAAAAATGAAGTTTATGGATAGTTGGAAATGAATAATGTAATTATACAATACCAATTAAAGGACTAAACACTTATGAAAAAATTTTTGACGGTATTATTTTTAACAGGACTGTTGACAGCGAGTATCGCAGCAGCAGAAAATTCTGCGAAAACTGCTGGCACAGGAAAGGCTATACTCGGAATAAGTCCGCATGGAAAAGATATAAGCATAAAGGCGGTAACGGCAGACGGCTCGCCCGTACAGGTAGAAGGCTGCACGGTTACGGAATTCCCGAGCGGCGAAGAAACGGTACTTACGGCAACGGGAACAAAGGTTGTCCTTAAAGGTGCTCTTATCGAGCTGTTCTGTTATGCTAACAAACTTACCGCGCTTGATGTCCGCGGTTTAACGGCTTTGCAGGAGCTGTATTGCCAAAACAATATGCTTACTTCGCTTGATGTACGGGAATTAACCGGCTTACATACGCTGTATTGCGGCAAAAATTGGTTTACCGCACTGGATATACGTGGGTTGACCGCTTTGCAGGAGCTGTACTGCAATGATAACGAAATCGCATCCCTCGATGCACGGGGGCTTACCGCGCTGCAGGCACTGCACTGTGACAATAACCGGCTGACATCCCTTGATGTGCAGGGGCTGACTGCTTTACAGGAGCTGGATTGCAGTTCCAATGCAATCGCTTCCATCGATGTACGGGGACTTACCGGCTTACGTATACTGTACTGTGAAAATAACCGGCTAACCTCCCTCGATGTACAGGGTCTGACTGCTTTACAGAAGCTGGATTGCAGTTCCAATGCAATCGCTTCCATCGATGTACGGGGACTTACCGGCTTACGTATGCTGTACTGTGAAAATAACCGGCTAACCTCCCTCGATGTACAGGGGCTGACTGCTTTACAGAAGCTGGTGTGCTCGGATAATCAGCTTACCGCACTCAATGTGCAGGGCTTACCCGCCTTACAGGCGCTGGTTTTTCAGCATAACCGCCTTGAAGAAGATGCCCTTATACGGATACTCAACAGTTTGCCCGACCGCAAAACGGATGAAGAAGCCGAAGCCGTATTTTACACGGAAGAGGATAGTAGGAATGAAGGAAACTATACGGATTGGAGTTCTTCCGCCGGTCTGCAAGCAGCAATAAAAACTGCAAGAGCAAAAAATTGGACGATTTATAAGCAGACTGTCGGAGAAGATTTTGAAGAGCTTGAGGTGACGGAGGAATCGGAGCGCGGTACAGGCTTCGTGGCGCCGCCGTTCCAATCGATAAAACCTACACGGTAAAAGGTATACGTTTTGCGATGAAGCCTATAGCTGCGGTACAAGGCGCAGTACTGGGCGATAATAACATGGAGGATAACCAAGAACACTCGGTCAGCCTGTCAGCGTATTATATAGGCGAAACGGAAGTAACGCAGGAGCGGCAGGTATGAATACCTCCCGCACGAATAAGACAAATCATTTTAGTAATGGAGGCCTTTGTTATGTACGAACCACTTTTTGAACAAATAAAATCGGTGCCGATAATATTATTTTTTATTACAGTAGCTACATTGTTTGCCGGTGAACGTAATTTACAACAAAGAGCCGTCTATCATCTGAAAATTTCTTCGGCAGAGCAATTTACGATAAATGTATACTTTCAGCATAAAAAGGAAAACATACACGCAAACCGGGACCTTTACAAAATCGATCAAGCCACGCGTGATCGCGAACTTAAAACACAAGGGGTTGGCAGGGTTTTGGCGCAAAATGTTAATGTTTTTACACATAATGAATTTGACGTTGATTAATAAGGATGGGGAATATGAGACAGCTTGCATTTTTATTAGTATGTATGCTGAGCGTAACGGCTGCATTGGGCGCCGAACACACTGCTGGAAAGACTGCGGTAAACGAAGCTCAGACGGAATCTGAAAAATCCATAGTACATCTCACCTGGAATAAGGACGGCACAGCAATCGCCAAAGCCCTTATCGGCGACGAGGTAACATTGTGCGCCGGCACGAAAAATATTCCCGATGGAACGAGCGCGGTAATCAAAATCATAGAAAAAGCCGCCGGCGGCAATGACGCCGATGTTGCAACGCTTACGGCGCCGGTGCGGAACAACACCATTGAATGCGCGTGGAAAATCGTTTATGCCGCCGGTGAGGATGATACAAACAGCGAAGAAGATGAAAACGTCTATGCACTGCCGGAATACGCATTTATAATCGAGTGCGGAGGGATAAGGAGCAAAGAAAGCGGGCTGCTTGCGGTGCGGGGAGGCTTACAAGTCATCGTAAAAGATGCCCAATCAAACGCTCCTCTGAAAAATACGAAGGTTTCGATTTTACAAAACGGCTTCATGTATAAAACCGTTGAGACGGATGATAAAGGGTATTTTGAATTGTTCGATATACCGATTGGAAAATTTGAAGTAAAGCCGGAAAGCTCGGACTATTACGGCGATTTTTTGACGGATCAATATATGAACGAAGTCGATACTGATTCAGAGGAATATCAAGAAATTCTAACGTATTTGGCTCGTCATAAAAAACAAACGAAGGAACTCTTAAAGCCGATTGATGTGGAAATAACGTATCACAATACATCAGAGTCTCAAAAGGATGCATATTTTAAGATATATACTCATATTTTAAAGCAAAAAAATAAGGGATACGAAAAAGAGCGAACTGAATTACATGCAATGTACCAAACAATCAATACATTTTTTGCACTGACGGCAGGAGGGGGAACCTATTTCGGTCATCAAGCAGAACGGATTTGCGCTTATGTGGAATATGATTTGACCTATTTGAAAAAATCCGAAACCGCCGTAAAAGAGCGTACATTATCCGAAGCTGAAAAATCCGATTTTGAGTATTTTTTGTGGACTGTCGGGACTCAAAACATCGATATGCAGCAATATATGGTAAATGAAGGGAATTTGGGATATGCAAAAATTATGCATGCGGCAATTAACGCGATGACAAACCTTGAATCGTATCTACGCAATACTTTTTACTATGAACGCGCCTATAACTATATCAATCTCACCATGCTGAAAAAGATTGGGGGGCGCTCAGGTGATGAAGAAGCCACAGCCGTATTTTACACGGAAGAGGATAATCGGAGTGAAGGAAACTATACGGATTGGAGCTCT
NZ_CP038800.1_gap6	321503	323331	1828	CTTAGGAGTTCCTTTATTTAATACTTCTAATACCAAGTTCGCCGTTAATCCCCGGATATATCCCGGAGGGTCGATAAATATCGGCTTTAGTTATTATGTACTGAACGGCTTCTCATTGGGCGGGAGTTTGAGCTTTCATTTTTATCCTACAATTGCAAAGAATTTATATTTTGCAGTTCCAATCACCTTTGATATGGCTTATACCTTTGCTAAAGGAAAATGGCGTTTCCCTTTAGGAGGAGGCGTGGGAGCTGCTTTTCAATCTTATAATGGGAACGGCGGTAGATATTTTGGAATGCTTTTTAAATTTGATGCGGGGGTATACTATCAATATTCGCCGGAATGGTCCTTTGGAGGAGATGTATCATGGAATGTTTTACCTCAATGGTATAAGGATACAACCCATAATAGAACCGGTAATATTCTAGGAATTAGTTTTGCTGCCCGGTATCACTTTTAATCTTTAGGAGTTTAATGTATGAAAACAAAAAAATACATTCTTATAGCTATCTTAGGTATACTGTTATTTGCTTCATGTCAAAACCAGCCTATTTTTTCGGCAATTGAGCAGGAAATACATTTAAAAAATTTTTCTGTTGATGGCAATATCATAGGCATTATAAATGTAGGGGCTAATGTATATGCTGCAAGCCCTGCAAAAATATATTCAAAAGGAAACGGTTCTGATGCGATTTGGAGTGAAATTTTAGATGCCGGAAGAATTACCGGTTTAGCTTCAGACGGAACAAATATCTTTGTATCATTTCAATCCGGGAAAGTCAAGTTTCTCGATACAAACAATGAATGGAAAGATATTCCGCATACTGAAAATATTCAACGTGTTTTTGGGAATAAAACGGTTTTCGGTTATGATTCAAGCAATAAAAAAGTATATAAAATATCTACAAGCAGTAGTCAAGAAATATTAGCTGACGATAATAGCATTATTTCTGCTGCAAATGACTATTTTTTAATAACCGGCAAATCTAAAACGGACAATGAAGCGGCTGTTTCGCCTAAGCTGTATAAGGGGGCGGCCTTACAAAACGGTCTGCCTGAAAAAGCAATTAATATTTGTGCTTTTGATAATGACAATATCTTTGTCTTGGCGGATTCAAGCCTATATTATTATACAGACAATGGGACTTGGAATAACAAAATAGAGATTAAAAAAGATAAAGTTCCATTTACTATCTCTTACTTTAAGGAAAGAAAAACAGTTTTGATCGGCTGTATAAAAGGATATACGGAGATAAAATTAGATAATGACAATCCTACGGATCTTTCAAAGGCAAAACAGCTTAATCCCGGTGAAGAAGGATCTACAACTCCTCCTGATTCTAATGCTCAATATCAATCTGCCATAGGTTTGTATGTTACTTCGCCTATCTTAGGCGTTGGTAGAGGAGACTCTACTTATGCTCTTTTTGTAGGCATACATGCAGGTGCCATCTATAGGAATACGGGCCTTTGGGGCTTTTATAGCGATAAAAAATGCGAATGGAACCGTGAGTAAGGATCTTTTTGAAGCTGCGGCTTCAAGTTCTAAACAAAATGAACCTCTTGCCTCCCGCATGAGGCCTGTCAGCTTGGACGAATATATAGGCCAAGAACACATAATCGGAAAGGGATGTCTTTTAAGGCGGGCAATCCAAGCTGATAGGCTTTCTTCACTTATTTTTTTCGGGCCCCCCGGAACAGGAAAAACAACCCTTGCCAGAGTTATCGCAAATACAACCAAAAGCAATTTTTTAAGTTTAAATGCCGTTTTAGCAGGTGTGCAGCAGATAAGGGAAGCCGTAACCAATGCTGAGGAAAACAAAAAGCT
NZ_CP038800.1_gap7	407113	409794	2681	AAAAGCTTTTTTCAGATGATGAAAATGCGGCACAAGCCGGAAAGTTGGGGCTTTTATCCAAGGCCGATAAAAAAGACTTATCAAAAAAACTTTCTTCGCAAACCGAGGCAGCACAGGAAAATTTAAACAAAAAGCCGGTTTCCAAGTCTAAACTGAAGATTTCCGTAGAAGATTTACGCTCAATGCCTTCTGCCCAATCGGATGCTGCCATTCATACCACAGCTTCCGAGTCTCGGGTTGAAACGGACAATTCCGTCGATATGGTAATCGATTTTAGCGGCAAAGCTCAAAATACATCACAGGGCGGAGATCTTCAAAACAGTCAAAACGGAAGCGAAGCTCAAAAAACAAACCAAACTTTTTCTGCTATGTTGACTCAAGAAATACGGGAAGCTGCAGCAGACTTTGTACAAGCCGGAAAAATAGTTCTCCGCGACAATAATGCAGGAGAAATAAGGCTCCATCTAAGACCTGAAAATCTGGGAGCCGTAAAAATCAATTTAGAGTTGAGCGAGGGAAAAAGGGTTACCGGAACAGTAACTGTTGCCTCGAAAGAAGCTTACGATGCCTTTGAAAAAAATTTGGATAATTTGGCTAAAGAATTTAAACAAAACGGATTTGAATTTGCCGAATTTAATTTAAATTGGTCGGGCTTTTCGGGTCAAGAGGGTTTTGCCGAAAATTTTGAATCTTTTGCAGGATTTGCCTATAAAAATCAAGAACAAGATTTAAGGCAGCTTGAAAAAACGGCCGATAATCTGAGTACCTACAGTTACATCTACGGTTCGACTGTAGATCTTTTGGCTTAAAGAGGTAGTTTATGCAGGTAAACAATGTTAATAACAGTATGATAAATACCGCTCTTGAACAGGCGGAAATGATGAAGGGTTTTAAATCCGAGATGAGTCCTGAAGAAAAAGCTCTTTTAGGTATGCAGGTTGACACCTTAAATAAGCAGAATTTTGCAGAAACAAGGGTTCCGAAACAGCAGCTTGGAAAAGACGATTTTCTTCAGCTTTTAATTGCCCAGCTAACCCATCAAGATCCTACATCTCCGATGGAAGACACTCAATTTATAGGGCAAATGGCTCAATTTTCATCCCTTGAGCAGATGACCAATATGAACAAAAACTTTGCAGCCTTAAATGAGCTTATGACAGGCTCATCGGCAGTAAATGCCGTCGGCAAAAAAGTTGACTTAGACCTAGGGTCTTCACAGGTTTCCGGTTATATTTCAGCGGCAACACGCGGTATAAATCCGGAAGTTATGGTAAACGGAAACTGGTATAACTGGTCAGCCGTTAAAACAGTTTATGCAGAAAACAATTAGGAGGCAATAATTATGATGAGATCATTATTTTCGGGCGTAACCGGAATGCAAAACCACCAAACAAGAATGGATGTTATCGGAAATAACGTAGCCAATGTAAATACAACAGGTTTTAAGAGGGGAAGAGTAAACTTTCAAGACTTAATTTCACAGCAGCTAAGCGGGGCATCCCGTCCTACCGAGGAGCTTGGCGGTGTAAACCCTAAAGAAGTCGGCTTGGGAATGATGGTTGCAAGCATTGATACAATCTTTACACAGGGAGCCTTGCAGACAACAGGCGTCAATACCGATCTTGCAATACAGGGAAACGGCTTTTTTATTCTTAAAGACGGAGAAAAAACCTTTTACACAAGGGCCGGTGCCTTCGGTCTTGATAGAGACGGAACCTTGGTAAATCCCGCAAACGGAATGAGAGTGCAAGGCTGGATGGCTGAAGAAGCTGACGGTCTTAGACTTATCAATACCTCAGGTCAAACTGAAGACTTAACTATTCCGATCGGTCAAAAAATAGATGCAAAGGCAACAACGAGTGTAGACTATGCTTGTAACCTTGATAAAAGATTACCGGAGTTACCCGAAAATGCAAATAGAGCCCAGATTTTGGAATCTACTTGGTCTACCGAATTTAAGGTTTATGATAGCTTCGGAGAAGCCCATGAACTTCAGATCGATTTTGCCAGAGTACCCGGAGAAGTTAATGCTTGGAGGGCTACGGTAAATGTCGATCCTACAAATGCTGAAGCTGCGGCAACCAGATCGGGAATCGGAACAACCGATGGTGTTGAAAACAGCTTTATAGTCCGCTTTGACAATAACGGTCATCTTGCTTCGGTTACAGACACGGCAGGAAATGTAAGCGCTCCCGCAGGTAAGGTTTCCGTTCAAGTTTCTTTTAATGTTTTAGGAGCAAACCCCGGAGAAGGCGGAGCTCCGACCAGACAAACCTTGGATGTAAATTTAGGAGAAATAGGTACATCAAAAAATACCATTACACAGTTTTCCGATAAGAGTACTACAAAGGCTTATCAACAGGACGGATACGGCATGGGCTATCTTGAAAACTTTAGAATCGACCAAAGCGGTGTTATCACAGGTGTCTATTCAAACGGGGTAAGGCAGGAACTGGGTCAAATAGCTATGGCCGGTTTTGCCAATCAGGGCGGTCTTGAAAAAGCCGGACAAAATACCTATGTTCAGTCAAATAACTCCGGTATTGCAAATGTTTCTACATCGGGCACAGTCGGAAAGGGCTCTTTGATAGGCGGTACTCTCGAAATGAGTAATGTAGATTTAACCGACCAATTTGTAGACATGATCGTAACTCAAAAAGGCTTTCAGGCAGGAGCTAAAA
NZ_CP038800.1_gap8	419437	421795	2358	CGCAAAAAAGATAAAAATAGAATTGAACTATTATATCCTCTAAACGGAGAGACGGTGAGGGGCGAGTTTAATATTTATGGAAGATTAATCCTTGACAAAAAAGTTGAAGAAGCTTCTTTATTTATTGATGGAAAAGAAATTGAAAAAGCTCCCGTATCGAAAACAGGTTATGTAGCATTTAAGTTGAATTCCGAAAAGATCTCTCAAGGAAAGTATAACCTTGAGTTAAGAGCTAATCAGCCTGGAAGAGGTGTGCTCTCGTCAAATATACATACTATAAATTATGAAACATCAGGTCCTTGGATTACTATTGATAATTTTGCAATGGGTGACTTTGCGATTGAAAGACCCTACCTTAGAGGCCGTGCAGGTTACACCGTTTCTGAGGAAGAACAAAATCATGTTTCCTCAAAAGAAGCAACATCTGAGGATAAGAGGGCTTTTAAAGAAAAGAAACTTAAGCAAATAGAAATAAGCTTTGATAACGGAAAAACATTTATTCCCATTAATTCTAAGGCTAACTGGAAGTATAGGCTTGAAACTGAAGATTTGGCTCAAGGAAATCACTTCCTATTAGTAAGAGCTATTATGGAAAATAAGGAGATTGCAGTCTGCCGTACAATAGTTAAAATAGATAAGACGATTCCCAATGTAACCCTTATCTCACCCGGTGCAGGAGGCCGCTATAATAATTCGATTGAATTCAGCGGGTTATCCTCGGATGATATAGAGCTTGAAAGCGTTCATGCTCTTTTGAGAAAAGGTGATAAGGCAAGGTATGAATTACCAAAATTTATTCAAGGCTTACATTTTGAAACGGCTTTTTGGGGTGCATCTCTTTGGAATGTGGGTATGGGTTTGAGCTTCTTTGATGATAATGTAAAACTTCAAGTTCATTATGGACAGTTTTTACAAAGTCAATTTAATGTAATATACGGTAACCAGAGAATCAGATATGGCGGTCATATAGTTTCATTAAAGCTTTTGGCAAATGTATTTGAAATGCCCTTCGGTTATTATTTTGGACCCGATTGGAAATGGCTATACATGGATGTAGCTCTAGGTGCTGAGTTTTCTCTTTTTACAGACACACAGAGCGGAAGACCTCAAGTATTATCGGCCTTGCTTATGCAGCTTGAGTTTCCACGTGTAAAATTCTATAAGCAAAAGTACTTTAGTTCACTTTCGTTTTTTACTGAAGGACAGTTATGGTTTATACCTACGGATGTGGACTCAAGCAATTTATCTGTAATCAAGTCGATTACCCCCCACATCTCGGCCGGTATAAGAGTTGATATATTTTAGTATAAACATTAAACGCTGATAAAGTAAAATCAAATAAAACCTCGAAAAGCGGAAGTTTTTCGAGGTTTTTTATTGTTAAACATCTTTGCTTAAATCGGCAATAGTTGTTTTGCTAAGCGAATCCTTCATTGCTTTTTGGGCATCATCTAACTTATCATCAAGCACAAGATGAATTTTGCTTCCCACAGGACATTTAGGATTGGGCTTAGGATGAAAATTAAAAATATCCCTTTCTTCCTCGCCCTCATTGATTGCATTGTAAACATCGAGAAGCGTTATTTTATCTGCAGCTTGAGCCAAGTGCGATCCGCCAATACCTGCGGCAGTTTCTACAAGTCCCGCTTTTTGTAACTGAAGCAAAATTTTTCTTATGATAACGGCATTTACACCCGTACTTGCAGAAATAAAATCCGAAGTAACGCGCATATCTTTTTCAAAATACCGGATACACAAAAGAGTATGGACCGCTGCCGTAAAACGAACACTTATTTTCATATTTCCAATTATACCATTTTCTTCAAGACTTCGCCAATATCATCATTGATACAGATAGATCTCTTTTCTATTTTAAGCGGCACGGCGGCTTCTCCAAAATTGATGCAGGCATAACCTGCATTCGGATTTTTTTCAGTCATCTGCCAAAACGGATACTTTATAATTCCGGGTGTGTTTCCGCCGAAGTTTTCCTTCTCCTGTTTTATAACAGTGCTAGGGCCTTCGGACTTCTCATTTTAGACGAATTCACTTCTGTCGACAAGTCCCATTCCTCCTCATCTGGCACTTCCTAAAATTTTTTGTTATAATGATGATATGCAAATAAGCTTAGAAAATATAAAGAATAAAAAAGTAACCGTTATGGGGCTTGGACTAAATGGGGGCGGGCTTGCGACTGCTCAATTTTTTGCCCGATATGGAGCCGAGGTTACAGTAACCGATTTAAAAACTTCGGAAGAATTAAGGCCGTCAATCGAAAAACTTTCCGCTTTTAAGAATATTCGATTTGTGTTGGGTGAACATAGAATAGAGGATTTTAGGGAAGCCGATCTTGTCATC
NZ_CP038800.1_gap9	435214	437056	1842	CCAATTAGGGGTGCTTTTTTCTTTTTTCCGACAAAAGAAAGAAGCACCCCTATGACCCCGAAAAAAGAAAAGTGCGGCTTAGGGGCTTACGCCCCTAAGAACCCCGGTTTTCAAAGGGAAGGGTTTAGTTTTGTTTGGATTGGCGAGTCCCAATCCGAAAAGGACATTTTGGTATATAAAACGGAATATCTTTTTCCGTGTTTTATGAGATAGTTGATTGTTTGTAAAAAAGTTGTGCTGTTTGCCAAATGTAACCAGCCTTTTTGCAAATAGGTGAGGTAGATGCTAGGAGCATACAAAAAACATCCGCAGGCCTCTTAATGGTGCTTTTTAAGGAGGCTTTTTGTTTCTTCTATCGAAGTTTGAATAGCCTTAACGGTTAGGTCAATCAGATCGGTTAAGACCTTTGTTTTGTGCCTTCCCGTAAGGTTTGTTTTAAGTTTCTTTTTCTTCATAATCCTAACTTACACCTTAAATTTAGAAACCTCGTTTGCCAAATTCTCAATACTTTGCTTATTTTTTTGACTTATTGCGTTTACTTCTTGTACGGCATTGCTGATTTGCACGGCACCGGAAGCCATCTCATTCATGCTGTCGGTGATGACGCGCGTAAGCTCATCGAGCTTTTGCATCTCCTGAGCTACATTTTCGCCGCCGCGGAGCATCTCGGCGGAGCCGTCGTTTACTTGGTTCGTTACCATGTTTATGTCGCGGATAGCTGATAAAACTTCCTTACTGCCGTTTTCTTGTTCACGCATAGCGTCCATTAGGTTTTGGCTCATCGTTTTTACCTGCTCGGAAAGAGCGAAAATGGCATTGAACTTTTCTTCTGCCGTTTTTGAAGAGGCAGAAAGAGCCTCAATCTCGCCCGAAAGAACTTTTAGGGTCGCCGTGATTGTTTTGCCTTGAGTGCTTGATTCTTCTGCGAGCTTACGGATTTCGTCGGCAACAACGGCAAAACCTTTGCCCGCTTCTCCTGCGTGGGCGGCTTCTATGGCGGCGTTCATTGCGAGCAAGTTGGTCTGGCTGGCGATGTGCTGAATAACACTTGAAGCCTCCAATAGACCGCCGGACTCTTCTGCAATGCGCTGGGTTGCGCTGTTTGCACTGGTTACCGTTTCCTTACCGTCGGCGGTAGCACTTGCAAGATCTTTTACTACATTGTTTGTTTTACCCAAAGTTTGAGTGATTGAAGCGATATTGCCGACCATCTGCTCGATAGCTGAAGAAGACTCGGCAACGGAAGCTGCTTGATTTTCGATACTGCCGTTAAGCTGTTTTATTGTGCGGATAATTTCTTCTACTGTTGCAGCCGTTTCGGTAACACTTGCAGCTTGGGTCAAAGCCTGCTGTTTGACACCGTCGATGTTGGCACTTATTTGGTGTACGGCACTGGCGGTTTCGGTCATATTGGAAGCAAGCTCGTTGCCGATATTTTCCATATCGATGCTGTTAAGACTTACTTGCTTAATCGACGAACCTATTTTGGAAATGGTTTCATTGAAGTATTCCGATAAATCGGTTACTTCGTCATTGCCGTGTACGGGAAGACGAACGGTAAGGTCTCCTTCGCCTTGGGCAATGTCCTTTAAAGCGTTTACAACAACTTTTATCGGCTTTATCATTTGGCGGGTAACAAAGAAAACGATAACCAAACCGGCGGCTAAAATAATTAACCCGATGATAATCATTTTAAGGTGCAGTTCATCAACCGTATTCATAAATTCTTCAACGGGTGCTTTAATGATAACCTTCCAACGAGTAGTTTTCATTGCGGCATAAGAAGCGATGAAGGATTCGCCTTTATAAGTATAGTATCTGATTTCACTTTTATCGGTTGCA
NZ_CP038800.1_gap10	498277	502107	3830	AATTGCTTAAAGTAAGCAGCTCCTATATGATATGCAGAATTAAGACCGTCAATTTTGCTTATTGCATTGTTAAGACTCTCCATACGCGTTTTTGTGTTTTCTGAAAGCTCAAAATTTTCCGCACTTTGAGCTGCCGTAATTTCTTTAAAAGCAAACCTTCGTCTCATAGCAAAATCCATGCTTTCAACGCTGCGGTCAATATCGTTCATTGTACCTATGATGTAAACATTTTCGGGAACATAAAAACCGTCTTCAAAAATGTCGCCTGTTTCAACAAGATTCTGATACTGTGTTTTTACCAGTCCTTTTTTACCACGGTAACCGGGATCAACGGAAAAGAAAAGTTCTCCAAAAATTTTACTTATTTCTCCACGATTGATTTCATCAATAATAAAAATAAAATCTTTTTGCTTTATAGGTTCGGAGATTTCCAAAATACTTGAAGAATTTTGATTTGTATAAATCCAATTTAATGCAGCCCAATATGCAGAAGAATGAGAGCCTCCTATCACATTTCTAAATTCTTTATCAATATTTTTTATATTATCCAAACTTTGTTTATCAACAAACACTTTTGACAGTTTTTCAAGACGATCGTAAGAAACAATGTATGTTGTTTCTTTCCCGGAAGCCTTTGTTTTAACAACGATATTATCATTATCTGTTACTTGTAAAATATCCAGAGGGATATTTGTTCTTTGATGTAACTCCTTTAAATCTCCATTACGTATCTTATCAAGCAATTCAAAAAATTTATCTTTGAAGGAAACTTCTTTCTGCATTTCATGAATAGATTTTTTACTATCTTGTAAATTCTTAACGGCTTTTTTACAGAAAGCCTTAAAGGCTCCATCCTTGCGTTCAAACATCATGTTAGTTTTATCGGTATTATTTACAGGTCTTAACCCTTCAACAAAATCCGTATAGTCATAACTTGGATGAAACTGAACAAATTCCGTTTCTGCATCCATGAGTTTAGCTATCTGTTTTGCAAGATATGTTTTCCCGGTTCCGGGAGCACCGTGTAGAATTATATTGTGGTGCTTTTTAAGGAAATTTTTGTAATTTTGTATATTTGTTTTGAGGATTAAATCATTTGTATCAGGTTCATCCTCTTCTTGTTCAGTATTATCTTTTTTTGCTTCCGGACTATTTTCCCAAATACTCCATAATTCATCTCCTTTTTGCCATATAGTTTTTTTAGAATCAGTGTTTGAAAGTATAATTTGCTGCATTTTTGAAATGGGACTGTTAATAGTGAAATTATTATCTTTATTTGCTAAATATAATATTGCTTTTGGTAAATAAATATTTAGCAGTTTTTTATTAGAGTATAAAAAAGCAATTTTCCATTTATATGCATCGCCTAAATCAATTAAATCTATTTCTTCAAAATGACCTTTTTGAGATGCTTCAATAATTCTGATTATATTTGAGTGTACATTTTCATAGGCTTCCTGTCGATCTTTCCTGTATTTACTATACCAAGCATATTCATTGTCGGATAAAGTTCCATTTCTCCCTTTATTTTACCGCCTATTTTAAATATTCCAAATTTATAAGCTGATCCGCCCCATATTGAACCTAGCTTTTCTGTTTTTTTCTCAACCCAATAACAAAATGAGTTACTCCTCTCCGTATTTGTATATTCTTCCAAAGTTAAATTTCGTACTCTTTCTAAAGGAAATTCATTGTTGAATTCTTCATAAATTTTATCCTTTTCTCGTTCAATAACATCAGTTAACATTTATTCATCTCCATTCTATATAAGATTTTTTAATATGCCGGAAAAATAAAAATAGTTTTATTTTTCATCTATGTTTTATTAAATGAATATCAGATTAATGTGTGTGTCAGGTTATTCTTATATATTAAGCTCTACCTCCAAAATCGTATGATCGCTATATTGCTTAACTTTACCATAATTCCAAGAAAATGTTTCACCTATATTATTTGACAAATCCTTGCTGACAAATATATGATCATCTTGATAATGATTTCTTTCAGCCATATTATTTCCAAAAAATGTTTGTGTGTATTTTGGTATACATTCATGATACTGCGCTTTTATGCTATTGAAAGTTTTCAAGAAAAAACCCTTATACATTTCAATATCAGCATTAAAATCTCCACCAATGATAAATTTACTAATGCTATCATTCATTATTTTATTATTGAAGATTTGTTCAATATGGTTTCTAATTGAATAAATATCATCAGGCGAAGTATTAGTATGTAAACTACATATAGTGAAAATATTATTATTAAACATTAATTCTGCAAATACTTGTTTTCCATTTATACTTTCATTATCTACACACACATTATCGACATACAATTCAGTAACATTCTTAAATGAACTTTTCTGTAGTAGATCTTTGCTGATATATACACATGTTCCCCATTTTATCAGATCCTGAACTCTGCAAGTATGGCTTTCCAAAATACCGTTTGCTCCTTATATAATTCAGGAACAACGGTTTCTTGAAGTAATGCTATATCAGGATTTATTGTATTTACTAAATAATCCCAAGCTAAATCATGGTTATCTTTCTGTTGCCAGTAATTCATATTCCAACTAATCAATTTCATCGTATTCCAATTCCTTTGCCCTCTTACACACATTAGGCCTACACCTATCCTACCTCAAAAATCATCTTTTTCAACCAACAAAAAACCGTTCAAAATTTATATGTACGCATATGCCATTAGTCTATAAGTTTTCTATCTCGGATAATTTTACAAAATATACAATTATCCATTTTAATTTTATCCTCCGGTTTTTAAAATTATTTTCACCCCTAAATATATCAATATTTTTCTGCAATCAATTCGAAATATTTTGATGGTGTAAAAATTAATGGTTTATCAATTTTTACATCTTCAAAATCCTTGTCTCCCGTAATCAAAATATCTGAATCAGATAAAATTGCGGATACAAGAACCGGTAAATCTTTTATATCCCGAACTTTTGGATATTTATTTTCATCAATTGTATCGGGACTCTTAAATTCTTCAAAAGTAATTCCATCAAAGAAAATACCCAATAACTCTTTTTTAAATGGAAATTTATTTTCAAAAACCTTTTTGCATTCTTCCTTTGTATATGAAGAAATTATTACCGTATGATTTTCAAGCAAATGAGAAAAAACTTTAGCAACCTTACCATCAGGGAAAAGTATCGCAGAAATCACAATGTTTGAATCTATGAAAATCCTCAACTCTTTTTCCTTAGCTCTTTAATATAAGCAATAACGTCATCTTCTGTTTGAAAGCCGGCTTTTTCTGCTTCTCCTTGCATTTGAGTTTGAATATTTGCTAAAGCTATTTGAGAAGCATTTGTAATATAAACTTTTCCTCTGCTTTCTTCAAAAAAGACTTTATCGCCGGTTTTTAACCCGAGCATATTTCTTATCGCAAGCGGAATTGTAATCTGACCCTTAGATGTTAGTTTTGCAAGCTCCATAAAACGCCTCCTTACTTTCCTTACTTATACTATTATATAATAATTAATTACTTTCTGTCAATAATTTCTACGAAATATTTTTGAAAGCTGCAATTTAAATCCATCAGATTTATATCTCGGAAATTTTAGCATTTGTCGACTTTTGAAAGTTGTGTTAATCTTTTAAATTTCCTTATAGAACTTCTTTTTCTGTTTAATATCACTTTTTATATATTTATCAAATGTAGGCTTTTCCAGAATCCTATCACTACTTCGGATATTAGTCTATAGTTTCAAATACAATCTGCATTGGGATATGATCTATTGTATTTTTAGATAATTTCCATTGATTTTGATACCATTTATCATGTTCTCCAGTTTTTAC
NZ_CP038800.1_gap11	507386	510185	2799	ACAAATGCTTTGCTAGACATAAATCAAAAAAACTGGTATAATCGCAAGTCTATGGATGCTCAAGAAAACAATAATGATGAAATAAGTTTAATTGACTTATTTGCCGTATTATTAGAATATAAGAAACTTATAATATTTACTACCTTTTTTGCTGCAGTTTTTATTTTTAGCTATTCTTTGATTTCTGTAAAACTGCCGCCTGAAAAATCTTATATGCCGAATGTTTATAGGCCTAAGGCCTTGATGTTGATAAATGATGCAAATTCGCAAGGGGGCGGTTTAGCCGGAAAACTAGCTTCAAGCGGATTAGGGAGTCTTGCAGGTTTAATGGGGGCTTCTGCTAGCGGAGGACAAACTTATAGCCGTTTAGCTATTTTTTTATCGACAACCAATTCTTTTTTGGATAACATAGTAGATGAATTTAATTTAATCGAAAAGTACAAAATAAAAAATCATTTAAGGGCCGAAAGCCGGAAAATCTTAACAGGAAAGTTAAAATCAAGTTTGATGATAAGACCGGAGTCTTAGAAATAGGTTTTGAGGATATAGATCCAGGATTGCAAAACAAGTGGTAATGCATTGTGTAAAATACTATGAGGATAATTACCGATCTTGGTTTGGATAGAGATAAAATAGAAAAGATAACCTTGAAAAATATAAAAATGTTTTAGCAGAAATAGATAGTATTACTGAAAATTAAAAGACTTGAAACAGCTTCTATGAATATTTACGGCTCAAACATTCCTTCTGTAGGTATTGATGCAGAAAATTAAATCTTGAACTGACTGCGCAAAAACATATATGCCCAATTAAAGGCTCAGTATGAAATGATCAAAATAAAGATCAACAGTAATACGCCGATATTACAAATTTGGAATACCCTGAGATACCGGATCAAAAGTCGGGCCCAAACCGAGGAAAGCTGTCCATTATATTTACTTTTGCTGCCTTTTTCTTTTCGATATTTTTAGCTTTTTACTTAATGCAATAAGCAATATAAAAGATCCTGAAACAATGGCAAAACTAAGAGGAAAATAAAAATGAAAAAATAGATTAGCTTTTTAGTTTTGCTTTTTGTGCAAATTATGATTTTGCTCAAGACTCAAAAAATACGGACGAGTCGATTTTGACAAAATAAAAGAAGGCGCCTATATTGCCATGTCTGATCCAAACTATTTAGTTACAGCCGGAGATGTTTACGGCCTTTCCTATGCTATGGGAGGTAAGATTGTCAATATAAATAATCGTCGATATTTCTTATAATGTGAAGATATTAAATCTGGCAACAATAAACGTAAACGGTCTTACCTTTCGCAATTTAAAAGACAGGTTGAGGATATTATAAGAAAAATTATCCTTTAAGCGGGCTCAATTGCTTATGATAAAGCCTTCGGTATTTAAGGTGATAATAAAGGGTGAAGTATTAAAAGTTGCCGAGGTTGAGGCAAGCGCTCTTACAAGATTGTCCAATGTTATACAAAACTCTTTTACGGAATATTCTTCTACCAGAAATATCGAAATAGTATCTTTGAATGGAAAAAAGAAGCTATGATCTTTTATGGCTTATAGAAATGGAGATTTCTCTCAAGATCCCTTTTACGTCCCGGACATAATTATTATTATAAACGCCTGGGCAGAAGGTAAAAATTACGGGAAGCGTTGAAAGACCGGGAACTTATGAACTTTTAGAAAATGAAAATATAAAAGAACTGATTGGTATGGCGGCGGGTTAAAGAGATTCGGATGTTTCAAAACTTACCGTAACGAGGAATAATAAGACCGAAAATTCCGATAGGCAGTTTTTAAAATTGAAAACGCAGAAAAGATGGAACCTTTTAAGCTTCAAAATAATGATATTGATATTCCGAATGATTTTCATATTCGACTCAAAATATTCCCTTGTAATATAGTATTCACCTAATGTGTGCCTTTTTGAATTACATTTTTTGTTCATATACCTTTAGTGTATTATCAGACTTAGGTACAAATAGAGATTTTGTAAGGGAACCTACCAAATGGCCCTTTTATATTGCCCAATCTCCCCAGTCTACACCACGCCCAGCCCTCCGGCACGGCAAACGGGATTTCATCCTCGATATCCTTCACCCTGCCGTCTGCGAACTCTCATAGTGCCTGTTATCATCACCGAAAAAATATAAGAATCATTTTACCGCGTTTCAGTTCACCTGAAGCGATTTTTTCTTTTCTGCACGGATTTTTCAAGGAGTATGGCTGCACTCTCATCACGGGTCTTGCTTTTACCAGCTTTCCGTGAATGGCGAGGTCTAAAATTTTTGACGTAATGCGTTTGTGTTCACGTTATAATCTCCTGTAACTGCCATTATCAGCTGCCGCTCATTTCAAGCGAGTTTTATATTCTTCTATCTGCTCGCTCAATTCCGTATATGGTGCGAAACATAAAATGTAAGAACTCCGCAGGATCATCCTTGTCTTGTGAAGAAGAAAGACTTTGAATATATTCTGCCCTATTTTCCTTTTTATAATCGAAGGAATTATTCCAGCCTCATATTGGATAAAATTCATTAAGAGCCGGCTCATCCGTCCGTTTCCATCTGCCCAAGGATGAATGTAAACAAGTTTATAATGAGCGAAAGCTAAAAGCGTATTGAACTTCTATTCGCTTTTGCGCAATGCTTTTCTTTCCGAATTGAGCCAACTGCAAAATTCTTCCAGTTTTGCGGAAGCTTCTGCCACGCCATATAGCTTTTTCCGCCTCGTCCTGCACTGACATTTACCAATCTGAGCTCTCCTTTTGCAGAAGAAAATGTTCTGCTGATG
NZ_CP038800.1_gap12	532180	533398	1218	TGCCATGTCTGATCCAAACTATTTAGTTACAGCCGGAGATGTTTACGGCCTTTCCTATGCTATGGGAGGTAAGATTGTCAATATAAATTTAATCGTCGATATTTCTTATAATGTGAAGATATTAAATCTGGCAACAATAAACGTAAACGGTCTTACCTTTTCGCAATTTAAAAGACAGGTTGAGGATATTATAAGAAAAAATTATCCTTTAAGCGGGGCTCAATTGCTTATGATAAAGCCTTCGGTATTTAAGGTGATAATAAAGGGTGAAGTATTAAAAGTTGCCGAGGTTGAGGCAAGCGCTCTTACAAGATTGTCCAATGTTATACAAAACTCTTTTACGGAATATTCTTCTACCAGAAATATCGAAATAGTATCTTTGAATGGAAAAAAAAGAAGCTATGATCTTTTTATGGCTTATAGAAATGGAGATTTCTCTCAAGATCCCTTTTTACGTCCCGGTGACATAATTATTATAAAACGCCTGGGCAGAAAGGTAAAAATTACGGGAAGCGTTGAAAGACCGGGAACTTATGAACTTTTAGAAAATGAAAATATAAAAGAACTGATTGAAATTTATGGCGGCGGGTTAAGGGAATTCACGGATGTTTCAAAACTTACCGTAACGAGGAATAATAAGACCGAAGAATTCCCGATAGGCAGTTTTTTTAAAATTGAAAACGCAGAAAAGATGGAACCTTTTAAGCTTCAAAATAATGATATTGTGCATATTCCGAATGAGGCGGAATTTAAATCATCAATTATTTTGGAAGCAGGAGCAGATGTTACATCTATTCCTTTTATAGAGGGAGCAGACTTATTATCGGTAGTCAGAGCATATAGGAGCAAATTTTCTTCTCTGTCAGATACAAAAAATGCCTATTTAATGAGGAATGGTGAAAAAATATATACTAATTTTAATAGAATTTTTTATGATAGAGATTATAATGAATTAATTGCTTTAGAAAAAAATGACATTATTTCTGTTCCCGTTTTACAGCAAACCGTAGTAGTTATAGGAGCTGTTCTTAGGCCCGGCTCTTACCCCTACGTTCCCGGAAAGACCTATGAGTATTATATTGCTTTGGCAGGCGGTTTTGATTTACAGAGAAATGCTATATCGTCAGTAAAGATTAGAGATGCTGCCGATAAAAAAATGAATAAAAAGGATTATATTCTTCCAGGTTCCATAATCACTGCAAGTTCCAATGCTTTTTT
NZ_CP038800.1_gap13	584368	587598	3230	TGCATAAATATAAGCCCCCGTTCCCTCCACATAAAATTCGTCTTTTATCCTATATTTTATTTTGGGCATAATAACTGCATCATTGTGTTCTATTCCCCAAATTATTGTTATAGAATCGGTCAAATTTTCGTGGAGCCATGAGTCCGAAATATTTACAACCAGCTTATTGTTTGAAGCTTTTTCTGCTTTATTCCAATCCATGTCTATAAAACCGTTTTTATTATTTTCTTTTACATTTTTAAAACCTAAAATATAAGAACCTATATTTTGAATATTTAGGTTTATGTTATTGAGCGGAATATCTACGTCAAAACCTAAAACCCACTGAATGCTGTTATTATGAACGGCAGGATTATTACCCTTAAAATCATAGCTCATATAATATGCAGCTTCCGATCTAAAATTAAACATAAAAATTGCAGCTCCGAAATCCATACCAAAAATGTGAATAGGATCGTAATAAACACAATCTCTTATATTCCCGCCGCTCATAGCTTTTTCGACTATTGCAGAAACATCGATAGATGGAGTTTTATAATGCCCAAAATAATATTGGCAAGCCATATCGGTCGGCCCCAAAGAACCTGAAAGCCGTAAGCCGTACTGCCCGTATTTTATCTGATTTATATCGGGAAGAAAAGAGTTCATTCCGATTTTTATAAAAGGATCTAAATCAAAGTTTTGGATTATTGTGCCGGCTTTTTGTAAGGAAGTTTTAAATTCCTCAATAATAAATTTTGCATATTTTTTTGATTCTTTTTCTGCAATTTCATTTATTTTATCTTCGGTTAATGTTCCTGAAATATCGATAGTAATAGGCTTGCCGCTTAAAGATTTTAATATTGCTTTTACTACAAATTTTTGAAGAGAATTAAATTGTGAACTAATTTGATCTATTTCCTCATCAGACAATACAGGAAAATTTACCGTTATATTAGCCGGAGGAGATGTTATGGCAGTTAAAGTATCCTTTATGGTTGTATACATTATATTTTCAATTTTTTGTGATGGAAATAAATCTAGCAATGTACCGTCAAAAAGGGTACTGGCGAGTTTTTGTTTTGCCTCCTCAATTTGAGAAGGTATCCAAGGCCCTTTTAAGGAAACACGGTCGGGGGTCATAAGAGGTGTCCATGCAGCTTCAAGACGCAAGGATATAGGAGCATTGTAAGCTAGATGAATCATCGGCTCTCCTATTCTTCGGTCAATATAAGAAGGAATAGTAAAATCCGTAAAATCGTTAGCATTAAATACATCCAAAACATGGAGCATATCACCCCTTCCCCAAACCAATTTCATCTTTCCTGTTGATAATACAAAATCTCCAAGATAGGCTCTCATTGTACACTCATCAATAAAATCAAGAGGATATTCTAAAATAGTCCTCATATTGAATTTAAAATGAGAGTCAATTTCCGTTTTTGAAGAAGAGTGTTTTAAATTTATGCCGAAATTAGGAACAGCTTCCGCCCGCTTTAAATCAGGGTGAGGATAGAATCTTATTCCAAGAGCGGCAAAGCCTGAAAATTCAAAATTCGACGATAAACTTTGTCCGGTTTCCGAGTTTGCACTTTCATCGTTGAAATTAGAATCATCAAAAAATGAGTCTTGAGCGTGGGCAAAATGTAGAAAAACAAAAATCATACAAATAAATATATATTTTTTCATAATGCCTCCGTTAAAAAATCGCAAAATACCTTATAATCTTCCCGTATTTAAAAAATTCTGCGTGAACATTTTATCATTAATCGGTTTATCTATTTCTATATTTAGGATTTCAAGATGGGTAGAATGTTTGGTTTGAACATTCGTTAAATTTCCTTTTATAGGAATCCAATATCCGTTCTTTTGTTCAAGTTTTTCTACCTTCAATACTTTGAGCAACGCACCTTTTTTGTCATACATTTCGGCCATTACCGGAATACAAGTGACCTTGTCGATGTAGGTAATTTTTTTTGAATAGCGGCTGCTTTTCGGATCTACTGCCGCAGATTCGACTTTCCAGCAATTGTAAGAATCAACTGTTTCTTCACCGAGCAGAGTATGAGTATCATCATCTATTTTTCTTGTTTCAAGATCATCATAATCGGCATCAGTTCCCATAAATGGTTTTGAACCCTCTGCCCCCGCAATACGGCGGACAGTTCTAAGAGCTGGAAGATAAATCCACTTATCGTTAGCCCTCTCTTTATTTACTATTTGCAAAAACCTTGTATCCTTAATCAAAGCAGGCTTTTTAAAAACGATAACGGCAGCTCCTGTTTTATCTCCGGGATCTTTTGCCCATTGTTCTATCATCCGTTCTTCAGTATTTCCTTTAGAATCGACAAGAGTCATCTTTAAGGCAGAGTGAGTAAACTTAGGCCGTTTTACATCGAGTGATTTTTGAACAATACTTTTGCCGTCTTCAGCAAAGGCAAAGCTGATACATAATACCGTTAATGCAAACAGTATGACCGATTTTTTTAACAATGACTTATTCATTTGTTTCTCCTTTCGGCTTTTGCGCAAAAATATTTTTATGCGGTTTAGCCATAAATGATGGTTTAAAAATATTTAATACGACAGGTAATATGGTCAATGCAGCAACGGAGCTTGTGAACATTACTACCGCTACCAAAAAACCTACAAACCTGAGGACTACGAATTTAGAAAAACACATTACCAAAAAACCGCATCCGACCGAAAAAGCGTTTACAGCAATTCCTTTTCCTGAATGGCGGAGAGTTTTTAATGTAACCTGTGTTAAGTCTTCACTTATTATTCTTTCATTATGATAATTATTCATAAAGTGAACCGTGTAATCTATTCCGATTCCTATTGCAATAGCCGCAACCAAACTTGTTACCATATCAAGGTTTATTCCCGTTAAACTCATAATGCCGAAATTAAGTAAGATGGAAATACCGAGAGGAATAGCCCCGATTAGACCCGCAATAAAAGATCGGTAAAAGAGAGATAAAATACAAAACACTATACCAACAGCCAAAACCAAACTTGATACTTGACTTGAAATTATCATAGAAGTCATAGCTGTTTCCAACTCTCCCAAACCGGCAGCTTCTAAAGTATAGCCTTGAGGAAAATGTGTACTTGCAAAATATTCTGCATCCTGAATAACATTTTTAATTTTCCCCGTATCATGAGTCCGCATTATAATCTGCATTCTGCTTTTCTTAGGTTCAAGAGTTTCATCTAAAAGAGAATCAAGAGCCCCTGAATATAAAAGC
NZ_CP038800.1_gap14	588716	590936	2220	AAGCAAGACCGGAAGACAACTTGAAACTATCGTAAGAGGTTCTCCTATGATTGACATAATGCCGGCTGTCCAAATCGTACTTATTAAAACCGTCAATAGGGGGAGAAGAGTTCCTTCTATATTTTTAAAGGAGAAAAAAAGGCAAAGCAAAACGACAACCGTTATTAATGGAATTAGATTTTTTAAATCTGCATACATAAATATTTTTCCATATTCACCTAATACCGGATCTCCTGCAATTTTGTAGTTTAAACTTTTATCCTTACTCAAATTTGTTTCAATTATGTTTAAGGTATCATTGTAAATACGGCTTACTTCCGGCGGAGTTGAGTCTGAGTTTAAGGTTGCAATTATTTGTACGCCTTTAAAATCTGAAGACAGAACGGTACCGATATATGCCTTAGGCCATTCTAAAATTCTTTTCTGTAGATCATCTATTTCACTCTTTGTTCCATTAAAACTTTCGGGGATTAATGCCCCTGTCGAAAGAGTTCCTTGATCATCGGTAATAAAATCAACATTTGTTATCGACTTTACATTTACAATATTGTCAAGATTTTCCAAGTCTTCGGTAATTTGTGCAATTATCCCAATAGTTTCTTTATGAAGGATAGTTTCTTCTTTTGTTTCTATTACAACATCCATTATATATTGATCGCCGAAATCTTCAGTTAATCGGTTAAAGCGTTTGTACGAATCATGTTCTTCAGGAAAAAAATGACGCAATTCATTATCCATAATTATATTCGGAAGCATAAAAGCAAAAAATACAGTTACACCTAAAACAATTGTTAAAATAATAAAGCTCAATTTTGTTTTATTCATAAAGTTCCAATCTCCTTAGATAATTACTTTTTAGTATTTATAACAATTTAAAATTTTTTAAAAATTTTTTTGATCAAAACACATAAATCTTCATCACGATGATTATATCTAAATTCACATTCTTTTAGATGAAGTAAAAAAGAGCCTGATGAAAAGCCGTTAAATTTTGCCAAACGTTTTTTTGCAAAGGTTAAAAAATTTTCAATTCCCGCTGTGTGCTCATTTTTGATTTCACTTTCATTATAAAAAACCCTGTATTGATCGCAATCCTTTAGCAACGAAGTGTTAAAAGGTTCAATTTTGTTTTGATGGGAAACAAGCTTCTCCAAATCGCCCTTTATTATTGAAAGGAGGCTTTCATGGGAATCGTCATGCACCAAACTGACAAATATTTTTTTACCGTTTTTTAAGAGCCCCAATACCGGACGCTCGGCAATAAAATCGTGTATCTTTTTTCTTCGAATTTTAGTTTTTTTAAAATAGGAAATATGACGAGTATTGGCCGAAATTTCTTTTGCCTGCTCAAAAAGGCTGTATTTAAGTATTTTTTCCCGAATTATTCCAAAATATCTGTTTACGGTGTTCCGATTGATTCCGGTAATTTTTGCAGTAGCTGCTGCTGTAATATCTTCACTGAAACATAAAAAAATTCTATTAAGTTTAGTTGTTGTAAGTCTAGTATACATATATAATTATAAAACTACACCCCTTCATATTCTAGTCTAGGTCGTATATTTATAATATATACCGGATTTAGTAAAAAGTCAATAAAATTTTTATAAAAACACAAAAAAACCTCCTGATCCTTAGGGCTCAGGAGGTTTTATTCATGCGGCTCTTATGTTCTGCCGTAAGGCTCTCCTATCAAAAGCTCGCAAATCTGTTTGGTTTTTTCGTCCGCGTCTTCTTTTTTACCGCCTGCTTCCAGCCTGTTTAATTCATCAAGAATTATTTTATGATTTTCAGGGCTTACATTAAATTTAAGACCGAAGAAGATACCGAAAAGAATCATAAAAAGAGGCATTATTATAAAGGAAATCTTTACGCCCTTTAAAGTGCTATTCTTTTGCTGCGGTTTTTGAACCTGTCCTATACCGGAATATTTAAAATCAATCTTATCCAAAAGTTCCTTCAAGTCATAAAGGTCATCTTTTGTATAAAAATCTTGAGCTTCGATTTTTTTATAAACTTCTCCCGATTTTGTATAAGAAGATTCTACCAAGAATTTTTTATCGATTTCATTGAAGTCTTTTTTATCAAAAGAAGAAAGTAAATTTTCAAAAATATCTTGAGGAATCTCGTCAAAGTTATTTTTTCCTTCAAAGAATGAAAAAAGAGGATTAGCATTTTCATTCTTTTTTAGTTTTTTATACATAGAAGTAATAATCTCATCAG
NZ_CP038800.1_gap15	644998	647648	2650	AAAAGTCTATTAAAAATGAAAAAAAAGAATATGAGAATATAAAATTTAAACTTTTCAATGAAGCTAAAAACTTCTTTTTTAAAATAATCGGACCGCTTCCTGTCTTTACTATTTTAGATGATTTGGAATTTGCAGACGATTTTATGCTTGATATGATTCTATATTTAGTAACCGAAGTTATAGAAACCGAACGTTTTGGCATAATTTTATCCTATGATGAAACTGTTGCTCCTCTTTCACATAAATTTAAGAACTTTCTAAACATATTAAATGAGCATGAAAAATCTCAAGTTTTTGAGATGAACTATTTTTCTGAAGAAGAAACTATAGAAATGCTGAAAAATGTTTTAATTTTAAAATATTCTCCTGTATCCTTAGGCCCTGTTTTATATAAATATACTGCAGGATGCCAATCTTTTATAATAGAAATGATAAAAGAATTTGTAAATACGGGAAAGGTATACAAGGATAAGATTACAGGGGCATGGCTTTTTTCTAAAAGTCTACGTAACGATGAAGCTCAAAACATAATTCCAAAATCAATTGACGAAACATTAACAAATCAATTGAATACTCTTTCACCGGTAGAAAAGAAATTATACTTTGAAACTTCTTTATTTCAAACTGTATTCAAAATCGATTATTTGTATAAACTTTTACCCTTGATTCCAACACAAATAGATAAAATTATAAAAACACTTGTGAACAAAGGGTTAATTACCCTTATCCAATCAGGCGATATACGAAACTATACAATTACAAATAAGGTTATGCGTGATATTTTATATGGACTTTTGGATCCTAAACATAAAATGCTGCAGCATAAAAAGATAGCGGACATTCTGAAAAAAGAATCAGATGCCGATATGAACGAACTTATTTGGCACTTGGAAGGGGCCGGCAATAAAAAAGCAATTCTAGCTTGTTATTTTGATATAATAAAGCAAAACATGAAAACAAAAAACATAGATGCTGTATTAAAAATATATGAAAAAATTCCGCCTCTTATCGCCGGTCAAAATATTATAAATAGATTTACAATACTCTTAAAAGTATTTGAACTGTATAATCAGATGGGCTTAAAAGACAAAGAAGCTGAAATAAAATTAAGACTTGATGAAGATTTACCAAAAATAAAGAATACGGTTCTTTTATCATATTATTATAACCTAATGGTAAAGTACGAATACTTCTACTTAAATGACAGCGAAATTCTTATATATATAAATAAATTGACTGACCTTTATGAAAAGTCACCCAGTGATATCATAAATATCAGACTACAGCACGCAAAATGTTTGTATTATAATATAAAGCAGCAGCATAATGATTGTAAGGAATCTACATATAAAATACTGGAGATCACAAAAAATAATCCGGAATATATGTTTTATAGAGCTGACGCTTATATATTCTTAGGTTATCTTTATCACAGAGATTTGGATAAAAGAACGGCTTTAAAATATTTTCAGAAAGCAAAAAAACTGGCATCCTTATCCGATAATATTAGAACTAAAGTTCTCGCAATGCATAATATCTCCTTACTATATTGGGAGATTCACCCTAATATCGAAAAAAGCATGTCATATATAAAAAATGTTATAAACTTGGCAAAAAAATACAGCTTTTTATCAATTGAAATTATTTCAATAATTAACTATGCAAGAATGCTTGCTCAAATACAAAATAATTATGAAGCTTATGAATATGCAAAAGATGCAGAGTCTAAAATATCTGCTTATAATATGGAAATATTTAAATTTGCATGTATAATAACTCTTATGGAAATTACACAGAACTTATATAGATATAAAGAGTTTTGTGAATATCAAAAAAAATATATAAAAGCAATACGTGAAAATAAATTAAAATATGTTTATGAAGATAACTTTATATTTTATGTATTAGTTGCAAGAATGTATCAGGAATTCGGATGCAATGCTAAAGCAATCGCTTATTTAAAGAAGAGCATAAAAATACAAAAATACCAGCCAGACAGAAAAATATTTATGGTGTATTTTACGCTTGAAGCCTTAAGAATCATTAAAAGAGACAAAAACGATATTGCTAATTTGGTAAAAATTTTTACTTCATATATAAACCCGAAACAAAATAAAGAATCAAGTAAAAAAAAGTTGACTAAAAATTTATTTGATACCGTTATTACAATGATTATAAAGCGTCCTGATATTGATTTTACGCCCTTAATAATACAGATAATAAAATTCGATATGCCGGGATTATATGATTTTCAAATTTCAGGTATGAATTATTTAAAAACTTATTTTAATAAGGCTGAATTAGAAAAGGTTTTACAAGAAAATCTACATCTTATAAAACCTAAAAATCTTATAAATATAACTCTATTTATTAATATGGCATTAGCTGATTATTATTATACAGATGGAATACAAAGTTTGGCTATCATGCATTATTTGGAAATTCAAAATAAGATAGCATCTATAATAAAAAACATACCCGGAAAATATAGAATTAACTTATTTAATAACTGGGATTTAAGCAGACCGTTCAATATAGTTTCCGATTTTCTAAAAGGCAAAACTATAACAAAAGGAAAAAAATATAACAGAAATATAGAAGACTCCGAACTGGAGGAAATGTTAAAGCTAAAACATATAAATATAATAAA
NZ_CP038800.1_gap16	675848	678883	3035	TAGACAGGTTAGCCAATAATAGCAAGGTATCTTTTTTATGCCGAATTCTTTATTGAGCCTATCTTTTATAATGTCGGCAGTTGCCCATTCGTGTATTTCTCTAATGTTTTTACGGCCGCAAAGAAGTCCAAGTAGTAATATTTTTAAAGCTTCATTTACGCTGTAAAAATATCCGTCGTAATTGCTTATTATTTTGATGTCGTTAAAGTAATCAAATATATTTTCTATTTCCATACCTACATTATCGGCAGTTTTTAGTAAAATTGATTTCCGTGCGCTTTTCACGGCATAATTGACACTCTCCGCTTTTTTTTTGCTATAATAAACTTTCGTTTGCCCCGATGGTGGAATTGGTAGACACGCTAGTTTCAGGTACTAGTGCTTAACGGCATGGGGGTTCAAGTCCCCCTCAGGGCAAAACTTTAAAACCTACAATGACCGTCATAAGGATTTTTTATGGATGCCGGAGCTTTAACAGACAAGATAATTATTATTCGTTTACTTTTAAGCTTTTTAGCCGGTTGTTGTATAGGTATGGAGCGTTCCGGTAAAAGACAGGTAGCAGGCTTACGCACTCATATCTTAATTTGTGTGGGTGCATGCGGGATAATGCTGATATCCATCTGGCTTCCTCAAATGAGCGGTAAGGGCGATACGGCCAGAATCGCCGCTCAGGTTGTTTCGGGTATGGGTTTTTTAGGTGCCGGAGCGATTTTGAAGATAGGGGCCAACGTAAAAGGACTCACAACAGCGGCTTCAATATGGGTAATTGCAGGAATAGGCTTGGCTATAGGAAGCGGGCTGTATACGGCCGGAATAGTGATGACCGTTATTTCTTTAGTAACTCTTTCACTTATCAATAGGCTTGAACTTAAAATTTTCCCTGTAAGACAAAATAAATTCTTAGAAATATATTTTCACGGAAATAAACCTCCAATGGCGGAGATAATAAATGTTTTATCGGACTATTCTGCATCCATTGTATCTACAAATGTCCGTTCGTCAAAATCGTCCAAGGGGTATTCTAAGGTCGTTCTTTTTATAAATGTTCCTAAGAAGCTGGATATTTCCAAGATGACCGAAGACTTTCAAAAAATAGAAGAAGTAGATACAATAGTAATGCGAGAAAAAATAACCTAAAAAATTCTTAAGGTAAAACAAGAGGTATTGTTAATTGAAAGACACAAACAACAGCATAAGTATAAATGCTGAATTATCCAAAATGATATTATCCGCCTCAGGATGGAGAAAGGTTTTTGCCGACTCAGGCAAAGAGGAAGACGAAAGCCCCGACATAAAATATGAAGATTCAATACTGGTATGTCATGCGGCTTTGGCCTTTGCCGAATTTTTAAAGACAAATTTTCCTAAAATAAAGACGATAGTAATCGGCAGGGACAGCCGGCCTACAGGCGTTGCTATCAAAGAAGTCTTTATAAAAACTCTTGTTTCAACTTCTTATGATTTAAAGGTTGTAGGCTGTACGGCTGCTCCCGAAATCATGGCTTATTCAAGATCGATAGGTGCAGCCTTTGCTTATATTTCCGCCAGTCATAACCCGATAGGGCACAACGGCCTTAAATTCGGCTTGGACTCAGGCGGCGTCCTTGACGGAGATCAAGCGAAAATTTTAATCAACATGTTTAAAGAAAGGCTCAAAGCCGATGATGCCGAAGATGAAGCTTTAAAATTCCTGAATGATTATAATTTAAAAAAATTACAAGATATAAGAATGCAGACAGTCTATATAAAAAAAGAAGCATTGGACTCTTATTATAATTATTCTAAGGCTGTAATTACAAATTCGGCTGACCCTAAAACACAAAATAACTTTTTTGATAAAATAAAAAAAGCGGTTATTGCTGCAAAAAAAGAAGGTCATCCTCTTTCTATAGTTGCCGATTTTAACGGAAGTGCAAGAGCTGCCTCCATTGATAGGCAGTTTTTTACGGACAGTGAAATAGCCTTAATCGGTATAAACGAAGTACCCGGAAATATCGTACACGGGATATTACCTGAAGGAGCTAATTTAGATTTTTGTGCAAAAAAGATAGAACATCTTCACTTGGATCCGGATGCAAGCCCGTTGGATAAAAACTGCTTTTTAGGTTATATGCCCGATTGTGATGGAGACCGCGGAAATATTATCTATTGGAATGAGGTGCTTAATAAGGCTGTTCCTCTTGAAGCTCAAGAAGTATTTGCTCTTTCGGTGATTGCAGAAACGGCTTATTCTTTCTATTGTAAAAGAGGTAATAAAAAGCCCGCTATTGTTGTAAACGGGCCTACATCCTTGCGGATTGAAGAAGCGGCAGCCTGTTTTGGTGCTGAAGTTTTTAGGGCTGAAGTAGGCGAAGCCAATGTGGTTAATCTAGCCGCCGAATTGCGGGAAAAAAATTATGATGTCCGAATTTTAGGAGAGGGGTCGAACGGAGGAAACATTACTCACCCTGCAAAGGTAAGGGATCCGATAAATACCATTTTTGCAATTTTAAAACTCCTTTTAATAAAAACGGAATTTATAAAAAAAGGGCTTTTCCATATTTGGTGCGAAAAGTCAAAACAAATGGATAAATATAAACCCGATTTTACCTTGACCGATATTTTAAAAACTCTTCCTCAATATACAACAACTCCCACCGGAGAAAAAAGAGCTATTTTAAAAATCCGTACTGAGGATCATTCCGTTCTAAAGGGCAGTTATCAAAAGATATTTGAAGAAGAATGGGCTAAAAAGAAAGATGAACTTAAAAGCAGGTTCGGTATTGTAAGGTACCGCAGTTTTTCAAATAACGGAACAAAGCAAAGCGAAGATCTTAAAGACTTTTCCGTTTCGGGAAGGGGCGGCCTTAAGATTCAATTTTATAATTCAAAAGATGAGCCTATAGCATTTATCTGGATGCGCGGTTCGGGAACGGAGCCCATATTTAGAGTAATGGCCGATATAAGAGGTCTGTCGCTTGAAGATGAAAAATACTTGGTTGAATGGCAGGGTGAAATGGTAAGGCGTGCCGATTTAGGCGCATAGTTTAAAA
NZ_CP038800.1_gap17	690832	691641	809	CGGAAAGATGTCATCAATAAAAAAATAAAATTCGGTACGGAAAACATAGCCCAATGCCCTGCGATGAGCAGGGAAGACTGTATCCGCATTATTGAAACCGGAATAGAGGCGGCCTTTGAAATCGCCGATGAGGGCTTCGATATTGCAGGAATAGGGGAGCTTGGTATCTGTAATACTACCACAACGGCAGCTGTGCTTTCAGGCCTTTGCGGAGTAGAGCCTGAGCTGACCGTAGGACGCGGGGCTTCTACGACAGAGGCTATGTATGAGCTCAAGATTAAGAGCGTAAAAAAAGCGATCGAAATAAACGCCCCCAAAAAAGGCGATTCAATCGATTGCATTTCGAAAGTCGGGGGCTTTGATATTGCGGCAATGTGCGGCTGTTACATAGGCCTTGCTGCCCGCGGAATCCCTGCCGTAATCGACGGCTATATTTCGAGTCTTGCAGCCCTCTGTGCCGTAAACTTAAATCCTCGCATAAGGGATTACCTTTTTGCTTCTCATAAGTCGGAAGAAAGAGGAGCTAAGATATGCACCGCTGAGCTTGGAATCGAGCCCGTCGTAAATATGAAAATGCGTTTGGGAGAAGGAAGCGGCTGCCCTCTCTTGTTTAAGCTGCTTGAAGGGGCAGTCTTTACCATGCAAAATATGGGAAAATTTACCGAAACCATGATAGACGGAGCCGATTTAGTGGATATCAGAAAATAAGCGAAAAAACTTTCTGCCTTAGATAAGTTGCAGATTCCAATTCTTCTTTTCAGCTTGATTTTATTTTAGAATAAGAGTAGAATTAAATATCGGTTTTATCT
NZ_CP038800.1_gap18	710829	715029	4200	AAAAAGCTGCTTTTTGTTAAAGGGCTTTTTTATTATATCGTTTAATCCCATAGATTCGCATAGGTTTCTTTCATTGTCTTGAGAACCCGCAGTACATGCGATAATAGGTTTTGAGTATCCCTTTTCCCTCAAGATTTGCGTAGCCTCATATCCGTTTATTCCGGGCATCTGTATATCCATAAATATAATATCAAATAGCTCGCCCGATGCCTTATCTATAGCTTCTTCTCCGTCATTTGCCGTGCTTACAATACAGTGGGCTTTTTCCAAGATAATTTTTAATAATTTTTGGTTTACAGGATGATCGTCTACAACTAAAATCTTACAGCCGAAAAAGTTATCTTCATTTGGAATATGCACATTTTCATTTTGTTGACCTTGGCTCCCTGCTTCAACCGGCTCCAATTCCGAAATGTCATCATTTTCCGAAGACGATGCGAATTTTCTATAGAGGTCGTTAATCAGATGAAAGACTATTCGTGATTTTAAGGGCTTATAAAGATAGCCGTCAAACCACTCTAAAAGTTTCATCTTTGCATCTCTTCCGAGGCTGCCTTCAGGAATCATCAAAAAGAGTTTTGAGGTTGAAAGATTTTCGTCATTGTGAATTTCGGCTCCAAGGCGCCATCCGTCCATCTTAGGCATAACCATATCTATAAATACCACATTGAAAGGATTTTTATGTTCGGCGGCTGTTTTCATAACTCCTATTGCCTGTTCTCCGGAACTGACCAAGGCTATGTCTTGAAAACCGAATTTAAAAAGCATTCTCTTTAAAATAGTTCTGGTTTGCATATTATCGTCGACTATTAAAAATCTGGTACTCTTATCCAATAGGGTGCTTTCATGAGGAGCTTTTCTTTTTGAAGGAATCAAGGGTACCTTAAACCAAAAAACAGAACCGCAGGGAATATTATCTTTTATTCCTATTTGTCCATTCATCATAGTTATAATATTTTTAGAAATTGCCAAGCCTAATCCCGTACCGCCATACTTTCTATTGATAGAGGCATTTCCCTGATAAAAGGACTCGAATATTTTTGATTTTTGTTCTGCATTTACTCCTATACCCGTATCTGCAACTTCACAAAGGATGGAGAAGTGTTTTTCCGTATCGGTATTGTTTGGGTTGTTTTCAAACACAGGTTTGACTGAAACTGAAACATAGCCTTTTTCAGTAAACTTAACTGCATTTTTTACGAAGTTTAAAAGAACTTGCTGCAGTCTTGCCGGATCGCCGTATATAAAGTCGGGAATTTTATCGTTTATGTCTACAACTATTTCAAGGCCCTTTTTGTGGGCTTCCATCGAAATTAAATCTACAGTCTGCTCAACGGAATCGGTTAAGTTAAAAACCGTTTTTTCCATCGTCATATTCCCGCTTTCAAGTTTTGAAAAATCCAAAATATCGTTTACAAGCGCAAGTAAAACTTCAGCGCTAAAGTTGACTTGACGGGTGTATTCACTTTGTTCTTCATCTAAGTTTGTATCTTTTATAAGCTCCATCATGCCTATTATAGTTTGGATAGGAGTTCTTATTTCATGGCTTACATTGGCCAAAAAAAGGCTTCTCATGTTGTTTGCTTTTTCGGCATCCTGTTTTGCAATTATTAAAGATTGTTCTTTTAGTTTTTGTTTGGTAATGTCATCGATGGTTACAAAAAAAGTACCGTCATCTTGTTGGGTAGAGCTGAACTTTAAAGTAGTTTTGTCCGAAGGTCCTGAGGGCCTGTCGAATTTTGCTTCAAAAGCTGCCGTTTTTGGGTTGTTTTTTATAAATACGGAAAACCGGATAAAGTCCTCTTCAGATAAAATTTTTCTTACATAGTCGTATATCTGTACTTTTGTATTTTTAATCAAATAGTCGGGTAAAAGCCTTTCCGCTTCAGGGCTCCAAAAAAGCGGAATATAATCGGGAGAAAAAATTATATAAGCTATATTTGACTCGTTTAAATATTTCCCCAGCCGGAAATTTGAAATATTTTTGTTAAATAGAGGCACCCAGAACTTCCTCCATCTTGCGTAAAACCGTTTCTTTTTTTATGGGTTTTAATATGTATCTTTTAGCACCCTTTTCCAGGGCTTTGATAACGGTATCTCTTTGAGTGACGGAAGATAGAATAACAAACGGAGTTGTAATTCCCTTCTTTTTTGCTTCATTTAAAACATCTATACCGCTCATTCCCGGCATAATCATATCTAAAAAAATAACATCATAAACATCATTTTCTACTTTATTTAAAAAATCTTCTCCGTTTTCAAATAGATCTACTTCGGCATTTAAGCACGAAAAAATAGCAGTCATCATTTTGCGGATCACTAAATCATCATCTACTACAGCTATGGAAAGACTTTCGACCGTGTCCAGTTTAAAACGGGTTTCAAGATTGCCTACGTTTTCATTGCGCTCATTATCGGCATTAAGCATTGTTTGAGCTACAGCTCTCTTATCTTCTGTTGTTTGTAAAAGAGCTGAAAGAGCCTGCCCAAGGCTTCCTACAACTTCAATCATATTATAGTCGGGGTTTTGTGAAAAGAAGTCTTTTACAAATTGATTGAGAGTAAGAAGCTTTACATTTTTAGGAGAAACTACCTTTACAGCTAGGATATTATCTATCAAATATTCCAAGTTAGCCGTATCGGCATAGGTTAAATTTAAATCGGTCAATATAATTAAAATTTTAGCTTCATTAAGTTTATAGGACTCAATGAGTTCTATAATTCTAAATTGAAGCAGCTCAAGTTTATCTCTGTTTAAACCTTGTGCCAATTCTATAAATATAACGTCCTCATTTACCCGCGTTTCCAAAATACAGGGTGTGGGATCTATGGGAAATGTTGTCCCTAAAATGATGCCTATTGAGGATAAAAGTTCATCAACTCTTACAGGCTTTGAAATTACTTTTTTTACGCCATATGAGGCTAATAAAGCTATGTCTACTTTGGCTATTTTTCTTCCCAATACTATTGAAGGTATTCCTGCAAGGGTAGGAGCTTTTTGCTTTTCTGCAAAAAAATTAAATAAGGCATCTCTGCTAAAACTATAATCTACTATTACAAGCATGACAGGCTGCTGCTTCATAATATTCATGGCTTCTATAACTGTTTCGGCATAAATAACATAAATGCCGACTTCTTGTAATTTTTTTGTAATATAATATCGTAAAGTGGGGGCTATCCCTATCAATAAAACTTGTTTCATGTTATGATTATATCATATTAGAATAATCTTATCTAGTTGTTCACAACTTGGTTGTCTTGTAAAATTGGAGGAATTAATGAAAAAAGCTTTTTTATTTTTAGCAAACGGATTTGAAGATGTTGAAGCCCTTACGCCCATAGATTATTTGAGAAGAGCCGGTATAGATTTAATTACTGTCGGCGTCGGAGGGAAGACTATAGTTTCTTCTCACAAGGTTCCTATAGGCTGCGATATTGTATTGGAAGAAGCCTTGCAAATGGATGGCGATTTAATTGCCGTCATCCTTCCCGGCGGTCTTCCTAACAGCAGCACTCTTGCAGGCTCAGAGGCTGTTAGAGAATTTGCAAAAAAGACCCTTGCAGGCGGAGGAATTGTCGCTGCTATCTGTGCGGCTCCTGCCCTTGCCCTGGGCTCTTGGGGGCTTTTAGATGGAAAACATTATACCTGCTACCCCGGTATGGGTCAGGATTTGAAGACAAAGCCTAAGGCCGGAGAGCGTGTTATCAGAGACGGAAATATAATAACGGCCTGCGCAGCAGGAGCGGCAGAAGAATTTGCCTTTGCAATTGTAGAAGCTGTTTGCGGGAAAACCGCATTAAATAAACTTAAAACTGAGGTGGTGGCACGATAATGGAAAAACTTGCAGATTGGTTTGAAAACGAAACTTTTTGGGCTGAATATGCTCCGATTATGTTTGATACGCAGAGGTGGGCTGAGGCTCCTACCGTTGCGGAATCTATCTTAAGGATAATAGGCGTTCCTGTGGATAATGCAGGGATTTCAATCTTGGATGCGGGCTGCGGTCCGGGAAGGATTGCCATCGAGCTTGCGATAAGAAAGGCTAAGGTTACGGGCATCGACTTAATCCGCCCCTTTTTAAATGCGGCTATGGATTCGGCCCAAGATGAGAGCGTCGACATAGAGCTTATTCAAGGAGATTTGCGTAAATTTGTCCGCCCTGAAGCCTTTGATGCGGCTATCAGCATGTATACGAGCTT
NZ_CP038800.1_gap19	716130	720006	3876	CCCGTATTCTTTTTAGCGGGGATATAGGAGCCGCCGTTTTTGATGATGACGATGAACCTTCCTTTGTAGAAGATTTTGAAAAGCACATTCCTTTGATTGAAGGCTTTCATGTCAGGTATATGGCTTCCAATAAGATTGTCAGCAAATGGGTTGAAACGATACGCCGTTTAAAGCCGGTTATGATAGCTCCGCAGCATGGCGCAATATATAAGGATGAGCAGGTAAATAATTTTTTAAATTGGCTTTCCGGTTTAAAATGCGGTACGGATTATATCGAAAACCTATTCTAATGGGAGATTCTATGGCTGATGAACAGAACATTGCCGATAATTTTAGTGATTTAATCGATAAGATTGTTGTACAATATAACAAAGGCGTTATTCTTGATTTTGTAACCTCTCATTCATTTAAAATTATTGAAGAATCTATGGATAATTTGCAGGAGAAGTTTGAAACTATCCTTTCCGCCTTTGAAGAAATACAAAAGGAAAGCAGCTCTTCTGCATCTAATGCCAATTATGTAGATGAAATGCTTTCTAATGTTTTAAAAAGAAGAACCGTAATTCAAGAAGAAATTCATGAGAGGGTTGAGGAAGTTGAAGCCACTGCGAAAAATGCAGAAAATGCAGCTTCCGCTTTTGAGGTGCTAAAGGACAGGACTGCGGAAGTTGAAGATATGCTGTCGGGTATTAAAGATGTTTCCGTAAGGACCGGTATTCTTGCAATCAATGCTTCAATTGAAGCCGCCCGTGCCGGAAGTGTCGGAAACGGGTTTAGAATTATTGCGAATGAGGTGCGCTCTCTCGCAACCCAGACCGGAGATTTTGCAAAAAAAATCGAATCAAAACTGGAAGAATTAAATAAATCGGTTGATGAAATAAACAATAGTATGACCGGTTTTATAGAACTTTTTTCAAAATTCAGAAAATCATTTAACGGTGTATTAGCTAATTTGGATGAAAACTCGGCAACCCTTAAAGATGCAGGTTTTTCGTTGGCCGAAATAACCGCTTCCATAAAAGAACAGGATATTACCATAAGGGAAGGCTTTTTGTCGTTAAAGAAGATCGATAACTTTTTACATGACACTTCGACAATTCTTGATGCAGTCCAAACAAGCCATGAACATCTAGGAACCTTGCTGCAGCAAAATTAAAATGAAGAAGGGGATAACCGATTTTCATCGGCCTCTTGAAAAATTGAGTTTCTTGTGCTATTATTCTTATATCATGAAAAAAAGAACTTCATTTTTAATTTGGCTTTTTATTTTGATTGCCTTGGGAGGTACCGCCTTTTTTTTCGGGTGGATGCAGTTTTCAGTTCCTGCCGGATCTTACGGCGTAATGCTTTCAAAGTCGGGAGGCTATCACGACAGGCTCATTATTCCGGGCGAATTTATGTGGCGATGGGAGAGGCTTGTCCCGACCAATTCAAAAATTCTTACCTTTAATTTAAAAGCCCAAGACATTGAGTATAAAAATGAAGGTGCCCTTCCTTCTGCTGATAAATTCGGTTTGGTGATGGAACAAAAAAACGATTTCCGCTGGAAGTTTGCTCTAAAGATTTCGGCTTCAGTAAAGCCTGAAAGTTTAATAAGCCTTGTTAAAAACGCTTCGATAAAAACCCAAGGCGATTTGGACGATTTTATTAGAACAAGAGTTGAAGAAGCCGCTCAAAAATCCGCAAACGAATTTATCGAGTATTTTTTATCCAATCCTGAAGAATATGAAAAGCTGAAATTTCAATATGCAGCCTTTAACGATAAAATCACTTCGGATCTAAAAGGCAAGGAGAATACCGAAATTGAAATTGTTTCGGTTGAGCTTTCTTCCGATTTTGTAATTCCCGATTTAAAACTGTATACGACAATAAGAGATGTTTATTCGGAATATGAAAAAGCAAGGAGCAAGGTCTTTACCGACCTTATGATTGAAGAAGGAAAATCCGCTGCCTCTTCAAAATTCCGAATGAATGATCTAAAAGAATGGGGCGAGCTTTTAAAGCAATATCCTCAGCTCATCGATTTTTTGGCCGTAGCAAGAAGCGATGCGAGCGAAACCCTCAAGGCCTTGCGCGAGCTTAAAGCTAAGATGAGCGGCGCTCAGGTCAGCGGGCAATAGTTTTTACCGATGAAAGCCGAAGAAAAAAAAACATTATACACATTTTTCCGCACAGCCTCGGAATATCTATCGGGTTTTAAAACCGATGAAGAATATCCCGATTTTGCCGATACCGTTCTCCCGGAGACGGTTCTCTCCGGTAGGGAAGGAGCGGACGGCTTAACAATTCCTTTAAGCGATTCGGATGCAGAAAGCGGTTTTGAAACTCTTGAAAAGGTCTATGCTCAAATTGCTTCCTGTAAGGCCTGCCGTCTATGCGAGAGGCGGCATAACACGGTTGCAGGCGAGGGGCCTTGCGAGTTTTCCAATTTTGATAATAAGATAGAAGTAATGGTCATAGGCGAGGGGCCGGGAGCCGATGAGGATGCACAAGGCCGTCCCTTTGTCGGTAAGGCCGGACAGCTTTTGGATAAGATGCTTGCCGCTATCGAATTATACCGCACCCATAATTGTTATATCACAAATGTTGTAAAGTGCAGACCGCCAAATAACCGCGACCCTCTGCCCGATGAAACGGCTGCGTGCAGAAATTATTTAAATGCTCAAATTGCTTTGATAAGGCCTAAGGCGATTCTTGTGGTTGGGCGGGTAGCTCTTCAAAACCTCTTGGAAACCCAGGAAGGAATAGGCAAGATGCACGGCAAGTTTTTTGAATACCAAAACATTCCGCTGATGGCGACCTATCACCCAAGTGCTCTTTTGAGAGATGTCAACTTAAAACGCCCTGCATGGGAAGACCTAAAACTCTTCCGTTCCCGCCTCAATGAATTGCCTCAACAAATTGATTGAGAATAACTAGGCGGCACCTATGGCAAAATGGCTGACTCTTGCCTTTAATCTTCCACTCTACCAAAGCTTTACCTATAAAAACATAGAAGAAGACGGCGGAAGCCTTGTCGGAAAGAGGGCTTCTGTTCAACTCGGCTCAAGAAATTTGATAGGCTTTATAATAGAAGAATCCGAGGTGTTTCCTAAAGACAGCCCTGTGGGAGAAGATAAAATAAAGCCGATTAAACGAGTGGTCGACAAGGAAACAATTTTCGGGCAGGCACAGATAGAACTTGCCTCTTGGATTTCGCACTTTTATATATGCAGCTTCGGAGAAGCACTCTCCGCAATTCTTCCTTCGGGAAAAAGAGAAGTTTCTTTTGAAAACTTAAAATGGGGAGCCGAATTTGAAGATAAGAATTTTTCTCTTTCCGATGAACAAAAAGATGCCGTCGAAAAAATCGTAAACTCAAACAAAAAAGAATTCTTTTATTTATACGGCTTAACCGGTTCAGGGAAGACGGAAGTTTTTTTAAAGGCCGCCGAAAAGATAATCGCAGAAGGCAAGGCCGTCATCTACCTTGTTCCCGAAATAGGGCTTACCCATCAGGTCATAAGTGCGGCCGTAAAACGCTTCGGCTCTCAGGCTGCCGTTTTGCACTCAGGCCTTACGGGAAGCGAAAGGCTTAACCAATGGATGAGGATAAGACGGGGAGAAGCCCTGATGATTGTCGGGGCGAGGAGTGCCGTCTTTGCTCCTGCTAAAAACATAGGCCTTATCATAATCGATGAAGAGCATGATGCTTCATATAAGTCGGGTTCCGTGCCCCGCTACCATGCCCGCCAGACTGCGATGTACTTGGCCGTAAAGCATAATTGCCCCGTGGTAATGGGCTCTGCAACTCCATCGCTTGAAGCGTGGAATATGATTCAAAACAAAAAAATCAAACTCCTTTCCCTTTCAAAAAGACTTGCAGGCGGAAGCCTT
NZ_CP038800.1_gap20	743062	747808	4746	TCAAAACAACTTAAAAGCAATTAAAGAACTTGAACAGGCTACTCATCGAGGAAAAGAAACGGTAAAATCGGTTGTAGATATTACACGTATTGTAACCGAACAGTCCGATGGCCTTTTAGATGCAATTTCAGTTATTCAAAATACGGCAAGCCAAACGAACCTTTTGGCAATGAACGCTGCAATTGAAGCCGCCCATGCAGGAGAATCCGGAAAAGGTTTTGCTGTTGTAGCCGATGAAATTAGAAAATTGGCAGAAGAATCCGGTGAACAAGGGAAATCGATTACAAAGGTTTTGGAAGAGCTAAAAAGCATGATCGAAAATCTAAACGGTGCAGGACCTCGCGTTTCCGAACAATTTGAAAAAATCAGCTCTATGATGGACTTTATTTACAGGCAAGAAGACGGAATGATCCGCACTATGAATGAACAGCTTAGAGATGCAGAATCCGTTTTACATGAAATAAACGGAATGGGAGAATTAAGTCAAGCTGTCAAAAAAAGTTCCGATGAAATGCTTGTCAGGATAAAAAATATTTCTCAAGAGCTCAAGACCCTTTCTTCTCTTTCAGAAACTATAACCGAAAATATGACTGAAATGTCCATAGGCGTAGGTCAGGTAAATAAAACCGTTCAAGAAGTAAGCGATATTGCTCGGCTAAGCAAGGAAACAGCCTCCGGTGTTTCTTCTGAAATTGCAAAGTTTAAGGTTTGAGTTAAGGAAAAATTATTTTTCTAAGTATAATTTTTTTTTCTATATATTGGATAATAAATTATAAATATAATGCTTGTCAAAGTCCATGATATGGGAAAGGCTAAGACAATCATTTCTATTGTAGGATTTATAGGAACAAATAAAAATATCCAAGCAATGCGGGAAGCACAAACTCCGAGAAGGGTTATTAACATGGGTTTAAAAGTTTCTCCCGTTCCGTGGATGGCTACTGAAAGGATTTCTGCAAATATAAAGACCGTATAAAAGGGTGCTAGGATGTGCATGAGCCTTTCGGTTATTATAAGAATTTCGTAATCCTTTGAGTTGATAAATAGTTTTCCTAAAGGTATATTCCAAAAATAAAGAATTAGGCAAACGCTTCCTATCATAATGCCGGACATAATAAGGCTTAAGCGTACAACTCCGGTAATGCGCTCATATTTTTTTGCACCGTAATTTTGAGCAACAAATGTTGCAACCGAAGAGGTCATAGCTTCAAGTAAAATCCAAATTAAAAAGTCCAGCTTGCCGCAAACTGCCCAAGCCGCGATGTTTTCCGTTCCGGTACCGTTTACTCTTGCCTGAATTATCATATTTGCTATAGGAAAAAAAGCTGACTGTATCCCGATAGGAAGTCCGAGTTTTGCAATTTTAATGGAAGAGAATCTGTCAATTTTTATCTTGTTAAGGAGTAAGGGACTGTATCCCGTTTTTTTAGTGAGAGCAAAAAGAATTATTACCGCACTTACAAGCTGCGAAAGGACGGTTGCAAGGGCTGCTCCTCCTATTCCCCAATTGAATATTCCTATAAAAACTAAGTCTAAGATTACATTTAGTATTGAAGAAACTATCAGAGCATAAAATGGTGTTTTAGAATTTCCCATTGCGCGCAAAATTCCTGAGCCTATATTATAAAAAAGGGAAACGCTCATTCCTGCAAAATAAATTCTGACATAGCTCAATGTCATATTAAAAATATCTTTAGGAACGCCCATGACAAAAAGAAGCAGGGGCGAAATAAGAACTCCGATTATGGAAAGGCTTATGCCCATAATAAGGGTGAGGCCTATAGAAGTGTGAATTGAATAAAAGAGCTCTTTAGTTTTCTTTGCGCCGAATAATTGGGAGATAATAATTGCTGCTCCGGCTGAAAGGCCGCCGAAAAGGCTTATAGGCAATTTTAATAAACTGAAAACGGAATCAATGGCTGCAAGTCCTTCCTTACCTGTAAATTTTCCCACAATGACGGCATCGGTTGCCGTGTATAAGTGCTGAAAAAAGTTTCCGGCCAAGATGGGAAGAGTAAATATTATCAAAGTTTTCCAAATTGTACCTTCGGTAAGATCCAAATTTTTTTTGTACATAATTTTTTTCCGTTTTGAGATTCCCCGTTAAAATCTTGGATTTATAATAGAAATAAAATTAGAGCTTGTCAATTACCGATAACAAAACCAAGAGCTAGACAAAGCTATACATTTATAGTATAAAATAATATGAAGTACGGTATTTCTGCTATAGCTTTTGACATCGACGGGACTCTCTATCCTTCATGGCGTTTTAATTTACGGATAATTCCGTTTCTTTTAAAAAATTTTAATTTAATGTCTGCTTTTAATAAGACGCGCAAAGATATTAGATTATGGCAAGAAAAAAATCCGGACAAAGTTTTGAGCAATTTTTTTGATTTTCAAGCCGAAATATTATCAAAACACAGCGGAAAGACTCAGGAAGAAGTTAAAGCCTTTTTGGAGACTGAAATTTATACCGGCTGGAAAAAGCGTTTTGCGCGGATAAAGCCTTACTTTTTTGCAAAGGAAGCTATAGAAAAATTTAAAAGCGAGGGCTTGAAGATAGGACTTCTTTCGGATTTTTTACCTGAACAAAAAAATGATGTATGGGGAATTTTACCTCTATGTGATACCGCCTTGGGGAGTGAAACTATTGGAGCTCTTAAACCCTCTCCCTTACCTTTTCAAAAGCTGGCTGAGGACCTAGGGGTGCCTTGTAATAAGATTCTCTATGTTGGAAATAATCTTAAATATGATATTGCAGGGGCTAAATCTGCCGGAATGTACACGGCTTGTATAAAAGGATGGTTCTCCATATTGATAAAGAAAGTCTTTTTTCCAAAATCATCGGAAAACCCCGATATTTATTTTTCAAACTATCGCCAATTATTGAAATTTATGATATAATCTGATAATATGTAAGGTAGGTTTTTTCTGCTTTCAGATGAGGCCTAAGAGTAAAAAAAGGTGGGATTTTTTAATGACATATATTCTATTCGATCTGATAACATTGGTAATTTGTGTGGGTATTGTTCTTGCTTTTAGACAAAGCGATAAAAGTAACCGATCCATAGAAAAGGCTAAAAGGTACGGCGATAAAATCAGGGTGGATCTTGAGGAATTTGTAAACAAAAAAAATTCCGATTTAACGGACCTTTCTACCGAACTGGATGTTCAGCAAACAAGGGCTATAGCTACCGTAAAAAAACTTGACGATATCTATAAACAATTTTTAGAAAATACTGCAGGTATTGAAAAACGCTCTGCTGCTATTCAAGAAATCGACAGATATATTTCGCAATCGGAACAAACGATTCAAAAATTGATGGATATGACCTCCTTAGCCGAAAAAAACTTAACTGAAATTACACAGGAGGCGGATTTTGTAGACTCTCTTGCAAAATCGATTAACGGCGCAAAGCTTGAACTTCAAAAACTCACAGAAACGATACCTGAATTACAGCAAAATTTTGCAGCTGAAGCTGATGCAAAGCTTAGTGAATATAAAAATAAAATTTTAGAAGAAATGGGGCTTGTAATAAGGGATGTAGAAAGCCGTCTTTTTTCGGCGCAAAAAGATACGGGAGAATTATTAGAAGTTACCTCCATTAAACTTCAGGATCTTTACAGGGAAGCCTATAATTCGGCTGCCGATAAGGCTGGGTCCCTGCAAGAAGCTGCATTTGCCAAGTTGAAGGAAGAAACAGCTGAAAGAGTTCAAAACTACCGAAAAGAATTTGAGGAAACAGCTTCCGAGATTGAAGCCCAAATGAATGATAATTTAAGTATGACAAGGCAAATAGCTTCGGAATTTAAAACGGAATGGGAAGCTCAAGCTAAAGATTATCTTGCTCAAATGAATTCTGATTTTTCCGAAAAAGAAGAAAATATTTCTTCCCGTATAGATTCCATTTCAGAAAGGTTAAAGGAAGTTGAAAATGCAGTTTCGGTAAGATCGGATGCTCTGTCTGCCGACTTGAACCAAACAGAATCAACTATGCGTTCTCAATTTAATTCTTTGGCTTCAAATTTCCAAGACAATGTAAATTCTTTAGCTAAATTTACAGACAAAAAATTAAATGAATTTAGAATTCAAACGGAAGATAGGTTCACTAAATTTGAACAGGCTATTGCAAATGTAGATGTTCTTAAGGAAGAAATTGAAAAACTTCAAGCCGGTATTAAAAATGAGATAATGGCCGATTTTTCATCTTATGTAAACGCTTCAAAGCAAAGTCAGCAAAACTTTTTTAACGAGTTTACTAATAATTCCGAAAAAATCCGTGAACGGATGAAAGCTATCGATGCAGGTATAGATGACCTAAAATCTAAGGCCTATACTAATGTTTCGGAAAAACTTCAAATGTTTGAAGACGAGTTTTTCTCTGACCTTGCAAAACGCAGCGAGGCTATAAACTTAAGCTTTGATCAGTGGAAAGAAGATGTATCGGCAAACATGGCTCTTCTTGCTTCTGAAAATGAATCAGCTAGAAAAGATTTGGAAGAAAAGTATAAAGCTGAGCTTAGAAGCCGGCTTAGTCAGACAGCCGACGAATATAAGACTCTTTTTGCAAAACTTGATGGGCGGGTTAAAGAAATTGAAATAGGTTTAAATGCACGGGTTTCAGCTGTCGACGGTACTGTAGAGCAATATATAGAGTCCTTCAGGGCAGATGTTGATCAAATAAAAACAAAGGCTTCTCAACAGCTTGAAAATGAACTTGCATCTTATAAGGCTCAAGTACA
NZ_CP038800.1_gap21	759498	760285	787	TCAGGATTTTTCTGAAGAACTGTCGGGCGGTAACCGTTTTGCTCTGTGGGTTTACTCTGCCCGTCAGCAGTTTGAGCAAATGACTAAGATTACCGGAATGGTAAGCCTTGTGCTTTCAGCCATAGCGGGAATATCTTTGCTTGTCGGGGGAATAGGCATTATGAATATAATGCTTGTTACCGTAACCGAACGCCGAAGGGAGATAGGCATAAGAAAGGCTCTCGGGGCTACGGGCGGAGCCATAAGAATGCAGTTTTTAATAGAGTCGGCTTCTCTTACTCTTACAGGGGGGCTCATAGGTATAGTTTTAGGGCTTCTAATCAGTAAGCTGATTGTAAATGTTTTCTTCCCTCCCGAAATAATCTTTTTACCCAATTTTTCGGGCTCGCTGATAGCCTTTTCGGTCAGCGTATGTACGGGAATATTTTTTGGCCTTCATCCTGCCATCAAGGCGGCTAGGCTTGATCCCGTCCTAGCCCTTGCAGAATAAATGAGGTTTTTCTTATGGATATTGAAGCTTTAGAATTGCGTGCCCTGAGTATTCAGGCCGCAAGAGAATTTTTTATTAAAAAGAATTATTTGGAATTGGATACGCCGGCTCTTTCAGAAGAGCTAATCCCCGAAACCTGTCTGGAAGTTTTTAAAACGGAATACATAAGTCCGTCCTTGTCAAAAGATACTCATCAGGGGAAAGCTCTTTTTTTGGTTCCCTCGCCCGAAGTTTATATTAAGCCGATAATAGCCCAAACAGCCCGCTCGGTTTTTCAGATTTCAAAATGCTACCGCA
NZ_CP038800.1_gap22	815865	819292	3427	GAAGTATTCACTTTGAGGTTAAAGCCGGCCTTTTTACCGAATTTTCTTCCGTCCTCGGCTATAAGGGTAATTTCAGCTCCGATGTCTTTGGTACACCACTCGTAGTCTTTCAAAAAGAGCGGTTTATACGTAAGCTCCAGTTTATCGTTTGCGGTTTGAACTAGAGTATAGTAAGTGCCGTATGTGGGCTGCGTTGAAAGGCCCGGAAAGCTGATAACCTTTCCTGCATCGGCGGGGGATGTAGGCATAACGAGCTTAATGTTTTTGGGGTTCGTCAGTTTAATCGTAACCTTTACCTCTTCCGCCGATGATACGCACTGCACACCGTCTATTGTTTTTGCCGGCTTATTTATGGCTGAATTCGAAGGGATAACTTCCGCCGACCAATTCTTCGGGGTCATCTAAAAACTGTTTACAGGCTGTAAGTATTATAGTTGTCAATAGTGCTGCTGTAATTGTTAAAATCTTTAAAAGTTTTTTCATAATTGTTTTTCCTTTATTTAGGGGAGGTTTCGATTATTCGTAGTACAGTATAGCACGATTCCGCAAATACTTCAAGTTTTGGATCCTCGTAAATTAAACCCTATTGCTAAAAAACGGAATATGGAATATTATATGTGTATGTGTCAAGTTATTCTACCCGATAATTTAAAAGGTTTTAAGATTTATATGATCGGTATTAAGGGTACGGGAATGACGGCTTTGGCGGAAATTTTGGTTTCGCGTGGAGCCGTGGTTTCAGGAAGTGATGTGCCTGAAAATTTTTATACTGATGATGCTTTAAAAAAACTTAATATAAAAATTTTTTCTCCCTTTTCTCCAGATAATATTCCTGATGATACAGGGCTTGTTATTTATTCGGCTGCCTATTCCCCCGATAATAACGAAGAAATGTATGAGGTAGAACAAAGAGACCTTCCTAAGATGTCTTATCCCGAGGCTATAGGAGCCTTGTCCCGTCATTCCTATTCTTGCGGTATTGCAGGCGTCCAAGGAAAGACCAGTACAACGGGGATTACGGGTTCTATCTTAAAAGAATTAAAACTTCCCGTTTCGGTGTTGGCAGGAAGCGTAATAAAGAGCTTCGGCGATTCATGCACAATGCTCGGCGGTTCAAAATATTTTGTTGCCGAAACTTGCGAATATAAAAGGCATTTTTTAAATTTTCATCCTAAAAAGATAATTTTAACGGGAGTTGAACCGGATCATCAAGATTATTATCCGACCTATGAGTCTATATTGACTGCCTTTTTGCAGTATATAGACAGACTTCCCCAATTCAGCGAGCTCTTTTATTGTGCAGATGATGATGGCGCTTGCGAGGCTGCCCGTTTAAGTTTTTCCAGCAGACCCGATCTTATTTTTATTCCCTATGGGGAAAAAGCTTCGGGAGATTATAAGCTGACTGTTTCAGGCGTACGGGATGAAAAACTTTATTTTTCTCTTGCCGGCTTTTCGGGAGAGTTTTATCTGCAGATTCCGGGAAAACATAATGCCCTAAATGCCGCGGCTGCAATAGCCCTTTCGGTGAGCCTTTTAAAAGAAGAATACGGCGAAATCTCGGTTTCCAATGTTTCTGCCATCAAAAAGGCCGTATCTTCATACGCCGGAGCAAAGAGGCGCACCGAGTTAATAGGTAAGATAGAATCTAAGGATATTTTGATTTATGATGACTATGCCCATCATCCTACAGCCATCAAGTCTCTTTTAAGCGGCTTACGCCAATTTTATCCGAAAAGAAGAATAATTGCAGACTTTATGTCCCATACGTACACTCGGACGGAAGCTCTTTTGGAGGAATTTGCTTCTTGTTTTGGAGATGCCGATATGGTAATTTTGCACAAGATTTTCAGCTCGGCACGTGAAAAATATCAGGGGCAGGTAGATGCAGAGCTCCTTTTTAACAGAACAAAAAAATATCATAAAAATGTCTTTTTCTTTAATGAAGTATTGGATGCAAAAAAATTTGTTTTAGAAAAATTAAAGCCGGGGGATATTTTTATTACAATAGGTGCGGGAAATAATTATGTTCTAGGTACCGAGATTTTAAAAGAACTTAGTTAAAATAAGGAAAAATATATGAAAAGTATGACGGGCTATGCCCTTACCGAAAAGACCGAACCTAATTCCTTTATAAGTTTGGAACTAAAAAGTTATAATTCAAGATATTTGGATTTAAATTTAAATTTTCCCTTTTGGCTTTCTGCCCTTGAGCCTGTTTTTAGAGCTTACTTTTCTGAAAGGATAGCCCGCGGGAAGGTTGAGGTTTCCCTCCGTGTAAAGGATGCGGATATAGATGTAGATATCCTTACAAACACTAAGGTTGCAAAGGCCTATGCAAAGGCCATGAGGGAGGTGGCTGAGGCTGCCGGAATAAGTCCCGAAATAGATATAAACCGTTTTTCCGAAAAAGAAGGCGTTATTACAATTGAAAGAAATATAGATATTCCTGCCTGGGAAAATATATTGTTGCCTATTTTTGAAGAAACATTTATAAAATACGATAAAACTAGGCTTGATGAAGGAGCTGTATTAAAAAAAGATATCTTAAGCAATCTGGACAGAATCTATTCTTCTATAAAGACAATAAAAAAGTATGCTCCCAAAATGGAAGAAATTTTTTGTCAAAATATTAAAGAAAAATTTACCGAGCTTTTAGGCAGCGAAATAAATGAACAGCGTATTATGCAGGAAGTTGCCGTAATGCTCGTTAAGTATACAATCAACGAAGAAATTGTCAGGCTTGAAGCCCATTGCGATGCTTTATCCCTTGAGCTTAAACGCAGTGTTCCTGTAGGAAAAAAACTCGACTTTATATGTCAAGAGATAAACAGGGAGATAAACACAATAGGTTCAAAAAATCAGATGATTGAAATGTCTCAGTCTATTATCGAAGTAAAAGATGCTCTTGAAAACATAAGAGAACAAAGCAGGAATGTTGAGTAGGATAAAAGAATGAAAGAGAGAACTTATAAAATCCCTGAAGGTAAAGAGTTGAGAGTTGCAATTTCAGGGCAGTCCGGCTGCGGAAATACTACGGTTTCTACATTAACTGCAAAGGCTTTAAATTTACCATGTATTAATTATACTTTTAAAAATATTGCAGAAGAACTTAATATTTCTTTTGAAGAAGTTCTAAAAAGAGCTAAAAAAGATTTTTCTTTCGATAAAATGGTTGATAAAAAACAGATTGAACTTGCTTCTACAAGCTCCTGTGTTTTGGGATCAAGGTTGGCAATTTGGCTTTTAAAGTCAGCTGACTTGAGAGTTTATCTAAGGGCCTCTATAGATGTCCGCGCAAAAAGAATTCAAAAAAGAGAAGGCGGCGATATACAAAAAATAAAGGCCGATACCGATTTGCGGGATATGGAAGATACACGAAGATACAAAGAGCTGTATGGTATCGATAATACCGAATATGAAAATG
NZ_CP038800.1_gap23	886243	890193	3950	CCGACTTTAAAACTATAATAACACCGGTTTTTTTGTCGGAGTGAATATAGCGTGAAAGGTACTCGTCTGCACCGGCTTTTACGCTGATTAAGCGTGTAAGGTTCATGTTCTCGCGTACGCGGGTAGCCAAATCCAAGAGTTTATCATTGAGTTCCGGTGTAACTTCAGAAATGTCCTTATCAAAGGCCGTTTTTGCAATATCTTCTCCGACAGCGATAAAGTCCGCATTTTTTGCAACAAAGTCCGTTTCGCAAGTCATTTCTAGCATAACGGCTTTTTTATTATCGTTTTTGATAACGATAATACCTTCGCTGGTTACTCTGTCAGCACGCTTTTCGACAGCGGCCAAACCTTTTTCTTTTAAGTATTTTTCAGCCTCTTTAGCGTCTCCGTTGCAGTGCTGTAAGGCTTTTTTGCATTCCATCATACCTGCACCGGTTTTATCGCGTAATTCTTTTACATCAGATGCTTTAATATCCATAAAATTTCTCCTATAAAAACTTCTTGGTCTTACTTATTTGTCGTCGTATAAATCCTCATCATTTACGAGAGAATTATCTTCTTCATCCTCATCATCTCCGGAAGCTTCATCTTTAGGAGTGTAGTTTGAATAATCGGTAATTTCTTCTTCTCTGTCCTGATAGGGATCAACGCCTGAATCACCGGACTCTTCATCTTCTTGAAGGTTTTCGATGATTTTAAGACCGTGCTCGTTATCTGCTTCGATAACGGCATTGGCTATTACGCCCGTAAAAAGCGAAATAGCTCTGATAGCATCATCGTTTCCGGGAATCGGATAGTCGATGCCTTCGGGGTTGCAGTTGGTGTCTACAACAGCGATGATGGGAATACCTAAGGAGCGGGCCTCTCTGATAGCAATTTCTTCTTTTCGGGTATCGATAATAAAGAGGATTCCGGGAAGGTCCTTCATCTCCTTAATACCGCCTAAGTTTTTTTCGAGCTTTGATTTTTCTTTTTGTAAGGAAGCGATTTCTTTTTTTGTAAGGTTATCGAATGTCCCGTCAACTTCCATTTTTTCGATTTTCTTAAGACGGGCCAAGCTCTTTTTGATTGTTGAAAAGTTTGTGAGCATTCCGCCGAGCCAGCGGTTATTAATATAGAACATTCCGCATCTTTCAGCTTCTTTTTGAATTGTCTGCTGGGCTTGTTTTTTTGTTCCTACGAACAAGACCGACTTTCCTTCCGAAGTTGTTTTGCGGACAGCTTCATAGGCCTCACGGATTGCAACGATTGTTTTTTGCAAATCGATGATATGAATTCCGTTTCTTTCCGAAAAAATGTATTTTTTCATTCTCGGATCCCAGCGTTTTACTTGATGGCCGAAATGTACGCCTGATTCAAGTAAGTTTTTCATGGTTACTACTGCCATGTGTTTCTCCTTTGGAGCTAAAAAGCTCCTGCCTTCTCTATTTCTCGGAACAGACTACAGCCTATCAAGCCGAACGGCGGCTAATCCTAGAGCCGTACATCCTTCCGGATATTTACCGTAAAAAACGGCATGGAGTTATTATATAGTTTTTTGAAGATTTTGTATAGTGCTTGATACCGTTTAATTAAAAAGAGCTTTATCTAAAACTTGAAATTCAGAACTTGAAATTCGGCGGTTTTTCGTTTAAAGAATCCTAAATTCGGTTTTATTTAAGATTTCATACAATTCCCTGACCGGAAGACCGACTATGCCGGTATAGGAGCCTTCGATTTTTTCGATAAAAAAGGAAGCCTTACCTTGAATTTTATAAGCCCCTGCAGCATCCTTCCATTCACCGGTTTTTAGATAGGCGGAAATTTCTTTATCGGAGAGTTTTTTAAAGAAAACTTTAGAAACACTGTGCTTTTCATTCAGTTGACCTGTTTTACAATCGAGCAGGCAGATTGCACTCACCACAAAATGAACCGAGCCGGAATGACTTTTAAGCATCATCTCGGCTTCTTTTTCGTTTTTAGGCTTGCCGAAGATCATTTTTTTATTTGGAAAGGCAGTATTTTCGGTAAAAACAAGGGTGTCTGCAGCCAAGATAAGCTTTTGAGAGTTCTCGTTTTGATGCAAGGTCTTAAAAAGGTTTTCAGCCTTACCCCGCGCAGTTAAAATACATCTTTTTACGGGATCTGTTTCAATTATTAAAGATTCATCAAAATTTGATTGCTTAATACAAAATAAAACACCCAGCGAATCGAGAATATCTTTTCGTCTGGGTGATGCAGAAGCTAAAATCAGCTCTTTCATTATTTTAGGTAAACTTATTTTTTGTTTTGTCCGCCAACTATTGATTTTAGGACTTCCATAGCTCTGTTTCTCACAGGAGTTATGTAGTTAAAGTTATTGGCAATTCTCATTATGCTTTCAGTCATACCCCGCTTATCCTTGACACTGGGGGCCAATTTTTCATAAGCATTAAGAACTTCAAGAGCCAAGGAGCTTTGAGGATTAATAATATCGAATTTTCTGTTGATAAAGTTTATCATATCTACAACTTCGTCATTATTGTTAAAACCCAATTCTCCTAAGGATTTAACGGCTTCCATGATCACTATCGGTTCATTATCGGTGTACATAACCGTCATAAGAGATTTCTTGGCTTGTTCGTTTTTGATTTTTCCTAAAAGACGGCAAGCTTCTCTTCGAACATCGGGATAGTTATTGGCAACTCTTCCATTTTCGCGTACAACCGAGGTAAGACCTACAGTCGCAAGAGAATCAAGGGCTTCCTGCAGCTCCGGTGTTACCCTTCCTCCATCAATAGCTTCTTCAACCATCTGCAAGGCTACAAACTTGGAATCGCGTCCTTCCGTTGTAACCATCTCTCTAAGAATTACGCCCTCCATTGAATTAAGATAGGCCTCTTCAACAGTCATCATAGAATCGGAATTCTTATCCTGTGCAAAGACAAAGGCTGATCCTAAAAATAATATCATCATTATAAAAACTAAAGACTTTCGTCGCATTTCCAATTACCCCCTTAGTTTGGTACGTATACTTTTATTTTCAATCATTTTCATTGTAAAGTCAAGTAGTAAAATCGGCTTTTTTCACTTTTAGTTCTATTTTTAAATCTTATTAAGGTACTAAAAGCCATCTATTATCGATTTTTTCAAGATTATAAAATATCAGCGTCCGTTTAGGCTCTATCTTGAAAACTCTAACCTTTGTCGGAGTTAAATACTCAATATCATCAACTCTTCCGTTTTGCCTTGCAGGAACAAAGACATAGTAAAAAAAGTCTTCAATACTTTTTAATTGTTTTCCTTTTAGATTGGAAGGGAGACCCTCACTGGCTTTTTTTAAAACTTCAGGCTTTGAAAACTCTTTTTTATATTCCGTTGAAAGCCAGTATCTCCAGCGTCCATAGTCTTTTTTTGCCGTTATATCGTTTAGTTTTTTTACAACTTCTTCAATTTCGGATTTTGCTATCTCTTTGTCCTTTTTAGTAATTGATACGCCCTCAAATTGAGCTATAACCTCTTCATCAGCCGATTTGGGGGCTTCAGCTTGAGGTTTTGCCTCTTCTACAGGTTTTTCAACAACTGCGGGTTTTTGAGCTTGCTGAGGTTTTTCTTCATTTACCTGAGCTTCAGCCGCAGGGATGGGCTTTGTTTCGGGTGCGGAGGCACATGAACCTATTAAAATTAGAACAAGGCATAAGCCTAAAAAATAAAAAGGTTTTTTCATACCATCTATAATACATTTATTTTCGGCTTACGTCAACTGAAATTCAAGGAAATCAATTTTATCGGCTGTTATAATACTTTAACCTATGCTATAATATGTCAAGCGAGGAAACGGCTATGAGTACGGCAAACAGAAAATATAAAGACTCGGTATTTGTAGATCTTTTCAGTGAAGATGAAAAGGCTAAGGAAAACTTTCTATCACTGTATAATGCTCTGCATGGTACAAATCTACCTATGTCTTGTCCTGTAGAAAATATAAG
NZ_CP038800.1_gap24	894515	895670	1155	TATAGCCCTTTTGGAACAGGTTCACAATGAGCCCGAAGACATTTCCGTCCGAACCCGAATGGACCAATTTTGGGAGGCTTGGCAGGAATTGTCGCTCTACCCTGAGTCGGATGCTGCCCGTCAGGTTGTCCGCACCCGAACCGAAACCTTAACGGATGCCATTCATCATCAATTCCGCGGTTTGCAGGGCATAAGGGACATGGTACACGGCGACATAGAAGCAACCGTAAAGCAGGTTAACGACTTAACAGGCCGGATAGCCAAACTAAACGAAGAAATAGTTAAAGTTAAGGCTATGGGGGACAATCCCAATGACTTGATGGACAAAAGAGACCTTTTAACCGAAAAACTTTCTTCTCTTATAGATATTTCCGTAGATAAAAGAGATGAAGACGAAACATATGTTATTCATACGGCCGGTTTGGAAATAGTACAGGGAAGAACACACCGAACATTCGATTTTAAGGCTTCAACGGAAAACGATAAATATGCAGATGTTATCTGGGAAGATTCCGGTAATTTAGCTCATTTTGAATCGGGTAAACTAGCCGCTTTGATTGAACTTAGGGATACGGATATTCGAAACGAAATCAGAAAACTGGATACAATGACAATGAACTTTGTCGATTTGGTAAACGATGTCCACAGAAATGCTATGAGTCCCAACGGAAAAACAGGCATCGATTTTTTTAAGGAACAATATTTTATAAACAATACCCTCGGTAATTTTGACAGAAACGGAGACGGAGAATATGATTCTTCCTATATCTTCAGAATAACCGGAACAAACACCCTTGATCCGCGTGAACAAATAGGACTTGAAGGAACTTTAACCCTTTCTTCGGGGGACGGTATTGTGCAGGTACCCTATTATTCGACGGATATGGTTTCAGATCTTGTAGAAAGGATTAACAGATCAGGCTCCGAAGTGGCTGCTTACCTTGACCAAAACAATAAACTTGTTTTAAAAGGTATGACAAGCCTTGATAAAGAAAATCCTGACTTTGTTATCCGGCATATCGAGGATTCGGGAAGATTTTTAGCAGGCTATTCCGGTGTGCTTTCTCAGGCCGGGCCGGAAGGTGCCTATGATTGGGGAAGAGCAAATGCGGTTGATGTATTGGCAGGAGCCCAATATGCGGTTTCTCCTATAGC
NZ_CP038800.1_gap25	898403	901719	3316	ACGAAAATACAAAAAAAGAAAAAAAGATAGAATATGAAAAATCTGATGAAACTCCGGTTATAGGTTATGCGGAGTTAGCAGAGCGTCTTGCAGTCATTGAAGCCGGCCTTGATCCCCATGCGATGGAAGTAGTGAAATTCTTTGTATTGGACAGCGGAAAGGATATAAAGGGCAAAAAGATAAAAATGTTTTTTCATGCTGTAACAAAAACAGGTAGCTTTGAGTTTTATGTTTATGGTTTAAAAGAAGACCAGGTTGCAGTTATGAATATTCCGGTAAAAATATATGATTCCGTTTGTGCCGACATAAAGAATAAAAAGAAATCGGAGGTCTTTAAGGCAGTCTATTTGGGAAACTATCTTTCATATCAAAATATTTTTACAGAGGGCAGGGATTAGTTAGTTTATGCTCAAAAAATACCTTTACCTATTTTTTGCTTGTCTTTGCTTTTTTATAAATGCTCAAGATAATAGTTATCTCCCTTGGAGCGATGTTGCCGAAACTAGTGAAACTTCTGCTCAAGAAAATAAAAATACCGAAAATACGGCTCCTCAAAACAGCAATGCCGAAAGCAATTCACAGGGGCAAGTTTCCAATACAGAAAATATATCTTCTCAGGCTGAAACCGGAAATGCTAATTCGGACGGGGCTAAAACTGAAACAAATACCGGCAGTATTTCTGAAACTCAGGTACAAGCAGAAGAGCCTAAGATAAACATTCTTGTTTTTGCTCAGGCTATGTCTCAAGTTCTTGCTTTAGACAAGGAGCTTTATGCAAAAAACTCAAAAGCAAGCTATATTGAAAAAGATAAACTGCGTTCAGCTAAAGTTGTGCATAAATTTTCGGGAGGTGTTACCGAGATAATGAATTCAGGAACCTTGCCCATATTTTTTGCAGCCGGTAAGGACGGATTTGTAACGCGTTACTCCTATCCTAAATTTGAGCCTGATACTTGGCAGCTTTCGAGTATGCCCATACAAAAAATAGCCGTACATCCTAAAGGAAAACTTATTGCCGTATACGAAACAAACGGATTCAGCATTCATCAAGTTTCTCTTTGGGACTGGGCAACAAAGAAGGCTGTATTTTCAAAGCGTTTATCCGATTCGGTCGTATCCCTTTCATGGTCGGCCAATGGAACCTACCTTTTTATAGGAAACAGATCTACGGACGGTATTACGGTCTTAGATACAAAAGGGATTGTACAAAATATTTACCAAGAAGCTCCGGGGATAGTATTTTTGGCCGCAACTTCTGCGAGCGAAAAAAATATAGTAACATACGGAGAATCAGGACGCTTGGTTTATACGGATATATCAAAGAAAAAAAAGATAAAAGAATTCAGAACCGAAAATAAATTGGAAAGTCCCAACCTTATAAAAAATTTTACCCGCATTATCGGATATAAGGATAATAATGTTTATGTGATTGATGCCGTAACAGGAAAAACCATATCTCAACATTCTGCCCGTTATGCTCTTTTTGCTTCTAAAATTCAAGATTCCGTACCTATCTGGATTGAAAGGACAAAGCGTAAAAATGAATGGTGTATAAGACAGGGCGATGCTTCTTCAAAAGGTTTTTATGTTCCGGAAAATTCAAAAATAACGGCAGCCCGTCATATAAAAAATCATATGATAATAGGGACTCAGGACGGCTCCATCTATATGCTGGGTTTAAATGATGATTCTTCAGTTGAGCTTGAAAGACCTCTTATATACTCTTCATCAAAAGTCGATGCTATTACCAGCGATGGATCTGTTTTGTATATATTAAAGGACGGGACAATTTATGCTCAAGATTCTCCTAAAGAAAAACCATACGCAATAGCTGAAGGCTTTAAGGCGAATAAATTTACTTTTTATAGTAACGGATTTTTGTTATGGTCCGATGCAAAGAAAGGAACCTCAGTATCTCATTATTCTCTTGATACAAAGGCTGTAAGAAAAATAATTACGCCGAAAGAAACTGTAATATCACTTTCGGTTTATAAAAACTTCTTCTTGTATGTAGAATCATTTAGCGGTGTTTCTATTGTAAATTTCGATACCGGAAAAAAAGAATTTGTGTATAATGCCCCAGGAATTCAAAGCGCTGTTCAGGTAGACGATTCTACTATTGTGATAGCAAAAAGTTCAATAGGCAGGGCTCAAAGCCCCGTATTTATAATAAATACCCTAACTGAAGAAACCGGCCCTATAGCCATAGAAGGAAATCTGGCTTTTTCGCTTGAACAGAATTCTTCAAGACCAAACAATCTTGTATGTTTTTTAGTAGGAAATCTTCCCTCAACCAAAACGGAATTATTGACCATAGGTTTAAACCGTATGAATTTAATAGACAGTACTTTTAAAGCCGTCCTTTCCTACAAAGAAGAAGATGTGGATGCCTTTTTGGAAGCTTCAGGTTCCGATATCTTAACCAATTTGGGGAAGACATCTCTTGTACATTATAGTTCATCTTCAAACCAAGCCAGAAGATTGCTCCGTTCTTATGGATTTCCAAAAGATGCTCTGATTTTAAAAAAGGTTTTTGTTAGTCTTAATTTCGGTGATACTCTTTCATGGTATGACCGTAAAACCGGAGCTCTTTTACAAACAATAAATATAGAGTAAAAAAAGAGAAAATTTTATGAAAAAGATAATTATTGTATTTTTTATCATGGTGTCAATAATTTTTGTATCTTGTTCAAAAACCGAAGAAGATAAGATTGCGGTTATTTGGACTGATAGGGCAGAATTTGTTTCTTATTGTGAGGTCTTTAATAACTCTCAAAATGATTATAAGATTATTGTAGAATATAAAAAAAATCCTGCCGATGCTCTTATAAATGCAGAAACTCCTCCCGACATTGTTATAGGTTCTTGGCTTAAGGGTAAATCCGCCCGAGTAAAATTTAAAAAAATAAATAATTTATTCGGCGAAAAAAAAATAGATAAAAACGATTTTTATCCGGCCTTATTAAATTTGGGAAGTATTTCGGGAAATCAATACCTTTTACCTATAAGTTTTAACCTGCCAATGATTATTTTTTCCTCGGCAAATAAATTTAAAACGGATAATGATTTTTCGATTTCGCCGGATGAAATTAGAAACTTTTCAATTCAATTTAACAAAATGAATAAAGGTGCCTATACCGCAATGGGCTTTTCACCTCGCTGGTCTGATGACTTTTTGTATATGAATACAAAGGGATTTAATGCTTCTTTTGAAGAGGAGAATGATTTTTTTTCATGGAACGATAAATCGCTTCAAAATGCAATAAATTATATAAGGACATGGAGTGAAGAGGTTAACTCTTCTGCCGGGGCTGAA
NZ_CP038800.1_gap26	965078	966074	996	ATTTCAACATTGCCTGATTTTGATCCGTCACGAATCATCAGAATAAAAGCCCTCTCTCCTCTTTCATTGGTATACTGTTTCTGAGGATAAAAGCCGTAATTCTTAAACCGCTTTAAAAAATTATCTGTTGCTTTCTCTCCAAGATGCTCCGCATTAAATACGACATCATTGACACCCTCAAGTAATGCGCCAAAATCGGTTTTTGATACCCCTCTGTTGTAATATTTTATAGTAAGATTTTCTGAGTTTTTATAATAACCCTCAATATATGGTTTAAAATCGCTGCCGTTCGGATAAAAAGTATTCCATGATCCTGCAAAAGCCTGATACCAATCGACTTCCTGTACCGGCGGATGTCTATCTTTCTGAATAAGCGGCATTTCATGCTTTTCGGCTACAGGGAATTTTTCTTCTACCTTTTGCTTCTCCTTATTTTGTTCAGTTTCATTATAGACCTTTTCTTTATTCTTTGCAGTAGGCTTATTATAATCTTCTTTATTGAGTATAATTTTTTCATTTTCCCTGTACCATTTGTCAAAGATACGAATTGCATCGTTTAAACCGTTTTCGGTGTTAAGCCTCTGCCAACAGAAATTACGAGGCGACCACCTCCAGCCGTGTGATTTTAAATCGTTCCTTATCTCTACATCAGGAGCTTTAGGAAAAAATAATTGTACCCGCTCCATTTCGGTATTGTTTAAAATTTTTATTTTATCGGTTTGTACGATAATACCGGTGTTTTGCTTATTCTCCGTATTTATAGACACCTTATTTTCATTTTGAGCTTGAATAGGTTTTTCTTGTACCCTTTGTTCTTCCTTTTTTTCAGGATCATTTAAGAAATCAAATTCAAATTGTCCGCCTGAATAATAAGCTTGTTTTTGATATAAAATATTAAAATCGGGAATTTTTTCCTTGACAGCTTTATGATATTCTGCTATATTATTGTATAGAAGCTGAGATTTATGGTTGCGTGGGTATTGTACCTGCGGGATT
NZ_CP038800.1_gap27	969624	971628	2004	AAATTTATTAAAGATCATGAAAAGTTTAAAGATTATTTTTCTTATATGCCAAAAATGGGTAAATTAGGGGAGATGAAATTTGAAAACTTTATGCAAAATACAGGATATCCTGTTGATAGACTTCGACAGGATAAAGAACAACATGATAAGTATGTAGCTTTAAATCAAGGTGAAAATATAAAAAGTCCTGATTATATAATTCAAGGACTGGATATATATGCTGAGGTAAAAGCACAATCTATAAATAATTCATTCGGAAAATTATATTGCTGTATAAACAATTATGAATTAGAAAAGCTATCAAACTGGCAAAAATTGCATAATAAAAAAGTATATCTTTTTGTATTTGAGATCAAAGACAGAGAAGAGGTACAGGATACCCCGTATATCATATCAATTGATGAAGTCATAAGATTCGTTGAGCTAAACAAAATAAAATTAGGGCACTATTATTGTTATCAAATTCCGATAGAATATTGTGTTAATTCTATTGAAGAAATAAAAACTAAGGAGAAAATAAAGAATGAAAAAGGTAATTTTTTACTATATGACTGTACTTTTGATAAGTACTGTATTTGTGTGCTGTGATAGAAATTCAGCATCAAAAGCAAAGTATATAGCTCTTGAGCCCGATATAACAAACTTAAAAGTCGGTGAAACTATAAAGGTTACGGTTAAAATGACGGATGGAAAAGGTAAATCCGTTTCAGTTGATAACTCTAAATTTGAGTGGTATATAGTTACAGGTGAAGATGTTATTAGTATTGTCCCTAATGGAAATACTGTAAAAATTACTGCAAAAAAAGTTGTTTTCGGCAATGCTATAATTAGAGTAGGACATCCTAAAAGTAATTTTACTAAATCGGTTTTGGTAGTAGTCGGAAACAGTAAAAAAGCAATTGGAATTGAACCTGATGGTATCAGCCAAATGAATCAGTTGTATTTAAGCAAGGCAAATGAATTTTTTACTGCCAGTCATCTTCTATTGCTAAATCCAGTGATCTTACAATAAAGCATAGGAGAAAAAACTGATAGAATTTTCACCAAAAATCGATCCGGCTGACTGGTTTATTTTTGAGGATTAAAGTATAATATTAACTATAAATATAATAATCTACGGAGAAAGAAAAATGAAAAAATTTAAATCATTTATGGTTTTAATAGCACTGGCAGCTATTACAGGTGGAATTACAAGCTGTGCTTTGTTTAGTGGTATGACAAAAAAAGAAAGTCTAAGCTATAAAAATGACAGACCTATTTTTGTTGGGGTATACCAAGGATTGAATACTGATAAAACCGTTACTGTTTTTACTGGATTTGATGTATTAAAAGACGAGTATTCCGGATATTACCATTTTAAAGCAAAAAATCTTGCAACATTTGGTCTTACAAGTTCACTTTGTCGATGTACTATAAAAGTTAAAACCGAAAAGGGACAAGATGGTGAAACTACTGTTCTTGTCAAAGCAAGTGAATCAAAATTACAAAATCCTCAAACTAAAGCTTTTGAAGATTATAGTCTTGATCTTGTAAATATTGAGAATGCAGTTGCAGGTGCAATAGTTGAGGTAATGAATGAGTCTGACAATGAGTTTGAACAAAAGTTAGATAAAACTATTTCTAATCTAGATTTTATCTATTCAGTATGTCACGGTATGAATTCCATTGCATTTAAAAAATGGATGGATGATATGAAAATAACAGAAAGAACTTTAAGTTTTACCATGCCTTTATACGAGTTATCTGAAAGTAAAGAAGAAGGTTATAAGTATGAAATTGTAGGTATTTTTACACCTGAAGAAGAGAAAAGAAACAGTTGGGTTACAGAGGATATGCTGATATTCTTTAAAACTAATAATGATAATTATATAAAATATCGTAAAGGTGAAAATATTACTTTAAAAGGAAAGATAAAAAGTATAGAGCAAAATAAATTAGGTAAAGGCTATACTATCAATATGATTGAGTGATTGATTAAGGAAACTTCCTGAGTAGTATTAAAAA
NZ_CP038800.1_gap28	1042103	1044818	2715	TTTCGACTAACGGTGCCCGAAAAGGTTTGACCGATACGGCTCTTAAAACATCTGACGCAGGTTACCTGACCCGCCGTCTGGTTGATATTGCCCAAAACGTAGTTGTAAACGAAGAAGACTGCGGTACCATTAACGGTATCGAATATGCCGCAATTAAACGCGGAGACGAAATCCGCGAATCCTTGAGCGAGCGTATTGCCGGAAAATACACTCTGGAAAGGGTTATTCACCCCATTACGGGAGAGCTTCTTATCGATGTAAACGAATATATTACCGATGAAACAGCTAAGAAGATAGAAGAAGCCGGTGTTGAAACCGTTAAGCTCCGCACCGTTTTAACCTGCGAATCCAAGCACGGTGTTTGCGTAAAATGTTACGGACGGGATCTTGCCCGAAACAGGATTGTCCGAATAGGGGAGGCTGTAGGTATTATCGCAGCCCAGTCCATCGGTCAGCCCGGTACTCAGCTTACGATGCGTACATTCCATGAAGGCGGTACGGCTTCTAAAAATGTTGAAGAGAACAGAATCGTATTTAACGATTATTCTATCATCGTTCGCGGTATAAAGGGGTCTTATGTAACCCTTAAAAACGGCCACTTCCTCTTTACAAGAAAGGGCGAGTTTACCTTCAGCAGGGTATTGAACGAATATGCTCTTAAAAAAGGTGAAACAGCTCTTGTAAGTACAGGCACAAGGGTAGTAAAGGGTAATCCTCTTTATACATTAAAGAACGGAAAGGAAGTGCTTTCAGAAAATATAGCCATTGCCGAGGTCAGAGATAATATTATCTATTTGACAGGTCAAGAGCAGACAATAGAGATAAGAAACGGTTCAGAGGTTATAGTAAAAGAAAATGATGTTATAAAGGCCGGAGAAACGGTCGGTACCTTCGACCCCTTCGCCGATCCTATTTTAGCTGAATATGACGGCTTTGTCCGCTTTGAAGATATTCTTCCCGGTACAACCCTAAAAGAAGAAGCAGATGAAGAGACAGGCGTTGTCGAAAAGCGAATAAGCGACGCTCACTTTGATAAAATGCAGCCCCGTATCTTTATCTCAGATGAATCGGGTAACCCCGTAGGTGAGGACTCTTACTTCCTCCCCGGAGGTGCTCAGCTTTTGGTTGAAGAAGGTCAGGAAATTAAGGCCGGTGCAATCCTTGCAAAGATAGCAAAAGAGTCGGTAAAGACAAAGGATATTACAGGAGGTCTTCCTAGAGTTTCGGAACTCCTTGAAGCCCGCAGACCAAAGTCCCCAGCCGTTCTTGCCGCTATAGCAGGTGTTGTTACCATAAAGAAAGGCTTACTCAAAGGCAAGAGAACTATTGTGGTTAAAGACGAATACGGTCATGATGTAAAGCACTTGGTCCCTATCGGAAAGAGAATGCTTGTCCGTGACGGAGATACTGTAAAAGCTGGAGAGCCCTTGTGTGACGGCAGCTTTGATCCGCATGATATTTTAAATATCCTCGGTGAAAATGCTCTTCAAAACTACTTGATGAAGGAAATCAAGGAAGTTTACGATGCTCAGGGTGTTACCATCAACGATAAACATGTGGGTATAATCGTCCGTCAGATGCTCCGAAAGGTAAAGATTGTTTCGGTTGGAGATACCAAGTTTATCTTTGACCAGCAGATAGATAAATACCGCTTCCATGAGGAAAATAAGAGGGTTAAGGAAGAAGGAGGTCAGCCTGCAGTTGCCCGTCCTATGTTCCAAGGAATTACAAAGGCAGCCTTAAACATCGACTCCTTTATTTCTGCCGCTTCTTTCCAAGAAACCACGAAGGTTCTTACAAATGCCGCTATTGCAGGCTCTTCGGATGAGCTTCGCGGTCTAAAAGAGAACGTAATTATCGGCCACCTTATTCCTGCCGGAACAGGGATGAAGCAGTACCGAGATATTAAACTTTTCGATAAAAACAAGAGCGACTTGGATATTCAGATGAACGAAATCCTTGAACGCCGAAGACTTGAAGCGGAAGCTGCTCAAGCCCTTGAAGAAAAAGAACTTATCGAAGAAGAAAGCTTTTTGGATGATCTCTAGGATTAGGGGAGGAAGGACACCCCGACAGAACAGGTTTGCCTTGAAGCTGCGCTGGCTGTACCTTTCCTCCCCTAAAACCCCTCCTTCCTTTTCCGTCTGCCAAAGGGCTTGCTGCCCTTTGGAATCCCGCAAATTATCATAGGATTTAGGTTACTCTTTGGTTGAGATTGAAACAAAAGGATTAAAGTAAATTCAAAGATTGGGAAGTAATTTTTTTTTCAGCATTGACATATTTGAGGTTTTAAAGTATTATTATAAAAGAAACTTATCTTAAGGAGTTTTTATGAATAAAGTCAAAGTAATCGGTGTTGTAAAAGCTTACGCAATAACAGCCCTTTTTATTATTTGTATCGGCTGCCGATCTTTTTCCGGTTCGGACGAAGTCATTAAAGGAAACGGAAAGATGGAAACTAAATCATTCCCTGAAAGCGGTTTTAATACTGTTTGCATCAAGGGCGGTTGGACTGCCGATATACGGTATAGCGAAACCTTTTCCATTCAAATTGAAACGGATGAAAATATTTTCCCCTATTTGGATATATCTCTTACAGGTACCACTCTTAACATCGGTTTTAAGTCTGGATACAGATACAGCATATCACCGACTCAGTGTAAAGTTTCTATCACAATGCCTGCTTTAATAAAGTTGCAGACGTTCGGTTCACTT
NZ_CP038800.1_gap29	1045845	1046647	802	CCGCTTTATTCCGTGGAGAAAGAATACATAATCAATTGGTAATGGATAATTTGTAATTGGTAATTAAAGTAGCCTACGTACGGTATGCGGTAATTACACATTAAACATTACAAATTATCAATTGATATAAGGGAGGTTTATTTATGAGAAGAGTAGACAGGGCAGTAACGGATAATCGGCAAATACAATCAATTATCGAAAAAGCAAAGGTTGTACATATCGGTATGATCGATAATGACAGGCCGTATGTAGAGCCGATGCAGTACGGTTTTATATTTAACGAAGGCAAATTGACTTTATATGTGCATTGTGCAAAAAAAGGGCGGAAGCTGGATATTATCAACAAGAACCCGCATGTTTTTATCGAGCTTGAAACGGAAGCTGTGATTATTTCCGGAGGAGAAATTCCGTGTGCGTACGGATCGGAATATGCAAGCGTTATGGGAGACGGCACAGCTGTTTTTGTTGAAGATGTAAAAGAAAAAATTTTAGGCTTGCAGCTGCTGATGAAAACACAGACAGGCAGAGATTTTGAAATAACCGAACAGATGACAAAACAGGTTACTGTTTTACGTATTGATGTTCCATGTGTAACAGCAAAAAGCAGAGCTAAGGTTTAATAGGAGGATACTATGTGTAAAGAATGCTATGTAAGTGAAAACAGAATTACCCCATTACTGAATCCCGTAGATTGCTTGGAAAATCATACGCAATATATCTGCGGAACCTGCGGCCGATGTATTTGTATTGAACATGATCCGCAACGGGGTTTGCAAAGATGGAATTTCCCGTTTAAATCATT
NZ_CP038800.1_gap30	1051582	1055836	4254	GCGGTTATATTTCTACCCATATCGCAATGATGGATGCTCTCGACACAAAGGAGATGACGGGCAAGGCTATTTTAAGTCACACAATAGGCGGTCTCTTTGCAGGCTTTGTTGCCCACCTTATAGCCTTTGTGCTCTAAACTGATGGCAAGCATAATGATTCAAGGGACTACCTCCTCTGCGGGCAAGTCCCTTTTTTGTACAGGCCTTTGCAGAATCTTTAAAAAGAAGGGCTTAAAAGTTATTCCTTTTAAATCTCAAAACATGTCCTCGATTTTTTTTACCACAGCTGACGGGAAAAAAATAAGCAGTGCCCAAGCCCTTCAAGCGAGGGCTGCCGGTATTGAACCCCGTCCCGAAATGAATCCGATTCTCCTCATACCCAAAACGGATGTAGGCTCTAAGGTTATAATCTTAGGGGAAGAACAAAAGGAGATGAAGGCAAGGGAATATTTTGAATATAAAAAGACCTGTAAACCTATGATTTTGGAAACTTTTCAAAAACTTGAAAAGGAAAACGATATTGTTGTCATAGAGGGGGCAGGAAGTCCTGCCGAAATAAACCTAAACCAAAACGACATTGTCAACATGGGCATGGCCGAGATGGCCGATGCTCCCGTTCTATTGATTGCCGACATCGACAGGGGCGGCGTCTTTGCCCAGCTCTACGGAACCGTAATGCTCCTCCCCGGAAAAGACAGGAAAAGAATTAAGGGCATGATTATAAATAAATTCCGCGGAGATAAGAGCCTCTTAGATCCCGGCATCAAGATGATTGAAGACCTTGTAAAGATTCCCGTGATAGCAACTATTCCCTACATGCACTTAGAACTCGCCGATGAGGACAGCCTCATAGACGACGATAAAAAATGCAATACCCAAGCCCAAAGCGATGCCGAGCTCGAAAAAGAACTGGATAAACTCGCTGCCCTCATCGAAGAGAACAGCGATATGGATTTTATCTGTAAAACCGTAGGTATTAAAAGATAGCTTTCAATTTATTTTTCCTTTTTTCATAATGCAGGAATAATAGTATAACTATAATTGAATTAAATTCCCCTTACAAAACTGCGTTAAGTGTGGTATAATGTATGTCAAGGAGGGAGTATGACAAAACGTTTTGAAGACCTGACCATAGCCGACGATTTTATGTTCTGCAAGGTCATGCAGGACGAAGCAATCTGCAAAGAATTCCTTGAAATGGTCTTAGCCGGCAAAATCGGGAAAATTGCCTGCCTGTCACCGCAAAACACCGTAGCGGCCGGCGTTGAAGCAAAGTCGGTGCGTCTCGATCTGCTCATAAAAGACGAAACGGGCAAATTCTACGACATTGAAATGCAGGTAAGCAATGAGCACAATATCCCAAAACGTATGCGCTACTATCAGGCGGCAATCGACATCGCATTCTTGGACAAAGGTGCTCACTACAAAGCCTTAAACGACTGCTACATTATCTTTGTGTGTCTCTTCGACGCGGTCGGAAAAGGCAAGCCCCTCTACACGTTTGAAAACATCTGTCTTGAGGACAAGGAAACGCCCTTACAAGACGGCACAAAAAAGATTATAATAAATGCGGAAGCCTTTAATAAAGCCGAAGACGCAGAACTAAAAGGCTTTTTAGAATACCTCAAGACAGGAACGGCAAACACTGAATACACAGGGAGGATAGAAACGATGATACAAGCAGTAAAACAAAATGAACAAGCACGGCAAGAATACCGCTTTATGTCGGGATTCGAGATGGATGCCCGGGAAGAAGGCAGAAGCGAAGGCTTTTCCGACGGCTCGCATCAAAAAGCCCTTGAAACGGCAAGACTGATGCGTGCACATAATTATCCGCTTGCCGAAATTTGCACAATATCGGGTCTTTCCCGCGAAGAAATTGAAAAACTGTAATTCGGTTTATTCCCCGCACGTCCTGTGCGGAATTGTTAATGGAGAATTGATTCAGGCGCAACATAATGGGGCGCACTCCCCCAGCATAATGGTAGGCAGTCTACCACGGTAATGGGGTACAGTGCCCCAGCATAGTGCGGGTACATCCCGCAGCGTAATGCGGGACAGTCCCGCAGGATAATGCAGCACACCTCTGCACTATAATGCAGGACACAGCTGCGCTATAATGCAGGAGAGCCCAAACACTGTTAAAATTTCTTTGCGCTCTTTGAATCTTTGCGGTTAAATAAAAGAAAATACACCGCCAAGGCCGCAAGGGACGCAAAGGGTAAATTTAAGGATCATATTAAAACACCATTGAAAAATTCTTTGCGTCCTTTGTATCTTTGCGGTTAAATTATAGAATTTTTAATGGAACACTGCCTCGTTTCTATGGGCTAGGGGGCAGTAGTTGTTAATTTCCCATCATTATCCACATACCAGTTTTGAGCCCCCTTCTTTGTAACTTTAAATTTATTTGCATTTTCAGCAGTAGAACCGGTTAAAACTGTGGTTGTGTTAAGATAATTACCATCTGGCACGGTAATTCTTGCAGCTTGGTTTTGACCGGCAGTTAAGGTACCTGTAATTTTAATTGTCTTATTATTGAACAGATAAACATCATTTCTACCGTGTGTATGCTCATCTCCGTCGGTTGAAGGTGTTATTTTGGCAACTTCGGATATATTAAATGTTCCGTTTTCAAAATAACAGCCGCCTCCTTGTCCGGCTGTATTTTTTTTAATTTCTCCGCCTGACATATTTAATGTTCCCCCTGCTAAATATATCCCGCCTCCTCTTAATGTCGAAGAATTTTCATCTATTATAGCTGAAACTATTTTTGTATTTCCTTTAGTATAAATTCCTCCTCCATAATTTTTTGCCTCATTTTTATATATTTTAACCCCGCTAAGTTCAAGAGTGCCACTGCTACCTACAAATATCCCGCCTCCATGAGCAGTGGTCGAGCTGCCTGTGTCTTTAAGTGCTTTACAATTTTGGATCAATGAGCCGTTTTCAATCTTTAAAGAGCCTCCTAGAACGACAATACCGCCTCCATTTGATTTAGCAGTACAATTGTCTATAGTTATTCCTGATAAGGTAACACCTCCACTTAGAATCTCTATGCCTCCGCCTGAATCTGTTGAATAACCGTTTTTTAGTTCAAGGTTCTCTAATCTAACTACAGCATCGTTTTTAATCTTAAATATTTTATGTTTTTTACTAATGCCGCTGAATGTAAAGGTATCAAGATTAAGCTCCATAATATTTCGTGAGGAAGGATTATTTCCCTTAATAGTCATATTCTTCGTTATTTCTATTGTGCCGTAATTTTCTTCATCAGTACCGTATGCGGCCGTAAGATTACTATTAACAAGAATAGTATTATACTTGCCTTCTTTAACGGCTTTTTTTAATTCTTTCCAAGATGTAACAGTTATAGTCTTGTTTGCAAGCTCCAATTTTCCGGCAGCATTGATTTTCCACTTTTTACCATCAGTATCATCGGTAACCTTGAATTTGGATACTTGATCTGCAAGTATAACGCCGGGAGCGGCTGTTAAGACAGTGATTGTAGGATTACCTACCGAAGGATAGTTTTCAGGGCTTATTCTGGCGACAGAGGTTTCAGTTAGTGAACCTGTAACAGTGATTACCTTATCTGCAGGAAGATAAATATCGTTTTTTCCTAGTTTGTTTTCATCGGGGTCCGCAGAAGGAACTATTTTTGCATCGCCGGATATTTTGAAAGTTCCGTTATTGTAGACTGCCCCTTCAAGTTTTGCTTCATTCTCTTTTATTTCCCCGCCTTCCATTATGAGTTTACCTGAATTATATATACCGCCGCCATTGCCTGTAATAATGCTTCCGTTAGAGTTTTTTGCCTTATTTCCCTGTATAATACAAGAGTTTTTTACAGTAAGAGTTCCGTGTTCCGAAATATAAACACCTCCTCCTCCGTCAGCACCGACACTTGATTCATTATTTAATATTTTTGCACTACCCTGTAAAACAAGACTTCCTTTATAAAGATATATACCCCCTCCTTTACCGTTACTTTGACAAATATTACCGCTTATTTCGGCAGAGTCTTCAATTATGTTTTCACCTAAATTGGTATGAATGTAAATTCCGGCTCCTTTTTCTGCTGTATTGGATAAAATCTTTGATGAACCCTTTATCCATAATCTTCCATCAGAAGAGCTGCTTATATAAATTGCACCGCCTTCTCCTAAACTTGCATTATTTTTACATTCAGTTATAGTTACATTTTCAAGTTCTAATGATGCTCCTGTTACATGTACTCCTGCCCCGGGAGAG
NZ_CP038800.1_gap31	1142181	1144569	2388	TGGATGATAATCTTGTTGTTATGCCATTTTACGGCCCCCCTAGTTCAGTGAAACTGGAGCGTAAATATAATATTTCTATTTTTGATAAATTTGAAGCAGCCTCCGTTTAAATATGATTGAAACTTGTATTTTTTTACCTGATAATTTAATGACTATACTCTATGAAGAACAAAAGCTTATTCAAAGTCTTTTACCTTTTCCATTTAGAAATAGAATCCCTGTTTTTAATTCAAAGCGTAAATTTGATTATATTAAAATTTATCCGCCAATTTTGTCAGGCTCTCTAATTGTAAGGCCTTGTAATTCTCACGATTCTTTTGAGGTTAATGGAGGCTTTATCTTAGGTGATGCACATGAAGAGGCAAAAACAATATTTTTACAACTTGAGAGCTTAAAACAAAAAACAAGCCTGCCTGTTTTTTCAATTTTGAGCTGCCGCAGCTGGTACTATGCGGATGTTGAATTTGAAGAAAAAAAAAGCGGCCTATGCACATGGAAAATTAAAAATAAACTCTGGCAAAAGACCGCTAAATGATTCTTAATAAGAGATTTTTACACCGATGTTAAAGTAATGATTAAACTCTTTTCCGACGGCTTGTTCTCTCCATTTTTTTAACTGCGTATTGGCCGCATTAAGTACTTGTGCATCAGTGGCTAAATTTGCAGCAGGAATTTTTTCATTATAAATATGGTTATTCACTCCCGGATTTATATTTGCTTCAAATGTATAACCCAGTTTAAACTGCATTAAACCGCCTGATTTTAAAATCGGGAGGTTAATAACTCCTTCTAATCCAAGCTGATTAACATATTGAATTGTCTGCTGGGTTAGGAAGGGAGTGGAGTAAAGGAAAGCATGATCTTTCCATGTAGTTGCTCCGGTAGAATCCGATCCCGTTATCGTAGGATGATTAAATACGGAACCGTCTGTTGCATAATTTTTTGTAAGATAGTCTTTTAAAATATTGATATCGGTAATACTTTCAGTCGTATTAGCATGGCGGATGAAAGCATTAGAAAGGTTTATATCCAAACCATGTATAGGCCTAAATTTTACTTTAAGCTGAATACGGTCAGAGTTTGGCGGTAAATTACTGCCGAGAGGTTCTCCGTGATGAGTATAATTCTGGTAATTAGGCATATCAGCGCTATGATGATCAACATGTGTATACATATACGGCATAACGAAAGTGTAACCTAAATCAACAAAAGAAAACCAATGTGATTTCGGCATAGTGTATGAAATGCCGAATTGTCCAGACATGCGCCATAACGCACTCTCGAATTTAATGATTTGTGTCAGGCCAATATCATCAACATATAGTGCAGAATCAAAACGCAAACCTTTTATTGGTTTAACAGTAAAACTTGCTCCTATCACCGTGTTGTCTGGAAATCCGTAAATGCTTTGTCCTAAATAAAATACTGAAAACGGAATTAAATAGATAGGTTCAAATCTTCCTCCATATATCATTGTATCAATAAGTGAAAAAGTTAGCCATGGAACTGGTCTAATATCAAGTGAATGAGAGGCAAGAAATTTATTAGGAAAAATACCTGTATTTTTATCAGTAGTTGCTGCCAATAACAATAAAATCTGATTGTATGTCCATTTTTCTTTATTGACAGTAAAAATGAATTGACCTGAATGAAATGCATCTTTTGAAATGAAAATACTATTGTCGTGAAAAGGCCCATATGAAGATCTCGATAGACCTCCAGTAAGGTAATATTCAGGAGTTCCTATCGTTATGGAAGTGTTAAACATAGGTAGTATTCTAAATTTACCTATATGTGTACCGTTATCATCGGCAATATCTTTATCTGACTGTTTATACATAGGAAGTAATGTTTCATCATCTAATTTATTAAATAATGAGAAATCCATATAACCTGAAACAGTCAAAAAACTAGATATTTGGTAATTCAATTCAGCAATTGGTGATAGAAAAAATTGATTTTGTTTTTTGTTATTTTGTGTAACAAATTTATAATTCGTGCTACCTCCAAAATGAAAAGGTCTTCCCAAAAGACGGGATTGATGTTCAGTTGCTTTTTTTCTCTGGCCTTCGTCACCTTTTTCCATAACAATGTCTAGTATTCTTTTTATTTCTTGTAAGGGATATGGGCGAATAGAGGGGATATTGTTAATAAGACCGATATTCTCCCAAATATTTAAATCATCATAAAATGGATCAAATAGATCTACTGCAGCCTGAGAAAAAACCGATAATCCGAAAGGGATAAATAGTATAATAAAAATTTTATTTTTCATAATTTATTTCCTTAGTTCTTAAAATAGATTGTCTAATTAGCGTATAGAATATATTATAGCACATAAAAAGTCAACCGAATGCCCTTTTATTTTTCCGTGTGCTATGGTCCATG
NZ_CP038800.1_gap32	1146560	1147073	513	GCTGTCGGACTTTTTTTTGATAAAAGCTTTAACTATTTTTATTGCATTTTTTAATCCTTCTCCGCCTCCGGCTATTAATACTATTTTTTTATTTTTCGGAATTCCCAATTTTTCTTTTATTGAAATTATTTGTTCTTGCGGGTAGGGAACATCAAATTTTTCTGAAATAAGTAATGGAAATTGATGTAGTCTACTTGCAGGAATATTGTGTTTGTTTAAGCCTTCTTGGAATGCTTTTTTTGGAAAAACAATGAATTCGGTGTTTTTTTCCAAAAACCATACAGGATGAACCGTAAAAGGATCCATTACTATACTGATGAGCGGAATATTGGGATTTATCCTGTTTATCGCTTCTCTGCAAATAGGAATAAGGGTATGATGTAAACATACAAGTTTTGTAATTTGGTTTGATCTTAAAAATTCTACTAAATTTGGAACGGCATATGGAACTATTATTTTTTTTAAAAATGTCAGCACCGGTTTTAAAGAACATAATTGATAAAATGAAACATA
NZ_CP038800.1_gap33	1338636	1342445	3809	AAAAAAATATCCTAAATCTTCGCTGATTATAATTGAGCCCGACCTCTTTGTTTTTTTTCTTTTTTTACAAAGCCGTCCTTTGGATGATTTTTTTATGCACGAAAATCTGATTCTTCTTTTAGGCCTTTATCCGAAAGATGTGTTGGATTTTTTTGAAAGCAAATCTTTTTTTGCGCTTCCGATTTTTAAAATTCATTCCTTGATTGATGTAAGTGCTTCTTGGTTTTCAGAGTTTGAAGCCTTAAAAAAACGGAGGAATGAAAAAACAAATTTAAACAAAAATACCTTAAAAAAATTCGGAAAACTTTGGCTTAAAAATTTTTTAAAAAACAAAACACAAGTAGAAAATCTTCCCGGCATCTTGCACCTAAAAAATCTTTTTTATTCTTATCCTTGCATGATAATCGCTGCCGGCCCCGGCTTGGATGACACGATAAATCTTGTAAAGGAAAATGAAGATAAGTTTATAATCATTGCGGCAGATACGGCTGTAAGGGCTTGTCATAGGCATGGCCTAAAACCCGACTTTATTCTTTTAATGGATGCTCAATATTGGAACTATCTTCATCTTGCAGATCTCGACATTTCGGATTCGATTCTTATTACCGAATCTTCCGTATATCCGGCCGTTTTCCGTCTTAAAACAAAAGCCAAGTTTTTATGCACCTCTATGTTTCCCCTTGCTCAATATATAGAAAATCTTATAGGCGAAAAGGGGAAACTTGTTACAGGCGGTTCCGTTGCAACAGCTTGCTGGGATTTTGCAAGAATTTTAGGCTGTCCTGAAATTATTTTTGCAGGCCTCGATTTAGCCTTTTCCGATTTTCAAACCCACTTTAAGGGGAGCCGCTTTGAAGAAGATGTAAATGCTTTTTCAAACAGGTTTTTTCCTTCGGAAACAGCTTCTCATCTGAGTCTTTATTCCGCCTCACCTCAATTAAAAGAAGGCTATGAGGGAAAGGTTTTAAGCGACAAGAGAATGGAGATGTATGCTTGGTGGTTTGAAAGTAAGATTGCAGAATTCCCCGATATTAAAACCTATAAGCTTTTACCGCGGGGCTTAAAAATTCCGAACATGCCTGCTTTAAGCAAGGAGGGATTTTTACTGAAGGCTGATAACTCTTCTTATTCAGCGAAGATAAAAAAGGAAAAACTTAATGCCCTATGTTTCCTTAAAAATACAAATAGATTTAAAGAAAATAAGCGAAGCCTTGACTCTGCAATGAAAGAACTAAAAGCCGATATGGAAACAACAGAAAATATTTCGAAAGAGGCCATGAATATTTGTGAAACTATTTTATCCCTTTTAAAAAGCAAAAAACATATCGAAGAAGATTTTTTTAAAGATAGTATAAAAAAACTGAACCTTATCGATGAAAAAATTAAAACCGATAAGACAAACGCAATAATCGGTTTTGATCTTTTGTTGAGAGAAGATAGCGGAAAGGAATCTGGGCCTAATGCTAAGCAGCCGATTTCCGTTTATGAAGAAAATCTTTTGCTCTATAAGAAAATATATGAAGTATGTTCAGCCCTTACAGGATTTAATTTCTAAATATAAAAAAATAAACAATTCCGTTATGAAACGAATGTATCAATATTATACAAAGAGCTGCCGCTATAAAAGCTGTTTTTTTCTCCCGTTTGGATTCAATATTTTTTTTGATTATAATATATAAAAGTCTAAAAATAATGCCTGCTGCCATAGCATAAAGCACATTAAAAGAACCCATGTAGCGGTGAGCAAAGGCAAAACAAAGTATGGGAAAAACTTCAGAGCTTAAAAAGCATGATTTAAAGAATCCGGAATTTTCTCCATAAAAGCTTTTTATCCTAAAGGGTAGGTATATGCGGTATAGAATTTCTTCATAAGATGCCAAAAAAACTATTTTTCCCATAAAGGCAAGTATATTAAAAAATCCTTCCGGCTTAGAAGGGAGGGTAAAATTGCCTGTATTTAAGATTGGAGGAAGCACAAAAATGCTAAAAATAAAGATAAATTCCAATAAAATTCTTATAGTCTTCTTATCAAAATGCATAATTTATGCTATTATAACACAAAGCGGTAAATATGTATATTATAATTATTTGTGCAGTTTTGTTTCTTTCACTGATAGCGTTCTCCTTTACTTTCCCGGGCAGAAAGGCCTTGGATTTTTTGAGGTTTTTTGTTGAAGGTAAGGATAAGGGCTTTTTATTTTCTAATCTTTTTTTATTGTGGCGTACTGCGAACTATGTAAGGCTTGAAGATAAAACGCGTCTTTTTTGGTCGGTAGCAGCCTTGGATGAATGTATCCGTTTTATCGCCCGTCAAGTTGAAAATCCTATGGATTCCGCTATCTCTGAAAAAATGCAGGTTTTGCTTAATAAACTTTATGATTATCGCACAAAAATAGAATTGGAAGAAGTTCAAAAAAAACGAAGTTTAGAGTCCACTCATGAAATTTATGTCGGACAGATTTGTATTATATTTGTTGCCGGTGAAACAACTGTATATGCTAAAATTATGGCTAACACAAAAGATTACTTGGTTTTTGCTCTTTTTGATGCTTCTGCACAGCGTGCAGAGAAGATAAATTGGCAGGGAAAGGCTGTAAGAGTTTACTTTTGGAAACAAAATGACGCAGGATATATTTTTACTTCGGAATCCGTTAAAGCTAAAAAAATCGGAGACCATACGGAAATCTATATTAAACACTCAAAAAAAATAGTCCGTACCCAAAAACGAAAATCCGTAAGAGCCTCCTGTGATCTTCAAGGTTTAATGTTTCCTCTTCATGCAGGAGATCCTTATAATTCCAATTATGAAACTGAAGGAGGGGTAAAAACTAATATAAAGGACTTATCTGAAACCGGAGCAATGTTCTATGTGCGCGGAAAAGCTGCAAAAGGTATAAGAATGAAACTTCAGTTTCAGCTTAAGAATGTTGAGATTGTCATGTGCGGAAAAATAGTACGCTTTATTTATGATCAGCCCCTTAATAAATCTCGGGTACATTTTAAATGTGAATTCTTAGATCAAAAAATGAAAAATACCATACTTTCATATATATATAATATTGCTACCGGCGATAATAATGGGTTTATAAATCATCTTTTAGACGATACAGCTTCAAAGGATGATAAAGAAAAAAACGGCAAAGACTCTGCTTTAGAGGAGAGTGCAGCTCAAGTTCCATTTGGATTATATGATTTTGCAGAAGGTGAAGGTTCTATATGAAAAAAATATTTTTAATTATAATTTGTCTACTATGTTCTTTTTCTGCCGTTGCGGTAAGCCAGGATCAGCTTTTAAGTCTTCGCAGAGATTTTATTAGCGCAGGAATTGATGTAAAGCTTGTTATTTTACGCTCAACTCTGGAATCCGATGATGAAGGCTTAATTCCGCTATATAAAGATGCCGTTGAATATATAAAAAATTCTTATTCAATATTAAAAAACGATACCCGCTTGCTGAATATAGGAATAATTGCAGTCAGCAAGCTTGGAGAATTAGGTGAGCTGAAATCGGCTCCAAATATACGTTATTTGTTTTCTACAGTTGAAAATGAGGATTTTCAAATTGCGTGTTTAAGAAGTTTAAGTAAGCTTGTCAAAAATGATTCTGTCTTTATCGATTATTTAAACTCTCTTTATGAAGACGGATTATCCGGTCTCGTTTCAGGTAAGACATTTAATATAAATATCTTGACCGTTTATGCTGAGGTTTTAGGCAATTTTGCCGATCCGTCTTCGTTTAATGTTTTATTTAATACCCTGTTTTATCCTGTAAGCACTAATTTAAAAAATACCGTCAAAACAGCATTAAA
NZ_CP038800.1_gap34	1352081	1356301	4220	CTATTACGGCAAATTATTGGCTTAAAAATATTTATACACCGGCTATTGCCGAAGCCCATATAACGGCAGCCTTTCATATTCATGACCTTTCAATGTTTTCAGGCTACTGTGCAGGCTGGTCCCTTAGGCAGCTTATCCACGAAGGTTTGGGCGGGGTTCCTGATAAGATTACCTCAAAGCCGCCTAAGCATTTGTCGACCCTTATTCAGCAGATAGTCAACTTTTTAGGCATTATGCAGAACGAGTGGGCCGGAGCTCAAGCCTTCAGCTCCTTTGACACATATTTGGCTCCCTTTGTAAAAAAAGATAATATGAGTGAAGCCAACGTAAAACAGTGCCTTCAAAGCTTCGTTTACGGTGTAAACACTCCCAGCCGCTGGGGCTCTCAGGCTCCCTTTACGAATATAACCTTGGACTGGGTATGTCCGCCCGACCTTGCAAACCAAAAGGCTGTTGTCGGCGGAGAAACACAGGATTTTACATACGGCGACTGTCAAAAAGAAATGGATATGATAAATAAGCTCTTTATTGAGCTTATGCTTGAAGGAGATGCCGCAGGACGCGGTTTCCAATATCCAATTCCCACTTACAATATAACCTCCGATTTTGACTGGTCAAGTCCGAATGCAAAACTGCTTTTTGAGATGACTGCCCGATACGGTACACCCTATTTTCAAAACTTTATAAATTCCGACCTAAATCCCGGGGATGTGCGTTCCATGTGCTGCCGTCTTCAACTCGATAAAAGGGAATTGCGTAAAAGAGGAGGAGGCCTTTTCGGCTCCGATGAGTTTACGGGTTCCATAGGGGTAGTTACGATAAACATGCCTCAAATCGGGTACCTGTCAAAAACCGAAAAGGACTACTTTGACCGCTTGGACTACCTCATGGACATCGCAAAGCAAAGCCTTGAGATAAAGCGGAAGGTAATCGAAAAGCTCTTGGAGGGCGGCCTTTTCCCGTATACAAAGAGGTATTTACATCATTTAAACAATCACTTTTCGACTATAGGAATTTGCGGTATGAACGAGTCCTGCCTAAACTTTTTAGGCGAGGATATTGTAAGCCCTAGGGGAAAGGCTTTTGCCGAAAAGGTATTAACCTATATGAGAAACCGCCTTGCCGACTTCCAAGAAGAAACCGGCAGCTTATTCAATCTTGAAGCAACTCCGGCTGAAAGTACTTCTTACAGACTGGCTCGCCACGATAAAAATCAGTTCCCCGATATAATAAGTTCGGGAGATGCCGAGCCTTATTACACCAACTCAAGCCAGCTTCCCGTTGCCTATACTACCGATGTTTTTGAAGCCTTGGATCATCAAGAAAGTTTACAGCGTAAGTATACGGGAGGTACGGTTTTTCACATATTCTTGGGTGAATCTATCAAGGATTGGGAATCTTGCAGGGATTTGGTTAAGGCTGTTGCAAACAATTACCGTATTCCCTATTTTTCGGTTTCGCCTACATTTTCGATATGTCCTGTTCACGGCTATCTTGAGGGCGAGCATTTTGAGTGCCCTTATTGCAAGCGTGAAAAACAGGCAAAACTTGAACTGAAACTGGCCGAGCTTGAAAAAGAAAGGGCTGAGGTCTTGAATGCTTCTTCTAAAATTTAAGGTTTTTAGAAGAAATGTTAAAAAAATAAATTCTTCATGGAGGAAAAAATGAAGCAAAAAAAGGTTGATCCTTCAAAGATGTTAGGAGCTTTACGTACGGTAATAATACTTGTCGTAATTGCTCTTATAGCTTTTTCGGGAATAAAGGTTATCCCTACAACGGATAACGGAGTTGTTACCCGTTTCGGTAAATATGCAAATACCCTTTCACCTGGGCTTAACTTTGTAATTCCCTTTGTAGATCAGGTTTATAAGGTTCCGGTTAAAACCGTTCAAAAGGAAGAATTCGGCTTTCGCACTGCAAGATCGAGTGAAAGAAGCGAGTACCAAAATTCCATTTTAAGTGAATCTTCAATGCTTACTGGGGACCTAAACATCATAAATGTTGAATGGGTTATTCAGTATAAAATAGTGGACCCTAAGGCTTGGCTTTTTAATGTTGAAGAAGATCAAAGAAATAAAACCGTCAGAGATATTTCAAAATCCGTTGTAAACAGCTTGGTAGGGGACAGAGCTATAATGGACATAATCAGCTTGGATCGTGACAGCATTGCAGTTTTAGCACAAGAAAAAATGAACGAAAAATATAAGCAGATCGGCATTGGAATTTCCGTTTCATCGGTACAATTGCAAAACATTGTTCCGCCTCATGAAGTTCAAGCTGCCTTTGAGGATGTCAATATAGCGATTCAGGATATGAATAGGCTCATAAACGAGGGAAAGGAAGCCTACAATAAAGAGATTCCTAAGGCAAAGGGTGAGGCTCAAAAAATGATTGAAGAAGCGAGGGGCTATGCTTCCGAAAGAATAAACAAGGCAAACGGAGATGTTGCCCGTTTTAACGCCGTTTATTCGGAATATGTAAAGGCTCCCGATATTACGAGGAGAAGGCTCTACCTTGAAACTCTTGATTCTATTTTTAAAAATAATGAAAATATTACCCTAATAGACAAAAACTTAAAAAACCTTTTACCTTTAAAAGAATTAAATAAGGGAGGAAATTGATTTTATGGAAAACTATGAAAATACCGAAAACGGAAACACTGAAGATGTAAAATTTGAAAATCTTTCTTCCAAAAATAAGATAAAACCTGAAAAAGCAAAAAAAGATAAAAAAGGTTTCGGATTGTTTTTCTTTGTGGTTATACTCATTATTTTGTTTTTTTTCCTAAAGCCGTTTTATATTTTAAATGAAGGCAATGTTGCCATTATAACGAAATTCGGAGCTGTAGTAAAAACGGAAAAAGAGGCTGGGCTTCATTTTAAAATGCCCTTGATTCATACGGTAAACAAATACACGGCAAAACTCTTGCGGTTGGACGGCGATCCTCAAAAGATTCTTACCCTAGAAAAACAATATCTTAGAGTAGATACTACCAGCCGATGGCGTATAGTTGACGTAAAAAAGTTTTACGAATCCCTTACAACTTATGATAGTGCTTATTCCCGCCTTTCGGATATTGTAGATTCATCGGTTAGAGATATTATTTCGGTAAACAGTCTTGCCGATGTTGTACGAAGCTCAAATATTATAAATGAAAGTAAAACCACGGAAGAGTTTAACCTTGAAAATGCCGAAGTTGACCTCGGTTCCTTAAAAACGGAAAAAGTAAACTTTCCTGTGATAAAAAAGGGCAGGGAAACTCTGGCTGATGAAATTCTCGCAAAGGCCAATAGCCAGCTCGGTGAATTCGGCTTGGAAGTGGTTGACCTAATTTTTAAAGGAATTAAGTATTCGGATGAGCTTGAAAATTCCGTATTCAGCCGCATGATAAAAGAAAGGAATCAGATTGCCGGAACCTTTAGGTCTACAGGCGACGGTGAAAAGCTTAAAATCTTAGGCGAATTGGAAAACGAAAAAAGGACTATCTTGTCGCAAGCTTATGCCGAGGCAGAAAGGATAAAGGGAGATGCCGATGCAAAGGCTGTTGCAATCTATGCCGAAAGTTACGGTAAGTCCCCCGAATTCTACAGCTTTTGGAAAAGCATGGAAATTTATAAAAATTCCTTGCCCGAAACTGAAAAAGTCCTCTCAACAGATATGGAATATTTTCAGTACCTATATAGGCATTAACATTAGAAGAAGTTTTTCCGATATTATATAGAAATAGGGGGGATGATAAACAGTTCGGCACAAATGGTGCCTCACTGTTTATCTTCGAGTTTTGTGCAAAGCACAAAACATCGCATTATTTTATGTAGTTTTGCATAAAGCAAAACTACTTGAAAAAACTCTTTTCGCAAATTGATTCGCTATCCGCTTTAGCGGATACGATGAAAAATTTCCTTGCAGAACAGAGCCGAAAGGCTCTGATGTTTCCTGCAAAAAGGTTTTATGGGGGTTAAAATTTTGAGAAGAAGCGGAACTATAGGACGTATTATTGTTCTTTTGATATTGATTGTTTTACTTGTTTTCGGAGGCCTATTATGGTTTGATTACTTAGGCCTGATAAGCTCAAGGAGCTTGTTTTCTCCTATTTACTCCTTTTTCGGTTTAAAAACGCCTGAGGGTATTGCTCCCATAGATGCCGATGATATGGCCAATTTGGAAAACGACCGCTATGAAAAACGCTTGATGGCTTTAGAGCTGCGTTCTCAGGAATT
NZ_CP038800.1_gap35	1369276	1373410	4134	TGAGGGAGTTTCTGAAAATAATTCAGAGACAGAATCCGAATTTTCAACCGATGAAGATGATGATGACCAATTATTAGATGATGATTATAAAGATGATGAGGATATAGATTTAAAAGCGGACTACTCTGAAGATATTGGGACTTCTTATGGAGAAAAAGAAAAAGCCGATAATGAAGTTTCAAAAAAATTGGTAAGAACGGCACATGAAGCAGGTGTTGATGATCCTATAAAACTTTATTTACAAGAGATAGGTAAAGAAGAACTCTTGACTGCCGATGAAGAGGTTTCTTTATCAAAAAGTATGGAGGATGGAGAGGCTATAATAAAAAAAGTTATTAAAAATTCCGGAATTTTAATTCCTGAATTTTTTGTCATCGGACAAAAGGCCTTTTCAAAGTTGGATCCGGCTGAATCGAACAAGCCCCGCAAAGAGCTTAGTGAAGAGATGGCAGAAAAAAAAAGGCTCAAACAGGTTTATGGAGATGGTTTAAGAAATATATATTCCGAAATAAAGCAATATGTTGCTCTTAAAAAACATTGCTACGACCGTGAAACATTAGAAAGCTTTTTAGAAAATCCTGAACTTCAAGCTTTGCGTAAAAAAATTTTTAACAGCCTTAAACGGATTCACATAGAATCGGAGGAAATTGAAAAGATTTCCGACCGTTTCCTTGTAGCTACCGAGAAAGTTCGGGATTATGAAAATAAAAAAGAGCGTAAAGAAAAACAGCTGGGTATTAAAACTTATGCCGATTTAAGAAAACTGGGGAAACGTCTTGCAATTCCCAGAGAAAGGGAAAAGCTTGAAGCTGAACTTAATATTTCAGCTAATGAACTTAAAGATATTTATACACAAATTCAAATTTTAACCCGAAAAATACGTAAGGTAGAATATGACTTTGAAGCAAAGGTTGATGAGGTTATCGATCTTACAGCTGAAATCAGAAACGGTCAAGTAATGCTTAAAAATGCAAAAGATAAGCTTATAAATGCAAACTTACGGCTTGTAGTTTCTATTGCTAAAAAATATATCAATAGAGGTTTGCAGTTTTTTGATCTGGTGCAGGAAGGAAATATAGGCCTTATCAAAGCTGTCGAAAAATTTGAGTATCGTAAAGGTTATAAATTTTCTACATATGCTACTTGGTGGATACGTCAGGCTATTACCCGTTCTATTTCGGATCAGGCCCGCACAATTCGTGTTCCGGTTCATATGATTGAGCAAATAAATAAGGTAAACAGGGAGTCGCGTCAGTTGATGCAAAAGCTCGGCAGGGAACCTAATGATGATGAAATAGCATCACAGCTTGGCTGGTCTATCGAAAAGGTTAAGCAGGTTAAAAATGTTGCCCGCGAGCCTATTTCTCTTGAAACTCCGATAGGCGAAGAAGAAGATACTCTATTAGGAGATTTAATAGAAGACAAGGGTGTAGAAAACCCTTCAAACCGTACCGAACTTACTTTATTACAAGAGCAGCTTGAAATGGTCCTTTCAAGCTTACCCGATCGCGAACAGGAAGTTTTAAAAATGCGTTTCGGTATAGAAGGCGGTTATCCTCTTACTCTTGAAGAAGTGGGGCTGTATTTTGATGTAACACGCGAAAGAATAAGGCAGATAGAAGCCAAGGGATTAAGGCGTCTACGCCATCCCAAGCGCAGCAGAAAATTAAAAGATTATCTTGATAATTGATTTGTTGATAATCAAAGGGGTGTAGTTTATGGATAATGATGTACTGGAAAAACTGAGAGCTTTGCAGGATATTCTTGCTCGAAAGAACGAACTTGAAACCGAAATATTGGATGCTCCAAAAGCTCTTACAAATCAAGAAGAACTTTTGGAAAAATTAAAGTCCGGCTATATTGATAAGAACAGCGAATATGAAGAGCTGCGTAAATGTATTGCCGTATTAAAAGCAGATCTTTTTGAAGCTGAACAAAAGAGGGAAAAGGCCGAAAAGGCTATGGATAATATCGAAACCCAGCGTGAATATGAAATTTTACAAAAGGAAATCGATGAATCCACCAACAAGACTGAAACGATAAGAAAAGAATTGCAAAGACTTGAAGGCCAGTTTAAAATTTTAGATACAACCATTAAACAGGAAGAAGAACTGATTGAACAGACCGAAAAGGAATTAAAAGAAAATAAAAGCATGCTTGACTCGGAAGTAGCTGAAAAACAAAATAAGGTAGAAGAACTGAAAGAAGAAGAAAAAAAACTTTCTCCGGGTTTGAGCGATGAAACTATGTTTAAGTTTGACAGGATCATCAAAAACAAACAGGGCGTAGGTATAGTTTCTATTCAGGGAAATGTCTGCATGGGCTGTCATATGATTTTGCCTGCTCAGTTTGTGAATGAGGTTAGGTCAGGTCTGGATATAAAATTTTGTCCTTATTGCAGCCGTATTTTGTTCTATGAGGAATCTGAGTTGACGACTGAACAAGAAGCCTTTTTTAATGACTCTGATATGGGAGGCTTGGCCGATTTGGATGATTTGTCAAATGACGATTTTTTTTCAAGTCTTGAAGAAAACGGAGATGATGATTAGAAAATTAGGGATTAAGGGAACCGCTGCATTTGCAGAGGAAAGTCCGGACTCCTTCGGAAACGATGCCGGCTAACGGCCGGGGAACGGAAATTAAAGTTTCCGTTTACAGACAGTGCAACAGAAAGTAAACCGCCGCATTTTGCGGTAAGGGTGAAAGGGCGGGGTAAGAGCCCACCGCGTTTTCGGTAACGGAAACGGCAATGTAAACCTCATCGGGAGCAAGGTTAAGCAGTAAAGAATCTCCGATTCTTAATTTACGGGTTAACCGCGATAAAAACTTGCTGTAAAGCTGGTTTAAGAAAGATGGTTCCGTCTGTTTTACAGAAACAGAATCCGGCTTATTAATCCCTTTTTATATTTTTGGTAGCGGAAAATGAAATTTTTAAAGGAAGAACAACATAGAAATTTCTCAAATAAAAAAAGAGGCTCAAAGAAATTCTTAATTTTTATACTTTTTCTTTTGGTTTTATTTGCCGCTGCCTATGCTTTATATGTTTATAGAAAAAATTATAAAGATATCCCTTCAATGAAAGAAGTCTACGCCGATTGGAACGCACAAAATTATGAAAATGTATATCAAAAGACGGAAAGTATTTTAAAGAAACGGGTCTATGACGGAGAGGCTCTAGCTTTAAGAGGCTTTGCGGCTTATTATATTTTTGCGGAACAGACAGATTTTTCTATAAGTTATTCCTATTTGAATGACTCAATTTTAAATCTTAGGCAGGCCATGTATAGAGTTTCAAAGGCTTATCAACCTAAGATTGCATATGTACTCGGTAAGGCTTATTATCAAAAGGGTTATTATTATGCAGATCTTGCATTAAAATATCTGGATATCGCACATGATTCGGGAGAAGAGTTTAAGGACCTATCCGAATTCCGAGGCATGTCGGCTTCAATTTTAGGAGATCCTGAGAGGGCTGTTGAGGCTTTTACTGAGGCTCTTGCCGATAAACCTTCCGATTTACTTTTTTTTGCTCTTGCCGAAAATTATATTAAAATTTCGGATAAACAAAATGCAAAGCTGTATTTATTTGAAACCATAGATAAAACGAAGGATACACTTTTAGAATTAAAATGCCGATATCTATTAGGTAGTTTATTTCTTGAAGAGAATAAAATAGAAGAAGCTGCAAAAGAATTTAATATAATCCTAGAAAAAGATAGCACATCTGCGGATGCTCATTACGGTTTAGGTGTGATATATGAACTTCAGGGTGATATGATAAAGGCGCGTGCCGAATGGAGGAGGGCATTAAAACTTGATCCTCTGCATCCAAAGACACGGGTTAAACTAAATTTATAAAATTTTTGGGGGATAATATGGGCTTTTTTAAAAGATTTTCAACTGATATAGGTATAGATTTGGGAACTTGTAATACCATTATTTATGCTAACGGAAAAGGGATAGTTGTAAACGAGCCCTCTGTCGTTGCTGTTGAACGAGGCACAAAAAGAGTTGTTGCTGTCGGTTCGGAAGCTAAACGGATGCTTTGGAAAACACCGGGAAATATTGTGGCTATACGCCCTTTAAAGGACGGTGTTATTGCCGATATGGATACTACCGAAAAAATGATACGCT
NZ_CP038800.1_gap36	1440425	1444736	4311	TGTATAAAGTTCCCTGTTTCCGCTTTTTTCTCCTTCCACAATGAGCTCCTATTTTACCGGGCATATTTTACAAGAAGTTCTTCGGCATGTTTTAGCGAAGCTTCACTTAACTCGTCTCCGGCAAGCATTCTGGCTATTTCTTCAAGTCTTGTTTTACCGGAAACAGCTGCTGCGGAGGTTTTAGTTGTCTGCCCCATCGTATTTTTTTCTATCTTAATATGATTATCGGCATGAGAAGCGATTACCGCAAGGTGCGTAATACAAAGAATCTGTTTTTTTTGAGATAGTTTTTTCATATGGGATGCAACACTTATCGCAACTTCTCCGCCGATTCCGGTATCAATTTCATCGAATATCAGGGTATCCGCTTCATCTCCTTCTGCAAGTACCGTTTTTAAGGCCAGCATAACACGGGAGAGCTCTCCTCCCGATGCAATCTTAGAAAGAGGCCGCAATGGTTCCCCGGCATTGGGGCTTATCATAAATTCGATATCGTCAAAGCCGTAAGGATTTGCCGATAGCCTGTTCCCTTCAGGGAGCCGAGTGTCCACTCTAACTTGAAATTTAGTTTTCGGCATTCCTAAATTGGAAAGAACTTCTTCAACCTCTTTTTGGAGTTTTGAAGATGCCTCTTTGCGTTTTTCGGATAGGATTCTTCCCAGTTTTAAGAGCTTTGACTGCAAAATTCCTATTTTCTGTTCAAGCTCCGATTTTCCTGCCTCCCGTTTGGAAAGACCTTCAAGCTGTTCTTCGGCATTTTGGGCATAGTTTAAGACATCGTGTATTGTTGCCCCGTATTTTTTTGTCAACTTATATATTAAAGAAAGCCTTTCCTGTACTTGTTCCACCCTTTCAGGATTAAATGTCAGCTTTGAAAGGTATGAATCTATCGATGAGCTTATATCGTCCAATTCGTAATATCCGGTTTCCAGCCTTTTTAAAAGGTCCTCAAGCCCCTCATCGCAATTTTTTGCAGTTTCAAGATTATGCATGGCCTTTTTTGTAAGACTGATTATTCCCGATTCATCGGAAAAGAGCTGAGAAGCCGTGTTTAAGGCTTCAAAGAGTTTTTCAAATTGGTTTAATCTTTTTTCTTCAGCTTCAAGTTCTTCTTTTTCGTCTTCTTTTAATTTTGCCTTTGTTATTTCATCAATGGCAAACTGCAAAAGCTCTTGTTTTTCAGCAAGTTCTTTTTCGGAAAGGTTTAAGTTTTCAAGCTCTGTTCTTTTTTCGGCAAGTTCGGCATAAAGAGAGGTGAACATTTTCACTTCGTTGTTTATGCCTGCAAAGCTGTCCAAAAAACGGCGGTGTTCTGCAATTCTAAAAAGCGATTGATGGTCGTGTTGGCCGTGGATATCCACCAAAAGAGAGGTAAAGTCTTCAAGTTCATTCCTTGTTACCGGCGTACTCTGTATCCAAGCATTGGATCGGCCGTTTTGTTTTAAATTGCGGCGGATAAGGACTCGGTTGTCTTCAGGTTCAATCCCATGTTCGCCCAGCCATTTTAAAGCCTCAATATGTTTGTTTCCTATAAAAAAACTTCCAGAGACAGCTGCCTCATCGGTACCGGTTCGGATAAAATCTGTCGAAGTTTTACCGCCCAATAAAAGGGTTAAAGCTCCTATCAAAATTGACTTTCCTGCACCTGTTTCTCCGCTTAAAACATTTAAACCCTTCTCAAATTCTACAAAGAGGCTGTCGATTAAAGCTATGTTTTTTACCGATATATTTTCAAGCATTTACTTTCCTTTAATTGGGGAGACAAAACTATCCTTAGATTCTATCGCTATAGAGTATAATCTAAAATGTGCTAAATTTCAAGTAGCATATTTGGTTATTTTTATAGGTAGTTTGCTTTATTAAAGCTAATCTTAGCTTATGAATTTTATTTAATATTATACTTACAAGGTTCAACATATTTTTCCATCATCGATTTATCGACTCCTCGTTTTTTGATCATTTCGCTGTAGAATTCCCCGCTTTTTTTGATAGTCCTTTCTTGAGTTTCGTAATTACAGTGCACGAGGCCGAAACGGGCGGATTCTCCTTCTTTCCACTCGAAATTGTCGATAAAGCACCAATGATAATAGGCTTCAAAGGGGAGGGGAGATTCGCTTATAAGTTTTAAGTGGTCATAAATATAGCGGCATCTAAACTCATCCTTATTGTCACAGGTTCCGTTTTCGCTTATGACTATCGGAAGGTGAAGGCAATTATAGCAAGTTTGAGCGCACTCGATTAGGCCCAAGGGATAAATATCCCAGCCTAAATCGTTTTTAGGCGTATTTTCAAAGGCCGTGTAAGAGAATCCTCTTACTGCCTGCCTTGAATAATAGTTGATAGCTATAAAATCTACATAGTTTTTCTTTTTTATGTTTAGGATATTTTTAAAGGGGAATGAAAACTCTCCCTTAAAACAGGCTTCCATAATTCCGTCTTGAAAAATTTTGCTTATTCTTTTTGCCGCCCTTTGATCGGCTTTTCTATTTTTATCCTTTGGATGGAAGGCCTGCATGTGGTGGGCAAAGCTCACCCTTGTGTCCGTAAGGCCTTTTTCTTTTCGTATTTCATGGATTAAATCGTAGGCCTTGCAGTGTGCGGCTATGAGGATATTCATTACCTTTATAGTTTTTGCAATCGATTTTTTTTCGGGCGGCCAAAGGCCTAAAAAGAAGGACTGAACTGCATAGACATTCGGCTCATTTATTGTAACATAGTCGCTGCAAAGGCTTCCAAGCTCGCTTATGCAGGTCTTTACATAATTTAAAAAAACTTCGACATTTTCTTTTTTTGTAAAGCCGCCAGAATTTTCAAACCACATGGGATGGCTAAAGTGGTAAAGGCTTATTAAGGGCCTTATGCCTGCTTTTTTTAAAAGGCTTAATTCTTCCTTGTAGTGGTCAAGGGCTTTAGTGTCGAATTTTCCTTTTTCAGGTTCAATGCGTGCCCATTCTAAGGACATGCGGTAAGTTTGAATCCCCATCTTTTTTAGAAGTTCGGTATCTTCTTCAACCTTTTCGTAGTGCATATTTGCCCGGGCTACATCGGAGCCGTCATTTGTCATTTTGCGGTCACAAAAATCGTTCCAGTTGGAGTTTACCCTTCCTCCCTCAATTTGGGTAGAAGCCGTAGCAACCCCAAGTAAAAAATTTTCTTTTAACTTAAACATCTTTCCTCCATATCACGCGATTTTTTTACAAACCGCATACAATAATACGATGTTTTGTGCGAAGCACAAAACTCGAAGATAAACATTTCGGCTTGTATTTCAAGCCGAAATGTTTATCGAACCTCCATAGATTTTTTACGATAAAAGTCCACGATGGATCTTCCATATACCCTCTCATCGCTTTTTGTCAAAGAGCCTATTGTTTGAGGCATAGCCTTTTCGGATGGCCTGTGCATCATTACAAGGCCCCCTTCTTTTAATATTTTTGATTCTTCTATTTTTTCGAGAAGTTCTATGTGAAATTTATAGGGAAAGGGAGGGTCGAGGTAGATAATATCAAATGATTCCTTAGCTCTTTTTATAAATGTTTCTGCAGGCATCCTTTTACATTCAAGCTTTTTATCTGCCATTGAAACATTTTTTAATAAAACGGGAAATTTATCGGCATCTTTTTCTACAAGGTAGACAGGGTAGGCTCCACGAGAATAGGCTTCCAAACCGCAGACCCCTGAGCCCGTAAAAAGGTCTAAAAAAGAAAGACCTGAAAGGTCTCCAAGTATGGAAAAAACAGACTCCCTCATCCTGTCCATTGCAGGCCGTATTATCCCCTTGGGACATTCTACCTGTCTGTTTTTTAAACTGCCGCCGGTTATTCTCATGAGAATAATTATAGCACAAGACCTATCCTAAATTCAATAACTCTGAAAGTTCATTTTGAGAAACCATGTTGTATGTTTCATTTTCAACATTCGTATCGGAAATATCTATATTTATTTTGCCGAGAAAATCCTGATGCTTTTTGTAGATACCTTCAATACGGGTTTTTTCCGTGTTAAAAATAGATTCGCTTCCAAGCTTTTCCGTTAGGATAAGCTTCAAAACGCTCATATATTTTTTGATACAAAAATAAAGACAGTTCATTGTATCTATATAATCAGGCAAGTGGGATTGAGGCTCTATCTGATTAAAGAGTTTTTGCAGAGCCGCATCAAAAAATAAAATATCCCTCATCATCTTATCTGCAAAAATACTTTCGGAAAGGTCTAAATTAAGACCGTCCTTTATTACGTCCAACATTCTGGTTATTTGAAACAAATTATCCTGAAAAACAATCTTATGAAGCATCTTATTTCCCCTCTTAA
NZ_CP038800.1_gap37	1468710	1471787	3077	AAAAACGACAGGGCAGGATAAAGCTGTTTCTTTTCCTTGTATAAAAGGGGACTGAATTTTAAGCTAAAACCTTGCGGCATAAGAGCAAATTTAGGAGAATCATCTGTTTTTGCTTCCGCATAAAGCTCAAAAAAAGGATTTTTTGCTTCCGCTTTCAGGTTATAATTAAGGTTAAGATCAATACTCTGTGTAAGAGAAAAATTTGCTTTTTCTACAGGTATTTCAGACTGTAAACGGATATTGCATACAAAAATTAAAATTGAGCAAATCCCGATAAATTCTATAAAAAAATTTTTTGTTTTCATACCTATATATATTGTTTTTTTGTATTTAAGGCTAATTTTTTTATAATTAAATATGTTTATATTGCTGTAAAATATAAATTATGCTACAATACGGCACAAGGAGATTTTCTATTTTATGGAAAAGTTATTTAAACTGAAGGAGCACAAGACTACTGTGCGGAAGGAAGTTATTGCCGGTATTACAACTTTTTTGGCAATGGCTTATATTTTGGCTGTAAATCCCGGGATTTTGAGTGAAGCCGGAATGGAGAGGGGGGCTGTTTTTACCGCAACCGCTCTGTCCGCCGCTATTGCAACCCTTGCTATGGGCCTTTTGGCTAATCTGCCTGTTGCCCTTGCTTCAGGAATGGGATTAAATGCCTTTTTTACATATAGCGTTGTTATCGGCTTAGGTTATTCCCCGTCTACGGCATTAACGGCCGTATTTTTAGAAGGCGTTCTTTTTATTTTACTTTCAGCCGTAAACATCCGTGAAGCTATAGTAAAATCCATACCTCTTAATCTTAAAAAAGCTGTAGCCGCAGGTATAGGTATCTTTATAACATTTATTGCTTTTCAAAATTCGGGCATAATTGTCGATAATCCTGCGACCCTCGTAGGACTAGGAGAATTCACTTGGGGCTCTCCTGCCGTTTTAGCCCTTATCGGTTTGGTTATAACCTGTGCTCTTTTTATTTTAAGGGTACCGGGAGCAATCTTAATAGGTATTTTAATTACAACCATCATAGGCATTCCCTTAAAGATTACGGTTCCGTTTGGAGGCTGGGATGGCTGGTCTCCCATAAGTCTCCCCTCGGCTCCTGCCGTACTAAATTTTGACTTTTCAAATGTTCTTTCTTTTAAGTTTTTTATTGTATTTGTTTCATTCCTCTTTGTAGATATTTTTGACACGGTCGGAACCCTCGTAGGCGTTGCAACTCAGGCAGACCTTGTAGATAAAGATGGCAATATTCCAAAGATTAAGCAGGCCTTTTTATCGGATGCTATCGGAACGGTAGTAGGTGCAGCTCTCGGAACCTCAACGGTAACAAGCTATGTAGAAAGTACAGCCGGTGTTGCAGCCGGAGGAAGAACCGGTTTAACATCTGTGGTTACAGCCGGTATGTTCATCATTGCCTTGTTGTTTTCTCCGATTTTCTTATTGATTCCTGCTGCGGCCACCGCTCCTGCTTTAATAATAGTAGGCTTTTTGATGATGACCCAAGCAGGGGAAATAAACTATAAGGATCCTACAGAGGGTATCCCCGCATTTTTGACTATGATTATGATGCCCTTTGCCTATAGCGTTGCGGAAGGCATTGTATACGGAGTTTTATCATATGTTATTTTAAAATCTATAAAAGGCAAATTTAAAGAAATTCCGGTAGTTACATGGATATTATTTGTTATCTTTATTTTAAGATTTTTTGTTAAATTTTAAAAATATGAGCTGGGCTGTCTATAAATAGGTCTTTTTAAGGCCGTACTATAGGCAGCCTTTTTACGAGCTTACCGGCTCCTACTGAATACAAGCTTTATGTTATATTTATTTTTTCAGCTTCTATGCCAAAAAGGCTTTTTATTACGATTTTAAAGCGATCGGGCAGGGGAGCTGTTATTTCGAGAGGCAAGCCATCTAATAAACTTTCTTTAAAAATAAGCTTATAAGCGTGGAGAAAGTATGTGCCAGAGACTATTTTTGGAAAAGCCGGAGATATTTTTTTTTGCTTTGGGTTGTGTTTTTTATCGTTTAATAAGGGTGTTCCGAATTGGGCACATTGTATTCTTATTTGATGTTTTCTTCCGGTTATCAAATTAAAGAGTACAAGGCTTAAATTTTTTTGTTTTGAAAATTCTATTACATTTACAAGGCTAAGACATTCTTTTCCATCTATTTTATTCCTAAATTCTTTTAAAGAAGGCTTCCCTTCAGTTATACCCAGATATATTTTGCTTATTTTACCTTGCCGGAGGGCTTTTGAAAAGAGTTGGGCTCCTTTTAGGCTTTGAGAAAAGGTCAAAATTCCGCTTGTATCCTTATCCAGACGATGCAGGGCTCCGGTCTTAAAAGAAAGGCTTTTTTCCTTAGGAGGAAAATATTTTAATACAGCCTCGCAAAGGCTTTTTTCTCCATGTATTACCTCTCCGCTCCTTTTATTGATAAAAAGCAAATCATCGGTTTTTAGGATTATATCGGGTTTTAAAAGAGGTTTTGACTCTTTTTTCTTATTCAAAGCCTTTAAAACATTATCATCTGCTGATTGTACCGGATCGAAAAGACTGTGATCTATCAAAATTTCGTCATCCTTTTTAGTCAAATATGAGCCTTTTTGCTTTTTTCCGTTTATTTTTATCTTCCCTTGTCGGATTGCAGAATATATGCCTGAAAGAGGTATATTTCCTAAAAATTTTCGGACAACCCTGTCCAATCTTCTGCCTGAATCGTCTTCACATATAAAAAAAATCTTATTTTCTCTACTCATTTCTATATTATATACCATTTACAGACTTGACAAAAGAGCTATTTTGTAGAGAATTAGTGTTATGTTGGAAACAATGTATAAAATGCAATGGACCTTATTTTTTTCTAATCCGATTTTTTTGTCGGCCATAACAAGCTGGCTTATGAGTCAGGTTATAAAGACTATTTTTGCATTATTTAATTCTTCAATAAAAAATCCCATTGATTTTGTAGAGCTCGTGCTTTGGAGGACAGGAGGCATGCCTTCCAGCCATTCTGCTCTAGTAGCTTCTTTAACGGTAAGTATAGGAATAAGACAGGGATTTGACTCT
NZ_CP038800.1_gap38	1478038	1482649	4611	TTATATTCGGTATTCCCGCAACCTTTGAATTTGAGAATACGGATTTGCACCCTGCAGCTTTTTATGATGTTCTTTTTAGTTATGCCAGCGTAAATACGGAAACAAGTATTGTAATATTTTTATCGCGTGAGACGGCTGTCCGATTTTTAGATAAATCTGAAGGTAAAAAATCATGGATGGAAGAATTTGAAACCCTTACTTTGCTGCCTGACTCAATAATTTCTCTTAGTAATTCAGGTCAAATCATTAAAAATAAAAAAATATACCAAAAAGGCTTTATCGCCTCGAATGTTATCTTCTCAAACCAGCTTATAAACAGCTCAGTTAAACAGCTTTTAGCCAACAAACCGAATATTTATTCTATGTATGCAAAGATGATTTATGTGCATAGTCTTGTAAATCAGGTAAGAGGCGATAAGGCTCGTAAAAATAACTCTTCCTTGGATTTGTGGAGGGCGGAGAGCGGTATTCTATTTAATTTGGATTTAAAATATGAAAAGTATAACAGAGAATTAAGAAATAATTGTTACCGCAATCTGCTTCTAGCCGAAAAGCAGACCAGAGTTCCGGGAATGTTTGCCGATTCCTTAAGCAGCTTGGATTTTGATTTTGACGGTGTTAAAGAATTTATATCTCAAAGAGAATACCTTAATATGTATATTCATTCTTTGGGAGGAAAAATATTTGAACTGGATGTCTTTTCCGCTTATAAAAACTATGCAGATATATGCTCGGAAGAAACAGGCTTATTTATAGACCATCTTATATCTAAAGATGAACTTGAGGTAATCAAAGAGGGTGATTTTCAGTCGGCTATTGCGAAGCCTGTTTTTTGCGAAAATTTCTATCAGGATATAAGATTTGATAGACTTAAATTTGAACTTTTAATGAAGACGGAAGGAAGTTTCCGAAGCTTTAATCAATCGGTTTCTTTAAGAAAGCAGTTTAATTTTAATGACCAGGGTGTACAAGTTCAGTATATTTTGAAAAATGAAAGTCCCTTTAATCTTTCGGCATACTTTATGGTAGAAATAGATATATCGGTTAGTCCGATCGAAAATAAGTCCCCGATTGTTTCAGTTTATGCCGATGATCAAAAATATGAAGCTTCTCAAGAAAAAAATATTTTCTCAAAGGTTTCTTGGGTTCAAATAGAGGAGTCTGAAGGAAAGACAATATTTACTGTAGAGTCTAACGAATTGGCTGGCTGTATTATTCTTCCGATATATGAAAAAATTTCAGATGCTAAAAACCCAATAATGGGTTTACGGAATCTGTTTTATTGGAGAGTCGATTTAAATTCCGGTTTTGAAACTGAAAAGCTTTTATTTTTTAAGGTAGATGCAAAAAAGGCCTCAAAAGAAAAATAAGCTCTTCCCCTCTTGACCGTGAGGCTTTTGTTACGTAAACTGTAGGTATGCGACGGGTTTTGCCTTATGCTCTTTATATATTAGGGCTGGTAGTAGAAATAATCAGGATTCTCCTATTTGTTTATGTTGAAAAGGAACAGCCTTGGCCTTTGAGTATTGTTGACTGGTCATGTTTTGTCTTTTTATGTATACCGGCTTTATTTTTCTTTTTATTGCTTCATGGGGAAAGAGAATTCCATTTACTTTTAAGAATGATAGCTCTAATTAAATTTTTATCGATAATAGCATCATGGTTCTTTTTGATAAAAACTGCAAGTTTTGTAAGTCTAACGGATTGGACGGCTGACATGTTTATTTTACAGACACGGATAACAAGGTTATTTTTGTATATTGATACTGTAATATTAATTTTATGCTTAAAAAGGGAGAGGTCTTTATGCAAATAATTCCTATTGCCAGCGGAAAAGGCGGTGTAGGCAAGAGTCTTATAGCAGCAAACCTTGCAATTGCCTTGGGACAGGCCGGAAAAAAAGTTGTTTTGGCCGACCTTGATTTGGGTGCATCTAATCTTCATTTGGTCTTAGGTATTCAAGGACGCAAGAACGGAATAGGTTCTTTTTTAATTAAGGCTGCCGAATTTAAAGATATAATAGTTGATACCGACTATGAAAATCTAAGATTTGTACCGGGAGATTCGGAAATTCCGGGATTTGCAGCCTTAAAAATATATCAGAGAAATTCTTTAGTTAAAGAGCTCTTAAAACTTGAAGCGGATTTTTTGATCTTGGATTTGGGAGCCGGAACCCACCTCGGTATACTTGATTTCTTTTTACTATCACCCAAAGGAATAGTCGTAACTTCACCCACAGTTACCTCTACGCTTGATGCCTATGTTTTTTTAAAGAATATTGTGTTTAGGATGATGAGTTCTTCATTTCCTGCAAAGTCTAAAGGATCCGCTTTTTTTGAAAAATTAAAAAATGATGTTCCGAGTATGCAGCGTCTTTATATTCCCAGCATCGCAGAGGAGTTGATGTCAATTGACCCTGAAAATACAAAGAAATTTTTAAATAAATTTTCTCATTTAAAGCCCCGTATTATAATGAATATGATCGATGATCCGAAAGATGCTGAAAAAGCTATGAAGATACGCCGCTCAGCGAAGCAATACTTAAATATTGATATAGAACATTTGGGCGTGATATACACCGATTCTGTTCAAGACAAGGCCCTTGCTTCAAGGCTGCCTGTAGTAAAATATAAGCCTCAATCTATGATTTCACAAGCTATATATAGAATAGCTGATAAACTTATTCAATCCGATGCCGAAAATTATAATGATGAGGATTTTAAAGAACTTTCGGATTCTTCTTTTATATCTGCCGAAGCGGAAGCTGAAATAGATTTTAAATCAAAAATGGAATATCTGGATGAGCTTATAGGAGGCGAGGTTTTATCTTCCGGTGAAATGACTGAAATTATAAAATCTCAGCAGTTTGAAATTAGTGTATTAAGAAATGAAAATTTGCTTTTAAAGACTAAAATTGCAAAAGCTCTTAAGCAGGGTTTTAAGGTATAGGAAAAAAGTATATGGAAAACAGAATCTGGAATTTGAAGAAAAACAAGAACAATAAGTGGTTTTTAACCTTTACCGATCTTCTGGAATCTTCAAATTGCCCTTCAGCTGATGATGTGTATCATGAAGCTCAAAAAAACGGTATAAGGAATTCAATTCTTATAAGTAAAAATACTATAGAAACTTACTTAAAAAAATGTTGTAATTCAGGTATAGAACCGGCTCCTCTAAGCCTTGAGTTAGATCCTAACTTTGATGCAAGGATTACGACAAATACCGATAAAACTGCAGCTTATCTTTATATAAGAAAAGCTGCCGATTCTCCTAATGAAGTCGATATGTCCACTATAAGCAGGCTTATCCAGAGAAGTAATATAGCAAATATTGACACTGCAAAAATAAAAGAAAGTTTAAATGAATTTATAAATTCTCAAGATATGGAATTATCGATTCAGATTGCTGAAGGAATTCCTCCTAAAAGGGGCCCAGATAAAAAACTTATAACCCATTTTGAGCAGATACCAAATCATGAAGTTCAGCGTCTTGCTGACAGATTAAAGCGGCCTGACTTGCGTACTACAGATGTGGAAAATCCTACGGCAGACCAAGATTACCCTCTTTCCGAGGCTGAAACCCTTACAGTTGTCGAAAAGGGAGATTTAATATATGAAGTAGAAGATGCCGGATTAGGCGAAGCCGGTACGGATGTATATGGCCACTCAATTCCCGGCCTTCCAGGTAATGATCCTTTTTTCTTAGATTTAAGAAACATAGTGCAAAACCATTCCGAGCTTCGTGCAGGTGTTACGGGGCTTTTATTGATTGCAAATACCGAAAGAGGTTTAAAAATCCGCATAGTCCCATATAGAGATGCAAGGGTTAGGGCTGTAATAAGCCGTGACAAAATGGAGGCTTCCCTAATTTTGCAATCCGGTTTAGGTGCCGGAGAAAGACTTTCTGTGATAGGGGTAAAAACCGCCTTAAATGAAGTTAATCTTTTAGATGCAATTTCAGAAGATAAGATAAATGAAATTATAGAATCGGCTAGAAAGGTTAATGATGAATGTGAGTTTGTTATATTGCGCGGATCGCCTCCTATTGCTGCCGGTTCCTACAAATTGGAATGGGCTATAGCTTTTAATGAAGAACTTCATACGGCAAATGTTAAAAAAGATGAGCTTATATTGACAGCTCTCCTTTTGCCCAAGGGCGAAAAAGGTAAAAATGTGTTCGGAGAGCCCATAGATCCGAAAAATGCAGAACCTTCGGATATACCTGCTAATAACGAAACTATAAAAGTTACCGAAGAAAAACATGTAATTAAATTTTTTGCAGCCGAATCCGGAGAGCTTTCTTTTTTTAATAATGCTCTTTCAATTTCATCTCTTAAAACAATTCAAAGCGATATAGATGAAAAATTCGGCGATATCAACTTTCCGGGAAATCTTATAATTACCGGAGATATTAAGGATGATGTAAAAGTTAAGTCAACAGGTGAATTGACAATAACGGGGACCGTAGAAAAGTCTCTTATATATTCTGAGGCTTCTCTTACTCTAAACGGCGGTATAAACGGAAAGGGAAGAGGGACAGTTTGGGCTAAGGACAAGACAACCCTTCAATATGCAGAAAATGCACGGGTTTTTTCCGGAGGAGATATAAATA
NZ_CP038800.1_gap39	1581542	1586383	4841	TATTGTCATGTCTTTATGAACTCTTTTAAGTAAATGAGCTTCGTTAGAACCGTAATGATCTAGCTCTTTTTTACACACAATAATAGCATCTAATTCACTATCTAAATAATTGCATATAAATTTACTTCCGTTTTCTGCAGCAACGGTTATAATTCCATGATCTTCCAGTTTTTTACACAAAAAAGCGAGAGTTTCTATTTTTCTATCAAAAACCAATACCTTCATAATTATTTTATCGGAAAAAATCTTATATCCCTTAAAAATTTTTCAATTCCTAATGACAAACAGGCAAATAAATTGTATAATCTTTTATATGTATATGTTAAAAGGATGTTCGGGTTATGTTTCTTAAAAGTCTTGAAATTTTCGGATTTAAATCCTTCCCCGATAGAGTAAAAATTGAATTTGCAGATGGTATAACCGCCCTTTTAGGACCTAATGGATGCGGAAAGAGTAATGTTGTGGATGCCGTAAAGTGGGTTCTTGGAGAGCAGTCATCCCGTACTTTAAGGGCCGACAAAATGGAAGACGTTATCTTTAACGGTACCGAAAAACGAAGTCAGCTCAATATTGCAGAAGTTACATTAACTATAAGCAATGAAAAAGGACTTTTAAGTCTTGATTTAAGTGAAATAGCTATAAAAAGGCGGCTTTATAGATCAGGGGAAAGTGAATACTTTATCAATAATCAGCCTGCAAAACTTCGTGAGATTAGAGAGCTTTTTTGGGATACGGGTGTCGGAAAGGCAGCTTATTCCGTTATGGAGCAGGGAAAAATCGACCAGATTCTTTCCAGTAAGCCTGAGGAAAGACGGTATCTTTTTGAAGAAGCGGCCGGTATAACCAAATTTAAGATAAAACGCCAAGATGCAGAAAGAAAACTTGAAAAAACTAAAGAAAACATGCGTCAGATTGAGGGCGTGCTGGGAGAGGTCCGCAGATCCTACGATACTTTAAAAGTTCAATCCGAGCAAACAATTAAATATAGAGAGCTTAGAGATGCCGTTTTTGAGCATGAAAGAGATATTCAGCTTTTGCGCTTAAAAAGCTTCATAGATGGGCTTGCTGCAAAAAAACAAAGCTTGCAGGAAGCTTCCGAAAAAAGAGATTCTATTCAAAAACAAATTGACGGAATTCACGGAATGCTGTCGGAAAATATGGATATTGTAAATGAAATGGAAGAAAAGTTTAATGCTTATAGGACAAAGGTTCTAAACTTGGCAATAGAACAAAAAGGTAAGCAGGAACAAGTTCAGATTTACAATAAGCGCCATTCAGAATTAAAATTAAAACTTAATCAGCTTGAAGCTAAAACCTCAGCTACAAAAGAAAATATAGATAATTTAGAGAATGATATCTCAGAAAAAAATGCTGATGTATTTGAGTTTAAAAAACAGTTTGATGCTATAGAAAAAAATGCTTTAGAGTTTGAAAAAAATATAGATTTGGCAAGTCATAAAATTACATCAAACAAAGAAGATATAAAAAAACTTGAAGATGAGATACGGCATCTTGATGCTATGAGAGAGAATATGGAGCTTGAATTAAAGTCCATAACCGAAGATATTGTTACAGAGCTTGATAAAAATTTAAGGTCGGCCGGATATTCTTCAGCTAATCGATTAGAGGCTGAAAAAGAATTGGATGATGCACTAAGCCGATTAAAAGTTTTAATAACCGGAAGAAAGGATATATTTTCGGATTTTGCTTCAATTCATAATCATTCGCAAGAAGATGTAAAACAATTTGCAGAAAATGCCGTACAAAGTTTTTCTTCGCTTTTAAGTATAAGCAATGAGATAGATTCCTCTCTTGAAAAATATAAAAAATCTTCTGCAGGTTTTATTGATGAATTTTTAGCACCGGAAGGTATTATTACTAAAAAGAGAGCTGTTGATACGGCTATTTTAGAAAATAGGCAATCTATTGAAAATAAGCGTAAAAAGATCAGCGATTTTGGGGAAGAAAATAATACTCTTTCAGCAAAGATAAACGATTACCGAAAAACCCTTGAAGATTTGCGTGTAAGCAGGGCAAAAGTCGATGCTCAAGCAAAAAATGCGGAAGATCAGGTAAAACTTTTGGAAAGACAGCTTTTATCTCAAAAAAATATTCTTCATGATTTGGAAAACGAATTTTTTACGGAAGAAAAACAATTAAAGCAAACTGAAGAAGATATTTCTGAGCTTGAAGGGGAAATTAACTCTCTTGAATATGAGGGACGAAAGTTAAATGATGAGATTGAAAAGCTTGAAAATGAAATTTCAGTAAAGAACTCCGATCTTGCCAGTAAAAGAGGTAAGATTGATAAGCTTACTGCAGAGCTTTCAAAAGCTAATTCTCTTTTAGAAAAATTTCATTTTGACCTTGCAGGTATTGAAGCCGATATACGCAACACAAAAGAAAATTTTAGAGAAAAGCATTCCCGTGAATTGATGGAATTTGAAGAGAGAATGTTTACTCTTAACTCGTCGGTATCTGATCTTAAGGATAGTCTTTCTGTTATTAGACAAAAGCTGGATTCCCTAGGCAGGGTAAATTTTATGGCCCCCGAAGAATTTGAAAATGTAAAAGAAAGATATGAATTTTTAAATAAGCAGATTAGCGACCTTGAAAAAGCAAGAATTGACTTACAAAGAATTACAGATGAGATTACGGCAGAGTCTACTGAACTTTTTTTAGAAACATACAATAAAATTAAAAAGAATTTTCACAATATGTTTAGAAGGCTTTTTGGAGGCGGAAGGGCAGAAATACGCTTAACCGATCCCAAAAATGTTCTTGAATCGGGTATAGAAATATTTGCACAGCCTCCGGGAAAAAAACTTGAAAATATCAGTCTATTATCGGGCGGAGAAAAGTCTATGACAGCGGTAGCTCTTTTATTTGCAACCTATATGGTAAAGCCGTCTCCATTCTGTCTGCTTGATGAAATTGATGCCGCCCTTGATGAACAAAATGTAACCCGCTTTGTTACCACTTTAAGGGAATTTGCAAATGTAAGTCAATATATAGTTATAACCCATAATAAAAAAACGGTTTTGGGTGCAAATACTATGCTTGGTGTTACAATGGAAGAATCGGGTGTTTCAAAGGTTATAGCCATAAGACTTGATAATGAAACGGATATTGATGCAAAAAAACTTGATTTAGTTGATGAACCCTTTGTGGAAGAAGATGTTGAGCCTGAGGAAGGTGTATATATTCCGCCTCATCCTCCTAAAAGAATAAAAACTATAAACGATGAGGAGGAGAATTCAGAAAAAGATGATGGACTTGAAGGATAGAATAAGCGGTTTCTTTAAGAAAATTCAAGATTTTTTCTCAAACAACATAAAAACCGTTATCATAATTACATGTGTTGTTATTTTTATTTTGGTTTTAGTTCTTATTTTGATATTTATATCCTCCGGAAATAAAAATATCCAATCGGATAATCAAGATAAAAAAGCGGTATTATCATCTCAATTATCCGATTTTAAATCTCGAAAAATAAATACCGATAAGCTTCAGCTCATAGATGAACCTTTAAATCTTCCTCCAATTCAGTTTTCAAGAGAACAGCTTAATATTTGGGAAAAAACGGAAACCGATTATTGGTATGAGCCTCCTACGGAAAAGGATATGGAAGAACTTCATAAAAAGAATAAAGAAATTGTCGATAATATATTGGAGGCATCACCATGAAAAATGGAATCCGATCTCTGTTTGTTTTATCTTTTTTTGTGCTAGTTTTTAATTTTTCTTCTTGTGCCACTACCGAAAAAAAACTAGGAACTGAGTTGATTCCTGAAGAACAATCAGAGTCAGATATATCGGCAAAAACTAAAGACAATGAACCTAAAAAGGAAGAGCCTAAGCTTATATTAACACCTTCTGTTCAAGAACCTGCTATTAGCCCCGTTATAAAACCTAAGCTTTCAGCTAAGCCTACAGAGCCTAATATTGAAACCAACGATTCGGTAAGCTCAATTTCAGATCCTAAGCCTGTAACTGATAAACCGGAGTTGGAATTGATAATTGTTGCGGAAGATCAAGAATATCCTGTTACAGGAGACTCATCTAAAGATGAAGATAAGACTTTACCTAAAACTGAACCTTTATCTAAAAATAAAGCTTCGATTCAAGCTGAGACGCCTGCTGCAAGTTCAACTCAAAAAACAGAAACTAAAAAAACTCCTTTTTCAGCTTCAAATTCTCAAGCATCAAGTCCTCCGCCCGTTTCGGAGCCCTCAAGCCCTGTGCCTGAGCTTAAACCTCCAAAGCTTAATAATTCTAATGTAAAAGAGAATCCTCCGGATATAGTTGTTTCTAATGAAAAAGACGGCCTTTCTGATGTATCTGCTTCTAATGCAAAGCTTACTGAATCTGAAGCCGCTAAATTTTTTTCAGAGTTTCCCAGTACGGAGCCTTATGAAATTACAGAGGAAAAAGCATCCAGATCGGTAAAATTGTATACCGGTCAAAGACTTGAAGTTTTATATCCTGGGGAAGGATGGGTTTATTTAGGGGAATCTACGGCACAAAAAGGAATAAAATATCAGCAGAGAAAACTTCAAAACGGTACTTCAATTTTTCATTTTGGGGCTGCAAATGAAGGTAGCTATATTCTCAATTTTTCTTATTTTGATGTTTTTTCGGATAACTTTATTTCTGACTCAATAGCGGTTTATGTTGAAACGGCAAAGACAAAACTTAGTGATACGGTTAAAGCCCCTGATTATAAAGGAAGTATAAGTACGGCAAAGTCAAGTCCGAATGAAAACAAAGCTAAGACTAAGGATGATGGTTTATCCAAAACATTGCAAGGTACTGCGATAAAGAAAGATACTTCTCCCATA
NZ_CP038800.1_gap40	1634810	1635515	705	AATTATAATCAACATAAACGGCATTTCTATCGATGATAAATTCTTTTGTGATAGGCGCACTCTTATTTCCTGCTTTGTCTTTGCTGTAAATATGTACCGAATAAACGGTTTTTTCTCCTAAACTTCCTGTTAAAGTAATTTCATTTTTTAATGAGGTAAAAAGGGGCGGCTCTATTTCGGTAACAATCTCGGCATCCGAAACCGGTTTTAAATTTATTTTTACGCTTGTATTTGTAGGAGACACCGGAGGATTAAAAACGGCTTCAGGTCTTTCCGGCGGAAGTTTATCGATAGTAAAAGCCGTTTTAAATTCACCATGAAAACGGTCTTCATAAAAAGCTCTTATTTTTACATCAAAAAAACGTTCTTGTCTTATTCCGGAGTCGAAAATCATTGAACCGTCTTTTGTAAATCGTTCGGATTTTTTTGTAGGCAATAAAAATGTTTTACCGTCTCCTACTTCAAAAAAATATGTATAACGGTTATCATCGAAATTAAGTTCAATATTTCTATTTACAGGTTCATTTGGAACCCAAGATAATAAAGGTTTTCGAGGTAAAAATATTTTATTTATTTTTCCGTCTTGAAAATCCTTGTTTGTCCAGTATAAAAACCGGTCTTTAGTCCTATCTGTAAAAATAGGGCCGTCATAAACATTTAAAAGTTCTGATAAAGACGGTTCATCATTTTTTTCGTCATCCTTTA
NZ_CP038800.1_gap41	1637115	1639359	2244	GGCTCCCGCTTTTGCACAAGCAACGGGAATACCGCAAGCCATAGCTTCGATAACGGGCAAACCTACTCCCTCTATCATTGAAGGAAAAACGCATAGATCTGCAGAAGAATAAAGCTGAGGAAGGCTTTCATGCGGAAAATAGCCTGTAAGCAAAATATCTGAAGAAAAACCGGACTGTATTACTGCATTATGTACAGCTTCTGAATTATCGCCATCCGCGCCCGCAATTACAAGCCGGTGAGGAGAACCTGTTTGTCTTTTAAATAAGGCGAAGGCCTTTATTAATTCTACATGGCATTTTTGGCTATGTGTTATGCGGGAGGCATAAATGATGTAAGGTTTTTGAATAGCAAAGGGCTGTATTAAAACGCTGTCTTTATCATTATTTATAGGCTTAAATAACGAATTATCAATTCCATTGTATATAACCCTGACCTTTGAATCAAGAACGCCGAATTGAGCTAAATCGGTTTTAATATATTTTGTAGGACTTATAATTCCTGAAGAAGTTTTTAAAGTCCGCTTTACCCCTATTTTTGCAACTGCACCTAAATCGGCTGATAAAAGGCTTTGTATAACTAAAATTGACGGTACGGTAAAAATAGGCGGCAATAAATCAATACCCGCAGGATAAATAACGGCATCATATTTTTGTTTTTTTATAAACGGATTTAAATTCTTAAAGTGCCAAAGTTTTTCGGAAAATTTTGTATCTGCAATGTCCACTCCTGTAAACGAAACGTAATCTATATCCGATGTATAAGTATATTTATCAAGTTCGGGGCCGAAAAGCTCAAACTCGTAATCATTTTTGGGTAAATTTTTTACAATAGATAATATATAAGAGCCTATTCCTGAGCGGCCATGATCACATCCGAATGTGTCAACTCCAATTTTCAAAACAAATTCCTCCGAACTTAAGAATTATACCACATATAATAATTTTATTCTATAAGTATTAAAATTTCAATCTTACTGCCCTGCCGCTTTTTTTAAGATTAAGTTTTCTCCGGCTTTATTATGTTCTTGAACGCTTCTAGTAAAAATGTGTTTTCCCGTATCCGGATCTATTAACCGAAAATAAAAATAATCCGTTTTAGCGGGATTACATGCTGCATTTAAAGCCGTAAAACCTGGATTTGAAATAGGTCCCGGAGGAAGCCCGGCATAAATATAGGTATTATAAGGATTTTCAATTTCCAAATCTTCATAAAAAAGACGCTTAGGATGTTTTTTATTTTTAATTTCGGTAATTATATATTCAACTGTTGCACATGATTGAAGTCCCATGTTTATCTTAAGCCTATTTGTAAACACGCTTGATATTATAGGGGCTTCCTCAGGTACTTGATATTCCCGTTCAATAATGCTGGCTAAAATTACCTTTTTATAAATTTCGTTAAAATCTTTAGGAAAATTCGGAATAGATGAAGTTTTTTCACAAAAAGTTTTGATAATCATTTTTATCATCATTTCAGGAGTATCTTCTTCTCCGAAAAAATAGGTATCAGGATATAAAAAACCTTCAGCCGTATTTGCTATAATTCCATTTTGCTGCAAAAAGGCTTGATCTGTTGTTATGGATATAAATTCTTCAGCTTTTATAAAGCCTGCATTATCAAAAACTTGAGCTGTCTTTTTTAATGTTAAGCCTTCAGGCAGAGTGATTTTTTTTAGGGCTTGGGAACCTTCTGTAAGTTTATGTAAAATATCCTGTGTTGTCATGTCCGGTTTTATTTGATAAGTTCCGGCCCTTAAATTAAGCTTTTTAAAGCGGAGATATGCATAAGCATAATATTCCGAGCGTATAAGATTTTTAGCCTTTAAATCATCTATGATTTTTTTTGCAGATGTACCGCGGTTTACCTTAAATATTACGATTGGTTCTGTAATACCGTAAGGAGGCTTATTAAAACTTAATACAAAAAGAATCCCTCCTGCAGCGATAATACCAATGGCCAATAGTATAATTATTATTTTTATTTTAGTTTTCATAGAGTAAAATCCTTTAACCTCCAATAAGGGCTTTTTCACAAAAAGATTCAGCTTCCCCTATTGTCATTGTTGAATATACATATGATTCGGCAAATTCGGAAAGCCTTTCCAATACCTTAGGAATGGAATCGGAGTTTTTTCTAAAATAAAGAGCCAAATACTTTAATTCATCATCTGAAAAAACATATGAGGGTAATTCCGGTTCAATCATATTAAAAACGATTTTCCTTCTTGAGCTATAAAAATTTC
NZ_CP038800.1_gap42	1733065	1736223	3158	TTCATAAGCAGGAATTAAAAAAGCAGGTTTAATCTCTGCATTGGCATTATTTGCCCAAGTCGGGAATAAAATATGAACACCCATCAATTTCTGTCCGGCGAATTTATCTCCCTCAGCTCTTACTTCAGCTTCCTTAACAGTCGAAACAGCAACTGAAACAGGATTTTGAGAAGAAGAATTCAATTTAACTTCCCACTGTTCGATAGCCAAAGAAGATCTCATCAAAGCTTTTTGCTCATCTGTATAAGAAGCTCCGGCAACTGCACCGTAATCCATAACGGTACGGCGGTTTTGTGTCATCTTACCATTAGAATCTGCGATAATATCGGCATTCAACAGCGCGAAATCAACAATAATCGCTTCTTCAGCAACTGCAACGGCTCCCATCAAAAGGAAAGCCATAGCCACAAGTATAAATGTTTTTTTCATTCAAAAACTCCTTTTATGCACTTAATTTATGCCCTGTTACTATAAGTATACGTAATAATTCAATTTTGTCAACACTTTTTTTATGATTTTAATGTTATTTTTTTAATAATTCGTAAATCTCCACACCTTCTACAAAAATACAGGCGGCCTGAAGAGTCTTACAATTGGTAAATATATTCTTCTCTAGGAGCTCTTTAATCGCATCCGAATCAAATTCGGGTCTTATATTTTCTACAAAGACTAATGGTAAATCCGCATATAGGATACCATCCTTTACAAAGCAGGATAAGAGTTTAGTTCCTGAAGGTACAAAAGAATAACAAAGATGATTTACAGGACCAAGCATTAATTCTTCAAAAAAGGAAGATTCTTGAGCCTGAATATCTTGTGTCTGAACATATCGTATTTCCGTATCAATTTTACCGGTTATCGAATTTTTAAAAAAAAGAACATACCGATTATATTTTTCATTTAAAAAAGATGTAAAAAATACTATGATTACTATTACAACTAATAAAAAAGCCGAAATAATCTTTGTTTTTATGTAATTCATTACATACCCCGAAATCAATTATTTTCAAAATTGCTTATAAAAGCAGACAGACCATTATATATACCCAAGGAGCATTTTTTCAAGTAGTCGGGAGAATTTAAAAGCTTAATTTCGGTTTTATTGCTGATAAAGCCTAATTCAATTAAAACGCTGGGCATTTTAACATTACGCACCACAAACCACTGATTTTCGCGTATTCCCCTATTAGGGCTTTTTTTTCCGATTTGAGCATCCAAACCGTCTAAAATATTTTGCGCCATTAAAATACTTTCCATCGTAAATTCTTCTTCCATCATCGAATTCAATATTGGATGAATTTCTTTTGGAACCGTGTTTTTATCCACTACTTCACGCCTGTATTCCGGAGGCAGATACCAAACTTCAAAACCGGCAGCCTTGGAATTAAGAGAGGCATTTACATGAACGGAAACATAGAGAATACTTTCATTTTTTTTCAATTTTACCGAATTTGCCATTTTTACCCTGTCTTCAAGGGTTGGATAAACATCCTTATCCCTGGTTAAAAGAATTTTTTTATCGGGATAAGCTTTTTTTAGCATATTGTATAGGTCTAAACTTACATTTAAAGCTACCGTTTTTTCATTTAGTATTATTGTTTTTTTATTTTCAACATAAGAACCGATACAACCGGGATCTTTTCCGCCATGTCCCGGATCTATCAAGATAACCCCTACCCTATACTTTGTTTCTTTTTGAGGAACCGAAAAAAAAGTTTCAAGCTTTTTATACATTTCACCGCTTATAAAGGTAAGTCCGTCTTTTTGATAGGGAGGAGAAATAAAATCAGGCCTTTGATTATCATAAATTATAAGACTTTCCCCTATTTTGCAGCTGACCTGAGAGTTATCCTTCATAAAAATAAGCTCTTGAGAAAGAGGATCCCACGAAATATCAAGATCAAGCTTTCCTGCGGCATCTGTAACCGAAACGCCCGCAGAAAAAGCTTTTAAATAAAGAAAAATCAAGAGAAAAATAGAAAAAAAAGTCCTTTTACTATCTCTCATTAAAAATTAAATAGTATCAAGACACTCAATACCAGGGAGAATTTTCCCCTCAAGGAATTCGAGGGATGCTCCGCCGCCGGTAGAAACATGGCTCATCTTATCGGCAAGATTGAACTTATTTACGGCAGCAACCGAATCACCTCCGCCTACAATTGTAAGTGCTCCTTTTTCGGTTGCAGCTGCTACAAGGCGGGCAGTTTCTTCCGTTCCTTTTGAAAAGGCCTCAAACTCAAAAACGCCTACAGGTCCGTTCCAGACAATCGACTTTGATGACAAAATAATCTCTTTATAAAGAGCCAAGGTCTTAGGCCCTACATCCATTCCCATAAGATTATCCGGAATATCGGTGCTTTCAACCAAAACCGCTTCGGCATCGGGAGAAAAGGTTTCGGAACAGATATGGTCAACAGGAAGGATTATCTTTACACCCTGTTTTTCAGCCTTATCCAAAAGATTTTTAGCAGTATCCATAAAATCTTCTTCAAATAGGGATTTACCTATCTTTTTTCCTTGAACCTTTAAGAAGGTGTAGGCCATTCCTCCTCCTATAATTAAAGAAGAGGCGTTTTTTAAAAGGCTTTCCAAGACAGCGATTTTAGAAGAAACCTTTGCTCCTCCTATAATTGCCGTCATGGGCTTTGCAGGATTATTTAACATGGGCTCAAGGTATTTAATTTCCTTTTCCATGAGAAAGCCGGCTACCCTTGTATTGACAAAATTTGCAATTTCGGCTGTAGAAGCATGAGAGCGGTGAGCCGTTCCAAAAGCGTCATTTACATAGATATCGCCGTACAAGCTTAGCTCTTTTGCCAAGATTTGCTGTTCGGCCTTTTCCTTTGAAGTTTCTTCTTTGTGGAAGCGGGTGTTTTCAAGCATGAGGATCCCGCCCTGAGGGAGAGCTTTTACCCTTTCAAGCTGTCCCATGCAGGAAGGAGCAAAATCAACAGGAAGTTTAAGAAGGCCGGATAAATATTCTGCAACAGGTTTCATCCTGTGCTTTCCGTTAATATAAGCTTCCTCATCAAAGGGTTTTCCGTCTTTTTCGGCCTTTTCCTTGGCTTTTTTTGCATCTTTTGAAGGATCGCCCAAATGGCTCATCAAAACAAGGCTTCTTGCTCCTTGTTCCAATATATATTTTATTGTAGGAAGAG
NZ_CP038800.1_gap43	1871000	1872399	1399	GTGATGTATTTTTGCTGGAATAAAATTATGCAGCCGGAAGCGGAAATAAACAGATAAAATACTATTTTTTCCTCTTGACAAATTTTTAATGTATGGCTATACTAACAACTGGTAAACAGCGTTTACTAATTGTTAGTATTACAAGAGGATTGTACAATGAAACTTGAAAGTTTGCATATATTTTTTAAAAAGATCGGTGAGTTTCAATTAAAATACCGCTGGCTTTTACTCATCTTATTGACAGCTATAAGCATATTTGCCGCAATGGGCTTAAAAAAGTTTAGAGCCACATCAATGACCGAAGAAGTTTTTGTAAACATTACGAAGAATATGAGAAAAAATGAAGACAGGTTTAAAGAGCTTTTCGGCAGCAATGACACCATAGTTTTGCTTATAGAATCCGATGATGTTTTTAAGCCCGAAGTTTTAAAAATGATTAAAGAAATCGGAAACGAACTTTTAGAAAAAATTCCGTACGCCGATTCGGTTACTTCTATCACCGATATCGATATAAGTATCGGAACGGAAGAAGGAATCGAGATAAAAAATCCCTTTAAAGACGGTATCCCTGAAGATCCTGCCGAACTTAAAAAAGCAAAGGATTTTATCCTATCCAGAAAATCCATCGTAAATAAACTTGTTTCAAGCGATGCAAAAGAAACCTGGCTTGTTCTTTCGCTTAAAGCAACCCCGAGTAGAGAAGAATGGATGAAAACTTCGGATAAGGAGCTTATGTATATCATGGGAGAAACCGCTATCGATATCGTAACAAATCCCAAATACAAAAGCTCTGCCTACACAATAAAACCTGCAGGTCTTCCCTACACTGAAACGGAAGAAAAGATTGTTATGAACGCAGATATAAAAAAATGCGTAAGTCTTAGTTTTATGTGTATGATAATTCTTCTCGTTATTTTTGCACGCTCGCTAAGAGGTACGATAGTACCTATCATAGCCACCACAGGTGCAATAGTTTCAGTTTTAGGTTTTATGGGGCATTTAAATATTGAAGGAAGTTCCGAAATGCTTTCCGTTCCAATAATTCTTGCAATGGCTCTTTCGGTAGGCTACTCAATTCACCTTGTAAATTCTTTTAGAAACAGCTTTTACGCAATAGGAAAACGTAAAGAAGCCGTTATCGATTCAATAGAAAATACGGGCTGGCCTTTATTTTTTACGGTTGTTACGACAGTTGCTTCCGTTTTATCGTTTTTAACGGTTGACCTCGAGCCGATGCATTGGATGGGGCTTGCAAGCGCCGCTATGGTTTTTGCAGTTTATGTCTATGTGAGCATCTTAATTCCTATTTTGATGAGTTTCGGAAAGGACTGTCCTCCTGAACAAAATAAGAGTGCAATAAGATATAAAAAGCTGGATTCTTTTTTTGAAAAGTTCGGAA
NZ_CP038800.1_gap44	2020543	2022377	1834	GTTTTTAGATCCGACAAACCTGCATTAAACCACGAATCGGAACCTATAAAGGCAATAGCCGCACCGGCCAGAAAAAAAAGAGAAGCAGCATAAAAGGATGAACTTTTATACATCATCTTAAATTCTTTTTTTGCAATAAAAAAAATAAGATTTTTATTCGTTTTTTCTAAATTCATTTTTGTTTATCCCTGCAAAAAATTCAAAAGCTTTTTCCAATATGGTATAATTTATTTCCGAATCAAACTCGCAGCCTTCAGCTGCCAGTTGATCTTTTATTTCTAAAAGATTTCCTGAGGCTATTATTTCTCCTTTATTGAGCAAAATATGATTGGAGCAAAGCTCTGCAGCCTGCCTTAAATCATGAGTGCATATTAAAATTGTTTTTTCCTTTGCAATATGCAATATTTTTTTTTCAAAATCTTTTACCTGCACCGAATCAAAACCTGAAGCAGGCTCATCTAAAATAATTAACGGAGGATTATGTAAAACAGCTTGAGCCAGTCCTACACGCTGCTTAAAACCCTTGGATAAACTTTTAATTAAGTGATTTTTTACTTCATCTATTTCACAAAAATCGATTGCCTCATTTAAAGCAGCATCCAATTTATCTTTTTCTATTCCGTGCATTTGACCGGCGAAATATAAAAAGTCATAGACCGTCATATTCAAATAAAGGGGATTTTGTTCATATAGAATACCTAGAAGCTTTTTTGCTTCAAGTTCATCGGTTAATATGGAGTACGAGTCTATAAAAGCATCTCCTTCATCCGGAGTATAATAACCTGATATACAGTTTATAATACTGCTTTTACCGGCACCGTTTAAACCCAAAAGCGAAGTTATCTCTCCCGGTTTTAATTCAAACGAAATATTTTTACATCCTACAACCGGAGCTTTTTTGCTTCCGTAATACTTACTTAAGTTTTGTACTTTGAGCATTTATTTTTTCTTAATTCCCAAAATAGTTAAATCGTCATATTGCTGATCTTCCCGTACATTTGTATAATAAAGATACTCGTTATAACTTGTGTTAGGTACACGGTTTCCGCAATAAGTTTGATATTGCCTAAAATGTTTATTTAAAAATAAATCTATTTTTTTATCTACCTGAACCATATCCCTATCGGTTGCCTTAGGATCCTGATACATTCGGAATATTTTTTCGACAGAAACAAGACCTATAACCGCATCTTCAATTGTGCCCTCAAGGTTTGTAAAATCAAAATCAAATTGTTCATTTTCAATCGGGTTATGCCATTTTTTTAAGCTAAAAGAACTTCGAGAAAAGATACTTTCGATGATTTCACATACACGGGGCTTACCCAACTCTTCTCCGTCCTGACCGACACTATGAGTTTCATGTTCGGCATCTTTTTCAAGTCCGGGCTCTTCGCATAAAATAGGCTCCAGTTTGGAATTCCTAAACAAGCGTTTAGCTTCTTCAATACCGTCAGTATAAAGGAATAGAACATCTCCGGAATTTAATTTAACGGTTTCAACTTTAAAGCCGCCTTTCATATCTATCATAAAAGTCGGAAAAACTCCTGCAGCAGAAACCTCGGTCAAAACAACCTCTTTCATTTTCTTTGAGGCTGCATCATAAATATTTATAATATTATCTCCTGCATTACAAAAATGAACATTACCGCTTATAGAATCCATAATACAAAGGGTAAAGGCTGCAAAGCGTCCCTTAAAGCCTCTGGATTCCAGTAGATCGTTTATTCGTGATACAACCTGATCTATTTTTAGTCCCTGCTTTTTATAGCTCCAGTCTCTAAAGTAGTCCAAGAAAAGAGTTGCAACCTCGACCATTATAAGAGCGGCAGGAACT
NZ_CP038800.1_gap45	2059253	2060627	1374	TGTCGATGACTTTTCTATAGAACAAGTCGGCTCTTGGCCATGGTCAAGGGATGTTTTAGCCGATGTTTTAATCCGCCTAAAGGAAGCAGGCGGAAAGGCGGCGGTTTTCGATATTGAGTACCTGTCTGCAGGAAGGGCGGGTGCAAATAATACCTATGTAGAACATGATCTGCCGAAAGAATATGCAGCCGTGCGGCAGGAATTCGGAGAATATATAAAAGAATTTTCGGATGCAGTAGCAAGCAAAAACATTCCGCTTTCTGAAGTAAAAACTGTTGGAAAGGATATGTCCGAGTATTTTGAATCAAAAATTGACGAACTTTCCGATTCAATTAAACAAAATGTTTTTAGAGATAACGATGCCTACATGGGAGCTGCAGTAGGCTTTTTTGAAAATGCTTTTTTAACTATAAACGCAGTAAATATAAACATAGGAGGCGAAACAAAGGAACTAAAAGACTTTGCCTATAATAATTTTTTGTTTACCAATGTAGAAGATAAAACAGGTCTTTTTAAAAAGGAAACCTTAGCAAACCGCAAAGCCGCAAATGAAGAATACGGAATGGCTCCGGCGATTATGCCCATACTACAGTATGCAAGGGGAGCAGGTTTTCCGAATGTGGTTATAGACGAGGACGGGGTACGCCGCCGCATTTCTCTTTTAACCGAATATGAAGGAAGATATATAGGACAGCTTGTTTTTACTCCAATCCTTAATATCCTTGAACCCGAAAAAATTATCCGGTCGGGAAGAAAGCTGATTTTAAAAAATGCCAAGAACCCGTCCGATTTGGAAAAAAGAAAGGACCTTATAATTCCTCTGGATGATGACGGAAATCTTTTAATAAACTGGCTAAAAAAACGATTTGCCGACACTGAAAATCCGGAAAACGGCAGCTTTAAAAGCTTATCGGTTTATGCCCTAACCTACGCCGACATTATAGAAAAAAACTTAATTTCACTTTTAGAAGCCATAAAAGATTTGCAAATAAGAACTGCAGAAGGCTACCTTTCTTATCACAATGCGGTTAGTTCTTTAGAAAGTGAATACTCAAGGCTTGATCAATGGAAAAAAGAACTTCTAAATAAGAACAAGCAGGATTTTAAAGATTACTTTGCGGCACGCAGTTCCTTTTTTGATAATTACAGCAAATTTTTAAGCGGGAACTTCGATAAAGAAATACACAGCCTCTTTGCAAAAATAAAAGAACAGAGCGGCTCAAACCAATATGACGATATAGATGCCTATGTTACCGAACTTTTTAAAAATGCAAAAGAAGAATATAAAAACTATTCGGAACACATTAACTATATAAACGGCTTTTGCAGCAACGCCTTTGCAATTATAGGATACAGCGGCGTAGGCACCTCCGA
NZ_CP038800.1_gap46	2094908	2096057	1149	GGGAATTTAAGGCCTTTTTAAGCCGGTAATCGCCTGAAGAAGGCAGGAAGGCATTTAAGCCCTTATCTATGCTTTGTTTAAAAACCAATGGAGCTTGATTTTCCCTTCTACCCAAAATTGACATTCCCCCGTCAAGGTACATATCCAAAAGTCTTATGTTTTTTTCGGTATAAAGATAAAAACCCCGTGCTCTTTTTACATTCCCGTATCGGTTTCTTACTTCATCATAAAAATTCATCATGTTCATTTTCGCAAAAAAAGGCCCTTTATACAAGAGCCTATGGCAGGAAAAATCATTACAAGGGTCCTTAAAAAATCAGTTTTTATGGGGAATCATTACTATTTTCCCTATAAAAAATGACTTTCGGCACTTTTATTTTAAGCAAAATCGATTAAAATTGAGGCATATCAATCAAAAAACTCTTTTGGAGGTGTTTTATGAAAATATTGGAAGTTAAGGATGTATCAAAAAAATACGGAAAAAAACAGGTCCTTTCCGGTGTTTCTTTTGATATTGAAGAAGGCGATATCTTCGGTTTAATCGGGCCTAACGGAGCCGGAAAATCCACCCTGATAAATATAATAACCGGAATATTGGATCCGCTAAACGGCGAGGTGCTTATAGGCGGATACAGTATCAAAAAAAAGCCGATAGAAGCAAAGAAGCTCATAGGCCTTGTACCTCAAGAACTAGCCCTATCGGAGGATATATCGGCAATAGACAACCTCAATTTTTTTGCAAGCCTATACGGCCTTTCAGGGAAAAAATTAAAAGAGGCTGTAAATGAGGCCTTGGAAGTTGTCGGCTTAACCGAAAAGAAAAAAGGAAAAGTGAAAAAATTTTCAGGCGGAATGAAAAGAAGACTCAACCTTGCTGCAGCCATTATGCACAAGCCCCGTCTTTTAATTTTAGATGAGCCCACCGTAGGTATCGACCCTCAGTCAAGGAACAATATCTTTGAATATCTGCGCAAGGTAAATTCACAAGATAAAACTACAATTCTTTATACCTCCCACTATATGGAAGAAGTCGAAGAACTTTGCAAAAATATCTTTGTAATCGATGAAGGAAGAGAGATTGCCTACGGCTCACTTAATTCCGTAAAGGAAAAAGCAAACGGAACCGTAACCATCGAAATAAAGGCAGAC
NZ_CP038800.1_gap47	2098545	2102594	4049	TATTTCAATGTTTTCACCCCTATATTGGCTGTTGGAAATGCTGGATAAAGAAAAACCTTTTCCAAACATATTGATAGTCTGGGCGATGACTGCCGCTATTTTTACAGCCGGAAGCTGGAAAATAAAAGAGTTTAACAACGAAATAAATTAAAATCAATTTAAAGGAGGCAGCTTCTGCCTCCTTCTTTTGGGTTAAAACCTTGCAAAAACTTAATTATTATAATATAATCGGCTTTATGAAAAATAAGTTTTTTATTTTTATTCATTATTTTTTAATAGCATCAAGCCTCATTCAAATAAACGTAAGCGGAAATAAGATTACAGGAATTCAGTTTTTATTATATCTTTGTATTATTATACTGTTTAATCTCAGGCTCTTTTATATAGATAGAAAAACTTTCCTTTTTTTTGCTTTTTGTTTAACCGATTGGGCTATTTGTTTTTTTCTACATATTACGGGTCTTACAATTCCCTTCCTCTTATTTTTAATTCCCTTGATAGACAGCTTTTATTATAATTCAAAGCCGTATACCTACATATTGGGAATAATAGGGCTTGCAGTCTGTATATTTTCACTAAGAAATTTTGATATGGGAATAATCATAAACTATACGGCTCTTTTTATTTTAAGCGGAGGGGTTTTAGAATATTTTAAACTAAATCAAAATAAAATTATTTCTTTCCAAAACAAAATAGAAGAATTAAGCATTCAAAGAGACGAGCTTTTAAATTCCATTCATGATTTGGAAATATACAATGAGTCGATAGAAGACCTTATGACCTTAAAAGAACGAAACCGCATCTCCAGAGAAATACATGACAGCGTAGGACACGGACTTTCTACAATGATTATTCAGCTAAATGCGCTCTATGCTGCTGCAAAGAACAACAACAATGATTTACCTCAAAAAATTTTAGATTTAAACGCCTTTGCTAAAAATAACTTAGAAGAAGTAAGGTTTGCCTTGAGAGAATTAAAACCGGTAGATTATAACAAGTATGAAATAATAATCCTAGTTCACAATCTGATAGGGGAATTTAAAAAAATGACAAATATCAATGTACAGTTTACTTTTTCAAAAGATATTTGGAGTTTAAACGAAAAACAAAGTCATGCAGTATATAAGGCCGTTCAAGAATTTTTATCCAATTCTGCAAAGTACAGCAATGCTTCAAAAATTATGATTCACTTTTCCTATACTGAAACCTCTCTCATAGTTACTATGAAGGACAATGGGATCGGCTGTACCGGCATCAAAAAAGGAATAGGCTTAAAAGCTATCGAAGAAAGAGTAAAGGAAACGGAGGGAACGGTTTATTATGAAAGTCTTCCTGCCGTAAAAGGCTTTTTTATGCGTTTGGCATTTTTTAAAAATAAGGCTCTTTAAAACCCCTTACGCAGTTTCTTTACCCTCTTAACATTTTCTTTTTTTTTGATATAATTATCTTATGATAACACTTATAACAGGCGGATCGAGGAGCGGAAAATCGGCCTATGCCGAAAAACTTTTAGACGGAATAGATGATGTTGTCTATATAGCAACCGCCGAAATCTATGATGATGAAATGCAGGAAAGAGTAAAAAAGCATATTAAAAGACGCAACCCAAAGTGGCGTACCTATGAGGGCTTTTTAAACTTAGAAAAAGCCGTCAACGGAGAAAAACACTATTTACTTGACTGCGTAACAAATTTAATTTCTCGAATTCTTTTTCAAATAACAGGAGAAAAAGAAAAGCCCAGTGAAGAGGAGATTCAAAAGACAATAGATACTTCATTAATTCAAATCAAAAATCTTATTTTAGAAATAAAAAAAATAAACGGCTCCTTAATTCTTGTAACCAATGAGGTCGGGTCTTCTATTGTACCGATGCATCCCGTATCAAGAGCTTTTTCGGATATTCAAGGAATAGTAAATGCAAAAATCGCCGAACTTGCAGATGAGGTTGTTCTCTGCGTTTGCGGCCTACCTATAAAAATAAAAGGCGGAGCATCAATATGAAAGGTTTTATTTTAGCCTTGCAGTTTTTTACCCGCATCCCCATCAACATAAACATAGACTTTAACGAAAAGAACATTAAAAGAGCTTTTTAATTTTTACCTCTTATAGGAGGGCTTATTGCAGGTCTTGTTTTTATCCCCATCTATTTTCTCCCGCAAAAATATATTGAAATATCCGGATTTATAAGTTTGCTCCTCTATTTATTTTTAACAGGCAGCATTCACCTTGACGGAGTCGGAGACACTATAGACGGTTTTTTTTCTGCAAGAAAAAAAGGAAAAATATTGGAAATTATGCAGGATCCGAGAATAGGAACATACGGAACAATAGGGCTTAATGTATTTTTGCTTCTCAGATACATAAACTATTCTACCATAATGCCTGATGCAGGCCTGCTCATACTAGCCGGAATAATTTCGAGGCTTTCAGGTTTGACAGTTGTAGTTTTTTCAAAACCTGCAAAGGATACGGGCCTTGGCCTGCTCTTCCATAAGTCGGCATCAAAGTTTAGTTTTTTCCTTTGGCTGATTCTCGTATGTTTTCTTTCTCTTTTTACGCCTGAGATATCCGCTTTTTCAAAAATACAAGGGACTTTCATCTTAGCAGAGCGCTTAAAATATTTACTTCTTCCCTTAACCGCATTTATTCTAACATTTATCATAATAAGAATTTCATATAAAAAAATAGGCGGCACCACAGGAGATGTAAACGGCCTTATTGTCGAATTAACGGAACTGGCAGTTTTAAGTACAAGTTTTTTTATAAACGTACATTTATAAAAATCTAAGGATAGAATATGAAAATAGTTTTGATAAGACACGGAATCACTGTAACAAACAAAAAAAGAATTTTTAGTTTTGACGATAGCCCCTTGGCGGAAGAAGCTTATCCCATGCTTGGCGGTTTAAAGCCCAAACTAAAGGATTTTTCTTCTTTTAAAGTTTATTCAAGCCCATTCAAAAGAGCCTTACAAACAGCTGAATATTTAGGTCTTAAAAATATTCAAACCGATAAGAGACTCCAAGAATATAACTTCGGTATTTTTAAGGGCTTAACCTTTGAAGAAGCTCAAATAAAATATCCTATTGAAGCAAAAAACTGGATCGAGAACAACGACAGCTCAGCCCCGCCTGAAGGCGAAACCTCCTTTGAACATTTTAAGAGAACTTCCGACTTTTTAGAAGAAGCAGCCTTAAAAGGTGAAAACATAATCATCGTAACTCACTACGGCACAATAACAATGGCTCTCGCATGGGCATTGGATAATTTTTCTTTAAGAAATAAATTTGCTCCTAAAAATTCGGCAATCAGCATATTAGAAGTTTTTTTATCGGATAATAAAAATGAAATTATTCATAAAGGTATTGAAGTTTTTAATGGGATTTAAAATCACATCTGATTGAAAATTTTATAAAATAATGATAGAATGAATTTTAAGGTTAATTTATAAAGGCTATCAGGAGTAGATATGAATATAGCAATCATTTACGGCGGAAAGTCAAGCGAGCATGAGGTTTCCCTACAGTCGGCATCATCGATTATAAGGACAATAGATAAAAAACACAAACTTCACCTAATAGGTATTTCTAAAAACGGAGCATGGTATTTACATGGAGATGAAGAAAGAGAAAGGATTATAAAAAACGAAAAGGCCGTTTTAAAAATAAAAAAAGATGAGGCGAAGCGAGTAACAGTCATTCCCGGAGGCGGGACAAAAAAAGGTTTAAAAGCCGGAGACGAGTTTTTACCGACTGATGCGGTCTTTGCCGTTTTACACGGAAGATTCGGAGAAGACGGCACAATTCAAGGTCTTTTTGAAATGGCCGACCTTCCCTATGTAGGAGGCGATGTAATGTCCACAAGCATCTCGATGGATAAGGAAAAAACCAAGATGATTTGGGATTATTCGGGCCTTCCCATTGTACCCTATATAGCAATCAAAAAACAGGACTGGGATGATCCTGAAAAGAAAAAAGCACTCTTAGCAAGGGCCGAAAAGGACTTGGAATATCCCCTCTTTATAAAACCTTGCAGGGCAGGAAGCTCTG
NZ_CP038800.1_gap48	2233380	2237967	4587	AAAGACCGTATTTTTTGCTTAAATTTATAGAATCAAGATAGCCGTTCCTTTTTTTAAAATCGCTCGGCAGCCATTTGCAGCCTTCGTTTTCAAGGGAAAGGCCGATAGAATTAAGTTTTTCCGCATTTTTTAGGGGACTTACCGAAAGAGTTGAAGTAAAAAAGTCAAAACCGTCCTTTTTAGCCCTTTCGGCAGTTTTTTTTAGCCGCAAAAGGTAACAGCGCATACAGCGCTCCCCCCCTTCGGGACAATCTTCCAAACCTTGAGAAATCTCAGAGAATTCTTGCGGATCATAGGCCTCTTTGATTATTTCTATCTTGTGAGATGATAGATTTTCTTCGTTATATATGGAAATAAGATGTTTTTGTTCCTCGGCCCTTTTTGAGTACTCCTCATCCGTGTCTATATTGGGATTATAATAGAAAACAGTAAGCTTAAAAAAAGGAGCAAGCTTTAAGATAACGGAAGAGCTGCAAGGTGCACAGCAGGAATGAAGAAGAAGATTAAATATTCTTTTCTCGCTTGATAATGAGGCTATCAGCTCCTGCATTTGCCTATCATAGTTCTGCTTAGGTTCTATCATTTAGGTAAGAGAGTTTTAACCTTATCACTTATTTTTTCTACATAGGCATTTAAGTCCTCTATCTCTGAACGGTGAAATCTAAAACCTATAGCTCCCGGATGACCGCCTCCGTCTTTTATATTAAAATCGGTCAATAAAGTTCTTAGATCTATACCTTTTACATGTTCGGATGCCCTGATTCTCAATTGAATCTTATCTGAAATTTCTATCGGGTCAAAATAAGCGGAAATACCTACCCCTCCGGATTGTTCAGCTATAAAATCTGTAGCCCGTTTGATAACGCCTAAAAATTGGTTATAATCTACTCCAAAACTTAAATAGGCTGATTGTTTTTCGTCAAGAAGGATAATTCCAACTCTTCCATCATAAACAGCAGTCTTCATTATATGTTTATATAGTTGAGTATCCTCAACCGAAAGTTTTTCAAGTATTGCCAAAATCTCTTCTACAGAGCTTATATTTCCGGACCCCTTATCAAACTGAACATTAAGGATTGCATTGAATTTTTTTAAAAAATATTCATAAAAAGCCTTGTCCCTTTGTTTAAAAAGATAGTTCCCTAATTTTGCATCCCCTATCATGCCTGTAAGCATGGCAAGGACTATATTACGCGAATATAAATTTTTTATCTCATACTTTTTTAGTATTTCGGGTCTTTTTTCAAGTTTTAGGCACATTTGAGCTATTATTTCACAGGTGCTGGATGCCCTCATCGTTAATCTATAATCAGGATCTCCAGAATATCCGGCATCAGCAGCAAAGTGATGATCCAGCTCTACCTTTGGAATATTTTTATTCTTTAAAAAAACTTCAATTTGCTCATTAAAGGCTATCATATCAGGCTTAGGAGTATCCAATATAAAAATAGCTTGAGGATCGATTGTTTCAGTGATATGCTTAACAAACATTGAAATCGAATTATAATTGCATATATCTGCAAAAAAAGCAAGATTTTCCGGAATGTTTTCTTCTAAAAAAATACTTACTTTTTTGCCGAATTTCCTTAACAATAAGCCCATAGCAACAACAGAGGCTATACAGTCTTCATCAGCGTAGACATGTCCTAGAAGCAAAAACTCGGTTTTTGAATATATAAGCTCAAAAACCCGCTCAATTACCTCATTTTTCTGACGAATACTGAGGGGAGAATCTTTTTTAGAATCAGAGCTGTTATTATTTAAACAAATCATTGCAATACAGTATATCACATTTCTAAAAAATATCAAATGTTTTTTTCCCTTTTTTGTAAATAATCATAAATATAAGGATTTATTTAATAAAAATTTAAATTCTGCTTGTAAAATATTTCATTTTAAAGTAATTTATATTTATGGAAATAAAAAAACAGGCCCAAAAAGGGACTATCATCTCAGAAAAGATTAAGGAGCCGGATACTTATCGGGTCATTCTTCTAAATGACGATTTTACGCCTATGGACTTCGTTGTTGCGATCCTTATTTCTATTTTTAATAAAAACCAAGAAGAAGCTGAAACCTTGATGTATAAGGTTCATAAAACAGGACAAGCATCCGTTGGAGTCTATGTTTACGACATAGCGAATACAAAATGCTTTCAAGTATTAGCCGCAGCAAAAAATAATAATTTTCCGCTGCAATGCAGGATTGAAAAAATATGAATTTTACAGTGAGTATGACTGTACAGAAGGTCTTTCAAGACGCTGTTGAAGATGCAAAAAAACGACAGCATGAATTTGTTACTCCGGAACACCTCTTGTGGGCTATTATGTTCTATCCGAAAGCCTTGGAGCTTTTTACCCTTTCAGGTTCGGATCTTGCATATATACACGATAATTTGAGCAATTATCTCGAAAATCAAATCCCGCCAAAGGCTCAAAACAGCCCTGAGGAGCCTATCCAAACTATAGGCTTACAAAATGTCTTTGAACGGGCCATTTTAAACTGCAATGCTGCCGAAAGGTCTGTAATAGGAATCAGCGACTTAATAGTAAGCTTGATAGATGAAGATAAGAACCATTGTTCTTTTTTTATGAAAAAAAGCGGTATAGATCGTTTAAAACTTTTACAGCTTTTAAGCAGCCCAGAATTCTATGATGATGGGAAAAATAATAACGCATACACAGCATATTCCGGTGAAACCGCACAAAATGAAGCCTCAGGCCATGAAATTCCCCTAAAAGGAGAAAGTCAAAACAGCTCTGCTGGAGACAATATTAAGCAAAAGCAGGCTAAAAGCTTCATAGAAAGATTTACGGTAAATTTAACTCAAAAAGCAAGAAAAGGCTTACTCCCGCCCATAATCGGCAGAGAAGCAGAAATAGAGAGAACAATACAAATTTTATGCCGAAAGCAGAAAAACAATCCTCTTCATGTCGGAGGAGCCGGAGTGGGCAAAACAGCTATAACCGAAGGCTTAGCAATACGGATTGCAAAAAATGAAGTTCCCAGTTTTTTAAAAAATGCAAATATTTATAGTTTAAGTATGTCGGAGCTATTGGCGGGGGCTAAATTCAGGGGTGACTTTGAAGACAGACTAAAAAGAATAGTCCTTGAAGTATCAAGGGAAAAAAATGCCGTTCTCTTCATAGATGAGATTCACACCGTAGTAAATGCCAATTCGGGAGGCGGAGGCATTGAAGCCCCTGATCTATTAAAACCTATTTTAACTAATGGAAATATACGCTGTATAGGAGCTACAACATTTGAAGAATACAATAAGTATTTTACAAAGGATGCAGCCCTTGCAAGGCGTTTTCAAAAAATAGATATTGAAGAGCCGAATGAAGAAGAAGCCCTTAAAATCCTAAAAGGTCTTCGAGAAAGTTACGAGAATTTTCATAAGGTTCACTACAGCGATGAGGTTTTGGAGTCGGCAGTCCATCTTTCGGCCATTCATATCAGGGACAGGTTTTTGCCCGACAAGGCCATAGACCTTATAGACGAGGCCGGAGCCCTGATTAAAATAAAAGCCGATAAAGAAAAAAACGAAAATGAAGCTGATGAAAAAAACCTTGAAGAAACAGCCTTGCCGGAGGTAAGCCTTTCCGACATAGATAAGATAGTTGCAAAAACGGCCAAGATTCCGGAACAAAGGGTTTCGGTAAACGAGACGGAAAAGCTTCGGCACTTTGAAGAAATTCTTTCAAAAAAAATCTTCGGCCAAGATACCGCCATCGAGGGTGTTACCAAGGCTGTAAAACGTTCCCGAGCCGGTTTCCGCTCTAAGGATAAGCCGGTTGCAAACTTTTTGTTTGTCGGCCCCACGGGCGTAGGCAAAACCGAGCTTGCTAAGACCCTTGCAGAAGAGCTGGGGATTCCCCTCCTCCGTTTCGATATGAGCGAATATCAGGAAAAGCACACGGTAAGCCGCCTCATAGGTTCTCCCCCCGGTTATGTAGGCTTTGAAGAAGGAGGGCTTTTAACCTCTGCCGTGCAAAAAAGCCCTAATGCGGTTCTTCTTTTGGACGAGATAGAAAAGGCTCATTCCGACATCTATAATATTCTCTTACAGATTATGGACTATGCTACCCTTACGGATAATCAGGGCAGAAAGGCGGCCTTTAACAATATAATTCTTATTATGACAAGCAATGCGGGTTCTTCCAATATAGGAAAGCCCCTAATCGGTTTCGGAGGAGAGCGTATTTCGGAATCGGCTGTCGATGAGGCTGTCGAAAAGACCTTTACTCCGGAATTCAGAAACAGGCTTGATGCAATCATAAAATTCGGCCCCCTTACGATGCAGGTTATGAGCCTCATCATCAAAAAGGAAGTAGAAAAAATACGCTCCCAGCTCGCCGAAAAAGAAATTTCTCTTGAGCTTGAAGAAGATGTCATTCCTCTTTTAGCCGAAAAAGGATATTCGGAAGAATTCGGAGCCCGCAACGCAGCCCGCCTTGTCGAGGACGAATTTGTAACACCCTTAACGGACATGATTCTTTTCGGGGAAACAAAGAAGGGCAGCTCAGTAAAGTGCCGAATCGGAGACAAACTTAAAAAGCCCTATTTGGTATTGAACATAAAATA
NZ_CP038800.1_gap49	2327471	2329174	1703	AGGAAAACTTTCCATAAAAAAAGACGAACCCATTGTGTTTGAATTAAAAAATATAAGTTTTAAATATCCCGACCGGGATAAATATGCCCTTAAAAATATAAACCTAAAAATAGATTCAAGTCAAAAACTTGCAATGGTCGGTAAAAACGGATCGGGAAAAACCACTCTTATCAAATTGCTTGTAAGGCTCTACGAACCGACTGAAGGAGAAATACTTTTAAACGGAGTAAACATAAAAGAATATGATTATGATGAGTACATAGATACATTCTCGGTTGTCTTTCAAGACTTTAAATTATTATCGCTTAAATTAGGCGAAAATGTTTCCGCATCAAGTTCGTATGATGAAAAAAAAGTTGCCGATGCTCTTTCAAAAACTGGAATGGAAGCTTTTTATAAAAAACATGGAGGCGAAGCCTATCTATATCAAAACTTTGACATAGGCGGAATTGAAGCCTCCGGCGGAGAAGCTCAAAAAATTGCAATGGCACGCGCAATTTATCACGGAGGCAAAATCTTTATTTTGGATGAACCTACGGCAGCCCTCGACCCTATTTCGGAAGCAGAGATTTATTCTCATTTTGATAATATAACTTCAAAAAATACTGCAATCTATATTTCGCACCGGCTTTCATCTTGTAAATTCTGCGATAAAATTGCCGTCATGGATGAAGGCAGTCTTGTTCAATACGGAAATCATAACGAGCTCGTTTCCGATATAAACGGCAAGTACTATGAACTTTGGAATGCACAAGCAAAATACTATCAAGAGGACGAAACTCAGGACAAAAGTTTTTAAATTTCCAATTGACTATTTACATATCCTCATGAATTTTACTAAAGCTTTGGCATTTTCTTAATTGATAAAATTTTCATTTGTCAGATGTATTTTTAAAAAATATTCTATCTCAATTCTTACACGGGATAAAAAATGTTTATCCAAGAGGGTTTCGGATAAGGAATTATAATCCGGGAAATGAAGATATAGATAAGGCATAGACAAAAGAAGAGTTTTAATTTCTGCATCAGAAGAATTTATTTTTCCGGTAAAAATATCTTTAAGCCTAAGAAGTTTTTCTTTTTCGGAAATTAAAAAATCTTTTATCGTTTTTTCTTTATCTGCATAATCATAGCTTATAAAATTTTTTTTATCATTATTTTTATTTATAGAACAAGATGCTTCATAGCTCAAATCAACAACCCCTCCGCACGAATAAAAATCGTCTATGATTTTTTTTGCCGTATTAAAGCTTATTTTTTTTGAATTTAGCTCCAAACCTGATTGCCCTATATCAAAAAAGTTTTCTTTAGAAGCAAAAAGGTTTTTATAAAGCTCTCCGTAATTTTTTAAATTAGGAGAAGTAAAAACAAGACTGCCGTTTTTACCTTTTTCAAAACTAAGCTTATTCGGAAACAAAGATTCTCCCGTGTAAAGACTTTTTATTTTGGAAATATCCGAAAATATATTTTTAACTTGATAGCTTAATTTTGAATGACTGAATCCCTGTCCCCACGAAAAATCCAAGCCTGTATGAAAAATAGGAAGGCCGTCAAAAGCCAATCTTTCAGCAAGGGCTAAGGCAGCAAGCCCCACCGAGCCCATGGCTTCAAGTTTTAAAGGTAAAATATTTTTTTCTTTTAAGACTGAAAAAAAAGAACTTGCCAAGGAATCTTGAGCGGAATAATCGGTAAAGAAAAAAGCC
NZ_CP038800.1_gap50	2394655	2398615	3960	GCCGATATTGATCTTTCAATTAAAAACAACGGAATTGTAGGCATAATCGATCCCAACGGTTCAGGAAAAAGCACCCTACTCAAATGTATATACCGAGTTCTTAAACCCAAAACCGGCACCATATTTATCGACGGTAAGAACATAAATGACTATCAGTTTAAAGAAACGGCAAAAAAGATGGCTGTAGTTGCCCAGCATAATGACACCCATTTTGACTTTAACGTGCTTGAGATGGTTTTAATCGGCCGCTCGCCCCATAAAAAATTTATGGAGAGGGATTCAGCCGAGGATATTGAACTGGCGTACAAGTCTCTTGAACAAGTGAATATGAAAGATTTTGCCGACCGCAATTTTTCAAGCCTGTCGGGTGGAGAAAAGCAAAGAATTATTTTAGCCCGTGCCTTAGTGCAAAACACGGATTGTTTAATCCTCGACGAGCCTACAAACCATCTGGACATAAAACATCAGCTGCACTTTATGAGCCTTGCAAAAGATTTAAAAATAACCGTTATATCGGCAATCCATGATCTTAACATAGCTGCAATGTATTGCGATAAAATATATGCTTTAAAAGAAGGACAAATTATCGCCTCAGGCAGTGTAAATGAGGTTATCACAGAAGAAGTAATTAAGACCTTATATGATGTAGAAGCCAAAATCATTTATGATGAAGAAAAAAAGCCCCATGTAATATTTAAAAGTATTTAACCGGCTTTTATCTTTTATCCAAACCTATACACTTTTTTTTATGAATATGATACACTGCATCCTTATTTCACATAAAAGGAGACTTTATGCGCGCTTTTTTTAAGCTCTCTCCGGTCTTATTACTTGCAGGTTTGATGATGATTTCAAACATAGAATCTTTTTCAAATGCCTTGGGATTTAAGCTGGACATTTTAATCATAGCCCCTATAGCGGTAATCTATGCTTCCATAGTCGCTATGATAACCGAAAAATTCAAATTCAACGATATTTTAAACTCCGCCGTAGACAATGTTAAGGAAATGCAGCTGGTATTTTTTATCCTTATGTTTGCCTATGCGATGGCCGATGCCTTTATGTCTACAGGAGTCGGAGCCTCGATTATAACTTTAAGCCTAAACATAGGCATTTCCGCCAGAACAGTAGCCCTTGTTGCCTTTTTGGTTTCATCGGTATTGTCGGTTGCCACGGGAACCTCATGGGGAACCTTTGCAGCCTGTGCTCCTATCTTCTTGTGGATGACCCATATTTTAAATGGGAACTTGGTTTTAAGCATTGCAGCTATTGCAGGCGGCTCATGCTTCGGCGATAACCTAGGCCTTATCTCGGACACAACGGTCGTAAGCTCAGGCATTCACAGGGTTGAAGTTACTCACCGTATGAAAAATCAGGGGCTTTGGTCTCTGGTGTGCTTGATTATAGCCGGAGGCTTATTTTTAATTGCAGGCTTAAGCCTCCCGGGAGATGCCGTAAGTCCGCAAAAAGCCATCAAAGCCATTCCCCAAGAAGTTTGGACAAAATTGGCTGAAGAAAAGCCGGTCGCAGTTGACCTTCTCAATCAGGTACAGCACGGAGTCCCCGTTTACATGGTAATTCCGCTCATTCTGGTTATAGGGATTGCCTTAAAAGGCTACTCTACCCTCCTTTGCCTTGGAGCAGGTATAGTTTCATGCTTTATCTTAGGCCGCTTTGCAGGAACGGTTTCAGGCCTTCTTGCCTTTTTTGACATAGTGTATAACGGCTTTGTAGGGGCCGGCTCGTGGGTTATCATAATGATGATGTGGGTCGCAGCCTTCGGCGGAATTATGTCGAAGATGGATGCCTTTAGGCCTCTATCAAACCTTGCCGTAAAACTTTCCCGAAATGTAAGACAGCTGATGTTCTGGAACGGTATTATCTCTTTATTAGGAAACGCAGCCCTTGCCGATGAAATGGCTCAAATAGTTACCGTCGGCCCGATTATCCGAGACATCACGGAAGAAAACGTAGAAGGCGATGAAAAGGACCTTTATTCCTTAAAATTGAGAAACGCAACCTTCTCCTCAGCCCTCGGCATCTTCGGCTCCCAGCTGATTCCTTGGCATGTTTATTTAAGCTTTTTTATCGGCATCGCAGGCACGGTATATCCGCTTTACCAATTCAGTCAGACCCAGATAATAAAGTACAACTTTATGGCACATATCTCGGTCATAACCATTCTATTATTTACCCTGTTCGGTATCGACAGAATCTTCCCCAAATTCGGCATCGCAAGCGAACCGAAAGTAAGGTTAAAGAAAAAATAAAAGCAAAAAAAGCTGCACTGAGGGTAAAACACAGTGCAGCTTTTTAAATGTAGTTATGCTTTATAAAATCTATAATTGACTTACAGGACAGCCATTTTGCCTTGCCCAACGCAGAACCTCGTTCATGCGTTTTTGATAACCTTTTACACCGGAGCTTTGAAGCCAGGCTAAATTATCCAAATCTATTCTAAACGATACGGCTTTTTTTAAAGGTTTCCAATTTTTTAGATGACCTTCCAAAAAATCTTTTTCGGTAAGTTCAGGAATTTCTGTAAAATCTATGTTTTTACGTAATTCTTCAATTCTATTAGTTGTAAAATTGTTTGCACCATTTTTCATAAAGTTTTTCCTCCTCTTTTGTAGAGATACGGGCAGATATAATTCTTATACGTTCCCGCTCCGTATAACTTGAAACACCTAAGTCTACATTCTTTTATTTTCATAAAGAGTATGCTGATTATACTTATTGTAATACCTTTTCACAATTATTAAAAACTATTAAATTTTTAAGCAAACAAAAAAAGCGGTGCAGCTGCAAAAATGCTCCATTTTAAAGAATGGGGTCATTCTTGCATTACCGCACCGCCGACTAACACGAAAGAAGCTTAGGGTTTAAAACCCATAAGCTCCGAAAGGCATTACAGGAATTTGCAGCCTTTATTTCGGTATTCCGAAATTTCCGCGATAATAGCATCGACGTCCATAACCATTTCCATCATGCTTACCTGCTCTTCATAGACCGCAGGGTCTATTTGGCTCTTAATTTCCGGTTCTGCCACGTGATAGCACAAGAGTCCCAACGAGACTCCAGCCAACGGACCTGCAAAAGTCGGGTCGCCTACTGTAACAGTTTCGCAGGCTAAACCTGAAGATTCAGCTTCAGCACCGCCCAAAAGAACAATTACGTTCTCAGGACCGTATTTTTCAGCTAATTCTTTGACTCGCTTTTGGTTTTCCAAGTCCATTGCTCCTGCGCTTGTTCAGACAAAGCATTCGGTTGCAGCATATACAACCTCAGCACCTGCCGATTCTGCACAGAGCTTAATAGCCTCCCCGGGAACGCCGTCTCTGTCACCAATGATGATGACTTTTTTGGTTTTCAAATCAACCATAGCATCCTCCTAGGATAAATTTTTTTAAGGCAGGATAACCTGCCTTACGGTTTATTAAACCGTATCTTTAAAAAGCCGTAAAAAAACTAATCGTCCTTTTTCCGGCTTAAAAGATTAAAACCAAAGTTAGATATATTTTTTTACCATCTCTTCGATTTGACCAATGGTCAAATCACTTCCGGTAACGCTGTCTTTTCGCTCTCCGTCAACATAGATGAGCATTGTAGGAAGACCTAAAACCTGCTCTTTCATGGCAACGCGTCTTGCACCGTCAATATTGAATGAGCAAAACTTTGCCTTTCCGGCATGGCGTTCTGCCATTGCGTGAACATCCGGCATTAATTGTTTACAGGGAACGCATCCGTCCGACCAAAAATCTACAAAGGTTACGCCCTTTGACTGATGAACTTCTTGTTCAAAATTTTCTTTTGTCAATTCAATCATTTTTTTCTCCTATAATAATGCGATGTTTTGTACCTTTGGTACAAAACTCGATAGATAAACAGTGAGGCTGAATTCCTGCCGAACTGTTTATCGTATCTCCTTATTTTTTCATAGCCATCTTGGCTTTGATATCG
NZ_CP038800.1_gap51	2415816	2418713	2897	TAAAGAATTATATAGGCCGAAAATAAAGCGCACAGTTACAAAGGTAATAGCCGTATTGCACAATAGAGAAATCCATGAAGAAAGAGCCGAAAGCAATATCCATTTTTTACTTTTCGGCACCGACCTTGTCAGGCGTTTATGAATCATAACTAACCTCTAAGAAAATATACCCGTATTTTATAGGAAAGAAATAAAAATAGCAATAGGCTAACTTTTAGAGTAAATTAATCAATCATAAAAAATCCTCTCACTGAAATTTCTCATATCAGAGTAATTACATATTAACAATTACCTTAAAGCTGATTTTATAAAGTCTCTATTTCTTGAACACTTAAACCGGTAGCTTTTGCAATACTCTCAATAGGAAAATTCATTGTAAGCAAGTTTTTTGCTATTTCAAGCTTTGTTTGGTATGAGCCGTCAGAAAAGCCTTGCTGTATACCAATCCTTAGACTTTCTTCTCTCTGCACTGCGATGTCTGTATCATAATCATATTCGGCTACTAACATATTGATTACCTCCCGTGATTTTCGTTGTAAGTATTCTTTTAAGATTCCTTTTTCTATACACATTTTTACCGCATTGGTAAATCCGTTTTCAGGGTTGAGTTGTATTTGGTTTCTAACCTCTTCAACAAATAGACTGTATTCTTCAAGTGGTTTGCAGACTGTTAGAATTTTGTTTGCCTTATCTGTATTGATGTTTAAAACCTGCACACTCAGTTCCAGCGGGGCGTGTTCAGGCTTTGTTATAAATGCATCAGATAATTTTAGAGCTGTAGTTTCAGGGTAGTCTTCCTTGCCGTTATAAAAAACATAAAATTCAGGTGTAGGTATTTTAGACAGCTTTTTTAAATACCTGTCTGTAGGTGCTTGCAGTTTTTCATAGAGCCTTGCTATGTATTCTAAAAAGCGTAGAGGCATATTCTCGTTTATTGTAGACTGGTGTTCAGCCAACACGATTATTTTACCATCTACAAGGCAGGAAACATCGTTGATTATGTTCATGTACATGACATTATCGAGCCTTATATTTTCTACAGGACAAGACATCGGTAGATTTGTACCGTGCAGAGCATTATATAAAGATAAAAAATTCTCTTTTGCCTTTTCGTCTTCACTAAAAAGGTCGACAAAAACGGAGTCCTTGTATTTTCTATTTGAAGTACTCATAACTGTTTCCTCACTTGATTGTATTATAGCACAGGTTAGTCGTTTTTAAAAGCAGTATATACCGAATTTAGCCGTAAAGCATTGAGCTTGCACTCAATTCAGTTAAAAGTGCAAAAATTTTTCAATCTTGCACCTAAAATAAGTGCTTGTAATCTTTAAAAAAAAGAAGTAAAATGCAATTCTTATGGTAAAAATAAATTCTCTCAAGTTTAAATACCCGAATTCAAAAAAAGAAGTCTTAAAAAATATAAATTTGGAAGTAAAACAAGGCGATTATATTTCGATTGTGGGAGAAAACGGCTGCGGAAAAAGCACCCTCCTAAAGCTGATCTTAAAATTGCTAAAAATACAAAAAGGTGAAATTATTATCGATGCAAAAAGAATAGGCTATCTTCCGCAAAAAAAAGAAAACCTAAACGATTTCCCGATTACGCTTTTTGAACTTTTAAATTCCTATAGAAAAATATTAAAGATACGGGAAAGCGATTGTGCTCTAAAAGCCCTGGAAAGAGTGAATTTAACCGAATACAAAAACAGCCTTGTAGGAGAGCTTTCGGGAGGTCAGCTTCAAAAACTTTACATAGCCCGTGCCCTTATCGGAGATCCCGACCTTTTAATCTTAGATGAACCTTCTACCGGAATAGATGTTCAGGGACAAAAAGAAATCTATTCTTTTGTAAAAGATTTAAACGTTAAAAAGGGGCTGACCGTCATTTCGGTTGACCATAATTTAGATGCCGCTATTTTTAATTCTACCAAAATATTTCACATAAAAAACGGAGAAGGCCATTTGTGTAATCCCAAACAATATACTTCGGAATTTTTTAATCCGAGCTTTGTTCAATTTAAACCAAAGGGGGAAAAATAAAATGCTTCAATATGGATTTATGCAAAATGCCTTTATCGTTTCTTTTTTTATAGGAATCCTTTGTCCTTCAATCGGCTTATTTTTAGTGCTCAGAAGATACTCCCTCATAGGAGACACCCTTTCCCACAGCTCCCTTGCAGGCGTTACCCTTGCCCTCGCTTCAGGAATAAACCCCATCCTTGGAGCCTTTATTTTTACGACAGCAGCAGGAGCCCTGATAGAAGCCCTACGGAATACTTTTAAAGAATACCAAGATTTAATCCTTTCAATAGTTTTGTCCTTGAGTGTCGGAATCGCTATTACCCTCATAAGCTCGGGAACCGTTAGAGCAAATGCCGAAACCTATTTATTCGGAAGCGTCTTAACCGTTTCTTCTTCGGATTTAATTACCGTGATTGCCTTAAGTATTTTATCCTTGGTTACTCTCGGCCTCATGTATCACAAGATGGTCTACATAGCCCTCGATGAAGATATTGCAAAAATAATAGGAGTTAAGGTTAGGCTTATCAATTACTTGTTTTCAGGCCTAACAGCAGCAACGATAGCCGTTTCATTAAAAATAGTAGGAATGTTGGTTTTAAGCTCGATGATAGCCCTCCCCGTCGCAACAGCCCTTCAATTAAAAATGAGCTTTAAAAAGACATTGATTTTTTCTATTTTGATAAGCGTTGCAGACATAATGCTCGGCTTGGTCTTATCCTATCACCTAAATGTCGCCCCCGGCGGCTTTACAGCCCTCGTGTCGGTCATCGTATTAATAATAACGATAGGGATAAATTCCTTTTTAAAACAGAATAAACTATCTGCATAATAAAAGTAGAAAATAAATAACAGGCAAGCAACAAGTTGCGGAAAAA
NZ_CP038800.1_gap52	2421124	2421724	600	GCAGATGCCCTGTCAGCAGTTTTCTCACCGTCAACCTTATCGTTTGTATTTGTAGCAACACAATAATAGTATTCGGTTTTTACCGAAGAAGTATCTACATTTAAATTGAGAACCCCAGATGTCTCTCCGTCTAGTTTTGTTCCATTTTCATTACTATTAGAAGTGTTTCTATACCATTGATAAGAAACCTGCCCCATATCCATTGAAAGAGCTTCCACTTTAAGACTTATATTGCCTGAGGTGTTTATGGGAAGAGTCTTGCCTTCAGGCTCCTTAATAATTTTAGGCTGAGCTGCATCCGTATAGAGCGGGCCTGAACTTATCAAGAGTTTTACAGCATCGGTTTTTACCGTATCGGTAAGACCGTTAGAAGAATTTCTATTGGTTACTTCACAATATATGTAGCAGTTTGTTGCGACGGTTTTATTAGGCCGGTAAGTATACAATACTTCTCCAGGTATTAATGTTCCACCCTCGTTCGATTGATAGTCATTTTTATACCACTTATATGAAAGAGTTTCTCCATCAGGAGCAGGGGCAGTCTTAACCTCCATAACAGCATCTTCAGTTGAGTTTAAAGGTATCCGCAAGGCCTTAGGT
NZ_CP038800.1_gap53	2461313	2463455	2142	CACAAATCCGGGCTTATATTTTACAAGCTGAGTCCCGGCATCAAAACCGTCAAAAGATTGATATACGGTTAAGTTTGGAAGATTTCTATTTAAAAAAGAGGCTATAGCGCCATTTAAAACCTTATCATCATCAATAATAATGACGGAATTCCAATGAGCTTCTTCTAAAGAATCCTGCAATTCAGGAGGAATTTTCATACCCCTTTCTTTTATAAAGAAGAGCAAGTCTTCATAATATACCCTATATTGACCGCCCGGAGTATTAAAGGCTTTTAAATACCCGTTTCTAATCCAGTTGATAGCAGTCTGGTTTACTACCCCGCAAATATTCGCAACTTCAAGAGCTGAATACATTTTAACACGTCGTCTACTTTCACTTTTAGCCATAAGCATAAAAAACAAACCTCAAAAAGAATCGGTATTGTTTTCAATTCCCTCCAAACATATATTTACAGTGTCAATGGAAAAACCAAGTCTTTGCATCTTTCGCATCAACTTAGATTTATCCAAACCCTTTATTAATTGTTTTTTTAAAGCAGTTCGGCAAATATCTTCTTCCGAGACTTCGGAAAAAAACTCGTTAAGTACACTCTCTGCAATCTTAAAACCTACACCCCTCGAAGCAAGCTCAGAAGCTAACCTTAAACGTCCTTCTTTTTTGGTGATAGTCCTTGTATGTATCCAAGCTGCAGCAAACCGTCTATCATCAAGAAATTTTTTATCAGCCAGATAATCCAGTGCAGGATCAATTTCCAAGCGGGAAAAGCCTTTTTTTTTAAGCTTCAGCTCCAGCTGGAAACGGGAGTGTTCGGCCCTATTTAAATAGGCCATGGCTGTACACTCAGCCGCATAAATTCTTACCGCATTAAGCAGAGCCGTAAGCATTATATCGCTTATAAGGACTCCGCATTGTTCAACAAGGCTTTCATAAGTATTTTCTTCAAAATATCTCCGCCTTGTTACAAAAGACACTCCTTCAGAATTGATGATTTTCACCAAATCTGAAGAAGTGCTGCATATATCCGCAATAGAAAAAGGATTAACGCTTGCTGAACTGGAATCTTCGTCTTGCACCGCGCTGACCGAATTTCTTTCGTTCAACCATTCGTGAATCACGGGTAAGCAATCCGTTAGCCTTTAAAGATGCATGATTTGAAGCATCTACTTGAGCTAAAGCTCTTGCAATTCCGTGAGAGCACGCACCGGCTTGGCCTGTAAGACCTCCGCCTCGTACAGTGATTATAATATCATACTTAGATTCACCTGCAGTAACCATTAAGGGCTCTTTTGCTTTTTGGATTTGTTCCGAAGTGGCAAAATATTCGTTAATGTCCTTATCATTGACCGTTAACTTACCTTTTCCATCTCGAATGTATACTCGCGCCACCGAAGTCTTTCGTCGGCCTGTTCCCATTCCAATATTCTTCACTTTACTCTCCTTATACTTCAACCGCTATGGGGTTCTGTGCTTGGTGAGGATGTTCGGGGCCTGCATAGACCTTAACATTCGTTAAAAGCTTTCTTCCAAGGGGACCCTTAGGAAGCATACCTTTAATTGCAATCATCAAGGGTTCAACCGGTTTTTTAGCGATTAAGCCGTTAAAGTTGATAGACTTTAAACCGCCTACATAACCGGAGTGAGTATAGTACATCTTATCCTTAGCCTTATTTCCTGTTACGGCTACTTTTTCGGCATTAATAATAACGACATAATCACCGATTTCCTGATGAGGTGCAAACCCTACCTTGTGTTTTCCTCTCAGCATAGCTGCAGTCTTAGCAGCAACGCGTCCAAGCGGCTTCCCGGCGGCATCAATAACATACCAAGAGCGCGGCGCTTCATGTTCTTTTAAAAAAATAGTTTTCATTTAATGTATACCTTCTACAAACAATATATGCAGATAATGTGGGTTCTAATATTATAACTAAATACAGAATAAGTGTCAATTACCTTTTATATTTTATAAAAAAACTATTTTTTACCGCTTATCTGCATCTGAACATATTTTATACCGTTTATTCTGCTTTGTTTTCGGCAGCCTTCATGGCAGCTTCTTCTTTTCTTGCATCCTGTTTATCTTTGATATCGGCAATTCCGATAAATACGGAAATAAGGCCGACAAAGGCTGCAAAAATAGGTAA
NZ_CP038800.1_gap54	2464798	2469043	4245	CCCTGTCGATGAGTTTATGGATACCGTCAAAAGTTTACAGGTCTTAATGGTAATAGCAGGAGTAAGTCTATTGGGTACTGCCTTGATATCTACATATATCACAACACGCAAGATAGTTTTGCCTTTACAAAAAGTTGTATTAGCTTTAAAGGATATTGCCCAAGGTGAAGGAGATTTAACGGTAAGGCTGCCTCTCACCAGTAATGACGAAGTTACTCTCCTTTCAGAATATTTTAATCAGACAATCCAAAAAATAGGAACATCAATTAAGTCGGTAGAAACTAATACAAACACTATGAGGTTTATAGGAGATGAACTTGCAAGCAATATGACAGAAACGGCAAGTGCTGTAGACGAAATAAATTCTAATATTGACGGCATAAAGCAGCAAACTTTAACTCAAGCAGCAAGCGTAACCGAGACTGCCGCTACAGTTGAAGAAATAATACGAACCATAAAACAGCTTAACAATAGTATTGAAACGCAAGCTGCAAGCGTTGTACAGTCCTCGTCGTCTATTGAAGAAATGGTTGCAAATATTACATCGATTACACAAACTCTTGGTAAGAGCAATAATATTATAAAGGAGCTGGCCGATGCTACAGCAGAGGGAAAAGGCAATGTTTCCACGGCAAATGAAGTAACCCAAAAAATAGCTGAAGAATCCGGAAGTTTGATGGAAGCTTCCAATGTTATACAGCATATTGCAAGCCAGACAAACCTCTTGGCGATGAATGCGGCAATTGAGGCAGCTCATGCAGGGGAAGCCGGAAAAGGTTTTGCAGTAGTAGCTGACGAAATAAGGAAACTTGCAGAAGAGTCAAGCGCCCAAGGAAAAACCATTACCTCTACCCTTAAAAATCTTTCGGGAGAGATAGAGCTCTTAGCTGAATCGGCTAGAACAGTTGAAGGAAAATTTAACTCAATATTCACCCTTGCAGAAAATGTAAAAGAGATGAGTAACAATATTATGGAGGCAATGAGTGAACAGGAAAACGGCAGCAAAGAAGTCTTAGCTGCAATCAGGAGCATCAATACCGTAACACAGGAGGTCAAGCAAGGTTCATCGGAGATGCTAAAAGGAGGAGAAGGTATAGCTCAAGAAATGAGTAAACTTGATGAATTAACGCGTACAATTACCAACCGCATGAACGAAATGGCCTCGGGAGCCTTACAAATAAATAATGCAGTTCAAGAAGTTCAGGAAATAGCTCAAAAAAATAAATCAAGTATTGCAGGACTTGCAGGAGAAGTGATGAAATTTAAGGTTTAGCATAAAATTAAAAATCATCAAGTAAGAAAGTTATAAGTTTAACCCATCCTTAAAAAATTAAGGATGGGTATTTTTTTAATCTATTTTCCCGGAAGAGGATTATAGCTTACATTGTAGTCATAAACATCTATCTGTTCATGTTTTTTTACAAAGGCAACTATCTTGTAAGTGAAAGGCGTAAATATAACTTCGATAAAAGTTTTAAAAAGATAGTTTGAAAAAGCCATTATAATAAGGATGTCTATGCTGTAAAGACCTAAAAAAGAAATAGCAACAAAAACGGCACTGTCCAAAAATTCTCCAACCAGTGTCGAACTTATTGTTCTAAGCCATAAGTACTTGCCCTTTGTTATTACTTTTAACTTAGATAAAACCACCGAGTTGGAATACTCTCCAATAAAATAACCGCAAAGGCTGCCGGCGCAAATGCGGGGCATCTGTAAAAGAATATTATCAAAGTCTTTTTGAAATATCCACTCAGCTTCGGCAGGAAGAACACTTATAAGCCAGATATTGAGGCTCATAATAAGAAGCATAAAAAAGCCGGTCCAAATAACCTTTCTTGAAGCCTTATAACCATAGACTTCAGCTAAAACATCTCCAAAAATATAAGAAAAAGGAAAAAGAAGAGTACCTCCGTCAAAAACGAAGGGCCCAAGCTGTACCATCTTTGCCGCAAGGATATTCGACAAAACCAAAATGCCTACAAAGAGTCCGGAAATTACCGGCAAGAAATTCGTTTTCTTAATGGAGTCCGTTTCAAGGGCTCCTTGATTTAATTGTGAATTTTCCATGACCGCGATACTAACACAAAGAGGAAAAAAAGGGAATAAGGTTTCAGCTAATTTATTTTAAGAAGCCAAAGGCGGCATTTCAGGATCAGTATCAGGTTCAAATTCCGGATTGTTAGAATATTTTTCAAGCATGAGAATTTTAGAAATTGCAGCAGGTAAGGCCTCTCGAAGCGGAAGGGTATGAGACGCCCATTCAGTCATAAAACACAATATTCGTGAAGAAAAATCACTCATAACCGGAGGAAGTGTACCAAAAACATTGAGCAAATCTTCTTGTGAGTATTGTTTAATGGTTGAAGCAGAAAGATTTTTATCCATAGAAACTAAATATTTACATGGACGCCAGCGCACGGATCTGTCTTTGCCGTGATCTCCGGAATAACCGAAAAGGCGGCATATTAAACAACGGCCGTCATATACGGTACAATGATAAGGATTATCTATATCGAATAGGAGGCATCCGTTTTTTTTATCTAAAACATTTTCATTAAAACAGCCTTCCAGTATTTGCAAAGCCCGTTCCCTTTGATGAAAGAGAAGCCAAGATGCAAGATAAAGAGCCTCAACCTCATAAACATCCGGTTCAAAATGGACACAGCAGGCTCCGCACCCGTCTATACACTTAATAGGACATTTTGACATCCACTCACTCTCGGCTTCTTCAATTTCTTTATAGACCTTATCCAAAAGTAAAATCATTTCGGCTGTTTTTGTACCTTTAAAACTTTCAGTTTCTTTTTCCATTTTTATTTAATCCCTGCACCTTTCAAAAAGGTTAAGATAATATTCCGTATCTTTTTTTGATTCAATAATCAGGGCGTTATCTTCTACACTTCCTAAAACCGCATTTCTTTCTTCAGAATTCAGGTAAGTAATATCCCTAAAACGATTATTATAATCCTTATTTTTTGTATAGAATATTTGTTCTTCAATATATTTTCTTATTGTTGCAGCTTTTTCCAAGAGTCTATCCCAAAGGGCCGTATCTATCTTTTTAACCTTCATAAGCCCGCAAAGAACAGTATAAGCATTTTCAGCCTTATCACGGCAATAAGAATCATAGGCATCATCATAAGATTTATGAATATCTTGCCAAGTATTAAGTTTTCCTGACTTTATGTCTTCCTTAATTGAATTGAGTTTTTTTTCGGGGATCAATTGACCGCCCATATTTACCCAGTTAAAATCAAAATCCTTTGAAAGTTTAAACTCTTCAATACTCATTCCAATCTTATCTACGCCCTTATCAAAATACTCGGCTAAGGTTGTAACCCCATACCATATCAGCATATCTTGATAAGCCTCATAAGATTCTACAGACTTGATTATTTTTACCCGGCGTTTAGACCTTTCGATATTTTCACCCTTTACAAAAAGGTTCTTTACCTCATCTTTTTTATCTTTGAGAATTTCATCTATGTTTAAAGGTTTGTTCCCGGCCTCAATCCACGCTGTACATATCCATTTTTCAAGGAGAATACGGGCATTTAAAATTTCGGCAGCTGTATCGGGAGCAAGATAGTTGGTCTCAATGTGCTGGGTTTTTGTTATTCTTCTATCCCGTTTTAAAAATTTTTTATTGTTGCGTTCAAGAGCGTACATATTGTACATCCAATAATAGGCAGGCATAATTTCAAGCCTATCCTCATGAGCATCATTTAAAACCAAGCTAAAAGGAAAAGGAATATCAAGCTCTGCCGGATAGTTTGCCTTTGCCAAAATAACAAATGAAGCAAAACGGCAATTATGTTTTAGGGTTGAAGAAAGCCCCGGCCAAAAGCCCCGGCCGGCGATAATCTCTCCATCGTTCCCTCTTGTGTTGTGATTGGAACCTACAGTAGCCCCTGCAGCCATATTGGACTGCCCTTGAATCATCGCTGCAACCAAAAAAGAATTATTGTGATGCTGCTCATGGTACGGGAAGATAAGAGCATTGAGAACTTCACAGCAGGAAATGGTAGAGTTATCTCCAACGATCGAATGAATGAGGCGTGTACCGTATTTTAATTCGCAGTTATTGCCTATAACAAAACGGACAGCCTTTACTCCATAAAACACTCTGGAACCCAAGCCTATTATACCGTTTACAAGCTCTACTCCCTCCCCTATCTGCGAGGGCTCCTCAGCCGTTGATTTTACGGTTAAGTTTTTAAGTTTATTTGCACCTTTCACATATAC
NZ_CP038800.1_gap55	2473328	2476892	3564	CAGCATCCCCTATGTCCTGCATTACGGAAGCATCTATGATAATACCCGGCAAGATGGGAAGTTTTAGCTCTGCAAATTCGTTTGCCTGCCTTCCTCGAATACCTAATAAGTTTTTATCAACTTTTTTGCCTACGGTTTCTTTACTGTTAAAAAAATGGATATTGTTTGATATTTTCACTTTTTACTCCTTAAAATAGATTTAAAACGGTATCAGGCGAGCCGCGCAAAAAAGCTTCAAACATAGGGCTGGCACCCTGCCTAAAATATTTTGATAACTTTGAAAGGTCGTTAATTTCTTCTGCAGAAACGGCAAATTGAATTGTACTTCCGTGTTTAACCTTTCCCCATTTAAATAAGGTATTTATATCTACAATACGCTCTCCGTCATAGTAAACCATAACTTCGGCATCTTGGTATTTTGCAGTATAACTTCGGATAATCCTCTTCCATGCTTCAACATTTCCGTTATGGAAAAGCTCATTTGAAACAGGCACGGAAACAAGCTGAGACATTTTTTTAGGTCCTGTAGAAACGGCAGTGGGTCTTTCCAGATGTGAGGGAACCGAACTTGACTGCACTTTAGCTGCAACAGCAACAGGTGCAGCAGCTTTTTTAGCCGGCCGTTTAACAGCCTGTCTTTTTGCCTTTGCGGGAGCAGTTTTTTTAGGCTCAACATATACAAATGGACCTGTTTTTACCGATGCAGGTACGGAACAAGCCTTTTTTTCAAATAATTTTCGAATAGCGGAAATAACGGAATCGGCAATACCGGCATCAATAGCACCCTTGTCTTGCTTACCGACATATATCAAAAGCAGCTCATTTTTTCTAAAACCTTGGATAACAGGAGCTGCATCAGGATTTTTCGGGTTTATAACAATAAAACCCAAATCAGGATGATCATAACCGAAAACCAAATCAACGCCTGTCCATTTGGCAAGCTCGGCAACAAATGATGATGCATCATCTAAAATAAATTTTAAATTTTCAGATACAACTTTATAATTCCATTTATCAAGTAGAGAAACCGAAAGAATTGATCTAACTTGTTCAGGTTTTACCGTTTGTTCCCTTATCATAACGTTTATCTTGTCAGCAATATTCTCTTTAGGATTGCAATCATCTAAAATTTCGATAACAGACTGAATATGTTTAACTGAAGCATTAAAATCAGTCTTGTTAGCAAGCGGAACAAAAAAATTAGTCATATTAACCATAATTACTCCTTTTTTAAGCAAAAGCCCCCGAAACGGGGTTGTTCCAGGGGCTTAAATTTTTAATCAGTTAAGCTCTAAAATCCTAAATTAGATTTCTTTAATTCCTGATTTAGCCTTTCGTCGGCCTCGTCCTGAATCAACAGAGCCTGCTTTTTTTGCTTTAACAGCGCCGCTCTTCGGGCCTCGGCGTTTGGCCGGAGCGCTTACAGCTTCAGCTGCAGGAGCTTCAATAGCAGGTGTGCTGTTCAGCATATCGATAAACTGAGAGCGGCCTGCAGCTCCACTGGCTTTAGGATCATCTTCTGCAGTAGCAAAGCTCTGTGCGATATCGGCGCGGACTGTGGATCGTCGGCGGCTGAACGAAGCAAATGCTGCGTCGGCAAAGCCTTTTGATACACCGTGCAAGAATTCGTTGAGCACGTTGGCCATTCCGTCCAATGTAGCCTTCTTTCTCTTGATAGATGTAATATCGATATCAAGCAAGAGACCGGGCTGGATATGGAAGGGGTTGATTAAATAATCGAATTTGTTGAATTCTGCTTCTAAGAAAGAAAGTCTGTCTTCGATAACACGTCTTTCGATAGGATATTGATAATCATATAGATCCTTCATTCTGCGGCGCATGATGATGAGCTTCTTGCGGAGCTTATCTTTTTCGTAGACATAGGTTCTGTTCATCTTTTCAACTTCAGTTTCCGGAGCTTTAACAAAGGAGATTTCATCCCAAACCTTAGCGGTATCTTCGTATACGGGTTCACCGGACTGATCCTTGTACTTTCGCTTGATGAATTTCTTGTAGTTGGCAGCCAAATCGTTAAAGTCTGTGATCTTGGTCATAAACTTGGATTTGTCGTATGTAGCTCTTACTACATCCCACAAGTGCTGAATTTCAGTTTCAAAAGAGCTCATCATTACTTCATAAGCCTGTCTTTCCGAAATTAACTGAGCATTGTCATAGTACTTGAGGCGGATCTGGTATCTTTCATCAGGAAGATTGGCGATATCCGTATCATCATATTCGCGTAAGATTAACTCACGGGCATTCTTTAAGTTTTCGATATACTGATATCCCATCTTTGATGTGTCAAGGATTGAAGTAATCGAGTTGATAGCCGTGTTAAATCCGCGGTTTCTGATGTTTTCAAGATCGATGATCTTTTTGATGTTTTCTCTAACATTGAGCTGATCAAAGGTTTCAGGATCGATTTCAGCTCTTAAGTTATTGATTCTTTCCATAAGCTGCTTGGATACTACATCGTATCGCTTGCTCTTGGGATTCTCAATATCATCATCAGTGATATCTTTTACCTTATCGATTTTTGCAAAAACGATTTCTCCGTCAGACAATTCATCCAATCCCTGATCAATTCTCTTGTCCTTTATCTTCTCAATTTCCTTGTCAATTACATCCATATAGTGGTTTGACAAGAGGTCTTTAATAAGATATTCGACTGTCGACTGATACTGGAAGATCGGGCTTATAAGTTCCGTATCAAGAATGTTTACGGAAAGCTTAACATCGGTTACAGTCTTTGGTTTGTAGAGGTTGTCTTTAAATGCACACTTTACGATTGAGTATGCGTTTTCACCTCGAACGAAAGCACCTACGTCCGTCTTCTGCCTTAACAATGAGTTTGTTAAAGTCTCCAAATCATTAACACCGCGCTGTACGTGACCCTGTAAGTGTCCGTACATGTTTACAATCGATTTTTCGATTTCGCCTGTGTTAAACTTGTCAGCACCGCCGACTGCATCAAGAAGGTTTGCGATTTCTTTCGGAGTATAGCGGTCTAAAACCTTCATTTCTTCCCGATCGATAAATCCTCGTACCTTTTTGAGCATTTCATCTTCAGCCGTTACCATGTATCGGTTGAACATGTTCTGGTAGTTCTGGTTAAAGTAGTTATACAGCTTTTCCTTAACGCCGCCCATTACGTCTAATCTTTCAAGAACTTCTTTGGGAAGCTTTGTGGTCAAGTGGTGTAACACTTTATTTGTTTCTTCTTCAATCAGCTGATTAACTTCTTTCTGCTGATCTCGATAGTCTTGAGCCAATGAGTTCCTAGAACCGACAGCACTGGGCTTCTCGGGATGGAATACATTCGGGCTCTGTGGTAGATCTAAATTTGCCATTCCTAACTCTCCTTACTTTTAGCAATTTTGTTTAATTACAATATATATCACTATTATATAATTATAAACATATTTTGCAGAATGTAAAGAGTTTTTATTTAAAGTTGATGATTTTTTTTCAAATATGTTATATAATAGTGTGTATAGAGCATAAAAAAGGAGTATTTATGAAAATTAAAAAGCTTATTTTTATATTTTTGCTTTTAGCAGGAGT
NZ_CP038800.1_gap56	2479289	2483226	3937	GTGAAATTTCGAGACAAATCGATACAATATCAAAATGGAAAAATAAGCCTATTTGTCTGTATGATGAGGATGACGATAAAAGTTTTAAAGCAGCGGAGGTTCTTGCCGCAAACCGGTTTAAAATTATTTATAATGCAGAGGGGCTTAAACAATATAATTATGCTGATATAGTATCATACATAAATCTAACCGGAAGCGAATTTGAAAAATTATTAGAAGAGCAGGACTCAATAATAATAGATTGCCGAAGCAAAACATCCTACGATGCAGGTCATATAAAAGGAGCAATATCCATCCCTGTTTCTGAGTTGGAACAGAACCTGAATAAATTGCCGAAAGATAAAAAAATATTTCTCTATTGTAACGTAGGAACAGCCTCCTCACGTGCATCAGGAATATTATCGAATCACGGTTACACTCAAATATATAATTCAATTGAAGGCATCCTAGAATATCCGTTTAAGCTTGTAACTAAAACTTCCCAAGAATAACTGGAAGTTTATTAACCTCTTGATTGTTTCGTTATTTACGTATAAAATACAGTTATGGGTATAAAATCATTTAAAGGCGGAGTACATCCGCCCGAGCGAAAGGCGGTTTTATCAAGCGACGATGTCGTTAGGGTATTGCCGTCAAATAAATCAGTTTGGGATTCCTGTTACGCAGGGAGGCATGCCTAATACACCTCTTGTAAGCGTAGGGGATTTGGTCGCCAGAGGGCAAAAGATAGCCGAAACCGATAAATTTATGTCGGCTCCAGTCCATTCGTCCGTTTCAGGAAAGGTAAAAAAAATTGAACCTCATCTTGTAACCGGAAACACGGAAAATCTTTGTTTTTTTAATCGAAATCGATGAAGAAAATAGGGAAGAGTTTATGCAGCCCCTTGATCCTTTTACATGCACCAAGGAAGAAGCTCTTAAAAGAGTCCGGGATGCAGGAATCACAGGTATGGGAGGAGCATCATTTCCTACTCATGTAAAATTAAGCCCTCCTCCTAATACAAAAATCGAGTATGTAATTGCAAACGGCGCGGAATGCGAACCCTATCTTTGCACTGATGCCGCAACCATATTCAGCGATTCTGATACGATTGTCGACGGCCTTGCCATAACTATGCGTATCGTGGGTGCAAAACAAGGAATTATAGCCCTTGAAGACAATAAAAAAGATTTGGTTCCGGTTTTGGAAAAGGCTATTTCAAAAATTAAAGCAAATCCGATTGCCGCAGGTGCTTACGATATAAGCGTTCAGCTTTGTAAAACAAAATATCCGCAAGGCGGAGAAAAAACCCTTACGGATGCAGTCGTAAACAGGGAAATCCCTTCAGGAGGGCTTCCTTTTCAGATAGGCTGTGTTATTCAAAACGTAGGAACCTTAAAAGCGATCTCCGAAGCTTTCCGTTTGGGTAAACCCCTTATCGACAGAGCCTTAACCATAGGCGGCGGGGCCTGTGAAAAGCCCTTAAACGTAATAGCCCCTATAGGAACCTGCGTCGGGGACCTTATTCCAAGCGTAGTTTCCCTTAAACCGGGAGTCGTAAAAATAGTTTCAGGCGGCCCGATGATGGGCTTTGCCATGAAAAATGCAGACTTCCCTATTCAAAAAAATACCTCAGGTGTACTTTTTTTGACAAAGGAAGAAATTTCCTTAGAAGAAGAAAGCCCATGTATAGGTTGCGGTAAGTGTATTGACGTATGCAGCTGTCACCTTTCTCCCGTTTTAATCGTTAGAGCATTAAATGCCGGAAATACCGAAGAAGCTATCCGCTGCGGTCTTTTAGACTGTGTAGAATGCGGAACCTGCGCTTATACCTGCCCTGCCCGCATTAAACTCGTTCAAAGAGTTAAGATTGGTAAGCAGATAGCAAGGGAAGAAAAGCAAAAAAGAGATGCCAAAGCTGCCGCAAAGGCCGCAGCAGCAGAAAAAAAAGCAGCTGAAGCTCAAAAACAAGAGCCTGAGGCTAAAAAAACCGAAGAAGGAGGCAAATAATGGCAGAATCCGATAAAAACGAAATTTTTATGTCTCCGGCTCCCCATGTTGTAACACCGGTCAAGACTCAAACCTTAATGCTGGATGTAATTATAGCCCTGCTGCCTTTAACAGCCTATGGAATCTATCTTTTTTCGATACCTGCATTAGTTCGAATCATAGTTTCGGTTCTTTGCTGTGTAGGATTTGAAAGCTTATTTAGAAAAATATGCAGGCTGGATATAAGGGTAAAAGACCTTTCAGCCGTTATTACAGGCCTTCTGCTTGCCCTTGTATGTCCGCCGAATCTTCCGATATGGATGCTTATTTTAGGCTGTTTTTTTGCAATAGTTGTAGGCAAGGAATTTTTCGGAGGGCTTGGAGCAAACGTATTTAACCCTGCCTTGGTAGGAAGAGCCTTTATGTTTGTAAGCTTTTCGGGAGCAATGACCAGCTGGATACAGCCCGGAAACTCAATCTTTGATGCGGTGAGCACGGCAACACCTCTAAAGCTCATAAACGCAAAAGAAGGAATCGCAATGAGTGCTTCGGAAATAGCAAAGAGTTTAAACTTGAGTTCAAGCACTGACCTTTATACTCAGCTTATTTTAGGAAACCATGCAGGCTGTATAGGCGAAACAAGCATACTCTTGATTCTTTTAGGTTTTGCGTATCTTCTATTTAAAAAAGTTATCGACTGGAGAACGCCCGTTACTATGATGATAACAGCCGTTGCAATTACCGCAATCGGAGGTATAAATCCTATTTTAACCTTGACTTCGGGAGGTTTAGCCTTCGGAGCCGTCTTTATGGCAACCGATTATGTAACAAGCCCCGTAACTCCAAAAGGTAAACTTCTTTTCGGTGCAGGCTGCGGCCTTATAACCGGCCTTATCCGCTTATTTTCAGGTATGCCCGAAGGTGTTATGTATAGTATTCTTATAATGAATGCCGTAGTGCCGTTTTTAAACAAAATTATACCCGTAAAATACGGCTATGTAAAACCGCCCAAAAAGAACAAGGAGGCTGCAAAATGAAACAGATGATAAAGTTGGCCCTTACCCTTTCAGCCTATGCGGTCATAGCGTGTTTAGCCCTTGCGGCAGTTTACAGCTTTACAGCCCCGCGAATTGCTGAAGTAAAGGCGGAAAAAACAAACAGGGCATTAAAGGCCGTTTTTCCTGAAGCTGAAGACTTTAAAGAAATAAGTGCGGAAATTCCCGAAGGCTTAAATAAAACCAAGTTTTTAAATGCTTATACGGCAGTAAACGGCGGAAAAACCGTAGGTCTTACCATAACCGCTAAGGGGCCCACCTATGCAAGTGCAACCATATTGATAGCCATAGACCTAAACAAAACAATTCGCAAGATAGAATTCTTAGAGCTTACCGATACACCCAGCTTAGGAAGCAAGGCTGCAGAAGAACCCTTTGCAGGACAGTTTAACGGAAAGGCACTTGATTCAGCCTTTGAGGTAAAGGCCGATATAAATGCAATAGGAGGAGCTACAATAACATCGAAAGGTGTTGCTGCAATTTTAAAAGATGCCTCCGTTACGGCAATAGAATATATGGCCAAAAATAACTTGGAGGAGGGAAAATAAATGAAAAACTTAAATATTTTCACAAACGGAATTATCCGAAGCAATCCCCTTTTGGTTTTAATGATAGGCCTCTGTTCTTCTCTGGCTGTTACAACAAATGTCCTAAACGGCCTTGGAATGGGTCTTGCTATGACCTTTGTTATCGTTATGAGCGAGTTAATCATAAGTATTTTTAGAAAATTAATTCCTCAGGACATAAGAATTCCGGTTTTTATCATAGTAATAGCCTCTTTTACGACTATTGTAGACCTATTGATGCAGGCCTATACCCCTGCCCTATCGGATGCAATGGGGCTTTTTATTAAGCTGATCGTTGTAAACTGTATTATTATGGGAAGAGTCGAATCCTTTGCTTCAAAAGAAAG
