gap_id	start	end	length	sequence
NZ_CP140394.1_gap1	185838	187933	2095	GCAATAGCTCCTGTTCCTATAAGCCTTACTTTAGAACTCCATACACTAGAAGCTAAATCTACGGCATTTTTTGTACTATCGAATTCAAAATTTGAAAGATAGGGAGTAAAAATACCCCAAGCTAAAAACATACCTACAAAAAGAGCTATAGCACCTGCTAAACCAACTAAATAACCTGCCCCTAAAAGTGCCAAAGAATATCCCATAGAAAAACCAAAAGCCATTTTATTCCAAATAAAAGCAAAATTACTCTCACTTGCAGCGAGTTTAAAACCATTGCTTAACAAACTAAAAATAGCAGCTATAAAAGAGCCTAATGCTATTTCTTTAATGCCTTGTTTTCCTTTTTTACTACTCTGATCTTTATTGGCTACTTTTAAAATTTCAGCTGCGGCTCTACCTTCAGGATAAGCAAGCTTGCTTTCAACCACCATAGTCCTTCTTAATGGTATAGTAAAAAGCACTCCAAGTCCGCCACCACAAAGACATATCATAAAAGTTTGCCAAAGTGGAAATTCACTCCAATACCCACACATAAAAAGCCCTGGGATAACAAAAATAACTGATGATAAAGTTCCTGCTGCTGAAGCTTGAGTTTGAACCATATTATTTTCTAAAATATTTGAAGTCTTAAAAAGACTCAAAACCGCCATGGAGATGACCACAGCTGGAATTGATGATGAAAAAGTAAGTCCCACTTTTAACCCCAAATATACATTTGAAGCTGTAAAAATAATAGTTAAAATACTTCCCAAAATCAAACCCCTTAAGGTAAGTTCTGGTAAATTTTGTTTTTTGTACATCATTTCTCCGTTTTAAAATTTACTTTCAACTTAAAAAATATTCTTATAAGTTTAAATTTATAATTTTTCTCTAAAGCAAAATAAAATAATACAAAAAAACGCTTATATTTTTATAAATTTTTGACTCAAAAATATCATAAAACAATGAACCAATCATTGAAAAATCAAAAGTTCTTTTATTTTAATTATATTATCCCAGCTACCTCAGCAAAAATCAAGCAAATAATACTTATACCCCATATATAAAAAAAGCTTCTTTTGATATGATCTTTAATATTAACCTCTGCTAAACCACAACCTAGCAAAGTTGCAGGCACAACAGGAGAAATAAATGTCGCACAATTTCTTGCTATCACCATGATAATAGCTATAGTCAAAGGTTCAGCGCCAAAAGCCTTAGTTACACTCAAAACTATAGGCATCACTCCATAAAAATAAGAATCTGTACAAAAAATAATTGCCATTGGAACAGCCAATATCCCTACCATCAAAGGAATATAAGCGCCTAAATAATCTGGAACAAAATTTAAAATCAAAACACCCATTTTCTCCATAATACCACTTTTATCAAATACGCCTATTAATATCCCAGCACCAATTAAAGTAATATACATAAGCATTGCACCAGCACTTGCACGATCTAAAACTTTTTTAGCTGTTTTTAAATTAGGATAATTAAGCGGTAAAATTATTGCAAGTCCTATCATAAAGCAAATATAACTAGGAATAATACCGCTAATTAAAAGCCCAATAACTCCAATAGCTACAAGTAAATTTAACCAAAACCATTTTTCATTATGGTGTTCGCTTTTTTCTATATTTAAATTTATTCCAGACAAGTTACCTGCGCCTGCACCTCTTTTTATTTCTATCTTAGCAATCCAAATTGCCAAAAGAAGGGATAATACCAAACCTACAATCTGAATAGGTATAATATGGTGCCAAAGCAAATTTGCATCCATTCCTATATTAGTAGCCGCTCTTAAAGTAGGACCACCCCAAGGAATAACATTCATAACCCCCATAGCCGAAGTAATAATCAATAACATTGAAGTCTTTCTTATACCTAAACGCTCATAAATAGGTAATAATGCAGGTATTACAATAAGAAAAGTAGAAGCACCTGAACCATCTAAATGCACAGCAGCAGCAATAAAAACAGTAAGAATGCAAACTTGATATACATTAGCTTTCATTTTTGATAAAAATGCATTTAAAATTTTAGTAAAAAAACCACTTGCATTTAAAACACTAAAAAAGAGTATAGAAAAAACAAACAAAGCTGCCGTATC
NZ_CP140394.1_gap2	222065	222934	869	TGGAAAAATAGGTAGAAAAAGCGTATGGATTTTTATCATTATTAATGCACTTATTTTTATATCATGTTCTTATTTTATTAATACCTTGGCCTTTTATTTGTCTTTTCCTGTGCTTTTGGTATTGGCTATTTATTCAGCTTTTAAGCGCTTTAGTTCTTTAGCACATTTAGTTTTAGGATTTTGTTTAGGACTTGCGCCTATTGCAGGAAGTGTTATAATTATGGGTGAAATTCACATTTATAGCGTTATTTTATGTTTAGGTGTAACTTTTTGGACAGCTGGGTTTGATCTGCTTTATTCTTTACAAGATATGGAGTATGATAAAAAAATAGGACTTCACTCTATTCCTGCTAAATTTGGTTCAAAGGCTACTTTATTTATATCATCTTTTTGCCATATTTTAGCGGTATTATTTTGGCTTCTTTTTGTGTGGGAAGTTTGGGGTGTAGCACTTGGAAAAATAGCACTTATTGGGGTAATTATAAGCGGTATTATTTTAGCCTTGGAACATAAAATTGTTCATAAGAATTTTGCTCATATTGATAGAGCATTTTTTACTCTAAATGGTTATTTAAGTATTATCTTTTTTATTTTTATTTGGATTGATTTATTATGGAATTAGCACTTTTTAAAGCAGGATTTGAAGCTCATTTAGAATGTTGTGAAATAGAAAATAACCGTTTTCTTGGAGAATACCTAAAACTTGGAGCAATTTCTCAAATTTTAAAATGGAAAAAACTTGCTTTACGCATTGATTTTGACGAGGGTGAAAAAATTATTTTTGATCTTCTTTTAAGTCTAAAAGAAGATATTTTAAGACTTGAAAATTCTTTAGATAAAAATAAAGAACTTATACCACTTAAGCAAAA
NZ_CP140394.1_gap3	224726	225831	1105	TATTTTTATGCGTTTTGCTGGTTGCAATTTCAACTGTTTAGGTTTTAATGTAAAAATATCAAAAAACGATAAAACTCTCATTGGATGTGACACGATAAGAGCTGTTTTCACAAAAGATTTTAAAGAAAGTTATGAAACTTTAAATGCTAATGAACTTTTAAAAAGAGTGATAAAATTAAAAAAAGACTTTGATCCTATAGTTGTTATCACAGGTGGAGAGCCATTAATCCATTATGAAAATCCTGAATTTATAGAATTTATCCAAATGTTATTAAAAAATAAATTCGAAATACACTTTGAAAGCAATGGAAGCATAGAAATTGATTTTGATAGATATCCTTTTTACAAAGAATGTATTTTTGCTTTAAGCGTTAAACTCCAAAATAGTGGGATAAAAAAAGATAAACGATTAAATTTTAAAGCTTTAAAAGCATTTAAAAATTACGCAAAAGATAGTTTTTATAAATTTGTTTTAGATGCCAATACTCTTGATAATTCATTTTTAGAAATCAATGAAATTCTAAAAGAAGCTCCAAATCAAATTTTTTGTATGCCTATGGGTGAAAATGAGCAAAACCTTAAAAAAAATGCTCAAAAAATTGCTGAATTTTGTATTAAGAATGGTTATAATTATTCTGATAGAATTCATATTCGTCTTTGGAACGATAAAGAGGGTGTATGATTATAAGAAAATTATTTGAATTTGAAAACGCACACATTGTTAGATTTTGTTCTTCTAAGCGTTGCAAAAGTAGCATTCATGGACATTCTTACAAAGTTGAAGTTTTACTTGAAAGCAAATATTTAGATAATGCTGGAATGGTCTATGATTTTGGACTTTTAAAAACCTATATACGCCAAATTATTGATAGTTTTGATCATGCTATCACTCTTTTTAAATATGATGACGCAAAATATTTAGAAGAAATGAAAAAATATTCAAGTCGTTGGATTTGCCTGCCTGTTAATGTAAGTGCTGAAAATTTTTGTCGTGTATTTTTCATACTTATAGATGCTTTATTAAAACAAACAAAAATGGTAAATGGAGAACAAGGAGTGACTTTACAAAGCATCATTGTTCATGAAACAAGAACAGGCTATGCAC
NZ_CP140394.1_gap4	281180	282660	1480	ATTAATGCTTCCAAGATAGTATTTTGCTACCAAAATCGTAGGGTGTTTGAAAATATTCACAAAATCAATCATAGTGTAATTTTCATCCATAGGAGAAAAAAGCCCACCCGCAAGCTCAATAAGTAGGTTTTTGCTTTTTGGTAAAATGATATCTAAGGCTTTATAATCAAGCTTTTCTTTGATTTTTCCAAGATGAGGAGAAGCTGGAGTTTGCAAAAAAATACCTTCTTTAAAAATCTTTGTTTTTGGGCTAAATTTTGCAATAAACTCACTATCTGTTGGAGTTCCTGCTTGAATGAGTTTAAAATAATCATAGTTAAAATTCGCACAAAAAGCTGCACTAAAATGTGTTTTTCCTACATCAGTATGTATTCCACTTACATAAATTTGCACAAAAAATCCTCAAGAAAGAAATTTTAAACCCGCTGTACAAGTAATAATCACAGCGATTAAAAAAAGTTTCAAAAAACTTTTACTTTCTTTATAAAAAAGCACTCCTATCATTACCCCACCAGCGGTTCCAGCTCCTGTCCATATAGCATAAGCAACGCTCATAGCGATATTTTGCATACTTAAGCTTAAAAAAGTAAAAGAAAATCCAAAACACACTATCAAAGCTAAAAGGTAAAGCTTGTTTTTAGTGCTTACAAGTTCTTTCATGATCACCACGCCAAAAATTTCACAGGCAGTAGCTAAAAACAAATAAAACCATTCCATAGTTTAAGCTTCCTTGCTTACCCATTTAAGGGCTATAATACTTAAAAGTAAAATTGCTATAAGCACAAGTTTAATTATAGAAACAGCTTCGTTAAAAATAAACATTTCATTTAAAACCACCCCAATAGTGCCAATGCCTACAAAAACACTATAAGTAATACTTACTTCAAGTCTTTCGCAAGCTTTTAAAAAGCAAGTAAAAGAAATACAAACCCCAATGGCTGTTAAAATATACTGCCAAATTTCTGTAGAATATTTAAGTCCACTTACCCAAAAGCACTCTATAATTCCACCTAAGATTATTAAAAACCAAGCTATATTAATATTGAATTTTTCATTCACATGAAGCCTTAAATTAACATAATATTTGTAAAACAAATTATATCTTAAAGAAATTAAAAGAAGCTATAAATTTACTTTTCCATAAGCCAAAATTAGATATAATCAAAGCTCATTTTTTAAGAAAGGATAAAAGATGTTAGAAGGTATCGTTAGAGAGAGTATCGGTAGAAAAGCTGCTAAAGCTTTAAAAAGAGATGGTTATCTAATTGCAAACATCTATGGAAAAGGATTAGAAAACATCAATGCCGCTTTTAAAGTAAATGAGTTTATTAAGGAAGTTCGTAAAAAAACTACTTTAATTTTTGATGTAAAAGTAGGTTCTCAAACTTTAAGCGTTGTAGTTGTGGATTATCAAAAAGATCCTGTAACTGCAGAACTTAAACATGTGGATTTAAAAGTTGCGCAAAAAGGTGTGATTTCT
NZ_CP140394.1_gap5	286573	289326	2753	TTAGATCTTTTAAATGAAAGAATGACTTATGTTAAAAGTATAGGTGAGCTTAAGCAAAGTAGTGGGGGAAGTATTTATCGTCCTGAGCGTGAAAGAGCCATTATCAATCGTTTAAAAAATGCAAATTTAGGACTTTTAGATCAAAATGCCATAGAGGCAATTTATCAAGAAATTTTTGCAGTTTCAAGAAATTTAGAAATGCCTCAAACTATAGCTTATTTAGGGCCTGAAGGAACTTATACACATCAAGCAGCAAGAAGTCGTTTTGGTGCGATGAGTCGTTATATAGCCTTGGCTAATATCGAAGATGTTTTTAAAGAGTTAAGCAACAAAGAAGCAAAATATGGTGTTGTACCTATAGAAAATAATACCGAAGGTGCAGTGGGCATTACTTTAGATTGTCTAGGTAAGTATAATGAGCTTAAAATTTTTGGCGAAATTTATATGGATATTCATCATTCTTTTGTAGGAATTAATGAAAATTTAAAAGAAATCAAACGCATTTATTCGCATCCGCAAGGTTATAATCAATGTCGTAAATTTTTAGAAAGTCATGAACTTAGTGCTATAGAATTTGTTCCTTCAAAATCTACAGCTAATGCAGCTTACCTAGCTTCGCAAGATAAATATGCGGCAGCAATTTGTTCTAGAATAGCGGCTAAGCTTTATAATGTGCCTGTACTTTTTGATAAAATAGAAGATAATGCAGCCAATAAAACAAGATTTTTAATTTTAAGCGATATTAAAAATCCTAAAATGCCAAATTGTAAAACTTCTATTTTAGCACACACAGCACATAAACCTGGGGGACTTAGCTTTTTATTAGAGCAGTTTAAAAAAGAAAATATCAATCTTACTAAGCTTGAATCTCGCCCTGTAAAATCAAAAGAATTTTTACACAGTTTTTATATAGATTTTGAAGGGCATATTGATGATGAAAATGTAAAAAAAGCCTTAAAAGATATACAAGAGATTGTTTGGCTTGGATCTTATTTATCAGGAGAAAAAGATGAAATTTAATGAATTTTTAAATAATTTAAGCAATTATGAACCCGGCAAAGATATAGAAGTTATTGCTAAAGAATATGGCGTTAAAGAAGTGATAAAATTAGCAAGCAATGAAAATCCTTTTGGCACGCCACCAAAAGCTATAGAATGTTTAAGACAAAATGCAAACAAAGCCCATCTTTACCCTGATGATAGTATGATAGAACTTAAAAGCACATTGGCTCAAAAATACAAAGTTCAAAATGAAAATATCATTATCGGTGCAGGCAGTGATCAAGTGATTGAATTTGCTATACATTCTAAGTTAAATTCTAAAAATGCTTTTTTGCAAGCTGGAGTTACTTTTGCTATGTATGAAATTTATGCCAAACAATGTGGTGCAAAGTGTTATAAAACTCAAAGTATTACTCATAATTTAGATGAGTTTAAAAAACTTTATGAAACGCACAAAGATGAAATTAAACTTATTTTTTTATGCTTACCAAACAATCCTTTAGGCGAGTGTTTGGATGCAAGTGAGGCGACCGAGTTTATTAAAGGTGTAAATGAGGATTGTTTAGTTGTGATTGATGCAGCTTATAATGAATTTGCAAGTTTTAAAGATAGCAAAAAACATTTAGAACCTTGTGAATTGATTAAAGAATTTGACAATGTGCTTTATTTGGGAACTTTTTCTAAACTTTATGGATTAGGAGGCTTACGCATTGGTTATGGCATAGCTAATGCTAATATTATTAGTGCATTTTACAAGCTTCGTGCTCCTTTTAATGTGAGCAATCTTGCTTTAAAAGCAGCAGTTGCAGCAATGGATGATGATGAATTTACTGAAAAAACTTTAGAGAATAATTTTTCTCAAATGGAGCTTTATAAAGAATTTGCTAAAAAACATAATATCAAAATTATCGATAGTTATACAAATTTCATCACTTATTTTTTTGATGAAAAAAATAGTACAGATTTGTCTGAAAAATTGCTTAAAAAGGGTATAATAATAAGAAATTTAAAAAGCTATGGTTTAAATGCTATACGCATTACTATAGGAACATCTTATGAAAATGAAAAATTTTTTACAGAATTTGATAAGATTTTAAGATAGATAAATCAAATAAAAATATGTAAAATTCGCTAAACTAAGGGATGAGAATTAATGGATTTTAAAAATATGCTTCATCAAATTGGGCAACTTTATCAAAATTTAACTCGCAAGCAGCGTATAGTGATTGCTGCATCTATTATAGTTGTGGTTGGGTTTTTGGTTTTTTTAGCTTTATTTCATGGAAGTGGTAGTAATGCAAATAATGGATATGCAGTTTTAGTTGAAAATGTAAGCCCAAGTTCTTCTGCTGCAATTGTAGCTAAACTTGAACAAAATAATATTCCCTATAAATTAGAAAGTGAAAATAAAATTTTAGTTCCACAAGATCAGGTTTATCGTCAAAGAATGTTTATTGCAAGCGAAGGTCTTATAAAAGATAGTCGCGTGGGTTTTGAAGCTTTTGATACTCAAGCTTTTGGAGCTACAAATGAAGAGCAAAAGGTAAAATACCAAAGAGCCATAGAAGGCGAACTTGCAAGAACTATTGAGACTTTAGAACCTATTCGTAGCGCTGTTGTACACATAGCATTTCCTAAAGATAGTGTTTTTACTGAAAGGCAAATTCCGCCTACAGCTTCAGTTGTTGTTAATGTTCGCGAAGGCTTAAAGCTTACTAGAAAACAAATTGATGGTATAAAAAATATTGTTT
NZ_CP140394.1_gap6	358158	360291	2133	ATATAATGAATCTTTATCTAATTATAATTTAGGCGTTTCTCAAATGAATGAGAATAAATTCCAAGAAGCTTTTGAAAGCTTCAAGAAAGCTATAGCCAATGGAGAAAATCAAAGTGTAGCTGCTATCAATGCTGCTGTTTGTGCTTTAAAGCTTAATGATAAGGAAAAATTTAGATATTATATTGATTTAGCTCAAGTGTATCTTCCAAAAGAAGGAAAATCAAAATTATATGATTATTATTTAAGCTTGATTAATTATTACAAAGGATATTACCCTGAGGCCTTACAAATGTTACAAAGAACAGATGTGGAGCCGTATTCTGATGTTGCAAAGTATTTGTCTGCTAAAATTTATGCAAAAATGGACTTTGATTCCAAGGCTATACAGCAATTAAATTCTCAAGGCAATTTTGAATCTAGTTTATCTTTAGGTCTTTTATACGCTAGAATAGGAGAATATGCTAAAGCTAAAGTCGCTTTAAGTACAGCGATGAAAATTGAAAGAGATTTTAATCAGAGTTTGGCGGCTTTAACATTGGTTGATATTAAAACAGGAAATTATCAAGATATGTTAGCGCGCTTGCAAAATTCTTATGATAACGATAAAGATAGATATAAGATTTTAGATACTTATAAAATTCAAGTTCGTTTAAATAAGGATCTTTTTAATATAGCAGTTGCTCAAAATTCTTTTTCAAAAGATTTGCTAAAAAAACAAAAAGATCAATTCGATTTGCTTTTTTATTTTGCACCTTATCAGGTTTTTGATAGTAAGCAGGCTGCTTTATATATTAAAAAAGCTAATGTTACAGATTTCGTTGATGATAGTACTGATGCGGGAATTTATCTTAATATAAGCAAGGCTCTTTCATCTACCAATGTAAAAATTGCCAATATTATTAACTATGCATTAAATCAGAAGTTACGCCTTGCTAACCAAGAATTTCAAAAACTTATCAAGGATTATCCAGAACATAGTATTTTACATTATAATTTGGCTTTAACTTATGCCCAAATGCAAAATTATGAACTTGCTTATAAGCATTTTTCAAGTTCATATCATCTTAATCCTAAAAATTACTTAGCAGGTGCTTTTGCTATGTTTTGTGCAAAATTAATTGATATTGATACAACTAAACTTTACAATGAAATTCTTGATAATATAGCTGCTGATTCTAATTTTAAAGCTAATATGCAAAAAAGTATGTTATTTTTAGTTAATAATAATTATATTTCTATGCTTCCTTATTTAGATGAAACAAAAAAAGATACGCCTTTGAGTTTGATTTTTGAAGCTATTGTTGCTAAAAATAATAACCTTAATAATCAAGTAGATGTGAAAATTGCTAAATTGCGTTCAGAGTTGCCTGAAGATATTTTGGCAAATATTTTGTATTTTAATTCTTTAAATTCAAATTTAAATATTAAAGAATATGCTCAAAATGCTCAAATTCATTTTAAAAATTTAAAACTTGATTATCGTAGTGTTTTTGGTGGGCCAAATATAGCTAGGGAATTTTATGTTAATTTAATGCATATTGCAGGGCTTTTAAATTTAGAAAGACAGAAATTTAAAGAGTTGATTAATGTTTCAGGAGCAAAAGATGAGGGTATTTTACAAACTTTAGCTTATTTGGATATTTTTGCACAGCAATACGAGGAGGCTTATGCGCTTTATAATTCTTTGATTGATGATTATGGAGCTAAAGATACTAAAACTTTATTTTTAGCAGCCGTAGCAGCCGTAGGTGCAAATAATCCAAATTCAGCTATAGCGCTTTTGCAGCTTTCTAAACTTACAGATAAAAATAACAAAGAGAGTAAAGCAGCTCTTGGTATGTTGTATCAAGAAGTAAAGAACTATGAAGCTGCGATATCTCAGTATAAAACTTTACCTAATAATTTTAAGAGTGAATTTTTTACTTTTGATATTAATAACAACTAAAAATGCTTAGAAATTTCTAAGCATTTTTAGTTAAGCTTGAAGATCTAGAGTTTTTCCGCCTAGTTCATCAATGCGATCGCTAACTTTTTTAAGTGCCGCATCTATTGTATTTTGACTGATTTGAGGAAGTTCTCCACCCCACATTTTTTCTGCTTGCTCAAATCCTTTTTTCATACCTTCAAGACCTT
NZ_CP140394.1_gap7	403675	404462	787	TCAAATATAAGAATATCCCTAAAGTAGATAAAGAAAAAATGCCTGGAACTGTAGCTAAGCCATCAAGTCCATCGGTTAAATTTACAGCATTAGAGCTAGAAATTAAAACCAAAATCCAAAAAGCAATGGCAAAAATTTCCATATCAAAAAGAGGGTGTTTATAAAAAGGTATAAAAAGTTCCGTGCTAAGCTCTGAACTAAAATATAAAGGTAAGATGCAGATAAGTCCAGCGATGATTTGTGCTAAAAGCTTCATTCTTGGACTAAGTCCTGAATGATTATCTTTTTTTAGAACTTTGCCTAAATCATCTATGAGTCCTATCAAACAAAAAAGTATCAAACAAAGTAAAGCACTTATAGCAAAAATATTATCAAATTTGATACAAAATAAACTTGCGATTACTGCAGAACTGATGAAAATAAGCCCACCCATGGTTGGAGTATGGCATTTGGTTTTATGAGTTTCTGGGGCGTATTCGTAAATAGGTTGACTAGCATTTTTAGCTTTTGCCCAAGTAATAAATTTAGGCATTAAAAATAAAGACAAACATAAAGCGATAAAAAATGCAAATCCTGCACGCACACTAATATAAGTAAAAAAAGCATAATGACTTAAATCTGAAAGATAATACAAAACCTAGCCTTCTTTTTGGTTTTTAAAAGTTTAATTTTAGTAAAATCTAACCAAAAAAATTCTTATAAAAGAGAGAAAAATGAAGCAAAAATGCGTTTTAATTATTACAGATGGAATAGGGTATAATAAGAATAGTAAGTTTAATGCTTTTGA
NZ_CP140394.1_gap8	427444	429125	1681	AAGCCCATAAGCATTGAAATAATAGCGCTAAAACTAAGATAAATCATATCTGTATAAGCGATCACTCTACCATGATATTCTTTGTCGGCATTTTTTTGTATCATAGTGTAGGTGTAAGCCCAAAGCGCTGAGGTAAAAAAACCTGCACCGATTAAACCTAAAAAAGAAATATAAAAATTAAATTGAGTTAAAGCCCAAAGTATAATACCCAAGCCTTGACCAAGATACATGTAAAATAAATTTTTATCATTAATAAATTTGCTTAAAACCATAGGTCCTATAGCTAAAGAACAAGCACGTACTGCATTTAAAAACCCTATTACTAAAGCAGCAGATAAAACTTCTTTATATTGATGTTGCGCTAAAAGCGTAACCAAGGTTTCATAAGCAGTTAAACCTATAAAAGCGTGAAGCAAGATAAGATGAAAAATTATCTTATTGTTTAAAACATAGAAAAATCCTTCTTTTATCATGGTAAAAAAGCGACTTTGTGTTTTTTGATGAAAATCAGGAATGCTTAATCTTACTAAAAAAGAAATGCCTATGAGTATAAGTATACAGTCAAATAGAAAAGCGGTTTTAACTCCTAGAAAATAAATAAAAATTCCCGCACTTGCCATACCTGCTGTATAAGAAATCGCCCAAATGACACTGTGCATTTCATTAGCGAGTTTAAGTTCTTGAGGAGTTAAAATTTTGGCCAATAAACTCATTTCAGCTTGAAAATAAATCGAAGCAACACAAAGTCTTATGAAAATTAAAATAAATAAAAGCCAAAGCATACTAAGACTTGTGACAAAAATAAGACAAAAAATAGAAATTAATTCTATGCTAATCATACTGAGTAAAAGTTTTTTAGGTTTATTTTTCTCTACTATGACGCCATTAATAGGAGCAAGTAAAACTCCAGGTAAAAAAGCAAGCATAGCACTTGTAGCTGTTGCCCAAGTAGGAGCATTAAGTTCGACTAAAAGGGTAAAAACTCCCGTTTGAGAAAACCATGCTCCAAAATATACTATAAACTGAACCGAAGCTAATATTCTGATATTTTTATTATTTTTTAATAGTTCAATGTAATTCATAAGCGAAACTATAGCATAATTTATATTTTAAATGCTATAATTATTTTAATTATGTAAAAAACAAGGAAAAATTTTGAAAAGACTGGATAAAAAAGAAGCTTTAGATTTATTACACCATGCAAGTTTAACAGAACTTGGAGAAATGGCTTATAAAAGAAAATTAGAACTTCATCCTGAAAAAATCACCACTTTTGTTGTGGATAGAAATATTAATTATACCAATGTTTGTTGTATTGATTGTTCTTTTTGCGCTTTTTATCGCCATCATAAAGAAGATGATGCTTATATTTTAAGCTTTGAAGAGATAGGCAAAAAGATAGAAGAGCTTGAAGCTATCGGGGGAACACAAATTCTTTTTCAAGGCGGGGTGCATCCAAAATTAAAAATAGAATGGTATGAAGAATTAGTTTCTTGGATAAAAGAACATTATCCAAATATCACTGTGCATGGTTTTTCAGCAGTTGAGATCGCTTATATTGCAAAAGCATCTAAAATTTCAATCACTGAAGTGTTAAAAAGATTGCAAGCTAAAGGTTTATTTTCTATACCAGGAGCAGGTGCTGAGGTGCTAAGCGATAGGGTGCGTGATATTATCGCAC
NZ_CP140394.1_gap9	431915	433574	1659	GTGAGAAAATTCATTCTTTAAATAAACAAGAATTTGCCCCTCATTTTATACAGTTTTCAGCTACGCCTATTCCAAGAACTTTAAGCATGATACAATCTGAACTTTTAAATTTTAGCTTTATTAAACAAATGCCTTTTAAAAAAGATATTACAACTTATTGCATACAAAATGAAGGTTTTTCTAAGCTTAGCGAGAAGATCAAAGAAGAAATCGCTAAAAATCATCAAATTATCATTATTTATCCCTTATTGAGTGCTAGTGATAAGATTCCTTATCTTTCTTTAGAGCAGGCCAAAGAATATTGGCAGAGTCATTATGAAAAAGTTTTTGTAACTCATGGAAAAGATAAACAAAAAGATGAAATTTTAGAGCGTTTTAGAGACGAGGGAAATATTTTACTAAGCACTACAGTGGTGGAAGTAGGTATTTCTTTGCCAAGATTGAGTATGATAGTGATTGTAGGAGCGGAACGTTTAGGACTTGCTACTTTACATCAACTTCGTGGCCGTGTAGGTCGTGTAGGGCTTAAAAGTGCTTGCTATCTTTATACTAAGCTTAAAGAAATTCCGAGTCGTTTAAAAGAATTTGCTAGCACTTTAGATGGGTTTAAAATAGCAGAGCTTGATCTTAAAAATCGTTTGAGTGGAGATTTGCTCGATGGTTTTATGCAACATGGAAATGAGTTTAAATTTTTTGATTTTTCCAAGGATGAGGAGATTTTAGAAAAGGTAAAAAAAGATTTGGCAAAAAAATTGCCAAATTAATGTCCGCCGTACTTGTAAAGCATATTTTGAAAATGTGAAGCTATCATTTGTGCACGCTGTAAAATGACATTTTTCATTTCTTCATTATAAACTATATTTAAACTTTCTTCAAAAAGTTTTAGCCAAATTTCAAAAAACTCTTGAGGAAAAGGAGGTAGATCTAAGTGCTTTTTTAAGGGTTGCCCATTATAATCACCTTCGCCTAAAAGCATGCCTGCCCAAAAATTTCCTATTTTTGCTTTATGTTCTTTCCATTCTTCATCGCTTGTTCCAATAGCATTGTTAAAAATAGGACCTAAATCCTTATCTTTTCTAACTTTTTCATAAAATATTTCCATGAGTTTTGCTATGCTTTCTTGATTAATTGTTTCAAATTTCATATAAGCCTTTCTTAAATGTTAATTTTATGGCGTTAATATAGCAAAAATAAGATAAATTAAATTTAACATAAGTTAAGAATGGAAATATTATATAATGAAAGATTATTTAGAACTTTTATCTAGTGTAGGAAAATTAAAAAAATTTCAAAAAAATAGTATTTTATTTTATGAAGGCGAAGAGGCTAAAAATTTTTTTATTTTACTCAAGGGAAAAATACGCATTTATAAAAGTACAGCAAGTGATAAAGAAATTACTTTGCATTATTTTAATCCTCCAAATTTTATAGCAGAAATGCCTGCTTTTAAAAAATTAAATTATCCTGCTAATGCTGTTTTTGAAGAGGATGGAGAAATTTTGGAAATTGATTTTATTAATTTTCAAAATTTATGCAGTGAAAATAAAGAATTCAATTTTTTACTTATCAGTTCACTTTTTGATAAAATTAAAATTTTAGAAAAGAAATTATCTCAAAATGCATTAGATTTAAGGACGAGATTATTAAAGTATCTTTTGG
NZ_CP140394.1_gap10	448316	449522	1206	TAGCAGGTGTAAGTGGCAGTATAGATGGAAAACTTTATTTGCCATATCAAAGCGGCATGCAAGTAGAAGAAAATGAAAGTATCGTAGAAGTGATTAAAGAGGGTTGGAATGTACCAAATCGTATTCCTTTTGCGAGTGAAATTTTAGTAGAAGATGGCGAGCCTGTAGTTCAAAATATCAAAGCAGGCGAAAAAGGAACACTCAAATTTTACATCCTTAAAGGCGATGGTTTAGATAGAGTAAAAAATGTTAAAAAAGGTGATATTGTTAAAGAAAAAGGATTCTTTGTAGTGATTGCTGATGAAAATGATAGAGAAGCAAAAAGACACTATATCCCAAGAGAATCTAAGATAGAATTTAACGATAGTGAAAAAATCGATGACGCAAATACTATCATTGCAAGTGCTCCTAAAAAAGAAAGAAAAGTGATTGCAGAATGGGATGCTTATAATAATACTATCATTGCAGAAATTGATGGTGTTGTAAGCTTTGAGGATATTGAAGCAGGTTATAGTGCCGATGAGCAAATTGATGAAGCTACAGGTAAGCGTTCTTTAGTAATTAATGAGTATTTACCTAGCGGAGTTAGACCAACTTTGGTAATTGCAGGAAAAGGTGATAAAGCTGTGCGTTATCACCTTGAACCAAAAACCGTTATTTTTGTTCATGATGGCGATAAAATTGCTCAAGCAGATATTTTAGCAAAAACTCCAAAAGCAGCAGCTAAATCAAAGGATATTACAGGAGGTCTTCCAAGAGTTTCTGAACTTTTTGAAGCAAGAAAACCAAAAAATGCGGCTGTGATTGCAGAAATTGATGGTGTTGTTCGTTTTGATAAGCCTTTGCGTTCTAAAGAAAGAATTATTATCCAAGCAGAAGATGGAACAAGTGCTGAGTATTTAATCGACAAATCAAAACATATTCAAGTAAGAGATGGAGAGTTTATTCATGCAGGTGAAAAACTTACAGATGGAGTTGTTTCGAGTCATGATGTGCTTAAAATTTTAGGTGAAAAAGCCTTGCATTATTATTTGATTTCTGAAATTCAGCAAGTTTATCGCGGACAAGGTGTTGTGATTTCTGATAAACATATAGAAGTTATCGTTTCTCAAATGCTAAGACAAGTAAAAGTTGTAGATAGTGGACATACGAAATTTATTGAAGGTGATTTGGTTTCAAGACGTAAATTCCGTGAAGAAAATGAAA
NZ_CP140394.1_gap11	484715	488738	4023	GTTTTGGGGGATTTATAGGAGCAATATTAAGAATGCTTTCTATAAATTTAGTGAATAAATTTTTTCCTTATTCTATCAGCTTTGGAACTCTTTTTGTAAATGTTTTGGGTTCTTTTATCATAGGACTTTTGTTTTCTTATGCACAAAATAAAGGTTTATCTCCTTTACTTAAAAGCTTTATAAGTACAGGTTTTTTAGGAGCTTTTACAACTTTTTCTACTTTTTCTTATCAAAATTTACTTCTTTTGCAAAGTGGAAATTATCTTCATTTTGCGTTAAATATTATCTTAAATGTCTTTCTTTGCTTATTTGCCGCATGGCTTGGCTTTTTAATTTTCAAATAAATCTTTAAATTTACTTTAGAATTTGTATTTTTTGCTAAAATACCACTTTAAAAAATTACAAAGGAATCAAAATGCAATTTCAAACCGAAGTTAATCAGCTTTTACAGCTTATGATACACTCTTTATATTCTAATAAAGAAATTTTTTTAAGAGAACTTATTTCAAACGCAAGCGATGCTTTAGATAAGCTTAATTTTTTAAGCGTAAGTGATGATAAATATAAAAGCTTAAAATTCGAACCTAAAATTGAAATCAAAATTGATAAAGATAAAAAAACTTTAAGTATTAGTGATAATGGCATAGGTATGGATAAAGATGATCTTATCAACAACCTTGGAACCATAGCAAAAAGCGGTACTAAAAGCTTTTTAGAAAATTTAAGCGGTGATGCTAAAAAAGATTCTCAACTCATAGGACAATTTGGAGTAGGTTTTTATTCTGCTTTTATGGTGGCTAGTAAAATCGAAGTTTTAAGTAAAAAAGCTTTAGATGATAAAGCTTATCTTTGGAGTTCTGATGCAAATGGTTATGAGATTGATGACGCAAACAAAGAAGAACAAGGAACAAGCATTACTTTATATTTAAAAGATGATGAGTTTGCTAATGCTTATAAAATCGAAAGCATTATAGAAAAATACTCTAATCACATTCAATTTCCAATTTTCATGGAAAAAGAAGAATTTACTCCTGCTAAAGAAGGCGAAGAAGAAGGGAAAACTGAACTTAAAATTTCTCAAATCAATAAAGCCAATGCTTTATGGAGAATGCAAAAATCAAGCCTTAAAGCAGAAGATTATGAAAGATTTTATGAGCAAAATTTTCATGATTCAAACAAACCTTTACTTTATCTTCACACTAAAAGTGAAGGAAAATTAGAATACAATTCTTTATTTTTCATACCACAAAATGCACCTTTTGATTTATTCCGTGTGGATTATCAAAGTGGCTTAAAACTTTATGTAAAACGCGTATTTATCAGCGATGACGATAAAGAACTTTTACCAACTTATTTGCGTTTTGTGCGGGGGATTATCGATGTAGAAGATTTACCACTTAATGTAAGTCGTGAAATTTTACAAGAAAATCAAATTTTAAAAGGTATCAAAGAAGCTAGCGTTAAAAAGATTTTAGGTGAACTTGAAAAACTCAAAAACAATGATAAAGAAAAATACTTATCTTTCTTTAAAACCTTTGGTAAGGTATTAAAAGAAGGACTTTATGGTTTTGGCGGAGAAAAAGATAGTCTTTTAAAACTCATGCTTTATAAAAGCACTAAAGGTGAAAATTTACGCTCTTTAGAGGAGTATAAAAATGACCTTCAAGGCGAACAAAAGGAAATTTTTTATATAGCAGGAAATAATGAAAGTTTATTAAGAACCTCCCCTTTACTTGAAGAGTATAAACAAAAAAATATAGAAGTTTTACTCATGGACGATGAGATTGATTCTTTAGTAACTCCTATGCTAGAATTTGAAGGTTTAAAATTTGTATCCATTAATCAAGTAGAAGATAAAAATGAACTAAGCGACGAAGAAAAAAATACTTTTGCTCCACTTGTAGCTAAATTTAAAGAACTTCTAAAAGATCAAGTTGAAGATGTAAGACTAACCAGTCGTTTGAAAGATAGTCCAAGTTGTATAGTTTATGATAAAAATAAACCTGATTTTGCTATGCAACAACTCTTAAAACAAATGGGTCAAGAACAAAATTTCAAACCTATTTTAGAAATCAATCCAAAACACGCTATTTTTACAGGTCTTAAAAACAACGAAAGCTTTAGTGCAGATATAGCAACCTTAGTTTTAAATATGGCAAAATTAAGCGAAGGTATGGGAGTGGATAATCCTGCTGAATTTAATGCAAGCCTTACAAAAATCATCAACAAGGCTTTTTCATGATAGAAAATATCTCTGCAAGTCTTTGGACAAAGCAAGATTTAAACGCATATCAAATTTTTGATGTGCGTACTCCTTTAGAATGGGAAGAAGGTATTTTACCTAATGCGCAATGTGTGGCTTTATATGATAATCAAGGGCTTTTAAATGCTAAATTTTTAGATGAATTTCAAAGCAAAAGAGATGAAAGTAAAAAACTTGCTTTTATTTGTCGTAGTGGCCATAGAAGCATGGTTGCAGCTGAATTTATAGCTGAAAAATTGGGACTTGAAAGCATCAATTTAGATGGCGGAATGCTAGCCCTTAAGGGTTGTTAATGCTAGGAATTTATTTACTCATAGCAGCTTTGTCTTTTTTAGCTCTTTATTTTGCTGTTAAAAAGCTTACTTTAAATATAGATGAGCGAACCCTTTTAGAGCCTATTAAAATGGATATTTATCCAAAATTTTGTGATTTAATCGATGAAAAAATCAGAGAATTTAAAGAAAATATCCAAAATGCTAATTTAACATTAAAAAATTCTAATCAAAAAGATGAATTTTTAGAAAAACTTGGGGATTTAAGCAGAGAGTTGACTTTCATACAAACCATGAATTTGAGCAATAAAAACGATAGTATCTGGCAAAATGAACTTTTTTCTTTTTTAAAAGAATTAGAAAATTTATTGCTTGAGTATCTAGAAAAAGGCGAAGAAGAAGCTGAAAATTTAAGAGAATTTCTGATGGATGAATTTGAAAAACTAAAAGGTTAGGCATTGCAAGAAGAAGGAAATTCTTTAAAATATTTTAAATTTATTTCATGAAGTATTTTTACTTTAGTTCTGATTTTTATTTTAATTCGTTATGACGAGCTTGCTAATCTTTTAGCAGGAGTGGCAATACTTCTTATTGGAATGACTAATTTAGGTATAGGTTTTAAAGTTTTTAGTGGTGATTTGCTTGAAAAAATTTTAGTAAAGTCAACTGATACAAAGATAAAAAGTATACTTTTTGGTACTTTAAGTACTTTAATTATGCAATTTTCAATTTTAGTTTCTATTGTTACGATTTCTTTTTTGAGTGCAGGGCTTATTTCTTTGGGTGCGGGCATAGGGATTATTTTTGGAGTAAATTTAGGAAATACGGCAAGTTCTTGGCTGATTGTTGGTTTAACAAATATTAAAATTTTAATGTTGGCTATCCCGCTTTTGATTATTGGAGTATTATTTTTCTTTCAAAAAGATAGTATTTTAAAAGGTTTGGGTAATATTTTTATTGGTATAGGTTTTTTCTTTTTGGGTGTGGATTATATTAAAAGTGGTTTTGAAAATTTTAAACATATAATTGATCTTTCTCGTTTTGATTTTGCTGGTTTTAAAGGAGTTTTTGTTTTTTAGGATTAGGTGCTTTGCTTACAGGAGTTATACAATCAAGCACAGTTATAATGGCTATTATTGTCGCTGCTTTACTTGCACAACAAATCAGTTTGGAAAATTCCTTAGCAGCAACTTTGGGTACTAGTGTTGGAGGAGTTGTAACGGCTGTTTTAGCTTCTTTAAGTACCAATATTGAAGGAAAGAAATTAGCGTTTGCAAATTGTATTTTTAATTTTGGTATAGCTTTTTTAATAGTGCTTATTTTTCCTTATTTTATACATTTCTTAATTTTTTATCCATTGCGTTAAACATAGAAGATATAGCTTTGAAAGTGGCATTATTTCACACTTTGTTTAATTTAATTGGTGTTGCGTTTTTTTCATTCTTTACTCCTTAAATTGTTTTTTTAAATAAAATAGTAAAAGCTCCT
NZ_CP140394.1_gap12	491521	496110	4589	GACTTTTGTTGGTATTTGAAATATTATTATTTAATCTTAAATCATTAATATTGTTCATTTTTTATTATCCTCTTAATAAATCAATCGCACTTTGAGCTATAGTTTTTGCACTTGTAAAAGCACTTACATTGGCTTGATAAGCTCTTGTAGCTTCAATCAAATCTGCCATTTCAATAACAGGGTTTACATTTGGATACGCTACATAACCTTCAGCATTTGCATCAGGATGGCTTGGATCATACTTCATACGAAAATCTTTGTCATCTCTGACCACTTTATCCACTACAACACTTTGAATAGCAGGTTTAGCTTCTTCTGGCGAACTTGGATCATTTAAAGGATTTTCATATTTTAAAAAATTATTATCTTTGTTAATTTGCTCATTTAAAAGCTTATCAAAATCTGTTGCTTTAAAGATCACTTCGCGTCTTCTATAAGGCCCACCTTCAGCTGTTCTTGTAGTGTTTGCATTAGCTATATTAGAGCTAATAACATTCATTCTAAAACGTTGAGCACTTAAACCATAACCACTAATATCAAAATCACTTAAGTATGCCATAATTTACCTTTAACTTAATTTAGAGCTTGCATCAAGTATAGAACTAAAGATATTGCTTTGTCTTCTTAAAACTCCATCAAGAGCTGTTATCATAACTGTATTTTTACTCATTTCTGTAGTTTCTACATCTAGATCAACAGTATTTGCATCATTTCTTGCCAAATGACCATCTCTTAAGTAAATAGTAGATTTACTAGGATCAGGAAATTTCCAAGGTTTTTGATGCCCTTCTTCGGTTACTGCCAATTCTAATTCTTTTTTGTCATTTTTTTTGAAAATTTCATTTGCACGATTTACCAAAGCTGTTTCAAATTCAATATCTCTTGCTTTATAAAAAGGAGTATTAACATTTGCAAGATTGGCATTGATGAGTTGATTTCTTAGATTTCTACCCGCTAAAGCACCAGTGACTAGTTCTTTTGATTTAAATGGGTTAATCATTTTTTATCCTTTTTATAATTTTTAATATTAACAAGCAAATACTGTTCCAATTTAACTATTTTGTATAAAAATATCAAAAATTATTTTCCTTTTTGTAAATTTATGGCTTTATTGTGATCATCTATATTTGTGCTAAAAATATGAACTCCAGTATTTTTATCACGCACAAAATATAAATAATCTGTCTTTAAAGGAAAAATAGCTGCACGAATAGCAGCTAAAGAAACATTACAAACCGCTTCTTTAGGCAATCCTGTAAATTTATAGGTATTATAAGAGCTATTATCTTGTCTTATTCTTTGTGGGGTAACTTTTACATGGGAATAAATTCCATAATTTAAAGTTCCATCCATTTGAAGTTTCATACCTTTTTTAAGTCGATTGTAAATTACGCTTGCAACTATAGGCATTTCATTGTCATTAGCAGCTTCTTTTTGTATTACAGAAGCGATGATGATATATTGGTGCCATTTTTTTGGATTATAATCACCAAAAATTTTCTCAGAAGTTTTTTTATTGGAAATTTCAGCATGGTTTAAAAGCATTTGAATGAGTAGATTTTCTGTAATGCCTTTCGGGATTTTATAAGTTTCTGGTAAAAAAACTCCTTCATCATAAGGAGCTTGAGCTTGAAATTCTTTTAAAAGTATATCTTTATCAAGTCCAAGTTGTTTGGCTGCTTGTTCTAGAAAGATTACGCTTGTTTCTCCTGGGATAAGAGTAATGGTTTGAAGTGCTGCTTTAGCAATAGTGAGTTTATGTAGAAATTCAGCTCTATTTAAATCTTTTGTACCTATGTTGATCCAGCCTGATTGAGGGTGTCCTAAAAAAAATAAAATATATTTATCAATATTACTCATCTGATATTTATTTTGCTTTAAATATGTTATAATTTGAGAAATTGAACCTTGGGGAATAAATACCACAGAATTGCTTTTTAAAGGCTGAGTTAGATAATAAAAAATCCCCAAAATAAATATCAAAAAGAAGTTGCGTATGAAAAAGAAAATTTTATATATTGTTGTATTTTTTGTTGTGCTTATATTAGCTTTGTTTATAGTGCTTAAAAATGGAATTGTCATCTCTAGTATCCAATTTGATTTTTTAAAATTGGAACAATTATATATTAAATTAGATAAAAAATTAATTGTACGAGCAAAAAATATCACTATAAATGAGACTCAAAATTCCGAAATTTCATCACAAACCCACTCTTCTGATAATGCTTCAACAGAGATTTTAAAAATAACAAAAAATTTAAAATATCTATATACTTTTGTTAAAGAGATTGATATACAAAATTTAAATATAAAAGATAATCATGTGCGTATTTTATTTAAAGATAATGAATTTTTTATAGATAATGATTTATTGTTTTTAAAATTAACATTACAGCGTCAAAATAAAGAACTTATAGCTGATATTAAAAAACTTTTATTAAAAGATTATGATTTAAGTATTGATGGAAATTTAAGTATCAATACTAAGAGCGAGTTTTATTATTTTCAAGGTAGAGCAAGTGGAGAATTGCTTGACTTTAACGCAAGCATCTCTTACAAAGATAAAAATTTAGCTTATAAAATAGAAGATTTAAACATTAGAAATATTACGGAAATTTTTAAAAGAGTTAATAAAAGAATAGAACTTCCGCAGAGTTTAAATCTTTGGGTAGCATATAGGGCTAAGGGAGAATTTTATCATTTAGATTATTTGCAGGGCTTTATAGATTTTACTAAAGATAATTATTATTTAGACAATATTAGTGCATCAGGTTATGTTAATAATGTCAAAGTTCGCTTGGATGATAAAATGAATGCTATTGAAATTCCAAAACTCGATTTAAATTTAAACAAACAAAAGCTCGATTTTGTCTTTAATAAAGCTTTCTATAATGGTGCTGATTTAAGTTCTAGTAAGGTTTATCTATATGATTTGTTTGATGAAAAAAAAGTTGGGATTTATTTGCGCATTAAGTCTGATAATCTAAAATTTGACGAAAAACTTGCTAAAGCTTTAGAGGATTATCATTTTTCACTACCTTTTTATCAAAAAAGCGGAAAAATTAAAAGTGATTTGGAGCTTAAAATTGATTTTCATGATAAGGGTGAAATTTCTTATAGTGGTATTTTAGCTTTAGAGAATGCTAGTATTTCTTTGGCTGATTTTAATATTACAAAAGCATTTGTAAAATTAAATCAAAATGATTTAAATATAGAAAATGCCAGTGTTAAAAATGGCTTTTTAGAAGCTGATTTTAATGCTAAATTTGACTTACAAAAACAGCAAGGAAATTTCAATACTCAGATTTCAAGGCTTTATTTTGACAATGCAGAGCTTTTAGATTTAAAAAATCAAAATGTAGAAGTAAAATTAGATTATTCGCAAAATGTTAACATTAGCATTCCTCAGTGGAATTTGATTTTAAATTTTAAAGATGGACTTGAGGCTAATCTTAATAATCCTAAGATTTTATTTTCATTTTCTCCATTACTTAAAAAGCTTGGGTTTATCAATGCTAAAAATGTTTATTATAAAACTTTAAATTTTGAAGATTTTAATGCAAGTGTTAATGATGCTTATTTTAAAAATAATTTACTTATCAACGGTCAAACTCCTTATGAAAATGATAGCTTTGATATTGTAAAAAATAAGGGCATTATGGAAATTCATACTCAAAGTGATACAGCAAGTGCTAAAATAAGTTCTGATAATAAAGAAATTCATTTAAAAAATTTAAGTTATATTTATAGAAAACATTCCAACTCTTCAAATTCAACATTTGATATTGCTACTAATACCCAAAATATTAGTTTTGGTGGAGCAAATGTAGCTTTAATTTTGGCAGATTCTAATAAAACTTTGGCTTTTGATAGAGTAGAAGCTGATTTAAAAGGCAATGCTTTAGATCTTAAAGGTTCTAGAGGAAATGCAAAATTTGATCTTTATTATTCTTCTAATGATTTAAATTTAAACGTTAGCAATATTGATGATAATTATTTAAATGAGTTTTTACAAAAACAAGCTGTTCAAGATGGAGTGTTTAACTTAAGTATAAAAGGAAGTGGATTGGAGTATTTTGATGGACAGATCGATTTTAAAAATACTTATGTGAAGGATTTAAAAGGTATAAATCAGCTTATTTCCTTTATCGATACTGTACCAAGTTTATTGATGTTTAAATCTCCAACTTTTAATCAAAAAGGTTTAAGCTTACATGATGGAAAGATTATTTTTAATAGAAAAAAAGATCTTTTAAGTGTTTCGGCTATTAATTTAAATGGTGATAGTGTAGATATATATGGTTTAGGATCAGCAAATTTAAGATTAAATACAGTGGATTTTAGTTTAGAGCTTAAAACTTTAAAATCAGCTTCAGAAGCTATATCCAAGGTTCCAATTTTAAATTATGTAATTTTAGGTAAAAATCAAGAAATTAGCACAAACTTAAAAATAGATGGAAGCATAGATGACCCTAAATTTCATACCGAAATTTTAACAGATACCCTAAAAACCCCTTTTAATCTTATTAAAAATATCATACAACTTCCTGCTAATTTACTTAATTAAAAATATTTAAAGTTTGTTTGAA
NZ_CP140394.1_gap13	681773	682278	505	TTGTTTCATCAAAGAGCTGATTTTTTTCAGCAAATTTTCATCGTCTAGTTTTTTCATTTTATTAAAAATAGGTGCTATTAAGGTAGGGTAGATGAGATTTATAATCACTATAATACAAAAGGCAAAAATAAAGGCCGCAATCCACCAAAAAGTTCCAAAAAAATCATAGCAAAAAAGCAAAGTATAAAGGATTAAAAATCCAAATATTAAAGTTAAAATAAGACTTTTCATAGTATCTTTGATAAAAAGTTTTACAGTCATATTTGAAAAACCATGGGCTTTATCTTTGATAAAACTTTCATAAATACTTAAAGGTAGATTTAAAATACTTGTGATTATTAAAAAAGATAATAAAAATAAAGTATTTTCAAAACGAGTGTTGTTTAAGATAAGTAATTCTTTAAGGTATAAAAATCCAAAACCTATCCATGCAATACTGATGATTAAATTATAAAAATTGGAAAATAGTTTAAATTTTTCATTTTCGATGGCAATATCTGCTGCA
NZ_CP140394.1_gap14	688901	690548	1647	CATCTAATGCTATGCTTGGAGGTTCTTTAATGGGAGCGATTTTTAAACTTATCTTGCCTAACTTAAGAAATGGAATTTTGGTGGCAGTTTTTTTAAGTTTTTCTTTTTTAATAGGTGAATTTTTATACGCAAATATTCTTGTAGGAAGTGCTTATGAGACTTTACAAGTTTATCTTTATAATATCAAAAATCAAAGTGGGCATTATTCTAGTGCTTTGGTAATAGTTTATTTTGTATTAATTTTTATAACAACTTTTATAGCTAGTTTGATTAAGGAGTGAAAAATGGCTTATTTAAAGATTAAAAATTTTAAAAAAGCTTATGGGGATAAAATTATTTTTGAAGATATTAATTTTAGTGCTAAAAAGGGTGAGTTTATAACCCTTTTAGGCCCAAGTGGCTGTGGAAAATCCACTCTTTTAAGGTGTATAGCAGGGCTTAGCCAAATTAATGGAGGAAAAATTTCTTTAAATGATAAAGATCTTACCAAATTAAGTCCTCAAAAAAGAAATATAGGTATGGTTTTTCAAAATTACGCTCTTTTTCCAAATCTTAACGTTTTTGAAAATGTAGCTTTTGGTTTAAAGATCAAAAAAATGGATAAAAAGGACATAGAAAAAAGAGTGAAAAAAATGTTAAAACTCGTCGAGCTTGAAGAATACGCTAAAACTTATCCACATAAGCTTTCAGGCGGACAAATGCAAAGAGTGGCTTTAGCAAGATCTTTGGTGATTAAACCTGATTTACTTTTACTTGATGAGCCTTTATCGGCACTTGATGCTAAAATTCGTAAGTATTTAAGGGTGCAAATTAAAGAAATTCAAAAAGAACTTGAACTCACCACTATTTTTGTAACGCACGATCAAGAAGAAGCTTTAGAGTTATCCGATACGATTATTTTAATGAATGAGGGTAAAATCATACAAAATTCCAACGCAAATAATCTTTATCTTTTGCCAGAATCTCATTTTGTGGCTAGCTTTATAGGAAATTACAATATTTTAAGCCCTAAAGAGCTTGATAGCTTGGGTTTAAAACACGATTTTAAAAAAGATATAGCCTTGCGTCCTGAAACCATAGAAATTTCTAACGAAGGCTTAGAGGCTAAAATCAAAGAAAAATCATTGCTAGGCAATATCATACGCTATAGGGTTAGAGTGCAAGAAATTGAATTTAAGGTAGATACTTTAAATTTTAGCACTCATAGTACTTATGAAGCAGGTGATAAAATCGCTTTAAAATTCAATCTTTCTTTAGCAAAAGAGTTAAAATGAAGCTTGTTTTATTTGATTTAGATGATACTTTAATACAAGGCGATAGTGCTAAACTTTGGCTTAAATTTTGTGTTGAAAAAGGTTTTTTACCTCAAGAATATTTAGAAAAAATCGTTTTTTATCAAAAACAATATCAAGAAAAAAAGTTTGATATGGATGAATTTATGACTTTTTTTCTTCAAAGTGTTAAGGGTAAAAATGAAGATAGAATTTCATCTTTGGTAGATGAATTTATAAAAATTTATATAAAACCTTATGAAAAAGCTAAAGAACTTATAATCAAATATCAAGATCAAAGGTGTATTATAATTTCAGCTACGGCTGAATTTTTAGTTAGAAAAATCGCCTCTTTTTTGGGAGTGAGAGAAAGCAT
NZ_CP140394.1_gap15	709809	711897	2088	AAAGAAGAGACATCTTTAAATTATGAAATAGCAGCTATTTACAATAATGATTTGTTTTATGTTTCTGCGACAGGTTTTTTAACAAATTTTAAAGATAAAATTTCAACCCAAAGATATGATAAAGGCAATATGATTCCAGGAATTGGTACTTGCGATGCTGATAGATGTTTTAAGGCAATCAACCATGGCAAGGTTGAATATAAAGGTATAGAGCTTGGAGCAGGGATAAGCCCTCTTGATAATTTAAATGTAAATTTTGCTTATACTTATCTTGATAGTGAGGTTAAAGAAGCACAAGATAAAAGTGTGATAGGTAAACCTGAGCAGGATAGTTTAAAACACAATATCATGTTAAAAACTGAATACAGCTTCTATAATAAAATTACCCCTTGGATAAAAGGCGAATGGCAAATAGATCGCTATATGGGTGATACTAATATAAATAGGGAATATTATAAGGATATCTTTTTCGCTTCTATGGGTGTGCGTTATGATATCAATAAGCAATGGAGTATCAATGCAGCTATTTATAATCTTTTTAACAAAAGTTTTACAGATGGTTGGGAATCTTATCAAAATAGCGGTGCTCCTACTTGGGTCAATACTTACAATCGTATAGAAGAAGGAAGAAGAATGTATATTTCTATCAATGGTAGCTTTTAAGCTTTAATAGAAAAACTAAAGGGCTTTTAAAGTCTTCTTTAGTTTTTTATTTTAATACCCTATACCTTTAAAAAACTAGACAATCAATTCAATTTAAAATTTTCATCTTATTTTTATCGTTGCATTTTCAATCTTAAAAGATAGCTTATCCTTATAAAAAAGTAACTAATAAAACTTTAGTCATATAGACTAAATAAAATTAAGTATATTTTTTATATTTACACTTGACAAAATAACACTCAATGTTGTATAATATATCTAGCAATCAAAAAATAGAGTGCTAAAAATTTAAGGAAAGAGCTATGAAAAGCCGAGATAAAAAGGATTTGATTTTAGAGTCTATTATCCAAACTTATCTTTTGGATAATGCGCCTATTGGTTCTAATGAGTTAAATTCAAACCTTTGCATACCTGCTTCGACTATACGCGTTTATCTTAAAAGACTTAGCGATGAGGGTTTGATCACTCAGCTTCATATAAGTAGTGGTAGAATTCCTACTATTTTAACGATGCAAAATTATTGGCAAAGTTTTTGGGAAAAAGAACAAGATAAAAATATCCATATCAAAAACGAAAGCTTTTTGAAAGAGTTAAGTAAAGAATTTGAAATTTATTGTCTTGTTTATGGAGGTAGAAGTTTAGTACTTAAAGAAGTACTAGATCTTAATACTAAATTTATAGTGCTTGATTTTGAAGATGAAGAGCTGGTTTTAAAATACGAAAAAGAAGCGTGGAATTTTTTACAAAGTCTTATAGGGCTTGATCTTTCTAGTATAGAAAAAATAGCTTTGAGAGTTCATTTTATAGATCTTGTAGAAAAAATAGCTAGCTTAAGACAAAATTTGATTTGCTATAGAAGCAATGAAGAAAGAGCTTATCAAATTTATCAAAATGATGAATTTGTTAAGCTCTTAGATTGTCAAATTCACCGTCATTTTAAAGAAAGTCTTGAATTTGAACCTTTATTTAAAGAAGGTTTTATGGGGCTTAAGGTGGATGCGCAGTTTTTGGGCGAAGATGTAAATATTATCTTAGCAGGTAGTGTTTATACGGATTATAAAAAAATATTACAATATATAAAGGAGGCGGCGTGAGCGAGCAAAAGCAAGAATTTGAAAACGAAAACGCAGAAAATTCTGAACATTTGCAAGATGAGAATTTGCAAAATATCGAAGATGTTGAGCAAAACAAATTGCAAAAAAACTATGATGAATTAAAAGACAAATATATGCGTGCAAACGCTGAATTTGAAAATATTAAAAAAAGAATGGAAAAAGAAAAGCTAAGTGCTATGGCTTATGCAAATGAAAGCTTTGCAAAGGATTTGCTTGATGTTTTAGATGCTTTAGAAGCAGCTATTAATGTCGAATGTCATGATGAAATTAGCTTAAAAATCAAAGAAGGAGTGCAAAACACTTTAGATTT
NZ_CP140394.1_gap16	729605	730787	1182	TTATTTCTAAAAGATCTAACCATTTACCTGCGATAAAATTTTCCATTTGCTCTAGATTGTTTGCTTTAGAATAGCTTGCGATAATAGGAGGGGCGATGATAACTCCCATTTGGCTAAGTTTTAACATATGTTCTAAATTTAAAGTAGAAAAAGGCATTTCACGTACCCCTAAGATGAGTTTTTTTCTTTCTTTTAGGGCTACTGCTGCAGCACGCATTAAAAGAGTGTCTGCAAAACCAGCGTGAATTTTTGCTAAACTTGAAATTGAACAAGGAGCAATGATGGTTTTTTCTATTCCAAAAGATCCACTTGCTACACTTAGACTTAAATTTTTATCATCTAAAAAATGAGTGTATTTAAAATTTTCTTGACAAATTTCTTCTAAATTTGCTTGATTTTCAGTTTTGAAGTTAAGTTTTGCACCTTGGGTTAAAATACAATAAAGTTCGCATTGATTTTCTAAATTTTTTAATAATTTTAAGCCTAAATTGACACTGCTTGAACCAGAAATTCCCAATAAAACTTTCATTGTATAATCATCCTATTTTTACCCACTACGATACCTTGCATAACTTTACCTTCTTTGTTTTTTGCACGAATCCTTTCGCCCATATTTGCACTTTGCAAAGCCACAAGTTCGATTAAAACATCAACATTTGCTTCGCTTAAAACCCCGATTATAGGATCATTTCGGCGTATTAAAGCTGTGGTTTTAAACATATTTGCTCTTAAAATGGCGTTTTTGTTAATATTGCTTTTAGCTACAAGATTATCTACATCATCTAAGGTTAAGGCATTTAAAGGAACTTTATCAAAATCAATCAATACGCTTTTATAGTCAAAAGCTCCAAGTTTATCTCCTCTTTTTATAGCGCGTTCGCTTTTTAAAACTTCTAAATTTGCTTGAATGAAATATCTAAAAAATACATTTTTTTGTATATTTTGCGGAGTTTTAAATTCAGCCCTTAAAAAGCCTTGTGCTTGATTAAAACGCCCATTAGCGATTCTTAGAAATTCATATTGATCAAAATCTTTAGGCAATGATGTTATTTTTAAATCAATTTGAGAAATTATAATTTTAGGAAAATTATTTCTAAATTCTTTAGCTAGTGCTGTTTTGATTTCTTCTAAACTAGCTGCTTGGATATAATTTATCACAATAAAAAAAGTTAAAAAAATAAT
NZ_CP140394.1_gap17	738741	739998	1257	TCGTTATTTAAGCTTTGATTTTCATCTAATAATGGGTTTGTTTCTTGCTTTTGGATGGTATTGTTGTTAGTATTTACATTTGATGAACTATTGTTGGTTTGGATCGAGGGTGAATAGGGATTATCGTAGTTATTGGTATACGATTTTTGTTCGGTGTAAGTGTTGGTATTTAAGGTGTAATTCTTTGGTTTTGAATATTCAAAAAGATAATAATAGGTTCCACCTAATATTACAATAACAGCAATTAATATGCCAACAATAATAGAAAAAATTTTCAAATTCATTTGCTATCCCTTAAAAATAGAAAGTTAAATAATTTTAGCATTGTACTATAATCTAATATAAAGTAATTTTAAATTTTTATATTTTTAAGTAATTTTTTTTTATAATTTTAACTTTTATAAGGAAAATAATGCCACTTTCAAAATTAAATAATGAACAATATCTTGCCGCTACTGCTGATTTTGGACACAATCTTGTTATTGCAAGTGCAGGGACGGGAAAAACTTCTACTATTGTTGCAAGAATTTCTTATCTTTTAAGCAAGGGAGTGGCACCTCAAAAAATCATGCTTTTGACTTTCACAAATAAAGCCAGCAAAGAAATGATAGGGCGTTTAGGGAAATTTTTTGATAAAAATATTACCAGTAAAATACTTGCAGGAACTTTTCATAGTACGGCTTATACCTTACTTAGAAATGCGGATAAAAATATAGCCTTAAAGCAAGCAAGCGAGTTAAAAACTCTACTTAAAAGTGTCTATGAAAAAAGAACTTTTAGGCATTTAAGTGATATAAAACCTTATCAATCAAGTTATTTATACGATCTTTATTCTTTGTTTCAAAACAAAGCACACAATCAAGATTTTTATACTTGGTTTTGTCAAAACTATGAAGATCAAAGTATTTATGCTGAAATTTATGAAGATATTTTAAAAGAATATGATAATGAAAAAAAGCGTTTTAATTATGTGGATTTTAATGACTTGCTTATCAATCTAAAAGATCTTTTAAAAGAAGAAAAATATGAATTTGATGAAATTTTAGTAGATGAATATCAAGACACAAATACTTTGCAAAGTTCTTTAATAGAGGCTTTTCATAGTAAAAGTTTGTTTTGCGTAGGGGATTATGATCAAAGTATTTATGCTTTTAATGGAGCGGATATTAATATCATAGGTGGGTTTAAAGATCGTTTTAAAGATGCAAAAATTTTTTCTTTAAATAAAAACTACCGTTCATCAAGAAGTATTTTAGC
NZ_CP140394.1_gap18	744192	748444	4252	GACAGCCAAGTGCCTGTGGAACAGCTAGGGAAGTAGGAACTTTCTCACATCGTTTGCCTGCAGATATGGTTGTAGCCAATCCAAAACACAGAGAAATTTCTGAAAAAATTTGGAAAGTTCCTGCAAAGACTATCAACCCAAAACCAGGTTCTCCTTATCTTAATATCATGAGAGATTTAGAAGATGGAAAAATTAAATTTGCATGGGTGCAAGTGAATAATCCATGGCAAAACACTGCAAATGCAAATCACTGGATTGCAGCAGCAAGAGAAATGGATAATTTTATTGTTGTAAGTGATTGTTATCCTGGAATTTCAGCAAAAGTAGCTGATCTTATTTTACCAAGCGCTATGATTTATGAAAAATGGGGTGCTTATGGTAATGCTGAAAGAAGAACTCAACATTGGAAACAACAAGTCTTACCTGTAGGTGCTGCCATGAGTGATACTTGGCAAATTTTAGAATTTGCAAAACGCTTTAAGCTTAAAGAAGTTTGGAAAGAGCAAAAAGTGGATAATAAGCTTACCTTGCCAAGCGTTTTAGAAGAGGCAAAAGCTATGGGTTATAGCGAAGATGATACACTTTTTGATGTGCTATTTGCCAATAAAGAAGCAAAAAGCTTTAATCCAAACGATGCCATCGCAAAAGGCTTTGATAATACCGATGTTAAAGGTGATGAGAGAAAAATTCAAGGCAGTGATGGAAAAGAATTTACAGGCTATGGCTTTTTCGTTCAAAAATACCTTTGGGAAGAATATCGTAAATTTGGCTTAGGACACGGACATGATTTAGCGGATTTTGATACCTATCATAAAGTAAGGGGTTTAAGATGGCCTGTGGTTAATGGCAAGGAAACACAGTGGAGATTTAATACTAAATTTGATTATTATGCTAAAAAAGCGGCTCCAAATTCAGATTTTGCTTTTTATGGTGATTTTAACAAAATGCTTACAAATGGGGATTTAATAGCTCCTAAAGATGAAAAAGAGCACAGTATTAAAAATAAGGCTAAAATTTTCTTTAGGCCATTTATGAAAGCACCTGAAAGACCAAGTAAAGAGTATCCGTTCTGGCTTGCAACAGGAAGGGTTTTAGAGCATTGGCATAGTGGAACTATGACTATGCGTGTGCCTGAGCTTTACCGTGCTGTGCCTGAAGCACTTTGCTATATGAGTGAGAAAGATGGAGAGAAATTAGGCTTAAATCAAGGTGATTTGGTTTGGGTGGAATCTCGTCGTGGTAAAGTAAAAGCAAGAGTAGATATGCGTGGAAGAAACAAACCGCCTGTAGGACTTGTGTATGTGCCGTGGTTTGATGAGAATGTATATATCAATAAAGTTACTTTGGATGCGACTTGTCCGCTTTCAAAACAAACTGACTTTAAAAAATGTGCTGTAAAAATTTATAAAGCTTAATTTAGGGTTTTGATTAAATGAAAGGTAGAAGAGAATTTTTCGTTAGTGCCTTTAAGGCTGCATGTTTATGTACAGGAGGTGGATTTTTGGCTAATTTGGCTTTAAAAGCTGATGATAATTATGCCTTGCGTCCTCCTGGGGCTGAAAATGAAGCTAGATTTTTAAGTAAATGTATTCGTTGTGGGCTTTGTGTAAAAGCCTGTCCTTATGATACTTTAAAGCTTGCTAGCTTGTTAGATAGTCCAAAAAATGGTACGCCTTTTTTTAAGGCAAGAGAAATTCCTTGTTATCTTTGCAAGGATATTCCTTGCATTAGAGAATGTCCAACTGATGCTTTAGATAAAAAGCATTTAGAGCAGGGTATAGAATCTTTGAAAATGGGTATTGCTATTGTTGATAGTGCTTCTTGTGTGGCACACTGGGGAATTCAATGTGATGCTTGTTATAGAGCTTGTCCTTTGATAGATAGGGCTTTAAAACTTGAGCTTAAACGCAATGAACGCACCGCCAAACATGCTTTTTTACTACCTAGTGTGGATCATGAAGTGTGTGTAGGTTGTGGGCTTTGTGAACTGGCTTGTATTACTGAAAAACCGGCCATTCGTGTTTTGCCAAGGGAGTATGTATTGGGAAAAGCAGGATCTCATTATGTAAAAGGCTGGGATGAAAAAGATGAAGGTCGTATAAAAAATGCAGATACTTCAAAACATTTTAATGTTAAAAAAGCAACCAATTATTTAAATGATGGAGAACTGTGATGAAGTATTTAATTGCTAGACGCATCGTTCAGCTTGGAATTTTAGCGCTTTTTAGTTTTAAAGCTACAGATTTTATCTTGCAGGGAAATTTAAGTTCTTCTAGACTTTTTAATACCATACCTTTAAGTGATCCTTTTGCAGTTTTGCAAATCATTCTAGCAAGCTGGAGTATAGATTTAATGGCTTTAATAGGAGCTTTGATTATATTTTTTATCTATGGTTTGCTTTTAGGAAGGGTTTTTTGCTCTTGGGTTTGTCCTGTTAATTTAATCACAGATTTTGCTGCTTTTGTGCGAAATAAATTAACCCTTAATAATAAATTTTTAATTTTGCCTAAAAATTTACGCTATTTTGTATTGGTCTTGGTTTTAGTCCTTTCTTTTGTATTTTCATTGCCTGTGTTTGAAAGTTTTTCTTATATAGGAATGATACATAGAGGGATTATTTTTGCTACAAGTTCTTGGATTTTTGTAGCCTTTATACTTTTTTGTATCGATACTTTTTTAAGTCCTAGGGCAATTTGTTCACATTTTTGTCCACTAGGAGCTTTTTATGCTTTTATTTCTCGTTTTGCTTTGCTTAAAATAAAGCATGATAGTGATAAATGCACTAAATGTTATGAATGTATCCGTATTTGTCCTGAAAAACAGGTTTTGTGGATGGTTGGAAAAGAAAGTACTAGCGTGAAATCAGGAGAGTGTATAAGGTGTGCAAGATGTATAGAAGTTTGTAATGATGATGCTTTGAATTTTAATATTTTTGATTTAAGGAATAAATGATGAAGAAGAAATTGGTTTTATTAGGAAGTGCTGCAGTGGTATTTTTTGCCGCTTGTGCAATGAATAGTGGGGTAAGTTCAGAACAAATTGGACTTAGAAAAGCAAGTTTAGAAAATGAAAATAAAGTAAATTTAGTGGAGGCAAATTTCACAACTTTACAGCCTGGGGAATCTACTCGTTTTGAGCGTTCTTATGAAAATGCACCACCATTAATTCCGCATGCTATTGAAGATTTGTTACCTATAACTAAAGATAACAATATGTGCTTAAGCTGCCATGATAAGGCTATAGCAGCAGATGCTGGTGCAACTCCACTTCCTGCTAGTCATTATTATGATTTTAGACACAATAAAACCACAGGAGATATGATTAGCGATAGTCGTTTTAATTGCACTCAGTGTCATGTTCCACAAAGTGATGCAAAACCTTTAGTGGGAAATAGCTTTAAACCTGAATTTAAAAATGAACAATTAAAAAGTCGTTCAAATTTAATTGATGTGATTAATGAGGGTGTAAAGTAAATAAATGAAAAAATTTCTTTTTATTTTGAGTCTTTTTTGTGTTTTGTCTTATGCTTATGAGCTGAAATTAAATGCCAATATAACAGCTTTAAAGCTTGATAAGCAAAACTTATATATAGGCACTGATAAAGGTGAAATTTTGCAATATAACATTAAAGATAAAAGTTTAAAAGAACTTTTATCTTTGCCAAAGATTAAAAATTATTATGGTGATGATTTTGCTAAAATTTACAACATTGATATTTTTAAACATACACTTTTAATACTTAGCGAGGGTGATTTTGGTGCTAAAAATTTAAGTTTTTATAAGGAAAATTTACAAATCAAAAAGCTCGAAGAAAATAGCATAATAAAAGCATTTTTTATCAATGAAAATACTTATCTTTTGATTTCTATTGGTTCTGAAATAGAATTGATTGATAAAAGTTTAAAAAATATAAAAAAATTTAATTTTTCCCATTCTAGTCTTAATGATGCAGTTTTAAATGAAGATAAGAGTAGACTAATTGCAGGTTTTGAGAGTGGCGAAGTAGAACTTTTTGATTTGAAAAATTGGAAGATGTTGAAAAACTATGATAAAATGCATAAAGATAATATCTATCAAGTAGATTTTAAAAATAATGTTATTTTAAGTTGTGGAACGGATAGGCGTATAGGAGTTGTAAAAAATGAAGAACAAAATTTTTTACAAAAAGATTTTTTGATATATACTTGTGCTTTAAGTCCTAGTGGAGAATTCGCTGTTTATAGCGATAATGAAGCTGGAGTTAGTGAAGTTT
NZ_CP140394.1_gap19	750868	753685	2817	GAGAATAAGTTTGAAAGTAAAATTTTAGCAAAAGATTTCATAAATGCTGGATTTTGTGGTAAAATTCTTGGTTTAAAGCTTCAAGAAGCAAGAGAGAATGAATTAAAAGAATATATAAAAGGTTTAGCTAAATGATTTCTGTATTAAAAATTTGCACCAAAGATCAAAAAGGTTTAATTTATAGAATTTCTGATGTTATTTTTAAATATCATATCAATATAGTAAAAAACGATGAATTTGTAGGTGAAGGAATGTTTTTTTTTCGTGCTCTTTTAGAAGGTGAGTTTGATAAAGAAGCTTTTATAGGAACGCTTGAGGCTATGCTTGGACAAGAAGCCTTGATAGAGCTTTGCGAGAAGAGAAAAAAAGATATTGTTGTTTTTGCTACTAAAGAAAGTCATTGTTTGGGAGATTTGCTAATAAAGCATTATAGTAACGAACTTGAAGCAAATATCAAAGCTGTGATTTCAAATCACAACTCTTTAAAGGATTTAGTTGAGAAATTTGAAATTCCTTATCATTTTATCAGCGCTGAAAATTTAGATCGTAAAGAGCAAGAAAATCAGATTTTAAAATGTCTTGAACAATATAAATTTGATTATTTGGTTTTGGCAAAATATATGAGAATTTTATCTCCTGATTTTGTTAGGCATTTTGAAGGCAAGATTATAAATATTCACCATTCTTTCTTACCTGCATTTATAGGAGCAAATCCTTATAAACAAGCCTTTGAAAGAGGGGTTAAAATAATTGGAGCTACGGCACATTTTGTAAATAATAATCTTGATGAAGGTCCTATTATCACTCAAGCTGTTTCGCCTGTAAACCATGAATTTACTTGGCAAGATATGCAACAAGCAGGTAGAAATATAGAAAAAGATGTTCTTTCAAAAGCACTTGATTTGGCTTTTGAAGATAGAATTTTTATACATAATAATAAAACTATAATATTTTAATGCGATAATTTTACTATAGTTTTATTTAAAGCATTAAAAAAATAATCAATATCCTCTTTTTCATGCGTATAATGCAAGCTTATTCTTAACCAACCTGGTTTTGTTTTAAGTTTTTGATTATCTTTTAAGCCTAGCAAATCATGACCATAAGGCCCAGCACAAGCACATCCAGCGCGTGTTTCTATGTGGTATTTTTTACTAAGTTCGTAAGCGATATCAAAAGGAGAAATTCCTTTGATATTGAAAGCAAAAATAGGCAATCGGGTTTTTAAATTCTTTGCGTATAAAATTAAATTAGGTATAGTTTTTAGTTTTTCAAAAAAATAATCTTTTAAAATTTCTTCTTTTTTTTCTATATTTTTAACCCCTATAGAATCTTTGATTTTAAAAGCTAAGCTAGCGCGAATGAGTTGTAAAATTCCAGGTGTTCCTCCTTCTTCTAAAGCTTCTTCATTGCAAAGGTAGCATTGTGAAGTGCGAGAAACATAGCCCACAGTTCCACCTGCGGCAAAGCTAGGTTTGTTTCCACAAAGATCTTTTTTGATGGCTAAAAGTCCAGAACCGCCAATACCACCGATTAATTTATGAGAACTTATAAACAACGCATCATAGTATTGACAAGATATGTTTTTATAGGGAATGAAACTAGATGCATCAAAAGCAACTATCCCTTTAAATTTACGAACCATTTCAGAAATGCGTTTGTAATCACTTAATATCCCAGTAACATTTGAAGCTAAAGAAAAGCTAGCGATTATTTTTCTTTTTTTGTTTTTTTGTAAAGTTTTTTCTAGAAAATCAAAATCAATTTCTCCATTTTTATCCAAGGGAATTCTAATACATTCGCACAAGCCTTCTCGAAATGAAAGTTCATTAGAATGATGCTCATAAGGCCCTACGATAACTAAAGGTAAGGTATTTTTATCAATTTGCGTAAAATATCTTTCTTTTACAAGAGGGGGAATGTAAATGCCGATCAATTCTTGAAATTTTTTAATAGCACTGCTTGATCCTGTTCCGCAAGCTATAAGGGCAAAATTTTCATCTAATGATAAACTTTTTTTTATATCTTTTCTTGCTTGTTCGTAAGTTTGTTGAGTTTTAAAAGAATTCAAAGAGCTATCAGAATGTGTGTTTGCATAGGTTGGGAGAATTTTTAAAATTTCTTTTTCTACACATTTTAGAGCTAAAGCACTTGCTGTGAAGTCAAAATGCAAAATACCTTTTTTTAAGATCAATTCTTTTTTTAAATCTGAAATTTGCAAATACAATCCTTATAAAAATTTGCTAAAATTATACTATAAAAATGCTTTATAAAAGGAAAAATATAAAATTTAAGAACTTTGTAGATTTGCATAAGAATTTGTCTTTAAGTAAGCTTTTTGATTTTTATAGTGTGTTTGAAGGTTTTGAAAAATTAAACATTTTAAATTTTGAAGACGATGTATTTACAAATATAGAGCGAATTTTGCTTGATGATTATCTAAAAATTAAAAGTTATTTCGCCTTGGATGAAACAAGTTCTTACGCTCTTACTTTACTAGCTAAAAACAATCGCAAGCGTTTTTCTATCAATAGAAAAATTCAGCATTTTAAAGCTTTATCTACACTTAAATATCTTTTAGAAACAGGTATAATAAAACTTGAGTATAGTAAGGAAGCTAAAAAAATAAAAGATAAAAGACAAAAAATCAAAAAAGAACTAAGATCTTATGTTGTCCAAGATAAGATTATATTTAGCAACCATTTTACTCGTTTCTTTTTTTATTTTTTAAAGCCCAATGAAAAGCTTATTTTGCAAAATCGTTATAAAGAAGTTTTAGAATGTATTAAGGAAAAATTTGAACTTTATCAAAGTTTT
NZ_CP140394.1_gap20	755647	757210	1563	GGCTGAAACCATAAAACAATATTATAATCAATTTAATCAAATTGTTAATTATGCTTTTAATGATACCAATAAAACAAGTTTCACTGAAGCAGATATAAATTCTATGCCTAAGGGAATTAGTGAATTATCATCTGATAAAACTATAGGTATTATGCCGAAAAATTATGACAAGCTAACAATAACAAACTATTATAATACACAAGAGCAATATAATGAAGCAGAACAATTAGGAATGTTTGGACATATTAATATAGGCTTACAACCATTAAATTTCACTCCGCAAAGTATGCAAACTCAAAATTTAGATAAAGACACTGCAATAGATACTTTTAATCCTGATATGTCAGTTTATCCACAAAATGAAGATGGAAGTTATTCTAAAGAAGCTTTGTTTATGAGTTTTTTAAAATCAACGGGTGTATCGCCAAGAGAAGGTAGTGCAACATTAAATCCTATAGCTAAGTCTTATGCTGAAGCTATGGCTAAAGAAAGCTTTGATGGCTCTTTAGCTTCTTTAGATGACATTATGACAGGTAAAGTTGATTTTGCAAGTTTGTTAAAAGGCTATGCACAAGAGGGTTGGCTTGATGCAGATATATATGCAATGGATAAAGGGGTTGCTTGGCAAAATACAAGCATAGGTTATGGTGGAGCTTGGTTTGATAGAGAATTTAATCAAGTAAAAGCTAATGGTTGGAAAGCAAGCAGTGAAAGTATCAATTCTTATGTTGGATCTATAATGGATAGATTAAATAATCTTATGGGGCAAACTAGGGTTTAGGAAGTATTTGCACGAAGTCAAATTAAAAATGATGACATTTGCAAATACTTATGCGAATCACATAAAGCTAGGTGCATCGTTTGAAAAGAGTATCAAATCTCCGTGTTTTGTTTCTTTAGCTAGAGTTTGAACTAGTTGACTCTTTTCTTTAAGTATAATGGTTTTTATTTTTAACTCTTTTTTGAAAATTTCAGCATTGATTTGTGCACTAATGATAGCAAGATCAAAACACTCATTGATGATTTTGGCAAGTTTTATATTTTCTTCTTCGCTTACTTCTACTATACCAGGACTTACTAAAACTTTGCGTCCTTTATAGCTTTTACAAAGTTTATAGCTTGTGCTCATACCTTTAAAATTTCCATTAAAACCATCATCTATGATAAATTTAGGCTCTCTTGAAAGCACTTGCAAGCGATGTTCTACGGAATTTATATTTAAAACTTGCTTTTGAATTTTTTCTAGTTTTATGCCAAGATAATGAGCACAAAGTATACAAACACAAAGATTTTGCGCATTAAAATCCCCTAAAATTTGACTTTTAAAATCATAGGATTTATTTTCTATATCGACTTTAAATTCTAAACCTTCAAGACTTGAATGAATAAGACTTAATTTATCATCATAAAGGCTGATGAGTTTATCTTCTTCTTTTTGGGTGCTAGAGTGTAAAAAAGCCTTTTCTAGTCTTTCGGAATTTAAGGCTTCAAGTTTGGTTGAGCGGATATTTTCAACACTTTTAAAATACTCTAAATGTGCATTGCCTATCTCTCCTACTATGC
NZ_CP140394.1_gap21	775366	777908	2542	AAGAAACTAGCTTTAAAAGATGATGAGATTATTATCAATGTCCAAGCTGATGAGCCTTTTATAGAATGTGAAAATTTATTAAAATTTAAAGAATTTGCAAGTTTTTGCTTGGATAAAAAAGCTTTTATGGCGAGTTGTTATAAAAAAATCACTCAAGAAGAAGCTATGGATCCTAATCTGGTTAAAGTGCTTTGCGATAAAGAAGGGTATGCCTTGTATTTTTCAAGAGCTAAAATCCCTTATGAAAGAGAAAATTACGAGGAAAGTTTTAAAGGGCATTTAGGCATTTACGCTTATAGTGTCAAAGCTTTAAGGGAGTTTTGTTCTTTATCAAGTTCTGCACTTGAAAGAGCGGAAAAATTAGAGCAGTTAAGAGCTATAGAAAATGGTAAAAAAATCAAAATGCTTGAAATTTCAACAACAAGCATGGGGATTGATACTAAAGAAGACTATGAAAGGGCTTTAAAAATTTATTTAGAAAAATAACTCCACCCCAAAACGGAACAAATTTTGCTTATATTATTTTAATATATTTAGGTTGAAGGCAAAAAATCTAAATCAAGGAATTAATATGAGTATCTTTAGTATCAATGATAACTCAAACTATGCAAAGTAAAGAGAGTAAAGAAAGTAAAGAAAATTCTAAAATAAGTTTTGCTAATGCTTTTTTAAAACAAAATGCTAGTAAGTTAAATGAAATTCAAAATGCAAATTCACAAACTCTAGCAAGAAGTGAAGCATTAAATTCTACTAATACAACAAATACTAGCAATAATACTAATTTTAGTATAAGTAGTAAGACAAGTTCTCCTAATTATGATATATCTAGTGAATTTAAAAACTCTATTTATACTCTAAAATACAAACAAGTAGATATAAGTAATACTTCTACTAATACAGCCTATGGTTATAGTGTAGATAAAGATGGTTATATGGGAAGTGATTTTAATAAAGCTGCGGGACTTCCTGAAGATTTTAAGATACATAAATCTACTTTGGATGAGATTAAAAAAGCTGCCGAAAATGATCCTGTTGTTTCAAGTACAAAAGAATACTTAGGCGTAAGCAGTTATTATTCTAATATAGATATAGCAAATACTATAAAACAATATTATAATCTTTTTTCTAATGCTCTAGGTCAAAGCTTTTCAAATGATAAAACAAGTTTTAGTGAAGCAGATATAAATTCTATGCCTAGTGGTTATGGTGTAAGTGGAACGCAATGGATGGACTTTAATGAGCCAAGCAATAGAATGAATATTACAGGTTTAAAAGATTTTTCAAATTCTTTAATTTCAAATGTTTATAAAACCCCTGAACAAGCAAAAGAAGCTGATGAAATTTGACTTGATTCAGGATGTATGATCAAAGGATTATCATCTGAGACTTTAGGTTTATCCTTAGAAGAAATCAAAAATGTTTCTAGAGGTGAAGATTGGCAATTTAATCCTGATATGTCAGTTTATCCACAAAATGAAGATGGAAGCTATTCTAAAGAAACTTTGTTTATGAGTTTTTTAAAAGCTCAAGGTGGACAACCTGTTGAGAGTCTAAAAACCACACTTAATCCAAAATTAGAAGCTTACAAGAGGGCTATGGCTAAAGAGAGTTTTAGTGGTCCTGCAATTAACATTGATAGTATTATGACAGGTAAAAGTGACTTTAAAAGCTTTTTTAGATACTGGGCAGAGCGTGGCATAGAAGGTGATTTATATATGTATGAAAATAACATTTCTAAAGAATCTGCTATGGGTAATTGGGCTTTAGATGCTGAGATTAAACAAGCTCTTGCTAATGGTTGGAAAGCAAAACCTAGCACTATTGATTCCTACGCTGATTCTATAATGGATAGATTAAATAATCTTTTGGGACAAACTAGGGTTTAGGAAGTATTAATTTTTTAAGTTTGAAATAAATTGCTAATAACAAAATAAGATAAAACTAGTATAATTTTTTTACAAAAAAAATTGAAAGGAAATTATGAAAAAAATTATTTTGATTTTTATCTCTTTTTTTGCTTTAAATTTGAGTGCAAAAGATTTGGTTGTAGGAATGGAGCTTGGATATCCGCCTTTTGAAATGAGCGATAAAACAGGCAAAGCAAGTGGAATTAGCGTGGATTTTTTAGAAGCTTTTGCAAAGAAAAACGGCTATAAACTTGTAGTAAAAAATATCGCTTGGGATGGTTTAATACCTGCTTTAAAAACAGCCAAGATAGATCTTATTATGTCCTCTATGACAATTACCGATAAGAGAAAGAAAGTGGTGGATTTTAGCATTCCTTATGCTAAGGCAAATTTGGCTATTTTAACTCCTTTGAACTCTGATATTACAAATATCAAAGATTTAGATAAAAAGGGCAAAGTTTTGGCTTTAAAGCGTGGTTCTACAGGGCATTTATATGCGGTTAAAAATTTAAAAAATGCAACTATTAATTTATTTGATAAAGAAAATGCTGCTATTTTGGAAGTGATTCAAGGCAAGGCTGATGGATTTTTTTATGATCAACTTACGATTTATCGGACTTGGCAAAAGCATCAAG
NZ_CP140394.1_gap22	827087	828194	1107	AAATACCAAGAATATTTTTGAGCACATTCTTCGCCACTTTGATGATGATCAAGAAGAAAAATTTTAATATTTTTCTCTTTGCAAATTTTTTCAAATTCTTCGCATTGATTTAAATTTAAATTTAAATCTGTTATTAGAATAATAGCTTTTCCGAAATTTTCATCTTTTTCTATATCGCCTATAATAGAGTTAAAATTTTCATTAATTTCTTTGCCATAATTAGAATTATAAAATCTCACATTTTTAAAATAAAAATTTACTATAAATTGACAAGCATAGCCATCAAGATCTGTATGTGAAAGATGATAAATTTTCATTATATTCCTTAAAGTTCTATCCTAATAATACCCTCGGTATTAAAATTTGTATTTTCTGCAATTTCTGCAAAACTTAACACTACTATATTAATGCTAAAATTATAACAAATATCAGCAATGAATTTTCTAAGCTGCGGTTCAACGCAAAGTATAAAAGGCTTGATACGACCATTTGCTACTGCGGCAACTTCAGCCCTTAGAGTATCTACTAAAGTACCTGTTTGAGCTACACTTAAAGGCAAGTGATAACTTCCATCTCTAAATTGTACATTTTCCATTAAAACCGCAGAACTAGCAGAGTCTAAGATAAAAATATCCAAATTTCCTTTATCATCTAAATACATATTTGTAATCATCCTAGCTAAGGACGCCCTTACATGTTCAATAATCATATCAAAACTCTTGCTTACTTCTGCTATATCGCTTACAGATTCTAAAATAGTAAGCATATCTTTAATTGGTATGTGATGCTTAAGCAAGTCTTTGAGAATTTTTTGAATAAGACTTACAGGTGCAACACCTAAAGCACCTTCTACGATGATTGGATAATCATTTTTAACCTTATCAAGAAGATTTTGTACCTCTTGGCGTGTGAGAAGTTCGCTTGCGTGCGCTTTGATAAGTTCGCTCATATGTGTTGAAATAACACTTGCAGGATCTATTACTATATAGCCATTTAATGTTGCTTCATCTTTTAAATTCGCATCAATCCAAAGTGCATCAGAGTTAAAAGCGGGTTCTTTTGTAGCAATCCCTTCTATCTCTTCTGTGATAAAACCACTATCCATGG
NZ_CP140394.1_gap23	831458	834920	3462	TAAATGCGGAAGTTTTTTAAGATCGGTTACAAAAGCATTGCCTACTATATCTTTACCTAAAGCTATGGTTAAAGGACTTTTAGCGTTTTTAAAAACTTCACTTTGTAAAATTTCTCTTAAATAAATGGTTTGAATTTCATCATTTGGAACTTCTATACCTACAACATCTTTTCCTGGTATTGGAGCTTGAATACGGATTGATTTTGCCATTAAAGCCATAGTTAAATCATCTTGTAAATTTAAAATACGACTTACTTTCACATCTGCACTAGGACGAAATTCAAAAGTAGTTACCACAGGACCAACATAAGTGCTTATAACATCGCCGCCTATTTTAAAACGACGCAATTTTTCAAGAAGATTATAAATTTTTTTATCTATTTCACTTTCATTGATTTCTTGTTTGTGTTCTTTTGGATTAGCTAAAAAATCTAATGGCGGCAAGGTGAAATCTTTTGGTTTTTCTATTTCGCCCTGCTCTATTTCACGCAATAAAGCTTGGTTAATAGCAATTTCTTTGGCTAAAACTGCTTTTTGAAGTTTAATTTCTTGATCATTTGTTTTTTCATTATCGATTTTAGTTTCTGTATTTTGGATAAAATCGAGTGTATTTTTTTCTTCTATAACTATTTCATTTATATTTTTTATAGGAGTAGGTTCTATATAAGGATGATTTAACTCTTCTACAATGGGAGCAAATTCAAAGATATTGTCTGCTTTATCTAGATTTTTATTTTCATTTATTTTGTCTGATTCTTCTGTTTCTGTTTTAATTGTTTTTGGGCTATTAAAACTATATTTATTCCCTTCTATAATATCGCTTGAATTTATCGCATCATATTCTTCTAATTTTTTAATTTCTTGTTTTACTTTATTTTCTAAAATTTCATTTTGATAGGCTTTGTATTCTTGTTCTAGTTTTTCTTTTTTTATCAAATTCTCTCTAAGTTCAAGCTCTTTTGTAAAAATTTTTGGTTTAACTTCTTGATTAGAAACTGGAATTTCAATATTTTTACGTTTATAACTTGGCTCATCTAAATTTTTATTTGTATCTATTTGCTTTATATCTTCAAGTTTTTTAGGTTTTAAAAAACGTTCAGGAATCATATCTACCTCTTCTTCTGAAATAAAATTAAAATCTTCATCAAGACTAATGCTCATTTTACTAGCCTTTTGTGCGAAATTTCGCACTTGTTGAGAATGCTCATGAACAAAACTTCTTGATTCTTTTAAACTTTGTTTATCAATCTCTATGGTTTCATCTAAAATTTGATTTTTTAGTTTTTCAAAATTTTCCTTGGCCGTGGTAATTGAATTTTTACTTGCATTGATATTGCTATCTTTAATTATCTGTTCTAAGTTATTGGTTTCCCCTTTTTTGTTTATTTGTAAATTTCCATAAATACTATCTTGCAAAATATTTAATTTTGGAACTATAGGTTCTGATTTACCTACATCTTCTTTCTCGTTTTCTCCACCAAATACACGCATAAGTAAAGATTTAAAAGCTTGCTCTACTTTTAATAAATAAGTAAAATCTAATTCTATTTTTAAAATTTCTTTTGCAAATTTTGGAAACAATAAAACCAAAGAAAATAGTAGAAGTAAAAGAGCGAAAATTCCGCTCCCAGTATGCCCCAAAATAGTAGAAAAAATCGCATAAGCAAGCTCTAGTATATAGCCTGAATTAGGATAAAAAACTGCAAATAAAAGCAAACTCGAGAAAAAGGCAAATCCTATACCAAAAAGCTCTCTTCTTGTAAAATTAGCTAATTTGTAATTTCTTTTATAATAAACATAATTTAAAATAAATAAGAAAAAAGGATAATAATACGCAAATTCTCCAAATAAAAATAAATTAGCCTTGTAAACCCATTCTCCCATGCCAGGTGCTAGCATACAAAGACAAAGATAAAAAATAACAAGCGTGGAGCTGGTAAAAATGGCTTCTTTTTTAATATTCTTTCCTTGAAAATAAAATCAAAGCCAAATTATACCATAAAAAATTTTACATATAATTTAATAAGCTAAGTTGAGAAATTGTTGTACTAGCTTTAAGAGAAGCTTGATATGCAAGTTGAACTTGCATTAAATTCATCATTGCCTCACCATAATCTACATCAATCACATTTGATTTTATACTTTGGACATTAACGCTTAAAAATGATGTGCGTGTATTAACACCTTCGATAGTATTATGATATGCTCCCATAGTTGTATTAAGCTTGCTAACATGATCTGCTAAATGATCAAGTCTTTCTAAAGCTCCTTGCATACCTGTATTTCTAGGGTTTTCACTTTCGGAGTCTGCTCTCATATTGCCTTTTAAAACAGCATCAATCATTGAATCTAAATCTTTAATAATATCCACATTTGGCTCATCTATAGTTAAAGAATTATTCGCGCTAAAACTAAAATTTGGACCATTTTGTACAGTAGAAGTTGTGGTAAAAGGAGGTGCTGGAAATTGGCCACTTTGAGAATCACTAAGAGAAATTTCTATATTGGTTCCTGATGAAAGTTTATCAGTAACACTAATACGACCTTTATAATCCATACTTACATCAACAGTAGCTTGTGAATCTTTCATGAGTTGTTGTATTTGGGTATAATCTGCATTATTAATTTGACCATTATTGGCTTGTATGGTTGTTGTAGGAATTTTATCTGCAGCAAACATACCTATAATATCATTAATTTGACCATAAGTAATATCATTTGATCCTGTAACAACCCCACTATTTCCAGTTGCAGGATTAGTATGCATAATAGGAAAGCTTATGGTTTGACCTGGATTATTAGGATCAGGATAGCTTACAGTTGAAGTTTGTAAATTTATAGTAACATCGTAAGAATTTCCACCTTTGGAATTGACTTTTAAATTTAAAGTAGTACCATTTAGGCTATCTCCTGCCATTACCTCGCTAAGTTTGGTTGAATCAGTGGCATAAGCATTGCTTCCTTTGATAACTTGAGAAACATTACCATAAACAGTATTGCCATTTTTTTCAAAATACACATTATCGTAATCAGCTCCATTAGCAGCATTTCCATCTGTATCTGTCATTTTACTTTTGATAAAATCAGTTTGTTTTAAATCAATTTCAAAGTTTTGTCCGTTAATTTGAATGGTTACAGGATTATTTAAATTTGTAATATCTCCATTATTGGGATTTCCTAGTGCAGCAGTCATAACCCTGTTTGTAACATCTTCCATTGTAATGCCTTCATCCTGTGCTGCTTGGATAATATTATTTAATTCAGTTTTATCATCAGCTTGTGGTGTGAAAGCTACAGCATGAAAATCGAGTTTATTATTACCTTGCTTTAGATCTGTAATTTGAATTTGACCACTATCATTCATACTTACTTCTACTACTTTATTATTTGGAGTATTACCATAAAGAGCTCCAATATTTTCCATTACATCTTCTAAAGTATCTTCGGGTTTGACGAGTACAG
NZ_CP140394.1_gap24	841655	844875	3220	TATGGCCAGATTTAAGAAGAAAATACTTCACATTAAAAGAATTTAAAGTCTGTCTTAAGCAAAACATAGAATAAATATCATATTTTCCAACTATAAGTTGATAATATTTATTTTTCTCCTTAAGCTCGCTAGTATCCGCATCAAAATATAAGGTAAATTTTTCTGCTGCTGGGGTAAAATCTCTTGTAGGCCATTTTGCTAATTCTTCTTGCCATGAAAGATCTTGATTTTGGGTTTGAATGCTTGGCTGTGTATTTGTATCTTTAGCAAATTGTGGAATGAAATTTACATTAGCTTTAAATTGCCAAAGCAATGTAAAAACAACAGCAAGCAAAATGAGTAATAAAATACTCAAAATGCTTATTGTAATGTATTTTTTCATTAAGCTAGCTGATCTTTAATGATATCACCTAAAGTCACTTTATCATCATTATTGATTTCATTAAGAACTTCTCTTTCTTTCATTCTAACAAGATTTTTAACACTTAGGCGAATTCTATTTTTCTTTTCATCAATAAAAACTATAGCAGCTTCAATATCGTCGCCAATTTTTAAATTTTCAAGCATAGAAGTGCTTATATCTTCTTTATGAATTAAAGCATCAACATTTTTACTTAGCTCTACAAAAACACCAAAATCTTTAATATCACGGATAGTGCCTTTTACAATATCGCCGACTTTATGAATTTTGGCATATTCTTGCACTGGAGAACTGCTTAATTCTTTTGTGCTTAATGATATTTTTTGGTTTTCTTCGTCTATTTTGATAATTTTTACCTTGATTTTATCCCCTTGAGAGAATTTGTCTTTGCATTTATCGTTTCTATCCCAAGAAGCATCTTCATTATGCAATAAACCTTCAATACCACCAAGTTTAACAAATGCACCAAAAGAAGTTACTGAGGTAATTTCTCCTTCAACCACATCTGCAATTTTGTAAGATTTCATAAATCCATCAAAAGGTCTAGAAAGTAAATTTCTTAAAGATACTCTTAAGCGTCTTTCATTTGGATTGATTTCAATTACTTCAACATCAATTTCTTGACCTTTGTTGATATAATCTTTTGGATTTTTAATATTTTTATCCCAAGAAATTTCACTGATATGTAAAAATCCTTCTATATCATTTCCTAAATCTACAAAAGCACCATAAGGTTCTATATTTGATACTATTACTTTAATGGTATCACCTACATCAAGAGTATCTTTTATCTCGCTCCATGGATCAGGTAAAGCCGCTTTTATAGATAAGGATAAATGTTTGCGTTCTTTATCATACTTTATTACTTTAACTGGAACTTTATCGCCCTCTTTATAAAGTGTTCCAGGATTTACAGGTCCTTTGTAAGAAATTTCGCTGTAATGAACAAGGCCATCAACACCTCCTACATCTACAAACATACCATAAGTGGTAATTTTTTTTACAATACCTTCAATTAAATCTTCTTGTTGTGCTATATTATTGATCAATTCTTTTCGTTTTCTTCTCTCATCATCTAAAGTTTTTTTACGAGAAACAATGATACTTTGCTCATCTTTGTCGATTTTAATAATTTTAACTTTAAACGTTTTACCTATAATATTATTTGTTTCTTTAAAGCCATATTGAGATTTTGGTAAGAAAAATTCAACATCATTTTCATCAACAACTATCAATCCGCCTTTATTTTTTCCAACTACTTTTACGGTAAAAATATCATCTTGATTTTCTTGATAGTTTTTAATAAATTCAATAACTTTTTCTTTTCTCAAAGCTTTTTTATGAGAAAGTAAAGATCTGCCACCACGAGAACCCATAACAGCAACTTTAATACTATCGCCTACATTAAACAATAGCTTAGAATTGTCACCTTGTATTTCGCTAAGAGCTAAAATACCTTCAGATTTTTTACCTATATCTACATAAACTTCATCATTTTTGATCTCTACAATCACACCCTCTGTTGTAGCCTCTTCTCTTGATTTATCAAAAGCTTCTAAAAGCTGTCCAAAATCTTCTTCCTCAAGATAATCATCTACGCCGCCTTGAACTTTTTTGTTCACCTCGCTCATTATGGTCCTTTAAAATAATTTTTAGAAATTGATTGATTTTACCTTATTTTTCTTTAATTAGTGTTAAGTTTTTTTATTTTTGTTAATTTTTTTTAAATTTTTGACTTTTTTATTCTATTTGAAAACATTTTTTAATTAATTTTAAAATTTTTTATTTTGGCGATAACTTTTTGTATGATCCAATCAGGAGTACTAGCACCTGCACTAATGCCGCAATGTTTTTTATCCAAAAACCATTCTTTTTTTAACTCTTCTTCGGTTTCAATTAGATAGCTATCTTCACAATTGGTTTTTGCAATTAAAAAAAGTTGTTTTGTATTGGCTGAGTTTTTACCCCCTACAACAACCATAACATCACTTTTAAGCGAGAGTTCTTTAATGGCATCTTGATTTTTAAAGGTTGCATCACATATAGTGTTAAAAACTCTTACTTCTTTGGTTTTAAGTATTAAAAAATTTACTATCTCCATAAAATGCTCAGGCTTCTTAGTTGTTTGGCTTACTACAGCTATTTTATTAGGAAGTTTTATATTTTGAAGTTCTTTTTTATCCAAAACTACATAAGCTTTTGTACTTACATAACTTTTGACTCCTTTAACTTCGGGATGATTTTCATCTCCAAAAATAACAACTTCATAACCCTCCTTACTCATTTGCTCGCAAATTTGTTGTGGTTTTGTAACAAAAGGACAAGTGGCATCAAAAATTTCTATATCTTTTTTTCTCAATTCTTCTAAATCTTGCTTTGTAATACCATGAGTTCTTATAATAGCCTTTTTTTCATTACTTAAAGCTTGTATATTTTCCAAAGTTTTGACATTAAAATTTTTTTGCAAACGAGAAATTTCTTCGTTATTGTGAATAAGAGGGCCTATAGTTGCGGCATCTTTTATTTGTTCTGCTTTTTTAATAGCTCTTTTAACACCAAAACAAAAACCATAGTTTTTTGCTAATTCAATAATCAATCCTAGCTCCTAAATTTGATAAAATCTCTATAAAATTTGGAAAAGAAGTTTTTATACAATCACTATCATCAATCTCGATTCCGCAAAGCAAACCTAAAATAGCAAAACTCATAGCAATACGGTGATCTCCATAGCTTTTAATTTTTGAAGATTTTAGTTCGCATCCACCTTCTATTTCAAAACCATCATCAAGTTCTCTAGCT
NZ_CP140394.1_gap25	846476	848907	2431	TTGGCCTTGTTGGAAATTTTAGCTTCTTCTTTTAAGCCAGAATGGATAAATGCAATACGATTTAATTCTTGATTATTAACATTGAAAACAGCCCCTAATTCAAAAAGTTTAATAATTTTTTTAGAATTTTTTGCATTTAAACTTGCTGCATTTAACAAATGATTTAAAAGGGTTGTTCTTAAAGTATTAAGTTCTGCTGTAATTGGATTAATTAGTTTTAATTTAACAGAGTCAAAACCCAATCTTTTAAGTTCTTCTTCATTATCCAAAACATAATGTAAGCTTTCAAAATAACCACTAGCTACTGCTCTTTTCCTTAAATTCAAAAACTCAATATAATTTTTATATGCAGAATTTAAACGATTTTTTTCTATAAATTCTAAACCCTTGGAAGCAATATTATCAATACCTATAATTCTTACAACTTCCTCGCAAATATCTGATAAATTTTTAATATCAGGACGATGTAAAGGTGCTTTAACATTTATAAGCCCTTCACCTGAAAGTATGAGTTCAAAACCTAATTTTTTCAATATTTTTAATACTTCATCTTTATCAACATTTTGCCCTATTATATCGCCAATACTTTCAATGCTTATTGGTATGATTGGTAATTCTTTGTCGGTTAAAATTTGTTGAGAAGAACTATAAATAACAAGATTTGGAATCTGCTCAAAAATACTAAGCAAAAAATCCATTCCTAAATTTAATTTAGGTTCACTTCCCCTAAAACTTCTATAAAGCATTTTTTCATCTTGATCTTTATGATATATTTTAGCATCTGCAATTACCAATGGATCGGTATAATTAGCCTCAATAATAATTATTTTAGAATCATCTTTGCATCTACTTTCATTATTTTGGAAAATTCCACTAAAGCTTAAAAGTTTATCTTTGCAAGATACTTTTGTTTCTCCATGCACTTGCTTGCTTAAATTAATGGTAAATTCTTCATCTTTTTCAGAAAAACTACTTAAATCATAAGCATTAAAAAGAACACCAGTTGAATGCGTTGCATAATTTAATAAATTTTCTATGGAATTTTTTCCCAAACCTTCAATTTGAGCAAGTCTTAAACTAAGTAATAAGTTTGTTTGAATTTCTTCTTTTAACTCTATGGCTCGATAATTATAAAGTCCATTAAGTTCTTTCTCAGCTGCTAAGCGCAAAATTCTACCGATACCTAAAACATTTTCACTTTCTTTGAATGGTTTTGGTTCTTTTAAATTTAAATTTAAAGCTGTAGCCAAATCACGAGCAATACCATAAATACTTAAACAATCACCCCTATTAGGAGTAAGTTCTACTTCTATTAGCTCATCATTAAAAATTTCATAAGTATTTAAAGCTCTCCCAAGTTCTAATTTCCCTATACTCTCATCTAAAAGCATAATTCCTTCATTGATTTTTTCAAAACCCAGTTCTAAACTAGAACAAAGCATACCACAAGAATCCACTCCTCGTAATTTTGCTTCTTTTATTTCCATACCGTTTGGCATGATAGCATCTTTAGTTGCAACAGCTACAAATTGTCCTGCATCAACATTCGCAGCACCGCAGACAATTTGCAAGGTTTCACTTCCGATATCAACTTGACAAATGCTTAATTTATCTGAATTTTCATGTTTAATTTTTTCCTTAACATAGCCTACAACAACTTTATCTGGAGCCTTTAAAGCGCCAACCCTATCAACTTCTATACCTATAGAGTTTAAAGTTTTAGCTATTTTATCCGAACTTATTTCTTCAAGTTCTAACCAATCATTCAACCAACTTTTAGTAATTATCATCTAAACTGCTCCAATAATCTCAAATCACCTTCAAATAAAGATCTTAAATCTGGAATTTGATGCAAAAGCATTGCAAAACGCTCTACTCCCAATCCAAAGGCATAACCACTTACATTTTCATAACCAACAAAATTATAAACATTAGGATCAACTATTCCACATCCTAAAACTTCAAGCCAACCTGTATGTTTGCAAACTCTACAACCCTTTCCTTTGCAAAATACACAAGAAATATCAACTTCAGCAGAAGGCTCTGTAAATGGGAAAAAACTTGGACGAAAACGAACTTTCACATCTCCGAACATATAACGCAAAAAATCTTCCAATACACTTTTTAAATTTGCAAAGCTAACCTTTTGCCCTTCTTCCACCACAAGGCCTTCAACTTGATGAAACATAGGAGTATGCGTAATATCAAAATCTCTTCTAAATACAGCACCAGGGGCTATCATCCTAATAGGAGGTTTTTGTGCAAGCATTGTCCGTATTTGCACTGGCGAAGTTTGTGTTCTTAAAAGCCTTTTATCATCAAAATAAAAGGTATCTTGCATATCTCTTGCAGGGTGAGATTTAGGCAAATTTAACGCTTCAAAATTATGAAAGTCATCTTCTATTAAAGGCCCTTTTTCTATGCTAAAATT
NZ_CP140394.1_gap26	1030236	1035124	4888	TTTGGAAAAAGCCCTTAAATCATCTCCAAACTGCGCTCTAAAATCAGGTAAAACAAAGGTTTTTAAACCCTTAAATCGTGAAACTTGAGCGAGTAAATCTGCTTGTTTTTCATCTTTACAAAGCAAAAGTTCACAAATTTTTGGATTTTGTAGGTATTCATAAAATGAAGCTTGCATTATTCTTCGTTATTATTTTCAATAAGTTTGATAGTATCTTCTTTAATTTTACTAGTTCCATTAAAGCGACCGCCATTTTCTATAGAAATTTTTTGCGTTGAAATATCGCCATTAACAACTCCGCCCGCTAAAATTTCTAAACTATTGGCCTCAAGTTGCCCTTCAAAATACCCATTTACTACAATTTTATCTGCTTGTAATTCACCTTTTAAATTTCCATTTTTTCCGATAACCACAATGCTTTCAGAATGAATAATACCACTTAACTCTCCATCAACATGAAGCATAGAAGCAAAATAAAATTTACCCTCAATTCTCGCACCTGAAGAAATTACTGTTGTTTCTGAGCTAGAGCTGGATGTTGGGCTGATACCGCCTTTATTAAAGATTGCCATGGAACTCTCCTTTCTTGATTAAAAAAATCATTCATATTTTTTCTTTGCAAATTTAAAAAATATAAAGGTTCTAAAGTTTTATTAATAAACCTTACCTCATAGTGCAAATGCGGTCCCGTAGAAAGACCTGTATTGCCGCTATAACCTATCAACTGCCCCTTGCTAACAAATTGACCTGCTTTGACTACTTCTTTGCGCATCATATGAGCAAATACTGTTTTAAAACCAAAATTATGCAATAAAATTACATTATAGCCATAGCCATTATCACTATAACCTGAAAATTCCACTACTCCACTTGCTGGTGCATAAATAGGGGTACCAATTTCTGCTCTTAAATCAATACCAGGATGAAATTCCCTTCTTTTTAAAAGCGGATGCTCTCTCCAGCCAAAATTTCCTGTAATGCCTTTATTTTCAATAGGCCATCCATTAGGAATTTGTCCCAAAATTCCAAGTTGCTGCTCATTGGTAAGCTGAAGATTATCAAGTCTTGCACTAATTGTAAGATTATTTTCTACTTCTAAGCCCAAAGCCTCTTCAAAAGAAGCTATTTTATCTTCTATAGCTGCATACTGCTGGGTTTTTTCTTCTATGCTTTTTTGCATTTGCGAATTAGATAATTCCAATTCTTTGCTTTTTTTCAAAAGCTCCTCACGCTTTTCACTGATATCGCTAAGTTTGCTATCGAGATATTTGATATAAAAACCACTAAAAACTAAAAATAAAACAATAAAAGCAATAGTATAAAAAACTATTTTTTTGATTATTTGATTTAAATAAAAATGTCTTGAACCGTTAATATCTGTAATGGTAATAGTGAATTTATTTTTTACCACACCACTCCTTTAAAAAATTTTCTACCAGCATAAAAGAACCAAAAACTAGATTTTTTTTATTCTCTTCTAATTTTACAAATTCTTTGCATTGTATACCTAGCTTTGATGCAATACTATAAATTTCATCATCGGCCAGCTTTCGTTCTGCACTTTTATATTTATATATTTGTATTGTATCAATAATAGGCTTTAATGTATTTAAAATTTGAAAAATATCCTTATCCAAATAAGCATTATAAATAAGATTTATTTTTTCTCCTTGAAATTTATCAAGCATAGCCTTAGCAGCCATGGGATTATGACCCACATCAACAAAAAAATTTGGAGAAATTTCTTGGCATCTTCCTTGTAAATTTAACTCTTGTAACTTTTTTAAAGCTTCTAAGGTTTTTTCTTGCGAAGTTAAAATTTCACAAGCCTTTAATGCAAGCTTTAAATTATGCTTTAAAAAACAAGGTAAAACAAACTTTTCACAATAAATCTCAAATTTTTCTTTCAAAAAAGGATTTAAAGAAGAAACTTGCAAATTAGCTTTTTTTAAAAAAGCAATTTTTTTTGCTAAATTTAAAACATTTTGCTCTTGCTCATCACTTATAAGTGCTATAGGCGCCATAACTTTAAGCTTGGTTCTTGCAATATCTTCTAAAGAATTGCCCAAAATTTGAATATGGTCAAATCCAATTCTTGTAAAAATATTCATTCTTCTTTCAAAAACAGAAGTAGCATCATATTCTCCACCCACTCCTGCTTCTAAAACAATAAAATCACATTTTTGAAATAAAATCATAGCTAAAAAAGTAGCATATTCAAAATAACTTAATTTTTGCAAGTCTTGTTTAAAAATTTCTTCAAGTCTTATATGAGCTTGTTCTAATTCTTCATCATTTGCAATCTTACCATCAAGATAAAATCTTTCATTAAAACTGAAAATGTGCGGACTAGTATAATGCCCTATTTTATAATTTAAATTTTCTAAAAGTTGGGTTAAATATCTACCCGTGCTACCTTTACCATTTGTGCCTATAAGTTGGATTATGGGAATATTTTTAAAATATTTCTTATATTTTTCATACATTCTAAACATCAAAAAACGATCAATTTTATCGTAATTTATACTTTTTTGAGCTAAAAAATTCTCAACTTTCATTATATTGTTCATTAACCGCTGCAATTTGCTTTATTAACTCATCTAAAATATTAATACTTGGCTTACTTTGCTTATCAAGATAAGCCACGTGAATTTTAGGAGTTATAATATCTTGCTTATAAATAAATCTAAAATTTTCTATAGTTTTAAGATTTGTATTTACAAGCTGTGTAATTTCATCTTTGCTTTTTCCTGGCGAAACAATCAAATAACTCTTTTCATCTATCATCCACAATTCATCAAATTCGCTACAAGAATCTTTTAAAATTTTTTTAAATCGAACAAAAATTTCATTCAAACTTCCCATACCGTATTTTTCCATAATGAAACGGTAATTTACTATAGAAAATAAAGCTAAAGAATAATTAACTTTATACTTATTAAAATTTTCATCCATTTTATCAAGCTCTTTAAGAACACTCCAAGCCTCTCTCTCTTCTAAGCTTTGCGTGAATTCAATTTGATTATTTAAAGATGTAATTTTTTCTCCAAGTTGTTTAAATTTTAGTTTTAAATCCTCAAAACTAAGTTTTACTTCCCCATTTTCATCTGGTTTTAAAGTATTGATAAAATCCATATTTTTTTCATTCGATTTATTAAGTAAGACAAGCAATTCATAGATTTTTTTTAGATTATCATTAAAAAAATTTAAATTTTTTTGGACATACATATTATCAACCATTATACGATGATTTATAAATTCCATTAGTTCATTTTTAAAATTTTCTTCGCCTATTACAAAAGGCTTTTGTGTTAAATTTTGTATAAAACCTTGAATTTTTAAATCTTCTACCAATGAAGGATTTAAACCCAAGCATAATAATTCACTAAAGTGCTCATAACTACGCTCTTCAAGTTTAACTAAGAGTTTTTTAATCACGCTATCATAATCATCATATTTACTAATACCATATTTGCGAGCTTGTTCTTCTAAGTCATTTTCATCGTAATTTCTTTCAAGCTCTTTCCATTTTTTAGTAAGCAAGTAAATACTTTCACTATCCATAGTTTTAGAAATTCTAATCGAAGTCACCTTAGCCAAATCTCTTATCTTTTTATCCTTACTTATTTGCAAAGTTTTAGATATGGTATATAAAAAATCAAAAAATTCACTAAATTGTTTTCCGCTTTGTCTATTTAAAACAGAAATTAAAAAACTAATTAGTTCTTCTAAACTTCTTATAGTTTTAGAATTTAATTCTTGTTGATAAATCGGTAAAAGCAAGGTTTTGTATTTATCAAGTTTAGCCTTATTTGAACTTGTAATACCATATTTTAAAGATAATTCTTCAAAAATTTCCGTATAATTTTCAGGAGTTGGTTTTAGTTTTCTTTCTTTTAATGCAATTAAAGTTTGCTTTGCTATTTCATTAGTATTTGGAATCACGTTTTTGCCCTTTAATAGCAATTACGGAAATAAACTCATCAAATGCCTCGCTTGAAGCTGCTCGAATAGCCTCATACCTTGCAGAATCACTAATAATACTATTTGGAGAAATTTCAAAATTATAACTTCCACTTGTACTAAAAGCCTGACTTGAACCATCTTTAAAGACAACATTAAAATCTAAATTTAATTTAGCTTTATAACTAATGACATAACCATTTTTATCATAAGCTAAAGGAATAAATTCTAAATTATTCATTTTAACATTAATTACATCATCTGCCTCATGTTTTAAAGCAAGCTTACGCCCTAATTTTGAAATTACCATTTCTTTTAAAGTATCGGCAACATAGATACTATTTTTTGGGTCTTGTTGACTTAATTCAACATTAACATAAACTTTCTCATCGAAAATATTATTAGCGATTTTTGATGTAGGAATATATCCACAAGCACCTAAAAATAAACCAATACAAAAAATTAAAATCTTTTTCATTTAATCACTAGATTAACTAGCTTTCCTTCCACATAAATTTCTTTAACTATACTCTTGCCTTCAAGCCATTTAGCAGTATTTTCTTTTGCAAAAGCTAAAATTTCTTCTTTGCTCGCACTACTTGAAATTTCAAATTCAGCCCTTTTTTTACCATTAATACTTACAGCTAAATTTAAAGTATCTTTTACAAAAACCTCTTCTTTGAGTTCTAATTTTTTGAAATTTTTACATTTAAAAAGCTCCTCGCTAAGCTCAAAACAAACATGAGGAATGATAGGCTCTAAAATATTTAAAATAATATAAAAAGCCTCTTGCTCCAAAGCCTCATTTTTACAAAGCGCTAAAGCATTTAAAGCCTCCATACAGGCTGCAATTAAAGTGTTAAAAGCAAAACTTTGATGATAAACTTCAAAAGATTTTTTCAAAGCTTCATATACCTTTAATCTT
NZ_CP140394.1_gap27	1041597	1042845	1248	TCACGAATCCAATTTGGTGTTAAAGAGAAATTTTGCATAACAAAATCACTTAAAACATCGTCATTTACACTAGTATTTGTGCCCATACAATCCACGCTTACCGAAGTAGGTTTTGCAACACCTATAGCATAGCTAAGTTGAACAATACATTTTTTAGCAAGCCCTGCTGCAACTATGTTTTTAGCTAGCCATCTACCTGCATAAAGTCCACTTCTATCAACCTTAGTATAATCTTTGCTCGATTGTGCGCCACCACCTATTGGAGAATAACCTCCAAAACTATCTACTATAAGCTTTCTTCCTGTTAAACCACTATCATGCAAAGAAGAATGATTAACATATTTACCGGTTGGATTAATTAAAATTCTAGTTTTATTAGGATCAAAAAGTTCTTTTGGTAAATTACTATCTAAGATAAGTTTCATCACCAAAGATCTTAAATCTTCTATTTTCATACTTTCAACACAAGGTGCAGAAACTACTATAGTATGGATACTTTGCGGTTTGCAATTTTCAAAATTTGCCTTAGTACCATAATCAATAGTTACTTGAGTTTTAATATCTACTCCAAGTTCATGTGGATTTGCTTTTGCATAAGCATAAACTCTATCGCATAGCATTCTTGCATAACTAATAGCTGCTGGCATGTATTCTTCAGCTTCGCAACTTGCAAAACCAAACATAATACCTTGATCACCTGCTCCTGTTTCGCCATCTTCTTGATCGACACCTTGATTGATATCAGGGCTTTGTTCATTTAAAAACACCATAACATCAACTTCATCAGGATGCAAACACTGCTCTTTACTAAAATGCCCTGCTCCGTCATAACCAATGTTTTTTAAAACATCTTTAACTAAATTATCATAATCAGCTTTACTAAGCTTGTGATTTGACTTAACTTCGCCTCCTATCACAACCTTATTTCCTGCGACAAAAACCTCACTCGCCACCCTTGAATTTTTGTCATTTTTCAAGAGTATATCCACTATCGTATCAGCGATTATATCAGCGCACTTGTCTGGATGACCTGCACTTACAACTTCTGAAGTGAATAGATACATAAAAAGTCCTTTCATTTAAAATGAACCACAATTGTATCCAAATAAACTTATCAAAGCTTGATAAATTAAAAATTTACTAAAATTAAGCAAAAGTTAGTTAAAATCAACTTCTGATATAAAAAATATTTAAAAGGTTTTTATGTTTTCTAAAATCATTCAAAGCTACGCTAAAGGCAACCTCATA
NZ_CP140394.1_gap28	1070719	1073308	2589	TAAATTAAAAAAAGTCCAATTAAAGCTACATTTAAAGTATAGCTTGAAGGATACCACCAAAGATAAATTCCTATAAATAACGGTAAGGCAATCAATGAAAAAAAGTCTTTTTTTAAAATCATTCTTACCATAAAAAATAAAATAAACATAGGTAAAACAATTACCAGCATATCCGTATCATAATACCCACTCATAGTGCGATTATAATAACTGTTTGCTATACTTGCTAAAAGAGCAGCTACAAAGCCCATTAAAGGACGTTTGTATTCATTAGCTAGTAAAATAATAGGAATCACCACCAAAGAAGATAAAAAAGTACTCATATATAAAATAATACTTTCGAAAGAAAAAGGTGTGATTTTATAAAGCCAATAAGTAAGCGTAGATAAAGAAGATCCATAATAACTCAAATCATTAGGCTGATGAAAACCTGCTATCATATCTCTTGCACCCTCAGCAAAAGCATAACCATCGTTTGAAATGATCATTAATTGATTATTGAAAAAATACTCATTAAACTCACTTGCCCACCAAATCCAGTAAAATCTACACAATACACTAAAAACATAGGCTAATACAATCATCGCAAACAAAACTAAATAAGGGTTTTTTAAATACTCTTTTTTCAACATCTTTTATCCTAATAAATATTTCAAAGCATCACGTGCAATTTTTACTTTATCAAAGGCCTTAGCCCTAGTTTTAGCCTTATTTTTATACGCTTTTCTTAATTTATCATCTTCAAGCATAGTCTTTAAACCCTGAAACATAGAGTTTTCATTATCTACTTCTACTAAAAGTCCAAATTCATCATCGCCAAAAAGCTCTCTTGCGCCACTTTTATGATCAGTGCAAACCACCGCACAAGAACAAGCTAAGCTTTCAATTAAAACATTTGAAAAGCCTTCAAATACAGAAGCAAAAGCAAAAAATTCGCATTTAGCCATGTATTTATAAGGATTATTATCAAATCCTAAAAGCAAAACCTTTTCTTCTAAATTTAACTCTTTAATCAAAGCTAAAAGCTCATCTTTAAGCACACCTTCACCTAAAATCACAAGCTTTAAATCTGTTTTCAATCTCGCATAAGCACGAATTAATAAAGCATGATTTTTACCTTTATCAAGCCTGCCTACACTTAAAATAAATTTATCTTTTAAAGCTATATCTTCAAGAGCTTTTTGCTCTATGTTTTCTAAATCGATGGCATTGTATAAAATTTCACATTTTTTTGGATTTATACTAAAATTTTGCACTAAATCTTCTAAATTTCCTTTAGAATTAGGCAGGATTAAATCAGCTCTTGGATAAAGCAAAGAAATTAAAAATTTATTTGCCAAAGAATTAAAATTATTTTTCGCATACATCACACTTGGCGTAGTGCATTCATTGATCACAAGGTGAGTTTTGTTTCCAAACATTCTTGCCATTAAAGCTATATAATTAGGTCGATTTAAAAAAACAAATTCTGTATCAATACCCAAATTTCTGCAAAGTTTTTTATATTTTAAAGCCAAAAAAGGTAGTTTTAAAAATTTCAAAATAGGATTTTCACTAGGTTTTGAACATTCTAAAAAATGAATTTGACACTCTGGAATTTCATAAGAAATTTTATCATTCATCAAGATCAAATGCACTTCAAATTTCAAACTTAAAATAGGCAATAAAGTCGCCACAACTCTTTCAGCACCACCACTTCCTAAAGAATAAATAAAAATGCCTAATTTTTGCATAAAGCCACCCGAATTTTTGATAATTTTTCAATCATATTATTTGGAATTATACTTAAAATGAGTAATATCAAAGCAGGAGCGTTGATTTTTATACTCAGGCTTTTAAACAAACACTTATAAAGAGCTTTATAATTTTTTGCAAGTTTTGCATAATAAGCTGCCATTTTATAATAACTCGCACAAGTTTTTTTATAATCTTTATCCTTACTCATTCTAAGTTCATTTTCTAAAATTTTAGCAAGCTCTAAATATCCCAAATACACCCTATAAGCATTTTTACTCGCCCCTAAAGTCACGCTATCTTGCCTAAAAATCCTATAAATCCTAAAAGCCTTATGGATATAAAAACTTTTTTCTTTGTATAAATTTACCCAAAGCGTGGCTTCATTGCCATAAAATTCTTCATTAAAACGCTTGTTTTCAAGTAGAGATTTTTTAAAAACAGAAAAAAACTCTCCGCTAAATTTAGCCATTAAAAAATCTTTTTTAGAAATTTCACTATCTTTTTCCAAGCCCTTGCCGCTAAATTCCTTGCTTAAATTTCCTTCTTTTTCCATCAAACAATTTCCAAAAACATGAGCATAACCCTCACTTGCTTTTTGCATCAAGGTACTTAAAGCCCCAGATAAAAGCTCATCATCATCATCTAAAAAAGTTACAAACTCGCCACTTGCTTGATCTAAGCCATTGTTTTTATTGCCATTTGGGCCTTGTTTGTAATTTTGATTTAAAAAATACTTAATACGATCATCATCTTTTTGTAAATTTTGCACCACACTTTTAGTATCATCACTAGAATTATCATCGCTTACAATAATTTCTAAATCTTTAAAATCTTGATTTTGTATGCTTTTAA
NZ_CP140394.1_gap29	1074371	1074974	603	CTAAGGTTACTAAAACACGCTCAGCGCCTCCTGAATTTAAAGTTGCGATAATAAAGCTTATTTTCATCATTTCTCCTCTTTAAGCTTACCGTGTTCTAAACGATAAACCTTATCACATTGCGTTATCGTAGAAAGGCGATGTGCGATAATAATCATGGTTTTATCTTTAGAAATTTTATAAATTTCATCCATGATTTTTGCTTCACTTTGAGTATCAAGCGCAGAAGTTGCTTCATCAAGCACTAAAATTTCAGGCTCTAAATACAAAGCTCTTGCTATGGCTATGCGTTGTTTTTGTCCCCCGCTTAAATTACTCCCTCCATCGCCCACTTTTGTTTGCACTCCTTGAGGTAAATTTTTTATAAAATGCTCTAAATTTGCTTGTTTGATAACCCTATTAAGTTTTTCTTCATCAACCGCATCTCCAAAAGTGATATTTTTAGCTATGCTATCATTAAAAAGATAGATATTTTGCGGGATATAGCCTATTTTTTGGCGATAATTTTTTGCATTATTTGCATTTAATTCTTGCTTATCAAGTAAAATTTGCCCTTCTTTTGGTTTTAAAAGTCCTATGATAAGATCTACTAAGGTGCTTTTTCC
NZ_CP140394.1_gap30	1208632	1213519	4887	TGAAAGCCCAAAAGATATACTAACACTCGAAGAGAGTCAAAGTTACAATGGGCTATATTTTGTTTTAGATGAGTTAAATGAAGAAAAACTTGAAAAACTAAAGCAAATCATACTTAAGCTAAATATCTCTGAGCTCATTTTTGCATTGACACATAGCATTAATTCTGATGCAACCATCTTTTTTATAGAGGATAAATTTAAAGGCTTAAACCTAACTTTTAGTAAAATCGCTCAAGGAATTCCAAGTGGTGTAAATTTAGAAAATGTGGATTTAATCTCTTTAAATAAAGCTATGAATTTTAGAACAAAAATTTAGTAATTTTTATAAGAAATATCGGCTAATTCTTGCAAAGAAAAATCCGCAATCTTTTCATAAGCAAAACCTTCCTTGCTTAAAAAATCAAGTAAAGTTTTTTCCATGATTTTAGCTCCTTGTATAAGCTCATCTGAAAGCTTAAAACTCATCGCTTCAATACGCTTTGGCACACAAGCTAAGATGTGTGTTTTAGGCAAATCTCCTGCAAGTTCCATGTATTGTAAGGTTTGAAGCATTTCTATTTCATGGGCACTTCCACTCCAGCTAATTTTATTAGGCATAGCATCATAAGGAAAGAAAAATACATCTCCTATACTCGCACCTTGCGCTTCTATACAGTCTAAAACGATAAGTCTATCGTACCTAGCGATGATGCAGCTAAGCTGCAAAGCCAAAGTTCCACCATCAACAAAATCTAAAGTAAATTCAGAATGAGTGAATTTGTAGTTTTTTTCAAGTTGTTTGCAAAGATGAACGCCTAAGCCTTCATCCGCAAACATGATATTACCTATTCCAAGGACTAAGAATTTCAATGCTGTTCTTCTTTTACAAATTTATATCCGCTAATAATAGCATCCATAGCACCATCTTTACCTTTTACTGCGTTAAAAATCGCCATGTAAATATGTACTGGCACAAAAATCATAATTACCCACATCAAAATTCTATGATAAGTTCTTACATCGGCCAAACCGCCCATTGCAGCTTCAAGCGGTCTTAAAATATGATATAAAAGCCCACCTAAGCCCTCATGGTAAGTATGAGTATAAAGAATAAGCCCTGTAAGAATGATACCTAATATCACAAGATAAAAGAAAAAATAAGTTACAAATTGCAAAGGATTATAAACCCCTTTTAAATGCGGATGTTTTCCTAAGAAAATGTAAAATTTTACTTGTTCTATCCATAATTTGATATTAAAAATATCCCATACACTTCTGCGTTCTTTTGCGCTTACCTTATCGCAGAAAAACAAATATACTTTAAAAATAATACAAGCGATTAAAACAAAACCCACCGCTTGATGTACTAAGCGGTATTTTGCTTGCATAAAATTTACGGGTTCACCGTTACTAATAGGGCTTTGGAACACATAGGAAAGATAATACCCTGTGCCAATAAGAATCACTATAGCAATAGCTCTTACCCAGTGCGTTAAACGCAAACCTATGCTAAATTCATATTCAGCTTTTCTTTGCAATTTTTCTTCTTTGTTTTGCATGAAAGCCTCCTTATAAATTGACATTCACTTTATATTCACTTAGATTATTGCCCTTAGTATCCATTACATGCACCGCACAAGCAATACAAGGATCATAAGAGTGAATTTTTCTAATGATTTCAAGTGGTTGTTTTACATCAGCGATTTTAAGTCCTATCAAACATTGCTCATAACTTCCACCTACGCCATTTGCGTCTTTTGGACTTGCATTCCAAGTAGAAGGCACCACAGCTTGCCAATTTTCAATAACACCATTTTTAATTCTACACCAATGGCTTAATGTTCCGCGTGGCACATGCCCCATATAGCGTCCTTTGTATTCTTTAGAATTATCGATCACATAAGGAGCACAAGTACTCTGGTCTACTTTTAAATTTTCAACTAAATTATTAAACGCTTTTAAAGCATTATTTGCAACGATTTTTGCTTCAATACAACGAGCAGCTGTTCTTCCAAGTGTGCTAAATACAGCATTTAAAGGAAGTCCTGTTTCTTTTAAGAACTCATCTACCACAGGAACAACATTTTGATTACCTTTAGCATAATTTACAACGACATTTGCTAAAGGTCCTACTTGCATAGGATTTCCTTCATAGCGTGGAGCTTTAATCCAGCTATATTTACCCTTAGTATCAAACACTTTAGAATGGACATTATTTCCATGATGATCTACGCTTTCTCCATCTACAAGTCCTGTATAATTTGGATTTGTTTTGCCATCATAAGGATGTAAAGGTTCATTGTCTGCATACCAAGAATGAGTTGCCTCTTCAGTAATCTTATCTTCTTCTACTTCATAAACCTTGCTTAAATCTCCATTTTTGATAATACCACTTTCAAAAAGCCATTCATCTCTTCCGATTTGGAATTCTTTAAAGGTATAAAGATTATTTACCCCTATATCATTTAAAACACTTGCTTCATGTGCATAAGCTTTTCCTGCCATCACAAGATCAGGATAATACGCACGATTAACAAAGTCTTGCACTTCTTGGAATTTAACCATATATTCACCCATTCTTGCAGGATCGAGTAAATCCATAACGCAAGTTACACCACCAACGGTTAAGCTTTGTGGATGTGGATTTTTAGCTCCAAAAATCGCCATACATTGAGCAATGATTCTTTGAATTCTTAAACATTCTAGATAGTGAGAAAGAACGATTAAATTTTGCTCAGGACTTAAACGATAAGTTGGATGACCATAATACGCATTAGCAAAAGGTCCTAAATTTCCTTTATCTACAAAAGTTTTAAGTCTTTGTTGCACTTCAAGAAGTTTATCCGCACCTGTTGCATAAGGATTTGAAGTGTATTTAAAAGCTTCATCGCTTGCTTTTTTAACATCAGCACTTAAAGCACTTACCACATCAGCCCAATCAAGCCCATGAAGTTGATAAAAATGCACAATATGATCGTGTAAAAATAAAGCCGCATTCATTAAAGTTCTTGTTAAAAGCGCATTTAAAGGCGGAGTAATACCTAAAGCATTTTCAACAGCAACTATACCTGCTTTATAATGTGAAAAAGTACAAACTCCGCAAATTCTTTGCGTCATAAAACCCGCATCTCTTGGATCACGCCCTTTTACTATGGTTTCAATACCACGCCACAAAGTAGAGCCCGCATAAGCTTCTTTTACCACATTGTTATCATCAACAACAACTTCAACTCTTAAATGCCCTTCAATTCTTGTAATAGGATCTACGATTATTTTTTGACTCATTTTTATTCCTTATCTTTTTGCATGGAAGATATAACTGCGTGTGCTGCTATAGCAACGCCTGTGAGTGTAAGCACACCTATACCGATTTTATCTGAAACACTATCCGCACCCAAACCAAAAACGGTATCAAATTTACGACTAGCCATAGGCTCTTCAAAAGGTCCCATAGTATCCCAAAAATTAGGCTCAGAACAACCTATACAACCATGCCCTGCTTGAATAGGCCAAGAAGTGTGCTGGTTAAATCTCTCTCTTGAGCAGTTATTAAAAGTATAAGGTCCTTTACAACCTACTTTATAAAGACAAAAACCTTGTTTTGCTCCTTCATCCCCAAAAGCATGTACAAATTCACCCGCATCAAAATGTCCGCGTCTTTCACAAAGATCATGAATTCTTAAACCATAAGCCCATTTTGGTCTATTATACACATCAAGTGCTGGTAACTCACCAAATAATAAATAATGAAGTACATTACCCACTATATTTTTTTCACTTGGAGGACAGCCTGGAACATTGATCACAGTTTTGCTTGTTACTTTGCTTAAAGGCTGCGCGTTGCTAGGATTTGGTCTTGCAGCTTGAATTCCTCCAAAGCTAGAACAGGTTCCTATAGCAAAAATCGCCAAAGCATTTTCACTTGCCATTTTTGAAAGCTCATAGCCTGTTTTTCCATGTGCACCTATGGTTAAAAAATGCTCTGTATCACCCATAGGGATACCACCTTCAACCATTAAAATGTATTTATTTTTATGCTTTTGAATGGCACTTTCTAAATTTTCTTCAGCTTGCCAACCTGCTGCAGCCATCACTGTTTCGTGATATTCTAAAGAAATATAATCAAAAATCAAACTATCAATCGTTGGAGTATCACTTCTTAACAAACTCTCGCTACAGCCTGTACACTCAGCCATATGAAGCCACACAACAGGAAGCCTATCAGCAAGCTCAGCAGCTTTTGCCACCATAGGAGTAAAACTCGCTGGCAAAGCCAAAAATGCAGTCATAGCACCTGCCCATTTCATAAAATCCCTTCTAGAAAAACCTGACTTTTCTAATGCTTTTGTAATACTATCATTGTCTTTCAAAGAAGGAAGCTTTTCAAGAGCCGATAAACGCGACTCTATTTGATGATAATCAATCATTATATTTCCTTTATAACATGAAATTTATTCTCTATAAATAATAAAATAAAGAAAGTTAAAATAAAGTTAAAAACTTACTCTCATAAGTAAATATTAGCATCATTCTTAATTAAAGCTTAATCATAAGCCTTTTTTAAGTTTGCGAATCAAAAATCTTGCAGGATGAATAGCGTGGATGTATTTTTTTTCTAAACACAAGGGTTCATTATTTATCAATGCACACAAATACCTTGCCGCTAAAACACTTGTACTAAAACCCCTTGACCCATGAGCAAAATTAAAATACAAATTACAAGACATTTTAGCTGGTTTTTGCTCCTTATTTTTTGTCCATAATAAAGCTTTATATTCTTCTTTATAAAACGCTTCATCATAAGCATTTCCAACTATCATAAAGCGATCACTCGAATAAGATCTAAAACCTACTTTAGAACCTATGATTTCTAATTTTGTATTTTTATCCATAAAATCGGCTATATTT
NZ_CP140394.1_gap31	1259518	1263924	4406	TGCGTTTAATCGCCAAAGAAAAAAAACCTACTATCGTTTCAACAGGCATTGCTACAGAAGAAGAACTTTTTAAAATCTGTGAAATTTTTAAAGAAGAAAAAAATCCTGACTTGATCTTTTTAAAATGCACTTCAGCTTATCCCGCTGCCATAGAAGATATGAATTTAAAAGGTATAGTAAGTTTAAAAGAAAAATTTAATGTTGAAGTGGGACTAAGTGATCATAGCTTTGGTTTTTTAGCACCCGTTATGGCAGTAGCACTTGGAGCTAGAGTGATAGAAAAGCATTTTATGTTAGATAAAAATATAGAAAGTGAAGACAGTAAATTTAGTCTTGATTTTGATGAATTTAAAGCTATGGTAGATGCAGTAAGACAAGCTGAAAGTGCTTTAGGCGATGATAAGTTAGACTTAGATGAAAAAGCTCTTAAAAACCGTGTTTTTGCAAGAAGTTTATATGCAAGTAAGGATATCAAAAAAGGTGAAATTTTCAGCGAAGAAAATGTAAAATCCGTGCGTCCCTCTTTTGGGTTGCATCCTAAATTTTATCAAGAACTTTTAGGAAAAAAAGCCAGTAAAGATATAAAATTTGGCGATGCTTTAAAACAAGGAGATTTCCAATGACCTTCACCCCTACCCAAAAAGAACTCTTTAACAAAAACATTGAGGCTTTAGGTAATATTCTTTTAAAAGAAAGTTTAAAAGAAATCAAGTCTAGTAAATTTGAACTTATCTTAGGTAAAGATAATCTAGATATCAATTTAAAAGATACAAGTATAAAAAATAATGGGGGGGGGTATAATGAAAATTTACTTTATCAAGATCCCATTAAAGAATTGCAAACTATGCTAAACACTTACAACGACAAATACCTACTTTATCCTGTATTGTATTTTTATGGTTTTGGAAATGGAGTTTTATTTAAAGCTTTATTACAAAATAAAAATCATCAGCATATTGTTGTTTTTGAAAAAGATATAGAAATCATTTGGATCATGTTTCATATCTTAGATTTTTCAAATGAATTGCAAAGTGCAAGATTGATGATTTTGGAAAATGATAAATTACAAACTCAAGATTATAATGAACTTTGTTCTTTTAAACCTTTCTTTCAATTTTCTAGAATTTATTTTTTAGAATTAATGAGTCATTATTATGAAAGATTTCATGAAGATGTTTTGGAGTTAAATAAAAAGCTAGTACAGTATTTTAAAGATTCTATTATTTCTCATGGTAATGATTCAACAGATACTCTTCAAGGCATAGAACAATTTGTTTATAACTTACCTCAAATGATCACTCATCCTAGTTATAAAGAATTACTTTCCAAAAGAAAAAATTTAAGTGATACAGCTATTATTGTTTCTACAGGACCATCTCTTACTAAACAACTTCCTTTGTTAAAAAAATATGCTAATACAGCTACAATTTTTTGTGCGGATAGTGCTTATCCTATTTTGGCTAAACATGATATCAAGCCTGATTATGTACTTTCTTTAGAAAGGATTCCTTTAACTTCTGAATTTTTTAATCATGATTTTGGGGAATTTGATAGGGATGTTTTGTTTGTTTGTGTAAGTTGGGTCTATCCACAAACTATAAAATATCTTCAAAAAAATAATAGAAATTTCATGCTTATTTCAAGACCTTCTGATTTCATTAAAAATATTAATTTTCATCAATATGGCTATGTAGGCTATGGGCCAAGCGTTGCACATATGGCTTATGAATTTGCAACTCATCTAAACTATAAAAATATCATTTTCATAGGACAAGATTTAGCTTATGCTAAAGATGGATTTTCTCATACCAAAGATTATAGCAATCTTGATAAACATGAAGGACATTTTCAAAGAGATAAGGGAAAATTTCAATGTCTAGCCTATGGAGGCAACGGAAAGGTTGAAAGTTCAGGAATTTGGACTATGTTTAGATTCTCTTTGCAAAATACCATTTCAAGAAATATTATTTCAACCACCTACAACTGCACCGAAGGTGGAGCAAGGATAGAAGGAACTATAGAAAAACCTTTTTTATGGGCTTGTGAGAATTTACTTGATAAAGATTTAAATAAACCTTTTGAAAAATTAGAACCTTTAAGTTTAAATAAACAAAATGAGTTTTTACTTAAGGCTTATTATAAAGTTTATCAAAGTATTAAGCATTGTAGAGATTTTAATAAAATTCTAAGTAATGATTTTGAAAATATACAAAGTATATATTTGAGTTTAAATGAAAAAGAAGAGGATATCAATTTAGCTATTGAAAAAATAGATGAGTTTAAAAACAAACTTGAAGATATAAAACAAATGCAAGATTTGTATGATATCTTGCAATCTTTATTCATACAATTTGAACTTAATCTTGCTAGAATTTATGTTTTAAATCCTAAAACCAAAGAAGATGCTTTTAATAAAAGTATTCTTTGGATAAAAGAACATTTAGAATTTATGGAATTAGTTTATGGACATATTAAAGCACAAGAAAATGCTTTGATTAAAAATATACTTCCTTTAGAAGAAAAACTTAAAGAAAGAAAATTAGATAAATGGATGGAAAGGGTGAGAAGGTGAGAAATATTTTAGTTACAGGTGCTGATGGTTTTATAGGTTCTCATCTTTGTGAAAGTTTGGTCAAAAAAGGTTTTAAAGTCAGAGCTTTAAGCCAATATAATTCTTTTAATTTTTGGGGACATTTAGAAAAAAGTCCTTTTTTAAAAGACATGGAAGTTATAAGCGGGGATTTAAGAGATAGCTTTTTTTGCGAAAAAATTACCAAAAACATAGATGCGATCTTTCATCTTGGTGCTTTAATCGCCATCCCCTACTCCTACGCAGCCCCACAAAGCTATGTGGATACCAATGTTAATGGTACTTTAAATATGCTCGAAGCAGCTAAAAAAAACAAGATTTCACATTTTATCCACACCTCAACAAGCGAAGTTTATGGTACGGCCTTTTATGTGCCTATCGATGAAAAACACCCTTTACAACCTCAAAGCCCTTATTCTGCAAGTAAGATCGCTGCAGATATGATGGCACTAAGTTATTATAATTCTTTTAATTTAAATGTCAATATTGCACGCCCTTTTAACACCTATGGCCCAAGACAAAGCGCAAGAGCCATCATACCTACCATCATCACACAAATTTTAAGCGGAGCAAAGGAAATCAAACTAGGAGATTTAAGCCCTAAAAGGGATTTAAATTTTGTGCTAGATACTTGTGAAGGTTTTATCTCTCTTTTAAATTTAAAACATTTTGGAGAAGTTTATAATATAGGCTCAGGAGTGGAATACTCCATGCAAGAAGTACTTGATCTCATACAAAAAATTTTAGATTCTAAGGTAAAAATCATCCAAGATGAGCAAAGATTGCGTCCTAAAAATAGCGAAGTTTTTAGACTTTGTTGCGATGCAAACAAGCTTAAAAAAGCTACAAATTGGCAAAGCAAAATAAGTCTAGAAGAAGGTTTAAGACAAAGTATAGAGTATTTTAAAGAAAATTTAGAAAATTATAAAAGTGAACTTTATAATGTTTGAAAAAGAAATTTCTTTTATAAAAAGTCTTTTCAATAAAGAAAATATCGCCCTACATGAGCCTTGCTTTATAGGCAATGAGAAAAAATATCTCTTAGAATGTATCGATAGCGGTTTTGTTTCAAGCGTAGGAGAATTTGTAACGCGTTTTGAAGAAGCTTTAAAAGAAAAAACCAAAGCACGCTTTGTCATCGCTACAAATACAGGCACAGCAGCCCTTCATATCGCTTTACTAGCCAATGGTATCGATGAAAACTGCGAAGTCATCACTCAAAGCATAAGCTTTGTCGCCACGGCCAATGCTATCGCTTACACAGGCGCAAAGCCCGTTTTTTTAGACATAGATGAAAACACTCTAAGTTTAAGTCCTAAGGCTTTAGAGCATTTTTTAGAAAATCAAACTTATCAAAAAAATGGTTTTAGCTATAACAAAACTACACATAAACCCATCAAAGCTTGTGTTATCATGCATACCTTTGGTTTAAGCGCTCATATCAAAGCCCTCAAAGAGCTTTGTGAAAAATACCGCATTCTTTTAATCGAAGATGCTGCAGAAGCCTTAGGAAGCACTTATGAAAATAAGGCCTTAGGCACTTTTGGAAAATGTGGAATTTTAAGCTTTAATGGCAATAAAATCATCACAGGCGGATGTGGTGGAGCGATACTAAGCGATGATGAAAATTTAGCTAAGCTTGCAAGACACCTTAGCACCACAGCCAAAATCCCCCATCCTTACGAATACGATCATGACATGATAGCTTATAATTACCGTCTTTGTAATGTAAACGCAGCGATCTTGCTTGCAGGACTTGAAAATTTAGAACCTTTTTTAGAAAACAAAAGAGAACTTGCTAAAATTTACAAGGATT
NZ_CP140394.1_gap32	1286949	1289794	2845	ACAAAAAGATGTTTATAGTGTTTAGCTAAATTTTTAATCAGTAAAGCATTGCCTATACCATAAATACATATAAAAGGATATCTAGGAGTTTTTTCTAAAATACTTTGATAGAAAAAATTTAATTCTTCTTCTAAGTTTTCATACATGAAAACATTATGAGTTTTATCAAAGATATTTAAATTTTCATCCATACTAAAACGGGAACAAGTTTTATTTTGTATGAAATTTAAAAGTTTATTTCCTAAGGGTTCATTTACTCCACTTAATAAAGCTTGTATGTTTTTTTCTAGTAGGCTCATTAGCTTTCCTTAAAAGAATTGATAATAATATTTATTCTTTGATCTAATTTTTCTATAAAATAAAGCAACCATTCATCATAAGCCTTGATATAAGCGCTGATGAAACTAGCATGATCTAAAATATTTTCTTTATAAACTAAGCTTATCCTAAGTCCTCGTTCATAAATCACTGCTTTTAAAATACCATCCTGTATAAACTCATCTGTATCTAAAGAGTGATTAAAATTTTCTATGTTTTGATAGACTTTTTCTAAAAATTCTAAAGGTAAAAGAAAATCTTTACTGAGTATATTTTCTAAAATTTGTTTTAAAGCTAAGGCATCGTCTAAAAATCTTTTAGCATTATCTTGATCTTTTTGTATTTTTTCTTTGAATTTAACTAGGAGTTTATCACTTCTGTTTGGGGTTAAACTTTTTGGAATATCAAATTTGGGTTTTTCTTTTGTAAGGAGTTTTTCACAACATTCTTTAAAGGAAAGTTCCTCAGTAAAATGAATCCTTGCTCCACCTTCAGTAGCATTGTAAAATTTAGCTTCTTTACTGTTGCAAGCAAAAAGGTATTCAAGCTTTATGCGATAATCATTCCAAGCAATATGAGTTAAAACTTCACCTTTACCTGCATAGGCGGGGACTTGTAAAGTTGGTAAATTAAGAGTATGGTCTATCCTTTCACCCAAAGCAAAACCTTTTGAGTGTGAATTTCCTTCTTCATCAAAGGCTAAATCTTGCCCTATCATGATGATATTTTTAAATCCTAAAGCCAAAGCTAAAGTATAAGAAAAATGACTTACATGAGTACCTGTATCGATATAGCCAAAGTCGCTAAGATTGAAGCGTTGGTATAAAGGATCATCTCTTAAAATCACACTTTTATTATCTAGTACACGAACCAAACTAGGATGCGTGGCGCATGAAAGCATATTTAAAGAAGTTTTATTTTCTTTATTTTGAAAAAATCTTAAAGGCAAGTCTTCAAAGTCAATATTTAAAACATAATCAGGTATTATGCCTTCTTTTTCAAGCATGCTTAAAGCCCCATCAGCACAAAAGATCACTGCTTTATCTTGATAAGCTTTAAGTAAAGGAAGTTGTTTAGCTAAACTAGGTCCTGCAGAAACTACTATAGCATTTTCAAATTTGTTTTTTCTTTCACTTAAGATTCTTTGAAAAGGAATGCTTTCAAGCATAGAAGGGATGTTTTGTAAAAGATGAGAATAACACTCAAAACCGATACATAAACTAGAATTTAAATTTCTTATCACAACTTTTATATTTTTCTCGCAAAGCTCATCTGCTTTATGCCAGACATCCTCATAAAACTTTTTATAATAAACATTATTCACAAACATCTCATACAAACTTAAGTACTCAAACATATCTTTCATATCAAAAAGTATAAGCAGTTGAATATCTACTCTTTCTTCTTCGATATCCACAAGATAAATTTTTCCACTACAAAGCTCTTCACTCAAATCTAGCACACTTAAAGCCAGGATGAAAAGTTCTATTTCGCTTTCAAATACAAAAAGATGTTTATAGTGTTTAGCTAAATTTTTAATCAGTAAAGCATTGCCTATACCATAAATACATATAAAAGGATATCTAGGAGTTTTTTCTAAAATACTTTGATAGAAAAAATTTAATTCTTCTTCTAAGTTTTCATACATGAAAACATTATGAGTTTTATCAAAGATATTTAAATTTTCATCCATACTAAAACGGGAACAAGTTTTATTTTGTATGAAATTTAAAAGTTTATTTCCTAAGGGTTCATTTACTCCACTTAATAAAGCTTGTATGTTTTTTTCTAGTAGGCTCATTAGCTTTCCTTAAATTTTATCTATTTTTAGTGACATTTTGTCATCTTTTTCGCTAAATTGATACAACAAATCCTCGCAAGGATAAGAGATACATTTTTCTTTATAATCTTTTTTTGAATTTTGTTTTATTTTTTCTAGCATTAAAGGAAGTTCTTTCTTAATCAAAAGTTTTACCGGAATTCCCATGCCATGATTTAAGTTTTTAATAAATTTTCCATCAACTTGAGATTCTTTAGTAACAGAACACAAAGTTACATCAAAACCAAGTTTCTCAAGCTCTTCATAGAACATAGTTTTTTCTTTTAAAGAAACATACTCATCATATAACGAATGATAACTTATAAAGCAAGTTTTTAAACATTTTGATTGTTCTAAAAGATGATCTTCCTCTAAAAGATTTCGAATTTTTCTTCTTGCGGGAGAAAAAAAACGAGGCGATGAAGAATTACTTGTCCAAAAAGTTTTTGTCGAACAGTGTGTATTGATATGATGGAAAAAATCAAAAGTAGAAAATTCACTACACTGCATAAAATCTATTTCCTTTCCAAAACCTACAACTCTCCATAAAAACTTCGCGTATGCAGAATTATCCAACACTCCATCTACTAACCAAGGTGCAATCTTAGCCGCCAAATGTGCTAAATATCCCCCATGAGAACTACCTATCATAATAACGGGTATACCCCCCCCCATAGTATCAAAAGGAGCATGTTTTTTAAGGTAAAG
NZ_CP140394.1_gap33	1313453	1317047	3594	CTTGAGTATAAGTTCCTTGCACGGTTAAATCATTCAAATCTTCATTTCCAGGTCTAACTATGCCTTTATTGTTTAAATTTTGCCCTACAATACCATTACCGCTTAATATTGCTTTTTGTTCTACATAAGCATTATTTTTAACTTTTCCTTTAAGCTTTAATTCTCCTTGTTTGATTAAAGTTGCACCCTCATAAGTATTTTGACCACTGATAATCAAAATACCTTCACCTTCTTTAGATAACCCTATGTTAAGATTAGCTAAATGTGTAGGTTTATTAATAGCACTTGATAAATGAGTACTTTCATCCCATTTTCTTTGACTAATATCATTAGAAAATTCAGCATCATAACCTGCAGTGTTTATAGTATAATAAGCTGTATTAGGTTCTTGCTCATATTTTAATACATCCTGATCACTGAGTCTGTTTGCATCTAAAATACTCAGTCCTTTTAACGCCTTTTGTGCATCTAAAATTCCTTGTCCAAATAATTCTTCTTTCTCAACTCTAACTACTCCATTAATAGAACTAATAGTGGAAGTATTAAGTTTTTGTGACTGCGCACTATCTCTATTATCCCAAATATAATCACTATAATCAATCCATTGTCCATTAACTTGAACTTGTATTCCATTGTAAAGCTGTTTTAAATCCCGTTTTATTTCATCTTCTATCCCAGGTGGATCTTGCGAAATATACACAATAAGAAATTTAGGTTGATTTGTTCCATCGGTTACTTGTTTAACAGTAAATTTTGGAGCCTTATAATTTTTATTTGCTGTACTTAATAGTATATCAGCAATTTGCTTACCATCCAAAAAGGGGAAATTTTGCTTGACCAGTGCCGCTGTTCCACTTACCATAGGTGCTGCCATAGAAGTTCCACTTTTTTTTGTAAACTTATCATTAGTGCTTGAATCAACATTATTAATATTTACTCCAGCAGCAACTAAAGAAAAATTCGTAGCCCCCTTAAAACCATTACTAAAATCAGCCAAACCTTGACTTTTAATTATTAAAGTCCCATCTGATTCTAAAGTAATCTCATTTGCATCCAAAGCTCCAACAGCCAACCAAGCTCTTAAAGATTCATCATAACTTGGTAAAATCGCATGCAAAGCAGGGCTAAGAATTCCTTCATTACCAGCAGCAAATACATTTAATACTCCCTTGTCCTTGCTAAGCCTCATCATATCATTAGCAACCTTATCTGCTTTCATAACATATTCCAAAGGAGTATTACAGATATTATAGCTTGTCCCTTGATTAGTTTGAGTACAATCTACTAATCCAGAATTTGAAGCCTTAAGATTAAAATAAGGATAAAAATTAATACCCCAGCTATTATTAATAATACTCACATCTTTGAAAAAATTATAAATATCAGGAATTTGAGTGTAAGAGCCATTTGGAAACACCCCAGCTCCATAAAATTTTGCCCCATAAGCCACTCCATAAGGTTTGCTATCGCCTATCTTTGCTCCAACAGCTATACCTGCTACATGACTTCCGTGAGTTGATTTTTTCAAATCAGGTATAAGCTGTTTCCCAGCTGTATCAGTAGGATAAGTAGACTTTAAAATCTTATCCTTTAAACTAATATGATCTTGATTAAAAGCATCATCGGCTACACCTATTATAATAGTATCTCCGCTATACCCTAGCTTATGTACTTTATCAATATGATGAAGTTCAAATTCGCTTAAAGCAAAAAGTTTACAAACTAAAGTTAAACAAAAAAATTTTTTCATTTCTATTCTACCGTTACGCTTTTAGCCAAATTTCTTGGCATATCCACATCATTGCCAAGTCTTATGGAAATTTCCATCGCCAAAAGTTGAGTAATGACCATCATTTCAAAAAATTCACACATATAATGATCTTGCTCATTGGTTTTTATAAAATCATCACTTAAATCAAATTCTAAAGGTGAAATGCTAAGCACTGTAGAATCCCTAGCAATAAGCTCTTCAACATTTGATTTTGTTTTTTCATAAAGCATGTGCTTTGGCATTAAAGCTATAGTATAAAGCTTAGAATCAGCCAAAGCAATAGGGCCATGTTTCATCTCTCCTGCAGGATAACCCTCAGCGTGAAGATAAGATAATTCTTTAAGTTTCAAAGCTCCTTCTAAAGCCAAAGGATAAAACACATCTCTGCCTATAAAGAAAAAGCCATGTCCATCTAAATAACGCTTGGATAAACGATGAATTTTTTCATGTAAAGCCTGTTTTACACTCACGCAATTTGGAGTATGCAAAAGTGCTTTAATTTCAGCAGAAACATTTAAATTTCTTTTTTGTGCCATAAAAATAGCAAGCATCCAAAGTGTTAAAACCTGAGTAGCAAAAGCTTTAGTTGAAGCAACTCCTTTTTCTATGCCCGCACGAGTTAAAAGACTTAGATGTGCTAAACGCACTATATTAGAATTATCCACATTGCAAATTGCAAAAGTCTTAGCACCCTGCTCTTTTGCAATCTTTAAAGCCTCTAAAGTGTCTGCTGTTTCTCCACTTTGAGAAATAACGATAAATAAAGAATCTTTTTTTATAATTGCTTCACGGTAGCGAAATTCACTTGCAATTTCTACTTTAGCTTTAACTTTAGCAATTCTTTCAAACAAATAAGCACTTGCCATTGCAGCATGATAGCTTGTTCCACAAGCACAAAGCGTGATTTCATCTACTTGACTTAAATCTTCATTGTTTAGCTCATCAAAAACGACTTCATCACCTTGAATACGCCCCATTAAAACTTCACTCATCACGCGACTTTGTTCATAAATTTCTTTTTCCATAAAAAAACGAAAGCCGTCTTTTTTTGCATAAGCCTTATCACCTGAAAGCTTAGAAAAACAAAGTGATTTTAAAATATCATTTTCATAAACGACAAGCTCATCTTTACTCGCGTATCCCAAGCTTAAATCTTCAAGATACATTACCTCATCACAACTTCCTATCAAAGGCGCATCACCTGAAGAAAAATACCATTCTTTATTTGCATTTTTACCGATAATCAAAGGAGCAGCATTTTTTGCAAAATACACATGATTGGGATCTTTTTTTGTTACTAACAAAGTAGCAAAAGCACCGCGAAGTTCTTTGATGGTTTTTTGCCAAGCTTCAAAAACTCCCAAATTTCTTGCATAAAATTCAAAAAGCTGAACAATCACTTCTGTATCTGTTTGACTTAAAAAACTCACGCCTTCTTTTTCAAGTTTATCTTTAATTTCTTTATAATTTTCTATAATACCATTGTGAATCACGCAAGAATACTGTCCTAAATGAGGGTGTGCGTTGATTTCAGTAGGTTTACCATGGGTTGCCCATCTTGTATGACCTACAGCAAAACCATAACCTTGACTTTCAAAATCTGTGCATTTATTCGCCAAATTTTCAAGCTTTCCTACAGCTTTAAAAAAACTAAGTTCGCCTTCTTGCATCACTGCCATACCCGCACTATCATAGCCACGATATTCTAATTCTTTAAGTCCATTTAGTATAATTTGTTTTTTTTCATTATTTCCTATATAGCCTACGATTCCACACATTTTTTTACTCACTTATTAATAAATTAACTAACTTTTGCTCGCTAT
NZ_CP140394.1_gap34	1328523	1329728	1205	ACAATACCCACAAGTCGTACAAAGAGAAGCATTAAATTTCAAAGCATTTTCTTGTTTATCAGCGATTAAAGCTCCTACATTACAAGCACCCACGCAAGAAAGACAAAGCGTACAGGTGTTAGGATTAATTTCTACCTTACCATAACGCAACCATTCACCACTTTCTATACTGCCAAAATCTTCATTTTTTATCATTTCTTGCATTCTTTTGGCAAAATTTTCTCTTGTAGTTAAGGTGTTGTTATGAAAATCATATTTTAAATCTTGTATGAATTCTTGCTCTTTTAAAACATTTTGCAATTCTTTTTCATCTTTAGCAACAAAAATAGCTTTTTTTTGAAATTTTCTTTCAAAAAAAGTATTTAAAAGTGTAATGGCTTCATTGCTACCACGAGATACAAAATCCGTATAAAAAACTAAATTTGCTCCACTATTTTGCAAAAGCGCTAAAAAATGCACAGAAGAAAGCCATTTTTCACCCTCTATCATAAAGGGTAAAACATCTTTTGGTAAAGTAAGATTTAAATTTTCTAAAGACATTTTTTTAGGAATGATTAAAATTTTTTTATCTTTATAAAACTCACAAAGGATAAAAAAACTTTCTCTTGGCATAGGAGCATAATCAAGCGATCCGCTAGGACACACACTAATACATCCTCCACAACCCAAACAATCCACTTGAGAAAATTCCAAATGTTTGTTTTCATCATCTTTTAAAATCGCCACAGTAGGACAAATTTCAGCACATTTTGCACAATGCTCACTGCGTCTTTCGTGGTATTGGCACACGCTAGCATTATAGCTAATATAAGTTTTATAATGATATTTTGGACTTTTGCTTTGTAAAAACTCAAGCAATACTTCAAGATTTTCAAAATTTAAAAGATTATAACATCCACTTTGTCTTGTAAAATCTTTACGCACAACGCTTAAATCCTCAGCTTTAAAAAGTAAAAAATCAAAATCTATTTCCACTTCTTCGCCTTGATTTTTAACCACAGCACAAAGCTCCCCTACACTTCCAAAAACAGCTAAAATTTCTACACTGCTTAAAGCAATAACCTTAAATCCATGTTCTTTTAAAAACTCTACGGTTTGAGTATCGCTATCTACTAAAATCAAACGATTTTGCACTTCTTTGCTTTGTTCTAAATCAAGCCCTAAATCATAAACACTAGCTCTTGCTTCATAAAGCGTTAAAACAT
NZ_CP140394.1_gap35	1451239	1452876	1637	ATTAAAATAACAAGTCCAATAACAACAACAGCTGCCACAGAAAAAATAAGTTTTAAACCTATATTTAAAGATTTAAACATCTTATAACTCCTAAAAAATAAAAAATTTAGATTCTAATTTTAACATATTTTTAAAAAAATAATATTAATTAATTATAAAAAAATTATGTATTAGTATTTTTTGATAGAAGATTTATTTTTTTCCTTTTAAAAACAATTCTTTAAAGCGTTTATTAGCGTATTCTTCTATGTCTTTTTGCAAAATAGAGTAATTTTCCATCAATTCCATAGCTCTAGGAGTAAGTTTTGTTCCTGATTCTTTAGAGCGTCCTTGTCTTGTGCTAACTAAAATTTCTTGAGAATTTTTTTGTAAGGTTTGTAAATGCATCCAAGCTTTTTTATAATTAATCCCCATAAGTTTAGAAGCATGTAATAAACTACCTGTTTGTCCGATAAGTTCTAAAAGTTCTGTTTTTCCTCGACCAAAAAGCAAATCTCCATCCGCATTTTCAATCCAAGTTTTTGTTCTTACTATAAATTGCTTACCTTTTTTTTCTTTAAAACAACCAAGTTGACAATACTTTACATCAACCTTATAAGTTTTTAAAGCTGAACGCATACTTTTAAGTCCACAACCTTCTTTAGCAATATCTCTTGCATCTTTACAAAAAATTCTACGCTTTTCATCTAAACTAGGTTCTATTTTTTTAAGCACTTCAATCTTTGCTTTTTCAAAATCTAAATGTCCAAATTGCCCCAACTCGCAATTATCAATTCTCATGTGATTTTCATCGGCTAATTGTCCGATTTTTTCTATATTTATATTAAATTTCTTTGCAATTTTAAAAGCCGTACCACAATCTAATTTTTCATTGCTATTTAACAATTCTCTCATATATGAGATGATTTCTTTTTCTTGATTTTTATCCATGAATTCTAAATTCTCCACTATAAATATTGATCTTATTTTCTCTAGCAAAACCACAAAGCGTTAAATCAAATTTTCTTGCTATCATAACCCCTAAACAAGTAGGAGCCGTGCGTGAAACAAGCACTGGAATTTTATGCATAACTGCTTTAGCTACCATTTCAGAACTTAGCCTTCCACTAACCATTAAAAAACATTGACTTAAATCAACCCCAGCTAAACGCGCTTTTCCTAAAGCTTTATCTATGGTATTATGCTGAGCTATATCTTCACCTATAAAAAAAGTTTTCTCATCTACAAAAAGCTTAGCTGTATGTACACAGCCTGTTTTCTCATAAAGCTCGCATTGAGTATAAAAAGTACTCATTTGTTTTAAAATTTCATCTTTGCTAAATTTTGCATCAGAACTAATTTTACTCGCTTCAATAGCTTCTGGATCGATATTGGCAGTATGTGCTCTACCGCAACCACTTATAACTACACCTTCAGCATTAAGCTTTGCTAAATTTTCTTTATCAATCTTTGCTTTAATATGCACACTCATACCATCATCTTTTGTTTCTATGCTCTCAATATCGCTTACTTTCGCAATGATATTTTCACTCATTAAATATCCTATTGCTAATGCCTGTTCATCTACAGGAGTTGCCATTAAAGCACCTACTTTTTCATCATTAATAAAAATTTCAAGCTTAATTTCACGCACTAAA
NZ_CP140394.1_gap36	1459561	1462981	3420	AGCAGGCGAATAAGTATGAATTTCTTTATCCATGTATTCTTTAGCAAATTTTGCTTCCCAAAGTCCGCTACAAGTACAACCTTTTAAGTATTCTCCAACAATTTTCATCGCTCCTGAAAAAGCAAAACCTTTTAAAGCTAAAAGCACTTTAGCACCACTTTTTTCGCCAACACTTACTAAAAGCTCACAATTTTTTCTTAATTTATCTTCTTCTAAAATATAAGCTGGGGTTTGAATTTTTTCATAAAACATTATTTTTCCTTGATTAAATTGCTAAAATCATAACAAAATTAAACCAAATTTTCAAAATAAATATTTACTAAAGTTAAAAAAATAATGACTATAATACAAAAAATCAAGCAAAAGGAAAAACTAATGAATAGAAGAAATTTTTTAAAATTTAATGCACTCACTCTAGCAAGTATGGGTGTAGCCTATGCAAATCCTATGCACGATATGCACTCCATGCATAAAAATCATTCTATAAATCATGACTTAGATACTTCTTTTATAAACTTTGCTCCAAAAAATTTAAAGCTTTTAGATCCAAAACAATTCCCCCAAGGAGAAATTTTAAAAGCCTTGCCTTTGCTCAAAAATGAAAGTAAAGAAAAAAATATTTTTCGTGCTACCCTAGAAATCAAAGAAAATCATATAGAGCTTATCAAAGGTAAAAAAACCTTATTTTATACTTACAATGGTCTAGTACCTGCTCCAAAAATAGAAGTTTTTGAAGGAGATAAACTTGAAATTTTAGTCAAAAACAAACTCAAGGAAGCTACAACTATACATTGGCATGGCGTTCCTGTGCCACCTGATCAAGATGGAAGCCCACATGATCCTATCTTAGCAGGAGAAGAAAGAATATATCGTTTTGAAATTCCTCAAGATAGCGCAGGAACTTACTGGTATCATCCGCATCCTCATTATACCGCTTCTAAACAAGTTTTTATGGGTTTAGCAGGGGCTTTTGTGATCAAAGCAAAAAAAGATGCTTTAAGTCATTTAAAAGAAAAAGATTTGATGATTAGCGATTTGCGTCTTGATGAAAACGCTCAAATTCCGAACAACAACCTAAATGATTGGCTAAATGGTAGAGAAGGAGAATTTGTACTCATCAATGGACAATTTAAACCTCAAATCAAACTCGCCACAAACGAACGCATACGCATTTATAATGCTACTGCGGCAAGATATTTAAATTTACGCATACAAGGAGCTAAGTTTATACTTGTTGGTACTGATGGTGGACTTATAGAAAAAACTATTTATAAAGAAGAACTTTTCTTAAGTCCTGCTTCTCGCGTAGAAGTTTTAATCGACGCTCCAAAAGATGGGAATTTTAAGCTAGAAAGTGCTTATTATGATAGGGATAAAATGATGGTAAAAGAAGAACCTAATACCCTATTTCTAGCCAATATTAACCTAAAAAAAGAAAATATAGAACTTCCAAAAAATTTAAAAATTTTCAAACCTTCAGAAGAACCTAAGGAATTTAAAGAAATAATCATGAGTGAAGATCATATGCAAATGCATGGTATGATGGGAAAAAGTGAAAGCGAATTAAAAATCGCTCTTGCGTCTATGTTTTTAATCAATGGCAAAAGCTATGATTTAAAACGCATTGATTTAAGCTCCAAACTTGGAGTAGTTGAAGACTGGATAGTGATAAATAAATCTCACATGGATCATCCTTTCCACATACACGGCACGCAATTTGAACTCATCTCATCAAAACTCAATGGCAAAGTTCAAAAAGCCGAATTTAGAGCCTTAAGAGATACTATAAATGTGCGTCCTAATGAAGAGTTAAGACTTAGAATGAAACAAGATTTTAAAGGACTTAGAATGTATCATTGCCATATTTTAGAACATGAAGATTTAGGAATGATGGGAAATTTAGAAGTAAAGGAATAAAATGGTAAAAGTGGAATTTTTAGGCCCCATAAATAAAGAAAATTTAGAGCTTGAGGTAAAAAATTTAAAAGAATTAAAAGAAATTTTGCAAAAAGATGAGAGTTTAAAAGAATGGCTAGAACTTTGTGCCGTATCTTTAAACGATGAAATCATTTTTGATGAAAACACTAAGTTAAAAGATGGTGATAAAATAGCACTTTTACCGCCAGTTTGTGGAGGTTAAATGGAACATTTTACACTCTATCAAGGTTCTTTAGATATTCCTAAAATTTATAGCCAATGGTATGAATTTGCCAAGGATAAAAACTGCGGTGCTTTGCTGACTTTTTGTGGTATTGTGCGTGAAGAAGGAGGCATTGAGGCACTTAGTTTTGATATTTATGAGCCGCTTTTAAAAAAATGGTTTGATGAGTGGCAAAAAAGAGTAGATTTTGATGGTATTAGCTTGCTTTTTGCTCACTCTATAGGCGATGTGGCGGTTCATGAAAGCTCTTATTTTGCAGGAATTTTAAGCAAACAAAGAAAATTAGGACTTAAACTTCTTAATGAATTTGTTGAAGATTTTAAAGCAAGTGCACCTATTTGGAAGTATGATGTGATAAACAAAGAAAGAATTTATGCCAAAGAAAGATCAACCAAACTTTGCGGTGCAGGACTTTTAAAAGGATAAAAAATGTTAATGTCTTATGAAGAAAGTTTAAAAATTTTACACTCTCATATCAAAACCTATGAAAAGATTGAAAAAATAGCTCTTACAGAGTGTTTAGGACGCATTTTAGCTCAAGATATAAAAGCCCCTAAAAATCAGCCTGAATTTCCAACCTCGGCTATGGATGGTTATGCGATCAAATTTGAAGATCAAGACAAGCCTTTAAAAATTTTAGGCCTCACACCTGCGGGTACTATGCCACAATTTAGCGTACAAAATGGCACTTGTGTAAAAACCTTTACAGGCTCACTCATGAGCGAAGGAAGCGATACTTTAGTCCCTGTTGAAAATATACGCATAGAAAATAATACTCTTTTTATAGAAAAAAAAGTTCCCCAAGCTTTTGCCGTGCGTGCGGTAGGAGAAAACTATAAAAAAGATGAAATTTTACTCAAAAAAGGCACAAGGTTAAATTATAGCGAGATAGCTCTTTTAGCTGAACTTGGATTTTTTCACATTAGTGTGTTTATAAAACCTATTGTAGGGGTTTTAAGTAGTGGAAGTGAGATCAAAGATCTAGGAGAAGCCTTGGAAAATCCTGCTCAAATCCGCTCTTCAAATCATATCGCCATAGCTAATTTAGCTAAAAATTTAAATTGCGATACAAGGGTTTTTCCTCTTTTAAAAGATGATGAGAAAGCCACTTTTTCCACCCTTGAAAGTGCTTTGCAAAGTTGTGATATTTTGGTTACAACGGGCGGGGTTTCTATGGGAGATTTTGACTTTTTAAAAAAAGCCATCAAAGAATACGAAATCATCATCGATAAAGCCGACATAAAACCAGGTAGACATAT
NZ_CP140394.1_gap37	1477617	1479102	1485	AATAATTATCATAATCTTTAATATCAAAAACCCATTCCATAGTCATTTGTGCCCAAAGTATATATCCTGCACTTGCATGCATAACTCCTTTTGGCTTGCCCGTTGATCCTGAAGTGTAAAGCAAAAACAACAAATCCTCACTATCCATAATTTCGGGTTCACACTTATAAGACTCATTTTTCACAAGTTCGTTATAAACATAGTCCCTTCCTTTAATATATTCTATAGGCTCATTATTGCGTATAACTATAAGTACTTTTTCTACACTTTCACACCCTTCACTTAAAGCCTTATCTACTGCAGGTTTTAACATATAAGGTTTGCCACGACGAAAAGCACCATCAGCCGTTACTACAAGTTTAGCTCCTGCATCTATAATTCTATCTCTTAAGGCTTCAGGAGAAAACCCTCCAAATACTACACTATGAATAGCCCCAATCCTTGCACAAGCTAACATTACTATAGCTGTTTCTGGAATCATAGGCATATAAATTACAACCCTATCGCCTTTTTTTACTCCGAATTTTTTAAGCAAATTGGCCGCCTTGCAAGTTTCATGCAATAATCTTCTATAAGTATAAACTTCATAATCCCCCATTTCACCTTCAAAAATCAAAGCAGCTTTATTGCGTCTTGTTTTCATATGACGATCAAGACATTGATAACTTACATTTAAAGTTCCACCTTCAAACCATTTATAAAATGGAGCTTTATCCTCATTTAGCACTCTTGAAAAAGGCGAAAACCACTCAATCTTCTCAAATGCTTGTCTTTTCCAAAAACCTTCAAAATCTTCCTTGGCTTCATCGCATAAATCATAGTATTCACATAAATTTTTTATACGAGCATTACGAGAAAATTCTTTACTTGGCTTAAAAAGCTCTTGATTATTTTGATTAAGCATAAAAACTCCTTTATGGTTGTTTTTAAACATTATATAAGAGTTTATTTGTATTAAATACAAATTTAAAAAATAATTAAGATAAATTTTATAAAAAATGGGAATATTTGTAATATTTTATTTAAATTTTATAATGTATGTTAATTTAAGAAACATATTGCATCTTCATAAAAATAAAGACTAAGTTCTTCGTATAATTTTAAATCGAATCTTAAAAATTCTTGTTTTTCCAAGGCAAATTCTAAAATTTTATCCATACAACTTACCCTTATAAAAACATCACTTTTCCTACTTCTAAGTGCTATAATATAACATTTTTCTAAAATAAAATCATAATTATTTTTTGGAATATTTTTAGAATTAAAAAAAGAAATTTTATAAGGATCAATAGCAATTTTGCTTGGAGGTTTTTTAAAATCTTTATATTTTTTACAATTACTAAAATCTATAAAATTACAAAATTTCACACCTTGATTTTCTAGTTCAAAAACATTAGTATTTTCAAATTCTAAAATTTCTCCACTGTGCAAATAAAGTTTTTTTTGCGCCAAAGAATCTAAAAAATGTTTATCATGACTTGCGAT
NZ_CP140394.1_gap38	1493337	1495107	1770	CTCACACTAAATAAAATCTCACCCTTTTTAGCTATTTTTTTATATTCAGTGCAATATGTATCAAAATAAGGATATTTCCTACCAAAAGTCCTATTGCCTTGTAAAAATGGCATACCTATATTATCAAAATTATAAAATTCTGATTTTGGAGATTGCCCCATTGTTATCTCTGCAATATCCCCAAGCTTACATTTTTTCCAATTATTCATATCTTAATCCCTTGGAATTTATTTGCGTAAAAAATCCAAAAAATACACGAAATAAATTCGAGAATTTAAATTCGGAATTTCCTTTGTTTAAGCTTGGTTTAAAAGATAATGACGAAAGCATGACAGAAGAAAAAACGCTAAAAGCTCGTATTTTAAAGCTATGTGATATATAATTTAAGCTATTTTTAAATAATTTTGACGAAAGCATGACATAAAACCTAAACAAAAAATGGAACATATTTAACATGTTTTGTAGATTTATTTTCTGGATCTTGCTGCTTAATCAAACCTGCCTCTAAAGTATCGCTAATTATTTTTGAAGCTTTTGAATGTTGCTTATCACCTATTTTAAATCTAGCTCTTAAGCTAGCATTTGTCATGGCTTCTCTTGAAGCCCATTTTAAACAACAATGTTGATATGTAGCTCTTATTCTATCTTGTTTGGTCATATCTTCTAAGGGCATATGAGAAAATAAAATTGCCTGAAAATAATCTTCATTATTTATAAAATCTGGTGCTGGCAATTGATAAGCTTCAACGCTATCTATAACCTTATCCACACCAGAACCCCTTTCTTCACATATACCCATTATTCTCATTAAATTAGCCAACTTATCATTCCGTGACTTTGATGGCATGTCTATTAATCGTTTAATATCTATAAGAGATTTTCCATTGTTTGTTATTTCTATTCTATCGCTATACATTTCAATCATTGGATTTCTACCATTTATTGTAAAATCTTGATGAATTATCGCATTAGCTACAAGTTCCCTTATTGCGATTTCTGGATATAAAGTAGTATCTTTTCTTATCGCATTCTCTATCACTTCATTTTTAGGAACATACTGCATTATATATGAAATCAATCCTTGAAAACCAATAGCATATCCTTTTCTACCTTCTAATTCTTCTAATGTATGAATTTTGTTTTTACCTTGATACCTTATAAATCTAATTCTTTTTCTATTTAAGCCTTTAAATTTTGTTAAATCTTTTGCAAACAAGATAGCACCTAAATTAGTAATAGCAAAAGAATCATTCAAATTTTTAACTAAACCATGCTCAATTAATTTTTCAATAATATATTCATCTGAAGAATAATTATCGTAAGATATATCTAACATATCAAAACACTTACTGTAATCCAATAAATCATATATATCTTGAATATTTAAATTTGATTTAGCTATTTCATTTTCAAAAGAAAAGCCTGAAAGAACTTGCCATAATTTTTTCTCTTTTTCTGGATATTTATCCAATTCTTTTCTATTACTGCCTATCCTTATATAAGCTTTTTCTTCAAATTTTATTGGTGAAATCTTAGTTGCCTCAATTTCAAATACCACCAACCTGATTTCTTTTTCCGTTATTTCATGAATTTTAAATTCTATATTAGGTTTTAAAACTTTATGCAACCAACTTTCAAGCTCTTCATTTCCCTTTTTTTCTTGTTTTGGTTTAAAATTTGTACCGACAATATTAAGCGTACCATCTTCAATGCCAAAAATTATATATGCTTTATCTATACCCAGTAAAGCAGCTGTATTTGACAAAGCAG
NZ_CP140394.1_gap39	1645290	1645790	500	TTTACTAAGTCCTAAAAGCCTTTTTACCATAAAAGCAACTTGTTCTTTAGTTGCTTTGGCTTTTCCTGTAACGGCTTTTTTCACTTGTAAGGGAGTGTATTCTGCAAAGTCTCCATGAATTTGAAGAATTTTTAAAGATAGGGCTCCGCGAAATTGTGCGAGTTTTAAAACGGTTTTTGGATTGTAAGCAAAAAAGATATCTTCTATAGCCACCTCATCAAAAGAATGATTTTTAAAAATCAAGTCCAAACCCTCGCAAAGCTCTGTGATTTGATACTGTAAGGTACTTGGCTTTATCTTTATAAGTCCTGCTTCTATGAGAATGTTTTTTCCTTTGTCAGCTTCTATGATAGCATAACCGCAATTTCTCGAACCTGGATCTATACCTAAAATTTTCAAATTCATACCTTTTGAAAAATAAAATACAAAAGCGGATTTTAACCTTTTTTTATAAAATTTAAGATAAAATTTATACATTATGCAAAATTTAAAGAGAGATT
