gap_id	start	end	length	sequence
NZ_CP074448.1_gap1	1232	5563	4331	AAAGGAGTTAACCAACCACAGTCTGCCGGAAATCGGAGATGCGTTTGGTGGCCGCGACCATACGACCGTGCTGCACGCTTGTCGTAAGATTGAGCAGTTACGCGAAGAAAGCCACGACATAAAAGAAGATTTTTCCAATTTAATCAGAACATTATCATCGTGACGCTATGAAATTTACCGTTGAACGTGAACATTTATTAAAACCGCTGCAACAGGTGAGTGGCCCATTAGGTGGCCGCCCAACGCTGCCTATTCTCGGAAACCTGCTGCTTCAGGTCGCGGACGGTACGCTGTCGCTGACCGGTACAGATCTGGAAATGGAAATGATCGCGCGCGTTACGCTGACGCAGCCGCACGACGCGGGCGCGACCACGGTTCCGGCACGTAAATTCTTTGATATCTGCCGCGGGCTGCCGGAAGGCGCTGAAATCGCCGTGCAGCTGGAAGGCGACCGTATGCTGGTGCGCTCTGGCCGCAGCCGTTTCTCGCTCTCCACGCTGCCTGCTGCGGACTTCCCGAACCTGGACGACTGGCAGAGCGAAGTTGAATTCACCCTGCCGCAGGCGACGATGAAGCGTCTGATTGAAGCCACGCAGTTCTCCATGGCGCATCAGGACGTCCGTTACTACTTAAACGGCATGCTGTTCGAAACCGAAGGTGAAGAGCTGCGTACCGTAGCCACCGACGGCCACCGTCTGGCGGTCTGTTCTATGCCGATTGGCGACGCGCTGCCAAACCATTCGGTGATCGTGCCGCGTAAAGGGGTGATTGAGCTGATGCGTATGCTCGACGGCGGCGACACGCCGCTGCGCGTGCAGATCGGCAGCAACAACATCCGCGCACACGTGGGCGATTTTGTTTTCACTTCGAAGCTGGTTGACGGTCGTTTCCCGGATTATCGCCGCGTATTGCCGAAGAATCCGGACAAAACGCTGGAAGCGGGCTGCGATAGCCTCAAGCAGGCCTTTGCCCGTGCAGCCATTCTCTCCAACGAGAAATTCCGCGGCGTGCGCCTGTACGTGAGTGAAAACCAGATCAAAATCACCGCTAACAACCCGGAGCAGGAAGAGGCAGAAGAGATTCTGGACGTCACCTACGCCGGAACCGAGATGGAAATCGGCTTTAACGTCAGCTATGTACTGGATGTGCTGAATGCGCTGAAATGCGAAAACGTGCGCATTCTGCTGACCGACTCCGTTTCAAGCGTACAGATTGAAGATGCCGCATCACAGTCGGCTGCCTATGTTGTTATGCCAATGAGACTGTAATGTCGCTCACCCGTCTGTTGATCCGCGACTTTCGCAATATTGAAAGCGCGGATCTCGCTTTATCCCCTGGCTTTAACTTCCTGGTTGGCGCAAACGGCAGCGGCAAAACCAGCGTGCTTGAGGCCATCTATACGCTCGGCCACGGTCGGGCGTTTCGCAGTTTGCAGATTGGTCGCGTCATTCGCCACGAGCAGGAATCCTTTGTTCTGCACGGGCGTTTGCAGGGGGCGGAGCGGGAAACCGCGATCGGCCTGACCAAAGACAAGCAGGGCGACAGCAAGGTGCGCATCGACGGCACCGACGGCCATAAAGTGGCGGAGCTGGCGCTGCTGATGCCAATGCAGCTGATTACGCCGGAGGGGTTTACTTTACTCAACGGCGGCCCCAAATACAGAAGAGCATTCCTCGACTGGGGATGCTTTCACAACGAAGCCGGTTTCTTTAACGCCTGGAGCAATCTGAAGCGTCTGCTCAAGCAGCGTAACGCTGCACTGCGCCAGGTTACCCGTTACGCCCAGCTGCGTCCGTGGGACATGGAGTTAATCCCTCTCGCGGAACAAATCAGCAACTGGCGTGCCGAATACAGCGCAGGTATCGCCGAAGACATGGCCGACACCTGCAAACAGTTTTTACCCGAGTTCTCTCTCTCCTTCTCTTTCCAGCGTGGCTGGGAGAAAGAGACGGATTATGCCGAGGTGTTAGAGAGAAGCTTCGAGCGCGACCGCATGTTGACCTATACCGCGCACGGCCCGCACAAGGCGGATTTCCGCATTCGTGCCGACGGTGCACCGGTGGAAGACACGCTGTCGCGCGGGCAGCTCAAGCTCCTGATGTGTGCGCTGCGCCTGGCACAGGGAGAGTTTCTCACCCGCGAGAGCGGAAGACGCTGCCTGTACCTGATAGATGATTTTGCCTCGGAACTTGACGACGCGCGGCGCGGGCTGCTTGCCAGCCGCTTAAAAGCCACGCAGTCGCAGGTTTTCGTCAGCGCCATTAGTGCTGAACACGTTATAGACATGTCGGACGAAAATTCGAAGATGTTTACCGTGGAAAAGGGTAAAATAACGGATTAACCCAAGTTGAAATGAGCGAGAAACGTTGATGTCGAATTCTTATGACTCCTCCAGTATCAAAGTCCTGAAAGGGCTGGATGCGGTGCGTAAGCGCCCGGGTATGTATATCGGCGACACGGATGACGGCACCGGTCTGCACCACATGGTATTCGAGGTGGTAGATAACGCTATCGACGAAGCGCTCGCGGGTCACTGTAAAGACATCGTGGTCACCATCCATGCGGACAACTCCGTCTCCGTCACCGATGATGGTCGTGGCATCCCAACCGGTATTCACCCGGAAGAGGGCGTCTCTGCTGCGGAAGTGATCATGACCGTGCTGCACGCAGGCGGTAAGTTTGACGATAACTCCTATAAAGTTTCCGGCGGCCTGCACGGCGTAGGCGTCTCCGTGGTTAACGCCCTGTCGCAGAAGCTGGAGCTGGTTATCCAGCGCGAAGGCAAAATTCACCGTCAGCTCTATACGCACGGCGTGCCGCAGGCACCGCTGGCCGTTACCGGCGATACCGACAAAACCGGTACCATGGTGCGTTTCTGGCCGAGCCATGAAACCTTCACCAACGTCACCGAATTCGAGTACGACATCCTGGCGAAACGCCTGCGCGAACTGTCGTTCCTGAACTCCGGCGTCTCTATCCGCCTGCGCGACAAGCGTGACGGCAAAGAAGACCACTTCCACTACGAAGGCGGTATCAAGGCGTTCGTTGAGTATCTGAACAAGAACAAAACGCCTATTCACCCGAATATCTTCTATTTCTCAACCGAAAAAGACGGTATCGGCGTGGAAGTGGCGCTGCAGTGGAACGACGGTTTTCAGGAAAACATCTACTGCTTCACCAACAACATTCCGCAGCGTGACGGCGGTACTCACCTTGCAGGCTTCCGTGCGGCGATGACCCGTACCCTGAACGCCTACATGGACAAAGAAGGCTACAGCAAGAAAGCGAAAGTCAGCGCCACCGGTGACGATGCCCGTGAAGGCCTGATTGCCGTTGTCTCCGTGAAGGTGCCGGATCCGAAGTTCTCCTCACAGACCAAAGACAAGCTGGTCTCTTCCGAGGTGAAATCGGCGGTTGAACAGCAGATGAACGAACTGCTGAGCGAATACCTGCTGGAAAACCCGTCCGACGCGAAAATCGTTGTGGGTAAAATTATCGATGCGGCGCGTGCCCGTGAAGCGGCGCGTAAGGCCCGTGAAATGACCCGTCGTAAAGGCGCGCTGGACTTAGCAGGCCTGCCGGGCAAACTGGCTGACTGCCAGGAACGTGACCCGGCGCTGTCCGAACTGTACCTCGTGGAAGGGGACTCCGCGGGCGGTTCTGCGAAGCAGGGCCGTAACCGTAAGAACCAGGCTATCCTGCCGCTGAAGGGTAAAATCCTCAACGTTGAGAAAGCCCGTTTCGACAAGATGCTCTCTTCTCAGGAAGTGGCGACGCTCATCACCGCGCTGGGCTGCGGCATCGGCCGTGATGAGTACAACCCGGACAAACTGCGCTATCACAGCATCATCATCATGACCGATGCGGACGTCGACGGCTCGCACATTCGTACGCTGCTGTTGACCTTCTTCTATCGTCAGATGCCTGAAATCGTTGAGCGTGGTCACGTCTATATTGCACAGCCGCCGCTGTACAAGGTGAAGAAAGGCAAGCAGGAACAGTACATTAAAGACGACGAAGCGATGGATCAGTACCAAATCGCGATCGCCCTTGATGGCGCGACCCTGCACGCGAACTCGCACGCCCCTGCACTGGCCGGTGAGCCGCTGGAGCGTCTGGTGTCCGAGTTCAACGCCACGCAGAAAATGATTACGCGTATGGAACGCCGTTATCCGAAAACGCTGCTGAAGGAGCTGGTTTATCAGCCGACCCTGACCGAAGCCGATCTGAGCGACGAGCAGACCGTGACCCGCTGGGTGAATGCCCTGGTGACCGATCTGAACGAAAAAGAGCAGCACGGCAGCATGTGGAAATGCGATATCCAGCAGAAC
NZ_CP074448.1_gap2	64573	65544	971	TCATCATCAGCGCCGGAAATGACGTCCAGTTGAGCGCGGCAGATGTGGTTGCCGGAAGAGCGAAGGATGATTCCTCCCGCAAAACCGGCCATATCGATATCACTGGCGACAGCATTGCCATCCTTCCTGGACGGGATACGACCACTGAGTCCATGAAGCAGGAGTCCAAATCGTCTGGCGTCACGGTCAGTGTGAAAGCGCCATTTGAAGACACTGTGCGTAACGTGCGCGATATCGTTCGTGGTAAGGGCAACAGTGGCAACAGCACCGTCGATAAAGTGAAGGGGCTGGGGGCGGAAGGCGGTGCGCTCGCGCTTGACGGACCAGGCCAGATGATGGCCATTTCCGCAGGAAGCACCCGCTCTTCCTCTGAGTCGCACTACGAGGGCGAGTTTAACAGCGGCAGCCATCTTGCCGCCGCAGGCAATATCCAGATGACTGCCACCGGTAAACAGGGAGGCAGCAACAGCGGCAATATCCTGATTGCCGGAAGCCAGGCTAAGGCCGGTGAAACGGTGATCCTCGATGCGAAACGCGACGTTGATATCACCACCTCCACAGACAGCGAGAAATACGGCAACAGCACTAAAAATAGCGGCTGGAATCTCTCGAGCGCCCTGAGCGCCGGAAGTGCTGTTCGCGCCATTTCGGGTGGGGGTTCCCACGGCAATCAGCTCCTGCCGGGTGGGATGAGCAAGGCGGAGAGCAACAGTAGCGGCACCCGGACCACACAAAACGCGTCGGTCATTCAGGGCTCAGATATTTACGTTAACAGTCGTGACGGCAGCGTGAATATCAGCGGCAGCCTGATGACCGCCACGGACGATCTTCTGCTGTCAGCCACACATGGGGATATATCCGTTTCTGCCGGACGCGATACATCGCGCAGTGAGAGCAGCGGCAGCAGCAAATTGCTGGGGACTCTGGGAGGCGATGGTTACAGCGCCACGGCAGGCTACCGCCATGAAAAA
NZ_CP074448.1_gap3	68743	70362	1619	GACCCATCATCCGAAAGAGTATGGTACTGGTGTTAATCATCGTATTTTGCCTACATTTGTTAAGAATCTCAGAGTCAGTGAAGGTATGGAAGATGTTAACGAGTATATTGAAAACCATTATCCTGATTTTGGCCCAATCGCCTATGAAGATCTTGTTGGACTGACGGAGCATGTTCAATCAGTTTTCAAAAATGCTGGATATGATGCATAAATTTTCTTTATATGCTCTGTAATAACATTTTGATATGGAGCCTTAACCCGTTATGCGTACGGACGGAAAGAAGTGTCAGGTGACTATTTTAATGAGAATGCCTTAACAATAATGGCTAGCGCCACCAATCCTGGCATCTGTCATTTCTCTATCCCGTCGACCCGGTAAGCGAAGCGCCACCGGGCCATGGCAGATTAATATTGACTCATCACCCTTTCGGGAACACCCAAACATGCTTCTCAGGCAACGAAAGATGGCAGTGCTGCGGATCCCGAACCTCATGCCCATACGCGCGGATCACAAAATCATCTCCCACCGTGCGGAACAGGTACTCCCAGCGGTCGCCGAGATACATGCTGGTGAGCAGCGGCAGCTCAAGCTGATTTTCCCCTGGTCCCTCGACCACCGCCACGCGCTCGACGCGGATCACAGCCGTCGCTTCTTCACCGCTCTGCACCCCTTCACCGGCCTGGCCCCACAGCACCCAGCCTTTTCCTTCGATACGCGCTTTGCCGTCGCGCACTTCGGTGACTTTGCCGTGCAGGCGGTTGTTGCTGCCCATAAACTCGGCGGTAAAAAGCGTTTTCGGCGAGCCGTACATCTCCTGCGGCGTGCCCTGTTGCTCAATTTTGCCGTTGTTAAGCAGCAGGATGCGGTCGGAAATCGACATCGCTTCGTTCTGGTCGTGCGTCACCATCAGCGCGGATAACCCGAGCTTGATAATCAGTTCGCGCAGGAACACGCGGGCCTCTTCGCGCAGCTTGGCGTCGAGGTTAGAGAGCGGTTCATCCAGCAAAATCACCGGCGGGTTGTACACCAGCGCCCGGCCAATCGCCACGCGCTGCTGCTGCCCGCCGGAGAGCTGGTGCGGGTGACGTTTGCCAAGATGACCCAGACCAAGCTGGTCCAGCACGTCCTGCACGCGCTGCTGGATCTCTTTGGCCGGGACTTTGCGCAGCTTGAGCGGATAGGCCACGTTCTCAAACACGGTCTTGTGCGGCCACAGGGCATAGGACTGGAACACCAGCCCAAGGTTACGCTCTTCCGCCGGGACCTCGCTGCGCGGCGTGCCGTCGTAAACTTTATTATTGCCAATGACAATGGACCCCTGCGTCGGTTTTTCCAGACCCGCAACGGCGCGCAGGAGGGTGGTTTTACCGCTGCCAGAGGGGCCTAACAGGGAGACCACTTCGCCGCGCTTCAGGTTCATGGAGACACCTTTTAAAACAGGATTGTCGCCGTAGGTTAAGTGCAGATCGTCAACCGCTAATTCAATCATGTATTTTCACTCCGAAACGAAGGGCAATGCCCAGACCTACCACGACCAGCAGGATGTTAATGAAAGAGAGCGCCGCCACGATATCGATGGCACCCGCGGCCCAGAGGGAAACCAGCATCGAGCCGATGG
NZ_CP074448.1_gap4	85352	89008	3656	TAATAATGTGACTAAGATCACTACTAACTCTGGTAGGGAGTAGACACAGAGAGGGAACTGGCATTAGGATTTTTCTTAGATTGTTGAATTGTCGGGCCACCGCTATCAATTGAGCAAAGACGCGTTGCATCCGGAAAAAGAAGAATCACTATGTCAGAAATGGATTTAAGAAAAAGCACGGACCTCGACTTTCACCGTTTTGCCGCCCCGGCTGTAAGCGCAAAAGAGATAGATCTTCTGGGATTGTTTGAGGTCCTTCTGGCGGCGAAAAAACGTATCGCCGCCATTATCTTTACTTTCGCGCTGGTGGGGCTGGCCGTTTCATTTTTACTGCCGCAGAAATGGACCAGTAAAGCGGTGATCACCCCGGCAGAACAGCTGCAGTGGAACCCACTGCGCCAGATGATGGTGGCGTTACAGGTGCTTGATGTGGACGTGAAGATCACCCGTCCGCAAACTTTTGACCTGTTTATTAAAAAGTTCCAGTCACAGTCATTGCTCGAAGAGTATATGACAACCTCTCCTTACGTAACATCGAAGCTGCAAGGCACCACGGTGGATCCGCTTGAGCTGCATCGCGCGATAGTCAACATTTCAGATCGAATGAAAGCGGTGAATAACGCTCAGGGAAAAGAGGCGGATAAAACGCCTTATGTTTCCTGGACATTGAGCTTCACTGCACCGACAGCTGACGATGCGCAAGCCGTCCTGGCGGGGTACATTGATTATATCGCGGCTATTGTAGAAAAAGAGACGGTGCAGAATATCCGCAACCTGATCGCCCTAAAAACGAACGTCGTTGAGCAGCAGCTGGAACTGGATCGAGTTCGTCTGACCAATATTCACAATACCAACCTGCAGCGACTGAATTATTCGCTGGAAGTGGCAAATGCCGCAGGCATCAAGAGGCCGGTTTACAGCAACGGGCAGGCCGTAAAAGATGACCCGGATTACTCCGTTGCGCTCGGTGCTGACGGTATCGCGCAAAAGCTGCAGATTGAAAAAAATTTGAAGGACGTGACCGAGCTGAATGCGGATTTCCAGAACAGGGAATACTACCTCGCACAGCTGAAAAAGCTCTCCTTCGCCGATGTTAAACTTGAGCCATTCAGGTACCAGCTTTCTCCCTCCATGCCGGTGAAAAAGGATGGCCCGGGCAAGGCTCTGATTGTTGTTCTGGCGGCGCTTCTGGGGGGGATGTTTGCCTGCGGTAGCGTTTTACTTCGCGAGGCGATGCTCACCCGTACTTCGCCGCCAGAGCCGGTAGCGAAATAAGCTCTGCAGTTTAAAAAGGCGCTGAATACAGCGCCTTTTTTTATGTACTTCGGTTGTGTTAAAAAAGAAACAAAGAAAAGGAGGGATGATGAAAACGATCGGCCTGTTAGGTGGAATGAGCTGGGAATCGACAATCCCTTATTACCGCCTGATTAATGAAGGGGTAAAGCAGCGTCTGGGTGGTCTGCACTCCGCAAGCCTGCTGCTGCACAGCGTTGATTTCCATGAAATCGAAGCCTGCCAGTCGAGCGGGGAGTGGGGTAAAGCCGGAGAGATCCTGGCCCAGGCGGCGCTGGGACTGGAGCGTGCCGGCGCCGAGGGTATCGTGCTTTGTACCAATACCATGCACAAAGTGGCGTCGCATATTGAGGACCGCTGCTCGCTGCCGTTTCTGCATATCGCGGACGCGACCGGTCGTGCGATTGCCGCATCCGGTATGCGCCGCGTAGCGCTTTTGGGCACACGCTACACCATGGAACAGGATTTTTATCGCGGGCGTTTGCACAGTGAATTTGGGATCGAGAGCCTGATCCCGGATGAAGACGATCGGGCGCGCATCAATCAGATTATCTTTGACGAGCTCTGCCTCGGCACCTTCAGCGAATCTTCTCGGGCGTATTACGTCAGCGTGATTGAAAAGCTGGCGCAGCAGGGGGCAGAAGGGGTGATCTTCGGCTGCACCGAGATTGGCCTGCTGGTGCCGGCCGATCGAAGCCTCGTCCCGGTATTTGATACCACCGCCATTCACGCGGCAGATGCCGTGGCGTTTATGCTGTCATAACGGGTTTTGCAGGTCAGGTAAGCGAAGCGCCACCTGACGCGCGTGCTCCATTAAGTGTTCGGTGAAAGCGTCCACCAGCGCGGAAGCCGGACGGTGCAGCGGGCGGATCAGACTCACGGTGAACGGGACGGAGACGCTAAAGCGGCGGATGACGATCCCGCTTCCGGCATAGTCCAGCGCCGTGAGCGGATTCACCACCGCGACGCCGACGCCTGCACGCACCATCGCGCAAATCGAAGCCGCACTGTGCGTTTCCACCACCATTCGCCGTTTGATCTGATGCTCGGCAAACAGCGTATCCAGCAGCTGTCTGTAACTGTCTGTCTGCGAAAGGCTAATGTAGTTTTCCCCGTGGAAATCCTCCGGCGTGAGCACTGCCTTACCGGCAAGCCGATGTCCTGCGGGCAGAACGCACACTTCATCTAACGAGATCAGCTCCGTGCGTGCCGTTCCCGCTGGCGTGGAAAGGGTTTCGGTTAGCCCTAAATCATGGCGCTGGGCCGAAAGCCACTCTTCAAGCAGGGGGGATTCCTGAGGAACGATAGTGAGGCTGACCTCCGGGTATCGGGCCAGAAAGGGCTGCAGCAGCATCGGCAAAAAGGATTGCGAAAAGACGGGCAGACAGACGATCGACAGCTCGCCCTGGCGAAACTCGCGCAGGCTTTCCGCTGCACTCACTATTCTGTCCAGTCCGTACCAGGAGCGCTGGACTTCCTCGAACAGGCGCAACCCCTGCACCGTCGGGTGAAGCCTGCCCCGGGTACGCTCGAACAGCTTCAGCCCCAGCACTTTCTCGAAGCGCGCCAGCTCGCGGCTCACCGTCGGCTGTGAGGTATGCAGCATCTGTGCGGCTTCGGTGAGATTGCCGGTGGTCATCACGGCGTGAAAAATCTCGATGTGGCGTAAATTGACGGCGGGCATAGGGCACCTGAAAGCAGATAACTGTCCATATCATTTTTGCATAGACTCGCGATAAAACGATATTTTTTATTCTCTTCGCGCTGTGGCGTAATCTTCAAAACGCATTTACCCGGAGAAGACCATGCCACGCCCGCTGAACCAGACTGAGACCGATTTGAACGCCGACAACCTGCTGCGCCTGCCTGCCGAGTTTGGCTGCCCAGTGTGGGTCTACGACGCGCAGATCGTTCGCGAGAAGATCGCCGCCCTGCATCAGTTTGACGTGGTGCGTTTTGCCCAGAAGGCGTGCTCCAATATTCATATTCTGCGCCTGATGCGTGAGCAGGGCGTGAAGGTCGACTCCGTCTCGCTTGGCGAAATCGAGCGCGCGCTGGTGGCCGGATTCGATCCGAAAGCCGACGGCGACGCGATCGTCTTCACCGCCGATGTGATCGACGATGCGACGCTTGCGCGCGTCCACGAACTGCAGATCCCGGTGAATGCCGGTTCTGTAGATATGCTGGAGCAGCTGGGTCAGGTTTCTCCCGGCCATCGCGTCTGGCTGCGCGTGAATCCGGGCTTTGGTCATGGTCACAGCCAAAAAACCAATACCGGCGGTGAAAACAGCAAGCACGGGATCTGGTATGCCGATATGCCTGCCGCGCTGGAGGTATTACAGCGCTATGGCCTGAAGCTGGTG
NZ_CP074448.1_gap5	91348	94341	2993	GGGCTGGAATACCCCAACACGCGGGTTCACCTCTATCGCTATTCGCTCTGCGCTTCCGCAGGTGACGCAACGGAGTGACGGCGAACCAGCGTCGGGCTAAACAGATGCGTAATATCCGGCGGCTGGCGCTGTTCAGCCAGAGCTAGCGCGAGCTCGGCGGCCTGCGTTGCCATGGTGATAATCGGGTAGCGTACGGTGGTCAGACGCGGGCGCACGTAGCGAGAGACCAGCACGTCATCGAAGCCAATCAGCGAAATTTCTGCCGGTACCTCAATCCCGTTGTCATTCAGCACCCCCATTGCCCCTGCGGCCATCGAGTCGTTATAGCTGGCAACCGCCGTGAAATTTCGTCCGCGACCCAGCAGCTCGGTCATGGCCTGTTCACCGCCGCTCTCATCCGGTTCACCGTAGGCCACCAGACGGTCATTACACGGCAGGCCGTTTTCGCGCAGGGCGTCGTAGTAGCCCTGCAGACGGTCTTCCGCATCAGAAATCGGGTGATTGGAACAGAGATAGCCAATCCGGGTATGGCCCTGTTGAATCAGATGGCGGGTCGCAAGCCAGGCACCGTAGCGGTCGTCGAGGGCCACACAGCGTTTTTCAAACCCGGGAATAATGCGGTTGATGATCACCATTCCAGGCATCTGCTTCATCAGGTGAATCAGTTCGGCATCCGGGATCATTTTGGCGTGAACCACCAGCGCCGCGCAGCGGTGGCGGATCAGCTGCTCGATGGCCTGGCGTTCTTTTTGCTCATTATGATAGCCGTTGCCGATCAGCAAAAAATTGCCTGTCTGATAAGAGACCTGTTCAACCGCTTTCACCATGGCGCCGAAAAAGGGGTCGGAAACATCACCCACTACCAGCCCAATGGTTTCGGTGGACTGCTGGGCGAGCGCGCGGGCATTAGCATTTGGATGATAATTCAGGGATTCCATGGCGGTTTGAACCGCCTGGCGCGATGCGTCACTGGCTTTTGGGGAGTCGTTAATCACGCGAGAGACGGTTGCCACAGACACACCTGCCAGACGGGCCACATCCTTTATTGTCGCCATTCATTACCTTCTTATTGGGGGTAAGCGTTTACACACCAAATAGTGTTGCGGAAAAGCGGCGCGCATTCAAGGGGAGCGGATTTCCGCGCTCCACAAACGTGACGCAGGACAACCCTGGTAGTGTAATCGTTACACGCGCAGTCGTGTCTGAAGAATGTCAATCTGAACCTTTGGTTACACTTTGCGTCAGGCTGTTGCGATTGGCCAATGGCGAGGTGGTCAAAGAGGTTGATACAGTCAAAGTCCCAGAGGTATTGATAGGTGGAATCAACTCCGGTTGATTAACACGCTTTACACCAACCTGCGTTTTTACGCAGGTTTTTTTTGCCTGATAGTTCAATCTGTAACAGCAACAGAGAATATTCACACCTGGTTGCACTTAGGCTCATTCCCTTGCGTTTTCCTGCTGGCGAAGCGCAGGACGAACGGCCACAATCAAGATCCCAGAGGTATTGATTGGTGAGAATTCTTAGTACGGTTTCGTACTCATCTCTTGCACCAACCTGCGCGGATGCGCAGGTTTTTTTTCGCCTCCACTTTTGCTGTCGCTCCCGTATCACTTCTCGTGTAATCTGCCACCATTTACTATCAACCCTCCACACTGGCTGGCAAAGGGAGTTGAGATGCTATTTGGGTTCTTCCGTACACTGTTCCGTATTCTTTTTCGCATCCGCGTCACTGGCGATGCCCAGGCGCTTCGCGGTGAACGCGTTCTTATCACACCAAATCATGTTTCCTTTATAGACGGCATTCTGCTGGCGCTATTTTTACCCGTGCGCCCGGTGTTTGCGGTCTATACCTCTATCAGCCAGCAGTGGTACATGCGCTGGCTCACGCCGCTGATTGATTTTGTGCCGCTCGACCCGACAAAGCCGATGATGATTAAGCATCTGGTGCGTCTGGTTGAGCAGGGGCGTCCGGTGGTTATTTTCCCGGAAGGGCGTATTTCAGTGACCGGTTCGCTGATGAAAATTTACGACGGCGCGGGGTTTGTTGCCGCGAAATCAAAAGCGACCGTGGTGCCGCTGCGCATTGAAGGCGCAGAACTGACCCATTTCAGCCGCCTGAAGGGGCTGGTGAAGCAGCGTCTGTTCCCAAAAATCACGCTGCATATTCTGCCGCCCACGTCGTTACCAATGCCGGACGCGCCGCGTGCCCGCGATCGCCGTAAAATCGCCGGGGAAATGCTGCACCAGATTATGATGGAAGCGCGCATGGCCGTGCGCCCGCGCGAAACGCTGTACGAGTCCCTGCTTTCCGCGCAGCACCGCTATGGCGCGAAGAAAAACTGCATCGAAGACATCAACTTTACCCCGGATACCTATCGCAAGCTGCTGACCAAGACCCTGTTTGTGGGCCGCATTCTGGAGAAGTACAGCAAAAAGGGCGAAAAGATTGGCCTGATGCTGCCTAACGCGGGCATCAGCGCGGCGGTGATTTTTGGTGCGGTTTCCCGGGGGCGCATCCCGGCAATGATGAACTACACGGCGGGGGTGAAAGGACTGACCAGCGCCATCACCGCTGCCCAGATTAATACCGTCTTTACCTCTCGTCAGTTCCTGGACAAAGGCAAGCTCTGGCATCTTCCCGAGCAGCTCACCCAGGTGCGCTGGGTCTTCCTGGAGGATCTGAAAGCGGACGTCACCACCGGCGACAAGCTGTGGATTTTTGCTCACCTGATGATGCCGCGTCTGGCGCAGGTCAAACAGCAGCCGGAAGATGACGCGATTATCCTCTTCACGTCGGGTTCGGAGGGCAACCCGAAAGGCGTCGTCCACAGCCACAAGAGCATTCTGGCGAACGTTGAGCAGATCAAAAGCATTGCCGACTTTACCGCGAATGACCGTTTTATGTCGGCGCTGCCGCTGTTCCACTCCTTTGGCCTGACGGTGGGGCTGTTTACGCCGCTGCTGACCGGCGCAGAAGTGTTCCTCTACC
NZ_CP074448.1_gap6	105716	107699	1983	GCTCGGTTTACCCTGTTTAACCAGTATCGACAGCTCTGGCATCATGCCTGGAATCAGTCTCAGCTCTCAACAAATGTTCTCCCGGCTGGCTGGCAGGCCAGTCGGGGGCAGACAACGCACGCAGGATGTGTCAGCATCACGGTCACACTTATTTCTCCTCTGGGGCGGCGCGGTGAGATAACGCGCCTGCATTGCCCGGTTAGCCAGTAGTCGGGAGCGTCTATGTTAAGGGTCTACCACTCAAATCGTCTGGATGTGCTGGAAGCGCTGATGGAATTTATCGTTGAGCGCGAGCGGCTTGACGATCCTTTTGAGCCTGAAATGGTGCTGGTGCAGAGCACCGGTATGGCACAGTGGCTGCAAATGTCGCTTTCCCGTAAATTTGGCATAGCCGCAAATATTGATTTCCCGCTGCCCGCGAGCTTTATCTGGGAGATGTTTGTGCGCGTGTTGCCGGACATCCCGGAGCAGAGCGCCTTCAACAAGCAAGGCATGAGCTGGAAGCTCATGGCGCTGCTGCCGGAAATGCTGCAGCACGATGAATTCGCCATGCTGCGCCACTACCTCAATGATGATACCGATAAGCGCAAGCTGTTCCAGCTGGCGTCGCGCACCGCCGATCTCTACGATCAATACCTTGTTTACCGTTCTGACTGGTTAATTCGTTGGGAAGCGGGCGAGTTGGTTGAAGGGCTACCGGAGGCGCAAATATGGCAGGCACCGCTGTGGAAAGCGCTGGTAGAGCATACGGAGAAACTTGGGCAGCCTAAGTGGCACCGTGCCAACCTGTACGATCGGTTTATCTCCATACTCGAGAATGCGTCGGAGCGCCCGGCCCGACTGCCGTCACGCGTTTTTATCTGCGGGATATCCGCATTACCGCCTGTTTATCTGAAGGCGTTGAACGCGCTGGGTAAACATATTGATATTCATATTTTGTTCACCAACCCTTGCCGACAGTATTGGGGGGATATCCTCGACGAACGTTGGCTTGCGCGGCTGGTGACTCGCCAACGAAAGCGCCTTTTTGAAGAACGTTCCGTCCCGCTGTTTAAAGACGGCTCGACTGCCGGGCAGCTTTTTGATGAAGACGGTATCCAGAACCTGCCCAATCCACTGCTTGCCTCGTGGGGGAAGCTGGGGCGTGACTACATTCACATGCTTTCAGACATCACTTCATCAGGCGAAGGTGACGTGGATGCCTTTGTCGATATTGCCCCGGATAGCCTGCTGCATCATATTCAGCTGGATATCCTCGATCTGGAAAACCGTGCCGTGATGGGCGTGACGGCGAAAGAATTCGAACGCAGCGACAGCAAGCGCAAGCTGGATGCTGACGATCGCAGCATCACGATCCATGTTTGCCATAGCCCTCAGCGTGAGGTCGAAGTGCTTCACGACCAGTTGCTGGCGATGCTGCATGACGATCCCGAACTGACGCCACGCGATATTGTGGTGATGGTGGCGGATATCGACAGCTACAGTCCCTTCATTCAGGCCGTTTTTGGCAGTGCGACGGGCGAGCGATATCTGCCTTACGCTATCTCTGACCGTCGTGCCCGTCAGTCGCATCCGGCACTGCAGGCCTTTATCACTCTGCTTTCACTGCCGGATAGCCGCTTTATCTCCGAAGATGTCCTGGCGTTACTGGATGTTCCCGTGCTGGCTGCACGCTTCAACATCAATGAAGAGGGGCTGCGCTACCTTCGCCAGTGGGTGAATGAATCTGGCGTACGCTGGGGGATCGATGACGATAACGTTCAGGAGTTCGAACTTCCTCCAACCGGGCAGCACACGTGGCGTTTTGGCCTGACGCGTATGCTGCTGGGCTACGCCATGGAGAGCAGCCAGGGCGAGTGGAATGAGGTGCTGCCTTACGATGAGTCCAGCGGGTTAATTGCTGAACTGGTGGGGCATTTAGCGTCACTCCTGATGCAGCTTAACCGCTGGCGACACGAACTGATGCAGCCGCGTCCGCTTGAA
NZ_CP074448.1_gap7	131335	133031	1696	AGGAAGGAACAGTACACCAGCGCCGATTGCTGTGCCGTAAAGGCCAAGCATCCACATGGTATCCGTTTTGCGCCAACCACTTCGGGATTCAATCGAAGCAACGGTGCTGGTTTGAGTGGTTTCCATCTGTATCTCCTGGAGGAAGCAAATTGTCAGGTTTTTAGTCAAATCCGATGAAAAAGTGCCTGACGGTAATATGAAATTCGTTCAGTGACGGTTTTTTAATAATTTTCGCCCGTAACTATTGGCGGGCGGAAAGATACATTCTAGTTATGAATCTATCAGTGATCCTGATCCCAAATGCAATAATCCACTTATGATGTGGGCATCTTTAGACCATTTATCTGTTAAAAAAACGTCAAAGAGAATTTACGGGCGCGAAGGCTACCACCAACGACATGTGAGCTGAAAGACTGGCCCGTGATATAGGTGTCTTTAGCTGTAAAGAAATGGGTTTTTAGTATTTTCTGGCAGGTAATTTGGATTAAGGCTGATAATTTACGGTTGAAAAAACAAGGTAATCGTTTGCGTTTGCGCATAGTTTGTAAAAGACATAAGTGATGCGTATGAATTACCTCGGTAATAAAAAAAGCCGGGACGCGCAACAGGGCGACCCGGCTTTGATGAGATGCTGTTGAGCGTTATGTGCAGATTTCGTAGCAAGGAATATAGGCTGAGCCCGGCAGCTTCATGCGGTGCTGAGCGACAAAGCCCTGCAGCATGTCGTCCATGCGGCGCATCATCTCCGGGTCGCCGTGGATCTTGTACGGACCGTACTGTTCAATGGCGCGGATGCCCATCTCTTTCACGTTGCCCGCCACAATCCCGGAGAAGGCACGACGCAGATCGGCAGCCAGGACTTCCACCGGCTGGTCCGGGTAGAGTTTCAGGTTCGCCATATTTTCGTGCGTTGGCTCGAACGGGATCTGCAGGTCCGGCGCAATACGGATTGACCAGTTAAAGCTGTACGCATCGCCGGTATCGCGACGGTTTTCTTTTACCAGCGGCATCGCTTTTTTCATCTGGCGCGCCACTTCTGCGGCATCGTCAATGATGATGCGATAGTGACGACGCGCGGATTCGCCCAGCGTGTGCACGATAAACTCGTCCAGCACGCGGAAGTAGTCGGCGCTCTCTTTTGGACCGGTCAGGATCAGCGGCAGAACCTGATCTTTGTTGGCCGGGTTCATCAGAATACCCAGCAGATAGAGCAGCTCTTCCGCTGTCCCCACGCCGCCCGGGAAGATGATAATGCCGTGGGCGATACGGACAAACGCCTCAAGACGTTTCTCGATATCCGGCATGATAATCAGCTCGTTAACCAGCGGGTTAGGCGGCTCAGCGGCAATGATCGACGGCTCGGTCATGCCGATAAACCGTCCCTCTTTGTAACGCTGTTGCGCGTGTCCCACTGCGGCACCTTTCATTGGCGCTTCCATCGCACCCGGACCGCAGCCGGTACAGATATTCAGCTCGCGCAGGCCAAGCTGTGTGCCCACCCGACGCGCATAAAGGTATTCGGTTTCGTTAATGGAGTGGCCGCCCCAGCAGACGACCATGTTCGGCGCTTCGCCAACGTGCAGGGCACGGGCGTTACGCAAAATGGAGAACACCAGGTTGGTGATATGGACCGAGCTTTCCAGGTCGAGATGCTGGAAACGGCCTGCGTTGTGGATCTGCCCGTTAACAAACAGGA
NZ_CP074448.1_gap8	139554	144288	4734	CTGCGGTGCGGAGCAGGGCTTCTCGGGCCGTGAAGTCATGGCCGAGTTTCGCCGCGCCACCGGGCTGCCTGTCGCGACCAATATGATCGCCACCAACTGGCGTGAAATGGGTCATGCGGTGATGCTGAACGCCGTCGACATACCGCTGGCGGACCCTCACTTCTGGACGCTTTCAGGCGCAGTGCGCGTGGCGCAGCTGTGCGATGACTGGGGGCTGACCTGGGGCTGTCACTCTAACAACCACTTTGATATTTCGCTGGCGATGTTTACCCACGTTGGCGCGGCGGCGCCGGGTAACCCGACCGCCATCGATACCCACTGGATTTGGCAGGAAGGGGAAGCCCGCCTGACGAAAAATCCGCTGGAAATCATCAACGGCAAGATTGCCGTACCGGATGCGCCGGGCCTGGGCGTGGAGATTGACTGGGATCAGATCCATAAAGCCCATGAGGCGTATAAAAAGCTACCGGGCGGCGCGCGTAACGACGCGGGCCCGATGCAGTACCTGATCCCCGGCTGGACATTTGACCGTAAGCGCCCTGTTTTTGGACGTCACTGATAAAAGGATTACACGATGAGTACTTTTTCTACCCCTGTCGTCACCGCCATGCAGATCGTTCCGGTTGCTGGCCATGACAGCATGCTGATGAACCTGAGCGGCGCGCATGCGCCATTCTTTACCCGCAATATTGTCATTATCAAAGACAATTCCGGGCATACGGGCGTGGGCGAAATTCCGGGCGGGGAGAAGATCCGCCAGACGCTTGAAGATGCCATTCCGCTGGTGGTGGGCAAAACGCTGGGTGAGTATAAAAATGTCCTCAACACCGTGCGCAATACCTTTGCCGATCGCGATGCCGGAGGGCGTGGCCTGCAGACTTTCGACCTGCGCACCACCATTCACGTGGTGACCGGGATTGAATCCGCGTTGCTGGATCTGCTGGGTCAGCATCTGGGCGTTAACGTTGCGTCGCTGTTGGGCGAGGGGCAGCAGCGCAGCGAAGTGGAAATGCTGGGCTATCTGTTCTTTGTCGGCGACCGCAGGCTGACGCCATTGCCTTATCAGAGCCAGCCGGATGAACAATGCGACTGGTACCGACTTCGCCACGACGAGGCGATGACCCCGGATGCGGTGGTGCGCCTGGCGGAAGCCGCGTACGAAAAATATGGCTTTAATGATTTCAAACTGAAGGGCGGCGTGCTGGCCGGTGAGGAAGAGGCGGAAGCCGTTACCGCGCTGGCAAAACGTTTCCCGCAGGCCCGCGTGACGCTGGATCCGAACGGCGCGTGGTCGCTAGATGAAGCGATCAAAATTGGCAAGCAGCTGAAAGGCGTGCTGGCGTATGCGGAAGATCCGTGTGGGGCTGAACAGGGCTTCTCGGGCCGTGAAGTTATGGCGGAGTTCCGTCGCGCCACGGGGCTGCCGACCGCGACCAATATGATTGCCACCGACTGGCGTCAGATGGGACACACCCTGTCATTGCAGTCCGTCGATATTCCGCTGGCGGACCCGCACTTCTGGACGATGCAGGGGTCGGTGCGCGTGGCGCAAATGTGCCACGAGTTTGGCCTGACCTGGGGCTCGCACTCTAATAACCACTTCGACGTGTCGCTGGCGATGTTCACGCACGTTGCCGCCGCCGCGCCGGGCACGATTACCGCTATCGACACGCACTGGATCTGGCAGGAGGGTAATCAGCGTCTGACTAAGCAGCCGTTTGAGATCAAAGGTGGCATGGTGCAGGTGCCTTCCACGCCGGGGTTGGGGGTTGAGCTGGATATGGACCAGGTCATGAAAGCCCATGAGCTGTATCAAAAACACGGTCTGGGCGCCCGTGACGACGCCATGGCGATGCAGTACCTGATCCCCGACTGGACATTCGACAATAAACGCCCGTGCATGGTACGATAAACGCATTGGGACCGCTCCCACAAGCGGTCTTTTACGTGGTGTATGCTTAACGTAACGACTATGCGTAAGGATGGCTTATGAAAATTGTTATCGCACCGGACTCGTATAAGGAAAGTTTGAGTGCGCTTGAGGTTGCGACAGCGATAGAACGTGGTTTTCGCGAGATCTTCCCCGAGGCGGTTTACGTCAAACTGCCGGTCGCGGACGGTGGCGAAGGGACGGTTGAGGCGATGATCGCGGCAACGCAGGGACGCATTGTGCATGTTCCGGTGACCGGCCCGCTGGGTGAGCGCGTGGAAGGATTTTATGGCTTATCCGGTGACGAGCATAGTGCCTTTATTGAAATGGCGGCGGCAAGCGGCCTGGAGCTGGTCGTTCCTTCGCAGCGTAATCCCCTGAAAACCACCTCGTGGGGCACGGGCGAACTTATTCGTCACGCGCTGGACGCAGGCGTTAAGCATATCATCATCGGCATTGGCGGCAGCGCCACCAATGACGGCGGGGCAGGGATGGTGCAGGCGCTGGGGGCAAAGCTGCTGGACGACAGCGGGCAGCCCCTTGGGCAGGGCGGGGGCGAGCTGGGAAAACTCGCGCGTATCGACCTGAGCGGGCTGGACAGACGTCTGGCGGAGTGCCGGATTGAGGTCGCCTGTGATGTGACGAATCCGCTCACCGGAAAGGATGGCGCATCAGCCGTATTTGGTCCGCAAAAGGGGGCCACTCCCGAGATGATCGTCACCCTGGACAACGCGCTGGCGCAGTATGCGAGAGTCATTGCCCGGGATCTGGATATCGATGTGCTAAACCTGGCTGGCGGCGGCGCGGCGGGTGGCATGGGGGCCGCGCTGTACGCCTTTTGCGGCGCGCAGCTGCGCCAGGGCATTGAGATCGTGACCGATGCGCTACACTTGGCCGACCATGTGGCCGATGCGGATCTGGTGATCACGGGAGAAGGCCGCATCGACAGCCAGACGATCCATGGCAAAGTCCCGGTGGGCGTGGCGAAAGTGGCGAAACGCTTTAACAAACCCGTCATCGGCATTGCAGGCAGCCTGACGTCGGACGTTGGCGTGGTACACGATCACGGCATTGATGCGGTGTTTAGCGTGATCTACACCATCTGCTCGCTGGAGGATGCGCTGGAAAATGCCAGCGAGAACGTCAGGATGGCCGCCAGGAATATCGCGGCGGTGCTGAAAGTGGGGCAGGGAATGTAGTTCTCCCTCTCCCTGTGGGAGAGGGGCGGGGTGAGGGCATCAGGCCGCACCCGCAATCATAGGCCCGGTAAGCGTAGCGCCACCGGGCTTTTATCTCAGCTTCCCAGCAACTTCGTCGCTTCCCGCGTTACGTTATCCATCTCATCCAGCAGCTCCAGGAACTCCGGTTCAAGCTCCGATTCCGGCGTGCCGGCACGCAGCTGCTGCTCCAGCAGCTGGCAGAGGTTTTTCAGCCGCGGCACGCCGCTGTACCCGCAGCTGCCGTGCAGCTTGTGGATCGCTTCCAGCAGATCTTCCGGGTTTTCACCCACCAGCTGCTCTTCCACCTTATTGCGAATTTCCGGCAGAAACGCGACCAGCATTTGCAGCATTTCGCGGGCTAAATCGGGTTTACCAGCCGCCTGGCGCAGCGCGAGCTGCCAGTCAAAGGTGGCGTTCTGGTTAACGCTGATTTCAACCGGCTCGCTGGAAACCGTGTACGTCCCGCCAATGTGACCCGGCTTATAGCGTAACAGCAGGTTATGAAGTTTCTCTTCATCGATGGGCTTCGCCAGATAGTCATTCATTCCGGCGCTCAGCAGCTTCTCTTTCTGACCGGCCATCGCGTGCGCGGTGACCGCAATGACCGGGGTTTGCTGCTGGTGCGGCAGCTGGTGGATCAGCTCGCAGGCCCGAATGCCATCCATGCCCGGCATCTGAATATCCATCAGGATTAAATCGAACTGCATCTGCTTCGCCTGTTCAACCGCCTGCGCGCCGCTGGTGCACAGCTCAACGTGCTGAACCTGGTCCTCAAGCAATGCGCCAATCAGCTTCAGGTTGGCCTGATTATCATCCACCGCCATCACGCTCATCGGCAATTTTTGCTCGTCGTCAATCAGAGGGAGAGCATGCTGGCTAAGACGGCAATACTCCGTGAGCGCGGGCAGGAGGCGGGTCGAGGTGAGCGGCTTCAGCAGACACGCGGCGGCTCCGTCGTTTTTCAACTCCTCCGCATTAATCTGGGCGTGGCAGGGTAGCGCCAGCAGCAGATAGTCGGTCATTGACGCGGCTTTCGCCAGCCGCTCCTGCTGCATGGTCAGTTCGCCGGTGAAGGTGACCGGGATCCCCATCAGCAGAATATCGTAATGCTCAACGGCAAGCGCTGAGAAGGTTGGGCTGTAAACCACCTCCAGCGGCGTGGTGCTTAAAATATCGAGCGCGCACTGCGCTGCCGCCGCGTTAGGTTCGACGTAGGCCAGACGCTTGCCTTTCAGGCAGTCCGTCACCGGGCCATCGGTTAGCACGTTCGGGTTGAGGTCCAGATTAATGTGGAACCAGAAGGTTGAACCGCGATTCGGCTGGCTGTGGAAAGAGATATCGCCGCCCATCTCGTTCACCAGGCGCTGCGTGATCACCAGCCCCAGGCCGGTACCGCCATGACGGCGGGAGATACTGGCGTCCGCCTGACGGAACGCCTGGAACAGACGCGACTGATCCCGCTCAGGAATACCGATGCCGGTATCGCGGATCTGGACTTCAATCTGCACCTTATTGCTGCTGATGGAGCGTTTTTCTACCAGAATGTCGATGTTACCGCTTTCGGTGAATTTAATCGCATTCCCG
NZ_CP074448.1_gap9	146850	150553	3703	ACACTGGTCATCTGGAATCGATGGTGTTGTTCGAGCACATCTAATTTGTTTGGCTTGTCGACTTCGACAGGCCCAGGTCCCTAAAGGAGAGGACAATGGTTGCGGTAAGAAGTGCACATCTCAATAAAGCTGGGGAATTTGACCCACAAAAATGGATCGCAAGTCTGGGAATTTCCAGCCAGCAGTCGTGTGAACGCTTAACCGAAACCTGGGCCTATTGTCTGCGCACCACGCAGGGGCATCCCGACGCCGATCTTCTCCTGTGGCGCGGCGTGGAGATGGTGGAAATCCTGTCCATGCTGAACATGGATATTGAAACGCTGCAGGCCGCGCTTCTCTTCCCCCTCGCGGATGCGGACGTGGTCAGCGAAGACGTGCTGCGCGACAGCGTCGGGAAATCCGTCGTCGCGCTGATCCACGGCGTGCGCGATATGGCAGCCATTCGCCAGCTGAAGGCCGCGCACACCGATTCCGTCTCCTCTGAGCAGGTCGATAACGTTCGCCGGATGCTGCTGGCCATGGTGGATGATTTCCGCTGCGTGGTCATCAAGCTTGCCGAGCGTATTGCCCACCTGCGTGAAGTGAAGGATGCGCCGGAAGACGAGCGCGTGCTGGCGGCCAAAGAGTGTACAAATATCTACGCGCCGCTGGCGAACCGCTTAGGGATTGGTCAGTTGAAATGGGAGCTGGAAGATTACTGCTTCCGCTATCTGCACCCGGCGGAATATAAACGTATTGCCAAACTCCTTCATGAGCGCCGTATCGACCGCGAGCACTATATCGAGGAATTTGTCGGCGGGCTGCGCCAGGCGATGAAAGAAGAGAACGTGCGCGCCGAAGTCTACGGCCGGCCTAAGCATATCTACAGCATCTGGCGCAAAATGCAGAAGAAACACCTCGCGTTTGACGAGCTGTTTGACGTGCGCGCCGTGCGTATCGTGGCGGAGCGTCTGCAGGACTGCTACGCCGCGCTGGGGATAGTACACACTCACTTCCGTCATCTGCCCGATGAGTTCGATGACTATGTCGCCAACCCCAAACCGAACGGCTATCAGTCTATCCATACCGTTGTGCTTGGCCCTGGCGGCAAAACGGTCGAGATTCAGATCCGCACCAAACAGATGCACGAGGACGCCGAGCTGGGCGTGGCCGCGCACTGGAAATACAAAGAAGGCACGTCCGGCGGAGCGCGTTCTGGCCACGAAGACCGCATTGCCTGGCTGCGCAAGCTGATTGCGTGGCAGGAAGAGATGGCCGACTCCGGCGAGATGCTCGACGAAGTGCGCAGCCAGGTCTTTGACGATCGGGTGTACGTCTTTACCCCAAAAGGGGACGTTGTCGACCTGCCTGCGGGCTCTACGCCGCTCGATTTTGCCTACCACATCCACAGCGATGTGGGGCACCGCTGCATCGGGGCGAAAATTGGCGGACGTATCGTACCGTTCACCTATCAACTGCAGATGGGGGACCAGATTGAAATCATTACCCAGAAGCAGCCCAACCCGAGCCGTGACTGGCTTAACCCGAACCTGGGCTACGTCACCACCAGCCGCGGGCGCTCGAAAATTCACGCCTGGTTCCGTAAACAGGATCGTGACAAGAACATCCTTGCCGGCCGCCAGATCCTTGACGACGAGCTGGAGCATATCGGGATAAGCCTGAAAGAGGCGGAGAAATTCCTGCTGCCGCGCTACAACTTCAACGAGCTTGACGAGCTGCTAGCGGCGATTGGCGGCGGTGATATCCGTCTGAATCAGATGGTGAACTTCCTGCAGGCGCAGTTCAATAAGCCAAGCGCGGCAGAGCAGGACGCGGCGGCGCTGAAGCAGCTGCAGCAGAAAACCTATGCGCCGCAGCAGCGCAGCAAAGACAACGGCCGCGTGGTGGTTGAAGGCGTAGGTAACCTGATGCATCACATTGCCCGCTGCTGTCAGCCTATTCCGGGCGACGATATCGTCGGCTTTATCACTCAGGGACGCGGGATTTCGATTCACCGTTCCGACTGTGACCAGCTTGCCGAGCTGCAGTCGCATGCGCCGGAGCGCATCGTGGAAGCAGTCTGGGGTGAGAGCTATTCTGCCGGCTACTCGCTGGTGGTGCGCGTCACTGCCAACGACCGCAGCGGCCTGCTGCGCGACATCACGACCATTCTCGCCAACGAGAAGGTCAACGTGCTGGGCGTCGCCAGCCGCAGCGATACCCGCGAGCAGCTTGCCACCATCGATATGACCATCGAAATCTACAACCTGCAGGTGCTGGGCCGCGTGCTTGGCAAACTGAACCAGGTGCCGGATGTGATTGACGCGCGTCGTCTGCACGGCGGTTAAACACACTCTTCTGTAGGCCGGGTAAGGCTTTGCCGCCACCCGGCTTGCTTTTTTAATGGAAAACACTATGACTCAAATCGACCGCCTGCTCGGCATCATGAAACGCCTGCGCGATCCTGAAAACGGCTGCCCGTGGGACAAAGAGCAGACTTTCGCCACCATTGCGCCTTATACCCTCGAAGAAACCTACGAGGTGCTGGACGCCATTTCCCGCGAAGATTTTGACGACCTGCGCGGCGAGTTGGGCGACCTGCTGTTCCAGGTGGTGTTCTATGCGCAAATGGCGCAGGAAGAGGGGCGCTTTAACTTTGACGATATCTGCGCTGCCATCAGCGACAAGCTTGAGCGCCGTCATCCCCATATCTTCGGCGATGCCACCGCAGGGAACAGCGCTGAGGTGCTGGCCCGCTGGGAGCAGATCAAAAGCGCCGAGCGAGCGGAAAAATCCCAGCACTCGGCGCTGGATGATATTCCGCTGAGCCTGCCCGCGCTGATGCGCGCGCATAAAATCCAGAAACGCTGCTCCGCCGTCGGTTTTGACTGGACCTCCCTCGGCCCGGTGCTGGATAAAGTGCACGAAGAGATTGACGAAGTCATGCACGAAGCGCAGCAGGCGGTGGTGGATGAAGCAAAGCTTGAGGAAGAGATGGGCGACCTGCTGTTTGCAACCGTCAACCTTTCTCGCCATCTGGGTGTAAAAGCGGAAACCGCCCTGCAAAAAGCCAATATAAAATTCGAACGACGCTTTCGCGAAGTTGAGCGGATTGTCGCCTCGCGAGGCCTGGAAATGAGCGGAATTGACCTCGAAGCGATGGAAGAAGTCTGGCAGGAAGTAAAGCGCCAGGAATCTGATCTCTAACGAGATTTTGCGATCAAGCGCAATCTGTGTGATTTTTTAAATGACAAGCGCTTGATTTGCGTCAAAAACATTTACCCAAAAGGGGCTATTTTCTCACTCCTTATGTTTGTCATGGCCTGGAATGGAGACGGAGAATGAAAGTTTGTGGCGCTCGCCGTGTTCGGGTATACTACTTTCCCGTCCTGGTTATTCCATCGTTTCACCCTAACTTCTCAGGTTCAGCATGACAACGAACTATATTTTTGTGACCGGCGGGGTCGTATCCTCTCTGGGTAAAGGCATTGCCGCAGCCTCCCTCGCAGCCATTCTTGAAGCCCGTGGCCTCAATGTGACCATGATGAAACTGGATCCGTACATCAACGTCGATCCGGGCACCATGAGCCCAATCCAACACGGGGAAGTGTTCGTTACTGAAGACGGCGCTGAAACCGATCTGGATCTTGGCCACTACGAGCGTTTCATCCGCACCAAAATGACCCGTCGTAATAACTTCACGACTGGCCGCATCTACTCCGAC
NZ_CP074448.1_gap10	345301	350041	4740	CGCGCTGCTGGTGGTGGATGCCGGGCAGGGCGTTGAAGCCCAGACCCTGGCAAACTGCTACACCGCGATGGAAATGGATCTCGAAGTTGTGCCGGTTCTGAACAAGATCGACCTGCCAGCCGCCGATCCTGAGCGCGTAGCGGAAGAGATTGAAGATATTGTCGGCATTGACGCGACCGATGCCGTGCGCTGCTCCGCGAAAACCGGTGTGGGCGTGACCGACGTGCTGGAACGCCTGGTACGTGACATTCCTGCCCCGGAAGGCGATCCGGATGGCCCGCTGCAGGCGCTGATTATCGACTCCTGGTTCGATAACTATCTGGGCGTTGTCTCGTTGGTGCGTATTAAAAACGGCACCATGCGTAAAGGCGACAAAATCAAGGTAATGAGTACCGGACAGGTCTACAACGCAGACCGTCTGGGCATCTTCACGCCAAAACAGGTTGACCGTACCGAGCTGAGATGCGGCGAGGTAGGCTGGCTGGTCTGCGCCATTAAAGACATCCTCGGCGCGCCGGTGGGCGATACCCTGACCGGCGCACGTAACCCTGCAGATAAAGCGCTGCCAGGCTTTAAAAAGGTGAAACCGCAGGTTTACGCGGGTCTGTTCCCGGTCAGCTCTGACGACTACGAAAACTTCCGTGACGCGCTCGGTAAACTGAGCCTGAACGATGCTTCCCTGTTCTACGAGCCAGAAAGTTCAACGGCGCTGGGCTTCGGCTTCCGCTGTGGCTTCCTTGGTCTGCTGCACATGGAGATCATTCAGGAGCGTCTGGAGCGCGAATACGATCTGGATCTGATCACCACGGCGCCGACCGTAGTCTATGAAGTTGAAACCACCTCGAAAGAAGTGATCTACGTCGATAGCCCGTCCAAGCTGCCGCCTCTGAACAACATTCAGGAGCTGCGTGAGCCTATCGCAGAGTGTCACATGCTGCTGCCGCAGGAATTCCTGGGGAACGTCATTACGCTGTGTATTGAGAAGCGTGGCGTGCAGACCAACATGGTTTACCACGGTAACCAGGTGGCGCTGACCTATGAAATCCCGATGGCGGAAGTGGTACTCGACTTCTTCGACCGTCTGAAGTCGACCTCCCGTGGCTATGCGTCACTGGATTACAACTTCAAACGCTTCCAGGCCTCCAACATGGTGCGTGTGGACGTGCTGATCAACGGCGAGCGCGTGGATGCGCTGGCGCTGATCACCCACAACGACAATGCGCCGTACCGCGGTCGCGAGCTGGTTGAGAAGATGAAAGATCTGATCCCGCGTCAGCAGTTCGATATCGCGATTCAGGCGGCGATTGGCAACCACATTATCGCGCGTTCAACCGTGAAACAGCTGCGTAAAAACGTTCTGGCGAAGTGCTATGGCGGTGACGTCAGCCGTAAGAAAAAGCTGCTGCAGAAGCAGAAAGAAGGTAAGAAGCGTATGAAGCAGGTCGGTAACGTCGAGCTGCCGCAGGAAGCATTCCTTGCCATCCTTCATGTTGGTAAAGACGGCAAATAACCCTAAGGAGTTGGCATGGCGAACATGTTTGCCCTGATCCTGGTCATTGCTACCCTGGTAACAGGTCTGCTGTGGTGTCTGGATAAGTTTATCTTCGCCCCAAAACGTCGTGAACGTCAGGCTGCCGCTCAGGCAGCCACTGGTGATGAGATTGACGCGAAAACCCTGAAGAAAGTCGGCCCGAAACCGGGCTGGCTGGAAACGGGCGCTTCGGTATTTCCGGTGCTGGCGATTGTGCTGGTGGTACGTTCGTTTATTTATGAGCCGTTCCAAATCCCATCAGGTTCAATGATGCCAACGCTGCTGATTGGTGATTTTATTCTGGTAGAGAAGTTTGCCTACGGCATTAAAGATCCTATCTACCAGAAAACGCTGATCGAAACCGGTCATCCGAAACGTGGCGACATCGTGGTGTTTAAATATCCGGAAGATCCGCGCCTGGACTACATCAAGCGCGCGGTAGGTCTGCCGGGTGATAAAGTCACTTACGATCCGGTTGCGAAAGAAGTCACCGTTCAGCCGGGCTGCAGCTCCGGTACCGCCTGTGAAAACGCGCTGCCAATCACTTACTCAAACGTTGAGCCAAGTGACTTTGTGCAGACCTTTGCCCGTCGTAACGGCGGCGAAGCGACCAGCGGGTTCTTCCAGGTTCCGAAAGGTGAAACCAAAGAGGACGGCATCCGTCTGGTTGAGCGCAAAGAGACGCTGGGCGATGTGACGCACCGAATCCTCACCGTGCCAATCGCGCAGGATCAGCTGGGTATGTACTATCGCCAGCCTGGCCAGCAGCTGGCGAGCTGGATTGTACCGCCAGGACATTACTTCATGATGGGTGACAACCGCGATAACTCTGCGGACAGCCGTTACTGGGGCTTTGTGCCGGAAGCGAATCTGGTCGGCAAAGCCACCGCCATCTGGATGAGTTTTGAGAAGCAGGAAGGCGAATGGCCGACCGGTGTACGCCTGAATCGTATCGGCGGAATCCATTAATTCTCAATAAATGAACGCGTAGCCGCTTTAATTAGCGGCTACGTGAATTATTTCCACGATAAATCTCTTCGAACTAACGACATCCCCTGTCGTTGTGTATAGAATATTCCCCCGAAGTTTAAGGTTGGCCCTGCAAGGGTGCCACGGCACACGAAACCGCGTTGGTTTTCTCAGGTCGGTTTCGTGTGCTGCATTTTTGACGCATTCATTTATTGGTATCGCATGAACCCCATCGTAATTAATCGGCTTCAACGGAAGCTGGGCTACACTTTTCATCATCAGGAGTTGTTGCAACAGGCATTAACCCACCGCAGTGCCAGCAGCAAACATAATGAGCGTCTCGAGTTTTTAGGCGACTCTATTTTAAGTTTCGTGATTGCGAATGCGCTTTATCATCGTTTCCCGCGTGTGGACGAGGGTGATATGAGCCGCATGCGTGCCACGCTGGTTAGGGGTAATACCCTTGCGGAAATCGCGCGCGAGTTTGAACTGGGCGAATGTCTGCGTCTTGGACCGGGTGAACTGAAAAGCGGCGGCTTCCGTCGTGAATCTATTCTTGCCGATACGGTCGAAGCATTAATTGGTGGTGTGTTCCTGGACAGCGATATCCAGACCGTAGAAAAGCTGATCCTGAACTGGTATCAGACCCGTCTGGACGAAATCAGCCCGGGCGATAAACAAAAAGATCCGAAAACGCGTCTGCAGGAATATTTGCAGGGTCGTCATCTGCCGCTGCCGTCTTATCTGGTGGTACAGGTGCGTGGCGAAGCGCACGATCAGGAATTTACCATCCATTGCCAGGTCAGTGGCCTGAGTGAACCGGTGGTGGGCACAGGTTCAAGCCGTCGTAAGGCTGAACAGGCTGCCGCCGAACAGGCGTTAAAAATGCTGGAGCTGGAATGAGCGAAGAGAAAACCTATTGCGGATTTATTGCCATCGTCGGACGTCCGAACGTTGGCAAATCCACCCTGCTGAATAATCTGCTTGGGCAGAAGATTTCAATCACCTCGCGTAAGGCGCAGACCACGCGTCACCGCATCGTCGGTATCCATACTGAAGGCGCGTATCAGGCGATCTACGTCGATACCCCCGGCCTGCACATGGAAGAGAAGCGCGCCATCAACCGCCTGATGAACAAGGCGGCGAGCAGCTCGATCGGCGATGTAGAGCTGGTGATTTTCGTTGTGGAAGGCACCCGCTGGACGCCGGACGACGAGATGGTGCTGAACAAGCTGCGTGACGGCAAAACGCCGGTCATCCTCGCGGTCAACAAAGTTGATAACGTGCAGGAAAAGGCCGACCTGCTGCCGCATCTGCAGTGGCTCGGTAGCCAGATGAACTTCCTCGACATCGTTCCGCTGTCTGCTGAGACCGGCCTGAACGTTGATACCATCGCGGGCATCGTGCGTAAGCATCTGCCGGAAGCGATTCATCACTTCCCGGAAGACTACATCACCGATCGCTCTCAGCGCTTTATGGCGTCTGAAATCATCCGTGAAAAGCTGATGCGTTTCCTGGGTGCTGAACTGCCTTACTCCGTAACGGTAGAGATCGAGCGTTTCCAGACCAACGAGCGCGGTGGCTACGATATCAACGGCCTGATCCTCGTTGAGCGCGAAGGGCAGAAGAAGATGGTGATCGGCAACAAAGGGGCCAAGATCAAAACCATCGGTATCGAAGCCCGTAAGGACATGATGGAGATGTTCGAAGCGCCGGTTCACCTCGAACTGTGGGTGAAAGTGAAATCTGGCTGGGCCGATGATGAGCGTGCTCTGCGCAGCCTCGGTTACGGCGAAGACCAGTAACTTAAGACGACGAGCATATGGATGGATGGCAGCGCGCCTTTGTCCTGCATAGTCGTCCCTGGAGCGAAACCAGCCTCATGCTGGACGTCTTCACGGAAGAGTCGGGCCGCGTGCGCCTTGTTGCGAAAGGCGCACGTTCCAAACGTTCTAATCTGAAAGGCGCCCTACAGCCTTTCACACCGTTGCTGGTACGCTTCGGTGGGCGAGGGGAAGTGAAAACCCTGCGCAGTGCCGAAGCCGTCTCCCTGGCGCTTCCTCTTTCCGGCATCACGCTCTACAGCGGTCTGTATGTCAACGAACTCATCTCACGCGTTCTTGAACATGAGACCCGCTTCTCTGAACTTTTCTTCGATTATCTGCACTGTATCCAGTCGCTGGCTGGCGCAACCGGCACGCCCGAACCCGCATTGCGTCGTTTTGAACTGGCGCTGCTGG
NZ_CP074448.1_gap11	355084	359698	4614	TTTTTCGACCTGGATGGAACGCTGCATCAGCAGGATATGTTTGGTACGTTTATGCGTTACCTGCTGCGGCGTCAGCCTTTGAATGCGCTGCTCGTGCTGCCGCTCTTACCGGTTATCGGGATCGCGCTGCTGGTGAAAGGCCGGGCGGCGCGATGGCCGATGAGTCTGCTGTTATGGGGATGTACCTTTGGGCACAGCGAAGCGCGGCTTAAGCAGCTCGAAAAGGATTTTGCGCACTGGTTTCGCGGCCACGTCGCCGCCTTTCCGGTGGTGCAGGCGCGCCTGACCAGCTATCTCGACGCGAATGATGCCGACATCTGGCTCATTACCGGCTCCCCGCAGACGCTGGTGGAGCAGGTCTACTTTGATACCCCCTGGCTTCCGCGCGTGAATCTTATCGCCACGCAAATTAGCCGCGGCTACGGCGGCTGGGTGCTGACCCTGCGCTGTCTGGGGCATGAAAAAGTGGTCCAGCTTGAGAAACGCATCGGTACGCCGCTGCGCCTGTACAGCGGCTACAGCGACAGCAAGCAGGACAACCCGCTGCTCTATTTTTGCCAGCACCGCTGGCGCGTCACGCCATCAGGCGAACTTCAGCAACTCGAATAGTCTTCTCTAAAACTGGCGTGTATAATGCCGCCCGCTTTTCGACTGGAGTATCAACCGTTGTCCAACCCTGAACACAATCATGAATACTGGATGCGCCACGCGCTGACGCTGGCTCAACGCGCCTGGGAAGAGGGCGAAGTGCCCGTGGGCGCGGTGCTGGTTCATAACAACCAGGTGATTGGCGAAGGGTGGAACCGTCCTATTGGTCGCCACGATCCTACTGCGCATGCCGAAATCATGGCGCTTCGCCAGGGCGGTCTGGTGCTGCAAAACTATCGCCTGCTTGATACCACGCTGTACGTGACGCTGGAGCCGTGCGTGATGTGCTCCGGCGCGATGGTGCACAGCCGGATCGGGACTCTGGTTTTCGGCGCGCGGGATGAAAAAACCGGTGCGGCCGGTTCGCTGATGGACGTGCTGGGTCACCCGGGTATGAACCACCAGGTGAAGACTATCGGTGGGGTGCTTGCACCAGAGTGTTCGGGGCTATTAAGCGATTTCTTTCGAATGCGCCGTCAGCAGAAAAAGCAGCAAAAGGCAGAACTGAAGATGTCGGACGATTAAGCTCGTCCGGCGCCACGACCGGGTAGCTTTGAGCCAGCTGTTTGGCCTCCGTCGCCTCTTTCTCTTTCTCCAGCAGATACCCGACCAGGCTAATCTGATATTTACGGATATTTTCCACGTAGGCGTAGGCTTCATGTCCCCGCGCGTAGCCGTATGTCAGCTTGTTATACCATGGCTTCTGGCTCAGCAGCGGCAGGCGCTGCTTAACGTCTGACCAGCTGTCCGGATTGCCTTTCGTTTTGGCCGTCAACGCTCGTGCATCAAGCATATGCGCATAGCCCATATTGTAGGCCGCCAGCGCAAACCAGATCCGCTCTTCTTCCGGCACCGTTTCCGGTACTTTAGCCATCATGTCCTGCAGGTATCGCGCGCCGCCGCTGATGCTCTGTTCGGCGTCGGTACGATCGTTCACGCCCAGGCTCAGCGCGGTATTTTTTGTTAACATCATCAAACCGCGTACGCCCGTGGGCGACGTGGCCTGGGTGTCCCAGTGGGATTCCTGATACGAAATAGCCGCCAGCAGCTTCCAGTCAATCTCCTGGGCGTATTTTTCGAACAGCGGCTGCAGGTCCGGCAGGACGCTGTCTACCGCGCGCAGGAAGCTGCGGGTATCAACGTAGTCAAAGTCATCGCCGTGCCCGAGGTACTTTTCCTCCAGACGCGCCAGGGTACCGTCTTCATTGATGGTGTTGAAGAAATCAAGCATCGCGGCAGAGAAGGTCTGGTCGTCATCAAGCTGGCTAAACCAGGTCACGGGCTGCTCGTCGGTGACGTCCAGCGCCACGGCGATTTCAGGATGCACCCGTTGGAACAGGCTGATCGCGACCGAATCGGCGATGGTGTACGGCACCTTCTGATCTTTTACCTGCTCCAGCAGCTCCGTCGTGCCGAGTTTCGGATCCACCGTCCAGCTCAGGTCGGGATATTTCTTCTCCTTGAGCTCCCGCAGATCGTCAATCACCACGTGGCCGGGCGCAATCGTCAGCTGCCGATCGTTAATCGAGGACAGCGAGCGCGGGCGCAGGCTCCCGACGCGGTAAACCAGCTGCTGAGAAACGGAGTAGTAGGTCGGGCCTGGCTGGTAGTTCTTGCTGCGCTCGCTGTTATACACCAGCCCGGCGGCGAGCATATCGGCATCGTCGTTATCGAGGTCGTCAAAAAGCTGGTTGATATTCTGGCGGACGGTGATTTTAAGCTTCACGCCAAGATAATCGGCGAACTGTTGTGCCAGTTCATAATCCAGGCCAATGATTTTGCCGTTGACGTCGCTGTAAATCAGCGGCGAGTTGAGGGTACTGACGCGCAATTCCCCCCGCTCCTGAATGGCGGCGATACGGTTTTCGGCTTTGCCGAACCAGGGGATGGAAGGCCAGAGGGCCACTGCCAGCAGCAACGTTACAATGCCGATGAGCAGATAATTAATCTTTAATTTTTTCAATTAGTTAATTCTCTGCGACGCCGGTTGCCTCAGTCTGCTGTAGCCATGTTAATCATAAGGTTTGCCATTGAATGAGCGGCATTTTGCGTAAACTTGCGCCACTTGGCAACCAATTAGAGAGACAGGTCACATCTATTGTTAAATCTCTGTGCAAATTTTATTTCGACGCAAACGGTTTCGTCGGCGCTCAGGATTCTCTATAATGACGCCCGTTTTCCCCCCTTGCGCACACTGTAAGCGCCCCGGCGCTTCGAAGACGAGAGACTTATGATGGAAATTCTGCGTGGTTCGCCTGCACTGTCTGCCTTCCGTATCACTAAACTGCTGGCACGTTTTCAGGCGGCCGACCTTCCGGTAAGCAATATTTACGCTGAGTATGTCCATTTTGCTGACCTGAATGCCCCCCTGAATGCAGAGGAGCGCGTACAGCTGGAACGCCTGCTCAAGTATGGTCCAAGCCTGAACAGCCATACGCCAACCGGCAAACTGATCCTTGCTACGCCTCGTCCGGGCACCATCTCCCCCTGGTCTTCCAAAGCCACCGATATCGCCCACAACTGTGGCCTGAACCAGATTAACCGTCTGGAACGCGGCGTGGCGTACTACGTGGAAGCCTCTACCCTTAGCGACGCGCAGTGGCAGGCGGTTGCGGCTGAACTGCACGATCGCATGATGGAGAGCGTATTTGCCTCTCTCGATGACGCGCAGAAGCTTTTCTCTCACCATCAGCCTGCGCCGGTACAGAGCGTAGACCTGCTGGGGCAGGGCCGTCAGGCGCTGATTGACGCCAACCTGCGTCTCGGCCTGGCGCTGGCAGAAGACGAAATCGACTACCTGCAGGATGCGTTTGTTAAGCTCAACCGTAACCCGAACGACATCGAACTTTACATGTTCGCGCAGGCTAACTCTGAGCACTGCCGCCACAAGATTTTCAACGCCGACTGGATTATTGACGGCGAACAGCAGCCGAAGTCGCTGTTCAAAATGATCAAAAACACCATGGAGCAAACCCCTGACCACGTGCTGTCTGCCTATAAAGACAACGCCGCGGTAATGGAAGGTTCCGAGGTGGGCCGCTTCTTCGCCGATCGCGAAGCAGGGCGCTATGACTTCCATCAGGAGCCCGCGCATATCCTGATGAAAGTGGAAACCCACAACCACCCGACGGCGATCTCCCCGTGGCCGGGCGCGGCGACCGGCTCCGGCGGCGAAATCCGTGACGAAGGTGCGACCGGTCGTGGCGCTAAACCTAAAGCGGGTCTGGTCGGTTTCTCCGTCTCTAACCTGCGTATCCCGGGCTTTGAACAGCCGTGGGAAGAAGATTTCGGCAAGCCAGAGCGCATCGTGACCGCCCTGGATATCATGACCGAAGGCCCGCTGGGCGGCGCGGCGTTTAACAACGAATTTGGTCGTCCGGCGCTTAACGGTTACTTCCGCACATATGAAGAGAAAGTGGACAGCCACAACGGCGAAGAGCTGCGCGGCTACCACAAACCCATCATGCTGGCGGGCGGGATCGGCAACATCCGTGCCGATCACGTGCAGAAAGGCGAGATCGTCGTCGGCGCGAAGCTGATCGTACTGGGCGGCCCGGCGATGAACATCGGTCTGGGCGGCGGCGCGGCCTCTTCTATGGCCTCCGGCCAGTCTGATGCGGATCTCGATTTCGCCTCCGTGCAGCGCGACAACCCTGAGATGGAGCGCCGCTGCCAGGAAGTGATCGACCGCTGCTGGCAGCTGGGCGACGCCAACCCGATCCTCTTCATCCACGACGTGGGCGCGGGCGGCCTGTCCAACGCCATGCCGGAGCTGGTGAGCGACGGCGGTCGCGGCGGGCGCTTCAACCTGCGCGACATCCTGAGCGATGAGCCGGGCATGAGCCCGCTGGAAATCTGGTGTAACGAATCCCAGGAGCGCTACGTGCTGGCGGTTGCTGCGGATCAGCTGCCGCTTTTTGACGAGCTGTGCCGCCGCGAGCGCGCGCCGTATGCCGTCATCGGTGA
NZ_CP074448.1_gap12	362023	364366	2343	TTAGCCTGGAAATCATTCAACCGATAATTAACAGGCTAAACGAGTAAAACTCATATATTTCAAACTGTTAATATTTTGTTTTGCATTCTGGCACGGGTGTTGCATAATATTAACCAGTGGCTCATTCACCTTCTTATGTCAGCCCCTTCGGGACGCGCTACATAAACTTCGAATGACGCACAAAAAGGTGCCTGCCGTCCAACTACTGATCATAGCGATGCTTTATCAGGCCAGGGCGAAACGTCGAGTTAGGCACCGCCTCATTCCATGACAAAGCCGGGTTTTTACCCGGCTTTGTTGTATCTGAAGGGCAGACTCAGTTACGCTCTGCGTAAACCCCCATTAAGAGAGTAATGCGTTGAAACGCTGGCCCGTTTTCCCCCGCTCCCTGCGGCAGCTCGTCATGATGGCCTTCCTGCTGATCCTGCTGCCGCTGCTGATCCTTGCCTGGCAGGCGTGGCAAAGCCTGAACGCGCTGAGCGCGCAGGCGGCTTTGACTAACCGCACGACGCTCATCGACGCCAGACGCAGTGAAGCGATGACCAACGCCGCGCTGGAGATGGAGCGTAGCTATCGTCAGTATTGCGTGCTTGACGATCGGACGCTGGAAAAGGTTTATCAGAGTCAGCGTAAACGCTACAGCGAAATGCTGGACGCTCACGCGGGGGTCTTACCTGATGACAAGCTCTATCAGGCGTTGCGTCAGGATTTAAACGATCTCGCGCAGCTGCAGTGCAGCAACAGCGGCCCGGATGCCGTTGCTGCCGCGCGCCTCGAAGCTTTTGCCAGCGCCAACACCGAGATGGTGCAGTCAACGCGCGCGGTGATTTTCTCTCGCGGCCAGCAGCTCCAGCAGGAGATCGCCGAGCGCGGCCAGTTCTTCGGCTGGCAGGCGCTGGTGCTGTTCCTGGTGAGCCTCGGTCTGGTACTGCTCTTTACCCGCATGATCATCGGCCCGGTGAAGGGCATTCAGCGTATGATCAACCGTCTGGGGGAGGGGAAATCGCTCGGGGATACGGTCGCCTTTAAAGGCCCCCGCGAGCTGCGATCCGTAGGCCAGCGCATTATCTGGCTGTCCGAGCGCCTGGCGTGGCTCGAATCACAGCGCCATCAGTTCCTGCGCCATATCTCTCATGAGCTTAAAACGCCGCTGGCCAGCATGCGCGAAGGGACGGAGCTGCTGGCGGACGAAGTGGCCGGGCCCCTTACGCCAGAACAGAAAGAAATTGTCGAGATCCTGGATAACAGCAGCCGCAATCTGCAAAAGCTGATTGAGCAACTGCTGGATTACAACCGCAAGCTGGCTGACGGGGCGGTCGTACTGGAAAACGTTGAAATTGAGCCGCTGGTGGATATGGTGATCTCCGCCCACAGCTTGCCAGCAAGAGCTAAAATGATGCATACCGGCGTTGAGCTGAATGCGCCTGCATGCCTGGCTGAACCCATGCTGCTGATGAGCGTTCTGGATAATCTTTACTCCAATGCGGTGCACTATGGTACTGAATCCGGTAACATTTATATCCGAAGTAATACGAATGGTTCACGGGTGTTTATTGACGTCGCAAACACCGGCACCCCGATCCCCGATGACGAAAAAATCATGATCTTCGAACCCTTTTTCCAGGGGAGTCATCAGCGGAAAGGCGCGGTTAAAGGAAGCGGGCTGGGCTTGAGCATCGCCCGGGACTGCATACGACGCATGCAGGGTGAGCTAAACATTGCCGCGGACGAACGTTCAGATGTTTGCTTCCGTATCGAACTGCCCCTGAGCCGGAAAAATCAATAAAATGAATCTATGTCTGGTGAGTATGTCACACGTCTTTTTCCGCGCCGTAAGTGCGGTGTTTTCCAGCAAAACGCTTCGCCTGAGCCTGCCCTGTTTATTTCTGGCTGGGTGTGTTTCCCATGCGCCACAAAGTGCCATTAGCGATAAACAGGAAGATAAATGGCCCGATAACCAGCTGGCAGACTTCCTCTCAACCCGCTGTGACGACATCTGGAACCTGTCAGGACATGACGTTGAAAGCAACCCGCTGTTCTGGCTGCGTGGGATAGATTGCGCCCAGCGTCTGGCGCCGGTAGACGCCCGCTCGAAGGCGGCGATGCTGGATGACGATACCTGGCAGGACGCTTTCAAGCGTGGGATTTTACTCGCAGATGCGAAAATTACCCCCGTTGAACGTCGCGTCAATGTGACCCGACTGGACACGTTTGTAGTCAATCTTCCCGTGCAGGTACGCCCGGTATACCAGCTCTGGCGCGATGGGCAGACATTACAGCTTCAGCTGTCTGAAGAGCGCTCCCGCTACAGCAAGCTACAGCAGTCAACCGACAGCGAGCTTG
NZ_CP074448.1_gap13	367576	370728	3152	GATGTATTTTAAATACATCTTATAAAAAATACCCCTGCGTTGTAAATGGTTCTTTGCAAGATGAAAAATATGCATCACAAACCTGAAAAGAAATCCGCTGGAAAGGGCGAGAGCTTTATTCCTCAAACCCTTGCGTGGCGCGTAGGAAAACGTTTGCGTAAAATCGTTTGTCAAGACCTGTTATCACAGAACTAATCAGTTATACTGTTGCCCGTCGTCCAACAGGACTGCCTTTTCAGGCCAAAATTTACTTGTTAGCTGAGTCAGGAGATGCGGATGTTAAAGCGTGAAATGAACATTGCCGATTATGATGCCGAACTGTGGCAGGCTATGGAGCAGGAAAAAGTACGTCAGGAAGAGCACATCGAACTGATCGCCTCCGAAAACTACACCAGCCCGCGCGTCATGCAGGCGCAGGGTTCTCAGCTGACTAACAAATATGCTGAAGGTTACCCGGGCAAACGCTACTACGGCGGTTGCGAGTACGTGGATATCGTTGAGCAGCTGGCTATCGACCGTGCGAAAGAACTCTTTGGCGCTGACTACGCGAACGTGCAGCCGCACTCTGGCTCTCAGGCTAACTTCGCGGTCTACACCGCGCTGCTGCAGCCGGGCGATACCGTTCTGGGTATGAACCTGGCGCAGGGCGGCCACCTGACTCACGGCTCCCCGGTTAACTTCTCCGGCAAACTGTACAACATCATCCCTTACGGTATTGATGAGTCCGGCAAAATTGACTATGAAGACATGGCGAAGCAGGCTAAAGAGCACAAACCGAAGATGATCATCGGTGGCTTCTCTGCTTACTCCGGTATCGTTGACTGGGCAAAAATGCGTGAAATCGCAGACAGCATTGGTGCTTACCTGTTCGTCGACATGGCGCACGTTGCGGGTCTGATTGCCGCTGGCGTTTACCCGAACCCGGTTCCACACGCTCACGTTGTGACCACCACCACCCACAAAACCCTGGCGGGTCCACGCGGTGGCCTGATCCTGGCGAAAGGCGGTGACGAAGAGCTGTACAAAAAACTGAACTCCGCTGTATTCCCAAGCGCGCAGGGCGGCCCGCTGATGCACGTTATCGCGGCTAAAGCCGTTGCGCTGAAAGAAGCGATGGAGCCAGAATTCAAGGTTTATCAGCAGCAGGTTGCTAAGAACGCCAAAGCGATGGTGGAAGTGTTCCTGAACCGTGGCTACAAAGTGGTCTCCGGCGGTACTGAAAACCACCTGTTCCTGCTGGATCTGGTTGATAAGAACCTGACCGGTAAAGAAGCTGACGCAGCCCTGGGCCGCGCCAACATCACCGTGAACAAAAACAGCGTGCCAAACGATCCGAAGAGCCCGTTCGTGACCTCCGGTATCCGTATCGGTTCTCCGGCCGTGACTCGCCGCGGCTTCAAAGAAGCGGAAGTGAAAGAGCTGGCTGGCTGGATGTGTGACGTTCTGGACAACATCAATGACGAAGCGGTTATCGAGCGCGTCAAAGGTAAAGTTCTGGATATCTGCGCACGCTTCCCGGTATACGCGTAATTCCTCTGCTTTGCAGAAATAAAAAAGGCCGCGCTTGCGGCCTTTTTTTTTTGGCTTAACGCCGGTCGAGGGAAATAGCCCCCGGACCAACAATGGCCAGTAAAATAAAGGCGCCAGCAATACTGACGTTCTTATAGAAATTAATCATATTCGGTACGACCGCATCACCGGTCATATCCCAGTAATGGTGACCGATAATCGCCGTGCCCAGCGTATAGAATACAAACAGTACCGCGAGCGGGCGGGTGAAAAAGCCCAGCACGATCAGAATGGCAGCAGGGACTTCCATCACCACCGCAATAATGGCCGCCAGCATGGGCATCGGCGTACCCAGCGAGGTCATATATTGCACGGTGCCGCTAAACCCCGTCAGTTTTGGATAGCCAAAGATGATAAACAGCACGACAAGCGCGATGCGGCCAATCAGCAGCAGCAGGTGACGTGACTGACCGAAATCGAAATAACGTAGTGAGTTCATGGCAGAAAAACCTCTGCAAGTGGAGTAATTTAAACGTAATACATATTTTCATTCCCTGCCATAAGCCAGACGACTGCACAAGATGTTAATTTTTCGTTAATTTATAGCAGGCTATCTACTTGCTTAATTTTTATATTCTCGCCAGACTATGGCCTCGATTTCGGGAGGGATTCATGGTCTTGCATTCCACGCGCTGGCTGGCGCTTAGTTATTTCACCTATTTCTTTAGCTACGGTATTTTTCTGCCCTTCTGGAGCGTCTGGCTCAAGGGTATCGGCCTGACTCCTGAGACTATCGGTGTCCTGCTGGGGGCCGGGCTGGTAGCGCGTTTCCTCGGCAGCCTGCTGATTGCCCCGCGCGTCAGCGATCCCTCCTTACTGATCAAGGCCGTGCGCATTCTTGCTCTGCTGACACTGGTCTTTGTTGCCTGCTTCTGGGTCAGCCACCAGTTTGCCTGGCTGATGGTGGTGATGGTCGGCTTTAACCTGTTCTTCTCACCGCTGGTACCGCTGACGGATGCCCTGGCGAACACCTGGCAAAAGCAGATCACCATGGACTACGGCCGCGTGCGCCTGTGGGGCTCAATTGCCTTTGTGATTGGTTCCGCGCTGGTGGGCAAACTGGTCAGCCTTTACGATTACCGCGCCATTCTCGCCCTGCTGAGTATCGGTATTGCCTCTATGCTGCTGGGTATGCTGCTGCGTCCGTCGGTGATGCCGCAAGGGGAAAGCCGCCATCAGGAGAGCGCAGGCTGGCCCGCCTGGCGGAGCCTGGTGGCCCAGAGCTGGCGTTTTCTGGCGTGTGTCTGTCTGCTTCAGGGGGCGCATGCGGCGTACTATGGCTTCAGCGCCATCTACTGGCAGGGGGCGGGATATTCTGCTTCCGCAGTGGGCTATCTGTGGTCGCTGGGGGTAGTGGCCGAAGTCATTATCTTTGCCCTGAGCAAGAAGCTGTTCCGTCGCTTTGGCGCGCGAGACCTCCTGCTGCTTTCCGCCGTGTGCGGCGTGGCGCGCTGGGGGATTATGGGCTGGACGACCGATCTGCCGTGGCTGATAGTGGCGCAAATTCTCCACTGCGGCACCTTTACCGTGTGCCATCTGGCGGCCATGCGCTATATCGCAGCGCGCGAGGGCGGAGACGTTAT
NZ_CP074448.1_gap14	373594	376241	2647	CTCGATGGGCATGCGCCCGTGTTCGGGGGCCATCATGGTGCTGCTGTTCAGCAAGGTGATAGGCGTGTTTGGCTGGGGAATGCTCTCTGCGCTGGCGATGGCGGCAGGGACATCTCTCACCATTTCGTCTTTAGCGCTGCTGGTTCACAGCTTCCGTCAGCTGGCGGTCAAACTCAGCGGCAATAAAACGCCGGTGCTGTGGCGACAGGTAGGGTGGACAACGCTTGCGCTGGCGGGCGGGGTGATTCTGCTGGTGGCAGCGGTGACGATGTGGATGAGCACGATGCCGGTGGGAAGAGGATTGCGGCCGTTTTAGTTGGGATTCCCTCTCCCACGGGGAGAGGGAATGACCGGGATTAACGCTTCAGCGCATCGCTCAGTTCATCACGCATGTTGGCCAGCATGGCTTTAACAACGCGTGGGTTACCTGCAACGACGTTGCCGGTAGACATATAGTTATGGCCGCCGGTGAAATCACACACGATGGCGCCTGCTTCACGTGCGATCAGCTCGCCCGCAGCAAAGTCCCACGGCTTCAGCGACAGCTCGAAGTAACCGTCAACGCGGCCGGTCGCCACGTAGGCCAGATCCAGCGCGGCAGAACCGGTGCGGCGGAAGTCCGCGCATTCGGTAAACAGTTTGCCCAGGATATTCATATAGGTGGTCGCGTGCTGTTTCGCCTTGAACGGGAAACCGGTCGCCAGAATGGTGCCGTCCAGATCGCGTGCGTTGCTGCAGCGCAGACGGTAGCCGTTCAGCTGTGCGCCCTGACCGCGGGTAGCGGTGAACAGTTCGTTACGCATTGGATCGTAAACAACGGCGACTTCAGTACGGCCTTTAATGCGTACTGCGATAGACACAGAGAAGTGTGGCAGGCGTTTGACGAAGTTGGTGGTGCCATCCAGTGGATCGATAACCCATTGAACATCCTGATCGGTACCTTCATGTTCACCGCTTTCTTCGGTGATGATGGTGTGCTGCGGGTAAGATTTGCGGATCGTTTCGATAATAATCGCTTCTGCGGCTTTATCGACGTTAGTCACGAAATCATTGCTGCCTTTCTGGCTGGTTTCTACGGAGTCTGGCGTTTCGTAGTGTTTGGCAATTACATTACCCGCCTTGCGCGCTGCGCGCACGGCGATGGTCAGCATCGGATGCATCGGTCTCTCTCACTGGATGTTAAAGAACAGGAAAATCGGCGCAGAGTATAGCAGTGGGATCGGATTATGTCTCCCGTTTATGATAATATGCCGGAATATTCTTCAGACGCTGAATTCAGACATTAAAAATTATGCTGCAAAACATTCGAATCGTGCTGGTCGAAACATCGCACACCGGCAACATGGGCTCCGTTGCCCGCGCTATGAAAACCATGGGCTTAACGAACCTGTGGCTGGTTAACCCGCTGGTGAAACCTGACTCGCAGGCTATCGCCCTGGCGGCCGGTGCCAGCGACGTGATCGGCAACGCTCAGATCGTCGATACCCTTGACGAAGCGCTGGCCGGCTGCAGCCTCGTTGTTGGCACCAGCGCGCGTTCACGCACGCTGCCGTGGCCGATGCTGGACCCGCGCGAATGCGGCCTGAAAAGCGTCTCTGAAGCGGAACAGGCTCCGGTTGCGCTGGTGTTTGGCCGCGAGCGCGTTGGCCTGACCAACGACGAGCTGCAGAAGTGCCATTATCACGTCGCCATCGCGGCTAACCCGGAATACAGCTCGCTGAACCTGGCGATGGCGGTGCAGGTTATCGCCTATGAGGTGCGTATGGCGTGGCTGGCGACGCAGGAGAAACAGGTAGAGCCTAAAGAAGAAACGGCCTACCCGCTGGTGGACGACCTTGAGCGCTTCTACGGTCACCTGGAGCAGACGCTGCTCTCAACCGGCTTTATTCGTGAAGGCCACCCGGGCCAGGTGATGAACAAGCTGCGCCGTATGTTTACCCGCGCCCGCCCGGAAAGCCAGGAGCTGAACATCCTGCGCGGGATTCTGGCGTCGATTGAGCAGAAGAATAAAGAGTAGTGTCGATTTTCCCCTCTCCCCATGGGAGAGGGCAGGGGTGAGGACATCAGGCCGCACCTGGGTTATGAAGGCACGGAACGTTAAATACCTGACTAAAACAGTCAAGTAAATAGTTGACCATTTTAGTCAGGAATGTCAGACTTGGCCCTGCTATGCAATACCCCCATTTTACAATAAAAAACCCCGGGCAGGGGCGAGTTTGAGGTTAAGTAAGACATGAGACTGACATCTAAAGGGCGTTATGCCGTGACCGCGATGCTGGACGTTGCGCTCAACTCCGAAGCGGGCCCGGTTCCGTTGGCTGATATTTCTGAACGACAAGGGATCTCCCTCTCTTACCTGGAGCAGCTGTTCTCGAGACTGCGTAAAAATGGACTGGTTTCCAGCGTTCGTGGCCCAGGCGGCGGTTATCTGCTGGGTAAAGACGCGGGCAGTATTGCAGTTGGTGAAGTGATTAGCGCAGTTGACGAATCCGTTGACGCGACCCGTTGCCAGGGTAAAGGCGGCTGCCAGGGCGGCGATAAGTGCCTGACCCATGCGCTGTGGCGCGATCTGAGCGACCGTCTCACCGGCTTCCTGAACAACATCACCCTGGGTGAACTGGTCAATAACCAGGAAGTTCTGGATGTC
NZ_CP074448.1_gap15	543444	544648	1204	AAATCCACAGGAACAGAAATAAATGGAAGATTTGACCCTGCGCTATTTCGATGCGGAAATGCGCTACCTCCGTGAAGCGGCCAAAGAATTTGCCCGAACCCACCCGGACCGGGCCGCGATGCTTGACCTGGATAAGGCCGGCACACCCGATCCGTATGTTGAACGCCTGTTTGAAGGCTTTGCTTTCTCGATGGGGCGGCTGCGTGAAAAGATTGACGACGATCTGCCGGAACTTACCGAAGGTCTGGTCAGTATGCTCTGGCCTCACTACCTGCGTACCATTCCGTCACTCTCGGTGGTGGCGTTCACGCCTGTGCTTCAGGCCGTGAAGATGGCGGAAGTCATGCCCGCGGGTCTGGAAGTGTACTCCCGCCCGGTAGGGCCGAAGAACACGGTCTGCCGCTACCGCACCACCCGCGATGTGATGCTCAATCCGCTGAACATCTCAGGGGTAACCATGACCACTGAGCCTGACGGGCGTTCGCTGCTGCGGATGCGTTTTGCCTGTAGCACACAGGCGGACTGGTCCCATGCGGACCTCAGCCACCTGAGCCTCTATCTCGGCGCAGATGCGCCAGTCAGCAGCCAGCTACACCTGATGCTGACCAGGCGGCAAGCCGCCCTGTATATGCGTCTGCCTGGGCAGACTGACCGTATTCGCCTGGACGGGTACTTTTCGCCGGGAGGATTTGCGGAGGAAGACGGGCTGTGGCCGAAGGGGGATACTGCCTTCAGCGGCTACCAGCTGCTGCTGGAGTATTTCACCTTCCGCGACAATTTTATGTTCGTCCACCTCAACGGTCTGGACGGGATTACGCCGCCTGCGGGAGTAGAGTACTTCGACATCGAAGTCGTGTTCAGTACGCTGTGGCCATCAGACCTGCCGGTCACCGATGACGCGGTTCGTCTGCACTGCGTGCCGGTGATTAACCTGTTCACGCTGGAAGCTGACCCGCTCACCATTACGGGGCTTGAAAGTGAGTACCTGCTGCGCCCTAAACGGCTGCAGGACGGACATACCGAGATTTATGCTGTGGATTCGGTCATAGGCTCAAACCGGACCGGTGACGCGGAGTATGTACCGTTCAGCAGCTTCCGTCACAAGGGCGGTATGATGCGTCGTCACGCCCCGCCACGCTATTACCACACCCGCGTTAAGCGGGGCGTTACCGGGCTGTATGACACCTGGCTGATTCTCGGTGGT
NZ_CP074448.1_gap16	546387	550055	3668	GATTTTTTATAAGCAAATAAAGACCCTGCATCTGGATATTCGTGCCCGTGAGGCCGTTAACAGCAATGCTGGCGGCGTGGCACTGTCGACGGTGGTGCGCATCTACCAGCTTAAGGATCGCAAAACGTTTGACAGTACTGACTATCCGTCACTGTTTAAAGAGGACAGTCAGGTCATCAAAGCAGACCTGCTGGTGGAGAAAGATATCCTCCTGCAGCCGGGCGGGGCGGTCACGGTCGATATACCAATGGAGGAAAATGCGCAGTACGTGGCGGTGGCAGGAATGTTTATGTCACCCGACCAGGAGAACAATACCTGGCGTGTGGTAATGAGCCGCGATGACCTCGATCCGGATAAGGCACGCGTCATTGAGGCGGGGAACAACCGCCTGACCCTGAAGGCGCTGAAAGATGAATGAGACGCCCCGTTCCTCGATTTACGAGACGCTATTTGGCAATTTTACCGGTGGGTTCGATCTGCATCAGGTCAGTGAAGAAAACCAGGTCATCCTTTCGGTTCTGGACAACATGCAGCGCGTTCTCAACTGTCGCGCCGGCACGTTGGCGCACCTGCCTGATTACGGGCTGCCCGATATGACAAAAATCCTGCAGGGCATGCCGGGAACGGCCCATGAGCTCATGGGCACATTGTCTGCCGTCCTGCTCAAGTATGAACCGCGCCTGAAAAAGATAGACGTTGTTCTGCTGGAGCAGAACATTCCCGGCGAGCTGCGCTATGCCATTGACGCTGAACTTAAAGGGATTGGCCTGGTGCGCTATGGGACTGAGTTTATGCCCGAAGGACGGGTCCTGTTGCGGCATCTCAGGCAACAGCAGTATCTCGACACAGCACCTCGTATATAAGGTCAGTTAACACCATGTCAGTAAAATCACAGTTCATGAAGAAGTTGCAGGCGCGACAACCTTCACCTGTTCCCGCAGCTAGCAAGAGCCAGGCCGATATTGCAGAGTTTCGCATGCGAATGGCTCAGCTTCAGGAGCAAATGGACGCCTGGCTGTCAGATACCGGACTGAATGCAGAGCCACTGACGGTATACGTTCCTGACCTGCTGGTGGAGGGCGGGGCTTTTGATATTTCCGGTATCGTCCTGCGTTATGGTAACCGGGCGGTTAAGTTTATGCCGATATTTCTGTATGGACAGGGAGTTGCAGGCTGTGTCGAGGTGACTTTTTTTTCCGGGTACAGCGCGATTTCTCAAGGACGCCTGTTTATGCGGGTGGGGAGTGTATATGACTGGATCTTTACTCCCCCTGATACGTCACCTCAGTCAGGAAAACTATTTGATGAAGGTGTTTTTTTCGATCTGATTTTAGCGCTGCTGTCATAGCAATAACATTCATTCCTTTATTCGTCATTGCGTTTCTACACGCAAAACTGCCTTACACATCAACTGACGAAATTAACCGACACGGATATGCAGGCTCTGCAGAATGACCACACATATAACGTTAAAAACCGGCGGCGACCCGCGTACGCTGCCAGATTATGCCGCCCTCCGCGACGAACTCAGTAAGCTTACACATCCTGCTCGCCCTGATGTGAACTGGCAATATGTCCAAAGACTCTGTCTCTCAATATTTGAACAGAACGGTGTGGAGTTGCAGACAGCAGCCTGGTACACCCTTGCTCGTACTCACCTGTCTGGATTAGCTGGCCTGAATGAAGGGCTGGCGATTCTGGAGGCCCTGATTAGCCACCAGTGGGACACCTTATGGCCGAAGACACAACACGCTCGTATGGAAATCCTTAGCGGCCTTAGCCAGCGCTTGCAGCAGCGCATGCGTATGCTTCCATTCAACAGCAGCCATCTTAGTGAGCTTTATCGTGCTGAAGCGTTACTTACCAGCCTGAGCGCGGTGCTCCAGCGCCTTGAGCTTAAACACCTTAGCCAGTTCGATACGTTACGAACGTTGATACGTTCAAGTGCTGAACGGCTGGAAAGCAGTAATGACACGTCCGATTTGAATGTGAACATGAAGCCCGATAGCGAATCGACTCTGGAGAAAGCCGAACCGATCGAAGAAGTGAAATGGGTATATGTTGTGCATCAGGAAAATCAGCCGAATGGGGAGGATCGTACGACAGCCCCCGTGCCTGTCAGACAGTGGAAGCCCTTTATTACCGGGATGTGTTCCACACTGGTGGTGTGCTTCGCTGTGGCGTGGGGATGGGCTTCTTTGTCCAGACCCGACCCCCTGGCGACTCAGGCTTTTGCCTCTCTGGCTCCGTTACCTGAAGTGCTCACGCCTGTGCAGCAAGACGCGTTAACACTGCGAGGTACTTTACCGTCCACGTTTATCACAGACACGCAGCAGCAGCTTGCCCGCTTGGATAAACTGCCTCCTGACTGGAATCTTTCCTACAGCCTTCAGCTGTTAAAGCAGCTCCAGACATTATGGCCGGAGGAGGCGAAACCGCTCACAATGCAGTGGCAGCAAAAATTTAACGCGGCAGCGTTACCTGTCGACGCAATGAACAGCTGGTATCAGGGAATGATGACGCTTCAGCAACTGAGTCATCGGCTGAGTAGTCTGGACGAGCAAAAAGGAAAATACATCACGGTAAGCGAGCTTAAATCGGTAGTTTTTTCGACTATACAGTCATTTAACCAGACGATACCGGCTGAAGAACAACTCAGGCGCCTGTCACAGCATCCAGCAGGAGATGCGCTTCCTGAAGCAGAAAAGACTCAACTGGAGTTGCGTCTTAAACAGCTGGCAACGCGTTACGCTCAAATAAAACAGGATTCTTCTGCTCAGTGAATTCTGGCGGTAGACAGACGAATGTGCTGGAAAAAGCGGGAGGGTAAAGTGTCCCCTGCATAAATAGAACCTAGAGTGTATAGTCTTGAAATATATTATTAATTTAATTTGCCTTATATAAGGTTATACACCTAATTATACACATCAATAAATGCTTGTGTTGTCATCCGAGATGGAGGCATTCTGCAACGCCTCCAGCCTCCAGCCTCCAGCCTCCAGCCTCCAGCCTCCAGCCTCCAGCCTCCAGCCTCCAGCCTCCAGCCTCCAGCCTCCAGCCTCCAGCCTCCAGCCTCCAGCCTCCAGCCTCCAGCCTCCAGCCTCTATTTTACAAAATGTTACAAATGCATTCGTCAAATTTGATGATTATCAGTAGTTAACAACCGTTTTCAATGGTTTTCGCTCGTTAACATTCAGTACTCCTCAATATTATTCACCACTTATTCTTATTCAATAAATTTGAATCAATTATTATGGGGCTAACTTTACGAATAAATTCATCTGTGTAAGTATATAAATATCCAATCGAGACCAATAAAGAAGAAATAGTAATTAATAAGTGGGGGAGATATGAGTTTTATGCTTAACAGTGAACCATCCTATAAAAAATTAAGACTTTTACGGATGTCGGATGTAATTGATTTAACGGGTCTACCAAAGTCAACTATTTATTTAAAAATGAAAAGCAAAGAGTTTCCTAGACAGGTGTCTATCGGTGCTCGATCTGTAGCATGGGTCGAAGCCGAGATTAATGACTGGATAGAGAAGAATATTCAGAACAGGAAAGATAATTGCTCATAAGAGGTATGAAATGATTAACCCAAGGAATGCTAATAAAATACTCTCAATCAAGAATGAAAGCACATCACTATTAGAAGCATATCAGGT
NZ_CP074448.1_gap17	556595	557243	648	TTGGAGTAAAGCTAAACTGAAAAAAGCTGAAATTCTTTTCACTCTTTTCAGTTCCATGCTCGCTGTAAATCCCCAGTAGTGGCGCGGTCTGGCGCTATCATTTGTAAAAAATCCCAACTGAAAAATTTTAGCGATCTGAAAACCGCAGGCGGGTGCGGTGTAGTGCAATTTTTGTCATTCTAAAATTTTTTGTCTCAGGTTGCAGTTTTCTTTTAACCTAAATCATATAATGTTAGACACCATAAGCTCGTATTTTAGAGGTTTGAATGGACATTAACTGCGTAGTTTCAAGAATGAGAGATACTGATACTCTTATACAGGAAGGGGCATTTGATTCTGCTTATATTAATGTAAAGAAACTACTTAAAGATATAGAAAAATGGCATTCCAACAATACTAACAAAATCAAAATAATATCTAGCTTGGCTGGGTATTTAATTGATATTGGAAGTTTTAGTAGAAATAAAAGCATAGTTAATGAAGGGTTGGATATTTTAAAAAATAAAAAAGAGGATATTTTAGCTATAACAACAGAGTCATCATATTATTACAATGTAGCTAATGGTATGAGCGCAACACTTGACTTCAATCCTCATTTGGATGCAAATATTGATGATTTTATTCAATTAAACGAAGTTAAAAATAATT
NZ_CP074448.1_gap18	559939	563959	4020	ATACCACTGAGTCATTTCTTTACGCTGTTGGAGATATTGCGCATGATTATAAGTGCCTCTTATGGAATTCTTATCAACATGCGCAAGTTGCATTTCAATCCAGGCGCTTTCAAAACCGTGTTCATGCAAAATAGTACTCATGGTATGCCTGAAGCCGTGTCCAGTTAACCGACCATTATAACCCAACAGTTTTATCACTTTATTGATACTAGCTTCACTCATTGGTTTTCTGACATCGTTTCTTCCTGGAAAAACGAGACTGTAATTACCAGTTATATCTTTAAGTTTTTTAAGAATGCTGATCGCCTGTGTAGATAACGGAACAAGATGAGGGCGGCGCTTCTTCATTCGCTCTTTAGGAATTTCCCATAGAGCATTATTTAAATCAAATTCTACCCATTCCGCTGCACGAAGTTCAAAGGTTCGTACACCTGTTAGCATCAACAATTGTGTGGCGTATTTTGTGACTAAACTGCCCTGATAGTTATCCAGAGCATTGACGAATTCGGGCAACTCACTTTCAGTCAGGAACGGGAAGTGCTGAGTTTTAGGCTTGTTGAGTGCAATAGCTAAATCAGGAGCAAAGTTATATTTAGCTCGTCCGGTGGCGACGGCATAACGTAAAACTTCACCACAACGGCGGCGGATCTTACTGGTTTGCTCCAAAGCCCCCCTTTTCTCGATCTTTTGCAGAACGGTTAGCAGCTCTAACGGTTCAATCTGTTCGATTGGGCGCTGACCGATAAAAGGGAAAATGTCCTTCTCCATGCAGTTGAGAACTTCTTTTGCGTACCCTTCTGACCAGGTGGTTTTTTTTGAACCATGCCATTCCCTTGCTACAGATTCAAAACTGTTCTCATGTGCAAACCGCAACGCAATTTTTTCAGCCTTTCTGGCCTCGCTGGGGTTGACCCCTTTGGCCAACATCGAACGAGCTTCGTCGCGTTTAGCACGCGCCTGCGCAAGCGATACATCACCGTACACGCCAAAGGAAATCATCTTCGGCTTGCCTGCAAAGCGGTAGCGATAACGCCAGCCTTTACTGCCTGATGTGTCGATAAGAAGTGACAACCCCATGCCATCGTTCAACGTATAGGGCTTATCCTTTGGTTTTGCTCGTTTTATTTGGATGTCAGATAGCAGCATGTGTATAGAAAAAAGATCGAACTCAGTTATACACAATCTTATACGCAAAGATGTATAGATTCTATTAGAAATAATGGCACTTTACTGGACGAACAAGATTAGTGATTAGGATTTAAATCAGTTAGTTATGGAAGTTATTAGACTTGCTGAGATGTAGCTATGGTGTCCCCTGCAGGAATCGAACCTGCAACTAGCCCTTAGGAGGGGCTCGTTATATCCATTTAACTAAGGGGACGAGGCGGCACGAGTATAGCCTTATTTACACTTTGCGTTAAGCACAGCGCCGCCTGACTGCTCAAAGAGTCACCATTCAGGTCGATTTTTTTGTCGATTTATCATCATTTTCCCGTGCCTTAAGCTCAGCTTTGCGTTTGTTCGACATGTCGTTACGAATTTGGGCATGGCTTAAAAGCGCGAAGATAAACGTTCCGCCGCAAATGTTTCCTGCCAGCGTCGGAAGGGCAAACGGCCAGAAGAAATCGCTCCAGTGAAGCGTACCGTTAAAGACCAGATACAGGATTTCAACGGTACCGACCACAATATGCGTGGTGTCCGCCAGCGCAATCAGCCAGGTCATCAATATGATCACCACAATTTTGGCGCTTCCCGCTGAAGGAAACATCCAGACCATTGTGGCGATAATCCAGCCAGAGATGATGGCGTTTGAGAACATCTCGACCGGCGTGTTTTTCATTACGTCCATGCCGATTTTCACAAACGCATCCCGGGTGGGTTCATCAAAGATCGGCATATATTCAAACGCCCATGCCGCGATGCCCGTGCCGATGATATTACCCAGCAGAACCACGCTCCAGAGCCGCATCAATAAACCGAAATTACCGAGTGTGGGGTTTTGCATCACCGGCAGAACGGCGGTCACCGTGTTCTCGGTAAACAGCTGCTGGCGGGCCATGATGACAATAATAAAGCCGAAGGTATAGCCGAGGTTTTCCAGTAAAAATCCACCGGGTACGCCTTCCAGCTGCACATGAAATATCCCTTTCGCAAGCAGAGATGCGCCCATTGAGAGTCCGGCAGCAATGGCTGACCAGAAGAGGGCCATCGCGTCGCGCTCCATCTCTTTTTCACCATCCTGGCGTATATGCTCGTGGATGGCCATTGCGCGGGAGGGGAGGCGATCTTCATCAATTTCTATCTTCTCGCCGCGCGCTTTCTCCTCGCTTTCAATTTCAAGCTCCTCAGTGCTCTCGCCAATTTTTTCTTCGCCTACATCTTTCATATCTGCTCCCGGAGGTTGATCTTTCTGTTAAGCGTAGCGGCTTTTATCGGGATGCCTGTGGGGATGCTCTTAAATTGGCGGCAATGACAACAAAGGTGATACATCTCTTTCAAAGTCATTATAAAATTGCCAGCGAAACGAATTCCAAAAGCCAGGCTATGCTGAGATCAGAGTCACGGTGGTTACTGCCCGTAATTGTGCTCATAGACATCGGTAAACGTGCTGTTACAATCGCTTGCACGTTTACAGACGGAGCGTCAACGGCTCCGTTACGGATGGCAATCAACGATAGCCATACTGAACAGGGAGATATTTATGAAACTTCGGCTGTCGGCGCTTGCGCTTGGCGCGACGATGCTTGTGGGCTGCGCCAGCTCCGGTGAGCAAACGGGACGCTCCGATCCTCTCGAAGGATTTAACCGCTCAATGTATAGCTTCAACTACAACGTACTGGACCCGTATGTGGTTCGTCCGGTGGCAGTAGCATGGCGCGATTATGTTCCACAACCTGCGCGTAACGGGTTAAGTAACTTTACCAGCAACCTCGAAGAGCCTGCGGTAATGGTGAACTACTTCCTGCAGGGCGACCCGTATCAGGGGATGGTCCACTTTACCCGCTTCTTCCTGAACTCCATTCTGGGTATGGGTGGCTTTATTGATGTTGCAGGTATGGCTAACCAGAAACTGCAGCGTGAACAGCCACACCGTTTCGGCAGCACGATGGGACACTATGGCGTCGGGTATGGTCCGTACGTGCATTTACCGTTCTATGGTAGCTTCACCCTCCGTGATGATGGCGGCGATATGGTGGATACGCTGTATCCGGTCCTTTCGTGGCTGACCTGGCCGCTGTCGGTGGGTAAATGGACGGTGGAAGGGATTGAAACCCGCGCGCAACTGCTCGACTCTGATGGTCTGCTGCGCCAGTCTTCTGACCCGTACATTATGGTGCGTGAAGCGTACTTCCAGAATCATGACTTTATTGCCAACGGCGGCAAGCTGAAGCCGGAAGAGAATCCAAACGCGAAGGCGATCGAAAACGAACTAAAAGATATCGATTCGGAGTAAATAAAAAAGGTGAGCAATGCTCACCTTTTTTGATTCCAGCGCGATTAGAACGCGTAGTTGAAGTTCGTACCGAACAGCCAGGCTTTACCTTCAGAGGTAAACTCGTACGGACCTTCCTTGAACGTTACTTTCTGACCGTGCATATAAGATACGCCCGCATCGATGGATGCATTCTCGTTCAACGCATAGGTCGCACCAGCACTTAACCAGAAGCGGTCCTGATCCGGAATGGAAATGGAACGTTTGTCTGCCGGAACCGGGCTGTCGTCAAATGCGATACCGGAGCGGAAAGTCCAGTTTTTATCGTAGTAGTAGGTGGTACCCAACGCTATACGATAGGCATCGTGGAAGCTTTCGTCCTTATAGAACAGCGTTTGACCATTGGTTCCGGTCGCTTTCAGCTCCTGGAACTGGCTCCAGCTGGTATAGGCCAGGCTATAGTGAATAGCCCATTGTGGTGCAACGCGGTTGTAACCGGAGACTTCCCACATTTCTGGCAAATGCAGCGACAGTGAACCCGGAACGGTCTGGTTGGACGTTCCCCAAGGAATGGTAGTGCCCGCACC
NZ_CP074448.1_gap19	635935	637150	1215	TTTCAAGCGTCGCTTCATGCACCATGACGTCCACGCCCTGAGCCAGCGTGAGCGCCGCCGGGCACGGGGCCGTATCGCCAAAAATCGCCAGTTTTTTGCCCGGCTGCGGTGCGGCGAGATAATCCTGGCCGTTGATGACGCGTCCGTCCTCCAGCGTGACGGTCTCTCCGTGCTTCAGACGCTGGAACAGCGGCCCGGGTTTTACGCCGTCGGCCATCAGCGCGGCGGCATCCAGCGCGCCGGGTTTGTCATGCGCCTCAATGCGGTAGCCATAGCACTCGACAGGATGATTGAGCGGTTGAGCGGTAACCCGATAATCCCCGTCGTCGAATACCAGGCCTTCGGCAATCTCAACGACCTCCAGCGGATAATCTGTCCATGACCCGCTCAGGCGCAGCGTAGTTTCGACAAATTCACGAATACCCGCTGGCCCGTAAATCGTCAGCGGGTTGGCGTTACCGGCCATCGAGCGGCTGCACAGCAGGCCGGGAAGGCCAAACAGGTGGTCGCCATGCAGATGGGTGATAAAAATTTTATCCAGCTTGCCGGGGTGGTAAGCGGTGTGTAACAGCTGATGCTGCGTCCCTTCACCGCAGTCAAACAGCCACAGCCCGCCGCGGGTGGGATGCTTAAGATCCAGCAGGATCGCCGTCACGTTTCGTGAGCGGGTTGGCACGCCAGCGGACGTACCCAGAAAAATCAGTTCCATAACGCAATCAGCCCTTTGCCGAACGGGGAGGGGTTTAGTATAACGTGATGAACCCCAGGAAGGAGACTGACATGATCCAGTGGCAAGATTTACATCATAGCGACCTCACCGTTCATTCACTTTACGCCCTGCTGAAGCTGCGCTGTGAAGTGTTTGTTGTGGAACAGACCTGCCCGTATCAGGACATCGATGGTGATGACCTTGTCGGTGAGAACCGCCATATCCTCGGCTGGCGGGATAACGAGCTGGTGGCGTATGCGAGGATTCTGAAAAGCGAAGACGATTTTGAGCCCGTCGTCATTGGCCGCGTCATCATTAGCGGCAAAGCGCGAGGGGAAAAACTGGGCTATCAGCTGATGGAAAAAACGCTGGAGGCGTGCCGGAAACAGTGGCCGGACAAGGCGTTATACCTCGGCGCGCAGGCGCATCTTCAATCCTTTTACGGCCATTTTGGCTTTGCGCCAGTGACGGAGGTATACGATGAAGATGGCATTCCGCACGTCGGC
NZ_CP074448.1_gap20	686380	687844	1464	GCCCAAGCGCACAATACTTGGCATGGTTTTGCGCGACGAGCTCTTTGACGTGTGCCAGCACCAGCACGCGACCACGGGCCAGACGCGCCAGTTCGGCGATGACCAGGCTTTTGCCTGCGCCGGTCGGGAGCACAATCGCCGCCGGCTCGCGATGCATACGGAACCAGGCGAGGGTGGCGTCAACGGCTTCCTGCTGATAGGGACGAAGTGTAAAAGTCATAGGGTCTCGGTTTCGTTATTCCGCACATATACCCGTCATACTTCAAGTTGCCTGTGCGTTGGCTGCACTCGTTCACCCCGGTCACTTACTTATGTAAGCTCCCGGGGATTCACTCCTTTGCCGCCTTCATGCAACTCGAATTATTTAGGGTATAGATAGTATGCCACGAAACTTTTTCCCTTGAGTGACGCAACCAGACCATTATACTGAACCGTTCCAGACTGCTTCTTTTTTCGGACCTGTTGTCCGACTTCCAGCACCATTAAGGCTAAAAAGATTTCATGCGACTTGATAAGTTTATCGCTCAGCAACTCGGCGTAAGCCGCGCTATTGCCGGGCGCGAAATTCGCGCCAGCCGCGTTACCGTGGATGGCGACATTGTGAGAGACAGCGCGTTCAAACTGCAACCTGACCATCAGGTGGAGTATGACGGCAATCCGCTGACCCAGCAGCACGGTCCGCGCTACTTCATGCTCAATAAGCCGGAAGGCTACGTCTGCTCAACGGACGATCCCGATCACCCGACGGTGCTCTATTTCCTCGACGAACCGGTGGCGCACAAGCTGCACGCCGCAGGCCGCCTCGACATCGACACCACGGGTCTGGTGCTGATGACCGACGACGGGCAGTGGTCGCATCGCATTACTTCCCCGCGTCACCACTGCGAGAAAACCTATCTGGTCACGCTGGAGTCGCCGGTGTCGGATGACACGGCAGAGCAATTCACGAAAGGCGTTCAGCTGCATAATGAAAAAGATCTGACCAAACCCGCCGTGCTTGAGGTGATCGCGCCGACGGAGGTCCGTCTGACCATCAGCGAAGGGCGCTACCATCAGGTGAAACGTATGTTTGCCGCGGTGGGGAACCACGTTGTTGGCCTGCATCGTGAGCGGATTGGTGCGATCGAACTCGATCCCGACCTGGCGCCAGGCGAATATCGCCCGTTAACGGAAGAAGAGATCGCCAGCGTCGGTCTGCCTTCGCACTAATTTCAGGAGAGCTCTGTGACCACCAGGCCACACTCGTCGTTCAAAATCGTCTTCATTCTTGGCCTGCTGGCCATGCTGATGCCGCTGTCTATTGATATGTACCTGCCCGCGCTGCCGGTCATTTCCGCGCAGTTTGGCGTTCCGGCGGGCAGCGCGCAGATGACGCTCAGCACCTATATTCTCGGCTTTGCCCTCGGCCAGCTGTTTTATGGCCCGATGGCGGACAGTCTTGGACGCAAGCCCGTTATTCTGGGC
NZ_CP074448.1_gap21	724395	726588	2193	CCCCCATCTCGGGTTTTGACAGCGGCTTCTCGACCTTTACGCAAGGGTTCATCGCGCTGGGCAGCTTCCGCCTGTCGTATATCACCTTCTATGCGCTGATTGCGGTGGCCTTCGTCTGGATCCTGTGGAACAAAACGCGCTTTGGTAAAAACATCTTCGCTATCGGCGGTAACCCGGAAGCGGCGAAAGTGTCCGGCGTGAACGTTGCCCTGAACCTGCTCATCATTTATGCCCTGTCCGGCGTGTTCTACGCCTTCGGCGGGATGCTGGAAGCGGGCCGTATCGGCTCTGCAACCAACAACCTTGGCTTCATGTACGAGCTGGATGCTATCGCAGCCTGCGTGGTGGGCGGCGTCTCCTTCAGCGGCGGCGTGGGTACGGTACTGGGCGTGGTGACCGGTGTGATTATCTTCACCGTCATCAACTACGGCTTGACCTATATCGGCGTGAACCCGTACTGGCAGTACATCATCAAAGGCGCCATCATTATCTTCGCGGTTGCGCTGGATTCACTGAAGTACGCGCGTAAGAAGTAATTCCTCCTCGCGTTATCCGGCCCGCTCATCGAGCGGGCTTTTTTATGCCTTATGCCAGCTGTGACTCCTCTCGGGTCACGATGCGCTCAAACCAGTCGAGTTCAGAGAGCTTGCAGGCGACCCACTGTTCGGAAAAAGCGTCGCCCAGGCTGTCGGTGAGGTACTGACAGCGGGCAAAGGTCTCAATCGCCTCCTGCTGAAACAGCGGCAGCGCGGGTTCATCATGCTGCGGTTCGGGCAAATCCTCGTCGTCGATGTTTTCCAGCCCGTACAGCATGCCGGTCAGGATAGTTGCTGCCACCAGATAGGGATTGGCATCGGCCCCGGCCAGCCGGTACTCGATACGACGGTTGCGGTCATCCGAGCAGGGAATACGCAGGGCGGCGGAGCGGGTGTTATAGCCCCAGGAGTTAAATACGGGCTCCGTCAGGTTTTTACGCAGGCGACGAAACGCGTTAACGCCCGGCGCAAGAATGGCGACAGAGGCGGGCATCAGCGCCAGCTGCCCCGCGATGCACAAACGCATCATGCTGTTAAGCGCGTTCACCGGGGAAGCAAAGACGTTTTCGCCGTGACGATTGTTCAGGCTGAAATGGAAGTGCAAACCGCTGCCGGACAGCTGGCTGAAAGGCTTCGCCATAAAGTTGGCCTGCAGGCCGTGCTTTTCGGCAACGTAACGGGTCAGGCGACGAAGCGCCAGCACGTTATCGCAGACCTCAACGACGCGATGGCTGTGCTTCAGGTTTAATTCGTACTGACCGGACTCGGCTTCCGCCACGATCCCGGACAGCGGGATGCGCTGAAGGTGCGCCAGCTGTTCCAGCTCGTCAAACAGTGCCGCATGGGCCGCCGTAGTATCCATGTGAAAACAGCCCTGATTTTGCGGATCGCGATCGTCATGCCCCGTCAGATAGAACTCGATTTCCGGGGCAATCACCGGGAAGAGGCCGTGCTGGTGGAAGCGGGCCAGCACGTTCTGCAGTATCACGCGCGGCTCAAGCGGGCAGGGGTTATCGTCGCTGTCTTTCATCGTCAGCAGGATCTGCGCGTTGTGCTGCGGATCTTGCGGAGAGGGGCGCAGGGAGCCGGCGACCGGAACGCAGAGTCGGTCCGGCTCATCATGAAGCGGGGCGGCGATTTTTCCTTTCTGATCCATCGAATAGACCGAAAGGGGAAAATAACAGCCTTTTTCCAGGCTCAGCATGCTCTCCACCGACAGACGCTTGCCGCGCATCGTGCCGTTGATATCGTTCAGGTAAACGTCTACATGTTTCGTCTGGGGGTAGCGTTCCAGATAATCTGCCACTTCCACTGAAATGTTGTGCTGCAGGGCGTCAATTTTTTCATCAAGCCAGAGACCGGAATTGAGTGCGCCAGGAAGTGATAAACCGGGAAAGTTAAAATACGGGCGGAGACTTTTGAGGAAAAACGCATTCATTATTGAGTTCATAGTCATTCTTCAATGAAGCCGTAGCGGCAGTGAACTCAGCTTAAAAGAGCCGACGTAAAGGGGGGATAAAAAGCGTCAGGCCCGGCGTAAAGAAAGTATAAAGGCGGCCCTGTTATTTCTCTTTTTTCTGCATATCCAGCAGCTGCTCGGGCGTGACGGCCGGGTAACCCTGCGCGTCTTCCGGCACTTCGTGCATCGCCGGAATCG
NZ_CP074448.1_gap22	826009	826623	614	GACCATCTTCCACGGTATCGACATTTCCAGCCGCGAAGTGTTGAACCACTACACGCCGGAGTATCAGCAGCTGTTCAGGCGCGGCGACATGATGCTGCCTATCAGCGACCTGTGGGCCGGACGCCTGAAAAACATGGGCTGCCCGGGAGAAAAAATTGCCGTTTCGCGTATGGGCGTGGATTTAACGCGCTTCACTCGCCGCCCTGTAAAGGTGCCGGGAAAACCGCTGCAGATCATCTCCGTTGCTCGCCTGACCGAGAAGAAAGGCCTCCATGTGGCCATTGAAGCCTGCCGCCAGCTGAAAGCGCGCGGGGTGGATTTCCACTATCGCATTCTCGGCATTGGGCCGTGGGAGCGACGTCTGCGCACGCTTATCGAACAGTATCAGCTGGAAGATGTCGTAGAGATGCCGGGCTTCAAGCCGAGCCACGAGGTCAAGGCCATGCTCGACGAGGCGGATGTCTTTCTGCTGCCTTCAGTGACGGGCGCCGATGGCGATATGGAAGGCATTCCGGTGGCGCTGATGGAGGCGATGGCCGTAGGTATTCCGGTGGTATCAACCCTGCACAGCGGGATCCCGGAACTGATTAAGTCTGACCACTCCGGCTGGCTGG
NZ_CP074448.1_gap23	837653	840493	2840	CGATTGCTTGTTTCGGTAATATGCTTAGAATCAATAGTGATGGCTCAATTAACAAACGTGGCTTGCTGCCAATGGTTAATTTTAAATGGTGGACACTCAACGATATACTTACCGATAGGATATGCTTATACTCGCCAACACAATTATTTAGAACAGAGGTTTTTAAGAAAGAGTCGATAAGTTTCCCAAAAGAGATTAAAATAGAAGATATTTGGCTCTATTTTAAACTCCTCAGTTCTGGTTATAAGTTTATTACCATTCCATATCTTCTGACAATGTATCGAGTACATGATAATAATACGCACACTCGTTACAAAATGATGATGTTGGAGAAAATAAAAATCTTAAATGACTATAAAAATGAATCTTTTTATGCAAAAGCACTTCACTTTATCTATCTTGAACATTTCTCTAATTTTGGCTCGTCGTCCAAGAAAGATGCTTTAAAACTTCTTCCCAAAGTTATACTTAGTATTAAATCTAAATATTTATATATCGGTCTGACCAGACTGTTTTTCGATTGGAGAAAGTAATGTTTAAGCATGTATACGTTGATTTATGTGATACCTTAATCAAAGGCAACACAACGTTCATGTTCCTGGACTCCTTCTTTAGCCATCAGAAAAATAATAGCTATTGGTTTTATAGAAAGGTCAGTACTACCTTTCTGATGAAGGTTTTTTTTAAGTTATTATTTTTTCTTAAAATAGATTTGAACCGAAAAATTGCGGTTCGTTTTTTAAATGGATATGACATTGATTTTCTTAAAGAGCATGTAAGAAAGATGTTAATCAGTGGGTTTTTTATAGAGAATAAAGAACTTGTTGGCGTAATGCGATATGCAAAAACTAAGCATATTCCAGTGACGATTATATCTGCATCCTTGGATTTCATTGTTGAGGTCGTTGCGTCCCATTATGACATAGATTGCTTCAGCAGCAAACTTGAATATAAAAACGGTATATGTCAGGGACGTATTACCCAGGACCTTCTCTTTAACAAGAACAGAATTTTTGAAGAAGTAGAAAAAAATAATAATGATTACTGTTTTATAAGTGATAATATCCAAGATATTATGCTTTTAAAATCCTGCAGTCATGGTTTTGGAGTGCCTAATTTAAAGAATAAAAAAGCGTTTGTTGATAATAATATTAAACTTATCAATTATGATGAACTTATCAATCTGATTATAAAAGCGAGTTATTGTGAAAGAGTATAATATCTTTTATTTGCCATTTTGGTACTCAAAACAAACGAGATTTCGAACAATCCCAAGATTTTTTTCTTGGGTTATTATTTATTTAATCCCTGTTTCTCTGTCTTTTTTGTTAGTGCATCTTGGATTTGATTATACTTATTTATTTAAATCTTTCTTGGGGATTTTTCTTGTCTATAATCTATATGAAATTGGATATATATATAATGATGCCGAAACTATAAAAAATGAAACTTCGCCAACGCTGAGGCTTGATTATCAACAGTTGCAATTCTATGAAAATAATAAGAAGAATATTTATTGCTCTCGTTTTTTTATAGCGGCACTAATAACGTTTGTACTATCTTTATATGAAGGAACATTGTTTTTTTTATTGGCTAGTTGGTCGATAATTCCAGTTTATGTATTATATAATTCGGTTAGAAGTAGATTAAATATACCATTGCATTTCATATTAGTCACATTAAGGTATTCTTCACCTATACTGCTGTTCACAGGACTGGATAAAGCTTATGTGATTGTTCTCTTAATTTTTCTATTCCCGCTAATAAATACTCTGGAGAGATGTTCCGAAAAAAGATTTAACTTAACATTTTTCAGGGGGTTCTTTCTGACTAATAAAAAGAGTGGGCGATACATCTACTATTTCATTTTGCTTGTCTCAGGGCTTTTTTGTTATCACATTTCTGGTGATTTTGTATTTTATATTTTTTCGTGCTATGCATTTTACTATATGACCTTTAGATTCTTATCTGCGCAGGTAAATCTTAATGAATGATAGCTCAAGATCATTTAGTGTATTAATGTCTTTATACTACAAAGAAAAGCCAGTCTTTCTTGACTCATGTTTTGCAAGTCTTGCCAATCAATTATTATTTCCGACAGAGATTGTTTGTGTTTTTGATGGTCCACTTAATGCGGAATTAGAGGCTGTTGTATTAAAGTGGTCTGAAAAATTGAATATCAATATAGTCAGGTTACCGGTAAATGTTGGGTTAGGTAATGCTCTCAATAAAGGTCTTGCACATTGCTCATTTGATATTGTTGCCCGAATGGATTCAGACGATATTTGCCTTCCAGAACGCTTTCAAAAACAAATACCCCTTTTCTTTAATGATAAAGATCTCATATTGCTAGGATCTGGAATTGATGAGTTTGAAGTATGCGAGAATACAATTAAATCAGTCAGGAAAGTTCCATTATCACAGGCTGAAATTCGTGAGTATTGTAAAATAAAAAATCCATTCAATCATATGACTGTGGTTTTTAGGAAAAAAGAAATTTTATCGCTTGGTGGTTATCTACACCATTTCCTCATGGAAGATTATAATCTTTGGCTTAGAGTTATTGCTAAAGGATATAAAGTAGGGAATATCGATAGCTCACTTGTTAAAGCTCGCGTTGGCAATGGGATGGTGGGTAGAAGAAAGGGGATTAACTATATTAAAAGCGAGTGGGAGCTTTTTATGCTTAAGAAAAAACTTGGATTTCAGTCTTTCTTCTCCGGGATATGCGTTTTCTTTATGCGTTCTGTCCCTCGCCTACTCCCCAAAAGAATGCTCTCAATGCTTTATAATATTTCAAGGGCTAAGAATTAAACATTTCGGTTATTATTCATAAAAAG
NZ_CP074448.1_gap24	841819	846516	4697	GTACTTCAAGAAAATTGCGGATGAATATCAGCAGGCGCTGCGTGACGTGGTTGCCTACGCTGTCCAGAACGGTATCCCGGTTCCGACCTTCTCTGCTGCAGTAGCCTACTACGACAGCTACCGTGCTGCTGTGCTGCCAGCTAACCTGATTCAGGCACAGCGTGACTACTTCGGTGCGCATACTTACAAACGTACCGATAAAGAAGGCGTGTTCCATACCGAATGGATGGAATAAGTTAACTCACTCGCTGTAATCAAAACCCGGAGCTTGTCTCCGGGTTTTTTTATGCAAAAAGTGTCGCCTGTTATTCGAAGTAGTCTGAATCTCGCCCCGCTCGTAGTGATTACTCCTGGTTTGCCTTGACAGTTCAGTTTGCCAGGAGGTACAAAGCCCAACAGTTATGTTTATCGCGATGGTCTGGCGGCCATCAGTACAGTTAACTCACAGAAGTCATTAGCGAATGAAAATAACAATCTCCGGAACAGGGTATGTCGGTCTTTCTAACGGCATTCTGATTGCCCAGAATCATGAAGTGGTTGCGCTGGATATCGTGCAGGCCAAAGTGGATATGCTCAATCAGAAAAAATCGCCGATTGTGGATAAAGAAATCCAGGACTATCTCAGCAATAAATCGCTGAATTTCCGCGCCACGACAGATAAAGAAGATGCATACCGCAATGCGGATTACGTCATCATTGCGACGCCTACTGACTACGATCCTAAAACTAATTACTTCAACACCTCAACTGTAGAGGCGGTGATCAAAGACGTGATCGCGATCAACCCTGACGCGGTGATGGTTATTAAATCGACCATTCCTGTTGGGTTTACCAAATCTATTAAAGAAAAGTTCGGTATTGATAATATCTTCTTCTCGCCTGAATTCCTGCGTGAGGGGAGAGCTCTTTACGATAACCTGCATCCTTCGCGTATCGTCATTGGCGAACGTTCAGAGCGCGCTGAACGCTTTGCTGCGCTGCTTCAGGAAGGCGCAGTGAAGAAAGATATTCAGGTGCTGTTTACCGACTCCACCGAAGCTGAGGCGATTAAGCTCTTCGCGAATACCTACCTGGCAATGCGGGTGGCTTATTTCAATGAGCTGGACAGCTACGCAGAGAGTCTTGGTCTGAATACCCGCCAGATTATTGAAGGTGTGTGTCTCGACCCGCGTATTGGCAACCACTACAACAACCCGTCATTTGGCTACGGCGGCTATTGCCTGCCAAAAGATACTAAACAACTGCTGGCAAACTATCAGGCTGTGCCGAACAACCTCATATCAGCGATTGTTGACGCTAACCGTACACGTAAAGATTTCATCTCCGATTCCATCCTTGCGCGTCAACCGAAAGTGGTCGGCGTATACCGTCTGATCATGAAGAGTGGCTCTGATAACTTCCGCGCCTCTTCCATTCAGGGGATCATGAAGCGCATTAAGGCGAAAGGGGTTGAGGTTGTTATCTATGAGCCTGCCATGCCGGACGATCAGTTCTTCAATTCCCGGGTGATCCGCGATCTGGATGCATTCAAGAAAGAAGCCGATGTCATCATTTCAAACCGCATGGCGGAAGAGCTGGCTGACGTGGCGGATAAGGTATATACCCGCGATCTGTTTGGTAGTGATTAAGAGAACAATTTAGCTTAAAAGGACAGCTTGTTATTAGCTGTCCTTTTAATCTCTAATCTTAGAGCAGTTAAACCTTTCTTATTTGATTAAAATGCGCTCAGGAAGATATTTTTTAAATTTGTTCATTGAGTGCTGAATGCTGTCTTTCGAAATGGTGAAAAGAACATCATCCTCAGTTTCTTTTTGACGAACAGCACCGAAACGCTCATGGAATCTGATGACAGAATGATTACCTTTACGTACGTCGAAGTGGGCACTGGTAAACCCTAATTTCAAAGCGTAGTGATAGACAAGAAGTGCCGACTCAATTGCAAAGTGTGGAGGTGCATCCTCATGAATGACCCATGATCCCCAGCAGAAAGAATCTTGCTGCTGATCATAAATTCTTACCGTTCCAAAAGGTATATCTTCAAGGTCGGTAATGATGAAGTAGGCTTGACCCTCGCTTTTCAGATAACCTTCGATCCATTTTTCTTGAGCTTTAATATCATCAGAGGTGGTGCTTATAAATCGCCCCTTTTTCTCATTCGTTCTCAGCGCGACAATGAAAGCTGCATCATCGGTTTTTACATTTCTAAGTTTAACAGAGCGACCCACGATAAGATCTGTCTGGTGAATTACTGGAATAGACATAGCAGTTCCTTTTGGCGTAGACATAATGAATGCATTCAAATTTTGTAGAAACGTTTGTACCAGTCTACAAAGTTCTTCACCCCATCTTTAACCGAGGTTTGCGGTTTAAATCCGATCACCTCATAAAGTGCCTGGGTATCGGCACTGGTTTCCAGAACATCGCCTGGCTGGAGAGGCAGCATGTTTTTCTCGGCTTTTTTACCCAGCGCGTCTTCCAGCGCGGTAATGTAATCCATCAGTTCTACTGGCGAGCTGTTACCGATGTTGTAGACCCGGTAAGGCGCTGAACTGGTTGCCGGGGAGCCGGTCTCAACGGTCCAGTTTGTGTCTGACTGAGGAATAACATCCTGCAGACGAATAATTGCTTCAGCGATGTCATCAATGTACGTGAAGTCGCGCTTCATTTTACCGTAGTTATAGACATCGATGCTTTTGCCCTCAATGATCGACTTAGTAAACTTAAATAGCGCCATGTCCGGACGTCCCCACGGACCATATACGGTGAAGAAGCGCAGGCCGGTGGTCGGCAAGTTGTATAGATGCGAATAGGTGTGCGACATCAGCTCATTGGCTTTTTTGGTCGCGGCATAGAGTGAGACCGGGTGATCCACGGAATCGTCAGTGGAGAAGGGCATCTTGCGGTTGAGGCCATATACGGAGCTGGATGAGGCATAAAGCAGATGCTGAACGTTATTATGACGGCAGCCTTCCAGCACGTTGAGATGGCCGATAAGGTTGGCATCTGCATAGGCGTGCGGATTTTCCAATGAGTAGCGCACACCCGCCTGCGCGGCCAGATGAATCACACGATCAAACTTTTCACTTGCGAAAAGCGTGGCCATACCTACCCGGTCAGCTAATTCCAGCTTGTGGAAGGTGAAACTCTCAGATTTTAACAGTTCCAGGCGCGCCAGCTTCAGGTTGACATCGTAGTATTCATTGAGGTTATCGATACCAACAACCTGATGACCGGCCTCAAGGAGGCGTTTACTGACATTCGCACCGATAAAACCTGCAGCGCCCGTGACTAAAAATTTCATAGCTTCCCTCATAAACCCTATTCTATAGATGCCGTAACGCATCACATGGCGTCTATGATAGCGCGAAGGATGCAAGTTACATAACCCATCTTTCCGATATTACTCATCGGATTCTTATAGAAAAATCGCCAGTAATGGATAAACTATACAAACAAAATTATGTTTGCCCTTTTTTATCAGTTAGGGATTGTATGACGCAAAACAACAATAGCCAGGTCAGCCGAAGTAATGACCAGGAGCAAATTGATTTACTTGATTTAGTGCTGCAACTGTGGCGTGGAAAATGGGTGATAGCAACCTTTGTTGTCGTTTGTATCGCCCTTGCAATTGGATATCTCTCTGTTGCAAAGGAAAAATGGACCTCAAGTGCGATTATTACGCAACCAGATGCGGCCCAGATTGCCAGCTACTCTAATGCATTGAATATCCTTTATGGTACTGCGGCACCAACAATGCTTGACAACCAAACGCGCGCTATTGGCCGTTTTAACGCCTCAATCTCGGCGTTGTCGCAGGCGCTTGAGAACCAGAAGGAGCCTGAAAAACTGACTATAGCGCCGACTGTAACTGGGCAGCCGCTCCCGCTGAGTGTTTCCTATACCAGTACATCAGCAGAAGCTGCTCAGAAACAGCTGGCACAGTATATTCAGCAGGTTGATGAGCAAACGGCGAAAGAACTGGCAGTTGACCTTAAGGACAACATCAAACAGCAGATCAAGACTCTGAATGATTCTCTACAAAACCAGGAGAAGGTCGCTCAGGAGCAAAAAGATCTGCGTATCAAACAGATTGCTGAGGCACTGAAGAACGCTGAAGCGGCGAAAATTACCTCGCCTCAGTTGCAGCAAACCCAGGAAGTGACTCAGGAAACGATGTTCCTGCTGGGAAGTGAGGGGCTGAAATCAATGATTGACAACGAAGCTTCTCTCCCTTTGGTCTTCCCAAGAGCATATTATCAGACCAAACGAAATCTGCTGGACATCCAGAATCTCAATGTAAACCCGGATACAATCCACGTTTACCGTTACGTCATGAAGCCGGAACTCCCTGTGCGACGTGACAGCCCGAAAAAAGTGATTGTTCTGATTCTTGCCGTGCTGCTGGGCGGAATGATTGGTTCTGGGGTGGTGCTTGGCCGCAACGCATTGCGCAACTACAAACCAAAAGTCTGATTTGCAGATTAAAAAAACCGGGGATTTTCCCCGGTTTTTTATTTGTGACGTTTGCGAAGATTCTCAATCACCGCCGTCAAATCCAGCTCCTGATCCTGCAGCAGCACCAGCAGGTGATACATCAAATCAGACGCTTCATTCGTCAGCTCCTCGCGGTCATGCACCGTCGCCGCCAGCGCCGTCTCAACGCCTTCTTCTCCCACCTTCTGTGCGATGCGCTTGGT
NZ_CP074448.1_gap25	891219	891946	727	CGGAGGCGTTGTCGTTACCGCCGCTTACGGCTGCCGACACGTTCTCATCGTGATCGTTGTGGCTGTTAAACCCGCTCTTTGCCCCGGTCTGGAACTCCACTTCGGTATCCGGCTGGCCCTTTTTGGTGACGATGTTCACCAGGCCGCCGGTGCTGCCGCCGCCGTAGAGCGAGGTGGCGCCGGAGATCACTTCGATACGGTCAATGTTGAACGGATCGATAGAGTCCAGCTGGCGGCTGTCGCTGCGGGACGAGTTCAGGCGAACGCCGTCCACCATCACCATCATGGAGCGGCCGCGCAGGTTCATGCCGTAGTTGGTACGGCCCTGGCTGCTGACGTCCATACCTGGGATCAGCTGCGCCAGCACTTCTTTAATCTCTTTCCCGCCCTGAACCTGCTGCTCAATTTCAGCCCGTTCAATGACCCAGGTGGTCTGCGCCATCTCCGCCACGCTGCGGTGCGCGCGGCTGGCGGAGACCACGATATTTTCTTCCTTTTGTTCTTCCGCCCACGCAGAGGTAGAAAGCATTGCAAGCAAGCAAGGATTTAAAACCCAAAGATGAGAACGTTTCATTGTTATGTTGATCCTGATTGTGTGTGTCAGTACTCGGTGGTTTTTGCTAACGATTTAAAAACCGGGCTGTTCTCCGGGCTGATGGTGCTGCGCCAGTGGATAACGCCGGGTGTGGTAGCCAGCTCAAACGGCTCGTCGGCGTGCGCGCGATTA
NZ_CP074448.1_gap26	911652	912398	746	CCATCGCGTTTACAGCTACTCCGCCGTCCTGATGGGCTCACCCATTCTCCTGAAACTCTTCTCCCACGACGAAGCCCTCGCGTCCCGCGTGTTTCGCCTGATCAAACAGTACGAAGATCTGCTCACCGTTAACCGCGCGCACTCGCAGGTGATGGACATCAACCATGCGGCTGGCCAGCATCCGGTTACCGTCAGCCAGCCGGTGTTTGAGCTGATCCGCTGTGCCAAAGCGGCAAGTCTGTTCAGGGATAGCGCCTTTAACCTGGCGATAGGTCCGCTGGTGAAGCGCTGGAAAATTGGCTTTCAGGGGGACAGCGTTCCGCCTGCCGATGAAATCGCGTCGCTGCTGGCGATAACCCGTCCTGAGGATGTCCTTCTTGATGAGGCCAGCAGCAGCGTATTCTTGACCAGAGCGGGGATGGAGATCGATCTGGGGGCCATTGCCAAAGGCTATATCGCCGACAGGGTGCGTGATTACCTGCATAAAGAGGGCGCTGAGCTGGGGCTGATCAACCTCGGCGGAAACATTCAGACGTTAGGCTCGCCGGAAGGGGGCTGGAACGTGGGCCTGAAAAAACCGTTCGCCGGTGATGCGCTGATCGGCACGATGACCGTAGAGAACCTCTCCGTCGTGACGTCGGGAACGTACGAGCGCTACTTTGAGCAAAACGGCAGGCGCTATCACCATATTCTCGATCCGCGCACCGGGTATCCGCTGGACAACGAGCTGGACAGCGTAACGATTG
NZ_CP074448.1_gap27	915517	916673	1156	GTTCACCGGTCGCTATTGTTACCGGTGATGCGCAAAGCGAAGCCGCGCAGCTGGCGAGCATGGTTATTGCTCCGGAGCTGGGGGCCGACGTCGTCGCAGGCTATATCAACACCAAAGCGGGGATCGCGCAAAAAATGATCCTCTCGATGATTGCCACCGGGCTGGCCGTCCGAACCGGACGGGTTTACAGCAACCTGCGCGTGGATCTTGAGGCAAGCACGACCAAATGGGCTGAACGGCAAATCGCCATTGTGATGGAAGCGGGGGGATGCACACGGGCCGAGGCAAAAGCCGCGCTGGAGAGCTGTAACCATAACTGTAAAACGGCGGTACTGATGGTGCTGACAGGGCTGGATGCGTGGAAAGCCCATGAACTGCTGGCGCAGAATAACGGGTTTATCCGCGTGGCGCTGCAGGAAGCGCCGTAAGATCTTCAGATAGTAAAAAGGCCGCAATTGCGGCCTTTGGTATTTTGGGGATTAGAACTGGTAAACAATACCCATAGCAAACTGATCGTCAGTTGCGTTGCCAGTGATGGCACCGTCTTCTTCGTCCAGCAGGTTAAACTTATAGGCAGTATAAACGTTCATATTTTTATTGAAGTAGTACCAGGTACCCATTTCAATATAATTTACGCGGTCAGCGTCAACGCCTTTATAACCATTGCGGGCATACAGGTCTTTACCCTGTGAGTATACGTAGCCCAGGGATGGACGCAGACCAAAGTCGAATTGATACTGAACAACGGCTTCCACGTTTTGGGTTTTATTGGCGAAGGCATTGTATCCAACTTTAGTCATATTACGGGTTTCACCGTACATCACCGCAGCATAAACGTTGTTTGCATCATATTTTGCAGACAGAGACCAAACTTCCGCTGTATCGCCATAACCGTCAGCAGTCTGCTCATCGGTACGGTCGGATTTACCGTACACGCCAACGAAACCAAAGCCATCAATGTTATAATTCACAGACATGCTGTAACCATCACCATTCGCTTTGAATTCATTGCGGTTATCGTTTTTACCCTGGTACTGTAAAGCAAAGTTAAGACCTTCAACCATGCCGAAGAAATCGGTGTTACGGTAAGTCGCAACGCCGTTGGTACGCTGTGTCATAAAGTTATCAGTGGCAGCCCATGAGTCTCCGCCCCATT
NZ_CP074448.1_gap28	936459	938089	1630	TTTGTTCGCGAAGTCGATCTGTGCGGTTACCTGCGCGTGCACGTTGCTGTTACCCACCACCGGGCCGAGGATGGCTTCAATACGGCGCTGGAGACGGCTTTCGACATCGGCGGCATACTTCAGCTGCGCATCATTCAGATCGCGACCGGCGGTATTGGACTGCGTCAGCAGGTGACCGCTTTGGTCAACCAGCGTCACGTTACCCGGCGGCAGGCCGGCGACGGCGCTTGAAACGAGGTGCGTCACCGCGCTGATTTGCCCTTCGTCCAGCGCGCGGCCGGGTTCAAGGTTCACGGTAACGGAAGCCGAAGGTGATTTCTGTTCGCGGACAAATAAAGAAGGTTTAGGCATCGCCAGGTGCACGCGGGCACTCTTCACCGGGCCTAATGTTTCAATGGTGCGGGCCAGTTCACCTTCCAGCGCACGCTGGTAGTTCACCTGCTCGCTGAACTGGCTGATACCGAATTTTTCCTGATCCAGCAGCTCAAAGCCAACGGCACCGCCCTTCGGCAGCCCCTGCTGAGCCAGACGCAGACGCAGTTCGTGCACCTTATCAGCCGGGACCTCCAGCGCACCGCCATTATCGGCAAAGCGATAAGGGATGTTCATCTGGGTAAGCTGGGTGACGATGGCGCCGCCATCCTGATCGGAAAGGTTGCTGTAGAGCGTCCGGTAATCAGGGCTTTTCGCCCAAAGGACCATCGCTACAAGGATCGCAATTGCGGCAGCGCCTGCCACGATCAACGGGATTTTAGGATTCGCGCGAAGGCGGTTCATCCACTCGAGTGATTTATTCTGCGGCGCTGTCGATGCTGTTGCACTCATTGCGCACCTCTTAAATCCTGGTGGTTTACGTTATTCGTGTAGAGAAACAAAACTGACTCCCGGGTCGGCAAACACGACAAAAGTTCCATATTGATGGCCCTGCCATTATTTGATGATTCGTGATTTTCTATGCGTCAAATAACCTGGTTTTTTCATGCTATTTACCGCCATTATCTTATTGACAAGCTGTTAGTCTTGACCGCGTAAAAAACCATCCAGGGGAGAGTCATGGCTATACAGGGCATTGAAGGGGTAATCAGTCAGTTGCAGGCAACGGCGATGACGGCCCGTAATCAGAATGTGGCAGATCAGCAGCCGAGCATCAGCTTCGCGGGGCAACTGCATGCCGCTCTTGACCGTATCAGTGATACCCAGACCGCAGCACGCACTCAGGCAGAAAAGTTCACCCTCGGTGAGCCGGGCGTGGCGCTGAATGATGTGATGACCGATTTGCAAAAAGCCTCGGTTTCCCTGCAGATGGGGATCCAGGTGCGTAACAAGCTGGTGTCTGCGTATCAGGAAGTCATGGGGATGCAGGTTTAATACCTGTCGATCTTCGCTGGCAGCCGCAGCGCTTTAATGCCACAATATTTTTTTCTTCGAATGCAGGAAAGATGATGAAAAAAATAGCAATTGCTGGCGCGCTGCTGGCACTGACCGGGTGCGTTCAGGTCGATAATTATAAAGACGTGATCAAGCATCCTGTCCCGGCGCATCTGGCGGGATACTGGCAGTCGAAAGGGCCGCAGAGCAACATGGTCAGCCCGAAAGCGATTGCCACGCTGGTGGTGACGGAAGAGGGCGA
NZ_CP074448.1_gap29	962077	965013	2936	TAAGCTCAATGTTATCGTTGCTCACCGAATATCATTGATCTATACGCCTTGAGGTGCTTATTTGTATTCTGATATTGTCATATTTCTTTCTGGTATTTATTTTATCTTTTCATTTAATTCATGAATGTTTATTTTGTGTTTATTTGTGCGTTGAATAAATTAAATCCCTTATCCCTTTTTGCGAAATAATGTTTTAATGAGTGGTCTCCAGGCGTATATTTTGATTAATCTTATCGATTGATCAAAAGGATATTTGACGATGGCAGGACAATCAGACACGCCTCAACAACAGGATACCCTGAATCGTTATTTACTGTATTTCCCACGAAGTAAAACCGTTTCACCGGATGTTCATTCGTTTTGCGGGGAAGAAGAACTCAGTAAGCCCTACCGTTATACCATTCGCTTCACCAGTCCAAATCCGAACGTTGCAGTCAAAGACGTTCTGAACCAGATGGCTGAATTTATTCTGCGCGCGCCTGACCCGAAAGCGAAATCGACCTGGCACAATCAGGAATCCTGGTTGCCGGTACGCCAGATTAATGGCGTGATCACGTCATTTTCCCGTCTGAAGTCGTCCGCTGATGAAGCCCTGTATGAGTGCATGCTGGAGCATGAACTGGCGCTGCTGGATCAGAACTACCGTTCGGCCGTGTACATGGACATGACAGTGCCTGAGCTCGTCACGAAGCTGATGAAGGAGAGCGGGCATTTTCAGGGTTACAACATCGATTTTGACCAACTGAGCCACAACTACCCCAGCCGCGAAATGATTATCCAGTGGAAGGAAACCGATCTCCAGTTTATCCGCCGCCTGCTGGCCGAAGTCGGGATCTGGTTCCGCTTTGAAAATCACGACAAAGTACAAGGTGAAACGGTAGTGATTTTCGGTGACAGTGGTCGCCGCTATGTTTTCAGTAATAAGCAGCTGCCATACGTCCGCCATTCTGGAATGACCAGTCATGAAGAGTACGTAACCGAACTCGAAGAGCAGTACCAGCTCATCCCCGAAAATGTACGGGTCCGTACCTATAACTACCGCGATCCGTTTTCCCCACAGGAGGATAAAACCATTACCGGAAACGACATTCCTGACGGGATAACCAGCGGAAAACAGTACCACTACGCCGATCACTTTCTGGCTGCAGGTGACTTTTACGGCCAGGAGGCAGAAACAGCCTCGTTCTACGCACGCCTGCGTTATGAACGCCTGCTGAACAAACAGAGCGTACTGGGGGTGACAACCAGCGATCCGGAACTGCTGCCGGGCGTGATGTTTCATCCGACAGGGGATATTCCTGCCGGGTTTAAGCCCGGATTTCTTGTGACCACCATGACGCTATCCGGCAGTCGCGCAGAGCACTACCGCGCCATCCTGAAGGGTATCCCTTATCTGAACGGCTACAGCTACCGTCCGGACTCTCTTCCGCGTCCGGTGATAGCCGGTACGGTGCCCGGCCGTGTGGCGGCTATTAATCGCGATCCCACATATGCCGGAGTCGATGCGCAGGGCCGCTACCGCGTGAAGTTTGATTTTGATCTCGATGAAAAACGTGACGGCTTTGAAAGTGCGCTGATGCGTCTGGGCAGGCCGTACGGCGGGGATGTGTTTGGTTTTCACTTCCCGCTGCTGGACGGCACAGAAGTGGCTGTTGCCTTTGAAGGCGGCGATCCGGACAGGCCGTATATCGCGCACGTCATGCATGACGGCAGCCATCCGGATTTGGTCACAAACCGCAACGACACCCGCAACGTGATCCGTACGGCTGCGTCGAACAAGATTCGTCTTGAGGACCGGCGCGGGCAGGAACACATCAAAATTTCCACGGAGCACGGTAAGGGGCAGGTCAGCGTCGGCCACCTGGTGGACGCCGAAGGGAAAAAGCGCGGGGAAGGCGTGGAGGCCCGTACCGATGACTGGATGGCGCTGCGTGCCGCTAAAGGGGTATTACTCACGACAGGGGCCCAGCCGCGCGCGGCAGGCAAACAGCTGGATATGACGGCCGCCATTGCACAACTGGAAAAAGCGCTGTCACTGGCGATGACGCTGCAACAATCAGCGGCGACGGCCGGGGCCGGGAATGTGGAAACCGATCGGCAAAACCAGCTGAGCCAGATGCTGAACAACCTCACTGGTGCGGGTCTGCTGACCTATGCCGAAAAAGGGCAGGCGCATGTCACGCCAGACAGCCTGCAGCTGTCAGCCGGGAAAGACCTGATTGCCACGGCAGGCAGTGATGCCAGCGTGAACGTGGTAAAAAAATTCTCTCTGGCCGTGGGGGAAAAACTCTCGCTGTTCGCCCGCAAGCTCGGCATTCAAATGATTGCCGGTGCCGGTGACATCACGACGCAGGCCCAGCGCGGCGAAATGCACCTGCTTTCGCAGAAGGATTTCACTATGGCGAGTACCGCCGGGAAGATGAACGGCAGCGCTAAAGAGGGGATGCAGTTTGTCTGCGGTGGCGGCGGGATCCGTATCAGCCCTAATGGTCTGGTCACACTCTTCTCACCGACGGGAATCGAACTGAAAGCGCCAAACCTGAAGTATGACGGGCCGGAAAGTGCGCAGGTTACGGTCCCGCCGTTCAATGAGGGTGCGTTTAAACTCCGCTACCAGCTGCACGCCGGAGACGATCCGGAGCAAATTCTCGCGAACAAAAAATTCAGACTGACCAGCTCAGCCGGGAAAGTAGTGGAAGGCGTGACGGACAGCAACGGCCATTCATCGTTGCTCGATGCCGATGACCTGGACACCTACAAAATGGAGTTAATGGAATGACGGTAACCAAACAAAGCCCGTACGTGCCACGGGTGATTTCTGAAGGGGATATCCCGGTACACAAAAGTCTGGGTGAGGCTGCCCAGACGCGCCGCGTAGGTGTACCGCGCCCGATGCCGGGAATTGTGATTCTGGTCCACGGGGTGAATGACGTGGG
NZ_CP074448.1_gap30	1010175	1012628	2453	GCTTTGCGCGCTGCTGGTGGTGCTCAGCATTATCCCGATGGTGGGTTTTGACGTGATCTTCCAGCTTTATACCCACTTCAAAAAGCTGCGCATGTCGCGTCAGGATATCCGTGACGAATATAAGCAGATGGAAGGTGACCCGCACGTAAAAGGGCGTATCCGCCAGATGCAGCGTGCCGCCGCCCGTCGCCGCATGATGGACGATGTGCCGAAGGCCGACGTCATTGTTACTAACCCGACGCACTATTCCGTTGCGCTGCGCTATGACGAAAACAAAATGAGCGCGCCGAAAGTCGTTGCGAAAGGGGCGGGGCTGATCGCACTGCGTATCCGGGAAATTGGTACTGAAAACCGCGTGCCGATCCTGGAAGCCCCTCCGCTGGCGCGTGCCCTGTACCGCCATGCGGATATCGGACAACAGATCCCGGGACAACTTTACGCCGCCGTGGCGGAAGTGCTGGCCTGGGTGTGGCAGTTGAAGCGCTGGCGTCTGGCTGGCGGTCAGCGGCCTGTGAAACCTGAAAACCTTCCGGTGCCTGCCGCGCTGGATTTTATGAACGAGAAGGACACTGATGGCTAATCTGGTGGCAATGTTGCGCCTGCCCGGCAACCTGAAATCGACCCAATGGCAAATCCTTGCCGGGCCGATTCTGATCCTGCTAATTCTGTCGATGATGGTACTGCCGCTCCCGGCATTCATCCTCGATCTGCTTTTCACTTTCAATATTGCGCTGTCCATTATGGTGCTGCTGGTGGCGATGTTCACCCAGCGTACCCTGGAGTTTGCCGCATTCCCGACCATTCTGCTGTTTACCACCTTGCTCCGACTGGCGCTGAACGTGGCGTCCACGCGTATCATCCTGATGGAAGGTCACACCGGTGCGGCAGCGGCAGGTAAAGTGGTGGAGGCGTTCGGCCACTTCCTGGTGGGCGGCAATTTCGCTATCGGTATCGTGGTGTTCGTTATCCTCGTTATCATCAACTTTATGGTTATCACCAAAGGTGCAGGGCGTATCGCGGAAGTGGGCGCGCGTTTTGTGCTGGATGGGATGCCGGGCAAGCAGATGGCGATCGACGCCGACCTGAACGCCGGCCTTATTGCCGAAGATGAAGCCAAAAAACGCCGTTCGGAAGTGACGCAGGAGGCGGACTTCTACGGCTCCATGGACGGTGCGAGCAAGTTTGTGCGCGGTGACGCCATCGCGGGCATTCTGATCATGGTGATTAACGTGGTCGGCGGCCTGCTGGTGGGCGTATTGCAGCACGGAATGGACATGGGCCACGCGGCGGAAAGCTATACGCTGCTGACCATTGGTGACGGTCTGGTCGCGCAGATCCCGGCACTGGTTATCTCCACGGCGGCGGGTGTGATTGTAACCCGCGTGAGTACCGATCAGGACGTTGGCGAGCAGATGGTGGGCCAGCTCTTCAGCAACCCGCGCGTTATGCTGCTGGCCGCTGCCGTTCTGGGTTTGCTCGGCCTGGTGCCGGGGATGCCAAACCTCGTCTTCCTGCTGTTTACGGCGGGTCTGCTGGGGCTTGCCTGGTGGATGCGTGGCCGTGAAATCAAACCGGCAGCGGAACCTGTTCAGGTAAAAATGCCGGAGAATACCCAGGCCGTCGAAGCGACCTGGAACGACGTTCAGCTGGAAGATTCCCTGGGAATGGAAGTGGGCTATCGCCTGATTCCGATGGTCGATTTCCAGCAGGATGGCGAGCTGCTTGGCCGTATCCGCAGTATCCGTAAAAAATTCGCCCAGGATATGGGCTTCCTGCCGCCGGTTGTACACATCCGCGACAATATGGACCTGCCGCCCGCGCGCTACCGCATTCTCATGAAAGGGGTCGAAATTGGCAGCGGTGATGCCTATCCGGGCCGCTGGCTGGCGATTAACCCGGGCACCGCCGCAGGCACGCTGCCGGGCGAGCAAACCATCGATCCGGCCTTTGGCTTGGCCGCTATCTGGATTGAAAGTGCCCTGAAAGAGCAGGCGCAAATCCAGGGCTATACGGTTGTTGAAGCCAGTACCGTGGTGGCGACCCATCTTAATCACCTGATCGGGCAATTCTCGGCAGAGCTGTTTGGCCGTCAGGAAGCGCAGCAGCTGCTTGACCGCGTCACGCAGGAGATGCCGAAGCTGACGGAAGATCTGGTCCCGGGCGTGGTGACTTTAACCACGCTGCACAAGGTGCTGCAAAACCTGCTCGAAGAGAAAGTGCCGATCCGCGATATGCGCACCATTCTCGAAACCCTTGCCGAGCATGCGCCGATACAAAGCGATCCGCACGAGCTGACGGCGGTGGTACGCGTGGCGTTGGGTCGTGCGATCACCCAGCAGTGGTTCCCGGGAACCGGAGAAGTGCAGGTCATTGGCCTCGATACGCCGCTTGAACGCCTGCTGCTGCAGGCCCTGCAGGGCGGGGGCGGCCTGGAGCCGGGCCTGGCGGACCGT
NZ_CP074448.1_gap31	1037085	1038276	1191	CCCGCTTAGGCGCGATGCTGGATCAGAAAAACCGTGTCACCATTAACTATTTCGCCATGCCGCCAAGCACCTTCGGCGCCATCTGCAAAGGCCTGGGCGAAGCCAAACTGAACGCCAAACCGGCGCGCGTCGTGATGGAGAAGCCGCTAGGTACGTCGCTGGCAACCTCGCGTGAAATCAACGACCAGGTGGGCGAGTTCTTTGAAGAGTGCCAGGTCTACCGTATTGACCACTACCTCGGTAAAGAGACTGTACTGAACCTGCTGGCGCTGCGTTTTGCTAACTCCCTGTTTGTGAATAACTGGGACAACCGCACTATCGACCACGTGGAAATCACCGTGGCGGAAGAGGTGGGGATTGAAGGTCGCTGGGGTTACTTTGACCAGGCCGGTCAGATGCGCGACATGATCCAGAACCACCTGCTGCAAATTCTGTGCATGATTGCCATGTCTCCACCGTCTGACCTGACGGCTGACAGCATCCGTGACGCAAAAGTGAAAGTGCTGAAGTCACTGCGCCGCATCGATCGCTCCAACGTGCGTGAGAAGACCGTCCGCGGCCAGTACACCGCCGGGTTTGCGCAAGGCAAAAAAGTGCCGGGCTACCTGGAAGAAGAGGGCGCGAACAAGTCCAGCAACACCGAGACGTTTGTGGCGATCCGCGTGGATATCGACGACTGGCGTTGGGCGGGCGTTCCGTTCTACCTGCGCACCGGTAAACGTCTGCCAGCCAAATGTTCCGAAGTGGTTGTTTATTTCAAAAACCCGGAACTGAACCTGTTCAAAGAGTCCTGGCAGGAACTGCCGCAGAACAAACTGACCATTCGACTGCAGCCGGACGAAGGGGTGGATATCCAGATCCTGAACAAAGTGCCGGGGCTGGATCATAAACACAACCTGCAGACCACCAAGCTGGATCTGAGCTACTCCGAAACCTTCAATCAGACGCACCTGGCCGATGCTTACGAGCGTCTGCTGCTGGAAACCATGCGCGGTATCCAGGCGCTGTTCGTGCGTCGCGACGAAGTGGAAGAGGCGTGGAAATGGGTCGACTCCATCACCGAAGCCTGGGCTGCCGATCAGGATGCGCCAAAACCGTATCAGGCGGGTACCTGGGGACCTGTCGCGTCGGTGGCGATGATCACCCGCGATGGCCGCTCCTGGAACGAGTTTGAGTAAGATAATCCTCTAG
NZ_CP074448.1_gap32	1211122	1211832	710	CATAATTTTTAAGTGGTATTCGATGTCCGGCAGGGCTGCCCTCAACGATGCGGTACTCACCGTAAAAGAGAATTGCTTAACAAATTTGCAAAATGTATTGGCGCGCGTTTACGCCATTTGATACTTTCCGGCCTAATATTTTGCAGCATAAAACAAGCAGATGAGAATTATTTTCATATAGTTCTCTTCTCAGATATCCAGTGCAGGTCTCAAACAGGGGAGGCCTGTAAAGAATCGACGCAAGACGGCCATACGAGCGGTCAGTAATAAAAAAGTCGGTGATAGCAAGCAGTAAAAGAAGAACCTGACAGCAGCAAAAAAAACTCCTGCGCTGTACAGGCCCCAAAAGGGGATTACACAGCTGGCGAAGGCCAGTCATTATAATGAGTGGAGTACCAACACAATGTCCATCATCACAAAAAAAAATCTGGTAGCGGCGGGGATTTTAACTGCGCTAATCGCGGGCAACGCTGCAATGGCTGCGGACGTTCCTGCAGGTGTTCAACTGGCGGAGAAACAGACGCTGGTGCGTAACAACGGTGCGGAAGTTCAGTCTCTTGACCCGCACAAAATTGAAGGTGTTCCTGAGTCTAACGTTAACCGCGACCTGTTCGAAGGCCTGCTGGTGACAGACGTAGACGGCCACCCGGCGCCGGGTGTTGCAGAAAAATGGGAAAACAAAGATTTCAAAGTCTGGACCTTCCATCTGC
NZ_CP074448.1_gap33	1229935	1232870	2935	AGGATGTGACGGATGCGGTGCTCTAACCCTGCTTTATGCCAGCGGAGCTGATACTCAAACGACTGGTCGAAGAAAATCTCCTCCAGTTTCTCGATGGCTTCCTCGCTGAAATAGTTTCGTTTCGGCTTTTTTCGATCCCCTTTGTTGCGGCTGGCGATATTGGGGTTTAAATCCACCTCGTTTCCGGTCTGGCCGTAGCGGTTAATGCGCGCGAGCCGCTCCATCTGGCGCGACAAAAAATCAGCGACTTTGAAGTCATGCGCGGTCAGGTCTGGCTTTGCGTAGAGCTGGATAAGCCGCGCCTCTAGCGTCGATTTCACGCGGTTAATCGGCGCGGTTTCTTCCCATCCATCGCGCTGTTTCCAGCTCTGCACGGTCGGGCGCTTGAGCTGCAGCATGTCGCATATTTGCGGCACGGCGAACCCCTGCCAGTACAACAGCCGCGCCTGTCGTCGCGGGTCATTTAACAGAGAAAGGTCAGTTGAAATGGTCATGGTTGCCTCGTTTTTGGTGTTACGTGGCAAGGCTAAGGAAATGAGGGGTTATTCGCGCTAAGTGACTGTTGTATCAGATCTAACAGGAGCGCAAACGGTGGCTGATGCGGGAAGGAGTCGGGAAACTAATCCCGACCCGAAAACCCAACATCAGGACACCTGAACAATGGCAAAGAAAGTTTCTAAATGGTTTCGCATCGGCGTCGAGGGTGACACCTGCGATGGTCGCGTCATCAGCGGCGATGATATTCAGGATATGGCTGACACGTTCGACCCGCGCGTCTACGGCTGCCGCATCAACCTCGAACATATCCGGGGGCTGATGCCTGACAGCCAGTTTAAACGCTATGGCGACGTGACCGAGCTTAAGGCGGAGATTATCAGCGATGGCTCTGCGCTCGATGGCAAAAAAGCGCTGTTTGGCAAAATCGCCCCGCTCGACGAGCTTGTCAGCATGGTGAAGGCCGGACAGAAGGTTTACACCTCCATGGAGATCCGCCCGAACTTTGCCAACAGCGGTAAATGTTACCTCGTTGGCCTTGCCGTCACCGATGACCCGGCAAGTCTCGGCACCGAATACCTCGAATTCTGCAGCCGCGCCGCGCAGAACCCGCTCGCCGGTAAAAAAGACCAGCCGGACGACGTTTTTTCTGTCGCCTCACTGGCTGAGCTGGAATTCGAGGACGTTCCTGACACCATGTTCAACAGCCTTACCGATATGGTTAAGGCCATTTTCAGCCGGAAGCAGGTCAGCGATGACGCGAGTCTCGCGGATGTGCATGAGGCTGTGACCACCATCACCGAGCAGGTGCAAACCAATTTCAGCGCCACCGACCAGCGCATCACCGAGCTGGAGACCGCTTTTGCGCAGCTTAAGCAGAACGTGACCAGCAAGGCGGAAGAAAGTGCGCAGGCGTTTAACGCCCTCAAAAGCTCCCTTGATAACACCGAAAGCCAGAGCCAGCCGCGCCGCGAACTTTCAAAAGGCGGTACGGGCGACGAGCTGCTGACCAACTGCTGATAACGAGCCGGGCGCGTTGCTCGGCCTGAACCCTTTTACCCAAACAGGAATAACCATGCGTAAAGATACCCGTTTCAAATTTAATGCCTACCTGTCCCGCGTCGCGGAGCTGAACGGTATTTCCACCGATGACGTGGCGAAGAAATTCACCGTCGAGCCGTCGGTCACGCAAACCCTGATGACTACCCTGCAGATGTCATCCGCGTTTCTGACCAAAATCAACATCGTGCCGGTTGACGAGCTGAAAGGCGAAAAAGTCGGCGTCGGCGTTAACGGTACGATTGCGAGCACCGCCGACACCGCCGGTGATGATGAGCGTAAGACCGCTGACTTTACCGCGCTGGAGTCCAATAAATACGAGTGCGACCAGATTAACTTTGACTTCCATATCCGCTACAAACAGCTCGACCTGTGGGCGCGATTCCAGGACTTCCAGACCCGTATCCGTGACGCCATCATCAAACGTCAGTCCCTCGATTTCATCATGGCCGGTTTCAACGGCATCGAGCGCGCGGCGACCTCCGACCGCAAAAAGAATCCGATGCTGCAGGACGTGGCGACCGGATGGCTGCAGAAGTACCGCAATGAAGCGCCAGCGCGCGTGATGTCCAAAATCACCGACGAAGACGGCGCGGTTATTTCCGATGTGATCCGCGTGGGTAAGAACGGCGACTATGCGAACCTCGACGCGCTGGTCATGGATGCCACCGGCAACCTGATTGACGAGATTTATCAGGATGACCCGGAGCTGGTTGTCATCACTGGCCGTAAGCTGATGGCGGATAAATATTTCCCGATCGTAAACAAAGAGCAGGCAAACACCGAGTCGCTGGCCGCTGACATCATCATCAGCCAGAAGCGAATCGGCAATCTGCCAGCCGTGCGCGTGCCTTACTTCCCGGCAGATGCGCTGATGGTGACGCGTCTCGACAACCTGTCTGTCTACTTCATGGATGACGCGCACCGCCGCAGCATCATCGAAAACCCGAAGAAAGACCGCATCGAAAACTACGAGTCAATGAATGTTGACTATGTGGTCGAGGCTTACGCGGCCGGTTGCCTGATTGAAAACATCAAGCTCGGTGACTTCACCGCACCTGCAGCACCGGAAAGCGGGGAGTAAGCCATGACGAGTCCCGCAGCGCGTCACTTGATGCGGGTCTCGGCCTCTGAAACAGCGCAGCGGGCTGCCGTCCCGCTGCGCAATGCAACTGCCTATGAGCAGATGCTTGTTAAGCTGGCCGCAGACAACCGCACGCTAAAACAAATCAGCTCCAAAGAGCGCAAAGCCGCGAAAAAGCGCGAGCTGCTGCCGTTCTATCTGCCGTGGGTCGCTGGCGTTCTCGAAAACGGCAAAGGCGCACAGGATGACATCGTCATGACGGTGATGCTCTGGCGTCTCGATGCTGACGATATCGCA
NZ_CP074448.1_gap34	1235170	1239408	4238	TGCACACCCGCGCCGGTTGCGCCTCCGCCGGTCATTGTTTACAGCACCTGCCCGAAGGTGAGCTATTGCCCGATGCCGGGAAGCGACCCGGCCACTAATGGCGACCTGAGCGCCGATATTCGCAGGCTTGAGCACGCGCTCGCCGCCTGCGCGCTGCAGGTTGAAACCGTCAAAGACTGTCAGGATAAACTCGATGAAGAAAGCACGCAGCCTGCGCGAAGCGCTGATTAAAGCCGTCCCGCAGCTTGAAACAAACCCCGAAATGATGCGCATCTTTGCCGATGAGGGGAATATCGATGTGCGTCTCGCGGCTTCGCTGTCGCACGAGAAAATTTACACCCTGAATTTGATCGTGTGTGACTTTGTGGGCGACCCTGACCTGATTTTCGTGCCGGTGGCCGCATGGCTCAGGGAAAACCAGCCGGATATCTGCACGCTCGATGACGGCCGCAAAAAGGGCTACCGTTTCCAGATGGATTTGAACGACGGGGACAGCGTCGATATCAGCATCAGCCTGCAGCTTACCGAGCGCACCATCATCAGAGAGGAAAACGGCGCGCTGCACGTGAGCTATGCCGCTGAGCCTCCACTACCGGAACCGGTAACACCACCAAAAGAGCTTTATCTTGACGGAGAGCTGGCGAGTAAATGGGATGAGTGAATTTAAGCCCTTTGACGAAAAGCTCAACGGTCTGATTGCTGCTCTGTCACCGGCCTCACGCCGGAAGCTGGCCGGGGAGATTGCAAAAGAGCTGCGCAAGTCGCAACAGCAACGTATCAAGCTGCAGAAAACACCGGGGGGCTCACCGTATCAGGCGCGAAAGCGTCAGCCTCTCAGGACAAAAAAAGGGCGGATTAAACGGGCGATGTTCCAGAAGCTTCGCACAAGCCGGTACATGAAAGCTACTGGCCGTGAAAACAGCGCCGTGGTGGAATTCACCGGCAAAGTGCAGCGTATCGCGCGCATCCATCAGTATGGACTCAAAGACCGGCCAAATGCGCACGCTCAGGAAGTGCAGTACGCAGAGCGCCAATTACTCGGATTTAATAAACACGACGAGTTTTTGATAGAAATGCAAATTCTTAAAAAATTGAACTGACTAAATGGTTTCTTTAATCAACTGAGTGTATATTTCAAAAAAATGAATTGTTTTTTGACTTTGTGATTTATTCGGTGTTACATCGTTGTTTTGCTGTAACACCGAAGGTTGCATATACTTTAATGTTTCGTGGTTTTTAATTGATTGTTTTCTCCATTAGTACGTTAGAGCGACGGTATAAATATGCTATATAAACAGGGTAGGATTGTTCATGTACTGCTAATGCAGTAATTATTTTCTCACTATAGCTGCGCTCTTTATCTATTTGGCCGGATATTCTCCATACAAGGGAGCTGCTTAGGAAAACATTGAATAATTCGTCAAATCGATTTTCAAGAAGTAGCGCTTTCCATAGTAAAGCATGGCAGCGATTGAAAAGACCGTCAATTCTTTGAATGAATAAGTATCGATAGCACTCACTTAAATTAATTATATCTTTTGACGTAATTCGAGTTGTGGCGGAGTTTGAAAGCAAACCCTCTGATTTTTTTAATATTGCACGTACCCTAGTATAATCAGAGCTTTCTGAGGATAGAACCGTGTTGATATATCGATCCGTAGAGGTAGAGTCAAGTGCCGCGATATCTAAAGATATATTATTGGCAATAATGATTTCGTTGTGGTTTCTCGCTTTTTTTTCTAAACGTTTCAGTTTCTCAACTTTTTCTGTACCGGTTAATTTTTCCGCAAGAATACTCTCAGCTAGGAATCTGCGGTAACTATTTTTTTCAGAAGATTTTTTTATTTTTTCTGCCATCATGAATGCTTTTTCTTTGTTGCACTCAGAATATGCAAGCAAAAGTGTCGACGTCATGCTCTCATGAAGGGATCTGTTATAAATAGGACTTTTATCATTAAAGTCCTCAAGTGTTTTTTCTAAGAGAGTAATAGCTTCTTCTTCTCTGTCAAGCATTCTCATACTTTCTGCAAGGTACTTTTTCAATCTGTAATGGGCTAGGTTCTTTTGTGTGAACCAATTAGAGACATCATTAACGAAAGAAACAACTTCTTTATAACGGCATTTCCTTTCTAGAAAGTATGCATATGACACTGCGGCATCTCGGTAAATATTTAATTCCTTTTCTTCGTTAGCTGTTCTTAATGATTCTATTATTAATAAGTGGGCGTTTCCTGGCTGGAAATCAATGTTGTCAAGTAAAATTCTTGTTGTTCTTGATACGGTAACGTGTCTATTTAACCAAATGTCACCTGAAACCATTTTGATAGCATTTTGTCGAATGGTTTCGAGAGTATCTTTATCAATTTTACTTTTGACGAAATCTTTTATTATCGGATTAACACGATTTACTTTGAAATCCCTCAGGTCAGGTACTGTGACCGAATAAATTAATCCATTATTAACCAAGCGTAAGAAATCACTTAGGTTAAATTTGTAACTTCTAAATTGCCTCATGATATTTTCTGGCGTTTCACCGCATTCTATAACGCATAGCACTTTTAACAAAGTGTACACTCTTTTATTTTCTTCGCTTTCTGATTTTGAAAGTTCAGTTATTAAGTCAACCAAGTGTTTTGGAATGCTATCTGTAAGAAGGGCTGTTTCACTATCAATACCATCATTGGGGGTGCTCAATACATGTGAAACTGTGGAGATTGAAAAGTAGTCTTTTAGTCTATCCAGTTTTACAGGAAGGCCAGAGGATCTTTGAAATATTCTCTCTAATTCATCTGCGGTGAGCGGATAATTCAAATCTTGACGTAAATATTCATTTATGTCAACAAGGCTTAGGGGGTGAAGTTCTACGGAATTAATTAAAAGCGGAATTTTTCTATTTGTGAAAAACACACCTTTCAAGCCACCATCATAATCTTTTAATATACTGATTATTTCATTGAAGTAGCCTAGCATTTCTGCATTTGGCTCTGTTATATTATCAAATAATAATACCGTAATTTTGTTAGGGTCGCACGATGCAACTAAAGTCGTAAAGTCAACGCCAATATTATTTAAGAAGCGTTCCTTTGCCTCTTCTCTAGTATTTAGATCGGAACAGTCTAATCTAAAAGCTTTGTATTCAGGATATTCATCCCTTAAAAAACATGATGTAAATTCTAACTTCCCATAACCAATGCCGCTAATTACCATTACGCTACTGTCTGCCTTAATAAGTTCGCGTGCACTTTCTTGTTCGTTTAAACGAATCATTTCATGTGCAGGGGATAGAGTTAATGGGAACTCTTTTAACTTTATGACGCTACTCTTTTGTGGCGGATTATAGATATCGGCTAGGGCGATTATAGGTGTGCTCTCAGGCTGTACATCTTTATCATCTTCCTCACTGAGTATTAGATCAATGCCATGAGCTTTTTTATTAACATCTTCGAAAATTTGTCTACAATCAACACTCTTATACGCATTAAATCTAGAAACAACCCTTGCTGGAATTAGGCTATTGAAAAATTCTTTATTTGATTCAAGTATTGTTGAGTCTTCGTTAGAATAAAATGCCCAGCGAAATTCGTATTTGCCTTTTTTTTCATTAACCATGCTCATTATGGTCTGGTTTATGATGTCATCCCATCCTCCATATCCAATAATATATAATTTGCATCGGGAGAATAAATTTTTAAGGCAGTTTATACTTTCTTCTCTGTACGCTGTTAATTGGTCGGGGGTATGAAGAGTGTCACCTTCATAATAACCATGAAGATGTATTATGTTAATTCTTTCATTATTGTGACTTTTACTATTATCAAAGGTGAGATCATCTGTAAGCTCAATTCTATTTATATCAAATTCGCTTTCGCGCAATGATTCTTCGATTAATGGATCGAAGTTAGTGGTTAAAATGTTACGTACTTTAAGGGCGCCAGTAGCAACAAGTTTTGTGAAATCACGTATTGTTTTAGGTATAACCCATGTTCCATTTGCATCTTTAGCTCTGTCGACAGCTATTTTCAGAATAGATTTGACATCTTCCTGTGTTCCTACTGCCAAGAGATATTCGAAGGCGGCTTGATATCTGGCTGATCCATTGATGTTTCTGAGGTGTGCTTCTAATCCATCATCACCATATTTTGTAAGGTAATCTATGATGATATCAACCATCTCATCAACAGAGGGCATTCCCGTCCCACTATCGGGAAGACTTATTGCTGAGCCAAATAAAAAACATA
NZ_CP074448.1_gap35	1242719	1243320	601	GGATAAGGCTATCGAGGTGAAAGCCTATGCCGATAATCTGCTGGCCGCACACCTCGCCGCCGATGACCCGCACCCGCAATACCTCAAAACGGCGGATATAGATAAATATATTCCGGTCGGTTTTCCGCTGCCGTGGCCTCAGGCAACACCGCCGGAGGGCTGGCTTAAATGCAACGGAGCGGCTTTTGACAAAGCGAAATATCCAAAACTGGCTGTCGCTTATCCATCCGGTAAATTGCCTGACTTGCGCAGTGAGTTTTTGCGAGGGTGGGATGACGGGCGCGGGATAGATAATGGACGAGCGCTATTATCCGCTCAGTTTGGCTCAGGTGTTGGGATGTTCCCCGGTGGTTATTCTGATGGAACTCTATACATAGCCCTGAGTGATTTTGATAGCGTTGTCGACAACAGCCCGTCATGGTCACACATAAGCACGTCAGGGATAATTTCAACAATTACCGGGCAAAGGTCAGCATTTGGCGCTCGCCCACGCAACGTTGCATTTAACTACATCGTGAGGGCGGCATAATGGCGAAAGCGACGCTGAATAAACAGGGCATTACCACAAAAGCCGGTGACATGACCGTTTATAACTATGATG
NZ_CP074448.1_gap36	1344154	1348434	4280	TTTCCGGTGACCGTTGTTGCGGTCGTGTGCCAGATGCCTGCCGCCACCGGCGCATCGCTTTTGGCGACGGGCCTGTCATTCAGCAGCCGCAGCCCGGTGATGAGTCGGCTCTGGAAGCTCACAAACGCAATAAGCTGCGCCAGGGTAACAATGCCTTCCTTGCTCCATCCCGCCTGGGTCAGCGCCCTTAACGCTGCGGGCGTCGCTTCGACGGGGGAGAACGTCAGCAGCCGCGCGAAATTCAGCGCCGGGGTCAGGCGTTCTGAGGTGGGGTCGGCCAGGCCAAACCCCGCATAGTGCGCGGCCAGCGCCTCAGCGCTGTGCCACCTGGCGACTTTTGCCGCCACGGCGAAGCGCTCGTCGAGTGCAAAATCAGCATTCTGCTGGCTAAAGAGAATTTCGTAGCTGCCCTGCGCGTGGCGCGTGGCGGCATCACGCGTGGCGCGCGCCTCTGCCAGAGGGGAACCGGGTTTAATTTCCGCCAGCTCGGCGAGAATGTCCTGACTTAACGACATAGGTGTCTCCTCAAAGGATGTGGGGGGCAATACGTTCGGCGATCAGTTCGATGGACCGCAGCGTGTCGCGATGCGTGGGTTCGACGGAATGGACCTGGAATGAGATATCCGTGGCGCGCCTGAGAATGGAGTCAGCATTCAGCGAATGCAGCACCGTGTCGGGCGAACCAATATGCGCGTCAAACTGGCGGCGATAATCAGTGACGTTGTCACCTTTAACCACGTGCCCGGCAGCGCGATGCTGCTGGGCCTGTTTCGTGAGGCCCGGCGTTGCGACCCTGAGCGCATAGTCGTCGCTGTCGGCGACGAACGCCGTACGGGAGGCCAGAATGCGCGGTGCGATGCCCGCAGGCAGCGCCTCAAGGTAGGCATCCACAATCGGGTTCTGGATCTCGTCGAGCGTTAAATCCAGCCGATCTGCCGGGCGCGGCTGCGTGCGGGAGAGCATTAAACCGTGTCCGGCCCGGGCGGCGCGAACGGCTCCGTCAACAGAGAAGGTGGCAATCCAGATACGGTCGGCCAGCTGTGGCGCAGGCGGGTAAAGGTGGTTATCCGGATGGGTAAGCGAATCCCCGCGCCAGGCGCTCTGGATCACATGCAAATGGTCAGCAAAGGCCGCGCCGCGCTCCTCGAACGTCAGGCCGAACGGCAGAAATGAGGTCGGTGTGCCGCCCGAACCAAAACCGACCTCAAGACGACCATCGGCGAGTAAATCGAGCACGGCGGCATCTTCCGCGACGCGCAGCGGGTTTTCCATCGGCAGGGTAATGATGGCCGTGCCCAGACGGATGGTTTCGGTATGCGCGGCGACGTGCGCCAGAAACAGCAGCGGCGACGGCAGGCCGCCTTCACTTTCGTGGAAGTGGTGCTGGGCAATCCAGGCGCTGTCAAAACCGTGGCGTTCGGCGTGGCGGATCTGTTCAGTTGCCAGACGATAGCGCTCCTTCGGCGCAGCGTCGTCAAGCAGGCGGGTGAAAAATCCCAGGCGTTTTCGCGTCATGCGAACTCCTCCGTAGCGGGTGAAAAATGGGGAATGGCGTCAATCAGCTCGCGGGTATAGTCGTTCTGCGGCGACGCGAATAAGGTTCCGACGTCGCCCTGTTCGACCACCTGACCGCCGCGCAGCACCGTGACGCTGTGGGCGATCCGGCGGACGGTTGACAGATCGTGCGTGATAAAGAGGTAGGTCAATCCCAGCTGCTGCTGCAGCTGCTGAAGCAGAGCCAGGATCTGCGCCTGCACGGTGACGTCCAGCGCGGAGGTGGCTTCGTCCAGCACCAGAATGGTCGGCTCCAGGATCAGCGCCCGGGCGATGGCAACGCGCTGGCGCTGTCCGCCTGAAAGCTCCCGGGCGGTGCGGGTCAGGAATTCGACGGGCAGGGCAACCCGCTGCGCCACCGTCTCCACCCGGAGCTTTCGCTGCGCCTTACTGAGGCGAGAAAAGTTCTTCAGGGGCTCCTCGATGATCTCGAACAGCGTCTGACGCGGGTCGAGAGAGGCAAACGGGTTCTGGTAGACAAACTGGATCTTCTGGCGCAGCTGACGTCGGGCCTCGCGGCTGAGCGCGGTGGCATCAATATCATCAATGATGACCTGCCCGCTGTCCGCCTGTTCAAAACCCAGCAAAATACGGGCGAGGGTGGTTTTCCCGGAGCCGGATTCACCGACCAGCGCATGCGTGCTGCCGCGCCTGACGTCAAACGTCACCCGATCCAGCGCCTGAAGCTGATGACCTTTGCCCAGGGAGAATTGCTTGCTGATGGCGCGGGCGCGAATGGCCGGCGACGCGAGCGGGAGACCGGCTACCGGGGCGATGGTCAGGCGCTGGCCCTGGAGATCGCTCAACAGCTGGCGGGTGTAGGCGTGCTGCGGCGTGCGGACGATATCGGCGGTGTTGCCCTGTTCCTGAACCTCGCCATCGCGAAACACCAGCAGCCTGTCCGCGCGCTGTGCGGCCAGCGCCAGATCGTGGGTGACAAACAGAACGGCGGTACCCGACTCCCGGCGCAGGATATCCAGCAGATCGAGAATACGTTTTTGCACCGTCACATCCAGCGCGCTGGTGGGCTCATCGGCAACGATCACGTCCGGGCGCAGCGCTATCGCGATGGCAATCAGCACGCGCTGTTTCATCCCGCCGGAGAGCTGATGGGGATACTGCGTCATGCGCTGTTCGGGGTGGCTCAGGCCGACCTTTGTCAGCAGGGCGAGCACCTGCTCGTCGCGCTCGGCGCGGGTCACCTTCTGGTGGAGCTGAACGATCTCTCCGACCTGCGCCCCGATGGTCTTCACCGGGTTGAGCGAATTACCCGGATCCTGCGGTACCAGGCTAATTCGCGCGCCGCGAAGGGTATCGAGGCGCTTCGCGGACCATCGGCTAATCTCCTCGCCGTTGAGCGATATTTTTCCCGCATCGCGCCGGGCGTTATCGGCCAGCAGGCCAATGATCGCCTGCGCCGTGGTCGTCTTGCCGGATCCGGATTCGCCGACGAACGCCAGCATTTCCCCTCGTCCGAGCGTGAAGCTGACGTTATGCACCACCTCTCGCCACTGGCGAGCGGAACGGTAGCTAATCGTCAAATTTTCCACTGAGAGAACGGTCATTAGCGACCTCCGCTGAACTGTTGGCTGATACGGTTGGTGGCCAGCACCACGGCGATGACGACCACGCCGGGGAAGGTGGTGAGCCACCAGGCGGTAGAGAGATAGTTACGACCTTCGGCGATCAGTAAGCCCCATTCCGGCACCGGCGGCGGGGTGCCGTAGCCGAGAAAGCTCAGCGTGGAGAGCGCCAGGATGGCCTGACCAAACTGCAGCGTGGCAAAGGCGAGGACGGCGGTTAACGCGTTGGGCAGGATGTGTCGCCACAGCACGGCGAAAAACGTCCCGCCGCTGCCAAACGCCGCTTCGACATAATCCGTATGGCGGATACGCACCACTTCACCGCGCGCGAGGCGGGCGAAGCTGGCAATGGAGGCAACGCCGACGGCAATCGCGGCGTTAACGGTGCCAAACCCGAGCAGAATAATCACCGTCAGCGAGAGCAGCAGAGACGGGATGGAGAGCAACACGTCGACGAAGCGCATCAGCAGAGACTCGACGCGCCCGGCGAACGCCCCGGCGATCACCCCTAAGCCGGTGCCGACCACCAGCCCCATCGTCACGGCGGCCAGCGCCGCGCTCAGGGAATGGGAGGCGCCATATACGATACGCGTGTAAACATCGCGGCCAAGCTGATCGGTGCCGAGCCAGTGACCGGCCTGCGGTGCCAGGCGCTGCGCCCCGGCGATGCCCTCAATCGGGCTGTAGTGGGTTAACTGGCCGGGCGCCACGGCAGCAAAAGCGGCGAGAATAATCACCGCCCATGCCAGCCACAGTCCCGGCTGCCATTCCACTCCCTGCCAGGCTGGAACGCGTTTTCGCGCGGCGGCCGCGTAATCGACCAGACTCATGATGCACCTCCGGTAACGGTTTGCAGACGGGGATCCAGCAGCGGCATCAGCAGATCCACCAGCAGATTGATCAGGACAAAACCGAGGGCGGAAATCATGACCACCGCCTGAAGCACGGCGATGTCCTGATTATTCACCGCCTGCTGGGTCAGCTGCCCGAGCCCGCTGCGGCCAAAAACGGTTTCGGTGATCAGTGCCCCGGCAATCAGCTCGCCCAACAGCAGCCCGGCAATGTTCAGGACCGGCAGCAGGGCGTTGCCGGTCACGTGATGCCACAGGACGGCGGTTTCACTCAGCCCTTTGGCACGGGCGA
NZ_CP074448.1_gap37	1350155	1353227	3072	GTTGCGCTTCAGCGTGCTGAGCGAGACCAGCCCCGAGCCAATGGTGGCGGTGCCCTGCAGGAACCCCGGCGACGGTTTTTTGAAGTAGAACTTCACGGTCAGCGGGTCGATGACTTCGCTGCGATCGTAGTTATTGATCACTTCTGACACCGGCAGGCGCTGCGCCTTGTTGCCTGAACCGTAGGTATCAAAGTTTTTCGCCACGGCGTTGGCGTCCAGCGGCGTGCCGTCGGAGAAGGTGATGCCGGGACGAAGCTTAAAGGTGTATTCGGTTTTATCGGCGTTGGTGGTCCAGCTTTCGGCCACCCAGGGTTCCACCTGCAGCGTTTTTGGGTTCTGCCACGTCAGTTTGTCGGTGATTTGATTCAGAATGCCGCCGTTCGGGTAAAAGCCACCGGCAGGCGGATAGAGGTTGGTGTGCGCCTGTTGCTCCAGATAAATCAGCGTGCCGCCTTTGACGGGCGCATCTGCTGCCCAGGCTGCGGTTGTCGCCAGAATCAGCGCCGTCAGCAGCGGCAGACGAAATGGGGTTTGCATGGTGAATTCCTTTGTTATCTTCTTGTTAGCGTCGGATTCATCATCGGGCGCGGGGGAAAACAAGGGAACCAAGGAATTAAGATAAGGATTGCCGGAAAATGGCTATAAAAAAACCGCCCCAGCGAGGAGCGGTGATGAAAGATGAACGATTATGAACGTAGGTCGATCACCATACGGCCGCGGATCTGGCCCTGTTCCATCTCTTTAAAAATGGCGTTGATGTCCTCAATTGGACGCATCGTGACTTTCGGCACCACCTTACCTTCAGCGGCGAACTGGAAGGCTTCCTGCAGATCCTGACGGGTGCCGACCAGCGAACCCACCACCTGGATGCCGTCCAGCACCAGACGCGGAATGTCGAGGCTCATCGCTTCCGGCGGCAGGCCAACCGCGACCACGCGGCCACCGGCACGCACGGCGTCAACGGCGGAGTTAAAGGCCGCTTTTGCGACGGCAGTGACGACTGCGGCATGCGCGCCGCCGGTTTTCTCCTGCACAATTTTCGCGGCGTCTTCGCTGCGGGAGTTGATGGTTAAATCCGCACCCATGCTGGCCGCCAGCTTCAGCTGTTCGTCGTTAACGTCGAGAGCGATGACTTTGGCGTTAAAGACGTTTTTGGCGTACTGCAGCGCAAGGTTGCCCAGACCGCCCAGACCATAAATTGCAATCCACTGGCCCGGTTTGATACCCGAGACCTTCACCGCTTTGTAGGTAGTGACGCCAGCGCAGGTGATGCTGCTGGCCGCAGCGGATTCCAGACCATCCGGCACTTTTACGGCGTAGTCAGCGGTGACGATGCACTCTTCCGCCATGCCGCCGTCAACGGAGTAACCGGCATTTTTCACGTCGCGGCACAGGGTTTCGTTGCCGGTATTACAGTATTCGCAGTGGCCACAGCCTTCAAAAAACCAGGCCACGCTTGCGCGGTCGCCCACTTTCAGCGACTTCACGCCGGGGCCGACTTCTTTTACGATACCAATCCCTTCGTGGCCCAGGATAACCCCGGTTTTATCGCCGAAATCACCGTTCTTCACGTGGAGATCGGTATGGCATACGCCACAGCATTCCATCTTCAGCAGGGCTTCCCCGTGCTTTAGCGGGCGTAAGGTTTTTTCGGTGATATTGACCTGATGATCCTGAGTGACAACAGCAGCCTTCATGTGTATCTCCTTGTTCATGATGAGTATCTGCATAGCAGGTGTAATACTCCTCAAGGATTAGTGGTTTGGCGCTGTAATGCAAGGCAACGGCAACATAATGTCATTATTTAATCCATTTTCAGAATAAGAATACGGCGTTCCTCTAATAATTTAGGGGGAAAATACTGGCCCGACGAGAGACTCGCCGGGCGCAGACTTACAGCTGTGCCTCTATCTCCTCAATCTCTTTACGCCATTGCGCCTGCAGCTGCGGCTTTTGATGCTTCGGCTTACGCGCCAGATCGTCTTCCAGCAGCGCTTCCAGCGCGACCAGCCGTTCGAGCAGATCGTCATACGGCGAGGGTTGAACCGTCGCCGCGTCGATGGCGGGCGCGGTGGATGTCGCCAGCCCCGCGCTTTCACGCAGGCGCTCAAACACCGCTTCTGCATCGTGCCACTCGCTCAGCTTTCCCTCTTCAATCAGCCAGAAACGGTTGCAGCTTTGGCTAATTAACTGACGGTCGTGGCTGACCAGCAGAACGCCGCCTTCAAACTGCTGAAGGGTTTGCGCCAGCGCCTCTTTGCCTTCCATGTCGAGGTGGTTGGTCGGCTCATCCAGCATCAGCAGGCTGTAGCGGGCAAGCGTCAGGCCAACGAACAGCAGGCGCGAGCGCTCGCCGCCGCTGAGCGTGCTGACCGTTTGCCCGTGACGCGACCACGGGAAACCCGCGCTTATCAGCGCCATTTTGCGGTTCTGCGGATCCGGTGCGAAAGGCTCCAGCGCGTCGAGCAGCGTGGCGTTGTCCGCAAGCTGGTGAAGCGTCTGGTCGTAATAGCCTGGCGACACGCGCGGATGGATTTTCAACCCGCTGTTTGCGGACTCATCGGCAAACTGTTGCCAGATAAGCCTCATCAGCGACGATTTGCCGCAGCCGTTACGACCGACAATCGCCACGCGATCGCCGCTTTTTAGCCGCGCCATTTCGATGCTGAATAACGCCGGCAGGCCAGGTGCAGGAGGAACGTCGAGATTCTCCATTTCCAGCAAACGGTCGGCCCGCAGCGCGTCGCCGCGCAGGGTTAACGTCCACGGGCTGCCTGCCGTGAGCGCCGTCTGGCTCTCCTTCAGCCGTTCGACCTGTTTTTCCATCTGTTTGGCTTTGCGGGCAAGATCTTCGTTGTCGTAAACCTTGCCCCAGGTCGCCAGCCGCTTCGCGCTGGCGGACACGCGGTCGATCTCCTTTTGCTCCGCCTTGTGGCGCTGCGCGTCGCTTTCATCCTTTGCTTCAAGCGCCTTGCGGGCGGCCGTGCAGGGAAGGGCGAAGTAGTGCAGCGTTTTATCGCGCAGGATCCAGCTGCCGTTAGTGACGGCATCCAGCAGCTGTCGGTCGTGCGA
NZ_CP074448.1_gap38	1355895	1357677	1782	TTTTATGAAGATCCGTCCCTGACACTGCTGTTTGTCATCTTTCTGGCCTGTGCGATGGGGTGCGGTCAGGCGGTATTATAAAGGAGCTAAATATTAATTACCGCAACACATAAACAAAAACACCATCGGGATTACCGATGGTGTTCTGGATCTCAGTCTGGAACTTACTTGCCGGCGTGGCGTTTTCTGCCGGTGGCGTGGGTGACCTGCGTTTCGTGGTCGCCTTCAATCACCACTTTACGCTGATTTGAAAGCTTGTAGTTCAGTCCCAGAATATGGCGTGCCTGACGGTTCGATTTCATGTTAACTCCTCAATCCTGTTGATAGTTTTAAGGACCAGTTTGCTTACGCAAACGAAATGTAACCCCTTAGGTTGCAGATCCAGCTTAGCAGGTTTTTACAAGGGTGCGTTTTGCCCGCTAACGACGTAGTTAATGGTCTGCTGGTAGATGTCACTGAGGATGTCATTATCCGTGGATTCCACCCATTTGGTCAGTTCCATCAAAATGTCATCTTCAGTCACAGCACCGTGCTCGGCGTGAAGACCCTGCGCAATCGCGTTAACGAGTTCAGGTTGTGCTGCTGCAGTATTAGCCGGGTAATAAGTAAACATGCTGCCTCCGTGTCGTTGTCTGTTTAATGGTACGGCTCGCAAAAAATTTAATTCATAAACAGAATGGCAAATATTTTCCCGGTTGTGGTTCAGATTCATCTTAGAAATAAAAATGACATAAGTGCATGCTTTTATGCGCTTTTAAAAGGTGTGGCTATATCGGCGGGTAACGGCGGGGATATTTTGGCGGTGCTCCTGCTATCGCGGAAATATAGCAGGAGCCGTTTTTAAATTACCACTTCATTTCGCCAGTATTCACTTTGGCGCTTAATTCCAGCGAGCTTTCATCAGCCAGGCCTGGATACTGTTTTTTCAGGGTGCTAATGACGCCTGCGGAATCTTTATGCGCGGCTAAAGCCTTTTCAAAGCGCTGCAGATAGTCGCGGGTAAACTCAATCGCGCCAGTGCCCGCTGGAGGAGTGCCCAGGTAGTGGCCCGGGATCACGCGTTCAGGTTTGTGCGCGGCCATATTCTCCAGCGTTTCCTGCCACTGCTTGCGGCTTTCCGGCGTCTGGGTGTCTGCCGTCCAGACGTGAATACCCCAGGCTACCCCGGTGCCGCCGAGGATCGTTTTTGCCGACGGGATCCACACATAGGCCGCATAGCTGTCTGGCTGTTCGATATCGATCTTTTCCCCGTCAACCATGAACGTGGTGGAGGCAAGCACCTGCGGGACGACCAGCTCCGTTGGCGCGCCGTCCTTCATCTGTGGCCCCCAGAAGGCGAGCTTGGCGTCTTTGGTGGCTTTAATATGGTCAACCACATGCTGCGTGGCCACCACTTTGGCATTCGGGAAGGCTTTGACCAGCGGCTGCAGGCCAAAATAGAAATCCGGATCGCCGGAGGTGATCACAATCTTGTTCAGGGTTTTACCGCTGCGGCGAATTTTCTCTACCAGCGCTTCGCCATCCTTCACGCTGAACTGCGCGTCAAACAGCACCGCCTCTTTCGGGCCTGAAACCAGCGTGGAGGAGACCGGGAAAATGCCTTTTTCCTGCGGGTTATAAGTATCAATGGTTAACGGCGCGGCAAAAACCGCAGGAGTGAAAAGGGTGGAAAGCAGGGCAAGGTGAGTGAATTTCATGCTGTTGTCTCTGTTGTTCAGGAATGTGTCTATTGTACGGATATTCTCATTTGCCAGAATTCCTGAAACAAGACATGCTTAGTTT
NZ_CP074448.1_gap39	1360864	1365846	4982	TGCGGTGCAGAAGGCGTATCTCAAGGTGCGCCTCAAGCGATTTGACCAGCTTGCTCAGCGTGGCGATCGGCATATTCAGCGAGTCCGCCGCGCGGGTAAAGCTGCCGGATTCCACGACCCGCGTAAAGGCGCGCATCGCCATGAGCTGGTCCATGATGACCTCGGATTATTTCTGTTTGTGAATAGTCATTTTCATTTTTGCCCGTTTTTCACTAATGCCGCAAGGGCTAAAGTTTGTCCAACGCAAACCCAACAAAAGGTGAATGACATGAACACGACTCTCTCAGGAAAAATCTCACTGGTCACCGGCGGCAGCACCGGCATTGGTCTTGCCACGGCGCAGGAGCTGGCGGCGCAGGGCGCGAAGGTGTACATCACCGGTCGTCGCCAGGCCGAGCTGGACGCGGCGGTAGCAGAGATTGCTTCTGACGCAGTGGGCATTCGCGCGGACGTCTCAAAGCTTGCCGATCTGGATGAGGTTTATGCCCGGATAGCCAAAGAAGAAGGCCGTCTTGATATCCTGTTCGCCAATGCCGGTGGCGGCGATATGCTGCCGCTGGGCGCGATCACCGAAGAGCAGTTTGACCGGATTTTCGGCACCAACGTGCGCGGAGTGCTGTTTACGGTGCAGAAGGCGCTGCCGCTGTTATCCGCCGGATCGTCGATTATTCTGACCGGCTCGACGGTGTCCATTAAAGGGACGGCAAACTTCAGCGTCTACAGCGCCAGCAAGGCCGCCGTGCGCAACTTTGCCCGCTCCTGGGCGCTGGATTTGCAGGGCCGCGGGATCCGCGTCAACGTGGTGAGCCCGGGCCCGATCAAAACGCCAGGTCTCGGCGATCTGGTGCCGGAAGAACACCGTCAGGGGCTGTACGACGCGCTGGCCGCGCAGGTACCGCTGGGGCGTTTAGGCGCGCCGGGTGAGGTGGGGAAAGCGGTGGCGTTTCTGGCCTCCGACGCGGCCAGCTTTATTAACGCCACCGAGCTGTTTGTGGACGGCGGGATGGCGCAAATCTAACCCAGACTGCGCCAGCAACGCACGTTACAGCCCTCGCGTGAGGGCTGTAGCGGCTGCGGCTGTTCACACCCCTGCGCTGCTATCGGACAACGGTCGCGGAAAAAACAGCCTTCGGGCAGATGACGATTGCCGGGAAGCTCCGTTTTGCGCAACGCCAGATTTTCATCCAGCGGTTCACCGGTGCGGGGAACCGAGTCGAGCAACAGACGGGTATAGGGATGGCGCGGCTCGCCAAGCACCTGCGCGGCGCTGCCCAGCTCCACAATCTGCCCGAGGTACATCACCGCCACCCGGTCGCTCATGTGTCTGACCACCGAAACGTTATGCGAAATTAACACGTAGGTCAGATTACGCTGCTGCTGCAGGTTCACCAGCAGGTTGAGGATTTGCGCCTGCACGGAGATATCCAGCGCGCTGGTGGGTTCATCAAGCACGATAATATCGGGGTTGGAGGAGAGCGCCCGGGCGATGGCGATGCGCTGGCGCTGCCCGCCGGAGAAGGCGTGCGGAAGCCTGTCGAGATATTCCGGGCGAATGCCCACCTGCAGCGCCAGGTTTTCTGCCAGCTGGCGGCGTTCGCGCTCGCTGCTGCGTTTTTGCACCCACACCGGCTCGGTGATGATGCGCCAGACCGGCAATCGCGGGTCGAGGGAGGAGAGCGGATCCTGAAACACCATCTGCATGCCGCCCGCGTGGTGCGCCCGCTGACACGCGCCGGTGCTGGGCTTAAGCATGCCCATCAGCAGCTGGGCCAGCGTGCTTTTCCCGCAGCCGGATTCCCCGACAATGCCCAGCGTTTCCCCCCGACGGATCTGAAGATCGAGCCCGTTGAGGGCATGTACCTGTTCCGTTACGCGCCCCAGCCAGTTTTTGCGCGCCGCAAAGTTCACGTGCACGCTATCCAGTTCCAGCAGTACATCAGACATGGTGTTTCTCCCGTTGTGGATACCAGCAGGCAGCCTGTTGGCCTTCTGCGCCATTGGGCTGTAAGCGCGGCGTTTCGCTGCATTTCGCCCCAGCGGCAAAGCAGCGCTCGCGGAAGGCGCAACCCTGCGGAAGCTGGCTGAGGTTGGGCACCGTGCCGGGAATGGCGGGAAGCAGGTCGCGCGGCTGGCCGTTTTCCGGGGCGCACCGCAGCAGGCCGATGGAATAGGGATGCACGGGGCGGTGGATCAGCGTTTGCGTGGCACCGCTCTCGATCACGCTGCCCGCATACATCACGTACATTCTGTCGCAAAGCTGCGACACCACGGCCATATCATGGCTGATAAACAACACCGAGGTACCGCTGGCCCGCGCCTTATGCTTCAGCAATCGCAGCACCTGGAGCTGGACGGTAACGTCCAGCGCGGTGGTCGGTTCGTCGGCGATGATCAGCTCCGGCTCGCAGGAGAAGGCAAGGGCGATCATCACCCGCTGACGCATGCCGCCGGAGAGTTCAAACGGATAACGCTCCATGACCTGCTTCGCGTCCGGGATTTGCATCTCTTCCAGCAGGGTAATCGCCTTCTGCTGCGCCTCGCGCCGCGAAAGCGGCTGATGCTGGCGGATCACCTCCACCATCTGTTTGCCAATCCGCCGCGTCGGGTTGAGGGCGGTCATGGGCTCCTGAAAAATCATCGCCACTCGTGCACCGCGCCACTGGCGAAGCTGCTTCTCGGACGCCGTCAGGACGTTTTCGCCGAGTAACTTCACCTGACCGTGATGAATGCGGTAGCTTCCTTCCGGTAGCAGCCGCATGGCGAGCATGGCGGTCACGGATTTGCCCGAACCCGACTCGCCCACCACGCCGACAATTTCGCCCCTGCCGATCTCCAGCGAGACGTGGTTCAGCGCGTGGACCTCTCCGCGAAAAATCGGGAAGCTCAGGTGCAGGTCCTCAATACGTAATACCGGTTCGGTCATTACTGTTTTCCTCCCGATTTCGGATCCAGCAGATCGCGGATACCGTCGCCAAACAGGTTAAAGCCCACGGCGGTAATCAAAATCGCCGCACCGGGAAAGGCGCAGTACCACCACTGGTCCAGCACGTAGTTACGGCCAACGGCCACCATCGCCCCCCATTCGGCGGTGGGCTGCTGCGCGCCCAGGCCGATAAACCCCAGCGTGGCGGCCATCAGAATGGCGCTGCCGATGTCCAGCGAAGCCTGCACAATCAGCGGCGGCAGGGCGTTGCGCAGGATATGCCAGCGGATCAAATGCCAGCGGGACGCGCCAAACGTGCGGGCGGCCTGAACGTAGGTAAACTGGCGCACCACCAGGGTTTGCCCGCGCGCCAGGCGGACGTAAAACGGGATGCGGACAATCGCAATCGCCAGCATGGCGTTGAACAGGCTCGGACCGAGCGCGGCGGCCAGCGCCATGGTCAGCACCAGGGAAGGAATGGAGAGCATGATGTCCATCACCCGCATGATGATGGCGTCGCCGCGCCCGCCCAGTACGCCGGACAAACAGCCCAGCAGCGAGCCAATACCGCCCGCAATCACCACGACCGCCAGCCCGGCGGTAATCGACTGCTGGCTGCCCGTCAGCACGCGGCTAAACAGGTCGCGTCCCACCTCATCGGTACCAAACCAGTGTTGCGCAGACGGCGCCAGCAGGCGTGCGGTCAAATCCAGCGCGTTCGGGTCATGCGGCACAATCCACGGCGAAGCCACCATCAGGAAGAGCATCGCAATCATAATGACGCCGCCAACGATCGTGAGCGGGCTTTGACGCAGCATCCAGAACAGCTTTGCCCAGTTGATGCGTTGTCCGGCGGTTTTAGCCGGGACGGGCGTTTCCTGCGTTAACATCATTCGGCACCTCCGCGCCCGATTCGCGGGTCAATCCACAGGTAAAGCAGATCGACCACCAGATTAACCAGCACGTAGGCCAGCGAAACGACGACGGCAAAGCCCATCACGGCAGGGAAATCGAGCGCCTGAATGGACGTCACCACCCACGCGCCCATGCCCGGCCAGGCAAAGACGGTTTCGGTCAGCACGGCGCCGTAGAGCAGATCGCCCAGCGCCAGCCCGAGCACGGTAATGGACGGGATCATCGCATTCGGCAGGGCGTAGCGCAGGACGATGTACCAGCCGGGCAGGCCGCTGGCGCGCGCGGTGCGGATGTAATCCTCGCTAAGCTGCTCCAGCATCGCCGAGCGAACCTGGCGCGCCACGATCCCCAGGTGAACAAACGCCAGCGTCAGCGAGGGTAAAATCAGGTGCTGAAGCGCGTTGAAGAACACCTCACCGTTGCCCTCCAGCAGCGCGTCCAGCAGATAAAATCCGGTGACGTGCGTCGGGGGATCGAGCCAGTCGTCCAGCCTGCCGCCGCCCGGCAGGATCTGCAGGTGCCCGTAGAACAGCACGATGACGCCCAGCCCGAGCCAGAAGGCCGGCGTGGAGATCCCGGTCATCGCCATTAAACGCACCAGGTGATCCAGCCAGCGGTTGCGGTACACCGCCGATAAAATCCCCAGCGGCACGCCGATGACCAGCGCCAGCAGCAGAGAACAAAAGGCCAGCTCCAGCGTGGCGGGGAAAAAGGCCTTCAGGTCTTCCGCGACCGGGCGTCCGGTGCGGATGGACGTGCCTAAATCACCGTGCGCCAGAGCGTCCACGTAGCGGCCAAACTGCACATACAGGGGCTGGTCCAGCCCTAGCTGCTGGCGGATGTTCTGCACGATTTCGTCGCTGGCGCGGTCGCCGGCCAGCAGACGGGCCGGATCGCCGGGGATCAGGTGTGAAATAATAAAGGTGATAATACAGACACCGGCCACCACCAGGATTAACCCCCAGCAGCGCTGGCGCACTATGCTCCAGAACGTCATACGCTTTCCCCCGGCGAGAACCGTTATTTGCTCATGGTGGCGATGTTGAACACCTGCTCGAGCATCGGATTAAAGGTGAAGCCTTTGACCTCTTTGTTCATCGCCAGCTGGTAGTTTTTCTGGAACAGATAAACGTAGGCCGCCTCG
NZ_CP074448.1_gap40	1382313	1385569	3256	TGGCTGGTTTCCCCCCAAAACGATCACGCCCGCATCCGCTTTCAGGCGGAGAGGGAGCAAACGCACGTTAAAGGCCTGCTCACCGTTGAGCTGAAGCCCGGCTGGAAAACCTACTGGCGATCGCCGGGCGAGGGCGGCGTCGCGCCAAAAATCAGCTGGCCGGAAGGCGTGACGGATAGCTGGTCCTGGCCGGTCCCGTCGCGCTTCGATATCTCCGGCATGACGACGCAGGGCTATCACGATAAGGTCACGATCCCGATTACGCTCAACGGAGTGAAGGGCGACACGCTCGACGGGACGCTCACGCTTTCCACGTGCAGTAACGTCTGTCTGCTGACGGACTACCCTTTGCACCTCGATTTTACCCAGCCGGTAGATGAGGGCTTCAGCAGCGAGTTCGAGCAGGCGATGCGCGCCGTGCCCGGTACGTCAGGCGTATCCAGGGATCTCTCCGCCTGGCTCGCTGGCGACAAGCTGGTGATTACCGGCACGACGGACGGGAAGTGGGATAATCCGGGGATCTACTTTGACCCGCTGGAGGGTGACATTCTTCCCGGCGAGCCGGTCATCAAACACGACGGCAATACGCTTCGGGTGACGGTACCCGTGACCGACGAATGGGGCGATAAACCCGCCTCGCTGGAGGGCAAGAGGCTGTCGTTTGTGCTGACCAGCGGCGGCAATGCGCAGCAAACCACCATGACCGTTGGCGCGACGCCTGCTGCACCTTCTGCGCCTGAAGGGACGGGCAAAATGGTGCTCTTTGCGCTGCTGGGCGGGCTTATCCTCAACCTGATGCCCTGCGTGCTGCCGGTCATGGGCATGAAGCTTAACAGCATCCTGCAGGCGGGATCGGACAGGCGCGCCATCAGGCTGCGCTTTCTGGCCACAAGCGCCGGGATCCTCACCTCCTTTATGCTGCTGGCGGGGATGGTGACCGCACTGAAGCTGGCCGGGGCGTCGCTGGGGTGGGGCATTCAGTTCCAGAACCCGTGGTTTATCGGCCTGATGGTCGCCGTCACCTTCCTGTTTGCGCTGAACCTGTTTGGCGCGTTTGAGATGCTGCTGCCTTCCGCCGCCACGGGACGGCTGGCGACGGCAGGGGGATCGGGGATTGGCGGCAGCTTCTGCGAAGGGATGTTCGCCACGCTGCTTGCCACGCCATGCTCCGCGCCGTTCCTCGGTACGGCGGTCGCCTTTGCCCTTGGCGCGCCGCTACACTCCCTGTGGCTGATCTTCCTGATGCTCGGCGTGGGCATGAGCCTGCCGTGGCTGTTTGTCGCCCTGGTGCCGAAAACGGCCATGCTGCTGCCGAAACCCGGCCGCTGGATGAACACGCTAAAAGTCGTTCTGGGCCTGATGATGCTCGCCTCCAGCCTCTGGCTGGCAACATTGTTGAGCGTGCATCTGGGCGAGGCGGTCAGCCAGATTGTGATGCTGGTGCTGACTGCCGTCGCGCTGGCGCTGTTCGCGCTGAAGGGGCAAAAATCCTCACCGCTGTTCTGGCTCGTGGTGATCGCACTGTCGGCGTTTGGTGGGTATCAGGCGCGCGGGTTGCTTAACGCGCCGCCTGCCGCTCCGGCACAAAATGCTGCGCAGACCATCCCGTGGCAGCCGCTCAGCGAGGAGGCCATCCAGCAGGCGCTGGTGCAGGGAAAACGGGTGTTTGTGGATATCTCGGCGGACTGGTGCGTGACCTGCAAAGTTAACGAGCATCGGGTGCTGAATCAGCCGGACGTTATTGCCGCGCTGCGCCAGCCGGACGTGGTGGCCCTGCGCGGAGACTGGAGCCAGCCGTCCGCGTTTATCGCCGATTTTCTGGCGAAGCGAAACCGTTACGCCATTCCGTTTAACGCAGCGTATGGCCCCGGTCTGCCTGAGGGGGAAATCCTCTCGCCGCTGCTGGACAAGCGCACTCTGATCGCCACCCTGAACAACGCAAAAGGCTAACTGTGTTATGAAAAAATTCCTTATTACGCTTCTGCTCCTGCTGGCGCCGGTTCAGGTGTTCGCTGCCCAGCCGCTGACGCCGGACCAGGAGCAGCGGGCGCAGAAGATGGTGTATGATTTTCTGTTTAACGATCCAAACTCTCCGCGCATCGGCGCGAAAAACCCAAAGCTCACCCTGGTGGTGTTTACCGACTACAACTGTCCGTACTGTAAAAAATTCGATCCGTATCTGGAGAAGATCGTCGAAAAACACCCGGACGTGGCGGTAGTCTTTAAGTTTTTACCTTTCCGCTCGGAAAGTTCGCTGACCGCCGCGCGCGATGCGTTAACGCTCTGGCGTCAGGAGCCCCGGCAGTTTATGAAGCTTAACCACATTCTGATGGCGAAGAAGGGCTACCACGATGACGCCAGCATTCAGGAGGCGCAGAAGCGGGCGGGCGTGAGCGTCGCGACGCCGGATGAGGAGAGCCTGATGACGATCAAGCGCAGCCTGATCGTCGCGGAAAAAATGGGGATCCAGGGCACGCCCGCCACGCTCATCGGCGAGGGACTGCTGCCCGGCTGGGTGCCGTTTGAACAGTTCGACGAAATGGTCAGTGACGCACTGAAAAACCGCTAACCTGAAGGGGGCGGAATGCCCCCGACAAACCGGAGAGGGAAATGAAAAAATTACTGTTACTTTCAGCGCTGACGGCGTCAGGGCTGGCGCAGGCGGCTGAAGCCATACCGGACATGGTGAAGCACTTCAGCGAGCAGCAGAACATTAAAATTATCAAGAAGCTGGATGCGCCCGGCGGCGCGCCCGCCTGGCTGGGGCAGTATCAGGACATGGGCGTGACGCTGTTTTTAACGCCGGACGGCAAGCACGTCATCTCAGGCTATCTGTACGATGACAAAGGAAAAAACCTCAGCGAGGGCTATTTCCAGAAAGAGATCTACGCCCCGATGGGACGCGAGATGTGGAAGAACCTCAACGCGGCGCATCCTCTGAAGGAAGGGGCGGATAACGCCCCGCGTAAGGTCTTTGTCTTCGCCGATCCGTTCTGTCCGTACTGCAAGCAGTTCTGGGCCGAAGCGCAGCCGTGGGTGAAGGCGGGCAAGGTGCAGCTCAACACGCTGCTGGTGGCGTTTCTCAACCCCAACAGCGGACGTAACGCCTCGGCGATTCTGAATGCGAAAGATCCGGTTTCGGCCTGGCGCGAATACGAGCTTTCAGGTGGCAAAAAATTACCGAAGCCAGAGGGCGAGGCTTCCCGCGAAACGGTAGCGATCCTGCAGAAGCACCAGACGCTGATGGACAGCCTGG
NZ_CP074448.1_gap41	1401242	1406178	4936	AAGCTTTGACACGCGCGACAGCGCGCCGTTCACGCCGAAGTGCAAGGTCATCGACCCGAACGCCTTTGACTGGCAGGACAACAGCCGGCCAAACGTGCCCTGGCCGCATACCGTCGTCTATGAGAGCCACGTGAAGGGCTTTACCCAGATGAACCCGGCCATCCCGCAGGAGCTGCGCGGCACGTTTGAGGGGATGGGACACAAAGCCTCGGTCGACTACATCAAGAGTCTTGGCATCACCTCGGTGGAGCTTCTGCCGGTTCACTGGTTCCCGGACGACCAGCATCTGCTCGATCGCGGCCTGAAGAACTTCTGGGGCTATAACACCCTCGGCTTTTTTGCTCCGGCGTCGCGCTACTACGGCCCGGCGGGGATCCAGGGCTTTCGCGACATGGTGCGCGCGTATCACGATGCGGGCATCGAGGTGATTCTGGACGTGGTGTACAACCATACTGCGGAAGGAAATGAGCTTGGCCCTACGCTCTCGTTTAAGGGGATTGATAACTACAGCTATTACCGCACCCTGCCGGACCAGCACCGGTACTACATCAACGACACCGGGACGGGAAATACGGTCAACACCTCGCACCCGCGCGTGCTGCAGATGGTGATGGACTCCCTGCGCTACTGGGCGGAGTCGATGCATATTGACGGTTTTCGTTTCGACCTGGGGACGATACTGGGCCGCGAGCCTGAAGGGTTTGACCCGCGCGGCGGTTTCTTCGACGCCATGACTCAGGATCCGGTGTTATCAAGACTTAAGCTGATTGGTGAACCCTGGGACATCGGTCCCGGCGGGTATCAGGTTGGCGGTTTCCCGCCGGGCTGGGGTGAGTGGAACGACAAATACCGCGATACCGTACGCGAGTACTGGAAGGGCGATAACGTCTCCAACGACTTTGCCGCACGGCTGCTGGGATCCGGGGATCTGTACGATCTGCGCGGGCGTCGTCCGTGGGCCAGCGTCAACTTCATCACCGCTCACGACGGCTTTACGCTGAATGACCTGGTGTCGTACAACGAGAAGCACAACGCCGACAACGGCGAGGACAATAACGACGGGCATAACGATAATCGCTCGTACAACTATGGCGAAGAAGGGCCGACGGAGAACCCGGATATTATTGCTACCCGCGAACGGCAGAAGCGTAATTTCCTGACCACGCTGCTGTTTTCCCACGGCACGCCGATGCTGCTGGCGGGGGACGAGTTTGGCCGCACGCAGAAGGGCAATAACAACGGCTACTGCCAGGACAGCGAGATCTCGTGGATCGACTGGAACGGGATAACCGAAAACGACGCTGCGCTGCGCGAGTTTACCCGACGGCTCATTGATCTTCGCGCGCAACAGCCGCTGCTGCGCCGTGAAAGCTGGCGCGACGGGCTGGAGATCCGCTGGTTCAATGCCGGCGGCGGCCCGCAGCAGGCCGAGCAGTGGGATGAAGGCTCGACGCTCGGCGTCTCCATCAGCAGGCCTGATCTCAGGCATGAGGACGGCATCTGGCACGACGTGCTGATGCTGTTCAACCCGTTTGAAGGCACCGTGCCGTTCCAGATCCCGCAGTTTGGCGAAGGGGGATGGGTGCTGGAGCTGTCTACGGCAGAGGACGCTGCCACCGGGACAGCGTTCACCGAAACCGTAGAGTACGAACTGGCCGGACGCAGTATTGCTCTCTTCAGACGTCCTTAGCCCTAGAGTGATGCCGCCGCGCGGGCGGCGGTGTCATACAGGGAGGAGATCGTGCGTAACAGCTGCGCGGTTTCGCCAATCGACTTCCCGGCAATGCCGCTCTCCGCGTGGATTGCGATCAGACACGCCTCCCGCACGTCCCGGTACTTCATGCACAACGCTTTTCCTTCCTCGGTAGTCGAGAAAAAGAGCTCTTTGCCCGCTTTCTCGCTCGTCACGTAGCCCGCTTTGACCAGCTTTTTCAGGGCGTAGGTCACCACGTGGGTATCTTCCACGTTAAGAACGAAACAGATATCGGCCAGCTTTTTCTTGCGGTCGCGGTGGTTCACATGATGCAGCAGCGAGACGTCAAATGCGCCCATATCGGGCTCGCCGGCTGCGGTCATGCAGCGCACCATCCATTTATTGAACGCGTTGCTGGTCATGATCAGCGCGTACTCCAGCTCTGACAGTTCCGCGCAGCGCTCGGACACCAGGTGGCGGGACGAGACGATCCGGCCGTCGTTGATATCGTCGTGAGGGGGTGTAGCACTCTTTTCCGAGGTCATAACGTTCCTTAGCCAGAAATGTAAACTCATCGATAAAATAAGAACATTTTATTGATAATTTGTTTACATGTTTTTGAGGTTCAGATATAGCTTTTTAGCGCAGGTTTTCCGAAACCTGTCGAAAAACACAACATCGCTCGCCGCAAAATAAAAAAATAGCCGTCGGCGCGCAACGCTCACTTTGGATAGGGTAAACGTTATGGACGGTACTACGCTGTTGCCGCTGATCGGGATACCGATCGTGGTTATTGGTTTTGCACTGCGCTTCAACCCGCTGCTGGTGGTCGTAGTGGCGGGGCTGGCGACGGGTCTGCTGGTCGGTATGGATTTCGGGATGCTGCTGGAGACCTTTGGCGAAAAGTTCGTGAATAGCCGCTCGCTGGCGACCTTCATTCTGATCCTGCCGGTGATTGGCCTGCTGGAATATTACGGGCTCAAGGAGCGCGCCCAGGCCTGGGTGGCGAAGATCGCCAGCGCGACCTCGGCGCGTATTCTGATGCTCTATTTTGTCGCCCGTGAAGGCACCGCCGCGCTGGGGCTGATGTCGCTGGGCGGTCATGCCCAGACGGTGCGTCCGCTGCTGGCGCCGATGGCCGAAGGGGCGGCGCTAAACGAATACGGCGAGCTGCCGCAGCACATCCGCGACAAAATCAAAGCCCATGCCGCCGCGTGTGACAACATTGCGGTCTTCTTTGGGGAAGATATCTTCATTGCCTTTGGCGCGGTGCTGCTGATCGACGCGTTCCTGAAAGAGAACGGTATTGCGGGCATCGAACCGCTCCATATCGGCCTGTGGGCCATCCCAACGGCCATTGCGGCATTAATTATTCATATGACGCGCCTGCTGCGTCTGGACGCCAGCATCCGTCGCGACGTCATGGCCTGGCGTGCAGAGCAGAGCACGCAGGAGGCCGCGCAATGATGTCGCTTATCACCATTAACCGTGTGTACTACCTGATCGGCTTCGTCGTGATGCTGCTGGTTGTGATGACCCTGCGCGATCGCGCCAATCCGAAGCGTTTTACCACGGCGCTGTTCTGGTTTTTATTCGGCGGGATCTTCCTGTTCGGTGACCTGATGGTGCAGGAGCTGGGGAAATCGCTGGCGTACCGAATAATCGGCGGGGGCGTTATCGCTATCGCGCTGCTGGCGGGTTTTGGTCTTGTCGGGAAAGGGCACTATAAAATGTCCACCGAAGACGAACGTCTCGCCTCGTCAAACCGCCTTAAAAACTGGCTATTCCTGCCCGCGCTGATGATCCCGGTGGTGACGGTTATCGGGACGCTGTTCCTGAAGGGCGTGTCGGTTGGCGGCGTGTTCCTGCTCGATCAGAAACAGCTTACCCTGGCGGCGCTGTGCGTGGCCTGCGTCGCGGCGATCCTCACCGGATGGTGGCTGACCAAAGGCACGCCGCTGCACGCCATTCGCCAGTCTCGCCGTCTTGTCGACACCATCGGCTGGGCGGTGATCCTGCCGCAGATGCTGGCCATGCTCGGCGGCGTGTTCGTGGCGGCCAATACCGGTGACTCGGTGCAGAAGGTGGTGAGCCTGTTCGTTAATCCGGATAACCGCTTTATGCTGGTGGTGATTTACTGCGTGGGGATGGCGCTGTTTACCATGATCATGGGGAATGCGTTTGCGGCCTTCCCGGTGCTGAGCGCGGGGATCGCGTTGCCGTTTCTGATCAACGTGCATCACGGCAACCCGGCGCCGCTGCTGGCGATTGGCATGTACGCGGGCTACTGCGGCACGCTGATGACGCCGATGGCCGCGAATTTCAATATTGTTCCCGCCGCGCTGCTGGAGCTGAAAGATAAGTATCAGGTGATCAAGATCCAGATCCCGACCGCGTTAACCCTGCTGGTGGTGAACGTGTTCCTCATGTATTTCCTCGTGTTTCGCTAAGGAGCTGTTATGGAATTAACGCAACATCAGGCTGACGCGTTTGCCCGCATGCCTTTGACCTATTTGCGCCAGGAATACCCGAACCACATCATGCACCTGCTGAATGATGATGGTGACGTTCTGCCGCCGCGCGAACTGCACCCCATTTTCTACGGCTGTTTCGACTGGCACTCGGCGGTGCACGGCTACTGGCTGCTGCTGCGCTGCGTGCGCCTCTACCCGGAGCTGCCGAGCCGGGACGCGATCGTCGCGCTTGTCGACGAGCACCTGACGGAAGAGAACGTGGCGAAGGAGCTGGCCTATTTCACCGCGCCGTTCCGCGCCTCGTTTGAGCGCCCGTATGGTTACGGCTGGCTGCTGGCGCTGGCCCAGGAGCTAAAGCAGTCGTCGCTGCCGCAGGCCGAAGGCTGGTACCGGACGCTTGAGCCGTTAACCCAGGATATTCGTAACCGCCTGGTGGATTACCTCAGCAAGCTCACCTATCCGATCCGCGTCGGGACGCACTACAACACGGCGTTTGCCCTCGCGCTGGCGCTCGATTACGCGCGAGCCGTGGAGGATAGCGCGCTTGAGCAGGCGATTGTCACGGCGGCTGAGCGGTTTTATCTCGCCGACACGCGCTATCCGGCCCACTACGAGCCCGGCGGTGATGAGTATATTTCCGGCGCGCTGACGGAAGCGCTGCTGATGAGCAAGGTGCAGAAAGACTTCCCGGCCTGGTTTGACGCATTTCTCCCGGAGGTGGGCACCATTGCGGCGCTGATGAACCCGGCGGAAGTGAGCGATCGTACCG
NZ_CP074448.1_gap42	1408532	1412908	4376	GCTTCGCGCGCGCCGAATCCGCCAGATAAAGGCGAGGGCGCTGACCAGCGCGAGCAGCCCCCAGCCTGTGGCCGTCTGGTTGATGTTTTGCGTCACGTGCTGAAGGCTGTCGGCCAGCATGATTGCTGAACCTAACAGCACGGCGGAGAGCACGGCGCCCGGCGCGTCAAAGGGCGAGCGGTCAACGGCCGTTTCCCGCGGCAAGGCCCGCCATGCCAGCAGCAGGGCGACGCTGCCCGGAACAATGTTAATGGCGAACAGCCACTGCCAGCTCAGCGCGTCCAGTATGGTTCCGCCCAGCACGGGGGCAATCGCCGTGCTGGAGGCGATAAGCAGGGCGTGCAGCCCCAGAATACGCCCAAGCAGTCGACCCGGAAAAACGGATCGCAGGATTGCCGGGGCGATACTCAGGGTGGCCGCACCGCCGATGCCCTGCAGAATACGCATGCCGGTTAACATTTCCGGCGTCGCTGCCAGCGCGCAGCCGAGTGAGGTGAGCGTAAAGGTGGCAAGCCCAACAAGAAACACCGGGCGATAGCCCACGCGCGCCGCCAGCGCCGCGAAGATGGCTAACGTCATTGCCGCTGAAAGCAGGTAACCGTTGGAGAACCAGACCGCAACGTTTGCGGGTACCTGCATCGCCCTTGCCATGGAGGGCAGCGCGATGTTGATCATGGTGCCGTCAAAGACGCCCATCAGCGTGGTGGTCATGACGGCGGCCATGACCCGGGCGCGTTCATGACCGGGTAAGCCTTCATCGCCGGGCAGGTTTGAAAAAAGCGTCATCGTCGTTACTCCGCATAAGAATAGTGATGACGAAACTATAAGCATGCGGTATACAGGGCGGAAGACGCATCAGCTGCACTTAATCGTTGCATATAACGCCTTATCTTAGGAGTCACCGTGTCCGATCCTGACTTTAACCTTCTGGTTGCGCTCGACGTTCTGCTGGCCGAAGCCAGCGTGGCGGGCGCGGCGCGACGTTTGAATCTCAGCACCTCCGCCATGAGCCGCACCCTGAGCAGGCTGCGGGAGGTGACCGGCGATCCTATTCTTGTGCGGGCCGGTCGCCATATGGTGCTGACGCCCTGGGCCGAAGCCACGCGGGACCGCGCCAGAACTGCCGTGCATGAGGCGAGGGCAGTGCTACAGCCCTCCACCGACGCGCTGAAGGTGGAAAGTCTCGAGCGGCTGTTCACCATCAGAGCCAACGACGGTTTTGTGGTGGCGTTTGGGCCACTGCTGATTGCGGCGGTGGCGAGCGTTGCCCCCGGGGTGTGCATCCGCTTCTCGCCAAAACCTGAAAAAACGTCGCGCTATTTGCGCGAAGGGCTGGTCGACCTGGAGATCGGCGTGCAGAGCAATATGGGGCCTGAAATACGGCTGCAACGGCTCTTTGAGGATCGGTTTGTTGGCGCGGTGCGTAAGGGACATACGCTGTCATTACGGCCTGACGTCAGCCTTGACGATTATGTCGCGTGGGGCCACGTGGTGGCCTCGCAGGACGGATCGCTACACGGGTTTGTCGATGACGCGCTGGCGGAACGGGGGATGAAGCGCAAGGTCGCCAGCGTGGTGCCCGGATTTCCAACGGCGCTATCCGTGGCGCTGGCGTCCGATCTGATTGCCATGGTGCCGGCGCTGTACCTGCTCAATCAGCCGATGAACGAGCGCGTACACGTCTTTGAACTACCGTTTAAAACCCGGACCATTACGGTGTCACAGATGTGGCATCCGCGCATGGAAAGGGACCCGGGACATCGATGGCTCAGGGAAAAGGTACTGGAAGTGTGTCGGGCCGTGCGCTGACGCTCAGGCCACTTTTCCCGGCACGGAGAGGATGAAGCGCGTCGATGCCGCATCCGATTCCACGCGGACTTTTCCGTGGTGCGCGGAGACGATGGACTTCACGATGGCAAGCCCGATCCCGCTGCCTTCGCCTTTGCGCTGCCTTGACGGATCGACGCGATAGAAACGGTCAAACAGCTTTGGCAGATGCTCTTGCGGGATCGGCGTACCGGGATTTTCTATCATCAGTTCAACGTCGTTATCCTGTTCTCTGATGGAGACCGTCACCGCTTTCCCGGCTGGCGTATAGCGCAGGGCATTGGAGAGCAGATTATTCACTGCTCTTCTGAACATCTGCGGATCGCCTTCTATCAGGCAGGGCATCCCGTTAAATTTCAGCGTAACGTTGCGTTCTTCCGCCCAGGCTTCAAAGAAATCGAAGACTTTCATGACCTCCGCACTTAAATCAAACACCACCCGGTCAGGGACGAGCTGGTTATTATCCGCCTGCGCCAGGAAAAGCATGTCGCTGACCATGCGGGTCATCCGGTTGTACTCTTCAAGGCTGGAGTACAGAACGTCTTCCAGCTCTTTCTGCGAGCGGTCCTGGCTCAGCGCGATTTCCGTTTGCGTCACCAGGTTGGTGATGGGGGTTCTGATTTCATGCGCGATATCGGCGGAAAAATTCGCCTGGCGGGTAAAGACATCTTCAATCTTTTCGATCATATGGTTGAAGGAGATGACCAGCTGTTCCAGCTCAACGGGCACGCGGGACGGCTCCAGCCGCGCGTCGAGGTTTTCTGAAGTGATATTTTTAATGGCGTTGCTGACGTTACGCAGGGGCAAATGTCCCTGACGAACCGCGATGCGAATGACAAGAATAATCAGCAGGCTGATCGCCGCGGCAATCGCCAGGAGATTCTTTTTCAGCGCCTCAAGGTAGTGCAGATGAAAATTGATGGAGAGCCCGATCAGCATCACGTAGCCCTGCGTTTTGCCCTGCAGCGTCGCCGTGCCTGAAGAGGCGATAATCCGGTACGTTTCCATTTTCATGTCGGACCCGGCGTGCATGTTTGCGGCAGGGTCTTCAACCGTCCAGAGAAACACATCCTGCGCGCGGCGGTGTTCGCTGAAGTCCGCCGCGTTCATCGCAGGGCGCAGTGCTGCCCCCTGCGCCGAGCTGAACAGGATATTGCCCTGCGGATCCAGGAGCAGGACGGCCACATTGCGGTAGCTGGCGATAGACTCTTTGATTTTACTGATTTTCTTTTGGTCAGGATCGACCGGAGACTGCAGGATGCGGTGCATCGCGGTGCTGATTTGCTGCAGGTCGCTGACATCCTGCTCGGCGAAGTGCTTTTCAACGGAATGCAGCATAAACCAGGTAAAGGCGAAAAAGGCCAGTATCGTGGAGAGACTGATAAAAAAGGTCAGCCGCAGGGCAAGCGAAAAAGGGCGCCCGGGAAGCTTAACGCGCATCCGGCACCTCCAGCATATAGCCTACGCCGCGCACCGTCTGGATCAGCTTCGGTTCAAAATCGTTATCGATTTTCGCCCGAAGCCGCTTTACCGCCACGTCAATCGCGTTTGTGTCGCTGTCAAAATTCATGTCCCACACCTGGGAGGCAATCAGGGAGCGGGGTAGCACCTCTCCCTGATGACGCAGGAAAAACTCCAGCAGGCTGAACTCTTTGCTGGTTAACGAGATGCGGCTTCCGGCCCGGCTTACCTTTCTCGACACGAGGTCAACCGTCAGGTCCGCCACCTGAAGCTGGCTTTCCGCGATCACCGTATTTCCGCGTCTCAACAGCGTCCTCACCCGGGCGAGCAGCTCGGCAAAAGCGAATGGCTTAATCAGATAGTCATCCGCGCCCAGCTCAAGCCCTTTAACCCGGTGTTCAATCGTGCCGAGAGCCGTGAGTAACAGGATGGGCATCCCTTTGCCGGCAGAGCGGAGCATGCGGACAATGTCCCAGCCGTTCACATCGGGCAGCATGATATCCAGAATCAGCAGATCGTATTCAGCGGTCATGGCGAGATGGTAGCCGTTCAGTCCATTATCCGCGTGGTCCACCACAAACCCTGCTTCAGTCAGCCCCTTACTCAGGTACTCACCGGTTTTCATTTCGTCTTCGACGATCAGTATTTTCATCGTGCTCCCCTGACTGGCTGCTGATGACATTCTAGTGAGCGTACCGCCGTTAACAATGACTTACGCTAAAAATGACAACATTGTCATTATCCTGTCACCCGTCAAACAGGATGCGTTGCGTAGAGTAGCCCTAAAACTACTCTGGACTTTATTTGAACCGTTATGTTCCTGTTAAAACGACTAAGCATCAGTACGGTATTTATTCTGGCAGGCTGCGTCTCGCTGGCCCCGGAGTACCAGCGGCCGGAAGCACCTGTCCCCCGGCAGTTTTCGCTCTCCCGTAACGGCCTGACGCCCGCGGAGGCGGGGTATCAGGACACCGGCTGGCGCAACTTTTTCGTCGATCCTCAGGTTGCCGGGCTGATTACGGAGGCCCTGAAGAACAATCGCGATCTGAAAATGGCCGCCCTGAAGGTCGAAGAGGCCCGGGCGCAGT
NZ_CP074448.1_gap43	1588913	1592340	3427	CTGATCGGCTATATCCTGAAGCACAAGACCGGCGAAGATATCCAGAGTTTAGCCTCGCGCTATATTTTCCGTCCGCTGCAAATGGCTAACAGCAGCTTTATACCCCAGCAGCTCAAAGGCTACCCGCAGCGGGCGCTCGGCCACGCGGGCGATCAGCCGAAATTTATCCCGCGCGGGCAGCTCACCCCGGACTGGCATTTTTCCAACAACATGGTGGCGGCAGCGAGCTTGTACAGCAACGCCGAAGATCTGGCGGCCTATGCCCGCTATCACGTATCGACGACCCACAGTCCCCTGCTGGACAATGTCTTTGCCGAAGTGAGAAATACCGATATTCAACGCCCTGACGGAGTGCAGGGTATTGCCTGGACCACCGACTTTATCGGTCTGGAAAAAATCACCTATCAGGTCGGCTATATCGGCGGCTACTCCAGCTTTATCGGCTATGACAAAGAAAAAGGCAATGCGGTGGTGGTGCTGCAAAATACCTTTAACTGGAGTAATTACATCGGCATCGCGCTGTTGATGGATATGGCGAAAAAAGACGGTCTGAGCCCTACACCGCCGACTTCGGCCTTAAGTTCTCATCAAACGCCAGTCGTTTCCGGTCAGGCTCAACGTCTCGCAGCGGCTCCACCTGGTGCATAGTTAGCTTGCAGCGCTCCACCAGCACCTGATACTCCCGCGTGCCCTGCTGCTTCCACGCCAGCTCCTGCTCGCTCAGCTCGCGAATCGCTTTGGCCGGGCTGCCGATGATCAAATGGTTAGCGGGCATCTCCGCTTTCGCCTTCACGAACGCCGCCGCGCCGACGATGCTGTTTTCACCGATGACCGCGCCGTCCATCACCACCGCGTTCATGCCCACCAGCGCATTGCGGCGGATCACGCAGCCGTGGAGAATGGCGCTGTGGCCGATATGCCCGTCCTCTTCCACCACCGTGTCCTGCTCCGGGAAGCCGTGCATCACGCAGTTATCCTGAATGTTGGCACCGTCTTTCACCACGATACGGCCAAAATCACCGCGCAGGCTGGCGTTAGGACCGACGTAAACGCCTTTGCCCAGAATCACGTCGCCAATCAGCACCGCCGTCGGGTGAACATAGCTCTCGTCCGGTACGACCGGCGTCAGACCGTCAATTTGATAAACTGGCATCTTCGCTCCTTATGCGCTTGTAAGACCACCAAAGCGTTGATAGTAGAGCGTGCCGGGCACGGGCAGTTCGCCCACGGAGGTTTCGCCCTTCTCGCTGACAAACGCCAGCGCCCCCGGCGCGACACGCTGATAGATGTTAATGCAGAGCTGTCGGGCGCTTTGCCCCGCCCAGTGCGCGGGCAGCAACTCTTCCGGCAGCAGCGGATCTTTCAGCACCACGCGACGATAAAAGTGAATCAGCAGCAGCTGGATCTGGAAACAGCGTTCCGGCGTCAGCTCCTCCGGCGCGGCCTCTTTCAACAGCGGCAGCAGCGGACGGAATGAATCGATGAACGTCTCGTACATCGCGTTTTGCTCGGTTAACTGCCAGCACTCCTCCACCCGCGAACGCAGCGCGGCACGGGAGAGCGCCAGCGGCGAGTGGGCTTCAAAGAAAATTACGTTTTCCGCCACGCCGGCATCGTGAAGCAGAGACTGCACGTCCGCCAGATGCTGCGACGGCGAGGCCATCAGGCTCGGCGCCAGCGTGCCAAACCCCTGCCAGATCAGCTGTTTTTTGACGTCGGCAAGGGTGGTTTTATCCAGACCTTCGGAGAGCAGCAACAGCCATTTGCCGTCCCATGCGGGCAATTCCGCACGGTAAATCTTATTCTCCGCGCGACGCGTCAGGCGAAGCCCCTTATCGCTCAGGCGGTAAAAGCTGCGACGTCCGATGCGGGAAACGTCCAGCCAGCCCTCTTTGTTGAGGCGAAACAGCGCGGTGCGCACGAAGCGCTCGCCAAACCCCATGCCTTCCAGCAGGGCGGCCAGGCTACCGAGCCAAATCTCACCGCCGCGATGGGAAAGCGCGTCACCGTATAACGAGGAGATAAGCGAGGTCCCGCTGACGGGAACGGAGCTGACCGCGTGCTGGATAAAGGCGTCGAGTTTATTCATGTGATTCATTCTGTTGTTATTTTTGTCCTGGATGAATCATAGCATAGGATTTTGGGGTTTCCCCCTCACCCTAACCCTCTCCCAAAGGGAGAGGGAACTGTTTACACCCTCTCCCTTTGGGAGAGGGCCGGGGTGAGGGAAAACTTAGCCGTTGGCCGCAGCTTTACGCAAGTCAAACACCCGGCAGGCTTTGCCCTCCGAGCGCGGGATGCTGCCGCAGTTAACAATCATTACGTCGGTGGAAATCCCCACCATCGACTTAATGCGGTGGCGAAGCTGGTGGCACACCTGGCAACGCTGCTCATGGGTCAGCGTGAGGCTACTCTCTTTCAGCTCGACCTTCACGGAAAGTGAATCAAGATGCCCGCGACGGTTCACCTCCAGCTGATAGTGCGGAGAAAGGTGTTCGAACTTGACGATCTCCTCTTCCAGCTGCGACGGGAAGACGTTGACGCCGCGGATGATCAGCATATCGTCACTGCGCCCGCTGATGCGGTCCATGCGGCGCATGCTGCGCGCGGTTGCCGGGAGCAGACGCGTTAGATCGCGGGTGCGGTAGCGGATTACCGGCAGCGCCTCTTTGGTCAGCGTGGTGAACAGCAGTTCGCCATGCTGTCCGTCATCCAGCGGCGTGCCGTCGTTCGGGTTGACGATCTCCGGGTAGAAGTGATCTTCCCAGATGGTCGGGCCGTCGACGGTTTCGATACACTCCATCGCCACGCCCGGCCCCATCACCTCGGAGAGGCCATAAATGTCCAGCGCCGTAATGCCCAAGCGTTTTTCAATTTCGCGCCGCATGGCCTGCGTCCACGGCTCGGCGCCGAAGACGCCCACGCGCAGGGAACAGCCGCTGGCATCGCCGCCCATCTGGCGCTCCAGCTCCTCAATCAGGTTGAGGCAGTAGGACGGCGTCACCATGATCATATCCGGCTGGAAATCACGGATCAGCTGCGCCTGTTTCTCCGTCTGGCCGCCGGACATCGGGATCACCGTCGCGCCTAAACGCTCGGCGCCATAGTGCGCCCCCAGCCCGCCGGTAAACAGGCCGTAGCCATACGCCACGTGAATTTTGTCCTTCGCGCTACCGCCCGCGGCGCGCAGGGAGCGGGCCACCAGATTGGCCCAGTTGTCGATGTCGCCCTGCGTATAGCCGACAACGGTCGGTTTGCCGGTGGTGCCGGATGAGGCGTGAATACGCACCACCTGCTCCATCGGCACGGCAAAGGTATCGAACGGATAGTTATCCCGCAGGTCCTGCTTGGTGGTGCACGGGAATTTACGGATATCCGCCAGCTCGTTGAAATCGTCAGGGTGAACGCCCGCCGCGTCAAACTTGCG
NZ_CP074448.1_gap44	1638856	1639377	521	ATAACCCAGACATAATGTTCGCAATACCCAGCGCTCTGAACTCTGCATCAGCATTAATTTCATAGCCATTTTTCGCGGCGAAACTGCGGGCGGTCAGCATCAGGCTGACAAAACTGACCAACGCCAGGTTCAGTGCCGGGATCACTAAATCACGCATCGGACCGGGCTGGAACGCGCCCCAGTCAACGACGGGTAAACCAGGCTGGAAGCCTTCACCCCCAATAGTGGCAATACCGTACTGTTGCGCAGATGTCGCCCATACCAGTAGCGTTGTCATCACAATGGCAATCAACGGTGCTGGCCAGTGGCTGCGATACGTTTTGATCGCCATTAAAATAATTAACGTTAAAAGCGATATGCCAACGGTTAATAAATGGCTTTCTGAAAGACGGCCTGGCAAGGCCATTATTTTCTCAATAACCTGCGCTTCGTCGAGTTTTATCCCCAACACCTTGCCTAATTGCCCGACAATAATCGTTACGGCAACGCCATTAAGCAAACCCGTAAGGATGGGATGAGAA
NZ_CP074448.1_gap45	1656608	1657978	1370	GAGGCCGGACGCGGCATCGGCATGACCTTCTGGCAGCGTCTGCGCTGGGTCGAGATCCCGATGGCGCTGCCGGTGATTTTCGGCGGGATCCGCACCGCCGTGGTGATGAATATCGGCGTGATGGCGATTGCCGCCGTGATCGGCGCGGGCGGTCTGGGCCTGCTGCTGCTCAACGGCATTGGCGGAAGCGATATTCGCATGTTGATTGCGGGCGCGCTGATGATTTGTCTTTTAGCGATTGTGCTCGACTGGCTGCTGCACCGTCTGCAGGTGGTTCTGACTCCAAAGGGGATTCGATAATGATAAAACTGGAAAACCTCACCAAACAATTTTCACAGAAGCACTGCCAGACCCTTAAGGCCGTCGACAACGTCAACCTGACCGTGCCCGAAGGGGAAATGTGCGTCCTGCTCGGCCCGTCCGGCTGCGGGAAGACCACCACCCTGAAGATGATTAACCGCCTCATTACCCCGAGCAGCGGGACGATCCTGATCAACGGTGAAGACACCAGCGGGATGGACACCGTCACCCTGCGCCGCAACATTGGCTACGTTATCCAGCAGATTGGCCTGTTCCCGAACATGACCATCGAAGAGAACATCACCGTCGTGCCGCGCATGCTGGGCTGGGATAAAGCGCGCTGCAAAACCCGCGCCGAAGAGCTGATGGAAATGGTGGCGATGGATCCGCATAAGTTCCTCAACCGCTACCCGCGCGAGATGTCCGGCGGCCAGCAGCAGCGTATCGGCGTCATCCGCGCCCTGGCGGCGGATCCTCCGGTACTGCTGATGGATGAACCCTTCGGCGCGGTGGACCCGATCAACCGCGAGGTGATCCAGAACCAGTTCCTGGAGATGCAGCGCAAGCTGAAAAAAACCGTCATGCTGGTCAGCCACGATATCGACGAAGCCCTGAAGCTCGGCGACCGTATTGCGGTGTTCCGTCAGGGAAAAATCGTGCAGTGCGCCAGCCCGGATGAACTGCTGGCGAAACCGGCGAACGAGTTTGTCGGCTCGTTTGTCGGTCAGGACCGCACCCTGAAGCGTCTGCTGCTGGTATCGGCGGGCGACGTCACCGACCAGCAGCCGACCATTACGGTGCGGGGCTCTACTCCGCTTCCCGACGCCTTTGCGACCATGGATGATAATGACATTCGGGCCGTTACGGTGGTTGACGAGCACGGCAAACCGCTGGGCTTTGTGAAGCGTCGCGAAGCGCGTAACGCCAGCGGTACCTGCGCCGACATCCTGCATCCGTTCCGCATGACCGGCAAGGCGGAAGACAACCTGCGCGTGGTGCTTTCACGTCTGTATGAGAGTAATACCAGCTGGATGCCGATCGTGGATGAGGACGGTCGTTACAACGGCGAG
NZ_CP074448.1_gap46	1729377	1734074	4697	CAGGTTTCGCTGGCGGTCGTCGCTCAGGAACTGAATCTGTGTGGTGTTCTGATCGCCACCAGATTTCGACACCTCAGTAATTTGCGGCAGCTCGGTCCATTCAAGCACCTTGCGGATCGAACCGGTACCGCCACCAGCGGCATATTTGTTTTTGTTGGTGGTATTGATGTTGCGAAGAGTTACGGCGCTTTCGGCAATCGCATCAATTTTTGCAATGACGTTATCAACACCGGACCAGTTGCAGTTCACATGAACAATATCACCCACCTTGAGTGCATCAGCTTCACTCACGGTGATCACCATGTTTTCGGCGTTTGTCGCCCCGGTGAAAGGAATGGCTGGGCCATAACCCGATGCCAGATAGACGTGAGCGCCGTTAGGCAATGCAAAGCCCATATTGGTTACTCCTTTAGAAACGGGAAAACCGGCAAAGAGCCGGTCAGGTTTAGAAGGTTGTGAGGATTAGCTGGAGATATCGGCTCGATAATTGAGACTAACGGGAACGGTATAAGAGACAGATGTAGTGATACCGCGGAAAACACCAGGCGTTTGATCTATCCAGCATGTAAAACCCCTGCCTTCAATCTCCTGCCCCTCGGGGAACAATTCAGCCACGCAGTCAGCCAGAGCCACTACATCGGTACGGCCAGTGCCTGCTGGGGCCACAACATTAATCTGGTATACACCTGAATAAATGCGGCAGCGCAATCCAAGGTCTACCGTACGCGGCGTGGCGGGCATGTCATGGACAGCAAGATAGAGCCCATCAGATGGCGGTGTGAAAGGCACGTTTTCCCAGGCAACTGGGATCCCTTCAGCATCAGCCCACTCGCCGAGCCTGGCGGCCAGCGCCGCCGCGATATCGGGAATCATTTAGTCACCTCCCTTACTGCTTCCTCAAAAAAGCGCTGAAACTCAGCAGCAGTGATGCGTACCATCCCTCCCGGAGCCTGGGAAGAGTGCCCCATCTCCAGTCGATACGCGTAAGGGACGTTGTTGCAGAAATAAATAGCCTTCATCCCGACTTTGAACAGAGACAGCGTGTAATTCCCTGCGGCTTTTGTCAGATTTCCGGTTTTATCTATACGGCCCGTTTCATCTGTGGTCGGTGCATCAAAAGACAACTGCCAGTTGCCCCGAAACCGTCCACCGGTATATCCGGGTGGCGCTTTGATATCCATCCCATCCACCAGTCGAGCTTTCTTCTTAAGCCGTCCGGTTTTAGTCAGGTTGGCAGGGTCCGATTTTTGCGCTTCGTTATGGTCGTATACCGCCTGATTGTAAGATGCTGCCGTCTGGTTGATGCCCCAGAGTTCCGGGTTGCCGACAGGTGACATCATCACCAGTTGATTAAGGATCCGAATGCCGACAGCACGTACGACCGCTTCCTGATTCGATTTGGCTTTGTCCACGAACGTGGTGATGGCAGCCGTGAACGCCTTATTATCGCTCATGCTATGTCTTCAACTGAGATTTGTAGCAGAGCACCACAGCCCCCGGTTTCACGGGGTTAGGTTTAACTACGCGGTGGCTTACGCCGTCCACGACGATCAGATCGCCGGTTTTAATTTCCTTCTCAGCGGTAAAGACAATCCGAATATCGCCGTTTTCAATAACGGTTCCATCAATTTCGCCTGGCGCGTAATCCGTCTTAACTCCTGTGGCGGTGAATTGGATATCCTCGGAACGATGCTCCACACCACCGATGACGATTAACGTGCCCTTACGCGTGACGTTGTATTCAATGCCGTTCTGCTTGAGCATACGAGTCGTTGTCGCCTGCATTCGCTGATAGTTTATGGCCATTACGCGCGCTCCGCGAAAGCATTGATTGCATAACCACGCCCACCAGCCAGGTCGCCAAGAATAGCCATTACCGCCGGGTAAGTTGGCGTAAACACCTCACCGTCGGCAACCGCATAAGTCATGGTTACGGCGCCTTCGACACGTTCGGTTTTCACAGCGGCTTCGCGTACGCTGGAGAGTAAATCGCCGTCGATTGCCTCTACCGCCAGCATGCACTGCGCGGTTATAACCTGCCGTGGTACTTCATCCGGTGGGAAATCATGTTCATCCAGAACGACATTCACGCGTGGCCATGCCAGCGGCTGTCGAGGGTTTGCTTTGGAACCTACCCAATCAAGCCCTTCCAGGTAGTCCATCGCCTTAATCAGTAACGGTGCGAGCGTTTCAGGCAGCTCAATCCCTCTCAGCGCGGCAAATGACGCCAGTTCATCTTCGCTGGCGTAACTGTTAACGTCAGCGGCGGTGATATCAGTATTAATCATCTGAGCATCCGGTGAATGGGGCTTACGCCCCATCGGTTAGCCTGCAGCAGGTGCGGTGAAGGTGATTTGCTGACTCGAGTTAGCAATACCATCAACAGTACCAGTGACTGTGAAAGTACCTGCCGTATCAGAGGTAAGTTTGACCGTCGCCCCACCAGCAGAGCCGGTCTGAGAACTGGCCGTGCTAAGCGCGCCGCCCGTTGAACTCCAGACAACGGTTTTGCCGGAAACACCTGCGCCGTTTAGCATGTACTTCAGAGAAATGGTGACCGCATCGGTGCTGTCAGCGGTTGCGGAGGTTTTATCCGCTGACAGCGTTACTCCCCCGCTGCGGATCCCAGCTTAATCAGCACGCCAGCCGTGGATTTGTTACTGGTGAAGTGCTTCTTCCAGTTACCTGCAGTGCCGATTTTGGTCAGGTCCGGGTTATCACCTTTGGAGGTATCCCAGCTGTAGCCCAGCAGGTCGACATTCACCACGCCTTCAGCACGATACCCGATCGCCAGGTTTTCCTGATCGTTGATGTCGTAGGAACGGAACCCCGGAGCCTGAGACTCAGTAACAGTCACCGCCCCGGTCACCAGCCCGAGAATCGCATCAGCGTCCATGGTGTCGGTCACCAGAACAGGTTTACCCAACGTGCCCGGCTGCCCGCCGTAAACCACCACGCCCGCTTCTTCGTAGATTTTGTTGGCGATCGCCTCATCCACGATGTCGAAGTAAGTGGCGGAGTGCATAACGAAGAGCACAACACGGTTGAACTTGTCGCCATACTTACGCAGGCCGCGCGTCAGGGTCTTCTTGCCGTCTGTTTCGATATCGGCGGTGACCACCATATCCGCGTTGGCGCCAATAGCAGCCGTCAACGCCTTCAGGCCGTATTTCACGTAGCCTTCCAGCGTCGCGTCAGCCACATCAGTGCCGATCACTTCGGAGAACTCGTCAACCGAGCGGCCGCGGCGTTTGAACGCTTCTTCAGTAGTTTCGTATGGACCGTATTTCCACGGCGCTTTAACGGAGACGGCTTCACCAGCGCCAATCTTCTTACCAGTTACTTTTTCGGTGGAGTTAACATCACGCGATTCGATAGAGCCGCCCACCTTGTAGAACGCACGCTTGCGGAAATCGCCTTCAATCAGTTCGTTATCCAGCAGGATCGCTCCGTTGGAAGAGGCGTTGAAGATTGCGAGGTTATCCTGTCGTCGCTCAAGGAAAGCGGTTTGCGCCAGGTCGTCATAAATGATCAGGTCACTATTAACAGTGGTAGACATGGGTTAATCCCTTATTTTGGAAGTTTGAGGAAGGCCTGTTGGCCATGCTTGCGGATGTAGTCCGCTTTGTCGCTGGCGCTCATTTCGGAACGTTTCAGGCTGCCACCACCGTTTGACTTGTGCCCACCCGCGCCAGTGCCTTCTGCGCGTGGGAACAGATGCGGAGCCGTCTCCTTAAGAGACTCCACCCACTCAAGCGGGCTTAGTGGAGTTTTGCCGTCTTTACCGAACAGAACGTCGCCATTTGCATCAACTGCTACGGCCTCGCCTTCGTCGTTGAGCTGGAATGTGCCTTTGGCACGCAGAATCAGATCGTCGGATGCTTCAGGCAGCGCACCAGCTTTTGACGCTGCTGCACGGATTGCATCGCCCAGAACTCGATCCCGGAATTTATTGGAGAACGCTTCGGCTTTGTCCGCGCGCTCGTTTGCGGCTTTGATTTGCTTATCGACGTCAGCACGCAGACGCTCGGTGCGCTTATCGAGCACCTCATCGATTTTCCCTGCGGCAATCAGCTTTGCCTCTTCGTCGTCGGAAAAACGCTGGAGAATGCCGCGTACAGCGTCTGGATCGATACCTTCAAAGCGGGACAGGTTTTCTTTCTGCTGCTTTATGGTGCCCAGCAGTTCGCTATTTTTCGTTTTGAGGCCAGTGACTTCGCTGGTCACGCGCTCATCAATCAGCTTCTGGATTTCAGGAGTGATTTCGATACCCCCGCCACCGCTGCCCTCTCCGCCGCTTTCAGGTGCGTAAAATTTCAGAAGCATGTTTCGAACCGACCTATCTCATTGTTTTAATTGTAAAGATAAGATTTCACAAATTACGATAGTCCATACTGTATTCCCGATAAGGAACGTAGAAGCAATCGTTACAGCCCTCATTAAATGGCTAATCTTGTTGAAAACACACGGAATGTGTGGAATATTTGTGTCAGGTGTGCAGGCAGAATTTTGAATTGTGTTTCGCAATTCTTGATTTCAAGGGCTCAAGCTCTCGCTGCTATGATTCTCATAGCAGGATTTGCTGGGAATACTGTAAAAGTGCGTAAGAGTGCCTGCACACCGCTATCCAAGGAGCAGTGATGACTACCCGCTTAGAAAAATTAAAAGCATGTAATTCGAAACCAGACTTCGCACGA
NZ_CP074448.1_gap47	1736308	1737457	1149	GTCATCCAGCGTATCGGGGTGCATTGTGGCAACGTAAGCCAGCTCAGAACGAAGAAACCGTAAAGCGCCTGCTGCACGGTCTTTGCCATAGAAGCTGTGGGTTTCTTCATCCAGCCGGAAGAGAATCAGTAGTTGCTCTGCGGGCTCGTGCTGAACATCAAAACCCAGCTCAGCGGCTGCTGCCTCTATTCGCTGGCCAGCATCAATATCAGCCGGCAGCTCTTTCCCGCCGTCATGCCCCCATACCCACGCGGCGGCCTGCGCCCACGTCATTTCAGTTTGGTGTTCGCCAGCACCAGCAGAATTTTGTTTAGCCTGCGATGCTTCGACATCCACCTTATCGCCTGAAATTACAATTTCACCGCGGGCTATCCAGCCGTAAACAGTTTGCCGGCTGACGCCCATATGCCTGGCGTAGGCTGATTTACTTAATAGCATCGTGATGTTTCCCTCCGGGCAGAAAAAAGCCACCCTCAGGCGGCCTGCTTCTCTTCTGAATGTGTCTGCCGCTGGCTGCCTTTGAGCATCGCGCCGACATGTTCGCTTAACTGATCAAGGCCGGTCATGCGGGGCAGAACTTCTGATGGATCGTCGTTCTTCCCGTAAACGAGATTGTTATACCAGGTTCGTACGGCTGTAATTTGTGCGACGTCTTTTCTCACCGCATCGACCAGATCGGCAACAGCGCTAATCACCTGCCCGTTCTCTGATGCGATACGGGAGAAGCCGAGGCGTTTTAGCTGTTCCGTATCGAGTCCCGAACACACTGCGTGCGCCCTTAATAAGGCGTCAGCCAGCTCCTGATGCTTTCCACTGTGCATCGACAGCAACATTTTTTCCTGGCTGCGGCGATCCAGTCGGGCGAATGCCTGACGCATTTCACTGTCACGCATGAATCCCTGAACATCATCAGATGCCAGTGGACTAACCGGAGCGAGCCTGTTCTTCAGGTAATCGAGAATGTTTGCGGCCTGCTCGCTTACCGCTGCCACCCCACGGGTAAAGTCTTTGAGCGTGTCCGGGTTCCGGGCTTCACCTGCCCTGCGGTTTTTTGCCTGTTCGTTCAGATCCGGATCGTTGCGGATAACGTCCAGCAAATCCGCCTCAGCTTCGGCCTGCTGCGCCGTTGTCCTCAGGCTGGTGAGTTCG
NZ_CP074448.1_gap48	1738696	1740173	1477	ATCGGCGTGTTGTTAGTGGCTACAACCACCGCCCGCAACACAGCGGTGTACTGGTGCTCGTGCTTCGGGTCTATCTCCACGGCATCCCCGCCGGTTATCGCTTTTATCCCGGTACCCTCCCCTGAATATTTGGGCTGGTCAGGAAGGGTTATCATGCTCTTTCCGACGAACTGCGCCCGCCCGCGCGCGCTGTCGAGCGCCGCCATATTCCCGCTGGCGGTGTTATGCGCGCCGGCCAGCATCGTGGCGATATGAGTAAAGACGCTTTTTCCGCTGCCGCCCTCCCCGGTTATCTCGAGGAACAGCTGCCAGTCGTACCGGTTCGCCAGCACCATAAAGAGCGCTGCGGCGATGCGCTGCATCTTAATTGCGTCTCTATCTGATGCGTAACTTAGCCACTTATGGAAGTTCGGCGCGTGGTCGCGGAGGTTTTCGCCCGGCACCGCCGGCGTATAGGTCACGCCGTTATGGTTGGTCAGCCAGTTATCCTGGCTGTGTTCGGAGAAAACGCCGGTTTCCATATCGTAGACGCCATTAGCAAAGGGGATCAGGCTGCGCCGCGGCTCCCCCATTACCGGGATAACGATTTTTAGGGCGTCGATAACGTTGTTGATCGCGCGCTTGCTGAAGTTGGTTTTGTTCTCGTTGTAGATAGCCACCATTTCGCGGCTCAGCTCGAGCAGTGACGTTTTCTCCCAGATGCCGGCGCGGTAGACGTACACACCTTCGCTGTTTTCGTTGATTGCAATGCCCGTGTAACGCGCGGCCAGTATGAGCGCCTTTTCGTTATCAGCCAGGTCGCGGAGGTTTACATCCGTCAGCGGTTTGCCGATCACCATGCTTTTGCCGGCTTCCGCATCGGCTTTGAGGCGAGGCAGCTGCGGCGTCCAGTCCTCCAGAAGCTGATAACCTTCAGAGTAGAATTGCGCGCGCTCCACGCCGGCCACCGCCAGCTTTGTAGCGAGAATGGTTATCTGCCGTTCGGTCAGATGCCCGCCACGGCAAACCCGGGCATAGAGCCGGCCATCATCCACAATCCGGATATTCTCCAGCTCCGCCAGCTGCTTTTTATCCAGCACGACCGGCGGCACGGTGTCACCAATCGGGTTCATTTCCTGCCATGCTTTGGCGAACGTCCAGGCATCAGCGCCGGCAAAGATAATTGACTCCTCCATGAGATCCGCCGGCTGCTTTTTAAGGTTTGGTGCATTCTTCATTTTCTGTTCCCTCGCTCCCTGATGATTTCCCGCATAACCCGAATTCGTTCTATGCCCTGTACCCGCATAATCCGATCGATATCTTTTTCGCCGGCGACCGGCGCGGAAGAAACAAATTCAAACTCCCGTACCAGTCTTTCTGGCGTGCAAAAACACGGTGAGCTGTACCCTTCACGGCAATATGTCACTCTGTCGAATCGGTAACTTTCGATAATTACGATCCCGCCCCGACTATCTTTCCATTTATCGCCCGGCCTGAT
NZ_CP074448.1_gap49	1903502	1907428	3926	GTAACGAACTGCCAGGCGGTGAGATCCACGCCGCGTGGCATTTACGCTACGCAGGGCGCGATCTCTTCGTTAAATGCGATGAACGAGAGCTGCTTCCAATATTTACCGCCGAAGCCGACCAGCTGGAACTGTTGTCCCGCAGTAAAACGGTCACGGTCCCGCAGGTTCTGGCCGTGGGGAGCGACCGCGACTACAGCTTCCTGGTGATGGAATATCTCCCCGCCCGCCCGCTGGATGCCCATAATGCGTTCATCCTTGGCCAACAGTTGGCGCGCCTGCATCAATGGAGCGACCAGCCGCAGTTTGGTCTCGACTTTGACAACGATCTCTCCACCACGCCACAGCCCAATGCCTGGCAGCGTCGCTGGTCGACATTTTTTGCCGAGCAGCGCATTGGCTGGCAGCTAGAGCTAGCCGCCGAGAAAGGGCTGGAATTTGGCAATATCGACGCCATCGTCGAGCACGTTCAACAGCGTCTGGCATCCCACCAGCCTCAGGCGTCTCTGCTGCACGGCGATTTGTGGTCCAATAACTGCGCGCTGGGTCCCAACGGCCCGTACATCTTTGACCCGGCCTGCTACTGGGGTGACAGAGAGTGCGATCTTGCCATGCTGCCGCTTCATCCTGAGCAGCCGCCGCAAATATACGACGGATACCAGTCTGTTTCCCCTCTCCCGCCCGGTTTCCTCGACCGCCAGCCGGTGTATCAGCTTTATACGCTGATGAACCGTGCCATTCTTTTTGGCGGAGAACACCTTGTTAACGCGCAGCGGGCACTCGAGCGTATGCTTGCCGCCTGAGAAGATAACGGGTGGCCTTGCCGCCACCCTTATCGCTTACAGAAAACCGAGCAGTGAGAAGAAGAAGTATCCCGCCACAATGATAATCACGGGAAGGATGTAGAGCGGGAAAATTTGCAGGAAAATGGTGTGACGCGGCACAACGATGCGGGATTCAATCTGCTCCCGACTCATTCCTTCCGGGCCTTTGGCCTGCTCCAGAATCAACTGATCCTCAACGCCTTCGCGTAAAAAGCGCGTCTGGCGACTCATTCTCGCGCCAGAGGCCTGTAATGCCAGCGCGACAAAGATCAGGGCATATATCACCCAAAAGCCGATATTCAGCTGTTGATGAAAATCCGGGGTGGGTGAGTTAAACCAGAAGACATTCAAAAATGGCGTATTAAAACGCATCATCTCAATCATGACATGAGCGAAATCAAGCATTACCGCATTGATACCCGGCTGTTTTTCGCTGTGGTCGTACATAAATTTGAGTACAGAAATCAGCGTAGAAATGACGGCAGGAATAAAAATCACCCAGCCAGCAATACGTTTTAAGACCGCAATGCGTCCAGCTTGTTGATACGTCATCAGTTCCTCTTCATAAAGACGCGTTATTTGTGCCTAAGTCTACCTGCTGGTCATCAATTTCGCCCGCTCTTTAAAAGCAATATGCTAAATTGCAGAGTGTGCTTAGCACGTATCGTCTGTCGAACACCCTGGATAAGGAGACGTTGTGATGTCGACACCGCGCCAAATTCTTGCCGCAATTTTTGACATGGATGGATTACTGATCGATTCCGAACCGCTGTGGGATCGCGCCGAACTGGATGTGATGTCCAGCCTGGGCGTGGATATCAGCCGCCGTAATGAACTTCCCGATACGCTGGGCCTGCGCATCGATATGGTGGTTGACCTGTGGTTTGCCCAACAGCCTTGGGTAGGTCCCAATCGCGATGAGGTGACCACACGCATTATCAGCCGCGCCATTTCTCTGGTGGAAGAGAACCGGCCGCTGCTGCCCGGCGTACGTGAGGCCGTCGCGCTGTGTAAAGCCCAGGGGCTGAAGGTCGGACTGGCCTCGGCTTCGCCGCTGCATATGCTGGAAAAAGTGCTCACGATGTTTGAACTGCGCGACAGTTTTGACGCGCTGGCGTCCGCTGAAAAATTGCCTTACAGCAAGCCGCACCCGCAGGTCTATCTGGACTGCGCCGCAAAGCTGGGCCTGGATCCCCTCAACTGCGTTGCGCTGGAAGATTCCGTTAACGGTATGGTGGCGTCGAAGGCTGCACGGATGCGCTCCATTGTGGTGCCCGCTGAAGAAGGCCGTCACGACCCCCGGTTTGCCCTCGCCGACGTTAAGCTTAACTCGCTGGCAGAACTCACGGTGCATCATCTGCAGGGCGGTTAACGCCCTTCTCCGGTTTGTGACAAACAGTTACACCGTCACCTCTTCCGCCTACTGTATAAAAACCCTATACTGTATGAATTGACAGTTTTGTGGGTTTTATCATGACGGCGGAAGGCCACCTGCTTTTTTCTATTGCGTGCGCAGTATTTGCCAAAAACGCTGAACTCACCCCCGTGCTGGCACAGGGGGACTGGTGGCATATTGTCCCTTCCGCCGTATTGACCTGTCTGCTGCCCGACATTGACCACCCCAAGTCCTTCCTCGGACAACGCCTGAAGTGGGTGTCGAAACCCATCGCCCGCGCGTTCGGCCATCGGGGGTTTACGCACAGCCTGCTGGCCGTGTTTGGCCTGCTGACGCTTTTCTATTTGAAGGTGCCCGAAAGCTGGATAGTCCCCGCCGATGCCATCCAGGGGATGGTGCTGGGCTATTTAAGCCATATTCTCGCCGATATGCTGACGCCTGCGGGCGTGCCGCTGCTTTGGCCCTGCCGCTGGCGTTTCCGCTTTCCCATCCTCGCACCGCAGAAAGGGAACCAGCTTGAGCGCGTATTGTGCATGGCGCTATTTGCTTACGCCGTCTGGATGCCGCAAACATTGCCCGAAAACAGTGCAGTTCGCTGGTCATCCCAGATGATTAATTCGCTGCAATTTCAGTTCAATCGCTTTATTCATCACCAGATTGAACAGTAAACCAACAAAATTATCCTATTTGTCATAACCCATTCCATTTGGATATAAGCGCTACATCACACTTCTGCTAACCTTCCGCCAACAGGATCGGTAAAAACCGACCCAATAATAAATCAGGAGAACGGGGATGAATTTTCCACTCATCGCGAACGTCGTTGTGTTCGTTGTATTGCTATTGCTTCTCGCGCAGGCGCGCCACAAACAGTGGAGCCTGGCGAAAAAAGTGCTGGTTGGTCTGGCTATGGGTGTCGTATTTGGTCTGGCATTACAGGCAATTTATGGCTCCGATAATCCAGTTCTGAAAGATTCTATTCAGTGGTTCAACATCGTCGGTAACGGCTATGTCCAGCTGCTGCAGATGATCGTTATGCCGCTGGTGTTCGCCTCTATTCTGAGCGCCGTGGCCCGCCTGCATAATGCCACTCAGCTGGGAAAAATCAGCTTCCTGACCATTGGTACGCTGCTGTTCACCACGCTGATTGCCGCGCTGGTGGGTGTGCTGGTCACCAACCTGTTTGGCCTGACCGCAGAAGGTCTGGTTCAGGGTACCGCTGAAACGGCGCGTCTTACCGCGATTCAAACCAACTACGTTGGTAAAGTGGCTGACCTGACCGTGCCGCAGATGGTGCTCTCCTTCATTCCTAAGAACCCGTTTGCTGACCTGACCGGGGCGAGCCCAACCTCGATCATCAGCGTGGTTATTTTCGCCGCGTTCCTGGGCGTAGCGGCGCTGAAGCTGCTGAAAGACGACGCGCCTAAAGGCGAACGCGTGCTGACCGCGATTGATACCCTGCAAAGCTGGGTGATGAAGCTGGTGCGTCTGGTGATGCAGCTGACGCCTTACGGCGTGCTGGCGCTGATGACCAAAGTGGTTGCCGGCTCTAACCTGCAGGACATCATTAAGCTGGGCAGCTTCGTTGTCGCCTCTTATCTGGGCCTGGGCATTATGTTCGTGGTGCACGGCATCCTGCTGGGCGTAAACGGCGTCAGCCCGCTGAAATACTTCCGTAAAGTCTGGCCGGTACTGACCTTTGCCTTCAC
NZ_CP074448.1_gap50	2060077	2060915	838	TTTTTTTATTCGCTCACCGCAGTGATGTTTTGCGCTTTTCCCCGTCGCGACGCCAGCCAAAGACCGCTGTTTTTCATGGCATAGCCAAACAGCAACCCCAGCGCCAGGGAGGGAACCACCAGCTTCCAGTCACCCTGCCCTGCAAAGGTCGCGCACGCCCCCATAAAGGTCCCCGGCACAAATGAAAGCAGCAGATGCTTAGCCTGGATGCACATTAAAAAGGCAACGACACCCGTCATGACGTACCCCAGCATCTCCAGATGTGGCGCCAGCGCGCTGCCCTTCATGATCACCAGCGCCCAGATAACACCGCTCATCAGCGTGCAGCCAGAGATAAAGAGCCCTTTGACGCCCCCCTGCGGACAGGCGAAATAGGCGGTGCAGCCGAGGAACCCGGCCCAGCTGAGCAATCCGAGAGACACGGCTACCCATCCCCAGAGCCCGGAGAGAATACCTGTCGTTAGTGCGATACAAAGTAATATATTCATGGCGCGCATCTTAGCAGATGCGCACTATAGAAATGAGATCAGAAGCACATTACGTGCAAGTTGAAATGTTGAGTTGCAGAATTTATGTGATCTAAATCACTCCTCGTTCTCTTCTTCCAGCTCATCCCACATTGCCGCAATAGCGTCGCGGGTCAGCGGGGCCAGCGTTCTCCAGAACGGCGAGGTGGCATGCGCTTCGACTTTACCCAGGAATGTCCCGACCCACGGCAGCAGGTACGTTTCGAACAAGGTTTCGATGGCTTCATTCTCATCATCACCGGCGTTGTCTTCGATCCAGGACGCCGCCAGCAGCAGCGTACCGATATGATCGGCTGGCGTATCGCTCAGCG
NZ_CP074448.1_gap51	2061991	2065195	3204	GTTTTTCCAAAGGATAGCAGTTATCAGCGGCGAATATTAGCAAAAACCCGGCGAACGCCGGGTTTCTCTCAGTAGCCGCGCTGTCTGTCGACCTGTCCGGTGACCGCGTTACCCTTTTCCATTTCGCTGATGGTATGGGATATATACGCCACCGCTTCTGCCGGACGCGTCACGGCAGCCACGTGCGGGGTCATCGCCACGCGCGGGTGCGCCCACAGCGGGCTTTCCGCGGGCAGCGGCTCACGGCTATAGACATCCAGCATGGCGCCTTTTAGCTTTCCGCTGTCCAGCGCCTTCAGCAGATCGCCTTCCACGACATGGACCCCGCGCGCCAGGTTCATCAGGTAGCTCTGATCGACGAGCTGATTGAGCAGGGCTTCATTGATGATCCCTACCGTTTCCGCCGTGTTTGGCAGCAGGTTAATAAGCACGCGTGTCCCTTTCAGGAATGCAGGAAGCTCATCCGTTCCGGCAAAACTCTCAACGCCCGGATAATCCTTGCGGCTGCGGCTCCAGCAGCGCAACGGGAATCCCCACGGGGCAAGCGCTTCGGCCACTTTTGAGCCCAGCACGCCCGCACCGAGTATGCCGATCGTAAAGTCTTCGCGATGGTACTCCGGCAGCGGCTCCCAGTGGGCTCGCTGTTTAAAGGCCTGATAATCATCAAAGCGGCGGAACCAGTGCAGCACCTGGCTCACGGCATATTCCTGCATTTGCTGGCCCATTCCGGTATCTTCCAGGCGGAAAAGGGGGACATCTTCCGGCAGCATTTCAGGATGTGCCTTCAGTTTGCTCAGAATGGAATCCACGCCGGCTCCCAGGGCAAAAACGGCCTTCAGCTTGCGGCCCTGGAGCATTTCTACCGGAGGATGCCAGACCAGCGCATAGTCAGCATGTTCATTATCGCCACGCTTCCACTCGCGAACGCGTGCGCCGGGTAACGCCGCCGAAAGCGCCTTGATCCAGTATGCCGTATCAAACGTTGGGTGATAGAAAAGTATATCCATAGTCATTCCTGCCTTTTATTGCGCTGATTTATTTTGCTTTTTCACTGGACGGTCAGCATAACAAATTTATAGCGCGACTGTGTTGCTGATAAAAAAGACGCTTTCAGCACATTTAAGAATCATGTTGCCTGAAGTTTGTCTAAACGCGCTAAATTACTGAAAAAGTGAGTTGACGGCAGTTCGGCTTTTCCTTACATTAGCGCCCGTCCCGGCAACAACGGGATGACAATATGGTGAGGTGTCCGAGTGGCTGAAGGAGCACGCCTGGAAAGTGTGTATACGGCAACGTATCGGGGGTTCGAATCCCCCCCTCACCGCCATATTTAAGATAAGAGCTCGTACGAAAGTACGGGCTTTTTTCTTTTATATTCTCCGAAAAGGGGGGGAAGAGAACCCCCGACCGGGGTTCGACAACTGGCGACAGCCAGTTGGACAGACTGAGAGCGCAGCGAACAGGCTGCCCGCAGGGCGAGCGAAGCGAGTCAATCCCCCCCTCACCGCCATATTTAAGATGAGAGCTCGTACGAAAGTACGGGCTTTTTTCTTTTATATTCTCCGTAAAGGGGGGGATGAGAACCCCCGTTGCTATATGCAGCTCGGTGCGGCCTGAGCCCCTCACCCTGCCCCTCTCCCCAGGGGAGAGGGAAGTGTTATTCTTCCACCATCCGCGCATACTCTTCGGTCAGAAAATCCACCAGCGTCCTGACGGACGGCAGCAGGCCGCGCCGCGAAGGATAAACAGCATGAATCACTTCCCGTCTGGGTTCCCATGCGTCGAGCACCCGTACCAGTTCCCCCGTCGCCAGCTGGTCCTTAACCATCAAAATCGGCAGCTGCACCACGCCGATGCCTGCCATGGCAGCTCCACGTAGCGCCAGCATGTCGGTGGTGATCAATCGAGGATGGTAATGGATCTCCGCTTTGGCACCTCCGGGACCGGACAGCTCCCATTTATGAATATGTTTCCCCTCGTTCATGCTTAACCCGGGCCAGGCACTGAGTTCAGACGGCACGACGGGTTCTCCCATGCGTTGAATCAACGCCGGACCCGCGACCAGACAATGTCCCCTGTCAGCCAGCACCCTTAATACCAGATCGCTGTCATCAAACGGACGCGGGCGTACGCGGATCGCGATATCAACCCCCTCTCCCACCAGGTCTACCCGCCGGTTGGTCGCCTCAAGCTGAAGATTGATCCCGGGGTAGCGCGCCATAAATCTGGCCAGCATCGGACCCACGTGGACATGCAACAGAGTTATCGGGCACGTAATTCTGACAACACCGCGCGGTTCAGCCTGCAGTGCCGCAACGGCTTCCTCCGCGGCCTCGGCCTCCACCATCATCGCTTTACAGTGCTGGTAGAAGGTCTGCCCGACCTCGGTCACCGTAAACTGTCGGGTTGTTCGGTGGATAAGCCGCACGCCAAGGCGTTCTTCCAGCTGCGCTATCCGGCGGCTTAGCCTGGACTTTGGCAGATCAAGCGCCCTTCCCGCCGCCGCAAAGCCGCCGTAGTCCACCACCTTCACAAACCAGACGAAGTCATTGAGATCCTGCATAAATCCTCATCGTTCCATTTTCAGAACAGTGAATGCCATTTTCACTATCTACCGGAGTATTAACTCTGAATATAAGCTAATTACATCAACAGAACATCAGGAGTTAATCATGAAAAACGTAACAGGCGTTTATACCGCTCCCCGCCAGCACTGGGTTGGCGATGGTTTCCCGGTACGTTCGATGTTTTCTTACCAAACCCACGGCGAGCCGCTGAGCCCGTTCCTGCTGCTGGACTACGCGGGCCCGTACACCTTTCCGGCAGATGGGGCGAAACGCGGCGTAGGCCAACACCCTCACCGGGGTTTTGAAACGGTCACCATCGTCTATTCCGGTGAAGTAGAGCATCGCGACTCCACGGGCAAAGGCGGCGTCATTGGCCCCGGCGACGTGCAGTGGATGACGGCAGGTGCAGGCATTTTGCACGAGGAGTTCCACTCCAGCGCGTTCTCGCAGAAAGGCGGAGAACTGAAAATGATGCAGCTTTGGGTCAACCTGCCGGCCAAAGACAAGATGGCGGCACCGGGCTACCAGAGCATGACGAAGGATGCGATCCCGATCGTGACGCTACCGGATAACAGCGGTTCGCTGCGGGTTATTGCCGGTCGCTACGAGGCTGTAACCGGCCCGGCGCACACCTTCT
NZ_CP074448.1_gap52	2066620	2070132	3512	CTCACCGCCATATTTAAAGAAGAGCTCGCATGAAAATGCGGGCTTTTTTTTCGCATGTTGCACGCCTGCGGGGGGGATGAGAATCCCCGACCGGGGTTCGACAACTGGCGACAGCCAGTTGGACAGACTGAGAGCGTTGCGAACAGTCTGCCCGCAGGGTGAGCGAAGCGAGTCAATCCCCCCCTCACCGCCATCTTTAAAGAAGAGCACGCATGAAAATGCGGGCTTTTTTTTCGCATGTTGCACACCTCTGGGGGGATGAGAATCCCCCGCTGCTATATGCAGCCCGGTGCGGCCTGAGCCCCTCCCCCTGCCCCTCTGGGATAAAAAGCACAAAAAACAAAGCCCGGTTTCCCGGGCCTTGAACACAACAGCAAACTCAATAATACGCTTGCAGCGTGCGCTGACAGAGCGCTGAACGCACGCAGTCCTCTTTAGTGAAGCGTACCACCCCAATCATCTCATCTTCCTCAAAACGTGACATGGCGTCGCTCAGCCCGGATTTCACGCCGGATGGCAGGTCACACTGGGTAATATCGCCGTTAACGATAACCGTCACGTTCTCCCCGAGGCGCGTTAAAAACATCTTCATTTGCGCAGCGGTCACGTTCTGAGCCTCGTCAAGAATGACGACCGCATTTTCAAATGTACGTCCGCGCATATAGGCGAACGGCGCGATTTCCACCTTGCCAATCTCTGGTCGCAGGCAGTACTGCATAAAGGATGCACCCAGTCGCTTCACCAGCACGTCATAGACGGGCCTGAAGTACGGAGCAAACTTCTCCGAAATATCTCCGGGCAGGAAGCCGAGATCTTCATCAGCCTGCAGTACAGGACGGGTAACAATAATGCGCTCCACATCCTTATGAATCAGCGCTTCCGCCGCTTTGGCTGCACTGATCCAGGTTTTCCCGCATCCGGCTTCACCGGTTGCAAAGATGAGCTGTTTACTCTCGATAGCATTCAGGTAGTGCGCCTGAGCCTCATTGCGCGCCACAATTGGAGAATTATCACGGCTGTCTCGGGCCATGCCAATTGCTTCTACGCCACTCATCTGCACAAGCGAGGTGACCGATTCTTCTTCACGCTGTTTATGGCTACGTGAATCCCGTCTCAGCACACGTTTTGCTTCGCGACGAGCTTTGATCACTGCTTTTTGTCTTCCCATGGATAGCACCTTGAGTTGTTGGTATTCATCACACGCGCCAGCTTCGGCACGATTATGCGCACGAACATCAGAGGGTTGGCTTCCTTGTAAGCCATTGCTTGCTTTATCGGATAACGATACGGAACAGCTACGCGCACCGTTCTGCACGTCGGTCGAATCAGATTCTTGAGGAAGGGGGGAGAATTTAGTGGTGAGGAAATCGCTGCCGGAGTCTGAGCCTCCGCGCCGGGTGCTGCGGTTGTTATGTTTACCTTGTCCAGTACAGGACGCAACCATTCGCGATCTCCATAGTGATTCAGCATCACTGCCGGGAACTACCGCTGTCTTATCTTAAGTACATCAGGAGTTATCATAAATGCAACATTTATTTTACCTGAATGCAACTTTTAAGACTGTCCCTACAGGTGAAATCAGTCTCATATAGAAATATTACAGAAATATAACAGGAGGATAGTCATATGAAAAAATAATGTCCCCGCGAACGGTTGCGGGGACAATTATCAGGCTTCAATAAGACCTTGAGCGAGGTACGCGTTCCGATCGCGCACGCCCGGCAGGGCAAAGAAATAGCCGCCGCCGATGGGCTTAATGTACTCTTCCAGCGCTTCGCCGTTGAGCCGCTTCTGCACGGTCAGGAAGCCTTTTTCCAGATCGTGCTGATAGCAGACGAACAGCAGGCCCATATCAAGCTGACCGGCGTTGGTCACGCCGAGCGAATAGCTGTAGCCACGACGCATCATCAGGCTGGACTGCGTCTCTTTGGTGCGCGGATTAGCCAGACGAATGTGGCTGTCCAGCGCGATGGTATCGCCATTGGGATCGCTGGCGTAGTCGGGCACGTCATGCTCGTTCTTCATGCCGAGCGGCGCGCCGCTTTGCTTATCGCGACCAAAGATCGTCTGCTGTTCTTTGAGCGGCGTGCGGTCCCAGAACTCCACGTGGAACTGGATAATCCGCACCGCCTGATAGCTGCCGCCCACCGCCCACGCCGGTTCGCCCTGATCCGCCGTCACCCATACCACGTCTTTCATCAACGCCGCATCGCTGCTGTCCGGGTTGGCCGTACCGTCCTTAAAGCCCAGCAGGTTCACCGGCGTCTCTTTCCCTTTACTGCGGGCGGCGTGGTCCGAGATAAAACCTTCCCGCTTCCAGCGCACGCTCAGCAGATCCGGCGTGTGCTTGATGATATCGCGCAGGGCGTGGATCACCGTGTCCTGAGTATTGGCGCAAATCTGCAGGAGCAGGTCGCCATGACACAGCGCCGCGTCCAGGGAGTCATTCGGGAAACGCGTCATTTTCTGCAGCGCTTTCGGCTTCTGTTTTGCCAGCCCATAGCGCGCGTCAAACAGCGATTCACCCAGCGAAACGGTAATGGTCAGGTTATCCGGGGCGATAAACGGCCCCAGAATACCGGAGTCCATTGGCGGAAGACGCGGGTTCGGCGTATCGGGCGCCGGTCCACCGGCGGTGAGAAACGCGATGCGCGTCGTCAGCAGGCGGAACAGGCGCTCCAGATCGGCTTTATCGCTGGCCAGCGAATCAAAGGCCACCAGCATCATGGACGCCTGCTGCGGCGTCAGGATGCCCGACTGATGCTCGCCATAAAACGGCTGCGTCTCCATGCGGGCATTGGGTGACAGCGTGCCGGGCGCGCTCTGCGGTTTCGCCGCATGCGCTACCGGACAGCCACCGGCCAGAGCAAGAGCGCCCCCCAGCGCCCCTACTCCTTTTAACAATCGACGACGTGAAGGCTCAACCACATCGTTCTCGTTATGCTTATTCATCGTGCTTAGTCCAGACCCAGTACGCCGCGCAGCAGAGAGAGATCTTCCGCCAGGGCGGTAATCGGGCCTTTCAGCGCGTTACGGTCGGCATCGGTCAGCTTGTCGTAGGTTTCAAACCCGTCTTTGGTACGATACTTCGCCAGAATGGTGTCGACTTTTTTGAAGTTGGCATCCACTTTGGCCAGCAGTTCGCCGTTCTCTTTCTGCAGCTGAGGACGCAGCAGGTTAACAATTTTCTGCGCGCCGTCGACGTTGGCCTGGAAGTCCCACAGATCGGTATGGCTGTAGCGATCTTCTTCGCCGCTGATTTTGCTCGCGGCCACTTCTTCAATCAGACCAGCCGCGCCGCCCACCACTTTTGACGGCGGGAAGGCCAGCTCGCTGATGCGCTTTTGCAGCTCCAGCACGTCGCCGTTCAGCTGCTCGGCGTATTTCTCCATCCCTTTGGTGGAGTTGTCGCCAAACAGCGCTTTTTCCAGACGGTGGAAACCGGTGAATTTCGGATCGGCGGCTTTCTGCTCGTAATCGTCTTCGCGGGCATCAAGGCTGCCATCAAGGTC
NZ_CP074448.1_gap53	2072475	2074408	1933	CGCCCGGAAGCGGAGCCGGATATCAAGCTGGAAAAACTGCATGAATCGCAGAGCTTCTTCGAAATGCTCGGCGAGTATATTCTGGCCGGTTTTAAGGTGGCGATGATTATTCTGGCTATGCTGATCGGCTTTATCGCACTTATTAGCGCCGTTAACGCCCTCTTCTCCAGCGTATTTGGCATGAGCTTCCAGCAGATCCTGGGCTATGTATTTTATCCCCTGGCATGGCTTATTGGTATTCCGCTGAGCGATGCCTTAAACGCGGGCAGTATTATGGCAACCAAGCTGGTGGCGAATGAATTTGTGGCGATGATTGAGCTGCAAAAAATCGCTCATCAGATGTCCCCGCGCGGGCTGGGCATTTTATCCGTCTTCCTGGTGTCCTTCGCGAACTTCGCGTCCATCGGCATTGTGGCCGGGGCGATTAAGGGCCTGAACGAGCAGCAGGGGAACGTGGTGTCGCGGTTTGGTCTGCGTCTGGTGTACGGCGCGACGCTGGTGAGCCTGCTGTCGGCGAGCTTTGCGGGGTTAGTGCTCTGATGCAATGCCGGGTGGCGCTTCGCTTACCCGGCCTACAAAACAACAACGGCGGGATTTCCCGCCGTTTTTATTAGAACTGCACGCACACCGGCTGGTCGACGCGCATCACCGACTCCTGCGCGAAGCGGGATTTATAAATCCCGCGTAACGCTTCGATGTTCTTCTCGCTCTGCGCATCCTTACCGTGGATCAGCATCAGCGCTTTGCTGGGTTCACGCGCCACTTTCCCGTCGTTCCCCAGCCACTGCCCGCGCGCGTCAAACACCGTTAAGCCATCGCGGAAAAGCGGCGTCACGTCCTGGTCAACAAACTGCTGCCACTCGTTGCTGGTGATTTGCGCCCCGGCAGGACGATTTAAGCCGAAATAGAGCGTGGTTTGCTGCATCTGGTTATCCGCCTTGCAGGTCTCCACCGCCGCATGTTGCGATGGCGCCGTGCAGCCAGCGAGCATCAATAGTGCCGCTGCCATTACCCCTGTTTTGATTGTCATGCTTCGCTATCCTCATTGTTATAAGCACAGGGATATCACAGGAAATTACGGATTTTGGCAAGAAAAAAGCCGGGTGCGCTTGCGCTCACCCGGCCTGCATTGTGCTGCGAGAAAAATTATTCTGCCTGGAGCTTAGACGGCGGCGCAGTGTGGTAATGCGCGTCGGCTTCAGCAAAGCGTTTCTGCATGGAGGCAGACGGGGCTTTACCCAGCAGGCTGAACACCACGATGCCGATGCTGCCGAAGATGAAGCCCGGAATGATTTCGTACAGGCCCAGCCACGCGAACTGTTTCCAGACGATAACGGTCAGCGCACCGATGATCATCCCCGCCAGCGCGCCGTTACGGGTCATACGTGACCACATGACGGAAAACAGCACGACCGGACCAAACGCCGCACCGAAGCCCGCCCACGCGTAGCTCACGAGGCCCAGCACGCGGTTTTCCGGGTTGGCCGCCAGCGCGATGGCAATCAGCGCCACCAGCAGCACCATAAAGCGCCCTACCCACACCAGCTCTTTCTGGCTCGCGTTTTTACGCAGGAAGGCTTTGTAGAGGTCTTCGGTGATCGCACTGGAGCAGACCAGCAGCTGGCAGCTCAGGGTAGACATCACCGCCGCCAGGATTGCGGAGAGCAGAATACCGGCAATCCACGGGTTAAACAGAATTTGTGCCAGCTCGATGAACACGCGCTCGGCGTTCTGGTTCACCGCGCCCGCCTGCGCCGGGTTGTTGTTGAAGTACGCGATGCCGAAGAAGCCGACCGCACACGCCCCTGCCAGACACAGGATCATCCACATCATGCTGATGCGACGGGCATGAACGATGGTGTGGTGAGAATCCGCCGCCATAAAGCGCGCCAGGATATGCGGCTGACCGAAGTAGCCCAGGCCCCAGCCCATC
NZ_CP074448.1_gap54	2076439	2079160	2721	CGCGCAGGCCTACATGGTTTCTTACCAGCAGGCGATCCACGCCATCGGTAAAGCGTCCAACGGTCGCGGTATTTATGAAGGCCCGGGCATCTCTATCAAGCTCTCTGCTCTGCACCCGCGCTACAGCCGCGCGCAGTACGACCGGGTGATGGAAGAACTCTACCCGCGCCTGAAGTCCCTGACCCTGCTGGCGCGCCAGTATGACATCGGCATTAACATCGACGCCGAAGAGGCCGACCGTCTGGAGATCTCCCTCGATCTGCTGGAAAAACTGTGCTTCGAGCCGGAGCTGGCAGGCTGGAACGGCATTGGCTTCGTTATCCAGGCCTACCAGAAGCGCTGCCCGTTCGTCATTGATTACCTGATTGACCTGGCAAGCCGCAGCCGCCGTCGCCTGATGATCCGTCTGGTAAAAGGCGCCTACTGGGACAGCGAAATCAAACGCGCCCAGATGGAAGGGCTGGAAGGCTATCCGGTCTATACCCGCAAGGTTTACACCGACGTCTCTTACCTCGCCTGTGCGAAAAAGCTGCTCGGCGTGCCGAACCTGATCTATCCACAGTTCGCTACCCACAACGCCCACACCCTGGCGGCGATCTACAGCCTGGCCGGGCAAAACTACTATCCGGGCCAGTACGAGTTCCAGTGCCTGCACGGCATGGGTGAACCGCTGTACGAGCAGGTCACCGGTAAAGTGGCGGACGGCAAGCTGAACCGCCCGTGCCGAATCTATGCTCCGGTGGGAACGCACGAAACCCTGCTGGCGTACCTGGTGCGTCGTCTGCTGGAAAACGGCGCGAACACCTCCTTCGTTAACCGCATCGCCGATACCACCCTGCCGCTGGACGAGCTGGTGGCCGATCCGGTGCAGGCCGTTGAGAAGATGGCGGCACAGGAAGGCCAGGTTGGCCTGCCGCATCCGAAGATTGCCCTGCCGCGCGAGCTGTACGGCAAAGGCCGCGTCAACTCGGCGGGTCTGGATCTCGCCAACGAACACCGTCTGGCGTCCCTCTCCTCTGCCCTGCTCAACAGCGCGCTGCAGAAGTGGCAGGCCAAACCGATGCTGGAGCAGCCCGCTGCTGACGGCGAAATGCAGCCGGTGATCAACCCGGCCGAGCCGAAGGATATCGTCGGCTACGCGCGTGAAGCGACCGAAGCGGAAGTGGATCAGGCGCTGGACAGCGCGGTGAACAACGCCCCTATCTGGTTTGCCACGCCGCCGCAGGAGCGCGCCGCGATTCTGGAGCGCGCGGCGGTGCTGATGGAAGATCAGATGCAGTCGCTCATCGGCATTCTGGTGCGCGAGGCGGGTAAAACCTTCAGCAACGCGATTGCCGAAGTGCGCGAGGCCGTCGACTTCCTGCACTACTACGCCGGTCAGGTGCGCGATGATTTCGATAACGAAACCCACCGTCCGCTGGGTCCAGTCGTCTGTATCAGCCCGTGGAACTTCCCGCTGGCGATCTTCACCGGCCAGATTGCCGCCGCGCTGGCCGCAGGCAACAGCGTGCTGGCAAAACCGGCAGAGCAGACCCCGCTGATTGCCGCGCAGGGCATCAACATTCTTCTCGAAGCCGGCGTGCCGGCGGGCGTGGTTCAGCTGCTGCCGGGCCGCGGTGAAACGGTCGGTGCCAAACTGACCTCCGATAACCGCGTGCGCGGCGTGATGTTCACCGGTTCGACCGAAGTGGCGTCTCTGCTGCAGCGCAATATTGCCACCCGTCTGGATGCGCAGGGCCGCCCTACTCCGCTCATCGCGGAAACCGGCGGGATGAACGCCATGATCGTTGACTCCTCTGCCCTTACCGAGCAGGTGGTGGTCGACGTGCTGGCCTCCGCGTTCGACAGCGCCGGTCAGCGCTGCTCCGCCCTGCGCGTGCTGTGCCTGCAGGACGACGTGGCGGACCACACGCTGAAGATGCTGCGCGGCGCGATGGCCGAATGCCGCATGGGCAACCCGGGCCGTCTCACCACCGATATCGGGCCGGTGATCGACGCGGAAGCCAAAGCCAACATCGAAAACCACATTCAGACCATGCGCGCGAAAGGCCGCCCGGTGTTCCAGGCGGTGCGCGAGAACAGCGAAGATGCGCGCGAATGGCGGACCGGCACCTTTGTGCCGCCAACGCTGATTGAGCTGGCAAGCTTCGACGAGCTGAAAAAAGAGGTCTTCGGCCCGGTGCTGCACGTGGTGCGCTACAACCGTAACAACCTGAACGAGCTGGTTGAGCAGATCAACGCCTCCGGCTATGGCCTGACGCTCGGCGTGCATACCCGTATCGACGAGACTATCGCGCAGGTCACCGGCAGCGCCAAAGTGGGCAACCTGTACGTTAACCGCAACATGGTTGGCGCGGTCGTGGGCGTGCAGCCGTTTGGCGGCGAAGGCCTCTCCGGCACCGGTCCGAAAGCGGGCGGTCCGCTCTACCTGTACCGCCTGCTGGCGAACCGTCCGGAGAACGCCCTGGGCGTCACCCTGGCACGCCAGGATGCGGACTATCCGGTGGATGCGCAGCTGAAAACCGTGCTGACCCAGCCGCTGGAGGCGCTCATTACATGGGCAGAAAAACGTCCTGAGCTGCGTGCCGTCGCGAAGCAGTACGGCGAGCTGGCGCAGGCGGGCACGCAGCGTCTGCTGCCGGGGCCAACCGGCGAGCGCAACACCTGGACGCTGATGCCGCGCGAGCGCGTGCTGTGCGTGGCCGATAACGAGCAGGACGC
NZ_CP074448.1_gap55	2184235	2187217	2982	AAGGCCTGCACCCGCTGCCCGCACCGGCAAACCAGATGGCCATCGACGCGCCGCTCAACCCGTGGGAACGGGCGATCCCATCCCCGGCCTGGCTGATGCATAGCGATCGCGTCGGTTATGAGACGCTCGGGCGCCTCTGGCAGTGGCTGAAAGGATCGTCAGGCGAGCCAGGGCAAGAGTGATTTTGTTGCCAGATCGAAATTTGCGCGATTAAAACGTCCGGTGTTGACCAACTGCGCGACTTCGTCCCAGAGCAGGTAAAGCCAGCGCCGCCAGAGAAACGCTTCTGCAACGGGCGCGCGTTGAAGGTAGTGCCACAGTAAACCTTCCGCCGCCCCGCTGTCGCTGAGCCTGAACAGCTCGTATTCGCGCGGAGCCCAGAGCATGATCCCCGGCCCAAGCATCGCCAGAAGCTGATCGCTGCGGGAGTCCTTGAGCATGCTGCGCAGGGTGAAATTACCGTGAATCAGCACGCAGTTGTCATTAAAACCGTCGAATAGCGCCGGTAAGCACTCGCGGGTGCGAAACAGAATACGTTTGTCCTGCATGGTTAAACCGGTATTGCTGAACTGGTTGAGCGTTCCCCACAGCACTTCCACCCGCTGGCGATACCACAGCGGCCACAGGTTTTCCTGAGTGCTGTCGACCGGACCGACAAGCCCGCGGCTATCCTGACGGTGCCAGGCCAGCAGCGCCTCGACAATCTGGTCTTTTAACTGCTCCCAGCGTTCCGGCGTGCGCGCGGGCGCTTCAACGGGCACGCCGCGTAAACGCTCAATCAGCAGCACGTCCGGGCCGGGGTGTTCCTCGTGGGTCATCACGCCGTACACCGTCGGCATACGGACGGTTCCCTCCCGTGCCAGCATCGACATTTTCCATGCCAGCTGCCTGGCAACGCCCGGCGAGGTGAAACTTCTGGCCATCAGCGGCATTGGGTTGCCCTGACTGTCATACAACGACCAAAGCGCGGTATCGGCCTTTTCACTCACGCATTCGACCCGGCTTAATTTCTCACCCAGCAGATGGCTAAGTTCGGCACGCAGCTGTTCCATATGAGATTACCCCCATTAAGACTACTGCTTTTATAATGAGCGTCCTGAAGGGAGATGTCACCCGGAAGAGAACAATTAGGAAAAAGAAAGGGGAATTAGCGAGGGAGAGAACATCCCTCCGACAGGAGGGATGCAGGCGGGATTAGCGCAACTCGGCGCGAACGCGCTCAAGATCTTCCGGCGTATCAACGCCCGTTCCAGGCACTTCGCTGGCAACGGCAACGTGAATTTTTTCGCCGTACCAGAGCACGCGAAGCTGCTCCAGCATTTCGATCTGCTCCAGCGGACTCGGCGCCCAGGTAACATATCGACGAATAAAACCGGCCCGATAGCCGTAGATCCCGATATGACGCAGGAAAGTATCACCGATTGTCTCTTTAGAGAGCGCAAAGCGATCGCGATCCCACGGGATCGTGGCGCGGGAGAAATAGAGCGCATAGCCTTCGGCATCCATGACCACCTTCACCGCATTGGGATTGAATGCCTCTTCAGCGTGGTGAATGGGCACCGCGAGCGTCGCCATACCGACCTGACGCTGAGCCAGGTTTTCTGCCACCTGACGGATAATCACCGCCGGGATCATCGGCTCGTCACCCTGCACGTTCACGATGACCGTATCATCACTGAAGCCACATTTCTCAACCACTTCCGCCAGACGCTCGGTGCCGGACTGGTGATCGGCGCGGGTCATGCATACCTCACCGCCTGCCGCCTCAACCGCACGGGCGACGTCAGGATGATCGGTAGCAACAATCACGCGATCGGCACCGGATTCACGCGCACGCTCAAGGACATGCACAATCATCGGCTTGCCGTTGATATCCACCAGAGGTTTACCCGGCAGACGCGTTGAGGCATAACGCGCAGGAATAATGACAACAAAACTCATGGTTTGCTCTCTTCTGCCACCAGGGAACGAGCTTCATTTTCCAGCAGTACCGGAATGCCGTCACGCAGCGGGAAAGCCAGGCTGTCCAGCTTGCAGATCAGCTCCTGTTTGTCCTGGCTGTAGTAGAGTTTGCCGTTGCATACCGGGCAGGCAATAATTTCAAGTAAACGGTGATCCATAGTTCCTCCGTATGGGTAATCGCTAAAGCTTAACACATTCCCTTTTCAGGGAGTGCCTGTTTCCCAGCCACTTCGACAGGATGTAAACAGTCCGTCGGGCATCCGGCCCAGCGTCACGTCGCAGGCACCCTGCCAGCGCGCGAATTCGCTAATGGCGAACGTTAACCCTTTTTCCAGGCTCGCCGTCACCCTGACACCCTCTTCCAGATAAAGCGCAATAATTTCAAGCGTGCCTGTCTTGCGGTGCATTTTGGCGTCCATACGCCCGACCAGTTGCCCCTTATGCAGCAGCGGGAGAACAAAGTAACCATACTGGCGCTTTGGCGCTGGGGTATAACATTCCAGCCGGTAGCTAAAATCGAACAGCTGCTCGGCACGTTTTCTGTCCCAGACGACCGGGTCGAAAGGCGACAACACCGCACTGTGGGTTGCCTGAAGTTTCCCCTCCTGGGCCAGAGGCAGTAGCGGGAGGAGATCCGCATGCAGCCACATTTCGCCCAGCGTTTCCACCGTGACGGGGATGATGCGCTGTTCGCGTTGCCAGATATCCAGCAGCGGTTTCAGCGCGGGCTGGCGAAGGCGATAATAATCAGCCAGCCATTGCGGGCGGAAAATTCCCAGGCTGCGGGCGCTGTTTTCGAGCATGATAGCCTCGGCCGCCTCCTGGGTAAGCAGGTCACGCTCGTCGTCCCAGTGCGGCATCACGCGATGCGTCAGGTCGTAGACGCGCTGAAAATTACGCCGCTCAATCACCATGACTTTGCCAGAGGTAAACAGCCCTTCGAGATGACGTTTATGCGGCTTCCACTCCCACCAGCCGCTGGTGCCTTTGCGCGGGTGTTCAAAATCGGCGGAGCGTACG
NZ_CP074448.1_gap56	2188526	2193493	4967	CCAGGCACGTTTCAGCCCCAGACGGTAAAGCAGACGGATAATGCCGCTCACCAGGCCGTATAGCCAGGAGAGCGGCAAAAGCAGGAGCCACAGCGGGGATTCACCGGACCAGATGCGTGCAATCATTCGCCAAACTGCATCTTATGAAGCTGGGCGTAAACGCCGCGGTGTTCCAGCAAATCAGCATGGCTTCCGCGTTCAACAATGATACCGTCCTCAACCACGACGATTTCGTCAGCCTGCTCGATAGTCGACAGACGGTGCGCAATCACCAGCGAGGTACGGTTCTTTTGCAGCTCATCCAGGGCAGACTGAATAGCGCGTTCAGATTCCGTATCCAGCGCGGAGGTAGCTTCGTCCAGGATCAGAATCGGGCTATCGCGCAGCAGCGCACGCGCAATGGCGATACGCTGACGCTGACCGCCGGAGAGCAGTACACCGTTCTCACCGATTATCGTATCCAGACCGTTATCCATCTTGTTGATAAAGTCCATTGCGTAGGCCATACGCGCGGCATTCTCAATCTGCTCACGGCTGTATTCATCCGTGCGCGCATACGCAATGTTGTTTGCCACAGTATCGTTGAACAGGTGCACGTTCTGGGAAACCAGCGCCACCTGGTTACGCAGCGACTGCAGGGTATACTCCCGCAGGTCATGACCGTCCAGGAGGATCTCACCTTCGTTAATATCGTAGAAACGGGTGATCAGGCTGGCAATCGTCGATTTACCCGAGCCGGAACGGCCCACCAACGCCACGGTTTTACCCGCCGGAATGGACAGGTTGATATTACGCAGCGCCGGCGTTTCACGTCCAGGATAGGCGAAAGTGACATTGCGGAATTCAACATCGCCACGGGCGCGCTCAATCTCGCGAGTACCTTCATCTTTTTCCTGTTCGGAATCCAGAATGCTGAACAGCGTCTGACAGGCGGCCATCCCGCGCTGGAACTGGGCGTTCACGTTCGTCAGGGATTTCAGCGGACGCATCAGGGCGATCATTGAGGAGAAGACCACGGTGATAGTACCCGCCGTCAGCGTCTCCATCACGCTAGGGAAACTTGCCGCATAGAGGACGAATGCCAGCGCCAGTGACGCAATCAGCTGAATAATCGGGTCAGAGATGGAAGAGGCCGAGACCATTTTCATCCCCTGCAGACGCATTTTATTGCTGACTTTATCAAAGCGTTTGGTTTCGACGTCCTGACCGCCAAAAATCAGAACTTCTTTATGCCCTTTCAGCATCTGTTCCGCGCTGGTCGTCACCTGCCCCATCGTGTTCTGCATATTCTTACTGATATTGCGGAAGCGCTTTGAGACGACGCGGATAGCAATAGAAACTATCGGCGCCAGAACGATAAGGATGATCGACAGCTGCCAGCTGTAATAGAACATCATCGCGAACAGGCCGATGATTGACGCGCCCTCACGCACAACGGTAATCAGCGCGCTTGAGGACGAGGAGGCTACCTGCTCTGAGTCGTAGGTGATACGGGACAGCAGCGTCCCGGTAGACTGCTTGTCAAAGAACGAGACCGGCATGCCCATCATGTGGCTGAACAGGCGACGGCGCATGGTCATCACCACTTTCCCTGATACCCAGGAAATACAGTAGCTGGAGATATAGCTGGTGATGCCGCGTAAGATCATCAGTCCGATAACCACCAGAGGCATCCATAGCAACACTGAGCGATCCGTTTTACCAAAACCGTCGTCCAGTAACGGTTTGAGAAGCGATAGCATAAAAGTATCGCTGGCTGCGTTGAGGATTAACGCTACTCCCGCCACGATCAGGCCTGTTTTAAAGGGCGCAATCATCGGCCAGAGTCGGCGGAAGGTTTGCCACGTGGAGAGATCTTTGTCGTTATGCATTCAAAAAACCAGCATTCGTTGAAATAGCCGCATATTCTACCCGTTATCGACGGGCTCGCCAAACCACTGATGATACCAAACGGGTAAAAATTGCTCTCGCAAGCGCCGGATTTGCCAGTGATGTTGCGAGAATGTCACCGATATTTGTCCAGAATGAGGGGTATCGTGCCAGATATACCCCTCTTTTCGATAACGTCGAACAACTTTTGCCGACGGGAATCGCCATGCGTTATAGCGGGCCGCTGAATCCAGGGCGATCTGACCTTCCACCCGCTGCACCAGCGGCAATGACGACGAAGTATTGCTGCCATGATGGGGCACCTGTATAAGCGTGGACGTCAGATAACGCCAGTAATGGCTAAGCATAGCCTGTTCCGCTTGCGCTTCAATATCCCCCGTAAGCAGAACACTCTGCTCACCGTCGTCCACCTTGACCACGCAGGAATGGTTATTTCCCTGAGCCGGGTAATTTTCGGGGGGCCAGTGGACGGTGAAGGAGAGTCCCTGCCATTTCCATCTCTGCCCGCGAAAACAGGGGCGATGTCCCGCCTGGCGCAATGGGCTTCTTACCCACGCGTCAGGCCACGCTTTTTGCAACGATGCGAGTCCTCCCGCATGGTCAAGATGCTCATGACTGAGAATAACGCCTTCAGGCCGCAGGTGATGCCAGCGAAGCCACGGGATGATCAACCGCTGCGCGCTATCCCCGCCCGGCCAGGCGAGCCCGGTATCATAGAGAATGGCTTTTCCCTGCCGTTCAATGACCATCGCCAGCCCCTGCCCCACATCCAGCATATGCAGCGTCCAGCTCTCGCTTTTTTCCGTTCGCCACAGAGGAAATGTCAGTAAGGCACTTCCTGCAAGACAAACGGCAGGAAGGGTTTTCCAGGCACGAAAGCGCCAGCCGATGATGATAAGCCAGGGCAGTAATGTCATGTACTGCCAGCGTTGGTCGACATTTTGCCAGCCGTCAGGCAGGCGCATGAGGAGCCAGAACAGCCCCGCAAGTGATTTATCGGCTGCGAACCAGACAACGCTTTCAGGTGCCGCCAACGGCAACAGATGAAGCAGCATACCGAGCAGAATCAGCGGCACGGAGACAAACGTCACCAGGGGAACGGCAAAGAGATTCGCGACCAGAGAAGAAATGCTGAAGCCGTGGAAAATCAAAACCTGTAGCGGCATCAGCAGCATCAGCATGCCGACCTGCAGATAGAGCAGGTTCAGCAACGGCCGTATACGTCGTGCCCTGTGCCAGCCAGGAAGAGGCAGCCACTGAAACCAGAAAATCAGCGCGCCGACGGCAAATGCAGACAAGAGCAGACTCTGTGAAAGTACAGCTAAGGGATCGCTTATCAGGATCGCCGCGATACAGCAGACCCATACCTGCCAGGGAGACCATTGCCGGGCAGCGATCCGCAACATTGCAAGCACAGCAAGCGCGATGACCGTTCGTAGCGCAGGAGGTTGCAGACCGGTAAGCCAGGCGTAGAAAGCGGCAAAGCATAACCCGGCCAGGAGAGGCATTTGCCAGTGGATCCAGTGGCTGGGTAATAAAAACTGTAGCCCACGTGCGAGTAACCAGGCGAGGGATGCCGCCAGCGCGATATGCAGTCCCGAAATCGCCATCAGATGCAGCGTCCCGGTTTCGCGCATCAGGTCTTGTATTTCCCGGGGCACATCCAGACGTTCACCCATTCCCAGTCCGAGTATAACCGCCCCCCATCGGTAAGCAGAAAGGCGGTTTTGCAGTGACATGAGATATTGCGCTCGCAGGCTGCAGCGTCCATCGACGAGTTCCGCACGTGTGAAGCGTCCGCTCAGCGTTTGATGGCGTGCAAAGGCGCTGCGCTGGGAATCATAACCGCCGTCGTTCAGTTCGCCATGGACAGGTCTGAGCCTGAGCGTCATGGTCCAGCGCTGACCGGCACACGCTTTCTGTGGCAGATAATTGCCATACAACGTTACGCCGGTAGAGGCCCACCAGCGCTTACCATCAACGCTAAGAATGTTTCCCTGATGCTGCGTTGCGCCATCTGTGGCGGTGATCGCTACCTCAGCCTGCACGGCCCCCGTGGTTAAATGCTGCATCGGCCAGACGCTCTCCTTCGCAGCCAGAATACCCCACACGCAACATAACAGCGTGATCCCCGCATACTTCAGTCGTACGTTTCGCCGTGCGACCAGCACGATCCCGCCAACAATCATTATCCACACGGTATGACGTGATGGCAGTTCAGGTAACCAGAGTAACGGGGCTATCGCCAGAATGACGCAGATGCTAAGCGCGGGAATTCCCATTGCTACCTCCCTGTTTCAGAGGGGCAGTATGTAATCAGGTAGAAGGAATTGTCAGATGGGAAAAGTGCGTTTTACAGCGTGCGCTGTGCTGTTTTTATCGGTTTGCAGAAAACGAAACGGAAAATGCGGGGTATCTTCAGAATGAAAGCGACAGACACAAAAAAAGCACCCGCAGGTGCTTTCTTTCGAACCCAGTTTAACCTGCTGGCTAAACTCAGTTGCCGTAAATATTGGCGCGATCGCGCAGTTCTTTACCCGGCTTAAAGTGTGGAACGTACTTACCTTCCAGCTCGACTTTATCGCCAGTTTTCGGGTTACGCCCGGTACGTGGAGCACGATAGTGCAGAGAAAAACTACCGAAACCGCGGATTTCAATGCGCTCGCCCTGGGCAAGAGTGGAGGCCATATGCTCCAGCATCTCTTTTACGGCATCTTCCACTGCCTTGGCAGGGATATGCGGTTGCTGACTGGCAAGTCTTTCAATCAATTCTGACTTGGTCATGATTCCTCCGGTTCCTTTCAAACCAATTAGCTGAACAGCTCATTAAACAAGGGCGGCCGTAGCCGCCCTTTGTTATTGATTACAGGACGAATCCTGCAATCTGTCAAGTTTGCTCCTCATCCTTCACGCTGTAAATGCGTTACAGCGCAAATGATGCTGAGAACCTGATATTACTCGCCTTTAGCTGCTTTGAAAGCTTCAGCCATTGCGTTGTTAGAGAAGTTTGCATCTTCCTGTTTGTTAACAGTTGCGATTGCATCTTTCTCATCAGCTTCGTCTTTAGCACGAACAGA
NZ_CP074448.1_gap57	2194495	2199378	4883	ATCGCGTTCTGCGCTGTTTTCGGATTCGATAACGGCACGACGGGAAACAACAACGTTGTTACGCTTCTGGTCCAGCTTGATTACTTTGAATTCAAGCTCTTTGCCTTCCAGGTGCAGAGTGTCACGAACTGGACGAACGTCTACCAGAGAACCTGGCAGGAACGCACGAATACCATTCAGCTCAACAGTGAAGCCACCTTTAACTTTGCCGTTGATAACACCGACCACAGTTTCAGCTTCTTCGTAAGCTTTTTCCAGCGTGATCCATGCTTCGTGACGTTTAGCTTTCTCACGAGAAAGCAGGGTTTCACCGAAGCCGTCTTCTACTGCGTCCAGAGCAACGTCAACTTCGTCACCTACCTGGATTTCCAGCTCGCCCTGGGCGTTTTTGAACTGCTCTGCCGGAATGGCGGACTCAGATTTCAGACCGGCGTCAACCAGTACTACGTCTTTGTCGATAGCAACAACAACACCGCGAACGATGGAACCCGGGCGGGTTTCGATTGTTTTTAAGGATTCTTCAAACAGTTGAGCAAAAGATTCAGTCATGTTTAATCTTCAGGTTAATATTAACGTCCACCTGGCTCCGTGCCGGATGGGGTTGTTTCACATACCCGCCGTCAATCCATTGCAGCGGGGGTACTACTAAATCGGTCGCGATTACGCGAGTGCCAGTTTTTGGCGCGCATATTGTAGCGCTTTTTCAATCACTTGCTCAATAGTTAAACTGGTTGAATCCAGAACTAATGCATCTTCTGCAGGAACAAGTGGGGCGACGGCGCGGTTACGATCGCGGTCATCGCGCTCTTTTATCTCGGATAAAAGGCGATCAAAGTTAACACTAAACCCCTTTTCCTGCAACTGAAGCATGCGGCGTTGAGCACGTTCTTCCGAAGAGGCGTCAAGAAAAATTTTCACTGGCGCATCAGGGAATACCACCGTTCCCATATCGCGTCCGTCAGCGATCAGCCCCGGGGCTTCACGGAACGCGCGCTGACGACGTAACAGCGCCTCGCGAACGCGCGGGAACGCCGCGACCTGAGAGGCCGCATTAGCCACTTCCTGCGTACGGATTTCGCCGCTCACGTCTTCCCCTTCAAGGATGACTTCCAGGTTGCCATCGGTCGATACGAAACGCACATCCAGATGCGCAGCCAGCGGAACCAGCGCTTCTTCAGACGCTACATCCACATGGTGATGTAGCGCGGCCAGCGCCAGCACGCGATAGATTGCTCCCGAATCTAAAAGATGCCATTGCAATGCTTCCGCCATCGCTTTGCACAGAGTACCTTTCCCTGCGCCACTCGGCCCATCAATGGTGATTACCGGGGCAACTGCCGTCATCTTTTTCTCCTTAAATAAGGCATACCGTTTACATGAACGCCGCGCATTATACGCGCCAACGTGCGCAACTGTTACCTTTGCGTGCAAATTACGGAATGATTGAAGCAGAGTGTAGAAGAAATGAGCGGAGGTGTTCGTAATGAAGCGTAAGCAAATGCCGCATCGGGCGATGCGGCAAGGCGTTATCAGGCCAGCGTGCTAATGCGTGCCAGCTGTTCGAAGTAGTCCGGGAAGGTTTTCGCGGTACATTTCGGATCAAGAATGGTGACAGGCGTGTCTGACAGCGCCACCAGCGAGAAGCACATCGCCATGCGGTGATCGTTGTAGGTGCCGATTTCCGCAAACTGCAGTTTTGCCGGAGGGGTCACGCGAATGTAGTCTTCGCCCTCTTCCACCTCGGCACCGACTTTTCGCAGCTCTGTCGCCATCGCGAACAGGCGGTCCGTCTCTTTTACGCGCCAGTTGTAGATATTACGCAGCGTGGTCGTGCCTTTGGCAAACAGCGCCGCCGTGGCAATGGTCATCGCCGCATCCGGAATATGGTTCATGTCCATGTCGATGGCGTTCAGCTCGCCGTGGGTACAGGAGATGAAGTCATCGCCCCAGGTGACAATGGCGCCCATTTTTTCCAGCACGTCCGCAAAACGGATGTCGCCCTGCACGCTGTTACGGCCAATACCGGTCACTTTTACCGTGCCGCCTTTAATCGCACCCGCGGCCAGGAAGTAGGACGCGGATGACGCATCCCCCTCAACAAGGTAGTTGCCCGGAGACTGGTACTGCTGCGCCCCGCGCACCACGAAGCGCTGATAAGACTGGTTTTCCACCTCAACGCCGAAGGTTTTCATCAGGTGCAGGGTGATATCAATGTACGGTTTGGAGACCAGCTCGCCTTTAATCGTAATAACCGTATCCTGCGGTGCCAGCGGCGCGGTCATCAGCAGTGCCGTCAGGAACTGGCTGGAGACGCTGCCGTCAACCTCGACGTGACCGCCGTTAAAACCGCCGCGCAGACGCAGTGGCGGATAGTTTTCCTGCTCAAGATACTCAACCTGCGCGCCGCCCTGACGCAGGGCATCCACCAGATGGCCAATCGGACGCTCTTTCATGCGAGGTTCGCCGGTCAGCACGATGTTGTTGCTACCCAGACACAGGGCCGCCGCCAGCGGGCGCATCGCGGTACCGGCGTTGCCCAGAAACAGCTCAAGCTCTTCGTCCGAGCGCAGCGCGCCGCCGTTGCCGGTCACTTCGCAGCGGGTACGATCGTCGGAGAGAGTGTAATGAACGCCCAACGCTTTCAGCGCATTGAGCATATGGCGCACGTCATCGCTGTCCAGCAGGTTTGTGAGGACGGTGGTGCCGTTTGCCAGAGCTGCCAGCAGCAGAGCGCGGTTCGAGACACTTTTTGAACCAGGCAGATTGATGGTGCCATCTACCCGCGCGATAGGTTGTAACGTCAGGGATTCCATGAAAACTAAACTCTCAACTCAACATAATAAAAACCCCGCAGGGACGCTGCGGGGGTGAAAAACAGCAAATTAACCGTGACGACGTTCGAAGTCGATCATGAAATCCGTCAGGGCCTTAACGCCCTCCAGCGGCATCGCGTTATAGATGGAGGCACGCATGCCGCCAACGACACGGTGACCTTTGAGCGCATGCAGACCTGCCGCGAAGGACTCTTCCAGGAACACTTTGTCCAGGCTGCTGTCCGCCAGCTGGAACGGCACGTTCATACGGGAACGGTTCGCTTTCGCCACATCGTTGCGGTAGAAATCGCTCTTGTCGATCACGCCATACAGCAGTTCAGCTTTCTGCTGATTGACCTTGTCCATCTGCGCCACGCCGCCGTTTTGCTTCAGCCATTTGAAGACCAGGCCGGAGAGATACCAGGCAAACGTTGGTGGGGTGTTGAACATCGAATCGTTATCGTTCAGCACGGTGTAATCGAGAATCGACGGACAGGATTTATGTGCTTTACCCAGCAGGTCTTCACGCACGACGACGATAGTCAAACCGGCCGGGCCGATATTTTTCTGCGCGCCCGCATAGATAACGCCGTAGCGGCTGACATCAATTGGCGCAGACAGAATGGTGGAGGAGAAGTCGGCGGCAACCACGACATCGCTGCCGAAGTTTGGCGTCTCGTCGATGGCAATCCCGTCAATGGTTTCGTTCGGGCAGTAGTGCAGATACGCTGCGTTATCGGAAAGCTGCCACTCGCTCATGGGCTTCACGGCGCGCAGACCGTCAACGGTCACTTTGGCGTCGATAACATTCGGCGTGCAGTATTTATGCGCTTCTTTAACGGCGCTTGCCGCCCAGTAACCTGCGTCAACGTAGTCAGCCGTCGTTTTGTCGCCGAGGATATTCAGCGGAACGCCTGCAAACTGGCCGCGTCCACCGCCGTGACAGAACAATACTTTGTAGTTCGAGGGAATATTCAGCAGATCGCGAAAATCCTTTTCTGCCTCTTCCGCCACCTGAATAAACTCTTTACCACGGTGGCTGATTTCCATCACCGACGTACCGAGACCGTTCCAGTCACAGAGTTCCTGTTGAGCCTGTTTAAGCACGTCTGCCGGTAACATTGCCGGACCTGAACTGAAATTAAAGACTTGAGCCATTTCCCCTCACCACGCTAAAAGCCATAAGTTATAACTGTGGATATCGGTTTTATCATTCAGTGACACGCGCCGCAATGTCTAAAACTTATGACCCGCGAAATGTGCCCCGCGTCACACAAAACAATCTGCCGCCTCGCCAGGACAAAACCGACAAAATGGCTGTCAGGTGATGCGTTTGGCCCGGCTAACCTTCGTCCATTCCGGATTTGCACAGCGGGGGCATAATTGACGATCCCCCGGCTGCATCGCGACTACATGGCTACATCTTACGCAAGCATACTCGCCTGACTCAGGTACGGTTCTGAAACGCTCGATCAGCATATCCGGCAGGATACACAGTCCCGGCTTCACCTCGTCGTCAGAATAGTAATAGACGCTGATCTGCCCGTTGGTTTCCATGATCGCCAGACGCACCTGCCCGAGCTGTTCAACGCTGTTCAGGCGAAGCTCCATAAAGAACTCAAACTCGGTCATATTGGCGCTTTGTACATTTTCCCAGGCCAGCTGTCCGTCCTCGACGATAACGACCGGCTTCCCTTCAAGCAGATCTTCCAGCTTTTCGCTTTTCGACATCAGCCACATGACAAGGCGATAAAGTAGCGCCAGTGAGACAAAAACGATAAACACCGGCACCATCGGCACGTCGTCATAAAAAGCGACGTCACCCGCCGCCGAGCCCAGCGTCAGGATGATCAACACCTCAAAGAGCGACATCTGCCGCACGCCTCGCCGGCCGGTGATTTTAAGAAACAGGAAGACGAGGACGAAGGTATACAGGCTGCGCAGCGCCACTTCACCCAGAAATTCAGGAGGAACTTTATCAAACGCCATCCGCTGGAGATCAAATGCTTTCATTTTTCTATGCCTTAACAGTCAGTTACTGCCACTAAGCATAGCCCAGCCTTTTATTTT
NZ_CP074448.1_gap58	2206973	2210464	3491	CGCGCCTGACGGAGTCTGAGCATCGGCCAGACGTGGGTCGATTCCTGATGCTCGCTGTTCTGGTTCACAATGCGCGTGAAGAGCAGCGGCAGGATCGCGGCGAGCACCATGCCTGTTACCCACGGCAGAACGCTCATCAGGTCGGTTGGCAGCTTGCTGACCATCAGTTGACCCAGCACGGTGCCGACGTAATAAACCATCATATAGGCCGCCAGCAGGCGTCCGCGGTTGCGGGAGGTGCCGCTGCACATCAGCGCGCTTTCAACCACCACCCAAATCATCGCGCAGCCTACGCCTGCGATAAAGCGCCATGCCATCCAGCTCCAGAAGCCGACCATCAGGCCCAGCCCGGCACACCCGGCGGCGAAAATCAGCGAAGCCAGATAATAGCTGCGATTAAAGCCAAAGCGCTTAATCAGGCTCCCGGTCATTAGCGTACCCAGCAGGTTCCCGGTAAAAAAGGACGAGCTGACCATACCCACCTGCCAGGTCGGTAAGTTTTCATGGGCGAGCCATAGCGGGACGAGCGTATTTAACACTGCGATCGCCAGGGTCAACAGAAGCAGGCCACAAAGCAACAGAAGCACTGGCCGGGTATAGGTGGTCATGGATTAAAAACCGTGAGGAAGTTCAGATTTCGTGCGCATCATGCCACTGGCAAAACCAAAGTCAATCCACTGACTTAGCCGCCTCGCACAATATGTTCCCTGTCGATTTAAAAAACTTATCCTGCTAATGCCACGCCTGCTATAGATATTAATTATGTGTCTGTTTTTATTTATTAATGGGCGAAATTAAAACAAAACGACAGTCGAAAAATTTCATGATCGAAAAAAGAAAAAGCCGGGCACTCAGGCCCGGCTTGATATAACTCAATGCAACGTTAACTGGCGATAGCCATACCAACGGTCATATGCAACCCGTAGAACACACCGCGGCCAATCAGTTCACCCGCCAGGACCAGCACAAAGGCCAGTGACAGCAGCGGCAGCGCGGGCTGATAACCTTTAAGCTGAGGAGCGATCCAGAATACCAACGCCGCGACCAGCAGAACGATGCGCCAGGCCATCAGAGAACCGTAGTCCGGCACCAGGGCAGAAGCCTGCTGGATAGAGCTGTGAATGGTTGCCAGTTCTGCCCCCTGCATCAGGGCGACCATCGCACTCACCACCAGCGCCAGCAGCGAAACAGCCGGCAGAAAACGCATTGCCCACCCGTCTACGCCCGCCACGCGCAGCAGCAGGTAGCCCAGCAGCGGCCCGCCGATAAACATCGTCAGGAAGAAGCTCATCGGCGTCCAGACGCTGTACCAGGTTGGAACGGTATCGATGGTGTTATAGACGCGCACCATCATCCACACGAACACCACGCCCAGCACCATGGTCACGATCAGCCACAGGCTGCGCAAACCCGCAGGCAACTTCTTCATAGCGGCCAGCAGCCAGCCCAGCCCACCGACGGCAAAGAAAATTGCCCCGCTGGCAATCTCGTTACTGAGGGATGAGGCCCCCACGCGGTTCAAAGAGTTAAACGCGCGCATCGGCGAACCCAGGTGCAGCGTAGAGGCTATAAAGCCAATCCCCATCAGCACCCACAGGCCAAACATGCTCAACACTAAACGCTGCTGCTGTTCGGCATTGAGGTTCCCTTTTAACAGCGCCAGCGCGAGCACAATGAAACCGCCCGCCACGCACTGGCCAAAGACCGTGAAGATCATCAGCGGCCATTCATGCCATCCACTTCCCATCTCACACCTCCTTCGGATTTGCCAGGTAGCCGGTGGTGTCACCTGTAGGACGGCTGTTGGCGTTAGGTTTAATCACAATGCTCGGCTTCGTGAAGTGCGCAGACGGCAGCGGTGCCACTGCGGCAAGCTGACCGTGTTTTTGACGCAGTTCTTCAATCGGGCCGAAGTCCAGCGCGCGCAGCGGACAGGACTCGACGCAAATCGGCTTTTTGCCGTCCGCCACGCGGGTGTGGCAACCGTCGCATTTGGTCATATGACCTTTAGCGGCGTTGTACTGCGGCGCGCCGTACGGGCACGCCATGTGGCAGTACCGACAGCCGATGCAGACATCTTCGTCCACCACCACAAAACCGTCTTCACGCTTGTGCATCGCCCCACTCGGGCAGACCTTGGTGCAGGCCGGATCTTCACAGTGGTTACAGGCAATCGACAGGTAATAGGCAAAGACGTTCTGATGCCAGACGCCGTTATCTTCCTGCCAGTCGCCCCCGGCGTATTCGTAGATGCGGCGGAAGCTGACGTCAGGAGTCAGGTCTTTGTAATCTTTACAGGCCAGCTCGCAGGTTTTGCACCCGGTGCAACGGCTGGAATCGATAAAAAATCCATACTGGGTTGTCATCGGCTACTCCTTAAACCTTTTCAACCTGGACAAGGTTTGTGTGGGATGGGTTGCCCTTCGCCAGCGGCGACGGACGCTGCGTGGTCAGCACGTTAATACTGCCCGCCTGGTCTATGCGGTTGGCATCAGGGCTGTACCAGGCCCCTTCCCCCAGCGCCACCACGCCTGGCATCATGCGCGGCGTCACCTTAGCTTCAATGTGCACCTCGCCGCGGCCGTTGAAGATGCGCACGCGATCGCCATTGCTGATGCCGCGTGCTTTAGCATCCATCGGGTTGATCCACATCTCCTGACGGCAGGCGGCTTTCAGTACGTCGACGTTGCCGTAGGTGGAGTGAACGCGCGCTTTGTAGTGGAAACCGGTCAGCTGCAGCGGGAATTTCGCCGTCAGCGGATCGTTGTAGTTCTCAAAACCCGGCGTGTAGATCGGCAGCGGATCGATAACGTCCCCTTCCGGCAGCTCCCAGGTCGACGCGATTTTTGCCAGCTCTTCGGAGTAGATTTCGATTTTGCCCGACGGCGTGGTCAGCGGGTTCGCCTGCGGATCTTCACGGAACGCTTTGTACGCCACGTGGTGCCCTTCCGGATCGCGCTGTTTGTACATACCCTGCTTGCGGAAGGTATCGAAATCAGGCAGGTCAGGGACCGCCTTACGGGAGAGTTCATGCAGATGGCGCATCCACCCTTCCTGTGTACGCCCCTCGGTAAACTGCTGCTCAACGCCAAGACGTTTCGCCAGCTCAGAGGTCATCTCATAAATGGTTTTGCACTCGAAGCGCGGTTTGATGGCCTGATCCGTAAAAATCACGTAGGACATGTTGCCGCAGGAGGCATCCAGCGCGAAATCCATCTGCTCAGAGGCGGTGCAGTCCGGCAGCAGGATATCGGCGTATTTCGCCGAGGAGGTCATGTGGCAGTCGATGACCACAATCATCTCGCACTTCTTGTCATCCTGCAGGATTTCATGGGTGCGGTTGATTTCGGAGTGCTGGTTGATGAGACAGTTACCGGCATAGTTCCAGATCATCTTGATCGGCACGTCCAGCTTGTCCTTGCCGCGCACGCCGTCGCGCAGGGCGGTCATTTCAGGACCACGTTCAATCGCATCGGTCCACATAAACATGG
NZ_CP074448.1_gap59	2247166	2249784	2618	CAGCGGCTGCGCGGGCGCGCACAAGGAGCTGCTTGAATTTGCGGGTAAGCTTAAGGCCCCCATTGTTCACGCCCTGCGCGGCAAAGAGCACGTCGAGTACGACAACCCCTTTGATGTGGGGATGACCGGTCTGATCGGTTTTTCCAGCGGCTTCCACACCATGATGAACGCCGACACGCTGATCCTGCTCGGCACCCAGTTCCCGTATCGCGCGTTCTACCCGACGGATGCCAAAATCATTCAGATTGATATCAACCCGGCCAGCATCGGCGCGCACAGCAAGGTCGATATGGCGCTGGTGGGCGATATCAAATCCACGCTTGCCGCCCTGCTGCCGCTGCTGGAAGAAAAAACGGACCGCAAGTTCCTTGATAAAGCCCTGAGCGACTATCGCGACGCCCGCAAGGGGCTGGACGACCTCGCCAAACCGAGCGACAAAGCGATTCACCCGCAGTATCTGGCGCAGCAGATCAGCCATTTCGCTGACGACGACGCCATCTTTACCTGCGACGTGGGCACGCCAACCGTCTGGGCGGCACGCTATCTGAAGATGAACGGCAAGCGTCGCCTGCTCGGCTCGTTCAACCACGGCTCGATGGCCAACGCCATGCCGCAGGCGCTGGGCGCAAAAGCGACGGCCCCGGAGCGTCAGGTGGTGGCGATGTGCGGCGACGGCGGGTTCAGCATGCTGATGGGTGATTTCCTGTCGGTGGTGCAGATGAAGCTCCCGCTGAAAATCGTGGTCTTTAACAACAGCGTGCTGGGCTTCGTGGCGATGGAGATGAAGGCCGGAGGCTATCTCACGGACGGCACCGAGCTGCACGACACCAACTTCGCGCGCATCGCCGAGGCCTGCGGCATCACCGGTATTCGCGTGGAGAAAGCCTCAGAGGTGGACGAAGCCCTGCAGCGCGCATTTTCCATCGACGGTCCGGTGCTGGTGGATGTCGTCGTCGCCAAAGAAGAGCTGGCGATCCCGCCGCAGATCAAGCTTGAACAGGCCAAAGGCTTTAGCCTGTATATGCTGCGCGCCATCATCAGCGGACGCGGCGACGAGGTGATCGAACTGGCAAAAACCAACTGGCTCAGGTAAAACATTTCGCATGACCTCTTAAAATAAAGGGATGTGAAATGATTGATTTACGCAGCGATACCGTAACCCGCCCGAGCCGCGCCATGCTCGAAGAGATGATGGCCGCCCCGGTCGGGGATGACGTTTACGGCGATGACCCAACGGTCAACGAACTGCAGCGTTACGCGGCAGAGCTGAGCGGCAAGGAAGCGGCCCTGTTTCTGCCAACCGGCACGCAGGCTAACCTGGTGGCGCTGCTCAGCCACTGCGAGCGCGGGGAAGAGTATATCGTCGGCCAGGGCGCGCATAACTATCTCTACGAAGCCGGCGGCGCGGCGGTGCTCGGCAGCATTCAGCCGCAGCCGATTGACGCCGCGCCGGACGGCTCCCTGCCGCTCGATAAAGTCGCGGCGAAAATCAAAGCTGACGATATTCACTTCGCCCGCACCCGACTGCTCAGCCTCGAAAACACCCACAACGGCAAAGTGCTGCCGCGCGAATACCTGAAAGCAGCGTGGGAATTCACCCGCGAGCGCCGGCTCGGCCTGCACGTTGACGGCGCGCGTATCTTTAACGCCGTCGTGGAGTATGGCTGCGAGCTGAAAGAGATTGCGCAATACTGCGACTCGTTCACCATCTGCCTCTCTAAAGGGCTGGGCACGCCGGTGGGTTCTCTGCTGGTGGGCGACGCGGACTACATCAAGCGCGCCAACCGCTGGCGTAAAATGACCGGCGGCGGCATGCGTCAGGCAGGTATTCTGGCGGCTGCCGGGCTGTATGCCCTGAAAAATAACGTGGCGCGCCTGAAGGACGATCACGACAACGCCGCGTGGATGGCGGCGCAGCTGCGCGAGATTGGCGCCGACGTGATGCGCCACGACACCAACATGCTGTTCGTACGCGTGGGCGATGACCGCGCCGCCGCGTTGGGTGAGTTTATGAAATCACGTGGCGTGCTGATCAACGCCTCACCCGTCGTGCGCCTGGTCATGCATCTCGACGTGAGCCGCGAACAGCTGGCGGACGTGGTGAAACACTGGCAGGCGTTTTTACAGCGATAAGGAGCATCACGTGCCGCAACGAATTCTGGTGCTCGGCGCCAGCGGGTACATCGGTCAGCATCTTACCGCGGCGTTAAGCCAGCAGGGACACCAGGTGCTGGCAGCGGCACGCAACACCGAACGCCTGCAAAAGCTCAGTTTGCCTGGCGTCACCTGCCACAGCGTTGACCTCAACTGGCCGAAGGAACTTCCCGCCCTGCTGGAAGGGGTCGACACGCTTTACTACCTGGTGCATAGCATGGGCGAAGGCGGGGATTTCATCGCCCACGAGCGGCAGGTGGCGATGAACGTTCGCGACGCCCTGCTGCAAACCCCGGTGAAGCAGGTCATTTTTTTAAGCTCGCTCCAGGCGCCCGAACACGAGCAGTCCGATCACCTGCGCGCCCGCCAGCTGACGGCTGACACCCTGCGCGGGGCGAATATCCCCGTCACCGAACTGCGCGCCGGGATCATCGTCGGCGCAGGCTCCGCCGCCTTCGAAGTGA
NZ_CP074448.1_gap60	2251017	2255909	4892	GAAAGTGATGCTCGCCGGTATCGACACGCTGTGGCACTGCTCCAGCTTCACCTCCCCGTGGGGTACCCAGGAAGCCTTTGATCTCGCCAACGTGCGGGCAACCCGCCGTCTGGGCGAATGGGCCGTTGCCTGGGGCGTGCGTAACTTTATTCATATCTCGTCACCTTCACTCTATTTCGACTATCACCACCATCGTGAGGTGCAGGAAGATTTCCGTCCCGCTCGCTTTGCCTGCGAGTTTGCCCGCAGCAAGGCGGCCAGCGAAGAGGTGATTGACCTGCTGGCACAGTCGAACCCGCACACCCGTTTTACGGTCTTACGTCCGCAGAGCCTGTTCGGGCCGCACGACAAAGTGTTTATTCCGCGCCTGGCGCAGATGATGCACCACTACGGCAGCGTACTGCTGCCGCGCGGCGGCGATGCGCTGGTGGATATGACCTATTACGAAAACGCCGTTCACGCCATGTGGCTGGCAAGCCAGCCGGACTGCGATAAGCTGATCTCCGGTCGCGCCTACAACATCACGAACGGCGAACCGTGCACGCTGCGCAGCATTGTGCAGCGTTTAATTGACGAGCTGCAGATCGACTGCCGCATCCGTTCAGTTCCTTACCCAATGCTGGATATGATTGCCCGCAGCATGGAGCGTTTTGGCAGTAAATCGGCCAAAGAGCCTGCGCTGACGCATTACGGCGTATCGAAGCTGAACTTTGATTTCACGCTGGATATTTCGCGGGCGGAGAACGAGCTTGGGTACAAACCGATCGTGACGCTGGATGAAGGGATTACGCGTACGGCGGCGTGGCTGCGGGATCACGGGAAGCTTCATCGGTAGATCGGGTCCTGCATTTTTACGATGAGAAAAAAAACGGCAACCCGAAGGTTGCCGTTTGTCATTTTGCTGTTTTGCTGTTTTGCTGTTTTGCTGATTACAGCGCAGTCCACGCGTCCTGCCATGCAATCCCTTTACCTGGCTCGTAGTAGGACGGCGCGTTATTGCACCAGCCGCTGTACGGATAAGGTTTGCACTGGAACAGCTGGCCGCGGTTGTTAACGATATCGCCTGCTTTCCATTTGGTTTTGGAGGTCCAGGTCGGGTAAGTCCCGGTCTGGCCGCCGTTGGTCTGCTTAGCCTGTACGTTCAGCGTATAGGTTGTGGTGCTGCTCAGCTCGCCGTCGCTGACGGTAAGGTTGATCGGGTACTGCGTCGCCGCCGCCACTTCCGGTGCGTTGAACGTAATAATCGCTTTATCATCGCCGCTTACGGTCTGGCCGTTCGGAGCCGTCCAGGTATAAGTCAGGTGGTTACCGTCTTCGTCGGTCGAGCCAGACGCGTTCAGAGAAACAGATTTACCCGCTTCAACCGCCCCCACCGGACCGGCGATTTTTGCTACCGGCGCATGGTTTACCGGCGCTGGCGTATTATCTTCCGGAGCCGGGGTGTTATCGTCCGGCACCGGCGTGGTGTTGCCTTCGTCCGTTGGGTCGACAGGGGTCGGCGTCGGAGCTGGCGTGACGCTACCGCCGTCGGAAGTCCCGTCTTCACCCACCACGTTGACGTTGAAGTAATGCTTCACGCATTTGGTGTAGTCACCCTCTTTAAAGGCGCTGAATGGCGTCTGGTAACCCACCAGCTGGCAAGAGTAGGTCTGGCCTGACGGGGTATCCGCGCTCCATCCCCAGTCCTGTTCCCAGTAGATCTTCAGCGCGCCGGCACCGCCTTCGTCGAACTGCTTCATGTTGGCGCAGCCCAGCACTTCGTTAGACGGAACAGGCACCTTCAGGTAGTTGGCGAACTCTTTGTAGTATTTGATACGGTTTTGAGACTGGGCGATCTCAGTCGGGCCACCGCACTCCACGCCGCCGTTGATGATCTGCGTGGTCACGCCGAAGCCCGGAACCAGACCATTCGCCTTATCGTGATCGTTCGGCTGCCAGGTGCCGTCGATAACCTGCAGCATGCTCGGTTTTGGCGGCTGCGGGTAGGCGAAGAAGAAGATCGCGGAAGCAAGGTTCAGCCAGGTGTCCGCCACCAGCTCAGGTTTGTCCAGCAGTACGCGGACGTCGCCGTACATCGCTTCAGAGAACGGGCCGTAGTTGTAGTTATAGGAGAGCTGTTTCGCACCGCGACCAAAGTAGCTAACGAAATCGCCATCTTTGTCTTTACCGCACGGCCAGGTCTGACCCTGCCAGACATCCGGGTTACATTCGCCGTTATAGCCGCCCTTCTGACCTTCGCTCCAGCCCATCTCACGCACGTAAACCAGCGCCTGACGCCACTCGGCTTCCGGACGCCAGGACTCGTGGCCGCCGGTTTCCTGCGCGAAGTGCGCGAACATGGTTGCCAGAGACTTACGGCAGATGGCATCGCTGTTACGACCATCGGTATAGGTCTGGCACAGTGCCGGGAATTTACCGACCGCTTTCAGGAAGTTGCTGTAGGTATATTCCGGCGCACGCAGTGGGAAGAGATATTCCCAGTCGCTGGCCTTGATAATCCCTTCCACGCGCTTGACGTTTTCCGGGTTTGTCGATTTACCCGGCTCAATTTGTTCCACCAGGCTGTTGTCCAGCGTGCGGATGGTTGACTTCACTGAAGCCATCAGCGGGAAGTTGGTCAACTCCTGCTCTTTCTTCTGCAGATCGCTGGCCTTAACGGTGTAAGGTTCGCTGCTGGCCTGCAGCTGGGTTGCCTGAGCCATAAACGGTGCAACACATGCGCCCGCAATAAGAACACTGAGTAATGTTCTTTTGTTCATGTCAATGGTCCTCTTAATTATATTAAGGGTTTATAAAAGTTAATTTGTTTCGCGGTTTATTTATTAATCATTTAATAAATAAACCCGGGAGCAGTTTTCGTTTTATGAAGAACACCAGTTGGTACTCTTCAAAAAACAAAAATCAATAATAATAACGGTTACGGGTGCTACGTTTTAATTTCTGATATTTATTCCAGACCTTACGGGCATAGACCATACGCTGCGGGTAATTCTCTTTTTTCAGACCCGCGTTATAGGCGCCGACCGCCTCCCAGTTATAGCCATAAACTTTAATCATTCCGGATAATATCGATGCGCCAACCATAATCGAGGTGCAGGGCTCGGTAATTAACCGGTACTCATTAATGCCTTTTCGCTCCAGCTCGGAAAAATGTGAACTGTTAATCTGCATCAGGCCGACATCACGCGTGCCATCATTATTCTGTCCAATCGCATTGGGATTCATTCCCGATTCAACATTAGCAATGGCATACAACAGATAAGGATCCACATGGTAATAACTGGCGGCTTTATCCCAGCAGTTGGCAAAGACGCTATGACTTATTATCAGCAACAATAAAAATAACGTTTTCATTTTCAGTCCGGCTCTTTTTCATTGTCTCCTTACGCGCTTATCACTCTGTTTCCTGATTTACGGTCCACGTCCGTCGCGGGACGTGGACCGTGATAGCGGGCAAGTTACTTACCCGCATCGTTATGGCTGTGACTTACTGGCAGTCAGCCGCAGGGCCTTTTTTCACCCAGACATCGCTACTACCGGGTTTATCACCCTTCGTCCACCATTTCGCGGTGTAGGAGTAACCGTTGTAGGTAGTGGTGTCGCCGCCGTTATAGACCACGTCGGAGCGCCAGTTGAATTTCACCTGACTTACCAGCTCCCATGCATCCACACCGAAGCCCGGCTGGTTGCCCTGAGTCCAGTATTTTGCTTTCCAGACCAGGTTGTCGAAGCTGACGGTATTGCCCGCGTTGTAAACCTTGCTGGCGCTCCAGGCAGCGTATTTGCTGGCGTTGGCGTCAACAGGCTTATCGCAGCTATTGGTGGCAGAACCTTCGTCAGACGGCGTATTGCCTTCATCGGATGGGGTGTTACCTTCGTCAGACGGCGTGTTGCCTTCATCGGAAGGAGTGTTACCTTCGTCAGACGGCGTGTTGCCTTCATCGGAAGGGGTATTGCCTTCGTCAGACGGCGTTTCAGCCGCTTTAGGCGTTACCGTTACCTGTACGTTAGTCTGTACGCTGGACTTGCCATCGCTTACCACCACGGTCAGCGTGTAAGTAGATTCCGCGTCTACATCCGGCGCGGTGATGTTCAGGTTCGCGGTGTCTGCGCCTGTCGCCTGCATATTCGCAGGAACGCTCCAGGAGTAGGTCAGCACGTCGCCATCAGGATCGTTAGCCTGAGCGTGCAGAGAGTAGCTCTGGCCCGCTTCCAGCGTCACGGCTTCCATCTGGTTCACGACCGGCGCCTGGTTTGCTTTCGGCGCTTTGTTCACGACCTGGACGTCAGCGGTGCTGCTCAACCCTTTCGCGTCAGTGACCGTCAGGCGGAACGCCAGAGTCTGGTTACTGGTGACAGCGGCAACGTTGAAGGTCGCTTTCGCTTTGGTACTGTTGGTGAGGGTCACCGACGGGCCAGAGATCTGCGTCCACTTGTAGGTAATGGCATCGCCATCCGGATCGGTAGAAGCCGAACCATCCAGGGTCACCGTCGCCGGACCGGTTACGCTCTGGTCAGCGGAAGTCGCTACCGGCGCATGGTTGGTCACCACCGGATCAACCGGCGCAGCGCCGCCGCCTGTCAGGCTTTCATTCATCGCGTTCAGAATGTCTCCGGTATCGGAGTCGATAGACCAGGCAAACAGACCGCCCAGGTTTTTCGCCAGCACATACTGACCTTTCGCCGTTGCGGAACGCGCATCCTCATAGGTGATCAGATCGCCGGTGGTTTTGTTAAACAGATACGGCGCTTCAGCGGTAGCATCATAGTTGTATTCCCAGCCCGCTTTGCCTTTGTACTCGTTAACGATCTGACGATAGTCAACCACGCCAGGTTCCCAGGTCCCTTTCACCATGCCCGTTGCCGTGCCGGTGAACGGGTTGTTATTGCTG
NZ_CP074448.1_gap61	2317125	2319293	2168	GACGAGCTGCTGGCGATGGCGGAAAACTGCGACGTGATTGCCCACGAGCCGCCAAAAACCTTCTGGCAGGCGCTGCAGCTGTGCTACTTCATTCAGCTGATCCTGCAGATTGAGTCAAACGGCCACTCCGTCTCCTTCGCGCGTATGGACCAGTATCTCTATCCGTACTACCGCCGCGACGTCGAGTTGAACCAGAGCCTCGACCGCGAACACGCTATCGAGCTGCTGCACAGCTGCTGGCTGAAGCTGCTGGAAGTGAACAAAATCCGCTCCGGCTCGCACTCCAAGGCTTCCGCCGGTAGCCCGCTGTACCAGAACGTCACCATCGGCGGCCAGAAGCTGGTCAACGGTGAGCCGATGGACGCGGTGAACCCGCTCTCCTACGCGATTCTGGAATCCTGCGGCCGCCTGCGCTCCACCCAGCCGAACCTGAGCGTGCGCTACCACGCGGGCATGAGCAACGACTTCCTCGACGCCTGCGTGCAGGTGATCCGCTGCGGCTTCGGGATGCCCGCGTTCAACAACGATGAAATCGTCATTCCGGAATTCATCAAGCTCGGCGTTGAACGAGACGACGCCTACGACTACGCGGCCATCGGCTGTATCGAAACCGCGGTGGGCGGCAAGTGGGGCTACCGCTGCACCGGCATGAGCTTTATCAACTTCGCCCGCGTGATGCTGGCCGCGCTGGAAGGCGGGCGCGACGCCACCAGCGGCAAGGTGTTCCTGCCGCAGGAGAAAGCGCTCTCCGCCGGTAACTTCGACAACTTCGACGAAGTGATGGCGGCGTGGGACAGCCAGATCCGCTACTACACCCGCAAATCCATCGAGATTGAGTACGTGGTGGACACCATGCTGGAAGAGAACGTCCACGACATTCTCTGCTCGGCGCTGGTGGACGACTGCATCGAGCGCGCGAAAAGCATCAAGCAGGGCGGCGCGAAGTATGACTGGGTCTCCGGCCTGCAGGTGGGCATCGCCAACCTCGGCAACAGCCTGGCTGCGGTGAAGAAGCTGGTGTTCGAACAGGGCACTATTGGTCAGCAGCAGCTGGCGGCGGCGCTGGCGGATGACTTCGACGGGCTGACCCACGAGCAGCTGCGTCAGCGTCTGATCAACGGCGCGCCGAAGTACGGCAACGACGACGACAGCGTGGACATGCTGCTGACGCGCGCCTACCAGACCTACATCGAAGAGCTGAAGCAGTACCACAACCCGCGCTACGGCCGCGGCCCGATTGGCGGTAACTACTACGCGGGCACCTCTTCCATCTCCGCAAACGTGCCGTTTGGCGCAGCAACGATGGCCACGCCGGACGGACGTAAGGCGCACACCCCGCTGGCGGAAGGGGCAAGCCCGGCCTCCGGTACGGACCACCTCGGCCCGACGGCGGTAATTGGCTCGGTGGGTAAACTGCCGACGGAAGCTATTCTCGGCGGCGTGCTGCTTAACCAGAAGCTGAACCCGTCGACGCTGGAAAACGACAGCGATCGCCAGAAGCTGATGGTGCTGCTGCGCACCTTCTTCGAGGTGCATAAAGGCTGGCATATCCAGTACAACATCGTCTCGCGCGAAACGCTGCTGGAAGCGAAGAAACATCCTGACCAGTATCGTGACCTGGTGGTGCGCGTCGCGGGCTACTCGGCGTTCTTCACCGCCCTGTCGCCGGATGCGCAGGACGATATTATCGCCCGTACTGAGCATACGCTGTAACGGCATATCCCCTCATCCCGACCCTCTCCCACGGGGAGAGGGAGAAAACACTAACAACGGCAACCTCGGTTGCCGTTTTGCTTTTACTTTCGAATGAAATTAAATTTGTGCTCCCCGTCACCTTGTTATTAGAATGTTTCAAAACGCAGTGACCCAGGAGCACAGTATGACCGTTAAAGTTATCGTCACCGATATGGACGGAACTTTCCTTGATGATGCCAAGCAGTACGATCGTGACCGCTTCCAGGCACAGTTTGAACAGCTTAAAGCCCGCGATATTGAATTCGTTGTCGCCAGCGGCAACCAGTATTACCAGCTCATCTCCTTCTTTCCGGCGCTGAAAGACAGGATCTCCTTCGTGGCGGAAAACGGCGCGCTGGTGTTCGATCGCGGCGAACAGATTTTCCACGGCGAGCTGACGCGTCATGAATCGCAGATCGTGATTGGCGAACTGC
NZ_CP074448.1_gap62	2440942	2444223	3281	GGGCTGAATGGAGCGGCAACGGCCATTTCATGCAGCTGGGGGCCAACAGCAATATCAATATGGAAGGTAAAGAGAGCCGCTTTGGCATTCTTGCCAGCAGCCTGTATGCGGTAGTCACCACGGCGGCCTCGTGCGGGGCAGTCAACGCCATGCATGATTCCTTTACGGCGCTGGGTGGCATGATCCCGATGTGGCTGATGCAGATTGGCGAAGTCGTCTTTGGCGGCGTGGGCTCGGGTCTTTACGGCATGCTGCTGTTCGTGCTGCTGGCGGTATTTATTGCCGGTTTGATGATTGGCCGCACTCCGGAATACCTCGGTAAAAAAATCGACGTTCGCGAGATGAAATTAACCGCGCTGGCGATTCTGGTTACCCCGGCGCTTGTGCTGCTCGGTACCGCGCTGGCGCTGATGACCGAGGCCGGACGCAGCGGCATCTTTAACCCCGGCATTCACGGTTTTAGCGAAGTGCTGTATGCCGTCTCCTCTGCCGCCAACAACAACGGCAGCGCCTTTGCGGGCTTAAGCGCCAACTCACCGTTCTGGAACTGCCTGCTGGCATTCTGCATGTTTGTGGGTCGCTTTGGGATCATTGTGCCGGTGTTGGCGATTGCCGGATCGCTGGTGAATAAAAAAATCCAGCCGACCACCACCGGGACATTACCAACCCACGGCGCGCTGTTTATCGGCCTGCTGACGGGCACCGTGTTACTGGTCGGCGCCCTGACCTTTATCCCCGCCCTCGCGTTAGGCCCGGTCGCGGAATACCTCTCTTTACGCTGATTTTGCGGAGAAATTGTCATGAGTCGTAAACAACTGGCCCTGTTCGAACCGTCATTAGTTCGCCAGGCGCTCATGGATGCGGTGAAAAAGCTGAGCCCGCGCGTGCAGTGGCACAACCCGGTGATGTTTATTGTCTGGGCGGGAAGCGTCCTGACCACCGCCCTGGCGATTGCCATGGGAACGGGCCACATGCCGGGAAATGCAACGTTTACCGGCGCCATCAGCCTGTGGCTGTGGTTTACCGTGCTGTTCGCCAACTTTGCGGAAGCGCTGGCGGAAGGCCGGAGTAAAGCGCAGGCCAACAGCCTGAAAGGGGTGAAGAAAACCGCCTTCGCGCGCAAGCTGCGTGAACCGAAATACGGCGCGCAGATGGACCACGTTCCGGCGGATGAACTGCGTAAAGGCGATGTGGTGCTGGTGGAAGCCGGGGACATTATCCCTTGCGACGGTGAAGTCATCGAAGGGGGCGCCTCGGTGGACGAAAGCGCCATTACCGGGGAATCCGCGCCGGTTATCCGCGAATCCGGCGGCGATTTCGCCTCCGTGACGGGCGGGACGCGCATTCTCTCCGACTGGCTGGTGATCCAGTGTAGCGTTAACCCGGGGGAAACATTCCTCGACCGGATGATCGCCATGGTGGAAGGCGCGCAGCGCCGTAAAACGCCGAACGAGATCGCCCTGACCATCCTGCTGGTGGCCCTGACCATCGTCTTCCTGCTGGCAACCGCGACCCTGTGGCCGTTCTCCGCCTATGGCGGCACCGCGGTCACTATCACGGTGCTGGTGGCGCTGCTGGTCTGCCTGATCCCCACCACCATTGGTGGCCTGCTGTCAGCCATCGGCGTAGCCGGCATGAGCCGTATGCTCGGTGCCAACGTCATCGCCACCAGCGGGCGTGCGGTGGAAGCCGCCGGTGACGTGGACGTCTTACTGCTGGATAAAACCGGGACCATTACCCTCGGTAACCGCCAGGCGTCAGATTTCCTGCCCGCCCCAGGCGTGGATGAAAAAACGCTGGCAGATGCCGCACAGCTCTCTTCGCTTGCCGATGAAACCCCGGAAGGACGCAGTATCGTGATCCTCGCCAAGCAGCGCTTTAACCTGCGCCAGCGCGACGTTCAGAGCCTGCACGCCACTTTCGTGCCCTTCACGGCGCAAACCCGCATGAGCGGCATTAACATTCAGGATCGCATGATCCGTAAAGGCTCTGTTGACGCCATCCGTCGCCACATTGAGGCTAACAACGGCCACTTCCCACCGGAAGTGGACACCCTGGTCGAAAGCGTGGCCCGTCAGGGGGCGACGCCGCTGGTGGTGGCCGAAGGGGCACACGTGCTGGGGGTAATTGCCCTGAAGGATATCGTCAAAGGCGGCATCAAGGAGCGCTTTGCCCAGCTGCGTAAAATGGGGATCAAAACGGTGATGATCACCGGGGATAACCGTCTTACCGCCGCGGCGATTGCCGCCGAAGCGGGCGTGGATGATTTTCTTTCTGAAGCCACACCGGAAGCGAAACTGGCGCTGATTCGTCAGTATCAGGCGGAAGGCCGTCTGGTGGCGATGACGGGCGACGGCACCAACGACGCCCCTGCCCTGGCGCAGGCCGACGTGGCGGTGGCAATGAACTCCGGTACCCAGGCGGCAAAAGAGGCGGGCAACATGGTCGACCTCGACTCTAACCCGACCAAGCTGATTGAAGTGGTGCACATTGGCAAGCAGATGCTGATGACGCGCGGGTCGCTGACCACGTTCAGTATTGCCAACGACGTGGCGAAATATTTCGCCATCATTCCGGCGGCGTTTGCTGCGACCTACCCGCAATTAAACGCGTTGAACGTGATGCACCTGCACTCTCCGGCATCGGCCATTCTGAGCGCAGTGATCTTTAACGCCCTGATTATTGTCTTCCTGATCCCGCTGGCGCTAAAAGGCGTGAGTTATAAGCCGCTCACCGCCGCCGCCATGCTGCGCCGCAACCTGTGGATTTACGGCCTGGGCGGGCTGGTGGTGCCTTTCATCGGTATCAAGGTTATCGACCTGCTGTTGACGCTGTTCGGCCTGGTTTAAAAGGTGAATCAAATGACGATGTTACGCCCCGCTATACTTCTGTTTATTCTGCTGTCTCTCATTACCGGCGGGCTGTACCCGCTGGTGACCACCGCGCTGGGACAGTGGTGGTTTAAGGATCGGGCCAACGGCTCGCTGATTATGCAAAACGGTGAAAACCGCGGTTCGCGCCTGATTGGTCAGAACTTTACGGATGCCCGTTACTTCCAGGGACGCCCTTCCGCCACTGCCGAAAGCCCGTATAATCCGATGGCATCCGGCGGCAGTAACCTGGCGGGCAGCAACCCCGAGCTGGACAAAGCCGTTGCTGAGCGCGTGGCAGCCCTGCGCGCCGCTAATCCGCAGGCCAGCCGTGAGGTGCCCGTAGAGCTGGTGACCGCCTCGGCCAGCGGGCTGGACTACAGCCTGACGCCGGCAGCCGCGGCATGGCAA
NZ_CP074448.1_gap63	2449185	2453839	4654	GGCAGAGGTAGCGCCAGGCCGTGCACGCGATGCGCGTCCGTTCCGCCTGGCGGTGATCCAGCTGGGTACCTACGATGGCACCATCTATAACGCTCGTCAGGTAGTGGATAAGATTGGACACCTGTGTGATTACATCCTGTTTGACTCGGCCTGGGTGGGTTACGAGCAATTTATTCCGATGATGGCCGACTGCTCTCCGCTGCTGCTGGAGCTGAACGAAAACGATCCGGGGATCCTGGTCACCCAGTCCGTGCATAAACAGCAGGCCGGCTTCTCGCAGACCTCGCAAATCCATAAGAAAGACAGCCACATCAAAGGGCAACAGCGCTATGTCCCGCATAAGCGCCTGAATAATGCCTTTATGATGCACGCCTCCACCAGCCCGTTTTATCCGCTGTTCGCTGCGCTGGACATCAACGCCCGTATGCACGAAGGCCAGAGCGGCCGCAACATGTGGATGGACTGCGTGGTGAACGGTATCGAAGCGCGCAAGCTGATCCTGGAGAACTGCCGGTATCTGCGCCCCTTCGTGCCGGAAACGGTGGATGGCCGTCCGTGGGAAAGCTGGGACACGGCGGAAATTGCGACCGATCTGCGCTTCTTCCACTTCGTACCGGGTGAAAACTGGCACGCTTTTGAAGGCTACGCTGAGCATCAGTATTTTATCGACCCGTGCAAGCTCCTGCTGACCACGCCGGGTATTAACGCCCGCACCGGGGAGTATGACGACTTCGGCGTGCCCGCCACTATCCTCGCCAACTTCCTGCGTGAAAACGGCATCGTGCCGGAAAAATGCGATCTCAACTCGATCCTGTTCCTGCTCACGCCTGCGGAAGATATGGGCAAACTGCAGCAGCTGGTGGCGCAGCTGGTGCGCTTCGAAAAACTGCTCGAGAGCGATGTTCCGCTGAAAGACGTCCTGCCATCTCTCTACAAACAGCATCCGGAACGTTACGCGGATTACACCCTGCGCCAGATCTGCCAGGAAATGCATGACCTGTACGCCCGCCACAACGTGAAACAGCTGCAGAAAGAGATGTTCCGCAAGTCTCACTTCCCGCGCGTGATGATGAACCCGCAGGACGCAAACTACGCCTATCTGCGCGGTGAAGTTGAACTGGTCTCTCTGCGCGATGCGGAAGGCCGCATCGCCGCCGAAGGCGCCCTTCCTTATCCACCGGGGGTGCTGTGCGTGGTCCCAGGGGAAGTCTGGGGCGGTTCCGTGCTGCGCTACTTTGCCGCGCTGGAAGAAGGCATCAACCTGCTGCCGGGCTTCGCGCCGGAGCTGCAGGGTGTGTACGTTGAGGAGTGTGAGGGTCGCAAACAGGTTCGCTGTAACGTCATCAAACAACCCGTCGCTCAGCCCGCGCTGCTGAAAGGAGAGAAATTATGAGTAAGTCCAATAAGATGGGCGTGGTGCAGCTGACCATCCTCACCATGGTGAATATGATGGGCTCCGGGATTATCATGCTGCCAACCAAACTGGCAGAGGTGGGTACCATCTCTATCATCTCCTGGCTGGTGACGGCAGTCGGTTCAATGGCGCTGGCGTGGGCGTTTGCCAAGTGCGGGATGTTCAGCCGTAAGTCAGGCGGGATGGGCGGCTATGCCGAATACGCCTTTGGCAAGTCGGGCAACTTTATGGCCAACTATACCTACGGGGTATCGCTGCTGATCGCCAACGTGGCGATTGCCATCTCCGCCGTGGGTTACGGTACGGAGCTGTTTGGCGCGACGCTCAGCCCGGTGCAAATTGGGCTGGCGACCATCGGGGTGCTGTGGATCTGTACCGTGGCTAACTTTGGCGGCGCGCGTATCACCGGACAGCTCTCCAGCATCACCGTCTGGGGCGTGATTATCCCGGTTGTCGGCCTGTGCATCATCGGCTGGTTCTGGTTTAGCCCGACACTCTACGCCAACTCCTGGAACCCGCACCATGTGCCGTTCTTTACCGCGGTCGGCTCTTCAATCGCCATGACGCTCTGGGCCTTCCTGGGTCTGGAATCCGCCTGCGCGAACGCGGAAGTGGTAGAGAATCCGGAAAAGAACGTGCCGATTGCGGTCCTCGGCGGAACGCTGGGCGCGGCGGTGATCTATATCGTCTCGACTAACGTGATTGCCGGGATTGTGCCAAACATGGATCTGGCAAACTCTACGGCGCCGTTCGGTCTGGCCTTCGCGCAGATGTTCACGCCTGAGGTCGGGAAAGTGATCATGGGGCTGATGGTGATGTCCTGCTGCGGTTCACTCCTCGGCTGGCAGTTCACCATCGCACAGGTGTTTAAATCATCGGCTGATGAAGGTTACTTCCCAAAAATTTTCTCCCGCGTGACCAAAGCGGATGCGCCGGTGCAGGGCATGCTGGCGATTGTTATCTTCCAGAGCGGATTGTCGCTGATGACCATTAGCCCGTCGCTGAACAGCCAGTTCAACGTGCTGGTCAACCTGGCGGTGGTGACGAACATCATTCCGTATATTCTGTCGATGGCAGCGCTGGTGATCATTCAGAAGGTGGCGAAGGTGGATCCTCGCAAAGCGCGCGCGGCCAATATCGTGGCGCTGATCGGGGCAATCTACAGCTTCTATGCGCTCTACTCATCCGGCCAGGAAGCGATGCTCTACGGGGCAATGGTGACCTTTATGGGCTGGACGCTTTACGGTCTGGTGTCACCACGGTTTGAATTGAAGAATAAGCATAGTTAGGTAAAAGCAAAACGGCAACCCAGGGGTTGCCGTTTTTAGTGTTTTCTCCCTCTCCCTGTGGGAGAGGGCCGGGGTGAGGGCATCAGCCCGCCCCGAACATCACTTACGCGTTTTTCAGCACTTCGCTGACAATCTCTACCGCCTCTTTCTCAATCTGCTGACGGTGCTCAGCGCCGAGGAAGCTTTCGCAATAGATTTTGTACGCATCTTCCGTACCGGACGGACGCGCGGCGAACCAGCCGTTCTCGGTCATCACTTTCAGACCACCAATGGATGCGCCGTTGCCCGGTGCAGCCGTCAGACGGGCAGTGATCGGATCGCCCGCCAGGGTGCTTGCGCTGACCATCTCCGGAGAGAGTTTGGACAGGGCCGCTTTCTGGGCTGACGTCGCGCTAGCCTGAATACGGTTATAGCTTGGTGCACCAAAGCGTGCCGCCAGGTCGTTGTAGTGTTCCTGCGGGTTCTTACCGGTGACCGCGGTGATCTCCGCCGCCAGCAGGCACATGATGATGCCGTCTTTATCGGTTGACCATGGCGTGCCGTCGAAACGCAGGAAAGATGCGCCCGCGCTCTCTTCACCGCCGAAGCCGAAGCTGCCGTCGTGCAGACCGTCAACGAACCATTTGAAGCCCACCGGCACTTCCACCAGCTTGCGGCCCAGCGCCTCAACCACGCGGTCGATCATCGCGGAGGAAACCAGCGTTTTACCGACAGCCACCTCTTTGCCCCACTGCGGACGGTGCTGGAACAGATAGTTAATTGCAACTGCCAGATAGTGGTTCGGGTTCATCAGCCCGGCAGGAGTGACGATACCGTGACGGTCATAATCCGGGTCGTTAGCAAACGCCAGATCGAATTTATCACGCAGCGCCAGCAGGCCCGCCATCGCGCACTCGGAGGAGCAGTCCATACGGATCGCGCCGTCTTTGTCCAGGTGCATAAAGCGGAAGGTCTGATCGACGTGATCGTTCACGATGGTCAGATCCAGCTTGTAGTGCTCGGCGATACGTTTCCAGTATTCGATACCGGAGCCGCCCAGCGGATCCACGCCCAGCTTCAGGCCGGCTTTCTGGATGGCCGCCATATCGACGATATCCGCCAGCCCTTCCACGAACGGCTGAACCAGATCCTGCTCGTTCACGTGACCGGACGCCATGGCAGCATCCAGAGAAATACGCTTCACGCCTTTCAGACCGTCAGCCAGCAGCGCGTTCGCACGATCTTCCACTACTTTGGTGACGTTAGTGTCGGCCGGGCCACCGTTAGGCGGGTTGTATTTGATACCACCGTCTTCCGGCGGGTTGTGGGATGGCGTGATAACGATACCGTCCGCCAGCGCGCCACCTTTTTTGTTGTGCACCAGGATGGCGTTAGAGACCGCAGGCGTTGGGGTGAAGCCATTGTTCTCCTGAACAATCACATCGACGCCGTTTGCCGCCAGCACTTCCACAACAGAGATGAACGCCGGTTCAGACAGGGCATGGGTATCTTTCCCCACATAGCACGGACCGGTAACGCCGTTTTTAGCGCGCTCTTCCGCAATGGCCTGAGCAATGGCCAGAATGTGCGGTTCGTTAAAGCTATGGCGCGCCGCGCTGCCGCGGTGACCAGATGTACCAAACTTCACTGCGTGTTCTGCGTTGCCCACGACCGGTTTCAGCACGTAATACTGCGCGGTCAGCTGAGCGACGTTAATCAAATCGCTTTGTTGTGCAGGTTGGCCTGCACGGCTGTGATTTGCCATTACCGGGTCCTTCTGATGCAAGGGTTAAATTGTACCGCAAACCTTTTCAATCAATTCCGCCGGGAACTGCATAGACTGCATGATGTGTTCAATCATGCTGCACTTGCGGCCCGTATTGGTATTGGTGATCACCCAGTACGGGGTGCCAGGAACATGTTTGGGTTTGGTTTGATTGCCATTTTGCAGCAGCGTCTGCTCGTCGCCCGC
