gap_id	start	end	length	sequence
NZ_CP020921.1_gap1	1201	4903	3702	GGGGAAGAAAAAGTCATCAAGCAAATGCAAGACAAATTGCAATGTACTTATGTAGAGAAATGACAAAAAATTCACTTCCACAAATAGGTGAATATTTTGGCAGAGATCACTCCACAGTAATACATGCATATGAAAGAATAAAAGAAGACATTAGTAAAGACCAAACCCTAAAAAGAATAATTGAACAAATAAGATCTTTTTTAAAGTCAGTTTAAAAAAGCTTTACTTATCAACAAATGTTGATAACTTGTGGATAACTTGTTAATATTATGTGGATAAATGTTAATAAAAGGTTAATAACTTTAAAACTAATAAAAATTATCCACATATTAAATAATCAATAAACAAGTTTTCAACATCTAAATTCGCACTGTTATGCGAAAAAAATAAGTTATCAACATATCCACAAGAACTATTATTATTACTTAAAAAGGAGTTAAATAATGAGAGAAATTAAAGACAATGTTAATAACAAAGAAGATCAAAAAAAGATAAAACTTGAACTACAAACAAATGAATTAAACAAACTAATACAGGACCTTTCAAAAAATATAAAAAAGCATCCTGTAGAAATATTAAGAAACATCCAAATCTCAGCACAGGACAAACATATAATATTCAGATCAACCGACTTAGAAGTAGAAATAACCTATATTTTTAAAACAAACCAAGAAATAAAAATAGATCCCGTGCTCATAGAATCAAATGAATTAGCAAATCTAATCAAAAATTATCCAGATGAAAAAATAAACTTTGAATTCCAAAATGAAAAACTTATAATAGAAGGTGATGATTTATTAGCAACAATACCTCTAAAACAAGATCCAAACTTCCCAGACCCAATAGATATTTCAAAGGCACAACCAAAAGTTATTAACTTCAATATAATAAAACAGGCAATCGAAAAAGTTATAAATTCAAGCTCACAAAGCTCTGATTCAAAAATGAGCGGTGTAAACTTTAAAACAAAAGAAAAAATCCTTACTATAGCAGCCACAGATGGCTTTAGATTGGCAATATATAAAATAAATTTGGATGAGGAAATAGATATGAACTTTACAATATCAAAAAAATGTGCACAAGAGGTTATAAAATTTGATGCTACAATGCCTACGTCATATCAAACCCAAACTCATTGGGTTTTGTCTACACATCAAAAAATACTCTCAGTAAAGAAACTTAACTACGAGTATCCAAATTACGAAAAAGCTATCCCAACTGATAATAAATACAAATTTTACGTAAATAAAGAAGATTTCATAAAAAAACTAATTTTTACTTCATCACAATCAGAAATAGTAAAAATATCTTTACAAAACAACACGTTAAACATTCAATCATCAGATTCAAGAATAAACACAAAAACTACAGTAAGACCCGTAGAGGAAATAAAAGACATAGAATTTCTTTTTAAATCATCATACCTAATTAACGGACTTAAAATATTTGACGAGGAAGAAATTTTGTTTACATATAAAGATGAAAACAAACCAATTACTATTGAAAACAATTTAAATACAACTTATATAACCCTACCTGCAAGACCAGAAAGATAAAAAATAAGAAATGATATTAGAAATACACCACTTTAGAAACTTTGAACACAATTTTTTCAATTTTAACAAAAAAAACCTAATTATAGGAAAAAACGCATCCGGAAAAACAAACCTCTTAGAAGCAATATATTTAACTCTTAGGGGGAAAACAAAAAATAACGTACCCAATCAAAATCTAATACAATTTTCAAAAAAAAACGCACTCATAAGAAATAGTGTTTACGGAAAAAGAATAGAAATCATAATTAATAACAAAAATAAAATAATAAAAGTAAACGACAAAAGGTTAAACTCAAATATTGAACTATGGCAATACTTTAAAGTCTTTTATATAAATCCATTCGACTCTTTACTCTTATCACAAGAACCAAGAAATAAAAGAAAATTTCTCGACGAAATTATACTTAATATAAATCCAGATAATGCTAAAATATATAAAGATCTTAAAATTTTAAACACACAAAAAAACTATATTTTAAAAAATAAAAAAGATAGAGAACTTATTAAAAGTTACGATATAAAATTAACACAATTATCAAAGAAAATATCAAATTTAAGAGAAGAAGTTTTAAATAATATAATTCTAAATACCAAAGATTTACTTAAAGAAGAAAGTATAGAAATAAATTACTATAAAAGTTTAGAATCAAAAGAAATGGAAAAGAAGGATATTATTGAAGCAAAAACCAAAAGAAATATAATAAACCCATCAAGAGATAATTTCTCAGTAAAAATCAAAAATATAAATTCAACTTTTTTATCTACAGGTGAAATAAAAAAGTTTTCACTAGCACTTCACCTTGCAAAGATAAATATTTTTAAAGAATACAATTGTATTTCACTATTTGACGAAATCAACTCTTTCCTAGACAAAACAAATTTAGATATCCTTTTAAAATGGATCCAGAAAATAAATGACTATGTTTTTATCACATCCACTTCTGAATTAGATCTAGAAAATTTTGACAAGATTTTTTTATAATTAAATACTATGGATAAAATAGGCTTACTAATCTTAAACCAAATACCAAAAAATTTAAAACAGTGTTTTATTATAGAAAAAAATTGGCATGAAATAGTAGGTTTAAAACTATCAAAAATATCTAAACCAATAAAATTAAGTCAAAAAACTCTTACTATTTCAACAACTCATCCTACAATAAGTAGAGAAATTTCGCTTTATTCGGATACAATTATAGATAGAATTAAAAAGAAGCTAGATATAGATATTAAGAATTTAAAATTCAAAACTTTAAGTTTCGAAACAAATAAGCAGGATAAAATAAAAAAAATAAACAATTTATTTAATATTGAAATAAATTATCCAAATTGTTTTATAGAAATAAAAGATGAAAATATTAGAAAAAAAATAATGAACATATATAAGATAATAAAAACAAAAGAAAACAAAAGTAACAAAGGAGATGAATAAATTCATGAAATATACTTCAAAAGACATCGTAGTTCTAGAAGGAATGGAAGCAGTAAGAAAAAGACCTGGAATGTATATTGGTTCAGTTGGAATTAAAGGACTTTTACACCTGGTATATGAAGTAGTAGATAACTCTGTAGATGAGTTTATGGCAGGATATTGTAAAAAAATATCTGTAACAATTCATAAATCAAATTATGTAACTGTCGAAGATGACGGTAGAGGCATACCAACAGATATACACGAACAAACAAATAAAAATGCTCTTGAATTAGTGTTAACTACACTTCATGCTGGAGGAAAATTTAACGATAAAGTTTATAAGGTATCTGGAGGATTGCATGGGGTTGGTATATCAGTAGTAAACGCTTTGTCAGAAAGGTTTATTGCGACTATATATAGGGATGGAAAAATATTTACACAGGAATTTTCACGAGGCAATCCAATATCAGAAATCAAAATTATAGGCGAAAGCGATAAACATGGAACTAAAATAAAGTTCTTACCAGATAAAGAAATCTTCAAAGACATAAATTGGGATGCCGACGAATTAAAAGCAAGATTTAAGGAAATTACATTTTTAAATCCAGGCCTAGAAATAATTTTCTTAGATGAAAGAATTAATGAAAAAGAAATTTTTTATGATGAAAGAGGTTTGTTGGGTTTTGTTGAATACCTAAATAAAAATTCAAAACCTCTATATTCCCCACCTAT
NZ_CP020921.1_gap2	12517	13427	910	TCGCAAAATATTAATAACACTAGCTCTTCAATGACACAAAATCAAAAGAATATTATTCAATCAGCCGCAGAAAAGTTTAAACAACAGGAAACGCTAAAATTGCAAAGGGAGGCAAAGATACTTTCAAATATGGACCCCTCAGATGCTGCTAAAATAATAAACAACATGGACGATTCCCAGGCAGCAAAAATTTTAAGCAATATGAATAACAAAGAAGTTTCAGACATACTTTCTGAGCTAACATCAATCGATCCAAAAAAGGCAACAAAACTTTTAAATATGATGGGAGCATCTGCTGGTGGCTAAAAAAAAGAAAAATTCAAATGAAGGCCATGGAGCTGGTCATGATAGCGCAGGTGGCATGAGATGGCTCCTAACTTATTCAGATATGATAACTCTTCTAATGGCTTTTTTTATCTTGCTATTTTCTATGGCTACAATAAACGCTTCTAAATTTGCTGCAACCGCACAGGCCCTAAGAGAAGCATTTGGAGGATATACTATTCTTGATAGAGGGTCTTCTGTCATAGGAGAACCTGGTTCTACCACACAAAGTGCTCCTGTAGTTCCCGATTCTGCCTTGAAGGCACAGGAAGCTTCGTTAAAAATAGCTGAAATTTTAAGGCAATCTTTAAATCCCAATCAGTTTTCGGTTATTCAAACTGAAAGAGGATATTTGGTCTCTATTTTAACCGATAAGATTCTATTTGATTCCGGAAAGGCAAATCTTAAACCTGATGCTTTTCCCCTTTTAAAAAAAATTGCAGCAGTCTTAAAAAAGATTGATAACGAAGTATATATTGAAGGACATACTGATAACGTTCCTATACACACGGTAGAATTTCCTTCAAACTGGGAGCTTTCTGCTGCAAGGGCCGCTTCGGTGGCAAAATATTTTATAGAACAGGGG
NZ_CP020921.1_gap3	17034	20451	3417	TATTCGAGCTAACTTGCATGATAAAGTTGTAAGTTTATCTGAGATACCTAATGCTATAATGGAATTTGTTGGAAATTAAAGGGATTTGCTAGGAGCTGGTAATGGACGAACAAAAAGATTATAAGGAATTTACTGAAGAAATATTTAAATTAACTAATATTCCTTTGCATTTGTATAGAGAAAATCAAGTGAGAAGAAGAGTAACTCTCTGGATGAGTTTTCTAGGTTTAAAGAGTTTTAAAGAATATTTAAACTACCTTAAATCATATCCTGGAGCACTTGAAGAATTTAAGAAAAAGTTTACCATAAATGTTTCTGAATTCTTCAGAAATCCTGAACTTTTTGATGAGTTAAAAAAATATATACCAGAACTAGCAAAAAAAACTGATATTTTAAGAGTATACAGTGCTGGTTGTTCTGTCGGTGCAGAGGCTTATACTGTTGGAATAATACTTAATGAATATTTTAATGATATAAAGTATCATATTTGGGGCTTAGATATTGATGAAGAGGCTCTTGAAAAGGCAAAAGCAGGAATCTATACTAAAGATTTTTTTAAAAGCGCTAAATTAGAACTAATTGAGAAATATTTTACTAAATTGTCAGGAGACAGATATCAGATTAAAGATGAAATAAAAGCTCATACTACCTTTTTAAAGGGAGACCTTATTCTAGGTGAACCGCCAAGATTGGATTTTGATATTGTACTTTGTAGAAATGTGGTAATATATTTTGATGAAGAGGCGAAAGATAAAGTTTACGCTAATCTTAGCAAATGCCTTAAAATAGGGGGAATTCTTTTTGTAGGAGCTACTGAACGGGTTTTTGATGCAAGAAGATTTTCCCTGGAATATGTCTCGTCATTTATATATAGAAAGGTTTGAGGAGGTTCCATGGGATACGAAAAGCTTGAGGCTGATCACCTGGATGCTTTAAAGGAATTGGGTAACATTGGTGCGGGGAATGCTGTTACTGCTCTTTCAACTTTTTTAAATACTGAGATAAACATGGAAGTTGTTGAAGCAAAACTTGCTACTTTCAATGAGGCTGCTAACATATTTGATAGTCCGGAGAAGGAAGTGGCTGGAGTATATCTTGCGATTTCTGGAGATTTGAAGGGACATGTTCTTTATCTTTGGCCAGTTCAAAGCGCAAAGGCTATAGCAGGTATGCTTATGGGAATGAGTCCTGATGAACTTGAATTTGATGAAATGACAATGTCAGCAATTTCTGAAATAGGTAACATCATGTCCGGTTCATACATAACAGCCCTTTCATCCTTTACTGGAATGACCTTTGAATTAAGTCCTCCTGCTGTTGCAATTGATATGAACAGTGCACTTTTAGACGGAATAATATCCTTAACTGCTGTAGGTGACAAGGTCTTAATTATACAAACCAGCATGATTGCCTATGGAATTAGAATTGCTGGCGTTTTGGTAGTATTATTCGAACCTGATTCTTTATTAAAACTTTTAGAATCAATTGGGATGGGCGTTTGATATGGCTGAATACTTTTGTGGAATGGGAGAATGGGCTGTTGGCCAAGCGGGCGATATCCTTTGTGCAAGAGGTCTCGGTTCGTGTATTGGACTTGTTCTTATTGATAATAAAAAGCGTATAGCAGCTATGGCCCATGTTATGCTTCCATCTTCTAATGGAAGAAGTGATATGCCTACTAAATATGCAGATTCCGCAGTAACCTTTCTTTTAGAACAGTTAAGAAAAAATGGTTCTAGTATGGATATCAGCTCAAAGATGGCAGGCGGGGCAAAGATGTTTAACGTATCGGAATCATCACTTCTCGATATAGGAAGAAGAAATGCTGAAGCCTTAGAAAATTCTCTAAGAGAAGCAGGAATTATACTTGTTTCCAAAGATGTAGGAGGAAGTTTTGCCAGGACGGTTACTTTTGATGTTATGAAAAGAAGGTTTCTAGTTAAGACAATAGGGCGAGGTGAGGTTGAGATCTAATGAGTCAGGGGCTTGCTTTAGATCTTTCAAGAAATGCAATGCTAATTCTTCTTTTGATAACAGCTCCGGTTTTGCTTGTGGCATTATTTATTGGTCTTTTTTTGGGGATATTTCAAGCTGCAACACAGCTTCAAGATATCACTATATCGTTTGTCCCTAAACTTTTGGCTGTTATTATAGTTATGTTTTTGTTAGGGCCATTTACTTTAAACGTTTTGACAAGCTATATAATTCGACTATATCAAAGCATTCCTGATATTATAAAATGATTGATATATCCCTTTTTTGGGATATGCTAATCCGATCTTTAATGCCAATACTTAGATTTTCTGGCTTTTTTGCTGTTGCTCCGTTTTTTAGCACTCAAGTCATACCAACAAGAATTAAGATTTTAATAATTTTAATTTTTTCTATGCTTATTACTATGAACATAAAGATAAACGTTCCTGATAATCCAATAGTTTTTGTTTTTTCCTCGGTATTTGAGGTTTTAATAGGAATTTTTATGGGGTTTATCTTTTATCTTTTTTTATGGATCCTCGAATTTGCAGGGGGCTTTTTTGATATGCAATCAGGAATGGGTATGGCTGCATTCTACGATCCCCAAATGGGTTCTGAGACATCCGTTTATGGCAATTTTTTTACTTTACTGGGCCTTTTAATATTTTTAATTGGAAATTTTCACTACATTCTTTTAAAAATTTTTGTTGAAAGCTATTATGTATTACCTGTTGGCCAATTTATAAAATCTGGACCCTCTTATAACCTTTTAATGAGCGTTTTGATATGGACGATGACAGCGGGTCTGGAGATGGCTTTGCCAGTTGTCTTAATTTTGTTTCTTATAGACCTGAGTCTGGGAATAATGGCTAGAACTGCTCCACAGCTGAACGTCTTATTACTTGGTTTACCTTTAAAGATTCTAATAACCAGCGTTGTAATAATAATATTTTTGGGATTTGCAGTGCCATTTATAAATCAATGTTTCAATTATATGAATAACGTTTCTATGGGGTTAATCAATGCCCTTCGATGAAGGAGACAGGACAGAACCCGCTACAGAAAGAAGAAGACGAGAGGCTAGAAAAATGGGGCAGGTGGCAAAATCACAGGAGTTATCCAGTATTCTAGTATTCTTTGGAAGCTACATTGTTTTACAATTTTTTTTAGTCATAGGTTTTAATAGCTGGTTCAATGTATGGAAAGGTTTTTTTTCCTTTGACAACTTTGATTTAAACTTATATTATCACAATTTTATAGTGGCTTTTTTGCTTCTTACAGTTCCGCCAATAATAGGCGCTCTCTTTATGGCACTTTTTTCAAACATATTGCAGGTTGGTTTTGTAATAACCCCACAGGTCTTAATGCCAAAATTTTCCAATCTTGATATAACAAAATATTTTAAAAGGTTATTATCTTTTAGAGGCTTTGTTGACCAGGTTT
NZ_CP020921.1_gap4	21675	25576	3901	TGTTGATTTTGTTATTTCAAATAGTTGTATTGGGTGTATCTATTTTCTTTCTTTATACTCGGGAAATAAAGCTGAGAAATTTATATTCGAAGCTACCATCCGAAAGCGAAATTTTAGAACTTGAAAGTGAGATGAGAGAAATACTTTATGAGCTAAAAGACTCTCTTAGTATCGTAAAAAAACAAGGAATAAGCAATAAACTTAAAGCAGAAGAAAACAAAAGAGTTGATTTTGAAGCTGATATTGAAAACAGTTCTCCCAAACCCCTTGACCAAAATGGTGTTTATTACAGCGTGATAGAGCTTTTTTATAAAGGCTTGTCAGAAATTGAAATTTCTAGGAAACTTAATCTTCCCAAAGGAAAGGTAGATCTTATTTTGAACTTAGAAAAACTTAAAAAAGACTTTAAAGGGGGTATTTAAGCTTGGGAAAAGACAATTTAACAAGCGATGTTTATGAGATTCAACTTGTAGTTTTTAAATTAGCAAATGAATTTTATGGTATTGAAATTTCGTCAGTTCAAGAGATAATTAAGATTCAAGATATTACAAGAGTGCCAAAAGCGCCTGATTTTGTAGAAGGGGTTATAAATCTAAGAGGTAAAATTGTACCTATTGTTGATCTTAGAAAAAGATTTGAACTGGGTCAAACAGAGCGCACCAAGGATACTAGAGTGATAGTCGTAGAAACTTCAGGCAATATAGTGGGTTTTATTGTCGATCTGGTAACTGAAATTCTAAGATTTTCTTCTGACTCTCTTGAACCCCCTCCGCCGATTTTTTCAGGAATTGATGCAGAATACATAAAAGGGGTTGCAAAGGTTGACGAAAGATTAATTGTTCTACTAGACATAAATTTGATTTTTAAGGGGGAAGAAGAAGAAGGGTTAAAGATGCTAGAGGCAGGCAAGTAGGAGGAAGTTATGGATATTGATGTAAACGAGTATAGATCGGTATTTTTAGAAGAAACAAGGGAACTTATAGATCAATTTGAAAAGTCTCTTTTGGAGCTAGAAAAGGATCCAAATAACTCAGGTGCTATACAATCTCTTTTTAGAGCTGCTCATACAATAAAGGGATCTTCAGCATCTCTTGGCTTTGACTCTCTTGCTAAGTTCACTCATAGTCTTGAAAGCCTGATGGATATGGTGAGAAATTCAAAAATCGCTTTGAATCAAAATATTATAAACATACTCTTTAAAGGCTTAGATTATATACAAGAAGCGGTAGATGATATAGAAGAAGGTCACAATGGAGATATAGATTATACTGATCTTATAGAAATGATAGAAAAAGCTAAGACTTCTTCAATAGAGCTAAGCGTTTCAAAGACCTCTTCTAAAGTAGAAAAAGATATTACACGTTCCTTAGAAGAGTTAAATGATATTGAAACTGGTATTATCAATGAAGCTTTTATAAGAGGACTTAACGTTTTTGTTATAAAGTTTTCTCTTTCCCAGGGATGCCAGATGAAATACCCTAGAGCGTATATGGTTCTAAAGTCTCTTGAACAACTGGGAGAAATATTTAAGACTGTGCCATCTGTAACTGATATAGAGCAGGAAAAGTTTGATTTGGATCTCGTCTACTATATAGTTACTAAGTCAAGCGAAGAAGAAGTGAAAAATGTTGTACAAAGCATTGCAGAAGTTGAGATGGTTGAAGTAATGCCGTATGAATCTACTAGAACAGAACATATACAAAAAGCAGTCCAGGGGGGTATAGAAAAGGATGAAAAAAGCGAAATAAAAGTTAAAGCTGATTTTAAAAAGAGTCAGACTATTAGAATTAGCGTAGAAAGGCTTGATAATCTAATGAATCTTGTAGGAGAGTTAGTTATAGATAGGACCAGGCTTATTAAAATCAGTGAGGATGTTGAAGAGGCTCTCTCTGGTTCAGAATCGGTGACTTCTCTTGCTGAAGTGACCACGCATATGGGTAGGACAATTAATCTACTTCAAGATGAAATACTAAGGACTAGAATGCTTCCTGTGTCGCACATATTTGAAAGGTTCCCTAGATTAGTTAGGGATTTGTCACATCAATTAAATAAGCAAATAGACTTTATAGTTTCTGGAGAGGAGACAGAACTTGACAAGTCAATAATAGACGAAATTGGTGAACCGCTTGTTCATCTTATCAGAAATTCTTTGGATCACGGTATTGAACTGCCAGAAGAAAGAAAAGCTAAAGGAAAACCAGAGAAGGGTAGGTTAAAACTCTCGGCTAAACAAGAAGAGGGTTATGTTGTTATCCAGATTGAAGATGATGGAAGGGGTTTAGATCCAGATAAGATTAGAGAAAAAGCAAAAAAAAGAGATATAGTGTCTCCCAACATATTGGATCAAATGGATGATCAGGCTTTATTCGAACTTCTCTTTCTTCCTGGCTTTTCTACAGCGGACAAGGTTTCTGAAGTCTCTGGTAGAGGAGTTGGCCTTGATGTAGTAAAGTCTGTAGTTGAAAGGTTAAATGGATCTGTATCTCTTAGCAGCAAGCTTGGCGAGTACACAAGGTTCACTTTGAAATTCCCTCTTACACTTGCTATTATACAGGCTTTGCTCGTTAAAGTTGGGAAAGAAGTTTATGCCCTACCATTGAATGTTGTTTTGGAAACGAGATTTTTAGAGGAGGAAGAGGTTAAATCCATACAATCGCAACAAGTAACCCTGTTCAGAGGAGAAGTTTTGCCGGTTTTAAGGCTTGCTGATATATTTGAAACTCCAGGTAAAGAAAATTTTCAAGACAATTTTCTTGTTGTTGTTTCTACCTCTGACAAAAATGTTGTTCTGTCTGTTAGTGATCTTATTGGAAATTCAGAAGTCGTTATAAAGCCCTTGGGTTACATAGTGAACAGAGTAAAGGGCTTTTTTGGTGCTACTATATTAGGAGATGGAAGAGTTGCCTTAATTGTAGATACCGTTTCTTTGATGAGCGCTGTTAAAGAGAAAAATTTCATAAAGGTGGGCTAAAGATGATAGATCTTTCTCAAAAAGCACAGGAAAACATGAAACAGATCTTAGATAGAGTATCCGATATACCCCCCTTGCCAAACATAGTAATAGAAGCTTTAAATGTGATAAAGGACCCGAAGTCAACGGCTGTCAGTTTGGCAAACGTTATAAGTCAGGATCAGGCGCTCACTGCAAGAGTTTTAAGACTTTCAAATGCTGCTTATTTTGGTTATGCTAGAAGAATAAAAACTGTTACTGAAGCGATTGTGATATTGGGATTTGGAGTTGTTGAAAACATCCTTTATGCAGCAGCGCTTCACGCACATTTATCCAAAGAAGTTGAGGGATATGAACTTCAAAAGGGAGCGCTTTGGGAGCACTCTATGTCGGTTGCAATTGGCGCAAAAACTCTTGCAAAGTTAGTTAAATACCCCAAGCCAGAAGAACCATTTACGGCTGGCATACTTCATGATATAGGGAAAACCATAATAGGCAAATTTGTTCAAAAAGAGTTTCAGACAATAAATGAACTGGTAGATGAAGGTAAATCGTTTCAGGAGGCTGAAATTTCTGTTCTTGGTTTTGATCATGCCTATCTTGGAGGTAAAGTTGCAGAAAAATGGAATTTACCTACAATGTTAATTGAAGCTATTTCTCACCATCACAGCCCTATGGATGCTAAGGAATACCTTGATATTGTTTGTATAGTACATATTGCAGATGCAGTTGCTTTAATGAGTGGTCAGGGTATTGGCGCTGACGGGCTTTTATATAGATTAGAACCAAAAGCTATGGAAGTTTTAAATATTAAAGAAGAGCATCTTGAAAACATTTACACTCAGGTGGTTCAGGCTTTTATCGATCACAAACAGCTTTTGGAGTTAGACTAATGATTATTAATGATCCCGTTTTTAAAATATTAGGGTTTGGCCTTTCAGGAGCATATAA
NZ_CP020921.1_gap5	36753	40518	3765	ATATGTCTTTTCATATTCTCTCCTTAAATAAAGAATTTGGTGTATGCATATTATATACCTAAAGATTTAATAACTTAATAAATCAAGTGTATAAATTTGGTTTTAAATTTCTATACCTTTTTGCTATATAATACGTAATACTAATTTTCAAGGGAGGTTTTGGTGTTGGACAGAAGTCAATTGGATGATATGTTAAAAAGAACATTGAGTAGAAGGTATTTCAACGTCATTTTACCATTGTTTATTGCTTCTGTATTGGCGTTTCTAGATCGTCTCAATTTGAGTTACGCTGCACTAACTATGAATAAGGCTTTAGGTTTTTCACCTGAGGTTTTCGGCTTTGGTGCGGGTATTCTGTTTTGGGGATATATAATTTTTGAAGTTCCTGGTGCAATATTTGCAGCAAAGTGGAGCGCGTCAAAATGGATTGTAAGAATTCTTATCACCTGGAGTATAGCTACGACTTTGATGATGTTTGTTAGGACTCCGATTGAATTTTATATTATTAGGTTTTTAATAGGGGCTGCTGAAGCAAGCTTTTATCCAGTGTGTTATGCCATCTTTTTTCCAAGGTGGTTTGCGCCAAATGAAAGAGCCAGAGCAATTTCTATTATGCTCACCTCTCTACTGGTTGCAAGTATTATTGGATCTCCATTAGCGGGCATTATAATTGGGACATCAATGTTTAATTTAGTTGGATGGCAGCTTTTATTTCTTGTAGAGGGTTGCTTGTCGCTTCTTCTTGGTATAGTTTTATGGTTTTGGCTCAAAGATTGGCCTAAAGATGTAAGTTGGTTAACAGATGAAGAAAAACTTCTATTTTCTGATCTTTATCAGCATGAAATAACCGCTAAAAACAAGGTAAGAAAATACACATTGTGGGAAGGTCTCAAAGATCCTGAGGTTCTAAAGCTTGGTTTTATATATTTCATGTGGATAGTAGGCTTTTGGGGTTTTGGATTTTGGTTGCCCACTGTTTTGAAATCGGTTTCAGGCTTATCTAACGCAAATGTTAGTTTTTTGGTTACAATACCAATGGTGCTTTCTCTAATAGGATTTTTAATTGTTGGAAATTCGTCTTCTAAAAGTGGTGAAAAGAGATATCATGTAGCACTGCCGCTATTTGTAGGAGCTATAGGTTTAGCTGGTATAGCACTAACTACTGATCCAATTTTAAACTTTGTTTTTATTAACCTTGCTGCAATAGGCGTATATAGTGGAATGGGAGTTTGGTGGTCTGTTCCTACTACCTTTTTGTCAGAAACTGCAGCTGCAGGTGCAATTGGTTTGATTAATTCTATTGGAAATATAGGAGGATGGGTAGGTCCATTTTTAATTGGAATTATAAAAAGTTATACAGGATCGTATACACTGGCATATTTGTTTTTAGCTTTGTGTTTAATTGTATCTGGAATATTAATTTTTACTCTGTCAAAAAAACGTCCAACTGACTACCTTTAAATCTTAAAAATATCTGTTTTTGCCTCTTGACATTTAATGCTTAGATAATATAATATTCTGTTGTTAGTATTCATCTTAAGTGAGTGCTAACAATTGTTAAAAACTTATGGAGGTGATTCTATGAATCTTAAACCATTGGGCGATCGCATAATTGTAGAGCCTGTGGAAGCTGAAGAGAAAACTTTATCGGGTATTGTATTGCCAGACACTGCAAAAGAAAAACCACAAGAAGGAATCGTAGTAGCGGTTGGGCCAGGAAGGATTCTTGACAATGGAACGAGGGTTCCGCTGGAGGTAAAAGTAGGAGACAGAGTTGTGTTTGCCAAGTATGGTGGTACAGAGATTAAGATTAACTCAAAGGATTATCTAATCCTTTCAGAACGCGATATATATGCTATTAAAGGATAATCAGGAGGTGAATTTATGGCTGCTAAAATGATAGCATTTGATGAAGAGGCAAGGAGAGCTCTTGAAAAGGGCGTAAACGCTGTTGCTGATGCTGTAAAGGTGACTTTAGGACCAAAAGGAAGAAATGTGGTATTGGAAAAAAAGTGGGGATCGCCTACCATTACTAATGATGGTGTAACCATTGCCAAGGAAATTGAATTAGAAGATCCATATGAAAATATGGGAGCCCAGCTTTTGAAAGAAGTTGCTTCTAAGACTAATGATATAGCGGGTGATGGAACAACAACTGCGACTGTTCTAGCCCAGGCTATGGTTCAGGAAGGCCTTAAGATGGTTGCAGCAGGTGCTTCTCCTCTTTCAATTAAGAGAGGCATAGAAAAAGCTGTAGAAGTAGTAATACAAGAGATTAAAAAAATGAGCTTACCCGTTGAGACAAAAGAGGCTATTGCACAGGTGGCGACCATTTCGGCCAACGATAGGTTTATTGGTGAAAAGGTTGCTGAAGCGATGGACAAGGTTGGAAAAGATGGCGTAATAACTGTAGAAGAGTCAAAGGGTATTGAAACCAGCGTTGATATAGTTGAGGGTATGGAGTTTGATAAAGGTTATGTTTCCCCATATCTGGTTACCGATCCTGAAAGAATGGAAGCAGAGCTTGATGAACCATATATCTTAATTACCGATAAAAAGATAAGTGTCTTAAAAGATATCTTGCCCATTCTTGAAGAGATAGCTAGAAATGGCAAACCAATGCTTATTATTGCCGAGGATTTAGAAGGTGAAGCACTTGCAACGATCGTTGTGAACAAGCTTAGAAAAACCCTGAATGTGGTTGCTGTAAAGGCACCTGGTTTTGGAGACAGAAGAAAGGCTATGCTTCAGGATATAGCGATACTCACTGGCGGAGATGTGATATCAGAAGATGTAGGTTTGAAACTTGAAAATACCAAGATTGAGAACCTTGGAAGAGCTGAAAAGGTAAAGGTTACAAAGGAAAAGACTACAATAATTAATGGTAAAGGTTCCGTTGAGGCTATTAAAGGAAGAATAGCTCAGATTAAAAAAGAAATTGAGCAGACAGATTCCAATTATGACAGAGAAAAACTCCAAGAGCGTTTGGCTAAGCTTTCAGGAGGAGTAGCTGTAATCAAAGTAGGAGCTGCTACAGAAACCGAGCTTAAGGAAAAGAAACATCGTATGGAAGACGCTCTTTCAGCTACTCGTGCTGCAGTCGAAGAAGGCATTGTTCCTGGCGGCGGCGCAACCCTGATACACGCTTTGAAAGCTCTTGACAACTTGCAGTTTGATGGTGAGGAAAAAGTAGGGCTTGACATCGTAAAGAAAGCGCTTCAGGTTCCTTGCAAGCAAATAGCTTCAAATGCTGGTTTTGAGGGTTCAGTTGTTGTAGCAAGACTGAAGGAAGAGAAGCCGGGCATTGGATTTGATGCTTCCAACGGAACTTATGTGGATATGGTTAAGAGTGGTATTGTGGATCCTGCAAAGGTAACGCGTTCAGCAGTTCAGAATGCTGCGTCAATTGCAGGTATGATACTTACTACAAATACTCTTGTTGCTGATAAACCCAAGAAAGAATCGGCTCCAGCAGCCCCTGGCGGAATGGGCGGAATGGGCGGAATGGGAGACTTCTAAAAGTTGTTTGGATAGTATCTTTAATAGTGTGCCCCTCCAGTGATGGAGGGGTTTTTATTTTATTTGTAAAATTTAATAACTTGTAATTGAGTTATAATGATAATAAAAAAATTTTTTTACTTTTGATATATAATATTATTATAAAAGTAATTTATCCTAGAAATAGTTATTATTACATTATATTTTGCTTTAAAGGGGGCAAGTAGATGAAAAAGTTCTTTAAATTTTTTTTAGATCTATCTTTAA
NZ_CP020921.1_gap6	54958	56330	1372	ACCTCTTAATATAGCGCTTGAGAAAGATCTAAGCTTTGTTTTAGATAAAGCTAACTCTGAGGCATCCCGGTTCTCTAAGGCGGGTGCCTTTCTTTGTTATAGAGGTTTTGAATCAGACAGGGCTACTATTGAGGTTGATTTGCCAAAATTGGCGTTGTCAAAGGTTCTTAATATCTTTTACCCAAGAAATTTTAGAGAACCCTTAATTCACACGAGTTCTGTAATATCCGAAGGGGCTAAAATTTCTAGTAAGGCATATGTTGGACCATATTGTGTTATAGAGGATGGAGCTGTTATAGAGGATATGGTTGAGCTTGTTGCCTTTATTTATGTAGGCAAAGATGTCTATATAGGTAAAGGCACAAGGATATTTCCATTTGTATGCATTAGAGAAAAGTGTAGAATTGGTGAAAATTGTGTAATCCAAGCAGGAGCAACTATAGGAAATGACGGCTTTGGTTATGCTACTGACTCTTACGGTCATCACACGTGGATTCCTCAAATAGGTGGCGTTTCAATAGGTAGTGAAGTAGATATAGGTTCGAACACTACCATAGATAGGGGATCGTTTGTTGATACCATTATAAAAGACAATGTTAAGGTTGACAATTTAGTTCAAATTGCTCATAACTGTATCCTTGAAAAAAGCGTTATTCTTGTTTCTATGGTTGGTTTATCTGGATCTGTTCACGTTAAAGAAAATGCTGTTCTTGCTGGTAAAGTAGGAGTAAAGGATCACTTGACAATTGGGAAGGGTGCTACAGTTCTTGCAAAATCAGGCCTTATGAAAGATGTTCCAGATGGTTCAACTGTTATGGGATATCCGGCGAGACATTACATAGATTTTTTCAAAGAGAGGATATTAATAGAAAGGCTTCCTGAAATTGAAAAGAGAATTAAAAAACTGGAAGAACAAATTGAGATTTTAAAGTGCCAGGATAAATCAGAAGAAGTATAATTAAATATAATATTTATGTAAAACTTGTGAAATAATTTGCATTTTTAGGAGGAAAAGTGAAAAAATTAATAATTTTAAAGTGTTTTTTTGTTATTACAGCTTTAATTTTGTTATCTATGACTTCTTTTTCTCAGGATGCCTTCTCGTCTAATCTTGTAGAAGAGTACCCAAACGCTTCAGTTGATTGGGGCAAAAATCAGATAACTGCTATAGGCTTTGGAGTGGGAGGTTTTAATAGCACTGATCCATTTAAAAGTTCGTATGAGGCGGCAATGAATAATGCAAAAGAAAGAATGATCTCTGTAGTAATGATGCTAAAGGACTCGAATGGGGTAAGTTTAAAGCATTTTCTGTCTAATCCTGAAAATATGAACAAGCTAAAAGCCTGGATTGAAACTCTTGACATTAAGGTTC
NZ_CP020921.1_gap7	57441	58159	718	CAATGGCTCAGGTTGCAGGATTTCTGTCTCTTGTATCTCTGAAAAAGGAAGGAACAATTGCGTTTTTTAGCTCTGTCGAAAGGGCAAAATTTAGAAAAGTTGTAAGGCCAGGTGATACGCTTATTATGGAAGCTAAGGTAACGAAGGTAAAGTTGCCGTTTTGTAAGATGAGCTGTACTGCTAAGGTTGAGGATAAATTGGTGTGCGAAGCAGAACTTATGTTTTATCTTCCAAAATAATATGATTAGAGTTCATTCTACCTCAATAGTATCGCCTAAAGCTATAGTAGGAGAGGGAGTTGAAATTGGCCCCTTTTGTATTGTTGATGACGATGTTGTAATTGGAGACAATACCCGTTTAGCTAATAATGTCCTACTCAAAAATGGTACTAGAATTGGCAAGAGCTGCTATATATCTACTGGTTCTTGTCTAGGGCAAGAACCTCAGGATTTCCACTTTAAAGGTGAAAAAAGTTTTGTAAGAATTGCTGATAACGTTACTATAAGAGAATATGTAGTTATACACAAGGCTACAGGTGAAGGAGAAGAAACATACGTTGGTGAAAACTCTTATCTAATGTGTTTTACTCACCTTGGTCATAATGCAAAAGTTTATGAGAATTGCACGTTAGCTGCATATGTGGTGCTGGGAGGCCATGTAGTTGTAGAAAGGGAGGCATTTTTAGGTGGGGCTTCTGCATTTCATCAGTTTGTAAGAG
NZ_CP020921.1_gap8	103183	104284	1101	ATGAGAACCTGAAATCTGAAACAGTTTCAATATTATTTAATCGAGATTCTGATCTAAAGACTTCTCTTGATAACCTTTTTGAAGTAGTAGACGTATTAATTGGAAAGGGAGTAAACGTTATAGTGCTTTCTGATAAAGGCGCCAGTTTTGATTTCGTCCCAATTCCTGCTCTTCTTGCTCTTTCAGGGCTGAATCATCATCTTATAAAAAAGGGCACCAGAACGAAGGTTAGTATAGTTCTGGAGTCAGCAGAGCCAAGAGAAGTCCACCACTTTGCATGTTTAATTGGTTATGGGGCCAGTGCTATAAATCCCTATCTTGTCTTTGACACGCTAAAAGATATGTGTGAAAGATCACTTTTAGAAATAGAATACGATTTAGCTGTAAAAAATTACGTAAAAGCAGCTTTGAAAGGTGTGATGAAGGTAGCCTCCAAAATGGGCATTTCAACTCTCCAAAGTTATATGGGCGCTCAGATATTCGAGTGCGTAGGAATTGGCAAGGAGGTGATCGATAAATATTTTACAGGAACGCCGTCAAGAATTGGCGGAATAAATTTGGATATAATTAAACAAGAAACCCTATTAAGATACAACAAAGCCTTTTTACCAAACAATCAGATACTACCCCCAGGAGGTATTTATCAGTATAGGGATGATGGTGAATACCACGCTTATAGGCCAGAAACTATATATCTTTTACAAAGGGCTGTTATAGAGGGCGATTATAAAAAATTTAAAGCCTTTACCGCCTCTTTACACGAAGGGTGCGGCGCTATTCAGAACTTGAGAGGACTTTTTAGATTCAAAAAACAAAACAACTCAATACCTATTGATGAAGTTGAGAGCGTTGAATCCATTGTAAAGAGATTTAAAACTGGTGCTATGAGCTACGGTTCAATTTCAAAAGAAGCACATGAGACACTTGCTATTGCTATGAATAGAATAGGTGGTAAGTCAAATACTGGAGAAGGCGGTGAGGATCCATCTAGGTATATTCCAGATGAAAACGGTGATTCAAGAAATAGTGCTATTAAACAAGTTGCATCAGCAAGATTTGGTGTTGATAGTTTGTATCTTGCAAATGCATCCGAAATTCAAA
NZ_CP020921.1_gap9	135204	135952	748	TGGGGATATGCTTATTGAGAAGATAATGTTGCCGGAAGTTAATGTAGGAGACTTGTTATTGGTTTTTGCAACCGGCGCATACAATTACTCTATGGCGAGCAATTATAATAGATTTGGCCGTCCTGCTATGGTGATGGTGGAGGATGGGAAAGATACTCTTATCGTAAGAAGGGAAACTTATGAAGATATCGTTTCTCATGATATGTAGGATGGTAAATTTAGTGATAGTTATTTTTTATTGAGATATTGTGTCTGTTTTCATCAAGCACACTATTGTGTTAGAAAGGGGCTTATATGAAATTTTTAAATATAAAGGTCATTGTGCCTGCTATTTTGATTTTTCTTGTTATAGGCGGCTTAATATGGCACTTTTCGCACAGAGCTGAGCACCTATCCTTTGTTCAAGTTGATAAACAAAATACCGATAACATTACAAACCAAATAAGGTCAAAGTTAACAGGTGATGTTCTTGACGTAAAGTCTGCTTCTGATGGATTTATAACAGGAGCATGGATAGCCTTGAAAGTGAATCCACAGAGCGATGCTTCATTTGAGTCAGAATCAAAAGAGATATTTTCTTCTTTGTTTTCTATTCCAGGGCTTGATTTTGTAGAGATAAGCTTTATAGAAAGGCCTGCTATTCATAAGTATGGTTATGGTGAAATATTTACTGCGCTTTCCACGCATAATGCTTTTAAGAATAACGTTCCTCTTGAAGACTGCGGTTATTTTTGGTCCTGGAACAATG
NZ_CP020921.1_gap10	279877	283359	3482	GGGCAAAAATGTTAGCTCCAACAATCGTTTTCCATATTGGGATTTGTCTTGATGATGCGTTAGCTACATACTCGCATATTTCTATAAATTTCTTTGTTTTGAACCCCAGATCTATGTTGTGTATTATTTTAAGGGCCATTACAACTTCTTCCAATGCAGCATTGCCTGCTCTTTCTCCCAGTCCATTCACGGTTACTCCTACATACCTTGCACCGCCTCTTACTCCTGCCAGAGCGTTGGCGGTAGCCATTCCGAAGTCATTATGTGTGTGCATCTCTATATCAATTCCTACGCTATCGCGGATTGTTTTGATTTTTGAGAAGGTTTCAAATGGGTCAAGTATTCCTAATGTATCGCAAAACCTCAGCCTATCAGCACCAGACTCCTTTGCCTTTTCAGCGAATTTGATAAGGAAATCCATTTCTGATCTTGACGCGTCCTCTGCATTTGCAGAAACATAAAGCCCCTTTGATTTCGCAAATTCTACGGCTTTAGACATAGAATCTAAAACGTCTTCCCTTGAAGACTTTAATTTGTGTTTGATATGTATGTCTGATGTAGATATAGAAATGGCTACAGCATCTACTCCGCAATCGATTGAATTTTTTATATCTTCAATAACGGCTCTATTCCATGCCATTATTGAGGCCTTTAGCCCCAGATTGACTATAGATTTTATAGCTTCTTTTTCTGCGCCGCCCATAGCGGGTATTCCAACTTCTATTTGGTTAACACCTATTTCGTCCAACATCTTTGCAATATGAATCTTTTCTTGATTAGCAAAGACGACTCCTGCTGTTTGTTCTCCGTCTCTGAGAGTGGTGTCCACGATAAAAATTTTATCAACAAAATCTTTAAGAGATAGATACAAATCAGTCACCTCCACACTTTTTCATATAAAATTTTAATTTAAACAAAGTTTTTTGTAAAATTTTATGAATTGTCAGACAATTTTACACTCAGTTTCTCCATTCAAGTTTTTTGATTAGTCCTTTTTATGTTAAAATTGGACATATATTAAATCTTTTTAGTGAGGTAAAATATGCAAGAAATGCTGCAGGTAGTAGATTTATGGGTATCTGTAGAGGGTAAGCAGGTATTAAAAGGCGTAGACTTTTCTATGGGATACGGAGACGTATATGTTCTCTTTGGTCCAAATGGTGCAGGCAAGACGTCTTTTATGATGTCTTTGATGGGATTTCCAAAATATAAAGTAGAACAGGGTAAGATTTATTTTAAAGGAGAGGATATTACAAATAAAGACATATATGAGAGGGCGAAATTAGGTATAGGCCTTTCATTTCAAAGGCCACCAACGGTGAGCGGAGTTAGCCTTGAGAGGTTAATAAAGTTGCTTAGCAAGAATAATGGTATATCTGATGAAGAAGTTGAAAACATATTGGAGAGCTTGAAAATTAAAGATCACATAAAAAGATACATTAACGATGGGTTTTCTGGTGGAGAAATGAAGAGGTCCGAAATATTACAACTTATGCTTCAGAAACCTGAATTTGTGCTTATAGATGAGCCCGAATCAGGTGTAGACATGGAAAACATATCACTTGTAGGACATGCAATTAATCATCTGTTAGGTAAAGATAAGGTGAGAAGTCCAAAAAGAAGTGCCCTAATAATAACGCATACTGGATACATCCTGGATTTTGTAAACGCTGATAAAGGGTATATATTTATAAACGGGAGAATAATATGTACAGGCAATCCCAGGGATATGCTGAACGAGATTAAAAGAAATGGCTATAAGGGGTGTCAGGTATGCCAATAAGTGAAAAAAGGCTCTCTGAAATAATATCTCTTGCCAATGCTGCCAGAGAAAAAAAGGCTGTTTTCGGTCCTGATGTGGATCTTGAGAGATTTAAGGAATTAGTGGAAAGAGATAGGGTTGAAAGCCTGGCTTCTTTAAAGGCTCAAACTATGGAAGCCGCTATTATGAGCGGAATGGACATAAAGGAAGAGACAAGAAGTGGCTCCTTTTTTCAGTTAAATCACAGCGTTATATATGAAAGCCTTAACGAGAAGTATAAAGATCAACTTCAAATAATGAGCACTGATGATGCACTTAGTAAGTTTGATTGGATAGAAGATTATTTCTGGAGGGTGGTCAAACCAGATCAGGATAAGTACACTGCAGCAGTGGCCCTTAACCCTACACATGGTTATTTTATGAGAGTGTTTCCTAATCAACACGTAGAATATCCTTTGCAGGCGTGTCTTCTTATAGATGAGGGAAACATTAGTCAAAATGTTCACAACATAATAATAGTAGAAGAAGGTGCGTCTCTTAACGTTATTACAGGGTGTTCTCTATCGAAAAATGATGCCGAAGGAATTCACCTTGGGATTAGTGAGTTTTACGTAAAGAAGGGTGCAAGTCTAACCTTTACGATGATACACAACTGGGCAGATAATTTTGATGTTAGACCAAGAACAGGAGTGTATCTCGAAGAAGACGCTAGATACGTTAACAATTATATTCTTTTAAAGCCTGTAAAGTCTATTCAGTCTGCGCCAAATGTATATCTTGCAGGGGAAAATGCTACAGCACAGTTTAATAACGTGATATATGGTCTTGGAAATTCTTATATTGATCTCGGATCAAAGATGTATTTGGATGCTCCAAATACTCGCGCAGAATCTATTGCAAGGACTATTGCTGCAGATAAAAGCGTGATATATTCAAGAGGAGATATGATAGCAAGGACAAAAGATTTTTGTATGGCACATCTTGACTGTAGAGGGATAGTTTTTTCTAAGGAAGCCACGATGTATGCAATTCCTGCTCTTGTCTCAGAGGGATCTGTAAAGGCACATCTCTCTCATGAGGCATCGATTGGTCCTATTTCTCAAGAGCAAGTAGAATATTTGATGAGTAGGGGTATAGAAAAAGACGATGCCGTGTCGTTGATTACCACGGGTTTTTTGAACTTAAACATTCCATATATCCCTGCATTTATCAACAATAAGATTAAAGATATTATAAACGCCACTGCAAAGGATGCCCTGTGATGAGAGTCTTTTTCGATAAGAAATCTTTAAGAAAATTCTTAGAAGAAAAGAGATCTACGGGTAAGACAATATCTCTGGTGCCAACAATGGGATGTTTGCATGATGGGCACATATCCTTAGTTAGGAGAGCAAGGGGGATGTCGGGAATTGTAGTAGTGTCAATTTTTGTTAATCCGATACAGTTTGGCCCGAACGAAGACCTGGATAGATATCCTAGAGATCTTGGCTCAGATCTCAGGCTTCTTGATAGAGAGGGAGCTGATGCGGTATTTTGTCCTAATTCTGAAGAGATGTATCCAGAAAAACAGCTTTGTTTTGTGGAAGTAAAGGACCTTCAGGACAGGCTTTGCGGCCTGTTCAGACCGGGCCACTTTAAAGGCGTTTGTACAGTAGTTGCCAAGCTTTTTAATATCGTTCAGCCTGATTTTGCCCACTTTGGTGAGAAGGACTTTCAACAA
NZ_CP020921.1_gap11	284579	286617	2038	ATCGCCTTCTTTTGAAGAACTTTTAGAATTTTATAATAATAAAAAGTTTATAGAAAAGCAGATTTCCATGAGAATAGGTGAACTTGAAAAATTAGCATACAAAAATTTTGAATTCATTTAACGCTATGCGAAAATTTTTATTTGACAAAGTGCCGGTAGATATTGTTAGTTTTGAAGAAATACTAAATCTTTTTGAAAAAAGGCTTGTTAAAAATTTAGGCCTTAGAATTATAACCCTTAATCCAGAGATGGTTATGTATTCTATGAAAAAGAATGATAGCTCAAGTGTTATGCTTGAAACCTTTAATAAGGCAGACCTTGTGGTTCCTGATGGAATAGGGATTGCTATTTTTTTAAACACAAAAAGAATGAGTGGAATAGATCTTATTCCACATTTTTTAGAGATATGCAAAAGGCACAATAAAGGAGTTTATTTAATAGGTTCCACAGATGAAGTAGTCAAATCGCTAAGCGAAAAGTTACTAAAAACGGGCATAAACGTATCGGGTTATGAAAACGGTTATTTTACTGACTTTAAGCCGTCTATAGAGAGGATTATCTCATCTGGCGCAACTTTTGTAATGGCTGCTATGGGTTTCCCAAAACAAGAGATTTTCTTAAATGAACTCTTTAAAGTTAAGAACGATATAATTGGTATTGGAGTAGGAGGTTCTTTTGATGTTTTATCTGGTAAGAAGAAAAGAGCGCCAGAAATATTTAGAAATTTTGGGCTTGAATGGTTATACAGGCTGCTTAGTGAGCCTGCAAGGTTGAAAAGAATGCTTGTTTTGCCTAAATTTGCTTTGCTTGCGTTTTTCTGGAGAATGAAAAAATTTGGAGAATGAGAAGATGATTGAGACAAAGGTTATAAAAACTGAAAAAATTAGCAATTTTCATTTTTTAATGGATTTGAAAGTAGAAGGGAACTTTAATCCCTTACCGGGACAGTATTTTATGTTAAAAGTAAATAACTTAAACGATCCATTTTTTATGAGACCATTTAGCGTTTTTGATTTTGATTTTGGTAGGTTAAGTTTTTTGATTGAAATAAAGGGCAAGGGAACGACAATTTTGAGCAAGATGAAAGAGGGCGATTTTTTAAAAATTAGGGGCCCCTTAGGTAATGGTTTTCGTTTCAATGGAATTAAAAACGCCTTGCTTTATGCAGGAGGAACGGGAATAGCACCAATATTTTATCTGGCAAAACACCTCAAAAAAATAGGGGTTGAGTCAGACGTTGTTTTAGGTTTCAGGAATAAGGAGAGGGTAATATGTGTAGACAGATTCTCTGAATTGGGTAATATTTATGTTTTTACTGATGACGGAACATATGCAAATAAGGGTACGGTGATTGACTTTAAATTAGAAAGGACTTATGATTCTATTTTTGCTTGTGGGCCTGTTTTAATGCTTAAAGCGATTCAAAGAAGACACAAAGGGGCACAGATTAGTTTGGAGTCTGTTTTTGCTTGTGGGGCAGGAGCATGCATGGGATGTGTGGTAAAAAGCGTTAGGGGATATTTGAGAGTTTGTAAAGATGGCCCTGTCTTTAACGCAGAAGAAATCATATTCTAAAGATGTCTTTTGGTTTAATAAAAAAAATGGTGAGCCGTGAAGGCTTCGAACCTTCGACCCTCGGCTTAAAAGGCCGATGCTCTACCTGGCTGAGCTAACGGCTCACAGATTGTAATTCTAAACTTTTTATAATGTTATGTCAATATTTGTCTTGAGCGTTTGTATAAGTTTTTTTTGTTTCTTATTTCCTTGAAAAATCTATCTATTAAATTTTTAAATCTTTCGTCAAACATTTCTCTACAAAAAATATTGTTTGATTCCAGGATATACCTTGTAGAATATTTTGAGCTAACACAAAATATAACGTTTTTTATCTTGCACTCTATTATCGCTCCAGCACACATTAAGCAGGGTTCAAGAGAACAGTAAATAGTGGATCCCTGTATGTACCACCTATTATATCTTTGGATAGCGTTTTTTATAGCCAATATTTCTGCATGTTCGATAGGAGACTTTGATCTTT
NZ_CP020921.1_gap12	290331	294026	3695	GCTTGCGCTACATTGCAAGAACTCCTTTATGTATAGTACCGGCAAACTTATGGTCGGGATAGATCTGGAAGATTTAATAGTTGTTGATGCTGATGATGCAATTTTGGTCTGTAAAAGAGGTAGCTCACAATACGTAAAGGACGCTTTTGACGCTCTTAAAGAACAAGGTAGAGAAGAGAGCCAGATCCACAGAACCGTTTATAGATTTTGGGGTCAAAAAACCCTCATAAGCAGGGGAGATAGTTTTTTAATCTATCAGGTACTTCTTCTTCCAAAGAAGGAGATACTACTTCAATTGCATCATCACAGGTCTGAAAACTGGATAATACTTTCAGGTGCCGTAGAAATAGAAAAGGATGGAAAGAAAGGTTTCTATCACAGAGGAGATAGTATCTTGATACCAAAATCCACACCTCACAAGATATCAAATCCTGGCAAAATAAGCGCTCAAATATTGGAGATATGGCAGGGAGAATACTTAGAGGAAGACGACGTCGAATATCTATAATTTTGAGTCAAAATTTAATAAACCTTCTTCTGACAAAATAGTTCTTTTGCTTTCTTTAGTAATTTTCATTTATCCAGTGGTAATTTTTTACCCATGGAACATAACTCAGTCCTTTTCTGTGCCGAAATTGGTTCTAATTTCTTTATTTTGTACCTTTTTTTCTTTATACTCTATAAAAAGAGTCAAAGGCGTTCCTGTGATAACATTTTTTCTGATTTTGTTTTTCATACTTTCTCTTTTACTTTCAGTTTTTATAGCTCCTTCTAAGGTTTATGCTATTTTAGGACAGAGTGCGAGACTTACAGGATTACTTTTTTACCTGATTTTCTTCAGTTTTGTCTGGCTTATTGTCCAACAGAGATTTAAAGAGAAGGACTTGTTTAAAATATTTTTCAGTATCGTTTTATCTTCTATAATCCCTCTCCTATACGGTTTATGCGAGTATTCTAATTTTGATTTTCTAAACCTTGAAGGTTATCCAGGTAGGCTTTCTACCTTTTTTGGGCAACCAAATGATTATGCAGTATTTTTATCTGTTATTTGTCTTTCGACTTTTTGTTTTATTTACATTTATAAAAGATTTATCCCTTTGTTTTGTGTAATTTTTGTAATATCGTTTTTTGAGCTTTTATTGACATATTCAAGGGCTAATATTTTTGGATTTTTTATGTTGTTTTTTGTACTTTTGTTCCTTTTAAATAAAGAGATTTTAAGCTCTAAAAGAGTAAGTGCACTTTTAGCTATTGGGATTCTTATTTCTATAGCATTGTTTTTTGCTACTCCTTATACGAATCCTGGCTGGTATGAAATGGGATTTAGCAGGCAGGTTGGGCGTGTAGAGGACGAATCTCTTTCTCAAAGAATTACAATGTGGAAGGCGTCAATAGATATGTTTTTAGAAAAGCCTCTTACAGGGTATGGTCTCGCAAATTATTATCCTATCTCGTCTAGATTTTTTGATATGTCAAATAGCTTTTTTCACTGGAGTACGAAAAATATGACTTTTGTTGATGTTCCTCACAACGAGTTTCTGGAATTCTTGGCACTGGGTGGAATTCCATTATTTGTTTCATTTACAATTCTAATAATTTTTGCACTCTATGGGAATTATCTTTCTGTTTACGAGAACAAATTGAATCTGATAGCGCTTTTTGGGTTTTGTGCTACTCTAATTTATCTTTTTTTTAACTTTTTTGTATTAAGCGTATCGCTTCTTTTCTTCCTCTTTCTGGCTCTTGGGCTTACGAATTTGCCCTTTAAAGGAAAAGAGATTAGGTTAGACATCTTTCCTTTGGTTATTTCTGTAGCTTGTTTCTCTCTTTTTTTGTATATGGGCGTTTATTATAACATCGATAATGGAATCTATAAGATAAAGAACAATTTCCAAAAGGTTATAATGGGTACAAATGCATTATCCTTTTACCCATATGATTATTACTCTTATCCTGCCCTTGACGATAAATATCTTCTCATTGCTAAAAGTTTGCCTAAATCAGATGAAGCTATAAGATTTGAGATGGCCAGTTCTATAGAAAGAACATCTTTTTTAGGTTTAAGCCTGTTTCCAAACGATCCCGTCTTGTATTATTATTTAGGAGAGGCATATAAGCTAAAGAGAAATTATCCTGAGGCTAAGTTATACTTTTTGAAATCTCTCGAATTTCATCCCTTTTTCGAAGAACCGATAATAGGCTTGCTTGATATATCATGCACATATGAAGGCTGTAGAAATTCTTTTAAGTATGCCAAGCTCTTATACGAGACGAGCCCGGATTCTCTTTTGACATTAGTTACTCTGGTAAACTACAATATTCGTATGCATCAATATAACGATGCAAAAATATTTTTACGCGATATAGAAGATCTTTACCCTGCGAATCCCATTATATATGTTTTCAAAGAGTTTTTTATGAAAAATACTTCTTCAAAAGTTTTTTCGTAAGCTTTATTATCTTTTCTTTATCGAACTGTTCTATTTTATTTTTTATTATCCATCTGCCGTTTACGCAAACGCTCAATATGCAGTCAGGCGTAGCACTATAAACCAGATCGCTTACAGGGTTGTGTCCTGGAATCATTGATGGGTTTTCCCTATCTATCACAAGAAAATCAGCTTTCTTGCCTACTTCGATACTGCCAATATCATCTTTAAATATTGCCCTTGCGCCCATTGAGGTAGCCATCTGAAGCGCATCAAGAGCTTTTAGGGTTTGAGGATTTTTGCTGAATATTTTTTGAAGCTTGAGAGCAAAATCCATTTCCCCAAAAATATTGAGGTTGTTATTGCTTGCTGCTCCGTCTGTGCCAAGAGCTACGTTTACTCCAGACTCAAGGAGTTTTGGCACAGGGCATATGCCGCTAGCCAATTTTGCGTTGCTCTCAGGACAGTGTGCTACACTAACATTGTGATTTTTTAGAATAGAGATATCCATATCGGTTAAATAATTTGCATGGGCAACAAAGGTTTTTGCCCTGAAAACCTCTAGTTTTTCAAGATATTTTGTTGGGGTTAGATTTTTTTCTCTTTGCATGTCTAAAAATTCTTTTTCAGATTCAGATAAGTGAATGTGAAGAGGAATATTTTCTTCTAAAGCTATTTGTGTTAATTCCCTTAATAGTTCGTCTGAACAAGTATATGGGGCATGTGGTGTGACAATAGGAGATATCAGATCGCTATCTTTGTATTTTTCTATCAGCTTTTTTGTATTTTCTATTCCCTGTTTTTGGCCCTTTGCATGAGGGGTGGGAACGCTTAGCACTCCCTCTCCAATTAGAGCTCTTAGCCCAATTTCTTCAGCTGCGCTTGCTACCATATCTTCGTAAAAATACATATCTACAAATGTGGTAATGCCATTCTTTGCCATTTCATAACAGGCAATGAGAGCTCCTAAGTAAACAGTTTCAGGATTTATGATTTGTGCTTCTTTTGGCCATATGTAATTGGTAAGCCAGTCTATTAAAGTCAGGTCATCCGCATAGCTTCTAAGAAGGGTCATGGCAGCGTGAGTATGTGCGTTTATAAGGCCTGGAATTACTAAATTGTCATTCAAATTTACTTTTTGAAGACAATCTTTATTCACGTTTATGCCGGCTATTGTGCCGTTTGAAATATATATGTTTGAGCCTTCTAAAACTTTTCCTGATTTTACATCCAGTATTGATGCGTTTTCTATTAATAGATCGTTCA
NZ_CP020921.1_gap13	382280	387047	4767	ACAAGGGGTTTAAATTTGATGCTAAATATCTGGGCGCTACTACGTATGTTTCAGAATTTTTGGTAGATGTCAAAAATAATCATGCTGAATTATATAGTAAAATATTGGGGATTAATAATGAGCTTGAAATATTGCAGCATATTTTTGTACTAACTAAGGTTAATAGTTTTGCAAATACTTATAACTTAGATGAAATAATAAACACAGTAAACTACCCCAATGCTTTTTCAATTATTGCTTCAAGCATATCCTCTTTAGAAAATGAATTAACATTCAAAGATTCACATATTCAAGAACTAAACTCCAAAGTAGCCTCATTAGAGAACGAATTAGAATCAAGAGAGGTTGAAATCAAAAATCTAAATAACGAGCTTACAAACAAAGATTCATATATTCAAGAACTAAACTCCAAAGTAGACTCTTTAGAAAACGAATTAATTTCTGTTTTGCAAAGCAGAAGTTGGCGCTATACAAGGCCGATAAGAAAACTCTTACATAAATTGAAACTGAACAAAAAATAAAGGGGATAGAGGATATGTTTAAAATTGCCAGATTACTTAGTTTCTTTAGAAAAAGATATGTCATAAAGAAGAGTAGATTATTTGATGAAATATATTATTTAAAGTCATATCCAGATGTAAGAGCTGCTGATGTAGATCCAATAAAACACTATATATTATTCGGTGCAAAGGAAAGAAGAAATCCCAGTCCATATTTTCAGACTGCTTTTTATTTAGATAAATATCCAGATGTAGCCCAAAGCGGTATAAATCCACTCTTGCATTATATTTTATTTGGTGCAAAAGAAGGAAGATGGCCAAATCCTGAGTTTGACTCAGGATATTACTTGTTAGCAAACCCAGATGTTAAAAAGGCAGGATTAAATCCACTTCTACACTATATATTATTTGGACAACATGAAGGCAGAAAAGCAAAAGGCAACAGTGAAGTGAGATTATTAACAATTCAAAATGAGCCTACAAAACTTATAAAACTATTGAGATTAATTAATAAAACGCATATCAAAAAGAGCATTGATTACATAAGAATGTATGGATTAAAAGCGTTTTTTAGAAAAGTTAAGATGAAATTGGTTAGTGATAAAAGAATACAATTTTTAGATGATATGGACCATGATATTCTTTATCAATGTTGGATAACTCAGAATGAGCCATCGGTAGAGGAATTGCTTGCCCAAAGAACTACAAAATTTAACTACGAACCCAAAATAAGTATTATTGTACCTGTTTGGACTACACCAAAGCAATTTCTAATTGATATGATAGAGTCAGTATTGAACCAAACGTATTCAAATTGGGAACTATGTATTGCAGATGGTGCAAGCAAAGAAGCCTATGTAAAAGATGTGTTAGAAGAATATATCAAAAAAGACGATAGAATTAAAGTAAAATATCTTTCTGAAAATAAAGGAATTGTTGGGAATTCAAATGAAGCTTTAAGCATATCAACAGGTGATTATGTTGCTTTGTTAGATCATGATGACACATTAGCTCCATTTGCATTATTTGAAGTAGTAAAGGCAATAAATGAAAACGAAAATGCAGATTTTATATATTCTGATGAAGATAAAATCTCAGAAGATGGTACTAAAAGATTTAATCCACATTTTAAGCCAGATTGGAGTCCTGATACACTTAGAAGCTACAACTACATAGCGCATTTATCAGTAATAAAGAAAGAGCTTTTAAATGAAGTTGGTTGGTTTAGAGAAGGATATGACGGCTCTCAAGATTACGATCTGATACTTAGGTGTACAGAAAAAGCAAAGAAAATAGTACATATCCCTAAGATTTTATATCATTGGAGAATATCCCAAAATTCAACTGCTCAAAATCCGAATAGCAAATTATATGCATTTGAATCTGCTAAAAAACTTTTAAAAGATCATTTGGATAGAATTAGATTAAAGGGAAAAGTAAGGGACGGCTTGTTTCTTGGATCTTATAAAATAGACTACGATATAACTCGCAACTATAAGATTTCAATAATAATTCCAAACAAAGATCACAAAGAAGACCTTGAAAGATGTATTAACTCTATCTTGAGTAAGTCTACATATAAAAATTACGAGATTATAATAGTTGAAAATAGCAGTACCCAAGAGAAGACTTTTAAATATTATGAATACCTACAAAATAAATACAACAACATTTTCATATTGGAGTGGAAAGATGCATTTAATTATTCAGCTGTCAACAATTTTGCAGCTAAGTATGCTAAAGGTGATATATTACTTTTTTTAAATAACGATACTGAGGTTATAAATAAAAATTGGTTAGAAGAAATGATTCAATATGTTCAAAGAAAAGATGTAGGTGCTGTTGGTGCAAAATTATACTATCCTGATGATACGATTCAACATGCCGGCGTCATCATAGGGATGCTTGGAATTGCGGGACATTCTCACAGGTATTTCCCTAAAAATTCTTTTGGATATTTTGGGAAGTTAGGAATTGTACAAAACTTATCAGCAGTAACTGGTGCATGTTTAATGATGCGTAAAGACGTTTTTAATGAAGTTGGAGGATTTGATGAGGAATATCCTTTAGTATTTAATGATGTAGATATTTGTTTAAAGGTAAGAGGAAAGGGATATTTAGTAGTATGGACACCTTATGCAGAACTTTATCATCATGAATCAAAAACCCGTGGATTTGAAGATACTCCAGAGAAGCAAGAAAGATTTAAGAAAGAAATAGAATTATTTAAGAAGAAATGGGGGTATATTCTTGAAAATTGCGATCCATATTACAATCCAAATTTAACTTTAGAAAGAGAGGATTTTTCATACTCAAGAAAACCGGATGTATAAGTATTTTAAAAAACTTAATGAAAAAATTTAGACAATTTGATGGTTTTAAGAAGATGCTTTTTTGCTTTAAGTTATAATGATTTTATTGTTGATAAAAAGGTAAAGGCTCTTATGAGTAAGCTATAAATAACAGCCATATATCCAGAGAAAGTTGTTGGTACTCTAAGTGATACAACATCTGTTTATGGTGAACCAGATGTTTTTAATATTGATCAAGGTTTTCAATTAAGGTTTTATATGGCTGATTTAGGGGATGCAATCTAAATGAGAAATTAAGGAAAATAATAAATTGATTTAACAAAGGATTATAGGTTAAATTGTTTTATTTGGCATAAAAAACTTTTATTCAGAAAGGAAAATTTGTGTGAAAGTTAGCTTAAATAATAATGGAAATAGCAAACAAATAGGCTCGATTGAAGTTAAAAATTTCTTTAAAATAATATATATATATATATTTACAGCAGTACCAATTATTTTTTATTTATGGATAATTTTAAGATTCACTGTCAATATGCCATGGTGGGATGATTATGACGCTGTTTTGAATTGGATCAACAGGTTTATATCTCATCAAAACAATTTTAACTATCTGATTTCAATGCTATTTGAACAACATAACGAGCATAGAATACTTTTTGATAGAATCTTTATATTATTTAATTATTATGTTTTTGGTTCAATAAATTTTATATTTTTAAACTATATAGGATATCTTGGTTTATTCGCAATATTTGGATTAATGCTTTGGCTTAGTGTGAAAAATGGTGTGTCTGGCATATATTTACTACCTATTCCCTTTTTGACTTTTTCGCTATGTCAATACGAATTAATTTCTTTTGCAATGGCATCTATGCAACAGTATTGGCAACTCTTTTTTTGTTTAATTGCTATCATATTAATTACTAAAAACGAAGATATTAAAACTAGTTATTTGGTATTAAGTCTTTTATTTTCTATAATAGCTTCTTTTACTGGCGCTGGCGGCTTAATAGTTTTTCCTACAACTTTAATCTATCTTATAATTTATAAAAGAGGAATTAAAAATATAATCATATGGCTATCTATATCGATATTAACATTTATTTTTTATTTTGTTATTTTACAATACCATCAAACTGCAATAGGTATAGCAAGCCATCAGTTTGTTGTTGAACATCCATTAAAATATATAGCGTATATCTTTTGTTTTATTGGAAACATTGCAGGTGATAAAATCACCTCATTTATCTTGGGATTACTTTTATTTTTATCTATTTTGTTTTTGGGCTCAAAATTTTACAAAAAAAACACAGCGTTAATATTAATTTCATTCTTTATTATAGCAACAGCAGCAGCTGCCGGGCTTAGTAGGGTTAGTATGGGGGTAGTAGAAGCAACTTCTTCTAGATATACTATTTACTCTTCAATATTATTAGCATGTTTGTACATTCTGTTGATTGGTAGAATAAAATCTATTCTTTACAAACGCAACATTTTTATAATTTCAAGCTTAATAGCCATATCAATTTTTTTGTGCTGGGTTCCTAAAGGTATTGCTTCATTAGAGAACAAAGAAGTTTTGTTAAAGTCAAGTCTTGTGTATCCATCAGAACAAAGAGCTATAAAAATATTAGAAAATTCATTTAAATTGGGCACTTTTATGCCTATTGCTCAAATATATAAATTTTTGCCTTCTTATTATGCTTTTGCTATTGATCTAAATCAACCAACCTCTTACACAATAGAATCAATCACATTAAATAATACAAAACCTTTATATAACTTATCACAAAATCCTACACCTCCAACTGATATAAATCTAACAAAAAATGATAAAAATGACATTATCCAAATATCTGGCTGGGCAGTAGACAGCGTTGCAAAAAATGCTGATAGAGGTGTTATTGCAGTAATAGATAATAAATATTTTTATCCGTTAGGAAGTGGAGTCCAAA
NZ_CP020921.1_gap14	460609	465383	4774	GGTAACGTACGTGCAAACTTGAGAAAGGACATAGTAGCTATAATGGCTGCTCATGATATTGCATATGCTGCTCAGGCCTCTTTGTCGCACTGGAATGATTTTATGAGAAAAGTACAAAAAGCTCTTTCTTATGATGGGCCAAGTTTTATCACAGTGCTTGCACCTTGCCCAAGAGGGTGGAGATTTCCTGCTTCAGAAACTGTAAACATTGCAAAGCTTGCAGTAGAAACAGGCTTTTGGCCACTTTATGAAGTAGACAATGGTCAGTGGAATGTTACCTTTAAGCCAAGAGAGCTAAAACCGCTTGAGGATTTCTTAAAGACTCAGGGAAGATATGCCCATTTGTTTAAATCAGAAGAAGGAAAACAAGTCATTGAACGCATTAAAGAGCTTATACAATATAAGCTTAATTACATTAATCACATGGCAGAAGCTACAAAAGGTTGCGAAATGAATATTTTTGGACGCTGTGCATTCCCAGAAGTGTAATTCATTTTAATTTACCAAACATTTTAAAGTTAATGGGGACTGAGAGAATCAGTCCCCTTTTTTTATATATTTATTTTTTAAAAGTTCAAATATAAAACTTTTATAAGTTAATTTAAAGGTTTTTCATTTGTATTTTTCTTATAATTTGTTTAAAATATATTGTAGCAATTAAACAGAAATATATTTATTTAAATGAATAAATTTTCCCGGGGAGCTCGAAAGGGCTGAGATAGGCTTGAGGCCTGACCCGCTGAACCTGAATCGGGTAATACCGACGAAGGGAGAGAAATTGATAACTCCCAAGGTCGGGAGTTTTTTATTTTTTCATATTTGGAGAGGTAAAAGAAAAAAATGCTTTCTAAGACTTATATTAATAGAGTTATAGATGCCAATCGAAATAGATGTATTGAAGGCTTAAGAGTTGTTGAAGATTATTTAAGGTTTATAAAAAATGACTTAACTAATTCCTCTACGATTAGGAATATTAGACACGAAATATCAAGAATTTTAGATTTTGATATGATTGGCGAAAGAGATGTCAAATCTGATATAGGAAAAAATAACTTTCATAGCCCATACACAGAAATGGATCAAGTCTTAAGAGCTAACCTATCAAGAATTAAAGAAAGTTTGAGAGTTTTAGAAGAATTTACAAGATATATCGATACTTCCATTAGCGATCAAATAATGAATATAAGATTTGGGTTTTATGAAATAGAAAAGAGGTTATTATCTAATAAAGACCTTGAAAAAATTTATATATTAGCAGACATAGATCTGGCAAAAAATGAATCAGATCTTTTTGAAGGTCTCAAAATACTTTCAGATAATAATGTGAGATTAGTTCAACTAAGAGCAAAAAAATTTTCTACCAAAAAGTTCTATGAACTAGGAGAGAAGATAATTGAATTTTTTCCACATTTTAAATTGATAATTAATGATAAAGTTGAAGTAGCGCTTGCTTTAGAGTCTTACGGCGTTCACGTTGGAGAGGATGAATTACCGTTTAATGTTACAAGAAAGTTGATGGGGAATAAAGTAGTAGGGGCTACAGTTCACAATGTCGAAGATCTTAGACTTTCTCAAGTAGCTAAAGTAGATTATATTGGTGTCGGCGCTATTTATCCCTCTACTACTAAACCGGATTGTCAATTAAACGGTGTTGAGTTCTTAAAAAAGATAAGGGCTTTAACTACAACCTTTATATATGCTATTGGTGGTATAAACTCAAAAAATGCTAGGAAAGTTTTTGATGCTGGTGCTGATGGGATTTGTGTAGGAAGCGGTTTTTGGTATGCTAAGGATAGAGTTGAAGAGATAAAAAGGTTGATTCATATTTCGAATGAGGAGGAAAATTAGATGACTCAGAGGGAGTCTGCTATAAAGGGTATTGTTACTGATGCTATGAAATTCGTTTCAGAATATGAAGGATTAAGTGTTGAGTATATTTTAGAACAGCTTGTTTCAGGAACAGTTTGTATTCCTGCAAACATAAACCACAGACCAATATCCTACAGAGGAATTGGAAAAGGCCTAAAAACAAAAATAAATGCTAATATAGGAACTTCAAGTGATTTTCCAGATTTAGATGAAGAACTTGCAAAGTTAGAAGTTGCTATTAAAAGTGGTGCAGATGCGGTAATGGACCTTTCTACAGGAGGAGATCTAATAAAAATTAGAGAAAAACTTTTAGCAAAGTGCAATGTGCCATTTGGTACTGTGCCTATATATGAGGTAGCTGTTAATGCGCTTGAGAAGTATGGTGCAATCGTAAAGATGAAAGTTGATGACATTTTTGAAGTTATAGAAAAACAGGGCAAACAAGGAGTTGATTTTATAACAGTTCATGTTGGTGTTACCAGGTCTTCTATTGAGAGATTGAGAAAACAAAAAAGAATAGCAGATATTGTAAGTAGAGGTGGATCGTTTTTGACTGCCTGGATTTTGCACAATGATAGAGAAAATCCCCTTTATGAAAATTATGATAGATTATTAGAGATTGCCAAAAAATATGATATGACCCTTTCTTTGGGAGATGGAATGAGACCTGGGGCGCTGGCTGACGCAACTGACAGATGCCAGATTGAAGAATTGATAACTTTGGGAGAATTAACAAAAACAGCTCTTGATAATGGGGTTCAGGTAATGGTAGAAGGGCCTGGTCATGTTCCGATTGATCAGATAGAAACAAATATTAAGATCCAGAAGTCGCTTTGTCAGGGAGCTCCATTTTATGTGTTGGGTCCCTTAGTAACTGACGTTGCTCCGGGATACGATCACATAACATCTGCAATTGGTGGGGCAATTGCAGGCATGTATGGAGCTGACTTTTTGTGTTACGTAACACCTGCAGAACACCTTGGTTTGCCGACTTTGGAAGATGTAAAGGAAGGAGTAATTGCAGCGAAGATAGCTGCACATGCAGCCGATATTGCAAAAGGGATCAAAGGCTCCCTTGATTGGGATATAAAAATGGCTAAGGCAAGAAAAGCTCTTGACTGGAAAAAGCAGATTGAACTTTCTATAGATCCAGAAAAGTCTTCTAAAATTTATAACAGTAGAAAGTCATCTGAAGAACAGGGTTGTAGTATGTGTGGCAAGTATTGTGCTATGAAAATTGTTTCTGAGTATTTAGATACAGAAATTAAAAAATGTTAAAAATAAAAGATATTGGAGAATTTGGTTTTATAGATAGTATAAAACCAGAAGAAACAGTAGAAGATCTTAAAGTTGGAATTGGAGATGATGCTGCAATAATTTCTCCTTATGGGGAGTTCGATATAGTTGTCACTACAGATATGTTAGTAGAAGGCACTCACTTTTTGGCAGATACAGATCCTTTTGCTATTGGATACAGATCTATGTGTGCAAATTTATCTGATATTGCGGCAATGGGAGCTATACCGAAATTTTATTTTGTATCCCTTGGTATAAACCCCGAAAGAGATTTTAATTATGCGAGGGATATATATAAAGGCTTTAATTCTCTTGCTGAGCAATTTAACACTCATCTGGCTGGAGGAGACACAGTTAAATCTGATAAAACAATTATTTCTATTACTTTGATCGGTTATGTTGAGAAATCTATAACCATTGAAAGAAAGGGGAAGATAGAAGCTAAAGACCTTGTTATTTCTGTAGGGCCCCTGGGTTATTCTGGAGCAGGATTGGAAGTAATCAAAAATAAATTTGACGGCTTTGATGAACTGGTAAAGGTTTTTCTGTATCCTTATCCTCAGATTATTGCAGGGCGTATTTTAGGACAGTCGAAATTGGTACGCGTAATGATGGATAATTCTGACGGGTTAGCTAGTTGTATTGAAAATTTAGTTGTAAAGAACGGTTTTGGAGCCATTCTTTTTGAGGAAGGGCTTTTTGACGAAAGATTAAAGGCTATTGCAGAATTTACAAATAGAAACTATCTTGATTTTGTATTTAATGGGGGAGAGGATTTTGGGCTTGTGGCAGTAATAAAAAAAGACGGCTTTTTGGATTTATCTTACTTTTTGGAAAAGTCACTTTTTAATAATAGTGTAAAGGTAATAGGAGAAATAACTCAAAACAAAGAGATAATCCTAAAAAGATTGGACAATAGTTTGCTTGAAATAAACAAATCTGGTTATGTTCAGTTTTAAGTATCCATATTAGGGAATATAAAAGTTTTAGATAAAATTATCTTTTGTAAGTGATTAAGTATTTGACAGATATTTTATTTATTGGTATGATAACACTTTGTCAATAATTTAAAATATTTTATTAGGAGGTGAACCTCTAAAAGAGGGATTATAGTATGCCCACAATTAATCAATTAGTTCGGTATGAACGAGAAAAGCTAATTAAAAAATCAAAATCACCAGCTTTGCAATCTTGTCCTCAAAGAAGAGGAGTTTGTACAAGGGTTTATACTACTACGCCAAAAAAGCCTAACTCTGCTCTAAGAAAGGTTGCTCGTGTAAAGCTTACTAACGGTTACGAGGTGACGGCTTATATACCTGGCATAGGACATAATTTACAAGAGCACTCCGTTGTTTTGGTGAGGGGCGGTCGTGTAAAAGATCTCCCGGGCGTTCGTTACCATATTGTAAGAGGAGCTTTAGATGCAGCCGGTGTTCAAAATAGAGCTCAGGGCCGTTCAAAATATGGCTCTAAAAAACCTAAGAAATAAGCTAAAAGGAGATAAAAGTTATGCCTAGACGTGGAGGAGTAAAAGTTAGGCAAGTAATGCCCGATCCTGTTACCGGTAGCACGGTTGTGACTAAGATTATTAACAAAATAATGTGGGACG
NZ_CP020921.1_gap15	468170	471152	2982	ATGCACACGTAGACTGTCCAGGACACGTAGACTATATCAAAAACATGATTACTGGTGCAGCCCAGATGGACGGAGCAGTTCTTGTAGTAGCGGCGAACGATGGACCAATGCCTCAAACAAGAGAACACATCCTTCTTGCAAGACAGGTAGGAGTGCCCTCTATCATAGTCTTTATGAACAAGATTGATATGGTAGATGACCCTGAACTCCTTGATCTGGTAGAGATGGAAACAAGAGATCTTCTTTCTTCTTATGAATTTCCTGGAGACGAAATACCCATAATAAGAGGTTCTGCTCTAAAGGCTATTGAAGCCCTTCAAGCAAACAGCTCTATTCAAAGAGGACAAAACGAATGGGTAGACAAGATATGGGAGCTTGCAGATGCCCTAGACTCTTATATCCCAGATCCACAAAGAGACATAGATAAGCCATTCATCATGGCAATTGAAGACGTCTTTACAATCACAGGTAGAGGAACAGTAGTAACAGGCCGTATTGAAAGAGGTCGCATAAAGCCAGGAGACGAAGTAGAAATAGTAGGATTTTCCATGCAGCCAAAGAAAACAGTCTGCACATCTGTAGAGATGTTTAGAAAGATATTAGACGAAGGCATAGCAGGAGATAACGTAGGATGTCTTCTAAGAGGTATTGACAAGGACGAAGTAGAAAGAGGACAGGTCCTTGCAAAGCCAGGTTCAATCAAGCCCTATACAAAGTTTAACGCAGAGGTCTATGTCCTTAAAAAGGAAGAAGGTGGACGTCACACCCCATTCTTCAACGGATATCGTCCACAGTTCTACTTCAGAACTACAGACGTAACAGGAACAATAAAGCTTCCAGAAGGCGTAGAAATGGTAATGCCTGGAGATAACATAAACATGTTGGTAGAGCTTATATCTCCAGTAGCAATTGAAGAAGGACTTCGCTTTGCAATACGTGAAGGCGGCAGAACTGTAGGTGCTGGCGTTGTCACTAAGACACTCGAATAGTTGGTGATGATAATGCGTCAAAAAATTAGAGTAAAGATAAAGTCATACGATCACAGAACTTTGGACCAATCAGTAAAAAGAATTGTTGATACTGTCCAGAGAACAGGAGCTGTAGTACATGGTCCAATTCCGCTTCCAACAAGGCGTGAACTGTTTTGTGTGATTAGATCTCCTCATATAGACAAGGATTCACAAGAACACTTCGAAATTTTAACTCACAAGAGACTAATTGATATAGTTGATCCTACACCTAGGACTATGGACGCGTTAAGAGACTTAGATCTACCCGCAGGAGTTGATATAGAGGTTAAGGTGTAAGAGAGGAGGAAAACTTGCAATGGGTAAAATGTTTATGGGTTTAGTTGGAAAAAAACTGGGCATGACAAGTTATATTACACCATCAGGCGTAATACCCGTGACAGTTGTACAGGCTATAAAAGGAACTGTTGCTGATAAGAGGACGGTTGAAAAAGATGGATACGAGGCTGTTAGAGTGGCTTTTCAAGAGTGTTCTGAGAGAAAACTAAATAGACCTGAGCTTGGACTTTTTAAAAAAGCTTCTATAAAGCCTCATAAGAAAATCGTAGAATTCCAAAATAACAGTTTGAACGTAGGCGATACCATAGATATATCTATGTTTTCAGTTGGTGACAACATTAATGTTACAGGAATTACGAGAGGTTTTGGTACCAGTGGCACTATCAAAAGATGGAAGTTCCAAAGAGGGCCGATGAGCCACGGTTCAAAGAACATCAGGAAAATCGGTTCAACAGGAGTAGGGACAGGAATGAGCAAGATAATAAAAGGAAAGAAAATGCCAGGTCATATGGGCAACGTTAAAAGAACTGTTAAGAATATATCAGTAGTTGATCTTATGCCCGAAGACTATCTTGTAATCCTTAAAGGTTCTATTCCTGGACACAAAAACTCCTTTGTTATTTTGTACAAAGGAGGAAACGCATGATTTCTGTATATGATTTAGAGGGAAATAAAGTTAGAGAAATTGAATCCGATTTGATTGATGTTAAAGATAATTCGCACGTTGTCTATATGCAGGTTGTAAGAGAGCTAGCAGGAATGAGATCGGGTAGCGCATGTACCAAAACACGTGGAGAAGTAAGAGGCGGAGGGAAAAAACCATATGCCCAAAAGCATACTGGTAGGGCCAGACATGGTTCAATTCGTTCTCCGATATGGAGAAAAGGAGGAATTACATTTGGCCCAAAACCCAGAAAATATAGTTTTTCTCTGCCTAAAAAAGTTATAAAGCTTTCAAGAAATATTGCGCTTAAAAATCTTATTGCTCAGGATAGATTTATAGTAGTTGAAAATCTTTCAAATATTGAACCAAAAACAAAGTTTGCTACTAATTTTGTAAAAAAACTTCCTGGAGAAAATTGTAAAAGTTTAGTAGTTGTAGATGACTATTTCGAAAACGTTTTGCGCGCTTTTGCAAACCTCCCAAATTTTAGAATAGTTGACGTGAATAATTTAAAGGTAGCCGACATTCTTTGGTCTCAAAGAGTAATTTTGACTCCCGAGGCTTTAGAGTGTCTAGAGACCTGGAGGTGATAAGAGATGTTTGACCCATATCGCTATGTAATTAAACCTGTTGTTACTGAAAAGAGCACGGATTTGGCTGGGAAATATAATCAATATACTTTTATTGTTAGTAAAGATGCTAATAAAACTTCTATTAAGATGTCTATAGAAGAAATTTTCAAAGTTAAGGTAAAGGATCTTAAAATAATTAACGTCAAAGGTAAACCTAAAAGAATGGGAAGGAATGTCGGTTTAACCTCTTCTTTTAAGAAAGCCATAATAACTTTGATGCCAGGAAATAAGATTGAGATCTTTGAAGGCGTTCAATAGGGAGGTTAAAAAATATGTCTGTTAAGAGTTATAAGCCATATACAGCAAGTAGAAGGTTCATGACTGTTTCTTCTTTTGATGAAATATCAAAGGATAAGCCGGAGAAATCGCTTATAAAGGG
NZ_CP020921.1_gap16	652973	657294	4321	ATAACTTTCTTCCCTTCTTTTGTGTTTTTTAAAATTTTAAAGAATTATTCTGCAATAATTTTATTGATTAACATCTCTCTGCCAGATTCTATAACTGTTTCAAACGAGTGACAATATGGGCATTCCATACTTATCATTCTATCGCTTTCAAATATTTTTCCGCAATTCAAACAATGTAATTTTAGGTTTGCTTTGTTTATTTTCAAAATAGCTTCTTCTAGCATTGTTTCGTTTTTCATAACATCAAAAGCCGAAGCTAATAGATCAGTTTCTATCATGGCTCCAGCTCCAACAGTAATTTCTACCTCAAGAATTTTGTGCGCATTGTTCTGTTTTGCTTGTTCTGTAGTTATATCAATTATTTCTTGAACAATACTTGCTTCATGCATTTAATTAAATGCCTCCCAAAATGAGTTTTCCCATACTATCTTTTTTAACCTCGAACACAATTCATCTAAGATTTTTCTGTTTTCTTCGGTATTTTTTGTTGTAATAATTGCTATATTTTTAATATCAATTATAACATTGTTTTTATTGGTAATAACTCTGATATCATATATGTTTGGCTCTTCATCAAAAGCAAGATTTAAGTTTTTTATTACAGATGTTATGTTGATAAATGGATTAGGGAAGATTTCAGGATAATCCTGAAGATTGAACCAAAAATCTTTTTCAATATAGATATTTGGACCATCGTTAGTTACTCTGAAATAATCAGCAGCAATTCTTCGGTTAATTGTAATCCCATCTTTTTTTAAATCTGCGATAATGTATTTAATTCTTTCTTCTGTTTTTGGATGGTTTCGATAAATTCCCCAATTTATATCTTGAGAACTTCTTTCTCTTGCGTTAAGCCTTTCCATTGTTGTTAATAATCCAACTGGATTGTATCCGCAAGCTATAGCGCACCTGATTGCAAATTCATCTGCTTGTTTTTCTAACTCAATGGAATATTGATTCAGCATTGCCATTGAGAGAAGGCTTGCTGATTCAGTAGCTGCAGCATTTCCTCTTGATGCTATTATTACAGCAAGGGCTACAAGAGTGTACTTTTTTTGAAGTTCCATTTGTTTTCTGTGATGATCTAAAACTACATGCCCAGTTTCGTGTGAAAGTATGCACGCTAGTTCATCATCAGTTCTAACAAAGTTTAGCATTCCTGTTGTGACAAAAATAAAACCCCCTGGTAGAGCGAAGGCATTAACGTCGTTACTATAATATGCTCTTATTGTTAGTTTTAAATCCTTAACTCCTGAAAATTCTCTGGCGTATTTTTGTAAACGTTCACCGATTTTGTTTAATCTTTCTTGAACTGTATGATCTTTTACGATCTTGTAATATGATTCAATTTCCTTTGCAATTTTCTGACCTTCTTTATATTCAGCATCATAATTTACTATGGTTTGTGAATTAGCATTAATTTGAAGGTTTAAAATAAGATAGCATGTTAAGGTTATAAAAAAAAGCACTAATTTTTTTTTAAGCATTTTCATTTTCGTGGTTGTTTTGTTTCTTTTCTGGTTTTAATAGTGCTCCACAATAACAGCAGAAAGTATCATCTTTGTCAAAAAGAGTCTTGTGGCAGAAAGGACACTTTGCTTCTGGTTTTCTGGGAAATTTTTTTATAGCTAAAACAATAATAAAAAACGATAAAACTATTAGTAAAATACCAAAAATTGTAAAGAGTATAGGTATAAAATCAGAAAAGTTATTAATTTTTTCGGGTTTATTAATTTTTTCATTAGTTGGTGTTGTTTTTTCGGTCATGGCTTGTTTTTCTGTGTTATCCTTTTCCAAAACAATATTTTTAACAAAAATGGGTTTGTTCCCCTGGCTAATTATAAGTTTGTATGTGCCATTGACTTCAGTTTGTACAGGTATAACTATGTTTGTTTCATCTACAACTTCAGTAACAGGTCTTTTTTGCCCATTATCGCTTACAACAGAATACTTCCTTGCAAAGAAGACGATGTCAGTTGAATACAAGGATCTTGAATCTGGCGAATAAAAATTTAGCCTGTAAATTAATTTTGGTCCGGTTATGGGAGGTTTATTTCCTAATTTAAGCCATGATTCAAGTACTGGCCCATAATCGGGAGTATTTTGAATGATTTCTTCCATCAGATTACTATCAGCTTTTACATGTACAGAAATGGAACTTAGAGAACTGTAGTTGCCATCTGGTTTTTCGTTCCCTGTAATAGAAAGATTTACCTGAAGTTGATCGTTTGCCCTTGCATTGGTGCTATTAAATAGAGTTGAAAATATATAAAGAGATAGGATTATTGCCCAAAAAAATTTTAATTTCACATTCTCTCCATTGGGATAATATTTAAATATGACAATCCTCTTGAGAGGATATCGTGAACCTTTAAAATCAAAAGAAGCCTTGACCACTGAATTGACTTATCCCGATTAATTATCCTATTTTTTTGATAATAAATATGAAACAGTCTTGCAAGATCGAGCATATAATTGACAAGATAATATGGTTCATAGTCACGTACTGCCTTTTCTCTAAAAAAGTCAAAATTGTCAATTTTCTTAATAATTTCGTATTCTTCTGATGCCTTTATATATTTTGAGTATTCAATTAAATTAGACGGTATTTCTTCATCAATGTTTCTTTTTATGCTGGATATTCTTGCACATGCATATTGGATATAATAAAGAGGATTATCCATTGTAACTTCTTTTGCTTTATCTATATGAAAATCTATTGTACTATTTAAAGACCTTGAGGTTAAATAAAATCTTAAAATATCATGTCCAACGTCTTCTAAAAGTTCTTTTAAGGTAATCATATTGCCAGTTCTTTTTGACATACGTATGAGATTTTTGTTTTTATAGAGGTTTACTAATTGTCCCAAAAGCACTACAAGTCTTTCTTCAGGTAAATTTAGCGCTTTTAATGCACTTTTTAGCCTTGGTACATAGCCATGATGATCTGTGCCCCATATATTTATATAAATGTCAAAATTTCTTTTGAATTTTTCATAATGATACGCTATATCAGCTGCAAAATATGTTGGAAGCCCATTCTCTCTTATTAATACTCTGTCTTCACTATCGAAATAATTAGAAGTTTTAAGCCAAAGGGCACCATCTTTTTTGTATGTTTGATTTTTTGATATTAAAAGTTCGATTATTTTATTAATTTTGTTTTCCTGGTGCAAGCTGCTTTCAAAGAAAAAAGAATCAAAAATAACTCCAAAATTTTTTAAAATTTCCTTTTGTTCTCCAAGCGCTATATTTAAAGCCTCTTCTTTTATGAGTTCAAAATGCAAGCTTTGATCCTCTTTAGATAAAAAGGGATATTTATTAAGAATTTTTTTTGCAATATCTATAACATATTCGCCTTGATAGCCACCTTCCGGGAATATAAAATCTTGTTTTAGAATTTCTCTTATCCTAGCTATTATTGATAAGGTGAAAAGTTCCATTTGATTGCCGTAATTGTTTACATAAAATTCAGTTTGGACATTGAAGCCGTAATCCTTTAAAATCCTAGTTAAAGAATCACCAAATGCTGCCCATCTGGCATGACCTATGTGAAGTGGTCCTGTAGGATTTGCTGAAACGTATTCAATTAATATTGTTTTGGATTCAGAACTATTTAAATAAGGTTTAATAGTAAAATTTTGTAAAATATTTTGTAGAGCATGCTCTTTTAGACTTACATTTATAAATCCAGGATTGGCAACTTGAACTAAAAAATTATCGTCTTTAAAACTTTGAGCCAACTTGTTTGCAATTTTGATAGGGTTTTCTTTTAAGTGTTTTGCAAGTTTCATTGAACTTAAAACAGTATAATCCCCATATTGAGGATTAGATATTTGTATTTCTACAAAAGAATCGGGATTTTTAATTTCTGGATAAAGATTAATGATGTGTTTTTGTGTTTCTCTTTTTAAATGGTTGTAAAAAGACAAATAAAACCTCCTTGCAAATTAATTTCTCAATAATCAATTATACAATATGAGTTTAAAGTTCACATTTTAAAAAAATTGTAGTAACATATACATAGTTAATAGGGAGGTATTATGCTCAAAGCAAAAATTTTAAATGAGCAGGAAATTGGTAAGATACTTCATCGATTAGTTTACGAAATTTATGAAAATCATAAAAATTTTAATGAGCTTTTGCTAGTAGGTTTATGGACAAGGGGCGTTTATTTAAGTAAACGTATTGCTGATATTTTTTTAAGAGAACAAGGGATAGAATTAGAAACTTCAGAATTGGATGTCACACCATATAGAGATGATTTATATACTAAGGAAAAAATTCCTTTAAAAACTACTAATTTAATATCTACTCAAGA
NZ_CP020921.1_gap17	664122	666955	2833	AAGAAAGGATGATTATAAGATAAGAAGAATGGCGCTTTTGCATCATGTGCCCACTATTACAACTATAGCAGGTGCTGCTGCAACAGTTAACGCTATTGAAGCTTTAAAGAATTCTGAAATAGAAGTAAAATCTATACAAGATTTTTACAAGATTTTAAAAAATTAGATTAAGAATTGAATTTCTTCTATGTTTAAACCTATTTTAATAATTTTCTTGACTTTATTCAAATATTTTTTTAAAATAATCTTGCTTTTATGTGGCGGCGTAGCTCAGAGGCAGAGCAAGCGGTTCATACCCGCTGTGTCAGTGGTTCAAATCCACTCGCCGCTACCATTTTTTTATGTCTATTAGAACTGAAATAGACAAAATTGTTTATCATACCGATAATATTTTAAATAATTACAACCTTAAGCTTTCAAACCCATGTATAGCTATTTCAGGTGGTGCTGACTCTGTTTTTTTGGCTTTTATACTTTCGAAGTTGAAGTCGAAAGTTAACTTTATACTACTACACTTCGACCATGGGTGGCGAAAAAGGGATCTAATTTATGAAAGAAATTTAATAATCAATTATGCAGAAATATATAATTTTAGAGTTATTTTTGGTTCTTCAGAAAATATAGGAAAATTAAATGAAGAAAATGCAAGAAAAAGAAGATTTGCTTTTTTTTATAGCATTATGGATAAAATAAATTCGAATTCTTTGTTTACTGGACATAATCTGAATGATAGGTTTGAAACATTTTTGTGGAATATTTGTCGCGGAGCAGGTATAAGAGGGATACTATCTTTAAAAGAAGTTAGACAATTTGGGAAAATAAATATTATTAGCCCTTTGATACACGTAAAAAGGGATAAAATAAGGGCTTTTTGCGAGTATTTAAAGCTAGATTATATATCTGATATTTATAATGATGATATAAATTATAAAAGAGTATTTATCAGGAAAGAAATAACTCCGAGAATAGAAAGTATCTGGCAAAATTCTTTAGAACACTTTGATTCTTTTATTAGACTGGTAGAAGACGAAGATAATTACATTGAGAAGATTACAAACGAAATATACAAAGACGTTGTTCTTTCCATGCCTTGGGCTAGCATTATATTTATAAAAGAACTATTAAAATATGATGTTGCTTTGATTCGCAGGGTTATAAAACAATTCTTGCATTCTTTAAATGTATCTTATAGTTATAATGAAGTTAATTTATTATGTAAATTTCTACAAAAAGATGAAAGGATTCCTTTTCCTTCTTTTAAAGGTCTTGGGATTTATAAAAATAAAAATATCTTTTCTTTATATGACCGTTCTTTTGTAAACGGTTATAGTTGGGATAAAGTACCTAAAAACCTGGGTATATTTATTAATAATCCGCTAGAGAAAGAAATTTTTCTGGAAATCAGATTTTTTAAAAATTCTGATTATGTTATTTTAGATGGAAGAAAGGTTTATTTATATAACTTTTTTAACAAAAAAAACAAACTTTTTTACAAATTTGTCCCAATGATATTTTATAAAAACGTTCTCAAATGGGCTCCATTTGAATATTTTGATGAAGATTTCTTTAAAACTTATAATATTAAGATTTCTTTTGATGATTTTTTGGAGAAATTTAAATTATTGTGGAGGCAAAAGTGACTGGAACAATAATTAATGCTTTTTCAGTGATTATTGGTAGTAGTATAGGTCTAGTTATGGGTTCTCATCTGGCTGAAAGATACAAGAGTATAGTAATTAACGCAATAAGTCTGGTAACCCTTCTAATTGGATTAAAGTTATCGTTGGAGGTTAAAAGTATTTTTTTGGTCTTGATTTCTTTAATTTTAGGAGGTTTATTGGGAGAATTTATTTCGCTTGAGGGACTTATCGAAAGGCTGGGTGATTATGTGAGCAAAAAAGTGCAGAAAGGTGATGTTGTAAATGCCTTTATGAGTGCCAGTTTATTATTTTGTGTTGGCCCAATGAGCATACTGGGATCCATTCAGGACGGTCTAAAGGGCGATTATTCAATATTATTATTAAAGTCGGCTCTTGATGGTGTGTCTAGTTTATTTCTTGCTTCATCTTTAGGAATTGGGGTTTTTTTCTCTTTTATAACTATTCTTATTTATCAAGGTTCGTTAACCCTTTTTGCAAGTGCTCTTTCTGGGATATTTAGTGATATAAAAATTGCCAATAACTTTTATGCAACAGGTGGTATTTTGTTGATTGGTATTGGCTTCAATTTGTTAGGTTTAACAAAAATTAAAACAATTAATTATATATTTGCTCTGGTATTAATAGTTATTTTTTCAAAATTTGGAGGAGTATTGTGAAGGAACACGAGCTAAAAATTTTGATAAAAAGAGATGAGATTGCAAAAGCCGTTGAATCATTGGCAAAAAGGATCGATAGTGATTATTTTGGTAAAAAAATTTTATTGGTAGGGGTATTAAAGGGTGCTGCTTTCTTTCTTGTAGATTTAGCAAGATCGATGTCTGTGCCATTAGAAATAGATTTTGTAGAAGTATCAAGCTATGGTAATAAAAGTAAAAGTTCTGGAAAAATTAAATTAATAAAAGATATAAAAAAGGATTTGACTGATTACCATGTTTTAATTGTTGAAGACATTTTAGATTCAGGACTTACTCTACAATATCTTATAGATTTTTTTAAACAAAAAAATCCTTTAAGCGTAAAATCTGTGGTGTTGTTTTATAAGATAAAAGATGATAACTATAAAAGGTCTGATGTAGATTATTTCGGATTAAAAATTCCAGATTATTTCGTTGTTGGGTATGGATTAGATTATGCTGAGAAATATCGGAATTTAAGGGATTTGTACGTGATTT
NZ_CP020921.1_gap18	838977	842047	3070	ATTATCAAATATTATTAGGGCAGATCCTGCTATTTTTGATAATAAAATTTATATTGGTGATTTTTCGGGCAACTTTTATTGTATTGATCTTCAAAACGGAAAAATTTTGTGGACTTATAAAACTGGTGATGCAATTCTTAATTCTGCTGCAGTTACTCCTGATGGAAATATTTATTTTCCCTCTTGTGACGGCTACATATACGCAGTAAACCCTTATGGCAAACTACTTTGGAAGTTTAAAACTAATAGCTATCCATCTTCCTCTGTTACTGCTACTAAAGATAGTATATTGTTTGGTACATATGATGGTGGGATTTATGCATTAGATATAACTGATGGCAAACTGATTTGGAGACTGTATGCAGGTGGGCCAATTAGATCGAACGTTGTTCCAATAAACAACATGATCATTGCAGGTTCTGATGATGGTAAGGTTTATGCTTTTACTGATAATGGAACCCTTCCTGCGGACAAAAAAATAGTATCTTATACTCAAGATAAAGCCACATTTGCTAAATTAGAAAACGATAAGGTGATTATTCCTTCTGAAGATCTCAAGTGTTCTGCCAAGGTTGATGTCTTAATTTTTGGTGGTTCTATTAGTGCTCTTACAGTGGCAAAGCAGATTAAGGATTCTGGAAAAAGCGTAATGATAATTGACAGTGCCCCCTTCCTTGGTGGTAGGTTTACCCAGGGTTTCTCTCCTTTGCAATATTCTGAGCTTACTAAAACTTTTGGAAATTTTATAAAGCATGTTCAAAATACTTACTATAAAAATGTTTCAGATGACAAGTATGTTGATACAGAAATATTAAAATTTGCTCTTGATAAGTTTGCTAGAGAAAACAAGATCCCGGTTTTATTTCACTCTTATCCTTTAAACGTGTTTAGTAAAGATGGTTATAAATATACATTATTTATCTCTAAGGGTGGTCATCAGATAATACGTTCAAAAGTTGTAATAGATGCATCTAATAATTCTCTTCTTTTAGGAACAGCAGATCCTTCAATTTTAAATTTTGATAGAGCAGTTCTGAACTTTTCTGTAATAAATTCTAATTATAAAAACACTAACACTGCTTTTAATAATCAAAAAGTTTTATCTTTTAGTTTGGGAAAACCGATAAAAAATTCTAGCGAATATATTGACACTGAAGAATATCTAAGAAACATGTATGCAAACTATATCCTTTCAAATCATACATTTATACCAGGAGTATCTCCTATAAGTTTAGTTTTGAAAAGACCTAATAATGAATTTAAGGAAGTTAATAGTGATGAATTTTTATTGCCTGATAATCCATATACTCCTGAAAGGGATATAGAAAAAATTCTAACTTCACTAAAAGATACAGAAGCCAACAACCCCGAAAATACTTTTCATGTAAATCAGGAAGAGATTCGTATTTTAAAAAAATATGATGTGGTTATTGTTGGTGGAGGGCCTAGTGGTTTTGCTGCATCAATTATGGCTGCTAGAATGGGCATGAAGGTAGCTCTTATAGAACAATATCCATTTTTTGGTGGAATGGGTACTGCAGGAGGGGTTAGTTATTTTGAACCTGGTTCTGTTGGAGTAATTTTTAAAGAAGTGAGAACAAAGCTTTATGGATCAAAAAATTTGCCAAATGTAGGTAGACTTTTTGATACTGAGATTGCTAAATCAATTTATCAGAATATGGTTCATAATGAAAAAAATATTACAGTTTATTTTGACTCTTTTGCTCTAATGCCTGTGATGGATTCAAAGAAGGTACTTGGGGTGGTAATTAAAAGACCATACGACTGTGTGGCTATTTTGGGAAAAAGAGTAATTGATGCAACGGGTGATGGTGATATTGCTGCTAAAGCAGGTGTTCAATACGTTTTTGGCAGAACATGGGATCATAAAATTATGCCATTAACGACAATGTTTACAATGTATCCAACAGGTCCAAAAAGAGAAAAGGGAGTATGGGTGCTTTCAAATGGGAAAGTTTTAGTAAATGAAACTAGAGTATATGCAAATCCACTTAACATTGACAAGTTTTCTAATGCAGAAATGATTGGTAGAGAACAAATGTGGGATATTTTTTCTAATATTGAGAAAAGATATAATTATAGGATTTTATCTTCAGGTCCTCAAATTGGAGTTAGGGAATCAAGACATTTCCTTGGTGAATATACACTTCAAGAGAAAGATATTCTGGTAGGAAGACACTTTTATGATGGTATTGCGTTATGCTTTTATGGAGTTGATATCCATAATCCATACGGAGGACCAGGAGGTTTTCAATTACCGATTATTCCTTATGAAATACCTTTAAGAACTTTGATTCCTCAAGGAGTTGATAATCTGATAATTGTTGGAAGAACTATTAGCGCACAGCCACTTGCAATGGCATCATTTAGAGTGCAATCAACTATGATGAGCGTTGGTGAAGCCGGTGGCCTTTTGGCTGCAGAGTCGATAAGATCAGACTTACCTGTAAAAGATGTAGATGGAGCAAAGATTAAACATATCCTAAGAAACATGGGGGTATATCTTCCATAGAATATGTTAATATTATCAATGTATGACGTTAAAAATATTAAGTGAAACGGAGATAATATAAATGTATACTCTTATAGTTGAAGATAGTTTTTCTTCTGCTCATTTTTTAACCAATAATGGAGAAATTGAATTTGAGCCTCTTCATGGACATACATTTAAAGTAAGTGTTGAAATTTCTGGTAATACGCTTGATGATTTTGGAATGTTAATTGATTTTAGAATTATAAAAAAGAAGTTGAAAGAGATTTTAGATATTTTTGATCATAAACTTTTGAACGATGTTGTAAAGTTTAGCCCAACTTCAGAAAATTTGTCAAAGTATATATTTGATGAGTTTGAAAAATTTTTAGAAAATTATAAAGGAATAATTGTTAGCTCTGTTACAGTTTGGGAATCACAAACAACTTGTGCAAAATATAAAAAAGAGGTGTCTAGATGAATAGAAAATCTTTTTTAGACTTAACAGTCTTTGACAACCATTCTTTGAAAGAAATTATAAAACTTTCAGATAAACTTTCTACAACTAGGTTTTTACTT
NZ_CP020921.1_gap19	900072	904475	4403	AAAAAGACGATAATATTTGCTAAAATCCGATGGATCCTCGCAGGCATAAAATAACATTTTCATATTACAACCTCCTAAAAATTTATTTTATTAATAGCCATCTCTCCTCTCATAATCAAATTAAATTATTAAATTTAATATAATGTTAATTTTTAGTTAAATCACAGTTAATAAGCTATTCAAATATGAAAACAACTTGTACGTTTGCTCTTACTTCTATTTCACCACCTTCTATAGGTAGTGGCTGATTTGTCCCTGTTAAGGATTTATTGTAAAGATTTTCTTTCAAGATAGGATTTTGCATAAAAATTGGAGATACTGTTACGCTCTTTATCCCAGATATCCTATATTTAGTTTTGTCCAATACTGCATTGGCTTGATTCCTTGCATCACTCATTGCAATTTCTATTGCCTGAAGTCTAAGCTGATTGATGTCTAATCGTTCGAATCTAATGTTATTAATTTGATTTACTCCATTATTGGTAAGTAAAGATATCATTTTGCCAGAATTTTCAACTGATGTTTTTAGAGTAAAGGATTCAGTTGCGCTATAGCCATCTAAAATTTCTTTGTTAGAATTTCTATCAAAAACGTATATTGGTTGGAGAGAAACGTTTGATGTCTTTATATCGTTCTTGTTAACTCCCTGTTCATAAATTTTTTGTAAAAGGCTGTTAGCCTTCTGTGATAGAGTATCCATAGCATTAGACGGATCTGGGTTTTTTAAAGTAATATCAAAGTCTATCAAAGCAATGTTTGGCCTTTCTTTTATTAAACCTGAACCTACCACCGATATAGTTTTATCGTTGTTAATTTTTAGATTGTAAATATTTTCCGATCCAAAAGATGGGTTGTTTGCCACTATCAGAAAACAAAATATAAATATAGAAACAAAAAATATATTGTAAATTTTATTCATCTCTAAACCACTTTACTCTAACATACTTTTCACCCTCAGGATAAGTTATTTTAAGCTCACCTTTAAAAGCATTGTTTATTGCTTCTCCAATTCTTCTAGCAAGATGTTCATATGTTGTTTTTATTTCTATACCATTTTCATTTTCAACAATAGATATAATCCTCTCAAGTGGCCTTCTTTCAATTTTATAAGCTTCAACATTTTTAACTGTGTTAATAATTTCTTCTTTATGATTATTTAAAAATTTTCCAGTAAGTAATACTACACCACCTTCATAATTATCTTCTATTCTTCTACATGCCGGACAAATCATCTTTGGGAACTCTTTTGGTATAGGTTTTACCCAACTAAAAATACCATCATTAAAAACTACTCCGCATCTTTCGCAAACTGAAGGTTCAGAATATTTTTCCTTGACGAAATATGGATCGTGAAGATAATCCTTTATAAGTTTATCTTTTCTTCCGTTCAACAACAACACCTCCGTAATTTTTATTTACATTTATGATGCACTCAATCTTTTTTCTTTAGCAACAATATTATCATTATTAGAAGTTAAAATACTTATAACTACAAATATAATTAAGTTTACCATCAATGCAGCAAAACCTGCATTTAAGTGAAGTCCAAAAATTGCAAGAGGATCCAACTTGCTAAAGGTTAAATAGACCACTAAAGTCTCTCCAACAATTAAGCCGCAAAATGAAGCAATCTTTGTAGCCCTCTTCCAGAACAATCCCAGAACGATCATAGGGAAAAATTGGGTAACTCCTGAATACCCTATTAAAAGAAGGTTAACCAATAAGTTTGGAGCAAAAATCGCTAAACAAAGAGCTGTAGCGGTAACTATAAAAACAATAATTCTTGCAACGAATTTCTGATGTGTGTGATCGGCATTAGGATTGAAACCTCTACAATAAATATTCCTGGTGAAGATCATCGAGGTATTTAATATTAAGTCAGAAGCAGGAATCATACAAGCTAAAGCGCCAGCACCGCCAACAAGACCTAGGGCCCAACCCGGAAAAACCTTTTGAACCATTAACATAAAAGACATATCAGGATTACTTAGGCCCGGTATTATTAATAATGCCGTAAAACCAATAAGCATGGGGAAAAGCAAACAAATCTGATATAAAGGAAGGAAAACTGCATTGTGTCTTAAAACTTCAGGACTTTTTGCGCTAAAACTGTTTGCAGAAAAGTGTGGCCACATATAAAACCCCAAACTTGTGAGTACCAGTGTAGACATCACCCAGCTCACATCAAGAACTTTAGTCCCACCAGGAAGAGCTAAGAATCCGGGCTTTGCAGCTTCTAGAGCTTCAAACATATTTCCAACACTACCAAAGAAATGGAATGGTAGATATAAACCAAAGAACACTACAGCAACTATCATTACTACATCTTTTATAACTGCAGTTGAAGCAACACCTTTAAGTCCACTAAGGTAAACAAAGATGGCTACTAGAGTAAAAGCTATTAACATTGCAGGAACCTTAGTAATCAAACCATAAGAACACGTTTGAATTATAATGCCTAAACCAGTCAATTGCAATTGAAGATATGGTAAAAGAAATAGTACGCCAATTATAGCAACTAAAATGCCTAATAGTTTACTATCGTAAATATGTTGTACCAAATCAGGTTGTGTCATCAAACTAAACTTTCTACCAATAGGAGAAATTTTTGGAAGTAGATAATATCCTACTACATAAGCAAGTGCGCCATAGCCCAATATATAAAAAGTAGGTCCACCTCTGGCATAAGCCCAACCGCTTGCTCCAAGAAAAGCAAAGGCAGTGTATATTTCTCCGGCTAAAATAAACCAACTAAGCCATCTACCAAATTCTCTGCCACCAATAGCCCAACCTTCTAAGTTTAGCTTTTCTTTCATACCAGGGAGCATTCCTACAATAGTAGTAACAAAAATAAAAATAAAAATAATTCCTAAGGCTAAGAATTCATTTGACATAATTCAGCTCCTATCCATTAGAATTTTTTGTATCAATTTTATAGACAATACTAAGACATACAAATGCTACAAATATACCTGCTACCAACCAAAAAGCTAAAAATGGAAGACCCAATACGATTGGTTTTACTGTGTTCACGAAAGGGATCGCTGCAATTGTCCAAACAAATGGAATTAGAGTCAAAACGAACTTTAAAGCTTTCATACTGATATACCCCCTTATTTTTTATTTCAAAAGTTTTATCGTAGAATTAATAAGAACCTTAAGACCTACCATTAAGGCATCCTCATCGATATCGAAATGGGGGTGATGATGAGGATACACTATGCCCTTAGCTGCATTGCCAGCTCCAATAAAAAAGAACGCACCCTTTATTTTTTGTAGATAATAAGAAAAATCTTCAGCGCCCATTACTGGTTTTATATGTAGAACGTTTTCTTCTCCAATAACTTCGATCGCAGAATTTTCAATTATTTTTGCAACGCTCTCGTGGTTTATTAGAGAAGGGTAGCCAAAGATAGGTTCCATAGTAAATTTTGCACTATTTGAAGCACATATTCCCTCACAGATTTCTTTAATGCGTTTAAACATTGTCTCTCTAACTTCCTGGGAAAATGTTCTTACTGTACCCTTTATAAGAGATTTATCAGGAATTATGTTAAAAGCGGAACCTGAGTTAAAAAGGCCGATGGATAAAACAGCATTTTCCAGCGGATCTATGCTTGTAGCTGTAATTATTTTAAGCGCAAGAATAATTTGTGCACCTGTTATAATTGGATCAATAGTTTGATGAGGCATTGACCCATGTCCTCCACGACCATTAATATTAATAATAAATTCATCAGCACAAGCCATTAATTTATCATAACTAATCCCTATCTTTCCAGACTCAATTGGTTGCCACAAATGTGCTCCAATAATAATATCTACACCATCCAATGCCCCCTCTTCAATTAATCTTTTAGCACCTCCAATGGGTACTTTTTCTTCGTTTGGTTGGAAGATTAGTCTTAAGTTACCTCGCAATAAATCTATATTTTCAGAGAAAAATCTGGCAACTCCAAGAAGCATTGCTGTATGGCCATCATGTCCACACGCGTGGCACACATTAGGATTTCTTGATCTATATGATTTATCGATAGCATCATCTATAGGTAAAGCATCTATATCTGCTCTTATTGCAACTCTTTTAGGACCACTTCCTATGATCTCACATATTACGCCAGTATCGCCAATTTTTTTAGGTTTTAATCCAAAACTTTCTAATTCAGAGATTATTTTTGCTTGAGTATTAAATTCTGCTAATCCAAGCTCTGGATACATGTGAAAATATCTTCTCATCTCTACTACATATTCAAAGATATTTTGCAAAGAGTCCAATTTGTTATACATATATACCCCCTATTTTATTGTATTTGAATATTATAAAACATTTAATTATGAAGTTAAATAAACAATCTTTATAATAAAACAAATCAACAAGCAATTTTATTAAAAATATCCTGAAT
NZ_CP020921.1_gap20	905809	906600	791	TTTTAGTTGATAAAGAGACCGCCAATTTTATAAAATATCTAACAAAATTTTATTCTGACACACCTGCTTTTAGTATATATTCCAAAGAAGATAAAATTATTTATACTACTCTTCCAAATATTAGTGAAGTACCTAAAATAAATTTTTTTTCCGTTAATAAAAATTCAGACTATCAGCTTGGATTAGTTCACATAGGCTATTTTAACACCGAAGTATTAAATGAAAGATATATATTAAGAGATACCCTTGGCAAACCACTTTATTACATCCGAACGACATATTTTTTAGATAATTTATTTTCTAGTAATCTAAAAAGCAAAAAAATTAATTTGATAGTAAAGGATTTAAGAAACAATGAACTATTAGGAAGACTTTCTGATGGAATTTTTATAAAAAACGCATCAAATATTACTGGAAATGAAGTAATAGTAACAGTTCCCGGTTATCCATTTGAAATAAAAGCAGTTTATCCTAAAAAACTAATTTGGGAAACATATGTAAATATATCTTTAAAAAGATTATTTATTGAAGGGCTTGTTTTAATTTTAATGATTCTTGTAAATGCTTTTATATTTTTCTATATAACTAAAAAAAAGAGAGAGAGAAAATCTTCAAAGAATTATTGATTTTGGCACTGTACTTGCACAAGTAAATCAATTGATCGCAAATGTACAAGATGAGTCAACTTTATATCAATCGATATGTGACATAGCTGTAAGATATGGGCATCTAAAACTTGCTTTCATTGCTAAGCCAGATAAAGATGGCATATTTAGGATTCTTGCAGCATC
NZ_CP020921.1_gap21	1038299	1041381	3082	GGGCATAAAGGTAACTGTTAAACCGTTTGCCCTTGCAACATTTTTTGCAACGTATTTATATTTCATAAGATCATCGGCCATCCTTAGCAAGTTGTTAAATCTTATATCTATTTCAACCTGTCCTGCAGTCGCAACCTCATGGTGATGAACTTCAATTTCCAGGCCAACTTTCATCATTGCCTTAACCATTTCGGACCTGACATCCTGTAATTGATCGTTTGGTGGGCATGGAAAATAACCTTCTTTGGATCTTATTTTATGACCAAGATTGGGCTCTTCTTCTCTATCAGAGTTCCACCAGGCTTCTACTGAATCTATGGAAAACATTCCGCCTCTAGAATCATATTTGTATTTAACGTCATCAAAAATAAAAAATTCTGCCTCCGGTCCGAAGTATGCAGTATCTGCAATACCCGTTGTTTTAAGATAATTTTCTGCTCTCCTTGCAACACCCCTTGGATCTTTTTGATAATCTCTCAAAACAATTGGTTCCTTTACATCACAGATAATATTTACAGTTAAATCATCAAAAAACGGATCTACAAAAGCTGATGACAGATCTGGTATGAGTATCATATCGCTCTCTTCGATCTGCTGAAATCCTCTTATGCTCGAACCATCAAAACCTAAACCCTCTTCTATCACGCCTTCATTAAAAGCTTCTACTGGAACAGTAAAGTGCTGCCATGTTCCAGGTACATCACAAAATCTTACATCTACAAATTTCACTTCATTTTCTTTAACAAAATTTTTAAACTCTTCATAGTCTTTAAATCCACACTTAATATTATTCAAATTAGACCTCCTATAAATTCTTATTTTCTCTTAAAGCACTCGCAAGACTAAGTATTTCTACAATCTCCTCGACCGCTTTAAAAATTCCTACAAATACAGCCCTTGATATTATGCTATGTCCAATGTTTAATTCTTCAATTTCAGGTATCAAAGCAATTTGCCAAACGTTGCTCTTATTTAAACCATGACCAGCATAAACGTTCAGACCTGCTTCTTTAGCAAGATTAGATGCCTTTTTCAATCTTTCTAACTCAAAATTTCTCTCAATTTCATCCAAAGAGTCAGCATATTTACCGGTATGCAATTCTACAGAATCAGCACCTAAGGTAACACTTTTTTCAATAGAAAATTCATCTGGATCGATAAAAAGAGAGACTTCAATTCCATTTGATTTTAAAGTCGAAATACTTTCTTTCAAAGAATCATAGTTTTTAGAAAGATCTAAACCTCCTTCTGTTGTGAGCTCTTCCCTTTTTTCAGGAACTAAGGTCACTTTGTTCGGCTTTACCTTCAAGGCAAAAGAAACAATTTGCGGAACACAAGCCATCTCTAAATTTAGATTATCTACGGCCTTTCTTATTTTAAGGACATCGTTGTCCTGTATATGCCTTCTGTCTTCTCTAAGATGAACTGTTATAAGGTCAGCACCTGCAGCTAGGGAAATAGAGGCAGCAAAGAGTGGATCTGGATAGGTAATCTTTCTTGATTCTCTAAGCGTGGCAACATGATCAACATTAACCCCCAAGCGGATTTTTCCAGCCACTTTATCACCTCTCATTTATAATCTTAAAAATTATAGCACAAAAAAATATTGAACCGATATCAAATTTTTTCTTTAATAATATCTAAAATAAAGTTTGCAATATTTATTTTTGTTGAATTAAGTTCGTAATAATCGCCACTTGAAGATAAGATCAAAACTTCATTGTTTTCACTACCAAAAGGAAAACCAGTTTCGTGAATTTTATTAGCTACTATATAATCTAATTTTTTTTCAACTAGTTTTTTATTAGCATTTGTGCTAAGATTTTCAGTTTCAGCGGCAAAGCCTATAACTATCTGATTTTTCTTCAATAAATTAACTTCTTTAAGTATATCGGGATTTGATATAAGATTAAGCTCTAAGTTATTCTTCTTTTTTATCTTTTTCGTATACCGCTGATCTACTTTAAAGTCTGAAACAGCAGCTGCCATAACCAGTATATCACAAAACTCAAAGTTATCGATAACACTCTTAAACATCTCTTCTGTTGTTTCAACATCAATCCTTTCTACCATATAAGGAGTTCGTAAACCAGTTGGTCCTGCAATAAGCCTTACCTGTGCACCTCTCAAAGAAGCAGCCTGAGCAAAAGCAAAGCCCATCTTGCCTGATGATCTATTAGAAATATATCTAACAGGATCTATTGGTTCGCGAGTAGGACCTGCAGTTATCAATATCTTTTTTCCAACAAAATCCTTTTTTGGATAGAAATGATAGTTAAACATTTCTAAGAGTTCAGGTACTTCCAGCATTCTACCAGACCCTATGCTATCGCAAGCGAGTCTTCCATAAGCAGGACCAAAAAATATTACATCTTGAGCCAATAATTTCTTTACATTATCTTGCACAGAAGGATTTCCCCACATAGTATCGTTCATTGCTGGAACTAATACCAGCGGGCATTTTCTTGCAATAGCCATTGTAGTAAGAAGGTTGTCAGCTATACCTAATGCAATCTTTGAAATTGTATTAGCAGTAGCCGGACATATAATAAAAACATCAGATTTTTGGGGTAAAGTTATGTGGGCTATTGAGTCTTTACCAGAAGGCAAATTAGACTCACTGTAACAAATATTTTTTGTTAAAGCTTCAAATGTTAAAGGAGAAACAAATCTAGTAGCATTCTGAGTCATCACAACATTTACCTCATTTCCCTCTTTTACAAGAGATGAAACAAAATTTGCAGCTTTATACGCAGAAATGCCACCACAAATGCCAAAAAGTATTTTCAATTTACTTATTTATAGTAAATTTTATTTTCCCACTTGCAATTTCTTCAAATGCCTGCTCGAGAGGATCGCTAACATTAGTTGTGAAAAGGTCTTTATTACTTTTTATTTCTTTTGCTCTTTTTACAGCTACAATAACTAAAGCATATCTAGACGGTATCATTTTCAACGCATTTTCTAAACTAGGCGCTATCAAAACTAAATTACCTCCTGTCCAAATTGTATTTCTGATCTAAGTCTCGAAATTATATCTTCTCTTCTTTCTCTTTTTGCCCTCTGAGCAACAATTATGCAT
NZ_CP020921.1_gap22	1088906	1091054	2148	CCGCAGGGCAACTCTTTACACATGCTGGGATAGAAGTCTTATCAGAGTCAGAACCTTCCATAACTCTAGAATAACACATATCACATTTATTTATAACTTTTCCAATCTGAGGAATTCCAAAGGGACATGCGCTGTGACAGTATCCGCATGCTATACACTTATTTTCATCAAAAGCTACTATTCCATTTTCAGCTTGAAACAATGCGCCACTAGGACATGCCTTTACACATGCTGGGTCACCACAGTGAAAACATTGATATTTCAAAAAATTGAAATTTGGATCTGGAGTAAAGGTATCATAAAATTTTATAATCATTCTCGTATCAGGATTTAGACTTGGTGGATTGGTATATACCCCATTAAATGTTGTAGGATCGGTTTTTTGATCGTTCCATTCCTTACAGATGCTCTGACATCCTCTACAACCCATACATTTAGAAGAATCATACATATAGGCCACTCTTTCCATTTTAGGCCCTCCTCAAATTAATCATCAAAGCTTTGGATTCTGGAATAAGACTTGTCGGATCTCCTACATTTTCTGTCACAAGATTTGCAGCAAAAGATTCGTCTTTACCACTATCTGGATCTATACCCACAAAGCCCCAGTTCCATGGAATTCCAACCACATGGTACTTTTTACCATTTATTATCATAGGCTGAACTCTGGTTGTAACACAAGCCTTTGCTTTAACCTTACCCCTTATGGACTCAAGCTCAACATTATCACCGTCTTTGATACCAAGTTCCTTTGCAAGTTCAGGATCTATCTCGGCAAAAACTTGTGGCATAGCTTCCACAGTTATAGGTATCTTTCTTGTTATTGCACCAGATTGATAATGTTCTGCAACTCTATACGTAGTACAAATATATGGATATTTTGGATCGTGAAGTGGTGCATATTTATCTATATTTGATTTAAATATCAAAGCTATAGGATTATTTTGTATAGGATTTACTTTATTTTCAACAGGAGATTCGATTGGTTCATAATGTTCAGGAAATGGTCCATCTTTAACTATACCACCAGGAACAAATAATCTCCCTTGTCCACCAGTAAGCATGATAAAGGGCAGCGTTCCTCCAACATCTGTTGGAGCCTTTGTAGGCAAGAAATCAGGCACATCTCTTCCTACCCACTTCTTCTGTGCAGCATCCCATTTTATAACGTATTTTTCCGGATTCCATGGATTACCTTCCAGATCGCATCCCGCTCTATTATATAAAATTCTTCTATTTACGGGCCATGCCCAACCCCATTCAGGATTAAGTCCCAATCCAGTTTTTTCTGGCTTTCTTCTCTTCGCAAGATTCCCAGTAGGAGGATACATGCCAGAATATATCCAACACCCGCTAGCCGTAGTTCCGTCATCTTTTAAAGCAGCAAAACCAGGAACTTGCTTTTTGGTAGTCACCTCAAAACCGTTAATCTCTTTAAATACTTCTTCTGCGCTATGATTATGCCCGCCATAATTCCATGTTAAATTAAGAATTGCTTCAGAATTAGGTGTAGACGGATCAGATTTTACAAGGTCTTTTATTTTATGAATAAGATCGTGCAATATTACAGAATCCTCTCTGCATTCATAAAGAGGTTCAACTGCTTTATATCTCATCTGAAGCCATCTGGAAGTATTCGTAGCTGAACCATCTTTTTCTACCATAGATGCCACAGGTAGCAAAAATACTTCTGTTTTAATATTCTTTGTATCAGCACCTGGCCTCCTCCAGAAATTAGAAGTTTCAGTCTCGAATAAATCTGCTATCATTAACCATTCTAAATTCTCGAGAGCCTTACCAGTTTTTTCGGCAAAGGGGCTGGATATCAATGGATTTTGCCCCCAGATCATCATACCTTTGATCCCTTCATTTTTATATAAATTATCCCATATGTGCATCCAGGAAGCTGGCTTTGACCACTTTGGTAACCAATCGTACCCAAAATTATTTTCCTTTGTAGCTGCATCCCCATACCATGCTTTCAACATACTTACAATAAACTTCGGAGCGTTAACCCAATAGCTATCAGGTGCGATTGATTTCTTAATAAATTCCTGTAAGTTTGGATGAAGCTTTTCGTTTGGCGAAGGCAAATAACCTGGCAGAGTGTGAAACAAAAGTCCCATATCAGTAGAACCCTGTACGTTA
NZ_CP020921.1_gap23	1094179	1098296	4117	TAAGTTTATCAAAAAGTTCCTTCAATTCATCCATCGTTTCCCCTAACCCAAGCATTATACCTGTCTTTGTAAAAATATTTTGAGATAATTTTTTAGCATTTTCTAATACATATAAAGACGTTTCAAATGAAGCACCCTTTCTAATGGCGTAAAGTCTTGGAACAGTTTCCAGATTATGGCCAAAAATCTCAGGCTTTAAGTCAATTACTGTTTTAATCGAATCAATATTTCCCTTGAAATCTGGTACTAAAACTTCGATTGTAACATCTGGAATAAGATTTCTTATAGCCTTAATAGTATTAGCAAAGTGAAGGGCTCCGCCATCAAAAACATCATCTCTAGTAGGGGATGTGATTATCACATGAGAAAGATTCAATCTTTCTACGGCCTGAGCTAATCTTTCTGGTTCATATGGATCTAATGGTTTTAATAAATTTTTATCTTTAGCTTTTTTCACATTACAAAATTCACAAGATCTCGTACACACATCACCCATTATTAGAAAAGTAGCATGTCTATTACTAAAACATTCTGATATATTAGGACATCTTGCTTCTTCACAAACAGTATTTAACTCTAAGTCTTTTAACAAGGTTCTTGTATAATTCTCTGTTCTTTGACAAACTCTCTTATGAAGCCACACAGGTTTCTTTTTCAATACCATCCCTATTCCAACTTTCAGATAAATATTTTTTCTCTCTTAAAAGTGAGACAAGCTTAATTTCTTCTTTTGTAAGCTCGCAAAAATCTAAATCAACCTTCATTTCCTTGCTAAAAAATGTGGCAAGACCTTTGAGTGCAGTTTCATAAGAAATATCATGAACCCAATCTTGTAGTGAATTTCCATGTTCATAAGGTTTAGAAAGATTTTTTCTACTCTTTACTGGAATAGAGCCATGTTGGAATATTACATCGTGAGAACGCTTTTGTGCATTTCCACCAACTTTTTGTCCATCTATTAAAATATCATATTTTTCTTTTCCTTGATAACACAATATTGGATTTTTATCTGATTCAGTGCTCTCACATTCACATGCCCATTTAGCATTCAGATGTAAAGAATTGTAAAATTCTAATACAAAGGAGGTTAACTTTTTATAGGAGTCAATTACAGACAAATTACCTAAGTGTTCTTGAGAGCAAACAATAGAGTATGAGATTTCTTCATAATGATACAAGGCATTCCCCCCCGTCAACCTCCTAATGAAAAATTCTTCTTCCTGAGACAAAAAAACCTTGTTAATATCAGATATTTTTTGAAACCTCCCCACCGAAAGAACCGAAGGATACCAAAAATAAAATCTTATTACAGGTTCTCTTTTCTTCAAGAAGGTTAAATATAAAGCTTCGTCAATGGCCATATTGTAATCGCCACTTAATGGAGACGAAACTATAAATCTAAACCTCCTGCCAGACAACTTAATTCCCTTCCTTCTTAAAAAATAAGATATATAAATTATACTTTTTTATTAAATCTTTAATATTATACAGCTTATTCCAAAATTCATAGTCTAGCCTTGACAATCAAATCTTTAGCAGCCTTTGTTTCATCTGGTCTTGAAATGACAGTTGTTTTAGGAAACTCTTTAAAGGCTTCAGGATTTTGTTCTGCCAATTTAACTGCATCTATAATAGCATCTACGAATTTATCAAGAGTTTCCATAGATTCGGTTTCAGTTGGTTCAATCATAAAGGCTTCCTTTACTATCAATGGAAAATATATTGTAGGTGGGTGAAATCCCCTATCTATAAGGAACTTTGCAAAATCCAGAGCACTTGCGCCTTTTTTAGCCATTTCAGAAAGAGAAAATACACATTCGTGCATACAAGTTCTATCATACGGAAGTTTCAAATAATTTTTAAGTCTATTCATTACGTAATTTGCATTTAATACTGCCATTTCTGCAGAATATTTTATTCCATCAGTCCCAAGAAGTTTAATATATAGATATGCCTTTAAGATAACAGCAAAGTTTCCAAAGAATGATGAAACATGTCCAATTGATTTATCTGAATTTGATACTACAACTAGAGAATCATCTTCTCTTTTTACTCTAGGAATAGGGAGAAAATCTTCAAGAAATTTCTTAACTCCTACAGGCCCAGCTCCAGGACCTCCGCCACCATGAGGAGTACCAAAAGTCTTGTGCACATTTACGTGGATAACGTCAAATCCAAGATCACCAGGTCTGACTTTGCCCATAATTGCGTTAAGGTTAGCACCATCATAGTACATTAATGCTCCTACAGAATGAGCTAAATCGGAAATCTCTTTTATGTTTTTCTCAAACAAACCTAAAGTATTAGGACATGTCATCATTACTGCAGCCACATCTGTATCAAGATGTTTTTTTAACTCATCTACATCCATTTCCCCTTCGCTATTTGAAGGTATTGTAACTACTTCATAGCCTACCATAGATGCACTTGCAGGATTTGTGCCGTGTGAAGAATCAGGCACAATAACCTTGGTTCTCTTCGAGTTTTTTGATTTGTGATAACTAGAAATAATCATAATACCAGTTAATTCACCGTGAGCTCCAGCCATCGGACTAGTAGTAGCACAGTCCATTCCAGTTATCTCACATAATATGTCCTGAAAATCTGAAATAAGCTCAAGAGCACCTTTACACCTATTAATACTATCTGGCAAAATAGACAAAAAAGGATGGAGATTTAGAAATTCAGGAATATTCGAAGCTTTTTCCAAAATTTTTGGATTGTATTTCATGGTACAAGAACCCAACGGATAAAATTGAGTATCCACAGAAAAATTTAATCTGGAAAGATTAATAAAATGTCTTATAAGATCTAACTCTGATATCTCAGGCAAATTAAGTTCTGAGCGACAAAGCTCATCAGGAAAATTCTTTAAATTTACATCTAATTTAGGCAAATTAAAAGACTTTCTGCCACTCTTTGATTCCTCAAATATCAATTTCATAATATGGCCTCCAAAATAGAACATACATTATCAATGTTATACTTTGACATCTTTTCAGTTACATTTATCAAAATATCATTTTCTGAACCACCAAACAGATACAATGGGATTCCAAAGGCAATATTTTTTGATAATAATGTTGAAAAAATCTCTTTAGCAGGTCTATTAAATTTAACAACAAATTCGTTAAAAGTAGTTGCATTATTCTTTATAACCAACCCTATCTCTATCAACTTTTTCTTCATGTATTCACTTTTACTAAAATTTATCAGAGCCAATTCCTTTAAGCCGCTCTTTCCAAGAGAACAAAGGTAAACCAAAGCTCTTAAAGCACAAAGGCCCTCGTTAGAGCATATATTAGACGTCGCACGATGTCTTTTTATGTGTTGTTCTCTAGCCTGAAGAGTTAAAACATAAGCTCTTTTGTTATTTCTGTCTAATGTTTCACCCACAATCCTGCCAGGCATATTTCTAATGTACACCTTTTTGGTTACCAAAAAACCAAAATATGGCCCTCCAAATGAAAGCGGATTGCCAAGTGATTGTCCTTCACCAGTTGCAATATCTACTCCCATCTTACCTGGCGTTTTTACAATTCCTAAAGAAATAGGATATACGCTTGATACAGCCAAAATATTCTTTTCATGAGCAAAATTTATAAGATCAGTCCAATCATGAACACTCCCATAAAAAGTTGGATTCTGGAAAACAAAACAAGCCACATTAGAGTCAAGCAAAGACTTTATTTTTCCAAAATCTGGCTCAATTTCTTCTGTCTCAACTTCAATTAATTCGTATGGCAAGAATTTTAAATACGTCTTGACTATGTTTCTATATATTGGGTTAACGCTTTTGTCCATTATTATCTTTTCTCTTTTGGTGATTCTTAGAGACATCAAAACAGCTTCAGCAAGAGCAGTTCCACCATCGTAGAGAGATGCATTCGTCACTTCAAGGTCAGTCAGGTTACAAATAGCAGTCTGATACTCAAACAGCGATTGTAAAGTTCCCTGAGAACATTCTGGTTGGTAGGGTGTATAGGCAGTATAGAATTCAGATCTCGATGCAACAAAATCAACTACACTAGGAATTATGTGATCATAGAATCCTGCACCTAAAAAGTGATATGATAACAAATTATTTTTTCTAGCCAGGTTTAAAATAAGATTGTAT
NZ_CP020921.1_gap24	1100468	1101436	968	GTTCAAGCTATATTTGGATAAAACGTTCACAATTTCTCTTATTTTGTTTTTATTATTAGTAGCAAGAAGTAATTTCATAAATTCATTTTTGTATCAAAAATAATTGTTACAGGACCATCATTTACAAGAGATACCTTCATGTGCTCACCGAAAAATCCTTTCCTTACAACAACTTTTTCTTTTAAAACGTTAAACATGTATTCAAAAAGTTCATTTGCCCTGTTTGGGTTCTCAGATCTTTCAAAACTAGGCCTTAAACCCTTTGAAGTATTAGCAAGCAACGTAAATTGTGGCACAATCAAAAGCTCACCCTTTATGTCAAGAAGAGAAAGATCCAAAGGCATCTTCTCAGATTGAAAAAGCCTTAATTTACATATTTTTTCACAAAAAAGTGAAACTTCTTCCTCTTTATCATCCTTTTCAAAATTTACTAACAAAGTTAGACCTCTGCTTATCGAGGAATATAAATTTTTTTCGCTTACACTAACGCTTGCACTTAACACTCTTTGTGCAACAACCCTCAAAACTTACCACTTCCCCCTTGTTGTTCAAAATTTCTCAATAACTTTTTTTGTCTAATTAGTTTTATGAGCAAGAGAAACAAGATCTTCTACTCCCTTCAGGTTATTTTCTGATAAAAACCTTTTAATCCCAATAGAAATCTCATCCAACAAATCTGGATTGTTATAATAGCTTGAACCAATTCCTATATAATTTGCTCCAGCCATAAACATTTCTATAGCAGATTCAACAGAATATACTCCACCAACGCCTATAATAGGTAACTTAGAAGCCTTTCTCAAATCCCATACACATTTGAGAGAAATAGGTAAAAGTGCTGGACCCGATAAACCACCGTGTATATTGCCTAAAGATGGTTTTTTTCTATTTATATCAATTCTCATTCCTGGCAAAGTATTAATTGCACAAAAGATATCTACACCCTCACCCTCTAACGAAATTCCCAT
NZ_CP020921.1_gap25	1163201	1164965	1764	TTATGCTTGCAGCTTTGACCATAGAATACTCACCACTAACGTTGTACACTGCAACCGGTAAAAGAACACTGTCCTTAACAACTTTTAAGACGTCAAGATAAGCAAGTCCTGGCTTTACCATCAAGATATCAGCATATTCTTCTACATCTATAAGTGCTTCTTTTACAGCTTCATTATAACCAAAAAAGGGACTCATTTGATGAGTCTTTCTATTGCCAAATTTTGGTGCAGACTCCGCAGCATCTCTAAATGGCCCGTAAAAACATGAAGAATATTTAACAGAGTAGCTCATTATAATCGTATTATAAAACCCCTTAGTATCCAGCGCATTTCTAATGGATAAAACCATCCCATCCATCATTCCGGAAGGAGCAATTATATCAGCACCACTTTCAGCATAAGAGATCGCAATATTATTAAGAACTTTTAAGGTTTCATCGTTTAAGATCTCGCCGTCTCTTACAATACCGCAGTGCCCATGATCGGTATATTCGCACAAGCATGTATCCGCAGCCACCACCATCTTAGGAAATTCCTTTTTCACCATTCGGATGGCTTTTTGCACTTCTCCCTCTCTGTTAGATGCCCAGCTTCCAATAGAATCTTTTACTTCAGAAATCCCAAAAAATATTATAGATTTTATGCCGTAATTCACTGCCTTTTCTACGAAATTTAAGACCCTGTCAACAGTATATCTATATACACCAGGCATACTAACTATCTCTTCAATCCTGTTAGACCCTGGCATCACAAATATTGGAAGCATAAGCTTTTTTACTTCTACCAACGAATTATTCAACATCTCTCTTATGCCGTCTTGTCTTATTCGTCTTGCCCTATACATAGGAAACATAAAAATTCCCCTTTCAAACAAGAAAATTAAAAATCAAAACTCTAATTTATCTATATAACAGGCAGGATCTTCTTGCATAATATCGCCATGAACCACCTCAGCTCTAATTCTGCAACCACCACAAAGATAATTGTATTTGCATTCTCCACATATGCCTTTCAAATACTTTTCTTTGTTCCTAAGCTTTTTTAAAAGAGGTTCATTTTCATCTGTCCAGATCTGAGAAAACGGTCTCTCTCTTACGTTCCCAAGATTATAATGAAGCCAGAATTGGCATGGATGAACATTACCTTCATTATCAATATTTGCAAATTTTGTACCAGCTGAGCAACCACCGTGCATTTTTAATAGCTCTTTTATTTCATCAGCTTTGTCCGGATTATTCGATGTAAGATATAGATAAAGTGCGATACCATCTGCATGGTTATCAGTAGTAAGTATTTCCAAATCTATACCCTTTTTGTCAAATTCAATAGTCTTTTTAACAAGTATATTAAAAAGTTCTACATTTTGTTCTTTGGTCAAGTCGAGATCAAGCATATCCTTGCCTCTTCCAGAATAAACCAAATGGTACATACAAAATCTTGGAATGTTATTTTCAGCTACAAAATCGAGAACAGCGGGTAAATCTTTAAAATTCATTTTATTTACAGTAAACCTAACACCTGACTTAAGCCCAATTTTTAAACAATTTTTTATACCTTCAACAGATTTCCTAAAAGCACCCTCAACACCCCTAAACTCATCGTGAATCTTTTCTAAACCATCTAAGCTGATACCAACATATTGAAAGTGACCATCTTTAAGTTTCTTAGCTATATCTTCTGTTATGAGAGTTCCATTAGAAGAAAGAACTGGTCTAATATTTTTTGAAAAAGCATAATCAGCCAATTCAAAAATATCTTCTCTTA
NZ_CP020921.1_gap26	1363674	1366109	2435	TATTGGCAAAACGCAAACGCTAATGCGAAACCTCCTACTGCACCGATGTTTGACGCTCTAAATAGATTCGTGCCCACTGCTCCAGCGCTTCCCGATCTGAGAGTGGGCGGACAAATTATATGGTATGGTAGCCAACCTGGTAGCTCTTCAGACTGGGAAAAGATTGCCTATCAGGGGAGCGCGGGCGTTAAAACAAATTACCCAAAATATTCTTTCGCTCAAAATGTCCTGAAGAGGGGAATCAACCTTTTACCAGCAGAGGCTAAAGGGAACAGCACGCTAGCAGGAAGTAACAATAGCTTTGTAGCCTTTAATAGTGGATTTAGCTCAATTGTAGGAGGCAACTATTATTCCCTATATATAAATCCAAGTACAATAAACAACAATTATTCCGTGGATAAATTCGAGTTCTCTTCTATGAGGATGAACTTTCAGGTTAATGGAAGACCAAAATATGCATCAACCTATCGAATTACCCTTTCGTCAAACTCAGGTGCGCAGTATAGGATATGGCTTATAGACATACCAAGAGATAGTGGTTCTACTGCTACTGATACTGAGCTATCCACGAAGATATTCTATGTTCAGAAATATAACAGTAAACTTGGCAAGTGGCTATATACGAATGATCCCCCATTTGCATCCTGTCCCGCTGTTATAAATAGTGACAGGTGTAATCCTTATATAGTTACCGATCACACAGATTTTAATCTAATATACATAAATGGTCACGTTCAAGAAATGCAAACAAGCACTCTGCCATCAAGCGACTACAATTCTCTAAGTGACCTGTACAACGCACTTACGCTTTCAGGACACGGGACTTCCTCAAGTGGCAATCTGGCAGATCTTGTAGCTGGTAAAGCTCCTGCTAACCCTCAAGATCCCAACAATCCCTGGCAATACTACGTATCTGGGAGGCTTACTGTGGCAGCAGCGGGCGATATTGTAATTGGAGACGGTGGGACCAATTATCTTAATTATAGTCTTACATATCCTGAGAGGCTCGTTAACCCTGACGGGAGCTTCACGTCGTATTCTGGGACAGATGATTCCAGATTTCTACTGGGTCTTGTGGCAAGAAATATATTCTTAAATGTAAAATCTAATGCCAGTAAACCTCCTTCCAAACCAGACTATGCTAATGATGGGACGAACGTTTCTGATAACCAAACTTACTCATTTGATGGACAGATCCTTACCTTTGGGACGCAAACGGGAAACAATGACAATACTATTCAGACAGGGGTATTTGATAATTATCACTATTATAGCAATGTGGCAAGTGGCAATCCTGCAAGCACCTCAAACTATCCATACTTCTCAGTGGGTTATGGCAGCGATAATTTGCTCGGATATGCCCTTACAAGAGGTATGTTAGTTGAGAACTGGCACGGGGTATGGGGCTTCTTCAATGGTAGCGCTCTGACAAATGGCTATCAAGATGAATATGTGTACGATAACCGCTTAAGATACTTTGTCACCCCATGGTTTCCGCTGCCAAAAAGCCCAAATATGTCGGCAAACTATAGCATGACGGTAGAGATAATAAAACTATGAAATATTTACTTTTTTCCCTAATCTTCTTATTTGTATTTTCTGGCTTGTCTCATGCTCTTATGTGGAGTCCAGACGATCCAAATAGACCGAAGGTTATGCCAGAAAGCAGCGCTATGAGCAGCGAGAGTTCAAGTAAAGACCAGGAAATGACTAAAAATAACGATATGAATAATCAAGAAAGCACACAGCGCTACCAGAATAAAAATGTCCAAATTGCCAATAAAAATATGAATGTAACGAATCAAAATTACGAAGAAACAACCCCTGTAGTTTTTTATTTACAGATGTTCGCAATACTTATAGGAGTTATTTTTAGCCTATTTTTATTTTTTAAGATTTTGCGCTCAAGATAGAAATTTTCTAATTTTCTTGACATTAGAAAATTTTTTGATATATTAAAATAAAATTAAAATTCTATTAGAAAATGTCCTAAATGAATTAGGGCGCTTTTAAATTTATTAAATTTAGCATTAAAGCCATGAAGGCTTTTTGTCTTCATGGCTTATTTTTTTAAGGGAGGTAGAGGATATTTGATTATTGTGTTAGTTTTTTTGTTTTTTGCTTTTTTTTATTCAGATTTGGCAGAAATTGGATTTTGTGATGACTCTTCTCAGTTTCAGGAGATTGTAGTCTACGGTAACAAGGAAAAAGAGAAAAATGCAGATGTGGTAAACGTATTCAAAGTAAACCCCGCTATGAGTTTTTCTATTACTGATTACCTCAAGGATATGGCAGGGGTAGAGATCTCAGAAAAATCACTTGTAGGAGACACGGGCGATGTGGTTAAGATCAGAGGTTTTGGGAATAGCAGATTGAAAGTATTCGAGAATGGAAGAGATATCAATGCCACAGGCGTTTATGGCGGCTTTTATGTG
NZ_CP020921.1_gap27	1387919	1391492	3573	AATAGTAGGAGGTACAAAGTTTTCTCTCACGGACATAATTGTAGCAATTAGTTCTACAGCACCAGCTGCACCAAGCAAATGTCCTATCATAGATTTATTTGAAGTAATAAAAATATTTTTCGCATGGTCTTTAAAAACTCTCTTTATAGCTTTTAATTCACCTTCATCACCAGCAGGGGTGCTTGTGGCATGCGCATTAACCAAATCTATCTCTTCATATGAAATGGATGCATCTCTCAAAGCTCTATTTATACACGTATATGCACCATCACCTGAAGGATCCGGAGCTGCCATATGATATGCATCGCAGGACGCACCGTAACCCACAAGTTCGGCATAAATCTTTGCACCCCTTTTCAAAGCGTGTTCTAACTCTTCTAAAACTATTATGCCAGATCCTTCTCCCATTACAAACCCATCTCTTGATTTATCAAATGGTCTACTTGCAAGTTCTGGCGTGTCGTTTCTACAGGTAGACAATGCTCTCATCACACAAAAACCATTTATTGCAAGTGGAGTAACAGCAGCTTCTGCCCCTCCACAAAGCATAATATCAGCATCTCCGTAAACTATACTTCTAAATGCTTCTCCAATAGCGTGATTACTTGAAGCACAAGCTGAAACAGGCGCAAAATTAGGCCCCTTCAATCCAAATTTAATAGCTACGTATCCGGAAGCCATATTTACTATCATCATGGGAACCATAAATGGCGATCCTTTCATCGGTCCTTTTTCATAGAGAACCACAGCCTGTTCTTCCATAATATCTATTCCGCCAACTCCTGAACCGATACATACGCCTATATTAGATCTATCAACAATATCCAAAAGCCCTGAATCTTCAATTGCTTCTTGAGCAGCAGCCACCGCAAATTGAACAAACTTAGAAGTACGTCTTACGTCCTTTTTATCAAAATACTTCTCAGGAGCAAAATTTCTAACTCTACCAGCAATCATAGATGGAAATTCCTGTTTAAAATCATCAATTTTAATTATACCACTTTTCCCATTTTTAAGCATATTCCAAAACATATCTACATTATTACCAAGAGGGGTAACACAACCCATCCCTGTAACAACTACGCGCTTTCTCATGACAGCTCCTCCTCGGCTTCATGTACAAAATTTTCTATAATTGTCTTCACGGGAAGAATATCATTATACCTGAAAACGTTTGAACCGCTGAAGAAAAGCCCATTCTCATAATCACCAAGCCTTGCCGATTCTAGAGCTAATCTTATACAAAAAGATCGAGTACACTTTTTTATACAACCCTCACATACTTTCGGCTTAGGGGGATTACCTTCAATAATCTTTTTTGATAACGGGGTAAGAATAGCCCTTCCAGGAAAACCCACCGAACTCATTATCTTAACCACATCTTCAGCTTTTGCCTCTAATAAAACCTTTTTAAAGACAGGACTAACGTCACATTCTTCTGAAAGAATAAATCTTGTAGCTACCTGAACCCCACTAGCTCCCATCTTTAAAGCTCTAGCCATTTCTTTGCCAGAATAAATTCCACCAGCTACTATAAGCGGAATAGAAATAACTTCCAAAATTTCAGGCATAATGTCCCAGGTAGATCTGTCAGTACCCAGATGACCTCCTGCTTCTGTACCTTCGAGTATTATTGCACTTGCTCCCAACTTCTCGGCAAGTTTGGCCAATTTAGCAGAAGAAACAATGGGTAAAATAGGCGTTTCAGATTCTTTAGCCCATTTATAGATGTCTCTCGAGAATCCAGCACCAGTAGCAATAAAATCGATTCCCTCTGCAATAGCTGTCTTAACAACTCTCTCAAATTGGCTATAAGCAAACATTACATTTATACCAATAGCTCCATTACCTTCAGAGATCTCTCTTGCCAATTTGATTTGATTTATAAGTTCTTCATCACCCATTCCAGTTGCAGCAATAATGCCACCTGCACCTTCCCTTGCCACAGCTCCTGCAAGGGGTGCAGTGGATACTCTAATAGCCATTCCCCCCTGCAAAATTGGCAGGGGGATAGTTATTTTTCCAATTTTAAGCGGTTTAAGGATACTGCTCTTCAAATTTTGCTTACTCCCAAAAAAATTTATAATAACCAAACAAATTTTTAAATTTATTTTAAATTAAGAATTTCTATTCTCCTACTTTCTCGTATAGGAATTTTACAGCATCTCCAACGGTTTTAATTTTCTCAACCTCTTTATCTGGAATTTCAACTCCGAATTCCTCCTCAAAAGCCATAACCATCTCAACTGTGTCCAAAGAGTCAGCTCCCAAATCATCAACAAAGGAAGAATTCATTTCTATTGTTCCCTCTTCTATTCCAAGCTGATTTGAAATAATCTTTTTAACTCTATCAAATATTTCATTCTCACTCATTAAGTTCACCTCCTTTCAAATTTAAAACATGCCACCATTTACAGAAATAATCTGCCCCGTCACATAATTCGCAGATTTAGCCAACCACAGTGCAACATCAGCAACGTCTTCAGGAGTACCGAGCCTACCCAAGGCAATCGATGAAAGTAGTTTGTTTTTTATCTCATCGGAAAGCCCTGATGTCATATCTGTAACAATATAACCAGGAGCAATAGAATTGACAAGTATTCCTCTTGAACCTAGTTCTTTTGCAAGAGACTTCGTCAAACCAAATAATCCTGCTTTTGAAGCAGAATAATTAGCTTGACCTGGATTCCCTATTTGTCCAATAACTGAAGAAATATTTATAATTCTGCCACTCTTTTGTTTTATCATCCTCTTAGCAGCCTCCTTTGAACACAAAAAAGCAGCTTTAAGATTAACATCTATTACCTCATCCCATTGGGATTCTGTCATTCTTAGTATTAATGCGTCTCTAGTTATTCCAGCATTATTCACAAGGATGTCTATTCTACCAAATAAATTATCCACTTGTTCGAAAAGCGCTTTTACTTCAGCCTCTCTTTCAACTGAAGCCTTAAAAATTTCAGCTGTACATCCCATACTGATTAATTCTTCTTTAATTTCTTTAGCTGCCTCGTCTTTAGAAGCATAATTAATCAAAACCTTCGCTCCATCCATAGCAAAGGCTTTAGCTATAGCTTTACCTATGCCTCTGCTCGAACCAGTAACTAGAGCCACCTTTCCTTCTAATGTCATATTCAATCACTCTCCATCCAAGGCACTACACTCTAGCTTAGTCCAGCGCCTTAACATTGTTGTAAGGATATTTTTTGGACCCACTTCAACACAATTTTCATATCCATCACGAATAATATTCTCAATAGTATCAATCCATTTTACCGGACTGATTATTTGCTTTGATAAAATATCTGGAATACATTTAGTATCTTTGTAAGGAAGCCCATCAATATTTTTATAAACTGGCACTTTAAAATCTTTAAACTCCAGACTCTCTAAAAATTTTTTAAACTCTTTTGCTGCGTCTTCCATAAGAGGAGAGTGAAATGCACCTTCGACCTTTAACTTTATAGCCTTCTTTATATTAAATTTTTTGTAATTTTCCAAAACCCAGCCTATTGCATCATTTTCACCAGAAATTACTATTTGTTGAGTAGAATTTTCATTTGCTACAACACA
NZ_CP020921.1_gap28	1414879	1416743	1864	CACTTGATGCATGAAGCCTGACTATTTCTCCTCTATTTACTGCAAACATGCCAAACGGGTAATTATCTCTAAGATCGCTCTTTAACGTGAAGGGGAGCCTTCTGATATCCTCAATATCTCTAATATCAGAAGGGCTTATCCCTAATTCGTTAAATCTCTTTCTGTAAAATGGGACAAATTCGTAGACATAGCGCACTAATCTTCTAAGTCTTGATTCCTGTAAACTAATTATCTCTTTTCTGGGCAAAAGCTCCACTTCGGGTTTAAAATATTTCATCATCTCCTACTCTTCGGCTGAGTCCATAGATCTCAGGTTGGGATATTTTTAGTCCGCCATTACAAACCCTACTCCCAACAGGCGGAACTTAGGGCAAACTGCTTTAGATGTATTTTACTATATAGCAAATAAATTTAAATAGTCATAACCTATCAACTAAACTTATAGCATCGTTTTTACAACCCTTTACACAAACTCCACAGCCTACACATTTAGTCTCATCCACAAACGCTTTGCCCTCTACCATTGATATTGCCCCTTTTTTACAAAATCTTAGGCATATCTCGCATCCCTTGCACAAAATAGGATACACTCTTGCAACCTTTAATTTTCTTGGACTCTTTTGAACAGTATTGTTAGTATTTTCAACTTCGTTTAACTGAACACCTTCAATCTGAGGATTAACTACTCCAATTCCAAAAAAATTATTTAAATTATTTCTTGAAAAACACCCCAATTTCCCCTTATGATGCCTTCTACCTCTATATCCGCACATTCGGCCTCTCATTTATTATCACCTCTAAAGTTTAATTTTAACAAAATTAATATAAAATATCCTTTATCGACTTTTTAATCTAAATTTACTCTGGAGGAAAGATGAGAATTCACACTCTTGATCTAAATTTTTTAAATTCAAAGCAAGTGCTTAGTAGCTATCTTGTAGAATCAGATCCGCCATTTCTGGTAGAAACGGGTCCTGATTCTACCTTTGAAAATCTGAAAGCTGAATTGAGAAAGTTTGGTTATGAAATAAAGGATATCAAATATGTATTTATCACCCATATACATCTGGATCACTCTGGAGCCGCATTCAGATTCGCAAATGAAGGTGCAAAGATATACGTTCACCCAAATGGCAAGAGACATCTCGTGAACCCTGAAAAACTTATAAGATCAGCCACAATGGTTTATAAAGAGAGAACTTATGAACTCTGGGGAGATACCCTCCCTATTGACGAAGAAAAGGTAATTGAGACCTCAGATGGGCAAATTATAACTATAGGCGATATCCAGGTTAGAGTATTAGACTCTCCAGGACATGCAAAACATCACAACGTTTATTTAATTGACGATCACCTGTTTACGGGTGATACCGGAGGAGTAAGAATAGGCAATGGCCCTATTATGCCAGCAGTCCCACCTCCTGACATAGACATCCCCATCTGGTTAAAAACTATAGAGAAAATGAAAAGTTATAATGCTACTTATATATGTCCATCCCACTTCGGCTGCTTCAGCGATGTTGAATATCATCTCGAAACTTTAAGAAAAAACCTTATAAAATACGATGAATTCATAAAAAAGCAAATCAAATTTTCAGATGACTATAATACACTTTTTCCTATATTTAAAGAATATGTAGACTCATTTTTCACAGATAAAAAGGTTAGAGATTTCTATCAGTTTGCAAATCCTGATGAAATGAACCTTGCAGGGCTGATCAGATATGCGAAGGTAAATAAGTTTGACGTAGAATGATAAAATCCTGAACTAAGTAGAGTCTAATATAACTTTCATTTCTTCTTCTTCTAGATCATTTACATTTTATCCCAATTCGTTTTTCCATGATAGAAAACTACTGGAATA
NZ_CP020921.1_gap29	1425225	1428793	3568	AAATGGTGGGAGTTGCAGGAGTGTGTTAAACAATATTTTAAAGATAATAACCCACCGGTAAGAAAAAATTTAGAGTTTTTTATTCCATTGAGAAATAAGATTGTTCATCGAAACCTTCCAGAACTTGATGATAGTATTTTTGGGGAATGTCAAGCACTGCTTATTAACTTTAATAATTTTATGGAGCAAAATTTTGGTGAAAAATATTCTATCAAAAATTCACTTTCCTTTAGTTTACAATTGGCACGGTCACCAAAAAATTTTATAGAAGCATCAAAAAATGAATTAAAAAAGAATGATGCTCAAAAAATTGTAAACTTTATAAAAACTTATCGGTCATCGCTGACTACAGATCAGTTTGAATCACCTGAGTACTCATTTAAAGCTTTGCTTATCCAAGTAAGAAATCATGGAAGCAGAGATGCTTTAGCATTGGAATTTATAAATGAAAAAGATTTAACAGAGGAACAAAAAGAAAAACTGAAAATTGGAACGGTACTAATAAAAGAAAAAAAAGAGTTGATTGATGGCATACCTAACAATTTTCAATGGACATATAAAGAATTGCGAAAAGAAATAAAGACAAAATGCCCACATATTAAACAAACTATGTTTAACAAACTTAATAGATATTTAAGAGAAAGATATAAGAACAAACTTGCTTATGAAAGAGTACATAATCCTAAAAGTGAAAAAAAAGCTTCTACATGGTATTATGATCCTAAAATTATTGAAGAATTTAAAAAAATATATCCTCCCATCACCCCTTCCAACGAGCAGTTGGTCAAACGCATAGAGGATCTTGTTGACAAAATCGATGCTGCCAAGAAAGAGAACCCACAAGCAGATACTCAGGCTTTTGAAAAGGAAATCGACCAACTTGTGCATAATATAAATTATATAACTTAACACAGGATGAAATAAAAATAATAGAGAAATGACACCAAAAATAGTCTTATTAATAGCAACAAAATTAGCATCTTCTTAAGGAAAGAAATCAGCATTAGTTAACAATCTATTAAGAAATAGACAATATTGTATATAAAATATATAATTTTAATTAAAATTAAAAATAACATGAAAGGAGTTAGTGAAGTATACCAAATTACTATACAAAGCAAAGCCATTAAAAATATCAATTCTTTTCAGAGAGTGTCATTATTTAGGAATATGTATAGTAATTTGGTTAGCAGTTTTTTCAAGCAATTCAGCGCTGCAGGCAGCACAACTTTGCGGAATTGATTCGACAAATAGTACAAAAATATGTCTTATTTTAGGTGACAATACCTCTTTAGTTTCAGTAAGCTGGTCAGGCCGTAGTTAATTGGATGGCAGATGGTCCAGGAAACCTGACCTATATTTACAAAATTTCTGATAAAGAGTCGATGGTTCAGGGCAGCGTAGAAATGAAGGCTGGGCTGATAAACGGCAAGGCAAGCCTTAATATATAGATCAGTTCAACAATGACCAGTAAGAAATTTCAATTTACCCGTTCATCTTCTGTTAATATTCGTTCGTGTATAGTTTTCTACAAGAATTAAAAATGGAGGTGTGTTATGAACAAAGCAAAAAAATTTGCAGTTCTAGCTCTTGGAGGAATATTACTTACTACTTCAGTAGCAGGAATAGCTACAGCTAATCAGTATGTGACTGGCTCTATCAAGGTTACACAGGACAATGAAGCAAGCTATGCAGACCTGTCGAACACAACAGTTGATCAGGCAATATCCAGTGCACTTGCAGCTCAGCCAGGAAAGGTTATCAAAGCAAAGCTCGAAGATGAAAATGGCACATTGGTCTGGAACGTAGATGTAGTATCAAACAATCAGATGTACGAAGTAAAAGTAGATGCAAAGGACGCCAGAGTCTTAAGCACAGGAGTAGATCAGACAGATAATCAGAAAGAAAGCGTTGAAGAAAAGGATTAATTTTCTTGGGGGGCTTGTCCCCCCTTTATTTATTGAAAAATTTAAAGGATTAAGGTAATATGAGCACAATGAGAATTTTGATAGTAGAAGATGAAAAAACTCTTGCAAATTTAATAAAAAAGGGCTTTGAGGAAGAAAAATTTGCTGTAGACGTCGCATACAACGGCGAAGATGGGCTTTTTTTTGCTAAAAATAATACTTATGATGCTATAGTACTTGACATTATGCTTCCCATAATTGATGGCATTAGCTTACTGAAAGAATTAAGAGAAGAAAATATCTCAACTCCAGTTATTATACTTACAGCCAAAGATTCAGTAAAGGATAAGGTTTTAGGTTTAGACAGCGGCTCTGACGACTACCTTACAAAACCATTTTCATTTGAAGAGCTACTTTCCAGGGTAAAAGCTTTAATAAGGCGAAAATTTGCTGCATCAAGCCCAATAATAAAGATTTGTGATCTGGTAATTGACACAGCAGAAAAAACAGTCAAGAGAGGTAACAAGAGAATTGATCTTAGTGCAAAGGAATATGCACTTCTTGAATATCTAGCCTTAAACAAAAACAAAGTAATAAGTCGAACAGCAATAATTGAACACCTATACGATGAAGACTTTGATTTATATAGTAACGTTATAGACGTATTTATAAATAGAATCAGGAACAAAATTGATAAAAATTTTGATAAAAAATTAATCCATACATTTCGTGGCATTGGTTATAGCTTAAAAGAGTGAATTCTATAAAATTTAAGCTGTTCTTATACTACTGCATTATATCCTTTACAATATTCGGGGTATTGGGGATTTTTTTATACTTTAGTCTTGAGAATATCGTTTTAGAATCAATCGATAACGCTCTCATTGCAAAGGCTAAGGCAATAGCTACACTTATCAATGAAGACAATGGCATAAACTTACAATTTTCAGACGAAATCATGAAAGAATATTCTAAAAGATCAGATCAATACTTTCAGATAATTCAGAATTCAAAAATTGTCGAAAAATCTGAATCTTTAGGCTCTGATAGTCTGCCAATCGTAAATTCAGCTCAGACCATCCATTTTAAAAATAAACCCCTTCGCATTGTTTTGTACAACATAACTATAAATAAAGATCATCTTGTAATCGAGTGTGCTCAGGATATTGAAAGCAAAGTAGATTTTCTCAAAACATACCTCAGCATACTAATTCTGTCTATTGCAGGCGCAATTCTTTTGAGCGCCTTAGGAGGCTTATTTATTGTAAACATAATGCTCAAGCCAATTAAAAAGATCTCTCACACAATCAGCAAACTTTCTGAGTCAAATTTGTTTCATAGTCATATTGACGAAAACGTAGTAGATGAACTAAAGCCTCTTGCAGTCTCATTCAATCGTACCTTTGAAAGGCTTGACAACGCATTTACTAAACAAAAGCAATTCGTCGCAGATGTCTCTCATGAGTTAAAGACTCCCCTTAGCGTAATACTGATGGAAACAGAGATTGCACTCAGAAAACAGCGAAGTATTCAGGAATACATAAACACCATTAATCAGATAAAAGAGACTTCCCAGCATATGAAAGGCATTATAGAAACGTTGTTCAAGCTTATAAAAATAGAAAACACACAACTTCTGGAAAAGAAAACTCTCGACATTA
NZ_CP020921.1_gap30	1444049	1445472	1423	ATTTATTAATCTCATCTGGTAATACAATTCTTGCCTGCAAACTGCTAGGCTCTGGATCAGCTCAAGCACCACAATATTTTATAGGTGCACTAATAATGATATAAGCTGTTCCTTTTGTTCTCGCATGAATAAATTTTCTTGCTTCATCTGTTACTCTTATTTTCACAGCTGCATCTCCCCACATTCAAACTAAAATCTTAATTTTTTAAAATTTAACTCCCCTCACAGCCAAATTTAACTTTAGTTAGGGCTTCATATGCTTTACGTTCTTGCCTCTCACAATATATAACACGTCTTCAGCAATATTTGTAGCATGATCTCCCAATCTTTCAAAATGTCTGGTAATAAACAACCAATCGATAATTCTCTCGCAATTAAAGCGTCTTTCAGTAAGTTCCTTTTTTAAATTTTGCAGGATATTGTGATAATCCTCATCTACAGCATCATCATCTTCTATTACGCTAAGAGCCATTTCTTCGTTTTTTTCAACAAGAGAAGTAATAGCGTTTCTTACCATAACTTTCACTTTCTTAGCCATATCAGGAATTTTTTGCATAAAGAGTTCAATTGGTGGATCTTTTAACAAATTTATAGCAGACACTGCAATACTTTTCGTTTCATCAGACATCCTTTCAAGATCTACGATTATTCTCATAATCATAACTATATATCTAAGATCCTTTGCTACTGGTTGATAAAGCGCCAGCATAGTCATGCACTGTTCTTCTATATCTATCTCAAGTTCATCAGTAATCTTCTCGCTTTCAATAACTTCTTGAGCTATTCTTGAATCCCTCTCTAGAATAGAAAGAATTACCAAATCTATCGCTCTCTCCACAAGAGTTGTCATTTCAAAAAGCTTTTTCGTTAATTCTCTGATCTCTATATCAAAATGTCTTTCCAAAGATACACCTCTCTTTCTTAACCAAATCTACCAGTTATATAATCTTCTGTAAGCTTTTCTTTTGGAACCTTAAATATCTGTTCTGTTACACCATATTCTATCAAACTTCCAAGATACATAAACGAAGTAAAATCAGAAATTCTTGCCGCCTGTTGCATGTTGTGTGTAACTATAACAATTACTATTTCATTTTTTAGATTCACTATCAATTCTTCTATTTTCGCAGTAGAAATAGGATCAAGTGCCGATGTAGGCTCATCCATCAAGATAATTTCAGGATCGTTTGCAAGAGCCCTTGCAATGCAAAGCCTTTGTTGCTGACCACCTGAAAGATTTGTAGGGAGTTCCTTTAATCTATCCTTAGTTTCTTCCCATAAAGCAACTCTAATTAAATTTTTTTCACAAATCTCCTCTTTTTGTTTTTTTGAAAGCCTTTTTCCACTCATTAGAAATCCTGCTAGAACATTGTCCTGTATAGACATAAATGGAAAGGGATTAGGTCTTTGGAAAACCATTCCA
NZ_CP020921.1_gap31	1548975	1550952	1977	CCGAATTTCAAATTGTCAATTTTCCCAGCATCATAAGGCTGCCATCCAGTAGTTACAATTATTGAATCAACAGTTACATCTATAATTTCCTCTTTCATTTTTAAATCAATTGCATTATACTTACACACGTCAATACACTTTGAACACTTTTCGCCCAGGCAAACATTTGGATCGATAATTGCATATGGAGGATTGGCAAACTCAAATGGACTATATATGGCCTTTGACTTATTCATATTGAAATTGAATTCATTATCCTTTTCAACAGGGCAAACGTTAAAACATTCCCCACATAGAGTACAATTATCATTTACAAAACGAGGCATCCTTTTAAGAGTAACTTTAAAGTTACCTTTTGAACCTTCAACTTTTAAAACTTCTGTTTGTGTCAAAATTTCAACACCCTTATTTTCCCTCATACGCCTGAAATTAAGTTCCAGACCACATGTTGGAGGACAAAGTTTTGGAAAATATTTAGTCAACTGAGCTACTCTACCGCCTAAATAAGGATTTTTTTCAACAAGGTAAACCCCTACACCCGTTTCAGCGGCCTCAATCGCTGCAGTAATACCACTAATGCCGCCGCCGATAACCAGTACCTTTCCTTGAAATTCTATCATCTACCCTACCTCCAAATAATTTAAAAAATAAGTGCTGTGAGGTATTACCCCCACAGCACTTAGTATTGTAATGCTTAATCTTATTTCAATTAGTCTGGAATAAGCTGAACGTAATCTCTCTTGAATTCCTTAATTTCTCCGGTCTTCGGATCCATCTTAGAGTTAACAAAACATCTCCAATTTGCATCATCTATGAAATTGAAGTCTTCACGATAGTAGTATCCTGGATAACGAGTTTCCTGGCGGAACAATATGTGCCTGAGGTGCATACGGGCCGTCAAGAACCTGTGATAGTTCTCCCATACTCTCATGAGTTGATGTAGATCCCATGCAGCCATCCTGTAGCTATCTTCTTCCAATAATTGCATATAGTAGAGTGCCTTAGTAAGAAGCGTTTCTGATGTAGAATACCAACCTATAGTGCCTGCAACATACTCATCCATTATCTTATTCAAACGGAAGAGGAACTGTTTTGGAGTAATATACTGTGGATTAACGGTGTATGGAGTGGTTGAAACTGTTTTATATTTCTCAAAGAGTTCCATGGGTGCATAAATTTCAGCTGCCAATTCTTCTGCCGTCTTGTCCACTGATGGGGTGTAATCTCTGTTGTTCAGAATAAATCTTACTGCTTGCTTAGCTGCTATACGTCCTTCCGCATGTGAACCAGAAGAGAACTTGTGTCCTGAAGCTCCAACTCCATCTCCACAAGTAAACAAACCGTTCACAGTTGTCATACGATTGTAAATTTTACCTTTATATTCCCAAACATATCCTGCTTTTTTCGTTGCATCGTTTTGCAGATCTTCTGGACCACAAACCCAAAGTCCACAGCAACCAGCGTGTGATCCGAGAAGATACGGTTCGGCTGGCATAATTTCTGAAGGCATCTTGTCAGGTTCTATATTATTTCCAAGCCATACACCAACCTGCCCAACTGTCATGTCAAGGAAGTCTTCCCAAGCTTCTGACTCAAGTTCTTTAGCGTGCTTTGCGTCAATTGTCTTTGCAAGTTCAGCAAGAGCCTTGTCTGTATTCATATACATAGGGCCAAGGCCTCTCTTGAAATCTTCGATCATCATATGGTTTCTAATACAAGTACCAAGGTTCTTATTATATGGCGCATATTTTTCAATATATTCCGTCTTTGCGCAGTAATCCTCACCTCTTGCATTTGTAGCAGTAGCCTTGAAGAGCAAAAACCACGTTCCTACAGGTCCGTAACCATCTTTGAATCTGGCAGGTACAAACCTATTCTCCATCATTGTAGCCTCTGCACCAATTTGGAAAGGCATAGCATATGTAGAACCAGCATTCCATACTGGATACCATGCGCGGCCCATTCCTTCAAGGACAG
NZ_CP020921.1_gap32	1701516	1705718	4202	TCTTATAGCATAGTGAGCAAAGAGTTGACCATTCCACACCCAAAGAATGTGGAAAGGGGTTATATTAATGTTTTATTTAATGATGTTCTAGGAAATCCTTATAAGAAATTACAAGGAGTAAATAGAGGGGATAAAATTGGCCACAGAGCTAGTAGAAGTTAAAGTTTTGGGTGTAACAATTGATCCTACCAATAATCAAACTGTTGTAATATTAAAAGAAATTGACTCAGACAGGGTTTTGCCAATTTGGGTAGGACCGTTTGAAGCCGGAGCAATTGCTATGGCGATAGAAGGGATAAAACCACCAAGACCCATAGCTTACGATCTTATGAGCGATATCTTACAAATATTTGATTTAAACGTAGTAAAGGTAATTATAGAATCTTTAAAAGATGGTGTCTTTTATGCTCAGATAGTAATTTCTCAAAATGACAGGGAAGAATATTTAGATTGTAGACCATCAGATTCTATTGCAATTGCAGTGAGACTGCTTGCCCCCATATACGTCAAAAGAGACCTTTTTGAATCTTCATCAGTAAGCTTTATAAAGAAAGAAATAAATGACGAGGAGGAAGAAACAAAAAAATTTAAAGATTTCATAAAAAATCTAAAACCTTCCGATTTCAAATGGCATTAAAATGCGTTAAATATGCCATTGTAAGTGCTGTTATATTATGTATATTATGTTTGATCCTTTTCTTGAACACTGATAATATAAAGAGGACTTTTATATATCCTACTATAAGTTCAAATTTACCAGAAGGAACAAACTTCCAATCAGCCGACATCGGTTTAAACAAAATTATAATTCATAACGTAAATATTAACGATGACTTTAAAGCAAAAAAGGTTTATATAAGTTTTTCTATTTCACTGATGCCTTTTAAAATAGTCCCAACTGAAGTTAAAATATACGATGCTTCATTGAATGTAATATTTACTAAAGATAAAGGTTTTTCTTTACCTGAGGATGTTTTAAAAGCACTTACCCCAAAGGAGGGGACTCCACCTGCTAATTTTATATTAGATTTTTATAACTCTACATTGGTTATTAAAAACAGCTCGATAATACTTCCTATAAATGCAATTGGTTTTGTTGAAAATAATTCATTAAATCTTAAAACAGTTTCAAATTCAAATTATGGGGATATAAATTGTACAGTAAAAATTGATCCTGATAAAAAAGAATTCATATTCGATGCTCACAACGTAGAAGCTAAAGAACTGTTACAGTTTATTAACCTTGATAAAAGAGTAACAATAAAATCGGGTAAAATTTCAGCAAAGGGTAGCTTTATATTAGAAAAAGATATCCCATTGACAAACATCTACATCTCTTCAGAAAACTTAACAACAGAAGCAAACAATCATGTTTTTGCTGGTCCTATTAATCTATATATCAACTATCCTAATTTAAATTTAAATTATTTTTCAAAGGAATCTGATTTTGGACCAATAAAAATAAGCCTCATATACAATTTAGAATCTGATGGCACTGCTCAAATATTTTTGCCTGAATACCCTTTAAAAGAGCTTGACTGTACTGTAAGCGCCTACTTATATACAAATAGCATTAACTCACCATATTTTTATGGTAGGTTTAATGCTAATAATATGTCATTTAATAATATTGAGTTAAAGGATGTAAGTGGTGAAATCAACACAGACGGATATTCTTCGCATGGCACACTGGAGGCCACACTCTATGATTATCCAATATCCGGAGGATATGCCATTAGTGGCGACAAATTCGCATTTGTAGGTAATTATAGAAATATTAACTTTACCCTTCACAAAATAAACAACCTGGCACAAGTCCAGGGCGATTTTTTATTCAATTATAGGCAGATTCCTTTTAACTCGATTATTAACTTATCAAAAAATCCTATAGACTTTTCAGGAACAATAGGATCGGGAAATCTTTCAGGAAGTATTGTAAAAAACACACTTTTATCAAAGGTAGAGTTAAATCTTAAAGACTTTCTTGACATAGAAAGCGGCCATGCAAAACTCAATATAAATTATTCTTCAAACACTGGTTTAAATTCAAAGGTTAACTTTGCAATGCTAACAAGATATGGGGCTTACTTGAAGGGAATAGGATCTGTTTCAGCCAGAAATCTTAGCAACATGGAATTCGACTTTTCTTTATTTTCTGGCACAAATGAAGCCAATATAAAAGGCAATCAGAATAAATTTATCGCAAGTGGTAAGGATATTTCTATTGACGCATTATATCAACTATCTCCTTTTACATTTGAAGAGGGAAGGTTAATTAAAAAACCAAATTTAAATTTTTTATACAACATTGGAACAATAAGAGGCTTTCCACGACCCCCCTCAAACAAAATCCTGTATCAGGTATATTCAATAGATTTAAACAATGGTACTACAATACTCTCGCCTGAATCATATCTCTCATTTTATCAAAGTATTATAAAAAGCATAAAACCCTATCAACCACCTGTTTATCTAAAAGGCACTACATCATTTGAGATAAGTTACGACAATGGAAATTGGAAGGGAGAAACAAGTATAAAAAATTTTTATTCAAATTTTTATTCATTTTCCAAAGCAAAAGTAAGATTTCATGGCAATAACAATGAATTTTTTATTGACTATGCTGATATCTACAAGGACTCTGGAGAATTAAGTTTTTCAGGCTTTATAACTCCTGTTTTAAATATTAGTGGAAGAACAAAGAATTATCCGATAGAATTTGAAGGTTTTAATTTACTAGCCGACTCTACATTTAATTTCTATCATTCAGAATCGTCAACTAAAGGTGCAATAAATCTTAATTCTAATAACATCTCTTACAACGGGAAAAGTGGCGGAAAACTATCTATGGATGTTTCTTTAAATTATCCTTTTCTAAAAGTAAACAATCTCTCACTTGAACACGATGGGCACACAGCAACTCTTAAAGGTACGCTCCCCATGAACAAAAAAGCACTCAAAAGTAATGAGACCACTGACTTAAAGCTTTCAATATCAAATTCAAGCATTGCCTTGCTTTCCTTTTTGTTGCCAAAAAATATGTCTATAAAATCAAGTGAAGGAAGTATAGATCTTAAGGTATCTGGCAGTTTTGATTCACCAACTCTTAGTGGGAACGCCAACATACCTAATATGACAATACTTGTAAACAATCAAGAGATTAAATTAAAAGATTTCAATGCAAAGCTTACTGGCGATGAAATAAATCTAGCAGGATATCTTATTGAAAACGGTGGCATTGCAAGTTTAGAGGGTCATATAAACGGCACATCAAAAAATCTTGATATAACTATTTTAGGGAAGAACTTTAATGCAAATTTTGGAAAAACTTATAATGGTTTAGCAGATTTTTATTTAAATCTAGGTGGAAGTATTTTTGACCCGGTCTTAAAAGGTAATATTAATTTAATAAAGGGCCATATGGGTTTTCCAAACAACAGTGCCTCTGTTTTACCAAATATTAAATTGAATCTTAACATAAATATTGGACGAGATGTTGATCTTCGAAATGATTTTTATACCCTATATCCTTCTGGAAGTGTCAAAGTAGAAGGTACTTTAAACAACCCGATTATATTCGCAGATCTAAACATCAATTCAGGGAGAATTTCTGTTTTTGATCAACCATTCCAAATTACAAGAGGTAATATTAAATATACGCCTCTTGCTCACACTGTAAATATTTTGGCCCAAAGCAGCATATCAGAATACAAGGTATATCTTACGGTAAGCGGACAATTAGAGAATCCAAAGCTTTCCTTCTCGTCAGTTCCAGAATTAAGCGAATCCCAGATAATAGCATTAATTGGTACCGGCAAAAACCCGGTTACTTATGCCTCAACTGTAGCAGCAATGTCGCCAATAACCGCCGTATCACAAGCTCAGGGAATATTATTTGAACCTATAAAACAGGCATTAGGATTATCCCGATTATCCTTTGGGATGTCTGTTGATGGCAAACCAGAAATCACAGTTTCAAAATCCTGGAATAAAAAAATTTCAACCTCTGTTACCTACACGCTTGGGACAAAACCTCAGGCCACCTATCAAGCTGATCTACAACTCTCAAAAGCTACATCCCTTGTTATAAGGAATTCGATAACAGACAACATATCGTTCAATAGAGGCACCTTTGTGGGTTTATATTACAGATTTAGATTTTAAAACTTTACAGAAACTTGAGATAATTTAATTTATCCCTT
NZ_CP020921.1_gap33	1767259	1769280	2021	CCAGATCTACCCTTCAGAGAGTCTCATAGACTAAGACCTCATCTTGAAAAATTTAACATCTCTTACATTCCTTTTGCAACGCCAAATATAAGGGAAGAGGATATCAAAACTATCTCAAAATATACAAACGCGTTTATATATGCTGTAACAGTTTTTGGCATTACGGGTGCAAGATCTAGTTATAGCAAAAACACCTATAATTATTTAGAGTACGTAAAAAAGATCAGTTCAAACTATGTAGCCGCTGGATTTGGGGTTAGTTCAAAAGAGCAATTTGAAAAATTACCAACTGACGCGGTAATTATAGGAAGCGCTTTAATTAAGCAAATTGATCCTGATAATATTGGAAAGAGTAAGGAAAATATTAAAAAACTAATAAATAGCATAATTATTTAAATTGTTTCTTGATAAACATTTATTTATTCCTATAAGGAAATAAAGAGTTAAGAAGAAAACGTACAGAGAATTTTAATTTATTTAGGATGAATTTAATAAATGTTCTTTTATACAATAAAATAAAATTCTTATGTACTATAGAGCATAAATATTAGTATAATACACAAAAGTATAAACAAATTTCGGAGGAAATTTGACAAACAAAAATTTAAAAAACAACTTAACCATTTTTCTTCAAAATCTTGACAACATACCTTTTGTAGACAAAGTAAGAACAAAGGAGGCAAAAAGGTATCTTTATGTCCCAGTACTAATAGGAATTGCAGTTGGTATCTCAGCCGTAGCGTTTTTATTAGCTTTACATTATACCTCTGTTGTTTTCTTGAATATGCTGGTTGGCTATTATCCACCGGAAGTTACAGGAGAAGGTGGGAACCCAGAATTATATCATATTATTATTGCAAGACCCTATTTATTTCCAGTAAGCGTTGCGCTTGGCGGTTTAATATCAGGATTATTAATATATAAATTTGCACCAGAAGCAAGTGGTGCTGGAACAAACGCAGCTATAAAAGCATATCATTTTGAAAAAGCAATAATTAATATAAAAACAACTTTTATAAAACTTCTAGCTTCAACACTAACAATTGGTGCAGGCGGAACCTCTGGAAGAGAGGGGCCAATGTCTTTAATTGGTGCAGGGCTGGGTTCTTTTATAGCACAAAAATTAAATTTAAGTGAAAGAGAAAGAAGAATAGCCCTAGCAGCAGGATTGGGGGCTGGGCTTGGGGCAGTCTTTAGAGCACCTCTTGCCGGAGCCATAGTAGGCGCTGAAGTATTTTATAAAAAAGACTTTGAAATACAATCTATGTTAAGTTGCTTTATTGCAGCAATAATTGCATATACGTGTGTGGGCCTTACCTTTGGGTTTGAACCATTGTTTTACGTTCATGTAGATGCATATAAAAACTTTAAAATAGTAGTACTACTTCAGTATATAATACTTGGGTTAGCCTGTATGTTAGTTGCAAAATCTATAATGACATCATTTTTCTTATCAAAAAAACTTGCAGACATATTGCCAGTACCTAAATATATGATTCAACCAATAGGAGGATTCGTTACAGGATCAATTGGGATTATAAGTCCTGTGGTTATTGGCAGTGGTTATGGTTGGATCCAGCTCATTACAGATAAAAGGATTGATATCATAACGCCTCAATTTACAATTATTGGAATTATTGCAATGATATTAGCATTAGGCTTTACTTTAGGTTTCAATAGCCCAGGAGGCGTATTTGGTCCATCGCTTGTCTCAGGCGGACTTACAGGGTTTGCTGTTAGCAATTTTCTATCAAACATAATTTCAAACAATAATCTTGATATCACGTCATTTACTATAGTAGGAATGATGTCAGTTTACGCAGCAGTATCAAAAGCTCCATTATCAACAATAGTTATGGTTGCGGAAATGAGCCACGGTTATGACCTACTTATCCCTTCAATGATTTCTGTATTTATAGCTGACTTTTTCTCAGGGCATCAAAGTATATATAGCGCTCAAGTAGAAAGAAGGATCGATTCACCAGCATATCAGGACGAGTGTATATCTCACTATTTAACCC
NZ_CP020921.1_gap34	1774294	1774794	500	TAACATATATACTTTTGCATAATTCTTCTAACTCTTTTAAAACCTCACTTTTATTTTTTCTAGAAAAAGGCTTTTTCACTAAGAATATCATATCAAAAAAGTCCTTCTTTTCATTCTTATATAAAAATTCTTTCACAAAAAAACCTTTAATAAATCTCTTCATATAATTTCTCTTTACAGAACTTTTTGCAACCTTTTTAGACACAATAACACAAATCCTAAAATATTCAGAAGGACTGTAAAAAAGGGTGAAAAAAAAGCCTTCTATTCTCTTAGAATTAAATGTCTTCGCTATTCCCTGTGGGTTATTTAGTAAAGCTCCTTTACTTAGCACTAACAGTAAGCCTGTGCCTACCTTTCATCCTTCGCGCTTTAATAACCTTTCTACCAGCCTTAGTGCTCATTCTGTTAAGAAAGCCATGCACTCTGAATTTTTTTCTAACTTTTGGTTGATAAGTTCTTTTTGACACAACTATCACCTCAAACTTAATTTTTAAAAT
