gap_id	start	end	length	sequence
NZ_CP066027.1_gap1	4574	6851	2277	CTAATCAAAATAAAGGAGAAAAAATGAAAACAAATAATATCTTTATGGCTTTAGCCATAGTTTTAGCAAGTTTGATTCTAGCTTTTGGATTTAACAAGGCTTTAAGCGATTTTAAAACACTTGAAAGAAGTGTAAGCGTAAAGGGTTTAAGTCAAAAAGAAGTCGAAGCGGATACTTTGATACTTCCTATAAAATTCACAAGATCAAACAACAATCTTACAAATTTATACGAAGAACTAGAACAAGATAAAGAAAATATCATCAAATTTTTAAAAGAACAAGGCGTAAAAGAAGATGAGATCAACTACAACTCGCCAAATATCATAGATCGTTTAAGTGATCCTTATAGCAACGACACTCAAGCTGTATACCGATACATAGGCACTGCGAATTTACTCATCTATACTCAAAATGTAAAGCTTGGAAAAAGCATACTAGAAAATATTTCAAGTCTTGCAAAATTTGGTATAGTAACGAAAATCGATAATTATGACATAGAATACCTTTACACCAAGCTAAATGAGATAAAACCACAAATGATAGAAGAAGCAACGCTCAATGCTAGAAATGCAGCGATAAAATTCGCACAAGATTCAAACAGCCATCTAGGCAAGATAAAAAAGGCTTCTCAAGGACAATTTAGCATCAGCAACAGAGATAAAAATACCCCTTATATCAAAACCATAAGAGTGGTTTCTACTATAGAATACTACTTAAAAGACTGATGATGAAATTTCAAGCTAAGCTTTAAGGCCTAGCTTGGGACTATGGAATTTTTTCGTGCGGTTTTTAAATAGTTTTTTATAATTATTTTTCTATTTTTGCCTTAATTTTATCTTGAATCCTCTTTAATGTATCAAATGGAAGAATATCAAGCATTTTTTCAATCACACTTAAACTAGGAATTTCACCTTTTTTATCAAGTATTTTGCTTGGATTATTTTCGGCAGAATCTAACATAATTCTTAAAAGTTGATTTTTTAACTCCTCATTATTTGCTTCTTTAATCTGAGTTTCATATCCTTTATAAGTTTGATTTAATCTTTGTTTGTAAGCATACTCACTTGCTATTCTTTTATACTCTGCAATTTGTTTTGTAGAATAATAAGTAAAAAATCCACTAAAAAATAAAAACGGAAAAGCTCTAAAAAAACTTGCAAATGTAAAATCTTTATTTAATGATATAATAAAATAAATTACAAAAAGAGTTATAAAAAGAACTATGGAGCCAATAAAAATACCATTCCACTTTTTAATATTTTCCTGCATATCTTCTTTTTCGTCTTTATAAGCTTCGGCTAATCCTTTAGAAGTTGCACCTGGCAATAATTCATCTATTTTATCATTTTTTTCTTTATATAAATTTTCAAATTTATCTTTATAATCATTTAAACAATTTCCTAATTCTTGTTTTTTACTAGAAATTAAATTGTTTATTTCAGTCCGTTTTTCATTTAAATATTTTTCAAGAGATAACTTTCCACCTTTTCCATTTTCATCTGCTTCAACACCAATAAAAATTTCATTGTAAAATTTTTCAAATTTTTCTATTTTATCTTTATTTTCTTCGATATCATCACAAGCTTGTTTCAACTTCGAAATAATCCCTTCGGTAACATTGCCTTGAGAATCTTCCTGATCATAAAATTTCATATAATCATTTTTCATTTTATTTGCACATTCTTTAGCTTTTTCAATTTCAATTAAAGCACTGCTTTTATTTTCACCATCGGTTTCAATATCAAAAATTTTCCAATAAATTTCATCTATATCTTTTTGTCCGATTTTTATATCTTTAATCATATCTTTTACGGACATTTCTTCATCATTGCCATTTCCATTATAAACAGAATTAAATTCTGCAATATCTTTTAATGAATTTTGTATAGCATTATTTTCGATTAGATTAAGAAATTGTTCTAATTGTTTTAAAGAATTTTCATCTTTGATATTTTTTATAATTTTATAAAATAACTTTTTTTGTTCTTTAATTAAATTTTCCATTTTTATTCCTTATTTTTTATATTTTGTTGCAAATTTTCATCACAATACCTTAAATTTTTCAACTTGGCACTATGGAATTTTTGCGTGCGGTTTTTTGGAGTGAAAAAAGAACTAAAAATATTAAAATAGTATAAGCAAATGTTAGATATATAAACAAAGGATCATTTGAAAATATTTTATCATTGATAAGTTTTCCAATAAAAGGATTTAAAATAGTTATATTAGCACCCATAGATATAATAACAATAATATAACTTATACATATAAAAATAT
NZ_CP066027.1_gap2	69642	71834	2192	TCTTGCTAGGCTATGATTTTACTCCAGAAATTTTTAAAAGAGTAAGAGCTGTTGCGGGTGGATATTTAGGCTATGCAAAAACAAGTATTGATTTAAAAACATCTTTATTATCTTTATCTCAAGATTTTGATGGTTTTGTTTACGGAGCAAAAATAGGTGCTATATTTGAATTAGGCGCTTCTAATGAAATCGAAGTAGGTTTTAAAGCAGAACAAATCGAATACAATACTAGAAATTATTACCAAGAAGCTATAGGGTCGAATTTTTATGATCCAAGACAAACAAATTATGGTTTATATTTAGGTTATACTTACAAATTCTAATGAAGTATTTTATCGGTAGGATTTCAACCCCCACCGATAAAATATCTTTCTACATCATCTAGCAATTTTTCACAAATTTGAGAATCAGTATTTTTATCTACTACAAGATTGATATAAGTTCTAGTATCTCTAAAACTTCCTGCCGATTTTGTATTTTCGCGTGTTAATTTTTGGTTTTCTTTGGTGTATTCTATGGTGATGTTAAATTTAAGAGCCGCGCTTGCTTCTCCTAGATTGGTTTTTATTAAAACATTCATTTTTGAAGCTTTAGCAAGTGTAGCTTGGGTTTTAGATATGATTTCTTTAAATCTTTGGCAAGATCGTATAAGTGTAGCGATAAATTTGTTATCAAGTCCTTCATAAGCTACTTTGAGTTTATTTTTGATATCTTTTGTACTTTCTTTTTCAGGAGCAACAAAAACCATGTAAAAACCTGTTTTGATTGGGACATTATCAGTTTTGACATCGCGCCCACTTGCCATAACTTTAACATAAATTGCATTATCAAGATAGACACGATCTACCATAGGTCCGTAAATTTCATACTCTTTTCTACGAACTATTACTTCACGAGCCAATACATTTAATTTTACATTAGCTTCATGGATAACAGGCTCCATTTCTTTTTTGATTTCTAAAAGCTCTTTTAACATCAACATCCTTTTTGTTACTTAAAATTACAATTATAACAATAAATTTCTTAATTTGTAAATTTTTATTTTGTGTATTAACTAAAAATATGCTAAATTCGAAACTATATAATTTTATGAAGGAGGCGACAATGACACAGGTTTTTAAAAATTCAAATTCAATTCAAGTCAAAGAGCAAAAAAATAAAGAAAATCACTTTAACCTGATGCTGCAACTCTCACTCATCCTAAACTAAAATTTTTATTTTTTTTAATCATTTCTGAAATTTATTTTACTATTGTTTTTAAGTTTTTGAATTTTTAATAAAATTCATTCGGTTTATCTCGTTTTTTAAGGATTAAAATATGAAGAATAATAAAATTATCATTTTTGATACAACTTTACGCGATGGTGAACAAGCCTTAGGCAGTTCTTTAAATATAAATCAAAAATTACAGATTGCCTTAGCGCTTGAAAATTTAGGTGTTGATGTGATAGAAGCAGGTTTTCCTGTATCTTCACAAGGAGATTTTGAAGCGGTAAAAAATATAGCCTCAAAAGTAAAAAATTCAACCATTTGTGCGCTTTCTAGAGCTTTGGATAAAGATATAGATACCGCTTATGAGGCTTTAAAAGTGGCGGATTCTTTTAGAATTCATACTTTTATAGCCACTTCAACTTTGCACATACAAGATAAATTAAAAAAAGATTTTGATGAAATTTTAGCTATGGCACAAAGAGCGATTGCAAGAGCTAGAAACTATACTGATGATGTGGAATTTTCATGTGAAGATGCAGGAAGAACTCCTATTGATAATCTTTGTTTTATGGTAGAAAATGCTATCAAAGCAGGGGCTAGAACTATCAATATACCTGATACTGTGGGTTATACTTTGCCAAGTGAATTTGCTAATATCATCAAAATTTTATTTAACAAAGTGCCAAATATAGACAAAGCTATCATTTCTGTGCATTGTCATAATGACTTAGGCATGGCAACAGGCAATAGCTTAAGTGCTATTTTACAAGGCGCAAGACAGATAGAATGTACTATGAATGGGCTTGGTGAAAGGGCTGGAAATTGCGCTTTGGAAGAAGTTGTAATGGCGATAAAAACAAGAAGCGATTATTTAAAAGGTTTTTATACAGATATCAAGTGTGAAAATATTTCTAAAACTTCAAAATTAGTTTCAGCTATCACTAATGAAAGCATACCTTCACATAAAGCCATAGTAGGAA
NZ_CP066027.1_gap3	98282	101837	3555	AATTTTGCGCTTACCGATTTCAGCTACTGAAATCATTTTGGGCGCACTTATGGCGTATTTTGGTTTTATAGGTAAGAGTGAAAATTTTACTATTTTAGCTAATGTGGGTTTTTATTATCTTATGTTTATAGCGGGTATGGAAGTCAATTTGCGCTCTTTTTTTAATATGGATAAAGAAATTGCCAAAAAAAGCTTTTTTTATATCATATTGCTTTATTCTTTTTCATCGGCTATAGTATGGGTTTTTGAACTTTCTTTCGTGTTTGTTTTGATTATTCCGGTTATGAGCGTGGGGCTTTTATCCTTGCTTTATAAGGACTTTGGTAAAGAGTGTTACTGGCTTAATACAGCTATGATAGTAGCAACATTAGCTGAGGTTGTTTCCATAGTGCTTTTAACCATAGCTGGAGCTTTTTTACGCGAGGGGACAAATATTATCGATGTAGTACAAAGCATTTTATATCTTAATATATTTTTAGGGCTTTGTTTGCTTGGTTTTAAAGTTTTAGGTGTGCTTTTTTGGTGGTATCCCCAACTTAAAGTCGTGCTGATGCCTTGGGAAGATAAAAATGAAAAAGATATAAGATTTTGTATGGCAATTTTTATTTTGATTATCGTGGCTATGATTATTACAAAGCTTGAAATCGTTTTAGGCTCTTTTATTGCAGGTTCTTTTATCGCAACTTTTTTTGACCATAAAAAGGATTTAGAGCATAAACTTTCTAGTTTTGGGCATGGTTTTTTAATTCCGATTTTTTTTATCCATATAGGAACTACTTTCGATCTTAAAATGATTTTAGAATATGAAATCGTATTTGATGCTATTTTGCTGATGTTTGTGATGGTAGGTTTGAGAATTTTGTGTGCCAGTGTTTTTTGGAAAAAAATTGGCTTTCAAAATATGGTTTTATTTGGACTGAGTCACTCTATGCCTTTGACTCTTCTTATCGCTACTGCTACGCTAGGATATTCAGGAAAAGTTATCAGCGAAGAACTTTATTCGGCGCTAATTTTAACAGCTTTATTTGAAGCTATTGTTGTGATGAGTGCGATTAAATTTATTTCAAATATTAAAAAGTAATCTAAATAACACAGGTTACTTTTTTACTCAAAAAGGTTAATGAATTTTAAAATTATTGACAATGAAAAAGTTGAAAATCGCCTTTTTTAGCTAGAATTACTAAAAGTAAAGATTAAAAAAGGAGCAAAAATGTCAAATTCTGTTACTGTAACTGACAATAGAAATGGTAAAAGCTACGAATTCCCTATATATGATGGTACTACTGGTCCAAGTGTTGTGGATATGGGGAGTTTTTATAAACAAACAGGAATGTTTGCTTATGATGAAGGTTTAACTTCTACAGCTACTTGTAAATCAAAAATTACTTATATTGATGGTGAAGAGGGTGTTTTAATGCACCGTGGCTATCCTATAGAATGGCTTGCTGAAAATAAACTTTTTTTAGATGTAGTGCATCTTTTACTCTATAAAGAACTTCCAAGCAATGAAAGACTTGAAGCATTTAGATATGAGCTTAAAAAACGCTCTTATATACATGAGGGTATGCATCGTCTTTTTGATTCTTTCCCTGATAATGCTCACCCTATGGCCGTTTTACAAGGCGCTGTTTCATCTCTTAGTGCTTTTTATCCTGATCATTTAAATATGAATGTTAGAGAAGAGTACATGGAAATGGCTGCTAGAGTTGTAGCAAAAATTCCTACTATAGTAGCCGCTGCTTATCGTTATAAAAATGGTTTTCCTATGGCTTATCCTAATTTAGATCGTGGATTTACTGAGAACTTTTTATATATGTTAAGAACCTATCCTTATGATCATGTTGAGCTTAAACCTATAGAAGTAAAAGCACTCGATACTGTATTTATGCTTCATGCAGATCATGAACAAAATGCTTCTACTTCTACTGTTCGTGCCGTAGGTTCTACTCATGCGCATCCTTATGCATGTATTTCAGCAGGTATTGGAGCGCTTTGGGGTCATGCTCATGGAGGTGCAAATGAAGGCGTTATTAGAATGCTTGAGGAAATAGCTACTGTTGATAGGGTGGATGAATTTATAAAAAGAGCAAAAGATAAAAATGACCCATTCCGCTTGATGGGCTTTGGGCATAGGGTTTATAAAAATTTTGATCCGCGTGCAAAAGTACTTAAAAAGCTTCGTGATCAATTAATCGATGAGTTAGGTATTGATACGAATTTGATTAAGGTGGCAACTCGTATAGAAGAGATTGCCTTGCAAGATGATTATTTTGTACAAAGAAATCTTTATCCAAATGTAGATTTTCATAGCGGCTTAATTTTAAAAGCTCTAGGAATTCCAAATGAAATGTTTGCAACGCTTTTCGTGATCGGACGTACACCAGGCTGGATAGCACAATGGATAGAGCAAAAAGAGCAAGAAACACTAAAAATTGTTCGTCCAAGACAGCTTTACCTTGGAGAAACCAGTAAAATTTAAATGATTGTGTGAAATTAACTTTTTCACACAAACTTCTTATATAATTTCAAAAGAATATTTTGAAAGTCTTACAATGTTTAAACTCGATAATTTACTAAAAACCGCCATAGATGCCAGTAATGAAGCCTCTAAAGCTATTTTAAAAGAAAGAAAAAACCTACAAATTTGGCAAAAACAAGATCAAAGCCCCTTAACATCAGCCGATCTTGCTTCAAATGAAATTTTAAACGATATTTTAGGAAAAACAGATATTAAAATTTTATCTGAAGAAGGTTTGCTAAGTCAGGAAGAAAGTAAAAATTTGCAAAGTTATTGGCTTATTGATCCGCTTGATGGTACAAGTGGGTTTTTAAAAGGTAGTGATGAATTTTGCATTATGATCAGTTTGATTCATGAAGATAGACCTATTTTAGCTCTTATAAAAAATCCTTCAAAAGGCGATATTTTTTACGCTCATCAAAATACTAGAGTTTATAAAAATGATAAAATTTTAGATATAAGCGAACAAGATTTTATAGACAATCAATCTAAAGCTCTTTTAAGTGTTAATCATCTTAGTAAAGAGGATGAAAATTTTGCTAAAAAACACAATTTGACACCTATTAACATAGGATCAGGGCTTAAATTTTGTGCTATTTTGGAAGGTAGAGCAGGGGTTTATAAGCGTTTTGAGAAGTTAAATAGTTGGGATATTGCAGCTGGAGATTTTTTAGTCAATCAAAAGGGTGGTTTTATGGGAACCTTTTCTAAGGAAATGATTTTATATTCCCCTTTAAATTATAAGTGCGAGCCTTTTATTTGTGTTTCTAAAAAAAGTTTTTTAAATATATATACATAAAAACAGCATATAATTTTAAAATCTTAAAGGATAAAAATGAAAATTTTTCTTATTTTATTTATGAGTATTTTGTTAAATTCTAGTCTTTTTGCAAATAATTTTTCGCAAAAAAAAATCATTAAACTAGAACAGCAAGAAAGTTTTGAAATCATAGATCTTCAACAAAATGTTGAAAAACAAAACTTAGATCAGCAAAAAGGGATTTTTGATAGCTCTAGTTTGATGAGTAAGAAAGAAA
NZ_CP066027.1_gap4	126143	130515	4372	TAAAACCTGATTTAGCAAGCTATGAAGGCACATTTAAAGAAGCAGGCGCTAAAAGAGCTATGCTTTTAAATATGAGCGTGGCAAGCCATTGTCCGCTTTTAGAAAACGCGTCTAATAAACTTTGCATAGAGCTTGAAAAAATACTAGAGCCTACTTTTAAAGCTGTAATTTCTAATGCTACAGCTAAAGCTTATACGAGCAAACAAGAAGCTCTTGAGCTTTTAAAAACCCAACTTGTAGCTCCTGTGCTTTATAAACAAAGCATTAAGGCTTGTGAAAATGAAGCAGATTGTTTTATAGAATTTGGCGCTAGTGTGCTTAAAGGTTTGAATAAAAAAATCACTTCAAAAGAAACTTATGCTTTAACAAATATGAATGATATAGAAGAATTTTTAAAGGTAATATAAATGAAAATAGCAATTTTAGGTGCAATGAGTGAAGAAATCACTCCTTTGCTTGAAACACTTAAAAATTATACAAAAATAGAACACGCTAATAATACTTATTATTTTGCAAACTATAAAAATCATGAGCTTATTCTTGCTTATTCTAAGATAGGCAAGGTAAATTCTACCCTAAGTGCTAGCGTAATGATAGAAAAATTTGGCGCGCAAGTTTTACTTTTTACAGGTGTTGCAGGTGCTTTTAATCCTGAGCTTGAGATTGGTGACTTGCTTTATGCGACGAAATTAGCACAATATGATCTTGATATCACTGCTTTTGGACATCCTTTGGGTTTTGTTCCAGGAAATGAAATTTTTATAAAGACAGACGATAAATTAAACAATCTTGCTTTAGAAGTCGCAAAAGAATTAAATATCAAACTTCGTGCAGGTATTATCGCAACGGGTGATGAATTTATTTGTGATGAGGCAAAGAAAGCAAAAATCAGAGAAATTTTCAATGCGGATGCTTGTGAAATGGAAGGCGCAAGTGTGGCTTTGGTTTGTGATGCTTTAAAGGTGCCTTGTTTTATCTTAAGAGCTATGAGTGATAAAGCCGGCGAAAAGGCTGAATTTGATTTTGATGAGTTTGTGATCAATTCAGCTAAAATTTCGGCTAATTTTGTACTTAAAATGTGTGAGAAATTATGATAAATCTTAGCAAAAAACTCATACGCCAAGTTGCACAAGCTAATGCTAAATTTGGACTTATTAAAGATGGAGATAAGGTTCTTTTAGGACTTAGCGGGGGAAAAGATTCTTTAGCTTTGGCTCATCTTTTAAAAAGAATGCAAGCTCATGCACCTTTTAAATTCGAGCTTGAAGCAGCGACTTTAAGCTATGGTATGGGTGAGGATTACTCAGGGCTTCATGCGCATTGTGAGGAGCATGGGATCAAACACAGCGTGATTGATTCAAATATCTATGAAGTTTCAGGCGATACGATAAGACAAAATTCAAGCTTTTGTAGCTATTTTTCAAGAATGCGCCGAGGTGCTTTGTATACTTATGCTCTTGAAAAAGGTTTTAATAAATTAGCTATCGCACACCATTTAGATGATGCAGCTGAGAGCTTTTTTATGAATTTTATCCATAATGGAGCTTTAAGAACTTTAGCGCCTATTTATCAAAGCAAACGAGGTATTACGGTTATACGCCCTTTGATTTTTGTGCGCGAAAGACAACTTAGAGATAATGCTACGCAAAATGAACTTCAGGTTATAGGAAATGAATTTTGCCCTGGTATGAAACTCAGTGAAAAAAATGTAAAATTTCCACATGCAAGAGAAGAAGCAAAGCAACTTTTAGCTAATTTAGAAAAAGAACATCCTAAGCTTTTTACGAGTTTAAAAACCGCTTTTGCAAATTTACACACAGAAAGTTTCTGGCTAGAAAAGGCATAGTTTAATGAAAAAAGCTTTTGTTTTGGTGGATTATCAAAATGATTTTATCGATGGGAGCTTGGGCTTTGAAAAAGCTTTAAAAATCAAAGAAAATATTCTTAAAGCCTTAAATCAAATCGATTTTAATAACACGCATTTGCTTCTTACTTATGATACTCATGATGAGGATTATTTAAAGAGCAAGGAAGGGTTAAATTTGCCTATCGAACATTGTATAAAAGATAGCTCGGGTTGGCAAATGCCTAAAGATTTTACTCCCTTTTTGCAAAAAGCTCATAAGGTTTTTCATAAAAATACTTTTGGAAGTTTAGAATTTGCAAATTTTATCGCAAAAAGTGAATACGAAGAAATCCATTTTGCAGGACTTGTTTCCCATATTTGCGTCTTTTGTAATATCATTTTAGCTTTTAGCGCGAAGCCAAATTCAAGACTTATACTCCATCAAAATTTAAGTGCAAGTTTTGATGAAAATTTAGAAAAATCCGCTTTTGATCTACTTAGAGCTTATGGCATTGAAATACTTTAATGCAAGGCTTTATACTTCATACGCAAAAAGTAAAAGATGAGGATTTGATTGTTTATATTTTAAGCCCTAAAGAGCTTATCAAGGCGTATCGTTTTTATGGGCTTAGACATTCTAGTATTTTAAATGGTTATAAAATTGATTTTGCTTTAGATGAAAATCCTAGCTTTTTGCCAAGACTTAAGGATGTTTTGCATTTGGGTTTTGTATGGATTATGGATCGTGAAAAAATGCTGATTTGGCAGGAATTTATCCGTCTTCTGTATCATCATTTAAAAGATGCTCAAGTACTTGAAAGTTTTTATTTTGAGCTTTTAGATGAATGTGTAAAGCGTTTTGAAAAGCAAAATCCCAAGCGCGTGATTGTGGACGCTTATCTTAAGATTTTAGAATTTGAGGGAAGACTCCATCAAGAATTTAGATGTTTTGCTTGTGATGAAAGCATAGAAAATCCCATCACTTTAATTCGTGCTTTTTTACCTTCGCATCACACTTGTGCTTTAGGTTATGCATTTGAAAAGCAGAAATTAAAAAATTTTTATGAAAGTAAAAATTGTGCGATTTTTGGTGATGAAGAAATAGGGAATTTGTATCAATTGATCAAGGAGGGTTTATGATATTAAGTGATGAAAAATGCGAATTTTTAGAGCCTATAGCAAGTTTTTTAAGCTCTAAGGATGTGGAACTTGTTTTTGTAGAAAGTAAGGAAATGCAAGAGATTAACTTAGAGCAAAGAAAGCAAGATAAAACCACCGATGTGCTTTCTTTTCCACTTGAAAATATCGATGAGAGCTTGCCTTTGGGTTCTGTTGTGATCAATGTGGATTTGGCAAAGCAGAAGGCTAAAGAGTTAGGACATAGTTTTGAAGAGGAAGTAAGCTTGCTTTTTATCCATGCCATGCTTCATTTGCTTGGATTTGATCATGAGGTAGATAATGGAGAAATGAGAGAAAAAGAAAAAGAACTTATAGAACACTTTAATTTGCCCAAAAGTTTGATTATAAGGACTTTGGAAGATTAAGTAAGATTTTTTCAAGGGCTAGAAGACTTGCGCTTTATATTTTAAATATATGAGTAAAAATATTAAAAAAATCATTTTTTGCCGATTTACTTTAGAATAAAATCTATTCCAAGGTGATAAAGATGATAGTATTTCCTCTAAGCTCTTTTAATAGATATTTTGGAAACAATCCTTTGCAAACACTTACCAAAATAAGAGATGAAAGTATTGAAAATGGAAATCCTGAGCTTGCAAAAAAACAAAGAGAAGAATTAGGTAATGATTTGATAGATTTGTATAAGATTTCTAAAAAATTCAGCGATAAAATAGAATTAGTCGAGGGTTCAATAGAAGATAAACTTAGAAACAATGAATTACCAGAATCAGAAGTTAAAAATTTATTTCAATGGATGGATAAGAATGCCAAACACCCTCGTTGGATGCATATTGATGGGGTGAGTTATGATGAAGCTTATGTTAAAATTTTTCACACAAGCGAAAGGATAGATGAATTTAAAGAAAAATATCTTAAGCTTCAAAAAAAATATTTTGTTGATTTTAACAATATTGATTCATCACAGAAAAAACTGCAAGAAACTTCAGAAGAAGACAAAGAAAAGCCTTTTAAGCCTATACAAGCGGAAAGTAAAAGCGAAACCTACAAAGATGATAATAAAATGAATGAGCTTTTAAGAAAACTACTAGAAACTAAATTTGGCACAAGTGATGAATTAGAAATTCTTTTTGGTATGAAATTTAGCGATGATGATGCAGGAGAATTTAATAAAATTCTTTCTTTAAATTCTGCACCAAAAAGCGTAGATATTAAGGCTTAAAAATATAAAAATTTAAATTATAAAAAGGATTAAAAATGATAGGTATCAACTCAACTTTCAATAACTCCTTTGTCAATCTTAATATTAAAAACAATAACAACTCTTCCTTAAATTCAAATACTTCAAATGCTAATGTAAAAAATTTACAAGACACCCAAGACACTACT
NZ_CP066027.1_gap5	175282	177025	1743	AAGTAAAACAATGAGCAGCGAAGGCAAAGCAGCATCATAAATTCTCTCATCACTTGCAAACCAAAAAGCTTTTACACTTAGAGTTTCAAAACCAAAAGGAGCTAAAATTCTACTCAAAGGAAGCTCTTTTATGGTATCGATAAAAACAATGATAAAAGCCAAAAATAAAAAATGTTTCATTAAAGGAGTATGAATTTTAAAAAATAAGATCAAATAACTCGGCCTTAAATTTAAACTTGCTTCATCGGTGTTAAGATGGATTTTATTATAACCCCCTTCTAAAGAATAAATTGCACTCGCTAGAAAACGAATAATATAAGCAAAAACTAAAATAATCAATGAAGTGCCTAATAAATTAAGATGAAAAATTTTATCTAAAAACACGAAAAGGACAATCATGCTAATTCCTAAGGCAGCCGCAGGTATAGAATAACCCAAAGAACTTAGCTTAAGAATACATAGGCTGAAAAAGTTATTTTTTATGATTCTTGAGCTAAACATTAAAAAATAAGCCAGTAAAGTCGTAATCAAAGCTGTGATGAAAGCTAGTATAATGGTTTGAAAACTAATGATATAAAATTCTGCTTCAAAAAGTTTAAAATCTTTTAGCCCCCAATAAACAAGCCATATAAAAGGCAAGATAAATCCTAATAAAGCGATGATAAAACAATAAAAACAGGCTAAAATTTGCTTTATATGACTTAATTTCCTTTTTTTGATAAAAAGAGTTAAATTTTGATTAAAACTATAATGATGCTTGTTTTTATAATAATAATCTATATACATGATTAAAAAAACAAAAATCATCAAAATTCCTGACAAAATACTAGATGAATAAGAATCATTCAAATCATACCAGAGTTTAAAAATTCCAGCCGAAAAAGTATCCACTCCCAAATAAGCACTTGCACCATAATCACTCAAAGTTTCCATTAAAACCAATAAAGCTCCAGAAAAAATGGCAGGTCTTGCGCTCAAAAGTGCCACGCGTGTAAAAATTCTAAATTCAGAATATTTCATGATTTTAGCTACTTCATAAGCCTCTTTAGCTTCACTTTTAAAAGCTGTTTTAGCAAATAAATAAATATAAGGATATAAAGAAATGGCCAAAACAAAAATAACACCATAATGATTGAAAAAATCTATCCTAAAGCCAAAATTTTCGTGAAAAAATCCTTGAAAATCCATAATTCCAACATATACAAAAGCTAAAATATAAGCAGGTATTGCCAAGGGTAAAATGAGTAATTTTTCTAAAATCCTACAAAAGTAAAAATTATAATTTGCCATCAAATAAGCACTACTTACACCTAAAATCAAGCTTAGTAATAACACCCCTATACTAACTATCAAAGTATCTTTGATGAATTTTAAAAACAAATAATCAAAAAAATGACTCAAATTTTCTTTAATGGATGAAATTTCAGCCAAATTGCTTGTATTGAAATTTTGAAAAAGAATATAAAAAAGCTCAGCAAAGATGCCAAAAATAGGTAGAGTAAGAAAAAGGGCAAGTAAAATTGCCCCTATCTTGTAATACTTTAGGGTTTTAAGCATTATCTAAAACCGACTTGATCATAAATTTTAACAGCCTCTTTAACCTTTTCTGCTATTTGACTCACAGGTATTTGATCTTCTTTAAAAGTTCCAAAATCTTTTACCGTTTGGCTTAATTCTACATCGTTTCTTATAGGAAATTCATAATTGCTATCAGTGAGAATTTTTTGAATTTCTGGAGTTAGC
NZ_CP066027.1_gap6	226212	231100	4888	AATAATAGAAACAAGTATTACAAAACCAAAACTAGCTAATAAGCTTCCTGTAAATGTTGCTGTTTGGGTTAAAAATCCAGGGCCAATGGCAGAGGTTGCCATCAAAAAAGCAGCGCCCAAAAGAGCGGTTTTATTTATCATTTTTATCCTTTCTTGTAGTTTTTAATTTATAAAATGATTTAAGGCTTTTATTTGAATTTGTTCTTTTGTTAAATTTTCTTTGATTTTTTTAACAAATTCTAATGCTTTTATACCATCTCCATGCACGCAAATACTATCTGCTTTTAAATCCACTTCTTTGCCATTTATGCTTGTAACCTTGTTTTCTTTTATCATTTTTATCACGCGTTTTATCGCTAAATCTTCATCTGTGATAACTGCACCTTCAAGTTTTCTTGAAACTAAAGTTCCATCATCATTATAAGCGCGATCTGCAAAAACTTCGTTTGCGTATTTTAATCCCTTTTTCTTTGCAACTTCTTCCATAGCAGAATTACTAAGCCCTAGAAAAATAATACCATCATCAAAACTAGCCACTGCTTCACAAAGTGCTAGAGCTAGATTTTCATCTATTGCAGCCATATTATAAAGTGCACCATGGGCTTTAAAATGTTGTATTTTCATACCTTTGGCTTTGGCAAAAGCAAATAAAGCTCCCAATTGATATAAAGCATAATTTTTAGCTTCTTCAAAGCTTACTTGCATATTGCGTCTTCCAAAACCCAAAAGATCAGGGTAAGAGGGATGTGCTCCTATACAAACATTATTTTGCTTGGCTAAGTTTAAGGTTTTATCCATCACACAAGGATCGCCCGCATGAAAGCCACAAGCGACATTTGCAGAGCTAACAAATTTTAAAATTTCTTCATCCATACCCATTTTATAGGCGCCAAAGCTTTCTCCTAGATCACTATTTAAATCTACTTTAAACATTTTTACCTTATTTGTTTAATTATAATCTTAACTTTTATTGTATCTTTTTTTAACCAGACTAAGAATGATATTTTTTTAAAAAATGTAAATTTTATAAAAAAATATAAAATTTATTACAAATTGTAATAAATATGTTATAATTTAACTATAAAAATATTTTAAGAAATCAAAACAATGCAAGAAAATATTCAAAGACATATACAAAATATAAAAATATCAGCTCTAAGCGGTGTGGGAATAATTTTTATGCTGGTATATTTTTTATCCTCTTTTTTTATCATTGTTGTATTTAAAATGAAAAAGATAAAATGAGTTTTTAAGCAAGGAATTTCCTTGCTTAAATTTAATCTTTTCTTGTTTTTGCATCCACTATAAATAAAGGTTTGTTAAGAAGTTTAAACTCACTGATAACATTCAAAGTCTTATCGCTTGTTACCCATTTGATAAATTTGCTAGCCTCTGTGTAATTTACATTTTTACAATGCTTTGGATTTGTAGCGATTATAGAGTAGAAATTTTTAAGATTGTCATCGCCTTCATTTACGATCACTAAATTAGGATTGCCTTTTTCATCGGCTTCGTATTTGATATAAGTGCCACGATCGGTTAAAATCACGCCTTTTTTTTCTTCTGCGATTTTGATACTTGCTAACATTCCTTGTCCGCTTTGTTGATACCAGCTTTCTTTTTCGGGTACACCACCAAGATCTTTCCAAAGAGCTTTTTCTTTGTTATCAGTGCCTGATTTATCGCCTCTTGAAATGAAAGTAAGTTTTTCATTTTTGATAAGTTCTAGGCTTTCTTTTAAAGTTTTATCTTTAAATTTAGGAGCTAAAGATTTATCTGCGATAATGATAAAATCATTATACATTACAGGCGTTCTATCTACGCCAAAACCTTTGCTCACAAAGTCTTTTTCTGCTTTTGGAGAATGCACAAAAAGCACATCAGCATTGCAATCTTCACCCATTTTTAAAGCCGCACCCGTTCCTACAGCGACCCATTTTAAGGTATTGCCACTTTCTTTTTCATAGAGCGGCTTTAAAGCATCTAAAAGTCCTGTGTTATCGGTGCTTGTTGTAGTTGCCATTCTAAGTTCTGCTGCGCTTGCACTGAAGGCTAAGGCAAGAGCTAAAGAAATGATTTTTTTCATTTTGTCTCCTAATTAAAATTTTACTTAAAAAATATTGTAACATAATTATGCTAAAATTACTTATTTAAAATAAGGAAACTTTTTGGATTATATCTTAGAAGGCTTTACTCAAGCTCTATTTTTGCTTTTTAACGCTGATGAAAGCGTTATTTCTGCAATCAAAACAACACTTTTTAGCTCCAGCATTTCTATCGTTTTATCTTTGATTGTAGGTTTTCCTTTGGGCTTTGCTTTAGGTTTTTTTGAATTTAAATTGAAGCGTTTTATAAAACTTATAGTTGATACCAGTCTTTCTTTTCCTACGGTTGCGGTTGGGCTTATACTTTATGCTTTGATTTCAAGCAGAGGGCCTTTGGGGGATTTAGGCTTGCTTTTTACTGTAAAAGCATTGATTTTAGGGCAGTTTGTTTTAGCTCTTCCTATTGTTATCGCACTTTTTTCTAATTTGATAGAAAATATGAATAAAAAGCATTTTTTACTCATCAAATCTTTACATTTAAGCCCTTTAAAGCTTGTGATGACTATCATTTATGAGTTGCGTTTTGCTCTAGTAAGCGTTGTGGCTTTAGCTTATGGCAGGATAGTTGCTGAAGTAGGAGTAGCGATGATAGTGGGTGGAAATATCAAATACGATACTAGAACTATTACCACAGCCATTTCCCTTGAAACCAACAAAGGTGAATTTGCTAGCGGTATTGCTCTTGCTTTAGTTTTGATTTTCATCGCTTTTATTTTAAATTTTATTATACACAAACTCAAAAGATATTAAATGATAGAACTTTGTAATTTTAAATTTAATTATGGACAAAAAAATATTTTAAATATCAAACACTTATGTTTAGATACTGATAAAATCAGTATTTTAATGGGTTCAAATGGAAGTGGAAAATCTACACTTTTAAGAATACTCAAATTTCTTGAAGGAGAATTTGATAATATCACTTATTTTGGCAATAAGCATTTAAATTCAGATGAAAAACGCCAAATTTACTTACTATTTCCCGAGCCTGTCTTTTTAAATCGCAGTGTAGAAAAAAATTTTTATTTTTTGTTAAAAACTTATAAATTAGACAGCAAAGAGATTAAAAAACGCCTTAATGAGGTTTTAAATTTACTTGAAATTGATAGAAGTTTGTTAAAAAAATATCCTAGCGAGCTTTCATCTGGACAAGGGCAAAAAATAGCATTTGCTTTAGCTTTAAGTGTTAGAGCGAAGTATTATTTACTTGATGAGCCAAGTGCTTTTTTGGATAAAGATACGATGATATTGTTTAAAAAAGCTATTTTATATATGCAAAAAACATACAAAAGTGGTTTTTTAATCGCTAGTCATGATAAAAATTTCTTAGACTCTTTGGCGCAAAAAAAATATTATTTGCATGCAGGAGAGATTTTAGAATTTGAAAATACAAATATTTTTGAACTCGAAAACAAAGGTGTGAATTTTAGTAATTTTATAGATTTTAGTATGTGTAAAAACTATATTTGCAAAGATGAAATTTCAAACAAAATAGCTATCGATCCTTATAAAATTTCTTTTTTATATCCTGACGATTTTTCCAAACAAACATTTGATTTTACACTTCAAAAATGTATCATCATAGCACTTAGAACAAGAAAAGAATTTGTTTTTATCAGAGTGGAGTGTGGAGGTAAAATTTTAGAATTTGCCTTAGAATCAGAGCGATTTAAACAAGAAAAACTAAGCTTGTATCAAGAACTTTGCTTAGTTTTTAATGAAGAGGCTATTTGTTTCTTAAATTAACATAATTTAGAAATGTTTTCTTTAATTTATTACAAATATTCACATTTTTGTAATTTTCTTCATTAATTATTTTTAAATTTGTATAAAACACAAAAAAAGTCTTATATAATGTTTATAAATAACTTAAAGAAGGAGGATTTATGCGTTATCAAAATACTCAAGGACTTTTTAAACCTAACAAACAACTTTCTCGCAACGCAAGAATAAAAAATTTATGCGAATATTATGACTTATGCGATGAGGTAAGGGAAGATTTTGAAGGTTTTTGGAAAAGACAAGCTCTTGAAAAAATTGATTGGTTTTCGCCTTTTTCTCGTGTTTTAAATGATGATAAAGCCCCATTTTATAAATGGTTTGAGGGTGGGACTTTAAATGTAAGTTATCAGTGCTTAGATCGCCATATGAAAACAAGACGCAATAAAGCTGCTATTGTTTTTGAAGGGGAAATGGGTGATTATGAGGTTTATACTTATCGTAGATTATTGCATGAAGTTTGCAAGGCGGCAAACTTACTTAAACGCTTTGGTGTAAAAAAAGGCGATAGGGTTATAATTTATATGCCTATGATTCCAGAAACGGCTATTGTTATGTTAGCTTGTGCAAGAATTGGAGCTATTCATAGTGTGGTATTTGGAGGCTTTTCGCCTGAAGCTTTAAGAGATAGAATCATAGATGCAGGAGCCAAACTTGTAGTAACAGCCGATGGAGCTTTTCGTCGTGGCAAGCCTTATATGTTAAAACCTGCTGTTGATAAGGCTTTGAGTGAGGGTTGTGAAAGTGTAGAAAAAGTGCTTATAGTTATACGCAATAACGAACCTATAGAATATGTCAAAGGAAGGGATTATATCTATAATGAGTTAGTAAAAAATGAATCTTATAAATGCGAACCTGAAATTATGGATAGTGAAGATTTGTTATTTTTACTTTATACTTCAGGTTCTACGGGCAAGCCAAAAGGAGTAATGCATGCAAGTGCAGGTTATATACTTTGGGCGCAAATGACTATGGAATGGGTATTTGATATAAAAGATTATGAT
NZ_CP066027.1_gap7	320654	322599	1945	CTAGCTATTTTAAATAATGAAGAGAAAAAGCTTTTTAAGGAATTATTGTTTGAAAATTTCAAATTTATTGATAGTTGTAATATTAAAAATTTTAATCTCCATGCTTTTGATTTTTTTTATAAAAAGGGTATATTAAATTATTTTAAAAATGAAGATTTAAGTGAAAATATAGCTTTTATAGAAAGTATTGATGATAAAAATGATGAAATTTTAATAAAGTATTATTTTAATGATGTTAATCATAAAACTAAGATTTTATTAGATAATGACGTGGCTATTGTAAAGCATTCTAAAATAAGACAATACGATTTATTGGATAAAGTTTTCTTATATGAAAAAAGAATATGGCTTAAGCTTAAAAACGATACTAAAACGCTTGATATTTGTATAAATTCGCAAAAACTAAAACTTGTTTTTAATGATAGATGTATAAATGATTTAAGCCTAGTTTTAAAGGTTTTAGCTAAGCAAAAAAAACAAAGATCAAAAAACTCTAATTTATGGCTTTTTGCCGACATGAGTTGGAGGGCTGATGATAATGCTGAGCATCTATATAGATATATCATGCAAAATCATCCCAAACAAAAAACCGCTTTTATTTTAAGCAAAAATTCAACTGATTATCCAAGACTTAAAAAAGAAGGTTTTAGATTGGTTGATCCAAGAAGCTTTTATTTTAAATATCTGATTTATAAAGCTGATAAAATTATTTCTTCTCATATAGATAGGTATATTTTTAATGCTTTGGGCGGAGATACTTTAAAAACTAAAGATTTTATCTTTTTGCAACATGGAGTAATAAAGGATGATTTATCCAGATGGCTTAATCAAAGAAAAATAGATACATTTATCACAAGCACGAAAGCAGAATATGAATCTATAGCAGGTGATTTTAATCATTACAAATTTAGCACCAAAGAAGTAGTTTTAACAGGGTTGGCAAGATGGGATGCCTTGATTAAAAACAATGTTTTAAATACTAAACAAATTGTCATTATGCCAACATGGCGAGAGTATTTAAGTGGGAAAGTGCAAAAATACGGGGTTAGAGCTAGAAATCCCGAATTTGTAAAATCACTTTATTTTCAAAAATGGCAAGAATTTTTATGCAGTAAAGAATTAGAAAAACTATCAGTGCGATATGGATATAACATTATTTTTACACCGCATCCGCAAGTAAGAATATATTTAGAGGATTTTAATTTACCTTCTTTCATCTTTACCTCTTATAAAGAAAGTATGCAGAAATTATTTTGTGAGTCATCCATAATGATAACGGATTATTCAAGCGTTGCTTTTGAAATGGCAGTTTTGAAAAAGCCTGTGCTTTATTATCAATTTGATAAAGATGAATTTTTCGCAAAACATTCATATGCTAAAGGTTATTTTGATTATGAAAAAGATGGTTTTGGGAAAGTTTTTGTAGAGAGTTCTGATTTATTTTGTTATTTAGGTAAAAAAATAAATCATTTGCAAGATATTGCTATAAATAATACACAGTATCAATCTAATAATGCATGTAAGAACATTTTTATTAAAATAAAGTCAAAATAGAGGAAAATTATGTTAGGTTTAAATCAAAGAAAATTACAAAAATTAAAAACAAATCCGAAATTATTTTTTAAAGATGCTATAGAAAAAAAATTATTACACTTAAATAGCACATATAACAAATACCTTCCCAAAAAACACAAAGGCTTCACTCAATACGCTATAATATCAGCTGTATATAATGTAGAAAAATATTTAGATGATTATTTTAAATCCATAATAAACCAAAGACTTGATTTTAAAAAAAATATTTTTATGATACTTGTAGATGATGGCTCTACTGATAATTCTGCACAAATAATCAAAAAATACCAAAAAAAATATCCTAAAAATATCGTCTATCTTTACAAAGAAAATGGTGGGCAAGCAAGTGCTAGAAATTTAGGCTTAAAAT
NZ_CP066027.1_gap8	327116	327766	650	GAACCACAATATACAAGCAAAGCTTGTTGCAAATGTGGAACTATAAAAGAGAATTTAACTCTAAAAGATAGAGTTTTTACTTGCGATAATTGTGGATATGTAGAACATAGAGATATAAATGCAAGTAAAAATATCTTGGATAGAGGCTTGAAGTCGTTTGGGCTAGGAACTAGCCTATTAGACTATAAACAAGAAGCCTTGCGTGTTAGCTGACATTGGTTGGCTTTAGTAAGGAAGCACCTACTTCTATAAGTAGGTGTGGTTCACTTTAACTTGGTTTTGAAGGATTTTTATAAAGAAAAACTAAAATTTATACTTTTAGAAATGGCAGATTTTAAACCTAGTACAATAAAGAAATTAGAAGAAGTTATAATAAGAATTCAAGTAGATATTAATCAATCTTTTTTATACATTTTAGAAAAAATTATAATTACAACTTTTAAATATTCTTCATTTAAGATGGAATATAATCAACTAGATATATTTGGATATTCAGCCAAAACCCGCATTCAAAATCAACTCTCCTATAAACTAGGTCAAGCTATGATAACAAATTCAAAATCTTTATTAGGTTATATAAGAATGCCTTTTGTACTATCTTATATACATGATAAACATAAACAAGAACAAAAAATCTATCAAGAAAAGAT
NZ_CP066027.1_gap9	328818	333405	4587	TCAGTGATGCTTCATCTTTTACAAAAAGCATTTTATCCTGCCGTGCCACCACTTCCTTTGGTGCATGTAGACACTACATGGAAATTTAAAGAAATGATAGAATTTAGAGATAAAAGAGCCAAAGAGCTTGGTATGGAGCTTATCGTTTATCAAAACCCTAAGATTAAAGAATTAAACCTTTCTCCCTTTACACATGGCTCATCTATGCACACTGACATCTCTAAAACTCAAGGCTTAAAACAAATGCTTGATTTATATCAATTTGATGCAGTTTTTGGCGGAGCAAGAAGAGATGAGGAAAAATCACGCGCAAAAGAAAGAATTTACTCCTTTCGAGATGAAAATCACTCGTGGGATCCTAAAAATCAACGCCCAGAATTATGGAATATTTACAATGGTCGTCACAAAAAAGGCGAGTCTATAAGGGTTTTTCCGCTGAGCAATTGGACAGAACTTGATATATGGCAATATATTTATAAAGAAAACATTCCCATACCAAGTCTTTATTTTGCTAAAAAGCGTCCAGTGATAGAGTATATGGGAGCTAAAATTTTAGTCGATGATGAAAGAATGCCAAAAGAGCTTGCTAAAAATGCTAAAGAAGAATTGGTTCGTTTTAGGACTTTAGGATGTTATCCTTTAACCGGAGCTATAAATTCTAACGCTAGTAATGTCTTAGAAATCATCGAAGAACTTTTGCTTTCTAAAACAAGTGAAAGACAAGGCAGACTTATAGATACTGATGAAGAAGCAAGCATGGAAAAAAAGAAAAAAGAGGGGTATTTTTAATGCAAACAAATATAGAAAAATATCTCCAAGAGCATGAAAATAAAGAGCTTTGTAGATTTATTACTTGTGGCAGTGTAGATGATGGTAAGTCCACGCTCATAGGTAGAATGCTTTATGATTCAAAAATGCTTTTTGAAGATCAAATTTTATCTTTAAAAAAAGACAGTAAAAAGCTTGGCAATGCAGGAGAAAAGCTTGATTTTGCACTTTTGGTAGATGGGCTTGCAAGCGAGCGCGAGCAAGGCATTACTATAGATGTGGCTTATCGTTTTTTTACAAGCGAAAAAAGAAAATTTATCATAGCAGATACCCCAGGCCATGAGCAATACACTAGAAACATGGCCACAGGAGCAAGCACGGCTGATATTGCTATCATACTTATAGATGCTAGAAAAGGAGTTTTAACTCAAACTAAAAGGCATTCTTATATAGTAAGTTTGCTCGGCATAAAGCAATTTATCATTGCTATCAATAAAATGGATTTGGTGGATTTTAGACAAGATGTTTTTGATGATATTTGCAAAAGTTATAAAGAAATTTTGCCTTATTTGAAAAACTATGAAAATATACAAACTCATTTTGTGCCAATATCTGCCCTAGATGGAGACAATATCGCTTCTAAAAGCATCCATACTCCTTGGTACAATGGAAAAACTTTATCCGAGCTTTTAGATACTTTGTCTATAGTGTCTGATTTTAATGATGAATTTATCATGAGTGTGCAGTATGTCAATCGCCCACATTTAAATTTTAGGGGATTTTGTGGAAGTATCGCGAGTGGTAAGGTAAGTGTTGGTGATGAAATTATGATTTTGCCTTCATTAAAAACAAGTAAGATAAAAGAAATCATCACGCCTGATATAAAAAATTTAAAAGCTTTAGATAAAAATGAAAAACATCAAAGCTCTAAAAATGCAAGTTTTCCAAGTGCTATAACCTTGACTTTAGAAGATGAGATAGATATCTCAAGAGGTGATGTGATAGCTTCTAAAAATCATAGTTTAGAAATTTCAAATTCTTTCAAAGCTATGATGATATGGATGAGTGAGGCTAAATTTAGCTTGAGTGGAAACTATCTTATAAAGATAGCCAATTTAACCACTAGTATAACATTTGAAAAGATTGACTTTAAAAAAGATATCAATACCTTTGAAGAGTCTCAAAGTGATGAGCTAAAGCTTAACGATATAGCCAAATGCACCCTAAAACTTAGCAAAAAGACAGCTTTAGCAGCTTATAAGGACAATAAAACCTTAGGAAGTTTTATTATCATAGATAGGTATTCTAACGAAACTCTAGCCGCTGGTATGGTAGAAGAAATTTTAACCCATGAAGATAAAGCAAGAGTCTATACTCAAGCTGAAATAGAACTTAATGCTTATATAAGAAAAAACTACCCCGAGTGGGAGTGTAAAAAGATATGAAAATCATTGTTGCATTAAGCATATTGGGCTTACTTGTTTTGCTCATTAGCAATAAAATCAAACCTTTTATTTTATTTGGCAGTGTTGCTGTGCTTTATTATCTTTTAGGATATTTAAATTTGAACTCTTGGTTAGGTTCTTATACGAGCGAATCTTTGATAGTGCTTATATTGCTTTTATTGGTTTCACTAGCGATAGAAAAAAGTGTGGTTATCGCTTGGTGTTCTAAATTTATCATAGGAAAAAATTATCATTTATCACTTTTAAAACTTGGTGTTATTACAGCTAGCATTTCAGCATTTTTAAACAATACCGCAGTAGTAGCAAGCTTTATGAGCCTTATAAAAAACAATAAATTTCAAGCTCCTTCTAAGCTACTTATCCCGCTTTCATATTTTTCTATAGTCGGTGGCACGATGACTCTTATAGGTACTTCAACCAACTTGATAGTGAATTCTTTTGTGGTGCAAAATGGTTTAGAGAGTTTAAAAATTTTCGATTTTTTTGCAGTGGGCTTTTGTATAAGCGTGAGCGTGCTTATAGTGCTTTTGATTTTTAGCTTTTTATTGCCTAGCTATAAAGAAAAAGATAATGAAGTCAATGAGTATTTGATCAATGCTAAGGTATTAAAAAATAGCTCTTTGATAGGAAAAACCATACAAGAAAATGGTCTGAGAAATTTGGAGTTTTTGTTTTTATTTGAAATTCAAAGACAAGATGAGATTATTTCTCCAGTAAGCCATGATGAGATTATAAAAGAAGGTGATGTATTGATTTTTAGTGGAGATATAACCCATCTAGAAACCTTAAAAAAATTTGATGGCTTGCAAATGGGTGCTCAAGAGATCAAGCTTGAAACATTAAATTTAGTAGATGTGGTGATAAATTCTGAGTCAAGTTTGATAGGTAAAAGCGTAAAAGAGGCTAATTTTAGGGCTAAATTTGATGCGGGGATTGTAGCTTTAAAAAGAGGCTCTCAAAATATTTCCAAGATAGGTAAAAGCATATTGCAAGCTGGAGATAGACTTATCTTAAGTGTAGGTAAAGATTTTCACTCAAGGGATAATATCAACAAAAACTTTTACATCATTTCAAATATCATTCAAAATCAAAAACTAAGCAACACCCAAAGTTTTATAGTGGTATTTGCATTTTTAGCTATCATTGCTTTATCAGCCTTAGAGATAGTATCTTTGCTTAAAGCATTGCTAGTATTTTTAGCTTTTTTGTTTGTATTTAAATTTATAAGTTTTGATGAGATAAAAAGACGCTTTCCCTTAGAAATTTTTATCATAGTAGGATCTTCTTTAGCTATTACAAAGGTTTTGGTCGATAGTGGATTGGCTAAGGATTTTGCTGATTTGATTATAGGAACTTTTGGAGCATATGGACTTTATGGAAGTTTTGTGGGGATTTATCTTTTAACCCTGCTTTTAACCGAGATCATTACCAATAACGCTGCTGCAGCTCTAGCTTTTCCTATCGCTTATAGCACAGCTTTAGCGCTTGAAGTAAATCCGGTTCCATTTATCTTAGCAGTTGCTTATGGGGCAAGTTGTGGTTTTATGATGCCTCATGGTTATCAAACTCATCTCATGGTAGGATCGATTTGCGGATATAAAACTACTGATTTTGTAAAGATTGGCTGGATAGTTTCTTTGACATATTCGGCTATGGTTTTGATCATGACTCCGATATTTTTTAAATTTTAAGGCTAAAAAATGGATAATAATCTCACTTGGCATGCTAGTAGCATTACAAAAACTCAAAGAGCTAAACTTAAAAATCAAAAACCATGTGTGTTGTGGTTTACGGGATTAAGCGGAAGTGGTAAATCCACTTTGGCCAATGCAGTGGAGAAAAAACTTTTTGAGCAAGGTTTTCATACTTATCTTTTAGATGGAGATAATGTACGCCATGGACTTAATAGTGATTTGGGATTTGATGAAGCTTCAAGAGTAGAAAATATAAGGCGTATAGGAGAGCTTTGTAAGCTTTTTATGGATGCTGGTATGATAGTGCTTTGTGCTTTTATATCCCCTTTTGAAAAAGATAGAAAACTAGTTAAAGATCTTTTAGAAGAGGATGAATATATAGAAATATTTGTCGATACTTCTTTGGAAGTTTGTGAAAAAAGGGATCCAAAAGGACTTTATAAAAAAGCAAGACAAGGAGAGATTAAAAACTTTACAGGCATAGATAGTCCTTATGAAAGACCTAAAAATCCACATATACACATAACAAAAGAAGATCTTAATGAGAATGTGGATATGATTTTAGGATTTTTATATGGGAAGGCGTAATGTTTAAAGATTTTCATGACAAATATAAATGCATTTTTATTCATGTTCCAAAGGTTGCTGGTAGCAGTATA
NZ_CP066027.1_gap10	361095	365429	4334	TTGATGATGATGAAAGGGTATCGAGCGATTTTATCACTTGTTCTTATGGAGCGGTTGTGGTAAGTGATTTGACCCAAGTTATAGCAGATGATTTTGTTAAAGTTGTTGCTTGGTATGACAATGAGTGGGGATACTCAAGCCGCCTAGTAGATATGGCAGTATATATTGCAAATAAGGCTTAAAAATGAGTGATATTATTTCTATAAAAGATATTGATCTAAGCAAAAAAAAAGTTTTTATAAGATGTGATTTTAATGTCCCTCAAGATGATTTTTTAAATATCACTGATGACAGACGCATCAGATCGGCTATCCCTACGATAAGATATTGTTTAGATAATGGTTGCAGTGTGATTTTAGCTTCGCATTTGGGTCGCCCAAAAGAGATCAGTTCTAAATATTCTTTAGAGCCTGTAGCTAAGCGTTTAGCAAGGCTTTTAGATAAAGAAATTGTTATGGCAAAAGATGTTATAGGAGAAGATGCAAAAAGCAAAGCAGCAAATTTAAAAGCAAGTGAGATTTTAATGCTTGAAAATTTGCGTTTTGAAAAGGGCGAAACTAAAAATGATGAAAATTTAGCTAAAGAACTTGCTTCTATGGCCGAGGTTTATATCAACGATGCTTTTGGGGTATGTCATAGAGCACACGCTAGTGTAGAGGCTATCACTAAATTTTTTGATGAAAATCATAAGGGTGCAGGATTTTTACTACAAAAAGAGATTGAATTTGCTGAAAATCTTATCAAGCGTCCTGCACGTCCTTTTGTTGCTGTTGTGGGTGGATCAAAAGTAAGTGGCAAGCTTCAAGCTCTAACAAATCTACTTCCAAAAGTTGATAAACTCATCATTGGTGGTGGTATGGCATTTACTTTTTTAAAGGCGCAAGGTTTTGATATAGGAAATTCACTTTTAGAAGAAGAGCTTTTAGAAGAAGCCAATAAAATTCTTACAAAAGGAAAGAATTTAGGTGTTAAAATTTACTTACCTGTGGATGTAGTTGCTGCTCCTGCTTGCTCTCAAGAATCACCAATGAAATTTGTACCTTCGCAAGAAATTCCAAGTGGCTGGATGGGTTTAGATATAGGTCCTGCAAGTGTGAGACTTTTTAAAGAGGTTATTTCTGATGCACAGACCATTTGGTGGAATGGACCTATGGGTGTTTTTGAGATCGATAAATTTTCAAAAGGCAGCATAAAAATGAGCCATGCTATCAGCGATGGACATGCTACTACTGTTGTAGGGGGTGGCGATACGGCTGATGTTGTCGCGCGTGCTGGAGATGCAGATGAAATGACTTTTATTTCCACAGGTGGGGGCGCTTCGCTTGAGCTTATCGAAGGTAAAGAATTGCCAGGTGTAAAAGTCTTAAGAAGTGGGGGAGTGCAATGATATTTGCTGCAAATTTAAAATGCAATCATACAAGATCAAGTTTTAAAATTTATGCAAATATTTTAAATCAGTATTTAGAAGCAAAAAACGATGATATCATCGTTTTTCCACCTAGTATAGCTTTTTTAGAAAATGAATTAAATTTTATACAAGGGGCGCAAAATTTTTATCCTTGTGTCAATGGAGCTTTTACAGGTGAACTTGGAAAAGAGCATTTGGATGAATTTGGAATCAAATGTGTTTTGATAGGGCATTCTGAAAGAAGGGCTTTGGGTGATGAAAATTTAATCAAAGCTAAATTTGATTTTGCTAAAGAGCATGCTTATAAAATCGTTTTTTGCATAGGCGAGGATTTAAAGCTTAAAAACTCAAATCAAACCTTAGATTTTTTAAAAAAACAACTTGAAGTTATTGACCTAGATTATAAAAATCTCATTATCGCTTATGAGCCTATTTACTCTATAGGAAGTGGTGTGAGTGCTAAAAAAGAAGATATTGCTAAAGTGCTTGAATTTCTTTCTTCGCTTACGCAAGCTCCTTTGCTTTATGGCGGAAGTGTAAATGAGGACAATATCAAAGATATTTTAAATATAAAACATTGCAGCGGTGTTTTAATAGGATCTGCTGCATTAAAAGCTGAAAATTTTATAAAACTAATTAAAGGATAAATGATGATAATGAAAGGCAAAAAAGGCCTTATAGTAGGCGTAGCCAATAATAAATCCATAGCTTATGGTATAGCAAAAGCTTGTTATGAGCAAGGAGCAAGTTTAGCTTTTACTTTTTTAAATGATGCATTAAAAAAGCGTGTTGAGCCTATAGCAGAAGAATTTGGATCAAACTTTGTTTATGAGCTTGATGTAAATAACAGCGATCATTTAGACTCTATCGCTGAAAAAATTAAAAAAGATTTAGGTGAGATTGATTTTATAGTACATGCTGTTGCTTATGCGCCAAAAGAAGCTTTAGAAAATTCATTCTTAGAAACTTCAAAAGAAGCTTTTGATATAGCTATGGGAACTTCTGTGTATTCTTTACTTTCTTTAACGCGTGCGGTATTGCCAGTATTAAAAGAAAAGGGTGCAATTTTGACTTTAAGCTATCTTGGCGGGGTAAAATATGTGCCTCATTATAATGTTATGGGTGTAGCAAAAGCCGCACTTGAAAGTTCTGTGCGTTATTTAGCAAGAGATCTAGGAGTAAAAGGAATTCGTGTTAATGCTATTTCAGCAGGTCCTATTAAAACTTTAGCAGCAAGTGGAATAGGGGATTTTAGAATGATTTTAAAATACAATGAAATCAATTCTCCTTTAAAACGCAATGTTAGTATAGAAGATGTAGGAAATTCAGCGATGTATTTACTCAGTGATTTAGCTCGTGGTGTTACGGGTGAGGTGCATTATGTTGATGCAGGATATAACATCATGGGAATGGGAGATGTCACAAAAGACGAAAATGGAAATACTGTGCTTTGTTGGGATAATCAAAAAGGACAATAATGGCAAAACTTAGCAATGAAGAGTTAAAAGATATACTTATAAAACGCATTGAAAAAATCAAAAATTCAGACTTGGTAGATAAAAAAACTATCAATGAAGAAAGCGTAAAGGCTCTTGCTAAGCATTTATCTTTGGGAAATGAAATTCCAGCTCTTGCGCAAAAGTTTTTCGAACTTGCTCCTAAGACTAAGGTTGTTTGGCTTCATCTTTGCGAATGTACAGGTTGTAGTGAGAGTTTATTGCGTGCGGATTTACCAAGTTTTGATGAATTAGTTTTTGACTTTTTTTCTTTAGAGTATCACGAAACTTTAATGGCAGCAAATGGGACAAAAGCTGAAGAACTTTTAGAGCATGTTTTAAAAGAAGACTTTGTTTTAGCGGTTGAAGGCGGTGTTGCAGCTATTGATACATTTTTTCTTACTATAGGTGCAGAGGGTGAGAGTGGTTATGAAATTTTGGAAAAATTAGCAGCTAAAGCCAAGGCTATCTTTGCAGTGGGTACTTGTTCAAGTTATGGTGGTATTCAGGCTGCTTATCCAAATCCTAGTAAAACTTGTGGTATTAGCGAAGTTTTAAGTCAGAAAGTAGTAAATATTCCAGGTTGTCCTCCAAGTGATATAAATATCATTGCGACTTTAAGTTTTTTTGCTTTATTTGGAGTTTTGCCTGAACTTGATGAGCAAAATCGTCCTGTGTGGGCTTATGGTAAATGTTTGCATGATATGTGTGAAAGAAAGGCGAAATTTGAAAGTGGGATTTTTGCTGAACATTTTGACGATGAAAAGGCTAAAAGTGGAGCTTGTTTATTTAAAATAGGCTGTAAAGGTCCTTATACTTATAATAATTGTCCTAAAGTAAAATTTAATGCTAAAACTTCTTGGCCAGTGGCTGCAGGACATGGTTGTATAGCCTGTAGTGAAAAGAATTTTTGGGATGAATTTGGAAATTATGAAAAACCTATGGCAAATCCTTTTTCTTATGCTAAGCTTGTAAATCAGGAATTTAGTACAGAATTTGCCCTAGAAGAGCAAATTCAAATCCTATCTTCGATGGATTTTGAATTTGAAAGTAATTTAAAGCTTATCTTGCAAAACATTGCTAAAAATAAATTAGGTGCTTTACTTGTAGAAAATTACAAAACATCTTTTGAAAAAAACTTTATTTTTATAGAGCAAAATTTTGATGAAAATCCTATGCCTTCTAGTGATATTTGGAAGTATTTTGAGATCAATTTTATTTTGGCAAAGGGTGAGTTTTTACAAGATAAAAACGATTTTTTAAAAGCGGCGCAAAATTATAGCTTTAAGCATGCAAGTCCTTATGATTTTAAACTTACTCTTAATGAAAAATCAAAACTTGATGTGAGTAAATCTTTTCGTATGCCTTTGATTTATCTTTGCGGAGGGCTTGATTTTGAAGCTCTTGCTTATAGCGTTTTGAAGGCTTTT
NZ_CP066027.1_gap11	550238	550950	712	CGATGAAATTTTAAATGAGGATTATGTGTTAAATATAGATTCTATCGATTTTAACAAATTCAATGAAGGTGATGTGGCTATTCTTTTATATCTATTAAAAAATACAAGCGATAAAAAGCTAAAAGAATCTTTAAAACAATCCTTAGAATTCTATACTGAATTTAACAAAGGAGGATTAAAAACAGAATTTGAAAAATGGTATGGAAGTGATGAAAGTACTTACAAAACCTCTATGGGTAAATACAATTATATCATTGAGAGTCTTGCCAATCTAAAAGAGTATGTAAACACTACTTTAAAACCTGAATTAGAAAGTATTAAAAACAATCTCAATCGATTGGAATTTTTAAAAGCTGAAATAAAAAGATTAGAAAGAGTCTATCAAAAAGCTATGCAAAATGATTTACTTCCTTATGATCAGTTAGAAGTTGTCTATAAAAACACACAAGAAAAAATCGATGCTTACTATGCTGAAGCACAGGGTTTATTGGATATTCTTAAAAACAAAAATAAACCTTTTTTAGACGTTTAATTACTAAAGAATATTCATTTGAAGATAAATATACTGATATTCAAGGGACATTTGCTATCGCAGGAAGTAGTATTGATGCTAATGCCATCGAAAATTTGGCAGATAAACCTATTTTATCTCTTCCAGAAAATGAGAATTCAGGAGATAGTCAAACTACAAACAACACAGATAGCACAGATA
NZ_CP066027.1_gap12	565808	568812	3004	AATCCTTAAAATTCTATATAATTTTCAAAATCTTCTTCTTTAGGAGGATTTGGCTTATTAGCAGCTAAGGCTTCGTTTATAATTCCTTCATATTTTACTATAGTGCTTTTAAATTCTTCTTTGGCTTTTCCGCTTAGCTCTGATTTAGCGATTTTAACTACTGAAGCAGGATTGATGGCTTTATTGTTTAGATAAACACCAAAATGTAAATGTGGGCCTGTACTCATGCCTGTTGAACCTACATAACCAATGAGTTGACCTTGATTTACTTTTTGGCCCTTCTTAATTTTTGCAAAACGACTTAAATGAGCATATAAAGTCATATAGCCTGAATCATGCTTTACTTGTATGACATTTCCATATCCTCCTTTAGTGCCTACAAAAGTGATTGTCCCTTTGCCTGCACTTTTTACAGGTGTTCCAGTAGGCGCTGCATAGTCTATACCAAGGTGTGCACGATAGCGTTTGAGTATAGGATGATATCTTGCAGTACTAAAAGTTGATGATATTCTTGTATAATTTACAGGTTTGGTTAATAAAAAAGCTTCCACTTCTTTTCCATCGCGATTGTAAAAAATATCATTAAAAGCGAATACTTCTTGTGCATTTTTGTTAATTTCTACTACAGCCATTTTTATAGCAATATCCCCCCAAAGTTTTCCCATGCGTCTTTTTTGCTCATAATAAAGAGTAACCTTATCGCCTTTTTGGATATTGCGAAAGTTAACACTTCCTCGAAAGGAGCGCACCATAGCACGAGCTAGAGTACTGCTACCACTTTCTTCATAAACATCTTGATAGGCTGAACTTTTGATTGTTAAATGTAAAATTCTATCTTCTTTTTGATAAGAAATAGGAGAAAAGGCAAGGGTGTATTGATTGTTTTTATCTTTATAAATATGAATTTGTAAATCATCACTGATAGGGATTAAAACTTGTTCTATATTATTATTTTCATCTTTTAAAACTTGATATTTTACTTTATAAGCTATATCAGAGGCAAGTTCTTGATCTTCTCTATCAAGCCCATAATAAAGCGATATAGGGATAGAATTTCTTTGCAAGAATTTAAGCAAAGTATCGCCATTATCCCAAGTAAGTTCTTCAACACTAAGTGCGGCAAAACTTTGAATAACAAATGCAAATAGGAGTAAGAGTTTTTTCATATAAAGACCTTATTTTTTCGAGGATTTTTAAATTTTTAAAAGCTATATTTTACTTTATAATTCTTACAATTGCTTAACAAAAAAGGATTATAATACATTAAATTGATTTTTTAAGGAGTTAGTTTGCTTAAATTTCTAGCATTTATTTTAAGCTTAAGTATGAGTCTTTTTGCAATAGATTTAAATTTAAAGCCTGTAAAAATGGAACTTTTAAAGGTTGAAGATATTTATGGTTATGTTGAAGATAGTCCTGATATAAAATTAAATTCAAGCGGTGTTGTTATACAGCGTTTTCAAACTTCAAAAAGCATTATAGCAAGAGCTAGTGTTATAGCTAAAGAAAAGGGTTTGGCAAAATTAAAATTCAGTGTTTTTGCTGATCTTGAGCAAGATGCCTTGCCTTTGCCAAATGTTGTACCACAAAAGGGTGATGAGGTGGTTTTAAATTTTCTTTATGATAGAGGTTTAGTGATTGCTCCAGATGAACAAACTTATAATGAGCTTGTATTTAGCTTTCCAGAAATTTATTTTACTCATATTGATATGCTAGGAGCACAACTCATCCGCTCTTCATCTCTTGCTCCAAAGCGTAGTGATTTTAGAAAATTTTGTGCCGATAATGCTGTGGGAATTTTGATTTTTGCTTTAGAGGATAAGGCAAAGATAGTTGATTGTCAAGATTTTAGTGAGCTTTATGAATTAACCATATCTAAACCAAGCAGTATACAAGTTCCTTTTTATTCTCGTATAGGTGGTTATAAAAGTAATTTTTTTGATTTTAATTCCCAAGAAGTGGGTAATTATTATAGATATTATGATGCTTTAATTAATATTCCTAAGGTAAGCCAATGAAAAAAGAATTTGAACAATATTTTATAAAACTTCTAGGTAGTGAAAATGCTTATTTTGATGATATTCATAAGCGTGCTTATAGTTATGATGCTACAAAAAAGCATTATTTGCCCGATGGGGTGCTGTTTCCAAGAAACGAGGAGGATATTTCTAAAATATTAAAATTTTGTAATGAAAATAATATCATTATCATTCCTCGTGGGGCGGGTTCGGGTTTTACAGGAGGAGCTTTGGCTGTTAATGGAGGTTTGATTTTAAGCTTTGAAAAACATATGAATAAAATTCTAGAAATCGATCTTGAAAATTTAGTCGCAGTAGTGCAACCAGGTGTGATTAATATACATTTACAAAGAGAAGTGGCTAAGCATGGACTTTTTTATCCGCCCGATCCTGCTAGCATGGAGTATTCTAGCTTAGGAGGCAATGTAAGTGAAAATGCTGGAGGTATGAGAGCTGCAAAGTATGGCATTACTAAAGATTATGTTATGGCTTTAAGGGCTGTGTTGCCTAATGGGGAAATCATTCGTGCGGGTAAACGCACCATCAAAGATGTTGCAGGATATAATCTCGCAGGTATTTTAATCGCGAGTGAGGGTTCTTTAGCGGTTTTAAGTGAGCTTACCTTAAAGCTTATTGCCTTGCCTAAATTCAAGAAAACAGCTTTTGGAATTTTTCCAAGTGTAAAAAGCGCTATGAATGCAGTTTATAAGAGTCTTGCAAGTGGGGTTAATCCTGTATCTATGGAATTTTTAGATAATCTTAGCATTAGAGCAGTAGAAAGTAAATTTAACAAAGGTTTGCCTGTGGATGCGGGAGCTATTTTGATTGCTGATGTAGATGGCAATGTAAAAGAAGCTATTGATGAAGATTTGAAAATTTTAGGAGAGCATTTTTTAGACACAGGAGCAAGTCAGTTTAAAATAGCCAAAGATGAGCAAGAAGCAGCAGATATTTGGTTTGCTAGAAGAAATTGTTCTCAAAGTATA
NZ_CP066027.1_gap13	570825	573836	3011	TAAGAAATGAGAGTATTGTTTTTAAGATATCCTAATACTTCAAAACCATAGCTAGGAGCATAAAAGCTTTTTCCAAGATAATCCTTAAAGGAAATATTATTTGTGATTATTTTTAAATTCAAAAGCTGATTTTTGCTTAAATTTAAATCCTTAAAGCTTGTAGTATAAAGGATAAAATCCTTTGTTTTAAGTTTTAAAACCCAGTATTTTTTATTGTTTTTATTATGTTTTGGATAATACTGTAAAAGCAAGGCATTTTCTACTAGATAATGTTTCTTTTCTTTAAGGTTTAAAAAATGATTATATTCTAAAAATATATTAAAAACAAAAACAATAAAGCCAAATAAAAATAAATAACGGAATTCTTTAAGGTTTAGATATAAAGAATTCCAAAAAGACATTATTTTTTAGAAAATTTAGTCAAATAAAACCAAATAATTCCAACCAATACGATTAAAAATAAAGGTGCAATATAAGGATAAGAGCTTAACTTATTAAAAATTGCTTCTATGGCAAAACCAAATGCATAAGCGCTATATCCTAAAAGCACTGCCCAAAGTAAACTAGCAAAAGTATTGATGATGAAAAAATTAATAAATTTATATTTTGCTATGCCTGCAGCTATGGGGATAAAAGTTTTTAAGCCATAGACAAATTTTTGAGTTATAAGCAAAACGACTCCATGTTGTTTGGTTTTCATCATAGCAAGGGCAAGTTTTCGGCGATGATTTTTAAAATAAGGCATAATATCTTTTTTATAGTATTTTCCAAGTATAAAAAGCAAGGTAGAACCCAAAGTATTAGCCACAAAAGCTATGCTTATACATAAAGCCAAATCCATTTTTCCTTGAGAGCTTAAAACTCCAGCGGCTAAAATTCCTACCATTCCACCACCTAAAGAATAGAAAAATAAAACTATATAGCCGTATTTTAGTAAGGTATCTATCATATCTTGCATATTAGCTCTCTTATTTGGCGTATTCTATGGCTCTTAGTTCGCGTATGACATTTACCTTGATTTCTCCAGGGTATTGCATTTTTTCTTGAATTTCAGCAGCTATTTCTTTGGCTAAAAGCACGCTTTCATCATCATTTACAAGTTTTGCATTTGCAATGACACGAATTTCTCTTCCCGCATTAATCGCATAAGCATTTTTAATACCTTCTTTGCTTTTAGCAATCTCTTCAAGCTCGCTTACTCTTCTTAAGAAAGCTTCTAAGACTTCGCGTCTAGCACCCGGTCTTGCAGCGCTGAGCGTATCGGCTGCGCAAACGGCTGCTGATTCTATGCTTGTAGCTTCTTCATGTCCATGGTGAGCATAAATAGCATTAATAACCACAGGATGTTCTTTATAGCGTTTGCAAAGTTCTGCTCCTAAGTCTACATGAGAGCCTTCAAAATCATGCGTTAAAGCTTTGCCTATGTCGTGTAAAATTCCTGCGCGTCGTGCTAAATTTTCATCCCCTCCACACTCAGCAGCGATGATTCCTGCTAAATGAGCTACTTCTAAAGAATGTGCTAAAGCATTTTGTCCATAGCTTGCGCGGTATTTAAGCTTTCCTATAAGTTTGGTGATTTCTGGATGGACCTTAGAAAGCCCTAAGTCCATCAGTATAGTTTCACCTTCTTCTAAAATAGCATTATCAAATTCTTTGCATACTTTTTCGTGAATTTCTTCTATGCGAGCAGGCTGAATTCTTCCATCTTCTACTAAAAGTTCAATCACCTTAGTTGCAATAGCACGGCGATAAAGATTAAAGCAACTTACTATGATGGCTCCAGGTGTATCATCGATGATGATATCTACTCCTAAAACCATTTCTAAGGTTTTAACATTGCGTCCTTCTTTGCCTATGATACGCCCTTTTAACTCATCGTTTTTGATGTTGACAACATTAATAAGTCTTTCAGCAGCAAATTCTCCTGCAAAACGAGAGGTTGCTTGTGCTATGATGTAATTTGCCTTTCTTTTAGCCTCATTTCTAGCCTCTTCTTCATATCTCCTAACGATATGAGCAATTTCATTGCGTGAGTTTTCTTCTACTTTTTCAAGAATGATATTTTTTGCTTCATCTTGAGTGAGCCCTGCTGAATGTTCTAAAATATTTAAAACATCATTGAGTTTTGTTTGGTATTGTTTTTTAAGCTTGTCAGCATCTGATTGTAAATCAAGCATTTGTTTTTTAGAGCGTAATAATTCTTCTTGATTTTCTTTTAAGCTTTCTTCTTGAAGTTGAAGTTTTTGCTCTTTTTTGGATAATTCATCAAATTTTTGATTGAATTCTTTTTGAATTTTGTGAGTTTTATCCTCGTATTTTTTTTTCACTTCAAGTTCGGCATTAAGGATTGAATTTTTGGCATCTTTTAAAATCAGTTCAGCTTCGTATTCTATAGCTTTTGCTTTCGCTTTTGCTTGCTCAACAAAAATTTCATATTTAGCATCATTGATTTTTTTTGCAACTAAATATCCTATTCCAAGACCGACTATAGCGGTTATAAGTGCGATAAGTGATTCTATCATATTTGTTGTCTTTCTTGTAGTATTTTTTATAAGGGTTGATATAAAATTCACCCGCAATATCATGCTCTTGGGTTAATTTTTTTTCACTTATAGCATTGATACTTTGAGCAAAAATTACAAGAGGTTTATAGTTTAAATTTTCAAAAAATCTATCATAAAAACCTTGCCCATGTCCTATTCTTTTTAATTCTCTATCTACTCCTATCACGGGTATGATAGCTATATCAATTTTAGTTTTCAAAAAGGAGTCCATGGGTTCTAATACCCCAAACCTTTTTTTAATAAAAGGCAATCTTAATTTTACAATTTTTAAACTTTTATCTTGCATAAATGGGACAAAAAGTTTATGATTTTTACTAAAAATATGTCTAAATTTGAGTAAATTTGGCTCATATCCTAAAGGAATGAAAATTAGAATATTTTTCGCTTTTGTTTTTTTAATCAAGTTAAAACATTCCTTAAACACTATGAAATCTTGCTTGAATTTAA
NZ_CP066027.1_gap14	575375	579025	3650	TTTTAGAGGGTGTTTTTGATTAATTTAATTGTTCAAGCCTTAAAAAATTTTCTAAAGATTCCTTAATCTTATCTAGCTTTAAATTTTTCGCTATAAATACCAATTGCGAAGGATGATTAAGGCTTGAAATTTTAGTATGCGTAGGATGATAAATCAGATGTCCTACTCCATTAATGTTGGTTAGATAAGATTCCTCTGTATTGATAAGTCCTTTTACTCTTAGAATTTTTGATCCGTGTTCATGTAAAAGCATGCTAAGCCAAATGCTAAAAATATTCCAATTTATAGCCTTGTCAAAAATAAGAGTTATAGAACTTATGTCATCTTTATGGCTTTTTATTTCTATATTTTTAATTTCTCTTTGAATTTTATGATGGCTAGAAAGCATATCGAAATTAAAATTTTCTTTGCTTATGATTTGTATATTAGGATATAAAGTGTTTATCTTTTCTTCTAAGCTTTGGGTATGGGGATTAAGATCTTTTTTTGTGAGTATTAAAAAATCAGAGCTTAATATTTGATTGCAAGCTTCTTCATTTTGTAAGTGATTAAGCCCTTCAAAAGCGTCAATACAAGTGATAATATTGGCTAATTCAAAATGGTTGGCTAAAAACACATCACTTTGAAAAGTAAAGATAATAGGTGCAGGATTTGCTAAGCCTGAGGTTTCTAGTATGACTCTTTGAGGTTTTTTACCTTTGTTTTCAAAATTGTCAAGCAATTCTTTAAATTTCTTTTGCAAATCTTCTCTTTTATTGCAGCAAGCACAACCTGCATTTAAAAATAAAGTTTGCTCCTCGATAAAATCTGTTTGTACGAGTTTATGATCTAAAGAAACTTCCCCTAGTTCGTTGATTACAAGAGCGATATCGTTAAGAGCTTGATTGGTTAATATTTCTTTTAAAAAGGTTGTTTTTCCACTTCCTAAAAAACCGGTAACAACATGAACGGGAATTTTAGCCATGCTTAGCTCTTAAAAAATGAAGTAGATTTTCATCTAATACATCAAATGATTTTTTTTCAAGCTCGCTAGCCTTAATCCACAAATCGCCCAAATCATTAACGATAATATCACGCCCTTTTTTATTGCTTAGTATGTATTTTGAATTTTGCCATTCTTTAAGTTTTAATCCATAAAATTCTAAAATTTCATTTAAAATTTTGACTTTTTTAAGTCTTATCCTTAATCTTTCTTTTTGTTCTTCACCTACGCTAAGTTCGTGTTTTTCTTCTTTAAAATTTAATTCACTCCAATGTAAAGTACTTATCATTTCGCCACATAAAATACACATTTTTATCCTTTTGAATTCACAAGGCTAAAAGCCTTGCAAATTTATTTTTTTCTTGGAAAGCGTTTTGAAAAATCATCCGCCATATCGTTTAAATTTACCCATTTTACACCTTCGTGTTTATTGATATGTTCAATAATTCTTTCATGCATGAGTAAAACTTGAGGTCTAGCGCTTACATCAGGATGTATAGTCATAGGAAAAATAGCATAATCCATTTCTCTATAAACCCAATCAAACTGATCTATCCGCATTTGGCCTATATCTCTTGGAGAGACAAAACCAAAGCTATTTGGAGATTTTTTTATAAACATCATAGGAGGAAGATCGTCTAAATACCAATTTGCAGGAATTTCAATCAAATCTGTTTCTTGTCCGCGTACCAAAGGCTTCATCCATTCTTTGGCATCTTTACTATAATCAATTTTAGTCCATTTGTCTCCAACACGCACATAATAAGGTGTGAAGTCATTATGCATTAAAGAATGGTCGTATTTGATGCCGTGTTTAAGCAAGAGCTCATTGGTGATATTTGAAAATTCCCACCAAGGTGCCACATATCCACTTGGTTTTTTTCCGCTGATTTTTTCTATAAGTTCTATACTTTTAAGTAAAACATCTTCTTCTTGTTTAGCACTCATTGCAATAGGATTTTCATGTGAATATCCATGGGCACCTATTTCATGTCCTGCATCCACTATCATTTTCATTTGTTCAGGAAAGGTTTCTATGGAATGTCCTGGAGCAAACCAAGTTGCAGGAATATTATATTTTTTAAAGAGTTTTAAAAGCCTAGGGATACCCACTTCACCCGCAAAAAGACCTCTTGAAATATCATCAGGAGAATCCTCACCTCCATAGCTTCCTAGCCATCCTGCTACCGCATCAATATCCACGCCATAAGCAACTAGAATTTCTTTTGCCATTTTTACTCCTTTGTATTAAGATGGATGTTTGTTAATATTTCTTGATTTAATTTGAGATTTAAATCCTTAAGATAAGGTAAATTTTTTCTTTGAATTTGAACTTCTTCAAGATCAAGTTCAGCTATGATAAAACCTTCTTCTTCTAAGATCTCTTTTATAATTTCTCCTTTAGGATTGATAATTTTTGATTTTCCAGCAAAGGTTAAAGTTTCATTATTTATCTTAGAAATTTCACTTCCAGATCGGTTAGCAGCCAAGACAAAAACACCATTTTCTAAGGCTCTAGATCTACTTGCTAGATCCCAAACATAAGTTCTTGCTTTTCCAAAAGCTGAAGGAAAGCAAATGATTTCAGCTCCTTGAAGCGCTAAAAATCTAGATCCTTCGCTAAAGCCTATTTCATAACAAATTTGCAAACCTAATTTGAGTTTAAAATTTTCAAATTCTAGTTCAAAAATAGGATATTTATCTCCTCTTGCAAATCTTTCTTTTTCATTACCCCAAAGATAAATTTTTCTATAAACACCTAAAAGACCTTTGTGACTAATGATGTAAGCACTATCATAAAGTTGGGTATCTTTTTCTATAGAACATGCTACGATATAAGCTTGATAGTTTTTAGCTAATTTTTGTAATGCATCAAGATTAGGATGTGCTTGATGTAAATTTAAGCTAAATTTTTCATCTTGATCTTCCACACAATAAGCACTATCGTAAAGTTCAGGCAAAACTATCAGTCTAGCAAGCACCTTGCTCTAATGCAAGATGGACAAGCTTTAAGGCTTTATCGAGATTGTTTTGAACCTCGTAAGATTTTGGAGCAAATTGGATTAGGGCGACTTTTAGTAATTTTTGCATACTCTAGCCTTTTTTATTTTATTTATATTATAATCATATAAAACTTAATTTTATTTGACTTTTTGTTAAATTTTAATTTAATTTTTGTTATAATGTGAAAAATTATTGCAATAAATATTCTTTAAAGAAAGTATCATGGCTAAAAATAAAATTCTTTTTGAATGCCAAGCTTGCGGAAATCAGCAAAGCAAATGGCTTGGAAAATGTCCTGAGTGTGGTTCTTGGGATAGTTTTATAGAATTAAAATCTGAACAAATTAAAGTTTTAAAAGAAATCGCACAAGCAAGTACAAAAGCAAGCGAGGCTATCTGTATAGAAGATGTGGAGCTCGAGCATTTTTCAAGGTGTAGCACTGATGATGATGAGCTGGATTTGGTTTTAGGTGGAGGGCTTGTTGAGGGTTCTTTGGTGCTTATAGGTGGTAGCCCTGGGGTTGGCAAATCTACACTTTTACTAAAGATTGCTTCTAATTTGGCTAAAAAAAATAAAAAAGTTCTTTATGTAAGCGGAGAAGAAAGTAAGGCGCAAATCAAATTAAGAGCCGATCGTCTTGAGGCTAATACTCCTAATTTATTTT
NZ_CP066027.1_gap15	581686	584488	2802	AGCACCAAAAGTTACACTGATGAAGTTAGGACTTAATTGTCCTAAATCATCTAAAATTGCATTAAGATTCTTAATGTTTTCATCTCTTCTTGGTGGAAAAATTTCAAAAGAAAAGCTACACATAAAACCCCCTTATAATTTCTCTCTTATTTTTTGTGTGGCAATAACTAAATTTTTAAGAGCAGCTACAACTTCTTCATAACCCCTTGTTTTAAGTCCGCAGTCTGGATTGATCCAAATTTGCTCTTTAGGCAATTTGTTAAGAATTTTTTCTATGGTTGAGCTTATTTCTTCCACGCTAGGCACCCTAGGGCTATGTATATCATAAACTCCTGGTCCAACTTCAGTTTGAAAGTTAACAGCTTTTAGGGTATCTAAAAGATTGAGATTTGATCTTGAAGCTTCAAAAGATATTACATCTGCATCCATTGCATCAATTTCTTTTAAGATATCGCTAAATTCGCTATAACACATATGGGTATGAATTTGTGTTTTGGTTTTTACTCCGCTATGTACAAGATTGAAAGCAGGAATCGCCCAATCTAAATATTCACTATGCCAATCGCTTTTTCTTAAAGGCAGTTTTTCTCTTAGAGCCGCTTCATCAATTTGTATGATTTTAATGCCCGCATTTTCAAGATCTAAAACTTCATCTCTTAAAGCTAAAGCTATTTGCTCGGTGCTTTCTTTTAGGCTGATGTCTTCTCTTGGGAAAGACCAATTGAGTATAGTCACAGGACCTGTTAGCATACCTTTTACGATTTTTTTACTCAAGCTTTGAGCAAATTTAGACCATGCTAGAGTGATAGGTTTTGTGCGTGATACATCGCCCCAAATTACAGGTGGTTTTACGCATCTTGTTCCATAGCTTTGAACCCAGCCATTTTGAGTAAATAAAAAGCCTTTTAAATTTTCTCCAAAATATTCCACCATATCATTTCTTTCAAATTCCCCATGCACTAAAACATCAAGTCCTATTTCTTCTTGAATTTGGATACATTCTTTAATTTTTTGTTGATTGAATTCAGTATAGTTTTGCGCTGAAATTTTTTCTTGTTTAAAAGCAAGACGATTAGAGCGTACATCAGCACTTTGAGGAAATGATCCTATGGTTGTGGTTGGTAAAACAGGAAGTTCTAAAAATTCTTTTTGAATTTGGATACGCTCTTTAAATTCAGGCTTTCTTACAAAATCTTCTTTTTTTAGAGTTTGAAGTCTAGCTTTTACTTTTTCATCTAAACGATTAGGAATATTTTTAAAGAGTTCTTGATTGGCTTTAAAAAGAGGATTTTCTTCATTGCTATTTATGATAGCTTTTAAGTCTTGTAATTCTTTAAGTTTTTCTTTTGCAAAAGAGAAAAGTTTAAGATAACTTGAATCTAATTTAGTTTCAAATTCTGTGCTATAAGGAACGTGCAAGAGTGAACACGAGGTATTTATAACTATATTTTGAGTGTATTTTTGAAGTTCTTTGATAAGTTTTAAGCTTTTTGCGTAATCATTAGCATAGATATTTTTACCATTTACTATACCTGCAAAAAGTATTTTGTCGTTAGCAAAACCATGTTTTTGGATTAAATTTAAACTTTCTTTGCCTTCTACAAAATCAAGCCCCAAAGCATCAAAATCACTTTCTAGAAGTTTAGTATAAATATCTCTTAAATCTCCAAAATAGCTTTGAAGCAAGATTTTAACTTCTCCCTTGTGTTTTAAAAGTTCTTTGTAAAATTCTTCAAATAAAGCAATATCTTCTTGATTTAAATCATAAACTAAATAAGGTTCATCAAGTTCTAACCATGCTACCCCTAATGAATTAAGCTTTTTAAGAAGTTCAATGTATGCTTGTAAAAGCTTGTCTTTAGCGAGTTGTTTAGTATTTTCATCTTTAAAGGCTATGAGTTTAAAGAGGGTAAAAATTCCCACTAAAACAGGTTTTGTTTCTATGCCAAGCTCTTTTGCTTCAAGGTATTCTTTAAAAATTTTATCTCCACTTAAAGCTATAATACTTGCATCATCACACTCAGGTACTAAATAATGATAGTTTGTATTAAACCATTTTTTCATTGCTAGAGCTATGGTATCTCCATTTTTTCCTTGATAACCACGACTTTGTGCAAAATACTCATCTAAAGGATCTAAATTTAAATCTTTATAGCGTTTTGGAGTGATATTAAAAAGCACAGCCGCATCTAGTACATTATCATACAACGAAAAATCATTGCTAGGAATGAAATCAATCCCCGCATTTTGGATATCTTTCCAATGTCTAGCTCTTAAATTTTTAGCAGTTTCTAAAAGCTCTTCTTTAGAACTTTGAGCTTTAAAATATTTTTCAATAGCAAATTTTAATTCCCTATTTGCACCTATTCTTGGGTAAGAAATGATTGAATTTTTCATATTGTTCTCCTTTGTTGTTAAATTAAAAAGTAGGGATTAAAGCACCCTGATATTTTTCTTCTATAAAATTTTTAACTTCATCACTTTGTAAAGCTTTGACTAAGGCTTTGATTTTATCAAGCTCTTCATTTCCTGCTTTAACGGCGATGATATTGCCATATTCGCTATATTTATTTTCTGTATAAAGCCCGTCTTTTATAGGATTTAAGCCCGATAAAATTGCAAAATTACTATTGATAAGAGAGTAATCTACATCATCTAAACTTCTTGTAAGTTGGGCATCTTTTAATTCTACAAATTTAAGATTTTTAGGATTTTTTACGATATCCAAAGGCGTAACAAGTTCGCTATCTTTAATCTCGATTAATCCCGCACTTGCTACTATGCGTAAAGCACGACTTTCAT
NZ_CP066027.1_gap16	585661	589543	3882	CTAAATTGAGGCGAATGCACCATGGAAATAAGTTCTTTAGAGCTTCTAGGAAGATTGAAAAAATCTTTACTAAGTTTAAATAATTTTTCATTTAAATTTTTATCGATACCGTGATTGATAAGATAAAAAAAACCTACATTTGAAGTAACTTCTCTTAGATTTTTAAGAAAGGCACTTTTGTCTTTTTCATAAATCTTTAAATCAAGTACAGGTAAATTCATTTTCTCTCCTTAAAATTATATTTAAGGATAAGAAGATATCTTAATGTTTAGATTTTGTTTCGTAAGATTTAACTAAAAATTAGGATTTTAAGTTGTGTTTTGAAAAAAAATAAACTTTTTGACTTTTCTACACATTATATCTCCTTATCCACCTTTTGGGCCTTTGGAAACATAATGTTAAAGCCAAAGGACGCACTAGATATTACACATCTGGCACATCAGTTTCATTTTTTCTCCTTAGAAAGTTAAATTCTGCACATTGTATAAAAAAATATATTAAAAAAAGCTTAGTCCTTAGAAATTTAAGGACTAATTTTTAGATATTTTCAAGTTTTAATTCTTCGTTGTTCATTACGCCTATGGTAGAATTTAAAACTTTTTGTGCAATTTCTTTTGCTTCATCCAAAGAATGCATAGCACAAGTTCCACATTGATAGATATTGAGTTCAGGAATTTGACTTTGATTGCTCACATTTAAAATATCTTTCATTGCAGCTTCCCAAGCCTTGGCCACACTTTTTTCATCAGGTATGCCAATTAAACTCATATAAAAACCTGTGCGACATCCCATAGGCGAAATGTCGATGATTTCAACCAAATCCGAATTTAAATGATCTCTCATAAAACCTGCAAATAAGTGTTCTAGTGTATGCGTACCTTTTTCACTCATGATGTCTTTATTGGGTATGCAAAAACGCAAGTCAAATACGCTAATATCATCGCCTTTTGGTGTCTTCATTGTTTTAGCTAAACGCACAGCGGGTGCTGGCATTTTGGTATGATCTACTTTAAAACTATCAAGTAATGGCATTTTAACTCCTTTGTATATAAATTATTTTATAGATTATAACATTTAAAAATAATATTTAAAGCCTTTCTAAAAGAAAAAAGGATAAAATAAAGCATTAAAATTCAAGGAAAATCAATGTTTGAAGTAGTTATAGGACTTGAAGTACATACTCAACTAAACACCAAAACAAAAATATTTTGCTCATGCGCAACTTCTTTTGGAGAAGCTCCAAATACAAATGTTTGTCCCACTTGTTTGGCTTTACCGGGTGCTTTACCTGTTTTAAATGAAGAAGCGGTAAAAAAGGCCATCGCTTTTGGGAAAGCGGTAAATGCCACTATAAACAAAAAAAGTGTTTTTAATAGAAAAAATTATTTTTATCCAGATTTGCCCAAAGCTTATCAAATTTCACAATTTGATATTCCTATAGTAGAAAAAGGTGAGCTTTTTATCAATATAAATGGCGAAAATAAACGCATAGGTATTACAAGAGCGCATTTAGAAGAAGATGCGGGTAAAAATATCCACGAAAATAATTATTCTAAAGTAGATTTAAACCGCGCAGGAACTCCTTTGCTTGAAATTGTAAGCGAACCTGAACTTAGAAGCAGTGATGAAGCAGTGGCGTATCTTAAAAAACTTCATTCTATCATACGTTTTTTAGATATTTCTGATGCAAATATGCAAGAGGGAAGTTTTAGATGTGATGCTAATGTAAGTATAAGACCAAAGGGCGATACTAAGCTTTACACTAGAGTAGAGATTAAAAATCTTAATTCTTTCCGTTTTATCCAAAAAGCTATAGAATATGAGGTAAAAAGACAAAGTGAGGCTTGGGAAGATGGAACTTACGAACAAGAAGTAGTTCAAGAAACCAGACTTTTTGATACAACAAATTTAGTTACAAGAAGTATGCGTGGTAAAGAAGAAGCGGCAGAATATCGCTATTTTCCAGATCCTGATTTGTTGCCTGTTTTACTAAAAGATGAATTTTTAGATACTCAAATTCCTGAGCTTCCTGATGAGAAAAAAATGCGCTATATAAATGAACTTGGTATTAAAGAAAGCGATGCAGAGGTGCTTATAGGATCGCTTGAATTAAGTCGTTTTTTTGAAAGTTTGATTGCTTTAAATTTAAATCCTAAGCTTTGTGTAAATTGGTTAAATACTGAACTTATGGGACTTTTAAAAGGGGAATTAACGATAGAAAATTCCCCAGTAGATGCGATCAAACTTGGTACCTTAATCAAACGCATAGAAGAGGGTGTGATCAGTGCAAAAGCAGCAAAGGATGTTTTAGCTCATGTTTTTGAAAATCCAGATATGGATATTGATGAAACGATTGAAAAGTTAGGGCTTAAGCAGGTTAGCGATGATTCAGCTATCGAAGCAGTAATTGAGCAAATTTTAAATGCCAATGCTGATAAGGTTGCAGAGTATAAAAGCGGGAAGGATAAGCTCTTTGGTTTCTTTGTAGGGCAGACTATGAAAGAAGGTAAGGGAGCCTTTAATCCTAACAAGGTCAATGAAATTTTAAAAGCAAAGTTGGGCTGATGAGCAAAATTGCAATCATCGGCGCAGGAAAATGGGGCAGTGCTTTATACAGTGCTTTAAGTATTAATAATACTTGTTTTATGACTTCTCGCACACAGCGAGATTTGCCTTATTTTGTGAGTTTAGAGCAGGCTTTGAATTGTGAATATTTGGTTTTTGCTTTAAGCTCTCAAGGAATTTATTCTTGGCTTAAACAAAATTTTGTTAACAAGGGTCAAAAAATTCTTATCGCTTCTAAGGGTATAGATACTTCAACTTGTAAGTTTTTAGATGAAATTTTTAGCGAATTTATAGATAGAGATAAGCTATGTGTTTTAAGCGGTCCTTCTTTTGCAGCCGAAGTAATGCAAAATCTTCCTTGTGCTTTAGTTGTAAGTGGGATAAAAGAAGAATTATGTAAAAAATTTGCAAGTTTTTTTCCAGATTTTATTAAAGTATATACAGATGATGATGTGCGCGGTGCTGAAATTTGTGGCGCTTATAAAAATGTTTTAGCCATTGCTAGCGGTATAAGCGATGGTTTAGGACTTGGAAATAATGCAAGGGCTTCTTTGATTTCTAGAGGTCTTATTGAAATGCATCGTTTTGGTAAATTTTTTGGAGCTAAGGAAGAAACTTTCTTGGGGCTTGGGGGCGCAGGAGATTTATTTTTAACTGCAACTAGTGTACTGTCAAGAAATTATCGCGTGGGTTTGGCTTTGGCAAAAGAAAAAAAACTCGATGATATTTTACAGGAATTAGGTGAGGTGGCAGAGGGGGTAAAAACAGCCTATGCTATAGCAAAGATTTCAAAAGATAAAGCAATTTATACACCTATTGTAAATGAAATAGTACAGATCTTGCAAGGAAAAAATGTTAAACAAGCAGTACAAAATTTATTAAAAACAAAGGATAATTAGGAGTTTCAATGCTGATTAAAAATGCTAAAATTTATGGTGAAAATTTACAAGATCTTTTAATTAAAGATGCAAAGATAGTAAAAATAGGCGCAAATTTAGACGATAATGATGAAGTATTAGATGCTCAAGGAATGACTTTATTGCCATCCTTTGTAGATTTATGTGTAAATTTAAAAAATGATAAATTCTCCCTAAGCAATTTAGAACTCTTAGAAAAAGAGTGCTTAAGAGGAGGGGTTGGTGCTATAATCTTGCGTGATTGCATGGATTTTGATGAAGAAAGCTTTTCGCTTTTTTTGCAGAATTTAAAAACTAGAAAGATTCAAATTTTTCCAAGTATTTGTGCTTTAGACAAACAAGGCAAGCTTAAGAATTTAGCTACGCTTTTTAACAAAGGTGCGCATGCTCTAGAACTTAA
NZ_CP066027.1_gap17	644557	648738	4181	TCTAGTTCTTGATGAGGCTACTTCTGCGCTTGATACTGAAAGCGAAGCAAGGATTATGGATGAAATTTATAAGATTTCTAAAGACAAAACCATGATTATTATTGCGCACCGTCTTTCAACCATCACGCGTTGTGATAGCATCTATCGTTTAGAACATGGCAAACTTTTTAAGGAGGATAAAAAGTGAAAATAACTTTTATCATAGCCACTTTAAATTCAGGAGGTGCTGAGCGTGTTTTAGCGACTTTAGCAAATGCGCTTTGCACTCAGCATGAAGTAAGTATCATCAAATTTCATGTGGGCGATTCTTTTTATAAACTTGAAGAAAATATCAAACTTATAACTTTAGAGCAATTTAGATTTGACACTTTATATCATAAAATCGCAAGCCGTTTTAAAAAATATCTGGCATTAAGAAAAGCTTTAAAAGAAAATGAAAGCGATGTTTTTATCTCTTTTTTAGATACGACAAATATTGCTTGTATTTTTGCTAAGATAGGATTAAAAACCCCATTAATCATAAGCGAACATAGTAATGAAGCTTATTTAAAATCTAAAATTTGGCGTTTTTTAAGACGCTTGAGTTATCCTTTTTGCGATGCTTTGACCGTGCTTGGAAGTAGTGATAAAATTTATTATGAAAAATTTGTAAAAAGGGTAAAACTTTTGCCTAATCCTTGTCATTTTAGCACAGAAATTTCTTTAAATGAGCATTTTGAAAAAGAAAATTCGGTGCTTTTTATAGGTCGTTTAGATCAAAATAAAAACCCTCAAATGTTTTTAAAAGCCATAGTGCATTTAGATAAAAAATTGCAAGAGGATTATGAATTTGTTGTGGCTGGTGATGGGGAATTAAGAAAAGAGCTTGAATATAAGGCAAAATCTTTAGGCATAAGAGTGAAGTTTTTAGGGCGTGTTGAAAATGTAAAAGCGCTCTATGAAAAGGCTAAAGTACTTTGTCTTTGTTCTTTTGTTGAGGGTTTGCCAACGGTTTTGATCGAGAGTTTGTATTTTGAAGTGTGTAGAATTTCAACTTCTTATTATAATGGAGCTAAGGACTTAATTAACGATAATAAGGATGGATTTTTAGTGGGTTGTGATGATGAAATAGCTTTGGCTAGAAAGCTTGAGCTTGTATTAAAAGATGAGCAACTAAGAAAAAATATCGTTATAAATGCTAAAAAAAGATGTGAAGATTTTGAAATTTCTCATATTAAAAAGCAATGGCTTGAGCTTATTGATGAGGTTAAAAATGCCTAAACTTTCTGTTATAGTTCCTACTTTTAATCGTTCTTCATTACTTCAAAAGGCAGTTCAGAGTATCTTAAATCAAGACTTTAAAGACTTAGAAATCATTATAAGCGATGATAATTCTAGTGATGATACTAAAAGCGTTGTAGAGAATTTGCAAAAAAGTGATAAACGCATTAAGTATTTTTTAAATCAAAACTACAAACAAGGCCCTAATGGCAATAAAAACAATGGCTTGGATAAAGCAAGTGGTGAATTTATAACCTTTTTAGATGATGATGATGAGCTTTTACCCTATGCTTTGGGTGTTTTAATGCAAAAAGTAGATGAGGGTTATTCTCATGTTTTTGGAAATTGCCTTATAGAAAAAGAAGGAATTTTAAGTGATGAGTTTAGCGGTAGAGGTTTGCAAAAAGAGGATGAAATTTCTAAGAAAGATTTTTTAATGCAGCGTTTTAGTGGGGAATTTTTTTCTGTTTTTAAGGCTTCTTTGCTTAAAAATAAGCGTTTTAACGAGGAATTTTATGGCAACGAAGCCACGCTTTGGGTGAATTTATACGAAGAAAAAAGTTTTTATATCCATAAAGCTTTTAGAATTTATCGTGTTTTTAGAAAAGATAGTGTCACGCTAGGAGCGAGTAAAAATGCTCATAGGGTGCATTTGGGGTATTTAGAGCTTGCGAAAATTTTAGAAAATGAGTTAAAAGCTTCTGGGGATGATGATTATAGAAAAACTTGTGCGAGTTATTATAAAATGGCAGCGTATTATGCAAAATTAAGTGCAAATTATAAAGCACTTTATCATTGTTTGTTTAAAAGTTTGAGCATTAAAATCAATGCTCCTGCTTTGATATTACTTACTTTAAGTATAATTCCAAGTAAAATGATTGAAAAACTATCAAAAATTCGGGTGGCTTTATGCAAAAATTAGCGATTTTTATTTATTCTTTAGGAAGTGGGGGTGCTGAAAGAGTAGTGGCAACTTTACTTCCGATTTTAAGTTTGAAATTTGAAGTGCATTTGATTTTAATGAATGATAAAATTTCTTATGAAATTTCTGAATGCAAAATCCATTTTTTAGAGCGTTCAAAACCTAGTGAAAATCCTATTTTAAAATTTTTAAAACTTCCTTTTTTAGCTTTAAAATATAAAAAACTTTGCCAAAAATTAAATATCGATACAGAATTTGTTTTTTTAAATAGGCCTAATTATATTGCATTGATGGCAAAAATATTTGGCAACAAAACTCGCCTTGTAATCAACGAATGTACCACTCCAAGCGTGATGTATGCTAAAAACAATTTCAATTCTTTAGCCAATAAACTTTTGATTACTTTGCTTTACCCAAGGGCTGATTTGATTTTGCCTAATTCTAAGGGAAATTTAGAAGATTTATTGTGTAATTTTAAAATTGACAAAGCAAAATGTGAAATTTTATACAATGCTATAGATTTGGAAAAAATAGAACAAAAAGCACTTGAAGATATAAGCTTAAAGGATAAATTTATTTTAAGCGTGGGAAGGCTTGATGAGGGTAAAAATCATGCCTTGCTTATCCGTGCTTATGCGAGATTAAAAACAGATTTAAAGCTTGTGATTTTAGGCGAGGGAGTGCTAAAAGATGAGCTTTTGGCTTTGATTAAAGACTTGAATTTAGAAGATAAAGTTTTGCTTTTGGGCTTTGATAATAATCCTTACAAATATATGTCTAAGTGTGAATTTTTTGCTTTTGCTTCTGTGTTTGAGGGTTTTTCAAATGTTTTAATCGAAAGTCTAGCTTGTGGCTGTGCGGTGGTTTGCACTGATCATAGAAGTGGTGCAAGAGAGCTTTTTGGAGATGATGAATTTGGACTTTTAGTAGAAGTAAATAATGAAAATTCTATGTTTATGGGCTTAAAAACAATGCTCGAGGATGAAAATTTAAGAAAAGCTTATAAGAAAAAGGCCAAGGATAGGGCTCTTGATTTTGATAAAGCAAAAATCGCACGCAATGCTTTAAAATATTTATTAGGATAAGATATGTTAAAAAAAGAATACTTTAAAAACCCAACTTTTATTTTATTGGCTTTTATAATTTTAGCGTATGTCTTTAGTGTTTTATGTAGGTTTTATTGGATTTTTTGGGCAAGTGAGTTTAATGAATATTTTTTCAATAACGAGCTTATGATTATCTCAAATGATGGATATGCTTTTGCAGAGGGTGCAAGAGATATGATAGCGGGTTTTCATCAACCTAATGATTTGAGTTATTATGGTTCTTCGCTTTCAACGCTCACATATTGGTTTTATAAAATAACTCCTTTTTCTTTAGAAAGCATTTTTATATATATCAGTACTTTTTTATCTTCTTTGGTGGTTATACCTTTGATTTTGATTGCTAATGAATACAAACGCCCTTTAATGGGGTTTGTTGCAGCATTGCTAGCCAGTATAGCTAATAGCTATTATAATCGCACGATGAGCGGATATTATGATACTGATATGCTTGTTATAGTTCTTGCAATGATGATAGTTTTCTTTATGATAAGGCTGATTTTGAAAAAAGATTTATTATCTTTAATAACACTGCCTTTGTTTGTAGGAATTTATCTTTGGTGGTATCCATCAAGCTATACTTTAAATGTTGCTTTACTAGGACTTTTCTTTATTTATACCTTGGTTTTTCATATAAAAGAAAAAACGATTTATATGGCTATTATCCTAGCTTCTATCACACTTTCAAATATAGCTTGGTTTTATCAAAGCGCCATCATTGTCATACTTTTTAGTCTTTTTGTTTTGCAAAATAAGCGTTTTAGCTTTGCTTTGCTTGGAATTTTAGGTTTGGCAACTTTGGTATTTTTGATACTAAGCGGTGGAATTGATCCTATACTCTATCAACTTAAATTTTATATTTTTAGAAGCGATGAGAGTGCAAATTTGGCTCAAGG
NZ_CP066027.1_gap18	650689	654691	4002	TAGTGGGCGGAAGAGATGATAATCCTTCTTGTGCGAGTTTGGAATTTTTAAATTCAGGCAAGGTTTTTTATTTGGGTGCTAGAAGTGATATAGTAGAACTTTTGCAAAATTGCGATATCTTTGTTTTGCCAAGCTATAAAGAAGGATTTCCAGTAAGTGTTTTAGAGGCGAAAGCTTGTGGCAAAGTTATTGTAGTAAGTGATTGTGAGGGTTGCGTTGAGGCAATTTCAAATGCTTATGATGGGCTTTGGGCTAAGACCAAAGATAGTAAAGATTTAATAGAAAAAATACAAGTTTTATTAGAAGATGAAAGTTTAAGAATCAATCTAGGTAAAAATGCAGCTAAGGATGCTTTACAATACGATGAAAATGTTATCGCGCAGCGTTATTTAGAACTTTATGATAGGGTGATTAAAAATGTATGAGAAATGGATAAAAAGAATTTTTGATTTTGTTTTGGCTTTGTTTCTTTTGGTGCTTTTTTCGCCTCTTATTTTAATCACTGCTTTGCTTTTAAAAATAACTCAAGGTAGTGTGATTTTTACTCAAAATCGTCCAGGTTTAAATGAAAAAATTTTTAAAATTTATAAATTTAAAACCATGAGTGATGAAAGAGATGAAAAGGGCGAGCTCTTAAGCGATGAGTTGCGTTTGAAGGCTTTTGGGAAGATTGTTAGAAGTTTAAGCTTAGATGAGCTTTTACAGCTTTTTAATGTATTAAAGGGTGATATGAGTTTTGTGGGTCCAAGACCTCTTTTAGTAGAATACTTACCCCTTTACAATGAAGAGCAAAAACTCCGCCATAAAGTGCGTCCTGGTATCACAGGATGGGCACAGGTAAATGGTAGAAATGCGATTTCTTGGCAAAAAAAATTTGAACTTGATGTGTATTATGTAAAAAATATTTCTTTTCTACTAGATTTAAAAATCATGTTCTTAACAGCCTTAAAGGTTTTAAAAAGAAGCGGAGTAAGCAAAGAAGGTCATGTTACAACGGAGAAATTTAATGGCAAGAACTGAAAAAATTTACATTTATGGTGCGAGCGGACATGGGCTTGTTTGTGCTGATGTCGCTACGAATTTGGGCTATAAAGAATGTATTTTTTTAGATGATTTTAAGGGTAAAAAATTTGAAAGCTCTTTGCCAAAATATGATATTTTCATAGCTATTGGAAATAATGAAATAAGAAAAAAGCTTTTTAACCAAATTTCAGACAGTGGCTTTAAGATCGTAAATCTTATCCACAAAAGTGCGATTATTAGCCAAAGTGCGGATATAGCAGAAGATGCTGGAATTTTAATAATGCCTTATGTGGTAGTAAATGCAAAAGCAAAAATCAAAAAAGGCGTGATTTTAAATACTTCAAGCGTGATAGAGCATGAATGTGAGGTGGGTGAGTTTTCCCATATAAGCGTTGGGGCTAAGTGTGCAGGAAATGTCAAAATTGGCAAAAATTGTTTTTTAGGGATTAATTCTTGTGTTTTGCCAAATTTAAGTTTGGCAGATGATAGCATTTTAGGGGGTGGGGCGACTTTAGTGAAAAGTCAAAGCGAAAAGGGTGTTTTTGTGGGAGTGCCTGCAAAAAGAATGTAGATATTTTAATCCTTAAAAAATTACTTTTAATCTTAAGATATAATAAAAATAAGCTTTGATTGCAAAAGAATTTTTAATGTTTGATACTTAGTAAATTATTTTAGATAAAATACATCATCTTAGTAAAATCACTGTTTATAATAAAGGATAAAAAATGAGGTTTTTTCTTTCTCCTCCGCACATGGGTGGCAATGAGTTAAAATATATAGAAGAAGTATTTAAAAGCAATTATATAGCTCCTTTGGGCGAATTTGTAAATCGTTTTGAAGAAAGTGTTAAAGATTACGCTCAATGCGAAAATGCTTTGGCGCTAAATTCAGCTACGGCCGCTTTGCACTTGGCTTTAAGAGTAGCAGGAGTGGAGCAAGATGATATTGTTTTAGCTTCATCTTTTACTTTTATTGCTTCAGTGGCTCCTATTTGCTATCTTAAGGCAAAACCTGTTTTTATTGATTGTGATGAGACTTTTAATATAGATATTGATCTGTTAAAGCTTGCTATTAAAGAGAGCGAAAAAAAACCAAAAGCCTTGATTTTAACTCATCTTTATGGCAATGCGGCCAAAATGGATGAGATCGTCCAAATTTGCGAAAAAGAAAATATTATTTTAATCGAAGATGCCGCCGAGGCTTTGGGAAGTTTTTACAAGGGTAGGGCTTTAGGAACTTTTGGAGAATTTGGAGCTTATTCTTATAATGGAAATAAAATCATCACCACTTCAGGCGGTGGTATGCTTATAGGTAAAGATAAGCAAAAAATCGAAAGAGCGAGATTTTACAGCACTCAGGCAAGGGAAAATTGTTTGCATTATGAACATTTAGATTATGGTTATAATTACCGCTTGAGTAATGTTTTAGGCGCTATTGGCGTGGCGCAAATGGAAGTTTTAGAACAAAGAGTGCTAAAAAAAAGAGAAATTTATGAGTGGTATAAAGAATTTTTAGGTGATAGTTTTGTCTTTTTAGATGAGCTTGAAAATTCAAGAAGCAATCGCTGGTTAAGCACGGCTTTGATTGATTTTGATAAAAACGAAATGAATGCTTATCAAAAATGTATAGAAATTTCGCAAAAAGACTTGATTTTGCATCCAAAAATTTCAAAACTTATAACAGATTTGCAAAAAGAGCAAATTGAAACACGCCCACTTTGGAAAGCTATGCATACTCAAGAGGTTTTCAAAGGTGCCAAGGCTTATGTAAATGGCAATAGTGAGTTATTCTTTAAAAAAGGGATATGCTTGCCAAGTGGCACAGCGATGAGTAAAGACAATGTGCGTGAAATTTCAGAACTTATTATCAAGAGCGTAAAGGCTTGATGATGGATTTTTATAAAAGCAAAAGGCTGATTTTTTTCTTATGTTTTGATGCATTTTTGTTTATACTCTCTATATTTTTAGCTTTTTCTTTGCGTTTTAGCGGGGAAATTCCTAGTATTTTTTATGAGGGTATGATTAAAGCGGGACTTATTTTACTGGTTTTAAAAATAGCTTTTTTATTTATTTTTAGAATTTATAAGGTGGCATGGCGATTTTTTTCCTTAAGTGAAGCAAGAAAGATATTTTTTGCTTTGGTTTTGGCTGAAATTTGTTTTTTGTTGATTTTTTATTTTTACGATGATTTTTTCAATCCTTTCCCGCGTTCGGTTATAGGTATTGATCTTATTCTTTCTTATATGTTTGTAGGCACTTTAAGAATTTCTAAAAGAATGCTTATAGACTTTAAGCCTTCCCGCGCAAAAGAAGAAGAAACTCCTTGTATAGTGGTGGGTGCTACTTCAAAGGCTTTGCATTTGCTAAAGGGAGCAAAGGAAGGCTCTTTGGGTCTTTTTCCTGTGGGTGTTGTAGATGCTAGAAGAGAGCTTATAGGAACATATTGCGATAAATTTATCGTTGAAGATAAAAGTAAAATTAAAGATTATGTCAATGAAGGTGTTAAAACTGCTATTATAGCTTTAAAACTAGATCAAGCTGAGCTTAAAGCTTTGTTTGAAGAGCTTATTGCTTATGGAATCAGTGATGTTAAGATTTTTTCTTTTACAAGAAATGAAGCAAGAGATATCAGCATAGAAGATTTGCTTGCTAGAAAACCTAAAGATTTAGATGATAGTGCTGTGGCTTCATTTTTAAAAGATAAAGTAGTTTTGGTAAGTGGCGCAGGCGGAACTATAGGAAGTGAGCTTTGTAAGCAGTGTATTAAATTTGGTGCAAAACATCTTATAATGCTTGATCATAGCGAATTTAATCTTTATAAGATTAATGAAGATTTAAGCTTATATAAAGAAAAAATTACCCCTGTTTTGCTTAGTATTTTAGACGAGCAAAGTTTAGATGAGATTATTAAGGAGTATAAGCCTGAATTGATCTTGCATGCAGCTGCTTATAAGCATGTGCCTCTTTGTGAGCAAAATCC
NZ_CP066027.1_gap19	656204	657313	1109	TTATACTTCATAAAAGCATTGAAAAAAAAGAAAATAAAGACTGGGTGGAAGAATATAAAAAAGGAATAAAGCCCATTTTAATTGATAATATTTATATTCATACTACTTGGCAAGAAGAAAAAGAAAATTATCTTAATATTAAAATCAATCCTGCTTTAGCTTTTGGTTCTGGGCATCATGAAAGCACTTATGGCTGTGTAAAATTTCTACAAAAATTTGCTAAAAATAATTCAAGATCTTTAGATATAGGCTGCGGAAGCGGTATCTTAGCCATTGTTATGGCAAAATTAGGATGCAAAGTTGAAATTTGCGATACTGATGATTTGGCTATTGAAAGTGCCTTAGACAATGCAAAGTTAAATAATGTAAATTTCGCACAAGCTTGGCATGGTTCTGTAGATAAGGCAGAGGGATTATATGATTTGGTGGTTGCAAATATAATTGCTGATGTGATTTTGATTTTAGAAAAAGATATTAAAAAGCATTTAGAAGATAATGCTATACTTATCTTATCTGGAATTTTGGATAAGTATAAAACAAGAGTAAAAGAAAAATTTCAGGATTTAGAGCTTATTGATGAAATGCAAATCAATGAATGGTGCTCTTTGGTATATAAAAATAAAACAAAGGAAAAATGATGAATAATAACAACAATGCTCCTAACAATAAGAGTAATCCGCAGGGCAATAACTTTTTCAACAAGAATCCAATTTTTATTTTTGCGATTTTTGCTATTGTTATGATAATTGTCTTTAAGGGATTTTTTGATGGCAATGGATCTTTAGGTGGTGCTTTAAATGGAACTGAGGTTAGCAAAAATGTACCTTATTCTGAACTCAAAAAACTTATTGAAAGTGGACAGATCAATCAAGTAAGTATAGGACAAACTACTATAAAAGCAGTTTCTAGTGTTCAAAATACAGTCTATACTACTAAAAAAGTTAATGATCCTGAATTTGTAAGCTTGCTTGATAGTAAGAATATTGCTTATGGAGCTTATTCTGAAACAAATTGGTTTACAGATATTTTATTTTCTTGGGTTTTGCCTATATTTATTTTCTTTGGAATTTGGATGTTTTTGGCAAGTCGTATGCAAAAAAACATGGGAA
NZ_CP066027.1_gap20	665633	669653	4020	AATGAAGCCTTTATCAGTTCGAATTAAGGTTTTAGCTCCTCCATTTACGCTATTTAATACAATCTTATCGCCTTTGCTGTATTCTTCAAACATAAAATCATTTTGTATGTCTTCTTGGTGCGAGCAAGCGCTTATAAAAAAACCTATAATGATAAAAAATGACAATATCGTTTTCTTTTTCATACTAGTCCTTTATTTGTAATTTTTCATAGCAGATCTTGCTTCCATATCTGCTTGTTTTTTCTTTAAACTTTCGCGTTTATCGTGCAGATTTTTTCCTTTGGCTAAGGCTAGCGTGGCTTTAACTTTGTTTTTATGGTTAAAATAGAGTTCTAAGACTACCAAGGTGTATCCCTCAATACTAACTTTGCCTAAAAGCTTATCTATTTGTTTGCGGTGCATTAAAAGTTTTCTAGCAGCTCTTTCTTCATGTTTATAATAAGAATGCGTAGTGCTAAGGTGCGATATATGAGCATTTAGCAAAAATAATTCACCCTTAATAATACGCACAAAAGAGTCTTTTAAATTTGCCCTTCCAGCGCGTAAAGCCACGACTTCACTACCCTTTAAAACCACTCCTGATTCAAAGCGTTCTATAATGCTATAATCAAATAAGGCTTTTTTATTTCTAGCAATGACTTTCATTGATGTACCTTAAAAACACTACTTCCACTTCCACTTAGGAAAAAACCTTGTTCTAAAAAAAGAAACATTTTAGGATATAAAGTTACACAAGGAGTAAATAAATCATTAAGCTGGGTATTTTTAAAAGTTTCTAAAAGTTCTTTCGTGTTTAAATCTTTGTAAATTTTAGCTTCAAGAGTGTTTTTTTCAAAATCAATTTCCCCTTTATCAAATTCATCATAAACTTTTTTAGTTTGACAAGATACTTCAGGAAAAACCCATTCTAGGCTCGGTATAGTATCATTAAATTCTTCTATGATTTCACCACATCCGCTTACATTAGCACTTTCAAAACCACTCAAGAAAAAAGCAATATCACTGCCTAGTTGAGTGCTTAATTCTATAAGTTTTTGAGTGCTTAATTTTAAGTTTAGTTCTTCATTAATTAGCATTAAAAAACTTGCGCAATCACTACTACCTCCCCCAAGTCCTGCACATGTGGGGATATTTTTGATTAATTTTAAGCTTTTGGTTTTAAAAAATTCTTCTAATTTATTTTGATAGCCATTTTGACAAAGTAAATGATAAGCTTTTGTGATGATATTATCCTCGCAATTAAAATTGCTAATGATTTCAAAACCTTTAGGAGAATTAGAGCTTTTTTCAACGATACGAATTTCATCAAAAAGGTTTTTTAAAAGTATAAAGCGAGATTCTAAAAGATGATATCGTCTTTTATCAAATCCGACAAGTTTTAAAAAAATATTTGCTTTAGCATATGCTTTCATGGGATCAATTTTTTGCTTAAATCATCTAATTTAACATCGTTTTTTACCACAGAATGTAAATTCTCATCTTTGATTTGAGTAAGGAGTTCTTTTCTTAAAATCATTAGAGATTTTGGAGCATCGATGCCTATTTTGGCATATCCTTTTCCAGTTTGAACGATTTTGATTTCAATTCCTTCACCAATAACAATACTTTCATTTTCTTTTCGCGATAATATTAACATTTTTCAACCTTATTTAAAAGATATTCTACTTTATTTTCTTTAATATTTATAATACTAAAATACTTTTTATTTTCTATATAATAAAAACCCTCATCTTGAAATTTTAATTCTTCCAAGGATATTTTAGTGCCATTTTCAAGTTTTGTTAAATCTTTAATGAAATTGGGCTTTAAATTTAGATATTCTAACACATTTAAGCTTTTTTCGTGATTATAAAAAAATTCTCCCTCACGGGTGCGCTCAAGAGAACTTAAAGTGGCATTAATACCTAATTTTTTAGCAAAAAGCTCACAATAAGATCTTATATAAGCTCCTTCGCTAACGCTTAATTCAAGCTGTAAAAAGGGATGAGTATAATGTATGATTTTGCAAGAGAAAATTTCCATTATACAAGATTTTAACTCTATATTTTCACCTCTTTTGGCAAATTCATAAGCTCTTTTACCTTCTATTCTTTTAGCACTAAATTGCGGTGGAGTATAAGAAATTTTTCCTAAAAGTTCCATTTTGATTTGTTCTAAGAGTTTAATGTCAAAAGCTTTTATAAGCTTTATTTCTTGTATGTTTTTATTATCAAGACTTAGAGATTTAACCCCAAGCCAAAGTGTTGCTTGGTATGTTTTTGGAGTTTTTTTTAAAAATCTAAAAAGCTTAGTGTATTGCCCAAAGGCGACTATTAAAACCCCTTTGGCAAAGGGATCTAAGGTTCCTGAATAACCTGCCTTTTTATTTTTATATCTTTTTTTTATCTGACCTAAAAAAGCATTAGAACTCATTTCCGCGGGTTTAAAAGCAACAAAAATTTTATTCATACGGCTTTTTCCACAAAACTTGCCATAATAATGCGTTCTATCCCGCCAAAATTTATGGTAAGTTTTTCTTCTTTTGCGCTTTTATTGACACTAATAACGCGTCCTATGCCAAAAATTTTATGTTTGACTAGATCTCCTTTATGATATCCTTGTTCGGTTTTGTTTATAGAGATTTTTTTTGTTAATTGACTTTCTTCTAAAAAACGACTAGAGTCTAATTCCGTGCGACTTCCTCGGTAAAAACGAGATTTTGCAATGCTTAGCGATAGACATTTTTTAGCGCGAGTGATAGCCACATAAGCAAGGCGTCTTTCTTCTTCTATATCGCTTTCATTCAAAGGAAAAAATCCTTCTTCAAGTCCTACTATAAATACATGATCAAATTCCAAACCCTTGCTCGCATGCACACTCATAAGATATACACATTCTCCCTCAATCCCATCTTGATCGCTTAACAGTGAAATTTCACTTAAAATATCTTCTAGGGTTGTTTGTGGTTCTTCTTTTATTTTTTCTTTGATGCTTGCATAAAATTCATCAATATTTAATACGCGCTCATCGCCATCCTCTTGAAGAGCGTAAAATTCTTTAAGAGCAAAAAGTTCTTCAAATTTTTCAATCATTTTTTTTAAATCAGAATATTCTCTAAGTTTGTAAATATTTTGTATGAATTTTTTTGCCTCATTTTGTGCTTTTTTAAGAGAAAAAATTCCCACACTGCCATCGCTTTCGCACAATGCTTCAAAGAGTGAAATTTTTCTTTTTTGTGCATAATCTTCTAAATTTTGTAAAGCTTTTTCACCTATGCTTCTTTTAGGCCTATTGATAATGCGTTTAAAGGATAAATCATCATTAGGGTTGATTAAAATTCTAAAATAGCAAATGAGATCTTTGATTTCAAGTCTTTCATAAAAACGCATTCCGCTTAGCAATTTATAAGGAATTTTTTCCTTCATAAAGGCTTCCTCTATGGATCTTGAAAGAGCATTGATACGAAATAAAACAGCAATTTCTCCAGCATAAATGCCCGAATTTAAAAGCTCTTTGATTTTTTTAGCCACCAATGCACTTTCGATTTTTTCATTATCTGAACTTAGAATTTGAATATCTTCACCCTCATCTTTTGTGCAAAGTAGGGTTTTTCCAAGACGTTTTTTATTGTGTGATATTAGGTTATTAGCAGCTTTTAAAATCATACCCACAGAACGATAATTTTGCTCTAATTTAACAAGTTTTACATTTGAAAATTCACTTTGGAAATTTAAAATATTTTCTATCTTTGCACCACGCCAACTATAAATGCTTTGATCATCATCCCCTACAACGCATATATTTTCATGAACGCAGCAAAGATTTTTAAGAATTTTGTATTGTAAAGCATTGGTATCTTGATATTCATCGACTGTGATATAACGATAAAAAGAGCTTTGCTCTTTGGCGAAATTTTGATCATTTTCCAAAAGAATATTGGTCAAAAGTAAAAGATCATCAAAATCTACGAAATTGTGCTTGAGTAAATATTCTTGATAGTTTTGATAATAAATAGCAATTTTTTGCAAGGCTTGGTGTTTG
NZ_CP066027.1_gap21	759460	761293	1833	CTTTTAAATGTATTAGATGAGCTTGATTTTCCAGTCGAGAGTATTTTGCCTTTGGCTAGTGCAAAAAGCGCAGGTAATCAAATAGAATTTAGAGGCAAATCTTATACAATAAAAGAGCTTACCGAGGATGTTTTTAGAGAAAATCCTGTAGATATAGCTTTTTTTAGTGCAGGCGGAAGTGTAAGTGAAAAATATGCTAAATTTGCTGCAGAAGCAGGTGCTGTGATAATTGATAACACAAGTCATTTTAGAATGGAAAAAGATGTGCCTTTAGTCGTTCCAGAATGCAATCCTGAAGATATTAAAGAATGGAAAAAAACAGGTATCATTGCAAATCCAAATTGTTCAACTATACAAATGGTGCATATTTTAAAACCTTTAAATGATGCTTTTGATTTAAAGCGTGTGGATGTAAGTACCTATCAAGCAGCAAGTGGAGCAGGTAAGGAAGGTATGGAAGAATTGGTTCGCGCAATGCAAAGCTTTTTTGCTTTCAAGCTTGATGAATTTGAAGCTCAAACATTTCCTCATACTTTAGCACTTAATTTGATTCCTCAAATTGATGTATTTATGGATAATGGCTATACAAAAGAAGAGCTTAAAATGATCAATGAAACACAAAAAATTCTTCATAAAAATTTAGAAATTTCAGCTACTTGTGTAAGAGTTCCAGTTTTAAGAAGTCATAGTGAAGCAATTACTATGCATTTTGCAAAAGAAGTAGATGTAAATAAAGCAAGAGATATACTCCAAAATGCACCAAGTGTTGTTGTTATAGATGAACCAAAAGATAAAAAATATCCTATGCCTTTAATGACTAGCGATACAAATGAAACCTATGTGGGTAGAATTCGCTTAGATGTTGCACATAAAAATATACTTCATCTTTGGTGCGTAGCAGATCAAATTCGCGTAGGTGCTGCTACAAATGCAGTGCGCATTGCTCAAAAATGGTTAGAATTAGAAAATAAATAAAAGGAGTAAAAGAGTGTTAGAGAAAATTTTTGAATCCTTGCTTGTTAAAAGTCGTATTGTTACAATTTTACCCGTAATATTCGGTCTTGTGGGCGCTTTTGTTTTATTTTTTATTGCAAGCTATGATGTTTTAAAAGTAATTCTTTATACTTATCAATATTTCTTTAGCGCTGGAATCAAGATTGATTTACATGAAGATGTGGTAGCTTTGATTATAGGAGCTGTAGATCTTTATCTTATGGCTTTGGTTTTATTTATTTTTTCTTTTGGAGTGTATGAACTTTTTATTAGCGAGATAGAAGAATTTAAACAAACCAAGCAAAGTAAAGTCTTGGAGGTGCATAGTTTAGATCAGCTTAAAGATAAGCTTGCAAAAGTGATTATCATGGTTTTGGTAGTAAATTTCTTTCAAAGGGTATTACAAATGAAATTTGCTACTCCTACAGATATGGCTTTTCTTGCCGGATCTATTTTAGCTCTTTGTGTGGGGCTTTATTTTTTACACAAGGGCGGACATTGAGGCTTGATTATCTTTTTTTGATATAATTAAAATTTTGGTTTGTAAGGGTGATTATGAAAAAGCTATTTTTGATTTTATTGGCGGTAATTAATGTTTTAACTTTTTCTTATGCGGCTCCCTTAGATGAAGTTTTTAAAGATGTTGAAGTTTCGGGCGTTGTGCGCTATAGATACGAGACGCAAAGGGTTAAAAAAACAGATAATAAAAACAAAAAACACAATGTTACAAACCGCACCGAAATCACTATAAAATAGAGGTAGGATATGTTTCGTTACTTGACAATTTTTTCGATTTTTGTTGTAGCGCTTTTTGGTATAAATTTGAAGTCTTTTTTTACT
NZ_CP066027.1_gap22	781796	786379	4583	TCAATGAATTTTTGGGTTTAAAAACAAGTTTTTACGAGCTTGGAAATTTAAATTTTATTGATAAAGATATAGTTTGTGAGTACGAAAATCACACCAAAGCCTTTGTTAAAATTCAAGAAGGTTGCGATTTTGCTTGTTCTTATTGCATTATCCCTAGCGTGCGTGGGAAATCAAGAAGTGTTGATGAGCAGGCTTTGTTAAGGCAGGTTGAAATTTTAGGAGCAAATGGCTATAGCGAAGTGGTTTTAACAGGTACAAACATAGGTTCTTACGGACTTAAAAATGGAACAACACTAGGTAAGCTTTTGCAAAAAATGGGTCAAATTTCAGGTATAAAACGCATAAGACTTGGTAGTTTAGAGCCTGCTCAAATTGATGAAAGTTTTTTAGAAATTTTAGATGAAAGATGGATGGAGCGACATTTACATATCGCTTTGCAACATACAAGTGAAAAAATGCTTCGCATCATGAGAAGAAGATCGCATACAGATAATGACTTGAAGCTTTTTAATACCATAGCCAGTAAAGGATATGCTTTGGGGACTGATTTTATCGTAGGGCATCCAGGGGAAACCGAGGAGCTTTGGCATGAGGCTTTAAAGCATTTTCAAGAATTTCCACTTACTCATATCCATGCTTTTATTTTTAGCCCTAGAAACAACACGCATTCAGCCACCATGAAAGATACTATAAATGGTGCTGTGGCTAAAGAAAGATTAAATACTTTAAAAGTTATTATAGAAAATAATAACTATGAATTTAGAAAAAGAGTTAAAACTCCACTTGAAATTTTAGTTGAAAATCAAAAAGATGGTTTTTTTGAAGGTTATGATCAGTTTTTTAATAAAATAAAAATCAAAAGCAGTAAAGATATAGCAAAAGAATGGCTAAAATTAGAGCGATATGAAGTGCAAGAAAAGCATAATTTCGCAGACTTAGAGGGTAAAAAATGAAAAACAAAAAAATTATATTGATATCTTTTCTTATCTTGTGTTTGCTTTTTGGAATTTTGTATTTTAAAAATGAACCTAAATACATAGATGAAAATCTTTACCAAAGTTTATTAAGTCAAAATTTAATCGAAAAAGCAGTGATTGATAAGGATGAAATTTGGCTTAAAGCTAAGGGTGAGAGCTATGTGATCGTAAAAGATGGTGTAGATATTAAAACCCTTTTATCAAAAGTTCCTGTGGAAATCAAAAAAGACAGTACTTTGTGGGTATTTTTTGTTATATTTGTATTTCTTATCGCGCTTTTATTAAGTTTTGTTTATTTTGCACGAAAAAAAGAATTAGCTAAGTATCCTATATCTAGTAAAACTCAAACCCAAACTTCTACCACAAATTTAGAAAGTTCCAATATAAAACCTGTGATTTCTAATATCACCTTTAATGATGTAGCAGGCGTGAGTGAAGTAAAAATGGAGCTTAGTGAACTTGTGGATTTTTTGCAAAATCCTAAAAAATACAAAGAATTTGGTGTAAAAATGCCAAAGGGTGTTTTAATGGTAGGTCCTCCAGGGGTAGGGAAAACTTTGATTGCTAAGGCGGTTGCAGGCGAAGCAGGGGTACCTTTTTTTTATCAAAGCGGATCAAGTTTTGTTGAAATTTATGTAGGAATGGGAGCTAAAAGAGTAAGGGAGCTTTTTTCTAGAGCTAAAATGATGGCTCCAAGTATTATTTTTATTGATGAAATTGATGCGGTGGGTAAAGCAAGGGGTGAAATGTCTAATGTCGAAAGAGATAGCACCTTAAATCAACTCTTAACCCAAATGGATGGTTTTGAAGATAATAGTGGTGTTATCGTAATCGCCGCGACTAATAAAATCGAGCTAATGGATCCTGCTTTACTTCGTTCAGGGCGTTTTGATAGACGCATTTTCTTATCTTTGCCAGATTTTAAAGATAGGCTTAAAATTTTAGAAATTTACATGAAGGGTAAAAATAACAATATTGATTTAAATAAAATTGCAAAAGCAAGTGTAGGTTTTAGCGGTGCTGGACTTGAAACCTTAGTTAATGAAGCGGCTATCAATGCTTTAAGAAGAAATAGTTCTTTGGTGGAAGAAAGCGATTTTTATGCTGTACTAAATAAGGTGCTTTTAGGAAAGAAAAAAATTCTAAGTTTTAATGATGAAGAAAAGGGTATACAAGCGACTTATCAGGCCGCAAAAGCTTTGAGTGCGTATTATTTTGATATAGGATTTGAGAAAATTACTCTTATTGAAGATCGTTTTAAGGAATACGAGCATGCCATTCGCTCAAAATCAGAACTTATCAATCGCATTAAGGTTTATTTAGCAGGCTCTAGAGCTATGAGTTTGATTTATAATGAAAGCTATACAAACTCACAGAATGATTTTTTAAAAGTTAAAGAATTGCTTGATTATATGATAAGCTTTGGTATGCTTGAAGAACCAAATTTAAACGAAATTAAAAGGGAGCTAGATGAGTTTTTATTCCCTTTAAAAGAAAAAATTTCAACGCTTGCTAAAATTTTACTTGAAAAAGAAAAGATAGAGTATAACGATGTTAAAGAAGTAGTTCAGGTTTAAAGTATCTATATGGCTTTAGATTTTGTCATCTATCTTAGACTTTAATAAATTGTTTTAGTCGTCATATTCTGTATATAAAATCGTACCATTAAAATCAATATGTACTTCTATATTGTTAGTAAGCTTGATTTTGTAATAATTGATTTTTCTTTCGATTTCTCTAGCTTTTGTGTTGGGAAATTTGTTTTGAATGATATTTGTTAAATTTGGAGGTAAAAAATTTAAATCAAAAGGAAAGACCTTACTTTCTATCTCTTTCCATGAACCATCGCTTTCAAATTCTAATTCTGTCCCATCGCTCAAATAAACCTCATAAGCGTGCTTATCTCTTTGTACTATACCTATGGGAGCTTGAAAATTATTTTTTAAAAATTCTTTAGAAATACTTGGAAGCTCATCGGGAGATATTATAATATCAGCGTTTAAAAAAGTGGATAAGATAGCTATAATGCCGTAAAATTTTATTTTCAAAAGTTTTTCCTATTTATTATTTTGCACTAAATTTTAGTGAATTTATGTGAATTTTATGTGAATTTCAAGACAATAACATAAATATTTTAAAGGTTGTTTTTGGTTGTAATTTTACTGATTCTCTTAAATATCTTATTCTATTTTACAATTCCTTATGGGTATTATAATTTGCTTGGGTTAAATATTTTGTTTTTCAAAGGAGCTTATTGGCAAATTTTAAGTTCAATGTTTATGCATGGAAATTTAACTCATCTCATCCTTAATATGATAGTTTTATTTCAATTTGGTCGTATTTTAGAGTCTTATTTAGGTGCTTTGCGTTTCTTTTTATTGTATATAATTGGCGGATTGATGTGTTCGCTTTTGAGTGCTTTTTATGTATATTTTTCTTTTTATTATTTTGGTGGGATGATAAATCTTGTAGGAGCAAGTGGAGCAATTTGTGTTTTGATGGGGTATTATGCTTTTCTTGATAAAAGTAGTACAAAGGGTCTTATAGTCGCTATTTTACTAATGAGTTTTGCTCCATTGCTTATGGGTGTAAATGTCGCATGGTATGGGCATATTTTTGGTTTTATTTGTGGATATTTTTTAGGGAAGTTAAGGAGAAAAATTTGAAAAAAATATATATATTAAGACATGCAAAGGCTGTTAAGGATGAGGAAGTGCAAGATTTTGATAGGAAGTTAAATAAAAGAGGTAAAGAAGACTTAGAAAAGCTTTTTTATAATTTAAAAACCCATGAGATAAAATTTGATTTTATACTTTCAAGTCCATCTAAACGCACTGCTAAGACAGCTAAAAAAATAGCCGAATTTTATAATTTTGACAAGGAAAAAATTCAATTTATAGATGAGCTTTATCTTGCTAATTTGTCTAAAATATATCAAATTTTACAAACTATCGATAAAAAATATAATGAAGTTTTATTAGTAGGGCATAATCCTACTTTAATGGAACTTGGAGAATTTTTAGGCTCTTTATGTTTGACTTCTTTTCCTACTTCATCTATGCTTTGCTTAGAATTTGACATAGAAGACTTTAAGGATTTAAAAGCGCATAGCGGAAAAGTGATATTTTTTGAACATGTGAGAAAATTAAAAGAGGAAAAGGAGTTGGATTAATTACTTCCAACCCTCGATATAGTTTTTGAGTTTTCTACCCACTTTTGGATGTTTGAGTTTTTTAATTGCAGAGCTTTCTATTTGTCTTACTCTTTCGCGTGTAACATTTAATTCTTTACCTATTTCTTCTAAAGTTCTATCGCTTTCATCGTCCATTAGACCAAAACGCATACGAATAACCGCTTTTTCTCTATCGTTTAGTTGATCAAGAACTTCATCAATTTGCTCTTTTAAATCATCTTTTAAAATGTGATCCATAGGCGAGAGTGAATTTCTATCTTCTACAAAATCCCCAAATTTGCCATCATCTTCACTACCAATAGGCGCCTCAAGTGAAATAGGCTCTTTTGTGATTTTAATCACTTGCTTAACCTTATCCACACTAAGTCCTACTTCTTTGGCTATAACACTTACATCAGGCTCTTTTCCGTCTT
NZ_CP066027.1_gap23	798665	803387	4722	TTTCAAATCAGCGTTATTGATATATTCTTCATATTTTTTTACAGCTTGCATTCTAAAATCAAATAAATTTTCAAATATAAAAGAGCTTTTATCTATAGGTTTTTCTTTGCAAGTATCGTTTTTGCTTTCGCTAGGAGAGAATAAAATTTTCAATTTTGTCCTTTTTAAATCTTTAAAATTAAAGACTAAAAAGTATCGAAAAATATATAAAACTAGGCTTAAAAAAGGTAAAAGAGTATATGGAGATTTCTCTCCATATTACTTAAAAGCCTGTTGCACCTCCAAGCATTATAGGTATCATCATAAAGCCAAAAAGTATTCTAAGTGTTTCTGTAAAGTCTTGATTGTTAACAGTTAGCTTTTCTACTGCGTTAATACCTTCTTTAGGATAATCACTTAATGCAATAGGTTTAAATTTAGCTTCTAAATCAAGTTTATAGACTTCATCTTTTGTGATTTCATTTAGAGCCAACAAAGCTTTATCTATAAGCAAGGTTTGTTCTTCATTTTGACTTTGAATTTTAAGAGCTTCTAGGCCACCTTTAGCGATTGTTATATAATTTTCAAAAACACCCTGGGTATCTAAAGAAGAGTTAATTTTAAAATTATTTAAGATAACGCTTTCTTGTATAGGTTGAGCAAATCCTTGCTGATCTAGAAGTTCTTCTACGGCTTTTTCATCTATTGCATAGGTTTGTGTATTGTATTTAATTCCTGCTTTTTCGAAGAAATCAAGCAAGCTTTGTTTGTAGTCAAAATTTAAATTCATATCGAAATTTAAATCTTGATTGTTTATTTTCATGTTGAAATTGTTATTATAATCGCTATTTTTTACAAAAAGTGAATTTTCAAATGAAAGTGTAAAGACACCTGAACTAAGTTTAGCGAGATAATCTTGAATCTTTGGATCGCTTTGAGATAAGCTTGCATTGATATCGCTGATTACTTTTTCTCCAAGTTTAAATCCTTCTAGGGTAAAACTTGTTTTTAAATTTTTATTTTTACTCAATAGATTATCGTAATAATCTTTTAAAGAGATTAAGCCTTGCTCCTCTCCTGTGTAAATTTCATTAGAATAAATTTCTAAATTTTTTGCTTCGATGAGTTTTTGCTCTGTTTGGGTATTGTCTTTTGCAAAAACATTAAAATTAGGGCTTGAACATCTAAGAAACATTCCATCGCCTTTACAAGAAAAATTAGAAATTTCTATTCTTACACCCATATCTTGTTGAAAATCCTTAAGGGTTTCATTTATTTGAGTGTTAAGACGCTCCTCATATTTTGCAACTGTTGTTTTATCAAGCGAGTTGCTGCACGCTGAAAAGAAAAATATAGTACCTAGGGTTAGAGCAATACTTTTTTTCATAAAATCTTCTCCTTAATATAGTTTTATAAATTATAACAATCTTATACTTAAATTTTTATGCTTTGATATTGATATTACTTTTTTACACAAGAAGAAATAATTTTATCTTAAAAAATTGAAATATGCTTTTTTTTAAAGTATAATGCTTTTGCATTTTTTGCAAAATAAATTAGGGTTTATACCAAGAAAGGAAAAGTATGAAAAAAATGCTCTTAAGTATTTTTACAACCTTTGTTGCAGTATTTTTGGCTGCTTGTGGAGGAAATTCAGATTCTGGTGCTTCAAATTCTCTTGAAAGAATCAAGCAAGATGGAGTAGTAAGAATAGGAGTTTTTGGAGATAAACCGCCTTTTGGTTATGTAGATGAAAAAGGCGTAAATCAAGGTTATGATATAGTCTTGGCGAAACGTATAGCAAAAGAACTCTTAGGAGATGAAAATAAGGTGCAGTTTGTATTAGTTGAAGCTGCAAATAGGGTGGAATTTTTAAAATCAAATAAAGTTGATATTATTTTAGCTAATTTTACTCAAACACCTGAAAGAGCAGAGCAAGTGGATTTTTGCTTACCTTATATGAAGGTAGCTTTAGGTGTGGCTGTGCCTCAAGATAGCAATATCAGTAGCATAGAAGATTTAAAAGATAAAACTTTACTTTTAAACAAAGGAACTACTGCTGATGCGTATTTTACAAAAGAATATCCTGATATTAAAACATTAAAATACGATCAAAATACCGAAACTTTTGCCGCTTTAATAGATCAAAGAGGTGATGCTTTAAGTCATGACAATACTTTGCTTTTTGCGTGGGTAAAAGAACATCCTGAATTTAAAATGGCCATTAAAGAATTGGGCAATAAAGATGTAATTGCTCCTGCTGTTAAAAAAGGTGATAAAGAGCTTAAAGAATTTATTGATAATCTAATCACAAAATTAGGAGAAGAACAATTCTTCCATAAAGTTTATGATGAAACTTTAAAAAGTCATTTTGGAGATGATGTAAAAGCCGATGATGTAGTTATTGAAGGCGGTAAAATTTAACAAAAAAGGGCTTTTGCCCTTTAGTTGATTTAGGATAAAATATGCAAAAAAAATACAAAAATATAATTTATGCTTCTTTGGGCGGAATTTTAGAATTTTATGATTTTGTGCTCTTTGCCTTTTTTTTGGATATTTTTGCTAAGGTTTTCTTTCCTCAAAATGATACTTTTTGGATGCAAATAAATGCTTATATAGCCTTTGGTGCTGCTTATTTGGCGCGTCCTTTTGGATCTATTGTTATGGCGCATTTTGGCGATAGATACGGGCGTAAAAATATTTTTTACATATCTATGCTTTTTATGGTTTTGCCTAGTTTTGCTTTGGTGTTTTTGCCAAGCTATGAGAGTATAGGTATACTTGCTACATTGATTTTATTTTTAATTCGCATTTTACAAGGCTTAGCTGTAGGGACAGAAGTAAGTGGAGCTTGGGTATATGTAAGTGAATTTGTTAAAGGGCGTCAAGTTCCTTTAGCTTTAGGTTTTATTTCAGCAACTTTGACTATAGGTTTATTGCTAGGAAATCTTGCCACTTTAGGGATAAGATCTTATTTTAGCGCGCAAGAGGTTGAAGAGTATGCTTGGAGAATTCCTTTTATTGTAGGAGGATTTTTTGGATTTTTTGCCTTATTTTTAAGAACAAAACTTAGCGAAACTCCTGAATTTGAAAGAATAAAAAAAGAAAATAGACTTTTAAATTTTCCTTTAAAGGACGCACTTAAAACTTATAAAACAAGCATGTTAGTATGCTTTTTAATGACCGTTGTTTTAACCAGCGGTGTAGCAACTTTGATGATACTTCCAAAATATCTTGAAGAGTTATTGTCTATAAATAAAACCTCGGCTTTATGGATACAAAATTTCGCTATTTTGGCTGTTATTTTAGGGGCATTGATTCAAGGAATTTTGGCTAGCAAGTGGGGAAGTTATAGAATTTGTTCTATTTTTAGCATAACTTTTATGTTTTTTGGCATGCTTTTTAGTTTTTATGATGCAAATTTCTTATTTTATTTTTTACTTGCTTGTTTTGCTCAAGGAATTATTACTTTTGCTCCTGTTTTTATGACTCAAATTTTCAAAAGTGAACTTAAATTCAGTGGACTTAGCTTTGCTTATAATATTTCTTATGCACTTTTAGGCTTTTTAACCCCTTTTATAGTCAATGCTTTTTATAAAGAATATATGGGTGTCTATCTTATGGTGGTAGGATGCTGCTCCTTATTTAGCGTATTTTTACTTAAGCGTATTTTTGCAAGGAGCGAGGCAAAAGAACTAAGCGTTGTCTTTTAAAACTTCAAAAACAACTCTAGATATTTTTTCTACCGAAGTGATTTCGCAGTGCTCATCAGTTGAGTGGGGATTGTGGATATTTGGCCCTATAGAAGCACATAAAAGTTCTTGTTTTTTTTCTATGATGCCGCATTCTAATCCTGCATGGATAGCCGAAACTCTAGCTTTGGGCGATACTTTTTTAAGAGCTTTTAGCACTTTATCGCTCAGTGCATTAGCTTTGCCTTCCCAAGGGGGATAAAAATTAAAACTTCTTACTTTATAGCCAAAAGCTTTAAAAAATTCCATGGTTTCAAATTCTATCTGTTTTAAACCATCTAATATATTAGATCTTGCAAAAAGTGTAAATTTGATTTGTTGATTTTCCATTTTTAAAGTGGCTAGGTTGATGCTAGTTTGCACTATGCTCAAATGTTCATCATAAGCTCTAACTCCATGTGCGAAAGCATTGATGGTATTTAAAAGCTTTTCATTTTGATCGCAAATTTCAAATTCACCTTCTTCTTTAAATTCGCATTTTATCCACCCATTGCCTTTTACTTCATTTTCAAAATGCACCAAAGCTTTAGCATGCTTAGGGATAGAATTTATCCTTTCTCCACCTTCAAAAGAGATGATTTTTCCTTTATTTTCTTTGATAAATTGAGCCATTTCCTTGATAGAACTTTTTTCATTGCGCACGATATTGATCCCTGAATGTCCCCCTTTAAAATTTTGTGCTTGAAGTTCATAAATTTTACCTCTTGCTTTAAGAGTGCTAAAGCTTAGCTCAGCTTCTATATCTACTCCACCTGCACAACCTATCATGATCTCATCATCGCTTTCATGGTCTAAATTTAAAAGCATTTTGGAACTTAAAGTGTGCTCGAGTGAATTTACTCCCATGAGTCCGACTTCCTCATCATTTGTAAAAAGGCATTCTAGATTTTCAAATTCAGCCATAGCGCTCATCATAATGGCTATTCCTATGCCATTATCCGCTCCAAGACTTGAATTTTTAGCTCTTAAAAAGCCATTTTCTTCATATACT
NZ_CP066027.1_gap24	804880	805703	823	TACACGAGAGATATCCTCAGCGGATGCATATTCTTCAAGTTGTGCATATTCTTCAAAAATATCTTTTTTTGCCATTTTTGCGCCTTTGGTGTTCTATATTATCTACTTCAAAACATTTCTTGATGCTATATCGGCTTAGTAATTAAAAAATTTATACCTTTATGCGAACATAGACTCTTTTAGGTGCCTCATAGCCCTCAATAGTGAGGTTTTTATCGTTTGGATCTAAAAAATTTTCCAAAGAAAAAGAATCAATCCATTCTGTTTTTCTTTGTTCATTTTCATCTGTTGTTTTTGTAGCTAGGACTTCAAAATCTTTAAATCCTGCTCTTTCACACCAATTTTTTAAAGCGCTAATGCTAGGAACAAAATAAATATTAGGGATTTTAGAATAGGTTTTATTAGGAACTAGGGCAATTTCTCTTGGATCTTCTATATACATGGTATCTAAAAATACAGTTCCATTTTTATTTAATCCCGCCTTTAAATCTTTTAGCATTTTTATGGGATCGCTTCTGTGATAAATCACTCCAAGACAGAAAATCACATCAAATTTCAACCCATATTTTGGCAAATCTTCTACGCCTAAAAGCTCATATTTTATAGGAGTTTTAGCAAGAGTATTTATGAGTTCAAATTGTAAGCGATATTTGATTGAAGGATCAAAGCCTATAAGTTTTTTTGGATTAAATTCAAGCATTTTAAACATATAATAGCCATTATTGCAACCAATATCAGCAACACATTTTTGAGAAATTTCACTCATAAAGGGTTTTAAGATATTGAATTTAATAAAGCTTTGCCATTCCGTATCGATAAAAAG
NZ_CP066027.1_gap25	896030	900731	4701	TCTAAACATTTTTTTCTTTCTTTAAAAATTTATTTTATTTTACTTTATTTTTGTTTAAAATTATTTAAATAATATAAATTATATCTTATTTTAACACACTCAATTAATGTAAAAAATGTCTCACTCCTGTAAAATAAAGCGCTATACCATACTCATTTGCTGCTTGTATCACTTCATCATCTCTTATGCTTCCACCTGGTTCTACTATGGCTTTAACCCCTACTTTACTTGCTTCGTCTATGCTATCTCTGAAAGGAAAAAAGGCTTCACTAGCTAAAACGCAACCTTGCAAATCAAGCCCCATTTCTTGTGCTTTGACAATAGCTGCTTTAGCCGCATCAATCCTACTTGTCATACCCATTCCTATGGCTACCATAGCGCCATTTTTTACATAAACAACATTGTTTGATTTTGTAAGAGCTGCAACTTTCATAGCAATCTCAAGATCTTGAATTTCTACTTGACTTGCTTCTCTTTGGCTTACAAGCTTGGCATTTTTAAGCTCGTCTTCACCCACTTCATCGCTATTTTGATATACAAAGCCCCCATCAATATGTTTAAAATCATAGCTATCAAAACTTCTAATCAAATAAGGACTTTCTTGAGTAAAGATTTTAATACGCTTTTTACCCTCAAATACAGCCAAAGCTTTTTCATCTACATTTGCTGCGATAATCACTTCTACATAAATTTCATTGATCTTATTTGCTAAAGCCTCATCAAGGGTTCCATTTACAGCAACCACTCCTCCATAAGCACTTATACTATCGCATTTTAAAGCATGTATATAGCTTTGTACTAAATTTTCTTTTATCGCAAAACCGCAAGGATTGCCATGTTTTACGATAGCAATAGCAGGAGCCTTATCAAAACTACTTGCTAAATTTAAAGCTGCGTTAATATCAGTAAGATTGTTAAAACTTGCCTCGCCTTTTAGAGCCTTAAAATTGGTACTAAAAAAGGCATCAAATTCATACAAAGCTCCTTTTTGATGTGGATTTTCGCCATATTTTGTATCAAAAACTTTTTGACCTACTATGAATTTACTCGCTCCAAACCCCCTATTAAATCTTTCATTCATATAATTTGCAATATAAGCATCATAATTTGCCGTATGCTCATAAGCTTTTATCATCAAATTTAGGCGAAATTTCTCATCATTTTCACCCTTTTTTAAAGCTTCAATCGTCTTTTCATAATCAAGCGGATCGCAAAGCACCATCACATCTTTATAGTTCTTTGCTGCACTTCTTATCATCGCAGGCCCACCTATATCGATATTTTCGATAATTTCATCAAAATCATCGCTCATTATAGTGGTTTTTTTAAAAGGATATAAATTTACACAAACTAAATCAATGCCTAAAATTCCATTTTCTTTTGCTTGCTTGATATGACTTTCATCGCTTCTTTTATGTAAAATTCCGCCGTGAATTTTTGGATGCAAAGTTTTTACGCGCCCTTCAAAAAGCTCAGGACTTTTTGTAAATTCACTCACTTCTACAACCTTTACTCCATTTTCTTTTAAAAACTTAAAAGTCCCACCTGTTGAAAGAATCTCAAAGCCTAAATTTTCAAGCTCTTTGCCAAATTCTACTATACCTTCTTTATCGCTCACACTTAATAACGCTCTCATATTCACTCCTTTTTTTAAATTTCGTTTGAAATATTTTTATAAATTTAATTTATACTAGATAAAGTCCACTCATTCTTAGATAAGATTCTTAAAGGAAAATATTTTTCTTTTAAAATCATTTTTCTGAATGCTTTTTAATTTTTTCATAAGCTTCGTTGATTTTTTGAAATTTTTCTACACCTTTTTTAAGCTCTTCTTCGCTGACATTGTTTGCATTTAAAATATCAGGGTGATATTTTTTAGCTAAAGCTCTATATTGTTTTTTTACCGCGTTTAAATCCGCATTATTTGAAAGCTCTAAAATACGATAAGCCTCATCAAGGCTTAGTTCTTTTTTAGTACTTTTTAAATTTGAAATACTCGCAATAAAATTATCAAGCTCACTTTTTGCAATATCAAAAGCTTTTGCAATCTGCTCTAAAATTTCACGCTTTTTTGCACTAAAATCTGCATCAACCAAGGCCATAAACACAAGTACGCGAAGCACATTAAAGCGTTCATTTTTCGGTAAAGGAACTTCTTTTAAAAAATCCTTTGCCACATAAAAAGCATCGTGGATATTTTCTTTATGCTCATTAAAGCTTGCTTTTAAAAAAGCCCTTTCTCTTTCGTCTTTGGCGTTTGCATCTAAAATTTGACTGATCATTTCTGCTTCATTTTCGCTTACCCTACCATCACTTTTTGCTATCTTTGCTAAAAGTGCGATGACATAGTAATTCATACGCCTTTTAAATTCGTCTATCCTCTCTTCCATAACTCCGCGAGCAAAGCCTTTAGCAAAACCTTTGGCTCCTCGCGTGGCTGAATTTAAAAAATCTTGCTTTCCCCAAGTTTTATAATACCAATAAAACACTAAGATAGTTAAAATAATTAAAACAAATATCATTGAATTTGCTCTTTAAAGCTATCAAAATAAAGTTTATTAAGTTCGTCTTTGCTTAAATTTATACTATCAAGTTTAAAACTTTGCTCTTTAGTGCTAAAACCTAGTTTTGTAGCTTTTACACCCAATTCATGTGCTAGTTTTAAAAATGCTTCTTCATTTTCTTTATCAAGGCCTACGATAGCACGGCTAGCACTTTCATCAAAAATCATTTTTTCATCACTAAAGCCACTATTTAAATTTGCACCCATACTAGAAATAGCAAACATTTTTGCTAAAGTCATAGCAATACCACCTACGCCCACGCTATTAGCACATTCAAACAAGGAGTTTTGATTTGCTGTATAAAGCAAATTCCAAAGTGCAAGTTCAGCCTTATAATCAAGCTCTTTAAGACTACCTGCTACCTTTTTATCCTGTATTTTCATAGCCATTGAAGCCGCAAATTCTCCAAAACTTTCACCTAAAAGATAAACGATAGTATTTTCTTTTTCAAAATTTGCTTTTAGGGTTTTATTTGCATCTTCTAAAACGCCCACGTTAACTATAGTTGGACTTGGGAATATGCTAACACCTTCAGTTTCATTATAAAGTGAAACATTACCACTTACTACGGGAGTGTTTAATTCTTTACAAGCTTGTTTAATCCCTTCACAACCCTGCGCAAACTGCCACATTACTTCAGGATTTTGAGGATTACCATAATTTAAACAATCGCTAATCGCTAAAGGCTTTGCGCCCGTACAAGCTACCTTTCTACCTGCTGCTGCGACTGCTAAAGCGGCTCCAGTTTTAGGATTTACATAATTTAAACGCGAATTACACTCTATAGCCATTGCTACACTTGCACCATTTTCTTTGATGCGTATCACACTCGCACCTAAAGCTCCATCTGCTTTTATAGTATTTGTTTGCACACTAGAATCAAACTGATCATAAATAAAGGCTTTGTTGTTAATGTTTTCATTTTTTAGAATTTTTTCAAAAAGCTCTTGTTGAGACATTTTAAGCGTGAAGTTATAATCTTTAATTTCATTTAAATACTTTGGTTCACTCACAGGACGATCCAAAATCGGCGCTTTTTCACTCAAAGGATCAATAGGTATAAGCCCTACAAGCTCATCATGCCAAAAAAGCTCCATTTTTCCAGTATCAGTTACTTCGCCCATAACCACAGCATCCAAATTCCATTTTTTAAAGATTTCTATAACCTTATCTTCATAGCCTTTTTTAGCACAAATTAACATTCTTTCTTGAGACTCACTCAGCATTAATTCATAAGGCGTCATACCGCTTTCTCGCATAGGAGTTTGATCAAGATAAAGCTTCATACCGCTACCACTTCTTCCTGCCATTTCAAAAGAGCTTGAAGTAAGTCCTGCTGCACCCATATCTTGAATACCTACAATATAATCTGTTTTAAAAAGCTCCAAGCAAGCTTCCATTAAAAGTTTTTCACTGAAAGGATCGCCAATTTGAACAGTAGGTCTTAAACTTTTACTTTCTTCATTGAAGCTATCACTTGCCATTACAGCTCCACCTAACCCATCTCGGCCCGTTTTAGAGCCTACATAAATCACAGGATTTCCTATGCCTTCGGCCTTAGCATAGAAGATATCTTCACTTTTACAAATACCCAAAGCAAAAGCATTGACTAAAATATTTCCATTAAAACACTCATCAAAAGCACATTCTCCACCTATAGTTGGCACTCCCATGCAATTTCCATAATGAGAAATTCCACTTACAACCCCTTTAACAAGGTATTTTTGATGTTTGCCACATTTCCCATCATGGATATCGCCAAATTTTAAAGAATTCAGCCCTGCAACCACTCTTGCACCCATGGTGAAAACATCACGCAAAATTCCCCCTACTCCTGTAGCCGCACCCGCAAAAGGCTCTATAAAACTAGGATGATTGTGACTTTCTACTTTAAAAACGGCTGCCATGCCTTGACCTATATCGATAACCCCTGCATTTTCACCTGGCCCTTGAATCACCCAAGGAGCTTTGGTTGGAAAACCATTGAGATATTTTTTACTGGATTTATAAGAACAATGCTCGCTCCACATCGCAGAAATGACACCTAGTTCAAGTAAATTTGGCTCACGCCCTAAAATTTCTAATATTTGTTCATATTCCTCATCGCTGATTTTATGTGCTTTTATTGTTTCTTTGT
NZ_CP066027.1_gap26	903362	906944	3582	CGCCTTTATAGCGCTCTCTTAATTCTTTCATTTTAGGTGCTAAGTCTTTAAGTTTATTCATGGAAATCATAGATTTATAGGTTAATGGGAATAAAATTATACGAATAATTAAAACCATTATAACAATAGCCCAACCCCAATTTCCTATATGATTATGTAAAAAATTTAAAAATTCAAACATAGGCTTAGCTATAAAAGTAAACCAACCATACTCTACAACAGCTTCAAGACGCGGATCTATAGATCTTAAAATCACATGTTCTTTAGGGCCCATATAACCACCGGCTTTAAATTCATTATCACTCATCGCAAATACCAAAGGATTATTTTGAGCATCTTTACTGATAGTTACATTTAAAGGTTTTTCAAAATTATAAAAGAAGGCAGCATAATATCTATCAAAAGCCGAAGTCATCCAAGCATTTTTAATATTCTCATCCTTGTCCATATCGCCATCTTCATAAGTATGGATGGTTTCTTGATCATCCATAACCAAAGCTCCATGAACTGTATAGCTATCTACTGCTATGCTTGGACGATAACCTGGACTTATGAAATAATTTATATTTTTACTTAATTTAACTTCAATATCGTAATTACCCTTAGAATAAAAAGTGATTTTCTTTTCAACAATTAAATCTGAAAGCTGTTGGGTAAGTTTTAGTGTCTTACTGCCATTTTCATCGATAAAAACTTCACTCATATCCGCAGCATAAGGCACGCTAAAGGCTTGCGTATTGATAGCAGGATCGCTAAAACGCATCTCTAAAGGATAAGGCAAATTTCCTTTGCTTATAAGATTGATAGCTTCGCCTTTTTCATTTTGGTATTTTTTATCTTGAAGATAAAAATTTACAATTCTGCCTAAAGAGTCAATCTGCGCTTCAAAATGCTCGCTTTTAATATCGGCAATGATTTTATCTTGAGGTATTGTATTGCTAGTTGCAGCTACATTTAAATTCGCTTGTGGATTTTGTTGTGGAGCATTGATATTGGTTGCGTTTTGAGAATCAGCTTGTGTAGTAGTAATGTTTTGCTCTAATTTTATTTGTTGCTTAGGTATAAAAAAATAATCATACACAACAAAAAATAAAAAAGAAATAACTACAGCTAAAAGAATGCGTTTTTGCTGAAAAATATTATTCGAATTATTCACTTATTTGTCCTTTGAAAGATAATTTTAACAAGATAAAAACTTTTATCCTGATGGTGGGGTATATATAAAAAATAAAGCTGTTTTTGCGCCAAAAAAATAGGCTTAAAACATAGATTACAAGAAGTAATATTTTTAGTAATTTTTGGATAGTCAAATCCCCCTTTAAAAAAAGGATTACATTTTAAAATTCTAAAAAAACTTGAAAAAAATGCAAGAATACAATTTCTTTTTTGAAATTGCCAAAAGGCGTATTCTGAACATGTGGGATAATATCTACAAACAGGGGGTTTTAAAGGGCTTAAAAATTTTTGATAAAAGTGAAGAGTTTTTAAACATACTATTTTAAACATTCTAGTTTTTTTAATCCCCATTTTAGATTTTTTTCTAATCTAGAAAAAGGAAATTGAGTGATTTCACTTTTGGCAACAAAAATATATTTTCCATTTTGAAGTTTGTTTTCAAATTGAGTAAATAAAGCTCTTAAAATACGTTTTGAGCGATTTCTAATCACTGCTTTTCCAACTTTTTTACTAGCAACAACTGCCATTTTTTGCTCATCATTTTTAAGATAAAAGATGATAATGCCATCGCAATACCACTTTTTACCTGTTTTATATACGGCTGAAAATTCTTCGTTTTCGCTGAATTTACCAAAAGTTTTCACACAGCGAGTCTTTTTCTACCTTTAGCGCGTCTTGCGTTGATCACCTTGCGACCATTTTTAGTCTTCATACGAACGCGAAAACCATGAGTGCGTTTTCTTGGAGTACCATGTGGCTGATAAGTTCTTTTCATTTCAATTTTCCTTAAAAAAATATAAAATAAGCTTGTATTTTATCTTAATCTTACTTATAAATTGCTTTTAATTAAGAGTATTTTTTATTTTATTTTGATAAATTTGCAAAATCAAATCAACAAAGGAATATTTAAAAAATGCCAAAATTTGAAATTACAACACTCAAGCGTGAAGAATTGGATATTTTGCTTGAAATGATTAAAGAATTTGCGCAATACGAAGAGATGGAAGATTCTTTACAATGTTCAAAAGAAAAACTTGAAACTTCTTTATTTGATAATCAATTTGCCCGAGCATTTTTACTTAAAGAAGATGAAAATATCATAGGATATATGATTTATTTTTATACTTTTTCATCCTTTTTGGGAAATGGTGGAATTTATTTAGAAGATATTTACATAAGAAAAAATTTTCGCAAGAAAGGTTATGGGCGAGCAGTTTTTAAATTTTTGGGACAAATATGCAAAAAAGAGAATTTAAAAAGACTTGATTGGGTGTGTTTAAATGAAAATATTTTAGGTATAAATTTTTATGAGGGTTTGAAAGCGCAGCATTTAAAACAATGGCGTAACTATCGTTTAAGTGGAGAAAATTTAGAAAAACTTTGTGAGCTATGATAAGAACTTTACATTATCTAAAGGCCATGGGTTATGATTTTACGGATGAAAATTTAAAACTCCATTCAAAAATAGAAAATTTTAAAGATTTAAGAAAAAACATTCAAGAATGTACTCTGTGTCATTTTTCCAAATCACGCTGCTTTACGCTTATGGAAAATGAGATAAAAAATGCCTCTCTTATGATCGTTGATACACTAGCGCATAAAAATGAAAATGAAAAAGGAGTTTTGTTAAATTCAAAAAAAGGAGAAAGATTAAAATTTTATCTCAAAGAAATTTTAGGACTTTGCGAGAAAGAATTTTATTTTTCTTATCTTTTTAAATGTTTTTCTAATGGAAAATTTGATGATTTTTCGCTACAATCTTGCTTGCCATTTTTTTGGAATGAGTTAGAACTTGTCCAGCCTAAAATGATTCTTTGTTTAGGTGAGTATCCTTTTAAAAGCTTGGGTTTTTCAGACTTTAACGCTCTTAGAGGAGAAATCTTTGCTTATAAAAATTTCTTTATAATGGCAAGTTTTGAGCTTGAATTTATAGAAAAAAATCCAAGCTGTGAAAAAATTTTTATACAAGATCTAAAAAAAATTAAAGGATTTTTATGAAGAAAATATTTTTAATCTTATGTTTATGCTTTGGCTTTGTTTTTGCCAAGGAGCAAAAATTAGTCGATGTTAAACCTGCTGAAAATTTTTATCCAAAAATAAGCACACAAGAATGTGACTCAAACTGCCTACTAGAACTTTTAGAAGCAAGGCTTTATCTTAGTTTTTTGAGCGAATTTGTTGATCAACATGATCAATTTTTATCAAATATTTATGCCAAACTTTTAAATTCTATTACGGATTTTGACAAAAATTTACAAAAAATCACTTCTGTAAAGCTTGCCATCATCATACCTGAAAAAACTATAAAAAGTTATTCTAATACCATAATCAACTCAAGCATTGCCTATCTTTTAAGCCAAAGGGCCGAAATTAAAGTTAAAGTTTTTTTAACCGGCACAGAAGACA
NZ_CP066027.1_gap27	908080	910217	2137	TATGCGTATTTTCATTTTAGAATCCTTTTGTCAAAAATTCAATCAAAAACTAATGTATCAAAAAATATGTTAAATTTTTCTAATTTTAAACATATCTAAATGAAATTTTATCCATATTTAAAAAGTAATCAAGCTTTACATTATTATAAAAATTAAAATTAAAATGCAGTTTTACTTTTTAAGATATCTTGAAGCTGCCATACAAAACAATATTAAAGAAGATAAGATTCTTTTTGAGAATCTTACCCTAAAAGCATTGGAAAAGTATATTAAAGATTTTGAGTGATTTTTTAATCTTTAATGCCATTTTCTTCACCAAATTTTAGTATCTTAGCTCTAAGCTCCTTTGGGAAATTATATCTATAAATAGCAGGGATTCTTGGATCAAGGAGTTTATCTAAATATCCTCTTTTATAAATCCATTCCAATCTTTCAGGGGTAAAATAATAAGGGGCATTAGGATAGCCTTGAGGAGGAGTGAGGGCTGCTAGTTTAGCGCTTAATACTAGGGTATCTCTATCTAAAGCAGCTTGTTGTTCACTCCACTCATTTGGAGTATCTACATCAAATCTTGTTACCATTCCATTTTCGTATCCATCCATAGCATCATCAAATTTATTTCTACTTTCAGGAGTAGAATCTATATCTCTTGGATCTTTTAATTTACCTTTTTCAATATCATCATATAAAGCCCAAATGATCCTGCCTTCTTCATCATAGGCAAAATCATATTTATTTAAATCAATCGTCCAATCTGCTCCTATAATCTCATCTAAAAAAGGAAGCATACCAAATTCATCTAATAAACTCTCATAATGATGATCGTGTAAATCATAAATCATTTTTGCCCTAAGCTTATTCCAATGTTGCCCTGTAAGAAAAGAATTAGAACACAATACTGCTAAACCTAAACTTTTAAAAGCATTTTTATCTCCAAGTTGAGCTTGTAAAAACAATGCTTGTTGTTGTCTTGCTTTAAATCCTACAGCAGCTGTAGGACTAGCTTTAATATTTCCCAAAAGTAAAGCAGACAATTCCCATTCATTAAAGAAAGAATAAGATTTTAATGTTCCACGATGAGAACTTACTTCATCATAAATATAGGCATAATCTTCATTAACCAATCTTCCTTTTTCATCTACATTAGCATAAGCATCATAGGGTATATCTATAACCACAGATCTTAATCCACTTCTTATTGCTAAATATTTATATCTTTCTCTTTTAGTTTTTAAAGATTTATAATAAGCTTTTTCTGCTTTAGTCCAAGGAGCTATAGCTCCTTTGATAGGATCTTTTAAATATATACTTTGCCAATCTTTAAATTCAACTAGAGTGGATTTTTGTCCTGTATAAAAGTTAGGATCTAGATACTTGGGTTGATAGTCTTTGTAGGGGGAGTTTTTCATAATATGATAAGATTTAAAAACCGCTTTGGAATATTCTTGGGTATAGTTGCCTGTGGGCTTAACATTTTCTTTAAATAGTATTTTATTGGTATCTTTTTCCACATCTAATGTTAATCCATTAGGTGTATAAATTTCATAAGTTTCGCTCATTATTTATCCTTCGTAAAATCCAATGTAAAATCCAAATAAACTCATCTATTAATTTTTCCTATCCATCTTATAATATTACCCTTATCATCAATCTCTACTTCTAAATCTTTGTATTTGTTGTAAAATTTAGGAGCTAAGATTTCATTAAAATATTTTGTGCCTTTGGGGGTTGTTGCTACCCAGATATTGTATTGTGACCAATATTGTGGCGTATCCCAAGAAACATCATTTAAAATAAGACTATATCCACCCTCGTCTAATGTTTCAGGATCGTCCAAATCTCTAATAAATTTGTCTTGATAAAAGAAATTATCTCTAAAATATATCCAAGCTTGGTATTTATCTTCTTTATAATAAGATAAGTTTGAGGGATAGTCTATTTTATTTCTATCTTCTTCATCGCAATAAGAACCAAAGTCTATATATCCTGCTAAGAATAGTTGTCCTAAGATGTTTATATATTCACTTATATAGGTAGGTTTGGGTGTATTTAAAGAGAAAGGGTTGCTAAGATTGTCAATGTTACAAGTACCCAATAAAATTAAATCATTACATTCCCATCTTGATGCGCCCATGCT
NZ_CP066027.1_gap28	913584	916561	2977	TTTCATCACTTTTTATAAATTTACCATTGGTAAAATAATGAAAAGATCCTCCGCCTGCACTTTTACGACTTATGCTTGAAAAGCTAAATCCTCTTCCTTTATCTCCAAATAAACCATAGTTTTTTACTTTATAATCTATCATGGTAGAAAAAACAACAGGATATTTTTTACCCTCACACACATAATAAGTTGTCATACCTAAATAAGGTCTTAATTTTTTATAGTTTTCTTCACCCATATATGCTTTAAATTGATCTTCATAGTATGCAAATTCGGGTTTATCTTTGAAGTTGAAGTTTGATTCTCCTATTTTATAATTATAATCATTACGATAATATTTACAACCATTAGAAAGGATTTGGGGGAATTTTTTCTTCAAATAAGAAAAATTCACAAAATGAGTTTCATTTCCTACTTTAATTTCACTACCCAAATACTTACTACGAAATTCTTCTTTTTTCTAATTCCAATATCTCTTCTCTTATTTTTTTATCAAAGATATAAATTCCACCATAATTACTTGCAAGAGTTTTTATTTCACTTGCTTTTTTTCTTTAAAAGCACATGCACTTAAAAATACTAAAGAAAATAAGCTTAGAATTATCATTGTGATTTTCATTTAATGCTCCTTTGTTTAAAATAAGCATATTATAAAATAATTTTTATATGAATTGATTTTAAACACTAAGCATTTTTTCATAGTTTATAAACTACATGCTTGCTTGTTAATTATGTATGATTTGAAAAATCTAGATTTAGATAAAAAATATTTTACCCATTTTATCTAGAAATTTCTTTTATAGTGCATTTGTTTTTATATTGATAAACAAAAACAAACCAAATAAAAACATAACAATAAGTCCAAAATATTCTAAAAAGATTCTTATTTTTGTATGTGAAATGCTTTTATAAAATTGATTTGCTCCTAATGCAAAAGCAAACAATACTAAACACATTCCCAAAGTGATAAAAATAGCAGAGCTTAACGCATACCAAAAACTAAACTCATAGGCAAATACTATAAGTAAAACAACCCCAGGACAAGGCACTAAAGCAGCACTAAGTATAATACCCCATTCATTGCTTTTATGATGAGCACAGCAGCATTGCTTTTTATCGCTTAATATCTTTTTACTAATCATAAATAAAGCAATAAAAATAATAAACAAACTCGTAATCTTAGTCAATACAAAGCCAGCTTCATTATTGACATCTTTTAATAAATGCTCAAGTAAAACCACTCCAACACTTACCAATAAAAACGCACTCAATATGTGAATAACTCCTATCCTAGATACAAAGTACAATATCTTTAAGGGTGTACTTTTATGGGTTAAAAAATACGAACTTGTCAGCATTTTAGCATGACCTGGAGCACTAGCATGAAAAACACCATACGCAAAAGAAATCACTAATAAAATCAAAAAGGATTTAAAATCAAATTCTTTTCTTAATATATCTTTAATATGGGCAAAAAGTGTATTATTAAATTCAATCAATTTTTCTAAAAAATTTTTTGAAGGAGAAGGACTTGGAGTATTATCTATATATACATCTTGAGGTAATTGCCCTTGATATACTTCAAAAGATGCAGTGCTTGAATCAATACTAGAAATGATATAATTTTGCGAATTTAGGCTTATAGAATTTTGATTTTTTATATTAAAATTAAAAAATCCTCCATCATCGTGAATTTTTATACTAAAGGTGTTATAATCTTTAATGGGCATATCTAAAACAACTTGATAACTAAAGAACAAACGAGGAGACTTTATCTGCAATTTAGGATTTTTAAATTGCTTGATATTTATATTTTCTTCCAAGCCATTAAAGCTAAATTGAGTTAAAAAATGCTTAGGTTTTATGTAGTCTAAAAGTGTGTATTTTACAATTTCAAGTTCATCAGGATCAAATTTATCATTATAATTAAAGTCATAATTTTCAAGCAAAACATTAAAAAATTCTTCTGAAAATTCCCAGCTTATATCTACTTGTTTGATTTTTTCATTGCTCATATTAAAATCTAAATTTACATCTACATTTGGGGTGTAAGTTGCGCACAAGGCGCAAGAATATAAGTTGCTTAAAGCTAGAAATATTAAAACAAAAATCGCTCTCATTGCAAGGCCGAACTTAAAGCTTGGATACTTTTTAGAAGCTCCTCATCCCAATTTCTAGCCAAATGATTAATAGAAACAATTTGAGCATTTAATTCTTTAGCTAACACTTTTGCAGAATTTTCTGGAAAGCCAGGCTGAACAAAGATAACGCGTATATCTTTTTCTTTTGCAAGCTTGATAAGATTTTGCAAATCTTTACTTTTAGGCTCTTTACCATCAATTTCTACAGGAATTTGCACAAGATTGTATCTTTTAGCCAAATAAGCCCAACTTGGATGATAAACTATAAATTCATTTCTTTTAATATTTTTAAGTTTCTCTGCGATTTGAGCATCCATTTGATCAAGCTCTTTTAAAAAGTTAGCCAAATTTGCTTCATAAAATTCTTTATTGTTTGGAAAACTTTGCACTAAAGCTTGGGTAATATTTTGTGCCAATTTTTTAACCAAAATAGGATCAAGCCAAACATGAGGGTCATTATGCTCATCATGCTCTTCTGCGTGATGTCTATCGTGATCATGATCGTGTTCATGCTCATGATCATGCCCTCCTTCAAGAAGATGAATACCTTCATTAATATTAACAATTTTTACATTTTTTAATACACTTTTAAATTTTTTTTCCAAAATTTTTTCAAGCTCTAAATCTGCTAAGAAATAAATTTCACTTTGCTCTAATTTTTTCAATGCTTGAGGCTTAAACTCCATAGTATGCTCATCTGAATTTGGTGGTATGAGTATATTTATTTCAACGCTGTCTTTAGCTATTTTTTTCACAAAAAAAGCTTGAGGTGGAATGCTGACACTAATTATGGGCTTTCCAAAAGCAAAAACACATAATACACTTAATAATAAAAT
NZ_CP066027.1_gap29	1019046	1022486	3440	ATGACTTTGTCCTAGAGGAATAACAGACTTAGTATCTAAGATAATATCTTCTGCGACTATATCTCTATTTTCTCCCAAAAACGGCTGTGTAGATTGCCCTACGACTTCGCGGCCATCATTGCTCACTCTATTATATTGCAAACCAGAAGTGATAGAAAAATTTTCATAAACACCCTCATGACTTAAATAAGTCACAAATTTATCAACTTCCATAATATCTGCATAACCACCCGTTAAGCTACCTGGTGTTCTACCTGGACTTGTAATAGTTCCTAATTGACCTTGTTTATTATCGTAATGATTTCTTGAAAAATCTATATCAAATATAAAAGTATTATAATCATTAGCTAAATAACTAATTCTTGTTCCTATGTTGAAATTATTTGCCTTTGTAGGACTTTGAGCTTGATCCCCTTGAACTCTTTGTCCACTTCCATTTGTAAATTCAACATTAGATTGCTGTCTGTAAAATTCTCTAAATCGAAGTGTTAGACCCAATTTGTCATTCATCAAAGGACCACTAGAATAAATACTCGTTCCATAAGTATTACCCCAATCTTTATTTTCATTTAAAAGAGCATCCAAACTTACAGAAGTTTCCCATTTATCACTTACTTTTTTGGTAATGATATTTACCACCCCGCCTAAAGCTTCGGAGCCATATAAAGTACTCATAGGACCTTTTATAACTTCTATTCTTTCTATGCTAGAAATTGGAGGCAATAAAGAATTTGAAATTTCATTAAAGCCATTAGGACCAACTTCCCCACCAATACCCTGACGACGCCCATCAATCAAAACCAAAGTATATCCAGTAATACCCCTCATAGTGATATTATAAGAACCTGTTTTTCCCTTGCTAGCATATAAATCAACGCCTGGAATATCTGCGATAGCCTCTGCAACATCTCTATAAGGCTTACTTTGTAATTCTTTTTTACTAATAACATTGATAGTAGCAGGAGCTTCTTTAATATCTTGAGCAAATCCAGAAGCACTAATGATCGAACTGTCTAGCTCTACATTTTGCGATATAGCATTAGAAGCCAAAAGGCCAATGGCACAAACCGATAGACATAATTTCTTCATTTTTCTCCTTTTGTTAAATATTAATTAGAAATCAGAATATTATGATAATAATTATTAATTTAAGATAAATTTTGTATCAATTGTGATAATTAGTATTAATTAAAAATTTATTTTTTCTTGCTATAATTCTTAAAAATATAAGTTTTTTTAGAGAAGTAAATAGCAAAAATTAAATATCTTTTAGATACAAGCTTGATTATTTGATTGTTATTTTTCTCTGTGAAATTTGTTTCAAAATTTATCTTTTTAAACAATTTACCATAGAATGTGTTTAAGAAATAAAGATATTTAAATCAAAAAATAAAATCATAACGGAGTAAAAGATGAAAACATTTATAAGCAATCATAAAAACCAATCTTCTTTTATCACTTTATTTGTTTTTACACCTTTATTTTTTGTTTTTCTTTATTCTAAAGATTTTTTACACATACAACCCAATGAAACTATTAAAGAAAATAAATTTAATATGGCAATCAAACATTTTGTACAAAATTCCTCCGATATGAAACCGACACAACCCACACAAACTATACAAGAGCCTTCGAATGTGCAACCCAAAGAACCTGTGCAAGAAATAAAAAAAATAAAACCGAGAAAAGAAAAACCTATCGCTAAACCTAAAAAAATAATCCCTCCAGCAAATGCAAAGGCAATAAGTCAACCCAAAAAAGATACAAACATGCAGCAACCAATCATGCAGCAACAAACTCCACAAGCCAGCTCTTACCAAAGCGTATCTTTAACTAGCAATAGTGAATTTTTAAAAGAAATAAAATCAGCAATCGATGAAGCCCTAATCTACCCTAGACAAGCTAGAAAAATGCGTATGAGTGGGGAGGTTCTTGTAGAATTTACCTGGACAAAAGAAAAGAAATTAGAAAATTTAAAAATACTTAAACCTTCAAAATATGATTTTCTAAATAAAAGTGCTTTAGAAACTATACGCATAGCTTCTAAAAAATTTCCACAATATGAAAAAACTTTTCATATAAAAATACCATTGGTATATAAATTAAGCTAAATCTTTCACAATATACTCTATTTTTAATGCAAATCACTCCAGCTTTGCTAACGCTTAGAAGTAGAAGCTTCCTAGCTAAAGCTAACTAGTATTAGCTAATTCGAAAGGCTTTGAGTTTATAGTCCTCAAGGCTAATTCCTAACCCAAACGACTTTAATCCACGCTTTAAGATATTATTTGCAGCATTAATATCTCTATGTAAAGTGTTGCCACATTTTTCACAAAGATACACTCTATCTTTAAACATAAGATTTTTTTTGATATTTCCACATACACTACAAGTTTTGCTTGTATATTGTGGATTGACTTTTATAAAGAATTTACCATTATGCTTTGCTTTATACTCTAGATATTGAGAGAATTGATAGAATGAAATATTAAGAATAGATTTATTTAAACCACTTTTAGCTTTTATATTCTTTAATTTAGCTCTTTTAGACATATTCTTAATTTGCAAATCTTCGACTGCTAGCAAGTCAAATTCTTGTATGAGTTTTGAAGTTATCTTGTGATAACTATCCTTTTTGATATTTGAACTTTTTTCATAGATTTTATTTAATTTTAATTGTGTTTTTTTGAAATTATGGCTTAACTTTGTTTTCTCCTTTTTTGTTTTTAATATTCTCCTACTTTGTTTTCTTTGCAATCTTTTAAATGCTAAATCATATTCAGCTCTACTAAGTAGCTTTGAGTTAGTAGCTATTAACTCTCCACTGCTTAAGGTAATCTCATTGATATTTAAATCAATGTCAACTGCTTTTTTAATATCAAAATCTTTGCTAGATATTAAAGAAATATTTGATTCATCATAAATGATACTAAAAGCTAAATAGTATTTATTGTGATTTTTGATAATAGTGATTTGATTAAACTTATAAGTATTTGGTAAATCTCTGTGATAACGCATTTTAAAAAATGTATTCATAAGTCTAAATATCTTAAACTTAGTAGTATCACTATCTTTGATTTTGTAGGCTTGATTATTCCAATTAAAGCTTTGCTTTGCAAATTTAGAGTTTTTAAATTTGGGAAAGCCTTTGTTTTTATCTCTAATTGCTTGCTCTAAGGCACGAGAAGATTAATCCTTGCTTGTTGGGTTACAACACTTTTATAGCTTAATTCTCTTGCTTTTATAAGGCTAGTTTTATTGATTATCTATCTTACTTGCCTTTAAATAACTCCTATCTTTTTTATCTAAATTCTTATTTTTATCCCACTGCTCTTGCTGTAAATTTAAACAAATATTATAGGCTTGATATAGATGAAACATTGATGATTAATAAGCTTTTGTTGTTCTTTGTTTAGGTAGAATTCTATATTTAAAACCTT
NZ_CP066027.1_gap30	1052464	1057037	4573	CGAAGTTTTAGATAGTTGGCAAGCTTAACCGTACTTGTGGTTTTACCTCCACCTTGTAGACCCACCATTAAAACAACAGTTGGAGGCTTAGTAGCAAAAACAAAACCTTGATTTTTTCCATCAGCATTCAAAATATTTTCTAAATTGGTTTTAATAGCTTCTAAAAATTGCTTTTGTCCTATGCCATTTTTTTTAACATCTTCTTCAATAAGCAAAAGCAAATCTTTAACCACTTTATGGTGTACATCTGCTTTTAGTAAGGCTTTTTTTAAGGTATCTAAAGCATTTTTAAGCGCTTTTTCATCATCAACAAAACGAAGTTTATTAATCGCTGATTTAAAAGATTCGCTGACTAATTCAAACACTTTATTACCTTTCTATTATTTTTAAATTTTAAGTTGAGTATTATACAAAATCTTTTCTTAAATGGCTTTAAAAATCTAAATTTTTTATCTCAAAACCAAGCTTTGAAAAGCTAGAATCTAATTCTGCCTTAAATTGATAATTTAAAATTCGAATTTCATGACTATGCAAATACATCCTATCACTTGAAATTTTAGCATATTTTTCATCTCCTATAATTCCATGCTTGATAAATTTAGCATGCACTCTTATTTGATGGGTTCTGCCTGTTTTAATGATAATTTTAGCCAAAGTTTTTTTAGCTTGCATCATAATAGGAGTAAAAATACTGACCGCGCTTAAACCCTCTTTAGAAATTTTGCTCAAAGCTCCATTCTTAGTTTTTATGGTTAATATAGGCTCATCAATCTCAATTTCTTCTGCTAAAATTCCATCCAAAACAGCTATATAGCTTTTATAAACTCTTTGTTTTTTAAACTCTTCAATGCATATTTTTCGAAAATCTTCATTTTTACAAAGCAGTATAACACCACTAGTTTCTTTATCAAGACGGTTAAGTAACTTTGCATTGAATTTTTTTTCAAGTTCTTCACTGATATAAGCATAGGGTTTATTTATGGCTATGATATTTTCATCTTCAAAAATTACTTTAGGCTTGCTAGTTTTTACAATGCTAAATTTCGTCTTATCACTCATCAAAGCTCTTGCTACAACTACCTTTTTACCATGAGAAAAAACGCAACCCTTATCTATCAAATCTTTTGCTTCGCGGTTTGAAATATTTTCTTGCAAAGCTAAAAGTTTATATGCTTTTTCTTGCATCAATACCTTCCTGTATAGCTTGTATTATGGTTGATAAATCATTATTTTGTGCTATTTTTGCTTTTAAATTGTAATTATGAATTATACCATCAAGTTCTTTTAAGTCTTCACAAAAATAGACATTATCCACTTCTTGAAATAAACTTTTTTGATTATGTATATAAATCCCACTTATCAATACATTATTAAAATGAGCCACCTCTATGGGATTATGTCCTCCTATCCCCTCAAAAAAAGAACCTCCCAGTACAACTACATCTGAAATGGCGTAAAAATTTACAAGCTCACCCAAACAATCTAATAATAAAATATCTTGATTAAATTTTTTATCTTCATTTTGCAATAAACTAAATTTATCAAATTTTAAACCTTTATCGTGCAATAATTGTTCCACTTCTAAAAAACGCTCAGGATGCCTTGGAGCGATGATTAATTTCTCTTGTTTATCCATTTTATAATGCTTGAGTAAAAGTTCTTCTTCACCCTTATGAGTGCTTGCAAAAATAATCAATTTTCGCTTAGGTTTAAGGTATTTTTGTGTAGGAAATATTTGCAATTTGGATTTAATATTTGAAAAAATTTTAACATTTTTAGCACCCAAATCTTCTAATCTTATTTTATCCACCTCACTTTGTGCAAAAACTTCATCTATATAACAAAAAATTTTCTTATAAAAAAATCTAAATTTTTTATAGCTTGCATATGAATTATCTGAAATTCTAGCATTTAGCAAAATAACCTTACTTTTTTGAAGCTTTGCTATAAAAACGAGCATTAACCAATACTCGGCTTCAAAAATCACTAATACCTTGCTAGGTTTGAGCCAAAATGGAATCCAATTTTCAAAAGCAAGATAATTTACCTTATTGCAAATTTCTTTAGCATAATCATAACCCGTCTGTGTAATAGTCGTAATTCTTGAATCAAATCTTAAAACAAGCTCTTTGACACTTCTTGCTTCTCCATATGAGCAAACATGAAAATGCACATCCGATCTTTTTTGAGATATATTACGAAAGAGAAAAAATCTAGCCTTTAAGCTATATTTATATTTTGGCTTAAATAAAGAAAGTAAAAAAAGTGGGATAGCGCAGAGTAAAAAAGCTATCCACACTAAAATATAATAAAGAAAAATCAATTTTGATCTTCTTGCTCTTTATATAAAATTCTTCCACAATGAGGACAAGTTATAATCTCTTCACCCTTAATCACTGATAAATAAGTTTTATCATAAATTTTCATAAAGCAGCCATAACAAGCCTGTTTTTTAACGGGAACTACGGCTGTATTTTTAGCCCATTTTCTAATCTTTTCATAAAAGCTTAAAACTTTTTGATTCATCTCTGCAACTAATTTAGTCTTTTTAGTATAAACATTCATTCTTTCTTTCTCCAAGCCATCCATTTGAGAACTAATGCTTACTCTTATTTCATCTAAATTTTGCTCCTCTTTTGCTCTTTCTTCCAAAAGTTCTTTTTTGAAAAGCTCTTTATTTTCTAAAATTTTATCCAAACGAACAATCTCATCATTAGCCGCATCAAGCTGCTCTTTAGCGATATCTTCTTCGATTTTTAAAGCATTTGCTTCTTTTTCTGTCTTAACAGCTCCACTCTTTTTAGAAAGCTCTTTGATTTTAGCTGAAAACTCTGAAATATGAGCATTATTTTGAACTTTTTGATTTTCTACATCTTGAATTTCATTTTCTAAATTATTTAATTCAACATTAAATTTAGCAATCTTATTTTCAGCATCTTTTAAAGTCTTGCTAATACTTTCCATCTTCGGTTCAAAGCTGTCAATTTCTTGATCTATTTTTGATAAAAGCACTAATTGTTCGAGATATTTATTCATTTATTTTCCTTAAAAATATTGAAATGGATTTTTTGAAACTGTTATTATAACTTTTAGCGGCAAATTTTTCAAGTGTTTTGCTAAACATTGAGCAAAATAGCGTTCGCTCTCAAAATGTCCTAAATCAATCAAATTTAGATGATTGCTTATGGCTTCTAAGGCTTGATGGTATTTAAAATCGCCACTTAAATAGCAATCTGCCTTAACTTCATTTAACAAATCTCCCCCACTCCCTGTGCAAACAGCTAAGCGTTTCAAATATTCTTTTCCACAAAAACTTGTTCTTAGAATTTCTAAATTTAAACGCTTTTTAACCACAATACAAAGCTCTTCAAAGCTCATATCTACATCTATATAAGCTAAAAATTTATTTTTAGAAGAAATTTCAAATCCCAAAATTTCTTCTATAAAATAAGTATTTAAATGGCTAAGATCAAAATTAGTATGCATAGAAATTAAAGAAAGATTTTTTCTAAGCATTTCCTTAACAAAAGCTCTAGGATAGGCTGAATTTGCCAAATCCTTCAAGCCTTTAAAAATTAAAGGATGATGCGTGATAAATAAGGAATTTTCTTCTGCATTTTGGATCAACTGCTCATCTATATCAAGGCTTAGATAAACATTATGAATTTCATCGTTAAAATTCCCAAGTAAAAGACCGCTATTATCCCAAATTTCTTGAGTTTCAAAAGGGCTTAGCTTGTCTAAAAAATTATAAATTTCAATCAGTTTCATCTAAATTTTTCTTATAAATTTCAGCACAAGTTTTCGAAAGCTCGCGAATTTTTAGCATATAATCTTGTCTTTGTGCAACAGAAATAGCACCCCTTGCATCAAGCAAGTTAAAAGTATGAGCTGCAAGCATACAATAATCATAAGCAGGCAAAGCCAATCCCTGTTCTAAAATACTTTTACATTCTTTATAAGTATTTTCAAATTGCTGATTTAAAAAATCTACATTGCTGATTTCAAAATTATATTTACTAAATTCATACTCGCTGCGCTTATGCACATCTGCGTATTTAATTTTTTCCCCATTAAATTCGCTCCAAACAATATCATAAACATTATCTACATTTTGGAGATACATAGCAATTCTTTCAAGCCCATAAGTGATTTCAGCACTTACCAAATCTACTGCGATTCCACCAACTTGTTGAAAATAGGTAAATTGAGTTACTTCCATACCATCAAGCCAAACTTCCCAACCAAGACCCCAAGCGCCAAGACTTGGACTCTCCCAATTGTCTTCAACAAAACGCACATCATGGCTTTTAAGATCAAAACCTAAATTTTCAAGGCTTTTTAAATAAAGCTCTTGAATATTATCAGGACTTGGCTTCATTAGGACTTGAAATTGATAATAAGCCCCAAGACGATTAGGATTTTCTCCATATCTTCCATCTGTTGGACGACGAGAAGGAGCCACATAAGCTGTAGCCCAAGGTTTTTTACCTAGACTTCTTAAAAAAGTTGCTGGATGGAAAGTTCCAGCTCCTGCTGGCATATCGTAAGGCTGCATGATTGCACAACCTTG
NZ_CP066027.1_gap31	1157152	1162078	4926	AGTACCTATAAAACGAGTTCCCATTTGAACCCCGCTAGCACCTAAAGAAATGGCATTTTCTATATCTTTTTTATCCCAAATTCCACCCGCTGCAATCACTGGAAAAGAACCCCAATTTTTAGCCTCTTCAACCACAGGTGCGATTAAATTCTCAAGTTGATAATTAGGATCTAAACATTGCTCATAGGTAAAACCTTGATGTCCGCCGCTCTTAGGTCCTTCAAGCACAACAGCATCAGGCAGACGGTTGTATCTACTTTGCCATCTTTTACAGATGATTTTTAAAGCCTTAGGTGAAGAGATTATAGGAACTAAAGCAACATCAGGAAAATCTGCTGTAAATTCAGGTAAATTGGTAGGAAGTCCAGCACCTGAAACTATAATATTAAAACCCACTTCACAAGCATCACGAGCAATTCTTGCATAATCATTACTTGCGCATAAAATATTACAACCCAAAGGCGCATCACCGCAAACTTTTCTTGCATTATTTATCAAAGTTTGTAAGCCTTCTCGTGAATAAAAATTTTCACTACCATAAGGCTTAGCATTCAATTCTTTGCTAATATGGGTGCGATTTTCATAATATCCTGTTCCAACAGATGAGATGATACCAAGACCGCCATTTAACGACACTGCTGAAGCCAATTTATCCCAGCTTATACCAAGCCCCATTCCACCTTGAAAAATGGGATATTTTATAGTGTGTTTTCCTATTTGAAGGGATTTTAAACTCATATATTCACCTTTAATTTTGCAAATTTTCTCTTACCTACTTGTAAAATATACTCCCCTGTGCCAAGTTGCATTTGCTCATCGCTTACTTTTTGTGAATTTACACTCACCGCATTTGCATTAATGCTTCTTCTTGCTGCAGAGGTAGAATTTTCCAAACCGCATTCTACTAAAGCTTTAGCAAGCCAAATTTCACCCTCTATCTTAAATTCTTTTATATCGCTTGGCAAAGCATTTCCGCTATGTACGCTGTCAAATTCGGCTTTTGCAGCCTTAGCGCTTTCTTCATTGTGAAAACGCGTAGTAATCTCTAGCGCCAAATTTTCCTTAGCAAGCTTAGGATGTAAATTGCCACTAGAAATTTCTTTTTTCATATTTTCAATTTCTTCTAAACTTTTAGTACTTAAAAGCTCATAATAACGCCACATTAACTCATCACTAATACTTAGAATTTTAGCATACATATCATTAGCTTTTTCTGTAACGCCGATATAATTCCCTAAGCTTTTACTCATTTTATTTACACCATCTAAGCCTTCTAAAAGAGGCATCATCATCACAACTTGTTCTTTTCCGATATTGTAAATTCTTTGCAGGGTTCTTCCCATTAAGAGATTGAATTTTTGATCTGTTCCGCCCATTTCTATATCGCATTTTAAAGCAACACTATCATATCCTTGAAGTAAAGGATATAAAAACTCACATATAGAAATAGGGCTTTGCTCTTTAAAACGCTTCGTAAAATCATCACGCTCTAGCATTCTTGCTACACTAAAGGTCGAAGTAAGCTCTACTATCCCAGTAGCTCCTAGTTCGTTAAGCCATTGAGAATTGAATTTTAATTGTGTCTTTTGCGGATCTAAAATCTTAAATACCTGCTCCTCATAAGTCTTAGCATTTTGTAATACTTGTTCCTTATCAAGTTTTTTACGCGTAACGCTTTTTCCACTAGGATCGCCAATTTGTCCTGTAAAATCACCGATTAAAAATTGAACTATAGCTCCGTGTTTTTGCAAATATGCCATTTTGGTTAAAACCACACTATGACCTAAATGCAAATCAGGTGCTGTAGGATCAAATCCTGCTTTTACGAAAAAATTTTCTCCCTTTTCGTAATAATTTTTAATCAAATTTTCAATTCTTTCCTCATCGATGATTTCTGCGCACCCTCGTTTGATTTCTGCAAGTATATTTTTTATATCCATTTTCTACCTTTTAGTTTAAGCTTCTTTATAAGCGTCATTTAATGAAGTAAAATCTAAAACTTTACAATAAGATTTTAACCTGTCTCGGACATTATCAGGATTTATATTGTCAGGAATTTCTATCGTGATCTCAAAATAATCCACCACTGTATTAATATCACTTGACAAACTAATCGTTAATAAATTAATCTGCATTTTAGCCAAAACTGCCAAAAACTCTGCTAAAATTCCTTTTTTATTTTCTAAAGAAAAGATTAATTTGTATGATTTAGGGATATTAGAATCCCATTTAATCAAAACCATGTCTTTATTATTGTCTATCATCTTATCTGCCCTATCGCAGAGTTTATGATGAACTATAGCATTTCCATTTTCAATAAATGCAAGTACAGCATCGCCTCTTTTTGGATGACAGCAGTAATCAAAATCCACATTAGCAATTTTATGATTAGAATACAATAAAAAATTCCCAATCTTTTGTTCTTTGATTTCGTATTTGTCAAACCAATAAGATTTTTTAGCGTATTTTTTAAGCCCATTGACTATATCTTTCAAATAAGCACTATCACTGGCTACTTGTCGTATGCGTCTGCCTAAATTCTCTCTTTCAATCCAATTTTCTATCTTGTTTTTATCTACACTAAAAATAAAACTTAACATATTAATCGCGCTTAAAAGATTGATTTCTCTCATTTTTTGCTTACAAAATTCTCTTATGCTCGCTTTTGCTTTTCCTGTTTTTACACTATCAACCCAAGAACAACGATAAAACCTATCATTGGAAGTTACAACCCTTACTATATCTCCATTTTTAAGCTCGGTTAAAAGAGGGACTTTTACACGGTTAACATAAGCACTTTTTGCATGAAGTCCTACTTTAGTATGCACCTCATAAGCAAAATCAAGCACAGTAGCTCCTCTTGGCAAAGTAAAAATTTCACCCTTTGGAGAATAAACAGCCACATCTTCTACATAAAGACTATCTTTTGCATACTCATAAAGCTCGATAGCATTATAATCTTCTGCGTTTTCAAGATTGTTCGTACTTTGCATCGAAATATCAGTAAGCCAATCAAGTCGCGGGGCTACAACACTCCCATCTTCTTTGTATTTCCAATGTGCAGCTATACCAAATTCAGCGATTTTATGCATATCAAAAGTACGAATTTGTGCTTCGATAATATTTTTTGTATCAAAAAGAGTGGTATGTATAGTTTGATAGCCATTTTGTTTTGGTAAAGCTATGTAATCTTTAAAACGCGAAACCAAGGGATTAAAATTTGTATGCAAAACCCCTAAAGCCAAATAACAATCGCTCACATTTTCAACCAAAATTCGTACACCAAGCAAATCAAGCACCTCTTCTATACCCACACCTTTTCTTTGCATTTTAAGATAGATAGAATAACTGTGTTTGATGCGTTTTTGAATTTGAAAACTTCCTTGCCTAAAGCCATTGCTAAGAAATAAAAGCTCGATTTTAGAAATAAATTCATTAAGTCCTAGTTGCATTTGCTGGTCGTTTGAATTAATATAATTATCGATAAGCTTATACTCATCAGGCATCAAATACTTAAAGCTTAAATCTTCTAAATAATTCTTAATACTAGAAATTCCAAGTCTATGTGCTATGGGTGCATAAACGACCAAAGTTTCTTCGCTAATACGCTTTTGCTTATCTTCTCTTAAAGCATCTAAGGTTAGCATATTGTGAAGTCTATCGCAAAGTTTTACCACCAAAACCCCGACATCTTCAATACTTGCTAAAAGCATATTTCTAAATGTAAGAGCGGATTTGGTTAAACTTTTTTTTGATTTTGAAGGAATGAGATTATCTTCTCTGATTTCTACAATCTTTGTAAGACCTAAAACAAGCTTTAAAACTTCGGATCCAAACTGATCCCTAAGTTCTTCTTCGGTACATTGCGTATCTTCGATCACATCATGTAAAAGCGCAGCCAAAATTGTGGCTTTGTTTTCACTTAAAAAAGCAACCAAGCTTGCAACCAAGATGGGATGAACTGCATAAGGTTCTCCGCTTTTTCTAACCTGACCTTCGTGGGACTTTATGCAATAATCCACAGCTTTTTCTACAATAGCATCCTCTTGACAAATGCTAAAAAGAAGTTCTTTTGCTCTTGTTAAATCTCTACAATTTTTAATATCTTCAATGAGTTTTTCGAGCAATAATTCCTCATCGACTGGTTTCAACTAGACCCTCTAAAGTGATTTTATTTTCTGCTATCTCATATAAAGCAATATCTGCAAATTTTAATTTACTTTTATCAATATCCACTAAAGGTGCTGCACCATCGGCTAATTGTTCTGCTCTTTTTGCAACAACCAAAGAAAGACGGTAGCGATCATCTCCCATTCTTTCTAGAGCTTTAGCTGCTATTTCTTCGATTCTGTTTTCCATTAGTTCTCCTTGATTAATTTTTAACTATAGAACAAAGACTGTTATCGCCTTGTATAATTTTAAGCAAATTTCCTTCTTCAAACATATTACATACAACTATAGGCAAAGAATTATCCTTAGCTAGAGCGATTGCAGTATCATCCATAACTTTAATATTATCTTGCATTGCCTCATCATAGCTTAGGGTTTGTAAAAATACTGCATCATCGAATTTATTAGGATCTTTATCATAAACTCCGTTTACTTTTGTTGCTTTAATAACCATTTGTGCATCAATCTCAACCGCTCTTAAGATAGCTGTTGTATCGGTTGTAAAATAAGGATTTCCCGTTCCTGCGGCAAAGATTACAACCCTACCTTTTTCTAAATGTCTTTGAGCTCTTCTCATAATATAAGTTTCACAAAAAGCTTCCATTTGAATCGCACTTTGTACTCTCACATCAAGTCCGCAACTTTCTAAAGCCTCTTGAATAGCAATAGCATTAATAACAGTCGCAAGCATTCCCATGTGATCGCCGCTTGTGCGTTTGATAAGACCGCCTTTGGCTGCTGAAACACCGCGAATGA
NZ_CP066027.1_gap32	1174167	1174745	578	TTTTTCTAGCTAAATGTTTCTTCCCAAGTCCTAAATGCATAGAAATTTGCACAGCTGAACCAATGGCTATCATATCAGCCAAAGCAAAAGATATCATAATAAAAGGAATAATCAAGGCCAAAGCTGCTAAAGCGTCATTTCCTAGATATTTTCCAACAAAAATTCCATCAACAATATAATAAAAAGAAATAAATGCCATGCTTATTACATTAGGCACAGCACATTTAACAAAAAGCCTAAAAGGGCTTAAGGTGCTAAAAATATTTGACATAAAAAATCCTTTAAAATATTTAACAATACAAATATCTTAAAAGGAGCTAATAGAGTGTTTGAAGTCCTAGTATGTAGAAAGCTAAGCGATAGGTTTCTATCGGTATGATTTTTTTATTGTTTTTATCTTGTGTTTGCATGATAATATTTAAAAATTAAAATATAATAAAGAAATTATAATATTGAAAGTTTAATAAGTCAAATTCAGCCCAAGGGCCAAATTTGATTAAATTACGGCAAGTATCTTTACAGCGTCATTTAAGCCTGTTACTATGCTTGCGCCATTTTTAGTTGCGATATCCCCTGCT
NZ_CP066027.1_gap33	1179609	1181996	2387	GCCGTAGTTCTTTTTACAAAATACACTCTTTGTTCTATATCTTCATTTCTTATGGCTACTTTAGCTCTTGCACAAAAACGCAAAATTCCCTCATAAAGCATTTCAATAAGTTTTTGCGGAGACTCTATCCCCACTTGATTTTGAGAATAAGCATTATAGGCTAAATTATTTTGCATCTTTTTTATCCTTAATTATTAGAATTGTTTGCCGCATTAATCATATTAGTCACAGTATTTAGCTGTTGATTGAGTTTATTTAAAATACTCTCATATTGCAACCATTGATTCGCCATTGTATCGTATCTTGTATCAATCATAGCCTGAGTTGAGTCTTTAGAGGTATTTAATGATTTAATATCATTTGTCAAACTCTCATCATATTTTGTAATTGAACCATCTTTTCCAGTCATCTCTTGCAACGTGGCTTTTAATTTTGAAAAAATACCTTTACCTTCTATAGGCTTAGAGGTTATATTTACATCAGACAAACCTAATTCCTTGAGAATGCTAGCATTTCCTTTGATTGAAAAATCCGAACTACCATCTCCACTAAAATTCAACCTAAACCCTGTAACATTGTTTTGATTATAGGATTCAACCTTAACTTTTAAGCCTTCAATACCTTTACTGTTTATATGATTAGCTAAATTTTGAAGCAATTCTTCCTCTGTTTTCCCTGTTAATTTAAAATTAGTACCATCAGAATTTTTAGATAAATCATATGTTTGATTATTAAAAACTATAGTAAAATCTCCTGGTTTAAATTCTAAACCATTGGAATTAAGATATTTACTTAAACTTCCTGTCTTAATTACCTCTCCTGTGTGATTAATGTCTTCGTATTTAGTAATATTTGAAAAAAAACTTTCAGTAGAGTCTGGATCTTCTTTAACTTTTTGTTCAAATTTAGAAGAATTAAAACTCAAAGTGCCTGCATCATTTAAACTTAAGCCAAAATCCTGCATAGAAAGCATAACCTTAGTGTTCACTTTATTACCATTTGCATCTTCAGTAGTTCCATCAACAACTTGAGAATCAAACAAATCAGCAAGAATGCTTGAGCGTATTGAATTTACTTCACTGATGCCTTGTAAAGTTCCTTTTGTTCCAGTTTCACTATTATAGTCAGTTGCAGCATTAAGATTGGTTACTAAATCATTATAAGCATCCACCAAATCTTGCATGGCTTTTGTCACGCCTTCAAAATCTTGCTGTACATCAAAATTAATTTCACCTGTTTTATTTAAAGTTAAAGTCATTCCTACACCAAGATCGGTAACAGTATTACTTGATCTAAACATCTTAATACCATCAAGTGTAAATTCTGCATTTTGCGCAGTTTGGATATGCAAAGAAGTATCCTTAATACCATAACCTTTTTTATCCTTAGCTGGATCAATAGAAGCCGATACATCTAATCCCCATCCAAGATCGTCGAATATTTTTTCTGCATTTGTATCTTTTTGATATTTACCATTCGAATCTTTTTTTCCCGCATAGAAACTTATCGCACTGTCTTCGCCTGTTTCTTTACTGGTTAAAGTTAAGCGGTAAGGAGTGCCTTTCTCTCCTGTGTTTACAATCTTAGCAACAATCTCTCCTCCACTAGCTTCATTAATTTTATCAGCTAAATCTCTATAGGTTGTGTTTTTATCTACCGTAACAGTATATTCTTTGCCATTTGAAAAAAAAGTAAGATCGGCAGTTCCATTTAATTGTGCATTAACAAAACCACCGTCATTTGCTAATCCTTTACTTTGATACACATCTTTTTGTGCAAGTTGAGTAACATTGATATTCATGCTTTGTAAAGCAACACCCGAATTAACCGTAAGACTTGCTGGAGGATTATCGCTAATACTTCCTACAACTTTTCTTTTCGCAAAAACCGTAGCATCGGCTAATGATGAAACAGCCGTCTGAAAACTTAGTAATTTAGTTTTGATTTCTGTTAAATCTTTTTGTTTGGTTGTATTTTCTTCAATTTTTTTAGTATAAGGATCAATACGAGCTTTTTGCTCTGCTTCTTTTAATTTATCTATAGTATCTTGAGTTAAAACCCCAGAACCAAATCCTAAACTAGATAGACTACCAAATGCCATTTTTAACTCTCCTTATCAAATATCATTCCTATCACATCCCTAAAATACTCAGCTAATCTCATAGCTTCTTCACTAGGAATTTGACGGATTTCCCTTCCAGTGCTTTTTTCAGTCACGCTAATATACATAGAACCGATTTTATCACTATAACCAAAACGAACATTGGTATCTAGAGAATCCATTTGCTCATTTAACTTTTTTGTAATATCAGCCAACTTTTCACTCACACCTCGTTGCTGTCCATCATCGCCTTCTTGGCCTTGACTTCTATCGGTTTGAATGTTTA
NZ_CP066027.1_gap34	1248534	1250470	1936	TTTAACAATCAATCTTCCTGCTGTAGTGGTAATCTTTCTACCATCTACCATAGTTTGTATGCTCGCATGAATATCCAAACACTTGCTTTCAAGTGCCATCATCACTTCATCAATGCCTGTACAAATTTTATGCGAACCTTTAGCACCTGCTTTTTCCAACGAAAGATAATAAATTCCTAAAACCATATCTTGAGAAGGTACAGTTACAGACTTTCCACTTGCAGGCAAAAGAATATTCATAGAAGAAAGCATTAAAACCTTACATTCTGCGATCGCTTCTTGAGAAAGCGGTACATGCACTGCCATTTGATCCCCATCAAAGTCTGCGTTAAATGCTGCACAAACCAAAGGATGAAGTTGTATAGCCTTACCTTCCACTAAAACAGGATGGAAAGCTTGGATAGAAAGTTTATGTAGAGTTGGAGCACGGTTTAACATAACAGGATGCCCTTTTACCACCTCTTCTAAACATTCCCAAACCTCATTAGTTTTGTTTTCTATCATTTTTTTAGCTTGTTTTACTGTAGTGGCATAACCTTTTTCTTCAAGCTTAGCCAATAAATGTGGCTTGAAAAGTTCTAAAGCCATTTTTTTAGGTAAGCCACATTGATCCATTCTAAGTTTTGGTCCTACAACAATAACGCTACGACCTGAAAAATCCACCCTTTTACCTAGCAAGTTTTGTCTAAAACGACCTTGTTTACCTTTGATAATTTCACTCAAAGATTTTAACGGGCGTTTGTTTGCTCCTTTAACTGCATTAGCACGACGACCATTATCAAAAAGTGCATCTACAGCTTCTTGTAGCATTCTTTTTTCATTTCTGATAATAATTTCAGGCGCATCAAGCTCCATAAGTTTTTTAAGACGTGTATTTCTGTTAATAACACGGCGGTATAAATCATTTACATCAGAAACTGCAAATTTACCCCCATCTAAAGCAACCAAAGGACGCAAATCAGGTGGCAATACAGGTAAGTTTGTAATCATCATCCATTCAGGACGATTTGGTACTGCATCTTCGTTATTTGTATTTGCATTTAAATTTGAATTTAAGAAGTTTTCTACAACTTTTAAACGCTTTATAATGGTTTTTTTCTTAGCTTCTGAATTTGTAGCAGCCATTTCTTCTTTAAGCTGATTTAAAAGCGCCACAAGATCTAAATTTGCTAGCAAGTCACGGACTACTTCGCCCCCCATTCTTGCTTTAAAGCCACTATTTTCATAACGCTGCATCAAATTTTGATATTGTTCTTCATTTAATACATCGCAGTATTCTACTTTTTTGGTGCTTTCATTATCATAATACGCATCTCCTGCATTTTCCACGATATAAGCCTCATAATAAAGTACGCGTTCAAGATCCTTCATTTTAACACCTAGAAGTGTTCCTATACGACTTGGAAGAGAATTAACATACCAAATATGAGCTACTGGGGTTACAAGTTCAATATGCCCCATTCTAGAGCGACGAACTTTTGAATTTGCAACTTCAACTCCACATTTTTCACACTTAACGCCTTTAAAGCGCATTTTTTTGTATTTACCACAAAGACATTCATAATCTCTAATAGGTCCAAAAATTTTAGCGCAAAAAAGCCCATCTCTTTCTGGTTTTAAAGTTCTATAATTAATAGTCTCTGGCTTTTTTACTTCACCATAAGACCAAGATTTAATTTTTTCAGGACTTGCAAGTCTAAGTTGAAATGCTTCAAAATCCCTAGGTCTTGCATCTTCTTTTATTTCTATTACTTTAAATTTACTCATTATCTTCATCCTTGTCAAAAATCTCAACATCTAAAGCTAGAGACTTAAGCTCATTAGTCAATACAAAAAATGTCTCCGGAATTCCTGTTGCTGGGACATTTTCTCCTTTGGTAAGCGCTTTATAAGCACTAAATCTACCTTCAACATCATCGGATTTTATAGTAAGCAT
NZ_CP066027.1_gap35	1347974	1351391	3417	AACCAAAAGCTATCCTAAGCTACTAGGAATATTTGCTGCATTTTGGGCATTTTTACATTTTTTAAATTATTTTATCTTTGATAGAAATGCAAATTTTTTAAGACTTTTTGATGATATCTCTCATCGTTTATTGGAAGCGAGTGGTTTTTTTGCTTTTATCATCATCTTTTTTATGTTTTTAAGCTCTTTTAGATTTTTTAAAAGAATTGAAAAGATAAGAAAGTTAGGTTATGTATGCTTGGTTTTAGCAAGTTATCATTATTTTTTAAGCCCTAAAGTTCCTATGTTTTGGGAATGGAGTGCTTTGATGCTTAGCCTTGTTTATTTTATGATACGCTATTTAAAATTTTTCAAATTTAAAAAAGCTTAAAAACCGACAATTTTGCTTTTATCAAAACTAGAATTTAATTCTTTTTGTATACTCTCTATAAAATCTTGCATTTTAAATACTCCATCTTCAGTCACAGCTACCTTCAAAGCAGTATTTTTAACAACCATTAAAATTTGCGCTCCACTTAATTCGTAATTTGCTAAAAGATTAACATCAAATGCTTTTTCAAAGGATGCTTTTCTAGGTAAAAATTTCTCCCACATTTTAAGCCTATCTTTAAAATCAGGCTTTTTAAATTCGATCTTATAATCAAATCTTCTCGAAAAAGCACTGTCTAAACTTTCTAAAAAGTTAGTTGTAGCAATGATAACACCATTAAAACGCTCAATTTGCTCTAAAAAAATATTTTGCATTTGATTATGCATCTTATCACTTCCGCTACTGCTTTCAACCCTTGTGCTTAAAAACTGATCAGCTTCATTTAAAAGCAATATAGGACTTTGTTTGCAAGTTTGAACTATGTTTTTGTAAGTATCAAAAATTTTCCTTACATTTTGTTCGCTCTCACCCACCCATTTACTTAAAATTTTAGAACAATCAAAGCTAAGCACTGTTTTTTTCATCGATTTTGCCATAGCTAGGGCTGACATCGTTTTCCCCGTTCCAGCAGGTCCATAAAAAATAATCTTTGCTTCTATATTTTTATTGCTCTTTATCCCCCAAGAATTTAGCCTTTCAAGTACTTTTTTATCTTGTTGTTTTAAGATATTTTCCAAAAGCTCTTTAGTATTTTGAGGCATGATAATATCATTTATATCTATACTTGGCTCTATAAGCTCAAAAATATCTTGCTCTTTTAAAACATTTTCGATTTTAATTTTTTTATTTTGTTTTGGCTCGAAATTTATAATTCTTTGTAAAATTTCATCTGTAATAAAAAAACTCTTAGAAATATCACCAAAGGCATTTAAGTATTCATCATATTCTATTAAATTAAGAAGAGGAGCATTTTCTTGCAATAAACTTTTATTTTTATGCTTTTCTAAATCATTTTCACTGACTAAAGAAAGTAAAGAATTCATCTCTCTAGATACTGAGTTTTCATTGCTTAGTGTATATTCTTCTTTAAGAAGAGCTAGAAAAATAATCTGCTCTTTATACTCAAGACTATACTCTTTAAAAATATCTGCTAAAATATTATAAAATTTACTTTTCTTAAGTCTTTCTTTAATATGTTTTTCATAAAGCTTGATTTGTGCTTTAAGTTCGTCACTATATGTGCTTGAACGTATAAAACTCAATCTCTCATACAGTTCAACTCGCATAAATTCATCTTTTAAATATTCTAAATACTCTCCATAAGCTTCTTTTTTATCCAAATTTAAACGAGGCTTGGCTTCTAAAAATTCTAAAAAATACTCACTTAAACTCAACTCGCTTTGCAATAAACTAAGAATTAAATTTTGGCTTTTATTGCTTTCTATATTTTTAAAAAAGCCAGAATTTTGATTTACAAAACCTCTTTCAATAAGCCTTTTTAAATCCTCTAAAGTATCTAAATACGAATATTTTTCACTACCAAAAATTCCTGTCAATAAAGTAAAAGCATTGATAGAAGATATGGAAATGACATAATTTTTACAAAGTTCTCTCAAAATCAAAGCTTCATTCTTTGAACACTTTAATTCTTTATAAATTTGACTTTCTTCTATATTTTTAAGACTTAAAAATTCCTTTAGCCTGACCATTTTATTTTCTAAATTCCTTTATCTCATTCTCGTTAAAATCAACACAAATATTTTCATTCAAATAATGATTTTCATAAGGAAGATAGCACAATCTTAAACCCAAATTTGTAATTAAAAAGTTATTATTAAAAAAAACTTGCTCCATATCATCAAAACATTCATCGCAAACAAGATTCAGTTTTTGATGCAAGAGTTCTTTAAATTTCAAATTATCCACATCATAAAGCTCATTTAAACTTAAAAAAACTTTTTTATCCATATCGAAAACAAAATTATTAAGCTCTAAAATTGCGCGATTATCCTCTTCATAAAAATAATACCATTCTTCAAAACTAAGCTTTCCATCTTTTAGTACGATAGGCTTTTGGCGAATTTGTTCAAAACTAACAATGTTGTTATGCATAGGACGAAATTGTCTGATCTCATCTTGATGGGCTAAAAAATCAAGACTGCGTTTGATTCTTATATTGTTTTGCTCTTTGATAAGTTCAAGAGTTGTTGTTCCTAGTTTATTTCCTTGAATTTTTTTATTATCAAATACCAGTTCTTTAGAAGAAGAAATTTTATATTTTTTTTCTCCATCCTCCCATGAATTTGCTGTTTGAAACAAAGCTATCTCGATATTTGTATCAAGATCGCTCAGTATTAAAAAACTAGAACTAGTTTGATTAACATCCCTATCAAAAATGGGTACAAAAGGAGCATTATCATAAACTATAGCAAAAACCTGCTTATCTTTTAAGTCATAAAAATAAATTTCACCCTTATAAATTTGCGCACAAACCAAACTCACAAAAAAGCATAACAACAGCCCTATTTTCAAATTTTATCCTTAAAATTCATTAAAACAATTTTTATACGCGAAATTCTATCAACAAAACTGATTTTATTATCACAAACTTCATAGAAAATTTCATAATTTGCGCTGTTTAAATTCTGATTGAATCCGCATTGAGTTTTTTGCATATTCTTACCATTCCACAAAGGCTTTGCTTCCAAAATATCTTTTAATATATCTTCATAATAGGCATTTTTAAAAAATTTTTGATTAAATACCATTTTGCTATAGCACACCGAATTTAAACAAATATCCTCTCTGATTTTAAGTTTAAAAAAAGCTTGTCCAAGTTTATAAACTTCTAAATTTAAAGCCTTATTTTCTTTTTTTAAAAAGCCAAAATCGTTGATTTTAATAGTTGGTGTGCTAAATACAACCTTCATTTTTTGGCTAGAATAATCTTGATTTTTTAAAGCACAAGCACTAAAAAACAAAATTAAAAAAAAGATAAAAATTTTTCTCAACACTCTTAACCTATTTTAAATTTTTAAAACTAAGAT
NZ_CP066027.1_gap36	1433244	1436664	3420	AAACCTACATTTAAAAGAAGTTTTAAAAGCTTATAAAGAAGAATTTGGCGAATTTAAACTTGATGGAATTTATGATGAAAATTTATGCAAAGAATTTGCCCTAAATTCTACGCCACTTTATAGCTCGCATGAATTTAGTGCCATGGGTTTTGTAGAAATTTTACCTTTGATTTTTAAAGCAAAAAAAGCAATTAAAGAATTGGTAAATTTGACTTTAAATCAAACAATAGACGCGGTTTTATGTATTGACTCTCCCGCTTTTAATATCCCTTTTGCTAAAGCTTTAAAAAAAGCAAATTCAAAAACAAAAAGAATTTATTATATCTTGCCTCAAGTTTGGGCTTGGAAAAAAGGGCGCATTCCTATTATAGAAAGCCATTTTGATGTTTTAGCCTCTATCTTGCCTTTTGATGAGCAATTTTTTAGTAAAAGCATATATGTAGGACATCCTCTTTTGGATGAAATTAAAGATTTTAAAAATGAAAACGATATTAAAATTTTACTTAGCAAAAACGAAAGTGAAAAGACTATAGCGTTTTTACCAGGCTCAAGACGCAGTGAAATCAAGCGTTTAATGCCTGTTTTTAGAGAATTATCACGCAAATTTGAAGGAGAAAAAATCCTTTGTGTGCCACCTTTTAATCTCGAAAGATTAGAAATTTATGGCGATGTAAAGGATTTTAAAATACAAAGCAATACACCCCAAGTGCTTAAAAAAGCTGATTTTGCTTTTATTTGTAGTGGAACTGCTACCCTAGAAGCAGCTTTGGTAGGAACTCCTTTTGTGCTTGCTTATAAAGCAAAGACTATTGATATATTTATCGCAAGACTTTTTGTAAAATTAAAACACATTGGGCTTGCAAATATTTTTTGTGATTTTGCTGGAAAAGAAGCTTTAAATCCTGAATTTTTACAAGATGAAGTCAATGTTTTAAACCTTTATGAAGCTTATAATAAATATGATTATAAGGCATTTTTTGATAAAGTACATTTTCTAAAAGAATATTTAAAATTTGGAAGTGCGAAAAATCTCGCTAAAATATTAAATCAATAATAATTAAGGATATATAAATGCAAAAAGAACCGATGAGCCAATTTGGCTATGATAAATTAAGCGCTGAATTAAAAGATTTAAAAGATAACCAACGCCCTGCTGTTGTGATAGAAATCGACACCGCAAGAAGTCATGGGGATTTAAAAGAAAATGCAGAATACCATGCCGCAAGAGAAAAACAAGCCTTGATAGAAAGTCGTATCGCAGAACTTAGCGATTTAATCGCAAGAGCACAGATCATCGATCCTTCAAGCTATGAACATGATAGCGTTAAATTTGGATCTTCTGTGGTGATTATGGATTTAGATACTGAAAAAGAAAGCAAATATACCCTAGTAGGTATTTGTGAGGGAAATTTGGATAAGGGTTATATTTCTATTGCTTCACCTATTGCAAAGGCTATGCTTGGTAAAAAAGAGGGAGATGAATTTAAAGTGCGTTTACCAAAAGGAGAAAGCGAATTTGAAATTATCTCTATCAACTATGAACCTTTAAAATTTTAAGGATAGAAAATTTTACTACAAAATGGAGCGATTTTAATCGCAGATGCTCATGAAAATGATAAAAGAAGAGGCTTTTGGGAATTTTTACAAGCTTTAAAAAGGAGTGAAATTACCACACCTCAACTCATTTTAATGGGAGATATTTTTGACTTACTTATAGGTGAAATCTCTGCTACGCATGAATTTGCGAAACCCTATATTAAACTTCTTGAAGAACTCGCTTTAAAAATGGAAATTATTTATCTTGAAGGAAATCATGATTTTAATCTCGCTCGTTTTTTTCAAAGGGTTAAAATTTTTAATCTACAAGAACAACCCTTAAAACTTAATTTACATACAAGTAAAGGTAAAAATACCGATTTTAAAAATTCTTTTATCACTCTAGCTCATGGGGATATTTTTTTATCTCCACCTTTACAATTTGCTCTTAAAAGCTTGAGAAATCATTACTTGCTAGTATTTTTAAATTTTTTAAATCAAATAAGTTTCAATTCTATCTCAAATAAAATTCTTAAAAATCAAAATAAAAAAAATCTTTTTTATAAAATTGAAAATTTTAAAAATTTAGCCAAAGAAAGATATAAAAAATATGAAAATTTAGGCTTTTGGGTATGTGAAGGGCATTATCATCAAAATTTAATATTAGATGAAAAAGATGTTAAATATTTCAACTTAGCTAGTTTTGCATATGAGAGAAGTTTTTTTGTAGTAGAATGCTGTCAAGAAATCAAATTTCGAGAACAGAAATTGAGGGGTCAAAATGTTTGATGAAAATATCGTGAAAACGGGTTCAAATGAAATGGAGCTTGTCGATTTCCGTATCTTTAAGCAAGGACACGATAAAGTCTATGAGGGAATTTATGGGGTAAATGTCTCTAAGGTTAGAGAAATTATCAAAATTCCAAGCCTCACAGAACTTCCTGGTGTGCCTGATTATATCGAAGGAATTTTCGATCTTCGAGGCGTAGTTATACCGGTAGTAAATCTTGCTAAATGGATGCAAATCACAGAGCCAGAAAGCACTATGCTAAAACCTAGAGTTATTATCACTGAATTTAGTAATATTCTTATAGGCTTTATAGTACATGAAGCTAAAAGAATTCGCCGTATCAATTGGAAAGATATAGAACCAGCTACTTTCTCTACAGGTTCAGGTGCCTTAGATAAAGGAAAAATTACAGGTGTCACTCGTATAGAAAATGATGAAGTTCTTTTGATACTTGATTTGGAAAGTGTTGTTGAAGATTTAGGAATTTACTCTCCTAAAACCGATATAGATTTTAGTAAAATTGAAAAATTCAGCGGATCAGCACTTATTTTAGATGATAGTATGACAGCTAGAAAACGCGTTAAAGAAATGATGCAACAAATGGGCTTCCAAGTAATTGAAGCTAAAGACGGAGTTGAAGGCTTAAATAAACTTGAAGAACTCAGTCAAGTTTATGGAGAAAACTTAAGCTCTGTATTAAAAATTATCGTAAGTGATGTTGAAATGCCTCAAATGGATGGATTTCATTTTGCTGCACGCATCAAAGAAGATGCAAGATTTAAAGATATTCCTATAGTCTTTAACTCATCTTTATCTAACGAATTTATGAATGAAAAAGGTGTTCATGAAGCCGGTGGCGAAAGCTATTTGGTTAAATTTAATGCAAGTGATTTCTTCAATGAAATTGCTAAAGTCATCAAAAAACACCAATCTCAAGAACAGGGGTAAAATATGGAAGATATGCAAGAAATACTTGAAGACTTTTTGGTTGAAGCTTTTGAGCTAGTTGAGCAAATCGACCATGATTTAGTGGAGCTTGAAACAAATCCAGAAGACTTAGAATTATTAAACAGAATTTTCCGTGTAGCACACAC
NZ_CP066027.1_gap37	1457773	1459177	1404	ATCACCTATGGTAGTATCTGAAAGTATTCTCGCCCCTTGCTTGATAACAACCCCATTGCCTATCTTAGCTTCTTTGCTTACATATGCATAAGCCTCAATAACAACATCATCACCTAAAATAGCTCCATCTTCTATTACAGCACTAGGATGAATTTTTTTCACTGATTCTCTCTTATTTGTCTACTATCATAGCTTTAAGTTCTGCTTCTGCAACCAAATTTCCATCTACAAAAGCTTGACCCTTAAAAATCCACATATTGCCACGATTTTTAACTACTTGCATTTCATAATCAAGTCTATCTCCAGGGCGAACAGGATTTCTAAATTTAGCTCCATCAATACCTGTAAAATATACAACCTTACTTTTTGGATCTACCTTAGCATCCATGCTTTCAAAAGCCAAAACCCCACCCGTTTGCGCCATACCTTCTAAAATCAAAACTCCAGGATAAATAGGATGACCTGGGAAATGTCCCATAAAAACATGATCGCTTATGCTGATATTTTTATATCCTCGAACAACTTCTCCAACTTTTAACTCTGTGATTTTATCAACAAGCAAAAAAGGATAACGGTGAGGTAAAATTTCTTGAATTTTCATTACATCTATCATTAAATCGGCCTTAAAAACAATTAAAAAACATAATTATATAAAAAAATCATTAAAAATTATGTTAATCCAATCAATTTTAGTCAAAATTTTAAGTGATTTTAAAATATTTTAAATCTATGTTCTTTTTATAACTTCCTTAACATCATAGTAAATTTCACTCTTGGCTACAATCTCATATCTTGTAGGTAAAATTTTTTCAAGCACTATAACAGGGCTAAGATCATAAGCTCCAAAATGTTTATTTCGCCATTTAATTTCTTCTTCTATTTTTAAAGGATGTTTTAAAAAATCTTCAAAACTTTTCCATTTGTTTTTAAAATCAGAATTAAAGCGCCAAAATTCTATAAAGCTGATTTCATCTTTCGTGCTTTTATAGATTCCATTCTTTAAATTTTCATTTAAATTTTTCTCATCTAAACTAAATCTTGTATAATGATTTTTAAAATGAGAATAAAATAAAATATGACTCTTAACGGCTTTTTTATCAAGCTTTATTAAAGCACTTAAAAGTCGGTAGTTTAAGAATTTTTGTCTTATGATTTCAAATTTTATACCCTTTTTTTCTAATAAATTAACTTTTTTATAAAGAGCTATTCTAGCTTCTATGCTTGCGGGTAAAATTTGAGCATTAATAGGTGACATTAATTCATCAATAAAGTTTTTATCTTGCTTTTGCTTTTTAAGCCCATAAATACAACCACAATAATTTTGATGATAAAGCATTTCTTTTTTTGCTAAAGCAAATTGCCTTTGAGTGCCTCCATTTTTACGAAAATCAGGAGCTAAAAATT
NZ_CP066027.1_gap38	1481554	1485524	3970	TTTTTGCCACTCTTTTGTGCAAGTTTTGAAACCAAAACCACGCCATATCCATCAAGTATCCTTAAAATCAACCAAGCGATTAAAACAGCATAAACTATGTGGAAAAGATTACTTAAATTAATACTTAAAGGAGCAGGATAAGTTGCTATTGTAAGACAAAGTGAAATGGCATAACAAATAAGCAAAAAACCCACAGGTTTTTTAATATTGTCTATAAAAATAACCTTAATATCATCTGCATCGCTTTTATTGTGATAAACTAAACGAACGAGGATAAAATAAACTATATTTGAAAAAAAGCGTCTTAAAGACATAAAAAAAACTAAAACTAAAATCGAAATAACTATCTTACCCGTATTTATAAAATCAATATTGGCCATTTCATTGATACGATCTATCCATACTTGAAGTTCAAGCAAAGAAAAAATATAATTACTTTCTAACAAATCTGCATTCGCACGCAAATATTTTAAAATTTCTACATAAGCATCCACAGCATTAAAAATCATTTCTTCTTTATTGGAAATTTTCTCTAATTCAGATGGATTATTGATTTTAGCTTTATAAATACTAAGATCTATATTGGTTGAATTTTGCAAATTTTCCATTGCCTTATCGACCGTAGAGATTATACTTTCACTATTTGCTGCATTTTTAAAAAGTCTTTCAAGCTCAAATAAAGACGAATAAAAACTTTTAACAACATCTAAATACATAATATTTAAGGTTGTATCTACATAAACATAAGGTTTGTTTATGCTCTTCTTTTGTAAATCTAACAAATTTTGCCTTGTTTTTAAAAAGCTTTCTACTGCTTTTTCATTGATTTGTTGCTTTACTATCATATCGGGTATTTTAGAAAGAATAGACTTTTTATCTTTTTCAAATTCGCTTAAAATTCCATCATAGGAACTTGAATTTTCATCATTATTTTTTTTAAATTCTTTAATTTGGCGATTTAAATCGATATATTTTTGCACCAAACTATAAACACTCTTATCTTGCGCACTTGCATTGGTATCTATAAGACGAAATTCATCCCCCCAAAGACATGAAATACCTAAAAGAAACAAAATGATTATTTTTTTCATTGCATTTTCCTATTTTGAATTAATTTAAAAATTTTAGTCTTAAAATCATACTCATATATTTCACCCGTTTCGATGATATAATACCAAGCATGCACTTCTAATCTTCCCTCATCTAAAGCTTCTTGCACTCCAGGATAGGTAAAAATATTTTGCAAAGAATTCACTAAGTTAAGTTTTTCAGTAAGCCAAGAACGCATAGCTATATCATCTCTTGCAAAGATCGTAACATCCCTTTTTATAGGATCAAGCATAGTGAGCCATTTTTTTACATTAGGAATTTTATCCAATTCTTCATCAGAATAGTATAATGCATTACAACCACCACAATTACTATGTCCACATACAACGATATTCTTAATGCGTAAAGAATTTAAAGCATATTCTATTGCTGAAGTAGTTGCTAAATAATCCTGACCCACGCGATAAGGTGGGACAATATTTGCAATATTTCGTATCACAAAAAGCTCACCTGGGCCTGTATTGGTGATTAAATTGGGGATCACTCTAGAATCAGAACAACCTATGAAAAGAGTATGAGGATTTTGCTTATTTTTAAGACTTTCAAAAAGTTCTTCATGCTCTTTAAAATCCTCTTGCATAAATTTGATCGCACCGCTAATAAGATTATCCATATATCAACCTAATTGAAAAATCTTAAAATTATAACAAATTTTCAGCAAAGAATTTCACCTACAAGCAAACATTCGCAAATTAACTCTTTATTAAATTTTTTATGCTAGAGTTCGCTCAAGATTTAAGTTAAAATCGAAATCTTTTAAGGAGGATGAATATGAGTCTTTATGATAGAGACTATTCACGATCAAGAGAATTTGAAAACACTCGTTCAAGTGAACTTGGTATTTTTATTAAACAAACTTATCAACTTTTTGCGGCTTCTCTTTTAGCAGCAACTGTTGGTGCATATGTAGGAATTTATGCTTTAGCGGCATTTTTTATACAATCACAAGTAACCTTTTGGATACTTTTTGCTGTTGAAATAGGACTTTTGATTGCCTTGCAATTTAAAAAACGCGAAGCTCCATTGAATTTAATTTTACTTTTTGGTTTTACTTTTTGTTCAGGCTTAACCCTAACGCCATTACTCATTTCTGTTCTTGCCCTACCAGCAGGTGGAGTAATCATCGCTCAAGCTTTTGCTCTAACAACAGTAGCTTTTGCAGCGCTTAGTATTTTTGCTATGAATACCAAAAAAGATTTCACACTAATGGGTAAAGCTTTATTTATAGTTTTAATCGTGGTTGTAGCGGCTTCTTTGCTTAATATCTTCTTCCAAAGCAGTTTATTAAATTTAGCTATTTCAGCCGTAGCAGCGATTTTATTTTCATTTTATATTCTTTATGATACACAAAATATTATTCGCGGAAACTATGAAACTCCAATTGAAGGTGCTGTAGCGCTTTATCTTGATTTTGTAAACCTTTTTGTATCTTTACTTAATATCCTAAGAAGTTTCAATAGTAGATAATTTTTTGCGGGAAAGTCCCCGCAAAATTCTTAAAATTTCAAATCTTTTCAAGTTTTATTTAGTTACAATATCTAACTCAAAAAATTTTTAAAATTTAGGAAAATTTATGATTACTCTTTTAACTATTTTGCAGTTTGTCATCGTCGTTATTATTTGTATAGCTGTTTTACTTCAAAAGAGCTCAAGCATAGGACTTGGAGCTTATAGCGGAAGCAATGAAAGTTTATTTGGAGCAAAAGGACCCGCAGGATTTTTAGCGAAATTTACTTTCATCATGGGAATTTTACTTATTGCAAACACTATAGGTTTAGGATATTTATACAATAGTACAAGTAAAGATTCTTTAGCTGAAAAAATCAAAATTGAAACAAATACAAGCATTCCTACTGCTCCAAATGCTATAAACGTGCCAGCTATTCCAAGTGCTCCACAAATACCTAACGAATCAAATACAAGTAAGTAATTTATAAGGAAAAAATATGATTAATGAAATTTTAAACAAACAAAAAACTCAAAGTGAAAAAAGCTTAGAAGCTTTAAAAAAAGATTTTACTACCCTACGCACAGGTAAAGTCAATACACATATCTTAGATCATATTCAAGTAGATTACTATGGCTCTTTAACTCCTTTAAATCAAGTTGCAACCGTTTTAGCAAGTGATGCTTCAACAATAAGCATTACTCCTTGGGAAAAACCTATGTTAAAAACTATAGAAAGCGCTATTGCAGCAGCAAATATAGGGGTAAATCCAAACAATGATGGCGAAAGTGTAAAATTATTCTTCCCTCCAATGACAAGAGAGCAAAGAGAAGAAAATGTAAAACAAGCAAAAGCTATGGGTGAAAAAGCAAAAGTTTCGGTAAGAAATATTCGCAAAGATGCAAACGATGCCGTAAAAAAACTTGAAAAAGATAAAGCCATTTCAGAAGACGAAGCTAAAAAAGCCTATGATGAAGTGCAAAAACTAACAGATACTTATACTGCAAAAATCGATGAAAGTGTAAAAAACAAAGAAAGCGAACTTTTAAAGGTTTAAAAATGGATTTAGAGCAAATTTATAAAGATTGTGGGGCTTATTTACAAGGACATTTTTTACTCAGTTCGGGTAAGCACTCTGAGTTTTATCTTCAAAGTGCTAAAGTCTTAGAAAATCCAAAATTAGCAGCAAGACTTTGTGATGAGCTTGCTAAAATTATAGCCGAATTTAATATAGAATTTGACAGCATTTGTTCTCCTGCTTTGGGAGGAATTTTAGCAGGATATGAACTTGCTAGAGCTTGTGATAAACGCTTTATTTTTACCGAAAGAGTTAATGGAGAAATGACTCTAAGACGCGGTTTTGAGGTAAAAGAAGGCGAAAGATTTATCATTTGCGAGGATATCATCACAACG
NZ_CP066027.1_gap39	1509021	1513964	4943	TGTATCAATTCAATTTCAAGATATCAATTTAAGCAATGAAGGTGGAAATGCATTATGGGAAAATGTTTTAACTGAAATTTTACTGGATAAAGAAGATTTAAAAATTAAAGCTATTTATTCAAAAATAGGTCAAGTTGATTTTTCTCAATTTTATGCAAAATTCTATCTAAAAAACCTAGACCATCAACAAAAATTTGAAAAACCTATATCGTTTTCTAATTTAATACAATTTAACGAAAGTGTAGAAGAGTTTAAATTTGATTTTTGCGAAATCAATAATCATACAATCTCTTCATTTTATAATAAAAATATCATTTATTTTGATGATGATAATCAAACCTTGAAAATGCATTCTCAAGGCAAAGCAAATAATCTAAATATAGATTTAACTTCTCAAATTTATCAAAGTATTGATTTTGATCAAATCAATTTTGATCTCATTTATAGTCAAAAAAAACCTGATATTTCTGATGATAAATTGATTTTTAAACCTTCCAATGAAGAATTAAACTTACAAATACAAAATATCACTTTAAAAAAAGATAATCAAGATATAAACATCAAAGGAAATATCTTTTTATCAATGCAAAGTCATAAAGCTCATATTCAAATTTCTAGTTTAAAATCGCCCGATGAAATCTTTACTTGGGGGCAATTTTTTGGAGGTTTAAATCAATACTTTATAAAAAATGAAGAGGGTATGTTTATCATGGATCTTCATTATGATAGTGATACTAAAACTCAGCTTAAAATCAATGGCAATGAATTTACGGATATAAATTTAAACTGATGAGTTTAGCTTTAAATTTTCGTCCCAAAACCCTAGATGAAATTCTAGGCCAACAAGAACTTGTAGAAGTATTTAAAAAATTTATCAGTATGCAAAAACTTCCCCATAGTTTATTTTTTGGACCTGCAGGATGTGGAAAAACAACCTTTGCTAGAGTTGTAGCTAAGGATTTTGGGCTTGATTTTTATGAATTTGATGGTGGAAATTTCAAACTTGAGGATTTAAGAAAAATCATAGAAAATTACAAAAACAGCCTTTATAAACCTCTTATTTTTATCGATGAAATTCATCGCTTGAGTAAAACTCAACAAGAAATGCTTTTAATTCCTATGGAAAATTATCGCTGCATTGTTATAGGTGCAAGTACTGAAAATCCTTATTTTGTTTTAAGTTCAGGCATTAGAAGTCGCTCTATGCTTTTTGAATTTAAAAATCTTGGGCAAAAAGATTTAGAACTTTTATTAGAGCGAGTACAACAAAAAATAGCATTTAAAATAGAAGATAATGCTAAAGAATTTTTACTAAAAAGCTTCGATGCTAGAGCAATGTTAAATTTACTTGAATTTGCTTTGGTTTTAAATGAAAAAGAAATCACTTTAGAAAATTTAAAAAAACTTCGCAACGGAGTAAATAGCGAGGGTGTAAGCTCAAAAGATACTCATTATATTTTAGCAAGTGCTCTTATTAAAAGTTTGCGCGGAAGCGATGTGGATGCTGCTATTTATTATCTTGCTCGTTTAATTGATGCAGGAGAAAGTGCTGATTTTATCGCTAGGCGTTTGATTATCTTTGCAAGTGAAGATATATCCAATGCCGATCCTAATGCTTTAAATTTAGCCGTTTCTACTCTTACCGCAGTAAAAAATATCGGCTATCCTGAAGCAAGAATTATACTTTCTCAATGCGCTGTCTATCTAGCAAGTGCTCCAAAATCAAATTCAAGCTATAATGCTATAAACAAGGCCTTAGATTATGTAAAAAACAATCCTGCACTTGAAATCCCCAATTATTTAAACAATAATCATCCTGAAAAGAAAAATTACCTTTATCCGCACAATTTTGGCGGATGGGTGAAGCAAAACTACCTGAGTGCAAATTTAAAATTCTATGAAAGCAAGGGCATAGGAGAAGAAGCGAGATTGCTTGAAAATTTAAGCAAATTAAAAAACATCAAGTCCTGATTTCTTATAAAAAATTTACAAAATAAATGTTAAAATGCAATTTTATCTTTAAGGAAAAAATAAGACACAATGATAAACATAGGAATTTATGGCGCTAAAGGGCGCATGGGCAAACAGATCGAAGAATGTTTAAAAAGTGAAACTAAAGCAAAAGCAGCTGCACTTTTTGATAAGGGTGATAATTTAGAAGAATTTTTTGAAAAAAGTGATGTTATCATCGACTTCTCATCTCCAAATGGCACTCACGAACTCTTAAATTACGCAAGAACAATGCCAAAACCTTTAGTAATTGGCACAACAGGACTGGATGAAAAAACCCTGCATTTAATGCAAAATGCAAGCGAAGTAATGCCTGTTTTTTATGCGACTAATATGTCTTTAGGGGTTGCAGTTTTAAACCATCTGGCTAGCAAAGCAAGCCAAATGTTAAGAAATTTTGATATAGAAATTTTAGAAATGCACCATCGTCACAAAAAAGACGCTCCAAGTGGTACTGCTATGACTTTAGCACAAGGTGTAGCAAAAGCTAGAAATTTAGATCTTGAAAAAGTAAGAATCAGCGGAAGAGATGGTATCATAGGCGAAAGAAGCAAAGATGAAATTGCCGTGATGAGTCTAAGAGGTGGAGATATTGTAGGACGCCACACTGTGGGCTTTTATGAAGAGGGTGAATTTTTAGAATTAAACCATACCGCAACTTCAAGAGCAACTTTTGCTAAAGGAGCGATTAAAATCGCTATTTGGCTTAATGCACAAAAGCCAAAAATGTACTCAATTAATGATTTTTTAGGAATTTAAAATGTGTGCAGTAGTAGGAGTTATAAATTCAAAAAATGCAAGTACTTATGCTTACTATGCTCTTTTTGCCATGCAACACCGAGGACAAGAAGCAAGCGGGATTAGTGTAAGCAATGGTAAAACTATCAAAACTATCAAAGCCAAAGGCGAAGTAAATCAAATTTTTAACCCTGAGAATCTAAAAACCCTAGAAGGTGAAATCGCCATAGGACACAATCGCTATTCTACCGCGGGAAATTCAAGCTTAAATGATGCCCAACCCGTAGCTGCGACTTCAGTCTTAGGGGATATTGCTTTAGCACACAATGGAAATTTAGTCAACAAAGAAAAAGTAAGATCAAAACTCATCGAAGATGGAGCTATCTTTCAAACCAATATGGATACTGAAAATGTCGTTCATCTCATAGCAAGAAGTAAAAAAGAAAGCTTAAAAGATAGATTTATCGAAAGTTTGCAAAAATGCATAGGGGCTTATTGTTTTGTTTTAGCAAGTAAAGACAAGCTCTATGTTGTAAGAGATCCTTATGGGGTGCGTCCTTTATCTTTAGGGCGCTTAAAAGATGGAGGCTATATCGTAGCAAGCGAAACTTGCGCTTTTGATCTTATAGAAGCAGAATTTATACGCGATGTTAAACCTGGAGAAATGATTATTTTCACTCAAGGAAATGATAAATTTGAAAGCATAGAACTTTTTAAACAAGAGCCTAGAATTTGTGCTTTTGAATATATTTATTTTGCTAGACCTGATAGCATTATAGAAGGAAAAAGCGTGTATGAGATACGCAAAAAAATGGGCGAAGCTTTGGCAAAGAAATTTACTCATAGTGCTGATTTTGTAGTGCCTGTTCCAGATAGTGGCGTAAGTGCTGCCATAGGCTTTTCACAATATTTAAAAATTCCACTTGAAATGGCTATAGTTAGAAACCATTATGTAGGTAGAACCTTTATCGAACCTACTCAAGAGCTTAGAAATTTAAAAGTTAAATTAAAATTAAATCCTATGCATAAAGTTCTAAAAGATAAAGAAATTGTCGTAGTAGATGATAGTTTAGTGCGTGGGACAACTTCTAAAAAAATCATTTCCCTACTTCGTGCCGCAGGTGCAAGTAAAATTCACTTGGCCATAGCTTGCCCTGAAATTAAATTTCCAGATACTTATGGGATCGATACTCCAACCTTTGAAGAACTCATTAGCGCTAATAAAAATTTAGAAGAAGTACGCGAATATGTGGAAGCAGATTCACTTAGCTTTTTAAGTATCGAAGAATTAACTCAAAGCATAGGGGATGAGAGAAAATATTCTTTAATTAGCTTTGATGGAGATTATTTTATCAAATAATCTCTATTTTACATAAGAGGGATAAGTAAAGAAAAACAAATGTGTTAAATTTAAACCATAATGAAAAAATACACTAAGCCACAAACTCTTACTATATCTCCAAGCCATTCCATAAATCAAACCTGCCAAAGAAGCAAAGATTATCATCAAACTACCTGCTTTATAATGCGCCGCTCCAAATGCCAAACTTGCGACTAAAAGTGCTCCTACACCCCCTATCAAACCTTGTAATCTTTGTTGTAAATAACCCCTAAAAAATGCTTCTTCAACCAAAGCAACCAAAAATAAATTAGAAAATAAAAAATACACTATCCAAGAAGGAAAGCCTATTTCCATTTTAATTACACCCAAATACCAAGGGATAGATAAAAGTAAAAAAGGACTTGCAAACAATAACGCTGCTTGAAATAATTTTGGTTTTATTCTATTTAAATTCTCAAACAAACTTGGCATAAGCAAAAAGAGTAAAAAAACACCCAAAGGCTTATCAAAACTAAAATACAAAGTAAAAGCGCTACTATGCTCACTTGCATGAACTTTATCTAGAATTTTTACATTATTAACACCTGGAATAAAATGCAAAAATAAAAGCAAGCAAAATGCCACTATCAAAAGCTCTAAAAATACATTTTTATTATTTTTATAATACAAGGACAATAAAAAAAATACACCCACAAAAACAATAAACTTATTTCTATGATATTATGATAATAAGCCAAAAATCCACTGATTACCAATACTACAAAAGATAATTTTATTTTTTAAATGAGAGCAAGGCCAAAGCTAAGGCTAATAAGATAAAAGTTAAGATCATATTTTATTTCTCTTTTTTTAA
NZ_CP066027.1_gap40	1545152	1547335	2183	CGATTTTTGCCAAAAGCAAAGTAGGAAAAGATCCTATCATAGATACTAAAGGGGTTCGTAAAAACAAAATAGAAAGAGCTATAGTTGTAGCATCTGCAACACTTGCCCATTCAAATTTTAAAGCTAAGTAAAACTCTACACCCACTAAAGCCAAAAGAGTTACATTTGTCCAGTTGTTTGAGAGATTGTTAAAAAGATTACCTAAAGTACTATTTTTCTTTTTCAATCTTGCATTATTTTCAAATTCATCTTCATAATAAAGCTTGGCTCTATCACGATTGATCAAAAGTTCTTTATGTCCATCTAGTATATTTTGGTAATTATTTTGCAAAGCATCATCATTTTCCCTTGCCTTTCTAAAATACTGATATACTTTCATCATCAAAAAATTATTAGTAATAAAAATAACCATAATCCATACCACACACAAAGCAAAAATTTGTGGTGAAAGATAACATAAATAAACACTAGTGCATAAAATCAATATACTTGATTGTAAAAAATCAGGCAATCTTAAAAGCCCAAAAGATATATTTCTCACATCACTTCCCAAAGAAGCTAGAATTCTTGCCTTGCCCACTTTTGCAACTTTTAACAAAGGAGTATCTAAGATCTGTTTTACCACGCGTCTTTGCATTTTAAAAATAAAATTTTGTCCAAAAATACTAAGTCCAAGTTCAACTATGGTAGAACTTATAAAAAAAATCAAAAGCAAAACAATAAAATAAAAAATAGGAATGTTTTGTGCATTTTTAAGTAAATAATCATTGATAAAGACTAGGGTTAAAACCCCTACAGCGCTTGTAATAAAAGAAAAAATCAAAAAAGAGATGAATTTAAATTTATTTTGTTTAAGCAATTCTAAAATAAAAGGCATTGATAAAAACTCCGAAAGTATAATTAAAAAAATTAATTATAGCATTTTAAGAGCGATTATCAAAATTTATTTTATCCTTTACAAGAAAAACAGCACAAATAGCCAATAAAGCTAGAAAAATCATATATATACTCATTCCATATAAAAATGGATTTTCGCCTCTAGTAGCAAGAGCATTGAGCCAAAAAATAAGCTGAGGAGTAACCCCTCCTGCGATAGCATAAGCGATATTATACGAAAAGGAAATTCCTGAAAATCTTATTTTAGCTCTAAAAACTTCACTCATTAAAATAGGAGCAAAGACATTAATCCCACCTAAAAAACAAACACTTGTATATAAAATACAGGTTAAGACAAGATTTTTAAGATCATATAAAGCATAAAAATACAAGCAAGAAAAAAATGCAAAAACTAAAGAAAAGAAAATGCAAATTTTAAACAAACCTAATTTATCCACAAGATAGCCCATAAACACTCCACCTAGTGTTATACCTAAAATTCCTAAAACTTGTAAATAACTTCCTTCAATCGCACTCAAACCCAAAATACTTGGCATAAATTTAGGTATCAGTAAGATAAGCACTACAACACAACCTGTTAAAACCCAAGTTATAAAGATAGATGCGAGCATATTTTTGAAAATATTTTTTTCTTTAAACAAATCCTTAAGTGGAAAAGCACTCAAACTCCGTTCTTTTTGCATTTGTTTAAAAATAGGAGTTTCTTGTAAAAATCTACGCAAATAAATAGAAATAATCCCAAAAATTCCACCCACAAAAAAAGCGATACGCCATGCATAAGCTGCGATTTCTTCGGTGCTAAAAAAAGCATTGATCAGTAAAAATACCATACTTCCTAGTAAAATTCCCAAAGCCATAGCCGAATTTAAACAACTCAAAGAAAAAGCCTTTTGATCTTCTTTGCAATGTTCTCTTACAAAAACCCAAGCACCAGGTAATTCTCCGCCTATAGCAATACCTTGAAAAATTCTTATAAGTATAAGTAAAAACGGTGCTAAGAAACCAAGAGTTTCATAACCAGGTATAAAAGCCAATGTAAAAGTAGGAAGCACCATAAGTAAAATACTTAACATAAACATATTTTTACGCCCAAATTTATCACCAAAATGCGCCATCACTATACCACCTAAAGGGCGCGCTAAATAACCTGCAGCAAAAGCTCCATAAGTATTTAACAAAGTCCAAAATTCACTCATATCTTTAGGAAAAAATACTTTTGCGATATATTCAGCAAAAAATACAAAGATGATAAAATCATAAAATTCTAAAGTTCCACCTAGCGACGA
NZ_CP066027.1_gap41	1683621	1684121	500	ATTAGAAATATCGCAGTTATAGCCCACGTTGACCATGGTAAAACCACTATGGTAGATGAACTACTAAAACAATCAGGTACTTTTAGTGAAAGAGAACAAATTTCAGAACGCGTTATGGATAGTAACGATATAGAAAAAGAACGCGGTATCACCATACTTTCAAAAAATACAGCTATCAATTATAAAGGCACAAAAATCAACATCATAGACACTCCAGGCCATGCCGATTTTGGTGGAGAAGTAGAGCGTGTTTTAAAAATGATCGATGGGGTTTTGCTCTTAGTCGATGCGCAAGAAGGCGTTATGCCACAAACTAAATTCGTGGTTAAAAAAGCCCTATCTTTAGGACTAAAACCTATAGTTGTAATCAACAAAATCGACAAACCAGCTGCTGATCCTGAAAGAGTAATCAACGAAATTTTCGATCTTTTTGTAGCTTTAGATGCAAACGATGAGCAACTTGACTTTGCTATCGTTTATGCTGCAGCAAAAAATGGTTA
