gap_id	start	end	length	sequence
NZ_CP119075.1_gap1	132475	134931	2456	TTTCGTGATCGGAGCAAATGGCGTGGTAGTCACCATCGCCGTCGAATCGATCCATGTAGACGATGGGAATGCGTTTCTCCAACTCCTTGAGCAGGGTGAGCATCTCGCGATCATACGTCACGGCGATGATGCCATCGAGGAAGGTGGCGGGCAGTTCGTTGTGGGGGTCGACGGGGAGCAGCACGCAGGCGTTGTTGCGCGCCAGGGCAAAGGACAGGTGGGAGGTCAGTCGAGCGGCGTAGCCGGAAATACGGTCCGGATAGTTGGGCTCGGAGAGCACCGCGATCTGCTTCATGCGCACGCCGGCTTGTGGGCGCATGTCGAGTTGGCGCGCGGCCTTGAGCACGCGAGCGCGGGTGTCCGAATTCACCCGGTCTCGATTGTTGAGCACGCGGCTTACCGTGCCGGGTGAAACCCCCGAAAGCTTGGCCAAATCATAGATGGTAGGCCTTTTTTTGGGCGCGAGGCTTTCGGAGGAGGCGTCAGATCGAGGCATGAGGAGGGCGTGCGTGAATAACCGCTAAATCGGCTCGGTTGGGTTAGTTATCATAGGTGAAACGAGCTTCGTCAATGAGCTGAACTTACCTGCTGGGAAAGAATCAGTGGCGAAAAAAATCTAAAAGTATTGCAGATCATAAAACAATTTAACAACTTCCCGATCGCACCCCGACTACCCCGTCGCCGACCGCTTATGGTTTTTCGGATCAGTTTATCCGGACAGCCCCTTTCGGCATCCGCGACCCAGATCTACACCCCTCGACCCTGAACACCCCTTTTGTCCGCAGCGTTTCGGCTGTGGGCAGACTTCCCCAACACTATGAAAGTGAACCTCCCCATGTCTGCTCGGGCGCAATGTCCGAGTCTGCGCACCTTGCTTGGCGGCCTGTTGATGGCTTCAGCCGGCCATGTGTTTGCCCAAACGGCGGCCAGCGGCGCCGCTGACGATGCGCCCGAAGATTCCGAAATCGTCGAGCTTTCGCCTTTCACCATCAATGCGACCGAAGACAAAGGCTACCGTGCCACCAGCACGCTCGCCGGGTCCCGGATCAACACCAGCCTCAAGGATGTCGCATCATCGGTGAGTGTGGTGACCGCTGAGTTCCTCAAGGACACCGCCGCGACGGATATCAATGATGTGTTTGCCTACATGGGTAATACGGAAGGCACGGTAAACTACACGGATGCGCCAGCGCAGGGCATTGGTGGTTTTGCCGACAACACGGCTTCCAGTCCGATGACAGCCAACCGCGTGCGCGGTCTGGGCAGTGCGACGCTCACGCGCAATTACTTCGCGACGATCGGGGGTTCGCTTGGTTTCGATGCCTACAATCTCGACCGGCTCACGCTGAACCGTGGTCCCAATTCCATTCTCTTCGGTCTCGGTCAGCCCGCCGGTATTATCGACTATTCGCCGAAGCTCGCGATGTTGAACCAGGATTACAACGAAGTGAGCTTGCGCTACGGCAGTCAGGGCGACGCTCGCGCCACCTTCGATTTCAACCGTACCATGGCCGACGGTAAATTCGCCGTGCGCGCCACCGCCCTGTGGGCCGACCGGGGTTACGAACAAGAGCCGTCCAAATACCAAGATGCCCGTTACTTCCTGACGACGTCGTGGAAGCCCTTTGATTCCACCACGATTCGGGTCAGCTACGAAAACGCGGATCAATACCAAAACAACCCCAACTCGATCACGCCCATCGATCAGGTTTCGAGTTGGATCGCGGCGGGCCGTCCCACCCATGATCCGTCCCAGGGCAATGGCACGGGGCAGTTTGGCACGCTCACCGGGGAAAGCAGTTACCTCATGGCCATGGGGGCCGACGGAGTGCCGCAATATTCCTTCCAGGAAGGAGCCAACGGAGACACCTGGGCGACGTGGTGGCAACCGTGGCGCGATGGCGTGTTCGTGCAGACCGCGCTCGGTTTTGGGGACGACAGTTTTCTGCCGTTTCACCAGCTCAACCTCAATCCCATGGTCAATGACCGGCAGCTCGATACCTTCACCGTGGAATGGGATCAGGAAGTTTTGCCGAACCTGTTTTTCAACGTCGCCTACATTAAGGAGGATCTCTCGTCCCGCGGGCTCAACTTTACCCGCTCCAACGAATTCGGCGTCTTCGTCGACGTGAATGAAAACCTCCCCGACGGCCGCACCAATACCAACTTCGGCGGACTGTTCATTCCGCAGCGTTCGCTCGATAATCTCAACATCGGCACCAACGACAACGAGTCCTACCGGGGCACCGCCACGTGGCAGCTCGATTTTACCGAGCGCGATGGTTGGGCCAAATGGCTCGGTAAGCACCAGATCACCGGCTACTACGAAAACCGCGAAACCGGTTACGAGAGTGACGTCTACAACGAGATTCGCGCGGGTTCGCCGTCCTATCTTTGGCCCGCCGATCGCATCAACGACGGCCAATGGCAGTTCACGCGTCTGCGCTACCTCGGTG
NZ_CP119075.1_gap2	136254	140009	3755	ACTCCGACGGCACGCCCTCGGTTTACCGTATTCAGCAAGGTCGCACCTGGTTTATCTCCACCACGCTCGACTGGTAAAAAGGGGGTTGGCTTCCGCGCCCACCCGTTGAGCAATGAAGGTCTCCCTGGACGTATCCTGGGAGGCCTTCTTGGTTTTCCGTTCAAGCGCGGTGTGCTTCACTGGCCGCCGCATCGGTATGGCTCTCCCGCACTTCTCCCGCTCCCCATCGTTTGCCCCGGCTCGCGCCCGGCGCTGCAGTCGACTGCTCCGGCCCTTGGTGGCCGCTGCCGTGATTCTGCTCGCGGCGTGTAGTCGAACCACCGATACGGCGGCGGTGACGCCGCCGCCGCGCCCGGTGCTCGATGCCTTTCCCGCCGCCTGGCGCGAACGCGTGGACGCCGCCGAGACAGCGCTCGCGCGCACGCCGGAGGATGCCTCCGCCTGGTCGCGCCTCGGTCGGCTCTATCACGCCAATAGTTTTCTGGTCGAGGCGCAGACGTGCTACGAACAGGCCGTGGCAATCGACCCCGCCGATGTCGGTTCCACTCGCTACCTCGCGGACGTCGCGCGCGAGCAGGGAGACCCCGCCGCCGAGCAGCGTTGGCTGGCCGAGACGGTGCGACGGCAACCCGCCTACGTGGCGGCGCGTCTGCAGCTCGCCGAGCTGCACTATAAAACCGGTGAACGCTCCGCCGCGCTCACGGCGTTTCAGGACGTCCTGCAGGAGTATCCGAACAATGGTTACGCCACGATCGCGTTGGCCCGCGATGAACTCGCGCAAGGTCGATCCGACGCGGCCCGTCGCCGGCTCGAAGCGTTCGTCGTCGATAACGCCGGATGGTCCTCGGCCTACGCCGTATTGGCGCAGATCCATGCCGCCACCGGTGACATCGAGCGGGCGGCGGCGCTGCGCCAACAAGCGCGTGAGCGCAAGGATCCCCTGCCGGACGATCCGTGGATGGATGCGCTGCACTACGACAGTTTCGATCTCACGCGACTGGCTATTACTTTTGAAGAGCGCGTGAAATCCGGCGACGGCACCGGCGCGGGTCGCATCCTTGAACGCATGGAAACCGTGGCACCCGATCATTGGATGGTGCGACGGTTTCGCGCCGTCGCGCTGGGCCGTCTCGGCCGTCATCGTGAGGCCGCCCTCGACTACGAGGCCGCCCTCGCGGCGGGAGGTGATCTCGCGGTGCTTTATCCCGCGGCGGTCACGGCGTGGCGCGCCGCCGGTGAGCTGGACCGCGCCACCCAACAGCTCCGCGCGGGATTGGAGGCGACCCCTCGCACCGTGGCGTTGTGGATCTTGGCGGCGGATATGGAGCGACAGGCGGGCGATCTGCCTCAAGCCCGTTCGAGCCTCGAAACGGCCCTTCGTCTGGCGCCCGATAACGTGGCGGCTCTGCGTGAGTTGGCGTCATTGCATTGGCAGGCCGATCGGCGGGCCGACGCCGGATTGTTGTTGGAAAAGATTCGCCGCCTCGCGCCCGACGATGTCGCGGCGCGGGCGATGTTGGGCCAGTTGTTTTATGAAGCCGGGCAACTCGATGACGCCATCACGGTGCTCACCGAAGCCGTCGCCTTACATACCGACTCGTCGCGAGTGATGCCATTGTTGGCGGCAGTGTGGCTACGCCGTGGCAATGACCATGCTCGCGCCGGTCGCACGACTGATGCCGTGGCGGACTACGACCGCGCCATCGCGGCGTGGCCGACCTACGCCGAAGCCTACACCAACAAAGCCAAACTTTTCCTACGGCAGGGAGAATCGCGCGCCGCGCTCGACGCGTATCGCCCGTTGGTGGATCGCGATCCGCGAAATCCGGTCGTGCACCTCACCTGGGGCGACATCCAGGCCGCCGCCGGAGAGCGTCCCGCCGCGGTGCAGGCCTGGCGGCAGGCCCGGTCATTTCTCGACTCTGCTTCTGATCCCGCGCTGCGGTCCGCCATTGATTCCCGACTGCCATGAACCGACACGGTCTTCGCTGCGCGTTTTTCTTCGGTGGATTGATTCCGGCCGTGTTGCTCTCTGCCGCGCTCGAAGACGTCACCACAGCCAGCGGGCTGGTCTATCAACACGCGGATCAAGCGACGGTGCCCTTGCGAGGCGCCACGGAAGCCGGCCGCATCACCAAGACCGTCGTGTCCAATCACGCCGGAGCCGCTGCGGTCGATGTTGATGGCGATGGCTGGACAGACTTGCTGACCGCACGTTACGACGCGCCGCCGCTGCTTTTTCGCAATCGCGGCGACGGCACCTTTGTCGACGAAGCGATAGCGAGAGGCCTGGGCGCCGCGGTCAATGCCGCGGCCTTTGGGGCGGGCGATCTGGACAATGACGGCGATGCCGACCTCGTGGTGGTGATGCATCGCGGCTCGCGCCACTTGCTGTTCATCAATGATGGCACTGGTCACTTCACCGAACAGGCCGTTGCGCGCGGCGCGGCGGTGACCTCTGCGCTGGCCGACCACGAAAGCTACAGCGTCGGGCTGGTGGACTACGATCGGGACGGCTGGCTGGATATTTACGTCAGCGAATGGGGCGTGCCCGACACTGCGGAAAACGCGTTGCACTCGGTATTGTTGCGCAATCGGGGAGCCGTCGCACCGGCGCACTTTACGAATGTCACGGCGGCCGCGGGGTTGGTGCAGCCGCCGGTGGGGAAGGCGGAGCATTTTGCGTTTTCTTCCGCTTGGGCCGACTTTGACGACGACGGTTGGCCCGATCTCGCGCTGGTGGCGGATTTCGGGTCGAGTCGGATGTATTGGAATAATGGCGACGGGACGTTCACCGACGGCACCGCCGCGTCGGGCCTGGCCCGGGAGGAGTTTGGCATGGGGGTGGCGGTGGCGGATTACGACGGCGATGGTCGGCTCGATCTGTTTGTGACTTCGATTTACGAGCCGTTCTTTCACCAGCGCAGTGGCACGCACGAAGGCAACAAACTGTATCGCAATCTCGGTGACCGCCGTTTCGCCGAGGTGGCGACCACCGCCGGCGTCGATCGCACCGGGTGGGGGTGGGGGGCGGCGTTCTTCGATTACGAAAACGATGGTGATCCGGACCTCATGGTGGCCAACGGCATGGACGCGTCCGAACTCGGTCCGGCGGGGCCGTTCTACGCGGCATTGACCGATCAAACCGCGTTGCGACAAAACGACGGCAGCGGACGCTTCAACGACTTCTCCAATATTGCCGGCGTGCGCGACACGGGCCTCTCCAAGGCGGTGGTGGTGTGGGACTATGACAACGACGGCGACGAGGACGTGCTGCTCACGCAAACCTTTGGCCCCGCGATGGCGTATCGCAACACGGCCACCGCCAACGGCAACCGTTGGATCCGGTTTAAGTTTCGCGGTCATGCGTCCAATCGCTCGGGTTATGGGGCGGTGGTGACGGTTTCCGATGCCGGGGCCTCCCGCACCAATCTGTTCAATCCCACCAACGCCTACATCGGCCAGCGCGAAGGCGCGTTGCATTTTGGATTGGGGGCCCATGCCGGTAGCGCGGTCGATCGCGTCACCGTGCGCTGGCCGAGCGGCGTCGTGCAGCGGGTCGAGAACCTGGCTACGAACCAACTGCACGTGCTCGAAGAGCCCGATCTCGCACCGATCGCGCCCGTCTTTACGACGCAACCCACCGGAGGCGAGTTTGAGCTGAAGCAAAGAATCGAACTCTCCGTCGAAGCGACCGGCATCCCGGCGCCGATTTATGAATGGAAGCGGGACGGCGTCACCATCGCGGGCGCCAC
NZ_CP119075.1_gap3	141026	145080	4054	ACTACACGCGGACTACGGTCGGGTTTTGGCCGAGTTCTGGGCCGACGGTCCTTCCTCGGAAACGCCACCGGGACATTGGAATGTGCTCTTCAATGAGATCGCCGATGACCCTCGGCTCGTGCGCCGCTACGCCGGACAAGGCGCGGAGCTCTCCGCCTTGGAATGGGATGTGCGGGGTTACCTCGCGCTCAATGGTGGTCTCTACGATGCCGCCCTCACGGCGTGGGGCGTCAAACGCATCTACGATTCCGCGCGCCCGATTTCGATGATCCGTTACATGGGAGGGTTGGGGCAGTCCTCCGATCCGGCGCAACCGTCGTATCATGCCGACGGCCTGCCGTTGGTGGAGGGCATGGTGGAGGTCATTACGACCGCGAGCGCGGCGACCGGCCAACGCCACGCCCATCTTTCCGACCACATCGGCGAGGTGGCGATTCGCGCCTGGGCGGGCAAGCCTGCGGATATTGCGAGCGAGGTCGGCGGCGTGGATTGGATTCTCGCCACGACCTGGGTGCCGTATCAGTTGGACACCTTCGTCTCGCCCGCCTTTCCCGGATACGTCTCCGGTCACAGCACGTTTAGCCGCGCCGCGGCCGAGGTGCTGACCCTGCTCACAGGCACGCCGTTTTTTCCCGGTGGCCTGGGCGAATTCCATTTTGATCAAAACGACTTTCTGCGTTTCGAAATCGGGCCGGCCGCAGATATTACGCTGCAGTGGGCCACCTACTACGATGCCGCCGACCAAGCGGGTCGGTCCCGTCTTTATGGCGGTATCCATATCGCCGCCGATGATGTGGTCGGGCGGATGCTGGGGTCGCAGGTCGGGATGGATGCATTTCTCAAAGCGCAGGCTTTGCGGCAGGGGCGGGCGGTGCCTCGCGGACTGCTCAACCTTTCCACGCGTGGGCGCGCCGGCGCTGGTAACAGTGTGCTGATTGCGGGTTTCGTGATGGGCGGGGACGAGTCAAAGGAAGTGCTTTTGCGCAGCGTGGGTCCCACGTTGGGCCGTCTCGGAGTCGACCCGGTGGTTCGCGATCCGCGGCTCGCGCTGTATCCGGCAAATGCCACCGAATCCATCCAGAACAACGATGCATGGCACGCCGGACCGCGTGCTGACCGCGTGGAGGAATTGAGCCGTGAAGTGGGCGCGTTTGCTCTGGACGCGAACTCGGCCGATGCCGCCGATGTCGCTACGCTCGGCCCCGGCGGATACACCGTGATCAATGAAGGGGCGCAAAGCCCGGACGAAATCGTCCTCACCGAGGTCTATGGACGCGATCTGGTCAACCTGTCCACGCGCGGTGAGGTGGGGGACGGCGATGGCGTGTTGATCGCGGGATTTGTGATCGAGACCGCCGATCCCGCGTTGGTGTTGATCCGGGGGATTGGTCCGTCCTTGGCTCCGTTGGGCGTCACGGGCGCGTTGCTCGATCCGCGTCTCAGTGTCTTTCGTCGTTTGCCGGACGGTAGCACCGAATTGATCGCGTCGAATGACAATTGGCAGGATGACGCGCGAGCTTCGCTCACGCTCGACGCGAGTCATCGCGCCGGGGCCTTCGCCATTCCATCAGCCAGTGCGGATGCGGCGCTGGTGCTCCAGTTACCCAGCGGGGTTTACTCCGTCCATGTCTCGGGCGCCGACGGCACCTCGGGCATCGCCCTGGCCGAAATTTACCACGTCGAATGACGTCGTCACCGCACTCCCGGTGGGGTTGAAACATTCGACCTGTGGCTCCGCATTGCTTTTCTTCGTGACCCCCTTGTTTGCCATGTCCCGATTTGTTGCTCCGTCTGCGGTTCTCGCGTTGCTCGTTTTGACGATCGGGTGTGGCCGACCAGTGTCACGGGAGTCGGAGGTGTCGTCTTCGGAGACCTCGTCTCTGCTCACGCCGATGTTTCTGCAGACTCAATCCATCGGTGCACCCAGGACGGAGGAACCGTGGATCACTGATTTGACGGTGGCCGATCTGGATCAGGACGGCACGCCCGATGTGATCGCGACCGAAGGGCGGCGACATCTTGTGTTGTGGCTGCGGCGTCAGGCTGATGGCACCTTCATCGAGCAACCCATTGGCGAACCGGTGGCCGGAGCGGTGCACGCTGAAGTGGTCGATATCGATGGCGATGGCGACAACGACGTGCTCGTGGCCAGCATGGGATACGTGCCGCCGAGCAACCAACGCATCGGCGCGGTGGTGGTGCTGGAAAATCTCGGCGACATGACGTTTCGCAACCACGTTATCATCGAAAACACCTATCGGGTGACCGACGTGCAGGCGGGGGATCTCGATGGCGACGGGGATCTCGATTTGGCGGTGGGGAAATTCGGCTACCTGGAAGGTCAGGTCACGTGGTTGGAGAACCGCGGCAATTGGCAGTTCACCGAGACGTCGCTGCTCGAACTTTCCGGTGCGATTCATACGCCCGTGGTCGATATCGATGGGGATGGTGACCTCGATATCATCGCGCTGATTTCCCAGGACTGGGAGGAAGTCTACTGTTTTCAAAACGACGGCAAGGGTCGCTTCACCTCGCGAGTGCTTCATGGTTCCACCAACAAGGATTACGGCAGCAGTGGACTAACCGTCGCCGACCTCGATCGCGACGGCGACCCCGACCTCGTCTACACCAACGGCGACGGGTTCGACTACTCCACCCCGGGGGCCCGACCGTGGCACGGCGTGCAGTGGTTGGAGAACGATGGCCGGGGCAGTTTCCGTTATCATCGCATCGGCAACTTTGCCGGCGCCTATAGTCCGCTGGTGATCGACTTCGATGGGGATGGAGACCGCGACATCGTGAGTGTCAGTGGATTCAACGATTGGACGAACCCGGCGGCGGTGACGATGGTGTGTTTCGAAAACGACGGTCAGCAGCGTTTCACCGCGCGTCCGCTCGCGTTCAATCCGTCGCATCTGATCGTGATCGACGCCGCGGATTTCGATGGCGACGGCCAACTGGATTTGGTGACCGGCAGTCTCGGATTTTACCCACCCTATGAGCGCGCCGGTCGCATCGATCTGTGGCAACGACGGTAGGACCGGGGCCCGCGCTCGAAGTCTGTCAGGGTTGGAGAATCACTTTCAGGTGGGCGCCTCCTTCGGGCGTGGAGAGCTTCGCGAACCAGGCGGCGCCGTCGGCCAATGGGACGACGGCGGAAATCATGGGCTCGACTTGAATCGCGCCACTCGCGATCAGTTCGAGACTGGCGGGGTATTCACCCGCGGAGCCGCAACTGCCCAAGATGGTGAGTTCACGCGTGACGGCGTGTTGGAGGGGAAAGGTGACCTCGGGCGCGAGGTTGCCCACGAGCACGACTTTGCCGCCCAGCCGGGCGGCGGCGATGGCGAGTTTGACGGTGGGCTCGATACCCACGACTTCGAATACGACGTCCGCGCCGTGACCGTCGGTGTAGTCGTGAATGGTCGCGACGGGATCTCCGGTGGTCACCTCGACCGTCTCGGTCGCTCCCAACGCCCGCGCATGATCGAGGCGAGTCGCCTCCCGATCCACGGCGATGATACGGGAAACGCCGGCCGCCCGCAGGGATTGAATGACAAGCAACCCGATCATGCCGCTGCCGATCACCACGGCGGAGTCGGTGGGGGAGATGTCGGCCCGGGTCAGCGCGTGCTGGGCGATCGAAACCGGCTCGGCGAACGCGGCCTGTTCAAACGACAAACTCGCCGGCAAGCGATACAGGATACGGGCGGGCACGGTCAGGTATTCCGCAAAGGCACCGTGTTGACGATACGTGCCGGGGGAGACGCCGACAACCCGCCGATCCGTGCAAAGGTTGACCGCCCCGCGTCGGCAGGCCGGACACGTTCCGCAATACACGGTGGAATCAAACGTCACGCGATCGCCCACCGCCCAGTCGGTCACGGCCGCGCCGACTTGGGAAATTTCTCCAGCGGCTTCGTGACCCATGATCAACGGAACCTGGCGTCGGCCGCTCGAACCGTCCCAGCCGTGAATATCGCTGCCGCAAATGCCGCAGGCCCGGATGCGCAGCTGCACCTCGTCGGCCGCGGGAACAGGGGTGGGATGATCC
NZ_CP119075.1_gap4	177399	180490	3091	TTTGTATCCATTGGCCGGAGACGACGGATCGGTGGCGGCGCTGGTGCGGGTGATCCGACCCCACATCGTGGTGGTGGACCCGATCACGGGCGAGCATCGCGAAGTCGGACCGGCGATCACCGACACGACGGACGAGAGCCAATTCATTAAGTTTTTCACCGGCGTGGACCGGCGGTTGTATCTGTCGACGCATGGCGGGGATTTTCGGGTCAATGGCATGATGCTGGAGCCGGCGCCGGTTCTGCCAGCACCGTTGGCGGGGATTCATGCGGCGGGCGAGCACCGCTATCAGGCACCGGTTACGATGCCGGGCGGGTGGCAGGCGCATTTTGTTGATGAGAAGTTTGGGGCGCCGCGGGACCTGTTGCTCACCAATGTCGACCCGACGGTCGCCAGTCGGCGGTTGCAGTTGGATTGGAAGGGCAACGGCTCCAACGTGCACGTTATCGAGGAAGGACCGGACGGTATGCTCTACGGCTCCAGTTATCTGCCCAACCGGCTTTACCGGGCGGCGACGGACGGGACGGTGGTCGAAGATCTGGGAGCGCACAGTCTGGCGGGTGGTCAGGCTTATTCCGCGGCGACGTTTGATGGAAAGGTCTACCTCGCTTCTTACCCGGGGAGTCGACTGTCGGTTTACGACCCGAATCGTCCGCTGCGGTTTGGCACGGAGCCGTCCGACAATCCGCGCGATCTGGGCCGTTTGGATCACATCGGCTATCGGCCCAACGCCATGATCGCCACGCCGCGCGGGAAGCTGTGGATGGCGTCGGGGCCGGCCTACGGATTGGTGGGCGGGACGTTGGCGTGGTATGAGCCGGGGACCGGAGCATCGGAATCACACCGTAGTATCGTGGAAGGGCTCTCGCCGGCGTCGTTGTTATGGTTGCCGGGGACGGAGCGACTGCTGGTCGGCATGAGCGTAGAGGTTGGGACGGGGGCCGATGTGGTGCGCACGGATGCGACATGGGCGCTGTGGGATCCGGAGAAAGACGAACTGGTGTGGGCGGACGATTTTGGCATCGAGGACATGGCCGATGTCGTGTCGCTGGCACCGGCGGGTAATGGACTTGTGTATGCGTTGATCGGACGAGGAGACCACATCCTGACGGCCGGCGGAGAACCGATCGGAGTGCGTCTGGCGTTGATTGATCCGGCGGCGCGGAAGTTGATCGGCATCACCTGGTTGCCGAAAGATTTTGGACCGCTCGCGTGGCACGGCGCGGACGCGTTGCGCATCAGTGAGCGGGGTAATATTTACGGAGTGACGGCCAATTGCGTGTATCGCATCGCTCCTGGCACAGTCGACGTCGAACGCGTCTGGCAGTTGGATGATCCGGTGCTGCGCGAAGGCGTGTGGCTGACGTCGCTCACCCCGAACGCCATCGACATCGTCGGTCCGATCATCGGCAACGAGTTGTTCTTCGCGACGGGCTGGAAGTTGCGCGCCATCACGCTGCCGGAGTGAGCGTTTCCACATCGTCCGCTCTGCCTCCCATCACGTCATAGCTGATCGAGGTAGGGCGTGCTCGCCGAGTGCGCCGACACCGGTGGGCGTCGATGGAGTTCAGGCTAACTGAAGCGGCGGTTTCGGCGAAACCGCCCTACCTCAGACGTGTTGGGGCCGGTTCGACGTCTTCCGATACGTTAGCGCATTTCGAATCGTTCGTCGCCAAGGGGGTAGTCGCGGCTTTCCAAAATTTCATCTTCGCCGATCGCAATGTGATGATTGGGCGCTGGATAAATCGTGTCGTAGAAGACGAGTTCGGGGGAGAATTTATCGAGGCAGGCGAGGAACTTGGAGAGGTTTCTCTCAGCAATTTTGTCGTCCCCCATTCGTCGATAATACAATGCCTGCAACATCAATGCTTCGGGGAATTCGGGTCGCAGCTCCAGCGCGCGGTCGATCCGGTCCCGGGCAATCTGGTCGGCGTTGGGCTGATCGCGGAATGTTTTCATACTCACCGAGACAAACAGCGTGAGCGGGTCGTGGGGATTGAGGCGAACGGCCTCTTCCATCAGCGTGTTTCGGTCGACCTTGATGTAGGTGTCCATGCTGGTCTGGTAAGCGAACCACAACATCCGGGTGTAAATCGCGCTCAAAGCCGCGGCGGTTTCGCGGTCGGGTGCTTTGTCGACTTCGTGTTTCGCGATATACGCGAGGGTGGCACGATAGATGTCGGCGGCCTTTTTGAAGCGTTCGTTGCCGGTGACGCCGTGCCAAACCTCCCCACCTTTCCGCCGTTCCAGAACTCCCGCAAACTGTTCCTTGGCCGCGGCTCGACCGAGATGGCGGAGCGTTTCAGCGTGGTCGTTGGCATGGGCCAACGTGGCGAGGCACGCGACCATGCCGAGCGTTCGGATATATGGGATAAACGAAATCTGCATCGGATCGAAACGGGGTGGTTTCCTTTGAAACACCGGAGCCCGATGGAGGCGAGGATGGATGTGGGGCCCGTGCGACAGCGTTCAGCGCGCGCGAGGGCACGCTGCTACGCCAGAGAAATGGAGCGGTGGGCTTCCCGCGCGCGGAGACTGATTTCGGTGGTCGTGATTTTCGCTTCGATCAGTCCCTCGGGTCCGCTGAACGTCCAACCGTTGGAGGTGCGTTGCCAGTGCTGATTCGCGCCGAAGTCTGTGACGGTTCCACTCGCGAAGAGGGTGAGCCAGCGGCAGCGCGAGCCGGTGGCGGTCGCTTCGATGTAGCTCTCGTGACGCTGTTCGAGTGGATCGCCGCTGCGCTCCAAATGATAGGGCGGGGCGTAGGCGTGTTCGCGGCGTCGGAACGTCAGATCGGTGTCATCAAGGGCGGCGATGTGGCCGACGCAGGCGGCGTGGTTTCCGTGCACCACAAATGCGCCAGCGGCGGTTGGTTCGGCTTGGTCGATGGTGTGCCAGCGCAGCGAGATCTCTTCGGCCGCATCGAGTTCCGCTTCGTCGAACACGAGCACGTAGCCGGGCCAGAGGTGGAGCACCGTGCGGGTGACTTGGATCGCACCGGTGTAAGCCGGAGTAAGATCGATGCGCCAGGCCGTGCCGTGGCCGGGTTCGTGTGACCAGGCGGTGACCTTGCCCGCGAGGTCACTGACAT
NZ_CP119075.1_gap5	379633	382634	3001	ACTCCAGAAGCGGATCTGGCGGGCAAATCCCTTCAACCTGGCATAGTTGGTGTCGCCGTTGGCGAGGTAGGCGACGCCCACGCTGAACGGGACCTGAGGCTCGACGGGAGGCGCGCCGTTGACGCTGCCGGAGGCGACTTCCACGCCGTTTTGATAGAGTCGGCTGGTGTCGCCGGCGATGACCGCCGCGAGGTGAACCCAGGTGTTGAGGGGGAAATCGACCGGGGAGTTGATTTGCCGAAAGGAGCCCGTGACGCCGGTCGAATAGGAGAAAACCGGGCGTTGTCCCTGATCATCCAGCAGCAGTGCGCAGCTCACATAGGGATCGTTGCCCGCGGCGGCGAGACCGCGGCCCATGATCCAGGCATAGGGTTGCGGAGCGGTGACGTAGAACCAGCCCTCCATGGTGAGCGTATCGCCCGGGGCGAAACCGCTGCCATCGGTCGAGCGCAGGGGGGCGGAGGTGACGTCGGCCACGAAGGCCTGCGTTGGCGGGGTGGGTTGACCGGAGGCGGCGGTGGCGAGGATGAGTCCTACGAGGAGAAAAAAACGCATTCGCATCGGCGCCATATTTTGATGGTGCCCGGCGTGCTCAAACCAAAAGCAGTAGGGAAAAATCGTATTCGGTTTTTGGATCAGGTTTGGACCTGAAGCACGTAAACGATGCCCTGAACGTTGCCGATGGCGAGGTGGGTGTCACCGGGTGACCAGGCGAGTTTGGTGGCGGGATTCGGCAGTTTGACCTTGGCGCGAAGGGGTTGGCGACGGTCGGGGCTCCAGAGCATGACGGCGCCGTCGGCGGCGGCGGTGGCGAGCAGTCCATGGTGGTGCTGGAAAGCCACGGCGGTGATGCGTCCGTCGTGCGGCAGCATGGCGGGCTCGCGACCCTCGGGGCCGGCACCCTGGCAATCCCACACACAGCCTTCGCGACCGCCGCCGGTGGCGAGCCAGCGACCGGTGTGGTCGAAGGAGAGCTCCTTCACCTTGGTCTCGTAGCCGCTCATGTGAAACTCCTGTTTCTCGTCGGGCAGCCACAGATGAACGGACGGGTCCTGGTTGCCCGAGACCAACCAGCGGTTGTCGGGTGACCACACGAGCGAGTGGATGCCGTTGGCGTAGGGAAACTCGGTTTGGGCGACGTAGTCGTCGGCGTCCCACAACACGACGCCACCGAAGTAGGCGGAGGCGACGCAGCCTCCGGCGGGTTGCCAGGCCACGGCGCAGATGGTTTTGGGGGCGGGGGCAAAGGTGTGTTGGGTGGTGCCGTCGGGACCCAGCAGCGAGAGGGTGCGACCGGCGGCGGCGGCGACGGCGGTCCCATCGGGGCGCCATGCGAGATGATCAACCCAGCCGGAGCCCAAATCGACGGAGACGGTGGGTTGACCGGCGACGGTGTCCCAGAGTTTTACCGCGCCGTCTTGCCCGCCGGTGGCGAGCAACGGTTGGCTCGGGTGCCAAGCGATGACGTTGGTGCCGTCTTCGTGGCCGGGAACTTCGTGGGTGATGGCACCGTCGCTGAGTTGAAACAACGTGACGGGTCCGTCGGCGGAAGCGGCGGCGAGGATCGTGCCATCGGCCGACCACGTCAGGTCGATCACGTAGTCGTCGAGCGAGGCCGCCCAGTGTTTGGTCAACTGCATGGGGGCAAGAGAGCGCGGGGACCGATGACGCGCAAGAGGACAGTCGCGACTAATCAGGCGCGGTCGGCGTCGCGGTAGGCGGCGATGACGGCGCGTTCGCCGTCGGCGCCGGGCTGGGCGTTGCCGTGTTCCATGCCGACCACGCCGGCGAAACCCCGGGCTTTGAGGTGACGGAAGACATTGCGGTAGTTGATCTCGCCGGTGCCGGGCTCCTTGCGGCCGGGGTTGTCACCACATTGGAAATACGCGATCTCGTCCCAGCAGTGATCGATGTTGGGGATGAGATTTCCCTCGGTGATCTGTTGATGGTAGATGTCGAAGAGGATCTTGCAGGAAGGACTGTTGACGGCCTTGCACACCGCGTAGGCTTGGTCGGAACGTTGCAACCAGACGCCGCCGTGATTGGCGTGCCAATTGAGCGGCTCCAGCACCATGGTGAGGTCGTGGGGTTCGAGGATGGCGGCGCAGCGGCGGAGAAGGTCGATGGCGTGGGCCGTCTGGTAACCCGCGGCGAGGCGGGCACCGCCGTAGCGATTCCACGATCCGGTTTTATCTGTTTGTTGATCGACGGAACCGGGCACGACGGTGAACCACCGGGCTCCGCAACGTTGGGCGACCTCGACGGCATGGCGGACGCGGTCAAGCACCTCCGCTTGTTTCTCCGCGTGAGGCACGGTGAAAGTGGGTTCGTCAAAATTGGCGTAGGCGACGAACACGCCCATCTGCATGCCGCGATTGGCGAGGGTTCGGCCGATGGCCTCCTGTTGGGCGGGCGGACGACCCGCCATGCCGTTGTCCTCCCACGCGGTGAATCCCTGGTCGGCGGCGAACTTGATTTGATCAACGACGTCGTCGCCCGCGATCGCCTTGAACATGCCGGGGTGGGGCGCGTAACCCAATTCGAATGGGGCGGCGCGGGGGGCAGACTGGGCGAGCAGACGGGATGGTCCGGTCAAAAAGGCGGCGGCTCCGGCGGCGAGGAACGATTGGGTGAAATGGCGACGATTCATGGGGTGGAAAGTTGCGGCTTAGACGAACGAAGGCGGGGGAATCAGCGAGCATTCCCCGGGGGTAACCGAACGAGGACGTGGGGTAAGCTGCGAAGCTCGTGGGAGGCCGCTGCGGTCGGACGGAATCGGGTCTGGGGGTTAGCCGCAAGAGCGACGGAGGGGAGCTGCTCAGACGGACACAGGTATAATCACCTAAGACAATGAACAATAATAGGTTAGACAGGTATAGGGTTTTAAGGAATTGTATGGAGCATGCGACGAACCCGGGCGAACTCCTTCCAACCAGCAGAATCTTTGGATTTATTGTTCAACTGGGGGGCGGTCGCGACCGATGGACGGGAGACAGAGTTA
NZ_CP119075.1_gap6	417738	419345	1607	GTGTGACCGTGGACTCGTTCGCGGCGGCGGAGGGAGTGTTGCCGACGGTGTTGCAATCGACCTATTTCCCCGCTGGGGTGCGCGGACTGATTCTCGCGGCGATGTTGGCGGCGGCGATGTCGACCTTTGACAGCACGCTCAACGCGGGGGCGTCCTACGTGGTGCGCGATCTGTTTCAGCCGTGGTTTCCCCGGGCGGCGGAGCGGCAATTGGTGTGGGCCGGTTATGGGGCTTCCGCGGTGCTGGTGGCGATGGGACTGGGGTTGTCGCTATGGTTGGGCGGCACGGTGTTGGGCGTCTGGATCGGCATCGTCATGCTGCTGTTTCCGGCGTTTTTGGTGCCGTTCGCGTTGCGGTGGTATTGGTCGCGGTTCAACGGTCCGGGGTTTGCGGCCGGTATCGCGGGCGGATTTGCCACGGCGTTGTTTTTCTCGCTCATCGACCCGGCCGGATGGAACGAAGCGACCCGGTTTTTGGCGATTTCCGTGGTCTCAGCGGTGGCGGCGATTGCCGTCGCGCTGAATTCGGCCCCCGTGGATCCGGACCAGTTGCGACGATTTTACGAGCAAGTCCGGCCCTTCGGCTGGTGGCCGCGGGCCTGGCGGCAACCCGACAAGGTCGAGCATCGGGCTGATGTCGCACGGCTGCTGCAGGCGCTGGTATGGCAGATCACCACGTTTCTCCTGCCGATGGGCATGGTGTTGGGTATGTGGGTCGAAGTGGCGGTGGCCGCCGTCGTGTGGATCGTCCTGGCGGTGCGGTTGTGGCCGGATAGCAAACGACCGCAGGCGTAAAACACTCGCGGCCGGAAAAGTTTGGCACCGCCCGCGAAGACGGCGTGGTGTTGCTCAATTAATCGCCATCGTGCCAGGGCTCGTCCCAATCATCCTCGTCAATGGCATGGGGACTCGGACGACCTTCGACGAGGCCGATGAGTTGTTGAGCGATCCCGGTCCAAGTGAAGAGGCTGCGAGCCTTGTGGGCCCCCATACGTTTCATGCGATTGCGTAATTTGGGATAATTCAGCGGTTTCATCATGGTAATGCCGAGATCCTCCGGGTCGAAGGTGTCGGCATAGAGGCCGTGGCGGCCGTAACTGATGGCACGGAACAAACCGCCGTGGACCGTCACGACCGTCGGGGTCCCGCAGGCCATGGCTTCGATCGCGGTCATGCCGAATGGTTCGTAGCGGCTGCTGAGCACGAACAAATCGGCCGCGCGGTAATAGTCGGGCAAGTCCTCATCGCTGATGAAGCTGCCAAACTTGACGCGTTTTTCGAGGCCGTGGGATTTCACCTGGGCCTTGATGCCGGCGAGAATCTCGCGTTCCTGCTTGTCCATTTTTTTGCCACCGACGGCGAGGCGCAGGATGGCGTCGGGGACACGTTTGGCCGTCACTGCAAACGCGTCCACCAGCAGGTCGTAACCCTTGTTGGTGGCGAGACGACCGAGGGCGACGATGGTCGGTTTCTTGAAGCCGAGGCGTTTGCGGATGGCCTCGCGTGATGCTTCGCCCACGGGAAAGAAACGGTTGTCGTCATAACCGGGCGGAATCATGGCAACGCGGCGACGAGGCACCTCGTAGTCTCTGATGATCATGTCGTGCT
NZ_CP119075.1_gap7	423192	427477	4285	GGTCGTAGCGGGACAGACGAACGCGACCGTTACAGTAAATCGCCTTGGTCGCGGGCGAAGCCTTTGAGGCCGAGGGCCTGGTAGGCTTTGGCGGTGAGGACGCGGCCTTGTTGGGTGCGTTGGAGGTAGCCTTCCTGGATGAGAAACGGTTCGTGGACTTCCTCGAGCGTATCGGCTTCTTCGCCCACGGCGATGGCGACGGTGCCGAGTCCGACGGGGCCGCCTTTGTAGTTTTCGGCCATGATGCGCATGATGCGCTTGTCCATCTCGTCGAGACCGCGGGCGTCGATCTCCAGCAGCTCGAGGGCCTTGGCGGCGACGGGCTTGGTGATGCGGCCGTCGGCGCGTTCCTGGGCAAAGTCGCGCACGAAGTTGATGAGGTTGTTGGCGATGCGGGGCGTGCCGCGGGAGCGGGCGGCGATCTCTTTTGCGCCGTCGTTGTCGATCTCGACGCCGAGCAATCCGCACGAACGTTCGACGATGCCCATCAACGTGGGCGTATCATAATAGTCGAGACGTGTCTGCAGCGTGAATCGCGAGCGCAGGGGGGCCGTAAGCAGACCGGCGCGGGTCGTCGCGCCGACGAGCGTGAAACGTGGAATCGAAAGGCGCACGCTGCGGGCGTTGGGGCCCTGGTCGATCATGATGTCCAAGCGGAAATCCTCCATGGCGGAATAGAGGTATTCCTCGACCGTTTTGGGGATGCGGTGGATCTCGTCGATGAAGAGCAGGTCGCCTTCCTCCAAGCTCGTGAGCAGACCGGCGAGGTCGGATGCCTTTTCGACGACCGGACCGGAGGTGACGCGCACATTGCGGCCCATTTCGTTGCCGAGGATGAAAGAGAGCGTGGTCTTGCCGAGACCGGGCGGGCCGCTGAGCAGGATGTGGTTGAGCGCATCGCCGCGTCGTTTGGCGGCCCCGACCATGACCTGCAGGCGCTCGACGGATTTGGCCTGGCCGGTGAAATCGGAAAATGAGAGTGGGCGCAGCGCCGCCTCGGCCGGGGACTCCGGATTGTTGAACGTGGAGGCGAGGTAGTCGGTGACTTTGGGCGTGTCGGGCATGGCGGCCAAGTAAGAGGGATGAAATCTGAAGTAAGAAGCGCGAACTGACGTCCGGTGAAAACGATCAAGGCAGGTCGTTGAGCACGGTCAGGCCGGGCACTTTATTGAAGTGACGGTCGAACGTCAGCACCGCAGCCCCGTGATCGAGAGCGCAAGCCGCGATGGCAATGTCCGTCGCGGGGATGACATCACCATGGCGGTCTAGCTCCCAGGCCAGCGCAGCGGCGTGTTGCCACGTGCGAGGCGTCAGGTTGAGGAAGTGCATGGTGGAGAAGCGTTGGTCGTAACGCTGCCGATGAGTCGGAACGCTGCGGCCGCGCAAAACCTCGACCCAGACCAAACCATTGATCGCGAAATCGACGTCCGAATAGAGGTCGAATGATGCAAAAGCGTCCTCTCGTAGCTGGCTGAAACGAATGAAAAAACTGCTGTCGACGAGAATGAGCGGATTCACTTTGACGGGTAATTTCCGGTGTCCTCGTCGGTCGCTTCAGGCACTTGCCGATCATCGGCCTCCGCCGCTAATTGGCGACGGGACCTGAGTCGGTTGATGCAACGCTGCACGGCATCCTCGTCGATATCGGGTGGATCAATGGCGTCCGATGGCTGTGGCGCGGAATCCTTTACCCAATCTTCATGGGTGGGCCAGAGGGGAGTGCGAAACAGTTTTCGCTGTTTGTGGCGGCGGGCGAGATCGCGCAGAGCCATCTCTACAGCGGCGGTCTTCGTCTTCGCCCCGGTCAGATCCATGACTTCGGCCAAGACGTCTTCGTCGATATGCATCGTCATCTTCATGATGCATTATGAGTATGGTTTCTAAACCATACCGTCAAGGCAGATATGGCATGCGAGCCATACTGTAGTTTAAATAACACCACATAAGCAATATAGGCAACTTGTCACCTAATGGGTGACAAACTGCGGGGGGTTACTGCCACTCCAGGCGGGCGCCGAGGGAGTTGAGGTTTTCGACGAAGCGGGGGTGGGCGCGTTTGATGATTTCGGCGTGGCGGACAACGCTCTCGCCCGGGATTGAGGCGGCGACCATGGCGAGGGCGACGGCGGCGCGGATCACGTAAGGCGAGTCGACGACGGCGGGGCGCAGGGGGCGTCCGCCGAAGACGATGAGGCGATGGGGGTCGCTCACCACGGCGTGGGCACCGAATTTCGCCAACTCGGGAATCCAGGAAAACCCGTTTTCATAGACCTTGTTCCAGAAGTGAATCGTGCCGGTTGCGTGGGTGCTGAGCGCGATCATGAGCGGGAGTAGGTCGACCGAGAAATAGGGCCACGGCGCGGCTTCGATTTTGGGCAGCAGATTGACGGTGTGGGGCTGCTCAATCTGGAGCGATTGGTTGCGCTCCACGATGGCGGTATCGCCGTCATGGGTGACGATGACGCCGAGGCGGGCGAAAGCGCGGGCGATGAGGTCGAAGTGTTGGGGCACGGAGTTTTCGATCCGCACCTCACCACCGGTAATGGCACCAAGGGCCAGGAAGGTGACGACTTCGTGGTAGTCGGTGCCGATAGTGATGTCGGCGCCGTGCAGTGAATCCACGCCGGTGATTTCGAGTCGGCTCGTGCCGATGCCGGTGATGTTGGCCCCCATGGCGACAAGGGCGGTGCAGAGGTCCTGCACGTGCGGTTCGCTGGCGGCGTTAATGAGGGTGGACGGGCCGTCGGCGAGGGCGGCGGCCATGGCGAAGTTTTCCGTAACGGTGACCGACATGTAGTCGAGCCACTTGCGCGTGCCGGTGAAGCGTTGGCCGGGCAAGGCGATGGTCAGCGGTTCGGTCCCGGAGATGTCGGCTCCGAGAGCGGCCAGGATATCGAGGTGGGGATCGATTTCACGGACACCGAGGGAGCAGCCCTTGGTGTTGGACCGCACTGTGATCTTGCCGAGGCGGTGGAGCAGTGCCGGGTAAAGCAACACGGTGGACCGCATGTCCTGCGGCAGTTCGTGATTGGCCAGGGCCGGGGAGAAATTGGCGTGATCGATCTTCATCACGCCGGCGGCGCGATCCCACGCGATGCTTGAGCCCTGAGTGGTGAAGAAGTTGACCAGTTTGTTGAGGTCGGTGATGTCCGGGACGTTGCGCAGCGTGACCGGTTCAGCGGTCAGGAGGGTGGCGCAGAAGACGGGCAACACGGAGTTTTTGTTGCCGGAGGGAGTGATGGTGCCGCTCAGCGGATTACCGCCTTGGACGATGAGATCGGACATGGGGAAAGAGTGAAGGAGGAGAGACGGCGAAGGAAATGCGGAAAGGCGATGGCGGCGATGCTGTTCCCGGGGCGGAAGCCAAAAAAAGGCGCCCGTCGGAGAGACGGACGCCTGAGAAGTGCGTTTGGGCCGGTGGGCCTTGGCAAGGGTTAACTCGATGCGGAATCGCCGCCGCCGGAGCCGCCTTCGCTGCGGCGTCCCCGGTTGCTGCCACCGCGACCACCGCGACGACGACGACGGCGATTGCCGCCGCCTTCCCCACCACCTTGGCCTTCGCCACCGCGTTCACCGCGAGGGCGCGAGTCATGGGACTCGGGGTTGGCACCGTTGGAACGACCGCGACCACGACCGTTGCCGGAACCATTGCCGCTGCCACCGCCGTTACCCCGACCGCGACCACGGCCGCGACCGCGTCCACCACCGGAGCGATTGCCGCGCGAGCGTTCGCCGGAGCGGGAATCGGATTTGCCGCCTTCGGTTTTGGTGGGCTCGGAGGAACCGCCGATGAGGTTCTTCAGCCAGCCGAAGAAACCGCCCGAGCTCTTGCTCGATTCGAGTTTGGGTTTCGGCACATCGACCTCGACGTCCTTGGGGGCGCGGGGGCGGCGTTCGCCTTGATCGCGATTGCCGCGGCCTTCACCGCGGGGCTTGCGCTCACGACGACCACCTTCGCGGTTGCCGCGAGGTTCGCGCGCGGGGCGTGCGCCGTCGCCTTCGCCGCGACGATTGCTCGGCTTGAAAGCCGGACGTTCATCGGAAGTGGCGGGTTCGGGAAACGACGGGGTCTCCCAGCTTTCGGTCGATTGATTCACGCGTTTGGGCGGAAGGATATCGAGTTCAGCTTTTTCATCCGGAGCAGGATCCTCCGGGGCCTCTACCTGGGCGGGAGCTTCTACCTTGGCCGGAGCGGCTTTGGCTTTGGGCTTGGGCGCGGGCTTGGACTTGGCGGCGGGTTGAGCTTCGGGAGCCCAGGATTCCTCGGAAGCCTTGAGGGGCTCCG
NZ_CP119075.1_gap8	602765	603555	790	CGCTGTTCTACCAACTGCCTCTTGAACCGGCTTCCGTGGTCGCAGGGGGGCACCGGGGTCGGGTGACCCTTGCCGGCAACATCAATGAAGCTCACGATTTGTGGGCCCAGAATGTGCTCATGACCATGCCAACGGCGGGTGATGTGCTGGCATTGCTCAATGCCGGCGGATACGGCGCTGCCATGGCCTCATCCCATTGCCTGCGAGGTGAATATTCCCAATATTTGATATGGAGTTAACGGCCAAATCCGCTTCCTGGCGTCGTCTACCGTGGGTATTGGCCGTATTGGAAACTTTGGAAGCGCAGACTTCGATCGCGCCCGCCCGCAGGGTTCAGGACCTGGAGTTGCAACGCATGATCGCATATGCCGATGGCGACGGCGAGCAATTGGCTCGTGCGATCCTGCGTCGATTGGCCGGGGAACCGTTGGCTTACATTGTGGGAGAATTGGAGTTTGGGGGCCGTTTTTTTTGGGCGGACCAACGGGCCTATATCACCGATCCGGAGACCATTTGGCTGGTGCGCGAAGTGGTGGCGGAAATTCGAAATTTCGAGCAAATTCATCAACGTTGGCCGGTTGTGGCGGAATTTGGCGTGGGGGGAGGGGCTTTAAGTATTTCGGTCAAACTGGAGTGTCCCGAGGTCACTATCATCGGACTCGATATCGATGACAACGCGCTCGCAGTAGGCCGTCTCAATGCGCTGCGGCATGGGGTGGCGATTGAGCTGCTGGAAAGTAACTTGTTCAGTGCGTGGTCGGATCGAGGCGCGCCGGATTTGATCTTTGGT
NZ_CP119075.1_gap9	605165	608362	3197	TGTTCCGCGAGTCGCCGGAGAAGATGCCGGGGAGGAAGAAGAGGGTGAGTCCAGCCTCGCGGACACCCTGCGCAACATCATCGGATCGCGTTATGTGACGGCCTTCACGCTGGTGATTTTCCTGACATTGATCACGGCGACGTTGTGCGAATTTCGCTACTATTCGATTTTCGAGAAGCACTATCCGGACGAAGCGGCGTTGGCGGCCTTGTTCGGAAAGCTCTATGCCGGGGTCAACGTCTTCAATCTCGTCGTCACGTTGATTTTGTTTCGCACCCTCGTGCGTTGGGTGGGGGTGCGCAACGTCGCGCTGATTCAACCGGTGATCTATCTGGGCGTGTTCGGTTTCCTATTGATGGACGGAGGCATGGTGGCCGCGTTGTTTGGTTTTGTGGCCTACCAAGGCGTGATGACGTCCATCGACTACAACAACCAGAACCTGTTGTTTAGTGTCCTGCCGGAAAAAGGAAAGGAGCGCACCCGCACTTTCATCGAAGGCATCTGCGAACCCCTGGCCACGGCCAGTGCCGGTGTGCTGTTGTTGGGCGCGCAGTATTTTCTATCCGACACGGGGATTTCGGGCATTGGTTTTGGCACGGCGTTGGCGTGTTTGGTTTTGGCGTTGGTGTTGCGCGTGGAGTTTTTGAAATCGATGACCGCCAATGTCCGCCGCAGTTGGCTCGACTTCAGTGGGGCGGGTAAGGACGTCGCTTTTGTTCAAAAAGAGGATGAGGTGTTTCTGCGCACCCGCGCGGATGATCAGGCGGCTCCGGAGCATGAACGACTCGCCGCCTTGGAACGATTGTGGCAGTTGCAACCCATCGAAACGGTGGAGCGCGTATTGGCGTGGTTGCCCGCCATGAGCCTGGAGTCGCGGCGGGCAGTGCGTGGGCTCCTGCGGGAGATTTTACTGACGGATGATCCGGCGATCGTGGATCGTTGTCTCAGTTGGGCGGAACAATACGGGGCGGATTGCGACGCGTATGTTTTGGAGCATTTTGGTCGTCGTCGCCTGGTGCCGCTGGGGGTCGGGCGGCGCCGCGTGCAAATGGCCGATCCGCGCGATCGAGCGGCGGGGGCGATTGTTTTGTGGGAAAGCAATGATGTTTCCGATGTGCAGATCGCCCTGAAGACAATCGACCGCTTGCTGGATGGTGAGCCGACTGAGGCCGAGGCGGGATGGCATGCGCTCGGAGTGTTGGGCGAAATGCGATTCATTCCCCGTATCCTGCCGCATCTCCGCGACACGAATCCGCACCTACGCCTGCGGGCGATCGAAGTGCTACTCCAGTTGACCGGACCGGAATCATCCCGCGTCCAACCCGAATTGCTGCAATTGATCTCGACCAGTCGCCGACCCGAGGAACGGTTGTTGGTCATCGGAGCGCTGGCGCGCATCAACGATTCGGCGATCATCGAGCCTTTGCTGAAATCCATCGGTGACATGGTTCCGCAGGAACGGCGGGAGCTGGAGCATCTACTGATTGGCTTTGGTCCCCGCGCCGTTCCGGCTTCTATCAAAGTTTTACGCGGGACAACCTACTCCCTGGCGTCCCGGTCCATTGCCGCGCGGGCGCTGGCTCGAGTGGCGTTTCCGCAACTCGAACTCATGGTGCCTGAGTTGATTGAGGACATCGTGCGGCGCGCATATCGGGTGGTCGCTTTTCGCCACATTTTACGTCAGCATGCCGATCGTGGCCCCGGAACAGCGGCATTGGCGTTGGTTTACCACGATCTGCCCCGGCTGATGCTGGAGCTGGTGTTGGAACTGCTCAGCGTGATCGGCCGGTTGTCCAGTTACGATTCGATCGTGGCGGCGTTGCGAGCGGAGAACGGTCGCGAGCGTGGTTACGCGTTGGAGAGCATTGAACAAGCCTGCGGCCGCCAGTTGTTCGAGCGCTTGTTTCCGATCCTCGACGAGCAATCCGACGAGGACATCATCGCCAAGGGTGAAAAATTTGGGGTGCGAACTGATGGTTCGCTGGACACAATCGTGCAACGATCCCGCAAGGCGGTGTTTCCGCTGGAAGCATCGGCGGCGCTGCAGGCGGCGGTGGAAGCCGAACCCCATCGAGCGCGGGATATCTGCTTGGAAACCTTGCAGGAGCAATCCCATCCCATGGTGCGAGGCACCGCCCGAGTGCTCATGCGCCGCACGGATGCCAATGCCTCCCCCACCTCCACGGTGGTGGAGCGCGTTCGTGAGTTGTCGCGCCATGCATTTTTTCGCAACTGGGGCGTGCGGTCGCTGGAGGCGGTGGGTCTGCAGTTGGAGGAATGCTGGCATGAGCCCGGGGAGGTTGTGGTGGATACGGGGCAACGGATGGCCCGATTTGGAGTGGCGATGGAAGGCGGGTTTCGTTCGATGAACGATGAAGGGCAGATTCGCGATTTGCCGGCACCGTCCGACTTCGGGCGGGAGTCGCTGGGTGAGCTCTGGTCCGCGCAACGTCGCACGGTCACGGTCACGAAGCGGGCTCGTATCATGTGGTTGCCGGCGCATGCCTTGCGGGCGTCGGTGCAGGCCCAGCCCCGTCTCGCGATTGAACTGTTGGTCTGGAAACTTTCGAACCCGTGAAACCGCTGCACCTTCACTTCAACGTTCGCACGTGGCTGCAAATTGGGTTGCTGTCCTCCATCACCGGGGTGGCGATTTGGATCGGTTCCGGACTCTTCGTTTCGTTGCGACGGGTCATCCTTGATGGGTTCGACAAACAGCTCACTTCTCCGAGCGTGGTGGTGGCGGCTTTTATCGAGCCGGAGGATCACGCTTGGCTGGCCGAACGCCGCAATATTCACGGGTTGGCCTACGCGGAGAAAGAGGATGTCTTTTATGCGCTGGCGCAGACCCGGGGGGCGTTTGGTTTGGTGACCATTTCACCACTGACCGGGGTGGTGGCGGACGATGCGGCGGTTTACCTTTCGATGGAACTCCGGGACCTGGCCGTGGAACCGGTGTCGGGCCGCTTGATCGGGTTGCTGCCGGACGGTTCGCCGGCATGGGTGGATACGGCAACGGGAGAGGTGGCTCCCATCGCCGGCGCGCCCGCGGGCTGGCGCGGCATGGCCGACGGTCCGGGGGACGGCGGTATTTGGGTGATTGATACCATGGTCCGGCAGTGGCATCCGCAAACCGGGGCGTGGGCCGCGGCGCAGGCCGTGCCGGAGGTGCATGAGGATCCCATTTTAATGGGGGG
NZ_CP119075.1_gap10	705519	708596	3077	GGGAGCGGATTTTGCGCGGGTTGTCCCTCGACTATTTCGTGCCGCATAACGCGATTGTGTATATCCACGAGCATGCGTTGTATGGGCGGAAAGACTAAATGCCTGCTCGTTCCACTTCCCCTTCCACCGCCGTTTCTTCGGCGAAGACTTCACCCGACTCACTGTCGCTCGTCGCCCAGCTCGTCAAAGCGCTGGACGATAAAAAGGCGGGCGATCTGCGTGTGCTCTCCGTGGGGGAGCATTCCAGTATCACCGACTATTTGATTCTGGCCTCCGGGCAGGCGAACACCCACCTGCGCGCTCTCCGCATCGAAGCCGAGCGCACCCTCGATGCCGCCGGTGCCCCGATCGCGGGCATCGAGTCCGGTGATGAGAGCGGCTGGATCGTTTTCGACGCGTATCAGATCATGATCCATCTGTTCATGCCCGAGCAACGTGAGGTCTACCAATTGGAGCAATTATGGCGGGACGCCGATGAGATCGACGTGGAGAAGCTCCTGAATCCGCCAAAACCCAAGGCACCGGCCAAACGGAAGACCGCGACTAAAAAGACCGCGGCTAAGAAGACGGCAGCCAAGAAGACGGCCGTGAAGAAGAAGGCACCGGCCAAAAAGGCGGTGGCGGTGAAAAAAGTGGCCAAGAAGGCCGCCGCCAAAAAGACGACGGTCAAAAAGAAATCGGCTTGAGCCTGGCGGTCTGGTCTCGGCCGGGCAATGAAAGGGCCGGGCGGAGGTGGTCAGCAATGCTGACGCATCCCGCGGGGTTCAGAAACCGTAGCCGATCGAACTGGTGATGCGCTGGTCCGTTTTGGCGTCGCTGGTGGAGACCGCGTTGTCGAACTCGTATTCGTAGCGCAGGTTGATCTGGATGCGTTCGGTGATTTGGCCCTGCAGCGCGGTGTTGAAACGCACTTTGTAGTTGGGCAGATCTTCGGTGGTGGGCGTCGGCTGGTTGGCGACGGTGACGAAGCGGGAGCGGCCATCGGGGGAGTATTGCGCCACGGCATCCTGCACGAACTTGATGCGTTTGCTGATCTGGTAGGAATAGTCCTGAAAGAGTTCGATCAGGGTATAGAAATTGCCGTCGAGGGATTCTTCGTTGCGATATTGGGCGGTCAAACCACCGCCGATGTTCACGGCGTGGTCGTCGGATTTGAAGAGGCGGTAGCCGGCACCGATGTTTTGTTCCCAGTTGTCGGTAATGTTCTTCAGATCGTCGCGGTAGTAACTGCTCAAGGACTGTGCGAATGTGCGCTCCCCGAGTTCACGGCGCCAACGGAAGCTGCCGTCGTAGCGACTCTTGTTGACCACATTGTCCTGTTCGCCGCGCAGGATGCGGGTGTTGGCCTTGAAGGTATTGACGCCGTAGGTTCGCTCGGCGGTGGCTCGCAGGTCGATATTGATGGAGTCCTTGCGACCCTGTTCCTGGCGAAAACCCAGTTCGACGCTGCCGGACCAGGGGGTGATCTTGGCCGCCACCTTTGCTTTTGGGGAGGCATCGGGTGCTTGGGGCGGAACCGCGGGAGCGGCTTGTTCTGCGGTTGCCGCTTCCTGTGCATCTGATTCGACGACGACAGGAGCGATGGCGGCGAGTTCGGGCACGGGAATGGAGCTTCCTAATTTTACGTCGGCGGTGGAAACCTCGATCCGACCAACCATGGGGGCGTCGAAAACGATGATTTCGTCGGTTTGGCTCACGACCTCACCGCTCAGTCGGTCGCCATTGTGGAAAATCAATTCTTCGGCGTGGAGTGGGCCTGTGCATGCGGAAGCCACCAGAAGAAGCAGGAAAGTGAAATGCGAATTGAGCGGTGCGGATACCATTTTGCTTAAACGAGCACGTAAATGCGGACTTTCCTGACGAACAACAGATGAATCCGTTTTGGGATGTAAAAAGCCCCTGAATTGTTCCGCCGGGGGTGTCGTTTCGCAATGGATTGGCATTGGTGGATCCCACCTATGGCCCTGAAACTAAATGAGATGCCGAAGACAAATTGTGCGGTTAGCGCTTAAATTGGTTGCGTAATAATACCCACAAGTCGTTTGCAAGATTGCACTTGCGATAAATAAATCGACCCGGCTTGCTGGAAGAACGCTCATTTCCGGGCGCATATCATAATCATAATCCAGACCACACATATGAAGAACAACAATTCCTCCAAGGGCTTTACGCTCGTTGAAATCATGATCGTTGTCGTCATCATCGGCCTCTTGGCTGCGATGGCCATTCCGGCGTTCCAAAAGGTCCGCGCCAGCTCGCAGGACAAGGCGGTTCTCAACAACCTCCGTCAACTCGGTTCCGCCGCTGACCAATACTTCCTCGAGAACGGTGTCAGTGAAGTCACGTCTTCCTCCCTCGTGGGCACGAACTCCAGCAACTACATCAAGTCCGTGCAGACCGTTGCGGGTGAGACCTACGTCACGACCCTCGAGCAGGGTGCTGCCGTTACCGCGTTCGACGTCGCCGGTGCTCGCACGATCACCTACAATAACTGATTCGTTCTTGCCGAACTTTCGAGCCGCCCAATTCATTGGGCGGCTTTTTTTATGCTTACACAGATCGCTAAGAACCGCCGGCTTTGGTTGTTACTGCTCATGGCCGGTTTGGTGTTGGTCACCACGCGGTGGGCCCTCACGCCAAGTCAGTCCTTCAACTTTGTCGCCCAGTTCGGATATTGGTGCATGTTGGCGTTGGTGATCCTGCTCGGTCGTGCGGTGGCAAAGGCCGGGGCCGGGAAATGGGTCAGGGATAATTTTGGCCGATTCGATGCGATGGTGCTCGTATTGGTGGTGGTCTGCACCTCGGTGTGGTGGTCGCACGAAAAGCCGGGTTTCAAGATTCTGGCCGATGAACTACTTTTGCTGGGCACGTCGGTGGGGATGCACCACGAACGTTACGCCACTTATCCCAGCCGGGCGACCGATGTGCAGGGGCCGTTTCAGATCATCGAGCGGGTGCTCGACAAGCGTCCGTTGCTTTTCCCTTTTCTGGTTTCGACCGTGCATGACCTCACCGGCTACCGGGTGGAAAACGGTTTCTATTTCAATCGCGGACTGGGGATCGCTTTTCTTTTGCTG
NZ_CP119075.1_gap11	728905	733599	4694	TGCGGCCAGTTGCACTTCCGCCGACCGACGTTGGTCGAGGTGATAACGGACGTAGAGATAGATTCCCCACGTGCCCATCAACATCATCAGCGTGATGACCGTTTGGGCCACGGCGGCGATCCGGTCATTGGCGGTTTGGGAGTCCCGGTATTTGTTCAGCAGGTCGGTCGCATCCTGCTTCATGTCCTCACACAGCTTTGAAATGAGATCCTGTGATTTGCGCACTTCGATGCGATTCGCCACGAGCGCTCGCGCCGTAGCCAGGTCGGTGGTTTCGACGGTGGACACAAGTTCTTCCCGATAGGCGATGTCTTGGGCGATGAGTTCCCGGAGCCGGACGAGTTTCGCGGTGTGGGAGTCGTTCGAAAGCAGGGTCTCAAGCTCGGCCAAAGCGTTGGGCAGCTCGGTTCGGGCGACATCGTAAGGTTGCAATAACGCCATCTCACCGGCGAGCAGGTAGCCCCGGGTGCCGATCTGCAGTCCGCGGGCGAGCGTCTCGACGTGTTCGATCTGGTCGCGGACGTTAAAGGTGAAGTCGATCTCAGTCTTTATTCGCTGGGCCGTGCGCGCACTTCGATAGGCCAGTCCGACCACCCCCAACGCGAGGAGTCCGATGAGGCTGAATATCCCGATGAGTTGGCGATTGGTGGGTGACCACAGAAACGTCCAATGCTGTGGGTGGTAGCGATCAATCCGGGTGCGCACGGGGCTCATTTTAGTAGGCCGGGAAGGTGGACCTTTTCAGGTAGAGTGCGCCGTAGGAAGTAGCATTCATGAAATTTCATAAAGGGAATGCCTCATGAAGCTCGTAAAAATAGTTATTAGAAACGATCCGCGTGACGGATTTTTTACAAGCATGTAATGCTACGAATACTTCTTAATTACATGAATATCGGAGGGTTGTGGTATAAAGATCCCAAGTGAATAATAGATATTATTACCTATCTTATTTCAATTGCCTTGCACAAAGTGAGCCAATGTCACGAAGGGCGCGGGCGATTGATTCGTCCCAGGGGATACCACAGTTGAGGCGCAAGCAGTTATGATAGCGCTCGCGGACGGAGAACAATCGTCCCGGCGCAATATTGATGTGGGCGCGCAAGGCATCGCCATGAATTTTCATGGTGTCGATTGCAGGATCCAACTCCAGCCAGAGCACGAAACCGCCCTGAGGGCGACTTAACCGGGTGCCCAGCGGAAACGATTGCACGATGGCGGTGGAGAAACGCTGGACCTGATCACGATAGGCCCGACGGATACCGCGCAGGTGATGATCGTAGCCGCCGTTGCGCAGAAAGTCGGCGACGGTTTTTTGCAGAACGATCGGCGTGGCCATCGTGTTGGTGAACTTAAGCCGTTGCACCCGCTCGCGATAGCGACCCGGTGCGCACCAACCGACCCGAAGTGACGGCGCGAGCGTTTTACTGAACGAACTGCACAACAGCACGCGGCCCTCCGTATCCCACGCTTTGAGGGGTTTGGGGCGACGCTCTCCCCAGTGCAAATCGCCGTAGATGTCGTCTTCGATTGCCGGCAGATCGAACTCGCCGAGCAAATGATAGAGCGCGGCCTTGCGCGCGTCGGACATGCACGACCCGAGCGGATTGTGAAAGGTTGGCGTCACGATCAACGCCGCCACGGAACAGGTCTCCAAGGCATTGCGGAGCGAATCGAGACACAGGCCTTCCCGGGGATCGGTCGGAATTTCGAGCACCTTCAAGCCCAGCGCCTGCATGGTTTGGAGGATGCCGAAATACGACGGAGTTTCGATCGCCACGGTGTCGCCCGGTTTCGCCACCGCGCGCAACGCGAGATTGAGCGCCTCGGTGCAGCCGATCGTGATGACCAACTCGTCGTGGTCGAGCGGTGCTCCCGCCTGCAGGTAACGGCGGGCGATCTCGCGACTCAGCGGCAGGTGCGTGCCATTCATGCTGTATTGGCCCAGCAAGGTGGGGTCGTCGCGTCCGGCGGCTCCCAGCAGGCGCGCGAGTTTTTTGGTGGGAAACAAACTGTGGTGGGGGCACGCCGCGCCGAGTGGCAGGTAATCGGGATAGCCCGAGTAACTCACGATCTCCGCCGCGAGGTCGCTCACCCCGACCGCCGACGGCTGCGCCATGGGACGTGCCATGCGGGGTTCCGGGGCGACCGGATTCAGTCGGGCGCGCACGTAGTAGCCGGACTGCGGGCGGGCTTCGATCAGTCCCCGGTCCTCCAGCACGGTGTAAGCTTGGATGACGGTGGAGATGCTGACCTCGCGTTGCAGGGCCATGCGTCGCACCGATGGGACGCGGTGACCGGGGCGGAGCGTGCCACCTTCGATCAGTTGTTGCACCGATTCGGCCAGTTGGTGGTAAAGCGGAACCGAAGGGGAATTGGCGATTACGGCAGACATGACGTAGATTCTAACGGACAATCATTCGTCCGCATCAGTCGCAATGCGTCGCGACAACGACCAATACAGTTCGCTCACATCACGCTTCCGGGCGATACAATTGTATTTTTTACAATCACCTGCACAGGACGCTTGCGCATAACTACTTACTACTAGTAATAGCTACCACGTCATCAATGAGTAAGGTCGACACGCCAGTATCCGATTGCCCCAACGTCATCCTCATCGAGGACGAAACGGTTTTCCGCCAATTGCTTAAACGTGCGTTGGAAAAGCGGAAGGGGTGGAAGAACGTAGCCGACTATTCCGATGGGCTGCTCGGCTTGCAGGCCTGTCTCGAAAATCCGCCGGATCTGCTGTTGGTCGACTTGAATTTGCCCGGCAAACACGGACTCGAGATCGTGCGTGAGCTTCGCCAGCAGGCTCCCGATGTGCGGGTGTTGGTTTTGACGGGACATGCGGAACCCAAGCTGCCCTCGCAACTGATGGGATTGGGCGTGGGTGGCTATGTGGACAAGACCGCGCCGCTCGCCTACGTGATTCAAGCCATCGATACCGTGATGGCGGGCGGGATGTATTTTGCGTCCAATGTGCAGGCGGAGAGCGGTCCGGTCAGCGGGAGTTCGCTGCCTTCGGCCAGCAATGCGTCACCGTCCGTGCTTTCGGCCCGAGAGTTGGAAGTCGCTCAGTTGGTCGCCGCCGGTCGCTCTTCCAAAGAGATCGCCTCCGATCTCGATCTGAGCACGCGCACGGTCGAGAAACACCGGGCGAACATTATGGAGAAACTGGGCGTGCGCGAAGTGGCGAGCCTGGTGCGCTGGGTGTTGCAAAACGGTCTGGGTTGATGCCGCTCCCGCATCTGGCGGGGACATCAGATCGAAATTTCACCTCGCAGATAAGTTGTGGCGTCACCCGCGATCCCGACGCGATCTTCGCGATGCTGACACCACAACTCGCCGCCTCGATCCGAGAGTTGGCGGGCGTGAAGCGAAGCGCGTTGTAAACGTCGAGCCCAATAGGGAATCAGGGTGCAATGCGCTGAACCGGTGACGGGGTCTTCCGGCACGCCGAAACCCGGTGCGAAAAAGCGCGAAACGAAATCACAGTCGTTCCCGGGCGCCGTCACGATGACCGATGCGCAACCACTGGCCGCCAATGCGCCCCAATCCGGCGTTACGGCCGTCACTGCTTCGACATCGTCCAAGACCACGAATAGGTCCCGGGCGCGCCCCACCTCAGCAGCGCGGGCGATACCCAGCGCCGCGAGCGTCGACGTGACTTCGGTGGGATCGACGGCCGTAGGCGGCCGGGACGGGAAATTCAATTCGAGTCGATCGGACGCGAGTCGATTTACGGTCAAGGGCCCGCTTTGCGAATGGAACGTCACATGTTCCCCGGCGATGCCCAGTTCATGCCACAGCACATGAGCGGCCGCGAGCGTGGCGTGCCCACAGAGATCGATCTCCACCGCGGGGGTAAACCAGCGCAGATGATAATCCCCGTGCGATTGCGGCACAAAGAAAGCGGTTTCGGCCAAGCCGTTTTGCCATGCGATCTTTTGCAGCAACGCGTCTTCGGGCCACGTCCGCAGCGGACACACGCCGGCTGGATTGCCGCCAAAAACACGGGCGGAAAATGCATCGATCCAGAAGAAGGGGCAATTAAACGACATGCCGGATTGGCGATGTGTCAGCTACGTCGGCGCAAGCTTAAGCCCAAGTGTGTCGCCCGCGCGAACGCATGACTAACCGGCCAATTGGGCGATGCCTGCGCGATTCAACCGGCAAGTGGTCCACTCCGACATCATCGTCGCCCCCAGACTCTGGTAAAAATCGATGGCCGATTGATTCCAGTCCAATACGCACCATTCCAATCGCCCGCAGTCGCGATCGCGGGCGACGGTGGCGAGAGCCCGCAGCATGGCTTTGCCGTGGCCCTGGCCGCGATGGTGGGGTGAAACGAAGAGGTCTTCCAGATAGATGCCGGGGCGTCCGAGAAATGTGGAGAAATTGTAAAAATACAGGGCGAAGCCGACCGGTTTATTTGATTCAAAAGCAAGCAGGCAGTGGGCGATCGGATCGCCGCTTGCCGGGAAGAGGTGGGCCCGGATCTGATCGACGTTGGTGACAACTTCGTCGGTCATCCGCTCGTATTCAGCCAGTTGCCGAATGAAATCGAAGATGATCGAGGCATCGGTCGGCACGGCGGTGCGAATGGTGCTAATCATGGTGGGACCCTGAAATTAGATCGCTAACAGTCAAACAGCCAATCGTTTGCAATCGATTTTGTTTCTGGACACTAG
NZ_CP119075.1_gap12	815259	820071	4812	GTGCTCGCCAACAACGCCATGCTGGCCGGACACGTGTCGGTCGGGGCCAACACGTTCGTCGGTGGCGGCGCGGGCATTCACCAGTTTGTGCGCATAGGCGCGGTGGTGATGGTGGCCGGTCTGGCGCGGGTGACCAAGGACGTGCCGCCATATTGCATGGTGGCGGAACGTGACGAACTGGTGGGGCTTAATTTGGTGGGCTTGAAACGTCGGGGGTGGCCGCCCGAAGTGATGCGGGAACTCAAAGCCGTTTATCGGGCGGTGATGCGCCCCACCGGAAACCTGCGCACGCTGGCGGCCGAATTATTGCCGGATATCCGGTGCGGAGAGGCGCAGGCGTTTTTGCGTTTTTTTGAAGGAGGCAAACGTCCCGTGGCGCGGCCCTCGCGAGCACGAGATAACGGAGGAGTCGATGGCGATGGGTAAGCGGCATTTCCTCGATCTTGCCGCAGTCGAGCCGGAGGGGATGTCGGGCGTGAAGCCCGACCCACGACGAGGCGCTGCATATTTGTGGGTCGGGCTTTATGCCCGACGTCCGCGCGGACGGGAGAACACGTCGTGAAACCGTTGGCTTTTACGTGTGGCGACCCCGCTGGGGTGGGCCCCGAAATCATTGCGGCGTGGTTGGCCGGCCATCCTGAGGATTCCGCCAACGTGGTCGTCATCGGTCCGGCCGACTGGCTGGATTCACTACCGGGATCGGCGCGGCGGATCATGGTTGGCGCTCCGGCGTATCGGGCCGGACCGGGTGAACCGGACGACGAGGGCGCGGAATTGGCTTGGGCGGCGATGCAGCTCGCGGCCGAAGGGTGTGCGGCGGGCCAATTTTCCGGCGTGGTAACGGGGCCGGTGAGCAAAGCGCGACTGGCGGCGGTGGGTTATCCGCATCCGGGCCAAACGGAATTTTTTGCCGAGGCGTGGGGCGGTGACCCCGTCATGGCTTTTCGCGGTGATCACCTGCGGTTAACCTTGGCGACCTGGCACATTCCGCTGCGCGAGGTATCGGCCGCGCTGTCCCCGGCTGTGATCGAACGGGCGGTGCGTGCGGCGGAGCAGCTGGCGCGGGCGGATGGTATCGCCCAACCGCGGATCGCGGTGTGCGGTCTCAATCCCCACGCGGGCGAAGGTGGCGTGCTGGGGCGCGAAGAAATTGAGCTCATTGATCCGCTGCTCGATCATTTGCGCGGCGAGATCCCGGGCGTATCGCACACGTTGCCGGCGGACACGGTATTTGGTCGGGCCTTGAAGGGGGACTTCGACGCGGTCGTGGCGCTCTATCACGACCAAGGTCTCGGGCCGCTTAAAACCATCGATTTCGACAATGCGGTGAACGTGACGCTCGGCTTGCCCCACGTGCGCACGAGTCCCGACCACGGCACGGGTTTCGACATCGCGGGGCAGGGCACCGCGAGCGCGACGAGCTTTGCGCGGGCGGTGGAGCTGGCCCGGCGGTTAGCCGGTCACCAATGATTCGAGAGTTTGCTTCAATTCGCGCACCTCGGGTTTGAGGAAGGCGTTCGTGCGATGGAAGAGGAAGGCGGAGGCGATAACGAAGATGATCGCGGCCGCCACCACGCCGAACCAAGGGTTGTCGGGAGATTCGAACTCCTCGGCGATGGACTGGATTTTGCCCAGAATCAGGAGCCCGAGAAACACCAGGTAGGCGAGCGGCACCCAGTAGGTGAGATTGATCTCACGTTGCTTGTCCTTGAGCACCATTTCGAGGCAATGGCGGGTATCGTGCCGTAACAAATGAAAGCGTCTCAGGTAGCGACGCAGAATAACGCCGCCCGCCAGACAGATGGCTAGCGAGAGTGCGGGCACCAGCATTTCCCCAGCGCTGTTGCCGAGGGTGCGGGCGGGGTCGACCAGCACACGGTGGATTTGCAGTCCTAGTCCGATTCCGTTGCCGAGAATGGCGACGAGCAAAATCAAGGTATGGGTGCGGATGGAGCGGCGGGACTTGTCGATCCAAGCGCGGGCGTTGGTGGCAGGTTTGGGGGCGGGTTGAGCACCCCAGGCGGATTCCATTTCTTCGAGGCTCATGGTGGTTATTTATCTTTGAGGTTGGCGGCTAGTTTTTGGCGGATGCGCGTGAGGCGCACCCCGACGTTGGAAACAGAAAGCCCGACGGATTCGGCGATGTCTTCGTAGCTGAAACCCTCGAGCTGCATCAGAATGAGCGCGCGCTCGGCCTTTGGGAGTTGGCGGATCTCGGCGTAAATGACTTCAAGGCGCGGGTCCTCGTGTTCGCTGACAAAATGCAGGGGATCGGTTTCGAATTTCTCCCGGTGACGCCGCTCGTTGCGGTGCTTGCGCACCCACGAGATGGCGCGATTGAGCGCCACCCGGTAAATGTAAGTGGATTCCTTGGCGTTACCGGTGAACCCCGGGATCGCATGCCACATCGCAAGATGAATTTCCTGTCGCAGATCGTCGCGATCGACGGGATCGTCGCAGAACGACCGCACCACCTTGTGGATAATGCCGATGTGCTTGGACGCCCAGACGTCGAATTGTTGCTGTTGGGTTCGGTGAGTCATCCTGGTTCAACCCATAGGGCGCGAAAGTCGGGCCATTTCTTACACGAAATTTGGAAAAGTTGATACCGCCGGGGAACAGCGGATTGGTAACCTCGCTTGATTTGTGGGCGAGGCGCTCGATAGTCTGGGAGAAATCATGTCGACTGAAACCGCACCACCGCCTCCCGCCACCGCTCTGCCCGAAGGTGTGCGCGAAGGTAACGAGAAACTGGTGAGCCTCACCGCGGCCGCCGGAAAAAAGGTGGCCGCCCTCATTGCTCGCGAACAAACCGGTGATTTCCTGCGGATCGCGATCACGGGCGGTGGTTGCAACGGACTCAGTTACAAACTGCGTTTTGTCGCGACGGCGCGCAAAGGCGACATTCTGGTGCGCTCGGCCGGGGCGACCGTTTTGGTCGACCCCAAGACCGCGTTATACCTAAAAGGCACGGAGCTCGATTATTCGTCCGCATTGATCGCGGGCGGCTTTAAATTCACCAATCCCAACGCCAAAGCGAGTTGCTCGTGCGGCGAGAGCTTTAGTGTCTGAACCAAATTGTGAGAGCCCCTTCGGGCGTCCAAGTAGCAGAAACGTTGCTACTTCGTTGTTGTCTTCGCACTTCTGCGGGGCGAAAAGCGTCACGACCTACTTCGAGTTGAACCTTATTTGATGGCTACATCCTTTTCTTTTGGCGGCGGCAAACGCCGTGGTGGCGGACGCAATTTCCGCCGCAATAACGATCCTTACGCACACATTCGCCGCAATCAGCGGATCCGTGTCCCGCAAATTCGGGTGATTTCCCCCGAAGGCAAACAGCTCGGGGTTTTGCAGACCGACAAGGCGCTCAGCTTGGCGCAGCAGTTCAACCTCGACTTGGTCGAGGTGGCCCCGCACGCATCGCCTCCCGTTTGCCGGATCATGGATTTCGGCAAATACGTCTACGAAGAGCAGAAGAAGTCCTCCAACTCGAAGGTCACGGCCAGCAAGATCAAGGAGGTCGAACTGTCGCCGCGGATCGACGATCACGATTTGATCACCAAGCTGCGCCACGCCGAGGAATTCCTCAATGAGGGTTCCAAGGTGAAGCTCCGGCTCAAGTTCCGCGGGCGCGAAATGGCGCATACCGAAATTGGTTTTCAGGTCATGAAGCGGGCGATCGAGGAGATTTCCGGCATGGGCCACGCCGACAGCGAACCCAAGTTGAACGGCCGTCAGATCAACGTGATGATCACGCCGCATCCGTCCAATAAGCGGAAGCTGAAGTATTTCACGCCCAAAGCGAAGCCCGCTTCGGAACCCGAACCCGAGTCCAAGCCGGACTTGTCCGCGTTGGCTGAAGGCTCCGGCGACGACGCCTGATTCATCGAGCCATGGGCGCGACACGCGGCCGGATGCGCGTCGGCGGGTTTGCCCGCCTGATGGTTGTCGGGGTGATGTTGTGCGGCGGTGCGATCTTTTCTTCGCAGGCTTGGGCCGATGACTTCATCGCGGTGGGAGATCAGCCCACGGTCTTGGTCGGCGACGTCGCCTACCTTGATGCCGACCGTTTTTTCAGCCGCTACGGCCTGAGCTCGAAAGGGGGAGCGAAGGCGGACGCGTGGACGTTTTCCAGTGCGTGGACGACGATCGAACTCAACGCGGATTCGCGGGAGTGCCGGTTCAACGAGCAACGGGTTTTTCTCGGGTCGGGAGTGATCAAGCGCGAGCAAGGGCTGTGGATCGACCGGGTGGATGCGGAAAAACTCTTTGCGCCGTTGCTGAAAGCGGCGACCTACGCCGCTTCGGTTCGGCCGGTGCGCAAGATCGTCATCGATGCCGGCCATGGGGGCAAAGACGGCGGCACGCGTCATGCGGAGCGGAAGCTGAACGAAAAGACCTTCACCCTCGACGTGGCGGAGCGTCTGGGCGCGATCTTGGACCAACAGGGTTACGAGGTCGTGTTCACCCGCACGCGGGACGAATATATCGGGCTCAAGGAACGAGCGATGTTCGCGCGTGCGGCGCAGCCGGATGTGTTTGTGAGTCTGCATTTCAATGCGGCGGGGCGCGCGGCGGTGAAGGGCGTGGAAACCTACGTGCTCACGCCGCGGCACCAGCGGTCGACTTCCAGCGCTGCGTCCGATGCCAGCGACCACAACGTCGAATCCGGCAATGCGACCGATCCGTGGAATGTGCTGTTGGGATATGAGATTCATCGTGCGCTGGGGAAGCAGCTGGGTGCGCCGGATCGGGGATTGAAACGCGCCCGGTTCGCGGTGCTGCGTCTGGCGGAGTGTCCGGCGGTGTTGG
NZ_CP119075.1_gap13	831693	836524	4831	GATGTTGCAGTCGATCCACTTGATCTCGGCACCCTCGTGGGCGAGGCCGCGCTTGGTGACGAGGTTGTAGACGTTGGCCGCCCAGTTTTGGACGGTGATGTATTGGATCTTCGCGTTCTTCATCGCGACGAGCTCGACGACGGCCGAGTGCAGGGTCGCGGTGGAGAACTTGGGGGCGGTGCAGCCCTCCATGTAGGTGACCTCGGCACCTTCATCGACGATGATCAGGGTGCGCTCGAATTGGCCGAAGTTTTCCGCGTTGATGCGGAAGTAGGCTTGGAGTGGTTGCGAGACCTTGACGCCGGGAGGCACGTAGATGAACGAGCCGCCGGAGAACACGGCGCTGTTGAGCGCGGAGAACTTGTTGTCGGAGGTCGGGATGACCTTGCCGAACCACTTTTTGAAAATCTCGGGATGCTCGCGGAGGGCCTCGGTCGAGCCCATGAAGATGACGCCTTCCTTGGCCACGATCTCCTTGATGTTGGAGTAGGCGGCTTCGGAATCGAACTGGGCTTCCACGCCGGCGAGGAACTTGCGCTCCTGCTCGGGGATGCCGAGTCGCTCGAAGGTCTTTTTGATATCGTCGGGCACCTCATCCCAGGTGCGCTTGGGGGCCTGGCCTTGGGAAAGGTAGTAGCGGATCTTGTCGAAATCGATGTTGTTGAGATCCTTGGTCGCCCAGTGGGTGGGCATGGGCTTGTCGAGGAACGTCTGGAGGGCCTTGAGGCGGAACTCGAGGATCCACGGCTCTTCCTTTTTCACGTCGCTGATGTAGCGGACGGTGTTCTCGGTCAATCCGGCTCCGGCGTCGTAGTCGTATTTGACGTCGTAGGTGAAATCGCCGGCGGACTGGTCGATGCCTTCGGCCGGGTTCTCGGCCACGGGGGCTTCGAGTTCGGTGGGTGGCTTCATAATGAAAAGATTAAGTTTTGAGATTAAGTTTAAGGATCTGCGTCGGCGTTGAAATGGTCTTCAACTTCGACTTGCGATTTCAACTCGCCGTCAGGCGGTCGCGGCTTCGGCGAGCTCGCTCTTGACCCAGTCGTAGCCCTTTTCGTCGAGCTCTATGGCGAGGTTTTTGTCACCGCTCTTCACGATGCGACCGTCATACATGACGTGCACGAAATCCGGCACGATGTAGCCGAGGAGGCGTTGGTAGTGGGTGATCATGAGCACGCCGAGGTTGGCGCTGCGTTGGCGGTTGACGCCTTCGGCCACGATCTTGAGGGCGTCGATGTCGAGGCCGGAGTCGGTTTCGTCCATGAGGGCGAAGAGCGGCTCGAGCATGGCCATCTGGAGAATTTCGCAGCGTTTCTTTTCGCCGCCGGAGAAGCCATCGTTGACGGAACGGGAGGTGAACTTGCGGTCGATCTTCAGTTCGTCCATTTTGCCGTAGAGCTTTTTGTAGAACTGCGGGGCGTTGATGTTTTCGCCCTCGCCGAGACGGGCTTGTTCGGCGGCGCGGAGGAAGTTGGCGATGGAAACGCCGGGGACTTCAGCCGGGTATTGGAAGGCGAGAAAGATTCCGGCGCGGGCGCGTTCATCGGGCTCCATTTCGAGGATGGATGTGCCGTCGATGAGGACATCGCCGCCGGTGATCTCGTAGTCGGGATGCCCGGCGATGGCCTTGGAGAGGGTCGATTTACCCGTGCCGTTGGGGCCCATGATGGCGTGAACTTCGCCGGTTTTGATCGTGAGGGAGAGTCCCTTGACGATGGGCTGATCGGGAGTGGCGGTGAGGGCGACGGTGAGGTCTCGGATTTCGAGGGTGTTCATGTTGATTTTGAAAAAGCTGAAACGCTGAAAATTAAAAATTTGAAAGTGGTGGGGCCGCTCAGGATTCGGTGGTGTGGCCGTGAAAGTTGATTTCGATGTGCTTGGCGGCGTAGCCCGTGGGCAGGAGGGATCGCAGCTGTTCGAGCAGATTGGGCGGCAACTCGATATCGAGCGTGCGACCGGCTTCGTCGTGAAAATGGGCGTGCGGATGCAGGTTGGGACAGTAGCGGGTCGGCGCGCGCTCGAAATTGACGGCCCGCACCAGCTCGTGTTGCACGAGCGCTTCCAGGCAGTTGTAGACGGTGGCCAGAGAAATGGTCGGCATGACCTCTTTGACGCGGGCAAACACCTCGTCGGCGGTGGGGTGGTCGCGCTTGCTGAGCAAGACTTGGAAGACGGTTTCGCGCTGCGCGGTGGGGCGGAGTCCACACGCGGTGAGGCGATGGGACAAGGGGTCGGGGGATGCGGTGGCGGCAGTCATGTGGCGTGAGGAAAGGACACCGAAATTGGAATGGTTCCAATTCGCAAGATGGAATTGGAATAATTCTAAATAGCGCCCATTTGCTTCGGCTTTGGTGCCCCGACGCGGGGAGGCAGCATGGATCGCGCGCGAGCACGCTCCTACATGTTGGATGGGGAGATGGGCGGTGGTCGGAGCAAATTCCTCCACCGCATCCGTTTACGCCGGAGGGAATTCCTTCACGTGCAGCTCACGAGCCTGAGCCAGTTCCGCCGCGGTGTAGGATGCGGCTTCGGACGCACCGGCGCAGTCGACGATTTCGTGCACGTGGCGAGAACCAGCGAGCACGGTGGAAACGCGAGGGTTATCGAGCACCCAGCGCAGCGCGGCTTGGGGCATGCTGGATATGTCGCCGCGCACGAGAAGATCCCGATAGCGGTTGGCGGTTTCCACGCGTTCCACGATCTCGTCGCGGGAGTAACGGGCATTGATGGTGCCGGGCGCAAACGTGGTCTCCGGCGTGAATACGCCGGCGAGGAAACCGTTGGCGAGCGACTCGCGGGCGACGACACCGATGTCGGCCGTCCCGAGATCGTTGATGAGCGTCTCGAGCTCCCGGTTCATGAGGCTATAGACGACTTGCACGACATCGATGCGGCCGTCTCCGGCCCATTCACGGGCCATTCCCATGGTCTGTTCGGGCAACGAAATGGAGTGGCCCACGGCACGCACTTTGCCGCTGGTCTTCAGATCCTCGAGTGCCTGCCAGACACTGTCTTCGATCTGTTCGGGGCCGAAGGGAGAATGGAAAAACAACACGTCGAGGCGGTCGGTGCCGAGCCGACGCAAACTGTCTTCCACCGAAGTGGTGACGCCCTCGGCGTGGAAGAACGTGTTGAGATGACCCTTGGTGGGGTAGCGGCCGAATTTCGTGGCGATGGTGACGCGGTCGCGGTCGGAGCCGAGGCCTTTTCCCAGCACTTTTTCCGCGATGCCGTCCTCCTCTTTCGTCCCGTAAAGCGGTGCCGTATCAAAGAACGTGATACCGGCATCGAGGGCGCCGCGAATGGCGGTGTGGGCGTCGTTGGTTTCGACCCCGCCGTAGACCGGCGATCCGAGGGCCCAGGTGCCAAATCCCACTTCACTGACGGAAAGGCCGGTGCGGCCGAGCGTGCGATATTTCATAAAAACTATTTCCGGATTACGGGTTAAGGGCGGCGGCGATGCGGTCGCGGGCGGCAGCGACGAAGGCTGCGGCATACGTGCGACCTTTCTCGGTGCTGGCCGGGCGGGGGTCCGGTCCCCAGACCGCGTCGTCGGCGAGCGTGGGCTCGCGATCCGCCGGCAGTCGAGTCAGGTCGACACAATCCGGATCCGTGGCCATCAGCAGCGACACCTCACCGAGGGCGGCGTGGTTGACGACGAACAACTCCGGGGAAACCAGATCGGTCTCGGACGTGGCGATCACGTGTGTGGCCGGATGGCGCTCATGGGCGGCGGCGGCCTCTTCTTTGATGATGTCGTAGTGCGGTTGGCCCACGTGGCCGCACAGGGCAAACACCACGCGGAAACCTTCGTCGGCGAGCTGATCAAAGTGTTCGCGGGCGAGTCCCCGCAGCAGCGATTCGCTGAAGTCGAGCGAGTGGCGGGGAAACTTCAGGTCGGGCGCCGTTTTGATCGTATTGGCCGCCACGTAAACGGGGGGCAGCACGAGTCCGCCTGCCTCTGCGGCCAGAGCTTGGCAGAGACCGTGGGCCTTGAGGCCATCGAGGCCCACGGCGGCGTGGTGGCCGTGGTATTCGAGCGCGCCCCACGGTAGATACACCACCGGGTGAGCGGTGGCGATGCGTTCGATCTCCGCCGGCATCAACCGTTCATAGCAACCCCAGCGGGACGAGGCAGTGGAAGTGGGCGGTGGCATAGCCCCAAGGGGGTTGGCCGACGCAGGTTCGGGCAAGTTGAAAGATCATGAAAATTCGGGCCGCCCGGGCGGAGGGCGGAACCGGGGAAATGGGTGGAACTTCGTAGGGGCCGGTTACGTAAGCTTCGGACGAAATTGAACTTAAGGTTCCGGCGGAGAGCCCGAATTGAAACAGGAGGAACGTCGTCACTGGACGCCCCGCAGACGTCGCTAACTTTAACCCAACCTGACATGAATGTATCGCAGTTCCAATGGAGTGAGTCGACCGGTTGGTCGCCTGTCGCCCCGCCTCACGTTGGTTCGTCCCAGTCGATTTTGATCACGGTGTTTGGAGCACCGAACGTCCTGGCTCGACCGCAGGTGTTGTCCCAGTTGGTCGAAAAGTATCCGGAGGGGATCATCGTGGGATGTTCGACGGCGGGGGAGATCGTCGATGTGGCGGTGAAGGATGATTCCGCGGTCGCCACCGTGATGGCGTTTGAGAAATCACTGGTGGAGGTGGCGCGCACCTCATTGCACGCGGCCAATGAGAGTTTTGATGCCGGCAAGCTGCTCGCGAATCGCCTGCCGCGAACGATGACAAGTGACGCGGGTGCGGTGATGCCGTTGAAGCACGTTTTCGTGCTTTCCGATGGGCTGGTGGTCAACGGGACGGCGTTGGTGGCCGGATTGAC
NZ_CP119075.1_gap14	850082	854294	4212	TGAATTCGGATGGTCGATCCCGGAGCGAAATGGGTGCTCCGATTGGTGAGGTTGCCATCGGACTCGACTTGAAGAAAGACGACCGCGTGGAGTCCGGTCGCGAACAGGAGTGAACCGGCGAAAGCGAGGAGTAAATTTGAGCGAAAGGGAATGGACATGGCGCGAGGACGGAGGGTGATTATCCCCCGATTAACCAGACGATTTGTTCGAGGGCTGAGACAACCGACCGAGCGAAATCCGCTATTGTCCGAGCTCCGGTTTTCCGGGAAAGGGAAACCCTGGGAACGCCGAGCTCCAGCTCGACCCCACCCATCACGCCGCTTGCCGAGCTGGAGCTCGGCGTTCCCAGCGGGAAATCGCTTACCAGCCGTGGGCGCGTTTGATGCGGAGGGCGTCGTAGAGGGACGGATCCAATTCTTGGAGGAAGCGGGAGGGGGTGAGCAGCATGCCGCCGGGACCGGCCTTGGTGGCGATCTTGGGGTAGCAGAGGTAGAGTTCGTTCTTGGCTCGGGTCACCGCGACGTAGAAGAGGCGGCGTTCTTCTTCGACGTCGTTGGCTTCGATCGCGCGGCGGCCGGGGAACAAGCCGTCGGCGCAGCCGATGACGAAGACGATGTCGTATTCGAGCCCCTTGGCTTGGTGAATCGTGGTGAGCTTGATGGCCTCTTGATTGGGCTCGACGGCGCGGTCGCTGGTCTCGCCGTTGAGCAGGACGATTTGCGCGAGCAGGTCTTGCATGGCGTCGAAGCGCGCGGCGAAACCGGAGAGCGCGGTGAGCTCGTCGATGCGGTCCATGTAGTCGGCGTAGGCACCTTTGAGGTAGTCGCCATACCAGCCGTCCATCGCCACTTCGACGGTCACTTGCGGCGGTTCTTCGCGCATGGCGTCGGCCGTCTGGCGGAGCGAGGCGCAGAAGCTGGGCCATTCGTCTTTGGCGCCTTTGGGGACCTTGCTTTTCACGTCGTCGGTGGTGAGCGCGTCGATGAAGTCTTGCTGCATGAGCCGGGCGTGATCGAGGGCGGCGTGATAAATCTTATGCGCGCTTTTTTCGCCGACTTTGGGGAGGAGGCAGGCGATGCGGTGCCAGGCAGATTCGTCGGTCGGATTATAGATGAACCGCAGAATGCCGACGAGGTCGCGCACGTGTTGGCGTTCGAAAAATTTGACGCCGGAAGTGATTTGATACGGCACGCCGGTGCGCGAGAAGGTGAGTTGCGTCTCGAGGGCGACGAAGTGCGAGCGGTAGAGCACGGCGATTTCGTTGGGCGATACGCCGTCGTCTTCGACGAGGGAGCGGATGCGTTTGACGAGGAACTCGGCTTGTTCGCGGTCGTCCATGGTTTGGACGACATAGGGCTTCATGGAGTTGGCGCGGTGGGCGCGCAGTTCCTTGTCGAAGTGACGTCCGGCGGGCTGGGCTTCGAGCACGCCGTTGGCGAGATTGAGAATCTGGGGGGTCGAGCGGTAGTTGGTCTCGATGCGGTGCAGGGCCGTGTTGGGATGACGCTCCGGGAACGTCATGATGTTGGCGAAGTCGGCCCCGCGCCAGGAGTAGATGCACTGGGCGTCGTCGCCGACCGCCATGATGCGATGGTGCGGCGCGAGGGCGTCGATGATCTGCGACTGGATCGTGTTGGTGTCCTGATACTCGTCGACGAGCAGGTGGCGGAAGCGGTTGCCGAAATAGTCGGCGACCTTTGGGTCCTCGGTGAGGAGCTTGAGCCAGAGCTCGAGAAGGTCGTCGTAATCGAGCACGTTTTGCTCGCGCTTGGCCTCGGCGTAGACCTTGGCAAAGGTGGGCAACGCGACGGCGATGTCGTTGTATTGGGGGAAGTGTTCGCTGACGGTCTCGGCGAGGGACTTCTGCGTGTTGCGTGAGAGCGAGATGACGTTGAAGAGCGGGCCTGGCTTGGGGTTGGTCTTGTCTTTGAAGAACAATTTGTCCTCGGCCTCGACGGTGCGCTTCATCAGCGACTCGGATTCTCCGGCGTCGAGGATGGTGAAGTTGGGTTTGAGTTTGAGGCACTCGGACTCGCCAAACATGCGCAGGGCGCGGTTGCCGAGAGAGTGGAACGTGCCGCCCCAGAAGCGGCGGGCATCCTCGCCGGTGAGGTCGTGCACGCGGTGCAGCATCTCCTTGGAGGCTTTGTTGGTGAAGGTGAGCAGCATGATCTCGCCGGGGGGCACGCCCTGATGGAGCAGCCAGGCGACCCGATAGGTGAGGGTGCGCGTCTTGCCGGAGCCGGCGCCGGCGAGCACGAGCAGCGGGCCGGGAGGTGCAGTGACGGCGTTGAACTGCTCGTCGTTGAGGGCCGCACGAAAGTCGATGGGCGGGTAGCCGGGGCCAGTGGGGGCGTCGTCGTCGCGATCGAGAATGAAATCCATGCGACATCGACGGTCGCACCTTCCGGGGGCGAGGCAAAGCCGAAAGCAACCCGAGCCCGGGTCCATTCGCGTGCGTCGCGCTCCCGGTGTCATTTGTCACCTATTAGGTGACAAACGGTGCGAGGCGATTGCGGAGGTGAGGGGCGGCGTGGGTGGGTTGCGATTGCCATGGGGGGAGGGCGTTGCTTCGGTTGGGTCCCATGAAGGTCGATCCGCGGGCCCGGGCCGGTGTCTCTCGTCTGGTGGTGATTCTCGCTCTGGCGACGGTGGCGCTGGGTTTGATGGCGTTCGCGTTCAAGCGGGACGGTGATGAACGAGGGGCGGGGCTGGCCGGAGCCTTCGCGTTTTTTGTCGGTATTTGGACCGTGCTGGCGGCGGGGTCGGGTCGTCGTGGAAATCAACAGGTGACGATCAAGGAGTTGGAGGCGGCTTACCCGGATGAGCCGTGGCATTGGCGGCCGGACTGGCACGAAGGACGGATTCGGGGCGCGGCTAAAACCGAGGCGGTTACGCTGGCCGTCATGGCCGTCGCGTTCCTGGGACTGAGTGCACCGGGCGTGTGGGCAATTCCGGAGGAGCTGTCTCGCGGCAATTACCCCATTTTGCTGGTTTTGCTGTTTTGGGTGGTGGGGCTCGGTCTGGCGTGGGCGGCGTCGAAACGCGCGCGGCAGTTTTGGCGTTACGGGACTTTGGTGTTTCGACCGGAGTCGGTGCCGGGGTCGATCGGTGGTTACGTCGGCGGTGTCATTTCGATCCCGAAAGGGGCGGTATTGGGCGGTGACGTGACGCAGTCGCTGCAAAACGTGCACGAGGTGGTGACGGGGTCCGGTAAACATCGCTCCACCCGGGAGACGATTCTATGCGAGCGCGAAACGGTGCTGGCGGAACGTTCGTTGGCTGGGACCGGGGTGTTGCACGATATTCCGGTGCTGTTTCATGTGCCGCGCGGTGAGGCGAGGGCAGTGCAACGGGGATCCTCGCGGGAGCGCGTGTGGTGGCGGCTGCGAGTGACGGTGCCGGTGCGGGGAGAAAAGGCCGCGCTGACCACGTGGTTTGACATTCCGGTATTTGATATCGGGGAGAACGCGCCCTCGCCGATGGAGGACGAAGGACTGCTGGCGGGACAACGGGTGCAGACACCGACCGAGTTTCTCGCGGCGGCGGGAGTGACGGAAACGCGGGAAGGGGATACGAGGGTGTGGCGATTTCATCAGCGCGGCACCCGGGCCGGGATCGTCGTGCTGGGACTCGCGTTCGTCGCCTGTGTGTTGGTGGCGTTGATCGTGCCGGTTTGGCCGATCCGGATCGGTTGCGGATTCACGGCCCTGATCGTGGGAGCAATCCTGCCGAGCCTGATCTGGCAGCGTCGTGAGTTGCGGATTTCGCCGCGCGATGTGGTGGTGGGGCGTCGAACCTGGTGGGGGTGGCACGAGACGCGAATGGGGCGCGAGGAAGTGGGCGATGTCGTCACCGCGCGGTCGATGCAATCGGGTGGCCAGCAGTTCTATCGGCTCGTTTTGCGCGGGGTGGCGGGGATCGACCCGGAACAGTCGCGTGCGCAGGAACATTTTGCGGCGCGCAAAGCCCGCTATCGGTGGCAGCGGGCCAAAAAACAAGGACGCCTGCCGACGGAGGAGGAGTCACGTCTGTTGCGCGAGACGCCTCGTTTCGAATTTGAGGTGGCGGGTTACCTGGCCGGCACCCGCGCCGCCGAGCAAGTGCGCTCGCACCTATTAAACGTGTTGTCCAATTAACCGACGGATTCGGCTCAGAATAGCGTGAAGGCGACGTTCACACCGGCGGTGACGATTGAAACCATGCTCATGA
NZ_CP119075.1_gap15	861710	865131	3421	GAAAGCCTGAAAATCCGCGTAAAATTCAGCGGTGGGGCGGCCCCAAATATTTTCCACCGACGGGCTGACATAGATGACGGAAGGCGGTGCCAGGTTGCAGAACCAAAATACCTCCTTGCTGTGTTCGGCCAATTTCTGGAACCGCAACTCGCTGTTGCGCAATTCGGCGCGGGTCTGGGCCAGTCGGCGGTAGCGATTGAGCCGTGTCACCGTGCGCACCCGTGCGCACAACTCCTGTCGATGGAGGGGTTTGGTGATGAAATCATCGGCGCCGGCTTCGATGCCGGTGAGACGCGACGCGGAGTCGTCGAGCGCCGTGACCATGATGACGGGGATTTCAGCGAGATCGGAGTCGGCCCGCAGGCGACGGCATACTTCATAGCCGTCGATTCCGGGCATCATGACATCCAGCAATATCAGATCGGGCGGTTGAGCGGCAGCTTGTGTCAGCGCGCTTTGGCCATTGGTGGCCTGATCCAGTGTGTATCCCTGTTCATCGAGCAGCATGCACATCGTCTCCCGGTTGGGAGCGCTGTCGTCGACGATCAGGATACGTGGCACCATGGTGAAAAATTGGGCGTCGGATCAGGGCGCGGAATTCGCGACGGGTTCGCCGGTTCCGGGGGAGAGAGAGGCTCGTTCCGGCCAATGGAGGATGACGCATACGCCGGGCCCGGGTGACCGGTTGACCAGACGGCAGGACCCGCCGACTTGCCACAGGGTGGCGGATACGTGGAACAAACCCAGTCCCAGTCCGGGCACCTCGCCGGTGAATTTCTTTTCCTGCTGACTGAAGGGTTGGCCGGCGTGGGCGAGTTGCTCCGACGAGAGGGTCAATCCGTCGTCGCTGATCGAGACGGTGACGCCTTTCCCGGGTTCACGCGTGGCGGAAATTTGGATGGTGGGAGCGCCTTGAGGGTGGAATTTTTTGGCGTTGGTGAGCAGCTCGACCAGTATCCATTCCAACGTCTCCTTCGCACAAGGAATGCGCGCCGCGCCGGTGGGTTCATCGAGCTCCACGGCGATCGGTGCGAGATCGAGATGAGCGGCCACTTGCGGCCCCAGCACCTTCAGTTGTTCGAGGGCGACCCCGGCCTCGGGCGCGGGTTGACGGGATTGGCCGGCCAAACGAATGACATCCTCGACCAGCCCGCCCAGTCGCTCGGCCCCTTCCTGGGACATCTGAGCGAACTCGGCGATTTCCTCGGCGCTCATGCCCTCGGTGTCGCTGAGTATTTCGAGTCCGCCTTGCAGCGCATTGAGCGGCGTGCGGAGTTTGTGGGAAACCATGGCCAAAAACGAGCGCTGGTCGCGTCGCGAGCTCATCCGTTCCGTCACATCGACCAAACGCACGAGACGACCACCCGAATTCTCCTGAAGGGAGGCTTCGAGGAAAAATGCCTGCGCATGCGCGGTTTCGGTTTGGACGAGGAGTCGCTCCATGGGAGCGGTGGTCGGGTCGAGCACGGGCCAACTTTGCCAGGCGGACGTCGGCTGCGGGTCGAACGATCGACGCGCCTGGTCGAGAAATGAAATGGAATGGGCGACGAACTCGTCGGGCAGACCCAGCCAGAGACGGGCGCGAGCGTTGGCGAACGTGATTTCGTCGTCGGTGTTGGTTTGCACGTAACCTTCGACCGCGTTTTCCACCACCCATTGGAATTGTTCGCGCTGTTCGTGCAGGCGGCGGTAGCGATTGAGGCGGGTGATGGTGTTCACCCGGGCGCGCAGCTCGGCGCGATTGAACGGTTTGGAGACGAAATCATCCGCCCCGGCTTCGATGCCGGTCAGTCGGGAGCGTTGATCGTCGAGCGCCGTCAACATGATCACCGGCACTTCGGCGGTGCGGGCGTCCGCTCGCAAGCGGCGACAAACCTCGAAGCCGTCCATGCCCGGCATCATGACATCGAGCAGGATCAAGTCGGGAGGCGATGCGAACGCGACCTCGAGCGTGGAGGAACCGTCCTCGGCCTCGATCAAACGGTAGCCGGCAGATTCGAGGAGGGCGGCGAGGGTTTCCCGATTGGCCTCGTGGTCGTCGACGATGAGAATGGTGGCAGGTTGATTCATGACGTGAGCAGCTGCTTCATTAGCGACACGAGCTCCCTTAACTTTACTGGTTTGCTTATATATTCCGTCGCCCCGGCTTCCAGACAACGTTCGCGGTCGCCGGGCATGGCGAGGGCGGTGAGGGCGATGATCGGCACGTTTGGAATGGATTCGTTTGCACGGATTTTGCGAATCGCCGCCAAACCATCCATCTCGGGCATTTGAATATCCATCAGGATCAGCGAAGGGTGGTGAGCGTTGGTGAGACGAACGGCTTCGAGACCATTGCGGGCGAAGATCATCGCGTAACCGGTTTCCTCCAGGTAGCCACCGATCGTCTCGATGTTGGTTTCGTTGTCCTCGGCCAGGAGAATGAGTTGATCACGATCCGGCTCGGGTTGGGGAAATGGAGGCGTGGAGGCGGATGATTTGATCGCCTCGCGTTGGAAGAATTGCGCGAGAGCGGTCCGGGTCACCGGCTTGGTAAAATAGGCGGCGGCGTCCGGCGCGGGCGAGTCGGCCGGTTCGTCCATGACGGAGATGAGCACGACGGGAATGTCGCGGGTTGCGGGGGTTTCCTTCAGACGTTGGAGCACGGTCAGGCCGCTTTCGTCGGGCAGCAGTATGTCCAACAAAATGGCGTCGGGTTGTTCGCGCGCCGCGGTTTCCACCACGTGGTGTCCCAGTGTTTTGGAGATGGTGGAGATATTCAGCTCGCCGAGATACCGCTCGATCTGTTCACGGGCGTTGACATCGTCCTCGATGAGCATGACGCGACGGTAGTCACGGCGGTTGGGCACGGGAAGCGGACTGACTTCGGGCATGACTTCCTGCGGTTGGGGTAGCGTCACGCTGAAGCGGCTGCCCTGGCCGACCTCACTCTCGACCGAGACCCGGCCACCGTGCAGCTCGACGAGTTTGGCCACCATGGCGAGGCCCAGGCCGGTGCCTTCCTGCGCACGATTGAGGCCGGCATCCAATTGGGTGAAGGCGCGGAACAACTTGGATTGATCTTCCGCGGCGATGCCGATGCCGGTGTCCCAGACGGTGAACCGCACGGCGCATTCGGTCGGGAGGGCGACCACGTCCAGACCGATGTTGCCGCCCGGGGGAGTGAATTTCACCGCGTTGGTGAGGAGGTTGACCATCACCTGTTTGAAGCGCTTGGGATCGGCGAAGATGTGCGTGGTCTCAAATGTAGGTGAAAGCAGGATACGCAGATTCTTGCGCATGGCCTGGGTGCGCACGAGCAACAGGCAACTTTCGCAAAAGGGTTCCACCTCGAGCGACTCGGCGCACAATTTCAAGGAGCCGGCACCGATTTGCGACAGATCGAGAATGTCGTTGATCAACTCCAACAGATGCTGGCCGC
NZ_CP119075.1_gap16	871271	872262	991	CAGACCGAATCCGTGACCATCGCGGCGGGTGGTGAAACCATGGGAAAATATATGGGTCAGATTATCGGCGCTGATACCGGCACCGTTGTCCGTGACCGACACGTGGATCCGGCCCGATGCGGGGGAGTCGATCCGCAGCTCCATACGGCCATGGTCTACGCCGCGGTCCCGAATCGCGCGTTTCGCGTTTTGGATCAGATTTACCAGAATTTGCAGGATCTTGTGTTTGTCCGCCACCAGGAGAGGAACCTTCGCGTAGTTGCGCACGATTTCGATGTGGTGTCGCTTCAACCCCAGCTCGTGCATCTGCACGACGTCGTCGATTAATTCGTTCAGCTGCAATTTTTCGAGCACGCCGGACACGCGCGCATGACTTTGCTGCATCGCCACGATACCTTTGATGTGCTCGACGTTGCGATCGAGGTGCTCGTGTTCGCGCTGCATGGTGGCGTGTTCGGCGGTCAATTGATCGGATAGTTGGATGATGAAGGCGGGGATCAGGCGACCTTTGGGATCCGTGGTCAGAAACGCCGTCATGTCGCTGGTTCGAACCCGAAGCATGTCGGCCACGCGTTGGAGTTTGCTCAGCACCGTGGTGCGCAGGCATTCGCGCACCAGGGCGGCGGATACATTCACGCTGTTGAGCACATTGCCGACGTTGTGCAGCACGCCGGTGGCGACCTCGGCCATGCCGGCGTGGCGGGAGGCGACCATCAGTTCCTCGTGCGCTTTTTTCAGTTCGTCGGAGCGTTTCTCGACGCGGGTTTCCAGTTCCGCGTTGAGACGCCGGTAACGCTCTTCGCTTTCGAACAAGGCGGCCGATTGAGCGGTGGTGTGCGTGATCTGGCGTTCGAGCTTGGCGTTGGAGGCGTGAAGTTTGCCGGTGCGTTCAGCCACCAGCAGTTCCAGTCGCTCGTTTTCGCGGCGTTGCAAAAACGAACTGAACCACACGATCGCTCCGATTAATCCAAGGGCGGCTGCTACGTAAATC
NZ_CP119075.1_gap17	989724	991237	1513	GCGAAATACCGAATATGAAAGGGCACTGCGTAGTCTCCGATTTTAAAACCGGAAAGATCTATTCCGGATATCATACCGACCTCTTTACTGAACTGACTGAAGATGAAACCTAAGCAGCCGAACCAACCGCTACAGAGAACCTCCACAGTTATCACGAATCGTGCTGCGCACGCTTCGCGCCAGCTGCTCCGGTCTCTGACCTGAAACGTTGGCGAAAAATTCACCATGATCGAAAGCAAACGAGGGGCAGGTCTCATCGACTTCATGCAAGGGAATGCTTCCGGCAAGAATGTTCTCCTGCTGTTTGTGTTAACGATGGCCGTTTACCTGCTGATGCTCTCGGTCACCATCCCTCGGGTTCAGAGCTACGCTCCGGAAACGACGCTGTTTGATTTGTCGCCTGCGGGATACACTCATGCACAAGCGCTGACCCTGCTGGAATCCCTCGGTCGTGCAGGCAGGGATACTTACCTCTTCCCCCAGTTAGCACTCGACTTTGTTTACCCGGGTTTGTTTGCGACCTGCTTTTCGCTGATGTTGATCTGGCTATATTCAAAACGAATTCGGCCCGATTCGAAGTGGTTGTATTTGGCTGTAATTCCAGTGCTCGGCGGTCTTTTCGACTATATCGAAAATATACTGATTATTCGAATGATCACGATTTTTCCCGATGTGACCGAAGGATTGGTTTCTGCAGCCAGTAGCGCCACCTTGCTGAAGAGTGCCTTCTCCACGGTGTCCTTTCTATTACTGGTCGCAGGATTCGCCTTGCTCCTGATGAAAGGCCCAGTGGCATGCTTCGAGGGAGAAACCTGCGCCGGGAACAACGGCCAACAAAACAGTGGAGGCAACGCCTGACGTTGCGTGCCTCACTTATGACGTTCGGCAGTATCCATGGCATCCGTGAAGTATAAGTGGCCGCAGAATGTTCCAGGGGAGTTCTATGTCGACGAATGCTGCCTGGACCACCACTGCTGCGCTGAGATCGCCCCCGATCACTTCAGAAGAATTGACGATGGAGGTCACCTTTACGTCTATCGGCAGCCTTCCAATCCGGAAGAAAGAGCGCGGTGTATGGCTGCACTTGATACCTGCCCGATGGCAGCAATCGGTTGCGATGGAGTGCCTCCAAAGCTCTTTTCCCTCTCATGGTGGAGGCGTATCCTGAGATGAAAAAGCAGGAGCCGCGCTTGCGCGCGATGAACGCGGTGTGCGGGTGCGGTGAGGCAGTTGCTATCGCGCGCGAGCACGCTCCTACGGCCGAACCCATGCAGCGAGTTTCAGCTGTGGTTTGGTCAATTTGTGAGCGAAGAGACGGAGCGAGCCCGAGGCTGGAGTGATCGGGTCTTGTTCCGACCTCATTGTGCGCCAGCTGCGTTGAGAAAAAGTAGGAGCCGCGCTTGCGCGCGATGAACGCGGTGTGCGGGCGCGGTGAGGTCGTTGCTATCGCGCGCGAGCACGCTCCTACGGCCGAACCCATGCAGCGAGTTTCAGCTGTGGTTTGGTCAATTTG
NZ_CP119075.1_gap18	1066292	1071166	4874	CCAAATTCAAGATTCATCAACGCCTCGTCGTGTTCGACGTGGCCGAGGTGGAACGGTTGATCGAAGACAGCCGCATTGGTGGTCGGAATTGAAAGGACCGAATGGACCTGACATTCACACCAGCGAAACTCGTTTCTCGTTCGGAAGTGCGGCAGATGCTTGGCATCGAGACGAAATCGAACCGACTACTTCGCAGTCTGGAGAAGTCCGGTGACTTGCCGCCCGTTCGGCTTTCCTACAAGCGCGTCTGCTACCGTCTCGTTGACGTGCTCAGGTTGTTTCGTCGATACGACGAGACACTTCCCCCGGAGCCCCCTTATCCCGAATTGATTGCGAAGTCACAGATGGGGGCAAGGAAACATAAATTCCACCCCGATCCTGTCGCCCCCGCGCTACAGCCAGCAGACCACGCATGGCAAATTCTGAAATTCCGTCAATGGACCGACGAACGCCAAGCTGAGCTGGAAGCCGTAGCGGCCAAGTTGACGAAAGGGCAGCTCCGGTATCGTCGGCGCGTGATCGCGGATCGCCGCCGATTTATTCGAGAAATGGAAGAAGGGAGAGTGTCGCGATGAGCCGATCGGTGCCAAAGTCCAAGCCAAGCAGTATCCCCGATGTGAAGACGCAGCTGCATAACATGCGGTCCAAGCAACGCCGACTCTGCGACGCGATTCGTCAGCGCGAAAAACACTTAGCCAGACTGGAAGCGTCGGCCGCCTTGGCGGTCGAGACGCCGCCGGTCCGCTCACGTCATGGAATGCAAACAAAGCGCTGAGCCCTCTATTTTGATGGATCGACGCTTCACCGTCTTTCCTTCGCTAAAATCTAAACGTGACCCGCAAAACGTTTCGTTGCGCCAATTTCTGGCGGACGTGGAACTCGGGAAATGGCGAGAGTCCGTCGAAAGGATTCGATCGTGCGAATCGAAGGATGAAGCCAGCCATCTCAAAAACCGCCTACCTATCGCTAAGGTTTCCGGAACATTCGACGGACTTAAGGCAACGGACATTGTAGAGCCGAGCGGCTTGTTGTGCCTCGACCTCGATGACTTAGGTGCGCGGGCAGATGAAGTCCGGCGGACTCTTAAGGCTGATGTTTATGTGCTCGCGTTTTTTGTCTCTCCAAGCGGTCGCGGTCTCAAAGTGATCGTAGGGACCCAAGTCGCCGAGATTTCCGATCACCGAGCATGCTTCGAACGGGCTAGTGTTCACTTCAAGTCGGTGCTCCCGGCTGATGTTCTCATCGATCCCAGACCGAGCAATGTGGCATCCAATTGCTTCGCGAGTTTTGACTCTCGGGTTTGGAGGGCTTCTAGCGAGCGTTTGGTGTTCGGTCCGGGGGACTGCGATTCAGAAAAAAAAAGTCCGACGGGGTGTGATGTAGATGCATCACATGTGATGCAGTCTTTTGAGAAGGAACTCTTTTCTCCTTCCTCCTCAGAGAGGGCAGCGCTTGGGAGGGAGGATTCCTCCCGATTGATTGCCTGCAATCACATGTCGACCCCGCCAGCCCACATCGACTGCGATCTCAGCGAATTCGTCGAGCGCAACGTTTGGAGAGATTGGGTAAGTCGAACGCCCTATGTTGCTGCCAAGCGAAACGCATTCATTGCCGACCGAGTTCCATTGCTTCTCAACTTGGTTTGCGCGGAGTTGGTGGCAGTGCTCAGCGTGAAATGGTTCGATGGTGCTCCCGGTGGACTGTTTCACGACACACGCGAACGGCATTGGAACGAAACATGGAGCATGATTGGAGGGTGTCGGGAATCATGGCCTACCGTTCGGAACATAGGACGTGACGGTCGACGAATCTACCAAGACCTAAAGGACGACCGATTGCGTGCGGTCTTCCGAATCTGTCATAGCCTCAGTATCTCCAAGAAGAACTTCGCCACCCGGCAATTCTACCTCACCGCTACGAATCTTTCTGAACGCATGCTGTGCGCGTGCCAAACTGCAGCTCGACAACTTAACTACCTCGAAAATGCAGGTGCCATCAAGGTGATTGAGAAAGGCGAACTGAGACGCAAAGGTCATCCCGCGCGTGCGACATTCTATCAATGGATGTTGTCGTAAACCACGACCAGCGTAGGCAGGCCTTACTGCAGATTGTTTCGGCGTGAACGATTCAGTCTTCGAACGTCATTCGGAATACCATGTCGGTGAGCCAGCCACGGAACGACTCGTTGTCTTGGAACTGTTTGAAGAGCTGGGCGTCGTCCTTGAACATCGCGGTGATGACTCGTTGGAGCGCCTTGTCGTGTTCGATGCGAGCGTTTTGCCGGTCGGAGTGTTGCTTCGCGTTTTGGTAGGCTGGGTCCGCTGAAACCTTGGGCGGAATGACTCCCATGATCCGGGCCTCTACGGCCTTGGGATCATTGAACAGTCCGCCGAACTGGTCGTTGAACACTTTGATAATGTTGGAGAGCTTATCGAGCTCCGGGTCCGGTTTGCGGCCTCCGCCACTGGTCGGCACCGGTTCGATCTCCGCATCGGCGTCCGGCAGCGCGATGGCGAGTGTGGCCTGCTTCTCCGCGCGATAGCTGTCCATGTCGATCGATTCGAGGATGCCTTTCGCGAGATCCTCCTCCTTGGGAGCGGGCAGTTTCGGAATGAGGAAGTTCAGGAAGATCGATAGTTTCTCCCACTCTTTGACGCCGTAGGGCAGGATGGTCGCGAGGAAGTCGTAGGTTCGGGTGAAGGCCTTGGCCTTGCCCTTGAAGTCGACCTGACCTTCTTCATCGAGCTCGGCATTGTAGACCGCGACGCAGGAATCGAGGATGGGGTCGAGTTTATCGCGGTCCGCGCCACTCAGATACAACTCGACCAATGCGTCGATCTGCTCGGGGGCGTAAACCTGATACGCATCCAATTCGCCCTTGAGGGTGTGTAGCTTGTTGGCGTCGGTTTCGCGGCTGAGAATCGTAGTGCGGTAGAATTTGGCGAACGATTCTTCGATGGCCTTCGTGTCGTTCTGGAAATCGAGCACGAAGACATCGTGCTTCTTGGGATGTGCTCGATTCAGCCGGGAAAGTGTTTGCACGGCTTTGATGCTGTTAAGCGCCTTGTCCACATACATGGTGTGCAGGAGGGGCTCGTCATAGCCGGTCTGGAATTTGTCCGCGCAGATGAGGAAGCGATACGGATCCTCCTGAATTCTGTCCGCGATGTCATTGCTCGGGAATCCGTTGAGCTTCGCCTCGCTGACCTTCTCGCCCTTGTATTCTGGTTCGCCGGAGAACGCGACGATGGCGCGGTAGGGGCTCTTGATTTCCGTGAGGTAGTCGCGGAACACGAAGAAATACTGGATCGCGCGCTGGATGCTGCCGGTGACCACCATGGCCCGGGCCTGCCCGCCGATTTTGTTTTGGCCGATCACCTGTTCGATGAAGTGGTCGACCATGATTTCCGCCTTGTCGCGGATAGCCTTGCTGTGGCTCTCGACGTAGACGCGCAGTTTCTTGCGGGCCTTCTTCACGTCGAACTCCGGGTCGCCTTCCACCGTCTTGGCCAGCCGGTAGTAGCTGTCCACCGGGGTGTAGTGTTTCAGCACGTCCAGAATAAAGCCCTCTTGGATGGCCTGCTTCATGGTGTAGCCGTGGAACGGCCGGTGTTTGACCTCGTCGCCTTCCGGGCAGGGGATGCCGAACATCTCCAGCGTCTTGTTCTTCGGCGTGGCGGTGAACGCAAAGTAGCTCGCGTTGTTGAGGAGCTTCTTGGATTTGATCCGCGCTTCCAGCTGCGCGTTGATCCAGTCTTCCGCGGTGTCCTCGTCTTCGTCCTTTTCGGCGAGCGCCGCACTTACTGCGGCGGCCGTGCGTCCGCTCTGGCTGCTGTGGGCTTCGTCGATTATGATGGCGAAGTTTCCGCCGCGGTGTTCCTCCCCGATCGTATCAAGGACAAAGGGAAAGGTTTGCACCGTGGTGATGATGATTTTTTTCCCGTCCTTGAGGAATTTCGACAACTGTTCGGTCTTGGACGTGCCGCCACCTTCCTTCACCGCGCCGATGATGCTGCCGACCTGGGAAAAGCCTTTGATCGTCTCGCGGATCTGCTTGTCGAGAATGCGGCGGTCGGTGACGACGATGATCGAGTCGAACACCGCCTTGCTGCCATTTCGCGAGCAGATGAGTTGGTGTGCCAGCCATGCGATGGAGTTGGATTTGCCGCTGCCAGCCGAGTGCTGGATGAGGTAGCGTTCTCCTGCGCCTTTCTCGCGCACGTCGGCGAGAATTTTACGCACCACGTCGAGTTGGTGATAGCGCGGGAAAATCTGCACCCGCTTCTTCTTCCCGGTCTTGGGATTCACCTCCTCGACGATCTGGGCGTAGTTCTCCAAGATCTCGGTCAGTCCAGCCGGTGTCAGGATCGTCTTCCAAAGATAGTCGGTCTTCAGTCCGTTCGGATTGGGCGGATTCCCGGCACCGTCGTTCCAACCTTGGTCAAAGGGTAGAAACCACGAATCCTTGGCCATGCCCTTGGTGCCCTTGAGCGCGGTGCACATGGCAATCTTCGAATCGTCGACAGCGAAGTGCACCACGCAGCGGCCGAAGGTGAACAGCGTCTCCCTCGGGTCGCGGTCGCGCCGGTATTGTTCGATCGCATCCTCGACCGTTTGTTTGGTTAGGCTGTTCTTCAGCTCGAAGGTCATCACGGGCAAACCGTTGATGAAGGCGCACAAATCGAGTGCGCGTTTCGTTTCCTCCCGGCTGTAGGCGAGCTGTCGGGTGATGCTGAAGCGGTTGGCCGCATGCCTCGCCACCGCCTTCAGGTTTTCGGGCGAAGGTGTGCCGTAGAACAGATCGAAGCTGAGCGGCCCGTGTTTGATCCCATTGCGAAGGACATCGATCGTGCCGCGCCGGGAAACCTCTCCTT
NZ_CP119075.1_gap19	1137190	1139311	2121	GTGGCCTTGACCACGCTGCGGCCTCAACCGCCGGAACTGGCGCTGGCGGGCATTGTGAAAATCCGCGCCGCGACGCCCGGCAAGCAGGCCAAGCGCGTGCTGATTCAATTGCTGGCCACACGCGCGGGCGAGCCGGTCGGCTGAAGTGTAACCATAATGGTTACACTCGTCGCGCGGCGGATCGCGTTTTGAGGTGGCGAAACTGACCGGGCGGTGTGGAATGCCGGGCACCATGTCTTCCGATTCGCCTCTCGATCTCGTTGAACGTCCCCGTCGTCTGCGTCGCACCGCGTCGCTGCGCGCCATGGTGCAGGAAACCGTGCTGCGCCCGGCCGATTTCATCGCGCCGCTGTTTGTGGTGGAAGGCAAAGGAGAGCCCGAGGCCATTGCGTCGATGTCGGGGGTTTTTCGCTACAACGTGAAGGATCTCGTCAAGGAGTGTCGGGCCCTCGCCAAACTCGGCGTGCCCGCCGTCGCGCTGTTTCCGAAGCTCGATCCGAAGTTGAAGGATGAAGATGGCACGGGCGCACTCAATGAAGACGGTTTGATTCTGCGGGCCGTGCGGGCGGTCAAAAAAGCGCTGCCGGAGTTGACGGTGATCACGGATGTTGCGCTCGATCCCTACACGACGCACGGCCACGACGGCGTGCTGACTGGAGCGGGTGACGATGTGGACAACGATCGCAGCGTCGGAATTTTGAGCGAGATGGCCGTGCTGCACGCCCAGGCGGGCGTCGATATCGTGGCGCCGTCGGACATGATGGATGGTCGCATCGGCGCGATTCGCGAGCTGCTCGACGCGCACGATTTTACCGGCACCGCGATCATGGCCTATTCCGCGAAGTTTAACTCGGCCTATTACGGTCCTTTCCGTGACGCGGTGGGTAGCAGCAAGGCCGCCGGCACGCGCCTGCTCAGCAAAGCAACCTATCAGCTCGACCCGGCCAACCGTCGCCAGGCTCTGAACGAAGCGGCGCTCGACGAAGACGAAGGCGCCGACTTCATCATGGTCAAACCCGCCGGTGCCTACCTCGACATCATCCGGGAAGTGCGCGAGGAAACGACCAAGCCCGTCGCGGCCTACCAAGTGTCGGGCGAATACGCGCAAATCCAAGCCGCCGCCCAGCTCGGCTGGCTCGACCTCGCTCGCTGCCGCCACGAGTCGCTCCTTGCCATCAAACGCGCCGGCGCCGACCTGATCCTGACCTACTTCGCCAAAGATATGGCGAAACTGCTAAAGTGAACGTCAATCTTTCCGGCCGGACTCAAGCTCGGCGGGGAGGTTGCGCGATGAGCCGGCGCGTCTAGCCTTGGGCGATCATGTCCTTGCGAATTCATCGTCCCTTGCTTCTTGCACTCGCCATGGCGGGTGTTGCTTCCGTCGCGGCTGCCGCGCTCACTCCTGCGCCGGATAACGGGGGGATTTCGCTGCCGGGCGGGTTCAAAGCCGCGGTCGTGGCCGACGACTTGGGCGGCATCCGGGGCATCGCGGTCGCCCCCAACGGCGACGTGTATGGCCGCGTGCGCGGTCGCGGCATCGTGGCGATGCGCGACACCGACGGTGACGGCACGGCCGACATCGTGGAGACGATTCCGGGTTCGACGGGCGAGGGCAGTGGCATCGGTATCCAGCCGGGTTACCTGTATTATTCGACCAACTCCGGCGTGTTTCGCTATGCGCGCGCTGCGGGCGAGCTGCTACCGAGTGGTGAGCCCGAGGCGGTGGCGACTGATTTGTCCGATAAGGGTCAGCACAATGCCAAGATGTTTACGTTCGACGAATACGGCATGCTCTATGTCGAGGTGGGGTCACCGTCCAACGCGCTCGGCGTGCCGGATCGTGCTCGCGGCGCCCAGGGCGTGAGCGATGCCGAGGTGGCAAAATTTTTGAGCGAGCACGGTGGCGTCTGGAAATTTGATCCGTCCAAGGCCCCGCAAACGCAGCAGCAGGGAGAACATTGGTCGACCGGTCACCGCCATATTCTGGCGCTGGCGTGGAATCCGGTTTCGCATACCTTGTTCGGCGCGATGAACGGTCGCGACACGCTCGACGTGATCAACCCGGACTTGTTCTCCAAGGAATACAATGCCGTCCGCGTGGCGGAGGAGTTTCACGAGCTC
NZ_CP119075.1_gap20	1160792	1163351	2559	GCTCGGCGGTCAGCCAGATCGTATCCGCGAGTTGGGGACCCATGGCGGCGAAATCGACCGGCATGGTGGGGAGTTGATCCGCAATGCGGGTGAGCACATCCAGCACGTCGTCCTCGGCGTGGGCATCGAGTGCCTCGGTCGCGCGCAGCGAACTCAGCAGGAGGGTCCACGATTCCCACGCCCGTTGAAACGAAGACGGGGCCCGCTGATGATCGAGTTCGGAGAGCACGGCGCGTGCTTCGGCGGCGGTAATGCGGTGGGAGTGCGCGTCGGCCACGCGGGAGGGCAGATTGTGGGCCTCGTCGATGATGAGCATCGTGCGGGCGGGATTCCAGCCGGGTTGGTTTTCGAACAAGCCCCGGTTGCGCGGCGCGAAGACGTAGTTGTAGTCGCCGACCCACACGTCCTGGAAAGCCAGCGCGGTGCGCGTGATTTCGTAAGGACAGACCCCGGCGTCTCGACCCGCGGCGCGCAAGGTCGGCAAATCGCGCGCTTCGTTTTCGAACAGATGGAAACGATCGAGGCCGCTGCCCGGCCACCGCGTCTCCACATCCTGGATAAACCGGCACTGATCGCGCACGCAGTGAAACGTGGTGTTCACGCAATGTTCGCCCTTGTTGCGCACGTGCCACACCGCGAGCCGCGTGGGCTCCGCCTGCGATCGTTTGTCACCTATTAGGTGACAAGCTGCGGGGTCCGTCATGCGTTGCAGGGTGTGCACGACTTGGAGTTGGCCGGTGGATTTGCTGGTGAGGTAAATGACGCGATCGCAGGAGCCGGAGCGCAGGGACTCCAGGGCGGTCTCCAGCATGACGCCGGTTTTGCCGAAACCCGTGGGCGCCTCGAAAGCGACCACGCGTTGCGCGGTGAGGGCGGTTTCGAGTTGCTGACGGGTATCTTCCTGTCCGGGCCGCAATTCTGGAAACGCCGGGGCAAAGGTGAGCGTGCGCCGTCGTTCCAGGGCGCGGCGATGCAGATCGAGGAACTGCGTCAGTCGTTCCAACCGGGCGTCGAACATTGCTTCGTCTTCGCGCGTGAAGCGGACCGTTTGGGAAAGACCACTGCCGGCTTCGACAAAGATCAGTTCACCGCGGAGCGCCGATTCGGGGGCGGACAGTCGGCGCAGGGAAAGGTAGATGGCGAGCTGGGCAAAGTAGTGCGGGTAGTCGGCTCGCAGTTCGGGCTCGGGCACCGGCACGGCTTTCGTGAGTGTTTTAATTTCGCGCAGCACGGTCGTCTCGCCTTGCGGCACGAGTTGGTCGATGCGGCCGTTGAGTGAGATCCGCCAGCCGCGGTGGGCGACCTCGCCGTCGACCGCCACTTCGAAATGCGCGTCGGGGTTTTCGCTGGTGGTCTGCGTTTGCAGTTCGCGGTGCCAGTAACTGCCGAGTTGAGCGCGCCAGATGCCGCTTTGACCTTCGCCGCCGTCGCGGGGTCCGACCGCAAAGTCCGCGAGTTCGCCAACGCTGAGTCGGGCGGTGCGGGCGGTGAGATCGAAGTCCATTTTAAGTAGGAAGTGGGAAGTTTGAAATTAGAAGTGAGAAGTCGGCGGGGTGGCGAGCGGCGGCGGGCGAAACCGCGCTACCGCTTAGTCGACGAAGATGTCGGTGTGGGCGCGCAGGTAGTCTTCCATGTGGTGGTGCAAATGGGTGACGAGGGCGGGGGCGACGGTTTGTTCATTCACGGGTTGATTCAACAGGGTGGCCACGGCGGAGCGATCATCGCGGGGGAGCGTGGGAAACCACTGTTGTTTGAGCGGATAGCCTTCGTCGCGGGCGAAGCAGTAGAGACTCTTGAAACCCACGATGTCGGGCCGGTCTGTGGTGGCGAACGCACCGAGCGCCGTGGCAATCAAACCGGCGACGGCGTCGCGACTTTCCTCGGGGACGGGATTGCGCGCGATGATGGCGGTAAAGGCGGAGGCATGTTGGAGTCGGCGATAATTTTGACCAATCCCGCTGTGGCGATGCAGCAGGCGCACCTCTTTCACAAACCACGTGCCGGCTGAACCGGCATCGAGCATGAGCGCAACGTGATCGAAAAGATCCAAGCCGATGTGGGTGGGCGTGGGTTTACGCGGGATGCGTTGCAGCACGCGCAGGGTGCCGTGTTCGGCGGAGTAGGCGACGCTCGGCTGAAAGGCTTCCTTCAGCGGAGCCTTCGACAAGATATAAACCTCGGTGCTGAGCGAGGGACCGGCCACGTGATCAGGCGGAGGAAGCGTCGGCCGTTTCGGGCAGAGGAGGATGGGTCTTCGCGGGCGGCGGCCACGGCGGCACGACGGTGCCGCCCGAGATGATGAGTTTCATGGCGTCACCGACGGTCATGTCCAGTTCGGTGACCTTCTCGCTGGGATAAAAAATGAGAAAACCGGACGTCGGATTGGGCGTGGTGGGAATGAACACGGTCCACAGTTCGGACTCGGTGCGATGCTGCAGCTCCCCCTTGGCGCGGTTGGTGAGGAAGCCGACGACGTGAGAGCCCGGGGCGGGATATTCCACAAGCACGACCTTCTCGAACACGTTGCGTTTTTGGGCGCTGAACGTGTCGACGATTTGC
NZ_CP119075.1_gap21	1189986	1193351	3365	CCTTCGCAACCGCTTGCGCGCCCGCTACCGCTGGTAGGGGATCTGCTTCCCGTCATGCCTGCCACGATCACCATGGATCAAATCAAATCCAGTCCGCCCACCGCCAATCGTGCGACTCTCGCCACGCCTCCGCAAAAATCGGCTCCGGCCGGTCGCACGCTGATCGATATCGAGAAGCTTAATTTTTTCTACGGCGAGTCGCAGGCCCTGCATGACATCAATCTGGCGATTCCGGAAAAGAAGGTGACCGCGTTTATCGGTCCGTCGGGTTGCGGCAAGTCCACGCTCCTGCGCTGTCTCAATCGCATGAACGACCTGATCGATGTGGCCCGGGTGGCCAGCGGCTCGATCAAGATCCACGACATCGATATCTATGCTCCCGACGTCGATGTCATCGAACTGCGTAAACGCGTTGGCATGGTCTTCCAGAAATCCAACCCGTTTCCCAAGTCGATCTACGAGAACATCACCTACGGTCTGCGCTTGCAGGGCGTGGCGGACAAATCCCGGTTGGACGAAGTGGTGGAGCGTTCGCTGCGCGGCGCCGCCCTGTGGGACGAAGTCAAAGACCGTCTGCACACCAGCGGGCTCGGACTATCAGGCGGTCAGCAACAACGTCTGTGCATCGCTCGGGCGATTGCGGTCGAGCCCGAAATCATTCTGATGGACGAACCCTGTTCGGCCCTCGATCCGATCGCGACGGCCAAGGTGGAGGAACTCATTCACGAACTGAAGGAGAAGTTCACCATCGTGATCGTGACGCACAACATGCAGCAGGCCGCCCGCTGCTCCGACCGCACCGCCTTTTTCTACCTCGGCAAACTCATCGAATACGCCGAAACCCAGACGATCTTCATGAATCCGGGTAATCCCCAGACCGAGGCCTACGTTTCGGGTCGCTTTGGCTGATCGCCGGTCTTGCTTGCTCTCTCGTCCCTATGAAACGCTTTTTCGACAACGAACTCGAATCCTTCCGCTCGCAACTGGTCCTGATGGGCGAGATCGCGGTGCGCCAAGTGCGCCAAGCCACGGAAGCGTTGGTCAATTCCGATCTCTCCCTGGCTGATCAAGTGGCCGCCGCGGACGATGAACTGGATCAACTCGAGGTCAAAATCGACGACGAAGCCATTCGCTACATGAGCCTGCGCTCGCCGGTCGCGACCGAGCTGCGCCTCGTCATCGTCGGGATGAAAGCCAGCCACGATTTGGAACGGGTGGGGGACGAAGCGACCAACATCGTGCGCCGCGTGGCCCGTTTGGCGTCGGAACCGCCGCTGAAGCCTTACATCGACATCCCTCGCATGTCGAAAATAGCCATCGAGATGCTGCGCGATGCCCTGGATTGCTTTCTGCAAGAAGACATCGAGAAAGCGCTGGCGGTGTGCAAACGCGACGCCGAAGTCGATGACATCAACCGCCAGCTCTACCGGGAATTGACCAGTTACATGATCGAGAATCCCTCCACGACGAGCCGCGCCTTGGAGCTCATGTTCATTTCCAAGGCGATCGAACGCATCGCCGATCACGCCTCCAACATTGCCGAAGAGATGGTGTATCTGGCGCGGGGACGAGATATTCGACACACCGAACAGACCAAAAACCCCAACGCGGGTTAAAAAATTCTCGGGGATCGCGCCGGGGAGAGAAATTCGGCATTGACCGCGCCCCAACCCGCGTGGATTTTTCCCGACCCTTTGTGGCGGCCATAGCTCAGTTGGTTAGAGCATTCTGCTGGCCAGCAGAATGATTCTAGGAGCCCTGGGGGAACGTTCACGAGCGTATGTATTTCGTCTACATTCTGGTCTGCCTGAAAAGTGGTCGATCTTATGTTGGCCAAACCGCCAACTTGATTCACCGCTTTCATCGGCATCAGGCGGGTTTAACCCGCACGACCCGCGAAAAGCTGACGAATCCTGTGATGCTGCATTGGGAACCCTGCGCCACTCGTCACGAAGCCCTACAACGCGAACGTTACTACAAATCGGGTTCCGGGCATCGCAGGAAACATGAGCTGATCGCCCGCGTTTTACCGGAACTTTGGCCATTGGTAAACGGCGTGCGGTCAGCAGAGTGATTCGACGCGACAAGTCCTTGACAGCCCGGATTTCACTCACGAAGTTTTCCGGCTCTTCATTGTGGCGGCCATAGCTCAGTTGGTTAGAGCACTAGATTGTGATTCTAGGGGTCGCGGGTTCGAATCCCGTTGGCCGCCCCATCCCTTCCGAAAGCGAGGGGAAGTTTCAGATAGCGAAACATAAGGGCAGGAGGACTCGCGAGGGATGAGAGCCCGCAGGGTTCGACGAAGCGAAGCGGAGAAGGGGCAACCGCAGGTTGATCCCTCGAAGCGGGACAAGCGCAGCGCAGCCAATCCCGTTGGCCGCCCCATCCCTTCCGAAAGCGAGGGAAAGTTTCAGATCGAGAAACATGAAGGCAGGAGGACTCGCGAGGGACGAGAGCCCGCCGGGTTCGACGAAGCGAAGCGGAGAAGGGGCAACCGCAGGTTGATCCCGCGTCAGCGGGACAAGCGCAGCGCAGCCAATCCCGTTGGCCGCCCCATCCTTTCCGTAAGCGGAAAAAGATAACCCGTTAGGAATCGTGACCGCAGCAGAACCCGTGAGGGGTGAGGACCCGCCGGGTTCGATGAAGCGAAGCGGAGAACGGGCAACCGCAGGTTGATCTCGCGTCAGCGGGACAAGCGCAGCGTAGCCAATCCCGTTGGCCGCCCCATCCTTTCCGAAAGCGGAATCCGGATTCCGCTCCGTTTGTCACCTAATAGGTGACAAACGATTCTGCTTTGAGGTGGCGCCGGGGATGTTGTTGAGTGATGGCGTTAATGCGGCGCGTGCGGATTCTTACTTTTAATATCGCTCATGGGCGGGGCTTGAATCCGATTCAGGGCACCTCGTCGGCGGTGCGGCTGCGGCGCAATTTGCGTCGGATCGGTGATCTGATTATAAAACTCGATGTGGACGTGGTCGCCTTGCAGGAGATCGATCAACATTCGCGGTGGGCGGGCAACTTCGACCAACTCGACTACTTGAGTCAGCACACCGGCCTGCCGTATTCAGTCTTCGGGGTGCACAACCGGCGCGAAGGTTTGATCAATCTCGCCTACGGCAACGCGATTTTGTCGCGGTATCCGATCCTCGCGTCCGAGGTGGTGAGTTTCGGGCAAAGCAAAGTGGGGGAGAAGGGCTTTATTTTTGCCGAAATCGAACTGCACGGCATGCGGTTGCCGGTCGTGAATCTTCATCTGCACTATCGATCCAAAGCGCACCGCTTTCGGCAATTGGATCGGCTGTTGGAGTTTTTGCAGGAGAAGCGAGCGGCTCATGGCGGGGAGTGGCCGGTGCTCCCGATCGTTT
NZ_CP119075.1_gap22	1354570	1356226	1656	GAAACCCACCGGCGGTCTTTCGACCTCCGGCACGTTGCTGGCCCAGGCCATGTATAAGAGTCGCTGAGCCGTGCTGCCCGTATTGCGATTTATGTTACAACCGATGCATCCCGCCTGCTGGGGGGCGCGTCGGATGATGGCGGCCCTGGTGGCGTCGGTGCTGCTGGCTTCGTGGAGCCTGGCGGCTGCGCCGGCAACCGGACCGACCCGACTGGTGCCGCTAATGATGACCGGTGGCGTCGCCACGTCCGTGAACATCTGTCTCGCTCTCTGATATGGCGAGTCCGGGTAAAAAGTCATTTCTCATGCGGGTCGACCCGAAGCTTTGGGCGGAGATCCAAAGCTGGGCCGATCAGGAAATGCGCAGCGTGAACGGGCAGATCGAATACCTGCTGCGTGAAGCGGTGCGCAAACGACGCGGCCGCGCTGCGGACAATGATCCGACCTCGACCGATGAATCCTCTAATCCTTAAGCCGGCGTCCGACCGGAAGAAATGGTGAACCATGTGGTGGAAATGCTTTGATAAAAATCACGGGGAGGCGAAATACGCGACGGTCATCGCCTCGGCCGTGGCCGCGCTGAGCGGTCTGTTCGTGACCTTCCATTCCCGCAATGACGACGCGCCCTCACGTGGATCGGGGGCGACCATGTGGCGGGAAACCGGGCATGGGTTTTTCAAGGACCGGGGGAGCGAACAGTTGGTGGATTTGTCCGGTGCCTGGTCCTTTGCGGTCGGTGACGACACCTCGCGCGCGGCGGTTGATTTCAATGATGACGATTGGGCGCAAATCGACGTCGGCTCGCCCTGGGAGAATGAAGGGTTCGAAGACCACGATGGTTTTGCGTGGTATCGACGGTCCTTCGACCTGCCGGCCCGCAATCTGCGAGGGCAGGTTTACCTGCGATTGGGCCGCATCGACGACGTGGATGAAGTGTATTTCAATGGCGTTAAAATCGGGGCGACCGGGCGCATGCCACCGCACTACGATTCCGCGTGGGACGCGCTGCGCGCCTATCTGGTGCCGCGCGAACTGCTGCGGTTCGACGCGCCCAATGTGGTGGCGGTGCGGGTGTTTGACGGCGAGCTCGGCGGCGGATTGGTGGGGGAAGCGGTCGGCCTCTTCACCACGCCGTTACCGGCCCCGTTGCTCGATCTCTCCGGCCACTGGGAGTTGAGCACCGTGGACGATCCTCGTTTCGTGGGAACAGGTAATTTCGAAGATGCGTTTCGGCCCGCGGTGGTGCCGGGAGTGTGGGACCGGCAAGGCTTGGCCGATTTCGATGGTTACGCCTGGTATCGGAAAACGTTTGATCTGAGCGCTCCGGCGGGTGCGGAAGAATGGGTTCTCCGGCTGGGGAAGATCGATGACACGGATGAGGTTTATCTCAATGGCGTCCTCATCGGCCACACCGGCTCCACGTCGGCGGCGGAGACCGATTTTTGGAATCAAACGCGCGCTTATCCGTTTGCCGCCGATTTATTGAAAAGTGACGGCAATGTGCTCGCGGTGCGCGTGCACGATTTAAAGGGATATGGCGGAATCACGCGCGGACCCCTTGGCATCATGACGGCAGCCGACCACGCACGATACGTCGAACTCACCGTGGATCGGCGCAGTGCGTGGCAGCGCTCCTGGGACTGGCTGCTGGGACGC
NZ_CP119075.1_gap23	1409335	1413039	3704	ATTTGGATTTCCTCTTTTCTTCATGCACACGGCGTTGGCGGCACCGGCTTTGGTGAAAGAACCCGTGATGGATTTTCTGATGCAGTCCAATGCGTTCATCGCGGCGGAAGTATTATCACTGCTCGGGAAAACAGCCGTGGTGCGCGGGAACCTGATCGAAGTTGAAGCGGGCGTGATCGGGGTCGAGGAAGCGTGCAGTGGTCTGCGATCGTTGCAGGCCGTGTGGATGTTTGCGTGGATGTTTGGGGCGGTGAATCGGCTCAGGTGGAGCGGGCGTTGGCAGGTGGTGGGTTTTGCGGTGGCCGCCGCTTGGGTGGGAAACCTGGGACGAACCATGGTGCTGACGTGGCGGATGGAAGACGCGGGAATCGCGGCGGGTGAGGCCTGGCACGATGCGTCCGGTGTCATCGCGCTGGTGCTCACGCTGGGCGCGGTGTTTGCCTTGGCGGTGCGCGTGGAGTCACGCCAAGTGGTCGCGCCAGAAGTGACGGCGGCGACGACGATCGCGCCTCGGCCGGTGCCGTTGCAGAGGCGATTGAACGTGCGCTCCCGGTGGGTCGCGGTCGTGGTGGTGCTGGTGGTCGTGACGGAAGCGGCCACGGCGTGGTGGTATGACGCTCCGGGCGAAGCGACGAGGTTTGAACACTGGTATCTACAGGGCGCACCCGAGCGCTGGAAGGAGGTGCCGGTGGATGCAGGTGTGCGGGAGGCGCTGGCGTGTTCCGGTGCCGACCAACTGGAACAAACCCCCGCACCGGGGCAGCCGCGAGGCATGGGATTGGTGATGCGGTGGCAACGGGATCGCACCATGTTTGCGGCGGGAGCGTTGGCCCATGCTCCGACCGTTTGCATGCCCGCGATTGGGGGAAGGTTGCAGCGCGAACTCCCGTCCGTGGAGGTGCGATTACCGGACGGGGAATTGAGATTTGCTGCCTACGTTTTCCACACCCGCGGGCGCACGCAGCACGTCTTCAACGCGGGATGGAATGTGCAAACGGAATCGCCGATCGTCGTAACGAGCGGCGCGGCGGGTAGCAGCATCCGCCGCGAGCGGTTGGCGCGCGTGGCGCGGCGCACCAAATTTTCGGAGATCGATCGCGTCGTCCTGGTGGTGGAAGACGCGGTCGATGACGATGCGGCGGTGGCGTGGCTTCGTGCGACGGTCGCAGAGCTGTTGATACGGCGACAAGATTGAGCGGGCACAAAAAAGCCGATCCCGCGGAGGGGATCGGCTGAAAGTGAAGCCAGGAACTGAGTTCCGGTTCAGAGGTTGCCGGCGTAGATCGCGGTGGAACCGAGCTCTTCCTCGATACGGAGGAGTTGGTTGTATTTGGCCACGCGGTCGGTGCGGGAAGCGGAGCCGGTTTTGATTTGGCCCGCGTTGGTGGCCACCGCGATGTCCGCGATGGTGGTGTCTTCGGTCTCACCGGAGCGGTGGGAGATGACGGCGGTGTAGTTGTTTTTGTGCGCGAGTTCGACGGCGTCGAGGGTCTCGGTGAGGGATCCGATTTGGTTGACCTTGACGAGGATCGAGTTGGCGGTGCCGGTGGAGATGCCCTTTTTGAGGAAGTCCACGTTGGTCACGAAGAGGTCGTCGCCCACGAGTTGGGTGGTGTCGCCGATGGCGTCGGTGAGCTTCTTCCAGGTGGCCCAGTCGTTTTCGTCGCAACCGTCTTCGATGGAGTCGATGGGATATTTGGCGACGAGGTCCTTGTAGTAAGCGACAAATTCGTCACCGGAGAACTCCTGGCCGGAGGACTTTTTGAAGACGTATTTCTTCTTCTTCTTGTCGTAGAACTCGGAGGAAGCGACGTCGAGGGCGAGCATGATGTCCTTGCCCAGCGTGTAACCGGCGGCCTTGACGGCTTCGGCGATGGCGTCGAGGGCGTCGGTGGTGGAGGCGAGGTTGGGGGCAAAGCCGCCTTCGTCACCGACGGCGGTGGAGAGACCCTTGGCCTTGAGCACTTTCTTGAGGGCGTGGAACACCTCGCAACCGGCGCGCAGCGCATCGGAGAAGCTGTTGAACTTCACCGGACGGATCATGAATTCCTGGAAATCGATCGGAGCGTCGGAGTGAGCACCGCCGTTCATGATGTTCATCATGGGCACGGGCAGAACCTTGGCATTGGGGCCGCCGATGTATTTGTAGAGCGGTTGCCCGAGGCTGTTGGCGGCGGCGTGAGCGGCGGCGAGGGAAACGCCGAGGATGGCGTTGGCGCCGAGCTTGGCTTTGTTCTTGGTGCCATCGAGTTTGAACATGGTCGTGTCGATACCGACTTGATCGCAGGCGTCGAAACCGACCAGAGCCGGGGCGATCACGCCTTTGACGTTGCCGACGGCGCCGAGCACGCCTTTGCCGAGGAAGCGGCTCTTGGCGGCTTTGGCTTTGGCGCCTTTGAGGCCCTTGACGTCGCCGTCACGCAGCTCGTGCGCTTCGTGTTCGCCGGTGGAGGCACCGGAGGGAACGGCGGCGCGGCCGAGCGTGCCGTCGGCGAGTTTGACGTCGACCTCAACGGTCGGGTTGCCGCGGGAGTCAATGATTTCGCGGGCGTTGATGGCAGTGATCGTGGTATTCATATCGGTAAAGGTTTGGCTGGGACGTCTGTGATCCGAGCGCGAAAGCGCATTCAAGCAGACAAGATGTTCGAGGGAAGCTCAAACACGGTGACGCATGGCAACCAACCGCAGGCCCCGTGCTCGATGCGTGGGCCTTTTCGCGCGGGAGCAGCGAACTGCGTCGTTCGCGATCGGGCTAATACGGTGGCCGCGTGAGCCCGAGTTTATCCAATATCCGCCGCAAAGGCCCCGGGGGTTTGGGACGGATCGAGTCGGGCAATTGGTCCAAATTGCCCTGCACGGCGGCAGTCCGAAGCACGCTCACGCCATTGTAGTTGCGCACCTGAACAATCTCCGGGGTGAGCAGTTTGGTCGGAATCTGATCGAGGTGACCTTCGTAAGCGGCGGCATGCAACGGGGTGTCGCCATGATCGTTGCGATGAAGCAAGAGATCGGTGGTGAGGTGTTCGACGGGAATATGACTGAGCTGACCCGTTTCGGCGGCGGCGTGAATGGCGGTGAAGCCCGTCTTGCTGGAGATCGTCAGGTTATCGTGAGTCAGAAATGAATCGGGAATCTGGCCCAAATTTCCCGCGATGGCGGCGGCGTGAAGCACCGTATCGCCCGAGTGCGTTTTGCTCAGCAAAACCTCGATCGTGATCAATTCCGATGGCACTTGGTCGAGGTGTCCGTTCAAAGCAGCCACGTGCACCACCGTCTCGCCGCTGGCGTTGGTGGTGGCCAGCGTGGTGGCGGTGATTTGGTCGCGGGGAAATTTATCGAGCGTGCCTTGCTCGGCGGCTTCGTGCAGGAGATTTTGGCCGAGGTCGTTGCGAATGGCGATCACTTCGCTCGTCAACAGCCCGGCCGGCAGGTCGCCCAGACATCCATTGCCGGCAGCGACGTGATAGACCGTGTAGCCGCTGTTGCTGCGAGTGAGCAGATTATCGTGCGTCAGAAATTCAGCGGGAACTCCGGCCAGTCCGGCGCCGGAGGCGGCGTGATGCAGGGGCGTGTAACCGGAGTCGTTCCGGAGTAACAGGTTCCGGGGTGTCAGGATTTCGGGTGGCAACTCGCCCAGTCGTCCGTAGCGCGCCGCGGTGTGGAGCGCCGTGGTGCCCGCCGCGTTGGGCACACTGAAGTCTGCA
NZ_CP119075.1_gap24	1414261	1417842	3581	AGTGCAGCAGGTGGATGAGCTTTTCACAGTCGCTCAAATGCAGGCCGATCGTAGGTTCCTCCAGCAGGTAAAGGTTGTGCGGTTGCTGGCCGCGGCTGCGTTCGGTGTAGGAGGCCAGTCCGCGCGACAATTCAGCGATCAACTTGAGGCGCTGCGCTTCGCCGCCGGAGAGCGATGGCGAGCTCTGGCCAAGAGTCAGGTAGCCCAGGCCGCAGTCGACCATTAGCTGGCAGATGGCGCCAAGTTGGCTGTGAAAGGAGAAAAATGCCGCCGCTTCTTCGAAGGTCAGTCGCAGCACATCGCCGATGGTGCGATCGTTCCACGTTACGTCATCGAGCTCCGGGCCGTAGCGCGATCCACCGCAGTCGTCGCAGGGGAGGAACGTGTCCGGCATGAACGCCATTTCGAGTTTGATGCGTCCGCCGCCCGCACAGGTCTCGCAGCGCCCGCCGGCGGTGTTGAAGGAAAACCGACTGGCGGTGTATCCACGAATCTTGGACTCCGGCAGGGACGCGAAAAATTGTCGGATCAAATCAAAAATGCCGAGATAAGTGGCCGGCGTGGAGCGCGGTGTTTTCCCGATGGGCGATTGATCGACTTCGATCACGGTCTTGAATGGCAGCGCTCCGCTGAGCTCACCGAACGGGGCACCCTCCATGGCTTCTTCCACGTCGTCAAACGCGCCCATTTTGACCAAGGTGGCGCCGGTGAGGCGGGTCTTTTTGGCCTTGATGGCAGCGCTCACCGCCGGTCTCAGCACGTCCCGAAACAGCGTCGATTTACCGGCCCCGCTGGGGCCCACCGCCATGACGAGACGTCCGAGCGGCAGATTGAGGTCGAATCCCTGCAGGTTGCGGAAGCTGACCTTGCTGAGCTTTAACCAATCGGTGGCTCGACCCGGGCCGCGGGGGGCGGGCAGGCTCCGGTAGGCTCCCTTGATGGGATGCGCGATACCCTTGGCGAGGAACAGGCCGGTGAGGGATTGGGCGTTGGCTTGGATCTCGGCGGGCGTGCCGGCCGCCAGCAACTCGCCGCCATGGGTGCCGGCACCGGGACCCAAGTCGACGATGCGATCGGCGTGGAGCATGAGTTCGTCGTCGTGCTCGACGACCAGCAGGGAGTTGCCCTTGTCGCGGAGGGATTCGAGCGTGGCGATCAGGCGGTCGTTGTCGCGGGCGTGCAAGCCGATGCTGGGTTCGTCGAGCACGTAGAGCACGCCGGCAAGATTGGTGCCGAGTTGGGCGGCCAGACGAATACGCTGAGCTTCACCGCCCGAGAGCGTGGCGGTGGGCCGCTCCAGCGCGAGGTAACCGAGTCCCACGTGATCGAGAAATTTCAGGCGTTCCTCAATCTGCGGCAGGATGTCCCGGAGAATAATTTTGCTGCGAGTATCCGATTTTAGGTTACGCAGGTTCTTCAAAACCGCTTCGGCGGTGCCCCGCAGCAGATCGGGCAAGGAGATGGGCGGCTGGCGTCCCTTCAGGGGCAGTTTCACGGCCCGGGAAACGCGGTTCAAACGGTCGCCCAGGCACTGAGGGCAGGGCGTTGATGATGCGTCGGATTTTTCGCTTAAGCCGGCCGACAGGTCCGCGATCTCCGGGGGCAGGTCGTCCTTGTCGTTTTTCGCCGCCATCCAGCCGAAGATGCGTCCGTGTCCGCGGCAGGCCGGGCACCAGCCGCGCGGGGAATTGTGCGAGAAATGTTTGGGATCGAGCTCCGGAAACGATTCGCCGGACTCCAAGTCGGTGCGCGTGGTGGAAAACCAGGACAGCACTTCGCCGGCGGGGTTGATGAGGAAACAGCCGCCTTTGCCGAGGCGGAGCGCCTCCTGCAAGGCAGTGCCGAGTTCGGTGGCGGCGAGGGTCTTGAGATCGGCCACCACCACCTCGACATCGTGTTCCTTGTAGCGGTCGAGTTTGGTGAACGCGTCGACGGGAAATACGCGTCCGTCCGCACGCATGAGTTCAAACCCATGACGCTCGATCCACTTCGCGATCGGCTCGTGGTGTCCCTTGCGGCCACGAATCAGCGGCGCGCACAAATACAGATGTTTGGCGCGGCGGGCCTGGGGGCTGCGCAGCACGCGAGTTAGCAATTGGCGGAGCTGGGCCGGGCTCAGCGGTTCGACCGGTCGGTCGGAGTCCGGATGATGCTGCACCCCCATGCGGGCGTAGAGCAGGCGCAAATATTGGGCTACTTCAGTAATGGTCGCCACGGTTGATTTGCGGGAGCCGCGCGTGATGCGTTGCTCGATGGCCACGGTGGGTGGGATGCCGCCCAAGTGATCGATGGCGGGTCGCGGCAACTGCTCCACAAATTGCCGGGCGTAGGCCGACATGGATTCCATGAAGCGCCGTTGGCCCTCGGCGAACACGATGTCGAAGGCCAACGTGGATTTACCCGAACCCGACACCCCCGTGACCACGATCAATTCGTTGTGGGGCAGATTCAGGGACAGGTTCTTCAGGTTGTTCTCCCGCGCCCCCACGATCGACAGTCCGGAGGCTCGAACGGGCATCGCAACAGCTGATTCAGCAGCAAGTAACGGCATTTTGTCACCTATTAGGTGACAAGTGGGATCGAGGGCTTCGCGGAGATACGGGGACGTGGCGGTGGCGGCGCGACCGGTGAGGGCGGCGATGGTTTCGGGCGGGGCTTCGGCGATGATGCGACCGCCGTCGGCGCCGGCTTCGGGCCCGATTTCGATGAGCCAATCGGCGGCTTTCAGCACGTCGAGATTGTGCTCAATCACGATCACGCTGTGGCCGCGATCGACGAGTGCCTGCAACACCGCGAGCAAGCGACCGACGTCGTGGCGATGCAGACCGGTGGTGGGCTCGTCCAGTAAAAGCAGGGCGGATTCATCGGCGGTGGATTCACCCATGGCGCCGAGATATTTGACCAGTTTAAGGCGTTGGGCTTCACCGCCGGAGAGGGTGTTGAGGGGCTGGCCGAGTGTTAGGTAACCGAGTCCCACGGTATCCAAGGAGCGGAGACGCGAAGCGATGGCGTCCTGCTCGGCAAAGAGTGGCAGGGCGTCGGAGATCGAAGTCTGCAGGAGCTCGGCCACGGAGCGGCCGTTCCATTTGATCGCGAGCACTTCGGGTTTGAAACGGCGGCCCTCGCACATCGGGCAGGGGACGAAGACATCGGAGAGGAACTGCATCTCGACGCGTTCGTAACCGAGGCCCTGACAGTGATCGCATCGCCCGTCGCCGGCGTTGAAGGAAAAGCTGGAGGCCGTGAACCCGGCGGCAGTGGCGGCCGGTTCGCGAGCGAACAGATTGCGGATGCCGTCCCAGGCTTCGCAGTAGAGGGCGGGATTGGAACGCGGGGTGCGGGAAAGCGGACTCTGGTCCACGAGCACAATCTCGCTGCCGTCGTCGCCGTGGATCGCGTTGATCGCGGCGACGTCTTCGGTTTGTTGAAAACGATGTGTCAGCAGGCCCTGGTAGATCGCGTGGTTCAGCAGGGTGGATTTGCCCGAGCCGGACACGCCGCTGAGACAGACCAATCGTTGCAATGGCACGGCGAGGGTGACGTCGCGCAAGTTGTGTTTGGTAACGCCTTCGAACGTGAGT
NZ_CP119075.1_gap25	1578239	1581112	2873	TCGCCTGGCCCGACGACGTCATCCAAGTCATGGACGTTGATCCGGTAAACCTGGGCTAGTTGGCAGGCGGGCCGACATGCCGCGGAGGGGGCAGCGATGATCTCGCACGCATCTTTGTGCCGTTTTAGTGGCAGCCAGGTTACATCGCTTGCGCCGTTTTCGATGGGCCTCCACCGGTGGGAAATCGTCCCTCGTGACGTCTCACCATGCACTCATTCCGACTGACTTTCTGGACCTTGATCTTAACGACGACCGTGCTGTGGCTCGGTTGTGCGAGCACGCCCGCTGTCGAGGCATGGTCGCATCCGTCGGAATCGCGCGCCGAAGCGCTGTTGGCGCAGCCTCGACCGCTGATTATTGCGCACCGTGGTTTTAGTGAATGGGCCCCTGAGAATACCCTGCCTGCCTTCGCCTTGGCGATTCATGCCGAAGCCGATTTGGTGGAGTTGGACTATCATGTCACGGCCGATGGAGTGCCGGTGGTGTTTCACGATTATACGCTCGATCGCACTTCGAACGCGGTGGCGCAGTGGGGCGGGAGTGACTGGCAGCTGGAGGCACAACCTGCGCACGTTTTGACCGACCTCGACGCGGGCGGCTGGTTCTCTTCCGCCTACGCGGGTGCGAAACTTCCGACTCTGAATGAATCTCTGGATTTCATTCAAGGGGCTGGTGGCGTCACCTTGATTGAACGCAAAGCCGGTTCCGCAGCCGACTGCGCGGAAATCATTCACGCCAAACGACTGATCAACGACGTCGTGGTGCAGGCCTTTGACTGGGAATTTCTTGCCGCATTGCACGATGCCATACCCACGCAGGTGTTGGGCGCATTGGGACCGCAGAAGGAGTGGGACGGACGAAAGCTCGCGGCCGCAGAGAAAACCCTCTCTCCGCTTTGGGTGGAACGTGCGGCGAAATCGGGAGTCCGCGTGATTGGCTGGAACCGACACATCACCGCGGAAGCCGTGGCGGCGGCTCACGCTCGCGGCCTTAAAATTTGGGTTTACACCATCAACGAATTGCCCGCCGCGAAAGCACTCCTCGCCTTGGGAGTGGATGGCATCATTACCAACAACCCGCTGCGGATCAGTCGCCTCCGGAAGTGAGTCCTATGGCCGAAGGCTGGGCGCCCATATCCAGCTCGCAACTCAGGCAATTTGAGCGGATTACGCTCAACGGTCGAAGTCCTTCCACACTACGACATCGTTCTCAAAGTGGATGTTGTAGAAGTTTCTTAACCCCGGACCGGGGTCCCAAAACAACCAAAACGCTTTGGTCCCGTCTTTCGATTTTTCCTTACTCACCGGGATGTCGCGCAGAATTTCCTCCGCTTCTTTGACCGGCATACCGATACTTATTCGGTCATAGAAGTGTTTGTGTTGACCGGTGCGGGTCAGGTGAATGCAGCTTCCGAGCATGACGAGAAAACCGACGAAAAACGCGACCAAGCAACCGCTCGTTTTTTTCGTTTTGGCGGTCATCGATCAGGTTTTTTGTTTAGCCACCGAGGGCCGATCAGAAGGTATGAAGGCGGGGGCGCCTTCTGGTGTTACTTGCCTTTGATACCGTAGTTCTTCGAGGGAAAGATTTCCGATTTCTATCGGCTTTTTGACTCCATCGGGAACGTAGCGACGCGGCCCTATTTCGGCCAAGAGGGGATGATGTGAAGCCTGCATAAAGGTGCGAAATCCAAATAAATCTAACGGTTCTGAAAATGATGAACACGCCGGCGAACACCACCATGAGTCCGTAAAAAAAGGGATTCAGCAAGATGGCGGCGAACGCGCCTCCGGTAACGCAAAACACTCCGAATCCCAACCACACTTTCGTTAGACGGGAGAGGTTCACCTTTTTCCGCATAAACCAACGAGCAACTTGGATACACATGAACACGTGTATCGCCACGATCCTGCCGAGGAACCAAGTGGCCAGTGGAATGACGAAGAACCCGAAATAGTCGAGCTGCCGGAGTTCGTCTTCGCGGAGGATGCTCCATGGACGAACCAAGCCAAACCCGCTGATGCCAGCCCGCGGGATGAAAGGTCAAAGAAGATGCGGTGCCGCCTGAGTCTCCCAAACACAGGCAGATTCGGAGGGATTGGCCGACTGCGCCGACAAGTCAGCGCACATTCAATAACATGAATTATCTGATGTCCTCCCTTGTGGGCGGTTGAGGGCATATATGACATGGCGTCTTTCGAGACAGACACGAGATCGATGCCTATTTCCGCTTGCCATGAAATCAGATCAATTTAACGGGTCCGATAGTGGGTCTAAGCGATCTGGTTGTCGGAATACCGTGACGCATTTGCCACCTCTACCACCTCTAGAAAATTGAGTATCTGTTACGATGTCCATTGATTCTGATTTCGCTAAAAAACACGAACCTTTGACGATGACTATTTTGGGATTCCGAGTCTGGTCGTTGCTGCTGATTTGGTTGCTACCTTCATACGCATGGGGCGATCCAATCATAACTGAATTTATGGCTGATAATGATTCAGTATTGGCCGACGAAGATGGTGAATACGAGGATTGGATTGAGATTTATAATCCTGAATCAGTCGCGATTGATCTCTCTGGATGGGCGCTCACAGACACGGCTGACAAAATGGATAAGTGGGTGTTTCCAGCGGTCATAATAGCACCTGGCGATTATTTGGTTGTATTTGCATCGAGTAAGGACCGAGTAGATCCGAGCGGCAATTTACACACCAATTTTGGATTAAAGGCTGGCGGTGAATATCTTGGATTGGTGAAATCCGACTTGGTAACCGTCGTATCGGAGTTTGCACCGGAGTATCCAGCGCAAATTACTGATGTTTCCTACGGGATTTCTGCCCCGGACCCAACGAGCGGCAACCGGGTGGAAG
NZ_CP119075.1_gap26	1595319	1600127	4808	AATGTCGTCATTTTCGTCAGCACTCAACGGCGCGAAATCGTTGGCTCCCGCTTCGATGGCGGCCTCCTCCGGATCGATACCGGTGTCCGCATGCGCGGCCTCGACGATGCCGACGTGTTCGAAGAGAAACTTGTTGCTGCCCGCGAGACCGAGCACGCCTTTGCGAAACAACACGCGAACCTCCGGAGTGGTGCGCTGCACGTTGTCGGTGTAGGCCTCGACGATCACGGCCACCTTGTGGGGGGCGTAACCTTCGAACACGATGAGATCCATGACCATCTTGTCGTCGCCGATGCCGGCGCCTTTACGCACGGCCCGCTCGATCACCTCACGGGTGACGCTGGCTTTGCGGGCCTTTTCAATGGCGGCAAACAAGCGTGGGTTGGCGTCGGCGTCAGGGCCGCCCAACTTCGCCGCGACGGACAGTTCCTTGACGATTTTGCCCACGAACTGCCCCTTCTTGTTGTTAACGATTGCCCGCTTCGCGTGTAGCCATTGACGACCCATATGGCGCCGTATCTACGGCCCGGGTTGTGGCCCCGGCAATCACGTAAGCACGCTGATATCGCGGAATTTGATGAATTATTTCAAATTTGGATGAATCTTACCCGAACCGGATGCGTCTCAAAGGGTCGAAAGCATTATATCATCATGTCCAAAACACTCATCTCCACTTTTTCGCTCGCGGCTTTAGTCTTTGCGAGTGGCTGCAACAACGCCGGCACGCACGAGCGTGAAGGCGCCAAAGTTGGCGCTTTGGCGGGCGCGGTGATCGGCGCGGTCATCGGTCATCAATCCGGCGAAGCCGGCGCGGGGGCCGCCATTGGCGCGGCGGCCGGTGCCGTCACGGGCTCCGCGGTCGGGGCCAACAAGGACCGCGAGGAAGACCGCCGCTACGAACGCGGCACGGTCCGGGCGCAACCCGCCCGCGATCAATACGGTTATTCGCTCGATGATTACATGCGTCTGATGACGGATGAGGAAATGGACATTCTGCAAGCCCGCGGAGATGCCCGTCCCGAAGTGCCCATGGGCGTGTTGTTGACCGATCAGGAAAAGGCCAACCTGCGTCGCCGTCAGGTGGCTGACCGCGAGATCGGCCGCTAGGCCGAGCGGGGAGCCCGCGGCGGGATCACGTCTGCGGAACCAACCGGATCTCGAAGAGCTCGGACCAATACTTGCCGGTGACAAACAAACGGTCACCGGCTTCGTCGTAGGCGATGCCGTTGAGCACGTCGGCGCGATGACGCCGGTCATCCGTGGGTTCCAGTCCGGTGAGATCGATGATGCCGGTGATGCGACCGTCTTTCGGGTCGATCCGCACGATGTGATGGGTCTGCCAAATATTGGCGTAGATTTCTCCCCCGATGTATTCCAACTCGTTGAGCCGGTGGACGGGCTGGCCGTTGAAGACGACCTCGACGGTGCGTTGGTGAGCGAAGGAGTGCGCATCCAGAAAATGGATCGAGTTTGATCCGTCGCTCATGATCAGGGACTCACCGTCGGTGGTGAGCCCCCAGCCCTCGGTGGGATAGGGAAACTGATCCACGAGCTCCAACGAATCGACGTCGTAGATAAACCCGGTGCGACTGCGCCATGTGAGTTGATATGCCTTGGTCCCGATCACGGTCAGACCTTCCGCGAAAAACAAGGGATTCACCTCGACGCGTTGACGGACCTTGCCCGTGGTAAGATCGACCCGTCGCAGGCTGGAATGGCCATTCATACCCGTGCTTTCGAGCAGCATGCCGTCGTGAAACAACAGACCTTGGGTAAAGGCTTCGGGGTCGTGCGGCCAGCGGTGGACAATCTCAAAACCATAGCGTGTCGGTTCCGCTGGCGGGGCGTTTTCCTCCGCCTCGGCGGCTGATGTCGAACCGGCCGCCAGCGCCCCGCACCACAGCGCGATACCGAGCCGCCATCGGGCGATGATGAGGTGAGAGGTGAACGTGGGCATGAGGGACAAAGTGAATCGGGGGGCAAGAAATCAACGCCGCGTGAAGACGCGAAGAAAAGCGAAAATCTCCGACGGACCGCTGCCGCGAAGGGTTGCCAAAATCCGGCGGCGCCACCGTGCTCGTTGCGATGCCTGAACTTGAAGCCCCCTTGCGACCACCGGTCGGTGACCTGACTGATTCCGACGCCGCCCTGGATCGGTTTCTGGAGGTCATGGCGTCCCGTGGTTTGGAACTCTATGAGGAGCAGGAAGAAGCAATTCTGGAGCTGTTCGCGGGCAGCAATGTGATTCTGAATACTCCGACGGGATCGGGGAAGTCCCTGGTCGCGGCAGCGGTGCATTACCGTGCATTGTGCGCGGGGGAACGCTCGGTTTACACGTGTCCGATCAAGGCCTTGGTGAATGAAAAATTCCTCTCCATGTGTCGTGACTTCGGTCCGGAAAACGTGGGCATGATGACGGGCGATGCCTCGGTGAATCCCCAAGCTCCGATCCTGTGCTGCACGGCGGAGATTCTGGCCAACATCGCACTGGCGCGGGGCGACGAGTCCGACGTGCGGGTGGTCGTCATGGATGAGTTTCACTACTACAGCGATGGCGAGCGTGGATACGCCTGGCAGGTCCCGTTGCTCGGCATGCCGCACAGTCGGTTTTTGCTGATGTCGGCGACGTTGGGCGACACGTCATTTTTTGAACGTGAACTCACGGATCTGACCGGAGCGCGGAGTGTAACGGTGCGCAGTGACCGGCGGCCCGTGCCGCTGGCATTTGAGTATTCCGAAACGCCGCTGGTCGAGCGGGTGTCGGAGCTCATCGAAGCGAAACAGGCGCCGATCTATTTGGTGTATTTCACGCAGCGATCGGCGTCGGAATCGGCGCAGAGTTGGATGAGTCTTAACCTGAGCACCAAGGAAGAAAAAGCGGCACTGGCGGCCGCGTTGGAGGGCACGAAATTTAACAGTCCCTACGGCAAGGACATGAAACGCTGGTTGCGTCATGGCGTCGGGGTGCATCACGCCGGACTGCTGCCGAAGTATCGAATCCTGGTGGAGCGACTCGCCCAACAGGGGTTGCTCAAAATCATCTGTGGCACGGACACGCTGGGGGTCGGGATCAATGTTCCGATTCGCACCGTCATTTTCACGCAGTTGTGGAAATACGACGGACGCAAGGCGGCGGTGTTGAGTGTGCGCGATTTTCGCCAGGTGGCCGGGCGGGCAGGACGACGGGGATATGACGATCAAGGCTTCGTGGTCGCCCAGGCTCCGGAACACATCATCGAAAACAAACGTGCGGAGGCCAAAGCCGCCACCGATGCGAAGAAGAAAAAGAAGCTCGTAAAACGCACGGCTCCGCCCGGCGCGGTGGTGTGGGATGAGAAGACGTTTCAGAAGCTGCAGGACGCCCCGTGCGAGGAACTGTCATCGCAGTTCACGATCACGCACGGCATGTTGTTGCTGTTGCTGTCGCGCACCGGCGACGGATGCCGGGCGGTGAAGGATTTGATCGCGCGTTCGCACGAAACGCCGCACCGGAAAGCGCAACTGCGCAAACGTGCCTGGCAGCTGTTTCGCGGGTTGTTGGATCGCCAAATCGTGGACTGGATTCCGCGCGAAACGAGCGGGCGGAAACTGCGGGTGAATGTAGAGCTACAGGAGGACTTTTCGCTGCATCACGCCTTGTCGCTTTACCTGATTGATACGCTCCCGCAGCTCGATCGGGAGTCGCCCGATTACGCGCTCGATGTGCTGACCTTGTGCGAAGCCATCGTGGAGGACCCGGACGCGATTTTGCGCAAACAACTTGATCGCATGAAGACGGATGCGTTGGTCGAAATGAAGGAAGCCGGCGTCGAATACGATGCGCGCATGGCCAAGCTCGATGAGATCGAACATCCGAAGCCGCTGCGGGAGTTTCTCTACGAAACCTTCAATGCCTTTGCCGCCGCGCACCCGTGGGTGGGCGAGGAAAACGTGCGGCCCAAATCGATCACGCGGGAAATGTTCGAGCGCTACGATTCGTTTTCCGACTACATCAAACGCTATGGTTTGCAACGCAGCGAGGGGCTGCTGTTGCGCCATCTTTCCCAGACGTGGAAGGTGCTGAGTCAGACGGTGCCGGATACGGCCAAAACGGAAGCGGTGATCGAGTTGGAGGACTATTTCCGCGAGCTGATTCGTGGGGTCGATTCGAGTTTGCTGGAAGAGTGGGAACGGATGCAAAATCCGGACTTTGTGGCGGCCGAGGTGGCCGACAAACCGGAGCGGCCGCAGAGCCTGGACATCACGCGCGATCGCCCGGCGTTTACGCGTCTGGTGCGTTTTGCGATGCACGCCATTTTGCAGGATGTGGTCGCGGGAGAGTGGGAGACCCTGGCGGATCGCGTGGGGGTGGACCAACGCGTCGTCGAAGATGCGTTCACGGCTTACGGCGAGGCGCGGGGGTGGTTCCGGCTCGATCCCGCAGGGCGATCGGCCAAACACACGCACATCGAAGCAGACGGAGATAGCTGGCGCGTGGCGCAGGTTCTGATCGATCACGACGAGCACAACGATTGGGAACTGGTGTGCACGGTGGATCTGGCGGCGGCCCGGGAGACGGCCGCGGTCGGGTTGCAGTGGGAGGGCCTCACCCCGATCGGAGGGTGAGGGGAGACCGCGGAAAGTTTTCTGCAACTTTCGAGGGACGGGTGGGGTGTTGAGGATATGAGCGGCCGCGGTTCGGTCGCACCAGCATTCCCCTCAATTCCATCCCCTCATGATCTCATCTTTACGCAAAATCACTGCCGCCGCCACGATCGCGGCGGTTTTCGCCAGTTCCGCTTTTGCCGCCTCTCCGGGCTGGGTGGATT
NZ_CP119075.1_gap27	1604163	1606782	2619	GGTCCCGCGCCGGACCCCAAGGAACCCCGGCACCGCTTTCGCAGTCGCTCGCTGCCGCCGCGACGCGACCCGAAACTTTACGATTACGAATAAACGACGGGAGAGGCGGGCGAGACGATTCCGCGCCGAATCCCGTTTTTTAATGCAAAGGGCGGGCAGACCGTTCCATCGTGACGGCGATGTCCACGGATCACGACTCTTCCGATTCCTTGCTCAGCCGTATCGCGGCGGCTAAAAAAGCCGTGCTCGGCCAACGGGCGCGGCTGGAGGCGGACCTCGGTCGTGTCGCCAGTGATTGGAAGGCGGACGGCAGCCGGGTGACTGAAACGGATCATGCGATCTCGGAAGCGATTTTGGGAGAATTGATCGCGACCTTCCCGGAGGATATCGGGCTCAGCGAGGAGTTGATGACGGATCAACCGATCGAGGTGTCCAGCCGGTTCGCCTGGGTGCTCGATCCGATCGACGGCACCAACAACTTTGCCACCGGCTTGGCGCAATGTGCGATCTCGCTGGCGTTGTTCGAACACGGCGAGCCGGTGTATGGAGTGATCTATGACGCCTCCCGCCGCCGCTTGATGCACGGGGGACCGGGTTTTGGCATGTGGGACGGCGAAACGCAGACCACGGTGCGCACCCGGGAATTGAGCCGAACCTCGGTCATCGGTTTTCACAGTCCCCACGAGGCCAGCAAGTATCCACACCACGGCGACGCGGTGGTGCGGCAATGCAAAGTGCGCGCCCTGGGCAGCAGCGCCCTGCATCTGGCTTATGTCGCGGCCGGTTTGTTTGACGGCACGGTGGATCACAACGTGAAGCTGTGGGACATCGCGGCGGGCATTCCGATGGTGCGCGCCGCCGGAGGGCAGGTGACATTTCTCGCCAACAACCCGTTGCCCTTGCGCCGCTTTGACTTGGACATGCCGCGTATCCTGTATGTCGGTGGCAGTGCGGCGGTGTGCGCATCGTTGGCTGAAATTCTGACCGAAGCCGACGCCCCCGGTTGTTAATCCATCACGCCCGCGGCTGCGGGTGGGAATTCGGATGACCCCGGAAATTTCGGGGTAGGGCTGAGGGCAATACGGACCGCTCCCGTGAAATCCGCAGATCAAACCGCAGATTGAGTGCAGTTTTGCATTGCTAGCAAGGGGCAGGGGAGGATTCCTTGGAAGCTTCCTACTTCCTCGATTGTTCGGTTGATACCTACCCTGCCATGGCCAAAAAAGCTTCACGTCCCGCTTCGCCCCTTACTTTCGATCTGCCGGTTTCGTTGATCGACAAGATAAGTTCCGCCCAGTCCAAACTCGGACTCGCCTCTTCCAGCGAGGTCGTGCGTCTGGCGCTCGCGAAATTCAACTTCGACCGTTACGAGTCGACCCGCGAAGAGCATCGTCAAATTTCGGTGCGTCTGCCCGCCGACATGAAGACCGTGCTGTCGCGCAGCTCCCGCAAGAAAAAGGTCAGCGTGGGCGAGCTCCTCCGCGCGGCCTTGGATGATCTCTCGGTGGCCAAGCCCGCCAAGACGCAGGTCGCCAAAGGCAAAAAGAAAGTGACGAAACCAGCCGCGAAGGTGGCGAAGAAGACCGCCAAGGCTCCGGCCAAGAAGGCTGCTAAAAAAGCCGCCAAGGCCCCGGCCAAAAAAGTGGTCAAAAAGGCCGCGAAGAAAGCGACTAAAAAGTCGAAGAAGTCCCGCTAAGTTGATCGCAGTGACGCACCCGCGTCACCGTCGGCTTATGACAAAGCAAGTCACCGCCAGTGCGGGGCTTGCTTTTCGTTTTTATGGGCCCTTAGGTCTCGCTCGTTTTGACCATGAGCAACGTCCCCGCGCCACTATCCACTTGGGCCCTTAACGTTTCGCCGTCGCCGACCCTGGCCGTCGACGCGAAAGCCAAGGCTCTCAAAGCTGCCGGCGAAGATGTCTGTGGTTTCGCCGCCGGCGAACCCGACTTCGACACGCCCGCCCACATCAAGGAGGCTGCCATGCAGGCCCTGCGGGAGGGGAAAACCAAATACGCCCCGACGCCGGGAATCCCGCCGTTGCGAGAGGCCATCGCGGCCAAATACACGGACCTCTACGGCATCCCGACCAAAGCGGCTCAGGTGGTGGTGAGCCCGGGGGGCAAGTTTTCCTGCTACCTGACGATTTTGGCCGTTTGCTCCCCCGGCGATGAAGTGATTGTCCCGGCGCCGTTTTGGGTGAGTTATCCCGAAATGGTCAAGTTGGCCGGAGCCACGCCCAAGCTCGTCGTCGCGACCGACGCCACGGGATTCAAACTCACCCCCGAGATGGTGGAGGCGGCGATCACGCCGAAGAGCAAGTTGATCATTCTCAACTCGCCCTCGAACCCATCCGGCGCCGTCTACACGCCGTCGGAGTTGGAGGCAATCACGGCCGTCGCGGTGAAGCACAACCTCTACATCATGTCCGACGAAATCTATGAGCATCTGCTCTACGATGGCGTCACGCATGTCTCCCCGGCGTCGTTCTCGGACGCCGCCCGCGAACGCACGATCATCGTGTCAGGTTTTGCCAAAACCTTCGCCATGACCGGCTGGCGTCTCGGGACTTTGGTCGGACCGGTGGCGGTGGCCAAGTCCGTGGCGGAGTTGCAGAGTCAA
NZ_CP119075.1_gap28	1611568	1612879	1311	TGGTAAACGCCTTGCGGTTCAGATCCGGCGCCCGACCGCGCAATAACAGCGACGCGTGGATGCCGCCCACGGCAAACCCCACGGCCTGCACGGCGGCGAGCTGCATGTGCAGACTTTGATGCAGCCACGCGCGGTTGAACATGGCGGCGACAGGGTCGATGTTAACGGCCTCGCCATTGACCCAGTCGAAACCGGCCGGCGAGTTCATCCACGCGTTGGCCGCCACCACGAAAATGCCTGAGATGAAACCTGAAATGCCGACCATTAACCCAGTGGCCCAGTGCGCCCAGCGATTCATGCGTTTCCAACCGTAGAGGAACAGTCCGATTGCGATGGCTTCGATGAAGAAGGCGGTGCCTTCCCACGAAAACGGCATGCCGATGATCGCGCCCGCATGCTCCATGAAACCGGGCCACAGCAATCCGAGCTCAAACGACAATACCGTCCCGGAAACCGCGCCAACCGCGAAGAGAATGGCGACGCCTTTCATCCACGTCTTGGTCAACGCCAGGTAAACCGGATCACCCGTGCGCAAATGCAGGTAGTGCGCGGTCGACATGAGGAACGGCATCGTCATGCCGATGGCGGCGAAGATGATGTGAAACCCCAACGAGAATGCCATGGTGGCGCGGGCGGCTTCGAGATTGTCCATGCCGACCGGAACGTTGGTTATCCCGGTGGCCGGGCGCAAGTGATCAGCGGATCGATCCGCCAGACAGTAGCACGATTTCGCGGCCCGAATCAGGCGGCTACTCGTAGCGCAGCGCGTCGATGGGGTCGAGCATGGCGGCTTTGCGCGCCGGATAAAATCCGAAGAAGATACCGATGGCGGCGCTGACACTCAGCGCGATGACGATGGCCGGAACCGAAATCAACACGGGCCATTTCAAGGTGTCAGCGACGATTTGCGATGCACCCACGCCCAGCGAAACGCCCAATGCGCCGCCGAGCACGCTGAGGAACACGGCTTCAAAAAGGAACTGCGCCAGCACGTCGGTGCTGTGGGCGCCGACCGCGAGGCGGATTCCGATCTCGCGGGTGCGCTCGGTCACACTCACGAGCATGATATTCATAATCCCGATACCACCCACCAGCAACGAAACGCCGGCAATGGCACCGAGGAGCACGGTCATCGTGCGGGAGGTTTCGGTGGCGGTTTCGGCAAGTTCGAGTTGATCGCGCACCATGAAGTCGGGTTCGCGACCCGAGCGCCGCTGGGTGAGCAGGGACTCGACTTCGGCTTTTACCGAAGGGATCAATTCGGGCGAAAGCGCCTGGATGGTGATGCTGCTCAGATTGGTGCGGGGACGG
NZ_CP119075.1_gap29	1700145	1702660	2515	GCGAATATCTCGTCGTCGCGAGTCATGAACAGACGGGAACGCTGCGGGGAATGGGGGTGAGTGATTCGGCGGGCGAATCGCGGCAATGCAGTCCCTATGCCGGTAACGGGTTGGGCCGACCGTGCGCGACGTATTTCCGGCCGAAACCGCGAAATTGATGCAAAGAGGGGAAGGTGAATGCGGGGGGGCATGAGAGGGCCTTTCCCCTAGTGCGTAATTTACCGGCCCAAATGGCTCACACGGTCTGAAAGTTTTTTCTTTTTCGCCGGTCGGTTCCGGGCGGGGGGGGCCGACCTAGGCGCGCATCCGCTTGATTTCCCGGAACAGCCAGGCCCGGGCATACGCCCAGTCGCGTTTGGCGGTGCTCACGGAGATCCCGATGGCGTCGGCGGATTCTTCCAGCGAGAGTCCGACAAAATACTTGTGTTTCACCAGTTCGGCTTTGCGCGGATCGTGGACCACGAGAGCATCGAGCGCATCGCTCAACAGGATCAATTCCTCGTCGTCCTGACAGTGTGCCGGGATGTCGAGCGCGGTGGCATCGACTGGCACTTTTTGATACTGCCCGCCGTGGCGCTGAGCCCGCTTGCGGCGGGCGTTATCGATCAGAATCCGGCGCATGCTCTCGGCCGCCGCCGCAAAAAAATGTGCACGGTTGGCCCACGGTTGTTGATCGTCGCCCCCGAGCCGGAGCCACGCTTCGTGCACCAAGGCGGTGGGCTGCAGCGTTTGGTAGTCGAATTCCCGGGACAGCTTGGAGGCTGCCAATTGACGCAATTCTCCGTAGACCAGCGGGAGCAGCTGCTCGGCCGCTTGGGGATCCCCTTGATCAATCCGCTCCAGTATCACGGTGAACTCGTCGGACTTCATGGTTTCAGATTGGGAGCAGAACAGGGCGAAAACTCAATCAAGCAGAGGACGTGCCGCGATGGCTGTAGTCAACTTATGCGAAGCGATGTGTTCACCCCATGGTGGCAAACAGTTCGTAAGCCCGGCGGCAATACGGTCCGTGGGGCGGGTTATTTGCGCACCACGGTGGTGTTGAGCCATTTGTCCATGAGGCTGCGTCGTTCCGGGCCGGACCAAATTGGCGACGCGTTGGCGGCGAGAAACAGGGCGAAACCGAGCACGAGCAAAAATTGCACGGACGCGAGCGAGCGCGGAATCAGCCCGACCGGAAACGCCATCACCAGGCCGAAAAGTAAAAACGGCATCGGCCGCACAATGGCGGTCATGAGTGCCATGCGTCCGCGCGGAGCATCGGTCGGGACCACGCGCAGTTTCATGAGTGCGAGTCCCGGGCTGGTGCGCATCTGCGCGCAGCCCAGCCAGAACAGGACCACCAGCCCAAACGCCGCCTTGGCGGCGAGGAACGTGCGGGTGGGGCTGTCCGGGGCGTTGTAGACAATCAGTTCGGCGGCAAACCCGAGCCCGATAACGATCAGTAGATTAATGGTGGCGGCCAACACCCGCTGCACGGCGGTGGCTTGAGTCGAGGAGGAGACGGTCATGGAACGCCCGCATCCGAACCGCGGGCGAGCGCCGGGTCAACGATTGCTCTATTGTTTGCGGGTCCGACTTGATTGCGCGTGCTCCATGCCTGGCGTAGCGTTTCTGTTCCCTGTAACCGACCCCTTATTATGAGACGATTTCCCTTGTTCGTGTATGCCGTGCTACTCGCACTGCCCCTGATTTCATCCGCCGCGCCGTCCGGTGGACCTTATGGTCCGATCCAGCAGACTTACGCGCTGCCTCAGGTCGAAGGCACGATTTACTATGTGTCGCCCGAGGGAGACGCCGCCGCCGCCGGGACCAAGCTCAGCGCACCCACCACAATCGAAACTGCCATCGAACGCGTGGTGACCGGCGATGCCATTGTGCTGCGCGGCGGCACCTATCGCACCGGCAATCTCGTATTCAACCAGGGGATCACGCTCCAACCTTACGCTGATGAGCAACCCATCCTCAAAGGCACCAAAGTCGTGACGCCGGAGGCGGCCTACAAGCAGCGCAACGGTCTGTATCGGATCAAATGGGACACATTGTTCTACCTGCCGCCACAACCGTGGTGGCGCCGGGAGAGCAGCGGCAACAAGACGCCCCTGTGGCTGTTCAATAACGACATGGTTTTCGTCGACGGCAAGGCGCTCAAAACCGTGGGGTGGGAGGGCGATGTCGAGCCCGGTTCTTTCTCCGTCGATTACGAACACGGCAATATCTACATCGATGTGGATCCCGCCGAACACCTTGTGGAGATCACGACCTTCGACAACGCGTTCACCCGCACCACCAAGGAGGTGCACGGCAAATCCAATGACGGCGTCGGTCCGATATTTCGTGGCCTGACCATGACGCAATACGCTTACCGGGCGATCGAGATCGAGGGTTACGACCCAGAGAAAATTTCCGCGGAATCCGAGCACGGCAAAGACATCGTCGGCACCACGTTGGAGCATTGCACCATCACGCACTGTTCGCGGGTTGCCGGTTACTTCCGCGGCGACAACATGGTCTT
NZ_CP119075.1_gap30	1732428	1735591	3163	GCCACGTTTGGCCCGGTGCTCGGCATCACGGCCCGCCAATGGGCGCTCAGTCTCGCGCCGGCCGGTCTCGTTCAAACGGTGGTATCGACCGCGCCGCTCATGGCCACGCCCTTGGCTCGATTGATGGAAGGGCGCTGGCCCCGCCGGCGTTTTTTCGTCGGAGCTGCCCTGGCGATCGTCGGCCTGGCCGGCCTGTTTATCGGATAACCCCAACCCACGGAGGTCCAAGCTCATGACACCTTTAACGCCAACCTCATCACGCCACTGGCTAGCCACGGCATGGGCGGGCGGATGCCTGCTCCTGGGTCAGCTCCCGGCGCAAACCGTTCCGGTCAGCGAACTCTCCGAGTCGGCCGATTCGGAGGTTAATCTTCTGCCGGTGTTCCCCGTATGGGGCGCGTCTCACGCTCAACCCCAAGTAGCATTTCCGTCCCAATTTGCACCCCGCATCGAGGCGGAGCAGTTGGCCGATGCGATCACCGCCTTGCCGAACGTAGCTGCCCAACGTCGTGGGTCCCAAGCCATCGAGCCCAACATTCGCGGTCAGGCATTCGATCGGGTCAGCACCAGTCTCAATGGATTGCCCCTGCTCAACGGCTCGCCCACGCGCACGGTCTCACCGCTGGCCCAGCTCGGCCTCGTCAATGCCACCAGCATCACCGTGCACAAGGACCTGCCGTCGCTGGCTCTCGGTCCGCCTAATCTCGGCGGACTCATTGCGCTGTCGCTCGATCCGTGGCCAAATAATGAATACGCCACCGCCATTGCTTCGCATGGCCACCTCCGCGCTTCTTACGACGCGACCCATGCCGGTTCCGCCGTCGAAGCCGCGGTGCAGGGGGCGGGCGAACGGATGGATTATCGCGTCGGCCTGTTCCGTAACGAATTTGGCAACTATGAATCGGCACAAGGGAGGGACGTCGCCGCCGATCTGCGGGAGTGGGGCGCTTCCCTTCACCTCGGGGTCATGTCCGCGCCCCGCCAACGCACGACACTGGGCGTGGTTTATCGGCGTTTGATCGACAGTGAAAACATCTCCCTTCCACTCGATAACAAAGACACCCCGAGCATTTTCCTCACGCTGGCGCACGTTATCAAACCCGAGACCGGCCGGTTCGAATCGATTCGGCTCCGCGGTGGCTATGGCGTGACCACACCTTTTCTGACCAACGAGGACCACCCGCCGCCTCCACCGTTTCTCATCGTCAATCACGGCCGGGCCGAAACCGCTTCTGCGGGTCTGGCCTTCGATCTCGCGTCCGCCGACGCCACCCGTTTCACCTTCGGCGGTGACTACGCTTACCAACGGCGCAACGCCACCCGCCGCGTCAGCAGCAATCCGCTCGATCACATTTGGCCCAATGCCACCGTCGACGACTTCGGGGTCTTCGCGGAATCCTCCACCGACATCAGTCCGGAAAACTCCCTGCGGCTGGGCGTGCGGCTCGATGCGGTGCGCAGTGATGCGTTGTCCGCCGAGGAGTGGGCCCTCGGGCGCACCGTGCGCGAGCAATTCATCACCTACAACGGACCTGCGGCCGGCGATGTCTCTCGCCAGGTGTTTTTGCCCTCGGCCAATGCCGTCTTGGCGCACGATCCCGCTGGTCCGCTTTCCGCTTATGCTGGGATCGGACTCGCCACTCGTGCGCCCGACATCGGCCAACGTTACCGCGCGCTGCTGCCCGCGCTGGGCGGCGGACTGGAGATTGGCAATCCCGACCTCGATCCGGAAACGCAATGGAGCCTGTCCACCGGTGTCCGGTGGGGAACCGAGACCGTGCAAGCGACGGTCGATCTCTTTGCCAACCACGTCGACGACTACATCAGCCGCCAATCCGTCGGCTCGCTGGGGCCCAACACGGTCTTTGGCTACCGACCGATCAACGCCCAGTTCTGGGGCGGCGAAGTGGGCGCGATCTGGCGACCCTCGCCGATCGTGGAGTTTCCGCTGTCGTTTGGTCTCACCCAAGCTCGCAATGCGGATACTCATGCCGACTTGGCTGAGGTGCCGCCTTGGGAACTCACCGGCGGTCTGCGCTTGAGTCCGATCATCGCCAATCGCGAATGCCGTTTGAGCCTTAATTTTCGTCACGTTGCCCCACGCACCAACCCCGATCCCGTCAACGCGCCGATCTACGCGGATACGGCGAGTTTCACGCTCTGGCACCTGCAAGCCGAGATGGCAGTGACCGAGCAGCTTCACCTACAATTTGGCGTAAAAAACCTCTTCAATCAAGACCACTACGAATACCTCACGCCTCCGGTCGGCGGTCCGGTCCCCGCGGGGCGTCCCGGCAGTGGTGACCTGCACGCTGGCGAACGTATTCCCGGCCCGGGTCGGACGCTCTACGCTTCCGCCGAATGGAAATTCTAGCGTGACGCCCCGGACTCAAATGCGGTCGCGTCGGTTGGGGCGAGAACTCCCATGGATCAGCCAACCCAGGCCGAGAGAAAGGCATCCACCAAGCGGGGCAGGTGACTGCTGTAACCGCCTTCCAGCGTCGCCGCGGCGGGCAGTCCGGTGGAGCGCAGCCAGTTGCCCAGTTGTGCAAAATCGGCGGTCTGCAGCAGCAGCTCCGTCAGGGGGTCGCCGTGGTAGGCGTCGAAGCCGGCCGAGACCAAAATCAACTGAGGCTGAAACGCCTGCACGCAGTCGAGCGATGCCTTGAGCGCCAGCAGGTGATCTTGCCGATGCGAGTTGGCCGGGACCGGCCAGTTGTAGGAATTTCCCCGACTCATCATACCCGTATCGGGGTATCCGGGATACTGATGCACCGACGTGACCCGGATGCCCGCACGGTTCAATAGGATCGCTTCGGTGCCGTTGCCGTGGTGCGCATCGAAATCCCACACCGCGACGCGTTCCAAGCTATGCGCGACTTTGGCGTGCAGTGCCGCAATGGCCACGTTGTTGAGATAACAAAACCCCATCGCATCACCCGCCGTGGCATGGTGTCCGGGCGGACGCATCAGGGCCATGGTGGGACCGTCACCGTGCAAGGCGGCATCGACCGCTGCGATCGTCGCTCCCGCAGATCGGCGGGCGTGCCCGTCCATGCCCTCGTGTCCGGGCGTGTCCTCGTCGAAATCCTCGCGCCCGGGCAGGCGTTGCAGATGCTCCGTTGTGTGCGCGCGCAGGATCGCTTCGTCCGTCGCCGCCGCC
NZ_CP119075.1_gap31	1780344	1784702	4358	CGCGGCTGGCCATGGTGCCGGAGGCCTGGGCCTTGATCGTGAAGTTTTTGTCCAAGGCCTGGCGAATGGCGTCGTTGAGCGAGAGCGCCTCGCTGGAGCTCTGGGCCACCACGACAGGGGCGATCAAGACGAAGGACAAGGCGGCGGACAGAATCTGGGAACGAGGGAAACGCATGCTTAAGATGAAGTGCCGGGGGTATTGCAGTGCGTGTGCCAGTGCGATGCGTTATCTCATAAGTTGATGGTTAACAGGCGAATAAAAATCACACCAGAAAGTGGCGACCCTGGCGGACCTCATCGCCGGGAAATTACCGTCCCAATATCGGGACGGTGGAACGCGACCACGCGGAAGGGATGACGACGCCGAGTCAGCTCACCATCATGCCATCGGCGACGCGGATCGTGCGGGTGCCGTAGCCGGCGTTTTCGTTGGAGTGGGTCACCTGAACAATGGTCACGCCCTCCTGCTGGTTGAGCTTTTGAAAGAGCTCCATGATCTCGCGGCCCTGGTCGGAGTGGAGATTACCGGTGGGCTCGTCGGCGAGAATGATGCGCGGTTTGGCGATCAAGGCGCGGGCGATGCCGACGAGCTGTTGTTGACCGCCGGAAAGCTGGCTCGGGTAGAGGTCCTTTTTCCCGACCATATTGAAGCGATCGAGGGCGTCGGCGACGATGGCGTCGCGGTCCTTGCGCGGGGTGTCTCGGTAGGAGAGCGGCACCTCGAGGTTCTCGTAAACGGTCAGATCGTCGAGCAGGTGATAGCTTTGAAACACGAAACCAATGTTTTGTTTTTGCAGCGCGAACCGCTGCTTTTGGTTGAGCTTGTGGACCGGTGCGTCGTCGAACCAATACTCACCGCCCCAGGCGCTGTCGTGCAGGCCGAGCACGTGCAGCAAAGTCGATTTACCGGAACCGGACGGACCCATGATCGACACGAAGTCACCGGCTTCGATTTCGAGATTGATGTTACGCAGGGCGTAAAAAGGACCGCCTTTGAGCGGGTAAACACGTTCGATGCCGCGGAGAGAAATCATGGAGAAAGGTTCAGGATGGGGGACGGGAAGGGACAGGAGGAACGAAGCAGGGTAACAAGATGCATGCCATGTTGTTTGAATCGAGTTAAGCGATTTATACCTAGACTGATGGCAATATCATGCGGTCGGGGAATGGTTGCGGAGTGGCCTGTATCGGAATGAGTCTGTCTCGATTTTGGGAAAAGGACGTCACTCTGGTTCGGTTGAAAGGCAGGGGGTGATTTTGACGAGCGTCTGTTCCCGATGTTCCCAGGTGAACAGACGGGGGGATTCGACGCGATCGAGCCGTTTCCAGAGTTTGGGGGCGGTGCGTTTGGGCAGCGTCAGGGGGGCAACACCGCCTGCATCGCAACCCAGCAACCGCGCGTAGGGTTTGAACACCTGAGGGCGACCGATGGCCCGGCCGGCATTTTCCGGCAAAGGAGTCGAACACGGGCGCGAAGTGCGTTCGAAGACGAGCGCGCTAAACGGCAGACTGCGCAAATCGATACCGGCCCGTTGGCCGAACTTCACCCAATGCGAGTCGGCGAAGATCCCAGCGGGCGGGCGGGCGAAATGGTGGCACCAATGGCGTTCGTTGCCCGGCGCGAGTATGCCGCACGCGCCTTGATGCGGGCACGGATACACCAAACGAAACTGCTCGCGCAACTGCTCGCGCCATGCGACGAGATCGGAGGCGACCTCGGAGGTGCCGGGCTCGATCCAAATAACGGCTTCCGCGCGATCGATGACCTGACGCAGATCCGCGGCACTGTCAGTATCGAGCTCGTTGAGCACGTGACTGATCACGACGGTCGAAATGGGCGCGGCCCGGTCCCAGGATAGAGCGGTAAGATCTGGGAACGTTTCGCGAGCGCGGCGGGCGGAAAAGTTCTCGGCGAGCGTAGAGTGATCGAAGACGTGCAATGTCTGCCCCGCCTGCACGAGTTCCGGCCACTGGCGCATCACGCGACGGGACGCCACGCCGCTGCCGCATCCCCAATCGAGGATCGGGCCGGATGGAGGAGACCACCCGCGGCGGACCAGCTCGTCGAGCACGTGGTCCCATTTCCAACCAATGCGCTCGGCGAACGTGAAATCGTAGTGCGCGAGATCGTCTTCGGATTGCCAATACGGTCCCGCCGCGGCCGAGCCGGAAATGAAGCCCTGGCGCAGGCGTTCGAGAATCGACCAATCGAGTTCGTCCCAATTCATGCGTGCTTCCTAACCGGCCAGATCGATGCCGAGGTGGCGGGCCAGCGCCTGGGTTTTGATTCCGTAAAAAGCCGCGAACTCCCGGGCTCGCTTGATAGCGGCGGGCCGGGAGGTCCTGGTTGTCCCGGGCGGATGCCAGGCGGCGAGCATGAGGTTTTTGGCGGTGTGCTCGGTGGAGATGAACTCAAACACCTTGGTTTCGAATCCGGCCGCTTCCAGCAACAAGGCGCGAAGCGCATCGGTAACAAACTCCGCTTGGCGTTCCTGGAAAATACCGTGACGCAACGCGGGCGCCAGCACGGGCGGCGCCTGCAGCTGGGGACGGAGTTCCTTCTGGCAGCAGGGCGAAACGACGAGCAACGATGCTCCCGCGGCGATGCCGGCGGCGAGCGCGTCGTCGGTCGCGGTGTCACAGGCGTGCAACGCAATGAGGACCTCCAACGGGCCGAGATTCGTGCCGCCGACATCGATGTCGCCGGATTTGAAACTCAAATGCTCCAGCCCACGGTCGCGTGCCACGCGGTTGCACGTATCCACTAGTTCGCGACGTCGTTCGATGCCGGTGACTTGCGCCCGGGGGCCCAGCAAATCGGCGGTGGCAAAAGTGAGGTAACCCTTGCCGCTGCCCATGTCGGCCAGTCGGAGCGGGCGTGGTGCCTCGCCGTCCGCGTCCGCCGCCAGTCCGGCCGTGCCGAGCAGGTGTTGGAGGATTTCGGCGAATTTTTGAATCTGTCGAAATTTGGGCGCGAGCCCGGTGCGAGGCTGTCCTTGGGCGTTGGTCACGCCGAGGTCGCGAAGCCAGAGCGCGAACGGATCGATGAGGCGGTGCTTGGCGTGATCGTGGCGGGCTTCCGCGACGGGCGGGGCGGCGTCGGCGAGTTTGAATTTCACGCGCACGCGGCCGTCGGCCGTGGTCTCCAACTGCCCCGTCTGGGCCGGGGTGAACAAGTGGGCGTCGAGGAAGTCTACGCCGAGCAGGCGATCGATGGCGGCGAGACCCTCGGCGCAGGGGTGATTCTTCGTTACGTCGCGATGGGTGTGCCGCCACACGAAGCTCAAATGCGGTCCGGCTTGGAGTGACACCGGGCGCACGAACACGTTTTTGACGGTGGGATCGGAGCCCCGATATTTGCCGAGCGTGAGTTTGGTGAGAGTTTGATCGGCGACCGCGTGGCGCAGGGCGGTCATAAAACGGTCACGGGGCAAAGGTTGTGGCATGGGAAGAGCAGCAATGCAGCAGGTCGGTTCGAAGTTGCAAGCGTGGCGGATTTCCGGGGACGGCGTGCAAAATGAATTTGCAGTAAATTTAGCGTAAAACCCAATGATCTGCTGGTGTAACCTTCTCGCGTCGAGCGGACTGATATTACCAAAGTCGATTGCGAATGCCTGAATCTTTAAACCTTACTTCATATCTACCACGTTCCCGGCGGGCGCGAGGGACCTTGGTGGTCTTGGTTGTGTTGGTGAACGCCATGATCGGGCTGTCAGTGATGATGCTCAACGCGGAGGATCGGACTCGTGTGGTCACGCGCTTGGCAGGGGAGGAACGGGTGCGGGTGCGGGCGTTTGAGTTTCAGTTGGAGCAGGCTTTTCGATCATTCAGTGATGCGACGCAAATATTTGCGAGTCAGCATGATATAAGGGACTATTTTGAGAAAGGGTTCCGGCAGGATTTGGCGCGAGTGGAGGCGGACGCCTACGAATTGCTCTTGGTGCACCGCGATTTTGATCAGGTGCGACTGCTCGATGATCACGGCATGGAGTTGATGCGGGTGAATCAGGGGGGGCGGATCGTTCCGGCGCATGAATTGCAGGACAAATCGAGCCGGGCCTATTTTACGAAGGCCCGGGCGCTGCCCGCGGGGACAATCTACATTTCGCGCATCGATCTGAATATTGAAAATGGCGAAGTGGAATTGCCGCACAAACCGGTGGTGCGTTTCGCCCAGCCGGTGTATCGGGATTCCGCGGTGGTGGGCGTGGTGGTCATTAATGTGCGGCTTGAAGCGGTCATCAATGTGTTCGATCGCATGGCCCCGGAGTTTGCTCATCGCATGCGTATGCTGAGCCGGGACGGTTATTGGCTGCGGGGATTTTCGCCGGCGCAAGAATGGGGCTTCGTGTTGCCGG
NZ_CP119075.1_gap32	1785810	1788323	2513	TTTGATCGTCGACGATAACAGAACCAACCGGGAAATTTTCAAACGGCAGCTGTCGAGCTGGGGTTGCCAAGTGGTCGAGACCGAAAGCGGTCAGGCAGCCATGTTGGCGATGAAGGAAGCGACGACGGCGCAGCGTCCATTCAACCTGGTGTTGCTCGACATGTTGATGCCGGAGCTCTCGGGCGAAGACGTGGCGATGCAGATTCGGTCCGACCGGGCGTGGGACCAAACCAAGATCATCGTGGCGAGTTCGGCCTCATTGTTGCTCACGCCGGAGCGCATGGTTCAACTCGGGATTGAAAGCCTGCTTCAAAAACCCGTGCGCCAGTCCCAATTGCACGATGCGGTGAGCCGGGCGCTGGCCAAGACCTCGGCTTCACCGGCGTTGGAAACCGTGGTCACGCCACGGGTGCCGGTGGATCGGTTTTTGACTGGCCTGCGGGTGCTCGTAGCCGAGGACAATGTCGTGAACCAGTCCGTGGTGACGATGCATTTGAGCAAACTGGGCGCGGAATCCGTGGTCGCCTATAACGGGGAAGAGGCGGTGGCCCTGGCCGAGCGGGAACCGTTTCGCTTGATTCTGATGGATTGTCAGATGCCGGTGATGGACGGGTTTGAAGCCGTGCGCCGGATTCGGGAATACGAAGCATCGACCGGAGCGTCACGAGCGGTGATCGTGGCCGTCACGGCGGATGCGATGGAGGATGACCGCGAGCGCTGCCTCAACGTGGGCATGGACGATTATCTGGCGAAACCCATCCGGGCCTCGGTATTGGCCAAAGTATTACGCCGGGCGCTGGCCGCGCATCCGACGTCTCCCTCATAGATCGGTGGACTCAAACGCCGGGGCGGCCCAGAGTCGCCGACCGGAGCGGTAGGTGGCGAGAACGTCGGCGGTGCCGATGCGGGTGGCGAGGGTGGTGAGCAAATTGCGGGTGTAACGCAGGTGGTCGGCGGTGAAATCGAGCACCACAAACGACGCGGGCAATCCTTTCGCGAGGTAACCGTAATGGTCGCCACCGAGGAGCGGGCGAATGTTGCTGGTGACCATTCGCAGGATCGCGGCCGGATCGGGTTCGGCGGCGCGGGCGGCGGTGGCCTGCGAACGCGCGAGGCGATAGGTAAAATCCAGTTCGGCAAACAAGTCGGGTTGCGTGAGCATCACGTTGTCCGTGCCCAGCAACAGATTCGCCCCGACATCGAGCAGTGCGAGGATGGGCGGCACGGGGAGCCCCAGCGTGGTATTGGCGCGGGGGTTGAGCGCGGCGGTGCGACCGGAACCCGCCATGAGGGCGATCTCCTCGGCATTGGCCGACGTAAGATGAATGATGAGATGCGGATCGAGCAGTTCGAATGCGCGGATGAGGTCGCCGCTACCGGTGCGGCGCAGGGACAGTTCGCGGTAACCTTCGTTTTCGAGGCAGTGAATGGCGCGCAGCTTGCCAAGTTCGTCGGTGCGGGCACGGACCTCGCGCCAGCCGGCATCGGTGAGGTCGTTCATGGTGCTTTCGGAAAATCCGTCGGCGACGGCGAGCATACCCTCGAGTTCGGTGCGAGCGCTGGCGGGCAGCGGCAGCGTCTGGTCGTTGAGTTGAGCGTCAGGGAAAGGCGAGTCGTTGAACTGGCTCAGGATGAGGGAGTCGATTCCGACGCGCGCGGCGGCTTCGCGAAGTAATTCGGCGCCATGGACGCCCTGTTCGCGAAAATCGAGATGGGCGATCGTGCCCGTGCGGGTCATGTAGCGCAGCGCGGCTTCGACGCGAGCGAGGTGTTCGGCGCGATCGAGTTGGGCGAGCTCGACGTATTTGTAGCCGTGGGGGCGGAAAAAACCCTCTTCGAGTGTCAGACCGGCCGCGCCATCGGGCAGGGCACTGTCACCGAGATGAGTGTGACCGTTGTAAAGGCCGGGCATGACCACGAGGGCACCGGTGTCGAGGCGGGGGCAGGGCGCGCCGAGATCCATTGCGGTGATGTGGTCACCGTCCCACGCGAAATCGGCGCAATGGTGCGGGGTGAGCTCGGGTCCATGGAGGACGACACAATCGCGCAAGTGAGGCATAAATTGAACGTGTTGCAAAACTCGTGCCGGGACAACCCTGTCGGCGGGGTTCCAAGGATTGCATTCGCGTTACGACGACGCTACGAAACCGAACATCCCCTTTATGAAGCAAAGCCCCCGATTCTCATTTCGCGGAGTGCTGGCTCTGGCCGTTTTGGCCAGTGGCCTGACCCTCCCCCAAGCTCACGCCGCCGACTGGGTGGACACCAATGGCAACGCCTTTAATGGTGATCCCGCCGGTCTGTTGGGTCCGCTGGCACTCTTGAAGAGTGGCCGGGCCCGCGGTCAGCGTTTGCCTCTCGCCAATCTGAAACCGGAGGATGCGTTGCGCTACGACCAAGGTCTGCGCGAGCTGCCGGCCCGGGCGAAGCGTTGGGCCGACGGGAAGAGCCAGATCACCAAGGAACTGCGGGGCAGCGTCCGCCGCATCAAGGACGGCACGCTCACCGATACC
NZ_CP119075.1_gap33	1860149	1860695	546	TGCGGGTGCGATCAATGCCCAATTCCACCGCGGCCAGGGCCAGCACTTCAGCATGAGATTCGGGATAATCGTCGGAAGTGTAACCGCACAAGAGCAGGCGACTCGAGGGCATCGAGCGGGCGAGTCGAACGGCTTCGGTGAGTCGTCCCAGGGAACTGGGGGCAAGTCGGCCCACGGCGCTTTGAGCGGTGTCGTGTTTGTGGCCACCGCCGAGAACTGCGATATATTCACACGTGGCCAGCGCCGGTGGGATCGGCAGCACGGCGGTGGCATAGGCTGGCGGATACTGCGATTCGAGTCGCAGGATCAGATTGTCCGCGATGCCTTCGTTGGAAGCGGTGATCAGTAACAGCCAACTCGAGATCAGGCACGCCAGACCGGCTCGTTTTTGTCGGCGAAGTAGCAAAATGAATCCCAGCAATTGCAGCAGGATTACGACCGTGAGGGGCTGGAGCAGCGCCCCGAGGAGTTTCTTGAGCCAAAACACGGTGACGAGATTACGGGAACCCGGCCGTGGGGCGAAAGTCTGGAACCGGCACGATGCCC
NZ_CP119075.1_gap34	1861835	1865787	3952	GATGATGAGCGCCGGGATTTGGGATCCAAGGTTGCGCAATTCCTGGATCAGGTCGGCCCCGGTGAGATGGGGCATGGTGAGGTCCGAGACCAGGGCCGAGAACCGGTTTGGCTCGGCGCGATAGGCGGCCAACGCTTCCCGGGGGTCGCCAAACGTGCACGGTCGGTAGCCGAATTGTCGCAGTCGGGTGGATACGAAATCCGCGACCGTGGGCTCATCGTCGACCACCAGAATCTCGCGGGATGCGCCCGGCGCGATGGCCTGCGATGGCGTTTCCCGTGCGGCGGGTTTTTGTCCGCAAATGGGGAAATACAGTTCGAACGTCGTGCCGGCCCCCGTCCGGCTGCGCACCCGGTAGGCTCCTTGGTGACTGGCCATGATCCCCTGGACGATGGACAAGCCCATGCCGGTGCCCTTGCCTTGGTCCTTGGTGGTGAAGAAGGGATCGAAAATTCGCTCCATGGTCGCCGCGTCCATGCCCATGCCGTTGTCGGAAACAATGAGAATCAGGTGCGGGCCGACGGACAGACCGGGCACCTCCTTGGCGAGCGAGGCATCGACGGCAAACGGCTTGAGCTCCACATCGATCCGGCCGGATTTGTCATCGATGGCGTGCGCGGCGTTCGTGCACAAGTTGAGCACAATCTGATGAATCTGAGTGGCATCGGCGAGCACCAGACCGGAATGCAGATTCTGTTTGATTTCGATAAACGAAGGCGTGGTGGCGCGCACGAGTTTGAGCGCTTCGGACACGGGTCCCTCAAGGTCGACGGGAATGAGTTTGGAGTCGGCTTTGCGGGAGAAGGTAAGGATCTGCGAAACGAGATCCTTGGCGCGCAGACCGGACTTGCGAATGTCGTTGAGGTCGTTCGCCAATTCGCTGTCGGGCTCGACATCCATGAGGGCAATTTCGCAGTTACCGAGGATGCCGGTGAGGATGTTGTTGAAATCGTGCGCAATACCCCCGGCGAGCGTGCCGATTGATTCAAGTTTACGGGCTTGAAACAGTTGATCCTCCAGGCGGCGGTGAGTCTCCTGCTCGGCGAGCCACTGCGTGATATCTTCGTCGAGGATGAGGTGGAACCGGACCGAACCATCGGCTTGTTTGATCGGGGAAATCGTGGATCGCACGTGCACCCTGTGCCCGTCGGTGTGACGGTTGGTCAGTTCGCCGGACCATGTTTCGCCGTCATCCAGACGGGCCTTGATCGCCTCGAATACGGATGAGCCGTTTTCGATCACGCGGATGCTCTCGGCTTTGCGACCAATCAGATCCGACTCACGCAGCCCCGTCAGTTCACAGGCCCGTGGATTGGCGAACAAAATGGTGCCGTTGCTTTGAGTGATCAGGATACTGACCGGACTCTGGTTGATGGCTTGTGAGAGAATGCGGATCTCCTCGACCTGCTCCTCCAATTGATCGTTGGTTTCCTTGAGTTCGGTGGTGCGTTGTCTGACCAGTGAATCCAATCGCAGATTCTCTCGTCGTTCGAGAATGGTGGAAATCCAGATGGCACCTCCAATCAAGCCAACCGCCCCCACGGCGTAGGCAAAGTAGGCGAGGTTGGTGCGAAACCAAGGCGCCAGGATGGTGAAGCGCACGCTCGTCGGCGTCGTATAAGTGTCGCCTGATTTGGCCCGAATTTGCAATTCGTAGGAGCCCTCCGCGAGGCCATTGATGACCGCGGAGCCGGCGGTGCCATGGTCGGTCCACTCTGCCTCGTCGTTGAGTCGCATCTCAAACGCGCTGGGGGCGTGGATGTCTGTGCCCGGTGCCATGAAGTGCACCACCATGGAGCTGTTATTGTGACTGAGATCGGGGAGTTCGGCCGGCGGATTGAAAATGGTGCGATTTGATTCGGTGAGGACAATTCGCGAAATAAACGCGGCCTTGAGAGGGGGACGCACGTGTTCCAGCGCCGGATCATAGCGCGCCAATCGCTGAAACCCGTGCAGCCACACAACGTCGTCGTCCTGCACGCTCATGTAAAAAGGGGTGAGCCCGCCCGGCAAATCGATGCCTAGATTGGTCCAAGGTTCAGTGGTCGTATCGTAAAGATGAACCCGGTCGTCGCCCGTGACCCAAAATCGACCGGCATTGTCATACACGGGGCGGCCGACAATCAGTCGAAATTCGGACAATCGTTCCCGCATTTCCCGGTCGGGAACCAATCGCCTGGTGGCTGCATCGTAGCTGAACAACCGGTCCGCGATATTGAAATGAGGTTGTCCGTTGAAAATGTAGACTTGGACCCAACCTTCCGGCACGCCGTCGTCTTGGTTGAGCACCCGTAAGTTCAGCTCGTTCCCCACGACGCTGAGACGCCCGAGACGGCCGGATCCCATTTCGAGCCAAAAAATGCCATCCCCATCCACCTGGTAGTCGAATACGCTCAACGACGCGTCGATGGGGTGGCGTTCATAAACCGGCAACCCATTCGCCAGGGAAAACCATCCGACCTCACCCGCGGCACTGTAAACCCAGCGGTCCGTCTGCGTCGCTGCGCTGAGCAGGCGGAAGTTTTTGGAGTCCGCGTCCAGCAGAACCCATCCCGTGCCGTTGTGCTGGTAGAGCCCCCGATCGGTCCCCGCGAGCACATGGCCGGTGGCTGTGGAGAGCGAATAGCCGAAGCCCTCCGGCGGGGACTCGTCGTAGAAACCGATCAACCGATTCTCATGGTTATGGTGAGCCCGGAGCACCTTGCCGTCGGCGAGCAGCCAGAGTTTGCCTTCGAATCGATGAATGGCGATGGAATCGATCCCGGCGGTAAGCAGCGACTCGAACGTGGTCAACGAGTTGGGGAACTCCACTCGCACCACGCCGTCCGTCAGCAGAGCCCAGTAGACATCGTTGCCTGTTGTAATGATCCTTCGGATACGCGTCAGGCGGGTGTCGCGCGACCGGTCCAGCACATCGAGCACCCGTCCCTCGCGGTCAAAATATACCAGGCCATGACCATCAATCGCCGCCACGAAACGATTCCGCGGGGCAGGGAGGATACTGAGAAACCGCAGGTCTCCCGCCAGCATCCCGGTGGTGGTGAAGTCGCGCAGGGACTGACCATCGAAAAGTTTGAGACCGTGTGAATAGGTGCCCACGAGGGCGAATTCATCATTGAAGGGAATGGCGGTCGTGATGGCGTCGTCGGCGGTGAGTTTCTCCTTGCTGAAAATCGGCACCGGTTCGCCGTCACCGGTGCGGAAGAGTTGACCGATCACGCGGTCGCTCAGGTAGAGATCGCTTTGGAATTCAAAGATGGACTCAACCGTGCTGGCGCGGCCGAAGAATTCCGGCGTGTGGCCGGGCGTCCATTCGATGATAATGCCGCTTTCGCTGTGCCAAAACCACCGACCGTTCAGATTGATGGCGTAGCGCGGCACCGCCACGTTCTGTGCCAAGTCGGCCGGAAAATCGGCGACTCGTTTGAGGCTCCAAGTGCCGTTTTCGGCAAACACCACTTCGCCAAAACCATCCTGCATGCCGGCGTAGATCCGTCCGTCGTCATTGACCACCACGCCGACCAACGGGGCGGTGCGGTCGTCCGCGGCGCGGTTGATGGTTTCCCATCGCATGCCGTCCCCGAAGACCAACTGGCGCGGTGCAACGATCAGGATGCGACCATCGGGCATGTGATGCAGGTCGGTGGGAAGCGCGTCCAGGCCCAACGATTCCCGACCGAGCATGGTGGTCGGAGGCACGCCGGTTTCAATCTGTCCTTCCGGGGCGGAGGCTAACGGTGCTCCGGTCGCCGTCGGGGGCGAGCTTATCAAACCCAGACCGAACCCGATGATGGCCACGAATTCGCCGCCCCAAAATCGACGACGATGTGCCCAAAGATTTAGCATTTAGAGCAGGAGAGGATTTCCCGAGCCGGGCTCAAGCGTCGGTATCCGCGGCTCCGGACGGGTCGAAAATATAACCAACGCCATGCACGGTCCGGAACGCGTCCAG
NZ_CP119075.1_gap35	1988064	1992339	4275	AAGTCGGAAGGCGGGGCAAATCCCCGGGATTTAAGGGCTGGCTGCGAGGGAAATGGCACGTGAAGGTGGAGCCTTCCCCGGGGGTCGATTGCAGGCTCAGGAAACCGTGATGCAGGTTTACCAGTCGCGTTACCATGGCGAGACCGAGCCCGGTGCCGGCGCGGCGGGATTTGGTGGAAAAGAAAGGCTCAAAGATGCGCGCTCTGACTTCCGGGGCTATGCCGGTGCCAGTGTCACGGATCGATACGGTGACGTAATCACCCGTCTCCGGACGCGCGGGGTCGGCGGCCACGTCCCGGGACGATTCGGTTTCTTCGCCGACGGCGATGATGATTTGACCTCCCGAGGGCATGGCGTCTCGGGCGTTAACACACAGATTCATGAAAATCTGGTGAAGCTGACCGGCGTTGGCGGTGATGAGCGGGGGCGTCGTCAAGAGCGGGGACTCGAACCGCACCTCCACATCCGACGGAAACGTTTTGGCGGCGATTTGAGCGACCTCTTTGGCGGCTTCGCCGATGTCGACTGCGCTGATGTCCGCATCTGATCCCCGGGAAAAGCTTAGCAATTGGGACAGCATCTCCGCCCCGCGCTGACTGTGGGATTGGATCGTCTCAAGTTGCTGCCTCTCCTTGCCCGCTGCTTGCAGGAGCAGCAGTGACGCCGTGCCTTCGACCGCGCAGAGAATATTGTTCAGATCGTGCGCGATGCCTCCCGCCAGCAATCCCAGCACATCCAAACGTTGAATACTGATGAGTTGTTGTTCGAGTTCACGGCGTTCGGTGATGTCGCGAAGACTAAAAATGAGCGAGTTGCCGGGCAGTCGGGCGGCCGTGATTTCGACCTGATTCGGAAAGCGCCGGGCGTAGACCAATTCCGTCGTCAAGGGACGGGAATGCCTGCGTTGGACGGCATCGAGTGAGGCCTCGAGTTCGGCGCTGGCGGCAGGAGTCAACCACCCATGAAAGTTTCCCGAAAGCGGCGCGTCTTCGCTGAGCATTTCCTGCGCGGCGCGATTCACGATGATAATATTACCGGCGGCATTGGTGACCACCAATCCGTCCGGCGCGTGGTTGATGGCCTGCTCAAACCGGGCGCGCTCTTCGTAGAGCGAACGGAAGCGATTGATGCGGGTGATGGTCTTGAGGCGGATTTTCAACTCCGTGGTATCGATCGGCTTCGAGAGAAAGTCATCCGCACCGGCGCTCAAACCGGCCAACCTCGATTCGCGATCGTTCAAGGCCGTCAGCAGCACAATGGGCACCTCCCGCAAGGTCTCGTGCTGGCGAACACGCCGACAGGTCTCGAAGCCGTCGATTCCGGGCATCATCACATCGAGTAAAATTACATCCGGGGTGTCCGCCTGCGCCACCGCCAGCGCTTCCAGGCCGGTCGTGGCTTCGAGCAATTGGTAGCCTTCCGGCAGCAACAATGCACGCAGCAACGCACGCGAACGGGCGCTGTCATCCACGATCAGGACTACGGGGGAAGGGTTTAAGTTGGTTGGTGACACGGACAGATTGAGCGGCCGCCACGACTGGCTAGGGCGACGTCTTCAAGAAGGGCCTGATCGCTTCATAAAAGCTCTGCAACGTAAACGGCTTCGGGAGAAAATTATTGGCGCCCGCTCGCTCACACGTCTCGCGGGTGAGTTCATCCGACAGTGCCGTCACCATGACGATGGGAATATGCGACGTCCGCTCGTCGGCGCGGAGCGCGCGCGTCGCGGCAATCCCGTCCATGACCGGCATTTGCACGTCCATGAGGATCAGTTCCGGGCGGTGGTCGATCGCCTGATCGACGCCGTCCCGGCCGTTTTCGGCCCACCGCACGTGAGCCCCCAGATACTCCAAGTTGGCTTTGATCAGTTCCGCATTGGTGGGGTTGTCCTCCACAATCAAAACGGTCGGATTGCTTTTCAGGCAATTGACCTGCAACGGCGAAGAGGGTGCCTCGGGCTTCGGGCGAAACGGCTGATGCGGAGCCCGGGAGCTCGATATGACCGGGACGCGCGTCAGCGGCAGCTCGACGGTAAACTCGCTGCCTTCGCCCACGGCACTGCGCAACCCCACGGTGCCGCCGTGGAGTTCGGTCAGCCGCTTCACCAACGTCAGGCCGAGTCCGGCGCCCTCGAAGTCGCGACTCAATGTGCGGTCGCATTGATGGAAAGGCTGAAACACGCGGGTGTATTCCTGCGGAGCGATGCCAATGCCCGTATCACGAACAACGATACGAAATACGTTGCGGGCGGGAAACTCGGCCGTTTCGAGCGTGACCACACCTCCCGATGGGGTGAACTTTACGGCATTGCTCAGCAGGTTAAGCACGATCTGCTTCAACCGCTTAGCATCCGCATAGATCACCTTGGCGCGATGTTCGAAGGTGGTCTGCAGGGTGATGTTTTTGGCGGCGGCCGAGTCCTGCAAGAGGCGTATCAGAAATTCCAACACATTGCGCGGATCGATTGCCGTCGGGCGCAGGCTCAACGTCTTCGCCTCGGTCTGCGAGAAGTCCAAAACCTCATCGATCAAGGTCAGCAGATGCGTGCCGCTTTCGCTCATGGTGCGCAGGCTGTCCCGTTGCCCGTCGGACAACGGGCCGGTGCGCCCCTGATTCATCAGCTCGATGGAGCCCAGAATCACGTTCAGCGGGGTCCGCAACTCATGATTCATCATGGCGATGAACTCGCCTTTGGTGCGGTTGGCAGTTTCAGCGTGCTGGAGGGCGGTATTGAGATCGGCGGTGCGCTCCTGCACTTTCTGTTCAAGTTCGTTAAGGAGTGCTTCGCGCGCCTGATGGGATTTCTCGCGTGCGGTGACCGCTTCGCCCAGTTCGACGTTGGCTTTGCTGAGTTGTTGTGCCGTCGCCTCGAGATCCCGACTGATCCGGATGAGTTCTTCGGCCGGGGCTTGCGCCAGGTCAGGTGGAAGCGGTGCGGGCTCTCCGCGAGCCAGGGTCGATGTGTAGGCCACTAATTTGTCGAGAGGAGCCGTAATGTCGGCGGCCGTGCGGCGACTGAGTCGGTGGATAAAGATGGCGACGATAATGACCGCCAAAAGGGTGCCGCTGAACAGCTCCACCACGATGGCCTGCGAGGCCCACAGCGGTTCCTCGACCACCACGTCCCATCCGGTGGCATGGATCCGACTCGCGGCGGCGCGAAAGCGTTCCGCCCGCGAGGTTTCAGGCCGCCACCGATCATGCGTGAAACTGCGGTGCTGCATTTCCACCGCCCCCCGAAACACCTCGTTCAATAAATTCTCTGGCGGGACGGCTAACAGACGGGGCGGTATGACCAACATGCGGTGGGCCTGATCCAGGACCATGATCGCCCGATCGGTGTTACGGCCATCCCGTTTCGCCAGATCCCCCAAACGCTCGGTGGACAGCTCCATAATCGCGATGGGCGACGACACCTCCGCAGCCGGCGGCAGCGGCAAAGCATAAACGGTGGTGCTCCCCGGTCGACCCGCGGCGGGAGGCGCGGATTGATCCACCGCGATCACCTGTCCCATTTGATCCACGAGAGAGATGCGGGTGACCCCTGGCCATTCCCGGCGAAGGGCGATCAGTTGCGCGACCTCCTCCGCCGTCGGCTCTGTTTTGTCCGACCAACCGGCAACCAGTTGGCTCAAACCGGCGCGCTGCGCTTCGATTTCGCGAGAAATCCGCGAGCTGACTTCAGTGGCGTCTCGTTCCAGACCCTCCCGGGTGTTGATCGAAACGTAGCGATCGAAAATCGTAAACGACACCGCACTGATTACGATCACCGGCATGACCGCGATGAAACTGAAACGGTTGACCAACAGTTTGTGCAGAGGCGGTTTGACGTGGGCCTGCTCGGGTCGATGGAGCCAGCCCCGCAGCAGCCGCCGATTCGCGATCTCCTGCGCAATCAGAGCGACCACCAATCCATTGCCGATATACTTCACCAACGCGATGTAGTTGGCCGGAAAACTGGCGTAGGAGAAAAAGAGGAAATAAACGCCGGCAATCGGCCCGCCCACGCACAGCCAATAGAGCGCCGATGCATTCAACAGCCGCAGGTCACGCCGATGAATGAGATAGCCCACCACCGCTCCTTCGAGTCCATAACACAACCACCCGACGAAATGGCTCCAGTAAAGGGGGGTGAGGGCAAACGTCAGAACGCCCGAGATCAGAGCCCAAAAACTGCCAAACCGATACGCGATCAAAAGCGGAAAAATTCCCCCGAAAACGATCTCGATATTAATCAAAACCGTGGGCCTGAACATATTGACCAACATGCCCAAA
NZ_CP119075.1_gap36	1995820	2000089	4269	GAATGGAACGAGGCGGTGGACCAATGGATTGTCCGAGTGAATCGATTGGCCGAGTGGTTTCCCGAACTCGAAGTCAGCCCCATCACGGACGAAGACCGCACCACCTTGGTCGAGCAGATCTGCCACGGCAGTTACGGCGCGCGCGATTTGAAGGACAAACCGGTCATGCCCGTGCTGCGACAGTGGCTGCGCGCCGAGCAACTTGCGGTGCTGGATGACTATCTTCCCGAGCGGATCGTGATGGACAACGGTCGCCGCGCTCGAGTGCGTTACGCGGCCGAAGGTCCCCCCATCCTGAGTGCCCGGGTGCAGGAATTGGTCGAAATCAAATCAACTTACGCGCTGGGACATGGGCGCGTGCCCGTGCGTTTCGAGGTGTTGGCCCCCAACCAGCGCCCGATTCAGGTCACGGACAATCTGCGCAAATTTTGGGACGATTTGTATCCGAACAAGATCCGGCCGGAACTCTCCCGGCACTACCCGAAGCACCCGTGGCCGTAGCGGCGAGGGGGAATAGTCGTTCACCCTCGGGGGCGGTGCTGGCGCACGAATTGCACGAGTTCCCAATCGCAATAGTCGACCAACGTGTGCCGCCCCCACACCAACGTCGGAACCGTCAATCGGCCGATCTCGTGCAAGAGGGCGGAGCGAGCCGCCGGTTCGCGGGAAACATCGTGTTGCACGTAGTCCACCTGCGCTTCCGTCAGCATACGAATCGACTCCAGGCAGCTCGAACTGCCGGGGGCAACGTAGAGGACGGGGCGGAGGACGCGGGGCATAACGACGCGCAAACGATTAGCGCGATGCCCGAAAAACGCAAATCCGATCCGGAATCGCCGCTCGGCGCCGGAAAAACGCGTCAGGACTTGGTCACACGCTTCCGGGCGCGTTTGGGCTTCGTCCGGGTGTGTTCGATATTCAAATAGGTCTTGGACTCGAGCGTGGCCTCGTAAAATTCGAGCAAACGCACGCCTTCGCGCGGCTTGAGCACGTCGTTTTTCGTGGCGGCATCGATCTGGGCTTTGAGGCGTCGACAGAGATCGGTGTGTTGATACTGCACGCCCCCGACGACGTCGCGGATGCGTGAGCCCGGCAGCGTCTCTTCGATGTAAAAGCCGTTTTCCTCGTCATCTTCGAGGAAGACGTGCACCTCGTTCACCCGACCAAAGAGGTTGTGCAGGTCTCCCATGATGTCCTGATACGCTCCCGTGAGAAACACGCCGAGGTGGTAGGGTTTGCCGTCCAAGGGATGGAGTTTCAGGTGATCCTTGGTATCTTCCAGATCGATGAAACTGCTGATCTTGCCATCGGAGTCGCAGGTGATGTCCACGAGTGTGGCATTGACCGTGGGCTCCTCGTCGAGGCGATGCAGTGGGGCGATGGGGAAAAGCTGCTTCAACGCCCAATGGTCGAGGAGCGATTGAAAGACCGAAAAATTACACACGTATTGATCGGCGAGCATGGTTTCGAGCTCGTGCAACTCCTCGGGCACATAGCCGGATTGGGAGTTTTCCGAGGCGATTTGCTCACAAATCTGCCAGAAAAGTGATTCGGCGGCCGCGCGATTTTCGAGATCCAGGTAACCGAGATTGAAAAGCGAAAATGCCTCTTCCTTGCGCTGCACGGCATCGTGGTAGCGTTCGAGGCGGCCCAGTTTGGACTTGTTTTTAGCCAGGCCCTGCAAGTCGCGCACGACCTTGTGCTTGTCCTTGGGGCGTTGTTTTACCCCCAACGTCTCGCGCTTGTTGATGCGCTCGAACACTTCGACGACGAGCATGGAGTGGGGCGCCACCACCGCGCGACCAGACTCGGAAACGATGTCGGGCACCGCCACCTTGGCCTCCGTGCAGATGTCGCGAATATTGGCCACCACATCACGAGCGTATTCAGCCATGGTGTAGTTCATCGAACTCTCGAAATTCGTGCGCGACCCATCGTAATCGATGCCCAGACCGCCACCGACATCCAGAATCCCCATCGGGAACCCCATTTTGGCCAACTGACAGTAAAAACGCGATGCTTCCACGACCGCATTCTTGATCGTCAGTATGTTGGGCACCTGCGAACCGATGTGAAAGTGCAGCAGGCGCAGACAGTGCGACAGCCCCGCTTTTTTGAGCGCCTCCGCCGCGAAGAGGATTTCCGCGGTATTGAGACCGAACTTGGCGTTATCCCCAGTGGAGGTCGCCCATTTGCCTTCGCCACGGGTCAAAAGCTTCGCCCGGAAACCGATCAAGGGCTCCACGCCGGTTTCCTTGGCCAGTTCAATGATGTGATCCAACTCACTGAGTTGCTCGACCACGAGAATGATTTGCTTGCCGAGGCGACGTCCCAGGAGGGCGAGACGAATGTAGTCGGGATCCTTGTAGCCGTTGCAGATCAGCAGCCGGTTTTCGCCCTCGTGCATGGCCAGGGCGATCATGAGCTCGGGCTTGGAGCCAGCCTCGAGGCCGTAGTCGAATTCCGTCCCGGCATCCACGATCTCCTCCACGACTTCCCGGAGTTGGTTGACCTTGATGGGGAAGACGCCGCGATAGCTGCCTTCGTAGTCCTCTTCGGTGATGGCCTTGCGAAAAAGTTGGTTCAATTGGACCACGCGGTGGCGCAATAAATCCTGAAAGCGAATCACGTAGGGCGCCTTGAGGCCCATCTCTTCAGCCTCGTTGATGACATCTTTAATGCTGATCTCCCGGCCATCGGCGAGCGGTTGCACGTTGATGCAACCATCGGTGCTGACACTGTAGTGTCCGGAACCCCAGCGCTTAAGACCGTAAAATTCTTCAGATTGGGCGGTGGACCAAGGGGAGGCGGGGTCGGTCTTCAAGAGTGGAAATGCTGGTGGGTTTACTGGCTTGCTTTTTGAACTTCGAGAACGGTTAGATGCCTGTTTCTTCTTTTCAAACAAGCAACACGCAACGACGAAAATGACATCCTTTTTCACCCTATTCGCCCAAGGCCAAGGCGCTCCCGCCGGGCCGAATCCCATGAACCAGATCCTCTTTTTCGGTCTCCTGTTCGCGGCGATGTGGTTTTTGATGATCGCGCCTCAACGCAAGAAGCAGAAGCAACACGATGCGATGCTCAAGGCCCTCGGCAACGGCGACGAGGTGGTCACTTCCGGTGGCATCTTCGGCACGATTGTCTCCGTGAAGGAAGATCGCTTCATCGTGCGCGTCGCAGACAACACCAAACTCGAAGTGGGCAAGAGCTTCGTCTCCACCGTGTTGAAGAAGGCCGACAAGTAATCGACGTCCACCGCCCCCCCGCACCGATTCTGCCTCTCGTTTTCTCGCATTCGCAACGTCACCCCACGTTGTCTGTCATGACGCCAGTGCCCGTTCGCACGGTCCTGACCGCCCGTTTTTAAACCCAAGTCCGAAATGTTCAAACGCAACCTCTGGAAGATCACGCTGACCGCGCTCATCGGCGCATGGGCGATCTCGTCGATCCTTCCCCTCAAAGACACCCCATTCAACGACTACATCAAATCGGAGGCCTCCGCCCAGGTCTCGGAATTTGAGTCGCTCATGGCCCAAGCCAGCGATCGTGTGACGAGCGGCCAAGCGCCGTCCGTCTTCATCGCCCTGAAGCAAATCGGTCGCGAACAGCGCATCGATCTTTCCAAATTCTTCCCCGAGGTGCGCCTCGAGGAATCCCTGCGCAATGTCGAGAAGCGCAATGCCATCCTGCTCGATTACCTGCTGCAGCAGTCCAAGGGCCGCTTGCAGCTGGGGCTCGACCTCAAGGGCGGCGTGGCCTTCATGCTCGAAGTCGCCGACGAAGGCGTGGGGGCCGATGTGCCGGACTACGAGCGCGAGGACAATCTCGCCAAGGCCATCGAGATCATGAGCGACCGCGTCAACGCTCTCGGCGTCACCGAACCCATCATTCGTCCGGTCGGCCTGAACCGCATCGAGATCCAACTCCCGGGCGTCAACACCAAGGACAATCCCGAGCTGGCCGACGTCATCAAGAAGCCGGCCCGCCTCGATTTCCGCCGCGTCCACCAGCAGGCCGTGCCCGGTCGCGATGCCACCCCTCCCGGTTACGAAGTCCTCACCGAAGAGGGCGACAACAAGGACGGCACGACTTACCAACGCGACTACTTCGTCAAGCGCCTCCCGGAAATGACCGGTGAGATGGTCGCCACCGCTTTCCCGACCATGGACGAGTATGGTCGCTTTAAAATCAACCTGCGCTTCACCGACGAGGGCGCGGAGCGCTTCGGTGAAGTCACCGGCGCCATCGCCCAGGAAAATCAAGGGCAGG
NZ_CP119075.1_gap37	2037299	2041903	4604	TGGCTTTTCACGGCCGGTGCTTCGCAGGACGGTTCCACCTACGTCATCAGCCGCAGCAAATACAAAAAGAACTTCACCACGGCTGAAGGCGCACACACCTATCGCATCGAAATCTTCCGTCCGGTTTCACCGGGTTCGAGCGAAGTGGTCGCTTTGGGCGCCAAGGTTATTTCCACGACGAACAACTGCCGCTCCTGTAAATCGGGCAAGTCGGACCGCTCCAACAAATCCTGCAAGTCAGGTAAATCGGGCAAGTCCGGTTCGAGCAACTGCGACTTCGATTGGTGGGGTCGCTGCAAGAAGCAAGGGGACCGCGGTCACGATTGCGGTCGTTCCTCCAAGTCCGACAAATCCGACAAATCGGGACGCTCCGACAAATCGGGACGTTCCGATAAATCGAGCCGCTCCGACAAGTCGGGTCAGAACAGCAACTGCAGCTACGACTGGTGGGGCAATTGCTCCAAGAAATCGCAATGGGGCCACCACTGTGGTTCGAGTGATCATCAGTCCGCCAAGTCCGCTAAATCGAACAAGTCCGGTTCCCGCAACTGCGACATCAACTGGTGGGGCAGCTGCACGAAAAAAGGTGACCGCGGGCATTCATGCTCCAGCGGTGGTTCCAGTCATAACTCCGCTAAATCCAACAAGTCCCATAAGTCCAACAAATCGGGCAACAGCTCGAGTTGGTGGGGTTGGGGCTGGGGAGGTTAATCCCTTCGCTTCGTCGACCTAGTCATAAGGCCACCGTCGCGGTGGCCTTTTTTATTCGTGCGCCCCGCCGCCCGTTAGGATTTAAATTCACCCGGTTATGCCGCCCTCTGGACCGATCGAACATACCCTCTCATTTAGCCGCGGTCGTCTGATGAAGCGACTCTGGCTCGTGGTCACCGCGTTGGTGGGTATCCACGTTGTGCTTACGATCGTCCATTATCAGTTCCAGGAAATCCCCTGGTTGTTTCGGCAAATATTTGACGTCGACGAAGAGGACAGTTTCCCGACGTGGTATTCGGCCAGTGCACTGCTGTTGACCGCCACCGTCCTCTGGGTGCAGGCGAATCTGACAAAATCGCAGCGCGATCCCATGGCCCCCGCCTGGCGGGGTCTGGCTGTGGGTTTTCTGTTTTTGTCCGTCGATGAAATCGCGGGCATGCATGAGATGCTCAACAGCGTAACCGAAATTTCCTGGGCCGTGCCCGGCGGCGTGGTCGCGGCCGTGGTCGGCGTCGTCTACGGGCGCTTCCTGCTTAAGCTTCCGCGCCGAATCGCGGTATGGTTCTGTGTGGCGGGTGGCATTTACGTGGGTGGGGCAGTGGGAATCGAGCTACTCACAGAGCCCTTTCTCATCAACGACGCATTGGATACGCTGCCTTACAACATCTGGACCGCGGTAGAGGAGGGCATGGAAATGGGCGGCGTGCTGCTTTTCCTCAATGCGCTCATCGGTCACATGACGAACGAGGCGCCGGAAACGGTCCTGCGAATCAAGCTTGGCCGTTAGGGAGGGTCTGGCTCACCGGAACCCGAAACGACATGCGTCCCACCAGTTCCAGCAGCCGTTGCTGCAGGAGTTCGTTTTGTTGTTCGGTGGTCAAAGCCGAATGCGTCGTATCGATAACGGGATCGGCAAGTTCAATGCTCACCACGTAGAGGTGGTCATTGTGCAAGAAGAGCAGGTTACCGCGTTTCGCGGTCGGGGCGGAATCGCTGGAGGATAATGCTGCTTGGTGGTCGAACATCGAGCCCCCAGGCAGTAGATTGTAGACGATCAGAGATCCACTCAGCAGCGCGGGCACAAACTTGGCGCTTTCAATCGTCGCCCCGGCGAACCGCTCCCGAAACTGCGCCTGAACATGTTGTCCGAAAAATCCCGCCAAATAATCCTGGCGCCCTCGATTCTCGATCTCGCGTTTCTGAGCAGAGTCCAATCCGAAACATGCGATACTGGCGTGGATGCTGACATTGTCCTGAAAAGTGACGACCTCCGGAGTATCGGTCACGTGGCCGCCAAACTCGGGTTGAACGGGCAATGTGATGTCGAATTCACCCGATGGCGCATGATACTGGTTATTCTCGATCACACCGTAGGTGAAAGTGGACTGCGCCATCAATTGACCGGCCCACAAAAGAGAGAAACATAGTCCGACGACTCTACCTACTCGCATGGTTAAACCGTATGACTTGCGGCGAAAAACTCAAGTGACGGATAGCCGCTGCCACGCCTTCGTGGGAATCGCCTCCGGACGAGCCCGACCATCCAAACCCTCTAGGGTTAAAGTAGAGATCCAACTCTGACCATCATCGGGCAGTTTGCCACGCAACAGAGAGGAGACTTGTTTTCGGCGTTGCTGAAAACAGGCCCGGATCAACCGCTTGGTTTCTGGCGAAAACAAGTAGGGCACCGGTTTTCGCACGAGGTTCAGCAAGTAGGATTCGATGTCGGGGCGGGGGTGGAAACACGCCGCCGGGACTTTGTGGCCGGGCGCAATATCGAAGGCCGACTGCAGGAAAATTGAAATGGCGCCGAACTGTTTCGATCCGGGCGCGGCGGCATAACGGTCCGCCGCTTCCCGCTGCAACATCAACACCATGTGCTGCGGCAGGGGGTCGGCCAGCATGCTGTCCATCCACGGGGTCGAGATGGCGTAGGGCAAATTGGCGACCACTTTGAATCCGGCTGCGGCCTCGTTCGTTGCGAGCCCGGCGCGCGGCGCATCCAAGGCATCGCCTTCCATCAAGTGCAACCTACCGCCCGCGTCCGGCATGACATCGGTGCGGAGATACGCGGCCAAGCGGGGATCGTGTTCGATCGCCCAGACCTGAGCGCCGGTCGACAAGAGGGCACGGGTGAGGGTGCCGAGTCCGGGGCCGATTTCGACCACGCGATCAGTCGCGGCCACGCTCGCGAGCTCCACCGACTTCCGCACGATATTCGCGTCCACGAGGAAGTTCTGCCCCAAGTGTTTTCGAGGTAGATGATCAATCTGGGCAAGTATCTCACGCGTTTGCGACGGCGACAGTGGCATTGACCGAAACAGACCATGGATGGTTTAATCGCCCGTCAATGGGTTCGTCGCATATAGGGTCTTGACCCTATATGATTATTCATCCTCACTTCAGCTCCACTATGGAAACTTCAACTGAAACTACCTCCGCTATTAAGACTTGGCTCATGACCTCCGGGATCGATTGGGCCATCAATATCGGTCTCGCCCTCGCGATATTCATCATCGGTCGCATCGCCGTCGGCATCATCACTCGCTTCATTCTCGGCGCCTTCAAGAAGGCCAAAATCGACGATACCTTGGCAGGGTTTCTCGCTAAAATTGCCAACATCATGATGACCCTGGTCGTCGTGATGGCCGCTCTCGGCAAACTCGGCATTGAGACCACCTCCTTCATCGCCATTCTGGGTGCGGCCGGTTTGGCCATCGGTTTGGCGCTTCAAGGCTCCCTGGCCAACTTCGCCGCCGGCGTGATGATCATCATCTTCCGTCCCTTCAAAGTCGGCGACTTCATCGAAGCCGGCGGCACCAAAGGCATCGTGGAGGGTATCAGCATCTTCAACACGAACATGCGCACGCCGCAGAACCAGGTCGTTATCGTCCCCAACGCTCAAGTCGGCGGTGGCACCATCACCAACTACTCGGTCAAGGAAACCCGTCGCATCGACCTCACCATGGGCGTCAGCTATGATGACGACCTCAAGGTGGCCAAGGACACGATCTGGAAGGCGCTGAACAGCGATGAGCGCATCCTCAAGGATCCGGCCGCCATCGTGGGCGTGATGAACCTCGGCGAGAGCAGCGTCGACATCGTGGTTTGGTTCTGGGTGAACTCCCCGGACTTCCTCATGACCAAGATGGACATGACGGAGCGCCTCAAAGTCGATCTCGAGGCCGCCGGTTGCTCGATCCCTTATCCGCAACGCGACGTGCACATGTTCACGCCGGAGAAATCGGCCTGAGCAACGCCTTCGTAATCTATAAATTTCCGAGGACGGTCCCGCTGGGGCCGTCCTTTTTTTGGCGTCCGAAACGACAAAAGCTAGCGGAACGACCGCAAGAGCTCCGTCGGATCGGGCGCGCGCATGAGAGACTCGCCCACGAGAATGGCATCGGCCCCACACGCTTTGGCCCGCGCGGCGTCCTCGGCTCGATGGATTCCGCTTTCACTGATGGCAACGACCTCGCGGGGAAACTGCGGGATGAGGCGCTCGCTGATCGCGAGGTCCGTGGTAAACCGGGCCAGATCGCGATTGTTGACACCAATGATTTGGGCCCGATGGCTGACGGCCCGCTCGAGTTCGGCTTCGCTGTGGATCTCGAAAAGCGCGTCCAAGCCCGCCGCCGTCGCCGCAGCGTGTAACGTCATGATCTCTTCGTCGGTCAGGGCTCGCACAATGATCAGAATCGCACTGGCTCCGGCCTCCCGAGCTTGGCGGACTTGGATGGGGTGCACCATGAAGTCCTTCCGCAAACAAGGCACGGCCGGAGGGGATTCGCGAAAACTCGCCGTTACCTGCTCGAGGTCACTCAGCGTGCCGCCGAAGTATTTCTGGTCCGTGAGCACAGACAAACAATCGGCCCCGGCGGACTGGTAGCGTG
NZ_CP119075.1_gap38	2111619	2112443	824	AAACTCGTTTGATTCGAGGGCACGCGCGCCCGCTTCCTGCGAAGCACGCAAAGCCTGATCGGCGACGAATTCGTTTGATTCGAGGGCATCGGCCGCAAAGTCGGCGTCAAAGCTCTCATTGATGAGCGTTCCGCCTTGTCCGACGACGGTTGCACCCTCGGCCGCGTTGAGAGAATTATCCGTCGCCGTCGTGTGCGTGTTCGTCGCTGAGTTGGTTTTCTTTGACCCCTTAGACATCGCTCAAATCCTTTCGCATGACGACCTCGGCAAGCCGGTATCCGTAGCGCTTCGACATCACCCGAGCCAACGCGGGGCGGATCGTATGAAACCGAATCGAGACGCACGATTCAGCGGCGGCGAGATCGTCGATGCGTTCGACGATTTCCGGCAAAATCGAGCCGTCTGAATCGCGCTTGGCGTAGACGGCGACAATCACTAGCTCGCGCGCCGCTTCGACGTCAACGCGAGTGATCATCATTCCGACCCGTTCCCGGGACGCATTAAAAACGTGGAAGCACTGAGCCCCGCCAGACTCGACCACACGGCGAAGGCAGTCGGCATGCTCGGCCGGGGAATCCATCGGGATTTCCCGCTCAAATTCCGAGCAAGCCGAATCCCACGGAGCCAGCTCGATGCGGAGCTTCGGCGCTACGGGCGGCGGACGCGGCGACGGCGGGAGGGCTTGCGCTTGGACGGCCATAAAAACAGAGCGAGGACGACGAGAACGGAGAGGGCGAGGGATGCGACGAGAGCCGGGTTTAACGTGGCGAGAGCGGCGGTTGAGGGCGTGCCCCCGGAGCCAACTCCGAGGTTTTTATTGCCGA
NZ_CP119075.1_gap39	2207943	2212486	4543	GCTCACCTCGCCGAACTCATGCCCGAAATCAAGATCGGGGTGGGCCACGGTCAAATGGACGAGAAAACCTTGGAAAAGCGCATGACCGATTTCGTGGCGGGCGACTACCAACTGCTCGTCTGCACCACGATCATCGAGAGCGGGTTGGATATCCCCAATTGCAACACGATCATCATCGAAGGCGCCGATCGCTTCGGTCTGTCGCAACTTTACCAGCTGCGGGGTCGCGTCGGGCGTTTCAAGCATCAGGCCTACGCCTACCTGTTGTTGCACCGCCATACCCGCCTGGTGGAGATCGCCCGCGAACGGCTCAGCGCCATGCGCACGCACAACCAACTCGGCGCGGGTTTTCGCATCGCCATGCGCGATCTCGAGCTGCGCGGGGCGGGTAATCTGCTCGGATCCGAACAAAGTGGCCACATCGTGGGCGTCGGTTTCGAGCTGTATTGCCAACTCTTGCGCCAATCCGTCGCCCGCTTGAAAGGCGAAAAACAAGCCACCTCCATCCGCGCGACGGTGAAACTGGACTTCGTCTTCGTCGGCGATGGTGCCGCCGGCGGCGCCGATCGCGGCCGACATCGGGACGGTTACACCGCTATCCGCGACGCCGAACACGCTGCCAGCGGAGCGGTGGCAGTGGCGCACATCCAGGCGCGGTTGCCCGCCGATTACATCGGGGAAACCCGCTTGCGCATCGATTTTTATCGCCGACTCGCCATGGCCGGTTCCCTGGACGAGCTCAAACAACTGCAAAGTGATTTGCGCGACCGGTTTGGCAAATTTGGCGAACCGGTGAAAGCACTCCTGCTCGTCACCGAAATCCGCATTCGGGCGGAACAAAAAGGCATCGTTTCGGTCGAGACCCAAAGCACCAAATTGAAGTGCTTGCGGGCAAGTGGTCAGAGTGATGACTGGGTCATGCACGGCGCCCGGTTTCCGAGGTTGACCGCCCCCAAGCCCCTTCTACGGTTACGAGAAATATCTACGTTTTTAGACAATCTGCCGCATCCATGACGCATTCCTTAGCCGCCCACATCCGAGTCCGCATGTTCGCCCTCGCCGGTGTTTTGGCCCTTGGCTCCCCTCTTTTCGCTCAGACCTCCTCCACCAAAACCGATGACGGTCTGAACCTTCGGTTTGCCAACGGGATCGCCGCCGTCGCCGAGGCCAAGATTATCACGGTCGACGACATCCGCCGGGAAATCGCCCCCATGGTGCCCGAGATCCAACGCACCTCGCGCAACGAACAGGAGTTCAACCGCCGCCTCGAGGCACTCCAAGACGATACCATTCAGGCGCTCGTCGATCGCGTCCTCATCGTGAAGGATTTTTACAGCGACGAGAAACGCCGCATCCCGGCCAGCTACGTCGACAACGCCGTCGACGAAAACATCATCAACGAGTTCGAAGGCGACCGCTCCAAGTTCCTCGCCTATCTTCGCGCTCGTGGTCTCACGCTCCGCGAATATCGCCGGGAAGTGGAAGAGGACATCATTTATCAATACATGCGCGGCCAGAAGCGGAAATCCGCCACCGTCGTTTCGCCCGTGCAGGTGCAGACCTTCTATGACGAGAACAAGGAGGAGTTCTATCAGGAGGACTCCGTGCACCTTCGCCTCATCCAATTCACCCGCAAAGACGGCCGCACCGACAGTGATCTGCTGACCCTCGCGGCGCGCGTGCAGGCCCGCCTTGATGTCGGTCATTCGTTTGAAGACATCGCCAAGGAAGTCTCGGAAGATTCCCGCCGCTCCCGCGGTGGCGATTGGGGATGGCTGAATCGTTCCGGCCTTAAGAAAGAGTTCAGCGACCCGGTCTTCGAACTCAGTGCAGGCCAGGCCACCAATCCAATTCTGCTGCCGGAAGGCGTTTACATCCTCTTCGCCGAAGATCGTAAATTCGCCGGGATCATGCCGATCAACGACGTGCGCGAACAAATCGAACGCGCCCTCATCTCCCGCGAAGCCCGCTCCGCGCAGGAACAGTGGCTCGAACGCCTCCGGCGCAACAGCTACGTGAAGCTCTACTGAGCCCGACCTCGACTCGCTTGACTCCCCCCCCCTCCGAAACGCCGCCTCATCCGCGGCGTTTTTTTCGTCTCTGACTGCTGGGAAAACGGGCCGAATAATTGAACAGTCAACGCGATTTGCGTTCACCCTCTGTCCGGCCGCGACACGCTGCGACGCATGAATATCCTCTTCATTGGCGGGACCGGCATCATCAGCACCGCGTGCACGTCACTCGCTCTCTCGCAAGGACACGAGGTCGCCGTGCTTAATCGGGGCCAACGGGCGAAACCTTCGGTTGCCGCCGAACACCTGCAGGCCGATCTCACCGATGACGCCGCGGTGCGGGCAGTGTTGGGCAACCGCTCATGGGACGCCGTGGTGGATTTCACCGTTTTCACTCCGGCCGATTTGGAGCGCCGGCTGATCTGGCTGGGGGGCCAAGTGGGCCAATACGTTTTCATCTCCTCCGCCAGCGCCTACCAAAAGCCCCCCTCCCACTATCTCATCACGGAGGAGACCCCGCTGGAAAATCCCTACTGGCAGTATTCGCGGGACAAGATCGCCTGCGAACACCGCTTGATGCAGGCCTGCGCCGATGATCAGTTTCCCGGCACGATCGTGCGACCTTCCCTCACGTTTGGGGACGACCAAGTCACCTTGGCCATGAACAGCTGGCAACGCAGCTATACCGCCATCGATCGCCTGCGTCGCGGCCTTCCCGTCATCATTCCCGGCGACGGCCGCACCCTTTGGACCATCACGCACAACACCGACTTTGCTCAGGGCTTGCTGGGCCTGCTCGGGCGAACTGACACGCACGGTGAAGCGTTTCACATCACCTCCGACGAGGTGCTGACGTGGAATCAGATTTTCACCATCACCGCCGAGGCGGCCGGCGTCGCCCAGCCCGAGTTTGTGACCATCCCCGCCGAGTTCATCGGTGCCTGCCTCCCCGACGAAGCCCCCGGACTCGTTGGCGACAAGCTCTGTTCCAGCGTGTTCGACAACACCAAGATCAAACGCTTTGTGCCGGGATTCGCCGCCAAAACATCCTACCGCGAAGGCATCACCCGCACCTTGGCGTGGTTCGACGCCGATCCGGCACGCCAACTGATCGATGCGGCGGAAAACGCGCAGCACGACCGGTTGATCACAGCCTATCGCGCCGCGATCGCGAGCGGACTGTCCGCCTTTCACGCCGACTGATCGGTGACCGTTCGACTCGACACGAGTCGGCGCACATTTCAGCGTGGTCGGGTGAGTAACCCCATTACCCGTCGAACCGCCCTCAAGAACCTCGCCACCGGATCGGCCCTCGCCGCCGCCGGAGCTGCTTTGCCTCTCTCCACCGCTTCCGCCCACGACTTGCCCGCGCCCCGCGTCGGCCGCTACAAACACTCCGCCTGCAAATGGTGCTACCGTGACATCCCGCTGGAGGAGTTTGCCGCCGTCGGCCGCGAGATCGGGCTCGACTCGATCGAGTTGGTATCCGTGGAGGAACTACCCATTCTCGCTCGCCACGGCCTCGCCTGCGCCATGGTCTGGGGCGTGCCGGGCGGTATCGTCGACGGGTTGAACGAGCGCAAAAACCACGACGCCATTACCGCGTTCATGACGGAGAAAATTCCGGCCATGGCCGAGGCCGGCCAAAAGAACATGATCGTGTTCTCCGGTAATCGTCGCGGATTGTCCGACGCGGAGGGTCTGGAAATTTGCGCCGAAGGTCTCGATCGCATCACCCCGATCGCCCAAAAACACGGCGTCACGCTGTGCATGGAACTCCTCAACAGCAAAGTGAACCATCAGGACTACCAGTGCGATACCACGCCCTGGGGCGTGCAGCTTTGCGAGAAAGTCGGGTCCGAGCACTTCAAATTGCTCTACGACATCTACCACATGCAGATCATGGAGGGTGACATGATCCGCACGATTCGTGATCATCACAAGTGGATTGGCCACTACCACACCGGCGGCAATCCCGGGCGCAACGAACTCGACGGGACCTTCCAGGAGATTAACTACCCGGCCGTCATGCGGGCCATCGCCGAGACCGGCTACACCGGTTTCGTCGGCCAGGAGTTTGTGCCTACCGAGGCCGATCCGCTGGTGCCTCTGCGGCGCGCCATTCAGCTCTGCACCGTCTGACCCTGCGCATCGCAAGTATAGCGACTTGCATCGCCCACCTGCCGTTCGCGGCCGGATTCCGGTTTATCATTAAGCCGGTCCGCCCCGTCACCGCCGCCACAATACGTTGGCGTCTCCTTGTGTCGTGGCCGAAAACTGATCTTTTATCGCCGTCCCCATTGTGAAGATACGCTCAATCCCTCCGCTCCTCGCCACCCTTCTCACCTCGCTCACGCTTCTCGCCAGCGTGCCGCCCCCGCCTCAACTCGAGTTGGAGGATTTCGAACGCCTCCCCGAACCGGTGATGACCCCGGCCTCGCCGGCTGCCGAACGCGCCATCTCGCAATTCCGCGCCCCGGAAAATTTCGAAATCAAACTGTGGGCAGCCGAGCCCATGCTCTCCAACCCGG
NZ_CP119075.1_gap40	2281195	2281853	658	GCTGTTGTTGCCCCACGGCATGATTGGGTTCGTCGTTTCAGCGATCTTGTCCGCGACGCTGGGTCAGGCCAATGATGCGTTCAACTGGCTCGCTGCCACCATCACCCGCGATATCGTGGTGCCGTTGCGTCGTCGCTTCACCGGCAAAACGTTGGGCGAAAAAGCGCAGCTGCGCGTGGCCTGGCTGACCATGACGATCGTGGGGGTGCTGGGTGTCGTGGTCGCGTTCGTGATTCCGCGGTTCGGCGGCGCGTTTGAGTTTGCCCTCATCTATTTCTCACTCACGGCGTCATTCCAAATGCCCGTGGCGTTGGGCATGATATTCCGCCGCACCCCGTGGTGGTCCGCCATCGCCTCATCGTCCGCCGCCCTGGTGGTGGCCATCGTCCTCATGGTGATGGGCGTGTTTCCCGAGCACGATTTCGCACGTAACATGATCGTGGAGGCGGTGGTCGCTTCCGTCGTGTTCGCGGCCTCCGCCCGTTGGTTCCGCGCCGACGATCCCAAGCACGCCGGCCTGATCGAGCTCGAGCGCGATTTACAGACTCCGGTCATCGCCGATGAAAACACCTACGGCGGCGGAGCCATGCAGGTCTACGGCCTCATCGGCACGGTGTGCTTGATTCTCGGGGTGGTGCTCGCGCTGAGCACATTCCTC
NZ_CP119075.1_gap41	2379842	2382661	2819	CCGGCCGTGATCGGGTGCGCCGCGAACTGGACAAAGTCATCGTGGGCCAGGCTGATGTCATCGAACAGCTCATGGTCGCCCTGTTGGCGGGCGGACACTGTCTGCTCACCGGCGCGCCCGGCCTCGCCAAAACCCTGTTGGTCAAATCGGTGTCGCAGGCGTTTGATCTTTCCTTCCAACGCATCCAATTCACGCCCGATCTCATGCCGGCCGACATCACCGGCACCGAGATCCTGACCGATTCCACCGAAGGCCGCCGTCTCGCCTTCGTGCCCGGTCCGGTGTTCACCAACATTCTGCTGGCCGACGAAATCAACCGCACACCACCCAAAACTCAGGCTGCGCTACTCGAAGCCATGCAGGAGCATCAGGTCACGGCCGCCGGCGTGCGCCACACGCTCTCCGAACCGTTCTTCGTGCTCGCCACGCAGAACCCGGTGGAGATGGAGGGCACCTATCCCCTGCCCGAGGCGCAGCTCGATCGGTTCCTCTTCAATGTGCTCATCGACTACTTACCGGAAGCCGACGAAATCGAAGTCGTTTCCCGCACCACCTCCGGCAAACCCGCTGCCGTGGAGCCGGTTTTTTCCGCCGCCGAAGCCGTCGCGTTCCAATCCCTCGCGCGCAACATTCCCATCGCTTCCGACAACATCCGTTACGCCGTGCAACTCGCCACCGCGTCGCGCCCCAAACGTGAGGGAGCTCCGGAGTTCGTGAATCAATGGATCAACTGGGGCGCCGGCACCCGCGCGGGCCAGGCCCTCGTGATCGGCGCCAAAGCCCGCGCCCTCTGGCAAGGTCGCACTCACGCCACCGCCGACGACATTCGCGCCTTGGCCGCCCCGGTGCTCCGCCATCGTCTGCTGCTCAATTACCGCGCCGAAGCCGATGGCGTCACGGTCGAGGACGTCATCGCCAAACTCATCACCCACGTCAAAGCCCCGTAGTAATCGTTCCTCGTAATCGTTCTCTTTCTCCCCCGCTCGTCCCCGCGGGTCGGAGAATGAGAAGACCAAGAGGACGAGACCGAATTCTTCCATGCCCGCTCCCGCTCACCTCGATCCTGCCGCCTTGCTCGCGATCTCCGATCTCGAGCTGCGCGCCCGCACGGTCATGGAGGGCTTGCGCAGCGGCTTGCACCGCAGTCCGTTCTCCGGCTTTTCCGCGGAGTTTACCGAGTATCGCCAATACAGCCCTGGCGACGACCTGCGCTATCTGGATTGGAAAGCCTATGCGCGCACCGACCGTTTCTACCTCAAGAAATTCGAGGAAGAAACCAATCTGCGTTGTCTCCTCTTGCTGGATACAAGTCGCTCGATGGACTTCGGTTCGCGCGGTTACACGAAGTTGACTTACGCCCGCACGCTCGCCGCCACGCTCGCCAGTTTTCTCCACGGTCAACGCGACTTGATCGGTGCCGCTTTGTTCGATCAAACCGTCCACCACGCCGTCGCGCCGCGGTGGCGCCCGGGCCACCTGCAACATCTCTATGCGCTACTCGGACGCGAATCCCCCGGCCGCACCACCGCGATGGGCGTGGCTTTGCAGGAAGCATTGCGACTTTGCCGCAAACGCACGCTGATCGTGCTGTTGTCCGACTTCCTTTCCCCGCTGGACGAGTGGTCGGAATCCTTCGCCGAACTCGCCGCCGCCGGCCACGATGTGCGCGTGCTCCAGGTGCTCGATCCCGCCGAACGCACGCTCGATTTTGGCCAAGCCGCCATTTGGCAGGATCTGGAAAACGATACCGAGCTTTACGTCGACCCCGCCCAAGCCCGCGCCGCCTACCTTGAAAAATTCAGCGCCCACAACACGGCGGTGCGCCAACTCCTGCATGAACATGGCGTGCCGTTGCATGTGATCGACACCGCGCAACCACTCGACGAAGCACTGCGTGCCTTTCTCCAAAATCAACCGCGCCGCGCCAGCCGCGTCGCCCGTCGGAGGGCGTCGGCATGAGTCTCCTGTCTCCTTGGTTTCTGGCCGGTCTGGCCCTCTTGGTCGGCCCCATCATTGCGCATCTCATCCGGCGCGCCACCCGCGACCGCGTGCCGTTCAGCGCTCTGCGTTTTCTCAGCCCGTCGGCGCCGCGCTTGGATCGCCGCAGTCGCATCCAACATCCGCTGTTACTCATCCTGCGCTGCCTCATCGTGGCGTTGCTCGCCCTCGCATTTGCCCGGCCATATTTTAACGCGGAGTCACCCGTTACACCGTCCACCCGCGCTCCACGTCACGTGGTGATCGTGCTCGACGACAGCGCGAGTATGCAGCGGGAGGATTTGTGGACCCGAGCCCGCCACGAAATCGAAACCCTCACCACCGATCTGCAAGCGGCCGACATCCTTTCCTTGATCGTGGCGGGAGACCGCGCGACCGACGCCGTCGACGCCGACACGTGGGTGCAAACCGCGCCGTCCGATCGCATCGGACTGGTCGGGTCCGCGCTCACCGCGCGTGCCACCGCGGGTTGGTCGGCGTTTCATTTGGACGACGCCATTCGCCGCGCTCTCGACCGCATTCAGGATCGGGCGGCCGTCGAAGGCACGATCATCGCCGAGCCCGAAATCGTCATCGTGAGTGACTTCGCCAACGGCACCCAGGTCGCCGGCTTGGCCGGACTCCCATGGCCGTCGGGACTCACCGTGCGTCTGGCGTCCATCCGCGCCGCCGCTTCCGCCAACATCGGACTTCAATGGCTCGGCTGGGGCACCGACCTCGGGGCCGGTGCGCCGGCCCGTATTCGTATCACGGCGACGGAAAACGTGCCGACCACCTCGGTGCAACTTTCCCTGCGGGCAGCCGACGGCGGCGACTTCGCC
NZ_CP119075.1_gap42	2383900	2386635	2735	TCGATTGCGCGGCAGTATCAGTCCGTTCGCACCCACCAACGCGGCGTGATTGTTTGGTGCTCGGCCGGTGGAGCGACGCTGGTCCTGTTGTTGGCGCGGTTCCAATGGGACGGTTTCGCTCCGTGGATGGGTCCGGCGCTGGTCGCGGTTTTCGCCACGGCCACCGCCCTCTCGCTGTGGAAACTTTGGCGTGACCGATTGGACATCATCGCCACGGCCCGCGAAATCGAACGCGAACATCCGGAGCTGCAGGAAGCCCTGCGCACCGCCGCCGAGCAATCGCCCGGCTCGGGCGGCAAACTCCATTTTTTGCAACGCCGGTTGCTGCGCCACGCTCTGGATCACGCTGCCACGGCCGTGTGGCATCAGACCCCGCGCACGCAGGCTCGTTGGCTCGGACCCGCCCACGCCATCGCGATCGGCGCGGCGATCGGCCTGGGCGTAATGGCGCTGCGCTACCGCACGCCGTTCGATTTCGCTTGGCCATTCCAGTCCGTCGGCGCTGCGATCGCACATGGCTCCGGCATCGAGGTCACTCCCGGCGATGTGGAAGTGGAAACCGGAGCAACCGTGGTGGTGGCCGCACGTTTTCCGGGGAAATTACCGGCCAGCGCCAACTTGGTGTGGCAAAACGCCGATGGTCAAACGGGGCGCGAGTCGATGGCCCCCAGCTTGTCGGATCCGGTCTATGCGTTCACCTTGGCCAACGTCGAATCCGACACGGTCTATGCGATCGAGTATCCTGACGGACGCACTGACGAGTTCGCGCTCACCGTTTTCGAATTGCCGCATCTGGTCCGCGCCGATGCCTCGTTGGACTATCCGGACTACACCGGCTACACCGACCGCACGATTACCGATACGCGGCGCATCAGTGCGGTCGAGGGCACGCAGCTCGACTACGTTTTTCACGTCAGTCGTGCGCTTGCCACCGCCGCATTGCAGGACGAGCACGGCAACGTCCTTCCGCTCGCGCCCCGCAATGCCGATCGCACCACATTTGGCACCACCTTCACGTTGGCCGAGTCCGCCCGTTACAAGCTGCAGTTGTTCGATCACGAGAATCGGGCCGATCCGGCTCCCGCCGACATCCGCATCGAAGTCACCCAAAACAAACGCCCCGATCTGAAGATCGATTTTCCCCGCGGTGATCAACGCGTGACACCATTGCAGGAAATTCACTTTCAAGCCAAAGTGAGCGACGACTTCGGCCTGCTCGACTTCGGGCTCGCCACGGCGGTGGGCAACGGCGAGCCCGACTACCGATCATTCGCCGACGCCACGTCATCGGCTCCGAAACTCGAAGCCGATGTTTCCTATTTGCTCGCCTTGGAGGACGCCGGCGTCGAGGTCGACGAATTGGTGACCTGGTTTGCCTGGGCCGATGATTTTGCCCCCGACGGCCAAATTCGACGCACGACCAGTGATCTCTTTTTTGCCGAGGTGCGCCCGTTTGACGAAATCTTTCGCGAGGATGTTTCCGGCGGCGGTGGCGGCGAAGGTGGGGGCGGACCAGCGGCGGATCTGCTCCAAATCCAACGTCAGCTCTCGATTGCCATCTGGAACCTCCAACAATCATCCCTGGTCGGCCCCACCTACACGGCCGATGTCGCCACGCTGCGCGACTCCCAAAACACCGCCCGCGCCCAACTCGAAGAGATGCGCGCCCGTCTCGAAGAACCCCGCCTGCGCGGCGCCGCATCGCTCGCGGGACAGTCCATGAAAATCGCCGCCGAGGAACTGGACGATGCCGCCGAGTCGGCGTCCCTCGACCCGCTGGCTGACGCCTGGACCGCATCGCAAAGCGCCTACCGCGCGTTACTGAAACTGCAACCTCGCGAAACAAACGTCGCCCAAAACTCCGGCCAAGGCGGCAGCGGCCAGCGCAATCAAGGTCAGATCAACCAGCTCCGACTGCGCAACGAAGCCAACAACTACGAAACCGCCAGCGAAGCCGAGTCGCCCACCTCGCCGGAAGACCGGGAACAGCTCAACCTGCTTTCCAAACTCAAAGACCTTTCCCGCCGTCAGCAGGATTTGAACGAGCGATTGCAGGAGTTGCAGACCGCTCTCGCCGCCGCGAATGACGAAGCTGAGCGCGACCGCATTCGCCGTGAACTGAAACGGCTCGAAGAGGAACAACGCCGCATGTTGGCCGACCTCGACGAGGCTCGCCAAAATCTCGATCGCATGAACTCCGGCGAGCAGCGCGAACAGGCCCGCCAACAACTCGACCAATCACGCGAGGACATGCAGGAGGTGAGCGAACGGCTTTCGTCCGGCGAAGTGTCCTCCGCCCTGGCCTCGGGGACCCGCGCACAGGAATCCCTCGAGTCCACGCGCGAACAGCTGCGCGAAGAATCATCGAGTGTATTCAGCGAACAACTTCGTGAACTGCGCCGACAGGCCCGCGAGCTTTCCGCCCAACAAGATCAGCTCGCCCAACAATGGCGCGACGAGCAAGAGAAGCCACCGTCGCTCGACGACTCCGCTTCCCGGGAGGCGCTGGCCGAGTCGCTCGATGCACAACGCGAACGCCACGGCAATCTGCTACGCGACATGCGCCAGATCACAGAGGACAGCGAAGGCACCGAGCCCACCCTTCACCGCCAGCTCTACGATTTGATGCGCGAGCAAGGCTCCGACGGTCCCTCGCGCGAATTGGAAACCAGTGCTGAGCTGCTCCGTCGTGGTTTTCTCGACCAAGCCCGACGCCAGCAAGCGGGAGTCGGCGA
NZ_CP119075.1_gap43	2537155	2538600	1445	CTGCCGATCGTCATCAGATCCGCGCTCCCGGTCGCCAACATGGCCGCGCGCACCAGACCGTTATCGTCGTCGAACGACCAATCATCGCCCACGGCTTGCACTCTGCCACTGGCATCCACCACGCGTATGATCGGGTCGGGCAAAGCTTCCGCGATTCCGAAACGACGCAGGGCCGGTCCCAAACCGCGAATCAACAAGCGCTGGCTACCCGGTCCATCGACCACGAATCCCGCGACCATGTTGCCTCCGGTCGGGACCCAACAGCGAAAAGATAGATTCAGCAGCTGCTCCGCGCTCACATCCGCCGATCGGGGCGAACGGTAAATCTCCAGAAGGCCGGTCCCGGTCGCGTCCCGCGCCCCGAGATGCGCGGTATGAGTCCCCGCGCGCAGCGACCGGAGTTGCACCACATCGCCGGCCCCCGTGACCAACGGGAACGCACCGAAATGGGCCGCGACCAACGACTCCCATCGTGAGTCAATGGCGGCGGACGATGGCCGGGGATCAGTCTCATGATCGTCGTCGAAAAGTTGAATCCACGGCGCCGCCGCCGCGTTGGGCACGCCAAACTGAGCCAACGTCGGCCCCACGCCGCGCACCAAATACGGTTGCAGCCCGTCACCCTGCGTGACCCACCCCACCACCGCCGTGCGATCCCCGGTGCCGATCGCGGCCCGCGCTGACAGATTGGCCAGTCCGCCCGCCTCGTCTTCGGTCGGCGTCACGGCAAAGCGGCGTGACCGCGCGATACCACGACCATCGACCCAGTCGGCCCGGTAGGTTTCCCCTGTCCCAGAGGTATGCAAGGGCACCGCCAGCGACCCGCTCTGCGCCACCATCGCTTGATCGCGCTCCCGCATCCACTGCACGCGGCGACGCAACTTGGACTCCGCCCCCGATTCCATGATCACGGTGCGATCCTGACGTCCGTCCAGGGACGCTGCGTTCGTGAGATCGACCGCCTCCGCCCGCGACCGAAACATCGGATGATACGCCAACCCAGCCATATCATCCGCGACCAAACCATCAATGCCGTCGGCCGCCAACTGCGCGCAGCGGGTGGCATCATTCACCGTCCATGCCCAGACGATCATGCCGCTGCCATTGAGTCGCGCGATCACATCCGCGTTGAGGTCACTGTGTCGCCAGGACAACAAGCTGATCCCGTCGCGTCGGGCCGCCGCGAGGTCCGCGTCGGATAAATACCCCGCCCCGAGCCACCCGACTTGCACGTCTGGGCGCGCTTGTTTCAATTCCACCAACCAACGGTAATTGAAGTGCATGACGTAGCCGTCGGGCCGCCAGGGGACCGTATCCAACAGCGCCACCATTTGCGCCACGGTGCCGCTTTTGCACTCCATCATGGGCGCGGCATCGGTTTGGATCTCGCGCAACGTCTGCTCAGCGGTGGGCACACGTTGGGCACCGATACGCGGATGAAATCG
NZ_CP119075.1_gap44	2543017	2544747	1730	GGCTGTCGACCAACGCCTGCAAACCCGTGATCCGATCTACGGATCGCGCGATCTTGTCCGACTGAATGTGGCCATCGATTCGCGGTTCGATCGTGCCCCGGGAGAACGAACATTGTCCGCCCTGCACACCGAGTTGCGGCTGTCACCGGCGCCGTTTGTGGACCTGGAACTTTATCACCGGGTGACTCCCGGCGACTGGACGTCGCGCGAGTTGAACACCGCCATCACCCTGCGCAGTGCCGACCGCTGGCGATTGCAGTTCGGCAACCACTATCTGGCCGGCGACATCCAGGAGTTCATCGCGGGCTTTTCCTACCGGGTGAACGAAGTTTGGGAAGGTTACACCCGCGTGCACCTCGACTCGCGTCGCGATCGCTTTGTGGAACAGACCTACGGCGTGCGCCAGACGATCGCCAATCGCTGGATCGTCGGCTACGAACTGTCGTTCTTCGAGGGTCCCCGCCGCGAGAGTGACTTCGGTTTCAATCTCGTGCTGGACGCGATTCGGTTCTGACCCGTGAGCCGCGTCGACAATCAACGTCGCCTGTTTCTCGAACTCATCGAAGAACTGCGACCCTGGTGGCGCCGCGATCCGGGACTGCCCCAACGTCTCGCCGCCTGGTTGGCCCGCCATCGCGCAGGCAGTCGTGACCGCCGCTTGTATCGGGAACTTGCCTACACCGCGTGGCGCATCCTGCCGTGGGTTGAAGACGCCGCACCTGATCGGCTGGTCGGCCTGGTCGCACAACACGCCGAGCCATCCCGCGCCACAACCGATTTCATCGCGGCCTTTGGCCACCCGGAGTCCCCCGTCCCCGATACGTCCCTTTTCCCCGCCTGGCTGGACGAAGCCTGCCCGGGAATGCAGACGGCCGCGCAACGTCCGGCCATGCTGTCGCGGGCGCCGTTGTGGATTCGGTTGCAAACCTCAGACGCAACCGCGGTCGCCCAGGAATTTTCCTCGCGGGACATCACGTTCACTCCGTCCGACATCATCCCGGGAGCATGGCGCGTTGACGGTGAGGTGAACCTTGCGACCACCGCAGCCTACCGCGATGGTTTGATTGAAATTCAGGACATCGGCTCGCAAGCCCTGTTGCACAGCCTGCCGGCTCCGCTGGCCGGTCACTGGCTCGATGCCTGCGCCGGCGCAGGGGGCAAGACGCTCCAATTGGCGGGGATGCTCGGGACCGCGGGGAAAGTGACCGCCCACGACGTCCGGGGCGCCGCCTTGCAGGAACTCAGCCTGCGGGTCCGACGGGCCCGTCTTACCAACGTCTCCGTCGACGCGAACCCAACGGGGCGATTTGACGGCGTGCTCGTCGACGCCCCGTGCAGCGGCAGCGGCACGTGGCGTCGCTCCCCTCACCTCAAATGGACAACCACCCCGGAATCGATCCGCCGCGCCGTCGAAAAACAACTGTTCGTGCTCGACCGTTTTGCGCCGCTCGTGGCCGATCGCGGACTGCTCGTCTATGCGACCTGCTCCCTGTGCCGGGCGGAAAATGAAGACGTGATCGCATCGTTCCAACTTTCGCATCCGCACTTTTCGCCCGTGCCGCTTCGTCATCCGGCCACGGGGGAAGTGGTTCGCGACGGCCACCTTGCGCTGTTGCCCGCCGATCTCGATTCCGACGCCTATTTTGTCGCGGCATTCCGGCGCAGCTGAGCGATCAGCGATCCCGCCGCTGGTTTTTTGTTGCGACCCATCACCTTCCGCCAAGCCTGCC
NZ_CP119075.1_gap45	2549151	2550998	1847	CACATACGCCGTCACCCAACCGAGGACACCCAACGCCTGGCCCGCGAGCCAGGTCGCCGGTGACAGCGGTCGGGCCAATGCGACAGCAGCCGTGCCTTGTTCAAATGCTCGGAGCAGCACTTGGGCGGTCGCCACGATGGCGAACGAAGCGGCCACCAGACCTTGCACCCCCCATCCAAAATCGAGCAGGAAACGACCTTGTTCTGTGCCGAAGTTGAACTCCCGCCACCATCCCCCGCCTCCGACAGCGAAGATCGCCACGATCCCCACGGCCAGGGTTGCGCGGTGGCGGCGAAGTTCGCCGAAGGTATCGCCCGCGATCAAAACCACCGCCCGGAAGTCGCGAATAATGCGGTTCATGATCCGCCACCTCCTTCCGCCGCCGCCGCCACCCGTTCGATGAATACATCTTCGAAACCGCGAGATATCGACGGCGCGGGGCCCAAAACCTCCGCCACCGTGCCTTCGGCGATGACTTTGCCTCGATGCAACATTGCCACCGCATCACAGCCGCGGCCCACGCCATCAAGCAGATGAGACGACAACACGATGGTTTTGCCCTCGGCCCGCAGCGCTTCCAGTAGCGCGAGCAAACGGCGGGTCGCGAGGGGATCGACGCCAGAGAACGGCTCATCCAAAATCAACACCGCCGGATCCGGCACCAAGGCTTGCGCAAAAGCCAACCGCTGCCGCATCCCTCGCGAATAACTCTCCACGCGCCGCTCCGCTGCTCCGGTCAAGTCCACCCACTGCAGCAACGCGGCGGCCCGATCGGCCGCTCCCCGCCGATTCCACCCTTGCAACCGCGCATGACTCATCAGCGCTTCCCATCCGGATAGATGCAAATGCACCCCGCCTTGTTCGGGTAGGTAACCCATCATCGCGCGGGCCTCGGCGCTGCCCGCGGACGCTCCCGCGACCTGGCAGCTTCCGGCGTCGCCTCGCACCAAGCCCAGCGCCACCTTCAACGCCGTGCTTTTGCCCGATCCGTTGGGTCCCAATAGCCCGAAGATTCCCCCCGTTGGAATCGACAACGACAAGGCGTCGAGTGCCCGCACCCGCGGCCCTCCCCCGCTCAACCGATAATCCTTGGTCACCTGCGAGAACACCAAGGCGGGCGCACTCATCCCTCAACGAATCTGAAACCCTTTAAAAATCGCCGCCCGCCGCATCGCCCGTCGTTCCACCTGCCGCACGAAACCATGCATGCGTGATTCAATCGCCGTCACAAATTCGCCGATTTCCGCCGCCAGCCCCTCCACTTCGACCAACACCCTGCCGTCCGGAATATTTTGCACAAAACCGCAAACCTCATACTCCTTGGCGACTTGCAACACGTTGTAGCGAAAGCCCACCCCTTGGACTCGGCCGGAAAAATAGACGGTTTCGTGATCAACTTCGGCCATGGATGTGTCCGCAAATTAGGTCGGCAAAGGGCCGCGCATCAATTCACAAAATCGCCGACCACCACCTCATCCCGGTTTTGGGTTGCATTTTAAGTCGACCGTTTCACGGTGAATTTCAGGTCCCGGACCAACCATTACGAATGAGTAATTTTGATTCTGACAGTCCCTCTGAAAACGAATGGGATGATCGTGGCGAGCTAGCGTGGAACGAGTTCGATTGGGAACAATATCTACGCGAGCAAGATGAGATGATTCATCGCTACATTGGCTTCTATGAACAACTTGAGGGTCGCGCTGATCGACTGGATCAGGTTGCGCACCGCATGGGTTGGGACGAAGACAGCTGGAGCACCGACAACGATTACGAGCCGCCGACCATGGGTCTGGCCGATCTGACCGGTGAAACCTCGGGAAACCCCAGCGAAGGCGAAGCCGAACCTT
NZ_CP119075.1_gap46	2563898	2564444	546	TCCACGTGCCCATGGCCGATCGCCTGTTCAAATCACCCGAAGATCTCATTTCCAAAACCCCCGGGTTCTGGCAGCATGTGGTGCTTCCGAAACTCAATCACGAATTTTATGGGGTATACCGTTTCCTGGCCGAGCCGTATCCCGATGGACCCAACCGCTACCTTGAAGCGATCGAACGTAACATCAAAACCATCTCCGGCCTGCCGACCTCCCCTCCCGCTTCCGCTGCCCCGCCAGCATCGTCAGGTTAGCCCGACGCACTCGCCATGCTAGCGACCGTATTTTCGGCCGCCCTGCAGGGAATCGAGGCGGAACTGGTCCACGTAGAGGTCAACGCCGGCGAAACCGGCGAGCCCGATACCGTTCTGGTGGGCCTCCCCGACGCTGCCGTCAAAGAATCCAAGGACCGCGTCAGCTCTGCGCTGTCCAACAGTGGCTTCAAACCGCCCGAGACCCGCACCACCGTCAATCTCGCCCCGGGTCATCTGCGCAAAGAAGGACCATGCTACGACCTCCCCATCGCGCTGGGCATGCTCGCAGCCACCG
NZ_CP119075.1_gap47	2571213	2573815	2602	TGGACCCCACCGATCTGGGCACGGTTTTCCCGAGCTTGGGCAAGCCGGCCGAAGGAGCCTACTTTGCCATCGCCCGCACGGTTTTCCCCGTCGGCATGATGGGGCTGCTCGCCGCCGGTATTTTCGCCGCGACCATGTCATCCATGGACTCGGGCTTGAACCGCAATGCGGGGATTTTCGTCAAGAATCTCTACCAACCGTTGCTGCGACCTCACGCCAGTGACCGGGAATTGCTCACGGTCGGCAAGTCCATGACCGTCGCGCTGGGTTTGATGGTGATCGGCATCGCCATCTTTTACAGCCAGATCAAGGGACTGTCGCTCTTCGAGCTGATGCTGAAATTCCAGATTTTGGTCAGCCTGCCCTACGTGGTTCCATTGGTGCTCGGTCTGATCATTCGTCGCACCCCCGGCTGGGCCGGTTGGTCGACGCTGATCGTGTGTTTCGCCGTGAGTTACCTCACCACCACCTACCTGGATGCGGAATGGGCCGTCGCCCAGTTCGGCTCCACCGACGGCATCAACACGTGGGAGCGTCAAAACTGGGAACAAGGTATCGGGGTCTTCACCATCACCGCCGCCGGCGTGTTGTGGTTCTTGTTCTGCCGCCGCTTTTACAAAGGTCAAAGTGACGCGCAAAAAGCCGACATCGAAACATTCTCCCGCAATCTCGACAAACCAGTTGATTACGCGGCCGAAGAAAGTGCACCGGCTTCGGACAACAAGCAGGCCCGTTTGATGGGCTGGTTGTGCATTCCCTACGGCGGCGTGGTCATCTTGATGGCCTTTATTCCCAATCCGTTTCTGGGCCGTATGGCGTTTATTTTCTGCGGCGCCACCGTCACGATCATCGGCACGTTCCTGGTGCGCCAATCCCGCGCCGCATCGTCGAATTAGTGGGCGCTGACCATGGCAAACTACCGAGACAAAGTCGTGTTGCTGCCGCCGAACCGAGTGTGGCGTTCCTACACCGGTGGGGCGTTACTCGACCAGATTTCCGGAGCGAGCACTCCTGCCGACAATCACTTTCCGGAAGACTGGATCGGCTCCCTCACCCGCGCGATCTCGCCCGGACGCGAAGAGATCGCCGAGGGAATTTCCACGGCCATCGTGGACGAGCAATCGTGCGATTTCGGGACGCTGCTGGCCTCCGATCCCGATTACTTTCTCGGCGCTGATCACGTGGCGAAACACGGCCCGAGCCCGATGCTGTTGATCAAATTTCTCGATCCGGCCATCCGCCTGCACTTCCAGTGTCATCCCTCGCAGGAATTCGCCCGCCGGGTGCTGAATTCGCCCAGCGGTAAAACCGAGGCCTACCACATTCTCCGCACCCGTCCGGAAGAATCCGCCCCCTTCATTTACGTGGGCTTCCAACGTCCGCCCGACCCGGCCGACTTGAAGCGCTGGATCGAAACCCAGGACATCGCCGCGATTGAAGCCTGCTTTGACAAAATCCCGGTTAAACGGGGCGACACCTTTCTGATCCCCGGCGGCGTGCCGCACGCCCTCGGTCCGGGCGTATTCATGGTTGAGATACAAGAGCCGACCGACTTCGTCGCGCGTTATGAGTTTCAGCGCGGCGGTTACGAACTGCCGGAAGCGGCCCGGTTCATGGGGCGGGACGTCGATTTCGGCGTGTCCTTGATCGATTTCATGCCCCGCCCCCTGTCAGCCATCGAGACGCACTCCCGCTGTGGGCCGCGCGACCGTCAAGAGCGGGGCCCCGCTTCCTGGCAGGAGACGCTTATCGGCCCCGATCAGACGCCGTGCTTCCGGGTGGGTCGCACCTGCTTCGCCGATCCCATCACCAAGGCCGAGGACTCATTTTACATCGGTATCGTCACTGCCGGTTCACTCGAACTGCACGTCGGCGACCAGTCCCTTCAACTCAACACCTACGACAAGTTCTTTTGCCCGGCCGGTTTGGAGTCCCTTGAGCTCCGACCCCACGGAAATGCCGAGATCTTGGAGTGCTACCCCCCACTCTAGCCATGCCTCGCCCAGCTTCCATCCTGCAATGTCTGACTCCCATCGAAATACAGGAGTTTCTTCCCGGATCATCCGCCGATGAGATTCGTGCGCTCGCCCCGGTGCTGACCACCGTCGACCCCACCAATCTGTCCCACTCGGCTTGGCGCGATCTCCTGTTTCAACGCAACCCGGAGGTGCTGGTGGCGTGCTGGGCCACGCCGGATTTGCCGCCCGAACTGCCCCCGGCATTGCGGTATGTGTGCTACTTTGCCGGCTCCATCAAAAGACTGGTGCCGCGCGAACACATCGAACTCGGCCTGATCGTCACCAATTGGGGCAACTCCATTAGTCGAATCGTCGCCGAGGGCGCTTTGCTTCACGTGCTCGCCGGCATGCGCAACTTCACCCATTGGACGATTGCGATGCACACGCAGGGCGCGTGGAAAAGTCGCACGTCCCGCTCGGCCTCCCTGTTCGGCCGCCGGGTCGGCATTCGCGGTTTCGGTCGCGTCGCGCATGAGCTGATCGCATTGCTGCGTCCCTTCGGCTGCACCATCTCAGTGTTCGCCCCCGATCTCACCCCCGCCATTGCCGAACAAAACGGTCTACGCGTGGCGTTCGATCTCAAT
NZ_CP119075.1_gap48	2575905	2577408	1503	CGCCCCTTACCATGTCACCGCCACGGCGGACAGCCCCACCGTCGGTGCCGCCGCCGGTGAAACCGGCGTGCTCATCGCGCTGGCCTGGACCGGTCCCGACCGCGCCGAAGCTCAACCTTGGGCGCTGACCGCCACCGCCGCCGGGGCTTGGACGCTCCTCCACCCCGAACTGGGCGAATGGCACCTCGCCCACGACCTCCTGCCTGCGATCCCTGCTCCATCATGAGACGTTCCCTCCTCGCCCTCGTTCTTCTCACCGCCGCGCTTCCGGGCGCCGTTTGCGCCGCGAATTCCGCGGACCACGTGCCCGCCCACGGTCCCCGCACCATGGTGCTCAGCGGTCAACGCGAAGCCTTTCGCGCCTATTGCACCACCGGTGCCGGCGCCGAAGCATTCGCCCGCATCAAGCATGATCTGGATACGGTCTACATGGCCTTCCCGCATCCGGCCGAGCCTCTGACCTACGGCGATCCCGAGCCCAGCAAACGCGACACCTACAAGACCGACCGCTGGCGCGGCGTGCAGGATCTCGCCGGCAACATTTCCGGCATCGCGGAAGCCGCGACGTTCGCCTGGCTCGTGACCGGCGAAGACCGCTACCTCGCCAAGGCCAAGGAGTTTCTCCTCACCTCGACCGATTGGCATTTTGCCCCCGACTGGGAGTCCGGCGAGGTTCTCGGCGCCACCGACGTCTACTACAATGACGAAGGCAACTTCCGTCTCTGGCGCAAATTGCCGCTGATTTACGATCAATTGCGCGACGAGCTGACCGACGCCGAACGCGCCCGCGTGCTCGCTCATTTCAAGATTCGCGGCGAACGCACCGTGCGTTGGATCCGCGAGTCCAACGTGCAAGGTCTCAAGCGTAATTCCCTTGAGGTAAAACCCTCCAGCCACCCGGTGCGTTTCATGGCCATGGTCGGGTTGACCGCCCTCGCGCTCTGGGACGACCTGCCCGACGAAGCCCGCGCGTGGTGGGAGTTCGCCTACTCGTTCTACCGCGATCAATTCAGTCCGTTCGCAGGCGACGCCGGCGGCTGGGCCGAAGGCAGCGCCTACTGGCGCGGCACCTTCGAACACGCCGGTTTCCAGGACGCTCTGCTCGCCATTGGCGATCCCTCCGCCTACGCCTCGCCGTTCTGGCGCAACACCGGTTACTTCGCCGTCTACAACGTGCAACCTTACCTGCACACCACGTTCGGCGACGCCTCCAATGCCGGACACTTCAATCTCGAACCCGTCATGGCCGACTACCTCACGCACCTCGGGCGCGTTCAGGGCAATGGCTACTTCCTCTCTTACGCCGCCCTGTGCGACGATCCCCGCGAATCGCCGTCGCTCATGGGCATGGGTAAACTCGCCCGCACCTACCCGACCGCCGGTGAGTTTCTCATTCGCAACTTCATCGGCAGCGCGTTCCCCGAACCGGCACCGGCGCCGCTGAGCGAACTCCCTCCGTATCGGTTTTTTGATGACGTCGGTTGGGTGTCGATGCACTCCGCC
NZ_CP119075.1_gap49	2591908	2592809	901	TCATCCACGAATTCCGCCGTGATGACCTCCAAGGGCATGGGCAGATCCTGGATCGCGGTATTGAGACTTGTGCCGGAGATGGAATTCGTGGCCCGGTAGCCTTTGTCCTCGCTTACATCGACGCTAAAAACCGATAGCATCACGATGTCTTCTTCGGACACTTCTTTCGTATTAGCAGATTCTGTAGTAACCTGAGCGTTGGCGCTGGCCACCGCTAATAGACAAGTCGAACCAAGCGCAAATGCGCGGCCAAAATGTGAGAACATGGGCTTAAGGGGCAATGTGTGGTAATGCCGAGGGGGTAGAAACTTTTGAGGAGAGGTATCTCCAGAGTTAATAATTATTAGTGTTGGGCGGTTTTTACTGTCAACTCTTATCTACCGTTGGTTAACGGTTATTTACGCCACTTTGACGCTATTTTTCGGGTAATTATATATATTTATCAGCAGTTCCAGTAATCCTTCTGGGCATATGATATTTCATTGAGGCCAACCGGATCTGCTTCACTCGCATACCTCCAATAAGTCATGCTTATGATATCCGGGTTGCAATTTGCCGCCTTCGCACTTTGACCATCAGGCAAGGCCCGCATCAGAAGCGCTTTAGCGCTATGTTAACCAGAGCTCCCAACTGCATTAACCAAAGGTTGTATTATTCGCCGAAGTGTCGTTTCAGGGACGGACCTTTCGACCCATTGCGGCCTCAAACAGCTAAACGTATCCCTGTTCACTCTCACCCGGTGCATTTCGCTTTCATGAATGCTTTTCATTTATGCGGGATTCATGCGCTTCACAGTCATACGGGGATGAGACGACCCCGTGAGTCTGCCCCCCTCCCAGCCAGAGCCTCGCGCCAGCGCGTCTGCCGAAGATCTTGGCCAACGGAACAACGCGAAGAAACA
NZ_CP119075.1_gap50	2595698	2596441	743	TGCCGATCACGATGTCGACGATGTCACCCTTCTTGGCGATACGCGTGTAGACCGTGCCTTTGCCGGCGATGGCAGGAAACGGCAGGTCGAACCACGTGTTGTTCGTGTCGGTGCCGTTGGCGAACACGCCCGGAGTGAGTTCGAGCACTTTGTTGCCCGCCTCGTAGGGATCATCAATGACGGTGATGCTGCCGTTGCCGCCGTCGGCGATGATGGGGCTGGTGCCAAAGGTAATGCCATCGGTTCCGCCGGTTTCAAACGTGTGGACCGCCTCGAATTCAGCGAAGGCCGCGGAGGCTACGCTCAAAGAAAGCAGAGCGGCGAGTAGTTGTGTTTTTTTCATGGTATGGTTACTTTTTATTGGGGTGGGAAACATGAGGTATGGGCGCTCGAACGGAGCCGGACGCGGTCCTCAAAATGTGAAAGCGTCAGAACGACATCCGCGCACTGAATCGCACGGAGCGCGGCGCGTGATAGAGCACCGAACGGCGGCGCTCGATTCCGCCCGTGTTGACATTGGTGTATTCGACTTCGGAGTAGTCCTTCTGGTCGTCGAGCAGGTTGTAAACGTTGAGGGCGAAGCGCCACGAGGTGTCGCCCCACTTCGTCGTATAAACGAGACCGGTATCGAACTCGATGCGCTTCTCGATGGGCGGGGTCGGGTAAAGATTAGCCGCCAGATTGGAACCGCCGACCTGCACGGCCGTGGCTTGCGGACCGATGTATTTGGCCCCGAACAACAG
NZ_CP119075.1_gap51	2622221	2624864	2643	CCTTGATCCGTTCAGCGACGGATTTGCTCAGGAAATGCGCACGGCCGCATTTTTTGCACAACTTAACGAGGAGTTCTCCCGGCCCATTCCGCCGTTCACCCCGGAACGCGACTATGCGCCAACGCAGATCGTCGCGGAGTTTATCGCGGAGCAGGGATATTCGGGTATCAAATACCGCAGCGCCATGCGACCGGATGGACGCAACTATGTTTTCTTCGATTGCACGGAATTGGAGACGGATGGCCTTGAATCGTTCAAGGTGGCGGAAGTCCGAGTTATCAGCACGCCCCACGACCCGGAATGGATGAGGAACTCATTGCTCGGGATTCAGGAGCGGAATGCGGAGACCAGCCAAATAGATCCCGCCGATTTCGGTCAGACCAACGGTCCTCTCCCCCAACAATCTCGCGCGTAAAGCTGACGAATGAATTCAGCATGACCGCGGAAGTATTGGATTCGCGCAAGGCAACACACGGTCAAAGGCCAGGATCGTGAAGGGGGCGGCAACGGTGTCCGGGGCGGCAAATGGGGCGGCAAATGGGGTCGGGCGGCAAATGGGGTCAGACTTTGCACATTGCACTCGCCTCCCCTTCGCCCTTCGGTCTGGATGGGTAGGTGGCAAGGAAGTTGAGACTCGAATACGAGGGCGCGTGTTACCACGTGGGGGCGAAAAATGGGGTCAGACTTTGCACATTGCACTCGCCTCCCCTTCGCACTTCGGTCTGGATGAGTAGGTGGCAAGGAAGTTGAGACTCGAATACGAGGGCGCGTGTTACCACGTGATCAATCGGGGGAACTACCGTTCCGCTATTTTCGCCACCGACGGCGCAAGACAATCGTTCCTGAAGTGCCTGGACGACGCTGCCACGAAATCGGGCTGGATCGTTCACGCTTGGTGCCTGATGTCCAACCACTACCACTTGGCGATCGAGACGCCGCGGGCCAATCTTGTCGACGGCATGCGGTGGCTGCAGGCCACCTTCGCCACGAAGTTCAATCGGTTACGCAAGGAGAACGGCCATCTATTTCAGGGCCGCTACAAGAGTTTTGTGGTGCAATCTGAAGAAGCGCTGGGGCCGTTGTGCCACTACATCCATCTCAATCCGGTGCGGGCCCATGTCATTCAGGTCAAAGAGCTGCGAACCTGGCGCGACACGAGTTTGCGCGAATTGCTGCACCCTCCTGAACGCCGGGCCTGGTATTCACCACAAGCCTCCCTGGACCATGCCGGCGGACTGCGTGACACGCCGGTCGGTCGAGGGGCGGAAATGGGGTCAGACTTTGCACATTGCACTCGCTTTTGCTTTCCCTCTCGGTCTGAATGGGGTGGAAAATGGGGTCAGGGGCGGAAAACGGGGTCAGGTAACATGAGCGGAGAAGGTCGAGTCCGTGGCAAAAATCGGACAGATCCTACCCGCCATGAACTACACTGGAATCGACTACCATAAACGTTACTCGGTGGGGTGCGGAAAACGGGGGGGGCGGAAATGGGGTCAGACTTTGCACATTGCACTCGCTTTTGCTTTCCCTCTCGGTCTGAATGGGGTGGAAAATGGGGTCAGGGGCGGAAAACGGGGTCAGGTAACATGAGCGGAGAAGGTCGAGTCCGTGGCAAAAATCGGACAGATCCTACCCGCCATGAACTACACTGGAATCGACTACCATAAACGTTACTCGGTGGGGTGCGGAAAACGGGGGTGCGGAAAACGGGGTCAGACTTTGCACATTGCACTCGCCTCCCCTTCGCCCTTCGGGCTGGATGAGTAGGTGGCAAGGAAGTTGAGACTCGAATACGAGGGCGCGTGTTACCACGTGATCAATCGGGGGAACTACCGTTCCGCCATTTTCGCCACCGAAGGCGCAAGACAATCGTTCCTGAAGTGCCTGGATGACGCTGCCACGAAATCGGGCTGGATCGTTCACGCTTGGTGCCTGATGTCCAACCACTACCACTTGGCGATCGAGACGCCGCGGGCCAATCTCGTTGACGGCATGCGGTGGCTGCAGGCCACGTTTGCCACGAAGTTCAACCGGTTGCGCAAGGAGAACGGCCATCTGTTCCAGGGCCGCTACAAGAGTTTTGTGGTGCAATCTGAAGAAGCCCTGGGGCCGTTGTGCCACTACATCCATCTCAATCCGGTGCGGACCCATGTCATTCAGGTCAAAGAGCTGCGAACCTGGCGCGACACGAGTTTGCGCGAATTGCTGCACCCTCGTGAACGCCGGGCCTGGTATTCACCGCAAGCCTCCCTGGACCATGCCGGCGGACTGCGTGACACTCCGGTCGGTCGACGTAAGTATCTGCAATATCTTGAATGGCTCGATGAGGAGGAGCCCGAGCGCAAGCGACTCAAGTTTGACGAGATGTCCCACGGATGGGCGATCGGAACCAAGGATTTCAAGAAAGCGCTCAACGAAGATCATGGTGAGCTGCAGGAAGCCGTGCGGCGCGGAGACAAGGATTTGGAGGAATGGCGGGAAGAACAGCACGCCGACACGCTGGCGGCATTGTTAAAGTGTTTAAAGAAGACGGCGACTGATATTGCCGCCGATCCGAAGGGAACGGCTTGGAAGGTGGCGATCGCGACCGAGATGAAACGACGAGGCGGAAAACGAGGCGAAAACGGGGTCAGACTTTGCACA
NZ_CP119075.1_gap52	2647737	2648569	832	CTCGCCGCCGAGGATCCCGCGCGGCGCGCCGCGAGCATCGCCGAGGTCAAGCGCTGGATCGACGCCGCCGTGTTACTCGGCTCAACCAGTGTGCGTGCCAACCCGGGTAACGGCCCGATCGAAAACGCGATCGCGTCGATGCGCGAGGTAAACACCTACGCCGCCGACCACGGCATCGTGCTTCTTAATGAAAATCACTTCGGCATCGAAATGGACCCCGCCGTGCACCTCCGCATCCGCGAGGAAGCCGGTCCCGAGAACCTCTACACCCTGCCCGATTTCGGCAACTACAGCGACGACGCCCGTTTCGACGCTCTCGCCAAAATTCTGCCCTACGCCTACCTCATTTCCGCCAAAGCCGTGCGCTTCGACGCCGAGGGCAACCACCAGCCCTACGACTACGATCGCTGCGTGCAAATGAGCGAAGCGGCGGGCTTCAAAGGCATCTACTCGGTCGAGCAATGGGACCGCACCGACCACGACATGGACTACACCCACGTCGCCGACTGGCTCCTCCAGCACACCGCCGCCAACCTCCGCACCAGCTAGCCGCATCGCGGAAAATGTAACCATTATGGTTACACTCGCGGCGCAGACTGACTCCTCCCACACACCGCCGCCAACCTCCGCGCCAGCTAGCCGCGTCGCGGAAAGTGTAACCATTATGGTTACACTCACGGCGCAGACTGGCTCCTCCCTCACACCGCCGCCAACCTCCGCGCCAGCTAGCCGCGTCGCGGAAAGTGTAACCATAATGGTTACACTCGCGGCGCAGACTGGCTCCTCCCACACACCGCCGCCAAACTCCGCGCCAGCTAGCCGCATCGCGGAA
NZ_CP119075.1_gap53	2670914	2671977	1063	CATGCACGGTTAGTCCATTCCGCTGAAGCCGCCGCCGGTTCGGCGTTCCGAAGATCACCACCTGCGGCACCCCTTCCTTGAAGGTCATGCGAGCCAGGAGCCTCAACGCCTGTTGCAGATCCTCAGCTCCCTTGCGGTCCCCTGATTCGATCGCCATTGCTCCGGCCAGCACGAGTCGCCCTTCCTCTGGCAACCTCAGGCGACGTCGTGCCTGCAACTTATCGACTGATGAAAATTCCCTTACACCCACCGTGTTTGGAATCACCCGCACATCGGCGCCGGTCAGCACCGCGCTCTGCGACGCACACTGCGCGATCCACTGACTCGGGGCGACGTATCGGATCTTCGACAAATCACCCATCTTTCGTCGTCGTTCCACTCCTTTCCTCGAAGCGTCGCTTTCGGATTTCGTTTCCAAAATCGGGCAACTGCCGCAGCCCACCCGATACCTTTCGCAGTCCCCTGCATAGTGACACCCACCGGTAAAAGCCCACATGTCGTGCATGGTCCACACGATCGGCACGTCCAATTCCGCGAGGGTCTCTAACCGCAAAAACCCATGCGACACCCAGTGCACGTGCACCACATCAGGCCGCAGCGCACGAACCCGCTTCACCAATCCGTCCGCCAGACTCCCCACCGAAAATTCCTCCACCGCACGCGGTAACACCAGCAAACGCTCCGCCCTTCGCTGCGACTTTGTTGCGACCCGTTGTAGCCAACCGTTCGGTCCCATCACATCCGCCCGATTCGAGTCTTTTTGCCGCACCAGCATCAGCGACTCCTCGCCGGCATCCACCAACGCGCAATGCAGCCGGAATGCAGCTTTCGCCGCGCCCCCCAGCTCATCATAAGCACTGAGGTGCAATATCCTCACGGCTTCAACCTTCTCCTCGAAACCATTCTCGTAAGCTGGTCAGGCAATTGCTTCCGGCTCCTCGTATACACGGTCGCATTTGCCCCATTCGTCGAAAGTGGTGTGATATTCAGGTAGTTCCAGTCAGATTGAATAACTGCATCGCAGCCTACTCTGTTCCGCTTCATCGGCGCACAGCGTAAAGAT
NZ_CP119075.1_gap54	2791658	2794717	3059	ACTGCTTTGCCGACTCCTTTCCGCTCACGAGCAAAGGCGTCCTCCCCTCCCAACGGTCCGTGGCGTCCGCCGCCAACTCCGTAATGTCGAAAAAACGACTTCTGTCCTGCCCTACTTCATCGACGAGTCGATCACGATATCGCCGAGCAATATACACATCCAACCCTTCGCTTTTAAACGTAGGTTCGGAATCGAGTTGAAACCGATCTTGGGCAAATCCCGCCAACCGGTTTAAGTCACGATACTCGCGAAACAGCAAAAGCGCGCTTACGTCTTCACCGTCGAGGTCAGTAAAAGCCCGCACCAGATAATCGTCATCTCGTTCAAGTCCACGTCGGATCATAAGCGCTCGTTTGTGACTAAAGTATGGCACGACTGCAGACCAATCCTCCCCCACTACGATGATCACGCTGTCCTCGGGTAAATACTCCCGGAGAGCTTTAGTTACTGCCCACTCGTTCTCTCCCGCTCGGGCAAGCCAATCCTGGTATCCGGCGGCATAGGATTGGTGCAACAGGCCCAATGGTAACAGAACCAAGATCATTCTCAATAGCCGGGGCCATGCGTCGCACTCCAGCAGACCCACCATCGCGATACCGATGGCTACCGCCGCAAAAATTGCCGCCGCATAAAAATAGTAATCCTGGTCAGCATAAGCGTAGGGAAAGGCTACCTGCCCCACCAGAAACAGTGCCATGGTTCCCAGCAAAGCTACACGCCATCGCGCAGCAATCAACCAGCCTGTCAGCACTATCGCAACCACTGCGAAGGGAGGCATCAATGTTTCACTCCATCGTGCCATCATGCGCTCCCACATCGCCCAGTCCAACCAGGCTGTCACGCTGAACATTCCCCAATTCCCTCGTGACAAAGCTTCCGAGGTAAAAATCCAGCCCGATGGATGCGTCTGCTTGATCTCGTCGGTATGCCTAATCCACCATAACAGGGAAACTGCGGGCAATACCATCGGGCCAATTCCCCATAAGATAATATTACCGATAGCCGCCCCCACCTTTTCCTGCTTCCAGCTTTCCCATAATCGCCACGCTCCCCATGCTGCGGCGGGCACCAACCAAACAAAAAACAACACGCTTTTGATCAGTGCCGCCGCCGTCGCCGCCAACGTGCATAATAACCCCCAGCGCCAATCTCTTTGTCCTAGAGTGCGAACAAATGCCGCCAAAAACCACGCCGAGAAACAAGTCGCCATTGGATCAATCAAAAATGCCCGCGCATAGAACAGATAAACCGGGGTGCATAAAACCACCGCGAGAATCAACCAACGCGCTGCGACGCGCACTCCGATATCGCCCAGCAATAGAAACACTGCGCCGAGTGTTCCGTAAAAGCTGACCAATGACAGCATTCGTGCCGCTTGCACATTCGTAAGCGGCGTGAGGCGCTGAACCCCCACCACCGCCCACTGGTAGAGTGGAAACTCGAGCGGGATGCGCCAAGGCTTCCCCAGAATTGGCGTGTCGTAATCTACCGAAAAATTATTCTGCTTATCGATGTAACGAGCTATGATGGCCGTCTGCGTTTGCCTAAACTCGTGCCCGGTGAGCGCAGGAGTGCTCCAATCGCGGGTTACTATCCAGCCGTGCAGCAGCAGTGCAATCACCCCGACCGACATGTAAAACCACGCCGGAATTCGTCCTGCCTTCAAAATATACAAAGCAATTGCACTGACTCGGGAAAAGCCAGTTTAGAGGTATGACGATGAAACTCTGAACTGCAAAAAAACATCAGTGATAAATTTCAGAATCTCGGAAGCCTGAAATCCCCCGCAAGTCAACGAACTTCGTGGATGCCGCGACCCTAACGCGGATTCAAAATCTCCTTCGGCGCTGCAGAAACGCTGATCGAAATTCAATTCCGGAGCTCGGAGCCCAAAAACCGCGCTTTACTGCCCGATCTCAGACCGTTTCATTCGCAGGTTTCATGTTTGAAAACGACTTTTGCCGCTACTTCATCGACGAACCGATTGATTGGGATTTGACTCAAGAAATCGTAGATATCCGCGGATGGGTGTTAACCAAGAGCGGCGAAGAGATTTACGACCTGAGAGCACGTCTCGATGGAACAGATTTCTATGGCATAATGGGACTGGACCGCCCTGATATCCGCGACTTTTTCTCCGCCGGTGCCCCGGGGCTGAAATCGGGTTTCCGAGTCAACGTCCGCCCATGGCATGGCGCGCAGACGCTCACATTGGAAGGCATGATGAGAGATGGCAACTGGGTGGAGTTTTTCAGCACTCCCGTCACGACCTCGGGCGTTGATCTGCCCCCTGCCCGACCAAAGCCATTCGTCCGCAGCGAGGTGCTCGATGAGTCGCTATTCTACCTTTATCGACATTTTCACAGCGAACCCGGCCCGGCGCTGCGAGCGGAAGCCCGACGAGTATTGGCCGAAATTTCCATCAACCAGACCGAGATGCTCCCGGAAAACGACCTGATTGGTTATCTGGATTTGCCGAACTTCTGGGTAAACGCACATTACGAGAAATTCAGGGTGTCCGGCTGGGCATTTTCCAAGAATCAAGAAATTTCCCGCCTCCACGCCACCATAGGCTGTGTGGATGAAAATCGATTAGTGTGGGGTAAAGAGCGCGACGACGTGCTGCATCACAATCCCCACTATCCTCAGGCGTTAAAATCTGCCTTTTACGGTTTGGTTGATATCAGACCCGAGTCGATCAGCCCGGCCTGTCTCAAGATTTTTGTCGATTACCCCGACATGCCTCGGCAGCTGCTGCGATCGAAAAGACTCTTCGTAAACAAGCTGGACGAAAACTCAGGGCCCATTCCCTACTACAGCCATGTGCAGTTTTTCCGCGTCGTGACAGCTTTCGTGCGCGAAATTTTGCGCCACGGCTACGAATTGGAAAGTTGGTCGGATTTCCGCAAATCAGTTTTCCGCACCCGCGCCAAACTGGCGGAGAAGATGATCAAAGGCGGAAAGAAGACTAACACCCCGCCCCCCCCGACCCCATGGGAGCGAAAGGAGCCCTATGACCTGTGGTGTCACCATAACCGACTCACCCCGCGCTTGCTCAA
NZ_CP119075.1_gap55	2814381	2818214	3833	TTACGGTGCTAATCACAGCCTGCTATGCATGGACACGAGGGGACCGTCGCAACGCGCTGTGGCTTGCCGGTATATTCGGCGGCGTCTTCCTACTTGTTTGGCTGGCCTGTGGACAACCGCTATGGGCTCTCTCGGACTACGTGATCAACTCGTTGGACGTCAGTTCTGGCTATCAGGCCGCAATGGGGCTCCCCACGCCCGCGGGCCAACTAGCGCTCGCTCTAGGAATTTTTGCCGGCCTTGGAGGATATGTTGTTTGGCATCTGATCACGCAAAAAGACCACGTGCGCTCTGGTGCGATATTGCTGATTCTCGCGGCTTTCTTATTTCTCAATTGGAAACATGGGTTTGTGCGAGCAGACGGTCACATGCTTGGCTTCTTTTACTGCGCACTCGTTCCTGCCGTCGCCTTCCCCGCCTTGTTTGGTGAACAGAACGGTCGCCATCGCTGGATACCGCGGATCCTTTTGATAATAGCGGCATTGCTGAGCTTTACTGGCATGCGTCGCACCTATACATCCAACATCGACTACGCGGTAAATATCACCAACGAAAAGCTTCAGCGGAACATCCAAGCCTTTCTCAATTGGGATGACTTTCGTGCCAATCTAGAAGGGCAAATCGATCACTGGGAGCGCGAGGCGGGTCTCCCCAAGACGAAGTTATTAATCGGGAAAGACTCAGTTGACGTGCTGGGATTTGAACAAGCTATCGCCCTGTTCAACGATTTTAACTACACGCCTCGGCCGGTCTTCCAGAGTTATTCCGTGTATACCCCACATCTTTCCGAGCTCAACGCCGACTTTCTCGCGTCGGCCAACGCTCCGGAATTTCTGCTGCTTAAACTGCAAACCATCGATGAACGTCCGCTGTTAATGGACGATTCTCATCTCCTCGCCCTCTTCCCGCATCTCTACACGTTTCAATTATTGGAAAAGGATTTTTATGTCTTTCGCCGACGCGCCGAAATCCCTCCCATCGAATCACTGCGACCACGTCGGCTGCGCACACGAGATGTAACCATCGGCGAACCACTTTCGCTGGCGGAGTTTGGCCGCGAACACCTCTGGCTCGAGATCGACCTACCTTTTACTCTCCTAGGTCGTATCCGCAATTTCCTCTACAAACCCCCGATGGTGCACCTGCACGTGGTCGATGCCGAAAACCAGGTTGAGACTTACCGCCTCCCACTCACCGCGGCGCGCGCCGGTTTCCAGATTAACCCTCTCGTCACCGACTTCGCCAGCTACCTTGAAGCCCACGGCGGAGACGCGCCGCGCACCGTAAAATCCATTTCCGTCGAAGTGGCGGAATCCGACCGCCGCTTTTTCGAGGATCAGGCGCTTGTTTCGCTTTCCGCCCTCAAGCCCACCGCTTTGAAGACGGAATACGAAAAACAAACGGAGCGGGAGAAATTCTCGATGTTCTCCGAACTGCCGGTAGATTTTCTTTCCCAAACACCACCGTCGAAAATCGAAATCGGCAGTCGCGAAGCCTTGGTCATGCACGCCCCCAGTCTGATGGAATTTATCTTCCATGCCGGCACACGACACATCACCGGAGCTCATGGTTATCCACCGGGCGCTTACAGCGACGGAGGCGAAACCGACGGTGCAGTGTTCACCATCTCGTGGACTGACGGCACGGATCGAATTGAACTCTACCACCGCGAAATTGACCCGCGCAACAACCTCGCCGATCGTGGCCTACTGGACTTTGATCTCGACACCTCCCACCTGGGAGAGGGCCGCATCCTGTTTGAGATTTCGATCCGCGATAATCCCGGCTGGGACTGGACCTGTTGGTCCGATGTGACCATCGAGTGAGCAGCACCGTTCATCGCAGCATTTGGTGGTTCGCGGTCGGCGGCGCGTTGCTCGCGTTGGCCGCACACCTCGACTTGATCCGCGTATTCGGCACCGTGCTGCCCTATCGCGATCAGTGGCAGCTCACCGGCGTCGAACTGCTCGGACCTTGGCTGGACGGGAAACTCTCACTGCATTCATTTTTTCAACCGCTGAACGATCATTGGCCGGTGCTGACTCGAGTGTTGTCGTTCACGTTGATTCGACTCAACGGCCAGTGGAACAACCTCGTCTCAATCACCGTAAATGCATTGATCTTGACCGCGGCGATTCTCCTGTTTCTCCGCGCGTTACTTCCGGGAATCAGTGGTGTTTCGAGACTAGTTTTCGCCCTGCTCACCGGTGTCATCATGGCCCTGCCGATTGCGTGGCAAAACACACTTTGGGGCATCCAATCCCTTCCTTATCTCCAAATCCTCCTTTCCCTCGCTTATCTGCATTTGCTATGCACTGCGACCCGGATTGATTCCCGTTGGACGCTGGCCCAGGTCATCGGCATTCTGGTGCTGTTTACGCAACACTCTTCCATCCTTGCGCATGTGTCCATTCTTCCGATCTGCGTCTGGAAGCTATGGCGCAAAGATGGTGACGCCCGATTACATCTGTTTTCCTCTGGCGCGGCGCTGGCCACCCTGTGCGCATTTTTCCTGTTCTTTCCCGCCATCAAAGAGACTGCGCAATTTCGCGCCGATTCCGTCGCGCTAGCCGTTGAAGTTACCTTGCGCCAACTCGCCTTTCCCACGGGACACCCGGGGTGGGCGTTTCTAATCTGGGCACCGTGGCTGGTGTATACTATTGATGCTTTGGGGCGCGGTAGACTCACCGCACCGTCTGCGTTTGTGATCGCCGCCGGACTGTGGGTAGGAGGGCAGGCGGCGGCTATCGGCTATGGACGCGGCGCCGAGACCTACACGTTTGCCTCCCGTTACTGTGATTTCCTGGCACTCGGATTTATCATCAATGGGGCCGCATGGCTCATGCTGATACAGACGGGCATTCCTCATCGCTTGAAGGTGGGATGGGTAGCCTTGGGTCTGGCGTGGATGGTGGTGCCGTTGAAGGGATTTTGGTGGGAGGCTACGGAAAGCCATGCAGGCTTCAATCTCGCTAATCGCTTCGTCGAAAATCCAGCCAATGTGCAGCGGGTGCACGATTACATCGCCACCCGCGACCCCGCTGTGCTCTCACTGGAACGTGGCGGAAACTTGCTTTTCACCTATCCGCCCTCGGTCCAGATGCTGCTTGACCGGCCCCACTTTCGAGCGTTGCTACCGCCGGAGACCGGTGCCCCCGAAGCCCGGTCCGACCACGGTCGACTCGGCGGCCTCGCACGTTCGATTTATCAAAACCCGTTGATCATCGCGCTGCTTGGTTTTGGATGTTTGGGTGGGGGGTTGCTCTCTGGCCGCAGCGAAACAATCGCGAAAACGATGATGCAGGACAACCCATCCCGTTGGACACCAGCATCACTGCTCCAACTGGTCGGAGCTGCGGGCTTGATCGCTGCTGGTTTTTGGAGCCAATGGTATCTCCCGATGGAGTTCAACGCGATGAAGCGAGCTCACGCTGTGATCGAACCTGATGACGCAGAGCTCATGTTTGCTGAGCTTTCCTTTCGCCGCGAGAGCGCTGGGAACATCGATCCACTACTCGCAGCCGGCGCGACCTTGTCCGAGCCTGACATTTGGCGCCCGTTTACCTATGGCACTGCCATCAATGGTCCGGGCGGTTTTCAGGGCATCTTCGCGAGTGCCCCAATTCCAATAACGGACGACTACCTGTCGGTGCTTTTTACCGGTTTTCCCTGCGCGCACGGCAACGGGCTGAGATGGAAGTTAATCCCGCCGGCCAATGGCGATCCCGCGTGGATCGGATACGACGGCCCGAATCCCGAGTCGGGGTGGTCGACATGGACCATCGACGTGCGAAGCTTCCGCAACTGGACCGCATCGCTCACATTTTTTGACG
NZ_CP119075.1_gap56	2819351	2819856	505	GAACAAAAACCCGCCGTTTGCAGGGTTGACCATCGAGCGCAGTATTGTGGTTGCCGTTGTCCTTGCTGCACTCGGGTTGGGATTATCCTTCGAAGCAGTTCATCGCTGGAAGCAAGCGGCCTTCGGAAATCTATCACCCTCTGAAATTCTCCGTTGGGCGGTGCCTGCGGTAACTTGCTTGGTGCTGTCAATGCAGCTCACTCTAGCGGGATTCTTCGTCGACATGATGCGCCTTCGTCTTCGCCGATGACTAATCAACGCATTCCTCTTATTGTTGCGCTGTCGCTGGTAATGGTTGCCGCGATCCTCGCACTGGTTCGTCGCGGACAATCGATCATTGAGCTCGAACCCGCAGAGTTCGGAATGACGGAGCTGAACAATTTAACGTGGGATTCAACTTCCGGCTTTTTTACGGTCACAGGACCGGACCCGTTTGGTCACATTGTGCTGCCTGATGGTTGTATTCCTCTGCACGAATTACGCTTGGAATTTGAAGGACCACCTC
NZ_CP119075.1_gap57	2850102	2852460	2358	GCTACGCCGCCACCAACAACGCCGGCGCCGCCATGGCGACCGGCGAATACCTGGCTCTGATCAATAACGATTTGGAGTTCCTGCCTGGTTGGTTGGAACCGATGTTGGCCGCACTCGATTCGGATCCGAATCTGGGCCTCGTCGGCAATGTGCAGCGCCGGGTCAAAGACGACAGCATCGACCACGCCGGCATCCGTTTCCGGGCCAACGCCAAACTGGAACACATCCAGGAACTCCCTTCCGCGGCCAGTATCCGACGACGCCCGGTTCGGTTTGTGCCCGCGGTCACCGCCGCCTGCTGTATCGTGCGTCGCGAGGTATTCATGCGCCCCCGCCGCGATGGTCACATTCCGGCGCAGCCCGGATTTCGCGTCTCCTATCGCAATGGCGGTGAAGACGTGGACCTCTGCCTCAATCTCCTGGAGTGGGGTTATCGCGTGGCCGTGGTGCTATCCAGCGTGGTGCGCCACCACGTCAGCGCATCCCGTGGTGAAGCCCGCCCCCACGACGAAGCCAACAGTCGCAACCTCTTCGGTTACTGGCGGGATGTAATCATCCGTTACAGCACCGGAGACTGGGCAAAGCAGAAACTACGCGCCTGGCGCGAGGGCACCGAGGTGATGCCCTGGCGCACCGTTGTGACGGCGCTGCGCGTGCGCGCCGGATTCGTCAGCCGCACGCCGCGCTTGGCGTGGATGGAAATCGGCGCGGCCATCTTCTACGAGGAACTCCACTGGCGCAAAGTGCTCGGCCTGCCCCGTCCCCCGGTCGCGGACAACCCGAAGGACTACGTGCTCACCGGACTCAAGAGCGACACGTTGCAGCACGAGACACAGGCGATGCGGGAAAAGTTCACCGCCGTGTTGCCACCGGGCGTCATCGAAAAAAACATTTTCATCAACGGCTTCGTCCTCCCCGCCGATCCCGACCGACGCGAAACCCAGGGCGACATCGGACTTCGCCTCACGGTGAATGGCATTCAGACCGCAACCGCCTTCCCGTTGCCGGACGGCCATTTCAACTGCGGCATCGACAAACCACTTTTGGTCACGGACGAGCCGGTCCGCCTGCAGGTGGAATTGCTCGGGACCGATCGGGAGAACACCCTCGCCTGGCTCGGTCGCGTCACCGCCCGCTGGCCACTGCCCCGCACGTGGCGAGACCGTTTGGAGCGTTACCGGCCACAGGTTAAAAATCGCCGCATTCGCATCTCCCAGATCGTCTGCGACGAACGCCCGATTTACGATTTCAAGAAACGCCGCCCGTTGCGCATCGAGGCCCGCGAAAACAAGGAATACCCGCTCGGCATCAATGTCGTCGGCTGGTTGCGCGCCGAACTCGGCATCGGCGAAAGCGCCCGCTGCATGGCACGGGCGGTGGCGGCGACGGACCTGCCGCACGCTTTCGTCGACATGAAGCTGCCCTGCCTGAATCGCATGGGCGACCAGACTTTCGCGGCGCAGTTGCAGAAGACGAATCCGTATCGGGTAAACGTGTTTCACATCGATCCCCCGGTTTCCGGCGACATCGATCACCACCACGGCGACGCCTTTCGTGACAATCGCCGCAACATCGCCTACTGGGCATGGGAGTTGCCCGAGTTTCCCGACCAATGGGTCGAGGCCTGCCAATACTACGACGAGATCTGGTGTCCGTCCGCCTTCGTGCGGGACGCCATCGCCGCCAAGGTGCCGTTGCCGGTTCACGTGATGCCGCACTCCATCGACTTCATCTTGCCGGAGGGTGATCAACGACCACGCTTCGACCTGCCGACCGATCGGACCTCCTTCCTGTTTCTCTACGACCTCAATTCGTATCAGGAGCGCAAGAATCCGCACGCCGTCATCGATGCCTACCGACAGGCGTTCCCTGATGAAGCAGGCGTGCACTTGGTGATCAAAACCCAAAACCCCGAGCGCAACCCCGCCGCCTTTAGTCGGCTCAAAGCCGCCCTGCGGGGACTGAAGCACACCACGCTGATCGCCCGCACCCTCGAGCGGGAGGAAGTGCACGCGTTGGAAGCCGCCTGCGATGTCTTCGTCTCGCTACATCGTTCCGAGGGTTTCGGTCTCGCCGTGGCCGAAGCGATGTTTGTGGGCAAGCCCGTCGTCTCCACCGATTGGTCTGCTACGGCGGAATTTGTGCATGCCGAAAACGGCTGTCCGGTTCCCGTGGATCTGATTGAGCTGAGCGAAACTCACGGTCCCTACGAAAAGGGCCAGATCTGGGCGAACCCGCGCGTGGCCGATGCCGCCGACGCCATGCGCCGCCTTGCCGCCAATCCAGAGTTGCGTCAACGACTCGGCGCCGCGGCGGCACGGGATATTCGCGCCCAGTTTTCCCCGGCCGCCATCGGAG
NZ_CP119075.1_gap58	2919783	2923682	3899	AGGAAGTAACCGTGTTGCCTATACAACGCGTCGAGGCGGTCGAGCACGGTTTCGCCGCTGGCTTTCACCGCCGCACAGAACTCGGCAAACATGAGGCAGGCCGCGTTGCCGTCCTTGTCGCGCACGTAGTCGTTGGGCAGGTAGCCGTAACTTTCCTCGGTGCCGAACGCGTAAAAGGTGCTGTGTTTTTGCAGCAACTTTGCCCGGGCTTCAAACGGCGTCGCGTCGTAATCCAGACCCACGCCCTCGGCCAGCATGGCCGCCGTGAGTTGCTCCTCGTAAACACGCATCTTGGCGGCGATCCATTTGAAACCGGTGAGGGTATTGATGACCTTCACACCATGCCCGCGACCAATCGCGTCCTGCAGCGGTGAGGTCACAAACGTTTTGATCATCGCGACGTGCTCGGAACCTTCGGCAGGAATCCAGCCCAGTTCCTTGTATTTGCCGATCCGGTAGTCAGCGAGCAATGCCCCGATCTGGTTGCCGGTGAGCAGGTGCATGGCACCATCAGCGCCGCGCACCGCGCAGCCCATGCGATCACAATCGGGGTCGGTCGCGACGATGACGTCGAGGTCCTTCTTTTCCGCCAGTTCGATGGCGAGTTTGAGCGCCTCGGCATTTTCCGGGTTGGGCGATTTGACGGTCGGAAAACGTGGATCGAATCCGCTCTGTTCCGGCACTTCGCAAACCCGGCAACCCGCGTGGGCCAACAAAGGCACCGAGGAGACCCCTCCAACGCCGTGAATGTTGGTGAAGCCCAGACCGAGGTCCGTTTTTTTGAAGATGTCGGGATCGATCGCGGCTTTGGCGGCGGCCGCGAGATAGGCGTCGTCCGCTGGACGCCCCAACGTCACGACCCGATCGGCGGAGACGTCGAGGTAAGTCGACAGGGCGTTGAGCGGCACGGCGTTGACCTGATCGACGATGCCCTTGTCGTGCGGCGGCACGACCTGCGCGCCGTCTTCAAAGTAGGCTTTGAATCCGTTGTCGTGCGGTGGGTTGTGGCTGGCCGTGATCACCACGCCGGTGTGCGCGCCGAGCCAACGCACGCTGAAGCTGAGCTGCGGGGTCGAACGCGGGCCGTCGAAAATGAATGCGTTGCCGCCGAGTTGAATCCAGGTCGACGCGGCGAGTTCGCAAAAGTGGCGGGAGAAATGACGCACGTCGTGCGCGATGACGATGGTCGGCACCTCCGACCGGTCCTGCGCCGCAAGATGGGCGCTGACGTAGCGAAACAATCCCACGACCGCTCGCACCAGCGTGAAATCATTGAGCACATTGCAACCCGCCGCCGCGTGCGTCGGCGTGCCTTGGGGGCCGAGCGTGCCGGCTTCGACCGAGGTCACGACGCGTCCGATCGTGCGACCACGCATGCCACCCGTGCCAAAGGCAAGGTAGCGATAGAAACGGTCGTTCAACTCGTCCCACGCCTCTTGTTGAACGAGTTCACCGATGCTCTCGCCCACCCATGCCGGGAGATCGGCATCGAGCCAGGTTGAGATGTTTTCAACGGCGGACGGCAGTAACTTGCCGGCGTCTCCGGCAGCTTTGATTTGGTCGAGATGGCTCATGAGGAAAAGTCGGATGATACAACCGCAGATTACGCGGATTGGCGCGATATGTTCGAGAGAAGAGTCTTCAAGTTTACGGTGCTAACCTGCAGTCGGAATGCAGTTCATTCCAGCACCGTGCCAGCGCTGATGACCGGTTTCGGATCGGCGGCGGCCCACGCGTCCGCGAACGACGCTTCGTCGTAGCCAAACGAAGGCGCGACTTCGAAAACGATTTCCGGCAGGCCGGATTCATCGGTCGCGAGGTCGGCCCCGGCGGCGTTGGCCCAACGCGCGAATTGACGGAGCTGATCGTCGCGACTCGTCGCCGGAGAATCGACGCCTTCCGCGTTTTTGACCGGCGAAAAATCGTTGGCGCGCTTGGTTTCGATCACCACGGGGTTCTCGGCGAACGGCAGCGCATCGAATACAAACATCTCAAATTTAATGCCGTTGGGCGAAGTCGGATCCACCGCTTCGCCGGCCTCGTCGATGGTGGGAATCTTTTTGTTCGCCAAGTGGAATGGCAGCGCCGCGCCGCCGCCCCCCCGCGCCAGTCCTCGCACAAATTCGCGATCGAGCACGTGAATCGCAATACTGCCCGCCTTGTAGAGCAACTCTCCCGTGGTCGGATCGGTTTGCTCCTGCACCTCTGCCGGTAAATCCGAATATTCGACGACAACGGAACGCCCGTCCTGCACGCAGAAATGTCCGACTTTTTCACCGGCATAGGCCTTCGGCACCATCTTGCTCGACATCTGCGAACGTCGCTCGAGGTGCCAGCCGAGAAAGGCAGGATCGATGCAACGCACCAGCGGATTATCGACCTGAAAATAGCTGATCGTGTCCACGCCCCGTTCGGCCAGAAAATCGAGCGCGCCACTCCGATCCAGCGCCCGCAGGGATCCGCCGTGACCATCGGGTGACATGGCGATACTGCCTTTGGCTTCGAGCATGATCTTCCCGTCGCCATCCACGGCCGGCATACGGCCTTGGCGGAAAAAACGCACCTGACCATCCGCCAGCCCGAAATTCTCGTTTTCGGCAAAAAACGCTTCGGTCGCTTCGTGATTCTGGTGACTGGTCATGATCAACCACGGGATCTCGCAGCCGTAGCGTTGGCCGGCCGCGGCGATTTTTTCGGCAAACACCTGAAAGAGGGTTTTCTTTCGCACGGGCGTGACCGGAAATGTGCCTTTGGGCCCGTTATAACCGAGTCGGGTGCCCTGACCACCCGCGACCGTAAACGCGGCCACGCGACCGGCTCGCAGCGCCGTCTCTCCGGTTTGCAATGCCGTCGCCCACGCCGTCGCATCCCCCCCTTGGTCCGGCAAAGGTTCGTAGGGAGCGGGCGAGAGCGCAGCCAAATCGAGACCACCTTCCGCGCCGCCATCGATCAGGTCCCGCTTCAGCCGGGCGATCTCCTCCAGATCGATTTCCTCGGCCTGCCCCAGCAGGTGAGCCTGCTCATCGGGAGACAAAGTGGAGAAAAACTTGAAGACCTGGCCTTGGCCGGCGGCTTCGAAAGCGGAAATACGTTCGTTCGGAGTCATGCTAAAATCAGGAAGCGGCGACACTTTGAGGCGGGCCCCGGTCGTGCAACGTCATAAACGCAATTGCCGTGCACGTTGATCAGAGATTGCGGCAAAATCCAATTCCGTCTGACTGCTCGCTTCATCCCGTATTGATTATCTGATTTTCCGTGTCTGGCGTCCCTGAAATCGCGTTCCTCGCCCCATTTTTCCTCGTGTTCGAGTTGGTGCAACTTGTCGCCAGCGAACGACTCGTCGGGGTAAAACAAATCGAACGGGGCTCCGATCCGCGACTGGACGCCCCGAGTCAGCGGATGGCGGCGATTTGGACGATCACGCTCACCCTCTACTGGCTGTGGTTGGGCATGATGATGGTGCCCAACTTTGCCCGCGCCCACGTCATCGTGCTGCTGGCGACCTCTCTGGTGGGTTATGCCTTGCGTCGCAATGCCGGGCTGAAATGGATTCTCGTGATTCTGACCTTCGAAGGCGCGATTCGGATCGGCATCCTCGTCGCCCTGATCGGCCGCATCTGGCGGCGAATGTATTGAGCCGCGACGGACGCTACCGTCCGCCCCGCACCGGATCCGCCGCCGCATCGTCCGGCCCCAGGGAAGCCCGAAAAAACGCCTCCGCTTTGGTGACGAGTTTGGCGTATTGGGAATACTGCCCCGCCCACGAGTTGGGCACCGCAATGCGCTGAATCGAGCCGGGCTTGACCTTTCCGTTCACCGTTTCGGCGGAAAACTCGACCGCCAGTTTCGGATCCCGGGTGTGAACGACGTAATGATGAGAATCCCCCGCGGAGGAGTCT
NZ_CP119075.1_gap59	2928033	2929184	1151	AGAAAAATCACCGACGCTAAAATCGGTCTGAAATCGAGAACGCCCATTAGCAGCCAATCCTGACGTTGAGAAAAAGCGCACAACGCCGTTCGGCGCCAAATTACGATTATCTCCTAATAAAACCGCACGCCTGTCCGCCGCCGTGGGTTCGGAGCTGTGTCCTTGGCCACGTTTACGTCTACGCGCCCCTGCTCATGCACCGTTTGTAGAAATCGATGCACAACCGCTCAATTTCCTCAGGTGAACTCATGCTGGAGGCTTGGTCGGCCAGATCTCGGGCGTCGACGGCCGTCATCGCCCGGATCACAAACTTGCAGGCGGGCAGCAGGGGCGGCGTCATGCTGAGCTCGTCCACACCCAGCCCCACCAACAGTGGCACAAAGATCGGATCGCCCGCCATTTCGCCACAAACGCTGACTTTGATCCCGGCGGCATGCGCGTTCTCGACCACTTCGCGAATCACGCGAATCACCGCCGGATGCGACGGTTCATACAAGTGAGCCGTGCGATCGTTCACCCGGTCGATCGCAATCAGGTATTGGATGAGATCGTTGGTGCCGATGCTGAAGAAATCACATTCGCGCGCCAGAGAGTCGGAGGTGAGCGCAGCACTGGGGATCTCGATCATACTTCCGATCGGCATGGCTTCATTGAAGGGAACGCCCTCCGCTCGCAACTCCTCCTGGCACTCCACCAGCACCGCCCGCGCTTCGCGCATTTCCCGGGTTCCGCTGATCATGGGAAACATCAGGTGCACGTTGCCGTGCGCACTCGCCCGCAGAATCGCCCGCAGCTGCGATTTGAAAATATCCCGATGCTCCAGACAGAACCGAATGGCTCGAAAACCGAGAAACGGATTATCCTCCCGTGGGAACAGATGCGGCGCTCCAGTCATGGGCTTGTCGCCGCCCAGATCGAGCGTGCGAATCACCACCGGTTCCTGACCAAACGCTTCAGCCACGGTGCGGTAGGAACGCAACTGCTGCTCCTCGGACGGCACCACCGGCGACGCGAGGTAAAGGTATTCCGAACGAAACAGTCCCACGCCTTCGCCCGCGTGTTCTTTGACGAAGTCGACTTCGTCCTCCTTTTCGATGTTCGCGCGCAGCGGCACCGCATGGCCGTCCAAAGTCACGGACGGCTCCCCCACC
NZ_CP119075.1_gap60	2967393	2970558	3165	CCATTGTCTTTCAATTCAACTTCGACGCTGTCGGCTCCGGTCCTGACATTAATACGCAATTCCGTGGCGCCGGCTTCCAGCGCGTTGCGTAGCAGATTTTGCAATACGCGAGCCAATTCAAACCGCGCGCCGCGCACCACGGCCTTGTTCACCCCTTGAATCGAAATCGCCTGATTCCCGAAGAAGATGACCTTTTTCACCTCTTCAGTCAGCGCCACCAAATCAACATCGGCAAACTCGCTGGATTTACGCGTGGTCTGCCGCCAATTTTCCGCCAAGTGATGGCAATACTCCGAAGCTCGCTCGATAATTTCTGAATACTCTTTGATGCGTTCGCCGATCTCGGGATTGGTTTGTGCAATCGAATCGGCTTCATCGGTCAACAGACCCGAATACCCGATCATGACCGTCAACGGATTGGCCAGATCATGGACCAACTCCACCGACGCCCGACCCTGCCAGACCGAAGACTGCGTCTCCGACATCTCGCGCTTCAATTTATCGAGCATGAGGCGCGACGACAAATTCGCCTTCGCCTCTTCCCGCCGCACGACCGTGCCCGACGCCTGCCGCCGCACCGCCGAAAGCAGTTCTTCGATATCGGGCGGCTTGCGCAGATACTGATTCGCGCCGCCGACCATCGCTTGTTGGGCCGTCGCCAATGTGCCGTAACCCGTGAGCATCACGACCGCCACTTCCCGATCCAATTCCCGAATCTTGGCCAACGCTTTGATTCCGTCCATTTCCGGCATGCGGATGTCGAGGATGATCACGGCAAATGACTCTTGTTTGATCTTCGCCAAGGCCTCCGCCGCCCGTTCCGCCGTGTCCACGTCGAACTCCGTGCCAAGCGTGAATGCTATCGACTCGCGCGGGCCATATTCGTCGTCGACGACTAATACCCGGGGCCGGTCAATTTGCGTGGAAGTTTCGATCGCAGTTTCCGTAGCCATGGTTAACATAATGTGCGCTCCCTTAAGGCAGAAGTGGGGCAAACCAAGAGTCTGTTTACGCACCCGAAGAGATGCGCAGCCGAAAGCGGGAGAGCGGAAGTGTTTGCGAGGCGGCTCTGGCGCTGTCAAGTAGCGCAACAGGCACTCATTTGCAGTAACGCTGCATTCGCACCCTTTACATGGATTTTACCATAATTTTTACGATTCTGGCCGTCATTTTACTAGGGTATTTTACCCTGTTTCAACGTGGCCGCTTAATACTGCTTCGTTCTCAGAATGAACGTGATAGCATGGAGATCGAGCGTCTGAAATCGGAGCTGACGACGACCCAAACGGCCTACGAAACGGCCCGTCAGGCCCAGGTCCTGGCGGATCAAAAACTGGCTGCGTTGACCGCCGAATCCGCCACTCGTTTGCAAGCCGAACGCGAACGTTTTACCGAACAGGAATCGCGCACCAAGCAACACCTCGCCGACCTCGATAAAATGCGCGCGACCATGCAAACGCAGTTCGAGGCCGTCGCCGGCAAACTCCTCGACGAGAAAACGCAGAAATTCACCGACCACAACAAGGCGCAGGTCGATGCCCTGCTCCTCCCACTGCGGCAGCAAATCAAAGAATTCCGCGAACGCGTCGACACCGTCTACAAGGGCGACACCGAAGATCGCGCCGCACTCAAAACCCAGATCGAACAACTGCGGCAGCTCAACACCCGCATCACCGACGAGGCCCACGCCCTCACCCGCGCGCTCAAAGGGCAGGCCCAGACTCGCGGGGCGTGGGGTGAATTGGTGCTCGAACGTCTGCTGGAAAGTTCCGGTCTGCGGGCCGGCGAGGACTACACCACCCAGACCTCGATGACCAACGACGACGGTCGTCGCCTCCGCCCCGATGTCATCGTGCGCCTGCCCGATGAACGCCACCTCGTCATCGACTCCAAGGTCTCCCTCGTCGCCTACGAGCAGTTCGCCAACGCCACCGAGGACGACCTCCGCGCGTCCTCGCTCAAAACTCACGCCACCGCCGTGCGACGCCACGTCGACGAACTCTCCGGCAAACGCTACGACGACATGGGGCAGCTCAACACCCCCGACTACGTGCTCATGTTCGTCCCCATCGAACCGGCCTTCACCGCCGCGATTCAAGCCGATCCGGCCCTCTACGAATGGGCGTTCGACCGCCGCGTGATTCTGGTCACCGCCCCCACCCTGCTCGCCACCCTCAAAACCATCGCGTCGTTGTGGAAGCAGGACAAACAGACCAAAAACGCCCTCGAAATCGCCAAGCGCGGCGGTCTGCTATACGACAAATTCGTCGGCCTCTACACTGATCTGGAAAATATCGGCCAACATCTCGACCGCACGCGATCCAGCTACGATGACGCGTTGGGCAAGCTGCGCGACGGCCGCGGCAACCTGCTCGGCCAAGTCGACGCATTGCGTGAGCTCGGCGTCAGAACGCAAAAAAACCTGCCGACCTCCGACGAGTCAGCCTGAACCTTCGCGCCCGGCCTTCCCGCGCCGCCGGCTAATTCAACTCCCCGAAAATTCGCCGCGCGGCTTCGCGATCAAATTCAAGTCGCTGCGGTGGTCGATCCGTCGTCTCCAACGTGACCCGAGTCGTCGTGGCGGCTTCGGTCGCATCGTGGGCGATGAAACGCACCGTCACCGTGGTCGGGGCGGCCATGAATCCCTGCGCCGTCACCGGCACCTTGATACGTTGCGGCGCCAGCCCCACCAAGCGTCGGTCGACCAACACCATCGCGTCGGCGTCCGTGGCGATGACGTTAATCTCACGATGTAGTCCGGCCGTCGGTGACCCCAATTGAGCTGCGATCGGCTGCGCGATTTCCGCCCGGGTTCGCTGCGACGTTCCACAGCCCAGCACCATAAACACCTTGAGGAGCAAGAGCCCCACCATCACGGATCGCAGCCAGCGGTTAGTCGTCACGCGCTCCGAGACCGCCGCCGCCCCTCCTGAGTTCCCGGAATTCTGCGAAGCCGCAACCTAGCCTCGCGTTGGCGTCGGAGTTCCTCCCAGCATGATTCGCCATGCCTCGCTACATCGCCTTCCTTCGTGGAATCAATCTGGGGCGGCGGCGCATCAAGATGGACGCACTCCGGGCCGTGTTCGAAAAACTCCCGGTCACCGATGTCGCCACCTACATCGCCAGCGGCAACGTGCTCTTCACTTCCACCGCGCGCAGCGCGAC
NZ_CP119075.1_gap61	3052597	3053890	1293	CATCCGCCGAAGCACGCGTCGCCGCGCAACATTGCCTCGCCGACGTGCCGCTGACGCGTTTTCTCACCGATTTGCTCGTCCCCTACGACACCGATGAAGTCACGCGTCTGATCATCGATACGCACGACGCCGCGGCCTTCGCGCCTGTCGCCAATCTCACCGTCGGCGCGTTTCGCGACTGGCTGCTGCGCTACGAAACCGATGCGAGCGTCCTCACCGCTCTCGCCCCCGGACTCACTCCGGAGATGGTCGCAGCCGTCACCAAGTTGATGGCCAACCAGGACCTCGTGCTGGTCGCGAAAAAGTGCAATGTGCGCACCGCCTTTCGCAACACCCTCGGCGCCCGCGGCACGCTCGCGGTTCGTCTCCAACCCAATCACCCCACCGACGACCCGCGAGGCATCGCCGCTTCGATCATCGACGGACTTCTCCACGGTTGCGGCGACGCCTGCATCGGCATCAACCCCGCCACCGACAACGTCGACTCCACCGTGACGCTGCTCCGTCTCCTCGACGAACTCATCACCCGCTACACCATCCCCACTCAATCGTGCGTGCTGTCCCACGTCACCACGACCATCGAAGCGATTCAACGCGGCGCCCCCGTCGACCTCGTGTTTCAGTCCATCGCCGGGACCGAGGCAGCCAATCGCAGCTTCGGCATCGACCTCGCCTTGCTCGCCGAGGCGCACGACGCGGCCCGATCACTCCAACGCGGCACCGTCGGTCGCAACGTCATGTATTTCGAAACCGGCCAAGGCTCCGCCCTCTCCGCCGAAGCCCACCATGGCATCGATCAACACACCTGCGAGACACGCGCCTACGCGGTCGCCCGAGCCTTCGATCCTTTACTGGTCAACACCGTCGTCGGTTTCATCGGCCCCGAGTATCTTTACGACGGCAAGCAGATCATTCGCGCCGGGCTGGAGGACCACTGCGGCGGCAAGCTCCTCGGCCTGCCCATGGGCGTCGATGTCTGCTACACCAACCACGCCGCTGCCGACCAGGACGATATGGACACCCTCCTCACCATGCTCGGCGTCGCGGGTTGCAACTACATCATGGGCGTGCCCGGAGCCGACGACATTATGCTCGGCTACCAAAGCACCGCGTTTCACGACAGCCACTATCTCCGCCAAGTGCTCGATTTAAAACCCGCGCCCGAATTCGCCGCTTGGCTGGACAAAATGTCGATCACCACCCCTACGGGAAAACTTCAATCCGTCACCCCCAACCACCCCTTACTCAAACCCTGAGTATCGTCGCTTTGGCGCAGAAACATAAGGGTTTAGC
NZ_CP119075.1_gap62	3131009	3131821	812	TCTTCTCCGGACCCACGATCCGCGCCGAAAATGACGATTGGAACGAGGCCGCCAACGCCTCCGTCATCGCCGCAACCGCCCAAACGCTGGGCGGTTTTTCTTTGCCCGCAAACAGCGCCGACGCCGCCGTCTACGCCGGTTTCGAGCCCGGGGCCTACACGGCCTACGTCAGCGGATCCGCCGACACCGACGGCGTCGTCCTGCTGGAGATTTACAATACCGCCTCCGTCCACTCGCGGCTGGTCAATCTCTCCGCTCGCGCCGATGCCGGCACCGGAGAAAACGTGCTCGTCGCCGGCTTCGCTCTCTCCGGGGATGGTGCCACGTCCCTGCTCATTCGCGCTGTTGGACCCCAGCTCGTCGACTTCGGGGTGCGCAACACCATGGCCAACCCGCAACTCACGCTCTTCGACGGCACCACGCCCATCCTAACCAACGACGATTGGTCCAATGCCCCCAATCTCGAAGCCCTCACCGCCGCCAGCGCAACCGTCGGCGCATTCCCGCTTGATCCCGACAGCCACGACGCCGCTCTGTTGGTGAGCCTCATGCCCGGCACCTACACCGCACAAGCCAGCGGTGTCGCCGGCACGACGGGCAACGTCCTCGTCGAGGTCTACGCCGTCCCCTGACCTCAAGACCCGAACGCGGTCTGCCTTCAACGTTTTGACGACGTCTTCGGTTCATCACCTAACGGTCAACTCACCCCTTTTTTGCTCCCATCCCGCGGAGTGCTAGTCTCCGTCTCACGACAGACGACTGCTGTCCCCGCGCGCGTCCATACGCTCTCGGTTACCTTCCCTACCCCATCA
NZ_CP119075.1_gap63	3136411	3138868	2457	GCACGAACCCGAGCACGCCATGGGCATCCTCAAACTCCTGCTCCGCCCCGAGCGCACGTATCCAAATCTCTTTGACGCTCACCCGCCGTTCCAAATCGACGGCAACTTCGGCGGCACCGCCGGCATCGCCGAGATGCTCCTGCAATCCCACGGCGGTCGCATCCAGCTCCTGCCGGCTCTGCCGGCCGCCTGGCCCACCGGTAGCGTCAGCGGACTGCGCGCCCGCGGCGGCCTGACCGTCGACCTCACGTGGCGTGACGGCCAACTCACCACCGCATGGTTCACCGCCAACCAAGACGGTCTTTTCCCCATCCGCACCGCCGACGGCCACGTCACCGAGGTCACCCTGCGGGCCGGTGAACGCACCGCCTTCAAACCCGGCCAACCGTAACCTCCCAAGCCCCGCCGAACTCACTCCGTCGCCTCTTCGGCCTCATCCTGATATGGGGAGTGGGTTTCTTCAGCGGACGCTGCCACCTCCCCGCTGGATTTACAACGTTCTACGGCGCCACCGCTCGGATGTCGTCATCACCACAACCAGCGATCAAGGCGAGGCAGGGCATGGCGCAAGTTAATCGAACGCACCCTACCAGGCACAGGTCTGGTCAGCCTCGGATTGCGGGAGCCCAATGGGGACTTCGCCGGAGTCTGGCAGAACCACGCCCGATTGGGCGGCTTGGCCGTGGAACTCTTAGCGGCCAAATTACAACGGAACGAAATGGGGAGTCACCACGCCTCCGACGCCCACTTGGTGGAAGGCACTTGGGTCGACGGAACTTCCCTTGCTCAACGCAAAGGCCGTAACGCTCCCAAATAAACCGTCGAAGTCATCTCCATGCGGCGGAGCGCGGGCAACCGCGGCCGGGTTGGAGGATTCCTTTTGCAACGATGACGTCGCGCTCGACTTGCAAATTGCGCGGCGCGACCAAGGGCAAACCGGTCTTTCACGTGACCGTCCACGGCTCAGGGCTGGAATTTCGCGCCTCGTCGCAATATTTAAGGCATTGGATATCTGTTTTTTACCCACGCGACGATCGAATCGAAATCACAAAGCCAACCAAAACTGGCGCGCCAAAAGCTGAGTTACGGCAATGCAAATGGCCGCTTCCCCATCATCGCTTAATAAACCCCTCACTCTCACCGTCCGAGTGGGATGCAGGCTCAACCTTTCCGCACCGGCACCAGCATCCATCCTGTTGGATATCAGACCCGAGGGTTCGAGCGATGCGGTGTTGCGAGAGGACACGCTCTGCACTCGTCCTGAGATCAATCCCGAAAAGGTGGCGCGAACGGACGGCCTCGACCTGCTGCGCTTTACCTTGCCCGTGGGTGAAACACAGGTGAGTCACGATGCGATTTTCGAAGTGCCCTTCCGACTCGATCACGACGGAGCGACCGATTTGCCGGCGATCGCACCGGAAGCCTTGCCCGGCGATGTCATCGATTACGTGCGACCCAGCCGGTTCTGTGAATCAGATCGCTTGGCTGATTTCGCCTGGCGCCAGTTCGGCAACGTGCCCACGGGCTGGGAACAGGTCAAAACGGTATGCACGTGGGTGCACGAGCACGTCGAATACCGGTTCGGAGCCGGGCGCAGCGATCTCACGGCCTGCAACATTTTTGAACAACGCTATGGCGTTTGCCGGGACTTCGCCCACCTCACCATTGCCTTGTGCCGCGCATTGAATGTGCCCGCGCGCTATGCGTCCGGACACCTGCCGGACATCGGCTACGACGATCCCGGCAGCCCGATGGACTTCCACGCCTACACCGAGGTATATTTGGGCGGACGCTGGGTGCCGGTCGATGCCCGCTACAACGTGTCTCGATTCGGTCGCGTGCGGGTGTGCCATGGACTCGATGCCGGCGACTGCGCGTTTCTCACCAGTTTCGGGACAGTGAATCTAAACCAGTTTCAAGTTTGGGCCTACCAAATCGAAAACGGGACCGGCTCGACCAAAACCCCCGTCGACCTGACCCAGCGGCTTGATGGCCAAACAAAGGTATTTCACCGCTTGGCCGACCGACCGCCCGTCCCCACCCCACGCGACACCCCCGCGAATCACGTCGCCGCGTAGCAACGCCCCCACCTCTCGTTCGGCGAGCACACCACGACATCGAACTCGCCGACGTCCCGGTTCACGCCCCGCGCTCGTTTGATCGAATTGAGTTTCCCCATCGAGGGAGTGAAACCAGTGGTGACGCCCTCTAGCCCGGGTGCTGAAGGCAACCCCGTCGCGCCGTAGCCGGTGGGGCGTAACGCTCCCACCTAACGGTCAATGATCTGACACCGTGCCATCGTCCGGCCTTTGCCCGATCTTGCGTAAGCGTTCCTGCTGCAGGTTCTGTCCGCAGAACGCATTCGCCCCGCCCGTATCTGTTCCCGATTGCATTACGAATCCGTCATCACGGATTCATGGCCTCCTCCGGGACTTACCATACCTCGTTTTATCTATT
NZ_CP119075.1_gap64	3141094	3144907	3813	CGATGGCTCCCGTGCGCGGGAAACGATCACCGCAGATGGCGAGCATCGTCGGCCAGAAAAACGTCTTGCCCACACCATAAATAAGCAGCGCCACCACCGCCCCTCCGAACGAGGTGATGCCACTGGTGAGATTCAGTCCGATGAATGCAAAGATCGCGCAGACACAGAGCAAACTGACCGGTGACAGCCGCAGATTTTTTTCAATCCACCCCGCGCAGAATCGCAGCAGGAACATGGTGAGCGAGGTGATCACGAACAGGACTTTGCCTTGCTCGGAGCTCAGGATGTTACCCGTGATATTCTGAATCCAACCGTCGGTCCCTAATTCCACCGCGCCCACCAGAATGTGCGTGCCGAAGAGAACGAACAATACCACTGAACCCACGGCAAAACTGGTGATTTTACCGATCACACCGACGATCACAATACCGCCCACAAACAGCAGCCAGGTGGGAATAGATGGAAAGGTGGCACTGAAGAACAACGCGAGCATAGCCGCCACCACCACGCCGCCAAGCAACCCGACATCCTTGAACATCTCTCCCAGTCCCAGCCCGCTTTCGGCCGCTTCTGATTTGGGAAATTTTTGACCAAGGAACATTGCGCCGTAGATGACCGTGGGCAGCAGGAACATCACGAGTTGCAACTTCCAGGAGACGCCCATGCGATCGTCGAGCAACCAACCCAAGGCCCCGCCCAACACCAGACCGAGAGGCCAGGAAGCGTGCAGAATGTTGAGATAGTGCGTGCGGTTCTCCGGGAACAGTCGCGCGACCAGCGGATTGGCCACCGCCTCCAGCGCCCCATTGGCGAGAGCAAAGATGAACGTGCCCCAAAACAGATATTTGTAGGCCGTCGCCATACCCATCTCGGGCGCCGCCGTGAGTGTCACAATCGCCGAAAGCGCATGCAGCACAAATGATACGACAATGAGTTTGCCGTAGCCCAACTTGTCGACGACCAGACCACCGGCAAAAATCCCGAAGCAAAATCCAGTGAGCCCGGCCCCACTGATCACACCGAGTTGCGTGGCGGAGAAACCGAATTCGGCCCCCCAGTTGTCGAGAATACCGCCGCGAACGGCGAAGCCGACACCCGTGGCAAGAATGGCCGTGAAGCCGGCCCAGAGCAAACGTTGGGGGTTAATGGGATTTTCCGACATGGGGTAACGGGAGTTGAGGACGTGAGGAACGAAAACCGCTGCGAGCCGAAGCCCGCGCTAGTTCTTCGTGTTAAGGGTTTGGATATACGCCGCGAGATCGCGCATGGCTTGCTCGTTAGGCACGGTCTTGGCCATGGCCGCCATCTGCTGGCCGGTCACATCGCGCGGATCTGCTCCTCGCACGCCATCATGGAACAACTTCAAATGGTGCATGAGATACCAGTCCTGCTTCCCCGTGAGTTTCGGGGCGCTGAGTTCCCGATTGCCCGCGCCGTCGGCACCGTGACAAGCGGCGCAAGTCGCATACAGGGCCTGCCCGGCAGCGGCATTGCCGGTCACGGTCGGCTCAGGCATGACCGGATCGAGCGACGACAGATAGAACGCGAGGCTGGAGATGACGAACTCCGCCCGGGGATGCGTATCGAGGAATTCCAAGGCGCTGCGCATGGCGATGCCGTTGGCGTTTTTGAAGTGGGTGCCACGCAAGCCGTGCCGGAATTTTTGCAGCTGCGTCTGCACATACCAATTCTCCATGCCGCGCAGGGACGGCGCGCCGACGCTGGGGTCGCCGCGTGCTTCGGAGCCGTGGCAAGCCACGCAGTTTTGCAAGTAAACGCGTTCACCCAGTCCACCCCAATTACGATCGCTGATGACCGGGGTGAAGGTGTTTTCCTTCAGGAATGCGGCGTAGGCGACTTCATCGATGTTACCATAGTTGAGGTCGAGTCCGCCGGCCCGCAGCCTCAGGCGCATCTGGGCGTCGCCATCGAGTCGATTGACAAGTTGCTGCACCAGCGCCGTGTCGGCGGGTGTCGGCTCGTGGAGCTTCGTCTTCCAGGCATCGAGCAAGGCGAGACTGATGGGTTCAAGCGAGGAAGCCGGTAGGTTTTTCCAATCGCCGAGCGCGGCGGCGTAGTCACCCTCCACCAACGCGAATTGACGTTTGGCCACCAGATAGTCCGGAGCTTCTTCCACTTTGGCAAAGAGAGCAAAGACGCTCTGCTCAGCCGGGGTCGGATTGGTCAGCAACTCCGCAAAGTAAGGCGCTTCATTATCGAGCACGGCATGGGCGAAGGCACGCGCCAACCAAGGGTCGGACGGCAGCGACGTGCGGCGCGCAAACAACATGCGGGCATTGTCTTCCGACGGAGGCAGCAAGCCGAGCGCCAGCAGGGATTTGAGGCGGGTCTTCGCGTCGGGGTCGTCGAGGAGCGAAGCCGCGCGTTGAAGGTTCGCCTCACCGCCAGCTTCGGTCAGCGCCATGACCGCGTTCTTGCGCACAGATGCCGCCGGATGCGACAATGCCCGTTCGACCGCGCGCTCGCCCGCGGCGGTCATAACATTGAAGGCCCCGAGACCGTGCAGTGACCAGAGCGCATGGATTACACGCGGGCTGATACCAATGGCGTCAACCGAACGATCCGTTTCGACGATTTCCCGCAACCGCGGGATGGCGTCGCGGCGCTGTTCGCGCACCAGTTTGCGCTGAGCGGTCATGCGCCAGAACATATTGTCGTTGGAGAGTGCCGCGATAAGGTCGGCAGTCGAAGCGGCGGAAAGGTCGAGCTGTCGCGACGGCTGGGCCGCTTTAGCGACGAGTCGATAAATGCGACCGTGTTGACGATCGCGCAGCGGGTTCTCGTGCGCATTACCCGCGCCCATGCGACCTTCAAAGCCAGCCGATTGCTCGGAGGGACGAGGATTGTGCTGGATGATGAAGTTATACCAATCCGCAATCCACAGCGCACCGTCGGGACCGACTTCGGCGAAAACGGGCGAGAACCACTCGTCCGTCGAAGCGACGACGGAACCGCGGTTTTGGCCGACGTAGGTCGAACCTTCCTCCTTGAGAAAGAACTCGCCCAACAAGTGGCCGGTCGGACCGCCGATAAAAGCGCCCTTGTTCCAAAAACGCTCGGGGAACGCACGCGCGGTGTAGAGATTGAAGCCCGCGCCGGCGGTGTAGCGACCGTGCCAGTCGACCTGCAAAAATTTGTCAGTGGCGGCAAAGAACTGGGTGAAGTCGTCGATCTTCGACGCGAGCTGCGGCGGCAGGGCGTCGTGCCGGTCGTAGGTGAAAGCGCGCCAGAGCGGCGCGTGCCAGGCCGGGGCTCCGTTGGCGGTCGAGCCGAAGATTTCGAAGTCTTCGCTCATGCCGAGTCCCCACGTGTTGTTGCTGAACATACCCACCGGTTCGACGACGCCGCTGCTCGGATCCATGCGGAAGACACCTTGGCCGAACTCACCTTGGGTCGATTTTTTGGCATCGGAGTAACCCACCGCGCCCCAGATTTTATTGTCAAAACCGTAGCGCAGATTGGACGGCCCGGCGTGGGTGTCTTCGACGCCCCAGTCCTGGTTGATTGCGTAGCGCACGTCGGCGCGATCGTCGCCGTCGCTGTCCTTCAGGAAGAGAAACTGCGGAGCCTGCGCGACAATCCATCCCCCGTCGATTGGCGTCAGACTGGTGGGGATGTTCAAACCGTCGGCGAAGACCGTCGATTTGTCCGCCTGACCATCACCATCGGTGTCTTCGAGAATGAGAATGCGGTCGTCGCCTTGTTGGTTTGTATCCACTTCGTTGGGATAATCGATCGTCTCAGCCACGAAGAGCCGACCACGCTCGTCCCAGGCCAGGGCGATCGGATTGA
NZ_CP119075.1_gap65	3262708	3267243	4535	TGGTTAGCACACTGACCGAGGTGCCAATATCTTTGAGTTCAGTGCGAAGGCGTGTGCCAGCCAGAGTGCTGGTGGCCATGTAGCCCTGCTCGACTGTGCCGTCGACGTTGAACGGATTCAGTACAAAAACTTCTTCATCGATAACGGCGGATGGGGTTGCCTGAGGCGCAGCCTGGGCTGTCGCTCGTTGGGTGCAAAATACCGTCAGCCCGACGGCGATGAGAGAAAGCCCAAACTTTCTTGAGCAAAGGGATGGAAGCATAGGTATATGGGGTTGAGCCAAGGGTAGTAGCTAGCGGAAGACCAGACAGGCACCGCCTTCGACCATCACGCATAGGTGTCTAATCCCATCCCGACAATTTAACCAAAATACATCCTGATTAACTTCAGGGGCTTACCAACTAAATGCGTTCACCCTTTAGTCCCAGCTTGGGCACGGGTTTTCACCGGTAGCGACGTGCCCTCATACCACTGGGGCGCGATCAATACACGTCGTTGAACCGCAGGCGGGCCCCATTCGTTTTCCAACATCGCGGCAATCAAAGAATCCACTCCTGTCGCACTTACTTCGGCCTCATGCCGCACGCAACCGCTCATATTTGGACACTCCTCAGGAATTGCCACGATACCTGCTACCGCAATGTCTTGAGGGATGCGCCAACCACCCTCAATCAGCCAATCGTAAACTCTCGGAACCATCGCCAGCAAAACTTCCGGTCGATAGCGACGCACCCACTCCAGGAATGCATCCTTATCCTGAGGTCCAGCAGTGAGTAAGGGAACGCGCTGACGTGTCGTCAGCGACGCCAATTGCATTGCCAGACAAGAACCGATTCGCTCCGCGTCATCCAAGGCTTCGGGGGAATGCCTGAACACCGCCCCACCGATACGACGATACCCGCGTTCCCAAATCATACGCCAAACATAGCGCGTCACTTCAAACATATCCGACGCCACCGCATGAAAAGGCACCGGCGTGTAACCTGCACCTAGGCAAACCACGGTGAAATGCTCCACCGGCATCTCTTTGATCGCCGGACCATCAGACGGCGGTAGTTGCGGCATCAATACACCCCGAATACCGCGAGCCCGCAATACCCGCATGGCGCTTCCGATTTCGTTATACGGCGCGAGGTCGAACGCCAACAAACCATAACCCCGTTGTTCGGCTCGTTTTCGTGCGGCATCCAAGAATCGCCGCTGCAGCGGCATCGTTGCGTAACGGCTGTCGACGATGTAAGCCAACACCGACCCGCTGCCCGTTTCATGTCCTGCCCACCGTTGCCGCGCTAGGGTCGCCAGGGCCGGATCGGGCCGGTAACCCATCTGCTCCGCAAGTTCGGCCACGCGCTTACGAGTCGCTACCGCGATCCGGGGATCGCTCCGGAGAGCCAAGGAAACCGTCGACTTGTTGATGCCCAAACTTTGAGCAATGTCCTGATGAGTCACCCGACGTGATCCCGGACCATTTGTAACAACGGGGCCGGCGTCTGGGCCAAGAGGAGAACTCGACTTGCGTTTATTCATCAGGATGCAACGCGCCTAAGTTGATAGAGACAGCCGTTAACGGTCAACCTCGAGAGCGATTCATCCTGATGTAATTTACCCCACAACGCACATGAAATCCGTCACGTTCTCACCCTCTTTCCCAGAGCCGATCGTCACACGGCCTTAAGCCCAGTCGCGAGGCCACAGAGCTGACCTTCTATCGTGTGATAAATTCACGACATAGCGGTTGACCCTAACATGACGAATTCGTGAACCAGTCCCGGCGCTGCAATCATCCCCATGAAATTCCCCCTGTTACTTCGGCTTGTCGGCACATTGCTCAATGCTTCGCTCCTGGCCGCCACGGAGCCTGCGGCCAATGAGGATTCACCGCGCCCACAACCCAACATCCTCTGGATTACCAGCGAGGATCACGGCATTGAGATGGGGTGCTACGGCGATGCCTTCGCCACCACCCCACATGTCGATCAACTCGCGACCCAGGGACTTACTTACCGCTTCGCCTGGTCCAACGCCCCCGTCTGCGCCGCCGCCCGCACTACTTTGATCACGGGCGTTTATCCGACGTCCACGGGGAGCGAACACATGCGCAGCCGCGTGCCATTTCCCGCCGGGATCGAGATGTATCCCCAACTGCTACGTAAAGCTGGCTACTACTGCACCAATAACGCCAAGGAGGATTACAATCTCAACCAGCCAGGCCGGGTCTGGGACATTTCATCCCCCCAGGCCCATTGGCGTGATCGACCCGCAAACCAGCCTTTTTTCGCCATCTTCAATTCCACGGTCAGCCACGAACACGCGATCCGCACGCGTCCTCATAGCCTCGTGCACGATCCCGCTCAGGTGCGCGTCCCGGCCTACCATCCCGATACGCCGGAGGTCCGCCATGATTGGGCCCAGTATTACGACTCGGTCTCGGAGGCCGACACCATCGCCGGAGATCGCCTCGCTGAGCTCGCCGCGGCCGGGCTCACCGACGACACCATCGTATTCTACTACGGGGACCATGGTTCCGGCATGCCTCGGTCCAAACGCTGGCCGGGTAACTCCGGACTGCGCGTGCCTCTTGTGGTCTACATTCCGCAAAAATTCCGCGACCTGCGCCCTCCGGAATACACCCCCGGCGGCATGTCGGATCGCTTGGTGAGCTTCGTCGATTTCGCGCCTACCCTGCTCAGCCTCGCCGGGGTTAAGCCGCCCGCCTGGATGCAAGGCCACGCCTTTCTCGGGCGGTATGACACCCCGCCCCAACCTTTCTTGTTCGGGTTCCGCGGTCGCATGGACGAACGCTACGACCTGGTGCGCACAGTCACCGACGGCCGTTTCGTTTACCTGCGCAACTACCTGCCCTTCCGACCGGCTGGCCAACACATCGCCTACCAGTTTCGCACCGACACCACCCGAATCTGGTGGCAGCTGCACGAGGCCCACGCACTCTCCCCGGAGCAGGATGCCTTTTGGCATCCCCGGGCACCCGAGGAGCTCTACGACCTGCAGACCGATCCCGACGAAGTCCACAACCTCGCCGACTCGCGCGAGTATCAGGAAATCAAAGCCCGCCTCCGCACCGCGCAGCAGGCGCAGGCCCGCGCCACCCTCGATGTAGGATTCCTGCCCGAAGGGGAACTGCACCACCGCGAACCCGGCGTATCGCCCTACGCCTTTGCCCGCGACCCCGGCGTTTATCCCTTCGAGCGCATCTTCGCCACCGCTGAGCTCGCTTCCCTGCTCGACCCCGCCGCGATCCCCGAACTAGTGCAAAGACTGAGCGACACCGATAATACCGTGCGCTACTGGGCCGTGCTCGGCCTGCTGATGCGTAAGTCCGCCGGGGGACCAACCGGCCGCGACGCCCTGCGTGTCGCCCTCCATGATTCCTCGCCCGACGTGCGCATCGCGGCGGCCGAGACGCTCGCCCTCTACGGATCCCCTGCGGATCGGACGATGACACTCGATCTGCTGGCCCAGGCCGCCGATCCGACGCAATCGGACGCCCTCATCCCGATGGCCGCCCTCAATGCCATCGACGATCTGGGGCCTATCGCGCTCCCCATTCGCCCCATCCTCGCCGCCTACGCCGCGCATTCCGAACAACTGCCTCCGGACCGTTACCTTGGTTATTTGCAGAACCTGCTCGCGCGCTACCAACCACCGGCGGCCAGCGATCTTCAATGATCTCGTGCTCACCTGGTCTCCCCCCATGCTCTATCGCCCTCTTGCTGGCCTCGAAGCGGTTTCCGCGCTTTGCCTCGGTGCCGGACCCTTTGGTTCCCAGCTTCCCGCCGCCCGCGCCTACGATCTGCTGGACGCCTTCGTGAACGTCGGGGGCAACTTCATCGACACCGCCCACATCTATGGCGCCTGGGCACCGCAGGGCGAAAACGGCGGCTGCGGCAACAGCGAGGTGACCGTCGGCCGTTGGCTACGCCAGAACGGCCACCGGGATCGGATGATTGTCGCCACCAAGGGAGGACATCCCGACTTCGCCACGGGTGAGACCCGCCTTACCCGCGAAGGACTGCGAAGGTTTCGCGCATGCGCCAACTGGTCGAGCATGATGTGTCGAAACCGTGTTACATGCCAACCGTGTGGGGCTTCGGCTAGTCGGTGCTAAAGAAGCCCACATGGTCAGGTGGTGACGTAAGCTGGGCCATAGGGCCGTTAGTCTGGAAGTCGCTGACTCTGACGCCTTAGGACACGAAAAAGCGCCTAGTGACATCACTAGACGCTTTAAGAAAATGGAGCGGGCGAAGAGACTCGAACTCTCGACAGCCACCTTGGCAAGGTGGTGCTCTACCAACTGAGCTACGCCCGCTTGAGGGAAGGCAGACAAGAATGAGCCGGGCTGCCTCCGTCAATAGGTTTTTTGGTGATAATTTCGGATCACTCGATGACCTCCAAATCAAATACCTGTTGATTACGAGCCGATCGCGGCAACGGCACCAGTCCGCTCGCCTCCAACGCCGCCGAAATTTCATCGCCATACCAGTGGCGCAACCAGGGTAATAGCGTCGGCGCGCGCT
NZ_CP119075.1_gap66	3291350	3294598	3248	AAGATCCTGACTCCCAAGCGCCCGTCCCCCGCGGACGAAACCGACCTCGAAGCCGAGTTTTTCGACGAAGTAGCGGATGAACTGCCTTCGCATCGCCAGTTTGCCATCACCAGTGCGTATCAGGGGCAGGAGGCTTTGTTGGCCGTCAAGGAGAGCATCGAGGCATCCGACCCGTTTCAAGTCGCGTTCGTCGACATGCGCATGCCTCCCGGTTGGGACGGTCTCGAAACCATTCGGCATATCTGGGCGGTCGACCCCAACATCCAGGTGGTGATCTGCACCGCCTATTCCGACTACACGTGGAAGAACCTGCACGATGAGCTGGGGCCGTCCGACAGCTTGATCATTCTCAAGAAGCCGTTCGACAACATCGAGGTCGTCCAACTCGCCCACGCCCTCACCCGCAAGTGGGAGCTCGATCGGGAGCATCGGAACAAAGTCGAGGTGCTGGGCAAGACGGTGAAGTTCCGCACCGGCCAACTGCAGGCCGCCCGGGACCGGTTTGCCGAAGCATTCAACGCCAGCCCCCTGGCCCAGTGTATCCAATCTTTAACTACTGGCGAGGTGCTCGAAGTCAACGCCGCCTACGTCAGCTGCCTCGGGCTGCACGGGGAGGAAGTCGTCGGACGGACGCCCGAGTCATTCAGCGAACACGTCAGCCCGCGCGCCTGGCGACGATTGATGCGAAAACTGGCGCGGGGAGAAACCATCGCCGACCAGTTGGGCCGGTTCACCCGGCCGGACGGAGAGCACCGGGAGTTTCGCATCTTCGCCCGTCGCATTGTCATTCAAAAAGAGCCGCACTGCCTCTGGGTCATGCAGGACACGACCGACCGCACCATGCTGGAACGCCAGCTTCAGCAGGCCCAGAAAATGGAGGCCATTGGTCAGCTGGCCGCCGGCGTCGCCCATGATTTCAACAACATCATGACGGTGATGCAGGGCTTCACGCAGGTGAACCTCGCCCATCCCGATCTGCCGCCCGACCTCCGTCAAAACCTCGAACACGTCAACGACGCCGGCACCCAGGCCGCCGCCCTCACCCGGCAGCTGCTCCTCTTCAGCCGCAAGCAGGTCACCCAAGAACGTCTGCTCGCTCCCGCCGATGTGGTGCGCGACCTCGAGCCCCTGCTGCGTCGGCTGCTGGGCAGCGGTTTCGAACTTCAACTTCAACTCGAAAACGTTGATGCCCAGGTGCGGGCCGACCGCGCCAATCTCGAACAAATCCTCATGAACCTGGTGGGCAACGCCCGCGACGCTCTCGGGCAGCACGGCCACATCGAGGTTAAAGTCTGCACCGTTTCCGTTTCGGCCGATGACACCGCCCGGGTGACCGACGCCAGCGAGGGCCAGTTTGTGCGCATCGATGTGAGCGATGACGGACCGGGCATCCCCCCCAATGTTCTGCCCCGCATCTTTGATCCGTTTTTCACCACCAAACCCGTCGGCGAGGGCACCGGGTTGGGGCTCGCCACATGCTACGGCATCGCCCGCCAACACGGTGGCTGGATTGAAGTCAAAACGACTCCCGGACGCGGCACCATCTTCCAGGTGTTTCTCCCGGTCGAGCAAACCGGCGGTTCCAAGGTAAGCGCGACACTCGAAGAGCAAAACGGCCTGACCAACACCACGCACCTGCGGGGCACGGAACGCATTCTCATTGCGGAGGACGACGCCGTGGTGACCGAACTCATCGGCAGTGTCCTGCGACGGCACGGTTACGCCACCACCTGCGTCGACAACGGCCCCGCGGCACTGCGCGCCTGGGATGAGATGGGTGGGTTTGACATGGTCTTCTCCGACATGGTCATGCCCAAGGGCATGAACGGCGCCGAGCTCGCGACCGAGATCCTGAAAACCGCCCCCGATGTCCCCATCGTGCTGGCCACCGGATACAGTGAAGCGCTGTTGCAGGAGGTCGCTTCTCCCGAGTTGCTGGAGCACTGTGTTTTACTGCTCAAACCCTACGACATGGGCAAACTCCTGCGCATCGTCCGACAGGTGTTTGACGCCAAAAAATCGGGCATCCCCTGGGTGGTTCGCAAAACCTCTTCCACCGCGCACCCATTCCCCTTTAGCGAGAAATCTTAAGCGGATAAAAGGAGAGCATTGACGTGACTGGCGAGATCGGCCGATTCGTCTTTCTTACGCGTTACTACGGACACGAATGCCGCAGTATTACATGCATGGGGAGAACCCCCTGCAATTGACATGATCCCCAGGTGCAATTTCGCTGCACTTGGATGTAATGCTCTGCCGCCCACGTCATCCGCTCAGCGGCCCTATGCTTTCCTCCCTCCCCTGCAGAAATCAAATCTCGGTGTATTCGCCAACGCATCGTGTTCTCTGAAGATCAATCCATGAACGTTTCTCCCGCCAATCGGCCCCACCGCATTCGGCACCGCCTGTCCCGTCTGGCGGTTTGCTTCGTGCTGGCCCCGTTGGTGGCGCTCGCCCAACTCACCGATTTCACTGCGTTCAGCTTGGAGGAGTTGTCCCTGGTGCGCATTTCCACCCTCGGTCGTAAACAGACTGCCCTGCACGATACCCCCGCCGCTGTCTACATCGTGACCGGCGACGATATTCACCGCACCGCCGCGCTCGATTTCGCCGATGCCCTCCGCATGGTTCCCGGGCTGCAGGTTGCCCGGATCAATTCGTTCGACTACGCCATCACGATGCGGGGGTTCAACGACTCCACGTCGAACAAACTCCTCGTGCAGATGGATGGCCGTTCGCTCTACAGCACAACGGCCAGCGGCACCTATTGGAACTACCATGAACTCATCATGGAGGATATCGAACGCATCGAGGTCCTGCGGGGACCCGGAGCCTCACTGTGGGGCGCCAACGCCATGAACGGCGTGATCAACATCGTGTCCAAGGACTCCCAACACACCCTCGGCTCCATGGTCGCCGTGGCGATGGGGGATGAACTGGACACTTCAGTGGCGGTCCGCCATGGCTGGCAAGCCGCCGAGGACGTGACGGCACGGCTCTACGCCAAGTATCAGCAGCATGACTCCTATGGCGTGAACACCGGTCCGGCCGCCGACGGTTGGAACAACCAGCTGGTCGGCACCCGGGTTGACTGGAACAAAGCCGGCGCCGGCGAGCTCACCGTCATCGGCGAGTGGCGCCAAACGGAATTGTCCAACCGCACCCTCCTGCCTGCTTTCGTGCCCCCCTACGCCACCCTCGTGCCCGACGAGAAACGGGTCACCGGCGGCAATTTTTCCGCTCATTAC
NZ_CP119075.1_gap67	3311881	3315868	3987	GCATGGTGAAGTTGTTCGTGCCGTCGTTGCGGAAAACCACCAACGAAATCGCGTCGGGATTCTGCCAGTCGTTGAAGCCACTGACACTCACAATGTCCATCACGCCACGACCTTCCAGATCCGCGCCGACTGGACTGTAAGCCCCCGGCATGTCGCCGACGCGATGAAACTTAAACGCGCCCTGGCCGAGGTTTTCGAGCCATTGCAGTCCGTGCCAGGGACGCTTGCCCGGGTCGGCGTAGGCAAACCCGTCGCCGTTGGTGTAAAGCACGTCCATGCGCCCGTCGCGGTTGATGTCGCTCAGACTGATGCCACTGCTGCCGTAGTCTTCGTTGGTCGAACCGAACAGAATGCGATCGGTGAAATAACCGCTGCCGCTGTTTTCAAAGTAGTGCACTTCCTCCCACTGCTGCGAAACCACCGCGACGATATCCAACGCCCGATCGCCGTTCATGTCGGCCACGCATACATTGATCGCCCCTGAGAGACTGAGCAGAACTTTGCTTTCAAACGTGCCGTCACCCCGGTTTCGCATCCAGCGGATCTCGCCTTGATCGTAGCCAAACTGCGCCACCGCGAGATCGAGGAGTCCATCGCCATCGAAATCCGCCGCCCGGGCATCCGTGACTCGCATCACGTTCTCAGCCACGACGCGCGGGGTGAAATTTTGCGCCCCATCGTTTTCCAATATAAGCAGCGAGCCAATGTGGTCGTTGTTGGGGAACACCTGCCCCATGCACGACACCAACAGGTCGAGGTCGCCGTCGGCATCCATGTCGACCGCTTCGACATGCACCGGCGCGGGCAGTTGCTCGGCCAACACCGTCTCTTCAAATTGCCCCGGGGCCACTTGCCGCAGCCACAGCACGGTCAGCGCCTTGTCGTCGCAGGCCAGCACGTCGTTGCGACCATCCTGGTCAAGATCGGCGATTCGCACGTGCGAAATCCACGGCGGACCTTCCCCGGCTTTCCCGATGGGAGTCGCGACATAACGATCAGTCGCCCACTCCACCGTGGTTTTCTCCAACGTAGGCCGAGGCACGGTGACGGACGGTTTTTTGCCACAGCCACTCAGGAGCAATCCCAACGCCCCGATGCCGAGCGCGGCAGCCAGATAACAATGACGAGATGTATTCAAATTTCCGATTCCTTCGTAGTTCACTTGATCCGGTCACACGCGACTGCGCCACTCCGGCGGCAGTAGCTCGCGGGCCAGCGCCGCCAACCGGGCATCGGTTATGGTTAAATTATGGATACGACCCAGCGCGAGCAACCGATACAGGGCGCGGGTCGACATGCTGCGCAGTCGCGTTTCGTTGATCTGGGCAAAACACCGCTCGGCCTGAATCCGCGCTTCCGCCGCTTTGGCCTGCGTCAACACCAGTGCGAGGCTGAGCCGGCGATCCCACGGCAAGCCACGGTCGCCCCCGGCGGCGAGTCGCGACTGCAACGTGCCCAGACACGTTCCAAATTCATTTTGGTTGCCCGTCGAGGCCGCCACTTCCGCCCGGGTTACCCAGGCTCCCAAATCGAACGTGGATTGCGTGAGGGTCTGCGCGATCGCAGCCGCGTAGTTCACCCGGTCCATTTCGATGAAATAACTCGCCATGCGGCTCAACGCCAAGATGTCAGTCTGTTCGTCGACCACTTCAAAGAGCACGATCGACTGCCCTTCAAATCCGGCCACGGTCGGCATCTCATAAGCGACGGGCCGGAGCCACGTGGGTTGGGACCAATTGCGCATGGCCCCGTAAAACGATCCCTCCAGTTGCGGCGTCCCCAGCAGCGTGTAGTGCTCCATGGATTGGTCCCACGAGGGCAGCGCAATGCGCGTGATGCGGCGGTTCTCCATCAGTAACCTTGCCTCCTGCGGACTCGACGCACTGAGGATGCGGACCATCGCCTCCGAACCGGCTTCGTTGTCGCGGGACAGTGTCGCGACCCCGCGTAAACTCCCATAGTAATGGAAGGGAATCGTCTCACTGGTGGGTGCCAGCATGACCGCATCCTCGACGCCCGCGCGCTTGGCGAGCCAGTGACTAAAATCACGCTGAATCAGCCCCGCCAGCTCGGGCGTCTCCAGCACAAACTTTCCCCGTTTCGGCAGGCCCGCCAGTAACCCCGGCAACAGCACCATCACCAGCGCCGCGCCTGCCCCCCATTGCACGCCCCGGCTCAGCCGCACGGCGGAAAGCCCGGCCGCCCCGGCAACAACGAGCACCAACAGAACCACATCAAAGTAGCTCCACCAACTCAGTTGCCCGCAGCCAAAACCGAGCGCCACCAACACCGGTCCCAGCGCCACCGTCAGGCCGAGACGCTGCTCTCGTCGGCCGATGCGACGCGCCAACATCCACCCCACCGGCCCAATCAAAACCACCGGCAACAGCGTGGCCCAAGCGAGTGCACCGGCCGTCCCGCTTCCGAGCCATGCAAACAAACTGACCGCTTCCGGAGCTTCGGCTATTTTGCCCAACCGGGAGGACGCAAAATCCGTGGTTAAAAATCCTGCGTTACCCGTGACTTTCATTCCCAGCGGCAAGGCAAACCCGGCCACGCCCCCGACCGCCGCGAGCGCAACGGTGCGGCGATCCCATTTCACCGCCATGTTTTCCAACCGCGGCAGTAGCACCGCCAAAACCAACCCCATTCCCAACCAACTCACCGCGTAAAGCGGATGCATCCGCCGCAATTCCCATTCACCGAAATGCGCCGGAAAACTCTCCGCCGCAAAACCCAACATCGCCGTAGCCGTTCCCACCATCGCCCACCACATCCAGGGTGCCGACGACAACGTCGCGCTTCCCCGACTTCCCGGCTCCACCGGGGTTTCGCGTCGCATCAGGTAGGTGCCCGCGACAGCGCCGAGCCCGATCCCCACCAACAGCGGCCATTGCTTCGTCACATCGAGCCAAAGCCCCGCGCCCCCGCAGATTCCGCTCACGCCGAACCACCTCCGAAGCTTCGAATTAGGCCTATTCGTCCGCGACGCGTCGGCCAAACCCGCCACGATTGCCAGCACACTTCCCAACGCACAGCCCAACCCCAACGTGGCATCATCCGGCAGGCCGGCCGCGAAGCGGGTCGACAACGGAAACAGCGCCGCGAGGCCCCACGCCGCGATCACCGCGGGCATCGGTCCAAAAACCCGCCTGACCAGCGCGGCCACCACCAGCAAAAGCAAAACCTGCAGCAAGGGATCCGCATACAGAGCGGCGTGTTCCACCGCGACGCCCACGGGTTGGCCCGTCACCCCATGGTCCACCATGGCCACCGTGCCCAGCCACCAGCGATAAGGTGACGCGGCAATGATCTCATGTCCCTGCGGCGCATTCGCGTAATCGATGCGCCGCATCTGTATCTGACCATCATGCAACATTTTCTGTGTTTGCATGATCCACTCCGCCGATCCGTAGAACGGTGCCGGGATCACCAGACGGCGCATTTCCTGCGCATAACCCGTGGCTGACTCCGTCGAAGTTTTAAGTTCCACCGGCACCGCATCCGCGACCATCTGGGCTCGTTTGACGCGCGCCGTCTGTGTCCAAACGACGAATACCACCGCGCCCAAAACGGCCACGATCCACAACAAACCGGCGAACGAACGGGGGCGACTCATGAGGGGTTCAACAGCGGACAAAACAGGTGGGCGCGACTGCTCGACGAACTAAGCAATTCGCGTTTAAAGAGACCACGGGAAAAGTGCTCATTCGGCATCACGCAAAGCCACCGGTAGCAGTTCAACCGCCAAGCCTCGCAAGGCGTCGTCTTCCATGGTCAACCCCAGCGCGTCGTTGAGGGCCAGATAGTAAAAAAGTCCATGGTTCGATAGCGCGCGCAGCCGCTTCTCATTCACCCGATCCAAGCACCAACGCGCTTGTTTCTCGGCCAGATCCATCCGGTTTCCCCGCGCGAGCAATACCGCCAGGCTCACGCGCCGATCCCACGACAGACTGCGATCCGCCCCGCCTTGCAAACGGTCCACCA
NZ_CP119075.1_gap68	3332484	3334329	1845	CAACCCCAGTATCAATCCGATTAATTTGAACAAACGCATGGTCCGACCGAAGCAGGGCACATGCCCGCGTCAAAGGAGTTCTTGACCGCGCCTTCCCCGCTTCGTGATCCTGCTCCCCTTTATGAGCACTGAAAACTCCGCCAACGAAGTCGCCGTTATCTCCACCAGCTACGGCGACATGACCCTCTCCTTCTGGTCCGACGTGGCCCCGAAGACCGTCGAAAACTTCAAAAAACTCGCCAACGACGGTTTCTATGACGGCACCGCCTTCCACCGTATCATCAAGGGCTTCATGGTCCAGGGTGGCTGCCCCAACACCAAGGCCGGCGCTTCCGGCATGCCCGGCACCGGCGACCCCGGCTACAAGGTGAAGGCCGAGTTCAACAAGAAACCCCACGTGCGTGGCGTCATCTCCATGGCCCGCGCCGCCCACCCGGACAGCGCTGGTTGCCAGTTCTTCATCTGCCACGGTGACGCCGCGTTCCTCAACGGCCAATACACCGCCTTCGGTGAGCTGACCGCCGGTGACAGCGTGCTCGAACAGATCGCCACCGTGCCGACCAAGAGCGGCGGCGGCGGCGAAAAGAGCACCCCGATCGATCGCGTCGAGGTGAAGAGCATCAAGATCGTCGCCGCCTGAGCGGAGACTTGATCGCCGGTTCTGCCGACATCAATTCGCCCCGGCCTCGCGCCGGGGCTTTTTTGTGCCCCTACGGGTCCGCCCCCACGACCTCGCGCAACTGGACCAATCGTTCCGCCCCCACCCAATCCGCGTCCCGGGGCAATTTCGTCAGCAAACTGCGCGCGATCGCCGTATCGCCAATGCGCCAGCGAATGACCGCCACCGCCAGCAAGGTCTCCTCGGGCCGCCGCATCGCCCCGAGCGCGTCCTGCACGCGGTTGACATTCGCATTTTCGATGTCGATCGCCAGCGCCTCCGTCCACGCCAGACCCGCCCACGCTCGTTCATCCCCCGGATCAAGCGCGATCGCCCGCTCAAACAACCCGCGGGTGGCCTCCGCTTTGACGGCTTCCATCCGGCCCGCCCTGTCCAACGCGGAACCATACGGCTGCAACGCCAATTCCCCCAGGGCGGTGAAAAAGTAACTGCGCATGGTTTGGCCGGCGATGGCTCGCGCGGCATAGTCACGCAGCGCCGATTCGTCTCCGCGCTGCCCTGCATCGACCGCGAGGATTTCACTGGCGCGCCGCTCTTGGGCGGACGTCTCGGCTGCCGTCCGAAGCTCGGCGCGAGCAACCGGATCCCCGCGACTCGCCAAGGCCAGTCCGGCCAGTTCCACCGCCATGGCGGCGACATTGGCGGGTTCAAACCGAGGATCAAACTCGGCCCAGATCGCGGGCACCGGACCGCCCAGATCGGTCCAACTGCCCGACTCGTAATACCGTTCCAGCGTGCGCCGGAGTTTTTTATCCGACATCCCCAACGTGCGTTCCAAGCGGTCGTGCTGTTGCGCATCGTCGCCCGCTGCAGACATCGCATAGCGCAACAGCGGTGCGCCATACTGCCCGCGTTCCGCCCCGAAAAGACAGTAGTGCGCGAGCAACCAGGATTGCAGGTAAAAGTAGTTGCCGTCGCTCGCCGCATGCAGATCCGCCGCCGCGCGATTGCCATCCCGGATCACACGGTCAAATTTCGCCAAACGTCGCAAACGCGTGAAGCTGCCGTGCATCGTGCGATATTCCTCCACAAAGGTGCGGTGGATGTAACCCTCCGGCACTTGCACCCCTTGCACCGGCAGCGAGTCGGCATGGAAACGCTTAAACGCATACCGGCCATTCTGGACCTGGAACCCGCCCAACGCCGTCGCCATGCCTTCGGCCAAC
NZ_CP119075.1_gap69	3352511	3357428	4917	CACGTGACCTCCCCCCTCCCCGATTAAAAAGAAGTAGAAGAAACGCAGACCCAGCAACAGCCCCGCTCCCCCCACCAAGCCGCCGACCGTGAAGAAAAACGTCATCGGCCGGTAAACGACGAAAATGTGCAGCATGGTGAGCATGGAGCGCTTCACGTAGGATGGAATGCTCTTCACCAACCGCGATGGCCGCGTCACCCCGTTGACGCGCACCGGGACCGAGACGACGGCCATGCCGTTTTGCCCCGCTTGAATGATCGTCTCCAACGTATAAGTGTAACTGCTGAACACATTGAGTTTACGCGCCGCCTCGCGGCTGAACGCCCGGTAACCGCTCGGCGCATCCTGCACGTCGGTTCGACTGAGTGAGCGCGTGATAAAACTGCCAAACCGCTGCAGGATCTTCTTCACCGGCGAAAAATGGGCAATCGAATCAATCGGCCGCGCGCCGATCACGATATCCGCCACGCCTTTTAGAATCGGTGTCGTCAACGCGGGTAAATCAGCCGCGCAATACTGATTGTCCGCATCGGTGTTGACGATGACATCCGCCCCGCGTTCCACCGCGGCGTCGAGCCCAGCGGCAAACGCATGGGCGAGTCCCGAGTTCTGTGGCAGCCTGATCACGTGATCGACCCCGAGCAAGCGCGCCACCCCGCTCGTATCATCGGTGCTGCCATCATCGATCACCAGCCACTCGACCGTGTCGAACCCCTCCACGACCCGTGGCAAATCCGCCAATGTCGCCGGCAGCGCGGCGGCTTCATTGAAGCAGGGGATTTGGATGATGAGTTTCACAACGACGACCAGTCAGCGGCAACCGAACGACCCCGAACGTGGCCTCCCACCGCGTCCGACTTCAATCCTAGAAACGCCGCCGGTCACTCCGTCACCGAGCTGTCACCATCCGCCGACTCCGCACCAGCGCTGCTTCGCCGGGCCATGACCACCATCGTCGCCATCGCGACCGCCACCAGCAGCGGGATGAAATGTCGCTGCTGCACCAACGTGAGCACCGAATCCCCCACATCCCCGACCTGATTCGCGTAGAGCAGATTGCTCACCGACGGGAAATCCTGGAAAAACTGATAATAGATCACCACCGCGGTGGAGGTCAGCAACCACCCCATCGAGGCCAACGCCGCCACGCTCCACGCCAACCACGCCCGTCGTATGACCACCAACGGCAGCAATACCACCGCCCACAACGCGATCGAATAAACCACCGCCGTCGGCCAGACCGAAACGACCGCACTAAGCATCGCCCAATAGATCTCCAAAAAGGTAAAGAAAACCATCGTGAGCGCGTAGGCCCGCTCACCGGTGCGAGACCAAGGTTGGTTGATCACCACGCGCGCCAAGACCAACGCCAGCACCATGAACCAATAACCCGTGACCACCAAATGGGCCAGAAGCCAAACTGCCGCCACGACCACGACCACGCGCACCGGCCCACGCCATCGCGTCGACACCCACGCCCGGATCCAACCCGTCCACAACATCACCACCAACGCGACCACGCCCGTCAGATACCACAGTGGCGGCACCACCCGCACTTCGCGGTAGGTGAACCAGTCTCCGGCGTCATACCACCGCACTTGATCCCAGACCAACCCCGGCCGCACGCGATAGTGTCCACTCGTCAGCGGGGTCACCGGCAGCCACATTGACGCGGCGGTCGCCCCCTTTTTCCACTCCACCTCCCCCAGGCGCGGCGACTCCACCCGGGTGTTCGAATCGACATCCCACACCTCGGCGGTCGCCGTATAGTCTCCGCGCGCCGCGTCGCGCCCGGACCAACTCCATCGCGCCGGCAGATGAAGCCTCGTCTGCGCCGGTAATATCCGGGGCAACCATGACCACTGCGGCTGATACCAGTCACGCGGCGGGATGTGCGCGATGCTTACACTGGGAAACGCGATCTCCGGCTTCTCATCGCGATACCAATACTCGCCCTCGACCACCGCATTGAACGACACCTGCAAGTGGTCCACGGCCGGATTGCGCAACACCATCGGCAGATCCAAATCAAACCCGGCGACCAACGTCCCGTCCGCGGTGGGCGTCCAGGGATAGCGCGCTCCGTCAGCCATCTCCAGACTGCCGTCGTCTCCATATACTTGATACGACAAATAAGAGCGGGGCTCGATCGCCTGCGCGGTTTCCACGCGGCCGGTTACGCTTAGTTTTTGCGTATTCGCATCAAACTCCGCCGTCACGTGCAGTTGATAGTCATCGCGGACGACCTCCGCCGTCGCGGTGGTTTTGGTCGCCAAATCGAGCTGGGCATCCGGGATGGTCTGCGCGATCAGCCCTCCGGCCAGCAGCAGGCTCCACCCCCACGTCAACCGGCTTCGTCCCGTTCTCATGGTGCGAGCAACTCCTCCGGATGTTCGATGGCGAGGCGGGTAAGGATGTCCTGATCCACCGGCGGCTCCCACGGCTCCGCGGCCCCATTCACCTCCTGCAAACCGCGATGTTGGGCACCAAACGTCGTGCCCCATTGTCCCCAACCCGCCCCCGTGAAAGTGAGCGGCACGTCCAGGCCGAGTTCCTGCAAAATCATGACGGGCAGATCCTGCAAACCCGCCAGGGTAGTGACGCGCTGCGCGGGCCGGTCAAACCCTACCAACACCAAGGGCACGGTGTCCGGATACAAGCGCGGCGCGATCGAGTCGAGGTAGGCCTCCAACTCGACATCGATCGCGCTGTCGTGGTCGCCGTAGATCGCGATCAGGCAGTCTTCGAGAACACCGGCGTCCTGGAGCTGTTGAAAAAAGCCCTGCAACGCGTGGTCCACATAGCGGGCGGAACGCACGTTTTCCACTTCGATGCGGCCGGGTTTCAGTCCCTGCGCATGGGCGATATGGTCGTAAGGATGGTGGTGCGTCAGCGTGATGACGTGCAAAAACAACGGCGACTCAGCCGCCGCAATCATCCGCGCGGCTTCGCCCAGCACGGCCTCGTCGGACCATCCCCAACCGATTTTGTCATCGAGGGGCAGGTCCTGCTGAAAACGCATTTCGTCATACCCCAGCGCCGTGTGGGCCTCCGCCCGATGCCAAAACACCCCGTTGAAGCCGTGAATCGAAGCCGTGTGATAGCCGGCCACGTGCAACACCCGGGGCAACGATGGCACCCGGGAAAGATCCTTCGAAACGTAAACCGGTTGACGCGCCAATGGCACCAGTGACGTGAGCACCAAAAATTCCCCGTCGGTCGTGCGACCGCTCCCGGTATTGTCCATCATATTGGCAAAGCTCACGTGCTTCGCGGCCAGGTCCTCGAGGAATGGCATGACCGGTTGGCCGTCCTTGCGGGCACCGATGACCAGTCCGTCCATGGATTCGAGTTGGATATACACCACATGCTTGCGGCGCGGGGGATGGCGGGCGGGCATCTCCGCCCGACGATGGGCCAACTCCCGCAAATAGGCCCGGTAAGGGGCCGGATCGATTTCATCGAGATGGGCGCGTCGCCACAGCCGACCTGCCACGTCCACGACGTCGAACCAAAAATAACCTCCGTAGCCGAGTCGTTCGACCGACTGGCGGTTGATGAACCGGTTCTTCAGCAGCAGCGCCTCCCGCCGCGGCCACGCCACCAGCGCCACCGTCACGGTCAACACGCCCCACAACGCCCATCCATGCCATCGCCGCATGCGGATCATGGCGCAAACCGCGTCACCCGCCCCCATTTGATAGTGAGGGCACGGAGCTTCGCGGGGCTGAAGAAAAACCGGTATTCTAACATGTGTTACAGTCGTGAAACTTTCAGCCCGCCCTGACGGCGCAACGCTATATTCCCCGACAGTTCAGCTGGCGCCACCCGCCATCGGGGGCCACCCGATCGACACCAATTAGTTACATTTGAAACCTCGACGCTACGACGTCGCGGCGCTGAAACGTCGGCACCGATGTTTGGAATGATATGCGCCGCCGGCTTTTTGACCGGCATCACGTGGGGCGGAGCCGCCGTGGCGCGTCGCTTGGTCCCGTCATGGTGGCAGGAAGCCTGGCCGGTGTTACGGCTGGCGCTGGCGATCGCCGTCGGTCTGCTGGCCGCGTTTCCCGTGCTGGCGGTTCCCGCTTGGTTTGGCGTCTTTTCGCCCCCGCTGATCGGACTGGGCGGTTGGATCGTCACGTGGTTTTGCCGCCACACATGGCGCGCCGCCGCGTCATCGTCCGTTCGCGGTAATCGCGTGCTGGCTGCGGCCGCATCGGGCCTCATCATTTGGAACGGCGTGTTCGCCACCGAGAGTATCTTCTCCGGCCGTGATCAGGGCGTGTATTCCAACCATGCGGCCCATATCGCCCGCACCGGCGAATTGCGCGCCGACGCGATGTTCGAAGGTTTGTTCGAACCGGGAAATTTCGGGTTGGCCTCCGGTTCTCAAGCCGGGGGCTACTTCTTCGATACGGCGGCGAAGAACATCTATTTTCAGTTCGCGCCGACATTTGCGCTGTATCTCGCGCAAGCCTTTGGGATCGGCGCATTCTACGGTCTCTTCGCATTTAATCCCTTTCTTTCCGGTCTCAACGCCCTGCTGTTCTTCGCGCTCGCGCGCCGACTGCTAAGTCCACGGATCGCAGCTCTGACCACCGCCTATTTCGCGCTCAATATCAGCCAAATCTGGATCGTGCGCATCACCCTCAGCGAGGTGCTCACCCAGACGTGGCTGCTGGCGGGCTTGGTCCTGCTGCACCATGCCTTGTCGCGGCTTGATCGCCGCACCTTCACTTCCGGGGTGGTCCTGCTCGCAAGTTGCACGCTCGCTCGGGTCGACGCCTATTTGATCATCATTGCGATCTGCGGACTCGGGCTCTATCTGGCCCAGCTCCCGGATGATCATCCGCACGTCGACCGGCTGCGGGACATGGGTCGCCGCGGCACGTTGACCGCCTTGGTCATCAGCTT
NZ_CP119075.1_gap70	3422330	3426105	3775	ATCTGAAAACGCCGCTTCGCCCGCGACGCCCAGATCTGGGGCGAGATGTAGTAGAGCGCCTTGGTGGGACCGCCTGCCTTGGCGGAAAACCCCGCGTCGAAAAGGCCTTTCGCAATACGCAGATTCAGCCCGGAGGAATCCACAAAGCATACCGCCTTGGGCCGATGCGCCCCCACCCACCGCACGACCTCGGCGATCAGCGTCCGGTAGAACGATAATTTGCCGAACACCGCGAATCCCATGGTCGACTGCGCCGTTAAATCCTCCAGCAGTTGCGCGCCCGCCGCCGCCAACGCCGGGCCACCCAAAGCCGCCACCCGACGCTCCGGTTCCGCCGCCAACACCCCCCGCACCATGCGCCCGGCGTGTTGGTCCCCCGAATGCTCCGCCGCCACGACCAACAAGTCGACGTCTCCGTCAACCGGCCCCGGCAACCGAAATGGCAACGCCTTAGTCATCAGATTTTTTTAACCACAGATGGACACAGATGAACACGGATCCAATCCACCCTATACCAGGAGCAATCGCGCATTCCCCGGATCCAAATCTGTGTTTATCTGTGTCCATCTGTGGTTAAAAAGCAGCCGGCTGACCGCGCGCTACGCCTGCTTCGCGGCGCGGATTTGTTCGGTGATCGTGATGGCGACTTCGAGCGCTTGCCGTCCCAGCGCGCCGCCCACCTTGGGCTGCGAGGCCGCCGCTACACTCGCCGTGAAATGCGCCAATTCCAACGCGAGCGGTTCGCCCTTCTCGATCGGCACCGGCTCCAGCGGCACCGCCGTCGGATCTTGGGGATCCACCGTTCCCGTGCGCAGCTTGCCCGCATAGTCGAGCAAACCCGTCGTCCGCACGAGGTGTCCGCTCTGCCGCATGAAATCGAAGGAAAAGTATCCACTTTCCTGGAACACCCGCATCTCGCGCACCTTTTTCAAACTCATGCGCGAGGTGCTGAGATTGGCCACACATCCATTTTCAAATTCAATGCGGGCATTGGCGATGTCCTCCGTCTTCGACACCAGACTCACGCCGACACTTTCGATCTTCTTGACCGGCGACTGCACCAGTTGGAGCACGATGCCGATGTCGTGGATCATGAGATCGAGCACGACCCCGACTTCCGTGCCGCGCGGCGTAAACGGTGCCAGGCGTTCCGCCGTGATGAACTTCGGCGCCACGACTTCCTTTTCCAGAAAACTCATCACCGGATTGAAGTGCTCGATATGCCCCACCTGCACGATGCGGTCATGTTCACGCGCCGCCGCCAGCACCCGTTCTGCTTCCGCCAGCGACGCGCAGATCGGCTTCTCAATCAACAAATGACATCCCGCCGCCAGCAGCGGCAATGCCACCCGTTCGTGCAAGTCCGTCGGCACCACCACCGACACCGCATCGCACGCCGCTCCGAGCGCTTCGAGGGTATCGAACCGCACGCAATTATGCTTGGCACAAATCTCGGCGGCCCGGACGTCATCGGTCTCGAAAATCCCCACAAACTCCACCTTGGGCAGACTCGCGTAAATGCGCGCATGATGTTGTCCGAGAGATCCCACCCCCGCCACCCCACATCGCACAGAGGCATTTGCATCGATTTCAGCCATGCGGTCCATGCCACCGACGCCGCTACCCGCTGGCAACTCACGAGTTTGAATTCCACCGACGCTCGACGGTGGTTTTCTTAACCTTCACCATCCGGACGCTTCCCCGCCACAAGCCCGACGTTGACAGCTCCCCCGCTCACCCTATTCGCTTGCTCTTTGCGTCTATGGATGACGCGCCCGTTTTCTCACAAACCTGATCCAAAACATGGCAGCTAAAACCCAAGCCAAGAAGACCGCTAAAAAAGCGGTTAAAACCACCGCCAAGGCCGTTAAGAAGGCCCCGGCGAAGAAGAAAACCGCCGCCAAGGCTCCTAAATACGTCTACTCGTGGGGCGCCGGCAAAGCCGACGGCAACGGCAAGATGAAGCCGCTCCTCGGCGGCAAGGGCGCCAATCTCGCCGAGATGAGCCGCATCGGCCTCCCGGTTCCCGCGGGCTTCACCGTCACGACCGAGGTCTGCACGCACTACTACGCCAACGGCCGCAAGTATCCGGCCGATCTCCAACGCCAGATGGAACTTGGCATCGCCAAGGTTGAGAAAGTGATGGGCGTGAAATTCGGTGACGCCAAGGGCTTCCCGCTCCTCGTCGCCGTGCGTTCCGGCGCCCGCGACTCCATGCCGGGCATGATGGACACCATCTTGAACCTCGGCCTCAACGACGAGACCGTCGTGGCTCTCGAAACGGCCACCGGCAACGCCCGCTTCGCCTGGGACTGCTACCGCCGCTTCGTCCAGATGTATGGCGACGTCGTTCTCGGTGTGCAAAAGCGCGCCGGCGAAGACCACGAGCCTTTCGAGGTCGTGATCGAGGAAGCCAAGGCCGAGTTCCTCGGCAACGCTCACGCCGAAGACACCGATCTCTCCGCCGATCACCTCAAAGAGGTCATCGCTCGCTTCAAGACGCTCGTCAAAGACCGCACCGGTCACGACTTCCCGTCCAACCCCTGGGACCAACTCCAAGGCGCCATGTCGGCCGTCTTCGGTTCCTGGATGAACGACCGCGCCAACGTCTACCGTCGCAAGTATGGCATCCCCGCCGAGTGGGGCACCGCCGTCAACGTGCAGGCCATGGTCTTCGGCAACACCGGCTCCGAGTCCGGTTCCGGCGTCGCCTTCACCCGCGACCCCGCCACCGGCGAGAAGGTCTTCTACGGTGAGTTCCTCATGAACGCCCAGGGCGAGGACGTCGTCGCCGGCGTGCGCACCCCTTACCCGGTTGCCGACCTCAAGAAGCAACAGCCCGCCTCCCTCAAGGAGTTGGAGCGCATCCGTGGCGTGCTCGAAAAGCACTTCACCGACATGCAGGACTTCGAGTTCACCATCCAGGACCACAAGGTCTTCATGCTCCAGACCCGCAACGGTAAGCGCACCGGCGTCGCCGCGGTGCGCATCGCCTGCGAAATGGTGAAAGAGAAGCTCATCGACTGGAAGACCGCCGTCTCCCGTGTCCCCGCCGACCAGCTCGAACAGGTCCTCGCGCCCATCTTCGACGCCAAAGCCGTCAAGGCCGCCGACAAGATCGCCACGGGCCTGCCCGCCGGTCCGGGTGCCGCCACCGGCAAGATCTACTTCAACGCCGATCGCGCCGTGGAAGCCAACGAGAAGGGCCAGAAGGTTCTCCTCGTTCGCGTTGAAACGTCCCCGGAAGATCTCCGCGGTATGATCGCGGCCGAGGGCATCCTCACTGCTCGCGGTGGTGTTTCCTCCCACGCCGCTCTCGTCGCCCGCCAAATGGGCAAGGTCTGCGTGTGTGGCGCCGCCGCCCTGCACGTCGACTACGACAAGCGCACCCTCAAGGTCGGAAAGACCACCTACAAGGAAGGTGACTTCCTCTCCATCGATGGCACCGCCGGCACCGTCTACGCCGGTGAAGTCCCCACCGCCCCTTCCGAGGTCGTGCAGGGTCTCATCCAAGGCAACAAGAAGGCCCAGAAGAGCGGCACCTACCAAAACTTCGTGCAGCTCATGGCCTGGTGCAAAAAGGCCACCAAGATGGTCGTCCGCACCAATGCCGACACCCCCGAGCAAACCGCCCAAGCGGTGGCGTTCGGTGCCGTCGGTATCGGCCTCACCCGCACGGAGCACATGTTCTTCGAAGGCGAGCGTATCGACGCCATGCGTGAGATGATCCTCTCGGACAGCACCGAAGCTCGTGAGGCCGCCCTCGCGAAGCTCC
NZ_CP119075.1_gap71	3436214	3437288	1074	CATCTCCGTCGCCGAAGCGCCCCTCCTGGCTCTGGCCCGCGACTCCGGCCCCTGCCATGCGGCGGGTTGTGGCGCCATGTTTGAGCTGTTGAACACCAGCGAAAAAATCGGCGCGGCACTGCGGCGCGAGCTGGCCCGTCTCGAATTGAGCGCCACCGGTTTCAGCATTCTCGCCCTCGTTCATCGTCGGCCCACGACCCCTCTGGGTAACCGCGAACTGGCCGACAAACTCAACATCACGCCGCAAACGGTTTCCGAGACCCTCGCCCGCTTGGAGTTGACCCATCTCATCACGCGTGTCCGCCGACCGGACCATCGTCGCAAGATCGCCATCGCACTCACGGCGCAGGGCCAGAAGACGATCATCGACGCCCTTCACAGCTTCGAGCGCACCATTCATCGGCTCATGAGCGCACTCTCTCCCCCCGAGCTCACCAGTTTGCGCGAACTTTGCGCCCGTCTCAATCCCGACCGCTCCCTTTCATGAAATCCACGTTTCGCTCCTCGCTTCTCACCGTATCGCGCCGCGCTACGCTTCTCACCGCCGCGTTGGTGACTTCGCTGATCTGGGTCGGCTGTTCGGGCGAGAAATCCGCCGCCGGCTCCCCGGCCGTCACCGCCGCCGCCGCACTGCCGGTCCACGTGCATGTCGTCGCCCCGCAAGCCGTGACCCTCACCCGCGAGTTGCCCGGCCGCGTCTCCGCCTCGCGGGTGGCTCAGGTCCGCGCCCGTATCAGCGGCATCGTGCAAAAGCGGTTGTTCACCGAGGGGACACAGGTCGAAGCCGGGCAGGTGTTGTTCGAAATCGATCCCGCGCCGTATCAGGCCGCGTTCGACAGCGCGCAGGCCAATCTCGCCCGCGCCGAGGCCGGACTCGCCTCCGCCAAACTGCAGGCCGATCGATTCTCCGGCTTGGTCGCCACCAACGCGGTCTCCCAACAAAACTACGACGACGCGGTCGCCCTGCATCTCACCCGCCAGGCCGAGGTCGCCGCCGCCAAGGCCGCGTTGAGCTCCGCCGAAATCAACCTCGGCTACACCCGCGTCACCGCGCCGATCTCCGGTCGCATCGGC
NZ_CP119075.1_gap72	3466462	3469764	3302	TGAGTAAAACCGTTGGGCGTCCCCACCCCACGATGATCTCGGTTTCAGATTCTCAAAATTTTCTGTAACCCGACGCCGGCTCCGCGGGTATCTCTCCTTGACATTCTACAGGAAGAAGGTCGTTCATGTAGACAATCTAGGAAAGTCCCATTGGACCCGATTTCCGACCTGCCCCTTATTTCCCACTTCAAACTTCTTACTTACCAGAATGGCCAAAACTGACCTCCTGCAAGGCACGCTCGACATGCTCATCCTCAAATCGCTCCAGCTGGAGCCGATGCACGGGTTCGGCATCAGCGTGCGCATTCGCCAAATTTCTTCCGAGGTGCTCCGTGTCGAGCAGGGGTCGCTCTACCCGGCTTTGTATAGGCTGGAGGAGCAAGGTTGGATCACGTCCGACTGGGGCATCTCGGAAAACAATCGCAAGGCCAAGTTCTACGAGATCACGAAGCTTGGCCGCAAACAACTCGAGCGCGAAACCGCCAACTGGGCTCGCCTCTCCCTCGCCATCAATACCGTCCTTGGTGCCAAGTTGGAGGACCTCGGATGAGTCGCGGAACGGGGTTCGGGCAGCGCATCAAACGCGCCCTTTTCCGCCGACGCTTTGAACGCGACATGGCGGCGGAAATGCAGGCTCATATCGAACTCGAAACCGCCCGCCGCATCGCCGCCGGCGAAGCCCCCGTCACCGCCCAGCGTCGCGCCGCCGCCGACTTCGGCTCCGTCGACGCGCACCAGGAGCACGTTCGCGACGGCCGTTTCGCAGCGTGGTTCGATGAAACTTTTCGCCAAACCCGCCACGCGTGGCGGGGGCTGCGCAAGTCACCCGTGTTTACGCTTATCGCGGTGGGCACCATCGCCATCGCCATTGGTGCGGGAACGGCCGTGTTCTCTCTCGTCAACGCCATCCTGCTGCGGCCTCTTCCCGTGCCGGCACCGTCCGAATTACGGGTGTTGCACTGGAGCGGCACCGACGTGCGCATGCGCTCCATCAATCGCACGTTCTCGCGCACCGTTGGCGATGTCACCGAACTCGAATCGGTCAATCATCCCACTTTCGCCGCCTTGCGTGAAGGTGCGTCCGGAGTCGCCGAGGTATTGGGCTATTTCCCTTTGCGCGAACTCACCGCTCAATCCGACCACAACGCCTTCGCGTCCACCGGCATGATGGTGTCGGATAATTTTTTCACCGGCTTGGAGGTGCAATCCCTGCTCGGTCGCACGCTGCTCCCCGGCGACGAGGCCACCGGCGCTCCGCTCGCCGTCATCAGTCATGGCGTGTGGCAGACCCAATTTGATGGCGATCCGAACGTCTTGGGAAAAGTGCTCCGCATGCACGGCGTCCCTCACGAAATTGTCGGGGTGCTGCCGCCGGAGTTTGAAGGCATTCGTCCGGGTCAATCCACCGGCGTTTATATCCCGCTGATCGAAGGCTCCCCTTTCCTGTATGTAGGATTTGGTGACGACTGGCACTGGTTCATCCGCCTGCTCGCCCGGGTGCGACCCGGGGTGAGCGACGCCGAGTTGACGAGCCGTCTCGGCCCCGTCTTCGCGTCGTTCACGGACGGCTACATGACCGACCCGCGCATCGTGGCCCACGACGGCACGAGCGGACTCGGGTTTGACCGCGAGACCTACCGGACGCCATTGCAACTCATGCTCGGCATCACCGCTCTGGTCATGGTGGTGGCCTGCGCCAACCTCGCCGGGCTTTCGCTCGCTCGCGGTGCGGCCCGCCAACACGAGCTCGCCGTCCGTCATGCCTTGGGCGCCGGACGACGACGACTGATGGGGCAAGCTTTCTGCGAGAGCGCGGTTTTGGCTGGAACCGGCGGGGCTGGAGGCGTGCTGCTCGCATGGTGGATGCAGGGCGCCTTGTCGAAGTTGTTGGCGGGAACGGGAGAGGGTTTACACTATGCCCTCCCGCTCGACGGACGCGTGCTCGCCTTCGCTCTCGCGTCGGCCGGGCTCACTGCCTTGCTCGCCGGCATCCTGCCCGCCTGGCGCGCCGGCGGCACCGATCCCTTGCACAGTCTGCGCTCCCGCGGAGCCATCGGTGAGCCGCGCTTGCGCCTCGGTCGCGCTTTGATTGTCGCTCAGATCTGCCTGTCCCTTGTCGTTCTTGCCGGCGCCGGCCTGGGCCTACGCAGTCTGCTCAACCTGCAACGCATCGATCCGGGCTTCGCCACCGATGGCACGCTGCTCTTCCGTCTCAATCCGGCCAGCGCCGGCTACGACGACTCCGCCCGGATGGCTTACTACGATCGTGTGCAGGTGGCGCTTGATGCTCTGCCCGGCGTGCAGCACGCGGGTCTTATGCAGTTCCGCCCGCTGACCGATGAGGTCTCGGTCGGCGGAGTTGAACTCACATCCTTGGCCGATCCTCCCATCGCGGGCGGTTATACTTATCGGCAGATGGTCAACGCCCGCTACTTCGACGTGATGGACATCCCCGTGGTGGCCGGTCGCGCCATCGCGGCGAGCGACACCGCCGACGCGCCCAAGGTTGTGGTAGTGAACGAGACCTTTGTTCGCCGCTACCTCGCGGGGCGCGATCCGCTCGGCCATACCCTCGCTATGTGGGACGCCGAGTGGCGTATCGTCGGGGTCTGCGCCGACACGGTTTTCGACGACGTCAAAGCCGAGCCGCCGCCCGCCTCCTACTATCCGGCCGCCCAACGGTTTTATGGCCGCTTCGCCGCGACCGCCGTCGCATCCGCCTCCTTTGCGGTGCGGTCCCATTCGTCGGCGGATGCGCTCGCGCCGCTGATTCGTCGCACCGTCGCCGCCATCGATCCCGCCGTGCCCGTTATGGACGTTACGACCCAAGCCGCGCTGCTTGCACAGAACCTCGGTCGTGAACGCATGATTGCGGTCCTCGGCTCGGCGCTCGCCGCCCTCGCCCTCGTGCTCTGCGGCATTGGTCTCTACGGTCTCATCGCCTACGACGTCACCCGGCGTCGTGGGGAGATCGCCATTCGTATGGCCATCGGTGCCCAACGCGCCGACGTCGCCCGCCCCATCGTGGGGCAGGCGCTCCTCTTGGCCGGCATCGGCGTGGTCATCGGACTCCCGGTCATGTTCGGCGCGACGCGTCTGATTCAAAGCCAACTGCATGGCATCGCCCCGCACGACCCGGTAACGCTCGTTACGGTGGTCGTGGCTCTGGTCGGCGTTTCCACCCTGGCTGCGCTCGCGCCCGCTTGGAAGGCCACCCGGATCGACCCCATCACCGCCCTCCGGAACGAATAACCCCGCCCCACCCGCCATGAGCAAACTCTCCGGCCTCCGCACCCGCCTCC
NZ_CP119075.1_gap73	3503281	3506592	3311	GTGGGCAAAATCATCGGGCTGACGGCTTCCTATTTCATCCAGCTCGGTGTTCCTCCGGTTTGGCTCTGTGCGCTCGGTGGTGAAATTCCTTCGGCCACGCCACCGCGTTCCGGTCTTCGCAAGCGAAGCCCCTACACCAGCAGGACGCTCCAGCCCACCGATAGGGGAGTCGCTTGCGACGACCGCGTTTCAGCCTGCTAAGTCACGCCCACGCGGTGGCGCTTTCGGCGAAAGCGCCCTACCTGACGAGATGTGTTGGTCCCGTGTTCCGTGGGCGCACCTAACGGGTTGAACATTTCGGCATGGTTGCTCTTGCGACCCCGGGCTCAAGTTATGAGCCTTTCGATCCCCTCGCGTCTTCGCGTCTTTCCCCCCCATCTCCCTCATCACCCCATGAGATCGTTCCGCGCCTTACTTCTGTTTGTCTCCGCTTCCCTCGGTTTTGCCGCCGGGGAAAAAATTGCCGTCATCCCCAAAGGCACCACCCACTCGTTCTGGAAATCAGTCGAAGCCGGGGCCCGCCAAGCCGGGGTCGAGGTCGATGCCCAAATTATCTGGAAGGGTCCGCTCAAGGAGGACGACCGCGCGCAACAAATCGCCGTCGTGCAACAGTTCTCCACCGACGACACCGACGCCATCGTGCTCGCCCCGCTCGACGACACCGCCCTTCGCGCCCCCGCTCGCTCCGCCATGCAACGCGGCAAGCCGGTCGTCATTTTCGACTCCGCGCTCAAGGGCGAAGCCGGCACCGAGTTCATTAGCTTCGTCGCCACCAACAACCACCGCGGTGGCCAACTCGGCGGCGAGGAACTCGCCCGCCTCATCAACGGCAAGGGCAAGGTCGTCCTGCTCCGCTACGCCGAGGGCTCCGCCAGCACCATGGCCCGCGAGGCCGGTTTCCTCGCCGTCATGGCCCGCCACCCCGGCATCGAGATCATCGTCGATAACCGCTATGCCGGACCGACCATCTCCACCGCCCAGGACGCCGCCATGAACCTCCTCGACAAACTCCGCGAGGCCGACGCCATCTTCACCCCCAACGAGTCGTCCACCCAAGGCATGCTGCTGGCGCTGCGCCAGACCGGCCTGACCCGTAAAAAGATCCTCGTGGGATTCGACACCTCACCCTTCCTGCTCGCCGCCCTCAAACGCGGCGACGTCAAAGCCCTCGTCGCCCAAAACCCCACCCGCATGGGCTACCTCGGCGTCAAAACCGCCGTAGCCCACCTGCGCGGCGAACCCATCGAAACCGCCGTCGACACCGGCTGCGTGCTCGTCACCAAAACCAACCTCGACACCCCCGAGGTCAAAGCCGTCCTGGGCAACTGAATCCACGCCGTCGTTTTTCACAGGAGAAAACAGAGAGAGCAGAGCCACTCCCCTGCTCCATCCTGCTTGCTCTGTGGTAATCGGTGAAATCTGTGGTTAAAATTACGGATACCTTGACCACAGATTACACAGATGAGCACAGATCCACTCCACCGGCTGACGGCTCTGTTTCCTTTGTTTCCTTCTGTAAAAGCAATGCACGCTGACGGCTCCTTCCCTACCAGCTCTGTGACAATCGGTGAAATCTGTGGTCAATAAAACCGACACCCATCCGACCGACGGTCCTCCTCCTTTGCTTCAGCTTACCGGCATTCGCAAAGCCTTCGGTGCCACGATCGCGCTGGGGGGCGTCGACCTCGCGATTCGGCCCGGGGAGATTCACGCCCTCGTGGGGGAAAACGGCGCGGGCAAGAGCACGCTCATGAAGGTGCTCGCCGGTATCCATCAACCGGATGCCGGCACGCTCACGCTCGATCGCGCCACCTACGCGCCCGCTGGTCCGCTCGACGCCCGCCGCGCTGGCGTCGCCATGGTGACGCAGGAACTCGCCATTGCCCCGCATCTCTCCGTCGCCGCCAACATCGTGCTCGGCGCCGAGCCCACCCGCGGCCCGCTGCTCGATGCGGCGACAACCCGCCGACGCGCCACCGACGCCCTCACCCAACTGGGCCGCGCCGATATCCCTCTCGACGTGCCCGCCGGACAGCTCGGCATCGCCGAACAACAACTCCTGGAGATCGCCCGTGCCCTCGCCCTCGGCTGCCGTATTCTCGTCCTCGACGAACCCACCAGCAGCCTCACCGCCGCCGACACCGACCGGCTCTTCACGCTCGTCCGTCGCCTCCGCGATCAAGGCACCGCCGTCGTCTACATTTCCCACTTTCTCGAAGAGGTGAAAGCCCTTTCCGATCACTGCACCATCCTGCGCGACGGCGCGACCGTGCACAGCGCCCCCACGGCCAACCTCTCGACCGATGCCATCGCCCACCACATGGTCGGCCGCGCGGTCGATGAGCTCTACCACCGCTCGGATCACCCGCCCGGCGAGGTCGTCCTGGCGGTGTCCGATCTACGCAACGCGCCCGCTGTGCTGAACGCCTCGTTTGAATTGCGCCGCGGAGAAGTGCTCGGCCTCGCCGGGCTCATCGGTGCGGGCCGCAGCGACCTGCTTAAGTCGATCTTCGGCCTCGCGCCCGTTCAGTCGGGGGCGGTCAAAACCGCCGCGTTCTCCGGCCGTCCGCAGCCCACGCAATCCTGGCGGGGCGGACTCGGTTTTCTCAGTGAAGATCGCAAGGACGAAGGGCTGGCGCTCAATCTCTCCCTCGCCGAAAACCTCACGCTCCCCCGCCTGCCGTGGCGCTTGTCGCCGCGCCAACTGGCCGACGAAACCAAAACCTGGATACAGCGGGTCGGCGTGCGTGCCGCCGGACCCGACCAAGCCATCGGTGAGCTTTCCGGCGGCAACCAACAGAAAATCGCCTTCGCCCGCCTACTCCGCAACGACGCCGACATCCTGCTCCTCGACGAGCCTACCCGCGGCATCGACATCGGCGCGAAGCAAACCCTTTACCGCCTCATCGACGAGCTGGCGGAGTCCGGCAAAGCGGTATTGTTGGTCAGCAGTTATCTGCCGGAGCTCCTCGGCACCTGCGATCGCATCGCCGTCATGTGCCGCGGCACGTTAGGCCCGGCGCGCCCCACCGCCGAATGGACCGAACACACCATCATGCTTGCCGCCACCGGCGCGAATGCGGCCTGAAGATGATTTCTTACCGTAGGCAATCAAGTGAACCACGCCGTCAGCATGCTTGTTTTTGCACAGGATAAAACGGAGGTGAACAGATCCTCTCTGATGCCCCAGCACCATGATGAATTTTCACAGAAGGAAACGAAGAAAACCAAACCACCCCTCCGCCGTTTTTACACAGGAGGAAACGGAGGTGAACAGAGCCACTCCGATGCCCCCAGCACGACAATGATTT
NZ_CP119075.1_gap74	3529073	3529707	634	CCCGTTCAAATGGGGAGAAGGCGCACCGAAAGAATGTGCGGTCCGACGGTAGCCTTCAGCGTTCTTGGTCGGATGTAACAAACGTCGGGTTTGCCCAACCATCCAAAGGCACCATCGTAGAAACCATGAGCACAGTCGACGAGATCGAGGCCGGCATCGAAAAGCTCACGCCTACGGATAAGAGTCGAGTGGCGGATTGGTTGAACACCCGATTGGTGACAGAGACACCTGCCATGCTCGCAGCCATCGACGAAGCCGATCGCTCTTTGATCGAAGAGGGCGGTGTTTCTGTCGAAGAGGCACGTCGCGATCTCCGTCGATGGATTACCGAGTAATCCTCGCCGCCCAACCCGAGTTGCGAGATTTGCGTGAAATTGCGCGTTTCATCGCCCAGGACAGTCCCGCAGCCGCCGAACGCGGTGGTCACGAATTGCTCAATCTGGCTGAATCACTGACGGTATTACCGTCTCGGGGAGTTAGAATTCGTTCGCGGCCCGGTGCACGTCGTCGCCTTTCGGTCCCATACTTGGTCGTGTATCGCGTAGATGAAACCGCACGCGTCGTGAAAATCCTGCGATTTTGGCATGCTAAACGCAATCCCGACGAGCTGCACTTGGACTGAGTCATCGTGCGG
NZ_CP119075.1_gap75	3536585	3539345	2760	CCTGCGCGTCGAGCTGCAGAAATACGGCGGCATGTTCGTGCAGGCCGAGGACGAGCTCGGGGCCATCGCCTACGCGCTCGGTTTCGCCTACTCCGGCCACCTCGCCGTCACCGGCTCCTCCGGCCCGGGCCTCTCGCTCAAAATGGAAGCCCTCGGCTGGGCCACCATGGCCGAGCTCCCGCTCATCGTCATCAACGTGCAACGCGGCGGTCCTTCCACCGGTCTGCCGACCAACGTCGAGCAGTCCGACCTCATGCAGGCCATCTACGGCAGTCACGGCGATGCCCCGCGCATCGTGCTCGCGCCGCAAAACGTCGAGGACTGTTTCCACATCGCCCTCGAAGCCGGTCGGCTCGCCCGCGAGTATTCGACGCCGGTGATCATTCTCACCGACCAGGCCCTCGCCTCGCGCATCGAAGCCTTCGACGAGCCCGACGTCGACGCCGTTATGGTCGAACCCGGACCCCACCTCCAAAACCACGGCGAGGAATTCAAACCCTACCCGCTCGACGCTCTCACGCGCCACGCACCTCCGGGCTCGAAAATCGAAGGCACGCGCTACCCCACCGTCACCGGTCTCGAACACGACGAGCACGGCCATCCGTCGGGCAACCCCGCCCAACACCAGAAGATGACCAACAAGCGCCGCGACAAGCTGCGCCAACTGGCCAAGGAAATCGCCCGTCCCGAAATCCACGGTGCCCAGGAAGGTGATACCCTGCTCGTCGGCTGGGGCTCCACCTACGGCCCGTTGCGCGAGGCGACGAACCGTTCGTGTGCCGCCGGTCAGAAGGTCGGCCACATTCACATCCGTCACCTCAACCCGCTGCCCCCCGAGCTCGAGCGCATCTTCTCGCGCTTCCGCCAGGTCTTCGTCGTCGAGATGAACGACCGCGGTCTCTACGGCTACGGCCAACTCGCGACCCTGCTCCGCGCTCGCTACGCCAACCCCGCCATCCGCTCGATCACCAAGACCGACGGACTCGCCTTCAAAGTCAGCGAGATTCAAGCCGGCATGGCCTCGCTCTCCGGCACCCGCACCGCCTCCGTCTCCGCCTACCCCGAAACGTAAACGCCTCGGTCCTCGGCGAAATCCCCAATCCCAACGATCCAAATTCCAACCGGAAACCGCGCATCGCGGTCGACCCTGGATCTTCATTCTTCTTACTTCACCCTTCTTACTTCCCTCCCCCCCGCCCCATGTCCGATACCGCCCTCGCCCCCGCCCCGACTCCGGAGGAACCCAAGCTCACCAAAAAAGCGCTCACCGCCGACCACCCCACGTGGTGCCCCGGCTGCGGTGACTTCGCCGTGCTCGCTTCCTACTATCGCGCCCTCGAACAACTCAACTACCCGCACGAGTCCATCGTGACCATGGCCGGCATCGGTTGCTCGTCCCGCTTTCCCTACTTCGTCAACTCCCACGGCGGCCACTTCATCCACGGCCGCTCCGTGCCGTTTTCCGCCGGAGTGAGTTTGTCCCGCGACGACCTCAAAGTGTTCGTCTTCGGTGGCGACGGCGACGGCTTCTCCATCGGCGGCAACCACCTCGATCACGTGGCGCGCAAGAACGTGAACCTGACCTACGTCATCATGGACAATCAGGTCTACGGCCTCACCAAAAAGCAGACCTCGCCGACTTCACCGCAGGGCTTCAAATCGAAGACCGACCCGTGGGGCGCGATCGATCAACCGATCAATCCCATGCGCAAGCTCGTCAACAGCGGCGCCACTTTCGTGGCCCGCAGTCACGCCACCCAGGTGAAACACATGGTCGAGATGATCAAACGCGCCGCCGAACATCCCGGTTTCGCCGTGGTCGAGATTCTCTCCGAATGCATCGAGTTTTTCCCCGGTGCATTCGACGACAGCGTGCCGCGCAAGGGCGGCGATTTCGTTACCATCGACGAAGCCGAGCACGATAAAACCGACATCACCGCCGCCATGAAACTCGCCAGCGAGCCCTGGCCCGGCCGGTTCGGGGTCTATCTCGAAATTCAGCGCCCCACCAAAAACGCGCTCGAAGCCGGCCTCATCACCAAAGCCCGCGAGAAAACCAAACAGGCCGCCGACAAAGACCTGTTGAAAGCCACGTTCGCCAAAATGCGCTAAACGCGCGCTGCCTCCGCCGGGATGTCACCCGGCGCGGGCACGCCGCGTCCTCCACGCTTCGTCAGGGCCTCAACTCAGGCCGAGAGCCGAACCGGATCGGAGTCGGTTTACGATCCCGACTGCACCAAGCGAGCTGTCATGGAAGCATGCGCCGCCGCAGAACGACCACCCGGAGCACCGATCAGTCCAGTGACAAGCTCCCGGAGTTCAGCCAACTCGTAAGGTTTCCGCAGCACGCCATCAAAGCCGTGTTCCGTCGGCGCAGACATCACCGGGTCCACCGAGTAGCCACTGGAGGCCACGGCTTTGACCTCGGGATCAAGTGTGCGCAAAATTGCCACCGTTTCCAATCCCCCCATGCCCATCGGCACAGTCAGGTCGAGCAACACCAGATCCGGCGTCTCGCCCCGCGCCTGTGCGGCTTTGAAAAACTCCACGCATTGGTCGCCGTGAAAGGTCAGCTCCACGTGGTAACCCAATCGCTCCAGGATCAACCCCAACACGCGATTCACCACCACTTCATCGTCCATCACCAACACCCGCAAAACTCGGGTGGGCGCCTCCGACTCCGCGAACGCGGGTGAAGCCTCCGAATCCCGCGCAAGCGCCCGCGGCGGACAATCGCCGCACCCGGTCTCTTGCCGAGCG
NZ_CP119075.1_gap76	3567292	3567946	654	TCCGCCACGGAGGGTTCATAGTAGTAGCCGTTCTGGCACAGCGCCACGTTGGGATGGTCCGGACCGTAGGTCTGCACATAATGCGCCAGGACGTTGTCCACGAATTCGCGGAACACGCCGTTGATCGCCTCCCGCGTCTCGATGTCGGACTTGCCCAGTCCGTTCGTCATCATGGCGCCCACCATGGGATGATATTCGGTCAGGATCACCGTGCGACCCAGTCGCGCCGCGGTGATCGCCGCCGCAATTCCTCCCGGCGTGCCGCCGATCACGACGACTTCGGCCGTCAAATTTGTTTCGCTATCGCTCATAAATCATCTCCATTCCCGTCGCGTTTTCTCGTTCCCATGGTCCATACGGTCAGTCCGGTCAGATCCCGCGTAGGGGCGTTCCGAATCCGGCTGACGGCGTAGGCCAGCACGATGAAGAGTCCGTTGACCAGCGCCCCGCTCCAGTAACTGTGCACCGGCAGGGTCAGGTTGGCGGGCAGCACTCCGGCCAGCCCGAGTCCGAGGTAAATATTGAAGCCGATCGCCAACGCCATAGCGATGAGGGCCGACGTGCCGTCCACGCGTCGACTGAAGAAGCCGAGCAGAAACAGTCCCATCAGACAGCCCCCAAACACACTGGTGACGATCAGGCTCACATCATTCA
NZ_CP119075.1_gap77	3574095	3576355	2260	ATGTTGGTGACATCGGCGTATTGCTCGATGATCGGACGCAGGTCGCCGATGCCGGACGGCGGATTGGGCCAGATCTCCGCCACGCCGAGGCCGTTGATGCCGGTATCAAAGTGGTAGGTGGACCGAATATCGGCCGGCAGGGTCGCCACGTCGTTTACCCGGATATCCGCACTGTCGTAACTGGAACCTTCCCCCGAGGAGGTTTGACCGTAGAGCAGGAAATTATTGGCGACCGGACCGAGGTCGAAACTGAGGTTCAGATCCGCCGTCAGCGACGAGCGTTCCGCATCATCCTCGCCTCGATTGTAACGCAGCCCGGCGCGACCGAAACGGGAGAGGTTGTCGGTGATCAAACCGGTGATCTCCGGTCCGCGACCGACGCTGGGCGAGCCGTCGGGGATCTGGTTGCCGGCGTTGTCGATGAAGATGGTGCTGCCATTTGAACGTGTGCGGGCGCCGGACGTCGTGCGCTCTCCGTAACGACCCACGACACGCAGGTCGGCTTCGACCGCACCCAAGGTGAAGTGCTTGCTGGTGCCGAATTCGAGGTTCGAGTTTTCGCTCTTGTTGAAGTTCTGAAACACCACGCTCATCTGGCCGCGTTCCATGAATTCATAGAACGGCGCGCCCCGGCCGTCGGGCGTGCCGAACGCCCAGACCGAATTGGAAACGCGCTTGGAGGTATCGTCCGCGAACGCCCCCCACGCCCATACCTTGAAGCCGTTGTCAAACTGGTAGGAAATGCTGGGATTAATCCACGTGGAGACACCGTCGGGTTCGCCCTCTATGCCCACGGGGCCATCCGTGTTGAGCACGGCGGCCGAGACCCGGTAACCGAGTTTGCCATCCGTGCCGGCCAGTCCGGAATGATCAACCGATGCCCGCCAGAAGTTGTAGCTGCCGATCGCCAGATCGATCTTGGTGAACGGTTCGGCGCGCGGACGTTTGCTGATGATGTTCACCGCCCCACCCGCGCTGTGCTGCCCGTAGAGCACACCGGCGGGGCCTTTCACGATTTCCACGCGTTCCACCATGGAGTAGTCGAATCCGCCGTTGTCGCTGAAGTTGAGATCATCAATGCCATCGCGTAGTGCTCCCGTGGTGACATAACCCCGAATGGAAAAATTATTGGACTCCTGCAGGCCGCCCCCGGAGTTGCCGTGGAACACGCCGCTGACGAGATTGAAGGTGTCGCGCAATTCGACCGCGGCGGTGTCCTCGATCAAACGTTCGTTGATGGTGATCACCGAGGCGGGCAGATCGGTGATGGGCACGGCGGTGCGCGATGCGGATAGCGAAGTGGTGGTGCCGTAGCCTTTGACCGAATCGGACGAGACTTCAAAGGCATCCAGAGTCACCACCGCGGAATCAGCATCGTCGCGGGCTGAATTCACCGCTTGAGCGGAAACAAAAGAGGAGAAGGCCGCCGAGAGGCACAGACTCGCACCGACGACGGAATATGGAAAACGCAGTTTCATGGGTGTGGGGAGGGGTTGAACGAAGAAGCGTCACCCCGCAAAGCGGAGCAACAGGCCGGACCATACAAGCGCGGGGTCCACAATCGGCGGAAAGAAATACTCGCAAAATAGTGAAATTTGTAACATCGAAAAATTTACCCCCTTTCGCATGACTGATCGTGAAATGCTACTCGAACACGCCCGCAAGCTCATGCTGCCCGGGGCGTTGCACCGCTGCCATCGAATCATCAAGGGTCTGCAGGCGAGAAACCTGCGGGGGGAGTCCTACCTGCGGGAAAGCCAGCGGTTGATCCTGGTGGTCTCCGGCGAAGCCCGGTTCGTGGGGGTCGAGGCGGGTGAGCATTTCGATCTGAAACTCAAAGTCGGCGACGCCATATTTTTTGGCCCGCGGTCCTATATTTGCCCCAAACCCCGGCAGAGTTACCAGTCGCTGGGATTGCTGTATCAACCCGACGACGCCCTCATCAAACTGAGTCTGACCTCCCGCGTGCCGGGCCCCACCGGCGTGACGCTCAGCTACCTCGCACAATGGGAACTGTGGCGCAAAACGCATCTGCGGCTCGACTATTTGTTTCGCCTGCTGGGGGAAACCGCGCCCGTCGCAACCGCAGACTCCTACGTGCACAAATTGTGCGAACTTCTGGTCGCGGAAGCCATCGAACTCCTCAATGCGCCGACGTCGAAAAACCCGGAGCCCGGCAGCTACCTGTGGGAACGGGCCTGCACTTACCTGGCGGACCACTGGGCCGATGCGAGTATCAGTCGCGCCTCTCTCGCCCGCT
NZ_CP119075.1_gap78	3577636	3582585	4949	CAGACGATCTACTTCACCGTCGCGAGCGACATTAAGAAGGAATACTACCTCGCCGTCCTGCTCGACCGCGCCACGTCCTACCCCGTCATCGTCGCCTCGACCGAGGGCGGCATGGATATCGAGACCGTCGCCCACGAGACACCCGAAAAGATCACCAAGGTGTTCGTCGATCCCGCCTACGGACTCGCCGACTACCAAATCCGCGAACTCATTTTCTCCCTCGGCCTCGACAAGACCGAGTCCAAGAACGCCTACAAGCTCATCAAAAAGCTCTACGACTGCTTCTGGGAAACCGACGCCGCCATGATCGAGGTCAACCCCCTCATCACCACGCCGACCGGCGACGTGCTCGCCCTCGACGCCAAGGTGTCGTTCGACTCCAACGCCCTCTACCGCCACCCGGATATCGTCGCCCTGCGCGATCTCAACGAAGAGGACTCCAAGGAAATCGAAGCCTCCAAGCACGACCTCGCCTACATCGCCCTCGACGGCAACATCGCTTGTCTCGTCAACGGGGCCGGTCTCGCCATGTCCACCATGGACATCATCAAACACTTCGGTGGCAGCCCGGCCAACTTCCTCGATGTCGGCGGCGGCGCCACCAAGGAAAAGGTCATCGCGGCCTTTAAGATCATCCTCGGCGACGCCAACGTGAAGGGCATCCTCGTCAATATCTTCGGCGGCATCATGGACTGTAACGTGATCGCCGAAGGCATCGTCGACGCCGTCAAGGAGGTCGGCCTCGAACTGCCGCTCGTCGTGCGCCTCGAAGGCAACAACGTCGTCGCGGGCAAAAAGACGCTCGCCGACTCCGGCCTACCCATCGTCTCCGGCACCAGCATGGCCGACGCCGCTCAAAAAATCGTCAACCTCGTCGCCTAACTTTCGATGTCCATTCTCATCACTCCTGAAACGAAGATCATGGTCCAAGGCATCACCGGTGCCTTCGGCGGCAAGCACGCCGGCCTGTCACTCGACTACGGCACGCAGCTCGTCGCCGGGGTCACGCCCGGCAAGGGCGGCCTGACCTTCGACCACAACGGCCATTCCGTGCCGGTGTTCAACACCGTCGCCGAAGCCGCCGCCGCCACCGGCGCCACCGTTTCCGCCATCTTCGTGCCGCCTCCTTTTGCCGCCGACGCCATTCTCGAATGCGTCGACGCCGGGCTCGACCTCGCGGTCTGCATCACCGAGGGTATTCCCATCAAGGACATGGTCCGCGTGAAGCGCGCCATGACGGGCAAGGCCACCCGCCTCGTCGGCCCGAACTGCCCCGGCCTCGTCACGCCCGGCACGGGTGAAAACTCCTCCGGCGGTTGCCGCATCGGCATCGCTCCGGGTTATATTCACAAAAAGGGCCACGTCGGCGTCGTCTCGCGCTCCGGCACCCTCACCTACGAAGCGGTCTACCAGCTCACCGAAAAGAACATCGGCCAGTCGACCTGCGTCGGCATCGGCGGTGACCCGGTCAACGGCACCTCCCACTTGGACGTGATCAAGCTCTTCAACGAAGATCCCGAGACCCACGGCATCATCCTCATCGGTGAAATCGGCGGCAGCGCCGAAGTCGAAGCGGCGCGTTGGATCAAGGACAACTGCACCAAGCCCGTCGCCGGATTCATCGCCGGTGCTACCGCGCCTCCCGGCCGTCGCATGGGCCACGCCGGCGCGATCGTCGGTGGCGCCGAAGACACCGCTGAAGCGAAGATCAAGGTTTTCGAAGAGTGCGGCATCGAAGTCGCCGTGACCCCGTCCGACATGGCCGACGCTCTCCTGCGTTCCGCCGAGGCCAAGGGCGTCACGCTCAGTTAAGCAGCCCCACCGCATTTCAATCATTCAGCCCGTCCTCCCCGGACGGGCTTTTTCGTGGCCGCTTGTGCTGATGCGCCCGGTCGGTCTACGCTTCCCGCCATGGCTCGCAATGATCACTTCTCGGCATTCGCCGCGACCTACGCCCAGTTTCGGCCGACCTATCCGGACGCGTTGTTCGGCTGGCTCGCCCGGCAGTCCGACGCGCACGGTCACGCCTGGGATTGCGCCACCGGCAACGGGCAGGCCGCGCACCAATTGACGCCCCACTTCGAGCGCGTCACCGCGACCGATGTCGGCGCCGCGATGATCGCGCACGCTCCGCCGCATCCCCGGATCACGTTCGCGGTCGGTTCCGCCGAACACCCACCCATCGCCGATCACGACGTCAATCTCATCACCGTCGCGCAGGCGCTCCATTGGTTCGACCTGCCTGCTTTTTGGCAGACCTGCCAGCGCGTGCTCCAGCCGCACGGGGTGCTCGCTTACTGGGGTTACCTGCTCCCACAAATCACGCCCGCCGTGGACGCGTTGGTCATCGCCTACCACGACGACGCGGTCGGTCCCTACTGGCCCGACGATCGCGGACCGTTGCTGACGCACTATGCCAACGTTTGTCCGCCCGCGGAACGAATCCCCACTCCCACGTTTGCCATGAACGCGACCTGGACGGTCGATCAACTCATCGGGATGCTCGATTCGTGGTCGGCCACCCACCGGGCGCGGGCTGCCACCGGTAGTGATCCGCTGGCACCGTTCGGAGCGCGTTTGCGTGAGGCGTGGGGAGCGGAGGCCACCCGCCCGGTCTCATGGCCGATCACCGTCCACGCGTTTCGTTTTTAGGCAAACACCGCCCGCTCGAACGGGGAGCGGGAATTGTTCAGCGTGAACCCGGTCTTCTCGGTGTCGCGCACCCGGGCGACCATGCGGGCGTTCATCATGGTCGTGCCACGATCACGCAGACCATAACCGACCAGCCACTCATTGCCGAGATAGGTGATCCCCGACAACGTCGGTTCGTGAATCACGGTGGGCTGCTTGCGCCGGATGAGTGAGACGGTGCGCACCGACGCCGGATCACGGGCCATGAGTTCGGCGGACGCGTGAGCAAAAGTGCGCCCGGTGTCGCAAATATTGTCCACCAACACCACGTGACGGTCCGTTACATCCACCTCCGGCCAATCTATCGTCACCGCCTCGGCGGGCTTCGCGGTGAGGTCTTTCGCATAGCTCCAACCCCGGCAATAGGCGGGCTCCACCGAGTAACGGATGCGTTGCAGCAAATCCGAGAAGAAGAAGGCTCCGCCTCTTAATACACACATCATGAGCAACATGCGTCCATCTTGCTCCAAGCAATCCCGGGCCCACGCTTCGACGTCGACCGCCAGCGCATCGACCACCATGTCGATATCTTCCGCCGGTTGAACCAATTCAAGATGCTGAGGCAGGGAAATCATCGGCGCCACAAAGGACATGGACTTGGGTGCAGCATCACGGAGGCCAAACGAACCGCCGGCGCCACACCATTAGACAATCTGTCCGCGGTCGCTCCTCACGCGGCCTGTCGCTACACAAAACGATGGGCAAACCCTGCCGCACGTGGTTCCAATAGCGTATGAACGTAAAGGGAAACCCCACGCGCACGATCTGGCCCGGCCCGGATGGCACCTCGGTTGAAATCATCGATCAGACCGTCCTGCCGCATCGCTACGAGATCGCAGTATTGCGCACCCTCGACGATGCCGCGCACGCGATCCGCGCCATGTTGGTTCGCGGGGCCCCGTTGATCGGCGCGACAGCCGCATGGGGAGTTTGGCTGGCTATGCAAAACGACGCGTCCGACGCCGCTCTCACTCGCGCCTACGATACCTTGTTCGCGACGCGTCCCACCGCCGTGAATTTGCGCTGGGCCTTGGATCGCGCCCGCACCCGGCTGAGCCCATTGCCGGAATCCGAGCGCGCAACCGCCGCTCGGGCGCTCGCGATCGAGGTGTGCGACGAAGACGTGGGTATAAACCACGCCATTGGCCAAGCCGGGTTGGCGCTCATTCGCGATATTGCCGCCCAAAAACCTGCCGGCCAGCCCGTGAACATCCTCACCCATTGCAACGCCGGCTGGCTTGCCACCGTCGATTGGGGCACGGCCACTTCCCCCATCTACCAAGCCCACGATGCCGGCATCGCGGTGCATGTGTGGGTCGACGAAACTCGCCCCCGTAATCAGGGTTTCAATCTCACGGCGTGGGAACTGCTCAACCACGGCGTGCCGCACACCGTCATTGTCGACAACGCCGGCGGTCATCTCATGCAACACGGTCAGGTCGACCTCTGCATCGTTGGGACCGATCGCACCACCGCCACCGGCGATGTGTGCAACAAGATCGGCACCTACTTGAAGGCGCTCGCTGCCCACGACAACGGCGTGCCGTTTTACGTCGCCCTGCCCTCGCCGACGATCGACTGGACGGTGCGCGACGGCGTAGCCGAGATTCCGATCGAGGAACGTTCCGGCGACGAGGTGACGCATATCGCCGGTCTCGGTCCGGACGGCACCGTCACCACAATTCAAATACCACCCACCGGCAGTCCGGCGGCCAATCCCGCTTTTGACGTGACTCCCGCCCGTCTCGTCACCGGCCTGATCACCGAACGAGGCGTTTGTCCCGCGAGCGCCGCCGGATTAAAAAACCTGTTTCCCGACCAAAGTATTTAACCCATCGTTCTCGTTCTCTTAATCGTTCTCGTTCTCGAATCCGAGACCGGATGCTACGGAAGGAGAACGAGAACGATTAAGAGAACGAGAACGAAACTGACGTGAACGACCTTCGCCAAGCCATCATCGATACCTGCCTCGCCCTCGAAACCCGCGGGCTCAACCAAGGCACGTCCGGCAACGTTTCCGTGCGCGACGGCGCCGGGGGATTTTATCTCACGCCCAGCGGCGTGCCCTACGCCGCCATGACTCCGGCCGACATCGTCCGGGTCGATCTCGCCACCGGCGCGGTCACGGGATCGCGCAAGCCGTCGTCCGAGTTGCCGTTTCACCTCGCCATTCTGCGCGCCCGCGCCGACGCCGAAGCGGTGGTGCACACGCACAGCCATTACGCCACCGCCGTGGCCTGCCTGCGCCAAGACATCCC
NZ_CP119075.1_gap79	3615551	3616787	1236	GAGATTGGGATCACCGGGATCGGCCCAGACTTGGCCAATCTTATATCCCCCCAAGTCGTTATAAAAACCGACCGCATAGGCGTGACTGACCTGCGTCTGCTGCGGCCCCAGCATCCGCTCGTTGATCGGCCCTTCCTGCGTGAGCCCGTGAAAGCCTTCGCGACCGGTTGGGCCCCAGTGCTGCCACGGGACATGAAACCAATCCCGCACTTTGTTATCTTCGAGAAAGAACGAGTTTTCGATGCCATCGGGCCGCGCATTGCCTTCAAAAACGTAGCGACGCACTTCCATGATGTAGTCGCGCCACGACGTTTCGAAGTCGATGTCCAGAATTCGCTTCACGCCTGCATCCATTTTGGGTTTCCGCTGCGGAAAATCCTGGGCCAGCACGAAAACTCGATCGTGGTAACTGTCGGCCGAAAGCATGAATCCGAAGTCAGGGAAATCGGGAAGTCCCTGTTCTTCCTGGTAGAGCGTCTCGAGGGTGGATTTTAGCGAATCCTGGGCCAGCACTCCGGCCTGGCTCCCCATGAAAAGGGCGCCGAAAAATATGACGGCGCACCGGTGTTGATTTAAAGCATACATGTTGGTAGCTGGGGTTTAACGATTTAGCGAATAAACGCAGATGCATCCGAGCTCCGGTCACGGAGTCGTTCGGCGGGGGTAAACATGATGCGAAATCGCACCACGGCGGGAGCCAGCAAGCATGCCGGAACAGTTAAAAACCGACCCGGCGAAGCCTCTCCCGCCTATAACGGCCGAATACCTCGCGATCTTTCAAAAATAAGGCGGGGCACCGCTTTCTTCGGTCCGGACGGCCAAACTTGGACGTTGCACGGTAGGCCCACTCCAACGGATCGTTCCGGCTGCCTGCCGATGTCCGACCTCACTCAGCAACACGCCCTCGAACGCTTGAACTTTACCGGCGACACCTCCGTCGCGGATCGGACGTCGGCTTGCAAAAACTTCCTCCAACTCGAGACCAGCCGGCTCAAAATGCGTCACGACTCCGGCGCGCCGGGCACCGAAACCGCCGCCGAACTGGCCCACGCGGTCGATGTGATGCTGGTGCAACTTTTCGAGTGCGCCCTCGGCACCTGGGAACGCGCCAACGGTAAACTCCCCAGTTCGGTCAGCCTGATCGCACTGGGCGGCTACGGTCGCGCGGAACTGAGTCCGCTGAGCGACATCGACCTGATGTTCCTCTTCCCCGCCAAGACCCGTGCGTCGTTGGTG
NZ_CP119075.1_gap80	3624257	3625298	1041	CCGCCACCGCCGACCGTCCGGTCAACCTCGGTTTCGCGTCCTGCCAGAGTTACGAAGGCGGCTACTACCACGCGTGGCGCACCCTCCTCAATGAGGACCTCGCCGCCACCGAGGCCGATCAACTCGACTTCGTGCTGCACCTCGGCGACTTCATTTACGAGGCGCTCGGCTATGGCGAGACGCGCAAAATCGAAAGCCTGCCCAGCGGCGGCGGCACCCCGCCCGAATGGGCCGGCGGCGTCTATGCCGTCACCCTCGAAGACTACCGGTTTCTCTACAAAACTTACCTCCGCGATCCCGATCTGCGCGCCGCCCGCGCCCGCTGGCCGTTCATCAACACGTGGGACGACCACGAGTTCTCCGACGATTGCTGGCAGTCGGTCTCGACCTATACCAACCAACCACTCGCCGAACAGCGCCGCAAAGTCGCCGCCAATCAAGCGTGGTTCGAGTTCATCCCCGCCGTCCTGTCCGACCATTCCGGCTCGGCTGGCATCTCCAACCAGGCCCACGATTTCAAACCCGCTTCGGTGCAGAACGCGCCACTCTCCGGTCGTGTCGACGACCACGGCTTGGACCAGGAAACCAACAACCTCAAGGCCCTCGCCACCCTGTCGATCTACCGGTCGTTTCGCTACGGCCAACATGTCGAACTCGTCGTCACCGATACCCGCTCGCACCGGTCCGCCCATCCCGTGCCCGCGGAGCTCAACCAACAGATTTCCGGTTCCGCCCGCTACGTCACCCCGTGGGAGATTATCAAAATCTTCGACGCCGGCCGCACGTTCAACGGCGGCAACCCTCCGGCCGAGATTCCGCTCGGTCCGGATAAAAGGATCCCCAACGTAAACCGCCACGCGCCCGCCGGCACCATGCTCGGCGCAGCGCAAAAGGCATGGTTCAAATCGACACTCAAAGCTTCCGACGCCACCTGGAAAATCTGGGGCAACTCCCTGCCTCTGCAGCCGCTCCGGCTCGACTTTCACCACCTCGATCCAGCCAAAGGCGCGGAGCTCGCCTTCACCACCGACTGCTGGGACG
NZ_CP119075.1_gap81	3629507	3631937	2430	GTTCAGCACGAGCGAAATGACCGGCCGCCATTTGGGTCGCACCGGTTTGCGGATGAGCCGCATGTGCGCCTGGTGCGGCAGCCGGTTGGCCTTGTGCGAATTGCACTTGATGCACGAACACACGATGTTCTCCCACGTCGTGCGCCCACCGCGATCGCGCGGGATGACGTGATCAAGATTCAAGTCTTCGCGCTTAAATATGCGGCCGCAATATTGGCAGGTGTCCTTGTCTCGCTGGAAAACATTACCCCGCGTGAGTTTGATCTCTTTGCGCGGCAGTTTGTCGAAAAACGTGAGCAAAATCACCCGCGGCAAACGCACCATGGTGTTGGGCGTGTGCACCGCATCCATCTCATCAAGCGGGGGATTATCGACGGAGAAATCCATCCAATCCATGAACGAGAACACGCGGAAGTCGTCGGTCGCGTGATGGATCACGGAAGCGTGCCCTCTCGCGAGCAGCCCAAAGGCGCGTTTCGCGCCGATGACGTTAACCGCCTGCCAAAGGCGATTTAAAACCAACACAGGTTGTTCCAAGACGGCTTCCATGTCGGGTCCCCGGAGTAGTGACCGACCGGAGACGTGTCAAGAAACACGCCGTGACGAGTGCGTCACGACCCCCTCATCGTTCTCTTTCCTCTTTATCTTTATCGCCGACGAGAGAAACCCCGCCCGACGCACAGGGAGAAAGGTTAAAGAGGAAAGAGAACGAGAACGACGGCCTCCGCGCCGGGCCTCAACCGGCCTCGGCCGCCGGAATCGGCTGCACCGTGACGCCCTTCATGCGGACCCCGGCGAGCTTTTGCAGCACGACATCGACGGCATCATCCGCGACATCGACGAGGGCATGCCGCTGTTTGATGTCGATCGCCCCCACGATGTTGGCGGGCAGTCGCGTGGCACCGGCAATTTTGCCGACCAGATCAGCCGGCGTAATCATTTGCTTTCGGCCGACATTGAAAAAGACCGTCGTGTAACCGGACTCCCGACCGGTCCGGCCCGGACGATCATAGGCTTCCTTTTCGGGATAACCACCGCGCCCGCGTTCGCCGCGATCACCACCGCGCTCGTATCCGCCGCCGCCGCCACCGCCGCGACGGTCGTCATCCCGACCCCCTCGCGAGGGAGCGGGGGCCGGTGCCGCGGGCTTGGGCTCGGCGCCGGCGTTCATCATGTGAATCAACGCCGAAGCAATGTCGGTGCTCAAGTAGCCTTGCTCCATCAAACGGTCGATCATCCGCTCGCGCTTCACAAATTTGCCCTCTTCCAACGTGCGGCGGAGTTTTTCGAAAAACGCATTCTCGCGTGCCTCTTCGACCTGATCGAGCGAAGGGATGCGCTCGCGCCGAATGTCGAGCCGCGCGTAGCGGATCATACCCTGCAGCTTGTAGATCTCGCGACCCGAAACGAACGTGAAAGCGCGGCCGGATTTGCCGGCGCGACCCGTGCGACCGACGCGGTGGGTGTAGTCCTCACCATCGTTGGGCAGGTCGTAATTGAACACGACTTCGAGATCGTCGACATCCAAACCGCGAGCGGCGACGTCGGTGGCGATGAGAAATTCAAAGCCCTTGCGCTTGAACTTCTCCGTCACGCGATTGCGTTGCACTTGGGAGATGTCGCCATGCAAACGGTCACAGGCGTAGCCCCGCGCGTGCAGCAGCTCGTTGAGCTCATCGACCATGATCTTGGTCGAACAAAACACGATGCCATGGCGGAAGTCGTGCAGATCGATCAAACGCGTCAGCGCCTCGACTTTGGAACGGCGGTCCACTTCGAAATACACTTGGTCCACGGACGGCGCGTTTTGCGCCTGCGCCTTGATCTCCACGGAGGCGGGGTTCGTGGTGTAGCGACTGATCATGTCGCGGATCAACTTCGGCATGGTGGCCGAGAAAAACAGCGACTGCCGTCCCGGAGGAGTGGTCTTGAGTATATGCTCGATGTCGTCACGGAAACCCATGTCGAGCATGCGGTCACACTCGTCGAGGATCACCATTTTAAGATTATCGAACGCGAGCGTGCCGCGCTCCATGTGGTCCATGACGCGACCCGGCGTGCCGATCACGATCTGGGCCCCGGCCTTCAGCGCCCGGTATTGGCGCTCGTAGCTTTGACCGCCGTAAATCGGCACCTCCATGACCCCGCGCTTGAAACCGGCGAGCTTGTTGACCTCCTCGGCCACCTGCACCGCCAACTCGCGGGTAGGGCACAGGATCAGGGCCTGCACGCGCTTCAATTTAGGGTCCACCATCTCGATCGCCGGGATAGCGAAAGCCGCAGTTTTGCCCGAGCCCGTGGCTGATTGTCCCACGACGTCCCGGCCTTCCAGCAACAGCGGGATGACAGCGGTTTGAATCGGGGAAGCCTCCTCAAAGCCCATCTTGTCGACGGCTTTGAGCACTTCGGGGGAGAGCCCGAGCTCCGCAA
NZ_CP119075.1_gap82	3633656	3635379	1723	GCGATGGCGTCACGCCAATTTGGATACGTCTGCGCCAGTTCAGCCCGGTCACCGAGTTCGAAATCCTCCCAGCGAAACTCCGGCGCCATGATACAGGAGACCAGTGCCCAACGGCCCCCGGCCACCAACTTGGTGCCCTGCCACACTCCTGCTGCAACCACATCCTGCAGTCGGCTTCCCATGGCCAAATGGGAGCCCAACAGCACCCACTCACCGTGGCCGTCCGGGTAAAGCCGCAGCGACTCCAGCGAGTCTCCCGCGTGCCAGCACCAGATCTCATCGGTGGTGAGCCGATGCAGGGCCGAAAACGCGTCCGGCGTGAAGAGCGCATAGATGACCGAATACGCCCGCGTGGCTTCGGCCGTGCTCTCCACCTGCTTCACCCATAGACCCGACTCCGCCGTGCGCCGAAAATAGCCGCCTTCCTGGTCCAGCGGCTGCAAATCCAGCGCCTTCACCACTTGGGCCGCCGTGTGTGTTTCGCTCGAAAATTCATGCGATTCCAGCATGTCTCTCAGCATCGCGGTTGCTCCCACCCGGTCAACGCACGAACCCGTGCAATGCGATTGCCGCGCGCCTATCCCTCCTCCAGCCTCCCCTCCATGAACAAGGTGAACCTGCGCGATATTGCCGAGGAAACATCTGCTTCGCCCAAAGGAACTTTTGGCGCTGTCTACCAAGGATTGTCCCTCGCCCTCGGCCGTGATGAAACCTCGACCGACTTGCTCAAACGCCACCCGTTCGATGTCGAGGTTGTGCGTGTGCCCGCGGGCAAGGCCATCTGTCCCTACCACTCCCATTCCGCCCAATGGGAATTTTTCCACGTCATCAGTGGCCGGGGCTCGGTTCGCCATGCCGATGGCGTGACGGAACTGGGGGCCGACGACGCGTTTCTCTTTAAACCCGGCGAACCTCACCAGATCCGGGCGGCCGATGAACAGGAAATCGTGCTCTTCGTCGTCGCCGACAACCCGATCGGCGAATCCTGCCACTACCCCGACAGCGGCAAATGGTTGGTGCGCTCGCCGGAACGGCGGCTCATTCGGTCGGAAAATTTGAACTACTTCGACGGCGAAGAGTAGAGGCGTCCCCGAGGTCAGCCCGCCCTGGCATACTGTTCCTGCCACTAAACCAGCCCGCCAAACGCGATTCAGTGAGTCACGACGTGGGCGAGGAACTGCTGAAGGCGCCTCTACCGGCTGCCCGAACTTGAACCTCATGAACCGGTTTAAACCGGTTGTAACCTTGCCTTGGTGATGAAATTTCACTGCGCTCCCGAGGTGCGTTTAAGACACTTCGGACTTTCTCTGCTGGTCGCCGCCAGCTCCGGTCTCCTGTTGGCGGAGAATGATTGGATACCCGAGGTGGACGGCCTGCCGCTCGATCCCGCGATTCATGCCCGCACCCTTCCCTCCGGTCTGCGCTACCTGCATGCTCAGCATGCCGATCCCAACCAACACGTAAGTCTGCGACTCATCGTCCAGGCCGGCTCCAATGACGAGGCCGACGACGAGCTCGGCTACGCCCATTTCGTCGAGCACATGGCGTTCAACGGCACCCGCAATTTTCCCGGCGAAACCCTTGGCGCAAAACTCGCCGAAGCCGGCATCCGTTTTGGCCCCGAGGTCAACGCGTTCACCATGCCGGCACTTACGGTTTATCAACTCGATCTGTCCCACTACGATCCGGAGACGTTCGAACTCGCGCTCCAGGTGATGCGCGA
NZ_CP119075.1_gap83	3639351	3643162	3811	AACCCGAGGCCTGCCCGGTAGAGCGCAATCGCCTCCTCGGGCGCGTCTTGGTTGCTGGCGACGATGCCCCGATTGTTGAGCACGTGGGCGAGCAACCAGCGGTCATTGAGCGCTTCGGCCTCGCGTTGCACGGCAAGGAACGTGGTCTCGGCGGCGGCGTATTTGCCCTGGTTCCACGCCACGCGCCCCCGATAGTAGTGCAGTCGAGCGCGCGCCGCGCGTGTTTCGGGGGTGGCGGGATGGGCCAGTCCAGCCTCCAGGACCGCCACGGATTCGGCATAGGCACTGTGTCGGCGCAACGCATCACCGAGCTGGGCGCGCGCGGTCAGTTCGTATTCGAGCGTGCCGGACGAAAGCGCCAGCGCGAGAGCTTGGCGGGCCGTGGCGATGCTGCGTTCCGGTTGATTCGCGGCCAGTTTGGCGGACTCATCTATCAGCATTTGAATCTGCTGCGCGACCTCGTCCGGGGTTTCCGTCGCCGTGTGGCCTTCGAGTGCTGTCACCGACAACATCCCCAACAATACGACAAACTGCAGAATTCTACTCGGCATGGGCGAGGCTCGCGGCGTTGCCCGCAGCACGAAACGGCAGGACCGCGTTGGCAAGCTTTTCAGTTGCGGAAATATCATTCAATCTGCGTTTTACGAAGCAATGCCCCGTTCGGATTCCTCGCCCCGCATTCTGGTCGCCGACGATCATGTCCTGATTCGCGAAGCCATTCCCAACACCATCCGCCAACACCTGCCCGGCGCGACTTTCGCGCTCGTGGGCGATGCGACCGCGACGCTGAAGGCGGTGACCACCAGCTCGTGGGACCTCGTGGTATTGGATCTGGGTCTGCCGGGCAGTTGTGAAATGGATACGGTCCGAGCGCTGCGTGAGCGGTGCCCCGCCTTGCCCATTCTGGTATTCACCATGTTCCCCGAATCCAAAATGGGGGCCGCCGCCATCGAGGCCGGAGCCTCGGGCTATTTGTGCAAAACCGCCGACCTCGCCGCCTTGGTCCAAGCCACCATCACCCTTTTGGAGGGTCGGCGCTACCACAGTGAAAAACTCGGCCGCCAACTTGCCCAACGCAGCACTGCACGTCGGGGAAATCTCTCCGCGCTATCGCCCCGCGAGGTCGAAGTGCTCACCCAGCTCGGGGCGGGTCTCTCCAACAAGGAAATCGCGGCGCAACTCGATTTAGCCGTCTCGTCGGTCGGCACCTACCGCGCTCGTCTTCTCGAGAAACTCCAACTGCGCACCACGGCCGACCTGCTGCGTTTCGTGGTCGAACATGGCTTGCACGACCGCTGATCCCGCTCCTCAACGCACCTGCAGGGTGTCGCCGCCGAAGGTGAGATCGAGGGACGGCACCACGACGGCCTTGCGGTCGCCGTCCTTGTGCACGCGACCGGCGATCCAGGCGTCGTAGCCGGTCGCTTGAGCCGCGGCGAGGGCCGCGTCGGCATCCTTGGGATCCACATAGGCAGCGAAGCCGATGCCCATGTTGAACGTGGCGTAGGCTTCGCGCAGCTCGATGGGGCCCTTTTCCATGAGAAATTTAAACAGCGCCGGCTCGGGCCGCACATTCGTGATTTCGTAAACGAACGGCTCGTCGAGACGCATCAGTTTGCGCCAGCCGTGGCCGGTGACGTGGGAAACGTAATTCAGCGTGATACCGCGCTGCTGACACTCACGCACGAACTTCACGTAGATGACCGACGGGGCGAGCAGGCCTTCACCGTAGGTGCGATCATCACCGTGACCGAGCGGTGTGGCGTAACCGTCGGGCAGGTTGTCGGCGATCTTGCGGCACAGGGTGAGGCCATTGGTCTGCACGCCGGATGACGCGAGGAAAAGGATGCTGTCGCCGTCCTTGGCCTCGCCGGTGATGCGCAGGCTTTTCGGTGCGATACGCCCGACCGCCGAACCCGCGAGACAGATGCTTTGTGGTTCAATGATGCCCTTGAGCGTCGGCGTTTCGCCTCCGCCCCAGACCGCCCCGGACATGCGGCAAGCTTCCGCCCAACCGTCGACCAGCGCCTGCGTGCGCACGGCGTCTCCAAACCAGCTCGAATCGCCCACCGCCGCGTGCATCGCGAGCGAGGTCGGCAGGGCGCCGCAGGTGATGAGGTCGTTGACGATGGTGGCAACCGTATCGATGGCGACTTCGCGGTAGAAGCACTTACCCGACTGCGCGTAGACAGCGTCGGCGACGAGATTCTTGGTGCCCAGACCTTCCTCCACGTGGGCGAGAAAATGGTCCTCGGCCTCCATAAGGTAGCAGCTCTCACCGCGCGTCTCGGCGGGCTCGCTGTAACCGTGAGCCGTCAGCAGATCGGCCGTGGTCTTGGCGGCCTTTTGGCAGGCGCGCTTGAAGGCATCGAGTTCATCGTAGCGGACACCCGCGGATTCGTAGGAAAGGCTCATGAGATTGGGGATTTTTGAATCTCGATTTTCGAATCTGGTTCAGGATTCCGCGCCGGAGTGGCCCATCCAAAATCCAGAATCAAAAATCGAGAATTCCATCAGTAGGATCGGGCGGTGGATTTCTCGAAGTAGTTGATGTAGGCTTGGTTCACGACGCGGTAACCGCCGGCGGTGGGGAAATTACCGGTAAAATACCAGTCGCCGGAATGATTCGGCACGGCGGCATGGAGATTTTCCACGGTCTGGTAAATCACCTCCACATCGCCCGCCCAATCGACATTGGTCGGATAGACAATGCGGCTGATGCGCGCCGAAATTTCCTCGGGCGTGAACCGGTCGTAGATCTTTTTGACGTGGTTGACCGACTCGCCTTTGGCCACGGCTTCGCGACAGAGCCGATAAACATCGGCCAGAAGTTCTTCCTGGCCCGTTTCCTTGATCAGGAGAACCGCCGCTTCAAAGGCGATGAATTTGCCGATCTCCGACATGTCGATACCGTAACAGTCCGGATAACGAATCTGGGGAGCGGTGGATACGACGATGATCTTGCGCGGATTGAGCCGGGTCAGAATGCGCAGGATGGATTTGCGCAGTGTGGTGCCGCGCACGATCGAGTCGTCGACGCACACGAGGTTGTCCTTGCCCGCCACCACGGAGCCGTAGGCGATGTCGTAAACGTGGCTGGCGAGGTGGTTGCGCAGGCCCTCCTGACCGATAAACGTGCGCAGCTTGATGTCTTTGGAGATGACCTTTTCCGAACGCGGCCAATTGCGCAAAATCAGGTTGTCGAGGTGCTCCTCCGTGAGCTCGCCCGCTTGGGAGGCGCGTAGAATCTCGTCTTTCACCTCCGTGCGCCGACGCTCGCGCAGGGCCGAGACGAGCCCGTAGTAGGCGATCTCGGCGGTGTTGGGAATGAAGCTGAACACCGAGTCGCCCCAATTGTGGTCGACCGACTCGATGACTTGGTCGGCGAGCCGCGCTCCGAGGGCTTTGCGCTCGCGGTAGATGTCGATGTCATTGCCGCGGGAAAAGTAGATGCGCTCGAACGAGCACGACGTGCGCGGCAGCGGCTCACGGAACGGCTTCGACGTCACCTCCCCGTTCTTCTTGATGACCATGACGTGACCGGGCGTCATTTCCTCGACGGTTTCGAGCTCCGCGTCGAAGACGGTCATGAGCGGAGCTCGCTCGGACGCGACGGCGAAAACTTCGTCGTCCTCGTAATAAAACGCCGGCCGGATGCCCGAGGGATCGCGCACAATGAAGGCGTCGCCATTGCCCACCGCCCCGGCGAGCACGTAACCGCCGTCCCACTTTTCGCCCGCGCGACTAATGACGCGGTGCAGGTCGAGGTCGCGGCTGATTTGGGCGGAAATCTCGCGCCCGGGCAGTTTCT
NZ_CP119075.1_gap84	3703537	3705315	1778	CTTCGGCTGCGGCAAATCGGGCGACTTGATCACATTCGTCCGCGAGACCGAGGGGCTCAACTTCATCGAGTCGGTCGAAGCCCTGGGACAGCGCTTCAATGTGCCGATCGAATACGAAAACGGGGCCGGTCCCTCGCGCGAAGAGCGTTCACTCCGACAGGAGATTTTCGAGCTCCACGAGATCACCGCCCAACACTATCACGAATGCTTTCGCGCCGCCAATGACGTGGGCAACTGGATGCGGGACTACTGGGAAAACCATCGCCGTTTCACGCCGGAACTGGCCGAAGAATTCAAAATCGGCGCGGTCGGGGCCGACGGCAGTGGCTTGGGCGGGGTGTTGATGAAGCACGGCTTTTCCGAAGCCGCCCTCCGCCAATGCGGGCTCTTCTTCATCTACGAAGATGCCGCCCTCACCTTGCATTCCTTGCGACCTCGCTTCCGGGGCCGCCTCATGATTCCGATCCGCGATCACCAAGGTCGCGTGGTCGCCTTCACCGCCCGCCAAACCGAACTCACGCCGGACAACGATCCCGCGAAGGACGCCAAATACGTCAATTCCCCCGAAACCCCGATCTTCGTCAAAGGCAACCTGCTCTTCAATCTCGACCGCGCGCGCACCGCGGCGGGCGAAGGGCACCCCTTCGTCATGGTGGAAGGCCAGCTCGACGCCTTGCGCTGCTGGAGCGTCGGCCTGAAAACCGCCATCGCCCCTCAAGGCACCGCCATTACCGAAACCCAACTTGCCTTGCTCCGCCGGTATCACAATCAGGTCGAGTGCTTCTTCGACGGCGACGGGGCGGGACAAAAAGCGGCGCTGCGGTTTTTGCCCATGGCGCTGAAGGCGGGCATGGAAGTCCGGTTCCTGACCTCGAAAGGCGACGCCAAACTCGATCCCGATCTCCTCTTTCTCGAACGCGGACTCGCCGGCTACGACGACGTGAAAGCCGCTTCCCAGACGGCCATGGAATTTGCCGGGCACGCCCTCCTACCCGATGGCCGCAAATCCAGCGCGGAGCGCAAAGCCGCCGCCGTGCAGCCGCTGTTCGAGATTATCATTGCCGCTGAATCCGAAGTCGCCCGGTCGGAATTCATCAACGAAGCCAGCCGACGCCTCGGGTTGTCGGCCCTCGCCCTCACCCGCGATTTCGAACAATTCCGCCAACGCGGCAGCCGCTACGCCCCGGTCCACCGCGAGGAACCCGCGCCGCCGCCCGCGCCCACCGGCCCCCAGACCATTTCCCCGGAACATCACCTGCTGTTGCTGTGCCTGCATTTCGAGCAACTGGGCAAACCGATCAGCCACATCCTCCCGCATGACTGGGTCGATGCCGCCGAACCCGCCGGCGCGCTGCTCAACCGCTTCCTCGCCGAATTCGAGCACGATGCCTGGCCCGGTGCCGCCCATCTCTCCGAGACCGATCTACTGGAGACCGAAGCCGAGAAAACGTTGGTGGCGTCGCTTTTATTCGACGCCCCCAGCATCGAAGATCCGTTCAAAGCGGCCGAGGAAGGCCTGCAAAAGTTAAGGGATCGCACCCTGCGCTTGCGCCTCCGCCAAATAGAACTTGCTTTGTCGAATCCCGCTTCGGACATTCAGCCTGACGCATTTTCTCTGCTGAAATCACGTTCTGAATTGCAAAGACAGCTACGCCAACCGCTTAGATTGGCGGAGGCTGTCTAGTCTCGTATTACATCCATGCCGCGCAAAGCCAAGTCCGCCACCTCCTCCGCTCAGTCGGAGGCCGTTGAAACCGCCCTCAAGTCGACCGAGGGTA
NZ_CP119075.1_gap85	3706584	3709656	3072	TCGAGCGCGTGCAGCAGATCATGAAGATGGCCCAGCAGCCCATCTCCCTCCAGTCCCCCGTGGGCGACGGCGATGACACGTCGTTCGGTGATTTCATCGAGGACAAGTCCGCCGAGAATCCTTACGACATGACGGCTTATTCGCTGCTGCGCGAAAAGATCATCGACGTGCTCGACTCCCTCACCGAACGCGAACGCCGCGTGCTTTCACTGCGTTTCGGACTCGTCGACGGCTACAGCCGCACTCTCGAAGAGGTGGGCAAGCAGTTCAAGGTTACCCGCGAACGTATTCGCCAGATCGAGGCCAAGGCTCTCCGCAAGATGCGTCACCCGACCCGCATCCGTCAGTTGCATGGCTTCTTCGACGCCGAGCAGTTGGACAACGCCCAGAACCTCATGAAGCTCGCCGTCAAACCCGGCACGGCGCAAAACCTCGGTCGTCCGAACTGAGTCACGTCTCCCCTTGCTTCCCGCCACGTTCGATTCTACTTTTCCACTCGCCATGAACTTCCCCGCTCTATTCGCGATCGGTCCCTTGGGCACGACCGAGGTCCTCGTCCTCCTCTTCATCGTGCTGCTTTTGTTCGGTGCCAAAAAACTTCCCGAGCTCGCTCGCGGCCTGGGTAAAGCCAAGAACGAGTTCCAGAAAGCCTCGGACGAAGCGAAGAACGAATTTAATGCGGCAGACGAAGAACCGACGAAACCGCTCGCCAAAACGCCCGAGTCTTCCGGCACCCCGGGCAACAACTGAGGCGACCCCATCACGTCGCCACTTTCCTTCCCTTTCCTCCGCGCCGCTTCGTTCCGAACGGCGCGTTTTTGTTGGCTCAAAATACGATCTTTTCCTTCCGGTGCGATTTTTGCTCGCAACGCCCTCGCTATAAGCGGTTTTACACTTTGACACCCCGATTGCTCACCGATTGTTTTCCGACGGCGGAAACGCGTCCCACATGGCCTTAAAGTTCCTCTCCCACTTCTCCAACGACATCGGTATCGACCTTGGCACAGCCAATACCTTGGTTTACTTGAAGGACCGCGGGATTGTCCTGCGGGAGCCGTCCGTCGTCGCCCTCGACTCCACCACGCGCAAAGTTCGCGCCGTTGGTTCCGATGCCAAACGCATGCTCGGCCGCACCCCGGGCAACATCACCGCCATCCGACCCATGAAGGACGGCGTCATCGCCGACTTCGACGTCACCGAGGCCATGCTGCGGTATTTCATCCGCAAGGTGAACAGCAACAGCTTCCGCGTCAGCCCGCGCGTCGTGATCGCGATTCCCTCCGGCATCACCGAAGTGGAAAAACGGGCCGTGAAAGACTCCGCCGTGCATGCCGGCGCCCGTGACGTGATCACCATTCCCGAGCCCATGGCCGCCGCCATCGGCGTCGGACTGCCCATCGATGAGCCGGCCGCCAACATGATCGTCGACATCGGCGGCGGCACCACCGAGATCGCGATCATTTCGCTGTCCGGCATCGTCTTTTCCAAATCCATCCGCGTCGCGGGTGACGAAATCGACGCCGCCATCGTCAACTACATGAAACGGGCCTACAATCTCCTCATCGGTGAGCGCACCGCGGAAGAGATTAAAATGCGCCTCGGCTCGGCCTATCCGCTCGACGAAGAGCTCACCATGGAAGTCAAGGGCCGCGACTCGGTCGCCGGTTTGCCCAAGACGATCCACATCACTTCCCAGGAAATTCGCGAGGCCCTCAGCGACACCATGGCCGCGATCGTCGACGCCGTCCGCGCCGCGCTCGAACGCTGCCCGCCGGAACTTTCGGCCGACCTCGTTGACCGGGGCTTCGTGCTCGCCGGTGGCGGTGCCCTCATTCGCGGCATCGATCGCCTCCTCAGCGAAAAGACCGGCCTGCCGGTGACGATCGCCGAGGATCCGCTCTCCGCCGTGGCCAACGGCACCGGCGCGGTATTGAGCGATTTGAGTTGGGTGCTGCAACACAGCTGATCGGCCTCGCCGGTCCCACGTCCCCGCGTCAGCGCGGTCTTTGCGATCGCCGCCAACTGCGGTGCACCCCTGAGCTTGTCACGACCGCTTCGCCCGTTCACCACTAATTCGCCTTTCGAATCCCGGTGCCTTCTCGTCGTTTTGATCAAACCAAACCCTTCATCACCCTCGGGGTGTTGCTCTTGGTATGGCTGATCTTCCCGACCGTGCTGAAACGATTCGCCCGCGACGGCTTTTATGAAATGCAGTCGCCGGTCGAAGTATCGGCCTCCTACCTCCGGGAACTACAGGACTATTGGGCGCTGCGCACCCGTTCCAAAAACGACATCATCGCCGCCTATCGCGACCTCGGGGGCGTCGTAGCCAAATACGCGCACTCCGCCGAGGAAAACGTCGAGTTGCGCCGCGAGGTCGCCCGGCTGGAGCGACTGCTGCGTTTGCCTTCGTTCGATAATTATCGCTCCGAACCTGCTCGCGTCGTCAGCCGTGATTTCAATGGCTGGTGGCAACGGCTGACCATCCGCAAAGGGGCCAATTTCAATCTGCCCGTCGGGGCTCCGGTCATCTTCGCTGGCGGCGTCGTCGGTCGCATCACCGAAGTGCATTCCACCACCGCGATCGTGGACTTGATCAGCAGCCCCAATGTTCGCCTCGCCGCCTCGTTTGAAAACGACGACCGTCCTATGAGTTTTCAGGGGGGATTAAATCCCCCCCTTTCACGGCCTCAGGCCACGGTGGAATTTGTGCCGCTCGACCTGCAGGCCAATCCCGCGAATCCGCAACCGTTGGTGACGTCCGGGTTGGGCGGAGTTTTTCCGCGCGGACTTCGCCTCGGCACCGTCATCCAACTGGAGCCCAGTCTCGACGGACTCTTTAAAACCGGGCGCGTCAATCTCGACCCGCGACTCAATCAAGTCACCGAAGTCACCGTGCTCGTGCCGCTCGATCCGTTGTGAAATTGCAGCCGAGCTCGCCAACCATGCCCCCGGCTTCACTCCCACCCCGTAGGAGCGCGCTCGCGCGCGATGAACACGGTAGAGCTGTCCGAAGCGCCCCCGGCGGCCATCGCCCCCGACCACGTTCCTTCCTTCGCACCACGTTAGCGG
NZ_CP119075.1_gap86	3711885	3713976	2091	TGGAGGAGTGCACCATTTCCGGCACTTCGCGCACTTCCTTCACCACCATCAAGTCCATGCGTATTCCCGGCCTGCGCGTGGCGGGCAAAACCGGCACCGCGCAGAAACGCACGGCCAAGGGCACGGTTAATTTCGCCTGGTTCATTTGTTTCGCGCCCATCGAGCGCCCCCAGGTCGCCATCGCCGTCATGGTCGAGGGCGACACCCCCGGGGAGGAAACCGGCGGCGGCTCGTTTTCCGCTCCCGTGGCCCACGATATTCTGGCGAAGTGGGCGGAAAAGTTTCCTGAGCTGATCCCCGCTCCGTCGAGCGAAGCGGCCGTCTTGGCGGCGCGCTGAAAGCGCAGGAATAGCGGGGACCCGACCCGCCGCCACTATCTCACCACGCGCCGAGCGCGTTGAGTCGTGCGATCGCTTCCATGGCCGCCCGCCCGTTATGATAGGGGCATTTCCAAAACCCCACCTTCTCGAAAGTGGTGATAATCTCCCCATTCCGCTTCACCCCCCGAAACCACTCCCCGCCCTGCGGATCAATCAGTCGCGCTTCAATGAAGTCCCACAGTCGAAAAGCCGCCGCGAGATAACGATCATCGCCCGACAGCTGAGCGGCATTGATGAAGCCGACCACTCCCTCCGCCTGGGGCCACCATTCTTTGGAGTCATCGGTGACCCCGGTCGGCCCGCCTTCGTTGAAAATTGCCCCATCGGCATCGACTCCTTCCGCCAGCGTGACCTCCGCGATCTTCATCACGATTGGCAGCAGCCGCGCGCGCAGGGCCTCATCGTCCAATGCCTGCGCCGCCTCCCACAACAACCACGCGGCTTCGATGTCGTGCCCGTAGGAAATTCGCTGCGAGGTCGGCGTCCAGTCCGCTTGAAAAAACAGCCCCAGGTGAAACGCTTCGGGATGAACCACGTGATCCACCATGGTCACCACCAACGCGTGCAGCGCCGATCGCACGCGATCATTCGGCCACACCCGCAGCAAATTGGTGTAGGCTTCCATCACGTGGAGAAGCGTGTTCTGCGACTTGGGAACGTTCTGGTCCACGTCACTCAAACGCATGTCGGCAATGGATGACCAATTGGCTCCAAATGCCTCAAAGTAGCCGCCGCGCGCCGGATCTTTCGCATGCTTTTCCAATCGCTCAAAGACGTCTTGCGCCCGCCGCAACGGCTCGGCCCCTGCCGTCGCCCGGTGATATTCCGTCAGCGCGTAGATCGCAAACGCCTGCCCGTAAACTTGCTTGCGCGTGCGTTCCGGCGACCCGTCGGGATGGATGGACCAATAAAATCCCCCATGCTGTTCATCCGCAAAACGACCGATCAAGTCCGCATACGCAAAGTCGGCCATGGCTCGCAGATCGGCGCCTCCATAGACGCGAAACGCCGCCGCATAGGTCCATAGGATACGAGCGCTCAGCAGGGCGCCCCGGGGCTTGGAATCATCCACCACGAGTTCGTGCGACAATTCGGCGTGAAACGTGCCGCGTTCGCCGTCGGCGACGTGCTCCATCCAGAACGGCAGGATATTCGCCCGCAGGTCCGTTTCAATGCGCTGCCGGTAGGCAGAAAGCGTGGTCGGGTCCATCGCGACTAAGCGGCAGCTGGCGCCACGCCTACAGCTGGCGAAGAAACTCGAACGCGAGGTCCGCTTGATCCGGCAAATTCTCGTGCTCGTAATCCGGATAAAGCACCATGCGCTTCGGCCCCGTGAGTTTGTTGAAAGCCGCAAACTGCGTGCTGGGCGGACAAATTTGATCCATCAAACCCGTGAACATGAGCACCTCCGCCTGCACCCGGGAGGCAAAATTTTGCACATCGATGTAGCCGAGTTTGGTAAACACCTCGTCGACGCGCTCATGCCGCGGATCGAATTTGCGCAGAAAATACCGCAGCTCTTCGAATGCGCCCTTCGCCAGATCCATGTCCCATACCCGCTTGTAATCGGACAAAAACGGAAACACGGGCGCCGTGCGTTTGATGCGGGGCTCCAGCGCCGCGCACACCAGCGCCAACGCCCCACCCTGCGAAGCACCGGTCACCCCCACCCGGTTTTCGTCCACTTCAGACAACGCCATGACGATGCGCG
NZ_CP119075.1_gap87	3721308	3725895	4587	GACCTACTACCGCTACCTCACCGCCCCGGCCGCCACCGCCCCCAGTGGACCTTCGGGATCTCCGGCGCCCGCCATCGCCCCCGACACCCTCGCTCCCGGCGACAGCGTCCCCGGCGTCGGCCGCAGCATCAACCTCAGCGCCCGCTGGAGTTTTTGAACCCCACGCAGGACCACGCCCTCCCTAGGAACGCCGACGTCCCCGTCGGCCCCATCCAGTTGGTTCCGACTACGCGTCATAAAAACACCCTGCCCTCCATCAGCCTGCTGGTTTTACAGAAGGAAACGAGGTAACCAAGAGCTGACGCACCGCCGGATTACACCGGAGACAGCAGAGGAAAACAGAGCTTGTTCGCCTCAGGCGCGGCCACTGCCCCGCGGACGACGTGGAAGTCGTCCCTCCCCAAACACCCTCTGGGGAGGGACCGGTTCCACCCGGTCCGCAGGCTGACCGTTTTGTTCCGCTTCGTTCCTTTCTGTAGAATAAAAACAACCGTCTGACCGGCGCCCCTCCCTCCGTGTCACCTCCGTGACCTCCGTGTCAAAAAAGCACCTGCCCCACCTCGCCTCCCACTCCCCCGCGGACGACGTGGAAGTCGTCCCTCCCCAAACACCACCAAGAGAAAGACCGGTTCCACCCGGTCTCGCAGGCTGCCCCTCCGCTACCTCCCAGTTGAAAAACCACCTGCCTCCCAGCATTTCGTGTCTTTCGTGTGTTTCGTGGTTAATAAACAATCCTGCCTCTCAGCATTCCGTATATTTCGGGTGCATTAGCTTACCTCGACGCAGCCTTGCCGTAGTCGGGTGGACCTATCCCTCCGATTAGGCCCCAAATACCCGTGTTGTTCGCGGGGCCCCAGCGGTTGTTTGCGGGTCGAACCGTGTCGTTGGTCGAAAGCGAATCGCCGTGATTGGGGCGTCTTCCCCATAACGCGCCCACGATGTGGTGCCTGTCCTTCCTGCCTTCTCCTGCCCAACTTTCGCCCCGGTGCAAATCGCTCTACGAGCGAACCGCACCACCGCCTCGGCCCCGACAGCTTCGGCCAATTTCGGCGTTTCAGCTTTTGAGCGTTTCAGCGTTTCTCCTCACCGCGCCCTCTCTCTCCGCCCAGACCGTCGTCGCGGTCACCCCGACCTCGACCACGCTAGATTCGCTGCTCGAAAACAGCCCCGTCAGTCAAATCACGGACCAATCCGGCCTATCCTCCGGCTACACCAGCGGCACCACCACCTTCGCCACCGCCACCACCGCCACCCACAACAACACCTCCTCAACTCGCTGGCTGAGCAACGGCGACACCACCGGCAGCATGGTCTTTGATCTGGGCGACACCTTCACCCTCACCTCATTCGCCCTTTGGAACATGGCATCCAGTTCCAGCCAGGCGGTGAACGGGTTTACCATCGAGACATCGGTCACCAGCGATTTCACCTCCGCCACCACCGTTCTCACTTCCAGTGCCAGTAATTCCGGCGTGAATTCCGCCGCGCCATCTCAGAATTTTTCCCTCACGGAAACCGACGCACGTTACGTGCGTTGGAATATCACCAGCAACAAAGGCAACGGCACCATCACCGCCGCGGGTGAAGTCCTCTTTGGCGGCTATCTTGCCGCCGTCTCAATCTTTGATGCCGAGGTTTTGAGCCTCATGGATCGCGGTGGCTACAGCGGCGATCCCACCATCTACGTCCTCGGTGAAAATGCCGCCTACGACAAAACCTTCAGCAGCGCCGCCACCCTCGGGTCCACCAAGGACTACAATCAACTCCTCATCCAAAACGGCAGTGTGGTCGACTTTGCCAGTGGCCAAGATCAACTCACCCTCGACTCCGATCACAATACCGTGACCGTCGACGACCCCGGCTCCTCTCTCACCGTCGCCACCCTCACCAATAACGGCACCAACAATGCGGTTCAAGTCACCGACGGCGGTCTCGTCGATGCCGACAGTCTGGTGATGGGAGACAACGCGGATCTCAATATCAGTATCGACGGAAGTTCATCCTCCTTCCAACGGGATAGCGTAACGCTCGGCACCGGCGCAACGCTCTCCGCCACCGTTGGCAACGGCGGCACCTACCAGGTTCACGATGCCGTCGCCGAAACGATCACCCTCAACGACGGCGGCACCCTTCACGTCACCAGCCTGGATTCCGCCTCCTCCTTCGAACTGGATACCCTCGCCTCCCTCACCTTCGAGTCCGGTGCCACCATCAAATCGGATGTGGCCCTGTCGGACGATTCCACCTTCACCGTCTCTTCAGGGCGCACCGTGGATATCTCCGGCGGCGGCTCCTTCGACTCGGCCTTCACCCTAGACGGCGGCACGGTGGCAGTAAACGACTTCAACCTCGCCACCGACAACCTCACCTTCACCTCCGGCTCCCTCGACACCTCCGGCACCCTCACCGTCGGTTCCGACAACAGCACGCAAACAATCTCCGGCGTCATCTCCGGCACCGGCTCTCTCACCAAAACCGGCACCAGTGAACTCACCCTCACCGGCGCGAACACCTACTCCGGTGGCACCACCACCGAAAATGGCACCCTCATCGGCGACACCTCCTCCCTCCAGGGCGACATCACGCACAACGGCTACTCACTGCAGTTTGATCAATCCACCGATGGCACGTTCGCTGGCAATATCTCCGGCTCCGGCTCCTTCACCAAATCCGGCTCGGGCGACCTGACCCTTTCCGGCGCCAACTCCTATTCCGGCGGCACCACCGTCTCCGCCGGCACCCTCACCGGCACCACCTCATCGCTCACCGGCGACATCACCAACGCCGCCGCCCTCGTCTTCGATCAGGATTTCGACGGCTCCTACACCGGCGAACTCTCCGGCTCCGGCACGCTCACCACATCCGGCACCGGCGCACTGACTTTCTCGGGCGACAGTTCCTACACCGGCACCACCACCATCAACTCCACCAGTTCGGTCACCCTGGGCCATGCTAGCGCCGTCGGCACCGGCTCCATCATCGTGGACGGCACCCTCGACACCGGATCGCACGGTCTCGACCTCACCCGCATCGACGCGGCCGAATCCGACGGCACGATCAGCGGCTCGGGCACCTTCACCGTCGACACCGATACCAACATCGACTTCGGCACACAACTCACTGGCACGGGCGACCTCACCAAATCCGGCACCGGCACCGTCTCCTTCGGCGTCATCGGCGCCAACTTGGATCTCAGCGGCGACCTCACCGTCAACGGTGGTTTGGTCGATATCGGGCTATTGCAAAGCGGAACGGTGAATGAGTTCTTCCTCAATGGCGGCGGACTCGCCCTCGGAGAATATCACAACTTCGATCGCGCCGTGGAGCTGCAGTCCGGCGGTGGCACCTTGCACCTCTCCGGGAACGTGTCCGGATGGGACGGCGAAATCTCCGGCACGGGTTCACTCACCAAGACCGGCGACGGCGAACTCGTCCTTTACGCCAGCAACACCTACTCCGGCGGCACCACCATTTCCGGCGGCACCCTCACCGGCACCACCTCCACGCTCCAAGGCGACATCACCAACAACGCCACCCTCGAGTTCGACCAATCCACCAGCGGCACCTTCGCCGACATCATCTCCGGCACCGGCGCGGTCAACATCACCGACTCCGGCAATGTCACCCTTTCTGGCAACAACACCTTCTCCGGCACCACCACCGTGGCCGACGGCACCCTCACCGCGTCCCACGCCAACGCCCTTGGGGCCACCACCGCGGGCACCACCGTCCAATCCGGCGCCACCCTCGCTCTTTCCGGAGGTAATACCTTCGACGCCGAAACCATCACCCTCAACGGCACCGGCGACGGCGGAGCCGGTGCCCTGGCCAATGTCTCCGGCGACAACTCCATCTCGGCCGTCACCCTCGCCTCCGACAGCACCATCGACGTGGCTTCCGGCACCACCCTCACCACCACCGGAAGCTTCACCAACAATGGCCTGCTCACCAAGACCGGCGACGGACGCCTCAACCTCACCAACCCCACCAGCGGTTCCTCCACCACCATCACGATCTCCGAAGGCACCCTTCAGGGCAACTACTCCATCTTCAACACCATCGCCTCCTTTACCAACAACGCCGAGCTCGACTTCGACGCCGACTTCGACGGCACCTACTCCGGCGTCATTTCCGGCACGGGCGCGTTCACCAAATCCGGCACCGGCGAACTCACTCTCTCCGGCTCCAACACCTACTCCGGCGGCACCACTGTCTCGGGCGGCATCCTCATCGGCACCACCACATCACTACAGGGCGACATCACCAACAACGCCACCCTCGAGTTCGATCAGTCCACCGACGGCACCTTCTCTGATGTGATTTCTGGCACCGGTTCGGTCACCAAGTCCGGCACCGGCAATCTCTCCCTCTCCGGCACCAATACCTACTCCGGTGGCACCACCATTTCCGACGGCACCCTCACGGGCACGACCGCCACTCTCCAGGGCAACATTCTCAACAACGCCGCCTTGGTCTTTGATCAGGATTCCAACGGCACCTACGCTGGCGTGCTCTCCGGCACCGGCTCCCTCACGACCACCGGGACGGGTTCACTTATCTTCTCCGGCAACAGTTCCCATTCTGGAT
NZ_CP119075.1_gap88	3729269	3733017	3748	TCCGGCACCGGCTCCCTCTCCCTCTCCGGCACCAACACCTATTCCGGCGGCACCACCGTCGCCTCAGGCACGCTCAGTCTCGGTAGCGACTCCGCCGCCGGCACCGGCACGATAACCACTACAGGATCGGTGATCGATTACGCCGACGGTGTCACCATCGCCAACGCCATCGACCTCCAGTCGGATACCACTCAACTCCAAGTCACCACCGGCTCCTCCGCCACCCAATCCGGCGTGATCGGCGAAACCGGGGGTGCACGTCCCTTGGAAAAGATCGGCGACGGCACCCTCGCCCTTACCGGCACCAACACCTACACCGGCGGCACCACCATCTCCGCCGGCACCCTGTCCGGCACCAACGCCAACTTTGGTAGCGGGACGATCACCATCGATGGCGGCACCCTCGCCACCACCGACTTCGACGCCACCAACCTCGCCTTCACCTCCGGATCCCTCACCACCACCGGTGCCCTCACCAATCTGAACGCGCTCACCGCCGATCAAACCGTCGAACTCAACGGCGGTTATTGGTCTCCCTCCGGCAACATCGATGCGGGCGATGTCATCCTCCACAATACGGGCCAACTCACCGTCGGAGACTACGACGCCACCAATCTGGCCGGTGTCAGTGGAGACCACTCTAACCCCGCCAGCACCCTCACCACCACGGGCACCCTCACCAACGTCAACCACGCCGCCGACCTCAACATCGACGTCGTCCTCGACGGCGGCACCTGGGCTGACTCCACCCTCACCAACGGCCTCGCCATCACCATCCAAAACGGTGGCTCCCTCACCACCCCGGCCGACTACGACGCCTCCCTCCTCACCTTCACCAACGGCACCCTCAATACCTCCGGTGCCCTCACCAACCTCAACAGCCAAAGCACTGGGACTGGCATCGTGCTCGATGGCGGTTCGTGGTCCCCCACCGGCGACATCGACGACGGCAGCCTCACCCTGCAAAACGCTGCCGCCCTCACCATCGGCGACTACGACGCCTCCAATCTCACCTTCACCTCCGGTTCGATCACCACCGACGGCGCGCTCACCAACCTCAATACCCTCAACGCCAACCACACCGTCACCATCGACGGCGCCTCCGCCACCTGGTCGCCCACCGACAACATCGACGCCGGCACCGTCAACCTCACCGAAGGTAGTCTTACGCTGAATACCAGCTTCGACGCAGCCAACCTCACCTTTGCCTCCACCTTCAGTGAGCCGGTTGCCTTGCTGACGATGAACTCCGGCACCCTCACCAACCTCAACACCCTGCAAGTCGGCCAGCGCGTCACCCTCAACGGCTCCTCCTCCTGGGCCCCCACTGGCAACATCGAGGCCGGCGAGACCGTGCTCAACAGCGCCAGCGCCACCCTCACCACCACCGGCGATCTCGACACCCGGGTCGTCACCTTCAACGCCGGCACCCTCGCGGGCGACGGCGTCCTCAGCGAACTGCCCACCATCGGCAGCAACATGACCGTCGATCTCTCCTCCGGCGGCTCCCTCGGCACCGCCACCACCCTCGACGGCGGCGACCTCATCACGGCCGACTTCGATGCGACCCTGCTCACCTCCACCCGCGGCGACCTCACCGCCTCCGGCGCCGTCTCTAATCTGGGCACCATCGGCACCAACCTTAACGTGGACCTTACCGGTGGAGGCTCCCTCCCCACCGCCACCTCGCTTAGCGGTGGCAACCTTCGGGTCGCTGACTTCGACGCCACCCAACTCAGCCTGAGTTCCGGCACCCTACTTGCCACCGGCGACGTATCCAATCTCGCCGACATCGGGTCCAATCTGTTCGTCCTGATGAGCAGCTCGGCCGCCTTTGACACCGCCACCACCCTCGACGGCGGCACCGTTGCCATCAGCGGCTCCCCCGGCATCTACGACTTCAGTGCCAACAACCTCACCTTCTCTTCCGGCACGGTTTCATTCTTCGAAACCAACGTGGCCAACATGCCCGACATCACGTCCGGCCAAATCGTGGAACTCGAGTCGACGGGTTTCGCCACCACCGCTACGCTCAACGGCGGCGAAGTTGAGCTCGTTGATGGCATCTATGATTTCAACGATCTGAACTTCACCTTCACCGCCGGCACGCTCACCCTCAGCGAAGCCGGTCTCGCCAACCTGCCCGCCATCACCACCAACCAAACAGTGGACATCACCGAAGGCGGATTCATCACCACCACCTTCCTCGCCGGTGGCACCCTCATCACCGATAACTTCGACGAAGACGACGATGTGCTCTTCGCCTTCGGCACCCTGCAGGCCTACGGCGCGGTTCATGATCTTGGCAGCATCATCAACGGCCAGATCGTCGATATCTCCAATGGCGGATCCATTGAAGACCTCACCACGCTCGACGGTGGCACCCTGCGCGTCGATGACATCGACTTTGACGACGAACCGGTCATTTTCAACGCAGGCACCGTAGTCGCCCTCGGGAATGTCTACCTGGAGGACGACCTTGAATCCGGCATGATTCTCGACATCACCGCCGGGGGCGAACTGGGTGGCGGTGCCGACATCATCGGCGGCACCCTGAAGACCGTCGATTTCGACGCCGACGGCCCGAGTCCCACCGATTTCTACGAAGGCACGCTATCGGTCACTGGTGAACTTACCAACCTCGACCGACTCTACGGTCCGGATGAAGGCGACGGCCAAACGGTCATCCTTGATGGCGGCACGTGGTCCCCGGATCGCGGGGAGAGCGATTCCGACTACATCAACGAAGGCAACGTCACGATTCAGAACGACGGCCTGCTCATCGTGAACGGCAACTACGACGCCACCAACCTCACGTTCACCCACGGCACGCTCACCCTCACCAACGAAGCCGAACTCGAAAACCTCAACACCCTCGGCGCCGGTCAGACCGTCGTGCTCGACGACGCCTTCTGGATGGCTGAGGGCGACATCAACGCCGGTAACATCGAAATGACCAACGGCAGTTTCCTCGTCGCCAACAGCGGCGGCGGTGCCTCCACGGAATTCGACGCCACCAACCTCACCTTCACCTCCGGCGGCCTCGCCGTGGAGGATCAGGACCTCGTCAACCTCAACACCGTCGGCACCAACCAAAGTGTCTACCTCGACAACGGCTCCTGGGCCCCCTCCGGCTCCATCGACAACGCCGACGAAATCGGTCTCTACAACGACGCCTCCCTCACCGTCGGCGACTACGACGCTTCGAATCTCGACTTCGATTCCGGCACCGTCACCACCACCGGCTCCCTCACCAACCTCGACACCCTCGGCGCCGACAACGCTGTCGTGATCGACGGCGGCGAGTGGCTGCCCACCGGCGGCGACATCTCTGCCGGCTCCGTCACCGTGCAAAACGACGGCCTGCTCGGCGTCGGCACCGACTTCTCCACCGGCACCTACGACGCCACCAACCTCACCCTCACCAGCGGCACCCTCTCGTCCAACCACGACATCACCAATCTGGATACACTGGGCACCGGGGCCACCGTGGAACTCCTCGCCGAGGCCGACTGGTCACCCGCCGGCAACATCGAGGCCGGCACCGTCAAACTCAACGGCGGCACCCTCAACGTCGGCGACTACGACGCCACCAACCTGCCCCTCTCCTTCGACGGCGCCGACGCCGGCGGCACGCTCGTCACCACCGGCACCCTGACCCATCTCGATAGCCTCACCGCCACCCTCAACGTCACCCTCGACGGCGGCACCTGGAACACCACCGGCGACATCGATGCCGGCGCGGTCA
NZ_CP119075.1_gap89	3810305	3814717	4412	GCCACTCGCTCCTCCCGCTTCATTGTGCTGCTGGCCGCTTCCGCCCTTTTTGCCTCGGCGCAGGACGACACGTCCGACCGCAAACGCGCGATTTCCAACAATCTCGCGTCCGCGCTGTCCGACACCATGCCGAAATACAACCCGCCGCCCCCGGAACCGGAGGAGAAGGACGACGGGGTCGACGAGGATATGATGCTCAAACCCAAAAACGGCATCGTGCGCCTCCCACGCGTGGTGGTCGAAGGCACCCGCCCTCCGATTTTTACCGAACGCCAAGTCTACACCGACAAGGGGCTCAACGAAATCGCCACCAAGCGCTACTTCGCCGATGCGAGTCAGGCGCTCAACAAGTTCAACGTGCCGTTCCTCTCCATGTCGCAGGCCGATCTCGCCATGATGATGTGGGAGGAGGACGAGCGCCTCCGCATGCTTGACGATCTCAATGGCCGCTCCGACCAAGCCGCGCTCTTCGGCGACGAGGCGACTTCCAAGGAAATCCGCGAAATGACGCGCGACGCCCTCACCCGCAGCGATTATCTGCCGGACGCTTCCGCGCTGCACCGGGAAACCGCGACGGCCCTGCCGCGCAAATCCAACCCGTAACCCAACCCATGGGCTTCCACCGCTTATGCTTCGCGGGATTGATCAGCCTCACCTCGGGGTTGATGGCACAGGAGTCGGTTTCCGCGGAAAGCACACCGCCACGCGTGCGGGCGCTGTCACCCACCGTGGCCGATGCCGTCACCGCCGCGCTGCCCAAGTTTCAGCCCAATCGGCCGGACTCCGAAGCCGATGACTGGGATTTGCCGGAACCAAAGAACCAAATCATCCGCCTGCCGCGCGTCGTCGTCGAAGGCACGCGTCCGCCCGTGTTCACGGAGCGCGAGGTTCACACCGACAAGGGACTGGCCGAGCTGGCCGTGAAACGCTACTTCACCGAAACGGGCCTCGCCCTGAATTCCTTCACCCTGCCTCTCGTCGGCATGAGCAAGGAAGCCTACGCCATGATGCTGTGGAAACAGGATGAGCGGCTGCGCCTTATCGGAGAACTTTCAGAGGAAGCCGACCTCACGGAGGCGTTTGGCGATCCCGACCGCGCCGATCAATTGCGCGACTATCTCAACGATACGCTCGCTCACCCGACGCTGTTTCTAAATCCAGGCAGCGTCGCCCTGCGCGATCTACGCGGACAGTAAGTTGTCGCAGGGATCGCCGTAGGAGCGAGCTTGCTCGCGATCGCTCCTGCATGCGCCGCCAACGCACCGCGTTGATCGCGAGCAAGCTCGCGCCTACGCCATCGACATGAAACCGGGGCGGCGAACGATCTATGCCAGCAACGCCGTTGCAATGGCGGCCCATTCGTCGTCGAGAGAAACCGAGGCCCCGACGGCGGGTTGTCCGGCGCGGGTATACCAGTAACCCGCGTTGCCGATGTCGCCTTCCTTGCGGTGCAGGTAGGCGTGGACCCAGTCTCCGGCGGCGCTGTCGGCCTGCTGCGCAAGTGTGTGCGCCCGGTTCCAATCGCCCCGTGCGTCATGCCACAACGCCTGCAAGGCGAGGTTCAGTGCCTGCGGATCCGCCACGGTTTTGAATTCAGCCAAGTCCATGCCGGAAAAATGCGCTCAGAACCCGGTAACGCAACCCTTGCCCCTCGACGTCTTTCCCTCTTCACCATTCAACTTTCTCCCGTTTTTCATGTCCGCCGCCCTCTCCGATTCTCTACTTCATCGCCTCACGTGGGATGATCTCGATCTCGCCTATCTGCGACGCTTGGTCGAGATGGCCCGGGACGAGGATCTCGCCGGTCTGGGACTGCGGCGGAAACCCGCCCGTCCCGGTGACCAGTCCACGGGGAGTCTGGCCACGGCCCCGCGCTTGGCGCGCGCCGATCTCGCTGCCCGCTCGGACCTCACCGTATGTGGCCTGCCGCTGTTGTCCTTGATTCTCTCCGTCTACGCGGGCGGGGCCGAGGTGCAGTTGCGCACCCGCGACGGGGCCACGCTGGCGCGCGGCGATATCCTCGCCACCCTGACCGGCGACCCGCGCACCTTGCTCGCCGCCGAACGCGTGGCGCTCAACTTCATCCAACGGTTATCCGGCATCGCCACGCTCACACGCCGCTACGTGCAGGCGCTCGGCGACGGACGCACGCGTCTCCTCGACACCCGCAAGACCACACCCGGCTACCGGATGCTGGAAAAATACGCGGTCGCCTGCGGCGGCGGCTGGAACCATCGCCTCGGCCTGTTCGACCGCGTGATGTTAAAGGACAACCATCTCGCTCTACTGGGCTCAACCGACGACCTCGCCGCCGCCGTCGCCAAAGCCCGCCAGCACGCGCCGACGCTGCCGGTCGAGGTGGAAGTCGATCGGCTCGACCAAATCCCGCCGGTGCTCAAGGCGGGAGCCGACGTGATCTTGCTCGATAACTTCCCCCCCGCCCGCATCACCGAAGCCCTCGCCCTCATCAATGGACGGGCTCTGACCGAGGCCAGCGGCGGCATTACGCTCGAGACGCTGCCTGGCTTCGCCGGTTTGGGCTTGGACTTTGTCTCCACCGGGGCGTTGGTGCACCAAAGCGTCTGGGTCGATGTCGGCCTCGATTGGCTATCATGAAAATCGCGCGTCCGGATGTGGTGATTATGCGGGCGATGCTGGAAGCCGGTGACGGTTTCGTGTCGGGCACCGACCTCGCCCGCGAGCTCGGCATGAGTCGGGTGGCGGTCTGGCAACACATGGAGAAACTGCGCGACCACGGCTTTGCTTTCGAAGCCGTCCGGTCCCGGGGTTACCGCCTCACCGCCAAACCGAGCGAGCTCAACGCGTTGTTGATCGAAGCCCGCCTCCCCGCCTCCAGCGCCTGCACCATCATCACGCTCGATACCGTCGACAGCACCAACGACGAAGCCATGCGGCACGTCAGTCAGGGGGCAAAAACGCCGCTCGTGGTAATCTCCCGTGAGCAGACCAAAGGTCGCGGCCGTCTGGGCCGCGATTGGTTGAGCGAACCCAACGGCAATCTCTATATCACCTTCGCGTTGCGCCCCAACGTGCCTCCCGACCGGCTCGCCACCATCACGCCGTGGATTGGGGTGAACTTGTGTGACTTGTTCGCGTCCTACTACCGCATCACGCCGCAAATCAAATGGCCAAATGACCTGCTGATCAACGGCCGCAAAGCGGGCGGTATTCTGACCGAGGCCCGCATCGACGCCGACCGCATCCGCGATCTCGTCATCGGTTGCGGCCTGAACCTCGCCCGCCCCGCCCGCGGCTGGACCGGAGAACTCGCCGGCCGCGCGATCGCGCTCGGTGAAGTCACGCCCACGCCCATCGACATCAATCACTTCGCCGCCGCCGTCATCGGTCGCGTGCTCTCCGCCGCCCAGACTTTCCAAGCCGACGAGCACGGCAAGAAACTGGCGCAGTTGTGGGAGCGCTACGACGCCTTGCACCACCGCGAAGTGACGCTTCTGCACGGCCGCACCGAGATCACCGGGCACGGCGCCGGCATCGACAGCGGCGGCGCGTTGTTGCTCAAACGGGGCAACGGCCAGCACCAGCGCTTTCACGCCGGCGAGGTCACGATTGCCAAACGCTGAACCACCCAAACCACGTCATGCTCGCTTGTATCGATATCGGAAATACGCACGTGCATTTCGGGTTGATGCCCGCCGGGGGTCAAACCGCGGCGATCGGACTCGGCGAACTGCGCACCGATCACATCGAACAGCTGGGGGAACGAATCCGCGCCACCGCCGACCAGAATCACGTGACTCTCACGGGCGTCGCCCTGTGCAGCGTGGTGCCGGCGGCCACGCTCCTCGCCGCCGAGGCGCTGTTCCCCCTCCACGTGCCCGTGTGGCAACTCACTCACGAATCCGACCTGGGCGTGCCCATCACTTATCCGGTCCCCGCCGAGATCGGTCATGACCGTTTGGCCAACGCCGCCGGGGCGGCCGCATTGGGACAGACTCCGGCCATCATCATCGACCTCGGCACCGCCGCCACCTTTGACATCGTCACCCGGCGCGGTGGCTACGAAGGCGGTATCATCGCCCCCGGTCCTGCGTTGATGACCCGCTATTTGCACGAACATACCGCGCAACTGCCGCTGGTGGAGGACGTGGTCACGCCGGTGCCGACCGCCATTGGCAAATCCACCGTCGAAGCCATGCGCATCGGGGCGGTTTTGGGCTTCACCGGTCTCATCCAAGCCTGCCTCGACGGCGTCGAAGCCGATTTGGCGGCCGCGGGCGAATCGCCGGCGCATATCTTCACCTGCGGAGGCGCGGCCCCCGTCGTCAGTGGCCGCCTGCGCCAGCCCACGATCGACGTGCCCGACTTGACGCTGCGGGGTCTTGCCGCCGCCTGGACCCTCAACCGCCAATAGGGGTCTCATTCTCTTGGAG
NZ_CP119075.1_gap90	3826795	3830303	3508	CAACGGTCTCGAAGCGGTGGCCGCCGTTGAATCGCGCCGCTTTGATCTCGTGCTGATGGATTTGCAGATGCCCGAAATGGACGGCTTCGAAGCTTCCCGCGAAATTCGGCGTAAATTTCCCGCCGAGCATCAACCCAAGATCATTGCCCTCACCGCCAACGCCCTGCAGGGCGATCGCGAGGACTGCCTCGCGGCGGGTATGGACGACTACATCACCAAGCCCGTCAAACTGCACGAGCTCAGCGAAGTAATCCGCCGCCAATTCGTGGCCAAAACCGAAGACCCCGTGCCGTTCTCCGGCACCTGATCCCGACGCCCCGTCGAGGTGCGTCCGAGGAGCGTTTGTCCGACACCTGATGGGAAAAACCACTGCGGTCCGGAGTCACTTTGGTTAACATTTATCTTTCCCCGCTGTCTGTTAAGCATAGCGTTTGACTCCCTGTTACCCCTTGGTCCCTTCCGACATGCGCCGACACGCCCAAAGCCCCTCCCTTGGAATGATCGCCGACGAAGCCGGCGTCTCTCGCGCCGCCGTTTCCATGGCTCTGCGCAACCACCCGCGCATCCCCGAATCCACCCGTCTGCGGATTCAAAAGATTGCCCGCAAGCTCGGCTGGAAACCCAATCCCCTGCTCGCCGAGGCCATGAGTGCGATCCGGGCCGGGCAACCCAGTGCGGATCGTGTGACGTTGGCCTGGATCTCCACCGATGACACCCGCGATGGTTGGCGCCACAGTCATTTCAATCTGCGCTGTTTTGCCGGTGCCCAGCAGCGCGCCGAAAACGCCGGCTACCGCCTCGACCAATTCTGGCTGGGCGACGCCGATGGCAATGCCACCCGCCTCAGCGAGATTCTCTACACCCGCGGCATCGCCGGCATCATCGTGGGACCATTCCACGACCGGGGTCGCATCGCCATGCAATGGGACCGCTTCGCCGCCGCGACCTTCGCGCATACCTTGTTGTCGCCGCAACTGCACCGCGCCACCGACAACCAATTTGCCAGCGCCCGCGTATCCGTCGCTCGACTACACGCGGTGGGTTGCCGCCGGATCGGTCTCGCCCTGGCCGCTCGTCTCGACCACCGCGTCGCCGATCAATGGACCGCCGGTTACCTGTTGGAAACCTTCGAGGAGGGACTCGCCCACCCCAAGCTCCTCCATCGGCCGCCCGATCTGGACGAAGCCGAGTTTATCCGCTGGTTCAAACGGGCCAAGCCCGACGCCATTGTGGGCACCGACAAAAGGATCATCGAATGGCTCGCCACCGCGGGAATCCGGGTGCCCGACGACGTCGCCTTCGCCGGGCTTGATCTCGCCGACGACAGCGGCGAGGTCGCGGGAATCTTTCAGGATGCCAGTGCCATCGGCGCATCCGTCATCGATCTCGTCGCGGGTCAATTGCTGCGACATGAACGCGGCCTGCCCGAGGTGCCCCGCACGGTGGTGATCGACGGTCGCTGGGTCGATGGCGCCACCCTGCCCGCGACAAAACCGGATCCCGAATGGGTCGAGAAATCCGCCATGTTGCTGGCGACCGGCGGCACCGCTGCGGCGAACCTCCCCGCGCTCTACGATTGAGCGACCAGATTGGTCGTTTCTCCGGGATCCGCCGCCAGGTCAAACTCCAGCCACGCCCGGCCGTCGCCCGTGGTGACGACTTTGCGATCGGCGGAGCGCCATCCTGACCATATCCGATCGCATTGATCCGGCAGGTTTACGACCGAAGGCATGGAAATGGGAGCCCGGTTCCGATCGCACCGCCAGACCTGACCATTGCTCCAAGCTCGCGTCATGGCCGGAAGATCGAGGAGCGAAATCGGTTCGTTACTTGGTCCCCGCTCGACCCCGCGCACGATCAACGGCACCCGCACACTTTCTTCATGGGGCCAACCTTTGCGAAATCGTCCGTGCGCCCCATGCATGTCCCCGTGCACGGACGTCACCACAATTACGGTGTCATTTGCCAACCCCGCCACCAGTCGGCCGATCGCACGATCAGTTGCCTCAATGTGCGCATAGTATCCCGCCAACTCACTCCTCGCGCGCGCTGAGGCCGGCGCCGGCACATTGTCCGCCAACGTCACCTGTTCATACGGCGCGATGTCGTCCGCTGGCGCCGCGTAAGGCGGATGAGGCGCCTCCATGCTGACCACGGCAAACCACGGCGACGAAGCTCCCGCCAACCAATCGGCGGCTCTCTCGGCCAGCACATTACTTTGGTAGCCCGAGACCCGAATCGGGTCCGGCAATCTCGTGCCGTGCAACCAGGGGTCATTGAGCAAAAATCCACTTTCGAATCCCTCCCAAAAGGCGAACCCGCCACGGGACGCGTCCGGCACCCTGATCTTGGCGTGCGCCTCGCCCACCAACGGCGCATTCGGATCACGCGCCCCGAGATGCCATTTGCCAAACCACGCCGTGTGGTAGCCACGCTCATTCAGATCGTGCGCGATCGTGCGCGTGCCGTCGGGCAACGGATCGAAGTAGTCGCGCACGCCATTTTCCGGCGAAGGCACTCCGGTCAACAAAGCTGCCCGGGCGAAGGGACCGAACGGATGCGGCGTGGTGGCTTGCCGATAATCACAGCCTGTCGCCGCCAGTCGATCGAGCGTCGGCGTGCGGGCGTTGACATCACCCCCGCCGCCCCACGCCTGCCCGCGCCATTGGGTGGTGACGACCCACAAAATGTTGGGCGGTTTTGCCATGGTCCCGGAACGATCGCCCTGCGTTCTTCGCCCTAGCGCGGCCCCCGCATACCCTGACGCGGATTGGCCGCGCGCTCGCGCACGGCATTGAGCATGCCCTCGACGTTTTGACCGGTGACATTACCGGTCTGAATCGTGGCGGAAGGGGTGAACGTATCGATCATCACACACAGTTCCGAGTTCACCATGATACCCAACAGCTCTCCGGTTTTGGACAGCACGAGATCACCGCGACTGGCCGTAAAGTCACCGACCAGACGCCGCACCAATCGCGAGTCCATGCTCACATAACCGGGTAGATCCGCGGCCAGCTTGAACGGCACTTCGCCGTAGCCTTCGCCGCCGTGGTTGATCAAAACCGCCTCGGGAAAGCGAAACGGATCCGAGGCGAGTTTGTAAACTTTCACCCCGAGGGCTTTGGCTTGGGAAGCCTCAATCGGAATGGCCACCACCCGGGGATCGCGACCGAGAAAAATGAGCTTCGTGGCCGCCGCCCGCACGCTGTCCTTGCGCAACATCGCACGTAATTCGCGCCACTCCGAAGAAGGTTCCGCCAACTTGAACACGGTGTCTTCGATGTGCATGACCGCGTAAGTCTGCTGACCGTCGGTCACCAGAATCGTGCGCGCCTCGGCCTGGCGGGTCAGATCCGCCCCGAACAAACCGGCTTTGATCGCGGTGAAACTGGCCGGCACGCGATTGATCAGAAACTCGCTGAACAACGTATTCGCATTGATGGGACGGTTCTCGCGAATTTCCGCCGTGATTTCGGCCGACTTTTCCGCCAACTGCCCCACGCCC
NZ_CP119075.1_gap91	3848142	3851886	3744	ACCCCGGAGTGAAGCCGCGGGTTTTTCTGGCGACCCGATGACGGAATCTCGCGCTCGTCGGGGTTAGGCGTTGGGGTGTCCCTGTCGACCCCCTCCGCGAATTTACCGATCCCTCCCATGTCCGACTCTCCCGATCCGCTCGACGAGCTGCTCAAAACCTATCCATCGCCCCCGCCCTTGGCCGCGGACTTCAAGGCGCAGGTCCAACAACGCATCGCCCGATCGATCCCGCCCCATCGGCACGGGTGGTGGGCCAACCTCAACACCACCTTCGCCCAACCCGCTTTCGCCGTCGTGTTTGTTTTTGCCTGCACGCTGCTCGGCCTGCTGTTGGCGGAAATCCGCACCAGTGCGGAGCGCAGCCGCACCCACGCCCGGGTCGTCGACAGCTATCTGCAACTCATCAATCCGCGCATCGAACCCGACGCATTGACGACTCCGCCGCCGCGTCGCGACCAACCGGAGGACGCCCGTTGAACCGTGGCGCTCTGGTGATGTTCTTCGGCCTCGCCGCCGGACTGATCGCGTTTCAAGGCTGGAGTTCCTGGCGCAACGCCTGCGACGGCGACGACTTGAGCTGCCAACTCGCCTGGATGCGACAGGACTTGCGGCTGACCGATGAGCAATTCGCCCGGGTGGTGGAATTGCACGATCGCTCCAGCACCCGCCTGCAACAGCTCGCCCTCGAGATCAGCCGCATGGAGAACGAATTCGAGGCCTTCGAAGCGGCCCGCCGATCGGAAGGTCGCGTCGACTTTTTGGAGTTTGCCCGCTTCGTCACCGAACGCCGCCGGATCGAAGCCGCCGCTGATCAATCAGCCCGCTCGCTCATCGCCGCCACCGCCGATGTCATGTCCCCGCTGCAACGTTCGCGCTACCTCGCCTTGGTGGCACCGGCCAGCCCCTCCGGTGCCTCTCCCGACTAGCCGCCCGCCCTCGTCCCCGCTCCCCCATACCCCGCACGATGGAAGAGACCGACCCGGATCTCGCTGACCTGCCGGATCTCCGTGCAGGCGATCCGGAGGCCTTGCGTCGGGTGATGGACCGGTGGGCCAAGCGCCTTCACGCCTTTGCCTGGCGCTACCTGCAACACACGACCGACGCGCAGGAAATCGCGATGGAAGCCTTTGTGCGGCTCCACCGCTCCAGCGCGAAACTCCGCGCCGACACCCGTCTGGGCGCATGGCTTTTCACCACGACCGCCAATCTCTGCCGCAACCGCCTGCGCTGGCGCCGCCGCCATCCCGGCGACAGCTGGGAGGAGATGACCGAAACCGGCGAGCCCGGCGGAACCCAACCGCTGGGCACGGTAAATCCCGACCCCGCCGCCGCCGCGGAAAAATCGGACCGCGCCGACGCGCTGGTCGGAGCGATTGAAGGCCTCCCGCATCGGCTCAAAACCGTCGTGCTCCTGCATCATTTCGACGGACTGAGTTATCAGGAAATCGGCGACGTGGTGGGTTGCTCACCCCGCGGCATCGAAACCCGCCTCTACCGTGCCCGCCAACAACTCCGGGAGAAACTCACCAAGCGCCTGACCGACTAGATTCGCAGGCCCGTGAAAGGATCAAGCTCCAGCACCGCCCACTCCATTAATTTCCTGCGCACCATGCCTCCGCACTCCCGCGCACGCGCATCGTAGCTTTTCAGTTTTTCAGCGTTCAGCGTTTAGCGTTTTAAAAACGCTCACTGCGCTACCGGACTGCCCTCGCGAAAGCGGAACTCCTGCGAGGCCCGCACCGTCACCGCTTTCCCGCCCCGCATCGGCGGGGCAAACTTCCAGGCCCGCACCGCGTTCAAGGCCAACGTGCCCAACTCCGAATAGGCCTGACTCTCGATCGCCGGCATGCGCACCGCCCCGGTTTCATCGATGAAAAAATCGATCACCACCGTGCCCACCACACCTTCCCGGGCGAGTTCGGCCGGGAACGGCGGCGGGGCGATTTCCAACGGCACCGGGATGCCGTCCAACTCGCGCAACGTTGGCAACCGCGACACTTTATTGCGAGGGTGTCCGCCTTGGAGATAGAGATCCACGATCGTCTGAAAATCACTGTTCACCACGATACCGTCGGTCTTGAATTCGATCGGCACCTGCGCCCGCAAGGGAATGGCCCGTCCTTCGGACCGCGCCGCCTGATAGGTCGACTTCTGCACAATCTCCGCCGCCCCTTCCGCAAAATAGGGATGCGACGACTCAATCACCATCCAATCGACCAAGCGGTCGTTTTCATCGACCTCGATCACCACCGTGGCAAAACCGTCCATGCCACGCAGCTTGGCTTCACGCGGATAGTTCAGGTCCGGAGTCTGGATGATGATTGGCTCGTCACCCGTCGGGCTCGTCTCCGCGCCGCGCAAAACCAACCCGCCCACGCCGGCCAACCAGCAGCAGATAAAACGAAACCAAAACATGATGACAGAAAATCGGATCAAGGTGAATTAGGGTAAACCCGGCCCACGTCCAATCCCTTCACCCCCTTTGGCTCAGTCTGTTGACCACGCCGCCCGGGCATCGCGCCACCCGGTCCATCGGGAATCGGTCGATTTATCGGCCTTATTTTAACGTTTTGACTGAACGGATACTGTCGGAAACAGGTTTCAAGGTTGCGCGTCTGCGCCCACCTCAAAAGATCACGGTTCCCACTTCCCCAGACCCTTTAACCACCCAAACTTATGTCGAGACCCGTCACCCTGTTCACCGGCCAATGGGCCGATCTCTCCCTCGAAAAACTCGCCCCCCTCGCCAAGAGCATGGGCTACGACGGCCTCGAGCTCGCCTGTTGGGGCGACCACTTCGATGTGGATGCCGCCAACGCCAAATACATTAAGGAAAAGTGGGAGCTGCTCGCCGATCACGGCCTCGAGTGTTTCGCCCTTTCCAACCACCTCGTCGGTCAGGCCATCTGCGACAACATCGACGAGCGGCACAAAGCCATCCTCTCCCCCGCCGTCTGGGGCAATGGCGACCCCGAAGGCGTCCGCAAGCGCGCCGCCAAACAACTCACCAAAACCGCCAAGGTCGCCCGCAAGTTCTTCGATGCCAAACCCGGCGCCAAAAAAGGCGCTCCCGCCGTCGTCAACGGTTTCACCGGCTCCTCCATCTGGCACTCCCTCTACGCCTTCCCGCCCACCTCGATGGAATACTGGCAGGCCGGCTTCGACGACTTCGCCAAACGCTTCGGCCCGATCATGGACGCCTTCGACAAGGTCAATGTGAACTTCGGCCTCGAGGTCCACCCGACCGAAATCGCCTTCGACATCGCCTCCGCCCACACCGCGCTCAAGGCCATCAAGAACCACAAGCGCTTCGGCTTCAACTACGACCCCTCCCATCTCGGGTATCAGGGCGTCGACTACGTGAAGTTCATCCGCGACTTCGGCAAACGCATCTTCCACGTTCACATGAAGGACGTCTGGTGGGATCACGGCAACGGCGACGTCGGCGTCTTCGGCGGCCACACCGGCTTCGGTGACGCCCGCCGCTTCTGGGACTTCCGCTCCGTCGGCCGCGGCGACATCAATTTCGAGGAAATCATCGTCGCCCTCAACGACGTCGGTTACGCCGGCCCTCTTTCCGTCGAGTGGGAAGACATCCGCATGGACCGCGTTCAGGGCGGCACCGAATCCGCCGCGTTCTGCCACGGCATCGACTTCGCCAAGAGCGCCGTCGCCTTCGACGCCGCCTTCGACAAGGAAAATCAATAGCCCGCCGTTGGCGGGATATTTCAAATCTCAAGCTCC
NZ_CP119075.1_gap92	3856632	3857650	1018	GGTAAAATCTCCCTCGTCGAGACCTACAGCTATCTCGGCATTGAGGGATGGAGCGACGGGCCGATTCCCGACGCCGAGGTTCCCGCTCACCTCGACTACGAGCGCTACGCCGGCCCCGCACCGAAAGTGCCCTACAAAGCCATCATCGAAGACCGCGGCTGGCGGTCGTTCATGGCCTACGGCAACGGCATCATTGGCAACCTCGGGGTGCACATGCTCGATAAAGTCCGCATGTTGCTCGATCTGGGCTGGCCGGAGACGATCCACTCCACCGGCGGCATCTACGTGCACAAAAACTCGTTCTCCGACGTCTCGGATACTCAGCACAGCACGTTCCATTATCCCGATCTCGACATCAGTTGGGAGCACCGCATGTGGGGTGCTTCACCGATTCCACAGCGCAATTGGAGCGATCAGTGGGGTGCCCGTTTTCTGGGCGAACACGGCACGCTCAACCTCACCATGTATGAGTATGTGTTCACTCCGGCCGACGGCGGACCACGCGAGGGTCGGCACATGATGTCGACCAGCGGTGATCTGGAGAACGTCGACTTCGGCCAAGCGGGAGAGGTGTTTCAAGAAACCGAAAACCGCCATGTGCTCGACTTCATGGCGGCCCGCGAACAGCGCTCCCGTCCGCTCGCTGACATCGAAGAGGGTCACATTTCGAGCGCCATGTGCGAACTGGCCAATCTTTCCATCGACCTCGGTCGCCCGTTGGCCTACGACCCGGCCTCGCGCACGGTCCCGGGCGACGCCGAAGCCACCGGCCACCTCGCCCGCGCTTATCGCGCCCCATGGGTGCATCCGGATCCGACCACGGTGTAACTGAACCAGGTAGGGCCGGCCTCGCCGAGGCGACCGCCGCGATGCCATCGGTCCCACTCCAACGCGGAGTGGCTCGGTGGGCCGTCGCTACCCCTCCACCAGCAAAGCAATCTTCACCCGCACAACCGTTGAAGCGGTCGCTTCCGTGATCGTAAAGGCAAAGTCCGCATCACGGACGGATTCACCTTTG
NZ_CP119075.1_gap93	4033277	4034448	1171	CCCGGACGCGTCCACCCTCAACCCGCCATCCCGCCATGCCCGAACTACTTCACCACCCCCTCGCCTCTCACGTTCTCACCAAGCTGCGCGATAAAAACACCCCGGCGGCAGAGTTTCGGGCGTTGAGTTACAAGATCGGTTTAATGCTCGCCCTCGAAGCGACCAAGGACCTGCCGACCGATGTCGAAACGATCGACACGCCCCTGGAAACCATGGACGCCTCCGTGCTCGGCGAAGGCCTCGCCGTCGTGCCGATTCTGCGCGCCGGACTGGGCATGCTCCAGCCGTTCACCGATCTTTTTCCTTCCGTCAGTGTCGGCTATCTCGGCCTCGAACGCGACCACGAGACCGCGGAACCCAGCGCCTACTACAACAAGCTGCCCGACGTCACCAGTCGCCGCGTCCTGTGCGTCGACCCCATGCTCGCCACCGGCGGTTCCGCCGTCATGGCGCTCGACAAGCTCAAGGCCGCCGGGGCCACGGACATCCGTCTCGTCACCATCGTGAGCGCCCCCGAGGGCATCGAAACGGTCAAGGCCGCTCACCCCGACGTGCCCATCATCACTGCGGCCGTGGATCGCGAGCTTGATGACAACAGCTACATTCTGCCGGGACTCGGCGACTTCGGTGACCGCCTGTTCGATACCTGATGCCTGACGCATCCGATTACCGGATACGAGCGGCCACGCCCGCCGACGACGACGTCTGGGCGCGGCTGCGCCACGCCCTCTGGCCGGAGTGTCCGCCGGCGCGTCACGCCGAGGAGATTGCCCTCTATCGCCAATCTCCCGGGCTCGTGGCGCTCGCCCTCGACGCGCATGATCACGCCGTGGGATTTGCCGAAACGACCATCCGGCACGAACACGTGACGGGCACTGCGGCGAGTCCCGTGCCGTATCTCGAGGGTTGGTTTGTCGAGTCGGCCTGGCGTGGTCGCGGCGTCGGCCGGGCGTTGATCGATTTCGTGGCCGCATGGGCCCGAACCCAAGGTTTCGCGGAACTGGCCAGCGACACCGAACTGGCCAACGTATCCAGTCAGGCCGCCCACACCCGCCTCGGATTTCGCGAGACCGAACGCGTCGTCCACTACCTTAAACCCCTTTCGCCATGAAACTTCGCCGCCCTTGGGACGAACTTGCCGGCTGCATGTGGCTTGCCCGTTTTTTCGATA
NZ_CP119075.1_gap94	4230146	4234088	3942	CATTGCAATCTCACCCTGCTGTTTTCCTTCGCTCAAGCCGTCGCTTGTGCCGAGGCCAAGGTGCAGCTCATCTCCCCGTTTGTGGGTCGCATCCTCGATTGGCACAAGAAGGCCACGGGCAAGGAATTTGTCGGTGCCGAAGATCCGGGAGTGATTTCCGTCACCGAGATCTACAACTACTACAAAAAGTTTGGCTACAAGACCGAAGTCATGGGCGCCAGCTTCCGCAACACGGGTGAAATCCTCGAACTCGCCGGCTGCGATCTACTCACCATCGCGCCTGCGCTGCTCAAGGAACTCGCCGAGTCTGACAGCACCGTGGCCCGCAAGCTCGATCCAAGCACCTCGGGTGAGGCCGATCTCCAGCAGGTCAGCTTCGACGAAAAGGGATTCCGCTACGCCCTGAACGAAGACGCCATGGCGACTGAAAAAACCGCCGAAGGCATCCGCAACTTCGCCGCCGACATCGTGAAACTCGAGAAACTCATCGCAGCCAAGATTGGCTGAGTCTCGCTTCATCGATTCTGCTTTCAAGCCGGACCTGGGTCCGGCTTTTCTTTTGCCCACATGATTCGCGCCTTTCAATGGGACCTCGCCCGCCAGGTGGAGCGGCTGGATTGGCTGCTCGCCCAGCTCCCCCGGTATTCACGCTGGGGATACCAGGAGCTGCACTTGCACTTGGAGGATGCCGTCGACTACCCCAGTCTGCCCGGCATCGCCCGGCGCGACGCCTACTCGTGGGCGCAGTTACAGCAACTGGTGACCGCGGCCTCCGCGGTCGGCATCAAAGTCGTGCCCATCGTCAATCTGCTCGGGCACACCCAATATTTGATCAAACACCCCGATTATCGGGATCTCAACGAGCTGCGCGCGTCCGACGGGAGTCCGCTGCCGACCGGGCAAATTTGCCCCAGTCACCCTCGCTCCCTGGAAGTCGCCCGTCGCTTGATCGCCGATGTCGCGCCGCTGTGCACCGCCGGCAAAGTGCATGTCGGATTGGACGAATCGTTTCACCTCGGCCGCCACCCTGACAGTGCCCGCACCATCGCCGCGACCGGACTCGCCCGATATTTCGCCGACTATGTCACGGCGTTGCACGGCATCGCCGCCGAACACGGCCTGCGCACCGGCATCTGGGCTGACATGTTGGTCTTACTCCCGGATGCCATCGCGCACCTCCCGCGCGGGCTGATCGCCTACGACTGGTATTACCACGCGTTCGCCCGTCATCCGCGCTTCGAGCTGCACAATTTTCGCGAGTATAACCTGGTGCCCGCCTTGCGCGCCCAAGGCATCGACTATTGGGGCTGCCCCATGAACGGCGCATTTCGTTTTGAACCGATGCCCGTTTTCGGCGAGCGCATCGCCAACGCCCAAGCGTGGTGGCAACGATGCCGGAAAACGCACGCTGAAGGCTTCCTCGTCACGGGCTGGGAGGCCTATCGCCTCGCTCTGGAAACCACGGTGGTCGTCGACGCCGCCATCGCCGGGCTGTGGCTCGACGACGATGAAGCCGACCAAGTGACCTTGCTGAAGCGGGGTTTCGAACGCGCCTGCGGTAAGACGCGGGCGGGCGAACGAGCACGGCAGATGTTGGGAAGCGACGAACGCGCTTTCGCCGGCTACGCGCGTTGGGAATTAAACCAACGCTGGGACACCGTCCACGGGCGTGACGGCGCATCCCGCTATGCCGCCGACGTGCGATACTTCCAACGGACTCGATCGGTGTCGTGGCCGCCTGCATTCGACGCCAGTCTCCGTTGGCGCGAGTATCTCGCCATTCGCGATCACTTTGTCCGCGATGCGGCGCACCGAATATTCCGGGCGCGCAAACTGCGGGCGCGAAACCGACAGCAGGAATTGACCACGTTCATCAAGGCTTCGCTGGCGCTGATAAACCAATTTGTTGACGCAACGAAATCCGCCGAGGATGCCGCGCGAACCATGTGGCGGACGACTCGAGCGGACGATCAAGTTAATCCCAACGAATCCATCCTCGAATGTGATCGTGAGCGGGCTCAATCCCTGCGACAGTGGTGGTCCGCCGCGCACACCTCCCCGGCTCTGGTTCAGTCCGCCTCCAACCTCGTAGGAGAATGGCAACTACAGGCTATCGTGCACACCACCCATCCCTGCTTGCAGGCCGTGGTGATCCAGACGCGGGACGCCGCTGGCCGATGGACGGATCAGCTCCAACGCTATCTGATCGAATTTCGCACCAAGGCCGCCCGCCGGCGGACGAACATCCGTCATTGGATCAGCCTCCCGCTCCCCTCACCCGACACCCCGGTGCGGTTTGCGCTGCGTGGCAGCGGTCAGTTTGCCCTCAGTGACGTGCACCTGACCGACGGAATAACTGAGCTGAGAACGGTGCGTCAGCCCACCGCCCGGAGCCGCCGGGTGACCTTGGGCAGAGCCCAACCCGTGATAAACTTCTTCGCACTCGACCGCACCGCCAATCAAGCCGTGTGGCAGCCGAGATGGCGGAAGCCGCCAGCGGGTTAATCGGTCGACTCGGGCGTCCCCACCGGCACCTCTGCTCGATTGGTCGGAAAGTATTTTATCAGGAAAGAATCGAGCGCCTCCAAATAGGCGGCTTGCGCCTCTGCCGCCGCAAAACCATGGGCGGAATCACCCTCGTAATAAGTCTCGTGCGGCGTGCCGTTTGACTTAAGCGCGCGCTCCAGTCGCACGGATTGAGAGATATCCACGCGGATGTCCTGCCGACCATGGGCGATGAAGACCGGTATCCGAATATCGTCGACTTGCTTGAGCGGGGAAAAGGCCGCGACTTTGGCCGGATCATTGCCGATATTCTTCATCAACCAATGATAGGATGTGTAGGACTCCCGGCGGGAATCCGAGATAAGCATGTCCCAGTCAAACACGCCGACATTGGTGATCGCCACTCGATAGAGATCAGGCTCCCACGCGGCCCCCGCGATAGCCAGATAGCCGCCGAAGCTGGCCCCCATTATGCCCAATTGATCCGGATCGGCGATACCCCCCTTAACCAGGGCGCGAACGGCATCGGTCACGTCATCGTGCATCTTACGAAATTCAAAACGGTCGTGTAGCGAGACCGCCGCTCGAAAGCCCGTCGACCCGCGGTAGTTGGGCTGCAGCACCGCGTAGCCCCGGGAAGCGAGAAACTGCACCTCCGGATCGAACCGCCAGTTGTCCCGCGCCCACGGACCACCATGGCCCAACACCATCAGGGGATAAGGCTTTTGGGCCTTGGGCCCGGTGGGCAACGTCAGGTAAGCCTGCAACTGCAGCCCGTCGCGCGCCTCGTAATTAAATGAAGCGGTCGGCGACAGCGGCTGCCCTTCCAGCCACGGCGCGGACGCCGCGATATGCTGGATCGCCCCCGTGCCGAGATCGGCGAGGAAGTATTGGCCCGGTTCGGTTGAACTCACCGCCGCGAAGATAACGCGCTGCTCATCCCGCGAACGATCAACCAGCACGATGTCGTAGCCGGCCAACGCCTCACTGATGCGGGCGTGCGCTTGCTCCAGCTTGTCATCGAACCAGACGGCATGCATGCGCACGCGGGAATAGACAATGGCCCGCAACGTCCGACCCGTCCGGTCGAGCACGAGTCGCGCGCCACGCAGATCGTAGTCCGAATCCTGATACACCTTTTCCCCAAAACGGCCGGCCGCCAAGTCGTAGTGCACGATTTCACTGCCTCCATCCGCGGTTTGACGCGCCACCCACGCCAACTGTCGGTCAGCGGCGATCGCGAGTATGGGCGTCGTCTCCAGGTCGAGACCGGACTCCGACCAAGTCTCCGCCTCCCGGTTTAGCACATAAGCCCGTTCGCTCCCGTCTTTGAAAACGGCCGCGAGCACGGGCTCTCCGGTCACATCGGCGAAATACGCCCGCAGCCGACCGGCCGGTGGCGGCGGATAGGTTTGCTTCACCGGATCGAAGTTGGAG
NZ_CP119075.1_gap95	4243281	4247033	3752	AAGGCGTGGCATCCTCGCTGCGCGCCGGGCTGACCACGGTAAATGAATTTTCGCGCCAAATTGGGAGCGTTCTGTTCACATTGTGCGATCAGCCTGCGCTGTCTTCCCCCGCATTGCAGGCGCTTTGGGCCGTCCGCCGCCAAACCGGTAAATCCGTGGTGGCCGCGTCTTACGGTGGACATCCCGGTGCTCCGGCTTTGATCGATCGCAAACATTTCGGCGCGCTCGCTCACCTCACCGGCGACGAAGGAGCCCGGCGTTTGATCAAGTCACTTCCACCCGACCAACTTGGCCTGGTGGAACGCCCCGAACTGGCGCTCGATATCGATACCCCGGAAGATCTCGCCCGCCTGTAATCGGGCTAATCGGTGGCGCCGCGCAGCACGTCCTTGAGATCACGCGCCAAGTCAAACGTCTGGTCGACGTGGTCGCCGGTGACGGTAAAGTGCCCCATTTTGCGCCCGCGCCGCGGCTCGGACTTGCCGTAAAGGTGCAGCTTCGCTCGAGGCTCCTGCAACAAAGCGTTCCAATCAGGCGCTCCGGCGGGCGAATCGCCCTCCCACTGCCAGGCATCACCGAGAATGTTAACCATGATGGCAGCCGGCACGGTCATGGCAGTGTCGCCCAGTGGAAGTCCCGCGACCGCCCGAATCTGTTGCTCGAACTGGGATGTCACGCAGCCATCCAGCGTCCAGTGGCCGGAGTTGTGGGTGCGAGGCGCCATCTCATTCACGAGGAGCTCGCCTTCGTCCGTGAGAAACAGCTCGACCGCCAGGATTCCGACCAGACCAAACGCCTCCGCAATGTTCACCGCCAGCTTTGCCGCCGCCGCGGTAACCGACTCGCTCACACGTGCCGGAGCGATGGTGAAGTCGAGGATGTGATGCGTGTGAATATTCTCCACCACCGGAAACGTCCGCGTCTCCCCCGCCGAGTTGCGGGCGACGATCACCGAAAGCTCACACTTAAAATCGATGAAGCGCTCCACCACCGCGCGTTGTTTGGCGAACGCTTGGGTCGCGGTGGCGACCGCCGCCGCCGAGGTCACTTTGAGCTGACCCTTGCCGTCGTAGCCAAAATCCGCGGTTTTCACCACACACGGCATCCCGATGCGTTTGATCGCCTTGGCCATGTCGCCGCCGGCCTCGACTTCCGCAAACGGGACGTGGGGAAACCCATGGCGTTTGAGCCACTTCTTTTCACGCATCCGGTTCTGGCAGACTTCCAGCACTTCCCAGTGCGGCCGCAGCGGCACGAGTTTTTCGATTTCCCACAACGGCTCCACCGGCACGTTCTCGAACTCATAGGTCACCGCCGCACAAGTCCGGGCAAAATCCTGCAGGCGCGCGATATCCTTGTAGGGTGAGTTGAACTCCCGCGTGGCCACTTCTCCGGCCGGGCAATCCTCCGCCGGCTCATACACGTGCAAATGGTAACCCATCCGCGTCGCCGCGTGGGCGAGCATGCGACCGAGTTGGCCGCCACCAAGGACGCCGAGAGTGCTGCCAGGAGGAATCATCGCGAAAACTGAAACGCTGATTTCCGAAAAGCTGAAACGCTAAAACGCGAAAAGCGGAAAGATCCCGCGATCTGTTCCGACATCGTGCCGATTTACTCGGGCAACTTGGCCTGCAGGACCGTGGCGGTTTGCTCCGCCCGAAACGCATCCAATGCCTTTTTGATGCGCTTACTGGTCGTCGCGAGCATGGCCGCCGCGAACAGCGCCGCGTTTTTCGCTCCGGCTTTACCGATCGCAAACGTCGCGACCGGCACGCCCCCGGGCATTTGCACGATTGAAAGCAGTGAATCCTGGCCCTTGAGGGTGCGCGATTCCACCGGCACGCCCAGCACGGGCAAGGGCGTGAGTGCCGCCGTCATTCCCGGCAGGTGAGCCGCGCCCCCCGCTCCCGCGATGATAACCTTGAGCCCCCGCTCCTCGGCGGTTCGCGCATAGTCATACATGCGATCCGGGGTGCGGTGCGCGCTGACGACGTGTTTTTCAAACGGCACCCCCAGATCGCTGAGCGTCTGCGTGGCGTGCTGCATCGTCTCCCAATCGGACGTGCTGCCCATGATGATTCCTACCAGTGGCTTGGCCATGAAGGAGCTATCAGCGGCGAGTGATCTGCTGTCAGCTTTTTTCAGCTCAACTCACGTTGCGGCCGGGCGCCATCCCAGCAAACGGGCTGGCAGCGTGAGCAGCGCCTCGAGGAAGCGAAACACTCCCGTGACCACGACTCCCACCAGTCGAAACGGCAGCAACACCAACCAGACCACGGGATAAAGCATCAGCGCCAGAAACGCAATCGGCCAACACAGGACAAACAACACACACCAAAGCATGAAGGTGAACAGGGTTCTCATAACTCGATTTCTCCTTGGTTTAATATTAACGGTTGCAGCGTCACCCACCGATCAGATGAGCGAAACGCCTTTGGGCATGTGCACAATGGTCGTGCCCGCGATTTTATCGTGCCAGGATTGGCGCTCCGGATCGAACGCGACCCAAATGAAGCCCAACCCGATGGCGAAGAGTGACAGAAACGCGCCGAGTCCGCGCACGATCGCGACCGACCAATCCACCGGCCGATCATCCAGGCGCACGACTTTCAGGCCAAAAACAATCCCGCCGATCGTGGTGCCCTTCAGCGCCCACAACACGATGAAGTAAACGGCGGCGATCAACGGGAACATGTCATCCACATCGAGGAAGCTCGAATCGAGCATGTTGACCACAATGGCCACGAGGATGACATCGAGCAACGTCGCGCCAAGCCGCGCCCAAAACCCTGCGCGCGGCAAGGTGGAGAGGTCCCGCACTTTTCCAGAACGAGGGGGCGTCGCCGCCGCCGACAACGGCGGTGGCGGTTCCGCCGGGGCGGTCGCGCCGGAGGGGTCCAATGGCGGCGGTTCGCCGATCGGGCGCTCGGTCGACACCGATCCCGCCGTGACATTCGAAGCAGCGCTCGCGGCCGTCCCGGCGGACGAGCCCGTCGGCGTCGGTGCAGGTGAAGACGTGCCGCTCGGGGACGCTTTCCCACGGCCCGATTGCATGGCCAGGATGACCGTGTAAACCACCACGCCCGTGCCGAGGAATCCCGCCAATTTCTGGAACGCAAAACCCGCGATCGGAATCAGGTAAATGACCGTGGTAAGCAACCCACCCAGCAACACCGCGAGCACCGGAGCCATCGTGATCGGCTTGCTGGCAAAGCGTCGTCCCAGCCACGCGAGGAACACCACTTTGCCGAAGATCGATACGAAAAACATCAGGAAAATCAGCAGAAACGCGCCCAGCACCGTGAACGACAGCACGATAAACGCGAGCGGCGTGATCAACACGGTCAGGATCGCCGCCACGACCGATAGCCCCGGTCGTGCTTCAAACGTGCTCGCGCAGCGGTTGACCGCCCCCGGCATGATCAACGCGATGAACATGTAAAGCACCAGCGCGGTGCCCGCGACCATCCAAGCCCAACCCAGGTGTTCGCCAAACCAGAGTGGTCGCCCCATCAACAAACAGTGGCGAATCCAGGCCTTCAGCCAGTCGACATTGATATCCGTATTTCCCAGCAGCGCTATTTCCTGCGTCCCGCCGCCCACCCGCGCCCCGGGTGCCCGGGATACCTTGCTGCCAATCGAAACGACTTCACCTTGCACCCACGCTTCCGGACCGAGCGTCACCTTGCCCAGGACAACCACCAAATCACCGTCGACCTGACCGTTGACCGTGCCGTTGCCCAACACCGCCA
NZ_CP119075.1_gap96	4309946	4314102	4156	GGGCTTTTTCGAGCAGCTCTTCCGGAGTGGGTTCGACTTCCACGCTGGCTTCAACAGGCTCAGCGGCAGTCGCCTCTTCGGGAGCGGTTTCAGGAGCCGCTGCAGCTTGGGCGGCGGTCTCTTCGGAGTCGGTAGGATCGGTCTTGGACGCAGTATCGTTCATTGCAAAGGGCCTACTACACTACGGCTTTGGCGTTTGATCAAGTTTACGAAGGAATGAATTCAAGGTGCTGCCCGCTTTGCGCCAAATTTCCTGCAGCGGCCCCGCGCCCCCGAGATCCTCGGGCAAAATACCGCTCGAAAGCAGGGCCTGCCACACGGCGGGCGACTGTGCCAGTCGCTTCACCAGCTCCGGGGTGAACATATCCTGCCACCGACGCACGTTGTCGAATGTGCCTTCGAAATTGAACTGCTCGCCGAAACTGCCTTTGGCACCGAGGTCGGGCTGCACCACGTCGACCCGTCCGATCTTGAGATGCAGACGACGGATCAGCACGCGCTGCGGACCATCACCAATCACCGGCAATCCCGCGACGGCATAGTCCGGGTAGTCGGGTGACGTCGTAATCTGCGCGATCAAGGCCTCCCCGAACGCTTCGGCATTGGATGTTCCGTCACCCGGGATGATCACCTTGATCGCCGTGAGATCGATGAATAGCTCATCGATGACAAACTCCTCCTTGGTGACGGTGGACGTTTCCAACCGCCCGGAAAACTGCGCGACTTTCACGAAGGCGTCTCCGCCATAAACCGCCGGGTTGGTGATTTCCAATTCACTTCCGGAAAAACCGCCCCCGATGGGATTGAACGCCAACTTGCTGATTTCGGTGCGAAACCCACTGCGATCCGTGAGCACCTTGGCCACCGTTGTAGGCAGAAAAATCATCCAAGCCAACACGACCACCGCGACCACGATCGCCATCAACACCAATAGTTTGAGGAAAGCGCCCCCTCGTTCAGAGCGGAGGCGAGCCACGGGACGCTGATTCAGTTCGGAAGTATTCATGGGGCCGGAGCGGGAAGGCGCTTAAGCAAAATTTTCGGTAACCAACACCATGGCATCAGTCACGGCGGTCAGCGTGAACGCCCCCGCATAGGGCAGCAACGCGTTCTCGCCCTTGGTCAGCGGAGCACTTTTCCCGCCAGTCGAAACCTCTCCGGTCACGACGCTCACCAGTCGGGCTTGCTCACCCGCCGCAAAGCTCAGGGTTGCGCCCGCCGCCATCGGCACGCGACGGATGGTGAACTCCTGGCTCGACGCAATCACCGCATCCTCGGCGGCGGCGCGCACCGGCTCGGGTTCGACCACCTCCCAATCGATCGAAGCGATGGACTCGGCGATGTGCAGCTGCCGCGGCGTTCCGTCCAAACCCACCCGCCCCCAATCGTAAACCCGGTAGGTCGTGTCGGAGTTTTGCTGAATTTCCAGAATGAGATTACCCCCATCAATGGCGTGAATCGTGCCGCTCTGCACCAGAATCGAATCCCCGGGCGACACCGGGAAACGATGCACGCAGGACTCCAACGTATGGTCCACCAGCGCCGCCGCAAAGTCGGCGCGCGTAGCCCCCGCCTTGAGCCCCACGATCAGGTTCGCGTCGGGCGTGCTTTCGGCGATATACCAATTTTCCGTCTTCGGCTCACCACCCATGGCTGGGGCGATTTCCGCCGGGGGGTGCACCTGCAGACTGAGCCGCTCGCGGCAATCGAGCCATTTGATCAAAATCGGAAACGGCCGGTCCGCCGGCCAATCCGGTCCCATGATCTCGGCGGCGTGGCCCGCCAACGCCTCCCGAATCGACAACCCCTTCCAGGGTCCGTCGGAAATCACCGATTGGGCCTCGGGCCGGTCGACGACTTCCCAGCTTTCACCGATGGGACCTTCGCGCGGCAGCGTGCGACCGAGGGCGGTCTCCAGCACCCGACCACCCCAGACGCGATCTTGGTAAAGCGGTTGAAAACGAATGACTTCTTGCATGTTAAGAGAGGGTTAAATCTGAAATTCCAGAGAGGGTTATTTACATTTGACCGGTCTGCTGACAGACGTGAAATCCACCCGAGCCAACGTTAGCGGACACCTGCCGCGCAGCTCAACTCACATGGCCAAGTCTAGGACTTCAAACTCAAACAAACGCTCCAACGGATTCCAACCACCGCGCGATCGTCCGCGTTGGATGATTGCGGTGCTTTGCCTGTTGTTGGGCCTGTGGCTGACAGTCGCCTACCTCGACTACAATCCGTTGCAAGAGGGCTACATGACGACGGATTCGACCGGCCCGGCGGACAAAAATCTGGTGGGTAAAATCGGGGCCGACGTCGCCCGCATCAGCTTCGTCGCCCTCGGCCTCGGCGCGTGGATGGTGCCGCTCTTCTCTTTCTGGTCTTTGTGGATCGCCGTCCGGCACTCCCGCCGACTCGCCTTCGGTCGTTTCACCGCCATGACCCTGGCCATCGTTTCGGCCTGCGGTCTCGCCGCGATGATCAAGATGGACTCGTTCGCGGAGAGTCAGTTTTTCCCCGACGGACGACTCGGTGGCGTGCTGGGATTCTGGGTCTATGATCGCTTGCTGTTCGATACGGTCGGGGTGTTTGGTTCGGCCTCGCTGCTCGCGACCATCGACGTGGTCGCGCTCGTCATTATTTTCACCCGTGATATCGCCGCGCAGTGCGAGAAACTGATCACCAGTTTCCACGACTGGCGGGCTCACCGCCGGGAGCGTCGCGCCGAGCGCGCCGAAGAAAAACGCGCCGCCAAAGCCATCGCCGCCAAACTGAGAGAAGAGGAAAAAGCTGCGATCAAAGCCGCCAAACTCGCCGAGAAAGAACGCATCGCCGAAGAAAAGGCCGCCAAGAAAGAAGCCGCCAAGGCCGGCGCCGCCGTGGCCACCAAGGAGATCAAACTCGCCGGCGGCACCGAAGATCCGCTCGCCAAGGCCCCCGCCAAACGCCCCGCCCCGGCACCCACGCCGGAACCCGAACCCGAGCCAGCTCCCGAGCCCAGACCCAAGCCCAAGGTCATCGGACTTTCCCTCGGTAAACCCAACGACGGGTCCGAAACCTCCCCGCCCTCCGGGGGCACGTCGAGTCCGCTCAAGATCGTCAAAGCCGAGGAGCTGAAAAAAGCCCGCAACGCCGACGCCCCCAAAAAAGTCGGCAGCTACGAATATCCGCCCAAGAGTCTGCTCACCGAACAGGCCAAACCACACGAGGACAACTCCGAGGAGGAACACCAGCGCAACGCCGACAACCTGCTGCGCATCCTCGAGGAATTCGGCGTCAAGGTCTCCCTCGGCGAGATTCACGTCGGCCCGGTCATCACCCGTTATGAAGTGATTCCCGCGCCCGGCGTCCGGGTGGAAAAAATCTCCGGGTTGGACAAAAATATCGCCCTCGGCATGCGCGCCCAATCGGTGCGTATCCTCGCCCCCATTCCGGGCAAGGCCGCCGTCGGTGTCGAAGTGCCCAATCAACATCCCACCGCCGTTGGCATGCGGGAGATCCTGGAGTCGCAGGACTGGGTCAGCACCAAGGCCGAGCTGCCCATCGCCCTCGGCAAGGACGTCTCGGGCAAACCGCTCGTGTCCGACCTCGCCAAGATGCCCCACTTGCTCATCGCCGGCGCGACCGGCTCGGGTAAATCGGTGTGCATCAACTCCATCGTCGCCTCGATCGTCTACTCCAAGACGCCCGACGAAGTGCGGATGATCATGGTCGACCCTAAGGTCGTGGAGTTGAAGGTGTTCAACACCCTGCCCCACATGCTCATTCCGGTCGTCACGTCGCCCAAGATGGTGCCCGGCGCGCTCAAGTGGCTACTGGCCGAGATGGAGCAACGCTACCAGTTCTTCGCCAAGTGCAACGTGCGCAACATCATCGGCTTCAACAATCGCAAGAAGAAGAACGTCGCCCCCGACCTGCCCGACGCTCCGCCCGATCAGGCCGATCTGCCCGGCGTCACCCCCGACGACGAGGTCGAGCTGCCCGAGAAACTGCCTTACATTGTCGCGATCATCGACGAGTTGGCCGACTTGATGATGGTCGCTCCCGCCGAGATCGAAACCTCGATCGCCCGCCTCGCACAGCTTGCTCGCGCCGCCGGTATTCACCTCATCATCGCGACCCAGCGTCCGTCCGTGAACGTCATCACCGGCGTCAT
NZ_CP119075.1_gap97	4374582	4378538	3956	GCTCGACCACGAATTGAGGTCGTTCCCGGCTCCATCGGCGGGGCATCCGAGCCGGTCCGTTTATCCCGCCGAGACACTAAAATGAAGGGTTCGGAAACGCGTCGGGGTTTTCGTTCGTTTCACCGGTTTCTACCCCAGTCTCGCCATCACCCCGATGAAATTTCAAGTCCCCGCAACCTGTTAGAGCGTCGAGCGGGATCGCTCGATTGACATTCCCCGATGGTGTGAGATTTCTTGACCGCTCTTCAGGTCTTTACCCGCCCCTACCTCCTAATGCCTGCTTCCTTTCCGCGACTCCCCCGCGGCGTATTCGTTCATTGCGCGCTGGTCGCCGCACTCGCGAGTTCGTCATTAGCCGATACCCCCCTCAACGACGTCCAAGCTGCTGCCTCCGAATGGGCGCGCCTGCGCTCCGAAACCTCCCGCCTCGAAACCGAGTGGGTCGCCGAAAGGGAGGTCCTCGCTGCGTCGATCTCCGGTTTGAGCGTGCAGGCCAACCAACTCGAGATCGAGCGCGACACCTTACTCGCCCAGAGCAAGACGGCGCGGGATGAAATCGCGCAGATGACCGCGGACAACGTCGCCCTAGCTGCGCGGATCGATCGTGCCGGCGTCAATGTCGACGCCCTCGCCCGTCGCCTGCTGGCGCTGCGCCCCGCCTTGCCACCGCGCCTGTCGGCCGCACTCGATCTGCCGTTTCGCAGTCTCGCGGGCGAGGGTCTGGCCGCCGCCGAACGCATGCGGCACACGATGACGATTCTCAACCGTTGCAACCAATTCAACCAGACGTTTGTGCTCTCCGAAGAGATCCTGACCGTTACCCCCGGCAGCGAACCGCGCCTGCTCGAAGTCCTTTACTGGGGACTCGCTCAAGCCTGCGCGCTCGACCGTTCCGGCGGCGAAACCTTCATGGGACGGCCGGTCAATGGCGCGTGGACCTGGGAGCCCGCCCCCGATTTCGCCGGCCAGGCCGCCCGACTGATCGACATCCATCAAGATACCATTGAACCCGCCTTCGTCATGCTGCCGGCGCAGATCATGGGGGGTGACCAATGAGCCGCTTCAACCTGGGCCGCGCCGCCGGACTGGCCTTGTTGCTGCTGACCGGTGCGGCCGTCGCGGGGGCCCAGGAGGCCACCGCCAAATACGACGCCGGGCTGCGCAAGATCGCGACGGAATATACGAAGCGCATCGAGACCGCGACGGCAGGCCTCAACGACGCGCGGGTGCGTATCGCCTCCGAAAAAGTGCCGCTGCTCAATGACATGCGGGCCGTCGAGGACAAGATCCTCAACCTGCGCGCCGAACTGGGCAGCATCCGCATCAACACGGCCGACTTCGCCAACGATCGCACTCGCCGCGAACACGAGGCCAACGCCCAAAAGCTCAACATCAGTTACTTCGCCGGCACCGCCAGCGAGGGGCTCTCCACCCTCTCCAGCACGCTCGGCAACATTGAAATGGGCGATTGGTCCGCGCGCGTCGACGACTTGCGCAACCGGCTCGATCCCATCGGCGGCACACCCGACATCGACGCCGCCGTGGAAACCGCCGAGCTCATGGCCACCCGCGTCGAAACCTTGCTCGGTGGCTTTACCACGCCGGGCATGGCCGTGACCTCCGAGGCCCACGAACTCGTGCAGGGCCGCTTTGCCTACTTCGGTCCGGAGACCTTTTTCGTGGCCGACGGCGCCGACGGTCCGGCCGGCACCGTGCGCGCCCGCGACGAGGGCGCCGCGCCACTCGTCTACGCCCTCTCCGGCTGGGACAAGGCCGACGCCGACGCCCTGGTGACCGGTCGGGCCACGACGCTCCCTGCTGATGTTTCCGGCGGCAAAGCCCTGCAATTGCGCCAAAGCCAGGGCGACTGGATCGATCACATCAACAAGGGCGGCATCGTCGGCTACGCGATTCTCGGACTCGGCTTATTCGCGCTGATCACGGCCCTGTTGAAACTGCTCGATCTCAACAACCTCTCCGTCGATGCGCCCAGCGCCACGACCCCGTTGCTCAAGCACGTCGCCGAAACCGGTCAACCTGGGGCCGAGCCTCTGTTGGCCGGGCTGCGCAAGACCAGCGGTGAGCTGTTCGCCACGGGCGTGCGCAACATGAGGAAACCCAAGGAGGTCATCGAAGAACATCTTCATGGGTTCATCCTCCGCGAACGCCTGCACCATGAGCGCTGGTTGCCCATGTTGGCCGTCATCGCCGCCGCCTCCCCGTTGCTGGGATTGCTCGGCACGGTGGTCGGCATGGTCAAAACCTTCACGCTCATCACCGTTTTCGGCACCGGCAACGCCGGGAAGTTGTCGAGTGGTATTTCCGAAGCGCTGGTCACGACCGAGCTCGGTCTCACCGTTGCCATCCCGACGCTGGTCATCCACGGATTCCTCTCCTACCGGACGCAGAAAAATCTGTCCTTGCTCGAACGCTACGCCGTGGAATTCGTCACCGCCACCGAGGACAAGCGGGTCGCCGAATCCGCTCCCGACGCATGAACATCCTGTGGGATCTTTTGCAGCAGGGCGGTCCGGTGATGGTGCCGCTCATGCTATTGTCCGTGCTGCTCTACGAGCGGTGTTTCGGACTCTACTTCATGGTCCGCCGCGCCAACCGCCGCCTCCGGGGCGACGACGTGGCGGGTCTCGAAACCCTCACGGATGTGCGCATGCTGCGCCTCGAGTTGTCGGAAAAATTTCAACAGCACCGCTTCGTCGTCAGCACCCTCATTGCCGCCGCTCCGCTGATGGGCTTGCTCGGCACTGTGACCGGTATGATCAGCACGTTCCAAAGCCTCGTCGATCGCAGCGGGCAAAAATCATTCGAGGGGTTGGCCGACGGTATTTCGGTCGCCCTCATCACCACGGAGACCGGCCTCGCGATCGCGATTCCGGCCGTGATCCTGCTCCACTTTGCCCACCGCCACCAACAACACGGCGAACAGAGTCTGGTGAAACGCGAAAGCATCTTAATGGAGGCCGCCTGATATGATGAAAACCACTCGCTCCGACTCGCGCTACAACGCGGTCACCATCGATCTGGCGCCCATGATCGACTGCGTGTTCATCCTGCTGATCTTCTTCATCGTCACCAGCGTGTTCGTCGAGGACCCCGGCATCGAAGTGGAACGTCCCGACACGCGCGGTGAGGCCATCACCGATCGCAACGCACTGCTCATCGCCATTTCGGCCGAGGACGCTGTCTTCTTCGACGGGCAACAGGTCCGGATCGATCAGGTCGCCTCGGTATTGCGCCAGGCGTCCTTCAGCGATGATGCCACCGTCATCATCCGCGCCGACCGACGCTCCAGTCACGGCATCTTCGCCAGCGTCTACGCTGAGGCCAAACGGGCCGGCCTGGAACACGTCCAATTCGCCACCTCCCGTCTCGGTTCCGGCAACTGATCGTCGACCCATCTGCCCGTTTCCAAACTCTTCCCCATGTCCGCCAACTCCACGCTTACCGCCATCGATCTCGACCCGTCGTCGAGCTTCGGGCGCCGCATGCTCAAATGGGCTGCGGGCGTGACCACGAGTATGGGTATCCTCTTCGTGCTCGCCCACGTGCAACGCACCGAGATCGTCGAACCGGCCCCGCCCATCCAGGACCTGCGCACCGTGGTGCTCGAAGAACCCCCGCCACCACCACCCGAGATCGCGACCAAGGAACCACCGCCGCCCACGGTGCTCGATTTGGAGCCTCTGCCTTCCGATAACATCATCAAAATCAGCGTGGCTCCACTCACCTACGAGATCCCGCTGCCGGAAGCCAATCCCGAGCTGGAAATCTCCCTCGACGCGTTCCGTCCCGACGCCGTCGATCGCGACGACAACCCCAACCACGTTTTCCAATTCCGCGAGGTCGACCAGCGTCCGGTCATCATCCACCGCAAGAAACCCGACGTGCCCTACTCGCTGCTCCGCGAGGTGAAGGACCCGCGCGTCGTCGTCAGCATG
NZ_CP119075.1_gap98	4380462	4383484	3022	ATGTCAAGGTGCCGCACGGCGGCGACTTCGCCGACATTCAGGACTTCGACACCAACCGGGCGAAAATCGGCCATGAATTCGTTTCGATCGACGACGTGGCCACCTTCCGCTTCGACCACGCCACCAAACTCGCCCGTGTGCCGATTTCGATCGCTGACGTTTCCACCGAGAAGACCGAATCCAACGGCGAGTCCCGCACCGAATGGATGCGCCGCCAGAGCGCTCTGCAAAGCTACGGCCAAGACCGTATCAACAGCAATCTGGCGACCGTGGCCAGTGCCGCGAGTGCCGCCACCGGCGGACCCGTATTTGTCCCGGGCGGTAATCTGGAAATGCCCGACAGCCTGAACACCGCCGTCAACGACTACTACCAGACGGCCAAGCAGGGGGAGAAAATCTCCGACTCATCCTACTTTGCCGAGAGCGCCCAAACGGCCCGGGAAGATGCTCTGCTGATCCATGCCACCCTCTCCGCGCCCACCCCCATCATCGACGCCTACGTCGTCGGCGTCGCCCGCATCAGCACGCCGGACCAGGGTTACAGCGACGTCTTGTTTTTTCAGGACATCCCGCGCCTCGGTCCCGAGCCGCAAAAAGTCACCCTAAAGCGCAAAGGTGTCGCCGGGGACTACGAGGTCATGTCGGTCGATCTGCACATTTACCGCGAGGGGCAGGAGCTGGTGAGCAATCAGTCGGCCAAACAATTCGCTCTCACTCGCGACGAAGCCATGGAGTATCTGCTCCTGGAGCGCGTCTCCAGCCACCGCGGCCAAACCCTGCCGGCCTCCCCCGCCTGGTCGCTCGCTCCGGCCCCTCTGCTCGCCGCCATTGCCCCGTCGAAATTCGACTACCCCATCTCCGTGCAAGTCGATCCCCGCGGCCAAGTCACCAGCATTGATGAAACTTTCATCCTGCCCGATCACATCAAAGCGATCGTCGCCGATATGCTCTTTCTCCCCGCCATCGCCAATGGCGTCGCCGTCGCCGGCACCGCTCAGTTCAACCTGAGCGACTACTTCCGCTAAGCGCCGCTTCCGAAGGAACGGGCTCCACCCGGTCCGCGTTGCCGCTCGGTCCGAGAATCTCGTAGGCAGGACGCCTCCCAAAACACGCCATCAAGATTCCTTTCCAGCGATCTTCGCGCGGCGGCGACGTTGCGGTAAAGCCTGCGTCGGCCGCGCAAATTCCGGTTGCTGCTTCAACCACCGCCGCACTCGCCAGCGTTGGTGTTTCGCCACAATGTAGCCGAGACAGGACGCCGCGCCGCACCGGCAGGGATGCCCCAGCCCGTCACGAAACGTGTAACTGTAATCGAAGGTCAGTTCTTCGCCCGCCGCGATGTCCTGCGCCGCGATGATCCACACCCGATCATCGAGCACATCGGAGCGACAGTTGGCCTCGCAAGAGTGATTGATCAGCCGCGCCACGTTGCCGGAGTCGCGTCCGTCGATGATCATGTCGTCATCCACCAGATACAAATAATCGCAACACTCCTCGCCGCGGGCTTTGCGCTCCTGCCGGGCTTTTTCGCGTTTGATCGCTTCGGGCAAATCAATGATTTCACCCGTGTATTCCGTGATAAAATCACCGTCCGCGATCGCTTGCCGCGCATACACCCCGCTGCCGTGGATGGATGATTCCTCTCGCGCCTCGAGAGCCTGGGACGGCAGCGTTTGCATAGTGGCGCGAACTTCCCGCGCCTCCGCCGTCGGGTCAAGCCAGCCGGTCACCCCCGGTTTCCTCCGCCCGCGCCTTCACGAACAAACCCACCCGATTGCGGTCCACAGTGATAATCCCTCTCCGCGCATGAAACCCATCACCGCTCTCTTCACCGCCACCCTCGCCATCCTGCTCACCACCGGCTGCGCCTCGATCGGCCAAGGCATCACCGAACGCGACTGGCGGGCGGCGTGGGACGCCCTCCAACCCGGCCAAAGTCAGGACGAGGTGCTCACGGTGCTCGGTGAACCGCGCGAAAAAAAGGATGTCGCCAACGCCAAAACGCCGACGATTGACCGCGTTTGGATCTACACGCGGCCCGAAATCGTGGGCTACCGCACCGAGCTCACCGGCGAACACGACATCCAACTCCCCAACAAGCGCGTCATCAGCGTGCCCGACTACGAGGACGAGGAAGTGCGCGAGATCATCATCTATCGCCTCCACTGGGCCGACGGTCAGCTTGTCGCTTGGGAACGCGAGGAATCGTGAAGCCCCGCCCACGTCACGGGAAGCGCATGACGTCCTCGGTTGCCTAACGGTAAACCTTCACGAATACTGTTCGCAGCGAGGGAATGCTTTTCACTGCCATCTCCGCGACAGTTGAGCCCCTTCGTCTCCACCCAACCCCATGAAACTTCGCTTTGCTTTTCTCTCGGCGTGCCTTGCCGCCATCTTCGTCTGGACCGGTTGCAGCAAATCAACGCCCGCTGCTGACGACGCCACCGCCCCGCTCAAAGTCGGGTTTGCCCAAACCGGGGCCGAAAGTGCCTGGCGCACGGCCAACACCAACTCCCTGCGCAACGAGGCCGCCAAGCGCGGCATCGACCTCAAATTCGCCGACGGTCAATCCAAGCAGGAGAACCAGATCCGCGCCGTGCGCTCGTTCATCGCGCAGGATGTCGATGCGATCGTCATCGCCCCGATCGTCGAAACCGGCTGGGACCCCGTGCTGCGCGAAGCCCAACGCGCCAACATTCCCGTGATCATCATGGACCGCTCCGTCCAGACCGAAGACGAGTCCCTCTACGTCGCCTTCATCGGTTCCGATTTCTACGAGGAAGGCCGCATGGCCGCCGACTGGCTCGCCGCCCACGCCGGGGGTCGCACCAAGATCGTCGAGCTCCAGGGCGAACCCGGCTCCGCCGCCGCCAACGAGCGCCGCAAGGCCTTTGCCGACGCCATCGCGAAACATCCGGAGTTCAAAATCATCGACTCCCAAACCGGCAACTTCCGCCGCGCCGAGGGCAAGACCGTCATGGAAGCCATGCTCAAGACCCACGGCAACGATATCGAAATCGTC
NZ_CP119075.1_gap99	4482109	4483430	1321	ACTCTCGTGCGTCGTCATGAAATTAAAGATGCTGAAAAAGGGCTGACCCGGTGCACGGTTTCTCCAATGCGCCTTCCGGCTCGACTCATCCCACATCCCGGCCGGAGCGGGAAAATTGTAATCCTCCTTGAAGTTGTTGGTGCAGTAATAACCGGCATCCCGCAGCAGTTGAGGTAACGTCGGCGTCTGGTCCGACAACGTCGCGCTTCCTCGCATGTGCTGCGACCCCAGCGACGACGCAAACATGCCTGTGGCCAAACTCGATCGCGACGGCGCACATACTCCCGCCGCACTGAACGCCCGCGTAAATCGCACTCCCTGCGTCGCCAGCTGATCCAGACTCGGCGTGTTCGCATCCGGGTCACCGTAACTGCCGAGATTCGAACTCATATCCTCGGCCACCAACCACAGAATATTGGGACGCTCCTCCGCCATCGCCCCCGTCCAGAGCCCAATCGTCCCTCCTAAAATCAAAAGAAGACGAGACCGGGAAAAACGATTCATGATAACAAAGAAGGGCCGCCAATCGCGGTCAGGAGCGAGGTTGGGCGGCCTCCCAGCCGGCACGTAATTTTTGGGTCAATTGCGCCACCAGTTCCGCCTGCTCCGGATGGCCCGCGATATTCACATTCTCCGCCGGATCGAGTTGATGATCGTAGAGTTCGATGCCCCGAATCACGTCCGGATTGCCATCCTCCTGCCACAACGTGAACCGGTATCGATCCGTCCGCATCGAGTAGCCCATCGTCGCGGTCTTGGGATAGTCCCGATAGCCAAGCGGAGTATCGATCGCCAACGGATTGACGCGATAATTAGGAATTGCCCTTCGAAGATACTGACTGAAAGCCGCTGACTTCCAGGGCCGTTGAGGATCCGTCAACAAAGGCACGAAGCTGGTGCCTTCAAGGTGCTCCGGTAGCGACAAACCGGCCAATTCCGCCAGCGAAGGATATATGTCCACAAACTCGACCAATGCATCGGTATGTCGCCCCGCGCCGCGACCGTCCGGCAACGCGATCATCAACGGAGACCGGGTGGACATCTCCAAGTTCGTCAACTTGGCCCACATGCTGTTTTCGCCCAGGGAAAAACCATGATCCCCCCACAGCACGATGATGGTATTCTCGCGTAGACCGAGACGATCAAGCTCGTCCAGCAGACGACCCACCAACGCATCCACATAGCTGATACACGCGTAATAACCATGAATCATTTCCCGCGATTGCTCCGGCAGGATGGCTCCGCTGTCCGGGACATCTGACTGGGCCCGCGCCTCCGGCCAATGCACCTGCAGAGAGATCGGCGGCGCATCGCGAGGCGG
NZ_CP119075.1_gap100	4581433	4583775	2342	GATTGGTCATGCCGGGCAGGCGACGGAGCACGTCGTTGAGGTAAGCGAGAGGTTCGACGTTATGGCGGCGGCAGCATTCGAGGATGGTGTAGATGATCGCAGCGCGCTTGCCCGCACCGGGGTGCCCAATGAACAACCAGTTCTTGGCCCCGAGTTTGGTGGGGCGGATGGCTTGTTCGGTGAGGTTGTTGTCGATGCGCGTTTGCCCGTGCTGCACGTATGCGGTCAGCTTGCTCCACTGGGATCGGGCGTAACCGATGGCATCAGCGATGGCGGTTCTGGGCATGTGCGTGTCGATATCTTCGTCCAATGACTGCCTGATCTGTGCGAGGACTGGCACACTGCGTTCGGCCCGGATCTCCGCGACCTGCGCCACGCTCGCCTCGGCCGGCAATGACGCTTCGATCGCGTAGAGATCGCGGATGAGCACCAAGTAATGCGCCGCCCCGGATTCACCGGCTTGGTAGGCGTCGTAGAACCGTCGACGCGCGTGCGCCCAGCATCCGAGTTGCGTGATCTCGCGACCCTCGCTCACCCGGTCGTAGACTTGGTAGCCGTCGCTTTGCAGCAGACCGGTAAACTCGCACACGATGGCCTCGGCCGCGGCTTTACCCCGGCCCAGCGACCAATCAAAGCACAGGTCTCCTCCTGGATGTCCATAAACCCAGAGGTAACCGCGGCTACTTTGTCCTTTGCGATCCGGGTCAAGATAACGGATCGGCGTCTCATCGATCTGCAAGTAGTCGCCTCCGATCAATCCCTGCCGGATCGAGTGGTAGATGATTAACAGCCAGTTCTCGATGGCGTATCCGGTCCAGTCGCACAGGCGCTGACGCGGTAGCTTCACGCCGAAGCGTTGCTTGAAGCTTTTCTCCAATCGGTAGAGAGGAAGGTGGTCCACATATTTGGCCACCAAGAGGAACGCGATCAAACCGGCGGCGGGTAGTCCGCCCGGGATCACCCGGGCCGGTAGCGGCGCAATGAAGGGCGCCGCTGCGGCTTGCCCCTTGCGTTTAAACTTCGGTCGCACGATCCGGCGACGGATCACCTTCATCGGCTGGACATCGAGTTCTTCGGTCACTTCTTCACCGATGCGCTCGTAGGCCTCCGGTTCGGCCCGCACCTCCTCCGGGATGATTTCCTCGGTGATCGTCTCCAGGTCTTCGGGCAGTCGGGCCTGCGACTCCTCCGCCTGAGGTCGACGGCGGGCGTAGCCAATCACCTCCTTGGGCACCTCCTCCTGCTGCGCGCGTTCCCGCTCCATCTCGTCGAGAGCCAAGTTCAACTGCGCCTCGCTGACCTGCTCACCCCGCGACTGTCCGAACAGCTTGCGTTTCAGGGCCTCCAACTGGCGCTGCATGTAAGCCATCTCCGCATTGAGCGCCTTTAGCTCCGTGCCTAATACATGGTTTTCTTGCTCCAGTCGTTCGCATTCAAGACGCAGAACCTGCGCCTCATCATCCTCCTGAAGATCGGTTGGTGGATTAACTGTCGCCACTATACGGATACAGTATCCGGCCTCCCGCTATTGGCCAGCCAAAGTGCGCTTTAGACGTAACTTTTTCACGTCTCCACCCGCGATCAGCCACGCAAGTTCATCACGCGTCAGCCGCTCCTGACCGTCCGGACTTTCCGGCCACGCAAACCGCCGGTGATGCAGACGTCGCGTGCCGCACCAAACACCCGTCGCATCGACGACGAGGAACTTCAGCAGGCCTCTTGACCGGTTTGAAAACACGTAAAGCGCTTCCGGCTCCGGCCGGCCCACCAACGTCCGCAAGCTGTTCGCTCCTTTGCGCAAATCCACCACGCCACCATACACGTAAATCTGTTCCGCTTCGATTCGAGCCATCCCGCCACTCTACCAACCCGAAGCCCTCCCGACTACCACGTGCTAGGACGGACGCTTACGTTGTTGGGGCCGGCATGTTCACCGCATCGCTCTTATTATGGCCACTTCCCAACCGGTTTGCGCCTGCACTCAGATTCTTCCGACCAGTCGGACTATCGTCCTACAGCCTGTATCTGATCCACGTCCCGATCTCCTGCTACCTTTTACCAGGACTATTCCCTGTGCTGAACACAGGAGACTCTCTACTCACACAAATCGTGATCGATATCATTCTGTTATTCTCGAGTTTCGGAGTAGCTATATTGATGTATCGGTGGGTTGAGGTCCCATCCCACGCGTTTGCCCGTCGTGTTTCCCTTCGAATCTCCAAAATTTAGGGACTTCCGTTACCGGATTACATCCACGAGCAAAGGCTGAGTATATAGTCTGCCGCACACCGAACAAATCGATTGAGGTGCGTCTACTCATTGACCCCGCCGCACTTTTGGGG
NZ_CP119075.1_gap101	4619138	4622829	3691	AATACCCCAGCCGCGTGAGGTGGAGAATAGCGGGAATTTTGACTCTAGAGTCTTCGTTAAAGGCCACGGAATTATTCTAGAAAGGGAACACGGCAGTCCCACCAAGTGAGGCGGGGAACATCAACGGATAGGGGCAGTTTTCACAGCGGGCCAGCGCCGGGAAAACCGCTGTGGTTAAACGGCATGCGCGACTCCGTGTAAAGCGTGGCGAGCGGCGGAGTCGCTTCGACGTTTCCCCAGGACTAAAATCTTCGGCCCGATTTTTAACTACGCACGGTCGTTATTTAAAATTGGAGGCATTTTTTAACTTAGCCTTCCCCACCCGCCCGTGACTCTCTTGGGACCGATTCACTCGAAGTCGTTGGTGAGGCCACCGGCGGCGGCGTTCATGTTGAGGCGGATGGACTCGAGGTTTTCGCGGACCAGTTCGCCCATCGACGCGCACTTCAGGTAGGCGTCGCGTTTGAAATACTCGGCCAGCTGGCCGCGCAGTTGCTCCAAATGCTCCGGCCGCGAGATGCGGTCGGTTGACATCGCGACGAGCAGTTCGCCGAGCTTCGCCTCGGTGAGCGCCGCCCGGTGCAGGATGGCCACGCGTTCCTCGCGTTGATACTGCTGCGCCGTTTCCACGCGCAGGTGCTTCATGCAAAACAGCGCCAGCGACCGGTTCTCTTTGAAAAACTGCGGCCGGTAAAAATTGAGCCGGCCTTCGTAGCTTTGCTGATCGAAATCCATGGCGCGGATACGCAGCTGCGAGCCTTCGAAGTCCGGTGTCACCACCATCACAAAATTGTAGGCGCGCATGTCACCGAGCAATCGCACGAAGCAGCGTTCGTTGAACTTCACCAACTCCTTGGCCACCCGCACGGGTTTCAGGTCGTCGCGCTTGAGCCATTTTTCGATGAACACATCGCCGGGCACGCCCGCCACATGCTCTTCCACGAGCGTGCCGCCGTGGGTGAAATAGTTCATGCGATTGGGCGACAGCAGATGCTCCAACTCCAAGCCGTAAACGCGGGAGGCATCACCGCGCTTGATGTAAAAATAGTCGGCATTGTCGTTGTAGGCATTGACGATGCGGATGCGGAACGGCGCCGAGTTGCCGAACGAACAATAGTCGATCCGGTCGACGTAGAGATGTTGCATGACGCTGATGTCGCCATCCGTGCGCAGCAACGCGTAGACCCGCTTGAGGTCTTCCTGCAGCGGACTCATCTCCAGTCGCGAGTAGATCACACTGTCCCACAAGGTCGGCTCACCGTTGGCATCGGGCAACGGGCACGATTCCTCAAAAGCCCGCAGTCGTTCGTAACTGATCGGCAGCTTTCGTTCGCGCCGATTGGTGCGCAAATACGTCCGCAGCTGATCCGAAATGGGGAAGCTCGGCTTCTTTAATTGGTGGTAACCATCCTCGGCCATATCCCCAAACTGTTGCATTGGGCGCGGTCGGCGCAACGTCTGAGCCCCATTCTGGCCCCGCCAGTGCCAAAGAATTGTTAAAAACGGGGCATCAACCCGATTTGACCTCGTCGGCGTTCAAGGGGAGACTTATGGCACGATCATGCTAGTTCTGGCCATGACCACAATGGAGAAGCTCCAACAGGTGCCGCAGCGTTTCTGGGTAAACGTGCTGCTGGTGATTGGGGGCGGCATCCTTGCGCTCATCCTCGTGCGTCACGCGGCCCGCATGAACCGCATGGTTTTGGGCACGATCATCGCCGTGTTTATCTGCACGGTTTGCTTCCAGTGGATCTACGAACGCAACGAACCTCGCGCGCTGACGCCCCTCATCAACACCATCGCGCCCCTGCTGCCGAGCAAAGGCTCATTCGGTAATTATTGAAACCACGTCACCGCGGCGTTCCCCGGCCGCCGCCGCTTCATCGTAATGATGAAACAACTGCGCTGATTTCGCAGTCGTCTTTCTGCGGGCAACTCCCCAACGTTCGAGGCTGCGTATGCCCAAAGAACACTCCGACATTGGACTCATCGGCCTTGCCGTAATGGGTCAAAATCTCGCCCTCAACATCGCCGACCACGGCTTCCAGATCTCCGTCTTCAATCGCACGACGGCCAAGACGGACGCCTTTGTCGCCGCTAATTCCGACACGCCGGGCGGCCTCGTCGGCGCCCCGACGTTGGAAGCCTTCGTCGCCTCGCTCGCGAAGCCGCGCAAGATGATCATCCTGGTCCAGGCCGGTCGCGCGACCGACGCCGTGATCGACGGACTCATCCCGTTGCTGGACCAGGACGACATCATCATCGACGGTGGCAACGCCCTCTGGACCGACACCATCCGTCGCGAAAAAGAGCTCAAGGCCAAGGGCCTGCGCTTCATCGGCTCCGGTGTTTCCGGCGGTGAAGAAGGTGCCCGCTTCGGTCCGTCCCTCATGCCCGGTGGCGAAAAGGGAGCCTGGAACGAGCTCAAGCCCATCTGGCGCGCCATCGCCGCCAAGGTCGACAAGGTCACCGGCAAGCCCCTCGAAGGCGCCGTGGCCGGCAAGCCCGTCAAGGGCGGCGTGCCCTGCACCACCTACATCGGCGAAAACGGCGCCGGCCACTACGTCAAGATGGTCCACAACGGCATCGAGTATGGCGACATGCAGATGATCTGTGAGGCCTACGATCTCATGAAGGGCCTGCTCGGCCTCAAGCCCAAGGAAATGGGCGAGATCTTCGCCGAGTGGAACAAGGGTGCGCTCGACTCCTTCCTCGTCGAAATCACCGCCGACATTCTCCAGCAAAAAGACCCGGCCTCCCGCAAGGCCTTCGTCGACGTCGTCCTCGACACCGCCGGCCAAAAAGGCACCGGCAAATGGACCAGCGTCAACGCCCTCGACATGGGTGTCGCCGCGCCGACGATTGCCGAATCCGTTTTCTCCCGCTGCCTCTCCGCGCAAAAGGACGAACGTGTCGCCGCCTCCAAGCTCCTCAAAGGGCCGAAGAAGAAATTCAAGGGCTCAAAGAAAGCGCTCATCGAAGCCATTCACGACGCCCTCTACTGCTCCAAGATCTGTTCCTACGCCCAAGGCTTCCAGCTCATGCGCGAGGCTCAAAAGGAATACGGCTGGAAGCTCAACTTCGGCCAGATCGCCCAGATCTTCCGCGGCGGTTGCATCATCCGCGCGGCCTTCCTGCAAAAGATCACCGAGGCTTACGCCCGCGACAAGAAGTTGGCCAACCTCCTCCTCGATCCCTACTTCAACAAGACGATCCAGGCGGCTCAGGAAAAGTGGCGCAAAGTCGTGGCCCTCGCCGCCGAATACGGCGTGCCCGCTCCGACCTTCGCGTCCTCCCTCGCCTACTACGATGGTTACCGCAGCGCCCGCCTCCCGGCCAACCTGCTCCAAGCCCAGCGCGACTACTTCGGTGCCCACACCTACGAGCGCGTCGACCGCCCCCGCGGCGAGTTCTTCCACATCGACTGGCCCGACAAGACCCGCCCGCAAATCAAAGCGTAAGCGAATCACGCGTCGCTCCTCGTAAGCTTTCTCGTTCGCGAGAACCCCGCCGCACTCCTCCCGGAGTGCGGCTTTTTTGTGCATTGCTGCGCACATCCTGCCATCCCTCCGCTGGAGTCTTGATGGAAGGTGCCGGGCCCGGTTGAATCCCGCCGGCAAACGCCCCGTTACCCCTCCTCTCCCCCGCATGCGCCGCCCCGACCTACGCTCCCCGCGAACCTGGTTACTCG
NZ_CP119075.1_gap102	4694847	4695508	661	CGCCGTATTGTCGCACCGCCTGCACCGCCAGTCCGTGGCTCACCAGCGCGTGGTGATAAATCTGATTCAACGTCGCCGCATCAACTTTCACCCCGGGGGCCTTGAGCCCGTAGCCGTAAGCGAGCTGGGTGAAGCAGCGAATCTCGTTGAGCGTGATCCAATGTTCGATGCGGTCGGCAAACGCCTGCACCACGGTGGTCGCGTAACGACCAAATGCCTCCACGGTTTCGCGCGCGCGCCACCCTCCCCGATCTTCCAACGCCTGGGGCAGGTCCCAATGAAACAACGTCACCCACGGCGTGATCCCGTGTCGCGCCATCGCATCAAACAACCGCGCGTAAAAATCCAACCCCGCCTGATTCAGCTCGCCGTCGCCATCCGGATAGATTCGGGGCCAGGAAATCGACAACCGGTAGTGCTTCACGCCCAACGATGCCATCAGGGCAAAATCCTCGTCGAAGCGGTGGTAGTGATCACACGCCACGTCGAGCGTATCACCGCCGTGCACCTTGCCGGGCTGCCGGGCAAAGCGATCCCAGATAGACTCCCCCTTGCCGTCGGTAAAAGCCGCACCTTCAATTTGCGCCGCGGCCGTAGCCACACCCCAGATAAAACCGGCCGGAAAAGTAGAATTGCAGGGGAGAGACATGGGAACGAGGCG
NZ_CP119075.1_gap103	4696716	4700168	3452	CGCCGAACTGCCGGCCACGTTTTTCGAACAGGAGAAAATCTACGTCACCACCGACGAAATGTTCGCGTTGTGGCGGGCGATCGAGGCGCTCTCTCCCGATCCGCTGGTCGGTATCAAGATTGGCAACGAAGACCGCATCGAACGCTACGATCCGATCGCGATCGCGTCGCTCTACACCCGCAATTTCACGGACGCGATGGAGCGGGCCGCCCGCTACAAACAGCTCACGTGTCCGGAGAAGATCGAGTTGGCCGCCACCGCCGATACCTACACCGTCCGCTTCGTCTGGATGCTCGCTCGCGACACCGAACCATCGGTCTTCACCGACATGTGTTTCGCATGGGTGCAGGCGATCGGCCGACGCGGCACGGGGCGCGCGCTCACGCCCTTGCGCGTCGACTATGCGCGTCCACCCGCCCACCGCGAGGAGCTCGAAACCCATTTCGGCTGTCCGGTGCGCTTTAATGCGAAACACAACCTGATCGTGTTTCGTCGATCCGATATCGAGCGCCCCTTTGTGACGCACAACGCCGATCTGTTGGCCGCCATCAGTCCCCAGCTCGAAAAGGAGTTGGTGATCCAGAACGCGGGCGCCAACGCCGGCGAGTTGGTGAAACTTACCATCAAACGAGTGCTCGCCGGTCGCCGTCCCGACATCCGGGACATCGCCCGTGAAATCGGCCAAAGCGTGCGCACCTTGCAACGTCGCCTGGCCGCCTCCGGCCTGACTTATCAGCAGGTCATGGAGAACGCGCGCCGAGAACTCGCGCATCACTACCTGAGGCACTCCGCGCTGGAGCTCAACGAGACCGCCTACCTGCTCGGTTACGAAGATGCCAATTCGTTCTTCCGCGCCTTTCATCGCTGGGAAGGCATGCCGCCCGGTCGTTGGCGTAAACTGCATCGCGAGCGCGTCGCTTGAGACGGCCGGGGCACGAGGTCGGAACGAAGTCGCGCGCGAGACGGTCGTGAGGTCGCGCTTCTCGCCATAAAAAAAGGCCCCCGCCGCGCGTGCGACGAGGGCCGGATTTTCCGGTTCATTCTCCGGCTAACACCTAACCGGACCGGTCAGCGCGTCTCCTCATGCATACCGAAAACCAGGAGACGACAGACCGGAAATCAGAACGAGAACGTATTGGTGAAGGACCAGTTGAAGCCGTCGGAGATGCGATAGGCACCCGGCGAACCATCCGGTTGCACGCTGATCGGCACGAGGTGCGGGCTCTCGCCGATGTTGCGCAGGTTGAGCTGCACGCGCCAGGTGATCTTCTCGGTGAGCGGTCGCTCGTGTCCCACCCACATGTCCACGTGGTCCTCGGACGCGCTCCAGATGGGGCTGTCGACGTCGAGGTTGTCCTGCGCGGCGTTGAGACGGTAGCCGAGGATGCGGCTGTCCGACCAGCGGTAGGCGAGTCCGACGTTGGTGCCCTTGAGCATGCCTTCGTCGAACGAGTAGTTCGTGACCATGTTGAAGCGCCAGGGCGCCATCTCCGGCACCATCTTGCCATTGGTCTGGAGCTGGAACTGGTAGGCGGACCAGATGTTGGTCTCGTAGGTCTGGCGGAAGGTGTCACCACCGCCCCACCACAGCCGCAGGTCGCCGGCCGGGGATTGATACTTGGCGTATTGAGCCTCGACGAAGTTGACCAGATCCTGACCGAGGGACGTCTGCGACGCGGTGGTCTTGGACGCATTGACGGAAACATTCAGGTTCTTGGTCGGCTGACCCGTCAGCTCGAATTCCCAGCCTTCCGACTTGTTGTTGGCGGTGCCGGTCGGCCAGGTGCCGTTGATGCGGCCACCGCCGGCGGGCTGGATGTCGCCAATGGCGGGGGACGGATTCCAACCCGGGAAGGCGTTGGCGTAGTCTCCCGCGACGGCGGCGGCGTAATTGATGTTGAAACCGTAGGCGTCAAACCACTCGGCGGACTGCATCTGGGACAACCAGGAACTGACGGCGGCCTTCTGGGCGATCGTCGAGGGATGGTTGTTGAATTCGGCGCTATTGGGATCGGTGAATCCATTGAATCCTTCATCGACGTGCGCCCAGTTCCAGAACCACTCGTTGCCGGCCTGGTTGCCATCGAAGCCGTTGAGGTAGGCCATGACGGTGCCGGTGCCCCATGCTTCGAGGTTGCGCAGGTAGTAGGTGTTGGACCCGAGGGTCGACACTTCCGTGCTCACGCTCGAGAGGTTGGCGTCGGAGACGGTGGTCTCATACTTGGTGACCTTGAGCTGGAGGCGATCGTCGAGCGTGCTGATGACCACGCCGTAGTCCTTGGTCTCGCCCTTGGCGTTGGGCAGCGCGTTGCCGCCGAAGCCGTAGCGATTTTCCACCCGGGAGTTGCGACCGTTGCTGTAGGTCAGGCTGAAGTTGGTGCCGTAGGGCAGACGTTCGCGAATCGATCGCGGCGTGTGCAGCACCAGACCCCAGCTGCGGCTCTGGCCTTCGCTGATCCCGGTGGTGGTGTCGAGCGGATCGAGTGCGGGATTGATGTGCGCGTAACCGTCGGTATTGCCGGCTTCGTTCGAACTGGAGGCGCCCGACCGCAGTTTCTGCGTGTCTTCGCGCCAGCCGTAGGTGCCCACCAACAGATCGTCGATCAAGTAGGCCTGCCAGGTCAGGGCGGTCGATTCAGTCACCCGCTGCACCCGACTGATATCGGTGTAGAGCTGGTCGATGTCGCCGTTGGCGGCGTTGAGCACGTTGAAGGAACCGGTGGTCCATCCCACGTAGTTGCGGGGATTTTCGGACTGCGTGGAATCTTCACCGGCGGGATCATTGGTCAGACCGCGAGCGGTGTTGAACCAATAGGCACCCGGATCGACGCCCGGCGCATTCCAGGTGCTGTCGAAGTATTCGATGCCGTGTTCGCCGGACGGGTCGTGGATGCCGGTGATCCGCGGCAGGTTGAGACCGGAGGCGGAACTGGTCGCACTGAGGTTGCCGGACAGGTAGTAGACCCAGTCGAGTGTGACGTCACCCTGTGACAGGCCGCCGGTGTTGGCCCCCAGATCAACCGGGCCGCCGCCGCCGGAACCGATGGCGTCGGACCAGGACGGATCAACCGCGTAGCGCACGAAGTTGCGGTCCTCGCGGTCGTAGGTCTCGTCCGAATACACGCCGGTGATGACATGGCGGCCAAGCATGCGGCCGAGGAAGGAATCGCTGCCCAGCCAATCGGCGACATCGAGATCCGCAAACGCCGTGGCGCGCAGGTTCTCGCGCTCACTGAAGCTCGTGCTGTTGCCCCCGTTCTTGGAGTTGCCCCCGACAAAGGCGCGGCCGACGTTGGGGTTGGGCACGACGATGTCGGCAAACGCCCCCGGGTAGCGCATCAGGTTGGTGCGGATATCAACCGAGAGATACGGATCGTTGAGATTGCGGGTCTGGCCGTCGTCATACTCCTGCATGTCGTAGACGAGCTCTACGCCCAGCTTGCCGTCGAAAA
NZ_CP119075.1_gap104	4788708	4792198	3490	TCCCGCGCCGCCGCGACCATCGGCCGTGCGGTAGGTGCCGGCGCTGTGCCAGGCCATGCGGATGAAGAACGGACCGTAGTGACCGAAGTCGGCGGGCCACCACTCCTGCGAGTCGGTCATGAGCGCGGTGAGGTCCTGCTTCACGGCGGCCAGGTCGAGCTGTTTGAACGCCTCGGCGTAGTCGAAATCCGGGTCCATGGGATCGGACAAACCGGAGTTTTGGTGGAGCATCTTGAGGCTCAACTGATTGGGCCACCAATCGCGGTTGGAGTGGGCGCCGGCACTGGTCGGTTTCTGGGCCCCACCATGCAAGTGAGGGAACGGGCACTTTCCGCCGCTTTCGCTGCCGCGGGTGCTTTCGTTGAGGTCTTTGAGGACGGCTCCGTCGTGAGGGTTTTCCATAAAATTATCTGATGAGATTTTGAGGTGAAGTTAAAGGCTGTGATACGGGGATTTTGTTACGCCCCGGCAAAAAGTGAGGGACGACGGTGCGACGGGTCGCGCGGCGGGACAAGACGAGACGGCGTCAAACGGGCGCGGAGCATAACACGAAAATAGCCATCGATGGAAATTGTTATCCTTCATATAAACGATAGACAGCATCTATGGAAATCCATCAGCTGCGTTACTTCGTGGAAGTGGTGCGTATCGGCAACTTCACCCGGGCGGCCGAGCGTTGCCACGTGACGCAACCCACGTTGAGCCATCAGATCAAAAAACTGGAGGACGAGCTGGGAGAACCTCTGCTGCAACGGCGCAAAAAAGGGGTGGCGCCGACCCCCTTTGGCGAGCGCTTTCTCGTCCGTGCCACGACGGTGTTGCGGGAGCTCAACGAGGCGACGGCCGAAGCGAGCGCGTTCCGCTCCGAGGTGCAAGGCGTGCTGCGACTCGGCGCGATTCCGACGGTGGCGCCCTACCTGCTACCGCCGCTGCTGCACGCGGCCCGCGAACAGTTCCCGGCCCTGCGCTTCACCGTGAGCGAAGAGCCGACGGACGTGCTGTTGCAACAAATGCGACGCGGCGATCTGGACGCGGCCCTCGTGAGCCCGCCGATGCAAGGTGCCGAAGAATGGGGCATCGCCTCACTCCTCGAAGACGAGTTGCTCGCCACCCTGCCCGAAGGCCATGTGCTCGCCGCCAGCGCGACCGTTCCGCTGGCTCGCCTGGTCGCCGAACCACTGGTGTTGATGAAGGAGGCGCACTGCCTGCGCGGTCAGGCCTTGCAACTTTGCCGCGACGCCCGACTCGAAACGAATATCGCAATCGAAAGTTCGCAGTTGGAAACCGTGCTCGCGCTCGTCGAATCTGGCCTCGGCCTCTCGCTCACTCCGCGCATGGCCATCGCCCGCGCCGCGAGCCGCCCCGTGGTGTTTCGGTCGCTGGCCCCCAATCCGGTCTACCGCTCCATCGCCCTCGTCTGGCCGCGCCAAGCCACCCGCACCCACGCCTTCGACGCCTTCCTGCAACTCGCGCAAGAGACGCTGGCTGAATCGTTGAAGGAAAGGGAACCTGAGATAGAACAGTCCAGTGTCTCATTTTGAACTTTTGCTGTTCTACATTTTGTGAATTTTGACGATTTTCATCCCATGAAAACCATCACCGTTCGCGAGATGAAGGCTCACTGGTCGACGATCGAATCGCAGGTGCGTGACGGGGAAACGTTTGAGGTCGTGAACCGAGGAAAACCTACCGTTCACATCGGTCCGGCCACGCCCCGACGTATCTTAAAGTGGGACGATCATTTGGCCAGTGCCGTCCCGGTCTCGGGTCGCAGCGTGGCAACCACCATCGAGGCCGACCGCGAGGGACGCTGGTAGCGCCATGATTTACCTCGATACCAGCGCCTTCCTTAAGCTCTACGTGTTGGAGTCGGACTCGGCATCCGTTCAGCACTGCATCGAAGCGAGCTCATGGATATCTTCCGGAGACTCTGCGAGCACACGCCGAAACGGGGATGCCGCACGATGGATATTTTGCACGTGGCTTATGTCCGACTCTACCGCGTCGATGCTTTTGTGAGTTTTGATAAACGCCAAAAGCAGCTGGCTTCGGCGGCAGGGCTTTCGGTGGTGGAGCTCGGGTAGCGAAATCGCCACTACCTACACGTAGACGAAGCCGTGGCCACGGGATAGCGCGCGGGTGTGGCCGCGCCAGGCCACCCGCCCCCACACCTTCGACGCCTTCCTGCAACTCGCACAGGAAACGCTCGGGACCGAGCAATCCGAACCAAGCTGACTTTAGGCTCGGCAGTTTCAAGGATCAGTTTGAAGGAAGAGATGATATAAGATCCTGAAAGCATTAGGCGCTCGACTTTGGTCCGATAAATGCTCTACCCTAAGCCGGTTCACTGTCGGACTGGCCTCCGCAATAGGATAAATTCTACCCGATCAGTATGAAGGCCAGCTTCCCGTCAGTTCATTCTTCTTTTTCCAGTGTAACTATACGGAGCCTCAACCGTGGCACTCATTATCACCGGAGCGCGTCATGAGCCTACGGTTCTTGCTTTCCCTCGGGGCCAGTCTACTGGCTGGCACAGGCTGCACTTCAACGACACCACATAACGCTTCACGCGTAGGCAATGTGGCCGACGAGGTGAGCAATGGAATCGGATACTCTAGGCCACGAATCAACAGTATCGGGCTCCAGAGCATCATAACATTCGAGAGATCGACTTCCTCGAATCCCAGTAGCATTCTAATACCGATTGAGGGTCTCCAACTGCGCGATCAGCATTCGAAGATAAGTAATCTAGCGGTGCAGGTGGTGGGCACGGTTCCGGCGGTTCCCGGTTTAGACTATGAACTTGTTTGGCCGGATGAAGATCTTGGAGCGGCTACTTCAGTTACTTCCGAGCTGGTCTACGTCCAACTGAACCCGGTTTACGTCGAAAAACTGCAAGCCCATGACCGCTTGCGTATAATCGCGGCCGTCCATCGCGGAAAATCCCTGACCTCAGGTGGGATAACTGGTCAACGGACTCTACCAGCAACCACGGCCATTGCTCATCGCGAATTCATCCTTTATGACATCGAAACCTATCGCCGAGAAGTTATCGCGTCACGAGTGCCCGCCCACGATATTCAAGCCTTTCCTTTGCCCGAAAAGGAAGTGGAGTATCTTTTCGGACCTCTCGTAAGACGCAGCTATTACGTGATTCGCCTCACCTTGCGAAACACCAGCGGAACCGACAAACTCGTAAACTCCGGTCTCATTAGTGCGACAGGCCGCGCCTTGGTTGTGCCATTGGACAAATCCCAGCCAACTTTCACTGTGCCGGTAACGCTTTCGCCGCAGGGGCCGGTCCAAGTCTACACCATTCTCGACGATCAAACACCCTGGCGCACCCGGCCGTGGGTTTTTCGTGGCTTGGAATTCATCGGCGCCCTCGGCGCTGCTGCCGTGACCTCATTCCCCAACTCATCCACCGATCTCGTGAAGGGCACTGCGCTTTTGACAGGTGTTTTCGTTCCCGAGATGAAGAAGCTCTGGC
NZ_CP119075.1_gap105	4819087	4822300	3213	CGGCCGGGTCGCGTCTTTCCACACCGTGAAATGCGCTTCGCCACCCGTCAGGCGAACACGACGTTCGGTGGCGGAATACAGCACCACGACATCGGCCCCGGCGTTAAGTTCGATGCGAGATCCATCGGGCAGCGCCTGCCGTTCGTTGACGTGTAAAAACGAGGCGGGCGCGGACGCGGCAGCCATCGCCGGGGCATCGTGGGCAGTCTCCGAATCACCGCCCGTCCACAATAACAGCGCGATGGCGGCCGCCGCCAGCCCCAGCCCACCGGTCCAACTTTGCCATGGATGTGAACCCACCCAACGCCGCCAGTGTCGGGTGCGGGACGGGGGCGCAAACAGATCCGGGTTGGGCTTTTCCATGCCGCCGGCCGGCGTCCATTCGTGCAGTTGCATCATGCGCTCCAACGCCCGCGCATGGCGGGCCAGCGCCTCGCTGTGCCGCGGATCGGCAGCCAGCCATTGCAAGTAGGCGTCCTGCTCATCCGCCGCGAGTCCGCGGTCGCGCCGGACCAGCCATTCGCTGGCGGCCGTGTCGATGGCGGCGGGAATTTCGTCGTGAGGAGAAGGGGTTTCTCGGGCACTCATGGTCACTTCACCCGCGGTCGGGATCCTTAAAAAACGTGGCGCACTGTCGCACACTGCGAGACATGTCCTTTTCGACCGTGCTGAGCGAAACCCCCAGGTGATCGGCGATCTCCTTCTGGGTCATACCGTAGGCGGTCCGCAGCGTGAAGATGCGGCGGCAACGGGGTGGCAGTGACTGGATGGCCTGGGTCAAAATTTCGAGTTCCTGTTGTTTACTGACGATTGCGACCACGTCGGTGGCCTCATCAGCTAAGACGGATGAGTCAGCCATGTCCGTAATCGGCTCGAAGGAAACCACCTTCTGCCGACGCACCACATCGAGCGCCAGATTGCGCGCCGTGGTAAACAACAACGCGCGCACGGAGCGGATTTCGCCGGTCTCACGGGCCTTGAGCAGGCGGGAAAGCGCCTCTTGCACGAGGTCGTCCACGTCGGTCAACGAAGGGAAACGCGCCAACAACCACGCCCGGAGCGCCGGGCAGTGCGGGTGCACTTCCGCATGATACCAGGTGGCGGTTTCCGGAGCTAAATTAGGCGGCATGTCGAGTCGAGGGGAGCGAATCGCCCCTTGCAGCCCACGTGCCAAAACGGCCAGGCGGCAAGCCCGTTTATGAAATAGACAACTTTAGTTACGGGGTTTCCGGCTTCGCCCGTCTTGCGCCCCAACGGGCGCAACGGAAGGCAGGGGCGAGACTAGGAATTGTCGGGCAGCAGGCGCAGGATTTGCCGCTCCAGCTCCTCGCCGCGGGCTTCGATCGATGCGACCTGGCCGTCCGGGCCAATGAGGACCATGGCCGGGATCGCCTTGATGCCGAACCGCAGGGCGAGGTCGTTCTGCCAGAACTTGCCGTCGTAATATTGCGGCCACGGCATGTCCTTGGACTTGGCAAACGCGAGCATCTTGGCCTTCGCCATCTTCAGCTTGGACGCGTTCGCCGGGTCGTCGAAGTCCTTGCGCACACCGGAGTTTTCCAACGTCACCCCGATCACTTCGAAACCTCGGTCGTGATACTTTTGGTAGTTCGCGACGACATTGGGAATTTCCCCGATGCACGGTCCGCACCAGGTGGCCCAGAAGTCGATCAGCACGACCTTGCCGCGCATCTTGCCCAGGTCGATCTCGCGCCCATCGGCGGCGGTGAACGCGATGTCCGCGATGCCGCTGAAACGACTGAAGTCGCCGCGGCTTTCCGCCACCATCTGCTTCACGTCCGGATCATCGCTCGACTCCAGCCGGGCCACAAACGCCGCCTGCTGCTCCGCCGTGCCATGGAACTTGAGAAATCCGAGGTGCTCCTTGGCCAGGTTGGCGGCCGCATCCGGCAGGCGATCCATCATGGCTTCGGCCACGTCGAGATACTCCTGCAACCGCGCCGACGTCTGGTCTTTCATGAACCGCCCGCGGGCCTCCACAAACAGGGTGTAGAAGGCCCCGCCCACCTGACGCTTGGTCGCGTCCGGTGAAGCCAGCACCTCCGCAATGCGCTTGGCCTGCCGCGCTTCGAACGCCGCCATCTTCGCCTCGTCCCCGATTATGCTGTTCCAGCCGGGCATCTCGTCATCGGCCGAAGAAAAACCCGTGATGTATTTGGGTGGCTGATACGACAATTGCACGAAGACCTCCAAGCGACGCGGGTCATCCGGGAATTGCGCGGCAAACGCCGTCACCGCCGCCTCGAGGGCCTGCGTGCGAACGTCATTCATCCGCAGAGACTCCCGCCGCTGAGCCGGAGTCATTTCCGCCCAGGGCGTAACGGTCGGCGAGGACGACTGCAGGGCCGTCACCTCCGCCCACGCGACGTCGGCGGGGGAGGTCGGAACGACCTCCGCCGGAGCTTCCGCGGCCTCATCCGCCGCCACGGCGGGCGGAGTGAGGCCGCCGGCGAGACCGACGAGAGCAGTGAGCAGGAAACGGGAGCGAGGACGGAGCGAGACAGACATGACGGGGTTTAGAATTTCTTGGTGAAGTTCAGCACGTAGCGGCTGAGGCGGGGGTCCATGACCACGCGACCGTTTGAGGCGGCGTAATCGGAGGGACCGGCGTTGAAGACGTTGATCACGGTGAGTCCGATCTTCGAACCCGCCAGGGCACGATCGACGAACGAATCACCGCCATTGTCGGCGAAGGAATAGGCCACCCGCGGGTTCCATTCCACGAAGGACGGATAGGCATACTGGGTGTTGGTCAGCCCACTGATGTAGTAGGTGCCCTGGTGATTGACCGAGAACCCGGCTTCCCAGCCATTTTTGGCCCAGAAGAAGGAACCGCTGAAGCGTTCCGGCTTGTAGTAATAGTAGAACGAGGAGGCCGGGGTGGAGAGCGACGTCTGTGGATCCTGCTCGGTGTAGGTGCCGGTGGCGAGGAACTCGCCCCACTCCGTCATGCGGTGGTAGGTGAGACCGAGGTCGTAGCCCTGCGCCTTGACCCAGGCGAGATTGAGCGCGCTGGTATCGAAGCCCGTGATGGGGCCGAGCCAGTCCGACGGATCCGTGCTCGCCTTTGCTCCGCGAGTGATGCGCGCCGGGAAATGGTCGATCAAGGTTTGGTAGGAAGTGGAGCCCACTTTGTCGGTGAACAAGGTATCCCACCAGTCGGCGGAAAGGGAGAGTCCCTTGATCCACGGC
NZ_CP119075.1_gap106	4844266	4848742	4476	TGGATCGGAGCCGCCTGCTACGCCACCTGCACGGTCGCGTTTTGCGCCGCGACCAAACTCACCACCGCCGCCAACGCCATCCTGCTCCAATACACCGCGCCGGTGTGGATCGCTTTGTTCGGTGCCTGGTTCTTGGGGGAGCGGGCGACCCGGCTCGACTGGGCCACGATCGTAGCGGTGCTGGGCGGCATGGTGGTGTTCTTGGCCAATGGGCTGTCGGTCGGCCACCTGCTCGGCGACACTCTGGGTTTGATCGCCGGCCTGGGCTTCGCGGCGATGACCATCGCGCTGCGTTACCAGAAAGATGCGTCGCCTCTGGACTGCATTATTCTGGGCAACCTGTTGGCGTTTGTCGTGGGGCTGCCGTGGATCGTCGATGCACCGGCGTTGAGTGGATCGGGAGCCCTCGCGCTGGTCACCCTCGGCGTGGTGCAGCTCGGTATCCCGTATTTGATGTATGCCTACGCGATCCGTCACGTGACCGCGTTGCAGGCGGTGCTCATTCCCGTGATCGAGCCCCTCCTCAATCCCGTGTGGGTATTGCTCGCGCTCGGCGAAAAACCCACGCCCCTCGCGTTGGTGGGCGGTGCCATCGTGCTAGCCGCCGTGACGGGCCGGTCGTTGTTCAACCTGTCCCGGCGCACCGCTCGCCGGCCGGACGTGCGCGAGACCGTGGTGCTGCTGCATGGGCTCGGCCTGGGAGGTTGGGCGATGGCGCGGCTCGCCCGGTCTTTGCGCGCGGACGACTACCGGGTCATCAATCTGACGTATCGCTCGCGCAGCATGCCAGTGGAGCAAATCGGCGCGGAATGGCTGCCCGCCCAACTCCGCCGCCACGGGATCGATCCGCAAGACCCCGCCGTGGCGCTGCACTGCGTCACCCATTCCATGGGTGGCCTGGTCGTGCGCCGGTGGTTGCAGCAACACGGTGCCCCGACCGCGCTCCGTCGCGTCGTCATGATTGCCCCACCCAATCACGGCACCGCCCTGGTCGATCGCATCGGTCACTGGCTGCCCTTTCGGTGGTTTACGGGCGTCAACGGCCGCCGACTCGGCACCGGTCCCCATGACGTCCCCGCCCGACTGGGGCCGTGGCCCGCCGGACCCGAGTTGGGCATCATCGCGGGCGACATGAATCTGAATCCGTGGCTCGCATCGCTCACGGGCCATCCTGGTGACGGCAAAGTCACGATCGCCTCGACGCGACTCGACGGCATGCACGATCACATCGTGCTGCCCCACTCGCACACGTGGCTGCAATACCGCCGCGAACCGATCGCCCAAGTCCACACGTTCCTACGTCACGGCCGGTTTGCGCAGTAGCTCACCGCCCCCTCTTTCTCGTTCTCGTTCTCGTTCTCGTTCTCGTTCTCGTTCTCGTTCTCGTTCTCGTTCTCCTACCAACCCTAAACGCGATCCGTCCTCCCGGAGATAAAGAGGAAAGAGAAAGACGAAAGATGAGCCAGATTTACGCCGAGGAAGCGGGTCGCATCTGCAGCAGCACGTTGGCGATCAGGATCAGGCCACCCCCAATCAAGAGATTACCGGACAATGATTCGTTGGCGTAGTTGATGCCCGCCCACACCGAAAACAACCCCGGCAAGACCAGCGACGCACTCGAGCTGAACACGGGCTCCGCGCAATACAACAGGCCCGCCTCCGTCGAGGTGATTCGCGGCTGCCATTTGTTCATCAACAGGAATGCGCCGAGGGTGCAAAATACCGTGAGCGCCAACGTGAAGCCCCACCACGGCAACGAGCTCAGCGGTGCGATCAACGCCGCCGCCGAGGGCGCGGTGCCGACCGCCAAAGCCCCGAACACCACTCCCTCCACGAGAAACATGACAAACGTGAGCGGCAGCACCCGGTTGAACGCAAACTCCGCCCGCTCCAGGGTCAAAATCTGGCCCATGAAAAACACCGAGGCCAACAGCGTTTCCGCTTCCCCGCGTCCCAATCGCAAAGCGTGCCAGTCGAACTGCCCCAACACCGCCACCCCCGCCAACACCAGCATCGTGCACAGCCACACCCTCGCCCCTGGATTGCGCCACGAACGCACCGCTATCCACATGGGTATGAGAATGGCGTAAAACTGCGACAGGAACGCCGAGGTCGAGGCCGCCGTGAACTGCAGCCCGTCGGCCTGAAACAACATGCCGGCCGAGGCGAACAGCCCCATCATCAGACCTTGTTTCCATTCCAATCGCGTGATCCCGCGCAGCGTCCGCCCCAGTGCCACCGCGAGCACCAGCGCCGCCAACACGAAACGCGGCATCACCATCATGGTCGTGTAGAACCACGTGCTCGCATCCGGCGCGCCGCGTTCGGCCAGTTGGCCGGCGCCTTTCATGAGCGGAAAGCTCAACCCCCAGAACGTGGTGGCGAGCAACAGCATGAGGATGGCGCGGCGGCGCACGGGCGGGTCGGGAAATGGCATCGGAGAAATCGCGACCGTAGGTTCCGTCCTCCCACCTCCAAGGCAATACGCCACTGTGCGGCCCAAAAGCCACCCCCAGTGTCGTCCGGAGCTCGACACTCCCGGCCTCACTCCACCACGCTTCGCCGCCATGGCCTCAAGCACCGGCGACACGGAAAAGCTGCCCAAAAAAATCTACGACGCCCAGGTCGCGACCCTGCGCGAAGAATTGGTGCAGTTACAGGTTGAGCTGAAAAAGACCGATTTCAAAATCGTGCTCATTCTCGCGGGCGTCGACGGCGCGGGTCGCGGTGATGCCATCAACACCTTGATGGGGTGGCTCGACCCCCGCGGCGTCGAAACCATCGCCCTGCAACAACCGACCGACGAGGAACGCGAACGTCCGCTCATGTGGCGGTTCTGGCGCGGTCTGCCGACGAGCGGTCGCATCGGTATTTTTGTCGGCTCCTGGTATACCGAAACCCTGCGCGAAGAGGCGCGCAGCAAAAAGGCCCTCGCGGAGCTCGACCACGAACTGCGTCGCATCCGTCACTTCGAGCGCCTGCTGTCCGACAACGGCACGCTCGTCGTCAAAGTGTGGTTTCACTTGTCCAAGGCCGAGCAGGGACGTCGCCTGCGCGCCCACCTCGCCCACGCCGACACCGCGTGGCGCGTCACCGACGAGCAACAACGCGCGCATCGCATCTACAATCGTCTGGCCACCACCGCCGAGCACATCCTCGGTGAGACCGACCGCCCGGGCGCGCATTGGGACCGCATCGAAGCCGCCGACCCGCGGGCCCGAAATGTTAACTTCGCCGGCATGCTGGTGCGTCGCTTCAAGGAGCATCACCGCCGCTACACGAATAAAAAACACGTCTCCCCGACCAAGCCCAAACGGGTCGTCGCCCTGCGGCCCGACGGTCGCAAGCGGCTGCTCAGCCTGGAACTGGATCGCAAACTGTCCTCCAAAGCCTACGAAGCCAAACGCGAAAAGTGGCTCGGCCGTCTCAACCGTGCCGTGCGCCGCGCCCGCGATGCCAAACGCTCCATCGTCTTCGTGTTCGAAGGCCAGGACGCCGCCGGCAAAGGCGGCGCCATCCGCCGACTCACCGGGGCGATCGACGCCCGCGACTACCGGGTCGTGCCCGTGGCCAAGCCGACCGATGAGGAAAAGGCACACCACTACCTGTGGCGCTTCTGGCGGCAGATCCCGCGCGACGGGTTTGTGGCGATCTTCGACCGCTCCTGGTATGGCCGCGTGCTGGTCGAACGCGTGGAAGGTTTTTGTCACCCGCACGAATGGCGGCGGGCCTTCGAAGAGATCAACGACTTCGAGGAACAGCTCATCGATCACGGCTCCATCGTGGTGAAATTCTGGCTGCAGGTCTCCAAGGACGAGCAACTGGAGCGCTTTCGCGCCCGCGAGGAGACCCCCTACAAACAGCACAAAATCAACGACGAAGACTGGCGCAACCGGGCCCAGTGGTCGGCCTACGAGACCGCCGTGGGCGACATGCTCGCCCTCACCGACACCGCACCGGCGCCCTGGCATCTCGTGCCGGCCAACAACAAGCGCTTCGCCCGTTTCGACGTGTTGCGCCACGCCTGCAAGCAGATCACGGCCGCACTCGACGCGTGATTTTCCCTCGAAGCGTGAAAATGCATCGCCATCGTTAATTGCTGAAAATCAGCAAATAACCCACTTCACCGGATCGCGGCAGCAGTTCGCCGCCCCAAAAAAAACGCCGCCCCGCGCAAGCGGAACGGCGTTGAGAAACAAGAAAGTGCTTTGGGGTTTAAAGCTTACTTGGTCACGTGACCCGAGACGAGCTTGGTCATCTCGAACATGCTCACGGACTTCTTACCGTCGAAGACCTTCTTCAGCTTATCGTCAGCGTTGATGATCGTCTTCTTCTTCGGATCCTGAAGGTTGTTCTTCTTGATGTAGACCCACAGAGCCTTGGTGAGCTCGGTGCGGGGCAGCGGCTTGGACCCAACAACGGCCGCGAGGGCTTCGTCAGGGGTTACCGGTTTCATGAATGCAGCGTTGGGTTTGC
NZ_CP119075.1_gap107	4892664	4895403	2739	ACCTACGCCGGGCTGCGCGACGCCTGGCTCATCGCCGACAACGCCCAAGCCCGCGAAGTCCTCATCGAGCTCACCGACTGGTGCGCCGATCTCATCGCCCCGCTCTCCGACGCCGACCTCGAAATCATGCTCCGCGCCGAACACGGCGGTATGACCGAAACCCTCGCCGACGTCTACGCCATCACCGGCGACGAGAAATACCTGCGCCTCGCGCAACGCTTCACCCACCACGCCATTCTCGACGATCTCCTCCAGCGCCGAGACACGCTCACCGGCCAACACGCCAATACCCAGATCCCCAAGATCATCGGCTACGCCCGCGTCGCCGAACTCGGCGGCGATCCCACCTGGGACGACGCCGCGCGCTTCTTTTGGGAAACGGTCATCGGACACCGCACCGTCGCCTTCGGCGGCAACAGCGTGCGCGAACACTTCAACGCCCCGGATGATTTCTCCGGCATGCTCCAGTCCCGCGAAGGCCCCGAGTCCTGCAACACCTACAACATGTTGCGCCTCTCCGAAGCCCTGTTCCGGCGCGACGGCGACGCCCGCTACGCCGACACCTACGAACGCGCCCTCTACAACCACATCCTCTCCACCCAACACCCCGAACACGGCGGTTTCGTCTACTTCACCCCCATTCGCCCGCGCCACTACCGCGTCTACTCCCAACCCGAACAATGCTTCTGGTGCTGCGTCGGCTCCGGCCTCGAAAACCACGGCAAATACGGCCAATTCATCTACGCCGCCAACGACACCGGCGACCTGTGGGTAAACCTCTTCATCGCCTCCGATCTCGACGTCGGTCCCGGTCTTCGTATCCGCCAATCTACTACCTTTCCCGACGAAGCGCGCACCCGCCTCACCCTCACCCTCGAAGCGCCGCGCACCTTCGCCCTGCACCTCCGCCACCCGGCCTGGGTCAGCGCCGAAGGTTTCAAAATCACCATCAACGGAGAGCCAGTCGACGGGCGCTCCACGCCCGGTTCCTACGCCGCCCTCACCCGGGAATGGCATGACGGCGACACCATCGGCATTGAGCTGCCCATGACCACGCGCCTCGAACGCTTGCCCGACGACTCCGCTTACGCCGCAGTCCTGCACGGTCCCATCCTCCTCGCCGCCAAAACCGGCACCGACCACCTCGACGGACTCGTGGCCGACGGCTCCCGCATGGGCCACGCCGCTCCCGGCGCCTTCGAACCGCTCGACGCCGCCCCGATGTTCGTCGGAAACCCTACCGAAATGGCTGCGGCCATCCAGCCCGTGCCCGGCCGACCGCTACACTTCACCGCCGCCAATCTCATTCGTCCTGATAATTTCGATACGCTCGAACTCGAACCCTTCTTCCGCCTGCACGACGCCCGCTACATGATGTATTGGCAACTCGCCTCGGCCACGGACTACGAACGCATCGTCGCCGAACTCCACGCCACTGAAACCGCCCGCCTCGCGCTCGACGCCCGCACCATCGACCTCGTCATACCCGGAGAACAACAGCCCGAAGTGGAGCACAACTTCACGGACGGCGACTCCTGGCAAGGTCACAGCTTTGGACGCTCCTTCCGCGCCGCCAACGACTGGTTCAGCTACGAACTCACCCCGCGCCACGAAGCCGCGCTCGAGCTCCAACTCACCCACTGGGGCAACGCCTGGCAACCCGCGTCCTACACCGTTGAAATCAACGGCACCCCCATCGGCAAAATTGAAATCTCCGGCCAAGACGGCGAACGCTTCATCATCAAAACCCTGTCCATCCCCACCGGCTCCAGGAGCAACCCCCTGATCCTCACCTTCCGCGGCACCGAAAAATCCCCCGGCGTCCCCGCCCTCTACGAAGTCCGCCTCGTGCGCCCGCGTTCTGAATGAGTTGTAGGACAAATGGACGAACTGCCGGAATATTTTTACCCATTCTGAAAGAAGAGACCCTGCAACCGCGTTACACGCGACCAAGATGATTCAATCGTTTGCGGATCGCGACACGGAGCAACTTTTCCTCAAAGAGAAGAATCGTCGTTTTCAGGCGGTTAGCCGCGTGGCCTTGCGTAAACTCATCCAACTCAATAGTGCCAGCCGTCTGGGCGACCTCTCGGTTCCACCCGGAAACCACCTGGAGCAACTTGCAGGGAATCTCGCGGGACAATACTCGATTCGGGTCAACGACCAGTGGCGCATTGTCTTTCGGTGGACGGACTCGGGACCCAGCGACGTCCGAATTGAAGATTACCATTGAAGCACCCCTATAACGTCATACGTTATAACTATATGAAAACCCCGATAACGCCCGGTGAAATCCTGCTGGAGGAATACTTGAGGCCCATGGGTATCTCCCAAAACGCCATGGCCCGTGCGCTTGGGGTGTCCCCGCGCGCCATCAATGAGATTGTCCTCGGCAAACGTTCCATCACCCCCGCCATGTCGATAAGGTTCGGTGCCTTCTTCGATCAGTCCCCGCAGTTCTGGCACGGAATTCAGGTGGATTGCGATTTCAGAGCCCTAGCGACCGACACCCCTAGATTAGTGAAAGCCGTCCGCCCGGCCTCCGAGCTGATTTCCGCGTAGAAATCCGCAAAACACGGCCTGACCCTCTCGGTCTGGCGACCCTCTCGGTCTGGCTACGCTGATTGGTATATTCTTTCTATTCTTTGGTCTACTAATCAAACTTATGACTGGATTGGCATTTCTTCACCGCTTGACATAGATTGGCTTAAAAACCACTTGGGGCTGCCGCAGGGAGTA
NZ_CP119075.1_gap108	4991681	4993911	2230	TGAGCCTGATTGGATTGGGCTTCATCATCGGCGGCGTGTTGGTGATTTATCCGCTGCGCCGCGCCGTGCGTATCGCGCTGATTCCGGCGGGATCGTGTTTCGTGGTGTTCGGGCTCTTCGGTTTGAGCGGTCAGACCCTCAATCTGTTCAACCTGCTGGGCGCGTTTCTTGGCATCTGTCTTTCGCACAACTACGCGATCTTTTCGGCCGAGAATGCCCAAGCCGGACAAGCGCCGCCGGTGGCCATCCGGCTGTCCGCGTTGAGCACCGCCGCCGCTTTCGGCGTGCTCGGTTTCAGTCAAATTCCGGTCATCCATGCGCTCGGTCTCACCGTGTCCATGATCGTGATCACGGCGTTGCTCATGGTGGAGCTGGAACCGCTGGCCCGGCGCAAGTCGTCATGAGCCTGACGTTGCATGAAGCCTGGTCGCGCACGGTGCGCGCGGGACCGGACGCCATCGCATTGATCGACGCGGAAACCGGTCGACGTTGGTCCCGCCGTGAAATCGACGATGAGGCCGAGACGTGGCGGCGCGCCCATGGCGACGCGATCACCGGTCGCACGGTGGCGTTTGGCGAGCGCAACGGCGTGGCCTGGCTGCGGGTGTTCATCGGTTTGTTGAAAGCCGACGCGGTGGCGGTTCCGTTCGATCCCGGCGAACCGGTCGGGGCTCGGATGGCGACAGCGGCGGCCGCCGGAGCCGACTGGCTGGACCAAGACGACGCGCTCGTCGCGGTGGCCCCGCATCGCCGACATCGCGATGGCCGTCGAGTGGTCAAGCTGACGTCCGGTTCAACGGGCACCCCCAAGCCACTGCGGTTTACCGATGCGCAAATATTGGCCGACGGTCACAGTGTGGTCACGGCGATGGGCATCACCGGTGACGATCTCAATCTCGGTCTCATTCCGTGGGGGCATTCCTACGGACTCGGCAATCTGATCGTGCCGCTGCTCACGCAAGGGACGGCCATTATCAGTGGCATTGCCCCGCTGCCGCATTCGATCGCGGAAGCGACGGCCCGTTGGCAGCCGACAGTCTTCCCGGCCGTTCCGGCGTTGTTGCGGGCGCTGGTGGACTCGACCATGGCGGCCCGCGATCTCGCGAGCTTGCGCACGGTAGTCACGGCGGGAGCGCCCATCCCGCCCGAAGTCGCGCAGGCGTTTCATGCCAAGTTTGCCCGCCGAGTGCACAGTTTCTACGGCTCGAGCGAAACCGGGGGAATCGCCTTCGATGCGACCGGCGAGCTGGCGGCGAGCGGCGGCGGGGTCGGACGACCGATGCCCGGAGTTGCCGTGACGTTTGAGCGCGGTCAACGGCTGCGGGTGGCCGGACCGGCGGTGTTCACCATCGGCAACCGGCGACCCGGCACGCACCTCCTGGCCGATATCGCGCGCGAGGACGAGCATGGTGGACTCGTGCTGCTCGGCCGCGCGGGCCGCTTCGTGAAAATTGCGGGGCGACGCCTGAATTTGGCGGAGGTCGAGCATGCCTTGCGCGGATTGCCGGGCGTGCAGGACGCGTGGGTCACGCCGCACGCACAACGCTCCGACGCGCTGGCAGGGGCTATCGCCGTGGGAACGGAAGCGGCCCCATCGACTTCGCCGGGCGCCATTCGCGAGGCGCTGCGCGCCCGATTGGCGTCGTGGAAGATCCCAAAAAAACTGATCGTGTTACCCGTCTTTCCGCTCACCGCACGCGGCAAAACCGATAGTCGAGCCCTGCGGGCCCGGCTCACGCCATAGTTTGCCCTAAGCCGATTGCCGCGCAAACGGTGAGTCGCCCAGGGTCACCTCGATCTCGACGTTCAGGTGATCCCGGCAGATGTCGGCATGGAGATAACTGACCGTGTCGGTCGATCGGAGCAGGCGTTTCGTCAACTCGGTTCGCACCGCGTGGAGATCGGTGGGATGGCGCAGATAGACCTTGAAATGACGGGCCTGCGCGGCGGTCGCCACATGATCCGCGGCACGGGTGATTTCCGCCAAATTTTCCAGCGTGCAGTCCAGTTGCCCCATGGTGTCGCCGGGGGCGATGGTTTGGTGACCGCGCACCGCGGCGGTGCCGGAGATGAACAACATGCGGCGCTCCCCATCGACGATTGTCGCGCGGGCGAAACTGGGCGCCCGCGGCCCGTAGGTGGACGGATAATGGTAGGCGGGAACCTGCAATGGGTTTTCCAGGTGACGGGTTGGCGCCCGGGTGGCCGCGAAGACCACGGTGAGATGGTC
NZ_CP119075.1_gap109	5012886	5014254	1368	CCTTCGTCTCGCCGCCACCATGGCGGCACTTGTATTCGCGGCGTTGGCTGGCGCCGCCGAAAGTGATCTTTCCAATCCCAACGTGATCGTCATCTACACCGACGATCTGGGCTACGGCGATGTCGGCTGTTTCGGGGCGACCGACATCCAGACGCCCCACATTGATCGCATGGCGCGCGAGGGTATTCGGTTCACCGATTTTTACTCCGCCTCGTCCGTGTGCACGCCGTCGCGCGCAGCGTTGCTGACGGGTCGCTTCGCGCAGCGCATGGGTATCGTCGGCGTGTTTTTTCCCGAGTCCTTCACCGGCATGCCCACGACCGAATACACCATGGCCGAAATGCTGCGCGACCAAGGCTACGCCACCGGCATCGTCGGCAAGTGGCACCTCGGCCACCACCATCAGTTCCTACCGCTTCAGCGTGGTTTCGACGAGTATTTCGGCATCCCCTACAGCAACGACATGGCGAGCGTCGTCTACCTCGCCGGCAACGAGGTCGCGGAGTTTCGCGTCGACCAAACCTACACCACCCGCACCTACACGGAGAAGGCGATCAGCTTCATCGAGCGACACGAGGACGGTCCGTTCTTCCTCTATCTCGCACACAACATGCCGCACGTGCCGATCTATGCGTCGCCGGAGTTTCAGGGTTCGTCCGACCGCGGACTCTACGGCGATGTGATTCAGGAAATCGATTGGAGCGTGGGCGAAATTCTGCACACGCTGGAACAACGCGGCTTGCTTGAAAATACGCTCGTCGTTTTCACCAGCGACAACGGTCCGTGGGAAGTCATGCGCGACCACGGCGGATCTCCCGGTAAATTGCGGGAAGGCAAGATGTATACCTTCGAGGGTGGCATGCGGGTGCCCACCGTGGCCATGTGGCCGGCCGGCATCAAAGACGACGGTCGGGTGGAGAAAAACCTCGCCGTCATGACCGACTGGATGGTGACGCTGGCCGAAATCACCGGCGCCACCCTGCCCGACGATCGTGACTACGACGGCGAGAGTCTGCTGCCGGTTTTCCAGGGCACCGGACCTCGCACCGGCCGGGACGAGTTCATCTACTATAATGCCGACGACATGGCGCTCCACGGTTATCGCCGGGGCGACTGGAAGATTAAACTGCCCTACGATGGCTTCAGTGGTGCCCGCTGGAAAAAAGGTGTGGCCGCTCACCCTTTGCTACTCATCAACCTGCGCGACGACCCCGGCGAAACCAACAACCTCGCAACGACTCACCCCGACAAAGCGCAGGCCATGCTCGCCGCCATGAATGCGCTCCACGCCAACAAGGGCCCCTTTCCGGAGCCTATTCCTATTCGGAGTCGGGCGGACAACTCTCACTTCGAACACCTGACCGAACA
NZ_CP119075.1_gap110	5015491	5016396	905	CCTGCTCGATCAAGCGCGCGCCACCTGCGCCGACCACGACAACATCAGCTACCATCGCCTCGATCTCACGACCGAGACCACCTCACCGATTCCGCCCGTTGATTTCGTGTTGTGCGTCAATGTGATCCTCGCGGCGGATCTCGAAACGCGGGAGCAACTGTGGACGCACATCACCAGCCTGGTCGCCCCGGGCGGCACCCTGCTCCTCGTGTTGCCCTCGCACGAATCGGCCCTCTACACCAACTTCCGCCGACTCGACTGGCATGTGCGGTCCGGCCTCGGCGCCGACGAAGCCATCCGCCACAGCTTTGCTCGCGAAGGCAACGTGCCCCAACTCGAGCACGGCGTGCGCGGCATCGAAGGGGTGAAAACCAAACACTACCTGCGCGAAGAAATCATCGTCCAACTCCAGGACCGCAGCCTCATCGTCGACCAAGTCGAGAAACTCACCTACGATTGGTCCATCGAATTCGCCGAGCCGCCGGATTGGCTGGGCTCGCCCCACCCCTGGAACTGGCTGGTCGTGGCCCAGCGGCCCGTGTAGGGCCGGAGCTGATACTTAATTCAACGCGGCGTCGCGCCAGTATTTGGTGCCCTGCAAGGTCGCTTGGAGCGCGAGCCCGTTCTTGGTGAACTGGTAGACTTCAACCCCTTCGGCAATGTTGCCCGCAAAGGCGGCCTGCCCTCCCTTGGTGTCGGATTTCGCGGCCGCGTCCGCCTGGGCGGAGAAGTCCCACCCGGTTTCGACGAAGGCGTTCAGCTTGGCCTGGTCGTAAAAAACAAACACCCCGCGAAAGTCTTTCACGCCCAATCCGAGACCCAGACCGGCGGAGCCCATTTTCATGAATGTCTCGTGTCCGCGCTGGTCGACCACCATGCCATGGCCGCCGGCAAAGGAGGCGAAA
NZ_CP119075.1_gap111	5043291	5048030	4739	TCGGGCCCGCTCCGACTTTGCCGCTGCGCACGCTGGTGCTCGATCAACCGGGTCTCGCGCGCGAGCTTTCACTGCCCGATCACGGGGACGAGGCCGATTCGCCGTTGTTGAAAAGCTATCGTCTGCGCAACGGCGTGTTGCACAACCCGGCCAGCGATCGTCGCACCACCAAGGGCGTGTTTCACATTGCCGAGGGAGGGCTGGCCGTGCCGGACGACAAGAAAGCGGTGCCGAAGCAGGCCTATGCGAAACTCCTGGAGATCGCGCTGGAACCGCCGGAGGAACTGACGCGCCTGCCCTACTCTTCCGACTGGAAAGAGCCGGCGCATGCGTTGGTCTCGCTGATGTTGCGCCCGAAGGTGGTCCCGGAAGTGCCGGGCTTCACCAAAGCCAAGTCGCTCGAAATCCGTTTCTTTGCGCCGGGTTCGCTGGTTTCCAATCTCGATTTCGTCGAGTCAATCTTCGGCAACGGCGGTGACCCTTACCTTCCCGAAAACGATGCGGGTCTCGATATCGACGGCTGGACCGGCCACACCGGCTGCGTCATTCTCGCTCCGCATTTGGTCAACGTGCCCAAGATCATGCTCGGCCTGCCCCACTGGGATCTGGCCACCCCGCGTCAACGTCGTGATGGCATGTGCTGGAAATCGGAGGACGAGCTCTACAACGACGGTTCGGCTTTCAAGGTTTGCGCCCGCGACGAACGCGGCGTGGTGGTGACGCTCATCGCGGACAACTACTACGGCTACTGCAAAAAAGAGGTGAAGACGCAGATCGGCTATTCGGCCAATCTCTTCGGTTTGGCCGAGGAGGAGCACGCCGGCGGCGCGCTCGTCTACCCGTCCTACGATCTGGGCGAGGAGTTTGCCGGCAGCGTGCACGTGAAGTCGCGCGGCCATTCCTTTGGCGAGGTGGTGGAAGCCTACGGCGACTTGATCGACGTGAAGCCGGAAGGTTACGCCATCGACAAGGTGTATCCGGATATTTACTACGTTCCGGAGGACGTGCGTTTCGACCTGCCCAAGCAGACGGTGACCTGGGGCGAGGACGGCAAGGACGGCAATCTGCTGCTGCGCGCGGGCATCACCTACGTGCGGCCGTCGGGTTACAAGGTGCAGCTCGAGCGTCCGCCCGGGCACAAGACCTGGAACCTGGTCGGCACCGTGCCGGAACCCACGTTGTGCCACAAGCCGTGCACCGTGTCCGGCGGCGGCAAATCCGAAATTTCCAAGGCCATCTCCGACGCCATTCTGCCGGGGCCGGTCTTTGTCGCCGACTTCGACCGCGACATGAACCGGGTGCAGGAGTTGCTCGATCACCCTTACGAGGAGCGGTTCGTCGATCGCGAAAAACGGGGCAAGGACAGTCGTCCGGTGCTCAGTCCGGAGCGGTCCCTCGGTTCCGTCATCAAGTTACTCACCCCGTCGTCGGAATACACGGCGGAGTTCAACGATTGGCTGGGGGTCATTCCCCAATACATCAAGGAAATCGTCTTTGTGGTGAAGCGGCACTTCCGCAGCGAATGGGGCGAGGATTGGCGCAGCCACTTCTCGGTTGACATCATCAATGGCACGCCGGGCAACGAACTCAAATGCGACAACCGCAAGCTCAACGCCAGTTACCTGCGCATGGGTTTCCGCGACGATGGTTCGTGGCGGGTGTTCGGCTTGCGCGAGGATTTCCATCCGGCCGCGAAAGTGCAGATGGAGGACGATATCACGGCCTCGGTCGTGGTGCCTTCGGATGTGCTCCCGGGACTGGCGGCCGGCTCCGTGCGTAAATCGCAAAAGTTCGTCGAAAATTGCGAGACGCGTCTCTTCCAACGCCCCGACGATGCGATTCATCGTGGCTACGATAAGCAGACCGAAATCGATCTCTCCAAACCCGGCAATTTCATCTCGAATTTCGAGCCGTTGGATCGCGCTGATGCGAAGTCGTTCGTGGAAAACGCCATCGATTTCGACAAGTGGACCGATCCGGTGAAGAACCTGATCAAACAGGCGGCCGCCGCGCCCGATGGTATCACCTACTTCGTCTCGCCCGCGCATCCGCGTATCGTGGATGGCAAGCCGACGAAAAATCCGCGCTACCTGCAGATGCGGCCAGATCTGGATGATCCGCGGTCGGTGCATCTCGCCCACATGGCGACGCGCCTGCATCGCCGTCTGGCGGCGGACGCGCCGGTTTACACCCCGGTCGATGCGGTGGTGCCGGGTCGGCGCAATAACCCGCCCGATGTGGAAGCCGGCATCCGCGCGCTCGCGGTGTTCAACCCGATTCATTACTTCGAACTGCCCGAGTTGTTCATGGAGTGCATCAGCTCGATGACCGGCAAGTCGCCCTCGACGACCGGCGCTGGTTCGGAAGGTGCGATGACGAAGGGTCCGTTCAATTGTCTGCCCATGGTCTACGACCTGAACGCCGCGCTGGTTTCGCTGCTGCTCACCGATCATCCGGCCTTCGTCTCGGCCGCCGGTTACGTCGGCCCCAAGGTGCGCACGGATCACGACGTGAGCCTACTCATTCCCGAGGTCTGGTGCCGCATGCAACCCCATGAGCGTGAGCCGCAATACCTGATCGAAAACGGCTATCTGGAAAAGTGCGTTGATATGGAAGTCGACGGCAAAACGGTGCTGTCCAGCCGACTCGGTTATCGCATCACGGCCAAGTTTGCCCGGACGTTCTTTGGTCGGGTGTTCAACCATCCCCACGTCGTATTCACGGAGGAGATGCTCAAGCCGGAGTTGCAGGATGAGGCCATGTTTGCCGAAGGCATGGAAAACATCAGCATCACGCATCAGCGGATTGCGCAGGCCTACTTCGATGATGGCACAATCGATGAGGCGTGTCCGCCCTTGCAGGCTCTGCTCCACATCATGGCCAAGGGTGATTGGAACGGCCACGGTCTCGATTCTGCCGAAGTGCGAGGCATGTTCTCGCGCGAAGTGCTGTTGGCCAGCGACTGGTATCAGGAACGCCTGGCCTCCAAGCAAGTGTGGGACACCGGCCTGTGGGAACGTCATGTCGACACCCTCGAACTCGCCATCGACAACCCGGCCTACGAGGACGTCGTCGATCGCATGGATTTGAAAACCCGATTGAAGGCGGCGCAGGCGGAATGTGAGCGCGTGAAGAGCGACGCTTATCTCAAATCCCTGGTCGGCACGCTCGGTCGGCAGCCGGTTTAAACTGCGGCCCGGTTCGACGACGGGCCCGGTTGTTCGGGCCTAGTCGTCGGACTCTTTTTTCTTCCGCGCCTGGTCCACGAAGATGCGGATTTCGGCATCGCGCCGACCCAGCACTTGGGTGGCGCGTTTGAGCGCGTCGCGAGTTGACAGCGTGGGGTTGGCGGGCACTTCGCGGAAGAAGTTCTCCTCACCCAAGCGATCGATGAAGCCGGAGTTGCGCAGGACCCGCGTAATCTCCCGGCCGGCGCCGGAAATGAGGAGCTGGCGTTTGGATTTTTTGAGGAAGTCGTGAAACTCTTCGATCGCGATGGCGGCGGTGGCATCGAGGTTGCGGGCGTTTTTGAGGCGGAGGATGACGACTTTGATGCTCGGGTCGCGGATGACCTCGCGGATCTGCTGGGTGAAGATCTCGGTCGAACCGAAAAACAGGTCGCCTTCGGCGTGAAGGATGGAGATGCCGGGAACGTTGCGCCGGTTGGGGGTGGGCAGTTCGGCGAGTTGGCCCTCGGGGTTGAAGTTGTATTCCACCAGCTCCGGATTTCCGGCCTTCTTGAGGAACAGCATGATCGAGGTGAACGCGCCGAGGTAGATGGCGGCATCGATCGTAAACAGGAGGGAACTGACAAACGTGACGACGAATACGATGGTGTCCGATCGCGTGGTGCGCAGCGCCAGCAGGAGGTTGCGGCGATTGATGAGCGAGCAGGCGATGCCCATGACCAGCACGGCGAGCGCGGCCTTGGGAATGAATTTGATGAGCGGGCCGACACAGAACAGCAGCACCAGGACGACCAAGCCGGAGATGACATTGGCCAGCGGCGAGCGGGCGCCAGACATGTCGTTGAGCACCGAGCGGGTGAGCGACCCCGAGGCGTTCATGCCGCCGCAGGCGGCGGTGGCGAGGTTGGCCATGCCCATCGCATACATCTCCTGATTGACCACAAACCGGTGGCCGGCGCGGGACGCGACTGTCTTGCCAATGGAACTGCCCTCGAGGATTGAAACAAACGCCAGCGCCAGGGCCGGGGCCGCGAGATTGCCCACGAGTTGGAAATCGAAGATGCCCGGGAAAAACCGGAAGTTGGTGAGGCGAAACGTCTCCAGGTAGGCGATGTGCCAGTCGATGTATTTGAAGCCGAGCCCCACCAGGCCGGTCAGCACCAAGGTCGCGACAATGCTGGGGATTTTCGGGGCCCAGCGGCTCAGTGCCTGACTCAAGGCCAGGGTGGCAGCCGCCATGACGAGCTCGGGCCAGTGGGTTTGCGGGAGGAGCCGGATGGTCTCCTGCAGAATGCCGAGAAAGGTCGATCCACCGGTGGTGCGAAAACCGAGGATGTTTTGAAACTGGTTGACGAAAATCAGCGCGGCGGCGGCGGTGATATAGCCAGTGATGACCGACCGGGAAATGTAGTTGATCAGCATCGAGGCCCGCGCGAGGGCGCCCACGACGAGGAAAAACCCCACCATCAGCACGAACAGCGGCAGGGCGAGCATGCGTTGTTCGGCAGGCAGACCGCTGGCCGCGAGTCCCGTCAGCAGCAGAATCGCGGT
NZ_CP119075.1_gap112	5154111	5158391	4280	TGATCGCGACCCGCAGGTGGTGGCCTATGATCACATTCCGGTGCAAATGCTGCAGCCGACCGCAACGCTGACGGCGATGAGTTTCGATCTGAAAATCCGGGGCGACCGCGTCGGCTTCCTGCCGGGGGCCGGAGACACCACGGCCGAAGCGCTGACATTGATGGGCTATGATGTGACCGTCTTGACCGAGGCAGATCTCACGGCTGACGGACTGGCCGGATGGGATGCGGTGGTGCTGGGTATTCGTGCTTTCAATACGAGAGCGGAACTGGCCGACCACCGCGCGGCGCTGTGGGACTATGTGAAAGCCGGGGGCAACGTGATCGTGCAATACAACACGAACGGCGGACTGCCCGACGGGAGTCTCGGTCCCTACCCGTTGAGCATTTCGCGCGACCGCGTGACCGATGAGACGGCGGCGGTCACGCTGCTCGATCCGGCGCACCCGGCCATGACCGGACCGAACCGGATTACGGCGGCCGATTTCGACGGCTGGGTGCAGGAGCGTGGTTTGTATTTCCCGAATGAGTGGGACGCCGCCTACACGCCGTTGCTCAGCATGGCCGATCCGGACGAAGCCGCTACCCAGGGTAGTCTCTTGGTGGCCAAACACGGTGACGGTTACTTCGTCTACACGGGATTATCATTCTTCCGCGAGCTGCCCGCTGGTGTGCCCGGAGCCTATCGGTTGCTGGCAAATCTCGTGTCGCTCGAGTGAACTCGGGCATGCCCTGAAGATTGTCGCGACGCCGTCTCTCGCTTCATTAGGGGCGCTTGATCAGAGCCGCGATTGCCGTGCCGCAGCCAAATCCGGCGACGTGGGCGAGCACATCGGTTTGCGCGTCGCCGGCGCCGTAGAGACCCAGGATTGCCAACCCGGCGGCGGCGGGAATGAGGAGGGGACGCCAGCGCCCCGGTTGTCCCCGACGACGCAGGGCCCGGCCCGTGAGCAATCCGAGCCCAGCGAACACCGTGGTGGACGCACCGATTGAATGGTGGCCGCCGGAAAGGGCGATGATGGCTACAAGCGCGTTGGCCAGAACGGAGGAACCAAGCAGGCGCGCCCACGCGGACCAGAGGGGTTCGAGACAAAACCAGGTGCGCAGAATGAACCAACCCGAGATCAGGTTGGAGACCATGTGCCCGATGTCGGCATGCAGAAAAAGCGCCGTAAAAGGACGCCAGAGTTCGCCTGAGTGCCAAACCGCCCGGGCGTCGAGCATCCCCCAGTCGGTGATACCGGGGGCGATTTGTTGCATGCGATATACCCACACGATGGCCAGTCCCCACAGGAGGGGAGGAAACAGTCCGCGGTGAGGATTGTCGGGCGTTGGTTCCACGGGCGCACGGGGTGGCCAATAGGCGGATTCGCGTTCAAAGCGGGCGAGTTGCTCGCGCACGATCGCGGCCGATGCCGGTGCGACAAGCAGGATCTGGCCGCCGGGGCGGACTGCTTCGGGGTCGGGTTCCAGCCAACACGCTTCGCCCATCGCCAGCGCCACCAAGCTGCGCTCCTGCGCCGCTGGGTGGCTGGCGTAGCGCCCAACGACGATGCGATCGTCCGGAGCCTCGTCATCCGTGAGGTTGGCGGCATCGAGTGGTGGCTGGTCGTCCCGGGTCATCGGCAAAGTCCCACCGTGACATGAAGTCGGGCGGCTGGCGAGTCCGCCGACCGGTCTCGGTTGTATTCAAATAATGATCACACTCTGAAAGGCTTTGGCGGCGTGGGGGACCTCGGATCTGCACAAGTTCGTCAACGGAGACAAAACCCGTCACCCCGAAGACCTCGCGCTGATTGACCGGACGGTCGACCCGCGGTATCGATCTGGTGCCGTGGTTTACGCTGCCTCCATACGGTGCGGCGCCACGCGAATTACCCACACGATTCTCCCCCCTTTGACGTATGAAGTATTTCGGTTTTACCGCCCTTTCACTTGGTTTCACGCTGCTGGGCTCTGTGCAGGCGGCGACTGACGCGCCGCTTTCGGAGTTCGGTCTGAGTTTCGTTCCGGACTACACCTTTGAAGGTTCCAGCCTAAGCGGTTGGCGCGCGTGGGGCGATGCTGACTGGCAGGCCAGTGACGGCGAAGTCCTGGGCCAGGGTGGCCCGAAAGGCGGCTGGTTGGTCTTCGAGCGCGGGCTGCAGGACGTGGGGATTCACGCCAAATTCAAGGCCACCGTTGGCACGCAGGTCGGGGTGTTGTTGCGCATCGAGCCCGTCGACGCGGGTTACCGGGGCGTGTTGCTGGAGCTGGCGGGCGAGGAAATCGCATCCTTCAGCGTCGTGCTCGATAACGATGGAAATGAAATCAACCGCGAGGAACTGCGCTACGCTGGTGGCATCATGTATCGCATGGCGCCCCCGCCCGACGAGTCGGGTCGCCACCGCAATCGGCCACGCGCGGAGCCGCCCGCGGATTTACCGGTGACGGCGCCCGATACGAGTTACCGCGTGGACGACTGGAACCAGATCGAGACCTTTTTGGAGACCAATGTCATTCGCAGTTTTCTGAACGATGGCCGGGAAGTCGGTGGCGCAGTGGGCGGTGACGCGGCGTTGACCGGTTTCGGACCGATCGCGCTCCGGGTCGGGGGCACTGGGGAGGTGCGTTTCAAAGACGTGATGGTGAAGGATATCGCGTTTCGGCAAACTCCGGCCGAGACGACTTCGCCGCAGTTTGAAGTGCAGCGGGTCAGTGAGTTTTACTACTCATGGGGTTCGGCGGCCGCCGATTTCAACCGCGATGGGCACATCGATGTCGTGGCGGGCCCCTACGTTTATTACGGCCCGGAGTTCACGGATTTTCGTGAAATCTATGTGGCGGTGGCCAAGGGGCCGTCGCAGGAGTTCGTGGCCGACAACCATCAGTTCGCGCACGACGTCAATGGCGATGGTTGGCCGGACGTGATCAGCGGGTGGACGAACCCGGCCGTTTACCTCAACCCGCAAGGCGAGTCACGACGCTGGGCCAAGTATAACCCGATTCCCCGCACCCAGAGTGAGACCACCTTGTTCACCGACATCGACGGCGACGGTCGGCCGGAGTTGGTCTACGCTTCCGGGCAACAATTTCGCTACGCCAAACCGGACGCGTCGGAAAGCTGGACCGAGATCAATATTTCCGAAGCAGGTTACGCCTTGTCGCACGGCATCGGCACGGGCGACATCAATGGCGATGGCCGTGTCGATATCCTCGGCGCGACCGGCTGGTGGGAACAGCCGGAGAGTCTGAACCCGGACAAGACGTGGGCCTACCATCCGGTGGCGTTTGGTCGTTATGGCAATCGCTCCGGCAACATTGGCGGATCAGTCATGGCCGTTTACGACGCGAACGGCGACGGGCTGAACGACGTGGTCACCAGCCTCAACGCGCACGGCTTCGGGCTGGCGTGGTATGAACAACAGCGCGAGGCGGACGGCGCGATCACCTTCGTGCGCCACATGATCAGTGACGACTATTCGCAACCCAGCGCGGGCGGGGTGACGTTTTCGCAAGCTCACGCCGCGACCTCTGCGGACCTCGATGGCGACGGCATGATGGAGTTCATCATCGGCAAACGCGCCTTCACCCATCTGGACAACCTCTACGATCCCGATGCTTACGGGCCGCCGGTGTTGTATGCGTATCGCGCGGTAAGAAACACCGACGCCCCCGGCGGGGCCGAGTTCGTGCCGGAGTTGATTCACAACCGCTCTGGCGTGGGCTCGCAGATCACGGCTCTCGATCTCAACGACGACGGTGCGGTCGATCTGCTCACCTCGAACAATCGCGGCACGTTCATTTTTTGGAACAAGCGAGCGGCGAAATAGCGCCCGAGAAATCGGCCCCCAAAAAAACCCCTCACGCGATACTGCATCGGATGAGGGGGGCGGGGTCGAAGCAGTGTGTGCGCTCCGGGGGGACGACCGTTAGTTGTTGTGCGGCACTTTGGGGGGGAGGTCCCGCATCAGGGCGGCGTCCGTTGAGTCGGTGGCGTGGCTGGTCACGGCGCCGGGGCTCGACTGGTTGCTGAGGGTGTTGACGGGGGTGATCAGGCCGGTGGTTCCGTCCATTTCAAAGACCGTCCACAGGTTGCCGACCTGACCGGTGGGCACGCGGAACCGACCGACTTCGCCCGAGCCGGCGAACACCCGCACCAAGGCGTCGGAGTTGTTCGACATGACCGTGCTGGTGGTCGACGAAAGAGCGGAGAAGTTGTGGACCGAATAGCGGTAGGTGCCTGCCCGTCGGGCCGTCAGCGTGATCGTTTCGGGTCCGAATGACGATGTGTCGTCCACG
NZ_CP119075.1_gap113	5162892	5165074	2182	CGTCGACCGTGAAGAGTTCGTATTCCCACGCGAGTTTGAGCGCACGCAGGGTTTCATGCCATGCTTCACCCACCGAGAAGGTGCTGAAGCCCGCATCGAGCTCTTCCTGGAGACGGCGCCGGGCGTTGCGCATCGCATTGATTTCGCTCACCTCCCGATCGGCGACCTCGATCCATTGTTGCGTGATTTCAAGCTGCCGTTCCAAGGCGTCGCGAGTCGCGCGGTCGGGGGCGTTGTCCTGATCGACTTGCTGCCGCAGCGCTTGGAGTTGGCGACGGGTGCGGACGAGGTCGGAGAGGTGTTCGCGCCGCTGATTCTGGAGGCGGCGAAGCGCGGTTTCGTTTTGCTCGGCCCAGTCGTCCTTCGTGTCTTGATCCACGGTGTGATGCAGCGCATCGAGTCGACGTTGCTCGACCAGCGCGGCTTGTTCGACCCGCAGGATCTGGCGACCAATCAGGCTGAGCAGACTGTTGGCGACGCGCTGACCATCCCGCCGGGGATCGAGCAGCGTTTTGGCGACGTTTTCCCGGGTTTCGGCCTGGGCGAGATCGGAGGAGAATCGGCTGACCTCATCCCGGGCGTCTTCGAGTTGCTCACGCAGGTTTTCGAGATGTTCGGCGCGAGCTTCGTCGCGTAAGCGTTGCTCGGCTTCGGCGTGCACCAGCCTGGCTTTGACCCATGCCACCTGCGGCAGAATGAGGTCGAGATTGGGCTCAATGAGTGACTCCTGCAGGCGTAGTGTATCCAAAGCGTGTTGACGCAGGCGGAGGGTTTCTTTCGCCAAGCGACTGCGGAGTTCGGCCAATAGAAAATCGTCGAGGTGGTTCGCCGGGTCCTCTTCCTTTTTCTCCCGTGTGGCCCGGCGCTCGCGCTCGCGCTCGTCCAGGGCCTCTTCCGCGGCGTTGAGGTCATCGGTGGCGTTCTCGATGTCGCGCTCCAGCCAGCGGGCGGCGTGGTTGAAGTAGTCACGTTGGTCGTAGAGCTTTTCGAGCACGGCGAAGGTGGGAATCTCGTTGATGCTCGTGCTGGTCTCGGAGCGCCGGGCTTGGCGCTCCGCCAGTTCGGCGGCTTCGGCTTCGAGCTCGACGCGATGATCCGCACTGCGTGCTTGGTCGGCGTAGACGCGGTCGAGCCGTTCCCACAGTTCGATTTCCTGAGTCTGCCACACGGTGTCTGCTTCGGAGCTGTCCTTCCCGGCCTCGTCCAGCGCCGCCCGACGCTCCGCCAGCGTGGCGGCAACTTCGTCGCGAGCGGCGGCAATTTCCGCCGGATCCAGTTTGTTACTTTCTTCCTTGGTCGTTTCTCCGTGGCCAGATTCCGCGGAGGAGATCGCACCCGGAAATGCGGGCAGAGTGGGTTCCTGCGCTCGCGTGATGACAGACGTGGCCAGGGCCATTCCCAGCAGCGCGGGCAAGGCGTAGCGGGGCGCGTGAGTCAGATTGAAGAAGCGGGCAGGCGAGACCATGGGCAGCATGGACCGACGCCCGGCGCGGTGGTTCGTGAGAAGTGAGGGAGACCCTATGACGGGGAGAGGGGGCGCTGGGGTTGACGCGGGTTAACGGGCGGTAGGGTTGCGCGATTGGAACCTATCCGCACGGTGAGAGGCCTTGAAGACTGAGAATCCTTTTCGTCGCGTTTCCCGTTATCTCCTGCGCTATCGCGGGTTGTTTGTGCTCACCCTCACCCTGGCGGTGGGGAGCACGCTATTCCTCGTGTCCATTCCACAGGTCATCAAGTGGATCGTCGACGACGTGATCGGGGCGGGCCGCAAGGATCTGCTCATTTGGGGCGTGGCGGCGTTGACCGGGTGTTACTTTCTGCGCGACTTGCTGAATTCGTTGCGCATTCGGGTGAACAACACGCTCGAACAAAAGGTGTTGGTCGACCTGCGCGGCGACCTGCATTCCCGGCTGCTCGACCTGCCGGTGGGTTACTATGACCAACGCCAGACGGGGGAGATCGCGTCGCGGGTGATCGAGGATGTGCAGAACGTCGAACGCGCGCTGCTTGATGGCACGGAGCAAGGCACCGTGAGTCTGCTGACGTTGTTCGGTATCAGCACGATTCTCTTCGTGCAGCAGCCGTTGCTCGCCGCGCTCGTGCTCGCGCCGTTGCCCATCGTGATCTTCATGGGCCGCATGCATTTCAAGGCGGGTCGCGTGCTGTGGAAGCGCACGCGCGA
NZ_CP119075.1_gap114	5292856	5297843	4987	TGGACGAATGCCTACCTCGTGAGCAGCGGCCCCATCACGCTCAGTGGCACTGCGCAGTGGCGCACCAGTTCCAGCCTGGGTCCCGATCCGCAATACGTCGCGCCTTCCCGAACCTGGACCGGGTCCCCGGCCGACGCCTTCAACAGTGAGCTCTACGAGGACGCCAAAGGCTATTTTGGCCAAGGCGGCGCGCCGACGGGACCCGTGGTGTCAGTCACCGCCACGGATGGCAGCGCCGCCGAACCGTCAAATAACGGCACCTTCACGCTGACCGCGTCGCCCGCGCCGGAGGCTCCTCTTACGGTCAACCTCACCCTCGCCGGCACGGCCACCAACGGCACCGATTATTCCACCATCGCCAGCACCGTCACGATCGGGACGAGCGGCACCGCCACCATTGATGTGGCGGTGATTGACGACTCCGTGAGCGAGGTCAGCGAAACCGTGTTGCTCTCGGTCGCGTCGGGCACGGGATACAGTGTGGGCAGCCCATCCGGAGCGACCGTCACGATCGCCGACAACGAGCCGCCCCCGCCGCCGAATGTGACCATTGTGGCCACCGACAGCTCGGCGGGCGAGCCGTCGAACAACGGCACCTTCACGCTCACGGCGTCACCGGCGCCGACCAGTGCCATCACGGTCAATCTGAGTGTCGCCGGCACCGCCACGAACGGCACCGACTACAGCACCATCGGCTCCTCCGTCACCATTGGCACAAGTGGCACCGCCACGGTGGGGGTCGCCGTGATTGACGATGCCGCGACCGAAGGCAGCGAAACCGTCATTCTCACAGTCGGTTCCGGCACCGGCTACACCGTCGGCAGCCCCGCCACCGCCACGGTCACGATCAGCGCCAGCGATACGCCTCCCTCGGTCAATATCAGCACGTCTTCCAGCAGCGCCGCCGAAGGCGGAGGTTCGGGACGTTTTGCGATCACCGCCATTCCTTCACCGGCCAGCCCCATCTCGGTAACTCTCACCATCACCGGCACCGCCATCAACGGCACGGACTACACCACGATCCCGACCTCTGTGACGCTCTATCCAGGACCGGGCACTGCCGAGGTCGATATTGACGCGATCGACGACGCCCTGTTCGAGGGAACCGAAACCGTGGTGCTCACCGTCGCCTCCGGATCGGGTTACGCCGTGGGCAGCCCCAGCAGCGCCACCGTGACGATTAACGACAACGATTCCGGTGGCGGGGGCGGCTCCACGCCGGTCGTTACGATCAGTGCGACCGACAGCTCGGCGGGCGAGCCGTCGAACAATGGGACCTTCACGCTCACCGCGTCGCCGGCCCCGTCCAGTCCGATCACCGTCAACCTGGGCCTCGCGGGCACGGCGACCAACGGCTCCGACTACAGCACGATTGCCAGCACCGTGACGATCGGCACCGGCGGCACGGCCACGGTCAACGTGGCCGTGACCGATGACGCTGCGGTCGAAGGCAGCGAGACCGTGGTCCTTGCGGTGAATTCGGGTTCCGGATACACGATAGGCGGAGCAAATTCCGCCACCGTGACCATCGCCGATGACGATACTTCAGGCACGCCGGTGGTGACGATCAGCGCGACCGACAGTTCGGCCGGAGAACCGTCGAACAACGGGACCTTCACGCTCACCGCGTCGCCCGCCCCGTCCAGTTCGATAACCGTCAACCTGAGCCTCGCGGGCACGGCGACCAATGGCGCCGACTACAGCACGATCGCATCCACCGTGACGATCGGCACCGGCGGCACGGCCACCGTTACGGTGGCGGTGATAAACGATTCGTCGGTCGAAGGCACGGAAACCGTGGTGCTCACGGTGAATTCAGGTTCCGGATACGACGTGGGCGGCGCAGACAACGCGACGGTGAACATCGCCGATGACGACTCCGGTTCGTTGCCGCAGATCAACATCAGCACGTCGTCCAGCAGTGCCTCGGAAGGCGGCGGCACCGGCCGGTTTGCCATCACCGCCATGCCGTCGCCGTCTAGCGCGATCACGGTGAACCTGAGCATTGCGGGCACCGCGACCAACGGAGTCGACTACGACACCGTGGCCACCACCGTGACGATAAACCCGGGACTCGGGACGGCGGAAATCGATATCGATGCCATTGACGACTCCGTGACCGAAGGCACCGAATCGGTCGTGCTGACGATAGCCGCCGGTTCGGGATACACGGTCTCCAGTCAACACACAGCGACGGTTACGATCAACGACAACGACTCCTGAAGTCGGTTGGTCGCGCATTACGTTACGACGGCGGCTCCTTTCCCGGGGCCGCCGTTTCGTTGGTCCGGACTCGGCTCGGCCCTCGCGTGCAACGACTTGTCAACCGCGGTCCTTTCGAGCCCGGCGAGTGCCCGTTTGGATGTCCGTCCGCGGTGTTCCGATTCCCCGAAACCCGTTTCCACCCCACACCATACCATGAATCTCCACACCATGACGGACCTCGGGCGCATGCGCACGATGACCTCCGCCGAACTCCGACAAACGTTCCTCGTCGAAGCGCTGTTCCAGCCGGGTGCGATCACCCTGGTTCGCACGGATCTCGACCGGGCGATTGTCGGCTCCGCCGTTCCCGGCGCGCGGGCGTTGACCTTGGAGCCGCCGCCGGAACTGCGGGCGTCGTCGTTCACCGAGCGCCGCGAGTTGGGCGTGCTGAATCTCGGCGGGGCGGGCTCGATCCTGGTCGATGGCGAACGCCATGCGATGGCCGCGCGGGATGCGCTATACGTTGGCCGCGGCGACCATAAGATCGTGTTTGAGTCGGACCGTCCGGATGCAGCGGCTCGCTTTTATTTTGTGAGCTACCCGGCGCATGCGGTCTATCCGACGACGCATGCGAGTTTTGCGGACGCGGCACCGCTCCGCCTCGGGACGTCGGCCGACGCCAACGAGCGCACGATCTACAAATATATCCACGAGGACGGCATCCAAAGCTGCCAACTCATGATGGGCTTCACGTGGCTCGAGGAAGGCAGCGTGTGGAACACCATGCCACCACACTGGCACCTTAGCCGTTCGGAGATTTACCTCTACTTCGATCTCCCGGCCGAGGCCTGCGTGATACACCTGATGGGAGCGCCCGACGAAACCCGGCACCTGATCGTGCGCAACGAACAAGCCGTGCTGTCGCCCCCATGGTCGATCCATTCCGGCGCAGGAACACAGCGCTACGGGTTTGCCTGGGCGATGGGCGGGGAGAACCGGGAATTCGCCGACATGGAAGCCGTGTCCCCCAAAATCCTGCGTTGAAGGATGCCGCATGAAATTACCCCGCCCCGTTCCGGATCAAACTTCACCCGACGTCTCGCATGGCTCTCCGAAAGGTAAACCCAGTCGGGTGCGCTGGCGCATTTGTGCGATGTTGTTTTTCGCGACGACGATCAACTATATCGACCGCCAGATCCTCGGGATACTGAAGCCGGAACTGACACGCGATCTGGGTTGGAGCGAGATCGACTACAGCAACGTCATCTTCGCGTTCCAACTCGCGTATGCCGGTGGCTACCTCTTTGGCGGCCGTCTCATCGACCGGATTGGCGTGCGCCTGGGTTACGCGGCGGCGGTGGCCGGTTGGAGCCTCGCGGCGATGGCCCACGCGGCGGTGCGTTCGGTGGCGGGATTCGGCGTAGTGCGATTTGCGCTCGGTCTGACCGAGGGGGGGAATTTCCCGGCGGCGGTGAAAGCGGTGAGCGAGTGGTTTCCCCGTCGGGAACGCGCCTTGGCCACCGGCATTTTTAATTCCGGCAGCAGTGTTGGTGCGCTGGTGACGCCGTTGGTGGTCCCATGGATTACGGTCCGCTACGGCTGGTCTGTCGCCTTTCTCGCGACCGGGGCGTTGGGCCTTGTTTGGCTGATAGCTTGGTGGTGGATCTATGCTGCCCCCGAGGAGCACCCGAAGGTTTCAGCGGCGGAATTGGCTCTGATCCGGAGCGAACCCAGTGAGCCGACCGCGCGTGTGCCGTGGGGGGAGTTGCTGCGGCACCGGCAAACGTGGGCGTTCATTGCCGGCATGTTCATTGCCGCGCCGGTCTGGTGGTTCTGGTTGTTTTGGGTGCCGGATTTTCTGCACAAGAGCCATGGCCTGAATCTGCTGCAGCTGGGACCGCCGTTGGTGGTGATCTACCTCATGACTGACTTCGGCAGCATCGGGGGCGGCTGGCTGTCCTCGCATTTGATCGGGCGCGGTTGGACGGTGAACGCGGCGCGCAAGACGGCCATGCTGGCGTGCGCGTTGTGTGTCGTGCCGGTGATCATTGCGCCGGTAGTTTCTGACCTTTGGGCCGCTACGTTGCTGATCGGTCTCGCCGCTTCGGCGCATCAAGGCTTTGCCGCGAATCTCTTCACGCTGGTGTCGGACACGGCGCCCCGTCACGCGGTGAGTTCGATCGTGGGCTTAGGCGGTGCGGCGGGGGCGATCGGCGGCATGCTGGTGGCCAAGGTCACCGGCTACGTGTTGGAATGGACGGGCGATTTCCGGCCGTTGTTCGCTGCTGCTGCGGGAGCGTATCTAGTCGCCCTGCTCGTCATCCATCTGCTGAGCCCACGGCTCACGCCGATGAAACTTTCCTCATGACAAACCCTGAATGGCAGACGGATTTGGAACTGTTCGCGTTGGTGCAACGCGAACTCTACACGCCGGTGGTGGGCGACATCTTGGATGCGCTGGGCCGCTACCACCAGTTTCTCCCCCAACCAGTGCAGCCGATGGTCGAGAGCATGACAGTGGTCGGACGGGCGATGCCGGCGTTGATGATCGACGTGCACGGACCGCAGGAAAAGCCGTTCGGCTTGCTCACGGAAGCACTCGACGATCTACGTCCCGGCGAAGTCTATCTCGGGGCTGGCGGAGCGATGCGATGCGCCTATTGGGGCGAGCTACTCACCGCTGCCGCTCGGACACGAGGGGCCGTGGGCGCGGTCGTTGACGGCTTCCATCGGGACACGCCGCAGGTGCGGGAGCAACAGTGGCCCGTGTTCAGTCGGGGAC
NZ_CP119075.1_gap115	5299826	5303590	3764	CTGCCAACTGCGTGGCCCGATCGGTGACTACTGGGGCCGGGGTAATGGATGGATGGTGGCCAGTTTGACCGAGGGCCTGTCGTGGTTGCCGCCCGACCATAGCTTGCGCGAATCAGCAGAGAGGATCTTCCAAGCGACGATGCAACGGGCGTTGAGTTTGAAAACCGCAGACGGTCGGCTCCGCGTAATGCCGCTGGTCGACGATGCCTACCCCGAGAGCACCTGTTCCGCGCTGTTTGGTTTTGCGGCGTTGCGGGGTTTCCGCCGTGGTTTGCTCCCGCGCGCGTTTCTTGATTGGGGCCTGCAACTTTCGAAGACGATGGGCGATCTGATTAGCGAAGACGGCCGCGTCGCCAATTGCTCCCATAGTGCGAATCCGGATTCGATGGAGGCTTACCTGCAACGACCCTGCGAGCAGTCCTTGTATGCCGATGGGATCATGCTGGCGTTTCTGGCGGAGGCGATCATCGCGATCCAATCGTCGGGAAAGTCTGCTCCAGTTTCCGCTGTATCTGACTAGACGATTTTATTTTTTCAAGCCGTCGAACTCTTCAGCCAATCCCTTACCATTCTCACCCTGAGACAACCCATGCTATAACCCCCCTCCGTGCCCCTCACCTGACTCAATCAGGCGCTCGAGTCGGACCGACGGCCTTGACCACGTATTCCCGCCATTCATGCTTCGTCCACGAATGGCATCGGTGCCTCCCGTAACGCCCATTCCGGTTTCGCTCAGCGCAACCCTGCTTTCGCAACGTTCGACCAACCCCTCTCGAAATGGCCACTGCCCCACGTTCCGTTTCCATACCGCTCCCGGAATCCTCGGATGTCCCGTCGGAAGGTTCCAGCACCACCATGCAGGACATTGCCGAACAAGCGGGTGTTTCGCTGAGCACCGTGTCGCGGGCGTTGCATGATAATCCCCGGATCGGAGTCCGCACGCGCGACCGTATCCATCGGATCGCGGCGGATCTCGGCTACCGACCGAACCCGATGGTGGCGGCATTGATGAAACAATTGCGGACGAATCGGCCGGTCGCGCCCGTTTGCAACTTGGCTTGGCTGGACTTCTACGAGGACCCCGAGGCGTGGAAGCAGTCCGCCGTGCAGCGGGGGTTCTACGCCGGCGCGCTGGCCCGCGCCCGAGCGCGCAATTATTCGCTGGAACGCATTCAGGTCTGCGCCCCCGGGATGACACCATCCCGCCTGAATCACATCCTCGAAAGCCGCGGTATTCGGGCGGTGCTTATGTCGTGGATGCGTGACTCCGACGGGATTAGCAGTTGCCTCCCGTTTGATTTGAATCGGTTTGCCGTGATCTCCGTGGGCACGCGCTATCAACGTCCGGACCTGTCGTATGCCAGTGACGACCAATACATCAGCAGCTGCTTGGCCATCCGCCGGCTTTGGGAGCTCGGATACCGTCGGATCGGTTATGTCGGAGAACCTGGGATTGAGCGGATCGTGGAAAACCGTTTCAGCGCGGGCTATCTCACGACGCTGACCATCGAGTTGGGGGGCACCACCCTCCCGCCTTTGTTCACCTTCGACGATGTTGACGTGGTGGAGTGGTGGCACCGGTTTCGTCCGGATGCGATTCTGACCTCCAATCGGCTCGTGCTGCGCAATTTGCGGCAGCATGGCATCCGAGTCCCGGAAGATGTGGGATTGGCTCATCTCAACATCGAAGATTGTGCGGATTACGCGCCGGCCGAATTGGCCGGGATCAAGCAGGACAACGAGCGGGTGGGAGAGGGGGCGGTCGATTTTTTGATCAGCCAGATATCCACCAACGCCGTCGGTCCGCCCGAGATCCCGCGCGGTGTGTTGACTCCGAGTCTTTGGGTGGAGGGACCAACGGTGAGGCAGGTGACTGTCGCCGCGAGCGATCAATCCCCGTAGATGATCCCGCACGAATGTCGCGGGGCCTCGCTGGAAATCCACCGCCGCGAATGCCTGCCATGCAACGAATCGCACAGCGGTTCCCTTGCCGTGAGTCGGTTTTAACCCCGCCCTGAAATGGTTCCCATGGCATTTTCAAACCTTTCGGCCGACGGCATTGCGCTTGGTGGGTGGGATTCCTGGTCCAGCCGATTGGCGGGCTGGGTCCGACCGGTCCGATTCATATCGTTGATGGTTTTAGTCTCGCTTCGAGGGATCGCGGCCGGGGAGCCACCGGCGGCGGATGAGGTCAGAGCCGCACTCGACCGGGCGGTGACCTATTTTAACTCGATCTCCACCGCAGGCGGATATTTGTGGGAATACTCCAGCGACCTGACGGAGCGTTTCGGCGAAGAACCCGCCACCTCTTCGCAGATTTGGGTGCAGCCGCCGGGAACACCGTCGGTTGGGCAGGCCTTGCTCCTCGCCTACGCCGCGACCGGGAATCAGTCGCATCTCGAGGCGGCGCGTGCGGCCGCTCTGGCCCTGACTCACGGCCAGCTCGAATCCGGGGGGTGGGATTACTTGATCGAGTTCGACCCCGCGAAACGCTCGCAATGGTGCTACCGTGATGAGGTGGGGACGGCCGCGTTTTCGGACGATGAGCGGACGAATGTTTCGAATTACGACGACGATAATACGCAGAGTGTGCTGCGCTTCTTTCTGGCATTTGTTGATGCCGCCCGATCCGCGCCCAGTCCGCGCGACGAAGCGATTCGTGACGCGCTGGAATATGGGCTGAAAAAATTGCAGGAGGCCCAATTTGCGAATGGCGCATGGTCGCAGCGTTGGGACGGTCGTCCCCACGATCCCGCCCGCTACCCGATCCTGCCGGCAAGCCTGCCCGAAAACTATCCTCGCGAGTTTCCTTCTCCCGACTACTTCGATTTCTACACCTTCAACGATAACACCATTCGCGACGCCCTCATGCTCATGTTGGATGCCCGGCGTAGAACGGGTCGGGTGGAATTTCGTGAATCCGCCAGGCGGGCGGCGGATTTTATAGTGCTGGCGCAGCTGCCGGAGCCGCAGCCGGGCTGGGCGCAGCAATATGACGCGGCCATGCACCCCGCGTGGGCGCGGGCGTTCGAACCGCCGGCCGTCAGTTCCTTCGAGAGCGCGGGGGTGGTGCGCTTGTTGTTGGATCTGCATCGCGAGTTTTCCGACCCGCGCTTTATGGAGGCGGCGGGTCGCGCCGTCGCGTGGTTCCGGCGATCGGCGATCAGGGAGAATCGCTGGGCGCGCTATTACGAACTGCACACCAACCGCCCCATCTATGGGGATTGGGACGGTCGGATTCACTACACGTTGGCCGAGTTGAGCGCGGAGCGGCAGACGGGTTATTATTGGGAGGAAGCATTCGGTATCGCCGACACGATCGCCGCATATGAAGCGGCGGTGGCCGCCTCGAGCGACGCCGCCGGGGCGGAGCCATGGACGCCAAAGGATCGGCCGAAAACGGAGCACGGAATCGAGTCGATCGATGAGGATCAGCTGGCCGCCCGTGCTCGCGATGCGCTGGACGCAATGGATTCCGCTGGTCGTTGGCTGGAACCCGACGGCGGGCGGTTCACGACTGAGCGCTTCATCGCGAACGTGCAACTGTTGTCGGAATTTCTGATTCGCACTCAGAACCCCCGTCCGAAGCCGTCGACTGAATGATGCGACGGCCGCCGCAATTTTTCCAACGCCTCTCTCAACTATGATATTCGAACATTTTGCACTCAACGTGCCCGAACCGCGCGGGATGGCGCAGTGGTATGTTACTCATTTCGGTTGGCAGGTCGTGCGCGACCTCGGGGGGCCGACTCATACCCTTTTCC
NZ_CP119075.1_gap116	5321735	5323147	1412	CGCAGGATGATCCGGCGGGGGCATTGGACGTTCTGAGCGAGGGTTTGATCGGGATCGATGGCGCCAGCGAGTGGCGGGTCGAGCTCACCGCCGTGATGGCGTCGGCGTATCGAGAAACCGGCGACGATGATATCGCCGCCGGCATCGAACGCGATCTGCGTCGCCTTTATCCTGACTCCCGCTGGCTGCCACATTCCCCTGATTGATGATGCCATGAATACCTCCCCGCCTCCTTGGATGACTTATACGCGCTGGCTGCTGCTGCTCGGTCTCGTGCCAGTGTTTTTGCATGCGCAGGAAACCGCTACATCAGCGGCGACCGCGAGCGGTGGTGACGTGAGTCTCGGCCAACTCTGGGCGCAGGGTGGTTGGGCGATGTATCCGCTGGCGTTCTTCTCGGTGGCGGCGTTTGGCCTGATTCTTTACAACGCTCTCAGCGTGCGCGAAGGCCCGTTGTTGCGCCCGGACGTGTCGGACCAGTTGCACGAGCTTTTGGCTAAGGGCGATGTCTCGGCGGCCCAAACCGTCTGCGAGGAAAACCCTTGTTTGGTCGCCAATGTCACGCGGGCCGGCTTGGTGCGGGTGAAGCCCGGCGATTACGACGCCGAGGCGGTGGAGAAGGGCATGGAGGAAGCCTCGGTCGAGGAGATCGCCGGACCGTTTGGGGTGATCAGCTACCTGTCAATTTTGGCGACACTGGCACCGATGGTCGGCATGCTCGGCACGGTTTCGGGTATGATCAAAGCGTTCCGCAACATCGCACTCGGGGGCATGGGTAAACCGGAGCTGTTGGCCGACAATATATCGGAGGCGCTCATTACCACGGCGGTCGGATTGGTCGTGGGTATCCCGGCGATGTTCGCGTTCTTCTTTTTCAAGAATCGCTACGCGCGACTGACCTCGCGGCTGGCGCGAATTTGCGGCGATCTGCATCACGCGCTGACGCATGCGATGCGCCAGAAAGCCCAGCCCTGAGCGGTTACGACGATGAAGCTCTCCACGATCGGCACCGACGACGCGCGTTTCGATATGACGCCGATGATGGACATCGTGTTTCAGTTGATCGCGTTCTTCATGATCGTCGCGACTTACGTGACGCGCGAAAAAGTGGAGGTGGATTTGCCCTTGGCCGTGAATGCGGCGATCGCGGAAAACCAGCAGGACCGGGCGCTCATTTCGATCTCGATTGATGGGCAAGTGTGGGCGGGTTCGCGGTCGGTTTCGCTCGACGAACTCGCGACCACGGTGAGCACGTGGATTGCGGACAACGGCGAAACCAAGATCGTGATCCGCGCCGACCGCTCCAACAGCTACGGATTGGTCAAGCAGGTCATGAAGATCTGCCGCGATGCCGGTATCGCCGACATTATCTTCTCCTCCTTCCAAACGGAGGGCGGCGGATGAACCTGAGG
NZ_CP119075.1_gap117	5325048	5327172	2124	CCAGACCAACTGAGGCGGGGTGGCCCACTAAATCACACGAAAAACACGAAAACCGTCCGGAGTAAGCGCTCGCCGATTTTTCAACGTAAAGGCGCGAAGAACGCAAAGGATGATCCATCATGGCGCACTTGGTGGCTCGGAGTCTTTGCGTTAAAACGCTCTCTTCCGTGCGTATGTATTTCGTGTATTTCGTGGTTTGAAAACGAATACGGGGCAAACCGGCTGAAACGAGGTTGACCACGAAAAACACGAATTACACGAAAGCCGTCCGAAGGCGGGGCGATGAATTTTGTTCACCGCAAAGGCGCAGAGGTCGCAGAGCTTGATCCCCCATCACGGCGCACCTGATGGCTCGGCATCATTGCGTTAAAATCCAATCACCAATGTTTGCTGGGTTCGTGTATTTTAGGGTGATTTATTGGACAAAAATCAGTGGCGACGGGGGCGTTGTTGCGTAGGGTATGCGTCTATGCCCACTGTTACGAAACTCCTGCACACGCGGATGCGTGTGAACGATATTGAAGCCACGGTGAAGTTCTACACCGAGGCGCTCGGCCTGACCGAGTCACGTCGTCATACCTCGCCGCGCGGCGCGCAACTCGTGTTTTTGCAAACGCCCAACAGCGAAGAAGAAATCGAGATCTGCCAGATGCCCCCCGGCGCCGAGCCCGTGGTCGTGCAACCCGACCTCATGCACCTGGCCTTCCAAGTTGACGACCTGGAAGCCTTCGCCGCCGAGGCGAAAGCCAAAGGCTACGAACTGAGCGACGGCCCGACCAAAAGCGGCAGCGGCATGATCGCGTTTTTCGATGCGCCGGAAGGCTATGAAGTCGAATTGATCCAGCGCGACAAAGCCTGATCAAACCGACACTGCAACGGGCGCGCCTGTCACAGGCAGGCGCGTCGGCGTTGCGGGAAACGTGAGATGCTTAGTGGTGACGGAGATGCCGATTCTCGAAATTGTCCTCCCACCGTTGGGTATCGATGTGCAGGAGGTCGTAGAGCAGGGAGTGACCGATGATACCGCTGACAATGGGAATCATCCCCAGGAGGCCCCACCAGCCGAGGCCGTGGAGGGAGAGGTCGAGGATGAGCAAGCCGAGTAAGAACCGGGCACCGGCGTCGTAGGATCCGATATTGGTTTTCATGTTCGTGTGGGGTTGAGGCCAATAATCTACCACCAACCGCCCCCTCCCGCTGCGCATGATTTGCCCAAGCCTGCGCATGGGTTTGGGTCAGAAATTAGTTCGAGACAGGGAGGTTTGCAATCCGCGCCCCCGCGAAGGGGGCGACGACGAGGAGCGCGCCGGCCTGGGTGGCGGCATTGGGTTTCAATCCGCGCGCCCGTGAAGGGCGCGACCGCAGACCTCCATGGGGTCCGAGGCCATGGTGATTGTTTCAATCCGCGCGCCCGTGAAGGGCGCGACGCGCCACCGCCGCCGGTCGCATGGCCTTTTACGTTTCAATCCGCGCGCCCGTGAAGGGCGCGACATGAAGTGTGCCGGTATCACGTCGAATCATGGGGTTTCAATCCGCGCGCCCGTGAAGGGCGCGACACGCATCGACGCAGAGCGCGAAAAGCTCGTTGCAGTTTCAATCCGCGCGCCCGTGAAGGGCGCGACGCCCAGAACGCGGAGAAAGAGTTGGCGTTTCGGGAGTTTCAATCCGCGCGCCCGTGAAGGGCGCGACGGTTTCCCGTTCCTTGATGCGGCGGCACTCATTGTTTCAATCCGCGCGCCCGTGAAGGGCGCGACCAACCCGGGCGGTTCAACCGGCGGGGTTCGACAGTTTCAATCCGCGCGCCCGTGAAGGGCGCGACGATTCCAACGCGGGCGGCAGCGGCGATTGCTGTTTCAATCCGCGCGCCCGTGAAGGGCGCGACGGGCGAGGGATTCAATTTCCCTTCCCGCTTCCAGTTTCAATCCGCGCGCCCGTGAAGGGCGCGACCGCCATATTATTGTTTCCGGGTCCAGTTGCGGTTTCAATCCGCGCGCCCGTGAAGGGCGCGACCCCTCCACGGCCGCGACCTCGCCCCCTGGGACGTTTCAATCCGCGCGCCCGTGAAGGGCGCGACGCATCGCGCCTCGGGGGTAAGTGGCTTTAGGCATGTTTCAATCCGCGCGC
NZ_CP119075.1_gap118	5346556	5348471	1915	GTGCGCATCGAGGAGATGATCAACGCTTTCAGTTACAACTATCCGGCCCCGGCGATGGGCAGCGATGCGCCGTTTGCGGCCAGCTTGGAAGTCGCCTCCGCGCCGTGGGCACCGGAACATCGCCTCGTGCGCATCGGGCTCAAGGGTCGCGATATTGCCGCGGGCCAGCGGGCTCCGGCGAATCTAGTGTTTCTGTTGGATGTCTCCGGGTCGATGCGAGCCGAGAACAAGTTGCCCCTGGTCAAAGAGGCGATGCGTCTGCTCGTCGGACAGTTGCAGGCGGACGACCGGGTGGCGATCGTGACTTACGCCGGGACTTCGGGACTGGCGTTGCCCTCGACGCCGGCCACGCAACGCCGCGCCATCATCGCCGCACTGGACCGTTTGCAACCAGCCGGGGGCACCAACGGCGCGATGGGAATCCACCTCGCCTACGACATCGCGAAGGCCAACTTCGTGACCGGCGGCATCAACCGCGTGATCCTGTGCACCGACGGTGATTTCAACGTCGGCCCGTCCGGGCAGGGCGATCTCGGGCGGCTCATCACGGAGAAGGCGGAATCGGACGTGTTTCTCACGACGCTCGGGTTTGGCATGGGCAATTATCAGGATCAAACGCTGGAGCGTCTCGCCGACATGGGCAACGGCAGCTACGGCTATATCGACTCGCCCAAGGAAGCACGCCGCCTGCTGGTCGAGCAAGTCAACGGCACGCTCGCGACCATCGCCAAGGACGTGAAAATCCAGGTCGAATTCAATCCGGCGCTGGTCGAATCGTATCGGCTTATTGGTTACGAAAATCGCGCCTTGGCGAAGGAGGACTTTGCCAACGATCAAGTCGACGCCGGCGAGATCGGCGCGGGTCATACCGTGACCGCCCTTTACGAAATCGTGCCGGTGGGCGGAGCGGCGGCGCGCGGGTCCGCGGCGGTCTCGGACGACCTGCGTTATCAAACGGTGGCCCGATCCCTGGCGAGCGAAGTCAGCCATGAGTTGCTCACGGTGAAAGTGCGCGCCAAGGCACCCGATCAGGATGCCAGTCGTCGGTGGGATTTCCCCCTGGTGGATCAAGGGGCGGCGTTTGCCACGGCTTCGGCCGATTTCAAATTTGCCACCGCCGTGGCGGGCTTCGGCATGGTGTTGCGCGACTCAACCTTTCTGGGGGCGACGACATTGCGCCGCGTGCTGGATTGGGGTGAGGCGGGCATGGATTACGATCCGGCCGGTTACCGCGCCGAGTTCATCGAACTGGTTCGCCGCGCGGAAGTGCTGCAGCGACAGGGGTAGGCGGAGGGTAGCCGATGGGGCGAACGTTACCGTGCAATACCTGAACGGTTTCCTCGGAGGGACCGGTTCCACCCGGTCCGCGTTGCCTCTGGGGCGAGCTGGCGGAGAGGCAGGTGCGGACGACGTGGAAGTCGTCCCTCCGGGTTATTCCGCGTCGTCGACGGCGTGGATGTGGGCGCCTTCGGAGCGGCCCTTGACGCCGACGACTCCGAGGTCGCGGGTGCGGAACTTCAGGTCGGGTCCCGCCGCCTGCAGCGTGGCTTCACTTACGATGAGATCGGTGGCAAAGGCCGGGTTGCGGGTGAGGGATTGCAGCCGACTGGCGAGGTTTACGCCGTCGCCGATCACCGAGTAGTTCAGTCGGCGATGCGAACCGATGTTTCCCGCAATCACGGGCGCGGTGTTGATGCCGATGCCGAAGGCGAGCGGGGCATGGCCTTCGGATTGCAACTCGGTGTTGAGTTCGGTGAGGGCGCGGCGCATCGCGAGAGCGGCGTCCACCGCGCGTCGGGCCGCGTCATCGCCCGTCACGGGAGCGCCGAAGAGGGCCATGATTTCGTCGCCGATGAACTTGTCGATGACGCCGCCGGCCGACTCGATGGCCTGGCTCATGCGGTCGAGATAGCGG
NZ_CP119075.1_gap119	5513669	5514976	1307	CCCGACTTGAGCCGGGACCTGTCGCGGGAAGCGATATTGTTTCCGACCCATCGCGTGACGACCGATCGCAGCCAAGTTGCGCCCGGCGAGCGCACGCACGAAGTCTTTTTCACGTTGAAAGGCGATGCGGTTTGGGGCGGCGGGAATTACACGCAACGGTCGGCTTTGCTCGACCAGGCTCCGGCGAGTCTCCCGGTGGCGGAAGGCGAACCGACGCCGGAACGGTGGTTTTATTATCCTACCCCGGATGACGACGATGAGCCGGGGAACTTGAACAACAACGTTTTGGCGGAACTGGTGCGAGGTATCTTCAAGGGCCGGGGCGGAACGGACGCGGCCGAAAGTCTGCCCCAGTTGCTGCTGTTGGAGGAACTGGCTGAAACGACGGGATCGGAAATACGTTACCGTGCCGCAACGTCCTTCGAGTCGTTGTGGAGGGGGGAGCCGGCGCGCACGTTTTTTGGCGGTGAGAATCAGCCCAAATCCTATTTCGACATCGATGCGGTCAATGCGCATGAAATTTTGGATACATTCGCGCAGGAAGTCAGCGATCTGCGCACCGCGCTGCATGCGCAAGCGGTTGACGAATTGAATGCGTTGGCGGCCGGAATTGAAGAGCAGCGTGAGGCGGGACGGATGCTGCGTGATCAGTTTTGGCGTCAGGTAAACGAGGAAGGTTTCGTCATCGCGCAGGGGAGTGGAGCGGACGATTTACTCATTACCTTCGAAGGCCAAAACACCGGGGAAATGCGGTGTGTGGTGGTGGCGCTCGGGGGTGAATTCGAGTCGGTCACCTACCGCTTGGATGTGGGGCTGGAAGACTATTTCGTGCCCGATGTGCTTCGTTCCCGCGCAGCGTATGATCGCTTGTTTGCGCTGTCCGTGCCGCTGGGCGTTTCACCCGGTATATCCCGGCGGTTCCCCCTCACGCCCGCGGAGCGGTCACCGGTGCGCTTGCAAGCCATGGAGTCGTCGGCTCGCCCCAGGGGCGATTCCGGGTCCGCTGTCGTCGGGGGAGACGCCATGCCGCTGGCGATGGAGTTGACCGTGACCGCCGCCGAGCCCCGCGTGCGCCTGGGCACGACCGATGGGAGTTATCAGCTCGAATTGGGGGTGGATCGGTCGCGATATTTGTCCCGGCTGAAGGCGGCGCTGGAGACTTTGGCGGCACTGAAATCCCAACACCGCGAGCAGGTGGACGGATTGGATGAGAAACGCCAGGAGTTGCTGGGCCCCATCGGCACCGAGGCCATTTTGGCCGGCACGTTCACGCCCAAACAGGGGGCCGCGGCGCAAGCGGTGTTGAT
NZ_CP119075.1_gap120	5516267	5518192	1925	TTGGTCACCACGGGACCGGTGGTGGTCGAAGGTTCGGCCTTTCCCTTCCAAGTCACCTCCAATAATTGATATCATGAATGACGAAACGAACTCCGGCGGCGATGGATCCGATCATTCCGACGACCCGCAAATGGGGGCTACGCTCACCACGCTGACCAAAATCTATAATTGGGTCGAAAACACCCACCTCATGCCCACGCGGCTTATCGCGTGGACGGCGTTTGTGAGTATGGTCGCAGCTCTCTATTTCTTTAGTCCGGTGCTTTCGCTGTTTGTGTTGCTGTTCTGCATCACGCGCGTGAACCGGGCCGGGGTGGCCATCGAGGTGCTCGGGACCCAGCTCTTCAAGAAAACCTGGGTGTCGATTTTGTGGGTGGTGATGCCGTTCACCTATGCGTTGTATTTTCTGGTGGTGATGAAGCCGTTCGAGGTCGACCTCGCGAGCATCAACCTGCGGCCTCAAAACCCCGAGGTGGCGGACTATGTTAACTGCATGGCCGGATTCCTCGTGGGGCTGGTGGTGATGGTGAGATATCGACGGGTGCGGTCGCGCATCGACCGCGTCCTGGTCCAGGAGTGATTCTCCGGCCGCCTCCGCTGAGGCATGGCTCAGGTGAAGATGATTTGGCCGCCGGCGGCCAGTTCGTAGAAATCGCCCACGGTGAGAACCTTTTCCATCTGGGGCACGAAGTCGTCGGGCGTGAGGTGGAACATGTCGACGGTGGCTTTGCAGGCGTAGAGGTGCCCGCCGGCGTCGGAGATCATTTCGACGAATTCACCAATGGGCGGGATGTCGAGCGCTTCCATTTCCTTTTGCATCATCGACGTCGCAAAGGCGGACATGCCGGGGATGGCCCCGAGCAGGGTCGGGAGCTGGAATCCCTTGGCGCTGGGCACGCGCATGGCGGAGTTGCCGACGGTGGCGATGCGGATCTTGTCCTGGTAGTCCTTCATGACGCCGTATAGGCCGAAGAAGGTGAAGAAGAGGTTGGCTTCGATGCCTTCCATGCGGGCACCGTTGGCCATGATGAGACCGGGGTAGATCCCGTCGAGGGAGCCCTTGGAGATGACGATGGAAACCTTGGTGATCGGTTCGGGAGAGGGGGGCGGGTTGCTCATGACGTGAGAGGGGAAGAAGGTGGTGATGGAGGAGTGGATTCGAGATGCGGATCAAGTGACCCTATTCCGAATTACAAGGGTCAGGGGGGAATGGAGGCGGTGTATCTTGATACTTGATACATAAAACTTGTCCCTTGCGGCATCCAGGCGCGGCTATGCCGCGTCTAGATGCAGCCGACGGGTTTCTTGATACCGGCAATGCGAGCGGCTTTTTTGGCGGGGCCGCCGGGGAAGAGCGCGTAGAGCTCCTTGGTGGGCACGCCGCTTTCCTTGGTGAGGCGACGGATCGAGGGGCCGGTGCCTTTGGCTTCGAACTCCTGGCGCATGAAGTTGAGCACAATGACGTGGCGGTCGGTGAGCTCGGGAATGCCGTCCTTGGCGGCGAGTTCCTTGGCGATGTCGAGGTTCCAGGCCTGGTAGTCGGTCATGAAACCTTCGTCGTCGAGTTCAATGGTGGTATTGGCGAGGGTGGCAGTGGGCATGGCGGGTATGGGTTGAGGGAGAGCGGATGGCGGGGAGCGCGAGCGAGCTCGCGGCCTACGGGTGATTGTTTACGATTTAGGAGGGGGTGGCTGGTGGGCGCTGAGGTTGCGCAGGAAGACAATCATGAACCCGATGCCGCGTCGCATCTCGGGTTTGTTGATCTCGCGGAAGGCCCTGAACGGGGAGTATTCCTCGACCGTATTGAAATCGATTTTGCGGTAGATCTCCAAGGCGTTGTCGACAGCATCGAGCATCTCGGGCTGGGTGAGGTTTTTCACCGTGTGCAGGATGGTGGTGGCGTTGTCGGCGAGTTGACGAACGTC
NZ_CP119075.1_gap121	5557827	5562622	4795	GCTCGCGTATGGCGGCCATCGCTTCGAGGTCTCGCACGAATGGTTCGCCTTTGGTGACTTCAGTCTGTCTCTCGGCATCAAGTTCGACGACCTCGCCGCCCTCATGCTCGCGATGGTCGGTGTCGTCGGTTTCTGTATCCACGTTTTCTCGCTCGGCTACATGCACGACGACCAGGCCAAGGCCCGGTTCTTTGGCGGTCTGTCGATCTTCATGTTCTCCATGCTGGGCATCGTGCTCGCGGACAACTTGTTCATGATGTTCGTATTTTGGGAGCTCGTGGGCTTCAGCTCCTACCTGCTCATCAACCACTACTGCCACAAGCAGTCCGCAGCTGATGCCTCGAAGAAGGCGTTCATCGTCAACCGCATTGGCGACTTCGGATTCCTGATCGGCATCCTGATGTGCTACTACGCTTTCGGCACGGTCAACCTGAGCGAGATCGCGACGGAAGTCGCCGGTGGCGCCATGTTGTCCGCCGCGATTCCGTTGCTTCTGTTCTGCGGTGCGCTCGGCAAATCGGCCCAGATGCCGCTGCACGTATGGTTGCCCGACGCGATGGAAGGCCCGACGCCCGTTTCCGCTTTGATCCACGCGGCCACCATGGTCGCTGCCGGTATCTACATGCTATGCCGCATCGAAGTCCTCATGGTTGCCGATGCCCTCAACGTCATCATGTGGATCGGCACGATCACCGCGCTTTACGCGGCGCTGTGTGCGATCGTGCAGAGCGACATCAAGAAGGTGCTGGCCTATTCCACGCTGTCACAACTCGGCTACATGGTCGCGGCGTTTGGCCTAGGTTCGCTGGTGGTCGAACACGACGGACATGAAATGATGATCGCGGCCGGTGTCGGCGCGGCGATGTTCCATCTCATCACGCACGCCTGTTTCAAGGCGCTGCTGTTCCTCGGTTCCGGTTCGGTCATCCACGGCTGCCATCACGAGCAGAATATTTTCAAGATGGGCGGTCTGGCGAAGAAGATGAAGATCACCTTCGTGACCATGACGATCGGGGTGCTGGCCATCGTCGGCATGCCGTTCTTTTCCGGGTTCTATTCCAAGGATGCGATTCTCCATCTCGCGCAGGCGAAGAGTCCGAACGTGTTTGGGGTTTTGGTTTTCACGGCCGTGCTGACGTCGTTCTACATGGTGCGCATGTGGTGGATCACCTTCTTTGGTGAAGCCCGCAGCGAGGAATCCAAGACGGCGCACGAAAGTGGGCTCGCGATGACGGTGCCGCTGATCGTGTTGGCGGTCCTCGCGATTGTTGCTGGTCAAACTCACGGCCCGCTCAGTCCTTATGGTCATCACTTTGACGGCGTGTGGTCGCAAATTCCGCACGCGGAAGGCATCAGCGTTTACGTGATGAGCCTGGCGATCCTCGGCATCGGCGCAGGGTTGGCGTTCGCGCTCTACAAGCCGTCGGCGTCCGACGGACTCGCGACCAAGTCACCGGCACTTTTCACTGGTCTGACTGCCGTGAAGGAATCCTTCGACGTGGCTTACAATTACTACGTGACCAAGATCCAGGATCGGTTCGCGATGCTGTTGAACTTCCTCGAGCAGATTCTACTCGCCGGTCTCATCGTTCGTGGTCTGGCGGGCTTCGTGGGCCTCTTCGGCATCGGCGCGCGCGCGCTGCATGTGGGTAGTCTGCACGCTTACGTTTATTGGTTCTTACTCGGAGTGATCATGCTCTGGGGCTTCGCGGGAGGTCTTTTCTGATGCAAAGTTTCGATATTCTACTTTTTGCGATCGTTTCACCGCTGGCTTTGGCGCTGGCGATGGCGTTGGGCCTGCCGCAAACGCTGGCCAAGAAACTTGCTTACGTGGCGTTTGCGATTCCCGCCCTGGCGGGATTGTGCGCGTGGTATCGCTTCGGCGGCGCTCCCACGGAAGGCACCTATGCGTTTCTCACCACCTACGACACAGGCTTGGGCGCTTTGGGCATCAACCTGACCCTTGGTCTGAATGGCATCTCGCTGCCCTTGTTCGTGATGGCGGGCATCGTCGGTCTGGCGGCCGGACTCTACGCGCTGCAATCCGCGGCGGAACGGTTGAACACCTACCTCATGCTCCTGCTCATCATGCAGGGCGGCTTGATGGGGGTGTTCGCCAGCGTGGACGTGTTCTACTTCTACTTCTTTCACGAACTCGCGCTCATCCCTACCTTCATCATGGTCGGCATCTGGGGCGGACGTGACCGCAACTACGCGGCGATGAAGCTCACGATCTACCTGACGATCGGCGCGATGCTTTCGCTGATCGGTTTGATTGCGATTTACTATAAATCGGGCGCGGAGACGTTCGACATGATCGCACTGCGTGACGCCGTGGCCGCGCAGGGGCTTTCGACCGTCGCTCAGCAAAACATCTTCGGGCTGTTGATGTTTGGCTTCGGTATTCTGGTTTCACTCTGGCCGCTGCACACGTGGGCGCCGCTCGGTTACGGGGCGGCACCGAGCTCGGTGGCGATGCTCCATGCGGGCGTGCTCAAGAAGTTTGGTCTCTACGGTCTGATCCAAGTCGCGCTGCCGTTGTTGCCGCAGGGGGCCAGCCATTGGGCGCTGATCCTCGCGACATTGGGTGTGGTCGGCAACGTGCTCATCGTGGGCATCATCGCGATCGCCCAACGCGACCTGAAGCAACTCGTCGGTTACAGCTCGGTCATGCACATGGGTTACGCGTTTCTCGGCGTGGCTTGTTTGTCGGTCGTCGGCGCCGGTGGCGTGGTCTTCATGATGGTTGCCCACGGTTTTTCCGCCGCGCTGCTCTTCCTGCTTTCGACCAGCATTTATCACCGCACCCAGACCTTCGACCTCGATGAGATGGGTGGGTTGGTGAAACACGCTCCGGTGCTCTCCGCGTTTTTCGTGGCGGCGACCTTGGCCAGCATCGGTCTGCCGGGCTTCGCCAACTTCTGGGGCGAGCTCACCATCTTCGTCGCGGCCTGGGCCAAGTTCAAATGGCTCACCGTGATCGCCATCGGTGGCGTCATCATCTCGGCCATCTACGGTCTGCGCGCTGCGGCCAAAGTATTCTTCGGCCCCTCCACCGAAGCCTTTGACAAAGTGCTCGCGGAAAAGCCCGCCACCGATCTCACGTGGGCGGAAAAGGTCCCCGCACTCCTGTTGTTGATCGCGTTGCTCGTGTTCGGTTTCTGGCCGAAGGCGATGTCCACCGCCATCAACGATTCGATTTCTGAAATCTATCCCGCGGCTCAAGCGATCGTCCCGATGGACGTTGCCAGCAACTGATCACCGCCCAGCTTTTTCGTCCCGCGATGTCTACTGAACTTCTGCAACAAGCCGCCGCTTCCAACCAATGGTCCGCCATTGCGCCCGAACTCATGGTGGGCTGTCTCGCGTTGCTGCTCCTCATCCTCGAAATCACATTGCCCAAGCGGCTCTACAACGTGATCCCGTCCATCTCGATCGCCGGCTTGCTCGGCATCGTGGGCGCATTCGTGATCAACTACGGCACGGCTCCCATCGGCGCGGTGACGTTTAACGGCCTGATCAAGCACACCGGTCTCGGCCAGTTCATGCGGCTGTTTTTCCTGCTGGCCGCTGTGGGTGTGAGTATTCTCGGCGCGGTCGCGTTGCGCCGCCAGAAGATGCCCAAGGTCGAGTTTTTTGCGATCACCCTGGTGGTGGCGGGCGCGATGATGCTGCTTTCGCAAGTGAACCATTTTGTGATGCTCTTCGTCGCCCTCGAAACGGTCACGGTCGGCTTCTACATTCTGGTCAGTTACACGCGCACGAACCCGCTCTCGCTCGAGGCCGGTTTGAAATACCTGATCATGGGCGCGTTGAGCTCGGGCATTTTGCTTTTCGGTATTGTGCTGCTTTATGGCGTGGCGGGTAACCCGGCCTTTGTCGGTCACACCGCCGACTCAATGAACTTCGACGCGCTGCGCGCCTTCCTCTACGCCAATCCCAACAATCTGCTGGCCTCGATCGGCATCGTGTTGGTGATCTCGGGCGTCGCGTTCAAGATCGGCGCGGTGCCGTTCCAGATCTGGATCCCGGACGTTTACCAAGGTGCGCCGACGCCGGTGACCGCGTTTCTCGCCGTCGGCTCGAAGGCGGCGGGTTTCGCGCTGCTGCTCATCCTCGTTTCCGTGTTTGGTGGTTACGAAGGGTTGGTCGTCAAGGTCCTCTCCGTGATGGCCATGGTCACGATCATCTTTGGCAACATCGCCGCGCTGACCCAGCACAACGTCAAACGTCTCATCGGTCTCTCCGGTGTATCACACGCGGGTTACCTGATGATCGGCGTGATCGCAGCCACCCAAGTGTCGTTCGCCGTCGGCGCGATCTGCTTCTATCTCTTTGCCTACATGTTGGGCTCGTTCGCGGTGTTTGGCGTCATGACCCACGTGTCGGGTGACGACGATGCCGACCAGGATCTCGATCATTACTCCGATCTCGCCAAGACGCATCCGTTCCTCGGGGCAGTGCTGGGTGTGGGACTGGGCTCGTTGGCAGGCATCCCGCCGCTGGCTGGTTTCATGGGCAAATTGCTCGTGTTCATGGCCGCGTTCGAAGCGGGTCTGTATCCCCTGCTCGGAGTCGCCATCATCGGCGTGATGTTGTCGATCTACTACTACTTTGGCTGGATCAAGGCCGCCTTCTTCCCGCAATGGCGTCCGCCCGTGTTTGAAGGCGACGACCCGATACCCGAGCCGCCGCGTCAACCGGTGAGCATGGCGGCCGGAGTGTTGCTCGCCACGGTCGCGTTGGCTTCTGTTTTCCTCGGTTTCTACCAAGGCCCGATCGGCGCCTGGCTGGG
NZ_CP119075.1_gap122	5576843	5578801	1958	CGATCCCGACGCTGCTATGTATTGGCTGGCCAAGATGCTGGGCGGCGGAGAAGACCCGCGATTCATTGCCCGGCGCCTCGTGATTCTGGCGAGCGAGGACATCGGTCTCGCCGATCCCTTCGCGTTGCCGCTGGCGGTGGCCGCCCACCACGCCTGCGAGTTTGTTGGATTACCCGAGGCCGAACTCACGCTCGCTCACGCGACCTTGCACATTGCCTGCGCGCCCAAAAGCAACTCCGCCACCATGGCGCTCGCCGCCGCGAAGCAGGCGCTTAAATCAGCCCCGGTCCAGCCGGTGCCGACGACGTTGCGCGACAAAGGCGGCAAAGCCAGTAAGCGGGTGGGGCACGGCAAAGGTTACGAGTATTCGCACGATTTCCCCGAAGGCATCTCGGGCCAAAATTACCTCGAACAGCCGCTCAAACTCTATGAGCCGTCGTCCCATGGTCTGGAGGCGCGGATCGCCGATCGTCTTGCGCGCTGGGACGCCTTGCGGGCGGAGCGTCGCGCTGAACGAGACGAATCCTAATTAACACGCTCAGCTCAATTAATCGCTGACATCGGGCAGTCGTCGACCGACGACCGCGCCGGCGATGGCGCACAGGGCGAATACGGCGAGTGCTAGGGGAGTGGATACGAGGGATAGCGCGCCCGTGATGCCGCCGGCGACCAGCAGGAGCACGCCGATTACACTGTTACTCACCGCGACATAGTCGGTGCGCTGGTTCCCCTCCGCCATATCGACGAGGTAGGTCTTGCGGCCGAGTCGCACCCCGCTGTGGCTCACCCCGAGCAGGAAGAAAACCAACGGAAAAACGATCCGAGCGACCCAGAGGGGCAGATCCAAAAAGCTCAAGCCGATGACGGTCAGCAGCAGCATGGCAGTCGCACTCATTGCGACGCGTAAAACCGTGCGACTGGACCGATCGGCCAACCGTCCCCAGATCGGGGCTGATAGCATGGCGGCGAGGCCGTCGACGATGACAAAAACGCCAAGCCAGATCGCCTTGCCGCCCAATTCGGCGTGCGCCAGTGAAATGACGAACGGAGCGGAGAGTCCCGACCCGATGGCCAGGGCCCGCACGATCACAAAGTCGCGAAAGGGGGCGTCTCGACGCAGGAGTTCCAATCGTTGCCAGGCTTGCGACCAAGCATTGGCGCCGCCGTCGGTTTCGCCGGGAAATTCGTGCACCCCGCTGTAGACCAACGCGGCGGCCACCCACGCCAGAGCGGCGAACAGCAACCAGACCGCGTAGGTCGACGGTGCCGCATCTGTTTCCTGCGACTGCAACAGGAGCAGTCCACCGGCACCGATCGCGAGCCCGCCGCTCAAGGAGGAGATCCAGCCGCGCAATCGTCCTCGTCGCTGTTTGGGGATGGTTTTTCCGATGACGTCTTTTGACGCGATCGAGCTGAGGCCGCGGGCCAAACTGAACACTCCGACGAGCGCCACGACGGCGAACCCGGCGGGGGCTCCTTCGAGCGTGGTGGCCACGACGGCGAATCCAGCCACGGCGGCGGCTTGGCATATGGCGCCCACGACCCAGAACCACTTGCGCAACGGCATTCGCCGCAGATAGCCGGCGATAAACAACTGCGGCAGCAGCGATCCCGCTTCGCGCAGCGGCACGATCAGCGCGAGGAATATCGCGGGCGCTCCCACGGCCTGTAACAACCACGCCAGCGTCGTTTTCGGATTGGCCAAGCGGTCGCCAAGGCCGGTTAGCGTCTGGGCGGAGAGAATTTTCAGAAAATTCCCTGGCACCGTTTGGCACGCCTCGTCGGAAATCGCCTTGCAGGCGCGGGCATCCTCATCCTCGGCGAGGGCGTGATAGACGTGTTCAGGCCAGTCCGCAGGTGAGGGCATCGGGCGAACTTAGCGGTAGTGGAGTGCCTCTCAAGCCTCGCGACGATGGGGAGCGGGATGGTTCATCCGCTTGCACCTCGGCGCGTGGGGC
NZ_CP119075.1_gap123	5580163	5582462	2299	AGTGGCGCGCACCATGGCGACGCGCGGTCGGTTGCCATTGGCGAGCGTGCTGCGTTGCCGGATCCGGTATTTCAGCGACGGCGCGGTGCTGGGCTCTCGTGAGTTCGTGCAAAAACACCTGGCCGTTTACCGACAGCAAACCGGGCGGCGACAACGCACCGCCCCGCGACCGTTGCCCCAAGTTACCGACTGGGGGGAGTTGACCACGTTGCGCGGTTTACGTCGCCAGACCTTTGGATGAAAACAGCAATTCGCCTAAGTGTTCCTGGGAGCGTCGGCATTCCGGGCAACCCCATCATCGAGTGGAAAACAAAGGGCAGCGGCCGGAATAGGTCGCGATAGGAAAAATCATGCCCGCTGCATCGCCACGGTCACTTCGAGACGTCGGGTGGTGGTGCCTTTGAAAACACCGCGCGTAGGGGTGCAGTCGTGATAGTCGCGACCGGTCGCCACGCGGACGTGACGCTCGCCGGCGACGCAGTCATTGGTCGGATCGAGCGGCCACCATTCGCCGTTGGACAGACACACCTCCACCCACGCGTGACTTTCGGCTGCACCAATGAGCGCCCGCGGTCGGCGGCGCGGGGCCGCTGCATCACGCTGGGAATCGGTCTCAATATAGCCGACCACGTAGCGCGCCGGGATTTCGGCCGACCGCAGAATGGCAATCATGACTTGCGCAAAGTCCTGACACACTCCCGTGCGTTGCTTGAGGCTGGTCGCCACCGAGGTGTCGATCTGCGTGCTGCCCGCGGCATAGGTGAAGGTGTCGTTGATCCAGTGGTTCAACGCCAGGGTTGCTTCACCGATTTCGTAACCGGGACGAAAAAAACGATTGGCGAGTTGGTTGACTTCGGCCGTGAGCACGATCGCGGCCGAGGGCGTGAGGTATTCGTAGTAACGCAGGGGATCGCCGCGAAAAATCTGCCGGGCTTCGGAGACATTGACCTCGAGGAGCGCAGCCGCCGTGGCCGTAGGTTTGGTTTCCACCACGGCGTCACTCGTCAGCGTCAGTTTTTCGTGCCGCTGCACGATGGAAAAGGTCTGCGCGGCGTTGCCGAAGTAGTCCGTGTAAGTGTGCAGACTTGTCGCCGGCTCGATGTCCAGCTGGTGCGAGATCAGCTTCTGATGCGGCGTGACCGCCGGCCGGAGGCGTGCTTCCATGAACGACTCAGTGGCCGCGCCATAGTAGTAGTAGCTGGTCCGATGATTAATGTGGAAGCGCACGGAGTGGAACGGGCATCACGATCATTCGGAGCGAGCCTGCCAAGTCCGGAGTATCGCGGCCGACAGATTGCGTCGCCCACCCAAAGCGAAATGGTGAACTTCCCGCGTGGGGCGCAGGTCGTTCCGAACCTCCGCCGGAGCATTGATTCGCATCTGCTTGCAGCCCAACGGGTGATGAGTGGTGGCCGGTCTCGGCCGCCCCGCCGGGCGATTCGTCGCCAGTGTTGCCTTTGCGGGATTGCGGATTTCGGGTTGCGGATTTCAAATAGAGGGCCTGCGTAGTCGGTCCCGCGGGTTTCGGCTCTCCGGCCCGCGTCCATCCTCATCCTTCGTTCCAACATCACGTGAGTCTCGATTCTCCCACTGCCATTGCCGTCGATGGTGCCACCTTCAAGGTCGGCATCGTGGCCGCCCGTTTCAACCAACGCTACGTGGATGGACTGTTGGCCAGTGTGGGTGAGGTTTTACAAGCCGCCGGGGTGCCGACCGCTCACATCCGGACGATTCGAGTGCCCGGCAGCGGTGAGCTGCCATCCGGTGCGCAAATGTTGCTGGAACGCGGGGGCTTCGATGTGTGCATCGCCCTCGGCGTGATCATCAAAGGCGGCACCCTGCATGACCAATTGGTGGCCGAGGCCGCCCAGCAGGGGTTGATGCGGATCAGCCTCGACCGACGCACGCCCATCATCGCGGGCGTGGTCACGGCGAACGACGACGTGCAAGCCGAGGACCGATGTCTCGGCGAAATCAACCGCGGCGCCGAATTCGCCCGGGGCGCGCTAGAGATGGCCGCCTTGAAAAAACAATTTTCCTCATGAGCAAAGCCCTTTTCGCCCAACGCCGCGACGGCCGTGTCGCCGCCATGCAGTTCCTCTATTCGTGGAGCATCAACGAACCCAGGAATCTGGCGGAAGACATCCGCGTGTTCTTTGAGAACCTCGAGACGACCGAGAAACCGCGCGAGCACTACGCGTTTGGCGAGGAGTTGATCAACGGCGCTTTGCAGAGCATCGCCGAGGTCGATGCCCGCATCAAACAACTCGCTCACAACTGGGAGTTCGATCGCATCGCC
NZ_CP119075.1_gap124	5672413	5676312	3899	TGGAGATTGATCTGTGTTCATCTATGGTTTTCAAAATAGTGTGACAGGGAGGCTCAGTCGTCCCAGTCGTCGTCATCGTTGGATTGGCCTTGGGCGCAGATGGCCATGATGGCTTCGGCTTGGCGGAAACCGGCGGTTTCCTGGGATTCGTCACCTTGGCGGCGGCCTTGTTCGAGGGCGGCGCGGAGTTCGTCCACGAGCGGATCATCGGCGTCGAGGGGGACCGGGTTTTTCTCCGGGTTGGCGAGGGCGTAGTCGAGGCCGAGTTGGCTCGCAATGGTGAGGTAGGCGTTCTCGAGTTTCTCGCGAATGCCCTTGGGGGTGCCCCAGGCGAAATTGGAGAGACCGACGACGAAGTGCACGCCTTGGAGATCGGGGTCGGCGGTGATGAGTTTCATCGCATCGAGGCCGATGTTAATGAGGCCGTAGGTGTCGGCGCCGACGGGCGCGAGGCCGACGTCGACGATGATGTTGTCGGGTTTGCGATCGGCCTTGTTGATGAGCAGGTCGACGAAGTGTTTGGTGGCGGCATGCGAGTCTCGAGCGTCGAGGCACTGGGCGCTGCCTTCGGGGGTGAAGTGCTCGGAGGCCATGACGATGACGTTGGTGTCGTAGCCTTTCACCAGGTCGATCATTTCGTCCAACCGTTCGCGCGAGGCGGCAAGGGAATTGATGATGGGCTGACCGCTCTTCTCGCGGTCGTAATGCTCGAGCGCGATACGGTGGTAGTCGACGGCCGGGTTGTCGAACGCGAGCGGCGTGGAGCAGACCTCCTGCAAGGCCGGGATGACCTCGGGGAGGAAGGCAAACATCTCCTCCTGACGGACGGAAATGCGCTGCGTGCCGTCGAGGTTGACCGTCAGGTAGCGGGCGCCGAGGTCGGCCTGGGACTTGGCGAGTGCTTGATAACCGGATACGTCGCGATCGGTGAATGCGCGGCGGGCGCGGGCGTAGGAATTGTTGATGAGTTCACCAATGATGTTGAGGGAAGGCACTTTGTATTTAGCAGGAGGAAACAGAGGGAAACGGAGCGAGGGGGCAGAGGTTTTTTTACGGAAGGAAACGAAGAGAACGAAGGTGGTGGAGTGGCACTTTTATCTTTGTTTTCTCCTTCGTTTCTTCCGTGTAAAACGGCGGCGGCGTGGTTAGCCGGCGGCGGCTTCGAGTTCGGACTGGACGGCGGCGGCGACCGTGGCGGCATCGCCGTCGCGTTCCTGTTCGTCACCCCATTTGAACTGGGCGGCGTAGGTTTCGGCGTCGGTGAGGCCGAGACGTTGGGCGGCGGCGTCGATGCGTTCGACGAAGGCGACCGGGAGTTCGATGCTGACCTCGGTGTATTCGTCGGAGGCTTTGATCTGCGAGGGCAGGTCCTGCCAGTAAAGAATCTGGTAGGTCGTCTGGGTGCCCTTGGGCTGGTCGGCGGCGGGAACGGCGTCGGCGGCGGGCGCAGCTTTGGCTTTGGGCGCATCGCCCTTGCCCATGAAGTGGAGGAACAGGTCGACCGCGCTGGAAGCGTCCTGACCGTAGCCGTCGGCGCCGATCTCGTCGGCGAACATCTGGCTGATGGGCGCGCCACCGATGGCGAATTTTACGTCGCGACCATCGGCCTCGAAGCCGTCGATGACGGTCTTCATGTAGGTCATGGTGGTGGTGAGCAACGCGCTCATGCCGATGATGTCGGGTTTGCACGCGTCGGCGGCGGCCATGAATTTTTCGACGCTCTGGTCGACGCCGATGTCGACGACTTCGAAGCCGGCGCCCTCGGCCATCATGCAGACGAGGTTTTTGCCGATGTCGTGGAGGTCACCGCGGACGGTGCCCATCATGAGCGTGCCGGTCTTGGAGGATTCGCCGGACTCGGCATCGCCCGCGGCGAGGAGGGGCTTGAGCACGGCCATGCCGGACTTCATGGCGCGGGCGGCGATGAGGACTTCCGGGACGTAGAGGATGTTGTGTTTGAAGTCCTCGCCGACGACGGACATGCCGGCGATGAGACCTTTGGAGAGGACCTCCTGAGCGGTGATGCCCTCGTCGATGGCGGCCTGAGTCATCTCGGCAATTTTAGGTCCGTTTCCCTCGTAGAGGTATTGGTTCATTAAGGCGTAGTCGGTCATATTAAAATATGTATTCAGAATTAAACCACGAATGGTGTTCAGCCTGCTGTCTTTTTAACCACAGATGGACACAGATGGCTTCACTATCGTTACGCACCGCGGCGGAACTGAAGGCTGAATTGATCTGTGTATATTTGTGTTCATCTGTGGTTTAAAAACAGCGTTGGGTGGGATGGTTAGGTGCCGTTGCGGGCGGCGTTGTATTGGTTGAGGGCGGAGAGCATGGCCTCGATGTTGGCTTTGGGCATGCCGGGGCTGGTGCCGCCGCCGACGGAGAGGATGATGCGTTCGCCTTCGCTCTTGTTGAGGACGTCCATGGTGGCGGCGTGGACTTCCTCGGGGGTGCCGCGCACGCCGACTTCGAGCGGGTTCACGTTGCCCATGAGCGTCATGTCGTCGCCGATACGGAATTTGACGTCTTCGATGTCGGTTTGCTTGCCCCAGTTGAGGACGTTGAATCCGACATCGGGGAGATGGTCCATGCAGGCTTCGACGTCGGCGTCGTTGTGGTAGAGTTTCACCCAGTCCTCGGGGAAGGCATCGCAGATGCGCTTCAGGTAGGGGTGGCAGAACTCCATGTAGTGGTCCTCGTTCACGAAGCCGACAATGTCGTCGAGGATGAAGATGCCTTCGACGCAGTCGCCGATGGCTTTGTGCTGAGCCTTGAGCCAGTCGATGATGAGGCGGGTGGAGAGGTCGAGGAGCTTGTGCGCGTATTCGGGCTTATCGACCAGATCGAGCATGAAGTCGGCGGTGTTGCGGACGAACCCGGCCGTGCACATGGGGCCGCGCGCGGTGACCATGGGCATGATGTAGCCGGCATCGAAGACCTGCTGTTTCTGCATGCGGATGCGGTGCAGGGTCATGGCCATGAAGGCGTCGGCCTCGACCTCGTATTCGTGGAGTTTGTCGACGTCCTCGATGTGGAAGAGGCCGTGGTATTCGGAGGGGGTGTTGTCCTGCCAGAACTTGATCTTGGCTCCGAGGGCGGAGGGTTCGGCGGCCATGCCGTATTCCATCCAGAAGCCGGGCACGAAGATAACGTCGGGGAATTCGCGGTGGATCTTGAGGTGGCAGTCGAGCCAGACCTGCGGATCGAGGAAGAAGTCCATGTGTTTGACTCCGCAGTAGCCGGGGATCCACGGGCTATCGATGATCATGGCCATCGGGATGTTATCGAGTCGTTCGCCGTGGGCGGCTTTCTTAAAAATTTCCCATTGTTCGGGGCGCATCAGGTAAGGGTGGGTTGAGGTGGGGGTGGTTGGTTAGGGGAGAGGTGGCGGAAAGGGGGGAACCGCCGAGAGTAGAAATAAAACGATACGAAGGCGGATCAGGCGGCTTCGACCGGGGGTTCGAGGTAGACGCCGTCGTCGCGGATTTCGATGGTGGCGCCGGCATCAGCGGCGGCCTCTTCGAGGGCAAATTTGAGCATGGTCTTCACGTCGGGGCCGTGTTCGAGGCGACGGAGGAGTCCCTCGCCCTTGGCCTTGTTGACGCGGAGCATGAGCTTGAGGCCGCGGCGCTTGCACATGACCTTGGTGCCGTCGTCGAGCTTGGTGGTCAGTTGCTTGATGAAGGCGGAGACGTAGTGCACGCCGACGCCGGATTTATCGGAGAAATTCTCGGGGAGTTTTTCATCCGTGGCGGGATCGATTTCACAGAGTTTGATCATAGGATTGGGAGGGTTTTCAGCCTGCTGTTTTTTTAACCACAGATGGACACAGATGGCTTCGCCTACCGGCTACGCCCTGAAGCACTTTTTGTTGAAAGAGCTTCTGCTGTATG
NZ_CP119075.1_gap125	5829665	5831689	2024	AACTTCGCCGAGGACCGGCAAAGCCTCTGGCCGCAGGTCGATAAACTGCTCGAAGGGCGCAAGCACACCGTCTTCGCCGGCCATCACCACCGCTACGTGAAGGACGTGCGCAACGGCCGCGCCAACTACTACACGCTCGCGACCACGGGCGGCAGCAGTCAGCTGCGGGGACCGCGGTTTGGGGAGTTCGACCACGTCATGTGGGCGACCATGACCGACGACGGACCCATCCTCACGAACCTCGTGCTCGAAGGCATTCTGCCCGAGGATATTCGCACCGAGAAAAGCGAGGCCATGCAGCAGGCGTTGATCAACGACGACTCGCTCGTCGTGCAACCGATCATCTTCGACGAGGATCAGTTCCCCGGCGGCCGCACCGAATTGCGCTTCACCAACGACACCGATTTGCCGGTGACGCTCGAACTGGAGGTCGTGCAGACCGCCAACGTGCGCTTCGAAGGCGAGCGCCATCAGACCCTGCTCGTGCCGCCCAACGAAGTCGCGATCTCGTCCTACCGTTTCGACGCGGCCGATCTGTCGTTCGATTCCGGCCAGATCGCCGAGCTGCGGTGGAAGCTGAGTTTCGATCACGCCGGCGAGACCTACGACTTCGCCAGTCACGAACCGATCAACGCCATCCGCACCGAACCCATTCCCGCCGCGACCATCGCGATCGACGGCGATCTGACCGACTGGGCCGCGTTGCCCTACCGCTACGATGCGGACGCGTGGGTCTACGCTCGCAACCGGGTCTGGCACGGCCGCGATGACGGAGACTTCCGCTTCGGGGTCACCGCCGATGACGACTACCTCTACGTCGGCGTCGAGGTCACCGACAACGGCCGCTTTGCCGATGCGCATGCCCGCAACTGGGCGCAGGACAGCGTCACCATCGCGCTCGACTCGCGCCCGGCGAACATTCGCAACATCACCGGCCGCCCCGACCTCAACTATACGCTCGTGCCCGGCGACGAGCCGAATGCCGCCCGTCTACTCGGGGAGAACCGACTCCCCGAAGGCAGCCAGTGGAAAGTGCGGACCACCGCGACCGGCTACACCGCCGAAATTGCCGTGCCGGTGGCCTACCTCAGCCAGCAGGCGGGCGAGCTGTGGCGCGACGTGCGCGTCAATGTCATGATCGCCGATCGTGACCCGGGGGAGGATGGTCGCATCGGTCTGCGCTGGCAGCCCGAATGGGGCTCCGTGCGGGCGATCCCCGGTTCCGGCACGTTCCGTCGCTGACGGACCCAGAACCGCTGATTTCGCGGCTTTCCGGCGACAAAGGTGCGGCATTCCCGTTACATTGTCCCGCCGGGAAGTTCTCGAGATTGAGCGCGGGCGCCATCGGTTGTGAGCTGATGGCGTTCTTGCGTTATGAATGCCCAACCCACCCAACAAGACGTCGCCGCCATGGCGGGCGTGAACAAGTCCACGGTCTCGCGCGTATTGCGCGGCCGCCGCGATGTGGCCGTGGCCACGCGCCGACGCGTGCTCGATGCCGCCAAACAACTGGGTTACCGACTCGACCCTGCGTTGTCGCGCATCGCCGCCATGCGGTGGCGCAAACAGCACATGCACGCGGGCAATCGGATCGCGTTCGTCGAGTCGGAGCGTAGTGCGGATCATGAACGCTACTGGCGTGGGGTCAGCCGTCAGGCCGACCCCCTCGGTTACGGGGTGGATCGGTTCTGTTTGGACGATTATCACAGCGTGGCCTCGGTGGGCTCCATCCTGTTGACCCGCGGCGTGAAGCTCGTGGTGCTGGCCGGTTTCCCGTCCGCGAGCGCCCTGGTTGGATTTCCGACGCAATCGTTTCTCGCCGTGCACTGTGGTCCCACGGAACCGGGATTCCCCTTCAGTTCCGTGATGATGGACCTGCCTCGGGTCCTGTCCGAAGTCTGGACGACGGTTCGAAGGGCGGGACTCGTCCGCATCGGCCTGGTGCAATACCACTACTGTGAGTCTCACTACCGCAGTCTGCAGTTGGCCGGCACCTACCGGGCCCTGCAGGCGTTGGCTTCGGA
NZ_CP119075.1_gap126	5925869	5926369	500	GATATTGGTGTCGTCGTCGTGCGTCGTGATGAGGATCGACGAGGCCTCGTGCATGCCTGCCTTCACCAACACCTCAAATTCGGAGGCGTCGCCCACCTGGGTGTTTTCGGGGTGGGTCACCCGCGTGGCGTCTTTTTCGATGATCGTCCAGGCAATCTCCCGTTCGTCGAGGGCGCGGGCCGTGGCGCGACCGACGCGTCCGCCGCCGACGATGACGACCCGGCTCGCCGGTTTGGCCGCAGCGGGGGACTCGACGGCAAACGTGGTGTTGAACGTCTCCACCTGCGGGGCGGTGCCGGCGAGGATGAACACCGTATGTTCTTCAATCAAGCTGGTGGGCTCGGCGGGCACGAGTTGGCCGTGATCCCAGATTCCGACCACGGTCAGCCCCGTTTTCGGGCGCAGTCCGGATTCGGCGACGGTCTGTCCGACCAAGGTGGTGCCGTAGGCGCTGGTCTCGGCGATGACCAACTCGGCCCGGTTGCCAATGATCTGGGCGC
