gap_id	start	end	length	sequence
NZ_CP141062.1_gap1	188205	190356	2151	CAGATTCTTAGCTATTTGTCAAATGAATTTTAGTTAATTATTTATTTATATATATATATTCTAATATCTTTTGATCTTCTAACGTAAAAGGAACTTTACGTCTTTCCATCATTTTTTCTGCCGCTTCATAGGCACGTTCTAATGCAAATTTTGGAGCATCATTTGGACCTCCCCAACTAAAATGCTTAATTAAATTCGGTGGAAAGCCGCCTTGAAAAATATTGGCTGAAACTCCAACTACCGTACCAGTATTAAATTGGGTATTAATTGCTGACTTCGAATAGTCGCCCATTACTAGTCCACAAAATTGTAATCCCGTTTTAATAAAGCGTTCCGCGGCATAATTCCAAACCTTCACTTCGGAATAATTATTCTTTAGATTCGAGTTATTGGTATCTGCACCAAGATTACACCATTCGCCTATAACTGCATTTCCTAAGAACCCATCGTGACCTTTGTTCGAGTAGGCCATTAAAATCGCATTATTTAATTCACCACCAACTTTACAGTATGGACCTACAGTGCAACCTGAATAAATTTTTGCGCCCATGTTGATTTTTGCATGTTCACATAAGGCTAATCCACCTCTAACCATTGAACCTTCCATGATTTCTGCATCTTTTCCGATATAGATCGGACCTTCTGTAGCATTTAAAATAGAAAATTCGACTTGGGCTCCTTCTTCCAAGAAAATACGTTCAGGATGTAATACACGATTGGTTTCTGAAATTGGTTGTGATTCGCGTCCTGCGGTGATAAAGTCAAAATCAAAGGCAATGGCATGAAAATTATGCGTGAAAATATCCCAAGGATATTTAATCTCTATTAATTCAGAAGGAAATTCAACGGAATTTGTTACCGATTCAAAAGAAGATGCTGCAGTTTTTGCCGCGATAATTTGCCCTTTGTAAGTCAATTTTTGATCTAATGACAAATGTTTAATGGAAGTAATAAATTCTTCCGATGGAAAAAAAGCAGGGTTAATGAATATATTTTCGTCTGCTAAAATAGTTTCAAATTTACCTTGTAAATACGATTCCGTTTGGTAAGAAACAGTTGCATCTAGCAGTTTTCCCCAACGTTCTGCAAAGCTTAAAATCCCCATTCTCAAGGCTCCTACAGGTTTTGTAAAAGTCAATGGAAGTAAATTTTCTCTTTGATCACCGTCAAATAAAATTATATTCATCTGTTTTTAATTATCTGGCAAATTTAAAAATTAATCTGCATATGTATACCTAAGATTTGTAATCAAATCGTTTCCTTTCTGATATATTTCAGTAATCTACGAAAATCATTCCCTTATTTTTGGAAGTAGTCCCTTATTCGCCGTACTTTTATAGCCATTTTCAAAACAATTTATTCCTTTGAAATCCGCACCAATACATTTTGGGTCTATCGCATCAGTTTTAGACCAATATTTACACGAAAATAATTTCTCTAACATCTTCTTCTTAGTGGATGAAAATACCCATGTCCATTGTTTACCGATTTTATTAGCAGATTTAGATCATCTTTCGGCTTATGAAATTTTAGAAGTGGATGCAGGCGAAGAATATAAAACCATTGAAACCGTATCAAATTTATGGTTAGCTTTAGCCGAATTGGGTGCAGATCGTAATGCTTTAGTCATCAATGTTGGTGGTGGTGTACTAACAGATATGGGTGGTTTTATGGCTTCAACCTTCAAACGTGGAATTAAATTCATTAATATTCCTACGACTTTATTATCCCAAGTGGATGCCTCAGTGGGTGGGAAAAATGGAATCGATCTAGAAGGAATGAAAAACATGGTGGGAACTTTTACCCAACCTGAAATGGTTTTAATTGATCCTAAGTTTCTGAAAACATTAGAACAACGTCAAATTAAATCAGGATTAGCTGAAATGTTAAAACATGGTTTAATTCAAGATCGTGATCATTGGGATAATTTAGTGCAATTGTTATCGCATAATGCAGACGATTTAGCACCATTTATCATGGATTCGATTGAAATCAAACGTCAAGTGGTGGAAGCTGATCCTTACGAAAAGGGAATGCGTAAAATCTTAAATTTTGGGCATACCATTGGTCACGCTATCGAAAGTGAATCGTTAGAAACGGATTTCCCATTGTTACATGGTGAAGCCATTGTTATCGGAATGATTATTGAAG
NZ_CP141062.1_gap2	192638	194128	1490	TTTAATCAGCGATTATTTTGGATTAAAAATTCATGGCATTTGGTTGGCATTTGGTGTTTGGATGCTGTTACGAAGTTTTCCTTTGATGTATATTTTTAATCATCGAATGAAAAGTAAAATTAATTTCAAATAAAAAGCTACCTTTTTTAGGTAGCTATAGTTTATAAATTAAATTGTAATCCTTTTTCTATAGAATTATTCTTTTTAAGGAATTCCTCTTTTCTTAGATCCAGATATTTTTTATCTTTCACCGTATCATCACCGGTTTTACTTGTAATTCTTACGGGATTATTTTTAATTTCTTTTATCTTATTTTCAAACTCAATCCGTTTTGAATTTACTTCATTTGCTTTCTCGTAAATTGGATATTTCGTAGTATCTATTTTAGCTTCCACTAAATCGAATTTGAAATTATTTTTATCATCACTTAATTCTAATATTAAACCAGGCAAACCTTGGAATTTATAAGGTCCATAAGCCACAGGAATTTTTTCGGTATACCAAGCAGTCCAATTTTTACCAAAAGCTTTCGTTTTCGCTTTTTTTGCTTTATAATTTTGGATTCGTTTTTCTTCATCTACTAATTCCCAAGTTAGTTTAGTAACATCATCTTTAAATTTATAAGACAAGCCATCAATACTAGTATGTATATGATAAGCATTTGAATCTTTATTAAAATAGAGTTTTATATTTTGAGAACCCTGACCTTTTTGATTCATAAAATCTGAGAAACTTAATTTTCCTTGTTTTATTAAATCTGTTAAATTACCAATTGTATCACTTGTAAAAAGTGCATTAGACATATAAGCATAACCCTGATTATTGGTAGATAAAATCATTTCTTCGCTTACAATTTTTGTTATATTTAGAGAATCTGGCGCAAATGTAAAATTGTATTTAACTAAATAATCTGTTTCTTTTTTACAACTAAATAATAATGTAAAACTTAAACAAGTTAATAAGAAGTGTTTCATAATAGTGTATTTCATTCTAAGATATAAAAAAAGCTACCATTTGGTAGCTATTAATATTTAAATAAATAAATTATGGTGTAGAAATAGAAGCTTGTTGTGTTTTTCCATTGAAATATTTCCAACCATTTAATCCAAAATCAACTAAATAAGCTGCCATTTCGTGCGGTTGTGTTGGCGCGATGTAACCAGGAAAAGCTTCTTCCAACATTTCTGTTTGTACAGCTCCCAAAGCAACAGCGTTGATACGCGGTCCATTTTCTTTTAATTCTTCAGCCAATAATTCAGTTAAATTTACTGTTGCTGATTTCGATGATGAATAAACCGATAATCCTGGGAATTTAACCGATCCTTGTACAGCACCCATTGTAGATACATTAACTACATGAGATGTTGTATCAAATTTTGGAAGTAAAACTTGAATTAATCGATAAGGCGCCATAAAATTTACTTGCCATGAACGGATTAAATCTTGTTCGGTAATGTCTTGAAAAGGCTTGTTAATACATAAACCTGCAT
NZ_CP141062.1_gap3	196613	197121	508	ACATACGGTGAAGTTAGGAATTAGGAATGATGAATGGTAAGGCGTAAGACGAAGTTAGAACAAAAGTAAATTTTTCACTTTTCACTTTTAGTTATTCACTAATCTTTTTACATTTTACATTTTACTTCATACAAATAACCCAGCACACCTAACTCAGAACCCATAACAACTTAAATAAGGAATAAGACGTAAGGTTTAAGACATAAGGCTAATCCTGTCAAGCTGGACGTGTTTCAGCTTCTCTTCTTCCAAATAAAGTTTATAGTTTGTGATCTGAAGCAACTCATGGTGAATGAAATTATGTTATATGTAATAAGTTGTACGTTATAAGTTATACGTTTTTCATTTTCACTTTGTATTAACCTCCATAACTTAAAAACATAACCACTTAACCACTTAATCACTTAACCACTTAACCACTCTTCATCCACAAGACATACGGTGGAGTTAGGAATTAGGAATGATGAATGTTAAGGCGTAAGGCGTAAGGCGTAAGGCGAAGTTAGAA
NZ_CP141062.1_gap4	224449	226499	2050	ACAATTAATTTTATTTCATACAATCCTGGTGCTGTGTAATAATGAATAGGCGATGCTTCCGTTGAAGTACTTCCATCACCAAAATCCCAAGCATACGATTGTACCGTCATGCCTATTTCTTCGTAAAATGAAAATTGCACTCCATTGCCTAAACACAAGGTTGATAAACCACCCAAAGGAACACAATCGATACGGAAAATACCTGAACTAAAAAAAGGAGGCAGTCCATAACGGGTATTTACATTGTACGTATAGTAAGGAAAAACCACTCCTCTCTCTTCAAACATTGGATTGCTATAGTCATCTGCATTCGCGATATGCGACAAATAATCCTTATAATCTCTACTGTAATAAATTTTCTTGTTTATCGCCAATTGTAATGCTCCACGTGCTGTAAACAGAGCGCTCGGCGTGTCCAATACAGAATAACGATTTAACACACGTTTGGTTGCTTTAATCGGATCAGCACCACCCGTATATGAAGGATTATTTAAAAGGTTTTTATATACCATCAACTCCCCATGCGACCATTCTCCTACATTATTGATTAGGGTATGATAATCCACATTGGCATATAAATTTTCGTTGTTGCTTGAAAATTCGATTCCGTAAGGCGAACCTGATGTGTCCAATACCGTTTCATCGGTAACTCGCCCATTGGAATTATCAAATCGATACAATCCTAAATATCCAGGATAAGCATTGGCATAGGGACCATTGGTCGGATAATAATCATCTGAAGGTGTCATTTGACCAAAGGGGATGCTATCATAATTCAAATTGGTTAAATGTGCTATGGCTAACGTACGCCCATTTGGTGAGATTTTTAAATAGCCCCGTGCATTCACTGGATAGGTTCTTTTATCAATCTGGGGTCCAATGATTGAAAGTATGGGTTGATGCTGTACTCCATCAGCCGTCACCAAATAACTGTAGAATCTATCCTCAAAATGGGTAACCACCCAAAAGTCTTTTAAGTTTCGATGCCGAACAGCTGCAATTTTTTCTGATACAAGGGGTAATAAATTATTATTCGTGGGGTGAATAACTTCTCCCATCCCTTGATTTAGATTCATGTCTACCACATAATAATTTAACCCTTCGTTTGTGGTATATGTCGGTGTAGCGCGATCATCTGCTCCTACCGTAAAAATAATATATTTCTTAGGCTGCGAAGGATAGGGTACAACAATAGCCGATTGCGTACTTGAAGAATTCCCTTTCAAACGAGTTCCATTGACCATGACTTGATGCTCGCGCGTATACACGGTCGTACCATCTGTATAAAACTGGAGATTTCCTTGTTGATCTGAAATGGATGCACAACCTTCTCCTGTATATAACTGTCCTCCTTCAACAGGTATGGCTTGATCTCCCTCGAATCGTAATCCCATATATTGTCCAAAGTACCAATTAATGGTTTCCAATTGGGCTTTTGCAGTAGTCATAAATAAAAAGAGAATGAGACAGGAATAAAAGATTTTGAGCATATATGTTATGGATTTACTTTATTGTTTCACAAATTTAAACGAATATTAAAATCAGAGATGAAAATTTAAAAAAAATCAAGTTTGATATTTAATTGTAATCCAAAGTATTAAAAAATATTTTAAAATTTATTGAAAGTTTTTTTGAAAAAACATTTGGAAAAACAAAAAAGCATTCTATATTTGCACTCGCAATAACGCAATAGACCGCGTTACACAACTGGAGAGTTGGCAGAGTGGTCGAATGCGGCAGTCTTGAAAACTGTTGAGGGTCACACCTCCGGGGGTTCGAATCCCTCACTCTCCGCTAAAAGCCTTGAAGTTTATCCTTCGAGGCTTTTTTATTTTCTATTATTCACAAAAAGTTATAGGCAATCCCTTCGCATCTATAACCAAATCAAAAAGCAGTACAATAAACAACCTCATCAGGTTATTACCTGGTGGGAATTGGAGGAGTATTTGGGGGTGATTTTATAGAGATTATAAAAATTATGTTATAAGTAGTTTTTATATAATATTCTACAAATTACATTTTCTATCATCTATCTATCTCATTATCAGAA
NZ_CP141062.1_gap5	230733	231754	1021	AATCAAGGAAATCTAACTCAATATACTGTTGAAAATGGTATTCCTGTTTCAATCATTTGGGGTTATAATGGTCAATATCCAATTGCTAAAATCGAAGGAACTTCTTATGAACAAATCAGCTCAAGTTTTATTGAAGAATTAATAAATCTATCGAATCAAGATAATGATCATTGTAGTGGTGTAAATTCAGAATGTAATGAAGCTAGATTTAGAAAAAGATTAAATGAATTTAGATCTAATGGATTATTCGTTAACTCAATGGTTACAGTATATACATATGATCCGTTAATAGGAGTAACTAGTATTATGCAACCTAATGGAATAACAGAATATTACAAATACGATGCAGCCAATCGCTTACAAGAAATCAAAAATGATCAAGGCGAAGTTTTAAAGAAATTCGAATACAATTATGCACAACCTTAATAACTAATGCAATGAAAAATCAATTAACACTAATTTTGAGTGCAGCTTTTTATTTTGGTTGTACACACGAAAATTTTGCACAAGATCGTACTAAAAATTATGTACTTAGTAAAATTTGTCAAACAGATGATTGCGAAAACAAAACACAATCTATTGTCTATTTAGATGGTCTAGGAAGAGAAAAAGTAACCATTACTAAAGCGAATAACGACAATTCTACTTCTGCCATTGGATCCAAGATAACCTATGATGGATTTGGGCGCGTGGATCAAGAGTTTTTACCAGGTAGTTTATCTCCTTCTTTAGGCTATACAGAAAGTTTTAATTATACTGATTACCCTGAAACGTCCAATTTATATACTCAAAAGCAATACGAGAATTCTCCTCTTAATCGTGTTGAAAAACAAGGTGCTCCAGGTGCAACGTGGAAAGTTGATGGTGGTAAGGCTATAGAATTCAAATACGAAACAAATAATACTGTTGATAATGTTTTAAGATTTGAGGTTACTTTATCTAATAATTTAACACCATCATTAAATCAAAATGGAACATATCAAGATGGTACCTTATATAAAACTGTTACCATCGACGAAAA
NZ_CP141062.1_gap6	234675	239564	4889	TAAAAACTATGGGTACTCAAAGAGCTTTAGAATATTCACAAGAAGAAAAAAAATAAAAAATGAATATATTATTAGGTATTTTATTTGTCTTAATTGGATTGTTTTTTTTGATTATGGCATATAAGGATAAAAGGACTCCTGAGATGAATACTGCATATATAATGCATTTAAAGGGTTTATTAGGAGGAATTCTACTTATTATTATTGGTATATATATATTGATAGATACTTAGAGGTAGTATTCCAGAAGTGTTGTTAGAATACACACAACATTCACAATAGTACCAAAGGCAAACATTCGTTTGCCTTTGGTTATTTTATAAATAATGCCCAAAAGAAGAAGGGATACTCTGCCTCATAATTTTTAACGATTACCTCACCAAATTTTGGCTAAGTAAATCATCATAAAAACATTAGAATTTTTATCTTTGTATAAGAATTAAGAAGTTCAAAACAAGACATAAATTGTTTAGCGACTAAATGACGACTTATTTTTGCTTACCCTTCGGGAAGCTATTAAAATAGAGGAAAACGAGATGAGGTTCGAATCCCTCACTCTCCGCTAAAAGCCTTGAAGTTTATCCTTCGAGGCTTTTTTTTTGGATTACTATTTACTTCAATTCATCATCATTTAAATCACCCCTCTCCAAAATTAATTTTTAAAGATCTATATTTATAACATCGTAAATGTGAGGATTGAGAAGTTTAGATTTAAAAAGTATACTTCCTTTTGGATTAAAATACAACAACCAAAGTATTGTAAATACAGCGTACCCAAACTATAATTACAAATACAATGATTATGGAGCCAAAAGCTTTAATAAAGTTTTTGGTGAACATACCAAACGAAGTGATGAACTACAAGACGAATTAAACCTTAATTTATACGACTATGGCGCAAGAAACTACGATCCTGCAATTGGACGTTGGTTTAATGTTGACCCGTTGGCGGAAAAAATGAGACGCCATTCTCCTTACAACTACGCTTTTAATAATCCTGTTTTCTTCATCGATCCTGATGGGATGGCACCTGGTCCAGGTGATGAAGTTCCAATAATTGATGGAGGTACTTTAGATGAAGTACTTATAACAGGACACGCTTCGAATAAACCTCAAACATCAGGGCTTATTTTTAATATACCAAAACCTGATCTTACATCTGCTTTTTTGGCAATCATGTTGATGGTGCTTATAAACGTGTTCTTTCTCCTGAAAATATTGATTCTTATAGTAAAATGCAAGATGCAAAACGAGAAGGTGAGATAGGCTTAGTGGCTGGTAGCGCAGTTTTAGCTTCTATACCTGTTACAACTACAGGAGGATATATTGTATTAGGAACTAAAGGTTTTATTAGTGTTACAGCTCAAGGAGTTGTGAATCAAAATGTTGATTTAGTTGATACTACTGCTGATATCCTAGCTGTTCCTGGAGTTTCAGGTTTAGTTGGGGGAAAATATGATCTTCATCTTTTTGGCAATAAAAAATTTGAACTTAATACCAATACAGATACAAATGCAATACTGTTTAATGGAGTAACAAGTACTCTTGGAGCTGGTTTAGGTAATCGTGCAGATAAATTTATTAATGGAAATCAAATATCAGGACTTGAAAATACAATTGGGACTGTTTTCAATACAGTCACATCATTTTTAGAGCAAGAATTAAATAATATATATGAAAGAAATAAAAAAAAATAAATGGGGAATTTTTGTATTCTTTTGCCTATCATTAGTAACTTTATATATAGTTTTAAATAATTACTTTGATAATTCTACCAAAGAAAATTTTAGATATAGTGTAGCTACTTTAACAGAGATAAATTTTATAGGTAAGAGTTCTTCAAATAAAATAAAATTCAACTATTATTATAATAAAAATGTATATAAAGGGAGTTATTATTTTGATAATGATAGCACATCTTACTATGAAAGTAAAATAGGTGAAAAATTCTTAGTTAAAATTAATAATAATGAATGGGTTAATAAACTATTTTCCACAAGTAGGTTATATATAAACAAACCTGTTCCAGATAGTATAAAAGAAGCTCCATCAGAAGGATGGAAAGAATTACCTACTTGGGCAAAATAAAAATCCACAATGTCACAAAAGGCGAACATTGGTTTGCCTTTTGTTATTTTATCAGTTTTAATAAAGCTTTAATTTCTTTATCAGAGATAGAATCTTGTTCGCTTTTATCGTAAAGAGAAAGTAGGTAAATTGTTTCATTTTCAATAAAAAGATGCGTTATCACTCTTGCTCCACCGCTTTTACCTTTTCCTTTTAAACGTACTTTTTATAGTCAATTCTTATCATCACCTAACCAAATATTGGTCAAGTAATTAACACTAAATCAATATAATTCGTATCTTTATATAAGAATTAAGAAGTTCAAAACAAGACATTACTTGTTTAGCGACTAAATGACGACTTATTTTTGCTCACCCTTCGGGAAGCTATTAAAATAGAGGAACACGAGATGAGGTTCGAATCCCTCACTCTCCGCTAAAAGCCTTGAAGTTTATCCTTCGAGGCTTTTTTATTTTCTATTATTCACAAAAAGTTATAGACAATCCCTTCGCATCTATAACAAAATAAAAAAACATTACAACAAACACCCCCATCAAGTGATTACTTGGAAAGAATTGGAGGAGTATTTGGGGGTAAAGGAGATTTAAAGTGACTGTAATAAATATCTTAAAAACAATGTAAATAGAGGGCTTCAGAGGGACTATTTTATTGTTTTGACTTATCTAATTAGGCACTAATTGAAAATCAGTTAATTATAAATAAAAATAAGAGTTATAATGCCATGTTATGTTAAGTAAATAGTGATGATCTCAAATTTTAATAGATTATTAATCAAAATATAACTACATTTGCAGAAGCAATTTTATTAAATAATTGAAGAGTTTTTTTTTCATAACAACAGTTGTACTTATTATCTGCAGACCATTTTTTGCAGTGTTTGATTATGCAATAAATTATGAAAAAATTGTAACAGAATTATGTATAAACCGTAATAAGCCAGAGATGACTTGTAATGGTGTTTGTTATTTAAAAGATCAAATTGCTAAAACAGTTGAAACTGAAACATCATCAGATACCACAATTCCTAATGTAAAAACATTAGATTTTTTTGTGATAACAGATGTATTAAATATACCTAATAATACTAATGTTTTTATACAAAAGAACATTTATATTTTTAAATCTCAGATTATTAAACTTATCTATTTAGATAAACTAATCAATCCTCCTATATAATTCATTTATTTTATAATTTTTAGGTTATTCAATTCAACCTTTTTAAATTTTATCGGTTTTGATAAACACGATACCAATTCGCTATGTAATTTTTTTTTAAAAGTTTACAGATTAATCTTACATGCTATTTATAGCAATATTAAAATAAAATAAATGAATACATTAAATAAATATATCACATCTCTTTTCCTAATTCTTGTTTTAATTTTATCATCATGTTCTTCAGATGATGATAATTCAACAATTGTTGATCCTTCTGCGAAAGGAAATATTCAATTAAAATTCGAAAATGGTTTTAATAATTTAGGAGGTATTGTTTTAAATCAAACAACTCAAACTTCTTCTTCAGGACAAAAACATCAGTTTTCTAATTTACAATATGTTATTAGTAATATTACGCTAATAGATGAACAAGGAAATTCGTTTGATTATCATAAAAATAATCCAGATTTAGGTGCATTTATTATTGATCAATCAAAAGCTGTTGGTAATGTTAATTATATTAACCTAACAGATGTACCACAAGGTAAATACACAAAAGTAAAATTTGGTTTAGGAATATCTCAAGATGCTTATTTATTAGGACAAACAGGACAAGCAATATTTTGGGATAAAGCAAAAGACTCAGGTTTAACATGGTCTTGGGCAGCAGGTTATATTTTTGTTAAACTTGAAGGTTTTTATGGAACTAATGAACTAAATACACCTTTTAAAAATCATACAGGTAATATGGGAAATGTTAATGCAAATAATACGGCTAATCTATACCGTGAAATTACTTTAAATCTTCCATCAACAGCTCGTGTTACGGGTTCTATTAAACCATCTATACATATCATTGCAGATTTTAATCAGTATTTAAGTGGTTCTAAATCTTTAGAACTTAATGATTCTAATCATAATGCGATGGGATCATCTGTTTTTTTACAAGAAGTTACAGATAACCTAATAAATATGTTCAGAGTAGATCATGTTCATAATAACTAATTTATTTAGTTATGAAAAATATAGTATTTATACTTCTAAGTTCCATTTTATTATGGAGCTGTACTGATGATGATATAGATTATGGACAAACAATCAAAGAAAAATATAAATTAGACTATCCTTCCTATTTTCCTCCTATCACTTTTGATACGATTCGATATCCTTTATCAAAAGAAGGTATTGAATTAGGGCGTATGTTATTTTATGACGGAAGATTATCCCGTAATAATACAATTTCTTGTGGTTTTTGTCATATACAAGAAAATGCATTTACGCATCATGGTCACACAGTTAGTCATGGTATTGATGATAGAACTGGGATTCGAAATGCTCCTGCAATTCAAAATGTTGCCTTTTTGAAGCGTTTTTTCTGGGATGGGGTACATCATGATATTATTCAATTATCTATTTCTCCAATCAGTAGTTATGAAGAGATGGATTCATCAATTGGTGATATAGTTAATAAACTAAAACAGGATGCTAATTACCTAAAAATGTTTCAAAATGTTTATGGTAATCAAGAAATTAATGGAGAACGTATTTTAGGTGCATTAGGTCAATTTATGGTTACAATGATATCAAGTAATTCAAAATATGATCAATTTTTAAAAGGAGAAATACAATTATCTACACTAGAA
NZ_CP141062.1_gap7	407575	410157	2582	AACCGATAATCCTTGTCCTAAAGATCCTGAAGCTACACGAATACCTGGTAATCCTTCATGTGTCGTTGGATGTCCTTGTAAACGTGTATTTAATTTACGGAATGTGTTTAATTCTTCTACAGGGAAGAAACCATTGCGAGCTAAAACACTGTAAAATACAGGAGAGATATGACCATTAGATAAAAAGAATAAATCTTCATTTTTTCCGTCCATTGAGAAATCTGTCGAGTAGTCCATTACCTTTCCGTATAAGGCTACTAAAAATTCAGTACATCCTAATGATCCACCTGGGTGACCACTATTAACAGTATGTACCATTCTTAAAATGTCTCTTCTTGTTTGTTGTACTTGTGTTTGAAGTTCTTGAAGTGTCATGTTTGTTTGATATAATTTTTACAAAAATAAGTTATTTTTCGGGGGTATAGAAATCAATCGAAGCACGAATGCGATAAAATTTAGGTTAAAAAAAATAGCTCAATTGAAATCGAGTCAATTGAGCTATATATTTTAGTCGTTGTACCATTCTCCTCGGTGAGGTTTTAAAGCATCGCGAACGGCAATCATTTCCGATTCGTTCACAACAAGCCACGCAATGGCGTGCATTTCCTCTAGTTTTTCGTAACCAGTGATATGATTTGCCAATTGATCGCGTTCAATGAATTGCTTCAAATGAATTTCATGATGTTTAGCTGTTGGTAAAGCATCTGGACCATGAAAATCCCATATTAATTTTAATCTCTTCTCCATTTTAAATCGTGTTGGCATCTTCGGGCATGTGTTTACTTACTAACCATAATCCGATAAAAGTTAATAACCCATTTAAAATAATTAACTCTACTCCGATTCTATAATCGGTAAAATTAGTAACAATTTCGTTAATAATATAGGTTAAAATAGGTGCAAGTAACGATACGGTAATGATTGCATATTTGATAACAATTTTACGCGAAGTAAAAATCCCAAAAGCGAATAAGCCTAATAGTGGGCCATATGTATAACCTGCTACTTCCATGATCAAATAGACAATTCCTTTATTATTGATCATTTTAAAAATCATAATCAAAATAAAGAATACAATTGTAAAGGTTAAATGCACTTTAAGTCGTAACGATTTCTTTTGTTTTTCAGTTAAATCATTGCGATCATTAATATTTAACAAATCTACACAATACGAAGATGTCACGGCAGTAAGGGCACCATCTGCTGAAGGGAATAAGGCCTAAATTAATCCAATGATAAAAATTACAGAAATAAACATTGGAAAGTAACCTTGTAAGGAAAGGGCAGGGAACAAGTCATCACCCATCACATTTACACCACCTTCTTTCAAATGAAATGTAGATTCGATTACATTATAAAATCCTCCATTTTCAATTGCATATAAATATAGTATTCCGCCTAAAAATAAAAAGGCTAAATTGACGAATAATAATGTACCAGCAAACGTCAACATGTTCTTTTTGGCATTGGCAACATTATCCACAGAAATGTTTTTTTGCATCATTTCTTGATCCAGTCCGGTCATCGCAATTGTAATAAACATTCCTCCAAGAATAGTTTTAAGAAAAAATGTTTTTGAATTTGGATCAAAATTGATGAAGTGGGTATAATTTTGAGCTGATAATTGATTGAAAGCCTCTGTTGGAGATAAATTTAATTGATTTAATATAAACCAAATACATGCAATTAAACTGATAATCATAAAAGAAGTTTGTAATGTATCAGTCACTACGATGGTTTTCACTCCCCCTTCAAAAGTATAAAGAAGAACCATAATTAATAATACTGCGGTTGTCGCCCAAAATGGAATTCCTAAGGGATCCAATAAAAACAATTGCAATACATTAACCACCAAATATAGTCGTGCTGTTGCACCAATACCACGAGAAATGATAAAGAAAATCGATCCCATTTTATGTGCCTCCACATTAAAACGTTTCCCTAAATAGGTGTAAATCGAAGTTAAGTTCATTCGATAATACAGAGGAAGTAAGATAGCAGCTACAATAAAATAACCGATAAAGAAACCGATGACCATCATATAATATTCAAATCCACCATAGACGTACTCTGTCCCTGTTAATTTACCGACTGTTCCCGGAACCGAAATAAATGTTACACCACTAAGACTAGTACCAATCATACCGAATGCAACTAGCCACCATTTACTCTTTTTATTTCCGTTGAAAAAAGATTGATTATCAGAATTTCGACTTGTAAAATAAGAGATTACAAGCAATCCTATAAAATAGATTACTACAAAAAGTAGCAAAACAGATGAATTCATAAATTTTTTAACAAATATGATTCAAATTTAATATTTTTGAAGTTATAATGAAGATTTAAAAGCCTTGAATTTTAGTAATTTTGTAGGCTAATCAATTAATAGCTTGATAAAATGAATTATCCAAGTAAAGTTTTGGAACGTGCAGTAGATGAAATGGCAAATTTGCCAGGAATAGGGAAGAGGACTGCTTTGCGATTGGTACTTCATATGTTAAATCGACCTAAATCTCAAACCAATGCTTTAGCTGAAGCCTTGGATCAATTGGTTGATGATGTTAAATATTGTACAAAATGTC
NZ_CP141062.1_gap8	415569	419791	4222	GGAACTTTAGCTTCACCAGCTACAGCTTTTGCTAATAACGTTTTACCTGTACCTGGAGGTCCTACTAATAATGCACCTTTAGGGATTTTACCTCCTAATTTTGTGAATTTTTCAGGATTACGTAAAAATTCTACAATTTCTTCGATTTCTTCTTTCGCACCTTCTAATCCCGCTACATCTTTGAAAGTCGTTTTGATATGATCTTCACCCTCAAACAATTTCGCTTTGGATTTTCCAACGTTAAAAATTCCTCCTTGTCCACCGCTGCTTGGTCCCCCCATACGACGGAAAACAAAGAAATAAATTGCACCGAAGAACAATAACCATAAGAAAATGTTTAAAAACATTTTGCTGAAAACATCAGGTGTGATAGTGTTTAGTTTCACATTTTTGTTTGGACTTTGAGCAACAATTTCATTAAATTCTTTTTCAAAGTTACCGGCATCAGCAATCGTAAATGAATAGTTTGGACCTTTTGCTCCAAAATTCATAATACCTGGCTCTTGATTTTTGAATTGCTTAAATTCTTCTTTATTTAAGGCTTCATCAGTCAAGTAAACACTTACTTTATTGTTCTCTAAATCTAAATCCACTTGATCCACATAGCCTTGTGTAATATAGCTATTGAATGTCCCGCGGTCTAAACTTTTAGACTGACTTCCAATATTTGGCGTTAATAAAAAGAAGCCAATAAGCACTAATCCTATGATGGCATATATCCATGTAGGATTAAAACCTTTTGGTTTTAAATTATTTTTTTTCAATTTTTTTTGGTTTCGTTACAAGATTAATAATTCATTTCGATACGAGTTTCTTTGGCATCTCCCCATAATCCTTCGATGTCATAGAATTCTCTGTATTCTTCTTGAAAGATATGAACAATAACGTTCGTATAGTCCATTAAAATCCAATGTTTGTTTTGAGTCCCTTCTACGCTATAAGGTCTTTCATGCATTTCTGTCTTTACAGTTCTTTCAACAGATGCTGCGATTGCGCTTACTTGTGTATTCGATTTTCCGTTACAAAGAACAAAATATTGACAAAATGCATTTTCAATTTCACGTAAATCTAAGATGGTAATATCTTCTCCTTTAACATTTGTAATTCCGTCAACAATGCTATCTAATAAATCCTTTGTATATTGTGCGTCTATCATCAATTTTATTTATATATGGCAAATTTAAGTAATATTAAGAATATTCTTGCGATTTTAAAATAACTTTAACCACATATTCGATTAAGTCAAAAAAGGATGAAAATTATTACGTTCCCAACCATTCCTAATACTAATAATTATTTAATGGATTTATCCAAAAAAGGTGCCAACTCTTGGACCGTCATACATGCTTTAGAGCAAACTGAAGGAAAAGGTTACGCAGGGAATCAATGGGAGGTTATCGCAAATCAAAATCTAACGTTTAGTTTTTTGATTAAAAGTGATTTAGAATATCGTGATTTAATTTATCTCAACGAATGGATAGCACTGGTATTGCATCGTTCATTATCCGCTTATACCAAAGGGATTGAGGTAAAATGGCCGAACGATATCATTTTAAATAACAAGAAGATTTGTGGAGTTTTGATTGAAAATCATAAAACTAATCATCAAATGCATTCCATCATTGGAATTGGTATAAATGTGAACCAAACTGATTTTAATCATTTACCAAAAGCAACATCTCTATCGAAAGAAACTGCCAAAACGTATGACATCGTGTCGGTTTTGACAGAATTAATGCAGAATTTTCAGTCCGAATACCATTGGTTGGAAGAAAAAAAATTTGATACCATTCATCAGCACTATAATGAATTATTGTTTCGTAAGGATATTAGTTCCCAATTTCGATGGAATGGAGAAGTGATTGAAGGAGTAATTAGAGCATCAACAGAACGTGGTACATTAATCATAGAGATCAATGGTGAAGAACAAGAGTTTTTGCATAAACAAATTGAATTGATGTATTAATTCCCGATAAAATGTAAATTTGTTGTTATGGAAGAATTTGTTGTATTGGTAGATCGTGAAGATCGCGAATTAGGATTGATGGAAAAGCAACAAGCACATGTTGCAGGTTTATTACATCGCGCATTCTCAGTTTTTATTTTTAATTCAAAAGGAGAACTGATGTTGCAACAGCGTGCAGCGACTAAATACCATTCGCCTACGCTATGGACTAATACTTGTTGCAGTCATCCACGTGAAAATGAAACATATCGGGATGCAGCCAAACGAAGATTGGTAGAAGAAATGGGATTTGATTGTGATTTATCTTACAAATTCAATTTTATTTATAAAGCACCTTTGGATAATGGATTAACGGAGCACGAATTGGATCATGTTTTTATAGGTACTTTTGATGGAGAACCTAACCTTAATTCTGAGGAAGTAATGGCGTATCGCTGGGTAGAAATGGATGACCTAAAAAAAGATATGCAAAAAAATCCACAAAATTATACCGCTTGGTTTAAAATTATTTTTGATCAGTACCTTTCGCATATCGAAGCATAAAAATAAAATTCCTATGAAAGTAACTATAAACCGTAAGGCTCATTTTAATGCCGCACATCGTTTACATAATCCCCAGTGGAGTGAAGAGAAAAACCGTGAAGTGTATGGAAAATGCTCCAATCCAAATTATCATGGTCATAACTATGAACTGATTGTAAGTGTAAAAGGAGAAGTAGATCCCGAGTCTGGTTTTGTCATGAACTTGGATGTTTTACGTCAAATTATAACTGTTGAAGTAGAAAACTATTTGGATCACAAAAACTTAAATTTGGATGTTGAAGATTTTAAACATTTAATACCAACGGCTGAAAATATTGTAGTTGTGATTTGGAATCGTATACGTGCAAAACTGAATGAAAGTCTTGAATTAAAAGTAACCTTGTTTGAGACACCAAGAAATTATGTTGAATACGAAGGACATTAGTGATGAAATTAGGAGAACATATCCCATCGTTTAATTTATTAGATCATAAAGGAAATTATTTTAATTCGGATGAATTTCTGTACAAAAAATATTTTGTCCTGTTCTTTTATCCGATGGATTTTACACCAATGTGTACTAAAGAAGTTTGTCATTTTAGGGACATTAAAGCAGATTTTGATCAATTGGACGCTGTATTAGTTGGAATCAATGGTCAATCATCTTTATCGCATGAAAAATTTGCAAGAAAACACCAATTGAATTATCCTCTGTTATCTGATCGAAATGCAGAACTCACAAAACGATTAGGCATCAAAAAAACTTTTGGATTAATAACACCTCGCGAAACCTTTGTGTTTAATAAAAAAGGCCTATTAATTGAACATATTCAATCGAATAAAGCTGATGTACACATCGAACGCGCGATTAAAGCTATAAAAAAAGACCAAGAAAACTAATCTTGGTCTTTTTTATTTTTTTTTATAAACCATGTTCTGATATAGGTGCGATACATAAAAAAAATGGCCGAACCAATGACAGAATAGATTAACATTGATGTGAAATCACTTTTGTCAAATAAATACTTCATTGTAAATAGAATAATGAAGAATACTCCTGTTAAGAATAAATTTTGTTTCATTGGTCAAAGGTAACTATTTTGTAAGATATAGTTCGAGACTTCCGACCATTTCTAATTTAGAGGATTGAGATAACTGATTGGGATTGGTTCCTGGATAACCTTGTGGAACAGATTGATTCAAATTGGTATAAAACTCAATCCAATATGTATCGATTTCACCACTGGACTTATTTTTAAAATTCATTGGAATGTGTTCAAAGATTTGATCTTTTCGAAACGCTCGCTCAACAAAATCAGAACAATAATATTCATTTTCATTTAAAATATAAGTCCAATTGTAGGGTTTACCAAGCATCGTGCTCGCTTGAGTAATGGCATGAGGTATAGCGAAAGTATAATTTTTCTTTAATCGATAAACGATAATCGAATTTTGTTCGGTTTTTCGAAGAGTATAAAATTGGTTTAATTCTTCTCTTTGTGATCCACCTTTTGGTGCAGCGTGTAATACATAAATTCCATTGGTGGTGCGTTCAACGATTCCTACATGATCATAATTATAACTACCCTCCAAAATCGTTGCTCGTTTGATCGCACCCGAAAGCCCTTCATCTAACGCCCCAACAAAAATAAGATCTCCATTTTTTAGAACTGAAGGACTAATAAGATGGGGAGGAGAAGAAGTTTTTTGTATTGTACAACTTGTAAGGAAAAA
NZ_CP141062.1_gap9	424661	427087	2426	ATTTGGACCAAGTTCTCTTCTTGTTCAATCGCCAGTTTAATCGATTGATCTTTGATGGTCTTTAAATCGTTATTAATTCCAACATAGAAATTCTGAAATGGATTCACATCTGTTTTTTCGAGCGGAATCCAAATGTTTGAATTTTTAGGAGTCCAATCCAAATAAGGTAAAATCACCACGGGAAATTCTAAACCTTTTGATTTGTGAATCGTCATAATTTGAACGGCTTCTACTCCTTTTGGTGTTTTGACAGATGATTTGTCTTTTGCCGTTTGCCAGTATTCTAAAAATGAATTTAAGTCGGATTCGTTTTTGGATGAATAATCTAATACGACATCTAAGAAACTTAGGATATAAGCCGGAGAACGTTCTTCCAATTGTAAAGCACGAATCGTTTTTTCGGTAAAATCATAAAGTGATAAATTCTCATCGCGAATAAAATCCAAATCAAGACCAATATCTTTCATCAAATCTAAGAATCCATCGATTTTATTTTTTATCCCTTTTTGAATGGTAACGGTTAAATCTTCAGATTCAAATAAATGAATCTCATAAGCCACCATTAAAAAGCGTATCTTACTTTGCTCATCCATCGGATTGGCAGCAATTTTAAACAAATATTCAATCAACTGAATCTCATACGAATTCTTTAATAATAAGGCTTCATTAGAAATTACGACGATTTCATTTTCCGTTAAATGCTTAGCGATTGCAATTCCTTGCGCATTGCTACGTACTAAGATGGCAATATCGCTTAACGAATAGCCATTGTCACGGCATTGATTGACATACTGTAAAATAGATTCAAGATTTTGTTCTTTGAATTCATCTTTTGAACGTTCTTTGTTCTCAATGAATTTAAGGTGTACAAAACCATCTTTTCGGCTATTGGTTTTTTGCTGATTTCCGCTTAAATAGATTTCCCTGAAATCAGGCATATTCAATTGAGGGGCGATAAAAGTATATAGCTCGTTGTTGAATTTGATAATATTTTCATGGCTGCGCCAATTGGTATCTAATTCTTGTACTTTAATGTTCAATTCATCCTGATGTTCAATCAAACCAGTCATTTGGGCAGGATTTCCACCACGCCAACGATAAATCGATTGCTTGGCATCACCAACCAACATAATCGTATCGGATTGGGCACGGGCATTCTCAATTAAAGGATCAAAATTTTGCCATTGTAGGGTAGACGTATCTTGAAATTCATCAATAAAATAATGATGGTAACGGCTCCCTATACGTTCGTAAATAAAGTTAGCAGGTTGATCGCGCAAATGTTTACTAATTCGAGTATTAAACTCGTTAATCAATAATACATTCGTTTCTTTTTTGATCGAATCCAATGATTTTTCAACTTCATTAATCAAAGAAATAGAGGATATATTTTTTTGAATCGATGACAACAAAACTAATTTATCCGTGATGAACTGAGCTTGTAGAAATAAAGCTTTGATGTCAGGGAAAATTTGTTCAGCAGTAGCATCTTTTACTTTTTCTAAGTAAACACCGTCAATAATTTCTTTGGTATTCGTATCCGTAGGTAAAATAATACCTTCCCCATTATAATTCTTTAATTTGTTGAAATAGGAAGATACTCCACGAGACTTTCCTGGAAGTTCATTCGGTGTTAGTCCATGTTGTTGCAAAAGATCGAAGAAGGATTGTCCTACCATCGTCAAAGCTTCTTTTAATGTTTTAATATCATCAAAAATGGTTTTACGATAGGCTACAAAATCTTCCAATGGAATTTTACGTAAATCATCCAATTGCTCTAAGTTTCGATCATTGGAAATATTAACAGTATCTGCCGATAAGGATTTTCGGATATCCCATGATTTATTATCATCCATATTATCTAAGGCGATGGTAATCATGGTTTCAGTTAATTTTTGATCTTCTCCGATTTTAGAATATAATAAATCTACGGATTCTTCCACCATTTCTTGAGTATTCATTTCCACATCAAAATTCATGGATAAACCTAAATCTTGAGCAAATGATTTCATTAATCTCAAGTTAAATTTATCGATGGTTGATATTGAAAATTTAGAATAGTTGTGAAGAATAGCGATTAAAATTTTACGCGCTCGTTCTTGAATTATTGTAGGATCTAATGCGATTTCTCGAGATAAATCTAAGATGTATGCATCAAATGTTTTAGAAGTATCCGCTAATTCTTCTAACTTTTCGATGATACGTTCCTTCATTTCATTAGCTGCTTTGTTGGTAAAGGTAATCGCTAAGATATGTTCAAAACGATAAACACTTTCGTCTTTAAGTAACAACGAAATAAATTCTTTAACAAGAGTATAGGTTTTACCCGCTCCAGCTGAAGCATTGTAAATTTTAAAATCGCCTGGTTGTAGCACTTCAATAAATTTTTAGAAAGTTAATAAAACTCTACAAGATTAAGAAATTGA
NZ_CP141062.1_gap10	428341	432574	4233	TTGTACATCGATACTCCATCCATTTTTTGATTCAAAGTCTGTTTTTGTAGGTATGACAACGGAAAGTCTATTATGAATAGGAGGAATGTTTTTTAATTCTTTTAGAGTGTTATCATCAATAACAATGGTTTCATTTTTTGAAGGAGCTAACGATTGACTAATTAATTTATCTTTAGAATCGAATACAAGAATTTTATCTTCAACTTGGATTACTTTGGTACCGTTTCGTTTTAACATTTCAATACCAGCAAAGTTTTTAATATCCAAATCTTTTAATTTTGCTTTTATCGTAGGCGTTAAAATCTCATTTGTTGATAGTTCATCAAGTTTTAAAATTTTAGAATTACTTTCTTTAAATTTTGATTCAACATTAAATTTGATGGTGTCATTATTCTTTTTAAGAACTTGTAAAAAGTTTCTGTCTTTTCCAACGACAATGGATTTAATTTCTTTTGGATCGATGTTTTTTAATTGATCTCCATTTTCGATTTTAATATTGTTTTTTTGTACCGCTAAATTTTCAAGTTTAAACTCTTTCGTTTCTCTAGAATGTAATTCGACTTTTCCAGTTTCAGATCTATAATCTATGGTAAAATTTTTAATATCTGCTTTAGGGATATCTTTTATTTCTTTTGGAAAAATCATTCTTTTATTCGTTGAATCAATCGTTATATTATCGGCTGCAATGATTTCAGTATCTTTAGCTATTTTTTTAAATTCGATAATCGGATTTTCTACTTTCTGATCTAAAACGTTTTCTACTTTTTTAGCATTTTGTTTTACTTCTTGTGCAAATGTTTTTTGACTAAATAAAACAAATGCAGATAATATAAATGGAAAACTAGCAAAAGATAATATACGAGCTTTTCTTTTTGATGTATGTTTGGTCATCATAAGTAATCTTTTTTTGGTTAGAATAAAATTGAAATGACTCGCAACTGAATTTTGAGATTGAGCTGCAATACAATCTAATATTTGATGCTGGTATATTTTTACGTCGACGTCATTTTGTAAAACATATTCATCAGCCAAAAATTCGTGGTTTAATTTGATGGATTTTTTATATAAATAGATAAAAGGATTGAACCAAAATACAATCTGAAAGATTTCTATGAATACGATATCCCAACTGTGTTTTTGGATGCAATGTGCTTTTTCGTGCTGAATTAAGTTCGGATGAATTGTATCATAATTTTCTTGTGGCAGAAAGATATAATGCAAGAAACTAAATGGTTGATCAGTTTTATCGTCTAAAACGAAAGTGATTTCTTGTGTTTCAAATTTTTCATCCTGTTTAATTCGGTATATAATAGAAATAATATTGAATACAAATCGGAAAAATAATCCTAGTCCAATAATTCCATAAATCAAATTCAAAAGTTCCCCATAATTCCATCCTGACTCTTGTTCTAAGAGTTGAGGATTAGCCAAAATATATGCTATAATTTCTGGAGAAAGTTGAGTTTCCTGTATAGTCATCGGCAACTCCATTTCGTAGATGGGAGCAACTAAAGAAAACACTAGTGAAAACAGTAAGTAAAATCGGTTGATTTTGTACATACTTTCTCGCTCTAGGAAAACTTTATAAAACGAATAAAGAAATCCAGAGCATAAAACAAATTTGATGATATAAGCTATCATAGGCTATTTCTTTTTCCGGTCGATTTCGTTGTCGATAACATCTCTTAATTTCTCTAATTCTTCGATACTCATCGTGTTCGATTTTGCAAAAAATGAAGCAAATTGAGCAACTGAATTATTAAAGAAATTAGAAATCATTCCTTTCACTTCTTTTGAGAAATAATCATCTTTCTTTACCAAAGGAAAATACAAACGCGAATTTCCTTGTTGTTCGTAATCGATAAATCCTTTATCATACATACGTTTCAATAACGTCGCAATCGTAGTTGCAGCAGGCTTTGGTTCTGGCGCAGCATCAATAATATCTTTGGCGTAGGCTTTTCCTTTCGACCAAATCACTTCCATTACTTCTTCTTCTTTTTTAGATAAATTCATGTTTCTATAATTGTAGAATACTACAAATGTAGAATAAAAATTGAGATCACCAACTTTTTAAGAAAAAATTAATAAAGGATTGTCAAGATGAATTTTATAATGAATACAGTTTCTTTGATAAGCTCAGAGGGAAAAAAATTGTCATTCTGAATTTATTTTACGATCACATTATATTTTATAAGAAGATGAAATGTGCTCAGCTTGACAGCTAGATAAGACAAATCGATGGATTGTAGTCTCGTAGAATTAGAAAATAGTATAGTGAAATACACAAACTGTCGAAATGATGTTATCTTAAACGAATAAGTAGTGAAGAATCTAAATAAAGCGAAATCAAGTCATCCTGAATTTATTTCAGGATCTCATCATATTTTACAAAAAGCTAAAATGTGTTCAGCTTGACTTTTTCTCAATACCAAATTCCTACATTAATGCATTCCCACATTAACGAATTTTAAATTAACACATTAACCAATTAACTCATCCACATATTCCATTATCATCGCTGTAGCATTGGGCGATTGCTGTACAAAATCCCCCGCTTTTTGACCAGCTGACGTTCTAAACGAATCATCGGTAATTAATCGATCAATAATCGCATCAAATTCGTGTTGATTTGAAATCGAAAATCCGCCACCAACTTCAATTAGATCTACAGCTTCTTGGAATTTTTTGTATTTCGGTCCAAAAACCACAGGATTTCCATAGGTCACGGCTTCTAACGTATTGTGAATACCAGCGCCAAATCCACCGCCGATATACGTCATATCTGCATACGCATAGACCTTAGACAGAATACCAATCGTATTTAAGATGAATACTTTTGCTTGAGCAAGTTGTGCAACAGAAGTTTTTTCCAAATCCGAGAATTGAACGAAGGGAACATTTAATTTGGATGTAAAGGCTTCAATTTCTTTGTCGTGTAAATTATGTGGAGCAAAAAGGATTTTCCAACCTTCGGATAAACGTTGATGAATCAAAGGGAGAAAGAGTTCCTCATCTTTAGGCCACGAACTTCCCACTACAATTAATTTAGAATTCCCTTTAAATTGATCCATAAAATCCAATTGATTGTTTTGATGCACAATTTGTTTTACACGATCAAATCGGGTATCTCCCGCTAAAGTCGATTGTTGAATGCCAATCGAGTCCAATAAGGTTTTACTCTTTTGATTTTGAATAAAGAAATGTGAAATCAAATTTAATTTTTGGGCAAACCAATTGTTACCATTCTTCTTAAAGAAGTTTTGACTTTCTCTAAAAATTGCAGAAACCACTATCGTTGGAATATTTTTTTGGTGTAATGCAATAATCAGATTAAACCAATATTCATATTTTACCAAAACCAACAATTCGGGATGTAAAACTTGGATTAATTTTTCAGCATTAGCTTTTGTATCGAGTGGTAAATAAAAGATCACATCAGCGCCTGGATAATTTTTACGAATCTCGTATCCAGAAGGCGAAAAGAAAGAGACCGCAATCTTATGATTTGGATATTTTACTTTTAAAGCTTCAATGACAGGACGACCTTGTTCAAACTCACCCAGAGATGAACAATGCACCCACAAAACTCGATCCTTCGGTTGTATTTTAGAGGTGATTTGTTCCTCCCAATTTTTACGCCCTTCTACCCAAAGTTTTGCTTTTTCATTAAATCCTGAAGCCAATTTCAGCGCCAATCCGTACGCCTTAATCGATGTGTTATATATTCCTTGCACTATGATGCAAAGTTAAAACTTTTGATTAAGGTTTTTTTGTACATTTGTCTATAGTTTTCGATTCGAAAAACAATTGAATCGATCAATAGAATTCATAGGCTATGAAAAAAATTCAAATGGTTGACTTACAAAGTCAATATCAAAAAATAAAATCAGAAGTTGATGCTTCGATCTTAAACGTAATCGAATCGGCTGCATTTATCAATGGGCCTGAGGTAAAACAATTTCAAGCAGATTTAGAGCAATATTTAAATGTAAAACACGTCATTCCTTGTGGAAACGGAACAGATGCTTTACAAATCGCTTTAATGGCATTAGGTTTAGAACCAGGTGATGAGGTCATCACAGCTGACTTTACGTTTGCTGCCACTGTGGAGGTTATCGATTTATTAAAATTAAAATCAGTTTTGGTTGATGTAAATTTAGATACATTTACAATCGATACAGAAAAATTAAAAGCTGCTATTACGCCTAAAACAAAAGCAATTATTCCTGT
NZ_CP141062.1_gap11	464372	465888	1516	CTTTATCAAGAATTTCTACTATAAAATTTTTATCGAAGTCTTTATTTGGATCAAATAGTGAGTTTAAAGACATAGATTATCTTTTTATAGATTGGTACAAAAATAAACATTCTATCGTCAATACAAATGTTAATTTCGATTTATAATTGGTTGGTTTAGGGTGGATAAATTAGAATTTAAATTCTTTTTTATCGATAAAAGGATTGATCGTTATATTTGAAAATCGAATGATATATTCTCCTCCTTCTTTCGGCTTCCCTATGATTTTGGTCGCAAAAGATAATCCTTGGAAATTTTTATAATCCTTATAGAATAATGTTTCATCTTGATTTGTTTCCATCACCAAATGATAAGATTTATCATCAAAACAATAATGTGAAACATTTTTATTTTTAGTTAATTCGACATTATAACATTGTTTCCCTGCTTCGTAGGTTTCTTTTCCTACTAATCGCACTTTAAACCCTTTTTGCTTGTATTTCAACAAATCAGAATCAAAGGCGTCGGGAGTATAATGAGGAACAACTACATTTTTCTTTTGAATTTCACTGTAAGTCCATCCTTTAGAACCATCGTATCCTTCGTTTAAAATCTCTTTTCCATCAATCGTAAATGTTACTTTTTTATAGTAAGGACGTTGATGTTTGATGGTAATGGGATAAGAATAATCCACATTCAGCATGGCCTAACCTTTCAAAATGATACTGTTTAGATTATTCCAACTCTTCTCTCCTCCCGTTACTTCCATATTTTTGTCTAAAATTTTATCCACATTTTGGGCAGATAATGCGGTAGCCATTATACAGAAAGTAAATAGAGTTGATTTAATTTTTAACATTATATTTTTCATGGTTTATTCGATTTTAAGGTTGAATATACAAACAAAAAAAGGAGATTTAAAAATCTCCTTTTATGCTAAACTATAATTTTAGTTTATTTAACTTCAATATGAGACCAGTTTTCACCTCTCAAAATACGGTAAACTTGACCTTGAGAAATATTAAACTGCTTAGCCAAAGTCGCGATTTTAGTTTTACGATTTGGATCCATTAATTTCTTTTTCAGACGAACAACTTCTTTCTCAGATAATTTGCTGTTAGGAATACTATCTAATCGAGAACGCCCCTTCATCATTCGGAATAAATCTTTGTTATGTTCTTTCCACTCCTCTAAAGTAGCCCATTTTAAATTCTCAATATTATTGTTCAATTTATTATGGTCTAAGTGAATCACATACTCTTTGTTCTCTTCATTTGGTAAAAAAGTTTCTGCAACCATTTTATGAACATACTTCGCTGTTCTTTTACCATCTTCTTTAGTTACCCATATTGCACGGTAACCATTATTAATTGCACCTTCTAAAATTTTGTACTTGTCTTGGCCTATGTAAAGTTTTTTGACTAATCCACTTCCTGAAACAAGAAACGATCTTTTATCAATTAACCCCTCACACTCATACTCTTTCCATGAATCACTCATAATCACTAAATTAACTTACTTATATTTATAAACAACA
NZ_CP141062.1_gap12	569200	573254	4054	GATGCAACATTTAACACCTCAGAATAATTTCCCCAATATGCATCTTCTGCCGATCTATTTAATTTAATATTCTGATTTTCAATTTTATCAGACCCTGACTTGACGTAAGATGCATCAACATCACGTTGATTGTCTGGATATTGTAACGATGAAGGTGGTGACACAATAATATCAGAATTAATTAAAGTACAATAATCGTCATTATTTGTAATTGTATCTTCCTCTTCAATATAAGCATAAAATACTGATGCTAAATCTGCAACACCAATTAATGATCCTAATTGAATACGTACACCATTAAATTCTACAGGTGATCCTGATGTTGTTGATGGAATAAAAGAATATTCAAATACATTATCACCTTTTAAAGCATCTAAAACACCTCCTTTAACACCTTTAGTTGCGCCTACTAAGTTTGGATTTACCCTTAAATTATTTACTGCTCTATCTTCTTTAATTGCTCTAACCGATAGCCCTCCTGCAACTTTTAAACCGGAGTATTGTTCTCCTAATTTAATTACTACTTTTTTATTTTTTAGATTTAATAAATTTCCTGATTCATCTGTAAAATATAAATCAACACCGACTGTACCAATCCCTAATAAAACTACACCACCAGTAAGCGTTGCTGCATTAGCTCTATTAATACGATATTCATTATTTATAAGCTCAGGAATAGCTTGTTCTGGATTGGCAACACCGCTTAATCCTGAAGTCCAAGACTTAACATGTGTTGCAAATGTTCTTTTAGTATATACATTACATTTTCTTACATCATATACAGTTACAACAACAGTTTGAGATACTTCACATCCCACAACAGGCGCTCCATCAATTGATTTAGCAGTTAATGTAAAACGATGTTCTCCTTCAGAAAGGGCTAAAGTAGGAGGTGTATTCCCTAAATTCTCTCCATTTTGATTATAATAAGTAAGCTCTACATTATTATTTGAATTGGTCCCGTTTACAGAAATTAATCCTTGCGGTAAAGTATATGTTACAGGCAACAAATCTCCATCTTCAGAATAACTTTGACCTGCTACTATAAATGAATTAACGTTATTTGGTAAAGAAAGATCCAATTTATAAGGCTCAACTGTGATTATATTAGACACAGAATTTAGTTCTTCAGATTCTGTATTATAAACAAAACGTCTAATTATAGTTTTCTCTGTAATATTAGGAATTGTAACATTATCTGTGTTAGAGAAAACTTTATCTGGTTTTTGTTCATTTTCTGAATCTAAATCTTTTAAAAATTCCCAATTTATGCCATTATCTCTACTTACTTCATATTTATATTTTAATCCTGACCCTGCCCCTTGTACATTAGAAGATGCTGATGTTTTATTTGATATTATAACACTCCCATTATAACAAGTATATTTTGATGTTGGTCCGTTAGAATTGTCAAAAGCGATCTCACCTGGATTTGGTGAATTAAAAATTTTTAAATTATATGAATTATTCAAAAGATTTACAGGATTAGAATATTCTAGATTAAAGTTGATTGTTCTAATCTGATTATCTCCAAAATTTAGCCTACCAAATCCCCTTTCTTTTTTGAATTTTATTTCTTGGAATTCGCCAGGATTAATAGTTATATTATTATTTAGTTTAAAGAAGTGATCTCTACTTGTGTCGAATCTATAATCATCTGAGTGAGTAAATTGTCCATAACTATTTGTAAATGCTGGAATAATTTCATTTGATAAGCCACCCGAATAACTTGTGTATGGTAAATTAAAAGATACTTTAATATTATTACCATTTGAGATTATTGGATTCTTCCCAACATTCGTTACTCTTATAGTGAAAACATTATCTTCTACGAAAGTTTTTTCATTTTGAACAAAAACCATTAAAGACAAATCGTTATCTACCAAATCGATATTAAGATTTTCAATAGATGAATTATTTTCAAAATAATTTTCTGAAACATTTAGCCCAGTTACTTCAGTTTTAGATAAAATTTTATTTTCAATAATAGCGTTTAATTTTAAGCTAATAGTCAATTTTATACTACCCTCAGCTGGAATTGTAACCGTACCAATCAAATTATTATCTTCATTTACTGTCAAATAATTAGAACTTAACGTAATTTCTTCATTAGATTTAATCTGCTTAATATTCCACGAATTGAATTCTACTATATTTTTATCTAGAATTAAAACATTTTCTGTATTTAATAACGCCTCATTTATTCTTACTAAAGCATCTTTATTAGAAGAGTTAGAAATTTCAATAACATAATTTAAAATTTCACCATTTTTTCTTGACTCAGAATTATTAGTTTTATTAATAGATAAAACATCTTGTTTTTCCTGAAAAGAAAATGAATTATTCTTACAGAACCCATCAACACAAACTTTATAATTAAACATCATTTGAGGCCTATAAGTTACGATAGATGGATCCACTGTAACTATACCTGTTTGAGTATTTAACGAAACCCCATTAGTCCAGTTACCTACAGTTTCAATTGAAGCACCATTTGTACCTAAAACTATATTAGTCTCTAAACCATTTGAATTCATGTACTTATCATTTTCAATAATATTAAATGATTCGTGATTAACATTCCAAACAATATTATCAAACCCAAAAATGATATCTGGTTCAGCATATTTTATTTTAAAATAAGAATACTGATTGATTAAATTATATGAATTTTCATTTTTCCCTATCATTTTATGGAAAAAATCAGAGTTACTTACATTAGCTGACACATTAATTTGAAGCAAAACGAGTAAACAACTAAGGAAGTATTGAATATATTTATACATACTATAAGATGTTTATTTTACTTAACCTTTAAAACAATATTCATAAAAGAACCATTTCTAATTATTTTATTTGGATCTACTTGATAACTCAAAATTCCTTCAGGAGAAATTGATGTGTTTGAAAATAATGATTCATCTATAAAAGTTACATAATATTCATATTTATCACTAGAAGAAACGAAACCACATAGTCCTTTACTTGGATTTACATTACAGTCTAAGTTTTGAATTTCAGAACTTGATAATGCTGAAGATGCTACGGGTTTTAAAAATTGTTCTTTAAAAATATTATATAAGTCTACAGTAAATATCGTTTGATCACCTTGAGTTACAGTAAAATTAGCATTATTCTCATCTGTAATTCTAGCATCATCAATTCTTGTTGGCAATGCTACAGAGGGCATATAAAAGAATTTAGACGATGAATCCATACGTTCCCAAATTCCTTCAATATTATCTCCTTCTGGGTGAGAATAATAAAAATATCCTGGAGAAGTAACTTTAACAGTTTTTCCAGCTGGAGCAGAATCCGCTTCAGTAACATATACAATTGCACCATTTTGAGCAGTTGTATATAAGTCATTTTTTGCTCTTAATTGATTTCCAGTAATACGAGGCGCAATAACCCCATCAATAACATTGTTATCATCACCTTGTCCAATAATATCTAATGTTGCTTGAGGTGTATCGGTACCAATACCAACCTGAGCTTGCGCTAATGTAAAAGACGAGGCTGTCTCAAAAGTGAGACAGCTTTTTTTAAGAAAAAAGGAAAGCCTAAGCTTTCCCAATTGGTGCAATTTTATTAAATTGCTGTGTGTATACTAGTTCGAAAATAGTCTTTAAAGATTACAATCCCAAAGAAAATTTGCTTTTTCCTCCAAATTTATCGGAGTTGATAGAAGAAAAGCATCCTGTTAGAGTTATTTCCAATATAATAGATGGTTTAGCAATTAAAAATCTTATTAATAGCTATAAACCATATGGAACATCATCTTATCACCCAAAAATGCTTCTGAAAGTGTTGATTTATGGCTACCTAAGTAATATTTATTCAAGCCGTAAATTAGAACAAGCACTGAAAGAAAATATTCATTTTATGTGGCTTTCTGGAATGAATCGTCCTGACCATAATACGATAAATCGCTTTCGTAGCGAGCGATTAAAAGGTAAACTGAAATCTATATTCACTCAAATAGTCTTGCTTTTAGAAAAAGAAGGAATCGTTAGTTTAACAACCACTTTTGTTGATGGGACTAAGATTGAGG
NZ_CP141062.1_gap13	579233	582861	3628	AATGACCCAATGCCTCACTGTCACATCGTAACAACAACAACACACAAAACGTTACGTGGACCTCGTGGTGGAGTTATTATGATGGGGAAAGATTTTGAAAATCCTTGGGGTTACAAAACACCAAAAGGTGAAATCAAAATGATGTCTCAATTATTAAATGCTGCTGTTTTCCCAGGAACACAAGGTGGACCATTAGAGCACGTAATCGGAGCAAAAGCAGTTGCTTTCGAAGAAGCTTTATCTGATGGATATATGGAGTACATCTTACAAGTGGTTAAAAATGCAAAAGCTTTAGCTGATGCATTAGTAGCGAAAGGATATGATATCGTTTCTGGAGGTACTGACAACCACTGTATGTTAATCGACTTACGTAACAAAGGAATTTCTGGTAAACAAGCAGAGAATGCTTTAGTAGAAGCTGAAATTACGTGTAACAAGAATATGGTTCCTTTTGATGATAAATCTCCATTCGTGACTTCTGGTATCCGTTTAGGAACTGCTGCGGTAACAACTCGTGGTTTAGTAGAAGCAGATATGCAAACGGTTGCTGATTTCATCGACGAAGTATTAATGAACATCGATAATGAAGAAGTAATTGATGCGGTTGCGGATAAAGTAAACGAATTTATGGCGGATCGTCCATTATTTCAAATGAATTAATTTACTAGTTTTTAGTAATTAAGTAATAGTATATAGAAAGTCCTGAGTTTTACTTGGGGCTTTTTTTTTGTGGCGTTAGGCGTTAGGAAAAATTACATATTGTAGATTTTATAATGCATAATCAAAAAAAAAAGCAACCTCTGAATGAGATTGCTTTTTTAAAATATGTCGAATATTAAATTCTAATCTTATGCATTTAATGCTTCCGCACCACCAACGATCTCTAAGATCTCGTTTGTAATAGCAGCTTGACGAGCTTTGTTGTATTGAATTTTCAACGCTCTTTGTAACTCGCTTGCATTATCAGTTGCTTTATGCATTGCCGTCATACGTGCACCGTGCTCAGAAGCGTTAGCATCTAAAACAGCTTTGTATAATTGCGTTTTTAACGTTTGAGGAATTAAATCATTTAAAATCTCTTCTTTCGATGGAGTAAAAATGTAATCTAATTCAGCTGCATTTTCTTCTGCCCCTTGTTCTAAAACTACAGGTAAGAATTGCTCGTCTTGAACGATTTGTACTGCCGCATTTTGGAATTGGTTGTATACGATACGAATTTGATCATATTTCCCTTCCTTAAATTGAGCTACTAATTCGTCAGCGATTTTTGCAACATCTGCAAAGTTTAAGTTATCCCATAAAGCCGATTCATTAGAAGCAATCATGCCTGTTTTTTTATACGCTTCGTAAGCTTTCTTACCAATCGTAATTAACTCAACATTTTTACCTGCTAATTCACCTTCTAATAAAGCGTTAACTTTTTTAATAATACTAGAATTATATCCTCCACATAAACCACGGTTAGAGTTAATCGCTACTAAAAGTACGTTATTCACTTCACGTTGTTCTGTTAAAGCTCCTCCTACACCAGCATCTAAAGTAGAACTTACATTTTGTAAAAGTTCACGTAATTTATTTGCATATGGACGTAGTTGAACAATAGATTCTTGTGCACGATTCAATTTAGCAGCCGATACCATTTTCATAGCACTTGTAATCTGCATTGTTGAACCTACAGAAGTAATTCTACCACGGATTTCTTTTAAATTTGCCATATAACTTTATAAGTTGAAGGATTATATAAAATCAACAAGGAACCGAAGCTCCTCGTTGAAATAGATATTATTAATATTTAGCTGTTGTATCTGCTACCACTTGGTTTAATGTAGCGATGATAGCATCATCCCATTTACCTTTACGGATAGTTTCTAAAGTATCAGCGTATTTGTTTCTTAATAATTCAACAAAGTCAGCTTGCCACTCTTTTACTTTTTCAGTAGGAACATTTTTCAATAAACCATTTGTTCCTGCGAAAATTACAGCAACTTGCTCTTCTACTGGCATTGGAGAGTTCACTCCTTGCTTTAAGATTTCCACGTTACGAACACCTTTTCCGATAACCGCCATTGTAGCAGCATCTAAGTCAGATGAGAATTTCGCGAACGCTTCTAACTCACGGTATTGAGCTTGGTCTAATTTTAATGTACCAGATACTTTTTTCATTGGTTTAGTTTGTGCAGAACCACCAACACGAGATACAGAGATACCTACGTTGATCGCTGGACGAACCCCTGAGTTGAATAAATCTGACTCTAAGAAGATCTGACCATCTGTAATCGAAATTACGTTTGTTGGGATATATGCAGAAACGTCACCTGCTTGAGTTTCGATGATTGGTAAAGCAGTTAATGAACCACCACCTTTCACGATACCTTTCATTGATTCTGGTAAATCATTCATTTGAGATGCAATTGTATCATCAGCGATGATTTTAGCTGCACGCTCTAATAAACGAGAGTGTAAGTAGAAAACGTCACCAGGGTATGCCTCACGTCCTGGAGGACGACGTAATAATAATGACACCTCACGGTATGCTACCGCTTGTTTTGATAAATCATCATAAACGATTAACGCTGGACGACCTGAGTCACGGAAGTACTCTCCGATTGCAGCACCTGACATTGGAGCATATACTTGCATTGGAGCTGGATCTGATGCATTAGCAGCAACTACTACTGTATATTTATCAGCACCGTGATCTTGTAATGTTTTCATGATTCCTGCAACTGTAGAACCTTTTTGTCCAACAGCAACATAAATACAGTAAACTGGTTCCCCTCTATCGTAGAATTCTTTTTGATTTAAGATTGCATCAATAGCAACAGAAGTTTTACCTGTTTGACGGTCACCAATGATTAACTCACGTTGACCACGACCAACTGGAATCATCGCGTCGATAGAAACGATACCTGTTTGTAACGGCTCGTTTACTGGCTGACGGTAGATAACCCCTGGAGCTTTACGCTCGATTGGCATTTCATATAATTGACCTTCGATTGGACCTTTCCCATCGATAGGATTTCCTAACATATCTACTACACGTCCTAACATTCCTTCACCTACGTTGATAGAAGCAATTTTATTAGTACGTTTTACAGTATCACCTTCTTTGATTCCTGTAGATTTTCCGAAAAGTACAATACCTACGTTATCTTCTTCTAAGTTTTGTACCATTCCCTCTAATCCATTAGAGAACTCTACTAACTCACCGTATTGAGCATTATCTAACCCATAAACGCGAGCAATACCATCCCCAACACTTAGAACGGTTCCTACTTCTGCTAATTCAACTGCTGAATCGAAGCTAGAAAGTTGTTGTTTTAAAATAGCTGAAACTTCAGCTGGATTTATTTCTGGCATCTTTGAAATATTTAATATTTAGGAATGTAATCGTTATTTAAAAATTCTTTTTTAAGTGAAGCTAATCTCGATTTGATTGATGAATCGATTTGTGTGTTTCCAACTTTTAAGACAAATCCTCCAATTAAAGAAGGGTCTACTTTGTTAACCACTTTCACTTGTGCATTTGCATCTAAACCTTCTTTGGCTTTTGCTACAATTTTATCAACCGCTGGTTGATCTAACTCAACTGCTGAAGTAATTTCTGCAATAACGATATTATTGATGA
NZ_CP141062.1_gap14	604265	605006	741	GCTTCCGCAGATAGTATTCCAACTTCTTTAGGACAAGAAGATCACGTTTCGATGGGAAGTATCTCAGGACGAAAATTCAATCAAGTATTAGATAATGTCGAACGTATTTTAGCCATCGAGTTAATGTACGCTTGTCAAGGTTTAGAATTCAGAAGACCAAAACAAACTAGTCCATATTTAGAAGAAGTTTTTGCAGCAGTGCGTGGAATTTGTCCAAAATTAGAAGAAGATCGCTTAATTGGTGATGATATCAATAATATTATCGCATTATTACAAACGGAAGCATTTCAGGATTTAATTATGAAGTTTTAAAAATGAATTATACCTATTTATTAATAAGTTTTTTATCCATTACAATTGGATTATTTGGTATGTATAAAAATCAATTTTGGAAATATAGTATTGAAGATTCTCTCAAAATTACAAAAACCCAACTATTTGGAAGCTTCACAGCATTATTAATAATTGGTTTATTCTGTTTATTAAAAATTTAATCAAACCACACAAAAAATGACATTTCAAGAACAAATAAAACAAGGAATTCCATCGGTTTTACCTCCGAAAAATATAGTGAATAAAAACATAAGTCATGCACCAAAACGCAAAGAAATCTTATCTGACGATGAGAAAAAATTAGCGTTAAAAAATGCCTTACGTTATTTCGAACCTCAACATCATGCAGAATTAATTCCTGAATTTAAAGAGGAATTAGAACAATACGGTCGTATTTATATGTATCGT
NZ_CP141062.1_gap15	613113	615345	2232	CTTTAACGTTTGATTAAATAAATTCCATACGTCTATCTATTGTTGAATATTTATTCAAGTATCATATTGTTTCATGTTAAAATATTATCTTTTTTCGATTAGGTTAAGGGGTTTAAATCATTGAAATATAGCTTTTTATTTTTTGTAAATTCAGAATATACAAGTTTTAAATGGACATGCTTTTTAATTTCATGCATTTAAAAACAGATGATTTTTTTTAACGGTATAAGGATCATTTACTTTGAAAAAATTTAACACACGAAAAAATGTTGATGAAATCTACTTTAAAAACATCTATTGCTTGTTTCTTATTCTCTACAAGTTTATTCGGACAGTCAATAGAATTCAGAGCCTTTGATGTGGCTTCAAGTGTCGTACGAGGTATATTAAACAATGGAGATGCTCTAATGGTAGGTTATACCTACAACTACGAAACAAATGTGCTGACTCCAAAAGACAATGGAGTTACTACCCAGGCTCATATGAATGCAAATGGGGATAAGGTAGGAACAATTACGATTGATGGAATTGTTCATCCCGCGTATAAATTAGCGAATGCGACTGAATGGGTCGTAGTTCCTGTTTTTGATAACTTTGAATTGGGTGACAATACAACGGTATATTCTATCAGTAACAATGGTCGATACATTGTAGGTCAAATGAAAACGGTACCATTCATATATGATATACAAAATCAAGAATTAACCAATTTACTTCCTGAAGGGTATATGTACGGTGCAGGGTATAGTGTAAATAACGATGGAACAGCCGTGGGATGGATTGATGCTGCAATTAATGGAACATTCCGCGAGTTAGGAGTGATGCAGAAAGATCAACCGTTACGCAAATTATTAACGGATATTGTGATGCCTGTAAATAACCATATTTGGCATGTAGACGATAATGGATTTGTGGTAGGGGAAGTAGGATTAAAACCATTCAGTTATAACTTAAATACCAACGAATACCGTATTTATGATTTACCCGCGGGCTATCGTACAGGTTCTTTTCAATCGTCATCGAATGGAATTATCGTTGGCTATGCACAAAATATGGTAATGGATCGTGATGCCATTATTTATCATGAATCTTTTGGGAATCAACCAAAATTAATTAAAGATTTATTAATCGAACAAGGAATCGAAATTACAATTCCTGGAGGGAAATTGGGCTGAGCAAATGCAATTTCTGAAAATGGACAGTTTATTGGAGGAAATGAAGTTGGAAATGGAAATATTGCACCAGGATGGATTTTAAACTTAAACAGTTATTTTGAATCAAATGGGTGTCATATTCAAGTTCCTTCGGATATTGAAGTTCAAATTAATTTAGGAGAAACTTCTGTAATTGTTAATTATGAAGTAACCACTGATTGTGCCGATACACAATTGGTCATGGTAAGTGGAATTGCATCTGGCGAAACATTTCCAATTGGAATGACGACAATAGCATATAATGCTGTAGACCAAGAAGGGAATGTAGTAGGTTCTGCATCATTTAAAGTGAATGTAAAAGATTCGTACTGTACTCCTCGTTTTGCTGCAATCGTTGAACCAATTACGAAAGTAGAATTTGGAAGCATACAAGACAATACCACTTCGTATGTGACAGCATCTGAAAATGAATATTTCTTAGAACAATCAACGGATGTAATTAAAGGGGAAACTTATACGATTACTGTTGCTGGTAATATAAATGGGATAGCTGAGACAAGTCAATTCGTGGTATTCTTCGATTTTGATCAAGATGGAATATTTAATCCAGATACTGAAGGATATTATATTGGTTCAATCACAGGTTCAACAGGTGTAGATGGACAAACCGTATCAAACCAAATTACTATTCCAACGGATATTTTAACAGGACCGACTCGTATGCGTGTAATGAAAACGTATCGCTTAGTTCCAGAGAATCCATGTTCATTGACTTATGCGTATGGTCAAAGTGAAGATTATACGATAAATGTTGTGGAAAATTTAGGTACAAATGATATTGCCAATCAATCGATTAAAGTATATCCAAATCCAGTTAAAGATGTAGTAAATCTTCAAACTTCTAAAGAAGTTAACACAATTGCCATCTACAATTTAGCAGGACAAAAAATCATATCAAAAGAAGTTAATATAATCAATCCATCATTAAATGTTTCATCATTACCAAAAGGTGTTTACATTTTAAAGGTGGAAACAAATGAAGGATCAATTTCTCATAAAATCATTAAGGAGTAGTGTT
NZ_CP141062.1_gap16	786422	788545	2123	TTAGAAATTAATTCTTCTAACTAAACAATTCGTGTAAGACTTGTAACGAATTCGGCTTCTTAAAATTGTTGGTATGGATTTGATAATATTTGACCAATATATCCAATAATAAGCCACGTTGCTGCTGATTGAAATGGTTCTTCGTTGTTAAATCGAAAGGGGTATTTAAGAGTTTTGTGAACAATTCCGTTTCGATAGGATTCAACATATTAATCGAAGAATTGGATTCAGAAAAGAAGCCGTTTTCTAAATCAAATAATGTAGCTTTTTCATTATCGTCATTCGGATAAAATCCTAAAAAGTGGGTTAGATTCATCAAGAAAACCAGATGAAAATCAGCAAAATCTTCTTTCTTCTCATCAAATAAAATCAAACTTTGTTTAATAAATTGATACAAATCGCTGTTATGTTCTTCCGCTTTTAGAATCAAATTTAAAAGTTCAGCTAAGAAGAAAACGATAGCTGACTTCACCGGATGAAAATGCAACGATTCGTAATAATAAGCCGTTTGAGCTGATTTTAAAAAGACCAATTGTTGGTCGTTATTTTTAGGTGTATACGCAATGTCGATCTCGTTTAACGGAAAATAAATGGATGTATTTCTTTTCTTTTTCGAAAACACTCCTTTGGCTATAAAAGACTTCAAGCCTAATTGTTCGGTATAGCAACGAACAATTAAGCTTGTATCTCCATATTTTAAACTTGATAAAACAATTGCTTTTGTTTCGATCACTTTCATTATCGCACGACTGCTATTTTAATGGTTTTGGTTTCTGTTCCATCCGCATTGGTCATTAATACCAAATATACGCCTGATGCAACGTCTTTACCCTTACTATTTTTGGTATCCCATTCTACAATTCCTCCATTCGCTTTTGCTTCGTAAATTAAATTACCCGTTACATCTGTAATTTTTACCGAAGCACGATTCGGAATATTTTTAATGATTACTTTGCCCTTAAACCCCGGTCTTACTGGATTTGGATAAGCAATCACCTGATCAAAATTATCTCCAACATCCTGCACATCTCCATTGAATACCACAACCCCTTTATCCGTCGCAAAATAGACTTTACCATTGGTATCATCAATCTCGATGTCATTAATAATATCTGAAGGCAAAGGCGAATTTTTAGAAGTAAAATGATAAATGGTTTGTTCCCCATTATCTGAGACATAATAGGCCTCAGAGGTATGCGTTGCAATCCATTTACGATTAGCCTTATCTACTTTTATATCATTCACTCGAATTGAAGTTAATAATGCTTCGGGAATGCCATCTTGAATGATAACAATTGGTTGAGTTCTCAAATTACCTGTTTCTATTGCGGTATCTCCACCACTAAGCACTGTAATTCCTAATTGTGTTCCGATCCATACCGTGTTGTTTTGATCTATAGCTACCGATAAAACCGCATCATCGTATAGCTCTGCATTCGCCTTCGTTAAAGTCGCAACTTCATTCATATTTTTATCCAACACTGTTAGCCCACCAGCACGCGCATTAGGATACCAAATATAATTGGACGAAAATTCAGGAGATAAGGCATTGGATGCCGAATTTTTATAGACGAGTGATTTTTTCCAAGTATTGCCTTTTCGCTCGTAATAGTAATTGGCACGATCGTTATAAGCACCGTTAATTTGTGGCCACGAAGTACCTAAATATAAATTCCCATTCTCATCAAAAGAAGCACTTGCCGAACGAAACATCCATTCCAATGGTGAGACGATATGATTTAACGAATAAGTATTATCTTCTAAATGAAACTCCATTACTCCAATACGATTATTGTAACTCCAACTGGTCGCTTCGAAATAAGGTACGGCAACAAAATGATTATCGTCTTTAGGATTGACTGTAATTCGGATAAAATCTTTTGCATTATACATTTCCGCACTTTTAAAATGCTTCCACTGAAATTTATCGAAATAATAAAATCCATCTGAATTCCCTGTTGGCTCATTAAAGTTACTTGATCCTCCTGGAGCAATCCAAACTTTTTGATTTTTCACTGCTAATCCTACCGATTTATTATTGTATGGTCCATCAGGTTTATATCCTTGAGGATCTTGATAATATTGAGCTGATAAATCAAAATCAATTAAACCAAACTGGGTAC
NZ_CP141062.1_gap17	879602	882838	3236	TGAATTTTTATCGAATAAATTCTGATCCAATTGCAACCATAAAAATTCTAATGAATCAAAACTATTGTTGGTGTACGTAATTTCAGAGTAACCCGAAATTTCGTTCGTCTGATCATTTAAGGTCACATTCAAATGATAATCGGCACGATTTTGCCAATAATTATGCCCCGGCTTTCCACTCGCAGAACGTGTTTCTGTAGCATTATTTTGATAAAATAAAGGCTTAAATGCTTCGTGATAATCATACGTTGGTGCTTCTTGAGCATTGGCTTGAAACGTTACCAAACCTAAAAGCAACACCATAGCTTTTGAAAAATTTTTATTCATTTGTCGTTTTTTATAAAAGGATGAGAGATAAAAATACCTCTTATTTTTCAATAAGAGGTAGATATGAATAAGAATTTGTATTTTTTATGAATTATAAAAATCACTGGCTGAAGTCATAAACGCATTGAATGCCGTAGTGACTTCTTCCTGAATTTTATTGGTTAATGGGAATGGAACCATATGAGAATAATCGAAAGGGAAATCTTGAATTTCGACATCTACTTTGATGCTACGATACCCCCCTTGTAATGTATTCAATGCTTCCATAGGTGGAGCTACTTCATCTTTTTCTAAAACATATGCTTTAACTTGACTTTGAATTTCTTTAATTCGTGTCTCTCTCTGTTTTTGGAAATAATTGTAACGCAACATCATTTTAAACCAACTTTCTTGTTGATGCAATTCTTCATTTTGGAAATGACCTAAACGTCGATCCGATTTGAACTCAGAACTTAATAATTCCGCAAAAACCGTTTGCATTTTAATTGCTGCGCGGGCATCCATAATGTATTTAGAAATCGGGAACATTCGGTCTATCGTCATTCCACCACAAAAACAAAATAACTTCGAATCTTTAAAGATACCTTCAGGATCCGCCATTTTAAGAATCATCGATAAGAAAGAACCAATCGAATACCCAAATAAGTCGAAAGAGGAGTCAGTTGAAATACTTTTAATTTCATTTGCTCGTATACTTTTAACCAATGAGATAACATCAGAATACGTTTGGAATCCTGACCAGAAAATTCGTTGAGGATGTGCCTCTAAACGAGAACTGATGGCAGCATTCACAAAAGAACAATCAGAATTATCTTTAAAATTCTTTTTACGGAAATTAGATACTTCTACCATCGCATGTCGATCCGACCAAATTTCTTCCGCTCGGTTCATATGGAAAGCAATTGGATACAACACAATCGCTTTTTTGGTTCTTTGTGCCAGTTCATAAGCCCATGGCAAATATTTATCCCAACGTTTTTCATTTAATCCATGAAAAAAGATAATCGACCCTTCTGCTCGATCAATATCTGCACGTTTTAAAATATAATAGTCAAAGCTTTTGTTGCACTCGATGTCATAATCTCTAGAATCTACCGAAGGTAATCCGTAGAATATGTGCGATTTATCTTCATTGGTACTAAACTCAAGATTATGCTTATCACAACGATAGGTAGGAGAACCGTGTAGTAAATTCCCTTTTTGAGAATCAAAATGAATTGTTTCAATCGTCAAATTTAAATCTTCTGCCATTTCAAAAGTAGATTTGTTTTCAAATCGTTCTTTTAAAACTTCATATAACTCATTGTAATTCATAAGTATAACACCTTAAAGTTCTAAGACTTTATTTTTTTATTCTTGTATAAATGATATAACCTCAAAGTTATAAAATTATTATGCATGCCGAACAGTTTACACCAAAAAAAAAGCCCAACGAAAGTTGAGCTTTAAATGATTATCATTTCAGATTAAAAATCTTATTTTTTATTGGCGTATAAAACAGGGTTTAAAGACTCATCATTGTACATTTTCATTTGTTTGTACACTTTCATGTATTTGTTTCCTGCTTTAAAATCTTCTAATAACTCTTCGATTGCTGTTGACAAATCAATGTGTTGTTGTTTTAATACGTCTAATTTTGCTTGACAAGCAGCAATATGTTCAGGAGTAGCATCTGTACGATCAACTTCTTGTTGCATGTGGTAAACTTTTAACGATAAAATCGAGAAGCGATCCACCGCCCAAGCAGGAGATTCGGTATTAATCTTTGCATCCGCTTTTACTTCAACATCAGCATATTGTTGTAAAAACCAGCTATCGACGTACTCTACCATATCCGTACGTTCTTGATTTGATTTATCAATCCATCGTTTTAAACTTAACGCTTCCACAGGATCAATTTGAGGATCACGAATGATATCTTCTAAATGCCACTGAACCGTATCAATCCAGTTTTTTTTGTATAACAAGTGCTCTAATAAATTAGACTCGTCGTAAGGATTTTCGATTGGTTTGTTAACGTCGTCGAATTTATGGTAATCGTTAATTGATTGGTTGAAAATCGCCCAAGCTTTTTCTGTAAACGTCATTGCTGTACTTATGTTTTGTATTATAAAATAAAAGCATTGTAATTAAAAAGTTGTTTCAACTACAATGCTTTATATAATTTAAAATTATATTTTAATTTTCTTTCTTAGGATCTTGGTCCTTATCTTCATTTTTCGTAGCATCTTTGAATTCTTTAATTCCAGATCCTAATCCTCTCATTAATTCTGGAATTTTCTTTCCTCCAAATAATAAAAGAACTACGATAATAATAAGAATCCATTCTTTACCTCCAAACATTCCCATATTGAACTGATTTTAATGCAAATATACTTAATTTATGTTACATTCCTGCAATCCATTGTGCAGGATTTTGTCTTGTTGATCCATTCCAAACTTGGAAGTTCATCACCGTTTCCCCTGTAGGAGAGGTATCAATTAATCCTAATAATTGTCCACGCCCTACTTTATCACCTTTAGAAACATTCACACTGGATAAGTTGGTATACACGGTAAAATAAGAGCCATGACTCACTAATACGGCTTTGTTTCCTCCTGGTACGGCCATTACTGTTGTTACAGTACCTTCAAATACTGCTCTTGCACTAGAACCTTTTCCTGTGGCAATATCCACACCACTGTTCACGGTTGTAATGTTTGATAAGATTGGATGCGAATTCGTTCCAAAATGACTCACTACTCGACCTTTTGCCACCGGCCATGGTAAACGTCCTTTATTGGCTAAGAAATCTCCTGACAATGATCCTGAATCAGGTTTATCATCAAAATTCTCTGCTGGTTTTGGCTTATCCGCTACCACTACTTTTTCTTTTTCAGGAACCTTAGCTACGACTTTGGCTTCAGCT
NZ_CP141062.1_gap18	886139	889819	3680	TTAAACGTCTTTCTAAAGGTTTTAATTCAATAGGCGCATCAATATTCGCGGTTAAATCCATTCCAGCAGATAAAGCTGTTTTATATTCTGGTAAAGGATGTTTCGATTGATTGATTACTTTTACTTTCATGGGATTTATTTCTGTATCAGTTTTTTAATTGTTTTTCGCTCTGCGATAAATAGGAATGCAATGTACGAGATTAATAAAAGATTACCAATAATCAAGTTGGATTCTAAAACATAATAATTAATCGTTGCAATCCCTATGGCAAGGCACATGTAAAGGATAATTTTACGGGTTTGATATGGAATAGGATATGCTTTTTGTCCCCATACATACGAGATAATCATCATACTTCCATAAGCAATTAAAGTGGCCCAAGCTGAGACCATAAATCCGTATTTTGGCAATAAAACTAAATTTAAAATCACAGTGATTGCACCTCCGATTAAAGAGATTCGAGTTCCGACATTGGTACGATCGGTAACTTTATACCAAGTGGATAAATTATAATAGATGCCATAGAAAAGATTTGCAATCAAAATAATAGGAACAATATCCAACGCTATCCAAAATGACGATTTCGGAATAAAGATGTGTTTGATCCAATCCACGTTAGCCAATATTCCTAAAATGACCACATTACAAATCAAACTAAAAAAGAAAAGGATGTTGGCATACATTTGTTTGGCATCTTTGTCTTTCGCTACTTTAAAGAAGAAAGGTTCAATCCCCATTCGATAAGCTGTAACAAATAATGTCATTAAAGTCGCCAATTTATAGCACGCGGCATATGATCCGGCATCCGCTTCACTGATCAATTGACGTTGGACTAATTTATCAAAATTTTCATTTAAAATAAATCCAAGTCCGGCAATCATAATAGGATATCCGTAAGCAAACATTTTCTTCAACAAGGCACCATCAAATTGAAATTGAACCTTTCGAATAACACCTATTAAAAGCACTACGCCTAAAACACTCGCAATTAAATTGGATATAAAAGGGTATGATATGGTATTCGTAAATCCTAAATTTACCATGAAATCAGTAGAAACATAGTATAAGAGTACGATGGTTAAAACGGCTTGAAAAACGTTTTGAAAAACTTTGATGGCTGAATAGTAAATGGGTTTATTCTGGAATCGTAATACTGCAAAAGGAATAACACAAAGGGTATCAAAAAATGCAATCCATCCAAACCATAATAAATATTCGGGATTTTGCGTATAGTTTGCAAAATCAGCTAACGGTTGAAGAAAAGCATATAAAATAACCATCATTACCGTTGAAGTTAGTGTCATAAACCAAAACGCAGTGTTTAACACTTTTTGGTACATCCCTTCTTCGGTCGCATAGCGAAAAAACGCCGTTTCGAATCCGAACGTTAAAATCACATTCAAAAAAGATACAGCAGCATACAGCTGTCCAAAAATAGAGAAATCTGTTTCGGCAGTTTTCCCAATAATAAAGGGATTTAAGGCGAACATAATCAATCGTGGTAAGATGGATCCAATCCCATAAATGATGGTTTCGCTAAATAATTTTTTATACAATTTAATAGAGTTTAAATAAAATTCAAATGCTTTTGAAAATACAAAAATAGGTATTCTACAAATTTTGTAACTTTGTAAGTTCAATAAAATTAATATGATTGAGTTATCAAATCGTAAAGTTGGGTTAATAGGGAACGGAAGTTGGGCAACAGCGATTGCTAAAATGCTGAGTAAAAACCTAGAATCATTCAACTGGTGGGTGAAGGACGAATACGTGAAAAATCACATCGAAAAAAATCGTCACAATCCCAATTATTTGACAGACGCAGAGTTTAACCCTGCACGATTAAAAATATCAACCGATATCAATGAAGTGGTAGCCAATTCGGATATCATCTTTATTGTAGTTCCTTCTATTTATGTCGAGAATTGTTTAAGCAAATTAACCATTTCGCTGAAAGATAAATTTATAGTAACCTCAATCAAAGGAATTATTCCTAACCATTATAAAGCGGTAGGTCAATATTTATTTGATGAATTCAACTTGAAACAAGAACAATTAGGGATTGTCAGTGGACCTTGTCATGCCGAAGAAGTAGCGCTAGAACGTCTATCTTATCTTACGATTGCTGCACTAGATGAAAATAAAGCCAAAATTGTTTCCGATTGTTTGGCCTATGACTTTATCAATACCAAATTATCAAATGATATCTTCGGTACTGAATATGGTGCTATCTTAAAGAATATTTATGCCATTGCAGCAGGTATCGCCCATGGTTTAGGATATGGCGATAATTTCCAAGCCGTTTTAATGAGTAATGCCATTCGAGAAATGAATAGCATCTTAAAAGAAGTGGATAAAACGAAACGTAAAATCAATGACTCGGCCTATTTAGGTGATTTATTGGTTACCGGTTATTCTAACTTCTCACGTAATCGAATGTTTGGAAATATGATCGGTAAAGGATATACGGTGAAATCAACCATTATGGAAATGAATATGGTTGCTGAAGGATACTATGCCACAAAAGGGGTGGCGATTATGAATGAGGGATACAAAATTAAAGCGCCTATTATTCATGCGGTATACAGTATTCTTTATGAAGGTCAAAATGCCGCAAAAACCATGGCTAAATTATCTAAAAAATTAGATTAAGATGATCAAACAAGATTTTATTTCAAAATATATCCAAGAATTAGCGAAGACATTAGCCAAAATTATGGCTTTAGAAATTGGAAATTCTGATGAAGGATTTTTAATCCTATTCAATCAAATGTTACACGCTTATTATAAGATTGACGACAATCAATTGGAGGTATTATGTCTTGAAAACCAAGAACGCGATCAATTCTTGTTGGCCGATGAACTTCGCAAGAAGAATATTCTGACCTACTTAAAAGCGACAAGGCTATATCTAAGAAACAATTCCCAAGAAAAAGCTGAAAATTGTTTTAAAATCGTAGAAAGAATTAAGAATACGCATACTGGAATTTTCCAATTTCCAACCGAAGAAGATCAACGCATCGAAGAAGAATACAATAGATTAAAAGACAAATTTAACATCTAGTTAATTTCTTTCTATCATACCAAGGGATGTTCTACAAGGAATATCCTTTTTTTGTTTTAAAAAAGAAAAAGACGCCGTATTAATTATTAAGTATTTATAACTCAATAAACACTCTTATATAGTATTGTGTAAATAAATGTTGTTTCGTATATTTGTAGCTAATTTTTTAAACCTAACTATTACAAATCAAAAACATGAAAAAGCATTTATTTTTTTATGTGCATTAGGTCTTATCATGGCGTTTTCGCAAGTAGGGATTAACACAAACGAACCTCAAGCATCTTTAGATGTTCAAGCAGCCCCCTAATACAACTACGGTGTCGGATGGAATTATTGCACCTCGTCTTACAGGAGATCAATTAAAAGCAAAAGACTCTGCGTATCAAACCCCTCAAACGGGAGCTATTGTGTATGTAACGCAACGTTTAACTTCTGAACCCACTTCGAAAACCATTAAAGTAAAAGATCCAGGATACTACTATTTCGATGGAGAAATTTGGCAAGCTGTTGAAAGCACCCAACAAAAAAGATTTTTGGTTAGTTGCTCCATCACGGAAGATTGATAATACAACGAATCGTAATTATTACCAATTATCTGTATATAAAGTCGATGAA
NZ_CP141062.1_gap19	940560	942085	1525	CTTGACGCCGTCCCCACCTTCCTCGCAACTTGCGTTGGCAGTCTCATTAGAGTCCCCGTCTTTAAACGCTGGCAACTAATGATAGGGGTTGCGCTCGTTGCAGGACTTAACCTAACACCTCACGGCACGAGCTGACGACAGCCATGCAGCACCTTGCATTCTGTCCGAAGAAATATCTGTTTCCAAATACGTCATTATGCATTTAAGCCTTGGTAAGGTTCCTCGCGTATCATCGAATTAAACCACATGCTCCACCGCTTGTGCGGCCCCGTCAATTCCTTTGAGTTTCATTCTTGCGAACGTACTCCCCAGGTGGGATACTTATAACTTTCGCTTAGCCACTGAATCCGAAAATCCAACAGCAAGTATCCATCGTTTACGGCGTGGACTACCAGGGTATCTAATCCTGTTCGCTCCCCACGCTTTCGTCCATCAGCGTCAGTTGAGGCTTAGTGACCTGCCTTCGCAATTGGTGTTCTGCGTAATATCTAAGCATTTCACCGCTACACTACACATTCCAGCCACTGCAACCTCACTCAAGACCAACAGTATCAATGGCAGTTCCACAGTTGAGCTGCGGGCTTTCACCACTGACTTATTGGTCCGCCTACGGACCCTTTAAACCCAATAAATCCGGATAACGCTTGCACCCTCCGTATTACCGCGGCTGCTGGCACGGAGTTAGCGGTGCTTATTCATATGGTACCTTCAGCTACTCACACGTAAGTAGGTTTATCCCCATATAAAAGAAGTTTACAACCCATAAGGCCGTCATCCTTCACGCGGGATGGCTGGATCAGGCTTCCACCCATTGTCCAATATTCCTCACTGCTGCCTCCCGTAGGAGTCTGGTCCGTGTCTCAGTACCAGTGTGGGGGTTCACCCTCTCAGGTACCCCTACAGATCATCGCCTTGGTGAGCCGTTACCTCACCAACTAACTAATCTGACGCATGCCTATCCTACTGCGATAAATCTTTCAAAATCTCATCATGCAATGAAATTTATTATAAGGTATTAATCCAAATTTCTCTGGGCTATCCCTTTCAATAGGGCAAGTTGCATACGCGTTACGCACCCGTGCGCGGTCTCAAAATAGCAAGCTATCTCTACCCCTCGGCTTGCATGTGTTAAGCCTCCCGCTAGCGTTCATCCTGAGCCAGGATCAAACTCTCCATTGTAAATAAATATTGTTTGAAGCGTTAGCTTCTATGTTTTACAACTTCGAATTTCCTTATGACTCTATTATTTAAGGATTGACCTAATTTATATTCGGCTTTTATTTCTTCTGTCTATATTGTAATTTCAAATGAACTTCTCAAGTTATGCAAACTTCTTTCGTTGTTTGCGGTTGCAAAGGTAAGACTTATTTTTAAACTACAAAATCTTTTTTTAAAAATTTTTGAAGTTTTATTTTTTCAAGACTTTATTAAGATTAATCTTAATTCTCATCTCTCATTAATAAGTTTACTTCTCTGCGATTTCAAGTTTTTCAATACTACTCTTCTTTCGTATTGAGAGTGCAAA
NZ_CP141062.1_gap20	945179	947688	2509	ATATTTCGCTAAACTCTTCTTGTGTAATTGTTTCATTTGATATTTTAGAGAAATAAGGTTTTAATTCTGAATCATCTTTTAGGAAATCAATATTTTTCATTTTATAAATAACAGTAGGTTTATCATCCGATTTTGGTTGAATAAAAACTTCTAATACCAAACCTGGATAACCTAATATTTTTGATGGACCACATTTTGTTTTGATATCCTTAGCATACCAAACTTCTGTAAAATCATTGATTGATTCTAAGGTTAATTTAGTTGCTAAAATTCCGTTGATTGTTTTTGTTTCGCGATGATTTTGCCATCTATTGCTTAGTTTTAATGGAGACTTAACCTTATAGTTTTTATGCTCGATCGTAATATCTTGATAAATGTATTTTTCTGATGGATTTGTAACAATAAAATTAGTTGTGTAATTACCTATAGATTCTACACTATTTGTTTGACCTAATTTTTCTTGTTTTTTATACAAGCACAAATCGTCTTCATTTATTAGTAAAACATGTTCTTTATGTGTCTCATAGTTACTAATTATTACATCTGAAAGATTCTTTTTAGAACTTTCTGGTAACAAATAAATTTCATCATATTCAACTTTATAATTTTGAGAATAAACGAACACCCCGATAAATAATAAAAGAATATTTTTCATGATTAATTATTTTTTTAGTTCTAAATATTCTTGATAAGTAATTGCATTTGAAAAATCGTATTCACTAATATATGATTGAACTAATTCGCTAGTATTTTCAAATTTTTCAAATTCAAAAAAAACTGTTTTATCTTCATTATACAATTCTAATATAACACCTTTCAACCCATTAATTGCGATTGGTCCATATGGCAATGGTAATTGTTCTGTAAACCAAGCAAAATATTTTTTTTCATTAATAATCTTATACGCCATAAAACATTTGAAATCTCCTATTTGTTTCGTTTCATCTGTCAACATCCATTCGTCATTATTAGGAGTTATAGACATTAATATTTCTTGGTTTTTATTGATATTATTTAAGTAAAACTTATTTTTTTTTCTATCATAATAATTAAACAATCTTTTATTAGCAATAGAATCAATTGTATTACTTGGCTGAACAAGTGTTCCATATTCATCTCTGAAAGGTTTTGTTATAGCTTTATCTAATATTGTATAAAAAAATGATTCATGTTCGTCATAGATTAAAATTGAAGTATTCATTTTTCCATCAACATTTATTTTTTTATAAAATATCTTTCCTTGATTTTGTGAATATGTATAATTAGATATCAAAAAAAATATCAGTATTAAAAAACTTAATTTATTCATCTTTTGATTGTATTATTTTTTATTAAAATGGCAGACAAAAAAGTCTGTCATTAGATATTAATAAATACCTGGTGCAAATTCTTCTTCTGTATTAGGACAAAGTACTTGTACCCATGGAGTACATGATTTTTCTGTGTAAGTATTTCCATCAGGACCTTCAGTAGTTGTAATTGTATATTCTCTCACAAAACATGCGTCAGGTGTCGATTTAGATTCTACAAATTTCTCTTTGTTAATTTTTAACTAAAAGATTTGTAGAATTATTAAACTCTGCAATAGAAAAAGAGCTTACCAATAAGGCTCCTAGTAAAATAACTTTCTTCATAATAAATATTTTATATGTTAATAATATTATGAATTTAGTAAATTCAAATTTATTTTAATCTCTTTATTTAAAAATCAATCAATTACATTTCACCTTAATAAAAAAGATAACTGAAGTTCGATTTGAATGCCTTAATTTTGTGCAAAATTATATGAAGTGGAAGTACATCGATTAATAGAAAATATCAAAACCATCAAAAATCCTGTTTTAACTTTAGGGATGTATGATGGTGTACATATTGGTCATCAAACCATTATCAATCAACTGAATCAAATTGCAGATGAAATTGATGGAGAAAGCGTATTGTTGACATTTGATCCACATCCACGTATGGTTTTACAACCGAATTGCGATTTAAAATTTATTTATACCCTTGATGAAAAAGAGGATGCACTCAATCGATTAGGTTTAGATCATTTAATCATTCATCCATTTACAAAGGAATTTTCACAGTTAACTTCTTTAGAATTTGTTCGAGATTTATTAGTCAATCAAATCAAAATTCATACGTTAGTTATTGGATATGACCATCATTTTGGGAAGAATAGAGAAGGCAATTACGAACAATTAGAAATCCTATCCAAAGAATATGGATTTCAACTGGTTCAAATAGAAGCAGTGGATTGCGATGATATTGCTGTAAGCTCAACGAAGGTTCGAAAGGCTTTAACAGAAGGTAATATTGATTATGTAAATAAAGCTTTAGGTTGTAACTATCCTTTAAGTGGGGTAGTGGTACATGGCGACAAAATCGGCCGAACATTAGGTTTCCCTACTGCTAATCTAAGAGTAAATAATTTGAAGATTGTCCCTGCTCATGGGGTTTACAGTGTGAATGTGTTTGTAAAGGATAAAAAATATTTAGGATTGCTAAG
NZ_CP141062.1_gap21	952081	956444	4363	ATCTTTAAAAATCCATCTAAATCTACCATCTTGACCATATGAAGCTTCTGGATTATAGTCTGCTCGTTTTCTAAACATTAAAACATTGTTATGATACTAATCAAAATTTGCTGCAAAAATTTCAGCAATATGATAATCTGCAACATTAATTTCGTCTACAAATCGAAGTGCTTGTTGATAAGCTTGAGGATCTGAAAGATCATTTTGCGAAAAATAGCTAATCATTTGATTATAAAACTGATTATCTCCCGCTTCAATCAAGCCATCATTTTCTATAAAATCCAATTCATCTTCGTCAATATCAAAAACTTCTTCGAAATATTTTTCATCAAAGCGTTCTCTCAAATTGTAAATACCATAGAATTCACCATTAACAAAACTCAAAATCGGTTGAGAATTTTGAACTTGCATATGCAAATGACTATTCAGAGAATGTATAAAAGCATCTCTAAACATGGTGTTACCAGTATCTTGACCTGAATTTCGTAAGATTATACGTTTGAATTTATTCACATCAGTTTCAGAGAAAAATTTATGTTTGAATGAGCTTTTACCATAAGCTGATTTAGCATATAGGCGATGTGAACGGTTACTAAATAATCTCGTTCCATTCCCATTAATTCTTAAACCGGCATCTTGATTAATTTTAACCGAATTATTTTCAAAATAGATGAAGTTGACTTGAATTTCTGATTCTGAACCACTCGCCCAATAATTGGCATCTGATCGATCATATGCCTGTACTGTAGGATTTTCTAATCTCCAACGATCAAATAATTTTCCGGCTACAAACAATCCTTTTTCATAACCAAAAAGTTTTTCATCGTCTGTGGTAATATTAATGATTGGAAGAGTATAAGTTTGGTCATTAAAATAGTAAGCATGAGTAACCGTTTTTGAACTTTCATCTCTACCGTATGCTTTTGCACGTATAACAAAACTTTTATCTACTGATTCATTTGGAAAATAAGGATTGGATTTAAAAGAAGTAGAAATATTAGCTATTCTATTTGGCTCAGAAGATCTGTTATAAACTAAAATTGGATGCTCATATGTATTAGAAATTACAGTATTTTCAAAGAATTCATATGGTTGTTCTCCTACAAATTGTGGATATCGTTTCTTATATTGATACGTTCTTCCATTTAAGTTATTGATGTCAGGCTCTGAACCGTCTAACGTATAAATAATTTGAACCTCTGGATTTTCGTGTGATAAGTTTAATTGAAATTCTTCATTGTAAAAACCACTTTCATGAGAAAAAGTAGGTGGTTGTAGCGACTGCCCAAATAAAGGAGTAATAACTAAAATTGGCAATAAGTAAAATTGTTTCATAAAGTAATTTAAAAATTAATGAAACAAATTTAATAAAATAAAAAAGCTGATAAACAAACATTTATCAGCTCAACAATATCCTATATGCGTATTAAGAATTATCCTACTAATCCATTCGCCACTAAATATTCTGCAATTTGTACAGCATTTGTAGCAGCCCCTTTACGTAAATTATCAGCGACAATCCAACAGTTTAAAGCATTTGGTAAAGATAAATCTCGACGAATACGCCCTACAAAAACATCATCTTTTCCTTCTGAATAGAATGCCATTGGATACGTATTGGTATCTGGATTATCTTGTAAAGTTACCCCTTCTTGCTCTGCTAATAATCGACGAACATCTGCTAACTCAAAATCATTTTCAAATTCAATGTTTACGGATTCTGAATGTCCTCCTTGAACAGGAACACGAACAGCAGTGGCTGTAATGTTCATTTCCTCCACGCGCATAATCTTACGAGGTTCGCGTGTTAATTTTAATTCTTCTTTTGTATACCCAGTTTCTTCATCAAAAACATCACAATGTGGCAAGGCATTTTTAAAGATTTGATAGGGGTATACTTTAGCTACATCACGTCCTTCAATTTCCCCATTCAACTGTTCAACAGCATCTTTACCCGTTCCTGTTACGGACTGGTAAGTCGAAACAACCACACGTTTGATTCCATATTGTTTGTGTAATGGATTAAGCACCATTACCAACTGAATGGTAGAACAATTTGGATTGGCAATAATTTTATCCTCCTTTGTTAGAATATCAGCATTGATTTCTGGTACGACTAAAGGAATATGAGGTTCCATTCTCCAAGCAGACGAATTATCAATAACAGTAGTTCCTACTTCCGCAAACTTTGGCGCCCACTGTTTGGAAGTTTCTCCACCTGCTGAAAAAATGGCGATATCTGGTCGCATATTTACAGCATCCAGCATTGATACAATGGTGTATTTTTCTCCTTTATATTCAATAGTTTGACCTACTGATCTTTCTGATGCTACTGGGATAATTTCAGTGATTGGAAAATTTCGTTCTTCCAAAACTTGGAGCATAACTCTGCCGACCATTCCGGTAGCGCCTACGACTGCTATTCTCATTCGTTTTATATTATGAATTATTAAAATTTGAATTGCAAAATTAAGGATTTAAACCATATCAATCCCTCTATATCACTGATTTTTATAGGATTCGTAATTTATTTGACTTTAATTCATTGAATGGATATTTTCATTGAATTATCATTTTAAAAAATGAATTTTATTAGAATTTTATTATTTAAGGGAACAAAAAAAGGAGCTATTAAAGCTCCTTTTTTTTATATTTTCAATCAAAAAAATTATTTTTTAATGAATTTTTGGATGCGTGTTACACCTTTATCATCTTTTACTCTTAAGAAGTAAACTCCTTGTGATAAATTAGAAACATTTACTTTTCCATTTTTAACGGATTGAGCAGAAACAACACGTCCTGTAACATCAGCAATTTCTACAGATGCAATAGAAGTTCCTTCTAACTTAACTTGTAATTCCGTTGTTGCTGGATTTGGATATACAGCTAATTTATTTGAACCTAACTCTACAGTTCCTAAACTTTCAGTAGTACCTACTACATTTAATAACCAACTTGAGTTAAATTCTAAAGATGTTAAATCCACTGGATATGCTGCAACACAAGTAGAACCAGGCCATCCAATAAATGAAGGTGCTGTTTGTGGATCTTCATTGTTTCCAAACCATGCTCTAGGTCCATTAGTTACCCACTCGTAACCAATAGCTACACCAAAATCAGTACCTGCTGGAATAACCGTAGTTTCTAATAACTCCATATTAACCCAGCTATTTTCTTGCATCGGTACTGTAACAGAACCATAAGCATCCGTTACATTTAAATCTGTAATTTCGGCTGCAGTAATATCAGTTCCTGGTGGTACTGTTGCAACTTCTGCCCACATTGTAATACCTGTAGATGATGTTGAAAAGTTTACAGCCGTTACTGTAAAATCAGACGTAATACCATAATTTGCTAAATTAAAAAAACGTGAATTGTGATTAATCGCATCAGCACATAATGGTGTTGAATCTAAAGATGGAGTATCTGTATACTGAACTAAAGTGTGTTCTGTATTTGTCAACCCGTTTACAGGTGTTTGTGTTTCAGCTTGAGGTAAACCTTCAATTACTTGAACTTTTTCTAAATTTCCGTATTGACCAAATGCAACAGAAAAAGCTGCGACTGATAAAAGAGTAAAAATTTTCTTCATAATATATATAATAGATTATTAATTCAAAAGTGTTATGAAATACTAATTTACACCTTTTTTTTAATTCTCAAAAAATATATAAAATTTTTTAAACATATAAATCTAAATAGAACTATTGCTTTCTATATGCCTATGGAATTGATAAATTCATTATATATATCCTAATGAGATAAATTTTATCTCTATTAGTATTGTAAATCTTAAAAAATTACCACAAAAAAAGCGAAATCTAAAGATTTCGCTTTTTTTTATCAATCAATAAATGATTATACAAATTCGTTGTACGCTGATTTTAAGTTTTCTGCAATCGCAGCTGCAGAATGTCCTTCGATGTGGTGACGCTCTAACATGTGAACTAATTCACCATCTTTAAATAAAGCTACAGCTGGAGAACTTGGTGGGAATGGTGCAAAAAACTCACGTGCTTTTGCTACTGCATCTTTATCAAATCCTGCGAAAACTGTTGTTAAGTTTGCTGGTACTTTATCGTTATCTAACGATTGTAAAACACCTGGTCTTGCAGCTCCTGCAGCACAACCACACACACTATTTACCATCACTAAAGTTGTTCCTGGTTTAGCGATAGCAGCTTCTACTTGCTCTGGAGTTGTTAAATCTTCGAAACCGTTAGAAGTTAATTGCTCCTTCATCGGCATAACTATTTCTGCTGGATACATATTTCTAAATTTTTATATTTAATTTTATTAAAAGTCAAAGTTACATATAATCTAAAACTTTTAGAATACTTACCTTTGAATTCTCAAATTTACG
NZ_CP141062.1_gap22	967959	969432	1473	GAAAGCGTTTTAATAGCCAACGTTTTTGCTAATCCTGGTACACCTTCTAATAAAACGTGTCCATTTCCTAATAAACCGATTAATAAACTTTCGACCATTTTTTCTTGGCCAATAATTGTCTTATTAATCTCTGAAGTTAAGCGAGTAATACTTGAGCTTTTTGCTTCAATCTGTTCGTTGAGTTGTTGTATATCCAAAATTTCGTTGAAATTTATTTAGTTCGGTTTGATATTCAAATTTCTTTAAAATTATGGACTATGTCTAAGTTTAAACAATAAAAATTTATTGATTTTATGTTAAACTTTGTTAAATTGGAAGTAGAATATTCTAATGTTTGAATAAATACCTAATAATTATACATTTTATTAAGGATTTTCAAACGATCCGTTTATTCTTATTCCGGTATAGAAAGAGCTGATGAAATCCCATTAGATTAATCTTAAATGTTGCCGTAAATTTGCACTCCCAAAAACCAAATGTTCCTCTTATGTTTAAAAGTCTAGTTTTAAGAACAATAAATTCTCAATTTATCGTCTATCTTTTACGATGCCTGATCGGTTTTATGATTGGATGGTTACTTCTTCTAAAATTTACGGAGTTTGATTTATTTTGGGCACTGCTTTCTATTATTCTAGTTATATCACCAGAAGAGAATCAGGCCAAACAATTAACCATTGATCGATTTAAATCTAACTTTTTAGGTTCATTATCAGGTTTAGCAGTCTTCTTTATTCAGGTCGAACATGTTTATAAAGTCATCTTAGGAATCATATTAACTTGTGTTTTGTGTCGAATTTTTTCATTACTCAATGTGGCACGAAGTGCAATTGTTGCTTTACTAATTATCGTTGTCGAACACGGGACTGAAGATTTTATGACTCCTATTTTACGTTTTTCTACAACAGCTATTGGTTGTTTTATCGGATTAGGAGTAACGTTAGTTACTTCTGCTATAATTCAGGAAATTAACAAAGATTTGAGTTAAAAATTTGAGTTACGTTTGAGCGGATTATGGAATAAATATTTTAGTTTATTTCATAAAAACAGCCTAAAATGGCTGATTTAGGTATAATAATTGTTTATAACTGATTAAAAATACAATTATGAAATTATATACCGCAATTATTGCTTTATTGATTAGTATATGTTCGTTTGCTCAAAGTAACGTAAGAGTTTCAGCAAACATTAACTTGGGAGATGTTGTACATGTAGACACAAGACCACGTGTTCATCACAGACATCATGCACCACCTCCACCACCAAGAAGACATCATCACTACAAACCAAAGAAACACCATCACCGTGCAAAAGTAAAACCTCATTATAAACCTCATCACAGACCACACAGACATCATTAATAGAATTAAAGGCTTTAAATTGTAAAGCCTTTTTTTATGCCTTGTAGGGAATAAAATAGCATCATGGATGTTTATTTGATGTGTTTACCGACACTTTTTACCGGTTTACCTCATT
NZ_CP141062.1_gap23	1069289	1073191	3902	CAAAAAGATAAAAGCAGACGTACAAAGTGCTCATGAAAAAGCAATGGCGCGTTTGGCAAAAGAAAATATTTAAATGACAAAAGGATTGGGTAACCCCAATCCTTTTGTTTAATATGTAATTTCTCGTTGAACGATATATTCTAAAATTCCATTTTGGTAGATATCCGCTCTAATCCAATTTTTTTGAGCATCCGATTGATATTGGATTGTATAGGTACTCAGAAAAGGTTTTCCAGTTCTGAATGATTGAACTTTAGCTGCTGTAACGTGATGATTGGAATCAAAATTCAACTCTAACTTCAATTGTTGGTTTTGATCAAATTGTTGAAATTTTGATGTTTTATAATTTAAGTCCACAAATGTCATTTGAGCTCGCCCATCGATATTTAATTCTTCATAAATTGGAGTATTGCCATCATACATAAAATAACGTTTCTGACCATTTCTTCCATCAAAACCGAAAGATTCTTGTTTGATTAATTGACCAGCTTTATTGTAATAAAATTTTAATTCTCCAGACTTTTTCCCATCCGTTTTATGAACCACTGATTCTAATCGATTAGTATAAGAAAATTCTGTCTGATATTGTGTTGAAGTAGTTTTTGATTGGACCGCTTCATACAATTGCTGAAGTTGTCCATCGGGATTGTATTCATATGTTTTCAATGAACTGATTCGTTTAGGATCTTCCCCATTATTAATTACCGTGGTCTTTATTTCTGTTGGTTGATGTTGGCGATTATACTGATATTCGGTGTAACTATAAGTCGCCAAATTTCCTCTGTAATCTAAATTATTGGTTTGTTTTTGGAGATACCCTTGTGAATTAAATTCTAAAATAATTTGATTAAAAAATTCATTCTCTAAAAAAGGAAGAGTCGCCCAATGACCATTTCCATCTTTAGCCGTCAAAATTACTTTTGTAACTTTTCCGTTCAGATGAAAATCGTTGAGGTGCGTCTTTACATTATACTCATTCAATTGTATTTCCTGTGCATGAATCAGCTGAGAACTCGCGATTATAATTCCAATGAATAATAGTTTAATCATAAGATGAATATAAATGGGATATAAATTCAAATGTATAATTTATTGATGGAAAAATTTAGTTCTAAAAAAATACTTTTCAAATTGTTTACGAAAAGTTAAAACTAATTGATATCGAATAAATTGAGTTTTTAATTGCTATCTTTAATAAAACTAAACTAAATAAAATTTTTTATGAGTATTAAAGATCAGTTAACAAAATTAGCAAGTCAAAAAAGTTATCCTTCAGTTACTATCGCATTTAACACTAGTAGAACAATACCAGATAATCAACAAGATCCAATCAAGCTTAAAAACTTAACAAAAGAGGCGGAAGAGCGTATTTTAGAAGAAATGCATTGGAGAGAAGCTCCTGAAGTGTTAGAAAAATTAAAGGGGTTATCCGATGAGCTTGAAGTTCATAAAAACTTAGAAAGTTTACACATTTATTTATCCAAAGATACATTTGAGTTTATTCGAACAACTTGGCCTATAGCCAATGAAGGAGTATGGATTGATGATACCTTTGCTATACGTCCTCTGATAAAAGCGATGAATAGGACAGAAGAATACTTGGTCTTATATCTTACTCAAAAAGGAGTTCGCTTATATCATGCGGTGGATGATGCGATTATAAGAGAAGTAGAAAATGATGATTTTCCGTTTACAGAATCGGCATATAATTTAACGCATTTGTTTTCTGAAACGGATAATCAATCGAGTAAATTAAAAGAATTCTATAATCAAGTGGATAAAGCTGTACAACGTGCTAATCCAGATCAAAATTTAGAATGCTTAGTTATATCTACCGATGATAACTATAGTATGCTTCAGCAAGTAGCAGATTATCCAGCAATGTATATTGGAAATATTTCAACTGATTTTAATTCGCCTAATCAGAAAAATGAATTCATGAAAGATGCTTGGGAATTTATGAAGCAACGTCAACATGAAAATCGAGGAGCAGCTATTGAAGAAATGCAAGAAGCGGTTGGGAAAGGACAAGTGTTAACAGATTTACAAGAAATTTATCAAGCAGCGATTGATGGTCGTGGAGAATTGTTAGTTGTGCATCAAGATTATCAACAACCAGTGAAAATGGTCGATGATCGAACGTTTGAATTAGCAGATGATCCTACAGCAGAAGGTGTAGTAGATGATATTATCAGTACAATTGCTTGGGAAGTTATTTCTAAAAAAGGACGTGCCATTTTCACAAGACAGGAAGAGATTAAAGATTTAGGACAAGTCGTTTTAAAGACTAGATATTAAACCAAATAAAAAAGAGGCTGTCTCAAAAGACAGTCTCTTTTTTTTTGTATTTTATCTGATGAATCTAATTTTGTAATTTAATAGTTCAAAATTGAATTAAATAAGCAAAAAATGTAAAAATGATGGTAAAATGAACTTTTTTCAGGTGATTTTCGCCATTTTCTTTAAGTTATGAGCAATAGCAAGTAAGCCGACTTCAATTTCGACTTTATCAACTCCTCTTAACATAAATCGTTTAAAGTTTTTGTTGTGTTTTATTTCGGCAAAAACTGGTTCAACATCGTGACATCTTTGTTTTCTGAGTTTGATACCTTTCACTGTATTGAGAAGTTTATATGCTTTTTCTCTTATTTTAGCCAGTTTAGGATTGCTCTCTGAAGAAGTAATTTGTCCTGATTTTTGATCTTTTCTGAAGTAATTGTATTTTACGTAAGGTTTTATCTTTTTTGATTTAAGCAAGTTATAATTTTCTTCTGAGCCATAGCCCGCATCGGCTACAAGCTCTTTTGGAGTTCTATGGTAATGCTGCTCAAAACCTGCTAAATGAGGTTTTAGAGTTTTTGTATCGGTTGGATTATGGTGAATAGAATAATGTAAAATATACTGTTTATTCGTGGAGATTTGCAGATTATAAGCGGGTTTTAGCTGACCATTTTTCATATGATCTTCTTTCATTCTCATAAATGTAGCATCTGTATCGGTCTTAGAGTAAGAATTTCTTTGTTGTAAAATCTCTTCTTGTTTTTTGTATTTTTCTAAATTCTTAGACCAATTTCTCTTTCCATAATTGAGCTTTTGACGAATCTTTGATGGGATTTTTTTATCTTTCAAAACTTCATTTATCTTATCAATTGTTTGTGTGACTTTTTCAGAATCGATTTCTTTAAATTCAATATTTTCTGTGTTTTGAAGCTCTTCTTTTGCTACACTTTCTGCGTAATTCCATAAGTCTTCTAACTGCTCAGAAATTCTAGCTTTGTGTTTTTTAATCGCTCTTCCCCAAACGAATGTATAGCGATTAGCGTTTGCCTCAATCTTAGTCCCATCAACAAAAGTGGTTGTTAAACTAACGATTCCTTCTTTTTCTAAAAGCAAGACTATTTGAGTGAATATAGATTTCAGTTTACCTTTTAATCGCTCGCTACGAAAGCGATTTATCGTATTATGGTCAGGACGATTCATTCCAGAAAGCCACATAAAATGAATATTTTCTTTCAGTGCTTGTTCTAATTTACGGCTTGAATAAATATTACTTAGGTAGCCATAAATCAACACTTTCAGAAGCATTTTTGGGTGATAAGATGATGTTCCATATGGTTTATAGCTATTAATAAGATTTTTAATTGCTAAACCATCTATTATATTGAAATAACTCTAACAGGATGCTTTTCTTCTATCAACTCCGATAAATTTGGAGGAAAAAGCAAATTTTCTTTGGGATTGTAATCTTTAAAGACTATTTTCGAACTAGTATACACACAGCAATTTAATAAAATTGCACCAATTGGGAAAGCTTAGGCTTTCCTTTTTTCTTAAAAAAAAGCTGTCTCACTTTTGAGACAGCCTCTTTTCTTTGTTATATATGCTCAATTTTAATCTTGTGG
NZ_CP141062.1_gap24	1076868	1080156	3288	TACGATAAGGTTAATTAGTACTTGTTGGATTTTTTCAATATCACCAACAACGCGTAAGGTATAATCGGAAGGATGATTTAGCACCAATCGAATATTGTTTTTTTCTGCTTTGATTTCAAGTAAATCAATGACATCCTGAATCAAGGCTACAAGATTAAATGGATTATTTTGAATGTCAATTCGACCTTTTTCTAGTTCCGAAATCATATCCAGATCACGTACTAAGTATATTAAACGATCCACAGATTTATTGATTCGGTTCAAGTATTTATCACGAATATTTTCATCGTCAATACCACCTTCAATTAAAGTTAGTAAATATCCTTGTACAGAGAATAGAGGGGTTTTCAATTCATGAGAAATATTTCCTAAAAATTCACGTCGATAGTTCTCACGCTCATTTAGGAAATCGATTTCTTTGGATTGCACTTCCGTGATATCTGAAATTTTTTGAGATAAACCTTCAAAATCAACTTCTTCGGAAGAGATTTGAGGTAGGTTTTTAGATAATTGAGTAAAATCTTTTCGGCGTTGATGTCTAATAATTACAAAAAGAAATACATTTAAACCAACTAAAATCATTGCGATTAACACAATGAAAAAAGGAATATTTTCGATAATAAAATTAATATTACCAAACCAAAGGTAAGTGAATCCTGTAAAGCCGATTGCAATAAAAATGGTCGTGAATAAGGCGTAGATGAAAAGATTATATATCTTAAAGTTAGAAGCCATGCCTTATTTAATCATTAATTTTATAACCTATTCCTTTGATGGTAGAGAATCGATCATTTCCAAATTTTTCGCGCAATTTACGCATATGAACATCAATAGTACGACCACCTACAACGACTTCATTTCCCCATACTTTTTCTAAAATTTCTTCTCGTTTAAACACGCGTTCAGGATTAGAAGCTAACAATGCAATCAATTCAAATTCTTTGCGAGGTAATAAGAATTCTTCATTTTGAAAAGTTACTTTATATGTTTCACGGTTGATTTCAAAATTATTCAATTGGATTAATTCATCAGGAGCAATCTCATGATTGTTTTTTAACTTTAATAATGCATTTAATTTACTGATTAAGACTTTTGGTTTAATCGGTTTTAGAATATAATCATTTGCTCCCGCTTCGTATCCTGCTAATTGCGAAAAATCTTCCGCTCGTGCTGAAAGAAATACTACTAAAGTATCTTTAAACGAATCCAATTTGCGTAATTCTGTACACATTTCCATCCCATCCATAAGTGGCATCATCACATCCAATAGAATCAAATCCGGTTTAAAAATTTTTGCCATTTTCAATCCTTCAATGCCATTTGATGCTGTTTCAATTTCGAAACCTTCTTTTTTTAAGTTGTAACCAATAAATTCTAAAATATCTGGTTCGTCGTCAACTAAAAGTATTTTGATGTTTTTCATATTATGGTAGGATTAACATTGATTTAATCTGCAGGTAAAATTAAGGTAATATTCTGATGTATTTATTGATCATGAACTTCTTAACATTGATTTAAAGTTACTAAAATTTGATAACAATTCCGTAACGAAACCTTTACAATTAGGAAAAGTGTTTTTGTTTGATAGTCAGCAATTTTGTGTCAAACAAACACGAAAAATGAAAAAGAATGTAACAATGCTATTGGCCTTATTAAGTGCTGGTGTATTTGCACAGAGTCATGTCGAAGTAAAAGGAGTTCTTTACAATGAACAAACAAAGGAGCGATTATCGGATACCAAATTTACCATTGATGATATTGGTATTGAAGCTCATACTGATCATGAGGGAAATTTTACCATCGAGGTGCCTGAAGATGCATATGAAATTGAACTCTTAGTGGAAGGCTTTCAACGTACGAAGCAAATCATTAGTTCAGAACAAGGTATTCAATTTTATTTGATTCCAGAAAAGATAAAGTCAGAAGATATCGATCTTTCTACTGCTGTAGTTACCGTTCAACGCAATAAAGCGTCCGAAGCAAATCTGTTGAATTTGCAAAAAAAATCTACTCAGATGATAGAAAATATCGGAGAAGTGGAGATGAACCGTAAAGGGGTTAGCGATGCAGCAGGTGCTGTGGCAAAAATGTCTGGAGTCGCCAAACAAGAGGGAACAGGAAATGTTTTTGTAAGAGGGTTAGGAGACCGTTATAATTCGACATCATTAAATGGTTTACCGATTCCTTCAGAAAACCCAGCAAATAAAAATATCAAGTTGGATCTATTTTCAACAGATATCATCGAATATATCTCGATGTTTAAAACTTACAATAGTAGAATCAATGCTGATTTTGGTGGCGCTAATGTAGATATCACTTCAAAGAAATACGATGGAAAAGGTTTTATACAAATTGGTTTAGGAACAGCTATTAATTCCAACGCCATTGATAATAAAGCTTATCAATTACAAAACGGACCAAATTATTGGGGATTTAAAAAGACTTCTATTCCATCAAATGTTTTAGCAGGATACCATTTCCAAAACAGTTTAAACCCTAAGTCAAGACCATCAATTGGAGGTTCGATGAATGTAAAAGGAGGAAAAAGTTATCGATTTAATAATGGATCAAAATTCGGATTTTTTGCTTCAGGTTCATTCGATAGTAAGGGGGAACGTTTGGAACAAGGTGTAGCACGAACAGTGGATGCCCATGGAAATGGAATAAAAGATTTTCATCAATTCACAAGCAACCAATATAATACCAATACCACGGGATTAGTTAACCTTTTCTACGATATTAATCCGCATCATCAACTTAGAGCAAATAGTATTTTTATCAATAATTCTTCTCAATCGTTCAATGAATACCGCGGTTATGTGCGTGATATTAATGAGAATGAAAATGGTCTGGTTCGTCGTGCAACGTTTGAACGAAATACTTTATTCATCAATCAATTATTGGGTGATCATAAAATCAGCGAACGATCGGAATTCAATTGGGGAATTTCTTTTAATACGATAAAAAGTGAAATGCCCGATCGTATTCAAAATACAATGCGATTTGCTGATGGTCAGTATTTCTTAGCAAGTCAGGATGCTTCATTAAGTCATCGTTATTTCCAAGAATTAATTGAAAATGAATGGGCAGCGAACTTAGCCTACAGCTTAAAATTTGGTGTAGATGGATCGGATTATAAAGCGAAATTATCGATTGGTTATCAAGGACGTTTGAAGCAACGTGAATTGGAAGCGAATCAATTCAATTTAAAAATCAATCGAGGTGATATCGCTGTGAATCCAAATCAATTGGACGATTTCTTCAATCCAATGAATTATGGTTCTTATT
NZ_CP141062.1_gap25	1082105	1085537	3432	CGATTACAATGGGGCAGAAAATCAAGCCTTAAAATTACGTGTTGGGACGAAAGGAAAATTAGAAAATGTTGTGTTGGCGAATTGGGCCAAAGGAATCGATATTGAACACGATGCAACTTTAGCGGGAATTCCTACCGATTTATATGTGAAAAATGTACATTTTATTAATGTAACTACGACAGCGTCGGGAAAAAAATCGGATGGAACTGTTGCAGATGTAACAGCTGCATTTACGATACAAGAAAATAATGGTGCAGGAAATGGAGTAAATGCACCCACTTGGACTCAAGGTTGGACCGTTGGATTATAATCTTAATTATAATAAAGTGCTAAAAGAATAGTACTTCGTGTTTGTAATCGCCTTTTTAGAAAAATTTATTTTAAGAAGGCGATTTTTTTTAAATAAACGTTAAATGAAGTATTTGATTTAAAATTAGTTATTTAGAAAAAGTCCAAATTGATTAAAGAGTTGTACATTTGTAACTGCAAATAGAAATTCATTAATCACAAATGGCATTAACTGAGAAACAAATCGATGCTATTGGAGAACAATTGGTCGATAAGTTCAAAACGATTTTCGATCCTGAAATTCCAGTAGATATTTACGAATTAGGTTTAATCTACGACGCCCATATTAACGAGGAAGGAGAAGTAAAGGTTTTAATGACTTTAACTTCACCAAACTGTCCTGTTGCTGAATCTTTGCCTACAGAGGTAGAGCAGAAAGTAGAAGAAATCGAGGGTGTATCTAAAGCTTATGTTGAAATTACATTTGATCCACCTTGGGAAAGAGATATGATGAGCGAAGAGGCAAAATTTGAATTAGGGATGTTATAATAACATTCCTTTTTTTTTGCAATCTAATAAACATCCCATTTTATAATCTTGATTCAAGAATTGCAATAAATGATAATAATACATCTGAAAATTAATTTGTATTTTAATACAAAATTTTAAAAATCAATCTTTATGACAGCTATTTATATCATTCTAATTTTATCAGCAATTATAATTTATCTGGGAATTTTTACTGTAAAACAACAAACAGCAGCAGTCATCGAGCGTTTTGGTAAATTCCATAGTATTCGTAATTCTGGTTTACAATTTAAAATACCTGTTGTAGATAAAATAGCGGGCAAATTATCCCTTAAAATTCAACAATTGGATGTGGTGGTAGAGACAAAGACCAAAGATGATGTATTTGTTCGCATCAAAGTTTCAGTACAATATCAAGTAATAAAAAATCAAGTGTATGATGCTTTTTATGAATTAGATAATCCATATACTCAGATTACATCTTTTGTTTTTGATGTAGTTCGAGCTGAGGTTCCAAAACTGCGATTGGATGATGTGTTTGAGAAGAAAGACGATATTGCAGTTGCTGTTAAAAGTGAATTACAAGAAGCCATGAATTCATATGGTTATGAAATTATAAAAACTTTAGTTACGGATATTGATCCTGATGAACAAGTAAAGCATGCTATGAATCGTATTAATGCGTCGGAACGTGAAAAAATTGCTGCACAGTATGAAGGAGATGCCCAACGCATATTAATCGTAGAGAAAGCCAGAGCTGAAGCAGAATCAAAACGTTTACAAGGACAAGGAATTGCCGATCAGCGTCGAGAAATTGCAAAAGGATTATTAGAATCTGTAGATGTATTAAATGGTGTAGGAATTTCGTCACAAGAAGCCTCAGCATTAATTGTTGTGACACAACATTATGATACGTTACAAGCCATTGGTGAAAAGTCTGGAAGTAAATTGGTTTTATTACCCAATTCTCCAACAGCCGCTTCTGAAATGTTAAATACCATGGTAACGTCATTTACTGCGGCACATGAATTAAATGATCCCAATCATAAATCCTAAAAAAAACCTCAACCAATTGGTTGAGGTTTTTTGCTTTTAAATATTCACAAAATGATTTTTCTTGTAGTTTTCAACGGCCTATGTGGATATCTTTTTAAAAGCATCATAGATATAAATATTAACAAATCCTGAGTACAATAATGATATTCCAATCCAACTAATTTGTGATGTCTTAAATAATTCTGGTTTCCATACTAACATTCCTCCTAATCCAAATAAGATAAGACTACTGACTAAAGCAATGATGCCTTTGTGTGGTGCATGAGATAAAACATCTAAGCCTAAATTCAAAGAAATTGTTGATCTAAAAATTAATAAAAATCCAATATAAAACGATAAAATTTCCACATAATGTGTTTGTTCTGTTTGAATGATTAGCCCAATAGAAGCAGTGAAAATACCCAAAGCAATATTCCATTTCTTGTTCGAATTTTCCTTTTTCATTTGTAAGGCATATATAATTTCTAATGCTCCAATTCCAAAAAATACAAGGCTAAAGAAATGCAGTAAATCATTTATATCTTCAATAATATCGAGCATCGTAAAAATTCCTGTACATGCAAGAAAAAAAACAGTTAAAAATGGAAAAAAACCAAAGGGTAGAAAATTTTTAGAAAATAAACGTTTTACCATATGATAAGCTTTTGGGTTTCTAGATTATAAGGTATGGAAAATATTTAATATTTACCTAGACCAAATTATTTCAAACTATTGAACATCATATTTTAGATTAGAAATAAGCTGTAATTTTGATTTTCTAAAATAAAATACACGATGAAAGTAGGTATAGAAACCTTATCAATATATGTTCCAAATATTTATTTATCAATTAGAGAATTAGCCGACAAACGTTCGATTGATCCCGATAAATTAGAGTTAGGTCTTGGCTTAAAGAAGATGGCTATTATGGATGCAGATGAAGATACTGCTACCATGGCTGCTAATGCAATTTTGAAATTAATAACAATAAATAACATACATCCTTCAACAATTGGCCGCATTTATATGGGGACTGAAAGTTCGTTGGATGGTGCTAAACCTACTGCGACTTATGCTGTTCAAATGGTTGAACAAGTGCTAGCAGAACAATACGGTGAGCGTGTGTTTAAACATACAGATGTAGTGGACATGACATTTGCTTGTATTGGAGGAGTGGATGCATTGCATAATGCATTAGATTTTGTACGTGTAAATCCAGATCAGAAAGCAATTGTTGTGGCATCAGATTATGCAAAATATGGTCTAGAAACCGGTGGGGAATATACACAAGGTGCAGGAGCTGTAGCTGTTTTGATTTCGAATCAACCTAATTTAATTGAAATTGAAAATAAATGGGGTATTGGAATGGAATCTGTTTTTGATTTCTTCAAACCTCGTCAAACTTCGTCAGAAGAATCAATTTTATCAACGCTACATACAACCAAAAAAGAAATTGAAATTTTTTCAGATGAACCTGTTTTTGATGGACATTATTCGAATGAATGTTATAAAGCAAGAGTTCGAGAAGCTTATTTTAATTTCAAAGAAAAATACAATGTGGCAGGTAAATTATATGAGAAT
NZ_CP141062.1_gap26	1086622	1089628	3006	AACGGTTGTAGGAGAAACTTTAGTAGATGTGAAATTTTCTGGAATCGCATGGAAAGGAAATGAAGGATTTTATTATTCGTCATATGACAAGCCAACTGGTTCTGAATTGTCTCAAAAAACAGATCAACACAAATTATATTTTCACAAATTAGGAACACCTCAAAAAAAGGATCAATTAATTTTTGGTGGAGGTGAAACAAAACGTCGTTATGTTGGTGCTTATTTAACAGATGACGAAAAATATTTGATTATTTCTGCAGCAAATACTACAACAGGTAATGAATTATATTACCAAGATTTAACGGTAGAAAATGCTCCAATTAAAACCATATTAGGAGATTTTAATTCAACAACAGGTGTGGTTGAAAATGAAGGTGATACCTTCTATCTTTTAACGAATCGTAATGCACCGAATAATAAGTTGGTAAAAGCCAAATTATCCGATATTGCTAACGAATCAAAATGGGAAACGGTTATTCCAGAAACAAAAAATGTATTATCGGTTTCTACTGCAGGAGGATATTTCTTTGCGAAATACATCAAAGATGCAATTTCGGTTGTAGAGCAATACAAATACGATGGAAGTAAAGTTCGTCAGATTGAATTACCAGGTGTGGGAAGTGCATCAGGATTTGGAGGAAAGAAAGATGATAAAGAAATTTTCTTTGGATTCTCAAATTATGTGACTCCTTCAACAAGTTATAAATTCAACATCGAAAAAGGTACTTCAGAAGTTTACATTAAACCTAATGTAAAATTCAATTCAGAAGATTTCATTTCAGAGCAGGTATTTTATACTTCTAAAGATGGAACAAAAGTACCTATGATTATCACCTATAAAAAAGGGTTAAAGAAAAATGGAAAAAATCCTACAATAGTCTACGGATATGGAGGATTCAATATTTCTTTAACGCCTTCATTTAGTCCTTCTACTGCAGCATGGTTAGAAAATGGTGGAATTTATGCGGTAGCAAATTTACGTGGTGGAGGTGAATATGGTAAAGAATGGCATGATGGCGGTCGACAATTTAATAAATTAAATGTATTTAATGATTTTATCGCAGCTGCAGAATATTTACAAAACAACAAATATACTTCTCCAGATTTTACCGCTTTATCAGGAGGATCGAATGGAGGATTATTGGTTGGTGCAACCATGACGATCAATCCAAAAATTGCAAAAGTTGCTTTACCAGCAGTTGGAGTTTTAGATATGTTACGCTACCATACCTTTACTGCAGGTGCAGGTTGGGGATATGATTATGGAACAGCAAATGATTCAAAAGAAATGTTTGAGTACTTAAAAGCTTATTCTCCAGTACATAATGTAAAAGAAGGTGTGTGTTATCCTGCTACATTAGTAACAACAGGAGATCATGATGATCGTGTAGTTCCTGCTCACTCGTATAAGTTTGCTGCAGAATTACAAGCGAAACAAAGTTGTGATAATCCTGTACTAATTCGTATTGAGACGAAAGCAGGTCATGGTGCTGGACGTTCTACTGAAGTAATTATTAATGAAACAGTTGATAAATACGCTTTCACATTATGGAATATGGGAATCAAAAAATTAAAATAATTATCAACAAATAAACTCTAAATCCATCTGAATTTCTCGGATGGATTTTTTTATTTTTATCAAAATATAATCAGATATGAGTACAAAAACATACGCAGCATTTAACGAAATAGATCCTTTAGGACCATATACTATAGAACGCCGTCATTTACATCCAAAAGACGTTTTTATTGACATTGATTACTGTGGTGTATGTCATAGCGATATCCATACCGCCAAAGGAGATTGGGGAGTTCCAAATTATCCTGTAGTACCAGGGCATGAAATTATCGGTCGTGTGAAAGAAGTAGGATCAGAGGTGACTAAATTTAAAGTTGGAGATTTAGTGGGAGTAGGATGTTTAGTAGAGTCTTGTCAACATTGCCATCCTTGTGAGGAAGGATTAGAGCAATATTGTGAGAATGGTTCAACAGGAACATACAATTCAAAAAACTCAAAATACGGAGGAATTACTTACGGAGGTTATTCAGAGAATATTGTAGTAGAAGAAGGATTCGTGCTACATGTACCAGAAAATATTGATGCCGCAGCTGCTGCACCTTTATTATGTGCTGGTATTACAACATGGTCGCCTTTACGCCACTGGAATGTGAAAGAAGGAGATAAAGTTGGAGTGATTGGATTAGGTGGTTTAGGACACATGGGGGTAAAATTTGCTAAAGCAATGGGAGCACATGTCGTGATGATTACTACATCTGAAGCAAAAGGAGAGGACGCGAAGAAATTAGGAGCCGATGAGGTTTTAATTTCAAAAGATGGAGAACAGATGAAAGCGCATCGTAATTCGTTTGATTTCTTATTGAATACTATTCCTGTCAAACATGATGTAAATCCTTATTTGCAATTGCTAAAATTGGATAAAACCATGTGTATGGTAGGGGCTATAGAACCTTTAGAAGCCATTCACGGAGGATTATTAATTATGAAACGTAGAAACCTTGCAGGATCATTGATTGGAGGAATCAAAGAAACTCAAGAAATGTTAGATTTCTGTGGAGAACATAATATTGTTTCTGATGTAGAAATGATTGACATCCAGAATATCAATGAAGCCTACGAACGCATGATGAAATCAGATGTGAAATATCGTTTTGTAATTGATATTAAATCTTTGAAAGAATCATAAAAATGAAATATAAAAAAAGGCATTCCATAGGAAATGCCTTTTTTATTTGGTAATAAAGCTTCAATTATTGAGCAGCTTCTTCAAAAACAGCAGCAGAATCAGTAATTACATTTTCTACTGAATCAGCAGAAACTTCTGGAGTTTCAACAGCTGTTGAATCGATGGCAGCATTTAATGTGTCTACAACTTCTACTTCTTCAACAGGAGCTTCAACTTCTTTGTTTCCATTACAAGAAATTGCTGTAAATGATAATGCTACGATTGCTACTAATGCTAAATTTTTCATCTGATTATTTTTTTA
NZ_CP141062.1_gap27	1284894	1288978	4084	TTAAATACGGGTACTGGACGATCCCAACGTTTCCAATTGTATGAATGAATATCATATACAACACACTTTTCGAACTTTGATTCTAATTTTTGAATCAAGGCTTCAATCACTTCGTAAAATGCTTGGTGTTTTGCTAAACTGCGTTGTTTTTGAGATTCGCTTAAAGGAGTTTCCCAAACTTGTTTCCCCCAAGCTTCTTCATAAATAGCGGTTTCAGGATCACGGTTTAAGTCATACTCAAATCGTGAATCACACCCATGAATTAAGATTGGGAAGCTACCAACGAATTCGGCAGTATGAGGGTCTTCTTCATACCAACGTTCGTAATTGGATAAACTACATTTCTCTAAGATATCGTCTCGCATGTGTCCACCATCATGGATAGCGGCACATACATATGGAATATATTCATCAATTTTAATCTTAAATGATTCGTCTTCGGCATAAGCTTCAAAAACAACTTCATTTTCGATATTTTTGATGATTTGTTGGATCGTTAAAATTTTCATTTTATAAATTCTTCATATTTCTCTAAAATCATAGAGATAATTTGTTTTTGAATTTCTTGATTTCCGTTTACATTATTATGAGGAACAATTCCACCAGGGCTTACGACATTTAATTCAACCATTTTACCATTGATTAAGTCGATACCTGTAAAGAAAATACCATCTTTTACTAAACGTTCACCCATTTGGCGACATAATTGGATTTCATGCTCTGTTAAATCATGCTTAATGGCAGATCCTCCAGCCGAAATATTCGAACGGTGATCTCCTTCTGCAGGTACACGCATTATGGCTCCAATAGGTTCACCATTAATAACAATTGCACGTACATCCCCTTTTTCTGCACCTTCGATATAATTTTGGCAGATTATTGGTTGAGGTTTACCCGCATGATTGATATAAAAATCCGCAATAGAACTCAAGTTTCCTGTATTATTTGCTTCGAAGAGGATAACTCCTTTACCACCCATACCATCTAAAGGTTTGATGATAAATCTCTCGAATTTATTTTCTTCTACAAATTCTTTAATCAATTCAATATCGCGAGTGATTAAAGTATGTGGAACAATTGTTTCTAAACCATCATCAAAAGATGCGGCATAGATTTTATTATTTGCTTTACGAAGACCAGATGGTTTATTGACAAAGAAAACTTGGTCTTCGATCATTTCTAACATGTTTAATAAAAGTGGATCAACTGGTGGATCACTTCTCATAAAAATCATGTCGAAAGTCGTTAAATCTTTTACTGCTGTTTCAAATTGCATAGTATGATAAAATTCCACACAATCTTCCGTTTCAATAGAAATTAATTTATTGCATTTCCCTACAACCTTTCCTTTGTTGATCGAAATGTCTTTAGTTGTTAAATAAGATACTTCAAAACCACGGTTAACGCATTCTTTTATAAGACGCATAGTGGTATCTTTTCCTGGTTCAACTTTGTCCCAAGGATACATTACGAAGCATATTTTCATATAATATAAACGGATTTTAAATTTGATGCAATAATAACCAAAAGTTTGATACAAAGTTTTAAACCAAGGAAATTTGGGAAAAAATTATTATCGCACTTCTAAATATAAGAAAATCAGTCAATAAAATGTGAAGAAAAAAGGTGAATGCTTTAATTTTTTTAAAACATTCACCTCTCAGGTTGTAAACTTAAAATCTAATTTCAATTATTTTATCATCAATCGATCAATTGTTGCTTGTACTTCAGGATCATCTGCTTTAACTGAATAGTACTTAGCAATTTTACCATTTTGATCTAAAATGATGTATCGAGGAATCCAATTCAGATCAATAGAAGCCGAAAATTCAGACTTCCAATTGTTTCCCATATAATAATGATCCCCTTCAATTTTATATTTTTCAATGCCTTTTTTCCAAGCTTCTTGTGTTTTATCCATTGAGAAATATACAAAAGCAACATTTGGATTATTGGCTTTTAACTCTTTCAATTTAGGCATTCCTGTGATGCAATCTCCACACCAAGTCGCCCATAGGTCCAATACAACCACTTTCCCGTTGTACGATTTAAGAACCTCATCAATTAATAATTCTTTTCCATCGATAGATTCTACTTGATCTTGTAAAGCAAGTGTAGAAAATTCGGTCTTCATGACAGTTGGTACTTTTTGTGCAAAAGTGAATAAGCCAACCATTATAGCGATAACACTAAAAATCTTTTTCATCTCGATTAATTGTCTTGTCAATATCCAAAACCTATACCAAATTAATAGATTTTTATTAAATACCGCTAATTTTTTTAAAACATCTTAAATATCGTAACTTTGCTTTATGCAAAAATATTTGATCATCGGACTAGGGAATATCGGTGCGAAATACGAAAATACCCGTCATAATATTGGATTTAAAGTTGTAGACCGAATTGCAGAAAAGGCTGGAGCTAAGTTTACTCCATCAAATTTTGGAGAAATTTCGCAATTTAAGTACAAAGGTCGTCCAGTAACATTGCTTAAGCCTAATACATATATGAATTTGAGTGGTGATGCTGTAAAATTTTGGATGAAGAAGGAAAACATCGCGATCGAAAATATTTTTGTGATCACCGATGATTTAAACTTACCTTTTGGTTCGATTCGAATGCGATCTAAGGGAAGTGATGGAGGTCATAATGGATTAAAAGACATTCAAAACAAACTACAATCTCAAGCTTATCCACGATTACGCTTTGGAGTTGGTAATGAATTTTTGAAAGGTCAGCAGATTGATTATGTTCTTGGAGAATGGACAGCAGAGGAAAATGAAATAATGAACGAACGATTAAACCATTCAGCAGACGCAGCTTTATCTTTTGTATTTGCAGGTTTAAACAATACAATGAATCAATACAATGGGAAATAAAATAGTTTTAACCCTTGCATTATGTGCAGGTGTATTCTTTACATCTTGCCAAACCAATCAAGTGGAAAAAGTTACGACATCGGAAGAAATACAGAAAATAATCTCTTCCTTAAATAATGTCAATCAAGTGGATTTGAGCAATCCAAATAATGTATTGATAGATGTTCGTACTCCAGAAGAGTATGCAGAAGGACATGTTCCAGGTGCAATTAATTTAAATGTTAAAGATGATAATTTCGGAAAACGTGTATCTGAATTAGATTCGACTAAAAATTATTACATCTATTGCCGCTCAGGAGTACGTGCGAAATCTGCAGAAATGATCATGTTAGAAAATAACTTGAACAAAGTACATACTTTCCAAGATGGGATGATGACGTACGAAGGGGAGATTGCTAAATAATGGAAGGTTTAAAACCTGAATATCTAAAAGATATTGTCACCACTAAAATGCCTTTTGGGAAATATCAAGGATACTTACTTTGTGATTTACCAGTTTCCTATTTGGAATGGTTTGTGGCGAAAGGAGGATTCCCTGCAGGTAAACTTGGGCAATTGTTATCCACAGTGTATGAAATAAAATTAAATGGATTAGAAGATATAATTAATGTATTGAAAAACAATTATTTAAAATAAAATAATATCTTTACGTTTCAATTATATTTTAAATTTATGAGAAAGTATTTTAACGTACTTCTCTTTACTATCCTAACTCATTATAATGTAAATGCTCAAGAACGAGGTGAACTTTCCATCGGAGTCGGAGATGGAATCGCTTATGAATTCTTTTTTGAATTTGAATCTATCGTAAGTCATCTTGTACCTTCTATTATTTCGGGACATTCTTTTACCGAAGATGTAAGTGTTAATACACCTTATTTGTTCTTAGATTATCGTAAACCGTTATCAGATCGGTTGAAAGTTGGAGGCCAAATCGGATATTATGCATATAATGGTACCACCACTGAATACAGTGCAGGACAAACGGTATATGACGTTTATGATGTGAAAAAATCGGTATTTGTGCTAATGCCTGGAATAGATTATAGTTACATTCAACGGAATAAATTTCGTTTTTATGGAAATCTAATGCTTGGAATTGGTATTGCATCATCAGAAGTTAATGGAACGATGGATCGTTCGAAAAGAGGAGAAGAAAATAATGTCTTGTTCGCTTTTCAGGTGAATCCTATAGGATTATCCTA
NZ_CP141062.1_gap28	1433556	1436838	3282	AACGGCCTTTTTTGGTGCAACAGGTTTATTAGTATATTATACATTAAAATCAATACGAGTTGTTGACCGTTCAGATGCATTTAAACGATCTGTTTTTTGGTTAGCTATTGGTCCATTTTTCTTCTTTTTGTTTTCTACTTTAAAAGATACGACACAAGCGCAATGGTTATTGATTAGTTACATAGCATGTGGATTATTATTGTATTGGAGTTATTCAGATGTTCAAAAAACAAAGTCATGGATGATTACAGGCGGTCTAACAATTGGACTTATTTTTATCGTTCGTGTTATTATAATGATTCCAAGTTTGTCACCATTGTATGAAACTAAGAATTTTGGGGAGTTAGCAGGAAATTTAGTCTCAGAAGATATTGTGGCATTTGAAAAATATCAAGAAGCGTCAATTTTCCAATTTTATAATCGGGATAAAAGAGGCGTGGTCTATCGTACACTTGGAAATAGAAATAGTCAGTTTTCCCTATGGGACGATGAAAGATTATTGAATAAGTCTTTTAATTATGTTACACCTTGGTCACAATCTTTAGTCAGTTTCGAGGGACTTAAAGGAAAAGAATATTTTGTAAATAAAATTGAAAATTATCATCCTATTCATCAAATGAAGGGGGAAGTGATAAAAATTGATAGTTATAAGATAACAGATAAAATTGAGGTTATAAAAAATGCACATCATCAAGTTGAGGTTAAACTATCCGAAATAGATTGGGATTTAATTCAGCACCAAAATTATCGCTTAGAATTTTTTATTACGAAAGAACAACAATATAATATTGTTGAAGTATTACCTATAGAACTAAATGTTGAATCCATTGTGCAAGATGAGATTTCATTAAAATCAAACTTTAAAACTACTTTAGAAAAAGGAACATATTCGCTTTATATCGGAATTACACCACCCAGTTTAATTTCAAAATATGTGTCTAAACCATTAAAAATGATAGTTACTGAATAGTTTCTTATATTTACATCATCATGATTAAAGCAACGAATATTGTCAAAAAATACGGTGATTTGGAAGTTCTTAAGGGAGTTTCGTTAGAAATCGCTGAACGAGAAGTAGTTTCGATTGTTGGAGCTTCAGGTGCAGGTAAAACTACATTATTACAAATATTAGGAACTTTAGAAAAAAGTTCTGAACCAAAACAACATCAGACTGAAATTTTAATAAATGGTCAGGATGTGACAAAATTATCGGATCGAGAATTATCCAAATTCAGAAATGAAAATATCGGATTTATTTTCCAATTTCATCAATTATTGCCTGAGTTTAATGCCTTAGAAAATATTTGTATTCCCGCGTTTATACGTAAGACGAATAAAGCAGAGGCGGAAAAACGTGCGAAAGAATTGATGCAGTATTTAGGATTGTCTCATCGTTTGACTCATAAACCAAATCAACTTTCAGGAGGAGAACAGCAGCGTGTAGCTGTAGCTCGTGCATTAATTAATCAACCAAAAGTTGTTTTTGCTGATGAACCTTCTGGAAATTTAGATTCTAAAAATGCAGAAGAACTACATGATTTGTTTTTTAAATTACGTGAAGAATTCGGACAAACTTTTGTGATTGTAACACACAATGAAGAATTAGCGGGACTAACAGATCGCAAATTGGTGATGCATGATGGTTTTTTTCAATCTGAAAGTATTCGATAAATGACGGCTAAAGAGTTAAAAGATTTTTTAGACGAAAAAGTTTATCAATACAACACATTAGAATTTATTGATACGGATCCTGTCCAAATACCGCATTTATTTCACTTGAAAGAAGATCAGGAAATTGCTGGATTTCTAGCTTCAACAATTGCTTGGGGAAATCGAAAAATGATTATTAACAATGCGCATAAAATGATGAATTTGATGGGGAATTCGCCATTTGATTTTGTAATGAATCATTCGAATCATGATTTAGATAAATTCGATGGGTTTGTACATCGAACATTTAATGCAGAAGATTTTAAATACTTTGTTATAAGCTTAAAAAACATTTATCAAAATCATGACGGATTAGAGGGGGTATTCACGAAATATCAATCCGAAGACTCGATGCAAGAAGCGATCTCAAAATTAAAAACCATATTCTTTGAAATAGATCCTTTAGAGCGTACGAAAAAACATGTATCAGATCCATTAAATAATTCGGCTGCAAAGCGAATTAACATGTTTTTACGTTGGATGGTAAGGAATGACGCTAATGGTGTAGATTTAGGATTATGGAAATCAATTTCTACTTCAAAATTATCTTGCCCTTTAGATGTACATTCTGGAAATGTAGCTCGTAAATTAGGATTATTGAAAAGGAAACAAAATGATGCGAAAGCATTAAAAGAGTTGGATATTCAATTAAGAATATTGGATGCAAATGATCCCGTGAAGTACGATTTTGCATTGTTCGGACTAGGAGTTTTTGAAGGATTTTAGAAGAGGTGGTATAAAATTTGCAGCCCATTGAAAGAAAAATTATAGTAAGATTAAGGAGTAGTAGCATGTTGAGTATATTAGTAGGAGAAAAGTTTAAAGAATTAACATTAGAAGGGAATCAAAAAAGTAGATACGCAATATCCAACTATGGAAGATTAATCCGATTTACAGAGAATTTTGAAGACGGTCATTTACTGAAAGGTTCTGAAACGAATGGATACAAGGTGTTTCGATACAAATCAGTAGAAAATGGTAAAACAAAAAATTACTCAAAAATGTTTTCTCGAATGGTTGCTGAAAACTTTTTACCTGAACCATCAGCAGAGCAAACATACTTACTTCATAAAGACTATAAAAAAGATAATTGTCAAGCAACAAATCTATTTTGGGCGACAAAAGAAGAATTTACCAATCATTTTATGAATAGTCCTTTGTATGAAGAAGGGAAAATAAAATCGCAGAATACGCGAAAGAAAATGGATGGGAATAAATTAACTTCTACACAAGTCATACGAATCAAAAAAATGATCAATGATCCCAATCGTAAGACACGATTAAAAATTATTGCGAAGCAATTTGGGATAAGTGAAATGCAATTGTATCGTATTAAATCCGGAGAAAATTGGGGACATATAGAAGTTTAAAATAAGATAAAGGTTAGCGCTAAAGTGTTGACCTTTTTTATTTCAGTTAGAGATTGTTATTTTTACAAGAATTAATAACAAAACAATTTGATGAAAGAACTTAACGGAATAAAATATATTGAACGTAAACCAACAATTGTTACAGATAAACCTCAATTATTTTTGTTGATTCATGGATATGGAAGTCATGAGGAAGACTTAT
NZ_CP141062.1_gap29	1465652	1469985	4333	CTGGAATTAATCCATTTGAAACAAATTCATTGTAATACTCACTGTTAAATTCGTATCTGTGACGGTGACGTTCTAAAATTTCAGTAGAACCATAGATGTCTTTGATTTTAGAACCTTCTTCTAAATGACATTTCCAGTTTCCTAAACGCATTGTACCTCCTTTGTCTGAGATATCTTTTTGATCTTCCATTAAACTAATTACCGGATGAGGAGTCGATAAATCCATTTCAGTAGAATCAGCTTTTTCGTAACCTAAGACATTACGAGCAAATTCAATGGCCATAATTTGCATACCTAAACAAATTCCTAAGGTTGGAATATTGTTTTGACGTGTATATTTTGCCGCAATAATTTTTCCTAAAATTCCTCGATCACCAAAACCAGGTGCGATTAAAACTCCTGAAACTCCTGCTAAAACCTCGGCTACATTTTCTTCTGTAATATCACCAGAATATACCCATCTGACTTTCACCTTCGTTTCACTTGCAGCTCCAGCATGAGTAAAAGCTTCTGTAATAGATTTGTAAGAATCATGTAAGGAAACATATTTACCAACTAGTGCAATTTCAACTTCATTCGCTGGATTTTTATGACTTGCTAAGAATTTTTTCCAAACCGTAAAATCAGGTTCCTGATTGGTTGGCAAATCTAATCCTTTTAATACAACTTCATCAAATTCTTGTTCGTGTAATAAAAATGGAACATCATATATAGTATCAGCATCCATACACTCAATGACATTTTCTTTACGAACATTACAGAATTGAGCCAATTTAGCTTTTACTTCTTTAGATAAATGGTGCTCAGTTCGAGTTACTAATACATTGGCATTAATTCCACTTTCCATTAATGTACGAACAGAATGTTGTGTAGGTTTTGTTTTTAATTCACCAGAAGCGGCTAAATAAGGAACTAATGTTAAATGAATCACCAGTGAATTGTGATCACCTAATTCCCAAATTAGCTGACGAATTGTTTCGATGTATGGTAATGATTCGATATCACCAACCGTACCACCAATTTCAGTAATGATAATATCATAATCACCTGTATTACCTAATAATTTGATACGACGTTTAATTTCATTGGTGATGTGAGGAACAACTTGAACTGTTTTTCCTAAATAATCTCCACGACGTTCTTTTTCGATAACTGATTGGTAGATTCGTCCAGTAGTAACTGAATTCGCTTTTGAAGTTGGACGATTTAAATATCTCTCGTAGTGACCTAAATCTAAATCGGTTTCAGCTCCATCTTCTGTTACATAACACTCACCGTGTTCATATGGATTAAGTGTACCTGGGTCAACATTGATGTAAGGATCAAGTTTTTGAATGGTTACACGATATCCTCTTGCTTCTAATAGCATTCCTAATGAAGATGCTACAATTCCTTTACCTAACGACGATGTTACTCCTCCCGTAACAAAAATGTACTTTGCTGTTTTGTTTGTTTCCATTGAATCTCTAAATCAATGGATGCAAAATTAAGAATAATTTATGGGGTAAAAAAAAGGGAATGTAAATTTAGGGAATAAAAAAAGGCAAGCGACCTACATCACACCGCTACGACCGTATACCTTTGCTACGTTCCCGTCCTGGAGGATTCAACAGGAGCTGGTTGTGTAGGACTTGCCTGATGCAAAGGTAAGAATAGTTTGTAAATTTCAAAATGGTTTTTTGAAAAAATATGCTAAAAATAAAGCTTCAAAAAATAAAACAATTGATAATGAGGGTGATATTTATAAAACTTTTTTAATTTTTTTTTACATATCTCCATTTTTGTGAGTAGGAATGGAATATTTTTAGCTCTAATTCGAAGAAAAATTTGCTGTAAACATTATTTTTTTCATACAAGAATATGTATTGATATCCTTATCTTTGCAGCATGAATACAATAAATAAAGTATTAAGAAGCTCACTAATATTAACAGCAATCGTATTAGTGTTGTTTTTTGGATTATATATGGCGTTTTCAACGAATGGGGGGATTACACCAAAAGATTATTATAAATATACAATGATGATTTGTTGTTTTATTTTGGTTCCCTTATTTGCAGGATTCTCTTTCTTTACTACTTTAAGTGTATCGAAAGCAAAAGCAAAAACGGCAACGACTATAGAAGAATTAATGTCATTTAAAGAAGGATTTAAAATTGGCTTTTATACCATGTTTATCGCAGGTGTTATCAGTTTAGCAGTTATTTTTATTTTCTTCAATACAGCAGGAGAGTGGGCACAAGATGCATTACGTAATGGAATCTTGGATACATTTATGACCAATATGGATGCTGAACAAGCAAAAGTAATCGAACAAAGTCGTAAAGAACCAGAAATTATGAAAGTGAATTTATTTTCATTTAAATATTTCTTTGGTTTACTTTCAATGTTCTTATCTTTTTACATGGCTGTTTCTGCAATTTTTGCACAGTTCTTAAAAAAACGAGTTTATTAAAACCATGGATTTATCAATAGTTGTTCCTTTACTGAACGAACAAGATTCTTTAGAAGAATTATTTACACGAATCAAAACTGTATGTCACGAAAACGGATTCTCTTTCGAGGTGATCTTTGTGGATGATGGTAGTACAGATGATTCATGGGAAATTATTGAATATTTATCGAAATTTCATCAAGAAGTTAAAGGAATTAAATTCCGTAAGAATTATGGTAAATCACCTGCTTTAAATGCTGCTTTTAAACAAGTTAAAGGTAATGTAGTGATTACGATGGATGCCGATTTACAGGATTTTCCTGAAGAAATCCCCGCATTATACAATACATTAATCAATAAGAAAGCAGATATTGTTTCTGGATGGAAACAAAACCGTCAAGATAACAAATTAACAAAAAATTTACCTTCGAAGTTGTTCAATGCAGTAGCTCGCAAAACTTCTGGTGTTAATTTACATGATTTTAATTGTGGATTAAAAGCTTATCGTTATGAAGTAACTCAAAATGTAGAGCTTTATGGCGATATGCACCGATATATTCCCGTTTTAGCTAAAAATGCAGGTTACCATCGCATTTTAGAAAAACAAGTACGTCACCAAGCACGTAAATACGGTGTTTCTAAATTTGGTCCAAGCCGTTTTATAAATGGATTTTTAGATTTAATCACATTGTATTTCCAAGCGAAATTCGGTACACGACCAATGCATATCTTTGGATTGATTGGTACGATCATGTTCGTCGTTGGATTTTTAGCATCTGTTTATTTAGGTCTGGATAAATTATTTCGATTATTTATTCTAGATAAACCAACACGACTTATTACAGATAGTCCATATTTTTATATCTCACTTACATCGATGATTTTAGGTACTCAGCTTTTCTTGGCAGGGTTTTTAGGGGAATTAATTGTAAGAGGAAATAAAGACCGCAAGATTTACAGTGTCCAAAAGGAACTTAATCTGGATTAACAACAACCAAAACCTATTAACTATGAATAAATTTTTAGCATTATCACTTTTAGGATTCTCGATGATGAGTTGTTCATCATCTATTGATGGTGAAGGAGCAGCGACTGCTCAACAATCATTTACAGTAGATCAAATCAATGAACTGAACGTTGCATGTAATTGTAATGTCACTTTAATTCCAGGAAATGAAATTGGCGTTAAAGTAGAAAGTCATCAGAATATTATTGATAACCTAAAGGTTGAAGGTAAAAATGGGACTTTAAACATATCAGAAAACAAATCGATTGGTCAATACAGTGCATATGATGTATTTGTTTATGTGACAAGAGATTTAAAAGATATTGATGTTTCAAAACAAACAAACTTAAAAGTTTCAGGAACTTTAAATGTAGATGATTTGGAAATTGAAGCTTCGGAACAGTCTAAAATTGATGATACTTATTTGATTACGAATAATCTTAAGCTTTCAGTTTATGATCAATCAGCTGTTAAACTTCAAGGGACAGCTTTAGCTTTAATCTATAAAGGGTCTAATCAATCGCAAGGTGATCTTTTTGCTTATGAGTCCAATGATGCTCAAATTAACGTAAGTGATAATGCGATATTAAATATTAATTCTAGAAAATCTTTAGCGGGGTCGGCGAAAGGAAATGCGGTAGTCACTTATGTAGGAGAGCCTTCTAAGGATACTAAAATTTCTGACAACGCTCAAGTCATAAAAAAATAACGATTAGAGAATAATGAGTACAAGTTTAGAAAGAGCTCAACTTTGGCTTTCTGATGCATATGACGCAGAAACAAGAAATGCTGTACAAGATTTAATAGATAACAATCCAACAGAACTAGATGATTCTTTTTACCGTGATCTTGAATTTGGAACGGGAGGTATGAGAGGAATTATGGGAGTGGGTA
NZ_CP141062.1_gap30	1471174	1475719	4545	TAAGCCTGGTAAAGAAGGAGCCGAATTAATCGCCAATATGATGGTTGATTTCCGTGCTAATCCTCCGAAAGAACTAGCCGGTTCTCCAGTGGTTCGTGTGAAAGATTTCCAATCATCTATCGAAAAGGATTTAGTTTCAGGAGAAGAAAAAGCAATTGATGTTCCTAAGTCGAATGTATTAATTTTCTATACAGCGGATGGAAGCAAAGTAGCTTGTCGACCTTCGGGAACTGAACCAAAAATTAAATACTATTTTTCTGTTAATGCTCCTTTAGTAGCTAAAGAAGATTATAAAGAAGTACAAAAAGTATTATTAGCTAAAATTGATCAATTAAAAGTAGATTTTAGTAAATAAAAGTTAAGTAGTAAAGAACAAACAAAGGCGACCATTGGTCGCCTTTGTTTGTTAAAAATTGAAATGGATTTCAACGGGGAAATTTTCCTTAGTATTTGTTTTCTTCCAACTTCCAATGAATTGATTATTTATCTGCTTTAATTTGAATGTTGCTGTTGTATTATTATTGTAGTCTTTTTCGTTAATGATTATTTCTTGGTTCTCGTAAACAAAGTCAATTTCTATTAATTGTTTAAATCTTTCGTACCAATAGAAACCAAAATTATTTTGATTAATAACCCCTTTTATAGGGTATTTTCTAATTTTACCAGCGAAAATCTTTTCTTTGAAATCAGTCATCTTTCTTGGTTGATTTCCATAAAGATTCTTACCGTATTCTGATAGAAAGGGTTCAATTTCCTTTTTGGTAAAACCATAAGTGAAATTACCTAATTCATCCAAAGCTCTTGAAGCATGATTGCTGCATCTCCCTCTTTGAAAATAAATGGAATCATTACTGATATAATAGTTGAAACCATTATCGCTCAATTGATATAAATCGATACTTTCTAAACAATCTTTATAGATTTCTTTTTGGTCGTTATAATAGTCAATGTCTTGTTGATTAATTTGATTGATTTTTGGCATCTTTTTAATAAAGTCAGAAATCTCATTTCTAATTTTATTATTAAGAATTTGAGTCAATTGTTTTGATTTATTTTGATCTATTAAATCATCTATAGTAATGACATAACCATTACTAAGATCAAAATTTGCAAATTCAAAATATTCTTCACAATAGGCACCACAATATTCGGTTAGCAACGATAAACTGAATACGGGAATAGTGTTTTTATTCACCGTAAAATCATGAAAATATTTTGTTCTTGATTCGGATTTTTTGATAATCTTCTCAAATGGATTTTTTGAAGATACATTAACAGTTTCTAGATAAGTTGAATGTAAATAGTAATTTATATTTTCTTCGATTTTTTTATCAGAAATAGAAACTATAGGAAAAGTGTCATCTTCTTTTGAATGAATTGAATTTACTTGATATTGAGCATCTGTTTGATGCATAAATAACAATATAAGGATAATGAAAATTTTATTCATAAATTTTAGATTTAGATATAAAAAAAGCAACCATTAAAAAATGATTGCTTATAGTAAATTTATTGATTTTCTTTAAAAGAATAACTTTAAAAAATAATAGAAAGCAGTAGCGATTAATGCTGATATTGGAATAGTTAAAACCCAAGCCCATAATAAACTTACAGTAACTCCCCAACGTACGGCAGAAACTCTTTTTACCATTCCTACACCAATTATAGATCCTGTAATTACGTGTGTTGTTGATACAGGCATTTTGATGTGTTCTGTAAAGAATAACGTAACAGCAGATGCTGTTTGTGCTGTAAATCCTTCAATTGGAGTAATCTTAGTAATTTTATTCCCCATTGTTTTTAAGATTTTCATACCTCCACCTAAAGTTCCAATCGCAATTGCAGAGAAACAAACGATGGGAACCCAATCGTGAATATCAGCAGCATTTTCTGTAATAAACCATTCTTTCCAGTTGAAAATATCGTTAAAATACCATGAGTTCATGTCAGTGTCAATGATAGCTGTTTGGTTGGCTAATAAAGCAAAGGTAATTACACCCATTACTTTCTGAGAATCATTTAAACCATGTCCAATACTTAATAAAGCTGATGAAACTAATTGTAATCTTTTAAACCAAGTATCCGCTTTGTGTGGTTTTACATTACGACAAATATTTAATGTAATAATACTAATAATATTTCCTGCTAATAAACCGATAACAGGAGCAACGAATATAAATGCTACAATAGTTAAAATAATTTCTATGTTGACAGAAGAAAAGTTAAAACCTGTTGAAGCTAAAGCACCACCTGCTAATCCTCCAATTAAAGTATGTGATGAAGATGATGGTATACCTAATTTCCAAGTTAATAAGTTCCATGTAATAGCTGCAAGTAATGCTGCCATTATAACTACTGAAGGATTCGCTCCAAAGGATGTTACAATATCTTCTTTGATAATTTTGGAAATAGTATCGGCAACTCCAAATTCACCAATGATAAATTTTGCAATAAAAAATGCCACGAAATTAAAGAAGGCAGCCCATATAATGGCTTGAATAGGGGTAAGAACTTTTGTTGTCACAACGGTTGCGATAGAATTTGCAGCATCATGAAAACCGTTGATAAAGTCAAATACAATTGCTAAAGCAATGACTAAAAATAAAATCGTAAGGTCCATCTTATGGATTAGTTATTTAAAAAGTGTGGCAAATGTATAAAAAAAAATAGGTCTATCAATAATAGACCTATCTTAATATATTATGATGACTATCTATAAATTAGAATAATCGAATAATTAAATAGCATATACCTGCAATTACAGCCGAAACTGGTATTGTTAATACCCATGCCCATAGCAAGCTAATTGTTACTCCCCAACGTACAGCAGAAACACGTTTTGTCATTCCAACACCGATAATTGATCCTGTAATGGTATGTGTAGTAGAAACTGGGATTCCAAAATGCTCGGAGATATATAATGTCATCGCTCCAGCAGTTTCAGAAGCTACACCTTCTAATGGAGTAACTTTTGTAATCTTAGAGCCCATGGTTTTAATAATCTTCCATCCACCAGCCATTGTTCCCGCACCAATAATAATAAATGATGTGATAGGAACCCATCCCCAGTGTTCGACAAAGTATCCAAATTTATCTTCAGCATCCACATACGCTTGGTCGAAATCAACATTTAAATGATAGAAGATAACTGCTGCTCCAATAATACCCATTACTTTTTGAGCATCATTCATTCCGTGTCCTAAAGAAAATAAAGCAGAAGATACCAGTTGTAATTTTTTAAACCACCATTCTGCTACCGCAGGTTTTGCTTTTTTACAAATTTGTAAAATGATTAACGTCAATGTACTTGCAAGTATCATCCCGATAAATGGTGCCAAGAAAATAAATAAGAAAATTGGTAAAACCTTATTGTAAACAATCACATCCCAAATTGAACCTATTTCAGGATTCACATACGCGTGCATTAAAGCTGCACCTATAAAACCACCAATAAGCGTGTGTGATGAAGAAGATGGAATTCCAAATTTCCAAGTCAATAAATTCCACGATATAGCTGCTACAATTCCTGCAAGAATCACTTCAAGGGTAATGAAGTTTTCGTTGACAGATTTAGCAATTGTATTACCAATCTTAAACTCTCCAATCCAATAAACTGAAATAAAATAAGCTGCAAAATTAAATGCAGCTGCCCATAAAACAGCTTGAAAAGGAGTTAAAACTTTAGTGGCAACAATGGTTGCAATAGAGTTTGCTGCATCATGAAAACCATTAATGTAATCAAATACAAAAGCTAAAAAGATAATTATAAGTAAAAATATCCCTGCCTTTGAATCTAACATACCATTAATGATATTCAAAACATCATTAATCATTTCCATATATAAAAAATAAAAATGTATAGATTATGAATGTTTAACTGCTACAGCTTCTAATACGTTTGCAACACTTTTACACTTGTCTGTTGCAGATTCTAGAGATGATAGAACTTCTTTGTATTTGATGATATTTTTAGCATCAGTCTCATTCTCGAAAATTTCTTGAACTGCTTTGTCAAAAATACGATCAGATTTATTTTCTAATTTATTGATGCGTTCACAGATTTCGTAAACACGAGTTAAATTTTTAAAATCCTTTAGATTTTCAATTCCTTCACCAATTAATTGACAAGCCTCTAAATTAACAGCAGTAATTTTACGAATTGATTTTGTGATTTTATCAACTTGATAAATGTTGATACGATTAGCAGCACCATTTAAATTATCAGCAACATAATCAATCGCTTTGATTAATGAATAAATATCTTCACGATCAAAAGGCGTAATAAAGTTTTTACCTAACTCTAAATTTGTTTTTTGAGTTAAAAATTCAATTTTACTTTCAAGGTTAGAAATTTGAGCAAAGTAATCTTCACGCTCTTCTAATGGAGCATTAACGCATTCGTGTAATAACTCAGCTAAATTGATTAATGTTTTTGATGATTCCTCAAACAAAGGGAAAAATGTTTTATCCCTTGGTGTAAATAATTTGAAAAATGAGTTTACTGACATCTAAAAATGTATTTGTGTGGCAAAATTAATCTAATTA
NZ_CP141062.1_gap31	1485573	1487879	2306	TGGATCATGAAAGGTGAGGTATATGGTAAGAGAGAATTATCTCCATTAGTTGGATTACAAAAGAAACAAAAGAAATCTAACGGAAAAGGAGGTGAAAGATCTAATAATAGAAAGCGATAATTTAGTTTTAAACTAACATAAAGAATTAAGTAGATATGTTATCACCGAGAAGAGTAAAGTTTAGAAAAACCCAAAAAGGTAAGATGAAAGGTGTTTCTCACAGAGGAACTCAATTAGCTTACGGGACTTTCGGGATCAAATCTTTAGACGAAGCGTTTATTACAGCTCGTCAAATCGAGGCAGCTCGTATTGCTGCAACTCGTTTCATGAAGAGAGAAGGTCAATTATGGATTAAAATATTTCCAGATAAACCAATCACTAAGAAGCCAGCAGAGGTACGTATGGGTAAAGGTAAAGGTGCTCCAGAATATTGGGTAGCCCCAGTACAACCAGGACGTATTTTATTCGAAGTGGGAGGTGTGCCATTAGAGGTTGCTACTGAAGCATTGCGTTTAGCTGCTCAGAAATTACCTGTTAAAACTAAGTTTATCGTTGCACGTGATTTCCAAAATTAATTAATTACAAAAAATTAAGAAAAAATGAAAGCAGCAGATATCAGAAATCTAAGCGTAGAGGAGATCAAAGCTAAATTAGCTGAAGAAAAAGCAAACTACGATTCGTTAAAATTAACAAACGCAGTTTCTCCTGTAGGAAATCCAATCGGTATTAGAGACTTACGCAGAACAATTGCTCGTCTTAATACTGTATTAAACGAAAAACAATCATAACAGTAATCTGTAACTGATGGAAAGAAATTTAAGAAAAGAAAGAATTGGTTTAGTTACTTCAAACAAAATGGATAAAACCATTGTTGTATCTGAAACTAAAAAGCAAAAACACCCATTCTATGGGAAATTCGTTTTAAAAACGAAGAAATATACAGCGCACGACGAAGCTAACGAGTGTAACGAAGGTGACACTGTGCGTATCATGGAAACTCGTCCTTTGTCTAAAAACAAAAGATGGAGATTAGTAGAAATTATTGAAAGAGCTAAATAATAATAAGTTATGTTACAACAAGAATCTAGATTAAAAGTTGCAGATAACACAGGAGCTCGCGAAGCATTAGTAATCCGCGTTTTAGGTGGTACTAAAAGAAGATATGCATCAGTTGGTGATAAAATCGTCGTTGCTATTAAAGATGCAACTCCAAACGGAAACGTTAAAAAAGGTGCTGTATCTAAAGCTGTTGTAGTTAGAACTAAGAAAGAAGTTCGTAGAAAAGACGGTTCATATATCCGTTTTGACGATAATGCTTGTGTATTATTAAATACTCAAGGTGAGATGCGTGGTACTCGTGTATTCGGACCAGTAGCTCGTGAATTACGTGACAAAGAATATATGAAAATTGTTTCATTAGCCCCAGAGGTATTATAATATAGATCAACATGGCAAAGTTAAAAATTAAAAAAGGAGACAACGTAGTTGTTTTATCAGGTTCTTCAAAAGGACAAACTGGTACAGTATTACGCGTATTCCCTGACAAAGCTAAAGCTATCGTTGAAGGGGTTAATATCGCAAAAAAACGTGTAAAGCCAAGCGCACAGAATCCACAAGGAGGTGTTGTAGAAAAGGAAGCTCCAATCTATTTATGCAAATTGGCTTTAGTTGATCCTGAAACTGGAAAAGCAACTAAAGTTGCAATCAAAGTTGAGGGTGATAAAAAAGTAAGAATTGCTAAAAAATCAGGAAAAGCTATCTAAGATGAGTACAACTAAATTCACACCTCGTCCGCAGGTTAAATATAAAGAAGAGATTGTATCTGCTCTAATGGAAGAGTTCGGATATAAATCAATTATGCAAGTTCCTAAATTAGAGAAAATCGTTTTATCTCAAGGTTTAGGAGCTGCAACAGCAGACAAAAAAATTGTTGATTACGCTATCGAAGAGTTAGAGTTAATCACAGGTCAAAAAGCAGTTGCTACTATCTCTAAGAAAGATGAGGCAGCTTTCAAATTACGTAAAGGAATGCCAATTGGTGCTAAAGTTACTTTACGTGGTGAGAAAATGTACGAATTCTTAGATCGTTTCGTAACTGCATCTTTACCTCGTGTACGTGATTTCAACGGTATCTCAGCTACAGGATTTGACGGTAGAGGTAACTACAACTTAGGTATCAAAGAGCAAATTATCTTCCCAGAGATTTCTATTGATAAAATCAAAAAAATCCAAGGTTTAGATGTTACTTTTGTTACTTCTGCTAACACAGATAAGGAAGCAAAATCTTTATTAACTAAGTTTGGTTT
NZ_CP141062.1_gap32	1657727	1662456	4729	ACACGAACTCCATTTCCACCAGGGATATTAATCGAAGTGATTTTACCTGGAGAAGGACGGAAGTCATTGTAAGGATCCTCTGCATTAATACGACACTCGATAGAGTGCATCTGAGGGTGGTAGTTTTTACCTGAAATAGGTTCGCCGTCCGCTAACATGATTTGTTCACGAACTAAATCGAAACCTGTTACTTGCTCAGTGATTGGGTGTTCTACTTGGATACGAGTATTCATCTCCATGAAATAGAAATCACCATGCTTGTCTACTAAGAACTCAATTGTACCAACTCCTTCGTATCCGATGTATTCAGCAGCTTTAACAGCAGCTTGACCCATTTTTTCGCGTAATTCATCTGTCATAATAGGAGATGGAGTTTCTTCTACTAATTTTTGATTACGACGTTGGATCGAACAATCACGTTCTGATAAATGGCAAGCTTTTCCGAATTTATCTCCAGCAACTTGGATTTCGACATGGCGAGGTTCCTCGATTAATTTTTCCATGTACATACCGTCGTTTCCGAAGGCTGCGGCAGCTTCTTGACGAGCGGACTCCCAAGCGTGTAATAAATCTTCTTCTTTCCAAACAGCACGCATACCTTTACCACCACCACCGGCAGTAGCTTTTAACATAACAGGAAATTTAATTTCCTTTGCAATTTCTAAGGCTTGTTCGTAGCTATCTAATAAACCTTCTGATCCTGGTACAACAGGAACTCCAGCTTCTTTCATTGTCGCTTTTGCATTTGATTTATCTCCCATTCGGTCGATATGTTCTGGTGCAGCTCCAATAAATTTGATTCCGTTAGATTGACAGATTTTAGAGAAAGTTGCGTTTTCTGATAAGAAACCGTAACCCGGGTGAATAGCATCTGCATCTGTGATTTCAGCAGCAGCGATGATATTAGCCATTTTTAAGTAAGAATCTTTACTTTGCGCTGGTCCAATACATACAGCCTCATCAGCGAAACGTACGTGTAACGATGTTTCATCTGCCTTAGAGTATACTGCAACTGTTTTAATACCCATTTCTTTTGCTGTACGAATAACTCGCATAGCAATTTCTCCTCTATTTGCTATTAATATCTTTTTGAACATAGCTAAATATTTAGATGATTAATTAAGATGGGTCTACTAAGAATAATGGTTGATCGTATTCTACTGGCGTAGCATCGTCAACTAAGATTTTAACAATTTTACCAGAAACTTCAGATTCAATTTCGTTAAATAATTTCATGGCCTCTACGATACATAATACTTTACCTGGAGCGATAGTATCACCAACACTAACGAAAGCATCTTTTCCTGGTCCAGATGCGCGGTAGAATGTACCAATCATTGGAGATTTTACAGTAATGTAATTGCTGTTCTCGTCTGCTGAAGGAGCAGCGGCTTCAGGAGCAACTGGAGTAGAAGGAGCAGCAGTAGGTGCTACAGGTACTTGTGCAGTTTGTGGCACGTAGTAAGTTTGTGCAGCAGGCTGGTTAGAAACACTGTGTAACGTTTTGATTTTGATTTCAATGTCTTCTTGTTTAATACTAACCTCGGCAACTTCTGCTTTAGAGACAAATCTGATTAAATTTTGAATGTCTTTAATATCCATATAATGCGGTTTTTAAATTCGACATCTTGAGTGTCGTTTTTGTTTTCAGTTACCAAAGGTATTAAAAAAATTAAAAAAGCTGCTTCTTTTATGGAGAAACAGCTTTAAAATCTTTGTAAGACTATATTATTCAGTAACTTCTTGTACTTTTTCTAATACTACTTTTCCTTTGTAGTATAATTTTCCGTCAGACCAGTGAGCTCTGTGGTATAAGTGAGCTTCACCTGTAGTTTTATCGATAGCTAATTGTGGAGCTTCGATTTTGTAGTGTGTTCTACGTTTATCTCTTCTTGTTGACGACTGTCTTCTCTTAGGATGTGCCATATCTAACTACTTTGTTTTTTTCTTTATTTCTATATTATTACTAAAAACCCTATGGTTTTAAATCTTTTAATTTTGCCCAACGAGGATCGATATCTGAATCATCGTCATCATCGTTTTCGTCATTGTTATCATCTTCTGTGTTGATTTCATCTAAATTATAGATGCTATATTCATCTAATAATTCAAGATATTTTGGATCAACATTTCCGCTGATGACATCGGGATGAATTCGTTTCACAGGTAACGCAGTCATAATCAATTCGTAAATGATTTGCGCAATGTTTAATTCGTATTCATCACGAGGGATAATCCAGATTTCAACATCTGTATCATCGTATTCGTCGCCAAATTTAACAATTAATTTTGCTTCATTCGAAATTTTTTGATCAAATTTTTCTCCAGTGACATCACAAGGTACTTCTATCGTACCATTGATGCGGAAAAATAATTCTAAAATGCTTGATTTTTTCTCGAATTCTACATCAATTTTGATGTTAGCATTCTCAAAATCAGCCTCAATCCCGAATAAATCAAAGAACGACTGTGATATTTCGTAATCAAAATCTGTAACACCATAAGGTAATCCAGAAAATACGATTGTGTAATTTTTTAATTTATCCATACCACGAAAAGGTTTGCAAAGATAATGTATTTTATTTAAAATAAATAGCTCTTGGTCGAGTTATTTTAATTTTTTATTCCTTATTATCTCCTTTTTCTAATTTTAGAGGGATATGCTGTAAAACATTTTGTGTTAATTCAGCATAATCTAACCTGTTTTTGTGTAATTCGATTGCAAGAAAAACAGCTTCTTTAAACGATTCTTCATTGGCAATGCCTTTTCCTGCAATGTCATAAGCGACTCCATGGTCTGGAGAAGTTCTTACATATTTTAATCCCGCAGTGTAATTCACCCCTTCATCAAATGCAATTGTCTTGAATGGGATTAGTCCTTGATCGTGATACATGGCTAATACGGCATCAAATGCTTCAAGATTTTGATCTGTAAAGAAACTATCTGCAGAATATGGTCCATAAACAATTTTATCCTCTTTCTGGCATCTTTCAATTGCAGGTAAAATAATATCTTGTTCTTCTGAACCCAGTAATCCATTATCCCCAGCATGAGGATTAAGTCCTAAGACTGCAATTTTAGGTCGTTCAACCGTATAGTCTTCAACTAAACTTTTATGAATTTGTTGAATTTTAGTATAAACTGATTTTTTATTAATTCCTTGAGCAACTTTAGAAATAGGAACATGTTGAGTGACTAAACCTACTTTAATCTTCTCCGAAACCATAAACATTAATGGAGCTCCCCCCCAAACTTCACCTAAATATTCGGTATGTCCAGGAAAATTAAATTCTTCGGATTGAATATTATCCTTGTTAATAGGTGCTGTCACTAATACATCAGCATGCCCATCGACTACTGCTTGTGCAGCGGCTTTTAATGATTGAAAGGCATGTTCGCCTGCTGATTTTGTTGCTTTACCGAACTGAACTTCGATTTGATCTTTCCAAAGATTAACAACATTAATTTTGCCATCCACAATTTGGCTGGCATCATGTATTCCTTGGAAACTAATTTTATCTAATTTCAGTTTATCTTTTTGATGAGATAATAATTTGGTTGAACCAAAAATAACAGGTGTAAAAAACTCTGTAATTTCTTTTTCTTTTAAAGTCTTTAAAATGACTTCAATTCCAATCCCATTAAAATCACCAATAGAAATGGCTACTCTTATTTTTTTATCTTTCTCAGACATAATTTTATTTTTAATAAGATTGTGATGATGGTTTTTGTTTCTTAAAAAACTTCTTGTAAATAATATCAATAATTAATCCACCAATCCATGAGAATAAAAATAACACAGGACAAATTGCAATTTCATACCATGTAGGATGATTAGGAGTAAAGATAACATCTCCAAATGCAACTAACAGCAATATAAAACCAATTAACATGGCATAAGCTTGCTTGGCTCTTTTAACTAAAATTGCAGTTACGATTCCTCCACATAGTGCTGCTATACCAGAAGTAAGAAGCATTAAACCGAAGAAATCCACTTGGTAGATTTTACCTTCACCTTTAGTGAAATATTTAATGATATGTCTCCATTCAGGAAAAACTACATCATCGTACCAACCTAAACGGTCAGCATTAAGTGTAATTCCTAAATTGACGATAAGATATACAACGCTAAGTCCTAATAGCACAGCGATGACATTTCTTAATACAGTTTTGTCTTTTAACATAGATAATATTTAGTGCCTTATGCAATGGCAATTACTGAAATTTCAACATTTACATCTCGTGGTAAACGTGCAACTTCAACGCATTCGCGGGCAGGGAAATTTGTGTTATTAAAATATGATGCATAAACTTCATTAACAGCTGTAAAATCATTTAAATCTTTTAAGAAGATGGTTGCTTTTACAATGTTATCTGTAGTTGTTCCAGCAGCTTCCAAAATTGATTTGACATTCTTCATGACTTGGTGAACCTCGTCTTGAATTCCTGAAGTAACTAAAGCTCCTTTTTCTACATCAAATGGAATTTGACCTGATGTGTATACAAATCCATTATATTTTACGCCTTGTGAATACGGTCCAATAGCTTCAGGTGCTTTGTCTGTGTAAATAATTTCTTTTTTCATTTTATAGTGAGTTTTTAAAATCTAATGTTTCGTGAACGATCTTTATACTGTAAATCTTGTAAAATAGAAGCTTTAATTCCAATAAAGAAATTATAATAACTATAACGTCCAATAGGATTCCAGTTAAATGAAAGTTTAAAGCT
NZ_CP141062.1_gap33	1671872	1675604	3732	GTTTCGTTAGTTGCACAAACGCCATATGAATTAGTAGAATTAAAGAATCCTCCTAAAAAATTGGTGCAAGATTATGCCAAAGTTTTTGATGCGATGCAAATGGATGCATTGGAAAGAAAATTAGTAGCATATAATGATTCAACATCTACTCAGATTTTAGTTTTAACCGTAGAATCTCTTGATGGATATCCCTTAGAGATGTTTGCGAATGAAATTGGTGAAAAATGGGGTGTTGGACAGAAAGGCAAAGATAATGGGATTGTAATTGTTTTGAGTGAGCAAGACCGTAAAATTACGATTCGTACAGGTTATGCTTCTCAAGTTCATTTGCCACCCTCAATCAATAAAACAATTATCGACCAAGTGATTATTCCTCATTTCAAACAAGGTGATTATGCGGGTGGTATAGATGCAGGTATAAATGCAATTTTCCAATATTTTAATGGAAAATTTGATGCGGAACCCAAACAAGATCAATATGAGGTCGATTGGTTTTCTACTTTTGTACTCATCTTTTTCATTTTATTTGTTTTACTGATTGTATTCGGTAAAAAGAATAATGGTGGCGGAGGCGGAAACGGTGGACGCAAACAAAGAAGTTTATTAGACGATATCATCATCATGAATACAGGACGTTCAATCTTAGGAGGTGGCGGCCTTGGTTCAGGAGGTGGCTCATGGGGCGGCTCTTCAGGAGGCGGATTTGGCGGAGGCTTTGGAGGCTTTGGCGGAGGAAGCTTTGGTGGAGGTGGTGCTTCAGGAAGCTGGTAAATCGTAAAAAAATATAATATCCAGATTGTGTAAACAGTCTGGATTTTTTTTATAGCTTAACAAATATGATTAATTTCGTTATATAATTCAATCTATGGAGATTTTAAATCACATCTACACGAATCAGAGAAGCAATAGTAATGATACTTCTGATGCTCGATCAGAATATCAACGTGACTATGACCGTATTATCTTCTCGTCAGCTTTTCGACGATTGCAAAATAAAACCCAAGTCTTCCCCTTACCAGGTAGTGTATTTGTCCATAACCGATTGACGCATTCCTTAGAAGTATCATCTGTAGGAAGATCAATGGGAAATTTGGTAGGGAAATTTATTGTTGAGAATTATGATTTGGCGCCATCTTCGTATGAGTTTTATAACTACAGTATCCATGATGTGATTTCTGCAGCATGTTTATGCCACGATATTGGTAATCCAGCTTTTGGACATTCGGGTGAGGATGCTATCGCTTCATATTTTGATCGTCACGAGTCGGAATTAAAAGATTTTTTCACGGAAGCCGAATGGGGAGATTTGATCAATTTTGAAGGGAATGCAAATGCCATTCGAATATTGACACAGCAACAAAATGGAAAATCAGAAGGTGGATTAAGATTGACTTATTCTACTTTAGCCTCTATAGCAAAATACCCTTGTGAATCCATAGCGAAAGATAAATCTCAATTGCATCGCAAGAAATTTGGTTTTTTTCAAGCTCAAAAAGAAATGTTTAAAACCATTGCTGATAAAACGGGAATGATTGTCGAATCAGAAGATCCAATCATTTATAAACGCCATCCATTTGTATGGTTAGTGGAAGCCGCAGATGATATATGTTATAGCATTATAGATGTGGAAGATTCGCAACGTTTAGGAATTATCGATCACGATAAATGTAAACGATTATTTTTAAACTTAGTGGAATCGTTAAATCCAGAACAATTTGATAAAACAAAGGTCCAATTAAAATCCATTTCGGATAAAAATGATCGCATTGCCTACTTACGAGCAAAATCAATTAATTTATTGACTCAGAAATCAGTGCAGGTGTATCAAGATAATTTCGAAACAATTGTTCAGGGTGAATTTAAAACAGCATTATTGGATATTATAAAAGATGAAACGGTAAATGAGACGAAAAAAGTTTTAACTGAAATTCAACGTTTCTCGCGTGAGAATATCTATAATCACCGTTCGGTATTAGAAATTGAAAATGCGGGCTATAATGTAATGTCAGAATTACTTTCTCAATTTATTCCTCCTATTTTAAAGGAAGAATCTGAACGTAAAAATTTTGAGAAAAAAGCATTAAAATTAGTACCTAATCAATTTCTGTATGAAAAGGGGGCGAAATATAAAAAGGTGATGGGAATTTTAGATTATGTATCTGGAATGACAGATAATTACGCAACTGAATTATACCGTCGTATTAAAGGAATAGAAATAGGGATGACCATTTAAAATATATAAAAAATACTAAATAAAACATGGACAATGTAGTGATAAGAGCGGCAAGAAAAGAAGATTGTCCTCGTATTTTAGAGTTAATCAAAGAATTAGCACTTTACGAAAAAGCACCAGATGAGGTTACTGTAACTTTAGAAGAAATGGAAGCATGCGGTTTTGGTGAGAAACCTGTTTGGGGTTCATTGGTTGCTGAAGTTAATGGTGAGATATTAGGAATTGCTTTATATTATGATCGCTATTCGACATGGAAAGGTCGTCGTTTATATTTGGAAGATTTAATAGTTACCGAATCTGCACGTGGTTTAGGATTAGGTAAAAAACTTTTGGATGAATTGATTGTTTATGCGAAAGAAAATAAATATCACGGAATGGTTTGGCAAGTTTTAGATTGGAATGAACCAGCGATTAATTTTTATAAAAAATACAATGCTGAATTTGATGGAGAATGGGTAAATGTGTCACTCAATTTCTAAACAGAGATAAAAAGAAAAAGCCTCGAACGAAAGTTTGAGGCTTTTTTATATTAAATTAAACTTTGATTTTGTTTATAATTGATGATTAAAAAGATTCCAATCAATATTGTAAATCCCCATAATGAACTTCCTCCATAACTAAAAAAAGGCAAAGGAATTCCCACCGTAGGGAAAAGTCCCATTACCATGGCAATGTTTATAAAATAGTGGAAGAATAATATAGCAGCTACAGAATAGCCATAGAAACGTGCAAATCGATTCTTTTGCATTTCGGCCAAATAAAATAATCGTCCAATAAATAGAGCATATAAAATGACAACACCAACACTTCCAACAAATCCCCATTCTTCACCTACCGTACAAAAAATGTAATCGGTCCATTGTTCAGGTACAAAACGCCCCTTTTTAATGGTTCCTTGGTTATATCCTTTTCCCAATAATTCTCCAGAACCAATAGCTGTTTTTGAATACAATAAATTATATCCTGAAGTATCTCGGTATTTAGCTTCACCTTCATATAAAACCATCACACGTTCTTTTTGGTGCTTTGGCAATTTTTCGAAGATAATTGGAGAAATAAAACTTATTGTACTTGTAAATAATAACGCTACAATTGAAGCAATAAAACTTACTGTCATAACATTAGCTGCCACTCCCGATTGTAATTTAAAGGGAGATGAGCTGGTTTCTTTTTCATAAGAGAATTTCATTAATACTACTGGAACTAATGATATAAATGCTCCAATCCCTCCAAATAAAAGGGTATTAAAAAAGATAGGTTCTTCAAAAAATAAAGCACTATTTGGAAATAAATGTCCAAACCCTAAACGTGTTTCTTCATCCAATATTCCTAAAATATATGAAGCTCCTATTAAGAATAAAAAGAACAAAAATAATCCGATTAATACGCCGTAACAAGCATCTTCTATTTCTTTATTGTAATTGAATGATAAAACGATTAATGTGACTACTAATACGATGAATCCAAAAAATAGTAAAACGTAAAAAGGGATTTGAAAA
NZ_CP141062.1_gap34	1792410	1793519	1109	TTGCCTAATGGAAATCCAATTTTCAAATTTGATGTGTTCAATACTCAGTTCGTTTTGTTTGGATATCCCTTCTTTACAACAGATTTTTTCTTGCTTGCGTTTGGAATGATTATATGCGTTGTTTTTGTGATTTTATTTACAACCGTATATGGTCGAATATTTTGTGGCTGGTTTTGTCCTCAAACTATTTTTTTAGAGTTTGTATTTCGTAAAATTGAATATCTCATAGAAGGAGATCGTAACAAACAAATGCGATTAGATAAGCAAGAATGGAATGAAGAAAAAATAATTAAACGAGGATCAAAATGGTTTATTTATTACCTCATTTCTTTTTTTGTAGTGAATATCTTAATGGCCTATATCGTAGGAATGGATTTTTTAAAATCTATGTATAGAGATTCACCCTCAGAACATATTGGAAAATTTATAGGAATGTTCATTTTCAGTTGGCTGTTTTTCTTTGTTTTTGCATGGTTTAGAGAGCAGGCGTGTACACTTGTATGTCCTTATGGTCGCTTACAAGGTGTATTAATTGATAAACATACCATGCAAGTTTCTTATGATTATAAGCGAGGTGAAGGACGTTCGAAATTTAGAAAAAACGAAGACCGAAAAGCATTAGGTAAGGGCGATTGTATCGATTGTGGGCAATGTGTGGCAGTATGTCCTACAGGGATTGATATTCGAAATGGATCACAGTTAGAATGTGTCAATTGTACAGCATGTATGGATGCATGTGATGAAGTGATGGAAAAAATTAATTTACCCAAAGGTTTGATTCGTTATGCATCGGAAGATAACATTAAAGAAGGTAAACCTTTTCAGGTTTCGATTCGAATGGTAGTATTTTCAGTAATATTGTTAGCAATGGTTGCTGGACTAGGTGCTTTTGTAATGAACCGAAGTGATGTAGAAGCAAAATTTTTGCAGATTCCTGGAAGTGATTATAAAGAAGAAGGAAGTTTGATTGTTAATACGTTACAGTATAGTTTGATGAATAAAACGAATCAATCGCATCAGTTAAAAGCAATTGTGTTATCTCATCCTAAAAGTAAAGTAGAATTAGTGTCAGACCGTCATCAAATGATTTATATAGAAGCAGGTGAGTT
NZ_CP141062.1_gap35	1813430	1814422	992	GATCTACAAACACATACAAACAGAGTTTAGGAAGTTTATCACAAATACATGAGAATTATATTTTATACAATTACAACACAATACAACAACGTGACGGAAAATTAAATGAAAGAGATTCGTGGAATTCTTCGATTCGTGCAGAATATAAAAACCCGATCAAAGCAAGATTTATCAACTTTGGATACAATTATTCGTGGACTGAAAATTCTTTGCTGAATAATTACATGTATAATCCAGATGCAAGTACAATTTTACAAGTTATAGAACGAAAAAACAATTCAGTTTCGCATCATTTAAATGCAAAATTCAGCCAATATTTTTCAAAATTAAAATCAACTTTTGAAGTTGAAATTTTTCAACAATGGTCTAAAAATGATGAATATCTAAACAATGAATTTATTGAAGTCAATAACCAAATAACCAACATAAAAACAGGTGTGAAATTTCGTCAGTTAAGTTGGATGACATTTGAATATAACTATTCATGGTTTAACTACAGAAGCAAGATGATGGTTGATCCATCGCGTAAAATAGTCAACCAAGAGCATCAATTGGGGTTCCATTTTTTTCCAGCCGATCGTCATTATATCAAATTGAATATGGATGCTTATATTAATGATGATTCTACGTTAAATCCAAATTCTTTTTTTGGCGATTTGATGTATCGATACACGTTAAAGAAAAAGAAAATCGATTTCGAATTAACAGCTTATAATCTGTTCAACGAAAAATATTTTTCTCAAAATAGTTTAAGTTCGTATTACGAAATGCGCTATCAATACAAGCTAAGACCAACACAAATTATGCTAACAACACGTTTTACGTTTTAAAATATAAACTTCCTTTTGTGGAAGTTTTTTTATTTTGGGCGTTCCCTTCGGTCGGGCTTTTTGTTTCAATCTTTGCACGTTATCACTTTGCAAAGGATTTCCACTACAATCCCTAACGCAATTTTTAAATTTGTTCTAAGTTCAACTTATTAATTCGTCAGT
NZ_CP141062.1_gap36	1818092	1819890	1798	CCTAAATAGCCCATATCACCCATTTTCTTGATGACCTCACGAGGTATCTTATTCTCTTTTCCCATTGGTCGATATAAGGCGTAACTTCTTTGTTTAAAAATTGTTTTAACGAATCTCTAAATGCTTTATGTTCGTCTGTAAACTGTATATTTTTCATTTTTTGTGGTTTTGTGTTTTGATATGTTGTTTTAGTTTATTCTCCTTTCCATTCGGGTTCACGCTTTTCTCTAAATGCCGCAATTCCTTCTTGAGCATCTTTGGAACCGATGGCTTGCATTAACATTCCGAATAAATAATCGTTTTCTGCTTTTACGTCTTTTTCTCTTAATTTTTTGTAAGCTGTTAATCCAAGTCGAATGGCGTTCGGTGAGTTTTCGAATAATGTCGATAAGATTTCGTTTACTTTCTCATCCGTATTCTCTATCACGTGTGTTATTAATCCATCCGTTAACGCTTCTTCAGCTGAAATACTTTTTCCTGTAATACACCAATCGATGACTTTACGAGTAGGCATTACTTCCAACAAACTACTCATTACTTGGAAAGGGTATAAGCCACGCTTCACTTCGGGTAAACCAAATTCTACCGATGGTTTTGCAACGACGTAGTTACAACCTGTCATCATTAACATTCCTCCAGCTAAGACATTTTTATCGACTTGAGCGATACAAGGTTTTGTTAGATTATTAAAGAACTCATTGATTAAGACTTTGTCATTTGGGAATGGAATCGTTGAAACAATTTCTTCCGCTCCACCTTGAAATGCCTTTAAATCGGCTCCGGCACAAAAAATATCTCCGTTGGCTTTTAAAACGACTGCCCAAACGTCTTTCGCTTGATTAGAATATTCCAAAGTAAATGCTAATTCATTCACCATATGTGGATGCAAAGCGTTCTTTTTTTCTGGACGATTTAATGTAATCGATAAGGTATGATTTGCTTCTTCAACGATTAAAAATTGAAACGTTTGCTCGTGTAATTTTGCAACTAATTCTGTTTCGAAGTATCCCATTTTATGCAATTTTTAAGAGTAAATAATCCGTTTCGATGCTTTGTGCTTTTTCCACAAAGATTTCTTCTACCATACCATCTTTATCGGCAACCACTGGAATTTCCATTTTCATTGAGGATAAAATAATTAGTGTTTGTCCTTCTTTCACTTCGTCACCTACATTCACTCGAATGTCGATGATTTCAGTTGGCATTGGCGATGTGTAACCACCTTCTACCTTTTCTTGTTTTTTTGGAGGGAAACGATCCACATATTTCACATCTAAACTTCCAAAATTTGGATGTTGAATAAAATACGTTTGATCTTTATGTAATACAGTGTATGTTTCTTTTTTACCGTTAATGATTAAATGGATTTGAGCATCTTTAAAATCGATAATAGTAACTTCATATGTTGAATCTCCAATTGAATATGTTAAAGATTTTCCAACGGTACGATAGTTTACTTTTGTTTGATTTTCATTGAATTCAAACGTATCCCATTGTCCTTGAGAAAAGCTATTTCTCCATCCAATTAATGAATGATTATGCTTATTTCTTTCAGCATAACGAGCAGCTGAAACCGCAATTAACGCTTCATTGATGTATGGATCAGTTGAAGCTTTTTCAAATGAATAAGATGTTTCTAAGAATTTAGTATGATAATCTCCAGATTGAACGTGCTCATTTTTGATTAAATCCAATAAGAAATCTTGATTCGTCGTTACACCTAAACATTTTGTATGCTCTAATGTATACTGCATTTTACGGAACGCTTCATCACGTGTATTGCCGTGCACGATAATTT
NZ_CP141062.1_gap37	1837195	1838428	1233	GTTATCTTCTTCCCAATTAAATTCAATTTCAGGATAGTTTTCTTCGAAATATTCAAAATTTTCATAATCAATATAGTCATGAATGTCTTTTTCAAAAACTTTAAGAAAAGCCTCGTTTGCAATACTTCCAAACATTTCAAATTCATACAGATCATCTTCATTAAATCCGTCTTCAAAATATTTGGCTAAATTATCTGGATCCATCATGGCATCCGTAAAAATTTGTTTGCCTTGAGAAATTAACCATAATCTGAAATATTGAAAACCATCATCTGAACAACCGTCATTCATGATTGTTGCTGCACACCATAGTTCACTTTGGTAAGATTGATACATAAAAAATTCAGTACGCAATCTAAAACCAATAATATCTTCAGCAGTTAATAAACTTAATTCATTGATTAAGTTTTCTTCTTGTTGCTCTAAAGTATCTGCAGTTGATAATGAGTTTTCGATGATTTGCCAATACAAATCAATGTCTAACATCTCAGAAATTTTTTCTGTGGGTAATGATGCAGATGAATTAAATAAATTGTCTAAAAAACTCATATTCTATATAATGTTATTCAATAATATGTGGTACAAATCGACTTTTATCTGTTGTAATGATTTGATCACTTTCTCTTATAGTAATACCACAAGATTCCTGACCAATAATCCAACTTCCAATAATCGAATATCCTGTTTCCTCTTGATGAAGTTCGGCTAAAGCTTGATAAATAAATCCTTCTTCACCGTATTCACCTGTGCTATGTTCTACCAATTGGTCGTTTTTGTAAACTTCGATATTTGCTCCTTCACGAGATAACAAAGGTTTCTTTACATAATCCTTCAGTTGATGAGGTTGTTCAAAATAACTTTCTAACAATAACGGATGATTTGGATAGAGTTCCCATAATACAGCTAAAATGGCTTTGTTGGATAAAATCATTTTCCAAGCTGGTTCAATCCAATTGGCTTTTATTTCATCATTTTTTATATTATAGGCAAACATTTCATTGACCATCCATTCCCAAGGATATAATTTAAAAATATCTGTAATTGGTTCTTCTTCTAAATCTACAAAATTTACGTTATTCCAACCAATATCATCGATATAAATTAATTTGGTTGTGATTCCTGCTTGTATGGCACAATCTCTTAAATATTCAACATTCGTAAGGTCTTCTAAGGATTCTCTTACACATGTAAAATGCAGTATATCACCTTTTAAATAAGGTTTTAGCATTTTCC
NZ_CP141062.1_gap38	1851864	1856158	4294	TTCCTTTCGAAGTAGTTTCACCTAAAGAATCTGCTGCTACAGCTCCTGGTTCTAGCAAAAGATGGGCTGCAATCTACAAAGATGTAATTAATAGAGTTTTCAAATAAAATAAAGCTAATAGATATGTTAGAAATGAAAGTCCCTTCACCAGGGGAGTCTATCACAGAAGTAGAAATCGCTACTTGGTTAGTTAAAGATGGTGATTATGTAGAAAAAGACCAAGCAATTGCTGAGGTTGATTCAGATAAAGCAACATTAGAGTTACCAGCGGAAGAAGCAGGTATCATCTATTTAAAAGCTGAAGAAGGAGATGTAGTAGAGGTAGGACAAGTTGTTTGTCACATCGATACTGCTGCTAAACCAGCAGGTGCTGCTGCACCAGCTGTAGAAGCTCCTAAAGCTGAAGTTAAAGAAGAAGTTAAAGCTGTTCCTGCACCTGCTGCACCTGCGACTCCAGCTCCAACTTACGCTACAGGTACTCCATCACCAGCTGCTAAAAAAGTTTTAGACGAGAAAGGTGTTGATGCTGCTCAAGTAGTAGGTACAGGACGTGACGGACGTATTACTCAAGCTGACGCTGTTCGCTATACTCCAGCAATGGGTCAAGCTCCAGTTTCAGGTGTACGTTCTTCTTCAGAGAAAAAATTATCTTCATTACGTCGTAAAATTGCTCAACGTTTAGTTTCTGTTAAAAATGAAACTGCTATGTTAACAACTTTCAACGAAGTTGATATGTCTGCAATTTTCGCATTACGTAACGAATATAAAGACGAGTTTAAAGCAAAACACGGTGTAGGATTAGGATTTATGTCTTTCTTCACTAAAGCGGTTACTCGTGCATTAGAGTTATACCCAGACGTAAACTCTATGATCGATGGTGATTACCAAGTGAAATTTGATTATTCTGACATTTCAGTTGCTGTATCAGGACCAAAAGGTTTAATGGTACCAGTAGTTCGTAACGCTGAGAACTTAACTTTCCGTGGTGTAGAGCAATCAATTAAAGATTTAGCAATCAAAGTTCGTGATGGAAAAATCACAGTTGATGAAATGACAGGAGGTACATTTACAATCACTAACGGTGGTGTATTTGGATCTATGATGTCTACTCCAATCATCAACCCACCTCAATCAGGTATCTTAGGTATGCACAATATCGTTGAGCGTCCAATCGCTAAAAACGGTCAAGTGGTTATCGCTCCTATGATGTACATTGCTTTATCTTACGACCACCGTATTATTGACGGACGTGAATCAGTTGGATTCTTAGTTGCCGTTAAAGAAGGGGTTGAAGATCCAGTAAATATTTTAATGGGAGGTGATCCTCGTAAAGCTTTAGAATTATAATTTTTTAAAAAGATTATAACATCCATAAATTAAAAGCCGCTCGTATGAGCGGCTTTTTTATTTTTTTAAGTCTTGATTTGCTAATTAATTAATACCTTTAATAGAAGTCTAGCAAAAATGAAGAAATTAATAATTTGTATACTCGCTACATTATCCGTTAACTATGTAGATGCACAATTAAATTTAAATACTGAAAATACGGAGTTAGTAATTGAAAATTCTACAATAGAAAAGGTTTATTTAAAGAAAGGAAGTGATAAAATATTTTTGAAAAATGATTCAATTATATTTCAAAGAGATTATTATAATTTCAATACGAAAGAAACTTACACGTTTGAGAAACAATTAAAGAATCAAGGCTTTAATGTTCCTTTAAATCAATTACAAGATTTAGATAACGGTCAACAAGTCATTGACAGACCACCTATTTATATAGAAACTTATTTTTCGGATGAAACTAAGGGTAAACAAATGATTTACTCTAATGTCATAATTGAAGGATTATTTAATAACTTATATAATCAATTGAATAAAGAAATTGATGTGTATTTCAATCAATTACCATCAGGGAAATATACATATTCTACTTTTATTAACCGAAGAGTAAAAGATAATAAATCTGATTTTTATAAAGAGATTGAAAACGATCTAATTGAAAAAGGTATAGAGGATGAAGATATTTATAATCAACCAATCATTTACATTAATAAAGTTCAATCGACATTTGATGAATTGAATAAATTAAGAAAAAATGAGATAAAATCCTATAAAGTTATTAAGAATGAGGATGCAATTAAAATTTATGGATATTCTACTAAAAATGGATTAGTTATGATTGAAACGAAATAGTATAAACAGAGAAGCGACTTGAATACTCAAGTCGCTTTTTATTTATATGAATATAATCTTAAATTATCTCGCTAAAGCTGAATTCTTTTTGATTTCAGCTAAAACTTCTGCTTTTGGACGACCAAGATATGCTCCTTCTTCTACGATAGGATATAATTGATCGTATGACATAATGCGTGTGTTATCTACGCGTAAATTAACGTGTGTACGGTTGAAATCACGGTGCGATTTAACTCCAGTGGCAGAGATTAATTCAGATAAAATATGCATTGTTTTCTTGTGGAAGTTATACATACGTGTTGCTTTATCTTCTACATCTAATCCTTTCATTAAATCACGATCTTGCGTTGCAACTCCAACAGGACATGTATTCGTATTACATTGTAACGCTTGAATACAACCTACTGCCATCATCATCGCACGTGCAGAATAAACTAAATCTGCACCAATTGCCATGACACGAGCGATATGGAAAGATGAAATGATTTTACCTGATGCAATAACACGAATATCTTTCTTTAAGTTATAGCCTCTTAATGTATCTACAGCAAAAGCTAAACCATCCAATAAAGGCATACCTAACGAGTTTGAGAATTCTACTGGAGCAGCTCCTGTACCACCCTCACCACCATCAATTACGATAAAGTCAGGTTTAATACCCGTATTGATAATTGATTCACAAATTTCAATAAATTCTTCTTTTATACCAATACATATTTTAAAACCTACAGGTTTACCACCAGATAAATCACGTAATTTTTTAATGAAATGTAACATTCCTTCAGCATCAGAGAAAGCCGAGTGAGAAGGAGGTGAGTCTACAGTTGTATATGGTTCTACTGCACGAATCGCAGCAATTTCTGGTGTATTTTTGTTGGCTGGTAAAATTCCTCCGTGACCTGGTTTAGCCCCTTGAGAAATTTTTAACTCAATCATTTTTACATTTGGTAAAGTTGCTCGCTCCACATATTTATCTGGATCAAAACCACCATCAGCTGCCCGGCATCCGAAATATCCTGTACCGATTTGCCAAATTAAATCTCCTCCTGGTTGCAAGTGATACGGTGAGATACCACCTTCTCCTGTATTATGTGCAAAATTACCTAATTTCGCCCCTTTGTTCATGGCTAATACAGCATTTTCACTTAACGATCCGAAAGACATGGCAGAAATGTTTAGTAAACTTGCTAAATAAGGTTGTTTACAATCTTCACCACCAATTTTTACACGTGGATCATCTGCATGCTGAATTTTTCCTGCATACATCGAGTGATTCAACCATTCGTATCCAGCTTCGTAAACATCCAATTGAGTACCAAATGGAACTGTGTCAATTACATTTTTAGCACGTCGATAAACCATAGAACGCATCAAACGATCGATAGGTTTACCTTCTGTATCTGTCTCAACGAAATACTGCATGATTTCAGGACGAATACTCTCTAACATGTAACGGAAATTTCCAATCACAGGATAGTTTCGACGAATAGCATGTCTTTTTTGAGTCATATCGTAAATTCCTACGATAATTAAAGGTGCTACGATTACAAATGTCCATAGAATCCCTGACCAGAAGTAAGAAATTCCTAAAATAGCAAGAACAAGTACTACAGAAATGATTACAAAACCTTGTCTAACTTTCATAAGTTTTACTTATTTAAATAATAGTTAAATTAAAGTTCAAATATATTTAAAAAAAGGCATTCAAAATTATCTATTTGATATTTTTTGTGGAACTTTTTTTAATTTTTTGATGATGTAAAGTCGGATTCGATTAAAAAGTTTTTAAATAATATTACAGAATAAAATCATTCTTAGAAAGTTTACACTTCAATCTTAAATTATCTCTAAAAAAAAGGATTTTATTTTGATTTTACTTCTCCTTGTAAACACGCGTTAAATCCAAAATTTTGATGGGGCTCATTTGAAAACCTTTCACCTTTTTATTCAAAAAGATCGCTGTTTGATCATAAAATAAAGGCAAAATAGGAGTTGATTTCATCATTAATGCATCCATTTTTTCGTAAATCGCTGCTCTTTCCTCAAGATTATGGATTAAAAATGATTGTTCATACAATTGGTCAAACGACTCGTTTTT
NZ_CP141062.1_gap39	1858179	1862892	4713	GCGTAAATATTGGAGATTACGGAAAAGGAGAATTTGGAAATAAGAAACACGAACATACCTTCTTAGAATTAGTTCAAGAATTGGATAAGGTGGATAATATTGATCGTATTCGTATTTCGTCAATTGAACCCAACTTATTAAAGAACGAAACAATTGAATTTGTATCAAAAAGTGAGCGATTTGTACCTCACTTCCATATTCCATTACAATCTGGTAGCGACGAGATACTAAAAAAGATGAAACGTCGTTATTTATCTAATTTGTACATAGATCGTGTTACAAAAATTAGAGAAGTTTTACCACATGCTTGCATTGGAGTAGACGTAATTGTTGGTTTCCCTGGAGAAACTGAAGAATTATTTTTAGAAACTTATAATTTTTTAAACCAATTACCAATAAGTTATTTACACGTATTTACTTATTCAGAACGTGATAACACGGAAGCAATTGGATTTGAAGGAGTGGTAGATCCAGCAGAACGTAAACGCCGTAATAAAATGTTACGTATTTTATCGGAGAAAAAACGTCAGGCTTTCTATCAAACTCAATTAGGATCAACGCAAAAAGTGTTATGGGAGCATGATAACAAAGAAGGGAAAATGTTTGGATTCACAGAAAATTATGTGAAAGTTCAAACGGATTTTGATGCTTCACTTGTTAATCAAACTCAACTCGTAGAATTAATTCGTATAAATCACAACGGTAACGTCGAAGTAAAAATAAAAGAACAAGAACCTATATTATCATAAAACTCTATTAAAACTTATACATGAAGACACCTAAACTTAAGTTTTTACTTGTACTAATAAGTATATTCTTATCGTTACCAGCTATGGCTTAATTACAACTTGGAGCGAAACTTGGCGGAGGACTATCGAACTACAAAAATATTCATGATAATTCTCAGTCACGTATTGCTGTACAAGTTGGTTTTTTAGCAAAGTATCAACTGGAAATGGGATACTATAGAAATTTCCGTAATTATATTCAAGCGGAATTATTATATAGTACAATTGGAGAAGAAAATGGACCTTATAAAATTAATGTCAATTATTTGACAATTCCATTGATGTATCAACATTACTTATCGGATTCAGATAATGATTTCTTTGTGGAATTTGGTCCACAAGTGCAGTTTGTTATTTTTGATAGAATTGATCAGTTCGCATCTCCAAATCCAAACATGCCATGGTTAGGTTCAGATAACAATGTTTTGAACAAGTTTGATGTCGCAATTAATGGAGGAGTAGGATTCTCATATCAACGAAAATTTGAAATTGGATTACGTTACAGTTGGGGATTAGTTGATTCTTGGGATTTTAAATACAAGGACAATGATTTCAATAGAACGTCATTAATATCATTATCGTTATCTTACTTATTAGATTTTAATCCACGTTATTATTAATACTAATCATTTAAAAAACGGAATTTTATAAAATTGCGTTTTTTTTATTCATAATTCTGCAGTATTTTTAGATGAGTTATTAAGTTTTAAAGCAATACTATGAGACAGTTATCTTTTATATTTTTAATGGTGGGAGCTTTTATCCTTACAAGTTGTGGTGCAGTAAGTGTATCGACAGATTATGATCGAACGGCTAATTTCAACACGTATAAGACTTATTCATTTCATCAAAAAGGATTAGATAAATTAAAGGTAAATGATCTTGATAAACGCCGTTTAATTAGTGCAATTGAACAAGAAATGTCCAATAAAGGATTTATAAAAGTAGATTCAGATGCTGATCTTGTAGTGAATGTATTAACAAGTTCGTCACAAGAAGTGTACATTAATAACGATCGTTTTGGAGGTTATGGTTATGGATATTGGGGTGGAATGTATCCTACAGTATCCGATTATACGTCAGGTAAAATTATTCTAGATATTGTAGATGATAAACGAAATATATTGGTGTGGCAAGGAATAGGAAATGGACTAAATGTGGATAACGTTTCAGCTAAATCGGAGAAAATTCCACAAGCTGTAAATGAAATTTTGAAAAAATTTCCACCACAACCTAAAAAATAAAAAAAATGATAGCCCTTGAAATTTCAAGGGTTATTTTTTTTACCTTTGATCTAAGTAAAAACCTACTTATGAAACAACTACAAACGAAATTATTATCTTCTCTATTTATCCTTGCTTCTTCATGTGCATTTTCACAATTCCAATTTGGTGCAAAAATAGGTGGAGGATTGAGTAACACCACTGTTGTACATGGTATTTCCAAAGAACGTATTGGATTATTAGGCGGTTTAGTGGGGAAATATCAATTATCTTCTCGTACAGAAGATCACTATATACAGGCTGAAATTTTATATACCAATCAAGGAGAGTACTCTGTCGATCGTAGTGGAAATAAATACAAAGCTTTTGTGGATTATCTGAATATTCCTATCATGTATAAGTTTTATTTTGATGATCAGGGAAGTGATTTTTTCTTAGAAGCCGGACCACAAGTCGGATTTGTGATTTCAGATAAAATTGATCCTTTAGGACCAGAAGCACAAAACAATGATTTAAAAGCATTTGATCTTGCTTTTAATGTAGGGGTAGGTTATTCTTATAATCGAACTTTTGAAGCAAATATTCGATACGGTATTGGTTTAGTCGATACATATGGTTATAAAAAATGGGAAAACGATATTAATCGTACATCATTTTTAACTTTAGGACTAACATACTTTTTTAATTAAATGACTAGTCCTAAAATAGATTGACAGTTATTAAACAATATTTATATCTGAAGAGATTTTATTTCTTCGGATTTTTTGTGTCTCATTTCAGGGGTCTGCATATTGAGACTCAAATGAGGTCGTGTGTTATTATAAAGATACACACTTTGTTCTACCATTTTGGTTAATTCAGTAATATCTTTTGTTTTTTCGATTAAAAACTCTTGTTTCAATATCCCATTAATTCTTTCCGCTAAAGCATTTTGATAACAATCATAGCCGTCTGTCATCGATGGTATGATCTGATTTTGTTTTAAAATTGTCTGATAATATTCCGAGCAATACTGTAAGCCTCTATCCGAATGATGGATTAATTTCTCATTATTTATTCTATTTTTAATAGCCATTTTTAGCGCTATAGATACATTTTCCGCATTCATATTTTCACTTACAGAATAACCCATTATTTTTCGACTATAAGCATCTGTCACTAAAGAAAGATAACAAACGGCTTGCTTGGTTTTTACATACGTTATATCACTTACAAAGACCTGTTCTGGTTTATTAATCTCTATTTCTTTGTATAAATTAGGATGTTTCCTTAACCAATGTTTAGAGAATGTGGTTCTTGTGTATTGTTTTTTAGGTGTTATAAGTAAATTTTCTCTTCTCAGATAATCAAACAAAGCATCTCGACCCATCTTTATGTTTAGCTCTTTTAGCTGTTCATTCAGAATATAATAAAGCTTTCGAGTTCCTATTCTTGGTAATTTTATTCGAACTTCTAGAACTAATTTTTTAACCTGTAAAAGCTCTGATTCTCGAATAGAATGACGTTTTAGTGCAGCATAGAAACTTTGGCGACTTAACCCAAGCAATCGACATGAGCAAGAAACAGTTATTTCTTGTTTTTGGAGTTTGAGGATTGTTGGGTATTGTACTTTTTCTGATTTGAGTACCAAGCTGTTCATCGGCTATATCAATCATTGTATTAAGTATTTTGACTCTTAGCTTTTCATCAGCCAATTCTTGTTCTAACCGTTTAATTTTTTGCGCTGGAGTTTCTTCTGATTTTGACATAGTATGAATAATTGGTTTGCTCCAATCTAAGTTACCATATTTTCTGAGCCAAACCAAAACTGTACTTCTTCCTTGTATTCCATAGCATTTTTGAGCTTGTTTGTAAGTAAAGTCGCCTTTTTCTATTTGGGATACAACGGCTAATTTAAAGCCTAAGGTGTAATCGCGTTGTGTTCTCTTTTTTCTTTCTGAATCTGATGAGTTCATAATAAGTTGATTTAGTGTCAACTTATTTCAGGACGGGACAAAATAGATGAAAAAGGCATCTTGTAAAGATGCCTTTTTTATTGTTATAAATTTTATCCAACTGTTTTTTTGTTGGATAATAATGACCAAATTATAGTAATGAGTAATATTCCTCCAATAATACTTAGAGAGACGGTTGACTCGAAGTGATAGAATGGCATAATGATCATTTTAATCCCAATAAAGGTTAAAATAACGGCTAAACCATAATGCAATTTATTGAATTTGTCCATTGAATTAGCTAAAAGAAAATACAATGAACGTAATCCTAAAATGGCAAATATATTCGAAGAGTATAATATGAAAGGATCATTTGGTGCTATTGCGAAAATTGCTGGGATACTATCTACAGCAAAGACTAAATCTGTAATTTCAATCACAGCTAATGCAACAAATAATGGCGTTGCCATTTTTACTCCATTTTGAACAGTAAAAAATTTATCTTGATCAAAACTTGAAGAAACTTTATAGAATTTATGAACCAATCGTACGCCAAAATTCTTAGATAAATCTTGATCATCATCGTCATTTGAAGAAGACCATGATTTAATTCCGGCTACAATTAAAAAGAACCCAAATAAAGTTAAGATTACATTAGGGCGATAAAATTGTTTCGTTGCAAAATTGGCATGTTCTACGGCATCATTGTCTAAAACAAAATTAAAATCACCAAGTGAAAATGCAGGTAAATAAGTTAGCTTAATTAAT
NZ_CP141062.1_gap40	1866361	1871343	4982	ATTGTCGCTACCGAATTAGGAATGGATTTAGCAGAAAAAGGACACGAAGTTCATTTCTTCAGTACAAATGTTCCTGCACGACTAAATATAAAATTACCCAACATATACTTTCATCGTATTCACGTTGAAAATTATCCATTATTCCAATATCAGCCGTATGATTTGGCATTAAGTACTATTTTATATGATAAAATTTTACACTATGAATTGGATTTAATTCATGTTCATTATGCTATTCCACATGCTTATGCGGCCTATATTACCAAACAAATGTTAGCACGTAAAGGATATCATTTGCCTATTGTAACTACATTGCATGGAACTGATATTACTTTAGTCGGAAAACATCCGGTATATAAGACCGCTGTTGAATTTTCGATTAACGAATCAGATATTGTGACTTCTGTTTCGGAAAGTTTAAAACAAGACACTTTAAAGATTTTTGACATTACGAATGATATTAAAGTCGTTCCAAACTTTATCGATAACGAACAATATTTGCCAGAAAAATGTGTATGTTGTCGTAATAATTTTGCGGAGCCAAATGAGAAAGTCATTCTTCATACATCAAACTTGAGAAAAGTAAAACGAATTCAAGATGTGATTTCTACTTTTAATTTAATTCAGAAGAAAATTCCATCAAAATTGATTATTGCGGGAGAAGGACCTGAGTGGGATTTGGCGGACCAAATGATTCAAGAATTTGGAATCCAAGACAAAGTAAAAAGTTTAGGAATGGTGAGTGATTTAAATGATGTTTTAAAAGCTGCTGATCTATTTTTATTACCTTCTGAACAAGAAAGTTTTGGTCTAGCTGCTTTAGAAGCAATGGCAGCTAATGTTCCTGTAGTTTCTTCTAATGCTGGAGGTATTCCAGAAGTAAACATTAATGGAGTGACAGGATTTGTCTGTCCTGTAGGAGATGTTGAGATGATGGCAGAAAAAGCCATTTATATCTTAGAAGATGATGCGAGACAACGACAATTCAGTCAAAATGCAAAAGATCAAGCCTTAACTTTTGACAAAAATAATATTTTACCTCAATACGAACATTTGTATCGTCAATTGATTAAACAATAAATTTTAAATCGGGAATATTCCCGATTTTTTTATTCTTAATGAATAAAGATTATTGATTTTTTAATCTTTAGGAGTCGTTCAACGAATCGATATCTATTATCTTTGTTAGCCATCAATACGCTAGAGAACTGACATTATAGGTCATTGGCATAAAGATTGAATTATTTAACATGAACAAAATCTGACCAAGTTTTTTCAGGTAATTTGCTGAAATTTGGTTGTTAAACCTTTCAGTTGACTCGAAGTGAACTGACAAATTAAATTATTATCAATAAGTAAAGACATATTGTCATTAAATAATAGAATGGAAGAAGAAATTGAATTAATTCCTTTAATGAGTAAGGAAGAAGAAATTAAGATGCAAAAGCAAGATATTCCCTCTTCATTACCCATATTATCATTAAGAAATACTGTTCTTTTCCCAGGGGTTGTTGCTCCGATTACTGCCGGAAGAGATAAATCTATAAAATTATTAACTGAAGCTTATAAAGGTGATCGTATCATTGGAGTATTATCTCAAAAAGATGTGGCTGTAGAAGATCCATCTTCAGAAGATTTATTTCAAGTGGGTACTGTCGCACGTATTATGCGTTTAATTAAATTACCCGATGGAAATATCACGGTAATTCTACAAGGTGTAAAACGTTTTAAAGCGGAAGAATTTACTGACGTAGATCCTTATTTTAAGGCGAATGTTGAAATTCTTACGGAAAAAGTTCCAACAGCTCGTAATAAGGAGTATCCTATCATCATCGATTCGATTCGTGATTTAGCGTATCAAATCGTAGAAGAAAATCCAATGTTACCTTCAGAAGCAGCTAATGCTATTCGTAGTATTGAGAGTAAGACATTTCTTATCAATTTTGTAGCTTCTAATCTAACCTTATCGTTAGAAGAGAAACAATTGTTGTTAGAAGTATCTGATCTTAAATTAAGAGCCTTAGAAGTGATGCGTTACATGAACGTAGAGCTTCAAAAGTTAGAATTAAAAAATTCGATTCAGAATAAAGTTCGAAAAGAATTAGATCAGCAACAAAAAGAATACTTTTTACATCAACAAATCAAATCGATCCAAGAAGAACTGGGTGGAAATACGACGGAAGAAGAAATCAACGAAATGCGTAAACGTGCGCAAAATAAGCGTTGGTCGGAAGAAACAGCAAACCATTTTGATAAAGAAATCAATCGTTTGTCTCGTCTTAATCCTCAAATGCCAGAACATAATATTCAGCGTAACTACTTAGAGTTTATGTTGGATTTACCATGGAACGAGTATACAAAAGATGTATTTGACTTAAAGAATGCACAAAAAATATTAGATTCTGATCATTATGGATTAGAAGATGTAAAAGAACGTATTATCGAACATTTAGCTGTTTTAAAATTAAAAGGCGATATGCGTGCACCTATTTTATGTTTATATGGCCCTCCAGGCGTAGGGAAAACATCTTTAGGGACTTCAATTGCTAAAGCGGTAGGTCGTAAATATGTTCGTATGTCTTTGGGAGGATTACATGATGAATCTGAAATTAGAGGTCATCGTAAAACCTATATTGGTGCAATGCCAGGTCGTATTTTACAATCGATAAAAAAGGCGGAATCTTCGAATCCTGTTTTCGTTTTAGACGAAATTGATAAGATGACTGCAAGTAATCATGGAGATCCATCTTCTGCCATGTTGGAAGTTTTAGATCCCGAGCAAAATAATGCATTCCATGATAATTTCTTAGAGTTAGGATATGATTTATCAAAGGTATTTTTCATTGCTACCGCAAATAATATTGGAAATATTCCAACGCCTTTACGCGATCGTATGGAACTGATCAATATCTCAGGATATACGATTGAAGAAAAATCCGAGATAGTTAAGAAACACTTGTTGCCAAAACAGTTAAAAGAACATGGGATTCCTGAGAAATCAGTGGTATTAGGTAAAAAGGAAATTGAATTTTTAATTACTGGATATACACGAGAGTCAGGAGTTCGTAATCTGAATCAAAAAGTAGCGAAATTGGTACGTAATGCAGCCAAACACATCGCGATGGAAGAAGATTATAATACAAAATACTCAATCGATGATATCGAAAAGATTTTAGGACCATCCATTACACCAGAGCGTTATGAAAATAACGAAGTTCCAGGAGTTGTTGTTGGTTTAGCTTGGACAAGTGTGGGAGGTGATATTTTATTCATTGAATCGATTTTATCGAAAGGGAAAGGTGGTTTATCGATCACAGGTAACTTAGGGAATGTCATGAAAGAATCAGCTACGATTGCTTTAGAATACATCAAAGCACATGCTGAAGAATATGACTTATCACCAGAAGTGTTCGAAAATTATAAAGTTCATATTCACGTCCCAGAAGGTGCAACACCTAAAGACGGACCATCAGCTGGGATTACGATGTTAACATCCTTAATGTCATCATTTACGCAACGTAAAGTAAAAGCAAAATTAGCGATGACAGGTGAAATTACATTACGAGGTAAAGTATTACCAGTTGGTGGAATCAAAGAGAAAATCTTAGCTGCTAAGCGTGCAGATATTAAAGAAATCATCTTGTGCGAAGACAACCGAAAAGATGTAGAAGATATCAAACAAGAGTACTTGAAAGGTTTAACTTTCCATTATGTGAAAGAGATGAAAGAAGTACTTGATATAGCTCTTACAAACCAAAAGGTAAAAGGAGCGAAAGACTTTTCTACACTAAAGAAATAATAATAAAAAAAAGCGATCCAATTGAGGTCGCTTTTTTATGTTTTATAGAATTAACTTAATACTTCTGGATTGGCTTTAATCTCTCCTAATTGAAGAATTTCTTTCGCTAATCGAATATCATTTTCTGTACCGGTATGTTTATTTTTTTCGTCTGAAAGTTTCACAACTCCTGTCCATGGAATATCATATGATGAGATTTCAGTTAATTTCATTACAATATTCATCGCACGTAATCCAACATCATTGGTAAGGTTTGTTCCAATACCAAAGGATAATCCAATACGTCCTTTGAAGGCATTTGTGATGGTTTCTACTTTTTCTGAATTTAATCCATCCGAGAAAATAATCGTCTTGTGTTGAGGATTAATACCCATTTTCTCATAATGTGCAATGACTTTTTCTCCAAATTCGATAGGATCTCCTGAATCATGACGAACTCCATCAAATAATTTGGATAATTTCTTATCGAATTGACGGAAGAAAATATCAGAAGTATAAGTATCAGTTAAAGCAATTCCTAAATCACCATAATAAACTTTAACCCAGCGATCCAGACTCATCGAATTAGCCACTTTATAACCAAAACGAGCTGCGTGGAACATAAACCATTCGTGCGCATGTGTACCAATTGGTTTAACTCCATATTTGTGTGCAAAATGAACATTTGAAGATCCAACAAAACTTTTACCTGAATGATTAACCAATTCGTTCATAACCACATCATGGACTTCGTACGAGTGGCGACGACGAGTACCAAAATCAGCTACAGTTACCCCTAATTGATTGTACAAATCGACTTTATAACTTGTATTATGGGTTACTTCGTCATTACTTATACGTGGAGCTTCTGTTAAGGTATAGAAAACTTCACTAATTAATGCCAATAAAGGAACTTCCCAAAGAATTGTTCGGTACCAATTTCCTTCCACTTCTACAGAAACATCTTTACCATCTTGTGAAATTTTCACTTCACTCGGATCATAACGATACCCTTGTAAAAAATCCAAATAAGCAGGACTGATATATGGGCAATTTTCATTTAAGAAATCTTTCTCGCTTTTCGTTAGTGCTAAGTCTGCCATCGCATCAACTTGGCGCTGTAATTCTTCAGCAAAACCTTCCGGAAATTCATGTTGCCCACGATTAATAAATTTATAGCGTGCAATAACATCAGGGTAAAGTT
NZ_CP141062.1_gap41	1875733	1877410	1677	ATCTTCTTGTAATATTTGGAAGCCCTAAACCTTTAAATTTATTATTAGGAATGATGTAATTAGGATCTAAAGAATTTAAACAAACAAAGTGTAAATGATTATCAATAATCGAAACTTTTACCTTTATATAAGTTGCTTCTCCATTTAAATTAACACTATGCTTTATAGCATTTTCTACAAATGTTGTAAATAAATTGGGCGGAATGTAAGTAGAATTTAATTCGCTTTTATTCGCTTCAGTCTCTATAACTACATTTAAATTTTCTTGACGAATTTTCTCTAAATCTAAAAAATTAGCTAAAAATTTCAACTCTGAAGAAACAGGTGTTTTTTCTTCATTATTTTCATATAATTGATATCTTAAAAAATCTGAAAGTTTCATAATAACATCTGTCGCTATTTCAGGATCTTTTCTGATTAATGTTTTTACATTATTCAACATATTGAATAAAAAATGTGGGTTGATTTGATTTTTTAATTCATTTATCTCCATTGAAAATGTCAAATTTTTCAGTTCAGATATTTGTCTATTATCTTCAATCCATTTCTGAAAAAGTTTTAAGGTAGTTGTCATCATAATAATTGGCACAACAACTATAAGCCCTTCATAACTTCTCCTTATGTTTTCACCAAAATGTCTAGGATTAGCTATTCTATATTTTTCAAAAAACATATCTAATGATTGACCAATAATATTAATCCCCACATAAACTAAAATTGTTAATAGTAATAGATATAAAATATAGTAACCTTTAAAAAAAAACTTTGGAACCAATATATAAATATTAATATATGTTTTTAATACAAATACTACAAATAGTAAAAGAATAACATAATATCTATATACACCATAATAATTAGATGCAAACGTAGAACTATATATCACTAATAAAAATCCAACTATAAAAAGTAAATGACGAGAAAATCTAAACTTTTTATCTACTAAAAAATTTATGATTTTTTGATTTTTTGATTGAGGTAACAATGAATTCATTTTTATAAAAATCTTATCTATAACAAAGGTAATTGATTAATCTATTCCATTATTAAAGTTTATACGAACCAACGTTTTTATTATACTTCTTCTTTTTTTTTCTGGTTGGTATAAAAAAATCTAGTGTTGGTATAAAAAACGATCAAAACTATTTTTTTATACTTTTCTTAGCTATTCAATTTACAAAACATGAAATACTATGAGTGTGAAAAATTTTAATTTTTGGGTAAATAAGTTAAATCTTCTAAATTTTTCTGCAACAGAAAAAGAAGATAAAATTATTCAAATAACAGATTTAATTCGTTTTATACAATGCTACGATCCGACATTAGAAATTGTAGATTGTATACATCATGATTTTTGTATTATTGAGAAGAATGAACATATTAAAGAAGTAAAGTTAATGGATATTTCTAATCTTAAAAATAACGAAACAATTTCTATAAATAGAAACAAAGAATCTTGGTTTGTTCTTGTAAATGACAAATTAGACACAACCTTAAAATCAATTTTAAAAACAATAGAAGAACACAATATCAGTAAGATTTATGATAAGGTATTTGTCTTCAATTTTTTCCAATCGAGTATTCACGAAATCAAATAAAAATTAATGCATTCAATACAACAAAAAGCAATTACAAGCTTATTGCTTTTACTTTCAACTTTGTCATTCGCTCAAAAAA
NZ_CP141062.1_gap42	2035540	2039308	3768	CTGTACAAAAATAATAGGATTGGATTTTTGGGTTTAGAAATTTCTATAAATGAAAATTGTCCGTCTTTTTTCAAAATCCTATTTAAGTTTTCAGCTAAAATATTTAATTGTTCTTCATTGAATGTTTTTAATCCAAATGCACTATAAATCCTGTCAAATTCGTTACTTCTAAGTTTATTTTTTAATATATCTTGCTGCAATACTTTAAAACTATTACCAAACTTTTTCAGACTTTTTTCTCGACTTTTTGTAACCATTTCATCTGAAAAGTCTAAACCAATAAATTCTGCATTTGGATACTTTTTAATTAAAATATTCCAATTTTCGCCCAGTCCAGACAATAAGTCAAGTACTTTAATTTCATTATTCGAATGGTCAATTTTATTAATAAATTGTTTACGCCATAAAATTGAAAACCCAAATGATGTAATAAAATTCATTCTGTCGTATGAACTAGACATTTGATTAAAAAGATTTTTTACAAATTCAGGTTCATAAATGTTTATATTTTTCTGCACGAGTTTTTGATAATGATTGCACCTAACGTTTTGCGGCTTTGCGAAGGAGCGGATTAGAAAGACTAAACTTTCAATTTAGCACAAACGTAGCAAAACCATTTTTCCTATTTGCTAATTTACATCTTAAAAGCAAATAAAAAATGGTTTTGCGGATTAAATGCACTAACCTTGAATTAACCACTTAACCCGCTCTTTTGCAAAACCGATGTTATCTGCTGCCCCTTTTCTCGGTCTCTTTTGTTGTCGGTCGGTTGAGCGTTGGCAAAAAGCACACTCTTTTACAAGCTTTGGTATGTGCGTCGGATTTGTGCGGCTTGCAAATGTGTGTGCTTGTGTGTTGGCTTATTCATTACATTTTCAATATTTCTGCTAATTCTTCAAATGATGAAATTCCGTTAATGTCTGCTGTATCAATCCAGTCAATTCCTCCTGCTGGCAAATAGTTGATAATGCCTGTTTTGAAGTTATATTGTTCGTTAATTTTCTTCATATCAATGAACCAATCCATAGGGAGTTTTTTAAGTCGAACGATTTCCTGAAAGTCGTTTGATAGTTTGTTGGGTGACATTCCTTTTTGAATAAGAAGTAACAAACCTAAATCTATGGTTTTGGCGACCTGTAAATATCCAACCAATTGCGAATAATCTTTCAAACTCAATTGGTTTAAATACTTTGCTTCAATCAATATCAATCGCACTTTTTTGTCGGGATTTATTATAGAAAATACTATATCGACTTTCAGTTTAGGAATGTAAGTTCCTTCTTCCTTTATAGTAATTCCCGACTGGTTTTCTAAATCAGAAACAATGAAGTCTAAGGTTTTATTGCAAGAATAGAAAACGCTGTAGTTTTCCCCAAGATATGTATTTAGATATTGGCTGAATTTCTTTGAAAATTCTTCATAATAGCTTATTTCGTTCTGTATCACTCCTTCAAATTTACGGTTAGATTATCTACTTTAATTTTTGTTTTTATGAGTTGTTGGTTCAAACTATTGCTTACAGCCGAACAAATAAAAGCCCTATCATTTGTTGGGTTAATGACTAATAATGGACTATCAAAAGTATTTCCGATTGTTTTTAATGTCAATATTTCAGTTGTATGTTTATTGATAATTTCCTCCATTGAACCTGTATGTCTTTTGCCGTTTAAAGTTTCTGCAAAAAGATAGGCAATACCTTGGTCAATTCCTGTAAAGCTTTCAAAATCTTCGTGTTCTATAAGTCTTGAAACTTTGGCTTTATGTGTTGATAGTTCCAGTTCGGGAAAATATTCTGCTTGAATTTCTTTCAGCTTTTTCAAAAGTTCTTTTTTCGTTCCTTTTGATAATCTTGGAAAGAAGTTAATGTACTTGTTTTTGTTTTTTACTAATTTTTCAATTTCCTCAACAGGTGCGTGTGGACATTCCAAAACAGCACAAAAATGATGATAGTGAAAAAATAATTTGTTTCTCACTTCAATTGGTAATTCGTCAGAGTTTTGGTCTGTATGAACTGAAACAGGGCTTGGTGTTCTTAATTTTCGTAAAATACAAGGTATTTGTTCTTCTTTCTTTTGATGCTTTTCAATTTTTGTTACATCAATAGATTTGGCTTGTAATGCAAATGAATATTGAGTAAGAAATGAACGAACCAAGAACCGAATTTTAAATCCTTTTTTCCAACCTTTATAATCGGGGTCTGATGCCGAATGTTGGTTTGGATGATTGTACAAAATTTGGTCGGTTGTTGAACCTAAATCTGTAAGCCATGCACAAAGTTGAACAACAAAATTAAAATTGCGTGTACTTCCCGGAATTTCAACAGAAACTACAGGAGCATCATCTGTAAACCTTCTGTGTGATAATGTCAAACTTGCTCTTGTATCGAAAATACCTGACAAGAAACTTGCTGTATTTATACCAGTTAATTTTGTTTTGGCGGTTGTTAAATCAACGGAAGAAAGCAAAAATCCACCAATTGGTAATCCTAAATATTGTAAATCGTTTTTTAGGCTCGAAATATCCGAATTGTCAATAGGCATAATCAACCATTTACCATTACCAATTTCGTAAGTAACATTAAAGTTGTACGATGAATTAAAGTATTGGCAAATTTTCGTCAGAATATCTGTCGCTATGATATTCATACGTTTGGGTTCCATTCCCCATTTCTTGAACGGAAGGTCAATTACAAATGTGTTTTCGTCTATCTTTCCACTTCCAACTAATAACCCAAGTATGTATGCTTTAATATGATTAATTTTCTCCATTTTCTAAATGCTTTTCTAACGCTTTGGCAATAACCCAAGCAAAAACTGGCGGAACAGCGTTACCAATTACTTTGTAAGCATTCGCAATGGTTTTGTATGGAAATTCAAAATTATCAGGGAAAGATTGTATTCTCGCAATCTCTCTAATTGTAAATCTTCTGTTTTCAAAAGGGTGTGTAATACCGCAGTTTTCGGGTTGAGCCGAAGCCGTAATTGTACCATTAATTTCGCCTAATGCAAACCTACGATAAAAGTTAGGTGCTCGATATTTTTTCGGATTGTCCCAAATTTTCCTAAAACGTTCTGACATATCTTCTGGGTTCATATTTTTCCAAGATTTACCCTTTGAAATTGTCTTACTAATTTTATTCAATGGTATTTTCTTTTTGAACTTCGCTAACGCTTCTTTACCATCTTCACAAGGTCCAATTTTGTCAACCATATATTGTCCTCCAGGCGAATACTTCCAAAAATCATTTGCTTGTGGTGCATTTTTTGGAATGTCACACAATGCAGAACCAAGGTATAAATCGTAAGGATTATCCGTTTCGTTTGGCAAATTATATTCTGCTACAATTTGGTCTAATAAACTAAAATCAAAATAATCCAAATCTTTTCTGATACCAATAATGATTAGACGCTGACGATTGGAGGGAACTCCATAATTACTTGTTTTTAGAAGTTTGTAGCAGGTTTTAAATCCCAGTTTTTCAGTTCGTTTTACAATTTCATCGGGAATGCTTGTACCGTCTTCCATTTTTGAGGACATAATACCTCTTACGTTTTCAAAAACAAAACCAATAGGTTTGTTCTCCCTTTTTAGTCCAACCTTTAATAGTTTTTCACATTCTTCAAAAAGATTTCCTCTTTCATCATTAATGCCTTTTCTTAATCCTGCACTTGAAAAAGGTTGACAAGGAAAACCAGCAAGCAAAAAATCAAAATCGGGAATATTTTTAAAATCAACGTCTTTTATGTCTTCACGATGTAATTCGTGATT
NZ_CP141062.1_gap43	2040880	2043203	2323	TTGTTACTTCCTTTTTGCTTTATCTCTTTTTTTGTCCAATTTCCTTTTTTGTCGAAATTTAGGTATTGAATTTCATATTTATATTTCAATTTAAAAGCGTTATTATCTAAAATAGTGGAATGTCCTCCGTGAATATATCCTGATAAGGAAACTTCAATTAATTCGTTGTTATCATTGTATTTGTACGAGTATAATAAATCTTCATTGAAAGAGCTTTTGATGGCAAAATCTTTCTTTAGCCAACTGATTATATTTCCATTTTCATCAAAAGTAATTTCATTGAATATACCTGATATTAAAGACAAAGGCAGTTCACCATTTTTATTAGTTAATGGAACTAATCTATTTTTATGTCGAGATGAATGATCCGAAGGTAATATGTAAGAATATTTAAGATGAACAGTATCTCTATTCAAATTCCATTCATAGTTTAAAGTATAGTCAAATATATCTCCTTCTCTTTCATAATTATAGCCACATTCATAACACTTATAAATATCTTGTGTACTAAAACCTTCTTTATTAAAAATCTTTACAGTTTTTGAAGAATTTCTTGGGAAACCTTCATATAATATTAATTCTTTGAGTTTGTTTTTTCTATCAAATTGATAAATCTCAATTTTGGCAAAAGAATTAACGAATTTTGACAATGAGTCTCCTTCTTGGTAATTTATTAATTGATTATTTCGATTGAAATTATACTGAAAAGTTTGAATTGGATTAGTTGTGCTATTTTTTGAAATTAAAGTTTCCTTTACTGTTTTTACTTCACCTTTCAAGTCAAATGTTTTTGTGTCTTTTGTATAATAGTCGTTTTTTAGGGTTTCATAAAAGGAAGGAATTGGTTTAGGTTTTTCAATTTGTGGAATTGGATATTGTCCGTATGAAAAATTTATAAAATAAATTAAGCACAGCAAAATGTATAATCTCTTTTTTTTCATTTCGGTTTTTTTAGAATGACACACAACGTTTCGGGGCTTGGCGACAGTGGCGGAAATTGAAGCAGAAACTTTCAATTTTACACAAAAGTAGCATAAGCCATTTTCTATTTACTAAATTACAAAAAAGTAAATAGAAAATGACTTATGCGGTGTTAGAATTACTGACTTTGAATTTTGCATTTAATCCGCCATTTCGCCAAACCCTTGTTGTGCGAGCGTTGTATTTAGTATTTCTTTAGTTTGCAATTCTAAAGATTTAATTACAATAACATCAGAATTTAAAGGAAACAAACGATTACTATCTTCTAACTTTGTCTGGATAACAATTTTTCGTTGATAATTTTTTCGTATACTAGCTTTCTCAATCTTAATAATTGCATCTTCCAGTGTTTCGTATTCTCCTTGAATTTTGACAGGGACTGGGAATCCATTATAATAATCTTTCAAAAATCCATCTATACCACTATTACGTTGTACCGGAATGGCATTGATAGTTTTTAAATGAGAAAGTTCATCCTCTGACTTAGCTTGATATTCTTCAATACCGTTTTGAAGAAGATTAGATTCTGTTATAATCATTTCTTCTAATCTTTTATTTGCAAGTTCTACTGCATCTTTAGAAACATCAATTCCTATAAAATTTCGTTTAAGATGTTTAGCTGAAACGCAAGTTGTTCCGCTACCGCAAAAAGGGTCAACTACTAAATCATTTTCATCAGTTACAATTGATAAAATTTGATTTAATAATAGTACAGGCTTTTGAGTTGGGTAGCCAGTTCTTTCTTTTGCTTTAGGGTTTAAATAAGGAATATCCCATACATCTGATAATGGAACACCCTTTTTCTCTTTACCTAATACAATGTTACCATTTTCATCTTTTTTATATGTAGATTTACCATTTTCGTTCTTTTGTCTATCCTGTAAAATTTGGTCAATATTTGTCGTAGCCGAATATTCGGTGTAAATATTGTTAAATTTAAAATCTTTTGATTTTGAATAGAAAAAAATAACTTGATGAGAATTTAATAAACCTTTTTTGGAGTTAGACCAACGTTTGTAAGACCAAATAATTTCACTTTGGAAATTATTTGGACCAAAAACCTTATCAAGTAAAACTCTTAAATTATGAGAAGCGGTTTTATCACAATGTAAAAATACGCTTCCAGTGTTTTTTAAAATTCTTTTTGTTTGAATTAAAACGTTTTCAATTACAGATAAATACTCATCTAAAGATGAATATTTGTCGTCAAATTCATATGTTTTAGAATTATCTTTGTTTGTTAATTTATGTTTTTTTTGAGTAAAAAAAGGCGGGTCGAAATAAACTAAATCGACAATTCCAGAATCTATTTTTTTTAATTCTTCAGTACAATTACCATTAT
NZ_CP141062.1_gap44	2047626	2049675	2049	GGTGCAATGATTACCGAAAAAGGGACCGATAACCATACCTTTTCGGATAGCCAAGGAAACTATCAGTTAACATTAACAACTGATCAGGACATTCTAATCATCGAAACACCTAATCTCTCAATTAGAGAAGAAGAAGTCAAAAACAGAACAATTATCCCAATCGAATGTGCGGAGGATACAATCGGCCTAAACGAAGTCGTATTAAATGCAGGTTATTATACCGTTAAAGATAAAGAACGGACTGGTTCTATTGCTCGCATAACGGCGAAAGAAATCGAAAAACAACCCGTAGATAATGTATTAGCAACTTTACAAGGAAGAATGGCAGGAGTGGAAATTATTCAAGATAGTGGTAATGCTGGCGGTGGTTTTCAAATAAAAATTAGAGGTACAAATAGTTTAAGAGCAGAAGCCAATGCTCCTCTTTATGTTGTAGATGGTATGCCATATAATGCTGAAGAAGTAGGCTATACAACTACTTCAGGAAATAGAAGTAGTCTATCTAATCCAATTGCTTCCTTAAATATTGCTAATATAGAAAGCATTGAAGTACTTAAAGATGCTGATGCAACGGCTATTTATGGTTCTCGTGGTGCAAATGGTGTAGTTTTAATTACTACAAAAAAAGGCGGTCAAGGGGAAACTAAAGTTACTGTACAATCTGATATTGGATTTTCTAAAATTACAAGAACAATCAAATTGATGAATACAAGTCAATATCTTAACATGAGAAATCGTGCATTTATATTTGATGGTATTGATAATTACCCATCCAATGCCTATGATATTAATGGTACTTGGGATCAAACAAAAAATACCGATTGGCAAAAAGAGTTAATTGGAAATATAGCTTTTTCAAATAATTTTAGAACATCTATAACAGGTGGTAATAATTTAATCAATTATACTTTAGGATATAATCATAGCAATCAAAAATCTGTTTATCCAGGGAATTTCTATTATAAAAAAAATAATTATAATGTAGCACTGAATTATAAAGATAAGAATGAAAAATTTAATATAATATTCTCTTCAAATTATAACTTACAAGATAATAATCAACCTTCAACAGATTTAACAACAGTAGCAAGAGAATTAGCGCCTAATGCTCCTAATTTATATTCATCCGATGGTACTCTAAATTGGGAAAATAACACGTGGGAAAATCCTTTGGCTTTATTAGAATCTAAATTTTTATTGAACTCTTCTAATTTAATTTCTAATGCTTTAATTAATTACAATTGGAAAAATTTTAAGTTTAATGTTAATCTGGGATACAATAAATATATAAATACGGAATATCGCACTTTTCCATCAACAATGCGTAATCCTAATTTAGGTTTGGGAAGCGAATCTTCTACAGTCGAATATTTTTCATCTAATAGAGATTCATGGATTATTGAACCACAAATGAACTTTAATAAAAGATGGGAAAATCATACGATAGAATGGACTATAGGTACAACATTTCAACAAGCAAATGAAAAAAGATTATCAATTTCAGCAGCTAAATTCCCAAATAACAATATGCTAATGTCTTTGTCTTCTGCAGCATTACAAATAGTTGGGTTAGACGACGCTAAAGAATATAAGTATTTGGCTGTATATAGCCGATTGAATTATAAATATAACGAGAAGTATATTTTTAATTTCACAGGTAGAAGAGATGGTTCTAGCCGATTTGCAAATGAAAATAGGTTTGCAAATTTTGGAGCTGTTGGTGTAGCATGGTTATTCTCCAAAGAAAATATTTTTAAAAAAATGAATGGTCTTAATTTCGGAAAAATAAGATCCAGCTATGGGATTACAGGAAGTGATAATATTGGTGATTATCAATATCTAGATAATTATCAAATGAATGCAAATCAATTACTTGGAAACTCAGGCCTAAAACCTATTCGATTGTATAATCCAAATTATAAATGGGAAATAAATAAAAAATTTGAAATCGCTTTAGAAATGGCATTTCTTAATAATAGACTAGCATTTGATATAGCATATTATTCTAATTATTCTGATAATCAATTAGTGGGGATTTCAATACCTTCT
NZ_CP141062.1_gap45	2072306	2073465	1159	CATGCGCTTTTAGCGATGTGTTTAAAAATTAATTCGTTATATTTAAAATAATCAATTCAAATTGATGAAAAAATACGCTTTTCAGGAATTTATTTTCTATCGTTAGAAAAGTAAGCAAGTGATCCGATGATAGCATCTAGCACTTGAAACCACCTAAACTAAAATGAACATGAATAATCAAGAGAACGTAGGGATTTTATCCTGTATAGGGAATACACCTTTAATTGAACTGGCCTGTCTATTTCATTCCTCAACCATTCGATTATACGGGAAGATGGAAATGTTTAACCCTGGCGGAAGTATCAAAGACCGCACAGCATATCATATCCTAAAGAATGCTTTAAAACAGGGGATTCTAAAAGAAAATAGTACGGTCATTGAATCCACTTCTGGAAATATGGGCATTGGATTAGCCCGAATTTGTCATTTTTTGGGTTTGAAATTGATTTTAGTCACCGATCCTCATATCAATACGATGTGTGTTACGATTTTAAAAGCATTTAAAGCACAGATAATCACCGTTGATCAACATGATGGTAAAGGTGGTTATTTGAATACTCGATTGGAAAAAGTGCAGCAATTGTTAACAGAAATTCCAGATAGTTTTTGGCCGAATCAGTATCATAATATGGACAATCCCTTAGCACATGAGCAAACCTTTGTAGAGATTGTTCAATCGCTAGGGAAAAATCCCGATTATATCTTTGTGTCTACCAGTACATGTGGAACGTTGCGCGGTTTAGCAGATGCCATCGAAAAGTACAAGGCTCCAACCAAAATTATTGCTGTAGATGCCAAAGGAAGTGTCATTTTTGGAGATGAACCTCAAAAACGGATTATTCCAGGAATGGGTGCCAGTCGAAAATCGACTTTTGTACAAATGAATCAAGTGCATCAAGTGGTCCACATATCAGATCAAGAAACCGTAGAAGGCTGTCATCAATTGTTAAATGCAGAAAGCATTTTAGCAGGAGGGTCATCAGGTGCATTGGTTAAAGCCCTTGAAAAGACGATTTCCTCTTTACCTGAAGAAGCCCTTGTGGTTGCAATTTTCCCTGATAATGGCGAACGATATTTGCAAACCATTTATTCAGAGGATTGGGTTCAACAACATTTTAAAATGATAAAGCAATGATTTGGAAAACAGAAGATTTGAATC
NZ_CP141062.1_gap46	2074530	2078830	4300	AACGTTTTTCTATGCATCACCTCTTATTTCCAAAACTTCCGCTGAAAAATTCGGTTCAAGAGGCTTACATTGAACAGATCACCTTTTTTATCGATGAAGCGGAAAAAGGAGAATTAAAAAGTCCTCTCATGGCTGCCGCTGCAGTGTGGCGGGAAGCATCACCATACATTGCACAAGTGTATGCTTTTGGTGGATTTACAGGAGCATCTCAACGTGATTTGGATCAAGAGCTTTTTGGAGCATTTTGTCGTACGAGTTATGGGCCACCGATAGCGAACATGAAGAAAATATTGGCGTTGATTAAAGCGAATGTGATTCAAATGATTTCTACAGAATCATTATCCATCGCACATTTTCCAAGAGAGAATAAATTTCAATTAAAAGCTACGAATCAACAAGAAATGGTGGATTATATCATTGATGCCCGTATCGCTCGTCCCAATTTAATGCAACATAATTCAAGGATTTATCAGCAAATGTATACTCATGATTTGGTCCAAGCATTCGACAATGAGGGCTATCTTCCGGGGGTGATATCCATGCAAACTACTGGTAAAATTATGCACCCTGAGGATTTCTCCATTTATTTATATGGGAGCAATACGGAAGGAATCCTTTTCGATAATGATTCTTTATCCCGAAAGAAAAATAATTTGGCTCCGTCCATTATTTCAACAATCATTCATCAGATGAAAACAAAACCTTTTCATTTCATTCCTTAAAAACAAACAACTATGAATACAATACATCAACCTGAAACATCACTTTCATTAACGCCCTTATTGCATGAGTGGGTCCATCAATTGGTGGCTGATTCAGAAGGTTTAGTACAAGCCATTCAGAAGCATCAATCCCCATTGAATGTCCATCATTTGACTCCCTTTCATGAAAATATTTCGGCTTATCGTTCCGTATTTGATGCATTAGGTGTTCAACATAAAATTTATTTTGCGCGAAAAGCCAATAAATGCATGGCTTTTCCTTTGGAAGCTTCAAAAGCTGGTCAAGGTGCTGATACTGCAAGTTATCGTGAACTTAAGCAATGTTTGGATGCGGGAATTCATTCCGATCATCTGATTCTTACAGGATCGGTGAAAAATGAGAAACTATTGCAATTGGCGGTGGATCATCACGTTACCATTGTTTTGGATAATCAAGATGAATGGGAATTGCTCCAAAAAATTATTCACGAACAACAAAAAAAAGTCACTGTAAATATTCGATTAGGCGGTTTCCAATTTGAAGGGGAAACTTTGCCCACACGCTTTGGGTTTTTATTGGATGATGCATTTCAATTCATTCAATACTTGAACGAACATGAAGAATATGTACATTATACAGGACTGCATTTTCATTTGAATGGCTATTCTGTCGATCAACGGGTGGCTGCTCTTGAGCAATCCATTCAATTAATCGACCGTCTGAAGACAGTTGGGATAAATACGTATTCCTTGGATATTGGTGGAGGACTATTGATGAATTATTTAGCCGATGCATCCGAATGGGAGAATTTTCAACGTGAATTAAAACGGGCTGTAATGGGCGAACGTCCTGCGTTAACCTATCAAAATGATCCCCTAGGAATGGTTAAAATTCATGATCAACTGTATGGAGAACCAACGGTTTATCCTTACTACAATACGTTGCATAAAGAAGGTATTCTGAAGGCTATTTTAACGGCTACATCAGCTCATTATGAACAACCTATTTTTAAATTGCTTATCGAACGAGGAATCGAATTACGCATGGAACCTGGGCGTTCTTTATTGGATCAATGTGGAGTAACTGTAGCTCGAGTTGCTTTCCGAAAAAAAGATACGGATGGAAATTGGCTTTTTGGTTTGGAAATGAATCGTACCCAATTGAGAAGTTCAAGTGCAGATTTTTTATTGGATCCTATTCATCTCCCTATCCATAAAAACGCAGAAAACGAAGTCACAGCTGGTTATTTAGTTGGTGCCTATTGCTTAGAGCAAGAATTTATTTTAAAACGAAAAATTACATTCCAACAATTTCCAGCCGTAGGAGATTTGATTATTTTTCCAAATACTGCTGGTTATATGATGCATTTCTTTGAATCTGAAGCGCATATGTTTGAATTGGCGGCAAATGTTATATACGACAACGGGCATTTTGTGGAGGATCTGTAATGGCTTTAACAATTTGCATTTGAAAAGTTTTTGGGTTCGACTTAGGGAGTAAAAAAAATAAAATTGAAAAAATAAAATTGAAAAAATAAAAATGAAAAAATGAAAAATTAATTTTGCTTAACGCTTAACGCTTAACGCTTAACGCTTAACGCTTAACGCTTAACGCTTAACGCTTAACGCTTAACGCTTAACGCTTAACGCTTAACGCTTAACGCTTAACGCTTAACGCTTAACGCTTAACGCTTAACGCTTAACGCTTAACGCTTAACGCTTAACGCTTAACGCTTAACGCTTAACGCTTAATGCTTTACATCTAACATCTCCACCTTGTTATTAATTGTTACTTTTGATGAAATTAATTTCGCGTAATACAAGTGAGCAGAGAGGGTCTAAAATCATTTTTGAAGGCTTGTGTGGCGCATAAAACAAAAGACGATGAAAATTCATGAAGCCTACGATATTGGAAAATTATATGGATTAATTATTGAGTTGAGAAGTAAACGATTGAATCATCATATTTCGTTACATCCCAATCGATTGATTGATTTGCGAGAGAATATCGATATTTTAGCACAAGGTTTTGGAGCCCACGAATTAGTGATTTATCAGGATGAATTCTTGGGTGATCATGCTCCAAAATTATCTTTAGAAGAAGAATACCAAAGTCAAGAACATATTCAATTGACACTGGAATCCAATTATAAGGATTTAATACAAGTGCTACAAAAATATTATGAATCTGAAGATTCAGAAATGTTGATTGAAGATCTTTTTACGATATACGAAGCAGAAGTCGATCAGAGCTTCTAATGATTATGCCTCAACCCTTGGTTGAGGTATTTTTTTGGGCTTAAAGGAAAAATGACTTAACACCATATTGAAAATGAATTATCTTCGATACAGATACGATAAACCATGAAGAAATATTTATATCTGTTGGGATTCTTTTCGCTGTTCTGGAGCATTCAAAGTTGCGCACAGAAAAAGAAACCCCTTATTTATCCGGAACCCGTTGAATCGTCCCAAATCTCAATAAGTTCATTGAATAAATCACAAATCCAAGCGTTAGATCGTTTAGGTCGTGTTTGGGGATTTTTAAAATACCATCATCCGATGGTAGGAGAAGGGAAATATGATTGGGATCAAGAATTATTTCGAATTTTGACCAATTATTTAGTAGCTTCTACCCCTCAAGAACAGGAAAAATATCTTTTAGATTGGATTGAAACCTTAGGTGAAATTCCGCCTTGTACATCGTGTGCTGCATCTTCAGCTGAAGCCGTTCAACGTGCCCATCATGATTGGATTAATACTTCATTATCTTATGAACCGTTGAAACAAAAATTGACTGAAATATACCACAATCGTTATCAGGGGAAACATTATTATGTCACGACAAATAAAGGAAATGGTGCTGTGGAGTTCATCCATGAAAATATGTACCGTGAAACGCCGTATCCCGATGCAGCAACACGATTATTGGCGCTGTACAGGTATTGGAACAACATTCAATATTTTTATCCATACAAACATTTGACCGACCAATCTTGGGACAGCATATTGGTATCCTATATTCCAAAATTTATCGATGCTTCTGATGAATTGGCCTATGAATTAGTAGTCTTGCAATTAATGGCTGAAACCAATGATTCTCATGCGATGATAAAAGCTGGAAATGATCAAATCCTGAAGCAAAAAGGACAATATTATGCATCTTTTCGAGGGTCATTTATAGAAGATCAATTCATTATGGTAGATGATTATCAACCTCAATTCACTTCATCCATTGGTATTCAAAAAGGTGATCGTATCACACGCATCAATGGAAAATATGTAGAAGATATGGTAAAGGAATTAGCCCCGTATTATCCTGCATCGAATAAAGGATCTTATTTGCGTAATCTTGCAATGGATCTTTTGCGTTCTAATCAATCGACAATGAATATAACTTTTGAATCGAATGGGAAATCAATGGAGCTAACAATTCCTTTATATCCGAAAGATCAATTGGACTATTATACCTGTTACAAAACGAATCCTCTAGATAAAGGATACCATGTCATGGAAAATAATTTGGGATACATTTCCATTGCCGCTCTCAAGGAAAAAGATATTTTAAGGTTGAAAAAAGATTTAATTTCCACGAAAGG
NZ_CP141062.1_gap47	2082100	2083971	1871	AACATGGAGTAGAACTTTTCTTTGAATTCGAAATCTAATATTTCCTATTTTATCGATGAGGTTCTCAAAATAATGAAATTCGAAAATACCATATTGAAACATAAGATACAACGATTGGATAACTTTTATTTTTTAAGTTCCCAATATATAAATTCTTCGTCTTGAGCGATTCGAATAAATTGTAGTTTTTCCAACAAGCGAATTGAACCATTATTGTCATGATAGGTTGCTGCGGTAATGGCTTCAAGCTGTTGATTGGCTAATGCCCATTGTACAATTGCCTCACATGCTTCGAATGCAAACCCTTGTCGACGTTTTTCCTTCACAATTCCATAACCTAAATCACATGTATTTTGAATGAATTGATACCCCTTGAATCCTACATCGCCAATAATGGTACGAGTATCTTTTTCGATAATCATCCAAGATTCAAAACCTGTTGGTTGATGGATTTTAGTTAATGTGTTTAAGGTACGAGGTAAAGATTCTAAAATATCCTCATCGGGCTAATAGTCGGAAGAATTCAATTGTAAAGCATCAAACCATGAATAATCACCTTGGAGAGTGGCTTCACAAATGCTTTTTGTAAATGGAAGCAATTCAAGGCGTTCGGTCTGAATGGAAAATCGGTGGGAAGTCGTATTGATCAATGCTAATATTTTAGGTGTCAAAAATAAAACTTTATCTTTTGTTTTATCGCTTATTTCTAAAAATCATAGGATCTCATTCTTAAGCGATGGCTCTGAAAAGAAAGCGTTATTTTGGAATTGAAATGTTTTTAATCCGATGTTTAAGTTCTAAATTTGCGTATGCCAAAATCAGTACGAAAACTATTCCTAGAAAAGTTTAAAAATTTTATCCATTTTTTTCAAGATTTGTTAAAACTCCTACAAAACATCTTGAACGAAAAACAGTTTTTATATTTATCATGTATCTTGGTATCCATATCATCGGCGGCGGCAGTAATTGTTTTAAAAACGTTCGCCCACAAAGTGTTGCAAATCAGTTCTTCGATCAATGCGTTGTTAAAATTGCCGTATGCCAATAGTATTTTTCCAGTCATTGGAATTCTACTCACGATTGTAGTGGTTCAAAAATTTTTAAATGGATCGATTCAAAAAGGTACGTCTCAAATTATGATTGCGGTGGCGCAGAAATCGGGGATAATGCCTAAAAAACAAATGTATTCCCAAATTATTACCAGCTCGTTAACGGTAGGTATGGGAGGTTCCGCGGGGTTAGAATCACCCATAACCATTACGGGAGCGGCATTTGGATCAAACTATGCCCAATACTATCATTTCAATTATAAAAATAGGACCTTATTATTGGCTTGTGGAGTAGCTTCCGGAATTGCAACGGCTTTTAATGCCCCTATTGCAGGTGTTTTATTTGCCATCGAAGTCGTATTGGCAGATATGAGTGTGACAGCTTTTATCCCTTTGCTATTGTCCTCTGCAACAGGCTCTATTATCGGAAATTTATTTTTTGGCGATCAAATACTTTTGAGTTTTAAAAATCAATTGGGATTTGATTATCACAATACCTTTTATTACATCTTATTGGGTGTTTTGGGAGGGTTAGTTTCCATCTACCATGCCCGAATGTTTCGAAAAGTGGAACATCACATCAGTCATCGGTACAAAAATCCCTATATGAAGGGAATATTTGGGGCCAGTTTGTTGGCATTGTTGATTTTTATATTTCCAACCTTATTTGGTGAAGGTTATGAAAGCATATTATTTTTAGCGAATGATGAATCCAATCAGCTGGTCAATAATTCGTTATTGGAATCATTTAGTGATCATCCATGGGTTTTATTGTTCATTGTGGTGTGTATAATGCTGGTAAAATCCATTGCGACAGGATTA
NZ_CP141062.1_gap48	2158247	2161153	2906	TGCAAGTTTATTAATGGAATTAGGATGGGAAGCCAGAAATTACCTGACTACCGTTTTATCTGTTGATGATAGAATAACCATCATCACCGAAACCAAAAATGCATATGATGTATACAACCGCCAATTGGCTTATGTCATCCTTAAAAGTGGAGAATGTTTAAATGAATTGCTCCTGCAAAATGGATATGCAAAAGCATCAAGAGAATACTATTGCTCAAAATTACCCGAATATCAGTTGATGAACCGACAAGCACAAATTAATAGGAGAGGACTATATGCCAAAATCCCTCATTTTTAAATCCAGAATAAATGTTAAAGTTTCATTTCCGCTGGCTTAAAATCTAACCATATCAAACACCACAAACCAACTTTTCAAATTGTTGTACTTATGTTGTACCTATTTTTTAAATGTGTAAGCAAACCATTTATAATAAAGACTTTACAACAAATAATTGGGTAACACTCAAATATACGAACATAGTTTACATTTGCAAATTTATTTTAAAGCAATTAAATGCTTATTAACAGCTAGTTTCGTAAGAAAATAATAAATTTAGATCATTGGTCAGCATGTTCGTTAATACAACTTTTCGAGCCTATGAAAAACTTAAATTTATCGCATTATCGGTTTGAGTCTGGTGTTCATAAAAATGAAAAAGTGATTTGGATTTATTTTGATTATGCCAAACACTCCATTCACCCTCTAAAAGAACATCTTAAAATTTATTACAGTAAAACGCAAAAATTATGGTATTTAAAAGATAATTCCATGACGCGAAAAAGAGTAGGGTTGGATGTACTCGAGTTTCCTGAAGCTGAAAAATTACCTCTAAATCATCAATTGAAATTTTATGAAACCATTCAACAATTAAAATTAAAAGGCTATAGTCCAAATACTCGTAGAACTTATGGTAGTGAATTGATCTCATTTCTTAAAATGTTTTCCAAATACGCTATAGAAGACATTACGACAGATCAAATTAGACGCTATTTGATCTATTGTATGGAAGAACTGAAATTATCCGAATTTACCATTAATTCCAGAATGAATGCCATCAAATTTTTGTACGAAAAAGTTTTGCTGAGGCCACGCGTCATTTATGATATCCCTCGTCCCAAAAAACCCGATACCTTGCCTAAAGTATTATCCATTTTTGAAATCAGACAAATTATTGAACGAACCGAAAATCCTAAACATCAAATGATTTTAAAAACCATTTATGGAATGGGGCTTAGAGTAAGCGAAGTCGTTAATCTTAGAATTGGCGATTTGGATAGCGAGCGCATGCAAGTGCATATTAAAGGTGCGAAAGGGAAGAAAGATCGAATTACCATTTTACCCGAATCCCTATTGGATGGTCTTCGGATGTATTATATGCAATATAAACCAAAAGAATTTTTGTTCGAAAATCGTTTCGGTGAAAAAATGTCAACTCGTACGGTACAAATGATTTTCAAACGGGCGTTATTAAAATCAAACTCCAGAAAAAAAGTAAGTGTTCACAGCCTACGACATTCTTTTGCTACTCATTTGTTGGAGAATGGAACTGACTTGGCTTTAATACAGCAACTCTTAGGGCATAATAACATCAAAACGACTTTGTCCTATACCCACGTATCCAAAAAATCATTACTCAAAATCAAATCACCATTAGATCAAATCTGAATAATCAGCATCAAAATTCAAGACCAATTGACGTCCTTCGGATAATTTATAATCCGTAAGATTAGAAACTGATACGCCTAACAAACGCACAGATTGTAGTGGATCATAGGCATCTTCCATAAGATCCATCACCAATTGACGAAACAATAATTCATTTTTAAGGGGTTGGATCAATGTTTTACTCTTACTAACAACAGAAAAATCACTGTATTTAATTTTGACAGTAACAGTACGCCCATACACATTATGACTCGAACACCATCTCCAAACATCGTCCACTTCAGGAATAATTCCTTGTTGCAATTGGTTCAACGACGTGAGATCTTCTGTAAACGTATTTTCAGAACCCACCGATTTACGGATGCGTGTGGCATTAACTTCTCGATAATCTTCTCCGCGAGCAATTTGATAATAGTATTGCCCTGATTTCCCAAACTCCTTTAATAATTTTTCCAACGAAAGTTGCCTTAAGTCATAGCCGTTGTGTATGCCCATATTGGACATGCGTTCTGCTGTAACTTTTCCTATGCCATGAAATTTTCGAATGGGCAACTCCGCTACAAAATCCAAGGCCATTTTAGGAGTTACCACAAACATTCCGTGTGGTTTTCGGTAATCCGAAGCGATCTTAGCTAAAAATTTATTGTACGAAATTCCTGCAGATGCAGTGAGCTGTGTTCGTTCATATATTTTTTGTAAAATTTCTTTCGCAATATCGGTGGCAACACCCATCCCTTTCTTATTTTCGGTCACGTCCAAATAAGCCTCATCTAACGACAAAGGCTCTACCAAATCCGTATATTCATAGAAAATTTCCCGAATTTCTTGGGAAACCTGTTGATACACATCAAATCGGGGCTTTACGAAAATTAGCTTTGGACATTTACGCTTGGCCACAACAGATGGCATAGCCGACTTTACACCATATCGACGTGCCTCGTAACTTGCAGTAGCCACAACGCCACGTTCCGCACTTCCACCTACTGCAATACATTTTCCACGCAATGCTGGATGATCCCGTTGCTCTACAGATGCATAGAATGCATCCATGTCGATATGTATAATTTTACGAAGCATGAATGCAAAAGTATAAGCTCTTATTTTAAATTATATGTTTTGATAAATTCTTTTAACTTTTTCTTATCAGCTACAATGGTTAGATAATCGCCCGCTTCAATGATGACATCACGATCAGGATTGTAACTAATTATTCCATCCCTTTCGATCGAAACAACAATAC
NZ_CP141062.1_gap49	2242555	2244401	1846	AGCCGGTTAAATTTCCTGACAAATCAAGCATACCACGGTAATACATTGTATTTCGTTTCGGTAACATGGTATTGGTATAAGTATACGCATACGTTGGCCTAAATATCAATTGTTTATCCACGACACGTTTAAGAGAAGGGTTAAGTATATTTCCTTCTTGATCATAGATTTGGTTATAATATTCATCCGTTACTTTTTCAGGTGATACTAATGTAATATCAATTACTTTTAAATCATGTTCTTTGCGCGCATTTTCTTTCCATAAGTATCCAAATGATGCGTTGAAATTGTGCAACGTATATAATTTTGTACGGTTTTGATATTCATACCCAAGCTCAACATTCGTTCGAGGTAAAAATGCACTCGATGAATTAAAACGGAAAGGAGCTATAATTCGTGGAAATGTTAATTGGGTTTTGATCCCTGCTCTAAAAATATTATTTGCGTCCTTAGGGCCTCCTAATTGGACATCAAATGCTCCGTATAAAGAAGTTTTTAATTGTTCGGCACCTTTAAAAAAGTTTCGGTTGGTCCAGTTTAAATTGATTTCACCACCACCATAGTTTGCAGAATTCGTACGTCCCAATACTTCTAATCGTAAAGATTGTATTTCTCTTGGGGTCAGCAAGTAATACGCGTCAAATTTTTGGTTGACACTATCTGAAATAACAAAATCATTTTTTACAAATTTAAATACACCTAAGTTTGTTAAACGATTTAAAGTCAAATTATGATCTTTTCGATTGTATAGGTCGCCTTTTTTAAAATATAACACCCGATCAAATACTTTAGGTTTGAACGTATTGTTGGGGTCAATCATATAGAAATCGCCTTTATCATAGGGTGTTAAAGAGTCATTTGACATCGGAATTTGATACAATCCTCGACGGACATCCCGAATATTATAATCCGGGAAAACCACAACCTTATCTATGGTATATGCTTTTTTCGCTAATTCAGGTGTATTTTCTTTTAATTTGACGAATAAATCCACTTCCGTTGTATTGCTTACCGTGCTATCCGCTTGAACAATAATATTATCAGGATGAAAGTAGAAATATCCCATTTCTTTTAAACGACTATCAATACGCTCTCGTTCTTGTTTTATTACATCCAAATCAAATGGACGACCTTTACGAAGGAGTGAACGTCTTGCTGTTGTTTTTAAAGCAATATTTATGGGATCGATGGTATCTTGAGGAAATTCAACGTTACGAATTTTGTATTGTTGTTTCGGTTCCAATTGATACTTTGCTTTTACTTTTTTTCCATTCGTTATCGTATCACTTGTAGCTCTTGCATTAAAATACCCTTTATTTTCAGCATAATTTTCTAACAATTCTTCATTAAAGTTGGTATCTACACTTTGAAAAAGTACCGGTTTTTCACCGATTTTATATTTTAACCAATGGCGTAGTCCTTTATTGGATTTCGGTTCTTTGGTGATGTTATAAATGTATAATTTCGGACGAAGACCTAAAAAACTACTGTTAGGTTTCGGGCGAATATTTTCTTCTAATTGTGATTTAAGTTCTTTCTTTTTGCTCTTAGAAATTGAATCTCCTTTGATTTCTAAAGATGCGCCAGTGTACAACTGTTCACCTTCTTTAAGAAATTTGGTATTGCTACAAGACGAAAATCCCAATAGAAGAGAAGTTCCAAGGAGTAGTGAAGGGTATATATTTGGATTCTTTTTCATTATTTCGATTCAGTTGCGTTCATTTTACGGTATGCACGGTTGCGTTTTCTTTTTTCAAAAATTTCTTTGAAATGATCATAATCTAAGGTGATGATAAAACCTACACCTGTTTCAATAATTTGACCTTGTAAAGCGACTTGATATTCA
NZ_CP141062.1_gap50	2287026	2291618	4592	TGTACCATCGGAATTCTTCATTGTTCCAAACTTTTTTAAACTGACCTTTAATCAATAAATAAATTAAAGCAAAATTAGCCCCACCAATAAACATTAAGATTATCAAAATGTATTGGACAGCAATATTACTATCCCAATAAGCAACTCCCATATTTTTAGTGGAGAATCCACCCGTAGAAATTGCACTCATGGAATGATTGGTGGCATCAAACCAATTCATACCTGAGAAATAGAGTAAGATGGTAAATATTAATGTTAGTACCACATATAATATCCAAAGATTCTTCGCTGTATCAGTGATTCGTGGATGAATTTTATCGGTATATATTCCTGGTGCTTCTGCTAAAAATAATTGTCGCCCACCAATTCCAAGAAATGGTAAAATTGCAATCGTTAATACGATAATTCCCATTCCTCCAATCCAATTGGTTGTACTACGCCAGAATAAAATACTTTTTGGTAAATTTTGTGGATCATCAAAAATTGATGTTCCCGTGGCCGTATATCCCGACACAGTTTCGTAAAATATATTCGTGAAATTAAATTCGTTATTGATTAAATCTTCTGCCGGTAAATAAAAATAAGCAGAAAAATAGGGAATACACCCCGAAAGAATTAAAAATAACCACCCCACAAATACTACAATAAAACCTTCACGTTTGGAAACATGCTTTCTTCCTTGTCGGGTAAAATAGACCATTAAGAATCCAATAAGACCGATGACAGTTCCTGAAATTAGAAAAGAATAGGTAAGGGTATCGCCAAAATAAATGCTGACCAACATACTGAAGTACATGAATAAAGCATTTAAAAGTAATAATACGCCTGAAAGGTTAAGGATTACTTTATAATTGAGCGATTTCATTATTTGAAAAATTTGGTCACTTTTGAAATTAAATTGGCTTGACTAAAAACGACAACACGATCTAATGGCTCTAATACAAAATCTTTGGTCGGTATCCAACCTTCATTTCTTCGGACAATACCCGCAATCACTGCATCTTTAGAGTATGGGAAATCCGAAATTTTCTTATAGGCAGCATCAGAATCTTCATGAATTTTAAACTCTAAAACCTCTGCATCTAAATCTGAAATTCCAGTCACATCCATTACATGACCTTGACGAATATATCGGAAAATACTGTCAGCCGATAATAATTTTTTATTGATAAATGCATTAATCCCTACTTCTTGAGAAAGATGGATATAATCAATATTTTCAACCAGAGCAATTGTTTTTTTAACCCCTTTGGAACGAGCTAATAAACAAGACATGATATTGGTTTCTGAACTTCCTGTAACTGCTATAAAAGCGTCAGAATCTGAAATTCCTTCTTCTACTAATAATTCTCCATCACGTCCATCACCGTTAATGATAAGAATATCGCTTAAATCATCAGCAAGATCAAAAGCCTTTTCTCGATTAATTTCAATTAATTTTATATTATGTTTGTTTTCGTTTAAGATTTTAGAAGTTTTTATTCCAATGCTTCCTCCACCTAAAACGATAATATTTTTAAAATATTCTTGCTTTTTTCCAAGGATCTTATAGATTTCAATGATTCCGGTCTTTCGGACAATAAAATAAATTTGATCGCCTAATTGAAATTCGGTATCATCTTCAGGGATAATAGTATAGTATTCTCCACGTTCATTGCTTCGAATGATTGCAATAGGCATGAATAAATTTTCAAAACCGCCTTTCGAGGTCAGATACATGTCTTTGTATCGTTTCCCTATAATTTTAGCATCACGATCCAAAACTGTACCGACTAAAAACAATTGTCCATTAGCAAATGAATGCATTGTATTGAAAGCCGATTGTTGGATAAGGGAATAAATTTCACTTGCTGCCAATTGTTCAGGAGAAATAATAGCATCAATACCTAAACTTCTTACCCATAATTGATTATCACGATGCAAAAATTCAGGATTAGAAATACGTGCGACCGTCTTTTTAGCCCCCATTTTTTTGGCAATCATGGCGCTGGTAAGATTTGTATTCTGTAATTGGGTTACAGTAATAAACATATCTGCCTCATCGGCTTTAATTTCTTTTAAAGCGTTAAACGAAGTAATATCTCCGCGGAAAGCCATTACATCAAGGTTGTTTTCGATAAATGCTAATTTATCTTTATCCATATCAACGATGATGATATCATTTAATTCATTGGATAATAATTTGGCTAAGTGGAAACCAACTTCCCCAGCGCCTCCGATAATTATTTTCATTCTGTGAAGCAGAAATTAATAGATTCGATTATTTTGATGAGGTTTCTTTTTGTCCCATCAACATTAAGAATGATTTCAAGAAATCATCCAAATCACCATTCATAACAGCATCCACATTTCCTGTTTCATGCCCTGTACGAACGTCTTTCACTAATTTATAAGGATGCATTACGTAATTACGAATTTGTGATCCCCATTCAATTTTCATTTTGTTGGCTTCAATCTCATTACGAGCAGCCATTTTCTTTTCAAGCTCAATTTTGTATAACTCCGATTTTAACATTTCCATGGCACGTTCACGGTTAGCAAGCTGAGAACGCTCCACTTGACAAACAACAACAATACCTGTTGGTTTATGAGTTAATTGAACTTTAGTTTCTACTTTGTTGACATTTTGACCTCCGGCACCTCCCGAACGAGAAGTTTGTAATTCGATATCTGATGGATTAATTTGAATATCGATGGTATCATCAACAATTGGAGAAACATACACTGAAACGAAAGATGTATGACGTTTCGCATTGGAATCAAATGGAGAGATACGAACCAAACGATGAACCCCATTTTCACCTTTTAAGTATCCAAAGGCATATTCACCATCAATTTCTAAAGTAACTGTTTTAACACCTGCAACATCACCATCTTGATAGTTTAATTCTTTTACTTTATATCCATGTTTTTCAGCCCACATTAAGTACATACGCATTAACATACTTGCCCAATCACATGATTCTGTACCTCCGGCACCCGCAGTAATTTGTAATACAGCTCCTAAATTATCTCCTTCCTCAGACAGCATGTTTTTAAATTCAGTTGCTTCGATTAAATCCAATGCAATTTTGTATTGTTCATCAACCTCTTCATCTGTTACATCACCTTCTTTATTGAATTCGACTAGAACTTCAAGATCATTTACGGCTGAAGCAATACTATGGTATTCATCAACCCATTTCTTTTTTCCTCGAAGTACACGCATAAAAGCTTCTGCTTCTTTTGGATTGTTCCAAAATTCAGGAGACGCAGCAGTTTCTTCTTCATTCTGAATTTCGATTTCTTTTTGTTCGATTTCTAAATAATTATGTAATTCAGCAGTGCGCTGTTGTAAGTCTTTTAATAAATCTGTATTAAACATAATAAGAATATTTTAAGCGTTAGTAGGATGGATTATATGATCTTCTGTACCATCCCACGATAAGAATTTATACGTGATAAAATCCTCTAATTGTAATTCATGTCCTTTAATTGCAAAGAATGAATCATCCCATTCATCATCTTCATATGCTACAACCCAAAACATTTCATTAGAAACGATACCTCCAATGATATAGATTAATTCTTCTACTGAATCGACAGCATATGTTGTGAATGCATGTGTCGCTCTTATCCAAATTTGATCATCTTCTGAAGTTTGGATAAATAAATTTCCTAATGCGGAAGGATTATCATTTTCTAATTCAAATTCAAGTAATTCAGTATCTTGCTTATTTAAACCTTCTAATTGAGGAAAAATTGCAATTATTTGATGGTATATTTCTGTTGAGAATTGATTCATACGTTGATAAAATAAGGTGGCAAATGTATTGCATTTTGCTCAATTTATATGAAACGAACTCTATATTTCCACTCGATAAACTTAAAAAATTGATACAATTTATATTCAAATTCATGTCCGTATTCTATATTAGGGTCCAAATCAATACTGACCGCATATAAATCTGGATTATACACAGAGGGCATCATATGTCTTTGATTCCAAATTGATACATAAAATCGATTACGATTTTTATAAAATTCATGGGATTGAAAATTTTGAGGTCGAGCATGGGTTTTTAAAAAAATGTCATATTGAGGGTCAAATACAATAATATCATATTCACCATTTTCATCAGGTTTAAAAGTTAATTTATTGGATTCCGTATCGGGTTGATTCTTGAAAACTTGATGAGCACAATTTGTTAATGACAAAAATCCTATGATAATTAAAAGTATTGCTAATCTCATCCTTAATAAATTTATTAATTTTATAAAAAAGAAATATAGCAAAATGTACACCATATTACATAATTCTCGTTGCGGAAAAAGTAGAGATGCCGTAAATTACCTTGAAGAGCAAGGTGTTGAATTTCAGGTTCGTGAGTATTTAAAAGATGAACTGTCTTTTGAGGAATTAAAATCCATTCTTGATGCACTTCAAATAGCACCAATCGAATTAATACGTACTAATGAATCCATTTGGAAAGAACAATTTAAAGGGAAAGATTGGTCAGATGATGAATTGATTAAAATTATGATTAAACATCCAAAATTAATTCAGCGTCCTATTGTATTAAAAGATAATCAAGGAGTTGTAGGGCGTCCTC
NZ_CP141062.1_gap51	2393962	2398525	4563	CAACTTCAGAATACAATATTGAATCATTATCACTAAAACTTAAGTATTCATCTGATAAGCTATTAAAAGGCAAAGAAGCAAAAGTAAATGCGTGATCAATTGCATACAATTCAAATTTATTATTTTCTATACTACACAATAAATTATTATTAGTAGGTTTTCTATCATCATTCTCAATCCAAATATCAAATAATGCTATATAAATTATTGATTCAATATTTTGAAAATTCCGTAACGGAACTTTACCACTAAAACTAAATAATCTATTTAATTCAAACTGATTTTCAATGAAATGACAACCAAAATAGAATTCAGAATATCTGAATCGTATATCTTCTGTAGAAATTTTATCATATAAATCATTATCTATATTGCATAAATAAACATTTGGAGTTTTAATATTCCAACAATCTAATAGTAAACTACATAAGTATTCTTTTTGTAAAGAAATGGTATCATTTATTGAGTTTTTAGGTTTTAAAATAATTTTATCGAGATCCTCATCCAACATTAAATAAGGACTGTGACCATCTGTTTGATATCTTTGTACAACAGAACCTATTGTTTTTGCTAGAATCAAAATTAATATGTATTAATATTATTGGTTATTATATGTTAGATTGTAAATATAAATAATTTTCAAACAATTAATTATTATTCAATTACGAATCTATTAGTAATACTTTATTATAAAAACCACAGGTTGTTTTTTCCGAAGTCGGGTAATTTGTCACCTTCGAAGTGTGGGAATATTTGTGCTACCATTTCTGGGTATTTGATGGTTACAGGTAAGTTTTGTTGCTTAACTGATTTCCAATACATTCTGCTGAATTGATATACTTGGTCTATTAATTCTTTTACGTTGTTTACGTTCTCTAAATAATCTTTGTCTGTACAGTATAATGCTAATTTTACTGGAAATGGATATGCTATTGGTTTGCCTTCTATTGAATATCTTGTGTTGTTATACAAAAGGTATTTGAGTTTGCTAATTTGCAATATTGTACCACTTATTGGCATTAATTCTGGCGATTGGGTATCAAATGCTACATAATCTGATGATTCTGTTTTGTTGATGGAAATGATGATGATTGGAATATCTAGGTTTAATCGTTTTAATGTTTGTTGTATAGGGTCTATTTCATCCTTTCCTATTGGTTTGTAATAATGTATAATTAATCGTTCGGCTTGGTTGTTATTATCTATAACAAATTTTAGCACTTGCTTTCCTATCGCACCTGCTATTAAATCTATTTCGTTGTTTCTGAAACAATCAAATCCTTTGAATTCTCCTTTGTTATTAAAACAGAATGCACTGCCTACATATCTTGTATTGAATTGAGCTGATTTAAACGCTCCTACACCAATGATTAATTCTTGCTTTAGCTCTCTATCCAAACGCCAAGGAATACCGTCTATTTTGGCTAATAAAGCTGGTGTAATATTCTCTAAGAATGCTCCGAAATAATTGTTTTTGATGCTTTCTTTATATATCACTTGTGAGGAAATATCTTGTTTTAATAATTCCTCTTTGATTTGGTAATACAACTGTAAATCTTGCTCGGATTCTTTATGAACAGGACTTACATAGATGGCTACATATCGTGTATTGGGTTCTTTTCTGAAATGTATTAAATGTTGTTTTAATTCTACTAATGCTGTATTGATATTGGTGTATGCCAAGCTGGTGTTTTTATCCATATGGAATGGCTGACAAATATGTGTAGCAAGTGGCGGAAAAAATCCTTTAAAGCCTTTAGTAAAATATTCATAAAGTGGCACTACGTATTCTTGTCTATCAGGCTGATGATAGATAAAGAAGAATTTTACGTGTTGATGTGGGCTTGGTTGGTAAGGACCAAATTTTTTGATACCGACTTTTGGATCTATTTCTTTGTCTCTACCAAACCTTAAATTATTGGAATGATAATGCGTAGCATATACCTTATCTGTTGGTATTTGATAAAATCTATCTGATGGGTTAATAAAATCTAATACATCACTGCTTAGATACTTGATTTTAAATTCATTGATTAACTGATAATAAGCTTTGTATCTGTTGGCTGATTTGTCCACCGTATGTGCTATTCCTAAAGCGTTTTTTAATCCGATATTTAATACTGGATATACCTCATTCAAATATAATTTAGCTTCATCGTGTAGCTTATCAAAACTTAAAATTTGGTTTCTGAATATTACTTTTTTATAATAATGTGTTGGAATATTTAGTGTGTTGATAGATTGTGTAGCTACTTTTGAAACTCCATCATAAGCTATCAATAATGCAAGTTTATTGATTAGATATGAATATTCTATTTTTAAAGTGTATTTATCGTAAGTGGTATATTCAGTTTTAGACTGCTTGGTATTCTTAATCCATACTTCGATGTCTTTTACAAAGTTTAGTTTTACCGCATCTACCAATGGCGAAATATAACGCAATAGCTGTTGCGTATAAAAGTGTTTGGCAAATTTGGTTGATTTGGATAAATCTATGGTTGTAGTGAATGCAGCATCTTGCCCAATTTCAAAGGAAGTATAGTAGTATTGACTAGTTATCTCCTCTTTATGATTTTCCCATAATTCGCAAGGTAATTCACTTTTGTGTAATGGATATGAACCTTCGAACTTTTCTGTATAAAAGCTACATTGTAAAGTAGCGTTATTGACCTCTAATGGTATTAGGTTTATCGTTAGTTGCTGCATATTTCATCGTGATTAATTGGGATTATCGGTACTGAATGTACACAACTAACTTACAATATTTTAGGGAAATAATCAATTATGCTAATACAAAACCCAAATGCTAACTATAGTATGTTGTTTGTTAAATCTTAACAAATTAGCTTTGAATACTGAAGTTAGCATAATGAAAAGTGAAATATTAATCCAATTCGGAAATAGAGTTAAAGAGCTTAGGAAAGCAAAAAATATGTCGCAAGAAGATTTAGCAGATGCTGCTGGACTACATCGCACTTATATTGGTATGATCGAAAGAGCTGAAAAAAACATAACTCTTGTAAATATTGAGAAGATTGCTAAAGCTTTAAAAATACATATAAAAGAAATTTTTTAATGGGAGTATTCAGATTTTCTAACGCTGTAAGTGATATAGCTAAATTTATTAATACATATAAAACATTATATTCAGAATTGAATGATGAACCTTTTTTAGGCCATGATGAAGCACGAGATGCATTGATAAGACATAGTTTGGTTTCTTCTTCTGGAGCAATTGGAAATGAAGCGGTAAATAGGTCTGTTAGACAAGATCGTTCTAGGGATCCATTATATAATCAGTTAAAAATGTATAGTGAAATATTTAGGATGTTAGGTTGGTATCAACCTGCTAATAATAGAACATCATTTAATTTCACTCCGATAAGCGAGTATATTGTAGAGAATGGAAAAAATATAGCTGATAATATATATAAATTTAATTTTTATTCTATAGTTTCTCCAAATAATCTTGTAAATAATGTTTTTAATACTACGAATAGACCAATTAAGAGTCTTTTAAATTTAGCAAAATATGCAGATAAATTAATTTCAAGAGATGAAATTATACTAGATGTTTTAACTATTGAAAACGATTTACTAATAGATTTTAAAATTTTAGCAGAAGTTACTAAAGAAAGAAGATTTGATGGTAATAAAATTAAACACGATATAAATCTTTTAGTAAGTAATGAAAAAATATCTGAAACTACTTTGCAAAATTATACACGTTTTCCAATAGCAGGCTGTAAATATGTAAAGTGGTTTAATGAGACATCAATAAAATCATCAACTACAAAAAGCAATTTAAAATATTTTCAAATAACGGATGAAGCTTTAAATTATCATAATCAATTCGCAACAAAATATGATTTAAGATACAGTGAAATAGAAAATTTTGATAAAGATATTAAGAGTGCATTTATATATTTAATGTTTTTGAAAAATTTAGAATTTATAGGTTTTGAAATTGATGATGAGGAAACTAATAGTTTGATTAATAAATTAGAAGCTTCATCTAAACCAATTTTTGATAAAATAAATGTAAATGGATCTAATGATGTATTTTATTCTAGTGTACAACAATCCAAAAAAGAAGATTTTGAAAATATTCAAAACCTAAGTTTATGATTAAATTAAAACCAAAAATTTCTGATTTTCAAGAATCAAATAAATTCGATTTATTTAATGAGGCTTTTCTTCAAAAACATAAACATAACAAAAACAGTATTATAGAATATTATTATAATCATTTTGAAAAATCAAAACAAAATATATATTATGAATTAATTGGATATTTATTTGAATTAATAGGTTTTTCAAAATGTAGTATTACCAGAGAAGGTGATACTAATAATAGAATGGATGCATTAATATTGGAAAGCGATTATACGATACCAATTGAAATCAAATCACCGACAGAAATTGCATATATAAATATTAAATCTATAAGTCAAGCATTAGAAAATAAAATCATATTAACGTCAAGAAAACTTTTTGTTAATAATTTCAATGATACAAGTTTAGTTGTAGCGCATAATTATCCAAATACAAGAAGTGAAGTCA
NZ_CP141062.1_gap52	2411581	2413622	2041	ATCACTTCTAATTCTGCATCAATAGCATCAATCCAATGTTCCATCGTTTCAATTGCAGATTCATCAATCATGACTTTCAATCGAGGTTGACCATTAGCCAACATGACTTTATCCGATGGTGTAGCCAATTCTGCACCTATATTAAATAAATCTTTTTGAATGGAAATCAACTGATCATATAAAATGCTATCCAAAGGATATGATCGTATTAAACCAATATAAGAATTCAGTTCATCCACTGTTCCATAAGATTCAATTCGGATATGATCTTTGTTGACCTTCGTTCCTCCATATAAAGATGTAGTTCCTTTATCTCCTGTTTTTGTGTAAATTTTCATGGTGTTGGGTTTGAATGATAAATGTACTATTTATTCCCGATTAATTTCTTAACCGTAATTTTAAATCCAATGGCCGTAATCAATAAGACGATAGCTGTGGCAAACCACAAAATCTCGAAATTAAATTTCGTTGCGATAATTGTTCCTAAAAATGGGGATACAATAAAAGCTAAAGCGCCTGATAATCCATTTAATCCCATATATGCACCTTTGTTATTAATCCCTGCTCGTAATGCTGTAACCGTGGATAAAAATGGTAAAACCAACATTTCTCCGATACTCATTAAGAAAATGGCCATATACATAATGATTAAATGATGTGTAAATCCGAAGATCGAATAACTGATTGCTGTAACAATGGAACCGTAAAAAAGAATGTCTACTATTGTAAACTTCTTTTCTGCCCAATGCACCAATAACATCTCTAATAAAAACACACAGAATCCACTAAATCCGATTAATAACCCGATTTCGTTTTGAGTTAATCGGACTTCTTCTTTATAAAACAGTGGTAAAGTGTTTAAAATTTGAAAGAATGCAATACAGAATGTAGAACAGAAAAGTGTAAACAAGATGAATGGGACATCAGTATAAGCATTTCGTTCTTTTGTTTCGGATGCATTCGTTTCTTCTTGCACATCATCCACTTCATTACGCTCTTTACGATTATAAAAGAAAGCGATAAAGGCGATTCCTGCGACTAATGCAGCAAAACCGTTGCAATAAAATAATAAATCATATGAATAGTTGGATAAAAAACCACCCATGGCAGGACCAAATGAAAATCCCAGATTAACCGCCATACGATTTAAGGAAAATGCACGTGTAATATTTTCTTTTTTCGCATATTTAGTGATCGCTACTGAATTGGCAGGTAAAAACGCCATCGTAATTGCGCTTAAAATCAACATCATAATTGAGGCGGATTCCAAAGTCTGAAATTGAGGTAATATGGCATACAATGGGGCACTTACCAATAAACTTAAGGCTTGCACTTTGAAATTCCCTAATTTATCGGTTAAGAAACCACCTAAAAATGACCCAATTAATGATCCGATTCCAAAACAACTTAATACGATACCTGAATCCTTTAACGAAAATCCTAATTTATCCGTTAAATAAATTCCAAGAAATGGTAAAACCATAGAACCCGTACGATTCAACAGCATTACAATAGCCAACATCCAAGATTCTTTCGATAAACCACTGTAAGAATCTACATATATTTTTAATATCTTATTCATAGTATTGATTTGCGCTGCAAAAATAAGATGTATTTTATTAATTCATTCGATTAATTGTGCTTTAATCTTAGTTTTTATACTTTTGGGAAAATCAGTTCAAAATTTCCGTTTATGTTTCATTATTTATTGCTCAAAATTCTGTTTACACTGCAAGGTTTAGGTGCTGCTTCAGGAATTGTAGTGGTCGACCAAAAGGTTTATGTGGTGGCCGATGATCGAGCATTTCTGTATCAATATGATCAAAAGACTGGAATGCAACAAAATTTTCCGTTTGATACTGCGATACCTATCGATCAAATGAACCGTAAGGATAAATTAGATTTAGAGTCTTTGGTACATATAAAAGGATCATTGTATGCACTTGGTTCTGGTTCGAAAGATAATCGAAATGAATTACACCATTTTGATTTGAAACAGCAAACGATGACACGTTATTCGGTGGCTGAAGTTTATAAAAAA
NZ_CP141062.1_gap53	2417163	2421669	4506	AAGCCAAAAGCTTAATTTTAAAAATAATTTTATAAAAAACCGCCAAGTTTATTGGCGGTTTTTTTGTTTTTGTACCTTTGTCCTTTAAATTTGTAGTGTGAATATGTTAGTGATATACCCCGCTTTCCTAGAATTTAAGGAAATTATGATCATCTTAGTGGTGGCCGTTGTTATTTTTGGTCCAAATAAGATTCCCGAAATTGCTCGTGGATTAGGACAAGCTGTCCGTAAGATGAAAGAAGCTACAGAAGATATTAAGCAAGAAATCATGAACCCTGTGTCGGATTTGGATCCAACCAAAGAGATTCGTGAAACGATAGCTGATTTGGATCCGACCAAACAAATCCAAGATGCTTTTCAGTCTGCCGATCCTTCAAAAGATATTACTCGTGCATTGGAAGATCCTATCAATGATTTTGAAAAATCAGTGATGGGAATGGAAGAGCAAGAAGGTACTGCAACTGATCAACCCGTAAAAGACATTAAAGAAACAATCGAAATTGCGAAATCTGAAATTGAAATTCAGGCAGAGCAAGAGTTGGGGAGTGGAGGTTCAGTTAGTCGATAATGGTACAAGATTTTTTTAATTGGGATGTAAATATCTTTTTATATTTCAATAATTTAGGGAGTCCACAATGGGATGCTTTTTGGTTATTGATTACGGAAAAGGAAACTTGGATTCCATTATATGTAATTTTCCTGATTTTATTGTATTTAAAATTTGGATGGAAAAAGACCTTAGTGGCTGGAATTTGTATTGCATTAATGATTACTTGTGCTGATCAATTTACGAATATTTTAAAAAATTATTTTCAAAGATACAGACCCTGTCATAATCCTGATATCCAAGGAATGTTTCGTGCCATAGGTTGTAAGGGAAGAGGCATGTATGGTTTTACATCTGCTCATGCATCCAATCATGTAGCAGTAGCAATTTTTGTGGGAGTCGTACTGAAAAAACATTACAAATACTTGATTTACATTTTATTATTTTGGGCAATGATGATTGCTTACAGTCGAGTATATGTTGGTGTACATTACACTGGCGATATATTCTTTGGAATGTTGATTGGCGTAGTATTTGGTATTGGATTTTTATATTTATACAATTACATTATCAAAAAATATAAATCAAAATTAGATTAAGATTTATTTACATATTTTAATGAAAAAGCTCAGATTATAGAATTAATCTGAGCTTTTTTTATGTTAAATAGAAATTGATATATTTTTAAGTTAAAGTATTACTGATTATAAATACTTAATCTTCAGAATCCTTTATTTCTTGTTGTTTTTTAAAAAAGAGTCTTCTATTTTTTCTAAAATATTTTTCGACATTAGGATTTAACTTTTCAGATTTTTCTTCACCTAATAAAAATCCCCATGGTTTTAACTCTGGTATATGATCAAAAATGATTTTACACATTGCTAAAATCGGTATCGATAAAAACATTCCCATAATACCCCATGTAAGTTCGCCAATAACTAATCCGATAATTATGATTAAAGAATTGACTTTTACTTTAGATCCTACAATTTTAGGCATGACGATATTACCATCAATGGCATGTACGATGATAAAAGCAAGCAACAAAAGTAATACTTGACTTGGTGTGGCAGTAGCCAAAGTTAATATCACCGAAATAATCAAAGAAAGGATGATCCCTACATAAGGAATAATATTAAATATACCAGTCATTAAAGCTAATACAAAACTATATTTGATTCCGATAATAGAAAATGCAATAAAACTTAATGCGAAGACAATAAGCATTTGTAAAAATAATCCAATCAAATATTGTTTAACCATATTTTGTGTCGTATAAATCACAGACAAAACATGTTTATGTTTTCGTTCATGAAAAATATAAAAAACAAAACGGATTAAATGTCTCCGATATATCAGGATAAATACGACATACAGAAAAGTAAATAATATCAGGATGGAATAGCGGGTTAAACCGCCAAGTATACGTTCGATAAAAAGAGTTCCAAAATCAAATGTTTTACTTAAATTTTCATTTAAGAAATTCATTTGCATACGCGAACTAATCCCAAAATTTTGATGTATCCATCGTTGAACAGTCTCAAATAATTCGATGACTTGTGCTTGGAAGCCAGGCCATTCATCAGAGATGTCCAATAATTGGTTAATCAATAAATAGAATACACCGACAATCATTGCACAAAATAAAGTGGTTGTCACAATACTGGATACTACACGAGGCAGAAATAAAAATCGTTCCAATAAATTACAAAATGGAACCAATAATATGGAAATTAAAAATCCTAAAATTAAAGGAATAAGGATTGTTTGCCCAATAATGGCAAACCATCCCAATAGCAATATTGAAATTAGCGTACAAGCTAACTTCACATAAAAGGGGAGTTGTATGTATTTCTGTATCATGCAGTATAACATTTAAAAAAGCACTTACAGAAGTAAGTGCTTTTTAAAGTTAATTGAAAATATCTTATTTTACAATGGTCATTTCGTCGATTAAACGTTGTGCACCAGCATATTTCTCAACTACCCATAAAATGTAGCGAGCATCTACCATAATGTTACGACAAATTTCTGGATCGTAGTTTAAGTCAGACATTGTTCCTTCCCAAACACGGTCAAAGTTTAATCCAATTAATTCTCCTTTTGCATTTAATGCTGGCGAACCAGAGTTTCCACCAGTAGTATGATTTGTTGCAATAAAGTTGATTGGTAATTTACCTGTTTCATCTTTATAATTTCCATAATCTTTAGATTCGTATAAATGAAGCATATGTTTTGGTAAATCAAATTCATAATCTCCTGGGATATACTTCTCAATTACACCATCAATATAAGTAATTGGTTCGTAACGCACAGCATCGCGTGGGTTATATCCATCCACCTTACCATAAGTTACACGTAATGTTGAATTTGCATCTGGGAAAATTTTCTTATCTGAAAAGACTTCCATTTGCCCTTTCATATAAGTACGCATCAATTTATTGATTTGTGCATTATTTGCTAAGTAATTTGGAGCAACTTTCGTGTTGTTTGCTTCTAATACTTTACGCAATTCTTTAATTAATGCATCTTCTTTAATAGCTGCAATAAATGCTTTGTCATCTTTTGCAATTTCTTGAATTTTACCTACAAATGAAGCATTGTTAACTTTTTTCGTACCATTTACTACAGAGTTTTTCAAGGCATCTTTAATAGCAGTAGCAGTCGTTTCTGGTAATAAATTTGCTGGAATCGCTTGGAAATAGTTATCAGCTAAGTCCGAAGAAATAGCAGCATCTAATTCAGCATTATAATCTTTGTGCATTCCTGCTAATTGATTCACCACACGACGTTTAGTTTCTTCGTATTGAGGTTGTCCAACAGCATTTAAAACATTGTTTAATGCCAATGCCATACGGAATGTTTCTGAATTTGATCCAAATGTTTCAGCATACACATTATACGCTAAATTATATTGCTCATTGGCTTTTACCACTTGGTTCAAGTCATTGATAATCGTTCCGTATTTTTCGTTTAATTTTTTATTTTTTTGAATTCTTTGATTGAATTCTGCTTCATATTGTTTACGTTTTTCAACGGCATTTGAACGGTTTAAACCTAAGTTTTCACCAATCCATTTCTTATGTGCATTAGAAATACGCGCTTGTTTTGAAGCGTAGGCAATACGAGTGGCATTATCTTCACGCATTTTAGCATCGATATGCGATAAAGCAATCGTACGTACTTTTATACGTGCTGGGTTAAGTACTTCTTTAATATGTTCAATTGATGAGGCAGGTAAATACTCATCTGTAGTTCCAGGAAAGCCATAAACGAAAGTAAAATCATCTTGTTTAATACCACCAATATTTACGGGTAAATAGTGTTTAGGTTTATAAGGTACGTTAGATGGCGAATATTCTGCTGGATTGTTGTTTTGATCAGCATAAATACGGAACATAGCAAAATCACCAGTATGACGTGGCCAAACCCAGTTATCGGTATCATTTCCATATTTACCAATAGCAGAAGGTGGTGCACCAACTAAACGAACATCTTTAAATGTCTGTGTTGTAAATTGATAGTATTCGTTTCCTTTATAAAAAGGTTTAATAAATGTCTCTTCGTATGCTGAAGTTTTAGTGTTTTTCGATAATTTTTCGATGTTTGCCTTAATGATTGTATTGCGCTCATCTTCTGACATCGAATCTTTAACACCTTTTAAAATGTCTTTCGTAACATTCTTTATATCAATAATAAATGTTGCTGTTAAATCTTTATTCGGCAATTCATCTTTTAACTCTTTTGCCCAAAATCCATCTGTTAAATAATCATTTTCTAATGAAGAGTGTGATTGGATTTGACCATAACCACAGTGATGATTCGTTAATAATAAACCTTGTGGAGAAATAACTTCCGATGTGCATCCACCACCAAAGTGGGCTACGGCATTATTAATACTTTTATCACCTGTACTAAAGATATCCTTAGATGAAATTTTTAATCCCATCTCTTTCATT
NZ_CP141062.1_gap54	2425868	2430462	4594	CTTGGCTTTTTATGCTATAGCTACAAAAAGTATTTTCAAAAAACAGGGTATAGAATAGAAATTAAATTTTTATAGATATAATGGGAGATTCGAAAGAATTTCCCATTTTTTTTTACAATACATTTAAATCTTAATTGATGATAAAAATATTTCTTTGTAATATCCAATTATAACTGCTTAAATAGAATAATTTTTATTTTATTGAATTATTCTTAAAAAAAAACGAATAAAAAGTATAAATGTTAAAATATAAACCTTAAAATTGTCAATAATGTAATAATTTTATATTTGCTGAACAATATCCTAACCAAATATTGTAAGAACCAACCTAAAAATCAATTTACTCCATTGCCTTTCTTTCCGTATTTTCCTATTCAAATGCACAAGTAGGAATAGGAACAGATCAACCAAAATCAACTTTACATGTTGTTAATGATGCTCAGAAATTAACTACTTTTCCAGATGGATTTATACCGCCATCGTTAACAAAACAACAATTAGCAAATAAAGAAAATTTAGTCTACGGTAAAGATCATATAGGAGCAATTGTATTTGTAAGCGAAATTGGAACGGTTACTTCAGGTAAAAGTTTAAATCAAGTCGTGAACATCAATGTTCCAGGTTATTACTATTTTGATGGAAAATTTTGGGTAAAATTATCTGGTGGAGATACTTCTGATGATGCGTGGATCAATAATTCAACATCACAAAGAGTTGAATTGTTTGCGACATCCAATGGTCAAATTAGAACCGCAGGTTCTGAAGTTGTAATAAAAGATAATGGAGCATTGGCTCTTGGTAAAAATGATCCGCGTACCAAATTGGATTTGAATGGTACGTATTCGAATAATGAATAAGTTTATGATGTAACTTCTAACACAACTATTCCTTTAATAACACAAGCTCAATTATCATTAATGGGTAATCCAGCCAGTGAATTTACAATCAATTTACCTAATGGCGTTCCAGGACAAAAATTGGTAATTGTAAATAATACAACATCTTCCAAAGATGGTAAAGTTGGACCTTATTACATTACCAATAACAACGCAGTAGAATTTATTTATAGTAATGGAAATTGGAAGGCGCTAGGTAGTGGTATCAAATCCAATGTTTCGATTTATGGAACAACATTGCCTATATTGCCTCATGCCAATAATAATTCAGAGGTTAATTATAAAAACAAAACTAATTCAACGTTAGGAATTGTATCTCCTGGTGGAGATGGAATGTGGCATGTCGTTAGTCAAGTTAATTTCAAATCCGATTTGAATTATTATTCTTCTACTGGGGTTAATGCATCGAGTAGGAAAGTGGTGGAATATGAGTATTCAGGTTCACCGTTTGATGCAACTAAAGTTTATCCTATCGTGACCCCTGGAAATAATTCCAAAGATTATGGAGATGTTTTTAGCGCGAATGTGGTTTCTTTTGAAACGGTAAATGGAAAAACCCGCTTAAAACTATCTATTGTTAGAAGTGATTACTCGAGTGATACCTCAAGTTATGCAGCACAAGGTTATCCCGTTTCAACCAGTGATTGGCAAGGAAGTTTTTATGTAAATGCATTATTAGCGACTAAAAATTAAGGAAATTAGATATAGATTAAAACCTCATCATTTATGATGAGGTTTTTTATATTTAATAAATCGCTTCAGCTACTTTTCGAGTATTGGATGAATTACTCATTGTATAGAAATGTAATCCAGGTACGCCAAAGTCAATTAACTCTTTGCATTGATTGATACACCATTCTAAACCGATTTCTTTGATTGCTTCTTTGTCTTTTGCTTTTAGGACTTCAATGGCTAAATCTTCAGGTAAGTCGATATAGAAGTTTTGTGGAATTTTAGTCAATTGATTAAATGTAGTTAATGGTTTAATTCCTGGAATAATCGGAATATGAATATCCATTTCACGGCATTTATTGACAAAATCAAAATACTTTTGATTATCGAAGAACATCTGTGTAACAATGTAGTCGGCTCCTAATTCTACTTTTTTCTTCAAGTAATACATATCCATTGCTAAATTCGGAGATTCAAAATGCTTTTCCGGATAACCTGCTACACCAATACAAAAATCCATCGCATGGGTTTCCTGAATTTCATCATCTAAGTATTTACCTTTGTTTAAAGCAGTGACTTGCTCGATTAATTCCGATGCATACGCGTGTCCACCCACTTCAGGAACAAATGTTTTTTCTGTTTTAATGGGATCTCCACGTAAAACCAAAACATTGTCAATCCCTAAGAAATTTAAATCGATTAAGGCATCTTCTGTATCTTCTTTGGTAAAGCCTCCACAAATTAAATGCGGTATCGCATCAATTTTATAATGATTCTGTATCGCCGCACAAATCGCAACCGTTCCAGGACGTTTTCTGACTTGGTAACGTTTCAATAAGCCATTGTCTTTTTGCTTATAAATAAACTCTTGTCGATGATAAGTGACATCGATAAAAGCTGGATTTAACTCTACTAATGGATCCAAAGTTTTGAAGGTGCAATTCACATCTTGCCCTTTTAAAGGAGGTAAAATTTCCACCGAAAACAAAGGTTTTCCATTGGCACGTTCTATATGTTCAGTTACTTTCATTTAATATCGTTTAACGAAAATTGAAATTCGTTTTCGTATTTTGTTTTTTAATTTTGTTCTAAGTTCTAAGTTCTAAGTTCTAAGTTCTAAGTTCTAAGTTCTAAGTTCTAAGTTTGTGGTCATTCTGAACTTGTTTAGCTACGCTGCTACTCCGTGGTCAGAATCTCATCTAGATTAACCTATTTAGATGAGAAGCAGAACTAATTTCAGCTTTATATTTCCGTCATTTCGAGTGATGCGAAAGCATTGTATCGAGAAATAAGACGGAAAAGTTATCATCCTGCACTTGTTTAGCTTCGCTGCTACTCCGTAGTCAGGATCATATTTCAATTATCGATTAATAATCGTCTAACTTCTCGATACAAATTTTCACATTGCATTTCGAAAATTCACTCGAAGTGACGATTTTGTAATTCTGACTCTGTCGAAGAATCTTGTCATAATGATTTTAAGACTGAACTCATCACTCACAACCCAAAACTCACAACTTTCTTACGCTAAATTCGGACTTAACCAACGTTCCGCTTCTTCAATTGTAATTCCTTTACGTTGTGCAAAATCTTCCACTTGATCCATTTTAATTTTACCAACTCCAAAATATTTAGCTTTAGGATTTCCAAAATAATACCCTGAAACCGAAGAAACTGGATACATAGCCAATGAACTTGTTAATTGGATGCCAGCATTATTTTCTACATCCAAAATTTTGAAAATTGTTTGTTTTTCTAAATGGTCAGGACAAGCAGGGTAACCAGGAGCAGGTCGAATTCCTTTGTATTTTTCAGCAATTAATTCCGAATTTTCTAAATTTTCTTCTGCTGCATAGCCCCAATATTTCGTTCGAACTTCTTGATGTAAAAATTCTGCGTAAGCTTCTGCTAAACGATCGGCAATGGCTTTGACTAAAATCGAATTGTAATCATCCAAATGATCCTGGAATGATTTTGCAAAATCTTCAATCTCCGTTCCAGCTGTTACCGCAAATGACCCGATATAATCTTCAATTCCTGAATCTTTCGGTGCGATAAAATCAGCAATGGATAGGTTAGGAGCATCTTTCGATTTTTTCGATTGTTGGCGTAAGGTGTAAAATTCATCTACTTTATTTCCGTTTTCGTCTGATACTTCAATGGTATCGTCATTGATTGTGTTGGCTTTAAACAAACCAAAAACCGCTTTAGGATGTGCTAAATTTTCTGATTCTATTCGATTTAACATAACCAAAGCATCAGCATATAATTCTTTTGCGTTTGTACCGACCACTTCATCTTCTAAAATGGCTGGAAATTTTCCGTGTAAATCCCACGTTTGGAAAAATGGTGTCCAATCGATGTAATCCTTTAAATCAGTAACAGTTGCTCTATGCGTAAACACACCCAATTGATTGGGTTTGAAAGGTGCATTTTCTTTAAAATCAAGTTTTAACTTATTGGCTCTCGCTTCTTCGATCGATAAATAATCTTTGGCAACTGCACGGTTCAAAAATCCTTCACGAATTTTATTGTAATCGTTTTGTGTGTCTTCTAAAAATTCCGTTTGTTGTTTTCCAATTAATTTCTGACAAACGGTAACTGAACGCGAAGCATCTAATACGTGAATCACTTTATCGTATTCAGGAGCAATCTTCACCGCTGTATGCGCTTTAGAAGTAGTTGCACCTCCAATCATTAATGGAATCTCTAAGTTTAAACGTTTTATTTCTTTGGCTACGTGCACCATTTCATCCAATGAAGGCGTAATCAAACCAGAAAGTCCAATAACATCAACGTTATGATTCTGCGCCTCTTCTAAAATTCGTTCTGGAGGAACCATTACCCCTAAATCGATAATTTCGAAACCATTACAGCTTAAAACAACCGAAACGATATTTTTACCAATATCATGAACATCACCTTTTACAGTAGCCATTAATATTTTGGCAGGTTCCTTATCGCTTTTATTTCTTAATTTTTCTTCTTCCAAAAAGGGTGTTAAATAAGCCACGGCTTTCTTCATC
NZ_CP141062.1_gap55	2469740	2471389	1649	CGGATAATTTCTCTGTAAACTCAATAGCTTTTCGTTCGCATTCCATCACATATTTTACATCTTCAGGATGCAAAAATGTCATAATTTCGATAAAAGAGTAATCATCTTTCGTATAACCTAAAATTTTCTCGAAACTGTCACTCGTAAATAGGATTTCGTTCGTTTCACAGTTATATATATAATAATAACTTGGATGAATAATCGGTTGATGATTTTCGGGTTTTTGTAAATTATTTGGATAATTTAACCAAAAATCCCAATCGGATTTTATTTTAGATGGGCTACTCATATTTATGGTACTAAGTACAACAAATGTAAAGAAAAAGTAAATGAGTATTTTATAAATGGTTAAAAATATCTATGAATCGTTGTTTAGATTTTAAACAAAAAAAAGAGGAAATTATTCCTCTTTAGTTTGTATATCTGATTGATAGTCTTCAATTAATTCGATGATTTCTGATATAATATCTTGTCCGTGATTTTCATTGTAAAAACGTTGTAAATCCTCGTGGAAATCATCTTTTGAATATTTATCCGGATCCTTTTTATATTTTGCTAAGAACTCCATTCCTTTTGCTGGACGAGGTCCAAATCGAAAAGCTTCCTCATCATTTGGTGTTACTCCAATTAAAATGGGAATAGATAAAGCACCATTCGTTTTGTAATTTTCCATTAAATCCAAGTTTTCATCTCGGAAAATAAATTTTAGTTCAACATTTAAATCTGATGCCAGATGATCAATTACAGGTACAATTTGAGAAGCATCACCACACCAACCTTCGGAAATGACTAAAAATTTGATATCAGTTTTCGTATTTTTTACACGATTACTTTCTACAGGATTGTACTTAAATGTCTTATGTACACGACGCATTCTTTGTAAATTCAATGCATAATACTGTACATAATCTTTTGGATCATCCAATTCGATTTGTTCTTCTAATTGGTCTTCAATTTTTTCTATATATTTTTCGTAAGAGTATCCGTTTTTTAGGTAATCTAATAATGTCATAATTAGTTAAATTTTGACAAAGATATACTTTTATCCTTATTTACTTTATATGTTTTGTGACATATCATGTCGTTAAAAATCTTTAAATTCGCAAGTGTAAATGCCATTTTATGTATCGTAATCCACTGAAAAAAACTGTAGAGTATTTAAAAGGTTGTGGGCCAGAACGTGCCAAAACCTTACAGGCTGAATTGGGTATCTTTCGATATGAAGATTTACTGAATCATTTTCCATTTCGTTACATCGATCGCTCGAAATATTACACGATTCGAGAAATTCGTTCTACAGCAGCTGAGATTCAGCTGAAAGGACAAATGGTTGCTATTCAAGAAATAAAACAAGGGAAAGTGAATCGCTTGGTCGCCAAATTTCAAGATGGTACAGGTACAATTGAATTAATTTGGTTTAAAGTGACCAAATGGCAACGTGAAAAATTGCAAGGCGATTTATTCAAAGAATTGGTCGTTTATGGAAAATTGAACGAATTTAATGGGCATTATAGTATTGTTCATCCTGAAATTGATACGGTAGAAGATGCAAAGAAAATTCCACAAGGTTTATTTCCGGTTTATTCAAGTACAGAAATGTTACAGAAAAAGGGTATTACCAATCGTATCCTACAAAAAATGGTAGCAGC
NZ_CP141062.1_gap56	2474962	2479391	4429	TCAGTTCAGAATAAAGTAATCGTTCACAAAATGATTGCTCACTTCTACCAAGCAAATACAGAGTATGGAACTCGTTTAATGAAGGCTACAAATACTTCTATGAACGATGTAAAACAATACTTACCAAAATAATTTCAAGTGGATTGGAGTCGATTGAGTTCGGCTCCATGACTTTCAACAAAATCAAATCATCATGAAAAAAATATTCTTATCATTAGCTTTCGCATTAACTTTTAACTTTGTTAATGCACAAGATTTATTCGTTGCAGCAAGAGCAAATAACGTTACTGAAATAGAACAATTGATTCAAAATGGTCAAGATATTAACCAAGCTAATAATAGAGGATTTACACCTTTGATTTTAGCGGTTTATAATAACAATAAAGAAGCTGTAAAATTATTATTAGAGAAAGGGGCAAATCCCAATACACAAGATTTATCTGGTAATAATGCATTGATGGGGGCAGCATTTAGGGGTTATCCAGAAATGGCTAAATTGTTAATTGAACATAAAGCAGATGTTAATCAAGTCAATTTTAATGGTGCATCATCTTTAATTTTTGCTGTAACTTTTGGTCAAAATGAAATTGCGAAAATGATAATTGAAGCTGGTGCTGATTTATCTATCAAAGATAATAGTGGTAAAACTGCTAAAGATCACGCTATCCTACAAGAGAATAACGAAATTTTAAAATTCTTAAAATAACTGAAGGTGGATAATTAATTCACCTTTTTTATTGCGCAATAAACACCGGAATATTTACTTCGTGTCTTAATTTGTTAATTGTTTCACCAAAAACAAAATCTTTTACGCCTTTATGGCCATGTGATCCTACAATCAATAGATCGGCATCGTGTTTTTTACAAATCATTGTAATTTTCTCTATTCGATTATTAAAGGCAAGCTCTACATCTGTTGGATGATGAATAGAGTTGAAATAGTCAGCATATTTTAATAACCGTTCCATATCAGATTTAGCTTCTGCGTCATTGGTTTCTTCTCCTGTATATTTAACTTGAGCATTTTCTACAACATGTACTAATACTAATTTAGTTTGTTCCTTAGAAAGTTGTTTAGCGTATTTAAGAACTTTATAATCAGAAGTAGAAAAATCTAAAGCAACGACTATTGTTTTAAACAGAATTGGTTCAGCCGATAATTTTTCGATATTTAATGCAGAATCATGAATATGATGATGGTTGAATTGTTTCTTACTGACTAAAGGATAGATGATTGTTATAGCTAAAAGGGCTAAAAGTGCAGCTGAAATTGAAATCAACAAAATAGTTATCCAAATAGAATTTAAATCAGTAATCCAATTCGACACTTCATCGTAGACCAATTTAATATTTAAGATAGAGATTATTATTGCAATTAACCAACTGCTGATTTGCAGTAAGGGTTTGATTGCGAATTCACCCATTTTCTCTTTATCACTCACAAAATGTATCAAAGGAATTACCGCAAATGCTAATTGCATACTTAATAAAACTTGAGAAAAGATTAATAATTCTCCTACCTTACTTTCCCCAGCAATTAATATGACTAAAACTGCAGGTAGAATAGCAATGCAACGTGTAAGTATGCGTCTTAGTGTAGGATTAATTCGTAAGTGTAAATAACCTTCCATCACAATTTGCCCAGCAAGTGTTCCAGTAACCGTAGAACTTTGTCCAGCCAAAATTAAAGCAATTGCAAATAGTTTTGACGCCCAAGCTGTACCTAGCATTGTTCCTAATAAATTATATGCATCTTCTAATTCTGCTACATCATTCATTCCGTTTTGATGAAAAACTGTAGCCGCTAAAATAAGAATAGCTGCATTAACTAAAAATGCTAAATTCAATGCTATTGCACTATCCCAAAAATTATATTTTAAAGCTTTGAATATAGATTTTTTGTCTCGTTTAATCTTTCTTGTTTGTACAAGAGCCGAATGCAAGTAGAGATTATGAGGCATTACAGTAGCTCCAATAATACCTATACTAATATATAAAGCAGTTTCATTTGGTAATGATGGAATAAAACCTTTGGCCACTTCATTAAAATTAGGTTGAGCAATAAACATTTCGGTTAAAAAACATAAACCAATTAATGTGATTAATCCGATAATAAATAATTCCATTTTGCGCATCCCTAATTTTTGCAGGTATAGCAATAAAAAAGTATCTAAGAAACTTATACTCACCCCATAAATTAAATCTAAACCAAATAGTAATTTTAATCCGATAGCCATTCCTAATACTTCAGCTAAATCACAGGCAGCAATAGCTATTTCGGCCAATCCATATAAAAAATAATTTACCCATTTAGGGTATGTTTCTCGATTACATTGAGCTAAATCTTTTCCTCTTACAATTCCCAATCGTGTACATAGACTTTGCAAAATCAAAGCCATAACATTACTCATTAACAAAACCCAAAGTAATGCATATCCAAATTGGCTTCCGCCTGCTAAATCTGTTGCCCAGTTACCAGGATCCATATAACCAACACTTATTAAATATGCAGGACCAAAGAAACCAAGTATTCTTTTGATAGTTGATTTCTTTTTTGTTAAGTCAACGCTTTCGTGTACGTCATCTAAAGATTTAGATTGTTGGGACATATAAAAATGTTATTAAATAACAAATTTATACAACTATATATGGAAATAAACATTAATTATCAGAAATTTTAATAGAAGTTAAATTAATGGAGGTTTGATAAAAATCAATAAATCAATTAGTTATTTTTTAGACTGATTTTTAATTAATCAATTCGATAAATAATAGACATTTCGATTGTTGATTTTTTTGAGAATACGTATATTTAGCTAAAGAAATATAATTTTCAAGAGAAAATATTTAATCGAACTAACATCTAACTTATGGCTACTCCATTTGTGATTACTCAAGAGCAACTTGAGCAAGAGAATATTGAGATTACAAGACGTTACAAAGAGATGTTGAAAAACACCTATGTAAGTTTGTCTGATGAAGATAAAAAGTTAATCCGTAAAGCGTTTGATTTAGCTGTTGAAGCACATAAAGATCAACGTCGTAAAACGGGAGAACCCTATATATATCACCCAATTGCGGTAGCGCAAATCGTTTCTGATGAAATTGGTTTGGGGGCTACATCAATTGCTGCTGCCTTGATGCATGATGTTGTAGAAGATACAGAGTATACTTTAGATGACATCGAAAAGTTATTCGGTAAAAAAATTGCTAAAATCATCGATGGTTTAACGAAGATTTCCGTTTTAAATAAACAAGATGTTTCGATTCAATCGGAGAATTATAAAAAGTTATTGTTAACCTTATCAGAAGATGTTCGTGTTATTTTAATTAAGATTGCCGATCGTCTTCATAATATGCGTACGCTTGAAAGTATGCGTGAGGATAAACAACTAAAAATTGCCTCAGAGACTATTTTTATATATGCGCCATTAGCACATCGTATGGGATTGTATAACATCAAATCTGAGTTAGAAGATTTAAGTTTAAAATACACTAAACCCGAAGATTATTATGGCATTGAGCGCAAATTGACGGAAACGAAACAAGAACGTGAAAAATACATTAATGATTTTATTTCAGCCTTAAAGGAGAAATTAGATGAGGAAGGTTTAGAATTTGAAATTAAAGGACGTTCTAAATCGATTAATTCGATATATCGTAAAATGGTAAATCAAGGAATTCCCTTTGAAGACGTCTACGATTTATTTGCTATTCGGATCATTTATCGTTCAGATCGTAAAAATGAAAAATTTTTAGCATGGAAAATCTATTCCATGGTTACCGATTTGTACATTCCTAATCCCAAACGAATGCGTGATTGGATTACACAACCCAAAACTACTGGTTATGAATCTTTACATGTAACTGTGATGGGCCCACAAGCGCGTTGGATTGAAGTACAAATTCGTTCGGAACGTATGGATGAGGTTGCTGAGATGGGGATTGCTGCCCATTATAAATACAAAGAAAATTATAGTGAAGAAGATACCAAGGTAGACGAATGGATTCACCAAGTGCGAGAGATGCTTGAGCAAGAGGATACGAAAGATGCCATCGAGTTTATGGATAATTTTAAGTTCAACTTGTATTCGAAAGAAATTTATGTCTTTACGCCTAAAGGTGATTTACATTCCCTTCCAAAAGGAGCAAGTTCATTGGATTTTGCTTATTCCATCCATTCCAATGTTGGAGATCGATGTTTGGGTGCAAAAGTCAATGGGAAATTATTTCCTTTATCATATAAGCTCCAATCAGGAGATCAAGTGGAAATTATTACATCTTCGCAACAAAAACCAAAATTAGAATGGTTGGATTATGCCATTACATCTAAAGCACGTAGTAAAATTAAAGCGTCCTTAAATTCAGATAAGCGTCGTGTAGCGGAAGATGGAAAAGAAGTATTGATCCGTAAGTTACGTCATTTAAA
NZ_CP141062.1_gap57	2489542	2492376	2834	CTTGGGCGCAGGAACGTATTATTACTGGAGAAGAATTGGCCAATCTGACGAATTTTACGAATACCTATTCTCGTGTACCTATTGTAGCAACCATAACTTGTGATTTTACGGTTTGGGATTTGCCTCAATATGATTCCGCAGGAGAAATGATGTTAAAAAATGCCAATGGTGGAGCATTATCTATGCTAACAACGAATCGTCCCATTGGAACCATTTATGGATCAGCATTCAATTCTTATTTATTGAATGAATTATTTCGTGAAAATAATCACCAAAATATTTCAACCGGTAAAGCATTAATGGAGGCGAAGAAAAATTATAATGTGACATCGTTAGATCACAGTAAGGTCAATTTATTAGGAGATCCAATGGTTGCCGTTTCGCGTCCAAAACAAGATGTTCAGATTACTCGATTCAAAGTCAATGGTGAAGAAGTTGATTTCAATTCTCATCAAATTAAAGCGTTAGATTTTATCGAAATTGAGGGTGAAGTTTTAAAACCAAATGCTCAATTGGATGAAACTTTTACAGGAAATATTCAAAATATTTTATACGAAAAGCCTGTTACAAAACCTCTACGCAATAACAAAGGTTTCGCGAATTTTACACCTTATTCTTTTACGGAAGAATTTAAAACCATATACAAAGGGACATCTAAAGTAACCGATGGGAAGTTTACCATTAAATATTATGTACCGAAAGATATCAATTATGAATTAGGTGATCGTAAATTGGTGCTTTATGCTTATAGTGAACAATCCGATGCTGTGATGCATACCAAAGTTAAAGTAGGTGGCTTGAATGAAAATGGTTTGAATGATAATGAGGTACCGCAAGGTAAACTTTACATGAACAATCTAAATTTTGCTAATGGTGGTATTACAGATCGTGATCCATATTTGATTGGGTGTTTAACAGATAATACAGGAATTAATGCTACTGGAGCTAGTATTGGGCATGATATCGTAGCGACATTGGATGGTAAAATTCAGGAAGCTTATGTGTTGAATGAATATTTTGAGTCAGGTGACAGTAATCCATGTGTCAATAAATATTACGACGATTACCAAAAAGGCCAAGTAATTTATCAATTAAAAAACCTTGAATTAGGTCAGCATCAAATAGAGATGAAATTCTGGGATATTAATAATAATTCGAATACCGCAACATTAGATTTTGTAGTTCTAGAAAATGGATCGAATGAGATACGTATTGATAAATTATTAAATTGGCCAAATCCATTTACACACAATACGTTCTTCCATTTTGAGCATAATTGTGATACTGAATTGGATGTCATGGTTCAAATTTTTACCGTATCGGGTCGATTGGTTAAAACAATACGTCAAACGGTTTCAGCAGAACCATTTCGTGAAGGTTACCGAACAGGTAAATATGCCATAGAATGGGATGGTTTAGACGATTTTGGAGACAAAATTGGAAAAGGAACTTATTTGTATAAAGTGAATGTAAAAGGAGTGAACTCAGAATTATGTAAAGGCAATGCGACAGCTATTGAACGCCTTGTGATTTTAAAATAAATGATTTTATGATGGTTAACAATAATAAAAATAAAATCACGTTACAAATATGATGTACAGATGTACTCATAACCAATGAAATACTAACCTAAATTATAGTTTTGTTAAAAAAGTTTGTTAACTTAACGAAACAATATTACAAAAGGAGTGTATATTTACAGACTTTTTTGACTTAAAAACTATAAAAAACTATACATAAGATACGAATGAAAAAGATTACAAGTAGCTTAATGGTGTTAATGTCTGTGGCGTTATTTGCTCAGGAAATCCCAAATGAACCGAATCCAATTTTAACAGGTGCACCGTTCTTAAGAATTTCACCAGACGCCCGTGCAGGATCTTTAGGAGATCAAGGGGTTGCAACATCAGCGGATAATTTTTCACAATACTGGAATGCGGCTAAATATGCATTTAGTAAAGATTATTCAGGTGTGGCATTTACATATACACCTTATATGAGTTCATTAACAAGTGATGTATTTTTGTTAAATGCGAACTATTTTACTTTCTTAGGTACAGAAGAACGCAGTACTTTAGGAGCTAGTATTTACTATTTTAATATGGGTGAAATCGAATTAAATAGTTTAAATGCTGCAACTGGACAAATTGTTAATGAAGGTTTAGCTAAGCCAAATGAATTTTCGATCGACTTATCGTATGGTTTAAAGTTAACTGATAATTATTCGATGGCCGTTACGGGTCGTTTTATTCGTTCGGATTTATTCAATGGTTTAAATGATGCGACTGTTCAACCTGCGAACACTTTTGCAGTGGACGTTGCAGGTTTCTACCAGTCTGAAACAATGAGTACGAATAATTTTGATGGTAAATTCCGTGCAGGTTTCCAAGTTTCTAACATTGGACCTAAATTGGATTATTCAAATCAAGAAGATAATTCATCATATTTACCAACAAACTTACGAATTGGAGCAGGATATGATTTTAAATTCGATGATTACAATAAAGTAGCAATTTCTACAGAGTTTTCAAAATTATTAGTTCCAACACCTCAATATGAATTTGATGAAGAAGGTAATGTACGTTACCGTTACATCCCAAATAAAGGACCTATTGATGGAATTTTTAGTTCATTTGGAGACGCTCCAGGTGGAGGGAAAGAAGAGTTAAAAGAAATTACTTATTCTATCGGAGCTGAATATTCATATAATGAAGCATTATTTATCCGTGCAGGTTATTTCCACGAAAACCAAATGAAAGGTGATCGTCAACATTTAACGTTAGGAGCTGGATTGAAATATAATTCATTTGGAATCGATTTCTCGTATTTAATTC
NZ_CP141062.1_gap58	2495166	2498049	2883	TTTTTTTATGCAATAGATTTATATTTCAAACGTTTGTATTTTATGTTTAAAAGTTATCCCTTTACAAAGCTATTTCTTGTATCGATTCTCTGCATGGTTCTGGGATGGATCTTGAATGCAATGATGTGGACAGGTTATTTTCCACATCGTTTTTTTTGATAAGACGATCTTTATTGGCTTCGGTTTGATGGTTGTCAGTTTGATCTTCGGTTCGATTAAAATAATACGAAATTTCTAAATTCTTTAAATTCCTCTTAGGGTGTTCAATTGTTTTATTTCTCCTTATTCAATTTCAACGTTTTTTTGATTTAGACTTTATTTCTATTCTATTTTATTCTATAGCATCGAGATTTTAATCTTAATTGTCGCTCTAATCATGACACTTATTGGAATATATAAATGGATGAATCATCCGAAGCGGTCGCATAAAATTGTTTTATGGATAAGTAGTATTTTATTAGGACTAATCATTTACAAACCTTTTGGTTTAATCACAGATAAAATGCTCTATGGAGATCATGTATTGTTTGCATTTAATAAGGGTGTAGCAAATTGTTCTTCATCATTTTCATTTAAAAAGAATGGAATTTATATTCAAGAATCTTTTTGTTTTGGATCAGAAAGAAAAGTGGGGAAATACACGATAAAAAATGATACAATTAATTTGGATACAACTAAAATCAAGCAATTTAAATATGGTGTAATTAATCGTAAAGATTCTATTTTAGAAATGTATTTGACTCATCCAAAAACAGCAAATGATTTTGAGAATTTAGGATGGGGTAGTATTCAAATTCAAAAGAAAATACAACAATCAATCTCTACTAAATATAAATTAAATCAATTAAACTAATACTTTAATTTAATTGATTTAAAATATTAATAATAAATTAATTGTGTAATTATTATTTAATGAGAAACTGAAACAAGTACAGCTTGACAAGCTTTAATATATATTATTATCTAAATCATTAATTAAATTATAGTTGTCATCCTAAACTTGTTTAGCTTCGCTGCTACTTCGTGGTAAGGATCTTAAGCATTATAAAACAAAAGCGACCTCATTGGGTCGCTTTTCTATTTTAATAATCTTCTAGTTTTTCAAATCGAACGGTATCGTTATTTTTTTTAAATACAAAAGAAGATGTTCGTATCGTATATTCATCAATTGGTTGGTAAGTTTCGACCACATATTGATCTTTATGTCTAAAACTTCTGATGATTTTACCAGAAAGTCGTCTTTCCATTTCTTTTCTTAAGTTTAACATGGTCGGAGAAATCAAATAATCTGGTCGATTTTCAATTCGTTTAATGATTTGATTGATTTCAACAGAGTCTAAAATAAATATTCCATTTTGTTCAACTGATTTGAAGCCAGAAATCTCATTTTCCAATACTCGAATTGGACCTTTGATTTGGAGATTCGCTTCATTAAAATCAACCAATGCATCTTCTTTGCTGTACATTTGACCTCGATAGGACAAATTTAGCAAAGGAATTGATACGATTAAGAAAACTGCTAAGCTAATTCCAACCGCAGCTTTTGGATAACCCGCCATTCGAATCCCAAAATAGATGAATGGGACTAATAATAGTATAATGATTCCCAAAAGAATCACTGCAAATCCAGCACCCATTATCCGTTAACCATCGTTAAGAATTCATCTTCCGTTAAAACGATCACTGTTCCAATTTCTTCGGCTTTTTTTAATTTACTTCCGGCTTTTTCTCCAGCAATTAAGTAATTCAAGTTTTTAGAAACGGCTGAAATGTTTTTTCCTCCGTTTGCTTCCACCATTTTTTGCGCTTCTGTTCGCGTGAATTTTGTTAACGTTCCTGTAAACAAGAAAGTCTTTCCTTCTAAAACATCGGATTGAGGTTTTTCGGCTTCTCCCATTTCAAAGTGTAATCCATATTCACGTAAACGTGCAATTAAAGCTAAATTATCTTCATCTTTAAAGTAATCCTTGATCGAAATCGCAATCTTTTCTCCAATATCTCCAACCGATACTAATTCTTCCATTGTAGCAGCCATTAGTCGGTCGATGTTTTGAAAATGTTTCACCAATTTCTTTGCAACGGTTTCACCGACGTGTCGAATTCCAATGGCATAAAGCACTTTCTCAAAAGGTTGTGCTTTTGATTTTTCTACTGAATTCACGATATTTTGAGCCGATTTTTCTGCCATACGATCCAACGGTAAAATATCTTCCTTTTGTAACGTATAGAAATCAGCGACATTATTCACTAAACCAGCTTGATGCAATAACGCAGCAGTTTCACCACCAATGCTATCAATATCCATTGCTTTGCGTGAAATAAAATGCTCTAGCTTTCCAATGATTTGAGGTTCACAACCGGTATCATTTGGACAGTAATGTTGCGCTTCACCTTCCTTACGTATTAATGCAGTTCCACAAGATGGACATTCTTTAATGAATTCAATTTCTTGTGTCCCAGGTTCGCGAACATCGGTATTAACCCCAACGATTTTTGGAATAATTTCTCCACCTTTTTCCACGTAAACCATATCACCAATTCGGATATCCAATTTCTTGATAATATCTTCATTGTGAACTGATGCACGTTTAACAATCGTTCCTGCTAAAGAGACAGGTGCTAAGTTTGCTACAGGTGTAATGGCTCCTGTACGACCCACTTGGTAATCGATGCTTAATAATTCGGTTTCCGCAGCTTCAGCTTTGAATTTATACGCCATTGCCCAACGAGGAGCTTTTGCAGTAAATCCTAATTCATCTTGTTGTGCAAATGAATTAACCTTTATTACGATTCCATCGGTTTCGTAAGGTAAATTTTTTCGTTCAACATCCCAATAATTAACGAATTCTAAAACTTCTTCTAAAGAAGTACATAATTTAGAAG
NZ_CP141062.1_gap59	2591239	2593816	2577	GTGGCGTAGGTAAAACCACAACTTCGGTTAATCTTGCTGCTTCCTTAGGAGTTTTAGAAAAAAAAGTTTTATTGATCGATGCTGATCCACAAGCAAATGCGACATCAGGATTAGGTTTTGATTTAGATGAAATAGAATGCGGAACCTATGAGGTACTCGAAAATCAAGTACCTGCAAGTGAAGCTATTTTCGAAACGGAATCTCCCAACCTTTATTTAATGCCTGCGCATTTGGATCTAGTTGCGGCAGAAATTGAAATTGTCGATTACGAAAATCGAGAGTACATGTTAAAAACTGCTCTAGCAGAAATTCGCGACCAATTTGATTATATTGTTATTGATTGTGCACCATCATTAGGATTAATCACCCTAAATGCATTAACGTCGGCTGATTCAGTCATTATCCCAATTCAATGCGAATATTTTGCCTTGGAAGGTTTAGGGAAACTGTTAAATACGGTCAAAGGAATACAGCAGCACCATAACAAAGAATTAGACATCGAAGGTTTATTATTAACCATGTATGATTCACGTTTGCGCTTATCCAATCAAGTATTGGATGAAGTCAATAATCATTTCCCACAAATGGTATTCAAAACAATTATTGCACGTAATGTACGTTTGTCAGAAGCTCCTAGCTTTGGAGAAACAATTATTCAGTACGATGCGGGGAGTAAAGGTGCCGAAAATTACCTGAATTTAGCCCGTGAATTTTTAATTAATAACAACGATACCGTTTAAAAATGGCAAAACCAATCAAAAATAATCGTTTAGGACGTGGATTATCTGCTCTTTTAAAAGATGAACCAACCATACAATCTGCCACTGATGCTGGAGCACAGAAGTTAGTGGGAAATATTATTGAGATTGAATTAGATAAAATCAAAGCTAACCCTTGGCAACCAAGAACGAACTTTGATAAAAGAAATTTAGAAGATTTAGTTACTTCAATACAAGCATTAGGGGTTATACAGCCCATCACTGTACGCAAAAAGAACGACGGCACTTACGAATTAATTTCTGGTGAACGTCGTTTTCGTGCTTCATTATTGGCTCATAAAACCACTATTCCTGCATATATTCGCTTAGCGAACGACCAAGAGATGTTGGAAATGGCATTGGTGGAAAATATTCAACGCCAAGAATTAGATGCGATAGAAATTGCATTATCTTACCAACAATTGATTGAAGAAATCAAATTAACACAGGAAGAACTAAGTAAACGTGTAGGAAAAGACCGTTCTTCGATTACCAACTATTTACGATTATTAAAATTAGACCCTATTATACAAACTGGTATTCGCGATGGTATGATATCAATGGGACATGGTCGTGCATTAATGGCAATCGAAGATATTGATGTTCAATTTGATATTTACGAACGTATTGTAAAAGATAATTTATCCGTTCGAGAGACCGAAAAATTGATTAAAGCCATAAAATCAGGTGAACAAGTTGATCCTAAAGAAAAAGAAAAAGTTGAGTTACCATCGGCATATCAAACCGCTTTGGATACGTTCCAAAAACGTTTAAATACCAATGTAAAAATTCAACGTGCTAAGAATGGAAAGGGTAAAATCATTATTGATTTTACTTCGGATGAAGAATTTGAACGATTAAGAAGTTTTTTGAATGAAAACTAAAGGATTAGCAATCGCATTTGTTCTGATGGCTCAGTTGGGGTTTTCACAACAAATTACAATGGATGAAGCAATAATTGTAGACACCATTGCAACAAAAGAGAAATTAAATTTCGAATTTATAGATAAAAGCCCTGTTCGTGCATCTTTATACTCTGCTATATTACCAGGTGCGGGTCAAATCTATAATAAAAAATGGTGGAAGGCTCCAATCGCATGGGGACTTATAGGAACAGGTATTGGTTTTACATCGTACTACAACGGATTACAAAACAAATTTAGATCCGCTTATTTGGCTGAATTAGATGGTCGAACGCATGAATATTCTGGAATATTAAATGCAGAACAATTAGCGGTTTATCAAGATGAATACAAACGAAACCGTGATTATGCTATGGCCTTGACCATTCTTGCGTATATTTTAAATATCGTCGATGCTACAGTGGATGCACACTTATTTAGCATTAAAAATGATCCCGATTTTACATTTCAACCCATCGTAATTCAGGATCAAATGTCATTTCAACCTGCAATAGGTTTAAACATCAATTTTAAATTTTAAAAAAAACACACAATGAAAGTAGGTTTAATTGGATATGGAAAAATGGGTAAAGCCATTGAAGAAATATTGGTAGAAAGAGGACATGAAGTCGTGTTGAAGATTTCTCATACTCCTACCGTTGAAGAATTAAAAGAAGTCGAAGTTGCCATCGAATTTTCTCGTCCTGAATATGCATACGACAATCTTAAAGTATTACTTGAGTCAGGTATTCAAACTATCTGTGGTACAACAGGTTGGCTAGATAAACAAGGAGAAATTAATCAAATGGCATTAGCCAATAATACTGCATTTTTATATGCTTCTAATTTTAGTTTGGGTGTAAATTTGTTTTTTGAATTAAATCAACAATTGGCCCGTATGATGAATAAATACAGAA
NZ_CP141062.1_gap60	2612094	2616626	4532	ATTTCAAAAACATAAGCTTGATTTTTTAAAGTTTTTAAAATTAACTTTGCATTAAAATACAATCGTCTTGGCAGGAATTTATATCCACATCCCTTATTGCAAGCAGAAATGCAGTTATTGTGATTTTCATTTCTCAACAAATTTGAGTTCGAAATCAACTATGGTTGAAGCAATTATCAAAGAGTTAGAAATGCGAAAAAATGAAATTTCTACACCCATTGAAACCATTTATTTTGGGGGTGGAACTCCTTCTATATTGCAATCCCATGAATTGGATGCCATCTTTTATGCACTCCATAAACAGTATGATTTATCCCAAATCAAAGAAGTAACGCTTGAAGCTAATCCCGATGATTTAACGAAAGAAAAATTAAAATTCTTTCAATCCACTCCAATTAATCGTTTCTCGATTGGAGTACAATCCTTCTTTGAAGAGGATTTAAGACTGATGAATCGAGCGCATAATGCTCAAGAAGCAGAAAATTGCATCCAAATGGCACAGGATTTTGGATTTGATAATTTAACCATTGATTTGATATATGGTTCTAATACGACCACACATGAGATGTGGCACCAAAATCTTCAAAAAGCAGTAGACTTAGGGATTAACCATATCTCATCCTATGCTTTAACAGTGGAAGAAAAAACCACATTGGATCATAAAATTGAAAAAGGTGAATGGAAACCCATTAGCGATCAACACCAGTCCGAACAATTCGATGACTTGGTTCAATTTTTAGAACGCCAAGGGTTTATTCAGTATGAAATCTCAAATTTTGGAAAACCAGGCTATTTTTCGCAACATAATTCCAACTATTGGAAAGGGGTACCATATATCGGAATTGGACCTTCAGCTCACTCATACAAAGGAAATCAAAGAGCTTGGAATGTAGCAAACAATGCCAAGTATATCCATTCAATATCCAACAATCAGTTGCCCATCGAAATCGAAAATTTATCCCTAATCGATCAATACAATGAACAGGTTATGATAGGTCTTCGTACCATTTATGGAATAGACCCAAACATTATTTTAAAACGTTATGGTTTAAAAATAAATGATTATTTTCAACACGAATTAAAAGAATTAATCAACGAAAATTTAGTGCAACAAATTGACGGTAAAATTATTTTAACCAAAGAAGCAAAATTTTTCGCCGATGGCATAGCTTCTCGCCTATTTTACGTCGATTAATTTTATAAATTTGCAGATATGAATGATAACAGACCAATTGGAGTTTTTGACTCTGGTGTAGGTGGATTAACTTTTGCAAAAGAAATTAAACGTTTATTGCCAAATGAGAGCATCATCTATTTTGGCGATACACAGCATTTACCGTATGGTGAAAAATCGAAAGAAGCCATCACTCGTTTTTCGGTTGATATTACTAATTTTCTGAAGTCCCATAATTGTAAAGCTATTTTAGTGGCTTGCAATTCGGCAACAGCAAATTCTATAGATGCCATTAAAGAGGCAGCAGGAAATGACATCATTGTGATTGATGTGATTTCACCAGTAGCGGAAAAAGTAGCTTTTGAATTACGTGAAAAAATTGGGGTCATTGCAACGAAAGCGACTATTAATTCTGGAGCATACAAACGTTCCATTCGAAGATTCAACAAACATGTGAAAGTAATCGAAATGGCAACTCCATTATTAGTCCCTGTTATTGAAGAAGGTTATGCCAATACGCCTATCTCTAAAGCTGTGTTAGAAACATATCTCAATCATAAAAAATTTGAGGATATCGATTCGATTATATTAGGTTGTACGCATTATCCATTGGTTGAAAAAGAAATCAATCAAGTCTTTGGAGGAAAAGTGAACATTATTAATTCTCCTTTAATCGTGGTCAATCATTTAATTTATTTATTGGATCGTGAAGGTAAATTAGCTTCGCCCGATCAAAAAGCAACATATGATTTCTTTTTGTCTGACTATACGGATAACTTCTTGAAAGTGTCGAAAAGATTTTTTGGAAAAGATATTCATTTAATCGAAAAAAGATTAGATCAACAACCGGCTTTATAATTGTCCGGTTTTTTTTATATAAATACATTACAAACAAATAAAACAACAAACATGAGTACGACTTATTCTGCAGAGGAATTAATTGGTTTAGAAGAAAAACATGGAGCACATAACTATCACCCTTTATCAGTGGTTTTAGAAAAAGGTGAAGGAGTTTATGTATGGGATGTCAATGGAAAACGTTATTTTGACTTTTTATCAGCATATTCCGCTGTAAACCAAGGACATTCTCATCCACGAATCATCAGCAAATTAAAAGAACAAGCGGATAAATTAACCTTAACTTCTCGTGCATTTTACAATGCTGAATTGGGAATTTATGAGAAATTTGTAACTGAATTATTCGGTTATGATAAAATTTTACCGATGAATACCGGAGCAGAAGCAGTAGAAACGGCTTTAAAAATTGCACGTAAATGGGGGTATGAGAAAAAAGGAATTCCAGCGGGAGAAGGAATCATTGTGGTATGTAAAGATAATTTCCATGGACGTACAACAACCATTATTTCTTTTTCCAATGATGAAGATGCCCGAAAACATTTCGATCCTTATACTTCTGGCTTTATCGCCGTTGAATACAGTAATGCAGAAGATTTTAGAAAAGTTGTTGCTGAAAATGCTGCAAATATTTGTGCATTCTTAGTTGAACCGATCCAAGGAGAAGCAGGAGTAAATGTTCCGGCGGAAGGTTATTTAAAAGCATGTTACGAAATCTGTCAAGAAAATAATATTCTATTTATCGCTGATGAAATTCAAACAGGTATTGCTCGTACAGGGAAAATGTTAGCCATCGACCATGAAAACATTAAGGCAGATATGTTAATCTTAGGAAAAGCATTATCAGGTGGAGCGTATCCAGTTTCAGGAGTATTAACTCGAAATGAGGTGATGGATGTGATTCACCCTGGACAACACGGATCAACATATGGTGGAAATCCATTAGCATGTGCAGTCGCACGTGAAGCCTTACAAGTTGTTTTAGATGAAAAATTAGCAGATAATGCTGAAAAATTAGGACAAATCTTCAGAAACGAAATCAATAAAATGATTGAAGAATTCCCTATTTTCAAAGCAGTTCGTGGAAAAGGTTTATTAAATGCAATTTTAATCAACGATACACCTGAATCAGACACTGCTTGGAATTTCTGTGTAAAAATGATGGAAAATGGTTTATTAGCAAAACCTACTCATGGTAACATCATTCGTTTTGCTCCACCTTTAGTGATGAATGAAGAACAATTAATGGAATGCATTGCCATCATTCGTAAAACAGCTCATGAATTTTAATTGATATTATAATAAAATCTTAATCCTGAAGTTTAACCTTCAGGATTTTTTTATTTATGTCAATTGCTATTACCATCTCTAAAAAGTATAAAAAAGCGCAAAAAGCATCCATTCTTTGGATCATCATCTTTTTTATCACCATGTTTATTTCAATCGTATTGTCACTCGTTATTTTTGGAATTTGTGGCTATTTAGCCTATCGCTTATTAGTTCTCTTCCGCTTGGGGTGGATCGCGTTGGTTGGAGCTGTTGGATTAATTCTTACAGGAGGATTAATTGTCTTTTTTAATCTTAAATTTATTTTACATTTTTTTCAAAACCATGAACCCCAAGGCATTGAAACGAATTCGTCGGATGAACCTGAATTATTTCAGTTGATTGAAGAAACAGTACGTGAAATGAACATTAAATTTCCGAATAAAGTTTACTTTATTGAAGATATCAATGCCTCGGTTTATTATTCCAATAATGTTCGAAGTTTATTCATACCGACACCAAAAAATTTAAATATTGGCATCGGTTTAATGCATATGTTGACCAAACAAGAATTAAAAGGAATTTTAGCCCACGAGTTTGGACATTTTTCACAAAAATCAATGGCTATTGGTAACTATGTAGGCAACATCAACCGTTCAATCCATCAAGTCCTTTACAAGGAAAATTCAATCCACGAAACGGTAGAAGATATCGCTCGATGGAATGCCATCATTTCATTCATATGTAAAGGTGCCATATTATATACACAAATGATGAGCTTTTTTCTGAAGCAAATCTATCAACAACTAGAAATACAAAATTTAGCTTTATCGCGAGAAATGGAATTCAATGCTGATGAGATAGCAGCTACAATCGTTGGTTATGAAACGTATGAAAGACCATTAACTCGAAGTCGATTTTATGATGAATGTTGGAATGATACTAAAAATTTTTATGCCATACATATCGATGAACATTTCTATACCAAAAACATTTACACCAATTTTAATCAGGTCGTAGAATACCGTATCCAATCCTATAACTATAAAACTTACAAAGGATTAGCTGACCTTTCAAACAATGATAACCCTTATGATGATTTACGCATTGAATATGAAAATTTATGGTCATCCCATCCCGAAATCAAAGAACGTTTAGAAAACATCAAACGATTAGGAATGGTGTCTCCAATTGATCAAACGACTAAAGCGACAACCATCATCAAAAATTTAGACTA
NZ_CP141062.1_gap61	2624573	2628404	3831	CGTCCATTTTCAACGATACCATCATGTCCGTAAATAGAATATGGATCCAACGCAACATCTGGCATAATAATCATCTCTGGACAAGCATCTTTAATCGCTTTGATTGTATTTTGCATTAATCCATTCGGATTCCAAGCTTCTTTTCCTGTATTATCTTTTAAACTGTCACTTACTTTACAATATAAGTTCACCGATTTAATTCCTAAGTCCCAAGCTTCTTTAGCTTCTTTTACCACATTTTCTAACGAATTTCTATAAATTCCTGGCATCGATGGAATCTCAACGCGAACGTCTTTTCCTTCAGCAATAAATAATGGTAAAATAAAATCATTCGTTGATAAATGATTTTCACGAATCATACTACGAATAGATTCGTTTTGACGAAGTCTTCTATGTCTATTATGAATGAACATTTTTTTATTCTTAGATTTAAGACAAAGTTACTCAATTTCGAATGGAGTTGAGCAATGAATAATATCAATAATATTTATGATTTCATTTACTTTATTGAAAAATCATCTAACCCTGCATTAAGAAACTAAATCGGCCAATGTTGCCCCAATTGCACTTTGTAAATCTTCAGGTGAAATAACCAATTGCACGCCTTTTTTTCCTGCACTGATGATGATCTGTTCTTCTAATGATGCCATTTCTTCAAGATAAGTCGGAAATGGTTTCTTCATGCCAATCGGTGAACATCCCCCTCGAATATATCCCGTCGTCGGCAATAAATCTTTCATTGGCAACATCTCACAATTTTTATTTCCAGAGGCCTTCGCGATTTTCTTTAAATCTAAATGAGCATCACTCGGTATTACCGCCACCAAAAAAGGATCTTTTTGACCTTTCAGTACTAAGGTTTTATAAATCATTTCTGGACGTACACCAATGGCATTGGCAACATCCAAAGCAGTTTGATGTTCTCCCACAACTTCATATGTACGTAATTCGAAAGGTATTTTAGCTGCTTCTAAAACTCGGGCAGCATTGGTTTTGGTTATTTTAGTTTTGTCCATTCAGGTATAGATTTGAAAACAACTGTTGAATCTCGTTACAAATTTATGAAGTGAATTTGTGAAACAAAAGATTAAAAAATATCTTTGCACCATGCGAATAGATATTATCACGGTTTTACCTGAATTATTAATAAGTCCTTTCTCGGCTTCGATCATGAAGCGCGCACAAGATAAAGGTTTAGTTGAAATTCATGTACATGATTTAAGAGAATACGGAAAAGGAAAATACCGTCACGTGGATGATTACCCTTATGGAGGTACTTCTGGAATGGTCATCATGTGTGAGCCTTTAGATCAAATGATTTCTAAATTAAAAGAAGAAAATGATTACGCCGAAATCATTTATTTAACACCTGATGGAGAAACCTTAAACCAAGCCATGGTCAATGATTTATCGTTAGGGGGCAACTTAATGATGATTTGTGGACATTACAAGGGAATTGACCAACGTATTCGCGACATGCACGTAACGAAAGAAGTATCCATTGGCGATTATGTCCTTTCGGGAGGTGAATTTGGAGCCATTATTTTAGCCGATGCTATTATTCGTTTAATTCCAGGGGTCATTGGAGATGAAACATCAGCATTATCCGATTCATTTCAAGACAATTTATTAGCACCTCCTGTTTATACACGACCATCCGATTATAAAGGACACAAAGTACCCGAAGTACTATTATCGGGAAACTTTCCGAAAATTGAAGAATGGTTACACGATCAAGCCGTAGAACGCACCAAAGCAAGACGTCCCGATTTATTAAAAAAGAAATAAAAGACAAAGCTCCCAAAGTGGGAGCTTTTTTTTATCTTAGAACCAATCCATTCCAATATGAAAGCAATTGTTATTGGCGCTACAGGTGCCACCGGAAAATATCTGGTCCAAGAATTAATCCATGATCATCAATTTGAGGAAGTGACGGTCTTTGTAAGACGTACATCCTTTGCACCTCATCCACAATTAAAGGAAGTGGTGGTCGATTTCAATCAATTAGAAAAGTATAAAGCATCCGTTTCTACTGATGTTGCGTTTTCATGTTTAGGCACAACTTTAAAAGATGCAGGATCGAAACAGGCACAATGGAAAGTGGATTATGAGTATCAATACGAATTCGCAAAGCTTTGTGCAGCTCAAAATATCAAAACATTTGTGCTGTTATCTGCTGTGGGAGCCTCTCCTACTTCATCCCTATTCTACAGTCGTATGAAAGGTGAATTGGAGGTCGCGATTCAACCATTCAATTTTGAAAAGTTATTAATTTTTAGACCAGCCAGTTTAAAACGTCCGCAATCCAATCGTCTCGGCGAAAAGGTCATGACGGCACTTGTAGGTGGTTTAAATGCAGTGGGCTTATTTAAAAATTACCACGTGATTCACGTCAACGATTTGGCAAAAGCTTTAATCAATGGTGCAAAAAAATACGATAAGGGAACGCATTTTATAGAAGTTAAAACGATTTTAAAATTATTCCATGAAATATAAAATAATCCTTATTCTACCTTTCCTTTTCTTTGCATGTCATCAATCGTCATCATCAGAAACAAAAAAAGATTCGGATATCGAAGAACCTAATAATGTAGAAGCCCTGTTTATCGAACCGAATTCCAATACCATTTTGGAATGCTTTAAACCCGAAAAAGGTTTTGAACGTGAAAATTATACGGATACAGAATTTGGCCATTTTCTTCAACAGTTACCTTTAAAAGCTGTAGAGGAAAAGGTTCGTTATTTTGATGGCAACATTAAAGATAAACCTGATGTGTACAACAGTGTAATCAATTTGCCGATTGGAACCAAAGATTTACATCAATGTGCCGATGCCACTATGCGATTACGTGCCGATTATCTATACCAACAAAAGAGATATAATGACATCGCGTTTAACTTTGCGTCAGATGGTCTACCTCGAGATTACGTCAGTTATGCCAACGGGGATAATTCTCCCGAAAAATATTGGAGTTATTTAGAGTATATTTTTAGTTACGCCAATACAGCTTCTTTAAAAGCACAATTACGAACGATTCATTACACCGAAGTAAAAATTGGAGATCTATTGATTCAAAAGGGAAATCCTTATGGCCATGCTGTTATGGTTGTGGATCTCATTACGGATGGATCCAATAAAAAAGTATTGTTGGCTCAAAGTTATATGCCGGCACAGGAGCTCCAAATTTTAATCAATCCCATGAGTTCCAATGGTTCACCTTGGTATGAAGTGAATGCTGGAGATATCATTACGCCTGAATGGCATTTTACCAACGAAGATTGGAAAACTTGGGAGTAAATTTGTATTTTAAACCTTAATTTTGCCAAAATTTGTACATGCATGAATCCACAAGAAGGAACGCGATATTTAGAAGAAGTTTTAGCCATACAGCAATCCAATAAACCCATTGTTTCTAAGTATTTAGACTTGAAACGCGTGATTGAAAATTTAGCCTTTGAACTTACCAAAAACGAAGCGCTTCAATTCTCCAATCTGTTTTCTAAACTATCATTCATTTGTAATACTTACAAGGTATCCACAAAGATTCATGCCTTTCGTGCGACAGCGAAAAAAGTTGAAAATCATCGTTATCAACCAGAAGAACTCGAATATTATACCCACTTAAAATATGTAGCGGAGTTTATTGCTTCCCTATATGGAGTCTTGACTCCAGCCGAATTGATGTATTTCTTTCCGGCCAAAGACTATTATTCGAATAAGTTCATCATCAAAGAACGCATTAAAAAAATGCGTGTACAAATCATTGAAATCAAAACCGATTGTTTGATTTGTGATTATGAAGAGGTGGAAGACGGTGAGCCTATTCTTGT
NZ_CP141062.1_gap62	2637247	2641681	4434	TTTCTCATAAGTCATTCAAAATAAATACCATTTAGAAATTCTTAAGCCTTTTTCGTCTTAAATAAACAAAATCATGGCTATAATGATAAAAATACTCCCATTAAAATGTCCGAAATTTGCAAAAAAAATTACCTATTTATGCAAAATACGTCAAGCAATAAACTTTGGAATCGTAATTTCTTCAACGTCTGCTTTAGTTCATTCTTTATTTTTACCAATTTTTATTTATTAGCCGCAACAATGCCGATTTATGTAAAAAGGGATTTAAGTGGTAGCGCGACGCATATTAGTTTAATCATTTCATTGTATATCTTAGGAACAGTGTTGTTACGACCATTTTCAGGTCGTTGTACTGATCGTTTCGGTAAACGAAAAATGTCAATCGCTTTTTTACTTTTATTTATCGGATGTAACTTGGCTTATTTTGGTACTGATGCTATTGTACCTTTATTAATTGTACGCTTTATTAATGGATTTGGATTTGCGGTTACTACCACTTCTACAGCGGCTTTAGCAATGGATTGGATTCCGAAATCGAGAAAAGGAGAAGGGATTGGTTATTTTAGTCTTTTTATGAGTTTGGCAATGGTGATTGGTCCTGCATTGGGATTATTCCTTACAAATAATTTCGAGTATCAAGTGGTGTTAAGATTTGCTTTGGGATTTGCCATTTTAGCCTTAGTTTTTAGTTTCTTTACGACTGAAATTTCAACTCAACTGGAAAAAAGTCAACAGCGAACAGTTTATACAGGTTGGGATAAATATATTGAACGAAAATCATTACCATTTTCATTTGCTGGTTTTCTTCTTGCATTAGCCTATAGTTCTTTATTATCTTATGTTGCACTTTATACGATTGAACTAGGGTATCCACAAGCATCCATGTTCTTTTTTATTGTTCTAGCTTTTCTAATTATCATACCTAGACCTTACGTCGGTAAATTATTTGATCGTAAAGGAGCAAATGCTTTGGTGTATCCAGGTACCATTATATTAGTCATTGGATTAATCGGACTTGCTTTATCATTTAACCTTTGGACCATATTAATTTCAGCAGGAATAATCGGATTAGGGTATGGAGCTATTTTTCCAGCATATCAAACATTAAGTGTTTCTGCAGCTAGTCCACAAAGAGCAGGTACGGCATCGGCAACATTTTTTTTATTGTATGATATCGGGATTGGGATTGGATCTTTTGTCCTAGGAATTATTGCATCTATAATTGGATACTCCAATATGTATTTGACTGCTTCTGGGATAGCCATCATAAGTTTAATGACTTATATTATAATCAACAAGAAGATGTATCGTAAAAAAAATGAAGTCAAATAAAAATAACTTACATCATGCAAATGATAAGCTAATGTAAGTTATAGATTGGTTAATTAATTCTTTCATGATAAAAGTATATCACAAATGTATAATTATTATGAGAAGTTTTTATTTATTAAATGTTTAATTTCAATCAGTTAACACTTTTAACATTTATTCCGAATCATAATCCAAACTGAATGTTTTAATAGGAATTAAATTTCAATTATTTTTACTTCGATTTACTTAATTACAATGGAAAATTTAACCAATACAGATACTGTTTTTAAAACCTATTTTGATCAAACGCTAGAACGTTGTGGATTTAATGAAGAAATGCAAAAAGGAATCATTTTCTTTCTTGGAGCAAGTATCATAAGTTCGAATACAGATCAAGTAATTGTGCGATTTAAAGAAGGAGAAAGAATTAATGAAGAATTGCATAGCATCATCCGATTGTATGCAAAACCGAACGAAGCATATGACCCTTTTAATGCCATCGAAACGACTCCAATCTCTTCAGCGATTTTGACATACAATCATATTGTTTTACATCAATTTTTAGGTCAACAAAATAAGATTGCAGAATACGTTACAGATCATTTGGATAAAACCAGCATTATTACAGATGCTAATTTGATTGAAGATTGGGCTAAAGATTTTGAAAATAAAACCTATACTTTAGCGAATTGTCATGATTTAAATAAACGTTTTTTTGAATACATTGGGCAATATTTAAAGGCATTGCAATTGAATCATACACAATGTTATGTGGCGGGGATCAATTTTTATCAAAAATATCAACAGATTGATTTTGAAGGAACTAACTTTTTAAATCTTACTATTCTTGATTCATTATCTCCTCTTTTCAAAACATTATTCACGTATCCTTATTTGTTCTCGTACCATCCACAAGAATTAAATGCGAACCATCTATTCAGTTCCATTTTACAATTCTTCTACCGTGAAGCCAATACGGATATTGCTAAATATGTGCATCAATACCATAATCACTTATTTTACAAACCTGGTACTCGAAACTTACGCAAAGAATGGAATTTTGAGAAGGAAAAGCGTGGGATTATTCTATCACAAATTATGCATAATGCCATGAATATTCGCAAGACTATTATTGGGAATTATCGTACGCATTTTTTGCAATCGGATAATTATGCCATGAAAGAATTGAAAGATCAAACTGTGACAAGAGAAGATTTTAAAGCTTCTATTTCTCATTTAATTGAAACTTACTATCATTTTAAAATGGATGAAGTGATCGAGAACTATATTCATGCCGAATACTTGCAAGTATGTGCGATCTTATATTATGAAACAGCTGTACATGCGATGTTATTAAAAGAATTTAAAACAAAATAAAATCATGAAACCTTATTTATAAGGCTTTTTTTATGATGAAGAAAATATACACCTACATTTATCAAATCCTATTTATTCTTCCATTCATTTTGTTACTCATTATATCAGGTAATGATCAGATGGAAGTATTTCCAAAAATATTATTCATAAGCATCATTGGTGTATTACTAATGGTAGGCATTACGCAACGTCAATTTTATGCCATTGCATGGGAAAAAGACGAATTTAAGACCATACCATTTGTGGTCATAGGTACGATTTGTACGTATAGTCTACAATATTATTTTTCCATAAATCCTATTCTTTCGGCAGGAATCGTTGGATTTACATCCACTTTAATTCCACCTTTAAATAAATATGCCATCCCCATTTACTGCGGTGCATTTGTAGGAATGACCAATCCATCGCTTTCTTTACCGTTATGGTTGATGAGTTTGAATGGCTTAATGGCTGGAATTTTATTTTGTTTTGGAAAAAACTTTTATGGTGGTATTGGTGGTAAATTAGGAACAATTGCCTTTGCCGCTGTATTATTTGGAATTTTAATGTATAAAGCTTTTTTAAATGGATATTTTAATTAAACTGATCGTATGCTATGGAGTCTATCGATTGACGTTTTTTTTGCACCATCAAAAAAAATGGGGAGCCGTGAAAGCCTCTTCTACATTAGCACTCATTATTGGAGTAATTTATCAAATCTTGATTGAAAATGATGGAACTATTGATCAAAAGAAGCATTATTTTTTAATCGCTATGGGCGCTACCTTCATGGGAATGTTATCGAATATTCATCAACACCAACGAATCGATTTTATCATTTCTACGTTTATTTTTATTGCCCTTTATTCCAATACCTCACACTACTTTGATGGTTTAGGTGGTCTATTGGGAACGATTGCATGCATATCATTACTTTGCGTATTTGGCATTGAACGAATTCTTAAAAAGCTTTAATTCAATTTTATATTTGAACCATTGATTATTACGAATCCATTACAAGTATGTCTCGTAAACAAAACATTCAGGCTTGAAAATATTAATTTCTTAAATGAATTTAAGAAGAACACCAAAAAATCCATTGGTCAGTAGAAAAGATATGATAGGTCTCAAAACAACCCATTTTAAAGTAAACCAAAAGTTTCAATCAGATTTAATTTCCAACTTTCAGACTGAAAGTTACTATACTATACGAAAAATCTTTCGAGAGAATGAAATCTTATTCAAATTTCAAGTGGTAGAATCTCTTGTTTGGGTTGATCAATGGAGAAATTCCTCGGTTAAATTTTAAGGGCTTTTACGATTCAAACCAATCAAAAAGGATTATATTAAATAAAAAAAGCACCTCTTTAAAAGAGGTGCTTTTAATTTATAAATGAAGCAATTATTTCCATCCTCCACCAACAGAGCGGTATAATTCTACTACAGAATTCAGCTTTGTTAGTTTCGCATTAATCGCATTTAATTCAGCATTTAAAGCCGCTTCACGAGCCGTAATTACTTCTAAATAATTGGTCATCCCATAATTTAATAATTCTTCTGAATATTCAATCGACTGATTGTACAATGCAGCTTCTTTATCTTTTAATGGAATTTTTTCATCTGCCGCCTGATAACGCGCTAAAGCATCAGAAACTTCTTTACTTGCTGTAAGAATGGTTTTCTTATAGGCTAATAATGCTTTTTCTTCATTAGCTAAAGCCACTTCTTTCGCCGTTTTGATTTGACGTCTTTGTAAGATTGGCTGAG
NZ_CP141062.1_gap63	2681367	2686353	4986	CTTGGGTAATAGATGCTATTCCTTTGATAAAAACATATTCATACTTCGAATTATTGATAAAATACAATTCGACTTCAGGATCTTTTTCTATATCCTTGTTTTTATCGCTTGTAACATCACTCAAGAACCATAGATTTCCATTTTCGTCTACTTCTTGTAGCGCCATCGGACGACTATTGGTTTCTGCTTTGACATTGGTACTAAAAAAGCACGTTCCTGCATTTTCTGCAATTGATTTGATTTTTTCAATAGCTGAATTTCCAGCTAAGTCTTCTGTTGGTGAAATACTTTTTCCCATAATTGTTTTTGTTGGTTATGGTTCAAGCAACGCAACAACTATTCCTCACTGTATCTTCAGACGATAAATATTTGTTAAACAACCAATATCCTTATTCCTTGTCTGTGCTGCGAAAAGGCATTTCTTGCAATTGTAAACTGCTGTCCAGAATGTATTTTTCCAATTCAAGAATTTGTTTCAACGACGCATAATCCACTTTATCGGGATCATCGGTTGGACGATGATAATCTGGATGTCCGCCCGTATGGAAAAAGAGCACGGGAATATTTACTTCATAAAAAGACGTTTGATCCGAACCACCTCGCCCTTCATAACCGGTGTAATGCTTGACAAACTTGGAAGGATCGATTGTTGCAAAAATCTTTTCAAATTGAGGTGAAGTACCATATCCAATAATGGACACGCCATTTTCCTTATTTAATCGTCCAATCATATCCATGTTCAACATCCAATGAATCGTCGATAAGTCCACTGTTGGATGCTGTACAAAATGACGAGAACCGAGTAAACCTAATTCTTCAGCACCAAATGCAATAAACAAAAAATTGTAATTTTCTGTCGTAGAATTTGTAGCATAAACTCGTGCCAATTCCAATAAACCCGCCACTCCAGAAGCGTTGTCATCGGCTCCGTTATGAATCATTCCCACACTATTTTCAGCCAAAGAACTGCCTTGTCTCCCTTCCCCAATGTGATCATAATGTGCCCCGATAACAATCGTTTTCCCTGCTCCATTATCTAACCATCCTATGACATTACGGGCTGTCCGGATACTGTCCGGTACTATCACTCGTTTCACTCGCGCTTGAAACTCTTGGTAATAACCATCTGTACCCAATGGTTTTAGACCATATCGCTTAAAATGTTTAGCAATGTATTGCGCAGCCTTTTCATTCTCTTTACTTCCTGTCCCACGACCTTTCATTTGATCATTCGCTAATGCATAGACGTGTTTCTTTAATGTTTTTTCCTTGAATTGTTGCGCATACAGCCCTCCCCAAGACCATATTGTTATTCCTATTGCTAGTATTGTTCTCATTACTCAAAAATACAGCATTTCGGTCAAGCTTTTGATTAATTATAAATTGAATAAAATATCTCAAAACTGCTGAAGATTAATCAAATTTATAATTATCACTAATTCAATGCATAACCATGGAAAAGAAATCACGGTTTACTAGAAGATCATTTCTAAAACTACTGGAGTTTTAACCCTTTTTTCCACCTTACCAACATCGGTGAAAGCTTTTTACGAGGAAGTAAAAAAATTATTGTACCCCAAAAGAAAGTCCATCCAATAACAATCAATATTAATCAGCAACCCCTTTCGATCCCAGCAGACACCCAAGCTAGCTTGTTGGATGTTTTGCGTGAGCAATTGCATCTAACGGGCACTAAAAAAGGATGTGATCATGAGCAATGTGGAGCTTGTACGGTGCATATTGATGGACAAACAGCCTTGAGTAGTTTGACGATAGCCCATATGGTAACCGATAAAAAAATTACCACCATCGAAGGACTCGCTATGGGTGAGCAAATACATCCGATGCAAGAAGGTTTTATTGCGTGAGATGGATTCCAATGCGGCGATTGTTCCCTGGACAGATTATGTCGGCGATTGTGTGTGTGTAAACAAAGGAAAAAACAAATCTGAACAGCAAATCAAAGAATTTACGAATGGTAATTTATGCCGTTGTGGTGCTTACAATGGAATTGTTGAATCGATTGAAAAGTTGCAAACATATGAGACCTTTACAAATTAAACATCCAAAAAAAATTGCAGAAGCCTTGCGTTTAAAAAACTCAAGAGTTCACTTTATTGCTAGCGGAACCAATCAATTGGATTTTATGAAAAAGCACATCGCACAACCTGAAACATTTATTGACCTTCAACATGCTTTATCGACGGATATCAAAGAAGAAAAAAAGCATATTGTCATTGGTGCAAATGTTAAGAATGCGACTCTAGGCGGACATTCCCTTATTTTACAGCATGTTCCACTTGTTGCAGAAGCGGTATTAGCAGGCACATCACAACAAATTCGAAATATAGCCTCTACTGCAGGAAATTTAATGCAACGCACCAGCTGTGTTTATTTTTATGATCCGAATACACCTTGTAAAAAAAGAGCACCACAAGCGGGTGCAGTGCTTTGAAAGGCGAAAATCGTATGAGTGCCATTGTCGGTTATAATTCGAATTGTGTAGCGACACATCCATCTGATCTTTGCATTGCATTAGTGGCCTTGGATGCTAAGGTATATCCTACCTCAAGCCGTCAATCTAAAATTGAAATCCCGTTTAAAGATTACCATAAACTACCTGTTAAAACTCCGTGGTTGGATCATATTTTACCCACGGATGCCCTTGTGAAGCACATTGAAATTCCAAAAGAAAATCTTCAACACCACTATGCGTATGTCAAATTACGAGACCGAACATCTTATGCATTTGCATTGGTTTCAGTTGCTGCAGCGTTTCAATTGAATGGCGATCAGATGAAAAATGTTCGCTTAGCGTCTGGTGGCGTTGCCCATAAACCGTGGCGATGGTTGGAAGCAGAGCAATACTTAAACGGAAAAGTCCCTACGCGATCAAATTTTATACAAGCTGCTGAAATTATTACATAAGATATTCAACCCTTGTCGCAAAACGCCTACAAAATTGATTTGTTAAAAGGCGCTGTTCTTGTGGCGTTAGAAAATGCTTTAAATCCTAACTCAAAATCAAACTAACTATGGCTTTTTTGATGAAACAACAGTTGAACGAACTTCAAATGAAGGACGTGTTGAAGGCTTTGCGAAAGTCACTGGAAAAGGAAAATATGGTTTGCCTTGGTCTAGTCATTTTATTGCAGAAGCGCTCTCGATGGGAGCTGAAAAAATTGGATGGCACCATCGAAAACCCCAACCTCAATCCCTATTATCAGGAGATTGGCAAATAGGTTATGGAATGGCGGTTGGCATGTGGCATGCTGGTCGTCAACAAGCCAATGCAAATTTAACGTTGACGCCTCAAGGCGATTTAATACTCCGCACCGCCATGACTGATATTGGAACAGGAACGGCGATGGTGAATGTGATGCATGAATTGACTGAATTTCCGAAACACCGCATCAAAGTAGAATTGGGTCATTTGGATTTACCTCTTGCTCGAAATCAAGGAGGTAGTACAGGCTTAGCATCTATTGTTGGAGCCGTGCATTTGTTAGGGGAAGACTTTAAAAAAGCTCTATTTGATTATGCCCAAAAGACCAACCCTTCGCTACAAGCGAAAGTTACGGAAACGATTCAAATTGACGATCAACATGTGGTGATTGGTCAAACGTCGATTCTTTTACCCACACTGTTTAAAAAAATCAGCTTCAAAAATTGAAATGGAAGCAACTGCTGGACCAGGAAATGAACGAGAAAAATGGGCATTTACGGTTTCTGCTACACATTTCTGTAAGCTTAAAGTTCACCGTTTTACGGGTTATGTCGTTATTGATCAAATGGTTGCGGTTGTTGATAGATGCCGTATAATTAACCCTAAAGCTGCTGAAAATCAAATCATCGGTGCACATTTAGTGGAATTGGGATGGCCCTTTTAGAAGAACAGCAGGTGGATGCACAATTGGGAACTTTGGTCGGATATCATTTTGCTGTGAATGCCGATGGTCCAAAAAATGACGTGGCTTTTATTGATCAACCCGATCCTCATATCAATCAAAATGGAGCCAAAGGAATTGGTGAAGTAGGCATTATTGGAACAGAACCTGCCATTGCCAATACCATTTATAACGCTACTGGAAAAAGAATTCGAAGTTTACCGATTACGGCAGATAAAATATTACGTTAGTGAATTATACCAAACGACTTATTTTTTTAGTATAAGTCGTTTGTTTTTTTTCAGTGCAAATCGATTTTAAAGAATCAAATATCTGTATGATGTGATTTTTGTAAGGTTTGTATCATTATAAAAAAAACATTTCTATTTTTGCACCTCTATCTATCGACAATACTAAATGAGCATTTTTAAGCGCTACATCTTATTTTTAATATTAGGTATTACACTCTTTTCTGAAGGATTAGATTGGAATATCCCATTTGTCGATAAATCTAAAGCCAAAGATAAATTAACTCAAATAGACAAAGTACAAGAATTAAATTCTTATATACTTCGTCTCAATAAAACTAGAAACTCCAAACAAAATGAAGTAAGATCAATTAATAGTAAAGACTATACATTTGATTTTACGAACACTATCTTTCATTACTACGAAATTTGTAGCATAATACCGCTATTTATTACCCATAAGGTAAGATCCTACCTGCATCTTCTTCAATTATACTGAAAAATAATTTAATACCAATTTAGACCTCATCTCTTTATTGATAATAAATTATTTAATATATGAATTCTAAACATCTTATGGTATGCTTAGCAGCATCACTATTGGCTTTTTCCTGCAAAAAAACGGATGAAGTAAAGCAAGAAGAATCCAAATCATTGCCGGTATTCACAGTAAACAAAAAGGATACATTAGTAACCCATAGTTATGTAACAGATATCCAAGCCAAAAAGAATATCGAAATTCGTTCACGAATGACAGGTTTAATCCAATCGATTAACGTGAATGAAGGACAATTCGTAAAAAAAGGGCAATTGTTGTTTAAAATTAACGATGCCGAATTACAAATGGAACT
NZ_CP141062.1_gap64	2690188	2693855	3667	CAGGTGGAATGTTAATCGGTACTATCTTCGGATTGGTCATTATTCCTGGATTATACATCTTCTTCGCTAAATTAGAAAACAGAAAAAATGAAGCATAATATCTTTCCAAAAACAATAGCTTTAGGTGTATTCGCATTTGCTCTAGCAAGTTGTAAAACACCTCAAGTCGCGCAAATAAAACAAGTGGATGCTATTCCACCATTGGAAGCTCTTGAAGAAAATCCTGGGGCGATGTTTACTACTTTGAACCTTAGAACGTATTTCAACGATCCTGATTTGATTCGATTATTCGATCAAGTAGTCGTTGCAAATCCTGATATTTTAATTGCCCAACAACGTGTGGAAATGGCGAATAGCTATTTACAACGCGCTAAAATGGAATTGTTACCTTCTTTAGAAGTTGGAGTAATTGCATCGGGAACACGTTACGGAAAATATACGATTGATGGTGTAGGGAATTACGACACCAATTTATCTTCAAATATTACTGAAGAACAAAAAATTAACCGAGATTTCTCTCCTAATTATTGGGCAGGTGCAAGATCGAGCTGGGAATTGGATTCTTGGGGGAAATTAAAAAATCAACGTGAAGCAGCTCAGAAAAGATTTTTAGCTTCTGCTGAAGGTGTTAATTTATTAAAAGTTGAGTTATTCACTGATATTGCGAATCTTTATTATCAATTAGTCGCGCTAGACGAACGCTTAAAGATATATGAAGAAAACTATCGTTTACAACAGCGAGCTTTTGAGATTATTAAAGCACAACGTGCCACTGGGAAGGCAACCGAATTAGCCGTACAACAATTTAATGCACAGGACAAAAATATCTTGGCTGAAATCGAACACCTTAAAGTAGAAATTGTTTCTGTAGAACAAGCTATTCAAACGCTTACAGGAAATTACGGAGGTCAAGTGAAGCGTGGGACTAATTTGATGGAATCAAACAAAAAGATTTTATCAAAAGAGATTAATATTCAAAATGTCATCCACGCTCGTCCAGATGTAGCAGCTAATTATTTGGTTTTAGAAGCTTCTCATGCCGATGCTAAAGCTGCAAAAGCCGCATTTTATCCTAAAATCGGTTTCGATGCTCAATTAGGATTAAATTCATTTTCTGTTGAAACATTTTTTAAACCTAGTTCTTTAGCCGGACAATTGTTAGGAGGATTAATGGTTCCAATTTTTAATAAAGGTCAGTTAAAACACGAATTTAATATCGTTTCTAAAGAACAAGAGATTGCCTTTTTAAATTATCAAAAATCCGTGACCTCATCGTTTAATGAACTACAAGCCATTTTAAAACAGATCACCATTTTTGAGAAAGTGTTGAACCTAAAAGCCGAGGAAGTAGCTTATTTAGAGAATGCAGTTGAGGTTTCCAATGAATTGTATATCACGGGATATGCCAATTATATGGAATTAATTAATGCACAGAAAAATAAACTACAAGCGGAATTGGATTTATTGCAAATCAAAAATGAAAATACCCGTAATAATGTGTTATTATTTAAAGCATTAGGCGGAAAATTGGATTAATCCATTATCAAATGAAAAGCCTGAGCAATCGCTCAGGCTTTTTTCTATTTAAATAATTCGATGATTTCATCTTTGGTTACTTTTCCAAAATACCCCGTTAAATCGATTGTTTTAAAAAACGCATTTAATTCATTAATATCATGATTTTTACCCACTAACATCTCTTCAAATTCTTCAATTGGTTTAGACGCAAAAAAATCACCAAAAATCTTCGCTTTCTCGATTTGTCCACCACGTTCAACATCCAAATGCACCTCTATAAACCCTGCTGGAATTTTCTTTGCATTTTTAAAATTATATTTTGGAGAAAATCCAAAATTCCAATCCCACGTCTTATACTTTTCTTCAATTAATTGTTCAACTCCTTTTTTATCTTCTTCCGTTAATTGATAAATCACAGCACCTTCATTCAGATCTAGCATTTCTTCAATCAATAACTCTTTCAAATCATCGGTAATCATACCTTCTGGTAAATAAGGTGCTAAATTTGTAACACGCGCACGATTTGATTTGACTGCTTTATCCACGAACTTTAAAGGATTTACTTTCAAAGCATCTCCCAAAACCGACATTTCAGAATTAAACAAAATCGTACCATGCTGAATCATTTTTCCGTTTCGTGCTAATTTTGCGTTACCACTGAATTTCTTTCCGTCCACTAACAAATCATTTCGCCCTTCTAATTTTGCAGGAACTTCAAGTTCATTTAGTAATCGTATCACAGGTTCTGTGAATTTTGAGAAGTCCATAAAATCATTACCCCCTAATAATGTATGAAATGAAAAATTAAGGTTTCCTAAATCATGATAGACTGCACCTCCACCAGACATTCTTCGAACAACCTTAATATTCTGCTTTTCAACATAATCCAAATTGATTTCAGCTAAAGTATTCTGAAATTTCCCTACAATAATCGAAGGGGCATTGACATACAACAAAAAAATATCTTGCGTCGGATATTTATATAATAGATATTCTTCTAAAGCGATATTAAAATACGCATCTTGAGAAGGAGAATCAATAATGTACATAACAATAATTTTTACAAAAGTAGGAAGGAATTTAGAAGGCGAAAAGAAAAAACGGATAATTTGATGACTCAAATTATCCGTATAAACATTCAATTTACGACAGACTAAGAAGGGTTTTTACGCTCCTCTTCTAAATCCCAAACACGGTGTAATTTCATCACATCTACAAATAATTGTTGTCAATTATTGTTTTCTGCTGTAATTACACCTTTATCTTTTTTTACATTAGACATTTCCATTAATGCTATAGCTTCTTTTCCGAAACTTAAGGCTTTACAATGCATAAAAGCTTCTTCAATGAATTGAAAATATTCAGGCGTATCTTTTAATTTAGCAATTGAATCTCCATCGGGAGTATAGGCCGCATCATAACAAACGGATGGATCAGTTTTATAGGTATGCTGAATTTCTTCCGTTCCACCTTCTTTAAATTTTAATGGTCCTACTTTTCCAGAAATTAAAACCGCTTCAGCTCCTTCATTCTCTAGAACTGCTTTTAGCTCATCCACACTTTTCTTCGAAACATCATCTTCCACCAAAAAGGCCACCTTTCGGGTTTCGATTGTCCCTTCATTAGGATTTACCTTCATCGAAAGAGCTTCGGATTTTTCAATTTCTGATTTCTTCGGTTTAATTGGATAATTTGGATGATTTTGACGTGCAAATTTCAATGTTAATTCATCCAAATTTTTTGAAGGCTTTATGTTTAAATTTTCTCCAACTTTTGTTGCCAACTCTTCACTCACCTGATTCAAATTGGCTAACATTCGTTCTCTAATTTTTGGATCATTCACCTTACTTAATTCAAATGAAAAGGCATTGATGATATGTTGTTGCTCAGGTTTGGATTGTGAATTAAAAAATAGACATGCTTGTGAGAAATGATCCGCAAATGAATCAGAACGTTGACGAACTTTAGAAGCATCAATTTTTTCTTCCTGTGATTGAAAACCTTTTTCTCCTTTTAACATGGCATGATATGGACATCCACTGGCTTTACTGTTCGGAAAATAACTCACATCACCCTTAGGAATATCCATACGAGCAAATCCGTCTTTTTGATTGTTATATTTCCCATTAATTGGTCGATTAATTGGCAA
NZ_CP141062.1_gap65	2695296	2698018	2722	TGTAATGTTACTTTAGCTGTTAAATCTGAGAACATGGCTACTATATAATTTGCGCAATCTAAAGCCGTTGCATTCCCTAGAGGAGACATTTTATCGGCAAATCCCATAAATCCAGAGAATCCTTTTACTCCATTACCAGCTGTTGTAGGCGTTGGCGATTGAGAAATTGTGTTTACACGTACTCCTCTTTCTTTCCCCCAGAAATAACCAAAACTACGAGCGATAGACTCTAAATATGCTTTGTTATCTGCCATATCATTATAATCAGGGAATGTACGTTGAGCAGCGATATAAGTTAAGGCTAAGATTGATCCACCTTCGTTCATTGCATCTTTATCCCAAGCTGTTTTCATTACGCGGTGAAAAGAAACAGATGAAATATCCCATCCTTTTGTTAACCAATCGTAATTTAAATCTGTATAGTGTTTACCTTTTCTTACGTTCACACTCATTCCGATTGAATGTAAAATAAAGTCGATTTTACCGAATTTAGCGATTGCAGCATCAAATAATTTTTCTAAATCTTCCATTGATGTTGCATCAGCACCAATTACTTCAGAACCTGTTTTTTCAGCTAAAGCATTTAATTCACCCATTCGTAATGCAACTGGTGCATTTGTTAAAATGAATTCTGCTCCTTCTTCGTGACATCTTTCAGCCGCTTTCCAAGCGATTGAATTTTGATCTAATGCACCGAAAATGATTCCTTTTTTTCCTTTAAGTAATCCGTATGACATAGTATTTTTTTTTGCATTTCAAATGTAAGAGAAATATTCAAAAGTAACCTTATCCTTTTGTAAGAGTCGTTATTCATGCATAATAAATTTTCCTCATTCTTTTCTATATCAAGAAGATAAATTTTATGAAAAGATTACATTTATTCAATCAAGACAAAAAAATAATTTAAAAATCTGATTAAAACTTTCGAATAATCCCTTATTTTTATTTCATATAACCACAAAATACTATGTATAAAATCTATCCTGAGAAAAGATACAATGAAACTTTAGCGCTATTAAAGCGTTTTGCACAACCAACCGATAAAATTTTGGATTTAGGGATCCGTAATCCATTTTTAGAAGTTATGGAAGAACATCATTTTCAAATTATGAATACTTCAGGAGAAGATTTAGACTATCATTTTCATCAATTAAAAAATATTGATGCTACCTTTGTCACCGCATTAGAGATATTAGAGCATTTAGTTAATCCCATGGAAGTTTTACGAAATTTAACAGGAGATAAATTATTAGCTACCGTACCAATGCGTTTATGGTTTTCTTCCGCTTACAAAAGCAAAACTGATCCGAGGGACGTGCATTATCACGAATTTGAAGATTGGCAATTTGATATGTTATTGGAGAAAGCGGGTTGGAAAATTATTCATCGTCACAAATGGACTCATGGAAGCAACAAAATAGGCTTCAGACCATTATTAAGAAAGATTACACCAAGATATTATGCCGTTTACGCCGAACGAAACAACGAATACGAATTTAAATAAATATAGCATTGTAATACCTGCTCATAATGAGGAAGAATTTATACGCATTACGTTAGATAGCCTTGTACAACAAACGCTTATTCCCCATGAAGTTATCATTGTAAATGATAATTCAACTGATGGAACGCCAGCCATTATTCAAGAATATGTAGAACGCTATCCTTGGATGAAACGATTGGATCGTATCTCAAAAGGTGAGCATCAACCGGGAAGTAAAGTTATCAATGCTTTTTTAGCAGGTTATGAAATTGCTCAAAAAGATTTTGATATTATAGTTAAACTTGATGCTGATTTAGATATTCCCTCTCATTATTTTGAAACAATCATCAACCATTTTTATCAAGATTCACGCATTGGTATGGTGGGTGGATTTGCCTATATTGAAAAAAATGGGCAATGGATATTGGAAAATCTTACCGATAAAGATCATATCCGTGGAGCATTTAAAGCTTATCGTAAAGAAACTTATGATCAAATTGAAGGATTACGTCCACACATGGGATGGGATACTGTAGATGAATTGCTTTGTCGTTTCTACGGTTGGAAAATTGTTACTGATGAATCTTTACACATCAAACATCTCAAACCTACAGGAGCGGTGTATTCAAAAAGTGCGCTTTATAAACAAGGGACAGCATATTATGCATTAGGGTATGGATTTTGGATTACATGCATAGCCGGTACTAAATTGGCTTTACGAAAAAAGAAATTATCTTATATTATCTATTATATCCAAGGATATTTACAAGCTTGGAAAAATGCTCAACCTAAAATGGTGAATAAGGAACAAGAACGATTTATTCGTCGCTTCCGTTGGGCCAAAATGAAACAAAAATTATTTTAAAGCCACATCCATATGAAACATCTACTTTCGATAATTTTACTGTTATGTTCTGTTTTGATTTTTGGACAAGCCAAAATCATTACAGGTTCCGTTATGATCGATAATGTAGATGATTTGCCGCGTAGTGGTATCCGAATTGATAATTTACGTTCGTATGCCAAAACGTTTACTAATGCAGAAGGAAATTATTCCATTCCAGTGATCGTAGGTGATACACTGGAATTTACGGCGGGCTATGTCGTACCTAGACGCATCGTAATTTCTGAAAATTTATATCAAAAAGCCGTTTTACAAGTTCATTTGGATGTTGAAACAGTCGAATTATCAGAAGCAGTGATCGGTAAATTGGATAAAGATTTTCAGAAAAACTTACG
NZ_CP141062.1_gap66	2789833	2794709	4876	TTCTACTTGCGATTTTTTCTTTCCTTCTGCCGGTTCATTAATCGGGAATTTAGAGTAACCATTTCCATTACTCATCACCTTCGACATTAAAGCCGAATATTCGGTATTAATTTGTTTGTCATCAAACGATAAGATGTTCACAAACCCCATCACGTCTTGGTACCATTGTACCACTTCGTTCATACGGTTCCATCCTACATTTCCCACACAATGGTCGACATACAATAATCCACAATCTGAAGGTTGGTAAGCCGATTCCGATTTTACATACCCTGGCATAAATGGACCGTTGTAATTTTTACGTTCGATGAACATATGAACCGTTTCTCCGTAGGTGTAAATTCCAGCCATTTTCACTTCCCCAAATTCATCAGAGATTGTTGTTGGCTCTAAATAGACTTTACCTCCACGTTTTGTCGTTTGTTCAAAGGCATCAAATGCATCGTCCACCCAAAGGGCTAATACTTTAACCCCATCTCCATGCTTCATTGCATGCTGACAAATTGGAGAATCTGATTTTAACCCTGAAGTTAATACTAATCGAATCTTTCCTTGTTGTAAAACATAAGAAGCGCGATCTCTAACGCCTGTTTCTGGTCCAGCATAGGCAATTTCTTGAAACCCGAATGCTGTTTTATAATAATGTGCCGATTGTTTGGCATTTCCGACATAAAATTCGATATAATCTGTTCCGTTGATCGGAAGAAAGTCTTGTGCTTGTGCGATTTTTTCAGCAAATGTTTGTGTGCTCATTTTTTATATGGTGTTATTTTTTACGTTGTACGTTATACGTTTTAGTACGATGAGATCCTGAAACGAGTTCAGGATGACACGCTGGACTTAGATGATAGATTCTAGATACTAGATGTTAGATACTAGAACTCATAACTTAGAACTTAGAACAAAACTAATACAACCATGATTTATAATAATCAGGATCTTCTAATTCTAACGCTTGTTCCGTTAACATCAATGGTCGAAATGGATCAATCATAACCGCTAATTCGTGGGTTTCTTTGGCTCCGATGGATTTTTCTACCGTTCCAGGATGTGGACCATGTGGAATTCCGGCCTGATGCAAGGTAATTTGTCCCTTCTCCACGGATTTACGCGACATAAAATCCCCATCCACATAGTACAAGATTTCATCTGAATCCACATTACTGTGGTTATATGGTGCCGGAATGGCATTCGGATGATAATCAAATAAGCGAGGAACGAAACTACAAATCACGAATCCGGCTCCTTCGAATGTTTGATGTACTGGTGGTGGTTGATGAATACGTCCGGTGATGGGCTCAAAATTATGAATCGAAAAAGCCCATGGGTAATGGTAACCATCCCAACCCACGAAATCAAAAGGATGTGTGCCGTATACATACGGATAAATTAAGCCTTCTTTCTTGATTAATATTTTGAAATCACCGTGTTCGTCGTGCGTTTCTAAGTCTTGTGGACGTTTAATGTCACGTTCACAGAATGGCGCATGTTCCATCAATTGTCCGAAATGATTGCGGTAACGACGAGGCGTTTCGATTGGACTAAACGATTCGGTAATGAACAATCGATTCTGTTCATCGTTGAAATGCAATTGATAGATAATTCCGCGCGGAATCACTAAATAATCACCGTATTCAAACGGGATTTGTCCATATCCTGTTTTTAAAACACCTGATCCTTCGTGGATAAAAATGACTTCATCCGCCATCGAATTTTTATAGAAGTAATCGGTCATCGACTTTTTAGGAGCAGCCAGTGATATGTGCAAATCATTGTTGACCAATACAGGAACTCGAGATGCGATGTAATCATCCGTAGGTTGTACGCGAAAACCTTTTAATGAGGTATGCTTCAGATGTTTTGCGCGAGCTATTTTTGGTTCAACAGAAAATGGTTCATTGATTTCTTTGACCAACGTTGGAGGGTAACAATGGTAGACATTGGAATACGTACTCGAAAATCCGTGGGTAGAAACCAACTCTTCCGCATAGAGTTCACCATTGGGTTTTCGAAATACTGTATGTCTTTTCTGTGGGAAATTTCCCAAAGCGTGATACAGTGGCATATAACTTTTGTTTGTGTTTTGATGAAAAAATGAAAATAGTCAAATCTTCGGTATTGAATAACACCGAACAGCACTACTTACAATGAGTATTGTGCAAAAACGATTTTAGAAAGTAAAGCAATGGTTAGCTTATTCATTCCTATAAATAAAGGTTTTAGTAATTCCTTCATTTGATTCACTATTCTTTGTGGTTCATTCAAAGATAACAAAGAATTTGAATTGTACAAAATACACCAATTAATATTTCAATAAAAGTTAATCGTTTTTAATATCTTTAGTAAATCAATTAATCTATATGAAACTAAAACATATTTTATTAGCATCAACCTTATTGGTACAAAGCTTTCTTTATGGTCAGAATTATAATGTAACCGAAACTCAATTCACACCTGAATTAATCGGTAACTTGTATCAAAATAAGCAAAAATCTAAAACAGTAATTTTAATTATACCTGGATCCGGACCAACAAATCGCGATGGAAACTCAGGAATGTTACAAACAAATTCATTGAAATTTCTAGCTGAAGATTTAGCAAATCAACAATACGATGTTGCCACTTATGACAAACGTGTACTACATCTAATCAAAAATTTTAAGGGAACTCCTGATGAATTTCCTGCAATAGATTTTCAACACGGAATTGATGATGCTAAATCGATTATCAACTATTTGAAAGATAATTTAAAATATAAAAATGTAGTCATCATTGGGCATAGTGAAGGTTCTTTAATCGGAATGAATGCGGCCAATAATACTAGTCATGCATTTATCTCAATCGCTGGCGCTGGACGAAGTATTGATTTAATTTTAAAAGATCAAATTGGAAAACAAGCACCTATGTTAATTGAACCTACTGAAAAAATTTTAGAAGAATTAAAGAGAGGAAATAAAGTTGAAGAAATTAATCCAATGCTACAAGCTGTGTTTGCAAAAAATAATCAACCATTTATAATCGAATGGATTCAACATAATCCTCAACAAGAAATTAAAGCTTTAGATATGCCGGTTTTAATAATTAATGGGGATAAAGATTTACAAGTTGATGTGAAAGAAGCTGAATTATTGAAACAAGCAAAAACTGATGCACAACTTGTAATTGTAAAAAACATGAATCATATCTTAAAAGAAATTAAGGACGATTCTGAAAATTTAAATTCTTACTATAAATCCGATTTACCATTACATAAAGATTTAGTACCAATAATAACACAATTTTTAAAAGCTAATAAATTATAAAAAGACAAAATCCCTTGAATTATTTAACTCAAGGGATTATCTATTTTATACGATTAATAACGCTTCTTCTTTGATTTGATTGACTGCTTTCGAGTAAATAAACACTTCGAAATCAAAACTTTGTTTTTTTTTGGTAAGAAACCGGTTTATCTGCTAATTTTAATTCTTTGATGAAATTAATTAACCATTCACCTTCTTCTTTTTCCAACATTACTTCTAAGTAATTGCTCTTCGTATGAAAGGTTAAAACTGCATTTTCAAACGTTCTCCCTTTTTTGGATTTAGTTCGAATTTCCATCGTTGGAATTCCGCCTAACCAAACGATTTTTTGAGTCAGTTTATGCGTGATAAATAAATCTTGATTTAAAATTGATTCGATATGATTTGGTCGAACTTTCGTTTTCGGTACTTTCATTTCGAACCATTCTTGCAATGGAATCTCAAATCCTACACCGTGCATGTAATTAAACAATGATTTCTTTAAACCGAACGAAAATTGATTATGATCTAATCCCGATTTCTCTTCGTGCACCATGTCATTGTTTGCAAATGATCCCAATTCAGTACTGTGGTTGATCACATTGTATTCTTCTGGATTTAAACCCACTGGGCTGTGCGCTGTCATCGCAAATTGAGACCAGAACCCGGATTGTAAAATCCCTAACTCGAACATCTGGCGCACCATTTCTAAACTATCTATGGTTTCTTGTTTTGTTTGCGTTGGAAAACCATACATCAAATACGCGTGTACCATAATACCTGTTTCGGTAAAATTACGGTTCACGACTGCTACTTGATCTACCGTTACCCCTTTATCGATTAATTGTAATAAACGATCCGAAGCTACTTCTAATCCACCGGATACGGCAATACAACCCGAAGCTTTCAATAAACGACATAAATCCAGTGTAAAACTTTTCTCGAAACGAATGTTGGTCCACCACAAAACCGTTAATTTACGACGTAGAATCTCCAAAGCCACCTCACGCATTAAAGCTGGTGGAGCCGCTTCATCTACAAAATGGAATCCCGTATTGTTTGTTGTAGCAATTAATTCTTCCATTTTATCCACGATTTGCTTGGCCGCAATCGGTTCGTACACTTTGATGTAATCCAATGAAATATCACAAAACGTACATTTTCCCCAATAACAACCGTGTGCCATCGTTAATTTATTCCAACGTCCATCACTCCATAAGCGGTGCATCGGATTCACCACCTCAATAACAGAAACATATTGATCCAAATGTAAATCGGTGTAATCTGGTGTTCCTACTTCACTAAATTTATAGTCTTTGATTAAAGGATGATTGATGTATTCGACTTTTCCCTCCACCAATGTAAACGTACGTTTCAATTCTGAACGATCACATTCTTGGTGAATGTATTTAAGTAATTGTTCCGTTGGCGCTTCTCCATCGTCCAACGTAATAAAATCGAAAAATTCGAATACACGAGGATCGGATAGCGAACGTAATTCCGTATTTGAAAAACCACCTCCCATATCTACGACAATCTCTGGATAATTGGCTTTTATGTATTGGGCACAACGGAAAGCAGCATATAAATTCCCT
NZ_CP141062.1_gap67	2832082	2837049	4967	ACCACAACTTATTCTGTTTGTTGCACCCGTGAGGACGGCTTCCTAAAATGGGATGAAAAATATGACGAAAATGCTTTCTTAATTGATGCATACGTCCTGTTTCTGGAATTGCTTCCACTAAGCAATATCTTGAAGTTGGATGATTATTGTATTCTAACTCAATTTCAGCTGTTTGTAAACGCTTGAAGTAGGTGATTGCATTTTGTTTTACACCATCATCGTTGGTTAAATCATAATCGATGGTTTGTTCTTCTGGTGCCCAGCCACGTAAAATGGCTAAGTATTTCTTTTCTACTGCACGGGTTGCAAATCGATCGTTCATCACTTTTAAAGTTTCTTTATCCAATGCAAATAATAATACGCCCGACGTTTTACGATCTAAACGATGTATGGGATAAACGTGTTGTCCTCCAATTTGATTTCTTAATTCTTGCACTGCAAATTCTTTTGCATCTCTAGCATAATAGGATTTATGGACCAATAACCCACTTGGTTTGTTAATGGCTATAATGTATTCGTCTTGGTAAAGAATTTCTAACATCCGGCAAAAATAAAAAAAGAGATTCGGAATCGAATCTCTTTTTCACACATTAATGTAATCAAATTAATTTACCGATTTAAAGAATGAAGGAGCATTACCATAAATGGCTGTTTTCCCATCCCATTTCTCAATAAATTGCTGTTGAATTAATAATTGGTTTAAAGATACTTTACGTAATTCGTTGGCTCTTGCCTCTGCTTCTGCTTGTACAATTAATTTACGTGCATTAGCTTCTGCCACTTTTAATTCATTTTCTACACGTTGCGCTTCTTGAATTGCTGCGTTTTTCTCATTAATTGCTTTTGTAATCGCTTCAGGATATTGAATTCCACTTGTTAATTGTTCTAATGCAAAACCTTCATTTTTTAAGAACGCAATCATTTTGGCTTGAACCCCATTTTCAAACGCTTCGCGGCTACTAATGATTTGATCCGTTGTAAACTTATTGAACTCGATGCGGTAAACATCTTTGATGTGATTATAGAGAGTATTTTGCAAGACTTCATTAATTCCTTTGCGGTATTTTTTAAAGATTTGAGGCGATTTACCGTCAATAACTTTCAATGAAATTGTTGGATCGACTGTAAATACAGAACCATCTTTAGCGTTTACTGTAAATGCTTCATAGTTTACCGTTTGTACATAAGTTGGAATCTCAAAAACTTGCTCTGTTAAAGGGTTATACCATACACGTCCTGTTACCAACGCTACATCTTGTACTCCTTTGTCCGAACCGTACATCTTTACAAGAAGTCCTTCATGTCCAGCATCAATGCGTTCTGTACACGCTAGCGCAAATAAGAATAAACAAAATGTCACAATTCCTCCAGCAGTAAGTTTGATTAAATTTTTATTCATGGGTAAAATAGATTTTTTTTAATAGTAATAAGGTGATGAAAATTAAAAGTACTAATAATAAAACACCCCCAATAACCGAAAGCGTATTGGGTTCACTGATGAGCCCAAAAATGTATTGAATTGCAAACAATAAAAAGGCAATCCATACCGGAACCAAGGCAATTTTAAGTAATGTTTTATTGTTCATAGCTTGATTAATTTTCTTAAAATTATCATAAATAAGTTTAATTTATAATAACATTACTCATTGTAAATAAAATTTATTATTCGTATCTTTATGGAATGATTTGATGTGAAATGAAGAATGGTTTAATTATAGGAAAAGGATGGATTGGTAGCCGCTTAGAACGCGTGTTACAGAATGAATATAACTTACAAACGACTAAACGACGATCGGATGCTGACAATTGTATCGCTGTGGATTTTGATCAACCCATTTCCCCTTTCGAAAACATCGAAGCCTTCGATTTTGTGGTAATTACTGTCCCATTTGGAAGACGAAATACTTTAGACCAATTATCAACTCGTTTTCAACACATTATTCAATTTATTGGTCCAAAATATGACGGACAGGTTATTCTGATTTCAAGTACAGGAATTTATCCTGATGTGAATAGAACTGTTACAGAAGAAACTTTTTTAACGCAAGAATTTAACGAGCCCTATCATAACATGGAACATTTAATTCGAGTACATTTAAAACAAGCCACAATTTTACGATTGGGAGGTATTATGGGCGATGATCGCTATTTGTCCAAGTATTTAAATTTGGAACGAGAAGGTCTTGATGAAGTGGTGAATCATATCCATTATGAAGACATCTTAGCGGTGATTAAAATGTGTATTGAAAATAATGTACGCGGTGAAATCATTAATGTGGTTGCCCCTTTACATCCTACCAAAAGAGAAGTATTAACTTTTCAACTCCATGATGAATTGATTCATTCGATCACAAAAAAAGGTAAAACAATAACATCAGAGAAACTCATCCGTATCTTGAATTACCAATTTATTCATCCAAATCCTCTTTTTTTTAAGGGTTAACGATTTCTTTTTTTTCGCTCTTTCCTTCCATAAATCAATAAAAAAGTGATCATCGAAAGGATTGAGATTAAAATCGTATCCCAATTATTTTTGATTTTAGTGAATAACGATGCTTCATTTTGCTCGTTGCTGCCGTTAAGTTGAAGCATCCTTAAGTTGACGAAAGAGGGATCAAATCCATATTTTATGGCGATTTCGTAGACTTCTTTAGCCTCTTGATTCAAGTTTCTTAAAAGCATTAAATTACCATAATCAAATAACAATTGTGAGACAATTTCATCTTTTGGTCCCACAAAAGAGCGCCTTTCATTCAATTGAAAATAAAGTTGTTCCGATAACTCTTCCAACGCTTTTGGCGATAATTTCGTTACAGGACGATCCTCTTTTCCAAAATCAACACCAATTAAATTTGTTGACGATAAAGGCATTTGCCCTAACTTAATTTTTAAGATATTCACGTGAATCCATTCCGAATGATGATGAGAATTAGGATTGATTTCAATCGCTTTCTCGATCCATTTTAGCGCATTTACGTTGTCGCCTAATAATTCATAAGCTGTACCTAAATTAGAAGCTGTCGCATATAAACCTGGCGTCTTTTTTTCGATTTCTAAATATAAATCAATCGCTTTTTGATAATCCTTCGAAATGATGTATACCAACCCTTTTTCGTTCAAGTAATCTACATGAGGTTTGGCTTGATATAAACTGTCCAATTTTCGAATTTCTGTTGCAGGTTCATTCACCCAAAATTCGTGACCATAAGGCACAGCATTAGCGTGATCGATGTAAACTGTCGTCCCAGTCGAGAGTTGATATTCTAATCCATTTAAACAAGCAAAAGAAGAACTTGAAATAAGAAGAAAAAGAATAACTATATGTTGATTAAATTTTCGCATTTTTTGTTTTTATATGGATATTACTTCTTTTCCAAGCCATTGCATAAATTCTCAAATTTGAGGTTTACTGATTAATATTTCTGATTTTATTTCAGGTTCAGGAATCAAATGAATTTCTACTTTTTGACTGGAATGTTTAATAATTTCTTGAATCGAATGGCGATTCACAAAGTATTTTCGATTGATTTTAAAGAATCGATTGGTATTGAGTTTAAAACTCATTTCTTTTAAAGTATCATCGTAGATAAATGTACGACCATCCGTTGTTTTGACAAATAGATGTTTCCCTGATGCAAAGAAATAGGCTATTTCCTCTTCATTTAAAACAATAATTTTTTGTCCATTTGTCACTACTAACTTATTAATTTTCTCAGTTTTTAAGTTATTCTCAAGGGTTACCAAGGAATTCAGAGCTGATGAGTTGGAATATGAAGCTTGGATGCTTTGGTATTTATTCAATGCACGGTACAATTCTTCTTCCTCATAAGGTTTTAGGATATAATCAATTGTAAAATGTTTGAACACTTTAATCGCGTATTCATCAAATGTCGTCACAAAAATAATAGGAGATATGATTTCTACCGCTTCAAAAATTTCTAAGCTTTTTCCATCGCCTAAATGGATATCCATAAAAATTAAATCCACGTGTTCTTTCATGAAAAATTGAATCGCTTCTTCATTAGAACGTAAAATATGTATCCCATCAATCGCAACAATTTGCTGCTGGTGTAGCAAATGTTCCAAATATTTTACTGCTAATAACTCGTCTTCTACTATCGCAATTCTCATCGACGTAAAAGTAAAAAAAAACGCTTAATAATTATTACTAGACGCTTTTTTATAAAAATGTTACAGACTTGGGTTATTTAATTTCGCTTGTTGTGGAATCTCGATGGTATAACGAACATCATTCGGTTGTAGAATATATTCGTTCCCACTGATCATATGAATAATTTGTTTTTGATTGGCTCTTCTTAAATCAAACCAACGATGCCCTTCTAAAGCAAATTCGCGATTTCGTTCCTCTAAAATGAAATCCATAACGCAGAATCGTTCATTGTTTCGATTGAAACTTGAATTGTTTCAAATCCTTCAGCTGTATAACGTTTAGCTAAAAATGGTTTTAAGATTGCTTTGGCTTCCGCTAATTGATTTAATTTCAATAATGCTTCTGCTTTAATCAAATACAATTCACTGACTCTGAAAGATATTCGGCAATTTAAACTTCCTCTTTTTAAGATTTTATAGCCATCCCAACTGCTCTCGAAATATACATTGAATCGTAAATCCGTAACTTGATCATAGCTTTCAATCCATTCAGGAGAAGCTGTAGCCATATATTTTAATGCACTATTGAAATTATTATCCAATGCCATAATTCCTTCCACTGAAGTATAATGGTTTGGTAAAGAAGATGCTGCATTTAAATCTACTAGTTCATCGGAAATGTTTAAAGCTTGATTTGCATTGGCTAATGCCTCTTCCCAATTTTGCTGGTATAAATAAATTCGCGCTTTAAAAGCCTCAAGTGCTTGTTTCGAGAATCGATAATTGATGCCTAACGTTTGGCGCACCTCAACCATTAAAGCTGAAGATTTTTCAATATCAACATGAATTTGATCGTA
NZ_CP141062.1_gap68	2841860	2845953	4093	TAGATGTAGCAGTTAAAGTTACATTATCTCCATTGTTTGTTACAGAAGTAACTCCCGTTGAAGTGTGGAACTTCATACCTTGTTTCTTTAAGATTTTAGTTAACTCTTTAGATAAAGCACCGTCCATTCCTGGAATAACACGGTCAGCGTACTCCACAACAGTAACTTCTGAACCTAAACGTAAATAAACAGATCCTAACTCTAATCCAATTACACCACCACCGATTACGATTAAGTGTTTAGGAACTTCTGGTAATTCTAACGCTTCTGTAGAGGTGATAATTCTTTTACCGTCTGTTGGAGCGAAAGGTAATTCAGATGAAACAGATCCTGTTGCGATAATCGTATTTTTCGCTTCAATTTCTTGAGTCGTACCGTCAGCAGCTGTAACAACAATATGAGTTGCATCTTTAAATGCACCTGTTCCTTCTAAAACGTCAATTTTGTTTTTATCCATTAAGAATTTGATTCCCGCAACAGTTTGATCGATAACACCTTGCTTACGAGCAATCATTTGTCCAAAATTAACTTTAGGAGCTTCAACTTCAATTCCGTGTTCAGCAAAATGCTTTACTGCATCATGATAATGATGAGAAGAATCTAATAAAGCTTTTGATGGAATACAACCAACATTTAAACATGTACCACCTAATTTATTTTTTTCGATGATCGCAGTTTTAAATCCTAACTGTGCGCAACGAATAGCTGCAACATATCCACCAGGTCCAGCACCGATTACGGCAACATCATAAGAACTCATATAGTTTAAATTTAAATTATTCTAATAAAACGATACAAATATAACGCTTCTGAAAGGATTTTTGATAATAAATATAACTGAAATTTATCTTGTTAAGATTTATTCTTACACTCTAATTTAAGCATTAAAAATCAAAACATTGCGTGACTTATTTTAATAGAAAGATGAAATGTTTCTTTATATGAGACAAATCATTTTGGTAAAACGTGAACTATTTTCGTAAAAAAAATTCCTTTCTCCGACGAGAAAGGAATTGATGTATTATAGAAAATAATTTACCATTTAATTAATACAGATCCCCAAGTAAATCCAGCACCAAATGCTGTCATTAAAACGGTATCACCTTGTTTTATTTTTCCTGCAGCTTTCGCTTCACTTAATGCAATTGGAATAGATGCGGCTGTAGTATTCCCGTATTTCTGAATGTTATTGAACACTTTTTCATCTGGAAATCCCAATTGTTTTTGCACGAATTGCGAAATTCTTAAGTTCGCCTGATGTGGAACAAATAAATCAACATCTTCAGGCTTTAATTTCGCTTCAGTTAATGCTTCAATAATTGATTCTGGAAAACGAGTCACAGCATGTTTGAAAACATAATTTCCATTCATGTGGGGATAGAGCTCTTTCTTTGTAATTCCGTGACCTTCTTTCATAACTTCATCCGACCAACCTAAACGTGTACCTGGGAATAATACAGCAAGTTCTTCCGCATATTCTCCCTCTGAATGCATGTTTGTTGAAATGATTCCACGATCTTCCGTAGTCGCTGAAACGATAACTGCTCCTGCTCCATCACCAAAAATAACCGAAACACCACGACCTTCATCGGACATGTCTAATCCAAAGGAATGCACTTCTGCTCCAATGACTAAAATATTTTTATATTTTCCTGATTTTATAAAGGCATCTGCCGTAGATAAAGCATACACAAATCCCGAACATTGGTTACGAATGTCCATAGCTCCTATCGTTTTACATCCCAATGCTTTTTGAACTAATACACCATTCCCAGGAAAATAATAATCTGGAGATAATGTTGCAAATAATATAAAATCGATATCTTGAGCTGTGATTCCAGCATCTTTTAAGGCAATTTCTGCTGCTTTAACTCCTAAATCTGTTGATGAAATTTTAGAACCTGGTTCGATATGTCTACGTTCGACAATTCCTGTACGTTCTTGAATCCATTCGTCATTTGTATCCATCACTTTTGCTAAGTCATGGTTCGTTACCACTCGCTCTGGAACATAATGTCCAACACCTGTAATAATAGCGTTTATCATTCTTTTGCGTCTTTTCAATTCCTACAAATATAGAATTTTCTTTAATTCATGTATAAAATATATCCTCATTAGATTTATAGCATTATTTAGACGTCTTATTGATTCGACTTTTGATTATACCATTGGCAATAATGGAAAGAATCATAATGGCTGTAGCAATGTAAAATTCAGGATGCATTTTCTCTGATTCACCAAATACAATGCTTGCTAAAATTATCCCATATACAGGTTCTAAATTAACATTCAGTAATATCGTATAAGGTGTAAAATATTTAAAAAGATTAACTGCTTCTATTTGAGCAAAAGCTGTAAAAACAACACCTAAAAGAACCAGCCACATAAAGTTACTCCATCCTACATGCACAACTTCTTGAAACAAATTCGTGTCTAATCCAAACATGATGAGATTTATAGTTAGAAAACCACCAACCATTTCATAAAATGTAATGCTTGAAGAGCTGACCTTATCCTTGTAAGTAGAATTTAGGACAGAAAATAAAGCCGATAGAAAACTACAAATAACACCATATATGATTCCCAATTTATATTCTGGTGAGGCTTGAAATATCCATACAATACATGCAGAAACAATCAAGGAAAGCACAATTTCTGAAACGACAACTTTACGTCGAAATATAATTGGTTCGATGATGGAAGTAAATAAAGCTCCTAATGAAAGTGTACTTAAGGCGATGGCTACATTGGATACTTTAATCGATTGATAAAATGTAAACCAGTGCAATCCTACAATTCCTCCAATCGCTAATAATTGAATAATATATTTCTTTTGTATTCTAATACTTTTTTTAGTGCATTGGATATAGATAAAAATAGCGATTGCTGCAGTTGACATTCTAAACCATACCATAGGTAACGAAGAAATGGTAACAAGTTTACCAAATAATCCTGTAAAACCCCATAATAATACTAAAAATTGAAGTCGGAGCTGGACTTTAGAAAGCATAAATTGTATATTTAATTGGGGCTAAATTACAAGTTATGGAGCATATAAACTTCTATTGGATTAAAAATTGAAATTAATATTATAAACATCTATAACTTTCCTTTATTTCATCTACAAATCATCTCCACAATTTCTTATTTAAAATTAATAGATTTGCTATGATCCAAAATAAGAATATTCGAATCCATTGGTGAAGGTAATGTTATATTAAGTTAATATTAAATATTTGATTCTAAATCATCAAATTTTATTTAAACATTATTTTTGCTACTCTATAAATCAACATATGGATTTTACAATTTTTTTACAACCCGATGCATTGGTTGCATTATTTACCTTAACAATGTTAGAGATTGTATTAGGCATTGATAATATTGTGTTTATATCAATTTTAGCTGGTAAACTACCTCAACATCTGCAAAAGAAAGCTCAACAATTAGGACTTTTCTTAGCCATGTTTACTCGTGTCATTTTATTATTTTCATTAAGTTGGGTAATGAGTCTTACCACTCCACTGTTCAATTTAGGAAGTTTAGTGGGGATTTCAGATCCGGATTGGTTGGAAAAATTAGCCATTTCTGGTCGTGATTTAATTTTATTAATTGGTGGACTTTTCTTAATTTATAAATCAACCGTTGAAATTCATCATAAGATTGAAGGCGTTGTAGAAGAAGAAGGAAAAATTAAAGTGCATTCTTTCGCTGGAACCATTGTACAAATTCTAATTTTAGATATAGTGTTTTCATTGGATTCAGTAATCACAGCAGTAGGAATGGCCGACCAAATTGAAGTAATGATTGCTGCCGTAGTGATTGCTGTTGCAGTTATGATGTTATCTGCTTCTACAGTTTCAAAATTTGTAAACGATCACCCAACCGTGAAAATGTTAGCACTATCGTTTTTATTACTTATCGGAGTCTCATTATTAGCGGAAGGATTTGACCAACACATTTCAAAAGGATACATTTACTTTGCTATGGGATTCTCTGTTTTGGTGGAATTCTTAAATCTTAAGATGAAGAAGAATCATAGTAATCCAGGAATAGTACGAAACATTGTTGGAGATGCGGATGAACAGAATAA
NZ_CP141062.1_gap69	2850606	2853221	2615	TAACTTATCCCCTTTTAACCCAGAAGTTTCTGGAGTTTCACCATTTCCGTAACGTTGCCAAGCGATCATCGATTTACAAATATGAATACCACGGTCGTTGATAATTTGTGTTTTAATCACATTATTACCTGCCGCTTCCACAATCTGAGAAACCGAATAACCTAATAAGTTATTACGAACGTGTCCTAAGTGTAAAGGTTTGTTTGTATTTGGTGAAGAATATTCTACCATCACTGAACGAGATTCAGCTGTAGGTACATTGATTCCGTAATTTTCATTTGTTGCGTTTGGAGTAAAATCAGCTAAGAAATCAACTGCATTCATACTCATGTTCAAGAAACCTTTGACAACATTGTAAGCCGTGATTTTTCCGTTTTCAACTAAATAATCACCTATTTTAGCTCCAATATCTTCTGGTTTACCTTTTAAAGCGCGGATTAATGGGAAAACAACTAATGTATAATCACCTTCAAACTCTTTCCTTGTGAATTGGATTTCAACAGATTCAGGAGTTATTTCATAGACATTTTGAATCGCGTCTAAAACGTATTGCGTGATTTGTTGTTTTAAATTCATTTCTATTTGTTTATTAATCGACTGCAAAAGTACGAAAAAAACAAGGTTGAAACACAATAAAAAATGGCCTTTTCCATTAATCTATTGCCGAATACAAAAACATTTTATTCAGAAAACTATATCTTTGCAAAATGGATTATATGGATATTACATTCGAAGATTTTAATTTTCCCAAGCAATTAAATGAAGCTTTAGAAAAGCTAAACATTACTACACCTACTCCAATTCAAGTGAAAACGTATAAACCAATCTTGTCTGGACGCGATATCATGGGTATTGCTCAAACAGGTACAGGTAAAACGTTAGCTTATTTATTACCTTTATTAAAAGAGTATAAATTCTCGAAATCACATATGCCTAAAATTATGATTCTTGTACCAACACGAGAATTAGTAGTTCAGGTTACCGATATATTAGATCAATTAACAGAATTCATCAACGTCCGTGTTTTAGGTATTTACGGTGGAGTAAATATTAATACACAAAAAGAATTTATCTACGAAGGTGTCGACATTTTAGTTGGAACACCAGGTCGTGTGATGGATTTAGCTTTAAACAATGATTTACAGTTTAAAGATTTAAAAAAATTAGTAATTGATGAGTTCGATGAAATGTTAAGTTTAGGTTTTAAACCGCAATTGCGTAACATTTTCTCGATGATGAGTGAAAAACGTCAGAACATCTTATTCTCTGCTACAATGACAGACGAAGTGGATGATATGTTGCAAGAATACTTCAATGCACCAGAAGAAATTTCGTTAGCGCGTTCAGGAACTCCAGTGGAAAAAATTGCACAAACAGCAATTCCTGTTCAAAACTTCAATACGAAGTTGAATATGCTAGTGGAACAATTAAAAGATGAATCAATTGAGAAACTTTTAATTTTCGCGAACAATAAAAAACACGCTGATGCAATTTTTGAACACATCGAAGAATTCTATCCTGAACAATTTGGTGTCATTCACTCAAACAAATCTCAAAACTATCGTTTACGTGTAATGGATGAATTCCGTCGCGATGAAATCCGAGGAATTGTAACGACAGATATTATGGCCCGTGGTTTGGACTTTCCAGACATTTCTCACGTGATCAACTTTGAAATTCCAGAAATTCCAGAACAATACATTCACCGTATTGGTCGTACAGGACGTGCGGATCGTACAGGTAATGCCATTTCTTATTTCTCTGAAAAAGAAGAAGTCTTATTAATCGAGATTGAAAACTTAATGGGGAAAGAAATCGAAATGATTGCTTTTCCAGACAACGTGAAAGTGAATCAATCGAAAAGAGATTTTGAGAAAGATGTCGTTAAAATGAAAAATCCTACGACTGTAAAAATTGATACTGAACGAGGTGCGGCATTCCACGAGAAAAAGGACAAAAACAAAAAAGTGAATCTAGGTGGACCAACAAAACGTAAACCACCAAAAACAAAGACACAAAACCGTGGTCAATTAAAACAAAACTCGAAAAAGAGACGAAAATAATTTTATAAAAGTATCCTTTAAAGGATGCTTTTTTTATTTGATCAAAGTTTCCTAACTTTGAGTGAAAATAGATCAAATTATGTCAGAATTAAAGTTCAAAACAAATATTAATTGTGGAAGCTGTATTAAATCCGTAAAACCATTTTTGGATGAAACGGTAGGAGAAGGAAATTGGTCAGTAGATACAGAAAATCCTGATAAAATTTTAACGGTTAATACAGACGAAGAGGTTACAGACGTTGTAGAAGCTGTCACAGATGCAGGTTTTAAAATTCAAAAAATCGATTAAATACATTAATAGAGAGTCATTCAAATGGAATGACTTTTTTTATTTGAGTTAAAATATGGAATCTTTTTTAATCTGCTAAAGTATAGTGAAAGATGGTATGAACTCAACTTAAAGTGTGAATTAAATGCGACTTAAAGGTAGCATAAACGTAGCATAAAGGCGACATAGAGGTAGCATAGAAGCGACATTATAATTGGTATATATAGAACAACTACTTGCAATTCAGCAGCAGTAGACAGATTAGTATACATTAAAAGTAGTCT
NZ_CP141062.1_gap70	2868087	2869880	1793	GAATTTGGTATACGACTGAAAAAAGTAAGAATCTGATTTTTTTAGTGAGTTTTTAGATTGTTGTTTGATCACTTTACGAACATAGTTACGGGCAATCGAATCATTAGCAAAAAATTCTACTGCACCTAAACTAATTGTAGAAGGTTCTAAGAAAATTTCAACTAAAGCTTGTTGATTGCGCTTTACTTTTTGAGGAATAAACCCTTCGCTTTCGACATTAAATACAATTATCGAATCTGCGATCGTCAATTCACCAACTTCGTCAGTAAAACCAATGGTTAAATTGTTTTCTGTCGTTAGTTTCGCATTTTGAAGTCTAAACTCGTCGCGAGAGTCATATACACGAACTTTTATTTGTGCTGATATTGAAAGGGATAGTAATAAAAATAAAAAACAGTAAAGTTTTTTCATGCTGTAAAATTGAACCGCAATTTAACAAAAAAAGCAGCGATATTAACGCTGCTTTAAATTTTATTTAAGAAAATTAAAAAGGATTAAACTTTCATAATTTCTGCTTCTTTTTTTGCTAATGCTTCTTCTAATTTTTTAGAGAATTTATCCGTTAAACCTTGTACACGAGTTTCATAATCTTTTATTAAATCCTCCGATACATCTTTAGCTGATTTTAACGCCTTATTAGCATCTTGACGAGCATTACGAATTGAAACTTTTGCATTTTCCATATCCGCTTTTGCCATTTTTACTAATTCTTTACGACGCTCTTCTGTTACTGGAGGAATACTAATAATAATAGAATCTCCATTGTTTGAAGGTGCAAATCCTAAATTAGAATTAACAATTGCTTTTTCTATTTCATTAATTAAGTTTCTTTCCCATGGTTGGATGCTTAAAGTCATCGCATCTGGAGTAGTTACGTTAGCAACTTGGCTTAATGGAGTTAAACTTCCATAGTAATCTACACGAACTGAACTTAACATTGCTGGGTTAGCTTTCCCTGCTCTTAATTTATCAAAAGCAACGTTTAAGTGATCTACAGTCCCTTGCATTTGCTCTTTAGCTGTGTCTAAAATTAGATCTAATTCTTCCATTTTGAGATTTAATTATTTGTTACTAGAGTACCTACGTTACCTCCTTCTATTAATGCTTTTAAGTTACCTTTTGTATTCATATCAAATACAATAATTGGTAATTTATTTTCTTCGCTTAAAGTAAAGGCTGTCATATCCATTACTTTTAAGTTTTTGTCATATACTTCTTGGTAAGAAATTGTATTAAATTTCTCCGCTGTAGCATCTTTTTCTGGATCTGATGTATAAATACCATCTACACGTGTTCCTTTTAAAATCACGTCTGCATTAATTTCAATTGCACGTAATACAGCTGCTGTGTCCGTTGTAAAATATGGGTTTCCTGTTCCTGCACCAAAAATCACGACACGTCCTTTTTCTAAATGACGCGTTGCTTTACGTTTGATAAAAGGTTCAGCAATTTGCTCCATACGAATTGCCGTTTGTAAACGTGTAATTAATCCGGCATCTTCTAATGCTCCTTGTAAAGCCATACTGTTGATTACAGTCGCTAACATTCCCATGTAATCTCCTTGTACACGATCCATACCTGAAGCTACACCTTGAACACCTCTGAAAATATTACCACCACCAATTACGATTGCCACCTCACATCCTAAATCAACAACTTCTTTGATTTGTTCTGCATATTGTTTTAACATATTTGGGTCGATTCCGTATTGTAAATCCCCCATTAGTGCCTCTCCACTTAATTTAAGTAGTACTCTTTTGTATTTCATTGTTTCAAAGGTTTTCTTTTGCAAA
NZ_CP141062.1_gap71	2872016	2872524	508	TACGCAATACCTAAATTTAATCCGTATTGATAAATTAATTCAGCGTCTTCTTCACTTGCTCCAGCAATCATTGCTCCGATTTGTAAAGAAGCTCCTACCAATACTCCTGTTTTGAATGAGATCATTTTGATGTAATCTTCATACGTTACATTGGTTTGCGTTTCGAAATTAATGTCCCATTGCTGACCTTCACATAATTCTTTCGCCGTTTTTGTGAATAATTTAGTGACCTTTTTAAATAATTCAGGCTCTAAATCTTCCAGCATTTCATACGATTTAATCAATAATGCATCACCGGATAAAATGGCTGTATTGATACCGTATTTTTCGTGAACGGTCGTTTTTCCGCGGCGTAACGGTGCATCATCCATAATATCGTCGTGCATTAACGAGAAATTGTGAAAAAATTCAACGGCCAACGATGGTTTTAAAGCTTTTTCTAAATCACCATCGAATAAATCCGCACCCAAAAGAACAATGACTGGACGAATTCTTTTTCCTCCGATAT
NZ_CP141062.1_gap72	3052098	3053052	954	GCTGTAGTAAGAACACTAATAAAAATAAGGCTGACAAAGCCATAGCGAACTTCCTACCAATAGAAGACTTTAGTAATGATTCATTTGCCATAAAGCAATACGTTTAATTTTTTAGATATTGCTACAAATTTAATCAACACAAACCGCTATTCACAATGAATTTTATCATTTATAGACGGAATCTAACTAGTTTAGAACGATTCTTATTAAGAAGTTAAAATTTTTAATTTTTTGTAAAATTACTCAATTAAATTATTGTTAATATCAAAATATTCCTATATTTGTTAATGATAAAGCCGTAGCTTTTTCATAGGTTTAAGTTAGTTAGGAAATCTCCATATCTTTATGATGTGGAGATTATTTTTTTTGTAACATTTTTTTACTTTAGACTACTAATAGTACAAACAACATTAAATTGTCTGATAAAGCGCTAAATTTCACCAACTTAATCGAAGAAAATCAAGGGATTATTCATAAAATATGTCGTATCTATACCGACGATGAATTTTCTCATGAAGATCTTTTTCAAGAAATTGTTTTACAATTGTGGCGTTCATTTGATAGTTTCAAAGGCGATTCAAAATTCTCCACATGGATGTACCGTGTAAGCCTTAATACAGCAATTATCCTTATTCGGAAAAAAAATCGAACCATCACCACCTCCTCTATTGAACATCAAATTATACCTTTCGACAACAATGATTACGACGCCGAAGCGGAAGAACGTTTACAACTGCTCTATGCCGCAATTAAACTCTTAAATGATGTAGAAAGAGCATTGGTATTAATGTACCTGGAGGATTTACCTTATAAAGATATTGCAGAAACACTCGGAATCTCTGAAGTCAACGCACGAGTAAAAATGAATCGTGTGAAAATTAAATTAAAAGATATCATAACTAAAATGGAACAATAAAATGGAATTAGACGATTTTAAATCTGCTTGGAAAACTG
NZ_CP141062.1_gap73	3168820	3172297	3477	TAAACGTAATGTAGAGTTCGCATCTGGATATAAAATATCACCGATTTTAGACTCACGTAAACCTTTCACTAATAAACGGAAGTTTTTCGCATATACTTCTTCTAATTGTGCTTGCTCTTCTGTTTTTTGAGCTTGTCGTTCTACTAATGCAGAAGATAAAACAAATAAAGGATCTTTCTTTAACACCTCAACATCTGGAGAAATTAAGAAATTCTTTACTTGTGCAGCATCTGCAAAGAAAGAACGAGATACTGCATCTTCAACGTAAGCATTGAAGTTGTTTCCATTTTGTTTTGCTAAGTCAGCAACATATGGCGCTAATCCCGCTTCAGCTGCTTTAGAAGCATATAAATTTAATTGAGCAGCTAATACATCTTTCTCTAATGGTAAGTACATTTTACCATAGATCGCTTCGATCATTTCCTCAATTCGTGGCATCATTTCAGCACGTTTCGCCTCGTTTGCAGCTGCATAATTTTCAATTGATTTACCTAAACGGTAAGGAGCTGATGCTAAAGCAGCAGAACGCATTAAAATTGCTAAATAATTATTATGACGCGCATCTAAATTCGTTTTTGCATAATAATCATTTAAATTCTTGATGATATCACCATATTCTTCCTTATTGGCTTTTTTATTCGCCCATTTGTTGAATTTAGCTTCTAATTTCGATTTTTTAGCAACAGTTTGGTGCTCTTTTAAAGCTACAATCATTCCGTCACGGTTTTTCCAGTAATTTGCTAAACCTGCATATTTAGAAGCGTAATCAATATTTACTTTTTGAATTTGCTCTTGGTATTTTTTGATTTGATCCATACCAACTTTTGAAGCCTCTACCCATGCTGGGTAAGCATAATCGATGTTTTGAGCAACACCTTGCGCTGGCATCCAACGGTTTGTACGACCTGGGTAACCTAAAATCATTGCAAAATCATTTAACTTATATCCTTTTAAAGAAATTGGTAAATGATGTTTTGGTTTTAACGGAACATTCTCTTTTGAATATTTTGCTGGATTTCCATCTTTATCTGCATATACACGGAACATTGAGAAATCACCTGTATGACGTGGCCTTTCCCAGTTGTCTGTATCTCCACCGAAACGTCCAATCATATCTGGAGGTGTACCAACTAAACGTACATCTTCGTAATCTTGGTAAACGAAGTAGTAATATTCATTGCCTTGAAAGAATGAACGTACTGAAACCACATATTTCCCATTTTCGCTATTTTCTTTTTCAATTTTAGCGATTTCTTGGTTGATGATTCTTTCACGTTCAGCTTCTGACATTTTATTGTTTACTTTTCCTAAAATGCGTTGAGACACATCGTCCATACGTACGAAGAAACGTACTTTTAGATTATCAGGCTTTAATTCTTCAGATTTGTTTTTCGCCCAAAATCCGTGCGTTAAATAATCATTTTCAGGTGTAGATAATTGAGCAATATTTCCATATCCACAGTGGTGGTTTGTTAAAACTAGCCCTTGATCAGAAATAATTTCTGCTGTACATCCACCTCCGAATTGAACAATTGCATCTTTCAATGAATTATTGTTGATGCTATAAATTTCTTCAGCCGTTAACTGTAAACCTTGTTTTTGCATATCGCGATGGTTCAAACGTTCAATGAACATTAAAAACCACATTCCCTCATCTGCCTTCAGCTTCATTGGGAATAACAATACTGCAACTAGTGTTGATAGTAATAGTTTTTTCATTTTTTAATTCTTAATTCGGCGCTAAAATACATTAGTATTTATATAAGTCCTAAAAAACCTATTAAAAACCCTTAATTTCTACGGATTTAAATAATTTTAGAACATATTTTTATTAATGATAAATTGATTTTTTAAATTAAATCCAAGAAAAAAGGATTTACGCTATGAGTAAATCCTTTTTTATTACTTATTCTAAATTTTAATAGGTTGTCAAAGAAACAATATCATTTGTAAATGAATTTAACTTCTCTACACCATTTAAAAATTCTAAATTAACGATAAAAGAAAATTGTGTGACTTTACCACCACATTTTTCTACCAATTTAGCACATGCTTCTGCTGTACCTCCTGTGGCTAACACATCATCATGAACTAACACACGCATACCTTCCTTAATATACGTCTCATTTACTTCGATAGTTGCTTGCCCATATTCTAAATCATATGATTGAGAAACTGTTGGAGGAGGTAATTTCCCTGCTTTACGTACTAAAATAAAAGGAACCCCTAATTTTTGTGCAATTTGAATTCCATACAGAAAACCTCTACTTTCTATACCACATACGGCATCAATTTTACCTTTTGCTTCTTCCACAAAAGCATCGACAATGGCGTTGGATAATTTTGCATCCAAAAACAAAGGCGTAATATCTTTATATTGAATTCCTGGCTGAGGAAAGTCAGCTACATTCGCAATGGTTTGGTCTATACGCTCTCTTAGAGTTGACATAAATTTTACTATGTTTTGTTAAAGTTCAAAGTTAAATAAAAATTATGATCCTTATTCTTCAGGAAATCCTAAACTTTCCCACATTTCATTTGGAATTCGAATTGGACGTTTCGTCTTCGCATCGATACAGCATAGAGTCGTATATCCTTCATTAATTAATTTCTCTTGTTCATTATAAATTTTATAATCCACTTTAATTCGAACACCATTCAAACGTTCGTATACAATAGCTTCAATAGTGATTAATTCATCATATAACGCACTCCCTATAAATTTACAATGCATATCCAAAATAGGCATCTGTATCCCTTGTTTCTCTAATTCGGCATAAGGATATCCAACAGAACGCATCATCTCTGCACGTCCGATTTCATAGAATTCAGCATAATTCCCATGGTACACCACTCCCATTTGATCTGTCTTTGCATAAGTCACACGGTGTTTTATACGAAATGTTTTCATGGTTGTAAAAGTATAAACAAAAAAAAGACTATTTCCTCATCTATCATGTAAAGAAATAGTCTATTCTGTAATTTTTTTATAATCCATCCAACTAAATGTCGGAGACGAAGTATCTACTAATGATTCTTTTGCAAAATCGTAGTATATTTGCAATAATGTTGTGAAAGTTGGATTTGCAATTTGATAAATAAATACTCGAACTGTTGATTCGTTTTCTAACTCTTCAATGTTCTTTAATGTAAATTGGTTCTGAATCCCGATATCTTTAATATGCGATTCAATCTTTACTGTAGCTTGGTCTAATTGTTCTTGTGAAAGTATCATAATGACAAATTTAATTCAAGTTTTTTTACTTTTCAAATCAAACTAATTTTAAACGGGATAAAGCTTTAAACAATAACCGTTTTGAGAATTAACATTATACAAACTATTTTCTAATTTATCAATACACAAAGTGTTTTTTTTATTCAAAATTTGTTCACAATTTTGTGTTCTATCGTTAAGTTTCGGTAGTTATTGATAATCAATGTTTTAATTTTTTAAATCATCATTTTTTGGACTCAAGT
