gap_id	start	end	length	sequence
NZ_CP116016.1_gap1	38650	39916	1266	CCGGTCCCGCTAGCCGAGAGTAAGTTAGGGTTTCTCGTGCTATTAGGATTGTCATTAGCCATTAGCCTTTGTGTCGGTTGGTGGTTAAAAAAGAAAGACTACTTCTAATTAAATGTTCGCGGAAGCGCTTCGCTTTTTTGCTTGAATTGTTTTTCCAAGCGGTATATTCTTAAAGTGTAACAGGTGCATATAGAGAAAGTGAGATGAACAACATGGTTCAAGAATATAAAAGAATACTCGTCCCAGTTGACGGCTCTGAAGAAGCTGAATTAGCACTAAATAAAGCAGTGTGGGTTGCTAAGATGAATCAGGCGCGCTTGGATATTTTGAACGTTTTGGATACCAAGCAATTTGCAGGGAGTTATAGCGGCATGCTTTCAGGAGACGCTATTTTCCAAATCTCTGAAGATGCACAGAATTATCTCAACAGTTTAAAATATGATATCCAAACCAATGACGGTTTGAAAGATGTCGAGATTCATGTGCGGTTTGGTAATCCTAAGAATGTTATCGCACGCGACTTCCCGACAGAATATCAAACCGATCTAATCATGATGGGCTCTACTGGCTTGAATGCAGTTGAACGGATGTTGATGGGTTCTGTGACAGAATATGTTAACCGCACAGCTATCTGTGACGTGTTAATCGTCAAGACTGATGTTGAAAATCGCCCTTATCAAAAAGCAAGTAAGAAAAAATAAATAACAATCCCAAAGGCTAAAAAGGATGAATTCTTTTTAGCCTTTTTGCGTAGTTCAATTTAGGAGGTGGTAATAATGACAAAAGCTGATTGGATGTATGATTCACCTGAATTATTGGCGTATTACCAAACAGAGTGGGGAAAACCGGAACATGATGACCAACGCTTATTTGAATTATTATGTATGGAGTTGTATCAGGCTGGCTTGAGTTGGCGGACTGTATTAAATAAGCGTGCTGCCTTTCGGACAGCATTTAAAGACTATGAAATTGCCAAAGTAGCGCAGATGACACCAACCGAAATTGAGCAGTTACTGACCAATCCGGCAATTATCCGCAATCGTGCTAAGTTGAATGCAACGGTCAATAATGCACAAGCCGTCCTTGCGTTACAAAAGAGTGCAGGAAGCTTTGATCAGTATCTATGGGGCTTTGTTGATGGACAGCCAATTGTAAATCGGCCCCGAACTTGGGCGGATGTCCCCGCAAAATCAGAGCTATCGATCCAAATCAGCAAGGATTTAAAACGGCGGGGCTTTCAATTTGTCGGACCAGTCGTCATCTATT
NZ_CP116016.1_gap2	64127	68127	4000	CCATACCATTCTAAATTGGATGGCTTACAAGAAGCAGCCAAGGGTGATCAAAAGATTGGGACGACTAATCGTGGGATTGGCCCAGCTTATATGGATAAAGCCGCTCGGAGTGGGATTCGGATTGCCGATTTATTGGACAAGGAACTCTTTGCAACTAAATTAAAACAAAACTTAGACGAAAAAAATGCGCTCTTTACTAAAATCTACGGTGCTGAACCACTTGAATATGAGACAATGTTTGCAGAATATTATCAATATGGTCAAGAAATTAAACAATATGTTTGTGATACTTCAGTTGTTTTGAATGATGTTTTGGATCAAAAGGGGAATGTCTTATTTGAAGGCGCACAAGGCATCCTCTTGGATATCGACCAAGGTACGTATCCATTTGTGACATCATCAAACCCTGCCGGCGGCGTTTCAACAGGTTCAGGAGTTGGTGCTTCACGGATTGACGAAGTGGTTGGGGTGGCTAAGGCTTATACCTCACGCGTTGGTGATGGCCCATTCCCAACTCAGTTAGATGATGAAACTGGCGACTTCATTCGTGAAGCCGGTCATGAATATGGTACTGTTACTGGTCGCCCAAGACGCGTTGGTTGGTTCGACTCAGTTGTGCTTCGGCATTCAAAACGAGTGGCAGGTGTGACCCAATTATCATTAAACTGTGTGGATGTCCTAACTGGGATTAAAACATTGAAGATCTGTGTCGCTTACGAATTAGATGGCGAACAAATCGATCGTTATCCAGCAAGTCTCCGCGAATTAGAACGTTGCACACCGATTTATGAAGAATTACCTGGTTGGGATGAAGATATCACGGATGCTAAGACGCTAGAAGACTTGCCAGCTAATGCGCGGCACTATGTTGAACGAATTCAAGAATTAGTTGATTTACCATTAGCAACATTTGCTGTTGGTCCAGATCGTGAACAAACAAATGTCTTATCTGCTATCTGGTAGGTATTGCTGAAAAAGAGTACAAAAAAAGAGAATGCAAAGTTCGTTTTCTAAACGTGTCGTTAAACACGCCAACAAACTTTCATTCTCATGGGTTTGGCACCAGTCAGTATTATACACACATTACCACTAAAAAGATAGTGGGAAAATTAGTTGGTTTAGAGGAGTCGTTATGGAAAGAGTAAGTCGTTTCTTCGGGATTGAAGAACAACATTCAACAGTGCAACGGGAAATCCTAGCAGGATTCACCACATTTATTTCAATGGTTTATATTTTATTCGTTAACCCGAGCGTTTTAGGTGATTCAGGGATGGATAAAGGGGCTGTTTTTGCAGCCACAGCATTAGCAAGTGCGATCGGGTGTTTCTTGATGGGGTTATATGCTAAATACCCAATTGCAACCGCACCAGCTTTAGGGATTAATGCCTTTTTCAGTTATTCAGTGGTTATCGGGATGGGCGTGTCATGGCAGACGGCGTTAGCGGGTGTATTTGTGGCTTCATTAATCTTCATGTTGATTACTGTCTTTAAGCTACGGGAAATCATTATTGATGCCATTCCGCGGAATATGAAACTAGCGATTTCAGCTGGGATCGGGATGTTTGTGGCTTTCATCGGTTTACACGGTGGTGGCTTGATTGTTGCGAACAAATCAACCGTTGTTGGTTTGGGGGACTTCTCGCAAGGGACGACTTGGTTAACTGTTTTCGGCTTAATCATTACCGTTATTTTAATGGTCCGTAAAGTACCAGGAGCAATCTTTATCGGGATGCTTCTAACCTCAATTGTGGGAGCCATCAGTGGCCTAATTAAGTTGCCAACACACTTTGTTGCAGCTGCGCCAAGTTTGAAACCCACTTTCTTAGCTGGTTTAAATCACATTGGCGATATCAACACCGTTCAAATGTGGGTCGTTGTACTCACTTTCTTATTAGTGACCTTCTTTGATACCGCCGGGACATTAGTCGGTTTAGCTGAACAAGCCGGCTTCATGAAAGATAACAAGATGCCCCGCGTTGGGAAAGCTTTGGTATCAGATTCAACGGCCATGTTAGCTGGATCATTACTCGGAACATCACCAGTTGGGGCCTTTGTCGAATCGTCCGCTGGGATTGCTGTTGGTGGTCGAACTGGTTTAACGGCCGTTGTGACGGGTGTGTTATTCGTCTTCAGTTTATTCTTCTCACCATTATTGACGGTTGTCACGTCACAAGTGACGGCCCCCGCATTAGTGATTGTCGGTGTTTTAATGGCTCAATCATTGAAGAAAATTGACTGGGAAAAATTAGAAATTGCAATTCCTGCCTTCTTAATCGTTCTAGGCATGCCACTGACTTACAGTATTTCTGACGGGATTGCATTGGGCTTTATCGTCTATCCAATCACAATGATTACAGCTGGTCGTCGCAAAGAAATTCATCCAATTATGTATGTTTTATTCTTTGTTTTCGTGGTCTTTATGTACATCTTAAACGTAAAATAAACAACAAACGCACAGCCGAAAGTTTCGGTTGTGCGTTTTTATGTGTTGCTGTTATTAATTGCGAATCACAAGGATTTAAAGCCGGTAAATATAAAATAGTGTGTTACAATAGTCGTAAATACTAGTGAAGGGTTTAAACTGTTATGCAAAAAAAGACAAGAAACCGATTAATTAATGGCTTATTAGCCATTCTGTTAGTGGTTGGATTAGTGTTGGTCTTCATCAATCCAATCCGCAACCAACTGGTTAAAATGATGGCGCATCGTCAGATGGACGTCACAGCTGCTCAAATTAAGAAAAACCAACATAAAAAAGCGAGCTTTGATTTTGATAAGGTTGATTCACTCGATACAAAACAGATTGTGAATGCCGCTATTAAAGGCGATGTGATTGTCTTAGGAAAAGTTGCAATTCCAAGTGTCAAGATGGCCTTGCCAGTCATGAAAGGCGTCTCAGAGGACACAATGGCTCAAGGTGGAGGCACAATGAAACCTGATCAGCAAATGGGTGCAGTTAACAATTATGCTTTAGCAGGGCATTCTTTCCAAAACATCTTTCTGCCACTTGAAAATGTGCGCGTCAGCGATAAGGTCTACTTAACGGATATGGAAAAAGTCTACACGTACAAAGTTGATTACAAAGCTTCAATCAGTCCATACGACGTAAAAGTCATCGATGATGTACCAGGTCGTAAAATGGTGACACTGATTACCTGTGATAAAACGGTCCGCAGATGGTGTATTCAAGGTGAACTCGTGAAGACCCAAAAGGCAACAAAGAAAATGTTAGCTGTTTTCGGGAATTAACCCGGGAAATAAAAGACTGCCAGTGAGTTGAAATGCTTTAATAGCAGGGATGCAACAGATTTGTTGCTTGTTTTTGTGGGGATTAATTCGTTAAATTAGGTTTATAGCGGAGGTGGCAAAATGTCAGTTGGGAATGCTTTAAAGGAAGCTAGGATGAATGTTGGGGTGACGCAGGAACAAGTTGCACAGAAATTGTTTGTTACACGTCAAACGGTTTCTAGATGGGAGCAAGATAAAACATTACCAAACGTTCATGTTTTAAAAACACTTAGTGTGCTTTATGGTATTCCAATTGATTTCATGTCTGGCATTATTCATTATTGGGCTTGTGCTTTATCCAGTCGCTAAGAAGATATCAGGAATGGTTGTTAGCTTTGGTAAACAATATGTTAAATATAATCAAAAGGCTCTATACGCATAAACATAAAAACGTCATCTATTGGATGACGTTTTTTATTTGAAAATCATTGGAATGAGGCCACCTACTAAGAATAGAATAATCAATACCCAAATGACTTTTCCGAGTGGGTGATTCGGGTTAATCGTTAAGCCGACCCCAATTGGCTTAGGGATAATTAAGGGCTGTTTAGCATGCGGTATAATTGGATAAAATTGGCGTGTTTTGAAGTAACTGAAGCCAATCAAAACAACCGCAACGCTTAAAGTTAATAGCCCAGACATTGATTCGGTTAAGACTGCAGGGAAAAAGGCGTGGACGATTAAAATCACAAGTAATGTCCCTAATGAGAGT
NZ_CP116016.1_gap3	85331	89591	4260	CTTCACAAACAACAACTGCCTTTAATAAGGTCAATAAAGCGGTTGTGTCAGTTGTTAACTTGCAAAAACAACAAGATAATTCAGGCGATTTGAGTGCGCTCTTTGGCGCGGATAGTACCAATAAAAAAAGTAGTAGTAGTGAGCTTGAAGAATCGAGTGAAGGCTCAGGTTTAATCTACGAAAAGAAAGATGGTAAAGCCTACATTGTCACGAACAATCACGTTATTTCTGGCTCAGATAAGTTGGAAGTCATCCTTAGTGATGGCACAAAAATTGATGCTAGCTTAGTCGGAACGGATGCCGTTTCTGATTTAGCCGTTTTAAAGATTGATAGTGCCAAAGTGACGAAGACCGCAACGTTTGGTGATTCTGACAGTATTAAACCTGGTGAATCAGTACTCGCGATTGGTTCGCCTTTAGGCTCAGAATATGCTACTTCTGTTACCCAAGGGATTATTTCAGCAAAGAAACGGACGATTGATGTGACGGATGAAACAACCGGTCAAGCGACTGGCCAAGCAACCGTTATTCAAACTGATACAGCGATTAACCCTGGGAATTCAGGTGGTCCGCTAGTTAACCTTGCAGGACAAGTCATCGGGATCAATTCAATGAAGTTAGCTTCTAACGGGAGCACAACGGTTGAAGGGATGGGCTTTGCCATTCCAAGTAACGAAGTGGTCAAAATTATTAACCAATTGGTTGCAAATGGGAAAGTTGTTCGACCAGTGCTTGGGATTAGCGTCATCGATTTGACGAATGTTTCATCAACGCAACAATCATCAGTCTTGAAATTACCAACCTCTGTGAAGAGTGGGGTAGTTGTTGCATCAGTCAATGCCAACTCAGTTGCTAAGAAGGCAGGGATTAGTAAATACGACGTCATTGTTGGTTTAGGTGGCAAGGATATCACAAGTGTTGCTGATTTACACACGACACTTTACAGTTACGATATGAATAGTACGGTTGAAATTCAGTATTATCATAATGGTGAATTGAAGAAATCAACAGTGAAGTTGACTGAAGCAGCATCAACAGATAGTACAACGGCAGCAAAATAAATTAAAGCCGCCAGCATCAATTAGATGTTGACGGCTTTTTATTTTGGTTAAATTCAGACTAAAGTGGCAGGAATGTTAAGTTTTAAAAATGTCAATGTGGATAGTAACCTGGGAAGAAATCCGAGCGCCTGTGGATAAGTCTGTGGATTGTGGGTATAACACGGTTAAAAGGTCTTTTTAGTTATCCACAAAAAAATTAACAGGCGGTGGATAACTTTTTTAAAATTATTATAACATCAGAACAACGCTGATATAAAAGGATTTGTAACCGGATAATTCGAAGAACGAACAATCAAAAAAGGGTGGATAACTTTTTTATTAAATTTAACGAAAAAATTTAGGTGTCGGTTATTTGGTATCAAGAAAAATTCGAGATACCATATTTGGGACGAACACCTGTGCATATGTGGACAACTTTTGTGGATAAGCAGTACTTTTCGGTGAATTACTGTGAATGGCTTTTTTTCTGCATTGTTTTCTCATAAAATGTAAGTAACAGTAGGAGGCTATTTATGAACATTAAAGTAATCACAGTTGGTAAATTAAAGGAAAAGTATTTAAAAGCGGGGATCGCGGAATATGCGAAACGGCTCAGTAAGTTCTGTAAGTTCGAAATGATTGAAGTCGCGGATGAAAAAGCGCCGGAATCATTGAGTAACGCGGAAATGACCAATGTCAAAGACAAAGAAGGCGAACGAATTCTTAATAAGATTAAGGATAAGGAGCACGTGATTGTTTTGGCAATTCAAGGCAAGGAACGCGCTTCAGAAGAATTTGCACAAGAAATTCAAGATTTAGCAACCTATGGCAAATCAGATATCACGTTTGTCATCGGTGGGTCGCTTGGAACGAGCGATGCCGTTAATAAACGCGCCAACGATGCGCTATCATTTGGCAAGCTCACGTTACCGCACCAATTGATGCGTTTAGTATTGACCGAACAGATTTACCGGGCGTTTATGATTAATCAAGGAGGTCCGTATCACAAATAAAAATAAAAAAAGAAACCCCATGGGTGAAGTGAACCCCAAATATTGGACGAAACTTTAAGCAGCTTTCTGGGTTGTAAAAATTCGATATTCAATCGGACTTTTACAACCCAGTTTTGTTTTAATTCTTGAAAAATTATAATCATCAATCCAAACCGATATTTGTGAAACTAGCGTTTCATAAGTATCGGTTTCTTTTTGGTAGAAAGCTTCGGCTTTCATAATATGGAAAAAGCTCTCCATTGCTGCATTATCCAAACATGTTGCTTTGCGAGACATACTTTGAAAAATGCGATGTTCTTTCAAGATATGAGTCCAATCTTGATGCTGGTATTGAAATCCTTGATCTGAGTGGACTGTTGTCCGGTATTTTAAATTCTTAGGGATTTTCTTAACTGCTCGATTCAAAACAGTTGTAGTAAATTCAACAGTAGGGTGTTTACTAACTTGATGGCTGAGAATTTCACCTGAGAATAAATCATAAATACATGTGAAATAGGCGCGTTCATCAATTGTCTTGGTTCCCCAGCGAACTTCAGTAACGTCTGTTACTAGTTTTTGATAAGGATGATCAGTGAAGAAACGACGGTTGATCAAGTTCTTAGCAACGGTGCCAACATTGCCTCTATATGAATTATATTTACGAGTACGTTTGTTAAATGCAGTTGATAGTAATTGCAGTTCTCGCATTAAGACAAGTACTTTTTTATGATTTACTAAGATATTCATACGATGTAATTCACCAGTTACACGACGATAACCGTACGCTGGATGATTCTTCTTGATTATTTGGATGGTTTGTTTAACAGATTGGTCAGATGAACCGTTCGGTTCATGACTAATAATGTATTCATACGTACTTTTGGCCATACCAACTATTTTTAGAATTTTTACTAGTTTGTGTTTAAGCCTTAGCTCTTGGATGACTTGCGCTTGTTGTTTTCTTCTTCCTGGACTAAGGCTCTTAATTTTTTTAGGTATTCATTCTCGATTTGTAGTAATTCATTTTCTTCTCTAAGACGTTCTAACTCTGTTTGTTGCCGTTTTTTTGATTGTTTATCAGCTGACATAATTGTTTGCCGTCCTTTGGAACTAAGGCATCAGCACCCTCAGTCTCCCAAATATGTTGCCATTGCCAGATGGTCCCGATGTTTGAGATATTAAAATGAAGTGCGGTTTTCGGATAAGAAGCCTTATTCGTTTTCATCCATTTTAAAATATTCATCTTAAATGAGCCATCAAATGTTTTTTTGGGTGATAGGACATCCAGTCTTTTTGGGCCAAAGGCCTTATAACGTTGAGCCCACGAGACAACTAGTGAGTTACTCTTAATACCATATTTTCTCGCTATTAATTTATAACCTAAGGGTGACGTTAGATAATCCTGAACAACTTTTATTTTTAATGTTTTAGAATATTTGGTCAATATAAAAACCCCCGATATTGGATTTTGGTCCAATATCGGGGGTTCACTTCATAATGCTAAATCAGCCTTCTTTTTCTCTTTGGAAAATTCTATAATTAATCCGAACAGAAATTAAAAAGCCCAAAGCAATCACTTACAATGGTAGTAGCTAATTCCAACCAATATAGGGAGTGATTACTTTGGGGACATCTACTTTATCACGTTTTCAACGTGGCGCACTAGCACAACTGGTCAATGAGGGGAATAAATCTTACCAAGTAATGGCTGACGCCTTAGGCGTCGCCAAAGCTACGATTAGCTATGAGTTGGACCGAGTTAAACCTTATGATCCAGAATTAGCTCAGCAAGATGCAGATCGCAAAAGGCGGAATTGCGGTCGTCGTTCGATGCTGACGGCAGCATTAGCGACTTTAATTACCAATCACTTACGATTAACCTGGTCACCAGAAACCATTGCGGCCGCTTATAACTTGAGCACTGCGTCAATTTATAATTGGCTTAATCGTGGCTGGCTCCCCTTCAAATTGACTGATCTACCCAATCGGAATGTCCGCCAGCACCGAGTGAGCGAAAATCGTGGGAAATTTACAAGTGGGACTTCCATCGAACAACGGCCAACAACTGTTAATCAACGGTTAGCTTTTGGTCATTGGGAAGTAGATACGGTGCTTTCTAGTCGAAGTGAGTCACGATCATGTCTGGTTACATTCGTAGAACGTAAGACCCGACTTCTATGGGCCATAAAAGCCCCTAATAGAACGGCTAAGGCTCTAAACACCGCTTT
NZ_CP116016.1_gap4	93092	96173	3081	AACCCGAAATCTTGATGAATATGTATCGTGATCTAATTTTAGAAGACCAGTCTAACTACAAAGTAACGATTAAACCCAATTTCGGTGGGACCACATTCTTATTTAACGCCTTGAAGGCTGATAAGATTGATATTTATCCTGAATTCACAGGAACGGTTTTACAAACGTTGGTGAAGTCGCCAACTAAGACAAACCAGAATCCAACTAAAACATATCAACTTGCAAAAAAATCGCTACAAGAACAGTTCAATATGACGTACTTACCGCCAATGCGCTATCAAAACGGTTATGACTTGGCGGTTACTGCGGCCTTTGCCAAGAAATATAATGTCAAAACAATTTCGGATTTAGCCGCTTTGAATCAACCATTTACGGCCGGTTTTGATCCTGATTTTTATCACCAAAAAGATGGGTATCAAGGGTTAAAGGACACCTATCAATTAAATTTAAATGCTAAAATTATGGAGCCAAGTATTCGCTATAAAGCGATTGCGGACGGCAAGGTCGATGTGGTCGATGGTTATACAACCGATGCGGAAGTCGCACGGTACAAGCTAGTTGTTTTAGAAGATGATCGTCACTTCTTCCCGCCTTATCAAGGGGCACCGATTATGAAAGCCGGCTTTGCCAAAGCGCATCCGGAAGTCGTCAAAGCATTGAATCGCTTGGCAGGTCAGATTACTGAAAGCCAAATGCAAGAGATGAACTACCAAGTACAGGTCAAACACCGCAAAGCACGCGATGTGGCCCATGATTACTTGGTTAAACAGAAATTAATTAGTCACTAACGAACAATGCTTGACCTTCACGTCACGTCAGGCCTTATAGTGGGTTTTGAAGGAGGGAAGGCAAATGGATTATCAGATTAAAACTTTCGCTGAATTGACCAGGGTTTCTGAGCGTACGCTACGGTATTATCACGAGCGCGGTTTACTGGTGCCAGCGGTTGCTAGTAATGGTTATCGAACGTATTCGAGCCAGGATGCAGATCGACTGCAGTTAATCTTAATGTACCGTCAACTACAGTTTAGTCTGGCTGAGATTCAGCAGCTGTTGGCGTTACCACCGGCCGAGCGTCTGGAACGCTTAGCAAATCAGCGGGAACAACTGGTTAAACAACAAGCTGCGCTAATGGCAACGTTAGCACAGCTAGATGCGACCCTTCAAAATCAAACCGGAGGGATTCAAATGACAGATCAAACTAAATTCGAACAGTTTAAACAACAGGCGGTGGCTGAAAATGAGCAACGCTACGGGCAAGAAGTGACGACTAACTATGGGAAACAAGCCAAGCAAGAAGCCGATCAGCACTTTTTAGGGCTAAGTGAGGCCCAATATGCAACGATGCAGGCGGCTGAAGACCGATTGAAGACGGCATTACAAACTTACTTGGACCAGCCGCAATTGCCATCAGAAGCGGCGCAAACAGCCTTTGAAGCCCATCAAACGTGGTTACAAACAGCGACTCCCCGGTATAGTCTAGCAATGCACCGCGGTTTAGCAGCCATGTATGTAGCAGATGAACGATTTACAGCATACTACACTAAGTTAATTGGAGATCAACGCGCAGCGGAGGCTTTACAAACGATTATTGAATATTATGCAATTGAAGCCTAAAAAAGGACTGACATTTGTCAGTCCTTTTTGATTATTTAGCGGGAATTTTCCGTAATACCCGTGCTGGATTACCAACTAAAATTACGTTATCCGGATAGGATTTGGTCACGACACTGCCGGCACCAACGACAACGTTATTGCCGAGCGTGATTCCTGGCAGAATTGTGACATTTGCACCGAGCCAGACGTGATTGCCGATAGTAATGGGACTAGAAATTTCTTTTTTTGTCGCACGTTCTAAAGGGTCAATTGGGTGGTAGGGGGTTAAGAGTGATACTCCTGGGCCAAATTTACAGTAGTCACCAATGGTGACTGGTGCTTCGTCACAAATAACGACGTTACGATTGGCGTAAAAATGATCGCCAATCGTAATGTTTTCACCGAAGCTAAATTCAAAACCGGTTTCGATGAAAAAGTCGCTACCGGTATGACCGAGTAATTTTTGGATAGTGGCCATCCGTGCATCGTTATCTAAGATTTGGCCGGATTTTTGTAAGGCAATGCGGGTTGCATCCCGTTTTTGAATAGTGACCGCTGAATCAAAGTACCATTCCCCGTTGGTCATCGCCCTAAAAGCGTTGTCAGTTTCGTGCATATTATAAGTCGCCTCCGTTAATTGTACTCTCTAACGATAGAACAATTTATCCTGGAGTGCAAATTGGGTTAGTGAGTGCAGTTCGGAACTATCTATGGGATGCTAATCATAGATAATTTTTGGAGGGCAATACGATGGATACCAAGCAAAAGCTAGCAGATACCTTAAAAGAATTGATGAAAACAACTCCGGTCGATCACATTACGGTCAATCAATTGACAAGCAGTGCTGACGTTGCGCGCAATACGTTTTATTACCATTTCGCCGATATTAATGAGTTGGTTGCTTGGATTTATAATCGTGAAATCGTTACGCAACTGGCAGTATATCAACGTGAACGCGATTGGGTCGTCGGTCTAGATGTCTTGGTAACTTATATTGAAAACAATCGGCATTTCTGTTTAAATACGTTTCATTCACTTAATCGAGATTTGCTAAGTCGCTTTTAACATAGTTGCAGGGGTTGTTCAAGATTTAAAGGTGGATTGTCCAGCGACTTTCCGAGATGAAATTGCCAATTTCTATGGTTGGGCATTGGCGACACAGATTACGCAATGGCTTGTAACAAATCTACAAGAATCTAAAGAGGAATTTTATCAGCGCATGCATCGCATGTTAAATGGTACTGTGAACCATGTTTTACAAAATAATCATTAAATTTGGACATTTACCCTGAATTGACCATACATAAACCGCCAGCTTGCAGTTAAAGTAAGAATGTAATTAGCAATTATTTCTTTGGAGGTGACTGATATGTTTTTATTTCAAAATATTTCAGGAATGGATTGGCTAGTTTGGGGACTAGTGGTTATTGCATTAATGGTTTTAAATGAGGCAGCCCGGGCTAACAAGTGGATTGGATTAATTCT
NZ_CP116016.1_gap5	159967	162428	2461	ATTTGATACTCGCGGCAACGAGTCCACAGACATTAGCGGTTAATAATAAACAATTAGAAGAGCAGCTTCGAGCACAGATTCTAGTTGCAGTGTTAGAACGACTACGATATGAAATTAAGTAAAGAGTGGGGGATTATCCATGAATAATCTATTTACACCAAGTGCAAAAAACGTCTTAATGATGGCACAAGAACAAGCAAAGAAATTTAATCACCATGCACTAGGAACGGAACATCTCCTATTAGCAATCGTATTAGAAAATGAGGGAATTGCTGGGACTACCTTACGCGAATTAGGTGTCAATTCGACCGATGTCCTTGAAGAAATTGAACGCTTAACCGGATATGGCGATGCTGTAATCGCTTCTGGCATTGGCGGTTATTTACCATATTCGCCCAAAGCCAAACAAGTACTCGATATTGCTCGGGTTGAAGCGCAACAAGCTAATTCGGTTAAAATTGGCACAGCACACCTATTATTAGCACTTTTACGTGATGATGATATTATCGCTGCGCGGATCTTATTGAACTTAGGACTTAGTTTAGCTAAAACACGCCAACTACTACTTCAAAAGATGGGTGTGGATACGGCAACCGCTAAAAAACGGGCTAAAGCAGCTAAGAATAATGCCGATCAAGCTGGGACACCAACGTTGAACCAATTAGCGCGCGATTTAACACAACTTGCTCGTGACAATCAAATTGATCCGGTCGTGGGTCGTGATGAAGAAGTTCGGCGACTTGTGCAGATTTTAGCCCGGCGTTCGAAGAATAATCCCGTCTTAGTTGGTGAACCTGGTGTCGGTAAGACAGCGATTGCTGAAGGTTTTGCGCAACGCATCGTCAATGGTGATGTGCCAAGTGACATGCAGCAAAAGCGGCTCATGATGCTCGACATGGGGTCATTGGTTGCTGGGACAAAGTATCGTGGTGAATTCGAAGATCGTTTGAAGAAGATTATCGATGAAATCTATGCAGATGGGCAAGTGATTCTCTTTATTGATGAATTACACACCCTCATTGGTGCAGGTGGCGCTGAAGGGGCAATTGATGCTTCTAATATCTTGAAACCAGCATTAGCGCGTGGTGAATTACAATTAATTGGTGCGACGACTTTAGATGAATATCAAAAGTACATTGAAAAAGATGCAGCTTTAGAGCGGCGATTCGCGACCGTCATGGTCAATGAACCAACGCCAGAAGATGCGGAACAAATCTTAAAGGGATTACGTCCACGTTATGAAGCTCATCATGGGATTGCAGTTTCAGATGAAGCTTTACATGAAGCGGTTGTCTTATCAAATCGCTACATCACGAACCGATTCTTACCGGATAAGGCAATCGATTTAATGGATGAAGCGACGGCTAAAGTGCGCTTGGATGCTGTTAACCAGAAGACACCGTCGGATAAATTAGAACAAAAACTACAAACTTTAAATGACGATAAAGAAGCCGCTGTTCGCGCGCAAGATTTTGAAAAAGCGGCGACGATTCATGAGCAAGAAGTAACCACTAAGGCCAAGATTGCCAAGTTACAAGCTGCCGAACAAGAAAACGGTGTTCGCAGTGACATTCAAGTGACTGCTGAAGACATCGCTCAAGTGGTTGCGCAATGGACCGGTGTGCCTGTTACTCAGTTGCAACGCAAAGAAAGCGAACGTCTCATGCAACTTGAAAAAGTCTTGCATAAACGGGTTGTTGGCCAAGAAGAAGCCATTTCTGCCGTTTCACGTGCAATTCGTCGTGCGCGCAGTGGTTTGAAAGATCCAAAACGACCAATTGGTTCATTTATGTTCTTAGGCCCAACCGGGGTTGGTAAGACAGAGTTAGCCAAAGCATTGGCGGAAGCTATGTTTGGTTCTGAAGACAACTTGATTCGGGTTGATATGTCTGAATATATGGAACGTTACAGCACGAGCCGTTTAGTTGGGGCGGCCCCTGGCTATGTCGGCTACGAAGAAGGCGGCCAATTAACAGAAAAGGTCCGCAATAAACCATATTCCGTCATTTTATTTGATGAAGTTGAAAAGGCCCACCCTGATATCTTCAATATCTTGTTGCAAGTCTTGGATGACGGCTATTTAACCGATTCAAAAGGACGTAAGGTTGATTTCCGTAATACAATTATGATTATGACATCGAACTTAGGTGCAACAGCCTTACGTGATGATAAATCCGTTGGGTTCGGGGTTAAGGATGTAACTGCTGATTATAAAGCAATGCAAGGGCGCATTATGGAAGAATTGAAAAAAGCATTCCGTCCAGAATTCTTAAACCGAATTGACGAAACGGTTGTCTTCCATTCCTTAACCCAGCCTGAATTGCGCGAAATCGTGAAGATTATGGCGAAGAATGTCTTAGGCCGTTTAGCGGAACAGGGGATTCAAATCAAGATGACAGCTGCAGCGATGGATGTTGTTGCCAAAGCCGGGTTCGATCCTGAATATGGGGCACGACCAATT
NZ_CP116016.1_gap6	170847	172091	1244	ATTTATGGGACGCTGTTCGTGAAGCAAACATGCCTTCTGATGGTAAGAGCATTCTTTATGATGGTCGGACCGGTGAACCATTCGATACACGTGTGTCAGTTGGTGTCATGTACTACATGAAACTAGCCCACATGGTTGACGATAAACTCCATGCACGTTCAATCGGACCTTACTCACTTGTTACGCAACAACCATTGGGTGGTAAAGCTCAATTTGGTGGCCAACGTTTCGGTGAAATGGAAGTTTGGGCTCTTGAAGCTTACGGTGCCGCTTATACCTTACAAGAAATCTTAACTTACAAGTCTGATGACGTTGTTGGTCGTGTGAAGACATACGAAGCAATCGTTAAGGGTGAACCAATTCCAAAACCAGGTGTTCCGGAATCATTCCGAGTATTGGTTAAAGAATTACAATCACTTGGCTTGGATATGAAGGTCTTGGATATCGATAATCAAGAAATTGAATTACGCGATATGGACGACGATGATGATGATATCGAAAACATCGATGCATTATCTAAATACGCTAAAGAACAAGAAGCCAAAAAGGCACAAGAAGAAGCTAAAAAAGCACAAGCAGCAAATGCTGATGCAGTAGATCCATCTGCTGAATAAAGCGTGCTATAAATTATGAGGAGGTCGGCCCTTTGATAGATGTCAATAAGTTTGAAAGTATGCAAATTGGTTTAGCATCTTCAGATAAAATCCGTAGTTGGTCGTATGGTGAAGTTAAAAAGCCAGAAACAATCAACTACCGTACTTTAAAACCTGAACGTGATGGCCTTTTTGATGAACGAATCTTCGGACCTACGAAAGATTGGGAATGTGCTTGTGGTAAGTACAAACGAATTCGTTATAAAGGAATTGTCTGTGATCGTTGTGGCGTTGAAGTTACGCGTTCAAAAGTGCGTCGCGAACGCATGGGACATATCGAACTTGCAGCACCAGTAACACATATCTGGTACTTTAAAGGGATTCCTAGCCGGATGGGTCTTGTCTTAGACATGAGCCCTCGTGCATTGGAAGAAATTATTTACTTCGCATCATACGTTGTGATTGATCCAGGCGATACAGCCTTAGAAAAGAAACAACTGATGACCGAACGTGAATATCGTGAAAAATTAGATGAATACGGTAATCGTTTTAACGCTAAGATGGGTGCTGAAGCCATCAAAGAATTGTTACGTGACGTTGATCTTGAAGGCGAAGTGGCTGAATTAAAGGAAGACTTGAAGTCAGCACAAG
NZ_CP116016.1_gap7	176417	179480	3063	CTTATATTCCTGGTATTGGTCATAACCTACAAGAACATAGTGTTGTTCTTATCCGTGGGGGCCGTGTTAAGGATTTACCTGGGGTACGTTATCACGTTATCCGTGGTGCTTTAGATACTGCCGGTGTTGACGGTCGTATGCAAAGCCGTTCTAAGTATGGTACTAAGAGACCTAAAAAATAACACACAAAAAAATTTGAAAAAGTCGATTGAAGTTTAAATGACACTGTGTGTTACTTCAAGGACTTAAATATCTTGAGGAGGTTATCAGGATGCCAAGAAAAGGCTATGTTGCAAAACGTGACGTTTTACCTGATCCAATGTACAATTCTAAATTGGTTTCACGCTTAATCAACCGCTTAATGATTGATGGTAAACGTGGTACTGCGTCAACAATCTTATACGATGCATTTGATATTATTAAAGAAGAAACTGGTAATGAACCATTAGAAGTGTTCGAAGAAGCTATGAACAACATCATGCCAGTACTTGAAGTTAAAGCTCGCCGTATCGGTGGTTCTAACTACCAAGTACCAATTGAAGTTCGTCCAGAACGTCGTACAACTTTAGGTTTACGCTGGTTAGTAAGCTATGCTCGCCTACGTGGGGAACATACCATGGATCAACGTCTTGCACGTGAAATCATGGATGCTGCCAATAACACTGGTGCTGCAGTTAAGAAACGTGAAGATACACACAAAATGGCTGATGCCAACCGCGCATTTGCACATTATCGCTGGTAAGATTAACAAGGTTGGCTGTTATATGTATTCAAATCATATAATGGCCTCTTGTTGTATATAGCTTAATATTCGAGAGGAGTAATATTCACTTATGGCAAACAAACGTGAATTTCCGTTAGACAAAACGCGCAATATCGGTATCATGGCTCATATTGATGCTGGTAAGACAACAACCACAGAACGTATCTTGTACTACACTGGTAAAATCCATAAGATCGGTGAAACCCACGAAGGGGCTTCACAAATGGACTGGATGGAACAAGAACAAGAACGTGGGATTACAATTACATCAGCTGCTACAACAGCTGAATGGAAAGGTAACCGAGTTAATATCATTGATACACCAGGACACGTTGATTTCACAATCGAAGTTGAACGTTCATTGCGTGTTTTAGATGGTGCAATCACTGTCTTAGATGCTCAATCAGGTGTTGAACCTCAAACTGAAAATGTTTGGCGTCAAGCAACTACTTATGGTGTTCCCCGGATTGTTTTCGTTAACAAGATGGACAAACTTGGTGCTAACTTCGATTACTCAATGACAACATTGGAAGATCGTTTACAAGCTAATGCACATGCTGTTCAAATGCCAATCGGCGCTGAAGATGAATTCCAAGGCGTTATTGATTTGATCGAAATGCAAGCTGACATCTATGATGAAGATGAATTAGGTGCTAAGTGGGATACAGTTGATGTACCTACTGACTACCTTGAAGAAGCTACAAAACGTCGTGCCGAATTAGTTGAAGCTGTTGCTGATGTTAATGACGACATTATGGACAAGTATTTAGAAGGCGAAGAAATTTCTAAAGATGAATTGAAGGCTGCTATTCGTCAAGCAACTATCGATTTGAAATTCTTCCCAGTTTTCGCTGGTTCAGCTTTCAAAAATAAAGGTGTTCAAATGTTAATGGATGGTGTTGTAGATTACTTACCATCACCATTAGACGTACGTCCTTATAACGCTAAAAACCCAGAAGATGATTCAGAAGTTGAATTGATGGCTGGCGATGACAAACCATTTGCTGGTTTAGCATTTAAGATTGCTACTGACCCATTCGTTGGTCGTTTAACATTCTTCCGTGTTTATACTGGTACATTACAATCTGGTTCATACATTTTGAATGCAACTAAAGACAAACGTGAACGTGTTGGTCGTTTATTACAAATGCATTCAAATCACCGTAACGAAATTCCTGAAGTATTCTCTGGGGATATCGCTGCTGCAATCGGTTTGAAGAATACAACAACTGGTGATTCATTGACTGACGTTGATCATCCATTAATCTTGGAATCAATGGAATTCCCTGACCCAGTTATCCAAGTTTCTGTTGAACCTGAATCAAAAGAAGATCGTGATAAGTTAGATCTTGCTTTACAAAAACTTGCTGAAGAAGATCCTACATTCAAGGCTGAAACCAACAATGAAACAGGCGAAACGCTTATTTCTGGGATGGGTGAATTGCATTTGGATATCATGGTTGATCGTATGAGACGTGAATTTAAAGTGGTTGCCAAAATTGGTGAACCTCAAGTTGCTTACCGTGAAACATTCACAAAACAAGCATCTGCACAAGGTAAATTCGTTCGTCAATCCGGTGGTAAAGGTCAATATGGTGATGTTTGGGTTGAATTTACACCTAACGAAGAAGGTAAAGGCTTCGAATTCGAAGACGCTATCGTCGGTGGTGTGGTTCCTCGTGAATACATCCCATCAGTTGAACAAGGCTTGAAAGAATCAATGGCAAACGGTGTCTTAGCTGGTTACCCATTGATTGACGTTAAAGCTAAGTTATATGATGGTAGTTATCATGATGTCGATTCTAATGAATCAGCATTTAAGATTGCTGCATCAATGGCATTGAAGAACGCTGCTAAACAAGCTGGCGCTGAAATCCTTGAACCTATCATGAAGGTTGAAGTTATTGCTCCTGAAGAATATCTTGGCGATATCATGGGACAAGTAACTGCTCGTCGTGGTGCTGTTGAAGGGATGGAAGCACGTGGTAATGCCCAAATCGTTAATGCAATGGTACCATTGTCAGAAATGTTTGGTTATGCGACAACATTACGTTCAGCTACACAAGGTCGTGGGACATTTACAATGGTATTTGACCACTACTCAGCTGTTCCTAAGAGCATCCAAGAAGAAATCATCAAGAAGAACGGTGGCCAATAAGCCGCTAATCTTAAGTGATTGGTTTCGATTGGAAAAGGACTCGTCATTGCGACGAGTCCTTTTTTTGTGCGTAAAAATGCGATTTTACAGTTTCGTAAATGAAAGTTCATATTTAATTCATAACTGGTTGGTATTCTGTATA
NZ_CP116016.1_gap8	182147	183367	1220	AGCAAAGAGAACAGGTGCTACTATCTCTGGCCCAATCCCATTACCAACTGAAAGAACACTTTATACAGTGCTTCGTTCACCACATAAGCATAAAGATTCACGTGAACAATTCGAAATGCGTACACACAAACGTTTAATCGATATTGTTAACCCTACACCTAAGACAGTTGATTCATTGATGAAACTTGACTTACCAAGTGGTGTAGATATCGAAATCAAGCTTTAATTCGTACCAGCCAATTAAAAATACTAGAAAAGAGGTGTTACCATGACCACAAAAGGAATCTTAGGTAGAAAAGTAGGTATGACACAAGTCTTTACTGAAAACGGCGAATTAATTCCCGTAACAGTTATCAAAGCAACTCCAAACGTTGTTTTACAAGTTAAAACAAACGAAACAGACGGCTATGAAGCCATCCAAGTTGGTTTTGAAGATAAACGTGAAGTCTTGTCAAACAAACCTGCTAAAGGTCATGTAGCAAAAGCAAATACTACTCCTAAGCGCTTCATTAGAGAATTCAGAGATGTCGCATTAGGAGATTACGAAGTAGGAACAGAAATCAAAGTTGATACTTTCGCAGCCGGCGACGTCGTTGACGTTACTGGTGTAACGAAAGGTCATGGTTTCCAAGGTAACATTAAAAAAGACGGACAATCACGTGGGCCTATGGGTCACGGTTCTCGTTACCACCGTCGTCCTGGTTCAATGGGTGCTGTTATCAACCGTGTCTTCAAGGGTAAATTATTACCTGGACGCATGGGTAACAACCAACGTACTGTTCAAAACCTTGTGGTTGTAAGTACAGATGTTGAAAAGAACGTTATCCTTGTTAAAGGTAACGTGCCAGGTGCTAAAAACTCAATGATTACAATCAAAACAGCTGTTAAAGCTCGTAACAAATAATCTGAGAAGGGAGGATTTTACCAATGGCAAATGTAACATTATTTAAACAAGATGGTAGCCAAAATGGGAACGTTGAATTAAACGACTCAATCTGGGCTATCGAACCTAACGAAAACGTTGTGTTTGATGCAATCATCATGCAACGTGCTTCATTAAGACAAGGAACACACGCTGTTAAGAACAGATCAGCTGTTCGTGGTGGTGGTCGTAAACCTTGGCGTCAAAAAGGTACAGGTCGTGCTCGTCAAGGCTCAATCCGTTCACCTCAATGGCGTGGTGGTGGTACCGTATTTGGTCCTACACCTCGTTCATACAG
NZ_CP116016.1_gap9	219365	220700	1335	AAATGGGTCGTTGATGTTGGCAAGTCTGATGACATATGGACTGCAGACACTCCGTGAAGTGTATGCCGCGATTAAAACGGAACAGGCCCAACAAATTTTTGCGGCATATGCGCGCTATTTATACGATGCGCACATTTTTAAAGATACCCCCGTTCAGGTACAGACCAATTTTGAACGGGAATTATCACGGCCGCGCACGGCACTCCGTGTGTTACAAGGCGAATGGCCATTTTTGAAAAGCGTCAACAATGAGATGGTCGAAACGGTGATTTTCTTCCACACGATTGAAGGCGCTCAATACTTTACACGCTAGACAGATGGGATGTTAACTAATGGATATTTATTTGAAACAAGCAATTTTACAAGTGGTCGACCGCGAACTCGGCGATCCAATTTACTCACAACAGGTGCTAGATCTTACCAATGGGAACACACGCGACTATTTGACCAACAAGATTAAGAAGTTATCGTCTGCCCAGAGTAAGACCGGCGTGCTGCGCCAAGATGCTGAGCTCGCATCTTTTCTGCGCGATGCGACAGCTGATTTTATCGGCGCTAGCCAACGCCTCGTTGAAAAATGGTACACGGTCTATCAAAAAAGTGACGATGCACCGAGTGCGGATGCGTTTGTTGTCTTGTATGAACAAGATGCGCAAGCTTACTTGGCTTTTTTGAAGGTCGATTATCATCAAGCCTTCACCCATTATGTCAATGCTGAAGAGGGACCATTGATGAATCAACTGATTATTCACCAATCGATTCTATCGAATAAAACGCAAAAGGCGGACGAAGGGTTTGCGATTAACCTCCAGACGTTTGGCTTTGAATTGATGGAGAAGAAGTACACCTTCTCCGGTGAAAAGATGACCTACTTATCAACGAACGTGATTGAAAGCGAACCAGCGCCATCGCTAGAAGAAAACGTCAAGGTTGTTAAAAAAGCCGCTGAAAAAATCGGCAAGAAATTCGAAGTTGCCAAACACGATGTGGTCGCCAACGTCAAAGAAGCGATCTACGACACGATTGAAACCAATGGAGAAATCGATACGAGCCAGATGGCGGCGAAGATTTTTAAAGACAACGTTTCAGCCCAAAGTGAGTTTAAAGCAGAAATGACGGAAAACGCGCCAGCAGCACCAGCGCCAATCTCACCAGCCGTCCGCGAAATCGCCGAAAAGAAATACGGCAAACAAAAACTCAAACTCTCAAACGGCATCGAACTAATCGTCCCAATCGACGTCTACCAAAACCCAAATCTATTTGAATTCATCAACCACCCAGACGGCACAATGTCGGTGGAGATTAAGAATGTAGAAGAAGTGATTAGTAGATTAT
NZ_CP116016.1_gap10	229520	231189	1669	AATATCCTCACGGGCGTCATTCTTCCGGATGAAGGGAAAGTGACGTGGCAAAAGAATCTTAAGATTGGTTATCTCGATCAGTATGCGAAGTTAGCACCAGGATTATCGATCTTTGAATTTTTGAAGACGGCTTTTGCGGATCTATATAAGAAAGAAAAATTAATGAGTCAATATTATGCGGACTACGCAGAGAGCCTTGATGACCAATTGCTCGAAAAAGCGGGTGCGATTCAAGAACTATTAGAGGCAAAAAGCTTCTATGATATTGATACACGCGTTATGCAAGTCGCCACTGGCTTGGGGATTGATGCATTAGGGATGGATCATGATGTATCACAACTAAGTGGGGGGCAACGTTCGAAGATTATTTTAGCGAAACTACTATTAGAAGAACCCGATATGTTATTACTGGATGAACCAACGAACTATTTGGACACGAACCACATTGATTGGCTGAGTGATTATCTCAATCATTTCGAAGGCGCCTTTATCACAATCTCCCATGATTATGACTTTTTGGAACGGGTGACAACCTGTATCGCCGATATCGAATTCGGTAAGATTACGAAGTATACCGGCACACTACAACAAGCCTTCCGGCAAAAGGAAGAGAATAAGGCTAGTTATTTAAAGGCCTATGAGAACCAACAAAAGAAGATTGAAAAAACGAAAGCTTATATCCGCAAGTATAAAGCGGGCTCCCGTTCGACAATTGCCAAGAGTCGTGAGAAACAATTGGCACATATGGATATTTTGACGCCACCAAGTAATCGCGTGAAGGCTAACTTCCGCTTTCCATATCATGCAACGGCCAGTCAGATTCTATTGACGACTAATGATTTGGAGATTGGTTACGATCGCGCGTTACTACCAGCGTTGAACTTTTCAATTGGTCGTGATCAGAAAGTGGTCTTGAAAGGTTTTAATGGGATTGGGAAATCAACGTTGATTAAAACGATCATTAAAGAAATTCCAGCAATCGATGGGAACTTTGAGATTGCCAGTACGGTGAAGTTTGGTTACTTTAAACAAGACTTGAAGTGGCCGAATAATATGGCAACGCCATTACAGTATCTACAAGTCGAATACCCTGATCAGAAACAAAAGGAACTACGCCAAGTTTTATCGCGGACTGGTTTAACTGCCGAAGAAGCGATGAAGCCTTTGAAACAACTTAGTGGTGGCGAACAATCGAAGGTGAAGATTGCCGAACTACTATTAACATCAAGCAACTTTCTTCTATTAGATGAACCAACGAACCATTTAGATGATGATACGAAGAATGCACTACGAAAAGCAATCCAAGCCTTCGAGGGTGGCGTACTCCTTGTTACTCATGAAGAAGACTTCTATCAAGGTGACTGGATTGATAAGATTTTGGATGTTGAATCACTCATTAAACAATAGGGATACCGTAGAGCTTTGAAGGGTTATTGGTAACGATGAAACGTTGCTGGTAACTTTTCAAAGCTTTTTTAATAAAAAGCTTGACCGCGCCGGTTAATCTTGGTAATATATAAAAGTTGTCTCGACGAGGGACGTATGGTTGATGACTCAGCGATACGAAATAAAAAAGATTTTAAAAAACGCTTGTTATTTAAACCTTATCGTGATAATATATTATATGTTGCTTACAGAGCTATAACTTCTAAGTAATAATTAATTAAAA
NZ_CP116016.1_gap11	375931	376897	966	CGTAATGGAATAAGAGATGTTAGTGTAAAAGGGTTCATCGGAATCAGCTCGCTTTCTATTAGTTCATTGTACTACTGTTTAAAGGCAACAAACCAGTTTTCTAAGAACATGTTAGGTATCATGAGCATTTTCTCATTTAAGAATAAGCATTAGTCATTTTGAATCATAAAATAACTTGTTTTAATGAAAAAATCAGTGCAAACAATGCAGTTAATGTTGAAAAAAGAATTGATTTAAGATTAAAATAAGATTATAATAGCCTTTATAGATTCTAAGCGAATGATAAGAGACTTCTTGTATAGATGAGTCGATTCAATTTAATAACTATCAAATTCTTAGTTTCCGTAATAATAAAGTTTTAAAGTGGGGTATTACAATGGAAGAGAAACAAGAAAAAACATTCTTTGGGCAACCGCATGGGCTATCAACACTGTTCTTCACTGAAATGTGGGAACGGTTTAGCTACTACGGGATGCGTGCAATTCTATTATTCTATATGTATTTTGCTTTAGATAAGGGTGGTCTTGGCTTTGACAAGACGACTGCGATGTCTGTGATGGCAATTTATGGTTCGATGGTTTACCTAGCCAGCGTTGTTGGTGGTTGGTTAAGTGATCGGATCTGGGGGAGCTTCAAAACCGTCTTCATCGGTGGTGTCTTGATTATGTTAGGCCATATTGCCTTAGCAATGCCGATGGGTGCGACAGCTTTATTTATTTCAATTGCTTTGATTGTTGCAGGGACTGGGTTATTAAAACCTAACGTTTCTGAAATGGTTGGTAGTTTGTATAGTGAAAATGATCGTCGCCGTGATGCTGGTTTCAATATGTTCGTCTTCGGGATTAACTTGGGCTCATTTGTCGCTCCAATTCTTGTTGGGGCTGTCGGTCAAAAAATTGATTTTCACTTAGGCTTCTCATTAGCCGCTGTCGGGATGTTCTTTGGTTTAATCCAATACTACCGCGG
NZ_CP116016.1_gap12	511015	515481	4466	ATAAAAATTAATGGTGAGTGGGAAAATTTAACAATAAACCGTTTTAATTATACGTTTTATGTTCAAATGTCTATTTATTAATTATTAAAAAATAATTAATAAATTTAATTTTAGGGTAGTTTTCTAGTGCTGACTCGCGTATAATAAAATTTGTAAGAGAGAAAATGATTGTCTTATTGTTAAGTAAGGTGTCATGTTAATAAAGGAGAGAGACATATGGTTACGTTATATACATCACCAAGTTGTACATCTTGTCGTAAAGCCCGGGCGTGGTTAGAGGAACACAATATTCCATACCAAGAACGCAATATCTTTTCGGAGCCTCTCAATAAAAATGAAATTAAAACAATCTTACGCATGACCGAAGATGGCACGGAAGAAATTATCTCAACGCGTTCTAAGGTTTTCCAAGAATTAAACATTAAAATTGATGACTTATCAATCAACGAATTATTAGATTTAGTTCAAAAGAACCCAGGGCTATTACGTCGTCCAATTATTTTGGATGAAAAACGACTTCAGGTTGGTTATAACGAAGATGAAATTCGTCGTTTCTTACCACGTGAAGTACGGGCATTGGAATTACAACAAGCACAATTACTAGCAGGATTCTAGAGGAGAGTCGGGGCTGTTAACAGCCTCGACTTTTTTGATGGGTTAAAAAATTAATTGCTGCGATGTAGATACTTGAATGTTACGCCAGATACTGGTATGGTAGGTCAAAGAAAGTGAATTACGACGCTATAAGAAGCGCGTTAGAAAGGGGCGTTGTCCCATGAGAATGGAAAAAATCGACGAGAACACAATTCGGGTTCTATTAGAAAATGATGATTTAGAAGAACGCGGGATTACTGGACTTGATTTGTTGAGCAATCATAAAAAGATTGAGCGGTTCTTCTATTCAATTCTGGAAGAAGTGGACAGTGAACACACATTTGCGAACAACGATGCAGTAACGTTCCAAGTGTTGCCTAACGATCAAGGGTTAGAATTACTGATTAGTAAGAATATGCCAAACTTTGACGGTGGTAAAGGTCAATCAGAAATGGTGCAAGGCAAAGACGGTATTACTGAATACATTAAAGAACAACTGTTGAAACGAGATACGGTCCAAGATGATGCGACTGAGGAAGAGGATGAAATGACCGCTTATATGAATCAAGCGGACAATCCAATGAAACAGATTGTGTTATCGTTTAAGTCATTTGACGATTGGATTGCTTTGGCACAACAGCTACACATCGAAAGTGGTGTGTCGAACCTATTTCTTTACAAACATCAGTACTATGCACAGATTATTATTTTTATGGAGAATACGACCGAAGCGTTCGCACGGGATGATTTAGCGGTCGCTAATGAATACGGGCAGAAGTCAGAATACACAGCAGCTTTTTTAAGTGAATTCGGTGAAAAAGTCATGGATAATAGTGCGCTTGAGTTAACACGCTACTACTTCAAACATTAAAAATAACGGGTTTTCCTAAATTTAGGAGAACCCGTTATTTTTTTGCGTATTTTCGGTGGGGTGATAAATAATGAAAGTTGCACAGACCACTAACGGGTGCTTAATTCGCGCCGATCAAGCAGCCAAACAACAGCAAGTAGCGCGGTATTTCTGTCCACATTGTCAACAACTGGTTCAGTTGCATCGTGGGGTGCATAAAGCACCATATTTCGCACATATCGCAGAACGTGTATCTGGTGGTGGTGAGAGTCCAGCCCATCTGGCGGGAAAACAGGCGATTGCTGAATTAGCACATGCGTTGGGCTGGCATGCTACCTTTGAAGTACCTGTCGGCGAGACACAGCGCGCTGATGTATGGTTAACGCGGAATCAGCAACCATTAATTATTGAATACCAATGCAGCCCATTGACGCCAGATAAGTTAAACCAACGAACAATCGGCTATCAGCAGCACCGATTACCTGTATTATGGGTGGTTGGTGAACGGTATTGTTTTACTAACCATTATTTAAGCCAGCAACAGTTGGGGTTTATCAACTATCGGCGGCAGTGGGGCTTTTATGTGGTAAGTTATTTGCCAAAGTGGGGGCAATGGGTGTTATATCACCATATTGTCGCCCGTGATTTTGCTGGTTATGCTTGGCAAACCCTGCGATTGACAACTAAGGCGTTTGTGCGCTTGCTTGTAGCACAAACAAGACTGCCAGCCAATCATTATAAGGGCAAGTCACAGCCTATGCAGCAACAAATTATTGACCGTCGATTAGGGCTGCAAGACGCACATTATGTTGCGTTACAGGCGGATTGTTATGCACACCATGAACGCTTGCAAGCCGTTCCGGACTGGTGTTACTGCACACGTAATGTACCACCCATTTATCAGCTCAGTCAGTTTGAAAGTCGGGTAACGTGGTGGTTGAGTGTCCAACCAATTGATCTTTTTTTAGCGGTAACGCCCTTACTCCAACAACCACTACTAAAGCAATCCTTATTTGCACAATGGGGGCAAATAGCTTTGAAACAAGCATTAAAAAAGAACCGGGGGTCGGTTGACCACCGGTTCTAAGATTAAGAAATAACATGCAAAGCAACCCGTGAGAGGGTGCTTTTTTGTTTTTGAAGTACTTGGAAAGTCTGTTCAGGTGTTGTTCCAGCACAACAGGCTTGTTTCAAGAGTTCATAGGAATCGCAATTTTCAATCAATAAGCCTGATTCGCTTTCACCTTTTGAATAGTTGAAGACTACTGCTGAAGGGGTCATCTGAATGTTCATCTCACAAGATAATTGTTGATCTGAATCAAATGCCTGTTTAGTAAGTGGACTGTGCCAATCTTCAAGTAACATTTCGGTATCAAGTCCTACGCGTTTAGCAATTGTAAGGACTAATTCGTTGTTAAGTTCCATATCTGGTTCACGGAATGCTTGTTGCAGTTGCATTAAAAATGATTGGCTCTTCTTGCCCCCCTGGAACGTTGCTGCCTTATAAGCGAGTACTGCTTCATAAATGGTGCTGAAAACGTGATTACGTAAGTTTAAATCATGACTATTTTGTTGCTGAAACTGCATGTAATGCTCGACGTTTTTTAAGTTTAAGACTGGAATAAACTTAAAATGAATATTTGCATCGGTTTCGCCGATAATCTTTAAAAGTGCCTCTTCGGAACGTAAACAAAGTTGCCCGATTGGGTTGATAAATAAAAACACTTCTAACAAGTTGGTTCCCCCAAACTTTCTATAATTGTATATACTGCTCGACGCGCTTGTATTGTCTACTCTAACAAAATTTTAAAATTATGCAATAAGTTAGCTTGGCAAAGTTTAAGCTTGATGGATAAGGGCGCGCACAATTTTATTGGGTGGTATTTGTTCACTTAATTGATAGCGGGTGACAAATGATTTAAACCAAGTTGCCCCTTCTTGGACGTTGGTGACTTCAATTTCGACTTCATAATCCTGGGTTTCGTCAGGGTATTGGGTAACATCAAGCGTTAACAGGCCAGCAACTAAAGACGCGGTCTGGCGGTGCGTTGTTGCCTGTCCCCAGATGAACAATTCTTTGATAATCACGGCTTGTGCTGCAAAATAGACAGCGATCTGACCAGACGATAATACGGTTTGGTGCTCAATTAAGTGAGTAGCCTGCTCAAGTGTTAGGCGATCAGTGATTTCAATCAGACTATGAGCATTTTCTACGGTTGGCACCTTTAGCGTCTGTTCGGCATAGGTGTCAAAGAGTCGAATACGCAACCCCCAGTGACGTTTAGCCAATCCCTGGTTAGGCAGTTCGAAGTAATAATTAGTTTGCACAAACGGCGCTGCAAATGGATAGTCCGCTTTTAGTTGCGAGAATTGCGCCGCCGTTAGCATCGTCTTAAATTCGCGTTCAATCGTTTGTGACATCGGTTGAGCTCCTTTTTAAAAAAGCAATGTTATTATCCTAGCACAAAAAAGCAGACTTGTAATGAAATTTGTATTTCAGACGATTATTATTTATTCAATTCTAATCTATGTTAAAATAGTGCTGTATGTGACAGAGTGAATGAGGGGTTTATAATGGTCGAAAATTGGAAGAAGTTTTTAATGCCTTATGAACAGGCCGTTAGCGAATTAAAAATTAAATTACGTGGGATGCGCAAGCAATACCAACAAAATAATGAACATGCACCCATCGAATTTGTAACTGGGCGCGTTAAACCAATCGATAGTATCAAAGAAAAGATGCAACGCCGCTACATTACAGAAGATTTACTCGAACAAGATATGCAAGATATCGCTGGTTTGCGGATTATGTGTCAGTTTGTGGAAGATATCCATGAAATTGTGGGCCTTTTGCACCAACGGACTGATATGAAAATTGTTGAAGAACGGGATTACGTTTCAAATGTTAAACCAAGTGGTTACCGGTCATATCATATTGTAATTGAATATCCAGTCCAACTAATCAGTGGTGAAAAATTGATTTTGGCCGAGATTCAGATTCGAACAATGTCGATGAACTTTT
NZ_CP116016.1_gap13	516548	518545	1997	AATTTTTTACGGCGGCATAAGCTTTCTCGCAGTCAGTTAACTAAAATTAAATTTGCAGGTGGCACAATCCTCGTCAACGGCCAGGAGGCACATACCAATGCCCAACTGGTTCAAAACGATGTGGTGACTGTTTACCTCGCACCGGAAGTGGCCGTCGAACACGTCATCCCAGTTAAAGGGGACTTGAAAGTGGTTTTTGAAGACGACCATTTTTTAGTGGTCGATAAACCGGCGTTTGTGGCGTCGTTACCGGCACCGAACCATCCGCACAACACAATGGCCAATTTCGTCAAACAATACTTGATTGACCAAAATGCTGAGAGCCAGGCAGTGCACGTAGTAACGCGCCTCGATCGCGATACAAGTGGTTTGATGATGTTCACCAAGCACGGCTTCGCGCATAGTTTGTTGGATAAGCAACTCCAATCTAAAGAATTGCAAAAAACATATGTTGCGATTGCCAGTGGTGATATGCGGTTAGATTATCCGCAACATGCGTGGATTGATCGGCCAATCAAACGGTCGGATGATTTTTACATGCGGCGGGTCGTTGGGGTTGGTGGCAAACGCTCATTAACGGAATATTGGCAAGAAGCCCATGGCACCGATGCCACGTTAGTTAAGTTGAAGTTACTAACAGGTCGGACACATCAGATTCGGGTTCATTTTGCATCACTGGGGCATCCCCTAATTGGTGATAATTTATACGGTGTGGCCGATGATTTATTACCGCGTCAAGCATTGCACTGTCGCGAGTTAACGTTCTATCATCCATTTGAAGAACGGTATGTCACGGTTCAAAGCGAACTACCAGCCGATTTTCAAGCAGTGATGGATCAACGTCATTTGGCCTTTCCTGCGGGCGAATTGAATAAAATTTGATTAAGCTTTCAATTTGAGTCGCAATCTAACTTTAGAATGAGTATACTAATAAACGATTATGGATTACGGAGGGATTAGTATTGTGTTAACTTTAAATATGATTAAGACAATCATTTTAGGGATTGTCGAAGGTTTTACAGAATGGCTACCAATTAGTTCAACCGGCCATTTAGTGTTGGTCGGTAGTGTTTTGAAACTTGATGAATCAAAAGCATTCATCGATATGTTTAATTATGTGATTCAATTTGGAGCGATTATGGCGGTTGTGATTCTATACTTCCATAAATTGAATCCTTTCTCACCACGTAAGAACCAGCTCGAACAAAAACAAACGTGGACGTTATGGTTTAAGGTAATTGTGGCGGTGATTCCATCAGTCATTATTGGATTCCCATTGAATGACTGGATGGATGAACATCTGATGAAAAACTGGATTGTGGCCAGCATGTTGATTTTATACGGGGTTTTGTTCATCGTCATCGAAAATCGCAACAAGCATACCACACCGAAATTTGCTGATTTAAATACGTTACCTTGGTTGACGGCCTTTTGGATTGGCTGTTTCCAAGCCTTATCAATTATTCCTGGGACATCCCGTTCAGGCGCTACGATTTTAGGGGCAATTATTTTAGGGACATCACGGTTTGTGGGTGCGGAATTCTCGTTCTTCATGGCGATTCCAACGATGGTCGGCGTGGCAATCTTGAAGATTGGTAAATTCTTGTACCAAGGCAATACGTTTACGGGCGATCAATCAATCATTTTATTAGTCGGGATGTTGGTTTCATTCATCGTTTCAATTATTTCAATCAAATTCTTGATGGATTACATCAAGAAACATGATTTCAAGGTCTTCGGTTGGTACCGGATTATCTTGGGCCTACTTGTCTTAGGTGCAATGCTATTTGCATAAAGGATTAAATTAAAATTTGGAGGGTTCATCCATGTTAATCAAAGAAGTTTGTGTTGAAAATTTCACTAAAATTCCGGCAGCAATCCGCAATGGTGCTAAACGAATTGAGTTGAACGACAACTTGGCTGTCGGAGGCACAACGGTTAGCCGGGGTGTGATGGCTGAATCAGTGCGTTATGCGCATGAACACGATGTACCAGTG
NZ_CP116016.1_gap14	520509	521531	1022	CAATAATAATGGAAATTCGGAGGCGTTAGAATTGAAAGAAACTAGAAAACAGCGAATTGCAGCTCAAAAGGTAAGCTTACATAAGCAGAAGCGGGAAATTAGAATTAAGAAAGTTCGTAATGTGACGACTTTTGCAGGGGCAACCGTCTTGATGGGTTCAGCAATTGCACCTAGTTTTTCGAATCGGGCCAAAGCAGCCACTGAAGATGTGTTAAATAGTGCAAACAATGATGACCAAGCTACAACAGCTAATACAGCAAGTAGTGCAACATCATCAACAACTAGTTCAAGCACAACGACAACTGAATCCCAATCAACACAACAACCTGTTGTAAAACCTAAATTGACTGAAAATGAAGCGACAAAGGTGGCTACGCCACAACCGGCACCATCTCAAGCGCAACCAATTTCTGGAGTGCAAAGTACGAGTGCCAATATCGCAACCGCTGGCGTTGTTATGGCAGTAGCTAATTCAAGCGCACAAAATTTCATCAATTCAATTGCTAGTTCAGCTCAACAATTAGCGGGTGATAACGATTTGTACGCCTCTGTTATGATTGCCCAAGCATCATTAGAATCAGGATTTGGGAGCAGTGGTTTAGGTTCTGCCCCTAATTATAACTTATTTGGGGTAAAAGGGACTTACAATGGTAGTTCTGTTTATATGTGGACTTGGGAAGATGATGGTCATGGGAACATGTATCAGATCCAAGCTGCATTTAGAAAATATCCTTCATACTACCAATCGTTACAAGATTATGTGCATGTGCTACGGAATACTTCATTTGGTGCAACGCCTTATTATCAAGGGGCATTTAAGAGCCATACAAGTAGCTATCAACAAGCCACACAATACTTACAAGGACGTTATGCAACAGCAACCAATTATGCGTCAAGTTTGAACCGTTTGATTCAACAATACAATTTAACGCAATATGACACGTCAGGGACCAATACTGGTAACAATAATGGGGGAACAACGACTCCAACGACACCTGAAAATGGGACAAAATACACCGTTA
NZ_CP116016.1_gap15	530916	533911	2995	GGACTATGTCATTGGGAGTAACTTGGATCGGTTTAGAAGAAAGTTGAGAATCAAATGAGAATTGATCGCTTTTTAAGTCATATGAATGTGGCTTCACGCAAAGAATTAAAGGTACTTTTTAAAGCGGGACGCGTGCGCGTTGATGGGACTGTGGTCAAAGATGCGAAGTTCAAAGTGAACGAGGCGACCGTTGTCTATGTTGACGACGAACCCGTGCGTTATCAAACCCATTTTTATTGGCTGATGAACAAACCGGCGGGTGTGATTTCGGCGACGACTGACCCACAGAAAACGGTGTTGGATTTGTTGGCACCAGCGGACTTGCGGGATGATCTGTTTCCAGTGGGGCGATTGGATAAAGATACAACCGGCTTATTATTGTTGACGAATGACGGCGATTTAAGCCATGCCTTGTTGAGTCCTAAAAAACACGTCAGCAAGGTTTATCGCGCCACGATTGCCGGGATTGTCACGGCAGAGGATCAAGCACGGTTTGAAGCGGGGCTCGTGTTGAGTGATTTTACTGCACAACCAGCACAGCTTGAAATTCTGAGTGTTGATGAGGCGCAACAAGAAAGTCAGATTACCGTTGAGATTCATGAAGGTAAATTCCATCAAGTGAAGCGGATGTTTCATGCGGTCGGCAAGGAAGTCTTGACGCTAGAACGGCTTAAGATGGGACCACTGGCATTGCCAGATGATTTAGACCGTGGCCAATACCGTGCGTTGACAGATGCAGAACTTGCATTACTTAAAGCGAATTAATAAACAGCAGCCCTTTCAAAAGGACTGCTGTTTTTTTAAGATTGATGAATCATTTTAGCCATATAGTGTGGTAAGGTCTGAATCACTTGGCTAGGAAGTGTGACGTATTGGGTTTTGGCGAGTTCATCAGCAATCGCACTGTGGGTATAAACAGCGGCACAAATCGTCTGATAGTGGGTGCCAAATTGACCACAGAATGCGGCAATAATACCAGTCAGTGTATCGCCGCTACCGCCAGTTGCCATGGAAGGCCCACCGATGGTTAGTTGCTGAACCTGTTGCTGATGATAGACCTCAGTGTAATGTTTTTTAAGCACTAAAGTCGCGTTTGGATAAGCAGCGAGTGCGGTTTGATTAGTAGCAACCGTTTGCTGCTCGATTGCAACACCGCTGAGGCGCGCCCATTCCATTTGATGCGGGGTTAAAATGAGTTGCGTATTCGGGATCGTCAGTTTTTCATGTGCGATGATTGATAGTGCTGAACCATCGATAATCAGTGTTTGTGTTGGTTGGATGGTTTGTAAGATTTTTCTCAGCAGTTCAACGGCAAACGAAGTAATGCCAAGACCAGGTCCGACAACAACGACATCAGCAGCCTGGACTGCAGACGACCACTGCACGAAGGGTTGTTGATAATCAATGAACATGGCTTCTGGTAAGCGCGCGTGCAGTCCGCTGAGAACACTTAAGTCACTAGCAACGGAAACTAATCCAGCACCAGCATAAACAGCCGCAGAGGCACTCATAATCGCAGCACCGCCGTATTGCTGACTACCACCAATGATTAAGACGCGGCCAAAATCGCCTTTATGACTGATGGCAGGCCGTGCCTGCAGGACCGCACGAACGGTTGAATTTGTGATGACTTGCATCTGAATCCCTCCCTTATCAACTATTATTATAAGCGAAATATTAATAAATGGGTATTGGCAGGGCTCTGTAACACTGGTACAATAGTCTTGTAGCACAATCGCCCGTGTGGCGGAACTGGCAGACGCGCAGCGTTCAGGTCGCTGTTTGGGTAACCAAGTACAGGTTCGAATCCTGCCACGGGCATTATGGATTAAAAAAGGATCGCTATCACTTTAGATAGCGGTCTTTTTTTGTTCAAAAAGTACATCGATTATTGATTATTTACCTCATTATGACTGGTTTAGCCAATGGATTAGCGACAATTATTAGCACTATTCAAAAAAAGTTGCATCAATTTAAGGAATTAAACCATTAGTAGAAAACGATAGCTTTAAATAAATATTTTCTTATCAATATAATTATTATTTGAACTATAAAAACGGCTGAAAGCTACAAGCTGTAAACTGCATCGCGATTAAAAGGTCATTTAATAAATAAAAACATCACAAACTTGGCGAATTTCAATAAAAAAAATATTAATAGGGTTAAAACTTATTAAAAATATTTTTTGTCAATACCGTTAATTTCAGCTATTTACATTTAATTAATTTATATAATATAATGCCTGTGTAGCAGAGCAGGATTACTAGTTCGCATATTGTAGGTCCTCAAAATAGATAGAAGGAGTAATGCTTATTATGAATAATCAATTATTAATGCTCATTAAATATCGTAATATTTTGGATCAATTATTTGTCACAGTTTTGCAAAATGTTGACTTATCACTCGAACAATATTTGTTGATGGAAAAAATGGATCGTGAAAAAGAAGAAACGCCCGGCAACCTTGCTGCTTGTATGGGCGTTTCTCGACCAGCTATTTCCCGCCAATGCCAATCGTTGGGTGAAAAAGGATTAATTGAACGGGCTAATGTGGGGAGTTTTATTGGTGATAGTCGTAAAGTATACTATCGACTTACAACCAAGGGGAAACAGTTATTATTAAAGATTAGACTAAACAGTAATGACATGATTGATAGTTTGGATTCTGGATTTGTTACCACCAATTGGGATGAAATTGATAACCAAATTGCGCTAATGTCCGACGCGGTTAAAAGAACATTCAATATCAATGAGATTCAAATCTTTTAGAGAGACTATCGGAATCTGAACGGGGGAGTTATTTAGTTTAGCGCGTGTTAATGGGCAGGATCGAAGCGATGGATGTCGAGTATGATTATTTTTGAATGTAACCGATTGCGATGAATTGGCATAAACGGTATATTATTAAGGTATCTAAGGGATAGGAGAGAACTAAGCATGACAATTAAATTAATCGCATCCGATATGGATCATACCTTATTAACTGAGAGTGGCCA
NZ_CP116016.1_gap16	719897	723812	3915	AAAGGTTACTAATAAAACAACATTGAGCGAGGATGGGCAAGAGTTTCTTTTGTCCCATCTTTTTTTGTGCTTTGATAATAAATTGAGCAGCATCATAAAGCTAATCCCGTTCGACTTCACACTCTATGCTATAATAGTTTAGTTAATACTTAAAGGAGATTACTTATGGACGGCATTGTACCCTTATATAAAGAACGCGGCATGACGAGTAACGATTGTGTGTTTAAAGTGCGCCGCATTTTACACATGAAGAAAGTGGGCCATTCTGGCACGTTGGATCCCAACGTCGATGGGGTGTTACCAATCTGTATCGGTCAAGCAACGAAGGTTGTTGATCAATTGGTGCATTCTGGTAAAGTCTACACGGGTGAAATCACCCTTGGCTTATCAACAACGACTGAAGACTTAGATGGTGAAGTCGTTGAAGAGGCGCGCTTAACAGAACCTTTTTCAACTGAGAAAATCAAAGAGACCCTCGCTAGTTTTCTGGGCGATTCAATTCAGATTCCCCCCATGTTTTCAGCGGTGAAAGTCAATGGGCGGCGTTTATACGACTATGCGCGCGCTGGTGATCCAGTCGAACGGCCACAACGTTCAATCACGATTACGCAGTTTGATTTGGATGGTGAACCACAATTTGACGCAGAATCTGGGCGCCAAACATTCCGGTTCATTGTCGGTTGCTCAAAGGGGACTTATATCCGCACATTAGCTGTTGATTTCGGTCGTAAACTCGGTTTACCCGCAGTGATGTCCGATTTGACACGTCTTAAGAGTGGCGGCATTCAAATTGGTAACTGTATCACGTTGGAACAATTGGCGCAAAAAGCTGAAGCGGGCGAACTGGCAGATGTTTTATTGCCGATTGACCATGTATTTGAAGATTACAAGAAGATTGCTTTAGACGACGATCAATGGGCCAAGCTTTTAAACGGTGTGTTCTTGACATTGCCAGAACAAACCGATGAGATTGTGGCGTTGACCTATCAAGGGCATATCAAGGCGCTCTATCAAGTTGAAAAAGCAGCGCAACATCTTTATCGCCCTTATAAAATGTATTTACAAAATCAAGGGACTCATTAAAAAAAACTAGGTGAAAAATATGCGTGTCATTGAATTAATTCATCCATATTCAAAAGAACAAGTGCCAGCTGACCAAGTGGTCTTGGCGCTTGGCTTTTTTGATGGCGTACATCGAGGCCATCAAGCTGTAATTCGGAAAGCAAAACAAATTGCAGTTCAAAAAGGTTTACCATTAGCTGTGATGACGTTTGATATCCATCCTGCCATTGTTTATCGCAATGCCGATCGGGAGTCATTCCGTTATTTATCAACGGTTGAGCGCAAGCAAGAATTGATGGCGGAGTTAGGCGTTGATGTTTTCTACATCGTGCACTTTAATGAAGCATTTGCACAACTAGCCCCACAAACATTTGTCGATCAATACTTAGTCGCTTTACATGCGGATACAGTGGTGGCTGGCTTTGATTACACTTATGGTAAAAAAGAGATTGCGAATATGACGACATTGTCAGACTATGCCAAAGGGCGCTTTGCCATTGTGACAGTTGCAGAACATGACCATAATGGTGTCAAAATCGGCTCGACATTAGTACGAGAGGATTTAGATGCTGGTAAGATTGCGGAAGCTAATGAATTACTCGGTTATGTTTACCAAACGACCGGTGAAGTAGTGCATGGTGAAGCACGCGGGCGAGAATTAGGGTTTCCAACTGCTAACATCGAATCGCAACGACCAGAACGATTACCAGGAATTGGGATTTATGCGGTCCGCTTTTTAGTGCGCGGTCAATGGTATATTGGCATGGCTTCAATTGGTCGGAATGTGACGTTCCACAGCAATAACCCGGTAACGGTGGAGATTAACTTATTAGATTTCAATGGCGATATTTACGGTGAACAAGTGAAAGTGGATTGGTATCACTACTTACGCGGCGAAGTGAAGTTTGACTCCGCGGAAGCCTTGATTGACCAACTCCACCAAGACGAAGCCGATACCCGAACTTATTTTGAGAAATTAGAGGCACAACATTAATGGCAGGCGCTTATATTCACATCCCATTTTGCGAGCATATTTGTTACTACTGCGATTTCAATAAGGTTTTCATTGAAGGTCAACCGGTCGATGATTATGTCGATATGTTGATTCGCGAGTTTCAATTAGTGATGGCAGAATCCCCAGACGAACCAATTGATACGATCTATGTCGGTGGGGGGACACCAACTACTTTATCACCAGCACAACTCCAACGTTTAATCGATGGGATTCATCAATACTTACCTTATGAGGGTGGTGAGTTTACGTTTGAAGCCAATCCTAATGACTTACAAGATACTGAAAAATTGCAAGTTCTGAAGGACAACGGCGTCAACCGGTTAAGTATTGGCGTGCAGTCGTTTAATGATCAGATTTTAAAACAGATCGGGCGGATTCACCGAAGTGCGGATGTTTATCGGGCAATCGATAACGCGCGCAAGGTCGGCTTCGAAAATATGAGTATCGATTTGATTTTCCGCTTACCACAACAAAGTGAAGCGGATTTCATGGATAGTTTGAATAAGGCAATTGAACTCGACTTACCGCATTATTCGACGTACTCATTGATTCTCGAACGCAAAACAATCTTCTATAACTTGATGCGCCAAGGCAAGTTGCATTTACCATCGCAAGATGTTGAAGCACATATGTATCAAGCCGCGATTGATAGTTTCAAGCGGGCTGGCTTAGATCAATATGAAATCAGTAATTTTGCCAAGCCAGGCTTTCAATCTGCGCATAATCTAACTTACTGGCGCAATGAAAAGTATTTTGGCTTTGGTGCCGGTGCTTACGGCTATTTAGGTAAGGATCGTTACCATAACTTCGGCCCAATCCAACAATACCTAGAACCCTTAAAAGAAAATAAGGTGCCAGTCATTGAACGCCATGTTCTGCCACTGACCGAACAAATGGAGGAAGAACTCTTCCTCGGGTTACGGACGATGCAAGGCGTATCCATCAGTCATTTTCAAGATAAATTCAATTATCCATTACAAAATGTTTACGGCGAAACAGTTGCCACCCAAATTGCAAAGGGCTACCTCAAACAAGAAGGCGATTGGTTAAGACTAACTGAATCAGGTAAGTTCTTAGGCAATGAAGTCTTCCAAGAGTTTCTGCTAGATAGTTATTGAGTGCGTTCAAACCGGGGGATATTCTGAGCATTTGCCTTGTGTCGCTAGGCACAGGAATATGGTTTGAAAAGCACGTTATAAATATTCCACTTCATAAAGCGAGTCTCTTCCATCTAAGAAGCGGCTCGTTTTTTATTTTGTCCTTTGGTCCAGTAAGGCCCTCCGTCTAAGGACCGATTTTCAGTAAATCCGTAAAAAAGCCGGTGCGTTTCTTGACTTTATTTGACGTTCTTGCTATATTAATAATTGTAATTAGCACTCATGATATTCAAGTGCTAAAAAGAGGTGATGACATGCTGACCGAAAGGCAATTAATGATTTTGAAAGAAATTATTCGTCTTTTTACAGAGAGTGGTCAGCCAGTGGGTTCTAAGAAGTTAATGGCAGAATTGCCGGTACACGTTAGTTCTGCAACAATTCGTAATGATATGGCTGATTTGGAAAGTGTCGGTTTAATTGAGAAGACGCATTCGTCATCTGGACGGGTACCGTCGATGCAAGGCTATCGCTACTATCTAGACCATCTCATGCAACCAGCAACCCTCAATCCGGTTGATGTGGCAACGGTCCAACAATCATTTGGACAGCACTATCATAAGATTGATGAAATCGTCTCACAATCGGCTAATATCTTATCGAACCTAACGAGCTATACAGCAATCGCGTTAGGACCGGAAGTGGCTGAGATTCGGTTAACTGGTTTTCGTCTAGTACCGTTGA
NZ_CP116016.1_gap17	728801	730068	1267	TAACGCCTATTTTTTATTGGCGACTGTGACGGTAGCCGTAACTGAAGTAAATTGTTAGGCCAATCACCAACCAGATTAAGAAGACAATCCAAGTTGTTAGTTGTAACTGGGTCATGAGTAGTAAGCATAAGCCACATGAAAGTAAAGGAATCCATGGGAATAGTGGCACTTTAAACCCTTGTGGCAATTCATTATAAAATGGTAACTTGCGCAGGAAGATCACACCGAGAGAAACAGTTGCAAAGGCGAATAACGTGCCAATGTTGACCAACTCAGCAATCTTATCAAGCGGCACCACCACTGCGACGATGCTTGTGACGATGGCGAAAATCCATGTATTCGCAACCGGCACATGTGTTTTTGAACTGACTTTGGCAAAAACGGGTGGCAATAGCCCATCGCGACTAATGGCGAAGATCAGACGTGTTCCGCCATAGGTCATAACGAGTAGGACAGTTGTCATACCAGCAACTGCTCCCAGGGCAACAATCCCAGCAACCCAGTTTTGATGCATCAATTGAAGCGCAAAAGCAACGGGGTCACCGACGTTTAATTTCGTGTAGTGCACAACGCCAACGAGGACAGTCGCAACTGCGGCATACAATAATGAAGCAATCAATAATGAAGCGATAATCCCGATTGGCATATCACGTTGCGGATTGACAACTTCTTCTGATGCGGTTGAAACGGCATCAAAGCCGATGTAGGCGTAAAATGCTAAGGCTGCCCCAGAAAGAATGCCACCAGCACCAAATGGTAAGAACGGTTTGAAATTGGTTGGTTTCACATAGAAAATGGCAACGCCAAGGAAAATTACGATGACAGCGACTTTCACACCAACCATAATCATATTAATCCGTGTTGATTCGCGTAAGCCACTTGATAGTAAGAACCCAATCAATAACGTAATTAAACCGGCGATTAAATTAATACCGCCAGGGTGGCCAGGCGTCCATGCAGTCGATAAGAAGGTAGGTAATTGTAATCCAAAGCCAGCAATTAGATTTTGGAAGTAGGCTGACCAACTGACGGCCACTGAGGCGACTGCGAAGAGGTATTCGGAAATAAGCGCCCAACCTAGAATCCACGCGATTAATTCACCGAAGACGGTGTAGACGTATGTGTAGGCACTACCGGCCAAGGGAATTGTAGAAGCGAATTCTGAATAACAAAGGGCAGCCATTGCACAGACGACTGCGGCGAGCAGGTAAGACAGCATCGCACCGGGTCCAGCATATTTAGCGGCGATAATCCCTGGTGTGATAAA
NZ_CP116016.1_gap18	792920	797198	4278	AACATCTCGGGCGCTCACTGGGCTGGGATTTGCGCTTTGAGCCGCAAGAACACCAGCCACTGATTTATCATACCGGTTTTACCGGCACGTTCATGCTATTGGATCGCAAGCGGCAAACGGGGCTGATTGTCCTGAGTAATCGCATTCATCCAACGGCTGATAATCCGGTCTTTTTGGAACGACGAGATGCGATTGTGGCACAATTTTTAGCGGATAATCACCTAGAAACAAAAGCCTAGTCAAATTCGCAAATTTGCGTATTATCCGCTTACATTTGTGGTAAAATGGGACTATTGATAAATAAAGCGCATTAGGAGTGAGTGGATTGACAGAACCTTTATTTCTAAAACCTGTTTTTCAAGAAAAAATTTGGGGTGGTCGCAAATTAGCTGAAGCCTTCGATTATGATTTACCAGACGGCGATATTGGTGAATGTTGGGCCATTTCAGCCCATCCCCATGGTCCTAGTACCATCGAAAATGGCCCATTAAAAGGGCTCACATTAGATCAAGCATGGGCAACCCACCGCGAATATTTCGGTAATGCAGAAGGTAAAGTATTCCCATTGTTAACTAAGATTTTGGATGCTGAAGCAAGTCTTTCTGTCCAAGTGCACCCAGATGACGCTTATGCTGCTGCTCATGAAGGTCCAACCGAACTCGGTAAGACGGAATGTTGGTATATTTTGGATGCTGAACCAGGTGCTTATTTAATCTATGGCCACCATGCCAAGACCAAAGCGGAATTAACAGCAATGATTGAAGCAGGCAAGTGGGATGATTTACTCCGCAAAGTGCCCGTTAAGACTGGTGACTTTTTCTACGTCCCAAGTGGCACGATTCACGCATTGAACAAAGGGATTATGGCGCTTGAAACCCAACAAAGTAGTGATACAACATATCGGTTATACGATTATGATCGGGTTGATGCTAAGACGGGCGAAAAACGCGAACTACACTTGAAGCAATCAATTGATACGACGATTGTGCCGCATCAAGATCCCGTTTTGAATATTCAAACAGAACATGTTGGAGATTCAACAATCACGACTTATGTGCAACCACCAATGTCACCATTTTTCAGTGTTTACCAATGGTTAGTGAAGGGCGACTTACACTTTGATCGGACAACGGCACCCTATACTTTAGTCTCCGTGGTCGATGGTGAAGGCGAACTGATTGTCGATGGGCAAACTTACCCAATTCACAAGAATATGCATTTTGTGTTACCATTTGATATTAAGTCATGGGACTTAAAAGGTGACATGCAAATTATTGCGTCAGAACCGGGTAACAAGTAAACTGAATATAACCAATTGCAACCGCAGCCGTGGTTGCAATTTTTTTTAATGATTAAAAGAGTAGGATGACAAGTATGCAAAGACAAATCGAAGCAATTGAACAATTTGTACGAACGGAATTGGCAGCAGAACACAGCGGTCATGGATTCGATCACATTCAACGGGTCGTGAATAATGCCCGTTTAATTCAGCAAAAAGAGTTAGCTGCGGACCTAACAACGATTATCTTGGCGGCCTTATTGCATGATGTGATTGATGAAAAAATCGCGACTGATGTTGAACAGGCTCGACAAAAGGTAAAAACTAAACTAACCGAAAACGGCATACAAGATGGCCAACAAACGGCAATTTTTGATATTATCGACCACATGTCCTTTTCGAAAAATCTCAATCAACACCAAACGCTAAGTTTAGAAGGGCAAATCGTTCAAGATGCGGATCGGTTAGATGCAATCGGCGCGATTGGGATTGGGCGGACCTTCATGTATGGTGGCGCACACGATGGGGTTGCTTATGATCCTGAGATTCAACCACGGGCGGAATTGACAAAGGAAAACTATCGCGAACCGTCTACCGTGATTAACCATTTTTATGAGAAATTATTTAAATTGGCAGCAACGATGAACACACAGGCAGCGCGCGAAATCGCGCAAGCGCGAACGGATTTCATGCACCAGTTTGTGGACCAGTATTTAGCGGAGTGGACAGGGCAACGCTAAAAAACGAAACATTGATATGCAAAAGGGCGGTAACAATATTTTTGTTAGCGCCCTTTTGGATAGTTGTGTTCTGATCGTTTAAACGTGTTCTGTAAGTCATCCGAACCCAGAGCCACACGCTAGCCATCGACCGTTAGCCAGTCGTTTTGGAGTAGTTCGTGGGTTCTCTTTTGCAGGGGTAACCACAATTCAGCGCGGAGGATATTGATGAGGGATTCCCAGAAGAGGCGGTCCTTTTTTTGTTGGTCGGTAATATGTAATTCGATTTCTTGACCACTTTCAGTGGTTGCGAAAACTTTATCATGATTTTCAATCCGATTAATTTGAACGGACTCGACTGCTGGCATTTGATTTAACATAATGATTCGCTCCTTTTTATAGGTTAAAGTCAGTATACCGAGCAAGTATTGTGAAACGATTATCATTTTATGAATAAAAAGTGTATTTTTTCTTGCGAAATGATTAAGACATCAAAAAAGTCGACCGCATAATGGTCGACTTTTTGATTTGTTAATTTTGGACGCGTTTGACGCCGGCTGCATCGACTTGGTAACGTGATTCTTCGAGTGGTAAGTCAGCGATTTGTTGTAAATCAAATTCTGGAAAACGCCGGCTAACCGCAATCGATAAAAGTCGTTTGGCTAAAACACCGTTGTGCGTGAGAATTGGACCATGGAAGTATGACCCAAATGTGTTTTTATAAACACAACCTTCGGTGCCGTCATCACCATTGTTGCCGTGACCACGTTTGATGTAACCAAGTGGTTTTTCATCCTTGCCCAAGAAAGTCCGGCCGTTGTGATTTTCAAAACCGAGGTAGGTTTCGTTAAACTCACGGTTTTCGATGACAATATCACCGATAAAACGATTGTTATCTTGGCTCAATGTGTAATGATCAAGTGCGCCGATTCCAGGAATCTTGTCGCCGTTTGCGCCAATATAGTAGTGACCTAATAATTGATAACCACCACAGATGGCAAGCATAACACCACCGTTTTCAATGTATTCGGTGAGGGCTGCTTTTTTGTCGTTGAGGTCTTTTGAGATGATTTTTTGTTCGAAGTCTTGGCCACCGCCGAAGAGAACGATATCGTAACGACTTGCATCGAAATCTTGACCGATACTAATGACTTCTGTTTCAGTTTGAATGCCAACTTTTTTGGCATAGTAATCAAGGACTAAAATATTACCAAGATCACCATATGTGTTCATTAAATTGCCGTATAGATGACAAATTCTTAATGTCTGGGTCATACTGATAGTCCTTTCTTAATATAATTGGCAGCTGCCAGCTTCTTACGTAGTTGTAAAACAGCGGTATAAGTTGCTAATACATAAACATGTTTGGTTGGGGCTGCTTCAATGGCTGCCATCGTTGCATCGAGTTCTTTGGTTTCGTGTAATTGATCTGCCGTGACACCAGCTACTTTTAGCCGGAAAGCGATATCGTCACCGCGTTCGCCACCGGTAATCACGCTTGGAATGTTGTGTTTGAGTAAGTCTTCAAACTCGCCATCCCAAATCCAACTCGTATCAATTCCATCGGCATAGTTAGCGTTAAGCAACATTGCGAGTGAAAAGTCTTCTAGATCAGAACTGATCATTTGTAAGACTTGGTTTAAGCCAACCGGATTTTTAACGAGTACCAATGTGACCGCTTTGTCTTTTAATTGAATGACTTCTTGACGGCCAAAGATTCGTTTGTCTTCAGTGAAGGCCTTTTGAATTGCTTTCACTGGAATATCAAAGAATCGACCGACACTATAGGCTGCAAGTGCGTTATAGATGTTGTACATGCCGCCAATTGAAATTTCAAACGGTTCGTTGTTAATTTCAAAGTGTGAATTTGTGGGGCGCATCTGATTGATGGCAGTGACTGCTTCGTCTAATTCAGGTCGTTGGTAGCCACAATTAGGGCAGTAAAACTTCCCTTGGCTGGCATAACTGATGAATTTGTAATGAATGATGTGATCACAAACGGGGCACAAAACGCCGTCTGTGTTGCTTGGAGCCATCATTTCACCATCTGGTAAGTGGTTGAATCCGTAATAAATCTTTGGATTAGGAAGTTCAACCGATGAAAAGAGGGGCAAGTCAGCGTTCATAATGAGGGTTGCCTCAGGAACGAGTTTGACGCCCGCTAGAATCATATTATAAGTCGTGTAGATTTCGCCGAAACGATCCATCTGATCACGGAAAATATTCGTCATCACAATCGCTTTGGGCTTGATGTAGTGACAAAGGGGTTCCACATTGGCT
NZ_CP116016.1_gap19	798668	800277	1609	GTGGGGCTGCTGGTGGCGACGAAGCCAGTCTCTTTGCAGGTGATTTGTTGAATATGTATCAACGCTACGCTGAATCACAAAACTGGCAAACTGAAATCATCGATGAAACGGCTACAGAAGTGGGTGGCTTCAAAGAAGTTGCGATGATGATTACCGGTAAAAATGTTTATTCGAAGTTAAAATATGAAAATGGTGCGCACCGTGTCCAACGGATTCCAAAGACCGAATCACAAGGTCGTGTTCATACCTCAACAGCGACTGTTGCAGTTATGCCTGAATATGATGGGGTTGACGTGCAGCTCGATCCTAAGGATATTCGGACTGACGTTTATCGTGCCTCAGGTGCTGGTGGTCAACATATCAATAAAACCTCTTCAGCCGTGCGGATGACGCATATTCCAACCGGGATTGTGGTTGCGATGCAAGATCAACGGTCACAACAACAAAACCGAGTGAAGGCAATGCAAATCTTACAGTCACGGGTTTATGATTTCTATGAATCACAAAATCAAAGTGAATACGATTCAAGCCGGAAGTCAGCGGTTGGGTCTGGGGATCGTTCTGAACGGATTAGAACATATAACTATCCACAAAACCGAGTGACGGATCATCGAATTGGTTTAACGTTAAACAAATTAGATCGGATTATGAACGGGGAATTAGGCGACGTCATTGATGCGTTAATTCTTTACGATCAAACCGAAAAATTGGAGCAATTACAAGATGGCACAGCTCACTTATCTTAAAGCCCTGAATTGGGCTTTTTTATTTTTAGAAGAACACGCTAAAGAACGTGAAGCAGCGCGCTTTTTACTACTCGGTCGTAAACATTGGACGACGACCCAACTGGTCTTGCATTATCACGATGAAATGCCGACTGCCGAATACGATCAGTATCAAGCAGACTTAAACGCGTTTATCGCTGATCAACCGGCACAATACATTTTGGGATATGCTAATTTTTACGGACGCGATTTTAAGGTGACGCCGGCAACGCTTATTCCACGACTTGAGACGGAAGAATTGGTAGAATGGATATTAGATGCTACACAACCAAAGAACCGACCGCTTAAAGTGTTGGATGTTGGGACAGGAACGGGCGCCATTGCAATTACCCTTGCCTGTGAGCATCCAGAATGGGAAGTGACCGCAATTGATATTTCACTAGAAGCGATTGCTGTTGCACAAGCAAATGCGCGCCAATTAAACGCGCATGTTAACTTTATCGTGGGTGATTTTCTAACCCCAGTGATGGGCCAACAGTTTGATGTGATTGTGTCTAATCCGCCATATATTGCACAGGATGAACGGCATGTGATGGATGCGTCCGTTTTGAAATACGAACCCGACTTGGCCCTATTTGCAGATAATAACGGCTTAGCGTTTTATGAACGGTTTGCTAAAGAAGTGCGTGCGTATTTAAAACCAGATGGGCAGCTTTATTTAGAGTTCGGTTATCAGCAAAAAGAGGCGATCGTTCGGTTATTCGAACATGAATCGACCGATGTAGCGGTTACAATTAAAAAAGATATGGCTAATTGGTCTAGAATGGCCCGTGTGGGTTACGATTTCAATCGGAATTTGGTATGATGTAAATCAGAAGTAGAGT
NZ_CP116016.1_gap20	801492	804373	2881	CCGAGGGTTATCCGGGCAAACGGTTTTACGGTGGTTGTGAATTTATCGATCAAATTGAATCACTCGCGATTGAACGTGCTAAACAACTTTTTAATGCAGAACATGCCAATGTACAACCGCACTCCGGTTCGCAGGCTAATATGGCAGTTTACCAAGCGCTTTTAGAACCCGGTGATAAGATTTTAGGGATGAACCTCACAGATGGCGGTCATTTAACCCATGGGTCACCGTTTAACTTCAGTGGGCAACTTTATCACTTCTATAGTTATGGCGTTGCTGACGATAACGAACGAATCGATTATGATGCGCTCGCTGCTAAAGCGGATGAAATTCACCCTAAAATGATTGTTGCAGGGGCATCAGCATACAGTCGGACAATTGACTTCCCAAGGTTACGCGCCATTGCCGATCATGTCGGTGCCTATTTAATGGTCGATATGGCACACATTGCTGGTTTAGTGGCAACTGGTGTTCATCCAAGTCCAGTGCCATATGCCGATGTGGTGACCACAACAACGCATAAAACGTTGCGTGGACCTCGTGGTGGAATGATTTTGTGTAAAGCAGAATATGCCAAAGCAATTGACTCTGCCATCTTCCCTGGTATTCAAGGTGGACCGCTCGAACATGTCATTGCGGCGAAAGCTGTTGCATTTGGTGAAGATTTACAACCTGAATTTACAGCATATACAAAACAAATTGTGGCCAATGCGCAAGCGATGGCTGCCGTTTTCGAACAATCTGACTTAGTACGTGTGGTTTCAGGCGGGACTGACAATCATTTAATGTTACTCGATTTAACGCAGAGTGGCTTAAATGGGAAGGAAGTCCAAGCATTTTTAGATAGTGTCCACATTACCGTTAATAAGAATACCATTCCTTTTGAAAAATTAAGTCCATTTAAGGCAAGTGGGATTCGAATTGGGACCCCAGCAATCACATCGCGCGGGTTTAAAGAAGCGGATTGTGAATTGATTGCGCAATTAATTTTAGAAGTGATTGAAAAACACGATCAATTAGACGCCATGACGCGCATTAGTGCAGATGTTTTAGCGTTGACGGATCGTTTTCCAATCACACAAGCTAAATTTTTAGATTAATTAATGAATACCGCTAGTTTTTTGATGCTATTTACGCTACAATAGTAAACAGAATTTTACGCGGAAGGGAGAGTGACTCGGAGAAGGTTTTCTTTGGAGTCACTCTTTTTTTGCGAAAAAAATTTGGACTAAATTCATTGAATAGAATAGGGGCAAAGTAAATGGCAAAATTCACAGTATTAAATCATCCGTTAATTCAACACAAATTAACGATTATCCGGAATAAGGATACGGGTACTAAAGTTTTCCGCGAAGTCGCAAACGAAATCGCAGAATTAATGGTTTATGAAATCACGCGCGATTTAGCAATGGAAGACGTAGCAGTTGAAACACCAATGGGGCCTGCAATTGAAAAACAATTGAGCGGGAAAAAATTAGCCGTTGTGCCAATTCTGCGTGCAGGTCTTGGGATGGTTGATGGCGTTTTAGAATTAATCCCAGCCGCTAAAGTTGGTCACATTGGTATGTACCGTGACGAAAAAACATTACAACCCCACGAATACTTTGTTAAATTACCAACAGATATCGATCAACGACAACTATTCATCGTTGATCCAATGCTTGCAACTGGTGGCTCAGCAATCATGGCCATCGATGCCCTTAAAAAACGCGGCGCAACGTCAATGCGCCTTGTTGTACTAGTGGCTGCACCTGAAGGCGTTAAAGCTGTTCAAGAAGCCCATCCAGATGTTGACATCTATGCAGCTGGTCTTGATGATCATTTAAACGAGGATGGATACATTGTTCCTGGTTTGGGGGATGCAGGCGACCGTCTTTTCGGGACTAAATAGCCATTAATTAGGTACCGATAATAAAAGCGCGCAACACTTGATTTTCCTGTGTTACGCTTTTTTTTTGCCAAAAAAGCAACCGTTAATAAGTTTAATCTTTTGATATGATAATATTTATGGTATTTGAGTGCATTGACAAAAAATAATTAGAAATTAGTTAGTATTTGCTTTGTACTTTTAATTTAATGGTGGTATTATCATACTTGTATTGCGGTGATGATTTATGCTTAATTTTTCTACATAAATATTGCTGTTTTTAGGTTCGTTGTGCAACTCGCGTAGTCGTTGATAGAGTGGAATCAACAAATAAGCCTAAGGGAGGAGGGAATTTTGTGGATGATAAATATCCCATTATTAGCATTTTGGGAATTCGTTTTAATTTAGCAAACTGTCTGTCGGTTTTAGTAAGTGCGGTTTTGGTTTTTGCACTCGTTTTCTTTTTATCAAGAAAAATTGCGCTCAAACCGACTAAACGACAAAATGTTTTAGAGTGGATTATTGATTTTACAAACGGAATCGTTAAGGGTGCAATGCCTGGTGAAGAAGGTAAGCAATTTTACCTATTTACATTCGTTATGTTCATGTTCATATTTATCAGTAATCAACTTGGTTTGATTCTTCAAATTAAAGTACATGGTGTTACTTGGTTGAAGAGTCCAACAGCTAATTCGATTATCACGATGTCGCTTGCGATGATCGTCTTAGTGCTTGCGCACTACTTTGGTGTTGAACGGTTAGGCTTTGGTAATTACATGAAGAGTTATATTAAACCGGTAGGGTTTTTCTTACCAATTAATATCATCGAACAATTTACCAATTTCTTAACGTTGTCCTTGCGTTTGTACGGGAACATTTTTGCGGGTGAAGTTTTACTAAGTTTATTAGTTAAAATGGCCTTCTCACATGGACCAGCAACGATGCTTGTGACGGCACCGCTTCAAATGATTTGGCAAGGCTTCTCCGTCTTTATTGGAGCTATCCAAGCATATG
NZ_CP116016.1_gap21	832009	835499	3490	TTTGAAGTTAGACGGGGTTAATTTTGAAACGTGTTTTTGAAGCTAGATTTCTGCGCTTAACCAGTCGCTGTTAATGCTCAAAATCTGACCAACTTCAAAAACACTCTGTTGACCTTTGGGTTACCCTAGGGTTTATACTTTTTTGTGAGGTGAGAAGATGGCTGAAAAATTGTTGACGATTTCGAAATTTGCACAATTATTTAACACGACCCAACATACGATTCGCCATTATGAACAGCAAGGCTTATTGCAACCAGCAACAATTGCAGCCAACGGTTATCGGCAATATGGGATGGCAGAGGCATATCAGTTGTCCTTTATTTTATTCCTGCGCCAATTAGGACTATCGCTAGCTGAAATTAAGGCCATCTTAACAAGCGATTATTCAGAACAAACATTATTGCTGAATAAAAAACAAGCGTTGCAAGAAGAAATTGCACGTCTACAGGCCTTAGAGCAAACCATTGATGATCAATTGCAACAGGTTAACCAACAAGATACATTGCAAGTTAATCAGCCCATTCATTTACGCGTTTTGCAACGGCTACCGTTTGCGCAGGACTTTGATTTATCAGTTGTCGAAACGATTGATTGGCAGCCTGATTGGATGCTGCGTCAGCTTTATTATGTGATTAATGAGACGGATTACGCGATTTGTATGGCAACACCAGCAGTCAGTGATTATCAGATTGACGCTGGGTGTTATGTGACGACAACGATTGAAGCCGCTAGCGGTGCGGAATTTGATTCAGCTTTGGCAGCCATCACCACTCACCAAACTTTACCGCTAATTGGGATTGAAATGCGCGGGACTTTTTTAAGTCCTGGCAAACACTTAGCGGTTAAAATACTAGGAAACCGGAAGGAATAACAAGATGCAACTTGAAACACAACGCTTAATCCTCAGACCATTTGAACTGACAGATGACCAAGCTATTTATGAATATGCAAAGGATCCAGACATCGGTCCGATTGCTGGCTGGCCAGTTCATACGAGTGTCGCGCATAGTCGTGAACTCATTCAAAATTATTTGATGGCCAAAGCAATCTTTGCCGTTAATTTAAAAACAGCACCCAATCATGCTATCGGTAGTGTGGGGTTGGAATTGGTTGAAAACGGCGGCGGACAACCCTTTATGGGGGCTAATGATGCCGAAATTGGCTATTGGATTGGCGTTCCTTATTGGGGTCAAGGGTTAATTCCAGAAGCCGCGGAAAAGATATTGGCGTACGGGTTTGAAACACTCAAACTGGATAATATCTGGTGCGGTTATTACGATGGCAACCAACAATCTAAACGTGCCCAAGAGAAGTTAGGCTTCCAACCAGTGCTCACAATTGATGAGATGTATAATCCGCTATTAGATGATACGCGGCAAGAGCATTTTACAAAAATGACGAAGGCACAGTGGCAAGCGCGTCATCAATAATTATTGAAGCCCCCAACCATTTCGGCTATTACGAATGGTTGGGGGCTTTTTTATTTAATGTTTCTAAATACTGTTTAAAAACAGGCGTGATACCGCTTTTTACGCGTCATAATTGTCGAATTTCCGTGAATGCAAATTGACTTCAAAAAAAAGCTGTGGTATTGTTCATGAATAGAAAAACAATACACCGTATTGTATTTTCTAAAAAATAAATAAGGAGGCATTATGACACGCTTAAATACAACTGAGATTATGGCATTAATTCCGAACCGGTATCCGATTATTTACATCGACACTGTTGAATCGTTAGTTCCAGGTCAAGAAGTAGTGGCGGTAAAAAACGTCACGATTAATGAGCAGTTCATGCGCGGGTATCGACCTGATGCGCCACAAATGCCGAATACCTTGATGATTGAGGCACTCGCACAGACGGCTTCGATATTAATCCTAAAGTCACCAGAATTTTTTGGTAAAACAGCTTACTTGGGGGCGGCTAAAAATGTCGTGTTCAATCGCGTTATTTTACCAGGGGATCAAATTAAATTTACCGTGACGCTTACAAAGAAAAAAGAAAACATGGGTGTTGTACAAACCCACGCAACCGTTAATGACCAAGTGGTGTGTGAAGCTGAGTTGACCTTCGTGGTGGCACCACGCGACGATCTGCTCAAAAGTCAGCAGGCGACGTAAATGGCTTATCGAATAATAGCGACAGCCAGTGCGGTGCCGGATAAAATTGTGACCAACGACGATTTAGCAGAGATTCTCGAAACATCAAATGACTGGATTGAAAGCCGCACTGGCATTATCGAGCGGCACATGGCCGTTGATGAGAATACGTCTGATTTGTGTTATCGCGTCGCTGAAAAATTATTAGCACAAGCCAATGTTGCCCCAGAACAAATTAAGGCAATCATTGTCGCAACGATGACGCCGGATTATTACACACCAGCCACTGCGGCAATTGTCCAAGGAAAGTTAGGGGCAACCCACGCTTTTGCGTTTGATATCAGTGCTGCTTGTTCTGGTTTCACGTATGCACTTTCAGTGGCACGGGGCTATATTCAATTTTCCACCGACTATGTTTTAGTGATTGGTGGCGAAGTGACTTCAAAAGTTTTGGACTGGTCTGATCGTAGTTCTGCTGTCTTATTTGGCGACGGAGCTGCGGGCGTGCTGCTTCAAGGGACATCAGCAGAAGCGGATGGTTGGTATGGGGAACAATTACTGACGATTGGTAGCCAGAGTGAACAACTAACGTCAGGCTATACACCAGTCACGCAAGCCAACTTTGGTCAGGTTGGTCAAACGCATATTCAAAGCAGTTTTTTCCAAATGTCGGGGCAAGCGATTTATCAATTTTCGACGCGCCAAGTACCTCAGGCAATCGAAACGGCCGTTTTAGCAGCGGGCTTATCGTTGGACCAAGTTGATCATTTCTTGGTGCATCAAGCAAATGCACGGTTGATTACGAGGATGGCGAGCAAACTTAACCAACAACTAAGCAAATTTCCAATGAATTTACAGCACTATGGCAACACCTCTGCCGCAAGCATTCCGTTGTTATTGGCGGAACAAGTCGCAACCGGGCAAATTAAGCGCGGTGACCTCTGCGTCTTATGTGGCTTCGGCGGTGGGTTGACCATCGGGATTCAAATCATCCAATACTAAAAAATAATAAGGGGTTTTAAACCATGACAAAAGCAGAAATCTTAAAAAAAGTACAAGCCGTAATTGCAGAACAATTAGACGTAGAAGAAAGCCAAGTGGTGCCAACCGCCAATATTCGTGAAGATTTAGACGCTGATAGCTTGGATATTTTTGAAGTGATGAACCAACTTGAAGATGATTTAGAAGTGAAACTCGATCCAGATGAATCAATTGTGACCGTTCAAAATGTTGTTGATTACATCGATCAAACAATGGCGAAGTAAGCAAATGACGAAAATCGGGCTCTTGATGAGCGGCCAAGGTAGCGAAAAAGTCGGAATGGGCAATGACTTATATCAAACATATCCGCAATACCGTGCGGTGATTGATCAAGCAAGTGCTTATGCAAA
NZ_CP116016.1_gap22	836737	840562	3825	CACGGCAACGTTGGGCAAGCTAATTATGCCGCTAGTAAAGCTGGCGTGATCGGCTTAACCCAGTCGCTGGCCAAAGAAGGCGCGTTGCGCGGCGTACGGTGTAACGCGATTGCACCCGGGATGATTACGACTGAAATGACGGCCGCTTTGAAACCCAGCATGCAAGAAGCGATTCAAGCGCAGATTCCATTGCAGCGCTTTGGTACGCCGGAAGAAATTGCCGATGCCGCTTTATTTTTAGCAGAAAACACCTATGTGACGGGGCAAGTTTTGACCGTCGATGGTGGAATGACGATATAAGTGAGGTTTGAAATGACAAGAGTTGTAATTACAGGAATGGGCGTTGTCGCACCATTAGGCAACGATGTCGAGACATTCATGCGCCGGGTATTAGCCGGCGAGTTGGGCATTGGCCCGATTACCAAGTTTGATTCACAAGCAACCGGTGTTTCGGTCGCAGCCGAAGTTGTTGATTTTGACGTGACTAAGCGGGTTGGTAAGAAAAAAGCGAAGCGGATGGATTTATTCTCACAGTACGCACTCGATAGTGCACTGGCAGCGATGGACCAGGCGAATATCACGCCAGAAAATACTGATCCAGCCGATATGGGCGTCATTTATGGTTCAGGGATTGGTGGGTTAACCACGATTCAAGAACAAGTAACCCACATGGTTGAAAAAGGGGCGGATCATATCTCACCAATGTTCGTGCCCAAATCAATTGGCAATATGGCTGCGGCTAACATTGCGATTGAAATTGGTGCACAAAATATTTGTACAACGATTGTGACGGCTTGCTCGAGTGGGGCTAACGCAATTGGTGAAGCCTATCGCCAAATTAAAGAAGGCCGCGCCCAAGTGATGGTGACCGGTGGTTCTGAAGCGTCCATTAATGAAATTGGGATTGGCGGCTTTGCTGCTTTATCGACGCTCTCAACTGCGACTGATCCAGCGCAAGCATCCTTACCATTTGATGCGCGGCGCCAAGGATTTGTAATGGGTGAAGGTGGGGCGACACTGATATTAGAAAGTCTCGAACATGCACAAGCGCACAATGCGATTATTCTGGGCGAAATCACGGGGTATGGGACCAATTGTGATGCTTACCATATGACGTCACCGAATCCCAACGGCGAAGTGGCTGCGCGTGCAATGCAAATGGCAATTGCTGAAAGTCAGATTACACCGGCCGATGTTGATTACGTCAACGCCCATGGCACTGGGACAGTTGCGAATGAATTAGCCGAATCAGCTGCACTGCAGCGCGTGTTTGGGACGAATAATAAAGTCCAAGTTAGCAGCACTAAAAGTATGACCGGCCATTTATTAGGGGCGGCCGGTGCTTTGGAAGCAGTCATTACGGTGGGGGCATTAACGGCGGGGATTTTACCGCCCAATGTTGGATTGCAAACACCAGACTCTGACTGCCAAGTCAATTTGATTCGCGAACCACAATCAGCGCCAGACGCCCAATATGGGATGAGTAATTCATTTGGCTTTGGGGGGCACAATGCAGTTTTGGTGTTCAAGAAATGGAGCGATTAAGGCATGAAATATGATCAAGTGAAAGAAATGGTGGCATTATTCAACCAATCAAGTAACCAAGAAATGCAACTTGAAACAGATGATATCAAGTTATATCTCAACAAACAGGGGAGTAGCCACCCAGGTGCAACCCATGCACCAAAGATAGCGGAAACTGATCCAATTGAATCGATTGAAAACACACCGGTTGAAGAATCTGAGGGGGCCGCAATTGAAGCGCCGCTTGTCGGTAGTATTTATCTCCAACCAGCACCTAACGATCCACAATTCGTGACGGTTGGTCAAACTGTCGCTGTCGGGGATGTTGTGTGTGTGATTGAAGCAATGAAGATGATGACGGAAGTTAAGAGTCCCGTTGCAGGCACAATTACCGCAATTCTCGTTCAAAATGAAGAATTAGTCGAATACCACCAACCGCTATTCAAAGTGAAAGAAGGTTAATTAATGTTAGATAGTACGCAAATCCAAGCGATCTTACCACATCGCTACCCGATGTTATTAATTGATCGCGTTCTCGAACATGAACCAGGTCAATATGCGATTGCCCGCAAGAATGTTTCGATTAATGAAGCTGTCTTCCAAGGTCATTTTCCGGGGAATCCGGTTTTACCGGGTGTCTTTATTTTAGAAGCAATGGCACAAACTGGGGCAATTGCCTTGTTGACGCTTGATGATTTTAAAGGACAAACGGCTTATTTTGGCGGGATTAAATCCGCTAAATTCAGACAAGTTGTGCGCCCTGGGGACACCCTAGAAATTAAGGTGACCCTTGAGAAATTAAAGGATCGCATCGGCGTTGGCAAGGCCATCGCAACAGTTGATGGCAAAAAAGCTTGTACCGCAGAATTGACGTTTATCATTGAATAGGAGGCTTTAAGCGATGTTTAAGAAAGTATTGGTCGCCAATCGCGGCGAAATCGCATTACACATCGTACGCACGCTCAAGGAAATGGCGATTCCTTCCGTTTCGGTTTATTCCAAAGCCGATGCCAGCAGCTTACACGTCCAATTAGCGGATGAAGCCGTTTGTATCGGTGGTAATCGTCCCCAAGAATCCTATTTGAACATGCAAAATATTTTGTCAGCCGCAATCGGGACAGGCTGCGATGCCATTCATCCCGGTTACGGCTTTTTATCTGAAAATAGCCAGTTCGCTGAGATGTGTGAAGCGTGCGGGATTACCTTTATCGGGCCTTCGAGCAACGTGATTGCGCAAATGGGGGATAAGAGTCAGGCTAAAATCAGTATGCAAGCCGCTGCAGTCCCATTGATTCCAGGGAGTGCTGGGCCACTTGCAGATTTTGAACAGGCCGAAGAAATTGCCGCACAAGTTGGTTACCCCGTGATGCTCAAAGCAGTCGCCGGGGGTGGTGGCAAAGGGATTCGGTTCGTTGAATCAGCCGAACAATTAGCGGATAGCTACGCGCAAGCACAATTAGAAGCCGCTGGCGCCTTTGGCAACGATCAACTCTACTTAGAAAAAATTATGTTGAATGTTAAACACATCGAAGTCCAGATTTTCCGTGATCAGTTCGGCAATGCCGTCTATTTTCCAGAACGCGATTGTTCGATGCAACGCTTTAAGCAAAAGGTGATTGAAGAAACGCCGTGCCAGTTGATTACTGAAGCGCAGCGCCAACAGTTAGGTGCAATTGCGCTTAAAGCAGTTGAACAAATCAACTACGTGAATACAGGGACGGTCGAATTTTTAATGGATGAGGCGCATCAATTCTATTTTCTAGAAATGAATACGCGCATTCAAGTTGAACATCCAGTGACTGAAATGGTGACTGGCATTGATTTAGTGCAAGAACAGATTAATGTGGCGGCCGGTTTACCATTATCATTCACACAGGCGGATGTGCAAAGTCGCGGCTATGCACTCGAGTGTCGCTTAAATGCTGAAGATCCCGCCAATCATTTTGCGCCGTCTGCTGGGACGATTAATTATTTATACTTACCAGCCGGCAATTTAGGTGTACGGATTGATACGCACTTATATAGTGGCTATGCAATTTCGCCGTTTTATGACGCGATGATTGCAAAGCTCATTACGTGGGGGGCAACGCGGGAAATTGCGATTGCCAAAATGCGGCGATTACTCAGTGAGTTAATTGTCTCTGGCATTCAAACTAACGCCCAATTCCAACAAACGTTATTGATCGATCCTGTCTTTTTAGACGGGACGGTCACAACGGATTACTTAACGAATAAGGAAACAGAATAGAGGAGGGCTCGTATGCAGTTATTTAATGCTGTCCGTAACATTGGCAAGGCCCA
NZ_CP116016.1_gap23	855749	860070	4321	TCGCGAAAAAGTCTACACTCGCTAATAACTCATTTGTCCCATTAACGAATTACTTGATCGGTCAACATAAGGTGGGAAGACGCGCACACCTTAGAAATCCTACTATTATAGTAGCACACTCGTGATGTTAACACAACACTTTTGTAACCGTTCACTTATGCGGACTGGCTTGGCGCAAGCGTTCTAGCTGTTGTTTGAGGACTTGCTCGTATTTACCAGTTGCTTTTGCTTCGTAATAATGACTACCTAAGAGCTTATCTGGTAGGTAATCTTGCGCGACCCAGTCGTTGGGATAATTATGAGGATATTTGTAGTCGACACCGTGGCCAAGTTTTTCAGCCCCTGCATAATGGGCATCACGGAGATGATCGGGGACTTCACCGGCTTTGCCAGCGCGAATATCAGCTAACGCGTTATCAATTGCGGTGATGGCCGAATTTGATTTTGGAGATAAGCAGAGATCAATCACTGCTACGGCCAGTGGAATCCGGGCTTCGGGAAAACCAAGTTGTTTAGCCGCAGCAATTGCCTCGACTGTACGGGCACAGGCTTGAGGGTTGGCGAGGCCGATATCTTCGTAGGCCATTGTCATCAAGCGCCGACTAATCGACATTAAATCACCGGCTTCAATCAAACGGCCCATATAATGGAGCGCAGCATCAACGTCACTGCCACGGACTGATTTTTGAAAGGCGGAGATGACATCGTAATGGGCATCGCCATCTTTATCATGAGTAATGGCTTTTTTCTGCACGCATTCTTCAATAACGTCAATATCGATGTCGATGACGTTGGTGTCTGGATTCGCTGGTGTTGAACGAGCAGCGAGTTCGAGGGCGTTTAAAGCACTCCGTAAATCACCGTTTGTGACGCGGGCAAGGTATTGTTCAGCCGTTTCATCGAGATTGATGGCTAGTGCACCTAAGCCTTTTTCTTTATCTGTCAGTGCCCGTTGAATGGCGACATGAATGTCGGCTTCAGTGAGGGGCTTGACTTCAAAAATTTGGGCCCGACTCCGAATGGCAGGGTTGATACTGATATATGGATTTTCGGTAGTTGCACCAATTAAGATAATGCGGCCACTTTCTAGATGTGGTAAGAGAAAATCCTGTTTGGTTTTATCCAAGCGGTGAATTTCATCGAGGAGTAAAATCACGGTGCCACTCATTTTGGCTTCTTCAGCGATAATCTGTAAATCTTTTTTACTATCAGTGGCAGCATTCAGCATGCGAAAAGCGTACTGGGTACTACCGGCGATGGCACTAGCGATACTCGTTTTACCAGTACCAGGCGGTCCGTAGAGAATCATTGATGAGAGGAGTTTGGCATCAACCATTCGGCGAATGATTTTTTGCGGCCCCACTAAGTGCGTCTGACCGACAACTTCATCGATGTTAGTCGGACGCATGCGAAATGCGAGAGGTTGTTGCATAGCGTTCATCCTTTAATGTTTAGGTTGTTCCTAGTATAACATGTCGCGCAAATTCGTAGTGATTATCGTTTTAAAAGGTTTTAGGGATGTGTATAATGAGTTGTATAAGACTGAATTAAGAAGAGGTTTCAAAATGCCTAATCAATTATTTGAGAACATTAAACAATTACGCTTAACACCTTTATTGAACCAAGGTGCTTTTGGGGTCGAAAAAGAGGGGCAGCGAGTGACCGGATTGGGCGCATTGAGTCAACAACCGCACCCCAGTGAGTTAGGATCGCGAACGTTTCATCCATACATTGCGACTGATTTTGCAGAGATGCAAACGGAACTGGTTACGGATACCTTCGAACAGACCGTAGATGTCCAACAACAATTATTAGCGCTCGAACAAGTATTGCAATCAAGTATGGCCGATTCGGAATATATTTGGCCCCTCAGCATGCCACCGTTGTTACCAGACGATGAATTAACCATTCCAATTTCAGAATACACACCGGCGGTAAAAGCCTATCGTGACTATTTGACGAAGCGCTACGGTCGACGTTTACAGATGGTCTCTGGCATCCATTATAATTTTAGCCTGTCATCGACGTTAATTGTGCGTTTATTTGATGAATACTATCATGATCACTATGTGAGTCTAAAAGATTTTAGCGATGCGTTGTACATCCAGATTGCGCAAAATTACGTGCGTTATCACTATGTTTTAACGTATTTATTTGGTGCGAGTCCGATAGCGGAACCAGGCTTTTTAGAAGATATGACGAAATTACCAGAACACCCTGTACGGAGTTTACGCTCGAGTGAATTATTCGGCTACAGCAATAAGCAATTATTAATTCATTTTGATTCAGTTGCCGCATATGTTGATTCAATGCGCCAAGCGATTGCTAATGGCGACTTAATTTCGGAACGCGAATTTTACGGAACTGTGCGGTTACGGAGTCACTCATTGGATCAGATGTTAGAGACTGGTGTGGATTATTTAGAATTTCGGGGGTTTGATATTAACCCGTATACTGCGACGGGGATTGATCAACAACAGCTAGACTTCTTACACTTATTCTTTATGTACTTATTATCCTTGCCGAAATTATCCGGTGATTTAGCCACTCAGATTCAGACGGGTCGTCAGTTAAATGACACAGTAGCATTAGAGAATCCGCTGCAGCCATCGCAGCTCCAAACACAATTGAAAACTGTGATGGCCGATTTGGCCCAATTCATTACGGATTATCATCTGGATGAGCGTTTTAAACAAGCTTGGACAGTGATGAATGAGCGTGTTCAGGACCATCGACAAACCTTGAGTTATCGCTTAACACAAGCGATTGAAGAGGACTCGCTAAAGGCATTTGCCCTCAAACAGGCAAAACGTTTTAAATGTGAGCTGACAGAGACTCTCTATCAGTTACAGGGGTACACGGATATGGAATTATCAACACAAATGCTGATGTTTGACGCTTTCCAAAAAGGGCTGCATGTGGCTGTTTTGGATCGCGATGAACAATTTATTGAGCTGACCTATCAACATCATCATGAATTAGTCAAAAATGGGAATATAACGAGTTTAGATCGGCTAATTAGTGGGCCGTTAGTGGATAATAAGGTAGTGACTAAAATTTTATTGGCAAGTCATGGTATGCGGGTGCCAGCGGGTGCCGAATATACCGCTTTAGAGACGGCAGTAGCAGATTATCAAGCGGCGTTTGGTCAGCGCGCGATTGTCATTAAACCAAAACACAGTAACATGGGGGCGGGCATTACCACATTTTTAACGCGTCCAAGTGAAGCGGACTTCATTGCTGCTTTTAAACTGGCACAAACGTACGATCAGCAGATTTTAGTTGAAGAATTCATTGCGGGTTCGGAATACCGTTTCTTAGTGATGAATCATAAGGTCCAGGCTGTTTTAGAACGGATTCCAGCCAATGTCGTGGGGGATGGTCGTTCAACAATCGCCCAACTTGTTGCTAAGAAAAACGACAACCCATTACGCGGCGAAGCGCACCTGACACCGTTGCAAAACATTCACCTCGGTGAACGGGAATTGCTCATGTTGAAACAACAAGGTTACCGCCCTGAAGATGTGCCATTGCGTGGTTCACAGGTCTTCTTACTACAAAATTCCAACGTCTCAAATGGTGGTGATTCGGTTGACGTGACCGATGAGATGGATCAAAGTTACTTTGCGATTGCTGAACAGGCTGCTGAAATTTTGAACCTCAATATCACGGGAATCGATATCATTGTGCCAAACTTATACCAACCATATGATCCGGAACACCCTGAGATGGCGGTTGTGCTAGAAGCAAACTACAATCCAGCGATGTTGATGCACTTGTTCCCAATGATGGGTCAAGCGCGGCGCGTTTCAATGACTGTCTTACAATTACTTTTCCCAGAATTAGCGATTGAAACCGACTAAAGTAATGCAAAAAGGCCCGCACAAGTTAAACTGTGCGGGCCTTTTTAGTGTTAATCGAAAAGATGTTTTAAGAAACCACCTTTTTTGGTGGGTGCATCTTGCGTTGTGGTTTTTGGATCAGGGTATAGTGTATCGAGCGTAATTGCCTCATGGTTAATCGCGTCTTTGGCAACCACTAACAAACCGAAGGCCGTTGGTTCGGTTTTGGCTGTTTCGTTGTTAACGAGCGTGAACGGAATCCCGTGTGCTGAAAGGGCCGCTAAATAATCGGTAGCAGCGGGGTTCTTGCCGTTTAATAAGACGGAATAGGGCTTATAATCCGTAAGATGCGCTTCGAATTTAGCTTGCGCAGTGGCGAGTTCCTGGTTAGTAACGCCTAAGAAGACGCGTTCACGTAATGAGCCGAGGTAGCGGCGGCGTTCATCGGGATTGGTTTGTGGTGCGCCGTGCATGGCACT
NZ_CP116016.1_gap24	955064	956702	1638	AGACTTCGATTGGATCGATGCTTCTGTTTTAGAAAATGCCAAAGCCGAAGCGAAAGCAGCCGAAAAAGACCAACCACTTGAAATTTTTGGTTATGATATCGATCAAAACATGATTGATATCGCTAAGTTGAATGCGAACGAAGCTGGTGTTTTACATGATATCCAGTTCAAACAACTCGCTGTTAAAGATTTCAAGACAGATTTAACCAACGGGGTCATCATCGCCAACCCTCCTTACGGGAAACGATTAAGCGACCAAACACAAGCCCGTGCTTTGTATAAAGAAATGGGTGATACCTATCGGTCATTGAAGACTTGGAGTAAGTATATTTTAACAAGTGACTTACAATTCCAAGAATCATTCGGGCAACGCGCAACTAAACGCCGGAAATTGTATAATGGTCGGATTCAAACTGATTTATTCCAATACTGGGGTCGTCCAGTATGGCCACGTGCAGAAAAGGAATAAAATTTTTTATAAAGCATTGCTGTTTTCAGTCGGTAATGCTTTTTTATTTGCTGAAAATCCCTTATAATAAAGATTACTTCAATAATAAGGTGAGGGATCGACTTGACAGTCATTTTAGCAGCAGAAACAATTCCTGAACAACACGTCAAAGCACTAACTGCAAAAGGTTTAACAATCATCGCTTTAGCTGATTTAAAACCAAGTCAACTGGGTAGTATTGAGATTATGTTTGGTTGGAATAAAGATGTAGGCCCGAAAATTTTAGCAGAGCCCGGTAATCAATTAAAATGGATTCAGACCGCAAGCTCAGGGGTTGATTATTTACCACTAGCCACGTTAGCTAAGCAAGAGGTACTGGTATCAAACGCACGCGGGATGCACGCAAAACCAATCGCACAGACGGCATTAAGTTACATATTACACTTTACCCGTGGGATTTATCAGAGCTTACCCGCACAAGCAGCGCATCAATGGGAGCATCATGCTATTGGTGAACAAATGACAAATTTGGAACACCGCACACTCCTCATTTTTGGAACAGGTCAAATTGGTGAGGAAATTGCAAAGTATGCCCACGTCATGGGGATGCACACAATCGGCGTTAATCGGCACGGGAAACCCGTTGCCAATTTTGATCAGATTCTAACCGACACGGATTACGAACAAGCATTGCCACAAGCAGACTTCGTGATTAATGTGATGCCATTAACACCGGTCACCAATCGGTTCTTCGACACCACCTTTTTTACGCAACTCAATCGAGGGGCTTACTTCTTCAATTTAGGGCGCGGCGCTTCAGTCGACGAAGCAGCTTTGATGCACTATCTACAATCCAGTCATTTGGCAGGAGCAGCAATCGATGTTGCCCAAAACGAACCATTACCATGTGATTCACCATTATGGGCCACACCAAACCTGATTATCACGCCACATATTTCAGGTTACATCGCTGATATCCATGAACGGCTCTTCAAAATTTTCGATCAAAATTTACCCAGTTATTTAGACAAAGGTGAATTACCCGTCAATCCGGTAGACTTGTCAGCCGGCTATTAAAAAAACAGCATTAGGACTTTTTGTCTTAACGCTGTTTTTTTGTGACTTTAAGGGGCCTTTTTGAATTCGCATTTTAAGCAAGTTTCATGGCCACTTGTCCACTTACTAATCTG
NZ_CP116016.1_gap25	965998	966689	691	ATTTGCGTCTGGGCTCTTGGATCCAGATCAGTGGTAGGTTCATCGAGAAAGAGGATCCTTGGCTTGCCAACTAAGCTGACCGCTAAGTCCAACCGTCGCCGCATCCCACCTGAAAAAGTCGCCAATGTTTGATCCGCTGATTGGTCCAAATCAAAGTCCGTCAGTAACTCGTTAGCTCGGGTTCGACTCGCTTTGGCACTGAGCCCATTTAACCGCCCAAATAAGCGGAGATTCTCGCGCGCACTTAAGTCTTAATCGATTGCCGCTGTTTGATTGGTGACACTAAACTGTTGGCGCACTTGGCGGCTTTGTGTTATCGTATCAAAGCCATTTAATGTGATTGTGCCACTATCTGGTCGTAGGAGGGTGGTCATCATTTTTAAGAGCGTTGTTTTCCCGGCACCATTGGGCCCTAATAATGCGAAAATCTCACCTTTAGAAATGGGTAGCGAAACGGAACGCACTACTTTTTTGGTCCCAAATGCTTTTTGAATATTGTTCACTTCAATGACATGCTCACTGCACATAATATTGCCTCCTTGTTTAATAATCAGGTCACCTGATTAATTTATATAGTAAGGGCCCCTGATTAAAATGTCAAGGATTGCTACTCTTAGATTTTGGAATGGTGTATACTAATCAAAACAGCGAAGGGAAGATGACGTATGGCAAAGAGTGTCAAGGCCGAATT
NZ_CP116016.1_gap26	1085357	1088109	2752	CGATAACTGGTTTTGTCATTGTATTCATTCCCTTCGTTGTTCAGTGTACCCTGTCTGAGCCAAACTGACAAGGTCACTCCGACAAAGTCCGCTGAACTTCCGCTTCCTCTGCGTCGTACTAATCAATCACCGACATAAACGTAGGGTCTGGGACAAAACCTAGTTTTGTCCCAGACCCTACCTTTTTGCATATGACTTTTAGAAAAATTATTTATCGTCTAATGTTTTACCAAGCATGTCGCCGATACTGAAACCTGTTTCTTCTTCTGGCATCACATAGTCAGAAGGCGCCACATCTTCGTGTTCTGAATCCTTAGCACCAGCAGGTTTTTCTTGCAATGCTTTGATTGATAAACCTAAACGTTGTTGTTCAGGATCAACTGATAAGACCTTGACTTGAACCGTTTGGCCTTCTTCTAACACATCGTTTGGTGTGGCGATATGTTGATGTGAGATTTGTGAAATATGCACTAAACCTTCAACCCCAGGGAAGACTTCAACAAAGGCGCCAAATGTTGTTAAACGTTTAACGACCCCTTCTAAAGTGCTACCAACTGGTGCTTTATCAGCGATATCATCCCAAGGACCAGGTTGCGTATCTTTAATTGATAATGAGATCCGGCCTTTTTCTTGGTCTAAGCTCAAGACTTTCACTTGCACTTTTTGACCAACTTCTAAGACATCAGAAGGTTGGTTAATGTGATCATATGAAATTTCAGAAACGTGGACTAAGCCGTCAACGCCACCTAAATCGATGAATGCGCCAAAGTTTGTCAAACGAGCAACTTCACCTTCAACAACATCCCCAGGTAACATTTTTTCAAAAACTGCTTGTAACTTAGCTTGACGTTCTTGTTCCAATAATGCTTTACGTGAAAGAATTAAACGGTTTTCACTTGGTTCAATTTCAATAATTTGTAAGGTTAATTCTTGGCCTTTAAAGCTGCTTAAATCACGTACGAAACGATCAGAAATCATTGAAGCTGGTACGAAGCCACGGACACCAGCATCGACGACTAAGCCGCCTTTAACCACGTCGATGACTTTAGCTGTGATTGTTTCTTGATTAGCAAATTTTTGTTCAATTTCAGACCAAACTTTACGGGCTTCTAAGCGACGTTTAGATAATAAGTAGCTCCCGTTTTCTTTATCGTTACCGATTCTTGAAATGACCACTAAATCTAATTGGTCGCCTACTTTGGCAACGTCTGCGATGTCTTCAATAGGTTGACTTGATAATTCTTTTTGAGGCACAACCCCTTCAACACCAGTTCCTTCGATGCCGACAATCACTTGTCGATCTTCAATTGCTAAAACTTCACCTTTAACAACGTCCCCAATTTTGACTTCGTGGACACTGTCTAAAGCAGCTGCCATTGCATCGCTGCTTTGGGTGTTATTCAAATTAGCTTCACTCATAGCTAAAATCCTCCTTAACGACTATCTATACAGTTACTATTTTAGTTGATATCTATTCGGATTACCAGTTATTTTACCTCGTTTAAAGATAAAATTACATATTTTTCTTTACAATTGCTAATATTGTGTCGACCACCTCATCGATTGTTAACTGAGTTGTATCGATTTCAATGGCGTCGTCAGCTTTTTTTAAGGGTGAAATGGCCCGTGTACTATCTTTTTGATCACGTAATTCAATCTCTGCTTGTAGCGTTGCTAAAGGCGTCATAATCCCCTTAGCTGTATTTTCAGCATAACGGCGTTTAGCTCGTTCTTGGGCACTTGCCACCATAAAAATTTTAACCTTCGCAGCAGGTAACACCGTTGTTCCAATATCGCGTCCATCCATGACGACTTGACCTTGATCTGCAATCTGACGTTGCCGTGCAACCATCTCAGTGCGCACACCAGCTAAAGCTGATACTTGTGAGACATTATTCGTAATTTCAGGGGTTCGAATGGCTAATGTAATATCTTCACCATTCAAGAAGACTTTTTGCCCTGCTTGGTCAGGTTTAAATTGGATATCTGCTTCTTTTAAAGCTGCTAAAATTCCCGCTTCATCCCCGAAGTCTAACCCTAATTTCTGTGCTAACACGGTTGATGCGCGATACATAGCACCCGTATCAACGTATACGAACCCTAATTTAGTAGCCACAATTTTAGCGACCGTACTTTTACCAGATGATGCTGGTCCATCAATTGCAATTTGCATGTTCTGCCTCCTGAAAAAATCATTAAAAAAGGCTGGGAGTTTCCCCAGGCCTTTTGGTAGTACTTATTATTTAACTTTTAGAGCTGTGCCTGGTGCCACTTGTGAATTGGCTGTTAACCCAGGGTTTAATGCAAGTAGTTGATCGAGTGTTAAACCGTTATTAACCGCTGCGCGGTATAAACCTTCGCCGGCTTTCAACGTATAAGAACCACCCGTTGTTTCGCTTGAACTGCTACTTTCAGTTGTTGTTTCTTCGCTACTACTATTTTGAGCATCTGCTTGAGCTTGGCTTTGACTATTAGCCTTTTCAGCTTCTTCTGCAGCTTGTTTGCTACTTTCAGCTGCTTGGCTTTCACTAGCCGCTTTTTCACTTTCAGCCTGTTTAGCTTTACTTTCGCTGGCCGCTTTGGTAGCACTTTCGCTAGCAGACTTCGCTTTTTTAGCTTCTTTCTTAGAAGCACTATCACTATCAGAAGTATTAACGACAATCTTACTAGACTCGACTGGGCGGTTAGCCCGGCTAGAATGAATCGTATAGGCAATAATCGGAAATGCAATCATTAAAACAAGCAATACACC
NZ_CP116016.1_gap27	1092546	1093069	523	ACCCGGCGTTTCTTATCATCTGTCACTGCTGAAATCACTTGGCGTGGTTTATACAAGACATAATAGACCTTGCGTTCACGCGTTAACGGCACACCGTCAACTTCAATATGATCGCTTGTGCTATCCACCTTGATACCCATTTCCTTCACCACTTTACCATTTAAGGTGACGTGACCAGTTGCAATTAAGGTTTCTGCTTTCCTTCTTGAAGCTACCCCAGCATTTGCAATCACTTTTTGTAATCGTTCCATTTATTGTTCTCCTTTGGACGTCTCTTCCGACGTCGTATCTGTTTCATTTAACGTTTGTTCAAATTGACGGTAATACAAGTCTGCTGTACCACCTTCACTACCATCGACATCAGCGTCAAGTGCCAATTGTTCAAGTGGTGGTAATTCATCGAGCGATTCAAGACCAAAGTAATCTAAAAAATAGGTGCTCGTTCCATATAAAATTGGCCGACCAGGCGCATCCTTACGCCCTTTTTCGCTAATTAATTGGCGGGCTAACAAGGTTTGGATGG
NZ_CP116016.1_gap28	1097206	1100966	3760	AAACCCGCCGGCGTTTTAAAGGCATTGATTAAGTCTTTGACACCAATTTGCCCCGTTGCAATCGGGACTAGGATAGCAACCGAAATCACTGTCACTCCCCAATTAATGCCTTTGGCTTGGATCACAGGCAGCACCTTATTTGAAATCGGGAATACCTTTAATATTAAAACAACCGCGGTCGCAATGATTAAAGATTGATTTTTCGCTAACAATGCAACGATTAAAATCGCTACTAAAAATAACCAACTTTCCATGTAAACCTCCAATAAAGTCTCCCTACTATTGTACCGATAAATGAACGACTTGTCAGTATTTTCAGAAAAGTAATTTAAGATTCGCGTTTTTAAAACAAAAAAAGCCCCCTCTTTTCAGAGGGGGCTTCATTTCATCATTCAGGAATGATTAAAGAGCGTTTGTTGCACCGCGGTAAACAATCCCACGACGTGAATCAACAGTCACAACTTCGCCATCTTTGATAGCTTCTGTTGCGTCTTTAGCACCAACAACAACTGGAATACCCATAGCGATACCAACAACAGCAGCGTGTGATGTTAAACCACCGTTTTCAACAACGATAGCACTTGATTTTTCGATTGCTGGTAAGTATTCTTTGTCAGTTGATTTAACAACTAAGATACCACCATCAATTGCTTTTTCAGCAGCTTCTTTAGCGTTTGAAGCGACAACAGCCTTGCCAACGATTGTTTCATCGCCAACACCTTGGCCTTGTGTTAATTTTGAACCAATTAATTGGATCTTCATAACGTTTGTTGTGCCACGTTCGCCAACAGGAACACCAGCAGTGATCAAGATTAGGTCTCCTTCTTTAGCAAAACCATGTTCTTGAGCTGTTTGTGTAGCTAAGTTGAACATATCATCTGTATTAGCAGGTTTCTTAGCGATAACTGGGTATACACCATAGTTAACTGTTAAACCACGACGTGTACGTTCGTCGAATGTAACGGCTAAGATGTCAGCTTGTGGACGGTATTTAGAAATCATACGTGCTGTTGAGCCTGATTCTGTAGCAGCAACGATTGTCTTGATTCCTAAGTTACGTGCAGTGTGAGCAACAGCTTGGCCAATTGATTCTGTCAAGTTAGTCTTGCTGTATGCTTTCAATGCGTATGCATCGCGGTCTGTTAATGATTTTTCTGTTCTTTCATCAATGCGAGCCATTGTTGCAACAGCTTCTACTGGGTAGTCACCGTTAGCACTTTCACCTGAAAGCATTGTTGCGTCAGTACCATCAATAACAGCGTTAGCAACGTCGTTAACTTCAGCACGTGTAGGACGTGGGTTTTCTTGCATTGAGTCCAACATTTGTGTAGCTGTGATAACTGGTTTGCCAATAGCGTTACATTTCTTGATCAAGTTCTTTTGTACAAAAGGAACATTTTCAAATGGAATTTCAACACCCATGTCACCACGAGCAATCATTAAACCATCTGAAACTTTCATGATATCGTCAATGTTGTCGATACCTTCTTGTGATTCAATCTTAGGGAAGATTTGAACATGTTCCATGTGTTTTTCTTCTAATAATTCACGGATATCTAAAACATCTTGAGGTTTACGAACAAAACTTGCAGCGATAAAGTTGATTTCATGATCTAAACCAAAACGAATGTCGCTAGCATCTTTTTCTGTGATACCAGGTAAGTTGATTGAAACACCAGGTGCGTTAACACCTTTACGTGAGCCGACCATACCGTCGTTTTGAACTTCAGTAACAAGTTCTTTGTTTGCTTCGTCTTTTTCAATAATTTTAAGATCCACTAAACCATCATCGATTAAAACGTGTCCGCCGACATGTGTGTCGTCGTATAGACCTGGGTAAGTAACAGCGATTTTTTCAGGTGTTCCTTCAAGTGTATCGTCCATTGAAATACGTACCACTTCACCAGTGTGTAATTCAAATTTCTTACCTTGTTGAACAGTTGTCCGGATTTCAGCACCCTTTGTATCTAACATGATACCAACTGTTTTACCAGTTAATTTTTCAGCTTCGTGAACCATGTTCATCCGGCTTAAATGTTCTTCATGATCACCATGAGAGAAGTTAAAGCGGAATACATTAGCACCTGCTTCGATTAATTTTGCGATAGTTTCAACATTGTTACTTGCGGGTCCAAGTGTACTTACGATTTTGGTTTTCTTCATAAGTGGAATCTCTCCTTTTATGTCTATTTTTTAAAAGACTTTTCAGTCGTTTTAACAATTTTATATATGGAACGATGAATCTAGTAAGCTAAATCTTCGTTTAAATCATAAAGATCTAACATTGCGTGATGCTTGTGATTGAACAAGTCTAACATATCATGTGCGATAATTTCGTTCTTTTCAATCCCAAGTGCAACGCCACCTTTGCCTTCAAGCAATAATTCAACTGCTTTTGAGCCCAAACGACTTGCTAACACACGGTCACTAGCTGTTGGTGCCCCACCACGAACAACGTGTCCTAAAACAGTTGAACGTAAGTGGAAATCGCCGTATTCAGAAAGTTTTTCTGAGAATTCATCAGCGTGCATCACACCTTCAGCCAATACAATGACAGCGTGTTTTTGACCATGTTCACGTGAAGTACGTAGCTTATCAGCAACGGCCTTAACGTCGAAATCATGTTCAGGGATAATAATGTCTTGTGCGCCACCGGCAACACCAGCCCAAAGCGCGATATCACCAGCGCCACGACCCATTACTTCCACAACGAAAGTTCTTTCGTGACTAGCAGCTGTATCACGGATCCGGTCAATTGATTCGAGCACTGTGTTCACAGCTGTATCGAAACCAATTGTTTGATCTGTAAATGGAATATCGTTATCAATTGTTCCTGGAAGACCAATTGCGTTATAACCATGTTCAGTTAAACGAAGTGCACCGTGATAAGAACCATCACCACCGATGACAACTAAAGCTTCGATACCAAACTTCTTGAGTTGTTCAATACCTTTCAATTGTCCTTCGACTTGTGCAAATTCTGGATAACGTGCTGAGTACAAGAATGTCCCACCACGTTGAATCTTGTCACCAACCGTAATTGGGTCCATCTTGAAGATATCTCCGGCAACTAAACCAGCGTAACCATAATTGATACCATAGACTTCAAGGCCTTCATGCATTGCTTTTCTTGCAACGGCACGGATGGCAGCGTTCATACCAGGTGCATCCCCACCACTTGTCAAAATACCTATGCGTTTCATCTTTTCACCCCAGGCAAATATTTTACTTAAAAAACCAATTGGTCTTTCAAAGTCACTAATATATTATCACTTTTCAGAAAATAAGTCTTGTCTTTTGCGAAGATTTTCGCAAAGATAGACCAATTTCTTTATTGGTCAAACCCTTTTAAAATCACATTTCCCGTCCCTAAAAGGTTTGTAAGCGCGGTCGTTAGTTTTTCGTTGCTCACAACCCAATAGCGCTCGTTCAATAGAATTGACTGTTTATCGGCCGCATTGTACAAGATAACTGGCGTTGTTCCGTGATTTTGTTGTAACAATTGATACATTTGTTGTTGCGCTTGACTCGTCAACGCCGTTTGAACCCGTAAATAAAGGGTCGCTTTGGGTAGCGTCTTTTGTGCATCTTGTGCCAATTGAATCTGATTAGCAACCACTTGTAAATCGCGACGTTGTTCAACTTTCCCGGTGATAAAAACAACTTGTCCTGTTTGTAGCCATTCACTGACCCGTTGATAAACGCCAGTAAAGAGCGTCACACTAATTTCACCGGTTGCATCTTGCCCCGTTACAAACGC
NZ_CP116016.1_gap29	1163609	1167390	3781	ATAGTATCCATATCTCCTCTTTAAAAAACTGTTTTAATGACTGCTTATATCTGTATTACTTAAGCATCTTTACAAGACTAATTTAGCATTTCACATCACTAAATGCAAGCGTTTTATAAGCTATATTAGTCAGTTTACGCTTTCATTAGTTTTTATTACATGTGAATCTAATCACTAGTTAGCTAATTTTCACGTCTGTTCTATATCTGTTATAATTTGATTTCGTTTTCTGTTATATAATAGCAAATAATAGGCACAAAAAAAGAGTCCGCCGTAGCAGACTCATCGTTAAATTTAAGTTGGGGTAGTTCTATGCCAAGACCGGTTGGGGTATCTCAGCGTTGCCAGCATGCACTAAGAGCTCTTGAAACACTCTGACTACTGGTTTAATTTGTTGACTGACTTGCACGCACCGTTCACTTACCGGCAAATCATTTAAATCAATCGCAACCTTAATTTGACCAAGGTTGACTAACTTAATCATTGTTAGCAGGATTGCCCCGACAACCAACGTTGCCAAGCCCATGAAAGCGAATTGATTAACCATTAATACTGCACAAAACGAAACCAATGCAGCTACCGCCATCATAAAAGTGCTTCCCACTCTAACTTCAGGTGTTTGTGCTTTAGCACCAATCGTTGCATCTAGCACAACGCCGTGCACCATTTCAGTCACTACTTCGCCCGCTTCAATAACGTTAACATCTTTGTTAACTGTTGCGATTGTAACGGGTGTCTTTTCGCTAGCAGCCAATACTAAAATATCACCGGGCACAATTTGATCTGCACCGATTAAACGTAAAAAACCATCACGCATAACGCTAACCCGTGCTTGTGAATTTTCTAATACTGCTTCTCTTTTAGCAGCTTCGACAGTTGTTAAGCCACTTGGCCGAGTTGCCAATAAACGCATTAACATCCCACTGCTTGTAATGCCAGTGATGTTAACGTCTTTTTTTAATTTCTTGTACATCGCGTTCGACACTCCTTCCCTTTTGAGGAAGTCGTCGTAAACCGCTAGCCTAATGCTGGCAGTAAAATGACAGACCACCTCGAATGATCACCATCGCTACTACTTACAGGTCCTTCAGCTGTTTTCATCATTTTACTCACCAGACTTTCTCTACTTTAAATTTAGTCATACCGCTTTATCCGACAAAAAAAGACGCACAACAATTGAGCGTCATCCATTTATCATGGCGTTCCCAATCGTTCAGTTTTAGCACTATATGACGTAGAAACCATGTTCAGCTACGTTAGAAAAAGCCTTCATTGGCAGTTTCAGTTGACTCAATTGGCATCTCTCGATGTTTCTGAGTAGCAGCGTTTGTTCATATAGGAGCCTCACCTAACGGAAAAGCAATATATCTATACTCTTATACTACCCGTTTCACTTTAGCAGGTCAAGCAATTCATTCCGTTTTAACTTGAATTGTGCTAGAATAATGAATGACGAATTAATCGGAGGTCTTAACTGTGATATTAATGAAAGATATTATCCGCGAGGGTAACCCAACACTTAGAAAAATAGCTGAACCTGTTACTTTTCCACTATCAGATGAAGATCGGCAACTTGCTGCTGACATGATGGCATTTTTAGAAAATAGCCAGGATCCTGAACTTGCTGAAAAGTACCACTTGCGCGCTGGCGTCGGTTTAGCTGCACCCCAAGTAGATGTTTCAAAACAAATGTCTGCTGTCTTGGTCCCTGGACCAGACGAACCCATCTTCAAAGATGTGATTATCAACCCTAAAATTATCAGCCACTCTGTTCAAAACGCAGCACTTGCTGAAGGTGAAGGTTGCTTATCAGTTGACCGCGAAGTGCCCGGCTTTGTGCCCCGCCCTGACCGTATTACACTACGTTACCAAGATTTAGACGGTGAAAGCCACAAGATTCGCTTAAAAAACTACCCAGCTATTGTGTGCCAACACGAAATCGATCATCTAAATGGCATCTTGTTCTTCGATCACATCAACAAGCAAGACCCATTCGCAGCACCAGATGACATGATTATTATTGAATAGAAGTGCGATTGGTTGTGCTTAGCAACTGAGCATTAATACAGAATTGGCAGTTATCCCGAATTGTGGGATAACTGCCAATTTTAGATTAAACGGGAGTTGTTGCACCCAAGCGCACGTTAAAGAAGAAGTGCTGATTCGAGTTGGTCAGGCTTTGAGGCTTAACGGTAAAGGCTACTCGAGAAGCACATAAAAAAGCGTGATTGAAATCTCATTAGAAGATTTCGATCATGCTTTTTTTATGCTTTCGCCGCTTCAGGCGTATCGGCAAATTGACTGTTATATAAATTAGCGTACACACCGCCGGCAGCTAATAGCGAATCGTGCGTCCCTTGTTCAACAATTTGACCATGGTCCATCACTAAAATCAAATCCGCGTCGCGAATCGTTGAGAGTCGATGGGCAATGACGAAACTCGTTCGCCCTTGCATGACTTTTTCCATGGCTTTTTGCAATAAACCTTCCAATCGGGTATCCACCGAACTAGTTGCTTCGTCCAAGATTAAAATCTTAGGATCCGCAATCACGGCTCGGGCAATCGTCAATAGTTGTTTTTGCCCAAGCGAAACGTTGCTTGCTTCTTCATCAATCGTCATTTGATAGCCGTTTGGCAACGTATGGATAAAATGATCGACATTAGCGGTTTTAGCCGCATCAACGACTTCATACTCTGTCGCATCGAGTTTCCCGAAACGAATATTATCGGTGATTGAAGCATGATATAACCAAGCATCTTGAAGTACCATCCCAAATTGGGAACGGACTTGTTGCTTGCTTAATTGCTTCGTGTCAACCCCATCAATCCGAATCGTTCCAGATGTCACATCATAAAAACGCATCAACAAGTTAATCATCGTTGTCTTCCCAGCACCGGTTGGCCCGACAATCGCCACTTTATCACCTGGGTTAGCAGTAAAGCTCAAATGGCGAATCAATGGTTTGTCTGGGTTATAGCTGAAACTGACATCATCAAATTCAACTTTACCTTGAACGATTGCTGGCAACGATGCTGTTTCATTATCGGTTGCTTCAACTGGCTCATCTAAGATTTCAAATACACGACCAGTTGCAGCAGCAGCTGATTGAATCACACCAGACAACTGTGTAATCTGTGAGATTGGTTGGTTCACTTGCCAAATATATTGAATGAAGGCTTGTAAATTACCAACTGAAATCACACCGTGCAAGACATAATAACCACCTAACGTTGCCATCCCGGCATACGTCATGTTTGTCGTTAAACCAACTAACGGCATCATCAAGCCAGAAACAAAGGCTGCCTTAAAGCCATAGTCAGTTAACCGATCCGTAATTTCTGCAAAATCAGCAATTGCGCGTTCTTCTTGTCCGTAAAGTTTCAAGACACTGAAGCCGCCATAATTTTCCTGTACAAAGCCGTTCATTTCGCCCAACGTGTCTTGTTGGCCTCTAAAGTACGGCTGCGATTTCTGAATGACCCGTCTTGAAATCAATAACGATGCTGGAATCATTATTAATGATAAGAGCGCCATCCAAATATTAATCGTAATCATCATGATCACGGCCGTGATGATCCCTAAGATCGATGTCACAACTTGAATTAAACTCTGTTGTAAAGCGTTCGTAATCGCGTCCACATCGTTGGTTACCCGTGACAAGATATTCCCTTGTTGTTGTGAATCAAAAAAACGAACGGGTAGCGCATTGATTTGCAAATCAATGTCGCGCCGTAAATCACGCATCGCCCGTTGAACAGCCCGCGTCATCCAAAACGAGC
NZ_CP116016.1_gap30	1168520	1169187	667	CAGTACGTGGAAAATATATTCAATAAACGCAATCAACGTCCCAACCGCTAAGTGACCACCATCAATCTGAACAGCCCCTTGCCAAATGATTAGAACGAATACGATATTAAAGATGAACGAAAAGCCCGGTTGTGCTAAAGCCACCAACGTAAACAGCCGGATAGAACTATGACTGTAGTCATCATTCACTTTTCTAAAGCGTAATTTCTGGAATTGTTCCCGCACAAAAGCACGGACAACACGAATCCCAGTCAAGTTCTCACGCAGATTCAGATTAATCGCATCCAGATTTTTTTGTTGTTCCGTCGACATCGGTTCAGAAACGCGACCAATCAAGACAACCCCCGCTAGCAGGATTGGAATTGCCGCAAATACAATCCATGAGAGCGATTGACTTGTCCGTACAATCATGAAAGCACTCGCGACGATCATCATCGGGGTCATAAACCCTGTCCGCAACACTTGGGTCATAAATTGCATCACCTGGAAAGCATCATTAGTGGTCCGAGTAATCAAAGAAGACACACCAAATTCGCCATACTCACTATGGGAAAACTGCATGGTTTGTTTAAAAATATCGTTACGAATGTCACGGACGATATTGGTGGTTAATTTGCTACCAGTATAAGCCAAGCCAATTAAGCCAATTAGTCCGATTAAACAGATT
NZ_CP116016.1_gap31	1194428	1198308	3880	CGTAAAAGCCATCTTATCATTTGCAAAGGCTCGGTTTTGAAGCACCTTTTGGGCGCGTAATTCATCACGGCGATGAACCACGTTAACATTCTTGGTAATATTGGCTAAATATAGACCTTCCGAAATAGCGGAATCACCACCACCAACTACCGTCACATCTTTATTTTTAAAGAAAGCCCCATCACAAACTGCACAATACGAGATCCCTTTACCAGAGTATTTTTCTTCCCCTAAAACCCCCAACTTGCGGTTCGTTGATCCTGTTGCAATAATCACTACTTTAGTTGTGAAATCATCACTATCAGTCCGAATATGCTTAGTCTGTTGCTCATCAATTGTCACCTCTTGAACATCGCCATAAACAAATTCGACCCCCGCATTAGTAGCAGTTTCATACATTCTTTCTCCCAATTTGGGGCCTTTAATCGACTGATAACCCGGATAGTTTTCAATATCATCTGTATTATTCATTTGACCACCATAAACACCACGATCAAGCATTGCTACTTTCAAATTAGCCCGTGCAGCGTACATCGCCGCAGTCATGCCTCCAGGTCCAGCACCGATTACAATAACGTCATAGTCCATCATTTGTCTGCACTCCCATTAGTCGCAATATTATTTAAAAATTGCTCAACTTCTGCTTTTGTTTTACGTTCTTTATTAACTAATCGACCAATTTCTTGACCATCTTGATAAGCGATAAAACTGGGAATGCCGAAGATATTTAAGTCCTGCGCCAAATCAATATTTTCGTCACGATCAACATGGATAAAGTGATACTCCGAAAAATCAGCCTCAATTTCTGGTAAGTGTGGCTTAATAAAATGGCAGTCGGGACACCAATCCGCCATAAAAACCAATACATATTTACCCTGTTTTAATTTTGTATCTAGTGCTATTTTACTCATAACCGATAATTTTTCCATTAGTGTTCCTCCACAGCATTTTCAAATTAAATCTATTCAACGTAATCATTGAATAGCTAAATGTTACCACTCATTTTATTTCTGTCAACTTTTAAACTCTAAAAAATACGGCCATTTTTTTAAAAACGACCGTATCTTGATATCCATTAACTTGGCAAATTCTATAATTAATCCGAACAGAAATTAAAAAGCCCAAAGCAATCACTTACAATGGTAGTAGCTAATTCCAACCAATATAGGGAGTGATTACTTTGGGTACATCTACTTTATCACGTTTTCAACGTGGCGCACTAGCACAACTGGTCAATGAGGGGAATAAATCTTACCAAGTAATGGCTGACGCCTTAGGCGTCGCCAAAGCTACGATTAGCTATGAGTTGGACCGAGTTAAACCTTATGATCCAGAATTAGCTCAGCAAGATGCAGATCGCAAAAGGCGGAATTGCGGTCGTCGTTCGATGCTGACGGCAGCATTAGCGACTTTAATTACCAATCACTTACGATTAACCTGGTCACCAGAAACCATTGCGGCCGCTTATAACTTGAGCACTGCGTCAATTTATAATTAGCTTAATCGTGGCTGGCTCCCCTTCAAATTGACTGATCTACCCAATCGGGATGTCCGCTAGCACCGAGTGAGCGAAAATCGTGGGAAATTTACAAGTGGGACTTCCATCGAACAACGGCCAACAACTGTTAATCAACGGTTAGCTTTTGGTCATTGGGAAGTAGATATGGTGCTTTCTAGTCGAAGTGAGTCACGATCATGTCTGGTTACATTCGTAGAACGTAAGACCCGACTTCTATGGGCCATCAAAGCCCCTAATAGAACGGCTAAGGCTCTAAACACCGCCTTTGGCAAGTTTATGGGGGCCTTCGGTCCCCAAGTAAAATCCATTACTGTTGATCATGGTAAAGAGTTTGCCAATTATCAGGCCTTAGAACAGGATTATCAAATCAAAGTTTATTTTTGCCATCCATATTCACCATGGGAGCGAGGTTCCAATGAATATTTTAATAGACGGTTACGCTGGTTCTTCCCGAAAAAGACCAATTTTAGCCAAGTAATGACTGATGAGATCCTAGCAGCACTTGAACTAATTAATCAACGACCATTAAAAATACATCATCAACAGACTGCCATTGAAAGATTCCGGGCTTGTTCGGATTAAACTTGTAATTTACCACTTTAAAGAAATAATTAATCTATTAAAAAAACGTGTGAACCTGCTTAATATTTCACGATAATAAATTGTTCACATAAACACAGTTTGTCCGGTGTAAACACCCGCCCTGCCTCTGTATATTCAGCTTTAAAAAAAGCCTCGTGAGCTGAACGCCAATAATCAAGCGTCCGATCGCCCTCACCTTCTAAAAAAGCATGTTCAGCGTCGACTTGATTGTACTTAACAATCGTGCACGCCGTCGTTTTCGTAATTGCAACCGGCCGGTCTCGTCCGTCCAAAATAACATTGTAGTCCCCAACTTGCGGGACATGCTCATCGGGTTCATACAACTCAATCGCAGAAGTGGTGGCCGTTTTTTGACCGATTATTACCAATCGTGCCAATTCATTGGCCATTTGTTCTGTATTCCCAAATGAATAAATCTCCGCTGGTTGTAAATTAGGTGGCAACTGTTGCTGCTCTACAAATTGTTGCCAATACATTCTCACTTCCGGTGTCATTGTCATCCCCCTTTTCCATTCGTAACGTTGTTGTTAGTTTAGCAGAATTTAGCCATTTGACCAAAAAAAGAAACTTACCCATTAGGATAAGTTTCTTTTTTAATCTTATGCCCACCGACGCATCTTTTTAAGCATCATCGGATAGCTTTTAATTAGGAACCATTGTTTCATCTTACCGGTTGTTTGGTCGGCACGAATCCCAGCAATCCCTTTTTCAAGCATCTGTTCAAAAGTGATTGTTGGTTCTGTCCACTGACCATCAACGTAACACAGTTGGCAATACTGATTTGACTTGGTGCCATCTTGTTCACTACCTTGGTTTTGTGCAGTCAGTGGCATGCCACAACTTTGACAGAATTTTTCCATGGGTGGACTCCTTTAACGTGCTTTTCAAACCATGTTCCTACGTTTAGCCTAATTAGCCAAACAATCGGCTTCGTCGCTTATTCGTCTAATTTTGCTAATCCTCAGAACATAATCGGTTTGAACACACTTATTTTCTTAACGTGCTTTCATCAACAGCTTCCTGCGCTTTGCTACACTTATCAAATCATCGACTATGTCGCTAATTCGTTAAGTTATGCAAATGCTCAAAAGCTAACCGTTGATGACGCACTTCTTTTATTTAACGTGCTTTTCAAACCATATGCCTGTGCCTAGCGACACAAGTCAAACGATTGCTTGCAGCAATCATTTGCCTTGTTGGGCTAGTGCTCGGAATATACCCGGTTTGAACGCACTTCTTCTTTAACGAGCTTGAACGCACTCATTTTATTTAATATTCTTCAAGAAGTTAAGCAACATTGCTGCTGATTTTTGGCCTGCTTCTACGATGAATTCGTCAAACGTTACGCCGGCTTCTTCGTCGCCGACGTCGCTCATTGCGCGAATGACAACGAATGGAATCTTGAATTGCGTTGCAACTTGTCCAATTGCAGCGCCTTCCATTTCACAAGAGAGCGCTTCGGGGTAAATTTCTTTGATTGCCTTGATTTTATCTTGGCTCGCAACAAATTGATCACCGGTGACAATTAAACCAACACGTGGTTGTAGGTCAACAGCTTTAGCCGCCGCTTCGATTTGTTGAACAATCTTAGCATCACTTTCAAATCGTTGGGGTTGTTGTGGTAATTGACCTGGTAAGTAACCAAAGGCAGTTGCTTCTGCATCGTGATAAGCGACTTCGCTTGAAATCACGACGTCGCCGATATGAAGGCCTTCACCAATCCCACCAGCTGAACCGGTATTAATCACAACATCTGGT
NZ_CP116016.1_gap32	1205853	1209369	3516	CATACAAGATTGTTGTTGCATTTGTTAACGTTAAGAATACGCCGTTGACATCTTTCATGAAACCATATAATAAAGCAAATAATGAAATGGCGATTGTTTGTGTTAAAACAACATTTTTTGAAACACCATATTGGTTTTGTTTGTGGAAACCTAATTTTGCTGGTAAATAACCATCACGAGCAACTTGGATGATTGTCTTTGAAGGACCTGTTACCCAAGCTGATAATTGTAATAACACACCAATGAAGACCATGAAACTGAAGATGTTGGCGATCATTGTTGGCCAACCAAGAATTTGACAATAAATTAAGATTGGTTGTGTAATATTTGAAAGTTCCATTTTACCCATTGGTACAACGTTAGCAACTAACATTGCGTTTACTAAGTTCAAGACAACTAAGCCAATTAATGAAACGAAAATCCCTTTAGTAAAGGTTTTTGATGGGTTGTGTAAACGTGGAATAAAGACAGATGACATTTTAATCCCAGTAAAGATGAATGAGATACCAGCCATATATTTCAATGATGATAAACCATCTTTAGTTGGAATTAATTTGCCCATTGAGAAGTGACCCAATGTACCGCCAGGCATGATGCCGTTTTTGATTAATGCAGCAATCGCCATAACCGCCATAATAACGATTGGAATATAAACACCTAACCAAACACCGATATTGCCGCCGACTTTAGCCATATCATATTTTAAGCTTAATAATGTGATAATCCAGTAGAACACAAGGATACAACCAAGAACAAACCAGTGGTTATTCCCTAAAGTTGGATTACCAAATGAGTTACCCAATAAAGGTCCGATTGTTGAAGCAACCATTACCATCCCTGGGAACATTTGTACCCAAAGTAACCATGCTGCAACGAAACCTAATTTACTACTTAACGCTGTTTTAATCCAAAGTTGTGGGCCACCTTCTTCAGGCATTGCAGTCCCTAATTCACCAACAATCAAAGCATTGGTAATGCAAAGAACAATACCGCAAAGATTGAATAACTGATTTGAGCCCAGCCCGTTGCAGCTAACGTAGGAATACTACGAACAGTTGCACATAAAGCCATCGTTAAACCAATAAAGGTTCCTAAGGCAATTTTATTAACTTGTTTATTTTCCATTTTTACTTTTCCTCCGATTTTATCTCACAATAAGAAAGCCGCTTGCGCGGCTTTCTCTTTTTACTAAACAATTACTTAGAATTATTTACGATCCTCGTAAATTGCTTCTAATTTTTTTTGCATAGCTTGTTTGATCTTAGGAGCAAAGTAATCAAAGTTTTCTTCTTTGTTCATGTATGGTGTCATAACAGCGGCACGAAGAACAGTTATTTTGGTAGATTGCAAATTTAATCCGAATTTTTGGACAAATTTGTCAGCATAACCTGATACGGTGTTTGCCAGTCGAGTATTTTAAGCGGTCGCTGGTTAATTTGGAGTAACGTCGTCGTTAAATCTTGAGCACTAATGTGCTCAAAACGAGTCCCTTTAGGATAAAAATAACGTAAATTCCGATTAAAGCGTTCATTACTACCACGTTCAGCTGGCGTATAAGCATGGCAGTAATAGGTCTTAATACCATATTGTGATTCAAGTGATACTAGCCCACTAAACTCAGTGCCACGGTCCACAGTAAAGCTGTGCACCGGACCATTAAAAGTGGTTAGGAACTTAGTTAGTGCTTCATTAACAGTCGCTGTCGTCCGATCTTTTAACCGGTATGCCCAAAGGAACCGTGATTTTCGATCGATTAAAGTTAATAAAACTGCCTTACTATGCCCACGAGGACCAACGACTGTATCTAGTTCAAAATCGCCGATGCGCTTACGTTGATTAATCATCATGGGACGCTGTTCAATTGATCGCCCCAAAGATTGATTATATTTGGATTGTTGGTCAACGTTACGCCGTTGGCGTACGCCATGTTCAGGTAGATCATTCAAGGAGAAACCAATTCTCCCCTGATTTAGCCAATTATAAATAGATTTAGTAGCTAGTTTAAATTCGTGAGCAATCATTCCTGGTGACCAGCTTAGACGTAAATGGTTGAGAATTTTTTGCTTTAACTCATCGCTCAGCTTAGTTTTCCGACCACATCGTGATCGCTTGTATTCGGCATCTGTTTGTGCTAATTCAGCCTGATAAGGTTGACATCGAGATAATTCATAAGAAATTGTTGACGGTGATCGGTTCAGCCGAACGCCCATTTGGATATTGGACAGCCCTAGTTCACAAAAGGTTTCAATTTTAATTCGTTCGGAATAGGTTATACTAGACAAAAGATCAGCTCCTAAAAGATGGGTTTGTGGTAAACACCATTTTAAAGGAAGCTGATCTTTTTTGTCCGAACAGCGTTCGGATTAATTTTACAATCTACCATCAAGTAAGATAGCACGACCATAACCACCGTAAGCAGCATCAACGTGGAAGTAGAAGTATATGCCTTCTTTAACAAGTTTGTTACGTAATTCAGCAATTTCGTTGATGCCGTCAACAGCACCTTCTTCAGTTGAGCCAACAACGCCGACAACCCCAAGAATTGGTGTTTCTGTGCTTGCTAATTCACGAACGATTTTTTCTAATTCATTGATATCCATACGGTAATTTGAATCAACTGGTACTGGGATTACTTGATCCAAACCGATACCGATAATATCAGCGGCTTTTAACCATGAATAATGTTTTGTTTGTGGAACTAACCATTTACCTAACTTGTCAAGATCTTTACCACCACGAGCTGATTTAGCTTTGATTTCATCAATCTTGTCGCCGTTAGCTTCAACTAAGTCCATGATTTCTTTAGTTGACATGTTTGATAATTCCCAGTCTGTCTTGCCTGCTACAATAGTAGGATCAACAGCCTTCATTGCAAATGGAAGTGACTTGATGTTACGTGCATACCATAAACCTTCCAAGTTAGCTAATGAACCATCAGCTACGATGTGGCCCCAACCATTTGTGTAACCCATCAATGTTGCAAATTCTAAACCAACTTCTTCTTCCATTTGTGAAGTTGCTGGTGATGATTCATACGCAACGTTATTACCATTCCATAACATTGCATAGTTATATGCCAAAATGGCTGGCATTAATGTTTCTGAGTTCATATGACCCCAGTAACGACCAGCATTATGTCAAGGAACTGATTGTGAACGTAAACGTGCTGAAAGTTCGTCTAAAACGTCTTTCATGTTGTTAACCGTTCCTTGGAATTCAGGTGATGTTTGTTGTTCAGCTGAAATCATTGGTTTGTCTTGTGGCATGTAGTTTTGACGCCATCCAAGATGTTCGTCAACCAACTTACCTAACAAATCTTTGTAAAGTTGACCATTTTCAGCTTTATCACCGATAAATAGAGCAGATAAATCTGTATCTTTTGCACTAAAACTATTGTTACTCATAACAAAAAATCCTCCTAAATTGTAGATATAGTATAACCCCAATCAATAGAATACGCTCATTGTCCATAAAAGCAAACATATGAAAGCGATTCCGATTTTTTAGAGTACGAAA
NZ_CP116016.1_gap33	1213874	1215236	1362	AGTCACCGCAACGTTACTGTCCTCTTCACCAACAAGGTCTAAGACGAGATTAAATAAGTACTGTTGGTCTTCTGCTTTATAAAGTGTGTCTTGAAAGATAATCACTTTTTCAATAAATGTTTGAATCAATTCTCTTGCTTGCATATGCTTTCCTCTACCGATCTGCGTATCCTGCTGGATGATTTAAATGCCAATTCCAGGCCGTTTCAATAATTGCTTCCATATTGTCATACTGTGGCGTCCAACCTAAGACTTCGCGTGCTTTGTCACTTGCGGCAATCAAAGTACTTGGATCACCAGCACGACGCGGTGCCATTGTCACAGGAATTGCCTTGCCAGTCACTTTGCGAGCGGCTTCGACAATTTCCATATTTGAAAAACCAGTTGATGAGCCTAAGTTAAAGGCGTTACTATCATGGCCTTCTTCGAGGTAACCGAGGGCCAAAATATGGGCGTCGGCTAAGTCTAACACGTGGACATAGTCGCGGACGTTAGTGCCATCTGGTGTATCATAATCATCACCAAAGATGGAGAGTTGTTCACGTTTGCCAGCAGCCACTTGTAACACGATTGGTAACAAGTGGGTTTCTGGGTGATGATCTTCACCGATTGAACCATCTGGTTTGGCACCAGCGACATTGAAGTACCGTAATGCAACGAATTTAATACCGTAAGCTCTGTCAGCCCATTTCATCATCGTTTCCATCATTAATTTACTTTCACCATACGGGTTAGTTGGGACTTGTGGGTCGGATTCCTTAATTGGAATTGATTTCGGTTCCCCATAAGTGGCCGCTGTTGATGAAAAGACGATGTGTTTGACGTCGAATTCATTCATCACCTCGAGTAAGGCAGTCATGCCGTATGTGTTATTGTCGAAATATTTAAGTGGTGCTTGCATCGATTCGGGCACGATTGAGAAAGCGGCGAAATGAATCACACCGCTGACTTTTTCTTGTTGGAAGACGCTGCGCATGAAATCTTTGTCGCGAATATCGCCTTGATAAAAGCGCGCTTGTGGATTAATGGCGGCTTGATGGCCGGTGACGAGACTGTCGACAACGGCGACATCCGTGCCGCGTTGAATTAATTGATCAACGGTGTGCGAGCCGATGTAGCCGGCGCCACCTAATACTAAAACTGTCATCTTATCATTCTCCTCTTCAGTTGACTGATTAACCTAATTTTTTAGCGCCATCGGCAATTTCTGCCACGTAGAAACTTGGCGCATACCCAATCTTGTCTGTATAAACTTTAGCAACATTCGTTTCAAAGTTGTCGACTTGGTCTTTAGCAACAATTGCAATCGCACAACCCCCAAAGCCCGCACCAGTCATCCGAGCGCCTAAGACCCCTGGTTGT
NZ_CP116016.1_gap34	1224108	1225615	1507	ATTAACCTCCCTTTGAGCAACATAATTATTAACAGCATTGGCAAAAAAAGGGTACATAAATATCATAAAGCCAATCACAAACATAATGGCAATAAACAACTTCAATGAAATATTCGTTCTATTATGATTTATCTTTGACATGTTCTCATTTCCCTTTATAATTTGCCAAACTAAGCGCCACCGAGGTATTTCTGAGTAGAATGTCACATTTGATCTGATACTACTTGGCAAATTCTATAATTAATCCGAACAGAAATTAAAAAGCCCAAAGCAATCACTTACAATGGTAGTAGCTAATTCCAACCAATATAGGGAGTGATTACTTTGGGTACATCTACTTTATCACGTTTTCAACGTGGCGCACTAGCACAACTGGTCAATGAGGGGAATAAATCTTACCAAGTAATGGCTGACGCCTTAGGCGTCGCCAAAGCTACGATTAGCTATGAGTTGGACCGAGTTAAACCTTATGATCCAGAATTAGCTCAGCGAGATGCAGATCGCAAAAGGCGGAATTGCGGTCGTCGTTCGATGCTGACGGCAGCATTAGCGACTTTAATTACCAATCACTTACGATTAACCTGGTCACCAGAAACCATTGCGGCCGCTTATAACTTGAGCACTGCGTCAATTTATAATTGGCTTAATCGTGGCTGGCTCCCCTTCAAATTGACTGATCTACCCAATCGGAATGTCCGCCAGCACCGAGTGAGTGAAAATCGTGGGAAATTTACAAGTGGGACTTCCATCCCCAAGTAAAATCCATTACTGTTGATCATGGTAAAGAGTTTGCCAATTATCAGGCCTTAGAACAGGATTATCAGATCAAAGTTTATTTTTGCCATCCATATTCACCATGGGAGCGAGGTTCCAATGAATATTTTAATCGACGGTTACGCTGGTTCTTCCCGAAAAAGACCAATTTTAGCCAAGTAACGACTGATGAGATCCTAGCAGCAATCAACAGACTGCCATTGAAAGATTCCGGGCTTGTTCGGATTAAACTTGTAATTTGCCCTCACATAAAACTTATGGTATAAATTTTCTATACTTTTCGTGAATGGTGCATTGAATAGACAACTTAATATAATTACATTTCGTCTCTCAACTGGCGAGAATGCGACATAATCTTTTTCGTGAGTTTGCTTCATTATTTGTAAATAATTCTGGTAATTTAACAAATAGCCTCTTCCATGCTCCGATTCTACTAAAGTCATTTTATAAGTCTCATTTATCGATTTAACCGACCTGTAAATCGTTTTTTGAGATACGGCAACTACATCGGCCAATTCATTTGCTGTCATGTAATCTCCATTCTTTAACAAAGCATTCAATATCTGATTCATATAACCAGTCATATTTTCCTCCTTATGTTTATGATAGCGCTATTTTTATTAAAAAAAGATAAACCTTTGTCCGTTGCTACGGTCATTCTTCTTGTTTTTCTTTATTCTAGTACATCTTGTGTAATGTATACAAAAAGCCCTACCGTATTCCGGTAGGGCTT
NZ_CP116016.1_gap35	1227984	1230369	2385	ATCGCGGAACGCATCGATTGAAGCAAACCATTGGGCTGTTGCCCGGAAGATAACGGGTTTCTTTGTCCGCCAGTCATGTGGGTAACTATGCGTGAAGAAGTCGAGTTTCAATAATGAACCGTTCTTTTCAAGCGCTTCTGTCACCATTGGGTTGGCTTTATCGTAATAAACGCCTTCAAAACCAGGGGCATCTTCAGTCATAATCCCTTTGCTGTCAACGACTGAAAGGACTGGTAACTTATATTTAGTGCCAGCGTTATAATCATCTTCACCGTGACCTGGTGCCGTATGCACTAAACCAGTCCCAGTTTCTAATGTCACGTGGTTGCCTAAGATCACCAATGATTCACGGTCATATAATGGGTGGCGGGCTGTCATTAATTCCATGTCAGCACCCTTGAAAGTCTTCAAGATTTCAACTGATTCCCAACCAAGAAGATCAGTCATCTTGTTCAAACGTTCTGCTGCCACAACGTATTTTTGGCCGTCAGCTAACACTTGAACGTAATCGAAAGCTGGGTTAACCGCAATCCCTAAGTTAGCAGGAATTGTCCATGGGGTTGTTGTCCAGATGATGAATTTTGTATCCGCATCTAATAAGTCTTTCCCATCCACCACGTTAAACGCCACGTACATTGATGGTGACTTGATGTCTTTGTATTCAATTTCAGCTTCCGCTAAAGTTGATTCTGATGAAGGTGACCAGTAAACGGGCTTCTTACCTTTATAGATATAACCTTTTTTAGCCATTTCACCGAAGACCCGAATTTCTTCAGCTTCAAAATCAGCTGTTAAAGTGATGTATGGGTTATCCCAATCAGCAGAAATCCCAAGACGCTTGAAATCTTCGCGTTGCTTGTTGACTTGTTCCATGGCATAGTCGTAACAAAGTTTACGATAATCAACGAGGCTCATTTCTTTCCGCTTGATACCTTTTTTAGCCAAGGCTTGTTCGATTGGCAAACCATGTGTATCCCATCCAGGAACAAAAGGTGCGCGGAACCCGTTCATTGATTTGTAACGAACGATAATATCTTTACTTGTTTTATTTAAGGCGTGACCCATGTGGATGTTGCCGTTCGCAAATGGCGGGCCATCATGAAGAACGAATGAAGGTTTACCTTCATTTAATTTTTGCCGTTGTTGATAGAGGTTGTTATCGGCCCAACCTTTTTGCCAATCGATTTCACGATTCGGTAAACCTGCTCGCATTGGGAAAGCTGTCTTGCCCAGGTTTAATGTTTCTTTGATACGCATCAAATCACTCCTTTATTTTTAAAAACAAAAAAAGATCCCGCCCTGAATAGGACGAAATCTTCGTGGTACCACCTAAATTTGAAGGTCAATGACCTTCCTCAACATGCAATAACGCGCATTAAGCGTCCCAAATTACTCAATTCATCTGGAATGAAATAAGGTGATACACCGCTAAACAGAGCATTACCAACCTTCCACCGTCGTTGGCTCGCTTAAATGATGTTTTGCTTGCTAGTCCTTATTTAAATCTGTTACTTGGTTTTCAATTGGGTTGTAAGAATCCGTAACAGCTTCAACCACTTCATCTGAATCGGTGTCTTCGACTACATCGGAGAGCACTTCATCATTGTCATCTTCTTCGACTGGTGTTTCTTCACCAGGGAAAATAATGGTTTGCGTTGTTGTCACATCATCTTCAGCAATTTGACCCCAAGGTTTAACTTCTGCATCCGAGTTTACTTGATTTGACCCATGGTTGTCAAGGTCTGTCATATCAATTTCAGCTGAAAGAGCTTGATGGTCCGCTAAATCATCTTTAGCTAATAAATCTGTCCATTCAGGACTCTTAACCACTTCTAATTGTGATTCAAGCATAACTTGTAATCTTTGACGGAAAATCCGTGTTTGTTTCTTCAAGTCATCGGTTTCGATTGCAATTTGTTTTGCACGTTCAGTTGCATCGTCAATGATGTGGTTTGATTTTTCAGTTGCATCATCCAACATTGATTTTGCATTCTTTTCTGATTCAGTTTGAATCATTTCAGCTTCTTTTTTAGCGTTATCTTTAACACGGTCAGCCGCTTCTTGTGCAACAATGATTGATTGGTTCAACGCATCTTTCAATTCATTAAAATACGTTACTTTTTCATCGCTTGATTTTAATTCCGCTTTTAAACTTTCATTTTCTGTTAAAACTGATTCGTAGTCTTTAATCACTTGATCTAAGAAATCATTGACTTGATCCGGATTGTAACCCCGCATTTTTGTGTTAAATTCTTTGTTATGAATATCTAAAGGTGTTAAAACCATTTTGAAATTCCTCCATCTTTTTCAGCAATTATTTTCTTAAAATCCCCAGTGTCACTCGATATTTTTCTTTACGAGTCTGACCATCAATCGATTGGAGTT
NZ_CP116016.1_gap36	1275863	1280693	4830	GGCTGCTGGTGGTTCTACAGCTGGTGCATCTGGATGCAACAACCAAGTTGCCGCAAAATGCGTTTTCGACACTTGGAAAAATGGCGGTTCCTGTTCCACATCAATTTGTAAAGCATATGGATTACGCGGTGCGAAGGCATCCCCTTTTGGTGGATCCAACAAGTCTGGTGGGGTCCCTGGAATGGCTTCAAGACGGCCAGAAGTATCAAGTGTTGGCATTGAGTTCAATAAGCCCCACGTATATGGATGCTTGGGTTGATAAAAAATTTCATCAACCAACCCATATTCGATAATCTTACCAGCATACATTACCGCTACGCGATCGGCAATCCCTGCCACAACACCTAAATCATGCGTAATGAAAATAATTGAGGTTTCAATCTTGCGTTGCAATTCCTTCATCAAATCGATAATTTGTGCTTGCACTGTCACATCAAGCGCGGTTGTCGGTTCGTCGGCAATCAGGATTTGTGGATAATCAACAATCGCAATCGCAATCACGATTCGTTGCCGTTGCCCACCAGAAAATTGATGCGGATAATCTTTCATCCGTGCTTTGGCATTCGGAATACCCACCAACTCTAAAACACTCTGTGCACGTTTCATTGCTTCTTCCTTATTCATTGTTTTATGAATCAACAAAGGTTCAGCAACTTGTTTACCAATCGGCATCGTTGGATCCAATGACGTCATCGGATCTTGGAAAATCATGGAAATATCGCTACCACGTAAGGCATTCATTTCCTGTTCTGGTTTTTGTAAGAGATCTTCATTGTGATACTTGATTGTACCACCCTTAATTTGAGCATTGCCCGCTAACAAGCCCATAATACTACGGACCGTTACCGACTTACCTGAACCTGATTCACCAACAATCGCTAGTGTTTCGCCTTTTTTCAAGTTGAAACTGACATCGCGAATAGCATGGACGTTCCCTGCGTAGGTTTTAAAATCGATACTTAAATGTTTAACTTCTAAAATATTTGCCATTTGACGACCTCCAATGATGAAACCGCGTGGAAACGGCCTTGTATTGACATGCTTTTTGAAACTGACTCTGCTTCTAAACGTGCTTTCATTAACTGCTTTTTATGGTTAGCTACGTCTAACAAATAATCAACAAGTTGATTATTCGCCAGACTATGCTAATCCGCGAAAGATAACCGCCTACTTACACACGCTATGATTTTGGATCGAATGCGTCTCTTAATCCGTCTGCTAGTAAGTTGACGGCAATCATGATCACACAGAGGACTGCTGCTGGATACCACATTTGATATGGCAAGAAACGGAAAGCTTTTTGCCCATCTGATAATAACGTCCCTAATGAAGCATTCGGCGCTGGAATCCCAATCCCGATAAAGCTCAAGAATGCTTCGAAGAAAATCGCACTCGGAATTGTAAACATCGTTTGAATAATAATCGTTGAGGATAAATTCGGAATCAGATGTTTCCAAGCAATCTTGGTGGAACTTTCACCCAACGTCCGTGCGGCGAGCACGAATTCTTGTTCCTTAAGTTGGAACGTTTGAGCCCGAATCAACCGGGCCATTGTAATCCAACCGGTAAACCCAATCGCGATGACGATTGACAATAAACCTGGACGGAGTACCAACATCATCAAGACAACCACAATTAAGTTTGGAATTGATGAAATGATTTCAATTACCCGCTGCATGAACATATCCAAACGGCCACCACGCCATCCGGAAACAATCCCATATGGAATCCCGATTAATAAATCGACCAATGTCGCTAGAATCCCAATTAATAAGGATAAGCGTGTCCCGTATAAAATTCGTGATAATAAATCACGACCGAGATAATCCGTCCCTAAGATAAACGTTTTACCTTTGGGAACGCCCGCTTGTTGATATTTATCAACTTTAACACCGGAAACGTCCATCTTACCGGTAAAACCAGGGATATTCCCCGATCCAATTTTAGGGGGTAGGTTAGCGTACGCCACATTTTGTGTATTTGGACTTTGTGGTGCAATCACTGGTGCCAATAAAGCAGCCAACATCACAATCAAGAGGACAACTAATGAAACCACCGCAACTTTATTTTGCTTTAAGCGCCGAATGGCATCTTGTGTAAACGTCAATGATGGTGCACTAATTTTTTCTTGTGCTTCATGCGTGTCTTGTGTAAGGGGCTTGAATGAGCCCGCTGGTATTTTAATATCCGCCATTTAGTGCGCCCCCTGACTGTCACTTAATCGAATTCGTGGATCAATAATCCCGTAAAGAATATCGACGACTAGAATAATCACTGTTAATAAGAATGAATAGAAAATGGTCAAGCCCATGATTGTTGGATAATCATTCGTCATAATTGACTTCACAAATTGTTCCCCAATCCCGGGAATCGAGAAAATATTTTCAACAACTAGTGACCCAGTCATCAAGTTGACTGCCATCGGCCCGATAATCGTAACAACTGGAATCATTGAATTTCGTAAGGCATGCTTTGCCACTGTTTGCCATTTTGAATTGCCTTTGGCTTTAGCGAGTTCGATGTAATCACTGTTTAAAACATCGACCATTTCAGTCCGCATGAACCGGGCCGTATTCGCCAATGGTGCAACCGCTAGTGCTAATGTTGGTAAGACACTAGATGACCAGCCGTCCCATAACGCAATTGGGAATAATTGTAATTTAAAGGCAAGGAAAAACTGGAGTAAGACCGCCAACACAAAGTTCGGAATTGAAATCCCAACGATTGAAAAGAACGTTGCAACGCCATCGACCCATGTATTCTTGCGAATGGCCGCCACTGCCCCTAGTAAAATACCCAGTAATGAGCCGACAATCATCGCTTGTGCCCCGATTTGTAATGAAGGTCCTAAACGCGTCATGATTAGGCTCAAGACGGGCTGATTGTTGAACTGGAAGGATGTGCCAAAATCACCATGCAACAAGCCACCTAGATAGATGAAATATTGCTGAATTAATGGTTTGTTCAAACCGTACTGTTCATTCATGATCCGTAATTGATCAGTACTCATTTTTTCCTGATTCGTATATGGCGTCCCTGGCATCAACTTCATCATGAAGAAGGTCACAGAAGCGACAATGAATAGGGTTAGCACTAAATAGAATATTCGTTTAATAAGGTATTTACTCATAAGTTCGCTCCTAACAAAAACGGGCTTCATTGTTTTTCAACGCTGAAGCCCATCTTTATAAAGTCAGTTTATTTTTTTAAATAAAGTGAGACATTATTGTAGCTTCCTGAAGGGCCGTAGTCTAAACCTTTAAGGCTTGGGTTAGTTAAGTACGCCACACCTGATTGATACAGTGGAATGACACCTGACTCTGTATTCATAATATCTTGTGCCTTAACAAGGTTTTGCCATCTTGCTTTAGGATCATTGGCGTTGTCAACTTTACTTGCCTTGATCTGTGCATCGTATTCGGCATTGCTCCAATGGCCATTATTGTTATCGCCGCCTGTTACAAACAAGTCTAAGAATGTGACTGGATCTGGGAAATCAGCGTTCCAAGCACTAACCACCATGTCGAAATCACCGTTCGTTGAACGTGTTAAACGAGTCTTAAATGGCACGTTCGCTAATGTGACTTTCAAACCTGGTAAGTTCTTTTGTAATGTGTTTTGGAGATATTCGGATTGTTTCTTGGCAGTATCCGTATCATCGCCAAGTAATGTGTAATTGAATGTTTTGCCTGTTTGCCCAGTTTCAGCAAGGCCTTCGTTCCAAAGTTTTGTTGCTTCTTTAGGGTTGTAACTTACATTTTTCTTACCCGCTGCGTCTAAATCATCAACAAAATCTTTCTTAGTTGTTGGGTCAAATGACATATTCTTTGGTGTCACAGAAGCAATTGGACTTGAACCATCACCTAGAACCTGTGCGACTAATTCTTTACGATTAATTGTCATTGAAATTGCTCGGCGAATCTTCGCATTTTTAAAGATTGGATTCTTTTCTTGGTTGACTTGCATGTAGAATGTTGCTGATTTTTGTAAGGTTGAGTAATGTGGATCGTTTTTCATTTGTTTAGCTGTGTCACCACTGATCGCCGTCCGATCTAATTTATTACTTTGGAAGAGGTTTAAAGCTGTTGATGGATCTTTAACCACTTGATACTTCAACGTCTTAACCTTAACTGCTTTCGCATTCCAGTAATTGGTGTTTTTAACTTCTTTCCATGAGCTATCTGGGCCATTCCAATTTTCTAATTTATAAGGGCCGTTGAAAACTAATGTTTTAGAATTTGTCCCGTAACTCTTGCCAGCTTTCTTGACCGCTTCTGGATATTGGGGGAAGAATGTTGAACTGGTCATCAATTGACTGAAGTATGGAATTGGTTTTTCAAGGGTGACTTCTAAGGTGTGTTTATCCTTAGCTACTACACCCAATGAATTAACCGGTTCCTTACCAGTCGTGATGTCTGCTGCATTTTTAATGCCTTCATAGATATAAGCATATTGTGAACCGACCTTTGGATCAACGACTCTGCGCCAAGCATAAACGAAATCTTCTGCCGTGACCGGTTGACCATTGCTCCACTTCGCGTCTTTTCTTAATGGGAATGTATATGTTAAACCGTTATTAGTTGGTTTGACTACTTTAGTCGCAATCGCCGGTTTAATTTCTTTACCCTCGTAGCGGTAAAGACCTTCCATCGTATCGGTTAAAGCCTGTGCACCGATCACATCCGTATTTAACGCTGAATCCATTGTCGAAATGACATCCCCAGTTGCAAAACTGGCTGTGTCAGTCTTAACGGCTTCCTTGCTACCTGAGTTACCACAAGCTGCTAATAATAATGTGACCGCCACTGTTGTTATACCTAATACCAAACT
NZ_CP116016.1_gap37	1285010	1288724	3714	TAGCAGCCAATTCAGCAGATGGGTCAAATGATAAGAGAGCGGTCATCCCTTGAGCAATCGTCCGACTTTGCACGATTGCAACTGGAATATCAGCCACTTCGGCAGCTTGTTCAGCGGCTAAGAAGATGTTCTTATTATTTGGTAATAAGATCACTTGTTTAGCATTGGCTGCTTTAATCGCATCTAAAATATCTTGCGTACTTGGATTCATGGTTTGACCACCACTTAAGATATAAGTAGCCCCTAAACTCTTGAAGAGTTCAGCAATCCCATCACCGGCCGCAATCGCGATAATCCCATTTTCAACAGGTTCTGCTTGCACAGGGGCAGCAGCTTGTTGGTCGTTTTCAACAATCGTATCATGTTGTAAACGCATGTTATCGACTTTAATCTTCACTAATGAACCAAAGTGTTGGCCGTAAGCCATGACTGTCCCTGGATGTTCTGTATGCACATGGACCTTCACCACTTCTTCATCGGCTACCACTAAGAGAGAGTCACCAACACCGTTTAAATGATTGCGGAATTCATCATAATCAAATTCGCGATCGACAGTTGTCCCGTCACCAAGGGCGACCATGATTTCAGTACAATAACCATTTTCAATATCTTCTGTACCCATTTGAGCGGTTTGATGATGATTGGCATTGACCATTTCATCCATTTCCGCTTCATCAGGTGTGTAAAGATCTTTTGCAGGTGCTTGGCCTGTTAAACCTTCTAAGAAACCTTCATAGATGAAGACCAATCCTTGACCACCAGAATCGACAACGCCGACTTCTTTTAAGACAGGGAGTAATTCAGGGGTCTTCAACAAGGCCTTCTTAGAACCCTCAACAACAGCTTCGATAACTGCACCAATATCATCAGTTTGACCGGCAACCTTGGCACCAGCTTTGGCGCCTTCTCTGGCAACCGTCAAAATCGTGCCTTCAACGGGTTTCATTACTGCTTTATAAGCCGTTTGAACACCATTTGTGAATGCGTCAGCCAAATCTTGTGCATCCAATGTTTCTTTTTCAGCCATGCTCTTAGAAAAACCACGGAAAATTTGTGAACTGATAACCCCGGAGTTACCCCGAGCGCCCATCAAAAGCCCCTTGGCTAAACTCTTAGATAATTCACCGACAGATTGCGCGTTGTTTTCATTAACTGCTTTGGCCCCACTTTGAAACGTTAAACTCATATTGGTCCCAGTATCCCCATCAGGCACTGGAAAGACGTTTAATGAATTGACAAATTCTGCATTTTTAGTAAGCCGATGTGCAGCAACCCGCATCATTGCTTGGAATTCTGCTGCTGTGATTTCAGTAACTTTCACGAATGTTCCTCCTTGAACAAAAACAAATAGAACTGGACCTAGTGGCCAGCTCCGCTAATTAGTTTTAGTCTTCTAATACCCGTACACCTTGAACATAAATATTCACTGAGTTCGCACTGACACCCAACATTGTTTCAAGATTGTACTTCACTTTACTCTGGACGTTACGGCAAACTTCAGAGATCTTAATGCCGTAACCAACAATAATATAGACATCAATCGCAACGCCATTGTCTTCTTGACGGACTACGACACCCCGATTATAATTCTCACGATTCAAAATATCGTTTAAATTGTCACGGATTTGATTCTTACTTGCCATCCCAACAATTCCGTAGATATCTGTTGCAGCGCCACCAACGACGGTTGCAATCACGTTATTGGTAATATCAATGTCGCCATATTGTGTTTTAATTTTAACAGCCATTAAAATAGCCTCCTTGTGCCATACTTATTGTTATTTTAGCATAGCGGAGAAGAGTTGCAAAGCAACTGGTGATGAATTCTTCTCAAAATACGGCTTATTTTTGGACTTTAATGAGTTTAAACAACTTATTTTGGACTGTCAAGTAAATTTCCTTGAAAGAGCTCTTGCATTCCCCAAACTATTATGGTAAATTATTTAAGTGAATTGTATAAGCCGGTGTGCATGCATGCAACTATTAAGACTAACTGAATCATATTATGTTTCTCGTTAATTCTACCGGCTTTACTTAAAGGAGGAATAAGACCATGGCAAAAGACGTTATTACCGGCCGTAAAACATCATTTGGCAACAAGCGTTCACACGCTTTGAACGCATCTCGTCGTTCTTGGAAGCCAAATTTACAAAAAGTACGTATCTTAGTTGATGGCAAACCTAAACGTGTTTGGGTTTCAGCCCGTGCTTTGAAATCAGGCAAAGTAACTCGTGTATAATTTCAATTGATAGACCGCCAGTTGGCGGTCTATTTTTTTTGGCAAAGAGTACGAGATAAGTCGGCTAATCCTTGGGAGATGACTGATCGAACACGTTTATGGCAACCAAAAAGACGGCTCGGATAAAATAATTTTATCCGAGCCGTCTTTTTAATCCTTACTTTGAATCACCGCAACCACCCCAGTTTCAAAACTGAATTGGCCGGTCTCACCGATGAACTCATTACTAGCCCATGAAATCGGGACTTGCGTTTGGTAATCCACCAAGCGATATTTTTCATCAATTAAATTTAAACCAGTTGTGGGAACTAATGGCACAAAGGCCAGATACCGTTTATCGGCTTCTTTTTGTAATTGATACGTCCCTGGTGCATAGAACCGAATCGTATTTTGCCGATCGCGCATCTCTAAGCGGTCTAAAAACGGCTTAAAACGTGTTTCTAAGGGCATAAAGAGATTAGCAAGAAAATGGTCCAACCGACCGCCTGTTGCGCCATAAAGCACAACTTGATCCGCATTAAATTCAGTTAGCGCAATTGATAATGCCAACTGAGTGTCGGTATCATCTTTTTCTGCTTGCACAGAGCGAATATCCTTTACTGCTGATTGAACGGTGGTCCGCTCAGCCGCCGTCAATGAATCAAAATCGCCGACTGACACGACAGGTGTTACGCCTTTTTGCAATAAGCGCCACGTACCACGGTCTGCTGTCACCCATTGACCATCAATCATTTCTGGCTGCGCCAATTCGGGGGCCCACTCACTGACTGGTCCTCCCACCAACACATTAATCCGCGTCATGAGCAGCCTGCTTTAAAGTTGCAATCCGGGTTGCTAAATCACCGGCAAACGTATATGAACCGGCAACGAAAACATCTGCGCCTGCTTTGGCACACGCACCGATGGTTTGGTCGTTAACCCCACCATCGACTTCAATCGTATAATCTGCATCAGCATGTTGATCGCGATAAGTCGCTAATTCAGTGACCTTATCCAACATCGCTGGAATAAACTTCTGCCCACCAAAACCGGGATTAACCGTCATTACTAAGACTTGATCAACCAATGATAAGACTGGTTCAATCGCACTGACTGGTGTCCCTGGATTGATCACCACACCTGCTTTAACACCAGCATCTTTAATCATCTGAAGACCACGGTAGAGATGTTGCGTTGCTTCGGCATGAATCATGATTAAGTCTGAACCAGCTGCTGCAAATTGTTCGATGTAGCGTTCTGGTTGTTCGACCATTAAATGGACATCTAAGCCTAACGTTGTCAATGGCCGCAAGCCAGTTACTACTTGGGGGCCAAACGACATGTTGGGGACAAACATCCCATCCATGATATCCACATGCAATAGATCAGCGCCCGCCTTTTCAAGGTTTTGGACGTCTCTTTGTAAGTTCATAAAGTCTGCGCTTAAAATTGAAGGTGCGATTTGTTTCATCATCAAAACTCCGATCACATTTTTA
NZ_CP116016.1_gap38	1298137	1301769	3632	TAAGTGAATATGGGCAACCCGATCCGGTTGGTCTTGATTAAACAAATCAGTTAACACGGGTTTACGCGTTAATGTGGCAAACGTCAGTGGTGTGACAAATTCGGTTGCCGCCTGAGTCATTGCCACTTGGACCTCAGCACCTACTTTAATCAATCCACGCACCAAATTAGCCACTTTGTAGACGGCAATGCCACCTGTCACATAAACTGCAATTCGTTTATTCGTTAAATCCACTTTCAAAACCCCCTAAAACTAAAAAAACTGCACTTTAATTTAAACATCCATCGATGAATAAACTAAACATGCAGGTTCTTTAATTATTCTTATTCGCTGTCTTTTTGAGCGAGCTTATCCATTTTTTCAGCATCTTTTTCAAGCATCAATGAATCAGGATCAATAATGACATTGCCAGCAGCAATTTCTTCCATTGCCATCCCAACCGTTTTAGGTGATTTGTATTCAGATAACATCTTAATATCACCGGCTTCGATTTCATGGGCCCGCTTGCTAGCTAAAACAGCCAATGAGTAACGTGAGTTCACGTTTTCTAGTAACTTATCAATTGAAGGATATACAATCATATTATTATTCCCCTATCATTTTCTTGTATTGGTCGATCACACGTGGCACTCGTAAGTGTTCACTTTCGATAATCTTTTCGATTCGTTGAACCGCATTTGGAATTTCGTCGTTGACGACAGCATAATCGTAATTTTCCATCATCTTGATTTCGTCGGCTGCTTTTTGCATCCGCTTATCAATCGTTGCTTGATCGTCTGTGCCGCGTTTTTGAATTCGATTCCGCAATTCTAATAAATCGGGTGGTGTCAAGAAGATGAAGACGCCATCGGGACACTTCTCGCGCACTTGCATTGCGCCTTGGACTTCGATTTCTAATAAAACATCGCGCCCTGAGTCTAGTGTCTGATTCACATACTTCATCGGTGTGCCATAATAATTATCCACGTACTGTGCATACTCTAGCATACCATCATTTGCAATTTCTTGCTCGAATTCTTCTTTGCTCACAAAATAATAGTCAACACCATCTTGTTCGCCTGGTCTTGGCTTTCTCGTCGTCATCGAAACTGAATAGTGAAAATCACGAAATTCATCTTCTAGCATTGCTTGACGGACAGTTCCTTTACCGACCCCTGATGGGCCTGATAAAACGATCAACATTCCTCGATTGGACATCTACGTAATTCCCTCTTCTTTTATAAAATAGTTAAAGTCTATTCTGCACTATTTGGCGGGAAATTTCAAGTCTACTTTGTTTCCATCTCATTTAAAATTAACCTTAAGGACGCAATTTCGTCGTTTGACAGCGTCACACCCTTACCCATTTTGGCATGATCCGGTGCCCAATCTCGCAAATCAAATTTTGGTGCACGTTGATTCCAAGAGATTAAATTCAATTCTTTACGCCAACCAGCTGGATTTTCACTCAACACACCGATTTCTGCCATAATTTCATATTCAATTTTGCCCATCAAATCACCCTTTCTATCAGTTCATCCTATTATACACGAAAAAAATCAAAAAATGCCGCTTGCAATTCTGAACGTTTGTTCGTATAATGAAAACACAAACAAGTGTTCGGAGGATGAAATCATGGAATTTAAACAAGCAACGGTTAGCGGACTCAGTCAACAATTGGTTAAACAATATCACCGCTTTTTTGAACTTACACCAGAAGCGACTGCTTTTGTTGAACAACCCCAAATGCAACCTGCTCAGATTCAATTATTTATGACCCAAGCGTTTGAACGCCACTACCATGTTGCGGTGCAATTCAATGTTAACGATCATCTCGAACAAGTGACCGGGCGCTTGGTTAAACAACTCAGTGCGAACAAGTATCTGCTAAAAGAGAGTCGTTCGAACCTCTACAAGATTGTCCTTTGCAATCAAATTCGTTACATTCAAAAGAAAAATTAAGCAAAAAAATAAGGGTGCAGCCAAAAAAATATTTTGGCTGCACCCTTATTTTAATGTCGGCGACTTTGCTTAGCCGTTTCCGCTAATGCCACCAATTCTTCGGCATGTTCTAAAGTTAACTCTGTTACTTCAGTCCCCGCTAACATCCGTGCCAGTTCAGCAATCCGTTGTTTACCGGTTACTTTTTGAACGGACGTTTCTGTTCGATTTTGTTTCACTTGTTTTTGAATTTGAAATTGATGATCACTCATTGCTGCGACTTGCGGCAAATGCGTAATGCAGAGCACTTGCGAATGTTGGCCAATTTCACTAATCTTATTGGCAATCGCTTGGGCCACACGCCCACTCACTCCGGTATCAACTTCATCAAAGATGATGCTAGTAACGCCTTGTGATTCGGAGAAAATCGTTTTAAGGGCTAACATCAAGCGCGATAATTCCCCACCAGAAGCAATTTTAGCGAGCGGCCGTAGTTTTTCACCAGGGTTGGGTTGAATGTAAAATTCAACTTTGTCCATCCCGGAAGCCATGAACTGTTCCTGTTCATTTGGCAAGAATTCAACTTTAAAGACCGTCTTTTCCATGTATAACGCTTTTAACTGTTGATGAACCGCTTTTTCAAGTTGCTTAGCTGCTTTTTGGCGTAATTGCGTCAACGTTTGTCCGTTTGTCCTAAGTTGTTGTTCAAGTTGCGTGAATTGCTGCTCCAACTCACTTGCGTTCGCTTCAGTTGCTTGCATCGCTGCTAGTTCAGCCCCGATTTTTTCACCATAAGCGAGAATTTCGGCAATTGAATCACCATACTTATGTTCCAAATTATTAATAGTTTCTAGCCGTTGTTCGATTTCATCTAACCGTGCTTCATCCCATTCTAAGTTTGAAACTTCCCGACTAATATCAATGCTACTATCTTGCAACGTGTAATAACCAGTCTGCAGACTGTCCGCAATACGCTTGAATTCTGGATCGAGTTCAGCAATTTCTTGCATCTGATTCATTGCAACTGCGATTTGGTCTAACGCATTCCCGTCTTCTCCTGCTAAAATCGTGTGACTGGCTTGCAATGCTTGGTTAATTTTTTGAAAGTTCATTAGTTTGGCTCGTTCTTCGACTAACTTGCTTTCTTCATCAGCCTGTAATTGGGCTGCATCAATTTCGTTAGTTTGAAATTTCAGCATATCCAAGCGTTGCGCCCATTCTTGTTCATTTTGCTGTTTTTGCTTCAAGGCACGCTGTGTTTTACGATAGGCAGCATAGGTTTCGGCATAGGCTGCCTTCGCGGTTGTTAACTTTTGATGCGCAAATTCATCCAACAACCCCAAGTGGCGATCTGGATACATTAATTCTTGGTGTTCATTTTGACCGTGAATATCAACTAAGGTTTCTCCAATATGCTTCAAAGTGGTTGTATTGACCAAATGACCGTTGACCCGACAAACATTGTGTCCATTAACGGCTAAATCGCGCTGTAACAAGACGGTTTGTTCGTCGTGTTCAATGCCAAACTGGTCTAATACTGCGGCGGTTGTGCCATTAGGCGTCATCGTAAATAAGCCTTCAAGGGTCGCTTTTTTAGCACCAGTCCGAATAAAGTCTTGTGAACCCCGGCCGCCAGCGAGTAACCCGACTGCATCGATAATAATTGACTTACCGGCTCCGGTTTCCCCCGAGAGCACCGTCATCCCTTCTTC
NZ_CP116016.1_gap39	1303815	1305159	1344	TATGGTTCGTAGGTTGACCGCGCCGTAAGTCATCATTATCCATCGCCGGTAAATCATCATGAATCAATGAGTAGCTATGAATTAATTCCAATGCCCCCGCTACGCGATACGCCATTTGATTAATCGGTCGCCCCGCACTTGCAAGCACTGCAAATACCAAAAGTGGCCGGAGACGTTTCCCGCCAGCCATCACTGAATAGGTCATCGCTTTTTGCAAGGTTGGTTCTTCAATCTGAGCAAGTTGCTCAGTCAAATAGGTTTCAAATGCGGGCACTTGTTGGCGCGCAAACGTTTTGAAATCAACCATTATTCTTGTGCCTCAGCATCCAATGGGACTTCTTCGCCATTATCTGCCATCACTTTGGCCATCGTTTTTTCAGCCTTACTTAAGGTTTCTTCTAATGTTTGACTTAATTTAACACCCTTTTGAAAAGCAGTCATCGCTTTTTCAAGTGGCACATCGCCCGTTTCCAGTTCATTCACAATTGCTTCCAATTGTGCTAAGTTCTCTTCAAATGTTAATTTCTTTTCTGCCATCTTATTCGTCTCCTTTATGAGTGGCCGTGATACGCGCGTTCACGAGGCCATCTTGGACATGTAACTCGATTGATTGGTCGACCGTAAAATCGGTCATTTTTTTCATTACATTTTGGTTATCATCCGTTACATAAGCAAATCCGCGTCCCAAAATTTTCAACGGGCTTACGAGATCCAAGGCCGCCACCGCTTGTCCAGCCTGTTGCCGCCGATTTTGGACAAGGCTCTCGATTGCTCGTTTCAAACGATGATCGGTATCAGTCAACATTCTTTGTGCTTGTTGAATCGCACCACTTGGTGATTGCGACTGCAGGCGTTGCTGCAAGAGTTGTACATTCTGTTGACTAGTCTGTAAGCGTTGTTGTTGCGCCAACAATAAACGACGGTGCAACTGATCGACATTTTGTAAATAGCCGTCATACAAGCGTTGCGGCTGTTTTAAGACGTAACTGTTCTGTAAGTGGACCAATTGCTTTTTGTTTAATGCCAATGTTTTCGAAAATGCCTGATATAACCGCAAACGTTGTTGTTGCAACTTCAACACTTCGTCCGTCAAAACCGGTGTTGCTAATTCAGCTGCTGCTGTTGGTGTCGCTGCCCGGACATCCGCCACTAAATCAGCAATAGTCGTGTCCGTTTCATGACCAACTGATGAAATCACCGGAATCTGACTGGCAACAATCGCGCGCGCAACGCGTTCTTCATTAAACGGCCATAAATCTTCAATCGAACCACCACCACGACCAATGATAATTGTATCGAAATCCCCTTGTTGATTAACTTGATTCAGTCGATCGACTAAAATAT
NZ_CP116016.1_gap40	1308090	1311524	3434	AACATGTTGGAATTCAACAATCCGCCATAGGTTGTTGTCAAATTCAATGGTCAAGCCATTTTTAAAATCATTTACTGATAACATTGTTTATCCTCCGAGCATTATATAAGTATGCCATTGTCCTAATCATAGCAAGAAATCAGGCTCAAAAGCAAGTATTTCTAGCCTTTTATCCCTAAAAGTAGCTATAAAAAAAGGGACCGGCACCCGCCAATCCCTTTTAGCGTATTCAATCGAGCAAAAGTCGATCTGAACACTCACTTTTAGATTGTCAATGGTTTGTTGCCTGAGTAATTAGTATACCAGTAAAACTGGATTTACACAAACAGAGTGTGACATCAGTCTGGGTTAACCGGAGAGATATGACTGATGGAACACGTTTAGAATGTGACGACAGCCCCGCTTCTCTCGCACAAAAAAACACCCACACAAAGTGGGTGTTTAAAAAATTATTTAGCTTCTGCAGCGTATACAGAAACCTTTTTCTTGTTTTTACCGAGGCGTTCGAAACGAACGACACCTTCGATAAGAGCAAATAATGTGTCATCGCCACCGCGACCAACATTTTCACCTGGATGAATCTTTGTACCGCGTTGACGGTAAAGAATTGAACCAGCTGTTACAGTTTGGCCATCAGCACGTTTAGAACCTAAACGACGACCTGCAGAGTTACGGCCGTTAGTTGTTGAACCGCCACCCTTATGGTGAGAGAAGAATTGTAAATTCATTTGTAACATCTAAATGCACCTCCTGTTTATTAACTGTCTATTTACGTTTTGTTTGTACTTGAATGTACTGCCCGTATTGTTGCGTAATATCTTCAAGCGTCAACTGCAAATTCTGCAAGAGAATCTGAGCTGTCGCTAAAGCTTGGCCCGAAACCGTTGCCGGAATCTGACAAGTTAACAAACCACCATTCAGGTTATCTGCTTCTACCTCTGGTTCAAAACCAGCAAGCTTTTGCAAACTGTTGATTGTCCCGATTGAGACAGCAGAAACAGCTGCACAGACGATATCACTCCCGTAAGGACCCGAGTCGGCATGACCCGTAATTTGAAAAGAAATAATTTTCGAATCGGCATTGACCGTAAAGTCAGCTTGAATCATCTTATTTCCCTCAATTAGGCGTTGATAGCGTCGATCATCACTTTAGTATATGGTTGACGATGACCCTTCTTTTGATGACTGTGTTTCTTAGGTTTGTATTTGAAAGTAACAACTTTCTTTTCGCGCCCTTGTTTTTCAACAGTACCATCAACAGTAACACCATCAATGTTTGGTGTACCAACCTTAGTTGTTTCACCACCAACTAAAATAACTTGATCAAAAGTTACTTTTTCGCCAGCTTCTGCGGCTAACTTTTCAACGTAGATTGCTTGACCAGCTTCTACCTTATATTGTTTGCCACCTGTTTTGATAATTGCGTACATGTGTGCACCTCCTATTTTTTCTTAGACTCGCCAACTAAGGTGACTAATCATAGTACTTAATGCCTTAGTATGCGCGGTTGCAGCTGTGGAGCTCACAATTACAACGTTCATATTATATCGAATATCACAGGGCGAGTCAATGCTTTATTACACCTCGACAAAAAATTGTGCGACATCGAACGTCGTATTAGGTGTTTGTACCAATTGGTATAACATCTTAGCCATGTAGCGTGGTGAATACACAAGCCCGTCATTGACCCACTTAAAGACCAACGCTAAACTGGCCCCCGCTAAATAATCAATCGTAATACTCATCTCAATTTGATCAGCCTGTGAAGTCTGATTATAGCGCTTAGCCACGTAATCCTGCATTAATTGGCGCATTGATTCAGTCAGTTGTGCCTGAAAGTGAAGCGTCGCCTCATTTTTATAGAACACTTTAAAAGCAGCTTGTTGTTGTTCAACATATTCAAAAAGTGCCTGTAAACTGACCTGACGATATGTCTGATCGACCACTACAGTCACTTGCTGATAAAAATCGGCCACCAAATCGGCCACCGCGGTTCGGATGAAATCCACTTTATCTTCATAATGGAGATAAAAGGTCCCGCGAGTAATTGCCGCTTGCTTGGTGATTGCTTGAATCGAAATCCCCTTTGGCGTACTGTCTTTCAGCAAGATAATGAGGGCTTGACGTAATTGTTGCTTTGTTCGTTGAACACGTGGATCTTGCGCTCGTAAATCTGTCTCACGAACCATCTGATAGTTCCCCCAATCTTTTAATTAAATTCACCTGTCAATAGTATAGCCGCTCAGTGAAAAGTCTGTCCATTAACCGGCTTGATAACGGCCCTTGATCAGTTGAATATCCCCTAGTGTACACTGTAAATTTGAAGATTCTGTTAACGAACACCCAAAAAGTAAACTTTATCCCCCACAAATTTAATTGTTGTTCGTCTGCGGTTATAGTAAAATGAGCGTAGTATTTCAAATCGGATAGCGTTAGGTGGTCGTCACTTTGATTTCTGCATTCTTCATTATTTTCATTTCAATCGTTTTATTCACCGTCATTGCTAGTCAATTGACTTTCAAAATCGGCTTAATCACAAATTGCGTGCTCTTTATCATTTTAGTTGGTGTTGATGCTTATCTATTCAGCTGGGGTAGTGGTTCTCACTGGGTGTACGTTATTGTCAGCCTACTCGGATTAGTCGCTAGCGAATTATTATTAGCTGAACTCCCCCATCTTAAATAATTAGGTTAACGTCAAAAAGCGGTCCAACTCATCATTGAGTTGAACCGCTTTTTTTAGTGCCCCTGCCAAGGACTCTCAGTATACCATATTAATCAAGTAAGGTTGTTTCTTTCACTTCATCAATTGTCTTGGTACCAGCCAACTGCATGGTAATCGATAATTCATGGTTTAAGTGTTCAAAAACAGATTGTACCCCTTGGGCGCCACCTAAATTTAAACCATAAATAATTGGCCGACCAATGGCCACTAAATCAGCCCCACTTGCGAGTGCTTTAAAGACATGTTCACCACGGCGAATACCACTATCAAAAACGATTGGGACGCGTTTTGCGACTTGTTGCGCAATTAAAGGCAACACTTCAAATGAAGCAGGCCCGCCATCTAATTGACGCCCACCGTGATTTGAAACCCAGATGCCATCTGCACCAGCTTGAATGGCAATTTCAGCATCCACTGGTGATTGAATGCCTTTAACAAAGACTGGCAAATTTGTGATTTGTTTAATCTTTTGAATATCTTCTGGTACTAATCCTTGTTTAGCGGCAGTATAAATTTCAGAGATGCCCTTCCCAGCACCGTCAGAATTACTATAAGCTGCTAAATTAGGCATTGGTAGTGGGAATTGGAATTGCGTCTCGATGTCCGCTTCACGATAACCACCCAATGTTGAATCGACGGTGAGAATAATGGCTTTTACACCTGCCTTAACGGCTTTTTTCAATAAGAACTCATTGAATTGATCATCTTTA
NZ_CP116016.1_gap41	1313903	1317042	3139	AACATCCACTTCACGATTCAAGGCAATGATCCCCCCGAAAATCGATACTGGATCGGCCGCGTAGGCTTTTTGCCAAGCTTCATAGATGGTTGCACCCAAGCCGACGCCACACGGATTCATATGTTTCATCGCAACCACACAAGGTTCGCTGAATTCTGCGACCACTTTAACCGCCGCATCCGCATCTTTAATGTTGTTATACGATAATTCTTTCCCGTGTAATTGTACCGCTGAGGCAATCGAGAAAGCCGTTGGTAAACTGCTTTGATAGAACGCTGCTTTTTGATGGGCATTTTCCCCATAGCGCAACGCTTGTTTAAAGTCGTATGAACGTGTTAATTTTTCAGGGAATTCGATGCCGACTGCTTCGGTTAAATAACCGGCAATTAAGCTATCATAAGCTGCCGTGTGGCGGAATGCCTTGGCTGCTAAATAACGACGGTAATCAACCGCAGCTTGCCCCTCATCGACGACGTGTTCGAGGACTTGCGCGTAATCTTGTTGATCAACGACCACGTACACTGATTTGAAGTTTTTAGCGGCAGAACGCAACATTGAAGGTCCGCCAATATCAATTTGTTCTACAGCTTGCGCTTCAGTAATCCCTGGTTTTTGAATTGTTTCTTTAAAAGGATACAGATTGACACAAACTAAATCGATTGTCTGGATGTCATGGGCTGCTAAAGCGGCCATGTGTGTTGGTTCGTCGCGTTTGGCAAGCAAGCCACCATGAATATTGGGATGAAGTGTTTTAACCCGTCCATCCAACATTTCTGGGAAATGAGTGACTTCATCAATCGCAATTACTGGTACTTGCGCTTCTTGTAATACCTTGAATGTCCCGCCTGTTGAGATCACCTCGTAACCAGCTGCTACTAATCCTTTAGCAAATTCAATAATTCCTGTTTTATCTGAAACACTGACCAACGCTCTTTTCATTGATTGAATTACTCCTTCTATTTTGGTTTTTAATTAATTCAGCAACAACTTGCGGATAAATCGCGTGCTCTGTATCGTGCACGCGTTGTTCCAATGCGGCTAAACTATCGCCAGGCAACAATGGTACTTTTGCTTGGACAATCATCGGACCGCTATCGACACCTTCATCGATGTAGTGAATCGTAACGCCCGTTTCAGCCACTTGTGCCGCATAGGCCCGTTCAATACTTCGTAACCCAGAAAAGGCCGGTAGTAACGACGGATGAATATTGATAATCCGTTGTGGGTAGGCATGCAACAATACTGGGGTAATCACCCGCATATAACCCGCTAGCAATATATAATCCAACTGTAACGGTGCCAACAGCGCGACAATTGCTGCTTCATAGTGTTGTCGATCATCATAATCACTTAAGCGGATGACCGTCACCGGTACATTTCGTTGGCGCGCTTTTTCAATCACCGGTGCGCCCGGCTGGTCACACACTAAATTCATAATCTCCATGCCCGCTTTTTTTAAGGCGTCATCATCTGCAAGTACTTCAAAGTTAGAACCCGTTCCAGAAGCAAAAATCGCCACTTTCATCTCATCAACCCACCAATTCTATTGCATTTTCTTGTCGCGGTTTAACCGACCCAATTCGGTAAGCCTGTTCTTGTTCAGCGTTCAATTGGGCGAGGACTTGTGCCGCTTTTTCTGGTGCGACGGCTAAGACCATCCCGATCCCCATGTTAAAAATGTTATACATCTCGAGTGCATCCAATTGCCCATATTGTTTAAGTGCCGCAAAAATCGGTAAGCTTGGCCATGTTCCCAATTGAATTTCGGTCATCACGTTGTCAGGCAACATCCGCGGTATATTTTCAATAAAGCCTCCACCAGTAATGTGGGCCGCGCCCTTAATAAAGCCTTGTTCGATCAATGGCTGACATGCTTGTGTATAAATCCGCGTTGGTGTTAATAGCCATTCACCGAGTGTCTGACCAGGCAATTCGGGTAAGTGACTGTCGACGGACAACCCACGTTGTTCGAAGAAAATTTGGCGCACAAGTGAGTAGCCATTCGAATGAATCCCACTGGACGCGATTCCGATTAATACATCCCCTGTTTGAATCGTTTCACCAGTAATTAATTGAGCTTGATCAGCAATTCCGACTGCAAAACCCGCTAAATCATAATGTTTTTCAGCATACATACCCGGCATCTCGGCCGTTTCACCACCGATTAACAGCATGTCAGCAGCTTGGCAGCCTGCAACAACGCCGCTGACAATTTGTTCGATCTTATCCGGCTGCGTTTGACCAGCCGCTAAGTAATCTAAGAAATAAAGTGGCTTAGCGCCTTGGGCAACAATGTCATTGACACACATCGCGACACAATCAATCCCGATGGTCGCGTGTGCATCAGCTGCAAAAGCAACCATCAACTTGGTCCCGACCCCATCGGTACTTGAAACGAGCACCGGATTTTCATACTGCCCCATCGCTAAGGCAAACTGACCACCGAAGCGACCAATATTTTGATTGGTTGCGCCGACTTGCTTTTGAATCCGACGAACCACTTCGTAACCGGCTGTCACATCCACCCCGGCTTTTTGGTAAGCATTTGTCATGATTGTTGCTCCTTATCTGCTTTTAAACTTGCCTGATAGGCAGCTTCATAGTCATAAAGTGGCGTTGGATAGTCGCCGTTGAAATACGCCATACATAATCCGGAATACGGCGCATCTTGCTGTAACCCAATCGCGTCGATTAATCCCTGTTCACTCAAAAAGCCAAGTGAATCCGCGCCAATCGTGGCACACATCTCAGCAATACTTTGATGCGCGGCAATCAGTTCATCACGTGTTTGAATATCAATCCCATAAAAACAAGGGTACTTCAATGGTGGGGACGCAATCCGCAAATGCACGGATAATGCGCCCGCTTCTTTCAAACGTTTCACGATGTGCTTGCTGGTCGTCCCACGCACAATCGAGTCATCCACTAAAACGATTCGTTTACCAGCCACAACACTTTTAACCACGGCGAGTTTGCGGTTTACCCCTTGTTCACGAAGGGCTTGCGTTGGTTCAATGAACGTCCGCCCCACGTATTGATTTTTAACGAGGCCCATTTCATACGGCAAACCACTTTCCTCGGCATAGCCACTAGCGGCCGATAACGATGAATTCGGCACCCCAATTACCATATCCGCCTC
NZ_CP116016.1_gap42	1488340	1491816	3476	TGCGATAAAAATGACCAAAATCACTTGAATGAAATTCAAATCCATGATTATTAATCCTCCAATTTCTTCTGATGTTATTTGTTATTTTGTTTGTCTAGTTCTGCTTGTGCTTTTTTAAGGATACTATCCATGTTACCGTTTGAGTCACTTGGTACTTTACGAACATCGAACTTGATGCCCTTAGCTTTTAGTTTTTCAAAGGTATCAATATCATCTTGGTCAAAAGCCAAAACAGTATTTGGTTGCACTTTACCAGTTGAGTGCGCCATTGAACCAACGTTAATTGTTTCTAATGGAACGCCACCTTCAACTGCTCTAAGTGCATCTTGTGGTGATTCAAATAATAACAAAGCACGTTCCTTACCAAAGTGTTGGTCATCTTTTGCCAATTTAATCATTTGATCAACTGGCACGACGTGTGCTTTGATGCCACTAGGAGCAGCTTGTTTAATTAAGTTTGTCCGTAATTCATCTTTAGCAACGTTATCTGAAACAACGATAATCCGTGTTGGGTTAGTTGTCTTCGACCATGTCGTTGCAACTTGACCATGTAATAAACGTGAATCAATTCGTGCCAAGACATATTTGAACTTACCAGGTGTGCCTGAGTTTGAAGTCGTTTGTGCGGCTTCTGCCTTAGGTGCTTCTTCTGGTTGTAGTTCTTCAGGTTTAACCCGTACCCCTGCTTTAGCTTCATCAATGATATGTGCTGCGATTTCATGAGCAGATGTCATAGATAAACGGGATGCGTAAGCTTCAATCAACATTGGTAAGTTTAATCCTGTAACGATTGCCCACTTATCTTTATGTGCTTCGAACAACCCATTAGCTTGATTAAATGGTGAACCTCCCCAAAGATCAACTAAGAATAAGACGTCATCATCTGCATCAAACGTTGCAACGGCAGCTTCTAAATGCGCTTTCAAATCATCTGGTCCTTCATTTGGCATAAAAGTAACAGCTTGTACTTTTTCTTGTTCGCCAAAAATCATTGAGCCAGATTGCATGATTCCTTTAGCAAACTCCCCGTGACTTGCAATAACGATTCCAACCATTCACAAAAACCTCCTTAATAAAAATAGTTGTCATACTCATCAATAAAACGCTATCAATTAATATAAAAAAATAATGGCTTAAACATTATTGACTGAGTTAACAGTTCCACGTTTTTATTTTTTAAAACGCTTTACTGAATTAATTTTACCACAAAATTCTAATCTGTCTAATCATTTTTAGATTATCTGCGAAATTGGTCTAGATAATCGACAAAAAAGCGCTAAAAGTCGCATTACTTAAGCTTTTATAATTAGATACCGCTAATGTTTGCGGTGTGCTGAAATCGTTTTTTATACAAAAAAGACCTTAAATCGATTGATTTAAGGTCTTTGCTTTATTTAAGTTCATTGCCACTCATATATTGTTGATATTTTTGTTCATCAAATTCGTTCTCTGACTTGGCAATAATGACTGCTGCTAATGAGTTCCCCATTACGTTAACGGCAGTTCGTCCCATATCCACAATCCGATCAATCCCCGCAATGAAGGCGACACCAGCAGCCGGAACGCCGATTGTGGTGATTGTTGCTAATAAGACAACGAATGAAGCACCAGGGACCCCAGCCATCCCTTTAGAGGTAATCATCAAGACCACCAATAGAGTAATTTGTTGGGTGAGGCTTAAATGAATGTGATAGGCTTGCGCCAAAAACAGCGCCGCTAGCGATTGGTAGATTGCCGAACCGTCCAAGTTAAATGAATAACCCGTTGGAATGACAAAAGAAGCAATCCCTTGACTAACACCGTAATTTTGCACTTTTTCCATTACTTTGGGTAACGCTGCTTCTGAACTCGCCGTTGAAAAGGCTAGCACCAATTCTTCTTTGAAAACTTTCAAGATTTCAAAGATATTGATGTGCCAAATCCGCGCGACCAACCCAGCCACAACAACCACGAAAAATGCCATCGTTGCGTAACAAACGATGATGAAATAGAGCAATGGTTTCAAAGCTTCAAATCCGAATTGGGCAATTGTAACCCCGATTAATGCAAACACCCCGATTGGTGCTAACTGCATAATCCAGTTTGTCATCTTGAACATAACCTCTGAAATCATTTCAAAAGCATCGATGAGCGGGGTTGCCTTTTTACCAAAGGTCGCCAACCCTAAACCGAACATGACCGTAAAGAAGATGACTGGAATCATTTCACCAGACCCCAAGGCCGCAAAGAAATTCGTTGGCACGATATCCATGATGATATCACCCAAGCCATGATTTCCAGCGGTCTTAGCGGCTGCTGTGTACTGACTAATTGAGCCATGTGCCAAACTATGAATGTCAATCAGCGCTCCTGGTTTAGCAATATTGCCGACAGCTAATCCGAGAATAATTGCGAAGGTCGTCATCACTTCGAAATACAATAACGTCTTACCACCAATTCGGCCAAGTTTTTTGATATCACCCATCTTGGCAATCCCAACGACCAAACAGGAAACAACAATTGGTAACACAATCATCTTAATTAAATTGATGAACAAGGTTCCAATTGATTGTAAGATTGAGATAGCGGTTTGATTATGGTAGAAAAACCGACCAACCACTAACCCTAGGCCGATTCCAATTAAGATTCGCCAACCTAGGCTAATTCTAAAATATCGTTGCTTTTTCATGTTTTATCCACTCCTCTTGAATGCCGCAAATCGGCTTTTAAATTGCCAATAAGTCCATTAAGTGTTCAATTTCGTGTGTTGGCTGTATGTCTGTCATTTGATTTGCTAACTGGTTCGGGTTATACCACGCTGTGGCGACACCCACGTTCTGCCCACCTTGCACATCTGAAGTAAGTGAATCACCGACAATCAAAGCTTCTGCTTGTGAGATCCCCTCTAATTGTTGGAAGACACTTTGGAAATACCGTGGATCTGGTTTTTGATATCCCAACTCTTCCGAAACAAAAACGGCATCGAAATATGTGATTAATCCTGAATCTTGTAACCGCCGATATTGCGTGTTGGCAACCCCGTTGGTTGTGACATATAGCTTAATGTTAGCTGCTTTTAACGCCTTTAACAGAGCTTCTGCTTGTGGCATTAAATCATGGCCTAATGCCAAGTTGTCTAAATAATTTTGGGACAATCTTGGTCCATCAACTTCCTGATTAAACTGTTCTTTAAAGAAGGTTGCAAAGCGTGTGTTCAATAATATTTCCCGGGTTAACGTACCTTCTTCATACTGCCGCCACAAGTTTTGATTAAAGGTCTGATAAGTTGTCTTAATTGTTGGGGTCAATTGAACCCCTTGATCTTTGAATAATTGGGCCAAAGCTTGATCTTCATCCGCATCAAAATCGAATAAAGTATTGTCCATGTCAAAAAATAAATAACGATACTGCATTGTAAATCCTCATTTCAACTAATCTAAATATTGTAATTTGCCTCTAAAGTCAGACAGTTTAGTATAACCTTTTTGAGCCATGCT
NZ_CP116016.1_gap43	1645371	1647350	1979	CAATTAAAAATGCCATTATGAACAACGGCTTTTTAGCCACGAGTGCTAATACCGATTCAAAAGCCAAAATGGCCCCCGTTTTTTCAATCGACTTAGATACCGGTGCCGTTTCCAATCAAAAGCAATCTGGTCGTTGCTGGATGTTCGCCGCGTTAAATACAATGCGCCACAGCCTCCAAGACCAATTCAAAATTAAGGATTTCGAATTGTCCCAAAACTACACCAACTTCTGGGACAAATTCGAAAAATCAAACTACTTCTACGAAAACGTCTTGAAGACTGCCAGCCAACCAATTGGCGACCGCAAAGTCGACTTCTTAATGACAACGCCCCAACAAGATGGCGGCCAATGGGACATGCTCTGCGCACTCATCGAAAAATACGGGATTGTACCTAAGTCAGTCATGCCCGAAACATATAATAGTGAAAAATCAAGCGAACTCAACGGCGTTTTGAACCTTAAACTCCGTAAAGATGCCGTTACATTACGCCAATTAGTAGCCGACGGTGTTAGCGAAGCCGACATCCAAGCTAAAAAAGACGCAATGTTAACCGAAGTTTACCGGATGCTCGTTTATGCATTGGGCGAACCACCCGTTGAATTCGACTTTGAATACCGCGATGATGATCACAACTATCACATCGAAAAAGGCCTCACACCGCAAACGTTCTATCAAAAATACGTTGGCTGGGACCTCGAAAATTACGTTTCATTGATTAACTCACCAACTGCCGACAAACCATACAACCACTTATACAGCGTTGAAATGTTGGGCAATGTGGTCGGTGGCCGTGAAGTGCGGCATTTAAACCTCGACATCGACACTTTCAAACAACTCGCGATTAAACAACTACAAGCAGGTGAATCCGTTTGGTTCGGTAGCGATGTAGGCCAATCATCTGATCGCAAACTCGGCATCATGGACACTGAAATTTATCAAAAAGATGCCATGCTCGGCATGGATCTTTCAATTTCTAAAGGCGAACGCCTTGATTACGGTGAAAGTCTCATGACCCATGCGATGGTCATCACCGGTGTCGACCTCGTCGATGGTCAACCAACCAAATGGAAGGTTGAAAACTCATGGGGTGACAAAGTTGGGACGAAAGGTTACTTCGTCATGAGTGATAGTTGGTTTGACGAATTTGTTTATCAAATCGTGATCAACAAACGCTTCTTAACGGATGAAATGAAACGCATTGAAACAGAAGAATACGATCACCCAACCGTTCTCGCACCATGGGATCCAATGGGCGCATTAGCAAGTCGCTAAACAGTAAAAGGGGCTGAGACAAAAGTAAATTTTGTCTCAGCCCCTTTTTTGATATTAGAACTTTAATCGTCTAAACGTGTTCTTATAAGTCATCCCCTTCCGGCTAATCCTCAGGGTATCCCGACTTATGGCACACGCTTTTTTATGTTCCAGTACCGACTGCGAGCAAGCTATCATAATAAATCTGCATCATCATTTGCCAGTCACTGAATTGAAGCCATTCATCCCCTTTATGGGCAATCCCTTTTTGACCTGGAAATGATGGGCCAAATGCGATGATGTTCGGTAACGCGCGCGCATAAGTCACGCCCGTTGTTGTGACCGGTGTGCCATCCAAACCAGTATCTGCCGCATAAATCGCAGAGGGTTGTTGAATAAATGGCAATGTTGGATCAGTAACTTGCGATGGATAACGCCGTTTAACCGTCAACGTCATCCCCGGCAACATGGCAGCTTTAATCCCAGTTAACAACTGATCTTCCGTCACTGGGATTGGGTAACGACATGTCAGATGCACACTTAACTGTTGGGCTTCAATCGATACCCCATAAAAAGCAAGTTGCAATGCTCCTGATGCTTCATCTTGATAATTAATCCCCAAGTTTTCCCCAGTTGACTGCGTCCCGATTTTAGCGGCTATCCATTGATAAAATTGACCCGTTTGACCAGTGAGTTGACTTGCATCGGCAACTAATTTCGGTAACA
NZ_CP116016.1_gap44	1657016	1659446	2430	TAACCAACTTTCTTTAAAAATTAAAAAATCGCTAGAGGGGGCTTTATGTTAGTCTTTAAAAATCAGATTAGTTCTAAAACGGAACCAATCTGAAAATGCAACTATTTTCCTTTGCACATTAAAATTAAATGAGAATTAATCCTTTTTAAAATTCACAAGCCCTTAATTAGGCCATCAAAAAAAGCGTTGACCAAATCGGTCAACGCTTTTAAAAAATTTAGCCATGTACTGCTTTTCGTTGATAGCGATGATACAAAGCAAGGGCCATAATCGTAAAGACAATCGGACCAATGACCATCCAGAAGGCATCTAAATATTGACCTTCTAACATCGGTTGAATAATCGTAAAGGCAATTCCGAAGACAAGGACTAAGTCGACCACAATCGTCACCGCCTTAACAGCAACTGGTGATTTAAAGAATTCGTAAGGCCGTTCCAAATCTTTGCGTGCCTTGAAATATGGAAAGGCAGTCACTAAAAAGAGGTATGGCAACGATGTTGAAACGTTAGACATCAAAGTCAAGACATTATAGAAGTCACCGGCAGCTTTACCACCAAATGAAATAACCGCGATTAAAATGCAGACTAATAATGCTTGCGCCCACATTGCTTTTTCAGGCATGCCATGCTTGTTAACTTCTGCAAAGCCGTTCGGCCAGAGTGCTTTAGGTGTCCCGAGTACAAATGACTTTAATGGTGAATAAATCAAGACGGCAAATGCACCTAAGTAACTGATAAACATGATTAAACCGGTAATCCGAGCAAAGGTTGTTCCAATCGTCATCGCAACGGGTGTCGTCATCCCAAAGGCATGGCCGAATTGATAACCCAAGTTTTGCATAAGAACATAAGTAATATTGCCCATGTTAGCTTTATTCCCGCTCAAGACTTGTTGCCAGTTCGTTGAGATGCCCCACATAAAGATTGCAACCGCGTAGATTAATGTAATGAAGACTGTCGCAATCATTAACCCTTTAGGGAAAGTCTTTTCAGGCTGATCCATACTATCGGTAACACCGCCCATGGCTTCCATCCCCGCGTAAGCAAAGATTGAGAAGACAACAAATGATAACATCCCAATTGGTGTTTGATAGCTACTCATCGGACTCTTAACAAAGGTCGTCGTCCCATGAATCGGTTCTGCCAAATGAAAACCCGTTTTAAACCAAATCGCCACACTAATCACTAAGAATGCGGCAAATAAAAAGGCAACGGCCATCCCACTGAATGACGCAAACTTTTGAATCTTATCAACCCCACGACTTGATAGGAAAGTTAATAATAAAATCCAAAGAATTCCTAAGACACCGACCACTTGAGTGCCATTCATCCCTAATAAATGCCAGGTTGCTGTTTGATCTGAACCTTGGAGGAACGTTGAAAACGGCACCCACACTTTAGCAGCTGTTGACACCATCCAGACAATCCATGACGCTAACCAGATGAACGTCCCGATGAAAGCCGCCTTTTTACCAATGGATGCTTCTAACCAAGAATAGATGCCCCCGCGTGATTCTTTCAAAGAAGAACCAAATTCAGCAAACATTAATGAAGTTGGTAAGAAAAAGAAAATTGCCGCTAAGATATACCAAATAATGCTGGCATAGCCCATTAAGTAGAAAGCAATTGTGGTATTCGCAAAGCCGAAGATTGACCCAAAAATCATCAATACGAGACCTTGAACGTTAATTTTTTTTGATTTCGCCATTTCAATAAGTCCTTTATAATTGTATTAAGTAGAATAAATATACAATTCAAAGGGCATAATGTCAATTATATTTGAATAAATCTACCGTTTCCAGCCTTTTTATTCATGTATTCATAATTATATACAATTTACGCCACAAAAAAAGACGTTCACGTTTAGCGAACGTCGATTGCCTTATTTAATGTTGGCAACCTTAGCGACTTTGCCACTATTGACACTCGCGCTAATTTCCCCTTCTTGACCGTTATTGATAACAAATTGATCGGTTGCTTGACACCGTGGGCAAGTTGTTTCAATTTGAAACTTAGTAGAGCCATCTGAATTATCTTCTAGTGCTGTCTTCGTCGTGATTTCCATCGCTGGATGTTGGCACTTATAGCATTGAAAGACAATAAAACGCCGTTCTACAAATTCATCTGCTAAACTCATGTGATTCATCCTTTCAACTAGCTTATTTAAGTTCATTCTAGCAGTCTGCTATTTTTTAGGGTACCTTTTTGCTCACGTGTCGTTTTCTGAAAGCATCCCTTAGAAATGAATCAAAAGGCGAACGATTTTAAAGTTTAAAAGTATTATGGTATGTGATATACTTACAACACACCATCTAGAAGGAGAGGTTTAAAAGTTTGCCAATCACACTAAAAGCAAGTTATTTTTCTGCAAATTCACCAAATTCTAGTTCATTTCACGAAGATTCACTGATAGAAATCAGTGATAATGGT
NZ_CP116016.1_gap45	1666997	1670675	3678	GCTTTAGCAGCTCTATTATCCGCCCAAGTAATTGCCCGAGTTAGCGGTTGATCATTTGCATCCATCAGAATCAAGCTGTGCATCGCAGCCGAGAAACTAACGCCCTGTAATTCGCCGGCTTGAACGTTGCCCTTGCGCATCACCTGTCGTAATACTTCTAACACTGCATTAAAAATTTCATCCGGATCTTCTTCTGCCATATCGGGTACGGTTTGATATAAAGGATAACCAACGTTTGCGTAAGCTTTAACATTCCCTTTTAAATCATATAAAACCGCTTTCGTACTTGTTGTTCCAATATCCGCACCAATCATATATTTCATCATAATTACCTCGTTTATGTGATGTTTACTGACTACTTATTAGGATACCACTTATTTCTTATCAACTGCATGGCCGCCGAATTCATTTCGTAAAGCAGCAACAACTTTACCAGTGAATGTATCATCTTCAAGTGAACGATACCGCATCATCAATGATAAACCAATGACCGGTGTTGGGACTTGTAATTTCAAGGCTTCATCTAATGTCCATTTTCCTTCACCAGATGAGTGCATGATACCTTTTAAGCCTTCTAAGTTAGGGTCTTTTGCAAAAGCAGATTCCGCTAATTCCATCAACCAACCGCGAATCACAGAACCATTACTCCAAACCTTAGCAACCGCTTCGTTATCATATTCAAACTCACCATGTGATAACACATCAAATCCTTCAGCGATAGATTGCATCATGCCGTATTCAATTCCATTATGCACCATTTTGAGATAATGGCCACTACCAGCCTTCCCGGTATAGAGATAGCCGTCTTTTTGAGCAATATCTTTAAAAATCGGTTCAATCTGTTTGAAGACTTCCGCGCTGTCACCGCCGATCATGAAGTTTCCGTCTGCGTTAGCACCGCTCATCCCACCAGAAGTTCCGACATCGAAGAAATGAATCCCTTTTGCGGCAAGCAATGCATTGTGTTGTTTAGAATCTTCGAAAAATGAATTACCACCATCAATGACAATGTCACCGGCTGTCAATTTAGTACTTAACGTTTCGATTGTGGCTTGTGTTGGCTTACCAGCTGGTAACATGCTCCACACAATTTTAGGTTGTGGCAATTGTGCCACCACATCATCAATATCCTTTGCAGGTAATGCACCTAAGCGGGTTGCTTCTTGAACCGCTGCTTCATTTAAGTCAAAGGCGACAACCTCGTGCCCATTACGTCGTAAGTTAGCGACCAAGTTAATCCCCATTTTGCCTAAACCAATCATTGCTAATTTCATCTTTGCCAGTCCCCTTATCCACAATTTCATGTCACTTTTATTAATGTCTTTATTATATGTAAATTTTTTTCTTTAATCAACCGTTTTTTAGAAAATAATTTTCTTCATTGTTTTTTATGCTATACTATCGATAACAGGGGGGCACTTCAATGACACAAAACATCGATTCCTTACTCCGTGCGTACTACACGAATTTAAGTGAAAAATACAAACAAATCGCAGATTACATCTTAAAAACTGAACATTTCAATCAAAGTTTAACGATTCAAGAATTTGCGGCTGACTGTGGTGTTTCAACAGCCACTATTTCCCGTTTCGCCAAAATGTTGACCTTCGCAAACTTCCAGGCACTCAAAATGGCGTTACTTGCTAAACAAGCAACCCCAACAGATAATCCACTCTTCCATGAAATTAGTAATAATGATGACTATCTGACCATGGCCGATAAAATTTTCGCATCCAATACTAATGCGCTCAAAGCAACTCGTTCACTACTGACTGAAGCGCAATTACGGCAAGCCGTTGATTATATCAATCAGGCCAAGCGCTTAAGTTTATTTGGCTTGGGCGCTTCTGGAATCGTCGCTCAAGATGGCTACCACAAATTTTTACGAACTGCGATTCCAACTTTTTACAGCCAAGACTACCATCTACAATTGATGCAGGCCACCCAACTCACCGAACAAGACTGTGCGCTGATTATTTCACATAGTGGTCAAAATAAAGATGCTTTAGAAATTGCACGCATCTTAAAAGAACGTCACGTTCCACTGATTGTCATCACCAGTTTTGGCAATTCAACCCTCGCTAAATTGGGTGATGTGACACTGTTGTCCATTTCCGAAGAAACCAATTACCGCGCCGAAGCACTACACGCGTTAATTGCACAAATCAGTATCGTCGATAGTCTGTTTATGATGGTCGCCGTTAATAATGGCCCACAAACAGAACAAAGTTTCAAAGCCATTCGGACTGAAATTGATCGGACTAGACAAAAATAAAAAAGCTGAGGTTGAAGAAATACTTCAACCTCAGCTTTTTTGCTGTTCTATTTTGAACATCTAAACGTGCTTTTTGGTTGCACCAACTTCCGCTTAATAAAAAATTGGTAGTCATCCTGAATTCTGGATAACTACCAATTTTTATTAATGCTCAGTTGCTGAACGCAACCAAACGCACTCTATTCTTAAACGTACTTTATTTAATTTCTGCTAATGTCTTTTCAAGGTGGGCTAGGACACGGTCTTTACCTAACAATTCGATTGAATCAGGTAATGATGGACCATGCATTTCGCGAGTCGTTGCAATCCGAATTGGCATGTACAATTGACGGCCTTTAATCTTCGTATCTTTTTGGATGCCTTTAATGATTTGCATAATCCGTGGTGCTGTGAATAATGTTAAATCTTTCAAGCGTTCGCTGAATTCCTTCAAAACAACGGGTGCTGTTTCGTTATTTAATTCTTCAAGCGCTTCGGCGTCTAATTGTTCAGGTTCTTCAAAGAAGACATCTGACATTTCAACGATTTGAGCTGTGTAGCTCATTTGATCTTGGTATAACGCAATCAAATGACGGGCCCATTCGATCGTTTTGCTATCAGGATTTTCAGCGATTTTACCCGCTTTAATCAAGCTTTCTAACGAAAGATCCATGATTTTGTTTGGATCTGATTGTTTAACGTATTGGTTATTCACCCATTCGAGTTTCTTTTGATCGAAACTAGCTGGTGATTTGCTCAAACGTTTTGGATCAAATTGTTTGATGAATTCTTGGCGATTGAACAATTCGCTTTCGCCAACTGGTGACCAACCTAATAGGGCGATAAAGTTAAACATCGCTTCTGGTAAGTAACCCAATTCGCGGTATTGTTCGATAAATTGAAGCACTGATTCATCACGTTTACTTAACTTCTTACCTGTTTCAGTATTGATGATCAATGTCATGTGGCCAAAGACTGGTGGTTCCCAACCAAAGGCTTCGTAGACAGCCAATTGTTTTGGCGTGTTGGCGATATGATCGTCCCCACGCAAGACATGGGTGATTTCCATCAAGTGATCATCAACGACAACGGCAAAGTTATATGTTGGCATCCCATCGCGTTTCATGATGACAAAGTCGCCACCTAAACGATCTGATTCAAAGCTGATTTCACCTTTAACAATGTCATCAAACTTGTAAACGTGATCCTTAGGAAGACGTAAACGAACAACTGGTTGTAAGCCTTTTGCTTTAGCAGCTTCTTGGCTAGCCTTAATTTCATCATCACTCATACCTTCGTATTCGTAGATGTAACGTGGTGCTTCGCCAGCTGCTTTTTGGGCTTCCCGTTCTTCAGTTAATTCATCTTCTGTTTTATATGATTCGTAAGCTAATCCCTTAGCCACTAACTCTTCAATTAAAGGC
NZ_CP116016.1_gap46	1724447	1728901	4454	ATGAGCCACCATCCAATTCACGAAATTCCTGTAATTGCGCAGCCGCAATGATTGAAACAAGTGAACTTGCAACAATATCCGGTACATATGGTGAAATTCCCGCAACAATCGTTAAGACCAAGACTTCAATCCCCAAGATAATCCGTTGTCGTTTGTTAATCGATTCGTCTTTTTCAAACCGATGTTGTAAAATGCGCGTTAAGATTGTTCCCAATATAAAGGCGAGAATCGGGGTAATGTGCCGTAATAATACGGACCATTTCATCTGCCCCAAATGGGTTCCTAATAAAATTAGATTCCCCGTTTGTAATCCGGCGAAGACTTCCCCGTGCACCAAATAAGTGTAAGAATCAAAGCCCCCCGCAGCTGCCAGTAGCCCGCCATATAATAATTTGTCGCTCATTGTCATTTTGTTCCGCATTAATTCATCCTACTCCTCAACTAAACTATAAGTATTAACTCTATCGGAAAAACCACTCGCCGTCTACAAGTAGTTATCATTTAAAACGTTATCAAAAAAAGGCCTCAGCAAACTGATTTTGCTAAGGCCTTTTTGGCTTAATTTTCTACGTCACCATTGAAACCGGCTAATTGACTTGAATAAATTGATAAACGCGTCGCATAACTAGGATGGTCATTATTTTCCTTGACCACTTCTTTAAGCGTCGGCAAATTACAAGTTTAATCCGAACAAGCCCGGAATCTTTCAATGGCAGTCTGTTGATGATGTATCTTTAATAGTCGTTGATTAATTAGTTCAAGTGCTGCTAGGATCTCATCAGTCATTACTTGGCTAAAATTGGTCTTTTTCGGGAAGAACCAGCGTAACCGTCTATTAAAATATTCATTGGAGCCTCGCTCCCATGGTGAATATGGATGGCAAAAATAAACTTTGATCTGATAATCCTGTTCTAAGGCCTGATAATTGGCAAACTCTTTACCATGATCAACAGTAATGGATTTTACTTGGGGACCGAAGGCCCCCATAAACTTGCCAAAGGTGGTGTTTAGAGCCTTAGCCGTTCTATTAGGGGCTTTGATGGCCCATAGAAGTCGGGTCTTACGTTCTACGAATGTAACCAGACATGATCGTGACTCACTTCGACTAGAAAGCACCGTATCTACTTCCCAATGACCAAAAGCTAACCGTTGATTAACAGTTGTTGGCCGTTGTTCGATGGAAGTCCCACTTGTAAATTTCCCACGATTTTCGCTCACTCGGTGCTGGCGGACATTCCGATTGGGTAGATTAGTCAATTTGAAGGGGAGCCAGCCACGATTAAGCCAATTATAAATTGACGCAGTGCTCAAGTTATAAGCGGCCGCAATGGTTTCTGGTGACCAGGTTAATCGTAAGTGATTGGTAATTAAAGTCGCTAATGCTGCCGTCAGCATCGAACGACGACCGCAATTCCGCCTTTTGCGATCTGCATCTTGCTGAGCTAATTCTGGATCATAAGGTTTAACTCGGTCCAACTCATAGCTAATCGTAGCTTTGGCGACGCCTAAGGCGTCAGCCATTACTTGGTAAGATTTATTCCCCTCATTGACCAGTTGTGCTAGTGCGCCACGTTGAAAACGTGATAAAGTAGATGTACCCAAAGTAATCACTCCCTATATTGGTTGGAATTAGCTACTACCATTGTAAGTGATTGCTTTGGGCTTTTTAATTTCTGTTCGGATTAATTATAGAATTTGCCTTTATAAAATTGATTTTATTTCATAAAAAAAGGCCCGCATCTAGGATGCGGGCCTTCAATCATTAATGTCTAGTTATGGATATAAGTAAATGCCCCGGCATTTGAAATTGTTTGGGTGTTAGGACCAGCAGGGTTGCTGAAGCCCATCCCACCTTGAGTGATGGTAATTGTCCCAGCTGCGGCATCGTATGATTGAACGTAAGCAACGTGACCATATGTCCCATCTGCGGCCCAAGAACCTACCATTTGGCCACCAGCAAAGCTAACGATTGCGCCTGCTGCTGGTATATGGTTAACTGTGAAGCCAGCTGCTGCGGCTGAAGCACCCCATTGAGCGCCATTCCCCCAGTTATTGCCAGCCCAAGGTGCTACTGACTTAACATACCATGTACATTGACCCCATGCATATGAATTCCCAGCTGAATTACCAGCAACTTTTCCGCTGCCACCGAAAACAGATGTGCCACCCTTATTATCTGATGGCGTGTCAATTGATGTAGGTTGAGGTGTGTCTTTTTTAGCATTGTTGGCATCGTCTGCAGCCTTTTTAGCAGCAGCGTCTGCTTCTTCAGTACTTGCTTTGTCGAAATCTGCTTGTAAAGCTGTTAATTCGTCTTTGTTATCATTGATTTTTTGTGATAAAGCTGTTTGTTTTTGATCAGCTTCACTCTTCAATGATTCTAAGTTTGCTTTTTGTTTTTCTAAATCAGTCTTAGTAGCAACTAAACTTGCTTTAGTATTTTCTTGTTCTGTCTTCAAGCCGCTTAATTTTGCCTTAGCGCTGTTAACATCATCTAAAGCTTCTTTACTTGCTTGGTTTAATTTATTAATTGTGAATGAACGCGAAACTAAATCTGAAAGGTCATTTGAGTTTAAAAGGAAGTCAACATATACGTTCCCGCTGACAGCATCCCCACTCTTTTCTTGTAAGGTCACTAATTGTTTCTTCAATACGACTGTTCGTTTAGAAACTTCTTTTTGAGCATCCGTAATTTGACCTGAAAGAGATTCGATTTGATTATTTGCTTTAGTAATTGCTGCTTCTTGATCAGCAATTTTTGAAGCGTTTGTTGAAATCTTTTGATCCAACCCAATCACTTCTGTATTAGCTGATTCGATTTGTTTGAGCAAATCGTTTGTTGCGTTCTTATTAGCAGTAATCGCTTCTTGTGCTTCACTTGAAGTTGCAGCAGATACTACGTTTGTTGAAAGAACTGAAGCTGTTAATAATCCAAGAGCAATTGTAGTCGTAATCGTTTTTTTAAATGACATGGTTTATTTTCTCCTATTAGTTAAGCCCAAACTCTGAGACTAAGTATATAGAGCGAATGTTACATTAACATTACATAAACATTATGCTTACTTAACAAATCATAAAATAGGTAGATTGCAAATTTAATCCGAATTTTTGGACAAATTTGTCAGCATAACCTGATACGGTGTTTGCCAGTCGAGTATTTTAAGCGGTCGCTGGTTAATTTGGAGTAACGTCGTCGTTAAATCTTGAGCACTAATGTGCTCAAAACGAGTCCCTTTAGGATAAAAATAACGTAAATTCCGATTAAAGCGTTCATTACTACCACGTTCAGCTGGCGTATAAGCATGGCAGTAATAGGTCTTAATACCATATTGTGATTCAAGTGATACTAGCCCACTAAACTCAGTGCCACGGTCCACAGTAAAGCTGTGCACCGGACCATTAAAAGTGGTTAGGAACTTAGTTAGGGCTTCATTAACAGTCGCTGTCGTCCGATCTTTTAACCGGTATGCCCAAAGGAACCGTGATTTGCGATCGATTAAAGTTAATAAAACTGCCTTACTATGCCCACGAGGACCAACGACTGTATCTAGTTCAAAATCGCCGATGCGATTACGTTGATTAATCATCATGGGACGCTGTTCAATTGATCGCCCCAAAGATTGATTATATTTGGATTGTTGGTCAACGTTACGCCGTTGGCGTACGCCATGTTCAGGTAGATCATTCAAGGAGAAACCAATTCTCCCCTGATTTAGCCAATTATAAATAGATTTAGTAGCTAGTTTAAATTCGTGAGCAATCATTCCTGGTGACCAACTTAGACGTAAATGGTTGAGAATTTTTTGCTTTAACTCATCGCTCAGCTTAGTTTTCCGACCACATCGTGATCGCTTGTATTCGGCATCTGTTTGTGCTAATTCAGCCTGATAAGGTTGACATCGAGATAATTCATAAGAAATTGTTGACGGTGATCGGTTCAGCCGAACGCCCATTTGGATATTGGACAGCCCTAGTTCACAAAAGGTTTCGATTTTAATTCGTTCGGAATAGGTTATACTAGACAAAAGATCAGCTCCTAAAAGATGGGTTTGTGGTAAACACCATTTTAAAGGAAGCTGATCTTTTTTGTCCGAACAGCGTTCGGATTAATTTTACAATCTACCATAATCCTGTTCTAAGGCCTGATAATTGGCAAACTCTTTACCATGATCAACAGTAATGGATTTTACTTGGGGACCGAAGGCCTCCATAAACTTGTCAAAGGCGGTGTTTAGAGCCTTAGCCGTTCTATTAGGGGCTTTGATGGCCCATAGAAGTCGGGTCTTACGTTCTACGAATGTAACCAGACATGATCGTGACTCACTTCGACTAGAAAGCACCGTATCTACTTCCCAATGACCAAAAGCTAACCGTTGATTAACAGTTGTTGGCCGTTGTTCGATGGAAGTCCCACTTGTAAATTTCCCACGATTTTCGCTCACTCGGTGCTGGCG
NZ_CP116016.1_gap47	1780428	1784700	4272	CTGTAACCATTTAAATTCACTCCTCAATTAGTGCTTAAATACTGCAGTAACAGTAGCTAGATTAAGTTGTGTTGTATCAGCAACAATTTTATACGCTGCCTTTAATTTAGCGGCGTCGCCAATTGCAATTGAAATAGCGCCGCTAGCATTGATTGCTGTGATACCAGCAATGGAATCTTCTAGGCCGATACATTGTACCGGTTGTAAATTTAAGCTTTGGGCGGCGGCAATAAAAATATCTGGTGCAGGCTTGCCATGAGCAACTTGTTTTGGATCGACAATTGTATCAAAAGCAGTAGCTAAGCCTAGTTTCTGTAAAATAACAGGTCCATTTTGACTGGCTGAGGCCAACGCTAAACGAATATGCTGTGTTTTAAGTTCAGCGATAAAGTTATCAATCCCTGGTAAAATATCTGCTACCGTTAGTTTGTCTAGATAAGCTTTATAGATTTCATTTTTTTCGTTAGCTAAGTGTGAGAATTCTGTTGATGTTAATGTGATTTTTAAACTGTCTAAAATAACTTGTAACGAGTCACTGCGACTAATACCTTTAGTTTTTTCCTCTAATTCAATGGGTAATTCAGCTTTAAAATAATTACGAGCTAATTTTTGCCATGCTTTAAAATGCAAATCAGCAGTGTTAGCAATAACACCGTCTAAATCGAATAAGGCGCCTTTAAACATTAGCTATCCTCCCGTTCACTTAAAATAGCGGTCGTTGCTAAGACTTGGTTGATTTTTTCTAGTTTGTCCGGTGCAATGTTAATAAAGGGAAGCAAAGTATTTAGTTTAGTTAATGACATTTTGCCGAGACCACCTTTAACGGCAGTAGGGTCATTTTTGAAAAAGTCTAGCACGTTATCGATCGCAGTAATTTTTTCGACTAAAATAGGGTCGGCCATGATTTCTGCAGTCGTTGTTTCGCGATTATAATGTTCAACATAGTCGTGGGTTGGAATATAACTAATGTTATAGTTACCAGCTGTTAGTTGAAAGTCGCCACCCACCATAGTATGGGCGTTGACCGTTATTGTCGTATCTGCGGCACGTGGTAATTTGACTTGTACAGTGGTACCAAATGGAACTGTTAGTTTGATTTGAATGGTATGTGCGGTATCCGTTTCGATTTGATATTCGGTTGCAAAATTTCCGTAGGCGGTGTCAAAATGTGCAGTGATATGTTTTAACCGATAATCAAAATGGGGCGCAAAGGTAAATTGTTTGAAACCTGCGGTGTGGTGTCCAATTCCGACTAAATATTTATAACTCCATTCCATAATGGCACCAATACTGTAATGATTTAGTGAATTCATCCCATCAGGATTCATTGAACCATCCGTTTCAATTGAATTCCAGCGTTCCCATACGGTGGTAGCTCCCATATTGACAGCATATAACCAGCTTGGAAAATCCTCTTGTAAGAAAATTTTAGTAGCAAGCTTATGTTCACCATATGCTGATAAAACCCGACAGATAAACGGTGTACCAACAAAACCAGTTTTTAGGTGATCATTGTCTTTGTTTAAGCGTTTGACTAAATCGTTTAATACGCGCTTGATCTGCGTTTTTGGTACCAGCTTAAAGTACAGTGCTAAAGCATAAGCGGTTTGGGTATCAATGGCTAAGCGGCCAGTTGCCGTAATATATTCATGCTGAATTGCGGCTAAAATGGCATCTGCTTGCTGTTGATAATGAGCCTGATCAGTTGGGTGGTCCAGCAACTTGGCAGTATTTGCAACAATTTGACTGGAATAGTAATAGTAAACTGAAGCAATGAAGTCTTTATCCGTTTTACCGGTTGGTAGCGCAGGATTTTCACCATCTAAAGCAATCCAATCACCAAATTGAAACATACCAGTCCAAAGATTAGGCGTTTTCGAATTTTTTGTGATCCAATCAACCCAAGCTTTCATGGCATCATAGTTTTGTTTAAGAATTGCAGTATCACCGTAAGTTTTATACATATTCCAGGGAATAGTTGTTGCTGCATCTCCCCAAACTGCTGCACCACCGTCAGTAGTACCCATGGCTGGCGCATACATTGGGACCATACCAGCGAACCGTTTTTGTTCAACCGCAATATCTTTCATATATTTCTTGAAAAATTCAAAAACATTCATGTTAAAGGCAGCAGTATTGGAAAAGATATTGGCATCACCGGTCCAGCCTAAGCGTTCGTCACGTTGTGGGCAATCGGTGGGTACATCAAAGAAATTACTTTTTTGCCCCCAATGAATATTGGCAAATAAGCGATTAACCTTGGCATTATCAGTAGTAATATCGCCAGTTTGTGTCATTTTAGAAAAAATTACACAAGCGTGATAGTCTTGTTTAGTAAGCGGTTTAGTGTTGCCAGTTACTTTAACGTAGCGATAACCATAATACGTAAAGTGTGGGCGTACCCATTTTTCTTTACCATCAGAAATATATTCGAAGGCTGCTCGTGCATCGCGTAGATTTCCTCGATAAAAATTACCTGCTTGTAAAACTTCGCCCATTTGGAAAGTGACTTTGGTACCTTTAGGCTCACGATTATAGAATTCTAACCAACCAGCTTGGTTTTGACCGAAGTCTAAAACTTGTTCATTAGCTGGTGTCGTTAAAATGGCTTGAACTGGAAGTTTTTCATCAATTGTTAATGGCAAACTAAGTCGATCCTGCAAAATTGATTTACTCTGTGGCAAAATAATAACATTTTGCCAATCGGTTGGTTGCAAGGTGTCGTCTAAATCTTCGCCATAATAAATTGCAGATTTTGTGATTTTACCAGCCGTGGTTTGCCATGAGGCATCGGTATTGATAATTATCTTCGTTCCGTCGGTGTACTTAATATGCAATTCACCGATTACCATTTGTTGATCACCATAAATTTTATCTTGACCACCATCAAAGCCATAGCGACCTTTGTACCAACCATCAGCGGTTGAAATTAATAATTCATGGTTGCCAGTAGTCAAGTAAGATGTGACATCATAGGTTTGAACTTGAACCCAATGATCATAAGCAGTGACTCCTGGGGCTAGAAATTCATTTCCAATTTTTTGTTGGTCTAAATAAGCTTCGTAGAGACCTAAACCAGTCATGTATAGCCGGGCTGACTTAACTGATTTTTTTAATTGAATTGCTTTTTTAAATAATGTATTTTGCAATTTCTTATTAGAGTTACCGATCCAATCTGCGGTGAAAGTTTCGTTTAATTTACCAGTTTCAAAGAATGTTTCCGCGGTTGCAACTTCATCGGTTGATTTTATAGTGATTTGTAAAAAATAGCATGTACGCGGACGTAAAGCTAAATCGACGGTGAAAAAGTTGTTGTCGTAGGTTAAAACATCAGTTTGGTAAACAGGTTTGGCTTGATCAGTTATCCAAATTTTTAATTGCTTTGTTATTTGGATGAATTTTGTCGCTGCAACCTTGAAATCAATCCGTAAGTCGTTTAGCTGAAAGCCAATTGGTTCATGCATGTGATTGACTAAGATGTCTGTAATTTTCATTTTATCCTCCAATTGTAATTTTATAAGTGTGTGAGTGGGTCACCACAAAAAGGATCAACGGGATTGATACCACTAAAGTTTTCTTGACCAGTAAGTTTGCGCAAAACGGCATCGATGCTCGCGTGATTGCCAGTATAAGCATTAATAAAGGTTGAAACATTAGGAATATCAAACAAATGATAAGGATTAGCGGTAGAAACAAAGACGGTGGGGATGCTCTTCATAAACCACGGTGCGTCAGCTGCCATTAAATGAATCCAGTCTAGTCGTGTTGTTGTTTGATTACTGGCTGTTTCAACGTTAGCAACGTAAAGGGCTAAATCAAATTTCTGTTGTAGGTCAGCAACGCCTTCTTCAAAAACTTCGTGAAAATTAAGATGCTCATGGTCGAATAGTTGGACTTTAAATCCTAATTTTTCAAGTTGGGTTTTAAAGGTGTCTGTGACGTGACCACCTTCTTTAAAACCACCGTCATCAGAATCACCTAAAACCACTAATCGGATTCGTGGATACTTTTGCGGTGTGATTGGCAATAATTGATCACGATCTTTAACTAACGTAACCGATTTTTTAGCTACTTCAGCTGCTAAGGCCTGATGATTTTCACTATTTAGTTCAATGTGAGTGGGTGGCGTTAAGCGCAGATTCTCTGCTGTATCCATGATACCTTGAGCTAATTTAGTTCCTAAAATTCGAGTGACTGCTTCATCGATCCGTGTCATTGATAAGGTACCATTGTTGATTGCTTCATGAATATAAGCATAATCTTCATCAATAT
NZ_CP116016.1_gap48	1791972	1794199	2227	TGCACCTAAAAATAGTGCTACAATCATGACGATTGCACCAAGTACATCTAAATTATCAAATATTTTTTTCTTTGTTTGTTGATTCATTTTTACTCCCACAAATTTAATTATTTCTCCGTACTCGTTGTACATCGTCCGTATTGCCAACAATCACCTTTTTTATCCACCTAGACGAATAACCATATTGATTGGACAGCGCTTGTATACTACTTGTCTTTAGATCTTTACCACGTAATACTGTTTCAAGGGCATTGCGCTCGTATAACCGCATTGGCAACTACAATTGCGTCCCCTTAAAATTTTCGTAAATCTTCAGCGCATTTTCTTTCCCAACTAGATCCCAAAGCGCTTTATACGACGGATGTAACGCTTCATAGTCAATATCCTGTTCCATTATTCTATGTCCTTTCTCTTTAATAATTGCACTGGTCATTAATAAAATAACAAATAACAGATGTTACTGAAAATACGCGCCACACTAATTAATACATGTCCGAGAAAGTAACTTCTACTTTCATTCTTTTCAAAAAAAGTAGTATCACCTAATAAGGTGATACCACTTCATTAACGAGCTTATAATTAATCCTTTGTTGCTTTATCAACTTCATCTCGAATCCATCCATTGTAAGCATCCTGGCGTTCTTGAGCCACTTTTGCCTCCTGTTGTATGATTGAAATCACCATCAGAAACAGTTAAGTATCAACAGCAATTTAACTGAGGTATTTCGCTTAGGGCACTTAGGGCAAAAGTGCGCCTCTTCATTACCAGTCCTCCCAATATTAAAAAAAAGCGTCCTAAAAGCGTCCTAACCTGCCATTTTTTGGCAAAAAAAATAGGCTAACCCATTGAAGGGTTAGCCTATTTGTATACTTGTTATTAGTTTAATTTCTTCTTGCTGACAACGTTCAAGTTTTCGTCTAAATCGTAAACAACTGGTTCGCCGGTTGCCATTTCAACGTCCATGATGTCTTCATCAGAGATGTTTTCAATGTATTTAGTCAAAGCGCGTAGTGAGTTGCCGTGAGCGGCTACAATGATGTTTTTACCGTCGATTAATTTTGGAGCGATTTCGTCTTCCCAGAATGGGATAACACGTTCCAAAGTAACCTTCAAGTTTTCGCCACCAGGAATTGCTTTTGGATCTAAGTGTGCGTAACGACGGTCGTTTGCTGCTGAACCTTCATCACTTGCATCCAATAGTGGAGGAAGTGTGTCGTATGAACGACGCCAGATGTGAACTTGTTCGTCGCCCCATTTTTCAGCTGCTTCAGCTTTGTTTTGGCCTTGTAATGCACCATAATGACGTTCGTTTAAGCGCCATGATTTCATTTCTGGAACCCATAATTGATCTGAACCTTCAAGTGCATAGTGTAATGTCTTGATGGCACGAGTCAATACTGATGTGTAAGCTTGGTCAAAAAGGATGCCTTCTTTTTTCAATAAAGCACCAGCGTTTTGAGCTTGGCGTACGCCTTCTTCGCTTAAGTTAACATCAACCCAACCAGTGAATTGGTTTGATAAGTTCCATTCACTTTGTCCGTGACGAATAAAAACTAATTTAGCCATGTGTAAGTAACCTCACTTTTTTTATTTTTACTCTGTTCATTTTACACTGTTTGCTACACAATTTACAGTCTTATCTTTTCAGAAAATAATGAACCTTCTTTTTTTTATGCTCGATCAGTCGTTTTCGTTTCTTTCAATAAGAAAAGCGCCGCCAAGATGGCAATCACCATGAGCACTAGCGACGTCGTTACAACAGCGATCATCCCTTTATCAAAAGCCGTGACAACAATTTGTTGGACCTTTACGGCATACGGTGTCTTCACTAATTGTTGCCCCCACGCGATTGCATGTCCTGAAAAAGCACCTGCTTCAACCAATGCTTGCTGAATGCCAGTTGCTGCCGCCTTCGGGATTGAGCTACCACTAAAGCCAGTCTTCAAACTCGTTTCGTAGGCATTCGTTTGTGATAAACCGAGAATCACAACACCGACGGTAATTCCAATTTGGCGGAAAACATTCAATAAACCGGATGCCATTCCGATTTCTTGAGGATTAATATTATCCATCGCCGCTGTATTGATTATTGGATTGATAATCGCATTGCCTAACCCAGTTAGCGCAAGCAATGGTAAGAGTTGCATATAAGTAAAATCAGTCGTTGTCACTTGTCTAAAAATTAATAAACCAAGGGCAGAAACAGTAAATCCAAAAGCAATCAAC
NZ_CP116016.1_gap49	1879983	1883147	3164	CATATAGAATGGGAATAACCATAAAAGACCAATCAATACACCGAGGACGCCGATCCAACTATTTCTTTTCTTATTCATTAGAAATCGCCCTCCCGTTTACGGTTATAAAAGACTTGTACTAAAGAAATCGCAGCGACAATCAAGAAGAAGACCATTGCTTTAGCTTCAGCGAGTGCGAAATCACTCGAATTATAGGCTGTATTCACAATATCCATCGCCAACATTTGGGTCGAGTTGTAAGGTCCCCCATTGGTCAACGACAAGTTTTGATCGTAGATTTTAAACCCATTCGACAGAGTTAAAAACATACAGACGGTAAATGCTGGCGCGATCATTGGGAATGTAATCCGCGTAAATCGTTGCCAAGCAGATGCACCATCAATTTCAGCAGCTTCAATCACTTCACTTGGAATATTTTGCAAGTAAGCAATATAGATAATCATGATGTAACCACTCATTTGCCAAACCGTCACAATTACCAAGCCCCAAAAACCGGTGAGTGAATTCGTTAACCAGTTTTGGAAGGCAGTCATGTGTAAGGCAGATCCCAAAGCGCTAAAGCCTTGCGTGAAAATGAATTGCCAGATAAATCCTAAGATTAACCCACCAATCATGTTTGGCATAAAGAAGATCGCTCGTAAGAAATTGTTGCCTTTAAATTTCTGTGTCACAAGTAATGCTAACCCCAAGCCAATTACATTTAGCAAGATGACGGTCACGATAACAAAAGCTACCGTGAACCAAAAGGCGTTTCCGAATGCTTTATCTTGTAATAAGGCCATGTAGTTTTTAAACCCAACGACCTTAGTAAAAGAGAGTCCATCCCAGTCAGTGAATGAATAGAATAGGCCCTCCAGCATTGGAATGAAAACGACTAATGCTAATGCAACAAGGGTAGGGGTTAAAAATAACCAAAATGATAAACTTTTATTTTTCATTTTAATACCCTCTTTTTGTTTTATCCAATTGAATAAATTTATTTAGTTTGTTGTTTTGTCCAACCGTCCTTCATATTTGAAACAGTCTTTTGCCAATCTTGGTCACCTGATAGATATTTTTGTAGGTTAGGTTGGGCAACGTCTGGATCCCATGATGTGCCAGTATAACCCGGGAAAACCCAGCCGAATGTTGCTTTCTTTTGACTGTAATCATAGACCGATTGTGTGAGTGCATCTGGCATCTTCACATCACCGTAACCTTTATAAGCAGGTACGAAATGTAATTTCTCAACAACGTCTTTTTTACCTTCTTTAGACGTATATAGCCAGTTCAAGAAGTCCTTAGCTGCTTTTTGTTCGTCGGTACTCTTCCGTTTATTAACTGCCCAGTAGATTGAGGTCCCAACAGGCATCTTACCTTGTTGTTCCTTAACTGGCATTGGAATCATGCCGATCCCGTCTTGAGCGAATTTCGCATCAATTTGGTTAACGGTTTCGTAAATCCAGTCGCCTTGTTGAATCATCGCAACTTTTCCTTGAGCAAAGTTTTGGTTCACTTGTCCCGCGTAATCCATTTGCATGACTGGTTGAACGGAATATTCTTTTTGCAAATCAATCATTTGTTTCATTTCTGCATTGTTTTCAAACTTCATTTTCTTTGAGGTATACAACTTTTGTGAATTGCCATCAAATTCTTTACTTAGATAAACATTCAACAAATGATCTGAAAGAACCCATGATTCCTTACCAGGTAAAGCAAAGACTCCTTTAATGCCTAACTGTTCTTTTTGTTCATTTAATGTTTTAACAGCTGCTTCTAATTTATCGTAAGTCGTTAAGCTCTTTGGATCGATACCGGCTTTTTCGAAGACAGCTTTATTATAAACAAAACCATAGCCTTCAATGTTAAATGGCAAGCCGTAAACTTTCCCTTGTGACTTAACAGTATCTAGTGTGCTTGGAATAGCGGCCTTAGCAGCTTTTGTATCCGTTAAATCAGCCGTGTAGTTCTTGAATTGTTTAACCGATGCTGGCCCATCTAAACTAAAAATAGTAGGTGCATTCCCGGATGAAATTCTCGTCTTCAAAACGGGATTATACTGTGTCCCACCACCGATTGATGTGATTTCAATCTTGACGTTTGGATGTGCTTTTTCATACTTCTTCGCAATCGCTTTGAATTGCTTGTTGGATTCCACTTTTCCTTGTAGAATTGTGATTTTCACATTGCCGCCATCCGCACTCTTGCTCCCACAAGCAGCCAATGTTAACGTTACACCAGCCAATAACGAAACTAACCCTAGCTTTTTCCACATCTTTTTCACTATAACGACCTCCAATAAATTTTTATCAGTGCTGTTTACAAGTTTTATTGTCGTACTTTGAAAGCGCTTTTGCAAATGTTTTCCTGATGTTACCGGTAACAGTTTTCTTATGCTTATTCCGATTGTTCTTTTAGCACAGGGCGAATTGTCCCGCCCATTTCAATGTGTGGTTCGAATATCAATGGTCGCTCAATCCACTCCTGATTAATTTTCTTGAGGATATTCTCTCCGCATGCACGGCCCATTTCAATGATGGACTGCTTAATCGTTGTCAACTTAGGAGAGGCAACTTGATTTAAAAAGACCCCATCAAATCCTGTAATCCCAAACTCTTGCGGCACATGACCACCACACGACGCAATCCCCCGTTCAATCCCAATTGCCAGACGATCCGTGGCACAAATAAACGCAGTCTCGAGTTTGAATTGCGCCCAGTGTTCAATGATGTAGGCTTCGGTCAAATGACTATGGTTGTTAAAATGGTGTAACTGAACAGGACGCTGCTGCTCATGCATTAATTGTAAATAACCGGCTTCACGTGATTTTTCAAACGCTTCTTCACTCGCCATTCCAATATAAATAAGCTGGCGATAACCACGCTCTAATGCTAATTGCGCTGCAAGGTAGGTCCCCAACTGGTTATTTGTATCCACATAATCAAAACCGTACTGATTCTCCCCAAAAACGACGACTGGCTTTGTCAGATCGCGAATCCATGCAACATCACTTTCACGCAATCCCGTAATAATGTAGCCATCACAATTCCCGATATCAAAGTTACGCCAAGTTACTAACTGCAGCGAATACTGATGTAGGTCAAGTGCCTTAGCAATTCCGACCATTAGATTCATGTAATATGGTTCGGTAACGTCGATGTCTTCCAAGATACACAATTTGATGA
NZ_CP116016.1_gap50	1924286	1924786	500	AAATTACCTGAAGATCAAATGACGATTGCTGTTGGTGACAACTTCCAAACAACCATTCGTTCAGGTAAATCAGAATTTACAATTAATGGCTTAGATGCTAATAGTTATCCACATCTACCTGAAATTGCGGGACAAAATCCGTTCAGTATCAGTACTGATGTGCTTAAACAATTAATTCATCAAACCGTCATCGCTGTTTCTAACCAAGAAAGTCGCCCAATCTTAACGGGGGTTCATTTGGTTTTAAAAGATGGCGAAATGTTAGCCGTCGCAACGGACAGTCATCGACTTGCACAACGAAAATTAACCGTTTCAGTACCAAGTGATGTGAACTACGATGTCATTATTCCTGGGAAGAGTTTAATTGAACTTTCAAGAACGTTAGCAGACGACGTTGAAACCGTTGAAATTCGGATTGCTGAAAACCAAGTGCTCTTTAAAGCCGGCAACTTAGCCTTTTATTCTCGGTTGTTAGAAGGAAATTACCCTGACACAGCACG
