gap_id	start	end	length	sequence
NZ_CP022571.1_gap1	12596	13829	1233	GCGGCGTGACTCCCCTTTTTGCCCAGCAGAAACGGGTCGTCGTTATAGGCGGAGGTTTCGGCGGCGCCTCGGCGGCTAAATATATCAGAAAGCTCGATCCCTCGATTGCCGTGACGCTCGTCGAGCCTGCCAGTACTTTTTACACCTGTCCCTTCAGCAACTGGGTGATGGGAGGCTTGAAAGAGATGAAGGATATCGCCCAGACCTTCGACGTTCTGAAAAACAAATTCCAGGTCGAGGTCATTCACGATACCGCGACAGAAATAGACGCGGCGAAAAATACGGTAAAGCTCAAGGGCGGCAAGACCCTTAACTACGATCGTCTGATAGTTTCGCCGGGGATCGACTTTAACTACGATGCGATCGAAGGTTACAGCGAGGAGGTGGCCAACAGCCAGATGCCGCATGCATACAAGGCGGGACCGCAGACAGAGTTGATAACAAGACAGCTCAGTGAACTTAAGGCCGGCGAGAACGTGCTGATCTGTCCGCCGGACAATCCGTTCCGCTGCCCTCCGGGGCCCTACGAGCGGGCGAGTCTCGTGGCGAACTACCTGAAGAAAAACAAGCCCGGCTCGAAAGTCATCATCCTCGATGCAAAGGAAAAGTTCTCCAAGCAAGGACTCTTCACTAAGGGCTGGGAAAAGCTTTATGGAGACGTCATCGAGTGGCGCGCGGCGTCGATGGGTGGGAAGGTCCTTTCTGTTGATTCCGCAGCGATGACCGTCGAAACCGAGTTTGGTCCGGAAAAAGGTGGCGTCATCAATGTCATTCCTCCCCAGCAGGCAGGTAAAATAGCTTTTAACGCAGGACTGGTCGATGCGAGCGGATGGTGTCCGATAAACCCGATCACCTTCGAGTCAACGATTCACCCAGGCATTCACGTTATCGGCGATGCCTGCATCGCGGGCAAGATGCCGAAATCCGGTTTCGCGGCAAGCAGCCAGGGCAAGGTCACGGCAGCAGGCGTCATTCGATTGATGCAGGGCAAGGTTCCCGCGCCGCCTTCGCTGGTCAACACCTGTTACAGTCTTGTCGGTCCAGGTTACGGGATTTCGGTCGCTGCCGTTTACAAGCTGACGAGCGACGGTATTGTCGGTATCGAAGGCGCCGGAGGCCTTACGCCGATGGATGCTGACGACGACCAGCTTACCGAAGAAGCGACCTATGCCCGGGGCTGGTATAACAACATAACCCAGGATATCTGGGGATAACGACCCCTGCTTCATCTGC
NZ_CP022571.1_gap2	14989	16059	1070	ATTCCGAACTGAGGCTGTCGGCGCGTCCGACTGAGGGACGTAGCGGGGAACAGTTCTACGATATCTACCTTCTGAAGAAAACGCCCGAACTTACCGGGGGTGTGATTACCGAAGCGAAAGCGACGTTCGGGGCTTCTTCCGTCCAGCCCGAGGTTACCATGAAAATGAACCCCGACGGAACGGCTAAATGGGCCAGGATAACCGGCGCCAACATCGGGCGCAGGATCGCCATAGTGCTTGACGGCGCGGTGTATTCAGCCCCTGTCGTCGAGTCGAAAATACCTGGCGGCAGTTCGGTCATCAACGGCATAGAGAGCATCGAGGAGGCGCAGGATCTCGAAATCGTGCTCAAGGCCGGAGCCCTTCCGGCTCCGGTGCGTATCATCGAGGAGCGGACGGTTGGCCCGTCGCTTGGAGCCGATTATATCCGTTCGGGTCTGATGTCCGTTAGCTGGGGTTTGTTCGCTGTCGCGCTGTTCATGATCCTCTACTACGGCAAGGCCGGCGTGGCCGCCGATCTTGCGCTGATACTCAACATTCTGTTCGTGCTTTCCGTGCTTGCGGGATTCAGCGCGGCGCTCACGTTGCCGGGTATCGCCGGTATCGTTCTGACCATCGGCATGGCGGTAGACGCCAATGTGCTGATCTTCGAAAGGATACGTGAGGAGATAGCCGAGGGCCGCAACGTACGCGTAGCGGTTGACAACGGTTACAGCAAAGCCTTTTCCTCGATCATGGATTCGCAGATAACGACGCTCGGCGCCGGATTTCTGCTCTATATTTACGGAATCGGGCCTGTTCAGGGTTTTGCCGTCACCCTCATGATCGGCACGGCGGCCAGCCTGTTTTCAGCCCTGGTCGTAACGAAAGTGATTTTCGACCTGCTGATTTCGAAGAACCTTATGACGATTAAAAGCTTTGGTTAATCCTTAAAGAGTGCAGAGTATGCGTTTACTTGCCAACACCAGCATAGATTTCATCAAGTCACGAAAAATCGCCTACGGAGTCTCCATCTTCCTGATCGTCGCCGGACTTGCTTCACTTGTGGTGAAGGGGCTGAACTTCGGCAT
NZ_CP022571.1_gap3	28519	29092	573	TTTTTTTCGATCAGCGGTTCGGGAATGTTGAACTCTTCTATGAGTCCGAGGGGTATGGCCCCGCCGCAGGGTTTGACGTTTTCCAGGTTCCGTTCTATAAGGACTGTTGAAATGCCTGACCTGGCCAGGTCGGCCGCTGCGACGGCTCCTGAAGGACCGCCTCCGATGACTGCCACATCATAACGCATAGTGTAGAACTGTCGGTTGCTTTTGCTGTTCTGTCGTAATCATGTCAAGTTGGCGTAGAGAAACTCCTTGACTTTCGATATCCCGATTCTTTCCTGCGCCGCCGTGTCGCGGTGGCGGACCGTTACGGTTTCGTCTTCCAGGGTCTGGTGGTCGACCGTGACGCAGAAAGGCGTGCCGATTTCATCCTGACGACGGTACCGCTTGCCGATCGAGCCGGCGTCGTCGTACTGGACGAGAAAATCACCCGCCAGAGCATCGCGTAATCCCGCGGCCTTTTCTCCCATTTCACCCTTCTTCATGAGCGGAAGCACGGCGGCCTTGACCGGTGCGATTTTCGGCGAGAATTTCAGCATGACTCGCTGTTCGCCGTCGACCACGTCCTCG
NZ_CP022571.1_gap4	40673	44272	3599	TCTACCTGGACTCCTGTGTTCGATGCGGGGCCTGCGCCGACAAGTGCCATTTCTTTCTCGGCACGGGCGACCCGAAGAACATGCCCGTGCTGCGGGCCGAGCTGGTCCGTTCGGTCTACAGGAACGACTTTCCCATGGTGGAAAAGATCCTGAAAGGATTTGCCGGAGCGAGAAAGCTCGACGAAAAGGTACTCAGGGAATGGTACATGTACTTTTACCAGTGCACCGAATGCCGCCGCTGCTCCGTTTTCTGCCCCATGGGAATCGACACGGCGGAGATCACCATCATGGTGCGCGAGATCCTGCAGCTTGTCGGGCTGAACAACAACTGGATCCTCGCTCCCGTGTCCAACTGCAACCGCACGGGCAACCATCTCGGCATCGAGCCGCACACCTTCGTGCAGAACATCGAATCCCTCGTGGACGATATCGAAGACGTGACGGGAGTGAAGGTGAATCCGACCTTCAACCGCAAGGGAGCGGAAATCCTGTTCATTACCCCGTCGGGCGACGTCTTCGGCGATCCCGGAGTCTACACCATGATGGGGTATCTGCTGCTGTTCCATCACATCGGCCTCGATTACACCATCAGCACCTATGCCTCCGAGGGCGGCAATTTCGGGTTCTTCACGTCGAACGACATGATGAAGAAGCTCAACGCCAAGATGTACCACGAGGCGAAACGGCTGGGAGTAAAATGGATTCTCGGCGGTGAATGCGGTCATATGTGGCGCGTCGTGCATCAGTACATGGACACCATGAACGGCCCGGCCGATTTTCTCGAGGAACCCGTTTCACCGGTTACCGGTACGAAATTCACGAACGCCAGAGCTACGAAGATGGTGCATATAGCCGAGTTTACGGCCGATCTGATCAAGAACGGCAAGCTCAGGCTCGATCCGAAACGCAACGATCATCTCAGGACCACGTTTCATGATTCCTGCAACGTCGCAAGGGGCATGGGCATGTTCGAGGAGCCGCGCTATATCCTCAACAAGGTATGCAACTCGTTCCACGAGATGCCGGAAAACACCATTCGCGAACAGACCTTCTGCTGCGGTTCCGGCAGCGGCATCAACGCCGAAGAGTACATGGAAATGAGAATGAAGGGCGGCTTTCCGCGGGCCAACGCAGTTCGGCACGTCAGGGAGAAACACAAGGTCGATTCGCTGGTTACGATCTGCGCCATCGACCGCGCGAGCCTTCCGCCGCTCATGCGATACTGGAATCCCGGCGTTTCGGTCTACGGACTGCACGAACTGGTCGGCAACGCGCTGGTCATGGACGGAGAGAAAAAAAGAACGGAGGACCTGAGGGAGGACCCGATGGCCGGATTCGAAGACGGGGAGGAGGATGAAGACTAAACTGCTTTTGACGCTCATCGGCGCGCTCGCCCTCGTGCTCCTTGTCACCGTCACCGCTTTTCGTCCGGACGGCGGGGCCGAACCCGTCCCTCAGGCGAAAGCCGCCCCTGTCGACAGCACGGTCTGCATCGCCTCGAAGGAATACATGAAGGCGCATCACATGCAGGTTCTCGACAAATGGCGGCATGAAGCCGTGCGTGACGGCGACCGTATCCATGTGACGCCGGACGGCAGGCAGTTCGAGAAAAGCCTGAACACCTGCCTGGGGTGTCACAGCAAGAACAGGATGTTCTGTTTCCTCTGCCACCAGTATGCGAATGTCAAGCCTACCTGCTGGAACTGCCATCTGTCGCCGAAGGAGTTATCGCAATGAACCAACAACGCAGAGAATTTCTGAAGAAAGCAGGGCTGGGCGCACTTGCCGGCCTCGGAGCGGCCGCGGGCATCATCCCGACCTTCGCCCTGGAAAAGACGGACCCTTCGGGCTTTCCGTCGAAACCGGTTCCGGGCAAGGTCCGGTGGGGAATGCTCATCGATACCAGGAACTGCCGGGAAGGGTGCGCCGAATGCGTGGCCGCATGCCATTTTACCCACAATGTCCCGGATTTCAGCGGAACGAAGAACGAAATCAAATGGATCTGGAAAAGTCCTTATGAAAAAGCCTTTCCGACATCCAGTCTGCAGTTCCCGAGTCATGATCTCGAAGAGCGGGAAGTGCTCACTCTCTGCAACCACTGCGCGGAACCGCCCTGCACGAAAGCCTGTCCCACCGAAGCGACCTTCAAGCGCTGGGACGGTATCGTTTCCATGGACTACCACCGGTGCATCGGCTGCCGTTTTTGCATGGCCGCCTGCCCCTACGGGTCGCGCAGTTTCAATTGGCAGGACCCGAGGCCGGGCATAGCCGAGTACAGCAAAACCTATCCGACCAGGGAACGAGGCGTGGTCGAAAAATGCAACTTCTGCTCTGAGCGTCTCGTCAAAGGTCAGGAACCGGCCTGCGTCGAGGCCTGTCCCGGCAAGGCCATCACGTTCGGGGATCTCAACGATCCTTCATCGCGTATCCGCGTCCTGCTCGAGGAAAACGAAACCGTGCAGCGCAAGCCGGAACTCGGCACGCTGCCCTCTGTCTTCTATATCATCTAACGGCAAGGTGAAACCATGATCGAGAAAGCGCTGAAAGGCAATCGCTCATACTGGGCATGGGTGGCTCTCCTGCTCGTCTGCATCGGCATCGGTCTCTCCGCCTGGGGACGGCAGATGAGTCTCGGTCTCGGTGTTACCGGCATGGGACGCGACATCAGTTGGGGAGTCTACATCGCCCAGTTCACCTTTCTGGTCGGGGTCGCGGCATCGGCCGTTATGGTGGTGCTTCCCTATTATCTGCACAATCAGAAGGCCTTCTCGAAAATCGTGATCGTCGGAGAATTCCTGGCCGTGTCGGCCACGGTCATGTGCATGCTCTTCATCCTCGCCGACATGGGCAAGCCTCAGCGGGTGCTGAACGTCCTGCGCTATCCGTCGCCGCACTCGATGGTTTTCTGGGACGTCATAGTGCTCAACGGCTACCTGCTGCTCAATCTTGTCAGCGGCTGGGCGGTGCTCGGCGCCGAGCGAAAGGGCGTCGCTCCGCCTTCCTGGACCAAAGCGCTCATCTATCTCTCGATTCCCTGGGCGTTCAGCATTCATACGGTGACCGCGTTTCTCTACGCCGGGAATCCCGGTCGTCACCTCTGGCTCACGGCGGTGCTCGCGCCCCGATTCCTGGCATCGGCATTCGCGGCCGGCACGGCGATCCTGATCCTGATATCCTTCATTCTGAAAAAGACTTCCGGCTTCGACGCAGGCCAGGAGGCGAGAGCGAAGCTCACCGTGCTTGCCGCCTATGCGGGAGTCGCCAACATCTTCCTGCTCGGCACGGAGTTCTTCACCGCTTTCTACAGCAACGTTCCTGCGCACATGCACAGTCTCCAGTACCTCTTTTTCGGCCTCGACGGCAAGGGGCAGTTCGTCCCGTGGATGTGGCTGTCGCTCGTCACCGGCGTGGCATCGGTGCTCGTGCTGCTGGCGCCTCGCCTTCGTTCACGGACAGGATGGCTCGTGGCCGCCTGCACGGGGCTGGTGTTTTCCATCTGGATAGACAAGGGAGCGGGGCTCATCATCGGCGGCTTCATCCCGACGCCTCTCGACGAGATCGTCGTCTACATGCCGACGCTCACCGAACTGTCCGTCACG
NZ_CP022571.1_gap5	78727	81296	2569	TCGCGATGCTTTTCCTCTTTCTGTCGGGCATCGGCATGCTTTCGGCTTTCGCCACGATGACCGCGACGGTGCAGCGCCTGGTAGAGGAGCAATACCGGGGAAGGGTGATGAGTATATACCTCATGGTGCTCCTGGGTTTCATCCCGATCGGCAATTTCCAGGTCGGTTTTCTTTCGGAGCACCTGGGCACGGCGCTCGCCATAAGGATAGGGTGCGTCGTGGTGCTCTGCGCGACCCTGTCGCTCTTTCTGTATCGCGGACGGATAGAGCGAGCCTGGCTTGCGTACAGGCGTACTACCCCGCGACAGTGATACGGCAGTTGCTTTCCTGTTGCCGCTAACCGGTTTTTTGATTTTTCGTTAGCGGCAGGCAGGCGCGCCGGCGCGTTTAGTCAGGGTGAGAAGCTGCTTTCAGGATGCTCCTCGCGGTACCTTCTGATCAACTGGAGGAAGCGGCGGCCGTAGCGCTCCAGTTTCACTTCGCCCACTCCCGGTACCGAGAGCATCGCTTCCGCGGTTACCGGGAAAGAGGAGGCCATGTCACGGAGCGAGCGGTCGGAAAAGACGATATAGGGCGGGACGCCCTGTTCGTCGGCGATTTCTTTTCTCAGCGACCGCAGCAGTTCGAAAAGCTCACGGTCGCAGCTCTCCTCCGCCGTTCCCCTGCCAGCCTTGTCCGGTTTCTTTTCCTGTTCCTGCGCCCGCGCCATGTGTACCGTCGTCTCGCCTTTCAGCACCGCCACGGCCTTGTCCAGCAGGTAGAGCGCCGGGTAGAGCCCCTCGGCTCTGGCGACGATCTTCTGCGCCAGCAGTTCGTCGATGAGCTGTTTCCAGAACTTCTTGCCTTTTTCCCGGCCGACGCCCCATGTTTTCAGGCGATCATGGCCGAAATCGAGGATTTTCCGGTTTCGGCTGCCGGTTACGATATCGACGATATGCATCGCGCCGAACCGTTGCTCGGTGCGCGCTACCGCCGAGAGCAGCATCTGGGCTTCGACCGTGCAATCGATCGTTTCCCTCGTGCCGACGCAGATGTCGCATCCTCCGCAGTTTTCCCGGCGATACGCCTCGCCGAAATGGTCGAGCAGCGTTTTGCGCCGACAGACCGACGTCGAGGCGAGCGCAACGAGCTTCTGCAGTGCGTCGAGGGCTTCCGCCCGTTCGGTTTCATTCTCGATCGTGTCGATGAAGAAGCGGGCCTTCGGGATGTCCGACCGGGAGAAGAACATCGTGCAGCGCGCCGGTTCCCCGTCCCGCCCGGCCCTGCCGGTTTCCTGATAATAGCTTTCGATGCTTTTCGGCAGGTCCGCGTGGATCACGAAGCGGATGTTAGATTTGTCGATGCCCATGCCGAAAGCTATCGTGGCCACGATCACGTCGGCTTCGTCGCGGATGAAGGCTTCCTGGTTTCTGCGGCGGTCATCGTCGTTCAGCCCGGCGTGGTAGGGAAGGGCGCGAAATCCCTTCGATTGCAGCATGGCGGCTGTTTCGTTCACGCTTTTGCGGCTCGTGCGGTAGACGATGCCTGCCCTGCCGGAATTGTCTTTCAGGAGCTGCACGAGCTGATCCGCGAGTTTTTCCTTGAAGCGGATATCGTAGAAAAGGTTGGGGCGGTCGAAGGATGCGCGCACGGTACAGGGCTCGCGAAGGGAGAGTTTACGGAGGATGTCGTCTTGCACTTTCGGTGTCGCGGTCGCCGTGAACGCGGCCACGGGTGAATCGGGAAAGAGTTCGACCAGGGCCGAGAGCGACAGGTAGTCCGGCCGGAAGTCGTGTCCCCATTCGGAAATGCAGTGCGCCTCGTCGACCACCGCCAGTCCTACGTTTATTTGTCCGAGCAACTGGCGGAAGCTGTCGAGCGCGAACCGTTCCGGTGCGACATAGAGGAGGTCGACCGAGCCGGCGAGCAGGTCGCGCCGGACGCTCGCCTGCTCTTCCGGCTTGAGCGAGCTGTTGAGGCAGGCCGCGCGGATGCCGTTCGCCTTCGCGCCGTCCACCTGGTCTTTCATGAGCGCGATCAGCGGACTGACGACCATGCAGGTTCCTGGAAGCAGCATGGAGGGAAGCTGGTAGCAGAGCGATTTGCCTCCTCCGGTAGGCATCACGGCGAACACGTCCCGTCCCTCGAGAATCGCCCGGACGATTCCTTCCTGGTTCGGCCGGAACTCGCTGAAACCGAACACCTTGCCGAGAGTGTCGAGAATCTGCCTGTCGGAAAAGGCGGTTCGCCGGGTTTTGTCAAGGTGGATCGTGTTCGTCATGCGGGGCCGAGGGTTGAAGGTTTTTGTCGCGGGTTTGCTAGGCGATGCGTCACGATGTTCCGGCTCCGCCGGATAAAAAGGTGTTTCGCTGCTTCTGTAACGTAGGGGATTTGAGGCGATTCAGCAATCATTGTCACCACGAGGGAGGGCAAACCGTTCCTGCGCTGAACGATTTGCCGCGGATGCGAGGTTTTTTGAAACACGGGATCAAACGGTGTTTTTCATATCTCAGACTGAAGATGAGCTTCATGGAAGAAAAGCTTTCCCTTCACAAGCGAACGAGTCCTCTCGCCGCGCCTTCGGAGCAGG
NZ_CP022571.1_gap6	82460	86376	3916	TACCGCCATGAAAGAAAGAAGCACGTTCGGCCCTGACGGAGTGAAACTCGTCGGGAAACTCGTCGAAGCCAGGGAGAGTCTCGGGCTGACGCTCGACGATATCAGTGCGAAGACCAGGATACGAAAGGAGTTTCTGCGTTCGATCGAATCGGGCGATTTATCTCTCCTGCCGTCGGTCTATGTTCACGTGTTTTTGAAAAAGTATGCCAGGACCGTCGGCTTCAGGGACTGGGGGCTGGTCGAGCGCTGCAGAAAGGAGTTCGGCATTCCAAGCCCCTCTACCCTTGCAGGGAACGCGGGTGACGCGGTGAGGGACGAAGAGCTTCAGGACGTCGCCGACGACGAGCTTGGCGGGAACGTCGTGACGAAGGATAGCCGGGAAGATATCGGTGAAGAAGCGGTCAGGCCTTTGCGGATGGAGCATCTGCTTGACCGGCGCCTCGTTTCATTGGCAGTTGTCGTCGTCGTCGGCATCGCGATGGTTTTCGCATTGACGGCCCTCGTCCGTTCATTTTCCGGACCCTTTTCCGGAACGGCATCGTTCTCCGGCGGTTCGCGTGAGCCCGCAGCCTCGACGCTCTGGACGGTCGTTGATTCTCCCGGAGGAACGCCGGTCGTCGGGCAGGCTGCAAAAAAGTTTCGGGGAGCGCCCGGAGCCGGGGTGCCGGCTGCTTCGAAAGCGGTATCCGAAAAAGACGCAGCCGTTTCGGTTCCTGATAGCGAAGCAGAACATACCGAGCCTGATCGCGGGGGATTTGTCCTGCGCTCGGCGTTTAGTAAGGGGTTCGACGAAAAGGCGCGCGAGCCTGTCGGCCAGCTTTCAGGACCGGTGCAAGAGGCGGGTAAGGTGTATTATTTCAGTGAGGTTCTGAGCCAGCAAGGGAAGCGGCTCTACCATCTCTGGGAATACGAGGGGCGCCTGATAAAGAAGATTTCAGTCGGCAGGGCAGGAAGTTCGAGATGGAGGGTATGGTCCGAAAAGACGCTCCCTTCCGGAATGACCGGTACCTGGACGGTCAAGGTCGTTACCGGGGACGGGGCCCTGCTGCATTCCGAAAGTATCGAGTATAACGGTAGATGACGCCTGAACGCCGGAACGGAGAAACGGTTTCGACGGTTGGGTTGAAACGAACACGCCTCAAACGGGAAAAACAACTTGCTGGGACTTATAGCCACAGGATTTCTGGCGTCCGCGCTGGCGCCCGTTCTCTATAGACGATACAGGGAAAACTTCGGCTGGATCGCCGTTACGTTTCCCCTGTACATGTTTTTCAGCTTTCTTTCCCGTTATCCCAGGGTCGCGGCCGGGGAGCAGATTCGGGAGACGCTGCCCTGGGTTCCTTCTCTCGGGGTGAACTTCTCCTTTTTGCTCGACGGGCTGAGTCTGACCTTCGCGCTCATCGTCACGCTTGTCGGGGCGGCGGTCTTTCTCTTCGCCGGAGCCTACATGAAAGGGTATGAACATGCCGGGAGATTTTTTCTCTCTATCGGCTTCTTCATGACATCGATGCTCGGCCTCGTGCTTTCGGACAACATGCTTTTGCTGTTTGTCTTCTGGGAACTGACGAGCGTCAGTTCGTTTCTGCTCATCGGCTTCAATCATCACAAGGAATCCTCCCGAAAATCGGCCTTGCAGGCCCTGCTTGTGACCGGCGGCGGCGGGCTCGCGATGCTGGCGGGCATTCTGTTGCTCGGAAACGTGACCGGTACGTACGAGATTTCGTCGTTCTACGACATGAACAGCCTGATCACAAGCCATGCGTTCTATCCGGCGATCGTCGTGCTGCTGTTGCTCGGAGCGTTCACCAAATCTGCTCAGTTTCCGTTTCATTTCTGGCTGCCGAACGCCATGGAAGCGCCGACGCCGGTCAGCGCCTACCTGCATTCTGCGACCATGGTAAAGGCCGGAATTTACCTGATAGCGAGACTGAATCATGAAATCGGCGGCACGCCGCTCTGGCAGGACACCGTCCTGGTGACGGGAGCGGTGACCATGCTCTTCACCGCGGCGCTCGCCTTCCGGCAGAACGACCTGAAAAAACTGCTTGCCTATTCGACCCTTGCTGTACTCGGCACGCTCGTGATGCTGCTCGGTATCGGTTCGAAGCTTGCGATCAAGGCGTTCTTCATCTATCTCATAGCGCACTCTCTCTACAAAGGGGCGTTATTTCTCGTTGCCGGGACGCTCGACCACGAGGCCGGCACGCGCGATGTGAGGATGCTTGGCGGGCTGAGGAAGCAGATGCCGGTCACTGCCGCTACCGCCGCGCTCGCGTCGTTTTCCATGATGGGTGTGATTCCTCTTGTAGGATTCATCGGCAAGGAAACCGTCTACAAATCCGTCCTCGAACTCGAATCCTGGGGGGTGCCGCTTATCAGCGTGGCTGTCGTTGCGAACGCTTTTGTCGTCATGGTAACGCTGTTTGCCGGTTTCAGGCCGTTCTGGGGGAAGCGGGTCACAACGCCTAAACACCCGCACGAGGCGCCGTTGAAGATGCTTATCGGGCCGGGCGTGCTGGCGCTGCTTGGCCTGCTGTTCGGCCTTTTTCCGAATGTATTCATCGCTTCCATGCTCGAGCAGTCGGCTCGAAGCATTCTTTCCGAAACGCTGAGCCTGAAAATCGAGTTGTGGCAAGGGTTCAATCTGGTGCTTCTGCTCAGTTTCCTTACCCTTCTGCTCGGCCTTTTCCTGTATTTCCTCCGATTTCGAACGGAAGAGCGGTTCGCCGGTTTCGCGCTTCCGGGTTTCGTGAAGCCTTCGACATGGTACGAAACCTCTCTCAGGGGACTGCTGGCCTTTTCGCGGATACAGACAACCGTCATCCAGAACGGTTATCTCCGCAACTACATCATCGTGATCATTGTGACCGCAATGTCGATGGCTTTCTACGCACTCTTCCGTGCGGCGGACCGGGCTATAATCGTTCCGGACCTGTCGATTACTTTTTATGAGGCAGCGCTGGGGTTCATCATCGTGGTATCGACCTTCTTGCTGATGGTTTCCCGTTCGAGACTCAAATCGATCGTGGCTCTCGGCGTGCTCGGTTTTTCGATCGGGATTATTTTCGTCATATACGGAGCTCCCGACGTGGCGCTGACGACGTTCGCCATCGAGACGCTCAACGTCATTCTTTTTGTGCTTGTGCTCTACCGGTTGCCGCGCTTTCTGAAGCTTTCCCGTTCACCCAACAGGGCGAGAGACGCGCTGATTGCCTTGAGCGTCGGCGCTTTCATGACCATGATGGTGCTTTATGCCACATCGTTCGAACTGTCGTCGGAACTCAAGGAGTTTTTTGCCTCGGCAAGTCTTTCCGAAGGCAAAGGCCGGAACGTGGTCAATGTGATACTGGTTGATTTCCGGGCAATCGACACTCTTGGAGAAATTACCGTGCTGGCCATCGCGGCGATGGGGGTTGTCGCGCTTCTGAAACTCAAATCAGGCAAGGGGGCGTGATCATGTATTCCGTTATTCTCGCTACGGCGTCCCGCTATCTTTTACTGCTTCTCCTGATCTTCTCAGTGTTTCTGCTGCTGCGAGGACACAACGAGCCCGGCGGCGGATTCGTCGGAGGGCTCGTGGCGGCCGCGGCATACGCGCTGTATTTCATTGCCAACGGCATCGAGGAAGCAAGGCGTATCGTTCGCTTCGATCCTTTGCTGATCGTTGCTTCCGGCCTGCTCTGCGCCGCCTCGAGCACGTTGCCTTCCCTGATTGCGGGCAAGCCGTTCATGGAGGCGGTCTGGATCGATACGGGGCTGTCGTTTGTAGGAAAGGTCGGAACCCCCCTGCTCTTCGATCTGGGCGTCTACGGACTCGTGCTGGGCATAACGCTCGCCATCATCTTTTCGCTGGCCGAGGAGGACACAATGCCATGACCGTTCTGCTTGCGTTGCTTGTCGGTGTGCTGTATGCGGG
NZ_CP022571.1_gap7	87449	89217	1768	GGGGGTTTACGCGATCATGCGGTTCTTCACCACGATTTTCACTCTGGAAGAGACGCCGTTCATCCACCAGATCCTGCTCTGGGCGTCCGCTTTGACGATGGTGACCGGAGTGCTCGGCGCCATCGCGCAATACGATGTGCGCAAACTGCTCTCCTTTCATATCGTCAGCCAGATCGGCTACATGATCTTTGCTGTGGCAATCCAGTCACCCCTGGCTATAGCAGCGGGACTTTTCTACATCGTTCACAACATCGTCGCAAAAACGAACCTTTTCTATATCAGCGGTATCATCGGGCGTCTGGCGGGCTCATGGAATCTCCGGGAGATTGGAGGCCTGTATGCAGCCTATCCCCTGTTCAGCCTGCTGTTCCTCGTGCCTGCGCTCGGTCTGGCGGGAATACCTCCGCTGTCGGGATTCTGGGCGAAGCTGCTGGTGATCAGGGCAGGAGTCGAAACCGGACAGTTTCTGATTTCCGGCCTCGCCCTGATGGTGGGGATGCTGACGCTCTTCTCGATGATCAAAATCTGGAACGAAGCCTTCTGGAAGGACGATCCTCGCGGTAACGGCCATGTCGGCGAGGCATATTATGCCTTGGGCTATGCGAAAAAAGTGATGATGATTCTCCCTGTCGTTCTTCTGGGGCTGGTCACGGTTCTTTCCGGCCTCTGGTTCGAGCCGGTTTTCACCCTCATGGAACGAGCCTCGTCTGATCTCCTGAGCCCTGAAGCGTATATCCGCGCTGTTACGGGAGGCGGTGCATGAACCTGCTTCTCGTCAATATACTGCTGGCCGTGGCATGGATGATGCTTTCAGGCGAGGTGACCGCCGGAACGTTCACCTCCGGCCTTGTCATCGGTTATGTACTGCTATGGCTTTCGCGGGCGGCGTGGGGCGATAGCCGTTATTTTTCGAAAATTCCCCAGGTAGCCCTGTTTTTGCTGTATTTTCTGAAGGAACTCGTGATCGCGAACTTGAAGGTGGCTTTCGACATTGTCACCCCTAAGGATTACATGGAGCCGGGTATCATTGCCGTGCCGCTCGATGTGAAGAGCGATATCGAGATTACGCTGTTCGCCAATCTTGTGACGTTGACCCCGGGGACGCTGAGTCTCGACGTGTCACCCGACCGGCGCACGCTCTATGTTCACGCACTCTATGTCGAGGATCCCGCCAGGTTCCGTTATGAACTCAAGAACGGACTTGAAAAAAGATTGATCGAGGTGATGAGATGAGTTTCATGGAATTTGCGGTCCAGGCGTCGGTGATCTTTATCGGCCTGTCGATCCTGGCAATCTTTTTGCGGTTGGTCATCGGCCCGTCGATCGAGGACCGTATCGTGGCTCTGGACCTGCTTTCGGCCAACGCGATTGCGTTCATCGCCGTCTATTCGATCCAGAAAAACACCACGACGTTTCTCGACGTCGGTATTATCGTCGCTCTTTTGGCCTTTCTGGGAACGGTGGCCTTCGCTTTTTATCTGGGAAGGAGGAAAAAAACATGATGGAAGTTCTGAGCGGGGTTCTGCTTCTGCTGGGGACCCTTTTTATCCTGCTTTCGGCTATCGGCATCCTGAAAATGCCCGATCTCTACACCCGTATGTCCGCCACCACCAAGGCTTCGACTCTCGGTATCGGACTGGTGCTTGTCGGAACCATCGTATACTGGCAGGATTTCGGCATCGCTTCGCGCGCGCTGGCCATTATCGTTTTTCTTTTTCTTACTGCCCCCGTCGCGGCGCACATCATCGGCCGAGCGGCCTATTTCGGC
NZ_CP022571.1_gap8	229851	234634	4783	GCGATACAGGCGAACGAGGAGGCGTAATCGAAAGTCCATCGTGCCTGGATGATCGAATAGCCCAGTCCCGTACCGGTTCCGACGATCATTTCAGCCGCTACAAGCACCCGCCATCCCGTTCCCAGGCCAATGCGCAGACCGCTGAGTATCGACGGCAGCGCGCCGGGTATCAGCACACGGGAAAAAATGACCCGTTCGTTAGCTCCGAGCATTCTTGCGGCGCGCAGCAGGGTGATATCGACGTTCTTTATCCCCGACAGGACGTTGACCGCCACTGGTGCGAAAGCCGAAACGGCGATCATGAAGACGGTGGCCCATTCTCCTATTCCGAAAAGCAGGATCGCCACGGGGATCCATGCCAGACCAGGGATGAGGAGGAGGAGGTGCGGGATCTGCACTGTAACCGCCTCGATGGTCGGATACCTTCCCGCGACGACGCCCCACGATATGCCGAGCAGGGCAGCTATCGTGAATCCGGCAATCCATCTTCGGAGGCTTTCAGTTACGTGCAGGAAAATGGAATGGCCTGAAAGCGTTTCCCCCGACAGCAGTTCCAGCAATCGCTGGAATGTTTCGAGCGGAGTCGGGAAAGCGACACCGCGAACAAGGCCGGCGGTCAGCGAAGTAAGCTGCCAGAGCCCCGCTATGAGGAACAACGAGACGGCGAGGGTAATGCCGTTTCGGCGACCGGCTTTGTTCAGAAAACGGGGCATTCCTTTCCGATGCATTCCTTGTTCAGCTTTTTCTGCGAGCACTCGATGACATGTGTCGCCCTGAGCGGGATGTCGAACAGTCCTTTCGAGAGTTTTGCGCTCTCTGCAAGAGCTATCCAGCAGTCGCGCTGGCAGCATCTGACGGCTTCGAGACGGGCGATGCGGCTGAGAATCGTCGCCGTGACCTGTTGTGCGGACTTGCGTTCCCGCGGTTTGAGGGGATTTGCCCTGAGCATGATGCTGAAGGCGATGCCGGCTCCGGCCGCCGCCCCGCAGATTCCCATAAACCCGCAGGAACCTCCGGTTATGGTTTTTCCCCGGTTGATGCCGCTTTCGATGTTCATGTCGATCAGGTCGCCGCCGAGATTGCGCCAGGTTGAAAGGATGATGCCGGGAACCATGGCGTGGTATTCCGGCCCGTGGACCTTGACGGCGGGATGTGAGCGGATGCGCTCGAAGAGTTTGAGCATGTCCGTTTCGCGGGTGGTCAGACAGAGATGGCGGATGACTTCGACCGCATCGTCGGCGTGGCAATCGTCGCAGACATAGTGGCCGTCCTGGCAGATGGTCTGCGTCGTATACGTTCTGCCGCAGTAATTGCAGGATCTTTTCGATTCCCGTTCTTCACAGACGAGCGGCGCGCCGCAAACCATGCATCCAGAGGCATGGTTTGCATTTTTCTGCCGCGGAGGCGCTTCTGTTTGCGCCGGTTTTTCTTCCGGCGCAACTGCGCACGAACAGCAGTTTTCCGCTTCGATATTGATGACGTAACCCTGGTTGTCGAGCAGGAAGAGCATGTCGCCGAGTTCCTCAGCCTCACGCCGTCCGAGGGTGGCCGCTTTTCCCCTGAAGAGCAGCGTGCCGCTGTCGGTGAGCATCCAGGGCAGCGGACCACGATACATTCCGGTCACGATTTCCGAGGCTTTCGGTTTGCATGCCCTCGTGGTGAGCGAGAAAAACCGGTGACCGTTTACGGTCCTGTAGGGAAACCGCTTGACGAGCTGTATGTTCTCGAAGCCTGTTTCCTCGAGCAGCGAGAGCAGGTGGGTTTCCGTCAGTGCCCCTGCGATGCATTCTCCCCTGAGCGATTCGTCATTGCGGATCGACGCATCGGGCTCCGTTTCGCAGACGACGTCTGAAATGACCATTCTGCCGCCTGGTTTGAGTACGCGCAGGATTTCTCCGTAGGCTTTTCTCTTGTCGAGAGAGAGGTTCATGACGCAGTTGGAGATGACGACATCGGCGGACCCGTCCCCGATAGGCAAGGCTTCGAGCAGACCCTTTCTGAAGGTCACGTTGCCGTAACCAAGCGACGCCCTGACGCCGGGCCTGGCTTTTTCTGCAAGCGACAGCATCTGATCGAGCATGTCGATGCCGGTTACGGAGCCGTTCCTGCCGGTCAGGCGGGCGGCGATGAAGCATTCCACGCCGCTGCCGCATCCGAGGTCGACGACGTGCTCTCCTTCACCGATAGCCGCGTCCATGACAGGACTGCCGCAGCCATAACCCCTGAACCTGAAGGCTTCGGGAATGTGGTCGATCAGCGCGGGATCGTATCCGACTGGATTGAGTATCTCTTCCTTGCGGTCTCCTGCCGCGGAACTGTAGAATTCTCTGATCGAGGCGAGGCTTTCCTTCGTGGCCGCCGCAAGCAGGCAGTTCGAATGCGTGAGGGCGACCTTGCCGCGCGCGCCGCAGCTTTCGAGTATCTCCCCCATCCGCAGGCGGAGAGCCGGCTTCAGGTTTTGCCGTGCGTCAGGCGGAGCTGAACGGGCGATGAGCCAGAGGGCGATCGCTTCATGGAGCGGCAGGTAGGGGTCGGATCCAGAAAAAGACCTGTCGTGGCTGTAGCTGTGATCGAGGTCTCCTCCACCAAGGATGTAACGCATGGCTGAGCGGGTATCGACAATCGAAGCGTTCCTGATGCGTTCGAGCACCGGACTTTCTTTCCATGCGGCCACGAGTCCCCGCTCGATCGGTGTGGCGAGTTCCTCGTTGCCCACAAGAGCGGGAGTAGGATAGAGCTTCCCGTCGTCGCCCACGGCCAGTGATTCCCAGCCGGCGTTGCTGCCGTCGTGGATCGTGCCGGGAGGAGCGAACACCTGTGTCCTGAGCGATTCGAGGTTGTCGATGTGGACGCCGAGACGCGCTGCTTTTTCCGCTGCTCTGCGCAGGCATTCGAAGAGTTCGTCCGGCTGAGCGAACCGCTCCCTCTCGCCTCGTCCCCGGATGAAGTACCACATGAAATGGACGTTTGAAACCTCGTTTGCCGAGGCATAGTCGACGACGCGTTCCATTTCGGTCATGTTGTCGCGCGTGACGCACATTGAAAGCGTGCAGGGGACGCCGGCCGAACGAATGCTCCGCAGGTTTGCCGTAAGCCGTCCGAACGCGCCTTTTCCCCGTATCGCATCGTGTTCTGCGCCGATGCCGTCGATGCTGATCTGCAAATGCAGCCTGTCGAGTTCCAGGGAAAAGTCCCGTATGAGTTTTTCCGCCAGAAGTCCGTTGGTCAGGAGTGCGACATGCGAACCCTCGAGATCGAGCAGCCCGCGTAGGATTGCATTGATGTCGGGGTGAACGAGCGGCTCTCCTCCCGTGAGAGCGAACAGGCGACAGCCCGTTAGCCAGGCTTCGCCGGCGAGACGCAGAACGGTCTCCGCATCCAGTGCGCCGGTTGCCGATGGTTCTGAAGAGAACAGGCAGTGGGCGCAACGCATGTTGCACCGGTTGGTAAGGTGGAACCAGAGTTCGCGGATGTTTTCGAGATCGAGCGATGAACGTCTTCCCTCGTAAGCCGAAGCGTTGTTTTCCGGAAGGCGCGAGAGAAAGGCGAGGCGTTCGGCACTGCCGTTCTGTCCGGCTTCCGCCGCGAGCTGCCTGAGAATCCTGTCGCCAGCTGCGTTCGGCACGAACCAGTTGGCGGTGGAACGGCTGACATAGACGGGCGTGTTTCCGGAAACCAGGCGGTTCCAGTCAGAAATGTGGTAATCCATTGCTTCCGGAAGGGTTGATGGGATTGGCGTTCTGAAACTATCAACGAGATGATCCGGTAAAAGGTTTCACGGATGCAGCGTCAGCGAGGTGCCGAAAACGTTGGTTACGGACCACCCGCGGTCTTTTTCATTCGACTTGTAGAGGTAGTAGAGCGAGGTGTTCAGGTTCTTGAAAACAGCGAGGTCGAGACCGATAGACAGACGGTTTTCCGTGAACGTCGCTGCCGTCAGGTCATAGAACAGTTCATTGGAAACATAGGGCGAGGCCGTTCCTGAGACGACGGCGAGCTTGAGCAAGTTGCGGCTGACCCAGTTTTCGTTTCCTTCCCTGGTTCGCAATTCGGTTCGTTCACGAAACGTCAGGGAAAGAGAATCGAACGTGTTTTTCCAGATCATGAAAGGAGCAAAACGGTTTTCTTCAAGCCACTGTCCGCCGGACTTTTTTTCATGATGACGGATTTCGAATCCGAAGAAAAGATTGTTTGCCGCCTTGTAGCTGGTTCCAGTAAAAACCGTCCGGATGCCGTGCTTCGAGATGTCGTCGACGAATTTCTGGTCGGTACCGAAATGCAGGCGCCAGTTTTCGTTGATGGAGTGGCTGAGGGTCAGTGTGTTCCACAAGTGGATGTCATCGCCCGCCAGGGAAGTGTTCAGCAGGGAGAAGCACTGCAACGTCATGAACAGTGCGAGAGCTTGTATGCCGCGGATCATGGTACTATGCAATCGTGATGATTTTTCGTGCCACGTTTTATGAAAAACGAAAGATGCTTGCAAGGGATCGAGCGGCGCCGGAATAGAAGAAGCCGTCTCGCAAAAGCATTACGAGACGGCTTCGCCCCGACCAGGTTGTTTACCGGAAGGTGCGCGACCGTCTACAGTTTCTTGCCGCCTGGAAGGATTGATGAGGCAAGGTTGGCGATGGTCCCGAATACGTTCTGTACGGCCGAAAGCACAGTATTTCCCGCGGAACCGACGATCTCGGCTCCCTGCCATCCTATTTCTGCAACGGTTCTGATGCCGGATGTGGCTGCGTCTCCTGCTGTCTTTACGAGTGAATTCAGCGTTTGCGCAATC
NZ_CP022571.1_gap9	397949	402484	4535	CCTTGGCAACTATGGTTTCGATGCGGCTTTTGGAGGGGCGAGAAGGGACGAGGAAAAATCGAGAGCCAAGGAGCGCATTTTTTCCTTCAGGGACGGATTTCATCAGTGGGACCCGAAAAACCAGCGTCCCGAACTTTGGCACACCTACAACGCCAGGGTACGCAAGGGCGAATCCATACGGGTGTTTCCCCTGTCGAACTGGACAGAACTGGATATCTGGGAATATATCCGCAAGGAACGGATTCCCATCGTTCCGCTGTATTACGCGAAGGAGCGGCGCGTCGTGGCTATGGGTGGCAATCTCATTCTTGTCGACGATGAACGCATGCCTGAGGAACTCCGGAAAAAGGCGGAGATGAAAATGGTCAGGTTCAGGACCCTCGGCTGCTATCCCCTGACCGGCGCGGTCGAGTCCGATGCTGCGACCATAGAGGATATAGTGCTTGAAATGATGGCCACGACGAAATCCGAACGCACGACGAGGGTCATTGACTACGATCAGGAGGCGTCGATGGAGCAGAAAAAGAGAGAGGGGTATTTTTAATCGCGAATATCGCATTGTCAACCGAAAATCGGAAAACCTGTCGATGTCTGCTTTTGCTTACGGGAACACTATCAACGAGTTTCTCGCTCATGACCAGCAGAAGGATCTCCTGCGTTTCCTTACCGCGGGGTCGGTCGATGACGGAAAATCGACCCTGATCGGTCGCTTGCTGTTCGACTCGAAAAAAATTTACGAGGACCAGCTTGCAGCACTCGAGCGTGATAACCTCAGGGAGGGACACGCCGGGGACGATATGGATTACGCTTTGCTGCTCGACGGTCTCAAGGCGGAGCGGGAGCAGGGAATCACCATCGATGTGGCCTACAGGTATTTTTCCACGAACAGACGGAAATTCATCATCGCCGACACTCCCGGGCACGAGCAGTATACGCGCAACATGGTTACGGGGGCTTCCACTGCGGATCTTGTCATCATTCTCGTCGACGCCCGTCAGGGCATCGTTACGCAGACGAAGCGGCATACCTTCATCGCCGCTCTTCTCGGGATAAAGCATGTCGTGCTTGCCGTCAACAAGATGGATCTCGTTGATTACAGCCAGAGGACTTTCGAGGTGATTTGTACCGCATACAAGGATTTCGTGACCCGTCTGGGTATTCCCGACGTTCATTGCATCCCGCTGTCAGCGCTCAGGGGAGACAATGTCGTGACGCCTTCGGAGCACACGGCGTGGTACGACGGAAGGCCGCTGCTGCATTTTCTGGAGACGGTGCACGTGGCGGGAGACCGTAACTTCATCGATTTTCGTTATCCCGTGCAGTATGTCATCAGGCCGTCACACGGTTACAGGGGTTACGCGGCCCGCGTTGCTTCCGGGATCGTCAGGAAAGGGGACGAACTTCTTGTTTTGCCTTCACGGAAAAAGTCGGTGGTGGCCTCGATCACCACGTGGGACGGGGAGCTCGAGGAGGCTTTCCCGCCGCAATCGGTAACCCTGACGCTGAAAGATGATATCGATATTTCAAGAGGCGACCTGCTCGTCAAACCGGGCAATGTGCCGAAAGTCGGGCGACATTTCGAGGCGATGCTTGTCTGGCTCGCCGAAGAGCCCATGACGGCTTCCGGCCAGTATCTTATCAAGCATACGACGAATACATCCAGGGCGAGGATAGACGAGATCCGTTACCGGATCGACGTCAATACGCTCCAGCGGTCGGGATCCGAGGTTTTCGGGCTCAACGATATCGGTCGTGCAGTGCTGACGGTGAACAAACCCCTGTTTTTCGATTCCTACGCGAAAAACAGGGAAACAGGCGCATTCATTCTCATCGATTCGGTCGGGTTCAATACCGTCGCGGCGGGCATGATCATCGACAGGGTGGGCGAAGACGAGCTCCCCTCGAAAATTAGCGGCGGGCAATCCCTGTCGCAGGCCGTAGCCCGAAGTCTTGTTCCTCTTCGCGAAAGAGAGAAGAGAATGGGGCAGAAGAGCGCGACGGTCTGGATAATGGGACTGCACGGCTCCGCGAAGAACGATGTTGCCAGCCGTCTCGATAAGGCGCTTTTCGACAAAGGAGCGACCACGGTGCTTTTTGACGGAGGGACGGTTCGTTCGGGGCTGTCGAGCGAACTCGACTATTCTCCAACTGACCGTGCGGAGCATTTGCGGCGTGTGGCTCATCTTTGCCGGATGCTCAATGATCAGGGGTTCATAACCATATGTTCCTTCATCTCGCCGGACGCCAATATCCGCAGGCAGGTGGCCGAAATTGTTGGTGTCGAGCGTTTTCATCTCGTTTACGTCGATGCGAGTCAGCAACTCTGCCGCAAGCTTGAGCCGGAACTCTATGAGCAGGTGGAAAGAGGGGCTGCCCGGCATCTGCCCGGCGTGGATCTACCCTTCGAGCCGCCGCAACGGCCCGATGTCAGGCTTTGTCAGCAAACCGGTTTCGTGGATATTTCGAAAATCCTCGATTACCTGGCCGCCGGGGGGGTATTTCCGCTTGACTGACCGGACGGAACATGACGGCCGGCCGGGTGTTTTTCGAACCGTATTCGGAGAGCCTGCGCAAATGAAAATGCTTGTTGTCGAACCGAAGGCTACCGGCCATCACATGGTTGCCTATACCCGGTTTATCGTCAGGGAGGCTGTTGCGCGGGGCTGGTCCGTCGATCTGCTTACCACGAAAGGTACGGTCAAACACGAAGCATTCGGGTTTGTTCGCAGTGAACTTCCGGATGACGCGGGAATCTTCCATATGGATACTGTAGACAAACCCGGAACGGCGGTAGCCCTCGCGCTCATGCGCTCGCAGAATGCCTGTTACGACGCCGTGGCGAGAGGGTTCAGGGCCTTGTTGGGAAAAACGGTTCCGGACTTCGTGTACGTGGTGAACCTCGATCATTTCGACAAGATTCTCGCCTTGCGGGGCTCCCCGTTCGGCGATGTTCCGTTCGGCGGTATGATGATGAGCGTCAAGTTCCATCGTTATACCATGCGACTGGGCCCGAAAAGCAGAAACGACGCTTTTTACGGTTGGCTGTTCAGGCGAATGCTGGCGATTTCCGGACTGAAATTCTGCGCGGTGATAGACGAGCCCTTTTTCGATTTTGCCAGAGCTGAAAACAGGCCGGTATACCGCAAGCTTTCCTTCGTTCCGGACGTGGGTGAGTTACACGGAGAATTGACCCGGAACGAAGCCCGCCGGTCGCTCGGCATAGCCGACGGTCGTTTTGTCGTGCTGGTTTTCGGCTCGCTTATGAAGCGGAAAGGGATCCGGGAGCTTTTCGAAGCCGTCCGGCGCATTCCCGAAACGTTCGATATCCTGATTCATATGGCGGGACGCCAGAACGAAAATATCCGGGCCCTGATGAAGACGCCGCTTGCGGAAGGATTGCTTCTCGATGGTCGCCTGATGGTTTCCAGCGGTTTTCAGGATGAAAGGCAGGAGTACATCGCTTTTCGTTCGGCCGATGCTGCCTGGGTCGGTTACGTTCAGGGATTTAGCGGTTCGAGCGGCGTCCTGATCCAGGCCGCCTCGATCGGTGTTCCTGTGATCGCATCTTCCAATGGGCTCGTGGGCTGGATGACCGGCAAGTACGGGCTCGGTACGGTTGTCGACCCCTCTGACGCGGCCAGCGCGGCGCGCGCGATAGAACGGCTCGCGGACGATCCCGCCATGCGGGACAGGTTCGGTTTCAATGGTATCCGTTTTGCCCGAAGCCACACATCCCGGGATTTCGGAGCGGGAGTCTGCAATGCCATAGCCGCTTCAGCCGGAGAAGGAATCGCATGAGAAGATCCCGCACAATAGATTTCGGCGATATCGTGGGCGCGGCCGTTCTCGTGCTTGTCGTGGTGGGCTATCCGCTTATAGCACCGTTCTCCGCGTGGTTCGATATTCCGAACAGAACGCTATCCGTTCCTTTCAGGGGGCTCGTGGCAATTCTGTCGCTCGCCCTGATTCTCCGGCGGGCGGTAATCACGCGTCACTGGACGGTCAACTACTTCTGGTTTTTGTGGTGGTTGTTCTGGGGTTTTTATGTCCTGAGGATTTTTTTTGACGCATGGTTTTACCCGGAGGTGCTGAGACTTCCCCTCGGGGAATATCTTCTCTACGCGGTCGGGGTGACATTCGTTCCGGCAACGGCCCTCTCTTTCGGGATCAGTCCCCAACATCTGCGTCCGCTGCTGCGGTGGCTGTTTTACGTCGCCTTTGCCGCCGCTTTCCTTAACCTTTCACAGCTTGTGCTCGACAGTCCGCAGAAAGGGTTGTCCGCCCTTTTTGCCGGAAGGAAATATACCGACACAATGAACCCTATCTGGCTGGGGCATCTCGGGGTTACTCTCATGATTCTGGGGGTATGCGCGTTTTTCTCTCTGCGGTCGACCGCGTATGAACGCCCCGTTTTCGCGGCCGCTGTCGTTTTCGGAGGTCTCATGCTGATCATGAGCGCCTCGAAAGGACCGCTGCTGAGTTTTCTGGTGATACTCCCTCTTTTTATCCTGCTCGCACTGCGCGGCATGGACAGG
NZ_CP022571.1_gap10	439724	442061	2337	AGGGCATTATCAAGCTCGGTGCGGTTACGGAAAGCCACGATACCGAGACCTCTGAATACGGGCACTGCCGCATCGATCACCTGGATCCCGTGGATATCCGGGCGGCTGCGAGTGGTCTCGAGGGCCGTCAGATGCAGCAGCCCCCGATGCATTCCGCCGTCTGGCATAAGGGAAGGCGCCTGTACGAGCTTGCGAGGAAGGGCCAGGAAGTCAAGGAACGCAAGGCCCGCGAGATAGAGGTGAGGGATTTCGAGATAACTTCCGTGGAGCTTCCTTACGTGTATTTCCGGGTGACCGTTTCCAAGGGAGCCTATATACGGGTACTGGCCCACGACCTGGGCGCGCGGCTCGACGTGGGAGCTTATCTGCACACGTTGAGACGAACGTTCATCGGTGGTTTCAGCGTGTCCGATGCCTTCACCGTCGCCGGAACCATCGACGCCATCGTCCGGGACGCGAAAGCTTGCGGAAAACCTGAAAGCCGTCATTTTCCTTCACCGTAACAGGGTGAAAGAACTTTTTAACTGTACAGCAACGGTCGAGGCCGTTTTTTAGCCGGCGGATGTCCGGCGGGAAAGAAAGTCAGCAACGGGTTATGCGTGTCGTTTTGTATCGGAATGGCCGGGTCGCGGATTATCACACCGGGGAAGAAGTTCGCTTCGAAGCCGTTCCTTCTGTCGTTACCGTCGGCTCGTACGACGGGGTTCATGCCGGTCATCGTCGCATTATCGGCAAGCTCGTCGATACGGCCGCTGCGCGCGGATTGCGCAGCGTCGTCGTGACGTTCGAGCCGCATCCTCGTCAGGTCCTTGCTTCTGAGTCGCAAGACCCGCCCCGATTGCTGACCCTGCTCGAGGAAAAAGCCATGTTGATAGAGTCTTTGGGGGTCGAATGGCTTTTTGTGGTGAATTTCGACAGTGCGTTCGCCTCGCAGAGTTCCGAATCCTTCATCGATTCGGTTCTGACCGGCCTTATTGGGGCGCAACGTATCGTCATCGGTTATGATCACGGTTTCGGGCGCAACAGGAAGGGCGGTGCAAGAACACTGCGCAGAATGGCTTCGAAAAAAGGATTTTCCGTCGACGTTGTCGACGAAGTCCGGCTCCAGGCGGAGCATTTTTCAAGCACAAGGATTCGCACTTTTCTTCTGGACGGACGTATCAGGGAGGCGAACCTTTTTCTCGGTGCGCCCTACATGATTTCCGGCGAGGTCGTGCATGGCGCTAAACGCGGACGCGCCATGGGGTTTCCAACGGTCAATCTTCGCATTGGGAGTCAGGACAAGCTGCTGCCGAAATACGGTGTCTATGTCGCGTCCACCTTCGTCGGAGGCAAGGAGTACAGGGCAATGATGAATATCGGCACCAGACCCACGGTCTCCGCCAGGGATTGTCCCGCCGTGGAAGCCCACATACTCGATCTCGACGGCGAGCTATACGGCATGACGCTGACGTTTTACCTCCTGGACCGGTTGCGTGACGAGATCCGGTTTCGTTCAATCGATGATTTACGGCTGCAGTTGCAGAAAGATGAAAAAGAGGTGAAGCAATTTCATAAATAATAGTATATTCAGGACCTTGTGATTATAACCATTAAATGACAGTTCATGAGTCTGACAAAGGAAACCAAATCAGATATTATCAAGCAGTTCGGTGGCAGTGAGCAGAATACCGGACAGGCTGAGGTTCAGATTGCCATTTTCAGCAGACGTATCAGGGAGCTTACCGAGCATTTGAGGGCGCATCCGAAAGACAATCATACACGCCATGGCCTGCTCAAGCTTGTCGGAAAGAGAAAAAAGCTTCTCGCGTATCTTAACAAGACCGATATCGAACGGTATCGCAAGGTTCTTGCCGATCTCGACCTCCGAAAATAAGAGGCTTTTCGGCAATATACACGCATCTCCAGGTATCCTGCAGGGTCTTGCCCTGCGGGCGTTCCTGTTTATATGAAATCTAACCTTTCGGAACTATGTTGGAAAGCATGACCGGCTACGGCAATGCGGAATGCGTGAAAGGCGGAGTTCGTGTCGTGGCCGAGATTCGTTCGGTGAATAACCGTTTCGCCGAAATCAGCGTCAAGCTTCCCCGCCAGTTCTCGCCATATGAACTCGACGCCAGGGACCTGATCAGGTCCTGTTTTCAGAGAGGCAAGATTTCGGCCTATATACAGGTTCAGCTCGACGACGAGCAGCAGATGCCTTTTTCAGTGAACGCCGAAAAAACAAGGGCGTGCAAGGCGATGCTCGAGAGCGTCAGGCAGGAAGCGGGCATAGAGGCTCCCGTGTCGCTGGATCACCTGCTGCGGTTTTCGGAAATATTCGATTCCGGCAGCAAG
NZ_CP022571.1_gap11	446980	448244	1264	TCATTTTCATAATTTGATCTCTCGTTTTGTTTGGAAATACCGTTTGGCTGACGAGCGTTTTACGGTATTTCAAAGGTAATAATTCCATGCTTAAAAACTATGGGCATGAGGCTCGATCCGATGCCGGAGGCGTCCCCGGTGTGTCTTTCGGCCTGGAGATGACCTTATGCCAGTTGGTAGGACGTCGAATCGCAGCCAAACTTGCATTGCTTGTGGAATACGCATACCGTCAGACAATCGCGGACGCATCAGGCAGGGCGGCCGAACAAGTGGCCGGGCTGCTGTTCGACGAGATGTTTCAGTTCGAGTTCAAAAAGAGATACAAGCAGGACAGGGGGCGATATGCCGGTTTTTTCCGCAATAAGGTCTATGTGCAGCGGTTCGTCTTCGAGACAGTCGAGTATGCGCTGCTCTTCCGGCGTGGCGCTTCCGGCAAGGCTTGCTGCTGTTGCGGCCTCGCATGCCGGGCAGTTCGAGCGCCCGGGCAGGATGTCCTCCAGGATGTCCCGTGCAGACGAGGCGAGCTTTGCATGGCTTTTTCCGATAAGGGCGTTGGTGCCTTTCGACGGGCGGGAAAAGACGCTGCCGGGCACCGCGAAAACCTCCCTGTTCTGTTCGAGGGCGCAGGCCGCGGTAATCAGGGATCCGCCACGGCTGTCGGATTCCACGACGAGCGTTCCAAGCGAAAGCCCTGAAATAAGCCGGTTTCTTTTGGGGAATTTTTCTGGAGTTATTTCGCTTCCAAGCCATTCTTCCGAGATCAGTGCGCCGTTTTCGACGATTCGCGGCCAGAGATTTCCAGCTGGATCGGTATAGGGATTGTCGACTCCGCCCGCAAGCACGGCGATTGTTTTGCCTCCGTTTTCGAGAGCGGAGGTATGAGCGGCGGTATCGATGCCGCGCGCGAGACCGCTGACGATGGTGACGCCGTTCGATACCAGTTCCCGGCAGAACAGATCGGTGGCTTTTCTGCCGTATTGCGATGCTCCGCGCGTGCCCACTATCGAAAGACAGGGGGCGTCTGCCGCCCGGATGTCTCCCCGTACGAACAGGAGCGGCGGCGGATCGTGGATTTCACGAAGGAGCGGCGGGTAGGATGGGTCGTCGAGCGTTACCAGTTCGGTATTATGACGTTCGAGAAGCGACAACTGGTTCTCCGCTTCTTTTCTGGCCAGGGCTGCATGGGCGGAGTTGTGCAGGAATGCCGAGATGTTGCGGGCGAGCACCCGGCCGATACCCGGTAACGGTCCGAAATCAGCTTCGC
NZ_CP022571.1_gap12	511335	512457	1122	CTATCTCAGGACGGCCGAACAAAACAGTATCCATTATCATTACGCGGACAGGGTCTTTGCGGCCTGCGCCAAGGCGGGGATAGAGGTGATTCCGCTCAAGGGCATCGATCTCGCCCGGCGGGTTTACGAAACCATCGCGCTTCGCGAAATGAGCGATATCGACATACTCGTCAGAAGAGGCGATCTGGGAAGGATGGACAGTATTCTCGTCGATCACGGTTTCCGTCCTCTGCAGGCGTTCGGCGGTCCGCTGCTCGAGGAAGGCCATCATCTGCGTTACAGGCATGCCGACGCCGGAGCGATTATCGAGGTGCACTGGAACCTCATGGACCCTGCCGACAGGATCGTCGTAGACATCGATGCGCTTTGGGAGCGCGCCGGTACGGTTGACGGTTCGGCGGGCAGGCGGCGTGAACTCTCTTTCGAGGACCTGCTCCTGTATCTGGCGGTGCATCTTGCAAACCATACCTTCAGTCTGGGGCTCCGCGGGCTGTATGATATGGCGGCGGTCATACATGTTTTCGGCGACACGATCGACTGGTCGCGGCTTTTGAAAACCGCTTTTCGGTGGAATGCGACGAGGGCGCTTCAGGTAAACCTCAGACTACTCGAAGAACTGCTGCATGTGCCGTTGCCCGGCGGCGTTTTCGAAAAATTCGGCGATGCCGGCTTCGAAGAAAGCTATTACGAGGTTTGCAGGGAGCTTGTTTTCGCTTCTTATGAACCGAACAACCCCGTTTTCTCTCTCCGGTTCCAGCGTGAAGGAGGAAAGAAAGCCGGTTTCATACTCGAAAGCCTGTTGCCTGCGCCCCGCGCCATTGCGCTGAAATATCCTGACGCCAGACACGCTCTCGATATACTGCTTCGTTATCCTCTTTATTACGGAGAGCGGATCAAGAAATACTCGGGGGCGTTATGGAGACTGGCTCGGAGAGACCGTGAGGCTCTTGCCGCCGTCGATAGGCAGGAAAGCGTTCTGAAGGTAAAGCGATGGCTGCTCTCAGGTTGAGCCTGGCCGCGCTATCCGAGTGTTTTTTTTACGTAGCGCATGTTTTTTTATATTTACACAGGCATACTCAAAAATTATCGTTGCCTGAAAGCAGTAGCAGTTTTTATCAACCA
NZ_CP022571.1_gap13	528238	531309	3071	ACGAGAGCGTTATCTGGCAATACTGCGTCGTTCTTCCCGGCGCGCGGATAGGGAAAAACTGCAATATCAACTGCCATGTGTTGATCGAGAACGACGTGATCATAGGAGATAATGTGACTATCAAGCCCGGTGTTCAGTTGTGGGATGGCATGAGAATCGGCGACAATGTGTTTATCGGACCGAACGTGACTTTCATCAACGACAACACGCCGCGTTCGAAATATCACGATTTCGAAATCCGCGCCTCCCATATCATGTCCGGGGCGAGCATCGGCGCCAATGCGACGATCCTTGGAGGCCTGACGGTCGGTGAGTATGCCATGGTGGGCGCTGGCAGCGTACTGACGCACGACGCGCCGTCTTTTTCGCTTTGGAAGGGTAATCCGGCAAGGCAGTGCGGCTTTGTTACGAGGGACGCCATGGTCCTGAACATGAGGTTGATGGATAAAAACGGAGCCGCCTACCAGCTTGTCGACGGCGAACCTGTTTTACAAGGATAGGCCGGTCAGGATTGAAGCCGAAAGACCATGTTCGATGCCAAAACGTTTTGATTCCATGATAAAATTTCTCGATCTGCGGGAGATCAACCGGCGCCATGCCGACGAGCTGAAGAGCGTCGCGGCTGATGTTGTCGATTCCGGGTGGTACGTAAGGGGGGGCGTTGCGAGCGCTTCGAAGCCGCCCTTGCGCAATACATCGGTGTCCGGCATGCGATAGGGGTGGGTAACGGGATGGACGCCCTGCGCTTGATTCTGCTGGCGTACATGGAACTTGGTTTCATGCGCCAAGGAGACGAGGTGATCGTTCCGGCGAATACGTTTATCGCTTCGATTCTTTCCATACGGCATTGCGGCCTGACTCCCGTGCTCGTTGAACCGGATATCGATACCTGCAATATCGATATCGGCTGCCTGGAGCGTCATATCACCTGCAGAACCAGGGCGATCATGGTGGTGCATCTGTACGGCAGGGTTTGCTGGTCCGACGAACTCGAACGGATAGCCGAACGGCACGGGTTGAAAATCATCGAGGACAACGCCCAGGCTATCGGTGCGAAATGGGGGGGGAAGCGGACGGGAGCCCTCGGTGACGCCGCCGGATTCAGCTTTTATCCCGGAAAAAATCTCGGAGCGCTGGGGGACGGCGGCGCTGTCACCACCAACGATCATGCGCTCGCCGATGTCGTCAGGGCGCTGGGGAATTACGGTTCGCGCGAGAAATATGTTCATGAATACGCCGGATATAACAGCCGTCTCGACGAGATGCAGGCGGCGTTTCTCGAAATCAAGCTTCGCTATCTCGATGCGGAGAACAGGCGGAGAAGGGAGATCGCGGAATATTACTGCCGGCACATCGTGAATCCGGCGATCGTCCTGCCGGCAACAAACGGGAGCGAAACCGTTGCTGGAGATGAACGCAACGTCTGGCATCTGTTCGTGGTGAGGACGAAAAGGCGCGATGCCCTGAAGAATTACCTGAAGGAATGCGGGGTCGAGACGCTTATTCACTACCCTGTTCCTCCGCAGGACCAGGGTGCGCTGAAGGATTTAGGCTATAGTGGGTCGGCGGTTTCTGACGCGATCCATGAACAGGTCCTGAGTCTGCCGATGAGCCCGGTGCTCACCGATAGCGAGGTTTCGAAGGTAGCCCGGACAGTTTCACGCTACAACGCTTTTTCTTGAAAAGGTATGCTGGTTCAGGGAATGGTTTCGATCGTCATGCCCGTTTACAACGGGTCGAAATATCTCGACCAGTCCATCGCCTCCGTTTTGCGGCAGGATTACGGCGATTTCGAGCTTGTCTGTGTCGACGACGGCTCTACTGATCGGAGTCTCGAGGTGTTACGGGAATACGAGTCACGGGATCGACGGATAAAAGTCTATACGAAACCCAACGGCGGCTCTGTTTCCAGAGTGCTGAATTTCGTGCTGCCCAGGCTCGAAGGGCAGTATTTCTACTATATGTCCCAGGACGACATGCTTTCCGTTGACCTTCTGGGAACGATGGTCGCGCGATCGCTCGAAACTGGCGCCGATGCGGTCGTTCCCGGCATGATCTATCGTTACGAGGATAGAACAGATGAATCCGGGGCTCCCGAGCTCAGCATGGATCGGAATGAGGTGATTTCCGGCAGGGAGGCGGTAAGACTGAGTATCGACGGGGCTATTCACGGTTTTATCCTGTGGCGCATGACCCTTGTCAGGACGCACGGGTTCGAAGAGTTTGCGATGAATGCAGATGAGTACTCGGTTCGGGTTTTTCTGTTCTCCTGCAGGAAGGTGGCGTTCTCCGGAGGCTGCTTTTACTACCATCAGCACGAGGGTTCCATCACAAGGAAGCTGTCGGCGAGGATTTTCGACATACCCTATACCGATTACCGGTTGTACGACTTCGTGCGGAATCACGATTTCGATGCCGATTATGTTGGATCAGTTCTGGAGGGAGCGATCATTCGTTTGATGAATTACCAGATCAAGTATGTCAGGAACCGGTCGGCCCTCGGTGAGAAAGAGAAGCGGGAGATCGTCTCCCGTTTGCGTAAGGCGTACGGGAGCCATGTGAAAAACAGGATCGTCAGAAGGTTCGCTTCCCGTTACAGGGCTACGGGGAACCTCAAGTATCCGCTGTTCATGATCTGCTTCGCAGTGGACGATTACCGGTACTTTTCGTTTTTCATGGATCTGCTTGCGCGTCTTCTGCGCATGAGAAAAATCGAGGTTCTTGCTTAGTTATACGTTGTACGGCCAATCGTCAATATCGATGCACATTGTCTGAAAAATCGCATAAGCATATACTCAAAACCACCGGGATAATCGGCGGCAGCCAGGTGATCACCATCGCTGTCGGGATTCTCAGAACCAAGTTCGTCGCCATATTGCTGGGACCCGCGGGTTTCGGCCTGGTGGGTCTCTTCCAGTCCATCATCGAGCTTATCCGTTCCATTACCTCTTTCGGTATCGACTTCAGCGCGGTCCGCGACATCGCCGAATCCACGGCTGAAAAAGACAGGGAAAAGATTACCCGCACCTATGCCGTCGTCTATCGGTTGACGTTGATAACTGGGGTCCTCG
NZ_CP022571.1_gap14	543810	545913	2103	GCAACATCTTTTTCGACGGCGAGCTGGTGACGGGCATCGAGGAAAAACCGGATATCGTGATGTATATCCTGGCGGGCATCTATGTGATGAAACCGGAAATATTCCGCTTTTTTCCCGAAAACGAGTTTTTCGGGATGGATATGCTGATCAAGCGGATGCTCGCCGAAAAGGAGCGGGTTTCTAAGTACGAACTGACCGATTACTGGCTCGACATCGGTCGTATCGACGACTACTATACGGCGCAGAAGGAGTATAACCAGCATTTTAACGCAGGCGAGCAAGCTTCGGGATCTGAACGTTGAAAAAGAGAATAGGTGTCGTCGGGGCGGGAATCCTGGGACTGGCCGTCGCTTCTAAAATCGCGCGGGCCTATCCGGATTCGGATATCGTGGTGTTCGAGAAGGAGTCTGCTCCGGGAAAGCATCAGAGCACCCATAACAGCGGTGTTCTGCATTGCGGCCTTCCGTACGCGCCGGGTTCCCTCAAGGCCAGGCTTGCTGTCGAGGGGATACGCGAAATGGTCGCTTTCTGCAGACGCAACGGCATCGATCACGAGTTGTGCGGCAAGGTCGTCGTCGCGAACGGCGAAAGGGAGGACAGTCTTCTTGCCGATCTGGCGAAACGGGGAAAGGCCAACGGTCTGTCGGGGCTTTCGTTCCTCGATTCCGTCAAACTTGGTCGGCGGGAGCCTCATGTGCGGGCTTCCACCGCCCTGCTGGTGCCTGAAGAAGGGATCGTGGACTACTCCGGCGTCATCGAAGCCCTTGCAAAGGAGATACTCGATCTCGGGGGAGTCATTCACTGCGATGCTCCTGTCCGGAGCGTATCGGCCGGCAACGGATGGGAGTGCGTCGTCAGGGCTGGAGAGCGCGAGTTCGTGCTCGACATGCTGGTCAATTGCGCAGGTCTCCATGCCGACCGGGTGTATCGGGCATGCTGCGGCAAACCCCGTCCGTTGCGCATCGTGCCCTTCAGAGGGGAGTATCTTTCGCTGAAGCCGGAAGCGGAGGCTCTCGTGCGCCACCTTGTCTACCCTGTTCCCGATCCGGCATTTCCTTTTCTCGGGGTGCATTTTACCCGCATGATCGGCGGCGGGCGGGAAGTCGGTCCCAACGCCGTGCTTGCTTTCAAACGTGAGGGGTATTCGCGGAGGGATATTTCCCTTGTCGATACCGTCGATATTTTTGCCGGCAAGGGTTTCAGGAGATTTCTTGCAGGCAACTTCAGTTTCGCCGCCGGGGAGTTTTCCAGCTCTCTGTTCACGGCCCCGTTTCTCGCCAGGGCCAGAAAGCTTATTCCGGACATCTCTTCCGGCGACCTTGTGAAAGGCGCTGCCGGTGTGCGGGCGCAGGCCATCGACGACGACGGCCTGCTCGCCCTGGATTTTCGTATCGTCAGGGAAGGCGCGCAGGTGCATGTGCTCAACGCGCCTTCTCCCGCGGCAACGGCCTCGCTGGCCATCGCGGGATACCTGGTTGAAAATTTTTTATATTAAAATTCGTTAAAAATACGTTATATGAAGCAGGCTGTACTTGTCAGCGGCGGAGCCGGTTACATCGGTTCCATTTTGGTCCGGCTCCTCCTCGTGAAAGGGTATCGCGTCAAGGTCATCGACAATCTTTCTTTCGGGGGAGAGCCGATCATAGACCTGCTCAACGACGACGATTTTTCTTTCGTGAAAGGCGACGTGCGTAACGAGGATGACGTGCGCGGAGCGCTTTCGGGCGTCGACCATGTCGTCCATCTGGCGGCAATCGTCGGCGATCCGGCCTGCGCGAAACAGCCCGAGCTTGCCAGGGCGGTTAACCTCGAAGGCAGCAAGCTGTTTTACCGTCTCGCCGACGAGTGCGGAGCGAAGCGTTTCGTGTTTGCCTCGACATGCAGCAATTACGGAAAGATGGAGGACCCCGATTCGTATGTCACCGAGGAATCCACGCTCGCGCCGGTTTCGCTCTATGCCGAAACCAAGGTGGAAGTCGAAAACTATTTGTTGCAACAGCCGCGTGAGAGGACATGCAAGCCGACCTCTCTTCGCTTTTCGACCGTTTACGGTCTCTCCCCGCGTCCCCGTTTCGATCTCACGGTGAACGAGTTTACCAAGGA
NZ_CP022571.1_gap15	616738	617583	845	GAGCTGCTGACGCTGCTTCACGGCCAGATCTGCGGCGAAGAGCAGCGCCCAGTTGTGCCGGATTCTCTGGTCACGCGACATCCAGTAGACGACAGGGCCGCAGGACGGCAGGGTTTGCCTTATGATTCGCGATCGTTCGGGATGGATCATGCAGGTGTGGGGATTTGCGAACGGGTTCGCGTGTTTAAGAAAAGCAGTGACACCCTGTCTTTTCAGATAAGCTTGGCTATCCGCAAAAAGTTTTTCAGCAGGGTCTTGCCTGTGGTTTCGTAAGCACGGGCGATATTCCGGTAGTCGTCGATCAGCTTTTCCCGGTCCATCGAGCGCAAATCACTGTCTATGGAAAGCCATGCGAGAAACATCGGTTCGGTGAGCTCGAAATGCGACTGGATGCCGTAGGCGCGGCCCGCCGTTTTTATGACCTGGTTCCTGCAGTAGGCTCCTTCGGCCAGAAGACGGGTTCCAGCGGCGGGAATTGCGGTTTCTCCGTGAAGCTGGAATACCCTGAGGCTGTCGTCGAGATCGTCGAAAAGCGGATCTCGCCGGCCTTCCGGCGTCAGTTCAAGGGTGAAGGGAGCTTCGTCGGGAGCGAAGAAGCCGGTTTCCTTCGTTTCACAGGTCCGGATCGTTCCGCCGGCTGCTTTCGCCAGCACCTGCATTCCCAGGCATACCCCAAGATATGGAATGTCCTCGTCGAGAACGACGCGTGTTTTTTCGAGCTCATCCAGCATGATCCCGGTGCGATCGTTGGCGCTCCAGGGTCCGCCGAGCGTGACGACGGCTGAAAAGTTTCTCGGGTCGGGGTAGGGTTCTCCGTTCGAAAGGTCGACGGTGTGAACGGTGAT
NZ_CP022571.1_gap16	645951	650928	4977	CTGCTCGAGCAGCTTCAGGACTATTTCCGCTATATCCTCATCGACGAGTACCAGGACACCAACCGCGTACAGTATCTCGTCGCAAGGGCGCTTGCATCGAAAAACAGCAACATTTTCGTCGTCGGCGACGACGCGCAGTCGATTTATTCCTGGCGCGGCGCGGACATCACCAACATTCTCAATTTTCAGGACGACTACCCGAACGCCTCGGTCTTCAAGCTGGTGGAGAACTACCGGAGCACGCAGACGATCCTGCAGGCGGCCAACGGTATCATCAGAAGAAACCGCCGCCAGATAGAGAAAGAACTCGTTTCGAAACAGAGCGTGGGTGAACCCCTGACACTGCTGGAGGCTTGCAACGAAAAGCAGGAGGGGGAGAAGGCCGTTGAGCACATTCGGAACCTGAAGCTGACAAAGGGACTGGATTACAGGGATTTTGCGGTTTTCTACAGGACGAACGCCCAGTCGAGGGTGCTCGAGGATATCATGCGCATGCACAGGATTCCCTACCGGATTTTCGGCAGCGTCTCCTTCTACAAGCGCAAGGAGATAAAGGACGCCATCGCCTATCTCCGCTTCATCCTCAACGAGCACGATACCGAGTCGCTGTTGCGCATCATCAATTTCCCGCCACGCAAGATCGGCGAGGTGAGTATCGAAAAACTGCGAACCCACGCGGCCGAAAACGATCTTTCTCTCTACGGCGCTATCGCCGGAGCGGGTGAGGCCGATTTCCCGGGGCGCCTGAAGAACGCCTTGCTCGCCTTCAGCAAGGTTATCGAGGATCTCAAGCGCATCGCCGCCGACGGGTCAGTCTACGATGTGCTGTCCGCGCTCTACGAATCGACGGGACTGACCTCCCTTCTGCAGGCGGAAAACACTCCCGAATCCCTGGCGAGGCATGAAAATCTGCAGGAACTGCTCTCGATGGCGAGGGATTTTTCGGATCACAACCGCAACGCGAACAGTCTCAACGATTTTCTTAACGATATCTCGCTCGCGACCGATTACGACGAAATCGAGGAATCGGACAACTATGTCTCGCTGATGACGGTGCATGCAGCCAAAGGCCTCGAGTTTCCGGTTGTGTTCATCACCGGTCTCGAGGAACGTCTTTTTCCGCTCAACTTCTACGAGGCCGAGGAGCTGGAGGAAGAGCGCCGCCTGTTCTACGTCGCGGTAACGAGGGCGCAGCGGAAGGTGTTTCTTTCATGGGCCAGAAGCCGGTATCATTACGGCCAGCCGCAACGCTGCATGCGGTCGATGTTCGTCGATGAAATCGACGGCGGTCTCCTCGTCACCGAGGGCGGCGGCGAACCAGGCGAGGGCGGCGGAGCCCAGGTTTTGGCCCGTTCACGCGCGCGCGACGGCGGCCACGAAGCCGTTCCCGCAGCGTTTTCCCGTTCGCGGAAATCCTCGGCCCGTCCGGAAACGTCCGATGGGCTGCGCGCGGGAACGAGGGTGCACCACGGTATGTTCGGGCCGGGCATCGTGCTTTCGGTTCAGGGCAGCGGCGAACGTCAGAAGGCGGTCATAAACTTCAGGAGAGCGGGAGAAAAAACCCTGATGGTTCAGTATGCGAACCTGACGGTGGAGTCGTAACGGCGAGGAAAAACCGGGAGCAACATCTCAAATCAGGCGTAATTCAGCAGCATGAAAATCCTTTTCGGCGTTCAGGGTACAGGCAACGGCCACATAAGCCGCAGCAGGGAACTTGTCACGGCACTGCGCGAGGAAGGCCATGAGGTAGAGGTCGTCATCAGCGGCCGAAAGGAGGAGGAACTCAGGGAGATCGAGATGTTCGCCCCCTACAGGGTGCTCAAGGGTTTGACGCTCGTCACCTACAAGGGCAGAATGAACTACATCGAGACGATGTTCCAGCTCGATCTTGCGAGACTGATGTCGGATGTGCTGACGCTCGACGTGAGCGGCGTGGACCTGATCATCACCGATTTTGAGCCGGTGACCGCCACGGCGGCCCGCCTGAAGAACATTCCCTCGATGGGTTTCGGTCATCAGTACGCGTTCTGTTACAAGGTGCCGATGGCCAGGGGAAGTATTTTCGAACGATACACCCTGCTGAATTTCGCGCCTGCCCGCTACAACGCGGGCCTTCACTGGCATCATTTCAACGAACCGGTGTTTCCTCCGGTCATACCCGAGAGCCTCTACGAGGCGCGGCTTGTTGGCGCTGAAGCGAAAAAGGTGCTCGTCTACCTGCCGTTCGAGGAGGTCGAAGATGTCCGGAGCCTTCTGGAACCCTTCGATTCCCACGAGTTTTACGTCTACGGCAAGATCAGTGAAGACAGCGACGACGGTCATCTCCATTACCGTGGCTATTCGAGGGAAGGGTTTCTGCGGGATCTGCGGGAATCCAGCGGCGTGGTCTGCAACGCGGGTTTCGAGCTGCCCGGAGAGGCGCTGCATCTCGGCAAGAAACTGCTGCTCAGGCCTCTCGACGGTCAGATCGAGCAGGAGTCGAATGCGCTGGCCATCGAGGAACTCGCCTACGGCATGACCATGCACCGTCTCGACGGGGACGTGCTGAGGAGCTGGCTGGCAAAGCCCGGCAGCGAACCCCTGCATTTCAGCAGGACCGTGCGGTATGTCGCCGAAATGATAACGAACGGCGGTTGGGACGATCTGACGCGCTACGTCGAGGCGGCATGGGCCGACTGCGGGAAACCTGAATGACCCTCTATGAGATTCGTGAAACGTGCCATACGAAAAGGCCGTTGCGGGTGTTTCGACGAAGGCTTTCCGGCACCAGCCGCACGAGGGACAGACAGGTGGAACTTGTCCGGAGAGCGTCGCCGTGCTGAGGGTTGACGATGTTCTGCGGGCTTACCACCACGGTTATTTTCCCATGTCCGATCCTGCGGACGGAAAGGTATACTGGTGTCAGCCCTATCGCAGGGCTATCGTGCCGCTGGAAAGCTACACGCCTACGAGAGTCGTGCGGCGCCTGATCGAACGCAGGGAGTTCGAGGTGTGTATAGACCGCGATTTCGAGGCGGTTATCCGCTATTGCGCCGCGCCCAGAAAGCAGGAAAAGGAAACCTGGATTTCCGGAGAGATCATCGAGGCATATACCGAGCTGCATCGTCACGGTCACGCGCACAGCGTCGAATGCTATCGAGACGGTGAGCTGGCGGGAGGGCTCTACGGTCTTTCGATAGGGTCGGCTTTTTTCGGTGAATCCATGTTCCATCTCCAGCCGAACGCCTCGAAAGTTGCTTTCGACAGGCTGGTCGTCCGCCTGCTCGAGAGGAAGTACGAACTGCTCGACGCGCAGATTATCAATTCCCATCTCCGGCTTCTCGGCGCGATAGAGATCGAGCATGAGGAATACATGGCGCTGCTCTACAGTGCGTTGAGCAAAAAGACCCGTTTTATCTGACGCTGGAAAATGGTACTTTTATTGCTTTGAAGCCGCCGCGCCGCGTATGTCGTTCCGGTGTCGTCAGCCATGGCCCCGCATCGGGCGGCCTGTTCAATCAGAATTACGCTAACTCTCTGTGATATCCGGAAATACAGATTTCTTTCCGGACGTTCATCCAGGAAAAGGAGAACCATTCTATGCTTTCGAGGGATCTTGAAGAAGGAAAGTCGCAACCAAGGGTAATCATCTATTCGGGCAAGGGCGGCACGGGCAAGACCACGATTTCCTCGTCCACCGCGGTGGCGCTTGCACGGCAGAACAAGAAAGTGCTGATCATGTCCTCCGATCCCGCGCACTCGTTGTCGGATGTGTTCAATACTCCGATCAGCAGGAACGAACCCCAGAAAATAGAAGAGAATCTCTACGGACTGGAGGTCGATACGATCCACGAACTGAAAAAGAACATGTCCGGGTTCCAGAAGTTCGTTTCCTCGTCCTATCAGAACCAGGGAATCGACAGCGGCATGGCGTCCGAGCTGACCACGCAGCCTGGACTCGACGAGATTTTCGCTCTCAGCAGGCTGGTCGACGAAGCGGAGTCCGGAAAATGGGACGCGGTCGTGCTGGATACCTCTCCGACAGGCAACACCCTCCGCCTGCTGGCCTATCCGGAGATAATCATCGGGGGCAACATGGGCAAGCAGTTTTTCAAGCTCTATAAAAGCATGTCCTCGCTCGCCCGTCCCATGGGCAAGAACATTCCCGACGAGGATTTCTTCAACGAGATCAACGTACTGCTCAAGCAGATGGAGGATATCAACAAGTTCATCCTCAATCCGTCGGTGACATTCCGCCTCGTGCTCAATCCCGAGAAGCTCTCCATTCTCGAGACGAAGCGAGCCTACACCTTCGTGCATCTTTACGGGATCAATGTCGACGGCATCGTGATCAACAAGATTCTTCCTACTTCGAAGACCGTCGGAGAGTATTTCGAGTTCTGGGCCGACCTGCACAGCAAGTACCTGATGGAAATCGACAACTCCTTCTATCCGACACCCGTCTTCCGCTGTCAGCTCCAGAGGACCGAACCGATCGGTCCCGACGCGCTGCACGATGTCAGCAAGCTGGTTTTCGGCGAGCAGTCTCCCGCCAAGGTCTTTTATTCGGGAAAGAATTTCTGGATAGAAAGCAGGAACAAGTCGCAGGCCGACGAGCATCGCGAGATTCTCTGCATCCGCATCCCGTTCCTCAAGGAGGCAGAGGAGGTCGAAGTCAAACGCATGGGAACCGATATCGTCGTGACCGTGGACAGGGCGCAGCGCATCATCACGCTTCCCAGGGCGCTCTACAGCCTCGAGATGGAGCGGTTCGTCGCAGAGGACGATACCCTTAAACTCGTCTTCCGGGAGGTCCCGGTCGAAAAGGAGGAGATGGAGCTGAACGTCAACAAAAATGTGCTCAACAAGCTTCGCACGCTGAGGAAAATGAAGTTTTAAATTGAGGTTTCGTTGTGGATTTGGCTCTATTGTTTGTATCTTCTCTCTTTAAAATGTTAATTTGGCAGGGATTTTTCTCCCCGGACAAGTAGTAAGATA
NZ_CP022571.1_gap17	693788	698709	4921	CACGGATCCAGTCGTTGAAGTTTGCGCCACCGCCGGACATCGACTGCTGGAATCCTTCCCAGGTGTCGATGAGATCGTTGTTTTCCAGAGGCACCTTCATGAGAATATCATGGAACTGACGGCCCTGCTGGTAAATGGGATTCGGAACGTTTCGGCGGACCGCATCCGAACGATAATAGTACATGTTGACCACGGAACCTTCGAAGGAGAAGGAGTGGGAGAAATCACCTACTGAAAGTTTGCCTTCGCCGACAGCGATTCTTCTGTCCTTGGTCTCGTTGGCAATATCGACCTCGACTTCAAGCGTGTTCTTGGTGCTGTCGACGATCGACTCGATCTTCGAGGTGAAGCGGACAACGCCTTTCTGGGCGTCAAGCGGCTTCGCATCGATTTTGATGTTGCAGTCGGCCGGCAGCAACGGGAGGGCTGCAGGAGCATTGACCTTTGCCCGACCTTTTACTTGTCCCCAGGAGCTCGAACCACCCTCGAGAATAACCTCGTAATCAGCATGGGCGGTTGTCGTGTCTTTGGTGCCGAATAGAGCCATAATGAATCTCCTTTTTCTGGTGGCGTTGTGAAATTTTCAGCAGGAAATTTTTTGCTTTTCATTCCTGTTAAATAACAGCTTGAAACAAATTTAAAGAATAAAAATAAATAATTAAAGTAAAATATGCCTCTTTGAGCCCCGTCGTTTCCGCTCTTCAGGCAAGTTTTTTTCGTGGCAGGTTTGTTTTGGCTTTTTACTATTTTTCGTGCGGTTTACGTCGAACATCCTATCCTGAAGTACATGGTACGTGTTCCCGATGGCCGATCGGGTCTCCGCGGCATTGTTCCCTTTCTCGTTTCGGGGGTTCTCCTGGGGATTTCTTTTCCGACCTATCCCTTCGTCCGGCTTGAAATCCTGGCCTGGATAGCGCTGGTTCCCCTGCTGCTCGCATCCCGCCGCGAAGAAGCTTTTTCCGGCTATGCCGCGCGTGTCTACCTGACGATGCTTGTCTTCGGTTCCGTCAGCGTCTGGTGGATATCCCTTGCCACGCTTGCCGGGGGGATTCTGGCTATCCTTGCCAACGCGTTTTTCATGACGCTTCCCCTGCTTGTTTTTTTTGTGCTCCGCAGGAGGCGGGGGTACCGGTTCGCGCTTTACTCCCTGCCGTTTCTCTGGGTTTTCTGGGAATGGCTGTATATGAGTCAGGACCTTTCCTTCGGATGGCTCGTGCTCGGTAATTCCCAGGCTCTGCTCAACCCGATGATCCAGTATGCCGACATCGCCGGCGTCTGGGGCGTGAGCTTCTGGGTGCTCTGGTTCAACGTGCTTGCGGCGGACGGTTGGGACCGTTACGAAAACGGCAGGGCGGTGCTGCCCAATGCGGTTCTTGTCGCCGTGATGCTTGCCGTTCCGCCTGGCTACGCCTGGTGGATTTTCGGCGTCCAGGAAGTCCAGGAAGATCTTTCTCCCGTAAAGGTGGCCATCGTTCAGCCCAATATTGACCCCCTGAAGAAATGGAAACTCTACGACGGCGACGACATCATGACGATGTATTACGCAATGACCGACGCCCTGGTTTTTCGTTCGAGGCCTGACCTCGTGCTCTGGCCGGAAACAGCTATTCCGTTCTATATCAGGGAAGCGGAAAATAGTGAGTATTACAGGGGACTGGAAAACCGGGTGCGGCAGTGGGACGCCGCGCTGCTGAGCGGTTGCGCCGACATTGTCTGGTACAGCGGCGAAGAAGTCGCCGGAGAGGAGTTTCTCTATCGGTACGACAGGGCGAGCGGAAGGTATTACCAGACCTTCAACGCATCCATGCTGATCGACGGCGGTCGGCAGGATCCGCAGATGTACAGAAAGATGAAGCTGGTGCCTTTTGCCGAGCGCGTGCCCTACATGGAATACGCGCCCTGGCTGGGTAATCTCACGTTTTCCCTCGCCGGGATAAGCAGTTGGGGAAAGGGCGGCGACATGACGATAATGGAGTTCCCCACCGCTCGGGGCGATACGGTCAGGACCTCCAACGTGATCTGTTACGAATCGATTTTTCCGGGGCTTGTCGCGGATTTCGTCGCCAGGGGCTCCGAATTCCTGACGCTGGTCACCAACGACGGCTGGTACGCGAAATCGTACGGCCCCTACCAGCATGCGGCTATCGCGCGTTTTCGTTGCATCGAGAACCGCCGAGCCATGGCGAGATGCGCAAATACCGGGATTTCCATGTTTCTCGACAGGTTCGGCAGGGTTTACGCCGAGATTCCCTGGTGGGAGAAACGTTCGCTCGTCGCCGACATCGAGCGCAGCAGGGAGTTGACATTCTACACCCGCTTTCCGGATCTACTGCCCAGGGTCGCAGGGGCAATCTCCCTCTTCATCGTTCTTCTTGCGGCTTTTTCGCGGAAGCGTCGTCGTCGAGCCCGTAACTTCTGATTTTCCGGTAAAGCGTTCTTTCGTTTATGCCCAGCGCTTTCGACGTTCTGCGGCGATTGCCCGCGAAAGCCTCGAGCGCCTCGGAGATCGCTTTTTTTTCCAGCTCGGCGATCGTCAGGATTTCCTTTTTTATTTCGGGCCTGTTTTCCGGTTTTTTTTCGCTGGATGAAGGCGGGAGCAGCAGGGGCTGGTGTCTCGGCGCTTTTTCGGTGTCAGGCCGTTGCCGCAGAAACAGTTGTTTTATTTCGGTGATTTCCTGATGCAGCCTTATGAGGCTGCTGTAGATGAGGTTCAGTTCGTTTTTCTCCGATTTTTCAGGATCGTGGACGAGACTTTTGTGACGGCTTCTCTGCACGAGGTGACGGTCGAGAATTTCAGGGGTCACCTGCCTGCCGCGTTCGAGAATGAGCAGCGATTCGAGAAGGTTCCTGAGTTCGCGCACGTTTCCCGGCCAGTTGTAGCGCAGCAGCATTTCCGCCGCTTCGTTGGTGAATCCTTCGAACGAGATTCCGTGTTTCTGCTCGAAGCCGCGGATGAACTGCTGCGCCAGAAGCAGGATATCCCTTCCCCTTTCCCTGAGCGGAGGCAGGTGCAGTTCAACGCTGTGCAGGCGGTAGTAGAGATCCTCCCTGAAATTTTTTTCGGCCACGGCCTGGCGGAGGTTCCTGTTCGTGGCCGCGATGATTCTCGCGTCGGAGCGGACGGTCTCCGAGGAGCCTACCCGCTGAAATTCGCCTGATTCGATGACGCGAAGAACCTTTACCTGCGTTTCGAGGGGCATGTCTCCGATCTCGTCGAGGAAAATAGTGCCCCGGTCGGCTGTTTCGAAATAGCCTTTTCTGCTCTGCACGGCTCCGGTGAAGGCTCCCTTTTCATGCCCGAACAGTTCCGATTCAAGAATTCCTGTCGGAATGGCGGCGCAGTTGACTGGCACGAAGTTCTCCCGTGAACGGCGGCTGTTGTCGTGAATGAATCGGGCGAGCACTTCCTTTCCCGAGCCGGTTTCGCCGGTGATCAGCACGCTGATCCCGGTTTTGGCGACCTGCAGCGCAAGGTGCTTCAACTGGAGGATCGCGGCGGATTCCCCGAGAAAGTCAACGGATCTGCTCATCGTGGCCAATCGTTCCTTGCGGGGCGGTCATTCAGTTTCCCTGCAGTATGAAAGAGTTGAACGGGAGCTGCGCCGCCCTGCGGGAGGCTTCTTCACGCGTGGCGAAGGAATGCTGCGAGCGGACCTTGTGCAGGTTGTCTTCGCGGAAAATGGTCACCGGCAGGTGTGCCGCGATGCGGTCGGCGAGTTCCCTGGCGTTGCCGAGGGACCCGAAGCTTCCGAACTGCAGCATGAAGGATGGCTCCCGAGCCGGGCCTTTCGCGATTCCGCCGCTGGAGAGAGCGGCATGGTAGGCCGCCAGACGCGCTTTGCTGAGAGAGTCGAGGCCGGTGTCGGGGTAGTGCTGCAACTGTCTGCTGAACAGCCGGGCAGCCTTCGGGCCGTCTTCGGCAAGCAGGGCGTCGATGACCGTTTTTTCCGAGTTTCTCGATATCCTTGGCCGCAGTTTTTCTAATAAATAAACCTTATCTTGTTCCACGTATTGAAGGATCAGGGCGCTGTTGCCCGTCTGCTGTGCGGTCGCCGCGGTCGTCAGGAGCAGGATGCACGCGAGCGCGGCGAGGGAGGATTTCGTGGCGGTCATGCGTGTAGGGTGCGGTATTGCGGATTCTCGTTGTTCTGAAAGGATGGCGGGAGCCCTGTTTCACGAAATATGGCAAATATTCGGGGAAAAACCATTCTCCCCGGGCCGGCGGATCTCGCAGGACGCCGAGATTTCTCCGGATAACCGATAACCTTCAGAGCAAGCGTGTTACATGCAGCATATTTCACTCAAGGCGTTCGCCAAGATAAACCTCGGCCTGTTGATAACCGCCCGGCGGCCCGACGGCTATCACACTCTCGAAACAGTTTTCGCTCCGATCAACTGGTATGACGAACTTTCGTTTTCGACCGCCCAGGATCTCGTCATGCAATGCAGCAACCTAGAACTTCCCGTGGACGACAGCAATCTCTGCATCAGGGCGGCAAAGGCCTTGAGGGCGCATGCCGGCATCGGGCGAGGCGCGTCCATCGAACTCGTCAAGCACATCCCGTTTGGCGCCGGGCTCGGCGGGGGCAGCAGCGATGCCGCCGCGACGCTCGGAGCCCTGAACCGTTTGTGGGGACTCGATCTGACGCGGGAAGAGTTGCACGGAATTGCCGTCGGCCTGGGAGCGGACGTTCCTTATTTTCTCGGCGAGGGAGCGCTTTCACATGCCACCGGAATAGGCGAGCGGCTCGAGGAACTGGGCTATTCGCTGCCGTTTCACATCGTGACGCTTTTTCCGGACGAACATATTTCCACGGTCTGGGCCTACAGGAATTTTTACCCGAGATTCGACCGCGCCGTTCCCGATCTCAAGACGTTGCTCGGGTTATTGTGCGAAGGCGGCGACCGGTCGGTGCTCGAG
NZ_CP022571.1_gap18	699905	700995	1090	GTAGGCGATGAATCCGGCGGTGATGCCGACGCCGATGTTGAACGTGAATATCATCAGGGTGATCGTCAGGAAGGCGGGAATGAGTTCGCTGCGGTTGTCGAAATCGAATTTCGTCACCGGTTGCAGCATGAGCATGCCCACGACCACCAGCGCCGGACCGTATGCTCCAGCGGGAACGATCGTGAGCACGGGCGACAGAAAGAGCGCGCAGGTGAAAAGCATTGCGACCACGACCGCCGTGAAGCCCGTTTTTCCGCCCTGTTCTATTCCGGCCGCGGATTCGATGTAGACTCCGGCCGTCGTCGTGCCGAAAAGCGATGCGGCTATGGTCGACAGGGCGTCGACGAGCATCGGTTTTTCGATTTCGGGCAGGTTTTCCTCCTCGTCGAGCAGGTTTGCCCTGGAAGAAAGGCCGATGAGCGTGCCCATCGTGTCCACGAAATCCATGACGAGCACGCTCGTGATCACCCCGATGAAACCCCAGGTCAGGGCGCCGTGGAAGTCTATCTGCAGAAAAACCGGCGCGAGCGACGGCGGCATTCCGGCAAAGCTCGACGGCATCGGCACGATCCCGAACAGGATGAACGCGGCTGTCGTGAAGAGGATTCCCGCCAGGATCGAGCCGGGCGTTTTAAGGACGAGCAGCACCGACATGAGCAGCAGGCCGCCGATGCTGAGCAGTACGGAAAGTTGAGCGATATCACCCATCGCCACGGGGGCTCCGGGCACGCCGGGTCTGACTATGCCCATGTCGTTAAGGCCGATGAAGGCGAGGAAGAGCCCGATGCCGACGGAAAAACTGTGCTTGAGCGAACGTGGAATGGCCCTTGAGAGCCATGACCGGAGACCGGAAAGCGTGAGCAGCGTGAAGAGCACGCCGCTGATGAAGATGGCCGAAAGAGCGGTTTGCCAGGAATATCCCAGTGTCTGGACGACCGTGTAGGCTATGAAGGCGTTTTCACCCATGTACGGCGCAACGGCGAAGGGTCGTTTCGCGTAGACGGCCATGAGCAGGGTTCCGAAAATGGCCGTGAGTATGGTCGCGGTCATGGATGCTTCCCTTGGGATGCCCGCCGCGGAAAGGATCGCA
NZ_CP022571.1_gap19	835460	836294	834	GGGAAAGAAACAACGCTTCGAGCAGGAACTGTCTCAGGATGGTTCTCGCCGGAGCGCCGATCGATTTGCGGATACCGATTTCACGGGTTCGTTCGGTGACGCTCACCAGCATGATGTTCATGATGCCGACACCCGCGGTCACAAGCGCCATGAAGCTGATGATGAACGCGCCGATACTGATGGTGCGTTGAAAGTCCCTGAATGATTCCACGAGCGATTCGTTGGTCCTGAACTCGAAATCGTTCGGCTCCTCTATCGTCAGGCCCCTCGCGATACGCATGGCTCCCGTCGCGCGGTCGAGGGTTGCCCGATACTCATTCTGGGAGTAGGCTTCGACGGTGATGCCGATGCTGCTGTGAAGGTCGATGTGCTGGAGGTATCTGGTGATCGGTATGACGATGAGATTGTCCTGGCTCTGTCCGAAAGCCGCGCCTTTACGGTTGAAGACGCCGACGATTCTGTGGATCCTGCCGTTTACCCTGAGGGTTTTTCCCAGGGGATCGGAGCCGCCGGGAAAAAGCGATTCCCTGACGTCACTTCCGATGACCGCGGTGTTTCTCGAATAGAGGATATCGTTAAGAACGAGGTTTCTGCCTTCGGAGATGTCGAAGCCGTTTGCCGCCGCGAAGTTTTCATCGGCTCCGAAAAAGGTGACGTCAGGGTTTGTCGATCGGTTTGCATAGGATGCCTGGTAGCCTGACCTTGATACTTTCAGACCGACGTTCCGGGCCTTGCCGTGCATCAGTCGCCTGAAGGCGAGGCCTTCCTCGTAGGTGAGGTTCGGCCTGTTGGCATAGCGTCCCCTGCCGTGACCGCCGAAAAAGGTTGCCGGGT
NZ_CP022571.1_gap20	960924	964875	3951	TGCGCGCCCGTTCTTCAGCCAGAATAGCGATTCAAACCGGTTTCACGTTGAAGTGATTCATGGCGTGATCGATGCCGTTCGAAGCGAAATCGAGCGCAGCGTCCACGCACCTGGGAAGTATTTCGTCGATGGTTTTTCTTTCTTCGCTACTGAATTTCCCCAGTACGAACGACGAGTAGGAGCCCAGGGGATGGGCTGGCGCTATGCCGATCCTCAGCCTTGCGAAATCACCCCGGCCGAGACACTGAATGATATGCTTGAGGCCGTTCTGGCCTCCCGCCGACCCTTTCGAACGAAGACGAATGGAGCCGAGTGGAATGTTGAGGTCGTCGCAGACGACCAGTATGTCAGCGATGCCGATTTTGTAGAACTGCATCGCGGCGACGACTGCGTGACCGGAAAGGTTCATGTAGGTCATCGGCTTGAGCAGGATGACCGGCTCTCCCCGGTGCAGAATTTTCGCGTAAAGGAAGTTGCCCTTGCCCGAACCGAATCCGGCCCGGTGCGTGCGAGCGATCTCGTCCAGCACCTCGAAACCGATGTTGTGCCGGGTGTTTTCATGCCTTTTTTCAGGATTGCCCAGTCCGACGACAAGTTTCATGGCTTTTGTGTTGCAGGTTTCGTCGATTCTGAACTGAACATACGCGATAGCGTATAGAATCGCAAGCGATAGCGGAAAGCACCATCGGTTCTGTTTGGCGTTTTGCTTTTTACCCGTACATTCCTTTGAGTGTTCCGACTGTATGAGCACGAGGGTTCGGGCGCAAGGGAAATGAAAGGAGCCTGAAACGTGAATGTACATGTGGAAGGATGCTCTTGCCGATCAACCGGAACAGGATTGTATGCCACGTTTTTCTTCTTCCTCGTCTTCGCTGCGTTCGTCCGAGATACGCGATTTGATGAAAATCGCCAGTCGGCCGGGAATCATCTCTTTCGCCGGCGGCATGCCGGATAACGATCTTTTCCCCATTGATGAGATGGACGAGCTGATCTCCCGGCTGGATGTTTCGAAAAAAGAACGGCTTTCCAGTACGGACCGACGGCGGGGCTGCCTTCGCTGCTGGAATCCCTCGGATGGTTTCTGGCTGAAAAGGGATTGCCGGTCGACAGGGACCGGCTCATTATCACCACCGGTTCACAGCAGGCGATCAGCATGCTGGCGCGGGTTTTTCTCGATCCTGGAGACCGGGTTCTTGTCGAGAATCCCTGTTTTATAGGAGCGCTTGCGGCCTTCAAGGCCTGCCAGGCTGAACTCACCGGCATGAAGATGGACCATGAAGGGCTCGTTATCGAAGAGCTCGAGCGGGAGCTTTTTCAGCCCACGTTACCGAAATTTCTCTATATCACGCCGGCCTTTCATAATCCGCTCGGGATGCTGTACTCTGAACAGCGCAAGGCGGAGATCGCAAAGGCGCTTGCCGGTACGACGGTCGCCCTGATCGAGGACGACGCATACGGTGACCTGTATTTTTACGAAGACGACAAAACAAGATTGCGGCCCATCAAGGGGTTGTCTCCGGAGGGGGTCGACGTCTGCTACACCGGATCGTTCTCGAAAATTCTCGGACCGGGTTTGCGCCTCGGCTGGCTGCTTGCGCCGAAGGAGATTTATGAACAGTGTGAGCTGAGCAAGCAGTCCCTCGATGCCTGTTCTTCAAGTTTTACCCAGGTGCTGGCCGACGAGTTTATCCGTTCTGGCCTGCTATCGCCCTACATCGAAAGGGTTCGTGAAGAATACCGCAGACGGGCGTTTCTGATGTGCAATCTTCTGGAAACCGAGCTTCCGTCTGAAGTTTCCTGGCAGCGCCCGCGCGGCGGTTTTTATATCTGGCTGACGCTGCCTGGAGACGTCGATGCAACGCAGGTGCTGCAACAGTCTCTGGAGAGGGGCGTGGTGTTCGTTGTCGGCAAGACGTTCGACCCTGAAGGACGACGGAACCACGCATTGCGTCTGTCCTACTGCAACGCGAAACCCGAAGAAATCGAGCGGGGCGTTCCGGTGGTCGCGGCGGCGATAAGAAACATGATGAACCGTTGAACCGACCGTGGCGCCGAGAACGTTTTTGCATCGGCATATTTTTTTTGGCGGCGTCCTTCACGGATTGTCGCCGCCCGGCTCAAGAAATTTCTCCCCGTGTTCCTCAAGCACCCTGATCATCTTTTCGAGTGAGTCTGCCCTGATGACGACGACGGCATTGTCGCCGGTTGCGTATGCGTACATGTAGTCGATGGCTACGCCGTGTTCAGAAAGCAGCCGGAGCGCCTTGTGAAGTCCTCCGGGGACATGCGGCACGACAAGGCAGGCCACGTCGGTGATCTTTACGGCAAATCCCTGCGCCTTCAATACGGTTTCGGCAAGACCCGGGTCGGAGGTGATCATGCGCAGTATCCCGAAATCGGTTGAATCCGCAATGCTGAAAGCGCTGATGTCGATGCCGTGTTCAGCGAGAATCCCGGTGATTTCGGTTAACCTGCCGGTCTTGTTTTCAAGGAATACGGAAAGCTGCCTGATGATCATGGTAGTTGCTGGTTACAGTTTTCGGTTGTCGATGACGCGCTGTGCTTTACCCGCGCTTCGTTCGATGGTTCGCGGTTCAACGAGCTTTATGCGAGCGCTGATGCCGAGCATGCTCTGAATATTTTGATGAATCCGCTGTTGCAGTGCTTCGAGTTCACCCACTTCATCGCTGAAAAACTGGTCCTCAACCTCAACCTGGATTTCGAGGGTGTCGAGATTGTGCTCCCTGTCGACGATAAGCAGGTAGTGCGGTTTTGTCTCATTCATTTCCATCAGGACGGACTCGACCTGTGAAGGAAAGACGTTTACTCCCCGGATAATGAGCATGTCATCAGAACGGCCCACGCATTTTTCCATGCGTACGAGGGTGCGCCCGCATTCGCAAACGTCGGCATGCAGCCGCGTGAGGTCGCGTGTCCGGTAACGTATGAGCGGCAGGGCTTCCTTCGTGACAGAAGTGAAGACAAGTTCCCCGAGTTCTCCGTACGGCAAGACTTCACAGGTGTCCGGATCGATGATTTCCGGAATGAAGTGGTCCTCGAAAACGTGCAGGCCATTCTGCATAGGGCACTCCATCGAGACGCCAGGGCCGATCACTTCGCTGAGGCCGTAAATGTCGAAAGCCTGTATGGCCAGCAGTTCTTCAATTTCTTTGCGCATTTCCGCGGTCCAGGGCTCGGCTCCGAAGATGCCTGCTCTGAGCCGGAGTCTACTGCGTTCGATGCCGGCTTCACGAATGGCTTCTCCCAGAAAAGACGCGTATGAGGGCGTGCAGGTAAGGATGGTCGAGCCGAAGTCCTGCATGAGCTGCAACTGTTTTTTTGTGTTTCCTACGGATATCGGAATAACCGATGCCCCGATTTTTTCGGCTCCGTAATGCAGACCGAGGCCGCCGGTGAACAGGCCATAACCGTAAGCGACCTGAATGATATCGTTCCGGTTGACATCGGCCATGGCGAGCGAGCGGGCGACGACTTCGCTCCACATAAGAATGTCGTTGTGGGTGTAGCCGACAACGGTCGATTTGCCTGTGGTGCCGCTTGATGCGTGCAGGCGCACGACGTCCTGTTGCGGCGCGGCAAAGAGTCCGAAAGGATAGTTGTCGCGAAGGTCGAGTTTCGTGGTGAACGGAAGATGTTGCAGGTCGTCTACCGTTTTGATGTCCTCGGGCCTTATCCCGGCCTGCTGAAGCTGCTGCCGGTAAAACGGAACATGGGTATGGATCCGGTTTACGGTTTCTCGAAGCCGTTGCGCCTGCAGGGAACGCATCGCTTCGCGGCTCATGCATTCGATATGTTGATTCCAGATCATACGCGTTGTCTTTCTGTTGTTTTTGCAGTCGCGGCCGCTTTTAGGCCGCTTCCTTTTTCCGACAGCCCCCGGCCTGTTCTGAATGCCGCGATATTCATGTCGACAATCTCGCAGCCTTTAGG
NZ_CP022571.1_gap21	1017077	1018946	1869	TCGTCGAGGTTGGCGAGCGCATCTAGCAGATGCTCCCTGCTGCCGAGGCCAATGGTTCCCGAGAGGTTTCCTTCGACGGGGGACTCGGATTTCTCGAGTACATGCACCAGGGATATCGGTGCACCGAGGTTTCGGCTCGCCCAGAGGGCGGCGTCACAGACGGCGGTGGAAGCGGCTGAGCCGTCGATACAGGCGGTAATGGTTTTCATTGGCATGCTTCGTTCCCTTAATGGCTTGCAAGAATTTTTTCGATTTCCTCGGGTTTGTCGTGAATGCCGAAGCGGTCGACTATGGTTTCGCTCGCCGCGTTCATGCCCACGATTTCGACACGAGTTCCTTCGCGCCTGAATTTCAGTACGACCTTGTCGAGCGAGGCGACCGCGCTGATGTCCCAGAAATGGGCATGGGTGAGATCGATGACGATCCGTTCGATCGCTTCGCGGAAGTCGAACGATTTGACGAACTTCTCGGAAGATGCGAAAAATACCTGTCCGCTGACGGTGTAGGTGACGGCGTTGGCCGAGGCGTCCGGAATCCGTTTGACGATCATGAAGTGCCCGACCTTGCTGGCGAAGAAGAGCGAGGCGAGCAGGACGCCAACGAAAACTCCGATCGCCAGGTTGTGGGTGAAGACCACCACGACGACCGTGGCGACCATGACGATGTTGGTCGACAACGGGTGCTTGCCGAGATTGAGTAGCGAGTCCCAGGAAAAGGTGCCTACGGACACCATGACCATAACGGCGACCAGCGCGGCCATCGGTATCAGTTTCAGCCAGCCGCTCAGAAAGACAACCATGATCAGGAGAAACAGCCCCGCGACAAATGTCGAAAGGCGGCCTCTGCCGCCGGATTTGACGTTGATGACCGACTGGCCGATCATGCCGCAGCCGGCCATGCCTCCGAGCAGGCCCGCGCCTATGTTGGCGAGTCCCTGAGCCTTGCACTCCCTGTTCTTGTCGCTTTCGGTGTCCGTCAGGTCGTCGACGATGGTCGCGGTCATCATCGACTCCAGTAGACCGACGACCGAAAGGCCGACGGCGTAAGGCAGGATGATGGAAAGTGTCTCCATGCTCAGGGGCACCTCGGGCCAGAGCAGGAACGGAAGGGCGTCGGGCAGCTCGCCCATATCCCCGACCGTTCGGACATCGAGGCCGGCGATGACCGTTACGGCCGTCAGGAGAAGGATGCAGACCAGAGGTGACGGGACGGATTTGCCTATCGTCGGAACCAGGGGGAAAAGATAGATGATCGCGAGACCCGCCGCGGTCAGCGCGTAGACGTGCCAGCCGACGCCGGTCAGTTCGGGCAGCTGCGCAATGAAGATCAGGATTGCAAGGGCGTTGACGAACCCGGTCACGACGGAGCGTGAGACAAAACGCATGAGATTGCCGAGTTTCAGGTATCCCGCGGCAATCTGCAACAGTCCGGTCAACAGCGTCGCCGCGAAAAGATAGTGCAGGCCGTGCTCTTTCACCAAAGAAACCATCAGCAGGGCCATGGCTCCGGTTGCGGCGGAAATCATGGCGGGGCGTCCTCCCGCGAAAGCAGTGACGATGGCGATACAAAACGATGCGTACAAGCCGACTTTCGGGTCGACTCCCGCGATGATGGAGAAGGCAATGGCTTCGGGGATGAGCGCGAGAGCCACCACGAGCCCGGCGAGAACATCTTTCGGTACGTTCGAGAGCCATTCGTTTTTCAACCGTTCGATCATATGGATTCGGTATGCTTGACGTGGAATTTTTGCTGTATGGCAACCGGCGGCCGCAGGTTGCAGAAAGCGGAAGTATCGTAAAACGGGTCCGTGGAAATTGCGCGGGTACCGGTGAGGTCGAGCCGAATATAGGCTTTTTTCCTTTTGGAACC
NZ_CP022571.1_gap22	1075882	1077028	1146	AGTCTCGGTGTTTTCGGTGAATTCGGTTTCTCTTTCCTCGATGAAAAGCTGATAGCCAATCTCGGAGGTCGTTACGACATGACGACCTTCAGGCTCCACGAAACGCCCCTGATCGACGACGTCGATACCGAAGAGGAGGAGGACAGCGATTTCAGTCCTTCCGCCAGCATTCAGTACCGTTTTCTGCCGGACCTCAAAGTACACGCCAGCATCGGCCGGGCGTTCGTGTCGCCGACCGCGCTCCAGAAATCGGGCGAGTACACTTCGAGCTGGGGAACCGTGGTCAGGGGAAATCCGGACCTCGATCCGGAAACCAGCACCACATGGGATGCAGGCCTGACGTGGAGCAACGACAAGGGGGGATGGAGAGCGGATGTGACCTATTTCCATACCGACTGGGACGATTTCATTACCACCGAATATCTCCCGGATGGGACACAGACCTATGTCAACGCCGCCAACGCCAAAATGAGGGGTCTCGAGTTCGAACTGTCCTACGATTTCGGCGCGTTTGAGGATTATCGCTATTCGCTGCGCTGTTTCGCGAATTACACGCACCAGCTCGAGGCGAAAGTGACCACCGACGGGGTGGAGGAGGATATGAAATGGAACCGGAAAGGCGTCGGATCGTTCGGTATCGAGTATGACGATTTCCGCAGGTTCAGCGCGCGCCTGAGCGCCCGTTACATCGGCTCCCGCTACGAAACCAACTATTTTACCTCGATCCGCGACGACCTGACCGATCCGGTACTGGATATCGATCCTTCGCTGGTTGTCGATGCGACGCTCGGCATCGATCTCGACGACAACAATACCGTGACGGTTTCGGCGAAAAACATTTTCGACGAGCTCTATACCGAAAAAGACGGTTACCCGATGCCGGGCCGTTCCTACGGTGTGAGATATACAGTCAGATTCTGAGAATCAGATGGTACAAAACGTGTATAACGAAAAAGTAAAACACTTCCGGACAGCGTTGATCGCAGCGCTGTCCGTTTTTTTTCTGCTCGCGGGATGCGCGAGCGGGGACAACGACAGCGTTTCGGCGCAGGTCGCTCCCGATGATTCCTTGCGCCGAATCCCTTTTCGCTATGCGAAACGTCTGACAATGACGAAGATCGGCGATGCGACGTTGATCGATATCGT
NZ_CP022571.1_gap23	1136541	1139579	3038	TCGTCGGCATCGAGCGTAAAACGGGATTCATCGAACCCGGGAGGGCCGAAACGGAATCGGGGATTGTTCGATGTTCCGAATCCTTCCTTGGGCTTGCCTATCCAGGTTTTGTCCATCTTTCTGTTGCGATTTTCGTCGTGCAGCACGCTTAGTGCATAGGTTCCGAAAGGAATGTTTTCGAGAATGCATTCGAACTCGGTGCCGCGGAGTTCGGTTCCCGCAAGTGCGAAGGCTCTTTCTGAATCGCCGGGAAAACCTTCTTCCGAGTTGAACAGGGCGATTGCCACGTAGCCGGTAGCATTCCGGAAATTTTTTATCCGTATGCTGAGCTGGCCGGTCTCGGTTCCTGGCGGAGCCGGGCTGCTCGTCAGTTCGACCTCAAGCGGCACAGGCCGCCGTTCTCCACGGGCGGCAACGGGATTTTCCGTCCGGGCCGACGGTGAGAGAGGCAGCAGCAGCGAAAGCGTCAGTGTGGCGGCTATTGTTTTTTTCATGGGTTTCAGAGCATGCTTTTTTCGGTTTCCCGGATCGCGTTGTCGATTTCGGTTTTCAGTTCGGGCGGCAGGCCCATGATGTCAATGTTGAGAAATCCCCGCACTATCGCCGACGCGGCCTCTTCCTCGTTCAGGCCCCTTATCATGAGATACTCGATTTCTTCCCTGGCGATTTTTCCCACGGCGGCTTCATGCGACAGCTCCACGCCTTCGGCGCGGCCGTCAAGTTCGGGAATGGCCTGGATGACGCCGTTGTTGAGCAGGAGTCCCTGGCACTCCAGATGTCCTTTCGAAGGCGAACGGTTGGCCTGTATGTGCCCGCGTGCAACGATATGTCCGCCCGACGCTATGGCGTGGGAGACGATTTCCGTTCTGGTATCCTCCGCGTCGAGGATGACCCGGTTGCCGATGTCCATATAGGTTCCCTCTGTGGCGACGATGACCGAGTTGAATCGCGAAATCGATCCGGCCCCTTTCATGGTTACTGAAGGATACATCTGCAGGTTTTTCACCGGCTTGAGGCTTACGTAGTTGCTCAGAAAGATCCCGCCCGCTTCGACCTGACCGGCCGAACGCGGGCGGACTTCGACGTTTTCGCCCCAGTTGTGCACCATGGTGAAGGTCAGACGAGCGTTTTTTTCGACGTAGAACTCGGAAATCCCTATGTGCGCCGCATGCTGGTCGGCGAGAGTCGTCGTGCATCCCGACAGGATGTGCGCTTCGGCTCCCTCCTCGACAATGACGATATTGTGCACGTTCTGCCCGACCTTGTCGGCGTGCATCATCAGGCAGGACTGAATGGGTGCCCGCGGGCAGGCGCCTTTTTTGACGCGTATCACGTAGCCGCCGTGCGTGTTTTCGGCGGCGGATTGCGTGTATTCGTCCTTGTCGGGTTTCAGCAGGTTCCATTGCAAATCCGCTAACCCTTCATGAATTTTCAGCGCGAGGCCGAGAGGCAGAATTTCTATGCCGGGATCGTAGGATTTGCAGAATGCATGGTTATGGTCGATCTGGACGAACGAGGCGCTACGGTTTTTTTCCGACGCGTCGAACCCCGCCATCAGCATGCTTTCCTTTTCTTTTCTGCCGAGTCGTTCCAGGTCCTCGACAGGCGGGCTTTGATGGCCAGTAAATTCGTATTTCGACAGATCGACTTTTTTCATGATGCTGCGTTCTCTAATACTTGCGTTGCGTCTTGCCCCGCGAGGTTTTTCGGAAAATGAGTTTCGGTTATGAAGACGTTTTTTTTTGCGGATTCTTTCACTCTCCAGGTGGCGGTACGTTTCAGCTCAGACATCTGATGCATTCACGATAGCCGTATTGCCGCAGGTGTTCGATGATGCGTTTCGGGTTGTCCTCACAGCAGAGATGTCCGTTGTAGAGCACATGGCCCCGGTCGGCCGTGATGTAGTCGAGGATGTGTCCCGTATGGGTGATGATCAGTCCCGAGGTGCGGTGCTCGTGTACCAGCTCGTGCAGTGAGTGGCGGGCATCGGGTTTCGGCGCGCCTTCGAGGAGTTCCTTCGCCGTTGAGCCGACAAGAGCCATGTTTTCAACGTCCACGCCCGATTCCGGTTCGTCGAACAGCACCAGTTTCGGCTTTTGCGCCATCAGTTGGAGGATTTCTGAGCGTTTGATCTCACCGCCGGAAAAACCGAGATTGATGTCGCGGTCGAGGAATTTTTCCATGTTCACTTTTTCGGCAAGTGCGTCCACGTCGATCTTCCTGCCGCCGGCGCACATTTCAACCAGTCCCCTGGTTTTCAGTCCGTGGATCGAGGGCGGACGTTGCATGGACATGCCAATTCCTTTCCTTGCCCGTTCGAAGGCGGGCAGGTTCGTGATATCGTCGCCGTTGAAAAGAATCCTTCCTCCGGTTACCTCGTGCTTGCCGATACCCATGATCGTATAGAGAAGCGTCGTCTTGCCTGAACCGTTCGGCCCGAAAAGTATGACCGTTTCTCCTTCGGCGATGCGAAGGTCGATGCCCTGGAGTACCTGGTTGCCGTTGATGGATACGTGAAGGTCTTCGATGATCAGCATGAGGTTCGGTTTTCGGTTTTCGTCGGTCTGTATTCAAAGATAGGAAAACATGACGCATTCACCGCAAACGCTCCTGGGCGGCTTGCTAACTTCCTGCTGTCGTTATTTTTCAAAACTTTTCCTTTTTTCTGAATGTTGATAGGTGTTAATAACCACACTGGCTACATTTGATCTATACAAACCGCTGAAACAAAGAAAGAACAGCTATATGCAAGCCGATACATTCGATTTTACCTGTGACGTGCTCGAACGGAGTCACGATATTCCCGTGGTCGTCGATTTCTGGGCTGAATGGTGCGGCCCCTGCCGGATGCTCGGACCCGTGCTTGAACGGGTGGCCGAAAAACATGCGGGCGAGTTTGCTCTGGTGAAGATCAACACCGAGGAACATCCAGACGTCGCCCGTCGCTTCGACATCATGAGCATTCCGGCGGTGAAACTCTTCATCGATGGAAAGGTTGCCGACGAGTTTGTCGGGGCGCTGCCTGAAAACCAGATAGA
NZ_CP022571.1_gap24	1231745	1236732	4987	GTTTTTCCAGGCAGGGGAGTAGCGGCCGTGGTCGATGGTCGTGACGGCCTAGCCGGGAACCGGTTGTTCATGCGGGAAAACAGCGTTCAGGTCGGTTCGGCAATGGAAGAGCGCTACGCAGGGCTTACCTCGATCGGCAAGACGGCGGTTTTCGTCGCCATTCGGAAGGAACTCGCGGGACTGATCGCACTGATCGACGATGTGCGAGACGATGCCGCCGGTCTTGCGGGAGTGCTCCGGAAGCAGGGGATACGGACAGGCATGCTCACCGGGGACGTTCGGAACGTCGCGGATTACGTTGCCGCGAAATGCGGTATCGACGACGTACAGGCGGGCCTGAACCCGGTCGAAAAGGCTGTCGCCATAATGAACATGAAGTCGCGGGGCGAGGTTGTGATGATGGTCGGCGACGGCATCAACGACGCGCCGGCGCTTACCGAAGCCGACGCCGGGGTTTCGCTCGGGCATGCGAGCGACATTGCGCTCGAGAGCGCCGGGGCGGTGATCATGCGGGACGACCTTGCGCTCATTCCGGAGCTGATTCGCGGATCCAGACGTTGTTTTTCCGTTATCCGCCAGAACCTGTTCTGGGCGTTTTCCTATAACATCGTCGCTTTGCCGCTGGCCGTTGCCGGATTCCTGCACCCTATCGTCTCGGCCCTGCTCATGGCCAGCAGCTCTCTCGTGGTGGTCGGCAACGCGCTGCGGTTGAGAAAATTCTGAGGCAGAGGTGCAAGAGAAGCGACGAGTGACGAGAAACGAGTGACTAGCGGGCGGCACGGGTGGAAACATGCCCCCTGTGATTCAACAAATCAGCAGTTCAACAGATCTTCCGCCATTGAACTATCCTGTTTCTGGCTTCTGACTTTTGAATTTTGACCTGGCTCCCATGTACAGCATCTATTTCCTCATATTCATAGTGTTTTTTCTCGGAGTCGGCGCGTGGCTGCTGTTTGTCTGGGCGGTCGGAAGCGGCCAGTTCGAGGACCCGGAGGCTCCGAAGTACCGCATGCTCGACGACGAGGATGACGACGAGCGCGATATTCGGAAAACAAACGGGAAAAGCCTCGAAAATTCTCAAAAAAAATCAAAAGGGAAAGGCGCATGACGGAGAGTGTATGGATCGTGATGTTTCTGACCGGGCTTGCTGGCGGCTTCGGCCACTGCATCGGCATGTGCGGCCCTGTCGTCGCGGCGTACTCGCTCGGTGAACGCAAGCTGCGTTACCTGCATCATATGCTTTACAATCTCGGCAGGATCACGACCTATGTGTTCATGGGAGGCGTGGTGGGTCTCAGCGGTTCGTTTTTGGTTCTGACGGCCTCGATTGAAAAAATACAGACGGCGATACTTGTCGCGGCCGGCGTTTCAATCGTCGTCATGGGGATCGTTATCGGCGGCTGGATACCGGTGAAGAGAAGCGGGCGGGGTGACACCTGGCTGGCATCGCTCATACGGAAAACCATGGACCTGTTCGATGGACCGCGTACGGCCGGGACCTATTATCCGATGGGGATCGCGCTTGGATTTCTTCCTTGCGGCCTGACCTACACCGCGCTTCTGGCGGCGGCCAGGGCCGCGATGGAGGCGGAGAACCACCTTGCAGGAATGCTCCTGGGGGCATCCATGCTGTTGTTTTTCGGGCTGGGCACGGCTCCCGCACTTCTGTTCGTCGGGAAGATGGTCAACATTCTCGGCGTCCGTTTCCGCGAGCGCCTTTACAAGATCGCCAGTGTCATCATGATTCTTACCGGCATCTATTTTGTTCTGAACGCGTTGTGACTCCCGGGGCGGGTTCAGCTCCGCCGGTGGCTGGAGAGAAAGTCCGCGGCAAACGTATATTGCATTTCATGCATGCATGAATGCCTGCCGGGGGATCGTATCGCAACGTAGAAGAAAAGTCGACCATGATATCAGAAAACGGTAAGAAAAAAAAGCAGCGGAAACCGATGCAAGCTGTACCGACTGCGGTTTTCTCAACTGTTATCGCCGTGAGAAACGCTTTCCGGAATTCTGTCCCGGCGAGTGTATGGAAAAAAGTGAACGGGAAACGCTTGTCGACCGCTATACGGCCGGAGGCGAGGATGCTCGCTTCGCAAGGGCCGCGGCCGAGGTCGAAGGGCTCTACTACGGCAAACTGACCCGTGTCGAGGAGGTTCTTGCGTTCGCCCGCAGGATCGGCGCCCGCAGAATCGGACTTGCCACCTGTGTCGGTCTGATAGAGGAAACCCGGATGTTTAGCCGCATTCTCAAAAACAACGGTTTCGAGCCGTATGCGGCGCTTTGCAAGATCGGATCCGTTGACAAGGGCGAAACGGGAATCCCCGAAGACCTGAAGCTCAGGCCGGGAAGTTTCGAGGGAGCCTGTAATCCTCTTCTGCAAGCAAGGGCGCTGGATGAATGGGGGGCCGAACTCAATGTGATCATCGGTCTCTGCGTGGGGCATGACGCACTTTTTACAAAGCATTCGAAAGCGCTGGTGACGACCCTCATCGTCAAGGACCGCGTGCTCGCGCATAACCCGGCGGCGGCGCTCTATACCGGCAATTCCTATTACGTGAGGATTATGGAGCCGGAACGGGGCCTGTGATGAGCATGCTTTGCCTGACCGCTATCCGTGCTGGTTTGACGAACCCGGATTATGCCGTATCTTCAGCTATTCGACAGGTCGCCCCGTGGCGATCCCGCAAGCAATGAACGTAACCATTCGTATTCGTGAGCAAACCTTCATCCGATTCCTCTCCATCTTTCGCTGACGACGCCCTGAAAACGCCAGCCAAAAGGGTGTTCATTGTCGGTTCAACAGGCTACATAGGCAAGTTTGTCGTTCGTGAACTGGTGGCCAGGGGCCACGAAGTCGTAAGTTTCGCCCGTGAGCGTTCGGGGGTCGGAGCCGCGATGAGCGCCGCTGAAACACGACGGCAGCTCCAGGGCTCCGAGGTGCGGTTCGGAGACGTAAGCGACATGGAGTCATTGATGCGCGACGGCATAAAAGGAGAACGTTTCGACGTGGTCGTTTCATGCCTGACTTCACGCACGGGGGGCGTCAAAGACGCCTGGAGCATCGATTACCAGGCGACGCGCAACGCTCTCGACGCAGGAATGGCCGCCGGAGCGAAACAGTTCGTGCTGCTTTCGGCCATTTGCGTGCAGAAACCGATGCTCGAGTTCCAGCGGGCGAAGCTCAAATTCGAAAAGGAACTGATAGAATCCGGGCTGACCTATTCCATCGTGCGCCCGACGGCGTTTTTCAAATCCATCGCCGGGCAGGTTGAATCGGTCAAAAAGGGCAAGCCCTACGTGGTGTTCGGCAAGGGTGAACTGACCGCCTGCAAACCGATCAGCGAGGCCGATCTCGCGCGATTCATGGCTGACTGCCTCGAGGATCCTGCGAAACAGAACAGGATCCTTCCTGTCGGCGGTCCCGGAAAAGCTGTAACCGCGCGCGAACAGGGCGAACTGCTTTTCGAGCTTCTCGGACGGGAGCCGAAGTTCAAGAACATGCCGATCAGGATGTTCGACGTCATCATTCCCGTACTGAGTCTTCTTGCGAAGCTTTTTCCGAAGCTGGAGGACAAGGCGGAGTTCGCGCGTATCGGCAAATACTACTGTTCGGAGTCGATGCTGGTGCTCGATCCCCGGACAGGAAAGTACGATGCCGACCTTACGCCGTCCTATGGCTCGGAAACCCTGAGGGATTTCTACAGCCGCGTCCTGAAGGAGGGGATGACAGGCCAGGAACTCGGCGACCACGCCATGTTCTAACGCATGCGGTCATGCGGGGTCAGTAGTACATCACCGCGTAAAAGACGTTCTTCCTGATCTCGCTCATCACGAATTTATAGCTGGTTTCGTTTCTCCACCACAAGAGCGGGTGCCACCATTCCGGATTTGTGGCGACAAGAACGAATGTGGCCGGTGATTCTCTGAAAGCCCGGCTCCAGGTGTTGTGAAGCCTGAGCATATGGGGCGGGTCGCTGACTATCAGGGCGCTTCCCCATCCTTTTTCCTTCATGATTTTTCGGGTATTGCGGGCTTCGTCCCAGGTGGTTTTCGAAAGGGTGTCGACATCGATGACCTTTCTCGATATGCCTTTTTCCATCAGACGGCGTTCGCGCCAGTCAGGCCGGTCAGGCCGGTAGTATTTTCTGTCGATGCCGGTGAGCAGCAGATGCCGGGCGTAGCCCGCCTTGTACAACTCCGCCCCCCGGTTGATCCGCAACCCGTCGTCCCCGCCGAGCACGATAATCACATCCGCCTTTTCAGGTTTGTCCGCATGAAAAGAGAGCAGGAGACCCAGGCCAAGAAAGACCGCACCGCCGATTCCGCAGAACAACAGCAGGATGACCAGGGTCGATTTCAGGAGCTGGAGAAGGGTTTTCATCATTGTTTCGCTATGCGCTTGCCAGATTCGCTTACATGGTAGAACTATTACTGAATTATGCAAAATAATTCAGTACGGGCGTATTGCGCCTGTGCGGCGTCTTTCTAAGATGTTGTATTGCAATTTATTACGATTTCATCGTTTTTTTTGCCGTTTTCTTGGCGCGTTTGTCGTGACGGTGTTGCATCCTCTTGCAAAAAAAGAAGCTGTCCATTCAGCGTGTTCTTGTGTGCAAAAAAGCGTATTTTACTCTCGGACGGCGGCCTTGCCGTTTGGTTTCATGGAGCGGCTTTTCCGTCGAGACGCCTGCCGCCGTGCAGGAACACTTTCCCCCACACGACAAACGTTTTCTTTTATCATGAAAAACCCGAGTCTTGTCCGAAGCGCCGGTATTGCATGCATTGCCGTGTCGCTCGTGCTTCCGCTCTCGTCCTGCGGGAAACGCACTGAAGAGCCGCCATCGCCGAAGGCGACCGTTCCTCCTTCAGGACAGGCCGTTTCCGGTCCGGGCGTCGATTCGTTCCTGTCTCAGCCTGAGTCCGGTACAGAAGAAGCGCCTGATCTTCTTGCCGACAGTCTTTATTTCGAGATGGACGGGGCAGC
NZ_CP022571.1_gap25	1240247	1243337	3090	GGGAACGATCCTTCCAAGAAGAAGGTTGGCGTCAGTGACGGTCAACGGGCCGCCGAGACCGTAGCAGGCCGGTCCGGGATACGACCCGGCCGATTCGGGGCCGACGAGCAGCCTTTCGCCGTCGAAGGAAAGAATGGAGCCGCCGCCAGCGGCCACGGTTTCGACGTCGAGCATGTCGGTATGGAAGGCAACGCCGTCTATCGAACATTCGAAAACGTGATCGAGCGAGCCGGCGTATCTGGAGACGTCCGTGGATGTGCCTCCCATGTCGAAGCCTATCGACAAGCCGATGCCGAGCTGGCGGGCGATCGATGAAAAGCCGATGACGCCCCCGGCCGGACCGGAGAGGATCGTGTCCTTGGCCTTGAGGGCGGCGGTGTCGGCCAGCCCGCCTGAGCTCTGCATGAACTCTATCCGGACATTTCCCGCAAGCCGTTTGACGGTTTCGACGTAATTGAAGAGCACGGGGCTCAGATATGCCTCTATCATCGTTGTCTGGCCGCGTTTGAGGAAATTGACCAGGGGCATGATTTCGTGCGAAACGGTCACCTTTTTGAATCCGGCCTGTTTTGCCGCGATTTCAGCCACCATCCGTTCGTGAAGGGGATTCTTCCATGAATGCTTCAGCACGATGGCGAGATGTTCGATTCCAGAACATCTGATCTTTTTCAGCGCTGTAAGGGCGGCGCCGGTATCGAGCGGCACGCAGACCGTACCATCGGCATCGATGCGTTCCTCGATACCGGCAACCTCGGCGTAGAGCGGGGCAGGCCTGCTGATTTGGAGATCGAACAGGTCGGGTCTGGCGCCGGTTCCTATGGCAAGCAGGTCTTCGAAGCCCGAGGTGGTTACCAGGGCCGTTGGAGCGCCCTTTCTTTCGAGCAGGGCGTTGGTTGCGACCGTGGTGCCGATCCGTATGCTTTCAATTGCCGAAAAACCGGACTCGTTTCCGCCCGCGGCGTCCATCAGTCTCCGGATACCCTCGATTCCGGCGTCTTCATAGGCCGTCGATATCGAAAGAAGCTTGGCTGAATGGATGACGCCGTCAGGCGCTATGCCGACGATATCGGTGAACGTTCCTCCCCGGTCGATGGCGAAAATCCATCTGCCTTTCGCCTGTTTTTCGATAGCCATCCGGAATGGTGCATGATGTTGGGTTATGCGTCGCAAAGCGACCGTCCGCTTCAGCGGGAGGCTTAAACTTGATGATTTTCTTCATGATCTGCAAAAAGCGGCGAGGCCGGCGCCGTTGAACGAGATGGTCTGCCGGGGAATTTTTTTCCTGTTACGATTGTATAATTATGGGCATATGCTTATAATTAACAAAGGATCTGTCAGATAACAAACAATCAATGAACCAGGGGAGGAAGCCATGAACGAAAGAACTTTCACTTGCGCGGATTGCGGCCATGAATGGAGCGTCGCGTTCGGTACCGGACGGCCTGCAAACTGTCCCGAATGCAACAGCGAAGCCATACACCGGAAACATGCTCCGGACAGCGCCGACGGTTTTGGCCGTGGCCAGGGCAGGCAACACGGCCTTGGGCGGGGAGGCCGAGGCGCATGCGGCGCGGGGCGTCCGGGGAAAAACATGGGCACTGGCGCCATGGAAAGAGGGCCAAGCGGGAACGATTGAATCCGGCGAGCGGCTGGCTGCTTTCGAAGAGCCGGACGGAGATCCTTTTCCGTCCGGCTTTTTTTATTTTACTACATTGAAGAATAGCAACCGTACGCTCCATTCGGGTCTTCAGCCCGGTAACCATTTCTGTAAAAGCACAATGAATATCATTATCAATGACAAGCCCTGCGAAGGCGCCGTCGGCGAAAAGCTGTCGAGAGTGGCCCAGGAAAACAAGGCCCATGTCGGCTATGTCTGCGGGGGGCTGGGGATATGCCAGACCTGTTATGTAACCATTCTCGAGGGAGGCGGCTGTCTCTCGGAAATGACTGACGTCGAAAAAGCCTTTCTTTCCGATCGGCAAATCGCTGACGGGGCGCGTCTCGCTTGTCAGGCGACCATAGAGCGGGAGGGAACCCTCAGGGTGTTGTCGAGGCCCGAGGAGGTTCGCCGGATGCTGTTGAGCAATCCGCTTTCACTCTTCAGTTACGGCGTGGAAATGGGCAATGCGGCGGCGAAGCGTTTCATCCCCGGCGTCTCCAACGTCATAGAGCGACTACGCGACGGCCGGATGAGCGACAGGGATTCCATCGGTGAACTGCTCGACGGCATGGGGTTCGCGGCGCGCTTCGGCGTCGCTTCCGCCGTGGAGAGCATACCCTTCAGGGATCAGATCGGCGATCTTATCGATTTCGTCAAACGCTACGCGCCGTTTTCCTCTCCCGGCCCCGACGGCGTCGAGACGCTCGAAAAGATAACCTTGACGATCGGCAGTGAACAGCGCCCTGAGAATCACGATGGCGGATCTCCCGCCGGGGCGTTCGATGTTTTCGGTTTCGGTGTCGCCGATTCCCTTACGAAAGACGGCATCACGACCCCGCAGGAGCTGCTCGAACGGGGAAAAACTCCCGGTGGCCGCCGGACGCTTTCGGAGGTCACGGGCATCGAGGCGGGAGTGATTCTCAGGATGGTCAACTGTGCCGATCTGTGCCGTATCGATGGCATGGATTTCAGTACGGCCCGCCTTCTTGAAGCCGCGGGGGTAGATACCGTGCCTGAACTCGCGCAACGCAACCCCTCCAATCTGCTCGCGAAGCTCTGCGAGATCGTTCGAAAGAGCGGGGATGCGCGCGAGCTTCCCTCAATCGATCAGGTGGGACGCTGGATCGGCGGCGCAAAAAAATTGCCGAGGATCGTATCCTATTGATTTCCGGACACAAAGAAAAAGCGTCAGGCCGAATCGTTCGCATTTCTGGCGCTTTGCTTGTTGATGATGTTTAAAGTACTTTAAAATACAAAGCAAAAAACCCATTCCTCTGGTCTTAACGAAACATCGTTACAACCATCTGGGTGGAATACGGAACCGTGAAGCAGGGAAACAAGAGCTTGGGAATAGTCGTCACAGGCGGGAGCAAAGGGCTCGGATACGCTCTCGCTCGTGAGTTTCTCGAGCATGGCGACCGTGTCGTCAT
NZ_CP022571.1_gap26	1336960	1339726	2766	CGCCAATGATTCTCGAAGTGTAGGGCCTGTAAATCCTGAGGTTGACCGATGTGCCTTTTTTTCCGCGCAGCCTCTCGATTACTTCCATCGGTGAAAGCCCCACAGCCGAAAGCGAATCGATCGCCAGTATCCTGTCACCGGCAAGAATCCCCGCGGACTCGCTCGGGCCTCCCGCGAGAGGAGTGACAACCAGAAGCGTGTCGTGAACGATGTCGAATTCTATGCCAATCCCTTCGAAATTCCCCTGAAACTCTGAATTAGAAAAGTCGACCCGGTCCGCATTCAGGTATACCGTATGGGGATCGAGCGATTCCGCCATCCCCTCGATGCCCGCATCCACGAGACCGTCGTCGTCCACCTTGTCTACATAGAGAGCCGAAATCATGCCCAGCGCCTCCAGCAGCTTTTTCTGCTGGCCGAAAACAGCGTCCGAAGGATCCTTGCGAAGCCTGTAACCGATCAGGATTCCAAAAAAAAGAATCGCGACAATCAGGATTGCCTGAACAATACGGGACATAGCAAGGCGAACTCGTTATGAAGAGAATAATATGTGGGCAGTTATTTCATCACTATTTTACCTATCGGCGGCCAAAAACCCAAATAAAACAAACCGCCGCGCCGGTACGGCGCGGTGCCCGTCACGATTAGGGCATCATAACGACAAGAAGGCAAGGGCATCCATAAAATCACAACCCCATGAGAGCAAACAAAAAAATAAAAAAACAAAAAGACCGCAGCCCAATAAAAACCAAAACAATTGCAAAAACCGCAAAATTAAAAGCAAAAACAAAAAGATAAAAAAAAGATAAAAAGCACTAAAAATATTTTTTTAATCAAATTAAAAACAAATCATTATAACATAAATATTTTTTTAGATAAAAAACTCTTAGTTATTTAAATACAACTACTTGAGCAATAAAAGCGAAACAAAACACAAGGTATTTTATTGCAATTAAAATCACAATAAAAAAATAAAAGCCCCAACAAAAAAATGCGCCATACAAGCATAATCATACTGCTTTTAACGATAAGCTTAACATCATTACATGCAGATGAATCGGCAAAAAGCAGTAAGATAAAAGCGATCGTTTACCTGAAAGGCAACCGGCTTGACGTTGAAATTGCCGACACGCCGGAAAAGCGAAAAAAAGGGCTGATGGGAAGAAGATTGCTCGGGAAAAACGAGGGGATGCTATTCGCCTACGATGACAGTTCCATCAGGCATTTCTGGATGAAGAACACCGTTATTCACCTTGACATCGCGTTCATGGACCGGCATATGGTGATTGGCTCGGTCGTTTCAACCGGAGCGCTGAACGACTCCGCCACCGTCTACAGTTCGTCAGCTCCCGCACGCTATGTACTCGAGGTCAACCGGGGCTGGCTGGAGCGCAACGGCATCGCACCGGGCGATACGATGCGGTGGGCAAAAACGGGCTGTGAACCATGACGCTGACTTCCATGTCGGGCTCAGCGGCACGATACGACGAGTTCCAGCTCCACGCTTGCGTCGAGAGGTAGTTCGGCTACTCCGACCGCGCTCCGGGCATGCCCCCCCCCCTCTCCGAAAGCTTCATAGAGTACCGCAGACGCTCCGTTTGCCACGATGTGCTGGTTTGCGAAAAACGACTCGCTGGCCACGTAGACCGTGAGTTTCACGACCTGCCTGACCTTGTCGAGATCCCCAAGAACGCTCTTGACGGCCGCCAGGGCGTTGAGCGTCGCCAATCGGGCGGCATGGGCGGCAAGGGCCTGGTTTATCTCGTTCACTTTGCCTTTCCCCCCATTAACGGCTGACAGCTCGCCTTCAACCAGGGGCAACTGGCCGGAAGTGAACACAAAATCCCCGGAACGGATCGCGGGCTGGTAGATACCGGCGGGAACGGGCATGGCCGGCAGGTAAAGCCCGGCTTTTTCGAGCCTTGCCTCGACTTCTGACATATCGTTTCGATTTTTGTTACGAGCTTCCTTTGGAACAATGTACTGTTTTTTCCGCACAGGCATAAGAGCCCGGCCGACGCCGGCAAGCCGCTCTTCAAGATTGACGTTGCTTAATATCCGGAAAATCGTTATAGTGGTTTTTCACGCACAGTCTGTTTCGCTCCGGGGTGCTGCTGGATGCGGCTGAGATCACACCCGTATAACTTGATGCAGGTAATACTGACGCAAGGAAGAAAGTTGAAACGCCTTCACGCTTCTCCTCGCTTTTCTTCCTATACGCAGGACTGCTTTACCACTCATTAACCAAAGGCAGGAAAAAACATGGAAGAAAAGATTTCCAAGTCAATCATCAAGAGCTTTTTTCATAAGCTGGAAGATTCTCTCTCCGTCGACGTGGCTATTGTCGGAGCAGGTCCATCCGGCCTGATCGCGGCAAGGGAACTGGCTCGGGCCGGCAAGAAAGTCGCCGTGTTCGAAAGCAAGCTCGCTCCGGGCGGCGGCGTATGGGGCGGAGGCATGCTCTTCAACGAAATCGTCTTTCAGGAACATATCTCGGATATTCTCGACGAATACTCCATCAACCATACATCCACCGGCGACGGTTACGTCACCGCTGACGCCGTGGAGGTCGCCAGCGCTCTCATTTACGGCGCCGTCCATGCGGGCGTTCGTATCTTCAACGCCATGAAGGTCGAGGACCTGGTCATGCGCGACGAAAAGGTTTGCGGTGTCGTCATCAACTGGAACCCGGTTGCGAGGCTCGAAATGCATGTCGATCCGCTCGTCGTCATGTCCCGGGCGGTGCTCGACGGCACGGGACATCCT
NZ_CP022571.1_gap27	1357294	1358691	1397	TATGGATGCTGTTTCAGCAGTCACGAAAAGTCAATTGGTAAACGAAATAAGAAAGCTTGGTTTGACAGAAGGTCAAACCGTAATGCTGCATGCTTCGGTTAAAAGCATTGGCCCTATCGTAGGGGGCCCTCAAACTATACTCGAGGCTGTATTGGAGATTATAACTTCAAGCGGCACATTAGTAATGCTAGTAGGATGGGAAGATAATCCTTATAATATTTTTAACGCTTCTATTCAGGATAATATTGATCAATGGCCTGAAAATAAGCGCCTAAATTTTTATGAAACATGCCCTGCCTTTGATCCAGAGCACTCACGCTCTGATATTCGGAAAATGGGAATCCTTACAGAGTATCTGCGGACTTATCCCGGGAGCCTTCGCAGTCGCCATCCTCTCGGATATGCAGCTGTGGGAAAATTGGCACAACATATTCTAAAAGATCAGCAATGGCAATATCGTGAAGGATCGGGGTCCCCCCTTGAAAAATTGTGCGATGTCGGAGGAAAAGTATTTCTCCTTGGGGCTCCAACTAGCACGGTTACACTCATTCATTATGCGGAAAACCATGCAAAAATTCCAAACAAAAAAATTGTTCGTTATAAAATGCCAATTCTCCAAGACGGTGAAAAAGTATGGAAAGATTTTGAGGAATATGATTTTATAAACGGGATCGTCCCATGGCCTGAAGATTACTTTAAAAGCATTGTTGATGAATATATTGAAAAAGGCAATGGGGTTCAAGGTACTGTGGGAATGGCCCAATGCCATTTGTTTGATGCAAAAGATTTAAATAACTTTAGCGTAAAATGGATGGAACGTAATTTCTGTTGCTTGGAGGATGGGGAATAATCAAACAAACAGGAAATAGGGGACGTTGTTTATTAGCCAAAATAAACCCGACAGCCAAACAAAATATCTATGGGCGCAGGCTCCTTATGAGGATGTTGACCTTGCCGGGACAAAGACGGATCTGCTCGGTTTAAAGAATATCTCCAACTGGAAGGACAAGCTGTGGCCAGCTTTGATGCAGTTCGCGAGCAGGCGCATCAGTGGCGCAACGACTGTTTTAGGGCTGACAGCGATCTTCACTCCTCACTGCCCTTATCCTTGAACATCACTCCCCTGCTTCGCCTCGTTCCAGAGGGCGGTAAGGAACCGTAAGCCTGGATGTTCGTCCGGGTCGTCACCCCGCGCCGGGCGCCCATGTCGTATTTATGGCAGAAGTCTGGATAATAGCGCAACCATTTCCAATATTCGCCATGACGGTTGGCAGCAACGATCTTCAGCCCAGCCTGTCGTTGAATTTGTTTAAAAGCGCTTTCGGCAGCTTGTTCAGAAGCAATAGCTCTTTTCTCGATTATCCTGAATATAATATGGTTTCGTCAAGGGAAAATCT
NZ_CP022571.1_gap28	1421194	1422390	1196	TTTTTTTTCCCGAGGCCATGTCCCGGTTCATCATCCGCAGCATTTTTTCAACCTGGGAATCCATCGCGTCCTTCGATCCGACCAGCGTAACCGGGGAGTTGACAAGCCGGTGCGATGCAACGACGTCCTCGACGCTCTCGCCGAGCGTTTCGCGGAAAATCCTGATAACGGGCTCCATCAGGGAACTGCCGAGAGCCTCGTCCTCCTCTCCGTCGCCTTTTGAGAAATCGATGTCCGCCTTTTCGATGGATTTCAGGGGTTTGCCGTCGTATTCGCCGATCGAGGGAATGACGAACACATCGACGGGATCGACGAGCAGCAAAACCTCGATGCCTTTTTTCCGGAAATACTCAAGGTTCGGGTGCGACAGAAGCTGACGCCGGTTGTCGCCAGAAAGATAGTAGACCTCTTTCTGTTCCTCGCCCATCCGGGCAACATACTCCTTCAGCGTCACGTACTCGCCGTCCTCCGTCGCAGTGCTCTCGAAGCGAAGCAGTTCGATGAGTTTTTCGCGGTTCGTGAAATCGGTGTTGAGGCCGATCTTTATAACGGGACCGAACGCCTTGTAGAACCTCCGGAAAGTTTCTGGCTCTTCCTGCGCAAGGCTTTCGAACCATGCGATGATCTTCGTCGTCAGAATCTGGCGAATCTTCGCCATGACCGGGCTGTTCTGCACGACCTCTCTTGATACGTTCAGCGGCAGGTCTTCCGTGTCGACCACGCCGGTTACGAAGCGGAGGTACTCGGGGAGCAACTCTTTGCATTCGTGCTGAATCATAACCTTCTTCACATAGAGTTGAGGCCCGTGTTTTTCAAGTGCGCCTTGCTGGTAGAGCATGTCGACGGGAGCCTCTTTCGGCAGGAAAAGAAGCGCCTTGAAACTCACGACGCCTTCGAGCGAAAGGAGAAGATGGGAGAGCGGCTCCTGGTAATCGACAGAAACGAACTTGTAGAACTCGTTCAACTCCTCCTCCGTCACCTCGCTCTTGGGCTTTTGCCAGAGCGCGGCCACGCTGTTGATCCTTTTATTGTCGAGATAGATGGGGAAATCGACAAAATTCGAATACTTGCGGATGATATTCTCGACACGGAAGGACTCCGCGAACTCCTTCGATTCCTCGCGAAGGGTGAACGATATGCTCGTCCCCCTGCTTTCCCTCTCGATTTTCTCGATCGAGTAAGTGCCTTCCCCGGAG
NZ_CP022571.1_gap29	1518661	1519972	1311	AGGGTCTGGGCCAGCTTCAGGGCGACGAACGGCAAGCGCCGCCGATGAGATTTCATGAAAGCCTCGTTCAAACGCAGAGCATCCTGCTCGAGAATACCCTCAACCACCTCGACGCCTGCCGCGCGCAACCTGTCAATCCCTTTTCCCGCGACTTTCTCGTGCGGGTCGCGGCAGGCAACGACAACCCTGGGGATTCCCCTCTCGACGATGAGGTCACTGCAAGGCGGCGTCTTGCCGTAGTGAGAGCAGGGTTCGAGGTTGACATAGAGCGTCGAACGCCGCAGAACATCCTGGTCAGTCACCGACGCGATTGCGTTGACCTCCGCGTGCGGTCCGCCGAAACGTTGATGGAATCCCTCTCCGACGATCCGACCGTCGCAGACAATGACCGAGCCGACCATGGGGTTGGGACTGACGAAGCCGGCTCCTTTCACTGCGAGTTCCAGACACCTCGACATGAAGCGCTCGTGCCCCCACGTTTCAGTCACCGTGAACGCGTTCATGAGAGCCCGGGCGGCAGCAGCCGCGTTTCAGATGTTGCCGACATGCACCTGCACCAGCTTGATGCCCGAAAGACGCAACAGTTCAGCTATATGTTCGATCTTGTAGGGCTTGTCGTAGTAGATGGTTTTTATACCGACGTTGATCAGCACTTTCAGGCAGTGGATGCAGGGACTGGCGGTAATATAGATATCGGCGTCCTTGATCGAGACGCCGTGTTTCGCCGCCTGCGCTATGGCGTTGATTTCCGCATGGATCGTGTTGACGCAGTTTTCCTCGACTGTTCCGTCTGGATGAACGCTGCGGTAAATCATGCAGTTGGTCTCGTTACAGTGCGGCAGACCCGAAGGCGCGCCGTTGTACCCCGTCGAGAGGATATTATGGTCACGAACGATGACCGCCCCGATATGTCCTCGCGTGCAGGTAGCGCGACGGGATATGAGATGGGCGACGCTCATGAAATATTCGTGCCAGCCGAGCCGCTTTTCCCCGGCATCGCCGCCACTGCCCCCCGGCGGAGAACAGCAGGAACCGTGTTCTGAATCTTCAGCCATAGTGAGGAGTTTGATACATTTCAAAACGGGGTGCGCCGGCCTGCGGAAAAAGCATCCGGGCGCCCGGGCGCCCGATGCATGGCGCATTCATCAACAAAGTAAGAAAAAACAACCGCCACAAACAACAAGGGAACGATGCTGCGCAACTATTTCACCCTTTACCATCTCGCCAGGGAGCTGCACGGCCGACTTGCCGGAGGCTATGTCTTCGAGATCTATTCGCAACAGAAAAACGAGATCACGATCGCATGCATAA
NZ_CP022571.1_gap30	1521944	1524255	2311	GTCATGACGATATTGGCGAGCCACATGGAAAGACCGGGATCGAGCAGCCCCCTGTCGGAGGTTTTCTCGCCCAGGATCAAAAGAGCCCAATACAGCACGAAAAAAAGGAGCGAGAGCCCGGCTCCCACGCCAAAGCCTCCCCGCCTGGCCATGACCCCGAGGGGAGCTCCGACCAGCACGAACACGATGCAGGCGAAAGAGAGCGCGTACTTCTTGTGAAACTCAACCATGTAGCGGTTGTAGAGTTTCCTGTTGTTCTCGACCTGGCTTCTTTCCCGCTCGATCTGGCGATCGAGGCGGGCATCTTCCTCGGCGCGCCCGGCTTCAACGTCCGAATCAGCGCCCTGAACCGTTACACTCCGCGCCTTTTTCGCCGAAAGCAATTCCTTCAACGCCCGTTCGGATTCATCCACGCGCCCGCTGAACTTCATCGCCATGGCGCGAAGGCTCGACGCCGACAGCTCACGGTCACCCCGCCTGAGTTCATCGCCGGAGGTCCTTTCGAAGCCGTATCCGGTCGATGCGAAAACAAATCGCTGTTTCTCGAACGACGTGACGCGGTACTCCTCCCCTGAATCCTCCTGCAACTCGTGCATTTCTCCGTTCTCGAGGGTCATGATGAGATAGTGATAATCCGGAGTGAACTCGATCCTGCCGCTTTCGGCGGTAATGACGCTCTTGTAGTCGTCGGGAACCCCCTCGTAGATCGTAATGCCCTCGAGCCGGTCGGAGCGCCATTCGGTTTTGCGCACGAGTATCGAGTACCCTTCCACGAGTCCCGAAAATGCATTTTCCTGCAGGCCGAAGCTCGGCTTTGCCCTCGTTATGTCCCGAAGAAGCAGCTTGGCCTGGTAGTTCGCCTCGGGCAGCACCACGTTGTTGAACCGCTCGACAAGGACGGCAAGCACGACGCTCGCCAGGAGTACTGGCAGTATCAGGCGATAGAGGGAAAGACCTCCGGCTCGCATGACGGCCATCTCGGAACGGTTCGTCAGGTTGCCGAAAGCGATAAGGGCCGACACCAGAACCGCCATGGGCACTGCAAGCACGACCATCCAGGCGATCTGGAGAACGATCAGCTCGACCATCACGAAAAAGTCCAGCCCCTTGCCGACGAAACGGTCGATGAAGATGGTCAGAAAATGGAGGGTGAAAACGAAAAGAATCGTGGCAAAAGCGAACAGGAAGGGGCCGGCATGCTCCCTGAGGATGTAACGGTAGAGAATCTTCATGCGATCAAGGCTTTTTCGCCCGGGAGGAAACTGGTTCGTCGGAAACAATATAGCCAAGACGAAGAATTGTTGAAGCAGGCAATCCCCAACGCGTCCGAATCGGCGCGTTGCTCTTCGCTATTTTTTTACAAACAGGATTTTTAGTAAATTAAACTGCATGATTATGGAGTTGCCGTCCTTTTCAACAGCAAACCATCCTTGCCATGACAACCATGTTGAAGGTAATCAAGAATGCCGGAAAAGCCGTCTTGCTCCTGCCCCCACTGTTTCTCTTCCTGAGTCTGCACGGCCCGGATGTCGAAGCCAAGGACAAGGAAACCAGGAAAAAGCTCGAATCAACGGCGTCCGACGAGGTACAGAAAACCTACAGGTGGATAGAAAAAGAAAGGGACAACCGCAAGCTTCCGTTTGCGATCATCGACAAAAAAAACGCACACATCTACGTTTTTGACGATAAAGGCAAGATCATCGATACAGGCCCTGTCCTGCTCGGCATAGCGAAAAACGACCAGATCGACCCGAAAACCCTCAAAAAACCGCTATCGAGCATCGGCAAGGAAGACCGGGTAACACCCTCGGGCCGCTTCCAGTCGGTCATCGGTCCCGACCACCGTGGGAAACAGGTGCTCTGGGTCGATCCCCAGTTCGCCATCGCGCTTCATCCGGTCGTCAACGTTCCCGGCCAGAACCGCTTCACCCGCATAGAGTCCTCATCCGCGGATGATAACAGGATCACCTGGGGTTGTATCAACGTTCCGGTACCGCTGTTCAAGAAAGTGATAACGCCCCTTTTCAAGCCGAAATCCGGCTTCGTCTACATTCTGCCCGAGTCCGATTCGGTCGAGAAACTGCTCGCCCAAAACGAAAAAAATGACTGAAAGAGACAGCCTCTTCCGCCGTCGAGAATAGCATGCAGGGGCTGAACAAGCCCCTGCTTTTTTATGCCGATACCGGTCACCCGGCACCATGTCTCGGGCATCAAGTACGTTCAGTCCGAAGGCCGCGCCCTAAGGAGCGTGAATCGCGAAGGAACGATCCGCAGTTTTCCCGGAGTGGCCTGATACAGTTCGCCGTCGGTA
NZ_CP022571.1_gap31	1526015	1530321	4306	AAAAAGGCCTACAGTTCAGCCTGCAAGCCTTCTATCACGAGTGATTCTTCGGTACGGAAAAGTTCTGCCTGTTTCAGGCCATGCTCCAGGGATCGAAGATATCGATGGAACAACCGTTGAAATCGCGGATATTTCTTGTCACCAGAATCAGGTCATACACTCTGGCTGTTGCGGCTATGAGAGAATCGACAGCCGAAAGCGACTGGCCGTTTTTTTCAGCATTTCCAGGCATATCTCCCCATTCGAGTGCGACAGCATCGGTGACCGGGATGATCCGTTCAGCGAACCTCACTTCCAGTTCATCTTTCAGCCATGCCGTAAGTGATGTCTTTTTCCTGCCGGGAGCAAGCCTGGCAATCCCTTGCTGAATTTCACCCAGGGTCAGCACGTAAGGTTAAAGTCGAATTCGTCACGCGCATCTATCCACCGCGTGACACGCTGATCGGGAACCGGCCGGACCAGCTCGGAAATAACGCAGGTATCCAGCAGAAAACTCACAGTTCGACCTCCCTGCCGCGGTCCTTTCCTCTGTTCAGGTCGAGCCCGACACCCTTGAGCGGCGACCTCTGAAAAAATTCGGTCAGCGATTCCTGCTTTCTCATCAGCTTGCGGTAATCCTTCATCGAAAGCAGCACGGCCTCCGCCTTACCGTGACGTGTGATGGTTTGCGGGCCCTTCTCCTGCGCCTTGCGCAAAAGCTCGCTGAAACGGTTTTTCGCTTTCTGAATCTGCCAGTTTTCCATATGATCCTCTCCACTCTTATATTCTGTCCTGTATAGACAGAAATATACGATTTCCCGTCCATTCAGAAATCGTCAAGACACCATCGAGCCCCAGAAAACAAAAAAGGCTTACAGGTCGAAACCTGTAAGCCTTTATCCTGGTGCATCCGCCAGGACTCGAACCTGGAACCCACTGATTAAGAGTCAGTTGCTCTACCAATTGAGCCACGGATGCAAAACCATGTCGCCGGAAGATCGCCCCCTTACTTCGAAAGCTCCTCCGGAGCAGCCGGTGCTGGCGCGTCGGCAGGCGCCTTAACGGGCGCGGGAACCTCGCCGGGAGACGGGATGATGGGCGCTTCTTTCTGCAGGATGCTGCCGCCGTTGCCTGTTTGCCTCGAGGGATGGGTAAACTGGACCACGAACGCGAGCACCATGATAATCCCCGCCAGTATGGCTGTGGCCTTGCTCAGAAAATCACCTGTCCTGCGGACGCCGAGATTCTGCACGGTCCCGAGGCTTGCGATCCCGCTGGTCAGTCCGCCGCCTCCCTTGGGATTCTGCAGCAACACGACGCCGATCAGCATGATTGCGGCTATGAGTATCAGCACGACGAGGAAAATATGCATGAGACCCGGCAAGCTTTTATAAATTCACAAATATCGTATCTTCCCAGTATCAAAGGCCTGTAATTTAGCAACTTTTAAAGAATATCCAAGCGGTGTTTACCGATATCGGAAAAATGCTCGTGACCCTGGGTATCGTTGCCGTTCTCGCGGGCCTCGTGATGATGACAGCACAGAAACCGAGCGCTCCCGGCTTCTTGAAATGGTTCGGCAATCTCCCGCTCGACGTCCGTGTCGTCAGGGAAAATTTCAGCTTCTACTTCCCGCTGGGAACCTCCATTCTGCTGTCGGTCGTCCTGAGCATCCTGCTCTACCTTGTCAACAAATTCATCAGGTAACCCTTTTCCATGGCCAACGCACAACAAAACGCCCAGAGAACGGCGAAAGTAGAGAGACGGACAGCCGAAACAGACATTGTCCTCGAGGTGAACCTCGACGGCTCCGGCGCTTACTCAATCGATTCAGGAGTGGAATTCCTCGATCACATGCTTGCGAATTTCTCCCGGCATGCCGACTTCGACCTCACGCTCGCATGCAAGGGCGACACAGGCGTGGACGATCATCATTCGGTGGAGGATATCGCCATTGTCATGGGAGAAGCCATTCTCGCGGCGCTGGGCAACAGAACGGGCATCCAGCGCTACGGATGGGCGATCATCCCGATGGACGAAGCCCTGGTGCGCTCCGCGCTGGACCTCGGCGGCAGGAGCTACTGCGTTTTCAGGGGCGAGTTCAGCAGACCGGAGATAAACGGTTTTTCAACCGAAATGATCGAGCATTTCTTTGTCTCCCTCTCCCGCTCCATGCAGGCCAATATCCATATCGCGATACTCGAAGGCAGCAACACCCACCACAAAATGGAAGCGATCTTCAAGTCGTTCGCTTACGCCATGAAACAGGCCGTCTCCATCACCGGCACGGCCATCCCCTCGACCAAAGGGGTGCTGTGAATGTGTTGTTGAACGAAACGTGCCTCCAAGCGACCGGGCGGGTACAGAGGCCCGCCCCTACGGTTGCACGATTCGGCGTGTCTCCCGTCATCCCTGTACGCGCGCGAAAAATTTTTCACCCCTACGGCCATCCGTGAAAATCCGTACAATCCGTTTATAAAACGATTTCCAGCAACGAAAAAGGCCGACACAACCGGCCGCGGCCCTTCGATTCAACACTTCAACAAATCAACGAGTCAACACTCCTCATCACTTCGCGTAGGCAACGGAGCGTTTCTCGCGGATTATGGAAACCTTGATGTGGCCGGGATAATCGGCCTCTTCCTCGATCTTGTGGGCGATGTCATGAGCGAGCACGTCAGCCTGCGAGTCGGTGACGTTTTCCCCCTCGACGATGACCCGTATCTCGCGCCCGGCCTGCAGGGCGTAGGTCTTGATGACTCCGGGAAATCCCTTGGCGATCTCCTCGAGGCTTTCGAGGCGCCTTACGTGCCCCTCCGGGGTAACCGCGCCCCTCGCACCCGGACGGGATGAGGAGATGACGTTGGCCGCATCGACCAGGTCGGCGATTGGGCTTTCCTTTTCATAGTCGCCGTGGTGGGCGGCTATGGCGTTAAGCACAATGCGCGGCTCGCGGAATTTCCTGAGATACTTCATGCCGGCGACCGCGTGGGGCTCCTCGCTTTCGGGAAGCACCAGGCCGATGTCGTGAAGCAGGCCGGCGCGCTTTGCGAGTTTCGCGTCGAGCTTCAGCTCGGAGGCCATGATGCCTGAAAGCATCGCCACCTCGCGTGAGTGCTGCAACAGGTTCTGGCCGTAAACGGTATGGTACTTCATTTTTCCTATCAGCGAGACCAGTTCGGCGGGCATGTCCGGAATCTGGAGGGAGGAAAGCGTTTCCTCTCCGGTGGTCATGATGACGTCGTCGATCTCTTTTTTCGCGTCCTCATAGGCTTTCTCGATCGCGACCGGGTGGATAACGCCGTCGATAAGGAGTTTCTGGAGCGTCAGCTTGGCGAGCTCACGGCGGAGCGGGTCGAAGCAAGACAGGATAACCACCTCCGGAGTGTCGTCCACCACGATATCCACGCCGGTGGTGTTCTCGAAGGCCTTGATGTTGCGTCCTTCCCTGCCGATGATGCGCCCCTTGAGCTCGTCGCTCTGGATATGCACGACGGAAAGGGCGCTCTCTGTCGCCTGGTCGAAGGAGACGCGTTGAATGGCAGTCAGAAGGGTTTTTTCGGCAACCTTGGCCGCCTGCTGCTCGGCTTCCTCGTGAATTTGGTGAATGGTTTCGGCTGCCTCGTCGCGTGCCACTGAAAGCATGTTTTCGGTGAGCATCTGCTTGGCTTCCTCCGCCTTGAGATTGCCTATGGATTCGAGCTTCTCGTTCTGTTCGGCAATAATACGCTCGAGTTCGCCCGCTCGTTTGGTCACGGTCTCCATCTGGTGTTCGAGATCCTTGCGCTCCGAGGCGATTTTCTTCTCGCTGTCCCGAAGCTCCTGTGCCTGACGCTTGAGATTGTTCTCCTTCTGCTTGATCTGCTTCTGGAGCTGGTTGAACTTGTTGTTCTTGATGGTCACGTCGTTCTCGAACTCCCGACGCCTCTTCTTCCATTCCTGGTTGACCTCGGTCACCTTGAGGTCCTTGTATTCGTTTGCTTCCTTCTGGGCTTCCTGCACTACCTGAACAGCCCGTTCTTCCGCCTCGAGAACCTTGGTCGTACCGATTCTTTCCAGAAAAAACCTGCCGATGAAGAAACCGACGGCAAAAAACAGCAGCGATGCAAGAACAATCAGCGTCAGATTAACTACAATCCCCATTCACGTACCTCCTTTTGTGCCTGTTCGTCCCGATATACAAGGGGAACCACCGGCTGATGCAAAAAAAACCCGCACCACACCGGGATGTGTAAGATTTAAGAACCCGTTTCAACACGGTGGGCGCCTCCTTCCAGTGTCTTGCCTCCTTCGCGACGCCGTCTCCGGCATCTCCGGTTCCTCAGCA
NZ_CP022571.1_gap32	1636975	1638243	1268	AAACGAAGACGAACAGGTCGCCAAGCCCTGAATAGGCTATGGGGCAGGGTCCTCCGGTATAGGCCCAGGCGAAAAACATGGAAAGCAGTCCAATGATCAGCACGGGCCAGCCCGCGAGCCAGACAAGATAGAGACCCATCAGAAAGACCGCGACGAGCAGGGCGATGGAAACCGAAATCATTGTTTTCTCCGCGATCAGACCCGCCGCCACGGTTCGTGTCGGCCCGAGACGTTCTGCGGTATCCGCTCCCTTGCGGAAATCGTAGATTTCGTTGATGAAGTTGGTTGCCACCTGGATACCGAGCGCGCAGAAGAGGGCGACCATCGCCGCCGTCGGCCTGAACACCCCGTCAACCGCGGCAACAGCGCTGGCGACGATTACCGGGACCGCTCCCGCGGGAAGGGTTTTCGGCCGTACCGCCATCATCCAGGACTCGAAACGCGACGGACGAACGTACCCGGGGTTGCTTGCTTCGGTCATTTTTTCCGGTTTTTCTCCATTGCGACACTGCTGAACACGTGCCTGATTTTCTGGCCGGGCCGAATATAGGTCAGGCTGTGGCGCACGGCGATGGTAGCGTCGCTCAGCCCGGTCTGAATGATTTTCAGTTTGCCGGGGTAGGACGCGATGTCGCCCGCTGCGTACAGGCCGTCGATCGCGGTTTTCATGTTGCTGTCGACCACGATGGCGTTATCGAGCAGTTCAAGGCCCCAGTCGGCCAGCGGTCCGAGGTTGGCCTGATAGCCGATCAGGGGCAGCATAACGTCGGCATCGACCAGGGTTTCCTTTCCGCTTCTCGAACGCAGGCGCGCCCCGCGGAGAACCGGCCCTTCATGCTCGACCGCCGAGACCTCCGTGTTGAGATAGACATTCATCGCCCCCTGTTCGGCGGCGTCGAGCACCTCGTCGCGTGTCTTGCCGTGGCCGTGCAGTTCGGGAGAGCGATGAACAACCGTGATACTGCCGGCAACCGGCAGAAGCATCATCGCCCAGTCGAGCGCCGAGTCGCCGCCGCCGACGATGAGGACCTTCCTGCCGGCGAACCGTTCGATGTTCCTGACCGCGTAAAATACCGAAACACCTTCGAGTTCGCTGATGTCGCCGAGCTGCGGCAGCTTTCGGGGAGTGAACGCCCCGAGACCGGCCGCCACGAGCAGCGCGCGTGAAAGAAACGTTTTTCCGCTCGCGGCAGCGACCTCGAAGGCCCCGTCCTCGAGTTTCCTGAAACTGCGGACCTGCTCTCCGAGGATGACTTCGGGTTCGTAGC
NZ_CP022571.1_gap33	1654530	1655806	1276	TCGGGATAATATTCGCTGTAGGTTCCCTCCAGCCAGACATTGGCGACAAGCGCCGGGCCGCCGTGTCCGGGACCTGCGATATAGATCATGTCGAGATCCCTCGACCTGATGGCCCTGTTGAGATGCGCGTAGATGAAATTGAGTCCCGGCGTCGTTCCCCAGTGGCCGAGAAGCCTGGGCTTGACGTGCTCGGGCTTCAGGGGCTCCTTCAAAAGAGGGTTGTCCATCAGGTAGATCTGCCCGACAGACAGATAGTTCGCCGCATTCCAGTAAGCGTTGATCCTGTTGAGTTCATCGGTTCGTAGAGGTTTTGTCGTCATTCTTCGTCTTCTCCCGTTTATGTTGCTTGAATCCCTTCGATCACCCGCAAGGTCTGCCTTGCGATCGTCATTTCTTCATTCGTTTTCATAACTCTGACGTCGACAGCCGAGTTTTCATTCGATATCAGGCGACCTCCCGCACGATTTTCCTGCTCGTCTATCCCGATGCCGAGAAATCCCATGCCCTCGCAGATACGGCTCCGAATTTCTGGAGAGTGTTCACCTATGCCGCCCGTGAAAACCAGCGTATCGAGCCCTCCCAGCACGGCGGCGAGTGCTCCGACCTGCTTCCTTGCCTGGTAGCAGAACAGATCGACAGCCATTTGCGACGGGCCGTCACCGGCGGCTCCAGCCGCAAGCAGGTCACGCATGTCGTCGCTCCTCTCCGACAGGCCGAGAAGCCCCGAACGCCGGTTCACCATCTCCTTGATCTCCCCGGCGGTCGCATGGCCCTCCTGCAGAAGAAAAAGCACGACGCCAGGATCGAGGTCGCCTGTCCGGGTGCTCATCACGAGCCCTCCCGCCGGAGAAAACCCCATCGTCGTATCGATGCTGCGGCCGTCGCGGAGAGCGGCCATGCTCGCGCCGTGGCCGAGATGGGCGACGACGACCCTGCCCTGGCCGCACGAAAGAGCGTCCAGCTCACCGAGAATGAACTCGTAGGAAAGACCGTGGAAACCGTACCTTCTGACCCCCTGGAGGCGAATCGTGGACGGAAGCGGGTAGATTTGAGCGACCTCGGGCATAAAACGATGAAACGCCGTGTCGAAGCAGGCGACCTGGGGAATACCGGAAAAAAGCGTTGCGGCGTGCCGCAGCGCGTCGAGAGCCTGCGGAAGATGCTCGGGAGCGAACGGCCTGAGTTTCTCGAGATCGTCGAGCAGTTCCGGCGTCACGCTCGCGGGAGCCGCGTGATCTGGCCCGCCATGAACGATACGATGACCCAGGGCATCGGG
NZ_CP022571.1_gap34	1680198	1684504	4306	ATTGAGCGCGACAATGTCCCGGGCCTCGAAATAGCCACGGTTTCTCTCGGCGATCAGGTTGTTCTTGAACAGCACGTCCTGCTCGACGTCGACACGCCGACCGTGCTCATGGGCATGTGAATGATGATGGTGATCGTGACGATCGCCACGGCCTGCCGAAACGCCGTCATCGACATGAATGTGAAAAGAATCGTCGCCGGGCTTGCTGATGACGGCACCATTTTCAGAGGAACATCCGCAGGAATCGCACATGGCTGCTGTTGATTTGTTGATTTGTTGAACTATTGAATCGTCGAGTTGCTGAAATGCCTCAGTCGAAAAAGACGCCCTCCACACCGGATTTCAGCCTCCCCCACTTCCACATTCTGCAATCTGCATTCCACCCTCACTCCAGGGTGATCGACCTGATGGTCAGTTCGCGACCCGCGATGAGATCGACCCTGAAGGAACCGCAGGAAACGCACGTCGCGTAATGGAAATCAACGGGAAAACGTCTGCCGCAATCCGAACACTTTCCTTCGGGCTGAATCACCCTGATAGCAAGGGTCGCTTCTTCGAGCATGCTGTTTTTCACGGCCGCTGAAAAACAGAAGCGCAGGGAATCAACCTCGACGCCGGATAGCTTCCCGACGTCGAGCTCCACGGCAGTGATTATTTCCGCTCGTTCCTGTCTCGCCCTCTCCTCGACGGCATCGACAATGGACATCGCTATCGACATTTCATGCATATTCGCCGTTTTGCTTGCTCAAAGGTAACAACGAAATAACCGAAATCATTTCACGGACCGCAACCGCGCCTGGATGTTTTTTCTCTCACGGGCATGGAAGCCGCGCCTCGCAAGTCCGGCTTTCGCATGATTCTTGAACCTTTTCAGATGCCTTTTATTTTCGTAAATTTGCTGGAAATTTTTCAGCGCGACCATGACAGCAGCATCGAGAAAAATCCCCGGATTGCACCATCTCACCGGACTTCACGACATGCCAGCCAGGATTGTCAGAACGATCCTCGACAGGGCATCGGAACACAAGGCGCTTCTCCTGCACGACAGTGATAACATCCCGCAAAGCCTGAAAGGCCGGAGAATCGTCCTTGCGTTTTTCGAGAATTCCACGAGAACGAGATTCTCCTTCGAAATCGCCGCGCGAAACCTGGGGGCGTCAACCCTGAATTTCTCGGCGGCATCGAGCAGCGTCAGCAAAGGCGAAAGTATCACCGACACGATAAAAAACCTCGAAGCGATGCAGGTCGATGCGTTCGTCATCCGGCACCCGTCCTCAGGCGTCGCCGACATGATCTCCGGCATCACCTCCAAAAGCGTCATCAACGCTGGAGACGGCACCCGCGAACATCCGACACAGGCCCTGCTCGACATATTCACGCTGCGCGAATACTTCGGGAAGCTCGAAGGCATCAACATCATGATCCTCGGCGACATCCTGCACAGCCGCGTCGCACGCTCGAACATCTTCGGACTATCCGCTCTCGGCGCGAACGTAGGCGTCTGCTGCCCGGCCACCCTCCTGCCGGGCGACGCGGCGTCGTTGAAGGTTCGGGTGTTCACCGACATTGACGACGCCATCAGGTGGGCCGATGCCGCCATCGTCCTGAGGCTGCAACTCGAGCGGACAACCGGGGGCTATCTTCCCTCTCTCGAGGATTACTCGCTGAATTTCGGTCTGACTGACGAACGGCTGGAAAAAATACGCAAGCACATGCTTGTGCTGCACCCGGGACCGATCAACCGCGAAATCGAGATTTCAAGCAATGTGGCCGATCGCATCCAGCCTCCCGGCTATTCGAGCAGCATGCTGCTCGAACAGGTGACAAACGGCGTGGCGGTCAGAACGGCCGTGCTCGAAGCGCTGCTTGCCAATAGCGGTAAAGACGAATGCCCGGGCAACCAAGGAAAATCCACCAAAACATAACCACCGCCATGCTGAAAAAAAATCCCTTCATCATCGTCACGGCCATGCTGCTGCTCCTCGCGGCGACCCCTAACGGCGCTTCGGCGGCACCGACGCTGCGAACCATGTTCAAACCGTTGCTCGCCGATCCGCTCGAACCCAGGATAGCCGTTATGCCCTGGCTTGACGACGACTTCCTGCAGCTCGATATCGGCACATCCGCCGACCTCTACCAGAGCGCGAACGGCAACTTCGCCTTCGGGATCGATTTCGGCACCTACTCCCTTCTCCAGAGAAGCGACAACTTCAAGTTTCCCGTGGACACGATCGACTACCTCTTCGGCGTCAACTTCTCCTGGAAGGAGCAGCTGGACATCGACGGCCTTCCTTTCGACGAATTTTCGGCGCGGTTGCGCATCAGCCACATCTCCGCCCATTTCGAAGACGGCCACTACGACGAGGAAGCCGACGAGTGGCTGAACGAAGAGGACTGTCCTTACGGCATTCCGTTCACCTACAGCCGTGAATTCGTCAACCTCGTCGTCGCGCTTTCGGAGGAAAACAACCGGGTGTACCTCGGATACCAGTACCTCTACCACACCATCCCTGACGATATCGGCCGCCACGCCTTCCAGGCGGGAGTGGAAATCGCCACACCCGGCGAAACCTATCTCGCGGCCGACTTCAAACTGCTCCCCGAATGGAACGACGAAAAGGAAAGAACCGACGGCTTCAGGGGAACGTGGAACCTGCAGGCCGGATGGAGACTCACGGCGCTCGGCATGGAAAACGTCCGGCTGGCCTACAACTACTTCACCGGCATGAGCCGGCACGGCATGTACTTCTACGATGACGAAAGCTACAGCACCCTCGGAGTGATCGTCGATCTGTAACGCTCTATTGCGGCGACTCGTAAAATCGGGGCGCATGTTTTTCAGCGCCCTCCCCGCCGAGAAAACCATACAGAAACGGCGGGTAAAGTTCGTAACCATCGAGGGTGTCGAGAGGCAGCCAGCGCACCCGGATGATAACCTGACCGTCATCGGGCAATTCGGGATCACGACCCGTCATCAGTTCGCCGCCAGTCACCTCGCAATGAAATCCGATTGAAACGGAATGGTGTACGCCGCCGGCTCCGGGCAATCCGGGAGCCGGATACAGCAGTTCCTTCACGAAAGCCATGGCGCCGACCCTGCAACGGAGCCCCGTTTCCTCCAGCATCTCGCGCATGACGGCCTCGCGCATTGTTTCGCCCGGTTCGACGACGCCTCCGGGAAGAATCCAGTAGGTATCCGGAAGTCCCGGATCGTCCGGCGCGAAGCTTTTATGCTCCACGAACAACGCCTTTCCGTCCACCACGCATAAAGCGCTGACTCTCAGCCTGACACGTTTCATAGTTTACTGTTAAATTGCACAATTTTACTCTTGACGCTCTTGAGCCCCGAACGATTGCCGGAGTCGGTCAAGCCTGTCCCCGAATCGCATGACGTCACGCCTTATTCGCGAAAACACCGCAGAATCCCTCCCCATAAGAAAGAGAAAACGGCGACCACGAAAAGCAAGTTCTTTTTTTTACAAATTTTATGTAAATTAGGGCGTTTGAACACATGTTCTTTTCCGGAAATGCGTTTTCCTGCCCCTACGGCAGTACGGGAAAATGCCTTTCCTTTTCGAAGCAACACAAAAAACCTAACGGAGAAAGCAATGAAAAAAATGCTATCACTTGTTTTTGCGCTCGTGATGCTGGCGGCATATTCCATGCCGGCGTCCGCCGAGCTCAAAATTGGTGGTGACGCCCAGGTCCGTCCGAGAGCTCAGTTCCAGGACGTGGAAACACCTTCTGGCGACGATCAGGAAGACGACCTCAAGTACATGTGGAGGGTTCGCCTGAACGCTTCAGCCGACCTCGGCGACGGCTACTTCTTCAAAACATTGATCGCAGCGGAAAGAAGCGATGGTGTTTTCAGCAACGAGAACAACTACGGTAATCTTGCGACCGTCGGTTATGCCAACACGGAAAACCACGACCTCGATATCTCGCAGTTCTACTTCGGTCGCATGATGGAGAACTCGCACTACATGGCGGGCCGCATGCCGCTCAACAGCGCCAACAACCCGGTCTTCGACCTCACCACCTATCCTTTCGCGCCGCTTGAAATCCCGACCTACCTTATCAATTTCGACAGGGTATTCGGTTTCAACTACGGCACCAAGGTGGGTCCCGGCGAGCTGAACGCCACGCTCTGCATACTTGACAACGAGTCCGGTGACGACAGCCCGATGGAAGGCGACGGCCTCTTCAACGACGGCTACGCCCTTCACCTGACCTACAAAACCAACATCGGCGACATCACCATCGATCCTCAGCTTCTTGCTGTGCTTACCAACGCCGATGTTTTCGC
NZ_CP022571.1_gap35	1705213	1705878	665	CCGTCGTCGTCCCCGGAGCGGTGCTCGCAACGGTGTTCTCCACCGATCTTCTCAGCGGTTTCATCCTGCTCGTGACAGCGCCGCTCATTCCGATCTTCATGATACTGATCGGCAAGGCCGCGAAAAAAGCCGCGGCTGGCCAGTGGGAAACCCTCGCCCGAATGAGCGGAAACTTTCTTGATGTGCTCCAGGGGCTGACCACCCTCAGGCTGTTCGGCAGAAGCCGGGAAAGAACCCGTTCGATCAGCGAAATCAGCGAGAGATTCAGACATTCGACGATGCATGTGCTTCGGGTGGCTTTCCTCTCCTCGCTCGCCCTGGAACTCGTGGGAACGATCTCGACCGCGATCATCGCGGTCGAGATCGGCCTGCGGCTGCTTTCAGGTTCGATAGCGTTTAAACCCGCGTTTTTCATCCTGCTGCTCACTCCCGACTTTTATCTTCCGCTGCGCCAGCTTGGCACGAAATTTCATGCCGGAATGGAGGGCTCGAGCGCCGCCGAAGAGATTTTCGCTATCCTCGACCGGGCCGAAAACCGCGAGAATGCCGCGCCGCAGGAATCATCAGCCTCGTCGCCTGACCTGAACAGCATAGCATTTCAACAGGTATCTTTCACTTATCCGCAAAGCGGCCGCAAGGCTCTCGACACTATCGACTGTGTCCTG
NZ_CP022571.1_gap36	1839446	1843493	4047	ACCCGGCAAGTTCGGCGAGATCGACCGCCGCCTCCGTATGGCCGACCCGCCTGAGTACCCCGCCGTCCATCGCGCGGAGAGGAAAAATATGCCCCGGACGCGAAAAATCATCAGCATGGCAAGCCGGGTCGCCGAGCATTTTTATGGTCATGTAGCGGTCGTATGCCGAAATCCCGGTCGTCACCCCTTCGGCCAGAGCGTCGACCGATACCGTGAAATTCGTTTCGTGCTGGGAAGTGTTGCGCTGCACCATGGGTTCGAGCTGCAGTTCCCTCGCCCTTTCCTCGGTCACTGCCACACAAAGGAGCCCTCTTGCCTCCTTGATGATGAAGTTCACCATTTCCGGAGTGACCTTGTCCGCCGCCGCGATAAAATCGCCTTCGTCCTCCCTGTCCTCGTCGTCGATGACGATCACCAGTTTTCCCGCTTTTATATCCTCGATCGCCGACTCGATGGAATCGATGTTCGATCCGGCCTTTGCTTCTTCCATGCCTGTTGACCCCTGAAAATTAATGCTTCGGATTCATCTGCTTACGGTAGAATAATGTAAAAAATCTTCGGATTCCGCCTACCGTTTTTGAGAAGCCTTTTCATTTTTGTATACTTCACGGATTTTCGACCGCCTCGGTATTTTTTAGTATTATTCACTTACAGTAACCGGCCCGGGAAAAACTCCTCCGGGCGCACGGCAAGAGGTTTTTTCTGTAAGTCACACAAACCTGTCGACCCTGCATGAGCACTTCAGCTCCAGACTTGTCCGGCGAAGCCCTGGACCTGTCCCGCAAAGTATCCAGAGAACATCTTTTCAGGGCAAAAGAGCAAGGCTTCTCCGATTGTCAGCTCGCCAATATTTTCAGTGTCACCGAACAAACGATCCGGGCGCTTCGAAAGCATTACGGCATCGAGTCGGTCTTCAAGACCGTTGACACCTGCGCGGCGGAATTCGACGCCAGGACGCCGTATCATTATTCGACCTACGACATTGAAAACGAGTCGGTCAGTTCCGATCGGGAAAAAGTGATCATTCTCGGCGGCGGCCCGAACCGTATCGGTCAGGGAATCGAATTCGACTACTGCTGCGTTCAGGCGGTTTTTGCGCTCAGGGAGGCCGGTTACGAAGCCATCATGGTGAACTGCAATCCGGAAACCGTCTCGACAGATTACGACATCGCCGACAAACTCTATTTCGAGCCCCTGACGTTCGAGGATACTATCCGTATCATCGAGCACGAGCAGCCTCTCGGCGTCATCGTCAGTTTCGGCGGTCAGACGCCGCTGAAACTCTCGACGAAACTCGAGGAAGCCGGCGTAAAAATTCTCGGAACGTCCTCGAAAGGAATCGACCTGGCCGAGGACAGAAAAAAATTCGGCGCGCTGCTGCGGGAACTCGATATCCCGCATCCCGATTACGATACGGCCATATCCTACGAGGAAGCCAGGGAGATCACCTCGAGGATCGGCTATCCCGTTCTCGTCAGGCCGAGCTACGTGCTTGGCGGCCGCGCGATGCGAATCATCTACAGCGACGATTCCCTCAAGGAATATGTCGACCAGGCGCTTTTCATTTCCGAAAAATATCCGCTGCTCATCGACCGCTTCCTCGAGACCGCCGTCGAATTCGACATCGACGCGCTGGCAGACGGCACCGACTGCATCGTCAGCGGCATCATGCAGCATGTCGAGGCCGCGGGCATCCACAGCGGGGACTCGACGTCCATACTGCCTTATCACAACATCAGTCCCGACGTCATCAAGACGATGAAGGACCATACCAGGCGGCTCGCCGAAAACCTCGGGGTCGTCGGACTGATGAATGTCCAGTACGCGGTTCAGAACGACCGGGTCTACGTCATCGAGGTAAACCCGCGCGCCAGCCGCACGGTGCCGTTCGTCGGCAAGGCGACCGCCATCCCGCTGGTGAAGATAGCGACGAGAATCATGCTCGGCGAAAAGCTCTCCGACCTGCGCAAGGAGTTCCGGCTGGAAGACTGCGACAACCTTGGCATGAAGCACCTGGCAATCAAGGAACCGGTCTTTCCCTTCTCGAAATTCGTCAAGTCGGGAGTCTATCTCGGACCGGAAATGCGCTCGACCGGCGAAGCGATGAGTCTCGCGTACGATTTTCCGGAGGCTTTCGCCAAGGCATACCAGGCCGCGAACATGGAACTCCCGAAATCAGGCACCGTGTTCATAAGCGTCAACAACCACGACAAGAACGAACGTATTGTAACCGTGGCCCGCGAGCTTTACCGGATAGGATTCGACCTGGTCGCCACGTCGGGAACGCAACGGTTCCTTGCCGAAAACGGCATAGAGTGCAAGAAAGTATACAAGGTCGGCGAGGACGGTCGTCCGAACATCTTCGATACCATCAAGCTCGGCAAGATCGACTTCGTCATCAACACCCCGCTTGGCGAACGGGCGCTGCACGACGAGGAAGCCATCGGCGCCGCATCGGTCCTCAACAACGTGCCGTTCGTCACAACCATCGAGGCGGCTGAAGCCTCCGTCCAGGCAATCGCCTGCCTGCGCCGACAGGAATTCGGCGTCAAAAGCCTTCAGGAATACGCAGCCTACCGCAACCGGTAGAGCTTCTCGAGAAACGCCATCGCCCTTTCGTGAATCGCCGGTTCAGTGCTCTCTCTCGGACCGGCGACATTGAGCGATTCGATCCCGTTGCTCTCAAGCCAGCGATCGGCTTCGGCTGGCGCGCCGGTGTCCTCCGGATCGACGACGATACATGGCTTTCCCAGTTTTCGGGCGATCTTCAGCGTGTAACGGGTCCCCCCTGAACGCTTCGGATTCCCGGTGATCACGAGCGTTCCATCGGAATCCCGGACATTCCATTCCGTGCGCTGGCGGTAACCCCTGCCAGGTGTCTCAACGAGCCTGTAACAATCCGCTATACGGCCGTCTTCCGACCGTCTCCCTTTCGGGCACCAGCCCCCGTGCGGAAGAGCTTTAGACAGTGCGAAATCGAGGGCGGCTCGATCAACGCCTGTCTGTCCCCCGGAAACGATCCGCAACACCATGCCTGCCTCACAGGGTAATCAGGAGCGTCTCGCCCTGCTTCTCGACACCGTAGACGGCAAGCGGTCCTTTCGCGGGCCCCTCGATAAGCTTTCCCGAGTAGTCGAAGGTCGATGTACCGACGCTGCAGCACTGAACGGTACCGGTGCCCGGAACAGGATCGAGCGCGCGCTTTCCGTGCGTACAACGATTCCTGAACGCGTGAAACCCGCCGTCGTCGCCATGCACCAGCAGCAACGGCTCGGCAAGCCCCTTTCCTTCGAGGCGAACCGCCGAGCCTTCCGGGGACAGTTCCGGCATCGCCTGAAGATCGACGGTCAACTTGCCGCTCTCGAACGTCCAGCCCTCCTGTTTCGCCGGCTTGCGCGTCACGCACACGCCGAAAAGACGCTGAAAGAAATTTCTGTCGAGTTTTTTTACAGTCATGGCTTTTCAGGTTTGTTGTTTGGCACGGCGATTCTCACGGCACATTCTCCGGACACATCGTTTCCGGAAAGGCAACGGCTGCGGCAAGGCCCCCAACGGGTAAGCAAAAGCCGTTTGAAACGAATGGGCCGGGATATTACATTTACCTATGACAGAAAGATACTAACACAACCATCACTTTTCCCATGGACCAGCACCTGTCGGAACATCTCGACGAATCCATCTCCCTCGAACTCAATATAGCCCGCCTCTACACTCTTTTCCACGACCTCTTCCCTGATGACGAAGACTTCTGGTGGCAACTGGCGATCGAGGAAAGAAATCACGCAGCACTGCTGCGCAACGAAAAAAAGGCGTCCCATTCAGCGGCAGGGGCGGTACCTGAGAACCTTCTTGCAAAAGACCTCGAGTCGCTGAAGATTGCAAATGCAGGAGTCGCCGCCCTCGTGGAGCGCTACAGGACAACCTCGCCAGGCAGGGAAGAAGCGTTCAGAACGGCCTACACCCTCGAAAATTCGATCGGCGAAGTCCATTTCCAGGAATTCATGGACAGAAAGTCCTGCTCGCTCTCGGATGAACTGTTCCGCCAGC
NZ_CP022571.1_gap37	1848084	1851806	3722	TTCCCGCAATTGGGATTACCGACAAGGGCGGCTACCGTCTTCTTCGCCGCCGCTCGTTTTTCGCGCGCCGCCGGCTGCGCGTCCGTCATAAGGGTATCCGGCATCAGCCCACCTCCTCGACGGTTATCCCTTCCGCATCCTTTCTGCGTAAGGAGAGTTTGCATTGTCTGACCGATATTTCGACAGGATCGCCAAGCGGAGCGATCCGTTCGACCCGTACTCTCTCGCCGCCCAGCACCCCCATATCGACCAGCCTTGACTTCAGAGCCCCTGAACAGGAAAGTTTCCCGATCCGTGCGCTTTGCCCGGTAATCATCTCTGCAAGTGTCATGTGTTGTTCCCGATTAGTATTTTCTTTGCAAGACCGCGCCCGAGCACCATCCTGCTCTCCTGAAGTTTGACGACCAGCGGACCGTTCCCCCTGTTACGCAGGACGGTTATGCGCTGCCCCTCGCAAAACCCCATTTCGCGGAGCCTCACGGCGCCGTCAAGATGGAGCGAGGAGTGACAACCGTGACGATGGCGCCCTTCGCAGAGCATCCCCCTGATCTCAGAGCTCATGCCCTCATGCAGCTCGGACAGCGTTTTCATGGAGAAAGTCCCCTTATAATTGATTAGCAATCCGTTATTCCTGGAAAATCCCGCGCCGAAAACTACAATTCCGCCGCAAGCTGGAGCGTCAAGACGTCTTCGCTTGTGTCGTCGGCGTTCTCGTTACGAAGGTACTCCGCACCGATGGAGACTCCCTCGTGAAGCCCCCAGGAAACGGCTGCACCGTACTGGTTGTCGATATCGAATTCGTGCGCACCGCCCACCCTGGCCACAAGCGCAAGCTGCGAAGGCATGTCCCAGACAAACTCGACATTCCAGGCGCCCGGACGGCTTCCAACCCTCGCCCCGTCCGAAAATTCGTCCGTCGCCGAAAGATATTCGCCACCCAGACTCACCGACCCGACAGCGACCACCAGATATCCCGAATAACCCCCGATGAAGCTCGTGGTCGGTACTCCGTCGAAATCCTCGACCAGCGTATCACTATCGGCTATGTTGTTCGTGTAGGAAACACCCGCCTCGCAATCGAGATCGCCGACAGCGCCTCCGATGTTCAGCGAACCGACCCAGGTATTGACATGGTCCTCATCAGACTTCCGCACATCGCCCTTGTAAACGCTTACCAGAGCCCGAACCGTATCGTTCTCCCATCCAAAGGCAACGGAGGATTTCTGTGTCGTTTCACCGAGCTCGAGTGTCAGAGGGTCGGTGATCATCCATGACGGAAACGCACCGATCCCCTGGGCGAATCGACCGGCATTGACGAAAAAACCGGAATCACCGGGGGAAAGGGTAACAAACGCCTCATCGACCTCGATACCGTCGGTTTCATCCTCTTCGTAGAGAAACAGCACGTGAGCGGAAATCCATTCCGCGATCTCGGCATCGAGACCAAGCTCCAGCGTCGCAAGCACGATATCCGAACTGTCCCCCATATCCCCGTCCGCATACGAAGCCTCAGTCTCCAGAAGACCGCTCAACTCGATATCGTCGGAAATTTTCTGTGAAGCCTGTGCAGGCATGGCCGGTACCGCAGCACACACAAGCACGGCGAGCATTTTCCCAAAAGAGCGTTTTTTCATAGCAGGGTCTCTTTTTGAGTTTAAATTAATTTAGACTCTTTAAAAACATAAAGACGAATATACACTTACCTTTAATTATTCCAAATAAAATACAATCAAAAACCACCCATTAAAATTTATTTAGACAAAATAAATACAAGTAATTATATTCGAGAAAAAATCTCCCGCAACCCAACTGGAAAATCATGACACTCCTGCATCCACGGCGTTTCTCCACGGTCGCAATCCTCTGTAACCTCCTCTTGGCGGCATGCTCTCAGCCTCAGGCTCCCAATACCGGCAGGGAAAATCCCACTAAAGGGAAAAAAGTCGGCGTACTGCTCGTCAGCCATGGCTCACATTCCGAGACATGGCGGAAAACGCTGTTTGAACTCGAAAAGCGCGTCAGGCAAAGAATACTCGAGAACGGTGGCGTTGCCGGCACGAAAACCGCATTCATGGAATACCATGAACCCTCCATAGCCACGCGATTGAAAGCGTTTGACGAAGAGGGATACTCCGACATCATCCTGGTTCCCATTCTGCTGACGGTCAGCTCGCATTCCTTTGACGACATCCCTACAATCGTTGGCCTGAAGGATAACCCTGAATCCGTTGAAATGCTCCGGCTCGAGAAAATAGAGCGTTATTCACCTGCCGCGACCGTCCACATTGCGCCGTTGCTCGATTTCGGAGATATTCTCCGCAAGAACGTTCTGAGGAGAACGAAAGCGCTTTCGGAAACCCCCGCCGACGAAGGGCTTGTGCTGATCGGATACGGTTCGGAGCCGTATGAAAACGAGTGGGCCAGGCTGTTCGGCGACGCGGCAGAAACCGTGCGGGAACAAACGGGCATTGGCAAGCACAGCATCGGCTGGTGCGGCCACATCGTCCGCTACAGCCCCGATTCGACCACCGCCGCCGTCAATCGTGTTCTCGAAAAGAAAAAAACCGCGATCGTCATCCCTTCGCTGATCGCTTTCGATGAAAACTTCCAGATCCGCATTATCGGGGGCGGAATCGAAAAAGTCGACGGTCACGAAGAGCGGGTGCGCTACAAGCCCGACGCCATCCTGCCGGATCCCGATGTCGAACGATGGGTTGTCGATATAAGCAAGGAATTCGCGAAAAACATCCTCAATCAGTAACAACAGCAAAAACCGATGACGAAGAAAAACCGCGATGCACTGCGCAGGCTCAACAACCTTCTCCACCGCGACCTGGGCTATTTTTTTGCCGCACTGATCATCGCCTACTCGCTGTCCGGTATCGCCCTGAACCATGTCGACGAATGGAATCCCGATTTCATCATCAGGAAAACCACGCTGGACTTCAAGCGGACCTACGACCGCCGGACCATTACCGAAGAGGATATCGCGGCGCTCAGCTCAAAAGCGGGTGAACGGTCGTTCAGGCTTTACGACTTTCCCTCTGAACGGCAGGTAAAAATCTATTACAGGGACGCGACCCTTCTTGTCGACCTGGAGAAAGGCGCGGGGGAATATGAAAAAATCTCCCGCAGGCCGCTCTTCTACCAGGTCAACGTCCTGCACCGCAACAGCGTCGAGTGGTGGAAATGGGCATCCGATCTTTTCGCGGCCACGCTGATCATCATCACCCTCACGGGCATGTTCATGCTGCGAGGACGAAACGGATTTTCCGGAAGAGGAAAATGGCTGGTCACAGCAGGCCTTATCCCTCCGCTGATCGCCGTCTTCCTGCAGCAAACACGATGACCTATCCTGCACCCGATCGTCGCTGACAATGCAATTCCCGAAAGAAATGCCAATACTTACCTTCGTTTACCGTTTCTGCCTGGCAGCCGCCATTCTGGTTCATACCGTTTCCTGCGGCCGTCCGCCTGAAAAAACCAGTAAAACACCGGCAGGGGAGAAGAAAATCGGAGTCCTCCTCCTCAATCACGGCTCACGCTCGGAACAATGGAGGAAGAAGCTGCTGGAGCTGGAACAGCGGGTGACGGAAGAGCTGCTGGCGATCGAAGGGGTTCATGACGTCGAAACCGCTTTCATGGAGCATGCCCGGCCATCCATAGCCGACGGCCTGAGGGCTTTCGACAGCGAAGGCTGCAACGATATTGTCGTCATCCCG
NZ_CP022571.1_gap38	1876240	1877281	1041	CGGCCATCCTGCCGTAAGTACTGACGGTCACCCGGTCGGACTGGAATCCCAGGCGACGGCCCCTGAGCGTTTCGATCGCGGCGAGCGATTCGACATAGCCTTCATCGATGACGAGCGAATCCATGACCGAGACTTCCTCACCGACCTGTTGCTTGTAACGGAAATCGGTCAGAATCAAGGAACGTTCAGGAGAGAGCAACACCTGCGCACTCGAACCGCTAAAACCCGTCAGCCATCTGATCACGCTCGGATCGGTGACAAGCATGGCGTCGAGGTTTTCGGCGGCGAGTTTTGCAAACAGCGGCGCAAGACGCCGCGAATCGGTTCTTTTCATGGTCGGCAAACGGTTGCCAGCCGCCATAGCGGCCGTCGTTCGGTCACGGTAATTTGTAATCCTCGAACGGGTTGGCTTATTTTAGAGCTGATACCGCGGCACGGCAACCCGTAGTATCCGCGCGGCGCTTCATCACGCAAATCTTTCGCCGGATTTCGTCGGCGGTGTCTTATATTCACTCTCAACACTGTTCTTCTTCATCCGTCAAGGCCTCACAGTATATGCAACACACGGAGTTACTGCAAAAGTTACTGACCGGAAACGATCTGACAACCCCTGAAATGGAATCCTGCATGTCCGCGATCATGGACGGCAGGTTCCCGGATACGGCCATCGCCGCGATACTGGTCCTGCTTCAGAAAAAAGGAGTAACCGCCAAAGAGGTCACCGGAGCCTGGAACGCCCTTATCTCGAGGACCACTCCCGTCAGGCTCGATCCGGACGCCGTCGATACCTGCGGCACGGGAGGGGACCATGCGGGAACTTTCAATCTTTCGACCGCGGCGGCCATCATCGCCAACGGCGCTGGGGTCATGATAGCCAAGCACGGCAACCGTTCGGTAACAAGCCGGTGCGGCAGCGCCGATGTGCTCGAAGCGCTCGGGCTCCGTATCGACCTGCCTCCCGAGGCCACCGAAAAGCTATTCCGTGAAACCGGCTTCGCGTTCCTCTTCGCCCCGCTCTACCACCCCTCGATGAAAGCCGTT
NZ_CP022571.1_gap39	1878730	1882063	3333	CCATTCTGGTCGTGAAATCATCATGGATAACCGCGTCGATAGCCGTCATGCTGCTCGCGCTCCAGATTCCCATGCAGAAAATCCTGATCGACAACCCGAAGGAAAAAGCCGTCTGGTACAACGCTTTCGGCACGCTGCTCTACGTGCTGTCGATGATGGTCTGCGCTGTCGGCATACGCCCCTGATTCCGTCGGATACGACTGCATCGACAGGGTTCAGCGCCCGGCAATTTCCGCTTTTGATTTTCGGAAAGTATTACTTATATTCTGGTTCATTTTCACAATCAATCTGATGCGATCATGTCCAAAGTCTGCGTACTGACCGGAAAAAAACCCAAATACGGCAATACAGTTTCCCACGCCAACAACCACCGCCGCAAGCGCTTCGAACCGAACCTGCACACCAAGAGGGTCTGGCTCGAGGAGGAGAACCGCTGGGTAAAGGTGCGTGTTTCCGCAAAGGCCCTCAAAATCATGTCCAGGACCGGTACGGCAGAACTGGCGAAACTCGTCAAGTGAACCCGACCGCCGCGTAAGGCAGCAAGGATAATTGTCAAGGCTCAACCGCAAAACGGTTGAGCCTTTTCCGTTCCGGACCATCTTTGCGCTGTTGATGTGTTGAATTGTTGCTCTGTTCCGTGCCTGCCCATATGTCCCGATCTTGCCAGCGGATTGTGCGGATTTTCACTGATTATCGCAGGGGCGAGATAATTTTCGCCCCTACCGTGACGGCGGAAGAAGCGCCGGATCGCAAAGCTGCGAGGGGGGGGATGCGACAAGTCAGGTGCGCTGCCCACTCGACAATGCCGGGAATTCGGACAAATCAACGATTCAACAGCTCAACGACCTTACGGTGTCCTCATCATTCGTCACGTTTCAACATCATTCCCGATGCGCAAGAAAGTAACAATCTATACCGACGGCGCCTGCAGCGGCAATCCTGGAAAAGGAGGATGGGGAGCGCTCCTCATGTTCGGCGGTCTCCAGCGCGAGATTTCAGGCTACTCTCCCGCCACGACGAACAACCGGATGGAACTCATGGCGGCGATCATGGCACTCGAAGCGCTCAAGGAACCCTGTGACGTCGACCTCTTCAGCGATTCGAGCTACCTCGTCAACGCCGTCAACCAGAACTGGCTGAAACGCTGGACTGCTAACAACTGGAGAACCGCCGCTAAAAAACCCGTGGAGAATATCGACCTCTGGAAAAAAATCCTGGAGTTGATTAAATTACATAACGTTGCCTTTCACAAGGTCAAGGGTCACAGCGACAACGAGTTCAACAACCGGTGCGATTTCCTCGCCCGGCAAGCAATAAAAAACAACAGCTGAAAGCCCCTATGGAATCCAGTTCAGAGCAGACCGGCCGGCCGGTCGAAGGTGGAAAACCAAGGAAAAAGCCGAGCCTTCTCCTGATCACCGTGATCCTGGGAACCATCGGGCTTGTAGCCCAGCTCGTCTGGGTAAACTGGAAAAAACCCGTTCCCGTTGCGGAGCCGCTGCCGCCCGAGGTTGCCTCCGTCATAGACCGTCTTCCCGGAACCTCGGACGCGCTCATTTACGCGAGCCTGAAAGACATTCGTGAAAGCCTGTTCTGGAAAGAAGTCATTCCGGACTCGCTCCGCAACATGGAGTGGCTGCGGTCCGAACCGGCGCTTGCCTCGGTCATCGAGGAAACCGGCTTCGACCCCGCGAGCGATCTCGATACGCTCGTTCTCGCTTTCCAGCACCAGAACTCGAAAAAACAGAAATATGTGGGCGTTCTGCGCGGATCGTTCAAGGACAAGCTGACGCGGCAATACCTTGAAAAGAAAAGCCTCGCGACAGGAAGCCACGGCGGCGAAACCTGGTATGCGCTTCCCGACTCTCTCTGGATATCGCGCCTCCGCGACCGTGAAGTGGTTCTCGCCAACACGCCGCAGTTGCTCCAGGGCTATCTCGAACCTGAAGGAAATTTCCTGGAGAGGGATTCGACGACCGCCGCGCTCATAGGCAAGGCCGCCTATAAATCGCACTTCTGGTTCACCCTGTCCTCCACCAACTGGACTCTCGGAGCCTTGCAGAGCCTTACATCGGGCAACAAGGACATGAAATCCCTCGGCAACATCAACCGGATTCGACACCTCGCGCTCTCCCTGAAGTTTGATGACGGCGTCGAGGGCCAGACCGAATGGATCTACGAAAACCGCCGTTCGGCGTACTTCGCCTCGACGTTCCTGTGGGCGGCCGTGAAACTGTCCAGCGCATCGGGAACCCGCACGTCGGAGCCCGTCAAGGAACTGCTGAAAAAGCTTGAAGTCATGCAGAACCTCCAGTCGGTCATTGTCCGGACGGATCTGCCGATCGGTTTTTTCCGCCCTGACAGCTCGGCCGGCTCTCGCTGAGCCCTCCGTACCCCTTCGCGGAAAAATACAGAAAACGCCCCTTGCGGATCACATCGATCCCTCCAGAAAGCTGCATTCGACGCCCTGGCTGCGAATGCAGCAGTTTGACGAGCCTTCCGAGCACCCGCGAGGAATGATCACACCCCAGATCCTGAAGTGCCCGTTTCAGCAGTTCTTTGCGTTCGAAAACACTGAGCCGTTTCAGGGCTTCGGCATCGAGCCTGTCGTCCAGCAGCACAAGCCCCGGATCCTTTCGTGCGAGCTCCTCGAAATGCAGTTCGAGAAACTCTTCCAGTTCAGCGGCATTCGCCGACAGACGTTGCAGGGAGGGCAACAACTTGTCCCCGAACCGTTCCTCGATCAACGGTATGACGCGGTTCCGGATGAAATTCCTGTCGGGTTCGATCCCGGTATTGCTGGCATCGATCCGGTAACGTATATCGCGCATACCGAGATAATCCATGATATCCTGTTTGTTCATCAACAGCAGCGGACGGACGATATGGCCGTGATGAGCGCGAATTCCCCTGAGGCCCGCAACCGATGCGCCTCGAAAAAGATTGAAAAGCACCGTTTCAGCATTGTCGCTGACATGATGACCTGTCGCCGCCTTGTCGAAGCCCCCGCTCCGGATGAGCTCGTCGAAAAATGCGTAGCGTTCCATACGAGCAGCTTCCTCCATGGAGCGCTTCCAGCGCCGGGCATCGGTTCGCGTATCGAAACGCCTGACATGGCAGTCGAGCCCCAACCGCCTGGCCTCGGCGCTCACGAGCTGCTCGTCGAGCATGCTCTCTTCCCCCCGCAACTGGAAATTGCAGTGTGCAACGCCCACGCTGAAACCAAGAACGGGCCGGAGGGCGCAAAGCAGGTGCAGCAACGCCATCGAATCGGGCCCGCCGGAAACCGCCGCGAGCACCCGCTCGCCCGAAAGCAACAGTCCCCGCGCGGCA
NZ_CP022571.1_gap40	1950130	1952175	2045	TACCCGTTCCGCCATGATGATATCCTCCGGTTTCCCGGTCCGAAACTGTCGCCGGAAAGCATATCCACGTGATCATATAACCACAAGAACAGACAGAAAAGCTATTTCGTTGCGATCTCAGTCCTTCACGCAACGCACTGAAAAACCGATACTCTTGTTGACCTTTATCCTGCGCACCTCGTCGCCGGTCGTGCTCACCTCCCGGTCCCAGGCCTCGTAGTCACCCGCTTCCGAAGCGGTCCAGAAGTAGGCGTATTTCCCCCTGCCGAAGAACATTCCCAGGCAGTTGCGGCTTCCGGCAGGCACGGCATTGAACCCTTCCCTGTCCCTGAGAACGCCGCCCGCCTTGCCGTCTCCCCCCAGGGAATCCGCCAGCGCCTGCCATTGTGCGTCCGAAGGCACGTGCCAGCCTTCGGGCGCGAGACCTCTCGGATCGTTGACCGCATACCAATTGTAAAGCCGCCCGTATCTTCCGGCGTTCCCTTCGTCGTTATCGTAATGGCACCAGGCCCCCTCCTCTTTCGAGATGGCATCCTGCCACTCCTCCTCAGTGGAGGCATGGCGAACGGGATCGCCGTTTCGGTAACGATCCACGTCGAGATTCGCGGTCATCCATTCGCTTCCGGCGAGTGTAACCGTCCCGCCTCTTTCAGAAGGAGCGTTACAGGCCAAAAGACCTGAAAAAAAAAGCATCGTCAGAAGACAGGCGAACAGGGAGCGACTTTTCGAAATCATGGTGATTTTTTTTAACTATGAAGAAAACGGGGCTCATCAGGAAAACAAGACAGAACCCCCGGCCACGATAAAATATCCAACTGAACTGACGATGAAAAAAATAGGCGTACTTCTTTCGGGCTGCGGGGTCATGGACGGCTCTGAAATCCATGAAGCGGTGCTCACGCTTCTTGCCATCGACGTTGCCGGCGCACAGGCGGTCTGCGTGGCCCCCGATATCCCGCAGCATCATGTCGTCAACCACCTGACAGGCGAGGAGATGCCCGGCGAAACCCGAAACGTGCTCGTCGAATCGGCCCGCATCGCCAGGGGCGACATCAAGCCATTGAAAGAAATCGACACCCTCGGCCTCGACGCCCTGGTGCTGCCGGGAGGGTTCGGGGCGGCGAAAAACCTCTCGAACTACGCCTTCAGGGGCGAAGAGTTCGAGATTCTTCCAGAGGTAGCCGACGTCGTCGGCTCGTTCTACAAGGCGGGCAAACCGCTGGGATTCATCTGCATCTCGCCGGTCATCGCGGCGAAAGTGCTCGCGAAGGAAGGCGTCGAGGTCACGATCGGCAAGGATAAAAAAACCGCCGGGCATATCGGAACGCTTGGCGCGAAACATGTCAACTGCCAGGTCAGCAACATCCACGCGAGCCTCGGAGGCAAGGTGGTGAGCACCCCGGCCTACATGCTCGGCCCGACGATCAGGGAAGTCGCAAAAGGTATCGAAAAGCTGGTCAACGCCGTGATCGCGCTGGCGTGAGATAAGTGACGAGTGACGAGTGACGAGTGACGAGTGACGAGTGACGAGTGACGAGTGACGAGTGACGAGTGACGAAGGGAAGATAAAAACCGGGAGCACGTTTTTTCCAATCCGTGAAAATCCGTGCAATCCGTGGGCCTGATCGGAACACGCAGTCAGGCACAGGAGCCCGTCCCTGCAACAAATCAACGATTCAACACATCAACAAATCAACAACCCCCTCATTTCTCATACGGCACGCCGGCCTCTTTCGGGGCGCGCGACCTGCCGACGAACCCGGCGAGCACGAAGAGCGTGATGAGATAGGGCAGGGCCTGAACGAACTGCGTCGGCAGGAAACCGGTCTGCAGCCAAAGTTCGAGCGACTCCGCTCCCGCGAAGAGGAGGCTCGCAAGCGCCGCTCCAACGGGAGTCCACTTGCCGATGATCATGGCCGCCAGCGCGATATACCCTCTTCCGGCCGACATGCCGTCCGTGAAACTGTGCTGCTGGAATGCGAGAAAAACGCCCCCGAGAGCGGCGAGCATTCCGGAAATCAGCACTCCCGCATACCGCATGCGGA
NZ_CP022571.1_gap41	1965430	1967805	2375	CCTGACCATGGCGGCAAGATAACAGACGCCGATAATATCCGAGATGTACTGAGGAAAGGGGATACAGGCGGACTGGGGTGCCTCTGCAAGACAAACATGCTTGAAATAGGCCATTGGCGAAACGATTGGATTTCTCTTGCATACCGTCGGAAAACCTTTCCGTCAAAAGATACAGGATATTGCTGAACCGCACGCAAGAAAATCATGAAAAACCCGGCGCCGCTGTCCTTGCAAACCCCGATTGCAACCTCTGGGCAAAAAAAAACCGCTCCGTCCGGATGCGGGCGGAGCGGTTACCAGGAGCGGATCGCCTCGCTCAGACGCCCGCCATCATGGCTTCGATATCGCCTTCGACCGTTCCGATCGGCTTGATGCCGAATTTTTCAACAAGCACCGACGCGACGTTCGGAGTGAGAAATTCAGGAAGCGTCGGACCAAGCCTGATGCCCTTGACGCCGAGCGAGAGCAGGGCGAGCAGCACGGCTACGGCCTTCTGCTCGTACCAGGCTATATCGTAGGATATCGGCAGGTCGTTGATGTCGTCGAGCCCGAAAACCTCCTTCAGCTTGAGCGCGATGACCGCCAGCGAATAGGAATCGTTGCACTGTCCCGCGTCGAGCACTCTCGGAATGCCGCCGATATCGCCGAGCTCCAGCTTGTTGTAGCGGTACTTGGCGCATCCAGCGGTCAGAATAACCGTGTCGCGGGGAAGCGCCCCGGCCACGTCGGTATAGTACTGACGGGAATTATGGCGGCCGTCGCATCCGGCCATGACGACAAAACGCTTGATGGCGCCTGACTTGACGGCCTCGACGACCTTGTCGGCAAGGGCGACAACCTGGTTGTGCGCGAAACCGCCGACGATCTCGCCGTTCTCGATCTCCTTGGGAGGCAGGCAGGTTTTGGCGAGTTCGACAAGCTCGCCGAAATCCTTCGGCTCGCCGTTTAGCCGCCCCGGAATGTGCTTCAGTCCCTCGTAGCCGGCATTGCCGGTCGTGAACATGCGGTTCCGATACGACTCCTTCACCGGCACGATGCAGTTGGTCGTCATGAGTATCGGCCCGTTGAACGATTCGAACTCCTTGTCCTGCGACCACCAGGAACTGCCGTAGTTGCCGACGAAATGGTCGTATTTCTTGAACGCCGGATAGTAGTGCGCGGGCAGCATCTCGCAGTGCGTGTAGACGTCGACGCCCGTGCCTTCCGTCTGCTTCAGCAGGTCTTCCATGTCACGCAGGTCGTGGCCGGAAATCAGGATGCCGGGCCTGTTTCCCACGCCGGTCCTGACGGTCGTAATCTCAGGGTTGCCGTACGTTTCGGTATTTGCCCGGTCGAGCAGCGCCATCGCCTTGACGGCCGTCTCTCCCGTATCCATGACGAGGCCGGTAAGCCGTTCGGCGTCGAGATCTTTCGTCAGTGCAGCGAGAGCCGTCACGTAAAACTCGTAGATCGACTCGTCGACGTATCCGAGCACCTCGGCATGATCGGTATAGGCGGCGAGCCCCTTCAGACCGTAGAGCACGAGACTCTTCAGCGACCGGATGTCCTCGTTTTCGCTGAGAGCTTCGATCCCCGAAGTCTCAGCCTTCCGGACGAAATCCTCCTTGCTCTGGCCGGACCAGGTCACGCTGTCGTGTTTCGGCATTGCCTGTAACGAGGATTTCAGTTCGTCGCGAAGCGCGATCGCCTCGAAAATCTTGTCGACGATGGCATCGTCATCGAAATTGGTGTTCGTCACCGTGACGAACAGGGCTTCGCTGATGAAGCGGCCGTGGCCCTGGCGCGGTTTTTTCCCCGATGCCTCCACGCAGAGAGCGATCCCTTCGAGAGCATAGACCAGCGTATCCTGCAGTTTGGCAGTCACTTCGTTCTTGCCGCACACGCCCCTGGCGATGCATCCCGTCCCCTTCACGCTCTCCTGACACTGATCACAAAACATGCCCATGATTTATTCTCCTTTTTTCTTTATGGTTATGGATAAAGCCCGTCGATAATCCAGGTCGGCGCCCTCAAAATCTCCAATTCTCTTCCTGAGCACCATCCTGTTCAGCAGGGCTGTCCGCAGTATACTTCTGTTCTTGGGCGAAGCGTCCACTATCTCCGAAAAATCCGAAAGGGCGCCCCCGACGTCGCCGAGCGCCACTCTTGCCATTCCCCTGTTGCCCAGCGCAAGAAATCGTTCGCGCATCCTGAGCCCGAGTTCCAGAGCGATCGTGTAATCTCCGGCCGCGCCGGCGTTGTTCCCGTTCCGGCTTTTCACATTCGCCCTGTCGTAATAGGCCTCGGCGTTGCGGGGAGCCTCCCTTACCGCCCGATCGAGATCATCCAGCGAGCCCCTGTAGCTTCCAAGCGCGTCCTTCAGCATCGTTCCTCTT
NZ_CP022571.1_gap42	2165811	2170536	4725	GCCGTTCCCGGAAGAGCGGGCGCGGCTTCATCCATCCCGACGGAACGGGAGCCGTCCCCTCCGCAGGCCGAAAGAACGAGCAGAGGAAACATAACAAGAAAAAAAAAGGACGTTGCTTTCATAAACACAGCGCTCTATTTCTGAAACAATGCTAAAAATACTTTCAGGACGCGTTCTCAGACGATTTCGACCAGTTCGATCGAAAACGTGAGATCCATTCCTGCCAGAGGATGATTCGCGTCGATCATGATCCCTGTTTCAGTCACGTCAGTGACGAGCACGACAGCCGTCTGACCGTTGGCCATGCCAACCTGTAGCTGCTGACCGATGCTGACGTCAAGATCGGCAGGAAGCTGCTCACGCTTCACTTCGGTGACGAGCTCCTCGCTGCGGGGACCATACGCGTCAGTGGAGGCAATGGTGGTTTCGGTCGATTCACCCGGCTGAAGCCCGATGACGGCACGTTCGAAACCGGGAATGACCGCGCCTTCTCCAATGGTGAATTCCAAGGGCTGACGCTCGGCGGATGTATCGAATACGCTTCCGTCGTCGAGTTTCCCGGTATAATGAACCTTGACCTTGTCTCCGCTTTTTGCCTCAGGCATACGTTCCTCCTCTGTTTTCGTGATTTTTTCGGCTTGTCAATCAACCATCACCAGAACATCAACAGGCAACACCCTGGAAACAATCGATCATCTGGAGGTAAACTATGGAAAAATATCCTAAGATCACACCGGGAACGCGTCAAAACGCATCGCTGCCGTACAAGGCCGTTTTCAGGCCGGGCCGGGGGGACCTTCGAAACGGACTTTCGGCAACGATTCGGGGTAGTTGCGCTGCAGGAACCGCAAAAGGCTCTCGCGCACCAGACAGCGAAGGTCCCAGGTATCAGAGGAATTCGCGGCGCTGACGAGCGCGCGGAGTTCAATGCTTTTCTCGCTCGCCCCTGTCACCTGGAGATTGACGACTCGCTTGTCCCAGAGAGGCGTGGCCGCGACGATCCGCTCGAGTTCCCTGCGAACGGCATCGATATCGACGGCATAATCGGCATGGATATAAACGCTTCCGACAAGTCTGGCGGAAGTGCGCGTCCAGTTCTGGAAAGGTTTTTCGATAAAATGGTTGACCGGCACGATCAGGCGGCGTTCGTCCCAGATCCGGACGACCACGTAGGTCAGGGTAATCTCCTCCACCCGTCCCCATTCGTTCTCGACGATGACCACGTCGTCGATGCGGATCGGCTGCGTGATCGCGATCTGGATGCCCGCAACCAGCGTAGCGATGCTTTTCTGCGCGGCGAACCCCAGAATGATGCCGGCGACGCCCGCCGAAGCCAGCATGCTGACGCCCACCTGGCGAACGGTATCGAAAGTCATGAGCACTCCTGCCACGGCCATAACCACAATGATCACGTTGAGCACCTTTCGTGAAAGATCGAGATGCGTGGCGAGCTTGCGGGCTTCGAGATTATCCGACCGTTCGAGTTCCCGCCGGTTGACGATAACGGCTCCCGCCGCCGCAATCACCCGGATCGCAAGCCATGCCGATGCAACGATGAAGCCGATGGACAGCAGATGCGAGGCCGCGGAAAGAATCACCCCGGGAAGCGTCATGAACTGCCTGAACAGCACAAAAAGGAAAAGGACGAAAAGGACCCTTGCCGGCGCGTAGAGACGGCCAAGCTCAACCGTGCTCACTCCTTTCGGGAGACGGATGCCGACAATACCGCGTTTGAGCAGCGCATTGGCGATACCGTAGAGCAGGAGCCCGAAAAGAAGCGCAACCAGAACGAGGAAAACCCTCGAGGGATCTTCCCGGATGATAGCCTTGATCGATTCAATCATAACCGCATGTTACCATTCTGTTCCCGGTCGGCGGCACGGCTCAGGCAGGAAATGCTCAGAGACGCGCGGCTCTCTCGGATTCGGCAAGAGAACGGGAGACGCAATCCTCTATCGCCATGCCGCCGAAGTAGTTGCCGCTGAGCAGAACGCTTTTGCCCTCGAGCATGTCCTTCATCTTTTCATGCCACTCCCCGTGGCCGAGACGCAGGGAAGGAACCGTGTTGCGCGCGTCGAACCTGTGGGCGATCTTCGAGCGGTCGATGCCGAGCACCTCGCAAATACGCCCGATCCTGCGTTCCTCGTCGATGCCGGGCCTGAAATGAAAACTGAACCCCCGCCAGGTGTCGTCAGGAACCGTGTCGCGCGACACCGCCGAGAAAAAGATGTCGTTCGGAGAAATAAGCGCAGCCACCGGTTTGAGCGCAAGGTCGCTCTTTCTTACGGCGACCGCGACGGAATCGACGCTCGCGGCCTGAAGTTTGCCGAGATGTCCCGCCATGCCGGGCTCGATGGTCTGCAATAGGCGCGAAGCGGCCGCCGAGGGCACCGCGAGACCGAGCATCGTGGAAGAATAGGTGACGCCCGCCTTGGTCGTAACGGCGTAGCGGCCCTCGAACGACTCTATCCCGGTGACTTCCTGGCCGGTAAAGACGTTGATGCCCTTGCTTTTCGCGATACCTTTCGCCACGGACTGCAGACCGCCCCTGAAGGTATAGTTCTTGAGCACCGCCTTGCGCTTCGGGCGCGACTTGAAAATCATTTCAGCCGGAAAATCGTCCGTCAGCTGGGATGGCACCGCGTTGAAGAAATGGCGGAGGGTGGCCTCGTAGTTCTTTGCTCCGGCAATTTTCGAATAATATTCCCTGACGGTGAGCCCGTCCTTTTTCAGCGAAAAGAGGTTCGGCACGGATTTCAGGGCTTCGAGCATATTGATCCCGGACATGACGGATTTCACCTCTCCGTCCACGAACAGCGAAAACGGGACTTTCTCTCTCGGTATGATGCTGTCGGTCATTCCGCACGCATCGACGATGTCGAGCAGGTTCTGGTAGGAATTGTAGCAGGTATGCGCTCCCAGCTCCATCCAGAAATCGCTGTTTTCGGTCCGGTAATGGTGGGAATGGAACGAGCCGCCGACGCCCGGGTTCTTTTCGAGGAGCGTGGTTTTCATGCCTGCCCTGGCGCAGTAATAGGCAAGGCTGAGCCCGCTTATACCTCCCCCGACAATCACGACATCACTTTTCATTTGTGCACTTTTTTGAGATTTTTTCACGAATCACGTTACGTAATGTAGTGAAAACACGACAGAACACCATCCGACGCCGACGCATTCTCTACGCCCTTCCCTCGTAGCCTCCGTCCCTGTAGCCCTGCACGTAGCGGACATAGTTTTCCGGAGACTCTTCGATCGTCCGGCGTTCCCCGTCGGTGACCGGACGCATGACTTTCGCCGGGACGCCGGCCACCAGCATGCCCGAAGGCACGGTGAAGCCCTGCCGGACGAGAGCGCCTGCAGCCACGATCGAATAGGGCTCGACCACGCAGTCGTCGAGCAGTACCGCACCCATTCCTATGAGCACATGGTCCTTCACCGTGCAGGCATGCAGGACGGCGGCGTGCCCGATGGTGACATCGCTGCCGATATAGAGCGGCCCGGTGTCGTGCGTGACATGCAGCGTCGCGTTGTCCTGCACGCTCGTTCTGGAACCGATCGTTATGGGGCAAACGTCGCCCCGGATAACCGTGTTGAACCAAACGCTCGAATCCTCCCCGATGGTAACATCGCCGACGATCCGCGCGCCGTCCGCCAGGAAAACCGATTCGTGCACTTTCGGATGCATACCCCTGTAGGGCAGAACTGTCGCCATAATTTCAAAAAAGCTTGTGGTTGGAAAACCCTTCACCCGCTTTCAAACATAGCATTTTTTCTTTTTCATGCAGCATGGACCGGAAGATCGCCGGCATCTGGAGGCATGTGCGTTGCAGCGAAGCCTCAGGGCCAATCCATGCCCCTTGTCACCGAACATCCGGGGAATCTCTTATATTGATTGACGGGCACCTGTCCGGAACCGGCGAACGAAAGGAAGATGAAAATGCATGGCAATCAACGGTAACGGTTCGACGTTCAGTTGCGACGGGCTGAAAAAAATTTACAACAAGCGTGAGGTCGTGCGCAGCTCGACGCTCAAAGTGAAGCAGGGCGAAATCGTCGGCCTGCTGGGTCCGAACGGCGCCGGCAAAACCACGACGTTCTACATGATCGTTGGCCTGGTCAAGGCTGACGCCGGGCACGTCTTCCTCGACGAGCGCGACATCACCGGCCTGCCGATGTATCGCAGGGCAAGGCTCGGGATAGGCTACCTCCCTCAGGAAGCATCGGTCTTCAGGAAAATGACCGTCGAGGACAACATTCTCGCGGTGCTGGAATTCACGGCCCTTTCGAAAAAGGACCGGGTCGACAGGATGGAAAAAATGCTCGAGGAACTCAACATCACGCGCATCCGGAAAAGCATGGGCTACGCCCTTTCCGGCGGCGAACGGCGGCGAACGGAAATCGCCCGCGCCCTGGCGCTCGACCCGAAGTTCATCCTGCTCGACGAACCCTTCGCCGGCGTGGACCCCATAGCCGTGGAAGACATACAGGAGATCGTCGAGGGACTCGTCAAGCGGAACATCGGCGTGCTGATCACCGACCACAACGTGCACGAGACCCTTTCGATCACCAACCATGCCTACCTGCTCTTCGACGGTACGATCTTCATGCAGGGAACCCCTGAAGAGATCGCCGAAAACCCGGAAGCCAGAAAACACTACCTTGGAGAAAAGTTCACCCTCGACCGCTATTGAACCAACCGTGCAGGCCATGACGCCGATGCGGAAA
NZ_CP022571.1_gap43	2171657	2173226	1569	GTACAAGGCGGATTCATCGTGGGTTTCGACACCGATACCCCTTCGATTTTCCAGAAACAGATCGAGTTCATCCAGAACAGCGGAATCGTCACCGCCATGGTCGGCCTGCTGCAGGCGCTCCCTGGCACGAAGCTCTACGACCGGATGCGCGAAGAGGGACGAATCACCAGCAGTTCGAGCGGAGACAATGTCGACAGCACCACGAACATCATTCCGAAAATGGACCTCGACATCCTTCGCAACGGCTACCGGGAGATGATGAACCACCTCTACTCGCCGAAAAACTACTACAAAAGGATCAAGACCCTGCTGGAAGAATACCGGCCGCCAAAATTCAAGTCACGCATTCGTCCCGGACAGCTTCTGGCTTTTGCCCGATCGATGCTGGTTCTCGGCATCATCGAAAAAGAGCGGCTCCAGTACTGGAAAATGCTCACATGGACATTCTTCAAACACCAGCGTTCCATGCCGCTCGCCGTCACGCTGGCCATCTACGGGCATCACTTCCGCAAGGTCTGCGCCCTGCACCTGAAAAAAGAGATCGACAACCCCGCCGCGACGGCATAGGTAACTGGAAACCGCAGAGCCTGCACTCGATGATATACCGATGAAGAAGCAGCATCCCCGTCCATAAATCTATCGTGGACTGCCGGCCGATTCATCCCCCGTCCGCAGGACCTCCATGATCTCCTCCCGCCTGTCTTCGATCGATTCGCAAAGGTCTTCACGGCAGACGATTCTGAATTTTTTGGTGTAACGCTCAAATGCAAGGATGAAGTCGGAGCGAAACACCGATTCCCCGAAATCGTCGAAACGGATAAACCGCCCGCCGACAGCGGCCGCGGCGTTTTCGAGATATTCTCCGCGCGTCGGAAAGACGCGCAACTCGCGAAGGTCGGCATAGTCGAAAACATCCTTCGGGGAAGGCGGGTCGATCAGGATTTCATCACCGCGAAGATCCTTGCCGCAGCGCCGGTTGAGAAGGGCGCACAGCTCGATCTCCTTCCTTTTCCTGCGGAGAGGATTGTTGGTGTAATCGAACATCCATCCGACCGGCTCTCCCGCACCGTTCAGGTAAGGCGTCAGCGTCAGGGCACGCTTGTAGAGCTTGCGGCGCAAGATCCGGCGCAGCATGCCGGACGAACCGGCGGCGCTTTCAGGCAGCCGGCGCTCCAGCTCGTGCAGCACCCGGTCGTCGGAATTGTCGTAGAACAATCCCCTCAGCGTGTCCGGAGCTACCGCGCCCTCGTCTATGGCGTCCTGGAGCATCCTTTGCAGCATCACCGAAAACGTCCTGCTGGTATGATGCCAGTAGACGTTACGCATCATCATGTACTTCGTGAAAAGCAGGCTTTCCAGGGGAGCAATCCCCTTTTCGGTTATCGCAAAACGCCTCATACCGGGATCGGGCACGAACGATTCGATCAAACGCTCGATATCGATGCTGCCGTAAGGAATGTTGCAGTGATGCGCATCGCGCATCAGATAATCCATCTTGTCCGGATCGAGCGTTCCGCTGATCAGCTTCCCGAAGCGCTCCGTTCTCCCCGTAATGATACCCGCCACTTC
NZ_CP022571.1_gap44	2175199	2178176	2977	GGAATGACACCCCGATAACCTCTTCTCCGGCAATGTCCACATCAGCGTCCAGTGCTCTTGCCGCGACGGCGAAACTCATGGCAATCCTGTGATCGTGGTAACTTTCGACCGCGATGCGGCCGCCGGGAATCCGCCCCCGTCCGGTAATTGAAAAGCCGTCGGGAAACTCTTCGCAGGAGAATCCCAAACGTCCGAGATTGCCTGTCACAGCCGAAATCCTGTCGCTCTCCTTGCCACGCAGTTCAAAAGCGTTGTGCAGTTCGAACTCTCCCGTGGCGCAGGCCGAAAGAACGGCCAGCATCGGAATTTCATCGATAATGTTGGCGACCGTTCCCGGATCGCTGATCCTGAGAGGCGACATCGAGGGTGAATAGCGCACAAGCACGTCACCGACGGCTTCACCTCCGCTCGTTCGCCGGTTCTCGATCATCACGTCCGCTCCGGACTCGACGAGAAGGTCAATATATTCCGCACGGGTTGGATTGAGGCAGACGTCGCGGATCAGTATCTCGGAGTCGGGACAAAGCAGGCCGAGAGCGATGATGAAACATGCGGCCGAAGGATCGGCCGGAACAAGAAAAGGTTTCGCGGGTATCGTCTTTCGTCCGGGAATGACGACCGCACGACGGCCATCGGAGAACTCTTCGACTTCCAGGCCGAGCATCAGTTCGGTATGGTTGCGCGAAGGCAGGGTTTCTATAACGCGGCTTTCTCCGTCCGCATGCAGAGCGGCAAAAGCGACCAGCGATTTGACCTGCGCTGAAGGAACGGGCAGCTCGTAGGATATCGGCCTCAGATCCCTCGTTCCCCTGACGACAACCGGCGCGGTTTCCTCGGCGGAAAGCGTAACCTCTGCTCCCATGAGACGCAACGGATCAGCAACCCTGCGCATGGGGCGGCGCATCAGCGAGCTGTCGCCGACCAGCGTACTCTCGAACGGCTGGGCGGCAAGCATACCTGCAAGCATCCGCATGGTGCTGCCCGAATTGTTGCACATAAGCTCCTTTGCCGGCCGGGTGAAGCCCCAGAGCCCGGAAGAGCGGATCACGACCTGTCTGGCAGGATGTCCGTGAGGGCCGGTAACGATTTCCTGCGTGATATCGATACCGCAATCGCGAAGCACGCCGAGAGTCGACTGGTTGTCGAACCCTCCCGAAAAATTCGATATTTCCGTAACCCCCTCCGCGATGGCGCCGATAAGGGCCGCCCGGTGAGCAATCGACTTATCCGGAGGAAGATTGCTGACCTCGCCTTTGTATGCTTTCATGAACATGGTACTTGAATATTGTCAACCGAAAACCGGCAACAAAAAAGCAACCCCGCGAGGAGTTGCTTTTCTGAAATCTCCCTGAAAGACCTGCAATCAGGAATTGCGCTCTTCATTGGCTCTCTGCGCCCTGCGCTTTCCTCTCGAACGCTTGAGGCGATTGTCAACCGAAGGCTTTACAAAATACGCTTTTTTGCGGAACTCTTTCAGGACACCCGCCCGCTCGTATTTCTTTTTGAAACGCTTGAGCATCTTGTCGATGGACTCGTTATCGTTGGACTGTACGCTTACCAATTCTCTTCACCTCCTTCAACAGGTATTTTTATCGTTTCAGTTTCATTTTTAAAATTTCGGTCAGGGACTCCGTCCGGCCGGTGCGCTGCTGATTGACCTGAACGTTCTCGAGCAGTTGTTTTCTTCCGCTCTTTATGAATTCCACTATAATGACATGCGCTCCGCTGCCCGTGGCGTTTTTTTCCCGCACCACGCCGACCTCGTCAAGCGCCTTGTGGTAGACGGCGTCGCCCTGAGCGTATATGCCGTGAGGCGAGTAAACCTGACAGTCGGCCGGATCGAGTTCACCGAGATTCAGTTCCTTGTCTATCTGAATCTGCCACTCGTTGAGCAAATGAACCTGGTTGCAGCAGGAACACCTGATCCAGTACTGGTTCTCCGCTGCTGACTGCTTTCCAACCGACACCTCGCCGCCTTCCACCGTAGTTCCGCGGTCGGGTTCCACAATCGGATCGTAATCCTTCGGCTTGTCTGAAGGCTTCCATTCACCTACGAAAACCTTTTCCGTCACTTCACCGCACCCCTCGCAAAAACCCGGCTTTATCTTACCCTCGAAAATATACTGCCTTTTTCTTGATTCGACCGCGGGCTGCTGCTGCTGATCAGCAGCCTGGGGCTCTTCGGGAGGCTTGACGTTTTTCCTCTTGCGCGTTTTCTTTTCAGCAGTCATACACTCGTTATCTCTTTGCCTCGTGAATTCCGGCAGAAAACCTTCTTCAGAGGACATGCCGCGTTACCTGTACGTAAAACACAGTTCGCTCAGGATTGCTTAAATAAGTAAATCCTCAAAAAAAATCAACCGCATAATGCATCGAGCTCTTTCACTTGTGCGTAAGAGCTTCTATAAGATCAGATTTGGTAAGCAGTTGCAGCCTGCCGTCCGAAAGAGAAATCAGTACACCGGATGCGCTTTCCTGCAGTTTTTCGGACAGCTCGGATATTGTCGCGTTGGGAGCGCATACCGGAAACGGCTGCTCCATGTATCCCACGACTTTCGAATCCATCGCCTCGTCGTTCTCGATAAGAATCGAGAGTATCTTGTTTTCGCTGATGCTGCCTATCACGGTCCCGTAGGAAACGACCGGGAGCTGGGAAACGTCGTTCTGCCGCATCATCTCGAACACTTCGGAAAGAGAGTGCTCCGGATTGGCGAAGATCAGGTCCTTCCTTGTTTTCAAACCGACGATATCCTCGGCGATAATCTCGTCTTTTGAACTCGACGCTCTGCTATAAAAGCCCTTCTGCTTCATCCACTCGTCGCTGTACATCTTGCTGAGATAATACCCTCCGTAATCGCTCAACATGACGACGATGCACGCGTCGCGGTCGAAATGGGCGCCCGCCCTGAGCGCCGCGAACATCGCCGCGCCTGACGAACCTCCCGCGAACAGGCCCTCGGAACGCAGCAGATCCCGA
NZ_CP022571.1_gap45	2321734	2323532	1798	TTGACGAATGGAAAAAGTCCACAACCTCCTCCAGATCGGCCACGTTTTCACTGGTGACTGTACAGATGATGCTCCACCTGTCGTAACCCTGCAACAATGCAATTGCGGCGGCAACGGCGTCATGCACGTCTTCTCCGGACCATGTCTTTCGCGCGCGGCCTGCCGGGACGGCACGATGAGTATCGAGCGAAAGCCCTATCCCGACACGGCGGGACATCAGGAATTCCGCAGCCTCCCTGTCGAGCAGCGTGCCGTTTGTCTGTAAACCGAACCTGAAATCATTCCTGAAATGCTCAATAGCCGCAAAAACAGCCTCACGATTCATCAGCGGCTCCGAACCGTGAAAAATCACCTCCGGCAGCCATCCTTCCGGAACATTGCGCTTGAAATAGCTCTTCATTCGCTCCAGGGCGCCGATCAGATCCTGCCCGGACATGTCGATGCCGTCGCTTCGCATCTTCTGCGGAATATAGCAGTAACCGCAATCCATGTTGCACCTTTCCGTGGGGTTTACATAGACCGCCGACGGTTTCAGGCTGCATCGCAGGGCATGCATCTCGCTCTCGAACGCAAGCGCTTTTTCGCTGTATTCACGATAGAGCCGATGGTCATCAGAAAAAACGTCGGCGAGTTCGCTTTTTTCAACCAGCGCCCAGAAAGCCGTATCGGGAGAAATAACCGCCATATACTCTCCGTGGCCGATATCAATCGGCTGCAGCGTGGCGCCGTTGCCGGAGTTGGCCCAGCGGCCCCGTGACGAGGCCGCACTCTTCATTGCTTTTTCCATTCCTTTATTTCTTCTCCGGTTGACGTTTCCCGGAACTCTCGATCAGGATGTAATGCGACAGGCCCGTTCCGCTTGCCCTGCGGCGTTTGCGAAATGCGATGATTTTCCCGCAGCCCTTCACGGCCGTTGTTTGATTGTGTTTTTTCATGATGCATGATTTTTGGTTTAAAAAAGAAAAAGGGCTTCGTTCCATCTCACGCAAGATGGAGCGAAGCCCTTTACCATCGGGTTTCAACCCGGACATGCTGAAAAAACGAAGGCGCCCCGCCAACCGTTTTTTTTTCAGCATGTCCCTATATGTAGCGTCATCGAACAGGTCTTCTGGCTTTCGGATCGGCCTTCCCCCGCCAGCCTTCCCGCCCGAAAGAAACGGACAGTGGCCATGCAATTTCAAGGCAGGATCAGTCCCCGATTACAGCGGCGGGACCGCCACGGATTTTCACCGTGTTCCGGGATGTTGCGACAACGTGAAACGCCTCCATCGTCCTGGAAGCACTCCATACTCTTCAATGTAGGTCATGCACGAAATTTTTACAAGTCTCCAGCCGCTCATTCTGCCGATCGCTTGCTCCAGTAACGCGCGAACATGATTCCCGACAGGTTGTGCCAAAGGCTGTACAGCGCTCCCGGAAGAGCGGCCAGCGGCGTGAAAAACTGGTTCGCCAGCGTCAGGCCCAGGCCAGAATTCTGCATACCTGTCTCGACGGCGATCGTTCTCCTCTCGACAACGCCGCAGCCGGCCAATGCCGCCACGGCGTAACCGGCGGCGAAACCGCCCATGTTGTGCAGGACGACCGCGATAATCGCTGCGGCAGGAAACGACAGCACGCGCTCGGCGTTCAGCGCCATCACGCAGGCGACGATGAGCGTGATGGCGATAACCGATACCGAAGGAAGCAACGCGCCGTAACGATCCACCTGACGCCCGAAAAAACGACGGACGACGAGACCTCCGGCCAGCGGCATCGCGACGATCCAGCAAACGGAAAGAAAGAGCCCCGCGACCTCTAT
NZ_CP022571.1_gap46	2335233	2339809	4576	GCCATCCCCGCTCCGCCGCCGATGTAGACCATTTCCCGGCCTGTGTCGCGAATGAAAAATTCGCCGTATGGTCCGGAAATCCGGACCTTGTCGCCCTGCTTGAGATTGAAGATATAGGTCGATCCGACGCCCGGAAGAGCGACGTCCCACCTGTCGGGAGGCGGCGTCGCGATGCGGACGTTGAGTATGACGATGTTGCCCTCCGCCGGATGGTTTGCCATGGAATAGGCCCTGAACGTTTCTTCTCCGTTACGGCCGCTGAGCCGCCACATGTTGAACTTGTCCCAGTCGGCGCGGTATTCCTCCCCGATGTCGAAACCCGAGAACGGTATCGCCTCGTAACGGGGAATGTCGATCTGGACGTAGCCGCCGGCCTTGAATTCCAGTCGCTCGTTTTCCGGCAATTCCAGCACGAGTTCCTTGATAAAGGTGGCCACGTTACGGTTCGAACGCACCTCGCACTCCCATTGACGGATATTGAAGATCTCCTCCGGAACAAAAATCCTCATGTCCTCCCTCACTTTCACCTGGCAGGAAAGCCTGACATCCTGCTTTGCCTCCGCCCTCGATACATGATTCAGTTCAGTGGGAAGGATCTGTCCCCCGCCTTCGGTTATCCGACATTTGCACATGCCGCAGGTGCCCCCGCCGCCGCATGCCGAAGGGATGAATATCTTTTCGTCCGAAAGCGTCGACAGCAACGTCCTGCCCGGACTGACGCTGAGCGTCTTTTCCTGTTCATCGTTGATGGTGATCGTCACTATCCCGCCGGGAAGCAGTCTGCCCGCTGCGATGTTCAGCATCACTACAAGCAGAACGACAACCGCCGTAAACACTATCACCGCCGAGAGAGCAACAAGCATTGGGCTGAAAAAGATTAAGCGGTTAGAGATTGATGCCGGAAAAAGACATGTACGCCATCGATATCAGGCCTGTGATAAGCATGGCGATGCCCAGTCCGCGGAGCCCCTTCGGAACGTTGGAATACTTAAGCTTGTAACGTATCGTCGCCAGGGTCACGATGGCGAGGAAGAAGCCCAGGCCGGCGCTCGCGCCGAACACAGCCGACTCCATGAGGTCGTATTCACGCTCAACCATGAATAGCGACGAACCGAGTATGGCACAGTTCACGGCGATAAGCGGCAGAAAAATACCAAGTGACTGGTACAGTGTGGGGCTCACCCGGTCGAGCACCATCTCCACTAGTTGCACCATAGCGGCGATGGTCGCGATGAAGACGATGAACGAAAGAAAGCTCAGGTCGACTGCCTCCATTCCGGCGCCCCCAATCCAGACGAGAGCCCCCGGCCGAAGCAGGTACTCGTGGATCATCCAGTTCAACGGCACGGTGATGCCGTTGACGAAAACGACTGCGAAACCGAGTCCGATAGAGGTTTCGACTTTTTTCGAAATCGCGAGGAACGAACACATCCCGAGAAAATAAGCCAGCAGGATGTTCTTGATGAAGATCGTCTCGACCGCCAGACTGAGATAGTGCGAAAAAGCTTCCATCTATTCCTCCGTATAGCCGGTTAACGTTCTCTGCAGCCAGATCAGGAGACCGAGGATGATAAACGCCCCTGGCGCGAGCAGCATCAGGCCGTTGTTGACGTACCATCCTCCGTGCTCGACATAGAGAAACTCCGGAATCACCCTGTAACCGAGAAGCGAACCGTTGCCCAGCAGCTCCCTTCCCGCCGAAACGAGCATCAGGATGAGCCCGTAACCGAGACCGTTTCCGAGACCGTCGATCGCTGACTGCGCCACGCCGTTCTTCAGGGCAAACGCTTCGGCCCTGCCGAGCACGATGCAATTGGTGATAATCAGTCCGACGAAGATGCTCAACTGCTTGCTGATATCGAAAAGAAAGGCTTTCAGAAACTGGTCGATAACGATAACCAGCGTCGCAATGATGGTCAGCATGACGATGATCCGCACCCTTGACGGTATCAGGTTGCGAAACGCCGAAACGATGGTGTTCGAACCGACAAGCACGAAAATGAGCGCGCCGGACATAACGAGAGCCGTATCCATCTTCACGGTGACCGCCAGCGCAGAGCAGATACCAAGCACCTGACGGGTGATCGGATTTTCAGCGTTCAGCGGGGCGGTAAGCGCCTTGAAACTGTTTTTTCCTTTCATGAAGTACTCAGTTCATTCCTTGTTAGTCGCATCAACCGCCCCTATTGCCGCAGGAGCGGAAGGTAGTTCATCAGATCCTTTCGCAGAAACCGGTTGATGCCGTTCGTCGTCAACGACGCACCGCTGATACCGTCGACGGTGTAATCGTCCTTCTGCTGCGACATTCCCTTTGCAATGGTGACGGAAACCAGCTCGCCTTCGCGGAAAATCTTCTTGCCGATGAACTGCCTGGTGAAAAAATCCTTCTCTATCTCGCCGCCGAGCCCCGGTGTTTCTCCGTGATCATGAAAGGTTATCCCCCGTATGGTATTGCGGTCGGACTCGAGAGCGATGAAACCGTTGATCGTCGACCAGACGCCCTTGCCTGACACAGGAAACACGTAGCCCCTGGGCTCCTCGGATAAACCGTAAACGTAATAGATGCGCTCCGTCCCGGACGAATCCCGCACCGTCCGTTCAGAAAAATTCGAGGAATAGAACGCCTCGATCTCAGTCGCGCCCATCGCCGAATCAAGCACTCCGACAGCCTTCAGAATGTTTTTTTTCGTATCGATCGCCCTGTTGAACGCGACACGCTCCTGAAAACCGATCTTGAGGAGCGAAAGCATCAGCGCGCTCGAAACGGCCATGATGATGACGAAAAAATATGTATAGCGGTTACTGGCGTGCATATGCTTTCTTTCTTCTTGCGATATTGCGACGAAGAACAAAGTAGTCGATCATAGGAGCAAAGGCGTTTCCGAGAAGAATGGCGAGCATGACGCCCTCGACAAACGCCTGGTTCAGAACTCGTATCAGCACAATCAACACGCCGATGAGCATCCCGTAGATCCAGCGGCCCCTGTCTGTCTGGGATGCGCTGACCGGATCGGTCGCCATGAACACGATCCCGAACGCAAAGCCGCCCATGACAAGATGGTGAAGCGGCGAGAGCGAAAGCATGCTGTTCTGCGAAAACGGCGCCATTGCATTGCATAGCAATGCGGCGAATACCATACCCGCCAGTCCGCCCGCCATGATTCTCCAGTTCCCTATTCCTGAAAAAGCAAGCACCAACGCTCCCAGAAGAGCCGCGATGGCCGACGTGCCGGCAAGAGGACCGGGAACCAGCCCCAGAGACATATCGAGCAAGGAGTATCCGGCAGAAGAAACAAGCTCTGCTGCGTCAGCGCCCTGCACAGCCGAAGCAACGGCCAGCGGCGTCGCCGCGGTCACTGAATCCCCGAGAAACCAGACTGCGTCGCCGGACATTTCGCCAGGGTAGGCGAAAAAGATGAACGCGCGCCCGACAAGCGCTGGATTGAAAATATTGTAACCGGTGCCGCCGGTGACCTCCTTGCCGATAACCACGGCGAAGGATATGCCCGCCGCGACCATCCATAGCGGAATGTCGGGGGGAAGGGTCATCGGAAGCAACAAGCCGGTGACGAGAAATCCTTCATTGATCTCGTGCTTGCGCACGATTGCAAACAACAACTCCCAGAGACCGCCGACCAGATAGGAAACCAGAAGAAGTGGCAGCAAGGCCTGCACCCCGGCGAGCATGTTCAGAGCAAAACCGGCATCGGGAGCCGCCTGGTAGCCGGTATTGTATACGCCGAAGAGCAGGGCGGGCATAAGGGCGACAATCACCGTGAACATCGATCGTTTCATGTCGATCGAGTCCCTGACGTGCGGAGCGGTAGTCGTCGCCGTTCCCGGCGCGTAGAAAATCGTATCAACCATCTCGTAAACGGGAGCCAGCCTCGCGAAACGGCCTCCTTCGCTGAAATGCGGCTCGATCCTGTCGAGAAATCCTCGCAGTCCCTTCATGCCTTATCCGTTCTTTTCAATGAAATCGAGACCTTCGCGGACAATCTCCGCGATTTCCATTTTCGAGGCGTCGACAAAAGAGCACAGGGCGAAATCCTCGGGATCGCATTCATAGATACCCAGCTTTTCCATTTCATCGATGTCCCTGGCGATGATCATCCTGATCAGCCACGCGGGCTCGATATCCATGGGCAGCACGGACTCGATATTGCCAAAAGGGATCATCACCCTCCTGCTGCCGTTCACGCCCGTATCGAGCCTTGCCTTCGCATTCCCGTTCAGCCTTGAGAGAAAAAGCTTCGAAGCCGAATATTTCCTGAGCCCCGGCGAAAGCCATCCGAAAAAATCCCGGCCTTTTTTCTCAGCGACGGCCGAGACGATCTCATGGTAAAACCCCAGCGGCTCTTCAGGCCCTGCCGCCCGTCCGGTAAGCACGTCGCCGGAGATGAGCCTCGCGCCCGAGGCGACGGCGTTGCCACGGAGGATATCGCCGAGCATCATGCCGTGACGAACGCTCATGTATTGCTTTTTTTCGAACGGCTCCCCGCCGACGGTGATGATCTTTCCCGTCGGAAAACGCCCCTGTAGAAAAAACCTGCCGATCCTCATCACATCCTGTAGT
NZ_CP022571.1_gap47	2410138	2412330	2192	TCGTACCGGCTCACGGTAAACGGACCATCGAAATGGACCTATATCCACAACACCCTGCCGGAGGACACCCGGACAGAGGGTGACGAGGTGACGATTGCGTTCAAGCGCACGGCGGTCTTTTCCACCTACCTCTTTGCGCTGGTCGTGGGACCTTACGCCGGCTGGGAAGATCGATACGACCGGATACCGCTCGGGATCTACTGCCGGAAGTCGCTCGCGAAACACATGGATCCGGAAAACATCTTTGCCGTCACCAGGGAAGCCATGGCCACACTGGAGGCCTACTTCGACTACCCCTATCCGTACGACAAGTACGACCAGGTTTTTGTGCCGGAATTCAATTTCGGTGCCATGGAAAACGTGGGCTGCGTCACCTTCAGCGAACACTATGTCTTCCGCCATAAAAAGCTCTACAGCGAGCACCTGAACCGCGCCAACACCATCACCCACGAGATGGTGCACATGTGGTTCGGCGACCTGGTGACCATGAAATGGTGGAACGACCTCTGGCTCAACGAAAGCTTTGCCGACTACCTCTCCTATTTCGCCATGTCCAGGGGCACGCTGTTCAGCGATGCGCTGGAACATATGTATGTCCGCAAGGAATGGGCCTATCAGCAGGATCAGTATTCCACAACCCACCCCATTGCCGCCTCGGCCCGCGATACCATCGAGGCCTTCAGCAATTTTGACGGCATCAGCTACTCCAAGGGCGCCTCGGTGCTTCGCCAGCTTCAGTACTATATCGGCAACGAGGCCTTCCGCGCCGCCATCGGGCACTACTTCAGACGATTCGCCGAACAGAACACCACCCTTGATGATTTCCTTTCGATCATGTCGGAGACAAGCGGCATCGACATCGTGGCCTGGAGCCGCCAGTGGCTGGAGACCACCGGCGTCAATACCCTGTTGAGCCGCATCGAAGACGGCAGGCTCATGATCGAGCAGCAGGGCTCGGCCCAGAACGACCTCATCCGGCAGCATGCCATGGAATTCACCGGCTACCGTCAGATCGGCGGCGCGCTCGTCGAAAATGAAACCCACAAGATCATCATCGACGGCAAAACCGCCGAAGCAGAGCTCAAGTCCGACACCGCGTTCGTGATCCTCAATACGCACGACTACGATTACGTGAAAGTGTTTTACAGCCAGGATGCTCTCGCCATCGCCCGCAGGTCACTCCATACCATTGAGGACCCGTTTGCCCGGAGGCTCGTCTGGGGCAGCCTCTGGCAGATGGTGCGCGACAACGCCTTTCCCCCTACCGAATTTATCGAGACGGGCATCGAACTGGCCACGGAAGAAAAGGATCTGTCCATCCTCAACAGCCATATCATCGCGAAAATCAAGGCCGTCGTATCGGCGTACCTGACCGATGAAAACAGAGCGATATGGATGCCGAGGCTCAACACCATGGCCCGCGAGCGCCTGGCCCGGCCTGAAAACAGCGAGCATGAGCAGATCATCTGGTTCGGCCTCCTGCTTGAAACCGCACTCCTCTCCGATGAACTGGATTACCTGCACGCCCTCGTCACAGGGGCCGAATCCATAGCGTCGCTCGATATCGACCAGGAAAAGCGCTGGAACATCATTGCCCGCCTGATGGCCTGCGGCCACAGAGATGCCGAAGAGCTGTTCAGCCACGAAAAAAAGCTGGATAAAAGCGACCTCGGGCAGAAGAAAGCCTTTATGGTGCAGGCATCGAGGCCCGACAGCGCCGAAAAGGAAACCTGCTGGCAGGAGTTTACAGAGAAATCATCCCGCTCCACGGATTTTCTCCGCTACGGCATGAAAGGCTTTCAATGGCGCATGCAGAAGGACCTGCTGGCACCGTATGTCGATCGTTTTTTTGACGCGGTCGAGAATGTCTATTCCAAGCGCGACGTGCACTACGCCGAAGCCTTCGGGCACTTCCTCTTTCCAACGTGGCGTCAAACCCCGGACATGATCGAGAAAATCGAGACCTTTCTGGATGAGAAAGACAAAAACGGCGGCGACTTGCCGGCATTGCTCAGGAAACTGCTCATCGAACAGGCCGACGACCTGAAACGGGTCCTGCCGATCATGGAAAAACAAAGGGGCTAAGTCAGTTGGAACTCGCCCCTGTAAACGGGGCAGGCTCCCTTGGACAGGGTCAGTAAGAATAGCATACTGCAGTTGGATTTTCCAACCAATCTCATGCGTTATGCAAA
NZ_CP022571.1_gap48	2417558	2421132	3574	AAACCGAAATTCAGCGACGTTGTTTACTAAACCAAATAGCCATGACCAACAACCTTTCTCCTATCGGGCTCTGGCCACTTCCCCTGATTCTCTCCCAGAACGACACGAGAAGACCTCTAATTTATTAATATCTGGATTTTGATGGCTTTTCTCTTGTGGTTGACAAGTACGCAATTTATAACTCATTCACCCTACCAGCTCCCCGACGCGCCTCCGCCGCCGGATGATCCGCCGCCTCCGGAAAAACCCGATCCGCCTGAGGACCAGGACGAGCCGGAATTGCCAGAGCCGATGGTAAAGCCTCCGATCCGAGCCTTGCCCTTGGTGCGCAGATCTTTTTGAGCTTTCCGGTACCAGTCGGTATTTCGTATATACAGCTTTGCTGCCGGGAAGCCGACAAGTCAGGTCTGGTTGTAGTGCTTTATGGAGTAAATTTTTCAGTCAAGGAGATAAATACATGCGCGAATAACAACGTTCAGATAACCTGAACCACATCCTCTTCCTCGATCATTTCCGAAACATTGATTGTGGGCATAAGAAACTTGTTGAAAACGGTATGTACCGTTTTCAACTGCAGCATTCCTCGAGCACTTCCTACCGTCAGCATTTCATGCTCAGCCATTTCATCGAAGAGTTCAGAGTTTCAGATATCAGATATTCAGATTTTTAAAGAGGACTGGGGCGAACAACTCGAAAACCGCTGCCGTCGCCCCTGCTGCCCGGAACGCTACCGTCCCGGCGGGAGCACACCAGACTCCCAGGAACGTCGAACCACGAGCCGCCGCGCAAGGCACTGAAGCGTTTCTCGGTATCATGCCAATTCTCCTGCCATTCCCACACATTGCCCGCCATGTCGTACAACCCGTCGGGCGTCGCCCCTTTTGGATAGCTTCCGACCGGTGACGTGGATTCGATTTTGCTTCCATTGTAATTCGCGTAGTCAGGAGTCGGCGACGGTTTCGATCCCCAGGGATACTCGCGCTCTCCTCCACCGGCAGCCCATTCCCATTCAGCCTCATTTGGCAAACGATAAAGATTATCCTCCTTACCTTTGCTTTCCACAAGAGAGAGCCAGAGGCAATAGGCCCTGGCATCATACCAGCTCACCCCGACCACAGGTTGGTCGTTGTCGTTGAAACGCCGATCTTCGTCAAATCTCGACCGGAACCGGTCGGTAAGCGCCATCTTCTTGCCCTGATCGTCCTTCTCGTACAGATAGTCAAGAAGCTGATATTTTACACCGTCCCAGATCCCAATACTCGCGATTTCCTGAAGTTTGTCCTTAAACCGCTTTAAAGAATATGGCTCCTCAACCAGTTTCTCTTCGAGGCAAGCAATAAAACGCCGATAGAGACGGTTGGTTACCGGATACTTCGCCATGAAGAACTGATGCCCCACCCCTTTCTGAAGCCTCTCGTCTTGCTGACTTTGCTCGCCTTGCCTGTTTCTCATTTCGAAAAACAGATACTGCATCCCTGGCTCAATGCCGCTCTGCCAGACTTTTTCTTCAATATCACAACCTTCCTCCAGATTAGAAAAATCGACCACTTCGGCTGCCTTTCGCCGCAATTCGCGGTTTTCATTGTTATCAGGAAGAGTGTTTTTAAATGCCTCAGCTGCTTCGACCGCTTGACTGGTACCGATGATTCTCAGGCAGTCGAGCACAAACCACTGGCGGTTGAAGGTCAGTCCTTGCTTTTCGAGCAATTCCCGGAACGGTGCGACAGGATCCCCTGTCGCCAGAGCAACGAGCCGTTTCAGAAAGATCAACTGCTCCGCGAAGAGAGCATCGTTCTTCTGGCTGTCGAAGAGTTTCAGGATGAATTTGCTGAACTGCGATGGCGCGGCCATCTCAATGAAAAAGAGCAATACCTCACTCCACCACTGATTCCCAAGATTCGGCACCAGCTCATTGTCAAGGTACGATTCGAATGCTTTCTCATCCATATCGCAGATCGCTCTTGCGGCGAGGTATTCGCGAAAGGTCTTGTGACGGAACTCATACTCGCCTGTTGCATCCTCCTCGAGCACTTCCGATCTGCAGTCGAGTATCCCTGCTCTTTTGACCAGCCACTGGCAATACTCATTGACCGGCACATGCTTCAGCTTTTTCCGGATCTTCTCCTGGAACTTGCTTTTCTCGACAGATTCCTTGCTGCAGGTCTTCTGAATCCAGAGAGCCACAGGTTTCAGGAGTTCCATTGAGGCTGGAGCAGAGATCGGTGGAGAAAGGTTACGAGCCTCATCCCTCTTTGCCAGCATCTGGACAAGCGTTTCCCTGTAGAGGTCACCACGACTTTCCAGCTTTTCTCGTTCACCTTGCTCTCTGCCGCTGTTCCGTTCCCAGTAAAAGGCAATGAACCCGAGCATCATCGGAATACCGGCGATTTGCTTCAACCACCCCCGGCCATCGCCATTGATGAAGCTCATCACCATGTCAGGTTCGGTTTCAGGATCGCAGATGTTACCGGCTCTGAACCAGTTTTCGAGAAATTCCTTTTGCTGTTTGGAGTTGAACTGCTTGGCGTAGCATCGAATGGTTTTAGTATCAAGGGCTTGTTGCTCGGCCTGCCTGAAACCTTTTGTCCGGCTGGTGAGAACAAACGTTGCCTTCCCGAAGGTTGTGGATTTTGCCGACTTTGCTATCCATTGACAGACCTTCTTCCGCTGTTCGTCATCGCTGATTTCATCGAGCCCGTCGAGCAGAACCAGGCTTGACTCTGCCTGAATTCGACCTTCAAGCCATGATGCATCGATCTTTTCAGGAGCAGCGAACAAGGCGAGCATCTCCACCAGAGTGATCTGTTCGGTATCCTTGTCGTTCATCTCCTGTAGCGGCAGGTAGGTAACCTTGAAGGAGGTTTCGACACCTGAAAGAGAAAGGTTCGGGTTCGTACCGTAACGCCGGATGATCGTGGTTTTTCCACCCCCCGGTTCGCCGATGATAACAAGCACTTTCTTCTTCTTTACAATCGCCTTTACCAGAGCCTCTTCAGCCGTCGAATAAACCTCTTCACCGCTTCTGTGCCTGAAAATCTCTTCCGATAGCCCATCCTCGTCCTGCACATCACCGGCGTCGGCAAGATCAAGCTGGACGAAAGCAGGAATTAGATGATCATTTCGGGTCCCAAAAAAAGCGAACAGGGTGTCACGGTTTAGCTGTGAATCAAGAAAATGCTGGTACCGCAGTTCGTGCTGCTCATCGGGAGACTCAACAGGCGTACCTGACAGCACATAGTCATGAAGAAGTTTCCGGGCAGCTTTGTACACCGTTTTAGTCCGATCAGAAGGAATCGCAATTGAGAAGTGATCTTCTCCCGGCAATGGTATCGAAGGAAAACCCGGAACACCCGGATCAGATGAAGAGCGATTGACAACAATCTTACGAAGCGGTCCTTTTATCTTTGTCTTAGTTGTTTCTGTATAACTCTTTGTCTCGATACCGTGTTGTACAGCATTGTTACTGTACCACTCAAGCAGGTCTTGAAGGTAATGACTGTTCAACTGCAGTTCCGAAACATTCACTGCAATCATGCGATTCACCGAAGCAAAATACCTTGCCAAAAAATCAGCA
NZ_CP022571.1_gap49	2434366	2435977	1611	CATGACCGCTTGCAGCATGGCCCTTACCTCCGCGACGCTCTCGCCCTGCCGTCTGCCGGAAAACGCCGCCATCTCGCTCCGCGCCCTTTCCCGCACACCCGCATCGAGAGGGAGCGGCTGGACGTTTTTCTTCAGAAAACCCGCGATGTCCTTGCCGGCGCGCCTGCCGAAAACGATGAGGTCGAGCAGGGAATTGGAACCCAGGCGGTTCGCGCCGTGCACAGAAACGCAGGCGACTTCGCCGGCTGCCCAGAAACCCTGGACCTCGTTGCCGGCAGCGCTTCCGAGAACCCGGCCGTTGACGTCCGTGGGAATACCGCCCATGGCGTAATGGCAGGTCGGAAGCACGGGAATCGGGGCGATGGCGGGATCGACGCCGAGATAGATCTTCGCGAACGACTCGATCTCGGGCAGTTTATCCACGATTTTTTCATGCGTGAGCGCCGTCAGGTCTAGCAGCACGTGATCCTTCAACGGGCCCGCCCCGCGGCCCTCGCTCAACTCGCTGTAGATACTTCTGCTGACGATATCCCTCGGGGCGAGATCCTTGATGCTCGGGGCGTAACGTTCCATGAACCGCTCTCCCGAACCGTTACGCAGAATCCCCCCCTCTCCCCTGGCCGCCTCGGTTATGAGAATGCCGAGCTGATAGAGGCCCGTGGGGTGAAACTGGACGAACTCCATGTCCTGCAGGGCGATGCCGTTGCGCATCGCGATGCCGAGACCGTCGCCCGTATTGGCGAAAGCGTTCGATGTGGTCTTCCATGCCTTTCCATAACCGCCGGTAGCGAACATGACCGCCCGGGCGTGGAAGGTTACGAGCTCGCTGCTTTTCAGCTCCATGGCGACCACGCCGTTGACCGCGTCACCGGCCATGCAGAGATCGAGCACCTGGAACTCGTCGTAAAACCGGACATTCCGCCTCACTGACTGCTCGTAGAGCGTGTGAAGGCAGACATGTCCCGTCCTGTCGGCCGCATAGCAGGTCCTGCGCACCGGAGCCTCGCCGAAGTTGCGCGTGTGGCCGCCGAAAGGACGCTGGGCGATGCGCCCGTCCTCGATGCGCGAAAAGGGAACCCCGAGATGCTCCATCTCGATGATGGCCCTCGGCGCGTCGTTGCACATTACCTGCACGGCGTACTGGTCCGCGAGGTAATCGGAGCCCTTTATGGTATCGTAGGCATGCCAGAGCGGGGAATCTTCCCCGGCGTTGCCGAGCGCCGCGGATATCCCTCCCTGGGCGGCGCCGGAATGCGACCTGAGCGGATGAAGCTTCGAAAGCACGGCGACGTCGTACTCTCCTGAAAGCTCGACGGCCGCCCTCAGGCCGGCCAGCCCTGCCCCCACTATGACGACGTCGTGATATCTTATTTCCATACTCCCGAATCCTTTGTTATGCCACGCCTCAGAACCAGTTACCGACCGCAAGTATCGAGACGACTCCCTGCGCGGACAGCAGGAGCGCCGCCGTCCAGCAGGAAACACGCACGATTACTCTGTGCATGGGCTGGTGCACGTAATCCTCCAGGACATTGTTCAGACCGTTCATGCCGTGCATGACGGCAAAAAGAAGCAACATGACGTCGATGAACTTCCACAGGGGGTTGGCGA
NZ_CP022571.1_gap50	2463504	2465439	1935	TCGGCTTCACCCTGGTCACCTCCGCGAGCACCCTGTCTCCGACGGCGAGCATGCCGCGCACGAGAACGCCCGCACCGTCACCGAGACGGCCGAAACACTGATCCTTTTCAGCTATATCGGAAATGGTAAGTTCTATCCGGTCTCCTTTTCCGTATATCTCCCTGAGATTTTTCTCCATTGTTCCCCGATTGGTTCAGTTATATGATCTGACAGAGCGCGCCGTCATGTTTTTTCCTTGCGCGCTCACCAAGGCATGGTTCAAGAACGCGTCAGGAGCGCAGCGCCGAACACCCCGGCGCTGTCGCCGAGTTCAGGCCTCGCGCCACCCGGATGTCGAGCGAGTCGTTGAACAGATGCCGCTCCAGAGCCTTGCGGGCTTCGGCGGAGTAAAGCGCATCGACGTTACCCACTCCGCCGCCGATGATGAGGATATCAGGATCGACGATATTGAGCACCCCGGCCACGGCTTTCCCGAAACCGGCGATCAGGCGCGCCACGGTTTCAGCTGCCGCCGGATCGAAGGCCGTGCTCTCCGATATCTCCTTCAGCGATTTCCGGTTTCCGCCCGAGCGCCGGGTGTACCAGCGTTCGAGCGCCGGACCGGAAAGCACGGTTTCGACGCACCCCCGCCTGCCGCAATAGCACGGTTCTCCTTCCGGTTCCAGTTCGTTGTGTCCCCACTCTCCGGCGATACCGTGGGCCCCTCGTATCGCCTTGCCGCCGCAGACGATGCCTCCACCGACGCCCGTGCCGAGAATAACGCCGAACGCAACGGCCCCGTCTCGCCTCATCGTCTCCCTTCCGGCACCGAGCATCGATTCGGCAAGCGCGAAGCAGTTCGCATCGTTCTCGACCGTCACCCGCGCCCGAAGCCGTTGTTCGAGGTCCGCAAGCAACGGCGTCTTGTTCAGGCAAACCGTGTTGGAATTCTTCAGGAGACCGCGCCTCCGATCGATCCTCCCGGAGGTGCCCATGCCGATCCGACCAGGAGGAGGATTGCCAAGCTCGGCAGCCATAGCCTCCACGAGCCCGGTCACGTTTTCGAGAACCCTGCGGTATCCTCCGTCGGCCTCCGTCGGCCTCCTCTCGCGGAGCAGCGGGCGCAACTCCTCGTCGAGCACGACGCCCTCGATTTTCGTGCCGCCGAGATCTATTCCCCAGTACTGTTTCATAATCGCACGCCCAAGCCCTCTCGTTTCAGTAAACAATCAGAGCCGAAAACCGTTTTGGTTGCCGTAGTTCTTCACGACCCAGGCGAACACCGTGTAGACAAAAGCGGCGCAGCAGACGCCGACAAGCGCTCCCGCCAGGATGTCGGAGGGATAATGCACGCCGACATACATCCTCGACCATGCCACCAGAAAAGCGTAGACGATCATGACCCCGGTGAAGGTTTTCTCCACGAGAAGGCCCCTGCCGAAAAATATCCAGATCATGGAGGCGACGGCAGCGGAATTAGAGGCATGGGAAGAAGCGAACGACCAGGAGCGGCTCTGACTGACAAGCAGCCGGCAATCCTCGAGAATGAAGCAGGGGCGGGTTCTCTGAAACAGCGGCTTGAACACACCAGAGGTTATCCAGTCGGCGAGCCCGACGGCGAGCAGCGAGAGCAAGAGTATCGCAACGCCGCGCCATCCCCTGCGGACTACCATGAACAACGCGGCGAGAACGAAGATGTGCCCCGACAACCGGGGCTTGGTCAGAAAAACCATCAGGTCGTCGGCCGCCGGATGAACCCAGTACAGATTCACGATTTGGAACAGCCAGGTATCCGCCTGCTGCAAGAGTTCCATGACGCAGCCTCAGCGTTTTTTCGTCCCCTTCTTCCTCTTCGGAGCCTTCGACGGCGCCGGCCCTGATACAGAGATGTTCGGCAGGTCGTCGGAAGAGGTCGTCTTGTTGATGTAGTAAGTCTGCGCGATGCTGAAAATATTG
NZ_CP022571.1_gap51	2467979	2468479	500	TTGGTAGCCATGCGCGCCCGAAAACCGTGCTTGTTCCTTCTCTTCCTGTTATGCGGCTGAAATGTCCTTTTCATAACGAATAGCTTTTCTCTGTTCTCATACTTTATTGCAAAATACAGGGCTCCCAATTTAGCACAATCATTTTTTAAATCCAACCGCAATCAAACCCGGCCGACAAGCTTTTCCACAACCCGAAAAGCCGCCTGCCAACAATGTGGATAACTTGTGGATAAAAATTCTTCCACCCCCAAAACCCCCAAAAAGTCTGAGCCAAAAATCCCTCAACATATGTGGACAAACTAACGGGGCTTTCATGGCAAAGCCTTTATATACAATATTTTAAGTTGTTGATAATTGATGTTGATTTTCTTTCCGGCGCTCAGCGCTTTTTTCACTTTATCGATTATTTTTTATCCACTGAAAACTGTAACTTATGAACAACAAATGTTGATGATTTGTTTTTCCAGCCCCCGAATCACGCTCTAAAATTCTCTTATTTC
