gap_id	start	end	length	sequence
NZ_CP011273.1_gap1	1086	4869	3783	GAGCACGTGAAGACGAGCGTCCGGGAGCTGGAGGGGGCCTTGCAGAGCGTGCTGGCCCACGCCTCGCTGTCGAACCGGCCGGTCGGCATGGTGGTCGCGAAGACGGCCCTCCGCGAGACGATCCGCAACACGTCGCAGTCGGTGGCCCTCCGCGACGTCGAGAAGTCGATCTGCCTCTTCTTCCAGGTCGAGGCCGACGACCTCAAGTCCGGCAGCCGGGTCCGCACGCTGGCCTACCCCCGGATGCTGGCCATGTACCTGGCCCGCAAGCACGCCGGGGCCAGCTACAGCGAGATCGGCCGCTACTTCGGCGGGCGGAACCACTCGACCGTGATGTCGGCCGAGAAGAAGGTCGTCGGCTGGCTCAAGGACGACGCCCGCAGCCCGCTCCTCCCCGGCTTCGACAGCGTGGTCGAGATCCTCGCCGACCTGGAATCCAAGCTCGGCGCCTGAGCCCCCCGCCCTCCCCTAGCGGCGGGTCAGCCCGTGGCGGACGCGCAGCAGGAGGCGTTCGAGCGGGTCGAGGGCGTTGATCTCGGCCAGGCGGGCGAGGACGCCCCGGACGTCGTCGGTGATGATCCCGGCGACGCCGTCGTCGACCAGCGAGGCGACGCGGTCGACGACGTTGACGGTCCAGGCCTGGACGGGCATGTCGCGCGACCGGGCGCGATCGACGAGATCCCGCGTGGCGAGCCGGGTCTCCACCATCAGGAAGTCCACGTCCAGCCGCGTCGGGTCGCCGATCACGGCGCCCGTGATGAAGCCGAGTTCCAGGCCGGGTTCCAGCCGACGCACGGCCTGGAGCGCCGGGTACGACTGCCCGCAGATCCGGACCCGCCCCAGCGCGTCGGCCTTGCGGACGGCTTCGAGGACGGGGGCGACGAGCGCGACGGCCCCGGCGTCGTTCTTGGCCTTCAGCTCGATGTTGAGGCCGATCGAAGCCGAGGCGGCGGCCTGGAGGAATTCGTCGAGCGTCGCGATCCGCTCGCCGGCGAAGCCTGGGTCGAACGGCGTCCCCAGGTCGATTGCGCGGAGCTGTTCGAGGGTCGAGTCGACGATCCGCAGCGGCGAGCCCGCGATCCGCAGCAGGTCGTCGTCGTGGACGATCACGAGTTGATCGTCGGCCGTGGACTGGACGTCGATCTCGGCCCATTCGGCACCTTGCCGGGCGGCGATGCGGAGGGCGGCCACGGTGTTCTCGGGGCCGTCGAAGGCCCCCGCGCGGTGGGCCGTGACCTCGACGCGCTCGGAGACCCGGGCGTCGCCGATCAGCTCCTTCGCGGCCAGCGCGGAGAGCGCGAGCGAGCCGGCCGAGAGGGCCACGGCGGCCGTCGTCCACCATCGGGCGCGGGGCTCGTCGACCACCGTCTCGCGGATCACCCCCCCGGCCTGCTTGTAGCTGGCCATGATCAGCGCCGCGAAAATCGCCGCGGCCGCCGCCGAGAACCCCGCCAGCAGGGCGCCGTCGACCGCCAGGAGCGCGGCCGTCGCCGCCACCGCGAGCTTCGGCGAGGGGCCGACCTGGTCCAGCACCAGGCCGTTGATCGTGTGCAGCAGCCACGTCAGCGCGGCCGACGCCGCGAGGAAGCCGGCCCCGGCCCCCAGCACGACGACCGCCAGTCGGCCGATCCGCCCCGAGGTCCGCCGGCCGCTGGAGCGGAGGGCCGTCCACGGGGCGCGGACGTCCTCGAACAGCACGGCCGGGACGGCGAACATCCAGCGCAGGTAGAGCCAGCCCGCCGCCGCCGCGTACAGAACCCCGATCGCGCCGACCGCCGCGACCCCCTCCCAGAACGCGGCCGGGCGCTCGACCACCAGCCGGTTGAGGTCGTGGGGCCCCCAGAGCTTCGCATAAGCGAACGCCCCCGCCGCCCCGAACGGCGCGGCCAGCAGCAGGAGCAGCACGGCCTGGAGCAGGTCCACCTTGAGCAACGCCGGCAGCCGCTTGACGGAGTCGAACGCGTGCCAGACGCCGGGGCCGTCGCCCGAGAGGACCCCCATCACCCCCGCCAGCCGCAGGCTCAGCGTCGTGAGCTGCAGCGCCGTCAGGACAGCCAGCCCGGCCAGCCCGACCGGCGACAGGAAGAACGCGACGATCTCGAAGTTGCCGACCGAGCAACGCCCCCACGACTGCAAGGCCAGCCGCAGCACCCCCGCCGCCGTCGGCGCCAGCACCGCCGCCTCCAGCAGCGAGAACGCCGCCGAGAACGTCAGCAACGGCCCCCACCGCCGCCTCACGCGGGCCAGGACCATACGCATCGAATCGTCATGCGTCTCCACCTTCATGCGATGACCTCGGCGTCGACGGGGCGAGCTTGAACATAACGTCCTTCCCCCCCGGCGGGGGAAGGATGTTATGCCCCGGACCGCGGGAGGCCGCTCAGCTTTTCTTGAGCAGGTCTTGCAGGGCGTAGACCTCGAAGGGGCCTTCGCGGAGGCGTTCCATGGCGGCGACGGCGGCGCGGGCGCCGGCGAGGGTGGTGATGCAGGGGACGCCGTGGCTGACGGCGCTGGCGCGGATGCGGCCCTCGTCGGTGCGGGCGCCCTTGCCGCTGGGGGTGTTGACGATCAGGGCGATGTCGCCGTTGGCCAGGTAGTCCAGCAGGTTCGGCCGGCCCTCCTGGATCTTGCGGACGACGTCGACCTGGAGCCCCTCCTCGGCGAGCGCGGCGCTGGTGCCGGCCGTGCTCATGATCTTGAAGCCCAGCTCGGCCAGCTTCTTGGCGATCGGCACGATCCCCTTGCGGTCGCGGGACGCGACGCTGACGAAGACGGTCCCCTCGGAGGGGAGCCGGCTGCTGGCGCCGAGCTGGCTCTTGGCGAAGGCGGTGGGGAAGTCCGGCGCGATGCCCATCACCTCGCCCGTCGACCGCATCTCGGGGCCGAGCACGATGTCGACGCCCGGGAACTTGGCGAACGGGAAGACCGCCTCCTTCACCGAGGTGTACGACGGCGACGGCTCGTCGGCCACGCCCAGCTCGGCCAGCGTCTTGCCCACCATCACCCGCGCGGCGACCTGCGCCAGGTTCAGGCCGGTCGCCTTGGAGACGAACGGGACCGTCCGCGAGGCCCGGGGGTTGACCTCCAGGACGTAGATCTCGCCGTCCTTGACCGCGAACTGGATGTTCATGAGTCCGCGCACGCCCAGGGCTTCGGCCAGGGCGTAGGTCTGCTGCTTGAGGCGAGCGACGATCTCGTCGGGGAGCGAGTACGGCGGGATGGCGCAGGCGCTGTCGCCGGAGTGGATCCCGGCCTCTTCGATGTGCTGCATCACGCCGCCGACGATCGTCCGCTCGCCGTCGGAGACGGCGTCGACGTCGACCTCGACGGCGTCTTCCAGGAACTTGTCGATCAGGATCGGCCGGTCCGGGCTGGCGTCCACGGCCTCGGTCATGTAGCGGTCCAGGCTCGTCTCGTCGTAGACGATCTCCATCGCCCGGCCCCCCAGCACGAAGCTGGGGCGGACGACGACGGGGTAGCCGATCCGGTCGGCGATCCGCCGCGCCTGGTCGAACCGCGTGGCCGAGGCGTTGGGGGGCTGCCGCAGGCCCAGCCGCTCGATGACCATGCGGAACCGCTCGCGGTCCTCGGCGACGTCGATGTTCTCCGGGCTGGTGCCGATGATCGGCACGCCGGCGGCCTCCAGCGCCTTCGCCAGGTTCAGCGGGGTCTGGCCGCCGAACTGGACGATGACCCCCGTGGGCTGCACGCGCTCGCAGATGTCCAGCACGTCCTCGACGGTCAGGGGCTCGAAGAAGAGCCGATCCGACGTGTCGTAGTCGG
NZ_CP011273.1_gap2	50810	55230	4420	GCCCGCAGCTCGCCCTCCTGCCCGTAGACGTTCACGCCCGGCGTGTCGTCGTCGTTCCCGTCCTCCGTCCCCAGGTCCAGGGAAAGCCGCATCGTCTCCTTCTCGTCGTAGAACGCCAGCCCCGGCGTGCCGTCGGGGCGGATGGTCAGGGCTGCGCGGGTCTTGCCGTCCTGGCTCCGGAGGATGAACTCGCCCGCCTCGATCGACGTCGGCGTCTCGCGCATCGCCGCGCCGGCGGTCACGAGCAATCCGAAGCCCAGCGCCAGGGTCGTCCCGGCGACTCGCCAACGTCGGCGTTCGCGCTCCAGGCGGCGGGTGGCGGCTTCCAGTTCCAGGAGTCGTTCGACGACCACGTCGAGAGGGCGCTGAGTCATGGGGCTCTCCGAAGCAGGGCCAGGGCGAGGAACCGGAGCACCCCCCATAGCCATTCCCGTGCCAGGCTTCGCGCGGTCTGGTGAGTCAGGTTCCAAGTGCCGCCCGTGAAACGGGTTGTCGCTTCTGGAAAGGCGCCGAGGCGGGACTTGCGGAGATCCCGGACGCCGAGGGTTTAAGCAGACGAGCCCAAGAGCCAGACACGCGGACGCGGCCTCGATCTCCTGGAGGGGGAGGCCCGGCGATCCCTCCGGCCGTGCTCGGCCCGCCCCGACGCTTCGAGCCTCGCCGGGGCGGCGGTCGGGTATACTGTGAGGCTGGGACCCGGATGTCGGGGGCGAACGAGCCAGGGGGGCGAGGCGTGCTGACGCGAAGACTCTTGTTCCGGATCGCGTGGCCTTCCTTGGTGGCGAGCCTCCTCTTCCTGACGTCGTGCGCGGCGGCGGCGGTCTACCTGGGCTGGCGGCAGGCGGCGACGGTCCGGGCGCTGGAGGCCGACCTGCACGGGCGACGGCTCGTCGACGGCCTGCTGAAGGACCTCAGCGAGCTGATCGAGATCGGGCTGCTCGGCGACGACTCGGGGCGGGGCCGGGCTCGGGTCGCGGCCCTGCACGAGGACGTCCGCCAGCTCCTGGTCGAATCCGACGTCACGGTGAACCGCCCCGAGGCGGTGAGGATCGTGGACCGGCTGGAGAACGGCTTCCGGCGCTACCGGGAGACCGTCGCCGCCGAGGCCGAGGCCGACGACCGAGTCGCCGGGGGGCTTCCGCCCGGCCGCGCCGCGCTGACGATCCTGGAGACCGACGTCCGCGAGGCGGCCCGCGATCTGGACGCCGAGATCGCCGAGGCGACGGCGCGGTCGCTGGCGGCGATGCACCGCACGGCCTCGTGGACGGCCTGGTGGCTCGCCGGCGTGGGGGGCCTGGCCACGATCGCGGGCCTGTTCTTCGGCTACTCCGCGGCCACCGGCCTGGAGCGGGCCATGATCCACGCCGAGGAGCTGGCCGCCGCGGGCCGGATGGCCGCCGGCATGGCCCATGAGCTTCGCAACCCCCTCACCGCGATCTCCATGCTGGTGCAGCTCCAGCGGGAGAAGGCCGAGGAGGAGGGCCTCCCCGCCGAGGACTTGCAGGTCATCGAGCGCGAGATCGCCCGGATGGAGGAGCGTCTCAAGGCGTTCATCGACTTCGCCCGGCCCTCGCGGCCGGAAGGGCGGCGGATCGACCTGGGCGCCGTCGCCGCCGAGACCCTGGCCCTGCTCCAGGGCCGTGCGGCCAAGCATCGGGTCGAGATCAAGCTGGTCCGCCCGGAGGAGCCGATCCAGGTCCAGGCCGACGCCGAGCAGATCGGCCGGGTCCTGATGAACCTGACGATGAACGCCCTGGACGCCATGCCTCGCGGCGGCCGGCTGACGACGACCGTGTCGCGCGCGCCCGACGGCTTCGTCGAGCTCACCGTGGACGACACCGGGCCGGGGGTCCAGCCCGACGCCCTGCCGCGCCTCTTCGAGCCGTTCTTCACCAGCAAGGAGGCCGGCCTGGGCTTGGGCCTGGCGATCTCCGAGCGGATCGCCCGCGACCACGGCGGCAGCCTGGTGGCCTCCAACCAACCCGAAGGCGCGGGCGCCCGTTTCGTGCTCCGCCTCCCGGGTCCCTCGCGGATCCTCGGCGGCCCGTCCTCCCGAGCGTGACCGGGCCGGATCGGATCGGCGCACCGACCAAAGGAACCTAGCCGTGGCCTCCATCCTGGTGATCGACGACGAGCCCTCGATCCTCCACGCCTTCCGCCGGGCCTTCCAGTCGCCCGAGTACGAGGTCGCGGCGGCGGCCACCGGCACGCAGGGGCTGGCCCTGGCGGAGCTGGCCCGCCCGGACGTGATCGTCCTGGACCTGAACCTCCCGGACATGGGCGGGATGGACGTCTTCCGCAAGATCCGGCGGATCGACGCGCGGATTCCGGTCCTGTTCATCACCGGTCACGGCACGACCGAATCGGCCATCGAGGCGATGAAGGAGGGGGCGTACGACTACCTGCTGAAGCCCTTGCAGCTCGCCCGGGTCCGCGAGCTGGTCGGCCGCGCCGCGGAGATCTCCCGGCTCAGCCGAGAGCCGGCCCTGGTCGCGGGGGACGCCCCGCCGACCGACCGCGCCGACGTCCTCGTGGGCCGCTCGCCGGCCATGCAGGAGGTCTACAAGGCGATCGGCCGCGTCGCCCCCCAGGACCTCGCCGTCCTGATCCTGGGCGAGAGCGGCACCGGCAAGGAGCTGATCGCCCGGGCCATCTACCAGCACAGCCGACGCGCCGCCGAGCCGTTCCTGGCCGTCAACTGCGCCGCCATCCCCGAGGCGCTCCTGGAGAGCGAGCTGTTCGGCCACGAGCGGGGCGCCTTCACGGGCGCCGACCGCACCCGCATCGGCAAGTTCGAGCAGTGCAACGGCGGCACCCTGTTCCTGGACGAGATCGGCGACATGACCCCGCTGACCCAGGCCAAGGTCCTCCGCGTGCTCCAGGACGGCACCTTCGAGCGCGTCGGCGGCAACGCCATGATCCGGTCGAACGTCCGGGTGATCGCCGCGACCAATCGCGACCTCCCCAAGCTGGCGGCTTCGGGCGTGTTCCGCGAGGACCTCTACTATCGCCTGAGCGTCTTCACCATCGCCCTGCCCCCGCTTCGCCATCGGATCGAGGACCTGCCGCTGCTGGTCGACCACTTCCTCCGCCGGTTCAGCCCGGAGCTGCACAAGGAGGTGGTCCACGCCTCCCCCGAGGCCCTCGAACTCATGCGCCGCTACCCCTGGCCCGGGAACATCCGCGAGCTTCAAAGCATGATCAAGTGGTCCCTGCTCCAGGCGCAGGGACCCCTCCTCCTGCCCGATTTCCTGCCCGAAGCGATCCGATCCGGCGAACCCCCGGCCGGCGAGGCGGGCGCCGTCGCCGACGGCCTCGGCGACGGCGAGGCCGCCGAGCCGGCCGTCGACTGGGAAGGGTTCATCGAGACGAGGCTGCGCGAAGGGTCGGAAGACCTCCACGCGGAGGCCCTCGCCCTGATGGAACGAACCCTCCTGACCCGCGTCCTCCGCGAGACCGAGGGGAATCAGGTGCGTGCGGCGCGGATCCTGGGGATCACCCGAGGCAGCCTCCGCACCAAGATCCGCGCCCTGGGCCTTCGAATCGAGCGCTCGGTCTGGTCTGGAGACGACCAGGCCGGTTGACCGACGCCCACCCCTCCCTTCGAGACGACCGCGCCGACCGAGGCCCGCACGGGCGCGAAATATCGCGCGCCGTCACTGCCTGGAGCGGTCTACGGACCCTCACGCCCCCTCTCGGCCGCCTTGGCACGGCAATTGATATAGATGTCTCTCGCGACGATGCAGATGGAGATAGTCCGGTCGAGTCCGACCGCGCATCGACGGCCGTGCGACATACCAAGGGGGGAGGGTTCGAGATGACGTTATCGATGGATACGAAGCCGATGCGTGGTGGGTTGGCGAAGCATAGCGACGTGGTAACGTCGGTCGCCTTCTCGCCGGATGGTCGATCGCTGGTCAGCGGCGGATGGGACGGCCTGGTCAAGATCTGGGAGCTTCGCGAAGGCGAAGCCGCGCCGAAGTTGATGCGAGCCGTGCGCGGCAAGTGGGACGAGGTCGAGGCCGTCGCGTTCAGCCCCGACGGTCGCACGATCGCCGGCCTCGGCGCCGGCTGGGACGGCCTGCCGTTCGGCGCGGTGACCCTCTGGGAAGCCGACGCCAAGCGCAGCCGCCGCCTGCTGCGGGTCTCGGGCAAGCTCGACGCGATGGCGTTCAGCCCCGACGGCCTGACCCTGGCGACCTCCGGCGGCGAGGACCGCACGGTCACGCTCTGGAACGTCTCCGACGGCGCCGAGCGCGTGAGCCTGCCCGAGCACGCCGCGCCGGTCTGGTCGGTCGCCTATTCGCCGGACGGCCGCCTCCTGGCCGCCGGGTCGGGCGTCGTCCCGGCCATGGCCGACCCGGCCGCCGAGGACCGCCGCGGCGAGGTCAAGCTGTGGGACGTCACCAGCCCCACGCCG
NZ_CP011273.1_gap3	115187	116330	1143	TGCCGCCGGGTTCCTGGAAGTGGAAGGAATTGAGGCGGGAGCCTTCGGGGACGGTCTGACCGAAGAGGGGGTGCAGGTCGGGGTCGGCGGCGACGACGTCTTCGAGGTTGGCGTGGTTGAGCCAGGTCTGGACGAGGGGCGGGAAGGACGCGCGCGGGTCGAGGCGTTCGGTGACGATGGTGCGGAGGCCGAGGGGGGAGCCGAGGGTGACGAGGAGCGGCAGCGGGCTCGTCAGGCGGTGGGCGCATTCGTAGGCGACCACGGAGCCGAGGGAGTGGCCGATGAGGATCACCGCGTCGTCCATCTGGTCGAGCACGGTCTGCCGGATCGCGTTGCGGAGGTCCGGCTCGGTGAGGTAGCGAGTGACCTGATTCAGGGTCGTCAACAAGGTTCGCTCGACGATGTACATGCCCGGACGGGCGATCCAGGGGCTGCGAGCGAGGGCCTTGAGGATCGTCCGCGCCACGTTGCCGGTCCCCTGGGCACCCGCGCCTTCGGGGTCGCGGACCATTGCGAGGGTCCGGGCGGCCTGAACGGCTGACGCGCTCTCGCTCGGGGCGCGCTCGGCCACGCGTTCCAGCCACTCGGTCATCAGGGACTCGGCCAGGCTCGCCTGGTCTGCGGTCAGGTCGTCGAGGTCGTCATGGGCCCCTTGCACGTCCGGGGCGCGGAACCGGTCGCCGTAGTAGGCGACGTGGACTTCGATATGGGCCGGGTCGCTCGTCGGGAGTTGGAGCCGGTCGGCCAGGTCCCCCCGGCCCGCGAGCCGGACGCCCCCGGCCAGCGCCGGGACCCAGCCGGCCCGGATGCCGTCGGCCGTCTCGCGTTGGTTGTCGATCCCGTGGACCAGGACGATTCGCGTCATGGATGGGTCTCCTCGATGGGTGATCGCACGGAAACGAGGATACCCGAGAAGCCGGCCCGGTGTTGACGGGGCGGTCGGAATCGGGGAAAGATACGGCGTGGAGCCCGGTGAAGGGAGATTCCGCCGACGCGGCGGTGCATCCGGGTTGGGGGCCTTTAGGGGAGGCGGTCAGGGACGACCGCCCAACGGAAGCTCTATGTCTGAAGAGACCATCCAGTACGTCGACGGCGAGATCGAAGGCGTCGAGATCCGCTATTTGAAGACCTTCAGCGACAAGC
NZ_CP011273.1_gap4	293177	293777	600	CGCAACGCCGTGCGGATCGAGCGCACGTCCCTCGACATGCCCGCTTCCAACATGCGGCGGGGGATCGCCCAGGTCCTTAAGGACGAAGGCTACATCTGGGATTTCGAAGAGATCGAGACCGTCCCGGCCCGCACCCTTCGGCTCCACATGAAGTACGGCCCCAACGGCGAGCGGCTGATCACCAAGATCGACCGCATCAGCAAGCCGGGCCGCCGGGTCTACCGGGGCTACAAGGACCTCAGGCCGGTCCTCGGCGGCATGGGGATCCAGATCCTCAGCACCCCTCGGGGGATCGTCAGCGACCGCCGCGCCCGCGACCAGAAGGTCGGCGGCGAAGTCCTGGCCATGATCTACTAAGCCGGGCCTCCGCCTCCCCGGGTACCGAACCACCTTCATCGCCAGAACAAGAACGAGGAAGACGGAGCCATGTCCCGTATCGGTCGAAAGCCGGTCGTCGTCCCGGCCAACGTGAAAGTCGCGATCGCCGACTCGACGATCCAGGTCGAGGGGCCCAAGGGCAAGCTCAGCTACGGCCACCGTCCCGAGGTCTCCGTGACCTTCGACGAGGCCAAGAACGAGATCGCCGTCGCCCGTCGCAAC
NZ_CP011273.1_gap5	295404	298836	3432	GCCCGCCGGGTCCCCAAGCGGGGCTTCTTCAACGGCGCCTTCAAGAAGCACTTCGTCCTGGTCAACCTCGGCGAACTCGACAGCTTCTTCCCCGAGCCGGGGGTCGTCGACGAGGCCGCCCTCCGCGCCACGGGGCTGGTCAAGGGCTACGCCCACGACGGCATCAAGATCCTCGCCGACGGCGAGGTGACCAAGGCCTTCGAGATCCACGCCACCAAGTTCAGCGAGGCGGCCGTCGCCAAGATCGAGGCCGCCGGCGGCAAAGCCGTCGTCGCCCCCTACATCGGCAAGGTCGCCAAGCCGGACGAGACCTGCGGGTCCTGACCCGCCCCCGCTTTCATTCCGCCGCGGCGCGTCGATCGGCGATCGGCGCGTCGGCGGCGGTCCTATTTTGATCGAGACCCGGCGACGCCCCGCCGCGACGGCCCCGGACGGGCCCTCCCCCGGGGCTTCGCGACCCAATCGGCCCATACCGGCCCGAACGATGAACCACGGCCCCAGCGGAGGCGATCGCGCGTGGACAAGCTGATCACCATCTTCAAGATCCCCGAACTCCGGCGGAAGATCCTGTTCACCGCCCTGCTCCTGGCCATCTACCGGATCGGGTTCTACGTCCCGCTGCCGATCGTCAACCAGGCCCAGCTCCGAAACTGGGAAGAGCAGCTCAGCACCAACGCCGCCGGCAAGATCTTCGGCACCGTCGCGATGTTCGGCGGCACCTCGATCGGCATGAGCACGATCTTCGGCCTGGGCATCATGCCCTACATCTCCGCTTCAATCATCTTCCAGCTCCTGGGCAGCGTCGTCCCGTCGCTCGAGGCGATGATGAAGGAAGGAGAGAGCGGCCGCAAGCGGATCAATGAGTATACGCGATACGCCACGGTCGTCTTATGCGCCGTGCAGAGCGCGTTCTGGGTGCAATATATGATGAGCCCCCAGATGAACGTGGTCTTGCCGGAGTATCGCGACATCTGGCATGGCATGGTCTCCGTCTCGATCATGACGGCGGGGACGGTCTTCCTGATGTGGGTCGGCGAGCAGATCGACGAGTACGGCATCGGCAACGGCATCAGTCTGCTCATCATGGCGGGCATCCTCTCGCGCCTTCCCGTCGCCCTCCAGGGGCTTTGGCAGAACGCGACCACCCGACTCACCCCCGAGCCCGGCAAGTACGGCATCATCACGATCGCCCTGCTGCTGATCCTGTTCGTCGCGGTCGTCGTCGGCGTCGTGGCGATCACCGAGAGCCAGAGACGGATCCCGACCCAGTCGGCCAAGCACGTCAGGGGCCGTCGAGTCTTCGGCGGGACGCGACAGTACCTTCCGCTGAAGGTGAACCAGGCCGGCGTCATGCCGATCATCTTCGCCTCCAGCTTGCTCATCTTCCCGTCCCTGATCCTCAGCGCCCTGGCTCGCTCCACCGCCAGCCTTCGGTCGGACACCTGGTCGATCGGCTCGTTCTTCGCGACCACGCTCCAGGACCTCGCCGACGCCTTCCAGCGCCAGGGGTATCTGTACACGCTCTCCAACATCGTGATGATCTACTTCTTCTGCTACTTCTGGACGGCCATCACCTTCAACCCGAAGGACATGTCCGAGAACCTGAAGGACTACGGCAGCTTCATCCCGGGCTACCGCCCCGGGCGTCGCACGGCCGAGTACCTGGAGAAGGTCATGCTGCGGATCACTTACGTGGGGGCGGCCTTCCTGTCGCTCGTCGCGGTGATCCCGACGCTGGTCCAGAACGGCCTGAACGTCGACTTCACGGTGGCCCAGTTTCTGGGCGGCACCGGCCTGCTGATCGTCGTGAGCGTCTGCCTCGACCTGGTCCAGAAAATCGACAGCCACCTCGTGATGCGGAACTATTCGGGACTTGTGAATCGCAAGTGACCCCAGGAGTCGCCGCATCGTGTCATCGCAACACGGATCGGGCCGCCGTCCCACGCTTCCCCCCCTCCCCTCCGGAGCCCTTCGGCGTCCGGAGGGCATGGGCGGGCCGAAACCGGGATCGGGTCCGCCGCCGTCCCGGAGGACCCCCGTGATCCAGCTCAAAAGCCCCCGCGAGATCGCCCTGATGCGGGAAGCCGGGCGACTCGTCGCTCGGGCGCTCGGCGAGGCTCGCAAGCTGGCCGTGCCGGGGGCGACTACCGCCGATCTCGACGAGGCCGTGGCCTCGGTCTTCCGCGAGGCCGGTGCCACCCCCCTGTTCCTGGGCTATCCGTCCTCGATGCGGGGCAAGCCGCCGTTCCCGGCCGTCATCTGCTCCAGCGTCAACGAACACGTCGTCCACGGCATCCCCAACCGTCGCCCGTTGCGCGAAGGGGACGTCGTCGCGGTCGACACCGGCTGCCGCCTTAACGGCTGGTGCGGCGACTCCGCCGTCACCCTCCCCATCGGCCAGGTGGCGCCCGACGTCCAGAAGCTCCTGGATTGCACCTCCGAGACCCTGGACCTCGCCGTCCGCGCCATGGGGCGTTGCCGCTACTGGTCGGAAGTGGCCTCGTTGATGGAGCAGTACGTCAAAAGCCAGGGCTTCTACGTCATCGAAAAGTTCGTCGGCCACGGCATCGGCAAGGAGATGCACGAGGAACCGCAAGTTCCCAACTTCTTCAGCAAGGCGCTCCGCAAGCACGACATCCTGCTCGAGCCGGGCCTGGTGCTGGCGGTCGAGCCCATGGTGTCGATGGGGACGAAGGACGTGCGGACCCTGGACGACGGCTGGACCGTCGAGACCCGCGACCGCCGCCCCAGCGCCCACTTCGAACACACCATCGCGATGACGCCCGAAGGTCCCGAGATCCTCACGCTTCCCTGAGCGGACGGAGGAGGCCGGATGCGACGGGAACTCACGACCTCCAGTAGGAAATCGCGACGAAATTATCTTGACGAAAGTGGAAGCAGAGACCCTTGCGGAAGAGAAGGAAGATCGTTAGGATGGTCGAATTCCCCGGTGGGCCCGCCATGCCTCAGTGCGCCTGGGCTTCCTGACGCCCAGCGACCGTCGGGTCGATCGGCGAGCGCGATCATCGAGATTTCGGACGGCTGACGCGGGAATCGCGGCCGCTACGAATGCCGCGTCGCCCCCGGCTCGTTCCGGCCGCCGGCCGCACCGCCGGTGCCAGGTCTTCCCTCGAGGACGGACCTGGCGACCGATCGGCCGGGCGACCAATCGCCGGTGGACGATGGACGCCGCCGGGGCGGGCGAACCGGCGTCCCGACGGCGCATCCGCCGAGGGGCGGCGTCTCGGCCACGCAAGTCGGCGTTCCCACGGACAATACACAGGAAAGCAGCGACGGCCATGAAAGTGCGATCGAGCGTCAAGAGGATCTGCGAGAACTGCAAGATCGTGAGGCGGGCGGGCAAGGTCCTGGTGATCTGCTCGAACCCCCGACACAAGCAACGACAGGGCTGACGTCCGCGGCGCCCCCGGC
NZ_CP011273.1_gap6	345733	348448	2715	GACGTCCAGGCCGGCGGCGTGAGCGGCGGGACGACGGAGCGCAAGGTCGCCCGCACCCCGTCGGCGACGAGGTCGCGGAGGAACGGCATGACGCCGCCGGACATCAGCGGATCGAGCACGGTGAACGTCGCCCCGTCGAGCCCGATGAGTATCGTCTTGGGCATCACGCGACCCCCCCCGGCGCGGTCGCCCGCTGCTGCTGGCGGCAGATCAGGTCGACCAGCTCGCCGATGGTGACGTCCCGCTGATCCGCCTCTTGCTTCCCCAGCTCGGCGAGGAATTCGGAGAACGGCAACTGGCCGTAGCGCTCCTGAAGCTCTCCCCCGAGGATCACCAGGTCGAGCGAATCCATCGCGAGATCGCCCAGGAGGCGGGTCTCCGACGTGATCTCGCCCGAGTATTCCCAATCCCCGGAGAGCTCGGTCATGAGGTCGAGCACGGAGTCGAGGATCTGCTTCTGAGTGAACGGCATGGTTGCTCCTCTCGGTTCGTCGTTCGACCGTCATTCGACCTCTCGGTCAGCCCCCGCGAACGCCGGCGCGACCGCCGAACCGGCGCCCTGGCACAACGTCGCCGCCACGACCGACGGCCCGTGCATCGAGGTGTGGACGACCACCGGCGCGGCCGCGAGCCGGGGGTGGCTCTCGGCCAGCCGACCGGCGAGCCGGACGTGGACCGTCTCCTCCTCCGGCGTCACGGCGGCGATTGAAAGTGACGCCGGCGCCTCCGAAGTCCGCCCCCCCAGCGCCTTCACGACCGCCTTCTTGGCGCATCGGCAGCGAAACCACCATTCTTCGAGGCGGTCGACCGGCCGATCCCGTAACAGGGCCAGCTCCGCCCCCGACAGGACCGGCTCCGGGTGATCCTCCCGACGGGACGCCGACTCGGCGTGGATGCCCAGATAGGCCCCGCCCCCGCACTCGCTCTCGCGCTCAAGTTCGCCGCGAGCGGGCATGAGTCCGGCCAGGGCGACCGCCAGGTGCACGTCGAGCGAGATCGAGACGACGATCTCGCCGTCCAGCTCGTTTTCCCAGGCGCCGCCGACCGTCAGGCGGCCTTCGGCGTCGCGGCGGATCTCGATGTCGGCGAGCGGGGGCTCCAGGCCCAGGTGGGCGCGGAGCAGGTCCCGCGCGGCCTCCTTCGCCGCCGTCCGCCCGACCAGCCACTCCACCTGTCGCGACTCCGGGGCGGCCAGGCGGCGGAACTCCTCGCGCTCGGCGCGGCCGAGGACCAGTTGCGCCCACACGCGACGCCAGAGGCCGAGATCGGACGGGAGCCCGGAACCGAGCCGGCGGCAGGCGAAGGAACGAGGGCTGGGGAATGACTCGACCAGGTCGGGCCAGGGCTCGGAGAAGTCTCCCCCGGACGGCAGGATCAGCGGGTGGAAGGTCGCCGGCAGGTCGGACCGCCAGTCCTCCCAGCCCTGAAGCCGGAGGAGCGGGCGGCCGTCTTCGGCGACGATCTCGATGTCGGAGCGGAGCCGCCGGTCTCCTTCGGGCCGGATCATCGCCTCGCAGGTGGCCGTCGCGCCGGGCGGGAGGTTGGGGCCGAACAGGTCCAGGGCCTCCAGGCCGGAGGGGAAGATCACCTTGCCGGTGGCCAATCGCTCCGCCGTCCAGAAGCCGATCACCTGGCCGGCGGCGTCGAGCAGGACCGGGTCCAGCACGAAGTCGGGGGCCGGGCGGCCTTCGATCAGGCGGTCGAAGGGGAGCACGCGGAGCCTCGCCAGCGAGCCGTCGTCGGCCACGCGCTCGATGGAGGCGACCCCCCGCCACGACGGCCCGTGGAACATGACGTCCGAGTACAGCCGCTCCGGCTCGATCCGCGAGGGTCGGCCGTCGCGCAGCTTCGAGGACGCCCCGGCGGGCCTCGGCGGGTAGGCGTCCGCGAGGAGCACGGTCGCCTCGATCGCCGGGCTGGCCGGCGGCGAGTCCCCTCGGCGATCTTCCGTGAGGTTTCGGATCTGGACGACGATCCGGTCCGGGGACCCCGCCTGACGACGGGCCGTCGCCTGCAACTCCTGCGGGCCCTCATCGAAGGCGATCCAGCGGAAGGCCCGGAGGTTGCGGAAGCCGACGACCGTCCGGCCCGGCGCCAGGAAGGACGCGGCCTCGGCCAGAATCTCCATGCTCATCGTCAGAGGCATCACGGGGAGCGCCAGCAAATCTGGGTCGGCGCGGGATACGTCGCGGCCGAGGGTGTGGTCGCGGAGGTAGACGTCGATGGCCGGGTCGAAGACGCGCCGGGCGATCACCTCGTCCCCGGCCTTCACCGAGACGATCTCGCCGAGCAGCGGGAACGGGGTCTTCCTCGCGGAGCGGTCGGGGATCGGATTCGTCGGCGCGACCTCGGGAGCGACGGACCCGCCGTCGCCCGCCGCCAGGTACTCGTCCATCGTCCGCAGAAAGTCCCCGATCAGGGCGGAAGCGCCCGAGGGGCTGGTGAAGATCTCGGGCGGGGCGGCGGTCTCCTTCGGAGGCTCGGAGACATGGCCGTTCGCGGACGTCGGCGGGGACGACTCCGGGACGGAAACGCTGGGAACGGGCTCGACCGGCTCGGGCCGCTCGGCGACGAGGTTCTCGGACTCGGCGCGGAGTCGGCTCGCGAACTCGGCGGAGATCCGCATCGGCGGGAAGCCGGTGACGAGCTTCATCGCGGCCCGCGACGAGGGCCGGGGCGAGACGGCCGACGGGGCCAGGTCGACCCGTCCGACGT
NZ_CP011273.1_gap7	352007	354733	2726	CCCGGCGGCCGAGGCGGACCGATGCCTGATAATGGACCCGACGGGGATCGCCCGCGCTCAGGATCGCGACCTCCAGATCGCGGGCCGTCGGGTGTTCATCCCTCCTCCCCTTCGCCTCGCCGGCGGGCCGGGTTCGAGTCCGGGCGACGACCCGGACGTCTTCCCTGTCCTCCCGGAGGACGACGCCCCGGTGGAGCCGGATGTCGCCGATCGCCAGCAGGTCCAGGCTCGGCCATCCCGCCGAGGCGACCTCGGCCATGAGCTCCATGGCCATGGCGAAGGGGAAGACGGGGCGGCCGTCCAGGCGGTGATCCTGCAAATAATGATCAACCTTGACGTCGATGGGACGTCTCAGCTCGACCAGGTCTTCGCCGTGCGACAGGACCCCGGCGGCCCTGAGCAGCGGGCGGCTCGTCGAAGCCGCCTCGACCGACGCGGTCGCGCGGGGAGGGCCGGACGACTCGAAGCCGCCGGCCCCGCCGATCAGGATTTCCACGTCTCCCTTGCGCCCGTGCCGGAGTTCGTCCAGGAGCAACTCGCAGCCCACCTCGGACGGGATGAGCACGACGCCACGCTCGGCGAACTGGCGCCGGACCTCCGGAGAGACCATCCCGGACCCCAGCCAGGGGCCCCAGTTGATCGAGACGACCCGGCCCGGACATCGCCGGTCCAGGTCCTGCGCCAGCTTGTTGAGCATCTCGGAGGCCGCCGCGTAGTCGGCCTGGCCGCGGTTGCCGAACCGGCCGGAGACGGAGCTGAAGAAGACCAGGAACCGGAGCGAATCGAATCGAATTCGCTCGGCGAGGATCCTCGCGGCCCCCGCCTTGGTCCCCACCACGCGTTCGAACGATTCGAGCGTCTTGTCCTTGACCAGCCGATCCTCGATGACGCCGGCCCCGTGGATGACGCCGTCGATCCGCCCGTGGGCTCGATAGACGTCGTCGAGGAGCGAACCGAACGCCTCCGCGTCGCGCACGTCGCAGGTCGCGTACTCGACCCGGGCCCCGGTCCGTCGGAGGCGTTCGAGGTTCTCTCGGACCTCGCGTTCCAGGAGGAGACGGCGACGCCGCTCCTCGACCGTCGCCAGGGCGACCGGATTCCCCGACGCGCGAAGCTGTTCCAGGATCGCCCGCCCGAGCTCTCGCGGCTCCTTGATCCCGGCGGTCTCGACCGGCTCCGGCCCGGAAGGGGGCGGGGTGCGACCGACCACCACGAGCGTGCAGGGCGCGGCCGTCATCAACGCGAGAGCCGCCTCGGCGGTGATCCCCCGCGCGCCTCCCGTCACGAGCACGACCGAGTCGCCATCGAGCGGGAGGTCGGCGGCCCCGGCGGGGAGGGGCGCCGGGGACAGCTCGAGGATCGTCCGGATGCCGTCGCGATAGCCGACCTCGACAAGCTGGTCGTCGGCCGTCAACTCGTCCAGCAGCCAGTCGGCGACGACGTCCGGCCCCGCCGGCGGAAGGTCGACCGCCTTGATGCGGACGGCGGGGCATTCGTGGCCGAGCGACTTGAGGAAGCCGGCGAGCCCGGCGGCCTCGGGAGAGTCGTGGGGGGCGGGCCGCTCGACGGCGAACGAGCCTCCCAGCCTCGTCGCCGCAAGGATCGCCGCGCCGCCGTGGGCCGCCGCGCGTTCCAGGTCCGGCCCCAGGGCCCGGCACAGCAGGTAGAGAGACGTCAGCGCGTCGCCCCGGCGCGACCCTGCGCCGTCGACCCGGAGCGCCCCCAGGTGGATCAGGGCGGCCACCGGCCCGCGACGGGCGTGAAGCTCGTCGACCAGTCGGGCCGCCTCCTCGGGACGCCGAAGCTCGGCCGTCACCGCGTCGGGGTCGTTCACCCTCGCGCCGGCCTCGGAAACGATCCGGACGACGTCGCGCCCCCGGTCGTTCAGGAGGCCCGCCAGGCGTCGCCCCACGCCGGTCTCGTCGTCCACGATGACGACGAGACCGCCGGGGGCCAGATCGGCCGTCGCACCGATGGAGGGGGCGAGGGCCGATTTCAGCGCGAACCGGCCGACGCCGTGTCCGGTCCGCGCACCGTCAAAAGGGCGGTGATCCTCCTCCGCCGCGCGTCGTTCGCCGTCGCCGTTTCCGCCGCCGCCGTCGTCTCCGTCGAGGAACGCCGTCAGGTGATCGACGACCTGGCGCAGGGTCCGGCTCGCGGTCAGGCTCTCGATGTCCGGCGATCGGCCCTGGGGCAGCGTCAGCGAGTTGACGAGGGTGCCGGCGATCTCGACGCGCTTGATGGAATCGATCCCCAGATCGGCTTCGAGGTCGGCGTCGAGGCTCAGCATCTCCTCGGGATAGCCGGTCCGCTCGCCGACGATGGACAGGAGCCGCTCGGTGATCCGGCGACGATCGGAGGGGGCCTCGGCGGCCGGGACGGCCGCGATCGACCGAGCCGTCGCGCCGTTCTCGCCGCCGTTGGGAGACGGCTCCCTCCAACCCTCTTCCGGCCCGGCCGGGGCCTTCGGGCTCGCGGGCTCGTACGGCCGTGCGGAGACGGCTCGGTCGGCCGGAGGCCACGACGGCGCGGGGGTCGTCGCGACTTCGTCGAGCAGGCTGCGGAAGACTGCTGGAGACGAGGCGGGCGCGGCCCCTTCGAGGAACGCGGAGGCCTCCCCGTTCGGCTCGTCATGGGAATGCGTCCGCCCGGCCTGGGCCTTCGCCGGGGGCCCCTGCGAGCCGAGGTACACGAGCAGGTCGTGCATCACGGTCTCCTGGGTCTGG
NZ_CP011273.1_gap8	356798	358907	2109	GGAAGTTCGCCTTGGGGTTGGGACGATCGACCCCCAGGGTCGGGGGGAGCACCCGATGGTTGAGGGCGAGCGCGGCCTTGATCAGCCCGGCCACCCCGGCGGTGGCCTTGGTATGGCCGATCATCGATTTGACCGAGCCGACCGCGCACCCCTGCCTCGTCGCCCCGGCCTCGCCGAAGAACATGCCGAGGGCCTTGAGTTCGGCCAGGTCGCCGGCCACCGTGCCGGTCCCGTGGGCCTCGATCAGCCCGACGGTCGCGGGCGAGTACCCGGCCTGGGCGTAGGCCCGGCGAAGGGCCCGGACCTGGCCCTCGGGGCGAGGCGCCGTGAGGCCTCGGTCGCGCCCGTCGCTCGATCCGCCCACCCCCCGGATCACCGCGTAGACCCGGTCGCCGTCGCGCTCGGCGTCGTCCAGCCGCTTGAGGATGACGGCGGCGAACCCCTCGCTGATGGCGATCCCGTCCCCCTCGGCGTCGAACGTGCGGCACCGGCCGTTGGGCGAGAGGGCCTGCGTCTTGCTGAAGCAGAGGAAGGCGAACGGATTCTGGATCGCGTCGACCCCTCCCACGATCGCCACGTCGCTGGTCCCCGCCTCCAGGTCGCGCACCGCCAGGTTCACCGCGGCCAGCGACGACGCGCAGGCGGCGTCCACCGTGTAATTGACGCCGCCCAGATCGAATCGATTCGCGACCCGACCGGCCGCGACGTTCATCAGGATTCCGGGGAACGAATCCTCCGTCCATTCCGGCAAGAGGTCTCCCAGCCGCTCGGTGACGGCGGTGGCCTCTCCATTGAATAGGGAAGGCAGGCACGAGCGCACCATGTAGCCGGCGGTCAGGTCGGACCCTCCCCCCCCCGCCCCGAGGATCACCGACGTCCGCTCGCGCGGGAACGGTCGGTTGAGATAACCGGCGTCCTCAAGCGCCGACCGCACGACGGCCAGGGCCAGGAGCTGGAACGGCTCGATCGAGCGCAGCGAACTGGGCGGCATCCCGAAATCCGCGGGGTCGAACGCGACGTCCGCGATGAATCCCCCCCAGCGCGAGTAGATCTTGTCGCGAGCCGACCGCGAGGGGTCGAAGTACCGGCGCCAGTCCCAGCGGTCGGCGGGGACTTCCGTGATCGCATCAACCTTGTTGACGATGTTGGCCCAGAACGTCCTGAGGTCCGGGGCGCCGGGAAGGATGCAGGCCATCCCGACGATCGCCACGGCGGCGGGAGGCGGGGAAGGCGGTCCCGCGGCCACGGCCGGCCGGGGGGATGACGCCAGGCGTCGGCTTCCTCCGGCCGAGACGTCCTCGTGAAGCTCGGCCAGCGTGCAGACGCCGTCGCGAAGCCCGGCGACCTGGCCGATCATGTACATCCCGCGCGCCCATTGCTCCTCGGCGTCGAGTTCGACGAGCCTGGACGCGGCCGGATCGTCGCCGAAGCGCGGATTGCGGTCGACCCCCTTCGAGGCGACCCGTAGGCGGCCGATGTTCAGCTCCTCCAGGCTCTGGCGCAGCTCCTCGGAGGGGAGCCCCTGCCGGAGCAGCCGCCGCTTCTCGCCCTCGAAGTCCGCGACGAAGGGGGACGACACGCATCGCGTCGCGTGCCCCGGCCCGCTTTCGAGCAACACCGTACGGTCGCAGGCGAGGGCCGCCCGCTGGAAGCTCTCGGTGATCGCGCCGGTCTGGACCGCCTCGCGGGTGAAGAGGTAGGCCGTCCCCAGCAGCACGCCGACGCGCACGCCGCGCCGGATCAAGGGCGCCGCCAGCGCGCCGACCATCGCGGCCGAGAGGCCGTCGTGCACGCCGCCGGCGAACAGCACGTGATGGGAAGAGGCGTCGACGCCGGGCGTCAGGTGCTCGGCGAGGACCTCGATCAGGCTCTCCCAGAGCACGAAGCTCGTCCTCGGCCCGACGTGCCCCCCGCACTCCCGACCCTCGAAGACGAACCGATTGGCACCCTCCTTGAGGAACATGCGGAGCAGCCCCGGCGACGGGACGTGGAGGTAGGTCGTCACCCCCGAGTCCTCCAGGGCCTTCGACTGGTCGGGACGGCCTCCGGCGATCAGCGCGAACGGGGGGCGGTACTCGCGGACGACTTCGAGCTGCTCCGCCCGCAGCT
NZ_CP011273.1_gap9	507942	508987	1045	CCCGCCGCCCGGGTCGACCTGGCGAGGATCGCCGACTGATCCTCCCCCGCGCCCGGGACGCCCCAGGCGACTTTCTCGCCTTGCCGTCGCCTCGCCGGGCGTGGGATAGTTGTCGTAGGGGGCGCGTCGGCCGTTCGGCGGGCGCGGTCGCCCCGGACTCGGGAGGCTCGCCATGGCGCACAGGTTCCGGGGGGTGTTCAGGTTGGTCGTCGGGCTCGCGGCGGGGGCCGTCGCCTGGGGCTCGACGGTCGGCGAGGTTCGCGCGGCCGTGACCCATGAGCAGGTCGAACGCGCCATCCGCGACGGCGTCCGCTTCCTCAAGAAGCAGCAGATCCCCGAGACCGGGGGCTGGCGGGATTACCAGGTCGGCGGCGAGGCCCGGACCGGGCTCACCAGTCTCGTCACGCTGGCCCTCCTGACCGCCGGGGAGCCCGCCGACTCGCCCACGATCCGCTCGGCGCTCGACTTCCTGCGGAAATGGAGCCCCGATCAGCTCGATTCCACCTACGCCGTCGCCCTCCAGACGATGGTCTACGCCGCCGCCGACCCCAAGGCCGACGTCAACCGGATCATCGCCAACGTCGACTGGCTGGAGCGGGCCCAGATCCGGCCCAACGACCCCGTCGACTGGCCCGGTTCGTGGAGTTACAACCTGGGAAAGCGGTCCCCCGGCGACAACTCCAACACCCAGTACGCCCTGCTGGGGCTGCACGCGGCCTCCGAGGCGGGCGTCCAGGCCAAGCCCGAGGTCTGGAATCTGTCGCGGGCCTACTGGGAGAGCGCCCAGCGCGGCGACGGCGGCTGGGGCTATCACCACAAGCAGCGCGATTCGGGCTCGACCGGCAGCATGACGGCGGCGGGGATCTCCAGCCTGGTGATCACCGGCCTCCGCCGCTTCCAGGGGTCCGAGGAGATCCACGGGGAGAACATCCAGAACTGCGGCAAGGTGACGGTCAACAAGAACCTCCAGCGCGGCATCAACTGGATGGCCGGCCGCTTCCAGGTCGGCCAGAACATCAATATGGGCCCGGCCTGGCGGCTGTAT
NZ_CP011273.1_gap10	645581	650045	4464	GCGGGGCTTCCATCAGCGTGTCGCCCCGATCGAGCATCGCCAGCAAGTCGGTCTCGATCTTGTGGCAGAGCTGATCCAGCGGCAGGTGGTTGAGGCTCGTCTGCGAGAACGGGAACTGGAGCTCCGTCCCGATCTTGTCCAGCGCCAGGATCGGCGCGGCCACGAACATGGTCACGACTGGCGTGAGCCATACGGCCTCTTCCAGCAGCGCGAACGGCAGGGTGATCAGGAAGAACAGGATGAATCGGCGGATCTCGATGCGATACGCCAGCGGGAGCGGCGAGGAGCGGATGCGCTCGCAGGCGCCCAGGTGGTCGATCAGGGTCGCCCGTTGGCCTTCCGCCTGATGGAAGGCGAACGCGCTCATCCCCAGCTTCTCGTGCGCCTGGCGGAGCAGCCCGGCCAGGTGCAGGGCGATCGCGTTGGGCATGTGGTGGGACGCGAAGACGCGGTCGGCGGCCTCGCGGCCCAGCAGCCCGACCAGCGACGTGCTATGTCGCTGGTCCCGCAGGTTCAGCCGGACGGCGTGCGGGAAGGCGGCCGACCAGCGGATGAACTGGTCCCGCCACGCGCGGTCGGCCGGCCCATACGCCAGGCCGTCGATCGCCAGGTTGCGCGACTGGTTGACGATGCCCCCCCAGAGCTTCCGACCTTCCCACCACCGCTCATAGCCGGCGTTGGTCCGGAGCACCAGGAGCAAGCCCAGCGCGGCACCGGCGACCTCGTGCGGTCCGACGCCGATGTGCAGGCTGTAGTCGAGGTGCTTGTTGAGGTGCAACGCCGTCACCACCAGCGCGTACGCGCCGAAGACGAGCACGCGTAGCATGGTCAGGGGCATCGCCGAGCCCTGGACCCCGAAGACCTCGACCCAGAAAAGCAGTTCCTTGTCGCGGAATCTCACCGGCTCGCAAGCCCTCAAGATCGGCCCCGGGTCGGGGCCACACGTCGCGAGGGGCACACGCCGCCCCGCGGCCGAGGCACCCGGTCGGGGCGGCCCTCGGCTGGCCTCCAATTGTATCAGCCGGAATCCAACCGGCTCCAGACTGATTGAATTATGAAAATCTGTCAATTTGCGAGCCGGGATCGAGGCGGCCGCCGATCGGGACGGCGACTCCCTCCCCGAGCCTCTCCATCTTACCGGCCCATCCGGTAGGAAGGGGATGCGAGGAGGACCGAGCCCGAGCCCCCCGCGTCGCGGTCGGGCGAGTCGAGCAGGACGACGGCCTCCCAGGTCAGCGGCGAGTGGGGGACCCCGTCCCCCGCGCCTCCCCAGCGCCCCCCGGCGCGGAGCCGTCCAGGGGAATCCGCACGATTCGCCAGCCCTCGAAGTCCAGCCGCCCTAGGTCGGGCTGGAACGTCTGCCCCGAGGCGTCCCGGAATCGACAGCGCAAGTAGGCATTCGAACCGTCTCCCTTGACCCAGAAGAGCGCCTCCCGAGCTTTCTCCGGGATCGGCAGGGTCTTGCGGGGCTGGACCGTCAGGTAACGCCATCCGGGGTCGAACTCGTACGCGATCTTGATTGCACGCTCGCTCTGTCCCTCCGTCGCAACCCTCGAAGGCTTCGACGCCTTTCCGGGTGCGGGGGTGTTCTCCACGTGCAAGACCGCGTCGAGCGAATCCAGAAGGTCCGTACGATCGGGCCCCATGATTGGTTCGAACCTTCCCGAGACCGGCTCGACGACCGGAGCGCCGTGGGCGTCGACCAGGACGAGGTCGACGTCGGCGTCCGACGCCTTCACGGCGAGCCTCGCCCGGCCCTCCGACTCTCCCGTGGGGATCGACGCGACGGCCGTCGCCGTTTCGCGTCCGTCCGGCCTCTTCGCGACCAGGCGGCCCTCGAAAGCCCGCTTCGACGGGTTGGCGATCGTCGCCTCGAGCACGTCTCCTCGAGGGGCGATCGCCAGCGAGAGCGGGTCGACTCGCCAGACCTGCAAGGGGACGATCGCCGGCAGCGGACGGGCTTTATGGCGGATCTCCAGGGGGATTTCCCGGTGGGGCGCCCGCAGCGGAGAGGCGGGCAGACGGATCAGGTCCATTCGAGACGCGCCGTTGAAGGTCGACATTTTCGAGAGCGATTCGGCGACGCCGGGAATGCGGAACTCGACGGCACGATCGCCCAGGCTGGTGGGCATCCAGGCGTGGAACTCGACCGGGCTCCCCGTCGTCTCGACAAGCGGCCCCGCCGGGATTTGGATCGAGGCCAGCGTGCGAAGATCGGCCGCGTCGGGGTCGGAGCCCTTCACGAGTCGGATCGAAGGCGTCCGCGCGGATTCGTCGGCGTCCGCGTCGGTGGTCCAGGAGACGATCGCCAGGGGGCTGTCCTCCTGACCCGAATTCTGGAAGAGCAGCTTCCAGTCGGCCGGGCTCGCCCCCCGGAGGCGATGGCGGTACGAATAGCCACGCAGGGCGTCGATCAGTTGCTTCGCCGCGAGGAACGAGGGCTTGGGCGTCAGGTCTTGCCGCACGGTGCCGAAGCGGTGCTCGTTCTCCTTCGGGTCGGGGCCGTCGTCCTTCCAGTCGTAGAAGATCGAGAGGTTGACGCCGTTGGCGAGGTTCGAGAGGTACTCGCGGACGAGGTAGCGGGCCTGTTCGGCCTCGCTGAACCGCTTCTCGGCCGTGGAGTAGCCCCACTCCCCCGAGAGGATCGGCATCGTCGCGCGGGCCGGCGCGTGGCGGGCGATCAGCGCGCGGAGCCGGCCGTAGTCCTCGGCTGCGGTCTCGGGGTGGCTTTCGCGATAGGGGTGGACCGAGACGGCGTCGATTTGCTCCAGGACGCCGGAGGCGAACAGCGCGTCGAGGAATTCCCAGGGGAAGCCCGAGGAGGCCGGGGCGACCACGTACGCCTTGGGGTCGGCCGCTCGGATCGCCTCGGCGGTCTCCAGCGCGAGCTTCGCATAGTCCTCGACGTTCGGCCGGGGCTTCCAGAAGCTGATGTTGGGCTCGTTCCAGATCTCCCAGATCACGCCTCGACCCTGGAAGTGGGCGGCGGCGGCCCCGGCGAACCGGGCGAACGCGGCGCGGCCTTCCGGGGAATGCGGCGACAACCCGCCGTCATACCGGGGATGGCCGTAGTCCAGGATGAGGTAGGCGCGGGCGCCGACCTTGTCCAGATGCCCGAGGAGCCGGTCATACGCCGAGAAGTCGTACTTCCCCGGCTCGCGCTCGATCCCCGCCCAGAAGAAGTCCATGCGGACCCACTTGAAGCCGGCCTCGGCGAAACGTTCCATCTCGCCGGGGGCCGGGTCTGTGAAGTGGATGTTGACGCCGAGCCCCTCGGGGATCACCGGCGGGGGCGGCGCGTCCTGGGCGCGAACCGGGGCGAGGGCGGCGGCCAGGGCGGCGGCCAGCAGGGGGAGGAGGAGCCGAGGGAGGGAGAGTCGCATCGGGGTCTCCTGCGAGTGGGCGGCGGCAAGCGGCGCCGCCGGTGGTTACGCCGCCGGGCCGCGATCCGCTTCCTCGCGGAGCGCCTTGGCCTCGGGGTGTTCGGGGTCGGCCTTCAGGACCTCGTCGAGCGTGGCCCGGGCGTCGTCCTTGCGGCCCATGTCGAGCTGCGCCCGGGCGAGCTTGACCTTCAGGTCGTCCGGCTTCTTGGGCTTCAACTCCAGGGCGACGCGGTATTCCTCGACGGCCTCGGCGGACTTCTTCGACGCCGCGAGGGCGTCGGCCAGCAGGACGTGCGAGGTGGGGCTGTAGACGTCGACGTAGAGGCACTCCCTCGCCCACTTCTCGGCCTTCGCGGCGTCGCCGGCGGCCAGCCAGCGCTCGGCGAGGTTGGTGCGGACGGAGAGGTTGTCGGCGTCGTTCTCGGCGATCTGCGCCAGGTCTTCCAGGAAGGCATCGGTCCGCTTCTGGCGGAGGTGCACCCGCGCCAGGTTGGCGATCCACTTGGTGCGCCGGGGGTCCCCCTTGCGGGCGGTCTCGTAGAGGCGTTCGGCCTCGTCGAGCCGACCGGCCTTGAGGGTGAGGTCGGCCAGCAGGTCGACCACGCGCTCGTCGGGGTGCTCGGGGTCGAGGGCCGGTTCGAGCAGGGCCAGGGCCGCGTCGTCGTCGCCGATCGAGGTGAGCAGGCGGGCCTTGACGTAGCTGGCGAGGGGATGGTGGGGCTTGAGCTCCAGCGCCTTGTCGGCCGGCGGCCGGGCCGCCTTGAGGTCGCGGCGGGCGAAGTGCTCGTAGGCCATCTTCGCGTTCAGGTCGGCGTCGTCGGGCTTCGCCTTCAGCTCGCGTTCGAGCTGCGAGAACTTGATCGGCTCCTCGGCGTCGACGCGGGTCCGGATCGTCTTGACGACCTCGTCCAGGTGGGCGAGGTACTGCTTCTCGAAGTCTTCCTTGTCGACGTGGAAGCATTCCTGGATCGCGCGGGCGGTCGTCAGGCCGCGGCGGTAGGCGGCGAGCATCTTGATCTGGGCGTCGGGGCCGAACCGCTTGGCCATGTACTGGGCGTAGAGCTGCGCCTGGCAGTAGGCC
NZ_CP011273.1_gap11	674196	679093	4897	GGGCCACGGCTCGCCGCCGTTCGTCGTTTCCGGGCCTTGCGTCTTGCAAGGGGCCGGCGATCGGAGAGAATGGAGTTCCTGGAGGGCCACCCTGGGGAACCGGCGATCGCGCCCTCCGTCTTCTCTCGATGACGTCCCGATCGACGCCCTCGCCCGGAGCCTCGGACGCGAAGCCTCGATCTCCGCCCCCGCCTTCCCGCAAGGTTCCCCCACCGCGACGAGGGGACGCGCGGGGGCCTCATCGATCCTTCGATCTGAAGAAAGTTCGAGTCTTACCGATGGGAAGCTCATTTCCAGCCCTCACCGCCGAGGAGGCGGCCGAGCTGATCCCGCACGGCGCGATGGTGGGGACCAGCGGCTTCACGCCCGCCGGCTCGCCCAAGGTCGTGCCCGCCGCCCTGGCGAAGCGGGCCAAGGCCCTCCATGACAAGGGGGAGAAGTTCCAGATCCGACTGCTGACCGGCGCCTCCACCGGCGCGCTCTGCGACGACGCCCTCGCCGAGGCCGACGCGATCAGCTGGCGGGCACCGTACATGACGTCGGGGCCGCTCCGGAAGCTGGCGAACTCCGGCCGGGTCGACTTCATCGACATGCACCTATCGCACGTCGCCCAGGTCACCGCCGGCGGCTTCCTCGGCAAGATGGACGTCGTCATCGTCGAGGCCTCCGACGTCACCTCGGACGGGCGGGTCTACCTGACGACCGGCATCGGCAACGCGCCCACGTTCCTCGACCAGGCCGAGCGGGTGATCATCGAGCTGAATTCGTTCCACCCGCCTCGCGTTGCCGAGCTGGCCGACATCTACATGCTCGCCGCGCCCCCGCTCCGCGACCCGATCCCCATCCAGGACCCGCTGGACCGGATCGGCACGACCTACGCCCAGGTCGACCCGAAGAAGATCGTCGGCGTGGTCCCCAGCAATCTTCCCGACGGCGGCCGGCCCTTCTCCGCGCCCGACGCGACCAGCCACGCCATCGGCGAGCACGTCTGCCGGTTCCTCCTCGACGAGATCGCCGCCGGCCGCATCCCCCGCAAGTTCCTGCCGCTCCAGAGCGGCGTGGGGAACGTCTGCAACGCGGTCATGGCCTCGTTCGCCGCCAATCCCGACTTCCCCAAGTTCAAGATCTACACGGAGGTCCTCCAGGACACCGTGATCGACATGATCGTCCGCGGCAACGTCCTGGGGGCGAGCACCTGCTCCCTGACCCTGTCCGACGAGAAGCTCCGCTTCTTCTACGACCACTTCGACGACTTCGCCGACCGGATCGTGCTCCGTCCCCAGGAGATCTCCAACAGCCCGGAGGTCTCGCGGCGGCTGGGGGTCATCGCCACCAACACGGCGATCGAGGTGGACGTCTACGGCCACGTCAACTCGTCCCACTTCTTCGGGACCCAGATGATGAACGGCCTGGGAGGCAGCGGCGACTTCGAGCGGAACGCCTACCTGTCTTTGTTCATGTGCCCGTCGGTCGCCAAGGGGGGGCGGGTCTCGACCATCGTGCCGATGTGCACCCACGTCGACCACAACGAGCACTCGGTCCAGGTCATCGTCACCGAGCAAGGCCTGGCCGACCTCCGCGGCCTCGCGCCCACCGCGCGGGCCCGGGCCATCATCGACAACTGCGCGCACCCCGCCTATCGCGACTATCTCCACCACTACATCGAATCCGCGCCGATGGGCCATCTTCGCCACGACATGAGGCGCTGCTTCGAGCTCTGTAACAACTTCCTGGAGACGGGATCGATGCTGCCCGACCTGGACCTCAAGCAGTTCGAGGCCTGAGTCGGAGCGCCCCCGGCGAGAGGGGGGGCGAGGCGAGAAGGGGGAGGCTTGTGGGTCGACCGAGCAAGCTCAGTCGACCCACATCGGCTCGTCGACGAGCAGCCCGTACTTCTTCATCTTCTTGTAGAGCGTCGTGCGGTTGATGTCCAGCATCCGCGCGGTCTCCTGGCGGTTCCAGTTGAGCGCCTGGAGGGCCTGGATGATGATCTGCTTCTCGGGCTCCTCCAGCGCCTCCTTCAGGGGCCGGATTCCCATCGGCAGGTGGGGCCGGCCGTTGTTCGTGCGCGCCCCCCGGCCGCCCCGGTGCGGGTTCAGGATCGGCCCCAGGTGGGTCGCGGTGATCCGGGGACCGTGGCAGAGCACCACGGCTCGCTGAACGACCCCTTGCAACTCGCGGACGTTCCCCGGCCAGTCGTGGCGCTGGAGGACCTCCAGGGCGTCCCGCGTGAAGCCGGCCACGTTGCGGTCGAACTGCTCGGCGAACTTCGACCGGAAATGCTCGGCCAGGAGCTCGACGTCGTGGCCGCGATGCCGGAGCGGCGGCATCGCCAGGCGGAGCGAGCTGATGCGCTGGTGCAACTCCTGGCGGAACCTCCCCTGCTCTACCAGGGAACCCAGGTCCTCGCTGGTGGAGAGGATGATCCGGGCCATGGCCCGCCGGTAGCCCCCCGACCGCCCGGAGGCCGCCTCCATATCCTGAAGCTGGATCTCGCGAAGGAGCTGGAGCTGGAGCTGCGAGTCCAGCGCCCCCACCTCCTCGATGAAGAGGGTCCCCCCCGCGGCGCGGGCCAGCTTGTTCGTCCATTCCAGGCCGAGGTTCTTCTGGGGTGAGGCCGGGCCGTCCTGAGCGTCACCCGCCGAGCTTTCGATCAGCTCGGCCGCGTGCAGGGCGACGAACGGACGGTCCCCATGACCCGCGCCCAGGTGGAGCCGCAAGGCCAGCTCCGACTTCCCGGTCCCCGGCTCTCCCTCGATCAGGACGGTCGCCGAGGAGGCGGCCAGCGATCCCGCCAGCCCCAGGATCTGACGCAGGCAAGGGTCGGCCCCAACGAAGTCGCGATCGGCGGCCTGGTCGATCGGGGCGGTCCCGACGTGCTCCGCGAGGGCTTCGGCCGCAGGTCCGTCACTTCCCTGATACGCGGAGTAGGAGGAGTCCGACGCGACCGAGGCGTTCGAGGCCCCCGGCCCGCCGCCGAACCCTGGGCGAGAGCCCGAGGCCGGGTCGAGCGGGCCCCCCGACGCGAAGGAGGCCGACGACGGCCGGCGGTCGGCGTTCTGCTCGAGCGCCTGCAAGACCGCGGCGCGAAGCTCGGCGGCCGGGGCGGGGTATCTCAGAACCGCCGCCGCCCCCTGCTTCGTCGCCTCCTTCGCCCGCTCCGCATGGAGGCGGGGGAACATCAGGACGACCGGGGTGCGGGCGTGCTTCCGCCGCACGTAACTCAAAAGTTCGAGGCAGTCCGAATCGCCCGGGTCGACGCTCGCGAGCACGAGGTCCGCGGGGTCCCGCTCCAGAAGCCGGAGCGCCGTGCGATCGTTGGGCGCCTCGTCGATGACGTGGCCCAGCGACTTCAGCATCGAAGTCAGCAACGCCAGGCCGCTGGCGTCGGGGCAGACGATGAGGATTCGATTCTTGTGCATTCGGTTGCCTTCTCTCGGTGTTCCCGCCTGAGCCGCAGCCCTGGACGGCGAGCCTCAGGTGGACGGGCGACGAGCCTGGGCCGATCCGCCCCGGACGGATCGGCAAGTCGGAAATCATGGGGCGTTCGTCATTTGCAACGCCGCATCGACTGCTCGACTCGCATGTCTCTCTGAATGAACGTCTAAGTCACGGATGCATCACAGTCAAAGAGAAGATCCCCGCCGAGGCCGTCCTTTCGCACGATTCAGGCACGAGGATGCGCGCCCTGGTAGACGTCCAGGAGCCGCTCCTGGGTCACGTGAGTGTAGATCTGGGTCGTGGTCAGGTTTCGATGGCCGAGCAACTCCTGCACGCTCCGAAGGTCGGCCCCTCGGTCGAGCAGGTGGGTCGCGAAGCTGTGGCGGAGCGTGTGCGGGCTGGCCTCGCTGCGGACCCCCGCGCGGGCGAGGTGGTCCTCCAGCAGCCTCCCCACGCTGCGAGACGTCAGCCGGTCGCCGTAGCGATTGAGGAACAGCGCCCGCTCGTCGGCGTGGCGAGGGGTCCGGGACGCCAGGTGGGCCCGGATCCAGTAGACGGCCATCGCCCCGATCGGGCAGAGTCGCTCGCGTTTGCCCTTGCCTCGCACCCGCACCAGCTCTTCCTCCAGGTCCAGGTCCTCCAGGTCGAGCCCCACCACTTCGCTGACCCGCAACCCCCCGCCGTACAACGTCTCGAACATGGCCCGGTCGCGGCGACCCAGCGCCTCGCCGACGGGGATCGAATCGAGCAGACGGACCACCTCGTCGACCCGCAGGAGTTTCGGCAGCCGTTTGGGCTGCTTCGGATTGCGAAGCGCCGCCGCCGGGTCCGCGGCGAGCTCGCCGCCGCGACGGAGGAAGCGAAAGAACGAACGAAGGCTCGCCAGCCGCCGCGCCACCGTCGAGGCCGCATACCCCTGGCCGGTCAACCAGGCCGAATATCGGCGCAAACGTCGCGCGTCGACCGCCGCCGGATCGTCGGCCGGTCCCCTCGTCTCTTCCAGGAAGCGCAGGAAGAGCCCCAGGTCGTCCTCGTACGATCTCAGAGTATGCACAGAGGACTGCCGCTCAACTCGCAGATGGTCCAAGAACGCCTGGATTCGAGCTTTCACGTCGCTGGCCCTCGTCGATCGATCCCACCCTCCGGCCGACCCGCCTCGGCCGATCTCGCCACTTCCCTCATTCGGCTACTTCCCCGGTCCGACCCTCCCCATTTCCCGAGATCCCCCGCCCCACCACGGTCTCCTCCCCTCTCGATGCGAGGGGCCTCTCAACTGCAAATCCCGTCCCAATCGCCTGTGGTCCCTCATGTATGGATGGTTTGTTGCGCAAAAAGCGGGCTGAAAAGGGAGTAGCCCCTTCTCACACCGGGGTCGACCTGCTAGTATTCAAGTGCGACGTGGAGCAGCGGCTAGCTCGCCAGGCTCATAACCTGGAGGTCGTAGGTTCGATTCCTA
NZ_CP011273.1_gap12	700788	703405	2617	CGGCCAAGGGGATGGTCGCCGTAGATCAGCCGTCGGAATTCCTGGTCGGCCCGGAACGCGGGGTCTTCCAGGTCGCTCTTGAGTTCGGCGATGAGCCGCTGCTTGGTCCAGGCGAGCGACTCGGCCGGGAAGGCGGGCCGTCGCGCCACGTCCGCCAGGATCTCCAGGCCCAGGGCCAGGTCCTCGGATCGGGCCCGCAGGGCGCTCCAGGCGGAGCTGAACTCCAGCGAGCCGCCGACGTCCTCGATGGCGGCGGCGACCTCCTGGGCGGTCCGGCCCTCGCAGCCTTCCTCCAGCATCCGGCTGGTGAGGGCCGCCGCGCCGGGGGCCGCCTCGCGGACCCAGCCCCCCTCGACGTAGAAGTCGACGGCCGCCACGCCGACGTCCGCCCGCCGCTCGTGGATGACCCGCAGGCCGTTGGCCAGGACGAACCGCCGGGGGCGGTAGTCCACCAGCTTGGGCCGCGCGCGGCCGACCGTCGCGGGCAGGTCGGAGGCGAAGATCAGCGGCGCGGGCTCGGTGCGGGCCACCGTCCCGCGGCGGATCTCGGGCGTCCTCGGGGCGGGGACCTCGTCCGTGCCGGAGCGAAGCAGCCAGCCGGCGGTGAGGTTGTCCTCCAGCAGATACTTCCCGGCGACCCGCCGGACGGCCGCCGCGTCGACGGCCAGCGCGGCGGCGTGGTCGGCCTGCCAGTCTCGCCAGTCGCCCCAGAGGGCGGCCTCACCCACGCCGCAGGCCAGGGCCAGGATGTCTTCCTGGTCCCACCGCCAGCCGGCCTCGAAGCGGTTGCGGACGCGGGCCATCTCCTCCTCGGAAGGCCCCCGGACGGTCAGGTCGTCGAGGATGTCGAGGACCGCGTCTTCCACCTCGTCCGGGTCGATCCGCTCGTCGGTCGCCTCGATCTGGACCAGGAACTGCCCCCCCTGCCGTCCCGGCGCGTGCTGCGCCTCGACCCAGCCGGCGAGGTGATCGTCCTCGACCAGCGACCGCCAGAGCCGGGATCGCCGGCCGGCGGAGAGGACGTCGGCCAGGACGTCGAGCGCCGGGGCGTCGGGATGCTGCGACGGGACGGTGTGCCAGCCGAGGACGCCCCGAGGCAGCGCGTCGGCTTCGGCGAGCACGAAGTCGCGGCGACCGGCCTGGGGCGACTCATCGCCTTCGGGACGGCCCCGAGGCGTCGAGCCGGGGGGGATCGCCCCGAACCGTTCCTCGGCCCTATCCAGCGCCCGCTCCGGGTCCAGGTCGCCGGCGAACACGATCACCGCGCCGTCGGGCCGGTAATGGCGGCGGTAGAAGGCCTCCAGGTCCTCGACGGTGATCGACGCCACGTCGCGGGGCCAGCCCAGCACCGGGTTTCGGTACGGGTGCCGCAGGTAGGAGAGCGCCTGGTGGTTCTGCTCCAGCCGGGACAGGGCCGACTCCGCGTCGCGAGCCCGCTCCTCGCCGATGACCTGGCGCTCGGCCTCGACCTCGCGGGGGTCGAATCGCGCCGAGGTCATGCGGTCGGCCTCGATCTCCAGCGCCAGCTCCCAGCGGTCGGCGGGGAGCGAGAACCAGTAGTGGGTGCGGTCCTCGCCGGTGTCGGCGTTGGCCTGGCCCCCCGCGACGAACGCCATCTGGTCGATGCTCCCCTTGGGGAAGCGCTCGGTCCCCTTGAAGAGCATGTGCTCGAGGAAGTGGGCGATCCCCGACTTCCCTGGGGGTTCGTCGAACGAGCCGACCGGATAGAACAGGTCGCAGACGACGATCCGGACCCCCTTCCGAGGCAGGACCAGGATCTTCAGGCCGTTGCCCAGGACCCGTTCGAAAACGGGCTGGGAACCCACCTTGGCGATGGTGGAATGCGACTTGAGCCGTCGAGCCATTTCGGAGCGACCCTTTCATCCCTCGGTCGGAGGAGTGCGGGGGGGACGTCGAGGAGCCCGGGCTCCGTCAGGACGTCGCGGCGGGGCTCGGCCCCATGACGAGGCCCCGTCCTGGACCGAGGGCGCAGCTCCAGTCTATCATCTCCGGCGGTTCCCCGCTCCCCCGACTCGAGGCGGCCCGACGCGAGCGGGAGCCGAGCGGGCGGCCATTCGAGGCCTCGACCGTCCGCCGGCGGGTTTCCACGCAGCCACTTTCCCGTCATGATGGATGCGGGGCGACGCGCGGTCCGCGGCGACCCCCGTCGGCCTCGCCGACGCTGGTTGGACGACGAGGGCCTCACGGGCGGGCCCGGCTCGGAGACTCCCCTCATGCTCCGCGACGCACGCCGCGGCATCACCCTCATCGAGCTGCTGGTCGTGGTCGCCATCGTCGGCTTGCTCACGGCGATCCTCGTGCCGGCCGCGATGCGGGCCCGGGAGTCGGCCCGGCGGGCGCAGTGCGCCTCGCACCTTCACAACCTGGGCATCGCCCTGCACCAGCACCAGGGGGCGCGGGGGACGTTCCCTTCGGGGGCCGGCCCGCGCTCACTCCACTGGAAGCTCCTACCGTTCCTGGGATACGAGGCCCTGGCGCGGTCGACCATCGACGACCGGACGGCGTCGATCCCGATCCCGGGGTCCTACCTCTGCCCCTCCGACACCGCCCGGACCGCCGCGCTCTCCCGCTTCGCGACCAACTACGCGGGGAACGC
NZ_CP011273.1_gap13	799888	800676	788	TACAAGTTCCCCGGCGATGAGATCCCCATCGTCCGCGGCAGTAGCCGGCCGGCCCTCGAGAATCCCGCCGATCCGGTCGCGGCCAAGCCGATCCTCGACCTCGTCGCGGCGATGGACGAGTACATCCCGGACCCGGTCCGTGAGATCGACAAGCCGTTCCTGATGCCGATCGAAGACGTTTTCTCGATCAAGGGTCGCGGCACCGTGGGCACCGGCCGCGTCGAGCGTGGTCGAGTCAAGGTGGGCGAGGCCATCGAGATCATCGGTTTCGGCGTCAAGAAGCCGACCACCGTCACCGGCGTCGAGATGTTCCAGAAGACGCTCGACGAAGGCGTCGCTGGCGACAACGTCGGCGTTCTCCTCCGCGGCGTGGAAAAGAACGATCTCGAACGCGGGCAGGTGCTATGCAAGCCGGGCTCGATCACGCCCCACACGAAGTTCGAGGCCGAGGTCTACGTCCTCAGCAAAGAAGAGGGCGGACGCCACACCCCGTTCTTCAAGGGTTACCGTCCCCAGTTCTACATCCGCACCACCGACGTCACCGGTTCGATCCTCAACCTGCTGTCCGAAGACGGCAGCGAGGCCGAGATGTGCATGCCGGGCGACAACATCAAGATGACGGTCGAGCTGGGCAGCCCGATCGCCATGGAAGATGCTCTCCGCTTCGCCATCCGCGAAGGCGGCAAGACGGTCGGTGCCGGCGTCGTGACCAAGATCCTCGAGTGATCTCGATGCGGAGGGGCCCCGGCCCCTCCGACGTTTGCTCGACCGCCGCTTCCTAGAATCGC
NZ_CP011273.1_gap14	850639	854946	4307	CGGCGAGCCCTCGCCCCCGATCCTGATGCGGATCCGGTCGACGATCAGGGTCATGTCGGCGATGGAACCGTCGACCTTGTCGACGATCCAGCGGAAATCGACGTGCTGGCGGCGTTCGACCCGAGCGGCCCGGCCGCCGTCGGGCGTCCAGACGTGGGACGACTCCTGGACCATGACGTAGTGGAGCACGCGACCGGGCTCCAGCCCCCAGCGGAGCGCGACGGGGTCGCCCACGGTCGCGGCCAGGCCCCCCTCGCCCGTCCCGACCGCCAGCAGCGGCGGCAGGAGCAGCAACAGCGCGACGCCCGCGCTGCGGTCTCGCCGCGGGCCGGTCGCTCTCAAGGCCGGGTGCTTCATGGGGTCCAGACCTTTCCGGCTGTCGGACGATCGCGCCCGGCCCCCCAGGCGACTCGGTCGGGGGCGGCGGGCGTCTCCAGCATAATACTCGGCGAGGCCGACGAAAGCATCAGGGGGCGTCATGCTCGTCGATATGCCGATCGGCGTCGATCGCGTCGATCGGGTTTCGAATCGGTCGATTCGGGTCGCCGGGACGCAGGAGGTAGGCCATCAGGACGAAGTCGTACACCCCGTGGCAGACGATCGCCGCCAGCAGGTTGCCCGTCGAGAGGAAGATCAGCGCCAGGTAGACTCCCATCGAGAAGCTGACGATCGAGTAGGGGATCGAGATCGGGTGCAGGGCGCCGAACAGCAGGCTGGAGAGGATCACGCCCCAGGTCTCGTTCGTGGCGCTGGCGATCGAGGTCTGGAAGACGCCCCGGAAGAGCATCTCCTCGCCGACCCCGGCCGAGATGGCGATCAGGACCAGGTCGGCCCAGGAGCTGTTCCCCAGGAGGGGGACGAATTCGTCTTCGCAGAATCGCTTGATCCGCACCAGGGGGCCGATCGGCCAGCGAAGCATCGCCAGGAAGCAGGCCGCCGGGGCCGCCGCCGCCGCCGCGCCCAGCATCACGGCCTGGAAGTTCCAGTCGAAGTGGCGCAGGGGGGGGTGGGCGAACCACCAGCCCAGGAGCAGCGAGAACGGGGCGAGGCCCCCTTCGAAAAAGACCGCGAAGGTCACGATCGCGTCATGACCGGGCGCATCGATCTCCGGATGCGGAGATTCCTCCGGGGCGTCCAAGTCGTGGCGATCCTGCATCCGAAATTTCCGAGGGATGGAATCGGGGCTCGACCGACGCCGGTCGGGAGGGCTGTTTCCAGGCTGTTTTCTACCATAACGGACCCGGCCTTCGGTGTCGATCCTCGGTCGCCTTCGATTGCAGGGCTGCGTGCGACTATTGCATCGGCGGCGACGATTCACGCACGAACGACGTCTTTTCGAAACGCGACGGCCCCGGCCTCGCGTCGGGGACGGAGGCGCGGGGCCGGGGACGGGGTTTTCGAGCCACAGGACTACTGGGCGATGATGTTCTTGACGCGGGGGTCGGCCAGGCTGATCCGGCGCGATTGGAGTCCGTTGCGGCGGATGACGTAGAGCAGGGCGCTGTCGGTCTGGACGGCCTCGGGCTGGCGGAGGACGTACATGATGTTGTCGGGCCGGATGGTCTCCCAGTTCCGGTCGCCGACGTTCATCCCCACCAGGATGTCGCCGCGCTGGAGGGCGGCGGCGGCGGCGGGGCTGCCGGGCGAGACGGCCTGGATGAACAGGCCGCCCCGGAGCTTGGGGTTGACCGAGGAGACGTCCTGGCCGGAGGCCGGCGAGGTCTTCAGGCCCAGCGTCTCCCAGATTGGGTCGGTCGGCTCGTAGGCGGCGAGGGTCGTCCCCTCGGCCAACGGTCGGACGTCGACGGCGAGGGTCGTCTCGGCCCCGTCGCGGCGGACCAGGACCGTCGTCGGCGTCCCCGGCCGGGAGTCGAGGAACGCCCGTTCCACGTCCAGGGCGTTGGCGACCGGCATCGAGCCGATCTGGACCAGCTCGTCGCCCGGCTGGACGCCGGCGGCCTCGCCCGGGCTGCCGCGCTGGACGTCGGCCGCCACCAGGACCCGTCGGGAGCCCTGCGTCGTCTCGGCCGCGACCACGCCGTGCCAGGTGGCGGCCAGTCGGCGGGTGCTGAGCATCTCGGCGGCGACCCGCTTCACCTCGTCCATCGGCAGGGCGAAGCCGATCCCCTGGGCGCCGGCCCGCACCGCCACGTTGATCCCGATCAGCTCCCCTTCAATGTTGATCAGCGGCCCGCCCGAGTTCCCCGGGTTGATCGCCGCGTCGGTCTGGATCAGGTTCCGGTAGACCTGCTCGTCAGAGAGCGTCACGTCCCGGTGCAGGGCGCTGATGATGCCGACGGAGACCGTGTTCTCGTAGCCGAAGGCGTTGCCGATGGTGATGACGGGCTCGCCCACCATCAGGTCGGCCGAGGTCCCGATCCTGATCGCCGGCAGGGGGGAGGTCGGCTCCACCTTGATCAACGCCAGGTCCATGACCGGGTCGAAGTGGAGCACCCGCGCGGGGTAGCTCGTCCCGTCCAGCAACTGGACCTGCACGCCCTGCACCCGGTCCACGACGTGGTGGTTGGTCAGGATGTAGCCCCGGCCGTCGACGATGACGCCGCTCCCCATGCCGTTGACTCGCGGGCGCTGATTCTCCTCGGGCGAGAACGGCCAGCGACTGCTCGACGCCGCCTTCTTCTCGCTGGAGATGTTCACCACGCAGGCCTGGGCCTTGCCCACCGCCTCCACCACCGCCGTCCGGCGCACTCCCACCGCCGTCGGGTCCGAGCCCCACGCCGGCGCGACCGGCGCCCCGATCGACAAGACGCCCAGGACCAGCCCGACGCCCAGCCATCGGCCCGGCGGACTGGGACGGCGTTCCCCCTCTGTACGGCGACTCCAGGGTCTTGGCACGATGTCGTCCCCAATGCGTAGGCCGATCCGGATCGTCGGCTTCCATCCGTGTCCCCCGGCTCCGGCGACGTCCATTCCGCCGCGCTCCGGGTCCCTCCGACCTGCTTTTGGATCGGTTACCCTGCTTACCAGCTTGAGCTAAGTCGCCCTGATACCTCCTAGCTTCCCTGGGTTCCGCAAGTATCCATATAATAGGTCTAAATTGCCTGTCTTCTCGGCCGCAAGCCAGGCACAAACGTTCGGGTCGCCGGCCTGTTTGCACGGTTTTCCTGCACCCCAACGCACCCCGCTGAAGTCCTGAGAGGTCGCTCCAGGGAGGCGGTCGGCCAATTAAGGAGAAAGGGCCCTACGAAAAGAGCGTCGAGAGAGTAAAACTAGATGAGGGATCAAGACGACCACCGGAGTCGGGATGAATGGCCGCGAAATCGCAACGACGCCTCAAGCTGGAGGAAAGCCTCCGCGACGACCCTTCGGATACGTTCCTGCGTTATGGGCTGGCGCTGCAGTGCCTGCGCGACGGGGACGTGGAGGAGGGCCGCGATCGGCTGAAGGCCCTGATCGCCGACCATCCCGAGGATGAGGTGGCGGCGTACCAGCAGCTCGGGCAGTCGTACGCCGAGTCCGAGGAATTCGAGGCCGCCGCCCAGATCCTCCGGACGGGGGTGGCGAAGGCTCGCGCCCGGGGGGACGACCACGCCGCGGCCGAGATGGAGGGGCTCCTTGATTCGCTCGACTGACGCCGACCGCTGCGAGGGCGATCGGGCGGGGGGGGGCCTGCCGTGATCGGCCCCATGCTCTCCTCCGGCTCGGGCTCTCCGATCCCGGCTGGAACGTCCCTGTTCGACTTCCCCATCCCGATCCACTTCGGGGTGGGCGCCGTCCGCGATTTGCCGGCGGCGCTCTCGTCCCTGGGGGTCGCCCGTCCCCTGCTCGTCGCCTCGCCCGGGCGGGTGGTCGGCGGGGTCGTCGATCAGGTCGCGGGCGCGCTCGGCGCGTCCGTCGTCTTCGCGGATCTCTCGCCCGACCCGATCGACGAGGAGATCGACCGTGGCGCGGATCGTTACCGGGAGTCGAAGTGCGACGGCCTGGTGGGCCTGGGGGGCGGAGCCGCGATCGAGGCGGCCAAGGCGATGAGACTGCGGCTGGGCCTGCCCCCTCTGGCGGCGGTCCCCACCACGGCCGGATCGGGCGCCGAGGTCCTCGCGTCCTGCCGCATCCGATCGGCCGAGACGGGCTGCAAGCGGGAAGCGGGGCCGGACCCTCGATTCCCCTCGCTGGCGATCTGCGACCCCGGCCTGACGCTGACCACGCCGCCGGCCGTCACCGCCGCCACCGGCCTGGACGCGCTGGCGCATTGCCTGGAGAGCTATCTGGCGACCAGCTTCCAGCCGCTCTGCGACGCCGCGGCGGTCGAGGGCCTGCGGTACATCTTCCGGGGCCTGGAGGCGGCG
NZ_CP011273.1_gap15	871936	873153	1217	ATGATGGCGATGACGACGAGCAGCTCGATCAGCGTGAATGCGCGCGCCTTCGAAGTCCTGGACATGGGACGGCGACTCCTGAGAGCGTTTCCGAACGAGGAAGAGTTGGGCACGGACGTAGTGGATGGGACGATCCCTCCGGCTTCGAGGGATGTGGATACAACCTACCAAGGAGGCACTCTCATGACGAGGACGGACTACGAAAATCGTTCGACTTTTTCCTCGCTCGGATTCAACGTTGAGAATCGGAATCAGATGGCTCGCCTGATGCCGTGGCGGGGCCGGCCCGAAAAGGCGATGATAGGGGCGGGAGCCGGAGGCCGTCGGCGGCCTTGCCGGTCCTGTCGGGGAAGAGCGTCGAAAGGAGCCTGCGAGCGGTGGTCGATTTGCGCGTGAAGCTGGGGCGGTTGTCGCTTGCGAATCCGGTGCTGACGGCGTCGGGGACGTTCGGGTACGTCCGCGAGATGGCGGGATTCGTCCGCCTGGAACGCCTGGGGGGCGTGGTCCCCAAGACTGTGACTCAACGCCCCCGCGCGGGGAACCCGACGCCCCGAACCGTCGAGACCCGCGCCGGGCTGCTCAACGCCATCGGCCTCGACAACGACGGGATCGACCACTTCCGGGAGCACCACCTGCCGTACCTCCGCACCACGGGGACGGCCGTGATCGCCAACATCGCGGGCGAGGACGAGGACCAGTTCGTGTCGATGGCCGAGGCGATCGGCGGCGAGCCCGGCGTCGCGGCGGTCGAGTTGAACGTCTCCTGCCCGAACGTCAGCCATGGGCTCGACCTGGGGATCGACGCGGCGGCCGTGGGCCGGCTGGTCCGCCGGGTGCGGGAGGTCTGCCCGATACCGGTGATCGCCAAGCTGACCCCCAACGTGACCGACGTCGTGGCCATCGCCGCGGCCGCCGCGGAGGCCGGGGCCGACGCCGTCACGCTCATCAACACCGTCCGCGGGATGGCCGTGGACTGGCGCCGACGCCGGCCGATCCTGGCGAACGACGTCGGCGGCCTGAGCGGCCCGGCGATCAAGCCGATCGCCCTGCGGATCGTCTGGGACGTCGCCCGCGCCCTGCCTACGCTCCCCATCATCGCCGTCGGCGGGATCGCCGACGCCGACGACGCCCTCGAGTTCCTCGTAGCCGGCGCGTCGGCCGTGCAGGTCGGCACGGCGAGCTTCTACAACCCCGCCGCCGCCGAGAACGTCCTCGAC
NZ_CP011273.1_gap16	875196	878478	3282	GCCATCCGCCTGGCCCGTCGCGACGAGGCCAGGCGGCACAGCCGGGATTTCCTCTGATCAGTCCGACGCCGGCCGAGGGGCCTCGACCACGGCGGCCGTCGAGACCGCGCCGGGGATCTCGAATTTGGGGACCGCCTCGTCGGCCGGGGGCGTGGAGGCGCGGGGGGCGTCGTACATCCCGGACGGCTTGGGCGCCTGGTAGGGCGAGGCGTAGTTGGAGATCGCCGACGAGGAGTCGTCGAGGCCGCTGGTGACCTCGTTGAGCCCCTTCTTGAACTCGACGATCCCCTTGCCCAGCGAGCGGCCCACTTCGGGGAGCCGCTTGCCGAAGAGCAAGACGGCCAGCCCCATCACGATCATCATCTCCATCGGCCCGAGGTTGGGAAGCATGCGGCAGGCTCCGTGTCGTGTGCCACCGAATCGTGTGATGGTCCGTCCATCCGTCCCCGCGACGCTCCCGGTTCAGGGGGTCGGCGGGGTGATCTTCTTGTCGACGTTGACGGCCTCGTCGATCTCGTCCTCGATGCCGGCCACGCCCTTCTTGAACTCGGTGACGCTCTTGCCGAGCGAGCGCATCACGCTGGGGAGGCGGTTGCCGAACATCAGGAGGGAGACGAAGGCCACGATCACGAGCTCGGTGGTGCCGAGGTTCGGCAGGAAGGCGAACAGCATGGCTGGGTCCTCAGTCGGTCGGTTCGAGTCGGTTCGATTCAGGTCCGGTTGAAGCTCAGGGCGTCACGTCGCTGGTGATCAGGGTCCGGGCGACGATCCAGGTGGCGACGGCCGTGGCCGCCAGGATCGTCAGGAACCAGAAGAATCGCCCCCCCCGCGTCAACGAGGCCCCGAGGACGCGCCGTCGGACGGACGCGACGGGGGAGGGGGGGGATCGACGTCGGGGGCCCCGACGGACCGGGCTGATCCAGGGGAGCACCGTCCGGGCGCGTTCGGTCTTGAGGACCCCGGAGCGTCCGTAGAGCGCCAGGGCGACCATCACGATCAGTACCAGTTCGCGGATTCCGATCATCGCGCCTCGCCCGATGCTCGCGGGCATTGAGCGACGCCTCGGCCGCGCGAGGCGCGGCGATGGGTCGAGTCCTGGGGACGGTCCGCGGGGGGCGGAAGGCCGGGGGAGGTTCGCACACGGGACGCCGTCGCGTTGATGGGGGCCGACAGATCGGCGCCGACCATAGGCCAGTGCGTCTCGACAGGGACGACGCGGGTGGGACTACGTCTTTCCCATCCTATCGCCCACCACACCGCTGTCAATCCTTTTCCCCGGCCGGCGATCCGTCGGAGGCCTCCGAAAATCGGCTTCTTCGCATCAACTTATGTTGGCCGGAATGCACGCGACGGCGATTTCGACGCCGATTCGCCGCGGATGATGCGATCGTTTCTTCCCCGAATGCAACGCGCGTGGATCCTCGGCATCCACGCATTCACGGGCGGGGGCCATCCTCCTAAAGTGCGTTGGAGCCGAGGGACGAGCGAATGGAGACTCGACCGAGGCCGGCAGTGCAACCGGAACAAAAGGGCGAACTATGATGATGCGACGGTGGATCAAGGGGCTGGGCCTGGCGGCGTTGGGCATGATGGGCCTGGGCGGAGCGGCCTCGGCCGGCACCGTCTATGGGGTCGACAACGCCAGTCGGATCATCAAGGTCGATACCGTGACGAAGACGGAGACCGTCGTGGCGACGACCGGTCTGGGAGGGAGCGCGAACGGGCTCGCGCTGGACACCAACGCCAACAGGCTCCTGTTCAGGTCGCCGGACGCCTCGGCGCTTCGGGCCTTCGACCTGACCACCAACCTGTTGACGACGGTCGCCACCGCGACGCCGCTCCCCGGCTCGTCCGCCAGCGCCGCCTACTATGCGAACGCCTACTGGTACGTCCAGAACAACACCGACGACCTGGTCAAGGTGGACCTCTCGACCCCGACCGCGACCGTCACCACGTTCCTCGACTTCGACGGCTCGGCCGCTTCGAGCTACGGCTTCGGCGACATCGTGATCAGCACCCAGGGCATCCTCTACGGCTCGTCCAGCCGGGGCTTCTTCTCGCTGGACGTCTCCGGCGCGACGCCCGGCGCCTTCACCCTGCTGAACTCTCGCACGCCGCAGCTCCAGCTCGCCATGCTCGGCGACGGCAGCATCATCGGCCAGCAGCACGACGGCGTCAACGCCGGCAAGTGGTACAACGTGAGCCTCACCGGAGACACCACCCTGATCCCGAATTTCCAGACCGCCCCGCTCCGCGACCTGGCCAGCTCCGCCGTCCCCGAGCCTGGTTCGATCGCCATGATGGGCCTCGGCGGCCTCGGGGTCCTCGCCCTGGCCCGTCGCAAGTCCCGCCGCGCCGCCTGAACCCCGGCCCCACGGCCCTCCCGCTGATCCGAACGCCCCACGCCCCTCGGGACCATCGCGTCCCGGGGGGCGTCGTCGTTTCCCTACTCATCCGTCAGGCGACGACGATGAGTTCGCGCCGTCGTGCGTTCTCGGCCGATCAGCGCCCGACGACGGCCGTCGGCTCGGAGCTTTCGAGCACATGGAGCCACTCGCGGTACTCGGGCGAGTTGAGGGCGGCCCGGGCCCGTCCCCAGCGTTGGTCGACCCAGCTCCAGAAGTCGAAGTCGATCGTGGAGACCTTCCACTGGATCGCGGCCCAGAGCGTCCAGCCGACGTCCGACATGAGGATGTTGAGCTTCATCCGGGCGAGCTTGTCCGGGTAGGCGTCGCCGAAGTACGCGGCGCACATCTCCTGGACGCGCGGCTCGTCGTACTCCAGCTCCTGGCAGGCGTTCCCCAGCTCGAACGTCGGGTCGTTGTTGCCGCTGTATTCGAAGTCGATCAGCCAGAGTCGGCGTCCGTCGTCCAGGATGTTCCCCGCAAGCAGGTCGTTGTGGCAGGGGACGGTGGGGACCGGGTGCCGGGAGAAGGCGGACTCGATCCGCTCGACCTCGGGCATGTAGCGGACGTAGTCGTCCGGGATGGGAATCTCCAGTTCCCGCGTGATCCGAAGGTAGCGCCGGGTCAGCTCGAACATGTCGAAATCGTGCAAGAAGCGAGGCCCCGCGTGGAGCCGCTTGAGGACCTGCGCGAGCCGGATCGGCATCCGAGGGCCTCGCATCGACTCCAGGGTCATGGTCTCGGCGGGGATGAATTCGAGGACCAGGACGTTCAGGTCGCGGAAGTGGTGGACGACTCGCGGGCAGACCCCCGCCTCGGCCGCGGCCCGGGTGTTGTGAAGCTCGTTGCCGCGATCGATCGCGAGCCATTCGGTCCC
NZ_CP011273.1_gap17	1030403	1034060	3657	CCTCAAGGGGTTCGGCTGCGAGATCCTCGCCCACGACACGTACGTCAACCCGGCCTGCACGGCGATCGGCGCGAGGTACGTCGGCCTGGACGAACTGCTGGCGGCGTCCGACGTCGTCACCCTCCACTGCCCGCTGACGCCCGAGACCCATCATCTCGTCAACGCCCGGACTCTCGCCGCGATGAAACCGGGAGCGATGCTCATCAACACCAGCCGAGGGGACGTGATCGACACCGGAGCGGTGGTCGACGCCCTCAAATCGGGCCGACTCGGCTACCTCGGCCTGGACGTCTACGAGGAGGAGGAAGGCTACTTCTTCGAGGATTTCTCCAGCCGCGTCATCAAGGACGACGTCCTCGCCCGCCTGCTCACGTTTCCCAACGTGCTCATCACCGGGCACCAAGCCTTCTTCACCCGCGAGGCCATCGGCAACATCTCCCGGACCGTGGTCGAAAGCCTGACCAACTTCGAGCAAGGCCGAGCCCTCCCCAACTGGGTCGAACCCGCCCCGGCGGGCTCGTAAGCCCCGGAAGCTCCGACGTTCCAGGAATCTGGGCGATCCGGGTGACGGCTTGAAAAGCCTGGCCTAGGCTTTTCTAGGAAGCCGAGGACGTGCTCGGCTGCTGACGATGAGGTCCCGGGTCCCGACCCGCAACCCGACGAGCCGCCGACCATGAAATTCGTCCGCCATCATCATCGGGGAGACGCCCCCCAGCTCAATACACCCGTCCTGGATCGCCGGTCCTGCCCCCGGGGATCGGTCCGATCTCCGGAGGCCACGCTGCGGTGGTCTTCCGCCCTGGCCGAGTCCGCCGTGGAAGCTCGGGTGGTGAACCTGAGTCGCGGCGGGGCCGGGCTGCTGGTCCGCGAGGCCCCCCCGACGGACGCCATCCTCCGCCTCGTCCTCTCCCGCTCGCGAGGCGTGGTCATCGAGGGCTGGGTGGTCGGCGTCCGCGACCAGCCCGACGACGAATGGCAGTTCGTCCACATGAGATTCAGCCACGACTGCCCCGGTCGAATCCTGGATTCGATCCTGGACGACCCGATGGACGACGAGTGACCGAACCGGCGACGGTTTCCGCGCTCGTCGCCCCCTCTTCCGCCGCTGCGCGGCACCTTCGCCCTCGAGGGGGGAAGGGGTCACGTCGACGGCTCGTTGGCTCACTTGCCCATTCGCGGCGAGTTGGGCGCAATCTCCGATGTCGGTGCATCCTCAAGGTAAGGGATGCTGCGCCGACGATCCGCGAGGTGGACGGCGAGAAGGGCGTCGCGAGGAACGAAGCCTCGATGAAAATCGCCGAACGAAGCCAATTTCAGGCCGAGAGAATCGCGGCTAAAGATCTGTTGAGAAACAGTTTGCGTCGATTGGCTTCGGTTGCGGGCCCTCGCGAGCGAAGCCAATCCGCCGACGACTCGCCGCCGTTAGACTCAGGCCCGGCGGGGCTTGATTCCGACGAGTCGGCCGAGGCCGGCGAGGAGCTGGCCGGTCACGGTCCAGGCCATGACGAACGGGGTGGTCGGGTGGCGGAAGATGGTGGGGAGGTTGCGTTCGAAGACGAAATGGCCCGTCCACATGATCGCGTACGACAGGCAGAACAGGCCCAGCGCCCACCACGGCCGGAACGGCGCGAGGATCACCGCAACGGCCATGATCGGCCAGCCGACGCCGACGTGGAGGAAATGGTTGATGGGATTCTGGTGGTCCTCGCGATACGTCGACCGCATCCGCTCCAGGCGAGGGGGCGTCGTGGTCGGGGTCGCGGGGGCGTCGGCGATCGGGGTCATGTTCGGGCCTTCCCTGTCGGCGTTCAGTCGGCCTGGGCGGCGACGCCCTGGTGGACCTTCGGGTCGGTGTAGGTGTCGAGCCCCTTGTGGATGACCTGCGGCCAGTAGGTCGCGAAGTCGAATTTGGGGGAGTTGTCCTCGTCGTGGCAGCGGACGCAGAGGCGGTTGCGGTCGGCCTGCTCGGCGGTCACCTTGAGCGCGTTGCGGAACGCCAGGTCGTCGGGGGCGGCGATGTGCTTCGACGCCGGGCCGTGGCAGTTCTCGCACTGGTTCCCCTTGAGGTTCGGGGTGGCCTCCGCCGACTTCCAGCCCGAGTTGTACTCGAAGCCCGTGGTGTGGCAGCTGATGCACTCGGCGTCGTAGATCACGTTGGGCTTGGGGTCGTGCTCCAGCGAGGCGTACGCCTGCGAGTGCTTGGTGGTGGACCACTTGAGGAACGTGTTGGGATGGCAGGTCTTGCAGGACTCGGCCCCGACGAACTTCGCGCCGGGGGCCCCGCCGACGTAGTCGTGCAGGGGGAAGTTCTCGACGGTCCCCACGGCTTTCAGGAGGCCGCGATACTCGTCCTCGATGATCTTCTTGACCTCGGTCCCGGGGCCGTCGAATCGTTCGGTGAGGGCCTGGCGGAGATACTTGGGAGCGGAGCCGTCGAAGAAGCCGACCGCGCCGACGTACTTGCCCCGGCGGCCGACGTTGACGAGCATCGTCTTGCCGTTGTTGAGCATCTGCGCGTCCTGCTCGGGGTCGGCGACCTCCGAGGTGGCGACCACGATGTCGAAGCCGGGATAGGCCGTCGCCAGCCGTCGGGCTTCCGCCGGGGGGGCCTGGACCATGAGGACCTGGTAGTCGCTCGCGGCCTCCAGTTCGCCGAGGACCGTGGCGAGCACCTCGTCGGGCCGCTTCACGGTGGGCAGCAGGTCGGCCTTGTCGGGGTCGACCAGCTTGGCGATGGCCTCGGGGTCCACGACGGCGGTGATCCCGAGCTTCACCGGACCCGCCTGGGCGAAGACGTGCGGCACGATCATCGTCTCGAAGCCCGCGCCGGGGACGACGTTGGCCGCGACCAGCTTCGTGGGCTCGCTGAGGCCGTTGAGGAACTGGGCGAACGCCTCGCCGACGCCGACCTTGAGATCGTCGGCGCTCAGGGCCAGGGCGTCGTACTTGAACGCGCCGAGGGCCTTCAAGGCGATCCCGAACTTGATCTTGGCCTGCTCGAAGCCGCCCCGGGCTCCGGCCGGATCCTTCATGAGGCTGCCCAGATCGATCAGGGCGTGGGGGAGCCCCTGGGCCTCCATACGCTGGATCAGGTCATAGCGGCGGATGAGCCCGCCCATCTGGCCCTGGGAGCAGCCGCAGGGCTCGAGGTAGCCGTCCATCTCGCCGGAGACGACGAGGATGGCCTTGGGGTTGGTCCACTGGGCGAACAGCTTGGAGGACTTGCCGGAGGGCTTGGCCGACGCGTCGGGCCCGGGGGCCCCCGCGTCGCCTTTGCCGGCGGCGGGGGCGACGGAGGTGGTCGACGCCTCCCCCGGCTTCTCGGAGGCAGGGCGGCTGCATCCCACGTACGCCAGGAGCGCGACCGCCGTGGCGACCGCGGCCGTCGACCTCAGAGATGTTCCGCGCAACGTCGTTCCCTCCTTGCAGGATCCCCCATCGCGCCCGGCGCGATGCGGCCGACGGCCTGGCGAGTCGTCGCGAGGTCGGGGCCGACGCGCAGTCTACTCGCCGGGCCGAGGTCCGATAAGGTCAATAACGAGGCGCCTCGCGACGTCCCGGTTCGTTCAGTTCGCACCGACGAGGAAGCTGACGGGGACCTTCAGCTCGGCCACGCCGGGCAGGTCGGACTTCAGGAGGATTTCGCCGTCGATGAGC
NZ_CP011273.1_gap18	1188420	1191855	3435	TCCTCGGCGACGGCGGCGATCAGGTCGAGGCGGCCGTGCCGGTTGAGGACGCGGAGGAAGCGGGAGGTCACGTCGGCGACCCGGCCGTCGAGCAGTTCCCGGAGGATCCGGTCCTTCTCGGCGGTCGGCACCTGCGGGGAGGCCAGGACCTCGGCGAACCGGGGGTTGGCGGCGAGCACCTCGTCGCGGATCGCGTCCAGGTCGGCGAGGGCGGCGTCGACCTCGTCGGACTTGCCCGCCGCGCCGAGGAGGGCCCCGGCGTAGGAGCGCGCGGCCTCCGCGTCGCCCGCGTCCAGGGGCCGCCGCGACTTCGTCCGGGGGGCCTTGGGGGCTGGGTTCGTCATACCGGGGTGCCTCCGGACTTCGCGCCCTCGGGCAATTCGCGGATGGCGTCGTCGAGCAGGCGGCGGCGGTCGTCGTCGCCCAGGTCCCTGGCGAGGACGCGGCCGGCGACCGTCACGGCGACGTCGGCGGTCCGGGTCCAGATCTCGGACAGGGCCTGGTCGCGGGCCGTGGCGATGTCGCGCTGGGCGCGGTCGCGGGCGGCGTCGGCGTCGGCCTGGGCCGTACGAAGCAGCTCGCCGGCCCGGGTCTGGGCGTCGCGCTGGGCCTTGTAGAGGAGGTCGCGGACCTTGTCGTCGGTCTCGGCCATGAGCTTGCGGTGTTCGGCCAGGAGTTCCTCGGCGTCGTTGCGCGCCTTCTCCGACTGGAGCAGGCAGTGCTCGAGGTGCTCCTCGCGGCGGTGGAGGGCCTGGAGCAGGGGGCCCCAGGCGAACTTGCCGAGGACGAACAGCAGGCCGAGGAAGACGACGAGCGTCCAGACCGCCAGGCCGGGCTGGACCTCCATCGGGTCGGACTTGCCGCCGTGCTCGCCGTGGGCGTCAACCGCCTCGGGGCCGTCGGCCGCCGGGGCCGCGTGGGCCGCCGCGACCGTGGCGGCCGCCGGAGCTTCCTCGAAGGCGCGGGCGGCGGTCGGGACGGAGACGGCCAGGGCCAGCGCGACGAGTCCGGACCCCAGGGCGGACTTTGAGATGCGGAGCATGAATGGGTTCTCGCGTTTGCGGGGCGGGATCGTGCGGTCGTCGGACGGGACCACGCGGCGCCGGGCCCGGCCCTCGACCCGATCGAAGTCGGGACGCGGGCCGGGCCGGGGGGGACGCGACGCCCGAAGGCGCCGACGTCCCTCGGGGCCGGCTCAGACGATGATCTGCAGCAGCAGGGCGAAGAACGTGACGCCTTCGATGAGCGCGGCGGCGATGATCATGGCCGTCTGGATGTTGCCGGCGATCTCCGGCTGGCGGGCCATGCTCTCGACGGCCGCGCGGGCCAGCAGGCCGATGCCCAGGCCGGCGCCCACGATCACGAGGCCGGCGCCGATCGGCTTGAGGTCGACCGGGGCCACGACGGCGGTCCCGCCGACCGGGACGGCGACGGCGTCCTGGGCGAAGGAGGCGCCCTGGCTCATGAGCAGCAAAGCGAACGCGAACAGTCCGGACTTGATCAGTTTCATCAGACCCTCTGGAGACTAAATGGTGACGACTGCGACGAGCAGGGGGACGCGACGAGGCTTCCCGACGCCCCGTCCCGGCGGGGGCCGGCGTCGGACGCCCCCCTCGCCGGTGTTTTCATCATCAAGGCAACGCGGACGGATCGAACCTCGGTCGTTCGCCGGGGCGGCCGCGACGCGCCGCGAACCGAACCCCCGCCGCCCCTCGGACGGTCAGTGCGGGTGCACCGCCGAGCCGATGAAGAGCGCCGAGAGGAACGTGAAGATGTAGGCCTGGAGGAACGCCACGAACAGTTCCAGCAGGCTCAGCGTGATGACGCCGAGGATGCTGGCCGGCATGACGAAGTAGAAGATCGGCCCCTTGGCCATCAGGATGAAGCCCAGGATCACCGCCAGCACCACGTGGCCCGCGAACATGTTGGCGAACAGTCGCACGGCCAGCACGATGTGCTTGATCAGGAGGCCCACCACCTCGATGACGAACATGAGCGGCCAGAGGAAGTAGTTCAGGGGCCAGGGGACGTCGATGTGGGGGACCAGGCCGGTCAGGTAGCCCGACACCCCCATCTCGCGAACGCCCGCGGAGACCACGGTCGCCAGGGTCATCACCGCGAGCACCGCCGTCACGTTGATGTTCCCGGTCGGCGAGGCGAATCCGGGGATCATCCCCAGCAGGTTGTTGAACAGGACGAAGAAGAAGGCCGTCCACAGGTAGGGGAGGAACCGGTCGGCCCCGTGGCCGCCGATCGCCGGCCGGGCGACGTCGTCCCGGATGTACAGCAGGAGCGCTTCGAAGGCGTTGAAGAAGCCGCCCCGGCTCACCGCCTGCCGCCGGATGTGCCGCACCACCGGGATCAGGATGACCACCGCCAGGACAGCCGCGATCAGCTCCATGACCATGAACCGGGTGATCTGCGTGGATTCGAAACCCAGCGGGTTCGGCAGCCGGATCTCCATCTGGTGGGAGGGCGGGTTCCACCAGGGGAATTCCAGGGTCGGATGGTCGACCACATGGCCGAGGGGGTCGTGTGCTGCCATGACGGGGAATTCGCTCTTCAAATGAACCGACCCGGGGAGGGCGTCTCGCGACGTCGACCGGGGCTTAACCGTTGGCTTGATCCGCGTCGCCGCCCGATCGCGGGCGTCGTCGCCTTTCCTCGGCCCGCTCGATCTCGGCGGGCAGGCGGAGCACGTGCAGCATCCCGATCGCCAGGCCGAGCACCGCCCCCCCGGCGGTGAGCCAGGGGGCCGTCCCCAGCCAGCGGTCGAGGCCGCGGCCGAGTACGGCGGGGAGCGCGAACTCCAGCCCGATCGTCGTCACCCGCGACCCCCATTCGAGGCCGACGGACACCCCCGATCGCGAATCCCGGTCCCGCTCCACGGCCGCCTCCAGCTCATCGACGCGGGGCGTCGGATGCCGGGCCACGTCCGCTTCCAGGCGAGGGCTCGCGGGCGAGCCGGACCGCCGGACGCAGGGGATGGACCGAGGTCCTCGTCGAGACGATGCGTCGCACGCCCGTACCATTAAGCAGTCCCGCCGACCTCCTGTCAACAGCCCAGGAACCCGGTTCGCGAAATTTTTCACAAAGTCCGGCGGCCGGTCCGGAGCCCGGGTTTCGGACGCCGGCCGCGGCCCGGGCCGCGCGCGGATCCGGACGGGTCGAAACGTGTCGAAGCGTCGGTCGTCGCCGTCCCGCGGCGAAATCGGAATTGACAGGGTTTGTGTCAATGTGGTATCCCGATGTCAGCGAGCACCGAAATGGTCGGCGTAACGCATGTTGCCCGCGAGCCCCGGTTCAACGATGGGGGTACCAGCGATGACGTCGCAGTGGCGTGGACGAGAAAATTCCGGCTGAGGACAACGGTCTCGACCTTTGATGGGTCGACGGCCGTTTTTTTTTGCCCCTCGCTCCCCGCATGCGATCGCC
NZ_CP011273.1_gap19	1193799	1198618	4819	GGTGCGGCGGATCCGCGAGTTCCTCCTGGAATACCGCCAGGACGATCGCGAGACCGAGTGCTCCGAGCTGAACTTCCTGCTCCGCTGGCGGGCCGACGTGAGCCGCGAGCGGCCGACGGGCCCCCTCGAAGTCCTGGAGCACCGGCTCCAGGAGGCCGTCGCCCGGGAGAGCTACGAGGAGGCCGGACGGCTCCGCGATCAGATCGCCCAGATCAAGGCCGCCGAGCCGTCAGAGCCCTCCGAACGTCGCGGGCCGGCTTGATCTCGAGACCGCGGACGCGGGGGAAGCGTGCGGCCCTGGGTTTCACTTGATTTCCGGGGGCCTTGGGCTAAGATGGGTTCGTTCGGTTTCGGCCGGACGAAGCCTCTGCCATGTTCGATACGGGGCGTTACTTTTGGCGAACCAACGTTTAACCCGTAGGGATCCCATATCGGTCTCTTGAAGCTCGTCTTCTCGAAGGCCTGCGGCTCCCACCTGAACTGCGGGTTCTCAAAAGCGCCTCAACGGCATTGCGGTGGAGGTTCATCGGCCCGTGTCGCCTCATCTCGGTGGGGAGTCACGGGCTCTTTCCGTTTCGGGTCGGCCCCACCTTCTTCGTTCCGAGGCCATGCCTACGACGCCCGTCAAAAAGCAGCTGCGGACGGCGACGATCGCCTCGATCCTGGAACTCGACGAGGCCTCTCGTCGGGAGCAGGAGGGGCGGATGGCCGCGCGACTTCTGGAACTGCCGAGCTACGACCAGGCCGGTACGGTCCTGCTCTACATCAAGGCGTTCCCCGAGGAGATCGAGATCGCGCCGGTGCTCGCCCACGCCCTGGAAAGCGGCAAGCGCGTGGTCTGCCCCCGGGTGGACCGTCGCGCCGGGCTGGTCCTGCATGAGATCCGGGACCTGGCGCGCGACCTTCGCCCGGGGATGCTGAACATCCCCGAGCCGCATCTCGACTCCCCGACGGTCGCCCCCGACGCGGTGGACTGGGCGCTCGCCCCCGGGGTGGCGTTCGACGCCGCTTGCAATCGCCTGGGCCGGGGCGCGGGGCATTACGACCGGCTTCTTCCCAGGCTGCGGGACGACGTCGAGGTCTGGGCGATGGCCTTCGACCGGCAGATCCTCGTCGGCCTGCCGGTCGAGCCCCACGACGTCCCCTTGAGGGGCGTCATCACCCCGTCGCGGCGTTTCGATCGAGCGCCTCGCGACCGGAAGTGACGGTCAGTCGGCCGATTCCCACGAGGAGTCCGGGGGCGCGGCGTAGAGCGCGAAGCGGCGGGCGAGGTCGGCGGCGTCGGCGCCCCCCTTGTGCAGGACGAGCCGGTAGTTGAAGCTCATCGAGTCGCCTTTCGCCAGGGTGTGCTCGCCGTAGCCTTCGACGCCGAAATCATGGCCGCCGAACGGGTTCGCCGCGAACAGCCCATAAGTGCGGACGTGCCAGGTCGTCGGGTATCGGAAACTGCGGGGGTGGTTCAGGATCGTCAGGCCGACGGTCTCGCCGCCGACCGGGCCCGAATAATCGACCCAGGGCGAGGGCTTGCCCCAGGCCTCGGCGTCCTCAAGACCTTCGGCGTTGCGGATCTTGCCCCCCTTCTTCCTGTCGACGTCCATCGACGACGCGACCCGCACGCCGAACGACCCTTCCTTGGTCTCGCCCATCACGACGGGGCCTTCCGAGGCCGTCAGCGTCAGGTCGAAGTCGAGGATGCGGACCTTCGCCGTCTCATAAACGGTCAGGACGCGCTCGTCCTCGCAGACCTTCCGGCCGTCGGGGGCGAGCCAGTCGTTTCGAGTCTGGAGCCGTCCCCGCACCGGCCCCGTCGCCAGGATTTCCCGGCCCGTCTCGCGGATCGTCCCGTGGCCCAGCGACCAGAAATCGATCCCGTCGACCTTGCCGTGGGTGAACCAGAAGGACGCCTGGTGGGGATGGTCCTGGTCCTCGCCCTCGACCGTCTCCATCGGATAAGCACGCGTCATCGGGACGCCGCCGGGTCCCAGCAGGGGATGGAGGAACGGCTTGGGCTCGCGGTCGACGCGATGGACGCCGAGCAGGTCGCCGTCGATTTCGATCTGAAGGTTCGGCCCCTCCGGCCTGAAGACGACGCCCGCGCCCGGCGCGGCGGGCTCCGTCGCTTTCAAGATCGCGAACGTCGTGGGCCCGGACATTTCGGGCGCGATCATCGAAAGCGTCGCGCGGCCCCCCTCGGCCGAGACGACGCCGGGGATCGCGGGCGAATCGGCCGAGGCCTTCAGGCTGTACAGGCCCGGCGCCAGGCCGTCGGGGGCGGGGAGCGTCAGGGGCGTGTCGGAAGGGACCTTCGCCTCGGGTCGGAGCGTCAGCCGCCAGCCCTCGGCGATCGCCGGCGAGGGGCCGCCGATCAGGAGCGCCAGGCCCGCCAGGGCGACCGGTCGGAGGAAGAACGTCGTCGCGGAATCTCGCATGAGCCGTCAGCCTCGGTCAGGTGGGAATCGAGCGTGAGGGTTTCAATGTCCATCACCACGGGGAGACTTGCAAGCGCGAAGATCCGCCGCTCCCAAGGCTCGCGAGACCTGCGTTTTTCTTCGAAGCTTTTTTTGTTGAACCGTTCGAACCGCCCGGATACATTGCCAGACGCTCCAGCCTGGGAGGCGAGGATCCGGGGTCGGCCGACAGGCCCGCCGCCGAGCCTGGAGTGGCGACGTCCCGTCGGTTTCCTCCTGGCGAGGGATCCCCCGGGGTCGTGCTGACTGGCACGTTTCGGTCGATCGGTGGAGAGCCTGTAGCGGGCGATAGCGATGGCGAAGAGGCTTTACGTCGGTAATCTGAAATATACAGTCACGTCCGAATACCTCCAGGAACTGTTCGAACAGTTCGGGGCGGTCTCCTCGGCGCAGGTCCTCAGCGATCGGGAAACCGGGCGGAGCCGAGGATTCGGATTCGTCGAGATGCCCAACGACGACGAGGCGCAGGCGGCGATCGACAGCCTGGACGGTCAGGACAACGACGGCCGCCGTCTGACAGTCAACGAAGCACGTCCGCGCACCCCCGGCGGCGGGGGTGGCGGCGGGGGCGGCGGATATCGCGGCGGCGGCGGCGGCGGTGGATACCGCGGCGGCGGCGGCTACGGCGACGATTATTGAGGACGAGGGGTCGCCGCGGAGCGATTCGGACCCTACACTTGTTTAGGGGATCCCTGGCGACGGAGCGGCGGCCTTGATCTGATCGGGCGGCGTCCGGCCTTCGCACGGGATCAAGACGAAAGTGGATCGCGCCGGGTCGGCGCGATCCTCATCGTTCCGGACCGCGCGAGTCCTACTGATGAATAGACCCGTCCCGTCGCGGGAGTCGCCGCTCGACGACCGCCAACTGCGGCTTGAACGCATCCGTCAGGTCGTCGACGACCACGTCCGTCCCGAACTGAGGGCCGATGGCGGCGATGTCGAGATCGTCGGCATCGACGAGGACGACATCGTCCAGATCCGGCTCCTCGGCGCGTGCCAGGGGTGCGTCTCGACCGTCCACACCACAACGATGCTCGTGGAGAAGGCCGTGAAGGCCCAGGTCCCCGAGGTCCGTTTTCTGGAAGCCATCCCCTGACAGGACCCACGAAGACGCCCGACGCTCGCACCGACGGGCCCGCCGCGGCCGACGGCCCCCCCTGGCTCCATCCCAGGGCGGCCTACGTCCACATTCCGTTCTGCGCGCACAAGTGCGGATACTGCGACTTCGCCTCGCTCGCCGGCGCGGACCACCTCGCCGACCGCTACCTCGACGCTCTGGAGCGCGAGACCGCCCGAAAGCTCGTCGAGCCTCGAGAAGTCGACACGATCTTCATCGGCGGCGGAACCCCCACGCGCCTGGACGTCGCCGCTCTCGAACGCCTGGCCACGATGATCCGGCGGTGGCTGCCCCTGGCCGACGGGGGGGAGTGGACCGTCGAGGCCAATCCCGGCACCATCGACGCCGACAAGGCCGACGTTCTGGCCGCGGCCGGCGTGAATCGGGTCAGCCTGGGCGCGCAGTCCTTCCAACCTCGGCTGCTGACCGCCCTGGAGCGGAACCACGCCCCGGAGGAGGTGGGCCGCGCGGTCGAGATCGTCCGACGCCGATTCCCGCGCTGGTCGCTCGACCTGATCTTCGGCGTCCCCGGCTCCACGCTCGACGACTGGCGGGCCGATCTGGAGGCGACGCTCGCGCTGGAGCCGTCGCACCTCTCCTGCTATGGCCTGGTCTACGAGAAGGGGACGGCCCTCTGGAAGCAACTTCAGAAGGGAGACGTGGCGCCGGTGGTCGAGGACGTGGAGCGCGAGATGTACGAGCTGGTGATGGACCGCCTGGAGGCGGCCGGGCTCCAGCTCTATGAGATTTCCAACTACGCCCGGCCCGGCCACGAGTCGCGGCACAACCTCGTCTACTGGGCCAACGACGCCTACTGGGGCGTGGGCCTCGGGGCCGCCGAGTACGTCGACGGCGTCCGCACCGTCAACACGCGCGACATGACCGCCTACCTCAAACGAATCGAGGCGGACGAGTCGGCGACCGGCCCTCGCGAGCGACTGGAGCCCGAGGAGCGGGCCCGAGAGACGGCGATGCTCATGCTCCGCCGGACGCAGGTCGGCATGGACCGCGACGATTTCCGGCTCCGGACCGGCTTCGACCTCGACGCGATGCTCGGCCCGGTGATCGCCCGATTCGTCGCCGAGGGGCTCCTCGAGGACGACGGCCGACGCATCCGCCTGACGCGAGAGGGCCGCTTCCTGGCCGACCGGGTCCTCTGCGAGGTCGTCTGACCGACCGACCGCTCGATCGCCCGCCCGCCCGGGATCGGGCGCGGCCCGGCTCAGGCGCGCCG
NZ_CP011273.1_gap20	1201162	1204461	3299	CGACGGCCTTGGTGATCCCCCCTTCGGGCCGATCCGCCGCTGCGACCTCCGCCATCGGCAGGACGTAGTGATAGGCGAGGGTCATCGCCAGATAGATCGCCACCAGGATCGACATGCCGAAGACCATCGCGCGGGGGATGTTCTTCTCCGGCTCGCGGATCTCCTCGGCCAGCGGCGTCACGTTCATCCAGCCGTCGTAGGCCCACAGCACGCCGACCATCGCCGCCATCATCCCGGCGAAGATCGACGTGTCCAGCGTCTCCGGCATGATCGGCGCGAGGTTGGCCGCGTCCCCGCCCCCCATGACGAAGGGGAGTGCGATCAGCGCCAGCACGCCGCCGACCTTCAGCCCCGTGCCGACGACCTGGAGCCCGCCGCCGCCCCGGGTGCCGAGGATGTTGATGGCCGTGACGATCGCGATGGCCGAGATCGCCGCGCACGCCTGCCAGACCTGCTCGTTCAGGGACGCCGGCGGGGGGACGACCTGCACGAAATACCGCGAGAACGCCGCCGCGAGCGTCGCCATCGACCCCGCCCGCGAGACCGTCATCTCCGACCAGCCGAACAGAAACGCCGGGAGCCTGCCGTACGCCTCGCGCAGGTAGACGTACGGCCCGCCCGCCTGCGGCATCATCGCGCCCAGCTCCGCCAGGGTGAGCGCCCCGGCCGTCGTGAACAACCCGCCGATGATCCAGACGGCGAGGATGCCCCCCAGAAACGGCACCTCGTGGGCGACCCTCGCCGGGACGAGGAAGATCCCCGACCCGATCACCGACCCCACCACGACGCAAAGCGCGGCGACCGGCCCCAGCACCCGAGGCAAGACCACGGGCCGCGGGGGCGTCGTCGTTCGTGTTTCCATGCAGAAGTCCCTCGGCTCGATCACTCGGCGTCCGCGTCGTCGTCCCATGGTGAGAGGAGGACGTATTCAACCATAGTGGACCGGCGACGCGAAAGGCCGGGGGCCGTGGAGGGGGTCGCCCTCAGATCGCGGAGTTTCGTCCGAAGGGCTCGGGACTCGACCGAAGGAGTGGTCCAGGCGACCCGCTCGCACCTCGGGGGCGGGACGACGCTCTCTTGAGAAATCCCGGATTCGAGAGCGACGCCCGGCCATTCACGCGAGGGGGGCGGCTATTTCCGGGGCTTCGCGCCGGCGGCGCTGGTCTCGCCTTCCTTGGACGCCTCGGCTTCCTCGGCTTCGGTGAGAACGTGCCGGGGGATCACGGCGACGAGGTTGCGGACGGTCCGCGTCGACGACGGGGCCGAAGCGCCTCGAACTCGGAATTCGATACCGGCGTCGATGACGAGCCCCGAGCCGTCGGGGACGTTGCACGCCACTTCCCGTTGGATCGCGTGTTCCTCGTCGAACGGCTTGGGGGCATCGGTGGCCTGCGGCCCCGCCTCATGATCGTCGCTGTACTCCACTCCGGTTCCGAGAGAGCTGGCGACGCGGGCCTCGATGCGATGCCCGTCCGGCAACCGGCTTCCCGTCAACCGACACACGCTCGTCCCCTTCATGGCCCCCCGGAGAACGCCTGCCACGTGCTTCGGGATTCGTCCTTCGTCCAGGGCCACGATCAGCCCGAAGGGGTTGATGGAGTTCGGCTCCCGGGGCTTGAGGAGCGCCGCCGACTGCGGTGCCGGGCCGGAGATGACGTGGGCTTGGGCCTCCTCGAAGCACGAGATCCTGGGCGCCTGGATCGTTTGCATCCCCTGTTCGCCTGCCAGGCCATCGAGAACGGCCGCCAGGTCGGCTTCCGTGACGAGCCAGGAGACGCCGGGGGAATCCCCGATTTGCTCGAGGCGGCCCTTGCCGACGCGCTTCCAGGCCTCGTCATCGACCTCCAGGAAGGCCACCTCGTACGTGATCATGTGGGCGTTCGCCTGCTTGATCATCTCCTCACGGGAAAGCTCGTTCAGGCGGGTGCCGCCGCGTCCCGAATTCCGGAGCCGTTTCACGAGGTCTTCGCGGGACAGCGACTCGGGCTCGGCCCTCAGAAGCCGGGCGAGCTCGTCCGCGGGGATGTCGAGCGCGGGCGGCGCCGGCTTCGCGGGGTCGGGCGGGCGTGGCGGCGTCGGTTCCTGCGCGAGCCCGACGGATGCCGCAAGGATCGCGGCGACGAAGGCTGCGGGAAGGGCCGCGAACGGCCAGCGGGCGAGGCGGGGGCGGGAGGGCTTCATGCCGAGGAGCTCCTGAATGCGAGGGAGAAGGGTCGAACGATCGCCGCCGATGGGGAGGCCGAGGCCGAGCCGGATCGAACTCGGACGGGCCGGGCGATTCCGCGCCACGGATTCCAGGGCGAGGGCCAGCGCCAGGGGATCGCCCGTCAGGCGGGCGGCCAGGGCGTCGGCGGCGTGCTCGGATTCGCGGCGGGCGGAGCGGGACAGCCAGGCGACGCAGAGATGAAAGAAGAAGCAGGCTTCGATCCCTCGCTGCGTCAGGTTCGTGACGTGGTCGAGCCGCCGCGCATGGGCCAGCTCGTGCGCGAGGACGGCGTCGACGGCCGCTTCGGTCACCGATTCCAGCCACCGCGAGGGGAGCAGGATGATGGGCCGAAACACGCCCGCGAGGCAGGGCTCGGCGATCCCCTCATGGACCAGGACCGTCGGGACGGATCGGAGCCGGAGTCGCCGGGCGAGGACGCGGACGCGAACCTCCGGCCCGACCTTCGGCCTGGCCTCGCGTCGGAGCCGACGCAGGCTCAGAAGGCCGATCAGCAGGCGGCTCGACATCGCGAGTGCACCCGCCGCCCAGATCGCCATCGCGAAGGGCCGCGCGGACTGGACTCCGAGGGAGATCCGATCGAGCGTCCTTTGGATGGAGTCGGGCCATGAATGCGGCGGGACCGCCGCCATCGCCGCGGAGGAATCGGCCGGCGAGGATGTCTCGACCGGAGTGGACGCCACGCCGTAGGTCAGGCGAACCGTCGCGGGATCGGTCGTCGGCCTGGCGTCTTCCCTCGCGAGGCGTCGCAGCGCGACGGCGACGCTGGGCGACCCGATCGCGACCGCGACCAGGGCGCCGAGGAACACGGCATGGCGGGCCCGGTGCGATTCGAGGCGATTGGCCGCCAGGGCCGCGACGGACGCCGCGGCGAGGCCGAGCCAGACGCTGTGGAGCAGGGCGGGCCAGATCAGTCCCTGGGCCGCCTCGATCGCTTCGGGGAGCATGCGCCGCCTCCTTTCGGATCCTTCGCCGGGGGCCGGGATTCGTAACGATCGAGCAGGTCGCGGATGGCGTCGAGCTCCCCGACCGAGGGGTTCGACTGGTCGAGCAGGTGGGCGACGAGCAGGTACGC
NZ_CP011273.1_gap21	1313169	1315774	2605	GATCGGTCGATCGCGGCGCGAAGGCGGCCGGGGAGGCGGTCCCAGCCGCCCTCGGTCACGTCGACCTCGTAGGAGCGTTCGCCGAGCCTGACCGGCACGGTCAGGGAGCCTTGGTCGTCGGAGCGTTGCATGGTCTCGGCCCGAAATGCGGTCCAGGGGATCGGCCGGCGCCTCCGGCCGCGTCCTCAGTGTAGCATAGTCCTCCGGCCGTTGGATGGGTCGCGCTCGGCCCGGGATTTTCGGCCTTCCCCGGCGACGCCCCTGCGATGCCGTAGTCGTCGGCACGGGGTATGCGGGCGGAAGGACTTGCGGGGCGGGGGGCGGCTCGCCGAACGGCGCATCGGGCCTCGACGATTCTTGACGCGGCTGCTAAAGTTGAAATGGCTCGACGGCCCGCGCGTCGCCCAACGGCATAACCTTTCGAGCACCTCGCACATGAGCGATCTGTTGACGTGGTCGCCGATTCACCTGGGGCGGTGGTTTGGGACCACGGTCAAGGTCCACGTCTCGCTGATCGTCTTCGTCGCGTCGCTGATCGTCACGGCCCCGTTCGAGCCCACCAAGGGGTCGCTGTCCGGCCACCTGGAACAGGCCGTCGCCTGGACCGCGCTCTTCCTGCTGGCGCTGGCGATTCATGAGGCGGCCCACGCCTACGTCGCGAGCAAGCTGGACTGCGAGCAGGAGGACGTCCACCTCTGGCCGCTAGGAAGCCTGGTCGGCCCCTCGACGCCGCCGCTCAGCATCAATTACCTGTTCACGGTGCTCGCCGGCCCGTTCGCCAGCGGGGCGATCGCCCTGATGGTCGCGGCCTGGCTGGGCTTCTCGTTCGACGCCCAGTTCGCCTGGCACCCGCTGGGCAAGGAGCTGGACGCGGGGGCTCCCTGGATCCAGGGCCGGGTCAAGGCGGAGCCGATGTCGGCCCCCTGGCTGATCGGCTGGTTCGGCCACGTCAATTACCTGCTGTTCCTGGTCAACCTGCTCCCCGCGCTGCCGTTCGACGGCGGGCGGCTGTTCCGATGGTTCCTGGCGAACACCGCCCTGGGCTCCTCTCGCGAGAGTATGGCCGCCCCCTGGACCGCGCGGGCGACGGCCGCCATCCTCTTTCTCGTCGGCATGGTCCGACTCCTGTTCGGCCAGCGCTGGGACGGGCTGACCATCGTCATGCTGGCCGTCCTGATCGAACTCTTCGTGCGCTCCGAGGCGAGGGTGATGGAGGACGGGGGGTATTTCGACGACGGCCTGTTCGGCTACGACTTCTCCGAAGGGTATACTAGCCTCGAAAGCGGCGCGGCGAAGGTCCGTCCCCATCGTGAAAGCGCGTTGAAGCGCTGGAGGCGACGGCGGTCCGACCAGCGTCGCGAGCGTCGGATCATGCAGGAGGTCGCGGAGGAGCGGCGGATGGACGAGATCCTCGACAAGATCCATCGCGAGGGCCGCTCGTCCCTGACCGACGAGGAGAACCGCTTCCTCGTCCGCGTCAGCACGCGCTTCCGCAACCGTCAGAACACCCAGGATTGATCCAGGGGAAGACCCGGTGAAGCCATCGCTCCCCTTGCCCGTCGTCAGGCCGACCCGCGACCAGTTGAAGCCCGGCGAAAGCCTGTGCGACCACTGCACCGGCAAGTGCTGCCGCTACTTCTCGACCCCGATCGAGACCCCCGCCACCTGGGACGACTACGACGCGATCCGCTGGTACCTGGCCCACGACCTGACCCTGATCTACGTCCACGAGGACGCCTGGTATCTCCTGGTCTCGACGAAGTGCCAGTACCTGCTGGACGACTATCGCTGCGCCATCTACCACGACCGTCCCAAGATCTGTCGCGAATATACGACGAAGGACTGCGAGTACGAGGACGACTGGGCGTTCGACAAGGTCTTCGAGGCTCCCGAGCAGCTCTGGGAGTACGCCGAGGTCCTGCTCCCGCCGCGTCGGAAACCGGCCGCGAAGCCGTCCCCGGCCGCCGAGCTGCTGCCGATCGTGACCTCGCCGTCCTGACCGGGGGGCCGCCGCAGGCCGCCCCGAACCCGGAAAGCCTGATCCATGGCCATCCGCTCCAACCACTACGAGGCCGCCTTCGAAGCGTACGTCCGGTCGCTGCGGGTGCCTTGCGTGGCGGTCGACGAGGCCAAGCGGGCGATTTTCGGGGACGGGGGGGTGAAAAACCCCGACTTCCTGCTGTATCCTCGATTCGCGGACAATCTGGTCGTCGAGGTCAAAGGGAAGCGGGCCAAGGATCGCCGAGGCCGTCGCGACTGGGAGAACTGGGTGACGACCGACGACCTGGACGGGCTGACGCGCTGGGGGGACCTGTTCGGCCCCGGCTTCCGTCCGATCCTGGCGTTCGTCTACGCCGAGCCCCCCCGGGAGTTCGGGCTGCCGTCGGACGACGGGGCCTTCGCTTTCCGGGGGCTGGAATACCGCTTCTGGGCGGTGGGGCTCGACGATTACCTGGCCCACCTGAGGTCGCGGGGGCCGGCCTGGAAAGCCGTGGCGATGGCCCGACGGGCCTTCCGCCGCCGCGTCCGGCCGCTCTCCGAATGGCTGCCGATGCTCGCCGAATCCCCCCGACGCCCCAAACCCGTCAAGGAACGTGAACGATGA
NZ_CP011273.1_gap22	1461195	1466050	4855	GTTCCTGCGTGGTGAACGAGCCGCGCGGGTCGGACGTCGTCGTCGGCGCCCTGCTTTGCGAGCCGACGAAGCCCGAATCGGCCGCCGGGGTGATCTACTTCAACAACGTCGGCTTCATCGGCATGTGCGGCCACGGCACCATCGGCCTGGGGACGACCCTCGCCCACCTGGGCCGGATCGGGCCGGGCGTGCATCGCGTCGAGACCCCGGTCGGCGACGTGACGATGGAGCTGGAAGCTGACGGCTCGGTCGCCGTCGAGAACGTCGTCAGCCGACGCGCGCGGAAGGGGGTCGAGGTCGACGTGCCGGGCCTGGGCCGCGTCACGGGCGACGTCGCGTGGGGGGGCAACTGGTTCTTCCTCGTCGAGGATCACGGCGAGCGGATCGACGTGGGGAACGTCGAGCGCCTGACGGACATCTCCTGGCGCATCCGGCAGGCGCTGGAGGCGCAGGGAGTGCGGGGGGACGACGGCGGCGAGATCGACCACGTCGAGTTGTTCGGGCCCCCTTCGAGTCCATCGGCCGCCGACGCCCGCAACTTCGTGCTGTGCCCCGGTAAGGCGTACGACCGATCGCCCTGCGGGACCGGCACGAGCGCCAAGCTGGCCTGTCTCGTGGCCGACGGCAAGCTCGCCGAGGGTCGCGTGTGGCGGCAGGAGAGCGTCGTAGGGAGCGTCTTCGAAGGCTCCGCGCGGATCGTCGAGGGGGGCGTGCGACCCCGGATTCGCGGCACGGCCTACGTCACGGCCGAGTCGACCTTGCTGGTCGATTCCCGCGATCCTTTCGCTTCGGGGATCCGACGATGAGCCGGCACGTGGCGATCATCGGCGGCGGGGTCGTGGGGACCTCGTGCGCGTATTACTTGAAACAGTCCGGCTGGGACGTCACGGTCATCGACCGCGGGACGATCGGCGGCGGCAGTTCGGCGGCGAACTGCGGCTACGTCTGCCCGAGCCACGTCCTCCCGCTCACCGAGCCGGGCGCGGTCGCCGAGGGCCTGGCCTCCCTCTTCCACAAGAACGCGGCGTTCAGGATCAAACCCCGACTCGACCCAGCCCTCTGGTCGTGGCTCTACCACTTCGCCCGCCGCTGCAACGAGCGCGACATGCTGGCGGCGGCTCACGGCATCCAGCCCCTCCTGGATTCGTCGAGGACCCTGTACGACGCCCTGATACGCGACGAGCGGCTCGATTGCGGTTGGCGCGAACGCGGCCTGCTCTTCGTCTACAAGGATCGCCGGAAGTTCGAAGCCTACGCCGCGACGGACGCGCGGCTCGCCGGGGAGTTCCACCGCCCGGCCGTGCGCTACGACGGCGAGGCCGTTCTCGACCTGGAGCCCGCGCTCCGGCCGGGCCTCGCCGGCGGCTGGCATTACCCCGACGACGCCCACCTACGACCGGACGCGCTGATGAAGGCGTGGCGGGCGAACGTCGAGGCCTCGGGCGGGGTCTTTCGCGAGTACTGCGCGTTCGAGGGCTTCGTCCGCCGCAGCGGCGAAGCCTCGGCGGTGCGGACGAATCAGGGCGAGATCGCGGCCGACGCCTTCGTCCTGGCCGCCGGGGCGTGGAGTCCGGCGCTCGGCGACGGCCTGGGCTGCAACATCCCGATCCAGCCCGGAAAGGGCTACAGCCTGACCATGCCCCGGCCCTCGATCTGCCCGGAGGTGCCGATGATCTTCCCGGAAACCCACGTGGCCGTCACCCCGTTCGAGGACGCCTACCGCCTGGGCTCGACGATGGAGTTCGCCGGTTATGACGAATCCATCGCCCCCGAACGGCTCCAGATCCTTCGCGACGGCACCGCGCCGTTCCTCTGCGAGCCGGAGGCCGAGCCGATCCTCCAGACCTGGTTCGGCTGGCGGCCGATGACCTACGACGGCCTCCCCATCATCGACCGCGCCCCGGCGATCGGGAACGTGATGATCGCCGCGGGCCACAACATGCTCGGCCTCTCCATGGCCACCGGCACCGGGAAGCTCGTCGCCGAGCTGCTCGACGGCCGCCCTCCTCACCTTGACCCGCAACCCTATCGGGCGACCCGGTTCTGAACCCGGGGCCGCCCGCCTCCCCGCTCAGACCGATGGCTTCCGGCCGACGAACACGGCGATGGGGAAGGTGAATCGGATCGCGCCGTCGACGAGGCGAGCGTTGACGCCAAGCTGGTCGACGCCCACGTCGTCGCGAAAGACCTCGCGGATCGATTCGCGAGCCTCGGCCGGCGATTCCGTGGCCGCGAGCAGCTCATCCAGCTTCACGTCGAGGCCGTAGAAGCGGGGTTCGGACGGCTCCAGCCCGGCCTTCGCGAACAGCGTTTCAAACTCCCCGAGGCCGACCGCCCGGACGTGCGAGGGGTCGCGGATCTTCTCGACTCGATCGTAGGCCTCCCCTTGCTCGGCGTCGCGGGAGTAGACGTCGACCACGACGACCCGACCGCCGGGGCGACAGACCCTCGCCATCTCGACGAGCGCCCTCGCGGGTTCCAGCAGGTGATGGAAGGCGTAGCGCGAGAAGACCAGCGAGAAGCTCGCGGGCTCGAACGGAAGGCTCGCGATGTCGCCGACGCGCCAGTCCAGGTTCGTCAGCCCCCTGGCCGCCTGGAGCCCGCGCGCCTGCTCGATCATGCCGGGAGTCAGGTCGAGGCCGGTCACGCGGCTCGCGTGCTCCGCGAAGTCGCACGCCACCAGGCCGGGCCCGCAGGCGACGTCCAGGACTTCGTCCGTCGGCGCCAGCTCGGCGGCCTCGCGGACCAGCCGCATCGCCTCCGCGTCGGAATGAGGCGCGTACCGAGCGAAGGGCTCGGCCTGGGCGGTGAACTGCTCCACGATCAATTGCTTCTGCCGTTCGGAATCGCTCAACGTTATCTCCTGGCTCGATCGGGACGGGCCGCCCCCGCGAACGGGAGGCCCTGGGGCGGCTGACCTTCGTCCTTCGGAGGGAGGGGCGACCGTCGAGGTTCGGACGAACATCCCGCCCCGCTCAGCCCGTCCTGGGCTTGGCGATCGCCGCGACCCGGGCGGCGACGGCCCGGATATAGTCGCCGGGGGCCAGCAGGACCTGCACGCCCCGCACCCCGGCCGAGACCGAAATCAGGTCGAACAACTCGGCCGTCTCCTCCAGATAGACGGGGTACGCCTTCTTGCATCCCATCGCGGTGACGCCGCCCCGGATGTAGCCGGTCAGCGGCTCGACCTCCTTCAAGGGGACGGTGTCGATCTTCTTGTCGCCCGTCGCCTTCGCAAGCGCCTTGAGGTCCAGCTCGCAATCGGCCGGGACGACGGCGAGGCAGACGCCGTGCTTGTCGCCCCGCGCGACCAGCGTCTTGAAGACCTGCTCGGGGGGGAGGCCGATCTTCCTCGCGACCGATTCCGCCACCAGGTCCTCGGGGTCCACCTCGTAATCCCGGAGTTCATAAGGCGCCCCCAGCCGATCGAGCAGCCGCACGGCGTTGGTCTTCGCGATCGCCACCCCATCCTCCTTCGACGAACCGGAACCCCCGTCGATCCCAAGGCTTGTGAGCTTACCGACGGAGCCCCCGCGATCCAACCGCGCGTTCTTACGAAGTGTGTGGCACGTCGCGTCGTCCGATGCCCATCTACGGGGAGGATGGGGAAACGTCGGAAAGCTCAGGAGACTGGATAATGGGAACCGTCCTTGCTTACGCCCTGGTCATCGCCCTGATCCTCCCCTTGAGCGTGCTCCTCGCGACGTCCGAAGAGGGCCGCTCGACCTCGACCTATCGCGCCCCGGCGGCGGTGGCCCTGGCCCTGGGCGCGGTCTTCTTCGCGCTCGGCTACATCCACCCCGCCGACGCCTCCGGGGCCTGGCTCTTCCGGGCCTTCTACGGGTCCCTCTGCGTGATCACCGTAGCCGCCGCGAACCTGCTCGTCTGCCTCGAACGATCCCACGCGTGAACGGAGTCGGCGTCGGAACGGCGGGGCCTGGGGGTCAGGACGACCCCCGGCCCCGTTCTCGTTTCCCGACGTGGCCGGCGCCCTCTGCGAGCCGTCCTTACACGAGTCCCGGCGCGTGCGGGGCCGGGGCCTTGGGCGTCCGGGCGATGGCCCTGGGCGGGATCTCCTTCAGTTCTCGGAGGCCGTCGAGGGTCCACCTCCAGAGGCCGTACTGGACGTAATCCAGCCAGGCGTCGGTGGCGGCGAGGGACGCGACGACCTCGGCGGGGATCGCGTCGTTGAGCTTCTTCCTGACGCCGGAGTCGGTCAGGAGGTAGAGCCCGTCCTCGAGGAATCCGAGGAAGGCGCCTTGCTGGCCGATCGCGAGCATCACGGCGTTGCGGTCGTCGAGCTTCGCGAAGCCCGCCCCTTCGGACCAGCGCCAGACCCCGCCCCAGCCGAAGTCGATGGTCACGTCGCCCGACCGGGCGGCGATCGCCTCGGCGTCGTACGCGCTCAGCTTCTCCCAGGGACGCGCGGGCTCGAACAGCCGGCGCAGCCAGAGGCCGGCGGCGCCGAAATCCAGGTAGAACGAGCCGCCGACGCCCGAAACCGACTGCGGCCTCAGCGGCGATACGGCCCGATAGCCCGCGGACGGGTCCCAGCTTTTCAGGCCGGAATCGGGGAAGTCGACGAGGAGCGCGGCGTCGGAGGCGAAGAGCCGCGCCGGATCCTCGGCGTCGAGCTTCGCCCACCCGGCGGTCTGCTCCCAACTCCAGAGGCCGCGAGCCCCGTAGTCCAGGAAGAGGACGCCGCCGGCGAAGGCCATCGATTCGGGACCGACGTCGTTGAGCTTCCACCAGCCCCGGACCTCGTCCCAGCCCCAAACGCCGTGGGGACCGTAACCGACGTACGCGCCGCGGTCGGGAGTCGCGACGATCACCTCGGGGTTCGCGGCGTTGATCC
NZ_CP011273.1_gap23	1470907	1472306	1399	AGGGGGGCGTTCCGCGCCAAGTTCAAGAATTACAAGGAGAAGGCCGTCGCGATGATGGATCGGCTCGACGGCCTCAAGGCCCGGATCAAGTCGCTCCCCGTCGAGGACCCGGACTTCACCGAGCCGATGACCGGCGACACGCTGGCCCTCTATGAGAAGGTGCAGGAAGACCTCCGCCGCCTCTGGGACCGCTGGCTGGAGGTGATGGACGTCGTCGATCAGGCGGAAAAACACGCCGCGCGGGGGTCGTCGGCGCTGGCCAAGGCCGACGGGCTGGTCTCCGATGGGAAGGTTTTCGAGGAAGTCGAGCGGGGCGCCCAGGAATGCGCCGGGGTGATGGACCGTCTCAACGCCGCCCACGAGGAAGCTCGCGCGGCGGTCCAGGCGGTCGCCGAGGCCCAGGTCCGCACCGAGGAGGGAGTGGCGACCGTCCGCGCCGCCGGCCTGCCGACAGCCCCATATCAGCCCGAGATCCAGCGGATCGCCGAGCAGTCCGCGCGGGCCGGCGTCATCCTCGTCCCCGACCCCCTGGGGGCCCGATCCATCCTCGACCAGGCCCGGGAAGCGGCCGAGGCGCTCGTCGGGCGAGCCGCCGACGTGAAGGCTCGTCTGGAGGACGGGAAGCAGGTCCAGGCGGGGATCGCCGGGCTCCGCGACGAGGTGGCCGAACATCGCCGCAAGGGCCTGGGGCTGGCCGAGGAAGGGGGCGATCCCGACCCGTCCACGGCCCAGGCCGAGCAGGCGCTGGCCCGGATGCAGGCGGCGCTCGAGGCCGGCGACCCGACCCTGGCGGCCACCGAACTGACGGCGGCGCGGGGGCTGTTCGACCAGGCGCGGGGCGTGCTCGACGCCGTGCTCAAGGCCAGGGCGGCCTGCGAGCGCGGGCTCCCCGAAACTCGCCGCGAGACCCAGCGGCTGCGCGAGGCGGTGAGCCAGTACGCGGCTTTCGAGCAGGAGCTTCGCCGCGACTTCGCCCCGGGTTCCTGGCAGGGCGTGGCGGGTCATCTCCCCCAGGCCCGCACGCTCCTGGAGACGTTCGATCGCAAGGCCGACGAGGTGGAGCAGGCCGCCGATCCCAAGGTCCAGAACTATCTCCTCGGCGCCCGCCTCCTGGCCCGGTTGAACCAGGAGCAGAAGGCCGTGTTCCAACTGATGAACGGCGTCGGCGAACAGCTCGCGGGACTCAAGGCGGTCCGCGAGGAGGCGAAGAACCTCGCCCAGGAGATCGAGGCGCGGGACCGGGAGGTCGGCCGGTTCTTCGCGCAGTACGACCACGTCGTCGGCTCGCAGGCGAGGGAGAGCCTGGCGCATGCCTCCCGCGCCAGGGAGGAGGCGATCCGGGCGACCTCGACGCACCAGCCGGATTGGCCCTCGGCCCGACAGGCCCTGGCCGAGGCCC
NZ_CP011273.1_gap24	1530954	1535751	4797	CGGGCGTTCCCTCCCCTTCGTGTCGACGTAAGACACGGCGCAGTTGGTGGTCCCCAGGTCGATCCCGACGATGTACCGTGAACGCGTCATCCGATGCCCTTGCCGACCTTCGCCCCGACCATTCCCCGACCGCCCGCCGATCCATCATAGTGCGGCCGGCGGCCCGGTCCAACGCCGCTGCAGATCGGACGCGCCGCCCGCCGCCGCTCGCTCAGGCCGCCGAGCCGATCGCGTGGGCCAGGCGAGGGCGGACGACCGCCCAGACCCGGTCCGGGCTGACCTCGTCGTGGCATTCCAGCCGGTCGCACGTCTTGCGGAAGCTCGGGGCGCACCAGACGCAGCTCTTCACCACGGCCGCGCGAGGTCCGTAGGGGCCGGTCAGCTTCGGGTCGGTGCAGGTGTAGACGCCGACCACCGACGCCCCGACCGCCGCCGCCAGGTGGATCGGCCCGGTGTCGTTCGAGAGGTACACGTCCGACCGCCTCGCCAGCGCTGCGAGCTGGAGCAGCGAGGTCGCGCCGCAGAGGTCCAGCACGGGCGTCCGGCCCAGGCTCTCGCGGAGCGAATCGACCAGCTCGCGATCCTCGGGGGCGCCCACCGCGACGACCCCCGCGCCGAACTCCGCGACGGCCCGTCGCGCGACCTCGGCGAAGTGCCGCACCGGCCAGCGCTTGGTCAGCCAGCGCGAGCCGACGTTCAGGATCAAGGTCGGCCGGGCGACGCCGGACAGCGTCGCTTCCGCCCAGGTCTCGTCCTGTTCGCCGATCGGCAGCGAGAACTGCGGCTCGGAGCGATGGCCGCCGAGCGCCTCGGCCGCGATCATGACCCGGTCGACGGCGTGCACGCTCGCCCGAGGCGCCTCGATCGTGTGGGTGTAGAACCAGCCCGCCCCCTCGCGGGCGTCCGCCGGTCCGACGCGGATCGGGGCGCGGGTGGCGGCCGTCATCAGGCCCGACCGCAAGAGCCCCTGGAGGTCGATCGTCAGGTCGAATCGTTCCCGCGCCAGCGTCGCGCCGAGCCGCGCGAGCCCTCGGAGCCCCTTCGCCGAGATCCCGGAAGGCCCCTTGTCGTAGATGATGACCCGGTCGAGGTCGGACCGGCCTTCGAGGAGGCTGCGGAACGACCGGCTCACGACCCAGCTGAGATGGGCCTCCGGCCAGAGCCTGCGCAGCTCGGGGAGGATGGGCAGCGAGTGGACCACGTCGCCCAGGGAACTGGGCTTGATGATGCAGACCCGTCCCGGCGGACGGCGGCCGACGATTTCCGACAACGATCCCATAGCCGGGGAACTCCCTTTCCCGTAACTTCCAGAGGGGGCCGTAGACTAGCCCGGACGCCCTTTCCCGACAACCCGGCTTTCGCAGGGAGCACTCGCCGATGTTCGTCGCTTCGTTGATCTTAAGCGCGGTCGTCGGCCTCGGCTCGCCGGAGCGCGGCGAGGTCGCCTTCCGTCCCGGCGCGGAAGAGGCCGCGGTCCCCGAGCGGTTCCGTCTGGAGCCCGCCACCTTTGCGTATGAGCGGACGCCGATCTACGACGCCGGGCGTTACTCGGTGTCGAAGCTGACGTTTCCCTCCCCCGTCAAAAGCCCCGACGAGGCTAACAACACGGTCCACGCCGAGTATTTCGAGCCCGTCGGCTTCCCGGGGCGACGCCCGGCCGTGGTGGTCCTGCACATCCTGGGGGCGGACTTCCCGCTGGCTCGCTACCTGGCCGCCCGCCTCGCCGATCGGGGGGTCGCCGCCCTGTTCGTGAAGCTCCCCTACTACGGCGAGCGACGGCCCGAAGGAGGGCCGGGGCCGGTCCCCCGGAAGTTCCTCTCGGACGACATCGAGCGGACGATGGCCTCGATGCGGCAGGGGGTCTGCGACGTGCGGCGGGCCTCGCAATGGCTGGCCTCGCGGCCCAACGTCGACCCGGAGCGGCTGGGCGTCACCGGGATCAGCCTGGGGGGGATCGTCTCGTCGCTGGTCGTCTCGGTCGATCCCGAGATCAAAACCGCGGCGCTCCTGCTCGCCGGCGGCGACCTGGCGAACGTCCTCTGGGAAATGCCCGAAACCGCCCCGTTCCGCCAGGCCTGGTCCGAGGCCGGCAAGACCGTCGCCGACCTCAAGGCGCTGACCGAGCCGTACGACCCGCTGACCTACGCCGCCGGGATGGCCGGCAAGCGGATCCTGATGATCGCCGGGAACGTCGACGAGGTGATCCCGCCGGCCTCGGCGCGGGCGCTCTGGGAGGCGGGGGGCCGGCCGCCGATCGTCTGGTACGACTGCGGCCACTACTCGGCCGCCGGCTTCCTCCTGCCCGCCATGCGCCGCGCCGTCGCGTTCCTCGACGGCGAACCCCCGCTCGTCCCCGCACCACCCCCCGCCCCGACCCCGGAGTCGACGCCCTGAGCCCTCGGGGTCGCGATTGTCAGATCGAGGGCTTGGGGTTATCCTGCCGCGGAATCAGGGTCGAGCCCGAGCCATCGTAATCATGCGGAAAGGGTTATGCCATGACGGCCTCCGTGACGAGCGTCTTCTTGTATGTGAAGGACGTTCGACGTTCGCTGGAGTTCTATAACGAGGTCGTCGGCGCGGAGATTCTCCAGGTCCACGCCGAGCAGGAGAACGGCCCCTATAGCCTGGCCATCCTGCGGATCGACACCTTCACGATCATGCTCCACGCCCAGGAAGCCCACTCCGAGGAGTTCGCCGACGCCCGACTCGGCGTGGGCATCCACCTCCAGCTCCAGGTCGACGATGTCGACGCCTTCTTCCAGAAGTGCATGGACGAGGGGGCCATGCTGAGCGTCTCCGGCGAGCCCACCGACCAGGAATGGGGATGGCGCGAGTTCGCCCTCCGCGATCCGGACGGCTTCGTCTGGTCGGTCTACCAGGACAAGTCGGGGGGTCAGTGGACCGGCTGAGTCCTCGCCAGGATCGAAGCGGCCCCGGCCAGAACGGCGGTCTCAATGCGGAGGATGGGCGAGGCCAACCGCACCGGGACCCAGCCCGCCTCGCGGGCGGACGCGACCTCCTCGTCGGTCAGGCCCCCTTCCGGCCCCACGACGAGCCGCACGGTCGAGCCGGATTGGATCGCGGGCCAGGCGTCGAACGGGGCCCCCGAGGGATCGGCCAGGAGCCGCAGGCCCTCGGGGCGTCGCAGGAATCCCGGCAGGGCTTCAGGAGGCGCCAGCTCCATGAGCCGACTTCGCCCGGACTGCTTCGACGCCTCGACGATCGTCCGCCGCAGGCGCTCCAGCTTCGACCCCCTCGGGTCGACGACGGAACGTTCCGTGACCAGGGGCACGATCCGATCGACCCCCAGCTCGACCGCCTTCTCCACGAGCCAGTCGAAGCGGTCCCCCTTCGGGACGGCCGAGCCGACCTCGATCGAGCAGGAGGGGAGAGGGGAGACGATCGGCTCGCCTTCCGCTTCAAGCTGGACCGCATCCTTGCCGGCGACGACGACGCGGGCGGCGGTGGCGAACCCCCGGCCGTCGAACAACTCCACGAGGTCTCCCACTCCGCGTCGGCAGACCCGGGTCAGGTGACGGGACTCGTCGGGGTCGAGGCGGTAACGGCCGTCGGTCGGCGGCTGGGGGCAGTAGAAACGCTGGGACACGGGCGACTCCTGACGCGACCGCCCAGGCCTCCAGGCCGGGCGCGGACGGACTCCAGGATAAGACGCGGGGACGCGAGTCGTCCAGGACGACCGCCGGCGAAGGGACGCTTGACCATGTGGACGCGACATTGGGGCCTGAGCCGCGACCCGTTCCTCGACGGGCCTTCCTCGTTCGTCCCCCTGGGCGACCACCGTGAGGCCGTCGACCGCCTGCTCTACACGATCGAGGCCGGTCAGCCGCTGGCCGTCCTGGCGGCGGGCGAAGGCCTGGGCAAGTCGATGGTCCTGGGGCGAGCCCTCGCCGAAGCACGACGGGCCGACCGTCGAATCGCCCTGTCGGAAGCGGCCGTCGATTCGCCGACGCTCTGGGGGGACCTGGCCGACCGCCTCGGCGGCCGTGCATCCGCGCCGATGGGCGACGACCGCGCGGCGAGTTGGCGGCGGCTGGAACGCGCAGCGAAGGTCTGCGCCCTCCAGGGGCGTCGGATCGTCCTGGCCGTCGACGGTTGCGAAGGGCTCGACGCATCCTCCCGGCGCGACCTCGATCGGCTCGCCCGGCTCGAAGCCGCGACGGTGATCCTGACCTGGCGGGACGGCGGGGAGGGGGAGGGGGGCGAAGCCGAGCCGCCGCCGAGCCTCTGGACCCTGGCGATCCGCCTGGTCCCGCTGACCTTCTCCCAGGCCCAGACCTACCTGGGGGACAAGCTGGCGTCGGCGGGGTGCCCGGACGCGCTCTTCACCCACCGCGCCGCGGTGCGGCTGCACGCGGCCTCGCGAGGCGTGCCGAGGGGCCTCGACCGGCTGGCGTCGCTGGCGCTGGCGGCGGCGGCCTCGCGGGGGATGGAGGCCGTTTCGTCCGAGGTCGTCGACGGCGTCGCGACCGAATGTCGGGTGCCGCCGGTGTGACCCGGCGGCCGCGACGGTCGGGGTGGATGCCGACCCGGCCGGGTGCTAGAATCGACGTAAATCCAGGGACCCCAGATCCATCGAATCCCAGGCCAGGCCCCACGACATGAGTGAACCCTCGATCCCGCTTCGCGACCCGGCCCGAGCCGCCTTCCTCGCCTGGCTCGTCCCCGGCCTGGGCCATTTCTACCAGGGCCGCAAGGGGAAGGGCTGGCTATACGCGATCTGCATCCTGGGGCTCTACGTCGCCGGATTCCTCCTCGGCGAAGGGAAGAACGTCTACT
NZ_CP011273.1_gap25	1539095	1539934	839	CCGAAGGCGGCGAGTCTGTGGATCGCAGGGGTCGTCTAGGCGTCATCAGGCGGGTTTCCGCGCGAAGCCTGGGAAACTTTACCGACTTAACGAACTGGACTTACGCGCCCATTGTAGAAGGCTTCCGGATTCTTTGGCAACGGCTTGATCGTCGGCTAAGTTTCGGTGACGGCCCCGATCCGAGGGGTCGTCGCGACGGTCGCGAGCCTCGGGAAGCCGGGGCCTCGAGCCGTGTCGGTCGGCCGTCGGGCGGGCTTCGTCCTCGGGGATGGAGGCCGCTCGCGGGGATCCGACGCGGAGCGCGACGCGAGCGCCGCCAGCGTCAGGGAAATTACGACCCATTGATCCGGCACCCCGAGACATCCCGATGCGCGCTTTATTCCGCAAGCTGCGGGCGGGCTCCCTCATGTCCCCGGGCGAGGGTCCGTCGCGTCCCGAGACGCGGCCGGACGCGATCGCTCCCTCCGGGACGGCGTGGGGCGTGCGCCCCGACGACGCCGGGATCGCCCCTGCGGCCGCGCCTCGACGATCGGGAGGCGGCCCGCGAGGGGCTTCCGTGCATCGGGTCTTACGAGAACGGGAGATTGATGCGATGTTCAGCTTGAGCTGGTTGCGGGAGCGCGGGCTCACCCGCGCCCGGCCGTCAGGCCGTCGGCGAACGGCCAAGGCCGTCGCGCTCGGTTTCCTGATCGCCACCACATTCCTCCAGACCGGTTGCCGCTCCGGCGGCTTCGGCTCGGGGTGCAGTCTCTTCAGCCCCTGCGGCTTCCCCGCGCGGGCGACCAGTAAGATCCTCCAGCCGTTCCGCCAGGTCGGCGGTCGCCTCGGCGGCCTCGGCG
NZ_CP011273.1_gap26	1647277	1650480	3203	TGGTGCTGGCCGCCCGGCCCGCCGGAGCACATCACGTCGATGCGGACGTCCTCGTTGCGGATGTCGATCTCGACGTCCTCGGGCTCGGGGAGCACGGCGACGGTCGCGGCCGAGGTGTGGATGCGGCCCTGGGTCTCGGTCTGCGGCACCCTCTGGACGCGATGGCCGCCGCTCTCGAACTGGAGGAGGCGGAAGGCCCCCTCGCCGGTGACGCTGAACGAGACTTCGCGGAAGCCGGCCAGCTCGGTCGCTTCCATGTCCAGAAGCTCGAATTTCCAGCCCATCGAGTCGGAGAACCGACGATACATCTCGTAGAGATCGCGGGCGAAGAGGGCCGCCTCGTCGCCGCCGGCGCCCGCCCGGATCTCCATGATGAGCGCCGCGTGGTCAGCCCCGGATTCGCGATCGTAGAGGATGTCGCGGAGCTGTTCGGCGTCGGCCTCGCGGCGATCGCGGAGGACGGCGGCTTCCCCCTCGACGTACGCGCGCATGGCGGCGTCGGCCTCGGCGTCGATCAGGACCTCGGCCTCGGCAATCTGCTTGCCGAGATCGAGGTAGCGGCCGTAGAGGGTCGCCGTCTTGGCGATCTTGCCGCGCTCCCGGGAGAGGGCGGTGACGCGCGCGGAGTCGGCGGCGACGGCCGGGTCGAGCAGGGCCTGCTCGATCTCAAGGAAGCGTCGATAGTCCGCCTGCAGCTTCTCGAACACGGAGGGGGGACCTGCCAGGAGCCGGGGACCTAGGGGGCCGTCGCGACGCGTGCGTCTTCCAGATCAAGCGAAACGGCCCGGCGGGGAGGTGGAACCGTCCCGCGGGCCGTGATTCGCGAGATCCAGGGGCGGGGCCTAGGCCTTGGCGGGCTCGGCGGCCTCGACGGCGGCGGGCTCGGCCGCCTTCTTCTTGCCGTAGGTGCCCTGGAACTTCTTGTTGAACTTGTCGACCCGTCCGGCGGCGTCGACGAACTTCACCGACCCGGTGAAGAACGGGTGGCACTTCGAGCAGACTTCCACAGCGATCTTCGGCTTGGTGCTGCGGGTCTGGAACGAGTTGCCGCAGCCGCACGTGACCGTGGAGTCGACGTAATTGGGATGGATGCCGTCTTTCATCGCCGTCTATTTTCTCGGTTGAGAGTGGCGACCGAGCCCAATCTCGCGCAGGCCCCGGCCGAAGTCGTCATCTTATCACATCAGGGAGGCGGGTCCCAAGGTCATTTCGGGGCGGCCAGGCGGGCGGCGACTTCCTTCTCGACCTGCTCATAGGTGAATTGGTCGTTGGGGTCGTCCATGGTGAACCGCTTGATCTCCTTGCCGTCGGGCCCGTAAAGGAAGACGGCCGGAATGGCGCCAATGTCGAGCTTGTCGAAGCCGTCGCCGAAATTTTCCTTGAGCAGGACGTTCGTGAACGTCGCCTGCTTCTCGCGGAGGAACTTCTCGGCCTCGGCGACGGCCTTCTCGTCCTCGGAGTCGTCGAGCGAGAGCGAGACGACGGCCAGGCCTTGCGGGGCGAACTTCCGGTGCATCTCCACGAGGTGCGGGAAGTTCTCCTTGCAGGGGCCGCAGGTCGTGGCCCAGGCGTCGACCAGGGTGTACCGGGCGTCCTTGGGGGAGGCCAGGTGTTCCTGGAATTGGGCCCAGGTGAGTTGGCGAAGCGAGACGGGGTCGGTCTTGGGGTCGTCGGCGCGTCCCGGGGCCGCGATCAGGCCGGCCAGGACGACCGCGGCGACAATGGCGGACTTGCGGATCATGGTCGTCGATTCCTGGGTTGGGTCGGCCCGGCGGAAACAGGGCCCGGGGAAGCGAATCGAGCCGCCGGACGATCAGTCCGACGGCCCGAGGTGGTCTCACGGAGTCGCCTCGGCCCGGCGGCCGAGGCGATCGTTCGAGGCGATCCGATCAGTTGTTGTACTTGACGCCGCAGCCCTTGGCGCGGGTCTCTTCGACCGCCGGGGCCTTGCCGGCGAGCAGGGCGTCGACGGCGTCCTTGACGTAGTGCTTGGTGACCTTGGCCTCGTCGGCGTTGTCGTCGAAGGCGCCCAGGTAGCGGATCGTGCGATCCTTGTCGAGGACGAAGAAGTACGGGGTCTTCGTGGCGCCGTAGGCCCGGCCGACGGCCTGGCTCTCGTCGTACCCGTAGTCGTAGTTGATCTTCTTGTCGTTCTTGTCGGTGACCCGCTTCAGGATGGCGGGAAGCTTGTCTTCCTCGATGTCGTTGACGCAGAGGCCGACGACGCGGACGCCCTTGTCCTTGTACTCGCTGGTGAACTCGTTGAGCCGGTCCTCGCAGCCGACGACGGCGGGGCAGTGGTTCGCCAGGAAGACCAGGACGACCACGTCTTCCTTCACGTCGGACAGGGTGAGGCTGGTCTGCTCGCCGCCGGGCGTGTAGGCCGGGATGCCCGAGAAGACCGGGGCCTTGTCGCCCGGCTTCACGACCTTGTTGTAGTTCTCGCCCGCGAAGGCCGGGGTCGCGATGGCCAGGGCGGCCAGGCTCAGGAGGACTTTCCGCATCGATGCTGACTCCGTCTGAGGTTTGAGGTCTGGGCCGGTAGTCGAAGGAGCGACTCCCTCGCCCACAGGACGAACCACCGATCGGTCCATGCAAGGCCCGCCGTCCAACGACGGGCCCCCGGAACGTTCAGCTTTCAGAAGAAAGCGTTGTAGCTGGTCTCCGCGGCCTGTCATACCGCGCGATCTCGAAAGCTTCGACCCATGCGGGCGGTCTGCATCCGTCGCCATGTTCCACGGCGACGATCGCATGATTATAAGTGGAGCCTCGGACCAGTCAACAACCCAGGCCTGGCGTCGACCATCCCGCGCGCAGGGCGATCTCACCCATGCTCGGTCGCGCCTGGGGCCGGTCAGGGCCGTCGCGCGCCCCAGAAGACGGCGTTGGTGATGGAGAGCTTCACCGAGGGGTGATACAGCACGGGGAAGGATTCCGAGCCGGTGCGCAGGTAGACGATGCGGCCCTTGCCGACGGTCCAGGTCATCCCGCTGCGCATGGTCTCGCCGCGTTCCCAGGAGGAGACGAACACGACGGTCTCCGGCTGCGGCACGGCGAACGGTTCGGAGAACATATCGGTCTTGGGGATGGTGAACGGGGCCACGCCGGCGGCGATGGGGTGTTCCGGCGCCTTCACGGCGACGAATTCGGGCCGGCCGTCCTCGCGCCAGCTGCCGGGCTCGCACGGCATGCTGTCCATCAGG
NZ_CP011273.1_gap27	1756315	1760315	4000	TCGCGGCCCGAGCCGCGATCCATCTCGGCGATCAGGTCGACGACCTGGCGCGCCACGCGATCGGCCCGCTCCAGTTGCTGGCGCTCCGGCCCGACCGCCTCCAGGCCGAGCGACGAGGCGTCGATCGCCTCGTCGGCCGGCAGGTGGAGGACGACCAGCGTCGGCGTCCGTCCGTCCCCCACGCGAGGCAGTCCGAGGTCGCGACGCCCCTGGATCTCGGCCCCCGCCCCGGCGCCCTCGGCGGCCCAGGTCAGGGTGACGCTGCGGGCGGCCTGGTCCCCCAGGGGGATCACCCATCGTGATTCGGCGTCGAGCAGCGGCCTCACGGCCGCGCCGTCGACCGCGGCCCGCAGCAGGCGGCCCGCCTCCGGGGGCGCGACGGTCAGGAACGGGCCCGATCGGGGCTCCGTCCGGTACGTCGCCGTGCCCGTCGCCCCGCCGTCCGGCGCGAGCACGCAGAGGAGCTCCGCATCCCGCACCCGCGCGGTCACGTCGCCTCCCCCCAGTCCCGCGTCGTCCCCCGTCGGGGTCTGGACGTCGAGCGACCAGCGGTCGACGTCGACGTCGACGTGATACGCCCTCGCGGCCAGGCCGGTCGCCGCGCCGAACTCCTCGTCCTGGAAGCGGCTCGCGTGCGAGATCTGGCGAAGCCCGGCGGAGCCGGCCGTCGTCGGCACGGTCGCCGTGGCGAAGACCAGGGCGACCGCGGTGTCGACCACCCCGAGCCCCAGCGGGACGACCTTCGGAAAGCCGACCTCTTGCCCGGCGGCGATCGGCGCACGTGAGCGCAGGACCACACGCTGAGAGCCCCAGATGGGACGCTCCGGCGTGATGGTCCAGAACGTCCAGCCGTCTCGGGATTCGGTCGTCAGCTGATGCTCCTGGCCCGTGAGCCGGAGCCGGGCGTGCGGTGCCCAGGCGGCGGGGACCTTCAGATGGATCGCGTCCAGCGGACCCCCCGCCACCTCGTAGCGGAGCACGGCGATCCACTCGGCCGAGTCCGGATGGATCGTCAACTGGCTCCCGACCAGGACGTTCGGACGCGGGGGCTGGGGCGTCCAACGCAGCTCGCCGACCTGGGTGGGATCGTCGATCCGGTAGGATTGGCGGGTCCAGGCGCCGCCGGGCTCGGTCGGCTCCGAAGTGACGAACGCCGCGCCGCCGGGGGCCGTCGCAAGATCGACGACCCCGCGCGAGAGCACCTCCAGCGTCCCGGCCGAACCTCGGCCTTCCGCCGCGTCCGGCCAGGGGAGCCGGAGCCGATGCTGGCGGGGTCCCGGGCCGGGCTCGAGCCGAGCCACCGGGATCCAGCCCCGCACCTTGATCGTCCGTCGGGATTTCAGGTCGATCCGGTCGAACCGGACCTGGAGGGGCCCCCCCGACGGCCGGCTCCAATCGGTCATGCCGGCGGACTCGACATCGAGCAGGATCAGTTCGTCCGGCAGCGCCACCCCCACCCGATCGAGCAGCCCGGTGATCTCGGAATGCTCGATCTCGTAACGGCAGTCCACGCGGCCGGCGTCGACCTGGAGCTGCACGGAGGGCTTGAGACGCCATCGAGTGGGGGTCGGGCCAGTCCGAAATTCAACGACGTCCTGGGGCTTGAACCGGACGGTCCCGGCGAAGGTCAGGACGTCGTCGGGCAGGGCGCCCCAGGCGCGCACGAAGGACTCGTCGCCGACCGGCTCGGCGTCCCTGGGGGGCTCGAGCCGCCCCGTCCAGTGCCCCGGCCGCCGCACGGCCAGCAAGCCCGACTCGCGCTCGACGCCCATCGGCTCCACGCGCGGGAACCGCCGGGCGACCGGGCCGGGGGCCTCCGTCCCCCCCTCGCCTCGGAGGGGCCGCCAGAAGTCCAGGAAAATCGTCGTCCGATCGGGAAGCGGGGGGTCCACCCGAGCGACCCATTCGGGGTTCTGCGGCGTCCCCCCCCACGAGGCGTCCACCAATCCGGGGATCTGGACCGAACGCGGAATCAGGCCCGGCTCCAGGGCGATCCGGATCGTCGAGGTCCGCCGCCGGGTCCGGTAAGTCAGACGGGCGCGGACCCGCTCGCCGGCCGGGTCCAGGTCCCAGAGCATCAGGCTCTCGACGGTCGCGGAAGGCTGGTCGAGATCTGGATTGGGCGACGTCCAGGAGATCCCGATCCGGTCGACGGGCCCGAGCACGGCCTCGATCGTCTGGTCTCCCTTGGCGATGACGCGGCCCCGGGCGACCAGTTGCTGCACCGGACGGCCCCCGGGAGGCTGCTCCAGCGTCAGCCGGGCGAACGGGGCGCGGTTGACCTTCAGGTCGAGCGTCTCGAGGGAGCCGTCGCGGAACGGAGAGGCGGTGCGACGGACCCGCAGTCGGCTCGTCCGACCTCCGGGGATCATGACGACCGCCACCTCTCCCCCCGGCCTGACGATCACCGGAGCCCGGACGTCGTCCAGCGCGGCGACGAGGTCCCGCGCCCCGCCGACCGGGAACTCGAACGCCGTCGCGGGGCCGTCGCCGACCCGGACCGAGTAATCGCTCTCGACGGCCAGGTCCAGCTCCCCGCCCCGCGCCACGCGATGCTCGGCCGCGAGGATCGAGGCCCGCTCCTCGGCTTTCGGAGCCGGGGCCTCGCCGGCCCTCGCGAGCCGCTCGTGATCGGCCTGGCGGAGGATCACCCGCGAGGGGGCCGCGGCCGGGTCGAACGCGCCGTCGTAGGGGAAGAGCGCGAGGATCGGGGGGGATTCGACGGGAGGCTGGAACGCCGAGGCTCGGGACAGGCCGATCGTCGCCAGGACCCACGCGGCGACCCGAAAGCCGCGACGGAACCGCGCCGAGGTTCGCCCGACGCGACCCGACCCGGGCGCGCCTCGGCCGCGAAGCGTCTCGCGCAGGAGCCGGCCCAGACGCACGAGGAGCGTGATGAACGCGCCGACGAACGCCCCGGCGCTCACCGGGGGGGGAGCCGCCTCCCACCAGTCGTGCAGCACCACCGACGCGATCATGAGGAGCAGCGGCGCGATCAAACCCCGACGCGGGGAGACGGCCCGACGCAGCCCCACCGCGATCACCGCAAGCGCCGCCACCCAGCCCAGAAGCGCCCGAGTACCGGCGTCGGCCGTCTCGACCCAGGCGTCGGGCCCCGGCCAGGAACTCGCCGTCAAGCGCGAGGTCGACCAACCCGAAGCCCGACCGCGTCGGTCGGCCGGCGCGGAGTTCGTCGGCGTCGAATCGATCGGGGTCGACTCGCCTCGCCAACGCGTCGACGACTGGAAACGGTCGGTCGCGTCCGCTCCCCAGAGGATCGCCTCGGCGACCGCCGAGCGCCACGTCGCGGAGCCCGAGAGCGGCCCCGCGGCGCGTCGGGATGTGACGAGCAGCGCGTCGTCGACCAGGAGCAGGACCAGGCCGCGAGACTGGAGCGCCGCGAGCGATTTCGGCCCCCCCGCCGCGTCGACGGGGGTCGGGGCCGGCGTGTATCGTGATCGCGGGCCGAAGCCCTCGGCGGCCAGCGCCGAGCGATCGACGATCAGCGGCTCGGCGCCCGCGTCCCATCGAATAAACGCCTCGGCGAGCGTCAGGTCCTCGGTCGGCGCCTCGCCCAGCGATTCGTCGAGCCGCCGCAGGACGTCCTCGCGCGGCAGCCGCATCGCGGCCCGCTCGCCGGGCCATCGCCACCGGGCGACCCCCAGCGATCCGAAGGGCCAGGGGGGCCGGGGTTCGGTCGAATCGACGACGAAGCCGGGCCCCGCCTCGTCGAGCGTCAAGCCCGGGGAGAGGATCAGCTCCCAGCTGAACGAGAGGCAGGGGAGGCCGAAGTCGGGTGCCGTCGGCCGGAGCCGGCCGCCGGACGGCGCGACCGACGGTTCGAGCCGGTAGTCCAGCTCGACGGCCCGCGTCGGCTCGCCGGGCCCGGAGGGGAGGGGGATCGAGACCTCGTCCCCCACCCGCGTCGGGTCGACGGCGCGGCCGTCGACCCGCGCCGAGACGAGGACCGATCCGGCCGGCGCCTGGAACGTGAGGGCGT
NZ_CP011273.1_gap28	1761380	1763371	1991	GCACCGTCCGGCTCCAGGGAGGCGCCCCCTCGACGCCCGCCAGTTCCACGCGATCGACGGCCCAGCCGGCGGGGAGTTCCAGCTCGTGCTCCGGGGCCGATCCGGGGAGGCCCAGGCCCGCGACCTCGCATTCCAGCCGGATCGAGGACGGTCGGAGCGCGAGCCGCCCGCGCAGGGTGTAGACCGGCTCGTTCCCGGCGGCGCGGAAGGTCAGCTCGGCCGCCGAGCCGGGCGCGGCCGATTCGAAAACGAGAACCGTGCCTCCCACGCCCGCCGTTTCGCCCGGCGGCGGCGGGACCCGACGGCCGTCGCGCTCCCGGCACTCGCGGACGACGTGGCGCTCGTCCAGGAGGATGGTCGTCGTCCCGCCGGTCCAGGTCAGCGGGGGGAGCGGGCGGATCGCCGGCACGTCCCAGGCGCCCTCGGCCGGGACCCGGGCGTGCCCCCGGAATCGGACCGGGACGGCCTCGCCGCCGGGGGTCGCCATCCAGACGACGGCCCGGCGCGGCGTCCCTTCCTCGACGCGGAACTCCCGGACGGTGGGGCCCTCGACGCCCAGCAGGTCCAGGCCGGGATCCAGCTCGACCGTGAATGTCCCCCCGCCGGGCTCGTCGGCCTGGATCGTCCAGTCGGTCGTCCAGTTGACCGGCCGGGTCGCCAGGCGATCGACGGCGTTCAGGTCGATCCGCGTCGGCCCGCCGACCCAGATCCGAGACGGGTTCCCGGCCGCCCTCGTTTCCGCCAGGTTGGTCAGCCGGAGGTCCAGGGCGCCCACCCGGCCGTGGAACCGCCAGGTCTCGCGATCCGGGGCTTCACCCGGCGAGGGTCCCTCGCGACGCACGGCCGCCCCCGAGGGTTCCCAGCCGACGGGGACGTCCAGGGTCAGGCTGGTGGTCTCGTCGCCGGGCAGCGACAGGCTGAAAATCCGCCCCCGCGAGTCCGGGCGCGCCCGCAGCTCCCACTCCAGCACGAACGTCGCCTCTCCCGGTTTCGCCGCCGACGGCGTCTCCAGCCGAAGGAAGCTCTCGCCCGTCGCCGAGGAAGCGACCGCCGCCCCGGACTCGGGCCCCTTCAGGATCGCCGGCGACCACGGCTCGATCGACACCGACGCCGAGCCCGGCGGCGTCGCCGCCACCAGCTCGGAACGGCCGACCAGGAGTCCCGAACTGAACCTCGCGAAGTGGCGGGCGCGGACGAGCCGGGGGCCGCCCCGCTCGCGGTCCCGCCCTCGCGCCTCGACCGCGCCCAGCAGCGCGTCGAAGTCCGTCGGCGACAGGACCCGCAACGGGGTGTCCGGCGGGAACTGGGACGCGACCTGGCCCGACGGGATCCGAACCCGCACGACCTCCGGCGCATCCCCCTCGCCCCCTCGGGCGGCCGGGCCGACGACGAGCGCGAACACCGCGACGAGCGCGGCCGGCAGCGAGAGGCTCGAACTCGGGACTTCCATCGACGTCACTCCGTCCTCAGGCGGCGCGGGCTGAGCGAGGCGTCCGACTCCGGCTGGGGCGACGGCGTCGAAATGTAGTCCATCGTCGAGGACGTCCGAACGCGGATCGCCGTCGAATCGTCCGAGCCGACCCCCGGCGCCGATCGCTGCGAGGACTCCCCCACCACGACGTTCGACATCGAGGTCCCCCGAGCCGGCGGCGCGGTCGCGCCGCGTCGCAAGGTCCAGCGCCGGCCTACATGAACGAGCGCCCCGAAGGCGATCCCGAAGGCCGCCGACTGCACGACGAGCGCGAGCACCCCGGGGGGCAGGAACATCGCGGTCGGGAGCCCTACGGCCACCACGGCCCCGACGAGCCACGGCGTCGTGATCGGGACGAAGAACAGTCCCACCGCCCCCAGCAACGCCAGGCCCGAGCAGACCAGGACGGTCCAGGCGCGCGAGACGACCCAGGGGTTGATCGGCGAAGGCGGCCCCACGCGACTGAACAGGTAGCCATGCGAGATCGCCTCGACGTCGAGCGCGTCGTCGACCGCCGCGG
NZ_CP011273.1_gap29	1767689	1770301	2612	CGTCGGCCCCTTCGCGACGTCGGGTTCCACCACGGCCACGGCGGGGGCTTCGACCGCCGGGGCGGGGGGCGTCATGGGGCCGATCGCTGCGTCGGCTCGCCCCGGCACGTCCCTCGCGATGGCCGGCGCGGCCGAGCCGTCCGGCTTCAGGCTTTCGTAGGCCGACCAGGAGAGGAGGGCGATGAGGGCCAGGCAGGCCGCGAGCGGACCGAACCGTTCGAGCCAGTGCCGGCTCGGTCGGGCCTGGACGACCCAGGGGGTGATCGGCTGGGTGCGAGGGTCGACGGCCGGAGCCTCCTCGTCGACCGTCCCGGCGCGCGCCTCCCGACCCTTGACCAGCAGGTACATGCGGGCCTTGGCTTCGGGCGGGACCTGCACCCGTTGCCCGAGCAGGCTCAGGATCTGGTGGACGCTCGCCGCCTCCGCGAGGTTGACGTCCGAGGTCAGGCACTTCTTCTCGTATTCGGCCACCTGCTCGGCGTTCAGGTCGTTGTCCAGATAGCTCGCCACGAGGTTCGGGTCGGTGGCGTCCGCGCCCTTCTTCCCCGGCACCGTGAGCCGTCGTTGACGGGTCACCCGATGGATGCGCTGCACCAACTCCTGCGCCAGCGGGCTGCTGCCCACCTGCTTGCCGATCTCCCGCACCTGCACCGGCGGCAACGTGTCGTCGAGCCAGGCCAGCAGCGTTCTCAAGGTCAGTCGCATCGCACCCTTCCCCCCGGGATCCCCGCGATCGGCCCGCCGAGATCGCCCGGCCGGCTTCGCGATGGATTTCGTCCCTGCTGATATGTGTGGGGGGCGGCCCGCGAATCCGTGCGGAATTTTTTCGATTCCCGGCGGCCAGGCGATGCAAGTCCTCGGTGGTTCCGGGCTTCGACCTGAAACCGGATCAGGCCGGGCGACGCGACGAGTTCCCTCGGGCGTCGAGTTCGTCGCTTCCGGCCAGGACGCGAGGGGGCCGGGCGCGGCTGGTCCGCATCGCGCCAGTCGCGGCCAGGTACATGGCTTCCAGTCGTTCATCGCTCCGGCCCGCGGCCCGAAGCACCGCGAAGGTCATGGTCAGAAAGATCCCATAGCAGCAGATGAGCGCGAACATCCCACTCGATCCTCCGTCGTCGATCTCAAGGCCGGCCCGAAACGGGTCTCGGCACTGTTGCATTTAATCTACTCATGCACGCAATTTTGGTGACCTAGGTTATCGCTTAATTTAGAAAACGGACGCGGCGTCGGCCGTGTGGCCCCGGGTCGACGCAGGTCGACCGAAAACCACCGCGCGCGGGAGGAGCGAGGTCGTGCGGCCGGTGTCGGCCGCCCGAGTTGGATTGCGATCCTCAAGTCACGGCCTCAATCCTGGGGGATGAGGTGGGGGTTCCAGACGATCTCCCAGAGGTGCCCGTCGGGGTCCTGGAAGTAACCCGCATAGCCTCCCCAGAAGGCGGCCCGGGCCGCCTTCACGATCAAGGCCCCCGCGTCGGCCGCCTGCCGCATGACGACGTCGACCTCGTCCCGCGAGGCCACGTTGTGCCCGAGCGTGAACTCCGTGGGGCTCGGGTCGCGCAGCGGGAGCTCCGAATCGTGGGCGAGGCTGGCGCGCGGCCAGATCGCCAACTTCAAGCCCGGCTGGAGGTCGAAAAAGGCCACGGCGCCATGCTCGAATTCCTCACCGACGATCCCGTCGGTCGCCAGTCCGAGGCCGTCTCGGTAGAACCGGAGCGACCTCTCCAGGTCGTCCACAGCGAGCGTGACGACGCTGAGTCGAGGCTTCATCAGGAACTTCCTCCAGGGGTCACGGACCGATCGGCCCTTCGATTCGAGTCGGCGGGCGCGGACGGTTCGATCCCACCCCGAACGCGATACAGCCGGAACCAGGGGTCGCCTTCGCGAACTCCGTAAAGAGGCTCGAAGGTCTCGGGATGGGAGTCGGCCCATTGGCGTTCGACCGGGAAGCCTTCGGCGTCGGCGACGTTGTGCGCCCCTTCGCCGGGATTGACCCGGGTCACGACCAGGAGCTGAATCGCTTCAGCCCGGAGGTTGGCGAGCCAGGCGTCGTAATCGGGGCGTTCACGATCCCAGCCGGGCCGGGCGTTGGGCCATTCGCCTCGTCCCTCGGCGCGAGCCCGGCGGTGGAAGTCGTGCATCAGCCAGTGGGGCGGCCCTTCGACGTTCACGTACCGGACGTTGTTCCGGAGTCCCGATCCCATCAGGTAATAGGGAATGTTCGTTCCCGCGTAGGCGATCCGCGAGCCGGTCGGCCCGGAGCGGGCGTCCAGTTCGATCCATCCCCGATAGAAGTCCGGGAAGGCGGGAAAGGCCAGGAGGCGCCGATCGCCGGCGAAGGGGACGATCTGGGACCAACCCACGACAGCCGACAGGCCGATCGCGGCGAGCCCGGCCATCCAGGTCGCGGCGTCGGGACGCCCTCGCCGCAGCCGAGCCCCGGCCCAGACGATCAGCCCGGCCACCACCGCCAGCACCGGCACGTCGAGCGCCGAGAGAAACTCGAAGCCTGAGCGCGGCGAGGCCAGGCGAAGCAACTCAGATGCCAGCGGAAGGATCGGGGGGATGGCGTTGGGGATCTGGGGTGTGAGGTCCCAGGGGACGTCGGCGTCGCG
NZ_CP011273.1_gap30	1781755	1785843	4088	ATCCCGCCAGCAGACTTCGCGCGATGGTCCGCAACAGACGATCGCCCGCTGCAGAACGGGTTCGATTCCGCGGGTCGAAACGTCGGCCTGGGATAACGCCTATTCTGGCGAACGGCGTAAACTCCACCACTTTGATGGTCGGGCAGCCACCTTCGACGAGGGCTCCCTCATGAGGCCGGCGCGATCCGGCTCAGCAGCGGAGGGGGCGGGACGTGCTTGCGACGTCGAGGACGACGATCTTGCGGATCGTTCGAGGAGGCTCGAATGTGAGCAGTTCGCAGAAGATGGGTGCCAGGAAGCAGGCCGGAGACTGATCGTCCTCGAAGCCGGCGATTCTTGCATCCTCGACGGGGTGTTCCTCAGGGCGGTTCCTGGTGAAGGAGCTTCCCAAAGACGCATCAGGGACGATGTCGAAGCTTTTCGAAGAGCCGTCGTCGTGCCGGATTTTGACAGGGCCCAAGCCGAGATGCCCGAGGGTTTGTCGGACCGGCGAAGCGATCGCCCCAAGACAGAGGGCCAGAGCGATTAGAAGGGGAATACCACGCTCGACGGATCGTCCTGCCATTGGTATTCCAGCCCCGAGAAACATTAGCGTCACTTAATGAGATGATAGGCACGCGAACGTCCCGCGTCAACACGACAAAGCCGTGAACCTGATCCTACCACCTCATCCCAGGGCTTACACACCCCTCTATAACACGTAAACAGTTACCACAAAGTCACTTTCGATCCCGCCGCGCAATCAGCCCGGACCTGAAGGAGTTGCCGGGAAACCTCAAGCGACACAGGATTTCGCCAAGACAACAGGATTTGCAGTTTCGCCAGATCCGACGATCCCGACCATGATTAACGGCGATGCACTGCCTTCCGTTCGACTCGGCCCAGCTTTGATTCAGCCTCACGCCGATCGTCGCGCCACGAACCGCGAGCAGCAAGCCGTGTCGGCTGCATGGATCCATCCACTCCAGGCGTCACGCCCCACCGTCGTCGGGGGGGGCGAATAGACGCAACTCCGCCGGAAGCATGCGTCTGACACGGGGAATTGGCTGAGCCCGCTCCCGGAGCATGCCGTCAGAGCCACCTACGACAGCAGCGGGGCCACCTGAGAAATCAGGTTGACCCGTGAGCAAGGGACTCGATCCTCGATGGAGGCACGAAAACCCTGATGGTCGTCCGTGAGGAAGACAGGGAAGCCAGGGAGAATGGATCGCCTGATAGCGACACAACCCCCGTAAGGAGCGGGGGCTGTCTTCGATGGGGCGGGTGTGTTCAGCGAGGACAGCGGAGGAGGTGGGATTCGAACCCACGGAACCGCGGAGCGGTTCACCGGTTTTCGAGACCGGCCCTTTCAACCACTCAGGCACCCCTCCGGTGTTAGGTGGTCAGTCAGCGTAGTTTAGTGGAAACTCGACGCTCTTGGAAGAACAGACTCAGGATTTCGCCGCATTCTCGTTCGAGAAGTCCGGACGTAGTGGCTACGCGATGGTTCAGGCGGCGGTCGTCGGTCAGGCGATAGAGGCTCCGGCAAGCTCCGGCTTTAAGGTCGGCCGCGCCGTAAACCAATCTCGCGACACGGGCCTGGACGATCGCCCCGGCGCACATGGGGCACGGCTCCAACGTGACGTAAAGCGTGCAGTCGTCGAGCCGCCAGCGACCGAGGGCGCGGCCGGCCAGCGTCATCGCGATCCGTTCCGCGTGGGCCGTCGGGTCGTGGAGGGTCTCGCGAAGGTTGTACCCCTGGGCTACGACCCGGCCCTCGCGGGCCACCACCGCCCCGACGGGGACCTCGCCGAGCCCCGCCGCCTCGCGAGCCAGGTGGAGCGCCCGTTCCATCATCTCCCGATCCAGGTCCGCTTCCCGATCCGATCCCCGACGCTCCGCCATCAGTGCCCCACTGGTAATCACGACCGGCCGATGGAAAATGGATTCGAAAGGAAGCGGAGGCCCCGGTACGGCCTCCTCCCAACGACGTCCCCTTCGAGGAGCGAGCGGCCATGTCGAAACTGCTGGAATTCTACCGAGGGGAGGGGGAGGATGTGGAGGGTCGAACCCTGGCCGACCTCTGGGCCTTGAGCGACGACGAGATGGAGTTCCACCACGACTTCATCCAGTGGATGTTCCCGCTGGAGGAACCCAGCCTGTTCAATTTCCGGGCGCCGGTCCTCTCCGAGGAGGACATCCAGGCCTTCCACGACGAGCCCGCCTTGCGCGACAACCTTCAGCGCTCGTTCGACCGCTTCCTGAGCTTTCTGGGACTGACGAGGGAGGGGGTCCGGGTGGCCCCGGCGGCCGACTTCGAGTCCAAGCGGGAGATCTTTCGCGCCCCGGATCACAACTGGCTGCGGATCACGCGCGTCCTCACGAGTTTGCGACTTCTAGGCCTGGAAGAGCAGTCGCGAGCCTTCCACGCCGGCCTGACAAGGCTGATGGAAGACGGCCTGGCGCGGATCACCTCGGAGACCCGGCAATACTGGCAAGACGCCGTCTTCCCACCGACGGCGGAGTGACCCGATGACGATCCGACGCCGCGCCGGGCTCCCGGCGCGGCGTCGGGATCTTCGAGGAGTCGTTCAGACGGCTCGGCGATCGCCGCCCATGTCGAACGCGAGGAAGAGGAAGGCCGCCGCGACGCCCCCCGCGAAATCCGCCGCCAGGGGGATCCAGATTTTATCCCACTTGGCGAGGTCCATCGCGGCTGCGCCGACCGCCACCGCCGGGTTGAACGCCCCGCCTGAGACCGGCCCGACCGCGATCGCGCCGACGACCACGGTGAATCCGATCGCCAGGCCATAGAAGGAGTTACCGGCCGTCCCCACGGCCGTCGCCGTGTTCAAGACCATGTAGACCAGCGCGAAGGTGAACAGAAACTCGACCAGCAATTGCGCGGCCACCGTGTACTGGATCGCCGAGGGAGGGGGCGGCGCCACGTCGCCGGTCGCGCCCGCCTTGATGAAGTTTACCGCGAGGGCGGCGACGATCCCGGCCCCGAACTGCGCGACCCAGTACGCGACGGCGTCGCCCCAGGACAGCTTGCCGCGAAGCGCCGCCCCCAGGGAGACGGCCGGATTGTAATGACCCCCGAGTAATGCCCGCCGGCATACACCATGATCATGAGCGACGAGCCGATCGCCAGCGCGGCGAGGGCCGCCTGATCCGGCGTCTTGACCGTCATCCCGACGGTAAAGACCAGGAAAAAGGTGCCGATGAACTCGACCACAGCCTTGCCGATCAACATGGCGGTCTCCTTCGGTTGGGTTCGATTCGAGGTTGCAGCTCGAGAAGGGATGACGTCGACGGAGAACGACGGGGGCCAGACGGGAGGTCGCGATTCGAGTGCGACGCGTCCGCGATTTGGAGCGATCAATCCCATTCGCACGTGAACCAGACTTCTGAAGGTATAAGGCGGCCGCCGATCGGAATCCATCGCCTGAGGAACTTTTTTTACGATGGCGTCAAGTGGGAGCACCCGCCGCGCGCGCCCGCGGATTGGATTCTGCCGCGAAATCGTCGAAATCCGCAGGGAACGCTGTTGCAGGAGTTGACGGCCTGTTATAAAGAGAACGATGGGGACGGCGGATCACTCCCGATCTCCCCCCAAGGCAGGTTCGCCGAAGCGTTTCGCTGCGAACTCCAGTCCCTGGAATCTCCATGCGATCCTCCGTTCGCAAGATATTCCTGATCTCGTTCGTGGCGTGCCACGCGATCGTGCTGTCGGCCGGGCCGTCCCTCCACGGACTGCTCGGGCTCGATCACCGCCCGGTCGGGCTGGCCGTCCCGGATTCGAGCGACCATCCCGGCGGCCCTCGGCACGCCCTGGAAGGGTCCTCCCACGACTGCGCGGCCTGCCATCTGTTGACGCTCGCCTCGCAAAAGCCGGACTCGGCCGTCGCCTTTTCCATCCTCCAGACGGGTCGCGTGCAACGGCCGATCCGCGTCACCCCCCCGCCTCTCGAAGCGCTCAGCGATTCCCCCTCGCGCGCCCCACCCCTCTCTCCTCCCGGTGATCGCACCACCGCCTGAGCCCGACGCCACCCGTCCGGCTCCCTCTCGACCTGGCTCCGGTCGTCGACGCCCCTCGCTTTAAGGCC
NZ_CP011273.1_gap31	1792234	1796198	3964	GCAGGAGGAGAGGAAAGAAGCCGCCGATCGTCGCGTTCCGGACTTCCGGTTCCAGCATCCTAGTGATATGAAGCTCGAAGCTCGGCGAAGCGGAGTTTCAGTGGACGCCTGGCGGCTGCGTCTGACAGTGGTCGACTCTTCCATACGAACGAAACGAGGAACGCCATGACCGCGAAGTTGGCCGAAACCCAGCTCTGGCAGCACAATCTGGTCTCTTTGATCCGCTCGGGGCTTTTCCTCCGAGCCGAGGCCCGCGAGTGCAATGGTCTGTTCACGGTCGTCGGCGTGTATACGGACGAGTCCACGTCCGCCCCCCTGGCGAAATATTCCGACCCCAGACGCGCGGCCGATGCGGTCAATATCGTCAATCGCCTCGCGCTGGTCTCGCCGCTCGTCGAGGCGAACTGAGCCTCGGGCCCCTCCCGAGCCTCTCGCCGGCCTCATGCCCATAACAAACCAGCCGCCGCTTCGATCTCGTAAGGTCGAAGCGGCGGCTTGCGTTTCCGGGCTTTCCTCCCGACCCGCGGGGGGTCAGGCGTGGTCGACCGTCTCCAGCGACGGCTCGACGGCCCGCACCGGCGGGTGTTCGACGGAGAAGCGGATGCCGAGCCGTCGCGACAGGTTCACGAGCTGGTCGAGCAGGGTGTAGAAGACCGGCGTGACGAGCAAGGCCAGGATCAGCGAGAGCATCTGCCCGCCGATGATCACCTTCGCCATGCTCGCCCGCGCGCCGGCGCCGGGACCCTGCCCGAGCGCCATCGGGACCATCGCCGCGACCAGCATGACCGTCGTCATGAGGATCGGACGGAGCCGGGTGCGGTTGGCCCCCAGGATCGCATCGTGCCGCGAGGCCCCGGCGGCCCGCAGCTGGTTCGTGGCGTCGACCTGGAGGATGCCGTTCTTCTTGACGATGCCCACCAGCATGAACAGGCCGAACAGGGCGTACAGGTCCAGCGGTGTCTGGAAGAAGTAGAGCGAGAGGACGCCGAACGGCACCGTGACCGGCAAGGCCATGAGGATCGCGATCGGCTGCATCCAGCTCTCGAACTGGGCGGCCAGGATCAGGAACATGAACATCACCGAGAGCCCGAACGCGATCAGGAAGTAGAACATCGTCTCGGCCAGCGTCTTGGCCTGGCCGGTGAGGACGTAGGAGTAGCCGGGGGGGAGCTGCATCTCGTCGATGATCCCCTGGGCGAGCGTGACGGCGTCGCCAAGGACGATCCCCTCGGGGTTGCCCAGCACGGTGACGATCCGCTCGCGGTTGAGCCGCTCGATCTCGGACGGCCCGCGCTCGTCGACCAGCCTGGCGAGGCTGGAGAGCTTGACCAGGCCGGCGGTCGGCGAGGGGAGGGTGAGGCCGTAGATCTCGTCGATCGAGCCCCGGAGGGCGGCGTCGGCGCGGAGCCAGACGTCGTACTGCTCCTCGCCGTCGCGGAAGCGGGTGACGGGGAGGCCGCCGACGAGCACGCGGAGGCTGTCGGCGACCGTGCCGACCGGGACCCCCAGGTCGCTGGCGGCCTCGCGGTCGACGACCACCTGGACCTCGGGCTTGCGGAGCGAGAGCGTGGTGTCCAGGTCGAGGATTCGGCCGTCCTTCTTCAGACCGGCGATCAGCCGGTCGGCATAGATCGAGAGCTGGTCAAGGTCCGGGCCGCCGAGGTTGATCTGGAACGTCTGGGGCCGACGGCCCCCCTGGAACGCCGAGACGTCGTTGACGCTGGCACGTAAGTCGGGGTAGAGCGCCAGGAACTCGCGGGCTTCCTTCTGGATGGCGAACTGGGAGAAGTCGCGGTCTTCCAGTTCTTCCATCCGGACGTAGATCGTCGCCCGGGTGACGTCGCCGGCGCCCTTGACCGCGCGGCTCCCGCCGCTGGAGCCGATCGAGGTGAAGACGTGTTTCGTCCCCTTGAGCTTCCAGGCCCGCGCCTCCAGCTCCTTCATCAGCTCCGAGGTCCGCTCCAGGCTGTAGCCCTCGGGGGTGGTCACGCTGATCTCGTATTCGCTCTGGTCGTCGCGAGGGATGAGCGAGAATCCGACGGCCTTGCCGAGCGGGACGGTCGACCAGATGACCACGAGCGTCAGGACGACGACCACGATCTTGAACCGGAGCGCGCCGCGGAGCATGGCGCCGTAGCCGCCGTCGATCAGCCGCCAGACCGGCCCCGACTTGGACTTCGCCGCGTGCCCTTCCTCGGCCGGCTCCAGCTTTAGGAAGCGGCTGCAGAGCATCGGCGTGAGCGTGAACGAGACGAACAGGCTCATCGCCACGGCGAAGGCCACCGTCAGCCCGAAGCTGGAGAAGAAGCGGCCGACGATCCCCCCCATGAAGGCGATCGGCAGGAAGATGACGATCAGCGAGAGGCTCGTCGCCATGACCGCCAGGGCGATCTCGCGGGTCCCCTTGCGCGAGGCCGTCATCGCGTCCAGGCCGTCCTCCTCCATGTGGCGGAAGATGTTCTCGTGGACGACCACGGCGTCGTCGATCACGATGCCGATCGCCAGGATCAGGCCCAGCATCGTGAAGTTGTTGAGCGTGAATCCCATGTATCTCATGAACATGAACGTCGGGATGATCGACGTCGGGATCGCCAGGGTCGCGATCACGGTGGTGCGCCAGTCGCGGATGAACAGGAGGATCGTGGCCGAGACCAGGGCGGCGGCCAGAAGGAGGTGGAACTTCACCTCCTCGATCGACTTCTCGATGAACCGCGACTGGTCGCGGATGATCTCGGTGGCGATGTCCGGGGGGAGGGCCGCCTTGAGCCCCTCCAGCCGCTCGTTGACGTCGTGGACGAGCTGGACCGTGTTGACGCCCGACTGCTTCTGAACCACCAGGCTCACCGCGCCGTCGCCGTCGAGCCGGGCCAGGCTGCGCGGCTCCTCGATCGAGTCCTCGGCGCGACCGATGTCGCGCACCCGGATCGGGTATCCGTTGCGATTGGCGACGATGAGGTCGCCGAACTCGTTCTCGGTCTTGAGCCGGCCGAGGGTCCGCAGTACCAGTTCCCGAGGGCCCTGGTCGACCCGGCCGCCGGGGATCTCCAGGTTCTGCCGCGTCAGGGCCAGGCGGACGTCCTCCACCGACAGGTTGTAGCCGGCGAGTCGGTCGGTGTCGACGACGATGTTCATGGCCCGGGTCCGGCCCCCGACCAGGCTGATCGAGCCGACGCCCGGCACGGTCTCCAGCCGCTCCTTGATCTGCTTCCGGGCCAGCTCGGTGACCTCGCGGAAGTCGCGACGGCCCGAGACGGCGATCGTCATGACGGGGATCGACCCGGTGTCGAACTTGTCGATGATCGGCGGGTCGGTCCCCACGGGCAGGTCGGCGAGGATCGTGTTGACCTTGTCGCGGACCTCCTGGGTGCCGACGTCGCCGTTCTTCGAGAGCTGGAACTGCACCGTGACGACCGAGACCCCCTCCTGGGTCGTCGACCGCAGCTCGTCGATGCCCGAGATCGTGTTGATGACGTCCTCGATCGGCTTGGTGACCGTCGATTCCATCTCCTCCACGCTCGCCCCCTGGAGCACGGTCGTCACCGAGCAGACCGGGAAGTCCACGTCCGGGAACAGGTCGACCCCCAGCTCGGCGTAGGAGACCGCCCCCAGAACCAGGGGTACGATCATCAGCACCCAGGTGAAGACGGGACGGTTGATGCAGACGTCGGATAGCGTCATGAGTTCATTCCGGTGCAAAGGCCCAGCGAGTTCGAGCGGCGAGGTCCGGCCGGGGCCGCCTTCAAGGCCCGGGCTCCACGTCCGACTTCTCGGGAGCGGGCGCCTCGGGCTCGCGGACGACGATCCGCGAACCGGAGGCCAGCTTGGTGTGGCCCGTCGTGACGACGGACCCCGACCTGGGCATCGAGGCGCTCGCGACCTCGACCCAGCCCGGGCCCTCCTTGCCCAACGTCAGGTCGTCGACGGCGCGGACCGTCTGGCCTTCGACGACGAACAGCTTGGTGAC
NZ_CP011273.1_gap32	1799905	1803935	4030	GAACACCGCCGTCGAGCCCCGCGAGATCGCCCGCCTGAGCTTCGACGAGGCCCTCAATCAAGGGGAAGAGGCCCTCGCCGCCCGCGAATGGGACCGCGCGATCGCACTCCTTCGCGCCGCCGCCTCCAAGGCCGACCCTCGCCGCGACGCCGACCGGATTGCCCTGGCCCGCTACAATCTCGCGTTCGCCTTCTACATGAACAAGCAATTCCTCGAAGCGGAGGTCCTGGCGGGCCACCTGGCCCGGCACCGCACCGGCTGGGAATACGCCCCGCCGTCCGCCGCGCTCGCGATGCAGGCGATCCTCGACCAGTACAACTCGTCCCCCCCGGCCGACCGCGCCAGCGACCTCGAGCGGTACATCGACCTGGCCGAATTCGCCGTCCGCACCTGGCCCGAGCGCGACGAGGCGGACGACGCCCGCATCGCGCTCGGCCAGATCCACCAGGGACGCGGCGCGTATGACCGCGCGATCGCCGACTTCGACGGAGTTCGCGAGCGGTCGCCCCGACGGTTGGAAGCCCAGACGCGACTCGGCGGCGCCCACTGGGCCAAGAGCCGCGCCCTGGCCCGGGGCGGCGACGAGAAGAAGGCCGAATCGGACGCCGAGGCGGAGAAGGCCGTCGCCATCCTTCGGAAGACGCTCGACGATCGCAAGGCCGCCGGCGCGCCGCAGGGGGACGCCGGATATCTCGGCAACGCCGCCGACCTCGGCGCGGCGCTCACCGAGTGGGGCAAGGTCGACGACGCCCTGGCCGTGCTCCGGCCGATCGTCGAATCCCAGACGTCGAAACTCGGGCCGGCCTACGCCCGGCTGCTGGAAGCCTACCTCCTCGCGCAGATCAACGCGGGGCAGGTCGAGCCGGCGATCGCGTCGATGCGGGCCGTCGAGGAGAGCGGGCAGGAGACCAATCGGGCCCAGCTCTATTACAAGCTCGGCCGACTGCTGGAGGAAGAGGTCGACCGCGTCCGCAAGGCGAACCAGCCTCAGAAGCTCGCCCAGACCAAGGAATCGTTCCGCAACTTCCTCCTCGCCCTGGCCGCGAGCAAGAGCGGGCAGACCTTCGAATCCCTGCGATGGGCCGCCGAGGGCCTCCTATCGCTCGAAGCCGGCGCCGAGGCCGAGGGGGTCCTTCGCGGACTCCTCGACGAGTACGAACACGACGCCGAGTTCCTGAAGCAGTCAGGGGCGGCCGAGCGCATCTTGCGGGCCAAAGTGAAGCTGGCCGCGGCCCTGCGGGTCCAGAAGAAGTTCGACCAGGCCGCCTCCGTGTTGGACGAACTGCTGGCCGATTCGACGTTCAAGCGCTACCTCGACCCGCTGGTCGAGAAGGGCGAACTGCTCGACGCCCAGGCCGAGGCGGGCCAGGGGAGCTGGAACGCCTCGTGCGCGCACTGGCAGAACCTCGCCCAGAAGCTCAGCCGATCGCGGCCGAAGCCCGAATCCTACTTCGACGCCTGGTATCGCGCCGCGCTCGCCTACTCGAAGCAGAAGCAGACGGCCAGGGCCCGCCAGACGCTCACCGCCGTGATGCGGCTGAACCCGGGCGTCGGCGGCCCCGCCATGAAGCAGAAGTATGATGACCTGCTCGCCACCTTGAAGTGACCCGGGAGGGCCGCCGCATGTCGCCGATGGAGTTCATCCGAGGGGCCGGTGTGGGACTCGCGGTCCTCGCCCTGACCGCGGGGACCGCCCGCTCCGACGTCGTCCACCTGATCCCGGGGACGACCTTCAAGCAGGGGCAGGGGGGGGCCGTCCGCGGCCAGGTCCAGTCGGAAACGCCGGAACAGGTCGTGGTCTCGCTCGGGACCGCGACCATCAACGTTCCGACCGACCAGATCGACTCGATCGAATACCAGGGCCAGCCGGCGTCGCTGCAACTCGGAGAGACCAACGCGAGCGCCGGTCGTGCGGCGGAGGCGCTCGCCCAGTTCAAGAAGGCGGCCGCCGAGGCCGCCGGCAAACCCCTGATCGTCGAGGCGGCCCTCTATCGCGAAGCCGCCACCCTGGCCGACCTCGCCCTGACCGAGCCCGACCAGGTCAAGGAGGCGATGGGCAAGCTCTCGGCCTTCATCCAGACGCACGGGAAGGGTCGCCACATCGTCCCGGCGCGCGAGATCCTGGCGAAGCTCCAGCTCCACGCCCAGGACCTCAAGGGGGCCGAGGCGAACCTCGCCGAACTCGCCAAGATCCCCCCCGGCGCGGAGAAGGCGGCCGTTTTGAAGGCCCGCCTGCTCCTCAAGGGGGGAGACCTCCAGGCCGCCGGCGCCGACCTTGATCGGCTGATCGCCGCCTCCCCGGAGGGTTCCCCGCGACAGGTCGAGCTCCGACTGGTCAAGGCGGAGACCCTGATCGCCGCCAGCAAGTACGACGAGGCCGAGTCGCTCGTCCGCCAGGTGATCGCGGCGGCCGACGCCGACGACGCCGCCATCCAGTCCAAGGCCTACAACACGCTCGGCGACTGCCTCTCCGCCGCCGCCCGCCCCAAGGACGCCCTGCTGGCCTACCTCCACGTCGACCTGCTCTACGGCAAGGACAAGGAGGAGCACCCGCGCTCGCTCCGCCGCATCGAGCAGATCTTCCGGAAGATGGGCCAGCTTCCCCGCGCCGACGAGTACGCCCAGCGCCTCAAGCAAGACTACCCCAACAGCCTCTGGACGAAGCAACCCCAGGGCTGAGGCGGCGAGCGGCGCGATCCGGTTCGGCCCGGGGCGTCAGTCGTCGTCTCTGCGCGTCGATTCCTCGCGGCGTCGGACGGCCTCGTTGAAGTTCAGGATCGTCCCCGTCAGCCAGAAGACGAAGCCGACGACGACGATCGCCCAGACCTGGTTCGACGTCATGCCGAACCAGTGGCCTGTGCCGTCCCGAGCGGAGAGGCCCAGGGAGGAGAGGCCGAACATCTCCATCAGAAGCCCGAGGATGCGGAGAAGCTGGCCGGAATGGCGGGGCATGGCGATCATCTCGAATCAGGACGCCGGTCGTGTGGAAACGCCGGGCGGAAGCGAGACTCCCGCCTCGCCCTCGCCCGGCGTGCATTTTTCGCGGTTCTTCGGGGCCGGCGTCAGACGCTCGGCAGTTCGTAGCCCTTGCGGGCCTCGCGGGAGAGCAGGGCGTCAGCCTCGGGGTCGTCCTTGAAGCGCTCGGCGTCGGCGTCCCAGGAGAGCTTCCGGCCCAGCTTGTAGGCGATGTTCCCGAGGTGGCAGGTGTTGGTCGACTGGTGGGCGATCTCGATGTCGCTGGTCGGCTTGTCGCGCGAGGCCAGGCAGTCGAGGAAGTTGCGGACGTGCGGCCCCTGGCCGTCGTCACCCTTCTCCTTCGACGCCTCCAGCGCGATCTTCCGGGGCTCGCGGTCGCCGTGGACCAGCTTGATGCCGTAGGGCAGGACCACCTGGTCGGGGATGATCTCGAAGCCCGAGCGGTCGAGCATCAGGCTGCCGTCGGTTCCGCAGAAGAGGATCCCGTAGTCGTGGCCGTTGAACTTGTACCCGTTCCCCTTCCGCATCGAGTACGTCAGGGTGGTCTCGGGGAACTCGTAGACGACCTGGAGGGTGTCGGGCGTGTCGCGGTCGTCCTCGCTGGTGCGGACGCCCCCCGTGGCATAGACGCTGTGGGGCGCCCTGGCGTTGAGGGCCCAGAGGACGATGTCGTTGAGATGCACGCCCCAGTCGCTCATCATGCCGCCGGCGTAGTCGAAGTACCAGCGGAAGAGCAGGTGGAAGCGGTTGAGGTTGAACGGCCGCTCCGGCGCGGGGCCGAGCCACCTGTCGTAGTCGACGTACGGCGGCGTCTCCACGTCCGGCGAGGGACCCATCCCGACCGGGCTGATGTTCTCGAAGTTCCAGGTCTGGACCCAGAAGACCTTGCCGAGCTTCCCGGACTGGACGACCTCGACGGCCTTGCGGAAGTGGTTCGAGGACCGCTGCTGGGTGCCGACGGCGATGATCTTGCCCGTCTTCTTGCCGGCCTCGATCATGGCCCGGCCTTCGGCGATGTTGTGCGCGACCGGCTTCTCGACGTAGACGTCCTTGC
NZ_CP011273.1_gap33	1918010	1919462	1452	CGGAATGCGTCCGTCTCGCCGAGCCCGGTTCGTCTCATCAGCAGCCCCTTGGCCTTCTCGATGAGCTTCCGGTCTTCCAGCGCCTGGCGCAGGTCGGCGGTTTCCTTGCGAAGCGCCTGGAATTGCTCGAATCGACTGACGGCCACGACGATCGCCGGCTCGACGTCGGCCTGCTTGATCGGCTTGACCAGGAACGCCAGGATGTGCTCGCGGCCGGCGCGTTCCAGGACGTCGGCGTCGTGGTGGGCCGAGACGAGGATGATGGGGACCGGCGTGCGTTCGTAGATCCGCCGAGCGGCCTCGATCCCGTCGAGGCCGGGCATCTTGACGTCGGTGATGATGAGGTCGGGGGTCTCGGCGCGGCAGGCGTCGATCAACTCCAGGCCGTCGCGGGCGGCGGCGGAGACGACGTGCCCCAGGCGGGGGAGGATCGTCTGGAAGTAGTCGCGCATGTCGCGCTCGTCGTCGGCGACGGCGATGCGTAGCGGTCGAATCATGCGTCGTCTCCTCGTCCTCGGGGGATCGTCAGGACGACCTCGGCGCCTCGGGGGTGGGCCGCGCCGACCTCCACGCGGCCGCCGTGGGCCTCGATGATCCGCTTGACGATGGCGGTCCCCAGCCCCGTCCCCCGGGTCTTGGTGGTGAAGAAGGCGTCGAAGAACCGGGCGCGTTGTTCCGAGGTCAGGCCCGGGCCGTCGTCCCGCACGACGACCCGGAGGCCGTCCCGGCCGTCGAGCCGGGCGAGCGAGGCGTCCACGGTCACTTTCGCCGGATCGGTCGAAGCGGCCAGCGAGTTGTCGAAGAGATTGGCGAACACCTGTTCGAGCCTGAACGCGTCGGCCGTGCATTCGAGCGAGAGGACCTCGCCGGCCTCTTCGAACCGGACGTCTCGGCCCATTCGGGCGCGGTCGAGCTTCTCCCAGGCGCGCCGCCAGACGTCGCTCAGGCGGCAAGGCCGCAACTCCAGATGGATCGGAGCGGCGAACTCGCGGACGTCCTCATAGAGCCGATGCAGGTCGTCCTGGGCCTGCTGGATCCGGCCGATCAGGTCGACCGCGTCGGGGCGGTCCTCGACCTTGAGCGCCAGCATTTCCAGGCACGCCTGGCTCCGCTGCAGCGCGTTGCGGCTCTCGTGGGCCAGCCCGGCGCTGACCTGGCCGATCGCCGCCATCCGCTCGGCCTGGAGCAGCCGCTGCTCCGCCCGGCCGACGTCGGTGACGTCCCGGCCCACGATCAGCAGGGCCGAGACGCCGTCGGGACCGGCGATCGGCCGCAGTCCCCATCGAATCATGCGCAGCGATCCGTCGCGGCGACGGATCATGCCGTCCAGGTCGACCGCGACGCCGGATCGCGACGACCGGCGCGAGGCCGCCTCGAACGCCTCGCGATCCTCGCCGGGGATCAGCCTATCGGCGAAGCTCCGGCCCACGACCTCGGACGCCGGGATACCGG
NZ_CP011273.1_gap34	2000810	2002459	1649	CCGCGAGGGGATCGACGACGACGACGAGGGCAACCTGACGAAGGCCCCCTCGGGCTACATCTGGGACGCCTGCGCCCGCGCGGGGCTGACTTATCGCAGCTATCGGGAAGCCGGTCGGCGGGTGAGCGAGCCGGACGGGACCGTCAAGATCGAGGCCTCCGTGCCGGGCCTCGTCGGCCACATGGCCCCCAATTTCGGCATCCCCAAGGAACCGGGCGGCCGCGCCCGCGACACCGACAACGTCGAGGAGTTCCTCCGCGAATTCCGCGAGTTCGAGAAGAACGACAGCCTACCCCGGTTCATCGTCATGAGCCTGGGCGAGGATCACACCTCGGGGACCACCCCCGGCGCGTTCACGCCGGAGGCCTGCGTGGCCAGCAACGACCTGGCCCTCGGCCGGCTCGTCGACGCGGTGAGCAAGTCGAGGTACTGGAAGGAGACGGCCATCTTCGTCATCGAGGACGACGCGCAGAACGGCCCCGACCACGTCGACGCCCACCGCACCGTCGGCCTGGTCGTCAGCCCCTACACCAAGCGCCAGCACCTGGACAGCACCCAGTACCAGACGGTCAGCATGATCCGGACCATGGAGCTGATCCTGGGCCTGCCCCCGCTGAGCCAGTTCGACGCGGCCGCGCGGCCGATGTTCGAGTCGTTCACCGACGTCGCCGACCTCACGCCTTACGACCACCTGCCGGCCCGGATCGACCTCGAAGCCCGGAACTCGCCCCTCGCCTACGGGGCCGAGCGGTCGTCGAAGATGGACTTCAGCGAGTACGACCGGATCGACGACTTCGAGCTGAACGAGATCCTCTGGCACGCCGTCAAGGGCGCGGACGCTCCCCAGCCCCCGGCCGTGAGGCGAGCGATCGCCTACCGGGCCCTCCGCAACGCCCCGCGCTGAGCGCAGGCCGTGATCGCGGAACCCTTTCGATCGAAGGCCGGTGGGATGCGTTGCCCGACGCCCCACCGGCCTCGTCGCTGCGCCCGTCCGATGCGGAATCTGGATCAGCGTCGGCCGTGCGAGAAGGTCCCGCGGATCAGGTAGCCCGTCGCGTTGACCGTCGCCGCGCGAGCGGTCTCGATCGCGTTCAGGGAGCTGGCCGTGTAGAGGGTGGCGACGTTCTGGGGCGAGTCGGCGGGCGGGATCACGTTGGTGGAATTCGGAGGGCCGACGAGGTTGCGCTGGAGGGAGCTGACGCCGTTCCCGGAGACCCGAGAGCGGAGGAACGACTGGAGGGCGATCGAGCCTTGCGGCGCCCCCGAGGAGACCTGCTTGGTGGCCCTGGGCAGCTGGACGAAAACCTGGGTCAACTGCTCGGAGAGCAGGCTGATCCGCTGCTCGACCAGGCGGCGGAAATAGGTCGCGCCCAGGGCCCCACCCTCGGCCGGGTTCGCGCCGGAGCCGTCGTCGAAGTAGGCGCCGAGGGCCGAGAGGTAGTCCTGCGCGAACGAGTCGTACGCCTGATTCACCCGCTCGATGGCGGCCACGTTCAACTTGCTCACGCGCCCCGAGAGGTTCAGGGGCGCGACGGCCGCCGGCGCGATGGCGATCCCCCCGCTGAGGACCACCCGAGGTTCGAGCGGTTCCGTGAGCGTGGGGGTCAGTCGGTGCGTCCGTCGCATCTCATCCTCCTCAGAACGTTCCC
NZ_CP011273.1_gap35	2093190	2095236	2046	CGATCGTCCGCGTGTTCGACCGCCGGCGGCCCCGCTGCCGCAACATCGGCCTACCAAGATATGAATCCATCGCTGAGATCCAGCGTGAATACTACAACCGCGACAGTGAGCTGATCCTCAGCGATACGACCCAGGCCCACCCGCTTTTGCAAGGTCCGGAAGACTACGTCAAGGCCGACGGGGCCGTCCCCATCGGGCCTAACTGGCTCCTCCCCAAGAAGAAGAACTCGCAGGGGGGGGCCGCGACCTATGAGGGCTTCGACGTCGTCCAGTTCCCGAAGGAGGGGGCCGATTCGCTGCGGCTGAACAAGGCCGACCTCCGCGACGCGGCCGACCGCGCCGCGCTCTTGCTGAAGCCGGCGGGTGTCGCCGGGACGGGCGGCTCGACGGTCGGCCAGAGCGGCGTATCAAAGCGGATCGACCAAGCGGCGGGGAACGACCTGCTGAGCAAGGTCGCGTCGACGCTCGGCCAGGCCGAGCGTCGGCTCGCCGAGTTGGCGCTCGTCGTGATGGGGGGTGGAGCGGCCTCGGCCGAGGACCGCGAGGCGGTTCGCATCCAATACCCTACGTCGTTCGATTTGTTCACCGGCGAGGAGCTGGCCCGGACGATGGGCCAGTTCCAGTCGATCCTGGCGGCGGCCGGTAACGCGCCGCTGACCGAGAGCGAGATGCTCGGCAAGCTCGTCCGGGTGATGTTGCCGGGCCTGGACGACGGCGATTACCGCGTGTTCGACGCCGAGATCGACGCATACCTGGATATCGACGTCGCGGGGGGCCGGGCTGAGCCCTGAGGGGCCCCTCGCACCGCACCCCGCGACGTCGGCCCATCCCGTCTTCGAGCGAGGTCCACCTGTGAGCGAGCATATGAACGTCGACCTGAAGTCCGGCCCCGGCGCGGCCGATTCCGCGCCGCCGCCGACGGCCGAGGAGCACCAGCGCCTGCGGGCGATGGAGTCGCAGTTGAAGGAGTACCAGCGGCTGCAAGACGCGGCGCTGGAGATGAAGGAGAAGGAGCGGCTGCGGGCCCTGGCCGAGAAGGGCCAGATCGAGGAGGCCCTGGACCAGCAGCGCAAGTCCTGGGAGCAGAAGCACGCCGAGGCCGTCTCGCGTTACACGCTGCTGGAGCAGCAGGTGTTCGGCGAGCGGAAGGCGGCGGCGATCACCGAGGCCTGCCAGGGAAGGGCCTTCGTGGGGGAGACGGCCGAGCAGCGTTCGGCCGCCGCCGCGATGGTCCGCAGGCTCTTGCAGGATGAGTTCGAGACGGTCCGCGAGGCCTCCGGCGCCCTGACGGTGCGAGAGAGGGCGAGCGGCCGTCCGGCCTCCGAAGCGCTTCGCGAGCGGCTCGAATCGCCCCAGTTCGCGATCTTCTTCGCCCCGACCTCGCGGGGTGGGGCCGGCGGCGACGCCAGCCGTCCCTACGTCGCACCAAGGGGCGCGCAGCCGGGATCGCTGGAGGCGATCGTGAACCAGTGGAAAGACCGGCAGAACCAGTACCAGTCGTTCGGCCTGCACCCGTTGGCCTGAATCGAAACGGGCCGAGTCCGGCCTTGCCTCGAACCGCCCCATGCCCCTCGAGCGCCGGGCCACGTCGGCCGTCGCTCCATCCCATCGGATCTCAATCGGAGTCGACCTAAATGCCTTTGTATGAGAACGGCCCGCTGACCCAATTCTCCGCCATGAACGCCGGCGTCCTTCCGAACGACGTGTTCGGCGTGGCGATCAACTGGTTCGTCAACCGGACGCCGCTGACCTCTCGTCTGCCCAAGCTGCCGGTCGGCTCGCCCCACTTCTTGATCGTCAACGACAACTACCGGCCGCGTTCGATCGCCCTGAACAACGGCGCGGCGCTGTCGGCCGGTGCGACCAGCCTGGTCGCCGCCGACGCCTCGGTCTTCGACTCGGGTGACGTCGTCCAGATCGAGCAGGAGTACCTGCTGGTGACGGCCGTCGACGCGGCGAGCAACACCCTGACGGTTGCCCGCGGCTATGCCGGGACCACGGCCGCCGGCCACGCCGACGCGCAGCCGATCTTCCTCGTCAGCAACA
NZ_CP011273.1_gap36	2107972	2112347	4375	CCTGGCCCCACGTCGTCTTCCGAGGCGAGTTCACGCCCGACGCCCGAGGCGCAGTCCCCTGCGGCGGCGGCTGGGCCCTCCCGTACCGCGCCGTGTTTCACGGACTGACCTGACATCATCCGTCTTCGATACGAGACGAGGCGACGCCCCCCATGCCTTTCGACCAGTCATCGATCGTCGAGGTCCGCCCGCCGTTCTGGGACGGCTCGACGCTGCAACTGTCGTGGACCTCGACGGCGCCCGCCGGCACGACCTTCCAGGTGTACGTCGGTCGGAGGCTGGCCTGGTACGGCGCGAGCCGCTGGGTCGCGCTGACGATGCCCGAGTCGCGCGTGCGGATCGACGTCGGCGCGGTCGGTCCCGGCGAGGCGACGGCCGACTTCTCGGCCTCGCTCCCCGCGTCTCCCGAAGACCGAGTCAAGCTCTCCTGGCTCGGCGGATCATACCTGGACCCGACCGGCCGGGACGACGTCCGCGGCTTCCGCGTGTTCGGGTCGCGGCGGGCCGGTTGGGCCGTCGACTTCACCGAGCCGGTCGCCGAGATCCCGGCCTACCCCGGCGGCTCGCCGATCGACGGCTACGGCCTCGGCGGCTTCGGCCAGGGGGGATTCGGCCGGTCGGCCTCGACTTACCGATGGACCAGCCCCGCGCTGAGCAAGGGGACCTGGACGTTCGCGGTCGTCTCGTTCGACGCCGCCGGCAACGAGGGGACGCCGACGTTCCTGACGACCGAAATCGCGGCCGCGCCCCGCCCCCCCGAGGCGTTCCCGGACGGCTCTCGGCTGCGGTGCGACTACGACCCGGCGACGCGCAAGGCGACCCTCTCCTGGAACCCCAGCCCTGCCTGACAAAGGACCACGACCCGCCATGTCGATGACCTACACCCCGAACGCGAAGCTCGCCAGGCCCGGCCCGGCCGACCGGAACTGGAACGTCCCGCTCAACGCGAACGCCGACGCGATCGACGCCCTGGCTCCGGTCGGCGGCCTCTGCGTGGCCCCGACCGAGGTCCCCAGCGCGACCCTCCGCGTGCGCGCGGCCCCAGGCCGATTCCAGCGCCGCGACGGCACGATCGGCGTCTTCGCCGGCGCCCCCGCGATCGCCCTGGCGGGGGGCTCGACGACCTACGTCTATCTGGACGACGCCGGGCAGGCGCTCACGTCGACCTCCGGCTTCCCGGCGACCTCGCACGTCCCGCTGGCGATCGTCGTCGCGGGGGCCTCGGCCGTCGCCGACGTCACCGACGTCCGGGTCGTCTGCGCGACCGTCGGCAGCGACTCACGACCGTTCCTGACCCCGGCCGGCGGCGTGCTGAACGACGGCGCGACCTTCGCCCTGGGGTCGACCTCGGGACTCAAGATCGGGACGTCGGCCGCGCAGAAGCTGGGGTTCTGGAACGCCGCGCCGGTCGCCCGCCCCGGCCCTTATACACAAGCGTACACGAGCGCGTCTCGCAGCCTTCCCGCGTACACGCCCAGCCCCGCGTCCGGGGGATTCGCCGGCATCGCGGCGGGGCAGGGGGGCTCGCCTTACGCTCAGGCGGCTGACCTGAACAATCTCCAGTCTGCATATGAAAACCTGCGGGTTTTTTCCGAGAACACGACCAAGCTCCTGAACGCCCTGATCAACGACCTGAAGGCGATGGGCCTGCTGGGTTGATCGCTGCGATCGGGCCGATCGGTCGCGAATCGACGGTCGTCATGAGAGGACGCCTCGCATGCCTGGGAGCTTTGATTTCGATCCGTACGACGTCCCGCTGTCGGGCCCGGCGGCGACCATCCGCGTCTGCCGATACGAGCCCGACGCGCAGGGCGAGGCTCGCTACGCAGTCCTCCCCAACGTCACCTGCGAGCGGATCCGCCACGCCGAGGGCCCCGAGCCTCCGACGGCCTGGTTCCGCTACGTCCTGGACGACGCCGACCCCGCGGCGGTCGCTCCGGCCGACTTCGGGAGGCTCTGGCCGCTGGAGGCCGCCGGCCCATACGTCGTCCGCAACGACGAGCGGCTTGTCGTGCTGGCGACCACCCCGGACGGCGAGGCGCGGGTGCTGTTCGACGGCTTCGCGCAGGCTCCGCAGGTCGACCTCACGCCGCAATCGCAGCGGGTGAGCTTCATCGCCCTGGGCGTAGCCTCGCGATGCTGGGACGAGCCCATCGGCGGTCGGCTCCAGCGCCACGCCGACGATCCGTTCCACGGCGAGGCCGTCGCCGTGCACCTGCCCTCGCGGTTCAACCCGGACGGCAAGCCCAACTGCACGCCCGATGGGTTCGACGTGGAGCAAGCGGACGCCTCCGTGCGATACCCCGTCTTCTTCGACCCCGACGTCGACCGCCGCCCCGACCCTCGCTCCTATTGGACGCTCGGCAAGTTCGTCCGCTACATCCTCGGCGTCTACAACGACGAGTCGTACGTCTTCAACCCGGACTTCGACCGTCTGGACGCGCTGCTGCAATCGCGAGGCCCCGCGCCCGACGCGAGCCCGATCGGCGGTGCCGGCGGCACGGCGGCCGACGTCGTCATCCGCGACTACGACGCGACCAACGTCCCGTGGCCCGAGGCTCTGGCCGACCAGCTCGGCCTGGCCGGATTCGGGCTCCGGTTCCTCACCGGCGAGGACGGCGACGGCTCGCCCCGCAGCGAGATCGAGGTCTACCGCAAGGACGCCGACGCCGCCGGCCCGGTTCGCGACCTGCTGCTCCCCGGTCCTGGCGCCGACCTCAACCCGGCACGTTGCAACGTCTCGACGCTTCACCTGAGGCGTGACTCGCGGGCGATCGTCAACGCGGTCACCGTCGAAACCGCCCAACGTCGCGTCGAGTTGTCGGTGGTGCTCGCGCCGGGCTTTCAACCCGTCGCCGGTGACGAATCAGCGTCTCGTCGCGCGAAATTCCTCCGCGCCAACCTGGCTGCGAGCGATGGCGAGGACGCTCGCAAGTATCGCCTCTACGTGGCCGACGAAGCGGGCGACGGCCACTGGCACGCTCCGTCCTCGTCCTGGTCCACGGCCGCCCTCGACCTCTCGGAAGTCTTTCGGGACGACGAAAAGGGGGCGTCGACTTATGTGAAGCGGCTTCGGCCGGGATCGTCGACCCTCATCACGCGTGACGAGCAGGGCCGCCCGATGCGCGCCCAGCTCGCCGTCTCGCGAGACTACGCCGGCCGCTCGCCGGCGGTCTGGGACGGCACCGGCCACTGGCAGCCGATTTCCGGGGGCTGGCAGCTTCTGGAAGACCGGCTGGGGATCTACGTCGCGGTGGAGGACCCCGAATCCTGGGCGATCGGCGACTACACCGGCGACCACCCGCAAGAGCCCAGCCGGACCCTCCGGGGCGTGACCAGCCAGGCGAACCCGTCCTCGCCCAACACGCGATTCCACCTCCGGCTGACCGCCGTCGTCGAGGACGACCTGATGCTGCCGGCGAGCGTCGACGCCAGGCCCGCCTCGCCGACCGCGTTCACGCGCCGGTGCCGCGTCGACGCCCGCGACCACTTCGCACTGGAGACGGTCGCCGCCCGTTCGCTGCACAACCCCGAGGCCGAGCCGAAGACCGTCCGCGACGACACCCCGAGGGCCGTCGCGTGGGCCCGCCAGCTCCGCGCGGCGCACGAGCTTCCGCCGACGGTCGGCGGCGCGACGGTCCCCAGCCTCGTCACTGCGTACCGCGTCGGCGATCGCATCGCCCGAATCAATGGTCGTGACGTCGGCCTCCAGACGAACGTCGGCGAGGCCCAGGGCGAGACCCCCGTCTACCCGATCGTCACGGCCGTCGTCTGGGATTTCACCGACGACCGCCAGGCGACCGTCATCGAGCTCTCCGACGCCGAGGTCGACCACGCCTCCTGACCGCACCGCCAAGGGAGCCTTTCGAACCATGTCCGCACGAATCCTCCGCGACCGCCAGGAAGCCGCCGCCGCCTCCGTTCGACGCTTGGGGGCACCGGACGAGACCGGCTCCGAGGCGGTCCTGGCCCAGACCAGGGCCGTCGGGACCTACCCGACGATCGCCTCCGCGTTCTTCGCCTGCACGCCGCTCCAGGTCGACGGTTCCGAGGTCGAAGGCGCCGGCGTCACGTTCGTCCCCGACGCGTCGCGGACGATCTTCGCCTACAACCTCGGGACGAAGATTCCGCCCGTCGGGACCCGGCTGATCGCCCACTCCTGCTCCGGGCGATGGACGTTCCTCTACAACGGCTGACCGACCGATCCCGTCCCCCTTTCCTCCCGGTGGTTGATGCCAAGCGATCCGCTCCGTCCGCTCCGCCTGCGATGGGACGACCTTCGCGACCCCGGCGCCGCGACCGGCCGCCAGCGAGTCCCCGCCCTGGACGCCGCTCCCACGCGCGGGACGCCTCGATTCGTCGGCCGCGTGCGCGA
NZ_CP011273.1_gap37	2118004	2120030	2026	GCCTGGGACAGGCGAGGCGACCTCCACCGGGCCGACCGAATCAGCCCGACCTATCAGGGCTCGACCCTGGCCGGATGGTACGACGACCTCGCCCGCCTGGCCCGCCACGCCGGCCGCCTCGTGGCCGTCTCGGGCTACGTCACGATCAACCCGGTCCGCCGCGACCTGCTGGCGAGGTCCGACAATCGGCTCGATCGGTCGCGGCACACGACGAAGGACGACGACGTCACCGCCCTGCGCTGGATGTACCTGGACATCGATCCCAAACGCCCGGCCGACATGAGCAGCACCGACGAGGAACTCGACGCGGCGGTACGTCGACGCGACTCGATCCTCGCCGGCGAGCCCGAGATGGCCGCCGCCGCCCTCTGGGGCAAGTCCGGCAACGGCGCCTGGATCCTCGTCCGCCTCCCCGACTATCCCAACGACGCCCCCCATCGCGGCCTCGTCGCTCGAACCGTCAAGGCGCTCGCCCGTGTGTACGATGACGACTCGGTGATCATCGACACGGCCACCGTCAATCCCTCACGGTTGATCGGGCTGCCGGGCACCGTCAAGGCCAAGGGCTCGCCGCGACCGGAACGCCCCTGGCGTCGAGTCACGTTCGACGGCGCGGGTCCGCTGGCGACGGAGTGATTCCCCAGACTCCCGCGTGCAACGGGCCCCAAAATTCGATCCCGCGACCGCAAACACACCGATCGTCGCATGACCATTTCTCCTACAGGCCCCCCCAATGATCCCCCCAGCGACGCCCCAGGTGCCGCCCCTCGCCCCCGCACTCGGGCGGTTGATTTAGCGGGTTGGCTGGCACGTAAGGGCGTCGGCGGGGATGAGCCGGGCCCGGCGCCTGCTAGATCGGCGACGAGGCCGAGGTCGGTCTCCCGCCTCGCGCCGAGGATCGCCGATCGGGCCTCGGCCTACCTCGCCGCGCTTCCTCCGGCCGTCTCGGGACAGGGGGGCCACGGTCGGACTTTTCGTGCGGCCTGCGTGCTCATCAAGGGGTTCGACCTGGGTGTCGAGGAGGCCCGGTCGATCCTGGAGGAGTGGAACCGGAGCTGCGATCCGCCGTGGTCGGATCGGGAGTTGGACCACAAGCTGAAGGAGGCCGACAAGGCCCCCGACGATCGCCCCAGAGGCTGGCTGCTCACCGTTCGTGAGACGCCGGCGACCGCTGCACGCCCTTTCCAGTCCAATGTCCCGTCCGCGCAAACTCCGTTTCGGTCCCCTCCGAGCCCGAGCCCCCCCGCGTATCAGACTGTCGTGATCGAGGAGGAGGACGAGGACTCGGAGGCGAGGACGAACCCGCATCGGCTCGCGCGGTTGTTCCTCGCTCGTCGATTCTCGCATGCGGGAGGCATGGGCCTGCGTTTTTGGGACGACGGGTTTCATCGCTGGGACGGTTCGTCGTACCGCCTCGTCCCGACGACGGAATTGCGGGCGTTGCTGGCGCAAGACCTGGCGGAGGAATTCGGGCGACTGAATCGACGCGACCGCGAGCGGACCGAGGAGGAGGCGAAGGATTCGGGCAAGGGGCGACGGGGGGGGCGGTCTCCCGGCCCCACACCGGTGACCACCCGCCTGGTGGGAGACGTGGTTCAGGCACTGGCGGGGCTCACGCTCGTCCCGATGGCTTCCTGTCCGACGCGCCCGGCCTGGGTCGAGACTCTCTCCGAACCCCTGGCGGGGGCGGCTGACGGCGGGGGGGCGACCCCGGGCGAGGGAGCTTCCGCGCGCTGGTGGTGCGACCTCTCGGGCTGGCCGGCGACCGAGCTCGTCGCCATGCGCAACGCGCTGGTGCATCCCCCCTCGTTCGTCACGGGCGCCGCGTGCATGTCGCGGCCGAATCCCCGCTATTTCAACGCATTCGCCCTGGACTACGACTTCGATCCCGAAGCCCAGCCCCCCCGCGCCTGGCTCGCCTTTCTGCAAGACGTGTGGCCCGACGACCCGGAGAGCGTTTCGGTTTTGCAGGAATGGTTCGGCTACTTGCTGACCTCGGAGACTCGCCTCCAGAAGGTGCTGATGA
NZ_CP011273.1_gap38	2266546	2268647	2101	CGCCAGGCGGTCGAGGTCGGCCTGGGCGAGACCTACATGTCGCCCGACCGCGACGGCGGCGAGGGACGATTGAGGATCAAGGGGCTCCCCGTGAAGGAGGCCGTCAAGCTCTTCCGCACGGCGGCCTACGGCGAGGCGTTCTGACGGACGCGCCCGCCCGGCTGCGTCCTTACGACGAGAGCGACGACAGGGCGACGTCGCGATAGGTCCGAATCCGAGACCGAACTTCCCCCCGCTCGATGGGCGTGTCCTCCGGATATTCGATGGCCAACCGCACCCGGTCGCCCCGAATCTCCACGACCGTGACGACGATGTCGTCGCCGATCATGACGCCTTCGCCCTCTTCTCTGGGGATGATGATCACGATTCACCTCGTTGTAAGCCCTGGGGGTCCATGCCGCCCGCCGCCCGAGGGGCCTGCGGGCTGCGACGACGATCCCGATTGTAGCGAGGCGCCTCCCCCCGTCAATCGCGCACTCGACCGTGCGTCGAAGCGTCCTGGAGCCAATCGTCTTGCGCGTCGACGCAGGGGGATTTTCCGGTTGCGCAGGGAGGGACTCCCGCTCAGCTCCCGCGCCGCGGCGGCCGCGTCAGGCCCCGCGCCAGGCCAGTTCGATGCGCTCGCCGTGCTTCGAGCGGTCGCCGTCGACGCAGCGCAGCTCCAGCGTGGCCCCCTGGCCGTCGCGATGCGGCTCCAACCGGCACCAGCCCAGCGGCTGGGGATCGTTGAAGTGGTAGGCGACGGCCGGCAGGTTGACGAGGTGCAGGCCGTCGTCCTCGGCCCGCCGCCAGGTGTGCGTGTGGCCGAACACCAGGGCCTTCACCTGCTTGCGGGGCCGGAGGATCTCCAGGAGGGGCTTGGCGTCGGTCAGGGCCCCGGGCACGTCGTCGAGGTGGTGATGGAACAAAACCAGGGTCGGCGCGTCGGGCGCCTCGTCGAGCGTCTTCGTCAGCCAGGCGCGCTGGGAATCGCCCAGCAGGCCGGGCACCTGGTCGACCTGATCCAACGTGTCGAGCATCGCCAGCCTCACGCCGGCGGCCTCCACGACGCCGACGCAGCGGTCCTCGACCGGGCCGACCGCCGCCCCCAGGGCCGCGAACGACTCCAGGAAGTTGCGCCGGTCGTCGTGGTTCCCCAGCGTCAGGTGGACGGGGATTCCGCGCTCGCGCAGCGGCTCGACGAGCGTCAGGAACTGGCGGTAGTCTTCCGCGCGGCCGTTCTTCAGGGCGAGATCGCCGAGGACCAGGGCCGCGGCCGGCGGTCGGGGCTGCGCGAGGATGTCGGCCACCGCCGCGCGGAGGTTGCCGCTCAGGTGGAACTTCTCGCGCACCACCATGTCCGGGTCGCTCTTGATGTGGGTGTCGGCCAGCAGCGCCACGTAATCGGCCGCGTCCTCCTCGCGACCGGCCGCGACGGCCGACCGCGCGCCGGGCCAGGCCAGCGCGGCGCCGCCGGCGGCCAGCACGTTCAGGAATCCGCGACGCGTCGTCGGCGGGAGGTGGATCGGCATCGAACTCCATCCTTTTCGATCGGGGAAAGGCTGTTGTCACCGGGACGGCCGGGGATAGCATCTCATACGAACGACGACCGGAACGCCTTGGGGCGTTGGAGACGTCCCGCCGGCGCGTCGCCGAGGAAGCCGGCGTGCTTCGATCGGGTCGAAACGGCGCCGCCGGGCGTCCTCATGGTAGTCTATCGCAATGGAGCCCTCGACGACGGCGTCTCCGACGTCGCTGCGTCCACCTGATCGGTCGTCGAGGCCGAACACCGGAAGACCGCACCATGAGCTTCGAAGTCGAGCTGAAGTATCGCGACGTCGACCACGATCGGCTGACCCGGGCGCTGAAGTCGCTCGGCGCGGAGGAGATCGGCAGCGTCGACCAGGAGGACTCCTACCTGAACCACCCGTCGCGGGACTTCGCCGAGACCCGTGAGGCGTTCCGCATCCGTCGCGTCGGCGACGACAATCGGGTCACCTTCAAGGGGCCCAGGGAAGCCGGGCCGACCAAGACCCGCGAGGAGATCGAGATCCCGTTCGCGAGCGGCCCCGAGCGTTACGAGGAGCTGAGCCGACTGTACGACCGCCTGGGATTCCGGCGC
NZ_CP011273.1_gap39	2270919	2271438	519	GCCGGGAGATCGCCGATGAGCAGCGACGAGCCGTCGGCCGCGGCCAGCCGGGGTCGCGCGAGTGGGGCGTCCGGGTCGTCCGGGACGAACAGCTCGCGATCGAGGATCGCGGCGGGGAGGGCCTCGCAGTCGAGCGCCCGGAGGGTCGCGGCGTCGCCGCCGCCGAGCTGATGCACGGCGCGGGCGACGTGCCGCTTGCCGACGCCGGGCTCGCCCACGAACAGCACCGGCCGGCGCACGGTCGCGGCGACCCGGAGCTGCTCCAGCAGTCGACGATGCAACGGACCCGCGCCCACCAGGGAATCGATGCCGTATCGCTTTCGGATCGCCTCGCGAGCGTCCATCAGGAGGACGCGAAGCCGTTGACCTTCCGACTCGGGCTCGGACGGCGACGGCGATTCGTCGGCGGCCAGGACCCGCCCCAGGAGCCCCAGGAGCCCCCCCTGGGCGTCGGAGAACGGCAGGAAGGCCAGGACCCGTCGGGAGCGAGCGCCGTCGGGGCGGACGAACACGGCGGCG
NZ_CP011273.1_gap40	2278221	2280718	2497	TAGTGGACCTGGGCGCCTTCCTCGACGATGATCAGGGTCCGCTCGAACTGGCCCATGTTCTCGGCGTTGATCCGGAAGTAGGCCTGCAGCGGGATGTCGACCTTGACGCCGGCGGGGATGTAGACGAACGAGCCGCCGCTCCAGACCGCCGAGTTCAGGGCCGAGAACTTGTTGTCGGCGATCGGGATGATCGTGCCGAGGTACTCGCGGATGATGTCGGGGTGCTCGCGCACCGCCGTGTCGGTGTCGACGAAGATCACGCCCTTCTTCTGCAGGTCCTCGCGGAGGCTGTGGTAGACCACCTCTGACTCGTACTGCGCGCCGACGCCGGCCAGGAACTTGCGCTCGGCCTCGGGGATCCCGAGCTTGTCGAACGTGTTCTTGATCTCGGCCGGGACGTCGTCCCAGCTCCGCCCCTGGCGGTCGGTGGCCTTCATGAAGTAGCGGATGTCGTCGAAATTCAGCTCCGCCAGCTCGCCGCCCCAGGTCGGGGTGGGCTTCTTGAGGAACGTCTCCAGCCCCTTGAGGCGGAAGTCCCGCATCCAGGCGGGCTCGTTCTTCATCTCGGAGATCTGCTCGACGACTTCCCTCGACAGCCCCTTGCCGCTCTTGAAGGCGTAGTTGGCGTCGGAGTCGCGGAAACCGTACTTGTCATCTTCCTTGATGCCCGCAACCTGGAGGTTCAGATCGGTCGCCATCTCGGGTCCCTTCGTCGTAGGGGGGTGCTCCCCGCGTCTCGTTCCCTGTCGCGTATGGTGTCGGCCGCGCCGCCGTGCGGCGGCGCGGGGTCGGGTCGGCGGGGGGGGCGGCGCGTCAGGCGCCCACGCCCTGGTGGTCCGTCTTGGAGGCTTCCAGCTCCTCCGCGCGGCGGGCCGCCTCGGGATACTTGGCGCGGACCCAGTCGTAGCCCTCGCGTTCGAGCTGCTTGACCAGCTCGGGGCCCCCTTCCTCGACGATCTGGCCGCCGAAGAGGATGTGGATGAACTGGGGCTTGATGTAGGTGAGGATCCGCTCGTAGTGGGTGATCACCAGGATGCCGGTCGCGTGCTTGGCGGCGACCCGGTTGACCCCCTCCGAGACGATCCGGACGGCGTCGATGTCGAGGCCGCTGTCGGTCTCGTCGAGGACGGCGAAGGCGGGGCGAAGCATGGCCAACTGGAGGATCTCGGCCCGCTTCTTCTCGCCGCCGGAGAAGCCTTCGTTGAGGTAGCGGCGGGCGAACTCGGGGTCCATGCCCAGCTCGTCCATCTCCTGACGCATCTCCTTGCGGAAGTCGCGCATCGGGATGAGGTCCTGGCCGTCCTTGCGCTCCGGGTTGCGGACGTTGGTCACCGCGTGCCGGAGGAAGTTGGCCACCGTCACGCCGGGGATCGCCGTGGGGTACTGGAACGCCAGGAACATCCCGGCCTTGGCCCGCTCGTCGGGCTCCATCTCAAGGACGTCCTGGCCGTCGATCGTGACCGAGCCCCCCGTCACCTCGTAGTTGGGGTGGCCCATCAGGGCGTAGCTCAGGGTGCTCTTGCCCGAGCCGTTGGGGCCCATCAGCGCGTGGACCTCGCCCTGCTTGATGGTCAGGTCGACCCCGCGGAGGATCTCCTTGCCCTCGACGGCGACGCGCAGATTCTCGATCCGAAGTACCTTGCTCATCAGCATTAGACCCTGTTGACGTCCTCTTCGAATGACAGCGGCGCGAACCCCGGGGGCGTCGGTTCCAGGGCCATCGGGGCCGGAACCGTCGGCTTGACCTCGAAGTCGCAGGAACGACCGCCGTCGAGCCGGCACTGGCTGAGCCGGAGCCCCTTGCCCAGCACCTTCTCGAACATCTTCCGCTCCAACGCGCAGATCGCCCGATCCAGCTCGGCCAGCTCGTAATAGGGGCAGGAGTGCTGCCGGAGGAACGGCGGCAGGTCCTCGCGGTCCCGCGCCACCTCGGCCTCCACCCCCCGGACCTGGAGCAGGCCGCTGAGCTGAGTCAGCCGGCCTTCCCATCCGTCCCCCTTGACCTGAGTCCGATACATCTCGGCCAGGCGTTCGGTGATCCTCATGAACAAAACCCGGCGGAGCTTGCGGTCCTCCACCGTCCCCATCATCTCTTCCCAGAGGGCCACGGCGAGATCGGCGTAGTTCTGCCCCAGCCGCTTGTGCGCCTCGACGCTCGCCTGGTAGGCGTGCTTGGGGCGGCCCCGGCCGTCCTGCCGCGTCTCCCGCACCACCAGCCCGGCCCCGAGCAGCCGCGACAGCCGGTTCCGGACCGCCGTCCCGGTCACGCCCGTCTCCTGCGACATCTCGCCGACGGTCAGCGGCCCTCGGCGGCGGATCAGATCCAGCAACGCCCGATCCGACGACTCCGACATCGAATCCGCCTCCCGATGGCTTGGCTCGTCGACCCCTTGGGAATCGGCCTTCCCGGCCTCCACGCCGCTCGCGGAACCCTATTGTAGACGCACCCTTCCGCCTCGTCTACTCGCCCGAGGACCCTTTCTCCAATTTCTCGCAC
NZ_CP011273.1_gap41	2363698	2365982	2284	TGGGCGAACTCGACCCCGATATACCCGCCGCCGAGGACCAGCAAGTGGTCCGGGGTGGCCTCGAGCCCGAGGATCCTGGTGGAGTCGAGCCAGGGCGCGGAGTCCAGTCCGGGGATCTCCGGGCGCGCCGGGCGGCAACCGACGTCGATGACGACCAGCTCGCCGGAAAGCTCGCGGACGCCGCCGCCGTTCAGCTCGACCCGGACGGTGCGCGGGCCGGTGAACCAGCCTTCCCCGCGGATCAATTCCACCCCCTCCGCTTCTTCGAGCTGTCGCTCGCTCCCGGCGCTGAACTCCTCGACGATGGCACCCGTGCGGGCGCGGACCTCCTGGAGCCGCACGGCGACGGGCCCGGTGTGGACGCCGAAGTCGCGCGCCCGACGGGCCAGGTGGGCGACCCGGGCGCTGGCCGCCATCGTCTTGGTCGGCGTGCAGCCGACGTTGACGCAGGTCCCGCCGATCTTGCCCTTTTCGATCAGGGCGACCCGTCGGCCCGCCCTGGCGAGCGACCGAGAAAGAGGGTTGTTCGCCTGTCCGGCGCCGAGCAGGACCGCGTCGAATTTTTCCGGCCGATCTGCCATCGAAAACTGCTCCTGCATGATGCCGTGTTTTCCAGGATGGCGAGATAAGCGAGAACGATGCCGCCGGCTCGAACGGCCGTCGAGATTCTGGGAGCCTGTCGCAGCGACGCGCCGCCCGCGAAAGCTCGGGAGGCCCGTGGAGCAACCCTCGACGGGGCGATTCCGGCTCTCGGACACAGTCCTACTCGTGCCGGAGCGCATCGATGGGGTTGAGCAGCGACGCCTTGACGGCGGGGACGAGGCCGAAGACGACGCCGGTGAGGGTGGAGACGCCGAAGCCCAGGGCCACGGCCCAGAGGGGGATGACGACGTCGACCATCCGGGGATGGAGGCTCGCCAGGGCGCATAGGCCGTAGCCCAGGGCGACGCCCGCCGAGCCCCCCAGGAGGCTGAGCGAGACGGCCTCGGTGAGGAATTGGAGGCAGATGTCCCGCCTGCGCGCGCCGACGGCCTTCCGCAGGCCGATCTCGCGGGTGCGCTCGGTGACGCTCACCAGCATGACGTTCATCACGCCGATGCCGCCGACCAGCAGCGACACGCCGACGATCCCGGCGAGCACGGCGGTCGCCACCAGGCTCATGCTGTTGAAGGCGTCCAGGATCTCGTCCTGGGTCATAATCTTGAAGTCGTTCGGCTGATACGCGTCCAGCCGGTGCCGGCGCCGCAGCAGGTTGATGATCTGGGCGCGGGCCTCCGGGACCGCCTCTTCCGAGACCGCCTGCGCCGTGGCCGCCATCCGCCGGAGCTGGGCGGGGTACATCTTCAGCGCCGTGGTGTAGGGGACCAGGATCAGCTCGTCCTGGCTGTTGCCGAGGAAGCTCCCCTTCTCGGACAGGACGCCGACGACCGAGAACCGACGGCCCGCGATCAGGAGCGTGCGGCCGACGGGGTCGTCGCCGAGCTCGAGCTTGCGGACCACCTCGCGGCCGAGCATGCAGACGGCCCGGCGCTCCTCGACGTCGACCACCGAGAACGGCCGCCCCGCCGCCACGTCGAAGTTGCGGATCGCCAGGTAGTCGGCCGACACCCCCTCGAGCGCCGCCCGAAGCTCGTCGCGACCGGCCTGGACCAGCACCGCGTCCGACCGCACCAGCGGCGAGAGCCGCCGCAGCGCCGGGCAGTTCTCCTGGATCGCCGCGAGGTCGCGCTCGTCCATCGCGATCCGCCCCAACCGACGCCCCGCCTCGCCCCCCGGCCGCTCGGGCCAGACCCACATCGCGTTCGTCCCCAGCCCCTGGAGGAACTCCGAGACGTACCGCGTGAAGCCCTGCACCACCCCCACCACCGTCAGCGTCGACGTCACCGCGATCACGATCCCCAGCACCGTCAGCATCGACCGCAGCCGATGCGCCCAGATCTGCTCGAACGCGTTCCCGATGTTCGCCAGCGCGATCCGCATCAACAGCCCCTCACTCGAACAAGCTACCGACCGCTACCTCGAAACCCGGCAGGACCGCGTCGAACCGGAGCACGTCGTCCGGCCCCAGCGCGACCGGGGGCGTCTCCACGCCGAAGACGTGGGCGGTCCGCCGATCCGGGTCGAGGACGACGACCACCAGGACGCCCGCGTTCAGGTACTCGGCCGCCTTCTCCAGCGCGTTCCTCCAGCGATCGCTGGGCGAGAGCACCTCGCACACGATCTCGGGGGTCTCCGGCCCGTAGCCGACGTTGTCGGCCTCGACCGGGAGCCTCGCGAAGCTGTA
NZ_CP011273.1_gap42	2412461	2415212	2751	GCCGACAGGAGAATCATCGCCCAGCGCGGCCGACGCCGACAAGGCGCCTCCGCCCCGACGCCCCCCGCATGACGCGCGGGGCCCCATCCTTGATCGAGCCGGTCGCGCGGTATAGATTAAGGTTCCCCGGACCGAACGGCGAGGTTTCGGCCTACCCACCGCGCCTACCCCGTTTTTCCATCCCGACGGTCCCTCCGATTCCCCCGATCCCAGGAGAACCGAAGATATGAAGCGCAAATGGATCGCCCTGGCCGCCAGCCTGACCTTCGGCCTCGGCCTGTGCGCGACGGCCTTCTCCGGCTCGTCCGACGAGGAGTCCGCGCTCGGCCAGATCATGGAGAAGGTGCAGAAGCAGAAGGCCGTCATCACCAAGGGCGTCCGCAACGTCGCCTCCTACAAGAAGTCGCAGTCGGACGTCGAGAAGGCCGCCAAGGAATGGGTCAAGCTCGCCAAGGAGTCCAAGCCCCACAACGAGGCCGCCAAGGCCGCCAAGGGCCAGGACGACCCCGTGAAGAAGTGGGACGAGCTGATCGACGTCTGGGTCAAGGAGTCCGAGAAGCTGGCCGAGATCGCCGCCAAGGCCGACTCCACCCAGAAGGACGCCAAGGACCAGCTCAACACCATCAACAAGAACTGCACCGAGTGCCATCAGGTCTTCCGCATCGACGCCGACGAGAATTTCTGAGTCCGCAAACGCGGGACGGCCCGCGGAGGACGACGCGAGTCGGCCCTCGCGGCCGTCCCTCGGGCGGCGCGGAAGAGAAGCGCCGACGGCCTTCCCCTATTTCGGGAAATGGGCTACACCAGACGCCGTCGAGCGACCGTCCCCGAACTCGCCCCCACCGACCTCCGCAGGGGGCCGGGACGACGGCCGACCTAAAAAAAGGCCCCGCGGCGTGCCCCCCGACCCCCTCGAACTGACGCTGGCGACCGTCCACGAGAACCTGGCGCTCGACGAGGCGATCCTGGTCGACGCCGACGAGCGCGACGGCCCCCCCGTGCTCCGCTTCTGGGAGCAGCCGGACTTCGCCGTCGTGCTGGGGTCCTCCCGGCGGCTGGCCGACGAGCTGGACGTCGGGCGCTGCCGCGAGGACGGCGTCGCCGTCGCGCGACGGACCAGCGGCGGAGGGACCGTGGTGATCGGCCCCGGGGCGCTCAACGTGACGGTCGTCCTGGCCATGGATTCCGCCCCCGAGCTGGTCACGGTGGACGGGACCCAGGCGTACGTACTGGGCCGGATCGCCGAATCGCTGCGGCACGTCGCGCCGGCGGTGGAGGTGAAGGGCTCGGGCGACCTGACGATCGCCGGCCGGAAGTTCTCGGGGAGCGCCCAGAGGCGGCTCCGGAGGCGGCTCCTGGTGCATGCGACGATCCTCTACGATTTCCCGATCGCGAGGATCACGCGTTATTTGCGGACTCCGGGGCGTCAGCCCGATTATCGGGGGGGGCGGACGCACGAGGAGTTCTTGATGAATCTCCCGGTACGGCGTAGAATTTTGACTGAATCGATCCGCTCGGCGTGGTCCCACTCCACTCTTCTCACTACGACGTCGGATGTCCCACAAGATCTGCTCGAAACTCTGCGTGTCGAGAAGTTCTCGAACCGATCTTGGATCGAGCGACTATGACGCCCCGGCGATGGAGTCGCCCGTGGTGATGCGGCGAAGACGAAGCGAGACGGCCGACCGGGCGAGCGACGAGCCCGGACCGCCTTCGCGCGCCTTCGCCGGGAGGGGTGGAACGTCGCGCGCCTACCAGAGGGAACGGTCGCATCCCCGAGACCGGACGAACGACCCGCCACGCGGGGAGGGTCGCGGCCCCGGGCTCGGAAAACCAACGCCTTCGTCAAGTCCGCGGCTCGCCCCGAGGCTTACACGCCCGGGCCGGCCAGGAGATCCATTTCGATGACACCCACGTCGGTCGTGAGCCGGGCGAACCTGGACCTGGTGGAAGCCTATCAGCGCCGGTGGCGGGAGGATCCCGCCTCGGTCGACGAGTCCTGGCGGAACTTCTTCGAGGGGTACGATCTCGGCGCCTCGCTCATCAACCCCGCCGCCGCCCCGTACGGCGACGCCCCGCCCCCCGCCCAGCAGTCCGTCAAGGCCGTCACCCGGCTGGTCGACGCCTACCGCGAGATGGGCCACAACCTGGCCGACCTCGACCCCCTCAAGCTCACCCCCCGCCGGCTGACGGACGAGCAGCTCGAGCTGGCCAACTTCGGGCTCTCGGAGGCCGACCTCGACCGGGACTTCTACACCAAGTTCGGCGAGGAGGACCACGGCACCCTCCGCGAGATCCTGTCGGTCCTGCGCGACACCTACTGCCGGACGATCGGCGTCGAGTACATGCACATCCGCGACCTGGAGATCCGTCGCTGGCTCTTCGAGCGGATGGAGCCGGTGCGGAACAACCCCCGCTTCGACCTCAAGAAGAAGCGGCGGATCATCTACAAGCTCAACGAAGCCGAGCTGTTCGAGACCTTCCTCCACAAGAACTTCGTGGGCCAGAAGCGTTTCTCGCTGGAAGGGGGCGAGATGCTGATCCCGCTCCTGGACGCGATCATCGAGCGGGCCGGCGGCCTGGGGGTCCAGGAGATCGTCATGGGCATGCCCCACCGGGGGCGGCTCAACGTGCTGGCGAACATCCTGCACAAGCCCTACGGCCTGATCTTCAGCGAGTTCGAGGGGAACATGCCGGAGACGGTCGCCGGCGACGGCGACGTCAAGTACCACCTGGGGTTCTCGGCCGACC
NZ_CP011273.1_gap43	2598260	2601977	3717	TCGTCGTCGAGGCCGGCGCCCATGACGACCTCATGGCCGCCGCCGGCCCCTATCGCGACATGGTCGAGCTCCAGAGCCTCAGCGGCCAGCCGTGACCGCGGGCCGCCTCACGGCCTCCGCGCGATCCGCGAGTCCTGCCGCACCGTCCAGGTCTGGGGGGCGCCCCCCTCGGGCGTGAAGGTGATCGCGGCCTCGTAGCCCTCCGGCGTCCCCGCAAGGGCGACGTCGGGGACCCCGGCGGGCGCGGCGGGGAGGTCCAGCGGGTCGAGGCGGTCGGCGTATCGGCCGTTGTTCCGCCGGTACGCCCCCTGGGCGTGGTAGACCTGCATGAGCCGACGACGGACCGGCTCGGCGGGGTCCGGGCGGAAGGCGACGGGCTCGCCGCCGGGCTCCGCCTTCGAGAACTGGACGTAGCCCCAGGTCTCGGGCCGGTGCATGTCGACCACCCCCTGCGGCGACCAGACCCAGTTGTCCTCGGGGGTCTTCGGCACCTTCCGATATCGGCCGTCGACGACCTCGTGGAGCCACTCGACGCGCGAGAAGTTCACCCGCCACTGGTCGCCGTCGGCCGGGGGCGCGGGGCGGTTGGCCCGCTCGGCGAGGACCTTCCAGGGGAAGGCCAGCTCGACCGTCCACGACTCGTCGACGTCGCCGGGGGCGTTGAGGGTCCCCTGGATCGCCACCCCTTTGCGAAGGCCGGGGATCTCCCAGGAGTTGTCGGCCGGGCCGCCGTCGCGGTAGGGTTTGGGCAGGAACAGGTCCCAGCCGGTGTTCAGGGCGTTGATCTCGAACTCGTAGTACTCGTGGTTGTCGCCGTCGGGGTCGATGAAGACCTCGAAGTCGTCGTCCTGGAAGATGACCGCGTCGTGCTCGGTCAGAGTCCCCCAGACGTGGGGCTCCTCCAGCCTGGCGGCGACGTAGAAGAACTCGTCGTCCCAGAGCATCTTGGCGCGGGTCTCGAACCGGGGGCGGGGCTTGCGGTCCCCCTCGATGTCGACGAACGCGTCGGTCCAGGGGGCGGCCGTCCACGCCTCGTCGTCGAGCTTGCCGTCGACGACGATCGGCCGAGGCGCGCGGTAGGCGACGTAGCCCCTGGGATGTTCCGCGCCGCTCGCGGCGGCCTTGGCCGCCTCGGCGGGCGCCGCTTCCGGCTTGACCTCGGCGCTCTTGTCGCGGGGCTTGAGGATCTCGCCCAGGACGTCGGGCCTGGACTCGTCGCGGACCAGCGCGAGGTTCTTCACGCCGTCGCGGTAGGCCAGCGACAACGGCTTGAGGCGGTCGCCGTCGGCCAGCAGCAGGTCCACCTTGCCGCGCTCCACGCTCGCCGTCAGCGCGTCGCGGAGGGCCTCGGCGCTGAAGAGGCGGTCGTTGATCCCGACGATCTTGTCGCCCTTGGCGAGCCCCGCCTTGTCGGCGATCGAGCCGATCACGACCTCGGCGATCTCGCCTCCGTTGACGACCACGAGGCCGAGCGAGTGCTTCGCGAACGGTCCCGCGGGCGCCGCGCGACGCCCCGGCGAGGTCGCCGGCGGCCCCGCGCCGTACTCGATCCGGTAGCCCAGCTTGGCCACGAAATCGATCGGGAGCGCGTCGAGCGGCTTCGACACGCGGTCCAGCAGGAGCGTCTTCCAGTCATGCTCGACGACGCCGTCCAGGCATGCGACGACGTCCTCGAATGTGTACGGGTCGACCTTCTCGGGCTTCGTCGGGCCGCCGAGGAACGCCTTGCAGAAGTCGTCGAGCGACTTCGCGCCGGCGGTCTTCTCGCGGATCAGGGCGTCGATCTCCATCCAGAGGAGGCCCCCCTCCTGGTAGTAGTCCTGGCTGCGCCGGAGGGCGTTCCAGTTGGGGCTGGGGGAGCGCAGGAACGTCGAGGCGACGGCCGTGTCGTCCAGCGGACGCCAGCTCCGGCCGGACTGGAACATCAGGTTCTCGATCGTCTGCGTGAGCGTCTTGCGGTAGTCGTCGGGGCTGACCAGGCCCGCGCGGACCATCAAGACTTCGCCGAGGTACTGGGTCAGGCCCTCGTAGACCCAGAGCAGACGCGTGGCCATCGGTTGATGGAAGCTGTCGGTCGCCATCGCGGCCGGGCGCCGATACTTGCCGCACCAGGAATGGGCGTACTCGTGCGGGAGCAGGTTCGCGACCCAGCCGACGCGGCGGGCGTCGTCGATCAGGTCTCGCTCCCGGACGCCGTTGATGCTGGAAGACAGGTGCTCCAGGCCCAGATAGCCGAGGTCGTCGCTGAGGGTCGTCAGGAACTGGAAGTCGTCGTAATGGAACGACCCGAACATCGCGCCGGCCTCGCGGACCACGCGGCTGTACCTGGCGATCGTCTCGGGCGACAGCTCCATCGCCTCGGGGTTCTCGGACGCGACGTGGAACGTGGCCGGCGGGTACGGCCCGGTGTCGAGCTTCGTCGACTTGAGGTGCTCGCCGCCGATCAGCGGGGAGTCGATCAGGTCGACGAGCGAGACGGGCTCGAAGCGGATCAGGCCGTCCTCGCTCCCCTTCGTCTTCAGCGCCGTGGCGTATTTCCAGCCGGCCGGGAGCCGGATCGACGACGCGACGATCGTCTCGGCGGCGGTGGGTCCTTCGGGGTAGAGGATGCAGGTCGACCAGTTGACGACGCCGACCTTGGCGTTGCCGAACGTCAGGTGGCCGCTGGCCTCGACGGTCGCCTCGTTGCAGATCGTGTCCAGCGAGACGCGGACGCGGGAGACCCCCTCGGGAACCTGGCAGACGATCCGATAAAGCTCCAGGTCGTCGCGACGCCAGGGGACGGCCGCGCCGTCGGGCGTGGCGATACGGAGGCCCGCGACGTCCTCGTTCGCCCCGCAGGGGGCGTGCGTGCCGGGGATCCACTTGGGATGCCACAGCGCCAGCTCCGCGCCCGGCTTGCACGGCACGTCGATCGTCGCGCGGACGATCCGCTTCGGCAGGTCGCGGAGGTCGATCTCGGCCGTCATCGTCGGCTCGTCGGCCCTGGTCGCGGCCGTCGCGAGGACCAGCCCCAGCGCCGCCAGCCAGCCCGCCGCCCGCCGCCCGCCGCCGTGGTATGGATGCTCGATCAAGGACATGGACGCCCCCCAGGATGTCGCGACAGGCCCGCGCCCGGACGCGCGGGGACGCCCCATCGTATAAGAATCATCCGGCCGAGGAGAGGGGGCGCCGGGGACGCGATTTCGGACTCGTGAAACTTCTCGGCGACATGAGGGCATGCCATATTGAGGTGGGAGCGGTCGATCGTTAACATGCCGATTCGAGACGTGGGACAGCGTCGGGGAGACGGCGTCGCGGACGTCTCGGGCCGAGAGGGGGGCCTTCGATGGGCGATGGGGAAGAGGTTCGTCCGGGCGCGTCAGACGGCGTCGCCGCCACGATCACCACGGCGACGGCGACCCTGGCCGAGGGGGACGGCGGGTTCACGCCCGAGGAGGTCCGCGCGGCGTTCCGGGGGGCGATCCCGGCCAAGCGGCTGCCGACGGCGTATCGGCTCTGGACGCTGGTCGTGGCCTGCGTCATGGTGGCGCTCCCGTTGATCTACGTGGCGATCGTGGGGGCGGTCGGCTACGTCATGTACTGGCACGCCACCCACAACCACGTCATCTTCCAGAACGCGCGCGGCAAGGCGGCCGTGCTGGGCTACTTCGGCCCCCTGGTCGTGCTGGGGACGGTCCTCTTCTTCCTGGCGAAACCGCTGTTCGCCCGCCGTGC
NZ_CP011273.1_gap44	2628425	2628948	523	GGCAGAGGCCGGTGCGGATCGTCTTGTCGCCCATCCCGACGCCCCAGGCCAGCCGGGGGATCGCCACGGAATCGCCGTGGCCGAAGTAGCCGGCCACCGAGATCGTCCCGCCCGGCCGGGTCGCCTCGACGCACGCCTCGAAGGTCGCCTGGGCCCCCAGGCACTCGATCGCCGAATCGACCCCGACCCCGTCCGTCAGCCGCAGGATCTCCTCGACCGCGTCCCCCCGCGAGGGGTCCACGACCACGTCGGCCCCGAAATGCCGGGCCAGCTCCCGGCGCTTGGGGACGCCCTCGACCGCGATGACCAGGCCCGCCCCCAGCAGCCGGGCGCAGGCCGTCGCCATCAGGCCCACCGGCCCCTGGGCGAAGACCGCCACCACGCCCCCGGGCGGGATGGCGGCGTGCTCGGCCCCCATCAGCCCGGTGGACATCATGTCGGCGCAGTAGACCGCCGCCTCGTCGGGGATCGCGTCCGGGATCGGCGTCAGGTTGGCCCGGGCGTCGTTGACGTGGAAGAACTC
NZ_CP011273.1_gap45	2631120	2633899	2779	AGTATCCCGGCCCGCGCTCGAACCGGCAGCCGCAGCACGGACAGGTCTCGTTCATCCCCAGCGAAGACCGGAAGACCCGCCCCTCGCCGCACTCCGCACACCTCTGCGACAGCACGGCCCGGGGCTTCAGGCGTCCCCCGCCCCCCCCGCGCCGCCTCTCCTGGACTCTCAACGTCCACCCCCATCCTGGCCTCGCCGCGACGGATCCGGCTCGATCCATCTCCTGGATATCCATTTTGGGCCTGTCCCGTCGGAAACCACAATCCTTTCTGTTCGCGAGGGCCGACCTGGCGGACCGTCCGGCGCCGCGGGACGGAGCCTTGAGGCGGCCCGGGGCGGCCGCTAGACTGACCGTCGGCGTCGCACCGTCCGCAGGGGAGGGCCGGCGATGGGCGAAGGGACCGAAGGGCGGGGGGGGACCGAGCCCTGGGACGCCGATGAGGCGTTCCGGCGGCTGCGCGAGGCCGTGCGGGGGCTCCCCAAGGCGGCGGTGTTCGACCTCCGCGACCGCGGGTTCGGCAGCCCGTTCGAGGTCCTCGTCGCCAGCCTGATCTCGGCCCGGACCCGCGACGAGACGACGCTTGCGGTCGGCCTCCGGCTGTTCCCGATCGCGGCCTCGCCCCAGGCGATGATCGACCTGGGGGAAGCCCGGCTGGTCGAGCTGATCCGGCCGGCGACCTTCCCCGAGCCCAAGGCGCGGGACATCCTGGAGCTGTCGCGGCGGATCCTCGCGGAGCACGGCGGGGAGGTCCCGGAGACGGTCGAGGAGCTGACGGCCTTCCGCGGGGTCGGCCCGAAGATCGCGGCCCTGACGCGGGCCGTGGCGTTCGGCGCGGCGACGATCCCGGTCGACGTCCACGTCCACCGGGTCGCCAACCGCTGGGGCCTGGTCGCCACCCGCACGCCGGAGGCGACCATGAAGGCCCTGGAGGCCGTCCTTCCCAGGCGCTACTGGATCGAGACCAACGAACGCCTGGTGCCGTTCGGCAAGTTCATCTGCACGGGCGTCGCGCCGTTTTGCTCGACCTGCCTCCTGCTCTCGATGTGCCGGCGCGTCGGGGTGACGCGGAGCCGGTGAGCGGCCCGGCGGCGGGCTCAGCTCGACTTGTGCGGTTTGCACGAGGCGAGAAAGATACACGTCGACATCTGAGTCAGAGCACCGCGCCGGCATGTCTTAGCAGGGCGGCGGCCTCGGCTTGACCTTCCTTCAACGCCCAGGCCAGCGGAGTGAGGCCATCTCCCCCGGACCGATTCGGATCGGCTCCCCGCGCGATCAGCAACTCCATCGCTTCGATGTTCCCCCCCTTCGCGGCCAGCGCGAGCGGCGGGGTGCCGTCATAGGCATCGTGATGGAGAACGGCCCCGCGATCGAGCGCCATCTGAAGGACCACGACGTTTCCTACCTCCGCCGCATAGGCCGCCAGGCGACCACCGCCCCATCGGCTGATGTGGTCGACATCCGCGTCCTCCCGCAGTTGCGCGTCGAGGAGACTCTCAAACATGATCAAGTCGCCTTCATTCAGGGCATCGAACATCCTGATCTTCGCCCCCCTCGCGAGCAGCAACTTGTACAGGGGCCGATTTCCCTTCTCGCTCGCGTGCGACAGGGCGCTCATGCCGTACTGGTCGACGACGTCGACGTCGGCACCATAATCCAGGAGTCGCCGGACGACTTCCACGTGGCCTCGCTCCGACGCGACCGTCAGGGGGCGTTCGTGGATGTCGCTCTCCTCTTCGGTGTCGGCCCCCCGGGCGAGAAACAGGTCGACCATCGCGAGGTCGCCCAGGAGGCTGGCGACCTGGAGCATCGTCCCGTGATACGTCCACCCCTTGCCGAAGTCGACGTCGGCTCCCTCGTCGAGGAGGGTTCGGGCGAGTTCGACGTCGCCCGACCAGACCGCGTCCGGGAGGGTCTGGCGTCGGCCGCCGGCTGCGAGCAGGATCGGCAGCATCTCGTGCCCGTTCCTTGGGGCGGCGATCGCGCAGGTCGTCGCCGAGTAGCCCTGGGCGTCTGTCAGGTTCGGGTCCGCTCCCCGGTCCAACAAGAGCCGAACCACGTCGAATTGTCCCCACCCCACGGCCTGCATCAACGCGGTAATGCCGGACGCGCTGCCGGCGTCGACGTCCATTCCCTGGTCGATAAAGGCGGCGACCGCAGCCACGTCGCCGCGGCGGGCGGCCTCGATCCATCGGAAATGGCGATGCTCGTTTTCATCCATGAATCATCCCGTGGAGGCTCAGAGGCTCAGTCGGGCGCGACCTCGCCGCCGCGCGAGCGCCACCATTGCTTGAGGCGTTCGAGGCGGAGGTGGTTGCGGTCGCGGCCGGTCTGGGTCGCGGGGTCGAAGCGGTTCATGTTGCCCTCGATCTGGCGGTACTCGACGGGGTCGATGTACCAGTTGAGGGTCTCGACGTTCTGCGCCGCCTGGCCGACCTGGATGGTGTCGCAGGTGAAGACGACCGTGCGGAAGAACTCGTCGTCGCCGGTGAGCCGCTTGAAGACGTCGTGGAGGACCTCCAGGTTCTCGTCGTTGCGGAAGAACATGGACGATTCGCGGGCCATGGCGACCCCCTGGGCCGGGATGGCGACCGAGCGGGCGCCCTCGTGGATCAGGGTCAGGAACTGGGGGACCAGGCCGACGCCCCAGGCGACCCACTCGTAGAGCCCGATGGTCGTCTCCGCCGGGGGCTTGGCCGGGGCGTAGACCTCCTGGTCGAGGATCTTCAGCCGCTTCTCGTTGCGGAAGGCGCGGACCTGGACGACGAGCACGCCGGCGGC
NZ_CP011273.1_gap46	2659348	2661615	2267	ATCCGGCCGGCGTCTTCCTTGCCCTCGGGCTGCCAGCCCATGACCAGCACGCGGCGGCCGTCGCCGAACAGGTCGGTGTAGAGGGGCGTCTCGTTGCAGGCGCTCGGCGAGATCTCGTGGCGCTCCCAGAAGCCGTGGACCCCCCTGGGGTTCTCATACCAGGCGGCGGCCTTGCCGGGGAAGCCGATCACGATCTGGTCGGGCCAGCCGTCCTTGTTCACGTCGTCGGCCCAGCAGGTCATGCACTCGCTGTAGGAGTGCAGGCCGTCGCCGAGGTCGCCGGGCTGGCGGATGTCGTCCTTGGTCCAGGAGGGCGCCTCGTACCACGAGTCGCCGATGAGGATGTCGAGCTTGCCGTCCTTGTTCACGTCGGCCGTGGCGACCCCCTCCGAGCGGAACTTGCCCTCGATCGTCGTCTTCTTCCACGAGATCGGGGCGGCCTTCCCCGGCTCCGAGGCGTCGGCCCAGGTCGACAAAAGGGCCGAGGCCCCCAGGATCGCAGCCCAGTTGCGCACGCTCATCATGATGAATGCAGCCCCGGCGGGTCACGGAAACAAGGCGGCCCCCCGCGCCGGAGGGCGACTCCTCGAAGATACTCCGACCCGATCGGGATGCCAGGGGGGACCGCGCCGCCCGGGGGACGGCCGCCTACAATTGACGGCGGGACGCGACTTCCTCGTGGAGATCCACTTCGATGTTGATCGAGCTTACGAAGCTGGCGAAGCAGGGGGACGAGGTCGGCGTCCGCCGCCTCCTCGAACAGGGCGTCCCGGCGGAGGGGGTCGACCGCGACCGACTCCAGTGGTCGCTCCAGATCGCCGCCGGGCGCGGACACCTCGAAATCGTGAAATTGCTGCTGGCCGCGGGGGCGGACGTCGACCATGCCGATCGCGACGGCTTCACGCCGACGACCTCGGCCGCCCGCGCCGGGAAATGGCGGGTCGTCAAGCTCCTGGCGGAACAGGGCGCCGACTTCAGCATCCTCGACGGGTACGGCCGATCCGGCCTCGACTACCTGCAACGCTGTCGCGGCAAGCGGAACCGGGCCGAGATCGAGGCCGTGCTGGCCGCGCGCGGATCCGGCCCGATCCAACACTCGCCCGCTTCGGAGTGATCCGGTCTCGCCGGACCTCCCCGATACCGATGCGGGGAGTCGGCCCGTCAGCCGCGCCAGGCGGCGTACTCGACGGCCGCTTCGTAGGCGGCGTTGAGCTGGACCATCGCCGCGTGGTCGCCTCCCCGGTCGGGATGGAGCTGGACGGCCTTCCGACGATACGCGGCCTTGATCTCGTCGAGCGACGCGGCGCTGAAGAGGCCGAGCGTGCTGAACGCGGCGGACGGGCCCCCCGGCGACCAGAGCGCCGCGCGGGCCCGCATCCGCGCCTGCTCCGCCTCGCGGTCGCGACGGCGGAGCATCTCGTCGGCGTACGCTGCGATCCCGCCGGTCAGGGCCCCGCAGAGCAGGAACCGGGCCCTGGCCTTGCGATCAGAGAGCACGTCCTCCGCATGCGCCGCCCACCGCTCCGCGACCGCGCGCAGCGCCGGGTTGGTCTGGAGCCGCTCCAGGAAGGCGGCCTCGGCCTCGTCCCGGTTCCGATACTCGCCGAGGTGCAAGACGATCCGGCTTCGGATCCGCCCCTTGGGCCGGTGCAGCTCCACCACCACCCAGATGACCCGCTCGTCCTGCTCCTCCGCCATCAGCAACATCGCGGCCCGCCCCTCGTCCCCACAACCGCCCCGCAAACCTCCAGGTTAGCGATCGGTGGGAACGGCGTCGACGTCGACCTGCCGAACCGCCGTCCGCAATCGGCGAACCGGAGCCATCCTCTCCCTGGGGCGCTGCGCGCCGAACCAAGCTCCTGGACAATTCGTGAATCGGTCCCGCCATCGAATAACGCCCCGCCCAGCTCGCTCCCCGAGCGGGAGGCGAGGCAGGAAAACCGCCGAACGAACCCGATTTCAGCCCACGCTCTTCCGCCGCAACAAGCCTTGATTAAACGCCTTATGTCCCACGGATTCATTTCGACGAGGCGCGAACGAACCCAACTGCGGGATAGGCACCGAGGCTCAGGTCCGGCCACTTGCGTTCCAGAAACGCCGTCCCGCCGATCGGCCGCGCGATCGGCGAAACGCTTCACGAGGAAGTGCTTCCGCGGACGCGAATCTCGACGTGGACATCTCCAGCCCCGTCTTGAATAGAATCTCCTAGCACCCCCAGACTATCCTGCTTGAGTGCCTGGCCAACGAATCGATACCTGTCTCCAGAA
NZ_CP011273.1_gap47	2676030	2680082	4052	CGGTCGCCGAGGAGGTCCGCAAGGCGTTCGGCGAGGCCGCCACGGCCATCGGCGAGACCCTCAAGCAGGACGAGGTGTCGGCGGACGACGTCAAGGCCGCGATCGAGAAGGCCCGCGAGGACCTGAAGCGCGCCTTCGAGGAGGGGGGCCCGGTCGACCGCGAGGCGCGTCAAGCCCTCCGCCAGGCCCAGGAGGAGCTGCGCGACAGCCTGGAAGAATCCCGCCGCGAGGCCCGCGAAGCCCTCCGCCACCGCTACGAAGCCGAACGCGAACGCCTCCGCGGCGACGACGAGATGCCCGGAGACGAAGCCAGGCCCGAAGGCGACAACGACCGCGACGAAGCCGCGGCCGAAGGCGACGAGCTGGCCAGGACCCGCGACCGTGTCCGCGAGCTTCAGCAGCAGCTTCGCGAGGCCCAGCGCGATCTCCAGCTAAAAGAACGAGGAGGCCGCGAAGCCCGCAGGCCCGGCCCGATGCGCGGCCCCGGCGGCCCTGGCGGCCCCGGCCCTCGTATGGGTCCCGGCGCGATGCGCGGCCCCGGCGGCCCCGGCCCTCGTATGGGTCCCGGCGCGATGCGCGGCCCCGGCGGACCCGGCCTGCACCTCGGAGGCGGCCGTCGCCCCGCCGAGACCGACCGCCGCCTCGACGCCCTCGAAGCCAAGATGGACCGCCTCCTCGAAGAGCTGAAAGGCTCCAAGTCCGAGAAGGCCAAGCCGGACGACGACGATGACGACGACGACAAGGACGAAGGCGAGATGAAGAAGGACGACGACACGAGCCTTCACACCACGCCGACGCTCCCCGTCGCCTGACGGCGTTTCCTCGAAACCCGCCGACATCTCAACCCCTTCCCCCCTCGCGGGGGAAGGTGGCCGAAGGCCGGACGAGGGAGTGGCGAGCGCGAGGACTCTCGGAGGTCTTCTCAAGCCGTCGGTCATGCGGGCCGGGCTTCAAACTCCTCAACTCCCCGCGGGCGTCTCCCCCTCATCGGTCGCTTCGCGGCCCCTTTCCCCGCCAGGGGGAAGGCCGTTTCCGGGCCCGCATGCCCCCAGCTCCCCGGTGACGGCTTTTCGACAGAGCCCCTGGCGAGGGGAAGCTGGCCTAAGGCGATCGAGCAGCCGTATTTCCCGCCGGGGTTCGGCGCGGCGATTTCCGTGGAGAACCCCGGCGTTCAGCAAACTCCCCTTGGGCCCTTCGGACGCACGAGGAGCGAACGGGCCGGCCGGTGCCGAAGCGAGCCTTCCCCATCATGACCAACCCGCACGACCCCCGGAGAGGAAATCCGTTAGACGACCCGAAGGCCCTTCTCCGCCGCGCCCGCGCCCGATATGAGGCGAGGGGGCTAGAAGGGGCCGCGGCGGACTATGAGGCGGCCGTCCGAATCCGCCCCGCGCTCGAGTCGGCGTCGTTCCGGTACGCTCGTGCGCTTGACCCCGCACTCTCATCACCCTTGGATCAAAATTCGGGGGCAGGCCAATGGAACAAGGCAGGCCCCCAATCGGCAATGATGGATTGCGTGCAGAGCTTCACCATCAGAACCAAAATCCACACGGTCCATTTGAAGAGTTGACTAGGGCCTGTTGACTGTCCGGAGGCTGTTTCGGTAAGGGTTTAGGGCGGATCGACGACCCAGGACGGAGCCGCCCGCCATGCGATACCTGATCACCGACGAGGTCTGGGCCGTCCTCGGCCCGATGGTCGAACGCTGCCGCTCGAAGCTGGGCCCGGAGCCGGAGTTGCCCGACCGGATGTTCTTCGAGGCCGTGCTCTACTGGGCCCGCACGGGGATCCCCTGGCGCGACCTGCCGGCCGAGTTCGGGGCCTGGGACGCCGTCTACAACCGGCTCCGGCGCTGGATCCACTCCGGGCGGCTGAAGAAGCTGTTCGACCTGATGGCCGAGCGATCGGAGTGCGAGGACGCCCGGCGGCTGATGATCGACTCGACGGTCGTCCGGGCCCATCAGCACGCCGCCGGGGCGTCGCGAAAAAAGGGGGGGGCGAGGCGCAGGCCCTCGGCCGGTCGCGCGGCGGCTTCTCGACGAAGGTGATCGCCGTCGCCTGCGACGAGGACGGCGTCGTGGCCCTGGACGTCGCCGAGGGGCAGCGGAACGACGCGCCCCTGGCGAAGGGCGTACTGATCGAGGCCCGCGACGCGGTCGGCGCGGTCCGCGAGGTCCTGGGCGACAAGGGCTTCGACTCCGACGCGGTGCGGGACGTCGTCCTGGACGACCTCGACGCCCTGCCGGTGATCCCGAATCGGAGCAACCGCAAGGAGCCCTGGCCCTGGGACGACGAGCTGCGGGAGGTCTACAAGCAACGCAACCGGGTCGAGCGGGCCTTCGCCAAGGCGAAGCAGTTCCGCCGCTTCGCCACGAGGTATGAGAAGTTGAAGGACGTCTACCTCGGCGTGGCCCGCCTCGTCTTCGGCTTCATCCACGTCCGCAAGCTCGCTCAATCCGTCAACACGCCGTAGCAGGTATCACGATACAATTCCACACCCCATTAGACCTTCCCCAATCGATCGATCGGTTTTTGCGGGCGAACGGTCACGTTACTGGGTATCACGCTCAAGGGAATTTCTGGGGCAATAGAAACATGGATATCAAAGACCTGCGGAATGAAATCAGTCGGATTGCGGATGCGGAGTTTGTCGGTGGCGTTCCCGCGGACGCAATCACCTCAGCCGAGGCAGATCTGCAAGTTTCATTTCCACCGTCCTACAGGGCCTTCCTTCGGGAATTCGGTGCGGGGCACGTGTCCTCGGAAGACATTTTCGGACTGGGCGGACCTCAGCACAGCGACGTCGTGTGGCTGGCTAAAGAGCTGAGATCCCGGACGACGACTCGGTTCCCTAGACATCTGGTGCCGATCAGAAACGATGGATTCGGCAACTATGATTGCATTGACACGTCGACGGTGCTGCCGAATGGCGAGTGCCCGATCGTCGAATTCGTTCATGGTTGGGATGGAGGGGACAATCGCAAACTGTCCGAAGATTTTTTCCATTGGGTTATGGATATTATAAAAATGGTCCGCGAAATTGAAGCGTAAAGCGCTTGGCCGGTCCATTGTGGGCGAACACGCCCTGCGGAACCGAGCGAAGGGCGGCTTGCGGCCTGAGCGATGGGACCGTATGGCGACGAAGAGAAAGTTGAGCAGGTCTCGGGACTGGCGGCGGCAGGAATCGATCGTCGTCAGCATCCGCTCGACGAAGCGACTGCCGGCCGCAGATTAGGTCCCGATGACCTGCTCCCCGGAGGCTGGTCCATCTGGTCTGGGAGTCATCCCCGCCCTCAAGGGCGGGGATGACTCCCGATGAAGCGCCCCCGACACACGCCCGAGCCCATCGTCTGCAAATTCCCCGAGGCCCACGCCGGACTCGCCAGGGCGACGGCCTTCCCCGAGATCTGCAAGGCCCTGGGCACCTCCGAGGCCACCGATCACCGCCGGCGCAACCAGTTCGGCGGCAACAAGGCCGACGAGGCGAAGCGACTCGAGGAACTGGAGAAAGAAAACGCCCGGCTCAAGGCATCGTTCGCCGAGTTGGCCCTGGACAAGGCGATCCTCAAGGAGGCCGCCCGGGGAAACTCATGAACCCGGTTTGGAGGCCGAGGCGGTCGCCAGGGGGCCGCACAAATTTCCGTCATGTTTAGCCTGGATTCCTGGAAAGGCAATGCGGGCGGCGATCACGTCGCGCAAGGCGGCCGCGAGCGTTTCGTCCGGGGGCGAAGCTGGTGCTCGACGAGTTGGCTTCGCTGAGTTCGGAAGGCCGCTGGGCATGGAGAAGGGGGGAGGGCGGCGACGGAATCTCGGCATCGGTGTACGCAATCGCCCGGCCTGGGGCATCCTCTCTTTGAGCTCCTCGGCCCGCCGAGGCGGCCTGCGAGCGGGTCGGAGCGGTTGACGCGAGCTGACGAGAAGACATCAAAGCGCGCCGAACGAACCCAATCCCCGGGCGAAAAACCAACACCAAGCCCATACGCACCAATAATTTCCGTCGATCGGGTTCGTCCTCAGGCCGGACGAACGAAGCCAATTTCCCGCCGGGCGCG
NZ_CP011273.1_gap48	2685824	2688580	2756	CAGACCTACCGGGTCGACTCGCGGCGATATCGGCCCGACGGCGAGGAGTACTCCGTGGTGGCGTACCTGGTGCGGGCGAAACGCCGGTCCACCTTCTACGTCTGGCGGGTGCTGCTGCCGTTGACGCTCCTCTCGCTCATCCCCACGCTCGTCTTCTGGTTCGAGCCGACGAACCTCCAGCCCCAGATCAGCACGTGCATGGGGACGCTGATCGCGATGCTCGCCTTCGGTTACTCGGTCGACTTCGCCCTCCCCAAGGTCGCCTACCTCACCATCGTCGACCGCCACGCGATGGTCGGCTTCCTGGCCGCGACGGCGGCGACGATCGCGGTGACCGTGATCCACCGCTCCGTCGCGGTCGGGGCGGTCCCCGCCGCCCTGAAGGCCCAGCGCCGCCTGCGCCTGCTCTACCCGGCCGCCTACCTGGCCGTCGTGGGCCTGAGCTTCGGACTGTTCATGTCCTCGTGAGCCCCCGGGGCGGGCCGTCAGGGGTTGGCGACCAGGGTCGACTTCCCCGGCGGCTCCACCGCCTTCAGCGTCGTCGTCGCCACGGTCGGGAGTTCGGGCGGGGTCTCGACCCGCAGGGCGCCGAGGCCGAGGTCGAGGACGCCGCCGACCCGGCGTTCGAGGTCGGCGAGGTCGCGCTCGACGGCGGCGAGGGCCTCGGCGTGGGCGCGGACGGCCGCGCAGGCGTCGGAGGCGTCGCGACAGAGGGCGTCGAGCAGGGGGGCGTGGGCGAGCCGGTCGACGACGGCCTTCAGATCCTGGTCGAGCCCCCGGTTCAGCCGGTGCAGGAGCAGCCCGCCGACCAGGACGCCCCAGAGCAGGCACCAGAAGGCCGCCTGGAAGACGAAGTCCAGGCCCAGGAGGGGGCGGCCCTGGATCATGTGGTCATAAAAGAAGTTCTTGGCCATGTGGAGGACGAGCCAGGCCGGGAGCAGGGAGAAGAGCGCCTCGAAGGCGACGTGGACGGCCCTCCCGGCGCGTCGGGCCACGCGCTTCTCGACGACCTCGTTGATCTCGGCGTCGAGCCGGCGGTAGACCTCGACGGCCACCGTGGCCAGCTGCTCGGCCGAGAAGTCGCCACCGTCCTCGCTCGGGGAGGGGCGGATCCCGGCCTCGTTCTGGTAGCCCTGGAGGATCGTCCGCGCGTGGGCCAGGTCCCCTTCGGTCAGGCCGAGGTCGGCCTCGGCGGTGAGCGCGGCGGCGGCGCGGCTCTCGCGCCACTTCTCGCCGACGAGCGACACGGCCGTCCAGCCGCCGGCGAGGATCGCCTGTGTGGGGGTCCGGGCGCGGAGCAGGATCAGCGAGCGGACCAGGCTCCCGGCCGCCGACCAGAGCCCGATCAGGAACGCGAGCGGCCCGGCGCCCCAGGTCTGGTTGAGCTGCCTGAGCACTCGCGACCGCCAGAGCCGGCGATTGGCGTCGATCCGCTCGGACATCTTGGCGGCGATCCGGGCGGCCATCCGGGCCCGCTCCTGGTTCAAGGCCGACTCCAGCTTCGCCACCGCCTCCAGGCCGGCGTCGACCGGCCCCCGGATCGCGGCCAGGAGCCAGCCATAGAGGCCCAGCAGGTTGGCGCGACGGATCCGGTGGCGGGCGCGGCTGGCCAGCTCGTGCTCCAGCAGGTCGCGGAACTTCGCGAACTCGGGGTCGACGGCCTCCCCGGCCTCCTGCCTCGCCATCGCCTCGGCGGCGTCGAGCCGGTAGATCTCCGGCACCCGCAGGCCCAGCGAGTCGAGGTAGCGGCGGAGGTCCGGCCGGTTGTCGTGGTCGATGCGGGCGTGGGTCTGGACGAACAAAATCTGCCGCCCCGGCGCGTTCCGGCGCACCTCCTGGCCGACGACGTGCGACTTGTACTTCTGCGAGGTGACGGTGTGGACCATGACGTCGCAGTGGGGGAGCACGGAGCGGAGGATGTCCAGGTGGCGGCCCCCCTCCTCGCCGTCCTCGGGGTCCTGGGTGTCCGGGTCGGGGCAGTCGATCAGGATCATCTGTTCGAGCAGGGGGACGTTCAGGCGATGGATCTCCAGCGCGTCGTCGTCCAGGCCCAGGAAGGCCGGGTCGACGTCGGGGTGGCAGGCCACCACGGCGCGCCGGGTCATCGGCCGGAACTCCTTGCCCGCCCGGCTGACCCGACGCCCCAAAAGCGCGTTGAACAGCGTGCTCTTGCCCGTCCCCGAGCCGCCGAGGAAGCCGACGACCAGGGCGCGGTCGAGGTCGATCTCGGGCACGCGCAGCCGCGAGTCGAGCCGGCCCACGAGCCCCTTCGCCTCCTGGAACGGGGGCCACGCCGGCGCCCCCTTCGCCCAGGCGAGGAGCCGCTCGTGCAGGCGGTCGAAGCCGGCGAGCAGGTGCTCGCGCTCCCAGTCGGCCTTGGTGAATCGCTCCGCCATGCGGGGGGTTCCTTCCGGGGCGCCTCTTCGGCCCTTGCGGTCTCGTCAGGCCGGGGCTTCGAAGGCCCCGCTTCCCCAAGGATACCGTCCCCGCACGCTCTCAGGCAGCCCGCTCCGGCGCCGCGGGGCGTTCACCGCCCGGCCTATCCCCGCGCCTCGCCGATCAGGTCGACGACGGTGGAGAGGAACGTCTGGTCGTGGAAGCTGCTCTTGGTGAGGTAGAAGTTGGCGCCGGCGTCGAGGCCGCGGATGCGGTCTTCCTCGCGGTCCTTGTACGAGACGATGACGACGGGGATCGGCCGGAGGCGGGGATCCTTCTTGATGAGCGAGACCAGCTCGACGCCGTCCATGCGGGGCATG
NZ_CP011273.1_gap49	2697722	2702035	4313	CCGCCGGCCGCGTTGATCTCCTCCAGGGCCAGGATCTCGGCGTCGAGCAGGGGCGACTCGTCGACCGCCAGCGGGCCGGTCCGCGAGTGCAAGAGCCCGACCACGATCGGAGCCTCCACCCGCTGCACCAGTTGGGGGAGCCCGTAGAAGAGACCCGCCGCGAGCAACGCCGCGCCCAGCAAACCGAGCCACCAACGCCTCATCGGCATGACCCCCGAACCTGGCCCGGCCGCGATCGCGGGCCGACGACGCGCGGGCCCGCGCCGAACCCGCCACGACTGCCATTATAGCCCATCCCCGAACCTCCGGCCCGACGCCCTCCCGCAATCTCGACCTATTCTCGCGGCGCGACGAATCCGACCGGGATCGCCCAGGGCCTCGAGACTTCGACGCGCGCCGGCGGGCCGATCGGAGCCCCGGCCCCCCGACCGTACCTTTCCGATCGGCCCTCGCTCCATGATTTGACGGCCTGGTAGAATCAAGGGTGACGCCGGGATGAGACCGAATCCGGGGATGAAAGGGCTGTGATGATCGAAACGCTGAGATCGATCGACGGGGGTTGCGCGATCATCCTCGACGCCGCCACCCTGGACCTCCTCAAGCTGGGGGTCGGTTCGCGCGTCGAGGTGAGCGTCTCCCCCGACGGCAAGCGCCTGCTGGTGACCCCCATCGAAATCGAAGCGGCCGACGAGGAAGCGGAACATCGAGCCCGCGTGCGGGAGGCGTCCCGAAGGGCCATCGCGCGGCACGGGGCCGCCTTCAAGAAGCTGGCCGAATGAGCCCGGTCTTCCTCAATCCCGCGGACGTGATCCAACTCCACGCCGATCAAGTGGAAGCCTTCGGAGGCTCGCGGGGGATACGCGACGCCAACCTCCTGGCGTCGGCCGTCGCGCAGGCGTCCATCACCTTCGGTGGAACCTTCCTTCATGAAGATCTGTTCGCGATGGCGGCCGCCTATCTCTTTCATATCGCCATGAACCATCCATTCGTCGACGGCAACAAGCGGACCGCCCTCGCCGCCGCCGTCGTGTTCCTGGATCTCAACGGCTTCACGCTCCCCGAATCGAGCACCGAGCGCCTCTACGAGGCCACGATGGCCGTGGCCGAAGGTCGGATGGGGAAGGCGGCGCTCGCCGACGTGCTGCGAGGGCTGCCCTTCACCGCGCCCAGCTCGGGGGGATGATCTCGTCGCGGGTCTGGAGGTGGACGGTCAGGTCGTGCGTGTGGAGGCTCTCGCGGAGGGCGAGGAAGCCGGCCTGGGCGGCGACGACGTCGGGGAAGCTGGCCCAGCCGACGAACTGGCCGTCCTCGATCCGCGAGCGGACCGCCAGCGTGTGGCTCGCCGGGAGGCCGTCGAACGCGTCGATGACGTGGCGCAGGGTCTCGCCGAGGTTGGCGTACTCGGCCGTCCGCGAGACCAGCGAGCGGAGGGGCCACGAGACGACCATGCAGACGCTGAGCGTCGGCCCCTCGGAGGAGTCGGCGGGCGCGGCCCCCGGGAGGTCGTGCTCGGACTTCTCCGCCATCTCGAAGCGGATCCAGACCAGCTCGACCTCGACGGTCTGGAAGACGCCCGGCGGCTCGGCCTGGGCCGGCTCCGGAGGCGACTCCGACTCGGGCGTCGTTTCGGGGGGGGACGTCGCCGTCTCGCCGCCGCCCCCGAACGGGAATCGGCCCTGACTGAAGAAATCCGAGGCCGCCGCGGCCCGCGACCAGGGGGGAGGCTCGGCCCACGTCGAGGCCCCGGCGGCCTGGGTGGGGGCGAATGGGGACGTGGCGCTCGCCTCCGGCTCGAAGCCCCCCGCCGTGGACTTCAACACCTCGTACGCGCGGACGACCATCCGAAACGCCCACTCGTCGCCGCCGAGGTCGGGATGGTGCTTCTTCGACTTCTCGCGGTAGGCCTCGCGGACTTCATCCGGCGACGCCTCGGCGGGCACGCCCAGGATCACGCGGGGATCGAACGGGAAATGGTGGATCATGGGGACCTTCATCACGAAACCAAGGCGGCGGGACCGACGGCGGAATACCCCTGCTCGCAATCCGTACGCCGATCCTCGCCGCTCCGGCCGAATCTTTTCGGAGACGTCTCGACGCACCCATGATCGCGGGGGGGAAGGGCGTTATCCTGCAAGACGACGGCCACCGCCCGGTGGCGTCGCATCCGGTTTCCAGTGGAGGATTTCCGATATGTGGAGTAACCAGCGGGGCCTTCGCGCCCCATCGTTTTCGGCGGTCATCGCGATTGGGATCGTCGTCGCCTGGGCCGCGGAATCGCCCGTCAGGGCCGAGGCGGGGGTGAAGGCGTCCGACGTCGCCTCGTGGCCGATCGTCGTCGCGGCCGACGCCGCGCCCGCGGAGCGTCGCGCGGCCGAGGAGCTGCGCGACGCCTTCGCCGAGGCGACCGGCCGGCCCCCGAGATCGTGGCCGAGGTCCCGGCCGGGAAGCCGGCGGTGATCGTCGGCAAGGCGGCAGGGCTGGAGACGGAAGGGCTCGGCGAGGAAGGGTTCACCATCCGCGTGGACGACCGCGTGGCGATCGCCGGCGACGCCCCGCGCGGCACGCTCTACGGCGTCTATTCCTTCCTGGAGGACGAGTTCGGCGTCCGCTACCTCGCGGCCGACTGCACGAGCATCCCCAAGCTCGCCCCCGACAAGACGCTGGCCGCCGGCCAGCGGTCGTTCCGCCCCCGGTTCTCCTGGCGGTACTCCTATTACAAGGCCAACCAGGACCATCCCGAGCTGGCCGCCCGGCTGCGGAACAACGCCGTCGTCGACGCCCCCGAGCTGGGGGGCCGCTCCGCCTGGTCCCTGATCTCGCACTCGGTCCACAACTGGATTCCGGTGGCGAAGCTGGGCCGGTCGAACCCCGAGTTCTTCAGCCTCGTCGACGGCAAGCGCCGGGCGTTCATGCAAGACGACCAGTTCGACCAGGGGGGGACGCAACCCTGCTTCACCAACCCCGAGGTCCGCAAGCGGATCATCGCCGGCGTGTTGGCCGAGGCGGAACGCCGCAACCTGACCGACGGCGTGGTCTCCATCAGCCAGAACGACAACCAGGAGTACTGCCGATGCCCCGACTGCGCGGCGATCGACGATCGCGAAGGCTCGCACATGGGCTCGCTGCTGACCCTGCTGAATGAGGCGGGCGACGCCCTGGCGAAGGTCCGGCCGGGGGTCTGCGTGGGGACGCTCGCCTACCAGCACACCCGCAAGCCGCCGAAGGCTCTCAAGCCCCGGCCCAACGTCGCGATCCAGCTTTGCAGCATCGAGGCCTGCCAGGTCCACGCGCTGAACGACCCCGCGTGCGAGCAGAACCGCTCGTTCTGTTCCGACCTGGACGGCTGGTGCAAGATCAGCGACCGGGTCTACGTCTGGAACTACAACGTCGACTTCACCAGCTACAACCTCCCCTGTCCCAACATCGAGATCATCGGCGCGAACGTCCGGTATCTGGCGTCGAACGGGGTCCGGGGCGTGTTCATGCAGGCCGCGGGCGACGGCCGCAACACCGAGCTGTGCGACCTGCGGAACCACCTGATCTCGCGGCTGCTGTGGGACCCGATCCTCGACGACGCCCGGATCATCGACGAATTCGCGGATCGGTATTACGGCGAGGCGGCCGGCGACGTGAAGGCCTACCTCCGTCTGATCGCCGAGACGCCCCGCAAGAAGGGCGTGCATCGCCACTGTTTCGGCATCGGCGTCGATTACGGTTACGACGAGTCCCTCGGCCGCGAAGCCCTGGCGATCCTGGAGCGGGGGATGGCCCGGGCCGAGAGCCCGACGATCCGCGACCGGGTCGAGAAGCTGACCATCGGCCCGCGCACGATCCTGCTGGAGCCGTTCGCGGCCTGGGTCCGCGACCACCAGGGGGAGATCGCCGGCGGCCGGCTCAAGGAGGCCCCGCCGAAAGCCTACCAGGGGATGGAGGCCGACCTCCGCGAGCTGTTCCGGCTCTACGAGCGCCACGGCGTCGACCGCTACTCCGAGGGCCTCGCCGCCGCCCCGTTGAAGGCCGTGCTGCCCGCCTCGCTGTTCGCGGCGGCCGACGGGGCGAAGTGAGCCGGCCGAGGCCGGACTTTGAATCGGCGGTATGAGGATTGCCCCTCTGGCTTCAGGAACCCCGCCGGCCCGCGCTTCTCGCCGGGCCGGCGTCTCCCAAGGCCCGAGCAGGAGGACCCGAGACATGCCGGACGACGTCAATCACGAGTACAAGCTGGCAGACGCCATCCCCGACCCCGCGAAAGGGCCTGACTCCGCCGGCCCCGGCGGGCCCCCCGAGGCGACCCACGCGACCGACGCCGAGCAGCA
NZ_CP011273.1_gap50	2722577	2723905	1328	CGCTGCGACTCTAACGCGCCCGATCCGCCACCCCTAGCACCATCCTCGACCGTCCCGATACTCCTCTCACGCTTTCCCCGCCCCAAATTGGGTTCGTTCGACCCCGGACGACAACCAACCCATCCGACGCAACTACTCCCAAATCAAAGCCTTTACGACGAACAACCGACTCCCCAAATTGGCTTTGTTCGGCGATTTTCGCATGCCGCCGCGTCAAGCTCCCCACTCCAAGCGATCTCCCGCCCCCGATTGGCTTCGTTCGCACGCCCTCCGGGACGGCCCCAAACAATGCAACCAGATAACCCAAAACCCTTAACGTCGACCCAACGGCCTCCAAAATTGGCTTCGTTCGGTCATTTTCACCTCTCGCCGTCGACTCATCCGAAGGCCGATCCAGACCTCTGCCCGTTTCCCGACCGACCGACGAATGACCAAAAACCCTGTCCCGGCGCGCAAAGCCCCAAGAATACGATGCCTCCCGTTCGCAGACTCCGAACGCGGAGCCCGTCATCCCACGTCAATTTCTCCTCGGATCCCCGCCCACATACGCAACGGATCGGCGGCCCACCCCCTCTCAGGGCCAGCCGAGCCGCCGCCGTCGACGGCGAAACTCCCGAGCGTCCGAAGCCCTCCTCCCCGTAGATCCAGGCCCGTGACGCCATAACGGCACGTGCGCACAACCGATTTCGTGGATGATCAGCGAATGCGGCGTGGCTGCCGGAAGCACCTCCTGGACCTACGATCCGGCCCTAAACCGCCGGGCACTGTCCGTCGACTCTCGCGCCAGACCCCCACAGCCACCCCTAGCCCTGACCCGCCGATGCAGCCAGGCCACCATCATCGGGAACTCGGCAAATCTGCCGAATTTCGTCAAACAGAGCCGAATCATGCTTGACCATGGCCATAAATCACACTATCCATAACAACCACTCACATTCTATTTGCTAAACACGTGGGAATGGAGGTTCATCCGATGGGTCATGGCGAGGAGAGGTTGGGCCTACAAGAGGGCGACTTTCAGCCGGTGGCCTGGGGCGTCCATCGGAGGCGGGTCCTCCAACTCGGCAGCTTGGCGGGCCTCGGTCTCATCTCGGGCGGTTGGGCTCAGGATGGAGAAGCTCTCATTGCTCCATCGGACACGGCGGCCTTGCCCTGGGCGGACGTGCCGACGCCGAAGTCCTCCGTCTGCGGCAACACCCCCTTCGGCGGCGCGAGTTACGTCGGGATCCCCGGCGTTTCCCGCCCGAACGACCTCGGGCCGGGCGAGGGCACGAAGGCCCTGTTCGACCTGGAGAAGGCTTGGCCGATCGGCCAGCCGATCGTCGTCA
NZ_CP011273.1_gap51	2908619	2913296	4677	GTCCACCGGGCTGACCAAATCCGGCGAGGAGGCCGCCTTCCTCGAGGACTTCGAAGGAGCCTGCGCGGCCGCCAGGCGATTCGGCGCCGAGAACCTCATCACCTTCGTCGGACGCATCCAGCCCGAGATTCCCTGGGAGACCCAGCGCGCCCAGATCATCGCCGGCCTGAAGAAGGCCGGGCCGATCGCCGAGAAGTACGGGGTTTATCTCACGCTCGAACCGCTCAACCGCGTCGAGTCGCCCCAGATGGCCATGATCACCGCCCGCGACGCCTTCGACTTCGCCGCCGAGGCCGGCCATCCCCGCGTGAAGGTCGATTTCGACATCTACCACCGCCAACTCGGCGAGGGCAACGTCACATCGATGCTCACCGAGGGCCTCCAGGCCGGCCATATCCACTTCGTCGAGGTCGGCGCAGTCCCCGGCCGCAAGGAGCCCGGCACCGGCGAACTCGATTACCGGTTCGTCTTCAACCGCCTCCGCCAGCTCGGCTACTCCGGCGCCATCGGCATGGAGCACGGCACGACCCAGACCCCCCAGTACGCCTGGGAGACCGTCCGCCGGCTCGCCGGCCTGGCCTGAACCAACCGCGGGAGCGACGGGGACGCCCGTCGCGCGGCCGCGTTTCGGCTTCTGGAATCGGGGCGATCTGGTAGAATCGGCCGCCTAGTCGGAATCGGAGCGTGGACGCCGACGGGAGGTTCGGGGGGCGGTCGTTTTCGGGACGGCCGTCGGCCGATATAATGTTCGGGAGTCGTCGCGCCGCGATGCGACGTTTCCCTCGGTCGAGTCGGCGGTTCGGCCTCGGCGACGGTCTGGGGATCCCTCTGCGAGGTTCAGCCTTGGAAGATCAGAAAGCCCGCCCCAAAATCGTGATCGCCGACGACAACCCCCAGAACGTCGAGCTCCTGGAAGCCTATCTGGGGGACGTCGATTGCGAGATCCGCACGGCGCGCGACGGCGAGGAGACGTTGCAGGTGGTCGAGGAGTTCAAGCCCGACCTCCTGCTGCTCGACGTCATGATGCCGAGGCTCTCCGGGTTCGAGGTCTGCCGCAAGCTGCGGACCATCCCCGAGACCAAGGACCTCCTCATCCTGATGGTCACGGCGCTTAACGAGGCGTCCGACTTCGAGCGCGGGGTGCAGGCCGGGACCGACGACTTCCTGACCAAGCCCGTCAACAAGGTCGAGTTGCTCTGCCGCATCCGCAGCCTGCTGCGGGTGAGCCACCTGGAGAACCAGCTCGAACGGACGCTGGCCTACCTCGCCGAGTTCGAGTCGGCCAGTCGCGCCACCGAGGGGTCATGACCACGGCTTCGCCGTCGTCTTCGTCGCCGGTGAGGGTGGTCGTCAAGCCGAAGCGGGTCCGGCCGCTGTTCGCGGGGCATCCCTGGGTCTTCGCCCAGTCGATCGCGCGCGTCGAGGGCTCGCCGGAGCCGGGCGACGAGGTCGTGGTCGTCAGCCACGAGGGGGCGTTCGTGGCGCGCGGGCTGTTCAACCCGTCGAGCGCCATCCGGGTGCGGCTCTACCGCTGGGACGACGCGCCGCTGGACGCCGCGTTCTGGAGGTCCCGGCTGGAATCGGCCGTCGGGCTCCGTCGCGACGTGCTGAAGCTCGACGCCGAGGACGCCGCCTATCGGCTCGTCTTCAGCGAGGGGGACGGCCTCTCGGGACTGACCGTCGACCGCTACGGCCGTCGGCTGGTCGTCCTGTTTTCCAGCCTGGCGCTGCATCGCCGCCGGGACGTCATCCTGGCCGCCCTCCGCGACCTCACCGGGGCCGAGGGGCTCCTCGCCCGTCCCGACCGCGCGGTGGCCCGCGAGGAAGGGCTCGACGCCAGCGACGTCCTGATCGTCGGCGAGCTTTCGGACGGTCCCGAGACGGTCGTCGAGAACGGCCTGTCCTTCCAGGTCGACCTGCTCCACGGCCAGAAGACCGGCTTCTACTGCGACCAGCGAGAGAACCGCCGGGCCGTCGCCCGATACTGCGAGGGCCGGCGCGTGCTCGACCTGTTCAGCTTCACCGGCGGGTTCGCCCTCAACGCGGCCCGCCACGGCGGCGCGGCGAGCGTGCTGGCCGTCGACAGCTCGGCCCCCGCGCTGGCGACGGCTCGCGAGAACGCGCGGCTCAACGGCGTGGCGAACGTCGAGTTCGAGCAAGGGGACGTGCCGAAGGTCCTGGAACGCCTGCACGCCGCGGGGGAGCGGTTCGACGTGGTGGTGTGCGACCCTCCCAAGTACGCCGGGCACGCCCGCGACCTGGCTCCCGCGCTCGGAGCGTACGCCCGGCTCAACCGCGCGGCGGTCGGCGTCCTGGCCCCCGGCGGCTTGCTCGCCACCTGCTCCTGCTCGGGGCTCGTCGATCGCTCGACCTTCCGCGACGTGCTGGCCGACGTCGCCGGCCAGGCCCGCCGCCCCATCCAGATCCTCGAACAGCGCGGCCAGGGGCCCGACCACCCGGTCTCCGCGGCTTGTCCGGAGACCGACTACCTCAAGTGTTTCGTCGCCCGAGTCGGGGCCTGAACGGCTCGGCGCGACGGGGCGGCGGTCGGTCCGCGCATGGCGAAGGCCCGGAGGAAATCCGGGCCTTCGCGGATGGACGTCGGGTTCCGAGCGGTCCGATCGACGGTCAGTCGACGCGGCCGGCCGCCGGGGAGTCGCGGTCCTGGAACTCGCGGGCGCGATCCTCGGAGATGGCGCGGAGGAGGCCGTTGTTAAGGCGGCGGAAGAGGGTCGAGCGGTACTCGGCGGGGACGTCGGTCTGGATCCATTCGCGGGCCTCGTCGCGCATGCGGCGGACGCCGAACGACTCGGCGATGGCGCCCATGGCGACGAACCGCTCGGCGTCGGACGCGTAGAGCGCCAGGCTGGCGCGGGCGTCCTCGAAGCGGCCGGTGGAGACCAGGCTGTCGACCAGGATGCCGGTGAGGACGCCGCGAAGCCCGCGCTGCTCGATCGAGGCGACGGCCTCGGCGGCGAGGTTGAAGCTGCGGGTGGCGTCGTCGTTGCGGCCCTTGCGGGCCTGGAACTCGGCGACCAGGACGAGGGCGCGGGCGCGGGCCTCGGCGTTGCGGATCCGGTTGGCGATCTCGGTGGCCCGCTCGTCCTGGCCGGACTCGCCGGCGGCGATGGCGAGCCGCTCCATCGCCCGGTTCTTCCAGATCGGCCGCTCGATCTTCTGGGCCAACTCGGCCCCTTCGACGAGGATCTCGTCGGCCTGGGCGGCGAAGGCGGCGAGCTCTTCCTCGGTGGCCTTGACCGTGCGTTCGCTCCGGGGCTGGGCGTATTCCATCGAGATCATCGCGCTGCCGGCGGCCATGTTTTCGATGGCGCGGTCGAGGTATTCGCTCCGGTAGGTCGGGTTGCGGATCCGTCCGGCCATGTGGACCGCCCGCCGCCATTCGAGGCGGGCCAGGCGGATGGCGACGTCGGCCGGCATCCGCGCGGGGGTCTTGCCGTCGCCCGCCTCGCCGGGGAACAGGGAGATCTGGGGCTTGGCCTCTCGGATCACGGAGTCGGAGAGGAGGCCGGACACGGTGACGATCGAGATGACGAGCTGGTCGTGGATCAGCTCGTTCGGCTCGTCGGTCGCGGCCCGGGAGGCCGCCTCGACGGCCCGGTTGGCCAACGTGAGCTGATTGCTGAGGATGGCGCCCCGGGCGATCTGCAGGAGGATCCGGCCCCGCTCGCCGGGCTCGGTGATCAGCTTGGCGGTGTCGATCATCTCGGGCGTGATCCGCAGCCCCCCGCGGAGTCCCTCCGCGACCGGGGGGATCTCCTCCAGCGAGAGGAAGGGGTGGAGCGAGGGGTCGTCGGGGAACTCGACGTTCTGGCCCGGGCCCACCGGCGCGTTCTCGGGCCGCTGGACGGGCGGGGCTTCGTTCTGGGCCCTCGCGGGCTGGATGGCGCCCGACGCCAGAGTGGCGAGCAGGAGCGCCGGGTACCGGAACACCGGGTGTACGAGCCGCATGGGGTCTATCCTCAAGTTCGATCGGCGAGGGGGCCGACGAAAGGGTCGTCTCGGGCGCCAGGATCGTCGCATGGATCGTCGACGTGCGGTCGGCGCGCGGCCGACAACCTCAAGGATGCCCTCCGTTCTCCGGCCGGTCAAATCGCCCGGAAGCGGCTTCAGGCCCTTGGGGCGAAGACGCGTCGTGGATTGTCGACGAGGACGAGTTTAGCGACCTCGATCGCCCGCTCAGACGACCAGCCCCGGCCGGCGATCCCCTCCTCGGCCAGGGTCTCGGCCAGGATCCGCCGGTACATGTTGAATTTCGGCAGGATGAACTCCAGCTTGTAGGCGTCCGAGTAGTAGCCCAGGAGCTTCACCTTGGGGACCGCCTGGAGCCGGGCCTTGAGGTCGGCGGCGATGAACGTCGGCACGTTCGAGTACCACCAATGGCCCATCGGCAGGACGTTCGGGAAGATCCAGGAGTAGGCCACCAGTTCGGCGCCGGCGTCGGGCGAGAGCGTGGAGACCGGGAACGTCACCCCGGCGAAGTGGTTGAACAGCTCGCGGTACTCGTGCAGGCTGACCCGGCGGTCGAAGAGGTCGCGGCCCCCGGCCACTCCCGCCGGGTAGACGTTGCGGATCGGGCCGATCATGAGGTCGAAGGGGAGCCGGAACTCGGCGCAGCATTCGGCCAGCGTCCAGAAGACGGTGGCGCGGACCTCCTCG
NZ_CP011273.1_gap52	2939096	2942592	3496	GCGCTGCTCGTGATGACCTGCGCGGCGCTCGCGCTGCTGCTGACGCCGGCGATGGGGCTGATCTTCGCCGGGCTGGTCCGCCGCAAGAACGCGCTCTCGGCGTTCCTGGGCTGCCTGACGCCGCTGGGGATCGTGGCGGTCCAGTGGCTCTTGCTGGGGCAGGGCCTGGCGTTCGGCCGCGACCTGTTCGGCGGGCTGGTCGGCGTCCCGGACGGGGCGCTGTTCGGCCTCCGATTCGAGCCTCGGGGCGACCTGGCGACCACGATCCCGGAGTCCCTGTTCCTGACGTTCCAGATGCTGGCGGCGGCCTTCGCGGCGGCCCTGGTCGCCAGCGCGGGGGCCGAGCGGGCGCGGTTCGCGTCGACGGCGGTCTTCGTGCTCCTGTGGACGACGCTCGTCTACGACCCGGTGGCCCACTGGGTCTGGTCGCCCGAGGGCTGGCTCTGGAAATTCGGGGCGCGCGACTTCGCCGGCGGCCTTGTCGTGCATGCGACGGCCGGCGTGGGGGCGCTTTGCGTCGCGGTGGCCGTGGGCAAGCGTCGCGGGGCCGACGTCGAGAGCCTGCATCCCCACAACCTGACCCTGACGGCGATCGGGACGACGCTCCTCTGGCTCGGCTGGATCGGCTTCAACGTGGGGCGGGCCTGGGGCGTCTCGCCGGGGGCCGCGGCGGCCTTCGCGGCGACCCTCTTCGGCGGCGCGGCCGGGATGGCGGCCTGGTCGCTCGTCGAGTACGCGACGACGGGCAAGGCGACCTTCCTGGGCGCCTGCACGGGGATCGTCGCGGGCCTGGTGGGCGGGTCGGCCGCCGCGGGCTACGTCGCCCCGCCGGCCGCGGCCGTCCTCGGCGCGACCACCGCCCTGATCGTCCACGGCGCGATCCTCGTCAAGGGACGGCTCGCCTACGACGACTCGCTCGACGTCTTCGGCGTCCACGGCGTCGGCGGGATCGTCGGCGCGCTCGGCCTCGGCCTGCTGGCCGACTCCGCGCTCGACCCCGGCGTCGTCGGCCTGTTCGAGGGCCGCACGGAGCTGATGCTCGCCCAGCTCGTCGCCGTCGCGGTGGTCGTCGCCTACACCGCCGTCATGACCTCGGCCATCCTGTTCGTCGTCGACCGCGCGATGGGCCTCCGCGTCAGCCCCGAGGACGAGGAACTCGGCCTCGACCTCGCCCAGCACGGCCAGCGCGGCTACGTCCTCGGCGAAGGCGAACGCGCGTTCGGCGAGTTTCGATGAAAGCCGCGATCCGCACCCCCCGGTTGCCCACCGCCCTACGATGACAGGAACGCGAGCGAGCCGAACGGCGGCCGACGCGATCGACGCCTCGACCTGAAACGAAGCGTCATGGGCATTCCGGGAGAATCGACGACATGCGGATCACTTTCGGCCTTGGTGCGGCGGCGCTCGTTCTGGTCCTCGGGGCGGCGGGAGCGGACGGGCCCGGCGAGACGCCCCGAGAGATCCCCCCGGGCCCGCTGGGGGACGTGATCCGGCTGGGCGAGACGCTGGTTCAGGAAACCGCGACGCACCCGATGACGAAGCCGTACGTCGGCAACGCCCTGAATTGCACGTCGTGCCACCTGGCGAACGGGACCGATCCCGAGGCGGGGACGTTCCTGGGGACGGCGACCGCCTATCCCGCATACTCCCCTCGCGAGGGCCGGGTGCTCACGCTGGAGGATCGGATCCTCAACTGCTTCATGAGGAGCTGCCACGGCGTCCGGCCGCCGCTGGGGAGCGAGCCCTCGGTGGCGATCGCGGCCTACATCACCTGGCTCTCGGCCGGCCAGCCGCTGCGCATGAATCCGAAGCGTCCGGCCGGGCCGGGCGCGATCAGGCCGCTGGGCCTCGCCGCCGAGTCGGCCGATGCGGAGCGGGGCAAGGCCCTCTACGCCGAGAACTGCGCCGACTGCCACGCCGACGACGGCCGGGGCCGCAAGGAGAACCCGCCGGTCTGGGGAGACCGCTCGTACAACCAGGGCGCCGGGCTGGCGAACACGCCCCAGCTCGCCGCCTGGCTCAAGGTCGCCATGCCCCTGGACGACCCCCACCTGACCGAGCAGGAAGCCCTGGACGTCGCCGCGTACGTCAACTCCCACGACCGGCCCGCGTTCCGACTGGAGGACCACCTCCCCCCCGATGACAAGCTCGGCGAATACAACGCCGCGGCCGACGCCCCCGGAAGGTGAGCGTCGGCCGCGGCGTGAGGTTTTCCCTTTACGGACTGGTTCGGGTCAGGGCTTCCTGGTCGCGACCAGCTCGGCGGTGGCCGGGACGCCGTCGAAGGGGGCGGCCACCGGCTCGACGAAGCCGTTGTCGTGGGCGATGAGCCCCAGCGAGCCGACGCAGTAGTTGTCGCCGCCGGAGAGGAGCAGGTTGAACACCGGCTGGACCTTCTCCTTCTCGGCCGAGGCGACCTCCACGGTGCCGCCCACGGTGCGGAGGCGGTCGCCGGGCTTGAGGTCCCGCGCCATGACCCAGCCGTGTCCCGCCTTCCAGAAGCGGTGGATGCCGGTGGGGTGCACGGTCTCCCTGCCCAGGTCGATCGCGTGGGTCATGGTCGGCGGGTTGTGGAACACGGTCACGACCGCCCGGTAGTCGAACCGGCCGGTGGTCGTGTCCTGGGTCAGCACCTGGTCCCCGGGCCGGATCGTCTCGATGGGCCGGTCGCCCCGCAGGGTGCGGACGGGCGTCCCGCCGGCGAAGCACGAGTAACCCGACGGCGTGTAGCCCGCCACCGAGAAGGAAACGGTCATGTACGGGCGGGCCTGGGGCGTGAAGGCGATGGGGACGTCCTCGACGTAGGTCGGAACCGTCGGCTCGGCCGAGGCGCTCCGGCGGGCGTAGCCTCGCCCCTCCAGCTCGTACGCCCAGTCCATCCATTTTTCGCGGTCGTAGCCCAGGTCCACGCCGCCGATTTCCTTCAGGAGCGTCGCGGCCCGCTCGTTGACCTCGCGGATCGGCGCGTTGTACGCCTCGATGTCGGCGACGTCCCGGGTCATCTGCTCGCGGGCGACCGAGGCCGACGCGCGCGCCTCGGCGATCATCGCGTCGATCGGGACGTGGAGCCGCTTGGTCGTCGCCACGACCTCCCGGAAGTTCGGGCCCCCCAGGCGGACCAGGTTGGACTCGGACGAGTCGCGGCCGAGCTCGTTGGCCAGTTGGGTCGGCGAGAACATCACGCTCCAGGGCTGGTACGAGACCCCGCCGGGGACGGTGTAGTCCAGGGACCTGTCGACGAAGTTCCGGAACGCGGCGTTGAGCTGGGGGTTGGGGGTGTTCAGCGTCATCACGGCTTGATACCGCTGTTTCTGAGCCGCGAGCGCGGGGACCAGATCCCTGCTCATGATCGGACCGCTGTAGCCCGTGTATCCGTCGGAGACGTCGATCGTGGAGACCCCGGAGGGATCGCTGGGCAGTCCTCGCCAGTCGGTGAGCTGCGGCGGCTGCATCGGCGTGTAGAGCCGGCGGAGTTTCGCGTCGCGGCCCTCGACGA
NZ_CP011273.1_gap53	2945758	2946997	1239	CGCGGCCTTCGCCGCCTCGTACGCGGCGCGGTCGGGCCCGCCGGGCTCGGCGCCCTCGTCGACGCCCGAGGCCAGGCACAACGCTCCACCCAGCAACCATGCGGCGATCATGTTCGGCGCCTCCCGGAATCGGAGGGGGGGCGGCCGGAATCGGCGCAGGCCCCCCAAGCCTCATTCATACATGACATGCTATACATCTTGTGGAATCGTCCCGTCAAGGAAATCGACCAATTCCTTCGGGGAATTCACCTTCAATAATATGGGGTTCCTCACTCGACCTTCAGCGAGTTCCGGCGGAAGGCCTTCGGGCGCCACGGGTTCCGCGAACCCGTGGGCCGGCCGGGGATCGGGACGACGGCTCGGGACCGGCCCGACGCCGATCCCCGGGTTCAGAGACCCCGTGGCACCCCGATCGCCGTCTCCCGGCCCCCTTGGGGCGGTGGTGTCAGGTGAGGAGTGTTTGAACATTATCATCATTTCCCCGCGGCCTCGGGGGCGGGGAGGCGGATCGGCATGGCACGGACGCGCACGCCGGTCGCGGCGAAGACGGCGTTGGCGACGGCCGGGGCCACGGCGATGATCGGGGTCTCCCCCGCGCCGGACGAGGGGGCGTCGGGGCGGTCGAGGAGGTGGACGTCGAGCCTGGGCAGGTCGGCGAAGTGGGGGACGCGGTAGTCCCGGAACGAGCCGTTGGTGACCATGCCGTCCTGGAAGGCGATCGCCTCCGTGAGCGCGGGGCCGAGGCCCATGACGATCGCCCCTTCGACCTGGGTGCGGAGGTTCTCCGGGTTGAGGATCTTGCCGCAATCGAATACCTGGCAGACCTCGTCGACGGTGATCGTCCCGTCCTTGCGGTCGACCGAGACGGCGACGCAGGCGGCGACGAAGCCCCCCTTGTCCAGCCCGCAGGCCAGGCCGACCCCCTTGCCGGGCTCCCCGGCCTTCGACCGCGCCTCCCAGCCGAACCGCGAGGCGGCCTCGGCCAGCACGTCGCGGAGGCGGGGCTCGTCGAGGTTCGCCAGGCGGAAGGCCAGGGGGTCACGGCCGGCGAGCGCGGCCAGCTCGTCCATGAAGGACTCGCGGGCGAAGGTGTTGGCCGTGCTGGCGAGGGCCCGGTAAGAGCCGTGCCGCAGCGGCGGATCGGACTGGAGGAAGCGGCAATCGGCCCGGCCCGCGCGATACGGCGTCTGGACCGAGCCGCCGCCCGAGTTGACGTTGAGGTGCCGCCAGGTCGCGATC
NZ_CP011273.1_gap54	2958023	2962505	4482	GCGCGCCCGGTTCGCTCATCGGCCGGACCCCCCGCGCGGCATGAGATGAACGGCCGCCGCGACCCCCAGGCAGACGCCGAACGGCAGCGTCGCGGCCAGCAGGTTGAGGCCGAGCCGGCCGTCGAGGATCCCGGCCCGCACCGCCCGGCCCGTCGGCCGGCTGCACACCGGGCACGCGCCCGCCGGCGCGGCGAGGCCCGCGAGGATCACCGCCGCCAGGGCGGCGCGGAAGAGATTCTTCATGGAAGTCGCGCCCGGATGACGAAGCGGCGGCGGGCCGAATCGCGCGGACACGCGTCGCGGACGCTCGGCCGGCGGATTCGCCGCGAATTGCGTGCCGCGCCCGGACGGCGTCCGCGCGTCATTCGGCCCGCGCGGCGGCCGGCTCGGGGTTGCAGCGGGCCTCCAGGAAGTCGAAGACGACCTGCGTCGGCCGGTCGCCGGGGCGGCCGAGTTCGCGGTTGATCGTCATGTGGGTCTTGGAAGGAAAGGCGGCGACGGTCGCCTCGACGCCCGCCTCGCGGAGCCTGGCGGCCAGGGCGTTCGACTGCGTCCGCGAATCGAGCCGGCCGACGTGGAGGATGAGGAACGGTGCGATCCCCTTGTCCCCGGCGACGTGCTGGATCGGAGAGGCGTCCTCCTGGACCTTCGGGTCGTCGCCGAAGACGCCCGTGTAGAGCGACCGGATGCGCGGGAGGACCGACTCGCGGATCTGGCGGGGGACGTCATACCCCGCGCCGTCCAGGAGGATCACGCCCGAGAGGGCGTCCAGGTCCAGGCCGGCGGCCTTCAGGTAGCGTTCGTCGGTGGCGGTCAGCGCGGCCAGATGAGCCCCGGCGCTGTGGCCCATCAGGAAGATCCGATCGGGGTCGCCGCCGAACTCCTTCGCGTGGTCGCGCGCCCAGCGCACGGCCCTCGCCACGTCGCCGGCCTGCTCCTTGTAGGTGACCTCGGGGACGAACCGATAGCCGACGCCGACCCAGACGTAGCCCCGCTTCGTGAACGCCTTCGGCTGCTCCTGGACGAAGTCCTTGTCGCCGAACCGCCAGGCCCCGCCGTGGACCCAGACGACGATCGGATGCCGATCCCCCTCCGCCGGCGCGTCGACGTTCAGCCGGGTGGAGGCGGCGTCGGCATAGGCCACGTCCCGCAATTTCCGGCCGCCGTCGTCGTCGCCTCCCGCCGCGATCGCGGATCGGACGACGAGCAACCCCAGCATTGCGAACCCCAGCGATCGGAACATGGCGGCGTCTCCCCGAAGTGATGTCTCCCCGAGGATGAAACCCCCGCCCGACCGATCGGTTCCGCGAATCGAACGGCCGGGGCTTCGGGCGAGGGCCGCGGGGCTACCTGGCGTCTTCGCCGAAGAAGGGGAAGATCCGCAGCAGCTCGGCCTTGTCGGGCTGGTGGCCGTACTCGCAGACCTGGAAGGCTTCGGCGGCCTGGACGGCCTTGCCGCGCTCGGGGCCGAGGAGGTCGACGAGCTTGTCGCGGAAGCGGTCGGCGGAGGCGCCGTAGCGCTTGAGGACCTGCTCCTTGAACCAGGTCTTGCGCGCCGCCGGGTCCTTGGGGACCTCGGCCTCGTAGCCTTCGATCCAGGGGAGCCACTCGAAGAATTGGGAGTCCATCTCGGCCAGGGCGGCGACCTTCCGGTCCAGCACCGAGTCGATCGGCACGACGACGTCGGGGCGGAACGGGTTCGGCTGCTGGAAGCGGTCGGCGACGTAGAGGAAGACCGGATTGTGCTTCAGGGCCGGGGTGTCCGGGCAGAAGTTGGGGACGGCGACCATGTAGGCGGTGTCCTGCACGAGGACGCCGGTGTAGCGGTGATCGGGGTGGTAGTCGTTGGGCCGGGGGGCGATGACCACGTCGGCCTTCCACTCGCGGATGGCGCGGGCGACGGCCTTGCGGTTCTCCAGGGTGGGCATCAGCTCGCCGTCGTGGTTGTCCAGGGTCTGCGACTCCACGCGGAGGATCTTCGACGCCCGGACCGACTCCTCGCGGCGACGGCGGGCGAGCGGGCCGCCGGACATCTCGTGGTGGCCGATGTCGCCGTTGGTCAGGCTCACGAACTTGACCGCGTGGCCCGCGTCCACCCAGCGCGCGGCGGCGCCGCCGGCGGTCAGCTCGCAGTCGTCGGGGTGGGCGCCGAAGACGATGATCCGGTAGGTCTTCTCGGGTTCCATCGCAGTCTCTCCGCCGCGGGCCGGTCGGCTCCGCGCATCCGAAATCAGCAGGCAGGCCAGGGCGAGGCTCAGGACGGACGACCATCGACCGCCGAGGGGACGCTTCATAAGGGGCTCCTTGTCGGAATGCGGGCGGGACGAAGGGGGCCTTGATCGCGAACGTCACCGCCAGGGTAACCATCTCCGCGGCGAGAGGCGACGGGGCGCCGGCGTACGCTTGTCGGGCGTGAAAGGCGGGCCGTACAATCAGAGGATATGAGAGCCCACCCGGAAGCCCAGATCGGCCTCGCGTCGCTCCGGCCCCTCGTCCTGGCCCTATGGACCCTGGGGGCGGCCGGCTTCGCGCCTCCGCGCGCCTCGGCCGACGACCCCGACCGGCTCGGACGCCCCGGCGGACCCCGCATCGAGGGGAAGCTGCGGTTCGACCCCGAGGCCGGCTTCCGCTTCGAGACGGCCGGCGAGCCGGGTTCGCCCGCGCAGGCCCAGCCGGTCGGCCCCGGAGGCGTGGTCGAATTCGCGCCCGGCCCCGCCGCTCCGGCGGAGATCCCGCCTCTGTTCCAGGTCGGCCTGGGCGAGTCCGGGCGGATCTCAGGCGCGCTCGGGGCTGTGACCGAGGACTCCGTGACCCTGGCGGTCCCCTGGCGGCCCGAGGCCGTCTCGATCCGCCGGCCCGGGGCGCAGTGGGTCGTACAGCGACTGGGGGAGGCTCGGATCCTCGCCGAGGGCTTCGACGCGCTCGACGCCTCCGCCTGGAACGTCGAGGGGAAGCCGCTGGTCGTGGTCGAGAACGGGGAGTCGGCCCTGCGACTGCCGGCGGGAGGGGCTTCGATCGCCCGCCGATTCGACGAGCCGCTCGAAGCCGGGCGGGTCGAGCTGACGTTCCGGGACGACGGCGCGATCCGCCCCGACCGGCGCTGGACGCTCGAACTGACGTTCCGGGCCCCAGGAGGTCCGGCGAGCCTTCGCGTCCTGCTGGGCTGGTCTGAGGAGAGCCTGGCGGTCGAGACCCCCCAGGGCCCGTCGCTGGCCGTCCAGCGGCTGGTCCGCACCGACGCCTGGCGGCGGCTGACCGTCCGATTCGGCGACGACCGCACCGAGGTCTCCGTCGACGGCAAGGACCTGGCCCACGGCCGAGGGCCGGCCGGGCCGCTGGAGTCGATCCGCATCGCGACGGCCGGCGAGACCGACGACGACGGCCCGGGAGGCGACGTCGGCGCGATCCAGGTCGCCCGGTTCGCCCGGGTCCCGTCCAGCCTGGAGATCGACCCGACCCAGGACGAGGCCCGCCTGGTGATCGGCGACCAGTTCTTCGGGGCGATCCGCCGAGGCGACCGCGACCGGGTCTCGATGCTGGTGGACGACCGCCCGATCGAGCTGGACTGGGGCCATCTCGCCGGCCTCTACTTCCGCCGCGCCCCGGCCCCCGGGGCCCCCGTCGCCGGCGCGCTGGCGAGGGTCGAATGGCGCGCCGGCGGCGACGACCCGGACGCCCCCCCCGACTTCGCCGAGGGGGCCGTCGCGGCGCTCTCGGACGCGGCCCTCACGCTGGAGACCCCCTACGCCGGCTCGCTCGCGATCCCCCGCGACCGGCTGGTCCGGCTCCTGGTTCTGGAGCCCGGCCTGCGGCTGGTCCTCGACCCCTGCTCCCACCACCTGGGCGACGAGGTCTCCACCACGCCGCCGCTGCTCGACCCCCCCTCGCCCGAGGGGGGCGTGCTGGAACGCCCGTTCGAAGTGCCGGCCGACGCGATCGACTCCGGCCCGGCCTTCGCGGTCCTCGACGTGGTCGGGGTCGTGGGGGAGGCGACCGGCCTGCCGTTCTCCGACTACATCCGGCGCGGCCAGTTGAAGACCTACCTCGCGATCAACGGCCGGCGGGTCGACTATCTCAATCGGCACATCTCCGGCCTCAACGAGGCCCCGGAGCGGATCCGCCTGCCGATCCCCGCCGACGCCCTCCGCCCCGGTGCCAACGTCCTTCGCATCGAGCAGACGGGCATCGAGGGGAACCCCGACTGGTACGACGACCTGGGGATTCTCGGCGTGGCCGTCGAGTTCTCCCCCGCCCCCGCCCGACCCTGAACCCGATCCGACCCGACCCGATTCCGCCCTCGGCGAAGCGAAACGACGGCCCGCAATCATGAAGACGCTCACGCGCAGCATGGTCCGACACGCCCACGCGATCGCCCGAGAAGTCGGCGCGCGGGTCGTGCTGCTCCACGCCGACGTCGTCGAGGAAGACGCGGACCTCCGGGCGCTGATCGACGACGTCAACTTCCGGATCATCCTGGTCTCG
NZ_CP011273.1_gap55	2990950	2992726	1776	ACGGATCGGGGAGGGCTGAGTCGGTTCCTGACGGCAGATCCACACGCCGGCGCGTCCGGTTAGGTTGCAGCGGTGGATTTCCGATCTGTACGCGGAACGAGAGACGGGGCTGGACTTACGGCGTTGGAGCCGGAGGCCGCTCGCTCGACGACGGGGGGATGGGATATGGGGACGTCAAGCGAATCCGCTGCGAATCCGGTCTATTCGGTGGTCGGCGACCGTTATGTCTTCCTGACCACCGGGGAGGAGACGGCGGGGGCGTGCTGCGTGGTCGAAGTCCGGGTGCCGCCGGGGGGCGGGCCGCCGCCGCACGTCCACCGTCGCGAGGACGAGCTGTTCTACGTCGTCGAGGGGGAGTTCGAGTTCCTGGTCGCCGGCGAGTCGGTGAGGCTTTCGGCCGGGGGGTCGCTGTTCGGCCGTCGCGAAGTGCCGCACACCTTCAAGAACGTCGGGCCGGGGCCGGGGAAGCTGATCATCGCCGTCACCCCGGCCGGGCTGGAGCGATTCTTCATGGAGGTCGGGACCCGGCTCGACGGCCCTGAGGCCGACCCGATCCCACCCACGCCCAACGACTTCGAGCGGCTGCTCCGGGCCGCCCCGGCGTACGGGCTGGAGATACCGGCCGGCGGTTGATCGGCCCAAAGGCAAGGCTCTGGGAACCTCTCGTGTGGACGCCAGGTCCTCCGCCCAGCTAAAATTCGGCCTCGCTCGCATCCATTCAGGGGGCGAAGGTCGCGCCCCCCACGTCGAGACACGTGGGGAGGCCTTTGGCGCTTTCCGCGGCCAGACGCTGCCATTGCGACCCGATCAGAAGGACGAACGTCGTCGATGGGACCACGCACCTGGACGTTCTGCAACGGGGCGATGCTCGCCCTGGGGGCGGGCTGCCAGCCGTCACGGCCGACGCCTCTTGATCGGACCGATCAGAACTACCCTCGATCGAAGGAATCCCACGAATCGATCACGGCCCCGGTCGGGCGCCCCGCGAGGGACCCCCGCCGGGGCCGGGACGATGGGCGGACCGGATGAATCTCCCCGACGACCTCGACTACCCGATCATCGCCGTCGGCGACCTCCACGGCCGCCTCGACCACCTGCAACGGCTCGTCGAGGCGCTCGAACGACGGGACGTGTGGCCGGACTGCGCCCTCGTCTTCCTGGGGGACTTCGTGGACCGGGGGCCCGACTCCCGGGGGACGATCGACCTCGTCCTGGAATTGCTCCGACGCCCGGCCGGGGGCTCGGCCGTCATGGGCAATCACGACCTGGCCCTGATCCGATCCGCGAGGCTGGACGACGGCCCGCCGTCTTCGTACTGGCCCTCGCGCTATCGGGACCTCTACGACGGCGGGCCGACCTTCGAATCCTATCTGGGCCGCCCGGCGCAAAACACCGACGGCGGCTTCCAAGACGATCTCGACGCCCTTCGGCCGGCGATGCCGGACGAGCATCGAGCGTTCCTGACCGGCCTGCGCTGGGCCGTCGAGGCGCCCGGGCACCTCTTCCTGCATTGCGGCCTCTCGCCCGAGCTGGGGGCCGGTCCCGAGGAGCAGGTCGCGGCCCTGCGAGCCAGGCGATGGGACAGGACGACGCTGAGGCCCACGCCCGACACGAACACGGATCGGTACTGGGAGGACGAATACCCCGTCTGGCTGGGGGCCGATCGGACCCTCTCGACGAGGCCGCTCCCCTATCCGGGCAAGGTGCAGGTCACCGGCCACGACCGCGTCCGCCGGCCCGAGGTCGACGCGGTGCGGATCCGGCTGGACACCAGCG
NZ_CP011273.1_gap56	3000698	3001440	742	GTGCTGGGCCGCGAGGTTCTCGGTCCCGGTGCGGAGGACGGTGATCGGGGTGCGGGGCTTCTCGTTGATCAGGGCCGAGACCGTGCCGTCGCCGCCGACGGCGACCAGGCAGCGGCAGGTCGGGTCGGCGTCGGCCCTGGCGACCAGGGCCGCGCGCTCGGCCGGAGTCCAGGCGGCCTCGGCGTCCAGGTCACGCCCTCGGAGCGCGGCCACGAGCCGTTCCGCCTGGCGGCGGCTGGCCCCCGCGCCCGATCCGGGGTTCGCGACGACGCCCACCCAGCCGCCGGAGGGCCTCCGGCCTGGTGACGATCCATGATCCAGGGGCGCGTCGTCGGGGGTCGTCATGAAGGCCAGCCCAGGGGGCCGAACGGCTCGATTTCGCTCGGCTCGGCTCAGCGGGTGGAGCCGGCCATCTTGGAGACGTTCTCGTCGAACGCCTTCTTGAACTCGTCGCGGAGGGTGGCCAACCGTTCGGTCAGCTCGGCGTCCCTGTCCCGGAGATCCTGCACGTCGGCGCGGGCGGCGGCCAGGAGCTTGGTCTCCGCTTCCTTCTCCTGCTTGCGGATTTCCAGGTCGTGCTGGGCGTGCTCTACGGTGTTCTGCACCGTTTCAAGCTGGTGCTGCATGTTGTTCAGCACCCCCTTGAGCTGCGAGCCGGCGGCTTCCACGCCGGTGACGCGGGCGCGGATGACGGCGACCTGGGTGTTCATGTTGGCCTGGAACTGGGACGTGTCGTCCTTGA
NZ_CP011273.1_gap57	3002775	3004232	1457	CGCGATGATCGCGATCACCACCAGGAGTTCGATCAGCGTGAAGCCGCGTGTCTTCGAACGGGACATGGGGGGGATGAGCCTCTCGATTGAGGGCGGCGTCGGGAGCCGCGACTCTCGGCGTCGATGTTGATTTAAATTGAGATCCAGTCTCAACTGGCGGCGTTTCAGTATGGAGACGCGTTGTCATCCATGTCAACGTCGGATCCGAGAAATCCCGATGGGTCGCGGCGATCCGCGTCATCGTCAGGGCGGGTTGGGAGCGCGGCCCGCTGGGAACGAGAACGCCCCGGTCGGGGGGCCGGGGCGGGCGGAACGGTTCCGAGGTTCGGCGGATAGGGAGGGGAGTCGGGAGATCAATCGGCGCTGAGGGTCGTCGAGGGCAGGCGTGAGGTGGCGGCCTTGGGGATGGCCCGGCGTCCCTTCTGCTTGGAGGCGTTCTTGAGGCCGGCGGCGACCTCTTCCTCGGGGGCGGGGGCGATGGACGCGCCTCCCCCCTGGTCGCAGCCGATCAGGCCGGACAGGGTCAGGAGCACGATCGCGGCGTTTCGGAGACGGGACATGGATCCTCCCGAGGGGGTCGGTCGAGGGTGCGGCGGATGGAGGGGCCCGGCGTCGTCCCCGAGGGTCAGTAGCCGTCGGCCGAGATCACCTCGCCGCGATTTCGGGTGCCGAGGCCGTTCAGGACGGCGAGGTTGGTCGATTCCTTCAGGAACCGCACCGAGCCGTCGCCGAACAGGGCGTTCGCCCCGCCGGAGTGCTGGCTGTGGAATCCGAACTGGCCGTAGGTCTGCACCTGGGGGATCTTGTACCAGTTCGCGAGGTCGTCGCTGCTGGCCGGGTTGTAGTAGCTGGAGCCGAGGAGCGGGAACTGCTGCGCGGGGGCGTTGATCTTGGTGGCGGTGGTCGCCCAGCCGACGGGCCGGGTGTCGTTCATCCAGGCGGGCTGGTAGAGGATCCCCGCGAAGGGGTAGGCCGGGATGTAATTCGGGGTCCCGGAAGGCGTGGCTTCGGGCTCGCCCCGGAATCGGGAGGACTCACCGATGAAGATCGTCCCGCTGAGGCCGTCGGTGACGCTGTTGACGCCGAAGCAGTAGCCCGCGCCGAACATGCCGTCGGGCTCGACCAGGCCGCACATGGCCGGGGAGTTCAGCGAGTAGTTCTGGGAGTCCGCCAGCCCCGCGCAGAAGGCGTAACTGAGCTGAGGATTGGGGATGTTGCCGGTGGAGACGTCCAGCGGGGTGTTCGGCAGGTCCGACGGGCAGAGGTAGGTGGCGATCCGGGTGTTGTATCCCGTCGTGTTGAACACCGAGCGATATCCCGACGCGCTCAGGAAGTTCAGGGCGTTGTACGGGGCCGACTGCTCGATGAACGGGAGGATCATCACGAACACGTTATAGTAGGGCTGATAGACGCGGGCGCAGTTGTTCGTGTCCTTGAAGATCGTCCCGATCGGGTAC
NZ_CP011273.1_gap58	3030174	3033608	3434	TGCTCGTCCCCCTCGTTCGACCCCGTCCTTCGATCTGGGAGGGTGGACGCTCAGCCGTCCTGGCCGGCGGCGAGCCCTTCGAGACGCGCGCGCATCCGATCCAGGAGGGGGGCGGACTCGGGGGAGGGGGCCAGGTCGCGGAGCTGCTTGGGATCGGCGAGGACGTCGTAAAGTTCCTCGCGGCCGTCGGCGTTGCGGATGTACGACAGGCCCTCGGCGACGACGCCGGACATGGGCCCGCGCCAGGCGGGGGGGCGGGCGGGATTGGTGGAGATTTCCTCCTTGATCCGCACTTCGGTGAGGACCGGCGATTCGTCCGAGGGGCGGGCGGCGAGCGAGGAGCCCGGGAACGCGGAGGCGTCGACGCCCAGTACGTCGAGGACCGTCGCGGGGAGGTCGCGGAGGGTCACGGCCTCGCCGACCGTCTCGCCGCCGCGCGCGCCGTGGGGGAGCAACATCAGGAGCGGCACGCGCGTCTCCTGGTCGTACAGGCTTCGGCCGTGGCCGATCAGGTCGTGTTCGCCGAGGCCCTCGCCGTGGTCCGAGGTCAGGATCACCAGCGTGTCGTCGAGGACCCCCCGGCGCTCCAACTCGTCGAACAGCCGGCCGATCTGATCGTCGAGGTACGCGAGGCAGTCGTCGTAGGCGTCGCGGGCCAGGCCGAGCTGCTCGTCGGTCAGCCCGGCGCGCGAGCGGACGTCCCAGTCGCGGATCAGGGCTTCCTCTTCGGGCGTCGCGGGGGGGCGGCCGAAGGGGCGCTTCGCCCCCTCGGGGGGGGTGAACGGGCCGTGGGCGTCGAAGTAATTGAGGAAGGCGAAGAACGGCTGGTCGTCCTTCGCCTTTTCCTCGCGGTCGAGCCACGACAGGAACGCCGCGTTGATCCGGCCGGCGTCCTTGCGACGACGCTCGACGCCGCCGAAGGGGTCGGAGAGCATTTGCACCGCCAGCCGGCCCAGCGAGGAGCAGCGGAGGGCCTCCTCCAGCGAGACGGCCGTCTGCTCCTCGTAGAAGTCGTCGTAGTGCTGGAATCCGCGGCCCAGGCCGAACCAGGCGTTGCAGAAGAAGGTGTTGGCGATGAACCCGGCCGTCGCGTAGCCGTGGGTCGAGAGCGCCTCGGCGAGCGTCGGGTAGGTCCGGTCCAGGGGCTGGTGCTCCCCCACGCCCAGTTCATGAGGCCATCGACCCGTGAACATGCTGGCGTGCGAGGGGAGCGTCCACGGCGCCGTCGAGCGGGCCTGATCGAAGCGGATCGCGCGGGCCGCCAGGCGGTTCAGGTTGGGCGTGGTGTCGCGGTCGTACCCGTACAGCCCGAGGCTCTCGGCGCGCACGGTGTCGAGCACGAGCAGCAGGACGTTGGGCGCGTCGCCCTCGACGGGCGACGCCGGCGCCGGGAGGGGGCGTCGATCGAGCAGCACGGCGTGGGTGCGGTCCCAGCCCTGGAGGCTGATCGCGACCGCCCCCAGCGCCAGGGGGGCGACCAGCAGCGCGCGGCGGAGCTTCGCCGGGTGCGCCGAGCCGTGCCGGGCGGTGATCGCTCCCAGGCCCGCCGCCAGCGCGACCGCCGCGAACGCGTAGAGCCCCGGGACCGTCAGCAGCAGGGCCAGCCCGCAGAGGAACCCCATCGCCCAGAGCGTCAGCCGCCCCGCCCATCGCGGACCGAGCCAGGCGGCCAGCCCCAGCACCGCCCCGGAGACCCCGAAGATCGCCAGGTTCGACGCCGGGATCATCCAGAAGAAATGCCGGGACATCTGGAACGTCCCCAGCGACACCCCGCCCGACACCGCGTTCCGCAGGAGCCATTGCGTCAGCTCCAGCGCCCCCGTCAAGAGCCCGAACAGGAGCGCCAATCGCGCGACCGCCAGCGGCGTCGCCGCCCGTTCGGCCGTCGGACTCGTCTCTCCCCGAGTCAGCGGGTCGTCCATCCTGAAACGCCTCCATGCGTGTCCTTGGCGATCGAAACCCGGCCCACGAATACCCCGGATCGCCCATTTGGGCAACGCCGGATTCAGGCCGGGGCCGATCCGGCCGGGGTCGGCCCCGGCCGTTCGCTCTGGACGATCGCGCGGCGGACGGCCTCGGCGACGCCGAGGGGATGGATGCCGGGGAACAGCTTGCGGGCCTCGTCGCCCCGGACGACGGTGGGGTTCTTGAGGCCCTCGATCAGGTGGCGGCCGACGCCGAACTTGGTCGGCGTGACGAGCGCGAGCCAGAGGCCGGAGAGCCACGGGGTCAGCACCGGGACCGAGATCAAGGTCCGGTGGAGCCCCTTCTGGCGGGCATACTCCTCGATCAGGTCGCGATACTTCACCACGTCGGCGCCGCCGATCTCGACGATCCGCCCGGGGCCCGGCGGCAGGTCCAGGGCCTCGACCAGATAGTCCACCACGTCCTCGACGGCGATCGGCTGAGTGGGGGTGGAGAGCCACTTCGGGCAGATCATCACGGGGAGGCGGTCGGTCAGGGATTTGACCAGGTCGTACGACAGGCTCCCGGGACCGAGGATCGCCGAGGCGCGGAACTCGATCGTCTCGACTCCCGAACGCCGGAGGACCTCGCCGACCTCGTGGCGGCTCTTGAGGTGGGGGGAGAGGCCGGGGTCGTCGTCGTCGCCCAGGCCGCCGAGATAGATGATCCGCCGGACCCCCGCGGCCCTGGCGGCGTCGCCGAAGTCGGCCGCCGCCCGACGGTCCTTCTCCGCGAAGTCCTCGGAGTTCGACATCATGTGGACGAGATAGTACGCCGTCTCGACGCCGGCCAGGGCCGCATCGAGCGACTTGCGGTCGAGGACGTCCCCGGCGACGATTTCGACCCCCTCGCCGAACCGTTCCCGCAGGGCGTCGGGCTTGCGGGCCAGGCATCGCACGCGCTCGCTACGACGTTCCAGTGCCGGGATCAGACGGCCGCCGATGTAGCCGCTGGCCCCGACGACGAGGATCCGCGGCGTCGTTGGGGGATTTACGTGCTGCATAGAATGTCGTGAACCTCTTCGGATCGCGGCCTTTCATGGTGTCGTTGATGATATTCTTACGCAAACCGTCTGCCGAAACCGTACGGAAGTTCCTCGACGATCAGGCGCGGCTTGATTTCACCTACAGCCCGGTCGGCGCGACCGCCGGCGCGGCGCCGCCCGGCTATCGGCTGAACCACACCCGCGAGCGGCTCGGCACCGGCCGCGCGACGTTCGAACGCGCCAGGGCCGCGCTGGACCGCTGGGACCAGTTCCGCATCGGTTGGGCCGAGGTCCAGCCGGTCGACCAGCCGATCCAGCCCGGAGCCGTGGTGGCGATCGTCGCCCATCGGCTCGGCCTCTGGTGGCTCAACGCCTGCCGGGTCGTCTACGTCGTCGATGAGGACGACCCCGAGGCCCCCACGGCCCGCGTCGGCTTCGCCTACGGCACGCTCCCGGACCACGTCGGCGCCGGCGAGGAACGGTT
NZ_CP011273.1_gap59	3034722	3036911	2189	TAGGCGACGTTGTCCTTCAACGCCGCGTATTCCTTCCAGACGTCGACGGCCTCGTCGCGCAGCAGGTTCAGCTCGGGGATCTTCCGTTCGGCGATCGGCGTGGCGAACTGCTCGTAGATGAAGTCGTCGTCGAAGCCGCCGTAGGCCTTCGAGTCCGCGACGGTCGCGCCGTAGACGATGCCGTCCAGGCCGGCCCAGTAGGCCGTCGCCAGGCACATCGGGCAGGGCTCCGACGAGGTGTAGAGGACGCAGCCGTCGAGCTTCAGCACCTTGAGCTTGCCGCAGGCGTTGCGGATCGCTTCCATCTCGCCGTGCCAGGTCGGGTCGTGGTTGGCGACCACGTGGTTCGAGCCTTCGCCCACGATCTCGCCGCTACCGTCCACGATCACGGCGCCGAAGGCCCCGCCGGTCCGCTTCTCGACCCCCGCCTTCCGCGAGTTGGCGATGGCCCGCCGCATGAAACCGTGCGACTGCTCGGGCGTGAAGCGATCGCGAAGCTCGTCGGCCGTCACCCAGACCTTGTCCGAGACCGCCCGGTCCTTCGACGGCGCGTCGGCCCCGCCGGCCCGGCTCGGCTGCACCGCCCAGGCCCCCAGGCCGACCCCCGCCAGGCCGGCCGCCACCGTGGCCAGCACCAGCCGTCTCCCGCCCCGCCAGTCTCGAATCCAAGCCATCGCGATGCCTCCCCGCCGAAACTCGTGGTCTCGCCCGAATCCCACGTCGAAGCAAGACTAGTTCACGTTCCTCGCGGGGGGGGGCGCGATTCCTCGATTCTCCTTCAGGGAGACTCGCCCGGCTGGGACTGGTACTCCCGCAGCACGGCGACGGCCTCGTCGCGGAGCAGGTCGACCACGGGGAGCTCGCGCGCGGCGGGGGGCGCGGCGATCTCGCTGTAGAGGAAGGCGTCGCCGAAGCCGTTGATTGCGGCGGCGTCGTCCGCGAGGGCCCCGAAAACGATCCCGTCGATTCCCGACCAGTAGGCCGCGGCCAGGCACATCGGGCAGGGCTCCGACGAGCTGTAGAGGATGCAGCCTTCGAGGTTGATCGTCTTCAGCGCGGCGCATGCGGCGCGTATCGCCTGCACCTCCCCATGGGCTGTCGGGTCGTGGTTCGCGAAGACGTGGTTCGAGCCGTCGCCCACGATCTCGCCGTCGCGGTCCACGATCACGGCGCCGAACGGCCAGCCCGTCCGCTCCTCGATCCCGGCCTTGCGGGCGTTCGCGATGGCCCGCCGCATGAACCCGCGCGACGCCTCGTCGGAGAATCGGCCCTGGATCTCCTCGGCCGTCGCCCAGGCCCGCCGCGACGCCGCGCGCTCCGGTGATCCGGTGTTCGCGATCGTCCGGGGCCTCGGACGCCGTCGGGCCGCCCAGAGGCCCAGGCCGAAGCCGGCGATCGCCGTGACGATCGGGGCCACCAGGGAAGGCCCCCGATCCTCGCGATAAGGATTCCTGTCGACCATCTTCCGATCCTCCCCGCCCGGCGAAGCCCCATGCACAGCGCCCACAGGGAGTCCAGCCTAGCAGGTCGAGCGGCGAAGTGGAGTGGGCGGGACTCCGGTTCACCCCGGAGAGGGGCGGGGCGTCCCGGCCGGGTCGGAATTACCGGGGGCGGGGGGCCTTGGCCTTGCCCTTGAGCTGGTCGCGATGCGACTCCATCTGCTTCTGGAGGTCGGGGGGAGGGCCGGGGGGCTGGGGATTGGCGGGCATGCCTTCCTGCACGCCGTCGCAGCCGGTCAGGCCGAACACGAAGACGGCGAGGCCGCACCAGAGGATTGAACGCTTCACCGGAGGTATCTCCATGAACCTGGGATCGACGAAGGGCGTCGCGACCGAGCGGGGGCGATGCCGGAGTCGGGGACGAATCCCCGGCCCCGGCTGAATCCCGTCCGGTCGCGTCGGATCAATAGGCGTCGGAGCTGACGATCTCACCGCCCGCGCGGGAGCCGAGGGCCCACCACGCCTGGCTGTTGATCGAATCCTTGATGAACCGGACCGAGCCGTCCGCGAAGGCGACGTTCACGCCCCCTGGATGGTTGCTGGTCGCGGAGGCCCCGCTCAGGCCGCCGACGAGCAGGAACGAGGGCTCCAGCGAGGTCGGGTTCTTGCACGACGCCGCGTTGGGCGGCAGATAGTGGGTGTAGCTGGAGAGCGAGAGGTGGCCCGGGTAGCCGATGAACTGGAACTGGC
NZ_CP011273.1_gap60	3040172	3040984	812	GGCCGAAGGGGCCGCCTGGCCGGCCGAGGCCGTGGCCGCCTCCCAGAGCACCTCCAACGAGGAATACGCCAGGCTCCGCGCCGAACACTGGGCCTGGCAGCCCCTGAAGGACGCGGCACCCCCCGACGTCCGCGACGCCGCCTGGCCGCGCGGGGACGTGGACCGCTACATCCTGGCGAGCCTGGAGCGAGAGAGCCTCGCGCCGGTCGGCGACGCGGATCGGACGACGCTGATTCGTCGGGTCTCCTTCGACCTGACCGGCCTGCCGCCGACGCCCGAGGAGATCTCGGCTTTCCTGGCCGACGACGCCTCCGACGCCTTCGCGAAGGTCGTCGACCGCCTGCTGGCCTCACCGGCCTTCGGCGAGCGCTGGGGGCGGCACTGGCTGGACGTCGCCCGCTACGCCGAGTCGACCGGCGCGTCGCGGAACCTGCCGTATCCCCACGCCTGGCGGTATCGCGACTACGTCGTCGACGCCTTCAACCGCGACAAGCCGTTCGACCAGTTCGTCCGCGAGCAGATCGCCGGCGACCTGCTGCCGGCCTCGTCGAAGGCCGAGAGGGATGAGCACGCCATCGCGACCGGATTCCTGGCGATCGGCCAGAAGGACGTCAACCAGCGGTTCAAGGTCCGGTTCGTCATGGACAACGTCGACGAGCAGATCGACGCCGTCTCCCGCGGATTCCTCGGCGTCACGGCGAGCTGCGCCCGCTGCCACGACCACAAGTTCGACCCGATCCCGACCAGCGATTACTACGCGCTCGCCGGCATCTTCCGCAGCACCGACCTCTGCGCCGGGGTCCGCAACAAGA
NZ_CP011273.1_gap61	3128753	3131812	3059	GCGGGCGAGCTGCATGGGGGTCGTCCTCCGGCGTCGCGCCGGTTCGGGAAAGGGGAGGGGGGCGTCAGGCCACGGGCGTGCTCTCGATCATCCCTCGGATGACGTCGCGGGCCTGGGCGGCGAGGTTCGGGTCGGGGGACGAGGCGGAGACGACGACCCAGGTCCCGTTGGACTGGGGGACGCCGACGATGGTCAGGGTCACGGAATCATTGCCGCCGGCCACCAGATAATCGGCCCCGTCCGCCCCCTTGACGACGATGAGACCCTGGTCGCGGAGGGCCTGATCGGCCAGGGCCAGGCAGCCTTCGACGGAGGAGGGTTTCACGAACGTGCCGTAGACGACGTACATCGGCGAGGCTCCTTTTCCGGGCGGGTCGGCGGCCGTCGGGACGCTGGGGGTCTCCCCCGATTGTCCGGGCTCGCGAGGGGGCCGTCCAGGGCGTCGAATCTCGCACTGGCCAGGGCGGGTGGTTTCGATTAGGGTGGATGTTCCTCTCGCGACGGCATCAGGAAGGATGGAAGCTCGGTTGCGTCGCATGGACCCGCGCGGACCCGGCCCCGATCGCCCCGCCGCGGTCGGCCCCGGAGCCAGGTTGAGGGATTTGACCGGTGTCCTATCGCAGCTTCAAGCACCTGCTCGGCGAGACCAGCCTGGAGCGCAAGTGTCGCTTCATCTTCGGGCTGGGGATCTTCCTCCTCGTCGTGGTCAGCTTCCTCCTGTACGGCCTGAAGACCGAGAGCCTGGTCAAGAACCAGACCACCCAGACGGCCCGGATGCTCGTCAATCCGACGTTGATGAACATCCATTACAAGAAGCTGGGCAACTACTTCTTCGAGCCGATCATCGACGTCCTCTGGGGCGACTTGAAGCCGCTGGACGAACTTCCCAACGTCAAGGCGACGGTCCTGAAGCCCTACGCCGACAAGGACCCGGCCAAGCAGCCCTCCGACGAGTTCGAGCGGGCCGCCCTGGCGCGGTTCTTGAAGGCGTCGGCCGACGAGGAGGCGTTCGTCAAGACGGGCAAGCCCCGGCCCAACCCCTACACCTTCGCCGACGGCACCAGGATGTGGGAGGACCGGATCTCCCCGGACCAGAAGGAATATCAGTACATCCAGGCCGTGACCTTCAAGCCGAGCTGCCTGATGGACTGCCACAGCCGGGAGGACTCGGGCCTGGAGGGCTTCGACGGCGGCAAGGTTCACATCGACAACCACCACCTCTGGCGGCTGGCCGCCGACGGCAAGCACAACATCCCCGTCAAGCCCGGCGACCTCGCCGGCGCGGTGGTCGTCCGGGTGCCGATGGAGCAGACCAAGAAGGCCATCAACAGCAACCGCGCCGTGCTGATCACCGCCGCGTTGGTGACGGCCGTGCTGGCGATGGTCTCCTCGTACATGATCGTCCGCTACGTGATCGTCAAGCCGGTCAAGCACCTGCGCGACGTCTCCGACGCCATCGCCGCCGGGCGGCTCAACATCCGCAGCCAGATCCAGACCGGCGACGAGTTCGAGGACCTCTCCCACGCCTTCAACCGCATGCTCCACAACCTCGTCGCCATGCAGCAGGAGCTTCGCGACGTCAACGGCGACCTCGACCACAAGGTCGACGAGCTGGCCCAGGCCAACATGGCGCTCTACGAGATGAACCGCCTCAAGAGCGACTTCCTCGCCACCATGAGCCACGAGCTGCGGACCCCTTTGAACTCGATCATCGGCTTCTCGGAGGTCCTCGGCGGCAACGAGAACCTCAACGAGCGGCAGCGGCGGTACGTGGGGAACATCCAGACCTCGGGCAAGATGCTCCTGGGGATGATCAACGACATCCTCGACCTGGCCAAGATCGAGAGCGGCAAGATGGAGGTCCGCGGCGAGGACTTCTCGATCCGCGACGTCTGCGAGGCGCTCACGAACCTGACCCGGCCGATGGCCGACCGCAAGGACGTGACCCTGGAATGCCGGCTCGACGAGGCCATCCCGCTCCTCCGGCAGGACCCGGGCAAGATCCGCCAGATCCTCTACAACCTCCTCTCCAACGCGATCAAGTTCACTCCCGAGGGGGGCCGCGTGACCCTCAGGGCGCGGACCGACGGCCGGTTCGTGGTCCTCGAGGTCGAGGACACGGGGATCGGCATCGCCGAGGAGGATCGAGACACGATCTTCGAGAAGTTCCGCCAGGCGAAGGCGCCCGGCCAGGCCGACGACGTCCTCACCCGCGAGCACCAGGGGACCGGCCTGGGCCTGTCGATCGTCCGCGAGCTGGCCCGGCTGCTGGGCGGCGAGATCCACCTCCGCAGCCAGCTGGGGCAGGGGAGCACGTTCACGGTCCGCATCCCCTTGCAGCTCGCCGGCAACCATCGCTTCGAGGTGAACCTGAGCGATGAGCGGATCGATCTCTCCAAGGCCCGCCGCATCGAGGCCCAGCCTTCGTTCCCGCGCATGCCCCTGACGCGCCCGCAGCCGTCCGGGGGCCTCGGCCCGGACCCGCTGCGGGGCCTCGGCAAGAACGCCCCGGTCGTCTGACTCGACTCTCGCTCCCGTTCGCGCCTCGCTCCGGTCCCGGTCTCGATCTCGATATCGCCGCCGATTCCGCCTCGTGAGTCCGCCCCATCGCCCTGACGAAGTGAGCACCATGAATCGCTTCCCGCTCTCGCACCACACCCGGCGAGGCCGCCGGAATCTAACCCTGCTCGCCACGGTCGTCGCGCTCGGCCTCGCCGCGACGTTCGGCCTCCTGGTATACCTGGACGACCCGGTCCAGGACCTCTCCTACGGCCAGTTCCGCAGGAAGCTGGCCGAGGGGGGCGTGTCGTCGGCCCGCGTCGGCCCGGCCGCCATCCAGGGCCTCCTCGCGCCGGCCTCCCCGGAGGCCGCGGCCGTCTCGTACCGGGTCTCCCGGCTCGGCATGGAGCACGACGAGGACCTGATTCGACTCCTGGAGGCTCACGTGCCGAACGGCGACTACGACGCCGAACCGGCTCCGTCGCCGGTCTGGACGATGGCCGTTCCCACGGTGATGTTCCTGATGATGGTCGCGGTCCTGGCCCTGGTCGTCGCCCGGT
NZ_CP011273.1_gap62	3145434	3149882	4448	AGCCGGAGCGGTCGAGCACGAAGACGACCGTCTTGGGGAGCGGCCTGGAGTCGGCCGCCTTCACCTCGGGGCTGGCCAGGACGAGGAAGTAGCCGTCGTCGCCGGCCGACGGGCGGTAGCTCAGGACCGAAGCCCCCAGCGCCCCCTCCGCCAGCGTGTAGACGGCGCGGAAGTCGTTCGCCGTTTCCACGTCCGACCGATCCAGGCTCACGCGGACCTCATGGTCCCCGGTCCGATCGATGCGGGCGTCGTCGCTGGGGCAGAAGACCGACTTGATCGAGTCCTTGCTGGTGATCGCGACCCGGACGCTCAGCCGCCGGATCGGCTTCGAGGCGTACTTCTGGGTCGAGAGCGGGTACGAGAACTCGACCACGTCGCGGTCGCGGCGGCAGAGCTGCGTGTACCGGAGCAAGACCTTGCGCTCGGCCCCGGCCGGGATCGGGAAGACGCTGGTCCGATAGAGGCCCCGGCCCATGTATTCCAGGAGCGCCGGGTCGCGCTTGCCGCGGACGATCTCCTCATAGATGCGCCGGGCCTCGTCCTTGCCCAGCAGGCGGCCGGGAAGCTCCTTGCCGTCGACCATCAGGACGAGGTTCTCGACCACCGCGTCTTCCGGGATCGGGAAGAAGTACTCGGCCTCCAAGTCGGATGAGCCGGGGTTGTAGAACGTCTGCGAGACCTGGACCTCGGCCGCCTGGTCGCGCAGCTTGGCGTCGACGGCCACCTCCCGGATTTCGAATGTTTGCCGGATCGGGATCGTCGGCCGACGGTCGATGATCCAGCCCTGGGCCTTCGCCCTCGTCCCTCCCGTCGCCATCCCCGCCGCCATCAGCAAGGCGATCGCGACGAGCCGTTTCGACGCCAGGTCCATTCCCGCATTCATGGCCGACTCCCCGGGCGACGCCCGACGAACTCCGATCGAAAAGAAGTCCTCCTCCCCTTAGACGCCCGAGCGGCCCATTTCTGAGGCGTCGGGCGTGATTTTCCCGAATCCGCGGATCGGTGACCGAGGCTCTAGCGTCCCGGGCCGCCAGGGCTCGATTCGTATGGCGACCACGCGGCTCGTCGAACCCGTAACGGTCTCCCGCCGCGCCAGGGCGGCACCGACACTTGATCGACGCCGCCGCCATCGCTAGAATCTGGCTTGGCGATTGAGACTCAGGATCAACTGACGCGGGATGGGGGCTGGCGAGATTCGCTCGATGATGGAGCGCGAAGACGTTCGAAGGGGCGGGGGGCGAGCGTGGCCGATGCTGGCCGCGATGGGATTGATCGTGGTCGCATCGGTCGCGGCGAGGGCCCAGGCTCCGGTCGAGGCCGGGCCGGTCCCGACGCCGCCGGAATCGGCGGTCGAGCGGCAGGCGAGGGCGGCGAAGCTGCGGGAGGTCTACTGGAAGTCGTCGGCCGAGTGGCCCGCGCCCCAGGTCGACCCCGGCGTCGACTGGCGCGAGCTGGGGCTCCTGCCGACGCCCCCCTCGCCGGCGGACGACCCGCCGACGCCGGCCAAGGTCGAGTTGGGCAAGCGGCTCTTCTTCGACCCCAGGGTCTCCGGCAGCGGCCAGATCGCCTGCGCCTCCTGCCACGACCCGGATCTGGGCTGGGCCGACGGCCGGACCACGGCCTACGGCCATAGCCGCGAGCCGTTGAAGCGGAACTCGCCCAGCATCATGAACCTGGCCTACATGCCGGAACTGTTCTGGGACGGCCGCGCCTCCAGCCTGGAGGACCAGGCCCGCGAGGTGATCCTCAACCCCTCCGAGATGAGCGCGACGCCCGAGTCGATCCTCGCCTCGCTGGCCGTCGTCCCCGAGTATCGCGACGCCTTCCGCGAGGCCTACGGCTCGGACCGGATCGACGTCGAGTCGACCGCGAAAGCCCTGGCGGCCTTCGAGCGCAGCGTCGTCGGCGGCCGCAGCGCGTTCGACAAGTTCCTCCGAGGGAATCGCCAGGCGCTCTCGGACGAGGCGGTCCTGGGGCTCGACCTCTTCCGCGGCAAGGCCCGATGCCTCAACTGCCACAACGGCCCGGCGTTCAGCGACGGCCGACTCCACGACCTCGGCCTCAGCTACTACGGCCGCGAGCTGGAGGACCTGGGGCGGTACAAGGTCACGAACAGGGCCGAAGACGTCGGCCGGTTCCGCACGCCGAGCCTCCGCAACATCACCGCGACGGGCCCTTATATGCACAACGGCCTGTTCGAGCTCTCCGGCGTGCTGAACATGTACAACGCCGGCATGGCGACCCTCAAGCGCAAGCCCGAGCAGGCCGACGACCCGCTCTTCCCCGCCAAGTCCCCCTTGCTCAAGCCGCTGGGCCTGACCAGGCAGGAGCTGAACGACTTGCAGGCCTTCCTGGCGTCGCTCGCCGAACCCAAGCTCCGCGTCCGCGCGCCCGTGCTCCCCGGCCTGGACGCCTCCCGCCCCCGCTGAATCATCCCCTCGGAGACCCAGAATGCCCGTCGATGCGCCTCGCTATCGTCATCCGATCCGTCGCGGCTTCACGCTGATCGAGCTGCTGGTGGTGATCGCGATCATCGCCGTGCTGATCGCGCTGCTGCTGCCGGCCGTGCAGGCCGCTCGCGAGGCCGCCCGCCGCATGCAATGCGCCAACAACCTTCGCCAGCTCGGCCTGGGGATGCACAATGTGCACACGGCGATGAACAGTTTCCCGATGAACGAGACGAAGCCCGTCACCCGCTACTGGGGGGCGCAGATCATCCCGTACATGGAGCAGGTGAACCTGTTCAACCTGTATAACATCAACGTCGACTACAACGTGCCGCCGAACAGCACGGCGATCTCCTATCCGCTGGCGGTCTTCCTCTGCCCGTCCGCGCCGGAGTCGCCCCGGATGAACCCGACGTTCATCGCCAAGCCGGGCCCGGGCATGGACAAGTGGTCCTCGGCGGCGGCCGACTACGCGGCGAGCACCGGCGTCATGTCCAACCTCTGGACGACCCCCTCAGTGATGAACAACGGCCCGCCGGCCAGCACCGACGGCGCGCTCCAGGGCAACAACGCGTCCGGCCGCCGCAACATCGCCGAGATCACCGACGGCGCCAGCAATACGATCCTGATCATGGAGTCGGCCGGCCGTCCCCAGATCTGGCGGGCCGGCTGGAAGAAGGTCGCCAACTCCGGCCTCACGACGGCCCTCAGCTCGATCCTCTGCGGCTGGGCCGAGCCCAACGCCTTCAGCGCCCGGGGCTATGACCAGGGGGGCGTGGCCAACAAGGGCCGATGCGCGGTGAACTGCTCGAACGTCTACGCCGCCTACGCCTTCCACCCCGGCGGCGCCAACGTCCTCATGGCCGACGGCTCCACCCGGTTGGTCAAGGAGACCGTCGCCATCGAGACCTTCGCCGCCCTCCTCACCCGCTCCGGCGGCGAGATCATCTCGGCCGACGAATATTGAGGCCGGATCCGGGCGCGTCCCCGCCCGGCAGCCGTCTGGAATCAATCACCTCGACGGATTCCGCAGCAGCCTGGGGGGGGCCAGCCACTGGAGTTCGTGGCGCTCGGAGTCCGGCGAGGGCCTGCGCAGGGCGGCGACGCCCCCCTTCTTGAACGTGAACGGCAGCGCCCGAGGGTCGCCCAGCAAGAGCAGGCTCAGCAGCTCGTCCAGGATCGGGTTGTGGCCGACGATCATCAGGGGGGCCTCCGGCTGCAGCCCGAGCCACTCGGCGACGTCCTGAGCCGTGGAATCGGCGCGGAGGACCGGGGCGAGTTCGATCGACCCGGCCAGGTCCAGCCCTTCGGCGAGGATCTCGGCCGTCCGCCGCGCCCGGGGCAGGGGGCTGGTCGCGATCCGTTCGACGGCGAGGTCCAGGTCGTCGAGGCCCTCGGTGATCTCCCGCATCCGCTTCTCCCCCCGGGAGGTTAGCGGCCGTTCATCGTCCGGGATCCCCGGAGTCCCGTGCTCGACGGCGATGCCGTGGCGGACGATGTACAATTCCCACATGATGGAAACCTCCCTTTGTCTTGTGATTTTGTGAAAATCGACACTATTGCTCGACACGATTCCGAACCAGGCGCGAGCGGAGGCCGCGATGGCGAGACCCGGGGGGCCGTGGTTGTGGAAGGCTAGGGGCCGGGGGCCGCGTCGATCAGGGGTAGGAGGATCCTAGCCCCCAAGGACCTGCAGGGGAAGGATCGGGAGGGGGCCTGGGCATGGTACTCTGCTACCAAGGAAGCCGCGACGGTCGAGTCCGCGATGGTCACCTCGGCAGTAACGACGGCACCCTTATTCAACGGGTTCATCGTCGCCTGCGAAGCTCGGGCCGCCCGCGGCGACATGGAGCGGGAGACGGTGCGGATCGCGACGAGCGTCATGCGGAGGGCCTGCGGCTTTCGGATCGACGGGGTCAAGTTCGGGGACGTACCCGCCCGCGAGGTCGAGGTCAGGCATCTTGAGGCGGTCCTGGCCCGGTGGGCGGACGAGCCGGGACG
NZ_CP011273.1_gap63	3187337	3190823	3486	TCCAGTCGTAAATGAATGGGGGAAAGAGGTTTGCGTTGATTGGCTTCGGTCGCCGAGCCGGGCGAAGGAAGCCAATTTCCGGGCCGCTCCGGCGACGGCCGGGACTTCGGGGAAGCGAAACGAGGGACGACGATCGTCCCCGTCGGCTTTCCCCGAGCCGCCCCGATCCGGCCGGCTCGACGACGGCCCGCCGGACTCTCGGAGTTCCGAAAAAGGGATCGAAACCGCCGAACGAACCCAATCTCCGGGGCCCAAAATCGAACGCAAACGATTAACGCTAATCAGGTTGCGGTCGATGGCTTCGTTTCTGGAGGGGCGTGAGCGAACCCAAACGCCGGGCCGTCGCGAAGCCGGGCGTGACGGCCCGGCGGGGGGCCGGTTGTGCTGGGGCGAGCTGAGGCGGCCGAGTCATGAATCGAGACCCGTTCCTCCACCTCCTCCTCTCCCGGCGTTGGTGGACGTACTCGCCCCGGACGGCCACCTGGATCGAGCACGCGACCCACGGATTCAACCTGTTCGAGGGGGCGGCCTGGACCGTCTTCGCGGGCCTGGTCCTGGCTCGATTCATCCGGCATCGGCGATCCTGGATCGAGGTCCCCTACGCCCTGGCATTCTTCACGTTCGGGCTGACCGATTTCCGAGAGGCCTACGCGCTCGACTCCTGGCTGATCGTCCTGAAGGCGATCAACCTCGTCGCGCTGTTCGGCCTGCGAGGTTACGTCATCCGGCGGTGCTATCCGGAGAGCCGCCTGTTCTGAGCGCCGCCGCCTTATGCGTCACGATCGCTCGCCCCGGGCCGGCGCCGCCGGTGAGGAAGAGGACGGTGGGGGAGTCGCCGTGGTGGCGGAGCAGGGGGCGGAGGGTTTCGGGCTTGAGGTCGGTCGTCCGGTGCTTCACGGAGACGGGGCCGAGGCGCTCGGCGTCGATCAGCTTTCGCAGCCGCTTCAGGTCCAGGGGGTGGACGCTCTGGATCTCGAACGCTTCGAGCCAGGGGGTGGCGAGGAAGTCCTCGGAGGTCAGGTAGGGGAGGTCGGCGGCGAGGCGGCCCAGGCCGTGGGCGCGGGCGAAGGAATCCAGGAGGCCGGATCGCGAGAGGGCGGGGTCGGGGTCGTAGAGCCATCGGCCGATCGGGGCGACGATCGGGTATTCGCTCCAGGGCTGGTCGCCCAGGCGATCGGTCCAGGTGGTTCCTTCGGGCAGCTTCGTCGCGCGGCGGCGGCACGAGGCGGCCGCGCCGAACCACACGGTGGCCTCCTTGGCCTCGCCCCCCAGGCTGATGATCTCCACCTCGCAATCGAACTCCTCGGCGAACCGGGCGAAGTCGCTCGCCGGGCCGAGCTTGATCGCACCGCCGGGGGCGCGGGTCATCAGGGCGTGGAGGAACTCCGGGCCGGGGGCGTAGCCTTCGGCGTCGACGGCCCGGCCCCGCTTGGAGGCCCTCCGATCGGGGTCGATGTGGACCCAGGCGCCCGGCGGGATCGGCAAGGTCTCGGCCGAGGCGCGGCAGGGCTGGACGCGGTCGCCCCGGTCGTAGACGTCGGCGTTCCAGGCGACCCGGCGGCACATCCCCAGGTCGAGGTCGACGGCCAGCACCCGCGAGCGTCCCGCCAGCGCGACGGCGTCGCCGCCGATGCCGGAGCAGAGGTCGACGACCGCGTCGGCCTCGAACCGGCGGGCCTTGTGGACCGCGACCGCCTCGGCCGTCGCCTGCTCCAGGCCCACGGGGTCGAGCCACATCCGGTCGCCCCGCGAGAACTTGGGCGTCGCCTTGCGACGGGCCTCGGCCAGCCGGAGCGCCGCCGCGACCGACTCCTGGTCGTGGGCCTTGCGCCAGCGGGCCAGGTCGGACGGGCCGGGGGACTTGACGGCCTGGGCCTGGGCGATCAGGGCGAGCCCGGCGTCGCTGGAGAGCACCGCGAACTCGGCGTCGGAGGCGTCCGGGGAACGGACGCGGCGATCCTGGGTCGAGCGTACGGCGTCGTTTGCGTAGAATGTCATGGTGATATCTTGGGAATCCCGGTCGCCGGATCGTCGCCACTCGGAGCTGATCGTTGAGCCTTCCGCCATTGTACCCGCCGGTCCCGCCGATCGCCCGCGAACCGCTCCAGATCGGCGGCGTCGCGATCCCCTCGCGGTTCTTCCTCGCCCCGCTGGCCGGGTACACGAGCCTGGCCTTCCGGCTGGCCGTGCGCGAGCAGGGGGGCCTCGGCCTGGCGACGACCGACCTGGTCAACGCCCGCTCGCTGATCGAGAAGCGTCGACGCGCCCTGGAGCTGGCCGAGACCAGCGAGGCCGACAAGCCGCTCTCGATCCAGATCTACGGCCAGGTCGCCGCCGAGATGGAGCAGGCCGCGCGGTACGTCGCGACCCACGGGGCGACGATCGTCGATATCAACATGGGCTGTCCGGTCCGCAAGGTCGTGCGGATCGGCGGCGGCTCGGCCCTGATGGGCCAGACGGAACTGGCCGTGGAGCTGGTCTCGGCCGTGGTGAACGCCGCCGGCGTCCCGGTGACGGTCAAGATGCGGCTGGGGTGGGACGAGGAGTCTCTGTCGGCCCCCGGCCTGGCGCGGGCCTTCGAGCAGATCGGCGTGGCGGCGGTGATCGTCCACGGCCGGACGCGGGCCCAGGGCTTCTCGGGGAGCGTGAATCGGCAGGGGATCAAGGCGGTGGTCGACGCCGTGGATTCGATGCCGATCGTGGCCAACGGCGACGTCCGCTCGATCGCCGACGCCGCCTCGATGATCGCCGACACCGGCTGCGCCGCCGTCTCGATCGGCCGCGGCGCCCTGGCGAACCCGTTCTTCTTCCGCCAGCTCGACTGCTGGGTCCGCACCGGCGAGCCCGGCCCCGACCCGACGTTCGAGGAGCGGCTCGACTTCATGAGCGTCCACTTCCACGGCCTGCTGGAGCGTCGCGGCGAGCACTACGCCTGCTTGCAGTTCCGCAAGATCCTCAAGTGGTACTACCACTTCACCCGGATGCCCAAGAAGTTCTACCTGGAGCTGATCAACCTCCGCTCCTCGGCGGTCTTCGACCAGGCCGTCGAAGCCATCCGGTCCGAAGGCCCCAGCGCCCCGCTCCCCGGCCATTTCGAGGCCCACGTCCCGGTCCCCTCCGGGCCGATCGAGTCGTGGTAGCATGCCGCGGGGAAGCCCCTGCGCGCTTGAATCCGGGCTCCGGGCGCTCGTAAGATAAGAGGTGCGACCTTTCGAAAGGACCGCCCGCCGGGATGCGGGCGCCGCCTCCCTCTCTCCTCGTTCTCGTGCCGACGACATCGGAAAGGACGTGCGCATGGCCACCGCGACCGAGCCCCGCCGCAGCAAGCCCGCCGCCTCATACCAGACCAGGCTCCTGATCGACGGCCAGTTCCGCGACGGCGTGGAGGGCAAGACCTTCGCCACGATCAACCCGGCGACCGAGCAGGAGATCGCGCAGGTCGCCGAGGGGACCGCCGCCGACATCGACCTGGCGGTCAAAGCCGCG
NZ_CP011273.1_gap64	3192937	3196582	3645	CGGTCGTGGTGGTAAGTCTGGTAGGCTGGGTCGAGACCCAGCACACGGAAGCCGTCGACGTGGGTCTCGGAATAGGAGAGGACGACGGATCCCGCCTTGGGCCGGGTCTTCAGGGGCGGCCCTAGCCGCGAGAGGACTTCGGCCCGTCTCATTCCGAGTCGGATCGATTCAAAACCCGTCTCTGTATACCCGGGCGCGTAGACCGTGCTATCGGATAGGAACTTGTAGGCGGCGCTCAGGAATCGCGGCGAAGCCGCGACGACGGCCACCGCCGCGACAAGCAGCATCATCCGGGCGATAGAGATCGACCGCTTCCCGGAGGCCTTCATGGGCGCTCGTTCGTCGGAGGGCGGGGGGCGGACCGCGGAGACCGCCGCGCGGGGTGGCGGCCTCCGCATGGGACTTACCTTAAGACCCCAGCCAGCTCGGCAGCTCGCCCTGGGCGGGGAGCTTGATGAGGCGGACGCTGAGGATGTCCGGGTGCTTGGCGACGGCGTCCAGGTCGTCCTGGGTGGGGATGCCGTCGAGGTTGACGACGCCGATGGCCTCGCCGCCGGGCTTCTCGCGGCCGACGTTCATCTGGGCGATGTTCACGCCCCGGTCGCCCAGGGTGGTGCCCAGGAAGCCGATCAGGCCGGGGCGGTCGTTGTGGGTGAAGGTCAGCAGCGGGCCGTCGAGGTGGGCGTCGAGCTGGAACGAGCCCAGCCGGACCAGCCGGAGGAACTCCTTGCCGAACAGGGTGCCGGCCGCGACGTAGGTCTTGCGGTCGGTGGTCACCTCGGCCTGGATCAGCGTGCCGAAGTCGCTGGGGGCGTCGACCGACTTCTCCTCGATGATCAGCCCGCGCTCGCGGGCGAAGGGGAGGGCGTTGACCAGGTTGACCGACTGGGCGAGCGAGGCCTCCATCAGGCCGGCGGCGAAGCAGGCGGTCAGGAGCTTGGTGTTCTTGTTGGCGGCGTCGCCGCGGTAGGTCAGCACGGCCTTGGTGATGGCGCCCCGGTCCATCTGGGCGTGGAGCAGGCCCAGCCGCCAGGCCAGGTCCAGGTGCCCGCGCAGGTCCTGCATCTCGGCCCGGTCGAGGGTCGGCGTGTTGACCGAGAACCGGACCTGGCCGCGGATCAGGTAGTCGCACAGCAGCCGGGCGGCCTCGACGGCCACGTTCACCTGGGCTTCCTCGGTGGAGGCGCCGAGGTGGGGGGTGACGACCGTCTTGGGGTGGGCGACGATCGGGTCGTCGGCCGGCGGCGGCTCGGTCTCGAAGACGTCCACCGCCGCGCCGGCCACCTTGCCCGAGTTCAGGGCTTCGAGCAGCGCGGCGTCGTCGATCAGGCCGCCCCGGGCGCAGTTGATGATGCGGACGGAGGGCTTCATGGAGGCGATCGCCGCGGCCGAGACGACGTGGCGGGTCTCGGGGGTCAGCGGCGTGTGCAGGGTGATGTAGTCGCACTGGGGCCAGAGGTCGTCGAGCTTGGGGACGAGCTCGACGCCGTGCTCCTGGGCCTTCTCGGCGGAGAGGAGCGGGTCATACCCCAGGACCTTCATCTCGAAGCCGAGGGCGCGCTGGGCGACGGCCAGGCCGACGCGGCCGAGGCCGACGACGCCCAGGGTCTTGCCCTCGAGCTGGACGCCGGTGAGGCTGTTGCGGTCCCACTTGCCGGCCTTCAGGCTGGCGTCGGCCTTGGTGGTGTTGCGCGACAGGGCGAGCATCAGGGCCATGGTCTGCTCGGCGGTGGAGATGGTGTTCCCCCCCGGCGTGTTCATCACGACGACGCCCTGGCGGGTGGCGGCCGGGACGTCGATGTTGTCGACGCCGACGCCGGCCCGGACGATCGCCTTGAGCCGGGTCTGGCCCTCCAGCACCTCGGCGGTGAGCTGGGTCCCGGAACGGATCGCGATGCCGTCGGCGTCCTTGAGGGCTTCCTTGAGCGCCTTGGGGTCCTTGGCCAGCTTGGAGTCGACGACGACCTCGACGTCCTTCTCGGCGCGGAGCAGCGCCAGGCCTTCTTCGGAGAGCTTGTCGGTCACGAGCACGCGGTAAGCCACGCTGATCACTCCGGGGATGTCGAACGAACGCCCAGGTCGGGAGGGGAAAGCCGGCGGGGCGGGGCCTCCGGCGGGCGTCCGAAGCGCCCCGCCGAGGGCCCCGCCCCCGTCGACGTCATTGATTGTGGATGGGACGCCCCGCTCGGGGGCGTCGGGTCGGGTCAGGCCAGGGCGGTCGCGCCCTTGCCGATCAGCACCTGCTGGGCGGCGGTGACGGCCTTGCCGGGCTCGACCTCGAAGCCGAGTTCGGCGAGCGTCATCTCCAGGGCCGCGAGGGCGGCCACCACGTCGAGCTCGTCGGTGTAGCCCATGTGGCCGATCCGGACGATCTTGCCCTTGAGCTTGGCCTGGCCGCCGACCGTGGTCACGCCGAACCGCTCGGCCATCTTGTTGCGGATCTGCGAGTCCTTCAGCCCCTCGGGGACGCGGAAGGCGGTCAGGCCCTCGGCGGGACGGGCGCTGAACAGCTCCAGGCCGAGCGCCTGGACGCCCGCCTGGCAGGCCTCGCTCATGACCTTGTGGCGGCTCCAGACGTTCTCGATCCCTTCGGCCCGGATCCGCTTCAGCGCCGTCCTGAGGGCCAGGATGAGCGTGTGGGCCGGGGTGTAGGGGGTGTCGAACTCCTTGGCCTTGGAGCGGGCGGCCTTGAGGTTGAAGTAGAAGCTGTGCGAGTCGAAGGCGTCGACCTTGGCCCAGGCCTTGGCGCTGAGGGAGATGAACGCCAGGCCGGGGGGGAGCATGAGGGCCTTCTGCGAGCCGGCGCAGAGGACGTCGATCCCCCACTCGTCGGTGCGGCACTCCATCGCGCCGACGCCCGAGATGCCGTCGACGATGTAGACCGCCTGCGAATCGGCGACGATCTTGCCGATGGCCTCGACCGGGTGGCCGGTGCCGGTGGAGGTCTCCGAGAGGGTCCCCAGCACGGCCACGGCGTCGGGGTGCTGCTTGAGGGCCTGGGCCACCTGGTCGGGGTCGACGGGCTTGCCCCACTCGGTGTCGATCATCACGGCTTCGACGCCGAACGCCTTGCAGATCGAGCCCCATCGGGCGGCGAAGTGGCCGGCGTTGAGCACCAGGGCCTTGCCGCCGGGGGGGATGACGTTGACGACCGCCGCTTCCATCGCGCCGGTGCCGGACGACGTCAGGATCATCACGTCGTTCTTGGTCTGGAAGACCTCCTTGAGGCCCTCCGCGACCTCGACGATGACCTGCTTGGCCTCGTCGGAGCGGTGGTGGATGACCGGCCTGGCCAGTTCGAGCAGCACGTCCTCGGGGACCATCGCGGGGCCCGGGGTCATCAATCGCGGCTTGCGCATCGACTCAGTGTCCTTACGGTTGCGACCGGGTGGGGAGGCCGTCGGGGCTCCCGGTTCGTCGAGAACTCTATTCTAGTGCCGCGAACCGTCCCCTGTAAGGGGACTTCCCGGCGGCGTCGACCGGACTCAGCGCGTCGGGGGGGCGTCGCGCCCCGATAGACGGCGTCGGCGTCGAAGACGGGCGTCCCTTCCGCCTCCAGGCGGCCGTCCTCGGCGAGCCGGCGGAAGAAGCAGCTTCGATAGCCTTCGTGGCAGGCGCCCCCGACCTGGCGGACCTTCAGGAGCA
NZ_CP011273.1_gap65	3207224	3208446	1222	CCCCCCCGCGACCTTCAGCAAGATCAGGCCGAGGATCGGGAAGAGCCCGAACGTCGCCGCTTGCACCAGCAGGTGCAGCCGCCACTGGAACGCCCCGGCCTTCAGCGCCCCGAAGGAGAGCGCGACGCCGTGGAGGAAGAAGATCAGGGCCACGCCCGCCTTGGTGAGCAGCTCCGGGTGGAGCCAGCCCCCGCTCGCCCCCGGCCCCGGGAACGCGAACGCCAGCGCCACCGAGAGCAGCATGCCCGGCAGGAACCAATCGAACCGCTTCTTCTTCCTCATCTCGCCTCCGCCCTGGACCCCGATCGAACCGGAGATCGAGTGTAACCGGATTCCCCGATTTCTTCAGGGGCGGCGCCGCGAGGACGCGAGGTCCCGGCGCCGACCTCCCCCAGGGAAGGCGAGCGGCGGGCGTACGAGTGGTTCTCGGAAATCACCGACGCTCGGCCGGATGCGGCCGGCGCGACCAGGCGGGCGGCTCAACGCATCCACGTCGGCCTCGGCCTCGGCGACGTCACCGGCGGGCGACGCGGGGGGGCGGGCCGGACGGGCGCCCGTCTGGAATCTCGGTCGGCCCTGTCCACGTCCCCGTCGCCGTCCAGGTCCATCCACGAACGGAGGCCCGCCGGCGGCCTCCTGTAGTAATTCTGGTCCGTGGCGGTCGCTCGCCCATCGCCGTCGACGTCGCCCGGCAGGACGCCGAACCCGACCGGACCGAGGGGCCAGGTCGAGATTGCGGGGTCGACCCGGGCGCCCACGCCCTCGTCGAGCGCCAGCATCAGGCGGTCGACCCCCAGCGCCGTCGGCAGGGCCCAGGTCGCGGTGTGGGTGTTCGGGTTGAAGCCGACGCCGCTGAAGCCGTACGACCTGCCCGCCGTGGCGGCGCTCGTGAGCTTCAGGTCGGCGAGGCCCGGATTCACGTCGTCGGAGAACACGACGTCGATCCCCGTGAGATTCACGAACGGCAGATTGCGATCGAGGCCGAGAAGGGACATCGACCGCGAGCCCCAGCGGACCCGGACGTCGAGGACCCGGGGATGGACCGTCAGAACGCCCGGGGCGAACTGGAAGTCGTAGTCGGCGGCGGCCAGGGTGCCGATCGCGGCCGTGATCGGGTACCGTCCCGCGGCGCTGGAACTCGTGGCGGTCGTGGTCAGGACGGGGGCCCCGGTGATGGTCCAGACGGACTCGCCCGCGACGAACCCGGAGATGGCGTAGGGGA
NZ_CP011273.1_gap66	3209620	3212058	2438	GTTCTCGTAGCTCCACTCCGCCCGCCCGGTCGCGAGGTTGATCGCGTAAACGCGCGAGTAGGAGTCGGTCGAGGTCTGGACGAAGGCGTGGCTTCGGGTCAGGACGATCTCGGGATTCAGGGCCTCGGGCGCGTCCCAGCCGCCGATCCGGTCGCCGGTCGTCTCGTCGAGGAGGATGAGCTGCGTCCCCGCGACCACGGCGACCACGCCGTCGCCGACCGCCTTGCCCGTCGGGGCCGCCGGCAGGAGCACGGTCCAAAGGGGCGTCCGGGTCTGGGCGTCGTAGGACGAGACGCCGAACCGGGTCGCATAGTGCTCGGAGTCGCGCACGTCGAACAGCAGCCGCCCCGCGTCCGAGACGACCGGCGACCCGATCCAGGACATCCCCGCCGGCGCCGCGACGTTCCCCACCTGGGCGCCCGTCGAACGCGAGTACACCCGATTGTCGTAGGCGTAGATGTACTGGCTGTCGAACGCGGCCATCGGGTTTTCGAGCTGCGGGCCCGGATTGTTCCATCGCCGGGCGAGGGTCGAGGTCGTCCACGCGCTGAAGCCGCCGTAATAGCCGTCGTAGGCGACGAGTTGATCGCCTTCGATCGCCGGCCGCTCGTCGGACCCCCACTGCGCGGAGTAGGTCTGGCGACGAATGATCGCGCCGGTGCGGGCGTCGAGCACGTACAGCCACGGCTGGTCGTCCTCGGTCCCGCCCGAGATGCCGGAGTGGCCCGATCGGTTGACGTAGACCTTGCCGTCGACGACCGAGGGGGCGCTGACGGGACCGTTGCCGACGAGGATCTGGTTCCAGACCTCGGCTCCGGTCTTCAGGTCGTAGGCGATGATGTGATAGTCGCCGGAGGCCCAGTAGCCGTCCAGGTCCGTCCGGTAGACGTGCATCTCGTCGATCGCGACCGCACGATTCCCCGACTGGGCCCAGCTCCCGTTCGCGTCGTAGGTCAGCGGCCGGCTCCAGGCGAGTTCGATGCCGCTCGCGTCGATCCGGGCGTCGACGTAGCTGGTGTGCCCGGCGTCGCCCCCGCGCTGGGTCCAGACGGCCGAGGGGGCCGCCGCCCTGGCCCCGATCACGGTCAGCGTGTCGACGGCGGTGACGAGGGACGCCCCGGCGTAGGCGTCGAGGCGGCCGGCCCCCGCGACGACGATCCGGCCGCCGGGCTGGAGGGCCATCGCGACGACCTCGTCGCCGGAGACCGATTCGAGATAGGCGCCGTTCGCGTCGAACCGGGAGACGGGTCCCAGCGCCGAGGCCCCGCCGACGACGATCTTGCCGTCGCCCTGGACCACCACGGAGGAGGCCCAGTCGTCCCCGCCGAGGTCCTTCACGACGATCCCGCCCGCGCCGAAAGCCTCGTCCAGGGCGCCGGACGTCGTGTAACGGACCAGGGCGAGGTCGCCCCCGGCAGAACCGGCGACGACGATTTTCCCATCCGCCTGGAGGGCGAGGCCGCTCGCCTGATCGAATTCGCCGGGGACGTCGGTCTGGACCTTGCCGCCGGAGCCGAAAGTCGGGTCGAGCCGACCGTCGGCCGTCCAGCGGGCGACCGCGAAGTTCGAGGTCGAATTGCCCCCGAAGCTCTCGCCAGCCAGGAGGATCTTGCCGTCCGGTTGCACCGCCAGGCCGAAGCCGCGATCTCCGCCGACGGCGAAGCTCGTCGTGGCGTACCCGCCGTCCCCGAAGGTCGCGTCGAGCGTCCCGGTCGGGTCCAGCCGGACGACGGCGAAGTCGGCGTAGGTCCCGGCGTTCGAGACGTTGCCGCCGATCAGGATCTTCCCGTCGGCGGCCACGGCCAGCGCCCAGATTTCGTTATAGGAGCCCGGGGTGGGAATCAGGCTTACCCAGCCGCCGTCCCCGAACGAGGGATCGAGCTGACCGTCGGCGGTGAGGCGGGCGAGCTGCATATTCCAGCTCGAATCGCCCTGGTCCTGGTAGGAACCGCCGACGATGATCTTGCCGTCGGGCTGGACCGCCACGGCCTTCGCCGTCATGGTCCGCCCGGCCTTCCCGAGGACGGCCGCGCCCCCGTCGCGGAAGCTCGCGTCGGGCGTGCCGTCGGCGTTGTACCTTTGGACGGCGAAGCTGCTGGAGTCCGAGGCGACGGCGTGGTACGTCCCCGCCGCGACGATCTTCCCGTCGGCCTGCGTCGTGACCGCGCTCACTCCGAAACCCAGCGTCGCGGGGGCGAAGGAGGGGTCCCTGCCGAAGACGCCGTCGATCGCGGCGGAGCCCGTGATCGTGACGACCCGGCTGCCGGGCGTCGGATCGCCGATCACGGCGTCGACGGAGAAGCTCGCCGAGACCTGGCCGGCCGGGATCACGACCGAGCCCGGCACGGCGGCGGCGTCCGGGGCGGAGCTGGTCAGGGTGACGGTCAAATGCCGGGCGACGTCGGCGACGCCGCGCGTGACCGTCCCGCTGGTCGCCC
NZ_CP011273.1_gap67	3241431	3245519	4088	CCTCGCCAGCCTCCTCTTCGTGACCCTGGACTGGAAGGCCGTGCGCTGGGTCGACCCGGCGGCGTTCCGGTCGCCCGGAGAGCCGGCGGCCGGCTCCTGGGGGACGATCGCGGTCGATTGGGGCCGATTGGTCTCGCCCGACTGGCTCGGCGTCTCGGTGCTGGTCGGGACCGTCGCGGCGGTCTTCGCGGCCAACCTGCTGTATTACCCGCTCACGAACATGCAGGCGGATCGTCGGCGTCGGGTCGGCGTCTGGCTGACGGTCGGGGCCAACCTGACGCTGCTGGGCTTCTTCAAGTATTTCAACTTCTTCATCGACAGCTTCGCGAGGATGCTCGAACCGATGGGGGTGCCGGTGGAGTCGCTCCACCTGCACGTGATCCTGCCGGCGGGGATCTCGTTCTACACGTTCCAGTCGATGAGCTACACGCTGGACGTCTACCGCGGCAAGGTGGAGGCGGTGCGCAGCCTTGAGGACTACGCGCTGTTCGTGACCTTCTTCCCCGTGCTGGTGGCCGGGCCGATCGAGCGGGTGGGGCACATGCTGCCGAAGCTGACGACGCCCCGTGTGCTGAACCTGGACCAGACCACCCGCGGCTGCTTCCTGATCCTGTTCGGGCTGTTCAAGAAGGTCGCGGTGGCCGACAGCCTGGCGGTCTCGGTGAACTCGGTCTTCAACGCCCCCAGCGCCACCTGGGCCGACGTGGTGCTGGCGACGGTCGGCTTCGCGTTCCAGATCTACTGCGACTTCTCCGGCTACACCGACGTGGCGCGCGGGGTCGCGAAGGTGCTGGGCATCGACCTGATGCTGAACTTCAACCTGCCGTACTTCTCGCGGACCCCCAGCGAGTTCTGGACGCGCTGGCACATCAGCCTGTCGAGCTGGCTGCGGGACTACCTGTACATCCCCCTGGGGGGGAGCCGGGGGGGCGAGGGGGCCACCTACCGCAACCTGATGATCACGATGCTCCTGGGGGGGCTCTGGCACGGGGCGGCCTGGAACTTCGTCCTCTGGGGGGCCTACCAGGGGGCGATCCTCTGCCTCTATCGGCTGTTCACGCCCCGGGCGAGGCCGGCCGACCTCGACGAGCCGTCGCCGGCCGGGGGGCTGGACCTCGGCCGCCGCATCGGGGCGGTGCTCTCCACGGGCTTCTTCTTCGTCCTGACCTGCTACGGCTGGATGCTGTTCCGGGCCGGCTCGCTGGAGCAGGTGGTGGACTACACGCGGATCCTGCTGTCGGGCCCGTTCGACCTGCACACGACGATCGCCAAGCCGACGACCGCCGGGGTCCTCGGGCTGCCGCTGCTGATCGCCTTCGAGTGCCTGGAGTACTCGGCCGGGACGCGGCTCTTCTATCGCTCGCTCCCCAGCCCCGTCCGGGGCGCGCTGTACGCCCTGCTGCTCTTCATCCTGGTCATGGGGACGTCGAATGCCGCGACCCAGTTCATCTACTTCCAGTTCTGACGCGCCACTCCCGGAAGCCTCGGGACGCGGGGGTCGCGGCGACGCGGCCCGGACCCTGGCGTGGACGCTGGCGTGCCTCGCGGCGCTCGACGTCGCGGCCAGCCGGGCGTTCCCGCCCCCCGCCGACCCCAGGCGGCCCCCTCGGCGCTCCAGGCCTACTTCCAGTACGGCCGCTCGATCGAGGACAAGCTCGACCGCGCGATCGGGGAGAGCGACGATCAGGCCGCGCCCATCGCCTTCGCCGGCTGGCCCGACCCCCAGCCGGGAGAGGACCAGCCGAAGGAGCGTCCCCCCGGCGCCGACCTCCTCGTCGCCTTCTACGGCATGTCGTTCAGCAACCAGATGGCCGAAGCCCTCAAGGCGGCCGAGCCGAAAGTCGCGGTCCGCAAGATCGGCGGCCCGGCGGCGCCCCCCAATCACGTGATGGAGATGTACGAGATCGACCGGGGCCGCCACGACGCCGACGTCGTGGTCTTCACGGTGCTGGACTCGTCCGTCGGCGGCGTCCTCACCATCGACGGCGCCTGCCGCAACTTCGAGGCCCCCCAGCCCTTCATGTATCGCCGCTATTTCGCGACCCCCGAGGGCCTCGACGCCCACGAGCCCCCCGCGCGGTCGCTGGCCGAGTTCCGCGAGGCCTGGCTCGACCCCGAGGGACGGGCCCGGCTGATCGACGAACTGCTGAAGTGGGACCTCTACTACAGCCCCTTTTACTTCCGGAAGAACTTCCTGGACGAATCGTCGCTCGCCCGGATGATCCGACGCGCCCTCTTCCGCAGCCACAAGCAGACGATCACCGGGCTGTATGAGGAGGACGGCCGCTTCCTGGAGGATTCCGAGGCGATCCGGGCCCTCAAGGGGATGGTCGGGCGGTTCATCGACCAGGCTCGGGCCGACGGCAAACGACCGCTCGTCCTGATGGTCCAGGATCAGGCCTCCGGCTCCCGGCTCCAGGACGTCCTCGGGCCGATCGTGGAGGCTCGCGGGGCGCTCGCGTTCAATACCAACGCCATCTGCCCGACCTCCAACCGCCTGAACTTCGTCGCGGACGGCCACTTCACCCCCGCCGCCAACGAGAAGCTCGCCGAGGCCCTGGCCGAGCTCCTCCGCCGCCCCCCGCTCGCGACGGCCGACCCCGGCTGAGCCGCCGGCCGCCGGGAGGATGCCCGAACCGCGGAGAAAATGGTAGGATCGAACCGCACCGGGCGCGTCGACGACGCGACCGCGAGGAGCGCCGCGCAAGCGATCAATCAGGAGCATGGCACGCGATGGAGATGGAGTCGAAGCAGGAACTGGCGGAGCGGCTGGGGTGCCACGGACAGGAGCATCTGCTGCAGTTCTGGGACGAGCTGGATGAGGCCGGGCGCGACCTCCTCGCCAAAGAAATTGCATCGATCGACTTCGACCAGCTCGACAGACTGATCGCCGGCCTGGTGCGCGGCGCCGTCGAGGAGCCGGAGATCCCGGCCGAGCGCGTCCATCCCATCGACGTCGTCCGCCTTCCCCAGACCGACGGCGAGCGGACGGCGCGTCGGCGGGCGACCGACGCCGGCGAGGAGGCGCTCGCCGCCGGCGAGGTGGGCGTCGTGCTGGTCGCGGGCGGTTCGGGCACGCGGCTGGGCTTCCCCGGCCCCAAGGGGACGTTCCCCATCGGCCCGGTCTCCTCCGCGAGCCTCTTCCAGATCCACGCCGAGAAGCTCGTCGCCCTGGGAAGCCGCTACGGCAAGCAGCCGCCGCTGTACGTGATGACCAGCCCCGAGAACCACGACGCGACCGTCGAGTTCTTCGAGCGGAACGGCCGGTTCGGCCTGGATCACGTCCGGTTCTTCATCCAGGGCCGGATGCCGGCCGTCGACCTGAAGACGGGCAAGATCCTGCTCGCCGCCCGCGACCGGCTCGCCATGAGCCCCGACGGCCACGGCGGCACCCTCGCGGCCCTGGCCGGGCCCGGCGACGCCGGGTGCGAGCCGAGCTGCCTCGCCGAGATGGGCGAACGGGGCGTGCAGACCCTGTTCTACTTCCAGGTCGACAACCCCATGGTCGAGATCGCCGACCCGACCTTCATCGGCCTCCATCGCCAGGGCCAGGCCGAGATGTCGTTCAAGGTCGTCGAGAAGATGACCCCCGACGAGAAGGTCGGCGTCGTCGTCCTGGTCGACGGCCGCCCCCAGGTCATCGAATACTCCGACCTGCCGCGTTCCCTCGCCGAGAAGCGCGGCGAGGAAGGCCAGCTCGCCTACTGGGCCGGCAGCATCGCCATCCACGCCTTCGAACGCTCGTTCATCGAGCGGTTGGTCGGGGGCCTGCGGCTGCCGTTCCACCGGGCCGTCAAGAAGGTCCCGTACGTCCTGCCGACCGGCGAGACGGTCCAGCCGGCCGAGCCCAACGCGGTCAAGTTCGAGCAGTTCATCTTCGACGCCCTGCCGGCCGCCGAGCGGTTCGTGATCGTCGAGACCGATCGGGCCGTCGAGTTCGAGCCCCTGAAGAACGCCGTCGGCCCGGACTCCCCGGCCACCGTCCACCAGCGGATGAGCGACCTGTTCGGCGGCTGGCTCGAACAGGCCGGCGTCGTCGTCCCCCGCCGCCCCGACGGCTCCGTCCCCTTCGCCATCGAGATCAGCCC
NZ_CP011273.1_gap68	3286854	3290262	3408	GAACCGGACCTGGTCGGTGGCCAGGTGGAGGTACGAGCCCGATTCGGTGGTCGCCGCGCCATACTCGCCGCTGATCCCTTCCACCCAGAACTCGGCGCGGAGGTTCCACTCGGGGAGATCGCGCGACGTGGCGGGGTAGCTGTCGTCGACCATCAGCCGGAGCTTGTTCCGCCATCCCCGGGCGGCGCAGAGGGCATGGTACTGGTGCTGACGCAAGACGTGGGCGGCGAACCGGTTGGAGTAGACGCGAGTGCTCCGCTCGGCGTCGGTCAGGACGTAGACTTCGCGATACGCCTGCTTGAACGGCTGGCGGACCCTGTGGCGGTCGAACCAGTCGCGCCAGGCCGCGACCTCCTCGACGGGGCGGTCGATCGGGTGCCAGAGCGCGACCTTCGTCACTTCGCCGAGTCCCTCCAGCGGCACGTCGTCCACGCAGACGATCCGGCCGTCGAGCCAGATTCCGGCGTCGGACTGGCCGTTCGTCTCGAAGGTCCAGATCAGCCGCCGGGCGATCGCGCCGACGAGCGGGTGGTCGAGGTACCGGGTTTTCCAGGCTTCGAGCGGCCAGGTCTTGCGGGCCAGGAAGAGGCCGTCGATCCGCTCGCGCTGGGCGGTGAGCATCTTGCCGACGTCCTTGGCGGCGGCTTGAAGCTCCTTGACCTCCGCGGCGTGGTCTTTCTTGACGGCGGCGGGGGCCGATTTCAGCGGCTTGCCGGCCTTACTCCAGGTCAGGCGGGCGTCGGGGCCGTCGACGACGAGTTCGGCCGTGTAGTCGCCGAGGGCCTCGACGCGGCGGCCGACTTCCTCCATCCCGTAGGAGGGGACGGCCAGTTCGTCGATATCCTCGCGCGGGAGCCCCTCGCGGCTCGCGGCGGCCGTGAGGGCTTTCTCGGCCTCCTTTTGGGCCGGGATGAACTTGATCTTGAGCTTGAGGATCGCGAGCTGGCCGACGGCGTCCATCCCCGGCATCATCCCCAGCGCCGCGACGACGGCATTCCCGAGCGAGATCAGCCGAGGCCCCCTTCCGGGGATCTTGCGATAGGCCGACAACGCCAGCGCCGCCAGCGCCCGCGCCAGGTCGCGATCGGTTTGGAGCCCCGCGCACCAGGCGAGCCCTTTGAGCAGGTCAACGTGGTGGGGATCGATCGAATCGACCTGGAGCACCTCCCACTGAATCGCCCGCGGCCTCGTCTGGGTGCGCGGCCTGTCCACCAGCGGGAACCACCGCAGGAGGTTCGCCTTGAAGTCCTCGCGGCCGACGGCGGCGATCAGAGGCTTGACGGCGGTGAGCCATTTCGCCGACGGCTTGCCCGTCCCCACCTTCTGGCAGGAAACCAGGAGCGCCTGCCACGCCGACCGCCGATCCGGGGGCATGGCGGCGAGATCGCCGAGCGCGACGTCGGACCACGCCTCGCCGGGGTCGATGCGGGCCTCCGCCTCGACGGCGTCCAGCTTGATGAGGCGGCCGAGGGGCTTGCGGACGGCGTCGCCGTAATGGGTCAGGGGGCTCAGCCGGGCGACGGCCGCGTGGAGGGCGGACTTCACGTCCTCGCCGAGGGGGCCGCCGGCCGCGAGGTTCTCGACGGCCGCCGCGACGCCCGCGAGCGGGAGCGAGTAGGGGTCGGGATGGTGGCTGACGTCCACCCACCTCAGGAGGGAGGCCACGGTCGCCGGGGGAAAGGCGTGCTTCCTTCGAAGAAGCCCGCGCACGACCTGCCCGAATCGGACGGCGGCCTCGCCGAGGCCGATCCCCTCGGCCGAGGAGCCGAGGTGCGCCTTCGACAACTCGCGCCGTCGCTCCTCGATGGTCAGGAGCCGGGCGACGAGTCGGTCGACGACCTCGATCTGCTTCGCGCCGTCCAGGGCCAGCAGCGCCTTCCCGGACTTCAGGTCGCCGAGTTGGGCGGTGTACCATGAATCGCCGGACTTGCCCTTGGGCTCCTCCTGCGCCAATGCGTCGATCAACTCGCCCAGCTCATCGACCGACGCCGGCTTCTCGACCTTGGCCATGATCCCCCCCAGGCGGGACGAGTTGGATTCCTCCCACGCGGCGGGCGTTCGTCCCGCCTCGATCCGACCGACACCCAAGCCAACAAATCATAGGACGCGCGCGAGCCCCCCGCGAGCCTCCTGATCGTTGGCTTCCGTCGCGATGCTCGTCGACGAGGCGCGAGGAGAGGGGGACGAGCCTCCTTCCGCCCGCGTGGTGCTCCGTCGAGAACACTTCGGCATGGCGTCATGACCCGGCCGGCCCACGGGTCGGATGAGCGGAGCGACGCCGGAGGTTTTCGACGGAGCACCGCGTGGGGAAGGTGGCCGCAGGCCGGACGAGGGGCCGCCGTCGTCGCATCTCCCGGCCAGGTCGGTCTTCCCACGCAGGGGGGCGCTGGGCTGCGATCCAGGGCTGGCAAGGTCGCGTGATGCGGAAAATCGACATCCTCGCTCGCGTTCGCCGAAATGGTCGCATCGTCACTTGGAGGGATGGCAAGACACCGCGCTCCCTGGCAATTCGTCGGAAGGTCCCGCCGTCGGCCGGCAGCCGGAACCCAGGCCAGGCCCGGCGAGTGGGAAAAGTCGCCGATCGAAGCCAATTTCGGAAGGCTTATATCTCGGTTAAGTCTTCAGATTTCAGGGGTTTGCAGAGAATGGCTTCGTTTTCGGGTGGCGAGAACGAACCCAATTTCGGCCCCATTCGCGGGCCGTGGGGAGCCGTCTGCGGGCTCGCGGTCGTAAGGTGCCGAGATGAGAGGATTTGCGTCGCGGGGGAGCTGCCGTGGCCGGCCCTGAAGCCTCGGAGATTGCGAGAAAAGCGTCGAGCGAACCCAATTCGTGATGGGCGAATTTTCGAGTAAAGGTTTTGGGTGTAAGAGTTTCGGTCGATTGGCTTCGTTCGCGGGGGGCGAGAACGAAGCCAATCGCGGCCGGGGCTCAGCCGCCGACGAGGAGGGTCAGCCGCAGGAAGGTGACGGAGGTCGTCGGGGCGATGGTGAAGGTCTGGTCGAGCGACTCGGCCTGGCGGTCGTCGATCAGGATCAGGACGCGGTTGGTCTCGAAGGCCTCGACGGCCTTCTCGTACTGCTTCTTCCAGTCGATGGGGTGGGCCTTGGCCCCGGTGCGAGGGCCGTTGAGGGCCAGTTCGAGCCCTTCGGGCTGGACGAGGCCGCGGTAGGGGCCGGAGGCTTGCCGCTTGACGTTGTAGTCCTGGACTTCCTGGTAGACGCGCTCGCGGATCAACTCACGGACGGTGATCGTCTCGTTCAGGAATTCGAGCGACCACTCGTTCGTGACGCCGCCGGCGGGCGTCTCGTCGCGGACGGTCAGGGTGGCGGCCATCGGCGGGCCTCCCGAGAGGGTTGGAGTCGCGGCCAAGGGGACCTATCCTCTATAGGATAGACCTGGCGCGGCCCG
NZ_CP011273.1_gap69	3323019	3324783	1764	AGGATCGCCAGGCGCAACATGCGCGGGCCTCCGTTTGATTTCAAAAGGTTAGGGGAGGGCTGGACGCCGCCCGCGAGAGGATTCGCGGGCCAGGCGTCAGGCCTTCAATTCGACGAGGCGAAGTCGATCCGATTAGAAGAACCGGCGCGACTGCTGCTGATGCGAGACGGCGCTGCTGGTGTAGCCGGCGATCATGCCCGCCATGAAGCCGATGCCGAAAGCCGCGGCGACCCACTGCACCGGGTTGCGAATGACCATCTCGCGTGCGTGGCCGAGCTGCTCGCCGGCCATCTCGCGGACGTGGCCGAGCTGCTCGCCGGCTTGGTCGCTCACCTGGGAGTAGCCCTCGCGGATTCGGTTCGTCGCCTGATTGGCGGCGTGGCCGACGGTCTCGACCGCGTTCGAGAGCATCGACGAACCTTCGCTCAGGAGGCCGTCGAAGTACTTCTCGATCTGTTCACGCTTCTCGCCCGTCCGCTCCTGGATCCGGCCGATGAGCTGGTCGACGTTGCCGTTGGTCCAGCGGAGGTCGTCGTCGGTCAACTGGCCCCACTTCTTCTTGACTTCGCCCTTGAGCTGATTCCACTGCCCCTGGAGATTCTGAAGATTGACGGCCATGATTGGTTTCCTCTTGGTTAGGAGTGCCGGATCGGCCTCCACGACGTCGGCGCGATCTTTCACGGTTCCGAGGTCGCGGGCCTCGATCGCCTGGCGATCCCGGCTCGTTCCTGCCAGGCGTTCGGCCGGACGCCGCTCGTCCGTTCGCCCCTGGCGGTTGAAATAGGGAAATCGCAATCGACGTGCCATTCGGCCGTGGTTCTTCGAGAAGGCCCGAATCTCGGCGGAGGGCTGCGACCGGAACCCCGTCAGGGCCAAGGGACTCGTGCGTCCCCTGGCGTTGCAGGATCCGACCGGTCGGGCGGCAAGCGTGGCGCGCAGGCGGCTCGCCTCACAAGGCGCGGGGCCTGGCGGGGTAGTGCACGCGGCTGCTCAGGGGTGGGAATCGCCCCGGTCTGGAGGGGGAGGCCCCTCCAACTTCCCGGAAGACGGGGAAGCGGAGGAGGGGCGGGAGGGTCGTTTCGGCCCGTCTCAGGCCGTCGCATTTTCCTTGTTCTGGAGGGCCTGCTGGATGGCCTTCCAGCCCAGGAGGCCGCACTTCATGCGGGTGGGCGTGAGGGACATCCCGAGGAGCTTGACGACGTCGGCCGGGCCGAGCTTGCGGGCGTCCTCGACGCTCGCCCCTTCCAGGTGTTCGGCCAGCAGGGACGTCGCCGCCTGGCTGATGACGCAGCCCTTGCCGTCGAACCGGATCTCCCGGATGCGGTCGTCGGCCCCCACCGTCATCTCGACGTGGATCTGATCGCCGCAGAAGGGATTGTCCAGGTCGCAGACGTAATTGGGTCCCTTGGGGTCCTCGATCCGGCCCCGGTAGGGGGAGGAATAGTAGTGATCCAGGATCTCTTCGCGATACAGCGGGTCGTCCATTTCGGTTCCTTGGCGGCGCGGGGGAAGCCGCGCCCGCGAGGGCCGGCCCCGGCCTAGCGACGGCGGAGCAGCGTCTTGATCGACCCTAAAGCGACGGCGAGGTGGTCGATCTCTTCGGTTGTATTGTACAGGGCGAAGCTGGCCCGCGCGGAGGCCGGAATCCCCAGTCGGGCGTGCAACGGCATGGCGCAGTGGTGCCCGGCCCGGATCGCGACTCCCGATCGATCCAGCAGTTGCGAGAGGTCGTGGGGATGCGTCCCCTCCAGCGTGAAACCGACG
NZ_CP011273.1_gap70	3383324	3388102	4778	ATCAAGAAGCGGTCGAGGTAGCGGAGGGCCGTCTCCTCGTCGAGGTCCGACGCCAGGAGGTCGGCGTGGCGGGGGCGGGCGCCGCCGTTGCCGCCGACGTAGAGGTTGTAACCCTTCTCGGTGGCGATGAGGCCGAAGTCCTTGCCCTGGGCCTCGGCGCACTCGCGGACGCAACCCGAAACGGCCCCCTTGAGCTTGTGGGGGGCGCGCAGCCCCCGGTAGCGCAGCTCCACCCGGACGGCGAAGCCGACCGAGTCCTGCACGCCGAAGCGGCACCACGACGAGCCCACGCAGCTCTTGACCGTCCGTAGCGACTTGCCGTAGGCGTGGCCGCTCTCGAATCCGGCCGTGATCAGCTCGGACCAGATGTCGGGCAGGAGGTGCACGGGCGCCCCGAAGAGGTCGACCCGCTGGCCGCCGGTGATCTTCGCGTAGAGGCCGTACGTCTTGGCGACGCGGCCCAGGACGATCAACTGGTCCGGCGTGATCTCGCCGCCGGGGACGCGCGGGACCACGGAGTACGTCCCGCCTCGCTGGATGTTGCCGAGGAAGCGGTCGTTGGTGTCCTGCAAGGTGGCGTGGGCCGGGTCGAGGACGTTCTCGTTCCAGAGGCTCGCCAGGATCGAGGCGACGGTCGGCTTGCAGGTCTCGCAGCCGAGCCCCCGGCCGTACGAGGCGATCAGGGCCTCGAACGTCCGAATCCCCCGGACGAGGGCGATCTGGTACAGCTCCTTCCGACTGTGCGGGAAGTGCTCGCAGAGGTGGTCGTCGACCCGGGCGCCGGCGGCCTTCAGCTCGGCCTTGAGCAGCTCGGACACGCGCGGCAGGCAACCGCCGCAGCCGGTCCCGGCGAGCGTACACTCCTTCACCTGGGCGATCGTCTTGAGACCCTGGTCGCGGATCGCCTCGCGGACCCGGCCCTCGCCGACGTTGTTGCACGAGCAGACCTGGGCGTCGACCGCGCCCCCGAGCGCCGGGCCTCGGCCGGTGGAGAGCAGGTCGCCGGGGGAGACGGGGAGCGGCCCGTCGCTCTTGAAGACCGAGAGGAGCGTGCCATAGTCCGAGGCGTCGCCGACGAGGACGCCGCCGAGCAGCCGCGCGCCGTCGGGGGCGAAGAGGAGCTTCTTGTAGACGCCCCGGAACGGGTCCTCGAAGGTCAGCGCCCGGGCCCCGTCGGCGTCGGCGAACGGGTCGCCGAAGCTGGCGACGTCGACCCCCATCAGCTTCAGCTTGGTCGACATGTCGAAGCCGGCGAACCGCCTCAGGGAGCCCGTCAGGTTCGCCGCGGCCACGTCGGCCATTTCGTAGCCCGGGGCGACGAGGCCGTAGACCGTCCCCCGGTGGACGGCGACCTCGCCGACGGCGAGGATCTCCGGGTCGGACGTCCACATCCCGTCGTCCACGACGACTCCGCCACGCGGGCCGATCTCCAGGCCGCAGGCGCGGGCCAGCTCGTCGCGGGGCCGGATGCCCGCCGAGACGACGACCATGCCGACCTCGAGCTCGCCGCCGTCGGCGAACGCCAGGCCCTCGACCTTCCCGTTGCCGAGGAACTCTCGCGTGCTCTTGCCGAGGTGGACGCGGACGTTCATCGCCTCGATCTTCTCGAGCAGGACCTTCGAGCCCGCGGCGTCGATCTGGCGGGGCATCAGCCGGGGCGCGAACTCGACGACGTGGGTCTCCAGGCCCAGCTCCCGGACCGCCTTCGCCGCCTCCAGGCCGAGCAGCCCGCCGCCGATCACCGCAGCCGAGCCCGCCCGCGGCGCATAGGCCAGGATCGCCTCCAGGTCCTCGATCGTCCTGTAGACGAAAATCCCCTTCTTGTCCACGCCCGGGACCGCCGGCACGAACGGCGCGGAGCCGGTGGCGAATACCAGCGCCTCGTAGTCGACCTCGACCCCCTTCGCGGAGACGACCCGCCGCCGCTCGCGGTCGACGGCCGCGACGCGGTCGCCGACGTGGAGGTCCACGGCGTTCTCGGCGTACCAGGTCCGGCAGGCGATCTTGAGGCGGTCGGCGTCGCGGCCGTCGAAGAACTTCGACAGGTTCACGCGGTCGTAGGCCGGTCGCGCCTCCTCGCAGAACGTCACGATCCGGTAGCGACGCTCAAGGTCGAGCGCCACGAGCCGTTCGCAGAAACGGTGGCCGACCATGCCGTTGCCGACCACCACCACGGTCTTCCTCTTGTCGTACTTCATCGTCGGGTCCTCGTGCCGGGCGGGGGGTCAGTGGGCCTTCGGGACGCCGCGGCCCCGGGGGATCTCGTCGTCGCGGGCGGCCCGGATGCGGGCCGCGCACGACTTGTAGGCGGGCTGGCGCGACTCGGGGTCGAACGCCGCGAACGTCAGCCGATTCGTCGCGCCGTCGTGCATCGGCAGGAACAGACGGCCGGGTGGGACCGTCGGGTCGCGAAGACCCGCACGCACGCCTCGCCCCGGCGCGACTCGACCACGGCCCACGCGCCGGCCGTCAGGCCGAGCCTCTGCGCATCGGTCGGGTGGATCTCGACGTACGGGTCGCGCGGGTGGAGCTTGCGGAGGACGTCCGACTTGGCCGTCCGCGTCTGAGTGTGCCACTGGGCCGCACCGCCGCGGCCGGTCAGCAGCTCGAACGGGAAGGCGTCGTCGGTCGGCTCGGGTGAGGGCCGGGGCTCCTCGAACAGGAACCGGGCGCGGCCGTCCGGGTGGTGGAATCGGCCGTCGGCGAACAGCCGCCGCTGCGGGCTCGGGTCCGCGCCCTCGGCCGGGAAGGGCCACTGGACGCCCCCCGCCTCGTCGATCGCGCGGTAGTCGGCGATCCCCGTCACGTCGCACGGTCGCCCCGCGGAGAGCCGCTTGAGGATCTGGAAGGTCGCCTCGGGCGACGACCAGTCCTCGAACATCGCCCCGCAGCCGGCGTAGTGCGCGGCGAGCTTGAAGATGTGGAAATCGGCCAGCGCCAGGCCCGGCGCGCGGGCGACCTTCTTGATGAGACCGACCCGGCGCTCCGAGTTGATGAACGTCCCATCCTTCTCGCCCCAGCCCGCCGCCGGCAGGAGCAGGTCGGCCAGCTGCGCGGTCTCGGTCGAGCTGTACATGTCCTGCACGACCAGGAAGTCCAGCTCGCCGAGAGTCTCGCGCAGCCGACCTTGATCGATCCACGAGTGTGCGGGGTTCGTGGCGACGACCCAGAGGCCCCGGATCTCGCCCGACCGGACGCCGTCGAGGATCCGGTCGTACGACCAGCTCGGCCGGTCCGGGATGCGATCGACGGGGATGCCGAGGGTCGCGGCGACCTCGGCGCGGTGGGCGGGGTCGGCGAATTCGCGCCCGCCCAGCAGCGACGTCGTGTTGGAATAAAGCCGCGAGCCCATGGCGTTGCACTGGCCGGTGATCGAGTTCGCGCCCGTCCCGGGCCGGCCGATGCTCCCCGTCAGGAGCGCCAGGTTGATCGCCGCCTGCGCCGTCTTCACCCCCTGGTGGCTCTGGTTCACGCCCATCGTCCACCAGAACGACGCCCGCTCCGCCTTCGCGATCCGGTCGGCCGCGGATCGGACGGCGTCGGCTTCCAGACCCGTCTCACGGGCCACCCGGTCCGGGTCGTACGGTGCCACGAACGCGGCGAACTCCTCGAAGCCGCGGGTGTGCGCCTCGACGAACCGGCGGTCGACCGCGCCTCGCTCGATCAGCAGGCGGGCGAGCCCGTAGAGGAGCGTGAGGTCGGACTTCGGCCGCGCCGGCAGGTGCAGCGTCGCCGCCATCGCCGTCTCCGTCCGGCGAGGGTCGATCACGAGGATCTCGGGGCGGTGTGGGTTCCGCGTGGCCCGCTCCCAGAGCACCGGATGGGCGATGCAAGGGTTCGCCCCGATGAGGACGATGCAGTCCGACTCCTCCAGGTCCTGGTACGTGTAGGGCGGGGCGTCGAAGCCGAAGGCCTGCTTGTACGCGACGACGGCCGAGGCCATGCACTGGCGGGTGTTGCCGTCGCCGTGGACCATCCCCATGCCGAACTTCGCGACCGCGCCCAGCAGCGCCATCTCCTCGGTGGCGATCTGCCCGGTGCTGAGGAACGCCACCGAGGCCGGCCCATGCTCCGCCTGGATCGCCCGGAACCGCGAGGCCATCTCCGACATGGCCTCGTCCCAGCCGACATCCTGCAGCCGCCCGTCCGCCCCGCGCAGGAGAGGTGCGACGGCGCGGTCGGGGGCGTCGAGGACGGCCAGCGCCTCCCACCCCTTGGGGCAGGCCATGCCGCGATTGACGGGGTGGTCCTTCGTGGGGCTGAGGTTCACCGCCCGGCCCTCGCGCAGGTGGACCGTCAGGCCGCAGCCGGTCGAGCAGTAGCCGCACACCATGCCGGTCGTCGCGTCCGGCGTCCTCGCGGCGGGCACCTGCCCCAGCCCGAACCCGCCGGGCTCCCGCCGCAGTTCGCGGGTCAGTCGCCCGTCCCGAGCCCGGGCCAGGCCGACGAGCCGGTCGATCATCGTGTCGCGCCCGTTCCCGTTCGTCATGACGGCAGCCCTCCCGGCATCGTGGGACGAGAGACCGCGGTGAAGAACAGGTGGCGTTCGAGAATCTCGCCGGCGAGGCAAGTCGCGAACGCCAGGGTCGTCGCCTGGGCGGCCAGGTGCGGTTCCCGACCGACCACGGCCGCCGCCACCGCGGGGAGGACGACGCCGCCGGCGATCCCAAGGAGCCGTCGGAGCGTGACGATCCGTCGCATCGGTCCGCGGAGCAGCCGGGCGGTCCGGCCGAGTGGGCCGTCCTCGCCCGCCTCGTCGCAGTCGCGCGCCTCGAACC
NZ_CP011273.1_gap71	3389262	3392598	3336	CGATCGAGGTCCACCTCGAACGCGAGTTGCTGGCCCGGCCCCGGCGGCCCGGCCGGGAGCAGGGCCGAGTAGAACCGCTCCCCCACTGGCTCGTCCGGCCCGCGATGGAGCCTCGCGAAACGCTCGACGGCGCTCAGGTCGCCCTGCTCGGCGAGGAGCGAGTCGACCAGTCGGTCGTCCCGCCGCCCGCCGACCCCGGCCTCGGACCGGTCGACCCGCTCGGCGAGCTTCAGGGACGTACCTTCATCGACGAAGCGCATGGACGCCACTCCTCGCGGACGGTTGGGTCGACCCGACGACGGGTCGACAGGGTTGCAACCGGTCGGGAGAGGAGCCGGTCGGCCTTCGACTGCCAGCCCTGGAAAGCAGCGGGGATGCCAGTCAGCGAAAGGCGGCCCCCTTTTGCGGAATCACGAAGGGCCTGGCGATCCACCCTTCGCCAAACCGAAGGGTGAAGCCCTCGCAATGCCGATGGGCCTGTTCGCGGGGCTGGCAGTCGTGCCAGAAATCCAGGCGGTGCGTTCGGCGGGAACCAGACGCGGTTCGGCGGCCGAATCAGGCCGATCGGGAGGGCGGGTCCGCAGGGCGGCTTTCGGATGCGGCCTCCAGGCCGATCGCGATCCGGAGCAGGTCGGGGAGCGAGCCGACGCCGAGCTTGCGCATCAGGCTGGCGCGGCGGAGCTCGACGGCCCGGGGGGTGATCTCCAGGAGCCTGGCGATCTCCTTGTTCGGCCGACCGTCCCGGATCATCGCCAGGACTTCGCATTCTTTGGTGGTCAGGGAGCCGAGCCGCGCCCGGACCGCTTCGGTCGCGGATCGTCGCTCAAGGCGGGCTCCGTCGTCGCGGAGGGCGCGCTGGATCTTCTCCAGGAGCACCTGGCCGTTGAACGGCTTCTCAAGGAACTCGGCCGCGCCCGACTTCATCGCCCGGACCGCCATCGGTACGTCGGCGTGGGCTGTGATGAACAGCACAGGGATCTCCAGACCGCGCGCGGAGAGGTCCTCGAACAGATCGAGCCCGCCCGTCCCCGGCATGCGGACGTCCAGCACCAGGCAGGTGGGGCCGTCCTCGGCGTAGCCGCGGGCGAACTCCTCGGCCGACGCATAGGTCAAGGCCCGGAGGCCGACCGTCTTCAGCAGCCAACGCAGCGAGTCTCGCATGTCGGGGTCGTCATCCACGATGTGAACCGTCGGCTCGCTCATGATCGGGCGGGGCGGCCGGCAGCCGGACCCGGAAGGTCGTCTCTCCTCCCGGCACCGACTCGACGAAAATCCGCCCCTGGTGGGCCTCCACAATCGTGCGACAGATCGCCAGTCCCATGCCCATGCTATTGGCACGAGTGCTGAAATAGGCATCAAAAATCACGGGCAGCCGGTCGGGCGAGATGCCCTCCCCGTTGTCGCGAACACCGAATTCGACCCCCCCCTCATCGGACGACTTCGTCCACATAACGAGCGTGGGGGTCGAGGGTTGCGACAGGGCGAGCGAGTCCAGGGCGTTGCGGGCGAGGTTGACCAACACCTGCTGGATCTGTACCGGATCGCCAAGAAGACAGGGCAATTCGGGTGCCAGCTCCAGGCGGAGGGCGACGCCGGTCCGCTGGATCGCGCCCCCCAGGATCTCCCTCGCGTCGTCGACGAGCGCGTTCGCCTCGAAGGGCTCACGCCTCGGCCCCTGCCGCGTGACGAACCGCCGCACCTGTTCGATGATCCGGCCGGCGCGCATCGCGGCGGCCTGGAGGCGCCGGAGCGCCTCGCGGATCTCGTCGACGGCCGGGTTCGGGGCGGCCAGGGCGGCCAGGCAGCCCTCGGCGTAGTTGGAGACGGCCCCGAGCGGCTGATTCAGCTCGTGGGCCAGCGCCGACGCCATCTCCCCAGCCGCGCTCGTCCGATCGGCGTGGCTGAGCCGCGCGAGAAGCTCCCCGTGCCTCTCCCTTGCCGCCTCCAACTCGCAGGTGCGCTCGCGGACCCGGGCCTCCAACTCGTCGCGCGCCCGTCCCTGCTCGTCGAGCTGGCTGCGGATCAGCCCGACCGCCGGGCGGAGGATGAAACGGCCGATGGCGACGAGGCCCCCCACGGTCAAGCCGGCGAGCGCCCAGCCGATTCGACGAAACCGCTCGACCCGCCCCCGCGCCTCGGCTTCGTAGAGCCCGACGACGTGGTCCATGCCCCGGAGGTATTCCGCCTCGTGGTCGAGGATGACGGCCAGGTCCACACGCCTCGCTGCGGCGTCGCGCGGAACGGCCGCCTCGGGTCCGACCAGGCGCTTCGCGGCGTCCTGGATCGCGGTGAAATGCGGCTCCAACGCGGCCAGGCCGTCCCGTACAAGCCGATCCTCCCCGTCCCCCGCCTCGTCGTCGAGCAACCCCTTGTGCGCGGTCGACCACGAGGCGAGGACCTGCCTCATCTCGTCGCTCGCCGCGCCCGCCCGCTCGTCGCCGCGGTCGGCTGCGAGGGCAGCCTTCGCCAGCCGCTGGCTGAGCATCCGCTGGCGGCCGGCCGAGTTGATCAACGTCGCGTCGGTCGACAGCCGCACCAGGGAGGGCTGGACCAACGCCTGATTGCCGAAGACCAGGAAGCCGACGACCGCCAGCGCGAGGCGATACTTGTTCCCCAGGATCTTCGCGACGTCTTCGCTCGGCATGGGATCGAGGCCCTGATGGGATTGGCGCGGTCGCCGGATGAGGCGACCCGGCATGATCTTAACCGAAACGACCGGGTCGGCTTCCGCCCGATCTCGCCGCGCCGTCGGACGGCCCGGTCGTCCTTGCTTCCGGGGCGTCGACCTCTAACTCGAATTTTAGAGCGGTTTTTCGTTGAATGCGGCGATTGACGCGGTTGTCCCTGGGCGGCTATGGAGGGCCACCTGAGAGGAAAGCCTACTCAACCGACCTCCGTGAGCGGGTCGTCGCGGCGTGCGACGCCGGCGACGCCGCCCGCTTCTCGGTCGGCGTCGCCTGGATCCGCAAGCGGATGCGGCGGCGTCGCGAGACCGGCTCGATCGGGCCCAGGCCGCACGGCGGCGGCCGCGCCCGGGCGTTCGACGCCGAGGCCGAACGCCGGCTCCGCGAGGCGGTCCTGGCCGCCGGCGTCTCGTGCCGCGTCTCGGCGGTGCATCGGGCCCTGAAGCGTCCGGGGGCCGCTCGCGAGAAAAGTCGCGGCGGGCGTCCGAGCAGGACCGTCCCGAGCCGACGGCCGAGCGGGCCGCCTGGCGCGACGAGTTCGCGGGGGTCGATCCGGCTCGGCCGGTCTTCATCGACGAGACGGGCGCGAGCACGGCCATGGACCGGACGCACGGCCGAGCCCCCGGCGGCGTGCGGGTCGGCGGCCCGGCGC
NZ_CP011273.1_gap72	3393760	3397984	4224	CCAGAGCCCATCCGGGCCGAGGGCCTTGCGTAGCAACGTCGCGTACTCGGCCACCGGCTCGCCCGGCAGCGCCGCCAGCGTCAGGCTCTTGCCGAACCGCCAGACCGCCACGGGCGCCGTGTAGCGGGTCGGCAAGCGTTCGCCCGCGTCCAGGACCTCCAGCATGTGTCGGGCTTGCCACGCCTGGAAGTTGGGACGATCCAGGTATCCCTCGATCTGCTTGCGGGACAACTGTTGCAGCGGCAGATCCACCTGCGCGTAGGCGACCTGGAGCGGCCCGTCCACGGCTGCCAGCGGCCCGTCGAGCACTTGGCAGACCTCGCGGCCCAGCGCCTCGCCGTGCGTCCGGGCCTGTTCGATCGCGCCGCGCGGCTCCGGGTTGGCGTCCCCGCCGCAACCGGCCAGGAACAGGGCCGTCGCGCCCGGATGACGCGCCTCGACGACGGCGCGGGCGTAGCCGGGGTAGTCGGCGCTGATGACGTTCCCGGTGCCGGCCGCCACCGCGTGGCAGGCGCAGCCGAAGACCACGGCCAGGGGCTTCCCTTCCGGCGAATCGACCCGCAGGACGGGGACCGCGTCATCCACCGGGGCGTCCGGGTTGGGCGCCATGACGACCCCTTCGGGCTTCGGAAGCCGGCGGCTGGTGGGGACGTTCGTGCGGCCGGCCGCCCAGGAGAGCCGTGCCGGCCGCAAGGCGGCGAGGGCCCGCTCCACCAGGTCGACGAGCTGATCCTGCAGCCGGCGGGTGTAGGCGGCCGTCGCCTCGGCCTGCTCGGGCGTCATGTCCGGGTGGGCGACGTTGAGCGTCAGGTTCGGATCGAGGCTGACGACCGGCCCGGTGTGGGTGTGCGAGGCGTTGAAGATCAGCCGCTCTGGACCCAGCCCCGTCCGCTCGGCGATCCGGCGCGTCACGGCGTCGGTGACGACGGCGGACTGGAAGCCGACCAGGTCGGCCGCGACGACCACCGCGCGGCGGCCCCGCGCGTCCTCCAGGGCCAGCGCGCGGGCCGACAGCTCGTCGGAGACCCCTTCGAACGGCCCCTTGCGGTCGGTGTAGCCGAGCAGGACCAGGGGCCGCTCGGGCGTGATCGCGACCGTGGCCGTCCCGGCTTTCCAGGACGGAGGCGGTCCCCCGTCGTCGAAACCCCGACTCGCCGGAACCTCGACGACCAGCATCATAAGCCCGACCACGACCGTTCGACGGAGTCTTCTCATCATCTGGCTCCTCAAGTTCAGGGGACCGCCAGCATACCGACTCCCGCCGCCGGGGGCACGGACGGTGTCGATGTCGGGACGATGGCGCTGAGGCCGCTGGATCGCCGGCGGCGAATGAGCTAGGCTGGTGGCGATCGGCGTCGCGTGGACTCCGAGCTTCCGGTTCATCCTGACGGGAATGGTCCATGTCTTACGCAGCCGGAGCGGGCTCTCGCCGAGAATTCCTGAGGGCGGGGCTGGCGGGCATGGGGTCTCTGTCGCTCTCGGGGCTGCTCCAGCTCAGGGCGCAGGCCGCCCCGACGCGGGAGCGGAAGGCCGTGATCCTCGTCTGGCTCAGGGGCGGGTGCAGCCACCTGGACACGTACGATCCGAAGCCGGACGCCCCGTCGGAGTTCCGCGGGCCGTTCGCGACGCTGGACACCAAGACGAGCGGCCTGCGCCTGTCCGAGTTGCTCCCCCTCCAGGCCGCGATCTCGGACAAGCTCACCGTCTTGCGCTCCATGGCGCACACGGGAGGGGGGCACCCGGCCGGGTCGCTCCAGCTGCTCACGGGCGATCCCGACCCCCAGGACAAGGCCGGCCCGGCCTTCCCGGATGTGCTCGCGGTGGCGAACTACCTCGGGAAGCGCGAGGACCGGGCGCTGCCGAACTACGTCGGGGTCAATCCCATCCACGGCTACGACGGCTTCCGCATCGCCGGCCCGGCGTTCCTGGGCTCGACTTACGAGCCGTTCGCCGTGATGGGAGACCCGTCCGCCCCGGACTTCCGCGTCAATTTCGGCGACGCCGCGGCGGCCGACCGCCTGCGGGACAGGGCGAGACTCCGCAGCACGTTCGACGACCTCCGGCGTTCGCTGGATCGGTCCGAGATCGAGAGGACCATGGACGATTTTCAGGCCCGCGCCCTCAACCTCATGACCAGCCCGGAGGCCGCCACGGCGTTCGACCTCTCTCGCGAGGACCCGAAGCTGCGGGACCGCTACGGCCGCCATGCCTGGGGCCAGCAGTGCCTCATGGCGCGTCGGCTCGTCGAGGCGGGGGTCGACCTCGTCACCACGACCTTCGACGGGCCGCTCTGCGGCCGGGTCGCGAACTGGGACGACCACGCCGTCAACCACCACGTCTTCGACGCCCTCAAGTTCCGCGCCCCGTATTTCGACCAGGCGGTCTCGGCCCTGATCCAGGACGTCCACGACCGGGGGCTCCAGGACCGAGTGCTGGTCATCGTCACGGGCGAATTCGGCCGCACGCCCCGCATCTCGTACGTCGCGAGCAGCGGGGGCGGCGTGGCGAGCGCCCCGGCGGGGACGACCCAGCCGGGCCGGGATCACTGGAACCGGGCGAACTCCATGATCTGGTCGGGGGGCGGCATCGAAGGCGGCCGCGTGATCGGCGCGACGGACAGCCGCGGCGAGGACGTGGTGGATCGTCGCGTCGGGCCTCACGACTTCCTGGCGACCGTCTATCGCCACCTTGGGATCGATTACGAACGGATCACCATCCCCGACCGTCTAGGGCGACCCATCCCGATCGTCTCCAACGGCCAGGCGATCCCGGAGCTGGTCTCGAGGTCCTAGGCCTAGGTTCTGTCTGACGGCTCGATGAGCCGGAAGCAACGGCGGATCATGGCGAGCTTGACCATGGCCAGGAAGTTGACCGCGAGCTTCTCGAACCGGGTCGCCAGGCGGCGGTTCTCCTTCAGCCAGAGGATGCACCGCTCGACGATGTTTCGTCGGCGGTAGGCCCCGGCGTCGAACTTCGGGTTCCTCCGCTGGTCCTTGCGGGTCGGGATCACCGCCTTGATCCCCCGCCGTCGCAGGTAGCGGCGGATGCGCCGATAGCTATACCCCTTGTCGCCGGCCAGGCGGCGGGGCCGCCGTCGCGGCCGGCCCCGGCCCGGCCGCTTGATCCGCACCGCCTCCAGGGCCGGCTCCAGGGACTTCGATTCGTGGGCCCGGCCCGCCGTGACGACGGCCGAGAGCGGGACGCCGCCGGAGTCGACGACCAGGTGGAGCTTCGTCCCGAAGCCGCCGCGGGAGCGGCCGAGGGCGTGGTCGGCCGGCTCGGCCGTCCCCCTTTTCCCCCCGGCCCCGGCGGCCGCGCGGCTCGCCCGGATGGAGGTCCCGTCGACGCACCAGAGGTCGAAGTCGATCCGCCCCGAGGCGTCCAGCTCCAGGTGGAGCCGCTCCAGGATTCGGTCGATGGTCCCGTCTCGGGCCCAGCGGTTGAAGCGGTCGTAGACGCTCTTCCACTTCCCGTAACGCTCCGGGAGCTCCCGCCACTGGGCCCCCGTGTGGAGGATCCAGAGGACGCCGTCGAGGGTCGTCCGGTGGTCGTTCCAGCGACCCCCCGGCCTCCCGACCGGCGGCAGAAGGTCGGCGATCAGGGTGAATTCCTCATCCTTCAACTCGTAGCGACGCGTCATCGCGGCCTCCTTGGGGAAGCCGCCATGGTAACGCTCTACGAGCCGTCAGACAGAACCTAGATCCTGGGCCCAGGCGACGTGGATGCGGAGGGCCGATCTCCGGCCGCCGTCGGGCCGGGGCAGTCGCTTGTCACGCCGAGTCTACCCGGGGGCTGCTCGCTCGAATTCTCCCGGTGCCGACCGGGTGGCGAGCCACCCGCTCAGTCCCCCGCATCCAACGGCTTGTACATCGGCTCGGACTTGCCGAAGAAGCCGCTGACGTTGACCGCGATCGGGTACGCGGCAGAGCACTCGGTGCAAACCCACGCGAAGTCGTAGGTCGTGCCATTGGCGGCGTGCTCCACCACGACTTCCTTATGTCGTTCCATGCGGCCGGTGCACAGGGGGCAGGTCGGCTTCTTCTTCATGCTGGGCTCCGCTCAAGCAGCTCGATACTGGAGAATTCCCCGGCGTCATCATCAGAGGCGCTGCAACGTGCGACAAGATGCGGCCGGGTGAGTTCGGCGGGCTCGACTGCCACCTCAATCGGGATGAGATCCGCCACGTTTCGACGTGGCGGCGGCTGCACGAGCAAGGATTGGAAC
NZ_CP011273.1_gap73	3399190	3400682	1492	GTCGTCGGGCGCGCCGGCCTTCCTGTTGTGCTTACGCCGGGCGTCGTCGCCGAGGGACTCGAACTGGGCGAGGATTTCGTCGACGGTCATTCGGGGCGTTCCTTCCTTGATCGCGATCGGCCTGGGCGGATTCTAAGCGATTCCGAAAGGACGGGCGATGCATCCTGCTCCGGCGGGCATCGGCTTCCTCCGGCCTCGCGTCTCCCTGACCGTCTCAGTCGTAAGAGGTCGCACTTTGGCAAGCGAATTGCTTACACAATGAAATCCATGCTCGGTCGGCCCTTTTGTTGATCGACGCGTCATCCCGAAATCCGAGAGGACCATCATGGCCACCACCAACGATCCCGAGAAAAGCGCCGATCTGCCCCCTCGCGGCGACCGCAACGCCGATCCCATTACCGACCAGCCCGGCTCCCACCCCTTCGAGACGGGCATCGGGGCCGCGGTCGGCGGCCTCGCCTCCGGCGCGGCGGTCGGCTCCGTCGCGGGTCCTGTAGGCACGGCGGTCGGCGCCGCCCTGGGGGCCGTCGCGGGCGGCCTGGCCGGCAAGGGCGTGGGCGAGCTTATCGATCCGACGACCGAAGACAACTGGCTGCGAGACAACTTCTCGTCGCGCCCCTACGTCCGCGAGGGCGACACCTTCGAGTCCTACACGCCCGCGTACCGCTACGGCGCCACGGCCGAGTCGCAGTACGGCGAGGGCCGCTTCGACGAGATCGAGGAAGACCTGAAGAGCGGCTGGGAGGGCGAGGTGGAGTGGGATCGCGCCCGCGACGCGGCCCGCGACGCCTACGACCGAAGCGCCGCCATCCGCCGCGAGCGTGGCGCGTACATATGATTCATCCGCTTTCGACTGGACGCGACCGGGCGTGAGAACGCCCGCTTCACATAGATTGCCGCTCTACCGGGTTCGTCCGGCGGGGCGGCTCTTTTCCGTTGATGGGCTGCAGCTGGAACTGCTTGCGCTGCTCCATGGACATGGCTACACTCGACGGAGAGCCGACGAACCGCCCCTAGTCCCCGCCGACCACGCTCAGGGGAAATCCAGCGAAGCGGCGCAAGGAGTGGTCGCGAACAAAACGCGCATCCCCCATCCGTCCTGGTGCGTCACCCAGAGCGCGGGATTGGGCATGGAATCCCATATGAGCCGGATCACGCCGATGGCGGCCGTCAGGACGACGCCGTCAAGGATCGTGATCATTCGCTCGGAGCCCACGGTCGACACGCCTTCACTCGCTCTCATCCGGTAGCTCAGCCCGGCTCCACGGCGATCATGAGCCATCGCCGCGACCGATCGGCGGGGGCTCATCAGCCCGGCGGCGGCCGACTCTCGATAAAGCGGCGAGGGTCTCCTCCATGGAAGAACCCGACAAGGCTTCAGCCCTCGGGCCTTTCAGCGTGAGAGACTTCTCTTCGACGTGGAGCCGGAGCAGGCTCGCGGCCGGGTCGGATGGCATGGCGGCTTCCTCTCCCGGCATCCTACCGACGCCGG
NZ_CP011273.1_gap74	3446009	3446981	972	GTCGGGGGTCGAGACCCGCCGGGTCGTCTTCCAGCAGGACGAGTTCCGGCGGATCGTCTACGGCGAGGGGGACTACGACACCCCGTTCGTCTCCAAGGGGATCGGCGATCGAGGGCCCTCGACGGCCGAGCGGATGGAGCGGTTCGAGGCCGAGGCCCTGCCGCTGGCCGCGGAGTCGAGCGGGATGGCCCTGGAACGGTCGGGGGTGGACCCGAAGTCGATCACCCACCTGGTCACCGTCTCCTGCACCGGGCTCGCCGCGCCGGGGGTCGACCTGGGGCTCATGAAGCAACTGGGTCTCTCCACGGACGTGGAGCGGACTCACGTCGGCTTCATGGGCTGCCACGGCTCGCTCAACGGCCTTCGGGTGGCGAGAGGCCTGATTTCCGCAGAGCCCGACGCCCACGTCCTGCTCTGCTCGGTCGAGCTGTGCAGCCTCCATCTCGCCTACGGCTGGGACCCCAAGCGGATGGTGGGGAACGCGCTGTTCGCGGACGGCTCCGCGGCCGTGGTGCTGGGGCCCCCTCGGGGGGCGGCGGGCGTCCCGACCGAACGGGACGTCTGGCGGCTGGCCGGCAACGGCGCCCGGCTGTTCCCCGACTCCGAGGAAGCGATGTCCTGGTTCGTCCGCGACCACGGCTTCGAGATGGTCCTCTCGCCGCGCGTGCCGGGGCTGATCCAGCGGCACGTCGGGCCCTGGCTGGAGGCGTGGCTGGGGCGTCGCGGCCTGGCCGTGGCCGACGTGGCGTCGTGGGCCGTGCATCCCGGCGGTCCCCGGGTCCTGGGCTGCGTGCAGGAGACGCTCGGCCTGGGCCCCGACGCCGTCTCGGTCTCGCGGTCGATCCTCGCGAGCCACGGCAACATGTCGTCGGCGACCGTCCTGTTCATCCTCGACGAGTTGATCCGCCGCGACGCCCCCCGCCCCTGCGTCGCCCTGGGATTCGGCCCCGGCCTGGCGGCCGAAGGGGCGCT
NZ_CP011273.1_gap75	3453560	3457502	3942	CGGCTTCGCTCGGGGCGCGCCCCCCGCGGGAGGCAACGCCTACAACGGCAGCTTCTTCCTGTTCACGCCCCTGAGCCGACGTTTCGAGCTGGGGTGGTTCGTCCCCTTCGTGATGTCGGCCCCGGACGCCCTCAAACCTTCCGGGAGGGCCAACTGGACCGATTTCGGCGATCTCACCATCGCGCCCCGCGTCCTCCTGGCGGAAGATCGACGCTACACGGTGACGTCGAACCTGTTCGTCAGGCTTCCGACGGGGAACGCCCGCAACGGCAACGGCGTCGCGAGCCTCTCGCCCGACGTGGAGTTCTGGGCGAACCCCGTGGAACGCTGGGTGGTCCGCGGCGGCCTCGGCGTGACCGTCCCCACGAACAGCACGCCCACCTCCTCGCGGTTGCTGGCGGCGAACCCCTGGATGGGCTTCAACGCCTCCCCGGGAGGCTTCACGTCGTTCGACGCCCGCCTCGCGATCGGGCGATACCTCACGCCGGGAGGCGACCACCTCTTCAATAACTTCGTGCCCTATCTCGCGGCCAACCTCCATACCGAATTGAGCGGAGGGAACAACACCTACTTCTCACTCACCCCGGGCTACCGGTTCGGCCTGGGCAAGGATTGGTACGCCCTGGGAGGGCTGGAAGTCCCGCTCGTCGGCCCCCTGGCGTTCCAGACGCAGACGATCTTCCAGTTCATCAAGAACTTCTAATCGCGAACCGCCCCGGCCTGGAAGCGTTGGAACGTCAGGCCCACCGCCAGGGCCGTCGCCGTCCCGACGAGCACGAGAGCCAGGGCCGTCCGCACCCGGGGAGAGAGCCGGAGCAGGGCGGGGTGCTCCGGGACGGCCGCGAGCAGCGGCGCGAGGAACAGGACGGCGGCGACGTCCCGCCGCAACTCCCCGAAGCACGAGCCGACGACCAGCAGCCCGAACAGGACGACCGCGCCGAAGCCGGGGAGGGCGTGGCGGGCGTCGCCCCGGAACAGGGTCGCGGCGACCGCCCCGCCGGCGACCGCGCCGGCCAGCGGCAGCCCGTTCATCCCGCCCGAGGCGTACCCCGAGAGCATCACCGCCGCGCCCGCCCCGCCGATCGCCGTCGCCAGCGCCAGCGGGACCCGGACCGCGGAGCCCGACCTCCTCGCGGCCCATCCCAGGACCCACCAGACGCCGAACAACGCCGCGCCCAGGCCGACGAGGATCGGATAACGTCGGCCCGGCGGCCACAGGGCCGAACCGGGACCGGCCAGGTCCGCCAGGTAGATCGACCCGTACAGGAGCGCGGGCGCGACCGCCATCGACGCGGCCAGCCGCAGGCCGACCGCCCCCCATCGCGGGAGCCCGACCGCGCCGACAACGGCCTCCAGCACCAGGACGCCCGGCAGGACGAGGCCCAGGAATCGGTCCTGATCCTCGCGCAAAGGCCATCGCGGACGCACGCCCAGCACCGCCAGCCCGACGGCCGCCCCGATCGCGACCGCCGCCGCCTGCACCACTCCCGGCCCCGACCCCTCCCGATCCAGCCCCCGACCGCCGCCGCCAGGGCCGCCGCGATGAAGGCCGCCGCCATCGCTTCGAGCATCAAGACCGGTTCAGGCATGGCGACGGTCTCCGGGTGACCTCGAGGAAAGCTCCGGGAAGCCCAACTTTCACGACGTCTCGCGCCCGGCCGCTCTCCCCTTGTTAGGGAAGACCTGCTGGCGCGGTTATGCCTTCATGCCTGAATGAGGTGGCCGCCATCGCGGGCGAACCAGGGGAGCGACGGCCGTTGTGCTCGTCTCCCCCCTCATCCGGCCCTGCGGGCCACCTTCCCCCGCGAGGGGGGAAGGGCCTGATGGTCCCGACTTGGATTCCGAGAGCTTCCGCGCTCGTCACCGCTGCATCCCCCCGCGAGGGGGGAAGGGCAGGGCGGGAGGTCAGGACTTCGTCCCCTCGAAGCCGATGAGGAGGACGACCTCGTCGCCGGCGGCGGGGATCATCTTGTCCATGCCGAAGTCGGAGCGCTTGATCGAGATCTCGGCGGAATAGCCAGTGCGCTGGACGCCCTTGGGGAACTCGCCGACCTTGCCGCCGGTGAGGACGAAGGAGACGGGCTTGGTGACGCCGTGGAGGGTCAGGTCGCCGGTCACCTTCAGGCCCTGCGGGTCCTTCGCGACCGCCGTGCTCTTGAAGGCGATGGAGGGGAACTGCTTGACGTTGAAGAAGTCGGGGCTCTTGAGGTGCCCGTCGCGCTTGTCGTTGCCGGTGTCGACGCTGTCGGCCTTGATCGCGATTACGAACCGCGACGACGAGGAGGCGGCCGGGTCGACGGTGAACGACCCGGAGACGTCGTTGAACCGGCCGTAGATCGAGGCGAAGCCGCCGTGGTCGATCTTGAAGATAACCGTGGTGTGCGCCGGGTCGACGGTGTAGTCGTCGGCCGCCCGCGCGGGGAGGCCCGCCCCGAGGGCCAGGGTCAGGGTCAGGGCGGTCGCCAGCAGTCGCGCGTTCGTCGCAGTGGCTCGCATCGTTCGGCTCCGGGTTGGCTTCGAGGGTCGGAGGGCGTCGACGCGACGCCGTCCCGGAGGATTCTACCGGGCCGTGGAAGCCCCCGCGAGGCTCGGGTCAGGCGGAAAGGCCGGGCGTCTCGGGCCGGCCGCCGGCCCGGAGCCAGAGGCGGTGGAGCTCGGGCAGGCCGGCGACGGCGAGGTCGGGCCGGGTGACGGCCGGGATGTCGTCGTGGGGGGCGACCCAGACCGTGAACATGCCGACGGCCTTGCCGCCGACGATGTCCGACGCCTGGCTGTCGCCGATCATCGCGACCTCCGAGGCCGCGAGGCCCAGGCGGCTCACGGCCGATTCGAACAGCCGGGGGTGGGGCTTGCCGACGACGATCGGTCGGGTCCGCGACGCGGTCGCGACCGCCTCGGCCAGCGCGCCGCATCCGGGGTCGAAGCCGTCGGCCACGGGATAGCGGGCGTCGAGGTTCACCGCGAAGAAGGCCGCGCCGGCGGCCACGGCGCGGGACGCGGCGCGGAGCCGGTCGAAGTCGAACCGCGGGTCGTTCCCGACCACCACGGCGCGGGCCTCGCTCCAGCGGTCCAGGGGGAGGGGCTCGTGCCCGGCCCTCGCCAGCGAGCCCGCCAGGTCGTCGGTGCCGATCGCCAGCAAGGGGGACGGCCCCACCCGCTCCAGCACCTCGGCGGCCGTCAGGTCGAACGCGGCGACCACCTCGCGGCCCTCGGCCCGGATCCCCAGGCGGGTCAGCTCGCGGGCAAGGGCTTCCGAGCCGTATCGCGACGAGTTCGACGCGAAGACCACCCCGAGCCCCGCGTGGCGGAGGTCCGCGACCAGCTCCGCCGCCCCGGGGAGCAGCCGCGGCCCCGCCCAGATCGTGCCGTCGAGATCGAACGCGTATCCTCGGATCGTGCGCAGGCTCGTCAACGCTCGGTTCCTTTCGTCGTCCCCGGTCGGTCCCTCGTCCCCGAGCCTCCGAGTCTACCACGGCCGGGACGCGGCCCCCAACCGGCCGACGCCTCGGATGGTCCGACGCCCCTGGCGCCGTTATAATATCGAGTATCGTCGGGAGCCGCCGAGGAGACGAATCCCCTGATGAACCTAGACGCCAGCGAACGAGGACCGAGGAATGAGCCTGCTTGACCAGTTGCGTGCGATGACGGTGGTGGTCGCCGACACGGGGGACATCGAGTCCATCGCCCGTTACAAGCCTCGGGACACGACCACGAATCCGTCGCTGCTCTACAAGGCGGCCAAGATGCCGCAGTACGAGCGGATCGTCCAGGGCGCGGTGGAGTTCGCCCGGTCGGTCGACGGCGACCGCAAGGCCCGTCTCGAAGCCTGCATGGACAAGCTCGCCGTCGGCTTCGGCAAGGAGATCCTCCAGATCGTCCCCGGCCGCGTCTCCACCGAGGTCGACGCCCGGCTCTCGTTCGACGTCGAGGCCACGGTCGCCA
NZ_CP011273.1_gap76	3472491	3475980	3489	TGCTTCGAAGTCGCCGACCGCCACGACGCGATCACCCCCCTGATCCTCCGCGCCGCCACCGCCGCAGGGGCCGCCGACCCCACCCTCCCCGCCCAGCTCGGCGCCGCCTGCGCCGCCGCCGGCCGAATCCCGGAGGCCATCGCCTGGTCCCGCCTCGCCCTCGCGAACAACCCCCTGGACCGCGAGGCCCAGCAGGCGGTCTACCGCCTCGAACGCCAGCTCGACCCGCACTGATGAGCCCCCCGCCGCGCCGTCTGATTTTCGCCGCTTCCCGTCCAAACTCGGCGACTCGGCCCCATGGTCAAGTGGGGGATGGTCCGCCCTGATCCGAAGAGGCGTTCGGCCCCTAACGTCTTTCCCCCCTCGCGGGGCGCAGGGCCGGATGAGGGGGAAGACCAGCACAAGGACCATCGGCGTCATCGAAAGGCCGGATCGCGAATCCCGACGGCTTCCCGGCTCGTCCTCCCCCTCATCTGACCGCTTCGCGGTCTGTCTTCCCCCGCGAGGGGGGAAAACCGTGGAGGAGGCCGTCGGCGATTCGCAGTCCGGCCCTCGCCGGGACGATGAAGAACCGCCGAACGAGCCCAATTCTCAGAAGCCGAAAGTGAGATCAAAAATATGGCATGTAAAGACTTACGTCTGATGGCTTCGTTCGCGGGGGGCTGCGAGCGAAGCCAATTTCCGCGAGGCTGCGTGGCCTCGGAATTGTTGCCGGGGGCCGGGGACGCAGCGGGCCTTTCACGGGACGGCGGCGTCCCCCAGGCTCGGGCGCGACATCGAAAAATCGCCGAACGAAGCCAATTTCAGGCTGGCGGCGAGATTCGTAAAATGTCTTGTATCAAGAATTTGTGGCCGATGGGTTCGTTCGCTGGGGGCTCCGAGCGAAGCCAATTTCGGCGGGGCTTCGCGGCTTCAGGTCCCTTGCCAGGGGCCGGAGACGAACTGGCCCTCGAACAGGGTGGCGACGACGGGCTCGTCGGTCTCGAAGAGGAGGCGGTGGGGGTCGTCCTCGTCGCGGTCGGGGAGGCGGACGACGGCGAGGTCGGCGGACTTGCCGGCGCGGATCGAGCCGACGGCGGTCTCGGCGCGGAGGGCCCAGGCGCCGAAGAGGGTGGCCATGGTCAGGAGCAGCTCGCCGGAGAGCGAGCCGTCGCGGGCGTGGAGGAACCGGGCCTCGTCGAGGACGCCCAGGCTCGGGCTCGACGCCAGGCTGTCCGTCCCCAGGCAGACGATCGCCCCTTTCGCCAGGAGCGCCCGATAGGGGTGGGCGTCGTGGCCGAACCGGGCGTTGGTCCGGGGGCAGTAGGCGATCGCCGCTCGATGCCCGTTCGAGGACGCCTCGGGCCGGAACTGCCAGAACTCCGAGGGCTCGATGTACGTCCCGTGCGCCACCAGCCAGTCGGCGTGGCGGAGGTCCCCCTTGCGGATGTAGTCGGTCGGCCGGGGGCCGATCGGCTCCCACTCCTCATCCCAGGCCCCCAGGTCTTCCAGGTAGCTCCGCAGGGGGCCGTCGCGGGTCTCCAGCAGGCGCAGTTCTTCGGGCATCTCGGCCAGGTGGGTCGAGAGCGGCAGGCGGCTGGAGGCGGCGGCGTGGTAGAGCCAGCCCGCCGTGCTGTAGGGGGCGTGCGGCGACAGCCCGGCCCGGGCGTTGGCGGCCACCTGGGCCTCGGGCTTGATGGACCCCAGCCATTTCCAGGCGGCCTCATTGGTCTGGAGGCCGCGATACCGCTTGAGCCCGAGGACCTCCGCGAAGACCACCGCGCGGACGGGGGCGGCGGCGATCGCGTCCCAGCTCAGGCCGGCGGTCGTGGTGTCGGCGACCAGGGTCGTCCCCGCCTCGATGGACTCTCGCAGGTTCCGGCCGACGTTCTCCCGGTACGCCTCCTCCGACGAGCCCGCCCGGCGCTGGGCCATGACCCGCCGCAGCCATTCGACCTCGTTCTCGGGGGAGGCGGGCGGGGCGGCGCCGTCGTCGGCGAGCCGGCCCAACTCCAGGTGGGTGTGGGCGTTGACCAGGCCGGGGATGATCGCCACGTTCCCCAGGTCGAGGTCGGCGGTCCGTTCGCGCGCCGGGCCGACCCAGGCGATCCGGCCCCCCTCGATCGCGACGACGCCGTCGGCGATCGGCGGCCCCTCGACGGGGAAGACGTATCGCGCCCCCAGGCTGAGCGTGCCTCGCCTCATCGGATCAGGCCTCTCCGGCGTCCGGGCGGTCGACCTTCCACAGATAAGCGAAGAGCGCCGCGGAGGCGACCGCCCCGACCGCGACCCAGGGGCGATGATAAAGCCCCTCCTCCGCGTTCAGGTAGACCAAATCGACCACGCCGACGCGTCCCAGCCAGCCGGCCCACGCCCCCAGGCCGATCGCGAAGCCGTTGTTCAGGGCGTGGAAGAGGACGCCTGGCCAGAGGCTGCGGCTGCGGATCGCCAGGAGCCCCAGGAACACCCCCAGCAGGGTCGCGTTGAAGAGCTGCTGGAAGAGGCTCAGGAAGACGTGCAGGAAGCCGAACAGCAGGGCCGAGAGGACGATCGCCGACCGGGTCCGCCGGCCCGATTGCAGCCCCGAGAGGATGAAGCCGCGGAACGCCGCCTCCTCGCAGATCGCCGGCAAGAGGGCCAGGACCAGGAGCGTCGGAGCGATCCCGGACTCGCCGAACATCAGCGATTGGAGCAGCTCCCGGGTCGCGTCCGAGATCGGGAAGGTCCACTGGACGAGCCGGCTCAGCTCGGCCGCGACGGGGTTGAACGCCACGGCCATCGCCGCCGCCAGCCCGAAGTATCGGGCGTGCGCCCGTCGCAGGCGGAGCGTCCCCAGCGGGTCCGTGGTCAGCAGGAAGGCCATCCCCATGGGGACCAGCAGGATCAGCGATTGTCCGGCCGCGACCGCCCCCAGCCCCGTCTCCATCCCCATCGCCATCGTGGACTGGGCGAACAGCCAGGAGGCCGAGATGATCAGCGCGAAGGCGAGCACCGCCTGCGTCGACGTTGGTCTCGGCCCGCGGTCCCGGACGAGGCTCCGCAGCCATTGCACCAGGTTGAACCGCTCCGATTCCCGGAACAGCACCTCCTCGTCCTGAAACTGCTCGACCGCCCAGCGCAGGGCCAGCCAGGCGTAGACGAGGGTCGGGATGAGGACCAGGGGGAAGTAGCGGAAGGCCGTGGCGTAGTCGCCCACGATCAGGGCCCGGAGCAGGAGCGCCACGCCGGTCACCGGGACGATGCTGTAGAACGGGTTCAGCTCGATCCCCGGCGCCATGGTCAGGAAGATCAGGGGGAGGCAGATCAGGTAGAGCGGCGTCATGTAATACTGCCCCTCCTTCATGCTCCGGGCCATGGCCGCGAGGGCCAGGCAGATCGCGCTGAAGAAGGCGGCCAGGGGGATCAAGAGGACGATCATCCAGAGGGCCGACTGCAAGGTCGGCGGCGCGAGCGCGGCCGCCGCTTGCCGGGCGGGGTCGGCACCCCCGAAGCCGCTGGCCCGCTGGGCCA
NZ_CP011273.1_gap77	3481539	3483817	2278	GGAAACAAGTCGTCCAGGACCGTACGGTCGCGGCGCGACTGCCTCCAGAGGTAGTGCCAGGCGAAGTCCCGCGGGTCGGGGTCGGCCGAGTCGGCGGCGGGGATCAGTTCGCGGAGCCGCCGCTGCGCCTGGGCCGATCGGCCTTGGTCCATCTCACGCTGGGCCCTGGCGAGGGTGGCGGCGTAGCTCTGCCGCTGCTCGCGGTCGCTCGCCTCCAGGGCGCGGGCCAGGGCCGCCTCGGTCTCGGCCTTCGCCTGCTGCAGGTCGACGTTCGCGCGGTTCAGATCGTCGACGTTCTGGTCCCGTTCGGCGACGGTCCGCCGCAGGGCGATCGAGTAGGAGACGCTGACCCCCAGGGTCGCCAGGCTCATCACGATCAGGGCCGTCGCGGCCGGGTTGCGGGCGGACCAGCGGGCCAGGCGGCGGGGGGCCCCAGGGGGCGGGCGCTGGTCGGCCGGCGCTCGAGGAAGCATTCCAGGTCGTCGGCCAGGGTCGCGGCGTCCGGGTAGCGGAGTCTCGACCGCTTCTCCAGGCACATCATCGCGATCGCGCCCAGGTCGCGGGGGACCGACCGGTTCACCGAGCGGGGCGAGGCCGGCGGGTCGGCGACCACCGCCCGCATCAACTCCCAGGGTGACTCGGCCTTGTGGGGCGGGCGGCCGGTCGCCAACTCGTAGAGGATCGCGCCAAGGGCGTAGACGTCGGTCGCCGGGCCGACGACCTCGCGGCGCTGCTCGATCTGCTCCGGCGCCATGTAGGGGGGCGTGCCCCAGGCCTTCGCCGCGGTCGATTCGCCGATCGGCGAATCGATCAGGCGGGCGAGGCCGAAGTCGGTGATCCGCGGCGTCGGGTCGGCGTCGGGCTCGTCATCGGGGGGGAGGTCCAGGAGGATGTTCTCCGGTTTCAGGTCGCAGTGGAGGAGGCCTCGGGCGTGCATGTGCTCGACGGCCCGGGTCATCGCCAGGACGAGCCGGGCCGCGCGGCGCGGCTCGACCGGGGAGTTCCCCGCTTTGATCCAGCGCCGGAGCGTCGGCCCCTCGCAGTAGGCCGAGGCGATGTAGCAGATCGTCCCCGCCTCGCCGGCCTCGAACACGGGCACGAGGTTCGGGTGGTCGAGCTGCGCCGCGACGTGGGCCTCGCCGAGGAATCGGCGGCGGACGCCCGGGGCGAGGAGCGCCTCGGCCCTGGGGATCTTGAGGGCGACCCAGCGCCCCATGCCCGGGTCGAACGCCCGAAAGACGATCCCGAAGCCGCCGCGGCCCAACTTCTTCTCGATCTGGAAACGTCCGATCGCCTGCGGGAGGGCCGCCTCCTCCGAAGCCGCCGTCGGGCCGTCGGAGAGGTCGACGATCGTCCTCCCGGGGCCGGACGTGTCCGGGGGCCGCAGCGTGCGGTCGAGCATGTGGAGGAACGAGCGGAAGCGGTCGAGGTCGGCCTCGTCCACCCCCATCTCCTCGGGCCTAAGCTCCGGCGGCGTCTCGCCCTGCTCCAGGGCCTCGTGGTAGCGGGCCAGCCAGCGGGAAAGGGGGCCGCCGCTCGACGTCCCACCGTTCGGCGCGGTCATTCCGCCTCCCCCTCGAACCGGCGGAGCATCCGCGCCGCGACGGCCGAGCGATCGCCCACGGCCGCCCGTTGCTCGTCGCCGTCTCGTTCTCCACCCATGACTTCGAACCCCTCCGAGTCGCGCGGCGACGGGCCCGCTCGGAACCCAGGAACTTCATGGTAGCCCGGTCCACGGCGTGGGATCAAGCGACCGAGAATCGGCCGATTTCCGCGACCTTCCCCGTTCGATGCACGACGGTTCGCCACGAACCCATGGTCGGCGTGCTTCCGCGCCGCGAGACATGCACGAACTGTTCGCCGCACTCGGCTCGCTCACCAACTTCGGCCAGACCAACGAATGGCGGCTCGTCGCGGACGTCGCCGACGGCGGGCTCGCCGCGTCGGCCGGCTCGACCGCCCGCCCCGGACCGTCGGCCCTTGCGCTGATGGGACTGGGCGGGGGCTTCCTGGCGATCACGGGTCGACGGATGCGGCGCGGGCGTGCGGCTCGTTGAGGAATGGCGGTATGGCGACTCCCGGCGCGCCCGGGGGCGGCGCGCCGGGGAGCGTTCCGATCAGCGTTGTTGGAGGTCGACCTTCACGGGGGTCTTCTTGCCGCTCTTGACGTCCAGGACGGTCAGGGTGAAGGTCGTCTTGCTGACGCCCTTGAGGGCTTCCTCGAAGAGGTCGGGGGCGAAGACGACGCGGTCGTCGACGCCGACGATGGCGTCGCCGA
NZ_CP011273.1_gap78	3604051	3606262	2211	GATTTGCACCAGCAATCCGTTCTACATTCTCAGCGCCTGGATGGTCTGTATGGGGTTGCGGGTGTCGTTCGGGGCCCACGCCGACGCCTCGCAGACGTGGGCCCTGTTCGGCGGGATGGCCGGTTACACGCTCCTCCTGGCGGTCACGGCGTGCCTGCTGGTGCGTCGCGTGGGCGTTTGGGACGACGTGCGGACGATCATGCTTCTGGTGGTGCTCCTGATCCTCGCCACGTCGGTGACGTTCGACGACGTGTTCACGCGCGACCCGGTCCGAGGGGCGGCCTGCTACCTCCTGGGGTTGCTGTTCGCCGTGGCGGTCAGCGAGGGCCTGCTGCGAGGGACTCGCCTGGCGCTTCCCGCGCTGTTCCGGGTCCCGTACCACCTGACGCTGGCCCTGTTCTTCCTGTACCCGGTCGCTCTCGCGCCGCTCCTCGACCAGCCCGAGAGCGAGGCCCTGCAATGGGCGCTCTTCGGCTTCTCGCCCGCGGCCGGGCTCATCGCCTTGACCCTGCTCCCGGCCGTCCGGCGCGGCCGGCGATACGTCGCCGACAACGGCAGTCCGTGGCGCTGGGCGTGGTATCCGTGGACGCTGTTCGGCTTGCTCGCGTTCGGGGTCGTCGCGCGGTCGGCGATGCTCTGCTGGTCCATGCACCACGCCGGGAAGGCTTACGGCGCCGAGCCCTACATCTTCGGCGGCTACTTTCTGGCCCCGTTCCTGCTGGCCGTGGCGGCGGTGCTGATGGAGATCGGCGTGGTGGAACGGCGGTCCGGCGTGAAGCTCGTCGCTCTCGCCCTGCCGGCGATCGCGACGGTCCTGGCCGCGATCGGGCATCGCCCCGAACTGGCCTACCAGGAGTTCCTCGGCCGTTTCGAAGGACGGCTGGGGGGGAGCCCGTTGCACCTCACGCTGGCGATTTCCGGGCTGTTCTACGCCGTCGCGGCCTTGCGACGCGTCCCGCTGGCGATCGAGGCCTTGACGGTCGCCCTTGCCGCGCTGGCGTTCGTCGCGACGGAGACTCGCGGCCTGGACGGGCTGGCGGCGCTCCGCCCGCTGCCGCTCCTGGCGATCGCCGCACTCCAGACGGCCATCGGGCTCCGGGATCGAAGCTCCTGGCGCTGCCTGATCGGGGCGGCCTCCCTCACGGCCGTGATCGTCGCGCCGTCGGGCGTCGGCATCCCGCTGACAGGCTGGCGTGAGCCGGCCGCCTTCCACCTGATCATGGCGGCCTCGCTCGTCGTCGGAGCGGTGTTCGACGACGCCTTCGCCCGGCTGGCCCGGGGGCTCGGCGTGGCGATGGCCGTGCTGAGTTGCCTGGTCGCGACGATCGGCTCGATCGAGGCGCCTGCGGGAATCGCGCCGTGGGCGGTCGCGGCGTACCCGCCGGCCGTCGGGCTCGCGCTGTGCGGTTACGGCCTGATCGTGCGCGACCCCACGCCGCTCTGGGCCGCCGCCCTGGTCGCCGCTTCGTGGCTGGCGGCGGGCGGCTGGCGGGGCTACGACGCGCTGCGGTCCCACATCCCGGGCCTCGATTACATCGTGATCGGGCTGGCCTTCTTCGTCGCGGCGGTGCTGACCAGCCTGGCCAAGGCGGGCGTCCCGCTGCGACGGGGGACCTGGACGGGAGGCAAGCCCCGCGACGTCCTCGGCTGACCGGGCCGGGATCGAAATCAGGGCTTCGAGTCGGCCTCCCAGATGGCGCGGATGGTCGACTCGTCGCCGAAGCCGTGGGGGACGGCGGGGCTCGCCGCGTTGGCGTAGTACCAGTGCTTGTCGCCGACGGGGGTGTGGAGGACGCGGTCGCCGGGCATTTGCAGGTGGCCGTTCGGGGCGTGCTCGCGGATCCAGTCCCAGGCGTACCGGAGCCAGGCGGATCGGCGATCGGCGGGCAGGTGGGCGAACCAGCCGATCTCGTCGTAGCCCCAGCACCACACGCCCCCCTGGCCGGGCTCGCCCGGCTTGTCGCAGGGGCCCCAGTTGTCCAGTTCGACGAGATACGGCAGGTGCTCGCAGGTCCAGCCGCTGAAGGTCGTTCCGCCCCGGCTGCGGCCGTAGAAGCTGTCGAGGAAGCCGACTTCCAGCACTCCCTCCATCGGCTTCTCGGGGATCTCCTTGACCCGGAGCGGGAACGAGTGGAAGTCCAGGAGCAGCTTGCCGTCGCGGACCAGGCCGCCGCCGGGGACGTGGGCGTCGCAGAGGATGATCCCTCGCCG
NZ_CP011273.1_gap79	3608017	3611291	3274	CCGAAAGTCTGGTTGAGACGGTCGAGACGGGAATGACCGCCGAAAATGTCCGCCGCACCTTTGACAACGGCGGCGTCAAGTCGTATTTCGTGGGAATGTCGTCGGCGTTCGACGTTTTGGATCGCCGGCTCGGCGCGAACTCGGATTCGCGTGACATTCATCCTTGATGAACACCTTTGGGAGTATCCACTGTGAAGACCCGCGCGTCGCGGCGGCTGCGCGCGCCTTCGATCGAGTTGCTGGAATCGCGTCGCCTGCTGGCCCTTTCGGCCGCCTACCTCGGTCAGGACGGGCTCGACTACGTGGGGACGGATCGCGGGCCCGACGGCGTGGGGAGGGCCGTCCCCTATCCCAACGATTACCAGGACGTCCACATCCGGCTCGACGGTCTGGACCCGAACAAGACGGTCGCCAAGGTCCACGTCGCGAAAGAAGGAGGAGGATGGGACTGGACCTGGTGGAACACCGGCAAGGGCCAGTCCGCCTACTTCACGCGCGACTCGGTCAACAGCACGACCGGCCACGTCTACATCGAGCCGCGCGATCCCTATTCCGCCAACCATCTTTTCCAGGAGATCGCCGTCTAGTACGTCGGTGATTCGGCGCCGGTCACGACGACCACGAGGGCGACGGCGGCGGTCGACCTGGCCCTGCGGGCGCCAGGCAAGCAACTGCAAGTCACGTCGCTGGCGCAGGTAGCGCAGGACTGGACGAGCCCTAGCCTCAACGTCGGCCCCGACGGCGTCCAGGACGTGCGTATCCAGTTGGCGAACCTCTCGCCCTCCGATATCCGCCGGGTCGTTCTGGAGGGGCCTTCAGGAGGCCGAATCTGGGGCTGGGGGTGGAACAAGAATGAAGCCGTCGCCGTGGAAGACCACATGACCGCCGAGTTTCGCAATCGAACCGGCGTCACCGGCTCCACGGCCGAGTTGTTCGTCGGGGCGGACGAGAACTTCCTGAATCAGACGTTCACGTTGACCGTGACTTACGCCGACGGCAAACCGGGAAACCCAGATGATCCGATCCAATATAATCGGAAGGACAAGCCGCACCGCGTCACATTCACCGTCACCTCGGTGACGAGCGCGACGGCCGCCATGCCCGCCGTCGCGAACGCGAACCAGCCTCAGTTCCAGGCGTACAGCGAGCCGCAGGATCTGGCCACGGGGAAGAGCCGAATCCGGATCGTTCCGGGGAGCCTGCCCACGACGTCTGCGATCGTGAAGGCCCGGCTCGGCAACCAGCACGGAACGACCTGGGACATGGACCTGAGCGACGGCAACCTTTACCAACTCAAGTACGACGCGGGAGCGGGACGCTTCGACTTCCTCCCCGTCCGCGACGAGCGAGGATCGAACCTCACGCTGGTTCTGACCTTCGCCGACGGCAAGAAGGCGTTCGCCCGCTTCGCCGGAGTGGAAAGCGACATCAACCGCCGCTATCCCGATTCGCGAATCGGAGAGACCGCCTGGGACGTCAACAGCGCGGCGAGTCTGATCTCGGCGTTGAACGCTCAAAAGCCGCTGATCCAGCTTCAGTCGGGCTCCTATACATTCAACGGGCCGCTCACGCTCAACTACCCGGTTCGCATCAAGGCCGCTCCGGGAGTGACAGTGACTCTGACGTTCGCTCTGAACAACACGAACTACGGCAGCGCCGGAGCCTTCGTCGTGAATTCAAGCCACGTCGCGCTCGACGGCTTCGCCATCCGGTTTCAGGGATACACTGACGTTCTGGGTTCGCCGCCGGACGGATGGGCCGTCATCCGGGGGAAAACCGACGACCAGGATGTTGATGTGTCGATCACGAATCTGGATGTCGAGGCTCCGCGGCCTGGTCCCAGTGAGCCCCACCAGAAGGCGCTCGATCTGATGCACTTCGACGACAAGGACTCAGGGGTCATTTCCGGCAACGTTCTGAAGGGGGGGAGTGTAGTTCTGGGGCACGGCCCCTGGTTGGTGGCCGACAACAAGTATCTAGGGGCGGTGGCGAGGACGACGGCTCAATCCTTCCTGGCGGGCTATCACCTTCACGACGTGGTCATCCGGGGCAACGATCTGCGACAGGAGGAGGCGGAGGGCTACGCGCTGCGGTTCTTCTCGTTCGGCTCGTCGGACCACGGCCGCTGGTTCAACCTCGCCATCGAGAACAACAAGGTTCGCGCGGGGATCGGCAACCCCCCGACAATTACGCCCCGCTCGGGGGAAATAGCCCCGAGATCATGTTGTTCGAGCAGTATCTGCCGCGATTCGAGGGGAAGCCGTCGGCGATCTCCCCGGATGGCTACGTGGTCCGGGTTCCCTACGTCCAGGGGGCCGTCTCGGAAGCCGGCGACGTCGTCTCGATTTTGACTGGAGTCCACGCCGGCCAGTGGCGGATGATCGCGGCGAAGTTCAGCGACACGGAGTATCTGCTTACCGAGCCGTTGCCGCTGGGCGATTACGTGATCTCGATCGGACGAGGGCTGGTCAACGCGACCATCCGCGGCAACGAGATCGACACGACGGGGCGGCACAACGAGACCGTCGGCCTCGTCATCACGAACAACGCCTGGGGGACCCGCGTCCTCGACAACACCTTCGTCGGCAACAACAGCCTTCGAATCCAGGCCGACGCAACCCAGGAATATCCGCCGGGCTCGAATCCCTCCCAGGTGATCTGGGGGAAGATGCTGATGCCCGTCTTCGACCTGACGGTCGACGGCAACACGTTCCGGGGGAACACGGGGGTCATCGGGGTTTCGCACGACAAGGCGTCGACGGTCGGACGCACCTACCTCACGGGGAGGTTCACGAACAACAAGTTCATCCGGGAGGGAGGCTCCGGGACCGGGATGCAGATCGGCCTTAAGGATTATGCCCAGAGCGCCCATCCCTGGATCACTCCGGGCGCCTTGCGGCTGACCACGCAAAACAACTGGTGGGCGGACGCCTCGGCGGGGGGCGAGGGGACGATCCTGGTGACGGCGGCGCTGGTCGACGGCGTGGGGTCTCCATTGCGGACGATCAACCTGCCCGGCGCGTCCCTCGTCACCGGGCTCTCTCGGGGGCAGGACGGGCGCGACTTCATCGGCTCGGGCTCGAGTTCGACGGGCCCGGACGGTTTCCAGGATGTCCATCTGGTGCTCTCGGGGCTTCCGGAGGGGAAGACGATCTCGAAGGTCAAGATCGATGGCCAGGGCGGTGGCACCTGGTGGTTCGGCGACACGGGGACGACGGACAAGGCAGTTCTGGTCCGCAACGGAACCACGGCCGACCTGTACATCCAGCCCTAC
NZ_CP011273.1_gap80	3613191	3616717	3526	GGAGACGGGGGAGATGGTTCCCTTGTCGTTGCTCCGGGTCGGCGAGACCGGGTGCGTCGGCGAGGTGCTCGGCCACGTCGATCTGGTCCATCGACTCCGCGAGATGGGGTTTTATGACGGAGCGAAGGTCAAGATGATCCGCAAGGGGAGCCCCTGCATCATCGGCCTGGCCGGCCAGCGGCTGGGCTTCCGGTGCGACGACCTCGCCCGCGTCCTGGTCCGCATCCCGGCGATGGCCTCCTGAGCCCTCGCCCCGCGCCCGCCTTCTCGGGCGGCGAGACGCCGTCTCGTCGTCCTTCCCTCCCCTTTGGACCCAAATCAACCTGCCATGGCGGTCGCCTCGGACAAGACAACCTGGACGATTGCGCTGGTGGGCAATCCCAACACCGGCAAGTCGACGCTCTTCGGGGCGCTCTCGGGCGTCGCCCAGCGGGTGGGGAACTATCCGGGGGTGACGGTCGAGAAGCGGACGGGCGAGGTCGCCCACGACGGCCGGCGGTGGTCGCTGGTCGACCTTCCGGGCACCTATAGCCTGGCCCCACGCTCGCCCGACGAGATGGTCACGGTCGACGTCCTGCTGGGGCGTCGGGCCGACGTCCCGCCGCCCGACGTCATCATCTGCGTCGCGTCGGCCGTCAATCTGGACCGGAATCTCTACCTGGTCAGCCAGGCGATGGAGATGGGCCGTCCGGTCGTCCTCGCCCTGACGATGAACGACCTGGCCGAGGCCGAGGGGACGAAGGTCGACGCCCAGGCCCTGTCGCGACGGCTCGGCATCCCGGTCGTCGCCGTCCAGGCCCAGCGCCGGGTGGGGCTCGACGCCCTCAAGGATGCGGTGGAGCGGGCGGGGGTGAGCGACCCACCGACGATCGACGGCCTGTTCCCCGAGCCGTTCCAGTGCGAGATCGACAGGTTGGCCGCGGATCTGGACGGCCGGCTCGGGGCGAACCTCACCGGCGCCCACTCGACGCGATATCTGGTCGAACGCCTGGTCCTGGACGCCGGCTCGTACGTCGAGGAGGCGCTGGGGCTCCCGGAGGCCGAGCGGCAGGAACTTCGAGGCCGCGTCCAGGAGGTCCGGGACCGGCTCGCCGAGGCCGGCTGCCGCACGCCCGAGGTGGAGACGACCTCGCGATACGCCTGGATCGCCGACGCGACCGAGGGGGTCGTCGTCCACGGCGTCGAGGCGGGCCCTCGAGTCGCCGACCGCCTCGATTCGGTCCTCACGCACTGGTTCTGGGGCTCGCTGATCCTGATCGCCGTCCTGCTGCTGACCTTCAGCGCGGTCTTCGCCTGGGCGACGATCCCCATGGACTGGATCGACGCCGGGATCGGGGCCGTCGGGGCCGCGATCGAAGGGGCGATGCCCGAAGGGCCGATCCGCAGCCTGCTCGTCGACGGGATCGTCGGCGGCATCGGCGCCGTGGTCATCTTCCTGCCCCAGATCATGATCCTCATCGGCATCCTCGCCGTCCTGGAAGAGTGCGGCTACCTGTCCCGCGCGGCCTACCTGATGGACCGGATCATGGTCCACGTCGGCCTGAGCGGCAAGTCGTTCATCCCGCTCCTCTCCTCGTTCGCCTGCGCCATCCCCGGCGTTATGGCGACGCGGGTGATCGAGAACCGTCGCGACCGACTGACGACCATCCTGATCGCCCCGCTGATGAGCTGCAGCGCCCGCCTGCCGGTCTACGTCCTGATGATCGGCGCGTTCATCCCGAAGCGGGCGTACCTGGGGGGCTGGGTCCAGCTCCAGGGGCTGACCATGGTCGGGATGTATCTCGTGGGGGTGGTCGTGGCCGCGGCCGTGGCCCTGATCCTCAAGCGGACGTTCCTCCGCGGCGCCACTCCCATCTTCCTGATGGAGATGCCCGCCTACCAGTGGCCCTCGCCGGTCGTCGTCGTGAAACGGATGCTCGAACGGGGCTGGGACTTCCTCTACAACGCCGGCACGATCATCTTCGCCGTCTCCATCGTGATGTGGGGCCTGCTGTATTACCCCCGGCTCTCCGACGCCGACCTGGCGCCGATGCTCGCCGTGAAGGAGCAGGCCGGGCGCGAGCTGGACGCGGCGCGGTCGGCGGGCGACGAGGCGCAGGCCGCCGACGCCGAGGAGGCCGTGCAGGCCGCCGACGACCACATCGCCGGGGCCCAGCAGCGGCAGAGCCTGCTCGGCCGGATGGGGAGGGTCATCGAGCCGGTCGTCCGCCCGCTGGGCTGGGACTGGCGGATCGGCAGCGCGGCGATCGCCTCGTTCCCGGCCCGCGAGGTCGTCGTGGCGACCCTCGGCGTCATCTTCGACGTCGGCGAGGACGTGGCCGAAGGGGAGGGGGAGCAGCGGCTCACCCAGGCCCTCCAGGCGGCGACCTGGCCGGACTCCGGCAAGCCCCTGTTCACGATCCCGGTCGCGCTCTCGATCATGGTCTTCTTCGCCCTCTGCGCCCAGTGCGTCTCCACGCTGGCGGTCGTCTGGCGCGAGACCGGGAGCTGGATCTGGCCGGCGCTCTCATTCTCTTACATGACGATCCTGGCCTACATCGGGGCCTTCCTGACCTATCAAGTGGGGACGTGGCTCGGCTCGTGAGGGCCCGGCGAGGAGGCGCGGAATGGGCTGGCAAGACGCGGTCGCGATCGGCGTGGTCCTGGGCGCCTCCCTCTACCTGATCAGCCTCGTCTGGCGCGGCGTCGCCGGCGAGAAGTCGGCCGGCTGCGGCGCCGCCTGCGGCAAGTGCTCGGCGGGCGGAGGCCGCGAGCCCGCGCAGGTCGTCTCGATCGGCCCGGCCCCCGCCGCGAAGGCTTCGGGCCGCTCCCAGCCCTCGGGGCCGCTCTGAATTCCTTCGTCCTGAAAACGCGACGAAATCTCGACTTGCGCCTTGAACTAACCTGTCGTCGGGATATAGATTAAGTTCGCAGAACGGTTCGATCCGGTCAGGCCCCGCCCGTCTCCCTTCCATGACGGGGCCGCAAACCCGCGAGCGACGATCCCGAATACATGACGCACCGACGCGCCAGCCTATCCCTGTTCGCGCTCCGCCTGGGAGTGTTCCTGGCCGCCGGGGCCCTCGCCCTGGCCTCGCCGTCGAACGCTCGCGCGGGCTGCGTGGGACTGGCGCATCGGGGGAGCGACCAGACGACGGACGTTCTCGGGCTTTCGCCCGATCTCATCGACGCGGCCCGCGCGGCCGCCGAGTTCGGCGACGCCCCCCTGAAGCCCGGCGGCTGCACCGGGGCTTTCTGCTCCAAGCCGATCAACTCCGGCGGCATGGATTTCAGCGGCGGCGTCGACCTCCGCGTCGAACTCTGGGCCCACGCCGTCGACCGGGCCGATCTCCTCGGCCCCGGCCGCTCGCGGACGATCCTTGCTTCGGTCGAACTCCACCCGATCCTCCGCCGCGATCTCATCTTCCACCCCCCCCGCTGACCGTCGCCGATCCCTCGGCCCCCTCACGCCCGGATCGCGCCCCGCGCCCTCTCGAGTCGGGAGATGCAACGCGCGGGCCGACCACCGCGTCCCGTCGCGTCGCCC
NZ_CP011273.1_gap81	3629198	3629819	621	ATCATCCTCGCCCCCCTGATCGTCGATAAGCAGGTGGTCGGCCTGCTCGAAATCCTGATGGACCCGAACCGCCGGGCCGCCCAGCAGAAGAGCACGCTGCGGTTCGTCGGCGACCTCACCGACCTGGCCGCGAACTATCTGAAGAACCGCCAGATGCGGCAGATGGTCTCGCAGCAGCGGATGTGGAATCAGCTGGAGACCTTCACCCACCAGATCCACCACACGCTGGACTTCAAGGAGACCACCTACGCCGTCGTCAACGACGGCAAGCGACTGGTCGGCTGCGACCGCCTGAGCGTGGCCATGAAGATCTCGGGCCGGACCCTGGTCGAGGCGATCAGCGGCCAGGAGGTCGTCGAGCAGCGGTCGAACCAGGTCCGCGAGCTGACCAAGCTCTGCAAGGCGGTGCTCCGCTCCGGCGAGGACCTCGTCTACACCGGCCACACCGAGGGGTTCGCCCCGGACATCCGCGACGCCCTGGAACTCTACGTCGACGAGTCGGGCTCGAAGGCCGTCGCCGTCGTCCTCCTCTACAAGCCCGAGAAGGAGGAGGGGCCGGAGCGCAAGGAGAAGGTCGCCTACGGCTGCCTGGTCGCCGAGCAGATCGGCGACGAGATCGCC
NZ_CP011273.1_gap82	3632572	3633658	1086	GCAGCGTCTTCCTGATGCTCGCCGCGGTGACCCTGGTGGTCAGCCAGTGGAGCCAGTTCTACGCCAAGCTCCCCGAGTTCCAGAGCTTCTTCAACTGGTGGACGATCTTCACCTTCTGGATCAGCCTCGCCGTCGTGAAGATCATCCACGAGTTCGGCCACGGCCTCACCGCCAAGCACTTCGGCGGCGAGGTCCACGAGATGGGGATGCTCTTCCTCGTCCTCACCCCGGCCCTCTACTGCGACGTCACCGACAGCTGGCTCCTGCCCAACAAGTGGCATCGGATCTGGATCTCGGCCGCCGGCATCTACGTGGAGCTGTTCCTCGCCAGCATCGCCACCTTCGTCTGGTTCAACACCGAGCAGGGGCTCCTCAACAGCCTCGCGATGGCCGTCATGTTCATCTGCTCGGTCAACACCGTGTTGTTCAACGCCAACCCGCTGCTGCGGTACGACGGCTACTACGTCATGTCGGACTGGCTGGAGATCCCCAATCTGCGGATCAAGAGCACCCAGTTCTTCACCTACCTGATCCAGGAGAAGGTGCTCGGCCTGGAGATCCCCGTCCAGAGCTACATGCCGCGGTCGCGGCGGAGCCTGTTCGTCACCTACGCCATCGCCAGCTACCTGTACCGCTGGGTCGTCACCTTCAGCATCCTGTTCTTCCTGTCCCAGGTCCTCAAGCCGTACAAGCTCCAGGCGCTCAGCTACATGCTGGCCCTCGGCTCGCTGGTCCCGCTGTTGGGGATGCCCATCTACCAGATCGGTAAATTCCTACGCACCCCCGGGAGGATGCGCAAAGTGAAGAAAGCTCGCGCGGCCGCCTTCGCCGCGGCGTTCGTCGCCCTCGTGGCCGGCGTCCTGCTGATCCCCACCCCGCTGCGCATCCAGGGGACGCTCGTCCTCTCGCCGGCCAAGCCCACCGAGATCTATTCGGAGGTCGAGGGCCGGCTCGTCGAGCTGGCCGTGCTCGACGGCCAGTGGGTCAAGGAAGGCGACGTGATCGCCAAGCTCGTCAACCACGAGAAGCAGAAGGAGCTGATCCAGCGCCAGTCCGAGCACGACGCCTACTGGTTCAAGGCCCTCT
NZ_CP011273.1_gap83	3647855	3652477	4622	TGACAGCCGCCGACGTCCTTGACGGCGGTGCGGTCCTCCCCGGCTTCCGCCTCCCGCTCGCCGAATGGTTCGACCAGGCCGAACGCACAGGGCCGGCCGTCTGAAACGCGGCACGCCGCGTCAGTCCACCTGGTAATACCGGCGTACGGCTTCCCAGGTCGCTTTCGGGTGGTCGGTGGCGAAGGACATGAAGCCGAGGTCCAGGAGCTTGGCGTAGACGTCGGGGGTAGAGCCTCCCCACGGCAGGGTCTGGTAGAGGACGCCGTGGCGGCGCAGTTCCTCGCCGCGAGCGATCAGGAACGCGTCGGACTCCTTGAACGGGTCCCGAGAGTCCCGGCGAATCTCGGCGACCGGACGCGCGAGGTTGGTGTGGATCTGGAGCTGATCGACGTCGGCGAAGTCGGTCGCGCGAAGTTCCTCGAACCGCCTGAGCAAGGCGTCCTCGCTTCCTCCCATCCAGAGCAGCGTCTTCGACTCCGGCGAAAGCGCCTTCCAGCGCCGGATCAGCGGGTAGTTGGTGGACGCCAGGATGACGCGAGACGCGACGCCGGCCTCGGCCGCTTCCTTCGCGAGTTGGGGCAGGTCCACCTGCTTGATGTCCAGGTAGAGCCGACGCGCCGGATCGGAACCCATCGCCGCGAAGACGTCGCGCAGCGGGCCGACGCGACGGCCCGAGAACCGTTCCCCTTTCCAGGCGCCGACGTCGAGCTTGCTCAACTCCTCGAAGGTGACGTCCCCGACCCCCTTCTTCGCCGTCTCCGCGTCCACGCCCCGCACGACGCGAGCGAACGTCGCGTCGTGGAACGGGACGATGACGCCGTCCTTGGTGGTGCGGACGTCGGCCTCCGGGATGCAGCCGAGCGACCAGCCCAGTTCGAACGCCTCGATCGTATTCTCTTCCGCCAGTTCGCCCGCTCCGCGATGCGCCTGGACGATGAACTCGCCCGGCGGGATGTGCTCGCGCACGGTCCAGGGCGGTTCGGCCCGGACGGAATGCCCGACGGCGGAAACGGCCAGCCAGAGGGGGAAACTCAGCAAGAAGCGGTGCATGGGGTCGGTCCTGGGAGGAGCCGGATCGGGGTCATTCGGCCCACGTCGCCCGGTAGTTGAATCGGTCGTTGGGAGCGGCGTCGCCGTCGAGGGTGAAGGTCGAGGCGTCGCCGCCGATCGGGACGTTGTCGAGCCACTTGAAGTCGAAGGCGACTCGCCTGGAGCCGTCGCCGGGGAAGTCCAAGCCCAGGGCGGAGCGGGGAAGGGCCAGTTCCAGCTCGTTCCCGTCGAAGGCGACCGCGGCGGCGGCGTCCAGCGGCTCGGTCGCGCCGTCGGGCTTGAGGCGCTCGACGGTCGCCATGCCGTCGACGATCTGCTCGCGGTTGACGACGAGGTCGTAGCCCAGCCAGCCGGTCTTCGGGTCGTGGTCCGCGTCGATGCAGAGCGTCATCCAGCGCTCGGCGGGCGCGGTGAGGGGTTCGCGAGTCCTGATGTAAAAAAAGACGAATTCGTCGCCGGGCGCGACCTTCGCAGCCATCAGGTCGTTGCGGCCGGTCTCGTTGACGAAGTCGGGCTCGCCTTTCCAGCCGGGGTGCCGGCGTCGGGCCGGATCGCCGATCGTGTCGCGGAATTCGGGGGCGGCGGCCTTCCAGTCGCCGAACGCGCCGTCGACCCGGACCTTGGCCTTCGCCACGTCGGCCGGCTTGCGCACCCCCTTGTAGCGCCGGACCTCGGAGACGAGCTGGTAATAGTACGCGTCGCCGAAGCCCCCCTTCACCGGCTCGATGTCGCGCGAGTACTCCGGCGTGTACTGGTCGACGAAGAACGTGCCGCCCGGCTTGAGCCGGACGCCCCCCATCGACATCTCCCCCTTGGGGTCGATGAACCGCTGGGCGATCCATTCGTTCCAGCCGGTGATGAAGACGAACGGAGGATCGACCTCGCGGGCCCGCTTCCACTGCTCGGCGAAGTAGAGCCCGCGCTCGGGGTGGCGTTCCTCGGGCGGCGGCTGCTTGCCGTCGTGGAAGCTCCGGCCGATGTTCCCCGTGGGGTGCTGCGCGACGGTCACGGAGATCTGCTCGGGCTTGTCGGGTGCCTCATGCCAGCCGGGGGTCTGGGGCGAGTTGTCGAGCCAGGGCCAACGGTCGCGGCCGTCGCCGAACCAGGAATGCCCCTTCGTCCAGGCCCAGGAGCGGCGGATCGTGAAGAAGTCCTTGACCTCGTCGCTCAGGCCGTCGGTCGGCGCGAGGATCAGGGGCTTGCCGCCCCAGGCGAACCAGTGCTCACGGCCCTTCCCCGGCTTGTAAAAAGTCTTGTAGAGATGTTCGACCGTCCTGGCGCTCGCCGAGTTCGTCAGGAACGCGATCCGGGGCGTCCGCTGGCCGGACGCGCGGAACTCGTCGAGGACCTTCAGCACGGCGTCGCGCACCGAGTCGTACGTCAGGGCGTTGGTGACGTCGAAGAACAGGACGTCGACGTCGGCGTCGTTGAGCATCTGAATATGCTTTCGGATGACGTACGCATCGTCGTCCCGATAGTAGCCGAACAGCGGCTCGGCCCAGTGGTGGAACGCCTGGTTGGGCCCGAACTTCGGGTCGTCCGGGTTCGCCGCCAGGATCTTGGAGAGGTCGTAGACGGGGTTCTGCCCCTCGCTCCAGAGGAAGTAGAAGATCCCCGTGGTCCGATCCGCGCGGGGCGGCCCCGCCTCGTCGAACCCCGGCGTCGTCCGCCCGAGCCCGTCCGTGGCCGTCCAGGTGTCGGCCATCACGTCCCAGACGAGGTCGTCGGCCCCTCTCACCATCTGCGACGAGACGAAGGCGAGCGCCGCCGCCAGGGCGGGCGCGATCTGGAGGAATCTCATGGGGGCATCCTCATGCGGCGGGGGAGGGCGTCGGTGCGAAATCGGGCGGGAAGGGGGCGTTTCGTGCGCGGGAGCCGCTCCAATCGAGCGAAGCGTCGCATTGTCAGCTTGGAGGACTCCGTCCCCGGCCTGTTCCTTGGCAATGTAGTCTCGGTTCCTTCGGCGATCAAGCGCCCGACGCCCCGCGCGCCGGGCGTGACCCGCCGAGAAGTGCCATTTCGGACGATCAGTCCCTCGGACGGGAAAGCGGCCGTTCGGCGGCGGATGGGGGCGACGAGCACGCAAGCCGACGCATCTTCCCTTCGTCCGCGATGAAGGTCCCCCTCATCCGGCCTGCGGCCACCCCCACCAGGGGGGAAGGCATGATCGCGCCAGCATTCCTTCCTTCCCTCGCGGCGGACGAGGTGGACCTCGTCCAGGCTTCGGCCGCCTCCTACGCAGATCGCGCGAGGCGTCGAAAGCGCACGAACGAACCCAATTTTCTCGAGGCGTGCGGAGGGGGATTCTCGCTTCCTGGAGCGGCCGGGCACGTCCGGAGAGGTCCGTTGCGGCCTGGGTTGGTTCGCGCGAACGAACCCAATACCGGCTCGTCCTACATCCCCTTGAGGCTCCGCAGGGTGCGGCCGATCTGGAAGTGGCAGAGGGCCAGGGCGCAGGCGTCGGCGACGTCGTGGGGCTCGGGGAGTTCGTCCAGGCCCAGTTCGGTCTGGATGGCGCGCTGCATCTGTTCCTTGGGGGCGCGGCCGCTGCCGGTGAGGGTCTTCTTGACCCGGGCCGCGGCGTAGCCGAAGACGGGGATGCCCCGCGAGGCGGCGGCCAGGACGATGACGCCCCGGGCGTGGCCCATCAGGATCGCCGTGCGCGGGAACTTCACGTGGCTGTGCACCTGCTCCAGCGCCAGGGCGCCGGGCGGGTACGCGGCCAGCAGCTCGACGACGTTGCGATGGAGGTAGTCCAGACGTTGCCCCATGGCCCGGCTCGACGAGCCGGGACGGATCACGCCGGCCTCGACCACGACCGGCCCGCGCGGGCCGGGGTCGACGACCGCGTAGCCCGTCACGTTGAGGCCCGGGTCGATGCCGACGACCCGGCTCCAGACCGGCGGGCTCGCGCCGTCGCCGGGCTTGACGGCGTCGAGGCTCCCTTCGGACTCGCACGATCGGGACGTCATCGGGGCGACTCCTCCGTCGGGAGACGAGGCGGTTCTGGGCCGCCCCCGGGCTCTCAACTCAGCGCTTGGCTTCGACCCGCCAGCGAGTGCCGTCGGCGCCGTCTTCCAGGACGACCCCCAGGCCCGCAAGGCGGTTGCGGACCTCGTCGGCCAGGGCGTAGTGCTTCTCCTTGCGGAGGCGGGCCCGAAGCTCGATCAGGAGGCTCATCAGGTCGCCGGTCAGGGCGTCGCCGCCGACCTGGCTCTTGTCCGGGAGCCTGGCGAAGAGGCCCAGGAGGTTGCTCAGCTCCTTGAGGGCCACCATCCCCTCGCGATACTGCGTCAGCTCCTGCGGCGGCGAGTCCGGCGAGAGCCCCGCGGCCGTCCGGTTGAGGACGTGGACGATCTCGAACAGCTCGCCGACCGCCCCGCCGGTGTTGAAGTCGTCGTCCATGGCGTCGAGGAAGCCCTGGCGAAGCTCGGTCAGCTCCGGGCTCGCATCCCCCTCCTGGTCGTGCCGACGGGTCGGAGCCTCCAGCGCGTCGAAACGCTCGCCGGTCAGCTCCTCGAACCGCTCGAAGGCCCGGTGGAACGTCTGGAGGCTGCGGCTGATCTCGGCCA
NZ_CP011273.1_gap84	3693200	3697566	4366	TGTGCCAGGGGTCGTGCCGGGTCCGCTTCCAGCCGCTGACCACGTCGAGCCCGGCGTCCAGCCGTTCCAGGAACCGGGGGATCTCCGCCGGGTCGTCCTGGAGGTCGGCGTCGAGCGTGAAGACCCGCTCGCCGCGCGCCGCCTGGAAGCCGGCCGTCAGGGCCGACGCCTTGCCGAAATTGCGGCGGAAGCGGATCCCCCGGACGCGGGGATCACGAGCTGAGAGTTCGACGACGGCCCGCCACGATCCGTCCCGACTGCCGTCGTCCACGAAGACGAACTCGACCTCGCCCAGCGGCGCGAAGGCGGCGTCCAGCTCGCGGTCCAGGGCGGGGAGGCTCTCTTCCTCATTGTAGACCGGGACCACGACGCTGATCATGGCGCTTCCGACATCGGGACGGACTCCTGCAAGACTTCGGCGGCGGCCACCGCCTCGCCCCTCGGCTTCGCGGGCCTTCCCAGGGGGCCGAGGACCAGGGCGGCAATCACCTCCGCGGCGACCCAGACCAGCCGCAAGACCAGCGCGGAGGCCACGGCCAGCCCCGGGCCGAACGCCGGCCCCAGGGCGTACATCAGCACGCTCTCACGCACGCCGAGCCCTCCCGGCGCCACGGCCACCACGAACCCGGCCACCGTCGCCAGGGCCACGCTCGCCACCGCCACCGGGATCGTGGCCGCCAGGTCCAGGCCCGGCCCACCCATCCCCGACAACCCCCGCGCCGCGGCCGCCTGGCTCAGGCCCAGGAACCCCCACGAGACGCCCGTCAGAACCAGGCCCCGCGCCATCAGGCCCCAGGTGAACTTCGAGAGCGCGGCCTCCCCCACCCCCGGGACCTTGCGGGTGAACGTCCCCGCGAGTCGGAGGAAGACCGGGGGAGCGACCACGACCAGGAACGCCGCCGCCAGGCCCCCGGCGATCATCGCGAAGAGGGTGAACGCGCGGATTTCGCGCACGCCTAGCACCTCACGGCCCAGGTCGACGACCGGCGAGTCGCCGCCGGCCGCGAACAGGACGGCCGCGATCAGGGCTCCCGACGCCATCATCACCAGGGTCTCATAGAACGTCGCCACCGCCGAGGTCGAGGCCCTCGCCCCGTACGGCGTCGACAGCGCGGCCCGCATCACCACGACCACGGCCTTGCCCGGCACGTACTTGCCCAGGTGGCTGATCAGGTACGCCCGCAGCGCGGGGAAGAGGCCGATCGGCGTCGGGCTCGCCGCCAGTACGTCGCGGTAGAACGCCCCGCAGAAGGCCAGGCCGACCAGGTACGATAGGCCCGAAAAGGCCAGCCAGCCCGGCTCCACCCGCAACGAGGCCCCGCCGCGCGCCAGGTCGTCCCACGTCCGGGCGACATGCCGGCCGACCCCCCAGAAGACGAGGACCGCCACCGCCGCCTTGAGCGCGCGGATCGCCGGCTTGCGCCAGCCGATCGGTCTCGAGGTGGGGGTGGAGTTCACGACTGGGACTCGGGAGGCGGGGTGGGGCGCCGGCCGCACTCGCGGCGTCGCGGTCGGCTATCAGGGTACCGGCGGCCCTGAAACCGGGCAAGACCGGAGGCCCGGCGGGGCGGGGGCCGGGGATTCGCGAGGGAGCCCCATCGCGGGCGTGTGGAACGCGGATTATGATCGAGGGGGTCGACGACCGACCCACTTTCAAGGGAGCGAGACCCCGATGCATTCCTGGCTGTCGCGTTACATCGAGGCCCAGCACCGGGCCCTGGATTCGATCCCCCTGGAGGCCGTCGAACGCGTCGTCGCCACGGTGCGCCGGGCCTGGGAGGAGGATCGCCAGATCTTCGTCGTCGGCAACGGCGGCAACGCCGCCAGCGCCTCGCACTTCGCGACCGACCTGGGCAAGGGCGCCAGCGACGCCTTGGGCCGCCGGTTCCGGGTGATCACCCTGGCCGACAACGTCGCCTGGCTTACGGCGATCGGCAACGACTACCGCTTCGAGGACGTCTTCCTCCGCCCGCTGGAGAATTACGCCCGGCCCGGCGACGTCTTGATCGCCAGCAGCGTCAGCGGTAATTCGCCGAACCTCGTCCGCGCGATGGAATGGGCCCGCGACATGGACCTGCGGACCATCGCCTTCGTCGGCGCCAAGAAGGGCGGGCTCGCCGCGCTCGCCGAGCAGACCATCGTCGTGGCCGACACCCACTACGGCCGCGTCGAGGACGTGCAGATGACCCTCTACCACCTGATCTGCTACGCGTTCATGGAAACGGAAAAGGAGACGGCGTGACGCCCGCGAGCCCGACCTTCGAAGGTGAAGTCGTCCTGCTGCCGACGTTCGCCCCCCGACCGGCGATCAGCCGCGTCCTGTTCGACTTCGACGGCACGCTCTCCCTGGTCCGCCAGGGCTGGCCCGACGTCATGGTCCCCATGTTCGTCGAGATGCTCCCCGCGCTCGACGGCGAGTCCGACGAGGACCGCCGCCGGATGGCGTTCGAGGACATCATGCACCTCAACGGCAAGCAGACCATCTACCAGATGATCCGGCTCGCCGAGCGGATCCGCGAGCGCGGCGGCCATCCCCACGACCCCCTCTGGTACAAGCACGAATACCTCCGACGCCTCGACGACCGGATCTCCCACCGGCTCGAAGGGCTCAAGGACGGTTCGGTCCGGCCCGACGAACTCCTCGTCCACGGCTCCCGGGAACTGCTCGACGACCTGGCCCGCCGCGGACTGACCCTCTACCTCGCCAGCGGCACCGACGAGCCGTTCGTGAGGCGCGAGGCCGAGCTCCTCGACGTCGCCCGCTACTTCGGCCCCCACATCTACGGCGCCCAGGACGACTACAAGTCCTTCTCGAAGAAGATGGTCATCGAGCGGATCCTCCGCGAGAACGCGATCCGGGGCGAGGAGCTGCTCGCCTTCGGCGACGGCTACGTCGAGATCGAGAACACCAAGGAGGCCGGCGGCCTGGCCGTGGCCGTCGCCAGCGACGAGGCCGACAACGGCTCGGGCCGCATGGACGCCTGGAAGCGCGAACGGCTCACCGGCGTCGGCGCCGACGTCGTCATCCCCGACTACCGCGACGCGAAGCCCCTCCTGGAGCTGATCCTGGGATCATGAACACCCGACCGCTCGACCTGGAACGGCTCCGCGTCCACCCGCTCGAAAGCCGCCGAAGCCTGACGACCGTCGAAGACGTCCTGATCGACCCCGACTCGACGCCGAAGCCGCTCGCGGCCCCGGTCGCCCTCGAGGTCGCCGAGTGCGCCCGCCGCATCCGCCGCGCCCGCGAGCTGGGGGGCGGGGTGATGCTGATCTACGGCGCGCACCTCCTGCGCAACGGCTCCGCGTCGATCCTCGGCCGGATGATGGAGAAGGAGTGGATCACCCACCTGGCGACCAACGGCGCCGGTACGATCCACGACTGGGAATACGCCTGGCTCGGCCGCTCCACCGAGAGCGTCCGCGAGAACGTCCCCCTGGGCGCGTTCGGCTCCTGGGACGAGACCGGCCGCAACATCCACCTGGCCCTCCTCGCCGCCGGCCTCCGGGGCGAGGGCTACGGCGTGGGCCTCGGCCGGCTCATCGCCGAGGACGGCCTCGAACTCCCCCCGGCCGGCGAGCTGGAGAAGTCCCTCCGCGACGAGCCCGCCCATCCCCTCGCCCCCGCCCGCGCCGACGCCCTCCGGGCGATCCGCGCGGGCGGGCTCCCCGCCGGCCGGATCGCCGTCGAACACCGCTGGAAGCACGCCTCGATCCTGGCGCAGGCCTTCCAGCACCAGATCCCGATGACCGTCCACCCCGGGATCGGCTACGACATCATCGCCAACCACCCCATGTTCAACGGGGCCGCGATCGGCCGCGCCGCGGAGCACGATTTCCGGCTCTTCGGCGGGTCGGTCGAGACGCTCGACCACGGCGTCGTCCTCTCGGTCGGCTCGGCCATCATGGGGCCGCAGGTCTTCGAGAAAAGCCTGAGCTGCGTCAACAACCTCCGGCTCCAGGACGGCCGGCCGATCGTGGCCGACCACTCGATCTACGTCGTCGACATCCAGGACGGCGGCGGCTGGGACTGGACGACGGGCGAGCCCCCTAAGTCGAACCCGGCGTATTACCTGCGGTTCTGCAAGAGCTACGCCCGCATGGGGGGCGAGATGCGGTATCTCCAGTGCGACAACGCCGCCTTCATCCACAACCTCTATCAGCAGGTCCGCGCCTCATGACTCCGGAGCGCTTCCGAGACGTCGTCTCTCTATATCAGGGGCTCCGCATCGCCGTCGTCGGCGATTTCTGCCTCGATCGTTATCTCGAGATCGACCCCGACCGCGCCGAGGTTTCCATCGAGACGGGCCTGCCGGTCTACAACGTCGTCAACGTCCGGGCCCAGCCGGGGGGGGCCGGGACGGTC
NZ_CP011273.1_gap85	3864933	3869427	4494	GGCCAGCCGAAACGCCGCAGGCAGGTGGATCGTTCCTCTCGCTCTCGCCGCGACGATCCTCGGTTCCGGGGGCCTCTCGGCGAGGGGGCAGGAGGGGCCCGAGCCGGGGCCCGCGTCGATCGCGGGCGCGACCGAGGAACGGCTGCTCATCTCAGTGGAGTACCGCCCCGAGGGGGGGATGAAGGTCGTGGCGGTCGATCCGCAGAGCCCGACCCTCCAGCTCAAGCCGGCGCGAGATCCGAGCCAGACCGCGATGCTGATCGCGGGCGACGTCATCACCCACGTCAACGGCGTCGAGATCGATTCACCGTTCACTTACGCCCGCGCGCTCGCTCGTACGCCGGGCCGGGCCGTGCTGACGATCATCGACCGGGCGTCCGGCACCACCGAGGACTGGCTCGCCGAGACCGTCCCCGTCCAGCAACGCCTCGGCCTCTTCGTGACGTTCCGGCCCGAGGGGGGAGCCCTCGTTCAGAGCGTAACCCCCGAGAGTCCGGCGAGGGTCCTGCGATCCGCATCGAACCCGAACTTCGTGGCGGCCATCGTCCCGGGCGACGTCATCACCCACGTCAACGACCAGGCGGTGGCCTCGCCGGATAGCTATTCGAGGGCGTTGAACAGCACGCCGGGGTCGGTCACGCTCCGCATCATCGACGGCGCGTCGGGCCAGGTCGGCGACTGGGTCAGCCAGACGCTGGCGGTGCGCGTGCCGAGGGAGGGGACCGGGGCGCGTCGGAGCGCCTACGTCCTCCTGGTCGGACTCACGAACGACCCGAACATCGGCGCGAGCATCAAGGCGAGCCTCGAATACCTTGAGCCGATCTTCAAGAACGAAGTCGCCGAGGAGCGGCTCCGCCTCTCGGTCATCCAGGGGGACGAGTGCACCGCGGCCAACCTGCTCGCCCGCGTGCGGGACGTCCCTTGCGGCCCCGACGATACGTTCCTCGTCTACTACCTCGGCCACGGCGCCCACGCGCCGACCGCCGACCCGCGCGATCCCTCGCAGGGGCATTTCTTCTCGATGCCCGGCGGCGACCTCTACCGGATCACGCTGGCGGACGCGATCCGCGACAAGCCCGGGCGGCTGAAGATCCTGTTCAGCGACACCTGCAACGTCCAGGCGACGCCCGTCTCCCCGGCCCGCGCCGTCAGCGAGGTCGCCCTCCGCCGGATCGTCGGCCTGACGCCGCTGGAAAAGCTCCTCTTCAACCATCGCGGGTCGCTCGACGTGAGCGCCTCGTCCCGAGGCCAGTACAGTTGGTTCAGCCTCCCCTTCGGCGGCTGGTTCACGTACAACTTCGCGAACCTGATCGCCCGCTTCGAAGCGTGGCCGCCGTTCCTCGGGACCCTGTCCGCACGGACTGACGAGTTCTACCAAACGAAGCGGGATGCAATTCTGAGAAATCCGGGAGCCACGCGCCCCGACGTACTCGCCTCCTTGACCAACCAGGCTCAGCTCGTCCCGGCCGTTTTCGTGGACGATCTCCTCGACGACGTGGCGGCGGCGGACGCGAACGATCAGCGAGTCCGGGAGATTCCCGAGGTCGTCGTCAGGTTCATCGAGTGACGACGGCGAACCCCCGGGGCTTGAATCAACGGCGAACGATGGGAGAGACGATGGAAGGGATGGATCGACGCACCGTGATTCGACGGGCCGGCGGGTTGCTCGCCGCCTCGATGCTCGGGGACCGGGCGAGAGCCGGGCAAGATGCCGGCCGAACTCGCCCGCCTCGCATCAAGATCGGCCAGATCGGCGTGGGGCATGCGCACGCCGACAAGCTGGAGGTCTACCGGAATTCCGAGGATTACGAGGTCGTCGGCGTCGTCGAGCCGGACGATCGGTTGCGGGAGCGGGCCGGGTCGAAGGAGGCCTTCCGGGATCTCCCCTGGATGACTCGCGAGCAGCTCCTCGCCGCGCCGGGGCTCCAGGCCGTGCTCGTCGAGACCCGCGTGCGCGACCTGCTGGATACGGCCGAGGCCGTCGTGGACGCTGGGAAGCACGTCCATCTCGACAAGCCGGCCGGGGAGTCGCTCCCGCAGTATCGTCGCATTCTGGACGCCGCGGCCGGGAAGCGGCTCTGGGTCCAGATGGGCTACATGTACCGATACAACCCGGCCGTCGTCCTGCTCCGTGAGGTGCTCGAACGGGGGTGGCTGGGCGAGGTCTTCGAGGTCCACGCGGTCATGAGCAAGGTGGTCGAGCCCGCCGCTCGGGCCGAGTTCGCCGCGTATCGCGGCGGGACCATGTTCGAGCTCGGCTGCCACGTCATCGACCTGGTCGTCGGCGTGCTGGGGGCGCCGTCGAAGGTCACCCCGTTCCCCCGGCGTGCCTCGAGGTTCGACGACGGGCTGCTCGACAACATGCTCGCCGTCTTCGAGTACCCCAGCGCGACCGCCACGGTGCGCTCGACCGCCCTGGAGGTGGAAGGCTTCGCGCGACGCCACCTGACCGTCTGCGGCTCCGAAGGGACCTTTCACATCCAGCCTCTCGACGATCCGGCGGTCCGCGTTGCCTTCTCGGCCCCTCGCGGCTCGTATCGCAAGGGCTACCAGGACGTGACATTGCCGAAATACACTCGCTACGTGGACGACGCCGCCGACATGGCCCGCGTCATCCGGGGCGAGAAGGAGATCGATTTCCCGCCTCGGCACGACCTCGCCGTGCAGACGGCTGTGCTCGAAGCCTCCGGCCTCCCCACCGACGCCTGAACCAAACAAACGGTTGCCGACGCCGACGCCGGCCGGTATCTTTGAGCCCGAACCGCCTGTTCAACAATCGTTGCACGGGTGGGGCTCCGGCCTGGCGCCGCCGCCGGGTCGTCTCGGCCGGGAGTCCTGGAGGCGAATCGATGATGACGACGCATCGCGGCTCTCATCCCGGCGTCACCCGGCGGACCGCCGTCCAGGCCGGGGCCCTGGGGCTGCTCGGCCTGGGGATGAACCATCTGGACGCCCTGCGCGCCGCGACGCCCGGAGCGGGCCCGGCCGGGGGGACCGCGAAGTCCTGCATCTACATCTTCCTGTCGGGCGGCCTGGCGCAGCATGAGAGCTTCGACATGAAGCCCGACGCCCCCGACGGCGTCCGGGGCGAGTTCAGCCCGATCGCGAGCGCGACCCCGGGGATCGACGTCTGCGAGCATCTCCCGGGCCTCGCCCAGCGAAGCCGCCACTGGGCGCTCGTCCGGTCGTTGACGCATGGGACGAACGACCACACGCTCGGGCATTACCTGATGCTGACGGGCCGGAGCAAGGCCGACCCCGGATTCCGAGGCGACCGCCAGCCCAGGCCGACCGACTGGCCGTCCATGGCCTCGGTGGTCGGCGACGCCTTCTCCGGAAGAGGGCACCACCTTCCCCCAGCCATCGTGCTTCCCGATCGCCTGGTCCACTGGTCCGGGGGCGTACTGGCGGGACTCTACGGCGGTCAGATGGGCTCCCATCGCGACCCCTTCTTCATCGAGGCCTCCCCCTACGGAAATCCCTTCTGGAAGGGGGCCTATCCCGAATACAGCTTCCCGAACGAGACCAAAAAGCCCCCGAAAAGCCCCGACGAACGCGTGTTCCAGGCTCCCAGCCTGACCCTCTCCCCCGGCATGACGGCGGGGAGGCTCGCCCAACGGACCGAACTTCTGGACGAGCTGGACCGACAGCGCGGGGTTCTGGAAGCGACCGCCGTCGCCGAGCGGTTCGATCGCCATCGCCAGTCGGCCATCTCGCTCCTGGCCTCCCCCGAGGTCCGCTACGCCTTCGACGTGACCAAGGCCGACGAGCCGATCCAAGAGCGTTACGGCAAGAACAGCTTCGGCTGGTCGCTGCTGATGGCCTCCCGCCTCGTCGAGGCCGGCGTCCCGCTGATCCAGGTCAACCTGGGAAGCAACGAGACGTGGGACACCCACGGCGATATGTTCCCCCGGCTCAAGGACAAGCTCTTCCCCCCGACGGATCGCGCCCTGAGCGCCCTGCTCGACGACCTGGAAGCGAGCGGGTTGCTCGATTCCACCCTCGTCGTCATGGCGAGCGAGTTCGGCCGCACCCCCAAACTCTCGATCCTCCCGGAGTCCTATCAGGGCGTCGGTCGCGACCACTGGGGAGCGTTGCAGAGCGTCTGGTTCGCCGGGGGGGGCGTCCGCGGCGGCACGGTGATCGGCTCGTCCGACAAGATCGGCGCGTACCCGACCTCGCTCCCGCAGACGCCCGAGAACATGGCCGCCACGATCTACAAGGCGCTCGGGATCCCGGACGTGGCGAGCTGGCGGGACGACCTCGACCGCCCCCACCTGATCTATCAAGGTTCGCCGATCCCCGGATTGATCTGATCGCCGTCGGCCGGCGTTCGAGGCCCTCCCCACCGGACCGGAGTCGTGACCATGCTCGCCGTCGAAGGCCGCTCGCGCCGCGTCTGCAACGGGCTCACTCGTCGCGACCTCCTCCGGGCCGGGGGGGCGGGATTGCTCGGCACGAGCCTGACCTCGCTCCTGGCCGCCGAGGAGGCCG
NZ_CP011273.1_gap86	3929656	3932652	2996	CCTGGGGGCCCTGAAGGTGAGCTGGCAGGGGGTGAACGACCTCTCGGCCCGGCCTGCGGCCCGGGGCCTGGCGTCCGACACCGGCGCCAACAACTCCGTGGTCCTGAACACGCTCGCCGACCTAACCGACCGCCACAACCGCTTCGCCATGCCGCGGTTCTCCGACGACTTCATCCTCGCCAACGGCGCGGCCGGGCCGGACGGCATCCCCGACGACGCCAACGGCGACAACGTGCCGGACTGGTACCCCACGCTCTATCCGAACGTCATCGACGATTCGATCGCCGGAGGCGTGACGACGCGGGGGCTCTGGAACGTCCAGGACCCGAGCAACGCGATCACCGGCAACGGCAACCTGTTCCCCCGGCGCGCCAGCCTGGGGTTCCCGTTCGTCTTCCGGGGCGCCTATTCGCAGGCCCAGGCCCTGAACAATTACGCCTTCGGCTGGATCCACGCGCCCGCCCCCTTCGCCACCACCGGCGTCGGGGCGTCGCCTCCGATCTACCAGTTCGACCTCGATCCGGTCAACTATCTGAGATATCTGAACCACAACCCGCTGGACCTCGGCGACAACCTCCCGGCGCCGAACACTTCCAGAGGCAACTGGCAGAACCTTCAGTCGCTCTGGCAGTTCCCGACGTGGCGCGAGACCCTGGCGCCGGAGTGGAACGACCCGACCTTCCGGATCAATCAACCGGCCGTCGGCCATGCGTTCCCCAACGGCCTCGCGCCGCTCGATCCCGCCTCCGAGGTCGCTTTCGGCCACGTCGACCGGTCGTCCGCCCGCCGCGCGACGCTCCTGCCCCCCCTGACGGCCGACTGGCGCGGCGGGCGCAAGGCTCAGCCCTACACCGACGGCACGGGCTCGGACACCGGTTTCTTCAGCGGGGACCCGACGGACCCCCTGTGGGCGGGCTACAGCTGGGAGGACGACCTGATCCTGACCAACGTCCGCAGCTTCGACATCAAGGCGTTCGACCCGGCCCTGGCCGACTACGCCGACCTCGGCTGGGGCGACGACTGGCGGGTCACGGACGGCCCGAATCGACTCCCCGGCGCGCGGGCGGTCGAAGGGGCCACCAGCATCGGGGAATTTAAGTATCTAGGAACCAACAACATACTCCCCTATCTCCGGGGCAACATCGACGCCGTCCGCCGCGCGTTCCCGATCTTCACCAGCCCCATCGCCTACGCCTTCATCAAGGGCTCGGCGTACAACGCGGTGGAGCAGACGTTCGCCCACGAGGGCCGGATGCCGCCGCTGGTGAACGACTGGCGGTTCGACGCCCAGTACGGGGCCGCCGCCGCGGGCACCTACGACGCCGCCGTCTACCCGAACTACGACGGCAACATCGGCGACGACTCGCCCGGCGTGGCCCGGCTGCGGCGGGTCTGGGACTCCTGGTCGACGACCTACAGCAAGGCGCCGGCGACCGGCGTGCGGAGCGACGGGTTCCCGTACGGCCCGCCGTTCACGCCGCCGATCTACCCCTCGTATCCGCCGCCGTACCCGGCTCCGCTGCGGGGGGTCCAGATCCAGATCCGGGTGACCGACCCGACCAATCAACGCATCAAGGTTCTCACGATTCGTCAGGATTTCACGGATAAGCTCTGACGACGACGAAGAAATTCGGAACGCGCGGACGCCCGACGGCGTCGAAACCAGGCCGGGCGGGGCGACGGACGCCGACGACACGAGACGAGACGAGGAAGCAGGGGGACGACCATGACGACCAGTGCGTATCGGAATCGACGTCGCGAGCGGCGGGGGGTCATCCTGATCCTCGTCCTCGGCGTGCTGGGGCTGATGGCGGTGATCGGCGTGACGTTCGCCACGTTCACCGGGCAGTCGCGGATCGCCAGCCGGAGCTTCGCCCAGTCGAAGATCCAGCCCCAGAGCGAGCAGCTCATGGAGTTCGCCCTGTCGCAGCTGATCAGCGACACCAACGACGTCCGCTCGGCCATCCGGGGTCACAGCCTGGCCCGCGATATGTTCGGCAACGACGCCGGCAAGAACGGCTATCTCGACGCCCGCCCCGACGGCGCCCGGACGGCCCCCGGCAACAACTCGTTCTTCTACGTCACCCGGATCGTGGCGGGGGCGCTGCCCGGCCAGTACATCCTGAACACGAACATCCCCGAAGGCGACCCGCTGTTCTACGGGTACAACTTCCTGCGGTGGACGATCCGGGTCGGCTACGTGGGGAGCCCGCCCCCCACCGGCGTCACCGGCGCGATCAACCAGACCTTCGAGGTGGTCGGCGACGGCGGCTTCGTCGCGGGCTCGACGAACCCCCGCCAGCTGACGGTCGTGATCGCGCCGACGGACGTGAGCACGAATCTGAGGAATCTCAACAACATCTCGACGACGTTCCCGACGGGGACCAACACGGTCACCCCGGCGAGCCGGCTCGTGCCGAACCTGAACGCCACGTTCTCCACCCAGTTCCGGTTCATCCTCGACGGCCGCTGGCTCCACGCCTTCAACGGCCCCGGCAAGTCCACGAAGGCGAAGTACGCCAACTTCCGGTACAACCTGGACATGCCCGGGGCCGTGGGGATGGACGAGGACTACGACGCCGTCGACCTGGAGAACTGGTTCCTGGCCATGCAAAGCGCGGACGGCCAGGTCATCATCCCGTCGTTCCACCGTCCGGCCAACCTCCGCTACGAGCCGGGCGTCCTCAACGATTGGGAAGACCTCCCCGCCGACACCGCGGTCGTCCGTCGCGAAAAGATCTCACGGCTCCTCCGCCCCCGACAGGCCGACGGCCACGACCCCGTGGCGTTCCCCGATCTGATCCCCGACGCGACCACCGGCCAGATCACCTTCGACGTCGACAACGACGGCGACGGGGTCTCGGACTCGGTCTGGGTGGACCTCGGCTACCCCGCCCGCCGCAACGCCCAGGGGACCCTGTACAAGCCCCTCTTCGCCTTCATGGTCGTCGGCCTCAACGGCCGGATCCCGCTCAACACCGCCGGCAACCTGGCGG
NZ_CP011273.1_gap87	3940837	3944544	3707	CCGCACAAGCCTGTGGCTCCTCGTCTTTAAAGCCCCCCAGATCGTTCGTCTTCCCAGGAATGACGATCCGAGGCGTCTGGGAGGTCAGAAACGTCCCTGTCGGAGCCTCTAATGACGTATTGGCGCGACATGGCGTCGAATTCGGGAAACATGAGACTTTCGCCGGCACAACTCGCCCTATTTCGCGTAGATCAGGAGGCGAAGTTCCGCCCTCCCCGACCGGCGGGGGGGATCGCCGCTTCGGGTCCCCGGTTCGTGAGCATTGACGAGCCGGGTGGCGGTGGCCGCATCGAGGGACATCCCTGGTATGCGGCTCGTTGGTTGAGGAAGGTGAACATGAACGACGCGCGATCCCAGAGTCCGACCATCGTGTTGCGGATCAGCGACGGCTCGCGCCTGGTGCGTCAGGCTTTCGCGGACTTCGGGCAGGCGTCCCGAAGTGCCGAGGCCTACGCGAGAGAGGGGTTCATGGTCGACATGGTGTCGGCCACGGGGACGTTCCTCATGGATTTCGAGCCCCTCCGCCGCGGCCTGGCGGTCTGAGCCTGGGGCCTTCGGGCCCGTGGAATCGGCCGGAAAGTCGTGCGAACGACGAGTCGAGGGCGAGAAAACCTCGAAAACCCTGGATTTTCGGGAGTCGGCCCTGATTTTCTCTGGAGGTTTGCGGCATAATCGTCGAAAACGATCGGCAGGAGCCACGACGACCACTCTTCAATGGGGAGGGAGGATTCGACCGGCTCGCCAGACGTTAGGCGTCGATCTTTCTGCAAAAGGGTGATTCTCCCATGGCCAAGAAAGCCGCTCCCAAGGCCGCGGAACCCAAGGCGGCCCCGGCCCCGGCCCCGGCCGCGAAGGCTGCTGCCAAGCCGGCCGCGAAGCCCGCGACCAAGACCGAGATCTTCACCGCTCTCGCCGCGAAGACGAACCTGAGCAAGAAGGATATCGCCGGGGTTTTCGAGGCGATGTCCGAGCTGATCGAGAAGGAGATCGGCAAGAAGGGCCCCGGGCTGTTCGTCCTCCCCGGCCTGCTGAAGATCAAGGTCGTCCACAAGCCGGCCACCAAGGCCCGCCCGGGCTTCAACCCGGCGACCAAGGAGCAGATCATGATCAAGGCCAAGCCCGCGAGCAAGGTCGTCAAGGTCCAGCCGCTCAAGGCCCTCAAGGACCTCATCTGAGCTGTCGCTCCGATCAGGCTCGTCGTTGAACGACCGCGTCAGGCCACCCGGATCGGGACGCCGCCTGACGCGGTTCGTCGTTTCCGGCCCGACCCCCGGATCGATGGGGGGCGGCCGTCGTCGTCGATCGAATCAGCGACCGATCGTCCGATCCCGGCGCCAGGCCACGAAGCGGTCGAGCCCCTCGCGGAGCGGCGTGTTCGGGGCGTAGCCCAGTTCCCGGACGGCCGCGGAGACGTCGGCGAACGTCTGTCGGACGTCGCCCGGCTGCTCGGGAGCGCGCCGGATGATCGCCGGCTTCCCCAGCGCGGCGGCCAGGGTCTCGATCATCTCGCGAAGCTCGACCGGGTGGGAGTTCCCCAGGTTGTAGAGCTTCAGCCCGGCGCAGCGGTCGATCGCCCGGACGACGCCGTCGACGATGTCGCCGACGTACGTGTAGTCGCGCCGGGTGGATCCGTCGCCGAACATGACGACGGGCTCTCCCCGCTCGATCCGGTCCGCGAACAGCGATACGGCCAGGTCAGGACGGTTGCGGGGCCCGTAGGCCGTGAAGAACCGCAGGCCGGTGATCGGCAGGCCGTGGAGATGGTGGAACACGTGGGCCATCAACTCGCAGGCCCGCTTGGACGCGGCGTAGGGGCTGACGGGACGCTCGACCGGGTCGGTCTCGCGGAACGGCCCCTCGTCGCGGTCCCCATAGACGCTCGAACTCGACGCGTAGACGAACCGGGGCCGCGGCTCCAGCCCGGCGGCGGCCGAGAGCCAGTTCACGGTCCCCAGCACGTTGACCTCGGTGTAGAGGGCCGGCGCGGCGATACTCGGCCGGACCCCGGCGCGGGCCGCCAGATGGGCGATCGCGTCGGGCCGGGCCTCCCGCACCAGCGCGTCCACGGCGGCGGCGTCGCGGACGTCCATCTCCACGAGCCGGAACCCCGGGCGGCCCGAGGCCCCGGCCAGGTTGGCTTCCTTGACGGCGCGGGGGTAGTAGGCGTCGAAGTCGTCGACCACCACGACCTCATGGCCGTCGTCCAGCAGGCGGTCGACGAGATGCGAGCCGATGAACCCCGCGCCTCCGGTGACGATGGTCCTCATTCGGCGATCAGCTCCCAGTGGATCGTGGGCGTCCGACCGTCGACGATCAGCGCGACTCCCTCGCCGTCCGAGAGCGTCTCGACCTGCGCCGGCTTGACGCGAGCCCCGGCGCCGTCGAGGGCGAAGGCCTTGATCGTCCCCTTGCGACGCCACTCGACGCGGGCGCGGACCGGCTCCTGGAGGAGCGGCGGGCGGCCCGGATCGGCGGCCTCGCGCTTCCAGGGATCGACCCAGCGATAGCCGGTCGGCTCGACGCGGGCGATCGTCGTGACGAGCAACCGCCCGGCCCGTTCGATCGGCTCGGTCCCGACCGACGAGGCCACGACCACCGCGAACGGCGACTCGGACGCGACGCTCAAGGTCGGGAACGTCGCCCCGGCGTCGCCGTTCCAGCCGGCGATCCCCTGGGTGTACGGCGTGTCGACGACCAGACGGCCCTGGGAAGGGTCCCAGCCCGGAGGGAGCGCCTTGCGGCGCGGCGCATTGCGGGCGGGCGCGGTCTCGCGGCCGGTCGCGGGCTCGCGTCCTCGGAGCAGGATGGATGCGGCGTGGGGCCAGAGGGCGTAGACCTGGGGGGTCCCGTTGGCCACCTCGGGGAGCTGGAAGATATCCTCGCCCCCCGCGGTCCCGACGGGCCCGTCGCCCCAGACCTTGGGATGGACGAAGACGCCGCGGCGGACCAGCGCGTCCCAGTCTTCCTGAAGGGCCGTCGCCGACGCCAGCAACTGGTCGGCCGCCTCGTTGGGGAAGGCCCAGGCGCCCTGAGTCTGCGGGCACCACTGGCCCACCACGTAAGGCCGGCCTTCGGCCAGCTTGCGCGAGGCCCCGGCGACGAGCCCGCCGTCCCCGCTCCAAAGCTGAGACCGGAAATCAGGACCGAGCCAGGGCGAGGGGTTCCAGTATAGCCGGTCGTCGATCAGGTCGAGGCCCGTGGCGACGAGCGAGGACGCGAACTCCGGTTCCCGCCGCCAGTGCGACACCGAGGCCACGGGCGCCTTGAGACCGGCCTTGCGAAGCTGATCCGCCCAGCCGGCGTAATGGGCCGACTCGATCGAATGCCAGAGCCGCCGGCCCGAGAGCCCCCGCGTCTTCTCGGCCCGCGCCCGAAGTTCCGCCCCGTACGAGGCGGGGAGCGAGTCCGGGCGGTCGATCAGGTCGAACAGCGAGGCCTCGCCCGCGAGCGTCACCCAGGCCAGGCCGGGGGAGTCGCGGAGCGCCCGGCCGGTTTCCGCGTTGGGATGGGACAGGAGCGCGAGCGAGGCGTCCACGTTGAGCTTGCCGATGGTCGGGTCCAGCACGGCCGCGGGCCCGCCGCCGGGGGGGAGCAGGCCGGCCGACTTCACGCCGTCGTCGCTTCGAAACCGACGCCCGCCCAGGAGTTCCAGGGCGACGTAGATCCCCCGCTTCTCCAGGGCGGCGATCAGGTGGTCTAGCCTCTCC
NZ_CP011273.1_gap88	3945586	3947414	1828	CGCCCAGGAAGTCGATCAGGAGGCTGGGCTCCTCGCCCACGCGCTCGCCGTACTCGATGTCCTTGAGGCGGACCCAGAGGCCCAGGACGATGGCCTCCACCTTGCGGCCGTCGACGCCGAAGGCGCGGCTGAGCCGGGCGGGGCGGCCGCGACGTTCGCAGGCGAAGCGGACGAAATGCGGGCCGGCCGCGCCGCCGGTCGTCTCGATCGCGGCGTCGCGGGCGTTGTACCAGCCGTCGGGCACGCCGTCGGCGTTGGCGTCGAGTTCGAGGTCGTCGCGGGCCGGGGGGGGCGGGCGGAGGATCTCGCCGGCCGGTTCCTGGGCGGCTCCGGCCGCGGAGAAGGCCCACGCCAGGCAGAGCGCGAGCGACAAGGAAAGCGGCGTCGTCTTGGTCACGGGGGATCTCCGTCGCGTCACCTGGCGTCCGGGCGGTCGTCAGTCGGCCTTCGGGGCGGGGGCCGCGGCCTCGCCGGGCTTCGGCTCGGCCTTCTCCTTGAGCGCCTGTCCGGTCATGGGGACGAACAGGGTGGGCTTGAGTTCCTTGTCGATCAGCTTGCCGTCCCGCTTGATCACCAGGTGCACGATCTGGTTGAAGCGGTCGCCCAGGGGGATCACCATCCGTCCCCCTTCCTTGAGTTGGTCGATCAGCGGCTTGGGGATGCGCTGGGGGGCGCAGGTCACGATGATGGCGTCGAAGGGGGCGGCGTCGGGCCAGCCTTCGTAGCCGTCGCCGACCTTCGTGTGGATGTTGGTGTATCCCAGCTCCTTGTGGACCTTCGCGGCCCGTTCGCCGAGCGGGGCGTGGATCTCGACCGAATAGACGTCCTTCACGAGCCGCGAGAGGATCGCCGACTGGTAGCCGGAGCCGGTGCCGACCTCATAAACCTTGTCGGTCGGCTTGGGGTCGAGGACCTCGGTCATGAAGGCGACGTCGTAGGGGGGGGTGATCGTCTGGCCCTCGCCGATCGGGATCGACTCGTCGTCGTAGGCCTGGCGGTCGGTCTCCGGCGGCAGGAAGCGGTGGCGGGGGACGGTGCGGAAGGCGTCCAGCACGCGCGGGTCCTTGATCCCACGCTCGACGAGGTGCCGCTGCACCATCCGCGCGCGAGGCCGGGCCGTCGGATCGTCGGCCGGGGCCTTGGCCGATTCCTGGGCCCGGGCGGCCAGGCCGCACGCCAGGATCGTCAGGAACGTCAGGAATCCGGCCGGTCCCGAAGTCGAACCTTTCCTGAAGTGTCGTCTCATCGAAGTCTCCCTTCCTCGAACAAAACGCCTCGACGTGAAACCCCAAGTTTACCACGTCCCCGCCGAGAGCTTCATCGGGAGGGCCGGAGGTCGGCCGCTTTTCGAGGACCGGCGTCGAGACCGGCCGCAAGGCCCCGTGAACCGTCGCAAGCCTTATTGGTGGAAATCGGCCCCGACGCTATGATGAACCCGGAGGCGACGGCGTCGATTTTCGACCGGACCGTTTCCGCGTCGCCGGATACTCGGCGCGATCCCCTCGGGACGCCGGGGGTGTTCCCTCTCCAGGAAGGCGACGGCCGGATTCGTCCGTCGCCGGGGCTCGGGATGAGCATGACCTCCTACCAGACCGCCGACTTGCTGCTTGGGCTCGTGGCCGCCGTCGCCGTGGCGTCGACCCTCGCGTCGACGTGCTGCCTCCTCTGGGTCACGAGGCGGGCGCGGAACCTCCCCGACCACACCCCGCCGGTCACGATCTTCAAGCCCCTCAAGGGGCTCGACGAGGAGCTTGAGGCGAACCTCGCCAGCTTCTTCGCGCTCGACTATCCGACGTACCAGCTCCTCTTCTGCGTGGCCGACGCCGCC
NZ_CP011273.1_gap89	3950555	3952962	2407	CCCGGCCGAGGGAGCTGTCGGGGGGCCAGCAGCAGCGGGTGGCGATCGCCCGGGCGCTGGCGATGGAGCCCCAGGTGATGCTGTTCGACGAGCCCACGAGCGCCCTGGACCCCCGGATGACGGGCGAGGTGCTCGCCGTCATGACCGACCTGGCCCGGGACGGCCTGACGATGATCGTGGTGACCCACGCGATGGGGTTCGCCCGCAAGGTCGCGAGCGTGGTCCACGTCTTCGGCGAGGGCCGCGTGGTCGAGTCCGGGCCGCCGGCCCAGGTGTTCGAGGCCCCCGCGCACGAGGCGACCCGGAGCCTCCTCGCGGAAGCCCGGGCCGCTTGATTCGAGGGACTTCGGCTCGTCAGCGGGGCAGGGGGGCGGGGACGTAATCCGACCGCGTGACCGGCTGCGACTGGATGATGACCGGGGCCGACCGGCCCGGCACGATGTACTGGATGTCGCCGCGGGCGCGAGGCCGGGCGTTGGGATCGGCCTCGTTCGGCGTCCGAACCGCGGCCTTGTCCTCGCTCCGGTTCAGCGCGTCGGCGAGCGCCTCCCAGCGGCGGATGCCCGCCTCGATGCGTCCCAGGCGGGCCTTGAGCTGCGCCGATTCCTCGCGAAGGACCTTGAGCTGCTCCTCGGCTTCCTTGCGGTTCCGCTCCACGAACGACCGAGCCCGCGCGTCCGGGTCGTCGATCGAGGCGCGGGGCCTCGCGGCCGGCTCGTCCAGCACGGTCGAGGCGGGGGCCAGGTCGCGGGCGGGGGGGAGCGGATTGGAGGCCGGCTCATCAACCAGGGCGGGGGCCGGGGAAGGTGCGGGCGCGGGCGTCGGGTCCGGCGGGAGGCCGATCTTGAGCGAGGGCTCGTCGGGCGCGGGGGGAAGTTCCTTGAGGGGCTCGGGCTCGGTGGGGGCCGGCGCGGCGTCGGGCAGGGCGGGCGGGTCCTGAGGCTTCGGCTCGGGGGTCGGCGGCGGGGCCGGCGCCGGGAGCGGGTCCTCGAGGGCGGCGATGGCGGGGCCTCGGGGAGCCCCGGCGCGAGGGGGTCGTCCTGCAGGTCGGAGGTCGCGATCGACGAGGTCGTCGCGAGCGCCATGAAGCCGATCACTCCGAGTACGCCCAGGCCGCGAGCGATGCGCGTCGGCGTCACCATGACATCCTTCCTCCTTGATGCGATGCGATCCGGCGTCCGTGCCGGGCTGTTCGTCCAGCCCGAGGTTGATCGGCCGGGAGTCTAGCCCGAGTGGGGCCGCTTGCCAAGGGGAAGTCGGCGGACGGCGGACGCGACGCCGGGCGGGGCCGCCGCGTCCGCACGTCGGGCGTCAGTTGCGGAGGCTGGACAGCGGCGCGGGGATGCGTCCGCCGTGGCGGACGAACTCGGCGGAGCCGCCGGCGGCGTGGATGGGGAGGATGTCCATCTCGCCGAAGAGGCCGCCGAACACGGCCCGGTCGCCGGCCTTCTTGCCCGGGACCGGGATCACCCGGACGGCCGTCGTCTTGTGGTTGATCACGCCGATGGCGACCTCGTCGGCGATCAGGGCCGAGAGGGTCTCGGCGTCGGTGTCGCCGGGGACGGCGATCATGTCCAGGCCGACGGAGCAGACGGCCGTCATCGCCTCGAGCTTCGCGAGGGTCAGGTCGCCGACCTCCACGGCGCGGGCGAGGGCGGAATCCTCGCTGACGGCCACGAACGCGCCGGAGAGCCCGCCGACGCTGGAGCTGGCGAAGCTCCCGCCTTTCTTCACCGCGTCGTTCAGCAAGGCCAGGGCGGCGGTCGAGCCCGGCCCGCCCAGCCGCGACACGCCCATCGCCTGGAGGATCTCGCCGACGCTGTCGCCGATCTGGGGCGTCGGGGCCAGCGAGAGGTCGACGATGCCGAAGGCGACGCCCAGCCGGGCGGCGACCTCGCGGCCGATCAGCTCGCCCACCCGGGTCACCCGGAAGGCCGTGCTCTTGATCTCCTCGGCGATGTCGCCCAGGGTCGGCTTGACGGGCGAATGCGCGACGAGGTCCTCGACGGCCGCCTTGACCACCCCCGGCCCGCTCACGCCGATGTTGATCACGCAGTCGGTCTCGCCCGCGCCGTGGAAGGCGCCGGCCATGAAGGGGTTGTCGTTGGGGGCGTTGCCGAAGATCACGAGCTTGGCGCAGCCGAAGCCGTCGTGGTCCCGGGTCCGCTCGGCGGTCTCCTTCAGGACGTGCCCCAATGCGGCGATCGCGTCCATGTTGATCCCGGCCGCCGTGGTCCCGACGTTCACCGACGAGCAGACCCGCTGGGTCGTCGAGAGGACCTCCGGGAGCGCGGCGATCAGCCGGCGCTCGCTGTCGGTCCAGCCCTTCTGCACCAGCGCGGTGAAGCCGCCGACGAGGTCCACCTCGACCTCGGCCGCCACGGCGTCGAGCGTCCGGGCCACGGCC
NZ_CP011273.1_gap90	3971024	3973499	2475	TCGGCCACGCGGCGACTGCGCGTTCGACGTCGACGTTTTCCAGGTCGCGGGCGAGCAGCTCTTGATGCAAGGCCAGGGAGGCCAGCGTGCCGATCCCGACCTTGAAGCCGTGCGAGGGGGCCGCCCCGTCGAACGTATGGTGCTGCATGTCCCAGAGGTGGCTGAACTGGTGGTCGGCCCCTGACGCCGGGCGACTGGTCTTGTGGGCCTGCATGGCGAACCCGCTCATCATCAGGCCGGCGACCAGGCCGCGGAGCGCCTCGGGGTCGTTGCGCGCGACGCCCGTCGGGTTCTCGATCCAGGTCCTGAGGCGGCCGTGGACGGTCTCCCAGACGTCCAGGTCGATCGGTTCCACCCCGGCGGCGTCGGCCAGGATCCAGTCGGCCCCGGCGACGTTCTTCGCCAGGAGGTCGGCATAGCCCGAGGCGTTCATGCCGGGCGGGGCCTTCGCGATCACTTCGAGGTCGGCGACGACGGCGCGGGGGGCGGGGCAGTTGAAGGTCTGTTTCGACCCCCGATCCGTGATCGACGCGCCGAAGGCGGTGTAGCCGTCCATCGAGGCGGCCGTCGCGACGGCCATGTAGGGACGTCCCAGGCGATGCGCGGCGAGCTTCGTCAGGTCGTTGATCGTCCCCGAGCCGACGGCCACCGGGATCGCCTCGACGTCCCGGATCGCGGCTTCCAGGCGTTCCACGTCTTCGATGTCGGCGTAGACGTCCTCCCCAAAGACGAACGGCTCCGCGCAGGAGAGACCTTCGCGATGAAAGGCGGCGAGGACTTCGCGGCCGGCGGCTTCGAGGGTGTGGGGGTCGGCCACGATCACGGCCGGTCGCCGACCGAAGGCCGCTTCGAAGAGCGCGGGGGCCTCGTGGCGGGAGCCCTCGCCGATCGCGAGCCGTCGCGTGTCGCGAGCGGCGCGCAGGGCCTTGTCGAGGAGCGGGGCGTCCGATCCGGCGGAAGGGGAGGTCATGCGAAGATCCGTCCGATTGCGGGGAGGGTCGCGCGGGCCCTCAAGACGTTGAGCCGGGGCGACTTCCGGCCGTCTCCCCATCTTCGCGGGGCTTGGATCGGCGGGCAAGGGCCGGGGGCCGGTCGAGAGCGGGGCGGGACCCGTTTTCAAGGGGCGACCGGGGCCGAGACGGGGGCTTTGAAAAAAAGTAAAAGTCCATCGTCGCGAATGCCGACGCGATTTCGACTTAAGCGAATTTTCGATCTTGCGGGGATTGGGCGGAGGGGATAGAAACTCCGCAGAACGAGGCCCGGGAGGGCCGCGACGACATGAGGAAGCCGCCTTGAACACCGAAGCCCGCTTATCATACTGGATCGTACGAGAGGGGGCCTCGGCGTTGGTTTTTCTCGAAATCGTCGAATGCGTCGAGGCTCGCGAATCCGGCTCGTCCGCCCCCGGGCGGTCGAAGGATGAAGGAGTGCTCGTTCGATGATTCTCCGTTCGATCGCCGGCGGCGTGGAGGTCCTCGCGCCGGCGAAGTTGAATTTGTTCCTGGAGGTGGCGGGGCGAAGGCCCGACGGCTACCACGAGATCGAATCGCTGATGGTCGAGGTCGACCTGTTCGACCGGCTGACCTTCCGCGAGGAGGAGGGCGGGGCGATCGCGCTGACGTGCGACGACCCGAGCCTGCCGGTCGACGGCCGGAATCTCGTGGTGCGTGCGGCCGAGCTCCTGCGGTCGGAATCGGGCTGTCGGTCGGGGGCGCGGATCGACTTGAAGAAGTCGATCCCGGCCCAGGCGGGCCTGGCCGGCGGGTCGAGCGACGCGGCGGCGACGCTGGCGGCGCTGGATCGCCTCTGGAATCTGGGGACGCCCCCGGGACGGCTCGCCGAATTGGCGGGACGGATCGGCAGCGACGTGGCTTTCTTCCTGCAAGGTCCCTCGGCGGTCTGCCGCGGTCGGGGCGAGCGTGTGGAAGCCGTGTCCCTGCCTATCCCCCTGCACTTCGTCCTGATCGCCCCCGAAGTCGGCCTGAGCACGGCCGACGTGTATCAACGCTTGAAACCGCCCGAACAGTCCAGGTCGATCGTGCCGGCCCTCGCCGCCTTGGCGGCCGGGGATCCGGTGGATCTGGGGCGGAGCCTCTTCAACCGTCTGCAACCCGTCGCCGAGTCGATCCGCCCGGAGCTTGCCGCCGTGCGGGACGCCTTGGCGGATCTGGGCCCGCTGCTGTGCGGGTCCCTGATGAGTGGCAGCGGTTCTGCTTATTTCGGACTCGTGCGCGATTCCGCCGCGGCGGAACGCGCCGCGCACGCCCTCAACCCGCTCGGACTAGGATCGGTCCGGGTCGTGACCTGCGGCCCCTGAGCAGAGAACGCCTCGTAAAGGAGTACCGGCTGTGGAGATCACCGAAGTTCGCATCAAGCTCATGGAAGACAACTCGGGGAGCAACGAGCGCTTGCAGGCCTTCTGCAGCATCACGTTCGACGACATGTTCGTCATCCGGGACCTCAAGATCATCGAGG
NZ_CP011273.1_gap91	4056954	4057873	919	TGCATCCGATGGAGCGACGCCGGTTTGCGCCGGATGCCCTGATCAGTGAAGCGGACCGCCGGGTCACTCTCCGGATGGATCGAGAATCCAGATGAGGATGACGGAGGAGGGGGCTTCGGTGCGAATTCTGGGGAGGGCGGGGGGACCGACCGGATCGCTCGCGGCGACGCCATCCTCGGGGCGGATCGGGTCCGAGCCAGGGGCGACCGTTCCGCTCCCCGTCGATTGTGGGTCCGTGGGAGTTCGGAGCGCCATCTTCGTCTGGGGGAAATGGACCTCGGCCGCGGGCTCGGCCCGCAGGGTGGTCGTCCGGCCCAGATCGGCCAGCTCGGTCATCAGCGAGGTGGACGCCTCGCCTTCGTCAAGACGACCGGGGAAGGCGGACGCGAGTCGATTGCGGAGCGTCGTGAGCTCGTCGCGGTCCAACTCGGCCGCATAAACGACCGAATCGGCCGACGAGAGGTCGGCCGCGCCTTCACGCGGGAGCTCGAACCGGTAGAAGTCGCGATGCGACGACAATCCGAGCATGGATGCGACTTCGGCGCGGGCGGGACGACCGTCGCCGCCGGACACGAGGAATATGCGGTGGGGGCCGGAGCGGGCCAGCAGATCGGTCGCGATCAGACGAGGACGATCCACGGCGGGCGCCGTCAGCACGGGTGGACCCGGCAGGTCGGCTTCCGGGCCGTTCGGAGTCGTCGCGGCGAGGATCGCGGGGGGGCCGACCGGATCCGAAGCGGACGGGCGGGAGGAATCCTCGGCCGTGTGAAGCGAAGGTGCGGCCGCACCCGGGTGACGCGGAGCCTGCGGGGCCGGGGGCTGGATCGCGGTCCGCATCCCCAGGAAAGAAATCAGGACCACGGCGGCGGCCAGGCCCGCCCGATAGGCCGGGGAGAACCTGCGGAGACGGGCCGAGGGA
NZ_CP011273.1_gap92	4170986	4171882	896	CCCGAGGAGGGCTTCCAACCTCGCGGGGGTCGAACGGAATTCCAGGGACGGACTTTCGAGAAGGGATTCGTCATGTTCAGGCTTCGTGACGCGGTGGCGGCCGTCGCGTTGATTTCGTGCGGGACCGGCTGCGCGACGTTCTGCGACGAGTGCGACGACTTCCCGGTCCCGGGCCGCTACGCGGCGATCCCCGGCTCCTACACCGGCCCGCCGCTCGAAGGCGAGCCCCGCGCGGCGGCCTACGGGACCGCGCCCCTCTCACCGACCGCGACCCGCGAATCCGGCACGACGCCGGCTCCGGCGTCGCTGGACGACAGCGCGGGCAGCGGCTCGGCGATCGACGGCGGCGATTCGGTCAGCCCTCCCCCGCCCCCTCCGGCGGGCGCGGGGACGACCCCCTTCACGCCCTGACCCGTCCCACCCAAGGAAGGAATCGAATCATGGTCAGGAAGACCGTCCTCGGGCTTTCATGCCTCATGCTCGCGCTGGGGCTGACCGGATGCACCTGGACCGAGACGAAGCGGGATTACCCGCGGTCCATCGAACGGCCGCCGCTCGCCGCCGGTCATGATCACGGCCACGGTCACCAGCACTGAGGCTCACAGCCCCTCGGGATCGCTTTTCGACGAAGCCCCGGTTGACTCCGGGAGCGGATCTGCTCGAAAATCGACCCGAGGGCGCGGGAGCCGCATCGCCACGCCCGGGAACGGGGAGTCGGGCGATGCGGCCCGCGCTTCCCCACTCACCTGCGAGCCCGGACTTCCATGAAGCTCATCATCGCGATCATCCAGCCCACGAAGCTCGAGGCCGTGAAGGAAGCCCTCTCGAAAGTCGAGGTCTTTCGGCTCACCATCATGGACGTCCAGGGGTTCGGCCGCCAGAAGGGCTATACCGAG
NZ_CP011273.1_gap93	4308305	4313234	4929	AGACTACGGCACCCGTTGCCTGATCGCACGCCGGCTCGTCGAGCGCGGTGTGCGGTTCGTCCAGATTTTCCTGGGGGGGCAACCCTGGGACAACCATGGCGGAATCCAGTCGGGGCTGCCCGCGATCTGTCGGCGCACCGACAAACCCTCGGCCGCACTCGTCAAGGATCTCAAGCAACGTGGCCTGCTCGACACGACCCTCGTGCATTGGGGAGGCGAGATCGGTCGCTTGCCGGTCGTCGAGGGCGCCCTCGACTCCAACGCTGGTCGAGACCACAACGGCCAGGGCTTTACGATCTGGATGGCCGGCGGCGGCGTCAAGCCGGGGATGACGTTCGGTGCGACCGACGAGGTCGGCCACCGGGCGGTCGAGAACATCGTCACTCCGAACGACTTCCAGGCCACGGTGCTCCACCTCTTCGGCCTCGACCACGCCCGCTTGACCTACCAGTCGAACGGTCGCGCCCAGCATCTGATCGACGGTCGCGAGGCGCGCGTCGTCCGCGAAATCCTCAATATGGCCTGACATCTTCAAGGAAACGTGCGCTCATGACTCGACGATTCCGCCGATTCCTACTCGTCTCGACGGCGACGGTCGCTTGCCTCGCGACGCGGGCCGAAGCCTTTGAGGCCCCGAAACCACTGAAGGCTGGCCTGTTTTCGGTCGATGCGACCCCGCCGGTCGGGAGCCCCCTGACCTATGATCCGACGACGGGAGTCGCGCATCCCTTGAGCTCCAAAGGCGTGGTCCTGATCGGAGAAGGGGAGCCGATCGTTCTTTGCGCCCTGGACTGGATCGGCGTCGCCAACGACGGCCAGCGCGAATTCCGCGAGGCTCTCGCCAGGGCCGCGGGGACGTCGGTCGAGCGCGTCCAGGTTCACACCCTTCATCAGCATGACGCCCCAATCTGCGACTTCTCATCGGATGCGATCCTCGCCGAGCAGGGAATCAACGCCGAATTCTTCGACTCCCCCCTCGCCCGGGACGTGATCGCCCGCACCGCCGAGGCGGTGAAGAAGGCGGTCGCCGACGCTCGCCCCATCTCGCACGTGGGTCTTGGCGAAGGCATCATCGAAAAGGTGGCCTCGAACCGACGGGTCCTCGACGATTCGGGCACGAAGGTCGAACATGTGCGCTTTTCCGCCACCAAGGATCCGAAAGTTCGAGACAAGCCCGAGGGACTTATCGACCCGTCTCTCAAGATGCTCAGCCTTTGGGACGGCGAGACGCCGGTGGCGATCATGACCTTTTATGCAACCCACCCGCAGAGCTACTATCGCACAGGCCTGGCCAACCCTGACTTCCCCGGGATCGCCCGCGATCAGCGGCAGGAAGCCACCGGGATCTTTCATGTCCATTTCGACGGAGCGGGCGGCAACATCACCGCCGGAAAGTACAACGACGGCTCGCCCGAGAACCGTCAGGTCCTCGCCGACCGCGTCGCCGCGGGCATGAACCAGGCCTGGGAGGCCACCGTCAAAACACCGGCGTCCGCCGCCGACCTGGGGTGGAAGTCGCTGAAGGTCGCCCTACCGGTCGATCCCGAGCTCGAAGAGGCCGATCTGGCCAAGACCGTCGCAGACAAGGCTCAACCCGGTCGTAAGCGTTGGAAGGCCGCCTGTGAGTTGGCCTGGGTTCGGCGTTGTAACTCGGGCGATACGATCGATGTCGCGTGCCTGAAGCTCGGCAAGGCCCGCGTCCTCCTGATGCCAGGCGAGTTGTTCATCGAATACCAACTCGCCGCTCAGAAACTACGTCCCGACCTATTCGTCGCGATGGCCGCCTACGGCGACTACGGCCCGGGCTACATCGGCGTCGAGGAGGCCTATCCCCAGGGTGGATACGAGACCTCCCACCACGTCTCACTCGTCGCGCCGAGCGTCGAAACCGTCCTGATGGATTCGATCAAGTCCCTGCTGCGAGACTGACGCGGAGGCCCGTGCCCCCCGTCAAAGGGGCGGGGGGCACTCGTCCAGGATCGCCCCGATGGCTTTCAGATAGCGATCGGCCGATCGGTTCACGGCCTCCTTCGCGTCGTGGTCGATCTGTAGTCCGGTCGTGAAGCCGTAGATCCGGTCGAAAGCGAACGGCTCGACGGCGGCCACGGCCCGCCGGACGGCGTGCGCGGGGAGCGGGATGTAGTTGGGGTAGGAGTACATGAAGCTGACGTGACGGCGATCCGGGCAGACCTGCAGCACGTCCCCGGCAAGGATGACGCCACGACCTTCCGCCCCGTCCGGCCAGTGGAGCACCGTTGCGCCATCGAAATGGCCGCCGCAGCGGATCAGCGTGATCGAATCGTGCAGCGGGAGACTTTCCCCCGTCCAGTAGCAGACGGCGGGGGCCGGTCTGGCCACCCATCGTCGATCCGAATCATGAACATGGACGGGGACTCCTCCGAACGCGCGGCTCCACTCGATCATCGAGCTGTAGTAGTGAGGGTGCGAGATGGCCACGGCTGCGATCCCGCCGAGATCTTCGACCGCTGAGATGGTCTTCTCATCGATCAGGGAGATGCAATCCCAAAGGATGTTGCCGCCGGGAGACTGGAGCAGGAGCGCCCTCTGGCCGATCCCAAACTTTGGGGCCGTCACGAAGCTGCTAAGCCTCGACTCCTCTTCTTTGATCACGTTCTCATGGCCTGATCGAAGGGCTTCGAGCGTCGTCCATTTCTGACCTTCCAGCCCGACGTACTGCCGTTCATCCTCGCAAATCATGCAGATTTGAGGACCGGCCGATGCGGCTCCATACTGGACGCCGCAGGTCGAGCAAATCGGGTGGATCATAGGTTGTCTCGCTCCTGGCCATGCTCGTGAATTCGTGTGCGTCGATTAATGGGGGGAGGAGAGCGGCGAGTCGTCGTAGTGCGCAAGTAAGTCGGCCGCGTCGTCGTAGATCGCGATCGCCCCCTTCAAATCGTCGTCGTCCCATCCTCCCGATCGAAGTGCGATCACGGCGACCCCCGCTTTCGTCGCGGCCTGGACGTCGTACGGCGTGTCGCCCAGCATGAGGACCTGGGAGGCGGGACGATCGGCTTGATCGACGGCCGCGACGACGATGTCCGGGTCTGGCTTCGACCTCTCGGCGTCATCCGATGATGTCTGCGCCTCGATGAGATCGTCGACGCCCGCGAGCTTCAGCAACGTCTCCAGCTCGTTCGCCTGGGCCGAGCTGGCCACGACGATTTTCAAGCCGTCTCGCTTCATGCGGAGGATGAGGTCGCGTACGTCGGGGAAGGCCCGGATTCCTGGGGCGAGTTGCTCAAGAAAGATCTTGGAGCGATCCTGCTGGAGGGCCTTGGCCTCGGGGTCCTCCTTGCTTTGTCCGATCAACTCCGGAAGCATTTTATCGCCGCCTTTGCCGATCCGTTCTCGGACCCGCTCGAACGAGACATCGTGTCCGTGGTCGCGAAAGGCACGCACCCAGGCTTCAGCGTGGGCGTCGTTACTGTCGACCAGGGTTCCGTCGACATCGAGGAGGACGGCTTCGAAACGCGGCATGGCATTGACTCCCGAGGCGGCGGAGCGTGAATCTTCCGCCTCGCTGATGATGCAACTGACATGCCTGGTTATGTGTCGCTCGTCAGGAAGGAAAGCACTTCGACCGGAGCGGCGACGACCTCCTCCGCCCCGTGGGCCTTCAGTTCTTCGATCTCGCGGAATCCCCAGGCGACGCCGATGGCGAACATGCCCGCCCGGTTCGCCGTCAGCATATCTACGGAGGAATCGCCGAGGTAGAGGATCTCCTCGGGCCGCAGGGCCAATCTGTCGGCGACCTCCAGCGCGCCTGCGGGGTCGGGCTTGCGCGGCACGCCGTCTCGCTGACCCAGAGCGACGGCGAAACGCCAGGGGGCGAGGTAGCGATTCACGCATTTTTGCGTGAAAACATCGGGCTTATTGGAAAGTATGGCCCTCGGGATCGAACGGGTGGCAAGGGCGTCCAGGAGTTCGGCGATTCCCGGATAGAGTTGCGTCGCGACGTCCCACCCGTGGTCGTAGAACCGAGCGAATCCCGCGACGCTTCGTGCGACGACCTCCGGCTTCGAAGCGTCGGCGGGTGGAAGCGCCCTCCGAAAGAGCGTAGCGACCCCGTCGCCGATGAATCGTCGATACGAGTCGATCGGATGCGGCGGAAAGCCCCCCTCCTGGAGCGCCAGATTCGCCGACCGACCGATGTCTTCCAGCGTATCCAGGAGGGTCCCGTCGAGGTCGAATAGAATCGCGCGGAGTTTCATGGGCGACCTGGAGTCCGTGGAATTCGCCTCGGTCCGCGTTTCAGGCGAACTGGGGCACCTTGAGGGATTCGCCATCTTTCAGTGCAGACTGGTGGGCGACCACGCCCGCCACAGTCATGTTGAGAGCCGAGACCACGTCGACCAGTGGCTTGCGCTTCTCGAGGATGGCCGTGACGAACTCGTCGGTCAGGTATCCATGCGATCCGCCGTGACCGCCCGACGCGACCTGGGGCGGTAGTGCCGGCCGAGACAGGTCGGGGAGTTGCTTCTCTTCGCCCTGGTAGCTCATCCCGGTCATGAACCCACGCTGGCCGTAGACGCGACCGGTCTCGCTCCCCGGGACGAACGTGTCCCAACTCACGCCGATCCGCGCCATGCCCCCTTCGCTGGTGCGGAAGAGGCCGATCTCGGTGCCGAACGGGTTGTCATACTTGTTGCCGCCGGGCCGGAACTTCTCCATGACGCTCGGCATCGCCTTGCACGTCACCTCGGTGAAGCTCCCGCCCGTGACGGCGACATAGTAGGCCGACGCGTGGGTGGGATACCATTGAGGCGGCAGGCCGACTCGCCACTCGCGGTACGAGGGGATCTGCTCGACGCTGTGGTGGTAGTATTCCCCCTCGGTGTAGACCAGCTTGCCAAGGGCTCCAGCCCTGTAGACCTGTCGCATCGCATGGAGATCCTCGTGAAACGC
NZ_CP011273.1_gap94	4323532	4325868	2336	CGCCCCAAAGACTCCCGAGATCCGCATCATCGGGACCAGGGGAGCCGGGGCGACGGTTCGTCCCTCCGCACCGTCGGCCGAGGAGATCCATCGTATCGAGGACGAGGAGCCTGTCTTCTACATCGGTCCGGACACCGTCCCGCCGGGGCGGACGGCCTCGATCCCGAGCCGGATCGCAGCCGATTGGCGACGGATGCGGGACGCGAAAGCCCGACGGGCGCCCCGCGCTCCCTCCCGAGCCGCCGGCTTCGTCAGGCGGGCCGTCGACGATCCGGGCCTGGGAGCGGCTCGCGGAGCCCGACCGGCCCACCAGCCTCCCGAGCCTCCACAAACTCCGACCGGCCGAGCGTGCATCGCCGAGGTGACCGCCTCGATGATCTGGGCCGCTCTCCTGGTCGCCATGTTGGTCCTGCCCGCGGCCGCCGCCCTCGGCGTCGACCCCGCTCGAGAGACCACGCGGATCGTTTTCCTCTACGGCACGGCGCTGCTGGCGACGTGGGCGGCCCTGCTCCTGAACAAGGTTCTGGAGGCCCGCAAGGTCGACGCCGTCAGCCGCCGCATGACGGCGGCGTTCGTCGGCGTGGGAGTGGGCGGCGCCGCGTACCTGCTGGCACGAGGCCTCATGCTGGAACCCCGGATGGCGGCGCTCGCGCCGGTTTATTTCGGGGCTCTCTACGCCGGGACCTCGGGATGGCCTGGACCGTCCGCCCGCGATCGCAAGAAGCGTTTCCGCCTCACCCCGTTCGCCTGGACTCTCGTGCTCGCCGCCGCCCTCGTCCCGCTCTGGGATCATCACCCCGCGGAAGGCCCCGCGATTGCGGCGATCGTCGTCGCCGCCGTGCAACTCGTCAGCCCGTGGAGCGAACGGGCCGCGCGTTACGCCGAGTACGTACGAGCCCTCGAGAAATCCGGGGACCGGACCCGGGCGGCGTGAGTCCCGGCCGCATCGGTCCATCGTCCAGCCCCGAAGTCGGATAGGGATGCATCGCCATGATACGTCTAATGAAGCTCTTGTTCCTCCTCGGTCTGGCCGCCATGTTGCTGGCGACGTTCGTCTTCACTGTCCGCGTGGAGCGGCTGCACGACGGCCGCTCCGTCGATCGGGCTCGGCGCGAGGTGAACGCCTGGATCGGGAACCGGACGGCCGAAACGAGGACTATCGCCCCGGCCGGCTCGAACGTCGGCGAGACCGTGCGCCAGGTCGTCGGCCAGGTGTCGGCGACCGAGGAACGGGCTAAGGCCGACGCCCACCGCCAGCTTGAGGACGAGGTGCGGTCCTGGCTCGATCCGCAGGTCCCGATGTCGTGGCGGCCCCCGGGGCACCTGCTCAACGAGCTGGTCGTCGAGACGCGCGTGACGCCCGAGGAGAAGCCGTACGGGACGGTCTATACCGCGAACCTGGAGACGGACTTCTCGGCTCCCCGTCGTGAGCGCCTCGTCGAGGCTTATCGAAGCCACGTCGTCCAGCAGCGGATCGTGAAGCTAGGAGGGGTCTTCGGATTCCTGCTGGTCTGCCTCGCCGCCACGTCCGGGTATATCCGGGCAGACGAAGCGACGAAGGGCTACTACACGAATCGGCTCCGCCTGGCCGCCGCCGCCGCCGTGGGGGCGTCCGGCGTCCTGATCTATCAGATGCTGACCTGACCGGAATTCCTGCGGGTGGCGAGCTTCCCCGTTCATCCGGATGGGTTTCGATAGCCAAGGCCCAGTCGGCGGAGTTAAAATCCGCAGAGGCCCTGCGCGGATCGGCGGCAACCGAGCGACCTCCAGGCGAGACACCTCCACCGATGGCGACGTCCGATTCCGACGCTTTGCTGGTTCGACAGGTCCGATCGGGCAACTCCTTGGCCTGGCGGCAACTCATCGAGCGGTTCGAAGGCCGGCTGCTGGCCTTCGTGGACAGTCGGCTCCGCGATCGCGCCGCGAGCGAGGACGTGGTTCAGGAGACCTTCATCGGTTTCCTCACCAGCCTTCCCCACTACGACGAGAAGCGCGACATCGAGGCCTACCTCTTCTCGATCGCCGCCCACAAGCTGACCGACCATCTGCGGAAGCAGGGACGACGACCGATCGACCAGTTCGGCTCCGACGACCACGGTCGGCCTCTCGATGAAGTCCCCGGGGGAGGCCGCGCCGCGTCAAGCATCGCCCGCAGCGGCGAGCGCCGTCGTGAGGAGGAACTCCTCCTCAGCGAATCGATGGGGAGGCTCGTCCGCGAATGGCTCGGGCGCGGCGACTTCGACCGGATCCGCTGCATGGAATTGCTGATCGTGAAGGGTTGGCCGAACAAGGACGTCGCCCGCAAGCTCGGTCTGACCGAACAGGCCGTGGCCAGC
NZ_CP011273.1_gap95	4327522	4328522	1000	CGAGGCTTTACCGCCGGTCGATGCTGAGCCCTCCCGCGCCGAATCGGCGTCGATCTGAGACACGGGGCGTCGCCTTAGATACTCCACGCCCCCAACGATCAGGCCGATCGCAATCAGAAGCCCCCCCGCCTTGAGCCATCGACGGCGATTGCTGCTGGCGGCCTCCGCGAAGCTCCAGCCCGAGGAATTCGAAGCCGAATCCGACTGGACCTTGGTGGAACTACCACCCGAGGAGGCCGGTGGCGTCCCAGATCCTCCGAACCACGCCCTCGGACTGCGAGTCGACTCGGTGAGGGACGGTTCCGGGCCGATGTCGACTCGCAGAGAGAACTCCCCGGACGGCTCCAGGCCCCGTTCCCCGCCGCTAGTCGAGCTCATCGCCATGTCGGGCTGCGCGGCGTCCGGTCGCTCCGCAGTCTCGGCCTCCGTCATCAGCCCCCCGGCCAGGACCGGCTCCCGCTCTCCCGAGGTCTTCTCGGCGAACTGACGGAGCGCCATGGCCACTTCGAGAGGCTCCTGGAATCGCTCATCGGGGAGTTTCCGCATCATCTTGCGGACGATCTCGACAAGACCGGGAGGGGTGTCCGGGGCGATGGAGGCCAGGGACTCGGCTTCCTGGGACTGGTGGGCGAAGAGTTTCTCGGTGAGGCTCGGATACGGGAATGGCACCTGGCCAGAGATCATATGGTAGAGGCTGCAACCCAGCGAGTAGATGTCGCTCCGGATGCCGGCGGCGTGTGAGTGGCGCGCTTGTTCCGGGGCGACGTAATCGAACGTGCCGACCGTGGCGCCGTCGCGAGTCACCTGCCCTTCGTCGGCCAGGTCGATGGCGAGGCCCATGTCGGCGAGCTTCGCGACGCCTTCCTGCGTCACGATGATGTTGTAGGGGTTCACGTCGCGATGGATCAGCCCTTTCCGGTGCGCGTGATCCAATCCGAGCGCCACCTGTCGACCGAACCTGGCGGCGAGTGCGGGGGGTATCCTGCCCTCTGTGGCGATG
NZ_CP011273.1_gap96	4489768	4490396	628	CGGAAGAAGTTCCTCAGCGAGGAGGGCCGCAAGCGCTCCGAGCGGAGCGGCAAGAAGGTCGGCGTCTGAGCCGGTCGATCCTCATCGACGCAACGGGGGCGGCGTGGCGACTTCGGTCGCCGGCGCCGCCCCGCTCGCGCGCTGGTATCGGAGCTTCTGGTAGAACAGGATCTCCAGCCGGTTGTTCCGAAGCGCGACGTTCGCCTCGCGGATGAGCTGGACGCAGCCCGCCAGCATCAACCCCACGCCCAGGATCGCGAGGGTCGTGGGGACGACCAGGAGCCACCCTCCCAGCAGGGCGTTCACCGCCAGGGACAGGCTCGTGCCGACGTACAGCGCCATCGCCAGGTAGAGCAGCGTGAGGGTCTTCCGGATCAGGTCGCTCCGCACGACCATCCGGTCGAGCTGGACCGCGACGTGCTCCAGCCGATCGTCCACGAAATCGACCGCCCTGGCGCCCCGGCCCAGCTCGTCCCCCTCCAGGTTGAGCTGACGGATCCGGTCGACGATCCGCGACATGCGGTTCGAGGTCGAGATGATCAACGACCCCGTCGCCGTCATGAACAGCGCGGGGGTGATCATCGCCGAGAGGGTGGCGTAGGTTTCCGAGGGTGTGACGGCGGGCATG
NZ_CP011273.1_gap97	4650706	4652567	1861	CCAACAACGACCAGGGGACGGCGACGCCGTTCACCGCCCCGGCCGCTCTGAACGGCGTGCTGGAGAAGCCGGGCGACACCGACCATTTCGTCTTCACCGGCAAGAAGGGCCAGGTCTTCGACTTCAAGGTCTACGGCCGCCAGGTCCGCTCGCCGATCGATGCGGTCCTGTATCTCGCCAAGAAAGGGAGCGGTGCGCTGGCCGGGAGCGATGACGCGGTCGGCCCGGACAGCTACTTCCGCCAGGCCCTCCCGGAAGACGGCGAGTACGTCGTCTGGATCGCCGACCACCTCGGGAAGGGGGGGCCCGATTACGTCTACCGGATCGAGATCAGCGTCCCCGAGCCCCGGCTGACCGTCTCCACCCCGGCCGAACAGATCATGCTGGGGACGGGAGTGATGGCGGCCAGCGTTCCCAAGGGGGGGCGGCAGGCGATCCTCCTGCAAGGGAGCCGGGCCGACTTCGGCGGCGAAGTCCTCTTCAGCGCCGAGGGACTCCCGGCGGGCGTCGAGATGGAGGCCCCGCCCCTGGCCGCCAGCCAGGCTCTCGTACCCGTCCTGTTCACGGCCAAGGCCGACGCGGCGCCCGCCGGCGCGCTCGTGGCGGTCTCGGGCAAGTCGGCCGACCCCAACGTCGCCGTCCGTTCCGAATTCAACACCCTGTCGGCCTTCGTGCTGGCCCCCAACAACAACGGCATCATCATGTGGTCGCGCTCGGTCGACCGCCTCGCGGTGGCCGTGACCGAGGAAGCCCCCTACTCCATCGAGATCGTCCAGCCCAAGGTGCCCCTGGTCCGCAGCGGCCAGATGGGCCTGAAGGTCAAGGCGATCCGCAAGCCCGACTTCAAGGCGGCGATTGCGGTGTCGCTCCCCTGGAATCCGCCGGGCGTGGGCTCGGGGGGCGGGGTCGCGATTCCCGAGGGCCAGGACGAGGCGGTCATCCCCATGAACGCCGACGGCAACGCCGAGCTTCGGACCTGGAAGATCGTCGTCAACGGGTCCTCCTCCGGGCCGACCGGGCCGATCATGGTCTCCTCGCAACTGGCCGACCTGACCATCGCCGCCCCCTACGTCGGGCTGACCTTCCAGGCGGCCGGCGTGGAGCAGGGCAAGGAGACGGACATGGCGGTCGCCGTGGCGAAGAACGTGGACTTCGACGGCGAGGCCAGCGTCACGCTCATCGGCCTGCCGAACAAGGCCACGACCGACGCCAAGTCGATCACCAAGGAATCGACCGACCTGGTCTTCCACATCAAGACCGACGCCGCCTCGCCGGTCGGCAAGCACGCGAACCTGTTCTGCCAGGTGATCATCACCCAGGACGGCGAGCCGATCGTCCACAACATCGGCTCGGGGACGCTCCAGATCGACGCCCCCCTGCCCCCCAAGCCGGCTGACGCCGCCGCGCCCGCCCCGACGCCCGCCGCCGCCCCGCCCCCGCCGAGGCCCCCGCGAAGCCCCTCAGCCGCCTGGAGAAGCTGCGGCTGGAGGCCAAGCAGAAGCAGGCCGGCGGCACGCCCTGAGCGGCCCCCCGAACACCCGCAGGGAAGACCCGCCGAACCATTCCGGACCTTGATGAGGACGCCCACGTGATGATCCAATCGACCGCGGCCTTCGCCCGAGCGCTCCGAACGTCCCTGGCGGGCCTCGTCCTCGCGGGCCTGGCCCCGCCCCTCGCGACCGCCGCCGATCCGGCGGCCCCCCTGCCGGACGAGGTCTTCGCCCCCGATCCGGTCCTGACCGCCGGGCTCGTCGAGATCCAGGTGTTCCCCGCGGCCGTCGACCTGACGACCGCCCGCGACCGGCAGTCGGTCGTCGTGCAGGGCTTCTACTCCGACGGCCTGACCCGCGACCTGACCCCG
NZ_CP011273.1_gap98	4688051	4689439	1388	AGTCGAGGAGCGCGACGCCGCCGGCGGTCGTCTCCGGGATCTGGCGTTTCGGCGAACGGCCATTGTCGAACTCGAACCGCAGCCCGACGGTTTCGGCGTCGTCGCGGAACAGCGGCGGGACGATGTCGGTCGTCGCCGGCTTCCTCGCGGGGTTCGCGGCCGATCCGACCGACTCGGCCTCGTCCGACGCGAGGGCCTGGGCGAGCGTGACTCCCGGCGAGGGGGACTCGCGCGAGACCGGCTCGCGCAGTCGGGCCAGCGCCTCGCGGGCGGAGGGGTCGGTCGGCACGAAGGCCGCCCGGAGGGTCCACCACCCCCGAGCCTCGAACTTCCGACCGATCGTCTCCGCGAGACCGGCCAGCTCGGTGAACCGCGCCGGCGCGATCTTTTCGTCGATCAGCAGGCGGTAGCGGTCCTTGGCGGCGTCGCAGGTCGCCTTGCGGACGCGAAGCTCGCGCGACCTCTCGACCTCGCCCGACTCCGCCGCGAGCACGGCCAGCCGATCGAGGGCCCCCGCGTCGCTGGGGGCGACCGCGATGAGCCGTTCGAGGACCGCTCGCTCCGCGGCGCCGTCCCCCTCGCGTTTCGCCAGCCAGGCCCGGACGCCCAGCGCCTTTTCGACGGTGAATCGATCGGCCCGAAGATGGGCGAGGCAGAGGCGGAACGCCTCCAGATCCTCCTCGACCCGCGCGAGTTCCAGTCGGGCTCGCCAGACGGCCTGATCCTCCGGCCTGGCCTCCAGGCAACGCTCCAGCTTGGCCTTCGCTTCCGCGAGGCGGCCGGTCTGCAAGGCCAGATCGGCCTGGGCCAGCCAGACGCGGTCGTCGCCGGGGCTCAGCGCCGCCGCTCGCTCGACCTCGTTTCGGACGGCCTCAAACAGGGTCGGCGCATTCTCCCCTTTCCAGTGGTCGACCAGATCGCCCGTCGGATCGGTCGTGTTCCGCCAGTTCTCTTCGATCAGGCCGAGGACCTCTTCGCGTCGGCCCTGCCAGAAGTAGAGCTCCGAGAGGGTCCGGCGCACCTCGTCGCGATCCGCAGGGGCGGCGGCCCCGTCGAGCATCGCCTCGAGGAGCGCCTCCGCTTCGCTGAACCGTCCCATGTCGCCGACCAGCGTCCTCGCGCGTGCCAGAGACGCCTTGCCCCACCACTCGTTGCCGGGCGAGACCCCCGCCCACGCCGCCAGGGATGCCTCGGGACGACCCACGGCGTGCTCGCAGACCCCGAGCCGATAGGCGACCTCGGGGTCGCTCGGTCGTGACGATCGAAGGCCGAGGAGCCGCTCGCGAGCCTCGGGAAATCGCTGGGCCTCCATCAAGAGTCGAGACTGCTCCAGGGATGTCGCGAACCGCCATTGCGCGACGGCCCACGATCCGAACCCCGAGGCCGCC
NZ_CP011273.1_gap99	4706515	4707429	914	GGCCAAGCTCGCCAAATACCTCCCCTCCCCCACGGTGGCCCGTCGCGAGGACGGCTCCTTCTTCCTCGACGACGACCATCCGCATTCGATCGGCCGGATCCGAGCGTTCTTCGGCAACACGGGCGTCCTGTTCCGGGCCTACTGCTACATCCGCAGCCAGGGGCCCGACGGGCTGAAGCGGGTGGCGCAGCACGCGGTCCTGAACGCGAACTACCTGCTGAGCCTCGTCCACGACGTCTACCCCGTCCCGTGCGGGAATCGCTGCATGCACGAGTTCGTCGCGTCTTGCCGCTCGCTCGCGAGAGACCGAGGAATTCGCGCCATGGACGTCGGCAAGCGGCTGATCGATTACAATTTCCACGCGCCCACGGTCTACTTCCCGCTCATCGTGTCGGAAGCCCTGATGATCGAGCCGACCGAGACGGAGAGCCGCGACACGCTCGAAGCGTTCGCCAAGGCGCTCCGGGCGATCGCGACGGAAGACGCCGACATGTTGCGAGACGCCCCCTTCACCACGCCGGTCAGCCGGCTCGACGAGGTCAAGGCCGCCAAGACGCCCGTCCTGCGCTGGACCCCCTGATCCGTCCGCCGACCCGAGCTTCGGATCGCCGAGCCCCATCATGAGCCACGTCCCCGACGACCTCGATCCGAACGAGCCCCGAAGACCCCGGCCCAAACGGGACGCCGATCCGGGGGGCGGACCGACCGGGAGCCCCCCCGAGCACCCTCCTCGCGCGGGCTACGGCGACTCCGTCTTCCGGCCCAGTCCCGGCGTGGGAGGCCCCTCGCCTTCGCCCTCGCGGCCGGGACCGGCTCGAAAGTCCGGCAAGGCCGCCGACGGGACGCTCAGGCAAGAGGCCGTCGCGCCGGGGCCCAAGTGGTACGAACGCATCCTCTTCGGCCGCGTCAGCTCC
NZ_CP011273.1_gap100	4762911	4764837	1926	CCCCCAGCCAGAACAGGGTCGTGACGGGCATCGCGGGCGGATTCGCCTGAGCGAGAATCATGGCGGTCATGGAAGATCCTCGTGGGTTGTTGGTCAGTCGCTGTCGTCGAACGGGCCTAGGCCTCGGCGCCGAGATCGACGTGAGGCGGGGTGGGTTCCTCACGCCGAGAAGTCGGCTCTTCCCTCGCGGGGACGTCGATCGGCCGGACGACGACCTGGCCGGAGCGGACGCGGACGACGCGCACCCGCACCCCCTCGGCGATGAGACCGGCCTCAGCCATCCCATCATACCGTCGACCACGAAGCTCGACATGGCCGCAGGGGCGCAACGGTGTGAGCGACCGGCCGTCGGTCCCCACCAGGTCATGGATCCGGCGGTCCGTGTGCGAGACGTCGATCTCCTCAGGCTCCGGGGGGACGAGCGCGAACCGACGACCTAAAGGCGAACGCGACCACAGCCGGAACGCCAGCACCGCCGTCGTCGGCACCGCGACGAAGTCGACGGCCGCGAAGATCATCCCGAGGCGTCGCGAGGACTGGAACGCGTTCCAGAGCCCGAGGCCCAGGCAGACGATCGCGCTGAGGCCGATGAAGCCGCCCGACGGGATGAAAAGCTCCAGAACCAGGAGCATCAAGCCCATCGCCAGGAAGACGATCGGCCAGAACGCGTCATCCACGATCCGCCCCCCTCGAGCCCTCGTCAGTCCCGCAACCCCCCGCATCGGGACGCCCGCGAGATCCGGCCGATTGTTTCACATCGTCATTGTACGCGATCCGGACGCCCGCCGCCAAAGGATCCGGCGGCCGCCGATTTCCACGATGAGAATCGCCCGAAATCCCGCCGAGCAAACCCCCTTGCGAAACGTCGGGGCGCCGCGTCCCGCTCCTCCGGAAGCCCCACCCAAGGCCCGCGCCCCGCCCGCGTGAAACCTTCGACGCACGGGTCCAGGTTTGATCCAGGTCGCTGGGCCAGGCCGCCGTCCGCGGATGTACCTGGAGGTCGAAAGTTGCTAATACCTTAAGGAAAGACTTCGCCACGTCGTCACCCGATCGTGGAACGCTTTCCCACTCAGCAGGGCTCATCAGTGAAATCCGTCACTCCGTGGATCGCGTCCCTTCTGGCCATCCTCGTCTGGGGGGTTTCGACGTTCGGCGAAGACTCGAACCCCAAATCCACATGGAAGCTCGGCGCCCCCATCGTCACCTACTGGGCGGGGCCGGGATCGCATACCCCATTGAACGACGTGACGGCCTCGCAACTTGCGGCCGGCGGCTGGAATCTGGGCTGGACGAAGCGCGCCGAGGACCTCGACATCTACGATCGCCACGGGCTGCGCGCGGTCCTTGAAATCGGCATGCCCGATCTCGACGACCCGGCGCAGGCCGAGGCGCTCGACGCCTTGATCGTCAAGGTCCGCGATCATCCGGCGCTCTATTCCTACTACCTGGCCGACGAGCCCGGTGCCGGCGCGTTCGCCAAGCTGGGCAAGATCATCTCCTGGATTCGTCGACGCGACCCGGCCCACATGGCCTTCATCTGCCTGCTGCCGACGTACGCGAGCGACGGCCAGCTCCAGGTCAGCGACGACGTCGCGGAGCGAGCCAGGGTCGGCTATCCGCAGGATTTCGCGGGCGTCAACACCAGCGACCTGACGGCGGTGCGGTACCGCGATCACCTGAGACAGTTCGTCGACGTCGTTCGGCCCGACCTGATCAGCTACGACCACTACCATTTCCAGCATTCCGGCGACGGCACCCAGTACTTCCTCAACCTCGCCCTGATCCGCTCGACCGCACTGGCGGCCGACGTCCCGTTCCTCAACGTCATCCAGGCCTGCGAATCCACGGGCGAAGGTCTACGCCTGCCCGATGAGCAGGAACTGCGCTGGCTCACCTACACCTCGCTCGCCTACGGAGCTCAGGGGT
NZ_CP011273.1_gap101	4776946	4781612	4666	CTGGCCGGCGTGTCGCCGCTCCTGACCGCCGTGGACAGCGGCCGCAGCGGCGTCCCCGACGCCTCGGCTTCCTCCAAGATGCCTTCGAGGGGCGTCCGCAGGTTGCGATGTACGTCGGCGTTGAGCGCCTTGAGCGGCGAGACGTAGAGGATGCGGACGCCTCGCCCCCGCTCGGGGGATCGCCAGAGGAGGTCCAGCCCGGCCAGGAACGCGGCCAGGCTCTTGCCCGAGCCGGTGGGCGCGGCGATCAGCGTGTTTCGGCCGGCGGCGATCGACCGCCACCCCAGGCGCTGGGGGAGCGTCGGCTCGCCGAGGGTCGAGCGGAACCAGTTCGCGACCGGGGGCAGGAACAGGTCGAGGACGTCGGAATCCCCCGGGGCCTCGGTCGCGCCTCGCCCACCTCGCTTCTTGCGTCCCGACGACATGATGCCTCACGATCCCCGAGCATCGCTCGACCGGCCGGCCGGGGCGGACCTCCCGCCCCCCCCCTCCATGATACGGAGGTTCACCGTCGGGTCCATGAGAGGGGTCAGGAATGCCGGAACAGCGCGATGGCGATGATCGCGATCAGGCCCACCGCCATCGCGATCAGCGTGAAATGGATCAGCCAGCGCGCGTCGCCGAACGGATCGGTGCGGGGCTCGCGCACGGAGTTCGGCCGGATCCGGGCGGGGATCGGGGGGGGCGGCGCGCGATGCCGGGGCGCCGGCGAGGGCTCGGCGTCGCCCAGGTCGCGGAGCGAGATCACGCTGGGACTCGCGTCGGCGACGAGCAGCCGCAGGTCGTCTTCCTCGAGGGTCGGAGGGGGGGGATGGAAGGCGTGGCCGGCGTCGGCGGCGGGACCGAGCAGCGAGCGGACGCGGAGGGGGTCGGTCCACCGCTCCAGGTCGACCCGGAGTTCGGCGCAGTTCTGGTAGCGTTCGGCGGGTTCCTTCGCCATCAGCTTGCGGACGACGGCGCCGAATGCGGCGGGGACCCCCTTGGCGACCCGCTCGATCGGCTCGGGGTCCTCCATCCGCTGCTTGAAGATCTTGTTGATGGCGTCGCCCCCCTCGAACGGGGGTACGCCCGCCAGGGCGAAGTAGAGCGTGCAGCCCAGGCTGTAGAGGTCGCTGCGGACGTCGGCCCGGGTGGCGTCGCTGAGCTGCTCCGGGCTGGCGTAGTCGAGCGTGCCCAGGAGCGTATTGGCGCGGGTGAGCCCGGCGTCCTCGCCCAGGGCTTTCGCCAGGCCGAGGTCGAGGATCTTCGCATCGCCTTCGGGCGTGATCATGACGTTCGAGGGCTTGATGTCGCGATGGACGATCCCCACCGCGTGGGCCGCCTCAAGCCCGCTCAGGATGCGCAGGAACAGGCGGGAGGCCGAGGCGACCCGGAGCGGGCCGTAGCGCTCGCTCTTGACCATGTCGTACAGGCTCAGGCCCGGGATGTATTCCAGGACCATGAAATGGACGTCGCCGTCGTTGCCGAACGTCAAAGTCCGCGCGACGTTGGGGTGGTCGCATCGCATCGAGAGTTCCATCTCGCGCTTGAACCGCGCCAGGCTGTTGGTCTCCTCCTGGGCGCGTCGAGGCGGGAGGACCTTGATCGCGACCTTCCGGCCGTCTTCCTCGTGGGAGGCGAGATAGACCTTCCCCATGCCCCCTTCGCCGAGCGGGCGGAGGATGCGATACCCCCCCAGGATGAAGCCGCGGACGGCCCCCGCCAGCAGTTTTCGGGCCTGGTACTGGGTCAACAGGCCCTGCTGGACGAGCCGGCGGGCGAGCCCCTCCACGTCGTCGCGGCCGCCCCGCGCGCGATGGGGCGCGAGGTCGGCCCGAGAGACGAGGCCCGACCGCTCCGCGCACTCCAGGAACTCGTCCCGACCGATCATCGCCCGACCTTCATCGCCTGGGATCGCGGTGGCCCGCCGGAATCCTCCCGCGGCCCCTCGCGCCGAGGGGCGGGGCGGGCTAGGACTGGGCCACGACGTGGACGATCAGGCATGTGACGTTGTCCTTGGAGTCGTTCGCCAGCGCCAGATTCTTGAGCAGCACGGCCGCCTCCTGGGGGTCCTCGACGGCCCCCAGGACCCGACCGATCTCCTCGTCGCCGACGACGCCGGTGAGGCCGTCGCTGGCCATCAGGAAGCGGTCCCCCGGCCGGACGTCCAGGACCCGGAAATCCTCCGGGCCGCTGCGGGCGTCCTTGCTCCCCAGGTAGAGGTAGAGGACGTTCTTGAATTTGTGGTTGCGAAGCTCGTCGGCCGTGATCGTCCCGGCGTCGAGCAGGGCGTCGGCCAGGGAGTGGTCCTTGGTCAACCGCTCCAGGACCCCCTCGCGAAGGCGATAGGCCCGCGAGTCGCCGATGCCGGCGACGTACACCTTGTCGGGGCGGAACTGGGCGAGGACCACGGTGGTCCCCATGTTCGAGAACTCGGTCATCGCGCCGGAGCTGCCGAGGATCTCCTGATTGACCGTCGCCACCGCCTCGCGGATCGCCTCCTGGACGTGTCGGGGCTCGGCCTGGTCGACGGGGAGCCGCTTGGCGACCTCCCTGGGGATCAGCTCGACGGCCATCAGGCTGGCCTGCTCCCCCCCCTGCTGCCCCCCCATGCCGTCGGCGACGATGAACAGGTTCGAGGGCTCCAGGGTCATCGCCGCGTGCTCGGCGCTGTCGTGGAGCACGTCGTGCCGGACCGGGCGGCGACCGGGGACGAAATAATTGTCCTCGTTGTGCTCGCGGTAGTTCCCGCGCACCGAGACGACCCCCACCCGCAGGCGGAGCCGGCCGGGGTCGAGCGTGAGCGAGGAGAGTGTGGCGAACTCGTCGGTCGCCTCCGGGTCGTGGCCGGCCCGTCCGCCGAACGTCTGCTGCCACCATCGTTTCAGGCTGGATAACACGGCCACGAGAACCGCCTTCGTCTAGTTTTCGACCGCCACTCCGCCACTCCGCCGGCGGCGCGGTGCCCTGGTCCGTCGCCCCGGACCGGACCGCGTCTGCGATAAGGTCACGTCCGGCCGACCGTCGGGGTCAGGTTCGCGCGTGGGTCGGACTCGCCCAACGCATGAGGTCGTCGACGCCGACCGACCTGTAAGTCAGGAACAATTCGCCCGCCTCATATCCGGCCGTCAGCCCGTGATACCGATTCATCGTCTCGACGGCTTTGTAGATCCCTACTTTCTTGGCGGGGAACTGTGTCTGGTAACAACGGACGGCGTCCAGTTTCTGTTCGAGGGTGCTCCCCATATCGGCGATGATGAAGCCCGACGCTTCGGGCAAGTCTAACCCATGCAGCGCCAACGGAAAACTCAATTGGTTTAGAATTGTATGGGGTGGAAGGCCGTCGAAATACTCGTCCCATTTCGTCAGCCGGCTGTAGAACACCGCCGCGTCGGTGATCAGCATCGCCTGGTAATGATCGGGAGAGGCCATCACCGTCTTGCCGCCGAACCCGAGCACGACCTTGGGGCGATGCCGCCGGAAGACCTTGGCCAGGGCCACCCTCGCCTCGAAGCAGTCGAACAGGCGGCGGTTCGGCAGGTTCAGGTTGATCCGAGTTTGGACGCCCAGGATCTCGGCGGCCTTCCGCGCCTCCTCCAGGCGGACGTCGGGACCCGGCGAGCCCGGGGTGGGCTCGCCGTCGGTCAGGTCGACGATCCCCACCGCGTAGCCCTTATGGGCGAGCTTGGCGAGGGTGCCGCCGCAGGCGATCTCGATGTCGTCGGGATGCGCGCCGACGGCGATCAGGTCCAGTTCCACGTCGGCGGGGCCGGGTATGCCTTGATCCATTTTTCGAATCGAACCTCGTGAATCCGCCGTCGCGGCGTCGCGCAGGGGATCTACCAACGGCCGAATCGGCCGACCCCGGCCTGAACGCCGGACGTCTCGCCCGTCGGGCCATCCTCCGCCGCCGGGACCGCCTCCAGAATGACGTCTCTATTGTAGGGCGCGGCCGGCTCAGGGGCCAGACGTGAAGCCGGTTCGGGCGTGACGACGTCGGCTGCGGGGGCGTCACAGGGCCTCGCGAAAGATCATGCTCGCGAACGAGACGCACGCTCGGCCGCGCTCGTCGACGGCCTGGTCGTATCGGAGGACCTCGCCTTTCGACGGGCCGATGGCGTGCAGCATCGTATAGGTCGCGGCCAGCCCGCAGACCCGCCAGCGGTCCCCCACGTCAGCGACCGCGCGAAACCAGCCCTCGGGATCGACCGCTTCGGCCCGGTCGAGCAGCGCGCGGTCGAACGCGCGGATGCGGCCCCGAGATTCCTCGTCGACCGGATCCGGGTCGCCGAACTCCGGCCCCACGTGGCAGAGGTCCACGCCGCCGATGTACGCGACCTTCCGTCCGCTCGCCGCTTCCGCCCCGCGCAATGCGTTGATGAACCGCGCGATCTCCGGGTCGGCGATCGGGTCTACCCGACGCTTCAGCAGGTCGTGGAACGAGCCGACCAGGATCGGCACGATGGTGAACGGACGGTCGCCGAGGACGTGCCGGAGGAAGACCGCCTGAAACTCGATCGAATGCTCGGTCCGATGCGTCAGCTCGTCGTTGAAGAGCTGATCGCCGCACTCCCGCACGAGGAGGTCGACGAACGCCTGGTCGGTGCGCGCAGGGCCGAGCGGGGTCGCGAAGTCCTTCCGAGTCAGGACGAACCGGCTCCGACAGGCCTGGTGGGCCACGCCCAGG
NZ_CP011273.1_gap102	4793499	4798308	4809	GCGGGCGTCGAACGGACGCAGCCCGGCGGCGGGCTCGCCGCTCCAGCGGGACATGGTGTCGTAGAGGGCCATCCGGGTGAGGCTGAGGGGGTGGATCTTCGAATCCCCGCCGCCGGTGATCATCACGTCGGCCTTGCCGCGGGCGATGATCCGCGCGGCCTCGGCGATCGCCAGGTTCGACGACGCATCGGCCTCGGTGATCGTGTTGCTCGGCCCCTGGCAGTCCATCAGGATGGAGATGTGGCAGGCCAGCATGTTGGGCAGGTACTTGAGCAGCCAGATCGGCTCGATCACGCCGATCCCTTCGCGGCCCCAGACCGGGAACTCGAACTGGCCGGTCGCCGAGGAGGCCAGCGAGATCGCCGGAGCCAGCTCGTCCAGCTCGGTCGAGATCAGGCCGGCTCCCAGGTCGATCCCGATCCGGGTCGGCTCGACGCCGCCGTCGACCAGGCCGGCGTCGTCCATCGCCCGTTGGGCGGCGGCCACGGCGAGCTGGATGTCCCGGGCCATGTACTTGCGGCTCTTGCGCAGGGAGGTGCGATACTTCGGCAGGGCGTAGCCCTTGAGGAAGTCGAAATCGCGGATTTCGGCGACGATGTCGTTGGGCAGCCCCTCGACGGGGAACGCTTCGACGCGTCGCAGCCCCCCCTCGCCGGTCGCGAGCCGCTCCCAGATGCGATCCGGAGCGTCACCCAGAGGTGTGACGAACCCTAACCCGGTTATGACCACGCGGCGTTCGGAACCAAGCATGTATGACCCGTCGAACTCCCCGGTGATGGCCTGCGGCTCGACCCCTCGGCCGTCCCGCCTTTCGCGGTGAGCCGTCGGGAGGCTCCAGGAACCGCCCGGACTGGATTCGTCCCGCGAGAGGACCCTGAACTTGGAATGCGTACAGTCTACCGAATGCCCGCGGACTTGGCGACCGCCTCAAGGGGCGGGCGGCGTCGCCGAGGGCTCGCCGTTGACCTCGTGCTCGACGGCCTTGCCGTCGAGTTCCTTGGCCCGTTGCTGCGCCTTGGCGAGGTCGAGCACGCCCAAGAGCTGTTGCGTGAACACGAAATTCTTGGGGCCGAAGATCTGGTTGGCCCGGGTGTTGTCCAGGTGGGCGAAGACGATCTCGGCGTCCGCGAGCAGGTCCGTCCCCAGGAACGCCTTGGCGTCGACCACCGCGCCCTCCGAACGGAGATCGGTCAGCGTCACCTCATAGATGAGCTGATCTCCGGCGCAGGCCACGCCGAAGAACTCGGCCCGGGGGATCTTGGCGAGCACCACCTTCTCGGTGAAGCCGCCGGCCTCCCCCACGAGGATCCCGCCGGTCTGGGCCAGGCCCTCGATGATGAGCGACGCCGGCATGACCGGATAGCCCGGGAAGTGGTCGTGCAGGTGCTCTTCGGCGAGGGTCAGGTTCTTGATCGCTCGCGCGAACTGACCGCTCCGGAACTCCACGAACTTGTCGATCCAGATCCATCGCATGGTCGAAGACGCCGCCAGGCCAGGGGAAAGATTGGGAATTCGGTCCGGCCGCCCCGCGATCGCCCGAGGAGGTCGACGACGCCCGCCCGCGCGGGTGGGGGGGGACCACCCGCCGCGGCGTCGCGCGGACCGTCCGTCCTCCGAGACGGCCCCGCGGCCCGGCTCAGGAGCCGAGCTTGCTCTGGACGTACTGCACCAGCATGTCGACCGTGTACAGGTCGCCCAGCTTCTCGACGTCGGGGTCGGCCTCCAGCTTCGAAAGGTCGGCGAACGGCAGGCGGGCCTTCAGCTCCGCGACGCCCTTCGACGTCAGCCGGCCGTCGGCGATCCATTCGGGATCGGCCAGGTTCTCCGGGAACAGCTCGCCCCGGGGGATCTTGATGCCGAAGTTCCGCTCGAGGCGGAAGACGATGTCCAGGAAGTCGATCGACTCGGCACCCAGATCGCCCTGCAGCGTGGACTCGCGGGAGACTTCCTCCTCGTCCACCCCCAGCGCGTCGACCAGGGTGGACTGGACCTTCTCGAAGATTTCTTCGTATGCGGGCATGTCATCCTCAGGAATAAGGGGGAACACGGGCTCGCACTCGATCCACGGCGAATCGGGGACGCGGTCGGGCCTTCGATCAAGTCGGCTCACTTAATCGTCGGCGAGATCGAGCGGCGAACTTCAGGGGGGGTGGGTCGCAAGGTGGAAGCCCGATTCGCTTGGGGGGGCCTTCCCGGATCCTTCGGCCGGAATCCGAGAGTCGCGTCCGATTGTCCAGAAAATCGGGATTCCTTGCAACCTCATCACGCTCAACCAAGGATACGATCAAACTGGGCAAGGCTGGGGAAATATTCCGGGCTTCCCCGCGAAGACTTTATCGACCTTGCCGGATGGGCGGGTCGCGCCTGAGGAAACGGCCGCCGCCCTCCCCTTCCGGGCCGGTTCAGACCAGCTTCGCCGCCGCCGGCTCGGGCGTCCGGGCGATGGCGCGAGCGCCCACCGAGCCCTTCCGCAGAGTGGCGTAGAGGTCCCGAAGCCCGGCGACGATCTGGGCGTCGGTGTTGTGCAGGAGCGGATTCTTCTCCCGCAGGTTGTACCGGGTGAGGATGATCCGGCCCTTCACCATCTCCTGCCCGTCGATGACCCCGACCCCCTTGAACGTGGCGTTCTGGCCGACGTCGGAGACCAGGTCCACCTTGAGTTCGAGCTGGCGGCCCGGCTCGACGAAGCTGCCGTACTTGATGGTCTTGGCCTGCTTCAGCACGATGATGCTGTGGGCGAAGTCTTCCATGTCCCGGATCAGCCACGCTCCGGCCTGCGTCAGGGCCTCCAGCATCAGCACCCCGGGCATGACCGGAAATCCCGGGAAGTGGTCGGCGAGGTATTCCTCGGCGAGCGAAAGATTCTTGATGGCGTGCAGCGAACGCCCGGGCTGGACGTCGAGGATGCGATCGATCAGGACGAAACGCATGGATGCTCCCGAATTCAAGAAGGCGGAGACTCAAGGGGGCTCGACTCTCGAGCCGTCCGGGACCGGGGCGTCGGGGAAGTCCGCGAGCGACGATCCCTCATCTTATCGCCGGGAGGGAGGCCGATTCAAGGACCGGTCCGTAGGCCCTTGGCGCGACCGCTGGACGTAACTCGTTCGAGAGAAACATACAACTTTCGAAGGCTCGGTCAAATGCGCGGGGTCGTCCGCCGCGACGGACGCGCCGTGGGAGCGGCCTGACCGGATTGGGGCGGGGCCTTTCAACTAGGAAGTCGGCTCCGGCGACCTTATACTTGAATCGCGTCGTCGTCGCGCCGGGCGAACGACGCCCTCTCCACAGTTGCGGAGGCGGATCGCGGCCCCGACCCGGCGGAGGGTTTGGGAACATGCTGTCGAGCCTGGTGGGCCTCCCCCACGTCCTGTCGGCCGCGCTCGCGACGGTCGCATTCGGCGCTCCGATCGATTGGTCGCGCGACGGCCGGTGGATCGCCCACCTCGCCGTCGACTCCGCCGAGGCCCCCGCCCTCCCCCACGGCTGGATCCTTGCGCCGGCGATCCCGTCGCCGACCCCCGCCGCCGCGCGGCGGGTCTATCGGCTCTGGGCGACCCGAGCCGGCAGCTCGGACTCGGTCCTGCTCGCGGAATCTTCCGATCCGCTTTCCTCGCCGACCTGGGGGCCCGACGGCCGTTCCCTGGTGTTCGGTCGTTTCGTTGCGACCCAGCCCGACGGGCCGTCCAGCGTCCGCGGCCGTTACGAGGTCGTCGTCCAGTCGGGGCTGGACCAGAAACGAGTGATCGTCGTCCAGCCCGACCTGGAACTCGACGCCGAGTCTCGCGCCGCGATCGTTCTCCTGAGGCCGACCTTGAGCGCCGACGGTCGACGGCTGGCGATTCCGAGACCAGGCCCGGCCGGCGGCGTCTGGCTGCTGCGGCTCGACGAGGACCGGGTGTCTCGGACGATCGACGCCGCCCGCTTTCCGGCCTGGTCGCCCGACGGCCTCCGCCTCGTCTACCTCAAACTGGCGCCAGGGCCGGACGGCCCAGGAGTTTCCGTCCACCTGCTGAATCCGGCGGGTGGGGGCGACCGTCTCCTGAGCAACGACGCCGCGCTGACCGCCTCGCCCCCCGTCTGGGGCCTCGACAGCCAGACGATCCTGATGATCGCCAGCCCGACGCGCGGGCCGTTCCGGCACACCCAGGTCGACCTCGTGAGGATCAATGTGGAGGCCGGCTTCAGCGCCCGGATCTCCACCCTCGAGGCCGCCGCGCCGGTTAACGTGCCGCAGCGGTTCCGCGGCCCCGCCACGGCGGTCGGCGAACGGCTCCCTACGATCCACGTCGAACTCGCGCTCGACGGCGAGCAGGAGCAGGGAGTGTGCCTGGTCGACGCCGACGGCCAGGACCAGGTCATGAAGTGGTACACCGTGCAGACGCAGAACACGTTCAAGCGGTTCCACCCCCTCGACGCCGGCCTCCGCATCCGCGCCCCCGCCCTGTCCCCGGACGGCCGGACCCTGGCGTTCCGCGTGCTGGACGGCGGGCCCTCGGGACTCGCGGCCTTCTGCGACCTGAACACCGAGGAAATCGTCCTGATCGCCCCGGACGCCGCGACCCGGGACCGCTGGCTCGATCGACTCGCCGCCTGCGCCGTGGACCTCATCCAGACCTGGCTCCCCATGACGGCCGGGGACGGCCCCGGAAACCGGGCGACCATCCTTCCCATCCTCAGCGAGCTGGGCGGGATCCATCCCCGGCAGTACCGGCTGCAACGGCTCGCGAAGTTCGCCCGGAGCCTGCTGGAAGAACTTCCCCCAGCCGATCGCGCGGACCCCTCGCCGGAATCGTTCGAGGAGTTCCGGCT
NZ_CP011273.1_gap103	4903556	4904855	1299	GCCGATAGCGAAGCTCGTCCCATCCTTCGTCGGACGCGGCCCGATAGATCCCCGGCGTCGACTCCTCCCATCCCCCCAGGGACGTCCAGCGTCGCCACCGAGGGTCGGAGGCCAGACGGCGCGGCCGATAGGTGTCGTCGTGGACGGGGATGTTGACCTGGAGCGACTCCTCGGGAGGCCGGCGCAGGATTTCGAAAGCCTCGCCGTCGTCGATGTCGCTCCGCCACAGATTCCCCTGCTTGATCCGCAGGACTTCCCCGGGCATGCCGACGAGCCGTTTGATGTAGCGGACGGTCGGGTCTTCCGGGAGCTTGAAAACCGTCACGTCCCATCGCTTCGGCTCCACGCGGCCAAGGCCCGGAACGAGCGGGATCGCGACGTCGGATTTCACCGTGTAAATGCGGTCGCCGGCGAAGCTGGGCCGGTCATCGATCCGCGCCGAGAACCGACAGTTTTCACAGACGCCCCAGGTCACCCGGAGTCCGGTCCGTCCCCCCGCACCGACGGCCTCGACCTCGCAGTCGGCGTTGACGCGATAGGTCCAGCCGCACTCGGGGCACTCGACCTCCTTGTGGCGGCCCAGCAGGGTCGGGGCCATTGAGCCGGTGGGGATCACGAAGCCTTCCGCTTCGAGGCTCCAGACGAGGAAGCCGACGACGACCACGACGAGCGACTCGATCGACTCCCGCCGGTTCCGTCGGGTCTCCCGACGGGCCGCTTCCTCGTCGTCGCCCTCGGCCGGGCCCTGTGATGGCGACGCACGCCAGGACGTCGCGGTGGTGGATCGCGCCATGGAAGTCCTTCGCCGAAATCTCGTCAAGATTAGGGAGCCGTCTCGATGAAGATACCAGGCGACGCCGACGATCGGTATGCGGGATGGGCGCGTGGGAGCACCTCCCGCCCGCGGGCCGTCAACCCATCGGCCCTGGGCCGCGGCTCACGCCCGGAGATCTCCCCTCTAGTCGAGACATCGGATCGGGCGATCGGCAGCAGAAGAAACCGAAAGCGATTGGATAGAATGGATGACGCCGGGGGAGACGCGATCGCGACTCTCCGGGACGACGCCGACGCCGTTCGGCGCGTGCGAGCGAGTGATTCCCACGAGGACGGATTATGCGACATTGGCTCTATGCGGCGATCGGCTGGACCCTGCTCATCTTCGTCCTCTGCTGGATGCCGCGCACGATCGTCGACCAGGCGGGCGGGGAAGGCGGCTTCATGATCCCGAATCTGGACAAGGTCGCCCACTCCGGCCTGTTCGCCGGCTTCGCCTTCCTCTGGCTGAAGGCCGCCCCGGTC
NZ_CP011273.1_gap104	4993304	4994463	1159	TCGCCGGCGTCGCCGAGGCCGGGGTAGATGAAACCGATTTCCGTGAGCCGTTCGTCGACCGCCCCGACGTGGATCGGGACCTCGGGCATGGCCTCGGTCATCCGGGCGATCCCCTCGGGCGCGGCGATGAGCGAGATCAGCTTGAGCCGGGGCACGCCCGCCGCCCTGAGGATCTCGCAGGCCCGGACCGCCGAGCCGCCGGTGGCGAGCATCGGGTCGACGACGAATCCGACCGTCAGCCGGGGCCGCTTGGGAAACTTGTTGTAATACTCGGTCGGGCGCAGGGTCGCCTCGTCGCGGAAGAGCCCGATGTGCCAGACCTCCGCCTCGGGGAGCAAGTCCAGCATCCCCTCGGCCATCCCCAGCCCGGCCCTGAGCACCGGGAAGATCCCGACGACGTCGGCGAGGACGAACGCCCGCGCCGTGGCGAGCGGGGTCGTGACCTCGACCTCGCGAAGCGGCAGGTCGGCGGTCGCCTCCTGGGCGAGCAAATGCGACAGCGACCGCACGAGGACCCGGAACTCGGCCGGCCTGGTGCGGGCGTCGCGCAGGGCCGCGAGCTTCTGATGCACGATCGGATGAGACGACGGATAGACTGACGGCACGCGTGGCCCTCCTCTTCCCGAGGATCGATGCCCCGCAGGGCGGTATTCCCGACGAATCGGGCGCGGGACGGGCCGCGCGACGTCCTTCGACGAGGAAACCCCCGGCGCGGCCGGACGGCTGCGAAGCTCACGAGGGGAGTCGCGATCCTCAACATTCTGTCCTATTCGGCGCGCCGAGGCCAGGGTCATGAGCCCCCTCGCCGATCGAAGCACGGCCGCGATGCTGGAGTCCGGCCGAGTCCCCGATTAGAATCCTCCCCACGACCGACGTTCCCCCTTCGCCGGCCTGACCCCTTGCGCTACTCGGAGCCTCGCCTGATGAATCGACGAGACGTGATCCGCGGCATCGCCCTGGCCGGGGCCGCCCTCGGCGCGGGCGAGGCCGCCGCCGCCGACCAGCCGGCCGACCGAGGGACCTCGATCGAACGCGACGGCCTACGGTTCTGGCTGGAGACCTCGCTCCGGCGCGTCTATCCGACCTCGCCGGCCGGCACCGCGGGCTCGCTCGACATGCTCGCGGCCCGAGGCGAGAAGCTGTCGTTCCAGGCCTGTTT
NZ_CP011273.1_gap105	5018263	5020702	2439	TCGTGACCTTGGAGCCGTCGGAGATCAGCAGCACGAGGTTCGGGCCGTCGGCCACGATCGGCATACCACTGAGGATCCGACCGTCCTCGATCGCGACGGTGATCGGCTTGTACTGGTCCGAGATCACCTTCGAGGGGGAGACGATCGATTCCAGGATGTCGGCCGGCTGGAATCGGCTGTTGACGGTGGAGAGGTCGGGGCCGAGGCCCTGGCCTTTCTCGCCGAACTTGTGGCAGTCGAGGCAGCGGACCTTGGTCAGGACGATCGTCCCGCGCTCGGGGGAGGCGTTCTTCATGACCTCGGCCTGGAGGACGTTGCGCACGAGGTCGGGGAGGTCGCGAGCGTTGGCCGCGGCGACGGTGTCGTCGACCGTGGCGGGGCCGCCCGGATGTTTGGCCTTGTACGCCTGATCCCAGAAGGCGATCGCGGCTTCGAATGAGTCGGCGTCGGCCTTATCGGGAGTTCCCAGCCAGCGATTCGCGAGCTGTTGGATCGGCGGTTGGAGCGGGGGGGCGGCGCGACGGGCAAGGCGGATCAAGGCGGCGGGGGCCTCGGGGCCTTCGGGAGCCTCGTCGATGCGCTGCAAGGCGCGGAGCAGGAGGCGCAGGGTGTTCTCGTCCCTGGCGTCGAGGGCGGCGGCGAAGATCGGCAGGTCGACCTTCGACGGCCTCTCGGCCAGGGCGCGTACCAGTCGGTCGCGACTGCCGGGGTCGGCCTTGAGCAGCGATCGGAGCGCGACGCGGGCCTCCTCGCCGGGAGTTCGCCCCAACTTCTCCAGGATCGTCGACTTGAGGTCGTCGGCCTGCGGGCTGGTCTCCCCGGCCGTGAGCATCAGCCGCATGTAGAGTTTGGCGAGGCCGTCGACGAGGACCGGATCCTTCTCCGGGTCGAGTTCGCGGACGAGGACGCGGGTGGGGAACGGGTGCTTCTCGCCCTGGGCGAGCCATTCCGCCCGCTCCTCGGCAGTGAGGACCGGGAGCCACTCTCGGGCCATCATGTCGAGGAAGCCTAGGTAGCTGTAGCCGCCGTCCCAGGCGCTGGCGCGATCGAACCAGGCCCAGTACCGCTGCTTGCCTTCGGCGTCCCAGCCCTGCTTGATCGCCCGGAGGCAGTAGGCGTCGTGGATTTGCGACACCGAGTCGGCCACGGCGTCCTGGTGGTCCAGGAGCGCGGGGACGGCTTTCGGCTCGTCGAGGAAGGCCAGGAGCTTGGCGACCTCGCGGTTGACCGGCGTGTCGACCTTATCGGAGAGCATCGCCAGGAGTCGGGGACGGAATTCGACCGACGCCGGCGCCTCGGCCTTGTGGGGGCCGAGGAGGTAGGTGAGCTGGATGAGCCGGAGCAGGTCGAGCTGCAAGGCCGGGTCCAGGGTCTCGCGAAGGAGCACCAGTTCGCGGTCGAGCAGGTCGGCCTGGATCGCTTCATCGAGGCGGCTGGCGCGGACGAGCGCGAGCATCCCCTCGATCCTGGCGCGGGGGCCGTCGACCGCCGTGATCGCATCGCGGAATCGCTCGGGGCCGGCGTGCTCGATGGCGGTCCTCGCGGCGAAGCGGATGAAGCGGTCGGGGTCGGCGAGCAGCGGCAGGAGCGCGAGCGCGGGGATCGTCTCGGCCGGCTGCTGCATCAGGGATTCGCAGGCGTGGCGACGGACGAACGGGTCCTTGTCGCCGAGGGCGGCGGTGAGGGCGGCGCGCGAGGCGTCGGTGGGGTGGTAGCCCAGGAGCGAGACGGCCCTGGATCGAACCTCGGCGTCGGCGTCGGCGGCCAGGGCGAGCAAGAGGGCCTCGGTCGGCTGCGGGCCGTGCTGCGAAAGGACTTCGAGCGCCCGCGCGCGATGCCGGGCGGGGGTCCTGCCGGACGCGTCGCGAGCGATCGCTTCAAGGCGAGGTCCCCAGGCCGCGGCGTTCGCCGCCATCAAGTCGGCGATCTTCTTGCGGGAGAAGCTGGAGAGAGGGGAGTCGATTTCCAGGGCGGCGGTCGCGAAGTCGTCCGGAGCTTTCGTCGGAGGGGGAGTGCGGGTGGACTTGAGCCGGAAGAGGCCTCCCTGGGTGCCGCGTCCGCCGGTCGAGAAGTAGAGGCAGCCGTCGGGGCCGGCCTCGATGTCGGTGCAATTGAGGGGCTGGCCGCTGACCATCTCCTTCGCCTTGCCGCGATAGGAGGCCCCTTCGCGTTCCAGGGCCACGGCGAGAATCCGCCCCTGCGACCAGTCGCAGATGAAGAACTGGTCGCGGTATTCGTCCGGGAACTGGCCGGCCTGATAGAAGGTTACGCCGGTCGGGCTGCCTCGGCCGAGATCCAGGGTCGCCGGGAGGCTGTCGAAGTAATACTCCGGCCAGTCGGCCGATCCGTTTCGCCAGCCCAGCTCGGCCCCGACGGGACTGTGGTTGACGCGGACGGGGCGATACCAGGGGACGCCGACGTCCCACTCCATGTCGCTGT
NZ_CP011273.1_gap106	5159333	5163572	4239	CGTACAGGGGCGAGGCCCCCTTCCCCGACCCATCCTTCAACCAGTCCAGGCCGCGCATCGCCGCCCTCCCGCCCGCATTCCGATCGTTCGTCCCACGTGCATCGTGACACATTCCTCACCCACTGACGAGCCGGATCGCTCCTCCCCTTGACCGCCGTATGGTCCGCCGTAGAATGAATTGAAACACCCGTTTGAATCATTCGATTGAATCTTTTGTTTGAGGCTTGGCGAGTCTCATGGAGAATCAGGAGACGACGAAGGACCGATTGATCGAGGCGGCGGGTCGGGAATTTGCGGAGAAGGGATTCGACCAGGCCCGGATTCGCACGATCTGCGAGCGCGCCGGGGCGAATCTGGCGGCGGTGAACTACCACTTCGGCGACAAGGAGCGGCTCTACCGCGAGGTGTTGCTGGAAGCGTACCGGCGTCGTAGCTCGGTCGTGCTGCCGTCACTCGGGGACGCGACGGCCGCGGAGAAGCTTCGCGCGTTCATCCGCTTTTTCTTCAACCAGGTCGTCGCGCTCAAGGAGGAGGATTCCTGGCAGACGCGGATGATGGCCCGCGAGGTTTCCGATCCGACGTCGGCCCTGGACGAGGTGATCCGAGATTGGGTCCGTCCCCGGTTCGAGATGCTCAAGTCGATCATGCGGGAGATCCGCCCCGAGGCCGACGACCGCCGTTTGAACGCCCTGTGCTTCAGCGTCGTCGGCCAGTGCCTCATGTACCGGCTGGCCCGCACGGTGACGGGCCGGCTGATCGGCCCGGAGGGCGACGGCCTCCTGGACGACGACTATCTCGCCGATCACGTCGCCACGTTCACGCTCGCGGCCCTGGGCCTGGGCCCCCCGTTCGGGCGGGACGCGGGCGAAACTCCTGACGTCTGAGGAGCGGGCCATGTCCTGGATCGCGATCAAGATGCTGATGGGCGACCGGGCCAAGTTCCTGGGGATCGTCATCGGCCTGACGTTCGCCGCGGCCCTCATCACGCAGCAGGGCTCGATCTTCTGCGGGCTCATGCTCCGCACCTGCTCCCAGATCTCGGACGTCACCGGCGCGGACCTGTGGGTGATGGACCCGGGCGTCCGGTTCGCCGACGACGTCAAGCCGATGCTGGAGAGCCACCTCGACCGGGTGCGCGGGGTGGACGGCGTGAAATGGGCGGTGCCGCTCTACAAGGGGAACGCCCGGGCGAGGCTGACCTTCGACCCGGCGACGCTGCGGGCGAAGACGGAACCTCCCGACGCCCGCCGGCGCGAGCGACGGGCCCCGCCGACGCCGCCGGCGAACGTCTTCACCAGGGCCCTGGACCTGTTCGCGCCGGGCTCCGGCGACTTCTCGACGCCCCCGCCGCGATGGTACGACCCCGGCCAGGTCAACGTGGTGGAATCGGTGGTCCTGATCGGGGTCGACGACGCGTCGATGGTGGGCGCCCCGCCGGGGGGCGCGATGGTCGGCCCCGGCCCCAGGGGACGCATGTGGGTCGGCGATTTGGAAGACCTGCGGCGACCGGAGTCGATCGTGATCGACCGTGTGGGGCTCCGCAAGCTCTTCCCCGGCTGCCACCTGGAGGAACCGCTGGCCGACCCTCCCGAGTCCGATGCGGAATACGTCGCCAGGCTGCGGGCCTTCGTCCGGTCGGCCCCGGAACTCGAAATGAACGACCGGCGAGCGGTGGTCGTGGGGGTCTGCGAGGCGACCCGGACGTTCCAGTCCAGCCCGGTGGTCTACACGCTCTACAGCCGGGCCAAGCGGTTCATGCCGATGGAGCGGAAGATGCTCACGTTCATCCTGGCCAGGACGGCCGACGACCCGTCCGGGGCCAAGCTCGCCCCCGCGATCGTCGCCGACCGGATCCGCCGCGCGACCGGGCTGGGGGCCTGGACCAGCGAGAGCTTCATGTACCGCACGATCAAGTATTACTTGATCTACACGGGCATCCCGATCAACTTCGGGATCACGGTCTTCCTGGGCTTCCTCGTGGGGACGGCGATCGCCGGCCAGACCTTCTACAACTTCACGATCGAGAACATCAAGCAGTTCGGCTCGCTCAAGGCGATGGGGGCGTCGAACGGCCGGATCGTCGCCATGATCCTGCTCCAGGCGGCCATCGTCGGGGCGATCGGTTATGGGATCGGCGTGGGGCTCTCCACGCTCTTCGGGTTCAAGACGCTGGATCGCTGGGGCAACCCCACCGAACTGGCGTACTTCACCCCCTGGCAGCTCTTGCCGATCACGGCGGCGGCGATCCTCTTCATCTGCATGCTCGCGAGCCTGCTGAGCGTCCAGCGGGTCGTCTGCCTGGAGCCGGCCGTCGTCTTCCGGAGCTGATCCCATGACCGCCGAGACTTCCCGAACGATCGACGTCGACGCGACGCCCGGAAGCCCGAGCCTGGCCGTGCGGGTACGCGGCCTGTCCAAGCACTTCGGCCGAGGCGACCAGCGGGTCGCGGCGCTCGACGGGGTGGACCTGGACGTCCTCGCCGGGCAGATGTCGCTGATCGTCGGGCCGTCGGGCTGCGGCAAGACCACGCTCCTCTCCGTGATCGCCGGCATCCTCGACGCCGACGCGGGCGAGGTGACCGTCTTCGGTGAAGACGTCGCCCGGATGGGCGACCGGGCCAAGACCCGGTTCCGCGCCCGTCGGATCGGCTTCATCTTCCAGCAATACAACCTCCTCCCCGCCCTGACGGCCGCCGAGAACGCGTCGATCCCCCTGGTCATCGCCGGCTGGCGAAAGCGCCCGGCCGTCGCCAGGGCGGCCGAGGTCCTCGACTCGATCGGCATGGGCAAAAAAGTGGGGAGTCTCCCCTCTCAGCTCTCCGGAGGCCAGATGCAGCGGGTCGCGATCGCCAGGGCCCTGGTCCACGACCCCCAGCTTCTGGTCTGCGACGAGCCGACCGCCGCGCTCGACCACGAGACCGGGCTCACCGTCATGGAGCTGCTGCGCGCGTCGGCCGTCCGCAGCGACCGCGCCGTGGTCGTCGTCACGCACGACAACCGCGTCTTCCACTTCGGCGACCGGATCGCCCACATGGACGACGGCCGCGTCGTCCGAGTCGAGGACCGCGCCCCGGACAGGTCCGCCGCCTGACGGCCCATCTCCTTGTGGACCCCAATCATGTTCCTGCGCATCCTGCTGCCGATCGTCGCCCTGCTGGGAATCATCCTCGCCGTCCGCGGCGTCGTGCCGTACGACCTCGGCATGGAGGCGGGCCGGCCGGTGCTGAGACGCAAGGCCCCCCGGCCTCGGAGCCGGTCGCTCCGCCGCCGGAACGGCCGTCGCGGTTCCGGGAGAGCCTGCACGGGATGGGCCTGGTGGAAGCCCAGCGCGAGAACATCCCGATCGGGACGCCGGTCCCGGGCGTCGTCCTGGAAGTCTTCGTCGACGGCCGCCCGGGGTACGATCCGCCCCATAAGCGGGTCGGCGACCGGGTCGAGAAGGGCGAGCCCCTGTTCCGCATCGACGGCCGCGAGCTGGAGGCCGAGCTGACGACTCGCGAGGCCGCGCTGGCCGCCGCCGAGGCCCAGCTCCACCGGCTGGAACGGATGCCGCGCGCCGAGGACCTCCCCCCGGCCATGGCCGCCGTCGAGGAGGCCGAGGCCCGATTGCTCGACGCCGAGGCGGCCTTTGCGCGAAGCTCCCAGCTCCAGCAGCGGAGCATGATCGCCGCCAGCGACTACGACCACGACCGCTACGCCAGGCTCGCCGCCAAGGGCGCCGTCGACCGCGCCAGGGCCGACCTGGAGAAGCTCCAGGCGGGGGCCTGGAAAGAGGACGTCGCGGTCCAGCGCGCGGCGGTCCTCCAGGCCCGAAGCCAGGTCGACGGCGCGCGGATCCTGCTCGACCGGCTGGTCGTCCGCGCGCCGGTCGACGGCGTCGTCCTCCAGGTCAACGTCCGGCCGGGGCAGATCGCGACCCAGGCGTGGAAGGAGCCCATGCTGGTGATCGGCGAGACCGACCGGCTCCACGTCCGGGTCGACATCGACGAGAACGACCTCCCGCGGTTTCGCGAGGGGGTCCCCGGCGTCGCCACCCTCAAGGGCCGGACGACGCCCGAATTCCCCCTGACGTTCTTCCGCATCGAGCCCTACGTCATCCCCAAGCGCAGCCTCACCGGGGACAACGCCGAACGAGTGGACACCCGGGTCCTCCAGGTGCTCTACGCGCTCCCCGACGTCCCTCCGGCCCGGGTCTACGTCGGCCAGCAGATGGACGTCTTCCTCGACCTCGGGGAAGGC
NZ_CP011273.1_gap107	5169256	5173252	3996	TGTCGAAGAGGCCCCAGGGGCTGGCCTTCTTCTTGCCGACCTGCATGGGCTTCTCGGCGTTCTCCACGTACCAGGCGTACTCCTCGAGCTGCTCCGGGTCGTCGCCGAAGAAGTAGGGGGTCTTGGAGCCGGCGCGGCAGGCGTACTCCCACTCGGCCTCGGTCGGCAGGCGATAGAGCACGCCGGTCTTCTCGGAGAGCCAGCGGCAGTATTCCATCGCGGAGTGGTGGGTGATGCAGATGGCCGGCTGGTTGCGGTGGCCGTAGCCGAAGGTCATGTCGGCGTACGGGGGGGTGGGCCGGGTCACGGCGTCGGCCTTCATCTCGGTCTCGACCTGATTCTTGAGGTCGACGCCGTCACGCGTCTTCTTCTTGAGGTCGAGCGAGAAGCAGAAAAGGTCGTACTCGTCCCAGGTGACCTCGTGGGTCCCCATCCAGAACGGGGCGATGGCGACGGGGTGCTGCGGGCTCTCGTCGTCCCCCCGATTCTCCTCGTCCTCGGGGCTCCCCATCAGGAACTCGCCGCCCTTGATCGGGACCAGGTCGAACTTGACCTCGGTCCCGGGGATGAGCTGCGTGTAAGGCTTCATCTCCGCTTCGGTCTTGGGGGCGGGCGCCTGGGCCGCGGCCGGGCCGGCCACCCATCCCAGGGCGAGGGCCAGGGTCAGGGGGAAGGCGATCGAACGGGCATGCGTCGAGCGGCTCACTTTTGATATGCTCCAGCTGATGGAGTTCCGACCGAGACGCGCTCGGACGGCGAATGAGGATCGTCAGGGGAGGTACCGTGGCGCCATCACCCATGAGCGTTCGCCTGAGCGTTGTCGTCCTGGTCTTGACACTCGTCGGTTCGGGGTCGGCGGGCGAGCTCGCGCGTTTCGAATACCTCGAGACGCACATGGGAAGCTCGTTCAAGATTCTCTTATACTCCACCCAGGAAACCGCCGCCAGACGCGCCTCCCGGGCCGCCTTCGATCGAATCGCCGCGCTCGACGCGGTCCTCAGCGACTACGACCCGGACAGCGAGCTTTCCCGGCTGGCGACCTCCGCGGGGGGTCCCCCCGTCGCGGTCGGCCCGGACCTCTTCGACGTCCTGGAGAAATCCCGGTACTGGTACGACGAGACCGGGGGCTGGCTCGACCCGACCATCGCCCCGGTCGGTCGGCTCTGGCGCCGCGCCCGCCGCGAGCGCAAGCTCCCGGACGACGCGAAGCTCGACGCCGCCCTCGCGCTGGTCGGCATGGAGAAGCTGGTCCTCGACCCGAAGGCCCGGACCGTCCGGCTGACGAGGCCCGGCATGAAGCTGGACGTCGGCGGCGTCGCCAAGGGATACGCCGCGCAGGCCGCGATCGACGTCCTGCGGGAGCAGGGGGTCGACCGGGCCCTGGTGGCGGGCGCGGGGGATATCGTCGTCTCGGGGCCGCCCCCGGACGCCGAGGGCTGGACGATCGGGGTCGCCACCCTGGAGCCCTCGAAGACGGCGCCCGAGATCTATCTGTCGATCAAGGACGCGGCCGTCTCCACCTCCGGCGACGCCGAGCGGTTCGTGATCATCGACGGACGCCGATACTCACATATCATCAACCCCAGGACCGGCCGGCCGATCGAGGATCGGGCGAGCGTGACCGTGGTCGCGCCGGACGGCACCACCGCCGACGTCCTGGAGACCACGGCCTACATGCTCGGGCCGGAAAAGGGCCTGGAATTCATCGATTCCATCCCCGGCGCGGCGGCCGTCTTCACCCGCGAGACCCCCGAGGGAATCCGACGTTACGAGTCGGCCCGGTTCAAGGACGTGCCCCGGGCGCAGCCGCGGCCTGCGCCTTGAGGAGGTCGCGGATTTCCTCCAGCAGCGCCTGGTCCTTCGTCAGCGGCGGGGCCGCGGCGGCCGCCTCCTCCTTCCGGGTCCGCATCACCCAGCCCAGGAACTTCACGATGAAGAAGAAGAGGGCCGCGGCCACGATCAGGAAGTTGACGACCTCGGCCAGGAACTGGCCGTAAGGGACCTGCTGGCCCCGGATCGTCCAAGCCCAATTCTGGTAGCCTTGATTCGAGGGGAGCACGACGCTCAGCAGGGGCATGACGATGCTCTTGACCAGCGAGTCCACGATCTTGCCGAACGCGGCCCCGATGATCACGCCGACCGCCAGGTCGATGACGTTCCCCTTGAAGGCGAACGCCTTGAACTCCTCGGCCAGGGACAGGGCGTGCTTCCTGGGATCAATTCGCGCGACGTTCATGGGAGATCCCTCCGATGGTCGGAATCACGGATCCGCCCCACAGAAGCCGCATATGTCGTGCCGAAGCCGCTCCGGGCGACGCCTGCGAATAGCGCCAGAGGCCCAGGGCGGATCCATCCGGCTCGTCGCGGCGTCCCGATCCCGGTCCCGGCCCGCTCGCTCGCTCGATCGTCACGCTCCGGGTCGAACTCGCGGATTGAACCCGGCGTTCCGACCTGGAGGACTACCAGGGCGGCGTCGACGAGCCTGTCGACGCCCCGCCCTGGTCGGCGTGCCCGCGTCGGGCGTCATCAGCGCTGGTCGATGGGGACGTAGCGCTTCTCGGTGGGGCCGGTGTAGATCTGGCGGGGCCGGGCGATGCGGGCCTTGGGATCGTCGGCCTGTTCCTTCCACTGGGCGATCCAGCCGGGCATCCGGCCGATGGCGAAGATGACCGTGAACATGTTGGTCGGGATGCCGATCGCCCGCATGATGATGCCGCTGTAGAAGTCGACGTTGGGGTACAGGCGGCGGTCGACGAAGTACGAGTCCTTGAGCGCCATCTCTTCGAGCTGGCGTGCGACGTCGAGCAGCGGGTCCTTGACGCCGAGTTGGCCGAGGACCTTGTCGGCGGCCTGCTTGAGGATCTTGGCGCGGGGGTCGAAGTTCTTGTAGACCCGGTGGCCGAAGCCCATCAGGCGGAAGCCGCTGGAGGAGTCCTTGGCCATCTTGATGGCGTCGGCGGCGCTGATGCCCCCCTTGTGGATCTTCTCGAGCATCTCGAGGACGGCCATGTTGGCGCCGCCGTGGAGCGGCCCCCAGAGCGCGCCGACGGCCGCGGCGCACGAGGCGTAGATGTTCGCCTGGCTGGAGCCGACGATCCGGACGGTCGAGGTGCTGCAGTTCTGCTCGTGGTCGGCGTGCAGCAGCAGGATGAGGTTCAGGGCGTCGACCACCTCGGGCGAGGCGACGTGCTCCGCGTACGGGGCCGAGAACATCATGTGCAGGAAGTTCGCGACGTACGGCAGCTTGGAGTCGGGGTAGACGAAGGGGAGGCCCATCGCTCGGCGGTAAGAGCAGGCCGCGATGGTGCGGACCTTGCTGATGAGCTGCGAGGCGTCCTCGAGGAACCGCTCCTCGGGGGACTCGTCCTCGGTGCCCCGGCGGGGGAAGCAGGCGATGGTGTTGACCATCGCCGACAGGATCGCCATCGGCGGGGCGTCGACGAGGAAGCCCTCGAAGTGGTGCCTGAAGGCCTCGTGGAGGGCGGCGTTGCGGACCAGCCGCTCGCGGAAGTCGTCGAGCTCGGCCTGCTGGGGCAGGCGGCCGAAGATCAGCAGCCAGGCGACCTCGACGAACGTCGACTCCCTGGCGAGCTCCTCGATCGGGATGCCGCGATAGCGGAGCACCCCCTTCTCTCCGTCGATGAAGGTGATCGCGCTGGTGCAGGCGCCGGTGTTGCCGTACCCCGGATCGAGGGTGATCAGGCCGGTCTCGGACCGGAGCTTCGAGATATCGAGCCCCAGCTCGCCCTCGGAACCTTCCACGACCGGCAACTGGATCGACCGGTCATTGAACGTCAAGGTCGCAGTCCGCGCCATCGCCTCACACTCCACGCAGTCAAGCCTGCAGGGCTTCCCGCCGACAAGAAGATCTGGTTCGAACCCGCTCACAAGATATTTCATTCTACACGCGGTTTTCGACTTGGGAATGATCCGCCGCCGGTGGAAGAACTTCCCGGTCCGAAGGCTTCGAAGGGATCGCAAAGGGCGAGCGGGACG
NZ_CP011273.1_gap108	5179091	5183237	4146	TCTGGGTCCTCGCCGACGACTCGGGCCTGGCGGTCGACGCGCTCGACGGCGCGCCGGGCGTCTTCTCGGCCCGGTACGCGGGCGAGCCCTGCGACGACGACGCCAACTGCCGCAAGCTCCTGGAGGCGCTGGCCGACGTCCCCGACGACCGTCGCGGGGCGGCGTTCCGATGCGCCCTGGCCATCTCCGACCCCGAGGGCCGCATCCGGCTCGAATCCGAAGGGTCGGTCCGGGGTCGGATCCTCCGCGAGCTTCGCGGGCCGGGCGGGTTCGGGTACGACCCGATGTTCCTGATCCCGGAGTATCACAGGTCTTTCGGCGAGCTGTCCCCCCTGGTGAAGCACCAGCTGAGCCATCGCTCGCGGGCCTTCGCCCACCTCCGCGTCGGCCTGGAGAAGCTTACAAGGGAAGTCGCCGCCGGGAACTGATACGTAATGGCTTCGACGACTCGCCTTATCCGAGCGGCCTCGGATGGGCACGGGTTCGGGGACGGACCCGTGGCGCCCAAAGGTCGGTGATCGAGGCGATCTGGCATGATCGGTCCCCGGAATACGAAAACGCCCCCCGACGGTCTCCCGTCGGGGGGCGTTCGCCGATCAGGGAGCGCCGAAAGGCTGACCTGAATCGGAGGGCTGGCTTCTGGCGGGCGATTCGCCCGTCCGGCTCAACGGAAGAGGTGGAGTCCCTTCTTGGCGAAGAACGGGTGCTTGACGTCGCAGGCGTCGCAGGCCGGGAGCGTGGTCATCGGCAGGCTGGTGGCCTGGGGCGAGGCGAGCACGCTCTGGGCCGAGGGGACGATCTGGGCCGAGGGGAGGACCGCCGGCTCGCAGGCGACCTGCACGGGGACGCGGACGCAGACCTCGACCGGGACCTGCTTGCAGACGGTCCGGGGGACGCAGATGGTCTTGGTCTCGGCCACCTGGCGCTGGACGGTCACCGGGCAGTTGACGACCTTGGTGTCGACGACCTGCTTGCAGGTCGTGTAGGGGACCTGGCGGGTGCAGACGACCTGCTGCATCTCGCAGACGGTCACGGGCACCTGCTTGGTCCGCTGTTCGACGACGGTCTCGCAGATGGTCTGCGGGACCTGCTTGACGCGCTGCTCGACCACGGTCCGGCAGGTGGTCACGGGGACCTGGCAGGTGCGGGTCTCGGCGACCATCCGGCAGGTGGTCACGGGGACCTGCTTGCTGCGGGTCTCGGTGACGACGCGGCAGGTGGTGATCGGGACGCGCTTCACGCAGGTCTGCGGGACCATCCGGGTGATCGTGCACGGCACCTGCTTGGCGCGGGTCTCGCGGACCATGCGGGTGAAGGTGTACGGCACCTGCTTGGTCTGCCGCTCGGCGACGTACGTCGTGACCTGATAGGGGTCCTGACGGTACTCCGTCTTGGCGCACATCTTGGTCACGCTGACCGGCACGCAACGGGTCCGGGTCTGGGGGACCATCGAGCAGACCGTGTAGGGGACGGTCTTCGTGCAGGTCTCCTGGACCGTCTTGCAGACCGTCACCGGCACCTGCTTGACGACCTCCTGGGAGACGTACTCGCAGACCGTGTACGGGACCTGCTTGGTCTGGACTTCCTGGACGGTGCGGCAGACGGTCACGGGGACCTGCTTGACGACCTCTTCCGAGACCATCTGGCAGGTGGTGACCGGGACCTGCTCGGTCACCACGGTGGGGACCGTCTTGCAGACCGTCACCGGCACCTGCTTGCGGACCGTCTGGGTCTCATAGACCGTGCACTCGACGTTCTCGACGACCGTCTGGGGGCACATCACCGTCCGCTGGCACCAGGCGCCGGGCGTCTCGACGAGGCAGCCGTTGATGCAGACCGTCTTGCCGGGGACGTAGTACGACTGGACGACCGGCACGCAGACCGTCTTGGAGACCTGCTTGACCACCGTCCTGGGGACGGAGACCGTCTCGCAGACGTCCTTCATGACAGTCTCGGTGACGGTCTGGTTGACCGTCTTGCAGACCGTCTTCATGCTGGTGGTCTGGACCGGGCGGCAGACCGTGTAGCGGCACTCCTTCATGACCGTCTCGCGGACGGGACGGCTGACGGTGTAGGTGCAGGTCTTGTAGGCCGTCCGCTTGACGGGGACCTGGACCGTGTACCGGCACTCCTTCATGACCGTCTCGCGGACCGGGCGGGAGACCGTGTAGGCCACCTGCTTGTAGGCGGTCTGCTTGACGGGCACCATCTCGGTGTACTGCTGGGACTGCATGACCGTCGACTGCACCGGCACCTGGACGGTGTAGGGGACGGTGCGGTAGCAGGTCTTCTGGACCGGCCGCTGGACCGTGTAGCAGACGGTCTTGTAGGCGGTCTCCTGGACCGGGGTGCAGATCACCTCGTTGACGGTCTTGAAGATCGTCTCCTGGACCGGCCGGCAGACGGTGTACGTCACGTCCTTGAAGGACGTCTCGCGCACCTGGCGGCTGACGTTGTAGTAGGTGGTCTTGAGGGTCGTCTCCCGGACGGGACGCTGGACCGTGTAGGCCCGGGTCTCGTAGTGGGTCTCGCGGACCGGCCGGCTGACCGTGTACGCGACGTCCTTCCAGACTGTCCGGGTGACCGGCTTCTGGACGGTGTAATTCACCGTCTGGTTCACCGTGCGGTAGACCGGCCGGTTGACCGTGTACTGCTCATTCCGGACGTGGTTCTCGACGACGTTGCGGACCGTCTGGACCGTCCGCGGCTGCATCACCGTCTCGGTCACCGTCCGGACGCAAGGGATCTGCTGCGTCTCATAGACGGTCTCCTGCACGTTGCGCAGGACCGTCTGACGCTGCATCTGATATTCGACGTGCCCGCCGCATTCCTGGGGCACGGGGCAGTGCCGCAACGAGGCACCGCCCGCATAACTGGCCTGGGCCGGGTGAGTGGCGGCCCCGAGTCCCAATCCTAGGACCGTCAGGGCGAGCCACGGTAGTTTTCTCAACATCGGACGCTCCACGGTACACTCCCGACTGACTTCGGCGCTCATACGACCGTCGGATCCGAGGCTCCGCCTCAGAGACCCTGGGCCGCCAACCAACCTTATTGTTCGTCTCCCCCTGGCCCCCCCCTTCAGCAACTTTATCTAAATCTCCCAATAGCCCTCTCTGCCCAGGATGCACTTCCCTTACATTCGTTACCTCACCAACCCAGCCGGCCGCACTTCCGCGAGAATCAGCCCATCCCCCGGGACCCGCGACCTCCGATTCCCCGCTCCTGCGAACCCGCCGCGAGGGGACGGCGTCCGAACGGAGCCCTCGCCGACGCCTGGTCATCCCGGCCGGTCGTCGGTATTTTCGAGGGACGCGGGGCGGGGTCGTCCCGAGGTTCACCGCCGGTTTCGAGGTCCAGGCCCATGAGCGAAGCGTCGCCGATCGTCGTCCCCCAAGGCTTCCGCGCGTCGGCCGTCAAGGCGGGCGTCAAACCGTCCGGGGGGCTGGACCTGGCCTTGCTGGCGGCCGACGTCCCCTGTACGGCCGCCGGGACGTTCACGACCAATCGCGTCTGCGCGGCGCCGGTGCGCTGGTGTCGGGAACTCGTGCCGTCGGAGACGATCCGGGCGGTGGTGGTGAACGCCGGGAACGCCAACGCGGCCACCGGGGCGCAGGGCGAGGCGAACGTCAGGCGCACGGCGGAGGTCGCCGCCGGGCTCGTCGGCTGCGACGCCCGTCAGGTCCTGATCGCGTCCACGGGGGTCATCGGCCACCAGCTGCCGATGGAGAAGATCGAGGCCGGCCTTCGCGCGGCGGCCCCCGGGCTGTCGACCGATCCGGAGAGCTTCCGGACGGCCGCGCAGGCGATCCTCACCACGGACACGCGCACCAAGATCGTCTCGCGATCGGTCGGCGGGGCGTCCCTGTTCGGCATGGCGAAGGGAGCGGCGATGATCGGCCCCCGGATGGCGACGATGCTCGCCTTCCTGACGACCGACGCCCGGATCGCGCCGGCCGACCTCCAGGCGGTGCTGTCCGAAGCCGTCGAGGAGAGCTTCAACTGCCTCTCGGTCGAGGGCCACACCAGCACGAACGACACGGTGCTGCTGCTGGCCTCCGGGCTGGCCTCCTCCGACCCCCTGCGCGGGGAGGCCCTCAAGTCGTTCGCGGGCGAGCTTCACGACGCCTGCCAGACGCTGGCGCAGGA
NZ_CP011273.1_gap109	5208524	5211281	2757	CCGCCTGAAGCCGCTGTTGCAGACGATGATGCCGTATCTCCTGGCCCTGAACATCAACGGCATGGACCCCGGCGGCGACGGAGGGGCCCGCAAGATCCTGCCGCTGGGCCAGGGCGGGCTCGACCTGGAGATCCTCCGCACGATCCGGGAGAGCGGCTACACGGGCCTGATCGGCATCCTCGGCCACACGCAGGACGACGCCGAGGAGCGGCTCCGCGACAACCTCGACGGCCTGGATTGGCTCGTCCCCCAGCTCGACGGCGCGGCGCCCGGCCCCAGACCCACCCCGCGCACGCCGGTCCCCCCCTGCCCGCCCCGGCCGCCGCGGCCGGGCTCTCGCCGGCGGAGGCGCAGGAAGTCGCGACCGTGCTGGAAGCCGCAAGACGCGAGGGCGACCCCACTCGGGGCGCGTCGGCGTTTACCGACGTCCGCTTCACCTGCTTCTCCTGCCACAAGGTGGGCGAGGTGGGTGGAGGGATCGGTCCCGAGCTGACCACGTTGACCCGGACGACGACGCCCGAGGAGATCATCGCCTCGGTGCTCTGGCCCCGGCGCACGGTCAAGGAGGGCTACGAGGCGTTCGCCTTCGCCCTCGACGACGGCCGGTTCGTCCAGGGTTACAAGGCGGCGGAGACCCCGGCCGAGGTCCAGGTCCGCGACGCGGCCTCCGGCGAAGTCGTCCCGATCGCGAAAGACTCGATCGAGGAGGTCAAGCCCCTGGGCACCCTGATGCCCGAGGGCCTGGCCTCCTCGATGTCCCCTCGCGAGCGGAGCGACCTTGTCAGCTTCCTGTTGACCCTGGGGGCCGAGGGGGTGATGACCCCCTCGCTGACCCCGCCGGCGCACGCCCACGCCCCGGCCGAGTTCGCGTACGACCAGAAGCCCCTCCGCCCCGAGTTCTACACCAGCGCCGACGACCATGTGAACCGGAACCGGGTCTTCGACTTCTACGCCAAGGAGGCGGACCACTTCCGCAAGCAGGCGAATCCGCCGTCGCTGCTGCCGATGTACCCCGGCCTCGACGGCGGCAAGTCGGGCCACTGGGGCAACCAGAACGAGTCCACCTGGGCCGACGGCCGCTGGAATGAGAGCGACCTGGGCTCGGTCCTGGCGGGCGTCTTCCGGGCCGAGGGCCTCACCATCCCCAAGGCCGTCTGCCTGCGGCTGGGCGAGAACGGCGAGCTCTCCGCCTGCTTCAACCCCCAGACGCTGACCTATGAGGCGCTCTGGACCGGCGGCTTCGTCCGCTTCTCCAGCGTCCGCCACGGCTTCATGGAGGGCCTGATCCAGGACGGCCAGCCCCTGCCACGGCCCGAAGCCGCCGCGCCCGGCGGGCCGTTCGTCTACAAGGGATACTACCGACACGGCAAGCGCGTGATCTTCTCGTACACGATCGACGGCGAGGACTGGCTCGACGCCCCCTGGGTGGACGAGTCCGGCCGGTTCGTGCGGGAGGCCGGCCCGGCCGCCTCGCACCGGCTCCGCGACCTCACGCGCGGCGGGGCCGCGCAATGGCCCCAGGTGCTCGTCACCCACGGCAAGCTCGGCCAGTCTCGACCGTTCGCGATCGACACGATCGAGCCGCCGTTCGAGAACCCGTGGAAGGCCCTGATGTTCTTCGGCGGGCTCGACTTCCTGCCCGACGGCACGGCGATGATCGCCACGATGGAAGGGGACGTCTGGCGGGTCGAGGGCCTGAACGACGACCTGGCGAACGTGGCCTGGCGGCGGTACGCCTCGGGCCTGCACCAGCCGCAGGGGGTGGTCGTCGCCGACGGCAAGGTCTACGTCGTGGGCCGAGACCAGATCACCGAACTGCAAGACCTCGACGGCGACGGCGAGGCCGATTTCCACCGCTGCGTCAACAACGCCTACCTGACCTCCCCGTCCGGCCACGACTTCGTCTGCGGGCTCGAACGCGACGCGGCCGGGAACTTCTACACGGCCTCCGGCCCCCAGGGCCTGCTTCGCGTCCCCGCCGACGGCGGCCCCCCCGAGGTGCTCGCCACCGGCTTCCGCAACCCGGACGGGCTCGGGCTCACCAGGGCCGGCGTCCTCACCACGCCCCAGTCCGAAGGCGAATGGGTCCCCACCTCGCAGATCTGCGAGATCCGGCCCGGCGCCCATTACGGCTACCCCGGCCCCAAAGATGACAGGCCCCCCGCCCTCCCCCTCGTCTACCTCCCGCGCGGGATCGACAACTCCAGCTCGGCCCAGGTCGAGGTGACGGGCGACCGCTGGACGCCGTTCCAGGGGAACCTCGTCCACCTGTCGTTCGGCGGGGCGGCGGCCTTCCTGGTCCTTCGCGACGAGGTCGACGGCCAGCCCCAGGGAGCCGTCGTCCCGCTCCCCGGCGACTATCTCTCCGGCATCCATCGCGGCCGGTTCAGCCCGCGAGACGGCCAGCTTTACGTCTGCGGCCAGGCCGGCTGGGGGACCTATTCGTCGCTCGACGGCTGCTTCCAGCGGCTCCGCTACACCGGCGACCCGGTCCAGACGCCGAAGTCGATCCGGGCGGTCGAGAACGGCGTGGTCCTGACGTTCCACCTCCCCGTCGACCCGGCCGTCGTCGCCCAGCCCGGCGCGTGCTTCGCGCAGGCCTGGAACTACCGATACAGCAGCGGCTACGGCTCGCTGGAATACTCGACCCGGCACCCAGGGACGCCGGGGCACGACGTCCTGCCGATCCGCTCGGCCCACGTCCTGGGCGACGGCCGGACGCTGTTCCTGGAGATCCCCGACCTCCAGCCGGTGAAC
NZ_CP011273.1_gap110	5217345	5218902	1557	AAGAAGAGCGCCACTCCGAACACGAGGATCAGCAGGTGCCACAGTCGCAACGGCTCGCCGCCGGCGACCGTCGGCCCCGGTAGGTCGACCGGTGGACCCGCTGAACCCGAACCGCCCGTCTCCCGCGCCTGGCTCATGTCAACGACTCCGAAGTACGACCAGGACCTCGAGGATCAGCCCCAACGTCACGAATCCGACGCTCACGGCGGACGCCGCCAGGCAGCCCAGCAACATCTCGACCCGCGAGGGCTCGAACCGCGCGAGGCCCAGCAGGGCGACCGGCAGGATCGCCGCGCCCGCCGCGAAGCACGCCGCCTGCGCGAATCGCAGGGCCGTCGACTCGTCGCAGACCCTGAGGCTCGCCAATCTCGCAAGGCTTCTCATATGATCTCATCTCCTCAAGAGCGATCCGGCCTCAGCCCGAGAGCTTGGACACGAGCGTGATCAGGGGGAGGAACATGCCGATCACGATGACGGCGACGCCGAGGAAGACGCCGACCATCGCCAGGAACGCCAGCACGGCGCCGCCGAACGAGGACTCGGCGCGGGAGCGGGCCTGGAACGTCTCGGCGGCCATCTTCAGCACCTCGACGGTCGCCGCCCGGTCCTCGGCCCAGCGCAGGAGCCTGGGGAGCCCCCGGGGCATCGCGCGGCGGATCGCCCGGGCGCCAGCCCTGGCGTCGACCAGGTCGTCCAGCGCCGGCGCGGGCGAGCCCTCGAAATCGGCGTCCCCGGCGCCCCCCTCGGACGTCGCCGGCTTGGGCTCGCCCGGGTCTAGCGGCCCGAACGGACCCCTCGGCGTCGCGATCGATTCCCCTTCCATGGCGGTCGAGAGTGCCGCCCCCTTCTCCACCTGGAGCGCCATCGCGCGGCAGGCCAGGTGCACGTCCGCGTCCTCGACCCCCGCCCCGGTGAGCCGGAGCGCCTCGGGGAGCGGCAGCTTGGATTCCAGGAGCATCGCCAGCAGGTGGCAGAATTCGGCCCACGAGGTGTATCGCCAGAGCGCCCCGATGATCGGCATCCGGGCGAACAGGCTGTTGCGCGTCGCCCGCGAGAGGACCAGCCCGGTGAACAGCCAGGCGCCTAACAGGACCGCCAGGAGCGCCGCCAGGATCGGCCATCCCGTCCGCGCGGCGTGCGAGACGAACAGGAGGACGCGGGTCATCACCGGGAGGGAGATGCCGAAGTCCATGAAGATGTTTTCGAACCTGGACACGATCAGCACGTCGACGAGGACCCAGAGCACGACGGCCAGGGCGATCGCGAACAGCGGGTAGGCCAGGCCGAGCCAGAACGATCGCTTCAGCTCGGCACCGACGGTCGCGACGGCGGAGAACCGGCCGAGGACCTCGCCGAGGTCGCCCGTGCGGAGCCCCGCCCGGATGAGGCCGCGGAGGTGGGGCGGGATCGCCCCCGCCTCGCTGGCGATCGCCTGCTCCAGCGGAACGCCCCGTTCGATGGCGTCGGCCAGGCCCCGGAGGGCGTCGCGGAAGGCCCCGCGCGGGGTCTCCTCGGCCAGGGCCCGCAGGCCGGGCCCCAGCGGGAGCCCGGACCTGG
NZ_CP011273.1_gap111	5223647	5226587	2940	GCCTTCTCGCTCGGCATCCGGGCCAGCGAGCGGACGGATTCGAGGCGGACCCTCGGGTTCTCGTCGGTCGCGAGCGGGGCGAGGAGGGCGTCGGGATCGGAGACCCGGCCCTTCCAGAAGGGGACGATCCGGGCGGCCGCGGCGCGGACGCGGGCGTCGTTCGAGGCGAGGGCCTGGTCCAGCAGCGCGGGCTCGGCGACGTCGAGCGCCTGATAGGTCCAGAGCCCTTCCAGCCGGTTCCGCTCGAAGTCGGCGTCGGCCGAGTCGAGCGCGGCGACCCAGGCGGCGAGGGCCGGGACGACGGCGGCGGCCCCGCGCTCCTTGAGGACGCGCTTGGACTGGCGGCGGGTGTACTCCTCGGGCGCCTTGAGGGCTTCGAGCAGGTGGGGGACGTCGGCGTCGACCAGCCGGGGCCGCTCGACGAGCGGGCGGTCCTTGGCGGTGACCCGCCAGATGCGGCCCCGGGTGTGGTCGCGGCGGGGGTCGCGGAAGTCGACCTCGCCGTGCTGGATGATCGGGTTGTACCAGTCGGCGATGTAGATCGCGCCGTCGGGGCCCATGAGGACGTCGATGGGCCGGAACGAGACGTGCGTGGTCTTGATCAGCTCGGACTGCTCGCGCGAGGCGAAGCCGGCGCCGTCGTCGGAGATCACGAACCGGCAGACGCGGTTGCCCCGGAAGTCGTTCGTGAGCAGGCTCCCCTGCCACGAGTCGGGCAGGTGCCGCCCGCTGGCGACCTCAAGCCCGCAGTATTTGGGGCTGCCGGGGTTGAGCCCCTTGAGGATGCGGACGGCGTCGACCGCCGTGACGTAGGATGCGCCCGGGAGGCAGTAGTTGATCCCTTCGCCGCCGGCGCCGTCGGTCGCGAACGACTGGCCCCAGGCGTCGATCTGGTGGCCCCAGGTGTTGACCAGCCCCCGGATGAAGACGTCCAGCTCCATCGTCTCGGGGCGGAACCGCCAGATCCCGCCGCCGTTGAGCCGACGGACCCCGTGGGGCGTCTCCAGGTGGCTGTGAATGTAGATCGACTGGTTAAAGTAGAGCATCCCATCGTGTCCCCACCGCAGCGTATGCAGCAGGTGGTGGGTGTCCTCGGTGCCGAAGCCCGAGAGGACCACGCGGGTGGAGTCGGCCTTACCGTCGCCGTCGGTGTCCTTGAGGTGGAGCAGTTCGGTGCTGTTGGCGACGTAGACGCCGCCGTCGCCCGGCTCCAGGCCGGTGGGGATCAGCAGGCCGTCGGCGAAGACGGTGGTCGACTCGGCCTGGCCGTCGCCGTCCTTATCCTCCAGGACGAGGATCTTGTCGTTCGCCTCCTGGCCGGGCTTGATCTGGGGGTAGACCTCGGAGCTGGCGATCCAGAGCCGCCCGGCGGCGTCGAAGTTCATCTGGACCGGCTTGGCGATCAGGGGATCGGCCGCGTACAGGTTGACCTCGAACCCGTCGGCCACGATGAACGACTGGCGTTCCACCTCCGGGTCCGGGTCCGGCGGCGGGCCGACGGCGTTCTGCGCGCGTGACGCGGACGACGTGGACAGGAAAAGGACGGCGAACGCCAGGGCCGACGTCGCGGCGGCGTTGTTCCACGAGAAGGCGCTCCCGCGCCGGGATCGGATGCTCATCGGGACGCCTCGTTCTCTCGGACCAGCTCGTAAGTGTGCGGGACGGGCTTGCGAAGCTCGGCGATCTCCGTCTCCTTCGCCTCGACGAGCGGGTCGAACTGCGGGATCTCGACGGCGTTCCGCCCCTGCTCATGCTTGCGAAAGCCGAACAGGTAGGTGATGTTCTGGGGCCGCCAGCGATAGAAGAACAGAAGGTTCTTGGCCACGATCGTTTGACGGAGCTTCTCGACCTGCTCCGCTTCGGGGCCGGGGGGGAGGAGCTGGCCTTCGGCCCATTCCTGGGCGTCCCGGGTGAGCACCGCGCGGCCATCGATCTTGAGCGTGTACCGGCCGGGCTTCAGGTTCTTCGGCTGGAGAGTGCGAGCCTCGTCCGGCGACAGTCCCGACTCGGGCGAGGCCGGCAGGGGGAGGCGGGCGTCGTCGGCGACGTGCCGGGCTCCGTCCTGCTCGGCGAGCTTGTCGCGAAGATCCGCGAAGCCGACCGACCCGGCGAGGGGGTTCAGGAGGGGCAGGTTCGCCAGCCGCCAGAAGCCGATCGCCGTGGGATGGATGCCGTTGTCGGTGTCGGGAGTGGAGGCGCCGTCGTCCGTCCTCACGCGCCGCTCGCGATCCTCCTGGACCGCATGGAACAGGTCGAGGAACGCCGCGTCTCGCTCCTTGGCGATATTGCGGACGGCGTCGGCGTAGCGTTCCAGGTCGCGGTTGTGCGCGGAGGGGTCCGGCAACGGGGCCGGCAGGGCCTCGTGGGGGAGCGGCGCGAGGAGGACGAGCCGGGCCTTGGTGGGCGCGACGGCGTCCAGAAAGGCGTTGTAGCCCTCGACGAACCGCGAAAGTCCGGCCTCGCCGTCGAACGAATCGGCCATGCCGTAGCCGACGACGAGCACGGTCGGTTTGGCCGTCGTCACCTGCTCGACGAGCTGCTTGAAGCCGGCCTCCGGCGGGTCGAAGCCGGCGCGGGAGAGGCCGCGGACCGTGTCGCCGCTCCAGCCCAGGTTGCGGAAGGTCAGATTCTTGTCCGGGTTGGCGAGCACGAGGACGGTTTCGAGATATCCGTCCCGCTGTTCGCGCTCGATGAACGTGTCGCCGACGAGGACGACGCGGTCGCCGTCGTGGAACTCCCAGGGGGGCGGGGGCTCGGCGACGGCCGTCGAGGGCGACGCCAGGGCTGTGAGAAGGAGGAGCCCGGCGACCAGGGTCCGGGCTGGCGAGGGGCGGGCTGCTGGCACGGTCGCGCTCCGACGATCACGGGGAGGGCGAGCGTCGGGCCGTAGAGGATCGGCGGGACGCTCGGCGGTCGGGGTTCCATCACGGGGCATGGAAG
NZ_CP011273.1_gap112	5228351	5233168	4817	AGAGGGCCAGCCGCAGGCCGTCCAGGTCGCCGTCTCGCGCCGCGATCGCCACGGCGGAAGGGGGCGGGACGTAGCGGCCGTCGTCGACCTGCTCGACCTCGATCGGGCCGCCGGCGGGGACGAGCAGCCAGCCGCGGCCGTCCAGGACGACGTCGAAGCCGTGCTCGCCGATTCCGTCCGACATCTGGTCCGAGGCGAACTCCCGGAGGGCTTCGATCGCCTCGTCGTCGAGGGCCTCCGGCGCGTGGAATTCGATCTGGATCGCCGCCGACCCGTCCCGGACGACGGCGCGGATCTCGCCGCCGACGACGCCCAGGTCGGCGATCTCCTCGTCCAGATAAGGCTCCAGCGCGAAATCCTCGAAGTGGGAGCCGTCGAGGCCGTCCGGGATCGGGGCTTCGCGGTCGGTCTCCGGATCCCACACAGCCCCCCGGACTCGGCAGGTGATCTTCATCCATCGTCTCCAGATCTGGGGTCGAGGCGGTGAGAGATTTATCCTAGCCTAGCGTTTTGGAACGGTTTTCGCACGACAATGAGATTTTCGCCGTCGCCGGCGATTTCGTCCAACGCCCGACCAACCACGACGAAGTGATCCCGTCGGCCCGCGCGGGGGCGTCGCGAAGGTCCATTCGAGTCGAGGGGGAGACCGTCGATGGGGTCCATGTCCGTCCTGCCGGAGATCCGGCTGCCGCTGATCCTGATCCTCCTGTTCGGGGGCCTCGGCGTGGCGGCGCTCGTGGCGATGTATCGGCGGAACCGCCAGATTCGGGCGACCGCGGATGAGCAGTTCCGGAGCTTCCGCGAGCAGGCCGTCGGCCTGATGGACCAGATCGACGCGCTGCGGACCCGGCACAAGACCCTGCCGAGCACCGATCCCGACTTCGTCGAGCCGATGGCCGGAGCCACGAAGGCGCTTTACGAGCAGGTGGCCGGCGACCTGGACCGGCTCTGGGAGCGCTGGCTGGCTGTGATGGAGGTCTGGAACCGGGCCGAGGCGAGGCTGAAATCGGCCTCGACTTTCAGCGTGCGGCCCAGCGAGGAAGCCCGCGAGCTGTTGTCGACGGGGAGACTGGAAGACCTGCTGCGCGATTCGAGCGTCTGCAAGACGAACCTCGACCGCCTCAACCTGGCCCATGAGGTCGCGGCCAAGGCGCTCAAGGACGCCCGTCGTGAGGCGTCGGCGGTTTCGATCCGCGTCGGCGGGGGCGGGCCTTCCGGCGGCGCGGGGGACCTTTACAGCCGCGAGCTGCGGGTCGTGAATCATGAGTTGGAGGAGGCGGAGCGGATCCTCACGACCGATCCGATCGGCGCGGCCGAATTGATCGAGGGCTCGCGCGACTCCCTGGCCGACCTTCGGGAGCCGTCGGCTCCTCGCAGGCCCCGCTCGGGCTTCGACTCCGCGTCCCCGTCGCGGACGATCCTCGACGACCTGGTCGTCGCGGCCGGGAAGCTCCAGGAACTGGGATCGAAAATTCGGGTGATGGACGTCGTCGGTCTCATCATCAAGGGCTGGGTGGCGCTCTGGGTCCTGGGACTGCTCCTGGCGATCCTGCCGGCCTTGATGCCGCTGATCTTCCTGTTCATGATCTTCGTGGTGTTCGGATCCGGATTCCGGGTCTTCCAACGCGTCAGCGCGCCCTGGTACTGGGACCAGTCGGCCCTGAGAGGACGGCGCGGGAGGCGGTGGTGACCGACCTCCCCGGCGGTCGCTCGGGTTGCAGCGGTTAAGATCAAGCGTCGGTCTTGTTGAACCGATGGAATAAGGGTATGAAACGCTCCCGACGGCGCCTGGAGTCCGACTCCGTGCGTCGATCGGGAGTCGCAGAGGCCCGGCCACGTCGCCGGGAGACCGGGCCGAGCGGCCCGACGGGTCGGTCATGGGCCGTCCCTCCGGGTCGAGATCAACCGAAGCTGGCAAGGATGCGAGCGACAGGTCGCTTCCGAGGGGAGGGCCGGACGGCCCGGGGTGCGAGGCCCACATCGGCGAAGCCCGCCGAGACGGCCTACGTCCCCTCGCGACGCCCCGCAAACGATCTCCGAGAAGGGATTTTCGAGATGAAACACTCCGTCTGCATCGTCGGGGGCTGCGGCCACATCGGCCTCCCGCTGGGCATCGCCCTCTCGACGGCCGGCGCGCGGGTCACCCTGCTCGACAACACCGAGTCCCGCGTGCGAAGCGTCGCCGAGGGACGGATGCCGTTCCTGGAGCGGGGCGCCGACGAATCCCTGACCGAAGTTCTGGCCGACGGCCGCCTGACCGTGACCATGGACCCCGACGCGGTCGGCCGGAGCGACACCGTCGTCGTCACGATCGGCACCCCCGTCGACGAGTTCCTCAGCCCCGAGGTCCGAACCTTCGACCGCGCGATGGAGTCGATCCTGGGCCGGATGCACGACGGCCAGCTCCTGATCCTCCGGAGCACCGTCTTCCCCGGCGTCACCAGCCGGCTGGACAAGCGGACCCGCGAGCGCGGCCTGCGGATCGACGTGGCCCACTGCCCCGAGCGGATCGCCCAGGGCTACGCGCTCGAGGAGACCGGGAGCCTCCCCCAGATCATCGGCGGGGTCACGCCTTCGGCGGCGCGGCGGGCCTCGGCCCTGTTCGCCCTCCTCGGCGCGAAGCAGATCGAGATCCCGCCGGTCGAGGCGGAGCTCTGCAAGCTGTTCTGCAACAGCTACCGCTACATCAACTTCGCGATCGCCAACCAGTTCTACGTCATCGCCGAGAAGTTCGGCGCCGACTTCGACCGGGTCCGCAAGGCGATGACGACCGACTATCCGCGCATGGCCGGGTTCCCGGGGGCCGGGTTCGCGGGGGGCCCGTGCCTGCTCAAGGACACGATGCAGCTCGCCGCGTTCAACCACAACGACTTCGTGCTGGGCCAGGCGGCGATGATGATCAACGAGGGGCTGCCCACGTTCCTCGTCGAGTCGGCGAAGGCCAGCTACGACCTGTCGACCGCGACCGTCGCGATCCTGGGCATGGCGTTCAAGGGGAACAGCGACGACCCCCGCGACTCGCTCGCCTACAAGCTCCGGAAGGTCTTGACGTTCGAGAGCCGGAAGGTACTCTGCACCGACCCTTACATCGAAGACCCCTCGTTCGTCTCGCTCGAAACCGCGCTCGAGGAGGCCGACGTGCTGTTCCTCGGGGCCTGCCACGACGAGTACCGCGGGCTCACCCCCCGCCAGCCGACGATCGACGTCTTCAACTTTTTGAAGCGGACGTCGACCGAGGGCGCCGAGCCCCGGACCGCCAACGCCGCCTGACGCCGAGGACCCAGGGACGGGCCGCGTCGGGCGTCCCGATCCGAGTGATCGACCGGCCGGCCGCTCGGCCGGACTCCGGAATTCTCCGTATCGAGTTCGGCCTCGCGCCCGACGCCAGGCCCGAGAGGGACCGTTGCATGAAGATCATGGTGACAGGATCGGCCGGGTTCATCGGCGGCTATCTCGTGGAGGAGCTGCTCGCCAACGGCCATCAGGTCGTCGGCGTGGACAACTTCTCCAAGTACGGCGACCTGGAGCAGGCCAGCCAGGACAACCCGAACTACCAGCTCGTCCGCGGCGACGCCAAGGACGTCGGGCTGATGAAGGAACTGCTGGCCGATTGCGATCACATCATCGCCGGCGCGGCCATGATCGGCGGCATCAGCTACTTCCACACGTTCGCTTACGACCTCCTGGCCGAGAACGAGCGGATCACCGCCTCGACGTTCGACGCGGCCATCTGGGCGTACCAGCACGCCAGGCTCAAGAAGATCACCGTCATCTCGTCGTCGATGGTCTTCGAGAACGCCGTCCGGTTCCCCAGCCGCGAAGGGGAACATCGGGCCTGCCCGCCGCCGGCCTCGACCTACGGCTTCCAGAAGCTGGCCGTGGAGTACTTCGCCCAGGGGGCGTACGAGCAGTACGGCCTGCCCTTCACGATCGCCCGCCCGTTCAACTGCGTCGGCATCGGCGAGCGCCGGGCGAAGTGCGACGTCGAGATCCTCTCGGGCAACGTCAAGCTGGCGATGAGCCACGTCGTCCCGGACCTGGTCCAGAAGGTCCTCAAGGGCCAGGACCCGCTCCACATCCTCGGCGACGGCTCCCAGGTCCGCCACTACACCTACGGCGGCGACCTCGCCCGGGGCATCCGCCTCTGCGTCGAGCACCCGGCGGCGATGAACGAGGACTTCAACCTCTCCACGGCGGCCTCGACGAACGTCCTGGAACTCGCCGAGCTGATCTGGAAGAAGATCCACGGCGAATGGAAGCCCTTCCGCACGGTCTCCGACAAGCCGTTCCAGTACGACGTGCAGTGCCGGATCCCGACCGTCGACAAGGCCCGCGACCTGATCGGCTTCTCGGCCGACACGCCGCTCGACGAGATCCTCGACGAGGTCATCCCCTGGGTCGGCAAGCAGCTCGAAGCCGGAGTCATCTGATGACGTCGCAGACGACGGAAGCCCGACGGGACGACCGCCTCGCCGCGAGCGGGGCGGGCCCCCGCGTCGACAAGCCCCTGGCCCTGGTCGTGCCGGTCTACAACGAGGGGGAGAACTTCCCCGCGCTGCTGGCCGAGATCGAGCGCGACGTCCCCCGGCCGTACACGCTTCACGTCGTCTACGACTTCGACGAGGACACGACCGTCCCCGTGGCGACCGCCTTCGCGAAGGACCGTCCCTGGTTGCGGCTGGTGAAGAACCGCCACGGTCGGGGCGTCGTCGGCGCGATCAAGACCGGATTCGACGAGGTCGGCGAGGGGCCCGCCCTGATCGTCATGGCCGACCTCTCGGACGACCTCCGGGTCGTCCCCCGGATGCTCGAGCTGT
NZ_CP011273.1_gap113	5269034	5270882	1848	GCCGGCGAAGTGGCGGAGTTCCGGGACCGGACGGGGATCATCCCCGGACTTTCGGTCGTGCTCGTCGGCGAAGATCCGGCGAGTCGGGTCTACGTCCGCAACAAGGAGAACGCCGTCAAGGCCGCCGGCATGAACGGCGACGTCGTCCGGCTCCCGGCCGAGACGACCCAGGAGGAACTGCTCGCCACGGTCGACCGCCTCAACGCCGACCCCGCCGTCCACGGCATCCTGGTGCAGCTCCCGTTGCCCAGGCATCTGGATTCCCGATCGGTGATCGAGCGGGTCGACCCGCTGAAGGACGTCGACGGCTTCCACACGATGAACGTCGGCCTGCTGGCCCAGGGGCATCCCCGGTTCGTCCCGTGCACGCCGCTGGGGATCGTCGAACTGCTGAAGGATTCCGACGTCGACACCCGAGGGGCCCACGTCGTCGTGCTCGGTCGCTCGCAAGTCGTCGGCAAGCCGGTCGCGCTCCTGCTCTTGCAGAAAGGGGTCGGGGCCGACGCCACCGTGACCGTCTGCCACACCGGCACCAAGGACCCGGCCCGGTTCGCCCGCGAGGCCGACATCCTCATCGTCGCGATGGGTCAGCCGGAGCTGGTGAAGGCCGACTGGATCAAGCCGCACGCGGTCGTGATCGACGTCGGGATCCACCGGAAGGCCGACGGCAAACTCTGCGGCGACGTCGATTTCGCCGAGGCCGCCCAGGTCGCCGCCAAGATCACCCCGGTTCCGGGGGGCGTCGGGCCGATGACCGTCGCCATGCTGCTTCGGAACACGCTCCACGCCGCCGAACTCGCCGCCGAACGTCGAGGTTGAAACGATGATCCGATTCGGAATCTGCAACGAGCTGTTCGAAGGTTGGGAACTTCAGGACGTCTGCAAGCTCGTCCGCGAGATCGGCTACGACGGCCTGGAACTCGCCCCGTTCACCCTCGCCCCGCTCATCACCGACCTCTCGTCGGAGCGTCGACGCGAGATCCGTCGCACGATCGAGGACGCCGGCCTGGCGACGATCGGCCTGCACTGGCTGCTCGCGAAGACCGACGGATTCTACCTGACCTCGCCCGACCCCGAAGTCCGACGCCGGACGGGAGAGTACTTCGTGGCCCTGGCCGAAGCCGCCCGCGACCTCGGCGGCTCGCTCCTGGTCCTCGGCTCTCCCAAGCAGCGCGACCTGCTGCCGGGCGTCTCGTTCGACGAGGCCCAGGGCTACGCCGTGGAAGTCTTCCGACGGATCATGCCGGCGGTGGGCGACCTCGGGATCGACCTCTGCCTGGAACCCCTGGCCCCCACCGAGACCAACTTTCTGAACACCTGCGCCCAGGCCGAAGCCCTGATCGCCCAGGTCGACCACCCGCATTTCAAGCTGCACATGGACGTGAAGGCCCAGAGCGGCGAGACCGACGCCACCGTCCCCGACCTGATCCGCCGCCACGCTCGAAACGCCGGCCACTTCCACGCCCAGGACGTCAACCTGCAAGGCCCCGGAATGGGCGACGTCGACTTCGGCCCGATCTTCAAGGCCCTCGTCGAATCCGGTTACGACCGCTGGGTTTCCGTCGAAGTGTTCGACTTCTCCCCCGGAGCCGAGGAGACCGCCCGGCGGAGCCTCGAATGCCTGAAGGCGAACCTCCGGGCCGCCCAGTCCAGTCCCGCCTGAGACCATCCCGATCCACGCCTCTGGCGCCGACGCCTTGATCCGCCTCACGCGGACTTGTAAATTCGTACACTATCAATTGCGGCCGAGGGCCGAACATTGGTATTGTGGCGATCTCAGGAGTTGCTTTGATCTGTGGGGCATGAAGCCGCGTTCGTGAAGCACAGGATGGGAGTCGGGTCCAGCGA
NZ_CP011273.1_gap114	5272061	5274313	2252	GGATCCACATCCTCGAAGGCTTCGCGATCGTCTTCAACAATCTTGACGAAGCGATCCGGATCATCCGCGCCAGCGACGGCAAGGCCGACGCCGCCCCCAAGCTGATCGCCCGCTTCGGCCTGAGCGACCTCCAGGCCGACGCGATCCTGGAGACCAAGCTCTACCGCCTGGGCAAGCTGGAGATCCAGGACATCCTCGCCGAGCTGGCCGCCAAGCGGACGCGCGCCGCCGAGATCCAGGGGCTCCTCGACGACGAGCCGGCCCGTTGGGCGATCATCAAGGCCGAGCTGAAGCACATCGTCAAGACCTACGGCGACGAGCGACGGACGAGGATCGAGGCCCCGGCCGCGCCGATGGAGTTCCGCGAGGAAGACTACATCGTCGACGAGGACGCCTGGGTCATCATCACTCGCGAAGGCTGGACGAAGCGGCAGAAGTCGTTCACCGACGTGGCCAGCATCCGCGTCCGCGACGGGGACCAGGTCGGCTGGGTGTACCGGGCCCGGGCGCGGCAGACGATCACGCTGTTCACCGATCGGGGGGTCGGCTACACCCTCCGCGTCAACGACATCCCCATGACGACCGGCCACGGCGACCCGATCCAGAAGCAGTTCGCCTTCGAGGACCAGGAGCGGCTCGTCGGCGTCGTCTGCCACGACCCGCGGTGCATCCCCGATTTCGCCAGGTTCTCCCAGAGCCCGGCGCGGATGGTCCAGCGGACGCTCGATGCCGAGGCCGACGGTGCGGCGGTCAACGGCGACGGCCACGCCGACGGGTCGCTCAACGGCCACGCCGGCGGGCCCTCGATGCCGCCGCCGCCGTACGTCGTCGCCCTCACGGCCGGGGGCAAGATCCTCCGCTTCCCGCTGGCGACGCTCGCCCCGGTCTCCACGAAGAAGGGCCGGCTCGTCGCCCGACTCGACCCGACCCTCAAGGGAGACTCCGTCGTCGGCGTCGAGGCGACCGACGGCTCGGAGAACGTCTGCCTGGCGACCAAGCAGGCCAGAGTCCTGATCTTCCCGGTCACCGAGGCCAACGTCGTCTCCGCGGCGGCGAGGGGCGTGGCGGCGATCAAGCTCGACGCCAAGGACCAGGTCATCGGCTTCGTGCTGGCGAACAAGAAGCGCGAAGGGCTCGCCGTACGCACCAACCGCGGCGCCGAGCAGATCGTCCGGGCGACCAAGTACCCGGTCACCGGCCGCGGCGGCCGAGGCTACGCCATCCTCCAGCGCGGGTCGCTCGAATGCCTCGTTCCGGGCGAGGCCGAGCCCGTCCCGCACCCCGATCAGGTGGCCGAGGCCGGCGACCTCCGACCCAAATCCGACGACCCCCGGGATTGACGAACCCCCGCGCCCGCGAAGAATACCGCGTCCCGGCGGAGCTCGTCGGGCCGATGCGAGAGGAATCAGACCGCGATGGCGAACGGATCCGCGACGTATGACGCCAAGTCCATCACCGTGCTCGAGGGCCTGGAGGCGGTCCGCCGCCGGCCGGGCATGTACATCGGCGGCGTCGACAAGGCGGGCCTGCACCACCTGCTCTGGGAGATCGTCGACAACGCCGTCGACGAGGTGATGAACGGCCACGCCAGCCGGATCGTCGTGACCCTCCACCAAGACGGCCGGACCGTGTCGATCGCCGACAACGGCCGCGGCATCCCCGTCGACAAGCACCCCAAGACCGGCCAGAGCGCCCTCGAGGTGATCTTCACCACGCTCCACGCCGGCGGCAAGTTCGACAACGACGCCTACAAGGTGGCCGGCGGGCTCCACGGCGTCGGCGCCAGCGTCGTCAACGCCCTGAGCAAGAGCCTCGTCGCCGAGATCCGCCGCGACGGCCGCACCTACACCCAGCGCTACAAGCGCGGCAAGCCCCTCAGCCCGGTCGAGGCCGGCGAGCCGGCGCGCGGCACCGGGACGACGATCACCTTCACGCCCGACGTCGAGGTCTTCCAGGCCCTCGACTACGACTCCTCGCTGATCGCCGAACGGCTGGACGTGAAGACCTACCTGAACAAGGGCCTGGTGATCCAGTTCGTCGACGAGAGGGCCAAGACCAGCGTCGAGTTCCGCCACGACGGCGGCGTGGCCGACTTCCTCGACTCCGTGAACCGCCAGCGGAACGACGTGCGGGTCGCCCCCCTCCCCTTCGTGCTGGAGCGCGAGCTGGACCAGGACGGGATCCGCTGCCACCTCGCCCTCTCCTGGACCGAGGCGACCGACGAGGATGTCCGGTCGTTCGTCAACACCATC
NZ_CP011273.1_gap115	5281588	5284455	2867	GAGCCGATGATGATCACGGCCGAATGAGCAGCAGACATCGTCACCCTTTCCGAGCAAGGCGGATCGCGAACCAGATCGAATCGAACCGGACCAGGCCGCACCGGCCGCCCGAGTGGCGGACCCGCTCGCGGGGCGGGTGGGAGGGCCTCCGGGATCGGGAGTCTCCGGGGAGCGTCCCCCGGGCGGACGCGACTCCGAAATTTTGCGCATTCTCGCCGATCGACTCACAATCCTAGGGGGTCGTGACCTAGATTTCCAGCAGACACCCTGATGACCGGAGTCGGTCGCTTCCTCGGCGGGAGCATCAAGAGCTGGGGACGAGCATCAGGGACCATCGGAGGGACGACACCATGCTGGTCTTGACGCGGAAGCTCATGGAGAGGCTCTATATCGGCAACGACGTCTGCGTGACGGTCGTTCGGCTGGAGGGGGGCCAGGTGCGACTGGGGATCGAGGCCCCGCGCGAGGTGGCGGTCGTCCGGGCCGAGCTCGTCCCGGAGCGCCTGGCGGAGACGCCGGTCCGGCGAGCCCGCAGCGACGAAGCGGTCGTCGACGCCGCGGTCAGGCGTCCACAAGTCGCGGCTCGTGGAAGCGATACCCCACGCCGCGAACGGTTTCAATGAGGTCGCCGGCCGTGCCGAGTTTCTTCCGCAGGCTCTTGATGTGGACGTCGATCGTCCGCTCCAGGACCACGGCGTCCTCGCCGATCGCCGCGTCCATCAGCTCGTAGCGGGTGAACGCGCGGCCGATCTGGCGGAGCAAGACCTCCAGGAGCCGGAACTCGGTCGGGGTCAGGACCAGTTCCTGATCGCCGGAGAACGCCCGGTGACCGTGGCGGTCGATCCGCACCCCCTGGCTGGCGAGTTGGGAGCCCGCGGGGACCTCCTCCCGGGTCTGGGCCCGGCGCAACTCCTTCTTGATCCGCTGGATCAGCACTTTCATGCTGTAGGGCTTCGTCACGTAATCGTCGGCGCCGGTCGCGAATCCCACCAGCTGGTCGGACTCCTCGGCGCGGGCGGTGACCATGACGACCGGCACGTCCTTCGTGCGGGGGCTCGACTTCAGCTCGCGGCAGACGTCCAGGCCCCCCTTGAGCGGGAGCATCAGGTCGAGCACGATCAGGTCGGGCGACTTCAGGTTGGCTTGCCGGAGCGCCTCGACGCCGTCGCCGGCGATGATCGTCTCATAGCCCTCGCGTTCGAGATTGCAGCAGAGGATCTCGACGAGCGAGCGCTCGTCCTCGACGATCAGGATTTTCGGCTTGGGCATGGTCGTCGCGTCCGGTTCGCGGGCTTCGCGGCCCGAAGTCGTTCATCTCCACAGACAAGTGTACCGGCGGCGTTGTCGCCGTGATGAACCCGACGTGAAGAAATCATGAATCCTCCTCGTCGCGAGCCCCGGCGAAGGCCTCGGCCATGAGGACGGCCGATCGGGCCAAGATCTTCGCTCCCAGCGTCAGGGCCCGCTCGTCGATGTCGAAGAGCGGCGAGTGGAGGTGGGGGGCGGTCACTCCCGGGCTGGCCACGCCCAGGCGGAGCAGGCAGCCGGGGGTCGTTTCCAGATACCCCGAAAAATCCTCCCCCCCCATGCTGGGAAGGCGAATCTCCTCGACGTTCCCGGCGCCGAGGATCTCGGCCGCCGCCCCGGTGCAGACGGCCGTCACGGCGGGGTCGTTGAACACGCCGTCGGTGCTCTGGCTGAGGGCCAGCGAGAAGATCGTCTCGGTCGCCGCGCCGAGGCCGTCGGCGATCTGCTTGAGCCGCTCGGCGACGCGCTGCGAGGATTGCCTGGTGAGCGTGCGGATCGTCCCTCGGATGACGGCCTCCTCGGGGATGACGTTCCCTCCCGAGCCCGCCTGGAGGCTGCCGAAGGTCACGACGGTCGGGTCGCGGGCGTCGACGCTCCGCGGGATCGCCTGGTAGACCGTCGTGATGAACTGGGCGGCGGCGAGCAGCGGGTCGCTGGCCTGGTGCGGCCTCGCCGCGTGGCCGCCGACGCCCCGGACGACGACCCGCAGCTCCTGGCAGAAGGCGGTCATCTCCCGCCGACGGCAGCCGACCCGGCCGACCGGCCGCTCGGGGTCGACGTGCAGCGCCGTGACCGCGCGGACCCCCTCCATGGCCCCGGCGGCGACCATCTCGCGGGCCCCCTCGCCGACCTCCTCGGCCGGCTGGAAGACGACGCGCCAGCAGTCCGGCTTCGGCAGCGTGTCGCGGCAGGCCCAGAGCGCCTCGGCCGCCCCCAGCGCCATCGCGGCGTGCGCGTCGTGGCCGCAGGCGTGCATCACCCCCTCGCGGTGCGACCGATAGGGGGCGTCCTTGGCGTCGGTGATCGGCAGGGCGTCGATATCGGCGCGGAAGGCAGCGAGGGGGCGGGAGGAATCGAGCGTCCCGGCCAGGATCCCCCGACGAGACGGGACGAACGAGTACGGGACCCCGGCCTCATCCAGCCGCTCTGCGAGGAATCGGGCCGTCTGGTATTCCTCGCGGCTGGGCTCGGGGTGGGAGTGGAGGTGCCGCCGGACCGATCGCATCCGCTCGGCGTTCGAGTCGAGCCAGCGGTCCAGCGAGTCTCGCCAATCGGGCATGATGGGAAATCGCCTCGAAGGGGGCGGGCGGGGCGGAATTCGGATGCTCGCGACGTGACGTCGCGCGGGACGATCAACCGATGCGGCCGGTGATGTACGCCTCGGTCCGCTTGTCCTTGGGGTTGGTGAACAGGAGGTCGGTCGGGCTGAACTCCACGAGGATGCCGGTCCGGTGGCCGTCGGTGGCGGCCTCGTCGGGCATGAGGCAGGCGGTCATGTCGCTGACGCGGCGGGCCTGCTGCATGTTGTGGGTGACGATCACGATCGTGTAATCGTCCTT
NZ_CP011273.1_gap116	5470916	5474390	3474	ACGAGTCGCTGGGCGAGGGTAAGTACGTCCACCAGATCCCGCCCCAGGGATCGAAGGGCTATCGGCCGGGACGGACCTCGGCTCAGCGACGTCAGGGGAAAAAGCAGGGTTCGTGACGATCGCGAGATGCGATCATCGCAAAAAACACGATTTGCTTGATTCCCAGACAATCCCATTCATACAATCACCGTGCAATCCTCGGCCCGTCGCCCGGTCCAGGCGCGAAAGAAGCGTCTGCCGAGAGTCGGGGGACGCCGAGGTTGCAATCCGGGGAAGCCCCCGCTCAGGCGAGGGTTGGAAATACGACGATCCGTTCAGATCCAAAGCCTGAGACGCCGGCATGCCCACGTGCAGTCCAGCCCTTGCGATCGCCCGCGTGAGGCCAGCCTCGGCCGCCTGGTTGGTCGCCTGGCTGTTTACCCTGCTTCAGCAGTAGCCATGCCGCATCATTCTACCCGCTAGAACGATCGCCATGCCGAGCGACTCCTTGAAGAGCCACCTCATGGAAACCTCCGCGTCTCCCTCCTCGCGCCCGACGGACTCCTCGTGGTGGCGGGGGACGGTGATCGCCCTGGTCATCCTCGCAGTCGGGCTCGCGATCGGATGCTTCGCAATGGGGGAGACAGGCCCGCTCTGGCCGGACTCGCCTCGATACGCGAACGGCGCGGCGATGATCCTCGACTGGCTGAGGTCGGGGGACTACCATTCCCCCAAGGCTTTCGCCCTACGGAACTACGCCCAGTACCCATCCTTCAGCATTCCGTACCACCCGCCGGGTTATCCGCTGGTGCTGGCCATCTGGTTCGGCGTCACCGGGCCGTCGTATGCGTCGGCTCGGCTGTTCATCGCCGTGTGCTGGGCCGCGACCGGCGGGCTGTTTTATCTGATCCACCGCCACTTCGGAGCGGGGCGGACCTCTAGCGCGGCTGTGGCCTTGCTCCTCCTGACCACCCCTCCGCTAGCGATTTGGGCGCGGGACACCATGTCAGAGGTCCCAAGCCTCGTGCCACTGCTGGCCGCCACCCTGTTCTATGTCAGGTGGTTGGACGGGGGACGAGCATGGAACGCCGCCCTGGCGGGGTTGCTGCTTGAGACCGCGTTCTTCTTCCGCGTGACCACCTCCGCGGTCGTCCCGGGATTGGTCCTTTACGGCATGCTGACGCGTGGGCTGACTCGGCGGAAACTCCTCTGCGTGGCGCTCTTCGGGGTCGTCTACCTTTCGGTGAACGCGGGTTATATCACATTCGCGGCCCAGTACAGCCGGCACGAGGTGTCCGCCGACGGTAAAGACCAGGGACTCGGCTTCGCGCAAGCTATCCAGTACTTCCGCGTCTGTTCGCCGGGTCTGGTGGCGGGTGGGACGGCCGCCGTCGGGTTCGGCGGGTTGCTCGCGGCCCTGATCGGACGGTCCGTCCACCGGCCGGTCCTGTTGTGGGCGGCGTGGTTGGCCAGTTGCGTCGCTTTCAAGATCGCCGTCCCCACGACCACCGAGGTCCGGCACTTGGTTCTGGCGATGCCGGCGCTCGCCGGCCTGGCCGTGGCGTGGTTCCCGGACCGCGACTCATCCCGCTATCAGAGGCGACTGGCCCTCGCCGCAGCCTTGTCGACGCTAGCCGTGGCCTTCAATCTCTTCGTCCTCGCGAGAACGACTCCTCGAGGCCTGGTCGGCTACGCACCGGTCGCCGAAGCCCTGGCGAAGGCCGACGGCCCCGGGCATATCTTCATGGCCTGCCCGGAAGACCAGGAGCTGATGTTCCGCTACCGCGTCGCCCACCCCGCACGAGACCGAGACTGCGTGCGGAGCGACCGCAGCCTCGTCGTGCGGGTATCGGAATACGCCCACCAAACCGACGATGTCCGCGCGACGACGCAAGACGACGTGCTCGACGTCTTCCGACGCGGCCGGATCGGCTATGTGGTGACGTGCCAGCCGTATCCTGGGCGGCGAGACGTCCGCCCAGTCGACTACAAGCTGACGGAACAGACGGTCCGCGCACGCCCCGAAATGTTCCGCGAAATCAAATCGTTCCCGCTTCTGGTCGATTACGTCGACGGGGCTCACCGCGACACTCAGGGGCTGGTGACGATCTGGCAGGTGACGGCCCACGTCGAAGACGGTCCACCTGACCTGCCGGTCCTCGTCCCGACGGCCAGCTTGAGGATCGAGCCTTAACAAGGGTCGTCCGGCCAAATTCGAGAGGGATCTTCCCAGCGACCCCACGTCCAGGATTCCTCGCCTCCTCCGAGCCTCATGGTGCACCAACGCAGGGGGCGTGGGCGGAACCTCGATGCTTGCCGCCGCGATCCGTCGAGCACGCATGGCAGCCCATCGAGTTACCGGATATTGTGGGATGACGATCGTCTTAACGCAAATTGGCAAATTGTTCGACATCGCCGCGTGCATGTCCTGCACCGGCAAGGACCCGTTCGCCGGCCGAGAGGCCTACGCCGCCCAGCACCTCCGCGACCGCAAGCTCCAGCGGGCGTCGCTCCAGTGCTTCCGCCCCGAGGACGACTTCGAGGGCCGGAAGGCCCTGCCCGCCGTCGGCCGCGAAGACCTGATCGGCGGCGGCGCCCTGCAACCCCCAGACAAGCCAACCACGCGGTCTGAGGCACCTGACACGACGACCACACGACCACTACCACGACCACGCCGTCCTGAATCCCGCGAAGGCGGAGAAGTCGACCGAACCAAGGCCCGAGCCGGCGAAGCGGCGAGGGGAGAAACGGTAAGGACGAGACGTTGCCGATTCGACGGCGGACGACGCGCCGAACGGGTCGAGATCGCCCGCCGACCCTCGGCCGAACGACGGCCGACGCCACTGGATGACATTCACAAAGCCTGATTTGACACTCGCCGCATCGAGCCCGACCGCCCGACCGGCCCTTCCCTCCCGAGGTCGTCCCGACCATGCCCCGCAGAGACTCGCGTCCCCCTCGCCACCGCTCCTCGTCGCCCGGCTCGAAGCCGCCGGGAGGGCGGCCCCGCCCCAAGACGGCCTCCGGCGACCGCCCGAAGCCCCCGGGCGGACGGCCGACCTTCAAGACCGCCCCGCGCGGTAAGACCATGCCGGTCCTCGCCGGCCTGATCGCCACCATCGCCCCCAAGGTCCTCCGCGACGTCCTGGACCGCGGCAAGCGGCTCGAATCGGCGATCGTCGACGCCCAGGGCGACGAGGCCAAGAAGAAGTCCACTCGGTCCGACCGCATGATGATCAACCGATCCCTCGCCTCGCTGGTGCGCTGGTGGGGCTGGATCGAGCCCCTCAAGCTCGTGCACGTCGAGGAGCAGCTCCTGCTGGCCTGGCTGCTCGACGCCCCCGACCTGCCGGCCGTCCCCCGGCTCTGGGCCAGCCGCTCCGGCCGCGACCCCAGCCGCCTCTTCTCCGGCGGCGACGCCCCCAACTGGACGGCCCGCGCCGAGACCCTGAAGCGGTTCGTCGCCGGCCGCACCGTCGCCGCCGACCCCTGGAT
NZ_CP011273.1_gap117	5476439	5479882	3443	GGCGAAGCGGCGGGCGAGGAGGCACTGGCGGCCGAAGTTCTCGGTGACGGGGTCGTCGAGGCCGTACGCCTTGAGGGTGGCGGGCGACTCGTCGGAGATGTCCTGGATCTCCGGCATCTCGGTCTGCATCCGGAAGGCCAGCTCGAACGACTCCAGGCGGCCTTCCAGCTTGGGGTCGGGGCCGGTCTGCTCCAGTTGCTCGCGGTTGATCTCCGCGAGCAGGTCGAGCTGGGCCCGCTGCTCGGCGGCGGAGAACCGGGGGCTCTGGATGAACTTGACCCGGGCCTCCTTCGCGGGGACTCCGGCGTTGCCCAGGGGCGTGCCCTGGTAGGGGGCGGGCAGGAAGGCGGAACTCCAGTTGGAGACGCCGCCGTGGGCCAGGGTCGGGCAGATGGTGAGGAAGCCCGGCAGGTTCTGGTTCTCGGTCCCCAGGCCGTAGGTGATCCAGGAGCCCATGCTCGGCCGGACGAAGTTGTCGCTGCCGGTGTGGAGCTTGAGCAGGGCGCCGCCGTGGGCCGCGTTGGTGCCGTGCAGGGAGTTGATGATGCAGAGGTCGTCCACGCACTGGGCGACGTTCGGGAAGAGGTCGCTGACCAGGATCCCGCTCTCGCCGTAAGGCCGGAACTTCCAGGGGGAGCCCAGCAGCATTCCGGTGGGGGCGAACTGGACCCGGGGCTTGTCGAAGGGGAGCGGCTTGCCGTCGTCGCGCTGGAGGTTCGGCTTGTAGTCGAAGGTGTCGACGTGCGAGGGGCCCCCCTTCATGAACAGGAAGATGACCCGCTTGGCGCGGGCCGGGAAGTGGGGGGCTCGCGGCGCCAGCGGGCCGGCCGAGTCCGCCCGGGCCTTCTCGTCGGCGAACATCGCCGCCATCGCCAGGGAGCCGAACCCCGTGGCGCACGTCTGGAGCATCCGACGGCGGGAGACGAACCGTCGCGAGTGTTGGTCCATGTCACGACCTTTCGTCCGGGATTATCGGATGTACACGAACTCATTCGAGGCCAGGATCACCTGGCAGAGCGCCTGCCAGGCTTCGGGTCGGCTCGGCTCGCCCTTCGATCCGCCCGATCCGCCGGGCCCGTCGTGCGGGAGGCGTTCGAACCTGTCGAGGAACGCGAGGTCCCGCCGCGACTCGTCGGTCGTCGGGGTCCGGCCGTAAGTCCGCTGGTAGAGCCGGCGGAGCCGGTCGGCGTCGTCCGACTCGGGGCGGGCGAGGAGGTCGGCGGCCAGCTCGCGGGCCGACTGGATGACCAGGTCGCTGTTCATCATGAAGAGGGCCTGGGGCGCCACGGTGGTGGTGGCCCGGTCGCCGTTCATGACGTTGGCGTCGGTGGAGTCGAAGAGCTGGAACATGTCGTACAGGTGGTTGCGGACGATCGGCAGGTAGAGCGAGCGGCGCCGGGTGTCGTAGCCGGTCTTGTCGCGCGACGTGTGGTCGAAGAAGTAGGCGCGATTCTCTACCTGGAGCAGCGAGCCGCCCATCGTCTCGTCGAGGGCGCCGCTGACGGCCAGCAGGGCGTCGCGGATCTCCTCGGCCTCCAGGCGGCGGACGTCCCATCGCCAGTAGAGGCGGTCTTCCGGGTCTTTCTGGAGCGCCTGCGGGTCGGCGTCGCTGCTCATCTGATAGGTCGCCGAGAGCATGATGAGCCGGTGCATCGCCTTGATCGACCAGCGCCCATCGACGAAGCGGCGAGCCAGCCAGTCCAGCAGTTCGGGGTGGGTCGGCAGGGCGCCGTTGACGCCGAAGTTGTCGGTGGTGCTCACCAGGCCGCGGCCGAAATGCCAGCGCCAGATGCGGTTGACCATGACCCGGGCGGTCAGGGGATGATCCGGCTCGACGAGCCATCGGGCCAGTTCCAGACGTCCGCTCTGGGTGCCGCCGAAGCTCGTCGGAGAGGCCTCGTTGAAGACCTGGGGCGCGCGACGAGGGACGACCGCTCCCAGCGCCAGGTGGCTTCCCCGGATGTGGACGGCCACGTCGGTGGGGGTTCCTTCGGCGACCCCCATCGCCGACGGCATCACGGGCGCGGCCTTCTCCAGCGCGGCCAGGTCGGCCCGCAGCTTGACGATCCGGGCGCGGGTCTCCTCGGGGTAGAGGGGCTCGAGCTTCTCCGGGAGGGTCGCGCCTTCCGCCTTCCCGGCGCGGACCTGCTCGTCGGCGGCGGCGACCAGGCGGTCGATCTCGGCCCTGGCGGCGGCGACCTCGGCGTCGTGGGCGGCCTTGCGGGCCAGGTCGGGCTCGGTGGCGATGGTGTTCTCGTGCCAACGGGCGACGGTCGCGAAGCTCTCCATCGTCTTCGTGCTCTTGAAGACCCCGGCGAGGGCGTAATAATCGGCCGCGGTGATCGGGTCGAACTTGTGATCGTGGCAGCGTGCGCAGCCCAGGGTCAGGCCGAGGACGGCGCGGCCCAGGGTGTCGATCTGCTCATCGATGATGTCCATCTCCATCTTCGTCTTGTCGACCTCGGCCAGCACCTTCGGCCCGAGGGTGAGGAAGCCGGTGGCGATCAGCCGCTCATGCTGGACCTCGACGGGGTCGGTCTTCGGGAGCAGGTCGCCGGCCAGTTGCTCGACGATGAACTGGTCGTAAGGCTTGTCGCGGTTGAACGCGGCGACGACGTAGTCGCGATACCGCCAGGCGTTGCCGTGGGCCACGTTCTCGTCCAGGCCGTTCGAGTCGGCGTAGCGGGCGACGTCGAGCCAGTGCCGTCCCCAGCGCTCGCCGTAGTGGGGGGAGGCGAGCAGGCGTTCCACGACCCGTTCGAACGCGTCCGGGGCGTCGTCGGCCAGGAAGGCGTCGATCTCCTCGGGGGTCGGCGGCAGCCCCGTCAGGTCGAAGGTCGCGCGTCGGATCAGGGTGGGCTTGTCGGCCGGCGGCGCCGGCTTGAGGCCCTGGGCCTCCAGTTGGGCCAGGATGAACCGATCGAGGTCGTCGCCGGGCGGGGTCGACGCCGGGTCCGACGCCGAGACCGCGGGGGGCGTCGGGTCGGCGGGAGGACGGAAGGCCCAGGCCCCCTGCCCCGGATCGGTCGCGGCCTCGGGCTTCGAGGCGGTCGCCGCGATCGATTCGGGGGCGGGCGCGCCCATCTCGACCCAACGGGTCAGCACGTCGATCTGGCGATCGTCGAGCTTCCCCTTCGGGGGCATCAGGAGCGATTCGTCCTTGTAGCCGACCGCCGTGATCAGCAGGCTTTCGGCCGGGTCTCCGGGCACGACCGCCGGGCCGAGGTCGCCGCCGACCAGCCAGGCCGCCGAATCGTCGAGCCGGAGGTTCCCCTTGATCCGCTTGCCTTCCGCCGAGTGGCAGGAATAACAATGCTCGACGAGCAGCGGCCGGACGTTCTTCTCGAAGAACGCGACCCCTTCCGGGTCCGGCTGGGCGGCCTCGGCCGCACCTGCGATCATCGCCAGGGCCGCGACGACCAGACACGCGGGGAGCCCCTTCG
NZ_CP011273.1_gap118	5557689	5561061	3372	ACGACCTGGACCAGCGACGCAAGCTCAAGAATCCGCCGCCCTTCCCCGGCGCGCGCGGTCGCGACGACGCGGAGTCGGCCGAATTCGCGCGGCCCGAGTCCTCGCAACCCGAGGTCAAGGCTTCGGGACCGTCTCCAGGACCGGGAACGCCAGCGAGTTCATCTCCTGAGTGAAGGAGGAGCGGGCGAGGGCGAGCGCCCGGGAGGTGGCGGCGCCGATGCGCAGGCTTCGGTCCTTCATCTCGCCGGTCACCGCGCCGAGGCCGAGGCTCTCGGCGATGTTGAAGACCGACTGGATCTGCGGGTCCCGGGCCAGATCCGCCCCGGCGGCGGGCTCGACGTCCTCCGGGCGGACGATGACGTTGCGCGAGCCGTAATTGTCCCACCCGCGGGGGCCGCGGACCCACAGGGCGACCTCGACCATGACCCGGCTGAGATCGGGCGCAAGCTCCAGGCGCGTGACGACCGCGCCCGAACCGCCCTGGGCGGCGATCCGCTCCAGCGCCGGGGCGAGCGGGTCGACGGCCCCGGCGTTCGGGTCGAGGAGCTTGCCGATCTCGCCGAGGAGCATCGACGGGTCGATCCCGGCGTCGGCGGGCCGACCGTCGCCTTGATCGGGCATGAGCAAGTTGTTGTAGCGGATGAACCGCCGCCCGGGCTCGACGGCCAGTTCGGTCGCGGCGCGTCTGGCGAGCCACTTCGATTCGGGCTCCTCGACGATCGGCAGCAGGCGGTCGAGCGGGGGGATCTCGCCCCCCTCGACGGCGAATCCCCGGCTTTCGAGCGCATCCCGAACCTCGGCGATCGGCCTGTCCTCGACGTCCGGCAGGCTGCACAGCCAGCCCAGGGCGAGCATCCGCCGGCCGGAGTCGGAGCCCCTTTCCGCCGATCGGCAGCCGTCGCGAGGGATGCGCACCGAGAACAGGGGGGCGTCGCGGGACTCGGGATCGTCCATCCGCTTCAGCTCGGCGTCGATCCAGGCGACGATGCGGTCTTCCCCGCCGGCGGCCCTGGAACGCTCGCCACGCCAGGCTTCGAGCCGACGGCGACGCTCGGCGAGGGCCGGCTTGCTCATCGTCGCGGCGTTCCGCGCCCACCGAGCGGCGTGCTCGGGGACGTGGGCCTCGGCCCAGTCGCGACGGACGAGCATGTCGAACCCCACCCGAGGGCCCGCGGCGCTCGACGTGACCAGGCCGAGCACGACCTGGCCGTCGCGCAAGACCACTCGGTCGCCGATCGTCGGCGAAGCCGAGGCCGGCGCGGGGGCGTTGCCCGTGGAGTCTTTCCCCGCCCTGGGCTCCTGCCCCGCCGGGGCGTTGACCAGGCAACTGACCAGCAAGACGGCGCGAAGCATGGGGCACCTCGTCCGATTTCGGGGGCGATCGCGGGACGTGACGGCTACTCGCAGTATGATGAGAGATATCGGGGCCGACCAGGGTCGACCTGCAAGTTCGGAGCCGTGGAGCGACGCGGATCGTGACGACCCGCCTGGAACCGCTGGGCGATCGGGCCTTCCTGGCCCGGTTCGAAACCGAGGACGAGGCCCGTCGCTGGGCGGACGCCGTTCGGGGACGGAGCCTTCCGGGGGTGGAAGTCGTGCTGGCCTATCGCTCCGCGGCCGTCCTCGCCGACCCGGATCGGTGCGACCTCGACGCGCTGGAGGCCACGCTCCGGGGGCAGGAGCCCGGCGACGGCCCCGACGTCGTACCGACGCGACACGTGATCCCGGTTCTGTACGACGGCCCCGATCTGCGCGAGGCGGCGGCGCGGCTCGGCATGGGCCCGGACGAGCTGGTCGCGAGGCATTCGAGTCGGGACTACCGGGTCTTCGCGATCGGCTTCCTGCCCGGATTCCCCTACGCCGGATACCTCCCCGACGAGCTTTGCGGGCTCTCCCGCCGCGACGATCCCCGGCTGGAAGTGGCCGCCGGAACGGTGGCGATCGTGGGTCGGCAGACCGGCGTCTACCCGATCAAATCCCCCGGCGGCTGGCATCTGCTGGGCCGGACGCCCCTGCGGGTCGCCGACGCCGAGGCCGGCCGGTTCCCCATCCGGGCCGGCGACGCCGTCCGATTCCGTCCCATCGACCGCGACGAGTTCGAAGCGAGATCCGATGAACTCCTCTGAATCCCTGGACGTGAACGCCGATCTCGGCGAAGGCTCGCCGAACGACGAGTCGCTGCTGGATCGGGTGGCATCCGCGAGCGTCTGCTGCGGGGCGCACGCCGGCGACCCGGACACGATCCGCCGCACCCTGGCCGCGGCCCTCGCGCGGGGCGTGGTCGTGGGCGCCCACCCCGGCTATCCCGACCGCGAGGGCTTCGGCCGTCGCGAGCGGGACCTCGATGCCGCCGAGGTCGACCGCCTGATCCGGGGCCAGGTCGCCGACCTGCGACGGCTCGCGGACGAGGTCGGCGTCGCGGTCCGATTCCTCAAGCCGCACGGGGCGCTCTACAACCAGGCCCAGCGCGGGGGCGAGTCGGCCCGAGGGGTCGTCGCGGCGGCCGTCGGCCTGGGGCTGCCGCTGCTGGGACGGCCGGCGACGCCCCTGGAGTCGCTCGCGAGGGGCGCGGGGCTGGACTTCATCGCCGAGGGCTTCCCGGATCGTCGCTATCGGCCCGACGGCTCGCTGGCGCCGCGGGACGAGCCGGGGGCGGTGCTGCACGACCCCGCCGAGCTGGCCGCGAACGTCCGGGCGCTGGTGGCCGGCGGCGTGGTGCGGACGCTCTGCGTGCACGGCGACGAGCCGGCCGCCGTCGCCAACGCGGACCGCGTCCGGGGGATCCTGGCGGGCCTCGGGATCGCCGTCCGGCCGTTCCTCGATCCCGCCTCCTGACTCGCGCTCAGGACCGGAACACGTCGTCCCCCGCCGGGGCGGGCTCGCGGTCGATGCGGAAGTAGGAGAGGTCGATCCGAGGGATCCGGCCCAGCACGACGTCGGCCACCAGTTCGGCGGTGGCGGGCGAGAGCTGGAGCCCCGCGCGTTTGTGGCCGGCGGCGACGATCAGGTTGCGGAAGCCGGGGGCGGGTCCGATGTAGGGGCGGGTGTCCAGGCTGCCGGGGCGGAGGCCCGCCCAGGTGGCCTCGATCTCGGCGTCTCGGAGCGCGGGGCAGAGCGACCACGCCGCTTCGAGCAGGCCGTGGAAGGCGTCGGCCGTGGGGAGGACGTCGAAGCCGGCGTCCTCCTCGGTCGCCCCGATCAGGATCCGCCCGTCCTCCCGAGGGACGAGATAGTGCCTGCCGTGCTCGACGATCCGCCGGAGGAGCGGACGGCCGCCGTTCAGCAGCACGATTTGCCCCTTCACCGGCGGCGTCGGGGCGCGCACGCCCAGGTCGGCGAGCAGCCCGCCCGACCACGCGCCGGCGGCGACGA
NZ_CP011273.1_gap119	5562402	5567172	4770	CCAGAAGACGTCAGGGCGGCGACGGCCTCGGACGATCCCGGACGCCTCGGGGATGAGGCGGGCGTCGAGCTTCCCGAGCGGCTCGGGGCGGACTCGGGGTTCGTCCCAGCCGAGCAGGACGAGGCAGACCAGGAGCGAGACCTTCATGAAGCGGCGACCTTTCCGGGAACGAACCTCGTTCCATCGTAGCAGCCCCCCCCGCCCTTCGCCACGCCCGGCCGGCCCCCGCTTGCGGCGGGGGGGGACGCCCGTCAAACTGATCCGAGGCGCGTCCCGCCGTTGGGGGCGAGGCGCGATCCCGGCGGCCCGGCCGCCACCTCCTTCGTCCTCACGCCTCGCACCCGGCCCTCATCATGGAAACTCCGCTGATCCGCCCCGGCGACGTCCCGAGCCCGGAGACGCCGCTCCAGCTCGTCGTCCACTTTTTCAACGCCGCCGAGGGGAACCTCGCGACCCAGACCCTCATGACGCTCGGCATTCCGGGCGATCGGATCGGGGTCGTCGATCCCGAGCGGATGGAGCGGAAGCGGGGCATGATCCTCGCGGTGGGATGCCCTGACGAGGCCGCCCGCGCCCGCGCCGAGGACGTTTGCCGGAAGCTCGGCGGAGAGGTCCATCGCTGGCGAGGCTGAGGAACCATCCCGAGAAAGGCGTCGTCCGACATGCATGCGATTCGATCCGTCCCGGTCCTGACCGCTCTTGCGATCGCGTTCGCCCTGACCGCCCCGAGGGGCGCGTCCGCCGCCGATCCCGCGCCGCTGCTCCAGTTCAACGGCAAGGACCTCACCGGGTTCTACACCTACCTGCACGACCACAAACTTGAGGACCCCGACGGCGTCTTCACGGTCGTCGACGGCGAGCTGCGGATCTCCGGCAAGGAGTGGGGTGGGGTCGTCACCCGCGAGGAGTACGAGAACTACCACCTGGTCACCGAGTGGAAGTGGGGGAAGAAGGCCTACGCCCCCCGCGCCGACAAGGCCCGCGACTCGGGCATCCTGCTCCACTGCTTCGGCGCCGACGACGCGATCGGCGGCCACTGGATGCAGTCGATGGAGTGCCAGATCATCGAAGGGGGGACCGGAGACTTCATCGTCGTCGCCCGCCCGGACATCAAGCCGCTCAGCCTCAGCAGCGAGGTCGTCAAGAAGGAAGACGGCCAGTGGTACTACCAGCCGGACGGCAGCGGCGCCCTCCGCGCGTTCGACGGCGGCCGGATCAACTGGTGGGGTCGCGACCTCGCCTGGAAGGACGAGATCAACTTCCGGGGGGCGAAGGACGTCGAGAAGCCGGCGGGCGAGTGGAACACCCTCGAAGTCGTCTGCGACGGCGACTCCATCACCAACATCCTCAACGGCCAGGTCGTCAACAAGGGCGTGAAGTCGAACCTGACCAAGGGGAAGCTGACCTTCCAGTCGGAGGGCGCCGAGATCGTCTTCCGCAAGATCGAGATCCGGCCCCTCGCCGGCAAGTGACCTAACCTCGCCTCGGCCGTCGCCGCCCCCCTCGCCTCAGCCCCGGTCCTTGACGTGGACGAACCGGTCGATCGCCTCGCGGGTCGGCAGGGCGGACTGGGCGCCGGGACGGGTGACGGCCAGGGCGGCGGCGGCCGTCGCCCACGCGAGGGCCTCGCCCAGCGGGCGGCCCTCGGCGAGGACGGCGGCCAGCGCGCCGTTGAACGCATCCCCCGCGCCCACGGCGTCGACCGCCGTCACCTTGCGCGAGGGGATCTCGTAAACCTCCGGCCCGGTCGTCGCCAGGCAGCCCTCGGAACCCAGCGTGACGATCACGGTCTTCGGGCCCTGGGGCCGGATCCGCTCCGCGAGGGCGAGCGGATCGTCCCCCTTCCCGGCGCCGGCCAGGGTCCGGGCCTCGCCCCGGTTGGGCGTGACCACGTCGGCCGCCGCCAGCAGCTCGGCGATCGCCGGGTCGCCGGCCGTCGGCGCGGGGGCCGGGTTGAGGAGCACGGTCATTCCCGCCGCCCGCCCCCGCCGCATGGCGGCCAGCGCGGTCTGATACGGGATCTCGAGTCCGGTCACGAGGATGTCGCCGGCCTGGAAAAGATCGTCGGGCAGCGCGGCGACGTCTTCGGGCGTCAGGCTCAGGTTCGCCCCCGAGGCGACGGCGATCATGTTCTCGCCGTGGTCGTCCACATAAATCAGGGCGACGCCCGAGGCCACTCCCGACACCACCCGGACGTGCTCCACGTCGATCCCTTCGCGACGATAGAGCGCGAGGGCCCCCCGCCCCAGCTCGTCGTCGCCGACCGCCGTCACGAAGACGACCTCCGCGCCCGCCCGCCGCGCCGCGACCGCCTGATTCGCCCCCTTGCCGCCGGGCGTCGTGGCGAACTCCCCCCCCAGCACCGTCTCCCCCGGCGCGGGGAGTCGAGGCACGCGGACGGTCATGTCGGTGTTGGACGAGCCGAAGAGGAGGATTCGGGACATCTTCGCGCGAGCCTCGGGGGGGGATTTGCGGGGCGTGCTGGAACCGGAGCAGCCGCGCCACGACCTTAACGCCCCCCGCCCCCTTGCGGAAGGAGGTGGGACGGCTCAGCCCCTCGCGGGGGACGGGCGGACCGAGGGAAATCCGGCTCGGCTCACTCCGCCGGTTCGATGTAGCAGCCCAGGGGCCCCCGGGATTCCTTCATGCGCGGGTCGGCGCCGTAGGAGACGACCTGCTCGCGCTTGAGCTCGGCCTTCTCCTTGTGGGTGGTGTAGACGACGGCGCGGCCCCGGTTGTGGATGGCCCAGGTGAGGGCCTCGGCGGTGGGGAGGGGGTGGCGGAAGAGCTTGATCAGCAGCTCGATGACGTACTCGAACGTGTGCTCCTCGTCGTTGAGGATGATCACGTTGAACGGGGGGAGCTTCTTCGTCCGCGTCTCCTGCTCCTCGGCGACGGCGACGACGACTTCCGGCTCCGCGGCGGCGTTGGCCGCTCCCTGCTCGTCCGACATCGGGCATGGCTCCTGACGGGCTTTCGCACACCGAATCCCAGAACTCGTTATACTGTTTCCTCACCAGAATAGGGAACCGAATTACCTCAGCGAATCGATTCGACGGGACGGGAGAGACGAGGATGGCGGAGATGACACCGGGCACGGCGCTTCGACAATTGAAGCAGGCGCACGCGACCCTCAAGAAGGCCCGTCAGTTGATGCGGACGGCCCGGGAAAACCCCACGTTCGGCCCCCGCGTCATGGACGCCGGCTGGGAAGCCCTCATGCAGGCGCACCGCCTGATGGCCGAGATCCCCCGCTCGGCCGTGGATGAAGAAGTCCTGACGCAACAGCTTTCCGTGCAGCGGTATGCGACGTCGCTCCTGGTGCGCCTGCGCCGCCTGCTCCGCAAGGGCGAAGTCGGCCCCGACGACCTGGACGACCTGGACGGGGACGACGAATGAGCCAGCCTCGACCGAGGAACCCCCGAGGGCCCGAGCCCCCCCCGCCGCCGATGCCGATCCCGGACCGGTCCCTGGACCCCGAGATCCCGCTGCCGACCGTCGCGATCCGGTCTCCGGGCAATCATCCGTTCATCTTCCGGAAGATGATCGAGGGGGTGAAAGGACCGCTCATCGCCCGGCTGGGCGACCTCGTCCAGGTGCTCGACCGAGACGGCAACCCGCTCGGCTACGGGCTCTGGAACCCCCGCTCGCAGATCAGCCTGCGGATGCTCTCACGCGAGCCCCAGGCGCCGGGCGTGGACTTCTGGACGCGGCGGATCGACGAGGCGGTCAAGCTCCGGCTCGACATGCTCCGCGTGGAATCCGATTCCAACGCCTACCGCGTCATCCACGCCGAGGGAGACGGCCTCTCCGGCCTGATCGTCGACCGCTACGACGACGTGCTCTCGGTCGAGGTCTTCAGCCTGGGCATGTACCAGCGGATCGGGCCGATCCTCGACCTTCTGGCCAAACGGCTGGGGACGAAGCACTTCCGCGTCCGCGTCGACGAGCGCGTCGCCTTGCAGGAAGACTTCGCCGGCCGCCCCGTGGTCAGCCCCCAGCTCCCCCCCCGGGTGACGGTGACGGAGCACGGCGTCCGCTACCGCATCCACTTCGCGGAGAGCCACAAGACCGGCTTCTTCTGCGACCAGCGGGACAACCGGCGGGAGCTTGCGAAGTTCTGCAAGGACCGCACCGTCCTGGACGCCTGCTGCTACACCGGCGGCTTCGGCCTCAACGCCCTGATCCGGGGCGAGGCGCGCGAGGTCACCTGCATCGACCTGGACGAGAAGGCCGTCGCGCTGGCCAAGGAGAACGGCAACGCCAACAGCGTCCGGCTCGACGTGGTCCACGCCGACGCCTTCGGCTACATGCGGCAGATGGGCCTCAACGGCCGCGAGTACGGCGCGATCATCCTGGACCCCCCCAAGCTGATCATGGATCGCGACGACGTCGCGCCCGGGAAGCGGAAGTACTTCGACCTCAACGTCCTGGCGATGAGCCTCGTCGAGCCCGGCGGGCTTTTGCTCACCTGCTCGTGCTCCGGCCTGCTGGACGCGGCCGAGTTCCAGGGGCTCCTCAAGGCGGCCTCCCGGAAGGCCAACCGGAGCGTCCAGCTTCTGGCGATGACCGGCGCCTCGGCCGACCACCCGGTCGCGCTGGACGCCCCCGAAGGCTCCTACCTGAAGGCGGCCTGGCTCCGCATGGGCGAGCGGCTCCCCGAGCCGATCTCCTCCCCGCCGTCGGCCGACTTTTCGACAATCTCCCCGACCGACTGACATCGTGAACGAGGCGACGACCGCCGTGGCGAGCCTGACCGTCGAAAATTAC
NZ_CP011273.1_gap120	5716621	5720973	4352	CCGGCCTGCTTGGAATTTCGGAGCGGACGCTGTGGCGCCTGCTCTCCGCGAGGCAGCTGCCGCAGCCCCTGCGGCTGGGCCGCAACACCCGGTGGCGCTCGGACGAAATCCGGCGCTGGATCGAGGCTGGGTGCCAGCCACCGCATGGTAAATGAGCAAATCCGGCTGGCGCGAATTCCACTCCCCCGTTACCGTAGATCAAGGCACCTTTCCCCCGGCGGAGCCGTCACCATGGCGTCTGTCTTCAAGAAGAGCCGCGACAAGGGCAAGAAAAACAAGCCCTGGTGGATCGAATACGTCGATGCCGACGGCAAGCGAGCGTATGCCAAAGGTTTCACCGACAAGGGGCTGACCGAACAGCTGGCCGCGAAGCTCGAAAACGAAGTGCTCCTGCGGCGGCGCGGGATGATCGATCCGGCGCAGGAACGATTGCTTGCCATCAAGCAGGCAGCCATTTCCGAGCACCTGGCCGCGTTCGAGCGTTCGCTGGACAACGCCACGCCCAAGCACCGCAAGCTCACCATGACGCGGGTGCGGCGGCTGGTGGAAGCCTGCGGCTTTTCCACGCTCGGCGAGCTGGACGCGGAAGCGGTGGAAAACGCGCTCAAATCCATCCGCCGGGAAGAGGACTTGGGCGCTCGCACCTACAACCACTACCTGCAGGCGATCGACGAATTCGGCAAGTGGCTGGTGGCGAGCAAACGCCTGACCGTCAATCCGGTGGCCGGCATCGACCGGCTGAACGCTGAAACGGATGTGCGGCACAAGCGTCGGGCGCTCGCGCCGGAAGAGGTTTCACGGCTGGTGGCATCCGCCCGGATGAGCGGCTGCGAGATTCAGGGCTATAGCGGCGAATTGCGGGCGCGGGTTTATCTCATGTCGTTCCTGACCGGGCTCCGCCGGGCGGAACTGGCTAGCCTGACGCCGCGCAGCTTCCAACTCCATGCCGCCCAGCCGATCCTCAAGGTGCAGGCCGCATGCTCCAAGCACCGGCGGGAAGACACGCTGCCGATGCACCCGGAATTGGTGGCGATGGTGTCAGAATGGATTGCAGGCATGGATGCGGACCAGCCGCTCTTCCCCCGGCTGGACCGAAAAAAAACCTGGCTGATGGTGAAGCTTGATCTGGAGCGCATCGGCATCCCCTACGAAACGCCGGACGGCATCGCCGATTTCCACGCGGCCGGCAGGCACAGCCACGTCACCGGGTTGCTCAGGAACGGCGCCACGCTGGTGGAAGCCAAGGAGCTGGCCCGGCACGCCGACGTGCGGATGACGATGAAATACACCCATATCGGCCTGGAGGACCAGGCGGCGGCGCTGGCCGGGCTGCCCCTTCCCAAAACATCGGCAAACGCCGATCGGTCGGAAATGGGTCGGGATTCGGGCGGCGCATTGAGGCAGGAGCTGTCAGCGGATGGCGGAGATCCCGGCCCGGCCAATGGCCCGGAAAACGAAAAAACCCCTGCCGGAGCAGGGGTTTCGTCGTGTTATGTCAGTGCCAGTCAGGAGCTGGCGGTTGACGTAAGTAGTGGAGGCGGCGGGAATTGCACCCGCGTCCCGAGAAGCGTCGGCGAGGGCCTCTACGTGCGTAGCCGGTCATTTAGTTGTCGGCGTCAGGGCTCCGGTCGGCAGGATCCCTTTCGGCTTAGCTCGTCATGAATTTAGCCTCGGCCTCAACAAGCGGTTTGGCCTAGGCGATCCCGAATTGGCGTCCCTGGCCGGGTCTCTCGGGAGAAGACTCGTCGCAGGGCCGTTGCTGTTTTTTAGGCAGCGAGACGGAGACCAACAGTGTTGTTGGCAGCTAAATTTCGGTCGGCTTTTTACGAGGCCTGCTGACCAACCTCGGCACGCCACCGTTCACTTCGGACATCCGGTCGATCCTGGTTCGCCCCCTTGAGTGAGGGAGAGAACGATTGAGATCGGTCGACGAAACGTCTCACGATCGCCATCGCAACCTAATTATCGCTCTTTCTTCGTCCAGGTCAAGGAGGTCGCGTCCGGGTTAGGTGCCGACTTCCACTCGATGCAGAGCCGCGGAGGATGGTTGCCAAAATCGGCGGCTTTCGTCATATATGGATAGGCTTGGGTGTCCCCCTCACGGATGGGGCTCCCGCCCTCCTCTCCACTCAATCAACGTCGCTTTGGATCATGTCGTCTTTCAGTCACGCGCCCTCCTCGTGAGGGCCTGCGCGGAGCCTTCTTCGATGCGAGCCATCTTGCTGGTTTCGTGGGTGCTGGGCGTATGGACCGTGTATGTCCAGGGCGGGGAAGGTGATCCGTTCCCGGAGGAGCGGCGGACTTCGATGACGTCGTCGAGGGTCGTCGGGTCGCCCGAGCCGCCGCTCCCGTTTCGCACGGAGAAGGCGTTCCCGAATCTGGTGGTGGAGCAGGCCCTGACGTTCGAGCGCGAACCTGGGGCGGACGCCTACCTGATCCTCCAGCATCTCGGCGGTTGGGCGCCGCCGGGGCGACTACTGCGCGCGGCCGATCGCCCCGACGTGGACCGCTTCGACGTGCTGCTGGACTTCGGTCCCGAGACGATCGCCTACGGCCTGGACTTCCACCCGAGCTATGCGGAGAACGGCCTGCTGTTCGTCGGCGTGAACACCCGAAAGGCCGACGACGTCCACGTCACCCGCGTGGTCCGCTACACGGTCGATCGCAGGCCCCCGTTCGCGATCGATCCCGCGAGCGCGCTGACGATCATCGAGTGGGAGTCGAACGGGCACAACGGCGGCGACGTGGCCTTCGGCGGCGACGGCCTGCTCTATGTCAGCTCGGGCGACGGCACGGCCGATTCCGACCTCGACGATCGAGGGCAGGACCTGACCCACCTGACCGCGAAGATCCTGCGAATCGACGTTGACCGCCCGGCCCCCGGCGCGGCCTACGCCACTCCACCGGGCAACCCGTTCGTGCACATCCCCGGCGCGCGGCCCGAGACCTGGGCGATCGGCCTGCGCAACCCCTGGCGGCTCTCGTACGACAAGGCCACCGATCAGCTCTGGACCGGCGTGAACGGCCAGGACCTCTGGGAGACCGCCAACCTCGTCGAGCGCGGGGCGAACTACGGCTGGAGCGCCACCGAGGGGAGCCGCCCGTTCCTCGCCGACCGCAAGCTGGCCCACGCGCCCTTGACCCCGCCGACCGTCGAGCACCACCACGCCGAGGCCCGCTCGCTGACCGGCGGCCTGGTCTACCACGGCGCGAAGCATCCCGAATTGAAAGGCGCTTATATCTACGGGGATTACTCGACCGGCAAGGTCTGGGCGGTAAAGGTCGAGGGGGGGCGCAAGGTCTTCCACCGCGAGATCGCCGACACGCCGTTCCAGCTCACGGGCTTCGGGCTGGATTCGGCCGGCGAGCTGATCCTGATCGACCACCGGACCGCCTTCCACCGCCTCGTCCCATCGCCGCCGGAAGACGTCGAGGCCGCCTCGCGATTCCCCCGCAAGCTCAGCGAGACCGGCCTGTTCGCCTCGACGCCCGCCCGCACCCCCGCGCCGGGCGCCGTCCCCTACGACGTGAACTCGCCCCTCTGGTCGGACGGCGCGCTCAAGGAGCGGTTTCTGGTGGTGCCGGGCCTGGAGAAGATCGAGTACGCGGAGACGAACGGCTGGACCTTCCCCGACCGTACGGTGCTGGTGAAGACCTTCCTGTACGACCTGTCCGGCGACGGTCGCGACATCCCCGCGCCCGTCGAGACCCGCCTGCTGGTGAAGGAGCAAGGCGAGTGGGTCGGCTACACTTACGCCTGGAACGACGAGCGCACCGACGCCGCCCTCGTCGACAAGTCGGGACTCGATCGGACCTTCGACGTGGTCGCCGGAAACGGCGGGAAGCGGGCGCAGGTGTGGCGTTATCCGAGCCGCGCCGAATGCATGGTCTGCCACTCGCGGGCATCGAATTTCGTACTGGGTCCCTCCACGCCGCAGATGAACCGGGAGTACGACCACGGCTCCGGGCCTGAGGACCAGATCGACCGGCTGCAACGGTTGGGCTACTTCGCGAACGATCCCCCCGCGCGCGCCGAGCGGGCCAGGTTGGCGGACCCTCGCGACCCTGCGGCGCCGCTCGATGCGAGGGCGAGGGCGTACCTGCACGCCAACTGCGCGAGCTGCCACGTCGAGGCCGGCGGCGGGAACGCGGCGATCGACCTGAGCGCCGGAGCCCCCCCGCATCGGCTGGGGATCGACATGACGCCGCGACAGGACGCCCTCGCGACCCCCGGCGCGAAGATCCTCGCGCCGGGCGATCCGGACGGCTCGACGCTCCTCTCCCGGATGGCGTTCCGGGGGTCCGGCCAGATGCCGCCGCTGGCGACCGATCAGGTCGACGAGGACGCCGTG
NZ_CP011273.1_gap121	5722574	5725489	2915	TTTCTGGCCCTGGGGCGCGGCGTGCCCCGGCTGGTGACTCTCGCTGATCCAGTTGTACGGAATGACGGCGTCGTAGCCCTCGGCCTCCATCAAGCGGCCGATCTGGAGCTGCCAGGGGGAGCCGTAAGTCCAGTTCGTGTTGATGATGCCGCCGTGGGTGACGACGCCGATCGTGAATTTGCGGAACGAGGCCGTCCGCGCGGGGTCGGTGTCGGCGCCGGGGGCGGCCGGGTTCGCGACCACCAGGACGTAGGGACGGGCGACGTCGATCGGCAGCCCCCCCGCGACGGGAATGGTCAGCTCGTGCGAACCCGGGGTCGAGGCCGATGCGGGGGCTTCGTAGAGGGCGAGCCGGGCGTCCGAGGAGTCGAAGGAGGCGTCGCTCGACCGATAGACGCCGAACCGCAGGGGCGAGCCCGCCTGCGCCGTCGGGTCGGCCTTGTACGCGATCGTGACGCCCTTCGAATCGTGGGTGGTGGCCGAATCCATCACGACGGGCGAGGCGGCGGCCGTGGCGCTCAGGGCCAGCCGGTCCTCCAGCGTCTCGGGCGGTGCCAGTCGAAGCGCGGCGGGCCGTCGGGGGCCGCGGCGGCCGTCTCTCTTGGCGAACGGGAACATCGACCACTCTCCCTTGGGGACGGACGCTCGGTTCAGGTCCGCCCGGCGATCGTCTCGGCGGCGGCCTCGGCCCGGAAGTGGGGCGCGAGCGTCGCGAGCGATCCGGCGGCGGGCGCGGCCTCGGGGCGTTCCCCCTTCCGCGATCCGATCATGAGATTACGGATGTAGATGAAGACGCCTATCGATTGGCCCACGGCGAAGACCGGGTCGCCGCGGGAAATCGCGTAGGAGAAGAGCAAGGCCGCCCCCAGCAGGCTCAGCCACCAGAAGGCCGAAGGCACCACGACTCGGCCCTCTCGCTCCGACGCCATCCACTGCACGACGAACCGCGCCGTGAACAGCCCCTGACCGACGAAGCCGATGATGAGCCAGTTTGAATAGGTAGACATCATTCCCAGATCGTCCCGACGAAGCGAGGCACGCCCGCCGTCCCTCATAACGGCGTCAGGCCGCGAGTTCCCCGGTGCGGCGGCGGTCGAACGCCTCGTCGGCCGCGACCGCCGGCTCCGGGACGTGGGCCTCGAACGCCTCGTAACGCAGGGGGCGCCGCATCAGCCAGGAGACCCCCAGCAGGTCGACCACCACGCGGAACGATCGATTGCGGAAGTTGTAGTGCGAGGCTCCGTGCGGCCGGGCGCGGTGGTTCACCGGGACCTGGACGACCTTCGCCCCCTCGCGGATCAAGAGCGGGCCGAGGAAACGATGGACGCCGTGGAACAGCGGGAGCCGCAGCGCCAGGTCGCGCCGGAAGATCCGGACCGAACAGCCGGTGTCGCGGATCGACTGGCCGAGGACCGCGTTGCGGACCCGATTCGCCCACCGGCTGACCAGCCGTCGGCTCCACTTGTCGCGGCGCAGCCGTCGCCAGCCCAGGGCCGCGTCGTACCCCGGCAGCTCGCGCCAGAGGGTCTCCAGGTCGGCCGGGTCGTTCTGAAGGTCGGCGTCAAGGGTGGCGATCCAGGCCCCCCGCGCCGCGCGGAAGCCGACGGCCGTGGCGCCCGACTGGCCGACGTTCGCCCGCAGGCGGATCGGCCGCAGTTCGGGGTGGTCCGCCTCCAGATCGCGGAGGACCTGGGGCGTGGCGTCGGTCGAGCCGTCGTCGATGATCAGGATCTCGAACCCGCGCAGCCGGGAGGCCGCGGGCTCGTCGCGACGGCAGAGCGGGCGCAGGGCCGCGACGATCTCCGTCACCAGTTGCGGGAGGCTCTCGGCCTCGTCCTTGGCCGGCACGACCACCGAGAGGAATGGGGGCGGACCTTCCGAGGATTCGGCGATCGCCGCCCCCTCGTCCCGCCTCCAGGTCCGGGGGGGTCGGCCGGAGGGATCGAAGAAATGCGGCCGTCCCGTGGGTGTCGACTTCACGGCGAACCTCCTTGGTCGTCGGAAATTCCGCCCTGGTACGGTCGATGGACCTGGGGCGTTGAGATCGACGTTTCTCGTCCGGCGGCGTCCTCGCCCCGGCTTCCTCTCGCCGACCGGTCCCTGTCGTCGAGAGATAGGATCAGACTTGGCGGGCGGTATTCTCCACGGATTTCCCGCGCCGTCCAGGCGGATTTGCCCCCGGGGCGCCCCTCGTAAGGGATGGGTCGCCTTTTCCGGCCGAGGATGGGATACTTGTTCATCAGCCGAAGGAGGGGCAGTAATGGGACGTTGCATCGCGATCGGGCTCGGATTCGTCTGGACTTTCGTACTCGTGGCCGGGGGGGCGCCCGCCGCGCTCGCCCAGGATGAGCAACCCGCCGAACTGCCGCCGCCCGCGACTCGCCAGGTCGATTTCGCGAAGGACGTGGCCCCCTTGCTGGAGCGCAGCTGCCAGCGCTGCCACGGCCCGAAGAAGCACCAGGGGGGCCTGGTCCTGCACGATCGCGAGCGAGCCATGGCCGGCGGCGACAGCGGCCCGATCATCGAGACCGGCCGCTCCGCCGAGAGCCTCCTGATCCAGGTCGTCGCCCGCACCGACCCCGACTACGCCATGCCCCCGGAAGGTGCCGGCGACCCCCTCACCGCCGACGAGGTCGGCCTCCTCCGCGCCTGGATCGACCAGGGCGCGGACTGGGGCGACGAGGCGTCGGCCGAGTCGCACGCCGGCTCCGACCACTGGGCGTTCCTCCCCCCCCAGTCCCCGCCGATTCCCGAGCCGGCCCTCGCCGACCGGGCTCGCAACCCGATCGACCGCTTCATCCTCGCGAGGCTCGAACAGGAGGGCATCGAGCCCTCGCCAGAGGCCGACCGCCGGACCCTGATCCGCCGCCTGAGCCTCGACCTCGTCGGGCTGCCGCCGACCCCCGATGAGATCG
NZ_CP011273.1_gap122	5767471	5772283	4812	GGCACGATCACGCCGTAAGGGATGGTGTAGGGACGGCTCGGCGAGCTGAAGAAGCCGTCGAGATGCGCCCGGCCGGGCTCGCGCTTGCGGACGGCGTGCGAGTCGAGCGCGTAGTGGCTCGCGGTGATGCTGTCGGCGTGGATCGGCGGTCGGCCGCCCGGCGTGGTCGGGATCGCGTCCTTCGCCGTGAACCAGAAGTCGCCGACGATCCGCCTCCCCTCCCGGACGTACACCTGGCGCGGGAAGTGGCCGTTGTCGGCGAACTCGCTTTTCGCGAGGCCCCATTCGCGGCAGCGGGCGCGGAAGTCCTCCGGGAGCGACGGGTCGTTCTGCGCGAAATAGAGAAGGCCCAGCGTGTAGTCGCGCAGGCGGGCCGCGAAGCGGTCGCGCCAGTCCCAGCCGGAGGTGGGCCAGGGCCAGTTCTCCTCGGGGAGGTCGGACGAGAGGAAGTTCCAGTGCTGGTTGTTGGCGTCGACCTTGCCGTTGGGGGTGGCGACGGGGTTGAAGATCCGGCCGATGGAGTCCCAGGCCAGGGCCGTCGGCTTCGGCCCCCTGGCGTCGGCGGGGGCCGTGGTTCGGCCCTCGCGGATGTCGTCGGCCAGCGAGAGGTACTCGGCCCGATCGTAACGCTCCGGCCTGGCGACCTCCGCGCGGTCCTCGGGGTTCCTCGTCAGGCAGAGCCGGTAGTTGAACGCCTGGATGGCGTTGTCGGCCTGCCCCGTCGAGCCGGGCGCCGGGTCGGCCCCCCAGGGCTTGTAGAGCCGGCCGGCCATCGCCTCGCCGAACTCGTCGCGGCCTTCGCGACCGACGCGGTACTCGCAGCCGGCCGCCGCGGCGAGGTCCCCCTCATAGGTGGCGTCGATGAAGACCTGCGCCCGGTAGGTCTCGACGGAGCACGACGCCCGATCGCGGACCCGGATCGCGACGACCCGACCGTCCTCCAGGTCGACGTTCTCCGGCTCGGCGTCGAACTGGCGGTTGCGGAAGACGGCCAGCCGGTCCCGGCGCTCGGCGAGCAGGGCTTCGAAGACCGCCTCGGCCACGCGGGGCTCGAAGTGGTAGCCGTCGGAGCAGTCGCGGACCTGCTTCGAGTCGACCCCGTAGGTCTCGACGTAATGCCGCTTCACCCGGCCGACGAACTCCAGGAACAGGCCGCCGGTCGCGCCTCGGGTCCCGATGTCGGTCGCGCCGAGGCCGTTCGCCGGCAGCCCGCCGACGTGCTCCCCGCGCTCCAGGATCGCGGCCGACCGCCCGGCCCTCGCCGCCGCGACCCCCGCCATGATCCCGCCGGGCGTCGCGCCGACGACCACCACGTCGAACGTCGCCTCGGCCCCGCGAGCGGGGACGCTCGGGCCGGGAAGGATCAGGGCGAGCCCGACGACCAGGCCGGAAAGGAGACCGCGTCGTTTCTTCATCATTTCATCGACCGTTGCGAGACCTCGGGACGTTCGGGACCACCCCGACCGCCGCCGAGTATGCGCGCGGAATTCGCCGGCCGCAACCGCCCGGCACCCCTGGAATCCGGCCGTCGATCGGGCGAACATGGCAGGTCGCCGCGAACTTCGCGCGAGGCCCCGCGTCCGGGAGAGGGTCGAATCGAGGAGGTCTCATGCTCCGCCGCGAACTGCTCCGTCTCCTGGCGTCCGCCCCCCTGCTCGGCCGGTTCCGAGCCTGGAGCGGATTCCCCCAGGCTTCGGCGGGCGACGGCCCGAACGCGGCGGCCGTTTATCGTCGGGCGTTCGCGTGGGTGGACGGCGTGCCGTCGGACCAGTGGGGGGAAGCGCGTGAGGCGTTGGCGGCTTCGAAGCTCGGGCCGCAGGTCGATCGCTGGATCGAGCAGGCCCGACCCGCGCTGGAGGCCCTCCGCGAGGCGGCGAAGATCGAGCCCTGCCGGTGGGGCGACGAGGCGATGACGGCCGACGTCATCGACCGCGATCGGCTCCGGATCGCCAACCGCCACCTCGTGCGCGTCGCCTGCCTGTCCGCGCGTCGGCACGCCGAGGCGAGGCGGTTCGAGGAGGCGTTCGACGACGCTTTCGCCGCCCTGGCCTTCACGCGGCGGGTGGGGGCCGACGGGCCGATGATCGCCCGGCTGTTCGAGTGCGCCGTCGAGGTCGTGACGCTCAGGACGCTGGGCCGCCTCCTCCCGCTCCTGGACCGCCAGGCCCTCGACTCGCTGGCCCGGCGGCTCGACGCCCTCCCCCCGCTCGCGCCGGTCTCGGCGACGATCGGCCCCGAGTCGCGGTACATCCTGAACCGCGTGCGCGCGGGCCTCGCCGAGTCCGGCCCAGTTCTGAGCGACGACGACTGGCGACGGCTCGGGTACGCCGAGGACGAGGCCGACGCCGCGACGCTCAAGGCCCTGACCGGCGGCGACCGCGACCGGCTGCTCGCCCACCTGGACGCGACGGCTCCGGCCTTCGCCGAGCTGGGCCGTCGCCTGGACCTCCCCCGCCCCGAGCTGGACGCGGCGGTTGCGGAGTTCGTCCGGTCTCGTCGCGAGACCGACCCGATTCCGGCGAGCCTCGCCGGGAACGCCCGAGGGGTCCGCGACGCCGTCGACCGGGCGGGCCTGCACTTCGCGATGCTCCGCGCCGGGCTGGTCCTCGTCCGCGACGGCGAGCCGGCGTTCCGGGCGCTTCGCGACCCGTTCGGCGACGGCCCGTTCGGGCTCGAAGGCAGCCGGAAGGGGGGCTGGACCCTCCACTCGGCGCTCCCGGAGGGAGACGCGCCGGCGACCCTTTTCCAGGTCGGCGATCCGGGCTGACGGGCCTCCCGGCCCCGCTTCCCGACCCCCCCGACGATCGATCGCTCGGATCATGAAGATTCTGTTAAGACATTGCTTGCATCAGCGGCGATGTATCCGCTAGCAACTAAATATGCTGCTCTCTCGCAGACGGGCCGACCATCGCCGTTCGGTCCGCCTCTTCCAGCGCGGCGACGCCTGTCTGCGCGCGGACTCCTGCACATCTCCTCCCTCTCTCGATCGCTGTGGAGTTCTCCCATGTTTCGCCAGACTCGGATCTCGGACGATCCCCCCCGGAAGCCCCGTCGCGGCTTCACCCTCATCGAGCTTCTGGTGGTGATCGCGATCATCGCGGTCCTGATCGCCCTGCTCCTGCCCGCCGTGCAATCGGCGCGCGAGGCCGCGCGACGGATGCAGTGCACGAACAACCTGAAGCAGATCAACCTCGCCTTGCACAACTACGTGGACGTGGTGGGGAGCTACCCCTACGCGGGCGGGTTCGGCACCGGCGGCAAGGGCTGGGGCTGGCTGCCGATGATCCTGCCGCAGCTCGAGCAGACCTCGCTCTACAATGCCATCAACTTCATGGACAGCTGCGACTGCTCGTCGATGTCGACGGTCCGCCGGATCGTGATCAACGCGTTCTTCTGCCCCAGCGACCCGAACACGGGCCAGTTGCACAACGACCGCACCACGCCGGGCGTCGCCTGCTTCGGCGGCGATTCGACGCGCGACAACGTGGCCGCCAATCGCCAGAACGGCATGCTCAACAACTACACGGGCAGCTACGGCGACGGCTACAACAACAACCCGGCGAACCCCTACGACACGGCCGGCGCGGGCCTCCGCTACGGCTGCGGCGGCTGCAACGCCTCGGGCTCCGCGGCCGAGACCCCGGCGGCCGACTGCATGTCCCCCACCGGCGCCTACGGCTCGGGCGCGAACCATCGCGGCCTGTTCGACTACCGGAGCGTGTCGGGGGCCGTCTCCATGTCCTCGATCACCGACGGACTCAGCAACACCTTCTCGCTGGGCGAGGTCGCCTCGGTCGTCCGCTCCCAGAGCTCGGTCTGGTACTCGAGCACCGGCTCCACCAACGGCACCTGCCTGCCGATGAACTGGACCCTCCAGAAGTGCCTCCGCGACCCGACCTACGCCAACGCCAACAGCTGGTCCGGGCGCGGCTTCTCCAGCTTCCACTCCGGCGGGTCGAACTTCGGCATGGCCGACGGCTCGGTCCGCTACGTCAAGCAGTCGGTCGACCAGCGGACCTATAACGCGCTCGGGAGCCGCCGGGGCGGCGAGATCACCAGCTCCGACGCCTATTGAGCCGGGAGGTCGCCATGCCACGTCCACATCCGATTGGAAAGCTGCTGACGGCCTCGTCGGCCGGCCTCGCCCTGGCCCTCGCGCTCGCGATGGCGCCGGGACTGGCCGGCTGCGGCGGTGAGCCGGGCCTGGTGAAGGTCACCGGCCGGGTCACGTACAAGGGCCGGCCGGTCTCCAAGGGCCAGGTCTATTTCACCCCCGAAAAGGGGGGCCGCGCCGCCGACTCGGCCCTCGACTCCGACGGCAACTACCGCCTGGGGACCTTCGACCTGGGCGACGGCGCCTACGCCGGGTCGTACCAGGTCTCCGTCGTCTCGCGGGGCGAGGACAAGGCCCCTCCCACCGGCAAGCGAGCCAAGGCCGTGATGGAAGAAGACATGCAGGGGACGGGCGAACCGCTCATCCCCCGCAGGTATTTCTCCCCGGAATCCTCGAACCTCAAGGCCGAGGTCGCCGCCGACCGGTCGAGCAACTTCGACTTCGAGTTGACCGACTGACCGGAGGGCCGAGGCTCGCCACGCCGACCGCCCGACTCGAAGGCCGCGCGTCACCGCGCGGCCTTCAGCTTTTGATCGAGGAATTCGTACGCCTTCATCCGGGCGCCGGGCTCGAACGAGTGCTCCGCGTCCGGGAATTCGGCCTGGAGGTCGTCCTCGGCGCGGTAGAGGGCGTAGATCGGCCGGGCGGCGCGGAGGCAGACGCGGACGCCGTCGACGTCGAAGTTGGCGTCGTGCAGG
NZ_CP011273.1_gap123	5782114	5783787	1673	ACCAGTTCCACCTGGCGCGGGTCCATGACCTCGGTCACGACCGGCATGTTGAGCGAGTCGCCGACCCGGCGGAGGATCCGCAGGCCTTCCTCGCCCAGCCCCTGGAAGCTGTAGGGGCTGGTCCGGGGCTTGAAGGCCCCGCCCCGGAGGATGTTGGCGCCCGCCTCGCGGACCTTCACGGCGGTCTCGTAGAGCAGGTCCTCGCCCTCGATCGCGCACGGCCCGGCGATCATCGCCAGGTGCCCGCCGCCGATCTTGACCCCCTTCACGTCGAAAACCGAGTCGTCCTGGTGGAATTCCCGGCTGGCCAACTTGAACGGCTTGAGGATCGGCACCACCTGCTCGACCCCGGGGATCGCCTGCAACGGCTCGACCTGCAGCTTCTCCTCGTCGCCGATGACTCCGATCACGGTACGCGAGACGCCCTGGCTGAGATGCGGCGTGAGTCCGAGCGCTTCGATCCGCTCCAGGACGTGAGCCATCACCTCGGGCGAGGCGTGGGGCTTCAGGACGATGATCATGGGACGCGGGTCTCGATCGAGTTCGGTTCTATCCGGGGATCTTCGGCCTGGCGCAAGGCGTGCAACACGCGCGCAGACGAGCATCGACCCTCAGCGTGTGTGGAAAGTCCCATCCTAACTCATCCCGCCCCCCGCGCGAAGCGGGCGCGAAGGAAAATCCCGCGCCTTCCTCCTTCCTTTCGTCCGGCTTCAGCCGTCGAAATCATCCGTCGGCGCCTTGTCCACCCGGCGCACGGCCTGGACGACCGCCCAGGCGAGGACGGCCGTCATGAGGATCAGGGCGAGGGTCAGCCAGGTCGCGCCGTCGCCCCAGGGTCGGGACGAGGGGCGGTGGTCGGCGTTGGGGATCGGCGGGCCGAGGGCGACGGTTTCGCGGGGGTGGCGGGGGCCGAGGGCGGCGAGGACGGCGGCGGCGTCGTATCGGGGGGGGTCGAGGGCGTCGGAGCCGTAGGCCAGGCGATAGGTCCGGCCCTCCTCGCCGATGAAGGCCAGGCGGAGGTCGGCGCGGTCGCCGTCGACGCCCAGCACGTCGAGCGGCGGGTTGTCGCCGTCGTCGATGATGATCCGCAGGCGGTCGGCCCGGCTCTCGACGACGTCCAGGGCCAGGTGCTCGCGGCGGAACCCCTCGATTTGATAGAGGTAGAGCGTCCCCCGGCCGATCTCGGCCCAGCGCTCGATCGCGCCCCCCGGGGCCGGGGCCAGGACCCGCGCCGGGCGGTTGAAGTTCCGGCTCGACGTGCGGAGGGCCAGGCGGAGCAGCGGCAACCGCCCTCCCGCCACGTCGATCCGCGTCACCCGCTCGCGGCGGTCGGTCTCCACCTTGAGGACGTCGAGCTGGTCCCGGATCATCGCCGGCTCCTCCTCGGTCGTCCGCTCGACGGTCCGAAAGAGGTCGATCCGATCGATGCGGAAGGGGCGCCGGAGGATTCTCTCGACCTCCGTTCGGCGCTCGCGCTCGCCTTCGATGCGGCTCCGGCTCAATTCGTAATAGGGGGATCGCGACTCGTCGGCCTCGCGCTCGACGATCAGCTTGAACCAGCGGAAGCCTCGGGGGGGGAACGGGACGTCGACGTCGCGGACGTCCATGAAGCGGGAGTAGTCGAAGATGCGGGCGTCGTCGACCAGTGGCGTCCACGTTCGGCCGTCGGCCGA
NZ_CP011273.1_gap124	5799175	5802720	3545	CAGAGCAAGAGGGCCGGCGCGACTTGACGCGTCTTCATGTTCGTCGGGCACCCGAATCGGGACGAGGGGGAACCCTTGAAGAGAAGGACGCACGGGGACCGGCCCGCGACGCGCCCGACGGATCGAGGGCGGATGGCTTCGCGGGATTCATTCTATGTCGATCGGGGAAGGATTTGAAGCGCCGGGCCGGGTCGTCGCGATCGGGATCCGGCGCGCGGGCCCGCCCCTCGGCCATCGGGTGGTCCCGAAAGCCGTGGGGCGGGCTCGTCGGATCGGATCGGTCGCGTGCGGCGGCGATCGAGGGCCCGACGCAGCCATGGTCGGGCCTCGCGAGCGTTCCGGCGCCGCATCCGGAGGGAGTCGGGACGGATCGCTGGCGGGTCAGGTCCCGAATTCGGGGCGGCGTAGGGAGAGCTGCGACTGGAGCCGCTGGATGATCGACGAGTGCATCTGCGAGACGCGGGATTCGCTCAGGTCGAGCGTCGCGCCGATCTCCTTCATCGTCAGTTCCTCATAATAGTAGAGGATGATGATGAGGCGTTCGTTGCGGTTGAGCCCCTTCGTCACCATGCGCATCAGGTCTTTGCGCTGGAGCCGACGGGTGGGGTCCTCCCCCTTCTTGTCCTCGAGGATGTCGATCTCGCGGACGTCCTTGTAGCTGTCGGTCTCGTACCACTTCTTGTTGAGGCTGATGAGGCCGACGGCGTTGGCGTCGGACGCCATCTTCTCGAACTCCTCCATCGGCAGGCCGAGTCGCTCGGCCAGCTCGGCGGGGGTGGGAGGTCGGCCGTGCCTGGCCTCCAGCTCCTTGCGAGCCTCTTCCATCTTGGTGGCCTTGGAGCGGACCAGCCTGGGCACCCAGTCCATGGTCCGCAGCTCGTCGAGCATGGCCCCCCGGATCCGCGGGACGCAGTAGGTCTCGAACTTGACGCCGCGCGTCAGGTCGAAGGCGTCGATCGCGTCCATCAGGCCGAAGACGCCCGCCGAGATCAAGTCGTCGAGGTCGACCCCCTCGGGGAGGCGCTGCCAGATGCGTTCCGCGTTGTACTTGACCAGGGCCAAGTAGCGCTCGACCAACTGGTTCCGCATCTCCGTGGTGGGCTGTTCCTTGAACTCCCGCCAGAGTTCCGTCACATCCACATCCACTTTGGTTGACATCCTGACCTCCGTGTCGGCTGCGCGAGGGGGCGCACATCCCTGTGCGGCCCCCGGCGACGGACGAGGAATCCGTCCCCGGTGATCGCGGGGCGTTTCGCCCGATCCACCGCGTCCCGCCCCGCCGGGGTCCCGGTCCGCGTCGATCGGGGTCGTCGCCCCTGTCCCCTCGCCATTCAAGGAACTCGATCCTCATTACTCATCGGACGATCCGGCCATTCGTCTTGAGCCTTGCCATCCGAAGAATCCGAACAACCCGCGCGATCAAACCAACCCCGCCCATCCCTGGGTGTGGGGAGGCCCCGTCGCGGCGGTCACCCCGCGTTCCGGGGGGTCCCGCGTCCGCCCCGAGGGGCCTGTCCCGAGAGCCATCCGGCCCGAACGGACGCGTCCCGGAGCCCGGGGGCTTCGCGGTCGGCGTCGATGCGGGGGGACGCGGGTGCGGAGGTCATCCGCTCCCAGTCCCTCTGGGCTCGAACCAGTCGTCTCAGGCTCTCGGCTTGGTCGTTCATGGAACGCCTCCGTGGGGACGCGGCGGAAAGGGACGAGGCACTCGGCGATCGGTCTCGGTCTCGGTCTCGGGCTCGATTCATGCGATCGACTCCTCGCCCAGGATCAGGCGGGCGAGCCGGTCGCGGGCCGCGAGTTCGAGGTCGTCGGGGACGGCCTGGCCGGTCGTCAGATAGGCGACCGGTCGGTCGGCGCGACCCAAAACCGCGAGCAAGGGCCCCAGAGTCTCGGCTTCGTCGAGCTTGGTCAAGATCAAGCGGTCGGGACGGGCCGGAGCGAAGAGGTCGGCCGCGGCGCGCAGGCCGCGGGGCGAGGTCGACGCCGACAGGACCAGATGGACCTCGTCCGGCCGAAGACGCCCCAGCAGGTCGCCCAGCTCGCGGATCCGGTCCTGGTCGCGAGGGCTCCGCCCGGCGGTGTCCACGAGGACCACGTCCACCGCGCCAAGGTCGTCCAGGGCGCGTCGGGCGGCGTCGGGATCGTCGGCGACGGCCAGCGGCAGGTCGATGATGTCGGCGTAGGTCCGAAGTTGTTCCACGGCGGCGATCCGGTAGGCGTCCACCGTGAGGAGGCCGACCTTCACGCCCTGACGGAGCTTGAGCGAGGCGGCGAGCTTGGCGAGGGTCGTCGTCTTGCCGACGCCCGTCGGCCCGACCAGCGCCACGACCCGCCGCGTCCCGGAGACCGCCCGGATCGGCGGCGCGACGGCCAGGGCGTCTTCCAGGGCTCGCCGGACGGCCGCCAGGGCCGCGGCGGGGGTCGCCAGGTCCTCCGGCGCCGAGCCGCTCGCGGCCTCGCGGACGAGGGCCCGCGCCGACGGCTCCGGCGCGTCGGCCTCCAGAAGTCGGGCGTAGGCCGAGGCCAGTTCGCGGGGGAGGTCGGGCGACCACTGCTCCATGAGGCCGCGTCGGCTGAGCGCGCCGACCATCGCGTGGACCCGGCCCAGGTCGCCCCGCAAGCCGCGCGGCGGCCTGGCGGCGGCGGGGGCCGCGAGCCATTCCGAGGACGGCGACGAGGCGTCGACCTCGACCGTCGAGTCGGCGGACAGGCCGAAGAGCCGTCGGCGGCGGACCTCGCGGGCGGCGAGGATCACGGCGTCGCCGCCGAGGTCCCGGCGCACCCGCGCCAGCGCTTCCCGCATCGTCCGGCCTCGATAGGTCCTGGCGTCCACGGCCCCTTCCATCCCCCGCATTGCGGGCCTCTCGACGCTCATGCGAACGCCTCGGTCGTCGCGAACGTCACCGGATCGACCGCGGGCTCGGCCGCCTCGGAGTCCTCGGCGGGCTCCTCGACGATCGTCCCCAGGACCTCGACGGGCGTGTCGCGGGGGATCTCGCGCTGGCTGAGGACGACCAGCCGGGGCAGGTCGGCCCGGGTCAGGTCCTTGAGCACGGCGCGGGCCGGGGCCGAGGTCAGGACGATCGGCGGCAGGCCGACCTCGATCAGGGCGCCCACGCCTTGCGCCACGGCGCGGAGGATGCTGCGGACGGTCTCGTCGCCCAGGGCTTCCGAGGGATGGGCCTCGGACTGGCCCGCCACGATCGAGAGCCGGGAGTTGAGGTCCTGCGAGAGCGTGACCACGCGGATCCGGCCGTCGCCCGAGCGGTGGCTCTCGGTGATCTGGCGCGCCAGGCTCTGGCGGGTCAGCTCGGTCAGCGGCTCGACGTCCGTGGTCTTGCCGGCGTGGACCGCCAGCGTCTCGAGGATCGTCTCCAGGTCGCGGATGCTCACCTGTTCGCGCAAGAGATTCTGCAAGAGCCGCTGAAGTTCGCCCGGCCTGAGCAGCCCGGGGACGACCTCGCCGGCGAGCGTGGGGGCCGTGGCCCGGACGCGGTCGAGCAGGCGTTCGATCTGGTCGCGGGTGAGCAGCTCGTCGGCGT
NZ_CP011273.1_gap125	5804319	5807514	3195	CATTCCACTCCCAACGGACCGAACGACGTACGCCCCACGACGCCGGCGCGGAGAGCGATCTTCGCCCCGCGCCATCCCGCCGAAACCTCCCGGCCATCCTCGCCGGCCGCCCCTCGCAATCGAAGGGAGGGCGACCCGTCGAGCCTTGTCCCGATGGGCCCGAATCGGCCCACGTGATGTGTGCGGGGACAATACTTCGATCGCCCCGGATTGTCCAGGGCGAATGACGCTCCGGCCGGGGTTTCGGCGGCCGGATCAGGCGATCGGCCAGGCCTCGCGAAGCTGGGCGAGAAGGAGGGGATCGGCGATCGCCGTTCGGGGCGCGGAAGCGTCCGGCCGCGACGCGATCCGCAAGGCCAGCTGCGCCGCCTCGCGTTGCGGGAGCTTCGACCGGACGGCCGCCTGGCGGATCGAGGCGGCCGTCGCGCCCCTCGCGACGACCCTCACGAACACCTTGCGCGGCGGCGGGCCCCCGCGAGCACGACGACGAGCCCGGCGTCGCCGAGCAGGGCGAGCGAGGAGCCGTCCAGCAGCTCGGGCGTGCCGTCGCGAAACGCCTGGGCGAGCCGCCGACGCGAGGCGCGGACCTTCGGGTCCCCCTCGATCGTCCGCAGGTCCTCGCGATGCTCCTCCGGGGTCGTCCTCAGCATGGCCTCGAACCGGGCGGACCGAAGGCCGTAATCCACCAGCCCCACGGCGAGCATCGCGCCTGCCAGGGCCCACGCGGGGGTTGTGAGGATCGCGAACGCGGCCCGCGCGGCCTCGGGGAACTCCAGGAAGCTCAGCCCCTGCAAGGCTCCCCACCGCGAGCGAACGCCCCAGGCCGCCACGACCGCCAGGATCATCGCCTTCACGACCGACCAGACGCTCCGCTCCAGCTTCGCGACGAAGCCCCCGTCCCGTCCCACCCGCCACAGCCGCGAGAGATCGGGCGTGATGAGGGCCGGAGCCCAGAGCCCGCGGACCTGGAACTGGTGGCCCGCGAACGCGCCGAGGGCGAACCCGCCCACCACCACGCCGACCGGCAAGGCCACGCCCAGCATCGCGTCTCGCACGATCCGGGCCAGGTCGAACGGGTCCGAAAGTCGGGCGACGGGGCCGATCAACGGCGACCGCACGAGGTCGACGAGCGCCCCGGTCAGCCGGGTCTCCATCCCGGCCAGCAGCGCGACCGCCACGAGCCAGCCGGCCGCGGCGGTCAGCTCCGGGCTGTGCGCCGCCTGGCCCTGCTCGCGGGCGAGCTGGCGACGCATCGGTGAAGCGGGCTGCGTGCGATCCTCCGACATCGATCCCGTTCCTCCCTCGCTCAGAAGGCGCCGCGAGCCCAGTCGAGCCAGGCGGCGTCCAGGCAGGCCGCCAGCGCGGCGAGCCCCGCCATCACGAGCAAGACGCCCAGCAGCGCGCGGATCGGCAGCGAGAGCGCCATCAGCGGCACGCTCGGCGCGAGCCGGCCGAGCCATCCCAGGGCCACCCCCGCCGTCGCCAGCGCGACCGCCGGCGGCGCGGCGGCGTGGACCGCCAGCTTGAGCGCCTCGGCCGCCTGCGCGAAAATCCCCTGGATCGTGGCCCGCTCGAAGACCAGCCGACCGGCCGGGACCGCGCGGAAGCTCTGGAGCAAGGCCTCGACCATCACCAGCGGCCCGTCGACCGCCAGGAACGCGACGATCGCGAGCAGGCCGTAAAGATGCCCGAGCGCCGTCAGCTCCTCGCCCGTCTCGGGGTCGAACAGCGACGCCGTCGACATCCCCGCCTGCGCCGCGACGAGGTCGCCCGCCTGCTTCGCCCCCGCGACCACCAGCGACGCCGACAGCCCGAGCAGGCCGCCGACCAGAAGCTCGTTGACCACCAGCCAGGCCAGTCCGTAAGGCGAGGTCGGCGCGCCGACCAGCGGCGCGGCGAGGGGGATCATCCAGGCCCCCAGGATCAGGGCCAGGACGATGCGGAACCGCCAGTCGATCCCCGGCGCGGCCAGCACCGGCGCCGTGAAGCAGACCCCCGCCGCCCTCGCCGCGATCAGGGCGCAGGCCGCCCCGTTCGCGGTGAGCCAGCCGACGTCGAACGGTAGGTCGGTCATCTCGGCGCCGCCCTTCGCATCCAGATCAAAGCATATCCGGGATCGAGCCGATGAGGTCGACCGTGAAGTCGATCCAGCGGGCCGCGAGCCAGGGGAGCAGCACCAACGTCGCGACCACCACCGCCGCGAGGCGGGGGACCAACCCGACGACCGGCTCGTTCAATTGGGTCAAGGTCTGGAGGACGTTCACCGCCAGCCCGACCACCATCGCCGCCGCGAGCAGCGGGCCCCCCAGCATCAGCGAGAGCCTAAGCGCCTCGCGCGTCCAGTCGATCGCCTGGTCCATGTCCACGCGGAGCCCCCCTCCCACCTAAGCCGAAAATCCGGCGAGCAGCATGTCGGCCACGAGCAGCCAGCCGTCGGCCAGCACGAAGACGATCAGCTTCACGGGCGTCGAAACCAGGGTCGGCGGCAGCATGAACAGCCCCATCGCCGCCAGCACCGCCGAGACCACGAGGTCGATCACCAGGAACGGAAGATAGAGCATGAACCCGATCTTCAGGGCCGTCGTCAGCTCGCTCAGGATGTACGCCGGGGCGACCACGCCGATGGCGAAGTCCTCCGGGCGTTCCGGCTGCTCCGCGCCCGGCGTGCCGCCGCGCGAGCGCTCGTGGAGCGTCGTCAAGTAATCCTGATGTTCGGTCATGACGATCTGGTCGACCATGAACGTCTTGATGGGGATCGACCCCGCGTTCCAGGCGTCGACCGCGCCCGCCCGGCCCGCCATGTACGGCTCGACCGCGTCGGCGTAGACCCGTTCGGCGACCGGCCGCATGATCAGGGCGCTGAGCAGCAACGCCAGCGCGGTCAGGACCTGATTGCCGGGGACCTGGGGGCTCCCCAGGGCCTGCCGAAGCAGGATCAGGACGATGTTGATCCGCACGAACGGCGTGATCATGAGCAGGGCGACGGGCGCCAGCGAGACCGCGCCGAACAGCACCACCGACTGCACCGTGCGGGCCGCGCCCGACACGTCCACCGCCGCGTCCGGCCGCGGCGCGGGCTTCGCGGCGTCCGATTCGGGGGCCGCATCGACGACCACCGCGGGCTCGTTGAGCCGCGAGACGGCCGCGGACTTGCGCACGGCGCTCGTCGGCGTCTGCGCCTGCGACCGCCCCGCC
NZ_CP011273.1_gap126	5942205	5944744	2539	ACTGGCCGCAGCCGTTGGCGTTGCAGGCGACCGGTCCCACGTTATACGCGTTCCAGAGCGTCCCCTGCTCGATGAACTGGAGCATGCTCAGGTGGCCGCTCGGCCCCCATCCCCAGTTGTCCACCGGCGAGGGATACATGCAGCTCGGGATGAACGAGCCGTGCGTGCTCTCGTAATTGTGGAACGCCAGGCCGATCTGCTTGAGGTTGTTGGTGCACTGGGAGCGGCGGGCGGCCTCGCGCGCCGCCTGGACCGCCGGGAGCAGGAGCGCGATGAGGACCGCGATGATGGCGATCACCACCAGCAATTCGATGAGCGTGAAGCCTCGGGACGATTTCTTGTCCATGGATCGACTTCCTTATGAGATGTAACGCTCGAGCGGAGGTGCATTCGACGTGGAGAGGCGTGGGACTTGAGAGCCCGAGAGACGTGCGAGGAGAGTCTGAGGCCGCGGCGACCGCGGCCAGGCGGCGTTGCGACGGCGACTCGAGACCGGCGTCGGAGCCGGGCCTCGGGCTCAGCGTCCCGGCATGATCGGGGCGCCCCCGCCCTTCTTGCCGGCCGGCGGGGTGGCGTTCTTGAGCGCCTCGGGGGTGGGCGAGCCGTCGGCCGTGACCGAGGAGCCGGTCCCCTGGGAGGGGGTGGTCCCGGAATCGCAGCCCATCGACGCGATCGGAAGGACGGCGCACATCAAGGCGAGGCGACGGCATAGGCGACCGGACATTCGATTCCTCCTGGGTGCCTGGACGAGATGGCGGGAACGCCGATCGTCGGGGACGCCGGAAGCCGGCGAGCCCCCGCGCCGATCTGCATTCGCTTATACATTGACTCAAGATATATCCCGTCCCACCGGACATGCCAAGATCCAACTTCTCCGATTTTTTCGGGCCTTCCGGTCGGCAGGCTCGTCGACGACGACGGCCCGTTTTCGAGGCCCGACGCAGGCTCGCCGACCGGTCGGGCGTTGCAAGCCCGCTCCTTCAGCAAACGTCGTTCCGACGCCGCCGAGCCCCTCCCCCGGGGCCGCGCCGCCGGCGCGAGATCGAGGGGGCGGCGGGCCGCGGCGACCGTCGGGCCGGCGTCAGCGGCGCGGGCCGTCCGGCCTCCTACCCATGAAGTCATTCGGATTTTCTAGTCTTACACGGACGCCGTCTTGCGGCTCGCCCCCGATCGCGCCGACGCCCGGAGAGGCCGTCGTCCCCCGCCCTCGACGGCGACCCGGACGCCGCCGGAGGTCGTGGGCGAATCGGGGCGCGGGACGGTTGGGAGGCGATTGCGGCAGCTCTGGAATCCTGCGCCGCGCGGGCGGCTCGCGATCAAATTCCGGGCACGGCCGCCCGATCTCGTGGCGGCGGCCCGCCCATCGGTCGCGCGGTCCGGCCACGAAAAAAGCCCCGCCGGGTCGCGAGGACCGGGCGGGGCGGTTGGGAAATTTTGGAAAATTCGAGAGGCGGGGGGGTCAGAACTGGTCGGAGCTGAGGACCTCGCCGCCGTTCCGGGAGCCGAGAGCCCACCAGGCGGTGCGGTTGATCGAGTCCTTGACGAACCGGACCGAACCGTCGGCCAGGGCCATGTTCACGCCGCCGGAGTGGTTGCTGCTCGGCGGGGCCGTGCCATAGTAGTCCTGGCCCCAGGTGTTGCCGGCCCCGGTCTGCGAGGAGGCGCAGGCGATGGAGTTGGGCGGGGAGACGTGGTTGTAGACGCAGAAGTTGACGTAGAACGGATAGGCGCGGAACCAGTCGCCGCGCTCGCCGCCGGCGCCCGTGGTGGTGGGCGGCAGGCTCTGGCAGGCGGCGATGTTGGCGTTGACGGCGTCGGCCGTGGCCGCGAAATTCGACATCGAGGGGGCGATGAAGTGGACCCGCTTGGCCTTGGGCATGGCCCCGGGCGTCGTCTGGGCGGTGTTCGGCGTCCCGGTGAGGACCTCGCTGAACAGGGCCGTGTTGCTCGTGCCGTCGGTGATCGACGCCATCTTGACCGGGACGGAGCCGGGGAAATCCGTGTGGGGGGTCGGGATGAAGGTCCCGCTGAACGCCTGGAGCTGGAAGGGCCCGCCGTAGTTGCCGACGTAGTTGCACAGGGTGACGTTCCGCTCGGGACCGTCCGACGGGCAGAGGAACGACGCCACCTGGGTGTTGAACACCGTGGTGTTCTTGTTGTACTCGGCGAAGCCGCTGGCGTTGCTGGAGACCGGGCCGACGTTATAGGCGTTCCAGAGCGTCCCCTGCTCGATGAACGGCAGCATGCTCAGGATGCCGCTGGGGCCCCAGCCCCAGTTGTCGGTCGGCGAGGGGTAGATGCAGCTCGGGATGAACGAGCCGTGTGTGCTCTCGTAGTTGTGGAACGCCAGGCCGATCTGCTTCAGGTTGTTGATGCACTGGGAACGGCGGGCGGCCTCGCGGGCCGCCTGCACGGCCGGGAGGAGCAAGGCGATCAGGACCGCGATGATGGCGATGACGACCAGCAGTTCGATCAGCGTGAAGCCGCGGGACGGACGTGAATTCATACGAAACTTTCCTTGAACTGAAATCGCGAAGGT
NZ_CP011273.1_gap127	5955976	5957587	1611	GGCCGTACAGGTCGTACTGCTGGACGTCGCGGACGTCGGCCAGCGCCAGGACGCTCCCGTCGGAGTTCGTCGCGATCGAGACGCCGAAGCCCCCTGGCGCGTCGGTCTCCGGCTCGATGGTCCGCACCTGCTCCCAGCCCGACCCGGAGCGGACGAAGACGTAGACGACGCCGTTCTCGATCACGTCGGTCGACGCGCGCGCGGCGCCGACGAAGAGGGTCTGGCCGTCGCCGCTCAGCGCCGTCGAGAGGCCGAACCAGGCCCCCTCGATCGGGACGTCGGCCTGGACCCGGGCGGTCTCGACCCAGGACTCGCCGGATCGGGCGTAGACGAAGACCGCCCCCGCCCAGGACGGGCCGTCCCCTTCGGTGTGCTGCAGGACCCCGACCACGAGGGTCCGGCCGTCGGCGCTCATCGCGAAGCTCGGGGAGTTCACCGGCAGCGCGGCCCGCTGGACGTAGGGGTCGACCACGAGGGGATAGACGGCCTCGGCGTCGTCGACCCGGATCGAGACGGTCGGGCCGCCGGCCGAGGCGTCGACGGTCATCGTCGCGGGGATCGCGCGGCCTTCGGCGTCGTAGGCGATCAGGCCGCCGTACGAGGCGATCCTCGCCCCGTCGGCGCGGGCCAGGGCGATGGACGTCCCGCCGGGCTCGGCCCGGGCGGTCAGGCCCTCCACGGCCAGGCGGATCGTGAGCGGGCCGTCCGCCGGGGAGCCTTCGGGACGGACGTCGAGCGTGAAACCTTGCTGGAGCCCGAGCGGGCCGTTGACGAACCATTGCGTCACCGCGCCGTGGTCGTACTCGACGCGGTTGGCCAAGGCCGTCGCCACCCCGGAGCCCAGCGCCCGGACGTCTTCGCCGTACCCGAGCCCCTGGACGGTCAGCGACCAGGATTCGGCCCCGGACGCGATCCGGAAGCCGCTCGCGGCCACGGTCGCGGCGTAGGCGTTGGCGGGGTTCTGGATCGCGAAGCCGACGTCCCCCGCCCCCCGGGCCGCGTACGAGGCGTCGCCCCGACCCAGCGATTCCGACACGGCGTACCGGGCCGCGAGCGGCAGGTCGGCCGCGAAGCCCGAGGCCGGCGCCACGCGTCCCTCCAGCCGGTCGAGCGCCGGCCGGAGCCGATTCGCTCGCTTCCCCCTCCCGCGGGCGGCACGATCCGGACTCGTCGGGACGCGGCCCGTACGCTTCGGCTGGGGGGCGGGCATGGCCAGGCTCTCTTCCTTTGAGACGGCTTCCAGGAAGCGCTCGCGGCCGACGTGGCGGTTCGACCCCAGCGACGACGAGTAGGCGATTTTATCACGTCTTCGACCGTCGCCTCCAGCATGATCCACGGCGGCATCATGGCGCCCCGCGGGCCCCGGGGATACGATGCCGAACCGGGCGATGCGATCCGTCGTCCGAATGAGCATCGAGGGTGGGAGGGGCCGATGGAACGCTGCGGGTGGGCGAGGAACGATCTGGCGATCAGCTATCACGACGAGGAGTGGGGCGTCCCGGTCCGCGACGATCGCCGCTGGTTCGAGTTCCTGATCCTGGAGGGCGCGCAGGCCGGCCTGAGCTGGGATACGATCCTTCGCAAGCGTGAGAACTACCGCCGCGCCTTCGC
NZ_CP011273.1_gap128	5979448	5983215	3767	TTCGCGGATAACATCGACGGGCGGGGTCGAGGCGGTCGCCGGGCGTCGGCGGATCGCGCGGCCTCGTCTCGAAAGGGGGGCCGGGCCGATGACGATCGAAGGATTCCAGGGTCGGGCGCACGGCCCGCGACTATGGCGTCGGTGGGTCGCGTCGGCGCTGGCGGCGTTCGCGCTGGCGGCGGGTTCGGCGTCCGGGGCCGGGGTCGAGCCCTGGGCCGACCCGGGGCTGCCGGTGCGGGACGGCCTGCGGGCCTGGCTCGACGCCGGCAGGCGGCCCGACGGGGTCGCGAGCGCCTCCGATGCCCCCCTGGCGGCCTGGCCCGACGCTTCTGGCGAGGGTCGCTCCTTCGAACAGCCCGAGGCGAAATCTCGTCCCCGACTCGTCGAGGCCGACGGCCGCGCGTTCGTCCGGTTCGACGGCGTCGACGACTTCCTGGAGGCGAAGGGCCTGGATGCCGGGGCGAGCGAGGCCACCGCCTTCCTCGTCGTCGCGCCCACGACGAATTTGGGGATGTTTCGAGGGCTCCTGGCCGGTGCGGAGCGGGGCCGCAACGACTACACCTCGGGCCTGACGATCGACCTCGGCCCCTTCGCCTCGACGCGACTCGACGCGATCAATGTGGAGGGCCGCGGCTTCCAGGGCTTCTTCAACGTCGTCGACGCCCCGCGCGACTTTCGCGAGTTCGTCACGATCATGGTCCGCATCGGGACCGGACCTCCGGGCGCGGAGATCGCCACGACGATCGACGGCCGCCCCCAGCAGCCCCGGCCGCGCCGGATCGAGCCGATGCGGCTCGACCGCCTCACGCTCGGCGCGCGGCTCTACAGCAATGAAGCCAGGCCCCCGTACGTCCAGGGCTTCCTGCACGGCGACCTCGCCGAGGTCCTCCTCTACGACCGCGCGCTCCCCGACGCCGAGGCCGACGCCGTCCGCGACTATCTCGACGCCAAGCATCGCGGCCTGACCGACGTCCTCCGCAAGCTTCCCGAGCCCGACGGCCGCCGCCGGCTGGAGCTGGTCGAGAATCCCCCGCCGTTCCAGATGCTCGTCCCCGGCTTCGAGGTCTTCGAACTCCCCCTTGATCTCAAGAACGTGAACAACGTGCGGCGACGGCCCGACGGCAAGCTGCTCGCCGTCGGCTACGACGGAATGATCCACCTCCTGTCCGACACCGACGGCGACGGACTGGAAGACCGCGCGGAAGTCTTCTGGGACGGTCGGGGCTCGATCGTCTCGCCCCTCGACGCCGCCCTCACGCCCCCCGGATACCCGCTGGGCGCGGGGCTGTTCATCCCCTGCAAAGGGAAGTGCGTCCTGATCGTCGACGGCGACGGCGACGACCGCGCCGACCGGGAGATCGTCGTCGCCGAGGGCTGGCCCGAGCTGGTCCACAGCGTCGACGCGATGGGCGTCGCCCTCGCCCCCGACGGCTCGATCCTCCTCGGGACGGGATGTCAGGACTTCGTCAACGCCTACCAGCTCGACCCCTCCGGCGAGGCCCGGTACGACGTGCGGAGCGAGCGCGGGGCGATCCTCAAGGTCTCCCCCGACTTTAAGAGCCGCGAGATCGTGGCGACGGGCGTCCGCTTCTCGGTGGGCCTGGAGTTCAACGCCGAGGGGGACCTGTTCGCGACCGACCAGGAGGGGGCGACGTGGCTCCCCAACGGCAACCCGTTCGACGAGCTGCTGCACATCCGCGCGGGCCGGCATTACGGCTTCCCCGCGCGGCACGCCAGACACCTGCCCGACGTGATCGACGAGCCCTCGACGTTCGACTACGCGCCCCAGCACCAGTCGACCTGCGGCCTCACGTTCAACGGCATGGGCGACGAACCGAGGTTCGGCCCGAGCTGGTGGGGGGGCGACGCCCTCGTCACCGGCTACTCGCGCGGGAAGCTCTATCGCACGCACCTCGTCAAGGTGCGGGGCGAGTACGTCGCCCGGACCGACCAGATCGCCACGGCCGGCATGCTGCTGATCGACGCGTGCGTCGGGGCCGACGGCTCGCTCGTCGTCGCCGCCCACAGCGGCATGCCCGACTGGGGGAGCGGCCCCGAGGGGAAGGGGAAGCTCTACAAGATCCGCCACGCCGCCCCCGACCTGCCGCAGCCGACGCTCGCCTGGTCGAGCGGCCCGCACGAGGTCCGCATCGCTTTCGACCGGCCGATCGACCCGAAAACGCTTCATGACGTCTCGAAACGAGTCCAGATCGAGTTCGGCCGCGCCGTCGCGCCGGCCGACCGCTTCGAGGCCCTCCGCCCCGGCTACGCCGTCGTCGCCATGCAGCTCGCCGCGCCGCGAGACCTGCTGGCGGTGCGGAGCGTGGGGCTCTCGGCCGACCGCCGGACGCTCCTCCTGACGACCGACGCCCAGTCGTCCCCCCTCCCCCACGCGATCACCCTCCCCGGCCTGGGACGGACCGATCCGGTCGCCGGGACGGGCGCCCTCCCCCAGCGGCCGGAGACCGACCTGGCGTTCGCGCTGGCGGGCGTCGACGCCCGCTGGGAGGCCGACGCGGACGGACGCGCGACGACCCTCTGGCTCCCCCACCTCGACCTGGCCGCCGCGCGCGGGCTGACCCTCGCCAGCGCCGAGCACGACCACTTCTGGGCCGACCTCGAAGCCCCCGGCGTCCTGACGCTCCGCGCGCAGGTCCGGCTCAAGGACCTGCTGAGGCCCGCCGTCCAGCCCGGCTCGACCGTCGACTCCGGCCTGCCCGCCGAGCAGCCGACATTGACCGTCAAGGGCCGCTCCGGCACGCGGGCCGAAGCCCCCGGCGCCCGCGTCGAGACCCGGGACGCCGGCGACGGCCTCGTCGAGATCGCCCTGACCTTCGACGCCGTCTCCGACGATCCGATCCCGATCGTCGTGACCTGCCCGACCGGCCCCGGCGCGACGCTGGAAGTCGCCTACCACACCAACGAGGATTCGCGGCCTCGCCTGCTCTCGCCGGGCCGGATCCTGGTCCCCTGGGCCGGCGCGTCCGAGGACGGCACGCCGGAGCCCTCGCGCGAGGCGACGTTCCCGCCCGAGTTCGCCGGCGGCGACCGTCGCAAGGGCCGCGAAGTCTTCCTCGGCGCGGTCGGCCAGTGCTCCAAGTGCCATACGGTGCGGGGCGAGGGAGGGCGCATCGGCCCCGACCTGTCGAACCTCGTCGAGCGCGACTTCGCGTCCGTCCTCCGCGACGTCTCGCAGCCCAGCGTCGCGATCAATCCCGACTACGTGACCTATCAGGTCGCCCTCGCCGACGGCCGCGCCCTGACCGGCTCGCTCCGCTCCGAGGGGGACCGCCTCCACGTGGGACTGACCACGGGCGAGGAGGTCGTCTTGTCGCGGAACGACGTGGAGGAGCTGAAGCCGACCGGGATCTCGACGATGCCCGAGGGCCTCTCCGCCGCGATCGGCGCCGAGGACCTCAAACACCTGATGGCGTTCCTCCTGCTTCCTCCCCCCGGCCCGGCCCCCATCCACCGCGACGACGCCCTCCCGCCCCGCAGCCGCGCCGAGTGGGACGCCGCGACGAAGGGCCGCAAGGCCCCGGCCGACGCAGCCGCGAAGCCGCTGAGGATCACGCTCGCCGCCGGGCCGAAGGACCACGGGGTCGACGAGCACGACTATCCCCTCTGGCTCGAACGCTGGGCCCCCCTCCTGCGGTCGGCCCCGAACGTCACGGTCCGCGAGGTCAAGGACGGGACCGGCCTCGATCTCGCCGACGAGTCCGACGTGATCGTCTGGTACTCCGCGAACGGGACGTGGTCCGACGAGC
NZ_CP011273.1_gap129	6159450	6161135	1685	GATAGGTCCCGTCGCCGCGCCGGAGCCGGTATTCCACCTCGAACGGCCGCCTCGCCTCGAAGCTCTCGGCGTAGATCCCCAGGAGACGCTCGACGTCCTCCGGGTGGACCCCCTCGGTCCAACCCCGGCCGGCCTCCTGCTCCATCGTCCGGCCGGTGAATTCCAGCCAGGCGCGGTTGAACCACACGCCTCCCTGGGCCTCGTCGGCGATCCAGATCGGGAACGGGGCCTGGTCGGCCAGGTCGCGGAACCAGAGCTCGACCTCGCGGGCCCGCCGCCGCTCGGCCCGCTTCCGCTCGGTCACGTCGTGGGCGATCTTCCACGCCCCCGTCACGCGGCCGTCGGCGTCTCGGACCAGGGCGAGGGTCACCGAGACCTCGATGCGGCGGCCGGCCTTCGTCAGGCGGACGGTCTCGAAGTTCTCGATCCGCTCGCCCCGAGCGATCCGCGCCAGGACGTCGAGCTCCTCGTCCAGGCGGTCGGGGGGGACGATCAGGGTGATCGGCCGGCCGATCGCCTCCTCGGCCGTGTAGCCGAAGAGGGCCTCCGCACCCGCGTTCCAGCTTTGAATCACGCCGTCGACCGACTTGCTGACGATCGCGTCGTCCGACGAGTCGACGAGGGCCGCCAGCCGGACCTGGGCCGTCACGCCCCGCCGCCGAGCCGCCGCGCCCCGCGCCAGCAGCCAGGCCGCCGCCGCGGTCGCGGCCAGGCCGAAGACGACCGCCGCGCCGAGGCGGAACGCATCCCGCGACGCCCCCCCGCCCCCTCCCCCGCTCGCGAGGGCCGCGTCGACCGCGAGCACGACGGCGGACGGCCGGACTTCAGGAACGATGTCGACGATGAACGTCCCGCCCATGTCCGCCCCTTGGAACGACGCCGGAGGCCGACGCATTCGGTCCGAAACCGAACGCGCCGAGAAGCAAATCGGACCTCCGACGCCTCCCGGAGTATTCTATCGTGCGGACTCGTTAAATCCCATTTTTCCTTGAGGGAGCGGACGAAGGGCCGGGATTCGCGTCACCGCCGCCGTCGGAAGGCCGTCGCGACCCCGGCCAGGCCGGCCCCCATCAGGACCAGGCTCGTGGGCTCGGGGACCACCGAGCCCGTCACCGCGAAGGTCGGGCTGAAGTTGTTGAACGCCAGCCCGATGCCGTCGGTCTTCGTCCCCACGAAGCTCAGCCGGATCGCCTTCACCCCGTCCGCCAGGTCCTTGAAGCCGAAGTTCCAGGGGAGGCTGTCCAGCGAGGCGGGGTCCTGGCGCCCGACCCCTTGCGGCGAGAGCAGGCTGGCCAGGATCGACCCCGACGCGTCCAGGACGTCGACCAGCCACCGCTCCGAGGCGTCGATGTCCCAGATCTCGCCCGAGAACTCCCGGATGACCTGCGTCGTGTCGTACTCGATCAGGAACGGCCCCGGCAGCACGCCGATCCCGTCGGGCTGGCGCAGGAACCAGCGACCGAGCTGCCGGCCGTAGCCCCGCCGGGCGGTGTCGGCCGTCTGGGTAGGGGTCGTGGAGGAGACGAAGCCGTCCGTCCCGTCCTCGCCGATCGCCTCGAACCGCGGCGCGACATCCACCCCGTCGTCGAACGTGTTGTTCCCGTTGGCGTCGAAGTAGAAGCGAACCGAGCCCCCTCCCTCGATGGCGTACGGGTTGATTAGCCGCGCGTCGTCGGTCGGCGTGT
NZ_CP011273.1_gap130	6245012	6248866	3854	TCGGGCGGGCCGACGACGAGGCGCTGCGGCCGGTCGTCGTGAATCACCGGCCGGGGCCGGAATATGCGGCCGACGCCCGCGCCTTCCAGGGCATCCCCGGCATCGAACGCTCGCCGATCGGGCGGCTCTGGGCCACCTGGTACGCCGGCGGCGACGGCGAGGGGGAGTCCAATTACGTGCTCCTGACGACGAGCGGCGACGACGGCCGGTCCTGGTCCGGGCCGAGACTGGTCGTCGATCCCCCGGGGCCGGTGCGCGCGTACGACCCTTGCCTCTGGGTCGATCCCGACGGCCGGCTCTGGCTCTTCTGGGCGCAGTCGTACCAGTGGTGGGACGGGCGATCCGGCGTCTGGGCGATCACGACCGACGAGCCCGACGTCGAGTCCCCCCGCTGGTCCCCTCCCCGCCGCCTGTGCGACGGGATCATGATGAACAAGCCGACCGTCGCCTCGGACGGCGCGTGGCTCCTCCCCGTCGCGGTCTGGGAGCGCGAGCCGACCGCCGACCCGTCGCATCGGCGCGGGTCGAGCTTGGGGAGCGGCGCCCACGTCGTCGCCTCCACCGATCGCGGCGCGAGCTGGCAGGCTCGCGGCAAGGCGATCGTCCCGGAGCGCGTGTTCGACGAGCACTCGATCGTCGAGCGCCGCGACGGCTCGCTTTGGCTGCTGGCTCGCACCGCGTTCGGCATCGGCGAGAGCACGTCGACCGACGGCGGCGCGACCTGGAGCGAGGGGAAGCGGTCCGGCCTCCGCCACGTCGACTCCCGGTTCTTCATCCGCCGGCTCCGCTCCGGACGGCTCCTCCTCGTCGCCCACGAACCGCCCGACGGCAAGAGCCGATCGCACCTGACCGCCCGGCTCTCCGACGACGACGGCCGATCCTGGACCGGCGGCCTGATGATCGACGAGCGGCCGGGCGTCTCCTACCCGGACGGCGTGCAGGCCCCGGACGGACGGATCCACCTGATCCACGACTACAACCGGACGCGCGATAAACAGATCCTGATGTCCGTCTTCACCGAAGACGACGTGGCCGCCGGCCGCGCGGCGTCGCGCGAGGCGCGGTTCCGCGTCGTCGTGGATCAGGCGACCGGGAAGCCCGCGAGGTGAGCGCGGGCCGCCGGGGTGTTTCGTCGTCGGTTCAGGTCTTCACGCCAGCAGGTCCTTGCGGATCCTGACGCCTTCCTCGACGCCGATGAGCCGCTGCTGGAGGCCCTGGAAGGGGTAGCGGAAGGTGAACGGGTCCAGGCCGAGGAGGTGGAGGATCGTCGCCTGGAGGTCGTGGACGGGGACCGGATCCTCGACGATCGAGGAGCCCAGCTCGTCGGTCGCGCCGACGGTCGCGCCGGGCTTGATCCCGCCGCCGGCGGCCCAGAGGGTGAAGCAGTGGGGGTGGTGGTCGCGGCCCAGGAACGTCGAGCCGCCCCGGGCCTCGTTCATCGAGGTCCGGCCGAACTCGCCCCCCCAGACGACGATCGTCTCGTCGAGCATGCCCCGGCGCTTGAGGTCGCGGATCAGGGCGGCGATCGGCTTATCGACGTCCTTGCACTTCTTGGGGAGTTGATGGACGATGTCGTCGCCGGCGCCGGTGCCGTGGCAGTCCCAGCCCCAGTCGAAGAGCTGGACGTAGCGGACGCCGCGCTCGACGAGGCGGCGGGCGAGGAGGCAGTTGTTGGCGAACGAGGCCGCGCCCGGCTCGGCGCCGTACTCCTCGCGGATCGAATCGGGCTCGCGGCCGACGTCCATCACGTCGGGGACCGAGGCCTGCATGCGGAAGGCCAGCTCGTACTGGCTGATCCGGGTGAGGGTCTCGGGATCGCCGTGCTCGCGGGCCTCGATCTCGTTCAGGTGGTTGATGGCGTCGAGCGTGCGGCGGCGGTCCTCGCGGGTCATCCCGTTGGGGTCGCCGACGTACAGGACCGGGTCGCCCACGGTGCGGCACTGCACGCCCTGGAAGACGCTGGGGAGGAAGCCGGTGCTCCAGAGGGCCTTGCCGCCGGTGGGGTCGGTCCCGCCGCTGATCATGACCACGAAGCCGGGGAGGTCCTCGTTCTCCGTCCCCAGCCCGTAGGTGATCCAGGAGCCCATCGCCGCGCCGCCGTTGCGCGGGGAGCCGGTGAACATGAAGAGTTCGGCCGGGGCGTGGTTGAACTCGGTGGTGACCATGGAGCGGACGACGGCCGCCTCGTCGATCACGCCGGCGGTGTGCGGCAGCAGCTCGCTCATCCACTGGCCGCTCTCGCCCCGCCTGGCGAACTTGTAGGGGGTGCCCAGCATCTTCGGCCGCCCCTTGATGAAGGCGAACCGCTGGCCCTTGAGCAGCTCCTCCGGGCAGGGCTCCATGTGGTGCTTGTTCAGGAGCGGCTTGTAGTCGAAGAGGTCTTGCTGGGGGGGGCCTCCCGACATGTGCAGATAGATGACGCTCTTGGCCTTGGCCGGGCGCTTCGGGACCGCGTTGGAGGCGTCGGCGTCCGAGAGCCCGGCCCCGAAGCCGTCGCGGCCCATCAGCGAGGCCAGGGCGATCGCCCCCAGGCCGGTCTGGGACCGCCTGAGGAACTGGCGCCGGGTCTCCGCGCGGGCGAGCCGCATGCGGAGGATCTGGTTGAGGTCGAGGTTCGCGTCGAGTCCCACGGCGTCACCCCCTGGTCAGCACGGCGTCGAGGTTCAGCAACACGTTGGCGACGGCCGTCCACGCGGCGAGGTCGGCCGGATCGAGCCCTTCCGGCAAGGGGCCGAGGGGGTCGGTCGCCAGGGCCGCGGCGGCGGCCGGGTCGCGGCGGTAGCGGTCGAGCTGCGCCGCGTGCAGGGCGACGAGCTGCGCCACCTGGTCGTCGCGGGCCGGGCGGCCGAGGCAGACTTCCAGCCCGTACCGCGACCGTTCCTCGGGCGAGCTTCCCCCTTCGCGGACGATCCGCCGGGCCAGCCCCTGCGCCGCCTCGATGTACACCGGGTCGTTGAGCGTCACCAGGGCCTGGAGCGGCGTGTTGGTGCTGACCCGCCGGACGGCGCAGACCTCGCGGCTGGGGGCGTCGAACGCGGCCATCGAGGGGTAAGGGACGGTCCGCCGCCAGAAGGTGTAGAGGCCGCGACGATAGCGGTCGACGCCCGGGCTCGTGGTCCAGGTCCGCTGGCCGTTGAACGCGGCCTGCCAGAGGCCGTCGGGCTGCACCGGGAAGACGCTCGGGCCGCCGACCTTGCGGCCGAGCAGGCCGGCGAACGCCAGCGCCTGGTCGCGCACCGACTCGGCGTCCAGCCGGACCCGAGGGGCGCGGGCGAGCAGGCGGTTCTTGGGGTCCTTCTCGATCATCTCGGGCGTCGCCTTCGACGCCTGGCGGTAGGTCGCCGACGTCACCAGGCGGCGGATCAGGCCCTTCACGTCCCAGCCCGAATCCATGAAGTCGACGGCCAGGCGGTCGAGCAGCTCGGGGTGGCTCGGCAGCTCGCCCTGGGTGCCGAAGTCCTCCTCGGTCTCGACGATCCCCGCGCCGAACAGGAGGCCCCAGGCGCGGTTCGCCGCCACGCGAGCCGTCAGCGGGTTGTCGCGGTCGACGAGCCAGCGGGCCAGCGTCAGCCGATTGATGGGCGCGCCTTCGGGGGCGGGGTGGAGGGCCTTCGGCAAGATCGGGGGAACCTCGGGACCGGGGTCGAGGAAATTGCCCTTCAGGAGAACGTGCGTCACCCGATGCTTTTCCGGGGGGAGTTCGGCCATGATCGGCAGCGTCGGCACGGCGGCGCGGGACTTCTCCTCCCTGGCGATCTCGTCGCGGAGCGTCGGGGCGGGGGGGCCGACGATCGCGTCGAGCCGGCCTTTCAGCTCGGCGAGGCGGGCGTCGACGCCGCGGAGCCGCTCGACCT
NZ_CP011273.1_gap131	6443673	6446399	2726	TCGACGACGCTCCCCTCGACTTGACGACCGAAAAGAGTCGCAGCATAGCCGGGCGGGTCGGCCGATGCAAAAGCCCCGGCCCCGCGGCGTCGCTTTGCGGGCCGACGGCCGTCGGCCCAATATCCCGGACTGCGGCCCGAATAAAGCCGGGATTACCCGGCCCCCCCACCCCGGCAGATAAGGAAGGGACCTCGCGATGAGATTCATGACCGCCGCCATCCTCCTCGGCGTCGCCGCCGCCGTCGCGCCCGCGGCGCGGGCGCAGGACCCGGCGCCGCCCCCGTCCGCGGCCGAGATCGACGCCTACATCGAGAAGGCGATGCGGGACCGCCACGTCCCCGGCCTCTCGGCGGCGGTCGTCCGCGACGGCCAGGTGGTGCTGGCCAAGGGCTACGGCCTGGCGGACGTGGAGCAGAACGTCCCGGCCACGGTCGACACGGTCTACCAGCTCGCTTCCGTGACCAAGACGTTCACCTCGGCCGCGGTCATGCTGCTGGTGCGCGAGGGGAAGCTCGCGCTCGACGACAAGATCAACGACCGCCTGCCGGACCTGCCGGCCGTCTGGAAGGACGTGACCGTCCGCCATCTGCTGAATCACACCTCCGGGATCAAAAGCTACACCTCCGTCCCGGACTTCCAGAAGTCGCCCTGGAAGGACTATGCGCACCGCGAGCTGCTCGACCTGGTCGCGAAGGAGCCCCTGGAATTCGCGCCCGGCGAGAAGTTCGAGTACTCCAACACGGGCTACTACCTGCTCGGCATGCTCATCGAGAAGGCCTCCGGCGAGCCGTACGGGCGATTCACGGCGGCGCGCGTGTTCGAGCCGCTCGGCATGTCGCGGACGCGGCTCAACGACCTCCAGGCGATCATCCCGGGCCGCGCGCGGGGATACCGCTGGGACCGCAAGGAGCTGGAGAACGTCGCGCCCGTCAGCCCGACCCAGCCGTTCGCGGCGGGCGCGCTCGTCTCCAGCGTCTCCGACCTGATCAAGTGGGACGCGGCTCTCGCGGAGCATGAGTTGCTGGACGAGGCGACCCTCGGATCGATGTGGACGCCCACGCGGCTCAACGGCGGGGGCGAGTCGGGCTACGGCTTCGGCTGGGAAGTCTCGAAGGTGAACGGCCGACCGATGGTCGCCCACGGCGGCGGCATCCCGGGCTTCTCCACCCAGCTCTCGCGATTCCCGGACGACCGCCTGACCGTGATCGTCCTGACGAACGCCGAGGGGGGCCACGCCGGCGCCCTGGCCCGAGGGATCGCCGGCCGGTTCGCGCCGGGGCTCGCGCCGAAGCCCGAGGAGCCGATCACCGACGAGGACGAGGCGACCTCCCGGCGGCTTCGCGGGATGATGGAAGGGGCGACGAAGGGCGAGTTCGACCCCGACCTGTTCACGGCCGAGGCCAACGAGCGGCTCGTCCCGCGCATCAAGGACGACAAGGAACGCCTGGCGTCGTTCGGGGCCCTGAAATCGTTCGAACTCCTGGAGCGCAAGGCCGACGACGAAGGGACCCGCCTCCGCTACCGGGCGGTCTTCGAAAGCCAGCGGCTCAAGGTCTCGTTCATGCTCGACAAGGAGGGCAAGATCCGGGGCGCGGGGATCCAGCCCGAGGATTGAGGCCGGCCCTCCGGAGAGACGCCCGCTTGAGGGAGGCGGGCGGAGTGCTTATGATCGTTCGCGGTGCGAGGGTTCGAGAGTTCGCGGCGTACGACTCGGTTCGTGCGGGCGCGGCCCCGGAATTTCGATTCGACGGGAAGCACGCGAGGCAGCCCGGGTTCATCCGTGCGCGGAGACGGCAGACGATGGCGAAGACGACGGATTACCTGGCGCTGGACCTGGGCGCCGAGAGCGGACGTGGGATGCTGGGGCGGTTCGACGGCGACCGCCTGGGGCTGGAGGAGATCCACCGTTTCCCCAACGGCCCCGTGCGGATGCTCGACACCCTCTACTGGGACCTCCCCCGCCTTTTCGACGAGATGAAGGACGCGATCCGCAAGACGGCCGCGTCGAAGGCCTCGCTCGACGCCATCGGCGTCGACACCTGGGGCGTCGACTTCGCCCTGATCGGCCGCAACGACACCCTGCTGGGCAACCCGGTCCACTACCGCGACCCCCGCACCGACGGCATGCTCGACCTGGCCTTCTCCAAGATCGCCAGGGAGCGGATCTACGAGATCACCGGCCTCCAGTTCCTGCCGTTCAACACCGTCTATCAGCTCCTGGCGCTCAAGGCGGCCGGCTCGCCCCTGCTGGACGTGGCCGAGACGATGCTGATGGTGCCCGACGTCCTGGGCTGGCTCCTCACCGGCGAACGCGCCGCCGAGCGCACCGACTCGTCGACGACCCAGCTCCTCGACCCCCGCACCGGCGAGTGGTCGGACGAGATCTGCACGGCGCTGGGGCTCTCGCGGTCGATCCTGCCGAACCTGATCGACCCCGGCAGCGAGCTGGGGATGCTGCGGGCCTCGGTGGCCGAGGAAGTCGGCCTGGCGAAGCCGGTCACCGTGATCGCCCCGCCGACGCACGACACCGCCAGCGCCGTCGTCGCCGTGCCGACCGCCAGCGCGACCGTCGGGACCGACTCGCCCCCGGACTGGTGCTACCTCAGCTCCGGCACCTGGTCGCTCCTGGGCGTCGAGGTCCCCCGGCCCGTCATCAACGAAGAAACCTATCGCTACAACTTCACCAACGAGGGGGGCGTCCTGGGGACGACCCGGCTCCTCAAGAA
NZ_CP011273.1_gap132	6506602	6507102	500	GGCGAAACGACCCTCATCCAGGTCGAGCCCGGTGCCGCCCGCTATCTCCAGGACGCCATCCCCGAGATCCTCCAGCGGGCGAAGGATCGGGGCGTGCCCTGCACCGAGGAAGGGCCATAATCCGACTGACCGGGCACGCGCTGAGCGGGCGATGAGGCTTCTTGAGCGAATCGCCGTCGATTCGCCCTGAGGCGCGGGCGCATCCCTTGTTTGCGGCAGGTTTCGCCTGGCTTGACTTGGGCGAGCCCATCGACTTTCCCTCGTCGGCAGGGTCTAGCCTGGCGCATTCCGCATACCTGGCGCATCGCCGCGCGTCTTGCCCTTTTTGCCCCTCCCCCGTCTTTGACTCCGTCCCTCCCAGGGCGCATATCTTCGTGGCTGACGAGGGAAGCTGGTCCTGTCACGGGGTCGAGCGAGCCTGGGTCAGCCTTGATGGAGAGGGAAAATCGCCGGGCCGACTTTTGGCTCGGGGATGGATAGGGACGTCTAGCGGCGGGGGC
