gap_id	start	end	length	sequence
NZ_CP178543.1_gap1	4602	6082	1480	CTCCTCGAATTAAATTTATCAAAGAACCGACTTCTGAGGCTTGGCTTGAAAAGGCTTTGGCTAATTTAGATGTTATTTTATTGGATCATTCTCACTGCGAACGGAAAGCGGCGGGAGTGGCTTTAAATTTAATGTTTCGCTATCCTTCGAGTACCAAATTAGTCCGAACTTTAACGGCAATTGCGGCTGAAGAATTACAACATTTTGAACAAGTTAATCAATGGTTAGAACGGCGGGGAGTTCCTTTGGCTCCTTTGGATGCGCCGCCCTATGGTTCGGAATTAAACAAGCAAATTCGCCGCCACGAACCGCAACGAATGCTAGATTTTCTGTTAGTTTATAGTTTGATTGAAGCCCGCAGTCACGAACGTTTGGGCTTGCTGGGGGCGCACTGTCCGGATGCGGAATTGGCGAAGTTTTATCGGGGGTTAATGGCATCAGAAGCTCGACATTATGGCTCTTATTGGGTTTTGGCGACGACTTATTTTGATACGGATGTTGTTAACGAACGCTTGGAGGAATTATCAGAAATTGAGAGTAATATTCTCTCGACTCCGTTTCCTAAGCCGAGAATTCACAGTTAGTTTTTGAGCGATAAAATAGCGAAAAAAGAAGGATGAAAACTGAGTATAAAGGGTTTATTATTCGCTCCTGGGAAGCGGGCGATCGCGAAGTTGCTTTTAATTTAATTGCGTCGGTTTTGGCTGAATATGGGTTGGGATGCGAACCGACGGGAGCGGATGAAGATGTTTACAATGTGGAGAAATTCTACCAGCAAACTGGCGGTGAATTTTGGGTGGTTGAACATCAGAATAAAATCGTGGGAACCGCAGCTTATTATCCGATCAAACGGGGTATAAAGGCGGTGGAAATTCGCAAAATGTATTTACTCCCATCTGTACGGGGAAAAGGCTTGGGGAAGTTTTTATTGAGTCGTTTGGAGGAGACAATACAGGCGAAAGGGTTTCAAGAAGCTTGGATCGAAACGGCGAGTGTTTTAAAAGAAGCCGTTAAACTCTACGAAAGTCACGGGTATGAACCGACAACGGGAGTCGAAACCGAACGTTGCGATCGCGTTTACAAAAAAGTGCTTTCTATAGAATAAAAATTGATAATTAATTGCTTTTTGGGTTGACTAAGTTGCTTTTAAAAAACCTTCCCCTGATTAGACTAAGCTCATAATAGAGCAAGAACAAAAGATAGAAAAAGTGAGTGGAAATGAGGGATTACTCTATCCGAGCCGGTGAAGTTTCTGAGGGAAGATTCTACACCGATGGATAAGTTAGATCAAGTATGATTTTTGAGAATGTCATCTTGAGCAATCCCCGAGAATTTCAAGCAAAATCGGTTGTATTATGTCCGATTAATCGAGAATCATGATGTAGGGGCGAGTTCGGCGACTATCTGTGACATCTACTGCTGCATTTGAATAAACCCGCCCCATCCCAATAGGAGAATTAATCAATCGGACATCCTATGA
NZ_CP178543.1_gap2	151546	152870	1324	CATTGTCGGGTTCTCGCTGCAAAACCAACTCGTAACCTCGTGCCTGAGCCTCCAAGTCCGCCTGTCTAGCTTGAGCCGTTTGAGCGGGGCTTGGGGTAGTTTGACTGTTGGAACGGTTGGCGCCGACTATACTCCCAATAATCGGACCCATAGAAAATCCGACAAAGGCAATTACAGACAGAACCAATATGACACCAATAAACCCACGACGTTTGTCTACCATAAAAATAAAACCCCTGCGATCTCTCCAGTACCAGAGATTCGCCTCTAAAGTTGGATAAACCCATTTGTGCTTGCAGCTAATATAGTAGCAGACCCATTACTCAAATATCTGTTAATCAAGATTGATCATCAAGATTGATCCCAGATATTTGCTGACCTGAGGTTTGTTAAAAGCGTTCGGATTCGTCCGTTCGCCAAATGGATTCAGTAAAATAGGCAAATCGACAAAGCAATAACCAGCGGTAGCCTGCGACTTCAACCCGTCCACTGACAATCGTTGACAAACAACTGTTCTGTCGAGTTTCATGCCTAACTAGCCTAAACTGTAGAGAGGTCGGGGTGCAGTTTTAAACAGTCTCCAACTCTCGTCGATGGGTCACAGTTCCATGTCAAACTTCAACTCAGTGTCAGGTGACAGGGTTGTAGATCCACTGAATTTTTTAATATTCCTCAATGGGATATGTCTGTGCTGCTATCAGGTTCTATGAGTCCTTCTCCGAATCTATCCTCCCAAATGCCTAATTCCTCCCAATCTCATCCGATTCAATCGAGCGAGTCTGCCGTTGATATGTCCGAAGATCAGCCTATAAGTGCAAAGCAAACGAGTGAGAGTCCCCCATCGGATCAGACTGCCATCTCCGAAAATTCTTCTTCGGAACAACAGGTCAACGCATCCTCCGATGAAACTTCACTCTCCCATGAGGACTCCTCCGAAAGCGAGGATCAGCTTCTCAATGGTTCCAGTCGTCTGTGGCATCCGATTCCCCCTCCGAGTGAACCTCGGCAATATCGAGCAATTGGCTTGGTTCGGGGTAGATATACCGCTTCGCAAGATCAGTTTACCCAAGGAATTTTACTCACCACAGACGGAACGGTGATCGATGCGGTTCTTCTGGGTCGAGTGATGAGTTTGGTTAAAAAACATATTGACCTAGAGCAAGAGCATTTGTGGGTAGTTTATCCCCGCACTCGTCAAAAACAGGATAACTTACACGTTCAAATTATGGGGGTTTGGGAACCCGAAACCCTCAAAAAAGACGATGACGCCGAGGATTCATCCACACCGGAAACGACGGACTCCGATCAACCTTCGGAAACCGCC
NZ_CP178543.1_gap3	155306	157351	2045	TAAGCGGTTAAATCGGGTTGGGATAATTCTATTCGTACAGATTTTATCACTTAATCCCAATTTTCGATTTTGTTACCTCCACGAACCCCCACCAACCTCCCCAATCCCCCCGTCGATCCCCCCTTGCCCCCCTTTTTAAGGCAGGGCTGTTTCATTCTAAAATTTTGCGATCGCGAGGAGCTAAAATTGGAAGCAGTTTCACCCCTTTTTTCTTCAGAACACCTAAAATCTTAGAAAAACATAGCGATCGCCTGACTCAAACGGCTTGTTCCACTCTGATTCTTAAAGGCGGGAATTGAACAATAAAACTGGCGATCGCGCCGGATGTAAAATGATAGCAATCGCCAGTTTTTTCTTAAATTTTATCTATGGATAGTCTAATTAAAGAACTTAAAAAAGTCAAGGACTTTCGCCGCCGCCAGGGCAGAAGGCATCCATTATGGTTGGTGCTATTGATAGTAATTTTGGCAGCGATGCAGGGATACTTAGGGTATAGAGCGATGGGAGATTTTGCCAAAGCCAATCAACAGCTAATTGTTAAAAAATTTAAGATTTCATCCCCAAAAGTTCCATCTTCATCAACCATAAGACGAGTTCTGATGGGAGTAGACTGGTCAAATCTTCAGGACATTTTTAATCAATGGTCTAGTAGTCTATGTGAATCTGATGATTTGAGGGATTGGGTCTGTATTGATGGCAAAAGCTTAGGCAGCACTGTAGACAATTTTGGCAACTCTCATCAAAACTTTGTTTCATTTGTTTCCTTGTACAGTCAAGAATATCAAGTTGTATTGGGATTAAATTGCTTTGAGAACAAACGCTGTTCAGAAATTAAGCAAGTCCAAGAAATCATCGAAGATTTTCCCCTGAAGAATCAAGTATTTACTCTGGATGCTTTGCACTGCCAAAAGCAAACCGTTAAAAAAATTATTGAATCAAAAAATCACTACTTAATCACCGTCAAAAAGAATCAAAAAAAATTGTATCAAGCTCTAGAGTCTGTCGCCCACAATCAAGAGCCTTTGAGTATCAAGATAGAGCAAGATAAAAGTCATGGTCGCCAAATTCAACGCCAAGTAGCTGTCTTCAAGAGTATAGATTCCCTGAAATCTAGTTGGTATGAAATTAAAAGCTTAATCCGAGTTGAAAGATGGGGTAAAAGAGGTAAAAAGGACTATCATCAAGTCGCTTACTACATCAGTAGCGTTTGGGAAAAAGCCGATTATTTTTCTGAAAAAATAAAAGGTCATTGGCAAATTGAAAATCGCTTGCATTGGGTCAAGGATGTGATCTTCAAAGAAGATGATTCTTCTATAGCTCACTTTCAAGCACGAACGAATTTATCGATTCTTCAAACTATTGCAATTAATCTTTTTAGACTTTTAGGCTTTGTGTCAATTACAGAGGGTCAAAGATGGCTTAATAACAGGTGGTCTAGGCTTTGGATTTTGTTAGAATGAAACGGCCCTGCCTTTTTAAGGGGGGATCAAGGGGGGATCAAGGGGAGAGGTGGAGAGGGGTTGGGGGAGAGGTCGAAGGGGGAGAGGTCAACAGAGATCATATTTCACTAAAAAATGGTATCATCAAAGTTTGGCGATCGCGTAACGTGCGGTCTGGCGATCGCGTAACACAACAGATACAAGGTTAAATAATATTTCACGTTTTTCAGATTAAAAATATTGGGAGTAGGTGAATAATGCAACAAAAAGACCCCGAATTAGTTAACAAAATTCGTCAACAATTTGACTCGGCACCCTATCCGAAAATCCCCTTAGAAAAATCTCCCAAAGAAGCTTATGATATTCTCTACCTTCACAACTTAATTACGTCCTATTATTTAAGAAATCAAAAAGTTATTAATACCGAAAGCAAAGTTATATTAGATGCGGGTTGCGGGAGCGGTTATAAATCGTTAGTTCTCGCGGAAGCTAACCCGGGCGCGAAAATTGTCGGGATTGATTTATCGGAAAAATCGGTTGATTTGGCGCAAAAACGATTAGAACATTACGGCTTTACCAACTGCGAATTTCACGCTATCCCGATAG
NZ_CP178543.1_gap4	158781	160719	1938	GGGTTCTGCTCTTCGGGGCTATCTTGGAGCAGTTTATTTGATACAGGTTGATGACCAGGGTGGTGGAGAAGCAACATCAAGAAGCGTACTGTGTCAGTCTAAGGATACAGGTGAAGCTGTGCCTAAGTTTGGGGGACAAGATGGTAGTTTTCAAGCTGATGCTGATCCCAAGTGTGCAACTATAGATATGGAAGATGTCTAGATTCATCGTGAACGCCTTTACCGCTTTCGTGATTTGAGACAATTTTCTGGTAATGTAGGTGGGTGGCGGTTGCTACCCACTGTTTTTTTGTCAGTAGGTTGGGTTGAGGAACGAAACCCAACAATGTTTTCGGTTGTTGTTGTGTTGTTGGGTTGTTGTTGGGTTGCGCTACAACTTAACCGAACCTACTAATTCTAACAATGTTTTCGGTTGTTGTTGGGTGGTTGGGTGGTTGGGTTGCGCTAGCGCTTAACCCAACCTACTAATTGCAATAATATTTTCGGTTATTGTTGGGTTGTTGTTGGGTTGTTGTTGGGTTGCGCTAGTGCTTAACCCAACCTACTAATTGCAATAATGTTTTCGGTTGTTGTTGGGTTGTTGTTGGGTTGTTGTTGGGTTGCGCCTGCGGCTTAACCCAACCTACGGTATGATCATAAATAATGGGAACATAATATAACAATGTCTTCTTCCGACTCACAAACAATAAATTGGCAACAACAAGCCAATCAATGTCTACTCGATGGAAATTATCTACAAGCAAGCCGTCTCTACGAAGCCGCGATAGAAACCGAACCCGATGTAAAATCCCATTACTGGAATTTGGGGTTGATGCTGCTGTTGCAGGGAGAAGAAGCCGAAGCACAGACAACTTGGCTGTTTGCAATGGCGGAGGGGGAACCGGAAGAAGTTGAACAATGGACAATCGAATTAATCCAGGTTTTAAAAAAGGAAGCTCAACGGCGAGAATATTTAGAAGATTGGGCTGTTGCTTGGGCAATTCGGCAACATATTCGAGAGATCGATCCCACAGATATCAATAATCTATTAAATTTAATTGCATTGAGTGTTTTACTCAAAACCTATACCGGAGAAGAACTGACTTCATTGGGAGTTTTTGAGCGGCTTCAGTCTACTTCAGAAACAGCAGAAATTGATACTCAATTGTTGTTCTTAGTTTTACAAACCGTTCTCAATTATGCCCCTCTAGATCCTCAATCCTTAGAATTCACCAAAGCTTGTTTGCCTTATGTTTCCGGTCAAAGCGAGTTGATCGATTTATTAAAAACAACCGCGAATAAAATTTCGATGACCCATCATCAGGCGGAGTTGGCAGTTGAATATGCTGAATTGGCTTTCCAGTTGCAACCGGAAAATAAAACGATTTTGTTTCTGACAACAACCCTTTATCAAAAAGCAGAAAATCTTGACAAAGGGATTGAACTTGCAAAGCATTGTTATGAGGTTTGTGAAGATTTAGCAGATAAAGTTTATGCAAATCACCTAGTTTTAAAAGGCTTAATATCTGCCGGAGGTGGATATGTGGCTGAAGTGAGTTCTATTTTAGAACGCCATCAAACGTTACTCAAGTCTTTGATAGAGTTAGACCCCACCGAACTCCCTCAAGACATGACAATGCGACTGTTTTCAACCCTATTTTTTCCGCCCTATTTACAAGATGATCCGCAGCTTAATAATAAATTACGGCAACAAGTCGCTCAAATTTGTCAAAAGAATATCGAAAGATATGCTGATACTGCGATTTCCCAATACAAACAAAAACTTGCTTCCCGTCCACCGATTATAAATACCGATAAACCTTTGCGGGTTGGTTATATTTCCTATTGTCTGCGAGATCATTCGGTTGGATGGTTGGCAAGATGGCTATTTAAGCACTATAACCGAGAAAAGTTTCAAATTTATGCTTATTTAATTAATGCAGAAGGTCGAGAAGATAG
NZ_CP178543.1_gap5	195087	198589	3502	TGTTCTCAACTGTTTAGATTACCAAGTTTTGGGAACGGACAACTGAAATACAGACCGGGTTTTTCGGATGTTCGCGATCGCCGGTAGCGCTATAAGTCTAGTTTTGTCAGACTCCTGACTGATTTTTCGGTCTATTTTCATTTATCAGAAAATTTTATAAGCCCGGAATTTAATAAGTAGAAATTCTTAGAATGCCCATCTAAAGGGAAGTTTAAGCCAAACTAGACGGTCTAGTTTTTAGGCGAAACTGAAAACCAGCAAGAATTACCAATTCCCTATTTTGAAACTTCGTGTTACTCTGTTGCAGTTACTTTTACAAAAGTAAACACGTTACGAGTATGAGTTAATCTGCAAAATTAGCTCAGGTCGGGATAACCCTGAAGACTCGAACAACAGGTGATTTTTTTTAATTGGCATATGAAGCACAAACTTTTAAGTGGTTTAACCGCAATGGTTTTGGTGTCCAGTTTAAGTGTCTCCTTATCGAGTCACGCCGAACAAGCGCCCCTGACGCCCGAGGTAGAAGAAGAAGAACTCACCGAGGCCCAAACCGTTGTGGGAGCAGCCACCCAACCCGAGACTACAGATGAAGCGTCCAGTCACACAGAAACTCACAACACTGTAGTCAAAGTGGGAGAATATCAATCGAATTCCGCCAGTGATGGGGAATTTGAGGCGATCGCCACGATCAAAGCCCATCAGTGGAATAACCGCCAAGCTGCAACCCTCTATGTGCGAAATATACCGGTTCTCACCTTTGTCGAAGAAACAGCAATCAGTCACTCATTACCAGTCACCAGTCACCAGTTATTAGACAAGAGGGAACAGGGAACATCTGCGATCCTCCCAACTCCTAACTCCCAACTCCTAACTCCCAACTCCGAGGAAAGAGGGGAAAAGATGCCGAACTCCAACGTTTTATCAGCGCAGGCTTTGAAACCGCCGAGTTCTGATTCTCCGTCCCAAGCCAGTACCGATCCCGTCACCCGAGCCAGCGAGTTAGCCGCGAAACTGAACCAACTGAACCGCTACCAAATTGATGCAAACAGTATCGGGGTTCGCTGGAACGAAGACCAACAAAACTACAGCATTGAAATAGAAGGACAAACCCTCGTTGTTATCGATTCAGACACGATTTTACCCGATACAACCCAAAATCTGGCTGAAGATGCGCTACAAGCAACAAATCGACTGCGGCGACAAATGGGGTACGCACCGCCTCTGAGCAAAATTGAAGGCAAATCGCCCTTGAATCATCTTGAAAATGCGTTTAATCGTCGGGTGCTCGATGCGGTTGAAGGTTGGGCCTCTTGGTACGGCCCGGGTTTTCACGGCCGGTTAACCGCCAATGGCGAACGATTTAACCAGTATGAAATGACCGCAGCCCATCGTTCTCTGCCGTTTGGGACGACTGTACGAGTGACTAATACTAACAATGGTCGTTCGGTGGTGGTGCGGATTAACGATCGCGGGCCATTTACTGGGGGTCGGATTATTGATTTATCGGTAGCGGCCGCAGAAGCGATCGGTATGATTAGTAGCGGTGTTGCTCCGGTTAAGGTTGAGGTTCTCGCACCTTAACAGTTAACACGGAATTGGGGTCGGGTTGGTAGGGGCGCGCCTCGGCTATTGGTGTGTGTCACTGACAAAAAACCTTTATAAACCCGTCCCTAACATCGCAAACCCGAAACCCGACGCCCCTTTCTCAGCAAGTCGAGTCGTAGAACGCGGATTTGGTATTACTTATAAACATAAGGGTCGGTTAGTTCCATAATCAGATCGAATCGGAAATTTTCGACTAACTCTTTTAGGAGTTGAGCGAGGGTAGAATGTTCTGGAGGGATTTTTTCGATCAAAGACTGAAGTTGGCGATCGCTGCATTGCGCCGCACTTTGATAGAGTTGTTCGATCCAAGTTCCGGGCATGAGTGCTAAACTTTGAGCGCAGATATTTTCTGAACTGAGAACGTCTTGATCCAAAATGGGGACTGACTGCGGTGGAATTTGTCCGGGGAATTTTGAGGAGTTTTGCTCGGCTGGGGGGTAAACCTTGGCTTGAATTTTAAAGGTAAAAATAGAACCCCTATCTACTGCGGCTTGGGCGATTAATTCTCCCCCCATTAACCGAATAAATTCGTGACTCATCGACCAATTTAAGTCCATTTTTTCGCTTAAATTTCCATTTAAAGGGGCTTGAAAAGGGTTAAAAAGTAAACGTTCTATAAACTCGGAATTCATTCCCAATCCCGTATCTTCTACTTCAAAATGGATGGTTATAGATTCCGGGGACTGTTGACCAGGAAATGGGGTTTGAAATGTTCTCAAGGTAATTCTTCCCGTTTCGGTTAATTTGATGGCGTTACTGACCAAATGAAGCAAGACGTGGCGCAATTTTACATCGTCTGCGTAAATATATTGAGGTAAATTTGAACTCCATTCTAAAATTAATTGTAAATCTTTTGCTGTGGCTTTGATTTCCAGCATTTCTTTAATAAAATTTAGCAACCGATGCAAATCAAATTGACGTTCATTTAAGGTCATTAAACCAGATTCTAAACGGGAAATGGCGAGAATATCATTAATTAAAGTCAGCAATTGTTCGCCGCTTCGGTTAACAAGTTTAATCTGTTTTCGATGTTCTTCTTGTAAAGTGGGATCGCCGGCTAATAGTTGACTAAAACCTAGAATTGAATTCAAAGGGGTTCGGAGTTCATGGCTCATAAAAGCAAAAAAGTTACTTTTGGCTTCGTTGGCGAGTTCGGCGGCTTTTTTGGCTTTTTCAAGTTGGGCGGTTCGCTTAATTACTTTTTGTTCTAAACTGGCGTTTAACTGATGCAAAGCTAGGTTTTGTTCGGCTAATTTTTGGTCTTGAGAATAACTTCTTAGGGCTTCTTTAACGGTTAAAATTAAATCGTCTTCTTGCCAAGGTTTGCTAATATATCGATAAAGATTTGCATAGTTAACGGCTTTTCCTACATCTTCTACACTGGCTTTTCCGGTTAAAAGAATTTGCAGGGTTTTCGGAGATTTTTCATAAACTTTAATTAACAAATCAACCCCCTTCATATCCGGCATAATTTGATCGGATATAATTAAGGGGATATCTACGTTTTCCGCCTGTAACTCGGCGATAATTTCTAAGGCAGTTTCGGCGGTTTCTGCCACTTCTATTGCAAAGTTTTCTCCAAATTTTCGCTTGAGTGTTTCTGCTAAACTTCTGAGTAGAAAAATTTCATCATCTACACAAATAATGGTTGGTGGTTGCATCTATTCGCTTCAATCCCAATTCACAAAATTCTCTGAGTTTCGTTCGGCAAATGTAAAACTGCTCACTTTCCCCTGTTATCAATATTCCCAACTTGAGGAAAAATTAACCACAAAATAGAAGATTCAAGCCGGGAATTTTAACAAAAAACTTTAACTAACTTTGGGCTTTATTTTTGGTCAGTAAATATCCAAAAGCGAAGACTCCAAAGCTTAAAAGACTATAGACTGACGAGGGT
NZ_CP178543.1_gap6	204608	206017	1409	TTGGGGGGTTTGGTGATTTTGCGTCAAAAAATTCGGGCTTGGGTCGCCACCAGTCGCGATCGTCAGCGCAATGTGATTGATGTGTTACAAGAAGTGATTCAAGAAATGCTCAATAGCGATCGCTATTTACAGCAACAATTACAATGGATCGCCGAATGTACAACGGATTCTCGCTTGCGAAATTCTCTTTTACTGACCAGTTTAGAAGAATATTGTCTGCGACCGATCCGCAATCAACCCTTACTCGTTTACCGCTTTGTCAACTATTTGCGCCGCTCTCAACGGGGGGGATTAACGCAGGTTCCAACCGGGGAATGGGTCCGACAAGTCTCAGAAGAAATTATCTCCGATGAAACCGAAGAACGAGTCAGTTTACTCGAAGAACAAGCCCTCACCCAACATGAGGAAACTCAGTACCTCGAAGAACAACAACTTCAACGTTTAACCGTACAAACCGAGTTTGAAACTTATCTGCGAGAACGGGTTGACCCGGTGGCGGCCGAATGGTTACAACTGTACTTAAAAGGTGAGTCTCAAGAAGCGATCGCCAAGCTGTTAAATCTACCCATTAAACAAGTTTACCGTTTGCGGGAAAAAGTCAGCTATCATGCCGTGCGAAATTTTGCCCTCAAACACGCCCCCGAGTTGGTTGATGGCTGGTTAGGAACGTCTTTGTCAGAACATCGTTTGGGCTTAACTCCGAGTCAATGGGAGGAATATTGGGAGAGTCTTAACCCGATGCAACGTCAACTTATTGCCGATCTCAAAGCGGGTCAAACTCTGGAGGCGATCGCCAAAAACTTGAAGTTAAAAACAACTCAAGTTCTCAGCGAATGGACAAAGCTGTATCTTAACGCTCAAGCCATTCGCAATCGATAAATCCCCCCGGTTGTTTAAGTTTTATCAATTTTATCGAGTCCCAACGAGCATCAAGAGAAAGACTCTCAGCGATCGCTAATTTGAGTTGTACGCAGACCCAATTTAACCCATGAAAATCCCCGCTGTTTGAAGGCGGGGAAATGTTTTAATTAAACCCGGTTTTTACCGTAACGCGGCGTCTGCTAGTTCGCCCGGACGCACCGCAATTTGTTGAGTTTGATCGCCCCGTTGAACTTTAATATTCAAAGGTTGACCGACGCGACTCAATTCAACTTTATTTTGCAGTTGATCGGCGGTAGTAATGGCTTCTCCGTCAATTTGAGTAATCACATCGCCCCGACGCAAACCGGAACGGGCCGCCGGACTCTCGGGAATCACTTCCACCACTAAAACCCCTTTGATTTCGGGAATTAATAAAGGTGAATTGGGATTACTGTTAAATTCTTTAGCAATCTCCGGCGTTAGGGTAATCATCCGCACCCCAATATAAGGGTGAGAAATTCTCTCGCCCCGGGCTAATTTGTCTTGAA
NZ_CP178543.1_gap7	217309	220728	3419	GATTTTACAAGCTTATCAGGTGACTTCCGAATTTTATCAGGAGGTTAAGTATCGAGAGGACTTTGAAGGGCATTGTCAATGGTATGCTGAAACCGCAGAACGTCATCAGCAAGAACTCCACAAAATGCGAGGGGATATTAATGTCTTCGGTTGGTTTTTGCGGGGACGAGGGACGAACTAGAGAAACGGGACAGCGATCCACGCTCGGCAATGGATTAATCTCTAATGTCCCCCTGTGTTTGGGTCTGTTGTTTTCCCCTTTTCACCCGTTTCTAGGGGTTTATTCTGATATCACTTCGAGTTCCTCCTGTTTTAAATGAGCTTTAAATTTATCGCTAAATTTGACATGAACCGGGAGATTGGGGCTAATGGGTCTACCATTCCAGTCTTTAATGATAGAGATAATTTCTCCGTCTAACCCCTTAATGTCAAATGGCTGATTGCGGTGTTCGGGATGTATATAGACAATAACTGATGTTTTGACGCGAACGCGATCGCCAATTTTCATAGACTCTAACCTAGTATTTCCTCTCAAACCACCTCAATCGGCACAGGAGTTGCTCACCTGTGCGAAATCCGGCAGTTTTTCTATATTGACACAGAAATTGCCTCAAAACTCACCGGGTCTGAGGATTTGCTGTTGTGGAGATTAAAGTCGCACAGATCAGGTGCGATCGCCCGAGTCTTTTGGGAGTCTGCGGTCAGAGCGGGGCAACTGTGGCCCGTCGGAGCAGGGGGATTGAGGGAATGTTCAATCCCGGTTTAACGTTCTTCAATTGCCGATCGGTATGGGCATTCCCCGGACTCCCACGCCCTCAGAATTAAAGGTGGGTGTTAAGGGGAGGGTGAATCCCTCGCCGTTTTGTTGGGAGGAATTGGAATCAATCACGACTTCGGCTTGATCGACGGCTTGATTCAAATATTCGGGTTCGTATTCAAAGGGTTTATCCAACTCAGGTCCCCCCTGAGGAAAACTCCCACTGGAGGGCTTAATACCCATACCCAACCCTTTCCCCTCTAAATCAGATGCGGATACAGAAGGCTGTTGATAGGTATCGAGTCGCTGAACTTCTTCGGTGATTCCTCTCGGTATGAGAGAAAAAAAGTTGATCCCAATCACCACACCCAAAAACATCCCTTGAGCAATATTCATTGTGGTTTACCTTTCGTAGTTCAAAAGCAATTTGCGCCTGCTCTCGCTCGATGCAGGTCGCCTGCCTTGTACCCTTACCCACCTTTGAAATCTGACGCGAAAAATTAGGTAGATATTTCTAATTTCTCTGGTAATAACCTAACATTAAATCGTGATCAGAACTGTAACTTACCTTACAAAGATTCGGATTTCGGTTAAAATTGCTAAAATTATCAAAAATCTCGATCGCAGTTACGATTCATTCTTATTCGGATCGCCAGGTAAACAAACGGTAAACACCGTCCCTTGATTGACTTGAGATTTAACCGTAATAGTTCCTTGATGAGCTTGTACAATTTGCCGGCACAAGTGCAATCCCAAACCACTTCCCGAACGCTTATGATTGCCTTGGTGGAACGCTTCAAATAGAGTGGTTTGATCTTCGCGAGAAATGCCGATTCCCGTGTCTTTGATCTCGATTTTGGTCTCGGGGTAAGCTCCATTAGAGGAGTGATTATTCATCAAGCTTACATTGACTTCTACGCTCCCTTCATCGGTAAATTTAATGGCATTAGCAATTAAATTGGTAAACACCCGGCGCAATTCTAAGCGATCGCCGACAAATTCTTGAATTTTGGGTTCGGTGGGTACGTTTAACTTAACTTTGAGTGCTTTTTCCTCCATTAAAGGTGCGAGTTCGGCAATAATTTCTTGTAAAAGATCCTTTAAGTTAAAAGGAACAAAACTGAGGGTTTTTCTGCCGATATCGTAGGAATAAACCGCCAAAAGTGTATTTAACATATCGAGCAGGTTTTTATTACTGCCGATCATCGTGGTGATCGCTTCTTCCATCGAGGAATTGATCTCGCCAAATACCCCTTGCTGCATCAGATTTAACACCCGATCTGCGGCGACTAAAGGCGTGCGTAAATCGTGGGTTAAACAGCGCACAAAGTTTTCCCGCTGATCGATACTTTGTTTGAGGCGCAATAGCGATCGAACTCGGGCTTGCAGTTCATCAATTTGAACGGGTTTGCGAATAAAATCATCCGCCCCCGCATCCAAACCTTCCACCACGCTTGACTGTTCGTGAGCGGTAATTAGCAAAATGGGAATATAGGGATATTTGGGATTGCTCCGAATGCGCCTGGTGACTTCATAGCCATCCATTTCCGGCATCATTACATCCAGCAAAACCAAATTGGGCGGTGAGGCTTCGATTTTTGCCAAAGCGGTTTTTCCGTCTTCAACCAAAACGACATCGTGTCCTTCTTGTTCGAGGGCTAATTTCAGAAGGAAGAGATTATCGGGCAAATCATCGACGGCGAGAATATAGTTGGTTTTTGCAATGGAATTTGGCATATCATTGGGATGAGATTCGGGAAATTATCAAAATTAATTTGGTTTTTTATATAATTTAATTATATTTCAAATATCGCGGAAATTCAACCTGAAAAATAGAACCGCACCCCAATTCACTATCAACGGTGACTTTCCCGTGCATCAATTTCACCAGAGAATCTACAATTGCCAACCCCAAACCCGTACCGTAATGTTTGCGGGCGTTGCTTTGATTGACCTGTCGGAAGGCTTCAAAAATCTCTTGCAAATGATCCGGCGCGATGCCAATTCCGGTATCTTTAATGGCGATTACTAACCGATCGTCACATTTTTCTTGAACATTAATCCACACTCCTCCGGTTTCGGTAAATTTAATGGCGTTAGAAATTAAGTTAACCAGAACTTGTCTGAGGGAATTTTGATCGTTGATAATCATCGCGTCTTCCAGGTCGATATTGACTTCTATAGTCAACTGTTTTTCGACCGCTAGCGATCGCAATTCTTGCACGGTTAATTCCACAAATTGAGCGAGATTAAATTCTTTCGGTTCCAAATAAAACTGACCCGCTTCTATTTTAGAAAAATCCAAAACTTCGTTGAGCATGGTCAGTAAATGTTGAGCATTATTAAAGATGCGCTGTACCATATCCAATTGTTGAGGCGCAAGCGGATCGGGATACTGACGCAATAACAGTTGAGAAAACCCCATAATCGCATTCATCGGAGTGCGAAGTTCGTGAGACATTGTGGCGAGAAATTGAGATTTCAGGCGAGAAGCTTCGGCCAGTTTCCGGTTTTGTAATTCGATTTGTTGGCGTTGTCGTTCGAGTTCTCGATTTTGTCGCCGCAAGAGTTCGTTACTTTCCCAGAGGCGTTTATTGGCGAGTTCGGCTTCCATTTCGGCTTGATGAACCCGAATCGCATTTCGCAAAACTTGCCACAATCT
NZ_CP178543.1_gap8	402931	406019	3088	AGAAGTTGCCGGAAAAACTCCCGATGAGTTTATGCCTCCTGCCGTCGTCAATTGGATAAATCAACAGTTGCGAAGTTGTCTAATTGCTAGAAAAACAATTACTTTTGAAGAATATTTGCCCTTACAAGGTAAAGACAATTGGTTTCTAACAACATTAACCCCGCTCAAAGATCGGCAAGGGAATATTAAACAAATTGTTGGAACTGCCACCGATATTAATCAACGCAAACAAGCCGAACAAAAACTTCAAGAAAGTGAAGAACGTTTTCGCAGAGCCTTTGATGATGCAGCGATTGGCATGACGCTGGTGAGTTTAGAAGGTAATTTTTTAAAAGTAAACCAATCTCTCTGTGAACTAACCGGATATCAACAACAAGAGCTACTTTCATTAACCGTTCAAAAAATTACACATCCTGAAGATTTAGAGATAGATTTAAACTATGCTAAACAGCTAGTTGCCGGAAAAATTCGCACCTATAAAATGGAAAAGCGATATTTCCATAAAAACGGAGGGATTGTCTGGATACAACTCAATGTTTCATTGGTTCGGAATGAACGGCAAGAACCCCTCTATTATATCGCCCAAATTCAAGATATTAATGAACGCAAACAGGCTGAGAAAAATTTGCGACGCTACGAACGCATTATCGCCGCAACCTCCGATGGTATTGGTTTGGTGGATCGCAACTACACCTATCAATTGGTCAATCAAGCTTATTTAAACTGGCATCATAAAACTCAAGAAGAAGTGATCGGACATTTGGTGAGTGAAATCATCGGGGAAACGGGATTTAATCAAATTGCAAAACCCAAACTAGATCGCTGTTTAGCAGGGGAAACCATTCAATATGAACGCTGGTGCGAATATCCCCAACACCAAAAACAATTTATGAGTATTACCTATACTCCCTATCGGGAATTGAACGGAGAAATTTCAGGTGTTGTTGCCAGTATTCGCAATATTACTGAACTCAAACGGGCAGAAGATGCCCTGCGGCAAAGTGAAGAACGACTGCAATTAATTGCCAGCAATTTACCGGGTGTGATGTATACTTTGGTCGCCCGGTTAGATGGTACATATGCTTTTGAGTATTTGAGCGAAGCTTGCCGCGATTTGTTCGAGGTAGAACCCGAAGAAGTCCTGGCGAATGCTAACCTATTATTGGATAAAATTCATCCGGAAGATCGTCCGAAATATGACCAAGCCGCAGCCAGGAGTATGCGAAATCTCACCCCTTTTTCTTATGAATGGCGACAGATTTTATCTTCGGGTAGAATCCGATGGATTTTGGGAAATTCTCGCCCCAAACGCCGCGAAAATGGCGAAACGGTTTGGCACGGTGTGAGTCTTGATATTAGCGAACGCAAACAGGCTGAAATTGCTTTACAAGAAAGTCAAGAAAGGCTATATAGAACCCTAGAAGCCGGACGAATTATTTGTTGGGAAGAAGATTTAATGACCCAACGAGTTAAAGGTTGGGGTGAAAATATTGCGGACAATTGGAAAGCCAATTTTTGGGAATTTCCCCTAGAATTTGCTCCTCAAGGTATTCATCCCGAAGATCGCGATCGCGCCGTAGAAGCTAAAGAAAATGCTATCAAAAATCAAGGCGAATTTCAAGTTGAGCATCGTTTAACGGGCTATCCCGAAAATATTTGGATGTTGGCTAAAGGGAAAGCAATGGTCAATTCTCAGGGGGAAGTGACTCGGCTTGTCGGGGTGGCGATTGATATTAGCGATCGCAAAGCCACCGAAGCGGAGTTAGTGAAAGCCAAAGAAGCGGCTGAAGTTGCCAACCAAGCCAAAAGCATATTTTTAGCCAATATGAGTCACGAATTACGTTCTCCTCTTAATGCAATTTTGGGTTTTGCTCAACTGATCAACGGAAGTGCCAACCTAACACTAGAGGAACAGAATAATCTTAACATTATTCAACGCAGTGGCGAACATCTTTTGAGTTTAATTAATGAGATTCTGGATTTATCGAAAATCGAATCCGGACAGAGTATTTTAATTGAAGAAGCTTTTGATTTGTGGAAGTTACTTGAAGAACTCAAAGATTTTTTTAGCTTAAAAGCCTCTCAAAAAAATCTAAGATTGACGTTTAATATTAGTCGAAATCTCCCCCGCTATATTAAAAGCGACCGGGTTAAATTGCGTCAAATTTTAATTAATTTGCTCGGTAATGCAATCAAATTTACCAATCAAGGATGTGTAACTCTGGAAGCCAAATTGAGTAAAACCTTTTCAGCCTGTTTGATGGGTGAAACCTCTAGCGTGGAACTTCATTTTAAAGTGAGTGATACGGGCGTCGGTATAGAAGCCCACGAACTCTATAATCTATTTCGTCCGTTTGTACAGACTCAATCTGGAATTAAATCTCAACAAGGAACAGGTCTAGGATTGGCAATTTGTCACGGTTATATTCAACTCTTTGGCGGTCGAATTCGGGTCAAATCTCAGCCCAAATTGGGGACAGTATTTGATGTGAAACTGCCTGTTTTACCCGTTGATGATGCAGAGATGATCCCCGAAAATGATTCCCCAACCCGACGAGTGATCGGCTTGCAACCCAATCAACCTCTTTATCGGATTTTAATTGTAGATGACGAGCAATACAATCGCCAACTCTTAGAACAAATTTTGGCACCTGTGGGGTTTGAACTGCAAATGGCAAACAACGGTTTAGAAGCCGTTGGAAAATGGCAAACGTTTCAACCGCATTTGATTTGGATGGACTTAAAAATGCCCGTGCTTAATGGTTATGAAGCTACGCGGCAAATTCGCCAACTCGAACAGCAAAATCAAGCTGATTCTTTGACTGAAACCGTAATTATTGCTTTAACCGCAAGCGCATTTAACAATCAAAAAGAAGCCGCTCTCCAAGCCGGTTGTGATGATTTTGTTCAGAAGCCTTTACAGGTGACACAGATTTTGAATAAAATAGCAGAATATCTGGGAGCGCTGTATCTTTATGAAGAGTTTCCTCTTCCATCTCAATCCTTTCGGGGAGACAATAAATTTTCAGAGATACAGTCTCAACTTGCAACTTTATCAGCGGATTGGAAATTGAAGCTAACAGAAGCA
NZ_CP178543.1_gap9	507651	508694	1043	TCGCAACCATTAGAAGCTTATCGGCGCTGATTAGTTTGCTCTGTTTTCCGGCGATATATTGGCTGTGTTTGGAGCTTTTTCAGTCGGTAACGGTGGGTTGGGTGGCGATGGGAATTTTGGCGATTTCTCCCTTTCATGTTTTGTACGCTCAAGAAGCTCGCGCCTATAGTTTATGGACGTTTACGATTTTATTTTCAAGCGCCGCACTGTTAAGAGCGTTACGAGTTACCCAAACTGAAAAACCGAGAAAATCCAAACGTTTCGCCTGGGTAATTTATGCCTTTAGTTTAACCTTTGGTTTGTATTCTCATCTCTTTTTCACTTTTGTTTATCTGAGTCATGGAATTTATGTATTTGGCTTAAAACAGTGGCGAAAGTTTGAATATATTTTTCCGGCTTTAGCTGCGGTTTTATTGAGCGTTATTTTGTTTCTTCCCTGGTTAATTATTATTTTTACAAATTTTCCCGATTTAATTGATAATACCAGTTCCCACCGGATAACTCGACCAGGAACAATGTTGTTTTGGGGTTTGAATTTAACCCGGCTTATTTTTGATTTTAATCAAGGGTATAGTTTGCTAAATCCGGTTTTATATCCGATCATTTTTCTAGCCGGATATTCGGTTTATTTTTTAGTTAAAAAAACTTCAATAAAAACTTGGTTTTTTGTGATTGCGTTAATGGGAGTGATGGGAACCGCTCTGATTTTACCGGATCTGTTATTCGGCGGACAGCGTTCAACCATTGCTCGCTATGGAATTCCTTCTTATTTGGGTTTACAAATTTGTTTGGCTTATCTTTTAACCCAAAAAATTAGCGATGATTCGCTCAAAATCAAACAAATAAAACGTTGGAAATACATCTTAATTGCCATTGGAATTAGTGGAATTTTCTCTTGTTTGGCGAGTTCTATTCATCCGGTTTGGTGGCATAAAAGTTATACCCGAAGCCGCTATATTCCTCAGGTTGCTGAGATTGTTAACCTCTCGGATAGTCCTTTGGTAATTAGCGATGCAGAACCCGGTAGAATCCTGCCATTCAGC
NZ_CP178543.1_gap10	530780	532033	1253	CGATGAACAATTGCAACTTTATCTGTCTTATCTGAGTACCGTTGGAAAACCCGATATTTTAATTGTCGGAAGTTCTCGGGCTTTACAAGGGGTTGATCCGAGAGCAATGAAACAAGCTTTAGCCGCCAAAGGTTATCAAGGCTTGAAAATTTTTAATTTTGGAGTTAATGGCGCAACCGCCCAAGTTGTAGACTATGTTTTAACAGATTTATTAACACCAAATCAACTCCCGAAAATGATTGTTTGGGCCGATGGAGTGAGAGCGTTAAATAGCGGTCGCATTGACCGCACCTATCAATCAATTATCGCCTCAGAAGGACACAGACGTTTAGCTTCCGGCGTTCGTCCTCAACTCGCTTCAACTTCATCGGATAACACACAAATCTGTTATCAATTGCCCCAATCTTGTAATGCCAGACCCAAATGGAGTTTTCCTCAAGCCAGTAAAAATGAGCAACCGTTAGAAGCGGAATTAGCCGTTAAAACAGCCGAAGTCGAACAGTTCCTTCCCGTTCAATTCAACACCTTAGAAACCCCTCAATTGAACGATTTAGTTTATCGTCGGTCCGAACAACCTTCCGAACAAAATACCGCCACACTCGTTTCTTTAAATCCAACCCTGGATGCCAACGGATTTTTTCCCGCACCCAACCGTTTTAATCCCTATACTTACTATCAACAACGCCCCTATGTAGCGGGTCGCTATGATGGAGATTATCGGGCTTTTAACTTGGGCGGAGAACAAGCGAGGGCATTCAGTTCAGTTATGGGGTTTTTAAACACTCAAAATATTCCGGTTGTTTTTGTTAATTTACCCCTAACCGATGACTATTTAGATTCATTTCGCTGGTGGGCAGAACAAGAATTTAGAGGCAATATGCAGCGACTTTCTCAAGAGTATGGATTCATCTTTATTGACCTCTCAGAAGCCGCTTTAACCCGTTATGAATACTTCGTCGATCCCAGCCATTTAAACCGCTACGGGGCGCGAGTCGTCGCCCAAAAACTCGCCGGACAATCTTCCATTCCCTGGCCGCGACAGTAGGCAAGAGGCAATAGGCAGGTAGGGGCGGGTTGATCTCAATGTGTGAGTAGTCATCAAAGATATTGTAGAACCCGCCCCTACAAACCTAACACCCAACACCCGACACCCGACACCTGTTCACTGAAAACACTCTCTTGCAAACTTTGCTACCGACTATTCCGCCGGGTCGCAAGGAACGCGCTGGTGACTGGTGACAGGTGTTGCAGCG
NZ_CP178543.1_gap11	560552	561773	1221	TTTTGTTTCACAATGAAGATGGAAGTTCCCACAGTATGCACTTTCACGGGACTCATACCGCAGAAATGGATGGGGTTAAACCCGTGCGTCACGGAAAGACAGAAATTTATGACTTTGACGCCGAACCCTACGGAGTTCATCCCTATCACTGTCATATTGCACCCGTAACCCGACACATTAGTAAAGGGTTGTACGGACTGTTTATTGTTGACCCCCCGGAAGGTCGTCCTCCTGCTGATGAAATGGTGATGGTGATGGGGGGTTTTGATATTAATAATGATGAAAAAAATGAACTTTATGCGTTTAATGGCATTCCCAATTATTATCGGGATCATCCCATTCGCATTTATCAAAATCAATTGGTTCGGTTGTATTTGTTGAATATGATTGAGTTCGATCCGGCGCTGACTTTTCATATTCATGCTAATATGTTTCAAGTGTATCGCACCGGACGCACGTTAACCCCCAACGAAGAATCGGATGTGATTACAATGGGAACCGCAGAACGTCATATTTTGGAGTTTTCCTATCCTTATCCGGGTCGATATATGTTTCATCCCCACCAAGATGCCATCGCGGAAATGGGTTGTATGGGTTATTTTGATGTGATTCCTACTTGAGAATTTTTCTTAAAAAATTCTAAATGTTATTAGATTTTATTGACAAATCTTTGCATTTAATTTTACCCTGTAGTCCTGAATTGTTGTAATTGTTGTCAATTGAGAAAACGGGCGGTTCAAATGAAAAAGTCGTTAAAATCTGTAGAATTATTCTTAGCAACGGGGTTGGCGGTCTCTCTGGTGGCCTGTAGCAGTCCGTCAACGACGGTGGAAGGAGGAGAGTCGGGAGATGCGGCTTCTGTTGAAACGGTTACTCAAGGTGGAGAAGGTGGAGAAGGCGGGGAAGGCGGGGAAGGCGGAGAAGGCGGAGAAGGCGGAGAAGGCGGAGAAGGCGGAGAAGGGGGTAGCAGTGGCAATCCTGATGTTGATTATATGACAACTTTGGGATTGATGAAAGGTCATTTGATTGTCGCGAAAGAACTCAGAGAAGCGGGAAATTATGAACAAGCCGAACCCCATATCGGACACCCGGTTGAAGAACTCTATGGCGGTTTAGAAGGTCAACTTGGCGATCGCAATGTGCCTCAGTTTAAGTCTACTTTAACCGAATTGAACGATTTATCCAAGACGGCGCCCGACCAACCCCAAACCGAAGAAAAAT
NZ_CP178543.1_gap12	611517	614589	3072	GGTTATTTTTTTTATTAAAAAATCCTAGTAAATTTCTTTTTACAAAAAAAATTCAGTGTTAGAAACTGGGTTTCTTGCTATTTCGTTGAGTTTTGATGAAGTTAAACCCCGGCATTTTAAACGGTGAAAAAACTCCCGATAACGCCATAATATACGCAAGCGCCCGCACCCAAAAGGTAAACAAACCAAGTCAGGAAAAAACCAATCCCACGACCGACAGAAGGGCCGTAAGTTGCTGTGACTCCCCAAGCATGGGCAATTCGTCCAATGGTTAGTGCAGCACCCAACACCCAAAGTAAAGCACTGGGGGCGGCCATTAACTCCAATGCCAAGATAAATAATAGTGCCAAAGGAACATATTCGATAAAGTTTCCGTGAGCGCGAATTTGGCGTTGTAAAATGCCGTCATCTGCCTCTTTTGTCGCGATTAGTTTTTGGGTAGATTTTTCAATTAATGCAGCCCAGGCGTTAGGATTTTCGAGGTAGTTGGGTTGAGTTTTGACTTCGGATTTTGAGGCTCCATGCCAAATTCGGGTGCGAGTTCGCTCCATCACAACTTGGTAGGAAAGTACAAAAGCAATCAATCCGTGAATACCAATAAATAAAGTTGTAATTGGAACTGACATAAGGAGTAGTTATACTAAGAAAAGGATTTCAGCTTTTAGAATTAAACTTTACCAATCAATGAATAAGCTGTCAACTCAGTTGAATGGGATCTCGTTGATGGTTTTCACAAGATGACCGACCGGGAGAGTATTGGAGTAGCTCGCGTTGATCGTGCTACTGTTAATAAAGTTCGTCATTGGTTGTCCGATCCGAGCGGACTGAATGCAGTCTATCTAAATATAGATCTCAGCCGACCCATTGATTGCTTACAATGCAAGAGATCATTATAGTCGGATGAGATTTGTCCGCTGATAGAATGTCTTGAGCAGAGATGATCGCCAGATCGAAAGATGCTTGAAAGATTATTTTCTGCTACCCTCTCTTACCTTCTAATTCACCTTAATTAATGAAATAAACATGGAAACTTACGATGTAATTATTATCGGTGCCGGTCACAATGGTTTAACCTGTGCGGCTTATTTATTAAAAGCGGGATATAGTGTTCTGCTGTTAGAAAAACGCTCGGTTCCGGGCGGTGCGGCGACGACGGAGGAGGTGTTACCGAAAGAAGCGCCCGGGTTTAAATTTAACCTCTGTGCGATCGACCATGAATTTATTCATCTGAGTCCGGTTATTCAAGAACTTGAACTGCATAAATATGGTTTAGAATATCTATTTTGCGATCCGATTGTCTTTTGTCCTCACCCGGATGGTAAATATTTTTATGCTCACAAATCTGTTGAACAAACCTGTGCAGAAATTGCCCGTTATTCTCCACAAGATGCGGAACGCTATCGAAATTTTGTAGATTTTTGGCACCGGTTTATTAGCGCAGCAGTTCCGATGTTTAACGCGCCGCCAAAATCTATTATTGATATTGCCCGAAATTACGACGGTCACAAGTTTAAAGACTTATGGTCGATCATTAATTCAGTTGAGAAAAGCTTGGACTTTGTTCGCACGATGTTAAGCAGCGCTGAGGATGTTTTAAATGAGTGGTTTGACTCGGAATTTGTGAAAGCACCTCTGGCGCGTTTGGCTTCAGAATTGGGCGCTCCTCCGTCTCAAAAAAATCTGGCTGTCGGTGCGATGATGATGACGATGCGACACGATCCGGGTATGGCTAGACCCAAAGGCGGAACGGGTGCTTTAGTGCAAGCTTTGGTGAATTTAGTTCAAGCGAAAGGGGGTAAAATTTTAACGGAACAATCTGTTAAAAAGGTGTTGGTTGATAATGGCCGTGCGGTCGGTGTTCAGGTGCAAAATGGTACTGAATATCGCGCCACAAAAGGGGTTATTTCTAATATTGATGCCAAACGTTTGTTTCTGCAATGTATGGATGAAGCGGATGTGGATGCTGCCGATCCAAACTTGCGCCAACGCTTAGAACGTCGTATCATTAATAATAACGAAACCATTCTCAAAATTGATTGTGCTTTATCGGAAGCTCCCCGCTTTGAACATCACAATCATCGGGATGAATATTTAATCGGTTCGGTATTGGTTGCGGATTCTTTTAAACAGGTTGAAATTGCCCATCACGACTGTTCTATTGGTAGAATTCCTGATTCCGATCCGTCGATGTATGCGGTTGTTCCAACGATGCTTGATCCGACGATGGCGCCGTCGGGAAAACATACGCTTTGGATCGAATTTTTCGCGCCTTATCAAGTAGAAGGGGCGGAAGGAACGGGTTTAAATGGAACGGGATGGACTGACGATTTGAAAAATAAAGTTGCGGATCGGGTTTTAGATAAATTAGCCGATTATTGTCCGAATCTCAAGCGTTCAATTATCGCCCGACGGGTGGAAAGTCCGGCTGAACTTGGGGAACGTTTGGGCGCTTACAAGGGGAATTACTATCATATTGATATGACCTTGGAACAGATGGTTTTCTTCCGTCCTTTACCCGAATTAGCCAATTATCGCACCCCCATTAAAGGATTATATCTTAGCGGTGCGGGAACTCATCCGGGCGGTTCTATCTCGGGAATGCCGGGTCGAAATTGTGCGCGTGTGTTTATTTCTTCTCAACAACCGTTCTATCACATTTTAACTGAAGCCGGACAGTCTGTTCAATCTTTGACTAAATCGGTTTTAGGAATTATTTAGTTGCAGAAAAACCCGGCTTTTGAACGGTTTATTTCGGGATAAAAACACTGCGTAAAACTTCACCAACATCTTGCAGAAAAACCCGGTTTCTTCGAGAAACAGGGTTTTTGAAGTTTATTTAAAAATACAAACATTGCGTAAAACTTCACAAACATCTTGCAGAAAAACCCGGTTTTTTTGAAAAACCGGGTTTTTGTAGTGGGTTTTTGAACGGTTTATTTCGGGATACAAACATTGCGTAAAACGGTAAACGGAGTAATCTCTTTGAGGTGTTGCAGTTGTTCTTCTGTTTTCACCAACATCGCCCCACAACATCCCAAAGAATTCACTAAAATTCCTTCAAAACTTTCTTGA
NZ_CP178543.1_gap13	644558	645574	1016	CCCAGTTGGGATTACACAAAAAAACCGGACATTTGGCGACAACTGCGGCTATAAACGTCGCTAAAAAAGCAATGGGTTCGGGTTCGGCGAGGATAACTTTCGGATAGACTCCCTGAGCGTTAATAAACTCGGTCAGTTCTCGAAACCGACACCGATAGATTTTATTAAACTCCAAGCTATTATATCCGATCAACCAATCATCGGTTCTCAAATTGATATAATTTTTAACATCAGTAGATGGGGAACTGATTTTCACTTGTAAAGATACCACGCTAATTTTTGGCTCTAATCTTCCTGTCTGTAACTTTACCAGAAAAAGGATAAAAAAGTTCGATAAATTTGATGACAATAAATTTAGATAGGTAGGGTGCATCAAACTATGAATTTAGTCAGGATTTAACAAAAATTGGGGATTTGATGCACCCTACTTGTAACTGTTTGTAACTTGATCAGAAAAAGGGAATCAATTCCCCGGCTAATAATTCAACTCGGTTAAAATCGACTAAAATCTTAATTTTTAGTCCTATGCGCGAGGACTTTGGTTATCAGACAGAGATTTTAATCTCTGGCTTGATTTGATAATCTTTGAAATAACCTCTCCCCCAACCCCTCTCCTACGAGGCGAGGGGAGTTATTGAACCTCTCCCCCAACCCCTCTCTATCCCCCCTTTGAAAGGGGGGGTAAGGCGAGGGGAGTTCAAAAGTGGCCTCCTCCTTTTAGGGGGAGGTTGGTGGGGGTAAAAGTCGCCTCCTCCTTTTAGGGGGAGGTTGGTGGGGGTAAAATCACCAATGTTCGACGCCAAAACCAACCGCACGTTTGGGATGAGAAAGTTCGGAAGCCAAATTCAAAGCCGCACGTCTACCTACCGCAGTTTCAAATACCGATGAAAATACCGCATCAATATGATTTTCCCTGCACAACTTTCGCAGTTTTCGCGGAGAACCCACAATACAAGGTTTTATCACAAAAATACCCCGCCAACCCCGTTGATAACAGTCTCGAATTTGGGATAAAG
NZ_CP178543.1_gap14	653747	656428	2681	GAGCGGGGTCAATTTGCGATCGGCCAATCTCACTGATGCTAATCTCAGTTGGGCAAATCTTAGTTATGCTCGTTTAAATGATGCTAAACTTGACGGAACTCGTCTGAATGGAGTTGTTCTCCATCACGCTCATTTGGTTGAGGTTAATTTATCTGGGATGGATTTAAACGGGGTTGATTTTTCTCATGCAAACCTCAAAAAAGCAGACCTACAAAATACCGATTTAACCGCAGCCAATTTTCATCAAGCCCAAATGTCTCTCATCAATCTTCAAAAAGCCACTTTACACGGCGCCAACCTAACAGAATCCCTTCTCAAACAAAGCAATCTCACCGAAGCCGTTTTACTCAGAGCCGATTTATCTCAAGCCAATTTAACTAAAGCTGATTTAAGCGGAGCCAATCTCAATTTGTCAACCCTCATCGGTACAAACTTAACCAACGCCAACCTCCAACACGCTTATTTTTGGAAAGCTGATTTACGGGGAGCAAATTTATCCGGCGCCCAGTTACAAGGCGCAAGTTTACGAGGTGCAAATCTTGAAGGCGCAAATTTAGAAGGTGCCAATTTAATCGATACCATTATGCCGGATGGTTCGACTTCTAATTCTACCGAAAATTTGCCTCTTTGCTCCTAATTTTAGTTTCAATACTGGTCAACACGAATGCTTTATTTAACTGCACCTGAACCCATCAAAGCCGTTATCGCTCAACTCTCGGATGCTGAAATCTTATGGCTCGATACCGAAGTTGCAGATTATAAACACAAACCCCGCTTGTCTCTCATTCAAGTGTTGACTCCATCCGACGAGAACAGAGACCCTCACATCTACCTTTTTGATGTTTTAGACCAACCCGAATTAACCGATATATTTATCGATAAAATTATGGCAAATTCCGCCATAGAAAAAGTCTTTCACAATGCTAACTATGACCTAAAACTATTGGGGAAAAAACGAGCGAAAAACGTCACCTGTACCCTAGAAATGGCGAAAAAAATCCCCTATTATTTATTACCCGTTGAAAATTATCAACTCAAAACATTAGCCGCCAAACTCGGCAACTTTACCAACATCGATAAACAAGAACAAAGCAGCGATTGGGGACGGCGACCCCTCACCGAAAAACAGCTAGAATATGCTAAAATGGATCTAGTCTATTTGGCTCATATTCATCAACAGTTGCTCGAACTTCAACCCCTCGCCACACCCGATCCGACAGCAGAAGATCTCGACCAACTCGCCGCCCGCTATCAAGAAATCGTCGAACAATGGCAACTGTTAGACTCGGAAATCACTCACCTTCAAGAGCGTTTAAAACAAGCCATGAAAACTCAAGACGTCGCGGAAACAGACCGCTTTAAATTATCCAGTTCACAACGCAAAACCCTAAAAATTTCTTTTGCTGAACTCTCGGAATTTATTCAAACTCAAAACCTCGATTTTGATTTCCCCGTTACCCTCACTCAAGCCATACAAAAACAACTCGGAGAGACAATTAAACAACTTCCCACCCAAGAAGAAAAAACAACCGTTTGGCGTCTGATTCCTAAATCAACAGAAGACTCGTAGGAGCGGGTTATATATTAATTTACCTTTGTTAGAAATAACATTGCTAAAGGAAGGCGGAGCGGGTTTATATAGGTGATTTCGGGGACACATAAATTTGTTCGGAACCGGCCCCTACAATTCGCTATTAATCATTTTTATACCATTTCTTTCTAATCATGCAACTTTTGACGATTCGTTGATCCCTCCAGGCTTCGCCACCCCCCTTTTTAAGGGGGGATTAAGGGGGGATAAATTAGATGAAGCTTCACAAAGAATTGGTATTAGTAAGCTTTTAAGTCTTTCTATTACAAATAACATTAGTAAACTTGTCCTGACTAACTTTGCGGGTGCATCGCCACAACAAGCCGAACAACAAGTTACATTTCTGTTTCGGGTTTAGCCGGTAATAGATAAATAATTCCCGAAATTAACGTTAAAGCCACAGCCGCCCAAAACGCAACTAAACTGACAATTTCCCACTCAACCGGTAAAGGTGCAATTAATAAACAAATGGCGAAAATTTGCGTAACCGTTTTTAGTTTTCCCCAAATATTCGCCCCCGATATTTTAGTTTGATTCACCCGCCAACCCGCGATCGCCAACTCCCGTGCTAAAATTAAAAATACACCCCAAGCCGGAACTTGTCCCAATTCAATCAAGGCCAAAAGCGGTGCCAAAACCAACAACTTATCAACCAACGGATCGAGAAATTTTCCCAAGTCCGTCACTTGGTTGAGTTTGCGGGCGAGGTAGCCATCCAGCCAGTCCGTAGAAGCGGCGACCAGAAAAACCCCAAAACAAACCCACCGACTCTCTAGGGTCGGTTGATGCAAGCCAACCAGGAGTATGGGAACACCCAGTAACCGAGAAAATGTGATCCAGGTGGGTAGGTTCATCTTTAACTCCTTGCCTTGTATTCGACAAATACCAAAGCCGATCTTCAGCTATCGTATTGATTAGTATACACAAAAGAAAACCTAGCCAGGACTGTCCCAAGCTAGATTTGATCTCGGAGTAGATTGAAAATATTCAAGGTAAAAGTCAGGGTAAAGGATGATTAGGAGTTATTAATAGGCTCCGTGTTTGTTGACAACGGCAGTAATTGTTTTGATAATTAGTAGGATATCGTATA
NZ_CP178543.1_gap15	673294	676962	3668	CCCATCCCCATCTTCTTGAGCGGGGAATCTAGGCGGTGGGTATAGCCGAACCTATCAACCCCCTGGGGTAGTTTAGTGTTATCTTGGCAGTAGGACTGGAATTAGAATAAATAGATATAATTCCTTTAAAACCTGCGCGTGCTGTTGATTTTGATACAAACCTGTGGATAAAGCCCTGTATCAACAACTTGAACAAGAGAGACTTTTAAATCAAGTCACCAGCCAGATTCGCCAGAGTCTGGAATTGTCTGTTATTTTGTCAACAGCAGTAGAACGGTTGCAACAATATTTGCAGGTTGATCGGTTGTTGATTTATCAGTTTGACTTTCAATGGTCTGTTCCCCCTGGAGAGTGTAGCTTAGAACCCGGATGGGATGTCGAGGAGCGAGAGTACGAGACCCGACCGACTCGAATGGCGAATTTCTCGGGTGAATTTTTAGCGAGTCAAAAGGGTAACAGAGGATGCGTGACTTATGAAGCTCGTTCTTCGGAAAAAGTTTTGTCGGTTCTGCACTTGAGCGAGGCGGATAGTTGTTTTTTTGAAACTCCAGAAGCCCAAGCTAAATATCAAAAAAGCCACGCTTCTTTAATTATTCAAGATGTGGAGAAAACCTATGCCTATTCTTCTTGTTTTCTCCAGTTTTTGCGCCGAATTCAAGTCAGAGCCAAGGTGGTTTTTTCGATTGTCATTCAGGAAAAATTGTGGGGATTGTTAATTGCTCATCAATGCCATCAACCCCGAGAATGGACGGATAACGAAACGAAATTTATGGCTCAAGTGACGGAGCATTTATCTATTGCTATTTATCAAGCCCAACTTTATACTCAATTACAGCAGCAAAAGCACACCTTAGAGCGCCGAGTCACCGAACGCACTCAAGCGCTTCACGATGCTTTATTGGCGGCTCAATCGGCGAACCGAGCCAAAAGCGAATTTTTGGCGACAATGAGCCATGAATTACGAACGCCGCTCACCTGCGTGATTGGGATTTCCGCCACCCTATTAAGACTCTATTCCAACGGTGCGGGTATCAAACAACTTCCGATAGAAAAACAACAAGAATATCTGAAAAGAATTCACGACAGCGGAGAACATTTATTAGAGTTAATTAATGATATACTGGAACTGTCTCAGGTCGAGTCGGGAAAAACGGTTCTACAAATTAGTGAGTTTTATCTGTCAAAACTGGCTCAACATTGCTTAACTTCTTTTCGAGAAAGAGCGCAAAGTAAAAAGGTTTTGTTGAGTGGCGATATTCAAATACAACCTCATCAAGATCGGTTTATTGCTGACCAACGTCGAGTCAAACAAATTTTGTTCAACCTGTTGAGCAATGCCATTAAGTTTACCCCAGAAACCGGACAAGTCACCCTCAGAATTCGAGTTGATGGAAACACGGCGATTTTTCAAATCCAAGATACCGGAATTGGAATTCCTCAAGAACAACAACCTTTATTATTTGAAAAATTTCAACAACTTGATTCGTCCTATCGCCGTCAGTATGGCGGAACGGGGTTGGGTTTAGCCTTAACAAAACAGTTAGTTGAACTTCATGGCGGAGTGATTAAATTTACCTCTACGGAACGGGTAGGTTCAACGTTTACCGTTCATATTCCCGGTCAACCGCTTCCCTCTCTAAATACTCAGCAACGGGTGAAAAATTCTGCGTTTAAAACCTCTCTACCCACCACCTCAACAAATAATCCTGTGGGTCGATTTATTCTGATTGAAAACGATGAGGAAATTGCTACACTCATCTGTGAAATTCTCACCGCAGCGGGTTATCAAGTGGTTTGGCTTGTGGAAGGATTAACCGCATTAGGACAAATTGAACTCTTACAACCGACTGCGGTTATTGTCGATATGCACTTACCGGGTCAAGATGGCTATGAAATTATTCGTTACCTGAAAAATAACACAGCTACGCAAGATATTAAGATTTTAGCCATCACCAATAACTCTGAATCTATTGACTCTGAAAGTGTTTTAGTCACTGAAGTTGATGACTTTATTACTAAACCAATTCAACCCAATCAGTTACTTAATAAAATCATCAGTTTGGAGTTATAAAACCAACCAAAAATGCTTAGTTGGGGATAGGGCGGGTTTATGTAAGTTATTTCTGGCTAAGATAGGTTTTAGCCGAACCCGCCCCTACGCTTGCTGGTGACTCTCTTGCAAAGTTTGCGATGGGAGCGACTGCTGAACCCCTAAGGGTGAGGAGTGACTGTAAACCTGTTCCCTTTTTTAAAAGGATAATTTTTTGGAACCAAAATTTAAACTAAAAGCAATGTTGACATTTTCGAGGGCTTCGACTAACCAAAAGACTTTATCTTGAGGAAAGCTGGAATAATGACTGAATAAAACGGAGAAACGTCTTTCTAAATCTGCTTTGACTTTTCGACAAACTAAAACTAATTTGAGTAACGCTCCAATCACGGAGGTAGCCCCCAAGTTATTGAGCAAGTCTACAAAGACAAAATGACTGGGTTGTTGTAAACTCTCAATCACCATAAAGTTAAATAATTTGCGACAAGTTCCGGCTAGTAAAGCATCATTGACTTTTTGACCATCGTTGTGATTTAAAGTGTCTTGTAAAACTTGATAGAGACGTTGATTAAATCGATTTCTACCATATTTCGGATCGATAGAACTGCTAATATATTCGTAGAGTTCTTCTTTAAAAGTTCGGTAGGAGCGAGTGTTGCGACTTTGTTGGATAAACTGTTTTGCCAACTCGGGATAGGTATGATGGCCATCAACTTTACTGGTAAAATGATTGACCGCAGAGTGATATTTTTTATCGGGGAGTAGGGTGGGGTTTTGAGTGGGGAGTAGAATGATTCCCTGGTCGCGACTGTAAGTTTGATCGCTCATATATTCATATAAATCGTGATCGAACTTTAATTGGCTGCGATGGCGCATCATCCGAATTTCTTGTCGCTGTTCATCGGTGCTGTCATCGGTGAGGAAAAAATGTTCATATAAGTAGGGATATCGAATAATCAGTGAATCTAGACTTTTGACTTCTTCGCTAGATTCTGTATTTTTCGAGTCTTTAAAGGCTTTTGCTAAACGGCGTAAAGCGTGATATTGTTCCGATTGAATAAACCGTTTAACCAGCGATCGCAGACGGTGGGCGGTCCAACAGTGGGGGAGTTTATTGGGTAGAACTTGAAACAGTTGAACCAATTCATAAATCGCCCATTGGCACTTCCGACGTTTCAACCAACGGTTAATTAAAATATAGCAGCAACGGTTGAGAATATGGGAAAATTCTGGCGGAGAAAAATCCCCATCCACAATCCGACCCAATGCGGCCCAAATCTCCGCATCTTGATACTCAACTTCACCTAAAAATAAGTTCCGAAAACGCTCAATTAATTGTTGAGGTGACTCAGTTTCTACACACTTTTGTAGGTGAGCATAAAGTTTATGCTCATCCAAGGATCGAATTGAGTTGAACCCGATAGAGTTAATCACAGTTAGCCCTCTCACAGTCCAGAGAATAAATTTTAGCTAAGTTTACAAATATTCAGGGGGTTTACCTAGAATTCAAGAGATCAGATCTTAATTCGTGATACTTCATCTCTGTCGCTTTCGGTTCCTAACCCGTTATCCAAAGATGCGCCCTTACTTTACTACAGAATAGGCATTAACTGAAATC
NZ_CP178543.1_gap16	678121	679596	1475	TGGCGTTGAGATCCCAGAGTCGCACTCGGTTGTCATCGCTGCCGGTGGCCAGAGTCTTCCCATCGGGACTGACAACGAAGGACCAGACTTGATGCTTGTGTCCCCGCAGGGTTCTTAACCGTTGACCTGTAGCCACATCCCAAAGTTGTACCATTTGTTCTTGACTTCCGGTGGCAAGTATTTGATGATCTTGACTAAAAGCCACCGAACAAACTTGACTTTCAAACCCTTTGAGAGTTTTTAAACAAGTCCCGGTTTTGATCTCCCAAAGTCGGACGGTTTGATCGTCGCTACTACTGGCTAAAAGTTCACCATCGGGACTAAATGCCACCGCCCAAACGGAATCTTGATGACCTTCTAAACTGTAGAAACATTGACCGGATTCGACATCCCACAACCGCACAATATTTTCATCGCAACTGCTGGCGATCCAACGAATTTTAGACGGTTTAAATTCGAGGTTTAATGAAGAATGTCCGTTTTCTGTTTGATGATTTTCGGCGATATTTTCAATCCGAGTTACCGTCCAATTCCAGGTAGAATTTCCGATAAAACTCCGCAAACATTCGCCCGTATCTATCGACCATAATCTCACGGTTTGATCGTCGCTACTGCTGGCAATAATCCGATTATCGGGGCTAAAAATTACGCTGCGAATTCCTTCTTTATGTCCCTCAAAAACGTGCAGACATTCGCCCGATCGCACATCCCAAACCCTCACGGTACGGTCATCGCTGCCGCTGGCAAGCATCTGACCATCGGAACTAAAATTCACGCATTTAATACTGTCTAAATGTCCGCCCCACCGATCCAAACATTCTCCGGTACTCACTTTCCAAATTCTCACGGTTTGGTCATCGCTGCCGCTGGCGAGTAAGTCGCCTTCTGGACTAAAAGCGATGGATTTTACTCCGGTTGTTTTTCCCTGAAAAATTAGCAGTTTTTGACCGTTTTCGGTATTCCAAAGTAAAATTTTTCCGTCCGCGTCTCCGGTTGCTAATTTGTTGGCTGGACCCAAGGCAACGGCGAGGGTATTTCCTAAGGTTTCGGCAAAAATAGAACGGGATAAATCCGCTCCCGAAAAGTTAACGTTTTGTAGGTTGGCATCTTGAAGATAGGCTTGCCAGACGGCTAAATTTGAGAAGTCATAATCGGCCAAATCTAATTCGAGTTGATGACAGAGATTGATCAGGTTTCCTCCTGCATATCCCGATTTTTCTTGAACTGGATTTCGCAGTCGGTTGAGCAGGTTTTTAAATTTTTCTTGAAGTTCTTTTCGCAGGGGATAACGTTCTAAAAGGCGTTGAACTAAGGGGTTAAGAATGACCCGGGTTTGACTTTCTCTAATGTAATCTTTGGATTGAGATTTAATCAGGGCGTATCGGTTCAGGAAAGCTATATTTTCTGATTGTATTTCTCGGAAAATGTGTTCAATAAATTGTTCGATGATGTATTCCATGACTACGGGCTGTTGG
NZ_CP178543.1_gap17	860679	863516	2837	AGAGGGATTTTGGTCAGAGAAATGATTACGACTAACGCCATCCCTGCGTATTTATGACGGGTGATAACTTGGGTAAAAAGGGCGAGTATTGCGATCAGATAAAAATACGGCCCGTGTTCTACAAATAGCATTTGAAAATATAGCGGAAACTCAAAATCGGTGTATCCGTTAACAGCTTGATATCCAACCATTACCGCCATTGCTAACAGTAAATTAAGGGTGATAATGGCAAACAAAGCGGTGAGTTTTGATAAGAGTAAAACGCCATTAGAAACGGATGTAGCATCGATAACGGCTTGCAGACGGAGTTGGCGATCACGCCAAATTAATTCGGCTGAATAAACGATGATAATTGCAAACAGAATATATTCGAGATAGAGGTTGGCGGAATGAATTAAAATATCGGTACTGGGATTAGAATAGTTGTAGGAACGAGTTCCCATTGCGGTGATAATTAGACTGATTAAACCAAAGGCTGTTAACAGTAAAAAAGCCCGTCCTGTTAAAACTTGTTTGATTTCAAAAATACTACGATAAAGCCACTGGTTCAAGAAGGTTTTTAAACCAAAATTTTTAGGAGTTATAGGAATTGGATTGAATCGATAATTTGGATTTACAGTAGCCAATTTTTGAGGTAATTTTGATTTTTTATCTCTCCGAACACGGGATGTATTCAAGAGTTTCATTGAATAAGTTTGATAGCTGAAACTCCACAGCAACAAACCGACTGTTAACCAGAAAATACGGTTTAAAATCTGAAGACCGCTTAACGGTGGCATCAGGGTATTATGTTGATAGACCGTCCAGGATAATGTCTTTTCTTCTAAGGCATAAAACCCAAAGGGATCTAACATTGCCCAAAGGCGATATTGTTCAAAATTAATTACATCTACGCCGACCATAATTAAAGAGGCGAGATAAAGCATAATTAAAACAATTGCCCCCGCATAGGTGACGGCAATACTGCGGGTTTTTGCAGCCAAACAAAAGGCAATTGCCGACACTAAAAATAGATTGGGCAGGATAAACAGAATATAGCTAAAAACGTAAGCATCCGGGCGAAACGGCCCCAAGGCAAAGGGATTGAGTCCGGGCATCATTGTTCCCAAAATCATTCCCGGTAAATAGCTGGAAAAAGCGAAAAGCGTCATCCCAAAGGCGGCGATAAAACGGGTGGCTAGATAATCCCATTTCCGAATGGGTGTCGCTAATATTAACGCTTCCATGCGATAGTTTGTATCTCGCACAAAAGTTTCCGCAACAAAGGCAGAAGCCGCAAGAATTCCAAAAATACTGTACCAAATGGTTGTTTGAAAAATTTGGGAGGGACTATTAACAAAAAAGAAAGCGTTCCCTTCTCCAGCGTTAGAAATACTGTCGGTTAGGCTAATCACAAAAAATAAAATCGCGATCAGCCAAAACGTTGGGCGACGCAAATGGTAAAGGATTTCAAACCGAACAATCTCAAAAAATATAGACTTCATAATTAAGCGGCGATCGCGAAGGATTCTAATCGTAATGCGGTAAAATAAACATCGTTAAGATCGGGTTCAACCGGGTGAAAATGTTGGCCCGGTTGAGTCTCGCTCAACACCCGAACACAGCGTTTTCCCCTCGACATTCGAGCGGTGATTATGGTGCAGTTTTCGGGGAGGTTCGAGGCGTCTAATTCTGAGGTTATCCAAATTTTTCCTTGCAATGTTTCGGTTAAAAATAGGGGACTCCCGGAGCGAATAATTTCACCCCGATTTAGAATTGCCATTTGCTTGCAAAGTTCCGCCACATCTTCTACAATATGGGTGGAAAGGATTAACACCCGATCTTGGCTAATTTCTGCGAGCAAGTTTTGAAACCGAATCCGTTCGACCGGATCGAGGCCTGCGGTGGGTTCATCAACGATTAGCAATTGGGGCGAACCCAGAAGCGCTTGAGCAATACCAAAACGTTGGCGCATTCCACCGGAAAAGGTTCCTAATTTCTGTTTTCTTTGCTCGTAAAGATTGACCAGTTGCAACTGTTGGGCGACAAGTTCGCGGCGCTGTGAGGGGCGAGTAAATCCCTTGAAAACGGCGATTTGATCTAATAAATCCTCAGCCGAAACGTTCGGATAAACCCCAAAATCTTGGGGAAGATAACCCAACCGTTGGCGGGCGATTTGAGGATTTTTCAGCAGATTTAAGCCGTCGAGTTCGATCAATCCAGAATCCGCATCCTGTAACGTGGCGAGGGTTCGCATAAAGCTAGATTTCCCGGCACCGTTGGGACCTAGCAAACCGAAAATCCCGCAACCGATTTCTAAGGAGATTTCTCGCAAAGCTTGAATCCCGTTGGCGTAGGTTTTGCTGAGTTGTTTAATGACAAGCATTGTAGTTAAGCTCCCCCGGTTGTTCGCGTTTTATCCCAGAAAACCGACTTTTGTTTTCTGTAGCTCTTGACACTAAGTTTCATTTTGTCTCACTTTCCCCCACCCAAGCCCGTTTAAACTTCTTGAGAGTCTTTATCATTTGTTAGTCTGATATAAAGTAGCATCTCCTGGCGGTACTCCAGTGATTTTCCAAAAAATTTTAGATTTTGGCGAAGTCCATAAGCCGTTGTGTCAGGTTCAATGTCAAAATAGAGTAATCAGAAATTAGGGACGGATGGGAATTGTGGCTTATAAGATTGGTTTGTTGGGACTCGGAACCGTTGGGACAGGAACCGCACAAATTCTACTGGATACCAACGGACGACATCCCCTATTGCAAGGGTTAAGCCTACATCGGGTTGGGGTGCGATCGCTGTCAAAATCTCGCGGGGTTGAACTCCCGGAAGCCATACTGACAACCGACTTGGAGGAA
NZ_CP178543.1_gap18	909836	912530	2694	TTTGTTTTTCCGAGTTGCGCCATACAAGAATAACACTTCTCGGTTTAATTGTTGTTCTAAATAGGGTTGTAAGATTTTTCCCCACTCTGCAAACTGAGTAAACACGATAGCGCGATCGCCTTCGGAAAGCAATTCTTCCAGCATCTCTTTAAACCGTTGTAATTTACCCGAACTTTGAGCGCTTAAACTCTGATTTTCTATTTTGTTTTTTCCGGTTTTTGTAGACTTTCCATTTAATAAAATCGGATGGTTACAAACTTGTTTTAACTTCACCAACAAGCCTAAAATCATCCCCCGACGCTGTATTCCTTCGGCTGAGTCGATTTCCGCTAACGACTGATCGACGATTTTTTGATATAGACTAGCTTGTTCGGTTGAGAGTGAACAAAAGACTGTATTTTCCTGTTTTTCGGGTAAATCTTGGATAATATCTTTATCGCTTTTTAGACGCCGTAAAATAAACGGTTGAACCAAAGAACGCAACGTTTGTAATGAGTCTGTATCGCCGTATTTTTCAATCGGAATGGCAAATCTTCGCTGAAAAAATTGTTTCTGTCCCAAATAACCAGGATTGAGAAAATCCATAATTGACCACAATTCTGATAGGCGGTTTTCTACCGGGGTTCCTGTGAGAGCGATTTTAAAATTCGCCTCTAAATTTCTCGCGGTTTTTGATTGTTTCGCCTCGGGATTTTTAATATTTTGAGCCTCATCCAAAACCAATCCTTTCCAAGTCACGGTTTTTAGTTCTTTCTCATCTCTAAACGTTAACGGGTAACTGGTAATTATTAAATCATATTTTTGGGCGAAGGATGTAAAGGATTTTCCTTTTTTGCGTTTATCGCCGTGATGAACCGTGACTTTTAACGTCGGACTAAACCGTTTAACTTCTCGTTCCCAATTTCCCAAAACCGAAGTCGGACAAACCAGTAAAACGGGAGCGTCTAAGCTTTCTTTTTCCTGCAAATAAAGGAGAAATGCAATTAATTCTATGGTTTTTCCCAACCCCATATCGTCCGCCAAACAAGCGCCCAAACCCCATTCTTCTAAAAAGGCTAACCAACTCACTCCTCGGGCTTGATAGGGGCGTAATTCTCCTTTAAAATTATTGGGAGTTTTAATTTCTGCTAGCGAACGATTATTGGTTAACGTATTGAGAAGTTCCTCTAATTTTCCTCCCGCTTCAAAGTTAACAACGGGTAATTTTTCCACCATTTGCGAGTCACCGGTTGATAAACGTAAAGCATCTTCAAGGGTGAGTGAAAGTTTATCTTTGCGACTCGAAAAGAAGGCTTGAGCGGCTTTAATATCCGACGGACGCAACTCCACCCATTCGCCATTGACCTCAACTAACGGACTTTCTTGGGCGACTAACCGGTTAAATTCGGTTTGGGATAACGTTTGACCCCCGATGGATAATTCCCATTTAAAATTCAACAGACTATTTAATCCTAAACCGCCCTTTTGTTTTGATTTTGATGTCGCCGCTTGAATACTTAATCCTAAACGGTTCGCCCATCCATTTTGACTGGCTAAACTCGGGGGTAAAATCACTCCCAAACCGCTATCGGTAAACCGCCAAGCGACACTTTTAATAAATTCGTAGGCTTGTAAAGGGGTTAATACACAAGAATGAGGGCGAGCATCTTGTAAACTGGGTTCGAGGAGAGGATAAAGTTTTGAGGCTAAACCTAAACCTTTGAGGAGGGTTTCTTGAGGGCGTTTAATGGTGCGTCCCTTATGAACAAAAGCTTCAACGGGATGAGTCCAAATGGTTTGGGCGTCTACTAAAAATTCCGGTTCGTCGATGGCTTGTAAGCAATAGTCGAGCGTCCAGTTTTTCTCGTTTTTTTCGGGGGGAAGAAGGTGAAAACCGGTTCTAAAAAGGTTATGTTCGGCGAGGGTTTGTTGGAGGGGAGCCGTCCAATTTTTGAGGATTTTTTCTAGGGGTTCTAATTCGGAATTTTCGGATTGAACGTGCTGAGAGTCACTGGCTAAGGCGTGTAACCAACTTTGAACGCCGGGTTGAATGGCGGTGAGGTTTGTGATGGCTTTTTTCTCGCTTTCTTGGGCAACTTTTCTAACTTGACTGTCAATAATTTCGGTTAGAAAATCCTCGATTAAGGTTTGGGGATTGGGGGGTAAATCTAGGGCTAAGTAGTTTTTTGTGTTGTTGGGTTGAGAAGTAGAATAAAGTTGATACATCCGACAGGCGGAGGGGATTTGTTTGGAAAAACGAATTAATCGGGCTTGATCTGTGGCGCTATCGAGTAAGGGTTTCCATTGGGCGAAAACGCTATCTTTTGAGGGGTTAGATGTGAGACTGGGTAAAAATTTACTGCGGGCGAGTAAATCTAAACTCCAGCGAGAAAGATGACTCCAAAACTGCAAATCCGAGCCTAAAAATGAGTTTTCGGTCGTTAGGTTTCCCAGAGGAAGGGATTGTAAAAACTCAAAGGCTTCTGTACTGTTGAGACAAATTCCTTCAATTTTCCAGGGATAAAGACAAACCGATTCTAAATGTTTTTCCGAGTCAAGTTGAGGGTTGGACTGAAGGGGATTTAATCCGGTTTTTTGAGAAAGTTCAGTGGGAAGGGCGAGAATTTCGCTAACAACTCGATTGCTTTCTACCGATAACTGTTGTTCCTTTAACCCCTTTTTAAGTTCGGTCGCGCTTAACGCAAAGGGATAATC
NZ_CP178543.1_gap19	913828	916133	2305	GAAGTCAGAAACGGAGATCTCGATCTGGTGGTCGCCGGTTCCCCCGAGGGAGTGGTGATGGTCGAAGCGGGAGCCAACCAACTCCCGGAACAGGATATCATCGAAGCGATCGATTTTGGTTATGAGGCGGTTTGTGACTTAATTAAAGCCCAACAAGAGATCGCCAAAGAACTCAATCTCGTCATCGGGCCGGGAGAACCGCCCCAAGAAGACCAAACCCTGTTAGAATTTATTCGCGAACGGAGCAGCGAACCGATTAAACAAGTTCTGACTCAGTATCAGTTTACAAAAAGTGAGCGCGATACCAACTTAGACGAAATCAAACTCACTCAAATCGAAGAACCCATCGCCGAAAAACCGGAAGACGATCCGTTAAAAGTTCTCACCACCGAAGACCCCAAAGCGATCAGCCGGATTTTCAAAGACATCACCCGCGAATTGATGCGACAACAGATCCTTCAAGAAGGAGTCCGAGTCGATGGTCGAACCCTCGATCAAGTCCGTCCGGTATCCTGTCGGGTTGGATTTTTGCCGAAACGGGTTCACGGAAGCGGTTTGTTTAACCGGGGGTTAACCCAAGTTTTATCGATCGCGACTCTGGGAACGCCCGGAGACGCCCAAGACTTGGACGACCTGCACCCCCAAGACGAAAAACGCTATATGCACCATTACAACTTCCCGCCCTATTCCGTCGGCGAAACCAAACCGATGCGGGCGCCAGGAAGACGGGAAATCGGTCACGGGGCTTTAGCCGAACGGGCCCTGTTACCGGTGTTACCCGTTAAGGATCAGTTTCCCTACGTGATTCGGGTGGTTTCGGAAGTGTTATCTTCTAACGGTTCCACTTCGATGGGTTCGGTCTGCGGTTCGACGCTTTCGCTGATGGATGCGGGGGTACCCATTTCTAAACCCGTGAGTGGGGCGGCGATGGGTTTAATTAAAGAAGGCGAAGAAGTTCGCATTCTCACCGATATTCAGGGAATTGAGGACTTTTTGGGCGATATGGACTTCAAAGTTGCGGGAACCGATAGCGGAATTACCGCCCTGCAAATGGATATGAAGATCACCGGCTTGTCTATCAAGACAATTGCCGAAGCCATTCATCAAGCCAAACCCGCCCGTCTCCATATTTTAGAAAGTATGCTGGAGGCGATTCAAAAACCCCGTTCCGATTTGTCTCCGTTTGCGCCCCGTCTGTTAACCATGAAGATCGATCCGGATCTGATCGGTTTGGTGATCGGGGCCGGGTGGAAAAACGATTAAAGGGATTACCGAGGAAACCGGCGTTAAAATTGATATCGATGACGATGGGACGGTTACGATTGCCTCGACCGATAGCGATAAAGCGGCCCGGGCTTGTCAGATTATTCAAGGGATGACCCGCAAACTCAACGAAGGCGATGTTTATGTCGGTCGCGTGACTCGGATTATTCCCATTGGGGCGTTTGTGGAGGTGCTTCCCGGTAAGGAAGGGATGATTCACATTTCCCAATTGGCCGATTATCGGGTTCCTCGGGTGGAAGATGAAGTCGCTATTGGCGATGAGGTGATTGTCAAGGTTCGCGAAATTGACAGTAAAGGACGGATTAACCTGACGCGCTTGAATATTCACCCCGATGAAGCGGCGGCGGCTAAGGCTGCTGCTGTCGGAGGTGTTGTTAAGTAAGGTTTGATTTGTTCCTGATTCCCTCTTAATCCCCCCTTAATCCCCCCTTAAAAAGGGGGGTGGGGTGAGGGACTTTTCCTAGACCCCAAAAACCCGGTTTCTCAGAGAAACCGGGTTTTTAGATCGCTTAAACCTGGAATTCAAACGCCCCGATATCGATCACATCAACAATACGATTAAACGGTTCAACCTGACGCTGATCGAAGCCTCCGGGGTTGGTAAACGCTCCCGAAAAGTTGGCATTTCCCGCATCGAGCGCCGGACTTCCTTCTAACAATGCGATCGTCGGAGTCAATCCCCCGTTATCGGCTAATTCACCAATTAATAAAGCGTTAGGATCGACACCGATAATATCACCATTTTGTCCGTTTGTCAAGCCATTCACCCCGGTCGCATCTCCAATTAAGTTATTTCCACCGCTATTGGCCGGAAAATCAGTAGAAGTGGATAAATCGGGTTCGCTTGCATTTGGGTTGGTGGTATCTAAAGTGTTACCCGCAACCAAAGTATTCTTTAAACTAACACTCCCCCCAATATTACGAATTCCCCCGCCTCGGCTATTAGCATTGTTGAGGGCAACGGTGCTATTTGTGAGGGTTAACGAAGCAATTGAATTGAAAATTCCTCCGCCCAAATCGG
NZ_CP178543.1_gap20	929096	933522	4426	GCGGACTACGGTTATGTTGGGAAACAACCGGGTTATATCTCGTTATATCGCGGACGAGAAGAAGTCAAAAAAGTACCAGAAGACAAAGGAGTTGAAGAATTAATTAATTTAATCAAAGCCGATGGACGTTGGATCGATCCCTAGTTAAATTAATTAAAGAGACAGGACAAAGTGATAACCGATCCAATTCTATTCCAGTTATCCGTTATACAGATTGCCCTTAGCCAAGCGGTAAACTGTAGCATATAACTAGAGGGGTCTAGAGATTGGTGTTACTGTTGGCTTGTCTCTTTCTTTGCTATCTGTGATATCCCCTTGCGGTTGTAGATATGTGTACTGACAGTACATGAGATAGCATTGCCTGTGCTAAATTGGGCATAATAAAATTGCAGTCCTTTCCTCCGGTTCAAAAGACAAATGGTTGTATCAAAAAGTGGGCTTGTTGTCAGTGCAACGGCAGTCATGCTAACAGCAGTTGCGGTTGCCGGTGCGGGAATACATCTTTCCAGTCAAGCGTCGTTTCGAGAAAGTCCTAAAGAACTGATTGACGAAGTTTGGCAAATTATAGAAAAAAATTATGTTGATGGAACATTTAATCAAGTTGATTGGACAGCCGTTCGGACTGAGTATCTGAACCGGAATTATACCAGCGATGAACAGGCTTATGAAGCCATCCGGGAGATGCTGGAGAAGCTTGATGATCCCTATACCCGGTTCATGGACCCAGAAGAATTCAAGAATATGCAGATTGATACTTCTGGAGAACTTACCGGCGTCGGGATTCAACTGACTCAGGATGAGGAGTCGAAAAAGCTGATTGTGATCTCTCCCATTGAAGATTCACCGGCTTTTGAAGCGGGAGTTCAGGCGCAGGATATTATTCTGAAAATTGATGACCAAAGTACCAAAGACATGGACATCAACGAGGCGGTGAAACTGATTCGCGGTCCGGTGGGAACTCAGGTGAAGCTGACCATTCAACGGGGAAATGAAGAAATTGTTGTCCCCATTAACCGGGCGAAAATCGAAATTCATCCCGTGCGTTATTCGACTCAAAATGGTTCGATGGGAACGGTGGGTTATATTCGCTTAAATACGTTTAGCGCCAATGCTGCCGATGAAATGCGAGAAGCTATCGTCGAGTTGGAAAAGCAAAATGTGACCGGTTATATTTTAGATTTGCGTTCTAATCCTGGCGGTTTGCTTTATGCGAGTATTGAAATTGCTCGGATGTGGATGGATCAAGGCGATATTGTTTCGACCGTAGACCGTCGGGGTGAACTGGACCGTCAAAAGGCGAATAATCGCGCTTTGACCGATAAACCGTTGGTTGTGTTGATTGATGGCGGTTCGGCGAGTGCCAGTGAAATTCTCTCGGGGGCTTTACAGGACAACGAACGGGCGCTTTTAGTCGGAACCAAGAGTTTTGGTAAAGGCTTGGTGCAGTCGGTTCGGGGTGTGGGTAATGGTTCGGGACTGGCGGTGACGATTGCCAAGTATTTTACCCCAGACGGTCGAGATATTAACCACGAAGGCATTCAACCCGATGTTCAAGTTGAACTGAGCGAAGAACAACGCGAAGAACTCCGCAAAGAACGGGCGAAGATCGGGACAGCCGATGATCCCCAATTTGCCAAGGCCCTCGAAGTTCTCAATCAAGAAATTGCCGCCGCTCAAAAAACTCAAGCTAAAACGAAGTAGGTCTTTATTGACTCAAATACTCACCGATTAAGTCTTGATGGGCTGCAATTAGTTCTCGCTGTTCTGGCCAAAATAAGCTTTGATATTCATCAAAGGCAAGCCAAAACAGTTTGTAAACCTTGTGAGGATCGGTTGGGTTTCCGTCTATTTGTTCGGTGGTAAATAGGAAGTAGTGGGTTTTTTTCCACATGGTTTTAGAATAGCTCAGTCGCTCCTTACTTCCTAATTCTGCTACTTTCTGTAAGTCCGTTAGACCTGCTTCTTCCTCAATTTCCCGACGGGCGGCTTGTTCTGCGGTTTCTCCGGGTTCGATGCGACCTTTGGGTAAAACATATCCGGGTCGGTTGGGACTTTCTTGGACAACGGCAATGTAAATTTGCCCGTCTTGCTGGCGGATAACCACTCCTCCGGCTGAAATCGAGGTTTTTAGCCCCGGAAGGGGTTGATACCAGCTTTCATCGATGACGATTAGATCCACTTACACCTCATTCGATGCTATTGGGGTTGACATTTTCCGGCCCGAATTAAACCGACCCGACGGGCAAGAGCTTCATCGGGGGACTCAAAAGGCCCCCACTGTTCGACAATTTGGCCGTCTTCGGAATTGGGAACAGACTCACCCGAAACGATTTCACAATTTCCCGCCGGACGCTTGACAATATAAAACTTTTGTGCATCAGCCATAACGAGAACCTCGGTATTCAGTTTAGGGTAAAGGTTGTCCGTTAAATGGAACCGCCGGCCGATTAAATTCGGTGTAGATCGGTTGGGTCAAAATCGAGCTATTGTAGGGATTGGGCAGATCGATCACCCGAATCACCGGATCGCTAGAATATTGTTTGAGGAAAGCATCCCGGTACAGTAAAATTAAACCTCGGGTATCTCGCGCTAAGGCTTGTTCGGGAAAGGCTCCGATCGACCCGTTCGGCCAGGGAAAACCCACCCCAAAGATAAATTGAACCTGTCCTAACAAAGATTGCGCCCTAAAAATATCTGCCGAACTGTTGGAAGCCGCCCTGTTAAATTCATCAGCAACCGGGTTAAACGTCGTTCTGGGGGGAACTTCTACTTCAACTTGAGCGATCGCCTGAGTCGCCCACACGGTTGAAAGTGCCGATACCGCCATCACACCACTGAGGAACTTTGAAGTTAGACCCATTATGCTTATCCTCGATAATCTTGTTCAAATTTTAACTCGATTTTCGATTAGGATATAGATCGGCTAATCATTTTTCAAGACTCTCCCGGTGAGTCTTGCCCGAAAAAATTATAGATGATCTGCGAGTCTTCGATATTTTAATTTTCTTATGGATCGATCTCAACTGCAATTTTTATCCGACGATCTGACCGCGGCTTCTCTTGATACGGTGCGCGATCGCCTGCTGGATCTGTTTTGTCAGCTTGCCTATCAAGAGGGAGATTTTGTTCTCTCATCGGGACAGAAAAGTTCTTATTATATTAACGGAAAACAGGTGACTTTGCATCCTTTTGGGGCTTTGGCGATCGGTCGGCTTCTCTGTGGGATGTTACCGTCTGATACCTCTGCGGTTGCCGGTTTAACCTTGGGCGCCGATCCGATTGTATCGGCCGTGAGTGTGGTTTCTGCTTATGAAAACAAACCCGTTTATGCTTTGATTATCCGCAAAGAAGCCAAAGGACATGGCACAATGGCTTATATTGAAGGGCCGCAATTGGAAAAAGGGGCGAAGGTGGTGGTCTTGGAAGATGTGGTCACAACCGGACAGTCGGCTTTAAAAGCGGTGACGCGACTGCAAGAGGCGGGTTATCACGTTGAGGAGATTATATCATTAGTTGATCGCCAACAGGGGGGTGCCGAACTTTACGCGGAAAAGGGGTTAAAATTTCAAGCATTGTTTACCATTGAAGATTTGAAAACTCGCACGTCTCAACTGAAACAAACGTAGGATCGGGTAAAAATTTATTTCTATTTTCATCGAAATAATTGTTAGCAACCCGTTCCTAAAAACCCGAAAATTTGGTAGGGGCGGGTTCTACAATATCTTTAACGACTACTCCGAGATTGAGATCAACCCGCCCCGAAAACCCGGAAAAAAATGTGTGTGGGTTAGAAATAATTTAGATCAACCCGCCCCGAAAACCCGGAAAAAAATGTGTGTGGGTGAGAAAGAATTATTAAAAAACCGCCCGAAAATGTTGAGGGGATGGGGCGGGTTTACAAGGGTTATGGGTGAGAAATAAACATCTTTTCGGAACCCGCCCCTACAAGACTATTATCGAATATCTTGATAAAACTTTTGCAAATAATTTGCGGATACACCCATTCCCCAAAGTAACCCAATATAGAGATAAATTAAAGTTGCTTTGAACGAACCCCAACGGGCAACACGGCGATCGCTACTTTGAACAATCCGGTTAACTAAACGAATTCGTCCAATATAAACCAGTTTACGACATAAATCGGCATCTTCCATAATCGGTAAACTCTCATCAAACCCCTCACAGTCCCAAAACGCCTGACTGCGACAAAATATAACCTGATCACCAAATAATAACCGCAGTCCGCGAAAAAATAAATGGGGACGAAACAATAATGGCGCATAATAAGTTTTCAGGTAGTTGTGTAGGGAAATACCCCAGCGAGTCGTTTGAGGACCCGCCATCAGCGAAATAAAGCCTCCCGCAACAATATTTTTATCGGACAAGGTTTGTGCGATAATAGTCACGAGGTCATCGGGAACTAAAG
NZ_CP178543.1_gap21	938090	941642	3552	TTAGGATGGTTTTTGCTGGGAACAATCAGCGTTCGTTTCATTAGTCCTCAGATTCCGATTTTTATTCAAACTTATATTTTACCTCAAATTGATAAAACTTTAACCAATATTGGGTTTGAGCATTATCAAAATTATAACTTAGAACGGGCAGAATTTTATTATCAATTGGCGTTACAGTTTAATCCAGATAATGCGGCTTCCGCTTTGCAACTGGGTTTAATTTGCGAAGATAAACAAAATTTTGGTTGTGCGAGAAGCCAATATCAAGCCGCGATTCAGTCTGCAAAACAGAGCCAAAACTATTATGTTAAAGTCGCCGCCATTAATAATTTATCGCGTTTGCAAATTTGGTTAGATGGAAATAGTACAATAGCAATTGAACAGTTACAACAGGGGTTACAACTGATTCCGACTCTCAAACAACAATATCCCGAACCTTTTACCTTTAAAATGGAATCGGACTTATATAAAAATCTGGGTTGGGCTTACGCTCAACAAACGGAGTATTCTGATGCTTTGGTTTATTTGCAAACCGCCATAGAAATCAATTCAGAAAATGCTCCCGCTCATTGTTTACTGGCTCAGGTACTTGAAGAAATTCCCCAAAAAAAGTTAACCTTACAAAAGGTGAGAAAAAATTGTTTAAACATTGATTCAATTCAAAACCCCGAGACTATCACCTGGAAAAGTCTAGTTCGTCAACGTTTGAAAGCGGAAGGAGAAATTTAATGAAACTCCAGTCTGTTTTAGTGTTTTTACTTACCCTCGCTTTAATTTTAAACTTGGGAAAAGTAAATTTAACGCTAAAAAACCCATCTCAACTTGTTTATAAACCCGTTTATGCAGCCAACAATATTTTACCCGTTGGACGAGTCATTGAAACCAAAGGTGAGGTCTTTATAAAACGGCGAAATTGGTCGGATTATCATCAAGTCTTTGTGGGGACTGAACTCTATGCTGACGATCAAATTAAATCTATATCTTCGTCTGAATTAACGGCAATTTGTTATGCAAACTGGGAAACTTGGAACGCTCCGACCGATAAAATCTCCCAACCAACGGAAGGATGTTTACAAGCAAAAACAGAATGTGTAGAAACTCCCGATGGCTGTGTTTCTCCCGATGCGACTCGCAGCAATAATCAAATTTTTATTAGCGATAAAATTCCCTATGTTATCAGTCCCCGCCATACTTTATTACTGAATAATCAATCCATAGTTTTACGATGGAATCCCGTCACCGGAGTCAGTCGTTATACCGTTGTCCTTAAGAGTCCTTCGGAGTCAATTTGGGAAACAGAAGTTAGTTCAAATCAAGTGGTTTATGAAGGAAATATTTCTTTAAAGCCAGGAGTGCGTTATGTGGTTATTGTTCACGGAGATAATAATGTTTCCTCTCTCGATGAAGAATCCCCTTTTTCACAGCAAGACCCGCTAGGAATCGGATTTTCTATTTTAGAACCCTCAACCGAACAAAACATTACCGCTCAAACCGAGAAACTCGCTCAAAAATTAAAGGGAGAAGCCCAAACTTTAGCTTTGGTTGAGTTCTATCAAAAACAGAAGTTAAATTACGAAGCAATTAATCAATTAGAATCTTTGCTCAAACCGAATCAAAAAAAACCAGCTATCTATTATAAACTGGGCGAAATTTATCAAGAAATACAACTCCCTTTTTTGGCTAAAGATAACTATTTAAAGGCTCTGGAATTTATCCCAGAGGAAGACCTTTCTGGAATTGCAGAAGTTCAAACCGCTTTGGGCGAAATTTATCTCACTTTGAACGAAAAAAAAGAAGCGATAAATTGGCTAATGTTAGCGTACAATCAATATAAGGAGTTAGGAGAACAGCCCCGCCAAACTGAAATCAAGCAGTTAGTTGAAAAAATCAATCAATCACCTCCTTAAATTATGGCGAACAATCCGATTTTAAAAACAATAACTTTGACCCTATTTTTAGGCTTGATTCCGATTTCGAGTTTGGCACAAATCACACCAGCCAACGACGGAACCGGAACAAGAGTCACGCCGACACAACCCCAACAAAATACCCCAACTCGCTTTGATATTCAAGGCGGAAGTCGTTCTCAGGACGGAGGAAATTTATTTCACAGTTTTGAGCAATTTAATTTAGATTCTGGACAAACCGCCAACTTTATTTCTACCCCAGAAACCCGCAATATATTAACTCGAATTGTCGGGGGTGATGTTTCTCGAATTGATGGTATGATTAAAGTTACGGGGAGCAATGCGAATTTATTTTTAATGAATCCTTCTGGGATTGTTTTTGGCGCCAACGCCACTTTAAATGTACCTGCTTCTTTTTTTGCAACCACATCAACCGCTATTGGTTTGGGCGAATTTTCTAACGGTATTCCTCAAACTTGGTTTCAAGCGTTTCAAGCCAATAACTATTCACAACTCAATGGTTCTCCGAGCGCTTTTGTATTATCTAATAATCCGTCGGGTGTGATTATTAATAACGGAAATTTAACGGTTCAAGCCGGAAATACCTTAGGATTAGTCGGTAATATTGTCATAAATCTAGGAACAGTTTCAGCGTCTCAAGGAAATGTCGTGATTGAATCGGTTCCCGGTAATAGCTTAGTGCGGATTTCTCAAACGGGAAATTTATTAAGTTTAGAAGTTCAATCTCAGGCAATTTCCAACCCGTTAGGAACTCCGATAGTCGCACTACCTAAAATGCTAACGGGCGGCATTCAAACCCATGCAACAAATGTTATTATCAACGAGGATAATACCATCACCCTAACCAACGCCAACTCTAACAATTCTGTTGAACGTCGAGATCGAAATCCGGGTTTTGATGAATCTTTACCTGTAGAAATTGCTCCATTTAACCCCTCTTTTCCAACACAAATTACTACTCCGTCGCCGCCAATATCAACACCCGTTCGATCTTTTAATGCTAATAATACAACCGAACAAGCGACATTTGTACCGATCCTTCCGATTGAACCTCCACCCCCAGTTGAAAATCCCAACGCTCCCGAAATTAGTTATCTTGTCGATGAAATTCCCAATGTTGAACTGTTAATTTTGCCCACTATTTCTTCAGATAGCAATCAATTATTTGAAGTGAATGATACTTTGTCAATTGGTTCGGACTTGGTGAGTCCCAATATGGCAACTTTAGAAAACAACATTAACTTACTTCTAGATCAGTCTGTTAATCCAATTATTAATCCTCAATCTTTGCAATCTTTAATTCCCAGTCATCTCAATCCAGATCGCAACTATCAAATCGCCCTACAATCTACTTTTCCCGAAACAAATATTCAAAATATATTGGGTGAAATTGAAGCAAAAACCACCCAAAAACCAGCCGTAATTTATATAAAAACCCACCCCAATCACTCCATCGAACAGATTGACGGTTTAAGAATAAAAACTCAAGACGGACTCAGTTTAATGTTAGTTTTACCCGACGGTCAATCAATTGTAAAAAGTATCCCCGAAGCCGATTTACAAAAACTAAACCGTTTGGCGAGAGAGTTTTATTGGGAAATAAGCGATCCGAAAACTACAGCAT
NZ_CP178543.1_gap22	945757	948963	3206	ACTCGACATTTTCCGGCAATTCGACGGGCAAATCTTCATCGGGAACCGGCACCGCCCCGCAGTTGGGACAGTGAATAATCGGTATCGGCGCCCCCCAGTAACGTTGTCGGGAAATCAACCAATCTCGCAAACGGTACTGTATCCGCCCCTGACCCAAGCCCTCATCTTCGGCGTATTCGATCACCGCCAATTTGCAGCCCTCGGAGGTTTCGCCGTTGCAGGGGCCAGAATTAACCATTACTCCCGGTTCGGTGTAGGCTTCGGTCAACTCCTCATCGGCGTTATCGGCATCATCGGGTACAATTACCGTGATAATCGGCAAATCGTACTGTTTGGCAAAGGCAAAATCTCGGGTATCGTGGGCCGGAACTCCCATCACCGCCCCGGTTCCGTATTCATACAACACATAATCGGCGATCCAGATGGGAACTTCCTTATTATTAAAAGGATTGATCGCTTTTCCGCCGGTGGGAACGCCCCGCTTGGGTTTATTTTCGGCGGTTCGATCCATCTCGCTTTCTTGGGAGACTTCTTCGATAAACGCCTCAACGGTTTCTTTTTGTTCGGGAGTTGTCACCTGTTCAACTAACGGATGTTCCGGCGCCAACACCACGTAGGAGACACCATAAACTGTATCGGGACGGGTGGTAAACACGGCGATGTTTTCGTCATCCATCCCCGCAACCGGAAATTCCAAATAAGCCCCCGTAGACTTGCCGATCCAGTTGGCCTGCATCAGTTTCACCCGTTCGGGCCAGCCGGGGAGTTTTTCCAAGTCGTTTAACAGTTCCTCGGCATATTCGGTAATCTTGAGGAACCACTGACGCAACAGTTTCCGTTCGACTTTTGCCCCGGAACGCCAGGAACGGCCTTCGCTGTCTACCTGTTCGTTTGCCAACACCGTTTGATCGATGGGGTCCCAGTTGACTGCGGCTTCTTTTTGGTAGGCGAGTCCGGCGTTATAAAATTGCAAAAAGATCCACTGCGTCCAGCGATAATAGTCCGGCGAACAGGTTGCAACTTCTTTTTCCCAGTCGAAGGAAATGCCCAAACGTTCCAACTGTTGCTTCATCTGGGCGATATTTTGATAAGTCCACTTCGCCGGATGTACGTTTCGTTCGATCGCCGCATTTTCCGCCGGAAGTCCGAAAGCATCCCACCCCATCGGGTTGAGGACACGATAGCCTTGCATCCGTTTCAGTCGGGCGATCACGTCGGTAATGGTATAGACGCGAACATGACCCATGTGTAAGTTTCCTGAAGGGTAGGGAAACATCGCCAGGGCGTAAAATTTCGGTTTTTGGGCGTCGGTTGGGGTTTTGTAGGAACCACTTTCAGCCCAGGTTTGTTGCCACTTCTGTTCAATGGATGCAGGATTATATCGAGACTCCACAACTCTAACTCCGTGCGGGATGTTTATCGTCTTTCTTTGCTCATTGTTGCATATTACCCGACTCTGGGTCGGGATTGCACATTACTCAGATATTCACATTGTAATACAAATACTACATATTTTCATCTACGATGCCAGTATCCCGGTTCTCGACTACATTCTTCATCCATTCTCTAAGATAGCGATCGCAAAGGGTTTGGATACCGAAACTGAAACCATCACACAAACGTAATAGTTTCTCACTGTGATCTCGCGATCGCAAAGGGTTTGGATACTGAAAGCTAAACCATCACACAAACGTAATAGTTTTTCTCTGTAAGCTCGCGATCGCAAAGGGTTTGGATACCGAAACTGAAACCATCACACAAACGTAATAGTTTTTCTCTGTAAGCTCGCGATCGCAAAGGGTTTGGATACCGAAACTGAAACCATCACACAAACGTAATAGTTTTTCTCTGTGATCTCGCGATCGCAAAGGGTTTGGATACCGAAACTGAAACCATCACACAAACGTAATAGTTTTTCTCTGTGATCTCGCGATCGCAAAGGGTTTGGATACCGAAACTGAAACCATCACACAAACGTAATAGTTTTTCTCTGTAAGCTCGCGATCGCACCGGGTTTGGATGCTGAAAGCGAATCTATAACACAAATACTACAGTCTGTAATCTTGAAAATCTCATCCTAAAGATAGATACACCGGCTCAAGTTTGGCTGTCATCTTATAAATGATTGAGTTGATCGGAAGTTCAATTCACTGCGATCGCCTGTATATCGTTAATCTAGCTTCTGTTATCGTTTCAGCTAATCACAGACTAGAAATTAATAAGTTTTTTCAATAGCTTAACCTTTATCCCCTTCGTTTGTAATTTTTTATACCTAAAGTCTTGATGTTTTCATCAAAACAGGTGGATATAACCTATAACACCAGGTTTGTCAAGATTTTTTAGATAAAGATTAGAACAAATTCATCAAAAAAATTTTAAAGAGTATTTAAAGTAGTTCTTTTCAACCGAAAATATACGGAGAAAAGACACAAGTCGATTTTGAATTATTTAATTTCAGGCTCAGAAACATTACCAATTGTGCGGTTAAAAATTCATTGCCATACTAGGAACAACAAAACAAACACGCACTCAATCAACCCCAAAACATGACAACTAACTTCTTAAAGAAACTCTCCATCGCCACCGTTAGCACCGCAGCTATTAGCCTTTCTTTCCTGGGAGCAAATCCCGCTCAAGCCGCTAATTTAATTAATAACGGTGGTTTTGAAACAGGTAATTTGACCGACTGGTCAGTAACCAATAATGGCTCAGGAGGATGTGATACTGACTGGAACGTTAACTCAACAGGAACAACGGGTTGTTTTGGGCGACAATCAGCTACAGAGGGAACATATGCAGCCTATAACAGCTTTGATGGTGATGGACCTCAAGAATTTCGCTTAGAACAATCATTTAGTATTGCAGAGAATGTTGAATCTGCAATTCTGAGTTGGTCAGATACGGCTGTTACGCAAATTTTTGGAAGCCTAGATCGTCATTTCCGTGTTGATTTATTTACCGATAGCGATGTATTCAACGTATTTGATTTAGCATTTGAAGCTGGTACTGTCGGTGAATATAATTGGACAGCACGTTCTTTTGATGTTACATCTTTCCTCCAAGCAAATATCGGTAAAGAAGTAACTCTTGCTTTCTCCAACCAAATCCCTCAAAGCTTTTCTGGACCTGCTGGCTTTGGCTTAGATAATATTGCACTCAATGTTGAATTCCAAGAATCTCAAGCTGTTCCCGAACCCGGAACCATC
NZ_CP178543.1_gap23	968162	971050	2888	GTTGACGCAATTGTTCGGCGGAGTCGGCGGACTGAGGCTCGTCTTCTTCACCATCAATAATCTCAATTTGGCGGGGTTCCGGCGGATTTTTGGTCGGGGTTTTGGTTTGAGGGGGTTGTTGTTGAGCTTGCTTGAGGGTATCTTCTACAAAACGACGGGCTTCTTCTGCGGTCATCTCGCCCCGCTTGACCAGTTCATCGGCGAGCTTTTGAGCTTCGGTTCGCAACTCGGCCATGTTTTTAGCCGCTTTCTCGCCCGCATAAGCAGCCAAACCGACCCCCAAGTAAACAGCTTTCTGGACGAGATCTCCTAAACCTCGCTGCATAATGCCTCCTATCCTCCTATCTGCCTACAGACAAAAGTGACCCGGAGACTACGCCTACCAAGAGCATCCCGTGTTGCTGCTACCTTCCGGTCCTGACAAGATTTGGGCGTCTTGATCGCGTAGATCCGAGCCACTTATAAAGTTAACACAAATTTTTAATTTATTCAACCACAACACACCATTCGTGTAGTTCATAGGTGACGCAGTGATTTTGGATCAAAGGGTCTTGCTCAACGAGCGCCTCGGCCTCGGCCAGCGAAGCCGCCTCAAAGAGAAGCATTCCTCCGCCTCGTTTCCCCCAGTAACCGGTTTTGGCTTTGTGTCCTTTGTCGATTAAATCTTTGACGTAGGCTACATGAGCCGGAACATACCGATCAAAGACTGGTTTTTCGACAATTCCTTTTTCAATCTTAACAAACCAGGGCATTTGTGTTCACAATAAATAGAGGTTCCAAATTAATTATCCAATGTTTCCGAACTGCTACTGTTGAGATAGATACAGCTTTTGCACTCTCGGGTTGAGACGGGTCAGAAACAGTCTACTTTCTGTAGTTTACTTCCCATTTTAAACCAATCATTTTTGACTCGAGAAAATCTTCACAATCTTTCAATCTTGGCTGTTAGTCTTCCAACGTCTTCACCGTCAAAACTTGAGGCGGTGACGCATCTGGAGGGTAGAGAAAATCAAATTCAACCCGCCTGTGTTGTTGCGGTTCAATTTCTAACTTAACCAAAGGTTCCCCCTGTTGTCCTCGTTTTTGAACTAAATGAACATATCGCATTTGACGCTTTCCCCGATCATCAATATAGCGAAATCTAACCGTTCCCCGAAAAAAAGTCTGGGGCGCAGTCGGTTCTAAAAATCTTAATCCCTTTTCAGATAACTCATCTTCTTTCAAAGGCGTTTGTACCGTTAAAACCACCGTTTGAGTTTGATTAGTCGGATTATAAAGCGGCAAATCTAAACTGTATTGAACCCCATAATTTCCGTGCGCTTGATAAGCCGTATCGGGATAGCGCACTAACATTTCAGCGCTTTGATTTTGATTCGTTCCTAATAATCCTTTCGGTAGCGTACTCATTCCATAAGAAAACGCCCCGCCCGGTTCGGGAATTGTCAAACGAGAACCCCCCGCATTATCAACTAATTTGGCATTCCAAACCGAACCTCTAGACACTCCTGCAACCCGTCCGTAAATAATCTGACTTGTTTCTGTATTTGGAGGCGTTGGAGGACGGTCCCGAGGCGTCGATAATTTTCCCATTTTTAACAAATTTTTCCATTCAGATAGCGAAGGCGAAAATTCGTTTCCATTGCGTCCACTGCGGGCATATTTTGCCAAACTCGCAACATAAACCTCTCCGCTACTTTCCAAACGCATATAGGTTGAACGACCATTTAAAGGCGGTTCTAAACCTCTAACCGGAATCGGCACATTCAATAACATTCGGCTTTCTTCAGGCGGAATTACAATTTGTTTTGGAAAAATATCCTGTCTTTTTCCCCTTAAAATATCGCTCATCACCCGACCACCCGGACCCGCATAAATATTTCCATTTGAATTATCAACAACCGGCGGAACTTCAATAAACGGCGCATCCGGCTGACTCAAATAACTCGCCCCTTCTAAAACCTTCACCGTCACCGGTTTATCATTGGGATTATGAACTAAAATCCCCAAATAAAGCGTTCGTAAATCTCCCGGTTCTTGCGGTTTCGCCACATGATGAGCAAACAGATCAAACCGTCCTTTAAAGGCAAAATTCAAATGCGCTTCAGGATTATTTTTACCCTCGGGTGGAAAGGTTGACAATAAAATTCCTTCTGATAAAATAAGTTCGGGACTGTTGCTATTAAAAACCGGAATATTATCTAACTCACCCGGCAACGGACGAACCTCTTGGGGTCGAACAATTTCTGTAGCGGGAGGTTGAGCTTGGCCGAAAAAAATAGACGTTAACAAAAGAGATAAGATCATCTTGGAAATCAGAAAAACTGATAACAGTTTAGACCGTTCATTTTATCAAAAAGTTTCAGTTTTAGGCGTTCAAGAAAAGTTTATCCTTCAACCCTCTACTTTTCTAAATTCTTAGAGCTAACAAACCGACATGATATCACTTCAGACCTGACAACACCCGTCTTTTGTTGACAAAAATCTGCTAAACTTTTGAGACAGCGATCGCGATCGATAGCCGAAGCCCATGCAACAGTCCATCCGTTCAAAAGACTTTTCGTGGCCCTGGTGGCCAGCAGCACCGCTATATCCCTACGGACAGCGGCGAACCCTGCGGCGAGAAGTCATCAAAGACACCTTATGGACCTTCGATCAACTTCAGGGCATTCTGTACGTGGTTGTTCCCATTCGGATGAGCGTGGTTAAACTCGAAGGCGGTGGCTTGCTCATTTACGCCCCCGTCGCCCCGACGCCCGAATGTATTCGTTTGCTGCGCGAATTAGTCGCCGAACATGGGGATGTCAAATATATTATTTTACCGACAATTTCCGGGATAGAACACAAAGTTTTTGTCGGCCCGTTTGCGCGTCAGTTTCCCCAGGCTGAAG
NZ_CP178543.1_gap24	985985	986591	606	GTGGGCGAAACGTCGGTATTGTGGGCAAAAAAGATATCTATTTTTTCTCTTAATAGGGCGGCTTCTTCTTCGTTAACCAGGGAAATAAACCCGAGTTCGTGGACGGCATAAAAACATTCTTCAACGGCAATATCGCAGCCCCGACGACTGAAGATAAAATAAATCGCCGGGAGCATTTCTTCTTCTTGCAATTCGTAGAGAACAAACAGGGTTTCGGGAACAAATAAGACTTTTATTAAACCCTGTTGAAAGAGTTGGGCTACAAACATTCTCCAAGCCGGAGGCAGTTCTAAATGATATGTGGCAATTCCCCGGCTGAGGGAGTCTAACGCTTTATATTGTCTTAATTTCGGGTTGGCGTTTAAAAAGCTGTTAATGGCGCTGTTGAGGCTATCTCTTTCGCTAGAATTGACAAAAGAAAGACGTTCTAATTTCGGATCGACAACGGCGCGATCGCAACCTTTGCGACTGGAAATAAAGTAAATGGTCGGAAACATTTCCTGCTTTTGCAATTGCTTGAGGGCGCTTGCCAAGCTTTGACCTTGTTGTTGGGTCGGGAAACGGGAGCGACGGTTATTGTTGTAGCGATTATTGCGCCGTTTTTTG
NZ_CP178543.1_gap25	997958	998458	500	AGGAATTTGAATAATAAGTTTAGTCATTCCTCGGTGTTCAGGAAGGATTGAGTATCGCAGTTGCAATTGCAATTGCTATGATACTTTTAACCCTCGCCGTGCATTTTGTCTAGATCGGGGTATTCGGTTAACCAAGCCGATAGCTTCCGGTCGATCAAATCTTGCCGATCGAGGATCTGATCGCGGAAATAGGTGTCGGTGAGTTCCGGTCTGAGTTCTTGTGGGAGTTCAGGTTTAACTAAATTTTGGTTTTGAACTGAAGCTTTCAGGCGTCTGGTTGATGCGATCAGGAGAAAGACTTTCACTAAATTTTTAAAGCTTAGGGCAATTTGATAAAAATTTAAAGTGCTACTTTAACAAACCGAATATTTACAAGTGAATTTTGGAGATTTTACACAATCTTTCAAATTTTTTCAAAATGAGAAGAAATTGATTGTCTTAAAATTCCCTGTATTGCCAGCGATCGCCCTTGACGCTTCTCAATCAGCCAAGCAACATTT
NZ_CP178543.1_gap26	999751	1004241	4490	GCGTCTGTTCATCTGGCAAAATTGAGCAAACAAGCGGGTATTCCTCGCTATATTTTCTCGTCTTCTTGCAGCAACTACGGGGCGGGTGGAAGCGACTGGTTAACCGAAGAATCTGCATTCAATCCGGTTACGCCCTACGGCCGTTCTAAAGTGTTAGTTGAACAGGATGTTTCTCAACTGGCCGATGATAATTTTAGCCCCACATTTTTACGCAATGCCACCGCTTATGGCGTTTCTCCTCGTTTGCGGTTTGATTTGGTATTAAATAACTTGGTGGCTTGGGCTTATACAACCGGAAAAGTTTTCATCAAAAGTGATGGCACACCCTGGCGCCCCATCGTTCATATTGAAGACATTTCTCGCGCCTTTATTGCCGTTTTAGAAGCGCCCCGGGAAAAGATTCATAACGAAGCCTTTAACGTCGGACGCAACGAAGACAATTACCAAATTCGAGATATTGCCAATATCGTTAAAGAAACCGTTCCCAACTGTGAAATTGAATACGCCGCAGATGGTGGGCCGGACACCCGTTGTTATCGGGTAGATTGTAGTAAAATTTTACGAGTTTTACCGGAATTTCAGCCCCAGTGGAACACCCGCAAAGGTGCGGTCGAACTCTACAATACCTACAAAAAAATCGGTTTAACGCTCGAAGAATTTGAAGGGCCGAAATATCAGCGAATTGCCCACATTAAAAAGTTACTCGCTGAAGAACGCTTGAATGAAAACTTGCGTTGGAAGACTAATGTTGCTGCGTCTGCTTTATAAGGAGAGTAGAAACCATGCCCGATCAAATGCCGCCTTGCCTTTCCTGTGGTTCGCAAAATCTCAAGTCAATTATTGACTTTGGATATACTCCTTTGGCAGATGGATTGTTAACCAAAGATCAACTCGATCAACCCGAATATACGGCGCCTTTAGAATTGGCTTTTTGTCCGGACTGCGGGTTAGTTCAAATTACGGTTAGTGTTCCCCCTGAGATTCTGTTTTGTCGGGATTATCCCTATTTTTCTTCGGTTTCTCCCTCCTTACTCAAACACTTTGGAGACAGCGCTAAAGCGATTATTCAGTCGAGAAAACTCGATGGGAATAGCTTTGTGATTGAAGCGGCGAGTAACGATGGTTATATGCTGAAAAACTTCGTTGAAGCGGGAATTCCGGTGTTAGGAATTGATCCGGCATCGGGTCCCGTAGAAGCGGCACAAAAAGCGGGAATTCCTTCAACTTGTACGTTTTTTACCCAAGATTTAGCGAAAGAATTGCGATCGCAAGGCAAGCAAGCGGATGTTTTTCTGGCCAATAATGTACTCGCCCACGTTCCTGATTTAAACGGTTTTGTTGAAGGCGTTCATATCCTTTTAAAAGATACGGGAGTTGCGGTCATTGAAGCCCCTTATTTGGTGGATTTGGTCGAACATTGCGAGTTTGATACTATCTATCACCAACATTTGTGTTACTTCTCGGTCACGGCTTTAGATAACCTGTTCAGAAGACATTCTCTCTATCTCAACGACATTCAACGCACGGCAATTCATGGCGGTTCTTTGCGTTTATTTGTAGAACCAAAAGAAGCGGTTAAAGATTCGGTGAAGTCGCTTTTAGAAGCAGAAAAAGAACAAGGCGTTGATCGCATTGACTACTACAAAGACTTCGCGGCTAACGTGGAAGCGGTGAAAAACGGTTTGTTAGAAATCCTTTGGGATTTGAAAAAGCAAGGGAAACGAGTTGTTGGTTATGGCGCCGCTGCAAAAGCCACAACAATGTTGAGTTATGTGGGAATTAATAAAACCCATTTGGACTACATTGTAGACCTGAATAAATTTAAACAGGGTCGGTTTATGGGCGTTAATCATTTGCCGATTTTTCCCCCAAGCAAGCTGTTAGAAGATAAGCCGGATTACGTGTTAATTTTGGCTTGGAACTTTGCCGAAGAAATTATGAAGCAGCAAGAGGCTTACAAACAGCAGGGCGGTAAATTTATCGTTCCCATCCCCAAGCCGAAAATTGTCGATTGAACCCGAGACTTTTCCGACGCACTTGCTATCAGCATAAAATATACCAGGGGTTTAGTTATGAGTTCACAAACAACGTCTGAATTTGCAGTAAATTACACCGTTGAAGAAACATTAGCGGATTGTATTTGTCCGAATTGCGGTCATCAAGGATTATCTCTTTTCTATCAAGTTGATCGCGTACCGGTTCATAGCTGTTTAATGCTTTCCACTCCCGAAGACGCCTTAGATTTTCCGACCGGTGATGTTCTTTTAGGATTTTGCGAGAGTTGCGGCTTTATTACGAATACTAAGTTTGATTCTCATTGGTCTGCTTACGCTCCCAACTACGAAGATCAACAAAGTTTTTCCCCAACTTTTAATAAATTTGCCCTCGATTTAGCCAATCGTTTGATTGAAAAATACGACCTTCGCAATAAAGATATTGTCGAAATTGGTTGTAGCAAAGGAGACTTTTTACTCCTGTTATGCGAGTTGGGAAATAATCGCGGCGTTGGAATCGATCCCAGTGTTGTTCCCGGACGAGTTGAAAGTGAAGCGGCGAACCGGGTGAAATTTATTCAAGAATATTACTCGGAAAAACACGCCGAATATGTGGGGGATTTTATCTGCTGTCGCCACACTTTAGAACATATTCAACCGACTTTTGAGTTTATCCAAACGGTTCGCCGTTCCATTGGCGATCGCACTCATATTCCCGTATTCTTTGAGATTCCCGACACGATTCGAGTTCTAAAAGATTTGGCATTTGAGGATATTTACTACGAGCATTGTTCCTATTTTACTCCCGGTTCATTGGCTCGTTTGTTCCGTTCTTGTGGCTTTGAAATTACCGAACTTTATCGGGATTACGGCGATCAATATTTGATGATCGAAGCTTTGCCGATTGAAATGCCCTCGGAAACCGTTCATCCCTTTGAAGAAACTCTCGATGAATTAAAGCGGGATGTTGAGCATTTTAAAGCGGAAATCAACAACAAATTGGGTCGCTGGAAACAGGATTTAGAACAGTGGCAAGCTGAAGGAAAACGGGTCGTTGTTTGGGGTTCGGGTTCAAAATGCGTTGCGTTTCTAACCACTCTGGATACTATTGATAAAATTCAGTATGTGGTTGATATCAATCCTCACCGTCACGGTAAGTTTATTCCCGGTGTGGGTAAACAAATTATGTCGCCTGAATTTCTGAAAGAATATCAACCCGATCGCGTAATTGTAATGAATGCTATTTACTGCGATGAAATTCAGAAAATGTTAGATGGTATGGGCGTAAAAACGGAGGTTGTTCCCCTTTAATATCCCCCTAAATCCCCCGCCCCCGTGACCCCCAATAATGGGGGTAGAAAGGGGGACTTGATCGCCCCAAATTTCCCTGAAAAAAGGTAATTTTTTTTCGGACTCTTTCCTTTCTAAAATTCTTTGTAGGGGCGGGTTCCGACTTAAGCGATCTATTCCCTGAGATCACCTCTGTAAACCCGCCCTCCCTCTGAGAAGTGTTATGGGTGGGGTCGGGGCGGGTTTAGAACAGTTTTCTGTTAGAATTCAAGGTGAATTTGAACCCGCCCCTACAGAAGCCGCCCTCCCTCTGAGAAGTTGTAAGTTCATATGATATCCGTTCTAAAATTCGTTGTAGGGGCGGGTTCCGACTTAAGCGATCTATTCCCTGAGATCACCTCTGTAAACCCGCCCTCCCTCTGAGAAGTGTTATGGGTGGGGTCGGGGCGGGTTTATAACCGTTTTCTGTTAGAATTCAAGGTAAATTTGAACCCGCCCCTACAAATGATTATTGATTAATCGGATACGATATGAAACGATAGCTCAATTTTTAGGGATTATTTTCACTCTCAAAAACTTGCAATTGGATGTATACTAAAATTAGGGCAACAATCAGCAAAATCGTAGCCGCAGCCGCAGCATAACCAAAGTCAAACTGAGAAAAAGCCTGATCGTAAATATAATAAACTAACAAATTGGTTGAGTTAAGCGGGCCGCCACCAGTGATCACATAAACTTGTTCAAAACTTCGCAAAGTAAAAATAACTGTAGTCACCGTTGCAAATACTAAAGTCGGTCTTAAACCCGGTAAAGTAACGTGCCAAAACTTTTGGAAAAAATTCGCACCATCAAGTTCTGCGGCTTCATAACGGTTGATGGGAATGGCTTGGAGTCCGGCTAAAAATACGACCATATTAAAGCCCAATTGCTTCCAAATACTCAGTAAAATTAACACCGGCATCGCCCAAACCGTACTGCTTAACCAGGGGATCGGATCGAACCCCAAACTGGATAAAAAAGCGTTAATTGGGCCGTCTGTTTGAAACAACCAACGCCACCCCAAACCAACAGCAACTAACGAAGTAATAGAAGGGATAAAATAAGCGGTCCGCAAAATTCCTCGCAACGCCAAAGCTTGATCCAACAAGACCGCCAAAATCAGGGGAATAATTAAGCTCGGAATGACTGTAGCGATGGTAAAATAGA
NZ_CP178543.1_gap27	1005329	1009471	4142	TGTACATCAATTTCAGCCGTAATAAAATGAGTGGTCATGGTTGACTATTAGATTAGATGATTGGATTTATCCCCTAGTAAACCACAAATTGAGGAAATAGAGCAACCTATTTCAGTTATCTGTTACCAGTTTTTCAGGGAACAGGAAACAGGGAACAGGAAAGATCTTCCTATCACCTGAAACCTATCAACCGAGACCAATTCTTTATGAAGCCCTATCTAATTGATCCCCCCAACCCCCCTTACTAAGGGGGGAAGCCGCAGGCGGGGGGATCGTCAAAAGTTGCATAAGTTGGAAAGAAATGCTAAGACACCTAACACCCGTTCACACTTTAAACTTCCAGATGATAGCGACTGGTCAACTTATCCAACTGCTTGACTAACAAACTCAAAAACAGTCCGACATCCGTCACCACACCAACAGACTCAACCGATCCGCGATCGCTGAGTTTCGTCACCACCGCCGGGTTAATATCGACACAAACCATTTTCACCCCGGCGGCCGTCATATTTCCCACGCCAATCGAATGTAACATGGTGGAAAGCATCAAAATCATCTCCGCACCCTGCAACAACTCGGTATAATGCTGTTGGGCTTTAATCAAATCCATTTGCGTATCGGGAAGCGGTCCGTCATCGCGAATAGAACCCGCCAACGAGAAGGGAACGTGATTCTTGACGCATTCGTACATCACGCCACTGTTGAACAAACCCTTTTCTACCGCATTGGCAATACTTCCACAGCGACGAATGGCATTAATCACCTTCAAATGGTGCCGATGTCCGCCTTTGACTGCGGTTCCCTGCTTCATATCGACGCCCAACGAAGTCCCCATCATCGCCTGTTCGATATCGTGAACGGCGATCGCATTTCCGCCCAACAACGCCTGTACATACCCTTCGCGGATCAACCGGGATAAATGTTCGGCGCCGCCGGTGTGGATAACAACCGGCCCTGCGGTAACAACAACTTTCCCACCGCGATCGCGAATTTGGCGCAATTCCCAGGCGACCTGTTCGACAATTAATTCTACCCGACGTTCGCTAGAAACCCCGGCCGACATGAAGCCAAATTCTTGGGGGGCATTGCGTTGTTCGCGGGATTCGGTTTTGCGAATTGTGCGAATTCCGACCACATCAACCACAACTTTTTCGCCAACTTCGAGATCTCGCAACAGCTTACATTTTGCCACAATTCCTTCAGATGTTTCTGTTACGGCGATCGCCCCATCCATGCGTTGATTTTGAACTCTGATCCACTCTCCGTTTACCCGAATTTCTGTTGGATAAATGGTGGTAACATAAAAATCATCCGGACTGACGCCGGCTTGATTAACGGGTTCTAACTTCGCATCTCGGAGATCTTCTTCTAAAGAAACCGCCCCGATATCAATCAACTGACTGATAATATCTTCCATCACCTGATGGGAAGGAGCGGTAATTTTAATTAAAGCGCTGGATGTACTTTGGCGCTGTTCGCCCAAATTAAACTGTTGAACTTTGAAACTTCCGCCACCTTCGACAATTAAATCTAAGGCTTGGTTAATTAACCCCGCATCGAGTAAGTGTCCTTCCATGCGAACGGTACGGCTTTCAATTTGTACGGTAGCATGGCGATCGGGAATAATGGGTTCGGTGACGCGCAGGGTTAAACATTTGGCGGCGCCTCCCGCTTTGAGAAATTCGCTTAGAGGCGTTTCAATAACGTTAAAACCGGCTTCGGAGAGTCTGGCTTTAAGATTATCGCTAACTTTATTCATCACCACCGTTTCGTTAATATTAACGGCATTACAAGCAAAGTTCACGGCATCGGGTTCTTCGATAGCGATGCGTTTTTCGGGGGGAACCCGCATTTCGATCAGGTGGTTAGAATAGGAGTCAAACGCGGGGGGATAATAGAGGAGATAGCCGCCACTCAACGGACAAAAACAGGTATCGAGGTGATAGAAGCGTTCATCCATCAACCGCAGCGATAAGACTTCTATATTTAACCATTCTGCCAGCAAGGGGTGAGAATCGAGTTCTGAACGAAAGCCGTATCCCGCCCATAAATAGCGTCCTTCGCGATCGAATAACGCATCTCCAGCGCCTTCAAAGGGTAAGTCTTTGGGGAGTTCGTGAACGGTAAAGCCTTGAGACTCAAACCATTCTTTGAAGTGGGGTTCTTCGCCCTGACGTTCTTTGTGGAAGAAGCGACTCAAAACAACGGTTTTATCGAGGACTAAACCCGCATTGGCGGTAAAGACCATATCCGGCCAACCTTTTTGGGGTTTGACCAACTCCACAATTGCATGATCTTTCAGCGTATGATACAACTTTTGCCACTGTTCGACGGAGCGATCGCGCGAAGATTTATGTATATTGCCCTCCATCCAGGGATTGATCACATAGTCCACGTCGTAGTGGTCTGGAGAACACATGAGGAAGCGAATCGAATCAGTCATAATAGGTAAGAACTAGGTAGACGCTAAACAGAGCTATTCACAAACGTTTACACAATTAGCATTCGACCCACTTCTCAGGTTTAAAAGTGGGCAACTTTTCTGTTAATAATGCCAATCTACTATTGTAGCAGCTTGGGGGACGTCGATGTTCGTTCGTCGATCAGATTCTCTCGCCTGTCGTCGGGATCAATTTCTCACGGCTTTTTTCTCTTTTCAAAAGATTAACGGGTTCGATACCCCGTCCAAAAACCTCCCGTCCAAAAACTCGGTTTCTCAAATCAACTGAATTTTTATCACACAGTTTCTTCAAAAACCTGGTTTCTCAAATCAACTGAATTTTTATCACATAAAGTTAACAGGTTTGATACACCCGAAAGATTTACCATTGGGGAGAGGATTCTAACAGTTTGGTTGCATTTTCCACATCCAACGGTTTAGCGAAGAAATAACCCTGACCAAAATCACAATCAAGTTCTTTTAACTGGTTTAATTGTGCTTCGGTTTCAACGCCCTCTGCAACCACATCCATTCCCATATGATGAGCGATATTAATAATAACAGGAACCAACCCCAATTGTTCGGGAGTTCCGTCCAAACGTCCGGTAAAAGATTTATCAATTTTTAAAGTATCAATAGAAAAAGAGTCTAAATAACTCAAAGAAGAATAACCCGTTCCAAAATCATCCAAACAGATTTGAATTTGGCGATCGCGAAATTGTTCTAAAATCTTTTGGGCTTTTTGTTGATTTTCCATGATCGCACTTTCGGTAATCTCAAATTTCAGTGCTTGAGAATTTAGATCGGTTTTTTCTAAAATTTGGTCAATTTGCTCGATCAAATCAACTTGAGAAAATTGTCGGGCGGATAAATTCACATTCACCGTCAGATTTTCATCGGCTAAACCGCTAATTTGCCAAGCTTTTAACTGTTGACAAGCTTCTTCTAAAATCCAATATCCAATCGGAACAATTAAACCCGTTTCTTCGGCGACGGGAATAAATTCATTTGGGGAAATAAAGCCTCGATGGGTATGAATCCAACGGGCTAACGTCTCAAAGCCGATCAGTTTTCCAGTTTTCAAATCAATAATCGGCTGATAATTTAGCTTTAATTCGTTGAGAGAAATTGCTTTTCGTAAATCCGTTTCGATTTGAAAAGTTTGCAGGGCTTTTTGATGTATGGTTTCGTCAAAAACTTGATAGCGATTTCCCTGTTTTTTCGCCCGGTACATCGCCGCATCTGCATCTCGAAGAATATGTTCGGGTTGAGTGTAGCTGCTGTTACTCAAAGCAATACCAATACTTGCGTTAACATACATATCATATTTTTGCAGCTTGAAAGGAGTCGATAAAGTTTCAATCACTTTTTCCGCCACTTGTACTGCGGGAGTCATATCTTGAATATTGGTAACGAGAATGGCAAACTCATCGCCCCCTAACCGTGCTAAAATCTTCACCTGAGAGAGAGCATCAGCCAAACGATGGGCGACAGCAGCCAAAAGCTGATCCCCGACAGAATGACCCAAAGAATCATTGACAACCTTAAAGCGATCACAATCAATATAAAGTAATGCAAACTGATAAGAAGAATCAGCTTGAGCATTTTGCAGCGCTTCTTCCAAACGATTGATAAATAAAGTTCGATTTGGCAGACCTGTTAACTCATCGTGAAATGCCATTTGAGTCAGTTTAGCATTAAC
NZ_CP178543.1_gap28	1025454	1028617	3163	AACGAAGATAGTCAATATTTTCAGCGTATTGAGAACGCTCTGATTACCTATGGAGCAGACAGAATAGAAGAAAATATTGTAAAAACTTTTTCTGTACTTGCAGAAACTATTGAAGCATATAGTTTAGATAATAAGTGTTTGGTTAATATTGTTAACCCTGGTAGTAGTAATTCAATACCACAGGCATTTTATACAATTTTTATGGCTTTTTTTGAGTTGGTTATAGAGTCTGAGCTTCTACCCGCCGATCCTCACGAGATCATGCAAGCACTTGAAAACCTTCAAAAGGACTTAGATCTAAGCCGTCGCTATGCGAAGATAAAAGATCGAAAAAAAAATATTAATAAAACAAAAGGATTGATACAAGGATTTTTTGTGCAAAAAGATACATCATCTTTGGGACAAGGTGCTGAGTTAATACAAGAATTAAAAAATTCCTTACTTCGTTCTCGGATAGAAACTACAAAGTATGAGTGTAAACAAGGTTTGCTTGATCTATCACAGAATAGGAAGCTAAATAATGATTTGCTGCAAAAACTTGTTTACACAATTTGTGGAATTGCAAACTCGAATCCCGAAACTGATGGATATATATTTTTAGGAGTAGCTGATAAAAAGCCAGATGCAGAAAGAATTGAAAAATTAGACAGGATTCACCCTATTGAAATCAATGGCAGGTATATTGTAGGAATTGATAGAGAAGCCTTGTGTTTAAGTAAAAAATTAGAGGATTATGTTGAGTTATTAATTAAGACAATCCGCAAATCTGATTTAACAGAACCTTTAAAAACTCAAGTTCTAGCAAAAATTGATACTATAAATTACAAAGGACACTCTGTTATTAGAATTAATATTCCATCACAAAAAGATGTTTCGTTTGTAGGTGAAAAAGCATTTACCAGAGAGAATTCTTCAACAATAGAAGTAACAGGGCCAAGATTAGTGGCTATTAGTCAACTTTTTCAAAAATAATTTATTCGTCCATGTTAGCTGATGATTGTTCTGGAAGAGGTTAGAATAATTTGGCTGAACGGTTACGCTAGCTGTTGCCGTACCCACAGAATACAACTCTCAGATCTTAGATGATGAACTCTGGATTATTTTTGACTGGTGTTTTCATGTATCCCCTGCGACAGATTAAACAATTCAAACGCTACGCTTGGGTTTCCCTGCTGCTGTGGCTGTTGATGGTGGCACCCGCCCAAGCTGCGGTGTTGTTGCGGGTTGCTGTCACAGAAGAAGCCGAACAGGTGAAAGTGGGAAGTTCAACCCAAGCGGTTGTCCGCAACGCCAACGGTCAAACCTTGGGACAAATTTCCCCTCAAGGCGGGTTGGTGGCAAAACCCAACTCGGGTAATATTGCTTTGGGTGAATGGAAAGGCAGTCAACTCTGGGTCGAACCGACGGGGAACGGCCACGTTTGGATCGGTAATGGCTGGTATCGGGGGCGGGTGTTGTTGGTTCCCGATGATGGCGGCGTCACCGCAGTTAACTATGTCGATCTCGAACAGTACCTTTACAGCGTGTTGGGGGCGGAAATGGATGGCGGTTGGCCCCTCGAAGCCTTGAAAGCCCAAGCCGTCGCCGCCCGAACCTACGCCCTTTACAAGCGGGAACGCAGCAACGGCATTTATGACCTCGGCGATGACCAAATGTGGCAGGTTTACAAGGGGTTAGCTACCGAGTCGGGAGGAACCCAAGCGGCTGTTAACTCGACAGCAGGACAGGTGTTAACCCACAACGGTCAAATTATTTTGGCGGCGTTTCATTCGTCTTCGGGCGGACACACGGAAAATGTCGAGGATGTTTGGGATGATGCTTTACCCTATTTGCGGGGCGTACCGGACTATGACAAGGGTTCGCCCGTCTTTGAATGGACGAGAAGCTTTTCTGTTGCGGAACTGTCTGAACGCATTTCTGGGGTCGGTAAAGTGGTTTCGATGACTCCAGAAAGAACAACTGCCTTTGGAAGTATTTTGACGATGAAAGTCGTCGGTGAAGGTGGCACTCGCACGATGACGGGAGAGGAAATAGCTGCGGCTTTGGGACTGAGAAGCACCCGTTTTCGCGTTAACCGCCAGCCCAATTCTAGTAATTTTACTATTGTTGGCCGGGGTTTTGGGCATGGTGTGGGTTTGAGCCAGTGGGGAGCTTATAATTTGGCTAGGGCAGGATACACTTATTATCAGATTCTCATGCACTATTACCGCAATACGAGTTTGGCAAAAATTCGGGTGCAGTAATTGAGGATGATTCGGCCTGAGTCTTCTAAAATGGCTGATGTACTGACGTTAACGCTACTCGATCCCCAGAATAAGACTCCTCAAAAACAGTGGAAATTTGAGGAACAGTCTGTTATTGAGATCGGACGGGCGGCCGATAATCAGGTTGTAATTGTCGATCCGTTGGTGTCTCGTTACCACCTACAACTTCGTAAAATTAGCGATAATCCCCTAAAATGGATGTTGGTCAATAAGGGGACGAATGGCACTTTTGTGAATGGGGTGCTGACTTCTCAGGCGATCGTTTCGGAGGGGACTTTAATTGAGTTGGCAAAGGGTGGCCCTTTGCTGAAACTCAACTGGCAATTCGCCCGTCCGGTTTCCATGACAAGTCCTTCCGGCTGTAACCACGCCGGAAACCCACCCAACAACTTATTTTGTATTCATTGCGGTAAACCGATCCAGATTGAACGCAGTATCCGCAATTATCACGTTTTAAAGACGTTGGGACAGGGCGGAATGGGAACCACTACCTTGGCTTGGAATAGCGAGTCTAGTTTACCTCAAATTGTCGGTAAGACCAGAATTCCGGCGTTGGTGGTTCTCAAGGAAATGAACGCGGACATGGCACAAATTGCCAAGGCTCAAGAACTGTTTGAACGGGAAGCCCGAACCCTGAAAGCCTTAAACCATGAGGGAATTCCTCAGTTTTACGACTTTTTTGTGGAAGGGGGAAAGAAATATCTGGCGATGGAAATGGTTCACGGTCAAGACTTAGAAAAGATTGTCCAGCAACGGGGGCCGGTTACTCCTCAACAGGCGATCGGTTGGATGATCCAAACCTGCGAGGTGTTGGGCTACCTTCACGTTCAAGATCCGCCCATTATTCATCGCGATATTAAACCCGCTAATTTGCTTTTGCGTTCTCGCGATCAACGGAT
NZ_CP178543.1_gap29	1222906	1227445	4539	GGTGGCAGTTACCGGGCCGAATTTTTCCTGTTCAAAGGCGGTTAATGTTTCAATTGCACCCAATAGGGGCGTTTTCAAATCGTGAGTTAGAGTAGATGCAAAATCTTCTCGTAATTGAATGAGTTGTTTTTGGGTAAAAAGTTCCATTCGTTGACGGGCGATTGCTTCTTCATAATTGCGGTTTCGTTGGCTTAACCAACCCGTGACAATTAAAGCAGAAATCGCAATAAAACGGTTGGCAATTGTTGCGGGTGAAATCGATTCTTGTCCCGGTATTACCAAGTTTAACACGGTTAATATTACCGCAAATAATACCACTTGTGCGGTGGCTTTGCGGCTGAGGCGGGAGTTGGCTAGTAATACCGCCCCAATGTAGAGATAGCCAAAAACATAGGGCGGAGGGGTGGAATATTCCAACGCAATAACAATCGCAAATACCGCCACAATTAGCCATTGAGTCTTGGGAAGATACAGCCAGAGATGATGAAAGAAAGGGGGTAATCTAAATTGCATATTGAATGACCAAAAATAGTTTAATAATCGGCGATAACCCGATCTCGATTAATTATCTAGTTTAATAACAAACCGGGCGTTTAGGCAAATCTATATCTGTGGATATAAACGTTTAGGTTCAATCTAAACGCTTCTATATTCTTCGGCTTAAACAGGTTAATATAAATTCCCAATGAACTCGCCTCTATACCTTCTTTTTTCGGGAAATCTTCGGCATAATCAAGCTATCAACTGTTTTATCGATAGCCAAATTTAGGCTATTTATGAAAAATGATGCACGCAGAAAAACCCAAAGTGGTAAGTATTAGAGTGAGTTCAAATAGCTGCTACTGCGGCACACCATTGAGAGATATTCTGTTACCCGAAGAATGTGAAATGCTGGGATTATTTCGAGAAAATCACATCATTCTTGCCAATAACAATCCCCCAATTCAACCCAATGACATTCTATTAGCCATTGCCATTAATCCCATGTCTGCACCGGAATTAAAAGTGTTTTTGAACAGACTTAAACCCCTGTCAGCCTGTCAAATTTCCCAACAATAGTATTTTCTAAAATCATGTTGCAAGGATTCTATCAAATTGTCTTAACTTTATTCATTTTGCTGCTAGTTTCCCCGCTTTTGGGGGCTTATATGGCGCGTGTTTTTTTACATCAAAGAACCGCACTCGACCGAATATTTAAGCCGGTTGAACACTTTATTTATGCCGGAAGCGGGATAAATTTCAAAGACTCGATGAACGGTTGGCAATATATTCGGGCGGTACTTTTTAGCAACCTGGCGATGGGAATATTGGTGTTTTCAATCTTCCTATTACAAGGGATTTTACCGCTGAACCCAACTCAATTAAACCCCCCCAGTTGGGATTTAGCTTTACACACCGCTATTTCCTTTGTTACCAATACAAACCAACAGCATTATTCGGGAGAAACAACCTACAGTTACTTCTCACAAATGCTGGCGTTGGGGTTTTTAATGTTTACTTCTGCGGGGACGGGTATTGCAGTTGCAATTGCCTTTATTCGCGGACTAACGGGTAAACCTTTAGGCAACTTTTACGTTGACTTAACCCAATCCATCACCCGAATTTTGCTGCCAATTTCTATCGTTGGCGGAATACTTTTACTCATCGCTGGAGTTCCCGAAACCTTAGCCCCACCTGCGGAAATTACCACCCTAGAAGGCGCAACCCAATACATCGCTCGCGGTCCCGTTGCCCACTTTGAAATTATCAAAGAATTGGGCGAAAATGGCGGAGGATTTTTTGGGATTAATTCCGCCCATCCCTTTGAAAATCCCAACGGCTTTACCAACTTGTTGGAAACTGTCATTATGCTAATTATTCCGGCGGGATTAATCCACACTTACGGCATCATTGCCAACAGTCCCAAACAGGGTTGGTTGGTGTTTGGGATGGTCTTTATTATGTTTGCAATCTTAATTGCAATTACGGCGATTGGCGAATATCAAGGCAACCCCATTGTTAACGGCATTTTGGGCGAACCAGCGCAAAATTTAGAAGGAAAAGAAGTTCGGTTTGGTTGGGCGTTAACGGCGCTTTGGGCGGTTGCGACAACCGGAACAATGTGCGGCGCTGTCAACGGTATGCACGATTCTCTAATGCCTCCGGGCGGTTTTACCACGTTGTCCGATTTGTTTTTACAAATTATTTGGGGCGGACAAGGAACCGGAACCGCTTATCTGTTTATCTTTCTAATTTTGTCGGTTTTCTTAACCGGATTAATGGTCGGACGCACCCCCGAATTTTTGGGCAGAAAAATCGAAAAACGAGAAATTGTTCTCGCCAGCGTGGTGTTATTGGTTCATCCCATAGCCATCTTAATTCCCGCAGCAATTACCCTCGCTTTTCCCGATACCCTGTCAGGAATTACCAACCCCGGTTTTCACGGAATTTCTCAAGTTATCTACGAATATGCTTCGGCTGCGGCTAACAACGGTTCCGGCTTTGAAGGACTCAGCGACAATACCCTTTGGTGGAACCTCAGTGCCAGTTTTTCCCTGCTTTTAGGGCGTTATATTCCAATTATCGCACTGCTGTTACTCGCGGATAATATGACTCGCAAACAACCCGTTCCCGAAACCGCAGGAACACTGCGAACAGACACCATTTTATTTACCAGCATCACCGCCGGTGCAATCATCATTTTAGGCGCGTTAACCTTCCTACCCGTCTTAGTCTTAGGTCCCGTAGCCGAAGCCTTTAAAATAGCCAGCATTTTATAGGGCTTTTGATTCTGCGAACAGTTCCCATTAACCGATAATAAAATTATGAGTTCCAGCACATCTTCTCAACCCAAACATTCGGGCGGTTCCCGACAGCAACGCCGCCACACTCCCAAACCTAATTTATCGGGTTTATATCAACGGGCATTTAAACAAGCCTTCGTCAAACTCAACCCCCGCATCATGGCAAAAAATCCCGTCATGTTTGTGGTCTGGGTCGGCACAATTATCACCGCTTTACTAACTCTAAACCCCAACTTATTCGGTGCCGCAACCGGAGACAATCTCTATTTATTTAACGGTTTAATTGCGGTTATTTTGCTGTTTACCGTTGTTTTTGCCAACTTTGCCGAAGCCGTCGCCGAAGGACGGGGAAAAGCCCAAGCCGATGCGTTGCGATCGACAAAATCCGAAACCACTGCGCGAAAATTGCAGCCAGATGGTACAATAGAATCGGTAAGCTCGACCGACCTCAGACAGGGCGATCGCATTCAGGTCGTGGCAGGGGACGTGATTCCCGCCGACGGCGAGGTTTTGGAGGGTGTCGCCTCGGTTGACGAATCCGCGATAACGGGAGAATCGGCGCCGGTCCTCAAAGAAGCCGGTTCGGATGTCGCCAGTTCGGTCACGGGCGGAACCCGAATTATCTCCGACGAACTGATTATCCGCGTCACCGCCGACCCCGGAAAAGGCTTTATTGACCGGATGATTGCATTGGTGGAAGGGGCCGAACGCAGCAAAACCCCCAACGAAATCGCCCTAACCGTTCTACTGGCGGTCCTAACGTTGGTCTTTTTAATTGTTATTTCCACGATTCCCCCGGTTGCCTTTTATGCCGATAGTTCCGTCAGCATTACCATTTTAATTGCGTTATTAGTTGCCTTAATTCCGACAACTATCGGCGGACTTTTAAGCGCAATTGGCATCGCGGGAATGGATAGAGTCGCCCAATTTAATGTAGTTGCAACATCGGGACGGGCGGTGGAAGCTTGCGGCGATGTCAATACTTTAGTATTGGATAAAACCGGAACCATTACGTTAGGAAATCGACTCGCCGAAGAATTTATTCCCGTCGATGGATACAGCGTGGAAGACGTCGCCGAAGTCGCCCTCGCCGCCAGTATTTTTGATACCACTCCCGAAGGAAAATCCATCGTGCGGTTAGCCGAAGGAATGGGCGCTCAGGTCGATTTTAACATAAAAAAAGCGACGGGAGTTGAATTTTCCGCCCGGACTCGGATGAGCGGAACCGACTTACCCGACGGGGGCGAAGTTCGCAAAGGCGCCGTAGACGCGATACGGGGGTTTGTTCGTTCGCGGGGGGGACAACCTTCGGAGGATGTAAACGCGGCTTACGAGAGGGTTTCGCTACTCGGAGGAACTCCTTTGGCGGTTTGTCGCGATAACGAAATTTACGGTGTAATTTACCTCAAAGATATTATAAAACCCGGAATTCGCGAACGTTTTAATCAACTCCGTCGGATGGGAGTTCGTACTGTAATGTTAACCGGAGATAACCGAATTACGGCGTCTGTTATCGCCAAAGAAGCGGGGGTTGATGACTTTATCGCCGAAGCTACACCCGAAGAAAAAATTCAAGTGATTCAACAAGAACAAGCCCAAGGAAAGTTAGTCGCAATGACGGGAGATGGAACAAATGATGCGCCCGCTTTAGCCCAAGCAAATGTGGGTTTGGCGATGAATTCTGGAACTCAAGCGGCGAAAGAAGCGGCGAATATGGTGGATTTAGATTCGGACCCCACGAAGTTAATTGATTTGG
NZ_CP178543.1_gap30	1260614	1263277	2663	CTCTTCACTGGTGACTGGTGACTGGTGACTGGTGACTGATAACTCCCTGTTCCCCGTTCCCTATCTTCTCCAAGTCCAAACCCGCCAATTTGTCGTAAGCTTGGTCAATCACCCGCTTACCCCGTAACGCTCCGGTATTGGCACCCGGACAGATAAATTGTAGGGTATCGTGTGAAAATCGCTCAATTAACCGTTCAACACTCCGAATTTGCCGGCGCCAATGAAAAGTTTTCGAGGTGCGTAACGGTACCGGTAAACCCTGAAGATTGGGTAACAAATGACGCCCGCTAAACAAAATCCCCCCATTCGAGCTAGAGTAGAAACAGGACGAACCGGGAGAATGGCCGGGAGTCCAAATCATTTGGCTGTGAGGAGTGAGTGTAAATTCCTGTTGAAACGAAGTAACAGTCGCTTCGGGAATCAGATAAGCTTCTTGTTCTTGAATGAGAAGATTACACCCCGTCGCCTGCTGAATTTCCCTCGCTTTACCCATATTTCCCCGATGGGTAATCACTAACCACGCCAGCCCCCCCTGTTGTTCGATAAAATTGCGGTTAACCTCATCCCAAGCCGGAGTATCGATTAAAATATTGGTCTGATTTTCGATCGCAAAGTAAGCCGTTCCCCCCAACGTCTCTCGGTTGGGAGAAAAAGCCCAAATCTTCTCCAATACAGGCTGCGGGGGTTTAGAAAGGGGAAGTGATTCTACCATAGAAAGATTTGCTGGTTTGAGTAAAATTACGGATTAAACCATCGGTCTACAAGCGAGAGTGAAAATATGTGGCACTCAACACGTTAATCTAGAAACAGGAAAGAGTCATCGATTGTACCTGGGGACATTGTACCTGTTTCCATTGCTCTCGAACTGATGAACAAAATGGGATAATAGCATAGCAGACAATCAGTCTCTAGACTAGATTATTAGTCGGATTAAAAATAATTAGATCATGCTTCTTTGGTTGTGGTTGCTCCTATTAGGGTTAATAACGTACTGGATTCTACGACGGGGTGTCGCTCGCATTACCCGCACACCGATTTGGATTTTGTGGCTGGTGATGATGACACCCGCCTTGATTTGGAGTACCTGGCAGCTTGTCTATGGGGAAAATAAACCCATTCCCGTCGAACTGATTATTATCCCCTTTATTGTATGTCCTTGTGTGTACTGGTTACTGGTTCAACTCGGACGCCAAAACCCACCTCCAACCGATTCGTCTACAACGTCTACCTCAACAATGACTTCCGAACTCACACCCAAACAGCCACCTCCGCGAGTAATTACACCGGCTGAAGAAAGTCAACTCCGCGAATGTTTTCCCTGGTCGATTTTTCCCCTACAAAAACTCGAACATCGACCCCAAGCCGTCATCTGTCGCGGTCAAATTCGTTCTAATCCCGAGGTGGTTTATCACACTATTCGCGATAAAATACAGGCACAATTCGGCGATCGCTTTATTGTCGTCTTTCAAACCGATTTAAACGATAAGCCGTTCTTTGCTTTGGTTCCCAATCCCTACATCGAAAAACCCAAACATATCACTCCCGATGACCCCTTTAACCGGCCGGTTCTGGCTTTGTCGCTGTTAGTCATTACTTTATTTACAACCACCTTAGCCGGGGTGCGAATGGCTGATGTATCTCCCGAAATTTGGCAATCGGACCCCAGTTGGTTGCTGCAAGGATTACCCTACGCTTTGGCTTTGATGGCAATTTTGGGAATTCACGAATCGGCCCATTATTTGGCGGCGCGATTTTACAAAATTCGCACCACTTTACCTTATTTTATACCGGTGCCGTTTTTTCTCGGAACTTTTGGCGCCTTTATTCAAATGCGATCGCCGCTTCCCAACCGCAAAGCTTTATTTGATGTCAGTATAGCCGGCCCCTGGGCGGGATTTCTCGCCACCTTACCGATTTTAATTTGGGGATTGGCTCATTCGACCGTTGTTCCGGCTCCCCCCGAGGGCGTGGGAATTTTAGATTTTAATGCGATCAATCCGAGTTTTTCGCTGTTGTTAACCCTGTTGGGTAAATTCACTTTGGGAGCGGAATTAACCGCCACCAATGTGATCGATCTTCACCCGGTGGCGATCGCCGGTTATCTGGGTTTAATTGTGACGGCGTTTAATCTTTTACCCATCGGTCAACTCGATGGCGGTCATATGGTTCACGCGATGATGGGTCAACGAACCAGTATGGCGATCGGTCAAGTTTCTCGCTTCTTAATTTTAATTTTAGCCTTCACCCGTCAAGAGTTTCTCTTCCTAGCGATTTTGCTCTTTTTCTTACCGCTTAATGATGAACCGGCGTTAAATGATGTTAGCGAATTGGATAATTTTCGAGATTTTATCGGTTTGCTGACGCTCGGTTTATTGTTGATGATTCTGTTACCTTTTCCTCCCACTTTAGCCCAGTGGTTAAACTTTTAGAAAAAATAGGAGTTCAACCCCTTAAACTTGGGGAAAGCCCCATGAATCATTAAAGATTAAATCGTTGGCGATAGCGAGCAAATTTTTGATTGACTGTCGTTTCGTCCAGTCCGAATGCTTCCAAGGAATAGCGATGAGTACCATATTTGTTTTTGGGGTTATCTGCTATCCAGCGCTTAATGTTAGCTTCGTGTTCGGGGGTAAAGTCGTAACTAAAATAAGTGTAAATTTGAC
NZ_CP178543.1_gap31	1316461	1321116	4655	CCAAGAAATTATGGGCAATTTACACAATTTGTTTGGCGATCCTCATGTGATTCATATTAAACTCACTCCCCAAGGTTATCAAGTCGAACACGTTGTTAAAGGGGATACGATGACGGAAGTGTTGAGTTATGTTCAGTATGACGCGGAAGATTTAGTTGAAAATATTCGCCGTCAAGCTGAACTTGCGTTACAACAAAATCAAATAACTCTTGAAGAATCTCAACGGTTATTACAAAATTATGAGACGAGTTTGGGGCGATATACTTATTTGAGTTAATCGGAATTCATCGGGTGGGTAACACCGACAATTAAACCACTCTTTCGGGTGGGTGACAACTTCTAATTGACGGTTAAAATTGTCATGTTTTTGATGTCACCCATTTGACTATTGTGTTTTCTGTTGAGTGGGTGACAATTTCTAATTTTGGGTGAAAATTATCATGTTTTTGATGTCACCCACCCTACTTTTCTGTTGAGTGGGTGACAATTTCTAATTTTGGGTGAAAATTATCATGTTTTTGATGTCACCCACCCTACTTTTCTGTTGAGTGGGTGACAATTTCTAATTTTGGGTGAAAATTATCATGTTTTTGATGTCACCCACCCTACTTTTCTGTTGAGTGGGTGACAATTTCTAATTTTGGGTGAAAATTATCATGTTTTTGATGTCACTCACCCTACTGTTTTTTGGATAATTCTGTTTTCAGCTTGCAGGTTCAAAGGGGATTGATTGCGAATATAATCAATCACAATATCCGACATTAAAAACCCGGTGTCAACTTGATTTTCGCCGTCTTCAAATATGGCGTAACCATCCCCACCATCCATCATAAAATTATTGGTAACAACCCGATAGGTTGCATTCAAATCAAGGGGTTTTTCATTCCTGTTTTCATCCCGAATTTGTACCGAAACAATTCGAGAACCCGCAGGTTCTTTGGGATTCCAAATAAACCGTATTCCCGAAACATGAGGAAAGCTTCCGTCTCCTTCTTCAACTTGGCTAACTCCATGTTCTAACGCCTGTTTAATTTGCGCTCCCGTTAAGTCTAATCGAGTTACAGTATTGCCAAACGGTAACACTTCTAAAACGTGACCAACTGTCACTTCACCTGCGGGAATACTGGCTCGAATTCCACCCCCGTTAACAATCGCAATTTGTCCGTTATCAACCCGCATTTTATCCAAAAGAGCATCGGCAATTAAATTCCCCAAATTGGTTTCTTTGGTGCGAATATTAGCGCGATCGCCGTCTAATTTAACTGCGGTTTTTCCGATAACTTGTTGGCGCAAATTATCCAGGGGTTTTTTAAATTCATCGAGTTGAACAACAAACGCTTCATCTGCTTGAATATTCGCCTCAACCGCATGGGGTGAACCTTCCCAATTGATCGGACGCCCTTTGCTGTCAAAACTCACTTGTAAATCCCCCAAATACTTACCCCATTCCCAATCAGTTACTAATAAAACTGTGTCTCCGTTGGGAGTTTTTTCAACGACAGGATAGGGTTCAGTTGCTCCCGGCATATTGCCCAACGGCGTGTGAGAATGTCCGCCAATAATAATATCAATTCCATCCACTTTACGGGCTAATTCTTTATCGTGGGAAAAGCCCAAATGGGTGAGGGCAATAATTTTATTAACGCCCTGTTTTTCTAACTCGGAAACCGCTTTTTTCGCAGCTTCTACTTTATCGGTAAAAACCACACCTTCTCCCGGACTGGATAACAGAGCCGTTTCTTCTGTGGTTAAGCCGAGAATGCCTATTTTTTGACCGTTGACTTCTTGGATAATCCAAGGTTTAATTAAACCCGACAGAGGAGAGTCAGAAGCGACCTCAATATTCGCGGAAACCATCGGAAATTTTGCTTGTTTGATAAAGTCCGCGAGAACTTGTTGACCTTTATCAAATTCGTGATTTCCAATGGCAACGGCGAGATAATTTAACTGATTATAAAACGGTAAATCCGCTTCGCCCAAGTATTTATTGAAATACAAAGTTCCCTGAAAAATATCCCCCGCATCTAATAATAATGTGGGGGATTTATTTTCACTCCGCAAAGAGTCAATTAAAGTTTTGCGTTGAGCAATACCCCCGAGGGTTGTATCGCCCACTTCCACCGCTTCAAGATGAGCGTGATGATCATTGGTGTGCAGAATTCGCAAACTCAACTCCTGCGGACGAGTTAAAGCAAAATGGACTGCGATACCCATTAACATTGTCCAGAGAAATAGAACAATGAAAGTACGCCGTTTCCATTTCATAAAGCCTCCTGGTTGGTTATTTTTGGTTGGACAGCGTTATGAGTAGATTTTTTCGTTCTGTCATTGCAAAAATCCGGAAGCTTTTTGCATCGAAATCCGAGTGCAGCTTGCTACCGGAGTCCCCGATCAAATTTTATCCTTTTCTTATAAGTCTAGCGGATATTTTTGAGATTGGGATATTTTAGACTGGTCGGTAAATTGCGGGTCATCGGGTGTAATTTTCGGGACTTTATAATCAATATCTTGATAAACGGTTTTTAAATGCTCTTCTTCTGCGGTTTTGTTAATCACTTGGAACTGTTCGGGATAAAGCAAAACGTTCTCGTAGTCAAAGCCTCCGAATGCGGCTTCATCTTGAATCTTTAAGTCAACCCCGTAGGCTTCTTTAGGTCGTTCATAATATTCGGTAACGGTGCCAATTGTTCCTTTGGGAATCAAGCGTTTGCTAAACTTTTCTTGAATATCAACTAGCGTTTCGATTCGATCGTAAATTTTAACTTTCATGCGTTTGGGGTTGCTCAGAATTAATTGAGGTTAGCCGTAAGTTGGCGAAACTTGATTCCCAGGGAAGGAATAAAAGAGGGCGATCGCAATCTCGTCATTTTTGAGGCTAGGTCTATCTTATCCGATTGCGCGATCAACTGCACCTAAATTCTTTAAATTTTCGACCCTTACCCCCTTCGGTTCTCAGACCCAAGTCAACATTCAATAATGGATAATGGATAATTGATAATTGATAACAAACCGGGTTTCTCAGTCTCTTTTAGACCCTTGTTTAATTGCGGTTTGTTTGAGGTTCCCTTTTTAGTTTTTTAGCCCCAAAATCCTGTATTCTTAGAAAGAATTATCAACGGTTTTGTTGTAGACTGAGGAGGGATCGAGTTGAACCGTCTAAAATATATTTTATTGACCCTATTAACTGTATTGCTGGTAACAGTTTCTTTTTCACAAACTGCTCTCGCGGATAAACAACCGACTTTGCAGGAAATCTACCAAGTTCTACAAACCAAAACTTTTGTTGACTTAACCCACAGCTTTGAACCCAATATTCCCCATTGGAAAGGGTTTCCTAACGAAAAAGTTGAAACCGCCTATTGGTATAAAACGGGTGTTGGAACTTTGGGGTCGGGCTTTTTTACTCAACGTTATTCTCTGGTCGGTCAATGGGGAACTCATGCCGATCCACCCGCTCATTTTGTAGAAGGTTTACGGACTTTAGATGAAATCAAGCCACAAGAAATGATTTTACCTCTAGTTGTGATTGATGTACATGAAAAAGTTGTAGAAAATCCCGATTATCGAATTACCCTAGAAGATATTCAAACTTGGGAAATTAAACATGGTAAAATCCCACAAGGGGCGTTTGTGGCAATGCGAACCGATTGGTCAAAGCGCTGGCCAAATGCAGAAGCAATGGCGAATCAAGATGCAAAAGGAATTGCTCACTATCCGGGATGGAGTTTACCTGTCTTAAAATACCTCTACGAAGAGTGTAAAATTACCGCATCGGGTCACGAAACGACCGATACAGATCCGGGTATTGCTATCAGTCGAAATGATTACTCTAACGAAACTTATATTCTCGGTCAAAACCATTATCAAATAGAACTGTTAACGAATTTAGACCAAGTTCCTGAAGCGGGGGCGTTAGTTGTGGTTAGTTTTCCCAAACCCAAAGGCGGATCGGGTTTTCCGGCGAGAGTTTTTGCAATTTTACCTTAATTCATTCTATTAATTATTCTGTAGGGGCGGGTTCTACAAAATCTCTAATACCCATCAGAAATTGAACTAAACCCGCCCAACCCGATAATAGAATAAATTAATCGTGTAGGGGAAGGTTCTAAAAAGATGTATGTTTTCTCATCAGCAACTTTTCTAAACCCGCCCACCGACCAAAAAATTATTAATTTATACTGTTTTGCGATTGCCATAATTTTACCCAAAAAACCCGGTTTCTTCGAGAAACCGGGTTTTTCATCCTTCAACCAAAAAAACCAGCAATTTAATTAATATAAACCGGGTTTTTTATCCTTAAATTAGGTTAAAATAATTAGAATTGCTTTTTATTGCGGCGACGCAACAAAACACCAGAACCAATCACACCCAAACCCAATAACGTCGCAGGAGTTCCGGGTTCGGGAACCTCTTGGGGAGTCTCGATAGAAAATTCTAGGGTCGCTTGACCCAAAGTCGGACCGTCATCACTCGGGTTAAAAGTATCACTTTGGTTAAAACTAATTTGACCAACGGCGCCTTCAAATGTTCCCTCACCGCCAACCAGAGTAATAATACCACCGCCTGCGACCGTGCCTTCGGTGGGGCTGATAATATTAAGAATAGCCTGATCGTTTGCTAGACCGAATAATTTATTATCAGTATTTTCGCCCGAG
NZ_CP178543.1_gap32	1333188	1334881	1693	TCGCCATTCCGACGCCGCCCAAATACGGTGTTTCGTTCGCTCATTTTTCGAGCCGATAATGGAGTTTGGGTAAAATCTTTTATATGATGGTGATGGGTGTCAACAAACCGTAAAGGTAATAAAATATCGAGCGCTTGACCCAAAACTTCCGCTTGAGAATAACCAAAAATCTTTTCTGCTCCTTGATTAAATAGCGTAATTTGTTGAGTTTCATCAATAGAAATAATCGCCTCGTCTGCATTATCTAAAATTCCCGCAAACCTGGCTTCTGAGTCTCTTAAAGCGCGTTCGGCTTCATATTTCGCCTGCGCGATCGCAATTAACGCCCCGACTCGCCGCACTAAATTAATATCTTCTTGACTCCAAACTCTGGGCGATCGCACACTATCTAAGCCAATAAATCCCACATCTTGATTGACTTCCGGTCCGGTTAATTGCATCGGAACAATTAATAAAGATTGAGTCGCCAGACGCTTAAGTTCGGCTTTTTCAGCGAAGGCAAGATCGGGTAAATTGGCAATACTAGAAACTTGAAAGGGTTTACCTTTGAGAATAGTTTGAACAAACCAGGGAAAAACCTCAATGGGTACGCCTTGATAATCTTCAATAAAAGAAGCAACATTCCCATTACACCATTCGTGAGTTTGAGTTAATTTTGTATGATTATCGCTGTAACAAAAAACATAAACCCGATCGCATTCCATAAATTCGCCTGTGGCTTGCAAAGCCAAATGAATCGCTTTATCGGTATCTTGGTTGAGAAACTGTTCGGAAATGCGGCTGAGTAAATTATCTTTTTGGGCGCGATATTCTAAAGCTTCTTCTGCTCGTTTGCGATCGCTAATATCGGCGTGAGAACCGGCAAACCGAACCGCTTCCCCATTTTCATCAAATAGCGCCTGTCCGCGAGATAAAATCCATTTGTACTCGCCGTTTTTACAGCGCATTCTAAACTCAAAAGTAAAATAGGTGGTTTTGCGCTTAATATGTTCTTCAATGGCGGCTAAAGTCAGAGGTAAATCTTCGGGATGGACTCGCTGTGACCATTCATCGAGGGTGTTTCCAATTTCGTGATCTTCATAGCCCAACATTTGTTTCCAACGGGTGGAATAAAAGCTTTCATTGGTTTTTACATTCCAATCCCAAATACCATCATTGCTTCCTTTGAGCGCCAATTGCCAACGTTCTTCGCTTTTTCTCAGTTGTTCTTCTTCGCGTTTGAGTAAGCGATTTTTTTCTTCTAATTCCCAAGTTCGTTCGGCTACTTTTTGTTCTAAACAGGCGTTCAATTGTTCTAATTCTTGATTAATTTTGTGCAGGGCGGCGTTTTGTTCCGAGAGTTGTTTATCGCGTTGGTAGCTTCTTAAAGCGGCTGTTACCGTTAAACAAAGATCGGTTTCATCCCAAGGTTTAGCGATGTAACGGTAGAGATTTGCAGAGTTTACCGCATTGCCAATTGCAACGGTACTCGCCTGTCCGGTCAGGAGGATTTTTAGGGTTTTACTTGAGCGTTCGTGAACCTGTTTCAGCAGTTCATCCCCGGTCATTCTGGGCATGATTAAATCTGAAATAATCAGGGGAATTTCGACCCGTTCGAGTTGCAATTCTTCGAGAAGTTCTAGGGCTTCTTCTCCGCTTTGTGCGAGTTCGATGTTGTATTTTTCTCCCAAATAGGGTAGTAGCTGATCTCGCA
NZ_CP178543.1_gap33	1336509	1341383	4874	CCAATCGGCCTGTTGGGAAACATCGTTCAACACCCAAGGGGTTTGAGTGTGAAGAACCCGATTCACAATGGTTTCTAAGAGGGGACTTTCTGCGGTTTCGAGCGGTAAAGATTCTAAGAGTTGTACCGAATTCGACTCCAAACTTCCCGAAACTTCAATCCGCCATTGAGCGTCGTCGTCGGGTGTTTTTAGAATCAGCCACGCCTGAGAGATGATCGCGGTTTCGAGGAGAATCTCGATCAATGTAATCAGGAGGTTGTCGAGTTCGAGTTGTTGGGAAAGCCGTTGGTAGGCGCTCAGTAGCCAGTTGAGATCGGGTGCTGGAGAACTGGTCGGACTCTCCCGTTCTATGAAGGGTTCGCTTCCGGTCTGTCGGTCCGGAAGTGGACAAGATAGAAAGAACCTTGCACCTGATGAGTCAAAACTATTGCGATCGCGGTTTGGTCGCCTCATGTTGGATTAATCCTTGTACCGAGTCAACCCCAGTCGCTCAGTGGTTAGTTGTCGGTAACAGCACTGCCGGGGCCAAAAGCCAATCATTATTTTAGCGATCTGTTTTGGCAAATCGCGGTTCGAGCCTGTGAAACTCTCCTGAAGTTGGATACATTTGGGGGGGTTTTCCCTTAGTCTGAACATCAAGTCTTTCTCGAATGGTAGATGTTGAACAAGTGCGATCGGATCGATTTTCGGGAAATTCGGCCAAATTTAAGCGGTTAACGGCGATATGCTTTGATCCCAAATTAGATCTTGCTGTTTTTACCTCTAACTGCTAGGCTAGCTGACTAAGGCTGTGGTGTGAATTTTATCTTTTTAAATTTGGGCATCCTGATTTTAGAAGGGATTGACAGAAGCAGATCGACGGCGATCGCGGAGGCAATCTAAGATTTTTTTCAAAAAAACACGATTTACAACAAAAACACCGAATATTATGCTGTCTAATCCATACAGAGCAGAAAAAAACCGTTTTGCTGGCGTTTCCCAATCAACTCGTTCATTTTTGAAAACGTTATTATTGGGAACTCAGGTCATTGGTGCTTCGTTGTTGTTTCTGGGGGTTAACCTCCCGGCAGCAGATAGCCGCACTCCGTCCTATTCCTCGGGTTATACGATGTCTTCCCCCTCAAGTTCGGAAAATGTTCCCGCTTCAATGTCCGAAATGGCTCGTCAGGTGACGGTCAGAATTTTTGCGAACCGGAGTGTGGGGTCGGGTGTGATTATCAACCGTTCGGGACAAGGATACACGGTGGTCACAAATGCTCATGTGGTTGGCAATCACTCGGGTAGTTTTATGATTTTAACCGCAGATGGCCAAATGCACGGGGGCCGTTTGGTTTCCTCATCACGCCATCTCGATGTTGCGGTACTTCAGTTTAATAGTAGCGGCTCCCATCAAGTGGCAAAAATTGGCAACAGTAGCGGGGTGAGAGTCGGAGAAAGCGTGATGGCTGCGGGATTTCCCAATTGGTTGAATACGACTCCGGGTAAAATGCAAGATACTCGGGACTGGGGAAATCGGCCATTTCAACTGACTCAAGGTCAAGTGGGGATGGTTCCGAACCGAAGCTTAGTAGAAGGGTATCAACTGGGTTATACCAACGACATCCGCAGTGGAATGAGTGGCGGTCCGGTGTTTAACCAACGGGGTGAATTGATTGGGATTAACGGTCGTTCTAAGTTTGCCCTCTCCGCAGATAAGGTCTATCGTTATAGTGATGGATCGAGTCCCTCTCCCGAACAAGTTCAACAGATGAAAGCGCTCAGTTGGGCTATTCCGGTTTCTAATTTGTCCCTGCGAGGACAGTCTTAATCGGTTTGACGTGGGAGTTGATCGTCGCTAAACGCTGTAACCTGCCTATTATTTGTGTTAGCGTGTCAATGATTTCTCGCTCAACCCACATCTAGGAATTGTCCTGACTCTACGAATTGTACCTGCTTGTTGGAGATGATTGCATCTCAAATCTACTGCTGGCGAATTTTGGAGACGGAGATCGCAGAACCGGTGGTGGGATCGGTCACTTCATAACGATAGATGGTGACTCCTCCCTGTCTGATCCGATTGATTTCTTCGGTATGATCTTCGCTGTGATATCGCGCAGAAGGTGTTCTGGGAGTTTCGGAGATCACGCCGAACATTCCAACGGTGATCAAAGCAAGAGCGGCAGAAATTTTGAAGGGGTTGTTAAGGTTTGTGGAGTTGGGTTTGATGGATCTGCCAAACATGATAGATTCTCCTGTCGATGGGGTTGAGATAATTGAATGGTGAACAGCACGGGGATGATGGACGGGTTCTCGATCTCAGAAAGCTTTATTGTCCAACCGGATTGGAAATTTTGACCTCTGAAGTCTTGCACTCTGCCAAGGATGGAAGGTCTTGTTCGAGGCTGACTGCGATTTGAGGGTTTTGAGATTTGGCCTCAGCCTGGAGTGACAGAGCGGTGATCATCGCGATCGCCATAATAAAGGCTTCTGTGAGCGTGAGGTTTGAGCTTTCGATGCTCTGTTCAATAGATGCTTTCTTGAGAGCGTTCATAGAGACTAGCGATTTAGAAGTAACGTTTGAGTTTGTTATTCTCCCAGTCAACTTCTACTTCCCATCTCTGCTGGTTTTTATCCATCTGTGAGTTAATGTTTTCACTCACTTGATTGAGATTGCGGCGCGAGAGTCCAGGTTGAGACTGAACTTCTAATTGATCTAAACTGACGCTCAACACATTATTATTGTTGAGATCCCGATCAATGACTTGATTGTTTGTCTCGTGAACTTCTTGCACTCTCGAATAAGAAGTTGTTGTCACTGGGGAGATTTCTTCTTGAGCGATAGAGGGATAGGCAAAGCTAGCCGATAGAAGCAGTGCGGTGGTGAGTTGGATTGCTTTCATAGTTAGCCCTCGTGAAGTTCTAAAGGTGGACGATTCTTCAATCAAGGCGATGGGTTTGTTGAGCGTTGTTTAGCGTTGGAGAAGGGGGGAGTTGTCACGCACGGATCAATTTTGTCACTTTGGTAACAACTCCCGGCAGATTCCATCTGGTAAGCTCAATTAGTTGTAAAGCGGCTCACCACTCGCAGTTGCATCTCCGTAGTCTTGCAGGTGTTCAACGAACACATCGCCTTGTTCCCGGTTTCCTGGAGATAAGGTGAACACTACATTTTGAAAATTAGCGTCACCCGGTTCTTCTGAGGCGAAGATTACAGTTTCGTAGTTGACGACTCCGGCTTGATACATTTCTTCTAAAGTTGTTACCCCTAAAGAGTCAGCCAAGTTCGTTAAACGAGTGCTAATTGCTTGGGCGCGACGGTCGGGGGTGTAAGATCCGTTCGGATCGCTAGAAGAAAGGGTAACTTGCCAAATGATTAAGGGTTCAGATGCAACCTGGACGACTTCTCGTTTGAGTAAAGAATTTCCACCGAGAAGACCAGGATAACGAGTGTCGTAGGTTTCCCGTACAATCATGGGAACCGTACCATATTGATTTTTTTCCGGGTCAATTTCAACCGTTTGAAAGACAACCCGTTCTTTAGTGAATGTATCCGGTTGAGCTTTGGCTTGAGAAATGCCAACGACTAAACCAGCAGTTACAATTGCAGTGGTGATGAATACTTTGATGGTGCTTTTCATGGGTTTGACCTCAGGTGCTTAAAGAGAGGTTGTTTTTTCGGTATGTTCTTAAGATTAAAGCAATCCCATAGCCCTGTCAGTAAGAACAAAGTAATGTGTTCCAGAAGTTTTCACAGTCAGGGTGTCACCTGAAAGTTAGCCAAAAGTGATCGAAAAGTAAGTGAGATTTTCAGGTGTTGTATTTCTCCTTACAATCTGCTAATTACTTCTCCTCTACTCGAACTTCTTTATAAGTAATTGTACTGCTTTTTAGATTTTTTTAATAAAAGTAAAAAAGATTTTTTTTTACTTTTACTAGAGGATTTTTTGAGGGGTTTTAAAAGTCTAATTGGGTGAAAAATTCTCTGGCTAGAGTAACGATTATTCAAGCAATACAGGCGATTGTTCTCGACGATTTTCTCAAGTTCAAGAAAACTGATTTTCTAGATTCTCAAGAGAGAATTTAAGCTCGGTTGCTGAGAAAAGATTTGGGAGCTATTTTACCATAATTTTGATTTATTTAATCGGAGAAAAAAGCCAATTTATCTATCACCAACCTTTCTCTATTTATTCTAGAATTTTCTCGAAAAAAACTGAACAGTTCGATAAATTTCTGTTACAAACTTTACAAAATGCTAAAAATTTCGGTAGAGATTAAAAAGCCAATTTCGCACAAGTTACCCAGTTTTTGGGATGTAGAGTTCTGGCGATCGCACACCGCTATAATTATTATGATCTCAGTTGTGTAAAATATCTTCTTGTCAGAGGCAAGAGGGAATAGGGGAAAGGCAGTCACCAGTCACCATATGCGGGTATCTCCTTCGGAGACGCTTCGCGAGCAAAGTTTGCAAGAGAGTGATAACAGTAGTCAGTAAACAGTTTCTCCTGACTCGGTGTCTCCTGAACTCCTGACTCCTGACTTCTGACTTCTTTCCTCCCAACTCCGGGGCGGGTTTATGTGAGTTCTTGATCGGAAGTATGAATTTTTGCGGAACCCGCCCCTACACCTGACTGGTGACTGGTGAGCCAGCGCGGTCTTGGGGGTTTCCCCCATGAGCGACTGGCGAACCCGAAGGGTGACTCCTGTTCAAACTGACATCCACCCCGTCAAACCCGAAATGGATGCTAACAGTTATTTTAGTGAAAGGAGAGATGGAGCTAAGCGGACTCGAACCGCTGACTTCCTCAATGCCATTGAGGCGCTCTACCAACTGAGCTATAGCCCCTTGCACTATCTTTCATAGTAGCGAAGTTGATCTTAGTTTGTCAAGTCTTTTG
NZ_CP178543.1_gap34	1499385	1502464	3079	TCAGTGAGTTCTAAAGGTTTACCAGAAACGACAGCCTACCTTCGGGTAACAAACCATTCCTGGCAACAAGGCATATTAGAAGGAGAAGTAACTGCGGGAGGATTTGAGTGGCGATTTCAATGGCGATTTAGACGCAATAAAACCCTAATTATTCAACCCTCTCAAGGTCGTGCGTTAATTCACGAACCCTTAGGTCGTTTTCTGGAAAAATCCGATTATAAACTCGAACCGGGGGGCGATTATTCGTTTACGATTCGAGCAAAATTTTAGGGATAAAATTCGAGAATGTACGACAATATTTGTAAGTATTTTGTAGGAGGGGTGACATCGTTATGGATTACTCTCCTAGCAACTCGTAAGGTGTACACAGTATTGGTAGCTGATCACCACAATAATGCTTATAATGACAATTGAGGTATAAAAACAAGTAATTCGCCATTTATGACCGAAACTGTCTACATCGACACTAGCATTGTTGGTTATCTAACGGTTAGGCTTAGTAACAATTTAATTCTGATGGCGAACTCCGAAATAACACGGGAATGGTGGGAGACTCGGCGACCTGAATTCACCCTTTATATTTCTCAAATCGTTTTGGATGAGGTGGCACGAGGCGACGCAGAAACCGCAAGCAAACGACTTGAAATTTTGCGCGATTTTTCATTACTTGAAGTGAATCAAGCTGTTCAGGATTTAGCCGTTGAGTTTCTGGCTAGAAGCAACCTTCCACCTAAAGCCGCTAATGATGCGCTGCATATTGCGATCGCTACAGTTTATGGTTTAGATTATCTATTAACGTGGAATTGTAAGCATATTGCTAATGCTCAGATTCAGAAAAAACTCTCGCAAATTAGCGTTGATGCTGGATATGAGCTACCAATACTTTGTACACCTTATGAGTTAATGGGAGAGACTGATGTGGAAGGATAGTGTTCTTGAGGAGATTCATAAAATTAGAGAAGAATATGCTCAATCTTTCAATTATGATTTACAGGCAATTTGTGATGATTTGCGAAAGAAGCAAGCTGAAAGTGGAAGGAAAATAATATCCAAGCCACTTAAACCCCGCAGCCAAAAATCTGAGAAAGTTCAACAATAATAGAACTTATAGAAGAACTTAAAACATCAGTTTTCTTCCCTCCTTTCAGGGGGGACTGAGGGGGGTCAAACTGAGAAAAACCTCTCCCCCAACCCCTCTCCTACGAGGCGAGGGGAGTTCAATTTTCCTCCCTCCTTTCAGGGGAAACTGAGGGGGGTTAACTTTCCTCCCTCCTTTCAGGGGGGACTGAGGGGGGTCAAAACTGCATAACTCAACACCCCTCAGACATAAGAGATAATGAACTTGATATCAGCATCTACCCGATGAAGCGAACTTCCCTCAAATCTTTCCTCTGGCTAACCGTTTTCGTTGGATGTTCTGGACTGTTAACGGGAACACCTCAACCCGTTAGCGGACAGACAAACTCTTCTATTCCACCTTGGATTTATTTACCTTCACAGCCGATTCAACAGTCGGATGAACTCGAAGAAGCCAAACAACTCCACCAACAAGTTATTCAACTGTATGAACAAGGCAAATATAACGAAGCCATACCCCTAGCAGAAAGGGTTCTAGAAATACGAGAGACTATTTTAGGAGAAAATCATCTTGATGTTGCTAGTAGTATGGCTTGGTTGGCATTCCTCTACTCCTCTCAAGGACGCTACAGCGAAGCCGAACCCCTGTACAAACAAGCTTTGGAGATGTTACAGAAGTTATTGGGAACTGAACATCCCCATGTCGCCACCAGCCTCAACAACTTAGCAGGACTCTACCGTTCTCAAGGACGCTACAGCGAAGCCGAACCCCTGTACAAACAAGCTTTGGAGATGTTACAGAAGTTATTGGGAACTGAACATCCCCATGTCGCCACCAGCCTCAACAACTTAGCAGGACTCTACAGTTCTCAAGGACGCTACAGCGAAGCCGAACCCCTGTACAAACAAGCTTTGGAGATGGATCAGAAGTTATTGGGAACTGAACATCCCCATGTCGCCACCAGCCTCAACAACTTAGCAGGACTCTACAGTTCTCAAGGACGCTACAGCGAAGCCGAACCCCTGTACAAACAAGCTTTGGAGATGTATCAGAAGTTATGGGGAACAGAACATCCCCATGTCGCCACCAGCCTCAATAACTTAGCAGAACTCTACAGTTCTCAAGGACGCTACAGCGAAGCCGAACCCCTGTACAAACAAGCTTTGGAGATGTTACAGAAGTTATTGGGAACTGAACATCCCCATGTCGCCACCAGCCTCAACAACTTAGCAGAACTCTACAGTTCTCAAGGACGCTACAGCGAAGCCGAACCCCTGTACAAACAAGCTTTGGAGATGGATCAGAAGTTATTGGGAACTGAACATCCCCATGTCGCCACCAGCCTCAACAACTTAGCATTACTCTACTTCTCTCAAGGCGATACAACTGGGGCGATTAACTTTCTCAGTCGAGGACTAAACGTAGAAGAACAAAACCTGAATGTTCTCTTGGCGACAGGTTCGGAACGTCAGAAACAAGACTCGATGAAAACAGTTTATAACACAACGAATTTTGCTGTTTCTCTACATATTAAAGATGCACCGAACAACTCAGAAGCGACTCGTTTGGCGTTAACAACTATTCTCCGTCGCAAAGGTCGGATTTTGGATGTAATGACCAATGATTTACAACTGTTGCGAGAAAATATTACCCCTGAAAATCAACAATTTCTCGATGAATTAGCCGCAGTTAGAACTCAACTGGCGACTCTCATTTACAATCAGCCTGAAAATATCCCCGAAGAACAATACCGTCAACAAGTTGCAAATTTAAGAGAAAAATCCGAACAACTCGAAGCCGAACTTTCTCGCCGCAGCGCCGAATTTAGAACGATTTCAGAACCCGTTACTGTGGAAGCGGTACAACAGTTGATTCCCGAAGATGCGGCGTTAGTTGAATTTGTATTTTATAAGCCTTATGATGCTAAAGCAAGACAATGGGGAAACCCTCATTATGCGGCTTATATCCTTAAATCTTCCGGCGAACCGCAATGGGTTGATT
NZ_CP178543.1_gap35	1506539	1511532	4993	CCAATGCCCTACTTTACTTTACGACTTACTTTTTAGTGTGAGAGAGTTTGATCTCTAAGTCAACTCGGATCATCGTTTATCTGTAATAGCATAAGCTTAACAGAGAACCCGAGATTACGAGCAACTCCAATCAAAACATACAATTTGAGATTGAGCTTTCTCGGATGATTACTCAGTATACAGTTGGTGAAAGCGTTCCCTACCGCCTCATACACTAGCATATTCACGCCATAACCGCCTGAAATCGTAAACATCTGCTGGCGCGCGATCGCACAGAAGCCATCAACCCCTGTTCATCCTTGCTGCTGAAATAAACCCTGGCTTTGATGGATTGAGAAACAAGAGGAGATATTGAATCTGACTCTGTTCTTGGTTCTAGATTAACGAGAGTTGTTCAGCTTGACAAGCCTCTCGTGTGACTCGACCAATTCATCCTATGATAAAGAATCGGAATGTCAGCCCAGACCAACACACCGATAGCTTCTAGAATAAACGATTATGTTAAATTTGGACGGAAAAAACGCGCTAGTCACCGGGATCGCTAACAATCGGTCGATTGCTTGGGGAATCGCCCAACAACTTCATGCAGCCGGAGCGAACTTAGGAGTCACCTATCTTCCCGATGATAAAGGCCGATTTGAAAAGAAAGTCGGAGAACTCGTAGAACCCCTCAACCCCAGTCTGTTCTTACCCTGCAACGTTCAAGATGATAGCCAAGTTGAAACGGTTTTTCAAACCATCAAAGATCAGTGGGGAAAACTTGACATTCTGATTCATTGTTTGGCCTTTGCTGACAAAGACGATTTATCGGGAGATTTTAGCAACGTTTCCCGCGAAGGATTTACTCGGGCTTTAGATATTAGCGCCTATTCTTTGGTACAACTGGCGTCCGGGGCTAAACCCCTAATGACCGAAGGCGGAAGTATTGTTACCCTGACTTACCTCGGCGGTGTCCGGGTGATCCCCAACTACAATGTCATGGGAATTGCCAAAGCCGCTTTAGAAATGAATGTGCGCTATTTAGCCGGAGAAATGGGACCGTTAGGCGTTCGGGTCAACGGCATTTCCGCAGGCCCAATTCGCACGTTGGCGTCTTCGGCAGTCGGGGGAATTTTAGATATGATTCATCATGTCGAAGAAGTTGCACCCCTGCGTCGCACGGTAACTCAACAGGAAGTCGGAAATACCGCAGCTTTCCTCTGTAGCGATCTGGCCAGCGGAATTACCGGTCAAATTTTATATGTTGATTCCGGCTACTGCATCATGGGAATGTAACTTTACAGTGATCAGTGAACAGTTATTGGGAGTCAGGAGTCACCGAGTCAGGAGTCACCGAGACAGGAGTTCAGAAGTTACTGATAACTGAGAACTCTAAAAACTGGTGACTGGTGACTGGTGACTGGTGACTGTAAATTGCCTATTGCTAGATTGCCTTTTGAGAATATCATGCAAACTCACTTAACAGACAAGCAAAACGCTACAACCCCTTCTTCCGATGTGATCCCAACGACTCGCAAAGTAACGGTTAAACGGACAACCAAGGAAACCGATGTCACGGTAACAGTTAACCTTGATGGGACCGGTATCTGTCAAGCAAATACGGGGATTCCTTTCCTCGATCATATGTTGCACCAGATCGCCTCTCACGGCTTAATTGATTTGGATATACAAGCCGTTGGAGATGTGGAAATTGACGATCATCACACCAATGAGGATGTTGGTATTACCCTCGGACAAGCCCTCGCCAAAGCTTTGGGCGATCGCAAAGGTATTAACCGCTTTGGTCATTTTGTCGCCCCCCTCGATGAAGCTTTAATTCAGGTGGCGTTAGATTTTTCGGGGCGCCCTCATTTGAGTTATGGTTTGGAAATTCCCACTCAACGAGTTGGTACCTATGACACTCAACTGGTGCGAGAATTTTTTGTCGCTTTGGCGAATAATAGTTTGATGACTTTGCATATTCGTCAGCTTGACGGAATTAATTCCCATCATATTATTGAAGCGACGTTTAAAGCTTTGGCGCGATCGCTACGCATGGCGGTTGAAATTGACGAACGACGTGCGGGTACAATTCCAAGTTCTAAAGGGGTTCTTTAATTTTGTTGATTTTGTTAAATTTCTGAGGATTAAGGCGGGTTAAATGCTAACCTGCCTTAAATTTTTCCGGAGTTAGAACAGGGTGAACCTTCTACTGTGTTCCATTGGAACCAGCAGGGATTTAAAACTAGAAAACCTGTGATCCCAACTAACAACAACATCATTAATACCGAAACATCAATCGGAGATTGAGTGAGATTAATTTCTACGGGAAGTTCTTGAGAAAATAAGGTCTTGTCGGGGCTGTTAGGAGCGTATTCTATCCCGTGAATTCCTTTATTTTTGGCTTCACCTTCTGGGGTATTTAATCCTCGGTTCCAAACTTGTAAAGCGTTAGATTTCAGGTCTTGGCGTCCTCGGGCGAAGAAGTTTAAGCCATTAATTCCGTACAATTTCCCTTGGTTTTGACTGATTGCTTTTTCTCCCCAAGTAAAAACTTCTAGGTCTTCTTTTGTCCAGGAATAGTTACCCCAACGGGCTTCAAATGCTTCTAACTCGGATAATTCAATGATTCCATTTGCGTTTTGATCGCTTCCTTCAAAGACTCCTGAGAGTTGATGTTCTCCGACTTGTTGTTGAAATTCAAAGCGGTTAGTTTGCGGCGCTATTTTATTAATCAATCCCAAGCTGACAGCAACACCTGCGGCGATCGCAAATTTTTGAGCGAGACTGCATTTAAAAGAATTTTGGCGGGGGTAAACTTTTGAGTATTGTTTGTGCATAACCATAGGATATTTTCCTTGATGTGTCTGTTCAACTCATCTATACTTATATCTGCTCATTCACGACTTATGCAGTTATTCGCGATCGCTTCTCCTGTCGGTTTGATCCTTGAGTAGATCGGCTTATTCGCTCTTGAGATTATTTTTGGGATTTGTAAAAAACTCGGCGCCCTCGCCTATCATTCGGTTGAACGTTGAGACTTGGAGGTTGATTCCTCTTGACGGTTTAATCGTTCTGTGCGTTGATCTATCCAGTCCAACAGTCTTTGTGACATTTTGAATTGACCGTTGAGGATTTGATCGGATACCACGATTAGTCCGAAAAGCAATGAGAGTGAAATAATGTCCATCAATCAACTCGTCACTTAACTAGACTGTACAGTTTTATCAAAGCGTATTACAAAGCAGATCAATATAATAGATGATCTATCCCTAAGATAGACTGTACGGTTTGGTTTTGTCAAGGAAAAAGGCAGAAGGCAACAGGCAATAGGCAATCTTGGGAAAGGGGAAAGGGGAAAGGGGAAAGGGGAATTCTGAACTTCTGACTCGGTGACTCCTGTATCGGTGACTCGGTGACTCCTGACTCTTGAGAGACTACATAAATTCTCTGTTTTGTCAAGATGTCTATTTTGGGCTTGGCTTTGGACTTTCAAAATTCGTGCGTCGGGGTTGCTATTTTTTTGTCAGAATCTTCTGATTTTTAACGAGAGAATAGGGGTTTTAGCTTCTATTTTGACGTGTGGACACAGTAACCCCTTGGGTGGTGTTTTTTATAGCCTACCAGAAGCCCTATATTTTCGTCAACTTTTTGAAAATTTTTCTCAGTAAAAATTTCGATTTTTTAGCTTAACTTTTGTTTATTAAAACGATTTTGTGGTTTTGATTAAAAAAACTTATTGTTTTGGGGCTAAAGTTGAGTGCAGGGTTGAGAGTTGCAAGTGAATTAATTGAGAAGTTTTGGAAAGCCTAAATTTAAGCCTAAATTGTCGTGAAGCGGGGTGGAAAAAGTACATTATAGGTTGGCACATATTTCCATTCTTATAAAATAGGTCAAGTCCGAGGATTTGTCAATCGAAAATCGGCGAAATTTTGGGGGAATATAGCAGCACTTCGCGCTTTTGCAATAGGCAATCTTGGGAAAGGGGAAGGGGGAAAGGGGAAGGGGGAAAGGAGAAGGGGGAAAGGGGAAGGGGGAAAGGGGCAATAGGCAATCTTGCTATAAGCAGAAGGGAGTTATCAGTCACCCGTCGCCAGGAGCGCGCTGGTGACTGGTGAGGCAGCGCGGTCTTGGGGTCCCCCCAAGTGAAGCGACTGCCGAACCCGAAGGGTGACTGGTTAAGGGGTTTGTATCGGTTATCGGATCGATTGGACCGTCAAACTGAGATATTGCGAGGAATCTTTCGGATATTTTTGATTGCGGCGGCGTGAAGAGTCGCAAGCGGACTCTGAAGCCGATTTTTGTTGAATATTAATCAAACCAAACCCCAAAGGTTTTTGATCCTCGCATTCGGGAGAAGCAACCCAAGACGGAAATTGACTGACACCCGAATTAGACTGACGAGAAACCAAAACATCGGACTGAGGGCGGGAAATCGAAGAAATTGCAGCGATCGCACCGACCCAAATTAAACACTCCATCCAAGTCCAACGACTCATCACCAACACTCCTGACCAATTCTAAAGACTTTTTACGCAAACTCAATTTTCACGCAACTGAGAGTCGGGTAAGTATCTAGAAAAATTCTCCCGTCTGAGTCACGGCACAAGGAGAAGATAAAATGAAGGACTACTCGCCTTGTTCAAGGCTTTGGGCAGCCCATTGAAGGGCTTGAGAGGGAGTGAAGATCTGACCTTCTACTTGTGCAAGTTGGATCTTCATCAGCAGTTGACCAATTTTCGGACTGGGAGATAAATTTAAAGCTTTCATTAATTCATTTCCCGTCACCAACGCCCGAGGATAGGCAACCGGATCGTCGGGGTTCAAGAAACGTGCAACCAGAGGCGACAGGCTGGCCGATGAAACGCCGTTCGCGATCGCCAGGACTGCCAAAGCCGGAAACAGGGTTCCCACGTCTTGAAAGAGGAAATACTGCTGTCTCAGAGACATTTGGGAGGGGGGAGTCTCCTGTAAGGCTGATAAACCTTTGATCAGAGCGATCGCACTTTTGAGT
NZ_CP178543.1_gap36	1514204	1515814	1610	ACTGCAACCGAAGAATGTTCGCCAAGTGAAGTTACTGGGAAGACTTAAAGGAAAAAGTGTTCCCGAGTGGAAAAAGCTGTTAATTTTAGACCGAAAAACTCAACTGAGAAATCAATTGATTAAATTGCAAACTCATCCGGTTTATTTACAAGTCTCTCAACTCACTTCTCATAAGTTTTGGATGAACAAAATCCAGAAAAAAGAGTTTTGGATGGATGTGTTAATGGGGTCGATGATTAGCTTTATTTTTACAACCAATGTCATCGTCTTTACCCCGTTTATGGCTTTTATAATTGCCTTGGGTTTTCTCAAGGTCAAAAGCCTAGTTTCTCAAAGCGGTGAAATTGAAATCGGCGTTTTATTCGGTACAATAGCCAGTTTGTTTGTGTTATTTACTTTTTGGGAGATTAAGGAAGCAAATCAAGGCTTTTTTGGGATTATTTTAGCCGCGATTTTTATTGCAATGCCGATGTTTTACTCCAAAGGAAATTATTAAGTTTTGTCTACAGGTTTGAAATAATGCCCTCTGATAGCCTAAAATATGGTTTAGCCATTCATACCAGCAGCCCTGAACTTGGGTTAGCCGTTGGTAATTTTACCGAAGAAATTCGTTATCAATCTTGGAATTTGGGGCGAGATTTATCGGTACAACTCCATCAATATTTGGCGGAGTTTATTCAACCTCAAACTTGGTCAGATTTTAAATTAATTGCGGTTGCAAAAGGTCCGGGTAGCTTTACGGGGACTCGCATGGGCGTAGTGACAGCGAGAATATTAGCCCAACAGTTAGAGATTCCATTATTTTCGATTTCAACCCTGGCGGGAATGGCTTGGCAAATCTTTCCAAAAGATGCAACCTTATCGGACAATTTAGCCCTACAAATGCCCGCCCAACGGGGTCAGTTTTTTGTGGCTATTTATGGCAAACAAGAGACTTTAATTGAATATTTACCCGATAGCGTGATGTCATTGGAAGCTTGGCAAACAACGTTAGAAAAGTGGAAAAATCCTTATAAACTGATTAAACTTGAAGGAGGTTTGGGAGACTCAGCCATGAGTTTATTAGAGTTAGCCCATTTAGATTTTCAACAAGGAAAACGCCCTCATTGGTCGGAAGCTTTACCCTTTTACGGACAGCATCCAGTTGACTAAATTCTGAATGATAAATTTTGAATTCTGAAATCCCAATAAGGATTAAAAACCCGGTTTTTCAAAAAAACCGGGTTTTTGGGGTAGAAAGAGATAGTTACTTAACATTTAAAGTGATGGGAGTAGTAATGGGATAATCTTCACCAATGACTAACACTTGATAAACCCCATCTTGAGTAATAGAAGCCGTAACCAAACCTTCTTTTAAAGTTAATAATTGACCCGTCGGAGATTTAATCGCCAAGGAAACAGCATTCGCCCCAACCGTCAGAGTTTGACCAGTTTTACACCGAATATTGAGGGGTTGAATTTGTTCTTCAAACAAACTAATTTCTAGAGAAGTTTTCTCTAAATTTTCTCCAACTTCAACGAATCGACTGGCTTTATAAGTATATTCCAATAACCGCCAATCTTTAAACGGAGACTTGTCAGAATTTCTAGTTTGAGTTTGAGTTAAATCA
NZ_CP178543.1_gap37	1654849	1655485	636	TCGTTCTCTAGTGAGTCCCTAAATCAATTTGAAAAAACGCTCAACCAAGAGACCGGTTCAGACATGAAGCGATGGAAAGACGGCTCAGAATCGGCTATAAGTGAGGTAACAGAGCAAAAGCTCGACCAAAATATAACCGATGATGAGTGGGAGCTGCTGTTGAACAAGAAAAAGGAGGAAGATATAAAGTTTGCCGTCCAAAAAATTGAAGATGTATATAAGAAGGTAATAGAACGCGGAAAAAACCACCCTGAAGAGCGAGAAGCATTGATTGCTATCCTCAACACTATAACTGGCGCTATCAAGCTAGTTGTAGATATAGTGGTATCTTTTCTCGAAGAGATAGCACGGAAAATATGGCTGTGGTTAAAAGAAACCTTCGAGAAGATCAAGATAACGTTCATAACTGTTACTGAGGCGATCACTAACTTTTTCGGTTGAGGCAACGAAACCTAGCCTTATCTTTTCCCGGTTTATAGCAATTCTCATAGCTGTGAGGTACAGTGAATTTTATCTATTTTCCCGTGTAAAATAGGCGCCTTAAATAAGGTGTACCTCATAAGTTCGAGAAACGCTTATATGGATGTGTTGGGTTGAACTTCGTTTGACCCAACCTACTTTTTATTTCTTCTACCA
NZ_CP178543.1_gap38	1666159	1667543	1384	TTGCAAAATGTAGAAGTGATCATGCAAGAGTGGATAGAAACCGCTCAAGAATTAGGGCGAATCATTCCCGAACCCAAACAACATTTGTAGGGTGGGTGAGAAACGAGAATTTAATTACTCAAACATTAACGGGTTAATCTCACCCACCCTACTTATTGGTAAAACGAGAATTTAATTACTCAAACATTAACTGGTTAATTTCACCCACCCTACTTATTGGTAAAACGAGAATTTAATTACTCAAACATTAACTGGTTAATTTCACCCACCCTACTTATTGGTAAAACGATAACTTAATTACTCAAACATTAACTTGTCAATCTCACCCACTATTCCCGAACCCAAACAACATTTGTAGGGTGGGTGAGAAACGAGAATTTAATTACTCAAACATTAACTTGTCAATCTCACCCACCCTACTTATTGGTAAAACGATAACTTAATTACTCAAACATTAACTTGTCAATCTCACCCACTATTCCCGAACCCAAACAACATTTGTAGGGTGGGTGAGAAACGAGAATTTAATTACTCAAACATTAACTTGTTAATTTCACCCACCCTACTTATTGGTAAAACGATAACTTAATTACTCAAACATTAACTTGTTAATTTCACCCACTATTCCCGAACCCAAACAACATTTGTAGGGTGGGTGAGAAACGAGAATTTAATTACTCAAACATTAACTTGTTAATTTCACCCACCCTACTTATTGGTAAAACGATAACTTAATTACTCAAACATTAACTTGTTAATTTCACCCACTATTCCCGAACCCAAACAACATTTGTAGGGTGGGTGAGAAACGAGAATTTAATTACTCAAACATTAACTTGTTAATTTCACCCACCCTACTTATTGGTAAAACGATAACTTAATTACTCAAACATTAACTTGTTAATTTCACCCACTATTCCCGAACCCAAACAACATTTGTAGGGTGGGTGAGAAACGAGAATTTAATTACTCAAACATTAACTTGTCAATCTCACCCACCCTACTTATTGGTAAGTTAATTTAACAAAAATTGTTAGAATCAGGGAAAATTGCGATTGGCTCCGCCACTGCGCGGAGCGCAATCGCTATCTCGTCGCCAAATAGATTGTGATGTTGGTTGTATCGAACTAAACTTGTGCTACCGTTGTTAATAAGTTCTGATTTGTAGCAGATTTTTATAAAGAGTTCAAGGAGGTATAAAAAGCCGTGTCACAACCTATTGAAGTGCGAGTTGAAATCTTCCGAGAAGGAGATTTGTATGTCGGAGTTTGTCCGGATTTAGATGTTTCGAGTTTTGGTGAAACTGTGGAAGAAGCCAAGCAGTCTTTACAAGAAGCTTTATCTGCATTTATAGAAGAATGTGAAGCAATGGGAACTTTAGAAG
NZ_CP178543.1_gap39	1680817	1683805	2988	TAGACGTAGTTGAAATAACTCGCTCTCAGGTCAATGCTACCGGAATCCGGCGCTTGAATAATCGCCACTAAATCTTGATTTTCTCCGGCGAGAATTCCCAAACCCGAAACGCCACTTTGTTGAACGGGTGCGAGTGTAAATTGATTGGCGGTTCCGTTGAGTTGAATAACATCTTGAGTGAAGTCAAAATCAGCAATGACCGCAAAATCTTGATCGCCTGCTGCGGTGTAAAACTTGCCATTTTCATCACCCAAAATGAACGTATCGCTACCAACACCGCCTGTTAATTCATCAATATTAACTCCTTCGGTTAGTTCGGGAACAAACGCACCAATTAACACATCATCCCCTTCACCGCCATCGAGTTCATCGGTACCCGCACCGGCTTGTAAAGTATCATTTCCAAGTTCACCAAAAACAATATCCGTACCGCCACCGGCTGAGATAATATCATCGCCTTCGCCACCAGAAATTAAGTCAATAAAATCACCACCGAAGATAGTATCATTACCGCCATCACCATTAACAAAGTTTTCACCCAAACCCGCAGTAATCAGATCGTGACCTAAACCCCCACTGATAAAATTATTGCTATCATTGGCTTGAATAGTATCATTACCCGCATCACCGTTGAGGAAGTTACTTCCGGTGATAAAATCATCCCCATCCCCGCCATTCGTAACATCTTCACCGATACCGCTATTTAGGGTATCATTTCCGGCACCACCGTTAATAAAATCGCCTTCATCGGTACCGTCAATCACATCATTTTCAAAGGTTCCATTGAAAGTATTAACGGTAGTTGAAATACTCTCATCTGTCGTCGAACTGCTGCTAGAATTCGTAATTCCTTCTAACGCCTGTTCAAAGGAAACAAAATTCGCTTCGCCAAGCTGTTCGACGGGAACAAAAGTTAGGGTGGCAATTTGTTCGCCCGTCTCAGTAATTTGAATTCCGGTTCCGGTGCCAAATAAATCGGGAACTAATGTTAGCTGATCGAAGGTTAAACTTTCACCGAGAACCAGTAAATCTTCTCCGAGTTCAAAGTCAAGAATTGTCGTTAAACCGCCCGGTTCTAACACAAAGCGATCGCTTCCGCCTCCCCCGCTAACGAGGTTAATTCCGGCACCGCCACTAATGAGATCATCCCCATTATTTCCAATTAACAAATCATTGTGTTGTTCGCCGAAAATTTGATCGTTATCATTTCCTCCCCGGACAAAATCATTCCCCAAACCCCCTGAAGAGGTATCATTTCCATTTCCATCAACACCGAAGAAGAAATCATTTCCATCGCCACCTTCGAGGAAGTCGTCATCTTGGGCGCCAACGATGAAATCATTTCCTTCATCGCCGGATAACGTATCATTTTCGCGATCGCCATCTAATAAGTCATTTTCAGAACCGCCAGAGATAACATCCGCCTCATCTCCTCCTAATATAATATCATTCCCACCATTGCCATTAACAACCCCGATCACTTCGCCATCGATACCGTTAAAGCTGTCATCTTCTGCACTCAGTTCGACATTTCCTTCAATTTCCCCCTCATTAATAACCGACACTCCGCCAACCGCTTCTCGCACATCAATCGCGAGTTTTCCGTCTTCAATTGCACCCCCAATAATCGTACCTTCGTTAAAAATTGTACCGTTAAGTTGGGTTTGTTCTTGGATAATAACGGTGGCTGCATTTTCGGCGGTTAAAGTGCCTTCATTAATAATATCTCCGTTGAAAATAGAAGTCTCCGCCCCCGATGCTGGCACCCAATATAAACGCACCGCAGCGGACTGATTATTTCCTATTGGAACGCCCCGCCCTTGAATTAATCCTTCGTTAACAACTGAACCGTTAACGTTGGCGCCAAGTTCGAGAGAAATGGCATCCCCATCGTTTCCTTCTCCGACATCAATAACACCCCGACGATCATTTTCAATAAAGATATTCAATCCGGTAACGTCGCCGTAAACGGTACCATTTCGGGGGCTTAAACTGGTGAGAATTTGACCTTCGTTAAAGAGAACTCCGCCAACTCCTCCAATATTAACTGCACGGCTTTCGCTGGTGATTAAACCTTGGTTTTCAATGGATGCCGAAGCAATATTTCCATTGGCAATATTAATCCCGTTAAAATCACCGCTAATTGTCCCTTCGTTTTCAATTAATGTGGCAACTCCATCAACTTGAATGGCACTGTTTTCGGATTGAATTGTGCCGCTACCATCGACTTCTATTTGATTGAGAGTATTTTGGGTGGTGACGGCATCTTCTTCGCCTGTATTGAGTGTGCCTTCTACTTCTAAACTTTCTGCAAATTCATCGAGAATGATCGGATTGTTGCTGATAGTGTTGTTGTCGATTTCGATGCGTTCCATGAGATAAACCTCCAGTTAAAGATGGAATAGATGAATAGAAAAAGGGGAATGGAAACTAAATGCTAGGTGAAGCGGGGCGGGTTCAGATGGATTTGAAATCTTCCTAAAACCAGATGGCTAAACCTGCCCTTCGATATCTAAATAAGATTTAGATCAAGGCTGATTTTAAATTCGGAATAGCTTTCGTTACTTTCACGGGTTGAGAACCATCTTTATAATAGGAAACACCCCGATAGGTTAATTTTTTCGTTGAAAGTTCTTTGGCGAGGTTTAAACTTTGGTGATAGTAGGAAACACCCCGATACTTTAAAAAATGACTGGAAGCTGAAGACATAGAAGAAGTAGATTGAGCGTTATAGCGTACACCCCGATAACAAAGAGCCATGATTTTTTCTCCTCAAGCTGAAATTTAGTTGGTGGTCTTTTGGCAATCAATTAATGGTTTTTTGCTTGCCTTGTTGTTAACCAATATAAGCAAGTTATTTGAGGATAACAATATGAAAACGTTTTAAAAAGTATGGTGTTTGTTAAAAATATCCCGATTTTTGTAAAACCTATTTTCTGATGAATTTTATCTAAAATTGTTCTGAATGTTTTCTGAGATTTTCCTGAG
NZ_CP178543.1_gap40	1720721	1722477	1756	CCAAAGAAGAAATATAAGTCGCACAGGAACGTTTTTGACTCGCCGCAGAAACCACCGGTACCAAATAAGCAAAGGTGAGAGTGACAAGAAAAAAGCCGTTAATTGAAGCGATCGCCGTCGCAATTTCCCAAGGTTGTCCTTGGGGTTGATAGTTTCCCTGTCCTAAGGTTGAGAGGGTATAACCGACAAAGTAGACTCTTTCCCAAAACGTCGCCGGGATTAAATTAGAAGATCTGACCACCGCCCCTTGATCCGAGACAAATAGCAGTGTCCACCCCATCCAGGTTAACAGAAACCACAGCAATGTCATAAAAACCAACAGTGACAGGCCGATTATCCCCAAAATGCGATGATTGGGATAATGACGGTGAACTTTCAAGACGATCATCCACAGTCCGGCGGAAAGTCGGCTGGTGAGTGGGCCTCCTCCACCTACGGTTAAGGTGGTGATCAAAACATCAAGCGTGACGAATAATAAAATTAAGACACTAAAAATAGTCAGCCCCATTGACATCGATATAAATCCCTTTGATCAGTTCTTTCTCATCTTTATAGAGACGCGCCCTCGCACGTCTCTACTTAAAAAAATGGTCTTAAGTTTTAGTTGGATAACCGCTAATTAGGATTCTGTTGGTTCTACAACTCTGACGTTAGTAATATCAACCGATTCCACCCCGAGAATTTCTTGGGCTAACGGTTCAATGTTTTCATATTGTCGTTGATCGGGTACGGTTCCGGCGATAATTACCGCCCCATCTTCGGCTTGAACGGTGAGTTTACTTCCCTGAATATTTGCTTCTAATTTGGCACGAACTTCGCTTTCAAGATCCGAATCGGCTCGATCTTGTTGATCTCCGATCCAATCATTTCGTTCTTCTCGCGCCCGAATATCTGAATTTAATTGCGCTTGACGAACGTTTTTATCGGCGTCTTTTCTGGTTTCTTCTACGTTTTGAGGATTTTGTACTTCACCGTCGATAGAAGTGGGAGCGTCGGCGCTGGTGCGAGCGACATCGCATCCGGCCGCACCGAATAAAACTAGACTACTGATGATTAAAGTTGTTAACTTTTTCATTGATTTTCCTCCATTTTTTAGGCAAAAACAAAAACTTTTTTCCAATTTTAATGATCTTTATATTTTTCGTTTCGGCGATCAATGATGATAATTTCTGGATCGTCCGAGATCTTTTTTCCCTCTAGATTTCGGTGATTCTCTTTTTGGAACTTCTCCGAATGCTCTGGGGTGACTGCGGGTTGACGAACAATTGTTTCCCGTTCAATTCTTGCCGCTTTTCCGTTGGATTCAACCGGATTTTCTATCTCAACGCGAGGGGTTACAGTTTTTCTTTCTTCTCGTTCCATAATTTCGGGGCGTTCTTGATGTACAACTTTTGGTTTCACGGGCGGCGGCGTGATATTCGCTCTTTCTTGACGTCGTTGTTTGGGTTCGAGCGCTTCCGGTTGTTGAGTGTATTCAACGGGGTTCTCTGTCTCGACTGGCTGACTGTATTCGACAGAGTTGTCTGTCTCGACGCGAGGATTAATGTTTGTGTTTTCTTCGGGTTTCATAACTTGTTTGGAATGTTCTTGGTGTACAACTTTTGGTTTCACTGACGATGCAGTGGTGGCAATTTTTTCTGGACGTTGTTTATGTTCAATCACTTCCGGGTGGCGACCATTGGATTTAACCGGATTTCTTGTCTCGATGGGAGGGGTGATCATCGCTCTTTGTCTTTCAATTTCGCGATGGTCTTGG
NZ_CP178543.1_gap41	1724918	1726379	1461	AACCGTAGATAGTGAAACGGTTCGCCTGCTGGCTGAACGATTGGAAGTCAAGCATGATCGCAAAAAAATCGGTGAAGTTATCGTTCGTAAACAAGTTGAAACCGAAATCGTTGAAGTTCCAATTCGACGGGAAAAATTAATTATAGAACAAGTCGGCTCGACCGATAAACCTTTAGCCGAAGTTGATTTATCTCGGGGAAAAATCCAGGGAATTGAACTAGAACAACTCAAAACTAAGCCGCATCAAGTCACCGTGAAAGGTGAGTTTTTGTCTTTAAAAGCCGCCGCCGATTTATTACAAATCATTGCGATGGAAGATGCTCACGGATGCGCGAAAGTTCGAGTTGAATTGGTTCTCGACGATCCGCAATATCAACAACAATATCAAGATTTATTCGACCGCTGTATTAATAAGTCGTAGTTCGTTAATATTTTCATCAATTCTCAGTGTTGAGGTCATCAGTCATGTGGATAGAAAGATTAGCTCGTTTTGGATATGCAACCAAAGGAGCAGTTTATGGATTAATTGGTTTATTAGCATTAATGGCTGCGTTTAGTTCGGGAGGAAAAACAACCGGTACAAGAGGTGCTTTGCGGACAATTGCCGCCCAACCTTTAGGACAAATATTATTAGCTTTAATTGCCGTTGGTTTAGTTGGATATGCCATCTGGCGAATTGTAGAAGCCATCCAAGATCCCGATCGCAAAGGTTCAGATTTTAAAGGAATTGTCACCCGAATCGGTTATATTATTAGCGGTTTAATCTATGCGAGTTTAGCCTTTAATGCGGCTTTATTAGCCATCGGAGCGGGCGGAGGAGGAGGAGGAGATAGCAAACAAACTTGGACGGCTCGTTTACTTTCTCAACCCTTTGGTCAGTGGTTAGTCGGGACGATTGGTGCAATTCTTATCGGAATTGGTTTGTATCGAATTTATAAAGCCTATCGGATCAAGTTTCGCAAAAAATTAAACTTAAGAGAACTTGATTATAAACAAGAAAAATGGGTGGTTAATGTCTGTCGCTTTGGAATTACGGCGAGAGGCGTTATTTTTATGATGTTGGGTTTCTTTTTAATTCAAGCCGCCCGACAATTTGATCCCAGTGAAGTACAGGGACTCGATGGCGCGTTACAAACCTTAGCACGCCAGCCCTATGGTAAGTTTTTACTGGCAATAGCGGCTTTTGGTTTGGTGGCTTATGCCGTTTATATGTTTGTACAAGCTCGTTACCGACAAATTCAAACCTATTAACCCCCAAAATCGAGTAAGATGACAACATCAAAGACAACTGTAATTTGATTAATTAATCTAATGCCACAAGGTTTTTTATTGAGTCGGGTGTTACTGCGGTTTGAGGATAATTCCGATGATTTAGTCGGCGAACTCTCAGCCGCAGCCATGACCCCAGATGGTAGTCTGTGGGTGGGTTCTGATGAGTTGTTGGGAGTCGAGAGACTGTCC
NZ_CP178543.1_gap42	1728105	1730712	2607	CCAAAACCGAACGTCCGTAGGGATGATGAGTGTAAACCGTTTCCATCAAGGACTGAAACTCAATCCAATCGACATCATCTTCAGCCTGACGAATTTCTTCTAAAACCACATCCCGCTCTCGGATAAACTCATCATCAGGAATTGTGGCGTTTAGGAGTAATTCGGCTAAAGTCGGTAAAGTTTCTTCGAGGTATTGAGAAGCCGTTGTAATGTAGAAATGAGCGTAGTCGTGACTTGTAGCGGCGTTGGCGACTCCACCCCGACTTTCAATCACCTGATCGAAGATTCCCGGAGCAATTTGATCGGTTCCCTTGAAAATCATATGTTCTAGGAAGTGAGCCATACCAGACCAGGGTTCAGGCTCTTTTCTGGCTCCCGCTCCCGTCCAAACATCAACCACAACCACAGGAGTTGCAGAAATCTCCTGATGAATCACCGTTAATCCATTGTCGAGTCGAAAAATCGTAGCAGGAAACTCTAAAGCGCTTTGCTGTTGAAACAATTTGATTGAAGTTAAACTTAACTTAATTTTTTGCTAATCCTTTGATAATATCGCCTTTGAGTGCCGTGATTTGAGTATTTTGATACAATTTTCTCAAAACTGTTAGAAATCTTCACAAAAAAAATCATCCCAGGAGTCTGTCAAGATCGATGAGATCAGCCTTGAATGTCCTGGGAATGACTCAATACACAAAACTTAACGACTTCTAATTAAACAATCAGATTGGGATCGGGAGTCGGAACAATAGGAGCCGGAGTCGCGTTCGCCAGAGGATCGAAACCTCGGACGCGGATGGGGTCTGGGTTGATACCACCGCCCGGTTGAGCAAATTGGTTCTCGGGCGGGAACGGTTCGAGATTGGAAAGTCCGAGCGTCCCTTGAGCGGCCTCGCCAAAATCGAGGGTATAGGCGGGAATTGGAGTTGTTACGTTCTCCAGATCGTCGGTTGGTTCCACTCGCAGGATATAAGACTCTTCTAGGGAAGCCAAACCCGTTACCGGATCGATCGGCAGGGTCGGGGGTAAATTCCGAAAGATAAAGTTTCCGTTGAAGTCGGTTGTCGTGCTGGGTTCCTCGTCTCCAAGTTGACCATCTTCATCGAGGTCGAGGTAGACCGTTGCACCCTCAACGACCTCGTCGGTCAAACCCGTGAGCGGATCGACATCTAACAGGGAGTTGGCGTTCAAGTCGTTGAAGACCACACCGGAAATACTGTTGGGTACGGGTGTAATTCCTGCCGCATTGAAGACCAGTGTAGAGTTGACTTGGCGAGCCTCATCCGGAGGAATGGTAGCCCCAATTTCACCCGGAACCAAGCCCACAGGAGGAACTGGAGAGGTAAATACATAAGCCGACGAAGGTAAATTGTTACCAAAATCTAGGATAAATCCCCGAGCAAACCGTTCGGGTTCTTCTCTTTCAATGAACTGAGCGAAGGGGTTTTGCGGATCGTCGGCTCCTGGAATAGAAGTATCTAGATTGGAAAAGATGTAGAATCCATCGTCGTCAGTGGTTACGCTGCTAACATTCCCATCTCCATCGAGAATATCAATGTCAATTCCCGCCTGTCCGGGTTCAAAGGGCTGCGGCTGACCATCACCGTTGAGGTCGCGGATCACACGACCGTAGACGCTATCCGGATCGATAACGGGGATGTCCACTTCATTGACGGTTGCCGCAGCTACCGGAGCAACAATCGGGTTATCTCCCAGCACCTCAAACCCGCCGGGAAGTTCGGTTCTCAGCAGATAAGAACCGGGTAGCAAGTCTCCAAAGAAATAGAAACCCGCTTCGTTCGGTTCCGAAAAAGGTTCGCTGAGTTCGCGGAAACCGCTGTTATTGAGGTCAATGTAGACAATTGCACCGGGAAAGCCATCGGCTAGCGTGGGTTCACCGAGTTCCCCAAATGGCTCGTAGATTTGATTTCTGTTGTTGTCAACGTAAACCGCACCGCGAATCACTCCAGTTGTGGCAACGGGGGTAGGGGGTGGGGTGGGATTAACGTTGAGAATATTGACATCAATCCGCTCGTTGGGATCGCCTGTTGTTGCCAAAGATAAAGGTACACCGACGGGTTCATTGAAACCGGCGGGAGTAACCTGATCTAGGGTAAAGGTTCCTTGCGGTAAATTCGTAAAGGTATATTCACCCAGATCATCCGTTAACGTGGTTAGTTCACCACCCTCGGGTATGCCATCCCCATCAGTATCAGTACCCGGATCGGGTACACCATTTCCATTTTGATCTAGAAATACCGTAACGTTGCGAAGACCTTCGCCGAGATCAAAAACACCATCGCCGTTAATATCCTGAAATACTGATCCTCGAATAGTACTCACAATTTAACTCCTCCACCAAAGTATTGTACGAAGACGAGTCCCGCAGGACTGTATAAAGTTGCAACCTAAATGGTATCGTACATATGCGTTCTCAAAAATCTAGAGTGAACTGCATTCAACCCAGACCAGAACGCGATCGCGATCGTAGGCAACTATACCAGACTTTTCGGAAATCTGGCAATGCGTTCGGATCGCCTATTGTCCTATAATGGATCACCTTTGCCGATTCCCCCAACCAAGAATTGTCATTGAGTGGCAATTACCCAT
NZ_CP178543.1_gap43	1735084	1738287	3203	CGCTTCACAACGAGCGGGATTTTTAGTATTATTATCAATCAGTCTTAACCCGGTTCAGGTAACGGTGCTGCATCTCGTTCTGCGATCGCCCGACGTAAAGCATAGCGGGGATTAAGATTTTCACCGGCCCAACCCGTAAACGTCCAGACCACCGCCCGACTCACATCTCGCGCAATGCGAACCCCCGACTCAGAAGGATAACCTTCAGTCGGAATGGAAACTGGAGTAAAAACAATCCCTTGACTCCCCAAAACAACAGAAGCGATCGCCTTCGCCCGAGACATATGAAAATCTGAAGTGATCAAATAAACATGAGAAATATCCCGTTTTTTCAAATCCTCAACCAAAGTTGAAAAGTTCGTCACCGTGTCAACGGCGCGATAGTCGAGATGAACTCGCTCCAAGTCAACCCCTGCTTTTTGAAAAACCTCGGTGGCGCTGCGCCGATCCACACCCGATGACACCCAAACTTCTAAATGATCGTGTTGTTTGGCAAACTCTGCGGTAAATTCTTCTCGATTTGGACTTCCACCCAACATCAGAATCCCTTGAGGTTCGGGGGCGGTATGAAGTGCTAAAGTGGATCGAACTGAAATCACATTTGCTAAAGTTGTTAAGGCAACACCGACTGATAAGGCAGACGTTACGCCTAAAGTGGGTAGATTAATAGATCGAAAGAGTTGTTTAATATTCATATGACTCTTTTTAACCGACTTGCTCCCGTCAAAACAGCCTCTAAGTATTCTTAGAAATCGAGATGCACAAATTTCGCTAAACTCTGTTTAAATACACTCCCACCCTGCTGCTGTAATCCCTTGAGAATCTATCAAATCCCTGTTTCTAAGATAAAATTAAAACCTGAGCAGTGACTTCCCCAATTGAGAGGAAAAATGCTCACCCGATACGAGCGAAATCACACTGCTTTCATCTATCTATTGAAACAAATGCCAACTCGAGTTAATCATTTGTGGCGTCGATTCTCAATCATTGCAGTTTGTGCAACTGTTAACACATTCGTCTGTTTAAAATGGGCAAACGCCACAGGTTCTCCTGACACAACCTCGACATCGGATCGCTGTTCGTTAACCCCAAGACGAGAACGTGATCTCCTCTCCACCGAAAAAAAAATTGCCACAGACACCAGTTTAGCGCAACAACTGGCAAATACCTACCTAAAACGCGAACAGGTTCCCGCCCTCAGTGGCGAGATGACCTTACCACAGGGGATTCTCCTGCAAAAACAATTTGTGGAAATCCTCACTTCCCATTTAGGCCCAGTCGTCGGTTACAAAGCCGGACTGACAAACCCCGTCGCCCAACAGCGTTTAAACGTATCCCATCCCGTCCGGGGCGTTCTCCTCAAACAGATGTTACTCGATAACGGCGCCGTTGTCTCCCCAAATTTTGGGGCCAGACCTCAGTTTGAAGCCGATTTAATGGTTCGAGTCGGCGATGATAGCATTAACCAAGCCACCACTCCTCAAGAAGCGCTTGCCGGTTTAGATGCGGTGATTCCGTTTATCGAACTGCCCGATTTAGTCTATCAAAGCGATGTTAAACTCAACGCAGGCGCTCTAGTTGCGATCAATGTTGGGGCGCGTTTGGGCGTCTTGGGTCAACCTATCCCTTTGGAAGCGACACCCGAATGGGAACAACGCTTAGGAAATATTCAAGTCATCATGTTCGATGACAACGGAAAAGAACTCGCCCGGGGCGAAAGTTCAGCTTTACTCGGACATCCTTTAAAAGCCGTATTGTGGCTACGAGACGACCTCAAAGCCGCCGGGATACGCCTTAAGCCCGGAGATTTGCTCTCTCTCGGCACGATTACCCCCTTAATGCCCGTTCAAGCAAAAACTACCATTCGCGCCCGTTATATCGGCTTAGAACCCCAACCCGTAGAAGTTTCGGTTCGTTTTTCAGAGGGAATGGGGGAAAGGCAATAGGCAAGAGGCAATAGGGGGAAGGGGAAAGGGGAAAGGGGAAAGGGGAAAGAGTTTTTTCGATGGCTTCTTTCCTCCTGAACACAGGAACTTCTGACTTTTGACCTCACGACTTCTGAGACAACCCCAGTCGTCTTTAGGTCGGTATAATCAAAAACAAGTTGAAATTGATCGCATATCGAGTCACCAACTGAGTCAGTCAGCAGTTATAAATTGATGAAAGTAGCAATTACCGGAGCAACAGGATTTGTCGGGACTCGCTTGGTCGAGCGACTTCACGCAGAAGGACATCAGGTGCTAGTGCTAACCCGCAACCCCGAACGGGGTCGGCGAATTTTTCCCAATTCAGCCTATCCGAATTTAGAAATTGTCGGCTATACTCCTACAGAATCCGGATCTTGGCAACAAGCGATCGCCGGGTGTCAGGGCGTGGTTAACTTGGCGGGTGCTTCTATTGCGGAGGGACGCTGGACCCCCCAACGCAAACAAGAAATTATCAACAGTCGCGCCCAAGGGACCGAAAAACTGGTTGAAGCCATTCTACAAGCCGATCCCAAACCCTCAGTGTTAGTCAATTCTTCGGCAATTGGCTATTACGGCACCAGCGAAACCGCCACTTTTGACGAAACCAGTCCGCCAGGAGATGATTTTCTCGCCCAAGTGTGTAAAGCTTGGGAATCGGCCGCCGAAAAGGTAAAAACAGCACCTACCCGCCTGGTAATCGTCCGCACCGGAATAGTATTGGGAATGGGAGGCGCCCTGGCGAAAATGCTGACCCCGTTTAAACTCTTTGCCGGTGGGCCTTTGGGTTCGGGAAAACAGTGGTTTTCTTGGATTCATCGGGATGATTTGGTGAATTTAATGATTTTTGCGCTGACTCACCCGGAAGTCGAAGGGGTGGTCAACGGTACCGCTCCCAACCCGGTTCGGATGGAACAATTGTGTAATACACTCGGAGAAGTTCTCCACCGTCCCTCCTGGCTACCGGTTCCCGATTTTGCGTTAGAAACCCTGTTGGGAGATTCGGCGAAGTTGGTTCTCGAAGGTCAGCAAGTCATCCCCAAACGGACGGTATCCTACAATTTTAATTACCAATATCCCACCGTTAAACCCGCTTTAGAAAATATTGTCCGATAGTAGTATTATGACTTCCTCTGACTCCCCCGACTCCTGGGATCTCAATCGCGCCCGTCGCAGTCTCCGACAGGCGATAACCCGCTATTCTCACAAACGACGCCAGCGACAAAACGCGCCGGAATT
NZ_CP178543.1_gap44	1764055	1764810	755	GAGAAAAGAATTGATCGAAAATAGAATTAATAACTTTAGATTTAATTGCTCGAAAAGAACCTGTTAATAAAACTTGAAGATTAAAGATCAGAAACTCTACTGTTATTTCTGTCAAGATTTTTTTTGACCAGAGATTTATCTGGGGTAAGTTTCATCATTCCAAAACTGCATCAATCTGATTCCAAGATTCGATTTTACCCTTGAATTTTGTCACCTTTTCCGAGAAAATATAGTCAGTGAGTTGTTCGGGTGAAACGCAACATCACTGTTGAGGTGTCGCAGAGAAAGTCTAGACTAGAACCCCGAGAAAGGAGGGACTATCCGAGGACGATTTTTGCACCCAATCACATTCTGTTTGGGAACACCAGTGTAAAACGAGTCATGTCACTTAAAAGGCGGGATATGGAAAACACAACCAAAAACAAAAAACATTCTCAAGATTTCCTCGTAGATATCGGTTATGAGGAATTTAATTTTGATCGATGGGCAAAAGCGGTAAAACCTCAGTTAATTGCTGCTTTGCGAGGAAATTTCACGGTTACTCCCAAACAATGGAAGGAGTTTGAACGCAAACAAGACTGATGGTGTCTAACATTTTTTTTTTGCCTTCTAAAATCTATTGAATTTAAAAAGAAAACTGATTAAAACCCATTTGACAAAATCTCATCTCTAGCAAACAATCAAGCTAGAGATTTTTTATCGGTTTAAAATGTATAGCGTCGAGTTTTCATAAAATCAATCAAAATGAATCAAGT
NZ_CP178543.1_gap45	1830423	1833258	2835	GTTTAATGGCGGTTTTCCTCGACCCGATGAAATCGACCAGCAAAAATCTTAATGGGCTTGTAGATAATCTTCGTTCTGTCAGTGGCAATTATCCGGGGTATCGCTTCCTCGTTCCCCGTCGGGTTTCGATTTTCCGCTTTCCGGGAAAGGAATTTGAAATTCAACTGGTGGGTCAAGACTTGAACCAATTGGATCAAATTCACCAAGATTTAATGGGGCAGTTACGACAATTACCTGGAGTTCAGAACGTTCGTCCTGACTTCGTGAATGGGGCGCCGGAACTGCAAGTGATTCCGAACCGAGAACGGTTAGCCGAGGTGGGTTTATCGGAAGCGGAATTAGGACGGGTTGTTGAAGCGGCTTTGGGCGGGTTGCGGGCTTCTAAATTTGTCGATGGGAAGCGCGAACTCGATGTAACGGTCGAACTCAAAGATACTTTTGTTGATACGCCCGAAGATTTGCGTCAATTGGCTATTTATGCAGGAGATGGCCGTCAGGTTCAACTGACAGATGTGGCTGAGGTGGTGGAAACGACCGGGGCCGGATGCGATCAACCATGTGGACTTGGAACGTTCCATTACCCTCACAGTGGGCTTGGAACAAACGGCTTCTCTCGCTGAAACCATTCAATTGGCCCAAGAACAGGTTTTGATTCCCCTGCGGGAAACGCTACCGCCCGGTTTTCGAGTGGAGTTGGCGGGTTCGGCTGATATTCTTTCGGACACTCTGTTTCAACTGGGGTCAAGTTTTGTTCTGTCTCTGGTGATTACTTATTTGTTGTTGGTTGCCCTGTATCGTTCTTTCCGATATCCTGTGATTATTATGATCACCGTACCGATGGGGATTGCCGGGGCGGTGTTGAGTTTGGTGATTGCCAACGCCATTCCCGGTGTTAACGTTCCTCTGGACATGATGACGGGGTTGGGGTTTGTGATTTTAACGGGGGTTGTGGTGAACAATGCTATTCTTTTGTTAGACCGCACCTTACAATTGCGCCAAGAACAGTCTTTAACTTGGGATGATGCCCTTTATTTGGCGGTTAGCGATCGCCTACGACCGATTTTTATGTCTGCGGGTACGAGTGTATTGGGGATGTTACCGCTTGCCGTTTTTCCCGGTAAAGGGGCGGAGTTGTATCAAGGTCTGGGGATTGCTTTGACGGGGGGATTGGCCTTGTCAACGGTATTGACGCCAACGGTTGTTCCTGCGTTGGTTCGGCTGATGGAAGATTGGCGAGAGATCCGAAAACCCCGGTCTTCTATTGTTCGGACTCGGGATGCAAAAGTTAAGCCGGTTAAAGAAAAAGTGGGCGGTCGAAAGTAATTGTTTAATTTTTGTAGAGGGTTTACAGATTAAAAACCACCGGGGATAAGTCCCCAGTGGTTCAACTTTTTGACAGCTAGACTAGGAAGCGCTAGCTGTTGCTGCTACGGGTTCAGTTTCGGGGACGGGATAGACACTAATTTTCTTGCGGCTTTTTCCTTTGCGTTCAAAGGTAACAATGCCATCAATTTTGGCAAATAGGGTATCATCTCCACCGATACCAACATTGTTACCGGGATGATATTTACAACCCCGTTGGCGAACTAAGATATTACCCGCACGAACAACTTGACCGCCATAACGTTTGACTCCCAACCGTTGGGCGTTTGAGTCGCGACCGTTACGGGTGCTTCCTGTACCTTTCTTATGAGCCATGATTTCCTCTGCAACAGTTGACTTTACTATTATTATGTGCTTTTAACGGCGAGGGTTGAGGCAATTAACCCCAGTCTCGCCCTTTGATTTTACTCAGATTCACCGGCGCCGGCTTCGGAGGGGGACTCAGAAACGAGTACGGGAGTCTCCTTTTGAACATCGCTGCTTTCTGCAATGACAGAACCGTTGAGGGCGATGGAATTGATCATCAAACGGGTGATCTCCTGGCGGTGTCCCCGTTTTTTCCGGGTTTTCTTCTTGGGGCGCATCTTGTAAACGATCACCTTGCGTCCCCGAAAATGACGTAAAACCGTACCTTCTACTGTCGCACCTTCGACCCAAGGTTGACCGACGTGAATATCGTCTTCGTGCTTGACCAACAGAACTTTATCGATGGTCACTTTTTCGTCAGCTTCAACCGGAAGCAATTCTATATCGTAAAACCGACCGGGTTCGACTCGTACTTGCTTACCGCCCGTTTCAATAATCGCGTAACTCATGAGATTATGATTAAATTTGGCCGTACAGGTAGCTGGCGGGGTTTCGGTGTCAACTCGACTTTAAATAACCCGACCGACGCGATCGGGTCGCTTAAATTCGATCAACCGAAGTACACCGTGCCAACATTTGTTAATGTCTCAACCTGATCCGAGCAGGGATTAGACACAATCTATTATTGTCTCAAGTTATGCGAATTTTGTCAAGTCTTAGTTTGGAAAAGTCGATCAGGATTCTGTGGATTTTTCTGAAGCTTGATTGACGGCGAAAAAGTCTAAATCAATGGCTTCTATTCCTTTATCCGACCACAATTGTAACATCGAACCGAGTTGAAACCACATTAGAAAAGCGGTGGGAACAACAACCGCAACCGCGATCGCCGAAGCCAACCAAAAAATTTGAACAAATACCGTTAAACTCAGCGCCACCGAGAACAAAACAAATAAACTCGTCAAACTGTAAGCCAAAACAATGTTACCTGTTTTGTAATTAATTTGGGATTTGGCGTCGGGATTTGCCGTCCACAAAGCAACCTGATATTCTAACATATCTTTAAAGATTATCCCAAGCATAACAGCCAAAAATGTCGTCGCGACAATCAGGCTGTAGATAGGAGCGATCGCCGAAGATTCTGAGTAC
NZ_CP178543.1_gap46	1949082	1953785	4703	TCGGCTCTAGCACAGAAGCAAATCTAGAGCGAAGTCCGACAAACTCAAATGTTTTGACTTGACTCCCCAAAAAGCGGTTGAGGTTCTGTGATCTCAACTGCAAGAGCCACGACCACCGAAGCGACCGAGACGAACCTCAACTCAATTATGAGTCTATGGAGTGGGTGGAAGCCTTTCGGGACGCTCACGCTTGACACTTGGGGCGTGCGCCGGGAGTAACAACAGGAGAACCAACGCAGTGATTGAACTGCATCTGCTTTGAAGAATAACTTCACGTAACGTATTTCACAGGAGAAATCAGTGTGGCACGTATAGCCGGAGTAGACCTTCCACGAGATAAACGTGTTGAAATTGGTCTAACTTACATTTACGGAATTGGACTGTCACGGTCCAAAGAAATTTTGGAAGAAACCGGGGTTAATCCCGATACCCGAGTCAAAGATCTCACCGATGCGGAAGTCGCCGCCTTAAGAGCTCTAGTTCAGAGTAAATATCAAGTCGAAGGGGATCTCAGACGCTGGGAAGCAATGAACATCAAGCGTCTGATGGATATTGGCACCTATCGGGGTCGCCGTCACCGTATGGGCCTGCCTGTACGCGGCCAGCGCACCCGCACCAATGCCAGAACACGTCGGGGCGTCCGGCGCACGGTCGCAGGTAAGAAAAAAGCTAGTTCGAAGAAATAGGGTTAAAACTTGCTGGCAACCCAATCCTCTGCTGACAAGCTCTAGGTGGGTGATAGAGACAAATGAGATCGCGTTAGAAATGTAACTATGGCAAAACCATCCAAAAAATCAGGAACCAAAAAACAAAAGCGGAATGTACCCAACGGGGTCGCTTACATTCAATCAACCTTCAACAATACCATCGTCACGATTACCGATCCCAACGGCGAAGTGATTTCTTGGGCCTCCGCCGGCTCGACCGGGTTTAAAGGCGCGAAAAAAGGGACTCCCTTTGCCGCACAAACGGCCGCCGAAAATGCCGGACGGCGGGCCAACGATCAGGGAATGCGACAAATTGAAGTGATGGTTAGCGGGCCGGGTGCCGGTCGAGAAACCGCTATTCGCGCATTGCAGGGGGCGGGATTGGAAATTACCCTGATTCGAGATATTACACCCATTCCTCACAACGGTTGCCGTCCTCCGAAGCGGCGTCGCGTCTAGGAACGGAACTCACAGTGCGGGGATGGAAATGGAAAATGAAAAATAGCCGGACTGACATTTTTCATTTTTCGCTTTTAATCAAATACACTTCGGGGTTCAAAGGAGAAGGGAGGTCAATCGGTGGCGCAATTTAAGATTGAGTGTATTGAGTCAAACACTGATACAGACCGGAGTCAATACGGTAAATTTGTCCTGGAACCGCTCGATCGCGGCCAGGGAACAACAGTTGGCAACGCACTCAGACGGGTACTCTTGTCAAACCTAGAAGGAACGGCGGTCACGGCCGTTCGGATTGCTGGAGTTAACCATGAGTTTGCCACAATCTCAGGGGTAAGAGAAGATGTATTAGAAATTCTGCTCAACTTGAAAGAAATTGTTCTCAATAGCTATTCTAACCAAAGACAAATCGGTCGTTTATTGGTTCAAGGGCCGGCAACGGTAACAGCAGGTCACTTTGACCTGCCCTCAGAGGTCGAAGTCGTAGATAAAAACCAATATATCGCGACCTTATCTCCAGGAGCAACCTTGGAGATGGAATTTCAAATCGAAAAAGGGACGGGCTATCGGGCCGTAGAACAACGGAATCGCGATGAAACAACCCCTGTGGATTTTTTACAAATCGATGCGGTGTTCATGCCGGTTCGCAAAGTCAATTACACGGTAGAAGATGCGCGGGTGGGGGGTTCGCTGGAAAAAGATCGGTTAATTATGGAGATCTCGACCAATGGCAGTCTGAGTCCCCAAGATGCCCTGAGCCAAGCGGCAAACATCTTAGTAGACTTGTTTGTTCCGCTCAAGGATATCACACTCGATATTCACAAACCGGATCAGAGCGATGATATCGATCCGACCAGTCAGATCCCCATCGAAGAACTTCAGCTATCGGTGCGAGCCTATAACTGTCTCAAACGCGCTCAAATCAACTCGGTGGCAGACTTACGGGATTATACCCAAGAAGACCTCTTAGAAATCAAAAACTTTGGTCAAAAGTCCGCCGAAGAGGTGATCGAAGCCTTACAAAAACGCCTGGGGATTACCTTACCTCAGGAAAGAGCCAGCAAACCCTAGTCGGGGGATGGAAAAAAGGCAATCGCAGGGGAAAGCAAGCGGCTCGCTCCCCTGCTTGGCTTGAGAAAAACAAACAGCCAAGCCAAAAATACCTCTCAATTTTTTTGAGTGATCACATTGAAGTCGTTAATCGGAAATTGTTATGCGTCATCGTTGTCGTATTCCCAAACTGGGTAAACCCGCAGACCAGCGCAAAGCCTTATTGCGAAGTCTGGCAACCGAATTAATTCGTCACGGTCGAATTACCACCACCAAAACTCGGGCCAAAGCCGTACAATCGGAAGCCGAAAAAATGATTACCCTGGCCAAAGATGGCTCCCTGTCCGCCAGACGAGCCGCGATGGGTTATCTCTACGATAAACAGCTTGTACACGCCCTGTTTGAAGCCGCAGCAGAGCGTTACGGCTCCCGCAAAGGCGGATATACTCGGGTCGTCCGCACCGTGCGCCGTCGGGGAGATAATGCAGAAATGGCGATCATCGAATTAGTTTAACCTCGAAATCGACCGAACTTCATGGCGCGAGACGGACACAACACAAACCCAAGGCATGAACGGGACAACACCAGAAGCGCTCACCGAAAGCCAACACCCGGACTCAACTGACCGCAAACGAATTGCTCTGGTCATTCAATACCAGGGAACTCATTTTAACGGTTGGCAGCGGCAACCCAACGGACGAACGGTGCAAGAAGAAATCGAAACCGCATTGGCCAGTGTGGTCAACCATCCCGTCACCTTACACGGGGCCGGTCGTACCGATGCCGGAGTTCATGCGGCCGCTCAAGTGGCCCATTTTGAAACCGACGGGCCAATTCCCGGCTATCGCTGGGCGACCATTCTCAATCACCGCCTGCCGAGCGACATTTTAATTCGCGCCTCGGCCGAAGTCCACAACAGTTGGCACGCTCGCTTTTCTGCGGTGTGGAGACGCTATCGTTACCTGTTGTATACCGAGTCACGACCGAACTTGTTTGTCCGCCCCTGGAGTTGGCACTATTATCATGCCCCTTTGGACGAAAACCTGATGCAAGCCGCCCTAGACCCCTTGCTCGGACGTCACCATCTCAGCGCCTTTCAACGGGCCGGCACCCGCCGCCCTCACGCCTGGGTAGACGTGCAAGAAGTCTCCTGTCAGCGAAAAGGCCCCTTTATTGAGATAGAAGTCCAAGCCAGCGGCTTTTTATACGGGATGATGCGCTTGCTCGTGGGGTTATTAGTCGAAGTCGGTGCAAAAACGCGATCGCTGGAAAACTTCACCCAAATTTGGGTAGACGAACGCCGAGAACTCGTTAAATACTCAGCCCCCGCGATGGGTCTTTGTTTGCTGCGAGTCGGCTATCGGGACTTTCCCTTCGATCGCGAGGTTTGGTTTAATACCTATCCCGAGTATGTCTTTAACCCAACCCCAACCGATGAAACTGCGACTCATTATTCTTAACCCCCGATCGCCTTACCCATATTCCTGAATTTCCAGCCCCAATTCCTGGATATCTCAAAGCTAAAGGATAGCGAAAAATGACAACAAAAACCTACCTTCCCACCCCCGATACTCTCGAGCAAAAATGGTATGTCGTCGATGCGGCCGATCAGCGGCTCGGTCGGCTTGCCACGGAAATTGCTAACATTATTCGCGGCAAAAAAAAGCCCACTTATACCCCCCATTTAGATACCGGGGATTTTGTGATTGTGGTTAATGCCGAAAAAGTGCAAGTCACCGGCAAAAAATCCTCCCAAAAACTGTATCGCAACCACTCCGGTAGACCGGGAGGAATGAAAACCGAAAACTTTGCTCATTTGCAAAATCGGATTCCCGAACGAATTATCGAACAAGCGGTTAAGGGAATGTTGCCGAAAAATGCTCTGGGGCGACAACTGTTTAAAAAACTGAAAGTTTATGCAGGTCCCGATCATCCCCATCAGGCTCAACAACCCGAAATCCTTACTGTTAACACCATTCCTACAGGAGATAAATAATGCAAGCAACTGATACCGATCGCGCCGTCTATTGGGGAACCGGTCGCCGTAAATCCTCGATCGCCCGAGTTCGTCTGGTTCCCGGTACCGGACAACTGTTAATTAACGGTCGAGATGGCGAATCCTACTTACAATTTAACGCCAGTTATGTTTCCTCGGCTAAAGCCCCTCTGGAAACTCTCGGCTTAGAAAATGATTATGATATTCTGGTCAATGTCCAAGGCGGAGGATTAACCGGTCAAGCCGAGTCTATCCGTCTGGGCGTGGCTCGGGCGTTGTGCGAACTGAGTCCCGACAACCGCCAACCGTTGAAAATTGAGGGCTATTTAACTCGCGATCCCCGTGCGAAAGAACGGAAAAAGTATGGGTTACGCAAAGCCCGTAAAGCGCCTCAATACTCGAAACGATAAACCCACACCCCCAACGACGGGTGATAGACGACCTCCGATGGAGAAACAGGGACTTCTAAGAAGTCTCTGTCTGCTGTGGGATTG
NZ_CP178543.1_gap47	1959555	1963021	3466	ACAAACCAGTCATTTCAAGGAACCGTGTGTGGGATCATCTAGCCAACAGACGATTGTGCATCACTCAAACTAATTCCTTTTTTTCAAGACACTGTTATGATAGTCTTCTTTTAAAGATTAGACTTAAATTAGCCTGCTTTTTATTCGCTTACATTGAAAGTAAAAACGCAGCTATCAATAGATGTAAAAGAACGACTCTATGCTGATTAGTATTTGGAATAAATACGTTTAAATGCTAGAGAAATTAAGTACCATCTCCCAAGGAGATAGTAGTATTTGTGTGGCTGTTTTGGATGGTCCTGTTGACCAAAATCATCCTTGCTTCCAAGGCGCAGATCTAACCTATCTTCCCACCTTGGTTCAAGAGGCTCCTAGAATTGATGGCAATATGTCCATGCACGGAACCCACGTTGCCAGCATTATCTTTGGGCAACCGGGCAGCCCAGTGCAGGGAATCGCTCCCCATTGCAAGGGGATAATCGTGCCGATCTTTGCCGATGACCGCCGCAAGACTTCCCAATTAGATTTGGCTCGGGGAATCGAGCAAGCGGTCAATGCTGGAGCCCACGTGATCAACCTCAGTGGAGGTCAACTGACCGACTTTGGCGAAGCCGATGGCTGGCTAGAGAATGCCGTTCGTCTGTGCAGACAAAATAACGTCTTGCTGGTCGCTGCGGCTGGAAACAATGGTTGCGATTGCTTACACGTACCCGCAGCCTTGCCCTCGGTGCTAGCGGTCGGGGCGATGGATGGGAATGGCAAACCCCTCGACTTTAGCAACTGGGGCGAAACCTACAAAAACCAAGGAATCCTGGCCCCTGGCAAAGACATCCTGGGGGCGAAACCGGGTGGTGGCACCCACCGCCTGAGTGGGACAAGTTTAGCCACGCCAATTGTCTCCGGTGTAGCAGCCGTGTTACTCAGTCTTCAACGGGAGCAAGGAGAAACCCCCGACCCCCAAAAAGTTCGTCAAATCTTGTTGCAGAGTGCCTTACCCTGTGACCCTGACTTGCCAGAAGAAACCCGGCGGTGTCTGGCAGGCAAACTGAACGTCTCTGGAGCCATAACGTTAGTAAAAGGAGGAAAAATGGCTGAGGAATTCACATCAGTCGAGGTATCAGAAGTACAAGCCGCAGGCTGCGGTTGTGGTGGCGGTCTAACCAACGCAGGTGAAGCCACTGCCGCCCAGCAAGAGCAACCCGCTCAAGGCTCGGTTGCAGCAGCCAGTCCAGCAGTTGGGGCAGTTCCGAGCAACAGTCCTAACTTGCAAGACTTGATTCAATCATTGCCCACCCCTGTAACTCAACAACCCATGATGCCCAACTTTACTGCTAATTCCGTCACTGCCAGCCAAGCCCCCAGCGAACTTGCCGACATGGGTCAGCTTGTCTATGCTTTAGGAACCCTCGGCTACGACTTCGGAACAGAAGCACGCCGGGACTCATTTAAACAACTCATGCCTCCCTTTGATTTAGGTGGAGGAGTGATGGTTCCCGCCAACCCCTACGACGCCCGTCAGATGGTGGACTATCTAGGGGAAAACATCTCCGAGGCGCGATCGCTGATTTGGACATTGAACATTGAACTGACTCCGGTCTATGCGATCGATCCGGCTGGCCCCTTCGCGGCGGAAGCATACCGCGCCCTTCAAGAACTCCTGGCAGGTCAAATCCAACCGGAAAACGATGCCGAATACGTTGAGCGCGTTAGTATCCCCGGTATTTTAACTGGACGTAAGGTCAAACTCTTCTCCGGTCAAGTCATCCCGGTGATTGAACCCCAAAGCACTCGTGGCCTCTACGGTTGGAAAGTCAACAACCTGGTCAGCGCAGCGATGGGCGCGGTACAAGCTGAAGATGGCACTGCTGACGAAGAAACGATCCGCAAAACCTTGGATGGCTTCCTCAACCGCATCTACTACGACCTCCGCAACTTGGGAACCACTTCCCAAGACCGCGCCCTCAACTTCTCCGTTACCAACGCCTTCCAAGCCGCCCAAACTTTCAGCCAAGCGGTAGCCGTTGGCATGGAACTCGATAGCGTGACGGTAGAGAAAAGCCCCTTCTGTCGGATGGATAGCGACTGCTGGGATGTGAAGCTGAAGTTCTTCGACCCGGAAAACAGCCGCCGTGCCAAGAAGATTTACCGCTTTACCATTGATGTCAGCGATCTAATTCCTGTCACCCTCGGCGAAGTTCGTTCTTGGTCTTCTCCCTACTAAGGAGCCGCACAATTTTAGTGAGAGTGCAATAGTAGACCCCACTCTCACTAAAAGATGCAGATGTGTTCAGTTGATTAATACTCTCCATAGGGAGAATCCTAAACTATGCGACTTCCTCTATTATCTCCCCCGATTAAACGTCCCCATTTCATCCAGCCAGCACTGTGCGTGGATCTCGAAAATGGTCGTCCCGAAGATTTGGTGCATATTCGGATGGATCTGCTCCATGCCGCTAACTATAACGATCCTCCAGCCTTTGCCAACCGTAGTTTCAACCAAGTGATGCACTCTAGTGCCAGCCAAAGTTCAGCCAGCCAGGGCTGGGGCGGCTTTGGCAGCATGGGAGGATTCTATTAATGGGCTGCTAATCACTCGCCCTCAGCCAACCCTAAACATCCAAGGACACTATGAGCAAGAACAAAACCACAACAACATCCTCGGAAGTCCCCTCTAACCCTGAACCGAGCAAGTCTGAACCGAGCAAGTCTGAACCGACGACGATCGCAACGCCTGAACCCAAAAAGTCTTACGTTCCCACTTCCCAGACCGGGCTGCAAGATTATTCCTACTGGTGCCAATACGTCAAGGATCAAGCCAAGAAATCAGACAAAGACCCTAAATCCTTCCGGCGCGGTCGCATCTGGGCTTAACCCCTAGCTGCTGCTGCTGGTCTTGTTATCGTCCACTTAATCACTGACTGTTCGTTTTATGCAATCCACCCCACTGCTCCAAATTCAACCCCACTTTCATGTCGAGGTGATCGAGCCAAAGCAAGTCTATCTCCTTGGCGAACAGGCTAACTATGCCCTCACCGGACAGCTTTACTGCCAGATTTTGCCCCTCTTGGATGGGCAGTACAGCCGTGAGCAGATTGTCGAAAAGCTGGATGGGGAAGTCCCACCAGAATACATCGACTATGTACTGGAGCGCCTCGCTGAGAAAGGTTATCTGACTGAGGCAGCCCCGGAACTGTCCTCGGAAGTGGCGGCATTTTGGAGCGAGTTAGGGATTGCACCTCCGGTTGCTGCGGAAGCTTTACGGCAGCCTGTAACCCTAACCCCAGTGGGCAACATCAGTGAAGTGACGGTAGCAGCCCTGACAACGGCTCTGCGGGACATTGGTATTTCCGTGCAGACGCCAACGGAAGCAGGTTCTCCAACGGCGCTCAACGTGGTGTTAACCGATGACTATTTGCAGCCCGAACTCGCCAAGATTAATAAACAGGCACTAGAGAGTCAACAAACT
NZ_CP178543.1_gap48	1964392	1965211	819	CGCGCCTTAACTGAAGTCAGTCAAGTGGGATTAGAGTTGGACAAAGTTCCCGATGATAAGCTTGATGGCGAGTCCAAGGACTGGATGCTGAATGTAACAGTGGAAAATCATCCTTGGTTAGCTCCCGATCCCTCTCAGCCGATGAAAACTGCCAGTGATTACCCAAAACGCTGGAGTGATGATATTTACACCGATGTGATGAATTGTGTCAAAACTGCTCAAACAGCAGGACTGGAAGTGATGGTATTAGACCAAACGCGACCGGACATCGGCTTGAATGTGGTCAAGGTGATTATACCAGGAATGCGAACTTTTTGGACGCGGTTTGGATCGGGACGGCTCTATGACATACCCGTAAAGCTGGGATGGCTCGATGCGCCACTAGCTGAAGAGGAATTGAACCATACCAACATCCCATTTTAAGTTTTTTAAAGTTTAGGGGCGACAGATTTCTCTACATATCCTTGCCCCACCAAGCTTCTTCCCAAAGAAGAAGGGGACTGACCCACCCCTAACGGGTTAACAAAGCAAACAACAAGATGAGGATTACTCCAATGGATAAGAAAAACATTCTGCCTCAACAAGGCAAGCCTGTGTTCCGTACCACCACCGGTAAACTCCCCAGCTACTTAGCTGAACTCTCTGAGGAAGCTCTCGGTGGTAATGGTCTTGAAGCATCTTTCACTGCTTGTGCGACAATGTGTGCTTTCGATGGTGCAGAAGCATCTTTTACTGCTTGTGCGACAATGTGTGCTTTCGATGGTGCAGAAGCATCTGCCACTATTTGTGCGACAATGTGTGCTTTCGATGATGCGGAAG
NZ_CP178543.1_gap49	1967732	1968293	561	CCACCTATCTAATTATTGTTTACCATTATCAATCAATATGAACAATTGCCCTTTTGCTATTTCCCTTAACCCTGCTGTCCAAGTCACCAGCACTAAAGACGGTTATACCCTGCACGGAGCCGAATCTGAGCCAAATACTTGGCTAACCCTTGCCACAACGCCCGGAATAGGTATGGCTCTTGATAGTCTCAAGGCAGGCAACACCACCCCTGAATCACTCGTGCAAGGGTTAGCCGAACTCGAGGGTCAGGCTGCCGGGGAACAGTTTGGGCAGATGCTACAACAATTGGATGAGCGAGGTTGGTTGAGTTATGCTGTATTGCCCCTAGCAGTGGTGATTCCGATGGTGGATTCCGCCGAGTTGAATCTCACCGAACCCTACTGGACACAAACCCGCCTCAGCCTTTCCCGTTTTGCCTATCAGCATCCCTACGAAGGCACAATGGTACTGGAGTCCCCCCTGTCGAAGTTTCGGGTCAAGCTCCTCGACTGGCGAGCCAGTGCGATCTTAGCTCAACTGGCCCAGCCCCAAACTTTAGGATCACTGACGCCACCGCCGTA
NZ_CP178543.1_gap50	1970216	1972581	2365	TTTTTGTCGCCCAACCCAAACCGGTGAAGGGGAAGAAATCCTAGTTAAAGCGATTAAAAAATGTATTGACAACAATATTTTGATCGTCTCGCCGACGGGGAACAATTTAGGCGAATGCTGGTGTCTGCCTGCTGTGCTGCCGGGAACTTTGGCAGTGGGAGCCGCAAAAGTTGATGGTACGCCCTGCCACTTTAGTAACTGGGGCGGCAATAATGCAGAAGAGGGTATCCTTGCTCCGGGTGAAGATATTCTCGGAGCGCAACCTTGCACGGAAAAACCTGTGCGCCTAACCGGAACCAGTATGGCGGCTCCGGTGATGACGGGTATTTCCGCGCTGTTAATGAGTTTGCAAGTGCAACAGGGCAAAACTGTTGATGCTGAAGCCGTCCGAACCGCACTGCTGAATACTGCTATTCCCTGTGACCCAAACGTTGTAGAAGAACCAGAACGCTGTCTACGCGGCTTTGTGAATATCCCTGGGGCGATGAAGGTGCTGTTTGGACAACCTTCTGTTACCATTTCCTTTGCGGGCGACCAAGTGACCCGCACCGAATCGGCCGGTTATGCCCTACCTACCCCGACAGCGATATCAGCCAGTTCAGCCCCTAGTCCGACTGTTGAGGCGGCGATCGCAGAAAATTCCGTTACCGACTCGGCGATCGCAGGACAAACCGCTACACCCAGCCCAGCAGCAGAAACCCCTGGTGTTGCTGAGTTGTCTAGTTCCGATCCGAGTACCGTTGAAGCAAGTACCGCTTTCTCTGGGAATGTTTATGCTCTGGGAACCTTGAGCTACGACTTTGGCGATGAAACCCGTGTTGATACTTTCAAAGAACGGATGGCTCCCGCCGAAGTCAACGGCATCATGGTGCCGCCAGACCCCTACGATCCCCGTCAGATGGTTGAACACCTGGATCGCAACCCAGACGAAAGCCGTTCGTTGATCTGGACGTTGAGCTTGGATGGAGACACCATCTATGTCCTAGAACCAACAGGACCGTTTTCAACGGAAATCTACGAGATATTTCTGCTGATGTTGGCGGGTCAACTGGAACCAGAAAGCAGTGATGAATTTGTAGAACGAATTAGCATCCCCGCCCGACAAACTAACCGCACAGTTGAACTATTCTCTGGTCAGGTGGTGCCAGTCGTGAAAGTCCATGACCTCCGAGGAATGTACGGCTGGAAAGTGAATACCCTGGTCAACGCGGCGATGGCGGCGATCTCTCGTCAGGTGGACGAAGCCCAAGCACCCCTCGTCCAACAAGCTTTGACAGCGTTCCTCAACCGAGTCTACAACGATCTCCGCAATGTGGGTCAGACTTCCCGCGATCGCGCCCTCAACTTCGCCGCCACCAACATCTTCCAAGCGGCTTCGGTCTTTGCCAAAGCGATCGCTGATCGCCGTCAACTCGACACCATTAAAGTCGAAAAAAGCCCCTTCTGTCGCATCAACAGTGACTGTTGGGATGTCAAGCTTGAGTTTTTCGACCCGGAAAGTAGTCGTCGGGGGCGCAAGGTTTTCCGCTTTACCCTTGATGTGGTGCTTCAGATGCCAGTAACTTTAGGTGAGGTGAAAAGCTGGTCATTGCCCCCTCGCTCACAGAAAAGTCACTGGCAAGCTTGACCTAGAAAAAGCGGAATACAAGCCCTGTTATGTGCAGACGGTTATCTCAAATTGATGCACATTTAGAAAGGTTGGGTAAATAGACCAGCGCGAAGCGCTTTAATTACCATGCAAAATCCCGTTCCCAACTCAATTCCTGCCGTCGCGACCTGAAGAGAAACCAGCCAATTTTTTTGTTTAAGATTAAGTTTAAAATTGGCTGATTTTTGCTGATTTTCCTCGGGTTTTGTTGTTGTCGATTGACCCATAATCAACGGGTTAACTCATCGTTGAAACATAATGAACAAGCTGACCAATTCGTTGACGTAAAGTTTCCAAACCCAAAGCATTAGAAGCCGAAATAAATGCCGCTTGGGGATATTCTTCTTGGGCAAATCTTAACCTTTCCCCATCCACTTGATCGATTTTATTAAAAGCCAATAAAGCAGGCCCGGGTGTGACGGGCATTGACATCAAAATTTGCATCACCGATTCAATTTGACTTTGCCAAGCCGGATGAGATAAATCTACCACATGAACCAGCGCATCGGCATCGCTAACTTCCTCTAAAGTCGCCCGAAACGCATCAATTAATGCGGGGGGTAATTCATGGATAAATCCCACCGTATCGGTTAAAACGACAGTTTGAGGTTCATCGGTGATCGCATTGGGAATCATCAAGCGGCGACTGGTGGGATCGAGGGTCGCAAACAGTTGATCGGCCGCATAAATTTCCGAACTCGTGAGAACATTGAGTAA
NZ_CP178543.1_gap51	2087900	2088695	795	ATTAAATGAATAAAACCTGCGGCACTAGATCGCATACAAAAATCATTTTCCGCCCCGTATCCTCTGGGAAAATGTTCGACATCAAACAGCCCCACTGTATCTAACACTTGGCGACTGACATACATACAAAATCCATTTCCAGTTGGAACTTTGGGTGATAAGTTTGAGGAGAGTTTTTCAACTAAATTACTCATCTCCTCAAGAGAAATATATTCAGGTAAAGTGTTAACAGTATTATTTTCAGGAACCGAAAAAGCGCCTGCTGCATTCGATAGAGGAGTGACTGTTGCCACATTTTCTTGACTCCGTGCAGTTCGGATAATTTTTTCTAACCATTGAGGTGTTACTTGAGTATCACTATTGAGAAGAATCAAGTCACCTGTTGTCAGAATAAATGCCTTATTCATTGTCGCTGTCCACCCCATATTTTTCAGATTTCTAATCCCTTTTATATGCTCGTGAGCATCAACATAGGAGGTGAGCAAAGGCCATATTCTTTCATCGGTACTACAATCATCAATGAGTAAAACCTGATGAGGAAATTCAGTATTTTTCAAGAGGCTCTTGATACAAGCTTTTGTTTCTTCGTAGGCATTATAAACAGGAATAACAACTGTTATTGTTGTTTTTGTTTCGGTTTTTGCTGTTTGAAAATAGTTGTATTGGGGAGTTAACTTCTGATAAAATAAGTTGAGAATGCTAAAAGCTGCTCGCTTGGTTGAGTATCTTGCAGCCGTTTCAATTGCTTTGAACTTCATATGAGTGAGTACATGAGCATCGGCTTGAATTAACTCA
NZ_CP178543.1_gap52	2242288	2245249	2961	TTTGGTTGAGTAAAACCGGATCGCGGCAGTCTCCGACAATTAATTTCTCTAATAAAGTGGGAAAATTAGAGATTTCCCACTGTTCAGAATGCACTAATTCAATGGCGCTGACTTTGACTCCATAGGCTTTGAGTGCGGCTACACAATGCTGTCCTAAACCGCCCAAGCCACAAACTAAAAATTGATCGGATTTGATCTGAAAACTGTTTTCTGGCCGATTTTGATGTTGATTTTCAAGAGTTGACATAGTAGATGCAACCCATCAATAATTGATTTACAAAAATCAAAAAAGAGGAAGTCTACAGACGGGAAAATTTCCAAGATAATCGGAAGACATTGGAATATTATCTCAAAAATTTCCTCATCTGAAACTTTCCTCTATTTCAGTTCCTTTTTAAGGGACTATCCGCGATTGTATTCGGTTGACCCGTTGAACTTTCTTTCAAAGCATCTCGTCTACTCTGAGGCTGATACAGGGAATCTGTTTCATCTCGATGGAGTCGCAACAAACGCTATAATACACTTCCAGATGGGCTTGATCTTCGCCTTCAAAAAGTAAGTGTTGCTCGGGAAATACAACACGCTCAAAATAGCCTGTTGTTAAGTTGGGAATTCGCAACACTTGCAATTGAGAGGTTTGGTTTTTGTAGCTACAAAGAAAGACTTTGTTAGAGGGTAAGTTCGAGAGGTTTCTAAAGTTCATAGCAGATGTTTACAGGCTTTTGGGTATAGAAATTCAAGCACCCCTACTTTCTAAACAGCACTGACGCATCACGTGGGTTTGCTGAAGTTGATTTCAACATTGTAGGTATTGATCACCAATGAGAAATTCAGTGTCAATCCGTGCCTCAGTTCTTCTAAACTAACTCAAATTTTCATAAATAGTCTATGGAAGATTTTCTGTCTCACCCAGAGGGAAAAAGGCCACAAGTCGGGCGAGCCGTCTGTGTCCCTCCCTACCTTGATCAAAACACATCCGCTTGACAATTGAGTTAAGGTATGTTTAAGTAGTCTCTCTGACCTTCTTGATTAAATTGATCAAAAACCCCGACCTCCGAACCCCCAACAGCATCCCAAGTCTTGGCCAGGAAGAACAGTTAACTTTCTTCATTTTCTGTCATATGGGCAACAGATTAAACTGGTTCGCTCTGAAATCAATTTCTAAACGATTGTAATAGAATTGAGTTTAATTGTCATTTTTCCAGACGAATATCATCCTTTTTATATATTTTTTTATAAAAATGAATATTTGTAAAAAACTCGGGATTGAGTTGTTATAATAATTATACTAGAACTGAATCATTTTAAGTAAATGGTTCGATTTCGGGAGGTGAAAATGACCACAACTACTGTACAGAAAGTTAAAACATTAGGAGACTGGGCCGCACTGGGAATTCAGCAACACTTAGAGAAAATTCTCAAGCACGAACCGGAAGTTTTAGCAGACAAAGATCCGGAAGAACTTCATCAAATTCGGGTCGGAATGCGGCGTTTGCGATCGGCGGTCACAGGATTTGCTCCGGTACTCGATTTACCCGAAGCCGCACAAAACAAAAAAATCGGTAAAGTCTCTCGGTGTTTGGGACAACTGCGAGATTTAGATGTCCTACTCGAAGCCCTTCATCAACGTTACTATCCCAATTTGCCCTCGAAAGAACAGAAAGCGCTCAAGCAGGTTTTTTCCGAATTGGATACGCAGCGCAAGCAAGCGTTTAAGCTGGTAAAAACAACGTTAGAAAGCAAGAAATACAAACAATTCAAACAGCAATTGCAACAGTGGTTAGACTTTCCCCGTTACACCAAAATTGAACAATTACCCATTGAGGAAGTTTTACCGGATTTACTGTTACCTGAAGTTAGCAAACTCTTTTTACATCCCGGTTGGCAAGTTGGAATAGAACAGCTTAAAAATGGCTCAAACTCGACAGATACATCCACTCCCAATGGATCGGATTCGTTATCTGCACAAACAGTAGAAATGATCTTACAAGCCGAAGGAGAGAAATTACACGATCTTCGCAAGCAAGTTAAGCGAGTTCGTTATCAGATGAACTTATTTAGTGATTTTTACGGCACTACATATTCGGCTTATTTGCAAGACATGAAAGACATCCAAGAATATTTGGGTCATATTCAAGACAGTGAAGTGTTAGAAACGGTAATGAAGGATGTTTTGAAATCTGATATTGAGTCAGTCCTGCCGACTTTTGCTCATGTACTAACAGAAAGTCGCTATCAAGCATGGCAAAAATGGCAACTGTTTCAACGCCGATATTTGAATACCGAACTGCGTTTAAATTTCCGTTCAACCCTTCTCCATCCCATCGTAGATTCAAATTCCCATGCAGAAGAATAAACCCTCGAAATCAGCCACAACAACAGGCTAATTTGTTGCTGCCTCATGGGGTTGAGGTGAGGGAGAGTTTTGATCGAAAGGGAACATCGGATCGGGAAAAACTCCAGGGGCGGGTTCGGTTTAGATGTCTGTATCCCATCAATAACCCGTATCAACCCGCCCGGAAATTTGTCCTATAAAAGGGCGGGTTTTTGTCAGTGATCGCCTTTCAAAACTCCGGCACAGTGAGATTAAAAACCCGGTTTATCGATCCCTAATTTCTCAACTGAACCGGCATCACCAAATAAGTCATTTTCAATCCTCCCAAAGGATTTAAAATCACCGGACTGGTAGCCGCATTAAGCTGAATTTGGATTTCGGAAGTATTAAACACTTTTAAACCTTCCATTAAATATTTAACATTAAAAGCCAGTTCTTTCGGTTCATCTCCCGAGACTTGAGCCGATAAAGATTCCAGTGCATTTCCCACATCTGCCGCTTCTACCGAGAGAGAAATTTTCTGATTGTCGTTATCAATCGTACACTTAACAATATCATTTTTCTGACTCGCCAATACCGCTATTCGCTCTAACGCCCCTAAGAAATTGCGGCGATCCACATTAATT
NZ_CP178543.1_gap53	2249720	2252971	3251	AAACCATTGAACTCAACCTCGAAAGTCGCTTGTTTACTTGGGGAAGTCTCAGGGAACCCTTTTGGCAAGCCGTTCGCTTCGGAGGGTTGGGGATCATCATTGGATGGGTACTCAAGTCGTTGGCGGGATAAAATCGCGGTAAATTGGAAGGCTTCTACTTGAGGGATCAATCCAGTGGAACAAAATTACACTGGAAATTGCACTGCACTTTAACTAAAATCCCCAGTTCATTTTGATTTTCAGCAGTCATTTCGCGATCGCCACTAGAGTCAAATTCTACCGTTCCGGTTGCCCCCTTGAACGGAAAAATTACTTTTGGAAAGTACCCGTTTTAGTCCTTTCCGAGTGGGGTTATTTCCTAATTCCTTTAACCCCTCCACTAAAGCCATAGTTGCATCATAACTACTCGCGGTACGCCAGTTAACGTTTTGGGTTCCCCAGAGTTCTTGGGCTTTTTTGAGAAAAGTCTTGCTACTGTCAGTAAGATTCTTTGAATCCTGATGCCAAGGAACCGCCACAACCATTCCATTAACTGCTTGACCAACTGCACCATCAAGTATTTTTCTCCCATAAATAGCATCCCCAGCCAGCAAGGGTAAACCAGAGTTTGGCAACCTAAAGTTTTGCAAAACTATTATTTCCGTTACATCCGAAAGTTGTGAACTTGGAAACAATGCTAATATGTCCGCACCTTTATCAAAAGCTTGTTCGACACAATCGGAAGCCTGAAAAAATGGTTCTGATAGATTACACTCATGCACAACATCGGTTTGACCAACCTGCTCAATAAATGTCTGACGAAGAGACTTGCTATACTCACTCTTAGACTGATAAGCAATAGCAGCTTGATAGTCATTTTGCTCAATCATATAGTTAACTAATTTTTGAGCAGCGACTTGATCGGTTGGTGGGGTTCGGAAAACATTATCTGTAAATTGAACTAAGTTCCGAGTTGCTGTGCTAGTTGGACTAATAACAACCAGATTGCCTTGATTATATAATTTACCTGCTTTCTGGGTTGCATCACTGCTATAGTGACCGATAACTCCTAAAATTTTATCATAATCTTGTGTCAATTTTAGGGCAACAAATTCTGCCTTGTCTAGCAATACCATATTTTCAGAAGTATCATCATTGGCAATCATGACCTGTAAAGGTCTGCCGTTAATTCCACCATTTTGATTAACTTCATCCTGAACTTGCGCCACACCCCGTAGCATTTCTTGTGCTTCACCCACTAAATTCTCAACTAGAGGAACCGAAACAGCAATTTGAATAGAATTTCCTTGAATTGCAGCCTTAGCATTATTAAAATAAATTCGAGCTTCTGGATCAGAAAGACAACTTTCAACAAAACTTTCAAAGGATTCTGCTGCTGCCGGAAACTTTTGTTGCTTAAACTGTTGAATTCCTTGATTTTTTTGCTCAATATTATTAATGCAGTTTGGTTGATTATTCAAAGCAGATTCAGGTGTTAGATTTTTGTCTCCTAAACTCAACAATTCTGAATTATGATTAATAGGAGATTGCTGATTTCTTTCTATTCTTACTACCTTATAGATTAAAACTAAACCTATTATAATAGCAGCCGATCCAACTCCAACTCGAAATAGTGGATGTTTCCAGAATGATTTTCTTTGAGGCGGTTTGAGTTCAATGGGTGTAATAAGATTCCACCATGTAGGTGGCTCTTCTAAAATCCCTGTGCATACAGTTGGCAACCAGCAAACACCAGGATATTGATGTTGGAAACCTTCTAAATGACATCGTGCTTCCCGGAAGGATTTAAAGAATGACTGACCACCAGAGTATTTTTCCAAAAACACTCGTAAAAATTTGGCTGCAACATCATCGGGTACTGGTTCTCGCATCACAATTGCTACAGGAAGTAGGAGTTTAGAGAGCTGTTTGGCTAACCCTAAGCCATCACAAGAATTAAAGATGCAAAGTTGTAATCCCCCTTTTATAGCCTCGCGCAACGTCAATTTCAAATCATCAATTTGTAATTGATCTGTTTGACTTAGCTCAATCCAACCAATATCTTTACCATCGTTACTTCCGCTATGTCCCGTAAAAATAAAAATCTGGTAGGACTTGCTCCGTAACTCAGTAAGCAAGTCATGGCGAGTAGGTTGTTCTAAAACTTTGAACACCCCTCTCTTCTGGTTTTCTAGTTCCTTGATTGCTTCGAGGTCTTTCTTAACGCCTTCTTCAATACCTTCATTATTACCTACAACGACTAAAACTTTTACTCTATCTGACGAAGGAATCGCTTTACAAATATCTGTGGACTCGTATACAGTTACTTCTGCATTTGGACAATACTCTTCAAAAAATTCCCAATCTTGCCACGGAAACCGTCGCAGATTACTTTCTTCAGTGTCTAGAAAAATATGAATTTCGTCTTCTGACTTTTTGTGTAATTCTACTAATAATTTTTCCCTAGCTTTCCGCCATTTTTCATCTCCTTGGAGCCACTGATCAAAGCTCTTCTTAAAGGATTCAGAAAAATTACGAATTTCACCTCTGCTAAACTGTCTTCTTTTAGATCTTGGTGTCAGGCGTAACGCCACATCCTCCAAACCTAAATAGGCTTCTTGCCATTGCTTAAAAGAGGATTGAAGCTCATCTGGCGCACTTAAATAACCCTCTTGCAATTCTTTACCATCAATAAAAATAGCCGCTCTAAATTTTCCTTCAGGCGCACTTCGCAATCTGAATCGGATCAACATTGAGATTACCCCCTCCGACTTTTTATCTAATGATTTGTAGAATAAAATATTTATATCACAAATTCTTCTGTAATGCAACTATTCTCGTAGGCAATTTTGACTCCAAATCTTTCATCAAACTTTCCACTAAAAGATAGACAAAGTGACTCTTTTAATCTTGTGGTTTTGGCATTCATAAAGTCTGAACCTTGTTCATCGACTATCGTGAGTTGAAGATTGTGTGGTAAGTCAGTATAAGAAGACTCGTTTGTTGGATACAGACAAACTAGAATGTCAGCCTCATCGGTGCTAGTGTGTGTTAAACGCACTACCAATGCCAAAGTTCGCTGGGCTAAGTCTCCACCTAAGTTAATTTCCTTAGCTCGAACAACAGATGGTTGTAGTGTCTCAGATTTTGATCTCTTAAATCTTCTAAATGCAATAACTAACTCTTGTGGCGAGCGCCAGTCTGGTGAATAATTATCTTCTAGCCATTCACGCAAAGCGATTAATTTCTTGAACTCAGTTTGCTCAAGATGA
NZ_CP178543.1_gap54	2294900	2296609	1709	TGCCGGGTTGGGATAGATTTTGCAGAACCCGCCCCTACAACACCGGACGGGTTTATATATATTGTTTGCGGGGTTGGGATAGATTTTGCAGAACCCGCCCCTACAAGACTGTAAACTGTAACCTAAGATTGCCTTTTGTCTGGGCTTGGTGCCATAGTGTAGAATGAGGCAAGGTAACGATAGAAGAATGGCGAAGAAGCAAAAATTTCCGCATCTTGTCGGTTCTAAATGGACGGCGACTCAAAAAACCTGGGGTTGGCGACATTTTCAGGTTGTTAACCGCAAAAATGATGGAAAATGGGTGTTTGCTGAAATGGTGGCGTCTTGCGATCCTAATGTTCGTTTTTGGTTAAATGCTAAACAACTTAAAGATCGAACCCTCTGGGAACCGGGATGGCAGTCAACACAGGAATTAGAAGATCTTGAAGATTAATATTATTAAGTAGATGGGCATCACTATCGCTAAAGTTCAAAGGGCTTGTCGTTGTTGTAGTTGCGCTTTTAGAGTGCGCTAAAGCGCAACTACAAACTGATCTTTTTGACCAATTACTTGCCAATTTGATGATGAAAGAAGATTCTCTTTTTACCGCAATTAATTTATCTCAAACTGCAACGGATCAGTTACAATCTCTTGTAAAAAGTTTACCACCCGAAAAAATTACACCCCAATTAATAGCAGAAATAGAAACGCTGTTAAACCAAGCTTTAGCTAACCTAAAAGCGGCGATCAACCCGCCCAGTTTGGATGGTATTCCCCCGGATGTTTTGTCTGACGCCGAACGTTTGGGCATTCCCCTCGATGATATTGAAGTGCGGGTGGCGATGTCTTCCCATCATCTCAGTCAAATTATCGGGGTTTTGACAGAAATTGATAATCGGGCGGAAGTGATTAAACGACGGCGAGAATATTTCTTGGTGAGACTTCCCGATATTGCGGTTGAAAAGTTGGGTTCCCGGCTTCCGGTGATGACCGCTAGGGATTTCAGCGGCCCGAGCGAACAGACGCCCAAAGAAGTTCGAGACGCACTGAGGGCAAAATACAACTTGAATTCATTAAAGCATAAAAGGGGTGCAAGTGGTTCGTTGTTTGAAAAAATTAAACAAGCCAAACAAGCGTTAGAAGGGAATGAACCTGTAGAAGTTCTATCGGAATGGGAAGATGATGATTTACCCTTCTGATTTGGTTGGGGAATCTTAGAAAGAGAGGTTATGCGAATATACAACTTGCGGAGTGTCGCCCCCATGTCTAAGTCTGAGAAAGATCATCAAAATCATCAAAACACAGAGAAAGCGAAAGTTCAAGAAAGTTCGGGTTTGGAAGTGGTTAGTATTGGTTACGGCGAGGGTTCTGCGGCTGAAAAAGAAGCAAGTTTATCTCAAAATAAGTTAGATCAAGTGGCTGATAATGTTAACGCTGTGATTGATAAGGATAAACCGAAATGGGAAACTGAGCAAGACTGGAATGATACTTCTTGGAAGGTTTGGTTGGATTAATTAATTATCCCTAAATTCCCTTTATTTACCCTAAATTTCCCGGAAAAAGGGGGACTTTTTCTTTATAATTCTTCTCGAAATAATCCCCCTAAATCCCCCTAAATCCCCCTTAAAAAGGGGGACTTTTTCTTTCTAAACTACCAATGAATTTTCTATTTAACTGATATCCGCCGTGATCGTAACAAATGTTTCCACAGTTTCACCGGGTTCAGCTT
NZ_CP178543.1_gap55	2389306	2392632	3326	TGATAACCCTAACAACAGTTCTAAGGCATTTCTTCCCCTAGAAAACCTGCTTTAGTCCAGATATCCCATTAACGCATAAGGATCATCAACTTGGTTGGAGGCGATGGGACGGTTGGCCATCATTGATGTGATTTGTAGATGAGTTGTTGCAACCGGACGGTTGGCCATTGCGCCGACTGCATCTTCAGAATGTACAAAACTAATCCCCGAAGCGCTCTCGGTTTTGAAAATGGGACGGTTCCCCATAATTGTCCCGACGACTTCGAGATGACTTTCCTCAATGGGACGGTTCGGCATAATCATCGCCGACTGATGATGTGCCACCTGAATTTGAGTCGGTGCCGAATTTTCGGATGACTCCGCTTTTGTCGATTTGGTTTCCATTTCTAAATCCTTACTCATATCTTTTTCTTGTTCCTGCTTATTGTCCGGGTTTTCTGATTTTACAGTGTCTTCAGTAGTTTTACTCATACGCTTTCCTGTAGTTCGAGGGGTTCGCGCAGTCCTCCTTTTTTTTGTAGAAGAGCTAACAGCCATGTTTGAATACCTTTTTTTTCTTAAACGGGTTAGCTGGAAACCATCAAATCCTTGATCGTTACGGACTAACCCCGAGATTTCACCTCATTTATCAAACCTCCCCCCTGCCATTTCGGTAGAGGTTGAGCTTCTTATTTTGATGAATACTAAAAAATTATAAAATATTTTGGGATTTAAGTAAATACTAAATTAAGAAAAATAACCAATTACAACGATAAGTTAAGAAAATCAGACCTATAGGGGACGACTAATTTTCAGCGGAAGTGCTACCATCAATTCTGGAACTTCATCCCCCGGAAAAATGGCGCAATTCCATCTACAGTCCCCCTTTCAGCCGATGGGCGATCAACCGCAAGCGATCGCCAAACTGGTCAAGAGCGTTCAAGCCAACCACCAATTTACCACATTGTTGGGTGCGACGGGAACCGGAAAAACCTTTACCATCGCCGCACTCATCGAAAAAATTGGTAGACCCACCCTGGTGCTAGCCCATAATAAAACTCTCGCGGCTCAACTGTGCAATGAGTTACGAGAATTTTTCCCAAACAACGCAGTAGAATATTTTATCAGCTATTACGACTATTATCAACCCGAAGCCTACATTCCCGTTACCGATACCTACATCGAAAAAACCGCTTCGATTAACGACGAAATCGATATGCTGCGCCACTCCGCGACCCGTTCCTTATTTGAACGCCGGGATGTGATTGTTGTCGCCTCCATTAGCTGCATTTACGGGTTAGGAATTCCCGCAGAATATCTCAAAGCCGCCATTCCTTTAAAAGTCGGCGAAGAACTCGATCAGCGTCAACTTTTGCGGGATTTGGCATCGGTTCAATATACTCGCAATGATACAGAATTAACTCGCGGGCGCTTCCGTCTAAAGGGGGATGTTTTAGAAATTGGGCCGGCTTACGAAGATCGGATTATTCGAGTCGAATTTTTTGGGGATGAAGTCGATGCTATTCGTTATATTGATCCGGTAACGGGAGAAGTTTTACAAAGTGTAGAAGCCTTAAACGTTTATCCCGCCCGTCACTTTGTTACCCCAGAAGACCGTTTAGAAATTGCCTGTGAAGACATCGAAAAAGAGTTGGAACAGCAAGTAAAAGCCCTAGAAGATGCCGGAAAACTATTAGAAGCCCAACGCTTAAATCAACGCACCCGTTACGATTTAGAAATGCTGCGAGAAGTCGGATATTGTAACGGCGTAGAAAACTATTCCCGTCATTTAGCCGGACGCCTAGCCGGAGAACCCCCCGAATGTTTAATCGATTATTTTCCCAATGATTGGTTACTCGTCGTTGATGAATCTCACGTTACCATTCCTCAAATTCGGGGAATGTACAACGGCGATCAATCCCGAAAAAGAGTATTAATAGAACATGGCTTTCGGCTTCCCAGTGCGGCCGATAACCGACCCTTAAAAGCCGATGAATTTTGGGAGAAAGTCAACCAATGTATATTTGTTTCAGCCACCCCCGGAGACTGGGAAATCGAACTCTCTCAAGGCGAAGTTATTGAACAAATTATCCGACCGACCGGTGTCGTAGACCCGGAAATTTTTGTGCGTCCAACCGAAGGACAAATTGATGATTTATTCGGAGAAATTCAAGAGCGAATTCAACGGGACGAGCGGGTATTAGTCACCACGTTAACCAAACGGATGGCGGAAGATTTAACCGAATATTTGCAAGATCGGGGAATCAGAGTGAGATATTTACACTCAGAAATTAAGTCAATCGAACGGATTGAAATTATCCGCGACTTGCAACAAGGGGTGTTTGACGTGTTAATTGGGGTGAACCTGTTAAGAGAAGGTTTGGACTTACCGCAAGTGTCGTTAGTTGTGATTTTAGATGCGGATAAAGAAGGGTTTTTACGGGCGACCCGTTCGTTAATTCAAACGATTGGACGGGCGGCGCGAAATATCCGGGGTCAGGCGATTTTATACGCAGATAATCTCACCGATAGCATGATCAAAGCTATAGATGAAACCGAACGACGCCGAAGCATTCAGTTAGAATATAACGAAAAACATGGGATTACACCCAAACCCATTGTTAAAAAGTTCAGCAATGCAATTTTAGACTTTTTAGATGTTTCTCGACGGTTAAACGCCCAACAATTAGAAGAAGCTTACGAAGAAGTTGATGAGTTACCCTTAGAAGATATTCCCGACTTAATTGGTCAGCTTGAAAAACAAATGAAAGAAGCCGCAAAACAATTAGAATTTGAAGAAGCGGCGAAATTACGCGATCGCATTAAAGTATTACGAGATAAGTTAGTCGGACATTAGAAGTGGGGATTAAAAACCCGGTTTCTTTGAGAAACCGGGTTTTTGGAGTGTAGAAGTTTCCCCTCGCCTCACCCCCCACCCCCCTTTTTAAGGGGGGATCAAGGGGGGATTTAAGGGGGGATCAAGGGGGGATTTAAGGGGGGATCAAGGGGGGATAGAGAGGGGGTTAGGGGGAGAGGTCAAACTTTTATTATGAGATTCTGTCACTCAAAAAAGGGACTGTCGTTAACGACAACAAAATTGCTAAATTGAAACTACAGTCAAATGATTTTGTACAAATTCTAGTTATCAATTCTAGCTTACTTTTACCCCTCTATTGAATATTAGCAATAGGAAATCAATCATGGTGACAGACCTCCAAAAAATTGAATCCGTAAACTCCGCAAAAGTCGAGAATTCTCCATCTACAGAACCCTCGAAAGCGACTCAAACCATTATTAATCCCGAACTTCATCAAGACTTACAACAGTTGTACGAAGCCAAAATTTGT
NZ_CP178543.1_gap56	2395397	2398610	3213	AACGTCTCCTCTTGAAGTTACCCCATTGATTAAATCTTTAATCCCGAGAAGTTCTTCATAATGTTCAACCGTTTTTGGACGGGCGGAAGAAGCTAAAACAATCTGAGTACCATCCGCTTTAACCCGCTCAAAAAGTTCCCGAACTTTAGGAAAGGGCTTAATTTGATCGAGGAAATTTTTCTGATAGTATTCTTTGCGATAATCGCTAATTTTCTCGCCGTCTTTCTCGATTTCTTCTTGAGAGATAAACTCGGGGAGAATATATTCTCCTCCTTTTCCAATTTGTTGCCTAACCTTATCAAAATCAGCATCATAACCATACTGTTTAAATGCTTTTACCCAAGCTTCAGCATGAAAGTGAACTGAATCAACTAGGGTTCCGTCTATATCAAATATAATAGCTTTAGGCATGAATATTTTTGGCTCTATACTTTTCAGTGCGATCGCTACTCAATCACTTCTTTAGTAAACCCCATCGGGTACGCTGTTGTCCTGTATCTAGAGGTAGAAACTTTTTCGGGTGCATCAGATAGAGGAGTTCATTCTATGATTTCTCTGATTTTTAGTAGGGTGCATCAGATAGACAAGTTAATGCTGTGATTTCTCCTTCTTTTGTCTAATGCACCCTACACCATTTCCTGATAGATCAGATAGAGAAGTTGATGCTATGATTTTTTATTTTCTTGTTTGATGCACCCGAAAAAATTGACCGATACATCAGATAGAGAAGTTAATGCTATAATTTACGATCCTTTTGTCTGATGTACCCGAAAGAATTTTGATTGGTATTTGGTTGCATTGGATACAAGAGTTAATCCGATGCACCCGAAAGTCCGATCAACTGCTTGAGTATAAACCCCTATGATTGCGAGAATTTGTCAGTTATTTATAAAGAACTTTGAAAAGATCTAAAAAAATGTATCAATTTATGTAGACTAACCAGCCCCGGAGAGGTTAAACAATAGTTATGAGTTGTTCAGAGTTAGGATGAAGTAGAAGGGAACAGGTTTGCAAGCCGACCCGAAGTTTAATCTTAAAAAAAACTAAAAGTTACTATGGGGATTGCTACAATAAATCCGGCGACTGGGGAGTTGCTCAAAGCATTTGAACCGTTAACGGATGCTCAAATAGAAGACTGTCTCAGCCGCGCTCAACAGGCCTTTGAGCAATATCGCCGGCTGCCAATGGAACAAAAGGCAGGGTGGATGCAGAATGCGGCCAACATTCTCGAAACCGACGCCGAGAAATTCGCTAAACTGATGACCCTGGAAATGGGGAAACCCATCAAATCGGCGATCGCCGAAGCGAAAAAATGTGCTGTGGTTTGTCGCTATTACGCGGAAAACGCCGCTCAATTTTTGGCCAATGTTTCCGCCGAAAGCGATGCCAGTCACAGCTACGTCCGTTACGAACCGTTGGGGGTAATTTTAGCCGTTATGCCCTGGAATTTCCCCTTTTGGCAAGTTTTTCGGTTTGCGGCGCCGGCACTGATGGCGGGTAACGTCGGCCTGCTGAAACACGCTTCCAATGTCCCCCAATGCGCCCTGGCGATCGCAGAAATTTTCACCCAAGCGGGTTTTCCCGAAGACGTCTTTCAAACCCTGCTGATCGGATCGGATAAAGTCGCCCAAGTAATCTCCGATGATCGCGTGAAAGCGGGAACTCTCACCGGAAGCGAACCGGCGGGAATGAGTTTCGCCTCTCTTGCCGGGAAACATATCAAAAAAACGGTATTAGAATTAGGAGGTAGCGATCCGTTTATCGTCCTCGAAAGTGCAGACTTAGAAGCGGCAGTGCAAACGGCCGTCACCGCTAGAATGTTAAATAACGGTCAGTCCTGCATAGCGGCGAAACGGTTTATCCTCGCCTCCGCGATCGCCGATGAATTTGAACGGCGCTTGGCCGAAAAATTCCAAGCCTTAAAAATTGGCGATCCGATGGCAGAGGATACGGATGTCGGGCCGTTAGCAACCCCCGAGATTTTACAAGACATCGACAAACAAGTCAAAACTTCTGTCGAAAAAGGTGCTAAAGTGCTGATAGGCGGTCAACCCCTGGACCAACCGGGAAACTTTTATCCGCCCACAATCTTGAGCGATATCCCGCCCGGAACCCCCCCCTACGAGGAAGAATTTTTCGGCCCTGTAGCGTTAATGTTCCGTGTATCAAACCTTGATGATGCGATAAAATTAGCCAATAGCACAGTCTTTGGCTTGGGTGCAAGTGCATGGACGACAGATGAAGCGGAGCGCGATCGCTTAATCTCAGAGTTGGATGCGGGTGCTGTCTTTATCAACGGTTTAGTCAAGTCCGACCCGCGTTTACCCTTTGGTGGAATTAAACGCTCAGGCTATGGACGAGAATTAAGTATTCAGGGCATTCACGAATTTGTCAACATTAAAACCGTTTGGATTAAGTAAGCGAAATTCAGAATTGGGAATTCAAAGTTAAAATAATTCAGACAAAACTGAGCAATTCACTCAAGGTTGACCCTCATTTCAGCAATGAAGTCAACCCCTACATTCTCAGCTTTGAATCCCTCTGAAATTCCGCTCGGCAATCAATTTCATTTCATCTCAAAATATCCCAAATAGACCTGACATGAACACAGCAGAACTTCTGGTCAAATGCCTCGAAAATGAAGGAGTACAGTACGTCTTCGGACTACCCGGAGAAGAGAACATGGATGTTCTCGAATCCCTGAAAACCTCCCCGATTCAGTTTATTACCACCCGTCACGAACAAGGCGCCGCTTTTATGGCCGATGTCTACGGACGCCTGACGGGAAAAGCCGGAGTTTGTTTATCCACCTTGGGGCCAGGAGCAACTAACCTGATGACGGGTGTGGCCGATGCCAACCTCGATGGCGCGCCTTTAGTTGCCATCACCGGACAAGTGGGAACCGACCGAATGCACATTGAATCCCATCAATACTTAGATTTGGTGGCAATGTTTGCTCCGGTTACGAAGTGGAATTCCCAAATTGTTCGACCCAGTAACACCCCCGAAATTGTTCGCAAAGCCTTTAAACTCGCCCAAGCGGAAAAACCCGGTGCCGTTCATATCGATCTGCCCGAAAATATTGCGGAAATGGAAGCAGTCGGAAAACCTCTTGAACGAGATAAGCGGGAAAAAGTCTATTCGGCTTATCACAGTATGAATGAGGCGGCCGTGGCGATTTCTAAGGCAAAAAATCCGATTATTTTAGTCGGA
NZ_CP178543.1_gap57	2401247	2402251	1004	GATAGTGTAATTGTTGCTAGTGCCTTATCTGGTGGTGCAAATACTCTGTATTCTGAAGATATGCAAGATGGTTTAATCATTTTTCAGCAACTCACTATTATTAATCCATTTAAAGCCGAGAAACTGGATTAATAGTCAACTTCACCTTCAAAACTCTACTAATATCTATCTTCATTACAAATTAACAGATCGCTTCCCACTCCGACTCAAGCTTGACCAAAAGTTAACTTTTTCTAATCAATACCTGTAAATAGTTTTGAAAAATAAAAGTTTTGGGGTAAAATCGGATTTTTAATTGAGAAAATTTCTTAAATAGTTGACGAATTTATAGGGGTTCTGGTACACTAGAAAAAACACCACCCAAGGGGTTACTCTGTCTAAATGTAAAAATACAGCCTAAAACCCTGATTATTTCGTTAAATATCAGCATATTCTGACTAAAATACTTAAACAGCGACGCACCAATTTTCAGCGACTCAGCAAAACCCCAAAATCAGCATCTTGACAAAATCGAGAGTTTGTGGATACCCAAGTCAACAGGTTTGAGAACAAGAATAAAATTTGAGGAGTCAGAAATTAATCTCGAAGTCTCCCTCAGACTCACCTCTAACTTCTCAGCATTAAAATTCAAATGAATCTCAGCTAATTCTAGAAGTTCATTTCAGCAGCTTGAACCTTTTTAACTGAGATCTATCTTCATTACCCTTACAAATTAACTGATCGCTTCCCACTCCGACTCAAGCCCGACACAAAGTTAAGTTTTTCTAATCGATAACTGTAAATCGTTTGGAAAAATAAAAGTTTAGGGGAAAAATCGGATTTTTAATTGAGAAAATTTCTTAAATTATTGACGAATTTATAGGGGTTCTGGTACACTAGAAAAAACACCACCCAAGGGGTTACTCTGTCTGAACGTAAAAATAGAGCCTACAACCCTGATTCTCTCGTTAAATCTCAGCATATCCTGACTAAAATACTTAAACAGCGACGCACCAATTTTCAGC
NZ_CP178543.1_gap58	2426950	2428316	1366	GATTGATTGTTTGTGGGGAGGAAGGACAACTGATCGGGATTATTTCTCAGATGAGTTTGTTGAGAATGCTCGACCCGACGGAAATGTATCGGGTGGTTCGCAATTTACAGCAATCGGTCGATCAGTTGCAAGCGGAAAAATTTGAGTTGCTCGAAAATAAAACCGCTCAACTGGAAGATTTGGTTCAAGAACGGACGGCTAAACTGTACGAACAATTGCAGCGGGAACGTTTATTTGCCAAGATTTCTTTTCAGATTCATCAGTCTCTCGATCTCGAGGAAATTTTAAATACTACGGTTGCGGAAGTTCGGCTGGTTTTGAATGCGGATCGGGTGCTAATTTATCAGGTAATTTCTAATCAGTCGGCTCAACGGGTGGCGGAATCTGTGGCTCCGGGATGGCATCCTTTGCTGGATAAAAAGTTGAAAAAACAGCTTGTTAAAACCTATTTGACGGCTTTTGAAACGGACTCGGTTTATGCGATCGGCAATCTCAATCAAAGTCGATTAACTCCTGAAGAAGTTGAACGTTTACAGAAAGAACAAATCCAAGCTTATTTGGTGGTTCCGATTCTTCAAGATGGACAACTTTGGGGGATGATTTCGACTCATCAATGTTCGGGTTCTCGTCAGTGGCAACCTTCGGAAATTACGGTTTTACAACAGTTGGCGACTCAGTTGGCGATCGCGATCCAACAGGCTCAATTATACCGCCAAGTGCAGGATTTAAACACGGATCTTGAGCGCCAAGTGCAGGAACGGACGGCAGAATTGCAGCAAAAAGTCAAGGAACTTCAGCAATTAAATAAGCTAAAAGATGATTTTCTCAGCACGGTTTCTCACGAATTGCGGACTCCGTTGGCGAATATGAAAATGGCGATTCATATGATTAAATTGGTGCCGGAAAATGATCGCTTTCAACGGTATATTAATATTCTCGAACAGGAATGCTCGCGAGAAACTAACTTAATTAATGATTTGTTGGACTTGCAAAAGCTGGAAGCTTCCTCAACTCCGATTTCGTTAGAAACGATTGATTTATCCCGGTGGCTTCCTCAGATGGTTCAGTCGTTTTATTCGCGGACTCAAGAACGTCAGCAAAGTCTAAACGTGGAGTATCCCAAACATCTGCCGACAATGCAAACCAATTCTGGTAGTTTAGAACGGATTTTAGCAGAATTGCTCAACAATGCTTGTAAGTATACACCCAATGGGGGGGAAATTTGTTTGAGGGTGAATTGTCAAAGCGCCAGTGAAACTCACTCGGCTAAAAAATCCTCTAAAACTAAGAAAACCGCAGATCATTCGACACCGTTGGGGATACAATTTCTGATTTCTAACCAGGCGGAAATTCCCGAAAAAGAACT
NZ_CP178543.1_gap59	2429659	2430879	1220	GAGGAATGGAAATTTCAGTTCCGGTCAAGGGTTACAGCGTCAACTGTTATCCAGCCTACAATCATACCAAAATATCAGTCAACTCTCAAAATATTAGTTAACTCTAAGAGCGACGGAGAATCTAGAGGGGGTTTAATTACTGTGTTATTTATATAAATTGTATACGTGAAAATACCGAGAAAATCATTTGTGGAATTGATCAAACTTAACCGCAGTCGCTTTGTAGCAATTGGGTTGAGCCTCCTCAGTTCAATCAGTCGTGATTCTATTCAACTCACTTGGATCGAGAAAAAGGACTTTTATCGACCTTTGAACTCAAATATCAAGTTGGAGTCTTGCAGATTTGTTGAAACGATAGCATAGAATAGAACAAGTAGGGTATGGATAACTCTCCGTAAAACTTTTCAGGCAACAGATGGGTGCAAGTGGTCAATGAGAAAACAACTCCAACAGCAAATTAAGATTTGGCAATACACCTCGGTTGGGTTTGCTGGTTTAGCTGGATTGATTTTTCTCATTACGGTTACTCAATCTCTTTTCTCTCTGAGTTGGATGATTTCAGGTCTTTCTGTCTTGGTGGCGATCGCCGCGAGCGTTACGGCTTTCATCTGTTATAAACAACAATATAAATTACAAGAGGAAAAGGCGGAATTAGAAACTTTACTCGCCCAAACCACAGAACAGTTGAAAGCGGAAAAGGTTGAACTTGAAAAACTCTTGGATCTCACCTGCGATCGCTGTTATAAAATACAGTCTCGAAATTTGGCTTTACAAGAAATGAACCGTCGCAAAGATGAGTTTCTCAGACAGACTTCTCACGAACTGAGAACCCCGATGAATGGGATTATCGGTTCGTTACAATTGCTTTTAGATGATTTGTGCGACGATCGCGAAGAAGAGGTCGAACTTTTACAACAAGCTTATCAATCTTCTATTCATTTATTGACTTTACTCAATCAGGTTTTAGATTTGGCAAAAATCGAATCCGGTCGGGTGACTGTTGATATTAAAACGGTTGATTTGCATTCGAGTTTGTCGGCGGCTATTTACTTACAATTGGCAAATATTCGGCAAAAAAATCTTCAACTCTATCGAAAAAATTATCAAAATGTGGTTCGAGTTCGAGCCGATCCCACCAAACTTAAACAGGTGTTTATTAATGTGATTGGTAATGCGATAAAATTTACAGAAGAAGGAAGTATTACGATTACAACTCAAAT
NZ_CP178543.1_gap60	2587936	2590593	2657	TCGACCACGATATTACCGCTCGAACGGATCGGGAAACAGAGATTAGTATAATCAATAATGGCGATGATGTCAACAGTTCGCTCCTACCAACCGACCCGCAAGTTATTATTAATAAGCTCAAAAATGGGCGACGTCCTCAACTTGATCTCGATAGTGTTTATGGTGACGGGCCAGCATTAATACCGGGGGGAAAAGTTGGAGCAAATACAGAAGCTCAGTTTCTTTATGAGGACGAAAGCTTACTGTTAAAAGTTCAAGAAATTGATAATTTTGTAGATTTGCCTCGGGTTGGTCGCACGGCAAAAATTGCGGATATGCGTAATGATGAAAACGTCATTATTAGCCAACTCCACGCGGCATTTTTGAAATTTCATAATGTCATTGCTTCAAGTTTACCGAAACATTTGTCTCCTCAAAGTCGGTATATTTATACTCGTCAGCTTGTCCGTTGGTGTTATCAATATGTGGTGGTCAACGACTATCTCCGAGCCGTTTGTGAACCAAATATTGTCGATGATATTTTGTTGAACGGCCCGCGTTTTTATCGTCCTGGGTTTAGTGGAAATTCGGTATTTATGCCTTTAGAATTTTCCGTCGCGGGATTTCGATTTGGTCACTCGATGATTCGCCCATTTTATCAACTCAATCGTCAATCTCAAGTTAAAATTATGAACCTCTTGGGGGTTTCAAGGGAGAGACATCCAGAGTCAGATTTGTTGGAAAAGAACGGTGAGAATTACCAACTGAAAAAACAGTTTAGTATTGACTGGCAAAATTTTGTTCAATTTGCACCAAATGAACCGATTCCTAACTTTGCTCGTAAAATCGATCCTCAAATTTCTAAAGGGTTATTCGACCTTCAACTCGATGGAGCGAGGGCGAATACTTTCATGTCTCATTTAGCTCAACGAAACCTAGTTAGAGGTTATTCATTGAGTTTACCCACCGGACAAAAAGCCGCCAAAGCCTTTGGTTTTCAACCGCTAACAACAGAAGATTTAATCGATAAAGAACCCAATCAAAAATTGAAGCAAGCGCTCGAATATGGCGGGTTTGGAAACAGAACACCGTTATGGTATTATATTCTCAAAGAAGCGGCATTACAAACTGGGGGAAATACGTTGGGAGCTTTGGGGAGTAGTATTGTTGCGGAGACGATTATTGGTTTAGTTAAACAAGACCCCAACAGCTATTTAAACCATCTGCACAACCCCGCAATACAACCCAACGGAATTCGTATTCCTCGGCTCTACGGTCGCAGTTCAATTATTAACTCAATTGGAGATATTCTCGCCTGTGCGGGAATTCAATAAGAGCCAATTAAAATCGGTTAAAGTTAGAGTTTTAACTGATTGAATTTTAAGGGTTTTTCCGAGTCGTCTGGATGAGAAAATCAAAGGTTGTAACAATCTTTGTCTCATTCAGATGATCTGATCAAATAGGATTAATGCTTACTGTGGGAAACAATAAATGATAGAGATTAGTAAAGTTCAAGACAATCTAATATAGGATTATCTATAAACTATTGAATAGTTTCAGCCCCAGATCGAAGAATGGCTTCGACATTACTCGTTGATGTATTTCCACACCGTAACCAAATCACTTTCGGAGGAGAACCGTAAAGACGACTTCGTTCAGCAAAGTCAGCATCTTGAGTTAGAATACAAAAACCTTGAGTTGTAGCAAATTCCCAAATCTCGCTATCATTTGCTTCTGAAAGACTTTGAAACTGAACATGACTGGAGTCGGGAAAGATATCAGCCAGACGACTCACTAACTTTCGGCTTAAGTTTTGGTCAAACAGTAATTTCAAGGTTTACTCACCACAACCGTTAAACGACGTTCTCGATCCGCAGCAAACTCCAAACACGCTCTGATATCTTCTTCTGTTAATTCGGGAAAATCATCTAAAATTTCACCGTGAGACATTCCCGATGCTAGCCAACCCAAAACATCGTAAACAGTGATACGCATTCGTCTAATACAGGGTTTCCCGCCCCGCTTACCTGGCTCAATGGTAATGATGTCGCGATAGCTCATAAATAAAAGAGTATACTGTCTTTGTTCTCAGTTTAACCTAGTTTGGGGATTTAAACCCGTTAAGAATACAATAAAATTACAGTAGATCGCATTTGTCTGAAAACTCTGCGTATTTTTACTGAGACTGAACGGATTTTAAGCACTTCAAAAAATTATTAAATATCAGTAATTACACGCTGTTCAATCTTGGATTTTCCACTTAAGCTAGATGTAGAGATTTGAAAAATTTAACACGTTATACATTTAGGAGATAACATGGGTTTATTTGGTAAAGCACGTTCATCCGGCGCTATCAAAACAGATGTTACTATGAGTCCGGCGGAAGCATTTGCAGGTATTGCATTAGCAGTTGTTGCTGCTGACGGCTATCTTGCAGACTCGGAATTAGATGTATTAATAACTTTGCTGGGTCGGATGCAACTTTTCCGTAGCTATCCGTCTGAAGTAATGAGACGTATGTTTGATAAACTTTTCGGTATTATCAAGCGTCAGGGAGTTGAAGCACTGGTTAATCAAGCTATTCAAACCCTTCCCCATGAATTACAGGAGACAATGTTTGCTGTTGCCACCGACTTAATTTTAGCAGATGGTGAAGTTACTGAAGAAGAAGAAAGTCT
NZ_CP178543.1_gap61	2607317	2610527	3210	TTCTAACAAACGCTGCCCTTTCCCGGATAAGGCGCCAAGCTGTCCGGTTTCTAGGAGTCGCAATGCGGCTTGAATTGAGGTGATTGGTGTCCGCAGTTCGTGACTAATTAATTGATTGATGTTCTCTAAGGAGTCTGTCGAGGTTTCTTCTAAGTTTGGATCTACTGTTGATTGTGTTGCCGGGGTAATTTTAATCAAGGTCATTGAGGTTCTCCAAATTTTAATCCGAGTTTTTTGAGCTTAAAACTCTTTTCTTATAGGTTGTTATAAAGCAGTTGATAGGGTATCGATCGCCTGGTTTTTAACGGCTACTCGTTTTAAGTATAACCTGGAAATAGGTGTCGGGTGAATTCTTCGTTTTTGGGGACAGAAAGAAATTTTTTATACATTTAATAGTTTTTTTAAGTGCAAAGGAATCTCTTTCAGTATAAAAGAGTTTTCTGGAATGGTTTTATTCTGAATCTAAATTTAATGTAAAATAAAATGTGGCTCCTTGCCCTTTCACCGATTCGGCCCAGATTGTCCCTTGATGGCGATGAATAATCCGTTGGACGGTTGCCAAACCAATTCCCGTCCCCGGAAACTCTCCCGAGGAATCTAACCTTTGAAAAGGTCTAAATAGTTTATCGGCTTGAGACATATCAAAACCGACGCCATTATCTTGAACGAAGTAAATGGGAGAAATCCGAGGGGGAGAAGAAAGATTTTCTGAGGTTGAACTTCCTTCTTTGCTGTGAGAGTTTACCGGCGTTCGATTGCCAAATAAAATCCCAAATTCGATTTGAGTCACTTTTTGTTTGGCGGTATATTTCCAAGCGTTAGACATTAAATTTCCCAAGGCAATCTTTAAAAGTTGCTTATCTCCTTTCACCCGGAGATTTGGCTTGATTTTAAACTCGACTTTCCGCCGTGAATCTTGCTGGCTTAACTCCTCAGCAATTCCTCTGATGAGATGGCTTAAATCGACCGGGGTAATACAAATCTCATTTTGTTGAACCCTCGATAATTCCAGCAAATTCTCTATTAATTTATCCATGCGTTTAACGGCTTTCCGAATCCGTTTAATATAAGAGATTCCTTGGGGACTCAGTTGTTCGCCGCATTCTTTTTCGAGAAAAAAACTAAAGCCATCAATGCTTAATAATGGGGAACGTAAATCGTGAGAAACGGTATAACTAAACGCTTCTAATTCGTGGTTCAAGCTTTCTAACTGTTTCGTGCGTTTTTCGAGTTCGGCGTTGGTGATTTCTAGCTGAATTTTTTGTTGTTCAAGTTCTTCTTGAGTGCGCTTGCGTTCTATGGCATAACAGAGCGAATAAATCAATAGTTCTCCAATTGCTAATTCTTTTTTAAGATAGTCTTGGGCGCCGAGTCGCACGGCTTGAATCGCCATTTTTTCATCGTTCAGTCCGGTTAAGACTACAATGGGTAAATGATTGGCTTTCGACAAAATATCTGTAAACGTGTCCAGTCCTTGACTATCCGGCAAAAATAAATCGAGTAAAATAATGTCAAACCTATTTTGTTCTAAACAAGAAAAAGCATCGGTTAATCGTTCCACAACCGTCACTTTAAAGTTCATTTTATGACGTTTTTTTAGGCTTTCTTGAATCAGAAAGGCATCGCCGGGATTGTCTTCTACTAATAGAACTTTAATTAATTCCTGATACATCAAGGGTTCTCCGATGAGGTCAATAGAGGGTTAATTATATGAGGGCGAGGCAGGGTAAAATAAAATGTTGAGCCTTGTTGACTATGGGAATCAACCCAGATGCTGCCCTGATCTAACTCAACTATTCTTTTGGCGATCGCGAGTCCCATTCCAATACCGGGATAATTTTGGCGGGGGTGAAGACGCTGGAAAATGTCAAAAATAGCCTGATGATATTTGCTGTCAATACCGATGCCATTATCCTGAACAGAAAAAACCCACATTTCGGTTTGAGGTTGAACAGCAATTTCAATTTGAGGAGGGCGATCGCTGCAATATTTGATGGCATTTTCAATTAAAATAGAAAACAACTGAGTCAGTTGTTGGGGATTTGCCATCACCTCGGGTAGAGGGGTTGTCTGAATTTGAGCTTGGGTTTGGACGATGAGCGATTCTAAGTCCATTATCGCCTGTTTGAGACAAATTTGAGCATCAGTGGCTTGAGGGGGTTGATAGTGGGTTTTCAAGCGACAATAGACGAGCAAGCTATCGATCATCTGTTGCATTCGGACCCCACCATCAACCGCAAAATGAATCATTTGATGGGCGCCCGAGTCGAGTTCTTTCGAGTACCGTTGGGCGAGTAATTGATTACAATTGACAACCATTCGCAAGGGTTCTTGTAGATCGTGAGCGATGCGATCGAGCAATTTTTGCAGTTCTATTTCTTTTTCGTTTATAACGGTTGGGGGAGGCTCAATATCGCTTTGAGGAGGGATGGAGTTTTTTAGGGTTAATAAGGCACAACATTCTTGACCGGCGATCGCAGAAACAGGAGTCAGAGACACTTGGACGAGGGGTGACTGTTTTTGTGGAGAGTCGGCGCTATTGGGCTGCCATTGGTGAGACAATAGTGTAAAGTGTACTTCCCTTTTTTGCTGAAAGACTTGATGCCAGCAAGATTGAAACGGCTCGGGGTTTAAGTGAGAAAAATGAGCAAATAATGAAGTTCCGACAATTTCCGGCTTGGAAATTTCGGTGTATTGTTCTAAGTAACGGTTCCAAAATAGAACAGTCCAGTCGGAGCGGAGCAAACACAAACCCACCGCAACACCATCCAAAATTTTATACTGTCGGGTAATGTGTTCGAGTTGATCATACATAGTCAATAAACAGATGTTTAAACATTAACTTGATCGGCTTGCAAGGATTAAATCACTTTTGAGGAGTTCGGCACTCCTCCCGGTAAATTTTTTACACTTGAGCCAGAGATTTTGCTAGATTTGCAGTTGGTTAGATCTATATTATATGTAACACCAGATTTTTAAAATCAACAAAAGGAAACTGCATATGAATTATAACTCTTGTCAGGCGACTCTCGAAATTCTTATTGTAGAGGATAATCCCGGTGATATCTTTCTGACTCAGGAAACCCTAAAAAATTTAAAAATTCCGAATCGCATACACGTTGTTCGCGATGGAGAAGAAGCCCTAGCATTTCTCCATCAGCAGGGTGAATATCAAACGGCTCCCCGCCCTGATATTATTTTACTAGATTT
NZ_CP178543.1_gap62	2611786	2614202	2416	ATTTATACTAGCACAGCCACAGGAGATTATGGTGCGACCTATATGAGTCAGACCATCGCAACAATTACGGGTTATCAAGCTTACGAATTTGTCGAAAATTCTCAGTTTTGGGCGGAGCGAGTTCATCCCGATGATGTGCGGGAAACTTTTGCTTTATTATCCCAAGTTTTAGACACGGGAACGGAGATTCTTGAATACCGATTTTTACATAAAAATGGTACCTATCGCTGGATACGAGATGAAATTAAATTGCTTTGCGATCAAACCAATCAATCGACTGAAATTATTGGCTATATGATTGATATTACCGAACGCAAACAAATGGAAGAAGCGCTGCGGGAAAGTGAGGAACGTTTTCGGTTAATGGCTAATAGCGCACCCGTGTTAATTTGGATGGCGAATGCTGAGAGAAAATGTACTTTTTTTAATCAAGTTTGGCTCGATTTTACCGGACGAACTTTGGAGGAAGAATTGGGCGAGGGTTGGATGGTAAATGTACACCCTGATGATCTCGATCATCTCCTCAGAAGTTGCCCCTCTCACTCGGGACGACAACCCGAACCTTTTATGGTTGAATATCGTCTCAAAAGTTGGGATGGAAAATATCGCTGGATTTTAAATAAAGCGGTTCCTCGCATGACTGCGGATGGCAATGTTTCGGGATATATTGGGTCTTGTATTGATATTACTGAACGCAAACAAGCCGAAGAACAATTGTTTACCCTAAACCGAGAGTTGCTTCAGTCAAACCGCGAACTTGAACAGTTTGCTTATGTCGCCTCTCACGACTTACAAGAACCCCTGCGAATGGTGAGTTTGTTCACTCAGTTGTTGGCTCAAAAATATGAAAATAATCTCGATGAAGATACTCAAACTTATATTAATTATATCCTGGATGCTGCCAGCAGAATGCAGCAGTTGATCAAAGATTTATTAGCCTATTCCCAAGTGGGAACGAGTAAGAGTACAGCCAATTTTAAACGGATTGATTGCAATCAAGTTTTACAAAAAGCTTTGCAAAATCTACAATTGGCGATCGCAGAAAGTAATGCAATTATTGATTCGTCACCCTTACCGACTATAATTGCTGATGAACAACAGCTAGTTATTTTACTGCAAAATCTCATCGGTAATGCGATTAAATATTGTCATCCTGACGTTTTACCCCATGTAGAAATTGCGGTAGAATCTTATTCCAGTGCGGAAAATAAACGGGAATGGTGTTTTAGTATTAAAGATAATGGTATTGGCATTAACCCCCAATATTTTGAGCGAATTTTTAAGATTTTTCAACGTTTACATCACGATCAAGAATATCCGGGGACGGGTATTGGTTTGGCAATTTGTCAAAAAATTGTTGAACGTCATGGCGGACGAATTTGGGTTGAGTCTGAAGCCGATCAAGGTTCTACGTTTTATTTTACCCTTCGCTATTAACAACTGAAGCGCAACGCGGGCGGGAATAGGGAACAGGCAACAGGCAACAGGGAACAGGAAATTAAAAACCTCTCTCAGTAAAGGTTTGAGAGTTTCTCAATTTCATCAATTTGTCCATATACCCGTGCGACCTGTTATCAAACATAAATACACTCCGTTGTTGCGCTTCAGCACTCTAAAAAAGTAAATGTTTTTCACTTCCCAAACTTTAACTTTATGCCAGTAAATTTTGAATTTTTTTTGCGCAAAAGCACAACAACGAGCGCTAATTTTAACGAATTTTATCAAATCAAACAGAAACTCTCTCCCACAGAAAAGCGATCGCCGTATTAAGATAGAATGTCTGGCCTATTAAAAAACTATCCCTTGCGATGAGTCGTCTATTTTTCCCCGTCTCCGTGTTGTCTGTCGCCCTATCTGTGACATTCGCCGCCTGTAGCCCCCAAACGACCCAAAACCAAACCTCAACAGGCGATACAGACACGTTACGCCTGTTATATTGGCAAGCGCCAACCATTTTAAACCCTCACTTGGCGACGGGGTTTAAAGACTTTGACGCCGCCCGTATTGTTTACGAACCTTTAGCCAGTTACGATCAAAATGATCAACTCATTCCGTTTTTAGCCGCAGAAATTCCAACTGTAGAAAATGGCGGAATTGCTAAAGATGGAAAATCGGTGACTTGGAAACTCAAACAAGATGTAAAATGGGCGGATGGTGAACCATTTACGGCCGAAGATGTTGTCTTTACCTATCAGTTTATTACCAACCCCGATGTGGCGTCAGCCAGTATTGAATATTACTCAACCATTGAAAAGGTAGAAGCCCTCGATAATCATACCGTAAAAATTACCTTTAAAGATGTTAATCCCGGTTGGGCGGTGCCGTTTACGGGTCAAAATGGGATGATTTTACCCGAACATATTTTTGCTGAATATAACGGTGCCAATATTAGAGAAGCGCCCGCCAACCAAAAACC
NZ_CP178543.1_gap63	2784868	2786681	1813	TCAATTCCTTGATTTTTCCAGCGTTTTAAGGTCGGCTGTACGTCGGGATAAACAAACCAGGGTTTGTCGGTTTCAAAATAGGCGTAAAGGTCTTTGAAAAATAGCGAAAAGTCTTCAAATTTCTCGAATAATTCTACTTGTTTAAAGGTGTTTTGGGCGATGATTTCCCACCATTGAAACTCTAACAGTGGAATTTCTTCGAGTTGTTTTCCCGGAAATGCCATCGCCGGAGCGTTAACAAACTGTTGAAAAAAGGCTTTATTTAAGGTGTGGGGTTCGGCGACAACTCCAAACTGATAGGCGAGTTTTGCGTAAACTTCACCCACGCTATCCCGTACACCAAATAACGTTCCAACAGCATCGAGAAAAATAACTTGAGGTTTTAACATTGGGTAGAATGAAGATGGCAGGGAAAAACTAATTCAAAACTCTCGACTATACAGGAATCTTGAACTTCTGAACTGTTCCCAAGAATTATATCAAATTTGGTTATTTGTGTAGAACCGATCTGAATTTTGTAAAAAAGTTGTCAAACGCGAATAAGATGTGAGAAGATGAGATACTAGCTGAATGTGTCTCTACAGTAGAATCCCAAACAAAACTGTTCAACTCACTTAACATTTCACTCCTAAACACTATGTCTAAATTAATCAAACGGTTAGACATTTCTGCACATCCTCGCCTGGAACAATCTTTAGGTTATCATGCAGAAAATCGCTGGGTTGCTTGGCATTGGGAACCCGATATCGAACAAGCGATCTACAGCGATGGTAAAACAGCCGGAACGTCTAACAGTTTAGCTTGGCAGGTGTTCCTAGAACATCCCCAAGTCAGCTATGATGTACACAATTATCAGTTAGCCGAGTCAGAACATTACTGGTTGTTGCTCGATCGCAAAACTCGCAATTTGTACGTCGGCGAGGGTAAAATTGTTCAAGGTTTGTTAGAACAGCCGGAAGGTTTAGGGTTGTTGGCAACTTTGGATGGAAACAATAACCCCATCCGAGATACTCGCTACGCGATCGCCCAACTGAGTCGTTTTAATCCCCTTCGCAGTTGGCTAAAACTGGTTCCGGTGGGTGTAGGAGCGGCTTTAATTGCAGGTTTTGGACTGGCAACTTGGTCTTCAGTATTATCGCCGAAATTCTCGCCAATCCCCGAACAAAAACAAGCCATTCAACCTGTACCTCTAACTCCGATTTCTCCGACTGCAACCTGTGGGGTAGGGGGTTCGGGGAATTTTTCCGCTTTTGTACCTCCGACTTCCGGGGATAAAGAACTGCATTTGGTGGGAGTGTACGAATCCCATCCTCATCATAGCGGCAATAATCATCCGATGGGAGAAGCACAAGTTAGGGTGACACGTCAAGGTAAACCGATGATTTTGGCGTTATCATCCTACGAACCGGTAAATTGGAAAATTGACATAGCGCCGGGAGTTAAGATTGAGAAAATTATTGTTAATGGATACCACGATCAAAAAGTGACGGGTGTTTCAGGAGTTCCCATTGAAGAATACAGTTACAAAGAGACGGGAAAATTTTTAGGAGATTTTCTGTATGATTGGAATTCCGCAAACAACCAGGGGACTGGGGGTTTAGTCAGTCAACTCAATCAACTGACGGAAACCGAATTAACTTCTTTTCAAGGATGCTATCGGGGAACTCAGTTTGAAATTCGGTAAAAGCTTAAGAAATCATTGAGTTCGGCTTGAAATTGGCAGTTGATAGTAGGATAAGTAAAGCAAGAGGTTTAGATTCTCCTCTGCTCTCTTGTACCCTGCCTTCTCTAGCAGATAGGGTAAGTTTAGTAA
NZ_CP178543.1_gap64	2829349	2831769	2420	CAGTCACCACCTCACCAGTGAATAGGGTAAGGGGTAAGGGGTAAAGGGTAAGGGGTAAGGGGTAAGAGGTAATTCTAAACTTCTGACCTCACGACTTTTGACCTCACGACTTCTCCCCACCTCCCCGCCGATAACCCATCCGTTTCCAAGCACCATTAACCGAAAAAACCCACACTCAACCCATCCGTTACCCATCCGTTTCCAAGCACCATTAACCGAAAAAACCCACACTCAACCCATCCGTTACCCATCCCCGACTCCCGACTCCCGACTCCCGACCCTATACACAAACACTCGATTTTGTCAAGATGCTGATTTGGGGGTTGGGCTTGGGCGTTGAAAATTCGTGTGTTTGGGTTTCGATTTTTTCGTCAGGAGATCCGGATATTTAACGATAGAATCTTGGTTTTAGGCTCTATTTTGACGTGTAGACAGAGTAAGCCCTTGGGTGGTGTTTTTTATAGTGTACCAGAACCCCTAGAATTCCGTCAACTTTTTAAGAAATTTTCTCAATTAAAAATTCGATTTTTCGGCTAAACTTTTATTTTTCAAAACGATTAGCCGATTTTTATTAGAAAAACTTAACTTAACGGCAAATTGGAGTCCGAGTGGGAAGGGATCGGTTAATTGGTGAGGAGAATAAACAGAGATCTCACCCAAGTGAGGATTTTGATTTTGGCAACCTTTGTGAGCATCAACGGGTTGATTGATGTTGCACTGGTTATCTTATACAAATGATGAATTTTTGTATACAACTTGCTCGCCCCTCACCGATAAAACTTGTCAATACTTTGTATAAAAAACTGGGCAAATCGGCACAAATTTCTTCAACAGAAAAAGCATTGTTGAGCCGCTAGTCTCGTAGATTTTCAAGTTTGCTTTGTCATAAATAACCCTATAAACCCTATGAAATGGTGATTTGAGAAGTTAAGATTTTTGAAGATATCAATCAAGTTTTACAGGGATAAATCAACTTTACACAATCTTTATAATTACCCCAATTAAAATTTACAAAAAACGCTTGTCGAGATGCAAAGGAGAGATTTATTATCTGGAAACATACAAGCAAACGCAGACCAATCTAATGACTACCCAAACTACTCCAAAATATCACGTCGTTTTAAGTAGACCCTTTGATTTAGAACAGTTTGCAAAAAACGCCCAACAGGACAAATGTCCTCGCCATACTATGTGGACACTCGCTCAAAAACTAGGAGCAACCGTTCACCAACCGGGACAACATCCCATTTCGCCGGCCGATCGCTTCTTATCCAAGCTGATGGGAGGTAGCCTACCCGAACATTGGGCGATGGCTCGGGCAATGTCTAAGCAAGTGGGCAAGAATGATATAATTTTTTCTATCGGTGAAGATTCCGGTTTTCCGATCGCCACCGTTTGCGGTGCAAAGGTAAACCGACCGAAAATGGCTGTTTTTGTTCACAACGCCGATCGCCCCCGCAGCCGCGTGGCGATGAAGTTGTTCAACTTAGCCAATCGTGTTGATGTGTTTATGACCAATACCCAGGTCAAAGCCGACTTTTTACAAAACTATTTGGGGTTGGCTTCTGAGCGGGTTTATCTCGTCACCGAACAAACCGACACCCAGTTTTTCACCCCGGGTCTTGCTTCTGCGGATAAAAAGCGCCCGATCGTCGGCAGCGGCGGTTTAGAACAGCGAGACTACTGCACCTTAGCGGAAGCGACCCAAGATTTAGATCTCGATGTCAAAATCTGTGCGGTATCTCCCAACGCCAAAGCCATAGCAGATACTTTTCCCCCAGTCCTGCCTAAAAATATGTCGCGGGGATTCTACGACTGGCCGGATTTGCGCCAACTGTACCGAGATTCTGATATTGTCGTGATTAGCCTCAAGCCGCACAACTACCAAGCCGGCTTTACCACCTTGTTTGAGGCGATGTCTTGCGGACGTCCGGTGATTATGACCCGCACACCCGGTTTAGCGGAGGAGTTAGCCGAAGCGGGAATTATTACCGGGGTTAACGCCCAAGATCCTCAAGGAATGCGTCAGGCTATTGTCGATCTGCTGAATAATCCCGAAAAAGCCAAAGCTCAAGCCCAACGGGGGTATGAGTTAGTTCAAGGCAAATACAACAGCGAACAATACGTCGATGGTATTGCCAACCAGTTAATGTCTTTAGAGCCTGAACAAGAACTAATTTTAGCTTATTAGTCCGGTTCTGGCAAGGGGAGACTCTATTTACTCAGGATGAAGTTTGTTGATCTTTTGAAAAACATAGACTTCATCCTGATAGAGTTTTAACTGAAATTGGGGTAAGTTTTCGAGTTGATTAACCAGAGATTGAGCAAATTGGCGGTTACTTTTCCAACCCGGATGTCGGACATTTAATAACACATAATCAAATTGGGTTAGATCCGTTGGCGGTGCATCAACATTCGTA
NZ_CP178543.1_gap65	2849530	2850605	1075	CTATTTTACCTATCATCTGTTTCCCAACAAAGCGTTCTATCTTAGTGAATGTTAGGAAATAGGAAACGGAGATTAATTTATGTTTGTCAACGGTTTAAAAACAGTGAGTCTGGCGGGTGTTGTTCTTTTAAATACGGTGATGGTTGAAGTGGCTTTTACCCCGGTTGCGGCTGCGCTTCCCGCTTCTAGTTCCACAGAAATTATTGCTCAAAATAATATTCTCGCTTCCGGTTTATTTATGACCGTTGAGCAGGATCATCCAACGGAAGGAACGGCTCGAATTATCAATGAAAATGGGAAGCGATATTTAGAATTTGATGGCGCGTTTACTACGGCTCAAGGCCCCGATGTTAATGTAATTTTACATCGAAACTCGTCTATTCCGGTTAATCTTAAAGAAGGAGAATACATCACCCTGGCATCTTTACAGAGTTTTGACGGTTCTCAACGGTATCTCCTCCCGGACGATCTCGATATTAGTCAATATAAGTCTGTGGGAATTTGGTGTCGAGAATTTAACGTGACCTTTGGTTATGCGAGTTTATAATTTTTAGAAATTTTATTGATTGGAGTTTTCAGCCTCACAAAAAAAACAAGGGGCGTTCAACCCCTTGTTCAAACTTTGTCTCTCAAGATTAATCTAAATGATTGACCAAAGTTTCAGGATTTTCTACAGCATTTTGAGTATTTTCTTTTAACTTCCGAGCGTTCCGTTTGGTACCGGATGTGATATCTTCGGTAATTTCTTTAGCGGACTCGCTCACATCTTCAGTCAGATTTTTCACCCGTTCATCGAGGGGTGTTCCCTCATTAAAATTCCGGGCAAATTCTTGAGGACTGTTCACTTTGCTGACGTTTTTCTTCGCATTGTTCACCAACTCATCAGCTTTACGTTTGGTGTAATTACTCGGTTCGGTATCCATATCTTCGTAAGGATACATTCCGCCAGATTTATTGCTTTGAACCGGAGCATAAAGCTCTTTACTGGGTGCTTTGCTGCTGTGATATTCTCCCGAACCCGTAATTTTAGGTGACGGGGGATTTGCATTACCGCAAGCAGTCGTAACCACGAGTA
NZ_CP178543.1_gap66	2861095	2863648	2553	TGCCAATTGGGGAGTTCATCTGTATACTGGATTTTATCACCGCAGAGTTTCAACAATTTCTGCGAGCGATTGATTTAATTAATAATGAAGCGCTTGAAATACTCCTCGAACAACTTCTTGATGCGTTCACGCTCAAAATTGGTCAAATTATCCAAGCCGATCGCACGACGATTTTCTTAATTAATCGCAGTAAAAATCAACTGTGGTACAAAACAGTTCAAGAGGAAACCGGGGAAACCCAAGAAGTTCGCTTTCCGATGAATGCGGGAATTATCGGTCATGTGGCGAATACGGGTGAAACGGTGAATGTGGCGGATATTCACGCCAGCCGTTTGTTCGATCCTGAGGTCGATCAACCTCTGAATTATTCGGTTAAAAATCTTCTCTGTATGCCGATTTTTAGCTCTCAAAATCCCGAGGAAATTGTGGCGGTTGTGCGTCTTTTGAATAAATCAGAAGGGCCGTTTAATCAGGAGGATGAACAGCAATTTCGCGCTTTTGCCGATTCGATTGGGATTATTTTAGAGAGTTGCCAATCTTTTTATATTGCGGCTCGAAATCAACGGGGTGTGGCGGCGTTATTGGAAGCAACGAATACTCTGGGTCAAAGTTTAGATTTAGAAGATACGTTGCTGTTGGTAATGGAGCAAGCTCGTCGGTTGATGCACGCCGATCGCAGTACGATATTTTTATATAATAAAGAGAAGAATGAACTCTGGTCAAAAGTTGCCAAAGCTGATGGCCGAACCATGATGGAAATTCGCATTCCCGCCAATCGAGGAATTGCGGGTTTTGTGGCTTCTACGGGTCAAGTTTTAAATATTATCGATGCTTATACCGACCCTCGTTTCGATCCTTCCGTCGATCAACAAACGGGTTACAGAACTCGAAATATTCTCTGTATGCCGGTTTACAATTCGGCGGGGGAATTGATTGGGGTGACGCAATTAATTAATAAACATAAAGGCAGTTTTATTAACTCGGATGAAGCGTTTTTACGGGCGTTTAATGCTCAGGCGGGGATTGCGTTACAAAATGCTCAACTGTTTGAGAATGTGATGGTCGAAAAACAATATCAGAAGGATATTCTGCAAAGTCTTTCTGATGTGGTGATTTCGACGGATATGCAGGGAAAAATTGTCACCATTAATGATGCGGCTTTGGAACTGTTAGGCTGTCCGAGACGCAAAGCCGAAAATCGACCAATTCGGGAGTTTTGGGAAGATAAACTTAAGGGTCGATTAATTTGGGAAGTGGTTCCGATTGAAAATTTAAAGTTGTGGTTGGAAACGAGTTTAAAACACGGTGCGAGACATTTTATTCCCGAACAAACCTTAACGGTTGGTTTGGTTAAACGCCCGGAAAAAGAATGGGAAAATGATGATGAAATTCCGGTTTTAGTGGTTCCTGAACGTCACAACTCTGAGGTTTATTTGGTCTGGGGAGAACCGGAAAATGTTCTCACCACCGATCCCGATCAAATTCAACCTATTGAACGGGGTATTAATTTAACTGTTAATCCTCTAACAAACCCGGAAGGGGGTGTGCGAGGGGGGTTGGTTGTTCTTGAAGATATTAGCCGCGAAAAACGGATGAAAACCACCATGTATCGTTACATGACTCCGGGTGTCGCGGAACGGGTGATGGCGTTGGGTGAAGATGGGTTAATGAAGGGTGAACGCAAGGAGGTTACTATTTTATTTTCGGATATTCGGGGCTATACAACGATTACTGAAAATCTCGATGCGTCGGATGTGGTGGCGTTATTGAATCAATATTTTGAAACGATGGTTGAGGCGGTTTTTTCCCACGAAGGAACCCTCGATAAGTTTATTGGGGATGCGTTGATGGCGGTATTTGGGGCGCCGCTTCCTTTGCGACAAAATCATGCTTGGATGGCGGTAAAATCGGCTTTAGATATGCGTCGGCGTCTGAAAGAGTTTAATCGTTCTCGTCCTAATGAACCGCAAATTAAAATTGGTATTGGGATGAGTTCGGGTGAGGTGGTTTCGGGTAATATTGGTTCGCAAAAACGGATGGATTATACTGTGATTGGCGATGGGGTCAATTTAAGTTCTCGCCTTGAACAATTGACTAAAACTTACGGTTGTGATATTATTTTAAGCGAAATGACTTATCATTTATGTAGCGATAAAATTTGGGTGAGAGAGTTAGATAGAGTGCGGGTAAAAGGAAAAAATCAAGCGGTTAGTATTTATGAATTGATCGATGCCCGTTCGGAGTCTTTGAGTCCGCAAACCGAACGTTTTCTAGAGTATTATAATAGCGGTCGGGAAGCTTATCTAAACCGTGATTTTAAACAGGCGATTCAACATTTTGAAACCGCTCAAGATCTTCGCAAAGCCGACCATGTGGTGCAGATTTATATTATGCGATCGCTTCAATATCTGGAAAATAAACCGCCAGAAGATTGGGATGGAATTCAAACCATGACAACCAAATAGACAAAGTAGAAAAAATATGGCACCATTGTAGGGGCGGGTTCGAGACAATCTTTATTAATTAGTATAAATCTCAGCAAACCCGCCCCGT
NZ_CP178543.1_gap67	2868289	2871827	3538	AGTCACAATTAGAATGGGGTGAACGGGCAGGTTCAAAATAATCAGAATGGTATAATAGGGGGATTTGTGGGGAGTCTGTCTCGATTTTAAGCGTCTGTTTTTCTCCTTCTGAACAGTCTCGAATTTCTGTAGTAATTGTAATTTTCGCGAGGTGGGGATGTTCTTGGCTAATGTCTTCTAGGGCGTCTATTGCGTTGGAAATAATATTTATAAAGACTTGGCTGAGTTGATTGGGATAGCCATAAATTGGCGGTATTTTACCATAGTTTTTAACGAGGTTAAAGCCTTTTTTAATTCGATTTTTTAAAATGAGTAAGGCGTTTTCTAAGCAGTAGTTTAGATCGACTTTTTCCGGTTTTGAACTATCGGTTCGGGAAAACCCTCGCAGACTGTTGACCAGATGAATGAGTCGCTCAGAAGATAGGTTGATGCTGTCTAAAACTTCGGGTAAATCTTGTTGAATCAATCCAAAATCAATTTGTTCTTTATAGTCTTTTATAGAGGGGGAAGCTTGGGGGAATTCTTGTTCATAGGTTTCAAGCAAACCCATTAAATCTTGATAATAATCAGAGAGACACTGAAGATTCCCTATAATACAGGCGACGGGGTTGCGAATTTCGTGAGAAACTCCCGCCAACATTTGACCCAAACTTGCTAATTTTTCGGTTTGAATCAGTTGAGCTTGGGTTTTTTGACGGAGTAATTCTGTCGCGAGTTGATGAATACAAGATTGAGCGATCAGCAGTTGTTGAACGTCTAAAACTTGATATTGATTCGGGGAAATTTGGACGACAATGGGTTCATAAATATGATGGGGAGAACGGCGAATCGCTTGTTGGGCGGCTTCAACAACGGGGGTATTTCCGGGTAATAATAATAGCTCCATTTTCGCAACATTATAGAACACATGAAGCGATCGGCCCAAGAACAATTCTCGCGCATAGGGACGGCTCATCCGTTCAAAAAATCGCCGTTGAGAAATCATCCCGATGAACTGTTTTCCATTCATTAAAATCACACCGGGAATGGTGGAGTCAGACTCAAAAAGTTGAGTTAAAATGATTCCCTTTTGATTGATATCGACTTGCAGATCAAACAGGGAGAGATCTTGTAAACTTGACTCTAGATGAAGATTCTGGGGGGAACGGTTGAACTCGATGATGTTAGAGCGATCGGGGGAATAGGTGTTTAGCATGGGTTGGTTGATCGAAGGCGCGAGATTTTGTTACACTATAGCAGCGCAGATCCACCCTAAATATACAGAAAATCTACAGACTCTCTTTTATTTTAAAGAAAGATCGAAAAGCTTGCATTAAAGGTTTCTAAGATTAATCTAGACTTAACTAAAACTTAAACTTTTACATTAAATTAAGTTCTGTTGCTCGTCGTGGCCCGGTCTGCAATGATGATAGAGCTAGAACGAATAGGAGAGTAATACCATGACACCATCAGGGTATGAGTTTAGCAGCAGTCAGAACGAGTTAATCGGGGATTTAGCCAAAAAAATGAATTTTGTGGCAATTTTGTTGATTGCGTTCGGTACCTTGGGGATTCTTACCGGAGTGATCAATATATTTACGGCCCTTGGGACGGCGGAAACAGCAGGGATTGTTTTAGGTAATATCATTCAAGGTGCTTTCTCGTTGTTGATTGGTATCTGGACGAGAAATGCCGCCCAAGCATTCAAGAAAATTGTCACAACTGCGGGGACAGATATTGAGAATTTAATGATGGCTTTGGGGGAACTTCGCAAGCTTTACACCTTGCAATACTGGTTGGTGATTATTGGTTTGGTATTCATTTTGATTGGACTTGTTATTGCCGTAATTACGGGAATTGCGCTGTCGGTTTAATGTCTGAAAGCCTAAGCCGTTTTAATCGGCAGTTTAATAATGAATTCGGTTCCTTGTCCGAGTTCAGAATAGCAAAGAAGCTTTCCTTTGTGCTTTTCCACAATAATTTGATAACTAATTGATAAACCCAGACCCGTTCCTTTCCCGACTGGTTTGGTGGTGAAAAACGGGTCAAATATTTTTTCTAAGACCTCGGGTTTTATTCCAGAAGCGTTGTCTGCAATCCGAATTTGAATCCTATTATTTACGACGGTTGTACCAATGTAAATTTGAGGATCTATCAGGTTTTCATCAGCTTCTAAAGCATCAATGGCATTGCTGAGAAGATTCATATAAACTTGATTCAGTTGACCGGGATAACAATTGATTAGAGGAAGTTGACCATATTGTTTAATCACTTTAATTTCGGGATGTTGGAATTGAGCTTTCAGGCGGTTTTGTAACAGGCGAAGGGTACTTTCAATCCCTTGATGAATATCAACTTGTTTTTGTTCAGATTCATCAAGTCGAGAGAAATTTCGCAGGGATAAAACAATGTCTTTGATGCGTTCGGCTCCTTCTTTCATCGAATCCAATAATTGCATAAAATCTTCTTGAATAAATGTTAATTCAATGGTTTGGATTTCATCAAGAATTTCAGGATGGGGTTGGGGATAGTATTTTTGATAAAGCTCAATTAAGTTTAACAAATCCTGGGCATATTCATAAGCCGGTTCTACGTTTCCATATATAAAGTTAACGGGATTATTAATTTCATGGGCAACTCCGGCAACTAACTGACCCAAACTCGCCATTTTCTCCTGTTGAACCAGTTTCGTTTGAGTTTGCTTGAGTTTGGTTAATGTGGCTTCTAAATCTTGATTTTTTTTGCGAATTTCTTGAGTTCTTTCCTCAACTTTTTCTTCGAGGCTATGGCTATAATCTTCTAACTGTTGGTAGGATAATCTCAATTGTTCAATCATTTGATTAAACGTATAGGCTAACATCCCGATTTCGTTATGGCTGAGTATAGGTGCCGTTTGATTCAAATCTCCTTTACTGACTAAACGGGCGGTTTCAGCAATGGCTTTAATGGGTCTAACAATTCGACGACCTAACATTAACATTCCCACCGCCATTAAACTTGATAAAACCAAACCGCTGATAAAAATTGAACTGGCTAATTGTTGGGCGGGAGCAAAGGCTTCTGTTTGGGTTTGTTCGGCAATTAAAGCTAAATCTTGTCCGGGCAAAGCATAATAAACTCCCATCACCGATACACCCCGATAATTGCGATAAAGTCCCCGACCATTTTTCCCCTGCATTGCTTCTTGAATTGCCAAACTGTCAATTCCTTCAGAAAACTCTACTAAGTTCGATTCTTGACTGGAAAGAAACACGTAACGACTTGATAAACTACTGCCTACATTCCCAACTAAATAGGTTTCTCCCGTGTCTCCTAAGCCCGTATTTTGACGAATAATTTCATCAATTCGATCTAAGTTTAAATGAGCGGCGAGAATTCCCTGTTGTTTTTTCTCGGAATTCAACAGAGGAATTGCAAAGGTAATTTGAGGTTTTCCGCTCTCGGGCGAACGGTAAAAATTAGAAATAAATCCTTCCGTTGAGTCGGGCGTGACTAAACTATATTGAACCAAAGGTTTATATAAACCGATTTGACTGGGATTTGTTGAGACTAAAACTCG
NZ_CP178543.1_gap68	2894404	2895584	1180	GGGCAAACAAAGTGTCGTGCATTGACCAAAACTGTCCCTGAGCGGCGGCGTCCTCGGCTGCTTGGGCTGCCCTATGATAGTTACCTCTTGTTGTGAATGGCTGTGTCACTTTGTCAAAAACTCAATGAGCAATACGTGTAGGAGCCAGCAATAACAAGCGCCTCCTACAACCAGGATGAGTACGATCCTGGTTGCAAAATGGCGGGTTTAGACATTGATATTTGCTGGCTCCTGCACTTAGTTGCGATCGCTGGCACGATCGATCAGTGCGTTTGAGGGCAAGCTCGGATCAAGTACCTTGCGCGCACTGTCAACCCCTACAACGGGCAGTCTACCCGGATCAAGCATACCGAGTTGAACCAATACACTCGCCTGATCCCAGTAGAGATGTTCGTGGGCTAGCTTGTCGTCACGAAACTGAACAATTGCTACCAATGCCACTTCAACCCGTTTAAGAGTCGGAGCAATGCCAGGTAGCATCCAGTCCATCTGGATGGTATGAGTGAACTTAACTAGCATTTCATCGACGAGTTGATTGGTCCCGATTGTGCGCGAGACCGGAGTCAGCTTCATGTCCGGCGGCATCTGTGGAATGAAGTACTTGGAATAAAACTCGCGCAGTGCCGGTTTCCCTACTCCCCCAATCATTACCGGAATGCCGTTAACGTAAGCATCCTCAACCATCGTGGCGAGAGTATCTTCAGTGTTGTGAGCGTCAAACTCAAGCCGCAGATGCTCATCCCAGAGTTCTTGCAAAAACTCCTGGGCTGGTGTCAGGTTGCTAGTTGCCTTTCCATTTGCTTGTTCGTCTACAGATTGCTGTTTGACCATGATTGGATTCTCCTAGTTCTATTTATTTAAAGTGTATTGAGTTCCAAGGCTCGACTTCTTTCAAATTCTTACAATGATTTGTCAGATTCTTGTGGAATTAACGAACCTGCTTTGGTGTCATTCCAGTAATTCGCTTAAACTAAGGATTTGAGCGTTTGCGATCGCCCGCTTCCGTCCCCTTTACATTTCTTTAGAGACAGCCTCTTACCGCTCTCAAGGAGCATGATTTGCCTGATTGGATGCACTTCTATTTGCATAAACTCAATATAGGAGATCGCCTTCAAGCTGTCGTCTATAGCAAGTTAAAATTTTTACAGTATAAATTGATAGAGCAACCATGCCATCGTGG
NZ_CP178543.1_gap69	2938684	2943399	4715	CTGGTATCCCGATGGTTATTATGGTCGATTTGAACTGCATAACGGAGTAGTTATTCAAGTGCAACCAACTGGAACTCACGAACAAGTCGCCGGCTTTCTTGCATCAAAACTGTCTGTTTACATTGAACGCTTGAATTTGCCGTTTTTTATTCCCCGACAAGGGCTGATTAAAGCCATAGATTCGGACAAATCGGCTTATATTCCCGATGTGATGGTCTTGGATTATAATGCTCTGGAAAACGAGTCATTATGGAAAAAGCGATCGACAATTACCCAAGGTAAAAGTATTAAATTAGCCGTAGAAGTCGTCAGTACGAATTGGCAAGATGATTATTTAATGAAGCTCGGAGAATATGAGAAATTAGGAATCGGTGAATATTGGATAGTCGATTATTTGGGGTTGGGAGGTCGGCGTTATATTGGAAACCCCAAACAACCAACAATTTTGGTTTATCATTTGGTCGAGGGAGAATATACGGTCAATTTATTTAGAGGTGAAGATGTGGTGGGTTCGCCTACTTTCCCCGAACTTAATTTGACGGTACAACAAATCTTTGCAGTTGGTCAGTAATTCTCAAAATGCGTTTGCCTGATTAACCGATAGTAACAAACTGATAATAAAAATAATGAAGAGGACAATAAATGAATTGCCCTCTGTGATGTTTATCTATTTATTGAACTGCTAGATCGAGACCAAACCGAATACTTATGCTTTCAATGATTCCGCTCTTTGATAATATTGAGAAGCTTCCACAGACCGACCCAACTTGGTCATTACATCACCCATCAAGCGATGTAAACCGGAAGCAGTTGGGTTGAGGTTAATGGCTTGCTGATAGCTATTAGCCGCTTCTTCAAGCGATCCTTTGGCTTCAAAGGCTTTACCAACCAGTCGGTGATAACTTGCCTGTTCTGGCTTCATTTGGATGGCTTGACGATAGCTGGCGATCGCCAAGTCATAGTATCCTTGGTTTAAGCGAGCATCGCCGAGTTTTTGATGAACTCCAGCATTAATATCCGGCTTAATTTCAATTGCTTTAGAATAAGCAGCAACAGCTTCGTCATATCTTTGTTGGTCCTGACAAGCATCTCCGAGAGCAACATAAACCGATGCGGGAAAGTCTGACTTGAGTTCTACTGCTTTTTGATAAGCGGCGATCGCATCATTCTTTTGAACGGCTTGATTTTCTGGAGTTCCCAGTTGGAGGAGCATATCTCCAAGCTGTTTGTAGTCGAATGGTTTGAGGAGATCGGGTTCGAGTTCTATTGCTTGCTGATAAGCCGCTACTGCCGCATACAATTTATTTTGCTGTTTCAGCGCTTTACCCATTTGTAAGTATGCTCTGGCAGTATCGGGTTTAAAAGCAATAACTTTCTGATAGCAACTGGCGGCATCGCTCCATTTTTCTTGCTGCTCATAAACGCTCGCCAACTGGTTCAGTGCGGCAAGATTTTGAGGTGCAATCTTGAGAGCTTCGTTGTATTGCTCGATAGCTTCATCAAGTTTACTTTCTCCTTTGAGTTGCTGACCACTGGCAATTTTTTCTTTTACAGCAGTCATCTTTTGTGTTTGCTCCGGCATAATAAAAAAATCTCCTGTTTGACTAATTTAACTTCCACAAAACCCTACAAAAATTATAGCATATCTCTTCCAAAAATAGATAAATAATAATAGTTTACCAGTCATTATTTTCTTCATACCCTAGCTTAACAAGTGCGTCCGGATACATTTTTTTAAACAGCTTTTTATGCTCGGAATTGAAGTGCTTTTTCCAATCTCCGGATACACCTTTGCGAAAATGACTTTTCTTGTCTTCTTCACCTCTTTTTCGCCCTGCTCTCTTTTCAAAACCAAGCTGTTCTACAATTTTCATTGCTCTATCTAGCTGCTCGTCATTAAATCCATACTTTTGAAAAACTTTCGTAAATACTCCCACCTCATCCTTTGCCAAATCTTATAGTCTGATCTCCACTATGTTTGGATTGGAGTAATCCCAATTAACCATATTTTTGATCGCATTAGCCATCCGGTTAATTTCTGCCTTAATTCCTTCATCTTTGGAAAGAGAATTTAGAAGCTCTTGATAGCTTTTATTACCATATTCTTGTTTTTTCTTATGACACCATTCTTCTGAACACCAAAGATGGTAAAAGTAACCCGATATAATCATATCTCGCGGATCGCGGATGATATGAGAACCTACATAGGAAGGTAACTGTGAAAAATTAACTTTACTATGTTGCTGGAAGAAGATATCGGTTTCTGAGTGCAATTCCTGCTGCTTACATTTTTGAAAATTCCAGCCATAGTCCTTTGCTACTCTTCTGAGAATGCCTGAAAAGAATGTTGTAGCAACTTTGTGATAGCTACAGTGAACAATCAATTGGTTAGGCTTGGGGTGGTGACCACTTCTTAAATCGACTTGAAAATCAGCACTTACTTGGTCAATAGACTTTATATCAATATTCTGCCGTTTTTGCTTAAGTCCTGAAGAGTCAATAAAAAATTTTGCATAGTCACCTCTCTTCATCTTAAACAATACTTCATAGCCTTGTTTTACTTGTCTAACGCCGATCAACTGATCAATCCAAGGATAGCGTTCCTTTGTAATATAACCTTGATCGTCTCTTAAGTAAATACGAGAGTTTTCTTCCAGTTCAATATAGTATTTGCTGGAATCATTTAGCACATTTAATTCGGTCATGGTGTTACCTCTCACTGCATTAAATTGAAGCTTTGTATTTTTTTTATTCGTTCTAATTAGACCGTATAAACAGATGGTTTTGGCATTTTATTGCCAGCACAACTCTTCTCCTAACAGTTTTTCCAGATCTTCATTATAGGGTTTAAAAAACCTAGAAAGCTGAAGACGTATCTCATCATTCACAGAATTATAAGAACCAGAATTGTTTTTCGTAGGTTTCAGAATCCTGTGTCTCGGTAAATCTAAAAAATTAAAAACTCTGTTCATAACATCTTCAGTATTTTTTGCCAAATCTTCTAATGTTAAAACTAAAATTTGCTCTTTGGGAAAAATATTCATCCACTGTTTAAGAAAATAAACATACAACCCGGCTGAGACAACCCCTCTACATCCATTAATGTCCTGCTCAACATTTTTCATCTGACTAACTTTCTTGATTCCTAAGCTTACAATTTTATCTATACTTGTGCTTAAGCCACGAGACTTTAAATCAAAAAAGTAATGCGAGATGGCTCGATCCACAGGGTTTCTTAAAATAAAAATCAGTTTGATGTTTGGAAATCCCTTTCGTAATCTCTGAGCAACAGTTGAATCAAAGCCATAGAGAGTGCTGGCTTCACCAGTTAAATAAGTTGAGTTTTCAGGAATTGGAGGAAAATTAGCTCGATACCAGTCTAAGCCCAATCCGTATAAATTTTCATTGTTAAAAAACATGATTTCCTTCTGACTTGCAGGCAAGACGTTCGGATGCTGGGCTATGTAGTCATACAGTGAAGTTGTACCGCACTTCATAAAGCCAGCAATAATGAAGTGTGGCTCCCTTTTGTTGGACTCATCCCAATGATTTTTAACAAAATTTGGTTTCAGTCTCACATTATTTTCATAAGCTATTTGTTTACAGAACTTAATTGCCTCTTCCACTTTTCCGAGGGAACTTAAACCGTTAATAACAATAGATTGTGCCTGCTTATTATTCGCACGTTCCTTAAGAACTTCTAGACCAAATTGACTAATCCTTTCAATCTGATTCGGCAGTATATCTGGATGATCAATTAATCTCTTCAGTCGAACATAAGAAACTCCTACTTTAGGATCAATTTGAACAGCCTTTATGTAGCAGTCAATAGACCAATCTAAATTTCCAGAGCTTCTAAACGCATCTCCTAGCTGAATATATGCCTGATGAGATTCGGGCTGAATTTCTATAGCCTTTTTATAGCTACAAATTGCCTCTTCCCATTTACGTTGCTGGGCTTGGATCTGTCCCTGCTGGTAATACTTTTCAAAAATTTCGTTTACCATAACTACCCCTCTCCTCTAAGTGTTTTGCATCTTTACCTTATTTAATAATTGTGATCTCTCTTAAGTTGATCTCTGTATCTTGTAATTGTACACTTAGGTTTAAGGAAGACTCTTGCCTAAATTTTGTAGCTAGCTTTTCGTTGAGTTCATTTCCTTGCTTTTTGAAGCTTGCGCTATCTATAGAAAACTCATGTTCCACTTCAACGTCACAAAATTTGCAAATCTCTTGACAGATTTGATTGGGATTCACCAATATGTCTTCATAGTAAACCTGCAAATAGTCTATCTGATTAATTGCAAAAAAGTCCAGCAGTTTTAAATTTTGCTGCGTCAGGTATTCCATAAAGTGATTAATTTTATCTCGGTCATACTGGACGTCATCCCGACGACTTTTATTCTCTTTTTCTTGGTTCTGTTTCTCGTTCATAGAAGTCCATTCATTGGTTACTCTTGCAATGTACATCGAGACAGCCTGCGCCACTAAATCTCGACGCACTAACCAAATAAACTTACTTGTTTGTAAAAGTTCCTTAACTGCTTCTAACCTTAAAAAAGGTTCTAATTGATCGAACAAAGCCTTCATCCCAAAAACATTATTCTTTGAGGAAAGGCTGTTGACAATATGATCTAAGTAAGTCGTCATGGAAACCTGAGAATTCTGCTCAAATAAACCATTCTTCTCACAATAGGGACGTAGCATTGAGTCTA
NZ_CP178543.1_gap70	2945209	2949197	3988	TTTCCCACCCCAATCATACCAATCACCAAGTAGTCTTTATCCTGTTCGGTTTGGACTCTCTCAATGGGCTTTTGGGGTTCAATGTGGGGCATTGTACAAACCGGAGTTTCTGCCAATTTTCGGAAAAAGATCGCTTCTTCTTCTTTAATTGCCCACACTAAATTTGCCCGCTTTAATGCAATGGCTTCTTGGTCTTCGGTGGTGTAGAAAAACTCGGGACGGATGCCTTGACTTTCTAATAATTGTCTGCGTCCGGTGAATTGATCGTGTGTGTCGAGGATGCGACAAACATAAACCGGAGCAAATTCAAAAGCTTTACTTAAGTAAGTATAGTTAACAATAAAGGCATCATAATAATTGTGTTGAAAGAGCCATTTCAAATAATCTTCTAGCCCCTGATCCCACCATTCATCGATGAGATGATCTTCCCCAATTGCGGGGGCTTGTACGGGGCGAGTTGTGGGTACGGTGTGAAACGAATCCCACTGATTCGCCATTTTCTTGTACCATTGACTGGGGATATGAGCGACAATATCTTGAGGATAATGTAGAAAATGAATTCTCGCGCCCCGATTCCGCAATTGTTGACAAACTGAATAGATTCGTTTGCGATTTCCTTGGTTTAAAGGATAAGTTGGTGTCGGGGAAAGAACGAGGATATCTGTTTCTTTCAGGCTTGAATTTGAATTGAGATCAATCATGGTTATTTTCCCGGTTGGCTCTATTTCTCAACACCATTAAACCCAGCTAAAAGCATTGTTGTGAAGGTAGACAGTACCCACAGTTGCTCTCGAAATTGTTTCGGATCGTCGGTGTCGTAAAACAGCCCTCGAATGGTTCGTTCTTTTGGGGGTAATCCAAAGAAATATTCCAGGAGAAAGTTCCATCCAGACCGCGCCATTTCAATGGCTTTTTCCGAGTCCATTTGATAGTCTGAAACGGCTTGCCAAGCTACCCGTTTGCGAAACCAAGCGTGATTTAATCGCTTTTTTTCTACTAAGTGGTCTACCTGAGCTTCCGGAGCATAAATGGTTAGTTTTCCTTTGCTTTTGATTTGGTCGAGAAGATGTATTTCTTCATTACTCATCAGTGATGTTCCTCCTCCGATGCGCCCTAAAGAAACATCAAAACCGCCATTGTCTAAAATGTCTTGAGTTCGGAAAGAAATATTTGCCCCCGCAAACCATTCATCGGGTTTGGCAACTCGCATTTCTCCCCCCCAGTTTACCACCGAAACGTAACTGAGTAAAGTATCATCTAACCAACTGGGACGTTCAATTTCCCACATGGGATCGACTCTCCCCCCCAAAACAGCCGCATCGGTGCCAAATTGATCGAAACCTTGCACGATTTTTTCTAACCACTCGGGACAGGCGATCGCATCATCATCGAGATAGGCAATGAATTCGGTTTCGCAGAGTTTGGCCGCCACATTCCGAGCGTTGGACAACCCCGGAATTCTTTCAATATGGTAAATCAAAAAGGGCGGATCGTGATATTCTTGCTGTACTTTTTTGGCTTTTTCATAATCGGGAGAGTTGTCAATAATCAAAATCTTGTACTGATCTTTGGAAAGGGTTTGATTTCGGACACTCTCAATCGCCTTCGCCAGAACGTTATAGCGATTATATGTACAAATTGTTGCGGCAATTCTTTGCATAAAATCTCAAAATTGTTTGGTTTTTGTGAAGCTGAATTTGAGAATAGAATCACCCTGATGCTAGAAAAAACCCGTTAGATTAATTAAGAAAATATGGGGCTTAGTTCTTTTAAAATTAACCTTAAGAAAGGCACACTAACTATTTTATCTTTTTCGGTTTTCAACGTCAATAGATTGGTTGAATTTAACCGTTCATTTTCCGAAACTGCTATCAAATCAATTCGAGTGTTTTCTGAAGTCTGACTTTCGGGTAATGTCCCCGTAAATATCCCGTAATTTTTATCTTCGCTTGGCCCTCGCTCCAACGGAATAACCCGATCATCGACGACACAATAAACAGTCAGGTTCTCGATGGATTGATTGACAAGCTGAAGTAAGATTTCTCTCGGATAAGTGCGATCGCAAAACAGATCGAATCCAAAAGGTTTTCCGGCTATTGTCCAGCGAAATGGAGTTCCATATCGGTCATAGTCTTGACTGGAGAAACCCTGACTTGGAGTTAGGGGAAACTCGGCATTAATTGTTATCTCTTTTGAAGTCAATTGAGAAGGGGATAACTGAGAGAGTAAACGATCCATCCTCTGAAATTGATGTTCTAACTGCTTGATTTTCCCATTCAAATAGTTGCGACTGTCTTCCGACTCGACAAACTCAACCGCCTCTTGATACATTAAAAGCGCCCGATCCAGTAAGCCCTTTTCTTGCAGAGCATCCCCCAAATTCTGATAGGATAAAGTGTAGCTCGGGTTAACATCAATCGCGTGGCGGTAAGCGGCGATCGCTTCATCCAACTGGTTGTTTGCTCGCAGGCGATCGGCTTGTTCGTGATGGTTCAACCAGGGATCGGGTTCTTCCGAAGGCTGGAAAGAAGGCTCCGAGTCGGTTTTTCGGTATCCTTGACACTGCTGAATGGCAAAGGTTCGCAGGGCTTCTACCTCTTTTGAGTCGGGTTGAAGTTGAAGAAATTGGTCATAAATCGCGATCGCCTCAGACCATCTTTCTAACTCCGATAATGCTTTTCCCAAGTTATGAAAAGACCAAGGATATTGAGAATTTAACTCAATGGCTTGCTGATAGGGACTGACCGCTTCTTTATATTTTCCCTGAAGTAAGAAACTGTCTCCAAGCTGATGGTGATAAAGAAATTGATCCGGTTCTAACTCTATTGCCTTTCTATAGGCATTTACCGCTTCTTCAAAGCGATTTTGCCGGGTGAAAGCATTTCCCAAATTGTAGTAAGCTTCGGCAAGATTGGGTTCGATTTCAATTGTATTTTGTAAATGGGGAATTGCTTCTTCTACTTTTCCTTGATACAAAAGCGACCGCCCCAAATTACAATGAACCCAAGGATCATCCGGTTGCAATTCTATCCCTTGACGATAAACTTTTTCAGCTTCTTCATATTGTCCCTCAAGTAGTAAACTGGCTCCTAAATTCATGTAATTTTTGTCTTCAATTTGCATTTCTACCATTGATTTAACCTCCTTTTTTATTTCCTCTAATTGCTTTCACATTTTTGAGTTTACAGTCGATGAACTCCAACGCTTGATAAACCGATCAATCATTTCTTCAGTATAGAAATGCTGGCAGTATTGAGAAGAATATATATTGGCTAATACACTTTCGGGCAAAGTAATTTCTTCTCTAATTTTTTGATAGGCTTCTCGATAAGCTTTATGTTCAGAATCATTCACTTTTACCATCTCTAATTTATCTTTTAACTCTAAAAAATCTGAGATAATCTCGCCCCAATTTTTGCTATTTTCTAACTGAAGAATTAACACTTTTACTCCCTCGGTCTCCAGAACAGCATAGCCGTCCCTTTTATTAAACTCCTCTTGATATACATCCAAGTTGAGTGCGGGTTTAAACTCGTAATCAAACCAGTTACAGTTTTGCCATTTTGCCCTATTATCGTAATTCAAAACAGACCGAACAACAAAATCTTTAATCGGGTTGAGTTTCCAATTGCCTTCTGCGTCGATAAAATCCGGATGTTCATCTTGAATATTTTGAAAAATTGATGAGATTAATTGACTAACTGGTTCTCTAACGGCTGTAATTACCCTTAACTTTTCGGCACCACCTCTATCTAGATATTCTCTTAAAGCTTGACTATGCTCCATTTGAAGAGTCAGGGGCAAATTTAGAGCCTGACGTTGTTGAATTGATAACTTTAAATTCTCGGGATACAGTACATGAATATGATAAATGTCGTTGGGTATACCTAGCCGCTTTAAGGAAAATACAATGCTCTCAGAACCTACTTTTCCCATTTGATAAACAGCAATAGGACCTTGGTAGGGCTGAGTAGATACAGATAGTTCT
NZ_CP178543.1_gap71	2951400	2954718	3318	TTTTCCGGTGTCAAAGCCGGATATTGATCGAAAGTCGGACAATGGCGATCGCAAGAGGTTTTATACCGATCACAGTTCCCCGTATAGGCACAACGCCCGGTCAATAACCACTGGTCGTGCATTACAAAAATGGTCGGGTATTTCTGACAAATCCGTTCCAATAATTCCACACTTTCTTGAATATTGTGCAGATTTCCCAATACTACCAAATCCGGTTCTATACAGGAAATTAATTCCATCGCTTTTTCGGCGGAAAATTCAATCGGTTCGGGTTTCCATCCCGAAGCCCCGACAATGGGAATCACTTGATGTCCCGCCGTTGCCAAAGCCCGCCCAATTTGTTCGTGAGCAATACCGGCGCCCCCCGAAAAGCCCAAGTCACTCAATAAAATAACCCGCAGTTGATGGCGTTTGGGCGGGGGTTCCACCGGGGGCGAAGACTGTGGGCTGGAAATCTGTTGATTTTTTAAGAAGCGGGTGCGAAGCCGATCTCGGGTTGCCAGCAGTTCCGGTTTATACTTTTCGGTGGCGCTGGTTTTTTGGGCTTCGTGCATCCGAAACTGGGCAATGGGATGGGTGATGGGATGAATTTTGGCGCCGGCCGCAGCAAATCTTGCCCACATTTCATAATCCATGCTATAATATAGCGATTCATCCACCGAACCCCCGGTTTTTTCCCAGATGGCACGGGTAAACAGCACTTCAGGTTGATGGAAGAATTTCCCGCTCAACCAACTGTTCTCCACATCGAGGATATCTGTTAAAGACATCGTTCCGGGCGGGCAGGAGGTGACGTGATGCAAGACCTCTTGTTGTTGCTGAAAGATCTGACAGACTCCGGCAACCACATCGGCGTCGCTGGTGTAGAAAGCTAATGCTGCGGCATACAGCGCTCCGGGTGCAAAGCGGTCATCGCTGTTCAACCAGGTGACAATTTCCCCGGTTGCCCGTTGAAATCCTTTGTTGAGGGCGTTACTCTGACCTTTATCCGGTTCGCTGACGACGTAACTCAAATATCGGCGATATTGGTTGACGACCGTCATTGTTTCATCGGTGGAACCGCCATCGATGAGAATATATTCCAAATTGGGGTAATTTTGATGAATCACCGATAAAATGGTTTCCTCGATAAATTCTCCTTGGTTGTAAGAGGGGGTAATGACGGAGATTTTTGGCCAGGGACGACCATCGGGTAAGGTCTTCGGGGGAACAAACGGTTGAACGGAAATATAAGGCCATTGATTTTGTTTGTTGACCAGGGGTTCAAGTTGGGAAGCCGTCGGATTAATTCTGGCTTTTGCTAATTCTAAATTGCGGTAAAAAGAAACATTGAGAACCGGATCGATTTCCGTTGCTTTCTGATAACAAATAATCGCTTCCGACCATTGCTGCTGCTGAATTAACGCATCCCCCAACCGACCACAAGCTAAGGCAAAATTGGGTTTAATTTCAATCGCTTTTCGATAGGCTGCAATCGCTTTTTCCCACTGTTGTAAGTTCGAGTGAGCTTCGGCTAAATAATAATGAGACCATTCAAAATTCGGCTCTAATTCTATCGCTTTTTCTAGGGGAATAATCGCCTCTTGCCAACGATTTTGTTGATTGAGGAGTTGACCCAGGTTAAACTGAGACCAAATAAAATCGGGATTTAAACGGGCTGCATTTTGATAAGCATAAATTGCTTTTTCCCACCGTTCAAGCTTTGTATAAACTTCTCCGAGTTTATGATGGGATAAGCCAAAGTCTGGATTGAGTTGAATCGCCTGTTGATAGGTGTTCGCCGCTTCTGTCCATTGCCCGAGTTTGAAGAAAATATCGGCTAAATTGTTGTAAGACCAGCAGAAATCTGGCCGCAATTTAATCGCTTGGCGATAGGCATCAATGGCTTCAGTCCAGTTCTCCAATTGGGAGAAGGCTTCCCCTAAATTATGATAAATTTGGGGCTGATTCGACTCAATTTCTAAGGCTTGACGGTAACAAGCGATCGCTTCTTCGGCCCGTTGCAATTTCAGGAAAATGTTCCCCAACTCTTGACAGGCGGACGGATGTGTGGGATGATTATGTAGGATTTTTTGGTAATAGGGAATGGCTTCGTCAATCCGTCCCTGTTGTACCATCAATCTGGCAAGCTTATAGTGGATCTGCACTGAATTAACATCCGGTTTGAGTTCATAGGAGTTTTTGCCGTCAGAGAAAACTTCTTTCTGAGACTTTCTGATCATTATCTATTGATTGTGTGTTAAATCAGGACAGAGCAAGCTCTGAATCTATGCTTTTGAGATTACTCCGGGCTGATCGCTTAAGCCGGAGCAACAAAATCTCCAAAATCCGAATATTACAACCTAGAGCAAGCGTGGCTCAAAGTCTTTGTATCAAAGTTTATATCGAGTGTTTGAAATGCGCCCTAAACTTGATTATCAACCAGGTAACTACTATCGTCAAGTTTTTTGACTGAAATTAATCACATCTTGATACAACCTTTACCAAAAGCCCATCGTTGTTGCACTCAGCCCCTAGCCCTCCCGCGATCGGAGTATTTACATTTATTGTGAGTCAGGAGGTCACAATCGCGGTAAAGTGATAAAGGGATTCGCCCTGCTGAAAGTCTTAAACCTGCTATGACCGATCTCACCCCCGCATCTACTCAACCGGAAGAATACCCCAACGCTGACTACCGACAACTCGACGCCAGCAAACTGTCGGAAATGATGCAGCGATACATCGAAGTCAAACAACAATACCCCCACGCACTGCTATTTTTTCGGGTGGGCGACTTTTTTGAATGTTTCTTTCAGGATGCGGTGATCATCGCCCGGGAACTTGAACTCATCCAAACCACCAAAGCCGCCGGAAAAGAAGTCGGGCGAGTTCCGATGACGGGCGTTCCCCACGAACACGTTTATCGCTACAGCAGCACCCTCTTAGAAAAAGGCTACGCGGTGGTTATTTGCGATCAGGTTGAAGATGCAGCCATCGCCGCCAAAGAAAAGCGACAGGTGCGACGAGAAGTTACCCGCGTTCTCACTCCCGGCACCCTCACCGATGATAATATGCTCAAAGGTCGCCAAAATAATTATTTGGCATCTGTAGTCATTGCCGGTGAACATTGGGGGCTTGCTTATGCGGATATTTCAACGGGAGAATTTCTCACCACCCAGTCGGAAAATTTAGAACATCTCACCCAAGAATTAATGCGGTTACAACCGTCTGAAGTGTTGTTTCCAGTCAATGCGCCCGATATCAGTAAAATGCTGAAACCGGGGGAAAATGATAACGAACTCCCCAACTGTTTACCCCGCTGTTTTTGCTATTCTTTGC
NZ_CP178543.1_gap72	2972912	2975656	2744	ATTTAGCCCATGATGTCCCCCAAATCCCCACAGTTCCCGCCCAGATCGCGGTGGAAGACGATATCAATCCCGCGAGAGAACTTTTAGTCCGAGAACGTCCGTTTTCGGAGAAAGGAACAACCGAAATTTCTATCGGTTTGTATGTGATTGATTTATTCAAAGTTGATGAAGCCCGACAAAGCTTTGAAGCGGATTTTTTTATTGAATTTAGATGGAAAGATCCGCATCTCGTTATGAGCCAGTCTCATTGTTCTATTGCTTCCTGCCGTAAAAATTTAGAAGAAATCTGGCATCCGGCGGCGCGAATTTTCAACCAAAGAAACCTAACCAAAAACTTTGAAACGACTGTGGTTGCTCCCGATGGCACTGTAGTTTGCGGACAAAGATTTCACGGTTTAGTCTCCTCTCCGTTGAACCTGAAACGCTTTCCTTTTGACCAACAAACCCTAAAAATTCAAATTATGTCATTTGTATTTAGTCCGGATGAAGTGCAGTTTATAGTCAATCATCACCTCACCGGATTAGCCGAAGAAATATCGCTTCCCAACTGGTCTACAAACTCTCCGGTTGCTCATACCGGTTCCCGCCATATTGCTCAACTGAATCAAAGTTTTGTGTGCTTTGACTACGAACTGCAAGTCAAACGCTACACCGCCTATTATATTACCCGCGTAATTTTACCCTTAATTTTAATTGTCTTGATGTCTTATGCTGTTTTTTGGTTTCCTCCGGGTCAAATTATGCCCCAAATTACTATCTCCGTCACCGCCATTCTTAGTTTAATTACCTATGAATTTACGCTGCAACAAAGTTTACCGCAAGTTCCTTATTTAACGGTTCTCGATAAGTTTGTCATCGGGGCGATGGTGTTGGTTTTTCTGGCTTTAGTAGAAACGGTAACAACCATTGAACTGGCCGAAGTCAAACTGCAATTTCTGGCGCTAGATCTTGATAGCTGGCTGCGATGGCTGTTTCCCATCTTTCTCAGCGGGTTGGCTGCGGCTGCATTTTGGTTATAATTAAAAAGTTTTGAAAAAGGGCGCTATTTCATTTAATATATTTTGTGTGACTTGTTGTTCCAGTCCCCAAAATCCACTTGCTAAAATTCAAAATGACGATTATACTAACGAACGATGATGGTATTGATGCGCCGGGTATTCGCGCCTTATCGGAGGTGATTAATCATCAAGGAATGTTTGTCGCCCCGCAAGAAGAATTATCGGGTTGCGGTCACAAAGTGACAACAAGATCGCCGATTCCGGTTGAACGTCGTTCGGATACAGAATATGCGGTTGGGGGAACTCCGGCTGACTGTATTCGGTTGGCAATTACCCATTTATCCCCCCAAATTGATTGGGTGCTTTCGGGAATTAATTCCGGGGGAAATTTGGGGGTAGATGTGTATATTTCGGGTACGGTTGCTGCGGTGAGAGAAGCGGCTTTTCATGGAATACGAGGAATTGCTTTATCCCAATACCGAAAAGGGGGAAGACCCGTAAATTGGGAACAAACAAAACGGTGGAGTGAAAGGGTTTTAAAAGAGTTATTTAATCGTCCTTTGGAACCGGGAAGTTTTTGGAATGTGAACTTTCCCTATCTCGAACCGGACGAACCGGAACCGGAAATGGTGTTTTGTAAACCTTCTACAAAACCTTTACCTGTTGACTACAAAATAGACGGAGAAAATTATTTATATATTGGCAATTATAGCCTCCGCGAACGCAGTCGGGAAACGGATGTTGATGTTTGTTTTTCTGGAAAAATAGCGGTAACTCAGATTAAATTAGAATAGACAAATGATGTTTGTTTTGTTATGGCTTGAATTGTGCTAAAATGCTTAAAACCTCCTCCGAATCTATTAGCTTAGAAGCCTTTTTGAACCTCCCCGAAACCAAACCCGCTGCGGAGTATATTAACGGCGAAATTATCCAAAAACCCCTGCCAAAAACTCGCCCTTCTCGACTCCAGGGTAAACTAACGACTGTTATCAATCCTGTGGTAGAATCAGAACGAATTGCTTATGCTTTTCCGGAACTCAGATGTACCTTTGGAGGACGATCAATTGTTCCCGATATTGCTATTTTACGTTGGAGTTAAATTGAGTTTAATGATATTGGAGAACCCCGAGATGATATCTTTGTTGCTCCAGATTGGATGATTGAAATTTTATCCCCTGACCAAACTTCTAACCGAGTAACAGGTAATATTTTGCAAAGTCTAAAATTGGGTTCTCAAATCGCCTGGTTAATTGACCCCGACGATCGCTCAATTTTAATTTTTCAACCGAACCAACAACCGGAACTCTTTCAAGCTGATGATCGCTTAATCATTTTAGAAGATATTCCTCTTGAATTAACTGCCAATCAAATCTTTAATGGGTTAAAAATGAATCTCTGAGAACCCTTTAAAGTTTTGCGATCGCACCCAACCCGACAGAAGCGAGTGTGAAAAGAGCGAAACAGGGACTTCAACCGGGAAAGACTAGGAATGATTGCTTAATCTGTTTTCGTGGCGGGTACGGGAGAAGCGATCGCGAAGGATGGTAAAGTTTAACTGTAGTGGGTTTTTGACCGTCGGGAGGAAATTACAGCCCTTACTCCGTTTTAATTATCCCCCATATCCCCCGTTTGTTGTGACAAATCTTAACATCATTTCTCAGCAAATCAGTTTAAGGTAACAATTTAGGTGGTTTGATAATCGCCCTCTCAGTATAGAGATGTTTGATGTAGAACCAAAGCTTTGGG
NZ_CP178543.1_gap73	2977669	2979094	1425	GCCATAAAACAAGAACAACTCTCTGAAAAAATCGAAAAACTAAACACCCAACTCGAAACCCAAACCCGAGAAAGCGATCAACAAATTCAAGCCCTTTTAAATAATACCTTTCAATGTACCGGACTGCTCACCCCCGACGGAATATTATTGGATGTCAACCAAACCGCTTTAGACTTGGGAGGCTTAAAACGAGAAGACACCATCAACCGTCCCTTTTGGGAAACCTACTGGTGGACGATTTCCCCAGAAACCCAAAACCAACTGCGTGAAAGTATCGCCAAAGCCGCTTTAGGAGAATCAATTTACTATGAAGTTGATGTGCTAACTGCGGGGGGGAAAGTCGCCACGACAGACTTTGCTTTGCGTCCGTTAACGAATGAAACGGGGGAGATTGTATTATTAATTGCAGAAAGTCGAGATATCAGCGATCGCATCGAAGCCAAACGAGCCTTAGAAGAAAATCAAATTTTACTGCAATCGGTTTTAGATTGTATCCCTCAAGGGGTATTTTGGAAAGATAAACAGGGTAATTTTCTCGGATGTAACTATCAATTTACGGTGGATGCCGGCTTATCTTCTCTCGAAGAAATCATCGGGAAAACCGATTATGATATGCCCTGGAAAGAAGAAGCAAAATTGTATCGAGCCGACGATCATCAAGTCATGCGATCGGGAGAAGCAAAACTAAATATTGAAGAACCGATGACAAAAGTGGGGAAGATTTCACGACTGTTGAGAACCCATAAAATGCCGTTGCGAAATGCGGATCGAGAAATTATCGGAGTGGTGGGAACTTACGAAGATATTACCGAACGCAAACAAGCAGAAATTGCTTTACGCCGCAGTGAAGCCCGCTATCAGATGTTAGTTGATAACTTCCCCAACGGAGCCGTGTTTATGTTCAATCACGAGTTGCGGTATATTCTGGTTGGCGGTTTTGGGCTGGCTGAAGTGGGACTGAGTAAAGAACTACTCGAAGGAAAAACGATTTGGGAAGCCTTACCTTCAGAAACGTATGAACTGATCGAACCCTTATATCGTCGCACTTTAGCGGGGGAACAAATGGTCGAGGAACTTCCCTTTGGCGATCACCTGTATTTAGTCTACTTTTTACCAATTATTGAGCAAGGAACTGTGCAAGCGGGCGTGGTTTTAACTCAAGATATCACCCAACGCAAACAAGCCGAACAAAAACTACAAAAACTCAATCAAGAACTGGAAGCCAGAGTTCAACAACGCACGGCAGATCTAGAAGTAGAAATCGCCCAACGAACTCGCCTTTTAAACATTTTAGAAGCGAGTTTAAACGAAATCTATATCTTTGATGCGGAAACATTAAAATTTCAATATGCAAACCAAGGGGCGTTAAAAAACCTGGGTTACAGCTTAGAAGAACTCCAACAAATTACCGCAATTAACCTCAAA
NZ_CP178543.1_gap74	3011829	3016332	4503	AGTCGCAGTTAAAGGAAGTAAACGGGAAAAAAATTTCAGACCGGATTACAATCAACGGTTTAAACGTTAGGTTGGTGAATGCCGAAGGATCTATCATTGCTGTTTCTCCCGGAATGTTGCTCAATAAATGGGGAAAAACAATCTGTTTAGAAAAAGAAATTCAGTTCGATCTCAGCGCCTATTCGGGTCAAACGCTAATTTTATTTATTTCCGACCAAAGCCAACCCGGATTACCTCTTTCTCCTGTTAATCCAAAAGGGCGAGGATGGCAACATTTAGGAATTGTGCCTGAAGAACCTGACACCAAAACGGCTACTATTTTAATCGCAGATAACTGCACCTACGAAGGGGATTTGTCTATTATCGTACCCGATGAAAAACACCTTCAGATTATCGCTGCTGATGGTTGTCGTCCTCATTTACAGGGTAATTTATCAGTGCGGGGAATTGCGATATCTGACGATACAAAACCGGGCGAACTAACTTTAAATGGACTATTACTAGAAGGTAAAATTACAGTTTTGGCGGGGAATTTGAAACGGTTAAATATTAAACATTGTACTCTTGTTCCAGAGGATGGCGGGCTTTATGTAGAACCCGGATCGCTTCCTTCCGTTGATGCTAACATCGGGGAAGGGTTCGATGCGATCGCCCTGACCAAATATTCCTTAAATTGGGTTTGGCAGTCCATTCGCCGGGATGTGGGGTTAAGCAATATTTCCCCAGAATTTAACCCAACTCAACTGCTACAACCTGCGACTCAACAACTACAAAATCGAGTTTCGCAGGTTTGGCAAAGCCTCCAGCGTTGGCGGTGTCCCCAAAAATTAGAACCGGCAACCGTTGGAGAAATTACTACAACTCAATGGGATAACGCCTGTTTAGAAATTGTACTCGATCAGAGTATTTGCGGCCCCATTTTCCTCAACAATAGGGTTCCAAAATTGACAATTACTAACAGCATTATCGACAAAGAATTAACCAAATCGGAAGAACAAGAACCGCAAGTTATTTTAGCTCCCGGTAGCGAAGTTGAAATTAAAACTAGCACAGTTTTTGGCATGATAACCGTTCGCAATTTAGAAGCCAGCAACAGTATCTTTACCGACAAAGTAATTGTATTGCGGCATCAAAATGGCTGCATTCGCTTTTCATATCTGCCCGACAAATCCGACACGCCACGCCGCTATCGATGCCAACCCGATATGGCGTTAAAAGGTGAAAGTTTGATATCAATTAATCGAGGACAGCCGAATCTTGCAGAAACAGGGCTGATTCTAGAGCGCTTAAAACCGAAGTTTACTTCAACGATATACGGTCAGCCAAACTATGCCCAACTTAGTCAAACTACTGCCGAAGAAATTCGTACAGGTGCAGAAGATGAAGCCGAAATGGGAGTATTTAATTCTCTAAAACAGCCCCAACGAGAGGCCAATTTACGGGCGAGTCTAGAAGACAATTTACGATTGGGTTTAAAAGCCGAAATTTTTTATATTAATTAAGGAGAAACTTAAATGAAAGGCGATTTTACTAGATTCACATTTCAACCGGAAAAGCATTATACAAGCGTCCGAATGCAGCAAGGTCGCCTGCAACTTGATTCCGATTGGAATGAACAGGTCGATATTCAAAATCATTTACGCCAAACTCAAACCGTTGATTTTATTGGTACAGATAGTGGTGTTCCGACCAGTCAGGGAGATTCAAAAAATCCCTATCGAGATAGCTTCAAGATTACTGTTATAAGAAGTGATAGTGAAAGTGATAGTGAAAGTGATAGTGATAATGATTTAGCGCTCGCTCCCGGACGACTCTATGTTAGTGGTACTCTATGCGAATTAGAAGGAACATTATTCGACTTCAACATTGTGCCAGAAAATTCTGATTCTTGCAATAAAATTAAAGTATCTACTCTGAAGGTTGATGGTCGAAATCTAGAAAAAGACCAGTGGGTTGCAATTGATACAAATCCTAAAAATTTTTTCAGAATTACCAATGTTGATCTTGAAAAGTTGGAGTTGCAGCTAAGTAGCAAAATAACAGAGTCGTCTGGAAAAATGCGTCGTATATTAACTTACAAGACTCAACCCGATTATCCTAATCCCGATAATGGTAGAGCCTTAGAAAATGGTATTTATCTGGCTTACATTGATGTTTGGCAACGAAATATCACAACGATTGAAGATCCTAAACTTCGGGAAGTTGCGTTAATTAACACCCCAGACACAACAACTCGCACCCAGACTGTTTGGCAGTTGAAACTTTATGATCCTATTGAAAAATATTTTGAGCAACTAATTGAAGGTGTCGTCATCACGTTAGAAGAGAGAGAAAAACTATTATTAGCCTTGAAAAAAATGATCGTAACCCGGTCAAAAAATACTGTCAATGGTGGGCAACTTTTGGAGCTATTTAACCCCGAAAAATTTCAAACAAACGGGGGTAAAGATCGAGTCTTAAAAAAGTGGACTTTGTTGCTCAAAAAAATAACGGATTACCAGAATGACTCGGCTTCTTTCATTAAGGAAGAATGGGCAAATTTTCTAGCCGAACACAAAAGTCGTCTAGCCTACATGAATGCCTGTGCTGGATTATGTGGTTCTGCTGGTGCCACATCTAATGACAGAGGTTATCAACGGTTAGAAAATCAACTATATCGGGTTGAAATTCACGATTCTGGTAAAGTCGCTGGAGAGAACAATACTGAAAAAACAGCTACATTTAAATGGTCTCGTGAAAACGGCAGTATTGTCAGCGCTATTGAAAAGATCGAGGGTAACATCATCACAATTCCCAAGTCTAACCAAGATGCTTGGACGAATTCTCAAACCGGACAATGGCTTGAAATAACTAATGAAGAAATGGAATTGAAGGGAAAACCCGGTGTGATGGTTCGCCTGTTAAGCGCCTCTTATACCAAGATTGAATTCGACCGCTCTAGTATTACGAATGATCGGGACTCGATTCTGTTAAATCCTACTCAATTAAAAGTGCGACGGTGGGAAAATATAACCAAAGAACCTGCGATTTCTACCAAAGCTGACTGGATTATTCTAGAAGCTGGAATCATGGTTAAATTCAATCCCAAATCATACTACGAAACGGGTGACTATTGGCTAATTCCCGCAAGATCTGCAACCAATGATATTGAATGGCCTAATGATCAAGCTGATAAAAAAATACGCCAACCTCTAGAGCAACTTCGCCAAGGAATTCACCATGATTACTGTCCCCTAGCAATAGTGGAAGTTAAAGGAGGTAAATTTGAGTTAAAAGAAGATTTGCGGGTGATTTTTCCGCCATTGATGCGTTGTGCTGACAAGTCCGAAGTTGAAAGTCAATTTTCTGCTGTTAACTCCACTTTAGAAACTAAAGCCAATCAATCGGAAGTTGAAAGTCAATTTTCTGCGGTTAACTCCACTTTGGAAACTAAAGCCAATCAATCGGAAGTTGAAAGTCAATTTTCTGCGGTTAACTCCACTTTAGAAACTAAAGCCAATCGAAACGAGGTTGAGAATCGATTTTCTGCTGTTGAATCCACTTTGGAAACTAAAGCCAATCAATCGGAAGTTGACCGTCAATTTTCTGCTGTTAACTCCACTTTAGAAACTAAAGCCAATCAATCGGAAGTTGACCGTCAATTTTCTGCTGTTAACTCCACTTTAGAAACTAAAGCCAATCAATCGGAAGTTGACCGTCAATTTTCTGCTGTTAACTCCACTTTAGAAACCAAAGCCAATCAATCGGAAGTTGAGAGTCAATTTTCTGCTGTTAACTCCACTCTAGAAACCAAAGCCAATCAATCGGAAGTTGAGAGTCAATTTTCTGATGTTAACTCCATTCTGGAAACCAAAGCCAATCAAAATGGCGATCCTCAACAGGACTTTAACGCCAAAATTATCACGGCCCAAGAAATTAAAGTTAATAAATTAACTCAAAATTCATCAAATACACTCAAAGAAGATATTCAAGACTTATCTAGTCAAGAAGTAGCAGCCATCCTCAGATCTCTAAATCCAGTTAAATTTATCTACAAAGAAGATGAAACACAAACAATTAATGCTGGTTTTATTGCGGACAATACACCCGACTTACTAACGGCTAATGACAAACAAGCGATTAAAGTTGTTGATATTGTTGCCGTTCTTACCAAGGCCGTTCAAGATAACCGAAAAACATTGGCAGATTTGGTAAAAATTGTCAAAAAACAGCAAGCTGAAATCGCTACTTTGAAGCAAAAAATAAAAACCTTAGAGGAGAAAACTGAGCAATGATCAAAAGATACCGAATTCACCGTTCTCCCATTCAAGGGTGCTGTTATTAGCAAATCCATTAACTTTCAAATTCAATACGAAGTTTTCATTCTGACCGCCCTTGACCCGTCTAAACTCGCGCTAAAACAAGGAGTTAATAATGCCGATCACGCCTACTTATCCCGGTGTTTACATTGAAGAAATTCCCAGTGGTGTTCGCACGATTACTGGTGTTGCAACCTCTATTACT
NZ_CP178543.1_gap75	3017845	3018576	731	CTTTGAATAAAAACGAATTAAAACAACTACAATCGGGAGAAAATTATGGCTCAATTTAGCGTAAATGCACAGCGTTTCGACCCCTACAAAAACTTTAAATTTCGGGTCAAATGGGATGGCAAGTATGTCGCCGGTGTCAGCAAAGTAGGCGCCTTGAAACGCACAACCGAAGTCGTCAGTCATCGCGAAGGCGGAGATCCCAGCAGCCAGCGCCACTCGCCCGGCGCCACGAAATATGAACCGATCATGCTCGAACGAGGCGTTACCCACGATAAAGAGTTTGAACAATGGGCGAATAAAGTTTGGAATTATGGCTCGGGTTTGGGCGCCGAGGTGTCCTTGAAAGACTTTCGCAAAGACATTATTATTGAACTGATGAACGAAGCCGGACAGGTGGCGATCGCTTACAAAGTTTATCGCTGTTGGGTATCTGAATTTACCGCCATGCCCGAACTCGATGCCAATGCCAATGCGGTTGCTATCCAGAGTATTCAACTGCAAAATGAAGGTTGGGAACGCGACTATGACGTAACCGAACCCACAGAACCGAGTTTCCTAGAACCGAGCTAATTTATGCGTCCCTTATCTGCCGATCGCATTCTGCAAATCTGGGAAATTGGTCAGAGTCAGCATCCTGTCCATCGGGCGCTGACTCTCCTGGCTTTTGCTTGCCCGGATCGAACCGCCAAAGAATTGGCATCCCTCAGTATTGGACAGCGAGATGCGTATCT
NZ_CP178543.1_gap76	3021903	3026157	4254	TGCAGCTTGGCGGAATCAAGATTTAAGAAATCGGGTAAAACCGGGCGAAACAGGTCAACCCCCGCTGGCATTAAATCTTTATTATTTAATTACGGCTTACGGACAAGATAATGAGGATATTTTAAGTCATCGCTTGTTAGGAACGGCAATGCGAGTATTGCACGACCATTGTATTCTGAATCCGGGCGAGATTAAAAATGCTTTGGAAACCAGCGATTTGCAAAATCAAATTGAGCGGGTTCGGATCACTCCCATAACATTATCTTTGGAAGAATTATCTAAGTTGTGGAGTTGTTTTCAAACTCAGTATCGCATTTCTGCGGCTTATGAAGTTTCTGTTATTTTGATTGAAAGCGATCGGCCGGTGAAAGCACCTTTGCCGGTGTTAACTCGCGGCAGTGAAGATCAGGGAATTATTGCACAAACAAATCTTACTCCTCCTTTTCCGACGTTAGAAACAGTCGAACCTCCCGATCGGCAACCCGGGGTGCGTTTGGGTGAAGTTTTAACACTGAGGGGGCATCATTTGGATAGCGAAGATAACAAAGTCTATGTTATTTTTATGCAAGCACGTTTTGCCGAATCCATTAAAGTCGAATTATCGGCAGGGACAGCAACCGAATTAAAGATTTTTATATCCGATCAAGCCGGTATCTGGCCGCCAGGAAAAGAACCCAGTAGTTGGCCAATTGGAATTTATACAATAGCGGTGCAAGTCAAGCGAGATGAAAAAGAATATACCAGTAATGCCTTACCATTCTCGCTGGTACCTCGTATTAATTTAGATAACTTAGCCCTTGATAAAAATTTATTGACGCTAACTTCTCAACCCCCAGTGCAGTCCGGACAGAAGGTCGTATTATTGCTTGGCGATCGCGAACTTTTTCCCCAGTTTGATGAAGATCCCAATCTCGCGAATAAAATGAAGTTTAATATTAAAGGAATTCCCGCCGGCGAGTATTTTTTACGTCTGCGTGTAGATGGGATAGACAGTTTATTAATAGACAGATCTAAGACATTACCTGTTTTTGACAAAAGTCAAAAGGTGAAAATCCCAGAATCTTTATAGCCAGCAGTTAATGAAACAATTTTCCCTCAACTTAGAACTGAACCGTGGCGGGAATTCTCATAATGTCTATGATTGGTTCGTTTTTTGATCTAAAAATAATTCTTCTGATCTTTGAGGGATGCTGGTGGTAGATTTGTGGTTTTTATCCACTTTAGCCGCCAGTTATTAAGTGCTTTCAAATCAATTTTTTCCGAATTTTCCTGCTTCATTTTGCAAATGAATAAAAAAATCGCTCACCTGAATGAGCGACGAAAAAACATTAATTAGTTTTTTTATTAATTTTTTTTGAGTCCAGGGGAGAAAGGCACGAATAACCTGCATTTTTTGGGAGTTAATCGAATGGAATTCAATGGAAATCAATCTCTGCTAAACCTTCACCTTTGATAAGGTGGTAAAATATTGTTTAGCAATAATTTCAGGAGTCAACTTGGCTTCTAAATATTGACGGCCAGCATCACCCATTCGGTGAGCTAATTCAGGTTCAGAAGCGAGTAAACGAATAAACTGAGCCAGTTGAGTTCCCTCTCCATTATCAAATGCAACGCCACATTTTGCTTCGGCAAGCAGTTGACGTAAATAGGAATGAGACTCACAAACTACGGCTACCGGAGAGCCGGCCGCTAAAATGCCATAAAATTTACTCGGCGCAACAATTCCTTCCATTCCGGCAGTTACACTCACTAAAGACAGGTCACAAGCGGTTAGAGAATAGGGAAGAACTGCTTTGTCTTGATAGGGCAAGAATACACAGTTATTTAATCCTAATTCTCGCACTTTCTTGATGCAACTTTCTCGCTTTGCTCCGCCACCGATGAAGACAAATTGAATGGGTTCATCTCGCAATTCGATAGCAGCTTCCATAATGGTATTCATGTCATGGCATCGGCCCATATTACCGGAATAAAGGACTGTAAATTTTTCCAGTAAGTTAAATTCACGGGCGAACCAATTCTCATTTTTATCGAGGGGTTTAATAAAGTTGGGATCTGCCCAGTTTTGAATGACAGTTATTTTCTCCTCGATTTCCGGAGATTTAGCTGCAATTCTGTCTTTCATCGTTGAACTAAGAACGATAATGGCATCGGCTTTTTTCCAAACTTTACAGTTAATCCAATCCCAAAATTTTACCAAGGGATTTTGGCGGGAAACCACACCTAATTCAACGGCGACATCGGGATATAAGTCATACAATAAACAAATGTAACGCTGACCAAAACAGAGATGGGCTAGATAACCCAAAATGGTTAAATACGGGGGTGCTGTTGTCAGCACTAAAATTTGAGAACGGTTAACACTTCTGAGCAAATGTAAACCGGCTCTAAAACAAAAAAACAATCCATTTAAAGCTTTACCTCTAATTCTTTTCGACCAAATCTGTGTGGTTCGGGTTCGTTGAATATGTACTCCTTTATCAATTTGTTTTTGAGGAGCCTTGTTATTTTTAAATGCGTATCCGGGCTGTCCAGTAAATATTTTTACTTGCATTCCTAAGGATTGCAATTGAGCGGCAAGTTCTGCAATAAGCTGGCCTGTTGCTGCATAATCGGGAGGATAAAACTGAGTAATAATTGACAGTTCACTCAGTTGAGGGTTAGGAAAAATTGTAGATGTTTCTGAGGATGTATACTGTTCAACTGATACAGTTTCTACTTTTCCCAGATGTGTATTAGGCATTGCAGCTTCCTTTAGCATAACTAAAATTCCAGATAGATTGAGCTAATTTGATGGCATTCAATCGTTAATCCTTTTTACAAAAGCTTTAAATAACATCCGGAATTTTAAAGGTGTTATGAAGTTTTTTTTCGGAATAATTTTAAACGGCACAAAATCAGCTTTATGTAAACTGTGGATAAAGCTGAAAGTTAGATCTTAAATCTGTTGGTTTTTAGGTGAGCATCCCCGAAAATATTAAGAGTTGAAATAAATTCCTATCCCCGGAGAGAAACTTAATCTTTATCTCATAATTTTGACATCGAGATCGGACCGGAAAAACACAACTGTAATTCGGCCTAAGGATAGGGACTGTAAATTTTTGATCTGGTAATTCCTCCCCCGTAAATTTGAACAGAAAAGTGGTTGAACCGATAATTAATCATCTGAATTTACCGTTTGTTCTAGTTGTAGCAAACGGCGATTAAAAATGTGAGGAAAGATAGAATACCCCGGTCAAATAGATAGCTATTTCATCAATTTGTGCCATGCTTGGAATGAGACTGCGTTCACTCAGTTAAATCACAAGCCCAAGCAATTGTTTTGACTTGGGACGATCATAGTATTTTTTCTGGAAAAAGTAACGGGGATTTTTGTAAAATTTACCGGGTTTTCTGTAAAGTAGTTGTAAAACCCGGTGATCATATACAAAAAAAACCTCTAACCTCATTTTTAGGGGTTGGCGGTGTCTGAGGAGGATATCTGTAGCAATAATTCAGTAAAATTCTTAAATCAAAGTGAAATATAAATGCTTAGAACCAACTGAACTTAGCCTTTATGTTCTGCTATATATCGACTCATATAAACCAGTAATCCGGTTGATCCTATCCCTGAAAATAGCTGGGGTCTGGGTTCCCTGGGTGTATGGATTTAAACCTCGGAGTCACTGCTACCCGAGGATTAAGGCTCGCTCCAGTTCGCCCTGTCACCACCCACAGAATCGAACGTCCCACATCCCGCCAGATCCGCAAGGAAGACTCTTTTTGTTGTCTAGAAGCGACGGCTACCGGGGTAAAGGTGATTCCTTGACTCCCGAGGACGATGGTGGCGATCGCCTGGGAGCGAGGGAGATGAAAATCTGAAGTAATCAAATAAATATGTTGGATATTCCGTTGTTTGAACTCACCGACCATCGAGGTAAAATTTGTTACCGTATCCACCGCTAAGTAATCGAGGTGAACCCGACGCTCGGGGATTTTCGCGGCCCGAAAGATATCCATTGCCGGTTCAGGGGGGATTCCAGACGATACCCAAATGTCTAAGTCGGGGTGGTTTTTAGCGAATTGAGCGGTAAACAGTTCTCGATCGGAACCCCCGCCCAAAGTGAAAATTGCTTGAGGTTGTGGGGCTTGATAGTGAGCGATCGCGAGTTGGACTGGAATAATGCTGATCGGAAACAGAAGTAGAATTGAGCCGGCCCAGATCATCCAATGGTTGGGTAATTTTTTGCGCTGAAACCAGTTCATAGATTGTAA
NZ_CP178543.1_gap77	3113126	3114479	1353	GCTTGAGCGGAGGTACTGATGCCCCAATTTTCGTTCACGGCGATCGCCAATTCGCAACTTTCACGGGCTTCTTGATAACGTTCTAATTCTATCAATATACCACATTTTTTGGTCAAAATCAAGGAAGAATTGGGCGCAAATCTCAGGGCTTGATCGTAGGAATTGATCGCGGCTTCTAGGCTTTGAAGTTTTCGGGATTCTGCCGCATCAACTTGTCCTAAATCTTGCAGTTCTGTTGTTTCTAAGCGTCCCAACTCTCGCACGGCGATCGCTCTTTGTGTCCAAGCATCGGCCGGACTGCTCCGCCCCCAAATTCCATCAATTTTCAGGGCTTCTTCGCAAGATGAAATCGCTTGTTCATACTGTTCTAATTCTAAAAATATTTCGCATTTTTGCAATAAAACTTGAGAATATTTCGGTTCTCGCTGCAAGACATAATTATAGGAAACTAAAGCTTGAGGATATTGTTTCAACTGTTGCAATGAACGGCTCAAACTCATCCAGATTTCTGTATTTTCTCGTTTGGGTTTCAGTTCAATCACTCGTTGACAGGCCGCCACCGCTTCGGCGTATCGTTCCGTCTGTTCGAGGGTGGAGCAAAGTTCTTCCCAAAATTCTACTTTATCGTAATCAAAATTAGTTAAAGGAAGTTCGGGAACAGTATCGGGTTTCGCTTGCGGTGCGGGGGGAAATTGCGGTTGAGGAGGATTCGGAAACGAAGGCGGGGGCGGAGGTTGAGGAATTTGGGGGATTTGAGGGACTTCTGGAGGCGAGGGAAGCGATCGGGGAATATTGATTAATCCTTGGGCGAAATTGAGTTGAGAATTTGAAATTTCCCGTCGTTTGAATGCACCCGTTGCTTGAACTGCGGTTTGAATACAGAACCCGAGTCCAATGCTAACAATACCTATCCATCGCAATGTTGATTTTATCCTCATTAATATTTTCCCGAATCCTGTTAACTGTGATACATTTAATTAAATTTAAGTTTATTTTAACCTTTTGCTACAGAAAAATTAAAATCTCTTAAATAAAAACCATAATAACGATAAAATCAACTAAAATGCAGCCATGTTATTATACTACAGTTGAATTTCTTCAGTTTCAAGTATTTGTCTAGACAAAAAATACCAACGCACCGTTCACTCTAAGAGGAGAACAACAAGATGGGGACTGGGCTATGAAACAGAATCTTTACAAAAGTCAAATAATAACTGTGATTGCGATCGTCCTGGGAATAGTATTGGGGTTAGCAGTACCCGTCTCGTCTGAAATTTCTAGAGTGGTGAAAAAATTACAGCAAAATGGAGAATGTCGGCGTTGTGATTTGGAAGAAGCCGATTTGAGCGGTTT
NZ_CP178543.1_gap78	3126570	3130344	3774	CACCCCTCCGGTGACGTTCGTTTGACCGGGAAATGCGATCCCCGATCCGATATAATCTGGGGGTTGATTGTTGTCTGCAAGTGGCATTTGGGTTTTTGATCAGCTTGAAATACCTGCCGATGCTGATTATCCTAAAATGTCGGCTTGAAGACCCTCGGTTTCACCGTGCGCTCCGGAAAAGCCGACCAGTAAACAAACCGCACAGCAACAAGATTTTAGCATCTTTTCGGTCATCCGTTCACCGCAAGCGAAAAGGCGGTGACGGAGGATGACTCGCGACCCTTCGTCAAACTAGAAAACTCTGTGCTAAATTATATTTAGGCTAGTGAGGTTGGCATAAATGTTAGTTTTGGAGTTCAAGGTTAGGGCTAAAAAAACATCAGTACACAGCCATAGACGAGGCAATACGCACGGCTCAGTTTGTCCAGAATAAATGCTTGCGTTTTTGGATGGATAACGAAAAAGTTAATAAGTATGACCTTAATAAATATTGTCGTGTATTAGCCCATGACTTTGACTTTGCTAACAAATTGAATTCACAAGCTAGACAGTCTAGTGCCGAAAGAACGTGGTCAGCTATATCTCGTTTTTACGAGAATTGTAAACGTAAGATTACTGGTAAAAAAGGGTTCCCAAAGTTCAAGAAAAATTGCCGTTCTGTAGAATATAAAACTACCGGGTGGAAATTAGATTTAACTACCAGAAAAGCTATTACGTTTACCGATAAAAATAATATCGGTAGATTAAAACTGGTTGGAACTTACGACTTAAACTTTTACCCAATTTCGTCCATTAAAAGAATTAGATTAGTTCGTCGAGCGGATGGTTACTATTGTCAGTTCATTCTCTCAGTTGATGTCAAAATAGATACCTCACCAGCCAATAGCGTCATTGGCTTAGATGTAGGATTAGAATCATTTTACACTGACCAGAATGGCAACAAAATTAATAACCCTAGATTTTTAAGAAAAGGGGAAAAGCAACTTCAAAGACTTCAAAGAAGACTGTCTAGAAAAAAGAAAGGGTCTTCTAATAGAAAAAAAGCACGGGCAAGATTAGCTAAAGCTCACCTTAAAATAAGTAGGCAACGTAAAGATTTTGCTGTGAAGTTAGCAAGATGCGTAATTCACTCTAACGATGTGATAGCCTATGAAGATTTAAAGATTAAGAACTTGGTTAAAAATCATTGTTTAGCTAAATCGATTAATGATGCTGCGTGGTATCAATTTCGTCATTGGCTTGAGTATTTGGGAGAAAAACACGGCAAGATAACTATTGCTATACCACCTCAATTTACCAGTCAAAACTGTTATAACTGTGGGGAGAAAGTCAAAAAATCTCTCTCAACAAGGACTCATTTTTGTGCTTGTGGTTGTCAGTTAGATCGTGACGAAAATGCAGCCCGTAACATCTTGAAACTTGGATTAAGTACCGTAGGGCATTCGGGAACTAGGCTACAAGATAGCCTAAACGCTTTGGGAGAGGATACCTCTACTTTTTCAGAAGAAGTTCTGTCTTAGCAAGTAACCTCTGTGAACAAAGAATCCCTCGCTTTCAGCGACGGGAGTGTCAAATTAAGCTAGAGTTACGATAAGCGAACGTATTTTTGTGTTAATTTAACCTTAAGTTTCTGGGAGCGGCTATGAATCCGATTGACAAATCGCAGCATTTTCACGCCATCTACAAGCGAACCGAGGAATTAATCGAATTGGGTGGCAGTCGTTTGTCCCAAGAAACGGTGGAGTCAATTTTATCAATTGCCAGGGTAATTACAGAAATTGGGAAAGATTGCGATCGCTTTCGAGCCGAAATTCAACAGCAGTTAGAACCCCGAGCCAAAGCTGTCAGTCAAACCGAAACGTTAGATAAAGTTCAAGAACAATTGAGCCGAATTATCGAAATTTCTCAAGGCGGAGATCGACCCGCAAAAACCGTTGAAGATTTAATTTCATCCGTTGGTAAATGGCGGGAAAATTTTGTTACCGTGCTGCATAAAATTGAAGTCGCCGAACAGGAAGCACGGGTAAAAGAAAAGCGGTTAAATCTCGATCTGGAATTAAAAGAACTGCAAAATACCGTTCTCAACAGTTCGTATAATAATGCTCAGAAATTGGAAATCTTAAAAGAGTTGCTGACCTTAGAAAATCAGCTTCAATCGTTACAACACTCCTTTCAGGGTGCGGCAAATTGGAAAGATTTAGAACGAGAAATTAATCAACTGGCGGAGCAGTTAAAAGCCGTACAAACCGAATTATAAACCGATTTAGACCCTCAAAAAATTACAAGTGAGTAGGTTGGGTAGAGGAACGAAACCCAACATTACAACCCATTTTACTCGCCTTCGATATTGGCGATCGCATCAACAGCAGATGACTCTCCCGAAACAACCGCCAAAATTCCCGGCAAATACTCATCCATCATCATTACATTCGTATAAACTAACGATTGAATCAAAGCCGAACTGAGCGTATCTCCTTCGACATCAATAGAAGTTTTGAAGCGAATTTCCCCATCGATAAAATCCAGTTCAAAATTACCGATAATCGTGCCATAATTTGCTCTGGAAATAAATTCTGCGATCGCCTGCCGTTTGTCTTCGGGAGCATTAACCGAACAAATCGAATAAAAAACAAACTGTTTTTGTGCTTCCCTAACTTTAGCGTAACAGTCCCAAGTTCCGTTTTTTCCTTGAAAAGCCGAACGCAAAGCCAAATCCCCTTGAATTTTAGTAAACGGCCAATCATCTTCGGTAAAAAAGTTGAGAACGGTTTGAAACATAGAAGGGTTCAAAGAAGATTTTGAGGTGAGTTCTTGAAAAAAGTTAGACAGTGTTCCGACGGTTTCATCGGCAAATTCTTGCACCGCACTATCCAAACTTCCCCCAACAACATCGGTAAAAAAGCGGGTAATATTTTCCGATAATTCTTCCTCGGAAACCGAATTACCATTTAAAGTCTGAGGACTGACATAAGACCAAAACGTGCGATAGCCAATTTCTCCCGAATTTTGCTGTTGTTTAACCGACAAAGCCAACCAATTTTCAGTTTCTAACAAAGTGAAAGGATGATTAGTTTCAGAGGGAATATAGCTGTCCGGTGAGGATGCTTGCTGTTGACTGAGGTTAGACAGATAAAAAGCCGCTTCTTCGGCGTTGGTCGCCTGTGGTCGAAGCAGGGGAAGTCTATCGGGTTTGAGAGTGGCTTCGATATGGATATCGAGTTCCGGTTGGAAGTGGCTATTGGTTAAAGGAGTCCGAACTTCTGGCTTGAGGTTGAACAGTGCTTCGCTGTCAATTCGGTGGTAGAGTTCGGGAGTAACCGGAAAACTCAGGCGACACTCGATAATTTCCCCATCCTGTTGAATTAGGGTAACAGTTGCATTCTGAAGGTGAACGGGGGAGTTGGAATCAGACCAAAGTTGCAAGGGATTGATCGAAGCAACAGACTGAATTAGCATACCCATGATGGTTGAGATTGAATGACCGATAAAGATTGGCGATCGCTTATCAAAAGTAGGTTGGGTTGAGGTACGAAACCCAACATTATTAGGTAATGCTTGACAAGCGAATCGCGAACTTCCACTTTTTTAAGGATGTAAACTCACGGTGTTGGGTTTCGCTTTGGTATTAAATCGATAAGTCTCCTCAAAACTACTAATTCGCTCAACCCAACCTACAGGCTTCCACTTTTTTTAAGGATGTAAACTCACGGCGTTGGGTTTCGCTTTGCTATTGAATTGATCGGGTTTTACAAAACTATTGATTCGCTCAACCCA
NZ_CP178543.1_gap79	3132230	3136533	4303	GATTTTTCTGATGATGGGGTAGGATTTGATGAAACGTCTTGTGATGTTTGTGTGGAGAATGCCATGAAATTTGAGAAGGCATTTTTAGCTTCCTCAAAAGCTTGGTTCATTTCAGTTTGGAGATAAGCTTTGGCTTCTGATTCTGAAATTTCAAAGGAAGTTAGTGCAGTGGCATCAACTTGCTTTTCACTGCCGTTGAGTGTAAAAAGGATAAAATCTCCATTGGGAAGTTCTCGATCGTTGGGAATGAGAAAGTAATGAGAACGGGTAGAATCAGTCCACAATGTTAATTTATTTTGGCTGCTCATAGTAATTTAAGTAATTTCATTAGGTAAAGTTTGCAGTTATTGGCGTGGATAATTTAACGAGATGAACGACGAGAGATCGCATTCTCTACATCTTCTTTCAAAACAGGTATTCCTAATGTTTTTAGATGTTGAAGAGTTGCTAGAGTCGCTTCTCCTTCACCATCTCCCAAGGCATTTGCTAGTTCTCTCAACATTCGTTGATTCTGGGGATAATTAGAAATCAATTGATTTGCGTAAGTTGCGGCTGTGTCATCGTCAAGGCGTGCTAATGGAATTAGTAAGCAGGCGACTTGAAATGCTAGATCGAACTCTAAAGGTGTATGTTGTTGTAGTGTTGCTATGCTGGCTTCAATAGCTGCAATAATTTCGTTTTTTACAGCTATTGTTATTTCTTTCTCCCTGAGAGTAGCTAATGCTAAAGTCCGACCAAAATAATACAGATGATACACGCCGAGGAGTGCCTTGGTTGCAGCTATCTGCCATTGCTTGAGTGTCGGGTATTCTTCACAGTAGTAGCTTGTCTTTAGCGCGTCAGCAAGCATTTCAAAGGCAGAGTCACTTCCCGATATTCGCTCGTATGCTACAGGTGAATTTTTCCACGGAACTTCTTCAGAATTAGAAGCCCAATCTATGAGCGTTTGGAAGCCAGAAGGATGTCCCCAGGAAGTCAGCATGACGCAGGCTAGCAGTCGATGATATGGTTCACCTGAATTGAGCAGATCTACAAGTGCTGGAATACGGTCTTCGTAACCTCCGTCAAGACCGTCATCGATTATATCTTGAAGTTGTTCTTGCTTGCCTTCACGATCTGTGAAGAGTAATTCTTCTGTAGCATTTAACGATTGCATCAAAACTGCCTCCTTAGTTTTAGCTTCCTGTTGAATAACTCTGCTCTAACTTCAAATTGTTACTCCCGATCCACATATTGCTGGTGCAATGGATCGCTCGTGTAGGATCTGGCTCTTTGAGAGTTATAGATTTGTCCCTCTGGTTGTAAATTATTTGGATCTCTATACCATGTTTCTGCCTCGTTCCTACTTATAGCCCATATCTGTGCGTCGTCTTCGACCGTGAAAGTATCCCCATCAGCATTATTATTTATGTGATCTCGCCACTGAGTTATGTGACCAATCGTTGCAATGTCTTCACCTGGCCGTGCATCTTTCTTTCGTGGCAAATACTGTCTTTGATTGTTAGGTCCGACTATACATTCATATTCCCTGCGTTGATGTTGTTGATTCGGTTGGTGACGAGAATTCTGCCAATAGTTGTCCTCAAAATCATCTCCCCAAGCGGGGCGTGAGATTCCATCCCACAACTGTGTTCCTTCGATATCTTGCTGATAGGGTTGCCGTTGCAGGTTTCTTCTTGGCGGCTGTACTCCTAATTCGTTTAATTCTGTTGTGCGCCTTGTCGCTCCCCGAGTTCTTGATTGACGGTCAACCGTACCCTGTGTGCTGCTCAAGGTACTCATTCTGGTTGCTGTTCGGTTACTTCTTCGTTGTTGACCACCAGGTGGAATGCAATATCCTTTGCCAGAAAAGCGACACCACGTACCATCCTCTTTTTGCTTCCATTCGTGGTCGTTGGGCAGTTTAATCTCTTCAACAAATTCTCCTTCATTTATCGACCTGCTTTCCGCTTTTCCTGCCAATTCAAGTTCTGTATTGAGTTCTTCTGATGTCAGTTCATCACCTCGCTTAGGAGCAGTGTTCTTCAAAATCTCCTGTTCTTTTGTGGTCATCGGTAAGTCACTGTCTGACTTCAAACCATGAGGTGTGCCTGCATCTGCATCCGGTTGGGTATTACTGGGTTTATCTACCCCCGAACGAGTGCCGCTTGGCAATTCACTTTCAGGCGTTTTCACTTGCGTTCCAGGGGCTTTAACGTCTGTATCAGGAGCTTTGGCTGAATAAGGCCCGTTGAGATAGGTTGGTGGAATAGTACCTTTGACGAGATACTCGCCGTCGCGTGTTGTGTTGTAGTATGCCAACAACCTACGCTCAAGTTTGCTAGCTTTCTTTTTGCTGATCTTTAATGAAGCGACATACTCAGGAATTCCCTGTGGACCCTTGGCAATGGCGGCATTAATATCTACTGTGGCAATTTGATCGATTTCACTCTTGATCGCACTGGAGATCTGTTCGGGGGTGAGGATCTCAACATCCTTGAGTTGACCGGATTGGATATCTGCTCGCAACTGTGGTAAATCGAGTTCAACTTCTGAATCTCCGTATGTCTTGGCAACACCACCCTTTTCGGTGAGGAAGGAAGTGTAGGGACTATCCCCTTTAGCTGGATCGCTGCCGTAAACGTGTTCTAGAGGAGTTGCCGAACCCTTGGGATTTGCGGGAACCAGCGAACCATCTTCAGCAACATGGGATTTCGGCTTGCCTTTATGATTAACCAGGGCAGCGAAATCGTTATCCTGGCGGATAATACGAACGGCTTCCTTCGCTTCTTGAAGTTTTTCTTGAGGGTTAGATGTTTGTTCGGTTTTTGGATCTACATCCATTTCTTGACAATCTGAGCAGCGAACTACTCGACCATCTTTGAGAACTTTGATTTCATGTCCATCAGGCATTTGCTCTTTAGCAACTACACCTGGCTCGACTTCTGGCTCATCTTTATGGGTGGTACGTCCATTCGGTGTATCGATTTCAGGTGGTTTCACCTGTGTCTCAGGCACTTTGACTTCTGTTTGGGGAGACTTAACAGAGGTTTCAGGTGCTTTGCCTCCTGTTTCAGGTGCCTTAACTTCTGTTTCAGGACTCTTACTGCTAGGCATATTCACATCAAGATCCCGAGTTGGGGGAGCATCAACTCCACCACCAAAGCCACTCTTGATCTTATTGCCGAGTGAAGTACCCAACTGTTCCCCGACTTGGGACGATTGAGTTTGCATTCCCTCAATGTTTTGACCAAATTTACCAAGTTTATTCAGATTTTCAGTAGAAATATGGACTGCCGCACCAATACCTGCACCAATGAGAACACCTTCGAGGGTAATAGGATTGCCAACTGCCAAGTCACCAGCAATAGTTCCTGCCACATCAAATCCTACATCAATTCCAAATTTAGCGGTCGATTGAGTCAGTCCAGTACCCAGTTTGCCTGCTGCACCCAATACATTTCCTAATGCACCACCAGCACCACCGAGCGCACCACCAATTGCTCCAGCAAGGACAGCTTTACCAATATCCTCAAAGATGGGCTTACCATCAATCAGGTTGTTGCCCATCTGCACCACTGCACCTGCTGCGGCACCAACGATTGCCCCACCAACCACCATGCCAATTCCACTGGCTACTGCGGCACTTGCGCCCAATGCTCCAGCAACTGCTCCCACTGCACCAATAGCGACGGGTGCGACAACGATTGCAACTGCAATGACTGCAACAACTAGGAGCGCCTTAGCGATTCCCTTCAAGACCTTAACCCCGCGTGGTTCCTCTTTCGCTGCTGCTTCTTCAGCATATTTATCGATATCTGCTTCCATCTGGTCGAACGCACCCCGCAGTCCTTCTTCTAGCTCACTCACGCCCTTTTCAATACCACTTTCCAAATTTTGGTTAACTTCCTCGAAAGTGGTTTCAATTCCTTGAGTTACCTCATTAAAACCTTGAACAGCGGAGTTGGTGATGTCTGTAACTGTGGTTGAGAATGCTTCTTGAGTCTGATTGAAGTAGTCTGTGGCACCTTGATTGAGATTGGTCAGGGTTGTCTTGGCTGCTTCGACAACAGTCATTGACTCTTGAAGCCCAGTTTGAGCGAGGGTACTGACCCCACTTACGACTTGCTGTCCTCCCTGGGCGATGCCTTGTTCTGATGCTGCAATGCCTTGTTCTGTTTGCTGCTGTACCTTCGTCACAGAATTGTCAAATTGTCCAAGGACTTCTGCTAAAGCTGCACTCAACTCGTCTGGGTTTGGTGCGGGTATTCCTTGAAGTTGGGCTTGAGATTCTTGTAGTGCATTTTGAAGACTGGTAGCGGCT
NZ_CP178543.1_gap80	3140215	3144324	4109	TCTCCCTGGCGACAGGCGGGTAAACCGTTGATTAAAACCGTCGAACTGCCATTAATAACCACACCGTTTGCATGGGGCGGTGGACTGGGAGGAACTAACAGCATTTCGCAAAGATGCTGATCGACAGAACCCATTATTTTGACTGCTTTAGAAATTCCTTTTTCCATCTCTTTTAAAGCGTCGGCGGCGAGGACAGGATTGCTGGTACTTGTTGCTGCGGTAAACTTATTAACAGATATCATAACTTCTGTCATTGCTTTTGCCAATTGTGCGGCACCTGCGGGGTTTAATCCTCGCCATGCGGGTTTACCTCCAATGAAAACATTAGGACTTCCCAAACCGGGTTTTAGAACCGTACCGTGTGCTGTCATATCTCCCAACCGTGCCGCAGGTTTACCGACCATAAATCCTCCTTTTATTTCAGGTAAAATGTGATAACTAAACCCAACCTCTGATTTCGGTTTCTGTTAGGGGTTGCTCTAGTTTAGCATATTCGCTCTCTGTTGCTTTTAATAAATGTGTCATTGCAATCGGTTTACCTTCGTCGGCTGCTAAAAATGCGGCATTGAGGGCAATATTGCGGATATTTCCTCCCGATATATTCAACTTTGCAAGTTTCTTAATATTCAAGTCTTCTGTGGGCGTATCTTTGGGGAAAATTCGCCGCCAAATTTCGGCCCGTTGGTTAATATCCGGCAGGGGAAACTTGACAACAAACCGAATTCTTCGCATAAATGCCGTATCGATGGAATCTTTTAAATTTGTTGTTAAAATTGCCAATCCTTGATAAGCTTCCATGCGTTGCAACAGATAACTTACTTCTAAATTAGCATAGCGATCGCGACTATCTTTTACTTCGCTTCGTTTCCCAAATAATGAATCTGCTTCGTCAAAAAGTAAAATCACACCTCCGGTTTCTGCCGCATCAAAAACCCGCCTTAAATTCTTCTCGGTTTCGCCAATATATTTGCTAACAACTGTACTCAAATCTATTTTATAGAGATCTAACTTTAATTCACCCGCCAAAACCTCAGCCGCCATTGTTTTTCCGGTGCCGCTTGCCCCCGCAAATAAAGCGCTAATTCCCAATCCCCTGGCGCCTTTTTTAGCAAATCCCCAACGTTCATAAACGGTCATTCGCTGTCGAACATGGCTGGAAATCGTTTGAAGAATATGTTGTTGAGTTTGGGGTAAAACTAAATCTTCCCAACTCGCAGAAGCTTCAATTCTTTGGGCTAATTCATCCAATTTGGGTCGCGCCTGAATTCTACAAATATTCCAAAGATTGTCAGAATTCATGGTATAATTTTCTTGGGATTTAATTTGAAAACAGGCGGCTTGAATATCGGTGGAACTGAGATTAAATTGAGAAACCAATTGATCGACAAATCCATTTGTACTTTCTGCGGATTTTCCCAGCGCTTGGTTCCAAAGTTCTCGCTGTTCGTTTGAGGTGGGTTTGTTCACATCAAAGGTGATTATCGGGCGATATTGTGGCGGTTGTCTATCCTGAGAAGTGATAATGAGAGGGGTAGAAATTTGTTCGAGAATTAACGCGATAGCATTTTCTTTGGCGGTGTCTATTGTATCGGTTTGATCGGCATCTAATAATAAAACCGCTCGGCTTAAAATTGCCTCCCGTTCCCAAAGTTCTATAAACTGATGCAAGTCGTTTAAACTGGTGGGAATGGCATGGGTAGAAAGGCTAAAAAGATTGAATCCCAACCGATGACAAACTTGAGTTGCTATTGCTCGTTTTCCCACCCGTTCGTTACCACAAAGTTGAATAACGGGTAATTCTAATTTTTCAATTTCTAGAGAAGGTTTCTCTGCTTTTATCCAAGTTTCGGTAATCGTTTCAGCTAATTTTTGATGAGATTCTACGAAGGTTTGGCTAACCGAAACCAACTTAACGATGCCAACTAACCGCTTATCTAACTGATGGGTTCCGACGAGATAATGCAGAATTCTTTCATCAATTCTTAACGGACTATTTGCCAAAGAATTTCCCGCCCCCACTTCGATTAAATTCCACCGTCTCAGGGGAGATTCCGGCGCGATCGCTTTCCAGTTTGGCTTTTCAAAAAGGGTTTGTGCTAAACTAAATGTGGGATAACTATGTTGAGAATCAATTTGAGCCGCAGCGCACAATGAAGACCAGATTGGATCGAGTTCCATTCCCAAACAGAGTAATAAAATTTCCCGTTCAAAGTCGGATAAATTAAAATGTTTGCCAAGTTGATCGAGGGCGAAAGGTTTATCTAAATTTTGGGAATTAATTTGCTGTGTTGGCTGATTTTCCTCCTCAAAGGTTTGATTTTGAAGGTAGGAAATCTGACGGTTTAAAGCTTGACGAACTTGGTTCAAAGCTATCATTAAAACCTGGGCGTTGGCGGTGTACCAGTCGGGGAAGTCAGGAGAATTCATAGGACGTGTAGAATAGGGCCTGAATATCTATCATTATCCACAGTTAAGAGACTTTCTGCACCATCAATTTGCACTCTCACCAGATAGTCTCCGAGTTTGACATTTTCCAGTGAAAACGTCAAAGTATGACTGTTGCGAGTTCGTCGTTTTGCAGAAAAAATGTAGGATTGTGAGTTTTGATCGGAGATACCATTGAGTAATAAAAATGCTCGCTGTTTGAATCCAACTCTCAAATCTACCTGAATTTCTATCTCTCCCGAGTAGAGATTATCTTCTATTTCTTCTAAATCTATCTCCTCCGAATTAATCGTAATTGTCGGACGCAAAATCAAAGGAATAACGTTCGATTCGAGGGTTCGATTTGAATTTGAACTTAAACGATCTCGAATGAAATGCACCACCTGCAAACCCTGTAATCCCGCTCTCAAACTGTTGAATTCTTGAGAAGATAAAGCAGAAATTTGTAGGGTAATTTGAGTATCGGTGATGTCTTGAGGAACGACTCGGGCGCCTCCAATATGAATCCGGGTTTGCTCTCCGAGAAGTTGTTTTCCTAGAATATTTAAAGTGCTGTTTGCGGTGATGGGTTGGTTGATTCCGTTTGAGGGTTCAATCTGTTCGATTGTTGGTTGATTTGGAACTGCATAAAATTGACGCGATCGCACGGGTAAGGGTGCTTTTCCGGGTTTTCTTCCCTCAATTAAAACGGCTGTGGCTTGAAAGCCAAAGGAGAGAGAATAGGGAAGTTGAAAAAAGATTGACCAAAGACGGGATAATTCTTCTGTGGTCATCGGAACCGGAATAAACTGCACCAATTGTACTTGTTCATCTAGAGTTGATGGAGCCAGAAAAGGGAAAGAATTGCTGTTAACAACTCGGTCGATCATTTCCGGCGTAATAATCGGTTGATCGACTATGGTTTGAATCGCACTCCCTAACAAACGCTGCGGTTCGAGTTCTTGTTCGTTGCCATAAAAGGTTAATAAATAATACAAATCCAGTCCGGCTTGAGCCTGTTTAATTAGATTATCTTTGGGACGGCGAGTGCGTAAATCTGCATTCCGCCATGCGGGATTAGGAGAAGCTTGATAGAGAAAAATATTAATCCCGGTATCGGGAACCCCACTCCCCGCATTGTCAGGACGAATTGTTGTTACTCTGGCCCCGGGAACATCATTGGCGATGCCTGTCTGTAACATTTGCTGCAAAATAGCGGTAACGGTAGCGATCGCCAGATAATTACTCATGGGTTTTGCAGTGTGCGCTTCGGTTTGACAAAAGAATATCGAAAATCAGTCATAAACTTCGGAAAATCATAACTTAATCCTTCGATCGCATTGGAAATAAATCTTAAACAAAATTAACTTAAACTTTACTAAATTTCTACAATAATTATTTCATTTTTTGATCGAATCGATCTATCATTAAGTCACTTAAAGTTTACTGACACAATTGCACACAATTGAAGACTCGTTAAGGAGACTTCCTCATGGCTCGTCTAGATTACTTTGCGCCGGGTGTATACGTCGAAGAGATAGAGCGAGGTAGTCGCCCCATCCAAGGGGTAACTATGAATGTCGCAGGATTTGTTGGGTTTACCGAAGATATTCGCGGGGATGCCCAACTGTTTGAACCTCAACTGATCACAGACTGGACTCAGTATCTAGAATACTTTGGAAAAC
NZ_CP178543.1_gap81	3146076	3149246	3170	CGACAACGGATAAAGATCTTTATATCTGGTATAAAGATTGTAATACCAATGATGGCGGCGCTTCCACTTGGAATAGCAACCGCAAAGCCGCATCAGTTACGGCTTACGATCAGGCGGGTGGTATGCAAGCGCGTTGGGAAATTAAAAATGCTTATCCCTGCAAGTATGAAGGCCCCAAATTTGCCGCAGGGGATACAAATATGGCAAATGAAACGTTAGAATTGGTTCACGAAGGTATTGAACGAGTGCAATAGTTAATTGAGCAGATTATTCATTGAATAAATAACAATGGCAACATTTCCCGAACTGCTCACTGCTTCTCGATTTTATCTCGAACTCAAACTCGAAGGAAGTCAGGAACCCGTTGATGCGACGTTTCTCGAATGTCGGGGGTTTAAACGCACTCAGGAGGTCATCGAATTTTGTGAGGTTACACCCCAACAATGGGGAAGTAAACCCGCTAAATATGGTCGGGTGATTCGCACAAAAGTTCCCGGTAATTCTAAGACGGAAAATATTATTTTGCGGCGAGGAATGACCAATTCAAAAACGCTTTGGAAGTGGTTCAATGCTGTTGAAGAAGGGAACTGGGCGAAACAGTTGCGCGATGGTTCTCTAACAATATACAATCAATCAGGTCAAGAACAAGCTCGGTTTCAATTTAGAGGCGCCTGGCCAACTCGTTACAGTGCGATGGATGTCAGCGCAGGCAGTAGCGAGATCGAAATTGAGGAATTAGAATTAGCTGTTGAAACCTTGACGCGAAGTCTATAGATTCTAATGTTGCAAACCGAGTTTGAGTTTACTTTACCCAAAGGTTATTTAGACACTGATGGCAATGTTCATCGCATTGGGATGATGCGTTTGGCAAAAGCAATTGATGAAATTGTTCCCCTGCGCGACCCCCGCGTGAAGTCAAATCCCGCTTATGCGACGGTGTTAATTTTGTCGAGAGTTGTGACTCGTCTCGGTGCGTTAGAGGAGGTGAATTCTGCTATTATTGAGAACTTATATGCCTGTGATTTGGACTTTTTAATTAAGTTTTATCGCCAGATTAATGAATTAGAATAAAGTCATTTAAGCTTTCAAAACTTACAATAAATATCCCAATTTTGTACGACAAATCATTATAATTAAGAAAAATCTAAAATTTGGCATGACCAGTTCAAACTTACCCCCAACTGAATTTAACTTTACACTACCCAAAGGCTTAATTGACGAACAAGGAGAAGTTCATCGCCTGGGTGTGATGCGGTTGGCAACGGCAAAAGACGAAATCTTTGTTGAGAAAAATACTCGCGCACAGGTAGAGCCGATATATGGTGTTTTAGTTCGATTATCAAGGGTTATTACTCAGTTGGGGACTTTATCCTCGGTGACTCCAGAAATATTAGAGAATTTGTTTACTCTCGATCTGGCTTATTTGCGCGAGTTTTACAATCGAATTAATCAACAAAATCACGCCTATTTTGTGGTAAAATGTCCCCAATGTAATGATGAGTTTAGAGTAGATTTAGCTTTGTCGGGGGAGTCGTAAGCTACCCCCCAGAACAACTCCGTGAGGAGGTAGCTTGTATTGCATTTCATTTTCACTGGTCTTTAGAAGATATTTTGAATTTAGAACATTCTAGCCGTCGAGAGTGGGTCACAGAAATTCAAAAATTCAACCCAAACTTATAATTGGAATTTAGACTAAGGCTTGAGTATTAAGTCAATATTTGAGATACATTTCAGTTCAAATTTGAGGAATTTTCCACAAAAATCTGGGTTAATTTTGGAATTTTTTAGCTTTCTATTTGCTTTCAAAACTGAAGTTACCCCCTGTAAATGTACTCGCGCCGCACCTAAAATTCTTGTGGTATAATGGTTGCAGCGATCAGTGTCCGGGGATCTGTACCCATGTAACTCTAGACAGAATACAGCGATCGCAGTACAATGCAGAAAAAAGTGATCGCCTAGAAAATCCGCTTCGGCCGTCACGCATCACAGATGTACCCAGTAAGGGAAATTTCGCGCATGGCGCTCTACTCCCTTCAGAAAGGGATTCCGTAACTTTTTCTCAGGGGAACTTCAGTCAAGAATAATGAAGGTTAAATCTTCAATGCTGGCCCATCGCAAGCAACTACAAAAAAGGGAGTAAAAGAAGATACAAATATTTCTACTAACTTCTTATTTGACAATAATTTTGTGGCTTTGATAAATTTTAATTTTTTGTAAGAGGAATGCGGTCATAAATTGAACACACTCCTCTTTTTTATTGAAAAGCCTAAGCTTTCCTTTTCATTAGCTCAACACACTTATCAAGCTTTGATTTCTGACTCTCAAACAAAAAGAGTCTTTTGTCAAGGCAGATAAACTACTTGAGCGATATGTTTGCTGTGTTTTCAACTATTCCGACATAAACCAGTCGGCGGGGTGTTCTGTGTCTAATTATAGCAAGTTCATTAAGATTACTTGGTACGACAACAGGGAGAATAAGTAATTTAACTCGTATCCCGGTTGAGCATTCAAGTGCAAAATAACTCAGGTGATTAACCCGAAAATTATTGGGATATTGCCTTGACAAAAAAGCGATAATACTAATATACTACATCTATTCGTTTTTGATTTGGAGGCTTATCAAATGTTGGATTGATTAACCCATCAAGCACATAAAGTTTTTGAACGACTTGTATTAAGGAAACATTCACCATGAAAAAGAAGAAGAAAAAGCAGAACTCTGTTGAACAGAACTCTGTTGAACTTTGCTTTCACAAATATAAACACCAAGCAGAGCGAGCCTGTAAATATTATCAGGTTATCCCTCGTTACCACACCCCTAAAAACCTTCCGAGCGCTATCCAGGAAAAAGTTAACGATACAATTAACGGCCTGTCCGAGAACCCCAAACCTCCGCAAAGTAAGAAGCGAAAGGGACATCAAAATATTCAGGAACATCCCATTGGTAAGTCTTATCGGCTGATTTACGAAGTTTTTCAGCAATATAAAATCGTTGTAGTTTACTGGTTCGGACATCATCAGGAAGATTTTCACAAACCCAAGTTTGAAGAAGGGTTGAGAAATCAACAGAGGAAGTGGCGTCAAAAACTTGAACCCTAAGTTGCGATCTGATCGTTCCTCCCCACCCCCTCTTTTGATCCCCCCTAGCCCCCCTTAAAAAGGGGGGAATA
NZ_CP178543.1_gap82	3154161	3154816	655	AATGGATTGAAAAATCCTATCCTGAGATACCACAATTTGGAAAAGGCGTTCAAACACGCACCTATAAAATTAACTGGCGGTTTGTAACAAGTGGCGGTCAAGATGATGGGATTATTCGCCCAGTTATCGGCGCCTACGGTTGGCCCTACTACCCCGGTAGCAGCATGAAAGGCATTTTTAAAACTGCTTGTACTGACGAACAAAAAGAGCGCTTTTGTGGCGAAGAAATAACCAATAAAACCAACAAAGGTGATTGGAAACCGGGAATTTTGCGGTTTCATGGCGGCTATCCCTCGGGAGAATTTTGGCGAGAAAATTTGGTGGATATTGTTCACCCGCAACAGTCCTGGCAAGTCGGTATGGAAGATAATAAATCTGGGGGTGCTTTTGCCTTGATTTCTCTTTATCAACCCGAGTTAATCTTTGGAATTTCTGCGACTGAAGCGGTTGACTGGGATGAGGTTTGGCAGGTTTGGGAAACGGCGCTTTCAAAAGGGATTGGCTGTCGCGTCAGTACCGGCTACGGACAATTTAATAAGACTTCCGAAAAACCCCTTTATTCCGCACAGTTGAAAGGTCAGGGAATGGCGCCGAAATTGTTGAACGGCGAGGGTGAATTTCGACCCAATATTTTTCGGGGGGCGATTCGGGGTCA
NZ_CP178543.1_gap83	3194605	3195198	593	CTTTACCAAATTCGCAGTTTACTTGAACGAGGAAAACGCACCGCAATTCTAAATTATCGTTATTTTAGTTCGCGTTTAACTCAAGGAAAAGATGCACTAAAACAAGACTTTGAAGAGGTTTGGTGTTCGGCGAAAACAAATGATGGAATTATAGCGCCCTGGATGTACGAAGATGGAAAACGCGATCCGGAAAAGCCAGAAAACCCCTATTATGAAACAATTTGGCGGGATTTAGTAGACCTATTTTATTTCAGTGAAAAAACAAATACTGACTCATCAAAACCATCTGAACAAACAACTGAGGCGAATCAATGATATCTCTAGAAAACTTCAATTTATCGATAGAATCCCACACAATTACCGCAACTCTTGACACCGCTTTGTGCGTGGGTGCGGGAGGTTCATCGGGTTCTTTGGCGGATAAACCCATTCTTCGCAATACAGAAGGAAATTTACTCATTCCCGCATCTCAAATTAAAGGTCGTTTGCGACATGAATGCGAGAAAATAACAAGGGGTTTAGGTTGGGGTATTTGTCAATCTCCTACACCGAATACCATGTGTCCTCACCGAGAGGGTTTATCGGAAAACGAC
NZ_CP178543.1_gap84	3258171	3262111	3940	GACCGTTTCAGTCTAATATTTGAATTTTCAATTGGCAAGCCACCTCTAATATTGTGTGAGTGATTGGAGGTGATTTGCTGTTGTTTTGCAGCCGACCGTAAGCTGGAAAATTTGGCTGAAAGATAATACATAGTTTGGCTCCGGGTGAATGTTTGAGTCCGCTTTCATCCGAGTTCCCCTAGAAAATTGATATTCGGCTTCGGGTTCTACATAGCGTGTTAGTAAGTGATTAGAATTGAACGAAGGGTCGCGAGTTTACGCCGTCACCGCCTTTTAAAGGCGGTGTACCGATGACCGATAAATTTGGATTATAGCCGATTTTTTTGCAAATCTGTCCACTTTTGATGATGAGATTTTTCTGATGTGGGGTTAAATCGGACGGATATAGACGGGTGTAAAATTGGGCAACTGCACAGTTTTCATACCATTGATGTGATGCCGCTATTTTGGAAGTCCCTTTTAAATAGCCACGCTAAAAAATTTGCCAAAAAATTTATCATCGGGTTATCTATCAAATCCATTCTCATAAAAGTTGATTGATTCGCTCAAGATTGGGGATAAAGTTTTCACGCTTTGAAGCCTATTTAACTTCAATTTATATAGACAAATTGTGAAGGGAGCGAGTTTTCTGGGCGATAGGGCTAACACCACGCACTCGCGATCGCATGAACATTGATTTTCGGATGAATTAAAAATTTTAACTTTACCCAAAAATTGACTGGGGAGTTGGAATGGATAACAATGAGTTTGAGCGTGATAGAATGAAGCGGAACACAAGCAAAATCGAGGGTTTTTATCTCTCCTTTACCGGGGAGATTTTATAAGTTTTAACGGCTCTCCACCGACTCCGAGAAATACCAAGATTTGGAAGCCCAGGAAAAATAGAAAAACGATTACAATCAGTCCGCCGAGCATTAAGATGGCGAGCAGTTCTGTAAAATTGAACAGTTGAGAAAATGAGGCATATAGCTATAAGTACCAACAATTGTCCGGGTGCCGCCATGTACCACCGTCTGAACCGAACCCAAATCAATCCGAGCAACTTTCCGGACGCTATGACCACTGCGATCGCCTAAAACCAGACCAATAAATTGCTCCATGTATCTTCTTGAATCCTCGATATTATATTTCCCAGAAACCGAAAAGTTAGACTCGCTCATCAACGTCCCCAATCAATCTCTATTGTTCTTTATCTGTTTCGGAGACAATTCTCATTTTTATGAAAAGATGTGGGGTTGAATGCCATAATTCAATTAAAAAATCCTACCCAACGTTGGATTATGACTCAAGCGGTTTCAGACAAAGGAGAATCATTTGATTGTGCTGAAACGACTCAACAAACGCCTATTTATTGTGTTCTTCTATCAAGAGGAACTTATGAGGTTAAGTTATTTACAAATAATCAACATTACGGTCATCCGTTCACCGCCTTGAAAAGGCGGTGCCTGCGGATGACTCGCTTCCCGAGTCAGTTTGACTATGTGGGAGCGCTGGAATTTAACAGAAAGTAGAATCGGGTTGTTTTTCAGTTAGTATTCTGTAGTGTTCAAGTTGAACCCTTACGCCATAACTGGGCGTAGTCTGTAATGTAGTCTCGCACGTCGAGAGGTTTTCGACCTAAAAGCCGTTCTAGAGTGGGATCGACCGTTTCTGCTTGTCCGAAGCGCAGCCCCAGATGAAGAAGGGTTTGGACAATAATTTGCGCCCAAGGCTTGTTCTGACGTTGAAGATGGCGTGCATAACCCCAGATACTTGCCGAGTCATAACGAATTTTACGACCCAACGCCGAGGTTAGACACTCCGCCACCTCCTCAAAGGAAAATGCTTGAGGGCCTGTCAACGTATATGCTTTACCTTGATGGGTTTTCCATGAGACTAGGGGCATCTGCGGCAACTTGTCCGACATCTCGCAAGTCTACAAAGGCAACTCGTCCCCGACCCGAAGGCAGGTACAGGCGGTCATCGTTCCTGATATCCGAACGGTATGCGGTACCGAGATTTTGAGCGAAGAAGCCGGGACGCAGAATTGTCCAGTTGCCGGGATGGGTTTGCAGGTGTTGTTCGACGGCGTAATGGGGTATGATGGGATTGCGATCGGCTCCGGCTACCGACAGGAAAACGATTTGTTGAACTCCGGCTTGGCGGGCTGTATCAATAAAGGGGTTGAGAGTCGCCTTCATATTGCTGATGGCGGGGGGACGAAGCAGAAACACGGACTGGCATCCGGCGATCGCATTATAATAGGTGGTTGGATCTTCAAAGTCAAGGTAAACGGTGTTGGGGTTTTGTTGTTCCCCAAGCGGCACCGGAGAACGACTTGCAATGCGGATCGTTGCGGGTTTATCCTTCAAGCTGCGAAGAACTTCTCGACCGACGTTTCCCGATGCACCCGTAACCAGAATAGTTGGACTCATGTTCGCTTTCGGAGGGTTATTTCAGTTACATTCTTACCCGTCGCCAGTAATCAGTTTAAACGACTCTACAATAATTAAGCATATTTACTATGGCTGAATTCGTCTCCAACTCCCTCAATATCCATCGATACAAACGCAAGAATAAGTGTTTTAACGAACATCTTGGGGATGGGGTGACGCTAACGTTGATGCTCATCCCCGCAGGAGAGTTTCTGATGGGCGCACCCGAAAGCGAACCCGAAAGCCGCGACAACGAACGCCCCCAACATTGGGTAAGAGTTCAACAGTTTTTGATGGGATGTTACCCCGTTACACAAGCACAGTGGCGGGTTGTGGCAAGATATCAACAAATTGAACGAAAATTAAACCTAAACCCATCTAAGTTTAAAGGAGATAACCGTCCTGTTGAGCAGGTAAGTTGGAAGGATGCCACCGAATTTTGTCAGCGACTGTCGGTAAAAACAGGAAGAAAATATAGACTCCCGAGTGAAGCCGAATGGGAATATGCTTGTCGCGCTGGAACTCAAACCCCATTTCATTTTGGAGAAATCATCACAACTGACCTCGCTAACTACAACGGAAACTACACTTACAATGGTAGTCCTCAAGGAAAGTATTGCCAACAAACAACTGAAGTGGGGAGTTTTCCCGCAAACGTTTGGGGACTGCACGATCTGCACGGCAATGTTTGGGAATGGTGCTTAGATCACAAGCACGATAGCTATGAAGGAGCGCCAACAGATGGAAGTGCTTGGATAAATGAAGACCATGCAAATACTTATCGGGTGTTGCGAGGGGGTTCGTGTTACTTTTTTCCCAGGTACTGTCGTTCTGCCTTTCGTAACCTCAACTATCCCCTTGATATGTTCAACGACAACGTTGGTTTTCGCGTATGCTGCACAATACCAAGAACTCTTCTTAACACTTAACGAGAGTTTAGCCTAACTTGTAGGGTGCATCAGATTTAAAGATGAGTAATAAAAATCTTTTTTCTCTTGTCTGATGCACCCTACCCAAGAGCAGTTTAAGTCCCCATAAAATCTGTATTGATATCGAAGTTTTTTCGAGTTTCGACGAATTTGTAGAATTTGTAGGGTGCATCAGATTTAAAGATGAGCAATAAAAATCTTTTCTCTTGTCTGATGCACCCTACCCAAGAGCAATTTAAGTCCCCATAAAATCTGTATTGATATCGAAGTTTTTTCGAGTTTCGACGAATTTGTAGGGTGCATCAGATTTAAAGATGAGCAATAAAAATCTTTTCTCTTGTCTGATGCACCCTACCCAAGAGCAATTTAAGTCCCCATAAAATCTGTATTGATATCGAAGTTTTTTCGAGTTTCGACGAATTTGTAGGGTGCATCAGATTTAAAGATGAGTAATAAAAATCTTTTTTCTCTTGTCTGATGCACCCTACCCAAGAGCAATTTAAGATCTAGCGCTTAGGCAATAGTCAGGAAAATCGTTTACTTTTTAGGATACAGATGTATCAATATCGAAGTTTTTTTGAGGTTGAGAAAATCGAG
NZ_CP178543.1_gap85	3447321	3450995	3674	GTGATGATCGACATCTGCAAAAAGATTTAACTCATTTTGTAATTGAAAATGGGCTTTCAGATAGCGATAAAGTTCCCGTCGCAACATACCGCCTTTGGGGTCATCATAAACGCCTTCGGGATGGAGGAAACCGGAAACGCCCCCGGGTTTGCTGAACATCCAGGCTTGGGGAAGAAAACACTTAAATAAATTGGTTTGCGACCCTTTTAACAGGGGATAATTCTGTATTGCATTAAGGAAATTTTGGGTGGCGTCGGATTCTTCGTACTCCTGCAAATAACCCCTTCTCAAAGCCGGATATTGCTCAAACAAATCCTCACGGCGCTGGGCTAATTTACTCGCCGATAAATTGCGAATAACCGTCAACGGGTCAAAATCGCCCAAAACATCCCCTTCTGTCCACTCAATCTTAATCCAAGGGGGATTTCCTATCATTAAATCAAACCCGCCATTGAATAAGAAAACATCCGCAAATTCCAACTCCCAATGAAAAAAGCGATACCGTTGCGCCAACTTTTCGACTATCTGTAACTGAGGCTTAAACTTTTTCAACTTATCCAGGTCTACAAACCCCCAATTTTCCACAAACTCTTGACTTTGTTCCGGGGTTTGGGTTTCAGGAAATAGCGATAACTGCACCGCAGCAGGAACCAACATTTCCGTTTCCCCCAAAATAGCCCCCACATCCTGCAAAAACTGTTCACGGGTGGGTAACTCCTCCGCCTCTGTTAACGGCCAAAACCACAACCCACACCAGTAGTCCATCACTAATTTTAGGCGACGGTAAGCCCCAGAATTAACAATTCCTTGAGATAGCTTTTCCTGTTCATAGATTTTATCCTTTTGTTCCAGGGGAGTCTCGCCATTAGTTTCCGGTTGCTGTCCCCATATCGTCAGACTGTCGGTGGTGCGATCGCGTATTTTTGCGATATCCTGGGCGTAGGATTCCCACAGTTTGGCGATGCGGTGGCTGAGAATAACAGCATAGTCCGCCTGTTCCGGCGTGAGTTCGGTTTTACAAAACTCCTTTTGCCATTCGTTAATCGTTTTTACGGCATCGGGTTCGAGTTTTTTAATCACCTTATCGGTATAGTTTGCCATACCCGGATCGCCCAAGAGAAAATGAAAAATACCATCATCGGGTAAAGCTTCCCCCAAAGGTATCCGCAGGGGGTCAAATTCGTGCCACTTCGCCACTTGTTTTTTACTTCCGGTAACATTTTGGCGGCGATAAATTTGCCGTCTCGCCCCCACCAAAGAGTTCCCGCAGTGGAGTTGCAAACCGAACCAGGGAATGAAAACCCGCTCGTAGTTGCGCTTGAGCGCACCATCAAGTTCGTAGTCGCGCTTGAGCGCACCATCAAGTTCGTAGTCGCGCTTGAGCGCACCATCAAGTTCGTAGTCGCACTTGAGCGCACCATCAGCAGGGGGGCTGAAGCCCCTACTACGAACGGCTTGAGCGCGGACTCAGAGGGGGCTGAAGCCCCTACTACGAACGGTTCTCCGTAAATAGAGTTTAGCCACAGGGAAACCTCCGCCAACTCCATCGCGATCGGATTTTTGTCTATACCAAAGACATTGCGATCGGCGAGAAACATTTTCACCTTTTGTTTTTCAAGAGTTACCCTTTCGTGGGGAATTCGCTGATTCAGTTCCTCCTGTTTGCGTTCCAAATAGGCTTCGGCGAGTTGGTCTACGGCTTCGTTCAAAAAAGCGGCGCTTCCCATTGCGGGTTCGCAAACGGTCAGCTTTAAAATGTCGTCGGCGGCTTTATCTTTTAACAACTCTTTGAGGGCGTATTTCACCAAACATTCCGTTAAAGATTGGGGCGTGTAATAGCTGGCGCTTTTTTGTCGGTCCCGCCCCGCAAGCACGAAAGATAAACTTACCCTGTTCGTGCTTGCGGGGGTCTTTTTTAGTTTCGGGATCGATCACCAATTCCGACTTTTTAAACTCGTCCAAGCGGCGGGCGGGAACAAAGTAACCGACTTCGAGTTCGCTGCGTTCGTCGGGTTCTTTTTCGGGTTTAACTTCGTAGAGGTCTTCTTCGGCAAAAAACGCCGACAAACTCAACAGCCCTTCGTAAACTTCCCCGAGTTGGTTCACCCCCAACTGGGCGTAACTAATTCTACCCCGCCGACTTTTGCCCTTTTGGGAGAGCGACATTAGCTCCAAAACCCTTTGCAGTACCCGATTGCGAAATTTAACCCCGTTGAGCATTTTCGTGCGTTTGGGGTCAAACAAATGGCTTTTCAGGGCGGGTAAATGGAAGGTATTGTGGATGGGTTGGGCAGAAAATTCGCCCGGTTCCAAAAGGTTTAACTGTTTGGCTTCTTCGGGATAACCCGACCACAGCAAAGCGAACAAACGGCGAATACAGGTATCAATATAATAGCCGCTTTCATCCTCGGTTGATATCAATTCAGTTTGTTCCAAATCCCGCAAAGTTTCCAAACTGTAGCCCTCCCGGTACACGTCGGAACCCATCGGGGCGTAGCCGAGTTCGGGGCGGGCTTCGATGTAGAATACAAACAGCAGGCGGTACACCCACCGCAGGCACTCTATTTTTAACTCGTTGGGGTCGATTTCTTGCTCCCCCCGTTCCTTTTGTTCGTCGCTGGAAAACACCTGTTTTTTGCTGACGGTTTTCCGGTATTCTATCGCCTCATTTCCCAACAGTTTAATCGCCTCTCGGAGGGCAAACTTTAAGCTTTCCGAAACGCTATAAGTGTGGCGGTGGCTGTTTTCGTCGAGGGTATCGAGTAAAGCGGTCCCGTCCGCCGGACAGGTGTGATTTCGATGTAATAAAGTCGCCGCCGCCAGGAGGGAATCCTTATCTTTTTCTTCGAGAAGTTGGGCGAGATCGAACCGCAAAAGCCGGGAAGCGTTCCACTTGTGGCGGTCTATTAATACCAGTTGGTCTAGGCTGATTAAAATCACCCACCGGGGCGGGTTATCTTCGGCGAAAATGTGGTCGGTTAGCAGGTCTTCGAGGGTCGAGTTTTCTAAGGTGTCGCCCTCCAGATTTTCGGCGAACTGATACTGTTCGTTTTGCAGGGTTAAAGAAAGAACGTCGAGGGGTTCTGAAGTGTTGTTAAATCCTTCTATTACCCAGAGTTTTTGGGTGCCGTTGTTGCGGGTGACTTCTGCAATAATCGGTAAAAAATGATCGGAATCTAAAACCTTTAATTGCGGTTGCCACTGATAGCCCAAAATTGTTAATATTTGTTCAAAAAATGCCCGCTGCTGCTGAAGCTGTTCGGCGGGGTCGTCCAAACGTTTGAGTCGGTCTAGCAGGCGAAAATAGTCCGGGCGGAGGCGACCCAGGGCTTTATCGGGCGTTTTCTCGTCGGAAGTTTCCAGCCATTCTTTCGCCACCCCTTTCAGGTCTTGGGTGAGAATAGCATCGAGGTAGTGATCGGAGTAAAATTCGTTTTCGTTGGCAATTCCGGTTAAAGGCATGGGTTTGTTTGGTTAGTAGTTGGGCTTCAGCCCGATTTATTGGTGTGCTAAAGCACGACTACGAGCGGGTTAGTAGTTGGGCTTCAGCCCGATTTATTGGTGTGCTAAAGCACGACTACGAGCGGGTTAGTAGTTGGGCTTCAGCCCGATTTATTGGTGTGCTAAAGCACGACTACGAGCGGGTTAGTAGTTGGGCTTCAGCCCGATTTATT
NZ_CP178543.1_gap86	3452638	3455197	2559	TTGATATTATATAGGGTTCCGGCTCGGTTGTCATTGACAAATTCACCCAATCTTCGTAATCTTTAAAAATGTTTTCGATGCGGGTTTGTTCTCCCTGTCGGCGCTGCTGTTTGATGGTTTGCGATCGCGTATCCTGCTCAAACTTCAGTTCCAACTGTTCAAAGTGGCATCCCCGCAACTGTTCGAGGCGGCGTTTTTGTTCGTTCAGTTGTATACTCAGTTCGGCGTCGAAAGTTTGGCGCTCTTTTTGCAGGTGGGTCCGGGCCTGTGCGATCGCGGTCGAACGCAAACCCAACAGGTCTTCGACATCCACCTTACCGGGGTTGGGTATCGAATGTTTCCCGAGTTGGGTCCGCTCGAGGGTTTGGCTGAAGGGTTCTGTGCTTTCAAACTTGCCGTTTTTAAAGATAACCGACACCCAACGGTTCAACACCGTCGAACCCCTGCGGTTGGGAAAGCTTCCGAAACAGATAAATATAGCCTCTCCCGGTGCCATTCCCTCCGCGAGTTGAATGACCGGAGCCTGGTGGCGTCCGAAGTGGAACAAACAGCGATCGCCCAACCATTCTACCAGAGGATGCAGTTCCCAGAGGTACTGTTTGACGGGCCAGCGGTCGTCCTGACGGCGGGCTTCGACCATCGCCGCCATGATCTCCCGGGGGTTCTCGGTTAAACTCAGCAGGGTCTTTTCGTCGGGGCGAATTTCTTTGGGAAGGCGATCGTAGCGGGGTTTGAGTTCCTCGGGAAGTTGCAGTTCTATCGAGCGCTCGGTTTCGCTGACGTTGAGGTTGGGAACGGGAAAATCAAAGGCGTTGAGGGCGGCGATCGCAAAGTCGAAGGTGGAGGGAAACAGGCTCAACAGCGTCCCCGTGTCGGCTTGAGGTTCAGGGGCGGTGGTTTCTTCTGGGGTAAAGGTGGTTCTCCGATACTTGTTATGCCAAATTATCACTTAAATGCCAAAATAATAAGGCTCTTTTTTTGAAATTCTCGAAACTTCGCGCATCCAAATCCACAACGTTTCAATACTTTCAATCGATTGTTAATCCCTTCGACAACAGCATTAGTAGTCTTCTGTTCAAACAGGACCAACTATTTCGGCAAACCATTTCTTGAGAGTGCGGACAAATTTTGGAAAGAATGGTTGAGCCTTGACGACCCACTCTATCAGCTTAAGAGTTCCTTCTCCTAAATTTTTACTTCGGTCAAAGATCGCTGTAAACTCTTCTTTAAGCTCATGCATTACTGCCAGCATTGCTGAGGCTTTCTTTAGAGTATCTAGTTTTTCTTTTTGTTCTTCTTTCAAATTATCTTCTCTTTTTAGCAAAATGTATTTGCTGCCCTTTAAGTTAGAAAATAGCTTTTGTCTGGGTTTGGATTTTAGAGATTCAGCACTTTTTTTTTGCTCAATTCTCCCTTGATTCAATTCTTGATGTAATAGCTTAGTCACATGAAATCTATCGACAGTTATTACAGCTTGTGGACAAACTTTTTCTAGAACAGTTTTGTACATCTTATACATATCTATACTTACTCGGGAATCGAGTCATCCGCGCTTCCCCGGATTTAAAATCCGGTGAACGGATGACTTCTTCTATTTGCTCTAAAATTTCTTTTCCCCAAGATGTTAAGTATTTTTCTAGAACCTTAGCTTTTCTTTCTGGGATTAATCCAATTAATTTTCCCGTTTCTAAATCAACTAACACTACAATAAACTTTCCTTGTCCTTTGACTAGAGCCATCTCATCTATTCCTAATCTTGTTAAATTTTTGAGTGGAATTGGAAACACTCGGGAATCGAGTTGACCGCAAGCACCTGATTCGCAATCAGGTGAACGGTCAACCTCTTGACTCACCTGATTAATCATCGATTCTACTTCTTTCTCTGTTAAGTTATTTCTTTTGGCTGCACCCAGTAAATTACTATTAATAACTTCTTCGACAATGAACTGAGCATATCTTTTTGTATATTTTTGCCTTTTTTTGACAAAATTTAATTCTTCACTAAAGGGTTTTGAGCAAAAATTACACTTAAACTGTCTTCGATTAACTCTTAAAAATATTTCTTTTTCTCCCCCGGGTAGATCTTTAACTAAATGCCAATGATTCTGATGAAGACGATGACTGACTTTCTGACAGCTTGGACACCTAGCTGTTTTTGAGCTAGCTTCTACCTCTAAAATTAGAGTTTTTTCAATTTCTTTCTTAGATTTAACTACTACTCCAGTTAGATCAAGAATTTTAGTCAGTTCTCGCTTCATGCTTGCCTATTTTACCGTAATTTTTAATAGTTTAGCATAATAATTACCGAAGAAACTAATTTTTTTAGAGTTTTAATTTAAGATTTTAAAATTATATTTTTAATTAAAATTAAAACTCTATTTTTTCAAAGAATGGCTTTATCTTGACTTCTGACTTCGTTACAACGTTGGTTCATTCTTTTCATGCGAACAATAAATTACTAAGGAATTAAACTTAACGATGAAGCCACGTTACGATGATGAAGAAAATATATCCCGTCACGCCGCCGCCGACGATGAATGCTGTTACGAAATGGCATCC
NZ_CP178543.1_gap87	3456355	3459953	3598	CGACAGAATTTTGGTTTCGAGAGTAATGAGCTATGAATGAAATTGTCCTAACTTATCACCGCATTATAACTTGGAGTGATGCCAATCATCAATCGTTTGACCCGATGGAAGATTGTTTACCCGACTGGTACGAAAACACCTGGACGGTCGCCGAACAGATGATTACATCGGGGCAAACCTATTGGGAGCATCGTCAATTTTGGGAAGATCTGGAGATGATTTTTTCAAGTTGGTTGCAACGGGGATATTTAATTAAAGCCCAACTCATTGCTCAGTGGTTATTAAGTAATTTTCCAGAGAAAATACTCAGTCCAAAAACTAAACCTATTTTGGAGTTGATTTCTCAGGAAAAATGTATTGAAGCTTTGAATTTACTCCCCGGTCATCGACACCCTTATTCTCGTTGGCCTAGACGGGCAGAATATTATTTTAAAACACTGCATTGGAATTTGGCAAGAATCGCTTTGGAATCGGAAGAGTCGGAATATTTATGGGCAGCTTCTCGAATAAAAGCAAAACAGTTGGGCGTGAATTCTGAAGTATGATTTTAAATTAATTTAGTGACTCGTATGATCAAATAAAAACAATCGATTCAGTTCATCAAGAAAAACGATGTTCAAAGCAAGTTCGCTTCCAAGAAGCACCCACCCCGGAGGTTTATTTGAAGTTAATCCCCTTTCTGAAACCTCCTTCAAAGAGCGCCACTCAGAAGCCCGTCAGCGACTCGATAAAGCTTGAATTATACTCCAACGAATTAAGCCCAACTTAAGAAAACATTATTGCGATTGGTATATTGCTATAGATCCTGATACGGGCGTTTATTTTTTAGATTCGACCTATACGGGAGTTTGTTTGAGGAGTCATCTATACTTTCCGAAGACTATTTTGTGCATCTACCAGTTAAATCAATCGGGGTTTGTCGGACAAAAATGATTAATGGCAGAATTACTAGGCAAGGAATTTATTTTGAAATAGATTTAATAACTTCAGATGGTGAATTGATTCCAGTTGATGCTTTATTTGATACGGGCTTCACATCGGGTATCTTAGGAATTCATGCTCAAGATGTTGAAGCTCTAGGTTGGCAATATATCGCTACAGAAAGGGGAGTACCCACTGCGAATGGTGAAGCTGATTTTTTAATTGATCGGGGACAAGTTTTTGTTGATGAGCATCAAATAGAAGTTCCCGTTTTTGTCGGACAATTCCCAGAAATAGACCGAGTAATCTTGGGATACCAAGCGTTAGAACTGTTCTATATTACGTTCGACAATAAACAGAATATTGCAACTTTAGAAGTTAAATTAGCACGGCAATAATCTTAATAAAAACTTAAAATTTTTCTTGTCTATTTAAAACAAAAATTAAAACAACTTTATCCGCAAATATTTTATTATTTAATCTGTTAAATTTATTTTGTTCAATTTTTTTTGATTTAATTTTTGAGGTTAAAATCTCAAAGAAAACCGGATTTAAATCTATAGTATTTAACTCTATAAGTAGGTACAATAAATGAAGTCATCAATTCCGAAATTTAAAGTAAAACCTGGCTATAAACCGCAATCACCAGACACAACTCCCGAAGTGGATTTATTGGGATTTGAGTTGTTGAAAAAACGTTCTCCCTCACAGCGTTTGGTAATGGGAGCCGAAATGAATAAAAATGCTCGTCGGTTTTCTATCTCCTGTTTTAGACAACATTTTTCTCAGCTATCTGATGCGGAACTGGCTCAAAAACTTGCTTTTGCTTGGTTGGGAGAGAATGATTTTCCCGGTTTGACTTCTACTCACAATCAAATGAATTGGATTCAAGATTCAATTGCTTTAGCTGAAAAATTGCACCCCATTTTTGAATTGCTAAATATTCCCTATTATATCACCGGGGGTGTCGCGGCGATTGGCTTCGCCACTGCGCTAAAGCGCAATCGCTTACGGGGAAGTTCGGACAACTCGGGATGTCGATATCGTTATTTTTATTCAACCTGCTGATATTATTGTATTGGCGACCGAGTTAGAACAAATGGGGTTTTATGTTCCGGGTGTAGAAGATATTGTTGAAGGTCGAATGCGAATATTACAAGTTACCGATATTGAAACAATTTCCCGCGCCGACCTAATTTTAGCAAACAATGATGAATTTGAGCGCATTCAATTTGAACGGAGACAGCAATACGAAACTCCGGGTAATATTATGGTTAATTTAGCCTCTCCAGAAGATATAATCCTCAATAAACTTCAGTGGAGCGGTGCGACCCTGCGGATGTCTCATCCGCTAAGGAACGCGCACCAAGAGAGAAGTTCGGGTCAGTCGGACAAACAGTGGCGGGATATTTTGGGAATATTAAAAGTGCAAGGGGAATCCCTGGATTTTGATTACCTAAACTCTTGGTCGAATCGCTTGGGATTTCCCCAAGATTTACAACAAGCGCGAATGGAAGCCGGACTTTGAATTTTATTTGATGGGATTGGGATTACATTGATTAATTGGAGATTGTTGACGAATAACTCCCGTTTTTGTAGGATCATAACCCACCAAAATAACCTCTCCTTCTTCGGTTCTTATCCATCCCCTCGCCGGAACAATCGTTCTAGAATCAATGGGATTTTTTTCTCGGTTTTGTGATATTTGTTGAGGAGGTTGTGATAAATTATTGGGTTGAGAAATAACGGGTTCAATCAGGGGAGATTGTAATTCAACTAACCGGGGAATTGTCGATGAATCTTGAACGGGGTTCGGCGCTATTCCTCCCCGACCCGTTATCACAAATTCGCTAGTTCCTCTTTGTTTGCAGGGGTCTTGAGCGATTAATTCCGCCGGGTCAACAACTGTAACTTCTAGTGATTCTGGGGGGTCAAAATTAAGCGTTGTATCGATAGAAAGATCTCCAGCAGCGTTAATAATACTATTTTGAGATTGTAAAAGTCCGAGTTCCGAATTTCCAAAAGGACGGATATTAATATTGCTCCCTCCCGTTGGGTCAAACGCACTGGTAACAATTTCACTATTTTCCAATAACACTAACAAATTAGAATTAATATCAATATTTCCATCAAACGTTTGACCGCTTTCGCTTCCGGCTGCCGAAATTGAACTTCCACGCCGCACGCTAATATCCGGTGAATTGATAGCAATATTTCCCCCTTCACCTGTTACTGAATCTGCAACTAGACCTGCTTGTTCCAAACGAACTTGGGAAGCATTCACTTCCAAATTTCCGGGATTCCCAACACCGTCGCTGTTTACAAAAATAGCAGATTTATTTCTAACTGTTAATTGTTCAGCATCAACACTAACCGTTCCTCCATTTCCGACCCCCGTTTCTGAAACGTTCGCAAGGATAAAAGACCTGTCTGCTAATTGAATATTTTCGGCCTCTACATTGACCGAACCCGCATTTCCAATTCCTGAAGTTGATGTAGACAAGAAAGCTTGATTGCTCAAGGTTAAACGTCCGGTTTCAATAATGATATTTCCACCATTACCTATAGCTCCTTCTTCATTAACTCCAACGATAATTGATGTTCCTTCCCCATCAAGAGCAAGTGATTCTGAGGCTTTAATGAAGACTGTTCCTCCTCGGCGATTAGGGGGAATTTC
NZ_CP178543.1_gap88	3624820	3628133	3313	TGGTACAGAACGTGCTACCATTGAAAATATTACGACGGGTGGTTCAATCACAACAGGGCCGCAAAATGCCATAGAAAATGGACAACCCGGTACAATTATTAATCAAGAAGGAGACAGTAATCCCACGAATTTAGAACCGATACAGCCTACTTTTGATAATCCTGAAATAAACAGACCCGCGACACTTGCTGAGGACTCAAATCTGCCTAGACCAACTCCAGATCCTCCTGAAAATCCGCAGTTTAATTCAGAGAACCCCGGACTCATAAATAATGAAAATGTTGACAATCGTAACAATACTCTCGTTCAAAGAGCATCTGAAGAATTACGCACAGAGATATCTAACTCTCCAGAAGGAAATAACAGTGATGAAAAGCAAAGTTCTGATATTAGTTATTCTTCCTCAGAGGTTCTCAATGTCTTGAATTCCAATTCTGTTAGTCCTTTGGCGATCGCCTCTGCGGATATGGTAACAAATCTAGAATACAATCGGAATCAAGAATTTTCTAGGTATTTTGGTGATGATTTTGCAAATACTAATCTTTCTACTGAAAATGTTAGGACTGTATTAGATGATATTGCCCAACAAACTGGAATTCATTCGGCTGTTATTTACGTTACCGTACAAACTAATCAATTAGAATTAGTTGTCTTTACGGCGGAGGGTAAACCGAAGTTTCACCGAATTGAAGTGCCGCGAGAAGAGGTCTTGAAAGTGGCTAGAAATTTTTATAATGAAGTGGCCAGTCCGATCAGATCTAGACGTTATTTAAAGCCGGCTCAACAGCTTTATGACTGGTTAATTCGACCCCTTGAATCCCAACTACAAGCCGAAGGAATTGATACCATTTTATTGAGTTTAGATTCGGGTTTGCGAGGATTACCTCTGGCCGCATTGCACGATGGTCAACAGTTTTTAATTGAGAAATATAGCCTAAGTTTGATTCCCAGTATAAGTTTGATGGATACTCGTTATACTTCTCTGAAGAATAGTAAAGTCTTAGGGATGGGTGCGAGTGAATTTCTAGAACTTGATTCTTTACCTTCCGTCCCGGTAGAGTTGGAAACCGTCACCCAAAGATTATGGCAAGGTCAGCAATTTTTAAATCAAGAGTTTACCCGCGAAAATTTAATCAATCAGCGTAAAAAGTATCCTTATCAAATCATTCATTTAGCAACCCACAGTGATTTTACTGTTGGAAATCCCGCCGATTCTTATATCCAGTTGTGGGAGGATGACCAACTCAAGCTAGACGAATTAAGAACTTTGGGTTGGCAAAATCCCCCGGTTGAACTGTTAGTTCTCTCTAGTTGTAGAACGGGGGTTGGGGATGAACAAGCGGAAATTGGGTTTGCGGGATTAGCCATAAAAGCGGGAGTGAAATCGGCTTTGGCGAGTTTATGGTATGTTAATGATGTGGGAACTTTAGCCTTAATCACTGAATTTTATGCTCATCTGGATAACGTTGTGATTAAAGCGGATGCGTTGCGACAGGCACAATTAATGATGATTCAAGGACAGGTTAAAATTCAAGATAGTCAGTGGCAGGGTTCCGAACCGGATACTTCAATTGTGCTACCGCCTCAACTCAATTCTATAGGTAATTTCGACTTTTCTCATCCCTATTATTGGTCGGGTTTTACAATGATTGGCAGTCCGTGGTAAACTTATTTTTACATTAAATTTTTCTCTAAAACTAGATCAAATAATAAAATTCAAAGTCCGGCTTCCGTTCGTGCTTGTTGTAAATCTTGGGGAAATTCCCAACGATTCGACCAAGAGTTCAGATCATCAAAATCTATAGTTAAGCAAAAATAATACAAATAAACAACCAATAAAAATATTAAAATCACAAGAATATTAAAAAACGCTTCCTCTAATCGCCATGAGTTGGCAAACATTGACGTAAGAACCGGAAGCTTGGCTCAAAATCTGCGAATAGAAGGTGTTATCAAAGAACTCTCTCTACGAGGCGACAATCATTCATTGAGTCGAAAGTTCGTCTATCTATGGCTTGACCACTTCAAAGATATCGTGAACAGGACTGGGTGCTTGATCGCTGGTATTTTCAGTTTGTACACTGACTCGATATAATCCCGGTTTCAAGTCATCAATTGTTAACATCCATTCTTGTTCCTGTTCGTGAAAATCAAGATTTATCGGGGGTTGTTCGTGGGAAATTGATGTGATTTTTGCGTGAAGTTTTCCACTGATAAACCCTGGCGTACTGATGACTCTCGCACGCATGGCGATCGCTTCATCTGTCAAGTATAAATCATCTAAAGCGAGGCTAATTGCAGTTTGTGAGGCTCTAACACTCGCCAAATCTGATTGATTAAATTTAATTCGATTCTTCAAATCTTCTAGAATTTGATTCTGGTTTTGTAAGGAGCTATGACGTTCGGCAATAAAGCTATTATTAAAACTATTAGACAGTTCAATTGGAATCGCAGAAACTTGAGGAACGGTGCCGTCACCGTCGGCAAGATCGGGGCGATTTTGTAAGATTTTTGGTAATTTTTCGCTCACCGTGAGTTTTCCATTAATGAACTCAGCCGATTGAAAAGTAGCTTGCTGAATACCTGCAATGGGAATCGTTTTAAATGAATTGTGGTAAGTTTCATCTTGGCGATGTTTGTTAACTGCATCTTCAATTTCCCGATGAAATTTTAGGGCATCTTCAGCGCGACTTTTGACAATATTTGGCAGATTGTCGGCTTCGGCAATTCGCAGATAGTTATCGCCAATTTTAACCATTTCATAGATCGGAAGCAGTTGATAAACTGACGTAAAGGAGCGTAAAACTTCGGTTAAATCTCCGAATAGCATCTTGTAGCCATTGGCGAGAAAATTGACCGCATGAACCGAACCGCGATAGGGAGTACCAAAGGTAAATAAAGCCCTGCAATCTCGCCAACCTTCTAATACTTCCAAATAATAACGAGACACCAATCCCCCCATACTATGAGCCAATAAAATCACTTTGGCATCCTCCGCACCACTGGCTTCTCGCCATCGTTTTAAGCGTTTATCTAATAGTTTTTTGAGTAACTTTGCGGAAGCGCGATTATCCCGTCGCCAGTCATAAGGAAAGTGATAAAAATTGGCAGGTTTGTCATTGGAATCGGTGTAAATATTGCCCGAAGTTACATCGAAGTTATCGGTAATTAACCGTGCTGTTTTGGTATAGCCATCAATTTTCCATAAACCGGGAATCAGATGGGTGTCTTGAATGAGCGAAGTTGCTTGAATACCATCCCCCAAACTTTCCGCGTCTGGGTCATCTTGGTCTATTTTAAGTTGTTCAATAGT
NZ_CP178543.1_gap89	3645355	3646004	649	CACTTTCATTTCTGATTTTGATAAACAGCAATAAAACAGAGCGGTAGAAAATAAAAAAACCTCCCCAGTTGGGAAGGTAGAATCAAAGCGAATTCAATTATTATCAGTTATTTACTCAACAAATTGAACAACTGAAAAATTTCATAACCGGGGGAAATTTTTTGGATAGGAACTTCCACCAATGCCACAATCGAGAAAACATTAAGCGGCAAATGTTGCGAAGTTTTCGGAAGTTATTAACCCAACCTCTACGCCTTCAAGAGTTGCCAATAGTTGGGAATTGAGTTGAACGAGAGTTGAACCGTTTTCTTGGGTCAGCGTCAGTTGCTCGAAAGTTAAACCGCCATCGAGAACAATAATATCTTCGCCATCGGTGAAGTCGGTAATTAAATCCTCACCCATACCGGAGGCGACAACAAAGCGATCGCTACCCTTACCTCCTGCTAAGGTATCAGCACCTTCGACACCTACAAGTAAGTCATTACCATCATCCCCCCGGAGAAAGTCATTACCTTCCCCACCCCCAAGAGTATCATCACCGCGATCGCCCCAGAGAACATCATCATCTTCACTACCGTCAATCAAATCATGACCCTGACCCCCATAGATCAGATCTTTACCAGAATTGCCCGATAGAGTGTCACTTTGT
NZ_CP178543.1_gap90	3647772	3651389	3617	CATTGGGAAGCCCCAGAGTTGCCCCCAATTGCCCTTCTAAGCCCAGGAAACGGCGAACAGCCGGAACCGAGTCATTATTGGGATTTTCATCAGTATTAAGGGCAATAAATTCGTCGATATTTTCAGAACTGATACCAAATTCTTCCGCTTGAACGGGAACATAATTCACCCAGCGGACCACATCAGCCCATTGAGAATCATTTTCCGGTAAAGCCAGGGCAATGGGTTCTTTGGAAAATTCCACATCTAACAGGCGGTGATTTTCCGGGTCGGAGAGTTCCTTTAAGTTCTCAACAATGATGGCGCGGTCAATGGAGTAGGCATCAATTTCGCCTCGATCATAAGCTGCAACAATTTCTTCGATAGTGCCATAGAATTTCGGCGTAAACTCGACCCCTTGTTTGCTCAATTGATTTTGTAAATTGCCGAAGGAGGTACTACCTTTAAAGAAGCCAATCAGACGACCGCCCAGATCTAAAGCATTCTCAATCCCGCTATCTTTGCGAACAATGACCGCTTGATGATCGTAGAAGTAAGTTGGACTGAAATCAAGATTTAGGCTGGCATCCCGTCCTAGAGTTTGGGTACTGCGTTGAGACGTCAGATCTACAGTACCATCTGCTACCAACCCAAAGGCTTTCGAGAAAGTAGTGCTGACGGTTTCGACTTGGCTGGCATCCCCAAACAAGGCGGCGGCTAAAGTGCGGGCAAATTCCAGGTCAAATTCAGATCCTACAGAAGTGGCAACTTTAATCTGACCCCGTTGGATAATATCATCAAGGATGGTCAGTTCGGGATTTTCAATCACCGGAACCGAACGGGTTTGAGTTGCCGTTGTTTCGATAGAAGCGCTTTCAACCGAGAGGACGGAAGTCTTAGAGTTCAGACCTCCCGTCGGAATTTGAGCCGGTTCTTGGACGATTTCAATAATCTCGGAGAGATCAGTAAAGTAAGAGTAAGTTGGGCCGTTATTTTGAATCAGCGCCAAGTTCTGGCCGTTGAAGTCCAAAACTCCACTGATAAAGCGGAAGCCGTCAATATTGTCAATGCCAAAGCCCGCCGCCGACACCTGAATTTTATCCCCTTGGGCGGGATCGAAATCCAACACGGTATCGAAGCCCTCATTCGGAGAACTGAAGAAGAAGACATCGGCACCTTCGCCGCCGTTGAGGATGTCATCCCCCGTACCGCCGAAAAGAATATCATTGCCCGTCTCTCCTACCAGCCAGTCGTTATCTTCACCGCCGCTGAGTTCGTCGTCACCGGCACCACCTTCGAGTTGGTCGTTATTGGCATTTCCTTCGAGAGTATCATCTCCGGTACTGCCTGCGATCGCATCGACTCCTTCACCGCCTGAGAGAATGTCGTCACCGGAACCGCCGTCGAGAATGTCGTCACCGGATTTGCCTTCTAAAACATCATCTCCGAAATTGCCTTCTAAAACATCATCTCCTTCGTCGCCACCGAGAAAATCTTCGCCGTGACCGCCTTGCAGCCAGTCATCCCCCCCTTTACCGCGAAGGACATCATCACCATAATTTCCTCTGAGGCGATCATCTCCGCTGTCTCCGTCGAGGGTATCTTTTCCAAAGCCACCTGCTGCAACCGAACCGTTTGAGGTTCGATCCTCGGAGGTGTCGTCATCATCTAAAACCTGAAGTAATGCCACCGACGATAGGGGATCTAAAATATAACCCTCCCCGACCGATTTGAGGTTGATGACGATACTTTCGGTTGTTTCACCTATGGCATCGTTAAAGGCAGAAAGGGCGATTTTAGCGCTCTTTTCTCCGGGAGCGATGTAAACTTCTCCCAATTTCTCTCCCAAAACCCCATAATCTTCATCGACAGTTGCCGTTCCCGAAATTGAGTAGAGTACCTTTAACCCTTGATTGGGAGCGGGATGGCTGAGTTCCACCGTCATTTGAACTTCATTTAAGTTGGCTTCGCTGATGCTGTTGGCGGGAATTGTGATTTTTACACTGCGATTGCCAAATGCGTTAATATCCCCATCGACAAAGGTGTAATTTTGGTAAAGAATTTGTTCAAATTCCGTCAAGATTTCTTCGGGGGACTCAGAAGCGGCGGCGAGTTGCTCAATGAGTTGAGCCACATCTCCCTGAACAGCCCGTTTGACAGAAGCCAAAGCCGGCAAAGCTTCAGGCAAAGATTTAGAAGCGCCGACTTCCGCGACTTGAGCGAGGAAGCCATTGCTATCGGCGATCATTTTAGCCGAAGTTTTCAATCGGTTTTCATCGGAGGAAATGCCATATTTTTCGGTAAGGAAAGACAAAAAGGCTTCAATCTCTATCGTCTCTGCAAAGTTGTAGCCTTCCGTTGTCGATGCGGCTCGGTTTTGGAGAAACTCGGCAAATGCTTCTTGAACGAGTTGTAGGTTATTTTGATTAGCATTATCGCCTTGAAATCCATCCAGAAATGCCCGACCCTGATTAAAGAGTGCTTGAACTTGAATGTGGGCTAAATAAATATCTAAACCCAGTTCATTTTGTTGTCCTAGAGCGTTGAGAGAATCAAAACTTTCCAAATTGAAGCTCGGATCTAATCCCAACTGTTCTTTAATTAAAGTGTCGGCTTCGTCGGCAGTTAAGCCAGCTTGCACCAAAGGTACTTGTAAGCTCGTTAGGGGGGTGATAATTGTTGAACCGGGCAAACCGATAAATTTGCCTGCCGGCAAGCCGCTGGAGGTGTCGTCAATATTTTTGAGGGTAATGGTGACATCGGCAGCCGGTTGAGTTTTTAGGCGAATGCCAATTGTAGCTTGATTGTCTGGCCGCGGCAGTTGGATTTCAACCCGATCGCCGTTGATTTTAATATTGTCATTGTTGATAATAAAACCCAAATCCGCCTCTGCGGTTTCTTTGAGGTGGGCTTGCAGCAAATGCCGGTTTTCGGGCAGATTCTCTGGGGGTGTGATGGTGACTTTTCCAGAGTCGAGATCCGCTTGACGGATGGTGACTTTCCCCAAAACATTTCCCTGTACGTCTTTGAGTTCAACCCGATCTCCTACCTGCGGATAGGGTTCACTGGTAGTGACGGCGACGAAATTATCGGTGTAGCTGGGGGAAAAGAACAGAGAGAATCAGTTGGATAGCTGCATTAAAAGAAGGGAAACTTTTTGCGCCTTTGACCTTTGAGGGGTCATGTAATAGAAATTTATTTGAAATTTGGTTAAAGAATTGTTTGATTCCTCAACTCGAACCGAGAGACATTATTATTACTGATAATGCTAGCTTTCATCAAGGAGAGTATATCAAAGAAATTATTGAAGACGCTGGATGCGAAATTTGGTACTTGCCCTCATACTCTCCAGATTTGAACAAGATTGAAAACTGGTGGGCTGTTTTAAAGACATGGATGAAACAGCGAAAACTTGGCGGTGTCGGTTTCCGTCCCGCCAAAGTTTTTAAGAAGAGATTAAAGGAATTCAAGACCGTGAGAGAATGCGTAGACGCTGCCTTTTTAAATTGTCCTAATGTATGCGCGTAGCGCTATAAGTCTAAAGTGTTTCGACTAATTTTCAAAAAACGGGCGACTTGACTTTTCTTGTATCCATTTTTGACCGCCGCGATCGCGCGGAGCCGTAAATCGTCACTATA
NZ_CP178543.1_gap91	3665866	3668418	2552	GCAGATTTTACGAGAATTGCCAACGTAAAATCCCAGGTAAGAGAGGGTTTCCAAGGTTTAAGAAACACGCTCGTTCTGTTGAATACAAGACTTCCGGTTGGAAGCTTTCAGAGAATAGAACATCTATTACATTTACCGATAAAAACAAGATCGGCAAGCTTAAACTTAAAGGAACCTACGATCTGCACTTCTACCAACTCGAAGATCTTAAAAGAGTAAGAATAGTGAGAAGGGCTGATGGGTACTACGTGCAGTTTTGTATTTCAGTCGATATCAAGATAGAGACTAAGCCGACAGGAAAAGCCATAGGCTTGGACGTAGGTATTAAGTATTTCTTGGCAGATAGTTTAGGGAATACAATAGAAAATCCTCAGTTCTATCGGAAATCTGAAAAACAGCTAAACCGTGCTAATCGCCGAAAGTCGAAAAAGTACATCTCTTGGGCTAAACCGCAGTCAAAAAACTACCACAAAGCTAGATGTAGATATGCCCGGAAACATTTAAGAGTAAGTAGACAGCGTAAAGAGTATTGTAAGCGAGTTGCATACTGCGTAATCCAGTCTAAGTGCGATTCGTTCAGTCGAAACCTGCTCCTAGCAGGGGGATGACTGGCCTCTGAGGGGTAACCGATAAGGTAGAGTTCGCACTTTAATCCCCTTCAGATGACAACTCTATGACCTTATAGGTGAGTGTTAGTATCCTAGAACGCACAAGTCCTATCGCCTAGGCACGAGGTCGAAAGCATATTCCCAAGGGTAGCGACTAGCCATCAATCTCTTAAGCGGGAATAGAAGCGGAAAGTGGAGGGCAACCTGTGTCCAAAGCCTGTGAGCAAGTCTTCACGGAGAGCGTAAGCAAAGGATATGTCTGAATCATCGTAAGCATTAACCAGTGAAATCAGGTTGTGACACTGGGAGACCTAAAAAGGCAAAGTAAAGGTGACGATAGGATTTAGACCGAATCGTTAAAGTGCTACCCCAAAACTCGGTGAAGAGTATCCCTCCTAAAGAGACAAACCAAAGGTCATAGGGAACGAAGTAACTCCCTCGTTTACTCTCAGTCAAGGTCGATTGGCTGAGTAGTCAGCTAAGACGCAACCATCTACTTCCATTAGGTAGGTAACAGGGGAGCAAGATTGAGTCAGAAGCAAACGCTCTCCGTAACAGGAGAGATACGCAGACGGACTCACGGTAAAACGGAAGGTAAAGCTACAAGTAGCAATGTATAAGTTATGAACACGGAATCAAAACCGATGTATAAATGGGGCGACATAAACTGGCGAAAGTTGGAGCGTGTTGTCTATAAGTTGCAAAAGCGGATTTACCGAGCGTCTCAACGTGGTGATGTCAAAACAGTTCGCAGACTCCAGAAACTGTTAGTTAAGTCTTGGTCGGCTAAGGCTTTAGCGGTGCGTAGAGTAACTCAGGACAATCAAGGCAAAAAGACGGCAGGAGTGGATGGGGTTAAATCCTTGTCCCCAGAAGCACGTATGAAGCTCGTAAACAATCTCAAACTGGGTACAAAGGTTAAACCTACCCGAAGGGTTTGGATACCCAAACCTAATAGGGAGCAACGACCTTTAGGAATACCTACCATGTATGACCGTGCGCTCCAAGCGTTAGTAAAGTTAGCCTTAGAACCTGAATGGGAAGCTATATTTGAGCCAAATTCCTACGGGTTTAGACCGGGGCGGTCAGCCCATGATGCCATTGAAGCCATCTTCAATGCGATCAAACAAAAACCCAAATTCGTGCTTGATACGGATATCTCCAAATGTTTCGACCGTATCAACCACAAACGGCTCCTCGAAAAACTTAACACCTTCCCCACTTTTCGGAAACAAATTCGAGCGTGGCTTAACGCGGGTGTTATGGATGGTAAGGAGTTCTCGCCAACATCTGAGGGTACACCTCAAGGTGGGGTTCTTTCTCCATTACTGGCTAACATTGCCCTACATGGTCTAGAAAGCGAAATCAAGGCAATTGCCCATACCTTCGATATGAAAGACCTCAGAGGACGGCAACGAAGCAGGACACAGAAACAAGATTCTGTAAACGTCATTCGTTATGCAGACGACTTCGTGGTTCTACACGAAGACATAACCGTTGTCCGAAGATGTAATAAGGTCGTATCCATATGGCTGGCAGATATGGGGTTGGAACTCAAAGCAAGTAAGACGAGACTCGCTCACACCCTTGAAAACTATGAAAACCAAAAAGCAGGATTTGATTTCCTAGGCTTTAATATCCGCCAATATAAGGTGGGTAAATATACATCAGGAAGGGATACAAAAGGGCGATTACTCGGTTTTAAAACACTCATCACCCCAAGTAAAGAAAGTCAGGAAAGGCACTACCGAAGGATATGTGAGGAAATAGAGAAACTTAAGGGACAGTCCCAAGCTGTCTTGATAAGCAAACTTAACCCTATCATCCGAGGATGGTGTAACTACTTTTCGACAGGAGTAAGCAAGAGAATCTTTACGAAACTCTCGTATCTGACCTCTTGGAAACTCTGGAAATGGGGGGTAAAACGACATCAAAATAAAGGAA
NZ_CP178543.1_gap92	3677778	3679371	1593	TTTGGCAGAAGCAGGCGGAAGAACAGTTAACGTTGCAGCGACGTCTGACTCAGGCGGCTCTCGAATGGGAGAGTCTCAAAACCCAGAATAATGATGAACAAACGCCAATTTTCAAACGGGCGGATCGGGTTCTCAACTGGTTAGATGGGCAACTTTCGACGATTGAGAGTTTAGTCAATCAAATTTCAGAACAGGTTGTTCGGCGATGGCAGCAGACACCCGATCAACAGGGACGTTGGAGAGAGAAATCCGTGCAATTTCTCTGGAATGCGAATCCTTATCTGGAGGTCTTAAATGAAACTTTAAACTCCAATGATAATTGGTTTAATGAGGTAGAAGCAGAATTTGTTCAAAAAAGTATTCAGAAGAAACGTCAGAATGTCAGTTGGCGACGGCGGATTGCCATTGGTGTAATTCTGAGTTTAAGTGGGTTAACAACTGCGGCGCTGCTTTATCAAAGAGGCTCTCAGATCAGAGAAGCCAGGACTCTGAGATCGTCGGCAGAAATTAACTTGGCTGACAATCAATCTTTAGATAGCATGGTTGAGATTTTACAAGCAGGAAATACGCTAAAAAATCCCCTGTTAAAACTTTTTCCTCCAAATTCTCAGCTACAGCGAAAAATAGAAGGAACCCTGCAAACCGCAATATATACTGTTAGAGAACGGAATCGTTTACAGGGTCACGAACGTCCCGTTAGAAGCGTGGTACATAGCCCAGATGGTCGGCAATTAGCAACGAGTGGAGATGATGGTAAAGTTCGCTTGTGGAATTTGCCGGGTGAGAAATTGCAGGAATTTGGGGAACAGGGAGGTTCGATCAGAAGTGTTCAATATAGTCCTCAAGGGCAATTATTAGTAACCGTCGGAGATAATGGATTGATCGGTTTGTGGACTTTGCAGGGTCAGTTAGTCAAACAATGGAATACTAAACAAGGTAAATTGCAGGATGTTCAATTTGACCCCGATGGAGAGTTGGTAGTCAGTGCGGCAGATAATGGTACGATTCGTTTATGGAACTTGCAGGGTGAATTATTGAGAGAATTCAAAGGACATTTAAACTCTGTAAAAAGCCTAAGTTTTCACCCAAATGGTCAATATATAGCAAGTGCTTCGGATGATGGTACAGTGCGCTTATGGAACTTGCAAGGTGAGGAATTAAAAACAGTTATATCTTCTCAAAAGCCTTTAACAAGTCTCTGTTTTAGCCCGGATGGTCAATTTCTGGTCGGTACGGGAGAAGATAGCATTGTCCGGGTGTGGAGTATTAAAGGAAAACAAGCGTCAATAATTAAAGAGTGGAATACCAAACAAGGTAAACTTTGGGATGTTCAATTCACTTCAGATGGTCAACAGATAGCGATCGCCGGGGGAGATGGAACAGTTCGAGTTTTGAATTTGCAAGGTCAGGAGTTAGAAAAATTTGTCGGTCACAAAGGACCCGTTAGAAGTGTGAGTTTGAGTCCAGATGATCGGCAATTGGCAAGTAGCAGTGATGACACAATGGTTCGGATTTGGAATTTACAGCCTGTAGAATTTATATCCAGAGAATTCGACCGTTCAGAACCCAAAAGGTATACAAGAAATGTGAGTT
NZ_CP178543.1_gap93	3730214	3732248	2034	CTCTCGCTTCGTTGAAATTCTGGATGTTATCGACAACTTGGAGGAATATCGTCAAAATCGGCGCTAAATCCTTGAGGTAGGGATTTTAATGCGTGAGTTGAAACGTAACCTAACACCGCGTTGAGCGTGCCGTTGTACAAACCGGCTTTATCTTGCAGTATCATTCTGTTTCTCCTGTTTCAATTTCGTCAGTTTGTATCGGGTAAGTTTGTCTCAGCAACTCAGTGACTTCTTGCGCGATCGCTTTGCAGGGCATGATTAACTGAGGAGTCGCGAAGAGAATCAGTCTGAGGTGTACCTTCATGCCCAGAATCATTCTTTCTTTGTACCCGTAAATGCGTCATATAATTAGCCTCAATGAAATACGAAATACTGATTTATAATGGACTAAATCAATACGAAGGAATTCAGTTGTTGGTAGGGTTGAAAAAAAAAACGGCAATTTTGTTCAGAAAAACAAGCAAAATCTAGCCGCCAAAATTAGATAGCTTACAACACTTACAGACAAGTCAGATACGAATTGAGAGCAAAAATCGGGGAACTTAATGACTTGCAGCAATCACGGCTGCCATCAACTCAGTAGTGTTCCAGCGCTCGGTATACCGAATTCTATTGATAAATAGGGCCGGAGCAGTCGTCACTCCACTCTGTATTCCGCCTTCGATATCTTCATTGATCCGATTGACATACACTTGTTTAGACAACTCTTTGAGAAATTGAGGAATGTCAAGCCCTAAATCATTGGCGTACTCGACAAGATAACCGTTCTCCAACCTTTGTTGATGGTCAAATAAAGTATCGCTCATTAACCAAAACTTTCCTTGGGCGGCGGCGGCAACGGCTGCTTGGGCTGCCCGTTGCGCCTGGGGATGAATCTGGATCTGTGGAAAATGGCGGAAGATAAAACATAAATAATCCTCTCCAAAAGAAACCGTAAGCTCTTGCCGAATGATTTTAATCAGCTTGTAAATGGCTGCACTTCTAGGACATTGATAATCCCCATACATCACTAACACCACGGCGGCACTTAGCACACCTTGACTGTGATCTTGGGTTGAAGCTGGCACAACTAAAGAACTGGAACTATGGTCGTCGATCATCTTTCTACATCTGTATCAAGCATGGAACCTTGCGATTCACTTGCTCAATCCACATGAGTTCAATATAAGCAATTGGCTTTTAGTTGTCGTCTACAGCGAGTTAACATTTTTAGGCTGCAATTTGATGGAGCAGCCGCTCCTTCTCAAAATAGAAGGCTGGCTATAACTCAAGTTAGATTTAACGCTTAATTGTACGGTCAATCCTATCCGTCTGACGTGATCAAGAGCTGTTGCCTACATCATCTGACGGATCGGGCGAACAATCACTTCGTTGACATCGACATCATCCGGCTGGGATACGGCATACAGGACAGCACTGGCGATCGTATCTGGGTTGAGTGCATCTTTGCGAAGTTCTTTCAAGAAGCCTTTTGTTGGCTCGTCTGTGATATCAGAGCCGAGTTCGGTCTCAACCACGCCAGGAGAGATGATGGTGACGCGAATCGTTTTCGACTCCTGCCGCAGTCCATCGGAGATTGCCCAAACTGCGTACTTGGTCGCGCTGTAAACTGCGCTAGTAGGTACTACCACATGGGCACCAATCGACGCGGTATTGATGATTTGTCCGCCACCTTGCGCTTCCATAATCGGCAAAGCTGCTGCAATACCATTCAACACCCCGTTGATATTCACGTTGATCATCGTGTCCCATTCCTCGACTTTCAAGGCATTCATCGGGGAGAGCGGCATCACGCCTGCGTTGTTAAAGATGACATCGACGCGATCGAACTTGTCTTTTGCAAACCCAATGAACGCTTTCACATCTTCTCGATCGGTGACATCTACGGCTTTAAATTCTGCTGTACCGCCTGAGGTGTGGATCTCCTCAACAATCTTTTCGAGCTTTTCGGTGCGCCGTGCGCCCAAAAGCACCTTTGCACCGTTTCGAGCGAGTAACTTAGCTGTGGCTTCGCCAATCCCGCTACTGGCTCCA
NZ_CP178543.1_gap94	3759602	3762537	2935	CAGAAGCCCTCAATATATTTCAAGCAGGCTCGGTACTTTTCCAGAGTGCGGGGGTCTACAAACTGCTGTTTGTATTCGATAAATTGCTCGAATAGCTCAAAACAGGTGATTGCCTCTCCCTCGACTGAGGCTATGGATTTGTAACGCTTGAGAGAAGGATCAAAATTATCCGAAGCCATGTCCAATTGGATTTGATTGGCTTTGATTTGGGCAACGGAGCGATTAATTGGGGTATCGGGAACACCCAAGGCCATAACGTAGCGTTTGCCTTGGTATCGCCACAGCAGTCGAAGCATACCCCTATCCGATCCAATAGAAACAGATCCCTTTTTCGCCCGAACCAAATCCGCGTTCCTCCGTAGACTCTACGATCCAATTGCGATCCAATAATAGCTAAAAATGAGATAAAATGAACCAACAGATCGGGGTCGTGTAGAGCATTTGGCAATGCGATCCGGCGAAGGTTTCTCAACCAAACTCCAGTTTTGTAAGGGTTTGGGGGTAATGGACACAACAGGATTCGAACCTGTGGCCTCCACGATGTCAACGTGGCGCTCTAACCAACTGAGCTATGCGTCCGAACGATTTATAACTATAGCATAGACTTTCTAAAATTTGCAAGCTTGAGAGTAAAATTTTTCCAAATGGGTCTCCCAGAAGCTGTTTTGACGGAAGCGATCGCAGAATTTATTGGGTGGGACTGGCTCAAGTCTGACGCTAAGAGGGTAAACTTGGATGGAAGGATGTCAAAAACTTAAGTGGCGTAGAATGTTTAAAAGTATGAACTTTCGCCACTGAGCTACTCTACTATGATGTAATCTGAGGAAAACAGGATGGCTAAACAACGAAGTCTAGGGGATATGGTCAAGCAGGAAGCTCAAAAAGTCAACGACTCAGAAGTAAAAACTGTAGAAGCTGAAGTGGTTAATTCTGCTGAGGTGGAGGAACAAAAAGCAACTGAAAACTCATCAACATCTGAAGAAACTGAGACTCCTATGCGACGAAAAAATCCCACTAAAGCCGATCTCGAAGTTCAAATTACTGAGTTAAACTCTCAAATTACTGAGTTAACCTCTCAAATTACTGAATTAACTTCAAATTTAGAAACATCTCGGCAAAATGAACGCACTCTTCAAGAGAAAGTGTTACATTTACAGTCGGAAGTTGAGGAAAAAGGTCAATTTATTGATCGACTTCAAGAAGATCTCAAACGCAATGATGTTAAAGAAGAACTGGAGAAGGCTCAAAAAACGGCATTGCAACTGTCAGAAACAAATTCTAAACTCTCAGAAACCAATACTAAACTGATCGAAGAAGTGGAAACCCTGAGAAAAGAGAACCAAGAACTGAAAGACAAACAAGAGCAGAAAGCTAAACCCAATAAAAAACAGAATTTACCTCAGTTAGTTCATCGTCCCGAACACGTGAAAAATCAGCCTAAAACTTCTTCTAATGATGATTTTTCTCAAAGTACCTGGCTACTTTAATCGTTAAACTCACAACAGTACACATCTAATTCATCGCCTACTCTAGTTTTTTTGAACCCCGTCGAATCAATAGCTGTCTCTGCTGATTTCAAATGGCTTTACTTCTCAGCCGAAAAGGAGACAGAGAAAAAAATTCGGCTCATTGATATTATACTCGAATGAGCCTGGTTTTGACCTGAAAATCGGTTAATTATCAGAAGATTTGCTTTGTCCAATGATTCGATAACAGAGAATCTAGAAATTGAGAGGGAGAAGTTTTAGAACCGCAAACGGCTAAAGCTCTCATCGCTCGCGTACAACCGACGTAAAAAAGACGGCGTTGTTGATCGAGTTCGCCTTGAATTTCATCAAAGGGTAATGTTTTTTCAATATAGGGAAGTTGACCCGACTGTAAACCCATTACCGCAATAAAAGGAAACTCTAATCCTTTTGCTGAATGGAGAGTTAGCACTTTAATATAATGTGCTTTGAGGTCTATTTTTTTACCGGATACAAACTTCGCGTTTAAGCCGATTTTCTGGAGACGTTGAGCGATACTTTCGCAGAGTTGAGTGTTCGGACATAACACCGCACTTCCATGTAAAGGAAGACGAAATTGTTTGGCTGAAGCCATCAAAAACTTTGCAATTTCTTCGGCTTGTTTATCTAAATGATCTGCGAGTTGAATTGTAGGCCAATTTCCCAAATAGGGAGAAGATTTTTGGCGGATACAGTCCTCATCTCCGGCTCCTGTTCCGGCTAAAATTTCCTCGCAAGCTGTGGCAATTTGTTGAGTATTTCGATAGTTCCGTTTGAGGGTAATTGTGCGTCCTGCTACTTTTAAATCGCCGTGAATTTGCGTCCAGTTAAATCCCCGTTGATAAACGGATTGAGACGCATCAGCCGTGAGATAAACATTTTCTATTTTTGCAGTTAAAGCCAACAGAAATCTTAGGGAAACTGGAGACAAATCTTGAGCTTCATCGATAATCACTGCATCGAATTTTTTGCGGGAAGATTTCAGTTCTATTTCTAACGCTTTACACCGTAATTCTTCCCAAGTTATCCAGCCTTTTTCTTTCATTAATTTTTGCCAAGTTTGATAAATCATCCAAATGGCTGTGCGAGTATTACTTTGCAATGCCACCCCTCGTCCCTGTCGTTTGTGTTGGAGATAGTTGTCTAAGCTTTTAATCCCCCAAGCTTGAATTACATTCAAAATTTCTTCTAACAAATAGGAAACTCCCAAACGCTTTAAACTATCCCGTTTGACTTGTTTATCAAATTCATTTTTACCCGGTATTTCAGAGCATTTTACAGCGTCTTCAAGTAAGTCTAAACATTGTTTTTTGTTGGCTAAATGAGGCTTTGAAAACCGACTCATATAGGTTTTATAAATCAAAGCGTCTACCGTTGCGACTTTCACCCCAACTTGAGCGGGAGACTGTTTAAGAAGCTGTTCGAGAAGC
NZ_CP178543.1_gap95	3763772	3764318	546	CCAATAAAAGACCTAAGATAGATACTGAAACCGCAGAAAACGCGATATAGTATCATCCGTATCCCCCCCTGTAGAAACCCACACCATTATCAGTCCAGATTTCGGAAATTTGAGAATGACAAAAACCGCAACTCAACCCCTCTCTTTTGAACAACGCCTCGACGCCTCGCCCATTACCCGCGTGATGTGGCTGCTATGGGCGTTATCGGCGGGACTCATCGCTTTGGATGGCTTCGATTTTTTTATCATCGGTGTCGCCCTCCCCTTCCTACAGCGAGACTTTAACCTCGGATCGGCGCAGATCGGGGCGGTGGCGGTGGCGGCGATCGCCGGGTCGATGGTCGGCGCCTTTACCCTCGGCCCAATTACCGATAAAGTCGGACGTCAACTGATGTTAATGGTGGATGTCGCAATTTTTGTGATTGCAACTGCGGGAACTGCCTTGGCTTGGGATGCAACTTCACTCATTTTCTTTCGATTTTTAGTGGGTATTGGTATTGGGGCGGACTATCCGATCAGCGTTTCTTATATTACTGAAAATGTTCC
NZ_CP178543.1_gap96	3960776	3962318	1542	GAGTAATTTTAATCCGACCTGTGGTTCCAAATTCCGCTCCAATTTCCCAAACTTCCCAAGGTAAACGGGCAAGTTCAAGGGAGCTACAAGCTATCATTAAGTCAACGGATTTTGATTCCGGCTCGGCTCGACAAACCTGAGATACAGTTGCTCGAATTTCATGCAGTTTATCGCTCCGCAGCCACTTTTGAAAGTCCTGTAAAAGTTGAGTTTCTGCATCGGCGAGACGGCTGTGCCAATCCATTTTAGAAGAATTAATCGTCCCACTACTGGCTGATTTTCCCCGCAGAGTCTGATCGGTATTTCCAAACTTATTTACTGATAAAGTTTGATAAAAGTTCCGATAGGCTTCGACCCATACTTTGTATGAACTGATTGTGTTTTCGGGAAATGAAACTGAAGTTGAGAGTCGCTGTCCTTGCCCCCAGGATAAATCAAAGAGGCAGGACTGTTCCAGGTGTTGAACCCGCAGTTGGAGCATGATAATTACAAGTTAGAGGTTGATGTGAAAACTTAATCTTAAAGTTTAACCGACAAAAGTAAAGGGAGGCAAGATAATTCCGTTACCATCGGGAAAACTGATGCTCACGTGCAACTTTTCATCGTAGGCTCCAATGACTTGTGCATAGATATAATCTTGGGTCGAGTCGGTGAGAACCGGGGCTTCTAACACTTGCAATTCATCCCTAACTGTGAGTTGAGTTCCCACAGGTAAATTTGAACTGGGTTGAGCGGCGAGCAACAGCAATAACGCCCATTCTTGCGAGTTTAGTTCGGTGTCTATCCGCCAAATTGTCGCGTACAACCGCATGGGAATTTCACCACAAATCAATTCTTTGTATGCGGTTCTGGCCTCAAAAGGTATGACCAATTGAGCCTGATTTTTCAACTCGGTTACGGCATCGCTAAAGAGTTCTATTGGACTTCTCAACTCTCGAAATGCCGAACTATAGGCAAGGGGAGGTAATAGCGTCCATGATAATTCTTGTGCGATTTCACCCAACTGATTTGTCAACCAATTGGCAACATTTACAACCGATTGAACGGCTTGAGATAACTGCTGTTTACTGCTAACAGTTTCGGGTTCAAAACACCGCAAATACAGCAACAATTTATCGGGTTTTAATTCAAACCAATCTGTTGAAAATAACGCCAGTTCGTCATCGAGAACAATTGGACTCTGTTGGTTGAGTTGTGCTTGGGTTAAATATCCCAATACGGAAACATTAACCTGTTCTTCCGAGTCTTCGACAACGGGTAAATCTTCTATCACTTCCACCAACAGATAAAATTGGGATGGATTGATAGAATCTTCGAGAAAAACTCGGGGAACACAAACTTCAGAATTCATCGAACTATCGGTAACAATTAAATTGAGTCTGAAGTTGCCAACTTGAACCTGATTAACGGATGGGTTTGATAACTGAATTGAATGATTTTGTATGAACTCCGGCGAACGCATCCGCAACCATTCAATCGTTCCCAATTTTGCTAAAATATTCAGATAAACTTGCCATTGTTGGCGGGGACGGGTTGCTAAAG
NZ_CP178543.1_gap97	3967379	3970463	3084	CCAAGATAAAACCTCAATCTCCAAAATTTTATCCAAGCGGTAATTGTACCATTGACCTTTGCCATTGGGTGTTTGCCCAAAACCGCACAAATAAACCGCTCGTTGGGCGTAATAAATACAGACCGGATACACAATACAGCGAACGGTTTGTTTGACCCGAGAACTATCATAAATTAATCGCACGGGCGGTACAGGATTCTCTTGCCAAAGCAGTTTGAATTGTTCCTGCCAATCTTCAACCCGCTCCTGTTTTTCAGGAGAAACAATATACACGACTTCCATAAAAAATCGCTGCACGCCGTTGAGGGGTTGAGAGAGATTTTGAGCGATTAATTCTAAGTCGGGGTTGAGAACGGGAAGGGCTTGCGGTTGATATAAATTCGAGGTTTCGCTAACGGGTAAGGTCGGAAATTCTTGCACCCGATAATATTTGGTTTCCAGTCGTTTTAACCATCCCAATTCCGCCAAAATATGCAAATCGGTTTGCAGGGAACGGCGGGTGACTCCAAAAAGTCGCTGCTGCAACAATTCATCTAATTCGTTGCTCGCAATTTCATCGTGTTGTTGCAGGGTTTTTCGCCATTGGAATTCCTGCAGGTTCCAGTGAGGATCGAATATCCATTCTGCAACGGTTTTTGCACAAGCACAGTTGGGATCGTGTAAGGGCGGTACGGTTTCTCCTCGGGGATGATTTCCACTAAAAAAAGCATTGCGCCAGTCGGCAAAAGTAAAGGGTTCATCTAATATCAAACGGTGCTGTTTGTTGCCATACAAACTGTGCAGCCACGCCCACAAACGAATCGCTCTCAATAAGTTTTGTTTGAGGGAACCTCTGGCTAACCATTGCAAGAGTTCGGGTTGGGGACTGGCTTCAAACTGCAACATTCAACAATTCCAACTTGATGTAATTTGAGCTTATCATGGACTGGAAGACCTAACTTCCTATTTCCAGTTCCGATGGTTTCAAATTTTGGAAAAATCCGCTTCCCAGAGTCCGACGGGGACGCACTGCCGATATTTTAGCGAATCACTTGCCAACAGATGAATCTTCAATCCCCAAGCCGTATGATAATTTTCATCAAGTTTCTTGTCGATAACGTTCGATCAAACTCGGTAAATAATCGTAACCATCAATGCCGATTTGAGCGATGAATTGAGAACGATATTGAGAGAGAAATTTTTGAAAATTTTCTGCTCCGAGTTTCCCCTGTAAAATCGTCACTAACGCCGCCGCTTGTCGCCATTGAATATTCCCTCGCTGTTCGAGCAAATACATTCCCAAACTAGCATAATAAACCGCCAAATCTTCCCGCTTGAGTTGATAATAAGCTTCGCCCAAATAAGCACAACCCAAAGCTTGTAAATCCCGATCTCCAGCCTGTCCGACAACGGATAATCCTTGTTCTAAAAACGGTACAGCTTGGGTCGGTTTTTCCACCGTTACATAGGCAATTCCCAAACCGATCGCGCTCAAAGCTTGATTGAGCAAATCTTGAAATTTTTCCGATAATTTTAAACCTTGTTCGAGATAGTTTATGGATGATTCTAACTCCTCAAACGTAACCGCCCGTTCTTGTCGGGCGATGAGAACTTCACAAAAACCCAAACTAACCAAACAATGGGCTTCCCCAAAGCGATCGCCAATTTGTCGGGATAAAATTAACGCCCGTTGAGCAAAAGTAATCGCTTGAGAATAGTCTTTTTGTCGCAAATTTAACCGACTCAAATGATTCAAATTCGCCACTTCACAGCCGCGATCTTCTGTCTGACGAGCCAATTCTAAAGCCTCTTGATGAAAACTTAACGCCTGTTTGAAGTTGCCCATCCACTGCTGAGAATAACCTAAAACGGTCAGAATCCGAGCTTTTTCTTGAACATTTTCCACATATTTTAACGGTTGGTCGAGGTAATGAATGGTTTCTCGGAAACTCTCGCCGGAAAATGAAGCAAATACACCGCCATAAAGGGGAAAATTATCCCGTTGAGCAAAAGCCCGTAAAATTTGCAAACTCATTTGAAAACAAGCCTGAGATAAACGTTCTTTTTCCCCTTGGGGGGATGCCGTTTGAAAACCCCGACTGAGTTCGCACCAAACCATCGCAAACACCATAAAAGTTACACCGGACAAATTCTGTCCCGCTTTGGCGCTGTAGGCTTGTTTATCGAACCAAGTCACCAAACCGGTTTGTAAGTCGCGCATCAACACCATTAACCCGACCCAAGCCTTCCAATCTATGGTATGATCCGCTTGAGCGACCAGAGCCGCCGATTGGTTTTGAGCTTGTTTGGTAAATAATTCTTTGGCCAGCGGATTGCTGACTTGTTTCGCCCAACGGTTCCATGGGCCATTAGTGGCGGAAACCTCTCCAAAACCGAGGGCGCTGTTGGGAAGTTCATAAACCCAACTGATTAAATGGGGTTCTAACTCGTTGACGGAGGTTATACCGAATAGCAGTCCTGAGGCGTACTGGCGCAGTTCAAAGGCTTCCGACTCATCCGTTAACCCCTCGGCTTCTTGCTGAAGGGATTGAGCCAGTTGTCGAATTTGCGGATGTTTGAAAACATAGGATTGATTGGGGTCGAGAATTTGGAGGAGAACCCCAAGTCGTTCGTCGGCTTTGGCGTCTAGAATTTGTCGAACGGCGACGCTACATTGATTTTCGGCTTGATGGTTTTTTTGCCATTGTTCCCACGCTTGTTGTAACATTTTAACAGCACGGAGTTGTCGGGTGGCTTTTGCTTGTTTGAGTTCATCGGATTCGCTTTGAACCACCGACTCAAAAGAAGCGATTTTTTCCATCAAGCATCGCTCAAAAATTTCTCCGGTTCCGGGTTTGACTTCATCGACTAAACGCCGGTAGATTAATTCTTTAGAAGCAATTTTTCCTTTGAGAATACTGGCGACAATATCTTCGATAAAGGTGATATAGCGATCGCGATCGGTTGGGGAATTCATTGTCGGGTTAACCTCGTTTTTAGCAACTAAAAATAATGGGAGTTGGTTTGTACTGTTGAGTTGGATTTGCGGCTTTGAGCGGACAACCTGGCTCTAAGGGCGGTTAATTTTAAATTAGAGCAACTTCG
NZ_CP178543.1_gap98	4143630	4148395	4765	AGAAGGCTCAAAAGTGGCAATGGTTAAGCTGGTTGAACGGTTGAGAGAACGAAATTTTTTGCTGTTTGATGCTCAAATGAATAATCCCCATTTGGAGCGCTTTGGAGCTTATATTCTTAGCAATAAAGAATACAAAAATTTGTTAACTAAAGCCTTGGGTCGTAACTGTTCTTTAAAATAATTTACAAAACACAATAAATACAAAACAAAATAAAATTGACTGTAATCAATAATTTCGATTAAAATTAAATTAGCAAATCAAATCAATAAACTTTTGAGTAAAGATCACGGGTTAGCCTAAAACTTGTCTATTCCTGAAGATTATATGAAAAACCCTCCCCTCTCTAAATCAAAAAATCAATAAACAGCCTTCACCGTTTTTCTAACCTCGTGAGTCAAAATTTGATTGCAGCAAATGTAACAAATTTTTACTCCACTAAGCCCCTATGAAAACCGATCGCGAAACCGAGCCAGATCCCAATCTAGATTATGGCATAAACCCGAAACAATCACCGCAGGAGTTAACAGGATCTCAAGCTTTTCGAGATCCGATAACCCGCGAGGAACTTTGGTATCGTCGATTAGAAGCACGCGATCGAGAAACTTTAGCCGTGTTTGAGTCGATCTCTGAAATTATTCTGGTGATCGAAGCAGAAGCCAAAAATATTACCGTTATCCCCACCCGGTTGGATGAAAAATCGGGTTTGAAAGGGGAAATTATCAATCAAACCATTCAACAATTTTATGACCCCGAACAGTCCGAACAATGGTTAGAATTAATTCGACAAGTTTTCACAACCCAAGAAACCATCAACTTTGACTATAGCGTGTCTGTAGAAAGGCGAACGTTTTGGTTTTCCGCTCGGGTTTCCCCCAGACTTCAATCTAAAACGGTTCTCTGGGTAGCCCACGATATCACCCAAGACCAACAAACCCAAAATCGCCTACAACTGCTTGAACGGGGAGTGGCGGCGAGCAGTAACGGGATTGTGATTACCGATGCGACCCAAACGGATAATCCGATTATCTACGTGAATCCCGGTTTTGAACGTATCACCGGCTACAGTTGCGAAGAAGCGATCGGAAAAAACAGTCGATTTCTTCAGGGAACAGATAGAAACCAACCGGCTTTGGAAGAACTTCGACAGGCGATTAAAACCGCAAAAAGTTGTTCTGTCACCCTGCGAAATTATCGCAAAGATGGCAGCTTATTCTGGAACGAACTGACCATTTCTCCGGTGCGAAATACCTGGGGAAAACTAACGCATTATATCGGCATTCAAACGGATATTACCGAACGTAAACAAGCCGAAGAAGAACGGGATCACTTCTTTTTGCAGTCCATAAATTTACTTTGTATTGCCAACTTTGAGGGCTATTTTACCCGGATCAATCCGGCATGGGAAAAAACGTTGGGTTATACCGAAGCCGAACTTTTAGCCACACCTTATATTGACTTTGTTCATCCTGAAGACCGAGAAAAAACCTTACAAGAAGCGGAAAGACTCAGCCAAGGGGTGAATGCAATTTCCTTTGAAAATCGCTATCGCTGCAAAAATGGAAGTTATCGCTGGTTGGTGTGGAATTCCACCGCCATTCCCGAAAGTCAACTGATTTATGCTGTTGTCTACGATATCACAGAACGCAAACAAATTGAAGAGGCTCTCAAACGACAAGCCTTAACCTTTGAAAATATTTCCGACGGGATTATTATCACTAATTTACAAGGGATAATAATTGATTGGAATCCCGCTTCTGAGTTGATGTTTGGCTACAGCAAAGCCGAAGTTTTAGGCAAAAGTGCCGAATTTTTATACTCGCCAGACCAAGCCAAAAACCTGACAACTCAAATCATCAGATCGATGATCAAAAACTGTCGTTGGAATGGTGAAATTAAAGTCATTTGTAAGGATAAAACTCAACGAATTTGTCAAACCAGCGTTGTTCCCCTCGAAGACGAACGGGGTAAAATTATCGCCGCAATTGGAGTCAACCGGGATATTACCGAAACGGTGAAGATTAGAGAGGAATTAAAAACCTCACAAATGCTGCTATCCGGGGTTCTCAATAGTTCTCTCGATGGAATTATGGCGTTTAAATCGGTGCGAGATGAAAGGGGTAAAATTATTGATTTTGAATGGTTATTATGTAATCCCTCCGCCTGCGAAATAGTCGGACGAACCGAAAGTGAACTGTTAGGAAAACGAATGCTTGAAGAATTGCCGGGACACTATGAAGTTGGACTCTTCGATCGCTATGTGGAAGTCGTAGAAACCGGAGAACCTCAAGAACATGAATTTTATTACGAATACGATGGAATTAAATCTTGGTTTATGAATATTGCGGTTAAATTAGCAGATGGGTTTGCTGTCACCTTTCGCAATATTACCCGCACCAAAGAATCGGAACTGCAACTAATACAACTCAATGATGAATTAGAATCTCGCCTCAGCCAACTTCAACAACGCAACCAAGAAATATTATTACTCAGTCAGATGAACGATTTTCTGCAAGCTTGTCTGACGTTAGAAGAAGCCTACAAAGCCTTTAAAACTCTGATTCAACCCCTATTTCCGCATTGTTCGGGAGGTATTTTTATTACCAAAGCATCCCGTGATTTTGTCGAAGCGGTCGCCACTTGGGGAAAACTTCCCATCGGAGAAACGATCTTTCATCCGATAGACTGTTGGTGTCTGCGACGGGGACGAGAACATTGGGTTAATGAAGATCAAATTGAGTTACTGTGTAATCATAGCGATCGCCGTTCACCGCCAAAAGCAACCCTATGTTTGCCGATGATGGCACAAGGAGAAACACTAGGATTATTTTACCTTTGTTCGGATTCCTCGGATTATCTCAGTGAAAGTAAGCGCCAACTCGCTAGTACCGTCGCCGAACAAATGTCACTTGCACTCGCGAATTTACAACTGCGAGAAGAATTACAAAACCGCAGCATTCGCGATCCCCTAACTGGATTATACAACCGTCGTTACCTCGAAGAATCTTTAGAGCGAGAAATTCATCGCGCCCGTCGCAGTCAACACAATGTTGGGGTAATAATGATTGATATTGACCATTTTAAACGCTTTAATGATACCTTTGGGCATGATGCGGGGGATGCGGTGCTTAAAGAAGTGGGAAAACTGTTAAAAAGCTGTTTGCGAGGTTCTGACATTGCTTGTCGTTATGGGGGCGAAGAAATGACTTTAATTTTACCGGAAGCTTCTTTAGAAAATACCTGTAAACGGGCCGAAGAAGTTCGCAGATTAATCAAACAAATTAATCTTGAATACAAACGTCAAAGCCTCGGACCAATTACGGCGTCTTTGGGTGTGGCTTGTTTTCCCGAACATGGAACTACAGGTTTTTCTGTTATTCACGTTGCTGATAGCGCCCTTTATCAAGCCAAAAAACGGGGTCGCGATCGCGTTGTTGTCGCGGCGGAGGTAGAATGATGGGGATGGGTAACGGATGGGTTGTTGGTGGGTTTTTTGGGTTAATGCTATTAGAAACAGATGGGTTGTTGGTGGGGAGGTGGGGATAATTTTAAGAGTTTCTCAGTAACCACTGATCTGGGTAATTCGTCATATTGACAATTATTCCCAAAATTTGATTATATTCACGATAAAGTTCTCGGCCTTTGTGAAGGTCTAAATAATCGCATTTAACAGCAAATTTTAACCAAACTTGAGTTTATGCTGCCTAGAAACCTGCATCATTTAGTCTGGTCAGAAAAGAACCTTTATTAATCATATCAAGTCCGGTTGAACCCATTAGAAAAGTGTGGGGAGATCAAGAGATTTTGACTAACAGATAATCTTGACTTGACTTAGGGTTTCAATCCAAACCCTGGCACCACAACCGAGAGGTTTATCGGGACTATAGACAACACGACATCCTCCCTGTATTTCGACAATATGCCCGTAAGTATTGGTGTTGCCCTTTTTGACCGTAATCACCGGAAGTTGTTCCTGGTGTTTTTGATTTTGGCGAATTCTGTGAGAATTAACGTGAACAATCTTTTTTGCAGGCTTTCTCAGATTGCGCCAACGCGGAGCCGGGCCTCTTGTGCCTCGCTCAATCATCGGTTTGCCCTTAAACAGGGGAATTAGCCACATCTTCCCGGTCTTATAGGCACCTTCGACTCGGCCGGCGATTAGGAGAACTCGCAGTCGAGCGGTAGAGATTTTTAAAATACGGGCTGCTTCTGTAGTACCGACAATCATTGAACTAGAAAGGTATAGTAATAGTTTTAAAGCTTTATAGCCAAATTATAAACGATCTGCGGATCAATAATCAATGATCTGGCTATTCGGTGTTGGGAGTCACGGTTCGACCGAAGCCTGTTGACTGTCGGTGGTACGGGTCGGGTGTCTGTTATTCGTTGGTTATACAACCAGATTTGATATCAATTTTCAACCAACCTCCCTATCTCCCCACCTCCGGTATCTCCCTATTTTGTTTTGTGTTCGGTGACTAACGTTAAACTTTGCCATTCTCCCTTATCGTTGTAGCGGCGAATTAAACGCTGTCGTTCGTGGGGATGAACCAACCAACCCGCCTCAAAAAAGAACCCTTGACGCAGTTTAACCTGTTGGGGAACCGTTGCAGAAGCGCCATCGGGTAACAGATAAACTTTCACATTTGAACGCCCGTCAAAATGAAGAATAGATCCGTCTATTGTTGCGGTTGAACTCATCGTATGATTGGCAAAAGATAGACTTTGGGTGAGTTTTCCGGTATTGTCTAACTGAAGATTCATTTG
NZ_CP178543.1_gap99	4212472	4215886	3414	GCGATTGCTAATGCTAAAATTGCCTATCAAAAATATAAGGAAATTTTTGGTAGTGATCGCTGGAAAGCATTGCAAGAAAAAGGTGCAAATGTTCAACGGTTACTGTGGGCGAGTACGAGTACCAAAAATCCGGAATACAGCGATGTAATGTATATCGATGAATTGGTCGGGAAAAACACAGTAAATACAATGCCTCTAAAAACTCTCCAAGCTTGCGCCGATCACTGTCATCCTTCCGGGGATAAAATAGAAACAAATGTGGATCGTGCTTATCAGTTGATGGAAAGTCTGCAAGATCCGGATATTCAAATTGACTTAGATCGGGTGATGTCGGAACTCTTGGAAGAAGGAATTGATAAGTTTACTCAACCTTATAATGAGTTGATGAAGTCTCTCGAAGAAAAAACGCAACAACTCGCCACCGTCTAGCAACAAATCTGATTTAACCTAAATATCCAAGATCTGGGAGGTTATTAACAACCTCCTGGTTTTTTTTGCTAAATATTTAGATTTTCGGGTCTTTCTGTTGTAATTCTTCATCAAGCTGATTTTCTGATGATCTCATAAGTTGAGAAACGATGTTGAGTGGGGGAACGGTTCACGGAGTGGGGGTGTGAAACTCCGATTTGAACATCAGTCTGATCGAAATTATAATGAAATGCACCCACACAATTTAATGACCTTTATCAAATGCCAGATATCAACTTTGAATATTGCGAACCCATTGATCTGACCAACTGCGATCGCGAACCTATCCATATTCCCGGTCAGATTCAACCTCATGGAGTTCTCCTCACATTTCAAGAACTTGAGCTAAAAATCTTACAAGCCAGTGAAAATACTATCAATTTTTTAGGAATTGAGGCTGAATCGCTACTAGGAAAAACATTAAATGAGATTTTTGTCCATGCCGATATTGAGTTTCTAACCCAAATCGTTTCCGAGATTGATCTTGATTATTTTAACCCGTTTGAAATTCACACAAAAATCCCCTCACCCCATTCTCAATTTGAAGGGGTGATTCATCGAATAGATAGTGTTTTCTGTTTGGAGTTAGAAATTAAATCCAATTCTCAAAGAAGTTATCCGCTTAGTTTTTACCACTTACTCAAAGCTTCGGTTAAAAATATCGTCAATGTTGCTAGTTTTCAAGAGTCTACAGAACAGTTAGTTTGGGAGATTTATAAACTTACGGGTTACGATCGCGTAATGATTTATCAGTTTGAAGATGATGGCAATGGAGTGATTATTGCGGAAGCTAAAAAAGAGATACTAGAATCCTATTTGGGTTTGCATTATCCGGCTTCTGATATCCCTTTGCAAGCGAGAAAGTTATACAGTTTAAACTGGTTACGTCTGATTGTTGATATCAATTATAAACCTGTAGATATCGTTCCGGTTCTCAATCCCCTGACGAATGAACCTTTAGATTTAAGTCATTCCGTGCTGAGGAGTGTTTCTCCTATCCACGTAGAATATCTCCAAAATATGGGTGTGGCGGCTTCTTTATGTATTTCTTTGATTAAAGATGAGCAACTGTGGGGAATGATTGTCTGTCATCATTATGAACCGAAATATGTCAACTATGAAACTCGCAAAGCCTGTGAATTTTTAGGACAGTTTATGTCGATTGAACTGTTTAAAAAACATTACAAAGAATCAGAATATTATCAAGATAAAGTTAGAGAATTACAAAAAGACTTTAAAAAAAGTTTATCGAAACAACCGCCAAATATTAATGCGTTTCTCCAGAATAATGGAGAGCGTTTGTTATCTCTAGTGAATGCCAGCGGAATTTTGATCGCTCTTGAAGATGAATTGATCATTTTTGGAAATACACCTCCAACCGACTCGGTAAAAAAGTTGTTAAATTGGTTGAAGCTAAATCATCAAGTCGAACTGTTTCAAACGAGCAATATTAGTGAAATTTATCCCGAATTTTCTCTCTATCAAGAGGTCGCTAGTGGGATTTTAGTCATCTCTATTTTCTCCTTAAATACTTCCTATCAAATTGTCTGGATCAGACCGGAAAGAACTCAAACCGTAACCTGGGCTGGAAATCCCAATAAACCCGTTATTTTAGCAGAGGATGGAACGATGCAACTCTCTCCGCGTCGGTCTTTTGAAGCGTGGAAAGAGACGATTAAAGGCTGTTCGCTTCCCTGGAAAAAAATAGAACTTGATGCCGCTTTAGAACTAAGAAATATACTGATGCTGACGGCTTTACAGTCTTCTCAGTCTGCCCTCGAACAAGCGGCTCAACGGGCGGAAATTGCCAACCAAGCCAAAACCGAATTTTTAGCAAATATGAGCCATGAAATTCGCACTCCTATGAATGCTATTTTAGGGTTTTGTGACTTACTTCAAGGATTAGTCACTGAACCCCGCCAACGTTCTTATCTGGAGTTAATTGCTGCGAGTGGACAGTCATTACTCGATCTGATTAATGATATTCTTGATCTCTCCAAAATCGAAGCCGGAAAATTTCAACTCCACTACGAACCCTTAAATTTACGACAGTTAATAGCCGAAATTCAACAAATTTTTACCCATCGAGCCAAAGAAAAGGGATTGTCTCTGATCAGCCAAATTGATCAAACCGTTCCGCAAGGTATTTATTTTGATAGTATACGTTTGCGGCAAATCCTCTTTAATGTCTTGGGAAATGCGATTAAATTTACCGAGCAGGGTTTTATTCAAATTTCGATTCGCGCTCAAGTTTATACTAAAGAAAACATCCCTAAAGTTTGGCTAGAAATTGCGATAACCGATACCGGAATTGGGATCGCTAAAGACCAACAAGACGATATTTTTGAAGCCTTTGTTCAAAGTGAAGGTCAAAGTACGCGCAAATACGGAGGAACGGGTTTAGGATTAGCAATTACTCGCCGTCTCACCACTTTATTGGGGGGAACATTGATGCTACAAAGTCAACTTGGTCAGGGGAGTAGCTTCATTTTTGTGTTTCCGGAAATTGAGGTGAGTGATGCACTTTTGGACTCGGAGACTGTTTCATTGGTTGATGAAGACTTAAACCAATTTGAGAATTCAACAATATTAGCCGTAGATGACGTATACTCGAATTTACAACTGATTCAAGGTTATTTTGAGGGAACTCAACATCGTTTGCTGTTGGTACAGGATGGTCAAAGTGCAATTCAAGTTGCTCAAGCGGAACAGCCGGATGTAATTTTGCTGGACTGGCGAATGCCAAATCTAGATGGACGAGGTGTATTTAATGCTCTCAAACAACATGATAAAACTCAAAATATTCCTATATTTATTGTCACGGCTTCTGTTCTCAGACAAGACTATCTTGATGTACAATTGCTGTGTCAAGGGGTGCTTCACAAACCGATTAATCGCGCTCAACTTGTTAGCGCTTTAAAAAATGTTCTTCCGTCTACCACGAGC
NZ_CP178543.1_gap100	4223924	4224652	728	AACTTGGGACTGATTGAGTTGACTAATGATTTCTAGATTCATAGATTAATGTAGGGCCAATTCAAGTCACTGGAGGGCGGGTTTATACAGCTTATTGATCGCAGGACAGAGATTGAGCGCACCAAGCCGCCCCTACACAATCATAATCGATTAATCGGACATGATATATAGTGCTTTCCTGTGAGGTACCCCGCCAAAAACCCGGTAACTTTTACAATATAAATCCCCGATTTTCGGCGCACCTTAGAAGAAACCGGGTTTTTTAGTCAACTGAAAACCGCTATAATATGATATCCGATTGATTAATAGGTGTTATTGGGCGGGGCGGGTTTATCTCAATCTTTGAGTAGTAGTAAAGATTGCGGTCGAACCCGCCCCTACGTTTGGGATTATTGATAATCGGATATCATATAAAAACGAAAATGGGCCTGACAATTAGACCCATTCTTTGAAAGCTTAGGGGGTGAAAATCAATTATTTTTTCCCACCCATTCGTAAAGTTCAAAGCTTTCGGTTTGACAGTGGCTACACCCGCCACATTTTTCGATACACTGTTTGTGAACTCTACCTTTACGAACGAGCCGGTTCAGCATTCCCCGCAACGCTTCGCCATCGGTGCGAAAATGTGTTTCCATTTCGGATAACGACGCCTTACCCCGTTGGGCGAGATAATTTTGTACTTCGGTTAAAATCATGGTAACTTTCCCTTTATTAATTAGAAATCCATT
NZ_CP178543.1_gap101	4229729	4233248	3519	AGCTCAACAGTGGTGCGATAAAGTAGAAAATAGGCCGGAATTGGTGCAGATTGTTTCCGGACGAAACTACTTTAACGTTCCCGTTGATGTGTTGACTCCGCCCTATCAAGGTAGCTATGCAATGGGCGATGAAAAACCTGCCATTCAAGACTTTAATATGGGGCCGTTGTACTGGACCGATCCGGTTGGAAATGTTTCTTATCCCTATAAGAGTCACGATCTGTGGTTCTTAACAGAAACCATGCGTTGGGGTTTCCACAATAACTATTTCAAAGATTTTGACCAAGCCAAACAGGTAATTGATCGGGTAAACCGGGAAGATCTTTGGCGAGAAGCCGCCCAAGAAGCAGGTTTTTCAGGTATTCCGACCAGCACTTCTCGCGGCGTTGAAAAATTCTTTGATGGGGTGCAATTCGACCCCGAAAAGCCGGAAGCTTACCTCAATAGCCTGCAAGTGAAACGGATTTAATCCATTTTCATTCCCAATTTAATTCAATTCAATCTTTCTGAACTAGAGGGGTCAGAAAAGAGAAGAATTGGTTAACTTTAAAAAGTCTAAAGAAACCCCTCTGATTGTAGCATTAAACTTACCAAATCTCAACCCTTAAAAACCAAGGAGTTTCAAGACCATGACGAGCACTATTGGAAATAAACCAACCGGAAATAGTCCTGTTGATTCTATTCTTTCTTACTGGAAAAAACATTCTAAAGATATTCTTCCTCCCCTGATCGGAATTTTGTCCTTTCTGGCTATCTGGCAACTGCTTTCATCGACGGGAATCACTCGTCTACCGGGGCCTCTGAGCGTGTGGACAAACGAACGGACTCGGATTTTATTAATGTATCCGTTTTACGATCGGGGGGGATTAGATAAAGGTTTATTTTGGCAAACTTTAGCCAGTTTAATGCGTGTGGCTCAAGGTTATTCTCTCGCGGCAATCGTGGGGATTAGTACGGGCATTTTAGTCGGTACAAACCCGGTGATTGACAAAGCCTTAGATCCGATTTTTCAGTTCTTACGAATGGTTGCACCGTTGGCGTGGGTTCCAATTGCCCTCGTTGCCCTCCAACAAAACCAACCTGCGGCGATCTTCGTAATCTTTATTACCTGCGTTTGGCCGATTTTAATTAACACCAAAGAAGGCGTTAAACAAATCCCCGAAGATTACAATAACGTCGCCCGTGTTTTACAACTCACTCGCAAAGAATATTATATCAATATTCTCTTTCCTTCCGCTTTACCCTACATCTTTACAGGTTTGAGAATTGCGATCGGTTTGGCGTGGTTGGCGATTATTGCGGCGGAAATTGTCATGTCAGGTATTGTCGGAATTGGCTTCTTTATTTGGGATGCTTACCAACAAAACTACATCAGTGAAATTATCTTAGCCGTCATTTATATCGGTGGTGTAGGTTTATTACTCGATCGCAGTGTGGCTTGGTTACAACAAGCGATCATTCCCGGACAGAAATAATTGATAAGTTCAGAAGTTCAGGAGTTTAGAAGTTGCTCTGTTCATTCTTAATTCTGTCCCCCAACTCAGGATTTGGAATGTGAAGTTAAACGCTTCAGGATTTATCGAAATAAGTCCGTAGTTGCGCTTTAAAACCTCAGCATTCTTTGAAAAAACAGGTGAGGGCGTATGCCATACGCCCCTACTAAAAACGATTCATCAAACCAAAAACTCACAGAAAAAACGATGGAAACATTAATTGATGTCGAACAACTGGGTAAAACCTTTCCCCTATCCGGCGGAGGAGAATATATCGCCCTCAAAGGAATAGATCTGCAAATCAAAGTGGGTGAATTTATCTCCTTAATTGGTCACTCCGGCTGTGGAAAATCAACCCTGTTAAATATGGTCGCCGGGTTAGATCATCCCACCGAAGGAATTGTCACCATCGAAGGACAACGCATCACCCAACCCGGCCCCGATCGCATGGTTGTATTCCAAAACTATTCCTTGCTTCCCTGGCGGACAGTCCGCGAAAATATTGCTCTAGCCGTCAACTCGGTGATGGAGGGAATGCCGGCCGGAGAACGTCGCGGCATCATCGAAAGCCACATCGATCTGGTGGGACTGCGACACGCCGTTGATAAATACCCCGCCCAACTCTCCGGGGGGATGAAACAGCGGGTGGCGATCGCCCGTGCTTTGGCCCTGCGCCCGAAACTCCTGCTTCTCGATGAACCCTTCGGGGCGTTAGATGCCCTGACTCGGGGGAACTTGCAGGAACAACTGATGAAAATTTGCCAAGAAAACTGCATTACCGCCTTGATGGTGACGCACGATGTCGATGAAGCGGTGTTATTATCCGATCGGATTGTGATGTTGACCAACGGGCCGAAATCGAATATCGGTCAAATTTTAGAAGTCGATATTCCCCGCCCCCGCAAACGGATGCAAGTGGTAGAACATCCCAGTTACTACAGTCTCCGCAGCGAGATGATCTACTTCCTCAACCAACAAAAACGCATCAAAAAAATGCGGGCCAGAAAAACTGCTGCGATCGCCCGTCACGGCTTAGAAAAAGTTAACCTCGATATTGGCTTCGTTCCCCTGAGTGCCTGTGCGCCCCTGGCGGTTGCCAAAGAAAAAGGATTGTTTGCCAAACACGGTCTTGATGAAGTCAGCCTGGTGCGCGAAACCAGTTGGCGAGGAATTAGCGATGGGATGGTGGGCGGCTACTTAGATGCGGGGCAAATGCCCTCAGGAATGCCCCTGTGGTTGAGTTTGGGGGGCTACAACGAAAAACCGATCGCCGTTGTTACCGCCCTCACCATGACCCGCAACGGTAACGCCATTACCCTGTGTCGCCGCTTTTATGACCAAGGCATTCGCACCTTGGCCGACTTCCGCAAAATGTTGCTGTCTTCGAGAGGCGAACCCCACCGGATGGGAATGGTGCATCCGGCTTCTATGCACAACCTATTGTTGCGGTACTGGTTGGCATCAGGGGGTATTGATCCCGATATCGATGTCAACCTGCAAACCATTCCCCCGGCGCAAATGGTGGTAGACTTGAAAGCCGGCAGTATTGATGGATTCTGTGTCGGTGAACCCTGGAACCTGCGGGCGTCGAAGGAAAATGTCGGGTTTATCGTGGCGACGGATTTGGAAATTTGGCCCGGACATCCCGGTAAGGTGTTGGGTGTGCGCGAAGACTGGGCGAATACTTATCCGAATACTCACATTGCTTTGGTCAAGGCGCTGTTAGAAGCCGGACAATATTGTGCAGATCCGGCAAATAGTGAAGAAATTCGTCATATTCTCGCCAGTCGGGAATATGTGGGAACTCCGATAGAGTACATTCAACTCCAGGAATCGGAAGCGGCTAGCTGTCCTTTGGATTCTACCCTATCTTCCTTTGCTCATCATCTGTTTTTTGGCAACGGCGTTAACCGTCCGAGTCGTACAGAGCAACTTTGGCACATGGTACAGATGGCCCGTTGGGGGCATACTCCCTTTCCTCGGAACTGGGTGGAAATTCTCGAACGCATTTGTGAGGTTGGGGTGT
NZ_CP178543.1_gap102	4234943	4235720	777	GCGGAATTTCTTTGAGCCAATACCTGAATCAACGGGGTATTCACTGGGGAAATGATACCAATAGTTTAACAGAATTTCTGCAAATTGCGCTACAACTGGCGGAAATTTTAGAACAGTTGCACCACCATCAAATTATTCATAAAGATATTAAACCTCACAATATTATTATAAATCCTCAAACTCAAAAGATTCAACTGATTGACTTTAGTTGTGGGTCCCAACTCCCCAAACAAATCGCCGAAATTCGCAGCCCTAATCGTTTAGAAGGAACACTGGCTTATCTGTCACCGGAACAAACCGGACGGATGAACCGAGGAATTGATTATCGCAGCGATTTCTATTCCCTTGGGGTGACGTTTTATCAGTTGTTAACCGGTCAACTCCCCTTTATTGCTAACGATCCAATGGAGTTGATTCACAGTCATATTGCTCGTGAACCCAGACCGCTGAGTGAACTCAATTCTAATCTTCCTGAAGCGATTAATGCTCTGGTCTTGAAGTTGATGTCAAAAATGCCAGAATCTCGATATCAAACTGCATTGGGATTGAAAAAAGATTTACAAAAATGTTTGTCATTGTTGCAAAAAACAGGTGCGATAGAAACTTTTTATTTGGCTAAAAACGAAGTTAACGACCGCTTTTTAATTTCAGAAAAAATTTATGGTCGAGATCGGGAAGTTGAAACCTTATTGGGTGCTTTTGAAAGAGTTGCTGGCTCATCTCAACGAAAAACCAAGCGGGATAAGTCCCGATTAGAATTGATGCTTGTCAGCGGTT
NZ_CP178543.1_gap103	4382013	4384299	2286	CAAATCATCAGATTCACATAGACTACTAGACCATTGATTAAAAATGTCCTGAAGATTTGACCAGTCTACTCCCATCAGAACTCGTCTTATGGTTGATGAAGATGGAACTTTTGGGGATGAAATCTTAAATTTTTTAACAATTAGCTGTTGATTGGCTTTGGCAAAATCTCCCATCGCTCTATACCCTAAGTATCCCTGCATCGCTGCCAAAATTACTATCAATAGCACCAACCATAATGGATGCCTTCTGCCCTGGCGGCGGCGAAAGTCCTTGACTTTTTTAAGTTCTTTAATTAGACTATCCATAGATAAAATTTAAGAAAAAACTGGCGATTGCTATCATTTTACATCCGGCGCGATCGCCAGTTTTATTGTTCAATTCCCGCCTTTAAGAATCAGAGTGGAACAAGCCGTTTGAGTCAGGCGATCGCTATGTTTTTCTAAGATTTTAGGTGTTCTGAAGAAAAAAGGGGTGAAACTGCTTCCAATTTTAGCTCCTCGCGATCGCAAAATTTTAGAATGAAACAGCCCTGCCTTAAAAAGGGGGGTGGATGGGTGGCGAAGCCGGGGGGATCATAAAAAGTTGCATGATTAGAAAGAAATGGTATAAGGGTTTAAATTGGGCATATTTTAACTCAAACTCCATTGGAAATCAAGTTTAAATCAAGGTAAAATCCCCCTGTTCGTAGAAGTGACCGCTTGAATTTTGATTGGGTTGTTGCTTCTCAGAAGAACGAGTCCAAAAAATAATTAAGCCGATAACAAAGCCGCTCAAAATGATCATTCCAATTATCCAAAGTATTTTCTTAGAATTATTTGTAATTTGATGATTTGTCGTTGATTTTGGGTAAAGTGCAGCGGCTAAAGCTTCCCTTCCCGCCCGATCTGTAAAATAGGTAAAATGATCGCAAGCAGTATCCGTTAATATTTTCGGTGGCGGCGAACGGTTTAAACTAATATTTTGGATGCTTATTTGAGTAACAACAATATCATTTTCTTGGGTAAAAACTGACCGATCAAAAACTCGATTTTGGGCGTTTTCAAACAGATTATTCACCAACCGATCCAAAAGGCATGATTGTTGATGGGGTTCAACTTCTAAAGCTTTAGAAAGGATTGAAAAATTACCCGCAATTATGGTATAGTGAACGTGAGGATCGGGGCTGTTGGCGAGTTGTTGTAAGAAAATAGAATTGGGCTGTATTTGTTCAAATAAGTGATTGTTTGCTGGTAAAACCTCCAAGAATTCAGCCACAATTTTAGTCGGCCAAACTTGTCTTGAAAGTTGATTTAATCCCAATCCCAACGTTATATAAGCCCAGTCCTGAATGGTTGTCCAAGAAATACCTCCGTTCGGCGTTCCTAACAGGACTAAATGCTGTACCACTTGATTTCCGCCTTCTCGTTCCACAAACCACCGAGAAATTAAACCTCCCGTTGAATGGGCGACAATATCTAAGCGCTTACCATGATTTTTTATTAAACCCACTTCATGTAATTTTTGCCCCAATAACCGAGCATTTTCTTCTATGGACGTTTGAAAATTATCAGAATCAAAGGTTAAAATTAGGTCATAAAGTTCGGCAAGGGGTCGGTTTTCTCCATTCAGGTTAACCGTAGCTTTTCGGAGACTATAAACCATCGTTGAACTGTCGTTAATTATCCCGTGAATACAGAGAATGATATCTTTTGATTCTGCAACTCTTGCTTTAACTCTTTCTAGATTTTGTTCGTATTTAACATGACCTTGTTCGTTGAAATCTGCCAAGGCTAATATCGGATATTCCTCAGATAACGGCAGTTTTTGGTCAACAATTTTTTCAAAGAAAATTTTAATTGAACCGTCCGCACACCGATTACTAGCTGTTGGTTTGGGTAAGCGTTCTAAGCTAATTTCTATGGTGTCATTTTCGGTTTTTGTTCCCCTCCCCAACGGTAAGAAAAACTCTCCATCGTAAGCAAAAGCTAAAATCGATTCATTTTCGGCTAATGGTTGATTGACCCGCAATTTTAGAGGATTTTCCGAGCTAACAACAGTATAATCTTCCACTTCACTTAACTCTAATATACTCAAACCGGGGTCACTTCCCCGACTATTTGTAAATTGAAAAGACTGACTCAATCCCGATTCTTGACGCAAAATAGCAGGTAAAATTAAGTTACCTAAATCTCGACTAGCTTGGGGTATTGTGCTAAGATTAACTAGGGCTTTTAAAGTCGAATGCGCTAGAATTTCAACCGCTCTCTTTTGTAGAATTGTATTTTTATGAGAGTAGAGGGATTCAG
NZ_CP178543.1_gap104	4433556	4438396	4840	GGGTTGGTCGTAGCTATTTTTACGGTATTATTTGCGAATACCTTTAGAGGCTTTTATAAACGACAAATTGCCCTGATTCAAGAATACGGAGGTCAACTCGAACTGTTGTATCGTCGCAAATATGAATATGATAAACTGCGAGATAATGCCCTGGTTCATAAAGCCTAATTTAGACAAATTAAAAATGTTGTCCGTCTGAATAATAAGCGAAATTATGATTAATCTCATCGATGAAGACCTAGATACTCCGGCAGAAATTAACATCGTGCCAATGATTGATGTCATTTTCTCAATTTTGGCATTTTTTATCATTTCCACCCTGTTTTTAACCCGTTCCGAAGGATTACCCGTTAACCTGCCGAAAGCCTCAACTTCTCAACAACAAAAAACCGAGCAAATCGCCATCACCATTGACAGCGAGGGAGAAGTTGCCCTCAATCGCGAAAGCATAGAAATAGAACAACTCGAAAATTCATTGCGACAACTCATCCCCAACAATGACAGTCGAATTGTAATTTTAAATGCCGATGAAGCGGTTAATCACGGAACCGTTGTAGAAGTCATGGATCAAATTCGGCGAGTCGAAGGGGCAAAACTCGCGATCGCCACCAAAAAACCCGATTCCGAATAAAATCCGGGTTAAAAATTACAAGTTCCTCTGAATCGTTTGGGAAATTTTTCAGTTATGAGTCTCTCAGAAACCTGCCTAGAACAGCGAGATAAAGACGAGCAAAAAGTCAAACTCTGGATCGTCGGAGGTCTAGTGGCATCGGCTGTAATTCACGGCGGAATTTTTGCTTTGGCGTTGAACGGTTTTCTGGATAGAGAAATTGAAATAGCTGAAGAAGATGCTATCGAATTTATCGTCATAGAAGAAGAGGTTATCGAAGAAGAAGAAATTGAACCCGAACCCGAAGAAATCGTTGAAGAACCCGAACCCATTCCCGAAGAAATTCCCGAAGAAATCGTTGAAGAACCCGAACCCATTCCCGAAGAAATTCCCGAAGAAATTGTTGAAGAATTCGCCCCGGTAGAACCTCCCCTCGAACAGGCGGAAACCGAATCGCTGCAACCCGCCCCGCCTGCGCCCCAGAGTCTTCCCGAACCCATTGCCGAACCCATTGCAGAACAACCGCCCCCCGAACCCGCACCCCTCGCACCGCCCGAACCGGAACCGATCGCCGAAGAACCGCCCCCCGAACCCGCACCCGCAGCGGAACCCGCCCCCGACCCTTTGGCGGCAACGTCCGAGGAACCTGTGAGCGAACCGGAACCCTTGCCGGAAGACTTGCCCCCCGAGCCGATGGCACCCCCCGAACCCCTGGCGGACTCGGCACCCCCGGAACCCCTGGCTTCGGCGGATATTGCCCCGGATGCCCCCATGACCAATCCTCTGGGTGAGTTAGAAGTGGAAACTGGGGCAGCCAACACCCCCGCAGAAACGCCAGACACCAATGATACTGCGGCTTTGGGGGCGGCGGGGGCCGAGCGTTCCCAACCGACTCAAGGCGCCGTCCCTCAGCCCGGAACCTCGGGTTCTCCCACCGGTTTGGAAGGCTCTTTTGCGGGGATTGGTAGCGGTGAAAGTCCCACAGGGGGGCAAACTCCCGGTATTGGAGATCAAGCCTTTGGGGGTTCCCCGTTAGATGGCCGAGGGGGTGAGGCTCCTGGACGCCCCGACGGGGTTGAGGGGGGAACCGGCAACGACACCGGAAATGAGACGGACACGGCTTATGCAGGCGGCGGACGTCTGAGTTGTGTCGATAACTGTCAACCCCGATATCCCAACAGTCTGCGAAATCAAGGTATTGAAGGGACGGTGATTGTCCGAGGTTTGGTAGGGACAGATGGCCGGGTCACTGAACCGGAGATTGTCCAGTCCAGTGGCAACAGCGATCTTGACGAAGCCGCTCTCCAAGCCGCTTCTCAGATGCGGTTTTTGCCTCCCGAAGTCGCAAGACCTTTTCAGCACCAAATTGACTATAAACTTAACTAAAAATTTGCAGTTTATCAAGTTTTTTTTAGCCATGTTTCATTTAATTTACTTATTAACAATTGCACTTTTAGTGGGGGTGTTTCCGGTTAATGCCGCAGAAATTACCACCCCGGATGGAACCCGTTGCGAAGGGGAAGTTAGCAATGGTAAATTAAACGGTAAAGGCGTCTGTGAATATCCCAATGGCGCGAAATATGAGGGGATGTTTGTAGATGGAAAACCCGAAGGGGAAGGGGTTTATACCTTTGCCGATGGGGGACGTTATCAAGGGGATTTTAAAGCGGGTGAATTTGACGGAAAAGGCGTCTGGGAATTTGCCAACGGCGATCGCTATGAAGGGGAAGTTGTAGCGGGTGATTTTCAAGGTCAAGGGGTGTTTATTTCTGCCAATGGTGCGCGTTATGAGGGGGGATTTAACGCCGGAACTCCGAGCGGACAAGGGGTTTATATTACTCCCAATGGCGATCGCTGTGAAGGGGAGGTAAAAGAGGGTCAGCTAAACGGTCAAGGGGTTTGTGAATATGGGACGGGAAACCGTTACGAAGGCGAGTTGGTTAACGGTCGCCGTCAGGGTGAGGGGGTTTATACTTTGGCGAATGGCGATCGCTATGAAGGCGGATTTAATAACGGACAATTTCAGGGAGAAGGCGTTTATATTTATGCGGATGGCGGACGCTATGAAGGCGGATTTAATAACGGACAATTTCACGGTCAGGGCGTGCGAGAATATTCTAATGGGAATCGCTATCAAGGAGAATTTAATAATGGAACACCTGAAGGTCAAGGGGTGTTAACTTTTGCCAATGGAAATCGTTATGAGGGGGAGTTTCAAGACGGTCAAATTAGCGGGGAAGGCGTGTATGTTTTTGCCAACGGCGATCGCTGCGAAGGAGAACTTCAAGCGGGCAATTTTAACGGTCAAGCTGTTTGTAAATATGCCGATGGCGATCAATATCAGGGCGAGTTTAAAGACGGGAAAAAACACGGTAAAGGAACCTATGTTTATGCAGACGGTACCCGTGTAGAGGGAACCTGGGAAAATGGCGAATTTCAGCCATAAGCAATAATTTTGTTGAGTTGATTTTTTAGGGTTTGATTAGATCTCGTCAAATGAATCAATTTTCCTTGCTTAAACAAAAAGACTGTGGTAGACTTACTTAAGAATTTTTCGCAAGAAGCGATCTGTAGGGGCGGGTTCCTCCAAAATTCATGTCTTCCCACAGACAACCTCTATAAACCCGCCCCCTCCCTGCCCAACCCCCCCTGTTTTGCGTTCTGTGTGCCGGCAAGCGAGGACGCTTGCACTACTGTAATTCATCCAATGGCATCGTGCTGTATGTAAACCTTTGACCGTTTCTTAATGACATTTAATTCTAGTTATGAAATCTATCGATGAATTTTTATCAGACCTGTATCGTTTGGATGTCAAACTGTGGGTCGAGGGTGCAGACCAAAAAAGCAATACAGACAAACGGTTGCGCTTCAGTGCGCCAGAAGAAGTATTAACCGATGATTTTATTGCGGAACTAAAGCAACGGAAAAGCGAAATTATCAGCTTTATTAGCGAAGTTCAGCAGTCCGTTCAAAGTCCGTTAGAAGCCATTCAACCCGTCTCGCGCCAGCAAGATTTACCCCTTTCTTTCGCCCAACAGCGACTTTGGTTTTTAGAACAACTTCAACCCGATACAGCAACATTTAATATTCCAACCGCAGTCCGTTTAAGCGGAGAATTAAATATTGGGGTATTTGAACAAACCCTCAATGAAATTATCCGAAGACATGAAATCTTACGCACCAACTTTATTTTAAAAGACGGTCAACCCGTTCAGGTGATTTCCGCCGATACTATTTTAAAATTAGAACAGCTTGACTTACAACACCCAGACAAAAGCGAACGGGAAGCCGAAGTCATTCGTTTAATGACTGAAGAATCACAAAAACCCTTTAATTTAGCCAAAGATTTATTATTAAGAGTTACTTTATTAAAACTGGATAAAGCCGAATTTGTGGTGTTCCTAACCCTACACCATATTATTTCTGATGGCTGGTCAATGGAAATTTTTATCCGCGAACTGGTTAGCATCTATACCGCATTTTGCGAGAAGAAACCCTCACCCTTACCCGAATTATCGATTCAATATGCAGACTTTGCAACTTGGCAACGTCAACGGTTACAGGGAGAATTTTTAGAGAAACAACTCTCCTATTGGAAACAACAATTACCGGGAACATTACCCGTTTTACAACTTCCTACCGATTTTCCTCGCAGCCGAATTCAAAGCTTTCGAGGAGCCAATCAAACCTTTACAATCTCCGATGATTTAACCCAGAAAATCAGAACCATCAGCCAAGCCGAAGGCGCGACACTATTTGTATTCTTATTGGCGGTATATAAAGTCTTACTTTATCGTTATACAGGTTTAGAAAATATTATCGTTGGTTCTCCCGTTGCGAATCGTAACCGCAAAGAAATAGAAGGATTAATCGGCTTTTTTGTCAATACCTTAGTCTTGCGAAGTTCATTAAAAGGAAACCCAACATTTCAAGAATTTTTGCAGCAGGTTAAAAAGAAAACCTGGGAAGCCTACGACCATCAAGACTTACCCTTTGAAAAACTGGTTGAACATCTCCACCCCGAACGAGATCTCAGTTATAATCCCTTATTTCAAGTTAAATTTAGACTCGAAAATGCTCCCCAAACCGATTTTAAATTACCCGGTTTAACCCTAAGCTCTCTCAAACAAACCAACCCAACAGCCAAGCTAGATTTAAGCCTAGATATCTACGAAACCCCATCGGGATTAGTTGGAGGGTTTGAATACAACCGAGATTTATTTAAACCCG
NZ_CP178543.1_gap105	4439632	4440706	1074	CTTTTTATACTCCACTAGATAACAATAATTCTTCAAATCGTTTGTATAAAACGGGAGATTTAGCCTGTTATTTACCCGATGGGAGTATTAAGTTATTTGGACGGATAGACCATCAAGTTAAAATTCGAGGGTTTCGCATCGAACCCGGAGAGATAGAAGTTCTATTAAATCAGCATCCAAAAGTTAGAAACAGCGTGGTTATCGTTCAAGAAGAACCCGGAAAAGATAAAAGATTGGCGGCTTACTTTGTTTGTGAATCAGAAGTCAATTTAACCTCAAAAGAACTGCGAAATTTCCTCAAAGAAAAGTTGCCAGAATACATGATTCCGAGCAGTTTTGTTGAGTTGGAAACTATCCCCCTAACTCCCAACGGAAAAGTCGATCATCAAGCCCTATCTAAACTCAATCAAGAACCGTTTACCTCGGAAGAATTTGTTCCACCTCGCACCGCAACAGAAGAAATATTAGCTGATATTTTTGCAGAAGTTCTTGAAATTGAACGGGTCGGAATTTATGATGATTTCTTTGAGTTGGGAGGACATTCTTTGCTGGCGACCAAATTAATTGCTCAGTTATTACCTAAATTTCCGGTGAATATAACCGTTGTAGACTTGTTTGAGGCTCCCAACGTTGCGAGTTTGGCGGAACTTTTGCAGAAAAAACAAACCATATCTGAGTTACAAACCCCGATAAAAGTTGAAGATGAGCGAGAAGAAATCGAGTTTTAACCATGATGATATCAAAGCCAGTCTATCTCAAACCCAATGTGATTATAGAACCACTTTTTAATCAGTGGTACGCTTGGTCTTATCTCATTCCACCCGCAACAGCATCCCTGTATGCGGCTAATTCTCATCTAAAAATTCTAGAGTCATTTATTGCGGCGCCTCAAGTTCATTTGGATGCTTTAAAAAATCCCGCAATGCGAGGGGGACCCTTTATTAACTACGATGAAAGTCGGTTAGATGAAATTAAAACGTTACGGGAGAAAACCAAAGATAATTTAGGTTTACTGTTACAGTTAGAACGGGCGATTAAAGATTTAGAAAACCTGTTAAAAGAAGAAGCAACGGG
NZ_CP178543.1_gap106	4491763	4493810	2047	CTGCTTTATTTGCCTAATTGTCAATCCTTAATTCATCAAACAATATACACTCAACCCGTCTTATTTGCTGTTGAATATGCCCTGTTTAAACTGTGGAAATCTTGGGGAATTCAACCGGATATTCTCATCGGTCATAGTTTAGGAGAATATGTCGCCGCTTGTGTTGCGGGAGTCTTCAGTTTAGAAGAGGGACTCCAACTCGTTGCCAGTCGCGCCCGTTTAATGCAGCAACTTCCGCAAAATGGCGAAATGGTTGTGGTTTTTGCCGACGAAGAAACGGTAAAAGCTTGTTTAGAATTACAGCCAACTCTTGTAGAAATAGCTGTTATTAACAGTCCCCAAAATACAGTGATTTCCGGTGAAACTGAAGCCGTTAACCAAGTAGTAGAATCTCTCAATCAACAAGGATACAAAACCCAAAAACTCCCGGTTTCCCATGCGTTTCATTCTCATCTGGTTGAACCGATGTTAGACGAGTTTAGGGAAGTCGCAGAAAAAATTAAGTATAATTTGCCGTCGATTGATATTATTTCTAACGTTACGGGAACATTGGCAACCGAAGAAATAACAACCGCAGAATATTGGTGTCGTCATCTCCGTCATTCGGTGAAATTTGCTTCGGGAATAGAGACATTGAACCAGTTGGGAATAGATATTTTTGTAGAAATCGGGCCGAAGCCAACGTTAATTAGTTTAGGACAAATCAGTTTGGGAAACAGCGATAAATTGTGGTTGGCAAGTCTGACGCCTAAACAAGAGAATTGGCAAACAATATTATCGAGTTTATCTCAGTTATATGTAGCCGGAGTGGAGATTAATTGGTTGGGGTTTGATCAAGATTATTCTCGTCAACGGGTAGCTTTACCGACCTATCCTTTCCAACGACAACGTTATTGGTTTGAAACTCCTCATCAAAAGTCACCATCTAAGAATAATAGACGACAACCTAATGAACATCCGTTGTTAGGAAATAAACTCAATCTTGCTAAATCTGATGCGATTTTATTTGAAAGTCTAATGAGTTTAGAAGATTTAGAGTTTCTGAATCATCATCGTGTTTTTGATACTGTTATTTTACCTGCCGCAGGTTTTCTTGAAATTGTATTAGCGGCCGGCTCTAAACTGACTAAAAATGAAAATTTAGTCTTAGAAAACGTTAGTATAAAAGCACCCTTAACTCTGATTAAAAATGAAAATAAGATTTTACAGACTATTCTAATACCTGAATCTAATCAAGCATATACTTTTGAGATATTTAGTTCTGTAGAATCTGATTCTGAGGCTTCTTGGGTACTCCATGCGAGTGGAAAATTGACAACTGAAAGTTTCAGTGACTCTCGGGTTATTAATTCTCAAGATAAATTTGAACAACAAGTAAATGTAAAAAACTATTATCAGCAGTTGCAAGCGAACGGAATAGAATTTGGTGAAGACTTTCAAGCGATCCATAAATTATGGAGTAACGAGTCACAGTCTCTAGGAATTATTCAAATATCAGAAAAACTGATTGCCGAAAGTTTAAACTATAGATTTCATCCAGTATTGTTAGATGGATGCTTACAAACTTTAGGTGTAAATATAGGTATAACTGGCGGAAAAGAAAGTCATTTAAAAGCTTATTTACCCATAGGTTTAGAACGATTCGCCTTCTATAATAATCCTAGCTTTCAAGTCAAAAGTTTGGCTGAAATTAGACCAATTAAGTCTCATAATCAACAAATCTTAGTCGCCGATTTAAAGATTACTGATTTAGATGACAAACTCATTGCAACAATAGAAGGCTTACAACTTCAACCTGTCAGCCCTGAATTACTCTTTAAAAATCAATCTAACTCATTTCAGGATTGGCTTTATCAAATTGAATGGAAATCTCAAAACCATACAAATACAAAAAAATCGGCGGATTATCTGCTTAAACCTGAAGACATGAAAGAACGGTTGTCTTCCCAATGTACTCAATTAATTAATCAACCCGAGATAGTCAAATATCAGGAGTTATTACTCGAAATAGAGTCATTGAGTTCAGCTTATATTTTAAATGCTTTTC
NZ_CP178543.1_gap107	4688911	4691686	2775	TGTTCAAGTTGTAAAAGCTCCCGTTCGAGATGAGTCAGGAAATATTATCGCCACTCAAGGTATTTTTTGGGATATTACCGAACGGATTCATTTAGAGCAAGCATTGCAGGCGTCTGAAGCGAAACTTCGGGATGTTCTCAATCGGACGATCGCTTCGATTATTAGCTATCGTATTTTTGAGGATGGAGAGTGGGAATATCTCTACGTTTCTGCCGGAAGTGAAGTTATTTTAGGATACACTTCCGAAGAATTAATGGGCGATATCACACTTTGGAAATCTCGAGTAATTCGTGAAGATTGGGAAACGGTTTTTGTGCCGATTTTAGAAGAATTATCCGATGAAACGACCGTATCTGTAGAATATCGGTTTCGCAGCAAAGATGGCTCTATTCGATGGATTGCGAGTAATTTAACCGCCCGACGGGATTTAAGTTCTCCCGCCTGGATTGTGACCTTAGTCGGAACCGATATTAGCGAACAGCAAGCTGCACTTCGTGAACGCAAACAGCTTGAATTGGCTTTAAAAGAAAGTGAAAAACGTCTGCGTTTGATTTTAGATAGTTCACCTTATGCCATTTTTCTGAAGGATTTACAGGGATGCTACACCTATGTTAACCCCGCCTATGAACGGATGACGAACTTAAGTCAAGATCAACTTTTGGGTCAAAGCGATTATGATTTTCTTCCCCCTGAATTTGCTGAAACTTGCGACGCCAGCGACCGAGCGGCAATTGTTGCTAAACGTCCGATTATTTTTGAGGAAGAAGTTCCATTTAATCAAGGAACTCGTACTCTATTAATTACCAAGTTTCCGCTTTTAGATCCAACCGATCAATGTTATGAAATCTGTGGGATTGTTCTCGATATTAGCGATCGCTTTGCGGCTGAATTGGCCTTAAAAGCCTCTCAAGCCCAATTACAAGATGTTTTGAGTAATACAGCCGCTGCTGTTGTCAGCTTTCGACTGTTTGAAAATGGCACTTGGAAATATGACTATTATTCCCCCACCTGTCAAAACATTTATGGCTATTCTTCCGAGGAATTTTTAGCCAATCCCAATCTCTGGCAATCTCGGGTTTTACCGGAAGATTGGGAAACCATTCTAATTCCAGCTTTTGAGGAAGCTCTAACCGGAACATCCCAAAAATATATTGAATACCGTTTTCTTCATCAAAATGGTTCAATTCGCTGGATTGGAGAAAATGCCAATATTCGCCGAGATGACACGCAAAACTGCTGGATTATAACCGTCGTCAGCATCGATATTACCCACCGCAAACAAGCGGAATTTGCACTTCAGCGACAAACTCAACAAGAAAAAGCATTTAACCGATTTGTACAACTGATTCGCAACTCTTTAGACTTAAAAACAATTTTCTTAACCGCAGTTCAAGAAGCAGCAGAATTGATCAATATTAATCGGGTTGCTGTCGTTCAATATCAACCCGAAAATCAATGTTGGGTACATCGGGAAATTTATAGTCGCGATGGGAATCTCCCGGAGACAAGAGATTTAAGAATCCCGGATGAAAATAACCCAATTGCCGAACAATTAAAACGGGGTGAAATCGTTAGAATTGATGATACAAACACAATAAGCGATCCGATTAATCAGGGAATAATACAAGATTTTCCGGGTGCTTGGTTGCTCATTCCTTTAGTCGTTAATGGGATAGTTTGGGGGAGTTTCAGTCTGTTAAAAAATAGGTCTGCTTCTGCTTATCAAGATGAACAAATCGCCCTCGCTTGTCGGTTTGCCGATCAACTCGCGATCGCCATTCAACAATCTCAATTGTACGAAAAATTACAACAAGCCAACGAACAATTACATTATCTCGCCAATCACGATCAACTCACACAAATTCCTAACCGTCGTTATTTTGATGAATATTTAGAACGGGAATGGAAACGTTGTGTTCGAGAACAAACACCCCTAACCTTGATTTTATGCGATCTCGATTATTTTAAGCGATATAATGATACATACGGTCATCCAGCCGGAGATCAATGTTTATTTAATGTCGCTCAAACCCTTCAGCAAACCATTCGACGTCCGGCGGATTTTGTAGCCCGTTACGGGGGCGAGGAGTTTGCCATTATTTTATCAAATACCAATGCAGAGGGAGCAATTCATGTTGTTGAAATGATTCAAGATCAAATCAGAGTTTTAAATATTCCTCATGTCAATTCTTTGACTGAAAATCGAGTCACACTCAGTTTTGGGATTGCTTGTACTTATCCCACTGTTCAAACTTCTATTCAAGCTTTAATTGATACCGCAGATCGGGCACTTTATCAAACTAAAGAAAGAGGACGGAATAGTTACTCACTCCTGTTTTTACAACGGGAAATTGAAAGTTAACAGTTATCGGTTTTTACCCCGATAATTTTCTCGGCAATATCCGCAGCTACCGGCATTACCGACAAACGATTTCCTCGTCTAACTAATAATAAATCATCCGGTGTAAATTGTTGTTTGAGTTGAGCCAAAGTAATCACATTCGGAAACTGTTCAACAAATTCTACTCTAACGGTTTGCCATCTGGGGTTCTCTGGAGTTGATTTTGGGTCATAATATTGACTGTTTGGATCGAACTGAGTCGGGTCAATTATCTCTGTTTCAATCACTTGAACTAAACCTGTAATTCCGGGATATTTTGTATTAGAATGATAGAAAAAAGCCAAATCTCCCCGAGCCATTTTCCGCAAAAAATTACGAGCTTGATAATTGCGAATCCCATCCCAAACACAGGTTTTTTCCTGCTTCATCGTCTC
NZ_CP178543.1_gap108	4825756	4826435	679	GGGATTCATAATACTGATAATAGATTGTTGTGCAGATTTCTCAAGATAACTTGTAGGTTTACCTGGGCCAATAATTAATTTAACAGCAGTTGTATAGCTTTCTCTACCTAAATGTCTCATACCAATTCGATAGAGTTGTTCTGCTGTAGAGTCAGGAAGACTCTTACCTGCTTTGCATTCTCCCACCATTGGATAGGGTTTATGACAATACAAATCCATCCCACCCGCACCGCCTTTTGCATCGGTATCAACCTCAAAACCCAAAAACGCCAAACTTTGACGAACGATATTTTCAAAGGCAGTTCCTTTTTCATATTTTCCGCCTGTTTCTGCGGTTCCCAACTCATTAATTGTAGAAATCCAATCGGGTAAAGGTTTAGTTATTTTTTGTGTTTTCCAACCTATAAATTGTTGAATTTGCTCATCTAATTGTTTCGCCCCAGAATCAGTTATGGCTAACTGAGAAATTGCCATTTGTAATGCTTCTAATTCGGGATATAATGGAGGCTCACGGTTGAGTATTTGACGGTATCTTTGCTCAAAAGCTTCGTTAGTTAAAATTGGGTTATTTTCACTAAGCGTTAAAGTTGGAGAAAGCGGAAGAAAGCGGGGGCTAGAATTAACCGCAACTTCCAACGGTTGACTGAGTTGATAAACCCGCAAATAGGTTAGAAAAAAA
NZ_CP178543.1_gap109	4836929	4837471	542	CAATTAGTCGATGAACGCAAACTGCTGTCATTGGTTCCCTCTCATCCGCTATTAGCGGCGTTATTTGGTAGTTTGGTCGGATTTTTATTTCCGGTGTGCGAATGCGGCAACGTTCCGGTGGCCCGTCGGTTTATCATTCAGGGAATACCCGCTTCGGCGGCGATCGGATTTTTATTCGCCGCCCCGACGATCAATCCTATTGTTATATGGTCTACCTGGATAGCTTTTCGCGACCAACCGGAAATTGTTTTTCTGCGCGTCCTCTTATCGCTGATTATTGCCACTTTACTCGGTTGGGTGTTTAGTTTCCAAAAAGACCTGCGCCCCATCCTCCAACCCGCGATCGCCCGTCTGTTACCGCCCCCTCGGATGAACGATAAAAAAACCGCCGAAGCCGGTGAAAGTTCGCCGTTGTTGCAACCGGGGACTTATTTGTTGGGTTCGGCCGAACAACCCGTTAGGCTAGAGTCTATTCCCTTTTGGCAAACTGCACAAGGCTTCGGCACAACCGACAAAAAGACTTCAAAACTCCAAAAACGCCC
NZ_CP178543.1_gap110	4844138	4849110	4972	TCGGTTCGTTTGGCGACAATGTAATCAATATTATTGGCGAGTTTATTCAACTTTTTTGCCGAACGATCAACAAAATCCCGTTCTACTTTTTTCGCCGAACGTTCTAGCTTTTTAACCAAGCCGCCAAATATCCATCCAAGCATCAGTTCAACTCCCGGAACGAAAATTTATAAAGTTAGATCGATTAACCGATAACTCTAAGATACTCGCTAAATTATTATTAAGCCTCCGTAGATTTACGGAACTTTCAATTAAACCGATAAAATTCGTAAAAAAATGAGTAAAAACCCCCCTTTTTAAGGGGGGAAGGGGGGATTAGGAGAGGGGTTGGGGGAGAGGTTAAAAGGGATGAAAATTCGGGTAAAATATTAGGGTAAAATCAACTTACCAACCCATTGTTCCGGGACCACCTTTAAACGGACCAACAATATTTTTAGTCACCCAACCGCCATAAAAATCACCCGCTTGGGGTTGAACCAGTTCATCACCTACATAACAAGCATCCATCAGACTTGCATAGAAGCTATAACAGTCTTTGATCGCAACAAAATTAGGTGTCGGTTCAAAGTAACGCCAAGCGGCTTGACGAACGTGTTTATCGCCCAATTTAATATCAGAATAAACACAGCGTCCTTTCCATTCACACACCGTTACTCGGGGAGTTTCTATCAAATACTCTAGCTTGATGTCGTCTGCGGGGATATAGTAAGAGGGAGGATGACTGGTTTCTAAAACTCGTTTGGCGTTTTTACTATCTGCGATCACTTCGCCATTAAAGATGATTTTAATGGGTTGACTGACTTCTTCCCAAATGGCGGGACGGGGATAGTCCCAAACTGACTCTTGACCCGGTTGCGGAGGAATTCGTTGTGGTCTCATTTTAACAGGTTTTGAACTACAAGTTTTTCAGAGAGTTAAACACTGAAATTATAACTTAAGTTCTATTTTTCTGCTGCGGTTGGCGATCGCATTTTAAACGGGGTTTAAACTGATTTTTTGGGTTGTCGCATCAATAGCAAAGAACACCCATAAATTAAAAAACCCGCCATCATTCCCGGTAAGACTTCGTAAATTGAATTTGACAGTCCTAAGACTCCATTCCAAAGGGCGGCGACGGTAATTCCGCCAATCATCATCGCCACGCCCACAATAGGAGTAACGGGACGTTTCCACACTCTTAAAACCAATAAAGGTCCCAAACCGGAAGCGAGCGCCGACCAAGCAAAAACCCCCAACGCAAACATATTTTTATCGCTGGCTAAAGCAATGGTTAAAACAATTACTGTTACCATTAATGTTGCTAATTTTGCCAGTTTGTAAGAATGTGCGGTTTCGGGAAAAATATCTTGACTTAAAGCCGCAGAACAGGATAAAATTTGAGAATCAGCAGTGGAAACAACGGCCGAAAATAATCCCGCTAAAATTACACCCACCCAAATCGACGGTAACAATTGAATCGCCATTTTAGGAAGGGCGAGTTCGGGGTCGCCATTGCTGATTAAATCGGGAATGAGAACTCGGGCAGCCAATGCAACCCCAATAGCAGCGGCGGAAAAGATTAAATACAAAACTGCGTAAATATTGCGGGTTAAACCCATATTTTTAGCAGAATCCAGTGCCATCGCTCGTACCATAATATGGGGTTGACCGACCACACCAAAACCCGCAACTAACCAACTCAATAAAAACAGCCCAAATCCAAACTCAAGATTGGGGGGAATGGGGTTAATTAAAGTCGGATCAATTTGTTCGAGTTTTGTCCAAAGTTCTCCAATTCCGCCACAAGCTGCAACCGCAACAATTAACAACATTAACATCGAAAACATCATCACCACAGACTGCACCGCATCCGTCCAAATCGAAGCCCGAATTCCCCCAGAAAAGCAGTATAAAACCACAATAACCGCCCCGACAATAATTCCTAAAGAGTAATTCCAACCGAAAACCGCATGAAGCGCTTTCCCCCCGGCGATCAGTTGAGCGGCTGCATAAGCCCCAAGAAATAGAATCGTAATGACAGCAGAAATCACCGCAATAAATTGATTTCCTCTGGGGTTGTTATTTAAAAAAGAACCGATGGTTTCCGAGTTATTTTCTTCGGAAACTTCTCGCAACGGTTTGTGAATAAAAAACCAGGCAATATAGTCGCCGAGAAACCATCCCAGGAGTAGCCAACCCGCAGAAATTCCGGCTTGATAGGTAAAGCCAATTGTACTGATGAACATCCCGCCACTGTGAGCGGTGGCAAAGGCAGAAAGTCCGGTCAGCCAAGGGTTAACGCTGCGACTGGCGAGCAAATAATCGCCGGTATTATTTTGTTTTTGAGTGGCCGAATAAATGCCGACTCCGGCAAATAACAGCAGAAAAAAGATAAAACCAATTGCAATGACGATTTGACTTGACATCAGCTAAAAATCAGTTATAATACTACTACCAACAAAAAAATTCAGAAACAAATATTCGTTTTTGTATCCTATCGCGTTTGGGGGAAGGTTGCAGAAATTGAAAACCCCATAAATGAAGTGAAACTGGAGAGGGAGCGAGTCGAGAAAATCAGATGTTCTCAGGTGTGTGAGTCGAACTGAGATGGTAGCCGCCGCGATCGCGGCACTCAAAAATCGCCAACAGAAATTCACAGGCGGCAAAACCCTTGCTGTCGCAAGAACGCTACACTAATATTTATACCCCCAGCAATGATGATGTATTAGCAACAGCGAAAAAAGGCACACCAAATATGAAAAACCCACCGAAACAAGTATGGAAAGAACGGCTTGCGACTGGTGGTTTCACAGTTCGATCCCTGACGAACCGACACCTATGGCGAATTTTGGGTAGTTGGATCATTACTCAAGGGATACTCTTGGGAACCCCCGCCCTAGCCGATAACACACCGAAACCCATAGAATACAGTGAACTCTTGCAAAAAATTAAGGCGGGGGAAGTCGAGCGTATCGAAGAAGATCCAGCCCGACAAATTGCAAAAGTGACACTCACAGGCGATGAAAAAGGTGATTCTCCCCATGTGGTTCGGTTGTTTGACCGCAACCCCGAACTGTTAGAGACCGCCCGCGCCCAAAACGTTGACTACGAGGTAATTCCCACCGCCGATAATAGTGCGGCAATGGGGTTAATTGTCAACCTCCTGGTGATATTTGTCGTCTTGGCGTTTTTGCTGATGATTCTGCGCCGCTCGACCCAGGCGTCGGGACAGGCGATGAATTTTGGCAAATCCCGAGCAAAATTTCAAATGGAAGCGAAAACCGGGGTTCTGTTTGATGATGTCGCCGGCATTGAAGAAGCCAAGGAAGAATTGCAGGAAGTCGTCACCTTCTTGAAACAACCCGAACGCTTTACCGCCATCGGCGCTAAAATTCCCAAAGGCGTTCTGCTCGTCGGGCCGCCCGGAACCGGAAAAACCCTGCTCGCCAAAGCGATCGCCGGAGAAGCCGGTGTTCCGTTTTTCAGCATTTCCGGTTCGGAATTTGTGGAAATGTTCGTCGGGGTGGGGGCTTCGCGAGTTCGAGATCTGTTTAGAAAAGCCAAAGAAAATTCTCCCTGTATCGTCTTTATCGATGAAATTGATGCGGTCGGGCGTCAGCGAGGGGCGGGAATTGGCGGCGGAAACGACGAACGCGAACAAACCCTCAACCAGTTACTCACGGAAATGGATGGTTTTGAAGGCAATACGGGTATTATTATTATTGCCGCCACAAACCGCCCCGACGTACTGGATACCGCTCTACTGCGTCCGGGTCGCTTTGACCGACAGGTGATCGTTGATTTACCCGGCTACAACGGCCGTTTGGGTATTTTAGAGGTTCACGCCCGCAACAAAAAACTCTCCGATGATGTTTCTTTAGAAGGGATCGCCCGTCGGACTCCGGGATTTTCCGGGGCGGATCTGGCAAACTTGTTAAATGAAGCCGCCATTCTAACCGCCCGTCGCCGGAAAGAGGCGATTACCATGTTAGAAATTGATGATGCTGTCGATCGCATTACCATCGGTTTATCTTTAGCTCCCCTGCTTGATAGCAAGAAAAAACGGCTGATTGCTTACCATGAAGTCGGACACGCCCTGTTAATGACGCTGTTAGAAAATTCCGACCCCCTCAACAAAGTTACCATTATTCCTCGTTCGGGCGGAATTGGAGGCTTTGCTCAACAAATGTTCAACGAAGAAATGGTCGATAGCGGTTTGTACACTCGGGCTTGGTTGATCGATCAAATTACCATTGCTTTGGGGGGACGAGCCTCCGAAGATGTGATCTTTGGAGATGCGGAAGTTACCGTCGGCGCCAGTAACGATATCCAACGGGTGACGAATTTGGCTCGGGAAATGGTGACTCGCTACGGAATGTCTGACTTGGGGCTGCTTTCGTTGGAAAGTCCCAACGGGGAAGTTTTTCTCGGCCGCGGATGGCCCACTCAGTCGGAATATTCTGAAAAAGTCGCCACCCAAATCGATCAGAAAGTTCGTGAAATCGCTTTCAAGTGCTACGAGAGAGCCTGCCAAATTGTTCGGGAAAATCGAGAGTTAATTGATAAACTTGTTGATTTACTTCTCGAACGCGAAACCATCGAAGGCGATGAATTCCGCCGGATTGTTTCTGAGTATACCGCTCTGCCTGAAAAGCAACTGACTCAAACTCCCGGTTAAGATTCAGAAACCTCCTTGTCAAATTTCTTTCTCTAACAGGACTGTCAGAGGTTAGCATAGGGAGAGAAAGCTGTTATCAAACAAGGGGGTTCCTGATGTCACCTTGGCCGAGTCTAGTCACGGCGATCGCCCTACTGGTCTACTTAGTTTTAACGATTAATGTCGGTCGGGCGAGAGCTAAATATAAGATCATGCCACCTCAAATGAGTGGAGATCCCAATTTTGAGCGAGTTGTGCGAGTACAGCAAAATACTTTAGAACAACTCGTGCTTTTTTTACCCGCATTATGGCTATTTTCTCAGTTTGTGAGTCCGA
NZ_CP178543.1_gap111	4882903	4884364	1461	GGGTTTTCTTGGATCTCTTAAAATATCTATTGATGTCAATCAGGGCAGTCCCCAATGGAAGCGCAAAATGACACCTGCCATTTTAATTGAAAAACTACAAAAACGTTATGGTTCTGTAGAAGCGGTCAAAGATGTCTCCCTATTCGTCAAACCGGGGGAAATCTTCGGTTTACTCGGCCCCAACGGTGCGGGTAAAACAACCACTCTGCGGGCGCTGTGTACGTTAATAACGCCCGATTCCGGTCGTTTGGAGGTTTCTGGGGTAAACGTGGTTGAAAAGCCGCGACAGGCCAGAGGTCGCCTCGGTTATGTTGCCCAAGAAGTCGCCTTGGATAAGGTGTTAACGGGTCGCGAACTCCTGCAACTGCAAGCGGCATTATACCATCTGCCCCGGCCCACGATTAAAGATCGGATTAATAAGGCGATCGATTTATTGGGTTTGGCGGATTGGGCCGATAAAAAAAGCGGGACCTATTCGGGCGGGATTCGCAAACGCCTAGACTTGGCCGCCGGACTTCTCCACCAGCCGGATGTGTTGGTGTTGGATGAACCGACGGTGGGTTTGGATATTGAAAGCCGGGTGGCGGTTTGGGATTTCCTGCGTCAGTTGCGTCAGGCGGGAACAACGGTGTTAATTACCAGCCACTATTTAGAAGAAGTGGACGCTTTGGCCGATCGCGTGGCGATTATTGATAAAGGCGTGGTGATTGCGACGGGAACTCCTTCACAATTAAAAGATCAAGTGGGAGGCGATCGCATTACCCTGAGAATTCGGGAGTTTTCTCCGATGGAGGAAGCCGAAAAAGCGAAATCTCTCCTGGAGTCTTTACCGTTTGTTACCGAGGCGATTATTAATACCGCCCAAGGCAATTCTCTCAATTTGGTGGTCCAACCTCAAAGCGATGCGTTGTTATCGGTACAACAGGCGTTAAAAGAGGCGGGTTTACCCACCTTTGGGATCGCCCAGTCTCGACCGAGTTTGGATGATGTTTATCTGGCGGCGACGGGTCGAACCCTGATGGATGCGGAATTAGCAGGTGTTGCGGTTCGCGATCCCAAGGCCGAGAAAAAACAGAATATGCGTTAGGGTGAGGGGAAAGGGGAAAGGGGAAAGGGGAAAGGGGCAAGAGGCAAGAGCTCATGTGGTAAGAGGTAATTCTAAACTTCTGAACTCCTGACTTCTGAACTCCTGACACCTGACACCTGACACCTGACACCTAATATTGAAGGCATTGGTTTCTAGAGAGAATTATTGCATTAAACGTCTTGCTGAAATTGGTAAAAAAGTTGTAACGAGATCTTGTAAATATGACAGGTACAACCACTTCTAATTCTTCTAATTTGAGTTTATCTCCGAGTCAACGGGAAACGATAGAACCCAATCCCGTCGGAGAATTTCTCCAAGAAACGTTGGCGTTAACTCGTCGGTTGTTTATTCAGCTTCAGCGCCGTCCGTCTACG
NZ_CP178543.1_gap112	4976444	4978229	1785	AATTAAGTGTATCAGCAAGAATAATAGAGATTTATATTGTCAAGGAATACACAATTCTCCTATTCTATTAAACAGGGAGAAAGGTATGAACGCTTCTAGAACCGTATAAATCGCGAGTCTAGTGGTAATTGTACCGATTGGTCTAGAAAATTTAGGCAGCTAGGTCTGCTTTTGTGTTAATTAGGAGTTAAACAATGTCAATCGCTGTTGGGATGATTGAAACCATAGGTTTTCCAGCCGTTGTAGAAGCGGCTGACTCAATGGTGAAAGCCGCCCGAGTCACCTTAGTCGGATATGAAAAAATCGGAAGTGGTCGCGTGACCGTAATTGTTAGAGGCGATGTGTCAGAAGTTCAAGCCTCCGTTGCGGCGGGAATTGAGGCAGTCAAGCGCGTCAACGGTGGTGAAGTCTCATCGACCCATATTATTGCCCGTCCCCACGAAAACTTGGAGTACGTCCTGCCGATCCGTTATACCGATGCGGTTGAACAATTCCGGGCTTACTAAAACAGCCATGCAGTTCAGAATGGATCTGGACTGGCATCACTCATCAGTCGTCGTACAAGACTCACCAGCACCAGAAAAGCAGCAAGAGATCTGTGGGAGAAATTCCGAAACGGAACTGGTTAGTGAGTCGGTCTTGTACGACCTCAAAGTGTGTTCATTGAATTGACAGAGATCAGGAGTTAGATATGGCCATTGCAGTTGGCATGATTGAAACCTTGGGGTTTCCGGCTGTGGTAGAAGCAGCCGATTCGATGGTAAAAGCGGCTCGCGTTACGCTCGTGGGATATGAGAAAATTGGTAGCGGACGAGTAACGGTGATTGTGCGAGGAGATGTTTCGGAAGTGCAAGCTTCTGTTTCTGCGGGAATGGAATCGGTGCGTCGAGTCAATGGGGGTCAAGTGGTCTCCACTCATATTATTGCTCGTCCCCACGAAAACTTAGAGTATGTTCTACCGATTCGTTATACCGAAGCTGTAGAACAATTCCGTGAAAGTGTGAGTGGAATTCGTCCGCTCAACCGTCCCTAGAAACAAATCCGTTTTAGATAATCCGATCCAGAAAAGACCCGTAAAAGATTATTCTGGTAGACGTTGCGATCGCAACGCAGAATCGGCTGTGTTTTCCCGATAGGTTCTGCACCCGTAGAGTCTCCATTGGATTGAACAGCAGGCGATCGCACCCTTGCTCAACTCGCACGCTCGATCCGGTTGACGAGCTAATCATTGAAACGCGAACAAAATTGCACATTTCCCCCAAAGCCCCATGAAAATTGCCAGAGTCATTGGCACAGTCGTGAGTACACAAAAAGAGCCAAGTTTGAGAGGCTCAAAATTTCTACTCTTGCAATTCATCGATGAAACAGGAGAAACCCTGCCCGAATATGAAGTTGCACTCGATTACGTCGGTGCGGGTTTTGATGAGTGGGTTTTAGTAACGCGGGGAAGTGCGGCTCGTCAAATCCCCGGCAGCGAAACTCGTCCCAGTGACGCGGCTGTAGTAGCAATTATAGATACCATTACAGCGGGAAATCGTTCGCTCTACAGCAAAAAAGATCAGGAACGTTAGTCTCAACCTCTGAGCTAAAAGCCCTGAACAATTCAACAGTAAACAACAGAAAACTAACACATATTGGTTAGGAGAAATTCAATTATGGCAGTCCGTAGTCTGGCGGCTCCTCCAACACCTTGGTCTAAAAACTTAGCCGAGCCGAAAATCGATTCTAGCGCCTACGTTCACTCCTTTTCAAACATCATCGGAGATGTGCGAATTGGAGCCAACG
NZ_CP178543.1_gap113	4983963	4986350	2387	AAACTCAGTCGCGCCACCCTGAAAAATATTCGCCAAAATCTGTTTTTTGCGTTTATTTATAACACCGCAGGAATTCCCATCGCCGCAGGAATTTTGTATCCGTTGTTTGGTTGGCTACTCAATCCCATTATTGCGGGTGCTGCGATGGCAATGAGTTCGGTTTCTGTGGTGACAAATGCGTTGCGTTTGCGGAATTTTAAACTGTCATCCTGATAAAATATTCCGGTATCTGGGGCGTCAAAAGATATCAAATTTTGTAGGGGCGGGTTCAGCAATTATTTATGTTTTCCCAGAGACAAGTTATATAAACCCGCCCCACCCCAAAATAGAATCAATCAACCGGAGATGGTATCAAATTACATCAAAATTTGTAGGGGCGGGTTCAGTCAGTCACCAGTCACCAGTCACCAGTCACCAGTATTGTAGGGGCGGGTTCGACATGAATTTATGTTTTCTCACAGAAAAGTTATATAAACCCGTCCCACCCCAAAACAGAATCAATCAACTGGATATCGTATGATTAATGTTGGGTTTCGTGCCTCAACCCAACCTACGAATAAAGGTTTTGTACCTCAAGCCAACCGACGAATCAAGCCACAATGGAGATTAAAGTTATGCTAAAATATCAGAAAATTGGATTCTATTTCAGTCAGATATTACTCTCGGCAATTGTTGCAACTTCTGTACAGGCTGCGTCCGTTGAATCCCATTCAGAAACATCCGAAAACTTTCGCCAAATTCAACAACCCATTCCCGTAAAAAGGGGAGTGACAGCAGCAGGTTTGGGGTTAATAGGTTTGGAAGTTTGGTGGTTTATGTTCAGCAAACCCAAAGCCAAACAAGCCACCCAAACTAAAGACACCCAAGAACTCGAAATTTTGGTTGATGGCGGATACGAACCCAACAGAATTACCGTAAATTCCGGTCAACCGATTCGTTTACAATTTTACCGCAAAGACCCCAGTCATTGTTTAGATAAAGTCCTGTTTCCTGATTTCAACATCTCGAAAGATTTACCCCTCGATAAAACCACAACCATTGAATTTACCCCAGAAAAACCGGGAGAATATACCTTTAGTTGTGGGATGAATATGGTACGAGGAACATTAGAAGTTCGAGGATAAAATAACATGATCAACCGCAGAAAATTTATCACCTTAAGCGCCTCTACAGCCGGCGGTATTTTATTAACGCAATGTGTTTCTAATTCTATCAAAGCACAGTCGAACAATTATTCGACTCAAAGCAGTGTTGGAAATTTGTTAGATGTGTCTTTAGAAGCACGTTTTGATCGGGTGTCTATAGCCGGACAAAATGCCAAACTGTTAAGTTATAACGGACAAATTCCCGGACCCAGACTGGAAGCAAAACCCGGAGATACGGTCAGAATTAACTTTACCAATAAACTCGCCCAACCGACCAATTTACACTATCACGGTTTGCACATTCCGCCCACAGGAAACGCCGATAATGTATTTTTAAATATCCCACCGGGCGAAAGTTTTACCTATGAATTTACCCTTCCTAAAAATCATCCATCGGGAACCTTTTGGTATCATCCCCATTTACACGGTTTAGTTGCAGAACAACTTTTTGGGGGTTTGGCGGGTTTATTGATAGTTAGGGGTGAACTGGATGAAATTCCCGAAATTCAAGCCGCAGAAGAACAATTTCTTGTCTTAAAAGATTTTGCTTTGAATGGAAATCAAGCCAATTTTCAAGGTCATATGGGGATGATGTTGGGGCGAGAAGGAGAACTTTTAACCGTTAATGGTGAACTCAATCCTAACTTTTCAATTCCTCAAGGCGGGTTGTTGCGTTTAAGAATTTTAAATGCTTCTTCTTCTCGTTTTTATCGCCTAAAATTGGAAGAACATCCCCTTTATTTAATCGCCACAGATGGCGGTGCTATTTCCGAACCCGTCGAACTTTCAGAAGTGTTATTAACTCCCGGTGAACGGGTGGAAATATTGGTTCGAGGAGAACGAGAACCCGGACAATATCGCCTTTTAAATTTACCTTATGATCGCACGGGTGGTATGGGAGGCGGAATGATGGGAGGCGGAATGATGGGAGGCGGAATGATGAGAAATCGAGGAATGATGGGAAATTCTGCTAATACAAATACTCCCCAAACCTTAGCGACTTTAAGCTATAAAAACTCGGTTGAAACTCTACCTTTACCCAAACAATTAATCGCCGTTCCCGAACTTCCCGAACCCCAAGAAACACGCCGTTTAACCCTCAATCACGGGATGGCGCCGGGAATGGGAATGGTGTTTTTAATTAACGGCGAACCCTTTGAGATGGGAAACCCCGATACTGTGGTGAAATTGAATACGGTTGAAGATTGGGAAATTGCCAATACAGACACGATGGATCATCCT
NZ_CP178543.1_gap114	4987686	4991940	4254	AATTACCAAAGAAACCATTCTTAAACTTAGACCCGTTCAATCTAGCGAACTCAACGAATCGGAAAAACAGGGAATGAAAGAAAATCTGTCTTTTTCTCTGATTGCTTTTGAACCGATTCGCAGCCATGTTCGAGTTGCATTTCGGAGTGACTCTTTTCAAGATCAATCGATTTGGTATGTCTTTGAAAAACACGCCGAAATCTACGAAGGAAGTAAGCTCGTTTTTCCGAAAATTCGACCCCAACGAGTCCGATTAGAAAACTTTCCCTACAAACCCCAAACCGATAACTTTTTTAATCCCACAGGCGCTTGTAACGTGACGTCTATGGCGATGTGTTTGACTTATTTTAATACTCCCAGACGCAAAAGTTACGGACAGTTTGAAGACGAACTCTATGAATATGCAATCCAAAGAGGTTACAGTCGATGGAGTCCCTACGATTTAGCAAAAATTGTTAGGGATTATGGCTGTCAAGATTATTTCACCGAAAAAGGAGATATCGAAGATTTAAAAGATTGGTTAGCAGAAGGAAAACCCTGCGTGATTCACGGATATTTTACCGCCTTTGGTCATATTATGCCCGTCGTGGGTTACGATGACTATGGGTTGATTGTTCACGACCCTTATGGAGAATGGTTTTCGACTGGATACCGCACCGATTTAAGCGGCGCTTATTTACGCTATTCCTATGGTTTAATTCGGCGGACTTGTATGCCGGATGGTGATTTTTGGGTGCATTTTATTTCTAAATAAACCCCAAATAATAATCGGGAGGTTTAAACACTTTTTTTTATAAAAAATAGAGTGAAGTAAACCTCTTTAACGGAACTTTGCTGATGAATTGATAACTCCAACTTGATCGAGGGTAAAATTTTTCTCATAAATTTTTTATCGAAATTTAACACACTTGATGAAAAACTAAGCCATTCTAGTAATCAAGTCGAGTTGTTTGATTCATCATGTTGAGTACCCATTCAGCAGCGCCAACGCCAGAGAATATTTATCGCCAGACCCCTGTTACTCCACTTCCGGCTAAATTCTTCTTTCGACAGATCCTTTGCTACACCGGTAATGCTATCTTTGTAGTCATCGCCCTGGCGATCCTTGATTGGTTGTATAATACAACACCCGCATCGCTGACGCTGAAATTAAGGACTTCTAATGAACCTTCCGTCTTTTCTGTGGCTGTGGAAGATTGCTGCTTGGTCAATGGGATTTTCGCTGTTCGCTTACCTGATGCTGGCTATCACGGGGAGTTGGATGTTTTCGACCCGCAAGCAGAAGCAGCCTCGCCCTCAAGGGTTACGAACCGCTCATTTGGCGATCGGTAGTACAATGGTAGCACTGGTTTTGATCCTGTTGGCAATTGGTCTGATTGGCACCATCGGTTATTATGGAAATCTCGGTCATTCAGCCCACTTGCCTGCCGGATTAACCGTTGTCTGTTTGGTCTTGGTTTCCGCTTGGAGTGCGACTCAAATACGCCCCTCAAGACCTTGGGCGCGACCGCTTCATATTGGTACCAATGTCGCTCTGTTCTTCGCCTTTGGTGTCGTTTCTCTGACGGGTTGGACGGTTGTACAAAAATACCTACCTTAAAAATTTTTTCGCAAACCCCTTGCGCTTTCCAAAAACATCTGCTACATTAGTTAATTGTTGAATAAATGGGTCGATGCCCGAGTGGTTAATGGGGGCGGACTGTAAATCCGCTGGCTACGCCTACGCTGGTTCAAATCCAGCTCGGCCCACCTCCAAATCAACGCCCGTGTGGCTCAGTGGTAGAGCACACCCTTGGTAAGGGTGAGGTCACGAGTTCAATCCTCGTCACGGGCTTTTTACCGTTCAATCTTTGGCAAGATGATCAGCAAAGTCAGAATAAATCAAAGGTAATTTCACGGAAAAAGTCGTACCAACGCCGGCTTCACTTTCGACAGAAATCTCACCGCCATGAGCTTCTACACAGCGCTTAACAATCGCCAACCCCAAGCCGGTACCGGAGATTTTACCGACATTAGTCGCGCGATGAAAAGCCTGAAATAATTTAACTAAATCATTGGTTGGAATTCCAATACCGGAATCGATGAGATTAAAAAGAGCAAAACGGTCTTGAGCAATAACTTCTAAACAAATCAGACCGCCTTCAGGAGAATATTTAATCGCATTGGAGAATAAATTCATAAAGATGTGTCGTAACAGGCTTTCATCCCATAAAGTGCCTGTAAATTCCCCTTGAATATTCAACTCAATTTGATGTTGAGAAGTGGCTTCGAGTCGGGCTTCTTCAACCAATTGTTGACAAAAAGATTTAATATCCAAAGGTGTCGGTAAACACTCCAACCGATCAACATCGGCCCGGCCGACTAAAATCACTTCATCTAACAATTGTACCAAATTTTTTCCCGCAGAACGAATGCGTTGAAAAATGGAGCGTTTTTGTTCTTTGGTTAAATTTTGTTCCCAATCTCGGAGTAATTCTGTTGATAATAAAATCGTACTTAAAGGGTTGCGAAAGTCGTGAGACATCATCGAAACAAATTCGGATGTCATTTGATGCTGTTCTTTGGCTTTAACCAACTCGACCGTTTGTTCTTTAACTTGATGAGATAAAGCCTGATTAACCTCCCGCAAAGACTCCATTGCTTGTTTGCGTTCAATCGCATAACGCAGAGAACGAACCAACGTTTCCACACTAACCTGTCGTTTAACCAAATAATCCTGCGCCCCCCGTCGCACGGCTTCGAGGGCGAGTTCATCATCGTTGGTATTGGTCAAAACGACAATCGGAACCCGAGGAGCGCATTGGAGGAGGGGCTGAAGCGAGTTGAGTCCTTCACTATCAGGTAAAGTTAAATCGAGTAAAATAGCATCATAGGAAAATGTTTGTTGGTCGGTGAGTAAACCGATGGCTTCGGTGAGTCGTTTGACATGAACCAAATTAAAGGAATTGAACTGAAAACCTTTGAGCAATTCTTGCAGCAAGCGGGCTTCAGCCAAACTATCTTCAATCAACAGAATATTTACCGAACTTGCAAGCATAATTTTTTTGCTCTTTCCTCATGCTGCTCCAAAAAACGAATAGAATAAGTCATCAATTCAGGCTGTAAAATAGACATTGTACTACTGCTTGGGTGCCGTGCAGAAAAAAACAGGAAAAGTAGAATTTGGGTTGGTGTTCCCTCCGGATGTTTGGCTTGATTTAAAATCCCCTATTCGGTCGGAAGCGTGGCAATTTTCAACCAAAATTCCTCAATCCCCTTAACAATCTCAAACAACTGAGTCAAGTTGCGAGATTTGGTGATGTAACAGTTGACGTGTAAGTTGTAACTTTGGGAAATATCATCATCATTTTTAGAGGTCGTTAAAACGACGACGGGAATCCGTTTTAAATCCGGGTCAGCTTTAATTTCGGCCAACACTTCCCGTCCGTCTTTGCGAGGCAAATTCAAATCTAGCAAAATTAAATCCGGTCGGGGAGCTTCACTATACTCCCCTTCCCGGTGCAGATAAGACATCGCATCCATCCCGTTTCGGACCGTCACCACTTCGTGAGCAACGGTACTGCGTTTTAGGGCTTCTTGAATCAAGCGAATGTCGCCTCGATTATCCTCAACTAAAAATATGATTTTGGGTCTTTCCTGCGCTTCGCCGCTCACGCGCTTGTCCTCCCACTGGAATCGTAAAGTAGAATGTTGCACCTTGACCGAGTTCGGACTCAACCCAAATTCGACCCCGATGACATTCAACAATTTTTTTACAAATTGCTAAACCCATCCCGGTACCGGCATATTCATCGCGGGTGTGCAAGCGTTGAAAGATCACAAAAATCCGTTCTGCAAATTGAGGGTCGATACCAATCCCATTATCTTTGACTGAAAACAGCCAAGCATCTTCGAGCCGGTGCGCTCCGATATAGATTTCGGGGGGCGCCGAACTGCGGAATTTGATGGCGTTGCCGATCAGATTTTGGAACAACTGCATTAACTGGGTGCTATCGGCCATCACCGTTGGCATGGGTTCGGAGGTAATGATAGCACGGGTTTCGCTGACCCGGCCTCGCAGGTTGCTTAAAGCGCGTTCGAGGGCGGTGCCGACGGAGGTGAGTTCAAATTCAACCCCCTGAATATCGACTTTGGAGTAGGCTAAAACATCGTCGATGAGGGTTTGCATCAAACTGACGCCTTGGACGGCAAAATCGATGAATTCTTTGGCGTCTTCGTCGAGTTCTTCTTCGTAGCGCATCTCCAACAATTGAA
NZ_CP178543.1_gap115	5005312	5007651	2339	ATTATTAGTTTTTTCTTGTCGGGATTTGTTGCGGAAATTTTCGATCAGCCCAAGCTTATCCCCATCCTTCAATGCTTCTCATTTCTGTTTTTCCTTAAGTCTCTGAGCCATGTTCATAAAGCTATTTTAAGCCGGACATTTGCGTTTAAAGTCATGGCGCTTCGGACAATTATCGGTATTATTATCGGTGGAGTTGCCGGGATTATCATGGCTTTATCTGGGTTTGGGGTTTGGAGTCTGGTTAGTCAGCAATTTATTTATGAATCGGTAGAAGTGTTTATTATTTGGGGTGCGATTGACTGGCGACCCAAACTCAGATTTTCTTTCCAACATTTGCAAGGTTTTTTAAATTTTGGCTTAAATATCCTCGCATTAAAATTTCTCGCTTTTTGCAACAAACGCACGGATAATTTACTCATCGGTTACTTTTTAGGAGAGGTGGCTTTAGGATATTATTTGATAGCTTTTCGGGTTTTAGAGGTGATGAGTCAACTCCTGATCAGCACAACAAAGCAGGTCGCATTACCCACCTTTTCTCGATTACAAACCGAACCCGAACGCTTTCGACAAGCCTTTTATAAAGTGACTTTATTCACCAGTTTAATTGCTTTTCCAACCTTTTCAGGAATGATTATTTTCACCCGAGAATTGGTGTTAACGCTATTTGGAGAGCAATGGCTACCTTCAGTTCCTATCATGCAAATTCTAGCTTGTGCTGGAATTCTCAATGCAATTTCTTACTTTAATAGTTCTGTATTTATGGCGATGGGAAAACCCTCTTGGAAACTGCGATTGAGTTTACTTAGTGCGGTACTCAATCTAATCGCTTGTTTATTGGCGGTAAAATGGGGAATTGTTGCGGTTTCTATCGCTTATGTCGTCAGCAGTTATCTCGCTTTTCCGGTCGGTCAATGGGCGATTAGCCAATTAATTCATGTTCCCGCCAGGAAGTATTTACAGCAATTTGTTAGTCCGATTATTTGTTCGCTTATTATGGTCGCAGGGATTTTAATTTTTAAATATTTTATGATCGATTTACTTGATGAAAAGCTATTAATCCTAATCGGCACGGCAATCGGTATAATAATATATGGACTGTGTATTAAATTCTTATACCCTCCGATTTTTGAAGATTTACTTCAAATTTTAGAAATGCTAAAATCTTCCAAAAAAAAGTTTTCAAATCGTTAAGGCTAAAATCAGAGCTTGAATTTAATCCTAAAAATTACCGCTTATGTCACCGCTAAATTTACCGTTCAAAATAGACTTCAGCTTCTCTAAAAACCAAGCTTTAATCGAAAATAGCATAATCGTTGCTTTTGTTTTTTTCGGCTTGGTGGGTATCCTTCACCATGAAATGTGGCGGGATGAATTTCAAGCTTGGTTACTCGCCAGAGACAGTGCATCGCTGATAGAACTGTTTCAAAATATGCGGTCTGAAGGACATCCGGGTTTATGGCATCTCTGTTTATATGGGTTAAGCCGAATCACCCAAAATCCTCTAATCATGCAGATTTTTCATTTATCTGTATCGGTTGTTATTGTGAGTTTAATTGTCAAATTTTCCCCTTTTTCTCCTTTACAGAAATTTTTACTCAGTTTTGGATATTACTTTTTTTATGAATATACAATCATCAGCAGAAACTACAATTTAGGTGTTTTATTTATTATTCTATTTTGCGTCATCTATTCAAAATCAAAGGTTAAACCCATATTACTGGCGACGTTATTAGCACTGATGGCCAATGCTAATGCTTTTGCTTTTATTCTCAGTTTTGCATTCTCATTAACTTTAATTGACGAGTTTTATAGCCAGATCAAAGCCAATAAACTCGACCGAAAAAAACTCTTGATTAGTTTCTTGATTTTAACTTTGGGTTGGGCTATTTCCTTTTTTCAAATTATCCGCCCTTTAATTTCCCAAGAAAAAATAATTCGTCCGATCCAATCTTCAGCCGAACAGATTGAATCTAGCCCGAGTTTATTGCAAGAAATTGAGCGGTTGGGTACGGCTGTTACAGATATTTGGAGAAGTTATGTACCGATTCCCTTTCACCTGAACAATGAGTTTTGGAACACTAACATACTGGTTCACAATACAAATTTTCCTTCGGTTGCGGGTATACCATTGGGTGCAATTATTGCGGGAGTAGCTTCTTTAATTATTCTAGCAATTACTGTAAAAATACTATATCCAAAACGGCTAATCTTGACAATTTATCTGTTTGGAACGGGTAGTATTTTTGCGTTTAACTACCTAATTTTTCAAGGAGTTATGAGGCACAGGGGCCACCTGTTTCTTTTGTTCATCGCCTGCCTATGGCTGCTTGAAAAAGAGT
NZ_CP178543.1_gap116	5010128	5013024	2896	TTCCAACCCATAATCGACCTCATTTATTACCGAGAGCGGTTCAGAGTGCGCTGAATCAAACCCACCAAAATTTAGAAGTGATTGTGGTCGATGATGCTTCAAAAGAACGTGCATATCTCCCAGACGATCCCAGATTACGAGTTATTTTTTTAGAAAAGAACGTAGGCGGCGCCGGGGCGCGAAATGTGGGAACTAAGGCAGCTTTAGGGCGCTGGGTAACTTACTTAGATGACGATGATTATTTACTGCCTCACATGGTAGAAATTTCTCTGTCAACATTGGAAAAAACAACCGCCAATCCCCCCGTTGCCGTTATTTCAGGACTTCAAAAAGTGGATGAGACGGGTAAAGTGATCGCCACGCGCATTCCTCCCGCTCTTTCTCCGAAAGGAAGCCATTTCTTTTTAGAAACCCCAGAACCGGGACGTTCTTTTCACACCAAACAAACCCTAGTTGTGGAGCGGGATCTGGTATTGAAAATTGGGGGATGGGACGAAACCTTTCGCTCCCGGGTTCATTCGGAATTGTTTTTACGACTAAATCCCGAATGTACTCTGATAGGTTTACCGAGCGTAACTTATCATCTCCTCTCTCATAGCACAGAGCGAGTATCGGGCAATCAACAGCTACGACAAGAAAGCTTTTATCGTTTGATTAAAAAACATCAGGATGTCTTTAGAAACCATCCGAAAATGTTTGCAGAGTTTGTCTACAAACACGCCGTAACCTCCTCGGAAATCGGGCAGAATAAAGCCGCTTTTAATCATTACCTCTGGGCTTTAAAACTTCATCCGGCTCACACTTTTTTTCTGAGTGCTTGGTCTGCTTTTTCTCAACTTTCAAGAAGCTAAAAAAGCTATTTTTAACGGCTTCAAATTCTTCTTGATTATCTTTGGTCAAACTCAACAATATTTATAGAGGAGCTTACATGATTCGCGACATTTTAGAACTTGATGAACAAACGACATTAAAAGGTGAAGTAATTGTTCTTGGCTCAGGCATTGCGGGGGCTGAAGTATCAACCCATCTCGCCCGTCACGGCCGGGATGTAATATTACTTGAAAGTGGACGCGATCGCTTTGATCCCGAGATTCAAGCCTTAAACGATGTGATATTTTTGGGCAAACGCCACCGCGAGTTAAATCCGAATACATATTACCATCGATACTTACCTCCCGAGCTACGGGGAGTCAGTCGGGTACGTCAGTTTGGGGGAACCAGTAACGTTTGGACCGGGAAATGGAAATATCTACAGCCTTCTGACTTCGACGGAAGAGATTGGGTACCCAACAGCGGTTGGCCGATAGACTTTAGCGATCTTTTAGAACATTATCGTTCTGCTGCCAAAGATTATGGATTTGGTGATTTAGAAGCCGAAGCAGTACGCCCTGAAATCATCGATCTTCGAGCCAAAATTGCCGCCTATGGCTTGAAAATGAGCAGTTTTTATTGGGAGAAAACCCCCACCCGCACGGCAATCCGTTTCGGGGAAGAAATGCGTCGTTCGCCGAATTTACAAGTGATTCAAGGTGCGACGGCAACGGAGTTAAAACTCGATCCTTCAGGCCAGCGAGTGACTGCGGTGGTTTGTCGCTCTCTCGAAGGTCGAGAAATCTTGGTTGAGGGTGATATAATTGTTTTGGCGACTGGGGCGTTTGAAGCGGCGCGTCTGTTATTGGCATCTGACCGTCAAATCCCCGAGGGTATCGGGAATGCTCACGATCTGGTTGGTCGTTTTTACACCGATCATCCCAAACATCATACTGGCACCCTTTTGCCGGGTCATCTGACTCGACAATATGCCCACGAGTTGCAATATGCGCCCAAACCTCGGTTTTGTATCTGTTTTGCTTTAGATGATGATACTCAGCGCGAACACCAGCTTCTCGAACACGTTTTATATATTAAGCCCATCTATGAAAAACTAACAGACCGACTCAAACGAATGATTCAACGTCGGCCGATTTGCAAGGATAATAACGGAGCGGTGGCGACATACCAAGTGAAATTTGTGACGGAGCAACTTCCCCAACAAGATAGCCGTATTAAGCTCGGCACTGAACTGGATGCCCTCGGTCAACGAAAATTAGAGGTTGACTGGTGCTTTACCGAACACGATCATCGTTCCATGAAGAAAACCTTGGAACTGTTGACCCAACGTTTTGCTAATGCTGGTATTGGCACCTTTGAGTTTGGGGACGAGCCGCCCTGTATCGATAATATGACCGACGCCGCCCACCAAATGGGGACAACGCGCATGGGTAGCTGTCCTGAGGAGGGGGTGGTCGATGTTAATTGTCGGGTGTTTGGCACGGATAATCTTTATGTGGCGAGTTCTGCCGTGTTCCCAACTGGACCATCTTACTCTCCTACTTTTACTATTTTAGCGCTAGCCCGTCGTCTTGGTCAACATTTGCTTGAGATCACAAAGTCTCATTCTCCGAGCAAGCATAAGACTGAAGTCGCTTCAACTTCAGTCAATACGACAAGCGCACAAAGCGACCATCTCTAATCAGTTTTATCTCTAAAAAAGTATGGATTTATGAGAGTTGAAAGTTTAAAAGTTCAAGTCGAAAAGATTTTTAGTTCTCCCAAGCCCAAGATTATCTTTATGCACGTTCCTAAAACAGGAGGGACATCAGTTGACCGCTCTCTGAGAATGGTTTATGGAAAAAAAAATAGTTACCAAGTTCACCCCATACTTACCAGTAATGCGGTTCAAGCTGTGACTCAAAACGGGAAAATTAACGGTAAAATTGATAAATTTCAACTCCGAGAATCCCTTTTGATTTACGAGATGGCTAAAGGAACAAAATATATTTCCGGTCATTTTCATTTTAACGAAGAGATTTGGGAAGCTTATCGTTATCAATACGCTTGGATTACCGTTTTAAGA
NZ_CP178543.1_gap117	5068543	5072017	3474	ATAATTTGGTCGTATTCTCCCGCAACCAAGAGCGTAGGAACCTTAAACTGAGCAAATTGTCGGGGAAGCCACTCCGTCGCCTCTTTACTCACCGAGGTTAACACCGTACCGTAAGCCGCGTCAAAATCCGCCAGTAAAAAATCTTCTAAAAAAGCTCGACTAATGGCAGTCGGTAAAGAACGATATAAAAATCTTGCCATAAAAACTTTATCAACCAACGGAATCTTTGCCAACCATTTCGGACGAAATAAAACCACATACCGACTAAACTTATGAAACGTGGTAAACGTCTTTTCATCGTATTCAAAAATACCGCTACAGGTTAAAATCGCCCGTTCCACCCGTTCGGGATAAAGATTAATAAATAAAGCCGCAATTGACCCGCCCATCGAGTGAGCATTCAAATAAACTTTATCCAAATTCAAAGCATCCAATAACCCCTTAAGTTCGTGAGCATAATCGACCAATTCATAACTCAAAACCTGAAAATCCGACCCCTCAATTGCCGTAGCTTTTGAACGGCCAAACCCCCGCAAATCATAAATCAAACAATCAAATCCATCCGATAAAGCTTGAGCCGTACTCGTCCAATAGCGACCCGAACCGCCCCAACCGTGCAGAAACACCATCACCGGTTTTTTCTGTTGCTGACCCGGTGCTTTAATCCATTCATAATAATGTTGAACGCCGTTGATATTAATATAGGAACTTTTTAAATCCAACTGCATTTGATCAATTCACCCCTAGAACTGTTGAAGTTTTTTCTCTCAAGTATAATAGATCTCTTAGATTTCCAGCAATTTTTTAGGTTTTATTGAAGAACTGAGTCAGTTTATCCTCATCTAATTGACCGTTGGTTCTCACACCATTACACACATCCAAGCCAAACGGTGCCACAGTTTCAACCGCTTCTACTACATTATCAGGATTCAACCCCCCCGCCAAAAATACAGGAACATTCACCCTAATCTTCTCCTGATTCTCCGTGAGTCTTTAACCAATAGGATAAAACAGTTTTCGCCGTAGCCGGAGAAGCCGTCTCAACCCCCGTTGAAGTTCGATGCAGCCACCAACCTTTCGCCGTCTGCGGGGAACTCCACAAGTTCAGATGTTCGACAGGCGGATCGGCGTAAAAGCTTTCAATTCCCGCCCCCAACAGCGCCGAAGTCCGGTGAGTAAAGCGATCGTGACTCATGCGGTAAATGGGAAAATTGCCCCCCAGAGGGACGCCCCAACCGTCTAAGGCGATGAACGCTTTGACTTCGCCCCCCGCCTGTTGCCACATCCAAGCCGCCGCGATCGCCCCCACAACCCCCGCACTAAAACAAATCAAGATAATCGGTAATTTCACCGGATTTTGCCCAAAACCGCCTCTAGGAGGAGGAGACAAGGCGGGAGTTTGAGCTACACTGCATAAATAATTGAAAATGTCAAGACCTGAATAAGCCGGATAGTCCTGGGTCGGAAAAATTAACAAATTCCCCGACTGACACCGACGCCGCAAATCGCCGAAAAGCTTACAGAGAAAGGATTCCGTTAACTTCGGATCGTGAATACCCGCAATAATAACAACCGCCATAACCCAAATTCGGTTCAACTTCTTTTATACTGTAGATCAAGCTATCCCCCCCAGGGGGATGATAAGCTAAAAAAGGGGAGCGAAAAGGAAGATTTGAGTCCCAGACACTCCCAACCGTAAATAACAGCTATTTTTGAGGATAACAAAGTGGTTGCAACACCCGAAAAAACACAAGACAATATTTCTGTATCCGACAGTCCAAGTCAAGATCGAGTCGCCGTCCTGTTGATGGGATACGGCGAAGTCGAAAGTTATGAAGATTTTGCCAATTATAACGAACAAGCGTTGAACTTGTTAACGGCAAAATTCGCCCCGGTTCCGACTTGGATTTATCCGCCTATGGCGAAACTTTTGGCAGTATTTGACCTGCACGAATGGAGTCACCAACACGGGAATTTTATTTCCCCTCACAACGCTATTTTTGAACAGCAACGGGCGGGAATTGAACACGAACTCAAGCACAAATGGGGCGATAAAATTAAAGTGTTCAAAGCTTACAACTTCTGTAAACCGTTCCTCCCCGAACAGGTTTTGGAACAAATCAAAGCGGAAGGTTTTGATAAGATTTTAATCTATCCGTTGTTAGTCGTTGATTCGATTTTTACCAGCGGAATCGCCGTCGAACAGGTGAATAAAGCTTTGGCAAATTTGGCAGACGGTAGCGAACACTGGGTTAAAGGTCAGCGTTATATTCCGTCGTTCTTTAACGAACCCGCCTATTTGGATTTGATGGCGAATATGGTCGAAGAAAAGATTAAAAATGAATTGGCTGTCGCCCATTTGCCCTCACAAACCGCGATTGTATTAATGAATCACGGCTGCCCTCACAAAGCCAAAGGATTTACATCAGGAATTGATGAAAGTCAGGCGATGTACGAACTGATTCGCGAGCGTTTAATTCACCGTTATCCGTTGATTTCGATTGGTTGGTTAAACCACGACACGCCGTTAATTGAGTGGACGCAACCTAATGTTAAATTAGCCGCCCAAAACTTAATTGAATTGGGGGCGACATCAGTTGTATTTATGCCGATTGGATTTGCAACAGAAAACCACGAAACGCTGTTAGATGTTGAACATATTATCGAAGCGTTGCGTCGCAAACATCCCGAGATTACCTATGTACAAATGCCCTGTGCAAACGACCATCCTGAGTTTATGAAAATGGCAGCAGAATGGGCAAATCCGCAGATAGAAGCGCTGTTAAATGAAACAGCTTTGGCGGTTAATCCACAGTTAGCGTCGGTTCAAGCCAAAGAAGTTCATAATCACGACCACAGCCACCATCATCACCACCACGACCACGACCACAGTCACGGTCATCATCACCACCACCATTAATCCCCCCTGCCCCCCCGATGATCGGGGGGTTAAGTTTTTCAGAATTGTAGGGTGGGTGACAATTAATTTTCAGTGGAGATCACCAATTTTTATCGAAGTCACCCACCCTACTCCTAAAAGAGAAATAATTAAGAGTGAAAATTACAAAGGAGAGAGGGCGCAAGCAAGAGCGCCCCTACATTGATTGCAATACGTTCCTCAATAGAAGTGTCTTGTAATTGGTTAATAATCTCAGATTTATTCATAGTTTTAATTCAAAATTAACGGTTGTACAGGATGATAGTTAATTATGATTATAGCTTCGTAAAGTTACCGTTATTCTCCCCTCGCCTCGCAGGGGGGATTAGAGAGGGGTTGGGGGAAAGCTGACAATCAAGGTTTACATTTCTTCTCCCCTCTCCTCCTAAAAGTGGGGTTGGGGGAGAGGTTAATCTGGTGTTTGATTCTTCAAGTAATTCAGAATTTTTTCATCCTGAGTAATTAATAATGAACCGTGAATTTTAGCCGTTGCCACAATAATCTGATCTGCTGGGTCGGCATGAAATCCAGAAAGC
NZ_CP178543.1_gap118	5104135	5106137	2002	TCAGGCACCACCGTTTGAAAAGCTTGATGAGCCGTTTCAAAAGCAGTTTGAAGCCGCTCAACATCACCACAACTGGCAGCAGAAGCAAGTTGAGCGATGGTTTGAGATAATCGCTGTAACAAATACCGACTTTCAGGAGAACCGATCATAATCTCCAAAGAAAGAGAACCACTTTGAGCAAAAAGACGACTAGCAGTCGCGATCGCCAAGCGATACAGCGGACTAGACAACTCCAAACTCCGAGCCACATCAACCCCCTCAGTTGCCAAAAACACCCCCAAACCAAAGGTCATAAAATGACGAATCCCCTGAACCGTCGCCATCATCCGATCGTGTTCCGAAGCCTCACTGGTTCTCAACAAGCCGCCATTACGCTCAATCAGCTTCAACAGCCAATCAAAAGCCTGATCGCTACGCCCCGGACAAACCACAACATTCTGAGATAAAAAAGAACGAGTTCCCGGTCCAAACATGGGATGCAAGCCCATCACCGGCCCCGAATGATGAGTTAACATCGCCTCCAAAATCGGTGCTTTAATGCTAATAATGTCCGTCAAAGCTGTCGTCTGTCTTAAGTAAGGCGCCGCCTTTTCAATCACACTCACCGCCTGTTGAGTCGGCACACAAACCATCACCAGATCGGCATTACCCAACAGCACCTCCGCATCTTGCCAATCGTGGCGACCCATCAACTCTACCTGATGTCCGGCACCAATTAGCTGTTCGGCAAAAAACAGACCCATCTTACCCGTACCGCCAATCAGCGTCACCCGCTTCGGCGAATCGGTTTTGGAAAAATCCGTTGAAGACCTAGAATCATCAGTTGGAGTAATTTTCGCCGCCGCCTTAGCACTGGTCAACAGACGCCGCCAGACAAACTCAGGAACACCCGAAGCGTCCAACTCGGTTTTGAGAGCGGTTGAATTAATCTCATCGGGAGAATCAGCCATCGCCGCGATCCGTTCTCCGAGCAACTTGACAAGCTGACGGTCAATTTCTTCTAACTTTGACGTAGATTTTGAACAAAGTACCATTAAATTACCTCTTTTTTAGGGAACAGGGAATAGGGGGAAGGGGAAAGGGGAAAGGGGAAAGGGGCAAGAGTTTTTTCGATGGCTTTTTTACTCCTTTCCTCCTGAACTCCTTTCCTCCTGTACGCGCGCGCGAGCGCGAACGCGCTTACTCCTTTCCTCCTGAACTTCTCAGAGCGGGGCGGGTTTAAATGGGTTGTTGCTGAGAATCGTAGATTTTCGCAGAACCCGCCCCTACATCACTGGTCAGGTGTTCACTGTTTAAACGAGGGCGGGAACCCGTTGGGGAAGGAGTTCGGCTGCCAACGCATCAAACTGATTCGGGGTCAAAGATTGCGGCCCATCAGAAAGCGCCTTAGCGGGATTGGGGTGAACCTCAATCATCAAGGAATCGGTACCGGCAGCAACCGCAGCTTTCGCCATCGGGGGAACAAACTCAGACTTACCGGTGCCGTGACTGGGGTCGATCATGATCGGCAAATGAGTCAGGGTTCGCAGTACCGGAATAACCGATAAATCAAGAGTATTGCGGGTATATTGGCGATCGAAGGTGCGAATTCCCCGCTCGCATAAAATCACGTTCGGGTTGCCCTCAGACAACACATATTCAGCCGCCATCAGCCAATCTTTCACCGTCGCCGCAATACCACGCTTCAGCAACACAGGCTTATCTTGAGCGCCAACTTTTTTGAGTAAAGCGAAGTTTTGCATATTGCGGGCGCCCACTTGCAGCACATCCGCAACCTCGGCAACCGCTTCTAAATCTGCGGTGTCCATCACTTCGGTAATAATGCCCAAACCGGTGGCGGAACGGGCCGCATCTAACATTCCCAAAGCACTCTCACCGTGACCTTGGAAAGAATAGGGAGAAGTTCTCGGCTTGTAAGCGCCTCCCCGCAGAAACTTAGCGCCTGCGGCTTTCACCCGTTTGGCGGTTTCCACAATCATTTCTTCGTTTTCAACCGAGCAAG
NZ_CP178543.1_gap119	5142616	5144118	1502	GTTAATTGTTGCAGATGTTAATAACGACAAACAAAAAGATTTTTTAGTCACTCATCCCAATGCGATCGCCGTTTATGATCATTCGGGAAAACAACTCTGGAAAAAATCCGTTAAATTACAACTCACCGATAAAGCCGAGACAAAAGGTTTACCCGGTTTACACGCTCCCGGTATTCAAGCCGGAGATATTAATGGAGACGATAAAACCGAAGTTTTGTTTCTGTCTTCCGACCATAAATTACACATTGTTGATGGAAAAAACGGCGAAACTCTCCGAGAAATTCAACTCAATTCTCCCGATGGAAGCGAAGGTTGGGAACATTTAGTTATAGCCAATTTTCGCGGAAAAGGCGATCGCGATCTGTTACTTCAAGCCACCAATACTAAAGGTTATCGCACCGGACGCTATCTCGCCGCCTATGCCGTTGATGACTTACTAAAAAGTAATAATCCTCAACCCCTTTGGCAGCGAGATGATTTTCTCGCCAATGCTCATAATGGTGTCCGAGTTGCTGACTTAAATGGGGATAATTTAGATGAAGTTTTAGGCGGAACTCTACTTTCTCCTCAAGGAGAGATGTTGTTAAAACTCCCCCTAAAAGGTCATATTGATTCCTTATTTGTCGCCGATGTTCGACCCGATATTCCCGGTTTAGAACTTGTCGTTTTAGAAGAAGGCGGCGAAGAAAAAAAAGACTCTGAAAAAAAATCAAATTCTGTCAAACGCAATCGAGTTTTTCTGTATAATACCGAAAAAATTATTTGGGAAACCCACTATAACAACTGGGAACCTCAAAATGCCGCAGTTGGAGATTTTGACCCAAATCGTCCGGGGTTAGAAATTTGGTGTCGCAGCCGTTTTAATACCAATCAAAAACCCTTTGTCTTTGATGCAAAAGGTCAAGTCATTTCTAATTATACCCTAAATGAAATTGCACCTCAAGGCTGGACAGAAAAAGGCGTTGATGTTATTTTTCCGATTGATTGGACGGGTAATTCTAAACAGTTAGCAGCCGCAAAAGAACGTCATAAAAGCGGAAATGTGGCTATTTTTGACCCCATTAGCGGAGAATTTCTCTTTCAATTTCAAGACAATGCAGATCGGCTTTATGTTGCAGATGTTACCGGAGATTGGCGAGAAGAATTAATTGTTTTAAATGGGAAAACACTCCATATTTATCAAAATTCAGATTCTAATCCCAACCCCAAACGTTCCTCTTTGTGGACTCAAAATCATTACCGTCGCAGTAAGATGACCTGGAATTATTACAGTCCATAAACCCCGTTTATAACAACTGTAGGGGCGGGTTTTTACAGTTTACAGTGAACAGTTTACAGTGAACAGGTTACAAACGATTGCTGAGAATACTAATAATTGATAACTGTAAAAACGGGGAACTGCATAACTGATAACCGATCACTTGAATCAACCCGCCCTTACACAGGGTAAATACAAACTCCATAACTCAAGATAAACCCGGTTTTTAGGATTACTATTGGTC
NZ_CP178543.1_gap120	5147360	5151947	4587	GGGAGAATGTTGAGTTAGCACTCTCCATTCCTGAGTGCTAATTTAGCGAATTGACAAATCCAATGGCAACAGAGAAATCAGTACGGGTTCCCGAACTTTTGCGGGGGGGCAGGAACTTTTTGCCAAGATCTTCAAGATTTAACGGCATAGCAATAACATATATCATTATGGAAATCTCAGGATAATTCTTAGATTTCTTAGATTTCTAAGCCGTTACCACCCCTGAAACCTGACACCTGACAGACACTAGAGCAATGACAGACCCCTCTATCTTAAAATCTCCCTCAACCGACTCCGACAACGGTAAGACTCCATCCCAGGCGTGCGCCAACGCCGTCCAAACGTTAGGACTTCAGCACATTAGCCGTCACGTCTTCCTCTGTGCTGACCAAACCAAGCCCAAGTGTTGCTCAAAATCGGCCGGTTTAGAAGCCTGGGACTATTTAAAAAAACGTTTACAAGAATTAAAACTCGACCAACCCACCCCGGAGCGCCCCAGTTGCATCTTTCGCACCAAAGCCAACTGTTTGCGGGTTTGTTGTGAGGGGCCAATTTTGGTCGTTTATCCCGATGGCGTTTGGTATCGCGCCGCCACTCCTGCGGTAATTGAACGGATTATCACTGAACATTTAATCGGTTCTCAAGTCGTTGAAGAGTATGTATTTCTGACTCATCCCTTGCCCGAGCCGTCCACAATTGAAGCGAGCGATCAAACTTTAGAAGCCTGTAACGCCGATGACCGTAGAAATTCGGGCGTGTTGCCCTAGCCGTGTCGTCAAATTTTCCGATATGATCGGAATAAACCCTGCGATGCAGGTATATATTCTAACAAAAATTGTAGCGTTACTTCGGAATTTACACAGATTGCCGATCGTCGTTGTTACTTCTTGCAATGGTGAGAATCAACTCAATCGCTCAGAACATCCCTTTTGAGCCAATAGCCCGACAGTGGTTAAGCCCGCCCCACTTTCGAGCAGATGATGGCAACTGCAAATGTCGCGGGATTTCCCAAGGGAAAATTTACTGATGACGGACATCAAAACTGGAGAACAAAAACGATTAATGCTGGTGGATGATGACCCGAACCTTGTCCTGCTGGTGAGGGACTATTTGGAGTTTCGGGGATATGAAGTCAGCACCGCCGAAAATGGACTCAAAGCCTTAGAACTGCTAGAGTTAGAGCTTCCCGACTTGATCATCTGCGATATTATGATGCCCGAAATGGATGGCTACTCGCTGGTGAAGGTGATTCGCGAAGACCCCCGCACGGGCTGGATACCGGTTCTGTTTCTCTCGGCCAAAGGTCAAAGTCAAGATAAAGTCAAAGGCCTCAATACCGGAGCGGATGTTTATATTGTTAAACCCTTTGAACCGGAAGAATTGGTCGCTCAAGTCGAGTCTTCTCTGCGACAAGCTTCCCGCCTGATTAAAATTAACAACCGTCAGGCGGCAGGACAACCCCCCATTCAAGCCCGTCCGGGTGTGGAGTTGACACCCACAGAAGTCCGAGTGGTACAACTGGTTTCTCAAGGATTGGCAAATCGGGAAATTGCTAAAGCCATGAAGGTCAGTCAAAGGACCATAGAAAGTCATGTTAGCAATATGTTAAACAAAACCGGACTGCACAATCGCACCGAGTTGGCGCGTTGGGCGTTAGAAAGTAAGAAGTTTTAGTTGAAGCGCTCAACGACTCTCAGAATAGATCAACCGGTTTCCCAAAGCTGTATACTAGAGGAAAGTCATATTGTACTCATTATTTTATAAAGAAAGTCAAGTCTGCTATGGGCTTGCCTGTACGGGTAAGTTGATAGTGAAGTTGATAGGAGAAAAAGTAACTTGTATCGTTGTAGCACTCCCAAAACAGGAGAGCGATCAACAAAGATTGAGTTCGATAAATGTGAGTTCCGCGACTTGCTGATGACGATTAAACTTATACCTCTCTCTTGAGACCTCTACTGCACCCGGTGAAGTTGTTGGGTTTATTCAGACAACCTCAACGGTTAAGCATTAGCAACTCAAGGGGATTTTTTCAAGTCTCTAACGTCATAAATCTCGCTCAAATCCCGACAATCAAGCCGATGCTCCCGGCCGACTTGTTACCCGGATAAGCAACGCTCAATGCACTGTTTCTCCGAAACAAATAGACTCAAATCTAAAATTTTGGAGGGCTTATACAGGTTCAGTCTAGACTTAAACTCATGAGGGATCGCTCGCAAAACAGGAGGTAGCCTGATGTTAAACGCTCTGTGACCGTCGGTGATGTTAAGATAAGATAATTAGCTTAAATTCTTTTCTACAAATATCTAGGTCTATAGTTTCTATGCTTAACTCAAAAAACCGTCTCTCTATATTTGTAGACGGTAACAATATGTTCTACGCACAACAAAAAAATGGTTGGTTTTTTGATCCGAGGCGAGTATTGACCTATTTCAAAAATGAACAATCCGATGTCATCCTCGTCAACGCCTTCTGGTACACGGGCTTAAAAGATCCCCAAGATCAAAGAGGATTCCGAGATGCTTTGATTAGTTTGGGTTACACCGTCAGAACAAAAATCCTGAAAGAATACTACGATGATAGTTCCGGTCGGTACTCCCAAAAAGCCAACTTAGACATTGAAATTGTTGTTGATATGTTTAATACCGTCGATCAGTACGATCGGGTCGTTTTATTTAGCGGCGATGGCGACTTTGAACGGGCGATCGAACTGTTGCGTTCAAAAAATACCCACATTACCGTCGTTTCAACCGAAGGAATGATCGCCCGGGAATTGCGAAACGCCACCGACCGATACATTGACTTAAATGATATTCGAGATCAAATAGAAAAAGTAGACTATTAACAAGAGAAAATAATCAACCCCACGGAAAAACCAACTCAAAACCTGGAGTTTTTCTCTGTTATCGTTTCACGGTTCACTAACACTTGGAGGTTCCCAACCGATGACCGTTCAACCCAGTCCCGACCGAATCATTATCTTCGATACCACCTTGCGAGATGGCGAACAATGTCCCGGCGCTACCCTCAACGTAGACGAAAAACTGATTATCGCCCGACAACTGGCCCGTTTGGGTGTAGACGTGATCGAAGCCGGTTTCGCCTTCGCCAGTCCCGGAGATTTTGAAGCCGTTAACCGCATCGCTCAAACCGTCGGGACCGAAGACGGGCCGACCATTTGCAGTTTAGCCCGTGCCGTGCGATCGGATATCGAAACCGCAGCCCGAGCGTTAGAACCGGCCGCAAACAAGCGCATTCACACCTTTTTGGCGACTTCGGACATTCACTTGCAGTATAAACTCAGAAAAACCCGGCAAGAAGTCTTAGAAATTGTCCCCGAAATGGTCGCCTATGCCAAGTCCTTTGTCGATGATGTCGAATTTTCCCCCGAAGACGCCGGACGCTCGGACCCGGAATTTCTCTACCAAGTCCTGGAACTGGCGATCGCCGCCGGTGCAACAACGGTTAATATTCCCGATACCGTCGGTTATACCACCCCAAGCGAATTTGGGGCTTTAATTCGGGGTATCAAAGAAAACGTTCCCAATATCGATCAAGCCATTATTTCCGTTCACGGACACAACGATTTGGGTCTGGCCGTCGCCAACTTCCTGGAAGCGGTGAAAAATGGCGCCCGCCAACTCGAATGTACCATTAACGGTATTGGCGAACGGGCCGGAAACGCCGCCTTGGAAGAATTGGTCATGGCGCTTCACGTCCGGCGACAGTATTATAATCCGTTCTTGGGCCGTTCTGCCGAGTCGGAAGCGCCCCTGACTCGGATTAATACTCAGGAAATCTACAAAACTTCCCGTCTGGTTTCCAATTTGACCGGGATGTTGGTACAACCGAATAAGGCTATTGTTGGGGCGAATGCTTTTGCTCACGAGTCGGGAATTCACCAAGATGGCGTTCTCAAAAATAAGCTCACCTACGAGATTATGGACGCTCAGTCTATTGGTTTGAATAATAATTTGATTGTTTTGGGTAAGCATTCGGGACGCCACGCTTTCGCTCATCGCCTGCAAGAATTGGGCTTTGAACTGTCAGACTCGGAGATGAATAAAGCGTTTATTAAGTTTAAAGAGTTGGCTGACAAAAAGAAGGAAATCACCGACTGGGATTTAGAATCGATCGCCAATAATGAAATTCATCAGGCGACCGAATTGTTCCGCTTGGAATTGGTTCAGGTGTCCTGCGGCGATCGCGCCCGTCCGACGGCTACGGTGATTATTCGCACCCCCAACGGAGAAGAATTGATGGATGCGGCGATCGGCACCGGTCCGGTTGATGCGGTCTACAAGGCGATTAACCGGGTTGTCAATATTCCTAACGAGTTAATTGAGTTTTCTGTGCAGTCGGTGACGGCCGGTATTGATGCCATTGGGGAAGTGACGATTCGTTTGCGATCGCAAGGTCGCGTTTTTTCCGGTCATGCGGCCAATACCGATATTATCGTCGCCTCCGCCCAGGCTTATGTCAATGCCCTCAACCGCCTGTATGCGGCTCTACAACCGTTGGATGTTACGGGTGAGTTGAAAACCGTGATGGCCTAGCAACTCCAGGTTGGGGCGGGTTTTGCAATATCTT
NZ_CP178543.1_gap121	5184459	5186255	1796	GCAGTCATCATGTATTTTGAAACCGTTATACCGTTTCTCTTTAATCATGCAACTTTTTTCATCCCTCCAGGCGCCACCCCCCTTTTTAAGGGGGGCTGGGGGGGATTAAAGGGGGGCTGGGGGGGATTAATTAGATACAACTTCATAAAGAAATGGTATTACAAGTCAAACCGTTATCGAGTTTAGCGTTAAACAATAAGCCGAGAAAATTCAGGGTAATTTGATCGCTTCCCCGTTTTTGAAAATCAACGGTTCATCGAATAATAACGGCTGTATACCGACGATAAACTGAGTTTTTTTATCGGTTCTTCTGGCTCGGGGTGCGGCTAAATTTTTATCGAATCGACTCGCATTTATACATGATTTTTGCTATCTTAAATAATGAAATTGAAACTCATGCCATCAGTTGAGCCGGGGTGCAAACCTTTTCGGGTGATTTTTTATGGTTGTTACGGTGATATGTCTTAATGTATTAATCTCAATAGTCTGCCTGTATGTGGCTCGTCGAGTTTGGCAACTGCGTAGAGGATTAGCCCGAATCGATCGCATATTTACCCGCCTCGAACATCGGGCGAATATGTTACTCTATAGAACCCGCACCTTTGTAGAACGGGGAAACTCAGCCAGTTCTCAACTCAAACAGAGCTATAATTCCCTACAAGAAAAAATACAAAAACTTGAGAAACTTCTCGCCATTGTTCGCCTAACTCAATTCATTCTGTGGCGACAGAGATATCGAACCAAGAAACAGTAACTCGCGATCGCACGGGGTTAAACTCTACTTAGCGCCAAAATTCCTATAAATTTCAGGAAACAGCTTGTGCAAATCTGTCTACAATAATTGTAGGGGATATTCAATTCTAGTTTATGTCAAATAATCGCTCTGGATCGTTTGTTGGAGGTTTGATACTCGGATCGGCTGTGGGGACAGTGCTAGGTTTGTTAGTTGCCCCCCGCTCCGGTAAGGAAACTCGACAAGTCTTGAAAAAGTCTGCCCAAGCCCTTCCCGAGTTGGTTGAAGATCTCTCCACCAGCGTACAACTGCAAGCCGATCGACTCTCAGAGTCCGCCTTGCGAAACTGGGAAGATACTTTAATCAGACTCAAAGAAGCGGTGGCGGCGGGCTTAGAAGCCAGTCAGCAGGAACGTCAAGTTCTCTCGGAAAAGGTACAAAATACGGACTCATCCTATCCGCTTGGCGATCGCAATTAGTTCAGGGTTCGAGTCGGGTGGGTGAGGAGATGTTAACACCACTCCGGTTAACCTACCCCGACCTGAAACTCAAAGACCAATTCAGAGCATTTTCGGGCCGATTCTCTGAGATTTGTAAGACTGACCTTAGGGATGAAATTTAACCCCGATTCCCTACAGAAGGCATTTAATTAAGCATGATAGAATAATAACGCCATCTGTTTTGCAGTTGTGGCTAATATCCAGCTTTTTGGGGTTCGCGATCGCCACCTCAAAACTAGAAAGAGTAAATTGTTCTCAACTGCTCAACTCCGTCTGATTAACCTCTTGCATCCTGGATTTTATTCCCGTGACCGACCCCGTGTTTTGGCTTGGCTTGTCTATCCTACTGGTTGCGGCCAGTCTGAGCGCCGTATTAATTGCGGCTTTACCGGCTTTGCAAGCTTTAGCCCGAGCCGCTCGCAGTCTCGAAAAGCTTGCAGATACGTTATCTCGGGAATTTCCCCCGACTTTAGAAGCCATTCGGATGACCGGACTCGAAATTAGCGAACTCACCGATGATGTCAGTGAGGGTGTCCAGAGTGCGGGTCAAGTCGTCAAACAAG
NZ_CP178543.1_gap122	5205837	5207261	1424	GTTTCCAACTTCCTCCATCCAAAACAACCGTGATTTCCTGTTCTCGGGCGAGTTTGGCTAGGTGTTGACTGATGGGGATTTGATGGCCGTCAATTAAGATAATATCAACCCCATCTAAACAATTTTCGGGTAAACTTTCTACAGATGCTTGGGATTTAACGGCGTTAATGGAAACCACCGTGCGATCGCCCGTTTTTGGAGTCACTAAAATCGAAGAAACCGCAGGAGGTTCGAGGCGGGTGGGGTCTAAATCGGTTAAAATAACATTTTGTTGGGTTAAATCAGCCCGAATTAATTCAGTAACCGGATGATGACCAACCACTCCCAAGAGTTTAGCCTGATTTTGAAGATAACTAAAAGTAACTGCCGCATTAGTTGCAGGCCCGCCTGCGGCTACCGTATAATCAGAAGCGACAACTTTTTGGTTTTTAGCCGGATATTCACTCACCCCATAGAGGAAGTCTAGCGTTACTAATCCAACAAATAGTCCGTTGTGAGTCATATTAACACCCCAAAATATTTTCCCTATGTCAGTGTTTAGCACTTTTGTAGAAATTTAGCTGTTTATTTGTTACGAATTTTGATTAATTTTTAATTATGGATGTAAAACCGGGAACGCTGTATGTGGTGGGGACACCAATTGGAAATTTGGGCGATCTGACTTTTCGAGCGGTTCAAACCCTAAAAATGGTTGATTTAATCGCCGCAGAAGATACCCGACACACGGGTAAACTTTTACAACATTTTCAAATCGAAACCCCACAAATTAGTTACTATGAACACAATCAACATCGTCGCATTCCCGAAGTGTTAGAAAAGTTGCGTCAGGGAAAAGCGATCGCCATTGTTACCGATGCGGGAATACCGGGAATTTCCGATCCGGGATACGAATTGGTAAAAGCTTGTATTGAAGCGGGAATTTCGGTGATTCCCATTCCGGGGGTGAGTGCGAGTTTGACGGCGTTGAGTGTTTCCGGGTTGCCAACGGATCGGTTTGTATTTGAGGGATTTTTACCGACAAAAAATAAACTTAGACAGGAACGTTTGCAAGCATTGCGATCGCAATCTCACACGATGATTTTATACGAATCGCCCCATCGATTGCGCCAAACGTTACAAGATTTAGCAGAAACTTTAGGAAGCGATCGCGATATTGTCTTAGGCAGAGAGTTAACCAAACTTCACGAAGAATTTTGGCGGGGAAGCCTGAAAGAAGCGGTGGAATACTATCAAAATAATGAACCGAAAGGGGAATTTACCCTCGTTGTAGCCGGAAAAATTCAAGAAACCCCAAATCTTTCAGAAAGTGCAATTAAAGCCGAATTAGAGGCATTATTGCGCCAGGGATTAACGCGATCGCAAGCAAGCCGTCAACTGGCTGAAAACACCTCCCTTTCCCGACGGGAAATTTATCAACTCGCACT
NZ_CP178543.1_gap123	5237313	5241167	3854	TTCCTTTGAGTGGCTCGTCACCCTGCAAGCGGCGATGACGGTCTTGGGAAATGTTACCCTATGTATTGCGGCTTGGTACATCTGGCGAAGTCTGCGATCCGTAAAAGAGTAACAATATCTAACAAAATGTTATCAAAAGACACCCTCTTTGCCGTTTCTCTGTTTCCCTACTTGGGGTTTCTCTGGTTTCTGACTCGTTGCGGACAGACACCCCGCTTGGCATTAATCGGATTTTATGGCACCTTAGTATTTGTTGGGGTAACGATCCCGGCTGGAATCTATGCCAAAATGGTCTATCACGAGGCTTTGGCGAATATTGATTGGTTACATGGCGGTGCAGAAGTTTTCTTGACCCTATCAAATATTCTGATTGTGTTAGGCTTCAGACAAGCGGTTATCAGCAAACAATCCCCTCGATAATGGACAATCTTACCTTAAGTGGTCACGCCGATGGTGTCAAATCAGTTGCAGTCAGTCCCGATGGCAAAATTCTGATTAGTGCCTCTGAAGATGGTAAGATTAAAATTTGGAATTTCAAAGCCGGAGAGTGTTTGCTCACTTTGGGAGGTCATCCCTTTGGGGTGAAAAATGTCGCCGTCAGTCCCGATGGTGAATTTTTTGCGACCGGTGGCGGAGATGGAACCATCAAAATTTGGAGTCTGAAAAACGGTAAACTGCTGCGAACTTTGATAACCGGTTATTCTCGCCTCGACTCCGGGTTTATGCCTGTGGCAATTGTTCCCAACGGTAAAACCATTATCAGCCATAGCAGCAGTTACAGTCAAACCGTGCGGTTGTGGGATGTGGAAACCGGAGAGTTGAAAGGGACGTTAACCGGTCACGCGGGTTCGGTGAAAACCTTTTGTATCTCTCCCAAAGGGGATATCCTCGCCAGCGATGGTGCTGATAATAGCATTCGGCTGTGGAAATTGCAAAATGAAGAATTAATTGGCATCCTCGAAGGACATACGGGGGGAGTGTTGACGTTAACCATGAGTCCCGATGGCGAAACCCTCGTTAGCGGTGGGAAAGACGAAACCATTAGAATTTGGCAAATTCGCACCTCAAAACTATTACGAACCCTCTCCGGTCATTCCTATGCGGTAAATTCGGTTAAAATTAGTCCGAACGGTCATATTCTCGCCAGTGGCGGTTACGACAGTTTGATTAAATTGCGCGACTTAAACACGGGAGATTTACTCAATTTGCTGTCGGGACATACCGGCGCCGTCAATACCGTTACCTTCAGTCCCGATGGTAAAACCTTGGTCAGTGGGAGTGAGGATAAAAGCATTAAACTCTGGAATTTGGATGAGATTCTGAATTCTCATTAGATTTTTACTAAATTATACCATTTGAGGTACATATTTGTCATCTGATCTATTACCTATTTTATGAAGTGCCTGTTGCCTAAACCATAAAGTTTTGTACCTCACAAGCCGCGAGAACTGCTATATACTATTAAACTGGGTTGATTTTTGTGTCTGAGAAACTCAAAAGAACGCTAAATAATCCTTAAGATTTTTATCGATTGCACTCAACAGCCTTCATACTAGAAGACAGAAATTGAGTGATAGACTGCTCATGCTGCGCTTATGAGCTACTGCTTTAATCCCGATTGCCAAAAACCAGATAATGGTCAAGAAATCGATACTTGTCAAACCTGCGGTTCAACTTTGCTGCTGCAAAAACGTTATCGGGCTTGGCAAGAAATCGGCATAGGAGGAATGAGTCGAACTTTCTTAGGCGTTGATGAGGGAAACCAAAAAACGCCCTGTATTATCAAACAGTTTTCATCTCACGGACACAAAACCATTCGACTCGAAAAAGCGATCGAATTATTTCATCAAGAAGCGATGCGGTTGCAAGAATTGGGAGAACACGATCGCATTCCTTCTCTGTTGGCTTCCTTTGAACAAGAAGGCTGTTTATATTTGGTCGAAGAATACATCCCCGGACAAAATTTAGCCGAAGAATTATCCGAACGGGGGCCTTTTACCGAAGCCAAAATTCAAGAACTTTTAATCGATATTCTCCCGATTTTAACCTTTCTGCACAACCATAATATCATTCACCGGGATCTCAAACCCGAAAATATTATTAGACGTCAAAAAGACGGGAAATTCGTCTTAGTTGATTTTGGCATAGCCAAACAAAACCAGAATATTTTTCAACCCCAAACCGGGACCCTTACCGGAACCGTCGGCTACGCACCCCTCGAACAAATTCGGGGCGGAAAAGCCTATCCCGCCAGCGATCTTTACAGCTTGGGCGTCACCTGTATTCATCTGTTAACCCAAGTTCCTCCCAATCAACTTTTTGACTGTTTTACCGGGGAATTAATTTGGCGATCGCATTTGCTCAAAACCGGAAAAACCATCGGCGATCACCTCGGTCAAATCCTCGACAAACTGCTTCAAGATTTAGTCCAAAACCGCTATCAATCCGCCCAAGAAGTCTTACAAAAACTTACAGAATCCAGCCGAATTTACTCCCGATGCTGTCAAGAAGAAACCGCCTTAGAAATTATTGTTAATAGCGAAATCGAAGCCGAAAAACAAGCCGTAAATTTTCAAGAAAACTGGATCGAATTGGCGTTAAAATCCACCGCCGAACATCATCCCTGTTTTTCAAGTTTAATCGCCAGTCAATCGATAAAATTTCTTCCCAACGCCCCCGCCCAAACCCATTCTATCGTCTCCTTAAAATCGGGAAAACCCTTAGAAAAATATTCTCCCGAAACTCCCGAAAAAATTGTAAAAAATATAAACCGTTTACAAGGTCATTCCGCACCCGTTAAAGCCATTGCGATCGGTCCCAAAGGTTATATTTTAATTAGCGGAAGCGAAGATTCTAGCATCCGACTTTGGAACTTGAAAACCGGACAACTTTTGCATCGATTTTTAGCCCACCGAGATACCGTTAATACCATTGCAATTCATCCCAACGGTCATCGGTTAGTGAGTGGAAGTTTGGATCGAACTATATTAGCTTGGAATTTGAAAAATCGCACAATGGCGGATCGGTTTTTCAGTCATTCCGGTTCACCCTACAGTCATCGTTGCGGGGCGGTTTATTCGGTTGCTTATAGTCCCGACGGTCGGATTATTGCCAGTGGAAGCGAAGATAGAAGTTTAAAAATTTGGAATCAAAGAAATGGGGAGTTACTCTATCGTTTGTGCGAACATTTTGGCGAGGTTTTATGTGTGACTTTTACCCAACCCGAACCGGATTTAATCTCTTTAATGACGAATTCTGACGCACATCCTCAAAATAGTTTATTCGCCAGTAGCGGGACGGATGGATTGATTAAAATTTGGCAATTTGGTAATTTAAAAAGTCTCCACACTTTAGAGGGACATTCGGATGCGGTTTATAGTTTAGCCTTTAGTCGCGATCGCAAAATATTAGTTAGCGGAAGTGGCGATCGCACGATAAAATTATGGAACTTTTACACCGGAGAAACGCTAAATACACTCAAAGGACACGACGATCAAATTGTCTCAATTGCGATTAGTCCCGACGGTCAACTCTTGGCAAGTGCGAGCCAAGATGGTATCGTTAAACTGTGGGATATTAGCGATCGCCATCCTCTCGGACGGTTATTAAAAACCCTCAGGGCTTATCCTCCCGTTGTCTTTACTCCCGATAGCCAAACTTTAGTTACCGGTGGCGAAAATGGCGATATATTAGTTCAGCAATTCATCTAAAAAATCACATCAAAAAACAATGCAACTCCAAACCGAGCGTTTAATTCTTCGAGAATATCAACCCGATGATTTAGATAACATTCTCGGTATTTTATCCGACCCGAAAACCATGAGTTATTGGCCGCAACCGTTCACTCTATCTCA
NZ_CP178543.1_gap124	5282807	5283333	526	AGTCATTTCCTTTCGGGCTATTGTGAAGCCATTCTGTTGAAAGATTTTAACAATATCCGCTTCTCGATGTAGGTAGGCGCGAGTTGTTTTACTGGGTCCGGGGAAAAACTCACCAATTCTTTTGAGAAGGGTATAAGCCAAGGTTTTGGGTGCGAAACTCAAAATTAAGCGAGATTCGGCCATAGATGCCAAATGAGCAATCATATCCGCCATTTTATCATCGGGATAGTGAATCAACACATCCAGACAAATCACGGTATGATAGCGACCCTCCAAAGCTTCTAGATCCTGAGTGCTAAACTGAACATTACCAGCGCGATCGCCCAAAACAGCCTTAGCCCGTTCTTTGGCCTCGGAGACCATTTTCTCAGAGATATCGCTAGCGTTGACAATCGCACCCGCCTCGGCCAGAGGAATACTCAAACTCCCCACACCACACCCCGCATCGCAAATGGACAAACCCGAAAGATTACCATCTGCTTTTAGCCAGTCTAACACGCGATCGATAGTTTGTTGATGTCCGTTA
NZ_CP178543.1_gap125	5300039	5302724	2685	ATTCTCCGTTGCCATTACCTGACAAGATTTGGATGCTGAAATTTCCAGAAAAACCATTGACAACTACGAGGTCAGATATGCCATCGCCATTCATATCTCCGGCTGCAACTTGATTGATATTTTCAAGTTCAATCTGCGTACCTGGGGCAAAATCTCCTTGTTCGTCTCCGAACAAAATATCCACAGTTTGTTTGAACAAAGAGGTGGAGATTTCGAGATCTTCTAACCCATCGTTGTTGGCATCGGCAACGATAACGTTGTTAATATTTTGTCCCAGATCAACACCTTGATCTAAGCTAAAATCTCCTGATCCATCTCCTAATAGTAATGAGAGTGTACTCTGACTACTATAAGTATAGTTATCAAAGTTAGATACAGTTGTCTGAACGGCTAAGTCGAGATTACCATCTCCGTCAAAGTTTCCAGTTTTGAAAATTCCGGAAAACCCATCAAACTGAGTTGTAAAGCTGGCATCCGATGAGAATTCTCCGGACTCATCTCCTAGAAATACGGAGACGTTTGTTTTATTGGTAAATGAGGTGTCATCAAAGATTGTCTCAACAACGGTTTTGTCTACCGAACCATCATTGTTTAAATCTGCGAAAAGAGTTGGAATGAAATTGTCAATTTCAAAGGGAGATCCGGGTACGGGAGTAAAGCCATTCTCATCCCTCAATAACACTTCAACCTGCGAGGGGAAAATGGAAAAATTCTGGAATTGCAGATCGCTTAAGCCATCATTATTTACATCCGCAACCGTAACGTTGCTAACATTTTCTCCGAGATCAACACCTTGATCTAAGCTAAAATCTCCTTCTCCATCTCCTAATAGTAATGAGAGTGTACTCTGACTACTATAAGTATAGTTATCAAAGTTAGATACAGTTGTCTGAACGGCTAAGTCGAGATTACCATCTCCGTCAAAATTTCCAGTTTTGAAAATTCCGGAAAACCCATCAAACTGAGTTGTAAAGCTGGCATCCGATGAGAATTCTCCGGACTCATCTCCTAGAAATACGGAGACGTTTGTTTTATTGATAAACGAGGTGCCATCAAAGATTGTCTCAACAACGGTTTTGTCTACCGAACCATCATTGTTTAAATCTGCGAAAAGAGTTGGAATGAAATTGACAATTTGAAAGGGAGATCCGGGTGCAGGATCAAATGTGACCACACTATTGTTAGACGCTTCGAGCATAATTAATCGCCTCTGGTTATGAAAGTGTATTTGTTCTGTACAAATCTAGGTTGCTACATTCGTACAGCAATTTTTTACCAAATTCACCAAAAGCATTAGAGATTAAGGTACCTTTAAATCTCTAATACTTTGCATTCAATACTTTTAAGCTGCTATGTGTTGAGCAGCTTTCTCGACAAAATCATCGCTAATCTTTTGTTCTGTTACAGCATGAGGAAAGGCAATGCTTACAAAGTAGATTAGAACTCAAGCTGTATATCACCCATGAGTCAACTTTATTCACCTCTAACTTAAAAGTCAATTACCTTTACTGAATCTTTAAAAATGGGCAAGATGAACTTTGAACAACAGCTTTTAATGTAGAGCAGACCCTGAAAATTCCAGTTTTTACTGCAATTTTTACTATTACCATACTAGGAAACTTTTCATCGACTTACCAGTCACACAAATGAGGACTTGACATTATTCTACATTTATGGTTATACTCTTGAATTGTCGTTGAAGAGTAGGGGGAAGTGAACAGTTATAAATACAGGAGACAGGAGACAGGAGACAGGAGTTAGAAGAACTGGAGTTGGGAAAAAACTGTTAATTGTTAACTCCTTTGACTGGTCACTGATAACTGATAACTGATAACTGATAACTAATAACTGTAAAAACTGATAACTGTAAACTGTAATGAACCCGCCCCTTTGAGGGGATTATTGATTATTATCAGCAGATGAGAGGCGTTCGAGATGAACGCCTCTACAAGTAGTCTTCTAGAGTTGAATAAATGGATCAAGAGCGATGAAATCAGGAGTATTTACCCCACTGAGAATAGCGAGTACATTGTCTCCTAGACTGATTTCTGTATCGTTTCCATTGGCAGTAATAGACAGTTGGTCGGCGGTAATTTCCTCCGTTAAACCAATCAAATCTATTCCCAGTTCAAAGTCAACAATAGTATCAATTCCTTCACCTTCGGCGAGGACAAACCTATCCATTCCTTCACCGCCAGATGAGTCATCCCCAGTTAGCGTATCACTGCCCAAACCGCCTCGCAATAGATCATCGCCATCACCTCCGGAGATCAGGTCATTACCCAACTCACCCGCTAAAACATCATCACCTTCTAAACCTTCGATAACGTCGTCTTCTGTGCTTCCAACGAGGGTATCATCTCCGCTCGTTCCGACTAATACATCATCATCACTATCATCATTATCACCATCATTATCATCATTATTATCATCATCGCTGTTGTCTCCTTGATTGAGCAATACCGAGACTTCTTGAGTGTAGGAGGAATCAGGTTGCGCCAAGTCTAGATTACCATCTCCGTTGAAATCAGCCAAGGTGAAAGAACCAAAACCATTTCGTTGGAATGGAGAGTTCTCGGCCGGATTCAAATTCCCTTGCTCATCTCCCAGTAACACGGTAATCTGACTACTTGGATAATAATCAAAAAAGTTATCGGAATTGAGTGCGGCATCGAACTGACCATC
NZ_CP178543.1_gap126	5434916	5439348	4432	TTATACCCCGATTATTGAGCGTAAGTATGCCGATGATCCCAGTTTACCTCCGGTTCCGGTGGTGATGACCGATCTCAGTTCGGCGGAGATGGTCAAATATGCGGCGAATTCTTTCTTGGCGACCAAGATTAGTTTTATTAATGAAATCGCCAATATCTGCGATCGCGTCGGGGCGGATGTGAAGCAGGTTGCCAACGGGATTGGTTTGGATTCTCGCATCGGTCAAAAGTTTTTACAAGCCGGTATTGGTTGGGGCGGTTCTTGTTTCCCGAAAGATGTTTCGGCTTTGATTCACACCGCTGATGACTACAATTATGAAGCGCAGTTGTTAAAGGCGGCGGTGGAAGTTAACAATCGTCAACGGTTAATGGCGGTTGAAAAGCTACAGCAAATGCTGAAAATTCTCAAGGGGAAAACGATTGGATTGTTGGGGTTAACGTTTAAGCCTGATACTGATGATTTGAGAGATGCTCCGGCTTTAAATATTATCGAACAACTCAATCGTTTGGGGGCAAAAGTTAAAGCTTACGACCCGATTATTTCTCAAACCGGAATGCGTCATGGTTTGTCGGGTGTGATTGTTGAAACCGATCCGGAATTGTTGGCTGATGGTTGCGATGCGTTAGTTTTGATTACCGATTGGGATCAGTTTAAGAATTTAAACTACTCGAAAATGGCGAAGTTAATGCACTCGGCTGTATTAATTGATGGTCGGAATTATCTCGATCGCAAACATTTAGAAGAAGCTGGATTCCAATATATCGGCATCGGACACTAACTAAATTCTTGGGTTTGACAATCGCATTCAACAAACAATAGACGGGAGAGATTGAACCTCTTCCGTCTCAATCTTCTCAAATTTTTCCGGAGATTGTGTCGCTCAAAATGTCAAGTCTTTGCTCGTTTATAAAATTGATGAATCTAAAATTTATCAATCCCGGGTTTATTTATTCCCGAAAACTGCTCAATTCAATTGAGAAATTTAATAATTTCTCGGTCAAACTTAATGCGTGTTGAACCTTGCTGTCTGGCGTTGCTGAAGATGATTTTACCGGAAATCGATTCGCAACGGGAAGGAATTTGTTTTGATATTGGTGTTGGAACTTTTGCGTTTTATTGCGAATTATTTGCTCAATTAAAGTTCACTACAGTTGCGGTAGAACCTTTACCCGTCCCCAAGCTTTATAAACTCTGCAAACGGTATCCCATTACCCTGATCGAGAGTTGTTTATCCGATCGCAACGGAACTCAAACCCTTTACCGGGGAAAATTTGCCAATCTTATTAATTCTAATTTTAGTTCTCTTTCTCCCAATTGGTTTGGTTCTTCGGCTTCTATTCAAGAAGTGAAAACCCTTGATTTGTTGGCGCTTTTTTCATCGGTAAATGCTCAAAAAATTACTTGCTTTAAACTCGATATAGAAGGCTGGGAATCGGTGATTATTAAACAATTTTTGGACTTACCCGAACATCTACTTCCCAAAGTGGTGATGTTTGAATATGGGGGAGGTAGCCGTCGCTTTAGCGGAACAAAAGGTTGGTCTTCTCCCTTTTTAGAGGGGACGATGAAAAGTCTACACACCTTACAGGACTGTGGCTATGGCTTCAGTATTATGATAGATTATGCGGCTAAGACTCAACCCAAAATCTTTGACTTGCGATCGCTTTCTTTGGATGAAAATACTCTCTTTTATCCCAACGCCGTCTATGGAAATATTATCAGTTTTTACAACTGTTTCTACTCGGAAACCGCAGTGAATCAAATTTGTCAGTCCTATACCGGCAATATTATTCATTGGTTTGTGGAAAAATTTCTTCTCAGCTAACCCCAAACCCCCATTTATCCCAATACAATATCATCCAATGTCAACGTTTCATTATTAATTTTTGATAACTCGATCAATTCTTCGCCGGTTTGTGCTATAGTTATAATGAGAGAATGTGCGCGCCTATAGACCCCCAACTGTTCCCGGAGTAACCCCCCATCGAGAACGATCGCATCGGTTCCTATCTCAAAGTCAATCACCAGATCCAAACCGCGACCGGGAACAATAAAAAAGCGATCGCGTCCTTCTCCACCGGACAAGGTATCAAAGCCTTCCTCTCCTAGCAGCCAGTCATCCCCGGAACCTCCATCAAGGCGATCGTTTCCCGAACCTCCATCGAGGGTATCATCCCCGAGATCGCCAAAAATTTGATCATCTCCCGCATTTCCATCAAGCCAGTCATTTCCTCCACCGCCAAACAGGATATCATCATTTTCGTTACCCGAGATCGTATCCCGACCCTCATTTCCCCAGAGGGTATCCTGACCCTCGTTTCCCTCGATCCAGTCTTCTCCGAGGTTTCCCTGAATATAGTCATCATCGGTTCCCCCTTGGAGGGTATCTTGATGTTTTCCCCCGTAGAGGGTATCCTGACCCTCATCTCCCGACACATAGTCTGATCCGCTGTTTCCGTTTACCCAGTCATTACCGGAGTCAGCAAAAAGGCGATCGTTTCCCGAACCTCCATATAAACGATCTTCTCCATTTTTACCCCAAAGATCATCGTCTCCCCTGTCTCCAAACCCTTGATCGTTTCCGAAACCCATTTCGAGAGTATCGTTTCCCTCTCCACCGTGAAGGGTATCATCTCCTTCGTCTCCACTGAGGAAGTCGTTATTTTTATTGGCGATCGCAATATCGTTACCTTTACCCGCAAACAGGGTATCTTCCCCGAATAAGCCAAAAATTTGGTTATCTGCGGATGTTGCGATAATCCGATCCGAACCGTTTGTCGGAACTGCGATCGCAATATTATCTGATTGTACATCTAATTGTACATCTAAGGATCGTTTTGGCGCTCTAATTGCTGGAATGTAAGCAGTTAGATCGAACACATCCGATAAACGGGGAACTTCTAAAACTGGAGTGGGAGTTGGGAGTTGGGAGTTGGGAGTTGGGAGTTGGGAGTTGGGAGTTGGTTCAATAGTTTCTTCAACACTCGGAGTTGGAGTTGGTTCAATAGTCGGTTCAATAGTTGGTTCAATACCCGAAGTTGGAGTTGGAGTCGGAGTTTCTTCAATAGTTTCTTCAAAACCCGAAGTTGGAGTTGGAGTTGGAGTCGGAGTTGGAGTTGGTTCAATAGTTGGTTCAAAACCCGAAGTTGGAGTGGGAGTTGGAGTTTCTTCAATAGTCGGTTCAATAGTTGGTTCAATACCCGAAGTTGGAGTCGGAGTTGGAGTTGGAGTTATTTCAATAGTTGGTTCAATACCCGAAGTTGGAGTCGGAGTTGGAGTTATTTCAATAGTCGGTTCAAAACCCGAAGTTGGAGTTGGTTCAATAGTTGGTTCAATAGTCGGTTCAAAACTCGGAGTCGGAGTTATTTCAATAGTCGGTTCAATACCCGAAGTTGGAGTCGGAGTCGGAGTTGTTTCAATAGTTGGTTGAAAACCCGAAGTTGGAGTCGGAGTTGGAGTTATTTCAATAGTCGGTTCAATAGTTGGTTCAAAACTCGAAGTTGGAGTCGGAGTTGGTTCAATAGTCGGTTCAAAACCCGAAGTTGGAGTTGGAGTTGGAGTCGGAGTCGGTTGAGAAAGAACTGCGAGAGTAAAAGTATCAGAAACGAGACTATTATTTTTATCGATAGCAGTAACTTTTATTTGTAGTTCTCCGACATCTTCCCGACGAGGAACCCCAGTAAACAAACCCGTAGACTTATTAAAATTAAGCCAAACCGGAAGTGTAGAACCCTCCTCCAAAGTCGCATCAAAACTCAGAACATCATCCGGATCGACATCTTGGAAACTATTGGCGATATTCAGACTAAAATTATGATTTTCTTCGAGAGTCTGATCCGCGATCGCGTCTAAAAGTTCGGGAGGATCGTTAACCCCGTTAACCGTTATCGTTACCGTAGCGGGAGACGAAATATTATTGAAATTATCGGTAACAGTATAAGAGAGGTTATCGGTTCCCGAAAAGTTGGAGTTGGGTGTATAAACAATTTCTCCAGTCGTTGTCTTAACCCTCGCATTTCCAAACTTGGGAAGTTCGACTAACGTTATCGTTGCGGTTTGAATACTATCATTTTCTAAAATAGCAATATCGACAGACTCATCCTCTTCTGCGATCGCCGTATCATTCTTAACGACTATCATCTCATCCCCCAGAATATTAATAGTTGCTATCTCCGGTAAACCCAACGTTAGTTTTGAGTTGGGGTTCGGGTTGGTGAGTGCAAAATTAACCGTTTCATCTGCTTCTATCTCACGATCATCTATAATAGGAACCCCGATGGCTTTTTGGGTTTCTCCGGGATTAAAAATAAGCACCCCGCGAGTCGGAATATAGTCTATTTCTGCGGTTGCGGTTCCTCCAAACGTGGTATAGTCTATACTGACCGGAAAACTAACCGAACTATCGAGATTAACGATAATTTCAACGAGACCC
NZ_CP178543.1_gap127	5441531	5445312	3781	ATCGATCCGTTCCATTGTAAAACGAACTGAATTTTTGTTGTATCCCGCTACCCAACCCCCACCATCCCCATTAACAATATCAATAATAGTCCCATCTGGAGATTTTAACGTTAGCGTTTCTCCCTCATTATTTAACCCCCCGGTATAAATCAAGTCGGCCGTGATATTATTAATAGTAGTCTGGTCTGTTCGTTCGAGTAATAAATAACTTTTGGGTTCGATAATAACTCCATTCGGAATTGTTTTGTTAATAGGAACACCACCATTTCCCTGTAAAGTCCAACCGCTTAAATTAATGCTTGTTTCACCGGGGTTATAAAGTTCTATCCATTCATCATTAAAGCTATTCGGTGTTCCCATCCAAGCGATTTCATTGATGACAACGGTTAGAGGCGAATTTTGTTGGTTTAAAAGGGTGTTTTCAGGCATTTTTTTGTGGTATTTATTTATATAAATCTGGGCTTATGTTGATAATTATGATTGTTTGTATTGTTGTTTTTTATAATATTTTGATGAAAATTTAGTTAAAAAATATCAACAATATCAATATTGTTTGATGACTCTAATAAATTTTGTTTTAAATTCAGTCTCGAATCAGCAACAAAAAATCTTGATAATAATAAGGGCGAATTCGAGCAAAATCCGAGAGAAAAAACCCCTTTAAAGCTTGATTTATCATACCATCAAGCTTGTAAAAATTTCAAGTCAAAGTCTGAAATCAACTCAAATTGAAATAATAGGGGTTGTGTTATATTTTATTGAATAATTCTAAGGTCTAACATAGCGCAAACGGGCAAGAAAAGAGGGACGTTTAAGCAGAGTCACCGCTTCTTCTAAAGGCAAAATTCTGACTTTATTATTATATAAAACATTCACCTGATAAACCTGCTTATTGGTGATATCGAGTCCGGTCAACCAACCACTTTTAGCATGATAAACGCCGGTATCAATGCCCAACCATCCCTGTCCTTGAACCAAAGACCCCGGTTCTATCCCATCAAAAGTAAAAGTAATCGTATGACCAATAATAATCAATTTATTGTTAAAATAGGGTTTAGGAATCTTATGAAATTCTCGTCTGATCCAGCAAAATTGGGCTTCTGTTTGTTGAGAAAGGGGCAAATAGGGATTAACGCCGGCATGAACTAACCAGACATCTCCCAAGTCTAAAAAAACGGGAAGTGATCGCATCCACAGGAGATGGTCGCGGGGCATCATACCCGCTTCTTGATAACTGGCAATAGTTGAATGTCCGCCGCTGTAAAGCCAAGCCTGCCAAGCTTGAGTATTTTTTCCAACTTCCGGTAAAGCATTTAACATCAGTTGTTCGTGGTTTCCCATCAAACAGCGATAGGGACTATTTTTGACAAACTCGACAACCTGGGCGCTTTTCGGGCCGCGATCAACTAAATCTCCGAGAAAATAAACCCGATCCTCCTGTCCGGGATCAAGTTTTTCCAGGAGCGTCATCATACCATCATAATGCCCATGTACATCACCAATAATCAGGCGTCGGTTTGGCATTTTTTTCACCGGGGTTGCTCAAAAATCGATCGAGATCTAACCTTATCGACTAAGGGCGTTGAGAAAGCTTTGTAGTCCAGCCAGAAAGCCTTGTTTTTTCGGCTGTGGCTTTGAGGACTCGCCGGAGTCACCCTCACTCGGGCTGGTTCCTGCCAAAATTTGATCGAGTTCATCTCCGACAGGCTTAGTTTCTTGTTCGGCGATAATCTGGTATTGTCCGTCAATTTCTTGCCAAACTTGCCACAAAGAAGGATAACAGCGATAAAGTGCGGCATCTCCTTCTAGGGGGCGGAGATAATAGCAGGTGGAAATCCTATTAATAAACCGATCGCGCAAGGCGCGAGCAGCATAGCCTATTCCTATGATAGCAACATCTTCCAAGCGGGGATTGAGTAAAATCGTAACGCGATCGCAGGCCAACTGAGATAATTTTTCCACCTGTTCCACCTCAACCGGAGTTGCAGAAACCACCAAGAAACGGCCATCATCGTCTTGAAGACGGGTATCTATCGGCGATCGACTGCTTCCGAGATCGCTAATTCTAAACGGGACTTCTCCCCAGTCTCGACGGGCTAAAGCGGCGGCGCCCGCATCGGGAAAAAAGACTTTTAGAACAGTTTCGGGTTCTTCAATAGCGGGAATAAATTGTTGAGCAATGGTTTGGGCTTGCAGTTCAATTTCGGGAAAAACTAACTCGACTTGCAGCAGTTTGTAACCGTCATCGAGAGCGGCTTGGGTGGCTTGTTTTGCCTGTTCGACTGCTTCTTCTATGCTTTTCGGTAATTGCGTCATTTTCGTTCAAGGTTTGCCCAGAATCTTGTTATAAATTCAATTTCTTTCGGTATTGTATCGTAGGATGAGCATTGCCCATCCTAGTACAGTTTAAACCGTAACAACAACAGCTAACGGTTTGAGTCGCTGAAGAATTTGTTTCAACACCATCGCCGTCCAGTCAATATCCGCTTCGGTGGTATTCCGTCCCAAGGTTAAACGTATTCCGCCCAAAGCGGTTTTTTCGTCGTAACCCATCGCCAATAAAATCGGACTGGGACTCAGTTTACCACTATGACAAGCCGAACCCGCACTAATACCAATTCCGGCAAGATTCATTTGTCTGACTAGGGTTTTTCCGGTAACGGGTGATGAACTTTGATCGGTTTGCGGCTTTAAACAAAAACTGACATGATGGGGCAGTCGGTGAATGCGATCGCCTGTGGGAATTAACGCCGGCACATCGGCCATTAAATCAAATAAGCGATCGCGAAGTTGAATTAACCGGGGAGTTTCTGTTACCATTTCCTCTAAAGCGAGTTCTGCGGCGACTCCCAAGCCGGCAATCACCGGAACCGCTTGAGTTCCAGACCGCAACTTCATTTCTTGACCGCCCCCGCCTAAGAACGGTTCTAACTCAACTCCGGGTTTAACATAAAGGGCACCGCTTCCTTGAGGTCCATAAAATTTGTGACCGGACAGCGATAATAAATCAACAGGTAAACTCTGTACATCGATCGCTATTCGTCCGGCAACTTGTACCGCATCGGTATGAAATAATATCCCCTGAGAACGGGCTATTTTCCCCAACGCTTCGACGGGTTGCAAGCTGCCGATTTCACTTTGTCCGTAAATCACCGATACTAGAACGGTATTGGGTTGTATTGCCGCTTGCAAGTCCAACGGATGAACTCGCCCCAAACCATCCACCGGAAGACGGGTGACTTCCCATCCCCATTTTTCCAGCAATTTTGCAGGTTCAGCGATCGCCGAATGTTCCACACTGGAAATAATCAGATGTTGGGGGGTAGAATAACATCGAGCCACGCCCATGATTGCCATATTATTGGCTTCAGTCCCCCCCGAGGTAAAAATAATCGATTCTGGAGGGGCGTTGATCAAATGCGCGACTTGGCTTCTAGAACGTTCTAACACCGTCGCCGCCCTTTGACCCCATTCGTGTAAACTCGAAGGGTTCCCCCATTGTTGCGTGAGAACCGCTTGCATGGCCGCGATCGCTTCTGTACGGGTGGGGGTGGTTGCGCTATAGTCTAAATAGATTTGCATGGGTTTGTTGGCTGGTTTAGCGTCTTGATAAATTTAGCCCGATCCAAGCTTCAAAATTCGGGAAGTTCTCGGGAACTGTGAAGCCTGTTGATTCGTCTACAATTGGGTTGGCTCAGTCTCCTGGCTTGCAAACGTTGTAGTCTTCGTGAGATAGGATTTTTTGCGGGACAACAAAATTACCGCTATCTTGGCAGAGCAT
NZ_CP178543.1_gap128	5451603	5454204	2601	TTTGAGTTTGTGAGTTTTGTTACCTTGTCTAACTCCAGAGTAGAAACCACACCCCCGGTAGAGAACAATTCCGACTCAGGCGTGCTTAGTCCTGAACCGGACGCCTCCATGCAGGAGTATTATCAACTCCAGATGGACTTGTTAATCCTGACGGTTATATTGACCGGCGTGATTTTTGTGACGGTCTGCTTTTTTTATCCGCTCAAGATTGCTCTAAATTATTTATTAGGAGCGGTTGGAAGTGTGGTTTACTTAAGAATGTTAGCAAAAGACGTTGAGAAACTGGGTAGACAGCAACAACGTCTGAGCAAAGCTCGGCTAGCTATATTTATTGGGTTGATTGTAGTTGCAACTCAATGGAATAGCTTGTCAATTCTACCCATATTTTTGGGATTTCTGACGTACAAAGCTGCGCTCATTCTGTATGTGCTGAAATCAGTACTGATGCCTGAGAGCTAATGAGTTGAAGGCAAAGCCAGACTTGGGTTCTGTATATGTTCGGGGAAGCCTTTTGAATGCAAATGCTTGAATTTTTCAACGCTATTAACTGTTTTCCCCTCGCCAGTTTGGAAGTGGGCCAGCACTTCTACTGGGAACTGGGCAATTTCAAGGTTCACGGACAAATATTCCTGACCTCTTGGTTTGTCATAGCCGTGCTGATGTTGGCTGCTATTTTAGCATCAACCAACGTTCAGCGTGTTCCCAGTGGAATGCAGAATTTCATGGAATATGTCCTGGAATTTGTTCGCAACCTGGCTAAAGACCAAATCGGGGAAAAAGAATATCGCCCCTGGGTACCGTTTGTTGGTACATTATTTTTGTTCATCTTTGTGTCGAACTGGTCAGGTGCGTTAGTTCCCTGGAAGCTGATTGAGCTACCAGCCGGAGAATTAGCGGCTCCGACGAGCGACATCAACACAACGGTAGCCCTAGCCCTGCTAACGTCGGTGGCGTATTTCTACGCAGGTATGAGTAAAAAAGGCGTGGTCGGTTATTTTGCTGATTATGCCAAACCCGTACCCTTTCTCGCCCCTTTCCGGGTGATCGAAGATTTCACCAAGCCTCTTTCTCTGAGCTTCCGTCTGTTCGGTAACGTGTTGGCGGATGAATTAGTTGTAGCGGTGTTGGTCTTTCTGGTACCTCTATTTATTCCATTGCCGTTGATGATCCTGGGTTTGTTCCTGGGTTCGATTCAGGCGCTCATTTTTGCCACTCTAGCAGCGAACTATATTGGGGAAGCTCTAGAAGGGCATGGTGAAGAACATCACTAACTAAAGCGAAACTAAGAGTATAACTCGGAATTCTTAGCCAGTAGAAATACTGCTGGTCAAAGAAAATAGTGTTCGCCAATGTATTCTCTTGAACTGTCAATTTCGTTGTTTAGATAAGGAAATCATTATGGACCCGTTAATCGCTGCTGCTTCCGTGATTGCTGCTGCTCTAGCTGTAGGTTTAGGTGCAATTGGCCCGGGTATTGGTCAAGGAAATGCGGCAGGTCAAGCTGTAGAAGGGATTGCTCGTCAACCCGAAGCCGAAGGAAAAATTCGCGGAACATTGCTGTTGAGCTTGGCATTTATGGAAGCTCTGACCATTTATGGTCTGGTTGTTTCTCTAGTGTTGCTTTTTGCTAACCCCTTCGCGTAAAAAGTTAGGAGTTTAGGTTTTAGAGAGGCGGGATATTCTTCACCCGAAAATCTGAAATCTAAACTCTCAAACCAGACAGCATGGGAACCCTAGACACAAAAACAAATGATGCACTGGACGACGACGATTTTATTCGCGGTTGAAGAAACAGCCAAAGAGGGGGGACTCTTTGATCTCGATGCGACCTTGCCTCTGATGGCAGTACAATTTTTGCTCCTGGCAGTCATTTTAAACGCGATTTTTTACAAGCCACTCGGAAAAGCAATTGATGAGCGTGCCGAGTATATTCGAGAAAATAGACTGCAAGCTCAAGAGCGATTAGCCAAAGCCGAAAAGTTAGCTCAACAATACGAGCAAGAACTGGCAGAAACCCGCAAGCAAGCTCAAAACGTGATTGCCGAAGCTCAAGCCGAAGCAAGAAAAATCGCATCGGATAAAATGGCTGAGGCTCTACAAGAAGCCCAAAAGCGAAGAGAGCAAGCTGCTCAGGAAATAGAGACCGAAAAGCAACAAGCTTTACAAACTTTAGAGCAACAGGTTGAACCCCTCAGTCGGCAAATTCTAGAAAAGCTATTAGGACCTGAATTGGTGAGATAATCGTCAATTTTTTTGGGTCAAACTGTTAGCAGCGCAGTTATGAGAAGAACATCATGGAGACGGTAGTATTACTCGCGACCGAGGCAGCCTCTGAAGGCGGTTTTGGCTTAAACTTCGATATTTTAGAGACCAATCTAATTAACCTTGCCATTTTGATTGGAGTTCTAATCTTTTTTGGACGGGGTTTTTTAGGGAAAATCTTGAGCGAAAGACGAGCCAATATCGAGCAAGCAATAGCTGATGCAGAGCAACGTCAAAAGCAAGCGGCTCAGGCGCTCGCCGAGCAACAGCAAAAGTTGACTCAAGCCCAAGCCGAAGCAGAACGAATTCGAGCCGAAGCTCAAGAACGAGCCAAAGCCG
NZ_CP178543.1_gap129	5464987	5467118	2131	GTTCGGCTGCGGTGGGTTGAGTGGCACCGACTTCTTTACCTTGTTGTCGGTTCACCCAAACGGTTTTTAAACCCATTTGTTTGGCGGGTGCAATATCGTGATATAAACTCTGAGCAACGTGTAACAGCTTATCGGGAGAAAGTCCGATTTTTTCTAGGGTAAATTCAAAATTTCTCAAAGCAGGTTTATAAGATTTTACCTGTTGGGCGGTGACAACTTCATCAAATTCTACCTCTAAATGTTCGGCTGTTTTCGCAAACAAATCATCATCAATATTAGAAATAACAACCAAACGATATTTTGGCTTGAACGCTTGTAACGCTTCTATCGTATCCATAAACGGTTGCCAAGTATCAATGGACTTCCACAAACTTTCTAACTCAGAAATTGTCGGTTCAAACTCCAACCGTTCCCCAATGTTTTGTACAACTTCCCGCAAAACATCTTTATAACATTGATATTTTCCACTTTGAGCAATTGGCTCGTATTCAGAAAAAAACTTTAACAATTGTTCTTCGTTGCAATCAATTTGATGGTCAGAAACGATTTTTTGTAAAACGGGAGTAATTCCATTTTCCCAATCAATTAAAGTCCCGTAACAGTCAAAACTTAAAGCCTCAAACTGATTAAAATCTAACATCTCCAATTTCCTCAACTCTGATTATTTTACTTCAACCACGCTTGCCAAGCCCACCAACTTTTAACTAAATTTGCCCATTCAGCATAACCAGCTAAACGGGGATGAGCGCCATCATAATTTTCAACTTCACTCATCCAAACCCAAGAAGACTTTAAGGGTATAAAAACATCAAGATAGGGAATATTAACCCGCTCACAAATCAACCGCATTTGTTGAGACAATTCACCAATTCTCTGATTTTGTTCAACATCTGCAATGGGTGGCGGCCCAATCATTAAAACCGGGAAACGAGACAAAGCTACTGTTAAAATTTGACGGGTATTGTTGAGAGAATCTAATAAACTAACGCGAGTTTTTCCCCGTTCTATCGTGGTATCATTGACCCCAAAAGAAAAGACCAATCTGCTATCATATTCTGGGGATAAACGACAAGAAACTTCCGCCAACCAACGTTTAAGAATATCCGCACTGGTTTCTCGTCGGATGCCCAAATTGTAGTAGGTAATTTCATCTTTATATTGATAAGCATCAACACAAATTCGACCCGTCCATCCCAAACAACTCGGATCGCCCACACCATTAACAAAAGAATCACCCACAAAACAAATTCGCATCTGTAAGTTTCAAGAATTAGAATAAACTTCTTCCGGTAACAGACAGACCTTCAACCGTCAAAGACGGCGTACAACAAGACCCATTCCAGTCGGCATCTTCTCCCACTTCAATCACCCGTTTGAGAGCGGTATAAACATTTCCTGAAACCATCGTATTCTTAACTCTGCCGACAATTTCCCCCCGTTCAACCCGATAACCCAAATCGACATTAATCGAAAAGTCGCCGCTAATTCCCGCCCCTCCACCTAACATTTGATCGATAATTAATCCCCGATCTAGATTTTCAATTAAATCTTGTAACGTTCCCTTACCCGGTTTAACCAATAAATTAAATAAACCCGGCGTCGGATAACTATTTAAACCCGCTTTAAAACCATTTCCCGTCGTACCACTTCCCAAAACCCGACCCGTACTTAAATCGGTGTAAAATAGCTGCAAAACGCCATTTTCAATAAAAACAATCGGGCGAGTTTGTATTCCCTCATCATCAAACGGACAACTAAACGGCCCCTCATCCGGCGCCTGATAAACCGTCAACAGCGATGAGATTACCGGGGTTCTCAGGCGATCGCTCCAAGGGGAAGCGCCTTCTAAAACCTGTTTCCCACTCAACGCCGCCGCCACCGTTCCCCAAAGCATATCCGCCGCTTTCGCCGTGAACAAAATCGGCACCCGACCCACAGGCGGCTCGACATTTTCTTTGGCCCAATTTAACCGCTTTAAAATGCGTTCGGCGATCAAACCCGGATCGAGAGTTCCCCGCTGAGTTTGACCGTCTGATATACTCAGAAAATCATCTCCGCGCACCCATTCGGTTTCCACATAACCGCTGAGGGTTGTATCGGTGTAGCCCGAGTCCAAGCCCCGAGAATTCAC
NZ_CP178543.1_gap130	5476369	5478256	1887	CGACTCGATAACCGGCTATTCGCGCGGCTTTACCCGTACCATCTTCTGCGGCTACCACAGATTCCATCATTTCTAAAACGGTATTGGCCGTTTGAGAGGAGAAAACTTGCCGAGATTCGGGTAAAGAAACTTCCCAATAAAGCTGTCCTTTACTATTATATAATCCCTTGACCACATGAGGAGTAACTAATTTTCCGCCATTGGCTAAAGTTGCATTGAGTTGAGCCAATTTCAGCGGTGTAATGGAAAGCCCCTGACCAAAAGCTGCCGTCGCGGCTTCAACGGGAACATTCGCAAATTGATGGCGGGTTTTTAAGGTACTTGCCACTTCAAAAGGCAAATCAACCCCAGTGATTTCTCCGAGTCCCAATCGTTTTAATCCCTCATAAAAAACCTCGGGTTCCATCTTTTGAATAATCCGAACCATACCAATATTACTCGAATATTTAATAATATCGGTAATATTCACCGAACCCCGAGTTCCGGTATAATAGTAATCGGCATTTTGAATCGTCCATCGACCCATTTGAATCCGACCTTCATCATAAATCACCGTATCGCTTTGAATCGCGCCTGCTTCTAAAGCAATCGCAACATTAATCGGTTTAAAGGTAGAACCGGGTTCGTACAGGTCAGATAACGCCCAATTTTTAAAGTTTTCAACATTCGATTTCCAATACTGATTCGGGTCGTAGGATGGCTCATTGACTAAGGTTAAAATTTCCCCATTGCTGGCATCCATGACAACCACGGTAGCGCGTTTGGCTAAATTTTTATCGACACTTTCTTCAAGGATTTTACGAACCATTCTTTGTAGACGAGTATCAATGGTGAGTCGCAATTCTAAATCGTCTACTTGAATAAACCCGGAGGCGAGTTGAGTCGGCACCCAATTTCCATTGACTGAACGTTGAAACTCCAAAGAAGGCATTACCCGTTCAAGTAATTCTTGTTGACTGTTTTCGACACCGGCTTGACCTTTGCCTTCGCTATCGACATAACCGACAATATCCGAGGCGATATCTTGTTGGGGATAAAGGCGCTGTCGCTGTTGAATCAGTTCTAATCCATCAATGCCCAAGTTGGCGATTTTGTTGCCGACTTCTTCGCCAATGGACTCGGCGATTTTAATGCCACTTTCTGCTTGATTAAACTGTTCGAGGAGGTCGTTGGGTGTGGGATTGGTTAAATCATTAAAGACCAAGATCGGGGATAATTTTTCGGCGATTTCAGCCGCAGATTGTTTAAATAATTTTGGATGAGCGTAGAGGGTATAAACAATTTGGTCGATGGCTAAAATATGACCGTTGGCATCACTAATTGGACGGCGAGGAACAAAAGGAAGATCCCGCTGGCTTTGTTGAAATTGGGCTTGCTGTTTGAGCATTGGCCCCATCGTAATTTGAACGCGAAATAAATTCACCGACAGTCCCAATAATCCCCCGAGCAGTATCAGCCAAACCATTCGCAAACGGGAGGATTTGCACCTTTTAATTTTGGGGGGTTTGCGGGGAATGGGTTGTTGAAGCTCCCGAGGATTTTGAGGAGGGCGAGGATTTAAACCCGAAAATCGAGAGGGGAACCGAACAGGTTTTTCTGTCGGTACCCAACGGGGAAAACGGCGTCGATTCTGACGGGATCTCGAAGAAAGGTCGGAAGAATCCATGATAATCAGTAAACAGTAAACAGTAAACAGTAAACAGTAAACAGTAACCTCAATCGTGAACAGGTGACAGATGACAAGGAAAAGAACTGATAACTGATAACTGATAACTGTTCACTGTTAATATCCTAGCGGTTTATTTGGGGTAGTAGTCGGACTGACATTGAGTTCGAGATTGGGAATGTCCGCCGAGACTTCGGGACGGGGAGGCGCCGGACGCAAAA
NZ_CP178543.1_gap131	5548743	5549972	1229	CAGCGAGAAGGAGCAAAATTCATTTCCGACCTGACAAAAGAACGAGAAAAACGGAAACAACTGCAAAAATGGTTTACCGTTGGTTCGGTTATCGTCAGCGTGGTGATGGCGGTTCTCTCGGGAACGGTAATGTGGAAATGGTGGGAAGCCGAAGAACAAAAATCTCAAGTCGAAGAACAAAAAAGAGAAACCACTTTAGCCAAATTAAACGCCACCTATCAACTGTTGCGTTTGGTCGAAGAAAATCAACTCGATGCTTCGGTTAAAATCGTCAGAGCGGGTCAACAATTACAACAGATTGATCGAAAAAACTGGTCGGAAACCGAACAAGAAACCCGGCGTCATTTGTGGAGGGCGGTCTATTTTACCGCCGAACAAAATCGCCTAGAAAATCATCAAGATAGCGTTTTAAGTGTCAGCGTTAGTCCTCAGCGTTTAATTGCTTCTGCGAGTTCCGATCAAACGATAAAATTGTGGAATAAAAACGGTAAACTTTTAAAAAATTTAAAGGGTCATCAAGATACAGTTTGGTGCATTAATTTTAGTCCAGATTTATCCCCAGATCGTCAAATTTTAGCTTCCGCGAGCAAAGATAAAACCGTTAAAATCTGGAGTCTTGAGGGACGTTTAATGATGACTTTACGCGGACATCAAGATGAGGTGAAATGGGTGAGTTTTAGTCCGAACGGTCAGTTGATCGCATCGGCGAGTCAAGATAAAACCGTTAAACTTTGGAACCGAAACACCGGAGAATTATTACAAACATTTTTAGGACACCAAGACACCGTTTTAAGTGTTAGTTTTAGTCCCGACGGTCAATTGATCGCTTCTGCGAGTCAAGATAACACCGTTAAAATTTGGAACTTGGACGGAAAATTAATTCAAACCTTAAACGGTCACAATGATGAAGTTTGGACGGTAAATTTTAGCCCCGATGGAGAACTGATCGCCAGTGGAAGTGATGACTATACGATAAAATTGTGGAAACGCAACGGTTCGACTTACGAGATTTTTAAAACCTTAAAAGACCATCAAGCGCCGGTGAATAGTATTAGTTTTAGTCCCGATGGTCAATATATGGCGTCCGGGAGTAGCAACGGTGAAATTAAACTTTGGGCCGGCGATGGGACCTTAATTTCCACCCTCATCGGTCATGGCGGTGCGGTTAACCAAGTCACCTTTACCCCAGACAGTCAAACCCTCGTTTCTGGGAGTAGCGACTGGACGGT
NZ_CP178543.1_gap132	5555843	5556799	956	CATTATTCGCAATAATAGCCGCTACGATGTTTACAACGCCACTCGCGGAAATACGCTGTTGGCCGTCGGCAATGAAATTGATGAAAGTCGCATTTCCGGGCCGGTGGAGTTTGTGGCGGCATCTGTCAATGCACCCGATGTTAATCTCAATGTCGGTACTTTATCGGATTTGCGGGGGCATTGGGCGCAACCTTATATTGAGGCTTTGGTCTCTCAAGGGATTATGTCGGGTTTTGATGATGGTTCGTTCCGTCCCGATGAACCCATTACTCGCGTACAATTTGCGGCGATTGTACAAAAAGCTTTTTCACCCACTCCCCAACAACCGGCCGGTAATTTTAGCGATGTTTCTGCCAATTTTTGGGGATACAATGCCATTCAAACCGCTTACCGGGCGGGTTTTCTCACTGGCTATCCCGATGGTCAGTTTAAACCGAATGAACCCCTAACTCGGGTTCAGGGTATTGTCGGACTTGCCAAGGGTTTGGGTTATACTTCAGACAATACTAACGTTTTATCCGTTTATCAAGACCTCAATCAAATTCCCAACTGGGCTTTACAAGCGGTTGCCGGCGCCACTGAAAACCAATTAATTGTTAACTATCCTCAACAAAATCAGTTAAATCCCAATCAAGTCGCCACCCGTGCCGATATTGCCGCTTTTGTTTACCAAGCCCTTGTTAACAAAGGAAAAGCCCAGGCCATCGATTCTCCCTACCTCGTTAGCAATCCCTAATTACAGATTTATACCCCAAAAACCCCAAAAAACCCGGTTGATCACAGAAACCGAGTTTTTCAGCGTAAACACTGGTGATATGATATCCGACTAATCAATATCCCAAACGTAGGGGCGGGTTCGACCGCGAACTTTACTACTACTCACAGATTGAGATAAACCCGCCCCATCCCATAACGATATTAATCAACCCGATATTATATGAGGCGGTCACTGAAAA
NZ_CP178543.1_gap133	5557902	5559715	1813	CCAAAAGTTGGGCAGTTCCGTCTGATGAAATAGGGCTTCATAACTTTCGCGCAACGCCGGACGGACCCGCTTGCGTTCGGCTGATGCACCCCAATTTGAAGCGGCTGTCACGGTTCCGGTGTAGGTACTGAAACCAATGAGAAAAGCTTCGTGATTATATTCCTGACGCACCAGTTGACCAACGTTTAATTCCCCTGCGGCGCCCATATCCGTCGCCCTGGCATCGCCGAGGTGGGAGTTATGTTCCCAAACCACAACTTTTGTCGGCTGACCCTGCTGTTCAAAGTGAGTCACCAGTTGGTTAAGAGTTTCCGCCATGTGGCGATCGCGCAAATTCCAAGACGAAATTCGACCCCGAAACATGGAACGATAATATTCTTCGGCATTTTTGATCAACCGGGCATTTTGTTCGGCATAAAAGAACTCATCCTCGGGAATGCGACCATCCCGTTGGGCGTAGTCCGCCGCCTGACGTCGGATATCAACCAGTTGGTTAAGCACATCCTGTTCACAAGGTTTACTCAAACCAAAACGGGTCGCATATCCGTATTGTTGACTATCTTCGCCGAACTGGTCAAAACACGAATAACGGTAACGCGCCCTCGCTGCGGCTTCCGGGTCAACGCTATCGAGATACTTGAGAACCGCTTCGATAGAGGTATACAAACTGTAGAGATCCAGCCCATAAAACCCCGTTTTTACCGCATTTTTGGGTAAACTATCGTTATAGTGTCGCAGCCAGTCGATAAAATTCAACACGTCAATATTCCGCCACATCCAAGTCGGGAAGCGCTGGAAATTTCCCAAGGCGTCGAGACTGGTTGCATCGTCGCTGACACCCCGAACATAACGGTTAATTCGATAGGCGTCGGGCCAGTCCGCTTCTACGGCGACTGCGGTAAACCCTTTTTCTGCAATTAGGCGTTTGGTGATTTCCGCCCGCTGCTGATAAAATTCGTGGGTACCGTGAGACGCTTCGCCGATCAGGACAAAACGGGACTCGCCGATCGCATCCAATAACATATCGTAGTCTGTCGTTGTTCCTGAAATGGGATGTGCCGCTTGACGCAGGATTTCGGCGAGTTTAGTTGTCGTTGGCATAATCTTAATCCTCCGAATTCTAGCAAGTCGCGGGCCGTCTGTTGACAAATTGATAAAATTCAAACATTCTGCGCTGTTTGTTGATCGACCGAATGTTCCAGCAAGTCGCGCACTTCTTCGTCGCTGGTTTGGTCAAATTTGTCGTACCACAACCCCACCGCTAAAAAGGGTTGGGGGGTTTGGCTGCAAATCATTTCGTCTACTTCGACTTGCAATGAGTTGCAGGTTTCCGGCGCTGACACGGGAACCGCACCGATCATTTTTTTCGGGTTGTGCTGTCGTAACGCGATCGCTGCGGCACGCATCGAAGCGCCCGTTGCCAAACCGTCATCGACTAAAATGACTATGCGATCGCCTAATTCTAACGGTGGGCGATCGCCTCGGTAAGCCTTTTCCCGTCGTTCTAGTTCTCGTTGTTCTTTGGCTGCAACTTGGTTAATGGCGTCTTCGGATATATTCAGCGATCGCAACACTTCCTCGTTTAAAATGCGGGTTTTCCCACTGGCGATCGCCCCCCGAAGCCAATTCTTCGCGACCCGGTACGCCCAGTTTCCGCACCAGCCAAACATCTAGGGGGGCGTTTAGTTCTCTGGCGACTTGAAACGCAACGGGTACGCCGCCCCGAGGTAATGCCAGGACAATCACATCGGGACGGTTGGCATAGGTTTTCAGGTCTTTGGCGAGTCTTCGACCGGCTTCTGTTCGATTTTTG
NZ_CP178543.1_gap134	5567202	5570763	3561	ATTTGCAAAAATTGCTTCTTTCAAATGCTTTTCTGTAAGACCTAAAGCACCCGTTAGATTAGCACCCGTTAGATTAGCATCCGTTAGATTAGCATCTGTTAGATTAGCATCTGTTAGATTAGCACCCGTTAAATTAACTTTGCTGAAATTAAGAGAATCAAGCCGACGATTTTGTAAATCAATACCACTAAGATCTAATCCGGGTTTTAGTATAATTGCTCCTAACTCCGCAGGATTAACTGTCTTAGGAAAGTCTTGAAAAGAATTACTATCGAGAAAAGCGCCCTCCAAACTCACTCCAGTGAAGTCACAGGGAAAAGAATCACTATAAAAAGGAGGGGTAAATGCTGCACCTCGGAGATTAGCGTTGCGAAAAGTTGAGTGACTAAGATTACATCCATCAAAAAGCGATTTAGCAAAACAGGCATTCGTGAAATTAACTTGGCGCAAATCAATTACAGGCTTACCAAACATATTTGGCCCTTCCCACCAAACCTCAGAAAAATGAGCATTACTAAAATTAGCTCCTGTAAAACAGCAATTCTCAAACATAACTGGGTACAAATCTGTATAACTCAAGTTTGCTTCACGTAAATCACAATCATAAAAATTAGCAGCCGAATGATCTCCTAAATAGGCATGACTGAGATTAGCTCTTTGAAAGTCTACATCTCTAATCTCGGACTCTAACCTCGCATGGCTAAGATTTGCTCCTTGTAAACAAACATTTTCAAGGTTACTTATCTTGCTGTAGCTGAGGTCGGCTCCTTCTAATAATACATTTTCTAGACTTCCTATCCTGCTATGGCTGAGATTTGCTCCTTCTAATAATACATTTTCTAGACCGACTATATTGCTGTAGCTGAGATCAACACCTGTGAGATCAACATCTTCAATATCTATAAAATCTCCCCTCTCAAACTTGGCATGGCTGAGATTTGCACCTTGTAAATAAACATTATTCAGATTTGTTATTTTGCTGTAGCTAAGATTTGCATCTTGTAAATAAACATAATTCAGATTTGTTATTTTGCTGTAGCTAAGATCGGCTCCTTCTAACAATACATCTTCTAGATTTTCTATCTTGCTATGGCTGAGATTTGCTCCTTCTAACAGCACATTTTTTAGATCTGTTATATTGCTATAGCTGAGATCAACACCTGTAAGATCAATATCTTCGAGATCCTTAAATGTTCGTTGTCCCGCTTGATAAGCATCTATTACGTCTTGTCGGTTCATAGTCGTACTACATTATGTATTCCGACTATAGCACATTTTAAAGATCACAAGAGGTTTCAACTTGATGGGTTATGCTCACGCTAACCCATCCTACTTTTTAATTAGCTTCTCTTAAATTAGCTCTCGTTAAATTAGTTCTTGTTAAATCAGCACCCGTTAGATTAGCATCTATTAGATTAGCATCCGTTAAATTAGCATACGTTAGATTAGCATCCGTTAGATTAGCACCCGTTAGATTAGCATCCGTTAGATTAGCATCCGTTAGATTAGCATCCGTTAAATCAGCACCCGTTAAATTAGCACCCGTTAGATTAGCATACGTTAGATTAGCATACGTTAGATTAGCATACGTTAAATTAACTTTGCTGAAATTAAGGTTATTAAGCTGACGATTTTGTAAATCAATACCACTAAGATCTAATCCGGGTTTTAGTATAATTGCTCCTAACTCCGCAGGATCAACTATCTTCTTAGAAAAGTATTGACAATAATTACTATTGAGAAAAGCGCCCTCCAAACTCACTCCAGTGAAGTCACAGGGAAAAGAATCACTACTAAATGATGCACCTTGAAGATTAGCGTTGCGAAAAGTTGAGTGACTGAGATTACATCCATCAAAATACGCATCATAAAAATAGGCATTCGTGAAATTAACTTGGCGCAAATCAACTAGGGGCTGACCGTTCCTATTTGGCTTTTCCCACTGAACCTCACTACCAAAACGAGCGTTACTAAAATTAGCTCCTGTAAAACAGCAATTTATCCAAAAAATAACTGAGCACAAACTTGTATCGCTCAAGTTTGCTTCACGTAAATCACAATCAAAAAAATTAACACCGCTTAAATAGGCATGACTGAGATTAGCTCTTTGAAAGTCTACCCCTTCAAAATTTAACTCTAACGTCGCATGGCTAAGATTTGCTCCTTGTAAACAAACATTTTTAAGGTCTCTTATCTTGCTATAGCTGAGGTCGGCTCCTTCTAACAATACATTTTCTAGACATCCTATATCGCTATGGCTGAGATTTGCTCCTTCTAATAATACATTTTCTAGACTTATTATCCTGCTGTAGCTGAGATCAACACCTGTGAGATCAACATCTTCAATATCTATAAAATCTCCCCTCTCAAACTCGGCATGGCTGAGATTTGCACCTTGTAAATAAACATTATACAGATTTGTTATTTTGCTGTAGCTAAGATCGGCTCCTTGTAAATAAACATCATACAGATTTGTTATTTTGCTGTAGCTAAGATCGGCTCCTTCTAAATAAACAATATTCAGATTTGCTATATTGCTATGGCTGAGATTTGCTCCTTCTAACAGCACATTTTTTAGATCTGTTATATTGCTATAGCTGAGATCAACACCTGTAAGATCAACATCTTCGAGATCCTTAAATGTTCGTTGTCCCGCTTGATAAGCATCTATTACGTCTTGTCGGTTCATCGTTGTACTACATCATGTATTCCGACTATAGCACATTTTCAAGATCACAAGAGGTTTCAACTTGATGGGTTATGCTCACGCTAACCCATCCTGCTTTTTAATTAGTGTAAGAAATGACGCATTCCCGTTAATACCATGACCAACCCTAACTCATTGGCGGCTTTAATAGAATCTTCATCCCTCATACTTCCCCCCGGTTGAACAATAGCGGTAATTCCGGCGTCTGCTGCGGTTCTCACTGAGTCATCAAAAGGGAAAAATCCATCGCTGGCTAAATATCCCCCTTTGGCGTTTTCTCCGGCTTGTTCTAAGGCAATTTTAACAGAACCAACCCGGTTCATTTGTCCGGCACCAACCCCTAAAGTTGTCCGGTTTTTGGTAACAACAATGGCGTTAGATTTAACGTGTTTAACCACCTTCCAGGCTAACAATAATTCTGCCAATTGTTCGGGGGTGGGTTGTTTTTCTGTTACCACTTTCCAGTCTTGGGGATTTTCCACCGCATCGTCGGAAGTTTGCACCAAAAATCCCCCCGCAATTACTTTAACGGTTTCCGATGGCCCCTGCATTAAATCGGGTAAAATTAACACTCTCAGTTTGGATTTTTTCTGAAGAATTTCTTCGGCTTCGGGCGTACAACCGGGGGCGACAATACATTCTAAAAAGGTTGTGGTTAATGCGGTGGCGGTATCGGCATCAATAGCACGATTTAACGCCACAATTCCCCCAAAAGCGGAAACAGAATCGGCTGCAAAGGCTTTATTATATGCTTCAGAAAGACTATTTCCCATCGCAACGCCGCAGGGGTTTGTATGTTTTAAAACCGCTGCTGCGGGTTCGTCTGGAAACTCAGAAATAATCCGCCTAGCGGC
NZ_CP178543.1_gap135	5593860	5595061	1201	GCTGAGTAAGCCACACAGATCCAAGGACGCATTCCCAGACGGTAGGATAATTCCCACTGACGCCCCATGTAGCAGCAAATGCCGATGAAGAAGTGGAAAATAATCAACTGGTAAGGGCCGCCGTTGTACAGCCACTCATCGAGAGATGCAGCTTCCCAAATGGGGTAGAAGTGCAAACCGATAGCGTTAGAAGACGGAACAACAGCACCGGAGATGATATTGTTACCGTACAACAAAGAACCCGCTACAGGTTCGCGAATTCCGTCAATGTCCACCGGGGGAGCAGCTACAAATGCGATAATGTAGCAGATGGTCGCGGTCAGCAAAGTCGGGATCATCAGAACACCGAACCAACCTACATAAATGCGGTTGTCGGTAGAGGTGATCCAGTTGCAGAACCGATCCCACAGATTGGCGTTTTCGCCCTGTCTGATTGTTGTGGTCATGCTTGAATAATTGCTAAATTCAGTTTTCAAGGTTCGTTTGGTAGCGAATCAGCTACCTTGAAACTGATTGTATCAGGTCAACACACAGATTAGACTTTTGTAAAGCATTTTTGATAAAACTTTGTTTTGCTTAACATAAGCCACCCTTATTTAAAGTATAGCGCTTTGGGTAGGCAAAAGGCGCTCTTGCAAAAGGCAAGAGGCAAGAGGGGAAAGGGGAAAGGGGAAAGGGGAAAGGGGAATAGGCGCTTCTAGCAATAGGCAAGAGGGGAAAGGGGAAAGGGGAAAGGGGACAGGGAACAGTGATCAGTGGGATGGAACTCTTCACTGGTCACTGGTTACTGATCACTGGTTAGTGTTTTAACCGGGTGGCCACTGCATTTGACGGCCGCCCATAATGTGAATGTGAAGGTGAAAAACGGTTTGGCCGCCATCTGGCCCGTTGTTGATGACCACGCGGAAACCGTTGTCTAAACCCGCTTCTTGGGCAATTTGTTTTACTTTTAACAATAAATGTCCCATCAAAGCGTGGTCTTCTGGCGTGGCATCCGCTAACTTAGGAATAGGCTTTTTTGGAATCAGAATAATATGGACAGGTGCTTGGGGTGCAATGTCCCTAAAAGCTAAAACCAACTCATCCTCGTAAACAATATCAGCCGAAATTTCACGACGGATGATTTTACCAAATATTGTATCTTGATCGCTCATAGGTCTGATTTCGTCTTTCTTCAACTCTTGCATCTAACAGACAACAA
NZ_CP178543.1_gap136	5596303	5596869	566	TGGCGGTCAATCGTTTAAAGCCGGAAGAAATCACCCAAAAATCGACCGGAGAAGACTCCCAAACGGTTAGAAAACGAGTCAAAATGGGGCGAAATATTGCTCAAGTTCGGTTTCAAAATGAAGCTGAAATTCAGTGTAATGCCCAGATGCAAAGTCGTCACATTCAAATATGGTGTAAACTTGATGATTCTTGTCGTCAGCTTCTCGAAGGTGCGATTCGGAAATTGGGACTTTCGGCCCGGGCCAGCGATCGCATTTTAAAAGTGGCGCGTACCATTGCGGACTTATCCGGCGCCGATGATATTCAAGCCAACCATTTAGCCGAAGCTATTCAGTATCGGACGTTGGATCGAATGCAATAGATGTGAGGTTCAAAAAAACATCGTCCAACTCGTGAATTTACGGAGATTTGCGAGTTGGTGAATACATCCAATGTTTTTAAAGTTCCGTAATTTAAACCTTATCTATTCAGGCTGAAAAACTTAAGATAGTGCCAGGAGTCTTAAATCTATCCCAGTTGATGGACAACTGAGGCAGAATTATGAAAAGAAAAATTGATACAATTG
NZ_CP178543.1_gap137	5722063	5726893	4830	CCGCCTGGGTCTTTTATATTATTGCCTTTTTGTGCGGATGTAGTCTGTTGTTAATCTTTCAAAATCAAGCCTTTGAAGACGTTATCTTTGAAGCCGCATCCGCTTTAGGAACAGTAGGTTTATCCCGAGGAATTAGTGCAGATTTAACCGCATGGGGAAAAATCGCTGTGATTATTTTAATGTACATTGGTAGAGTAGGGCCGTTATCTTTTGGGATTGCACTATTTTATCAAAAGTCAACCGTAGCCGTCACCAAAGGAGAAGAAGATTTAGCCCTTTAAACTCAATACTAAAGTTTCTCTATTTGAGTACAACTGTTCTGAAAATGTTGTACTCAATTATTCTAAAAACATTCAACATAATCACAAACCGTTGTGGGTTCTGGGATGGGTAAACCTTCGATTTTTAATCCTTCTAAATGAAACTCAATCGCTTCTTCAATTTGCTGTTTTGTTTCGGGAATCGTTTTTCCGGTTGCCACACATCCGGGTATATCGGGAACATAAGCCGAATAATTATCCTTCGCTTTTTCAATCACAACACAATAACACATAATCATTTTTGAACTTACTACTTCCAATCTTCCCAAGAATTGTTAAAAATAGAAGTTTCCGGGAAATAAATCGGATTATCCGTTTTTTGAATGCGGTCTTTCAACACTTCTAACTGCGGTTCTTGCAACGGCAAATCATCCACCAACTCATAAGGTTTAATCCCCGTTTCTAAGGCAAAATCTGCGGTAATTCCAGCCGCAACACCCGACGACCATTCAAACGAATGAACCCGATAAGCAGCCGCCGCAACGTGACTGGTGGCGATACTTTTCCCGACCACTAATAAGTTATCAATCTCTTGAGGAATCATCGCCCGCAAGGGAATTTGAAAGGGATAAGCCGCCCCTTGTCCGAGTCTTTCGCCCTCTCTTTCCGTGTTTCCCGGCGCCTCTGGGGGAGTGTTGGTCATGCAGGGATGAAAATCAATTGCATAGTGACCAATTCCAACAGTATCGGGATAAATAGTCGCCCGTGATTTTGGATTTGTTTCTTCAACTGTTTGCATTCCACTTAATAACGCCGGAAGTTCCAAACCCGCCAACCCCGCCCACAGCGCCCGATAGTCTTGTGAGGATAAATTCTCTTGATAAAATTCCTTGCGAAAATCGTTCCGAGAAATATCGATTTCGGTGATTTCAAACCCTTCTGGAAACCCCCAACTCGGACGCCCTATCACCCGTCTACCTTCGCGAATATAGGGATATTTTGACAACCCGTGAACCGTTCCCATCGGCGAGTCTAACCCGGTAACAAAACGGTGGTTGGGGTGGGGTTTTTTAACGCCTTCTCCCAGTTGAGAATCCGTTGTTCCCTCAACCAACCAATAAAAATAACCGATGGCATTTTCTTCACCCCTTTCTAGGGTTTCTGTTCTCAATCCTCCCATCCATTCTCCCGGTTCTAACTGACCCATTGCTTGCAGTTGGTTGCGGGTAAAAATAAAATTATCTTCGGGATTTCCGGGGCGATAATCGTTTCCCCACGTCCAGTTTTGCATGGAAATATCGCCGGGATAAATCGGCCATTCTCGCACATTTCCCGGAAGTTGTTCGTCGGGGTTCATGCTGTGAATTCTGCGATAAGTATAAACCAGATTAAAATTCGCCAACCGTTCTAATTCGTAGCTGTAATAGGGCGCATATTGTTGATAGAATGGCGGGAGTTCGTGGGTTTGGGGTTCTGCGGTGGCTTCCATCGCAAAAGTATAGGTAAATCCCTGGGTACAATAGGGCGCCCCGGATACGCTTGAGGATGTCGGTTCAAAGGGGGTTCTTTCATCAACGCCCAACCGATAGGGAACGTCTGTTAAACCTAATATTTCTCCCGTTTCTGTCGCTTCAATTACATACCATTTAGCCCCCCTATCTTCGGGGGGATTGGGGGGATTTTCCCCATCTTCGGGGGGATCAATTTCCCCCCTTCTTAAGGGGGGCGAGGGGGGATCAATTTCCCCCCTTCTTAAGGGGGGTGAGGGGGGATCAATTTCCCCCCTTCTTAAGGGGGGTGAGGGGGGATCAAAACGAATAATTGTTTTATTTAAACGGGGAGAATCTTCGTAACTGTAAGCATCTTCTATAATTTGGGATAAAGGTTCTGTATTGAGGGGCGGTGTTCCCGGTGCGGGTTCGTGTTGAATGGCGGTAACGCCGATAATTAAATTATCTGAAATTTCGATATCTTTAACAACAGTAGATGGAAACCATTTAAAATTACCCTTGCCTTTTTTGGCGGCATCTTGTAACATATTAAATAGGATTTGATGACCGTCATAGGGCATAAAACAGGATTGACTCACCCAACAAGCGCCGGGATTTAACCGACCGTATTTTTCCTCAATTCTTTTTCGTAATTCTAGATAACCGCGAGGGAAATAAAGCAGCGCTCTTTGTGTGGTTCGTTCATCGAGGGCTGAGGTTCCTTGAGAGGAAATTTGACCGCCAACCCAGTCCGTAATTTCGGTCATACACACCGTTCTTCCCGCGAGTAACGCTTCGTAGGCGGTGGCTGAACCGGCCAAACCTCCGCCGATCACTAAAACCTCACAAGTGACATTTTCATCGGGTGTGGGAGGCGGTGTGGCGGTGGTATCGCTGGCGATCGCACTGACAGCAATTAGACTGGAAATTAAACCAAATAAAGACCGTTTTAAATACTGCATAGAAAATCAATTTCGCATTTATAAAAATTCAAAAAATTAATTCAAAAAATTCAAAGAGTACAAGCGTCTGGCTTGCTTGATTTTTTTGGGTGGGTTGTCTGTTGATTTCATATGATCTCCGGTTGATTAATTTTCTTCGGGTTGTGGGGCGGGTTTAATTCAATCTTGGAGTGGTCGTCAACATCAATCCAGAACCCGCCCCTACATTACAATCATTGATTAGTTGGATATCATATGATATCAAGTTGATTAATCCCTGTTCTGGAGTGGGGCGGGTTTAATTCAATCTTGGAGTGGTCGTCAACATCAATCCAGAACCCGCCCCTACATTACAATTATTGATTAGTTGGATATCATATCAAATAAATAATTATAGACCAATTCAATTGAATTCATCTCGGATAAAATAGCAGATTTTCGGGATAAAATTACTCCTGAGTGAGACAAACCGTTTTCATCGCTTCGACGACTTGTTGAGAAACAAAAGGTAACAGTTCAATATTACGGCTTTGGGCTTTCCCTTCCGTAAAAACGACAAGTAAATAAGGAAATAAACCGGGAATTTCGATATAAGCCGCATCGTGACGAACTTGACTGGTAAAACCCGCTTTTGACCACAATTTAGCATTTCTTGGTAAACCACAGCCCAAAAATTCAGTCACCTGATTTTCCGGATCTTCTGCCAACTCCGTCGGGTCAAGACTGCGTTTCATCAACTTCATCATCGCTTGAGAAGCTTGAGGAGAAGCCGCAATTCCGCCAACAATACTATGCAATAATCGGGCCGTTGCGTTGGTCGTCAACATATTGCGATTTTCCAACAATTCTCCCAAAAATTCTCGTTCACGACCGTAGGCGCCATCACACCATGTCTTTTGATTGACATTAATCGATTGAAGTTCCGGCCAATTGAGAGATTGAAAATAACGGTTGATGAGATTTCGTTGGGCTTTCCAAGTCTCAAAGGGTCCCGGCGCTAACTCCGGGCCACTGGTCGTCCCGGTTAACACATCTACCACCAGGCTAGTCGCGTCATTACTCGAATCTACTATCATATCATGTGTCGCCCGTTCTAACTCGGCAGAAGTGGCGATCATTCCTTTTTCCATCCATTCGTACAGGGCTACCAAATAAAACAACTTGACCACACTCGCCGGATAAATGCGTTCAATCCCCCGATAAGCGAACCCACGAACGGGATATTTCCAAAATTCCGCAGGAGTTAACGCCCCTCCCGTATTGACGGGAATGGGGGGATCGTAGACAACCCAAGTCATGGCAATTTGATCGGCAGCTAAAGCTGGAAATTTGGCGCAAGTTGCCTCTATAATGCCTTTGCCCAAATTTTCGAGTTGTTCGTCGAGATGAAAAAATGTCATAGCAGAGGATAAAAAATGGGGAATGGGAACAAAAAATTGGGTAGTGACTCAAGTCTGTTATATTTTTCTACCTATTAGATGTCAGTTTTTACAACCATTAACTGGCGATGATCTAAACCGAGGCTGTCCCGACATCAAACGGATCACTACCAACCCATGACTATTGACTCATTATCAGACATTGTAGAGTATCGCTGCAAAGGGAATTTGAATCTGTATGATTCGACCGACTGCCAAGCGTTGGCAACCCAAGCCGCGACCGGACGACAGTTGCGGGTGCATCGCCGAGATTTGCAAAACTCACTCAACCGTAAAGCCATTCGGGTTCAACTCTGTGAAGATGATTATCCCGGTTGGTTGGCTTTGGCCGATTTAGATCGGATTGAATTGGCTACAACTCCCTATCAGTATCGACCCGTGAGTGAAGCGGAGATTCGATCCAAATTACCGGCTGTGATTGCTTTTACTTATGAAGCGATGAACACACCTAATTATTACTTATGGGGGGGAACGGTTGGGCCAAATTATGATTGTTCGGGATTAATGCAAACCGCTTTTGCTTCACAAGGAATTTGGTTGCCTCGGGACGCCTATCAGCAGGAGGGTTTTACTAAAAGTATTCCTCTTGACAAAAATCAACTCATGCTATCTTGTTTAGAAGTTGGAGATCTGATCTTTTTTGGAACCCCAAATAAAGCGACGCACGTCGGATTATATTTGGGAGAAGGGTGTTATATTC
NZ_CP178543.1_gap138	5730044	5733631	3587	GAAAGTAATCTGTCCTTTTAACGCCAGTTGTACGGCATTTCCCGCATCAACATGACCTGCACCAAAATGGTTAAGGGGATCTTCCGTCACCTTGCGAGCCGACTCTTTGAGAATCCGGCTAATTTCTTGGGGTTCACTAATACCCGATGCTTTAATTAAAGCGGCAATACCCGCAACGTGAGGCGATGCCATACTCGTTCCTTGAAATGCAGCAAACGTCGCGCCGCCGGTGGTCAGATCGATAGTTTCTTGAAGAATACCGCCTGCGGTATTTTCACCTTGAGTTAACCCGCCAGGGGCAGCAATATCAACCCCGGCACCATAGTTAGAATAGGGGGTTTTGTTGCCGGTCGAGTCCAAAGCCGAAACCCCGATCACCTTCGGATAACGGGCCGGATATCCCGCCGCATTTTGTCCCGAGTTACCGGCTGCGGCCACAATTACAACGCCTTTATCATAAGCGTAATCAATCGCCTCCTGCATTAACTTGCTTTCACCGCCGCCGCCGAGACTCATATTAATCACGTCGGCGCCGTTGTCTGCGGCAAATTTAATCGCTTCGGCAATATCAGCAACCGTACCGCCACCGCTAGCACTGAGGACCTTTAACGGCATGATTTTGGCTTTGTAGGCGACTCCGGCCACCCCATAACCGTTATTGGTGGACTGGGCAACCGTTCCCGCGACATGGGTACCGTGACCGTTATCATCGGAGGCGTCAACGCGATCGTTAACAAAATCGTAGCCCCGAACAAAATCGGTATCTTTGAGATCGGGAACTTTACTGACTCCGGTATCGATCACCGCAACGGTGACGCCTTCGCCTTGGGTTTCATTCCAAGCCGTTTCGATATTGATGCTGCGGAGGTTCCACTGTTGACCGTAAAACGGATCGTTGGGAACGCTATGACTAAAAAACCCATCCTTGGGAATTTTCTCATAGGGGGAAACCGCATCGTACAGAACACCGTTATCAAACTTCACGCTATAGTTAGCGGAGTAGATATAGTTGGGTTCAATGTATTCGGTGCTTTTACCCAGAGATTTTCTCAAGGATTTCAGCAATTGTTTGTCACCCCGAACAACGTAAACGTTGTCTGCGGGGGAGAATTCGCTGTTAAGAGAGGGAATGACTTGATATTTTTGGGCGATCGCCTGAATTTGATTGCCAATATCAGCTTGCCCGATCTCCTCGCGAAAGTCGAGTACAATCGAATCGTATGTGCCTTGGGTAGCCAGACCGGAGAAGTTCGAGACGGCCCAGCCTAGCCCAATTAAGAATAAGCACAGCAGAAAAAATCTTTTCATCATTATTCGTCGGTGCGTTTTGGGTTATTCGTCGAAGGAGTCCCAGACAAATAACGTCGTTATCCCATTGTATCTACCAGAATTAGTAACGAATCACGGATTGAGTGCCAATTTAGTCAGGGTCAGTTATGGAACGAGGTTTATTTTGGCTTCCGCTATTAATTGTTTTCTTTTGGTTGGCGTGGTCTGGTTGGAATGAATACCAAAAGGTTGAAGCCTACAAGGAGTGGGCGAAAGGGTTCGATAACGCTAAATATGATATCTATGCGGTACTGGGGTTAAAGGGAACTGAACTTACTTGGGGAAAACCGACCCGCACGGGGCCTGTTAATCTAGAAACCCTGTCGTTGGAGGATGTACAATCAATTTGGCTCGTTGTTGATCATCATGCGGTTGATTTGGATTCTCTGCCTGAAAAGGCTAAAAGCGTAGAGTTAGAGTTTCAGTTGAAAGAAGAAGCAACTCCGGTTAGGGTTCCGTTTACTGAGGTTCCTCTGGGTGCTAAATGGGCGAATTTTCTCAACGAACAACTTGAAAAAGCCAATAGCCAATAGACAATCTTGTTACAGTAGGGGCGGGTTCTAAATTAATTTATGTTTCTCATCAATAACCTTGCTAAACCCGCCCCCTCCCAACCGGTTATCGGGTAGGGCGGGTTTATCTAACTTACTGGTGGGAAATATAGATCATTTTAGAACCCGCCCCTACAAACCCGACACCTGACACCGGACACCTGAGACCTGTTCACGGTCTAAATCCTTCCTTAAGAAGATATAAACTGTTCGATAGAGTCATAAAATGGAGGGGGAATTTTTTTGGTTCCTCTACCCTGTTTTACCCAGAGTCATATGATCTTAAAACGTTTACCCAATATTCTTATCGCCTGTATATTGGCGTTGTCGCTGTTGGTCTCCGGTTGTGGTTCAACGACGACTTCTGCACCCCCAACCGTTGGTCAACCGACTTCGGGCGGCCAAACGGTGGCGGCCGAACCGGTTTCTGGTGGTCAGTTTAACAAGTTCTTTCCCAAAACGGAGGGAGATTATCAACTGAATTTTCGTCAAGAAAAAACCGGGTTTGCTCAGGCTAAACTCTCTCAAGGCGGTCAAGAAGTTGCTTTACTTTCTATTAATGATACCGCCAATAATCCGGCTGCGGCTTCTAAATTTGAAAATAGCACCAAACAGGTTGCGGGTTATCCGGCCATGACGGTCGGTAACAATTCAACTGCTATTTTAGTCGCCGACCGCTATCAGGTGAAAGTGTCTTCTCAGTCCTTGAGTGAAAGCGATCGCGAAAAATGGTTAACTCAGTTTAATTTAACGGGTTTAGCCCGGGTTAAATAATCTCTAATTTTGAAAAAAGAACGGTTGAGTTGATCTATTTTTTTTGAGTTTAAATTGACAAAATTACCCCTTATTATCGAGGTAAATTATTGTGAGCAAATCAATTATTGAATTAGTCGATGATCTTCCGACGGGCGGCATGACCGTTATGGTATTGAGAGGTTTAGATTTTGCGGTTCCTGGCGAGTGGGAAAATGTGGTTGGTTTTGCCAATACCGTTGAAAAATACACCGGAGAAACCGATCCGGCTTTGGTTCAACAAATTAGCGAACGGGCTTTATGGTTATATAATGATAAGTCTGAAGGATATCAACGGGCGCTGTGGTTATATCAGACTATTGATAGCGCTGGAACGGCTTTGGGAACGGCAGCTTTAGCGAATAAAATTGGGGAACAGGTTAGTTTTTTGGGGATTTTAAATAAGTTAACTCCCAAAGCGGATAAAGCGCAGGCGATTGATTTATCTTTAAAAGTTGTGGTTGAATTGGTCGCGTTTTGTCAAATTAATGGCATTCCCGGCGATAGTATTGGCGATTTTGTTGGGGCTTTATCGGACTATGGCGGCGAAGCGTTGATGCGGATGGCGGCGCTGGTTTGTTTGGATGGTTTGATTCCTTTGGGGCCGAATTTTCTTCAGGCGGTTTTAACTAAAATTGACAGTCTCACGCCGAAAGAGTTAGAGAAAAACGAAGGTTTTAAACGCATTAATCCCCTCATTCCAGGAGAAAGTTCGGAAGGGAAATTAAACTTTATTCAAGAAAGCGTTCAGTCGGTAACGGGTTGGATGGGTAATTTTGTCGCCCAACGGGATTTAACTCCGGAAAAAGTGGTGAATAATCTGCAAAATTTTGTGGATATCAGCAACGATAAACTTGATTATGTAGCCGCCTTTTTGGATATGACCACTAATTATTACACCCACACCGGCGTACA
