gap_id	start	end	length	sequence
NZ_CP072019.1_gap1	196250	197847	1597	GGTAAGACCACCCTGAAAGAGGAATGCGAACGAAAAAAGTCTGTCACCCGAGCAAACGCTCCCTATTGACAAAGAAAACGGCCCCCAGCACGCATAAAAAAGCCCACAGGTAGTCCCACTTCCATTTCTCCCCGATGTAGAACAGGGCGAAGGGAATGAACACGCACAGGGTGATCACCTCCTGCATGATCTTGAGCTGGGCCACGTTAAGGCCTCCCGCATTGCCCAGGCGGTTGGCGGGAATCATGAAGCAGTACTCGAAAAACGCCACGCCCCAGCTCATCAGGATAATCAGCAGCAGGGGCTTGTCGTCCGCCGCGGAACCCTTCTTCAAATGCCCGTACCACGCCCACGTCATAAAAACGTTGGAGACCACCAGCATGGAAATCGTTAAAGCAACCTTCATTGTCTTTTATTCAAAAGCGTCAATCCTTGGAAGACTTGGGGTCCAGGGCGTCACGCAGCCCGTCCCCCAGGAAATTCAGCGCCAGCAGGGTGGCGGAAAACAGCAGCGCCGGGAACAGGAGCAGTTCCGGGCTCACCTCCATGCGGTCCGCCCCCTCCTTGATCAGCGTGCCCCAGGAAGAATTGGGAGCCTTTACGCCCAGGCCCAGGAAGGACAGGACAGCCTCCAGCAGCATGATGCCGGGAACGGCCAGCGTCGTGTACACGATGACGGACCCGAACAAATTCGGCGCAATGTGGCGGAACAGAATTTTCATGTGCCCGATGCCCAGGGAGCGGGCCGCCTCCACGAACTCCTGCCCCTTCAGCTCCAGCGTCTGCGTGCGGACGATGCGCGCCAGCGTCAGCCAGCCCAGCGCGCCGATGGCGATGAAGAGGGGAATCAATCCGGTCATGGGACTCACCATCTCCACGGACCAGCCCGTGACGCCGGAAACCCACTGCGTCAGCTGCTGGGCGGGTTCCTCCACGGACAGGGAGAAAATAATCACCAGCACGATGAACGGCAGGGCGAAAAGCACGTCCACCAGGCGCATCATCAGGGCGTCCAGCCTGCCCCCGGCATAACCGGAGACCAGCCCGTACGTCACGCCGATGACCAGGGAAACGCCCGTGGCCACCACGCCCACCAGCAGTGAAATGCGGCCTCCGTACAGCACGCGCGCCAGCAGGTCCCGCCCGAGCTGGTCCGTGCCGAACCAGTGCTGCCAGGAAGGACTTTCCGCAATGCGGGACAGGTCCTGCACATTCGGATGCGGCAGCCACGGCAGCAGCGGACCCAGAAAGCAGGCCGCCACAATCAGCGCCAGCGCCAGCAGGGAACACATGGCCGCGCGGTTGCGCGAAAGCCGCAGAAAGGCGTCTTTCCACAGGGAGGAGCCCTGCTCCTCCATGCTGTTCCATTCCCTGTTCTTCATGACTCCGCCCTCAATCTGGGGTTGACGGCCATCTGCACCAGGTCCACGGCCAGGTTGGCCGCGACGATCAGGATGCCGTAAAACAGGACAAGCCCCTGGATCAGGAAATAATCCCGGTCCGTGGTGGCGTTCACGAAATGCTGGCCCATGCCGGGAACCTGGAAGCAGGTCTCCACTACAAAGGAGCCGGTAATCATGGCGGCAAAGGCCGGCCC
NZ_CP072019.1_gap2	206164	206821	657	TGGCGGCGATTTCAGGTCTGGCGCTCATCATTGCCGGAGTATTGGTAATCAATATCTTTTCCAACTCCGTTTCCCACTGATGGGAAAAAACGGAAGCGCATTCCCTGCAAGGGGATGACGGCCCTCCCCTCCGGGCAGCGGCAACCGGAATAGAAAAACGCCTCTTCACTGAAAAGAAGGTAAAACCTTCCGGAGGCCCGGCAAGCCAGTCTTCACAATGGCTCATTCCTCCGCCAATAAAATCCGTCAAAGGACCTGTTTCTCCAGTGAAAAAGAGTATCCCTCTCATGATTCTAACTGCTGTGGAGCTTTTCCGACCAGCCCCGAACTGCCACCTTTAAAAGGAAAAAGAGAAGCACCCGTCCGGCCTTCTTCCGGCGCATGCATAATTTTCTGGCCTGGAAAGCAGGCGGGCGGTAAAAACGGGGTGCCATGAAATATCTTGCGCTATTTCTCATCTTTCTGTTTCAAGCGGTGCACGCGGAGGAACCCGCTCCGTGGAGAATCGCCATCATCGGCGACACGCATGACTCCCCCAAACGCATGGAAGGAAGCGAAGGGGTAGCCGTCAATTTCATCAAAACCCTCTATGGGGAAATCCTGAAGCACCAGGTGGACATGGTCGTCCAGGTGGGGGACATGGCGGACATTGAAGGA
NZ_CP072019.1_gap3	209560	210330	770	GATAACATCCGGAGCTTTAATTATTATCACTTGCGCTGCATTAACATTCATGACAGACGCGAGGAGAAAAATACCTATGATGCTTAAATAATTTTTCATTCTGTTATTTTTTATTTTCAGGACCAAAAAAATATCTCAAATTCAATGTATTCCTTGTTACAAAACAGCCAAATTTCTTTATAGAAGAATTTAGATAAGAATGCCCATTAGCAAGAGCTAATTTTTCAAATACAAAACATTGATTTTCTTCTACGATTACTGCACCGTCCTTATTTTTACTGTCCAATCCTCCTCCTCCATAATGAACTCTCCATTGACATGCCCAATGCCACTTTTGAGGCAACTTATGCAGAGGAGGAACTCCATTAATCTCTATTACAAAACGGACATCCACACTTGATGTAGCTCTATCCCAAAATTTATTGCCGGGCAAAACATCTATTTTCGCATCACAGCCTGTTGCAGGCGTATGCCTTGGATCTATGCTTTCACTTATACTTCCTTGATCCTTGAAAGAGCCCAAGTCCCTTTCAATCACATCTATTTCAACAAAGCTCACCTTCAATGGCTCCAATCTTAATTCTAATAACATGGAAGCTCCCATCGTCAACTCATCCTGAAAAGAGGCAGGAACTCCTCCTTGGGCATGCTTGCTCCACATTTTTTCAGGAAAGAGAACCTCTATCTCCAACTTTTTTGTCCTTTTCCCATTTAATTCTGCCTGAATCACAACCTTACCGTCTTTCTTTTTCCCTTTTTCATCTAATGAA
NZ_CP072019.1_gap4	220085	223399	3314	GGGGCCTACCAGGGCCACCACCTGGCCAGCCGGGATGCGGATGTCAATGTTCTTCATGACGGGGGCGTCCTGCTGGTAGCCGAAGCACACATTGCTGAACTCCACTTCCCCCTTCCAGGTTTCCGGACTCTTCGGGTTTTCCGGTTCCGGAACGTCGTCCGGAGCGTCCAGCACATGGTTGATGCGCTCCAGCCCGGCATTCAGGGTTTCCGCCTTGTTGTGGACCGCCCCCAGCTTCTTGACCGGTTCATAGCAAAGGTACATGGCCGTAGCCAGCGCGGCGAAGTCCCCCATGTTCATGCCGTTCATGTTGCCGACAAAGAGAGTGGCCGCCATGGCGATGGCGCTGACGAATTCAATCAAAGGCGTCAGCAGGCTCTGCCACCTGACCGCACTGATGGAAGCCTGGATGTAACGGTGAATCCTGTTCCTGAACAGACTTGTCTGCTGCTCTTCCAGTTCAAAGGCCCGGATGTCCCGCTGGGAGGAAAAGTTTTCCTGAAGCGTGGAGGAAAGATCCCCCTGGCTGGACTGCACCACGCGGGCGCGGGCGAGCATTTTCTTGCCGATGTAGCGGATGGGAATCACGCAGACGCCCACCAGAAGCATGTTCGCCAGCAAAATAAGGAACTGCTGGCTGACGGAAGCCCTGTAAATCAGGAATCCCAGCGCGGCCAGGAGGGTCAGGGGCTGGATAATCAGGTCATTGGCAATCTGCACCAGGCCGCCCTGCAGGAACTGCGTGTCCTGCATCAGGCGGCTCAGCAGGTCTCCCTTCTGCTGGCGGTCATGAAAGGCCAGGGATAAATCCTGGTATTTTCTGTACACCTTGAGCCGCAGCGTTTCCAGCACGCCCAGCCCTATTTTGGAAAGCAGGTAGACATTGACGAAGGAGGAGAGGCCGCGCACCACCACTACCATCGGGAGCATGGCCGCCGTGGCCCACACCGTCACCCAGGGCAGGTTTTCCGGACTCACGTACCAAAGGAGCACGCGCTCCGCCCACGGGGGCAGCGGCTTCCCGTCAAAGATCACGGGGAACATTTCCTGCAAAATCACCGGTATGCCGAAGCCGCTGGAAACAGCGGCCACCATGCCGCCGATCACAGCCCACACCAGCGTGCCCTTATAAGGAAGAAGATATTCGCGCCATAATGCTACGGCACGCTGGATGGAGGATTCCTGCCCCTCTGTTGACTGTTTCCTCATAAGTAATTCCGGATTGATGCGCCCGGGAACGGACGGCGCGCAATCGGTGCAGATCATACCATGAAGACCGCGGATGACAAGCTCCTTGCGATAAAAACTCCTCAGGAAACGCCCGGAGGGAAAGCCGCCGGGCATCCCGGCTTGCCCGCCTCCCCGGAATGGTCTACCCTGCCGGCGCATGCTGAAGACAGGATTAATCCAGCCGGAGACCATCCCCGGCCATTTCCCCAGGAACCTCAGAACCATCGTGGAACTGTACCGTTCCTGCGTGGACGGCGGGGCGGAGCTCGTTCTTTGTCCGCCGCTGGCCCTCAGTGGCGCGCACACCGGGGAACTGGCCCTGCGCAGCGGCTTCCGGTCCCAGCACAGGGCGGCCCTGGCCTACCTGGCCCGGGAAATAGCGGACGTCCCCCTGCTGCTGGCAGCGGCGGACGCGGACGGCAGCCGCTTCCACATGCTCCGGAACGGCCTTTCCTTTCCACGGCAAGCCGTTATTTCCCCAGCCGCACACGGAACGGTGGCCGTTCCCGTTTTCGGCATCTGCCGGACGGCGGATGAAGCGGGTTTTTCCATCATTTCATGGCCGGAATCTTCCCCGGCCTCCTCTTCCGTACCCTGCCTCTTGCTCCGCACCCATTCCGGCGCGTGGCATGAAGGACTGCTGGAGCAGGATGAGGAGGAAGCCTGCCGGCTGGCGCGGGAAACAGGGCTGCCGGTCCTCACCGCCCGCCTGGCCGGGGGAGAAGGCCCGTTTCTGTTACCCGGCGCGTCTTCCGCATGGTCCGCCCACGGGATTCTCCTCAAACGGCTGCGTCTTTTTGAACGGGATTCTGCCGTCATTTCTCCGGAAAATTCCACGGAGGCGTCTTCTCCGCTTCCCGCTCCGGAAGAACAGCTCCGGCACGCCCTCCGGAAAGGCACGGCGGACTTCATCCTGAAAAGCGGGCATGGCGCCGCCTGCCTGAACCTGCTGGAAAGCTCCGCATCCCTCCTGCTGGCTCAACTGTTAAAAGAGGAACTGCCTTCCCTGCCCTTGACGGGCTTCATCCCCCGCCTCCCCGGCATTCCGGAACAGGACACTGCCCGGGCGCAAGCCTGTGCGGACAAGCTGGGCATTCAGGCCCGGATGCTGCCTCTCCCCGCAGATGCGGCGGCCGGAGGACCGGATGACCTGTTCACGGCCGCATGGCTCATGCGCCAATGGGCCCAGGAGGAAGGTGGCCTGCTGCTTTCCGCCCTGACCGGAACGGACATCATGACCGCACCCCGCCTCCTTCCGCCGGCCCTGGCCGCTGACTTCATGCCGCTGGGGGATTTATATGAAACGGAACTGGCGGACCTGTTCCCCGGCTTCCTTTCTCCCGCGCCGGATGCGGCCATGCGCGACAGCCTCCTCATCCGTCTGCACCGCGCGCATGAATCCGCCACGCCGCTGGCTGGCCTCTTCCCGGAATCGGAGCTTGAAATCCGCCGCTGGCAGCGCCGGGCCCGCGCCTCCGAATGGATGCGCCGGAAACTGCCGCCGCGCCTCACGCTGCGCTCCATTCCCGGTGCACCGGAAACGCCTTACGTCCACCGGCTGACGGATTGACGCGGCGCGTTGCTTTTCTTCCCGTGGCGTACATTGCGCTTGCTCTTGAAGTGGAAGAAGTGATTAGTAGAAGCCATGCAATTCTATGTAGCCACCATGATCGGCCGCGCCGCTCTAAGGCTGGTTGACCGCCTGGGGTCAATCGGATTGCTGCTTTACCAAGTGACCGCATGCATGTGGTCCGGCAAATTCCGGATGCGCGTTCTTGTGGAGCAAATTGCAAAAATCGGGGTGCAGTCCCAGCCGGTGGTCATCATCACCGGCGCGTTCACCGGAGCCGTGCTGGAAGCCCAGACCCTGTTCCAGCTCCAGACGGTGAGGATGGAAACCATGGGGGGCGCCGTCGTCGCCGTGGGCATGTTCCGGGAACTGGGGCCCGTCATTACCGGGCTGATGCTTGCGGGCCGCGTCGGGTCCGCCATGGCAGCGGAAATCGGGACCATGAAAGTCACGGAACAGGTAGACGCCCTTAACTCCATGAACGTGGACCCGGTGGACTACCTGGTGAAGCCCC
NZ_CP072019.1_gap5	283434	286906	3472	GGCCGCCACGTTCTTCATGGCCCTGTTCATGGGCTTCACGCCCAATGAATCCGCCTCCATCGGCATCATCGGCGGCGCTGACGGCCCCACCTCCATCTTCCTGACGATGAAGCTGGCTCCGCACCTGCTGGGCGCCGTAGCCGTGGCCGCGTATACGTACATGGCCCTGGTCCCGCTGATACAGCCGCCCATCATGGCTCTGCTGACCACGAAGAAGGAGCGGGTCATCCGCATGAAATCCCTGCGAACGGTCAGCAAGAGTGAAAAACTGTTCTTCGCCGTGCTGGTAACCATTGTCACCATCCTGCTGATTCCGGACGCCTCTCCGCTGATCGGCATGCTGATGCTGGGCAACTTCCTGCGCGAGTGCAAGGTAACGGAACGCCTGGTGCAGGCCTCCCAGAATGAAATCATCAACATCGTCACCATCTTCCTGGGCACCTCCGTGGGCCTCACGATGCAGGGTGACCGCTTCCTGCAGAAGGAAACGCTGCTGATCATTCTGCTGGGCATTGTCGCCTTCGGCGTAGCCACCGCGGGCGGCGTGATCGCCGCCAAGCTGATGAACCTCATCTGGCGCAAGAATCCGGTCAACCCCCTGATCGGTTCCGCAGGCGTCTCCGCCGTTCCGATGGCGGCCCGCGTCTCCCACAATGTGGGCCAGAAGTATGATCCCTCCAACTATCTTCTCATGCACGCCATGGGACCGAACGTTGCGGGCGTGATCGGCACCGCAGTCATCGCAGGCTACTACATTGCCACTCTGGCGAGATAACCTGATTTGAAATTATTCCAGGCCTCGGCCCATCCCATGAATTCCACCGCCCCATCCCCCACTCCTCCAGAGGAGGAAGGACCATGCGGCGACTGGACCTATCATGAATGGGCCGAGGCTTCTTCCACCAATGACCTGGCCCGTTCCCTGCCCCCCCGCCACATTGCCGTCTGCCGCGTGCAGAAAAGCGGCCGCGGCAGGTTCAACCGCAAATGGGTAGGGGAGGAAGGCGGCCTGTGGTCCTCCTTCACCGTTCCCCTGGATACTGCGGCCGGCGTACACTGGGGCCATCTGCCCCTGGTTGCAGGGCTGGCCCTGCTCAACATGCTCCGCAGCATGGGCATTGCCAACGCGCGCCTGCGCTGGCCCAACGACGTCCTCATAGGAAAATCCAAACTGGCGGGCATTCTTGTGGAGCGCCCCTCCGCGCACATGGCCGTCATCGGCATAGGCATCAACATTTTCAATGACGTGGCCTCTATAGCCGGAGAAATCAAGGACCCTCCCGCAAGGCTCGCGGATCTTGTTCAGGACTGTCCCTCACTGCATGACGTCATGGCTTCCCTCGGCAGGCATTTGGACCAGGTTTTTTCTACCTTTGCCCACGGCGGCATCCCCACCCTTCAGGAGGGGCTGGCGCAAGCATGGGCCGGGGAAAGGCCGGTTTCCATCCTTACGGATGACGAAACCATCCGGGGAATCTTTACGGGGATTGACGATCAGGGCAATCCTGTGGTATCCCTTCCGACCGGTTCCCTCCGGACCGTTCCGGCACATCTGATCAACAGGCTTGTTGAAGAACAAGCCTGACCGCTCCGTTGACACGGAGTTTCTTTCTCTTTCATCCAACAAAAATCACTGACATGAGTTACAAGGAACTAACACCAGAAGAAGCAGCAAGCCTGATTAAACACGGCCACCACATTGGCCTGAGCGGGTTTACTCCCGCAGGGACGGCCAAGGCTGTGACGGCTGAATTGGCAAAAATTGCAGAAGCGGAACACGCTAAGGGGAACCCCTTCCAGGTGAGCGTCTTCACCGGTGCTTCCACGGGCGATTCCTGCGACGGGGTTCTTTCCCGCGCCAAGGCTATTCGCTACCGCGCCCCCTACACCACCAACGTTGACTTCCGCAAGGCGGTGAACAATGGGGAAATCGCCTACAACGACATCCACCTGTCCCAGATGGCCCAGGAAATCCGTTACGGGTTCATGGGCAAAGTAGACATGGCCATCATCGAAGCCTGCGAGGTCACGGCCGACGGTAAAATTTATCTGACGGCCGCCGGAGGGATCGCTCCCACCATTTGCCGCCTTGCCGACAAGATCATCGTGGAATTGAACGCCGCCCACAGCAAAAATGCCATGGGGCTGCATGACGTTTACGAACCCCTAGATCCTCCCAACCGCCGTGAAATCCCCATTTACAAACCCAGCGACCGTATCGGGAAACCATACATCCAGGTTGATCCGAAAAAGATCGTGGGCATCGTGGAAACCAACTGGCCGGACGAAGCCCGTTCCTTTGCCGCGGCTGACCCCCTGACCGATAAAATCGGGCAGAACGTGGCGGACTTCCTGGCCGCCGACATGAAGCGGGGCATTATCCCCTCCACCTTCCTGCCGCTTCAATCCGGCGTGGGCAACATTGCAAACGCCGTGCTGGGCGCCCTGGGCCGCGACAAGACCATTCCCGCCTTTGAAATGTACACGGAAGTCATTCAGAACTCCGTGATCGGTCTGATCCGGGAGGGCCGCGTGAAATTCGGGAGCGCCTGTTCCCTGACCGTTACGAACGACTGCCTGGAAGGCATTTACAGGGATATGGACTTCTTCCGCGACAAGCTGGTGCTCCGTCCCTCGGAAATATCCAACAGCCCGGAAGTGATCCGCCGCCTCGGCGTCATCTCCATCAACACCGCCATTGAAGCCGACCTTTACGGGAACGTCAACTCCACGCACATCGGCGGCACGAAGATGATGAACGGCATCGGCGGTTCCGGCGACTTCACGCGCAACGCCTATATTTCCATCTTCACCTGCCCGTCCGTCGCCAAGGACGGCAAGATCAGCGCCATCGTCCCCATGGTCTCCCACCACGACCATACGGAACATGACGTCAATATCATCATTACCGAACAGGGCGTCGCCGATCTTCGCGGCAAGAGCCCGAAAGAACGGGCCCAGACCATTATCGAGAACTGCGTCCATCCGGATTACAAGAACATCCTCTGGGATTACCTGAAACTGTCCGGCGGCAAGGCCCAGACTCCGCAGTCCATCCGGGCCGCCCTGGGCATGCATGCCGAGCTGGCCAGGAGCGGAGACATGAAGAATGTCGACTGGGCCCAGTACAAGTAACCCATGTCTGCCGTCATTGCATTGGCGTCCATGACTTCACGTTAACCCTACAGGACCGCTCCCGCGCAGGGAGCGGTCCTTTTCCTTTTTCCCGTCCTTCTCCACTTCCCGCTCCTCTCCCATGAACTGGATGATTTACCCCGCAGCCAAGGCATTTATCAGAGCCTGCACCTTCCTCTTCGGAGCAGGCGTCACGGCGACCGTCCTCATTCATCTTTTCATGCCCCTTTTCCTCCACTGCCCACGGACAGCCGCGCCCTTCCTGCTTTTGGGAACATGGTCGGAACTAATCTCCATCCTGGCCCTGTCTTTCCTCCTATCCTGGGGAAGCAGGGTC
NZ_CP072019.1_gap6	458342	460425	2083	GCAGCCGCTGCCCCACCGCGGACGCGATCAGGGCGGAGGACTGGATGATAGGCCCTTCCTTGCCGATGGCCGCTCCGGAAGCAATGCTCCATGCCGCGGAAAACACCTTCAGGGCGGACGCCCGGAATTTGATCAGCCCGTTTCCGATGGACATGGCCTCCATGTATTCCGTGGCCTGTCCCGGCATCCTTTTTTTCAGGAACAGCAGGATGCAGCCGGCCGCCAGGCCGCCCACCACCGGAATAAACATGCGCCACTCAGGCTCCACCTGGGAAAAGGTGCCTACGCGGGAATCCGACCAGATGCCCGTGAGCAGCCATTGAATCACTTCCACCGTCCACTCAAAAAACAGGGACATGCTGGCGCCCACCACCCCCACGATCACGGCCCACACGTAAGTGACCTGCCTTTCCCCCACCTTCCAATGATGGAACAGCCTTAAAATCCACCCGTACCAGACGGAATCCGGCGGCGGCTGGGGCTGGGGGGATGGAGAATTCATGGGCAAAGCGGCAATATTATTCCATTGTGACAAAAAAACGCCTCCGGATGTTCGATGCCGCAGAAAATACCTGCAGTGCTTCATCCGTGAAGGGCCGCAAGACGCGGAAGGCCGCTCCCTCCGGAGAAGGCGCCTGCCCGGCAAAGGTCTTGCACCGCGCCGGAAACCTGCTACACCGGAAGAACCCCAACCCCTTTTCCCATGCCTGACCGCACGCCGCAACCTCCGCCACGGCTATCCCCGCGCCTCCGGAAGCAGGCGCTTCTGCTGATTGCCTGCGTCATTTCAGGCAGCCAGCTGTACGGCCTCAAACATCCCGCCTCCGTCTGGCCCACGGAACGGGAAGTGCTTTCCGGCCATTCCATCTTCGGACAGCCGGGGGACCCGGCCTCCCTGGTTACGGTTCCGCTGCCCTATCCGCTGAGGCCGTCCTGGTCCCCAGACACGGAGCTTGCGTCCATTACCTGCCACCGTTTCATCGCCGTGCCGCTCACCAGGATTTTCCAGCGCACGCTGGAACATTACGGCATGGAGCGCATCCGCGAACTGCGGCTGGACGTTTACGGAGGCTGCTTCAACAACCGCCCCATCCGCGGAGGCTCCCGCCCGTCCCTGCACGCGTGGGGCATTGCGATAGACATGGACCCCGAACGCAATACCCTGTACATGAGCGCGCCGGAAGCCGTCTTTTCCGGACCGGAATACGATGCCTTCTGGTCCATCGTAGAAAAGGAGGGGGCCTTTTCCCTGGGACGCGAGAGGAATTACGACTGGATGCACTTCCAGTTCGCCAGGCCGTGAAAGTGCGCGGAAGCCCCCAGGCGGCACCGGAGCGGCCCGGGCGTCAGAACGTATATTTCAGGTTGATGCCGTAATAAAAATCATCCCCCAGGTCCCTCTGCTTCACCACGGTCAGCGCCTGGCTGTAGTTGGTGAACAATTCCACGGTCAGGCGCGAGGTAGCGCGGAAGGTAAAACTCAGGTTGTAATCCAGGGCGTTGGATCCGTGGTGCACCACCGGGCCCACGTACCCCCCGTTGTAGCCGTAACGCACCACGGCATCCACCCTCACGCAATCCGCGATCTCCTCGTGCAACCCCGCAAACACGGCGTAATAGCCGCGGAACGTATGGTTGTTATACTGCCAGTAGAGGTCCGTGCCGCCGAACCAGCGGTCGGAAAAATGATAGGTCGTCTTCAGGCCGGGGCGCGGGATGCCCTTGTCCCCCGGAAAAACAAAGCTGTGCTCATACCAGGGCATCACCGTCCAGTTCCCCAGCTCCTTGATGTAATCCAGCCGGTACTTTAATTCCGCATGGTTCCGGTGGTCCGTGGAAACGCCGTACCATATCTTCCCCACCCATTCCTTGTACTGTATTTCAGGAACGAACATGCACAGGGAGCCGTCCCACAGGTCAAGACCCTCGCACTCGTACTTGCTGGCCCATCCCGTCTGGAAGCGCAGATAAACCCGGTCATCCGTGGGGCCGGCCAGGGAAAGGGGATGGGGGCAGGCCGTCTTCAGGTAGTAGGACTGATCCTGGCAAACCGTCGTGGAACCCCAGGCGCCGGGGCATGACA
NZ_CP072019.1_gap7	470313	472080	1767	TTGAGAAGAACCTTCTCCTCCGGCCCGGCAACAGAAAAATGAACTCTCTCGGGGGAAGGAATAATGCCTGCAAATAATCCATCAACATAATAAGGCAATTCATCAGGCGTTCTCATTTCCAGAGGAAGAAGCGCATTGATGAATACCCCATTTAAAATAGTATTGAAGGAACCGTTCCTGCAAACATGGAATAAGTATACGCCGCCTTTCCTGCACATGAAGCGCTTGTAAACTCCGGACCCCGCAAACCTGGAAACGCGCGTGCGCGCTTCCACCGGGAACGACTGCCACTGCTCCATAGAAGCGGCAAGCGTCTTCCCTTTTTTAGTGCGGTTCCCAATTTCAATATCCGCTTTGTTGTCGAACAGGCTTTGAATGGAAGAAGAAAAAGGATGCCTCCGGGCTTCTACCACATAATCCCGCCTGGATTCATGTTGAAGATATCCGTTGGGATTATAGAAATACAGGGCTATTTCATGAACCCCTTCCGGCACTTCCACAGCTACCCATATACCGGGACCGTCCACAAAGGACGGATATACTTCCCCGTGGTCGTCCCATTCCGCCTCTGTTCTTGTGGAATCACTGGGGTCAAAGAGAACATTGCGGTTTCCTGCCACATTGGCGCTTTGTACCCACCAGCGCAATCCATCTCCCTGATTGCGGTTGAGCCCCATCAGTCCCTGAATCCAATAACAGGGATACACTCGTTTCCATTTAGGGTCTTCAGCGCTCGTTTCCATGCGGACAGGTAATTGCTTGGCTTTAAACTCGGAATTGTTCATGGGGGCATTCATGGCGCACAGCGTGGCGCGCGTCAGGCCGTACCTCCCGCACCAGTCCCCCTTCGTGGACCAGTCCTCCCCGCGGAACACAATGCTCTTCCCCGCATGCGCGCCCGCACCCAGCTTTTCCAGCCTCCTCAGGACTGCGGCAGAATCCTCCATCCGGGCCGGGGACGGGAACACGATTTCATCGTCCTGCTGCTTCCTGTCCAGTTGATAAGACAGGGAACCCTTTTTCAGACTGACAAAACCACGTCCATATGTGCCGGCCCATACGCTTCCATCCCCCAGTACCAGAAGAGAAGACACATCAACGTTTTCCAGTCCCTGCCTGATTCTCCGGCGCACCGTCATCCTTTCGGCATCCAGCACGTCCACCCCCTGCGTCCGGTAGCCGATGAAAATATCCTTTCCCTGCCGGAGGATGGAAGACACGAAGTCTTCCGACAGCATTTTGGCATTTCCCTCACCCGGAACGGCCGTCTTCCGTCCCGAGGAGCCATAAATGCCGGTGTTTTTCCGGGCATAATCGCACCCTCTCATATAGTGCCAGGAGCTGATGCCGTTGCTGTACGCCAGGCCGGACCAAGTGCCTACCAGCACCTGGTCTTTTTCCGTACAGGCCAGAACATTGCAGATATTGGAAGGCAGCCCGTCCCCATACGGCTGGTACGGCTGCCGGGCAAACTGCTTGCTGTCCCAGTACCACGGCGCCTGCACGTTCTTCCACTGCATGTACCCCGACTTGCGCGGTGAATACGAGATACCGCCGCAGGCATAGGCCAGCCACAGATTCCCCCTGGCGTCAAAGCCGGCGGAAGCCGCCTGGTCTTCCACCAGTCCCGTAGACCGGTCCAGCGCCTTCCATGAATCATTCCCGGGATCATAAACGGACACGCCTCCGGACGTGGCAACGGCCACCTCTCCGGAAACGGGAGAGACGGCCAGCGCATAAACATGCTCTCCGTTCAGGGCATTGCCG
NZ_CP072019.1_gap8	556936	558778	1842	TAGCTCCGGCCGCCAGCGCCGCGCCCAGGCTGGCGAGGGAGGTATCCCCCGCTCCGGACACGTCAAAAACCTCACGGGCCTCCGTGGGAATGCAGACAAAATCGGAAGGATTGGAGGAAGGAATGAAAATCATGCCGTGCTCGCTCAGGGTGACGAGCAAATTCTCAATGCCGAACTCGGAAAACAGCCGTTGCGCCCCTGCGATGGCATCCCTTTCCCACCCTGTCGCGGAAGGATTCAGCGTCACCCCGGTCGCCTCCTGGAACTCCTTCATATTGGGCTTCACCAGCGTGGCCCCCTTGTAACGGGAGTAATCCGAACCCTTCGGATCCACAATCACGGACTTGCCCGCCGCACGGCACCGGGCGATCACGTCAGGGGTTGTCTGCCCGTCAAACAGCCCTTTCCCGTAATCGGACAAAAGAACAAGGTCGGCCTCCGGCAGGCAGGCGTCCACCCGTTCCAGAAAACGGGAGGCCAGCTCCGGAACCATCCGCAGCGACTGTTCCTGGTCCGCCCTCAGCAAATGGTGCTTCCCCGCCACAAAACGGACCTTCACGGTCGTCTCATACCCTTCGCACTCCACCAGCTCCGGAACGCAGCACGTCTCTTCCAGAAAACGCCTTACCTGCCGTCCATGGCCGTCATTCCCCACCACGCTGACGAAGGTGGTGCGGCATCCCAGCGCGCACAGGTTAGTCACCACGTTGCCCGCGCCGCCCAGCATGCGCGTCTCCCGGTCCATCTTCATGATGGGAACCGGAGCCTCCGGGGAAATCCGGCTGACGCTCCCGTACAGGAACTTGTCCAGCATTACGTCCCCGATGCAGAGAATCCGCACGCGGGGAAATCCGTCAATCAATGTATGCAGCCGGTTCATGGGAGACGTTCCTTTCTATCACGCCCCCCACTGTAAGGCAAGGACAGTTGAAGCCCGTTCCGGAGCGGGAAAACCGCATCATGCAGGCGTTCGCACCCGCTGCGAACGTCGGAACCCTTCTTTCAAGGGCAAAAAATAGGTCAGCCATGATAAAAATCTTGACCTGTAAGCAGGAAAGCACTACGTATTGTCTCCCGTTCCCGGACGAATAGAAAAAGGAAAACAAATCATGCGTGAAGTTACCGTAAGAAAAGGTGAACCTATCGACCGCGCTCTTAAGCGCCTCAAAACAAAACTGGATGTTGAAGGCATTCTGGATGAAATGCGCCGCCGCCGCGCCTTTGAAACCCCGATGGACGAACGCCGCCGCAAGGCCCGTTCCGCCAGCAAGCGCAACAAGGTAAAATGGCGTTACAGCAACAAGAGCGAAGAAGCCGCTCCCGAAACCGCTGAAGCTCCCGCTTCCGCTCCTGAAGCTTAAATCAGTATTGGTTCGGGAATAGAACCCATTTCAATGAGGGCAACCCTTTCTCAAGGTTTGCCCTTTTTGCTTCCCTCAGCACATGAATCAGTCCGCCCAGCTCTTCTCCCGCGCGCGCGCCGTCATCCCCGGCGGCGTCAACTCCCCCGTCAGAGCCTTCCGCAACGTGGACGGCGACCCTTTCTTTGTCCAATCCGCCAAGGGAGCCTACATCACTGACGCGGACGGACGCCAGCTCATTGACTACATCGGCACCTGGGGCCCGGCCATTCTGGGCCATGCTCCGCAGACCGTTCTAAATGCCGTCCATGCCGCCGTGGACAGGGGGCTGGGCTACGGCATCCCCGCGCCGGCGGAGGTGGACATGGCGGAAATGATTACGGGCATGGTGCCCTCCGTGGAAAAAGTGCGCATGGTCAACTCCGGAACGGAAGCAACCATGTCCGCCATCAGGCTGGCGCGCGGCTACACCGGACGCCGC
NZ_CP072019.1_gap9	595489	596570	1081	TACCGCGGAAATGGTCTCCGCCGACGAATGGCGGCACCCCTACTCCCGCAGTGAGGCGGCCTATCCGGTAGCTGGCCTGCGCATCCATAAATTCTGGCCGTACGTGGGCCGGGTGGACAACGTCTACGGGGACCGGAACCTGGTCTGCACCTGTGACACGGTGGAGGAATTCTCCAAAGCCGTGGAAGCGTAACGCCAAATATAACTTTCAACCTGGAAGGGGCTGTTCCATTCATTGGGGACAGCCCTTTCTATTTCCGCAGAACAAGACCGCTCCTTCGAGGAAAATCTCTTCCCTGCGCATCGCGCCACCAACGGGCAACCCGGACCTCACTTGATAAACTCAAGTACAAACCGATTGACCAGCTCGTGCTGTTTCTCCGTTCCGCCCCCTCCCATGCCGCTATGCGTAACTCCCTCCAGCTTCACCACCCTCATATGAAACTCCTCCTGCTCCTTTATACCGGGCAGCACTCTCTCGTCCGCCTCATAATCACATCCCCTCAAGGTATACAGCCGCGGTTTCCGGATTCTCGGCATCTTCATCCTGCGGTGATCCAGGGAAATGGCCTTATCGACCAAAAGGGGATGCCTGGCCGCAAAAAGCATGACCATGTCCCCTCCGTTTGAGTGCCCTATGAGAATAAGCTTTCCCCAATCCAATCCCGGTTTCAGCTTCCTGAACTCCTGAATGGCAAACAGGATATTTTCCACTCCCCTTTCCCAATTCGGCATGCGGGCCTCCATCAAATTCCCTTCCATTGCCAGAAGCGGATCCTGAGGCAATTCATGCTGTACGCTGATCACATAATACCCCTTTCCTGCAAGAAAACGGTTCAAATAGGAATATGTCTGGCTGGATTTGACGTTCCTGTTTCCGTCATAGCCATGATTGAAAATGATTACCTTTGTCTCGGAGCTTTCCCTCTCCGGCTGATAAACGGTTACCGGAACCACTCTGTTCCTGCCGCCATCAAAAAGGCCAATGGTGAATTCCATCTGGGAGAAGCCATGGGCAGCGCTTTGAACCAGAACAACCAGTATAACAAAAAACCTGTTCATTTTCAATGCCGCAATCATG
NZ_CP072019.1_gap10	598093	598736	643	TTCTGCTGGTCCGCATGGCCTGTCAGCGTCGGCAGCAGGGAAACGCCGTCGCTGCGGGCGGGAACCGGCACTCCGGCGGCATCCGCCAGCGTAGCCAGCCAGTCATGGAACTGTCCGGGCTGGAGGCTGATCTGGCCCTTGGGAATGCGGGCGGGCCAGCGTACCAGCGTGGGAACGCGCATTCCGCCTTCCCAGCAGTCGCGCTTGATGCCGTCCATCATGCCGTAACTCTTGAAAAACTGCGGATTCTGCGCCCCATGCCTGTGCTTGGGGTCGGCGCCGCCTTCATTGTGGGGGCCATTGTCGGAGGTAAAGACAATCATCGTATCGTTGTCGATCTTCAAATCCTTCAGCAGATGAATCAAATCCGCCACGGCATCATCCACGCGGCGGATCATCGTGGAATGCCGTTTGGCCACCTCATTCGGGAAGCGGGCATTGTCCGGATAAATGTACGTGTCCTTGTCTTTTTCCGCCTTGGCGTCAAAAGCCGTATTTACGGATTCCGTGCCGTTCTTCTTCACCCACTGCAGGCCGCCCTTCAAACCGCCGCCGGAAGGATAGGGCGTTCCGGGAACCACCAGGTTGCCGTGAGGGGCCGGAAAAGCCAGGTACAGGAAAAACGGCTTGCCGGTCTTGCGGG
NZ_CP072019.1_gap11	674294	675727	1433	ATGGGCTCCATTCCTTCCGGATCATACAGGCCGGGCGGCAGATTGTCCGGCACTACGGCAGGCGATCCCCCGCGTTCGCGAAGGGCGGCGGCAGCCGTTTCCGGGGTTTCCTCCACCGGTTCCGCTACCGGGATGTCGTCCTTGGGCGGGTCAATGATGGCCTTGATGTCCTTCTTCTCCGTCTCAAAGAATTCCTTCACGATGGGGGCGGCAGCGGCGCCCCCGCCCAGCCGTTCGTGGGCGCGGCCTTCATACAGCACCACATAGGCGAAGCGGGGATTGTCACAGGGCATGAAGCCGGCGAACCACGCCAGGCGCTTGTCTTCCCGTTCCGGTCCCCACTGGGCCGTGCCGGATTTGCCGGCGATGCTGGAATAGGACAGGCGGGCGCGGCCGCCCGTGCCGCCTTCAATCACCTCCCTCATGCCCTTGCGCACGCTGGCCAGGGCACGTTCATAGGCTGGCAGGGGGCGCTGGACCTCCTGGGGCTTGGGAGCGTAAATGACATTGGCGTTGCCGTCCTGAATCTGCTTGATGAGCTGGAGCCTGGGCAGGTAGCCGTTCGCCACGCCGGACATCATGTGCGCCACCTGGAGGGGCGTGACCAGCAGCGTTCCCTGGCCGATGGAAAGGTTGGCGGCGTCTCCGGACATGAAATCCCGCTTGTAGTTGCGGATCATGTAGTCGCTGGTGGGCACCAGGCCGGGATCGTCCGGAATGGGCAGCCCGGTGCGCTCACCAAGTCCGAAGGCGCGGGCCGTATCCATCAGGGCTTCCGCTCCCAGCTTGAGCCCCATCTGGTACATGAACGGGTTGTTGGACATCGCCAGGGCGCGGATGCAGTTGATGTCCCCCAGGGGCGTCTTGCTCCAGTTGTTGAAAACGTGGTTGCCGATCGTGATGGATGCCGGGCAGTAGATCTGCGTATTTTCCGTGATCTTGTTATTTTTCAGGGCGCTGGCCACCGTCAGCACCTTGAAGGTGGAGGCGGGGGGGTAGCGCCCCTGGAAGGCGCGCGCGCCCAGCGGTCCGGCGGGGTCGTTGCGCAGGGCATCGTAATCCTTCTGGGATATGTTCGGAATGAACATGTTCGGGTCATAGGACGGCGTGGAGGCCATTACCAGCACTTCACCCGTTACGCAGTCCAGCACCACCATGGCGCCGCGCCTCTTGCCGCGGGAAAGGATGCGTTCCGCATCCCGCTGCCATTTCAGGTTCAGGGTGGTGACGATGGCGCCGCCGGGCTTGGGGCGTATCTGAAGTTCATCCAGAATCTTGTTGCCGTCCTCGTCAAACATCAGGCGCCATACGCCGGGCGTCCCGGTCAGGTCCTTGTTGAATTCCTTTTCCAGTCCCGCGCGGCCTTCCACCTGTTCCCACAGCGGGTCCATATGGTTGATGGGGCCGGTAGGCAGTTTTCCCTTGGAACCCAC
NZ_CP072019.1_gap12	677481	678184	703	GGCAGGATTGCACCTGTATGACCTGGTGTTCCCCGTCTTCGTGTTCATCTCTGGCGTTTCCATGTCCTTCTCCCTGGCGAAATACACCGGCGGAAACGCCTCTGCGGCCCCCGGGCTTCTCCACCTTTGGAAACGAGCCTTCGTTCTGGCCTTCCTGGGCCTCCTGGTCAACGGAACGCTTACCTGGACGGAGGATATGCGTTACGCCTCCGTTCTGGGCCTGATCGGCTTTTCCTGCGCCATCGCAGGCACGTGCATCCTGCTGTGCCGCCGCACGGGAGCGATTGCGGCGGCGGCGGGAGGCCTTCTGGGCCTCATCGCCCTGCTTCAATTCACCTGCGGCAGCTTCACGCCGGACGGCTCCGTCAACTCCTGGGTGGACATGCACTGGCTTCCCGGCCGTCTGCACGGAGGCGTCTTTGATCCGGAAGGCCCCCTCTGCATCGCCTCCGCTTCCGCCCTGTGCATGGGCGGATGGCTGGCGGGAAAATTTTTGAAGGAAAGCCGCCTGCCTTCCGTCCGCCTCTGCATGGCGATGATGGGAGCGGGAATCCTCCTCTTTTCCGCCGCCCGAATGCTGGACGGCGCCTATCCCATCATTAAAAGCATGTGGACCGGCACCTTCGTTCTGGCCGCTGCCGGAATCTCCCTGATGCTCCTGTCCCTGTTCCATCTGGCCGTCGACGCATGGAACGGCGGAAAA
NZ_CP072019.1_gap13	768627	771496	2869	AGACACCGGCAAAATACAGTTTTTCCGTACCATCCACATCCAGCGTCAGCGTACTGTTGGAGTTGGTCAGCACGCGCAGCGTATCCACTTCGCTCCCCACCGTGTAAGTCTTGCCGTAATACTCGCTGTCCTGCGTTTTCCCGATCAAATCCCCTTGCAGCCCCGCCAGAACGGCATCCTTCTGCACCAGCAGGATGTGGTAAAGGTCCATGCGTTCCTTTCCTTCAAAAACGGTGCCGTTGTCCGCCGCGTTCACGGTATGGGCGCGCGTCAGGTCCACCTTGGCGTTCCGCAGCGCATCGTCTTCCACGATGAGCTGTACGGCGCCGGGCTTCCGGATGGCCAGGATGTCGTTGTTGGCATCCGCATTGGCGGGGGAGTCCGCCTCGGAATACAGAATGTAGTTGTCCAGCTTGACCGTGCCGGTAAAATTGGACTTTTCCCCCGGGGCCAGGCTTTCATCGCAGATGTGGAACATGCTTACCCACTTGTCCTGGCCGCCCGCCGTCGTGGAGGTATAGCCCATCAGCGTCAGTTCCCCATAGCCGTCCAGCCTGCCGGTCAGGGACAGCGTGCGCCAGTGGCGGGAAGTCAGGTAATCCCACTGGTAGCCGGAGGAACCTGCGCCGGGCAGGTCTTCCTTCTCCGCCAGGGAAAGGGGGGAGTAGCCGATGACCACCTTCGCCGTGTCCTTGGAGGACGTCCCGATCCGGATGTTGTTGGCAATGGAGGGGTTGCGGTAAGAGGAATCCAGCTCCGTGGCAAAGGGGTAGTTGACATACAGTTCCGTTCCGTCCGCCATGCGGATGTCCCCGGCGCCCAGGGCTCCTTCACGGGCGGCCAGAATACTGCCCTCACGGATTTCCGTTCCGCCGGAAAAAGTATTGCCGGTAGCCAGGGTAAGCATGCCTGCGCCCTCCTTGACCAGCTCGCCCGCGTGGTCCGGTCCGGCGTCCGCAATGCTGCCTGCGCCGCCGTCCGCGGCGTGGAAGACATAGCCCATGCCGCCGTTCGCCTCCTTGTCCACGGAGACCGTCAGGCTGGAGACGCGCACCGTTCCGTCAAGGATGACGTCAAAGCCGTCCACGGCGTGGCCGGATAAATCCTGCATGCCGAAGAAGACTTCACGCTCCCCGTTGCGGAACGTCAGGCCGCCTTCCCACGGGCTGGCGCCCGCCGCCCCGTCGGACCACACGCTGCCGTCCGGAACCTTGGACCCGTTCCCCTGCCAGACGTAGTAATTGAACTTGTCCGCGTCAAAATAGGTGCCTTCCAGGGAAGTGGAATCCAGCCCGGTCACGAGCATCTGCCATTGGCCTCCCCCCTGCACATTCAGGGTCAGTCCGCTGTAAACGTCCAGCTCCCGGTAAATCCAGCTGCCGTCGGCATCCCTGCCCGTGGCGTACCTGACCTTTTCCCGCTGCACGGCGTCCGCAAAGAAGAGGGTATTCCCCTCCGTCACGGAAACCAGCTTGCGGGATTCTCCGGATTGAATGCCGGATGCGGGCATGATTACCGTCAGCAGGCTGCCCTCCGCAAATTGCACGGAAGAATCCAGTTGAAACGTTCCGTCCACATCCAGAACCAGCCCCTTGTTGAAGACAAGCGTTCCGGCGGACCGCCAGTTCATTCCCCCCAGCCGGGAAGCCGCTTCATGGTAATCCAGCGCGAGGATGGCCCCTGCCGCAATGTCCAGCAAGCCGCCGGAGGAAGTGGAAAAGGAATTCCCTACGGTCAGGGCCCCATCCGCCCCCAGGCGGAAAACGCCGCCCTGAATGTCCAGACTGCCCAGCCGGCCAGAATAAACGGTTTGCTCCCCGCTTCCCTTCTTGACCAGATTGATGACTCCGGTGCCGTCCGCCTCCACAAGCTGGGTATTCTTGTAGCTCTCATTCTTCTCCGTCCCCACGTAGTAGCCGCCGTCCGCGCCCGCCGCGCCGATCATTCCCTTGAATTCATGGTTCTCCGCACCGTCAATGGTCAGGGTAGCGGCAGTCCCATTGCCCACCGTCACGCGAGAGGAGGAACCGGCCGTGGCCCCTTCCAGGCCGGAGACGGTCAAATCACCCTCCAGCTTCAGGATCACCATGGAGGGGGTCCCTGCACTGTCCGTCAGCCAGCCTCCCAGCCCGGCGGGGTCCTTGCCGCCCTGGCGGATCACGGACAGGTCCATGACCGTGGCGTTCATATTCCCCGCCGCCTGAAGCTGGACGGGCGTATTATACCCCTCGGAGGAGAGGCTGGAACGCGGCGCCGCCGCCTGGACCACGCCGCTGAAACCGCCCATGTCCGCGCCCGTCAGGTCAAAATTGCTTACCCGGCTGCGGCTGGTGTTCTCAAACACCAGCGTCCCCGTACCGGAAACGGTACCCTCTAAAAAAGCCGTGCGCGCCGTAGAGCTCGTGAAGCCCAGATACACCTTGGAGCCGGGGCCGCCGTCCATCCGGATATTCAGGCCGTAATGCTTTTCCTTGTTGCCGCCGTCGCTGACATTGACACTGTCCAGGAAAATATCTCCGGAACCCTCCATCCGCACCGTTCCGTCAAATCCTTCCTCCAGGACAACGCTTCCACCCCCGGTCACGGTGATGTCCTGCGCCGCACGCGGAGCCGCGGCAAGGCTGCCGGGGCCGGAAACCGCAACGGCGTTCTCTGCAAGATGCAGCCCGGATTCCGGCTTCTCCCGGTCCCCATGGCTTTCCGCCTGTCCGTCCTCCTCCCTTGCCTCTTTCTCCCCGTCTGAAGAACCGGAATTTTCCTTCAGCGAGTCAGAAAGAAGGGGGGGGGGGGGGGGGGGGGGGGTATGACGGCTTACCTTGAAAGAGTTATAACTCTTGGAGCGGTTATTTCCCGATACCAGGGCATTTGC
NZ_CP072019.1_gap14	882831	883409	578	GGGCACCAACGCCCACTGGAACGAGGACAGCGAATACCTGGTGGCGGAAGGGGACGAGAGCGACGGCACGCTGGTGAACTACATCCCGGAGCATAGCATCGTCCTCAACATTGAGCCGGAACACCTGGACCATTACAAGGACCTGGATGAAATCAAGGCCGTGTTTGACCAGCTTTGCTCCCAGACGCGGGGCATGATCATTTACTGCCGCGCCCATGCCGGCGCAGCGGACGTATGCGCCGGCTATCCCAATTCCGTTTCCTACGGCTGGTCTGGTGCGGATTACACCGCCACGGACATCCTGGAACGCCGCGGCCGCACTCTGTTCACCGTCCTGAAAGGGGAAGAGGAACTGGGCCGCGTGGAGCTGGGCATTCCCGGACGCCACAACGTGCTGAATTCCCTGGCGGCCATTGCGCTGGCAACGGAACTGGGCGTGGACTTCCCGGCGATAACGCGCGGCCTGGCTTCCTTTGCCGGGGCCAAGCGCCGCTTTGAGACCAAATACCTTTCCCCCACCATCCGGATTGTGGACGATTACGGCCACCATCCCACGGAGATAGCCGCCACGCTCCAGA
NZ_CP072019.1_gap15	892507	893210	703	GGCAACCTGCCCGACCACCACTGGGACAAGCGCCTGCGGGAGGCGGAAGCCATCGCCATCGCCTACCAGGAAGTGTTCCAGAAATACAGGCTGAACCCCACCGGAGACATCCGCCTGGCCTTTGTGATGGGCTGGGACGACGTGCTTGACAACATCGCCCAGTCGGAGGAAACGGGCACTCCGTGTTCCTGCAAAAGCACCGGCATGCTCAGCCTCTTTGACATCCTCAACGAACAGGAGGCCCAGGAAGTGCAGTCCTGCATGTTCCACCCCCTCTTCCAGCAGGTCATGGAGCTGACGGACCTGTGCCAGCGCCAGTTCAGCCGGGAGATCAACAAATCCCAGAGGAACCGGACGGAACCGCCGGAACCCCTGAACCAGATTTTTTACTGCATCCGCTACATCACCCCGCGCATTCTCTCCTGCCTGCTCCAGGAGAAGGAAAACGATGCGGACTACTGCACCATGGCCGCCCGCATGGCCCTGTGCGTGGAACAGACGCGCCAGACGGTAGCCGCGCTGGACATCCGCCGCAGCCAGGTAGACGACGAGGTGACGGAACGTTTTTCCTCCTTGCTGGAGGAAGTCAACTCCTTCCAGGAAAGCCTGGCAACCCAAAGCCGGAAAAGCAATCTATAACCAACTTACTTTCACAACATTACCTCTTCACTACAGACCACCATGCACTTCCATACCTGCCTCC
NZ_CP072019.1_gap16	969811	973182	3371	CTTGTGGGCCTGGCCTATCTGGCCCAGTACCTGGGGCAGGACCTGGCCCGGACGGTCACGGTCAAATACCAGCCCCTGATGATGGAGAAAATCCACGAACTCCGCGCCTTCCTCATTGAACGTGACTGGAACAATCTGGCGGACCAGATGCTTCAGGAACTCCCGGACCTGCTCAACGGGCAGCGCATCGTGGCGTTCTCCACGGGGGTGATGGGGCAGCTCGCCTCCATGCTGACCTTCACCACCCTGATTCTGATCCTGATGACCTTCTTCCTGGGAGAAGCCCCCCGCTTCCGGATGAACATCAACAAACTGGGCAACAACAGCGACACGGGCATCCGCAAATTTTCCAAAGCTCTGGCCGGAGTCCAGAAATACCTGATTATCAAGACCTTAATTAGCGCAGCCACCGGACTACTGGCCTTCCTGCTCTGCTATTACATGAAGGTGGACTTCCCGCTGCTGTGGGGCATCGTGGCCTTCGCGCTCAACTTCATCCCCACCTTCGGCTCCATCATCGCGGCCATTCCCCCCACCTTGCTCGCCATGCTCCTGATCAGCCCCACCGCGGGCATCATCGTAGCCGGCGGCTACCTGGTGATCAACACGGTCCTGGGGAGCTGCCTGGAACCCATGCTGCTGGGCCGCCAATTCGGCATCGTGACAAGCATGGTCCTGCTCTCCGTCATCTTCTGGGGCTGGGTATGGGGCCCCATCGGCATGCTGCTGGCCGTCCCCATCACCATGCTGATCAAGCTCGGGCTGGAAAGCTCCAAGGATCTCGCCTGGATCGCCCAGCTCATCGACAACCCCCCTACGCCCAGATTCCCGCTCCCTCCTCTCCATTCCGGGAAAACCAACGAAAGCACAACCAAGGAATAATCCATGCATTCATTCGCATATAAAAACGGCACGCTCTACTGTGAAAATGTCAACCTCCAGGAACTGGCGGACAAGGAAGGCACCCCCCTGTACGTCTATAGCAAGCAGACCATTCTGAACCATTTCCACCGCCTCAGGGAAGCCCTGGCGCCCCTTAACGCGGAAGTGGCCTACGCCGTCAAGGCCAGCTCCAACATCGCCATCCTGAACCTCATGGCCCGCAATGGCGCGGGGTTCGACATCGTTTCCGGCGGAGAACTCTTTCGCGTCCTCAAGGCCGGCGGAGACCCTTCCAAATGCACCTATGCCGGCGTGGGAAAAACAGAGGAGGAAATCCGCTACGCCCTGGAACAGGGCATTTACTGCTTCAATGTGGAATCGGAGGCGGAACTGCGCGCCATTGACGCCATCGCCGCGTCCATGGGAGTGAAAGCTCCGGTAGCCGTGCGCGTCAATCCCAATGTGGAGGCGGGGACGCACAAATACATCACCACCGGGAAGGCTGAAAACAAATTCGGCGTGGACTTTGAACTCATTGAACCTCTTTACGAGATGGCGGCCCGCGAACTTCCGAACCTCCAACTCAAGGGCCTGCAGATGCACATCGGCTCCCAGCTCACCCAGGCGAAACCCTTCCTGGAAGCCGTCAGGAAAGTGGCTCCGCTGGCCGCCGCGCTGAAAGAAAAGCACGGCATCGAATTCTTCTCCATCGGCGGCGGCATCGGCATCGTTTACCAGGATACGCTGGATTCCGGCGTCAAGGAATGGTGGAATGAAGACTGCGCCCAGCTCACGCTGAGCACTTACGCCCAGGCCGTCGTTCCCACCCTCCAGCCTCTGGGCCTGCATATCATCGTGGAACCGGGACGCCTCATCGTGGGAAATGCGGGCGCGCTCATCACCCGCTGCCTGTATGAAAAGACTGGAAAGGCCAAAACCTTTAAAATCGTGGATGCGGGCATGAACGACCTCATCCGCCCCGCCCTCTACCAGGGGTATCATGAAATCATCCCGGTCAGGGAACACCTCTCCGAATCCTGCATCACTACGGACGTCGTGGGCCCCATCTGCGAATCCGGGGACTTCCTGGCCCAGAACAGGGACATGACGGACGTGCGCCAGGGAGAACTCCTGGCCGTGCTGTCCGCCGGCGCCTACGGTTTTTCCATGTCCTCCAACTACAATTCCCGCCCCATGGCGGAAGAAGTGCTGGTGGACGGAAACCAGTGGAACGTCATCCGCAGCCGCCAGACCTGGGAAGACCTCATCCGGGGGGAATCCATTCCGGAATAACCTCCCTCATTTCATCTTTCTCCACTTTCAACAGGGCGTCTCACGAAGGTAAAAACCGGAAGGGGGGGGGCGTCCCTTTTCCTATTATTCCATGTTGACGGAAAAAATCATTTTCCCTTTCCTCCACGCTGTCGCTTCACTTTCATCCTTCCGGCGGCAGCGCCGCCTTCAGTAATACTAATTCGGTTCCACGCCCACCATTGACCCGCTAGGGGAACATGACGGCACGGAAAAGCCTTCAACCCGCCGCGAGACGAGAAAAAACGATATTTTTCCGCCTCCCTGGCCGTATACTGAAAATGAAATACTACCTGCGGACAGCATGCGGCGTCATCCTGGGGGCAATAGCCTGCGTGCAAGGCTTTGGAGCTACGGCCCATCATGACAGCTGCATCCAGGAAGGCTGGAAAGAGGAAATTCCCCAGCCGGTTTACCCTGACAAAGACCTCGTGGACCTTTACCATAAAACATGGGAAATCGCGGCCGGACGGGTAAGAAAAGGCCCTGAGGGCCTTCCCGGGTCGCCCTACATGGATGAAAACTGTTACGAAGACCAAATCTGGATTTGGGATACCTGTTTCATGGTGCTCTTCGCCAAGTATGCGCCGCATTCATTCCCCGGAGAGGGAAGCATGGACAACCTGTACAAGCCCATTTGGGATAAGGAAAAAACTCCGCTCCGCATTCACCTCGTGGACAACCCTCCGTTATTCGCATGGGTTGAAAAGGAATATTACGACTTTACCGGAAACAAAAACCGCATCCATGAAATCCTGAATCGGAAACAGTACCTTCAAAAACATTTTGACTGGTTTGCCAATGCCAAAGCGGGGGAACGTTTCGAATGCTCTCCCCAAAACATCTACCTGAACGCCATCGGTGAAGATGGCTTTACATGGACGGGGGGCGCCAGCGGAATGGACAACACGCCCAGAGGCCGGGACGCAGGCGGCTACAATAAGATTTTATGGATTGACGCCATTTCCCAGCAAGCCCTGAGCGCACGCTGCATGGCCCAATTGGAACAATCACTGGGCAATGCAGACGCAGCCGGGAAATGGGAGGCCATCTACCGCAAGCTGAAAGACAAAATAAACGAACTGTACTGGGATGAGCAGGACGGGTTCTACTATGATGTGGCGATAGAAAACAGGCAGCCCTGCCGCATCAGGACAATGGCCTCCTATTGGCCACTT
NZ_CP072019.1_gap17	989959	990836	877	AACCATTCCCGGATTCCACCACACCCGGAACCGCTTCAACCGCCTGGTGGAAGTGGCGGCGCAGGATCCGCAGGAACGCCTTTCCACCTGCCTTCCGGAACTGGACTTCATCAAGGCGCGCGAGCAGGACGTGGACCGTTTGCTGGACCTCCAGGCCAGCGGCGTGCTTCCCACCCGCATCACCCATAACGACACCAAAATCAACAACGTCATGCTGGACGAGGATACGGACCACGCCGTCTGCGTCATTGACCTGGATACGGTCATGCCCGGCCTTGTGCTGTACGACTTCGGCGACATGGTGCGCACCGTTACCCCGCCTACGGAAGAAGATGAGGAAGACCTGGACAAGGTGCGCATGCGCATGCCGATGTTCCAATCCATTGTGGAAGGGTATCTGGCCGCCGCCCACGGCTTCCTGACCCAGGCGGAAATAGACCAGCTTGCTTTTTCCGGAAAACTCATCACGCTGGAAATCGGCATCCGGTTCCTGACGGACTACCTGGAAGGAGACCAATACTTCAAGGTTTCCCGCCCGGACCACAACCTCATCCGCTGCCGCACGCAGCTCAAGCTGGTGGAATGCATTGAACAGGAACTTCCGTCCATGGAGCAATATGTCAAGCGCGTGGCCAAGGGGATGTCCAGAAAATAGAGTGGGAGCTCTCTCTCCTTCTTTTCCATTCTCTCCGGGACGGCTATGCCGTCCCTTATTATTTATATTATTTGAACACTGCGGCGATTTCCATAATCCAAGAAACATTCCACGCAATCGCCACAGACCATGTTTGAAATACCGGATATTCAACTCAATCAATATGGCAAGCCGGCAAGGATCATGTATCTGGCCCCGTATGCCCCCGACGCTCCCGATTTC
NZ_CP072019.1_gap18	1091130	1093039	1909	AGATTCTTTCCCTCTCCATGCTGCTGCGCTACTCCCTGGGAGAAAAAGCCGCGGCAGACGCCATTGACGCCGCCGTCCGCCGCGTGATTGACCAGGGCTGCCGCACGGGCGACCTGGCTACGGGCGCTCCCGGAGAAATCCGCGTGAATACGGCGGAAATGGGGGATGCCATCATCGCAGCCCTGTAAAAGGGCCGTTTTTCCAGCTCCGCAGGCGCTTCCATCCCCTGCGGGGCATTTTTCCTTCCGGAGGAAGGCTGGACTGTTCCTCTGTTTTTTCCTCACTTCCGGATTTCTCCGGTTCTTCATCCACCTATCATGAACGTTCTTATCATTGGCCAGGGAATCGCCGGCAGCTGCCTGGCGTGGGAGTTGAAACGCCGCGGCGCGGATTTCACGATTGCGGACCGCCCCATCGCGGAAACGGCCTCCCGGGTGGCGGCTGGATTGGTGAATCCCCTGACGGGCCGGGCCTTCCGCCCCGGCTGGCGGCAGGAGGAATGCCTGTCCGCAGCGGAGGCCTTTTATCCGGAGACGGAACGGGAACTGGGCGGCTCCTGGTGGCAGAAGACCCCTATTTTCCGGGAACTGGAAACGGAGGACCAACTGGAAGTCTGGCAGGAACGCCAGACGGCCCCGGAGTCCTGCGCCTATGCGGGCCCCCTTTTCCCATGGCCTGAACACTGGGAAGGCCGCGGAAAAGCCGCCTATACGCGCGGCTCCGCCGTGCTGCACGTGGAGGACATGGTCAACGCCATGCGGAGGTTTTTCACGGAACAGGGCCGTTTTGTGGAAGCGGACGTGTCCCCTGCGGATATCCGTCCGGATGAAAACGGCCTTTTCCATTGGAACGGCCAGACGTTTTCCCATATAGCCTGGTGCACCGGCTGGGAAGCCGGATGCCACCCGGACATGGCTCCCTTGAAGGGACGCCCTTCCAAGGGCACTATTCTGGACCTGGACCTGAAGGAGCTGGACTGGCACGCCGGCATCCTGCATTTCGGCCACTGGCTGGTTCACAACGGTTCTTTCTGGCGCTTCGGCGCCACTTACGCGTGGGCGTGGGACGCTCCCGGCATTCCGGAAGCCCCCGCCGTCCAGGAATTGATGCTGGACCTCGTCAAACGCTATTCCGGGGAGACGGGCTTCCTCCGCGCCCGAGCCGCCGTGCGCCCCATCATCCGGCGCAGCCAGCCCGTCGCCGGGCCCATTCCCGGCCTGAACGGCCAGTTCGTCTTCTCCGGACTGGGCAGCAAGGGAGTGACCACTTCCCCGTGGGCCGCGGCCCAGCTGGCGGAACATCTTGTGCACGGGGCGGAACTGCCGCCGGACCTGCTGCCCGCCGCGCTATGGAAATAATGCGGCGCGGTTCCCGTACTTCCTTGAACGGGACAGCTATTTTCCTTGTCAAAACGCCCTGAACACGATTACATGCGGCCTTATATGCGAGCGGAGAACGAGAACTGGGGAGATACGGTACGGGAGCATTTGTTTGACCAGCGCGGCGCCGTGATGGTGCACTGGCTGATCCTGCTCAATGTGGTCGTCTTTATCCTCGGGTTTTTCTTCCAGGTGGATATTCCACGGGATATTTACCCGCCGGGCCGTCTGGACCTGATCCAGCTTTACGGGGCCTACAGTGAATACACGTGCTTTCATGAAGGGGAATTGTGGCGATTGTTCACCTACCAGTTCCTGCACGCCAATCTGGGGCACATTATGTTCAACATGATCGCCCTGTGGTTTTTCGGGCCGGTCGTGGAGGAACGCTTCGGCCATCTGCGCTTCCTGCTGTATTATCTTTTCTGCGGCGTGGCGGCGGCCCTGTTTTCCTCCCTGCTGGGGTACATGGGGTTCTTTGATCCGGAATGGCGCTTCATTCCCATGGTGGGGGCCTCCGGCTCCATTTA
NZ_CP072019.1_gap19	1166858	1170078	3220	TCTCCCTCCTCTCCCTCCCTGGCCAACGCGCAGGAGGCCGCCATCCCTTCTACGGACACGGACTGGGCTTTCTCCCTTTCCGCGGGCTGGTCCAGCAAATACGTGACGGAAGGGCTGGACTGCCTGCCGGGCAGCGGCATCTGGGAAGTGGCTCCGAGCATCTCCTGGAAAGACCTTACGCTCAGCGCCTGGTACGCCGGGGGGGATTCCTCCAATTATGACGAGCTGGACCTGGTTCTGGGTTACGCCTGGAAGCTGGGGAAGTGGACCGTCAATCCCTGGTATGAGCACCAGTTCTATTTCACGCAGGACTACAACGTAGCCAATCCGGCCCTGACCGTCTCCTATGCCGTGACGGACTGGCTGACCGTGGGGGCGGAAACCCAGGTGAAGGTGGAACACCAGGATTTTGAAGCCTATTACAGCGCCTTTGTGCAACTGGAATGGTCCCCCGTGGAGAACGTGACGGTAACGCCCATGGCCAGGTACGGATACAACGGCGGTTATAACGTGGACTATGACGACGGCTCCAACTGCATTGACTGGAGCCTGGGCGTGACGTGGCGGTTTGCGGAACATTATTCCCTTTCCGGCTCCGTCAATTATTCCCAGGCGGCTACGGTGCTGCGCCGCAGGGACGCCGGGGACGAGTTCTGGGTGGGCTTCCGCCTGGGCGTGGAATTCTAACGGCGTACTGGCGTCATGAAAAACGGGCTTCCAAAGGGAAATTAACAATTTCTTAATGTCCGGCAGCCCCTTGTTAACTACCCGGAATTTCCGGAACATGTATAAAGTTGCGTTATGTCCTCACACGACTTGTTAATCATTGTCCTATTCATAGGCATACTGGTCGCCTTCACTCCGTTGCTCGGGAAGTGGCTGGCGAATGTTTTACAGGGAAAGCGGAGCTGGCTTTCCCCGGTTCTTGGTCCCGTGGAGCGCTGCACCTACCGTGTGGCCGGCGTGGACCCCTCCCGCGAAATGGACTGGAAAAAGTATCTGACGGCCGTTCTTCTGTTCAACGCCGCCGGATTCCTCATCCTGTTCCTTTCCCTGCTGTGCCAGAAATGGCTGCCGCTGAATCCCGCCGGCACGGAAAACATGCGGTGGGACATTGCCCTGAATACGGCCATCAGCTTCATGACCAACACGAACTGGCAGTTCTACTCCGGCGAAGGGCCGGAAGGCATCAGCTACTTTGTCCAGATGACCGGGCTGGGCGTGCAGAACTTCGTCAGCGCCGCCACGGGGATTGCCGTCATGGCCGCCCTGATCCGCGGTCTGAAAAGGAAATGCGCCTCCACTCTGGGCAACTTCTGGGCGGACCTGACGCGCAGTACCTTGTACTTTCTGATTCCGATTTCCGTGGTCGTCGCGCTTCTGCTGGTCTCCCAGGGGGTGGTGCAGTCCTTTGACGGACCCGCCACCGTACCGGGCATGGACGGCGTGGAGCAGGTGATTCCCAACGGTCCGGCGGCCTCCCAGGTGGCCATCAAGCAGCTTGGGACGAACGGCGGCGGCTTCTTCGGGAACAACAGCACGCACCCCTTTGAAAACCCCACGCCGTTCAGCAACATGGTTGAAATGCTCTCCCTGCTCCTGATCGGCTGCGCCTGCCCGTATGCCTACGGCGTGATGATCGGGAAAAAAAGGCAGGGCTGGATCATCTTCGGCGCCATGATGCTTCTGCTTGTGACGACCATCGGGCTTTCCCAGTGGGCGGAACACACGGGGAACCCGCTGTTCCCCGGCATGGAAATGCTGGAAGGCAAGGAAGTGCGCCTGGGCGTGACGAACAGCTCCCTCTGGTCCGTGGCTACGACGGCCTCCTCCAACGGCTCCGTGAACTGCATGCACTGCAGCATGTCCCCGCTGGGCGGCGGCATTGCCCTGTTCAACATGCTGCTGGGTGAAGTGATCTTCGGCGGTCTGGGCTGCGGCCTGTACGGCATGCTGATGTTCGCCATGATCACCGTCTTCCTGTGCGGGCTGATGGTGGGGCGTACTCCCGAATTCCTGGGCAAAAAAATTGAAGCGCGGGAAGTGCGCTGGTCCATGGTGGGCGTTCTGCTGCCCGGCATAACCGTCCTGCTTATGAGCGGACTGGCCGCCGCTACGGAAGTGGGGCGTGAATCCATCTGCAATGCCGGACCCCACGGGCTGACGGAAATCCTGTACTGCTTCGGTTCCCAGGCCGGGAACAACGGCAGCGCCTTTGCCGGCCTGGCTGTGGGGGATACGCCTTTCTATTCCGTGCTGGGCGGCCTGGCGATGCTGCTGGCCCGCTTCGGAGCCATCATTCCGGTGATGATCATTGCGGGCAGCATGGTATCCAAGAAAACCGCGCCTCCGGCCCAGGGCACCATGGCGACGGACAACCTGATGTTCATGGTTCTGCTGGTGGCCGTGGTGCTGATTGTAGGCGCCCTCACCTTCTTCCCGGCCCTGGCCCTGGGGCCCATTCTGGAGCATCTGCTCCTGTATTCGGGAACCATGCTGTAAGTAGCATTCACCAACAATCCAGATTTTACGATGATGAAAGAAGAAAAAAAGAATCAATCCTGGTGCAACGGGGCCATGCTGAAAACGGCCTTCCGGGACGCGCTGCGCAAATTTGACCCGCGTGCTTTATCCAAAAACTTCGTGATATTCGTCACGGCCATCGGTGCCCTGGTTGCCACGGTCGTCCTTATCCGGGATGCCGCCGCCGGGCAGCCTTTCGGCTTTACCCTGCAAGTCACGCTCTGGCTCTGGTTCACCGTCCTGTTCGCCAACTTTGCGGAAGCATTGGCGGAAGGCCGTGGAAAGGCCCAGGCGGACGCTCTGAAAAAAATGCGCGTCTATGTGAACGCCCGTCTGCTGACGGACAAGGGGACGGAGGAAATAGTCTCCGTTTCCGAGCTGCGCAAGGGGCAAAAAGTGCTGTGCGAGGCCGGGGACATCATTCCTCTTGACGGCGAGGTGATTGAAGGCATCGCCAGCGTGGACGAATCCGCCATTACCGGGGAATCCGCCCCGGTCATCCGTGAAAGCGGGGGAGACCGCAGCGCCGTAACGGGGGGCACCCGCGTGATCAGCGACGGCATCGTCATCCGCATCACGGCGGAACCGGGCAATACCTTCCTGGACCGCATGATCGCCATGGTGGAGGGCGCCAGCCGGCAGAAGACGCCCAATGAAATCGCGCTGGGCATCCTGCTCGTGGCGCTGACCATCGTCT
NZ_CP072019.1_gap20	1171295	1173138	1843	CAGAGCGCCATCCTCAGCGCGGTGATCTTCAACGCCCTCATTATCGTGGCGCTTATTCCACTGGCCTTGAAGGGGGTTTCCTACCGACCGGCGGGAGCAGCCTCCCTGCTGAAGCGCAACATCCTCATTTACGGGGTAGGCGGCCTGATTGCGCCGTTCATCGGCATCAAGCTCATCGACATGGCCGTCACCGCCCTGCACCTCGTCTGAACAATTAAAAATCAACCTGCTGAATCATTATGAAATGGACATTTCCCAATCTGCGCCTGTTTCTGGCGCTGGCCGTCGTCACCGGCGGCATTTATCCCCTGGCTGTCACGCTTGTCAGCCTGATTCTGTTCCCCCATCAGGCGCACGGCTCCCTGATCCGGAATGAACGGGGGGAAGTCATCGCCTCGGAGCTCATCGCCCAGCCCTTCACTTCCGCCAGGTACTTCTGGCCCAGGCCCTCCGCCGGGGACTACGCCACCATGCCTTCCGGTGCCAGCAACCTCTCCTGGACCTCCGGAGAACTGGTCAGGACGGTGGCGGAGCGCAAGGCGGCCCTGCTGAAAGCCCACAACCTGCCGCAGGAAACGCCTGTTCCGGCAGATCTCCTGTTCGCTTCCGGAAGCGGTCTGGAATCCTGCATTTCCCCGGAAGCGGCGGAATTCCAGGCGGCCCGCGTGGCGGCGGCCCGCAAGCTGCCACTGGAAAAAGTAAGGCGATTGGTGGCGGAACACCTCATTCCGGGCGACATCCTGGGGGAAAACGTAATCAACGTGATGACGCTGAACGCCGCCCTGGATACATTGCCCCCCAGTTAGTGGTATATAGTTGACCGTCCCGGTCCGGGGAATACCCTGGCGGAAAAATCGTCCGGCAGTTGTCCGGTGCCTTGGTTCCGCATCTTTCTCCGGTCGCCGGGGCGGATTTTATGAATGAAAGGGAGGAACTCTCCTCCAGAACCATGGGGCTATCTTTTGCCTTCCAGAAGAAACAGGGCCGCTCCGTGGGGATTGAGCCGCACCTTCATTTCCCGGCTTGCCGTTCCGGCGTTTTCCTGCTTCCACAGGTCGCGCGCGTTTTGCGGAGACTTCAGCTTGAGGCGGGAAAGGGGGACATGAATGATCTGGCCTTTATTGCTTTTATTGAAAAAGCCGACGGCGGTACGGCCTTCCCCCAGCGGTTTGATCCATACTTCTCCATCATCTTGGGACAGGACTTTTTCCGAAGGGCCGCGAAACGTCTGGTTGACGGCGATCACTTCCCGGTTGCACAGGATGCCCCGCGTGAAATCGTCCAGATGCTCCAGATCGCATGAAATAATCAGGGGGGCGGATATTATGGCCCAGAAGGACATCTGGAAATACTGCTCGTCCGGAGTCAGCCGGGTGGGGGAGAATGTGGTATTCGCCTTTCCGACCTTGCCCAGGCGGCCGATTTGAAGCATGTCCGGATCATTCCAGTGCCCCGGTCCGGCATAGGGCTGCCATTTCTCCTGGGAGGAAGCGATCTTCTTCAAACTGCCCCAGTGGTCTTCGATATCTCCCGTCGTGCGCCAGACGTTGGCCGTTTTGCTGATGGGGCCGGCAATCTCGAACGGGGTGGAATTGGAAACGCTCAGCACAATGTCCCTGCCGCTTTTTTTCAAATCCGCCGCGATTCTTTCCGTGCTGGGCACGTCGATCAGGTACCAGTCCATCTTGACGTAATCAAACCCCCATTCCGCCCACTGCCTGGCATCCTGGGTAATCATCCATACGGGGCCTGTTTTGGCGGCTCCCAGCCGCTGGGAACCCGGACAGCTCCCGAACAATTGATCGGGCTGCGGGCGTTTGCTTTCAGGAAGGGCCAGGGAGGA
NZ_CP072019.1_gap21	1176466	1180260	3794	ACCCCGTCTATGGAGCGCGTCCCCTCAAGCGGGCCATTCAGCATGACCTGCTGGACCCCCTCAGCCTCAAGCTCCTGGAGGGCGACTTCCCGGAAGGGACGGAAATCGTGGTGCGGGAAAAGGGCGGCAAGCTGGACTTTACCAAGGAAAAGAAATAACTGAAAAGGCTGCTTTTCCGGTGTGCCGCCGGGAAAAACCATGAAGGGCGTTCCCTGGCAGGAACGCCCTTCTGCTACCAATCCACTCCCTGGCGGCTAAAGGAAACTGCCGTCTGGCCGACGTGAAAGGAAAATCCGGGAGAGGAAACCGTCAGCAGCGGCGTCTTCGTAAAGCGAGCACGGCCAGCCCCAGCAGGGAAAGCGTGGAGGTGCCGGGCTCCGGAACCATCTTCCAGCCCATGGAACGCATCAATTCCATTTCTCCATCCGTCAGGGTACGGTGGTAGGTATCCGGCGAAATGGAATACTGCATGAGGGCGTCCGGATCGCTCGCGCTGTCGATGTGGGCCATGCTGGACCCTTGCTGCCAGGTGGCGGGGTTATAGGCGGTGAGCCCCGTATCGCCCAGGGACAGGGTTTCTCCAAGTGTAAATGCCGTATTCCCGTTTCCGGCCTTATTCACGATGGATTGGCCTTCCTGGTTGGTTAACAGGGAATCATACCTGGTGTACAGCATGGTGCTGTAAGCTGCTGAAGCATTCCCGGACTGGACCTGGAAGGTACCGGTTTGTGTCGCCAGGGAAAGAAACCCTGCGGCATGCCCTATCTCATGGGTCAGGATGCTTTGAAAATCATATTTTCCCGTATGCTCCGCCGGTAAGGCGACCTCGTAATAAAGAGAATTCAAATGAGAGGTATTGCACTGGATGTAAATATCGTAACCCGTTGCAGTCCTCGTGCTCCCATCGCGCCAGACGGACTCCACCAGGGTGGAAACCTGTTGCGGTCCATTTGACTGGTAGTAGAAATAAGGGGAATAGGCGGAGGCCAGAGTGGAGGAATTGGCTCCGTCGTACCAGGTGAGGCCAACAGTAAGTGTTCTGCCCGGGGTGGAATTGATCAAGCTATCCCATGTGGTCAACGCCCGCATGGCAGCGTCTATCTGGCCTTGGTCCCATGTATGGGTGCTTGATGAATCAAAAAATCCCTGGTCCCCGGAATCCAGGAAGGTGCAGGAAAAAGTGGAGCCTATACTGGCTGTTTGTACAGCGGATGAGGAAGGAATGTTTCCCAGGCAGCAGGCAGCGCAGATAGTTCCAATCCAGAATGATCTTTTCATAGATGGCAAAATAATAAAAACTTCCTATAGATAGCAGAAAAAATCCTTTCCGTCCATGGGAAAACAAAATGGTTCAGTCTCCTTTTCAAGGGAAGGAATGCAATGGAGGTGGGCGGAGGAAGCACCTGCGTTCAATAGCCCTTTTTTTCGTCCTGGCAGGGGGCAAAAAAGAGGAACTGTAGTTATTGCGGAAACATCACGGGAGAAAATGTTCAAAAAAATGGCACGAGGGAGGGGGAGTATGACAAAAGCCTAACTATTTTATAAATTGGAAGTTATGAATGGACGTGACAAAATGGGTGAAAGACTCTCACAAAAAACGACTCGAAAAAAATTGACAAGGGAGGTGAAAATGGTAGACTTCTCGGCACGCCAACACGGCGACGGGATGAAAAGCCCGGCGGCAGGAGGGACTCGGAAGAGGGCCTGAATGAAGCCGGGGCCGGCCACCCGGAAGAGCCTCATTAAAGGGGCCGATAAGAAGATTTCAAGGGAATGACTACCGAACCCGCCGAGGGTTTTCCTGAATGCGTCGAGAGACGTGTGAGGGAGAAAAAACCCGAAGGAGCGACCTAGCTCCGAGAGGGGCGGATTGGTAGAAGCAAGGGGAAAGAAAAAAGGTCGTGACGCGCGCCGTGCTTGGCAGAGCGAAGAGGACCTCAAGAGACACAACTTGAGGGAAGAGCTGACTGAAGCATGGCGCAGATGAAATCGAAAGATTCCATTTGGTCCAGCAATTTCAAAAATTATATTTGATGGAGAGTTTGATTCTGGCTCAGAACGAACGCTGGCGGCGTGGATAAGACATGCAAGTCGAACGAGAGAATTGCTAGCTTGCTAATAATTCTCTAGTGGCGCACGGGTGAGTAACACGTGAGTAACCTGCCCCCAAGAGTGGGATAGCCCCGGGAAACTGGGATTAATACCGCATAAAATCGCAAGATTAAAGCAGCAATGCGCTTGGGGATGGGCTCGCGTCCTATTAGTTAGTTGGTGAGGTAACGGCTCACCAAGGCGATGACGGGTAGCCGGTCTGAGAGGATGTCCGGCCACACTGGAACTGAGACACGGTCCAGACACCTACGGGTGGCAGCAGTCGAGAATCATTCACAATGGGGGAAACCCTGATGGTGCGACGCCGCGTGGGGGAATGAAGGTCTTCGGATTGTAAACCCCTGTCATGTGGGAGCAAATTAAAAAGATAGTACCACAAGAGGAAGAGACGGCTAACTCTGTGCCAGCAGCCGCGGTAATACAGAGGTCTCAAGCGTTGTTCGGAATCACTGGGCGTAAAGCGTGCGTAGGCGGTTTCGTAAGTCGTGTGTGAAAGGCGGGGGCTCAACCCCCGGACTGCACATGATACTGCGAGACTAGAGTAATGGAGGGGGAACCGGAATTCTCGGTGTAGCAGTGAAATGCGTAGATATCGAGAGGAACACTCGTGGCGAAGGCGGGTTCCTGGACATTAACTGACGCTGAGGCACGAAGGCCAGGGGAGCGAAAGGGATTAGATACCCCTGTAGTCCTGGCAGTAAACGGTGCACGCTTGGTGTGCGGGGAATCGACCCCCTGCGTGCCGGAGCTAACGCGTTAAGCGTGCCGCCTGGGGAGTACGGTCGCAAGATTAAAACTCAAAGAAATTGACGGGGACCCGCACAAGCGGTGGAGTATGTGGCTTAATTCGATGCAACGCGAAGAACCTTACCTGGGCTTGACATGTAATGAACAACATGTGAAAGCATGCGACTCTTCGGAGGCGTTACACAGGTGCTGCATGGCCGTCGTCAGCTCGTGTCGTGAGATGTTTGGTTAAGTCCAGCAACGAGCGCAACCCCTGTTGCCAGTTACCAGCACGTAAAGGTGGGGACTCTGGCGAGACTGCCCAGATCAACTGGGAGGAAGGTGGGGACGACGTCAGGTCAGTATGGCCCTTATGCCCAGGGCTGCACACGTACTACAATGCCCAGTACAGAGGGGGCCGAAGCCGCGAGGCGGAGGAAATCCTAAAAACTGGGCCCAGTTCGGACTGTAGGCTGCAACCCGCCTACACGAAGCCGGAATCGCTAGTAATGGCGCATCAGCTACGGCGCCGTGAATACGTTCCCGGGTCTTGTACACACCGCCCGTCACATCATGGAAGCCGGTCGCACCCGAAGTATCTGAAGCCAACCGCAAGGAGGCAGGGTCCTAAGGTGAGACTGGTAACTGGGATGAAGTCGTAACAAGGTAGCCGTAGGGGAACCTGCGGCTGGATCACCTCCTTTCTATGGAGAAAGTGCATGAAAAATGCACAGGTCGGATCTCTTCCCGAGGGAAGAGAGAGCGAAACCCGCGAGGGCCCGCAACGAACCAAAGATGTGTAAACAGCCAGTTCGCTTGGAGCGAAACTAGGCACGACGTGCGTGACGACCTTTTTTCAAAAAGAACCGCAACTGGGGGTATAGCTCAGTTGGTAGAGCGCCAGCTTTGCAAGCTGGATGTCCGGGGTTCGAGTCCCCGTGCCTCCACCAGTTTCG
NZ_CP072019.1_gap22	1195523	1199744	4221	TCCGTTTCCCCGGAGCGGTGGGAAATAACGGCAGTGTAGCGGTTGCCCATGGCCAACTCCACGGCATCCAGCGTCTCCGTCAGGGAGCCGATCTGGTTTACCTTCACCAGAATGGAGTTGCCCACGCCCAGATGAATGCCTTTTCTGAGGAATTCAACGTTGGTGACGAAGAGGTCGTCCCCGACGAGCTGGGTGCTTTTGCCCAGTTTTTCCGTCAGGATTTTCCAGCCGTCCCAGTCGTTTTCCGCACAGCCGTCCTCAATGGAGACGATGGGGTATTTCTTCTTCAGTTCCACGTAGTAATCCGTCAGTTCCGCGGCGGTTCTGCGGCTGCCGTCGGACTTCTTGAAAACGTACAGTCCGGATTCCGGATCGTAGAATTCGGAGGAAGCCACGTCCAGGGCAATGGAAATGTCCTCCCCGAACCGGTAGCCGGCCTTGTCCACGGCCTGGGCGATGCAGTCCAGCGCGTCTTCCGCGGAGTTCAGCCTGGGAGCGAAGCCGCCTTCATCACCCACGGCGGTGGAAAGGCCGCGGCTGTGCAGGACGGATTTCAGGGCATGAAAGACTTCCGCGCCATAGCGCAGGGCTTCCCGGAAAGTAGGCGCGCCGGACGGAACGATCATGAATTCCTGGAAGTCGATGGGCGCGTCGGAGTGGGCGCCGCCGTTGATGATGTTCATCATGGGGACGGGCAGAACCTTGGCGTTCGGGCCTCCCAGGTAACGGTACAGGGGCTGTTGCAGCTGGGCCGCCGCCGCCTTGGCAAGCGCCAGGGAAACGCCCAGAATGGCGTTGGCTCCCAGTTTGGCCTTGTTGAAGGTGCCGTCCAGAGAGCTCATGAGGGCGTCCGCCGTGGTTTGTTCCGTCGCTTCCAGGCCGATCAGGGCCGGGGCGATGACGTTGCGGATATTGTCCACAGCTTTGGTGACGCTCTTGCCCTGGTACCGGGCCATATCGCCGTCCCTGAGTTCCCAGGCTTCATGTTCCCCGGTGGAAGCTCCGCTGGGGACGCCCGCCGTGCCTGTGGCTCCGCCTTCCAGATAAACGTCCGCCTCAATGGTGGGGTTGCCGCGTGAATCCAGAATTTCACGCCCTGTTATTTTTGCGATGCGCATTTCTTTCATAAAAGCCGGATGGGTTCTGCCTTGAAAAGCAGATATTGGAATTAGTTTAAACTAATTTATAGGCCTTGTGTATACCGTATCCGGGGCGGGTGCAAGCTTTTTCTCCGGAAGAAGGGCCGGCTTCCAGACGGTACGGGGCTGCCGTTGGGGCAGGTCAGCCGCGGTAATGTTCTTTCAGCCAGGCTATTTCCTCGCCGTGCCCGGCGTCGTCCCGGGGCGTTTCCAGGAAAAAGGGCACTTCCCGGAGGGAAGGATGGTTGATGATGTTGATGAAGGCCTGTTCTCCCAGGCTCCCCTTGCCGATGGTTTCATGGCGGTCCTTGAAGGAGGAGAAAGGCGTCATGCTGTCGTTCAGGTGGATGGCGTTCAGGCGTTCCAGGCCCAGCACGGAGTCGAACTGTTCCAGCACGGCGTCCAGGCTGTTGACGATGTCGTACCCGGCGGAATAAACGTGGCAGGTGTCCAGGCAGACGCCCAGCTTTTCTTTCAGGTCCACGCGCTCAATGATGGCGGCCAGTTCTTCAAAGGTCTTGCCGAGCTCGCTTCCCTTGCCGGACATGGTTTCCAGCAGAACGGTGGTTTTTTGGTCCGGAGCAAGCACGCCGTTCAGTTGGTCCGCCACCAGTTCAATGCCTTTTTCCACTCCCTGTCCCACGTGGCTGCCGGGATGGAAGTTGTAAAGGTTGCCCGGCAGATACTCCATGAGCTCCAGGTCTTCCCTCAGCACCTGGGCCGCAAAGCGGGTGACTTTGGGGTCAGCGGAGCAGGGGTTCAGCGTATAAGGGGCGTGCGCCAGCAGCGTGCCGAAGCCGTTGTCTTCCGCCAGCTTCAGAAAACGGGCAATGTCCGGTTCGTCAATGGCCTTGGCCTTGCTTCCGCGCGGATTGCGGGAGAAGAACTGGAAGGTGTTGGCTCCGATGGAAAGGGCAACCCTGCCCATGGCTTCGTAACCTTTTGCGGAGGAGAGGTGGCATCCGATGTACAGCATGGCGGTAAAGGTGTGTAAACGAGCATATCGGAAGGGAATTGCCGTGTCCAGCATGGGGGGTGATTTCAAGCGGCTGCCGCATGGCTCCGTGCCTGTGTGGTGTGCCATGACCGTGGCGGGAAAACAGATTGACATTTTTACGATTTTAAAAATAATAAATCCATTGCTTATGTCCGATTGCTCCTGCACCTCTTCATCCCGTCCGGTTCACTCCGTCAAGGAGCTGGAACCTCTTGCCGGTGTTTTCAAGGCGCTGGGGCATCCCGTGCGCCTCATGATTGTGGAGATGCTTCTGGATGGAGAACGCTGCGTCTGCGAACTGCAGAAGGATTCCGGACGTGACATGTCTACCGTTTCCAGCCATTTGAACGTGTTGAAGAACAGCCGGATAGTGTCCTGTGAGCAGCGGGGGAAAAATGTGTATTATTCCCTGTGCTGCCCCTGCCTCAGCAGCGTGCTTTCGTGTTTGCAGGAAAGCCCGGCGTTAAAGGGGTAACGGTATTGGTATTCAGTTTGTTCAGTATTTTTTATTCATACATTTTGATATTCTTAAAAATATAAATCAATAATTACATGAAGAGGATAGTAATTTACGGACCGGGGTGCGCCAAATGTACGGCATTGGCGCAGGTGACGGAGCAGGTCATGCGGGAACTCTGCCTGGAACCGCTTCCGGAAAAGGTGACGGATGCCGCGCAACTTGCCGCCGCCGGAGTGCTGGAAACCCCGGCTCTTGAGGTGGACGGCAGGATTCTTGTTTCCGGCACGGTACCCTCCCGGGATGAAATCAGGAGGATGCTCCAAAAAGCGCTTCAAGCGGATTCTCCGGAGAAGGGTTGCTGTAGCGGAAGGCCGGAGGATTCAAGGGCAGTAAAGGGGAATGTTCCCCATCCGGAGGCAGGTTCCTGCGGGTGCGGAGGAGGGGGCTGCTGCGGCAGCGCTTCCTCCAGGCGAAAGGGCGGATGGAAAAGGGCTGCCGTCTGGGCTGCGGCGCTGCTCATTCTGCTGGCGGTGGTTAAGATGATGAATCACCGGGAACGTTCCGGGGGCGGGGAACCTCCCCGCCCGGCTGTTTCCGCAGAGCGGTAGGAGAATTCTTCCCGGTTATGATTCAGGATTTTGCCGACTGGCTGGTTTACGGGGTGTTGGAGTTCACACCCCATACCCGTCTGGGGGAGGCGGTCAACTTCTTCGTGTACGACACGGTGAAGATCCTCTTCCTGCTGTACGCGATCAGTCTTTTCATGGGCGTGGTGAACGCCTATTTCCCGGTGGAACGCATCCGCGTGTTTTTGACGACAAAGAAGCTCTACGGGTTTCAGTATTTTTTCGCCGCCCTGTTCGGGGCGGTCACGCCGTTTTGTTCATGTTCCTCCATTCCCCTGTTTATCGGCTTTGTGAAAGGAGGGATTCCGCTGGGCGTGACGTTTGCCTTCCTGATCACATCGCCTCTGGTGAATGAGGTTGCCATCGCCCTGTTCCTGGGGGCGTTCGGGTTCAAGATCACGGTGATTTATGCGGTCTCCGGCATTTTGCTGGGGATGATGGGAGGGGCTGTGCTGGAGAGGTTCAGGCTGGAACGCTATCTGTCCCCCTGGATACGGGGGCTGCTTGTCCAGTCCGGGGAGGAAAGCGGCGCGTGGGAGCGGAAGGGGACGCCGTTCCGGAAGAGATGGGCCGTCATCATGCATGATGCGTGGGAAATCGTAAAGGGAGTGGCGCTGTATGTGGTGATCGGCATCGCCATGGGAGCGGCGGTGCACGGCTATGTGCCGGAGGGATTTTTTGAAGCGTCCATGAGCCGGGAGCATTGGTGGGCGGTGCCGGTTGCGGTAATTTGCGCGGTTCCGATGTATGCGAATGCGGCGGCGATAGTTCCGGTGATCCAGGTGTTTGTGGCGAAAGGCGTTCCTATCGGCACGGCGATAGCGTTCATGATGGCGACGGTAGGGCTTTCCGTGCCGGAGGCGGCCCTTCTGAAGAAGGTGATGACCTGGAAGCTGATCTGGATTTTCTTCGGAACAGTGACGGCGTTTATCATTCTGTCCGGATACGTGTTCAATATATTGATTGCTCCATAATCCCTGATGGGCGGAAAAGGAAAAA
NZ_CP072019.1_gap23	1208364	1211830	3466	GGCGAAGGGGACGAAAACCACCCAGCCGTCCACGCGACCGATGCCGTCGCCCGCATTGGAAAGGGCGTCAATGTCCAGTTCAAGCTCCTGGTGGTAGGAAAAAGGTTCCGGGTGGAAGCCCTTGGGAATGGTAGCAGTCATGGTGAAGGAAAAGAAAAGGGTTACGGCGCGGAGGGGGTGATCAGTTTGCCGTCCAGATCATACAGCAGGGTTTCCGGCAGCCGGGGGGTGCGCAGCCCGGGGCGGAAGTCGCCAGGCAATACGGCTGGCCCCGGCACGGACTCCTCGTTCTCATCCTCCGGAAGAATGGCCGGTTTCACCGGGGCCGGGGCCCAGGGGGCGGGGCGGTCCGCTGCGGTGGTTTGTTCCGGCTGAACGGCTGGGGCGGGAGCGGGTTCCTGAGGCGCCGTTTCCTTGTTGGAGGAGCAGGAAGCGGTCCAGGCCAGCCCGGCAATCAGACAGGAGCGGATCAGGAGCTTTTTCATGGCGCGGATTCTTACAGCTTCATCCGCGCTTGGCAATCGAATTTCCGCTTTATTCCCCTTCTTCCCGTGTACGGGGAACGGAATAAGGGAAAAAGGCTTCCGTACCATGCGGCTCAAATGCGCTCGCTCGTTTTTGTCCGCGGATGGCGGAAGTGGGGGATGCGGTGCGCCTGCCTCCGCTTCCTGCGCATGTGGCGGAGCATGCGGAAGAAAATGAACCCTCCGGCGGAAAGAAGCAGCGTGACGCTCCACCAGTCCCAGCCCACAGGAGCGTCCGGCAGCCCTATGCGCCCGATCATCGGAAGTTTAAGGGCGGGGCGCAACAGGTCAAAGCCTGCGTTCAGGCCCAGCAGGCTGACTTCCGCCCCTTCCGCCAGCCCCAGGCTGAACCCGGCGAGACCCCATAAATTGATGCGGATGCCCGTGCCGCTTTCCGTCCGTCCGGCAATGCCGCCGGGCAGATAATCCTTCCCCACCGCATGAGGCGGAAGCTCCACCGTCAGATCCGGCACTTCCCTCATCAGCGCGGCGGTGAACGTGTTGCTGTTGGGGCCGGGAATGATCCAGTAGGTATCGGCATAGGGGTAATCCTGCGCCGTGCGGCTGATGACGGGAATGGCCTTTTCCGCCGCTGCTCCGCGCAATTCCTGAATCAATTCCGGTTCCGCGCCGAACCATTTGCGGTCCGGAATGTCCCGCGTGATGGAAACGCTGGTTCCCCGGGAGGGAAGCTGGTAGCCCATGACCTGGTACACGGTGTAAAAGCCGGCATTCTTCTCCTTCACGGCTATCCAGGTGTGCACGGCGAAATACCTGCGCCAGCCGAAGGCGCGTGCCGAATAAACCTGGACGACGGCTTCCGGTTCTTCAGCGGGTAGAGGGGCCAGGCCGCTGCTGCTGCGGTCCGCAGTTTTCCAGTCTTCCGCGGGGTGGAAATAAACCAGGGCTGCGCCCAGGAGCAGGAACGCCATGAACAGCCAGAAAACAAAGCGCCATTTATTCCGTGAGGGGTGCCTGCGGTTATAGGGGTTGGAATGGCGCATGGCGAATGTATATACCTTGAACGGCAAATGATGGCAATGGCGGAATCTTGAAGTTTGACTTCTGCGCAGGGAGACTTATGGTTACTGTAATATGATCAAGTTTGCCGTTTCCGTGCTTTGCGCCGCCGCCGTGGCAGGCATGCTGGCTCCCGCTTCCGCCCTGGCGCAGCAGGCTCCCGTTCCAGCCGTGAATGAATCGGGCAGTCCCGCCTTTGACAAGCTGCGCAATGAGGCCATCGCCAAGAAGGTTCCCCTGGTCATCTACCTGACGGGGTCTTCCTGGTGCGTGTATTGCAACATTTTTACGGACAAGCATATCAAGGAGCGGACTTTCAAGAGGGCCTCCGGCAAAAAATTCATCTTCTGGATGGTGGATACCAGGCAGGCCCCGGGAAGGACACCGGGTTCCTTTACCTTCCAGTTCGTTCCGGAGGAAGCGGGCAAAGTAGTAGGATGCATAGGCTCCAAGGCCCCCTATGTCGTTTTCGGGCCTCCCGCCGTCATCATCCTGGACCCCGTTTCCGGAAAAATGATTAAGAAAATGGTAAGCCAGGGGGATATGGACAAGGAAGGCAAGTCCCTGCCCGCGGTTATCGAGGAATGCTGGAAAAACTTCCAGAAGGAAGGTCAAAAGACCGCCTGAGCATTCGGACCCCTCCCATGAAGAAAGGAGTGAATCCGGAATGTTCATTTCCCGGGCGTTTTTCCCGCAACTGTTTTCTTTACGTCAAAAACGGTAAATGAAGCGTAGCCATGGGCGCGGCGTGCCGGAATAATAGGGATGCCACCGGTGTCCGGGATGGTGCATGGTGCGGCCCCATTCATCCTGGTGGCGTGCCTGCGGCGCATAGGTGAGTTGCCGCCATTCCCGGCAGGGAAAGGAGGAAGGCTCCGTGCATGAGGCGCAAGGCGTCAGAAATGCCTGGAGGGCGCTGGAAGAACAGCAGTAATAGGGAACATTGAACCGGGGCGCCAATCCGAGCGCCAGCAGAAGCCATATCCATATCCGGAGACGGGGATGCCGCGCCCAGGTGGAGGCCAGAAAGGCGAGCAGGCAGGCCATCGCCGGAACGCTCCCCTTGCAGAGCAGGTCGTTGACGTCTCCGTTGACGTAAAAGAAGGGCAGCAGCAGTCCGGTTGCCAGCGTACAGATAAAGAGGGAATTCCGCCGGAAATCCCGCCAGCAGAACAGGGCGTACAGCAGGAAGGAGGTCCCTGCCAGCAGAAAATCCCCCGGCCGCGTATAAAAAGGCCGCCAGCCCATATGGGAGGACGGCGCGTTTACCGCCGCATAATAAAGAAGGAAGCACGCCCCCAGCATGACGGCTGCCGGAAAGGAGGGATGAAGCAGGCTGCGCCGGGGGGAGCGGCTGCCTTTCCATTGCCGGAGCCACTGGCAGACCGCCAGGGGCAGCCCCCCCAGGGCCGCGAGGGGAGAATAAAAGGCCGTGGCCGCGAATAAAAGGGGCATCCAGTGCGGGGGCATGCGTCCCGAAGCCAGGAAGATGAAAAAAAGCATGACAGGGATGGAGGCGTTTGCGCTGCACATGACCTGTTCCGCCGTGCCGAAGTAATGCAGGCGGAACAGATCCAGCCCCAGCCAGCATTGGAAATTCAGAAGGGAGCCGAACATCACCATCAGCAGGGCGAGCAGCAGGGAACGGCGGCCGGAGAAAACGCAGAGCCACAGCCAGGCAAGAAACAGGCCCCATGCACCCCATAGCACGACAAATGCCCGGGCAACTCCCAGCCCAGCCACTTTGCCTGCCAGGGCCGGAACCAGCCAGAACCCTGTGTTGTAGATCAAGACGTCTCCGTCCGGAAAAACGACGGGCCACGGGCTGGCGACCAATTCACGAAGGCAGGCGTTCCTGACGATGTGGTCCGGGTGCTGATTGACCCATTCCCCCCATCCGGACAGGACCATCAAGGCGATGA
NZ_CP072019.1_gap24	1233996	1238795	4799	CTCAACCCCGTTTGCTTTATTGTCATGAAGGAAGAAGCCATCAAAGCCCCCGGCAGTACGATAAGGCAATATTCCATCATGCTCCAGAACCGGGTGGGGGCGCTGTCCGCCCTCCTCGGCCTGCTGGACATGCACGGCATCTTCTGCCTGGGGTTCAGCATGCACGACTGCCATGAGGCGACCATTGCGCGCCTGATTGTCAGCGATCCGGAACGAACGTCGGAAATCTTTCTGGAAAAGGGCATCTGCTATACGGAGTCCGAGGTTCTGGTGGCGGTTCTCCGCCATGGCCCCGCGGACCTCAAGAAGTGCCTGGATGTGCTGTATGCCGCGGAAATGAACGTCAACTTCCTGTACCCCCTGATGCCCTGCATGGCGCGGGGCTCCCTGGTCGCCCTCCATGTGGATGACCTCAACTTCGGGCGCACCGTGCTGAATTCCAGCGGCATCAAGGTCCTGTTCCAGCAGGATCTCAGCCGGTAGGAACGATGGTTTTTCCGGCCTTTCCGGTCACCCGGCCAAAGGCGTTTTCTCCAAGCGCATCAAGGGTTTGGCGCGTTTTTTCGGCTTGACGGGAGGGGAAAACATGGTATGGTACGGGCCGCATGGCAAAAGTACCCGTAATCAATCTTCGCAAGGGACACGCGGTTAATCATAACAATGACGTTTGCGTCGTGGTCAGCATGGAGCACAAGTGCCCCCCCCGCATGGCCTCCTACGTGCAAATGAGCATCCGCAGCATTTCCACCAAGAAGGTATATAACCTTCGCCTGACTTCCAATGAATCCCTGGAAGGCGTGAACCTCGCCCGTGAGGAATATGAGTTCAGCTACATTGACGGCATGGGCTACCACTTCATGAACCCCGATACGTACGAAGACATTACCGTGTCTCCGGACATCGTGGAACCCGTCAAGGATTACCTGATGGAAGGCAACATCTACATTCTGCTTTTCACGGATGAGACGGTTGTTTCCGTGGAACTCCCCGCCGCCATCACCATGGAAGTGGCGGAAGCTCCGGAAGGCGTCAAGGGCGACAGCGCGAACAACGTTTACAAGTCCGCCACGATGACCACCGGCCTGGTGGTGCAGGTGCCCCTTTTCATCAAGCCCGGCGAAAAGATTTCCGTAAAGACGGAAGACGGCTCCTACCTGGGCCGCGTGAATTAAACGTTCCCTTTTCCTGTTATTTGAAGAGTCCCGTCCGGGTTTTATCCGGCCGGGGCTTTTTCATGAGGGGACGGCGCGGAAAAAGACCAGAAGACGGGCCGGAGTACGGGCTTTACATTTGAAGCCGCGTCCAGTAAGCCATTCTCATTGTAATATTTTACTCCATGAAAAAGTTTATTGTCTTGTTGTGGATAGGGTTGCTGGCCGCTTTTCTGCCGGCGGATTGTGCCGCCGCAGTGAAGCTGGCCTGTCTGGGGGACAGCATCACCGCCGGGATGGGGGTTAAAAAGGAAGACTGCTGGGTATCCCGGATTGCGAAGACCCTGGACAGGAAGGCGGAAGTAGGAAACTTCGGCGTATCGGCGCGCTGCCTGCTGTTCAAGGGGGACCGCCCCATCACGCGGGAGAAGGCTTATCAGGACGCGCTGGCGTTCAAGCCTGACATGCTGTTGATAGGCCTGGGCACCAATGACAGCAAAAAAGTGAATTGGAGCCACAAGGATGATTTTGTAAACAATTACAAGGAGATCATTACGGAATTCCGCAAGCAGAATCCCAAATTGAAGGTATACTGCCTGCTGCCCATCCCCTCCCAGGAGGCCAGGGAAGGGGGGATCAGCAGGGAATGCATTGAAAAGGAAATCATTCCGCTCATCCGGCAGGTGGCCAAGAGCACCAAATCCAGGGTGATCGACCTCAACAAGGTGATGAAGGACAAGGGCGCCCTGCTGGTGGACGGCGTGCACCCCAATGCGGAAGGGCACGCCCTCATGGCGGAACACATTCTCCTGGTGCTCAAGGGGAAGGCTGCCGAGTAACAGGCCGCCCCCGTTCCCGAAGGCAGGGACTTTTATATGAATTGGAAGGGGTTAAAGAAACTGGATGGACCTTACGGATACGGCGAAGCCGGAATTCTCTTTTTGCTCTATCCGTTCCATGCGCCCCTGGCCGTTCACGTTTCCCTATTCGTCTAGCGCTTTCTGAAGGCGGGACAGTTCCACGGGAGCATCCTTTTTCTTCTCTGTCCGGTAGGGAATGGTGCCCTTGTGGGGGGAATCCTTCTTCTGGTATATGCGGACGTAATCTATTTCATACTTCTGGGGCAGGGGCAGTTTATTCAGATCGCCTCCTGTGGCGCCCATGGCCAGGTTCAGGATGATGAAATGGGGCTGACGGAAGGGATTGGCGACTTCCTTGTAAACGGCGTTGACGGTGTTGTCCAGGGGCGTCCTGTTCAGCAGGATGTCGTCCGCATACAGGCGCACTTCCTTTTCATCCCAGTCCATGCGGAAGACATGGAAGCTGTCCGCCCAGTCCGCATGCCTTTCCTGGAGCCATTTGAGCGGCGTGTAGGTAGTGCTCCATTTGCCCACGTGTTTTTTGGGGGAGGCCCAGCAGAGGTTGGCCAGGTAGGTGGACTGGTAGTACTCCATGATGTCTATTTCCCCGCACATGGGCCATCCTTCCTTGACGCCCATGGTCCAGAAGGCGGGCCACATGCCCTCCCGCGGGCTGAATCTGGCCCGGATTTCAAACCGCCCGTACAGCCAGGAAAACTTGCCGCGCGTGGTCAGGGAGGCGGAGGTGTAATCCGCTTCCTTGCGCGTCGTCTGCCAATTCTTTCCCGCCGGGTCATAATGGGGATTGGCGTGTTTTTCCTTTTTGCCTTCAATAATCAGCATGCCGTCCTCGCACCGGGCGTTTTCCGGCTGGTACCACTGTTCCTCCTTGTTGCGGACGAATCCGTGTTCGTAATTCCACTTGGCGGGGTCCGGGCGGCCGTCCTTGTCGAACTCGTCGTGCCAGACGAGTTCGTAATCGGAATAATCCGCTTTTTCCACCACCCTCTCGGTTTTTTTGACGCCGTCCCCGTGCAGGGTGTAAAGCTGGGCATGGAGGGGGGCGGACAACAGGGCCGTGCAGGCCAGGACTCGGAACAGGGTGGGAGCGGTCATCATGAAGGGATGAAGGTGTTTGTTACTGTTACGGGGCCGCGGGCGTTTTTTTGTCATTTTTTATTGGAAAAGGGTGAAGCCGCGAAAGCGGCTTGAGAAACGGGATTGATGGGATTAGTTTCACCTAACAACATGGGAGCCTTCTTTGGTCCCGGAAAATCAAACACTCCGTTTTAACGACAATGGAAGAAAAGAACTATCTTGTTTCCGGCATGCATTGCGCCGGTTGTGCTGCCAAGGTGGAGCGCGCCGTGGAGGGATTGGAGGGGGTGGAGCGCGTAGAGCTGAATTTGCTGACGGGGCGGATGACCGTTCTGTTTGAAAAGCCCGATTCGCCCGCCAGGGGGCGCATTGCGTCCGTAGTGGAGAAAGCCGGCTTCCACCTGGCGGACTGGCGGGAGGAACCGTTTTCCGGTGCGGATGGGGAGGAAAGCCAGGGGCAGGAGGAAACGGGAGGCTCCCGTCTCGTTTGGTCCGTTCTGCTGCTGGCGCCTCTGATGTATCTGTCCATGGGGCCCATGTGGCACTGGCCCGTTCCGGGAGGGGGCTGGGGGCTCTGGATGAATTTGTGGGCGCAGTGCATTCTGGCGGCCGCGATTCTGTGGCTGAACCGGCATTATTTAATCAACGGCGTGCGCCAGCTTGCCGCGCTGTCTCCCAATATGGATTCCCTGATCGCCATCGGCTCCGGTTCCGCCTTCCTGTACGGGCTGTATCTGTTGATTGCGGCGCTGTGGCAGGGCGCCAACGTGGACGGAATGGAACTGTATTTTGAATCCGCGGCCATGATCGTCACCCTGATTTCCCTGGGGAAATATCTTGAACGCCGTTCCTACCGCAAGACGAACGCCGCCGTGAAAGGGCTGGTGAAGCTGGTTCCCCAGGAGGCCCTGGTTTGGCATGACGGCGCGGAGCGCGCCGTCCCGCTGGATGAACTTCATTCCGGGGACCTGGTGGTGGTGAAAACCGGGCAGAGGATTCCGGTGGACGGCGTCATTGAAGAAGGGCAGGCCGCGCTGGATGAATCGGACCTGACGGGGGAAAGCATGCCGGTGGACAAGACGGCGGGAGACCGGGTGATCAGCGGCACGTTCAACCGGGCCGGGTATCTCAAGGTACGTGCGGAACGCGTGGGCAGGGACTCCACGCTGGCCCGCATGATCCGCCTGGTGGAGGAGGCCAGCCAGTCCAAGGCTCCGATTGCACGGCTGGCGGACCGGGTGTGTTATTTCTTTGTCCCTGCGGTGATTGCCATTGCCCTGGTGTCGTTGGTTGCGTGGCTGGCTGCCGGGGAGGGATTTTCCTTCGCCCTTGCCAGGGCGATTGCGGTGCTGGTGATTTCCTGCCCCTGTGTTCTGGGGCTTGCCACGCCCATCGCCATCATGGTAGGGACGGGCAGGGGCGCGCGGCTGGGCATCCTGTGCAAGTCCGCCGGAGCTTTGGAGGCTTTGAGCCGCGTGGATACCGTCGTTTTTGACAAGACGGGCACCCTGACGGAAGGGGAGCCCCGTGTGGTGGCCGTTCTGCCGGAGCCGGGCATGAATGCGGATGAACTGGTGGAAATGGCGGCGGCTTTGGAGCAGGGATCGGAACATCCGGTAGGGAAAGCCGTTTATGAACACGCCAGGCTGCTGGAACTCCCCATCCGCGCCGTGGCGGATTTGTCCGTTGT
NZ_CP072019.1_gap25	1257789	1260930	3141	GGCCGGACGGCTGCAAGGCCGCCAGCATCGGGCCCGTGACCACGGCAACCCTCAAGGAGCTGGGGCGCGCACCCTCGATTACCGCGAAAACGCACGACATCAACGGCCTGGTGGAGGCCATCGTCAAGGCCGCCGGCAAATAGGAAAAACGGTGCGCCCCGCGGGAGATGCCGGGGCGGAACGGATGGAAAAGCGTTATCCGGGGAAATGCCGTTTAAAAGCCATTGACGGCTTCCCAGCCGATGACCTTTCCATTTTCAAACAGGACATTATAGGAAACGGGCGGACGGCTGCCCAGGGGCATCGTGACGCCTATCCCGGTGCCTACCCCGGAATCCCTGCTGCGGAATCCGCCTCCGCCCAGGCCCACGGACCAGCCCGTGCCGCTCCGCGTGTAAATCCACCGTTCCGTATTCTTCCCGTTCATCCGGCCTGCCATCTTCTGTTCAGGTTCCCCCCATGCCAGCAGGACCGCCATGGGGGACATGCCCTTTTCCAGCTCTCCGCGCGCCACTTTGGCCTGCTGCTCCTTCGGAAGCTGTTCATAGGCCTGCATATTCTTCGCGATGCGGTCGGACGGCGTGGGGGAACAGGCCCCCAGCAGCGCGAGGCAGGCGGGAAGCAGGACGAAAGGAAGGCTCGTTTTCATCATCCCACAAATAGCATGGCGTAAGATGGCTGGCAAGGTGCCAGCGCGGCTTTTCCGGAAAATGGAGGCGGGAAAATCCGTTATTCTGACATAAAAGCTCGCTTTTCCCGTAAATACATAATTGGTTATTGACAAGCATGGGGGGTAGGGGAGTAGGAATTCACCTCCAAATGCAACGCGCCGCAGATGCGGGAAAGGTTGCCGCCACTGTTTACCACTTCTATTTTTCCGAGCCGCCGATATGTCCAAAACGTTAATTATAGCAGAAAAGCCGAGCGTCGCCACTGATCTGGCGAGAGTCCTCGGCAAGGAGCTTGGGAAATTCACCCGGGACAAATCCGGCGCGTTTTACCAGAATGACCGGGCCATCATCACGTCCGCCGTGGGCCACCTGCTGGAACAGAAGAAGCCCATGACGGAGGGCGGCAAGTCCCTGCCATGGAAGTTCGACTATCTGCCCGTCATCCCCAGGACGTTTGAACTGGAACCCATCAAGCAGTCGGAAGACCGCCTGAAAAAGGTTCTCCAGCTCGCCAAAAGCAAGGACGTGACGGAAATCGTCAACGCATGCGATGCCGGGCGCGAAGGAGAGCTCATTTTCCACAACCTGGTGCGTTACGGAAAATGGACCAAGCCTGCGCGCCGCCTGTGGATGCAGTCCATGACGGATGAAGCCATCCTGAATGCGTGGCACAGCATGCGGAGCGAGACCGACATGCAGCCCCTGACGAACGCCGCCGTGTGCCGTTCCGAATCAGACTGGCTGGTGGGCCTGAACAGCACCCGCGCCCTTACCATCCTGCAATCCCGCGGAGGCTTCAACGTCACCCCCGCCGGACGCGTGCAGACTCCCACGCTGGCTATTCTGACGCAGAGGGAACTGGAAATCCAGGCGTTTGAACCGGTGCCCTATTCGGAAGTGTGGGCGGAATTCGGCGTGCAGTCCGGCTCCTACTCCGGCCGCTGGATTGACCGGGACTGGAAAAAGGACGACAACCCGCAGTCCCGCGCGGAACGCATCTGGGACCCGGAACAGGCGACCGTCATCCGCGACCGCTGCCGCGGCAAATCCGGCACGGTGACGGAGGAAAAGAAACCCGTCACAACCATCGCCCCGCTGTTGTATGACCTGACCTCCCTCCAGAGGGAAGCCGCCAACCGCTACGGCTTTTCCGCCAAGCGCACGCTGCAGCTGGCCCAGGAGTGCTATGAAAAGCACAAGGTGCTCACCTATCCCCGTACGGACTCCCGCTACCTGCCGGAGGACTATCTGGGCAAGGTTTACGGCATCGTGGGCACGGTGGCGGAACAGGACCCGGAATTCGCCACTTTTGCGAAGGACATCCTGGACAACAAGCGCATCAAGCCCAACCGGCGCGTGTTTGACACGAAAAAGGTAAGCGACCACTTCGCCATCATCCCGACCGGCAAGATGGAAAAGCTCACCGGAGACGCGCAGAAACTCTTTGAAATGGTCATGGCCCGCTTCCTGGCCGTCTTTTTCCCCCCCGCCGTGTTTGAGGACACGCGCAGAACCACGCTCATTGCCCACCAGGGCGGCGTGACGGACGCCTTCCTCACCACGGGGCGCGTGCTGGTGGAACCGGGCTGGCAGGCCGTCTACGGACGCAAGGCGGGCAGTTCCTCCAAGGAAGAGCTGGTGCCCGTCCATGACGGGGAACAGGCTGCCGTGCGTGAAATTGAAATCCGCAACGCCATGACCAAGCCGCCCGCACGGTATAATGAAGCCACGCTGCTGGCCGCCATGGAAGGCGCCGGAAAGCTGGTGCATGACGAAGAACTGGCCGCCGCCATGAGCGAACGCGGCCTGGGCACCCCCGCCACCCGCGCCTCCATCATTGAAGGCCTGATTTCCCAGGAATACATTGTCCGTGACGGCCGCGAGCTTCTGGCGACGCGCCGCGGGATTGAACTGATCGCCCTGCTGGAACGCATCGGGCTGAAAACGCTTACCTCCCCCAGCCTCACCGGGGAATGGGAATACAAGCTCAAGCAGATGGAGCAGGCCGCCCTGCCGAGGGACTCCTTCATGGAAGGCATCAAGACTCTGACCGGGGAAATCGTGAAGAGGGTGAAAGACTTCCGGGAAGCCCAGCAGCAGGTGGAACTGCCGGAAATGGAACTGGACTGCCCGTCCTGCCATGCCCACGGCCTGAAAAACACGCTGGACGCCGTTTCCTGCCGTTCCTGCAAGTTCAGCATCCGCAAGGTCATCTCCGGCCGCGACATGACGGATGAAGAGCTGAAAACCCTCATTGTGGACGGCAAGACGGGAATCCTCCACGGATTCACCTCCCGGTTCGGCAAACCCTTTGAAGCGGGGCTGGAGCTCAACGACAAGTTCCGCGCCACGCTCTACTTCCCGGCACGGGAGGAGGACGAAGCCGCCGGGACGGAGGAAGCCGTGAAAGTGGCCTCCGTCACCATCCCGGACATGGGGGAACACGATGTGATGGAAACGGCCAAGGCCT
NZ_CP072019.1_gap26	1263573	1267507	3934	CCTGCTTCCAGCGCGTCAAGAATGCTCCGGGTTCCCGACGTGTCGTCCGGGGCCAGGTAGGTTCCGTAACCGATGCCGGGAATGGGGAGGCCGTTGCTCAGCCGCTGCGTATCTCCGGGGGAAGTGATGATTTTCATACTCTTCATGAAGCACCCTCCGCCGGAAACGGTAAAGAGAACGCCTTGTCATGAGTGCGGCATGCGCGGCAGAAAGGGGGAGGGATTATTTCCCGGCCTGGAGGCAGCGGTAGTAATAGTCCACGCGGGAGATGAACCAGCTCCATTTATAGCCGGGGCGGCCGTTGGTCATCAGCGGGGCGGGGCAGTTCTTGCCGGACCAGTAGTTGTGGGGCACCACGTTGCGCAGGGGGACGTTGTAGCGCATCATCAGCAGGGCCGCCAGCTTGGCTGTCTTGTTGTAGATGACGACGGGATTGTGCGTGGTGCATTCGCACATTTCAATGGCTACGGAGTATTGGTCGCCCGGGCCGGAGTGGTCCGCATGGTGGCCCGTTTCCGTCGTGGGAATGTGCTGGTACGCGCCGAACTGGTCCACCGTGAAGTGCCAGTTCAGGCTGCGGGATTTGCCACTGTTCAGGTAGCGGGAATGGGCGTTGGCGTCTCCCTTGGGGTTGGCGGTGCTGTGGATGGTGATGAAGCGGGGGCGCATGGAGGCCGCATGCCTGCGGGCATACGTGCTTTTGGGCATGTAGGAGACGCGGATGCCCACCTCACGGCCCATCTGGTTGGACGTGCGGGGGACTACCGGGGCTTTTTGAATTTTGAAGGAGACGGCCGGCGGTCTCATTTTATCGTTCTGCGAGCAGCTGCAGAACGCCAGGGCGGCGAATACGGCAAGAAAGCCCGTCCAGACAGATCTATATTCCATGTGTTTGTTCTAGAAACAGCCCGGAAGGATTGCAAGCAGAATTTGGAATTAGTTCAAGTGAACTAATCAAGCCGTGTCATGGAGCTGCGGGTGCTCCCGGAGAGGAAGGCGCCAGACGGGCCGCGCCTTCGGGGGAAGGGCGGCCCGCCTGGAAAGGATGCGGCGCCGGAAAAGCCCGGCCAAGCCGCGTTATTTGAGGATTTGAGTGAGGACGTATTGCAGGATGCCGCCCGCCAGGTAGTATTCCTTTTCAATGGGCGTATCAATGCGGACGATGACGGGCACGTCAAACGCCTCCGCGTTTGCGGGCTGCACGCGCAGCGTGACCTGCTGGCGCGGGGCGATGCCGTTGTCCAGCCCCAGGATGGAGAAGGTGGCGTCCTTCAACGGGGCGATGCGGTCGTAGTCCGCCTTGTCGGCGAAGTTGAGGGGCAGCACGCCCATGCCGATGAGGTTGGAACGGTGGATGCGTTCAAAGCTCTTGGTGATGACGGCCTTGACGCCCAGCAGGTTCGTGCCCTTGGCCGCCCAGTCGCGGGAGGAGCCCATGCCGTAGTCTTCTCCGCCGATGACGATGAGCGGAACACCGTCCTGCGCGTAGGCCATGGCTGCATCATAGATGAAGGCGGGGGCTCCGGCGGCAGAGGTTATTTTCTTGTCCGGGGCGGGAATGGAGCGGTTGCCGAAGTACAGCGTATAGCCGCCTTCCGTGCCGTCCACCATCAGGTTTTTGATGCGGACGTTGGCGAAGGTGCCGCGGGCCATCACGCGGTCGTTGCCGCGGCGGGAGCCGAAGGAGTTGAAGTCTTTTCTGTCCACCCCCATGCCTTGCAGGTACAGCCCGGCGGGGCCCGTTTCCCGGATGGCTCCGGCGGGGGAGATATGGTCCGTAGTCACGGAGTCGCCAAAGATGCCCAGGGGGCGGGCGTCCCGGATGTCCGCCAGCGTGCGGGGCTGGCCGTTGAAGCCGCAGAAGAAGGGCGGGTCCTGGATGTAGGTGGAGTTTTCATTCCACTGGAAGACGGAGCCCTCCGGCGCATACACGGCGGCCCAGCGCGGATTTTTGTCCGGCGTGATGGTGTATAGTTCCCGGTACGCTTCCGGATTGCGGGATTTGGCGACGGCTTCCGCGATTTCCCCGGAGCTGGGCCAGAGGTCTTTCAGGAAGACGGGCTTCCCGCTGCGGTCCGTGCCCAGCGGTTCCGTCTGGAAGTCGATGTCCACGCGTCCGGCCAGCGCGAAGGCGACGACCAGCGGAGGGGACATCAGGAAGTTGGTTTTGATGGAAGGATGAATGCGCGCTTCAAAGTTGCGGTTGCCGGAGAGGACGGAGGCGGCCACGATGTCATTGTTCCTGACCGCCTGTTCCAGTTCCGGATTCAGCGGTCCGGAGTTGCCGATGCAGGTGGTGCAGCCGTAGCCGACGGTTTCAAAGCCCAGGGCGTCCAGGGATTCCTGGAGCTGGTTGGCCGCAAAGTAGTCTGAAGCGATGCGGGAGCCCGGCGCAATGGACGTTTTTACGTGCGGCGGCACTTGCAGGCCCAGCGCGACCGCTTTTTTGGCGAGCAGCCCGGCGGCGAGCATCAGGCCCGGATTGGAGGTGTTGGTGCAGGAGGTGATGGCGGCAATGAGGATGCTGCCGTCTTTCAATTCCGCCTCCTGGCTGAAGCCTTCCACCGGAACGGGAACGCCAGCCGGAGAGTGCATGGTGACCTTCACCGCCGGGGATTCCTTTTTGCCGTAACCGCCTTCCGCCGCGGGCATGCCGGCGAGCTTGCGGAAGCTGTCCTTGATGGAGGCCAGGCGGATGTGGTCCTGCGGGCGCCTGGGTCCGGAAACGGCGGGTTCCACGGTGGACAGGTCCAGTTCCAGCTGAACCGTGTAGTCCAGTTCTCCATTGCGGGGCATTCCCCACAGGTCCTGGGCCTTGAAGTAGTTTTCGTACGTGGCGATGGCTTCCTCGCTCCTGCCTGTCTGGCGCAGGTAGTCGGAGCAGCGTTCGTCCATGGGGAAGAAGCCCATGGTGGCGCCGTATTCCGGGGCCATGTTCGCTACGGTGGCGCGGTCCGCCAGCGGGAGGGCCGCCGCTCCTTCCCCGAAGAATTCCACAAATTTGCCTACCACGCCGTGGCTGCGCAGCATCTGGGTGACATGGAGCGCCAGGTCCGTGGCGGTCACTCCTTCACGGAGTTCCCCCGTCATGTGGACGCCCACTACTTCCGGCACCAGGAAGGTGACCGGCTGGCCGAGCATGCCGGCTTCCGCCTCAATGCCGCCCACGCCCCAGCCCACGACGCCGATGCCGTTGATCATCGTGGTGTGGGAGTCCGTCCCTACCAGGGTGTCCGGGAAATAAACGCCGTCCTTTTCCATGACGCCCTGCGCCAGGTATTCCAGATTCACCTGGTGGACAATGCCCACGGAAGGGGGCACTACGGAAAAGGTCTGGAAAGCCTGCTGGCCCCATTTGAGGAATTCGTAGCGTTCCGCATTGCGCTGGAACTCGATGTCGAGGTTCTTTTCCAGGGCGTCCGTGCGGCCTGCCCAGTCCACCTGGACGGAGTGGTCCACCACCAGGTCCACGGGAACCAGCGGTTCAATGACGGAAGCGTCTTTTCCCAGTCCGGCCACGGCGGAGCGCATGGCGGCCAGGTCCACCAGCAGCGGAACGCCCGTCAGGTCCTGGAGGACGATGCGGGCCACCGTAAACGGGATTTCATAGGAACCGGGATTTTTGGCGTTCCAGGAGGCCAGGTTGTCCACATCCTTTTCCGTTACCTTCAGGCCGTCGCAATTGCGGAGCAGGGATTCCAGAACGATCCGGATGGAAACGGGAAGACGGTTCAGGCGGGGATAGCCGTTTTCCGACAGGGCTGGCAGTGAATAAAACTGTCCCGGGGTTCCGGTTCCCGTGGTGAACGTGCTCTTGGCAATCTTGGTCATGATGCGGAATAGAGGGTTAACTGTAAACAGGCGGCTGCCCTCCTGGCAGTCGCGGGTACTATACAGGCCAAATATGATAAGGCAAGGACTCTGTGTGACGGGG
NZ_CP072019.1_gap27	1344989	1349208	4219	GGGAAGAGCGGGAAATCCGCCGGGTGGCGGTTATGGAAGAAGTCCAGGTCCGGGAGCACTTCCATAGAAGGAATGTGCATCCAGTACGGCATGAATTCCGCAAAGGGAGCCAGGAGCATCACGCCCAGAATGCCCACGACCATGATGATCAGGGCGACGGAGAAAAGGGGATACACCTTTCCCATGATGGCTTGGATGGGAAGGATGGTCGCCAGAAAGTAGTAGCCGAAGATGATCCACACCCATGCAGAAACGCTCCAGCCCGTCATGGGGGCCAGGATGGCGGCGGGGCCCACGGCGAAGACGACGCCCACCAGCACGCTGAACACGATGCAGACGGCGCGGCTGATCCACTGGGCCTGGCTGCCCAGGTAGCGGCCCAGGATTTCCGGCAGGTTTTCCCCCTTGTGGCGCAGGGAAATCATGCCGGAAAAGTAATCGTGCACCATTCCGCCGAAGATGCAGCCGATGACGATCCACAGGAGCGCGGCCGGCCCGTACAGCACGCCCATGACGGCGCCGAAGATAGGGCCCAGCCCCGCAATGTTCAGCAACTGAATCAGGAACACGCGCCAGCGCGGCATCACCACGTAATCCACGCCGTCCGTGCAGGCCACGGCGGGAGTCTGCCGCGAGGCGTCCGGCCGGAAAATCTTTTCCAGCACCCGCCCGTAGGTGAAATAACCGGCCGCCAGGATCAATATCCCCAGAATGAAGTAGCAGTAACCGTTCATGTTGGAAAAAGGTCCAGCCATCTCATGGACAGGCTGTCCGTTCGGGGAACTTAACTGTTCTCCTCTCTTCTGGCAAGCCGTTAGTGAAAGAGAAAAAAATACGGAACGGATTGCCAATCCGAAAAAGAAATCCGATGTGCCATTTTTATGCATAAAAATCTGGCATTAGGAATTTTACAACGATTTAAAATTCCCAAAAAGAAACTCTCATCAGAAAACGCCCCTGGGCGTTTATCTTCCTAAACATCTTGTTTTTATCATTTATTGTTGACTTCGGATTGGCAATCCGCTAAGGGATAAAGGTTGCTTTCATCCAACCTCTCCTAGTTATGAAGAAATCATTGATAATCATTGCCTCCCTGACTTTTGGAACAGCAGTTTCCCAGGCTGCGGTGTTGTGTTCCACTACTTTTAACCGGACCGGCACTTCCCTGGATACCGTCACGGTGAACACGACATCCGATGTAGGGCTCACTTCCTCCACCTCGATCAGTTCTGACGATTTCAGCAAGAGCACCTCGGGCAATGACCTCCTGGCCTCAGGTTCCATTCCGGCCTCCGTGTTTTCTCCCAATGCCAATGTGGGAGGCGCCGGAAACAATACATGGAGCGTTTCCTTCACATTCACCAATACCGGTTCCCACGACATGCTGATATCTTCCATTGACTTGTCCATGGTCGGGTTCACGGGTGCGGGGGCTGCCCAGAATGGCGGTGGCGGTATAGCCAATAATGGTTATGTGGGCGGATATGAAGGCAATTTCAACAAACCTGTCGATATGACTCTCTCCATTGACGGGCAGCCGGACCAGACGCTGACCTATAACGGTTCCACCGCCGCCAATGGTTCCACCGGCGCATGGACCGGCATTCATACGGGAAGCCACACGTACGATGATTTTCTGCTGAAAGCCGGGGAATCCCTGACCATCACCATCACGGCTTCCAATAACAGCGCTTATAACAAGGGCTGCTTTGCCGGGCTTTCGGGAATTCAGATTAACGGTGATTTGGTGGTTCCCGAACCTGCCACGGCCTCCCTGGGTCTTCTGGGGCTGGCTGCGCTGATGATGCGCCGCCGCAGACTTTAAGTCCATGCTCCTGAAACATTTGATCAAGCCGTCCGTTTTTTGAAATTGGCGGCTTTTTTATTTTCAGTTAGCAGAATCTAACACTTTTTAATATTTAATATCAGTAATCAACATGATTCCTCAGGCAGTTTGTTCTTTAGCCTGATGCCTTTTGAATCACTTTTCCGCCAGCTTGCCATGTTCCTGTACCGTTTCTTATCTGTTCTTGTTCCTTCTTTATTATTTCTCGCGCCAGCCAGGTCTGCCGCCGATGAATATGTCTGGAAAGGGGCGGCGTCTCCCTGGTCGAACTTGTCAAACTGGGCTCTGAACGGAAGCGCGCCGTCGGCTGCTCCCGGCGCGTCGGCCTCCGCCTACACGCATTGGATGGTCACGAACGGGACGGATTCGGCTGGCATGACCAATATAGGCGGGTTGGGGTCCGGAGGACGGTATTTGAAAGGAATCCGGGTGGCGGGAGTTAACAATCAGCCGGGAGGAAAGATCCAGCTCTTCGTGTTGAATACTTCTTCCGGCGTATATCTGCGCGTGGAGACGGGCGGCATTACCGTGGAAAACACGAGCACGGGCGGTTATAATGCGGATTTCGGGATTGCACAGCTGCGCGTAGCCGCCGACCAGGAGTGGAATGTGGCGGAAGGCCGCTGTTTTTATGTGGGGCAGGACGATGGAGCTCCCTCCGGAGGATTGTATTCCCTGACTTCTGAAAACGATGCTCCGCGGCGCGTGACGGTGACGGGAGGGGGAGCCGTGCGCATTGGAGAAGGAATGCTGCTGAATAATATTTCCGGCCTCATCGGTTTTGTAATGAGTGCCGGGAAGGGAATGCCCACGCTGGATCTGGCGGACCGGGGCATGAGCAATACGATTACGGTGGAAGACGCCGGGCGGCTGGAGGGCATGTCCCTGTACCAGGGCTCCCTGGTGACGCAGGAGAAGGCCGCCGTGACTTTTTCCGGAACCTCTGTCAAGGCGTCCGGCCAATGGAACATCGGCGCGAACACGGAATTTGCGCTGGAAAATTCCACGCTGGACCTGGCGGAAACTGGAGTGGACGGGAATGTGACGCTTTCCGGCTCATCCGGCATTACCGGTGACAAGGGGACGCTGAAACAGACGATTCTGGATGACGCCCGGGTGACTTATACGGACCGGCACGTCAAGGCGGGGGAAATCCGGAACGTGGGCAAGAATGTAACGATTACGCTGAACAACTCCTCCATCCATTTTGACGGGGAGATTCCGGCGGTGGACCTGGTGGTGCAGGGGAGCTGCGCGCTGGGCGGCAGCGGCACGTTTCCGGGGACGATCACTTATGCGCCCGGAGGCGCTCTTTCCGTGGAGGGGGACATTTCCCTGCCCAGCTCTTCCCTGACGCTGGGGCGCGTCCATGTATCCGTGCTGGACGGCGTGCCGCAAAAGTCAGCCGTACAGCCGGAGAGCCCCTCCCTGCAAGCGCGGGAATACGTTGTCCTGTTTGATTCCTCTTTTGAAGATCTCATTGCCGCGTGGCCGGGCAGGCATACGCTGGGCGTGCAGTTCAAGCCGGAAACGACCGCCTCCATCACCGTGAAGGAACTGCCGAAAGGGGCGGTTTCATGGAATTATGATGAGGCGGCCAAATTGCTGACGCTTCAGACGGATGTGGCGGAAAAGCCGGCCATGCCGGGGCATGTTTCCGGGGCCAGGCCCAATATCATCTTCGTGCTGGTGGATGACATGGGCTGGGGCGACCTGGAAGAAAACTGGAACCATCAGGACAAGAACGGAAGAACGGTGACGCGGCGCAACAGCTTCAAGACGCCGCAGCTGAATTCCATGGCGACGGAAGGGATGCAATTGCGGCGCCATTACAGCGCGGCGCCCGTTTGCGCTCCGGCCCGCGCCTCCCTGCTGCTGGGGGTGCACCAGGGCCATTCCCGCGTTATCCGCAACAACAGCTTTGATTATCCCATAGAAAACTCCCACACGCTGGCCACGGTGCTGAAAGGCGCCGGGTACCATACGGCGGCTGTCGGCAAATGGGGCATCGGCGGCTACGGACAGGGGCCGTCCGGCTTGTATGCCCGCCCCAACGAACGCGGATTCGATTACTTTTACGGGATTATGGAGCACCTGACGGGGCACTACCACTACATCACGGAATCCAAGAACATTTACGAATACAATGACGGCGCCTCTTCCCCCGCCTTCGCCAATGTGACGAACAAGGTTCCGGATACGGCTTATGACACGGACCTGTTCGGCGCGCGCGCCAAGCAGTGGATCGTGGACCACCATGCCAAATCGGCCACCCAGCCCTTCTTCCTGTACCTGGCCTTCCCCGCTCCGCACGGTTCCCTGGCGGTGCCCGCGTGCGCCTATCCCCCCAAACCGGGCCTCAAGGGAGGCTTG
NZ_CP072019.1_gap28	1353347	1358099	4752	GAAGGTGAGGGTGCTGCCGTTGTATTCCACCGTATAGGCGCCGATGTGCTGGGTGATGCCCCCGGCTTCCCCCTTGGCTACGCGCGCCTTGCGGATGTAGTCCAGCAGGGAGGTTTTGCCGTGGTCCACATGGCCCATGACGGTGATGATGGGTGTGCGCAGGATGAGGGTGGCCTTGGGTTCTTCCACCACCGGCACGGGTTCCGGTTCCTTGACCGGTTCCTGCTGGGCCTTGACGCCGCCGCCCTTTTCCCGTTTTTCACGGGCGAAGGTGTAGCCGTGCAGGTCGCAGATGGCGCTGACGGCGTCCGCGTCCAGCGGCGTATTCGGGTTGGCGAAGATGCCCATGCCCATCAGGTCCTTGATGATCTGGAAGGGCTTGGCTTGCAGCATGCCTGCCAGCTCGGAGACGGAGACGGGCGGCTTGAGGTTGATGATTTTATCGTCTGCGGAGTCCGTTTCCTGGGGGGCAGGCGCGGCAGATTCTGCGGCGGGTGCGGCCTGGGCAGGGGCGGTAGCCGGCTCGGAGGGAGCGGAGACGGACGCTTTTTTCTTGGGGCCGGAAAGCAAGTCGAGAGCTTCTTTCTTGACCGGGGCAGGACGGGATGGCGCCGGTGCGGGTTCCGGCTGGGGTGCGCGTTTCTTTTTGGGAGATCCGCCGATCAGATCCAACACTTCCTTTTTGGGTTCGTTCTCTTCTTGTTTATTAGGCATCTTAATTTAAGTTTGTTAGATATTGAGCGCCGCGCTCAACGGTTATTGGGAGATGAGGTCCCGGGCCTTGTCCAGAATCTGGGCGGCTTCCTCTGCGGGAATGCCCATGCTTTCCGCGATGTCGGAAGCTTCAAATCCGGTGAGGGCCACCAGGTCCGTCCCACCCATGGTCACCAGGCCCATGGCGGTTTCTTCCGGGATTTCCAGTTGTTCGCTGAGGGTCTTTGCGGCGGCCTGGCATTGGCGCATCACTTCCTCGGCCGCGGCCTGGTTCTGGCGTTTTTCCGCTTCCTGGACGTCAAAGACGCGCACCTGGACGTCCCAGCCCATCAGGCGGGAGGTGAGGCGGGCGTTCTGGCCCCTGCGGCCGATGGCCTTGGAGAGGTCCTTGTCGTCCTGGACGATGACGAAGATTTTTTTGGCTTCCTCGTCCACGGTGATTTCCCGCGGTTCCACGGGGCTGAGGGCCTCCCGGACGAAGATGACGGGGTCCTCCGTCCATTCCAGGATGTCCACTTTTTCGTTGTTGAGCTCCCGGACGATGTTCTTGACGCGGGCTCCGCGCATGCCTACGCATGCGCCCACCGGGTCCACCTTGTCGTCATGGCTGATGACGGCCACCTTGGTGCGGTAGCCCGCTTCACGGGCGATGCCGTGGATTTCTACGGTCTGGTCGCCTATTTCCACCACTTCCGATTCAAAGAGGCGGCGCACCAGATTCGGATGGCTGCGGGAGAGGATGACTTCCGGTCCGCGGGCTTCCGTGCGCACTTCCACCACGTAGAAGCGCATGCGGTCGCCGACGCTGTAGTCTTCATTCGGCACGCGTTCGCGGGAGGTCATGACGCCCTCGAATTTGCCGAGGTCCACAAAGATGTCCCCCTTTTCAAAGCGGCGGATGGTGCCCGTCACCAGATCGCCGGCGCGGTCCTTGAACTCGTCGTAAAGCATTTCCTTTTCCGCATCCAGCAGCTTCTGGAGCATGGTCTGGCGGGCAGTCTGTACCGCGATGCGGCCAAAGCCCTTCGGCGTGATGTTGGTGGGCAGCAGGTCGTGCAGGACGGCGTTCCGGTCCAGCTTGACGGCCAGGGAGAGGGGGATTTGGTTGAACTTGTCGGAGTATTCTTCATCCGGCACCACTTCCAGATCCGCAAAGATGCGCACCTTCCCCTTGTCCACGTTGATTTCAGCCCTCAGGTAGTTGATGCTGCCGGAGCCGGGAACCATCTTGCGGTAGGCGGAGAGAAAAGCGGATTCCAGAGCGAGAAGAATTTTTTCACGGGAGAGCCCTTTTTCCCTCTCGTAGTAGTCAATTAAAGCTTTGATATCGTTTGTCATGAGTGTGGAGGAGTGTGATGGATAGACAAAAAAGAGCGGGTCGACAGACCCACTCTCGAGTGTCTCTCGGGGTGTTTGCCTATCTAAGTAAGCATGAGGGGGCGGTCCTGGCAAGAAAAAACGCTTGTTCTATGCGGCATGCAAAAGACTGGGGATGATTCCGGAAGAAGGGTTTTCAGCGGTCCCCCGGAAGGGTGCGGGGCGGGGGTGTTTGAGGGCTTGACGGAGCCGGCAAAAACGGGAAGTATGCGTGCATGAAACTCGTCTCATGGAATGTGAACGGATTGCGGGCGATCCTCGGCAAGGGAATGGGGGATGCCGTGGAGGCGCTGGAGCCGGACGTCCTCTGCCTTCAGGAGATCAAGGCGCGTCCAGAACAGGTGAATGACCTGTGGATTTCCTCCTGGCCGCACCAGCTCTGGAATCCGGCGGAGAAGGCCGGTTATTCCGGCGTGCTGATCCTCAGCCGTGTGCAGCCCCTTTCCACGTCCACCGGAATCGGCTGGCCGGAGCATGACCGGGAGGGGCGCGTGTGCACGATGGAGTTTGAACAGTTTTACCTGGTCAACTGCTATACCCCCAATTCCCAGAACGAGCTGGTGCGCCTCCCGTACCGAGAACAGTGGGATGCTGCGTTCCGCAAGTATGTGGCGGCCTTGGCGGAAACCAAGCCGGTCGTCTTCTGCGGGGATTTGAATGTAGCCCATGAGGAGATCGACATCGCCCGCCCCAGGGAGAACCGTTTTTTCCGCCGGGTTCAGCGACCAGGAGCGCGCCGGGTTCACGCTGCTGCTTGAGGCCGGGTTCACGGATACCTTCCGCGCCCTGCATCCGGAGGAACCGGGCTGGTACAGCTGGTGGTCCTACCGCGCAGGCGCCCGCGCCCGGAACGTCGGATGGCGCATTGACTACTTCTGCGTTTCCAATCCGCTGGCTCCCAGGGTGAAGGGCGCCGCCATCCATCCGGACGTGACGGGGTCCGACCACTGCCCCGTCAGCCTGGAAATTGACTGCTGAACGCGGTCTTCCATACGGTTTTCAACTGCAAAAAATTCATGATGATGGAACAAGAATTGCCTCTGCTGGTGGTTGCCACGCGCAACGCCCACAAGACCGGGGAAATCCGCGCCATGCTGGCCGGAGAATGGGAAGTGAAGGACCTTTCCGACTACCCCCAGGCTCCGCCCGTGGATGAAACGGGAGTCACGTTTACGGAGAACGCCACGCTCAAGGCGCTTTCCGCCTCCAGGTGCATTCCCGGCGTCCTGCTGGCGGATGATTCCGGGCTGGAGGTGGATGTGCTGGGCGGCCGTCCCGGCGTCTGGTCCTCCTCCTTCGGCGGGGAGGAAGGGAACCACGCGCGGAACAACCTCCGTATGATGGAGGAACTGCGGCGCGCCGGAGTCAAGCCGGGGGACAAGCCCTCCGCACGGTTCCGCTGCGTGATGGTGCTTGCCAGGAATGGCAGCGTGCTGGCGGAGTTTTCCGGTTCCGTGGAAGGCCACATGCTGACGAAACCGGCCGGGGAAGGGGGGTTCGGCTATGATCCGCTGTTTGTCCCGGAAGGCCATGAACTGAGTTTTGCCCAGCTTCCCATGGAGGTGAAGAATTCCATGTCGCACCGCGCCCGGGCTCTGGCGCAGGTGGTGGAATGGATGAAGGAATGCCGGGACTGATGGTTTTTCCGGGCATTTGATGGTGAACTGGCCTTGTTCCCGTATTTTTACGGGGAAGGTCAGTCCAGCCTGAACGCGCAGATCTGGAAGGGGGCCGGAGTTCCGGTATTCAGGAGCTGGTATTTGCCGGTGCGCCAGGAATGGTGCGGCAGGCGGGAAAGGAAATCCTCCACGGCTTCCGCTTCCGCATCCCCGCCTTCGTGGCCGGGATAGCACATGACGCTGAGAAGGCCGTTCGGGGCGATGAGGGCGGCGGCCTGTTCCAGCGCCGCCAGGGTGCAGCCCGTTCTGGTGACCGTTTTTTTATCCCCGCCCGGCAGGTAGCCCAGGTTGAAGACGACGGCCTTCACGGGACCGGTGACCAGTTCCGCCAGGCGGTCATGGCTGGCCAGATGGAGGTGGACGGCGGAGGTGAGCAGCCCTTCTTTCTCCAGACGCTCCCTGGTGGCGCGAATGGCTTCCTCCTGCACGTCAAAGGCGTGCACCTGGCCGGAAGGGCCGGCCAGACGGGCCAGGAAAACCGTGTCGTGTCCGTTGCCTGCCGTGGCGTCCACGACCGTATCCCCGGGCAGGACGACGCGGCTGATCCAGTCATGCGTGCAGGTCATGGGACGGCTGAGCAGGGAACATTTCATGACCGGGTTTTATAGGAGCCGCCCCTGTATGACAATTCGTTTGTAAAAATTCCCGTGCAGGAATGATGACAGGTTGTTTTTCAGCAACGCGTATGTTAGGAAGAGGCATAAAACCTTGTACATGCCTTTGCATGCGGGGATAAACCACTGACTTTGCAACGAAGATGACTGACAGACGCACTTTTCTAAAAGGGACTGCCGCCGTAGGGGCGCTGGCAGCCATATCGGACATGGATTCCCTGTTCGCCCAGGAGGCCGGAGCTTCGGCAGCTTCCGGCATTCCGGACCTGGTGGCCGTCCGCAACGGAACCCGTGCGGAAATGGTCAGGAAGGCCGTGGATACGCTGGGAGGCATGAAGGCATTCGTCAAGCCGGGCCAGACCGTCGTG
NZ_CP072019.1_gap29	1359346	1362469	3123	GTATGTGCTGGCGTGGCCTGCCGCCATCTGGAGCAATAACCTGCTGGCGGCTGACAGTTCTTCCGCGGACCTGGTCCGGATGAATTATTTTCCCGTGGCTCTCCCGGCTCTGCTGGCTTCTGCCGGCATGCTCGGCCTGGTGGTCGCCATGAGCGCCTGGAAAGGGCGGTTGTACTGCAATACGGTATGCCCCGTCGGTACTCTGCTGGGGCTGCTTTCCCGCGTTTCCCTCTTCCGGCTGGGCTTTGATCCCGTCTCCTGCAAGAAATGCGGCAAATGCGTCAAATCATGCAAGGCCCAGTGCCTGAACCTCAAGGAATACAAAATAGACGCCTCCCGCTGCGTAGCATGCTATGACTGCGTGCGTTCGTGCAGCGAGGGGGGGATACGCTACCGCTGGTTTGCCAAAACCCGCCGCCTGATTCCCGCCAGGAAGAAAAAAACCGCTCCGGCGCCCGCTCCCGCTTCTTCTGCCGCGGTTCCCTTCATTGCCGGGAGCTCCCGCCGCCAGTTCCTGGGGGCTACGGCGGCCGGCCTGGCTACGGCGGCTCTTTCCGGATGCCGGGGCGACGCCGCCCAGAGGCTGGACCCCACCCAGTGCGTTCTTCCTCCCGGAGCCGGTTCCCTGGAACGTTTTCTGGATGTTTGCACCGGCTGCCAGATGTGCATTGCCAACTGCCCTACCCATGTGCTCCAGCCCGCCTATTTGCAGCTTGGGCTGAAAGGGTTCATGAAGCCCCGGATGGATTTTTCCACCAAGTATTGTCTGTACGACTGCCACCGCTGCGCGGAAGTCTGCCCCACAGGAGCCATTCGCAGGCTGCCCATTACTGCGGAGAGGGATACCGCGGAAATTACGAAGGATACCACGCGCATCGCCGTAGCCCGGTTTTACGTCTGCCGCTGCCTGGTTGCCCGGGAGGACATGGACTGCGGCGCCTGTACGGAGCATTGCCCCACCAAGGCCCTTTATACGGTGCCCTACATCGGGCGGGACGGCCAGGAACACCGCCTGCCCAGGCTGGACCCCTCCCTGTGCATCGGCTGCGGCGCGTGCGAACATGCCTGCCCCGTCACCACGGAACGGCCTGAGGAACGCGCGCGCCTGAATACCTGCAACCTGTGCGAGGAAAAGTGCGAGTTCAAAAAGCGCCGGGAAATGCCGCCCCGCGCGCTCGTCGTCCGCGCCGTGAATCCCCAGCAGAAAGCCGTGAAGAAGTTTGAGGAAAAGGCCGTGGACCCGGTGGGCGATGCGGACTTCCCGTTCTGAATAGGGTCCGTGAAGGCCGGGATGCCTGTTTTGTCCACGCCATGGGCGGCCCCATTCCCCTGTGTTGCCTGATGCCCGCGCTGCCGGGAACAAGGGCCTCCGGGCCCTTGAAAAACCCTTTCATCATGAAAAACTCCGACCATTCTTTTACTTGCATGTGCAGGTAAATCATTGATGGTCAAATTGCGGTAAAAAAGTTAAGTCTATGTGGGAATGGATGGAAAGTGAAATTCTTGAATTCGTGATGGACAGGCTGGCGGATGCCTTCAGCCTATCGCCCCTCTATCCGGAGGAATGGATCCTGATACGGTTCATCAATGCTTTTCTATTGGTGTGCGCCGTGGCGTTTCTGCTGGCTGCGGGGGCGCTGGGATGGTCTCCCTTCCTGATTGCGGCGGCTCTTCTGCTGATAGGCTCCATCACCCGGCTGGCGGTGTGGAAGCTGATGAAATGAGGGCTTCCGGCGGCCTCACGCTTTCTTTTCCAGAAACACCGTGGTCATCCCTCCGGCCTCTTTCCGGTACAGTTCCGTATAGCCCAGTTTGAGGTACAGATACAGGGTTTCAGGAGTATCTGCCGAAGTGAACAGAAGGTAGGCGGCTGCCTGTCCGCGGAAGTGTTCTTCCAGGGCAAGCATGAGTTGCTGGCCGATTCCCCTGTTCCGGCGGGCCGGGTCCACAACCAGCTTGCCGACATGGCAGACGTTTTTGCCGTCCAGACAGCCCCTGACGGAGCCGACGATGCGGCTGTTTTCCGTATACTTGAAGAAGACGCTGTTCCGCGCCTCTTCCCGCAAATGTTCCAGGGTTTGTTCCAGAGGCGGGATGCTGGCGAGTCCAAGCCGCTCCGCCACTTCTCCGAAGGCGAGTAATTGAAGCTTCAGGATTGCCGGAAAATCTTCCCGGGACGCTTGCCGGATCATGCCTCCATCATGGTTCCGTAACAGGACGGAAGCCATGAAAAAAAGCGGAATGTCATTTTTCCGGAGGGTCCGGGACGATGCCTCCCAGCCCGATGCGCATGTTCAGGGGGTGGCGTATGACGGTTGGACGGCCAATGTATTTTACACAGCAGCTTAAAGTAGCGGGAGAGTGCGGAAAGGAATAGGTGATGAGCTGCGCGGTTTCATCCTCCGGATCCTTGTTGGACATGATCTGCATGCCCCCTTCCACATGGAAGCCGCTGAAATGCGGATTTCCATGGTGACCCTTCAACTTGAAGGTGGCCCGGAATTCCTTTGCTGAGGGCTTGATGCTGAGGAGGGTGGCCTGAACCTGGAAGGGAGGATAATCTCCGGATGCCCCCGGAACGTCGATCGCCCATTGTTTGCCCGGTTCTGCGGGAATCGTCCGGGCCGGAGTTGTCCGGACCTCTCCGGCCGGCACGCGGAGCTCCCCGGTCAGCAGCCATCCCTTGTCGCCGGGAGGCAGTGAACGGGGAAGAGGGAAAAAGAGCATATTGTAGGTGGAAGTGCCCCATGTGGGGGGATGAACCCGGCAGTGAACGGCTGTTTTTCCGCCGGGGGTGGAAAGGTTGATGTAACTGGCGCCCTGCTGTTCCATATCATTAAGCAGGGTGTGGTTTTTATCCGTATGAATGTAAATGCCGAGGAAGACGGGTTCATGGCCTTCTTTATGGAAAACCCAATTGTATAATTTTACCTGAAGAGCCGGTGACGGTTGTGCGGAGAGGCCGGATTCATGGTTGTTCACCGCTTCCCGGGGAGTGGAAGGCGGAGAGGGGGAAGGGTTCACGGCCAGGTCAATGGGAACATCCAGTGAATGTTTGCGGGGAAGGTAAACGACGCCGAGATTCAATTCACGGGGAAGGGAAGGGGATGGTTTTCCCGCTCC
NZ_CP072019.1_gap30	1548705	1550398	1693	ATAATAGCCCGGCGCTTCCCCGATGAGCATGAGCTCCGTATGGGGATTGCCCGTGGCAAAGACCATGGTGTCCCGCAGGGAATTGAGCTCCCGCGCCGGCTGCCAGTTCTGCGCCAGATCCCGCAGGTATTGCAGCTTGTCTTCCATCGTCCCTTCCGGGAGAGCGACGGTGGAGGCCGGTTCCCGGCTCTCCGGAAAGAGCTCCGGCGGTTCCGGTGCCCCGGAAGATACGGAGGCCGGGGCAGGTTCCGCCTGGGGCGGCGGTTCAGGAGAAACGGGGGGAGAGGGTGGAGCTGCGGGAACGGCAGCGGCGGGGCGGCTTCCCTGTTTGGCGGTCACGTACCACGTCCTGAGAACGTTTCTGGCTTCATCCGTCAGGCTCGTGCGCGTTGTTCCCTGCTGGATCAGGGAATCGAGATAATGGCGGAAAAGGCTGTTCGGCGTGGCGGTCATGGGAGGATAAGGCCAGATTAGTCCATGAGAGGCCGTCTGTCACGACGATTTGCAGGGGCCCTTCTTTCCTCATGGAGCGCTCCGCTCCGGGAAATGACACGGTAAAAGATGGAATCCTTTGTGAGGGAAGAGGCAAATTGGGCTTCTCCGGTTCAGGCGTGGAAATGGCCTTGGGCAGCCGGCTCTCTCAAATTTTATTTAATCTTCCTATGTCCTTTTCTGAAGAATTAAACGGTCTGATGGACCATCCCTCTTCCCTGGTGCGCCGCTTCATGGCATTGCTGGAACCGGTGGACGACGCCCGCCTGGAGGCGATGGCGCAGGAGAGCCGCCGCCTGACGCGCCTGCATTTCGGCCGGACCATCCGTCTCTTTGCCCCCATTTACCTGTCCAACGAATGCATCAATAATTGCAAGTACTGCGGTTTTTCCCGGGACAACCCCATCATCCGCACCACCCTTACGGTGGATGAAGTGGTGCAGGAGGCCCGCTACCTGCACGGGCTGGGCCTGCGCAGCATCCTGCTGGTGGCCGGGGAGCATCCCAAGTTCGTTTCAGACGGGTACATGCAGGAATGCCTGGACGCGCTGCATTCCTTTATCCCCTCGCTGGGGCTGGAAATAGGACCGCTTCCGGACGACCGCTATGCGGAAATCGTCCACCATGGGGCGGAACAACTGGCCGTGTACCAGGAGACCTACAACCGGGAGGTGTATGAAACCCTGCATACGGCGGGCATGAAGAAGAATTTCAACTGGCGGCTGGATTGCCCGGAACGCGCCTACCAGGGCGGCTTCCGCCGCATTCAGATAGGCGCCCTGTTCGGCCTGTCCCCCTGGCGGCGGGAGGCCATGGCGCTCGCCGCCCATCTGGACTATTTGCAGAAGCATTGCTGGAAGTCCGCGCTTTCCGTGGCGTTCCCGCGCATGCGTCCCTACGCCGGGAATTACGAGTATGAACCCGATCCGGAACTGATGCTGGACGACCGCCATTTTGTCCAGCTTATGGCCGCCCTGCGCATCTGCTTCCCCAGGATAGGCATGTCCGTCAGCACCCGTGAACCCGCGCCGATGAGGGATGCCCTGATGCATCTGGGCATGACCCACATGTCCGCCATTGCCCGTACGGAACCGGGGGGCTACACGGGGGTGGGAACGGCCACCGCCCATTTGACGGTGCGGGGAAACCAGGTGGACCTTCCCGAGGACCGGAAAGGGCGCTGCAAGGCAACGGAGCAGTT
NZ_CP072019.1_gap31	1599122	1603786	4664	TGGACCGGATGGCGGAGATTTTGAGAAAAAGAGGAATCCGTTCCTTCTTTATTGACAGCACCAGCGACGTTATGGCCGGCGCCCCCCCACCGGGGGAGCGGGGATGGCGGCTGCTGGTGGATGAAGGTAATGGGAAGAATACGGTGCTGCTGTTGAGCCATGCCGCCGTCTCCACCTCCGGGAGCGCCCGCCAGATGGCGAAGATCGGCGGTGCGGAGTATTCCCATGTGCTGGACCCCCGCACGGGGCTGGGCATGACGGAGGGCAGGCAGGTGAGCGTGCAGGCGCCTTCCGCGGCGCTGGCGGATGCCCTGGCGACGGCGGGGAACGTGATGCGTGAAGAGGATTTCCGCTCCCTGGCGGCACGGTTGCCGGGAGTGTCCGTCCCGGCTTTTTTCCGGAGTTCCTCACGTTTTGCGGAAGGAACGCAGGAACAGGATGGCGCACGGAGGCCGAGATAGACAGCATGATGAAAGAAACGGGGGAGCGGACGCGTTTTTTAAGGTACACCTCCATAGACCATTTATGAAATTGTACCGTTTTTTCCTGCCTGCCGTGCTTGGCGCCGCCGTATCCTCATCATTTGGCACGGAGTTCCCGAATCCTTATCCGGCTCCCCCTCCCGGCGTGCGCCTGACTCCTGAAACCCCGCTTTCCCCCTCCGTCAACGGCGCCCGCATTGTTGGCGCCACTCCCGGCGCGCGGGTGCTGTTCCAGGTTCCCGTTTCCGGGGAGCGTCCCATGAAGATTCAGGCGGCTGGGCTTCCCTCCGGCCTGAGGATGGATTCGCGCGGGCTGGTGACGGGTACCGCCCCGGCGAAGAAGGGGGAATACAAGGTGAAGATCCAGGCTTCCAACAGGCATGGAAAAGATGCGAAGGAGTGGATTCTGAAGGTGGGGGATGAGTTGTGCCTGACCCCGCCCATGGGTTGGAGCAGCTGGTATTCCTACAGTGAGGCCGTGGGGCAGGAGAATGTGCTGAAGACGGCCCGGCTTTTTGTGGAGCGGGGGCTTGTCAACCATGGCTGGACCTATATCAATATTGACGATTGCTGGCAGGGCGAGCGAGGCGGACGGAATTTCTCCATCCAGCCTAACAAGCGCTTTCCGGACATGAAGGCCATGTGCGATTCCATTCATGCCATGGGGATGAAGGCGGGCATTTATTCCACGCCCTGGATGGGGACGTATGCCGGGTTCATCGGAGGAAGCTCGCCCAATGCGAAGGCGGATTACGGGGAAATGGCCATTCCGGAGAAGGACCGCAAGCAGAAGAATCAAATTTTCGGGAGTTACCCCGGCGTGCATCGCAGGAAGGCGGACCGTGTAGGCGCCGTCTGGCTGTTTGACCGTGACGCCAGGCAATGGGCGGACTGGGGGTTCGATTACGTGAAGGTGGACTGGAACCCCAATGACGTGCCGACGACGGAACGCATCCGCCAGGCTCTGGACGATTCCGGGCGGGATATTGTGCTCAGCATATCCAATGCCGCCCCGTATAAACAGGTGGAAGAGCTGGGGAAGCTGGCCAATTTGTGGAGGACGACGGGGGATATCCAGGACCACTGGGGCAGCGTCAGCGGCATCGGCTTTTCCCAGGAACGCTGGCAGAAGCACATGCGCCCGGGCCACTGGAATGATCCGGACATTCTCCAGATCGGGAAGCTGGGCAAGCCCAACCAGCCCAATACCACGTTTGTCCAGACGCAGCTGACGCCGGATGAACAGTACACCCATGTGACCTTGTGGTGCCTCCTGTCCGCCCCGCTCATCATTTCCTGTGACCTGGAGCATATCGATTCATTCACGATGGGGCTCCTGACCAACGACGAGGTGATTGCCGTGGACCAGGACCCTGCCGCCCGTCCCGCCCGCAAGGCGTGGCACCGGGGGGATTTCCAGGTCTGGACGAAGGAGCTGTCCGACGGTTCCGTAGCGGCGGGGTTTTTCAATACCGGGAAAGAGAAGGGCGTAGTGAAGGTGAACCTGAGGGAGCTGGGGCTCTCCGGCGCGTATGAAGCCAGGGACCTCTGGAAACGCGCCGACCAGGGAACGGTGAAGGGAGATATGGCCGTGGAGTTGAACAGCCATGGAGCGGCCATGTTCCGGTTCAGCAAAAAGAATTGACGGCAGGGGCAGGAATGGATGCTTTCAAGGACGGCATCTTTTTTTGCCGGCCAGCGGGTCCGTGAATGCCGCGTTTCACCGCCTGTCCATTATTATAGGAATAAAGGGTGAAATGGATAGCCGGCTTTGCAAGAATAGCCTGGCGGGGCGGCGGCTTTAAGAAACGGGCTGTTTCAGCCTTGTTTGCAGGGGGCTTGTGTTGCGGCAAATCCGCTGCCGCCCTTTCCGAGTGAAAGTCTTTATTTTTTCCATAAAAAAGAACCGTTCCGGTTAACCGGAACGGTTCTTATAAAGAGATTGATGTGACTTGCCTTAATCTCTCCGTACAGCTTCCTTAAGCGGCGATGCCGAAGTGCTGCTGGATGGAGGCGAAAATCTTGTCGCGGCGGGCGCGGGCTTTTTCGATGTCACGGGTCTTCAGAGAGAATCTCAGGCGTTCCGCCGTGGAGTCAGGCTTGTGAACCGTGACGTGGCACCACCAAACTCCCCTGTTGTTCCACAGGTGATGGTTGGGGTTGTCATCATTAATTCTAAGAGCGATTTTGGTTTGGGCTTTCATCTGTGTGATCTTTTTCCAGTAGGGGACGTCTTATTTACGTCCGTTGGTATATTAATGTTTCAATAAAACCTTCAACTTGGAGGCGCCTCACTTAAGCAGATGATCCCTTGTCTTTTTGGACATCTTTTTCTGCCAGTTGCTCACCTCGTTGAAGCCTTAGAGTTCAAGTGGTGTAACAACGTTCAAAAAAAAGAATCTTTTTTACAGGAGACCTACCTTTTTAAGAGTGTTGTAAGCACCGTTCTTGTTGATCGTACGCAGGGCCTTGGCGGAAATCTTCATTTTCACGAATTGACCGAGTTCGGGAACCCAGATGCGCTTTTCCTGAAGGTTGGGGAAAACGGTACGATTGACAGTCTTAGTGACGTGACGACCAATACCGCCCTTTTTCTTGGCAAGACCGGAGCGATGGATACGACGACCTTTGTGAGGCATGGTACCTCTGATGATGCAAATTCGGGACATGGCAATCGAAGTTATTTGTTAATGCGAGAGAGATAGTCTAGCGTATTTTCGCCTAAGGTCAAGAACAACCGAACAAAAGACTCGGAATTTGTGCCGGCCCGGCGGCAGCGCTGCCGGGCTTTCCTGCGGTCTGGTTCCCTCCGTTCATGGCCGGGGGGCAGGCGCCGGGGAAAGGCGCGCGCGGCCGGATGGCTTGTTTGCCCGTGTAAAACGTATCCGGCGCTTGCACGGAGGGAGGCGGCGTGAGAGATTGAAAGCATGAGTGAGAATCATTATGCAGAGTTTTCCGAATGCAGCATGAAACCCCAGGACGTGCTGGAGTATGTTTCCGGTCCCATGCCGGTTCCGGAGGAGGGGGAGGTGCTGATCCGGATGAAGGCGGCCCCGATCAATCCGGCGGACATCAATTTTGTGCAGGGCGTTTACGGCGTGAAGCCCGTGCTGCCCCATTCACGCGCCGGACTGGAAGGCTGCGGCGTGGTGCAGGAGTCCCGCGCAGAAGGCTTCCGCAAGGACGATGAAGTGATTCTGCTGCGCGGCGTGGGTTCCTGGAGCGAGTATGTGGCGGTTCCTGCCGTGAACGTGATGAAGCTCCCCGTGAAGGTGGATCCCGTGCAGGCGGCCATGCTGAAGGTGAACCCCCTGACCGCCCTGCGCATGCTGGAAGGGTTCGTTTCCCTGACTCCGGGGGACTGGGTGGTGCAGAACGCCTCCAATTCCGGCGTGGGAAGGTGCATTATTCAACTGGCCCGGGAGATGGGCGTGAAGACGGTGAATTTTGTAAGAAGGCCGGATGAATTGAGGGATGAATTGACCGCGCTGGGCGCCGACCTGGTAGTGGGAGAGGATGACGAGGATGTGGTGAAGAATACCCTGGCCCGGCTGGACGGAAAGAGGCCCGTGCTGGCCTCCAACGCCGTGGGCGGGGAAAGCGCCCTGCGCCTGATGGACATGCTGGCTCCCGGCGGAAGCATGGTGACGTACGGCGCCATGAGCAGGAAGAGCATCAAGGTGCCGAACGGTTTCCTGATTTTCAAGGGCATTAAATTGGAAGGCCTGTGGGTGACGCAGTGGCTCAAGAATGCCCCCGTTCCGGAGATTGAGGCCGCTTATGACAAGCTGGCGCGCCTGATGGCGGACGGCAGGCTGAAGCAGGCCGTGGATACCGTTTATCCGTTGAGCGACGTGCGCCGGGCCGTGGAGAAGGCCCAGGAAGAGTTCCGCAGCGGCAAGGTGGTGCTGAGCATGGAGCGTGCCTGATGCATGGGGGGAGAGAGTTTTCGTTTTCCCGGGCTGCGGAGCGCTGGAGGGATTTTTTCAGCGTTCCGTGGTTCGGTTGGTATTGGCTGCTGGCCTGGGTGATGGCGGGGCTGAGCCTTTATTCCATATGGCAGGCCGGTGATTTTTTTCTGGAAAAGAGCCGTTTTGCCCGGGAGGGCCTGTGTACGGAAGGGACGGTGCGGAACATCACGGAGGATACGGTGAAGTTGTGGAGCCGTTCGCGGGTCATGGG
NZ_CP072019.1_gap32	1606687	1609286	2599	AGAGGTGGCCCTCCCGGATCAGCTCCGGGAAGAACTGGATGAAGAAGGTCATCAGCAGGATGCGGATGTGCATGCCGTCATCATCGGCGTCCGTGGCGATGACCACCTTGTCGTAGCGCAGGTCTTCCAGCCCGTTTTCAATGTTCAGGGCGTGCTGGAGGAAGTTGAATTCTTCGTTTTCATAGACGACCTTGCGGCTCATGCCGAAGGAGTTCAGCGGCTTGCCGCGCAGGGAGAAGACCGCCTGGATTTCCGCATCCCGCGCCGTGGTGATGGAGCCGGAGGCGGAGATGCCTTCCGTGATGAACAGGGTGGTTTCCCCCGCGCGGGCGTGCTTGGAGTTGTAGTGCACGCGGCAGTCCCGGAGGTTCTTGTTGTGGATTTTGGCCTTGCGGGCGTTTTCCTTCGCCAGCTTCTGGATGCCGGAGAGTTCCTTGCGGTCCCGCTCGGAGTCTTTGATCTTGGCTTCCAGGGCTTTGGCCGTCTCCGGGTTTTTGTGCAGGTAGTTGTCCAGCTCCCTGGCGATGAAGTTGCCTACGAAGGTGCGGATGGTTTCCCCTTCCGGGCTGATGGTATTGGATCCCAGCTTGGTCTTGGTCTGGGATTCGAAGACGGGTTCCTTTACCTTGATGGAGATGGCGGCCACGAGGGAGGAACGGATGTCCCCAGCCTCATAGTTTTTCTTGAAAAAGTCCCTCAGGGTTTTGACGATGGCCTCCCGGAAGGCCGCCTGGTGGGTGCCCCCCTGCGTGGTGTGCTGCCCGTTGACGAAGGAGTAGTGCTCCTCCCCATACTGGCCGCCATGGGTGAAGGCCACCTCGATGTCGTGCCCTTCCAGATGGATGATGGGGTATAGCGGTTCCTCGCTCATTGCCTCCGTAAGCAGGTCCAGCAGGCCGTTTTTGGAGACGTAGCGGCGTCCGTTGAAGTGCAGGGCCAGCCCCTTGTTGAGGTAGGAGTAGTACCGGCACATTTTTTCAATGTATTCCGGACGGAACTGCGTGGTTACGGGGAAAATGTCCGGGTCTGCGTGGAACGCCGTGCGGGTGCCGTTGGGCTCCTCCGTGGCGCCGTCCTTCCGTCCTTTGGGGAGTTCCTTCCCGCGGCAGAACTGGTAGGAGCGCGTTTCCCCGTCGCGGTAGGCCTGGATTTCAAAAAAGTCGGAAAGGGCGTTCACCGCCTTGATGCCTACGCCGTTAAGCCCTACGGATTTCTTGAAGGCGTCGCTGTCGTACTTGGCTCCGGTATTGATTTTCGCGGCGCAGTCCAGCAGTTTGCCCAGCGGAATGCCGCGTCCGAAGTCGCGCACCTCGCACAGGCCGTCCGGAGTCACGTCAATGGTGATTTTTTTGCCGAAGCCCATGACGAATTCGTCAATCGAGTTGTCAATGACTTCCTTCAGCAGGACGTAAATGCCGTCATCCGGAGAGGTTCCGTCGCCCAGTTTGCCGATGTACATCCCCGGACGCATGCGGATATGCTCCCTCCAGTCCAGGGTTTTAATGCTGTTTTCGTCGTAGGCCATGTGCAGCGGGGTCACGCCTATTATAGCGGAGCCCCCGGAATTTGCGAAGAAAAAATGCGTGCCCGTCCATTTGCGCCCAATGGGGGCTTGACCCGGAGGCCGTCCCTTGGTGGAATCCATGGCGTATGATCAGTTGCAAGGCTCCGTGCAAAGTGAACGTTTCCCTCCGCGTTCTGGGTAAGAGGGCGGACGGTTTCCATGAAGTGGATACCGTGATGGTTCCCCTGGAATTGTGCGACGTGCTGGAGTTTTTCCCGGCGGACGGCCTGGAAATGAGCTGCGACGCCCCGGGAGTTCCGCTGGATGAAAGCAACCTGGTCATGAAGGCGGGCCGGCTGATGGAGCGGGAGCTGGGACGGCCCATGCCGTGGCATGTGCGCCTGGTCAAGAACGTGCCCCATGGCGCGGGGCTGGGCGGCGGCAGCAGCGACGCCGCGTGCGTGCTGTCCGCCCTGAATGAGCTGGAACACGGCGGCCTGTCCCGGAGGCGTCTGGCGGAGCTGGCCGGGGAGATCGGTTCCGATGTGGGATTTTTCATTTATGGAATGGCGTGCCGCTGCACCGGACGCGGGGAAAAGGTGGAGCCCCTGCCGGAATGGAGGGAATGGCGCCCCCGGATCGTTCTGCTGAAGCCGTCGTTCGGCGTTTCCACGCCGGACGCCTACCGCCGCTGGTCCGGTTCAGGGGAATTGCCGGGCATACCGTACGGGGAGCAGCGGGTGGACGGCCATGTGCTGGTCAACGATCTGGAAAGGCCCGTGTTTGAGAAGCATTTGTTCCTGGCGGAGATGAAGCGATGGCTGCTGGAGAGGCCCGGCGTGCGCGGCGCCATGATGTCCGGCTCCGGCTCCACCATGTTCGCCGTGGCGGAGGATGAAGAAGCGGCCCGCAAGTTGATGGAGGACGCCGCGCGGGAACTGGACCCCACGCTGTGGATGTGGTCCGGGCTTGTGATGCGGGAGGGCGCCCGGTAAAAACATGGTTGTGCAGGAGGCCTTGCCTTGACGGCGGGGGATGCATGCCGTTACACTCCGTCCATGATTAAAAGTTTGTTTGCAGGTGTGATGGTGGCGG
NZ_CP072019.1_gap33	1616807	1619458	2651	GCAGGCGCAGAAGGTTGACCAGGCAGTCCCGCTGGCGGGTGAGCAGGTCCCCCACGCGGCCCAGGTCCTGGAGCGTGAGGCGCAGGGCGCTGGAGACGGGCACGCGCTTGCTGGCCTTGCCTTCCGGCTCGTCCCTGCGGAAGATGTTTTTGGAAAGGCGGTCCAGTTCCGCGCCGAAGCGTTCCAGGACGTCCGCCTGGCGGTCCACGATGGTTTCCAGCAGTCCGGTGAAAACCTGGTCCCGGCTGATCTGCTTCTGGCGCAGGAGCTGGTGGGAGAAGACGCGGAAGGAATAGGAGTCCGAATGGCGGATGGTGATGATCTTGGCCCCCATGAGGACGAAGGTGATTTCCGACAGGGAGGGGGATTCCGTATCCACGCGGCTGAGGACCGTGGTGGTCATGAAGCGGGCGCCGTCTTCCGTGTACAGGCGGCTGGTGGCCTCAATTTCCCTCATCTCGTCGTAGGTGGGCATCTCCAGCCCGCAGAGGCGTTCCACAAACTTGATTTCCGCCGGTTCAGGGGTAAGGAGGTCAATCCAGAAGACGGAGTCCAAGTTCTGTTCAGCCGCATCCACCTGGGTGGTGCGCTCAATGCCTTCCGGGGTTTGACGATAGAGTCGAATCATGCCGTTGATTTCGGTGGGGGGATGGAACGATGCCGTGCATGATGTCGAGTGACACCCAACGCGGGCATGATGCCTTGTTTGTACAGGGAAGGGAAGTAAAAAGGGTGACAAAAAGAGGCCCGGTTCCCAAGGTGGGAACCGGGCCTGCCGGAAAAAAGAAAGGGATGCGCGCCGCTTAGGCGTTTTCCTTGACGACCACCTTGAGCGTGGCTTCCACCTGGGGATGCACCTTGATGGCGACTTCGTGTTCGCCTTCGCTCTTGATCGGCTTTTCAAGCTCAATCGCGCGGCGGTCCACTTCCACTCCCTGAGCGGTCAGGGCATCGTGAATGTTCTGGTTGGTGATGGCGCCGAACGCCTTGCCGCCCTGACCCACTTCAAGGGTAAGGTCTACGGTCAATCCGTTGATTTTGGCGGCCACTTCCTGGGCGGCGCTGAGTTCTTCCGCTTCACGCTTGGCGCGGGCGGCCTGAAGATTGGCGATGAAACGGCGGTTGGAGGCCGTTGCTTCGTGGGCGAGACCTTGGGGGATGAGGTAGTTGCGGCCATAGCCAGCCTTAACGGTCACCAGGTCGGCTTCCGCGCCGAGTCCTTCAATTTTTGTTGCGAGAATTACTTCCATCGTTGCCATGGCTAAAAAGAAATGGTTATTTGTGAGCGGTTGAAGTAGTAAGTATTCGCCCGAATGTCAAGACAAGAGCGATAAAAAGGGCGTTTTTTTATGTTTTGGGAGGAAAAAATCCCCCCGGCTGTCATGATAGGTGACATTGCGCTTGCTTCACGGGGCGGTAGTATGTAGGGAAAGGAACCGCATTTGTCGCGTTCGCTCCCGGAGAGGAGGGTTCGCCCGCGGGTACATTACAGATATTTGATCTTATGGCTATTCAGCGCGCATTGATATCCGTTTCCGACAAGACCGGCCTGGAGGAGTTTGCCAAGGGCCTGCACGAGTTTGGAGTAGAGCTTATTTCCACCGGCGGCACCGCCGCTTTCCTGAAAGGCCTGGGCCTTCCGGTGATTGAAATTTCCGACTATACCGGGGAACCGGAATTGTTTGAAGGACGCCTGAAGACGCTTCACCCCATGGTGCACGGGGGCCTGCTGCACCGCCGCGACAATGAAGAGCATGTGCGCCAGGCGAAGGAAAACGGCATCAAGCCCATTGACCTGGTCTGCGTGAACCTGTACCCCTTTGAGGAAACCGTCGCCAAGCCGGACGTCACGCTGGAGGAAGCGATTGAAAAGATCGACATCGGCGGCCCGTCCATGCTCCGTTCCGCCGCCAAGAACTACGCCTCCGTCACCGTCGTGTCCGATCCCGCGGACTACGCGCGCATTCTGGATGAAATGCAGACCCACAAGGGAGACACGACCCTGAAAACCCGCGAAAACCTGGCAGTGAAGGTGTTCATGCGCACCTCCAATTACGACAACGCCATCACCAACTACCTGGGCCACCAGAGCGCGGAAAGCACCAAGGGCAGCTTCTGCATCTGCGCGCCCCTGTACCAGGAACTGCGCTACGGGGACAACCCCCACCAGGAAGCCAGCCTGTACGGCAGCTTCGGGGACATTTTCAACCAGCTCCAGGGCAAGGAGCTTTCCTACACGAACGTGCTGGACATCGAAGGCGCCGCCGAGCTGATCACCCAGTTCCGCCGCCCGACGGTGGGCATCCTGAAGCACACGAACCCCTGCGGCGTGGGCCAGGATGACGAAGACCTGCGCAACGCCTGGCAGAAAGCCTTTGAAACGGACACGCAGGCCCCCTTCGGCGGCGTGATCGTGGTCAACCGTCCGATGACGGAAGGCCTGGCCCGCGTGCTGAGCGCCATTTTCACGGACGTCATCATCGCCCCGGAATACGATGCGGAAGCCCGCGCCCTTCTCCAGAAGAAGAAAAACTGCCGCATCATCCGCATGAACACGGAAGCCTGGATGAAGGCGCGCCGCGAACCCATCATCCGCTCCGCTCCCGGCGGCTTCATGACCATGAAGCGGGATACGGACGTGATGGGCCTGG
NZ_CP072019.1_gap34	1741065	1741830	765	CGGGATAGTTTTCCTCCCCGTCTGCGGAGTGCAGGGTAAGCACCAGCGTGTTGCGCGTGGCTTCCTGCACCTGCCAGATTTTGCTGTCGAAGCCCTGCACGCCTCCGTGCAGGTGGTTGGGGCCGTTGTTGACGGCCACGGAATGGGAGTCTCCGTCAATGGAGAACCTGCCTTTTGCGATGCGATTCGCGACACGGCCGCAAATCGCACCGCAATAACAGGTGTCTTTCAGCATGTCTTCAAAGTGCTTGGGCCCTACGATCATGTCCATGCCGTCCTTGACGACGGAGATGATGCGCCCCCCGTAGTTGCTGATGCGTACCGTCAGCTTGTCGGAAGACAGTTCAAACAGTTCTACTGGAGCGCCGCCGGGTAAGGTGCCGAAGATCATGCCGGTATGTAGCTGGTCAGTGAAGGAGGGCCAATTAGTAGGCCAGCACGCGGGAACCGTTGTTGCCGATGATCACGCGCACGCGCTGTCCGACCTGGATCGGGTTGTTCCTGCTGGCGACCTGCACGACCGTGTAGTTGCGGGTGCCGTTCCTTTTCTGGTCCAGGCGCACGGTGATGCGTTCCCCGGTCGTGTTGTTCACGGCCTTGTCAATCTGGTTGCCGGCGATGCCGCCCAGAATGGCGCCGCCCGCTGCCGTGGCGTACTTGGCGTTGCCGCCGCCGAACATGGCGCCGGTCAGGCCGCCCGCCACTGCACCGATGCCGGTGCCGGTATTGGCGTTATTGGCCTGGATTTTGACGTTTTCCACACTG
NZ_CP072019.1_gap35	1776957	1778198	1241	CGCGTCCGGCTGGCGCGCGTGTTCTGGTACACGGCGGCGGTGACGCTGGCGACCTGCTATTACTGGCTGCCCATGATGGAGATGAGCCGGGATTCCATGCGGTCCCTGTTCATGACTCCCCCCACTTTTTTTGAACTGTCCTGGCCGTTTGACCCTCCCAAATTCCTGGAACGCCTGTATGCCTGCCTGCCGGGAATGGCGTGCGCCGCTTTGGCTGCCGTCTATCTGGTTTACGGGAGGAAGGAGGCTCCGCCGGCGAACAGGGGGAGGCGGCTGTTTCTTCTCCTGCTGGCGGCGTCCATGCTCCCTGCGTTCATTGAACCCCTTCACCGCGCCGCCCATCTGTGGAGCTACGTGGATTTTCCGGTCCGGTTCGGGTTCATTCCCAATCTGGTGGTGGCGTCGTTCTGCGCCTGGATCCTGTCCGGTGGGAGGCTGCCGCAGTCGGCGGGGCGGCGCTGGGGCTGGGGATGGAGTCTTGGCCTTCCCGTGGCGGCGTTTGCCGTCTCCCTGATTGTCCTTCACGTGACGGATATGGACCTGGTGGCGCGCCTTCTGCCTCTGCTGTTTTTTTCATGCGCATGGCTGTGCTGGAGGCATGTGGAAGGCAAAAGGCTGGTGTGGTCCATAGCCGCCGTGATGCTGCTGGGGCTGCCCGTGGGGGCTGCCGCGTTCTGGAAGCAGGGAGAAGAGGAAAAGGCCGCTGTACTGGCCCTGAATGCGGAATGGCTGGCGCGCGGAATGGACGGGTACGCCGGGCTTCTGCGCGTGAAAGATAGGGACCGCCTGCTGGTGGACAACGCGGATTGCCTGGGGCCTGTCCCGAGCATCGGCAACTTCCGGCATACCACGAGCATCAGCCATTTCCGTTTTCTGAAAAACCTGGGGTACCGGGATGAATTCACACGCACGTACGGTCAGGGGGGCACCCTGTTTTCCGATCTGCTGCTGGGCCATGGCTTTTTGCTGGCGTCCCGTCCCGTGGAAGGAATGGAGAGCGTGCTTTCCCGGGAAGGCATGTATTTATACAGGCTTCCGGGCGCCCGCTGGGGGCTGGTGGTTCCCCAGAGCGCGCTGGGGCTGCGGCTGGATGCGGAAGCCGGCGTGTTCAGCAATCTCAATGCCCTGCATGCCGCGCTTTGCCCGTCAGCGGAAGGCCCCCTGTATGCTCCCGTAGAAGTGCGGACGGAGAGGAATGGCAACTTTTACCGGATGAGCGTGCCGGAATATCCCGGCGCGGT
NZ_CP072019.1_gap36	1780397	1784622	4225	TGAGAAAACGTCTGTCCGGCATGCTCAAAAACTCTTGAAAATGAACCGTAGGGAAAACAATGACGATTCTCTTTTGCCGGAGGATTATATCACCTGTTTTTATCCGTCTTCCCAAGGGATGTGGATAGGATTCAGGGAAAAGGGCGTTTCTTTTGTGCGGAAAAATTTACAAAAAATTCAGACTGTGGATATGCCCTGTGACGATGAAGTGGAAAAATTGGTCAGCGTGACCAGTTTTGCTTCTCTGCCGGATGGCAGCTTGTATGCCGGAACGTATGGAAAAGGATTATTGCATTTGGGCCATGTAGAGAGAAAACGGATTTTCCCGTTGAATGATGTGAAGCATCCTTCTTTCCCGGGCATTGGACAACTGTCGGAACTTTTAAAAACCAGGACAGCAATTGATGGAATGAAAAAAACAAATCCCCCTGCAAAAGCCCTTTTCTGGTATGAAGACTGGGCTACCCGGGGCGACTGGTGCGAACGCTATGGACGGAGTTACATGCTCCTGTGCGGAGCTGCCGGTCCTATGGGTTCCGTCCTTGAGGCTTTTGACAATGCATACAGATGCGAATCCGTCAAGGGTCCACACGTCAAAGTGGGTGAAAGCGGTGTATCCGGAAAAGTTATCTGGGAAAATGAACGGGGTGACGAAAACATCCTTTACTGCCCCATCAGCACGACCAGAACGCTTGCCCGGTGGAGTGACCGGGGAGAATCCGTAGACAGAGACTTTGACGGTCCGGACCTTGGCGTGCTGATTCAGGTTCCGGACAAAAAACAGCTCCTCTCCTTTTATTTTTATGATCCAACCCCGCTTGCCGACAATGATCTGGACAACAGCCTCAAGGATTACATACTCGAAATCAGAAAACTACCTGCCAATTTTGATTTTGACTCCTTCCTGGGACTTGGAAAAGAGGAGGAAGTTCAGGAAGAAGACTTATTCCGGGAACCTTCCTATGACGGGCTTAAGGATTACATACCCCTGCCTGTTCTGGCGCGAAGCAGGGTTAAATCATTTGCCGGATGTGGAGTTTACAAGAATTTCATCGTCGAAGGCTCAGGGTGGTACTACGTCAGAATATTGAAAAACTACTCAGTTTCTACAACCCTCAACGGAGTATTTATCTCATCCCTGGACGAAACGAAAATTGCTGTCGACAAACTCCTGGAAAGACTAAATCAAAAATCATTCTACTATGGGCTTTGCATACCATCTCCCCCTCCTTTGAACTCCGAGCAGGCAAGTAAACTTTCTTCTAGCCTCTTAAAATTATGGGCTGCCAGCCAAGACATGAGGCTGTTAAACGGGAAAGAAATCTTCTCATCAAGAAAACTTGGAATTTATGCCTACAGACACCTTCTTGCTACCCAGGCTCCAGATGAAATCAAAAAGAACTGGAGATGGAGACTGAAAATATGGGAAACGGAGGACAGGAAGGACTTCCGGCAACAAATGAAAAAAGCGTGGGCCAGTTTGCAGGATACGGTCTATTTCTACAGATCTTCTGAATGGGCTACATTCGCGCCGGATACCACCATTCCCTTTTCAGTCGATGAAGTCAGAAAAATGTCCGCTTTGAAAATTGATTGGAAACAGTATTTGCCGGGTTCAAACAAGAAACCGGAACTTGACGTTCAACAAATGAAAGAATGGTTAAAGAATAAAAAATAATGAGCATTAAATTATTTACTGCCATCTTCTTGCCGGCATTACTGTTTCATCTGATGCCGTTACACGCGGCGGAGGATTACAAGTGCGAAGTAAAAATAACTCCTGGCGAGAATGTCGCCATGTCCGAAGATGGGGATAAAGCCATACTGGACAAGCAGGAAGGCAAAGTTTACAAATTTAAAGCTGTTGCCAAATTTACTCCTGACTCAGAACAGGAATGGGTAGAATACCGATATGGTAAAACAAGAAAGTATATATGGGAACCTGCGCCAATCATGACGAGCGACCCTCCCAGGGGAAAGGGAGGATTTTCTTCTACGGGAATTTGCTCTCCCAGTGAAGAATACTGGGGAACTGAATTCAAGGTCAAAGTTAAGGTGAACATGGGGGTGGTCGGTCCAAAGAGAAAAAGAGAGGTGGCCGAAGATGAAATGGATGCCATAGCTCCGTTAATTCAAATACAGTTCGCCAAGTTCAGGGAAAATGCCGGGGGCAATGGTTTCACCATTCACGATCAATTCAGAGGGAAGCCTGTTCCGGTTCCGGAATTCAAAAGGGAGGATAAAACACCGGATGACGATAAATCACCCGTAGGGTACTATGCAGGGGATATTCCTTCCTTTACTGTCACCTTCAAGGCGCTGCCGGACTCCATGAAAACAATCAAGGCAACGTGCACCGACGGAATATTTGCCTCTGAAGCAACTGAATTGTCCATTGCCAATGGAAAAGCCGAGGGTGTCGTCACCGCCAAGGAAGCCGTGGAGAGAAAATGCCGGGACGCGCAGAAAATGCATCCTGGAGTTTCTCTGTTCTGGGAGTGAAGTTATCCGCCAAGGAACAAATGACCATCAGCAAATGCTATGTTCTTCTTGACAGGGGTAATCTGGACAAGCCTTGGAAAACCCTGCTGAAAACAGCTTTTGGGAAGTGGAACTTCAGCGGAGCGACCACCCATGATCAGCTTATGGACAGGCTTAGTCGCGGTATATCCAACAGTGCTTCTTATTACGATGAATGGAACCCGGAAGTGGGAAAAACCGGCTCCCTGTATGTGGATCAGAAACAAAACCCCATGCCCTTGTCGGTAGCCGGAATGGTAGATGCCATCGACAAAGGAACGGCAAAAATCATCTGTGTGGAAGCTGCCGGTCTTATGGAATATTCTGCGTCGGTTCTCGGCTCGGGCGGAGTCAGTTCCAGAGGAGTCGGGTGGACGGAAACTAGAAAAACAACAAACGCACAAGGACAGGAGGAGACAAAATCCTGGCGCTCCGGCCATGCCTGGTGCCTTTATGGAGGTAAAGTACATAACCCTGTTCCCTACAATGCAGGTCCTACCAACAAATCGGAAAGTGATTACATAAAAGACGATTTGAAATCCGATGAAAACAGGAGTAATTTTACCGAACCTGGCGGCTGCTACTTCTCATTTAACAAATAACCATCATGACTTGCACGCACAGTATGAAAATTCTCCCCTTTTTCTTCATTGCCGTAACCCTCATAGGGCAGATTCTTCATGGGGCGCCTGTTGCAGGGAATGACCTGTATCCCGGCCAAACAGTCTGGGAAATAAAACCGGCCGCAGTATGGAACCAGACCACCATAAAATCCAATCCTGCTGAGCGCAAGGCCCGTCTGTATAACCTGTATGAGGAAATTAAACCAGGCGGGAATCCTGTTCCTGGACAGTCCGAGGCGGCAAAAGACATGGAAGGGCTCAATATATCTCAGTACTACCTGGGATGGGACTATGAGCAGAATTACTGGGTCATTGTCGATATCATGGGAAACGTCTACATGGCCGTCAAAATGTTCTACTCCCCAAACCCCGTCTACAGTCGTCAGAAAGCAGTAGATGAAATGCTTGTCTCACAAAAACAGGGACCTCCGGTCAACCGTAACCGTGAATACCGATGGACCATGTTTGGTGACGGTATAAAAATGGCATTTCTGCAAGTCCCGTTTATTTTAGACGAAGATAAAAAATTATGTGGGGAATTCTTTGCAGAACAGGAGGGGTTTTCCCTCATTGCCGCTGACCACTGGTTCTTTCCGCTTATTAGAAAAGAGCTTAAGGATAAAGAACTTTTTGAAATATCAGAGACTATACTCGCCGCACTTAATGGAAAACGCCAATTCGGGTATTTTCCGAAAAGGACGCGGCAGGCGGTGAAAAAGTGGAAGGATATTTCAAAGATGCCTTATCAAAAGAGGACCAGGCGTGAAGAAGAATTAAGGAAATTAACAAAAGGCATGCCCGAGGGCTTATACGACAGGATTGATCGGAATGCTCGTGAGCTGCAACGGAATGATAATATTCTCAACCTGAATATGCCGGACGGGAACGAAGACAAGGGGCCTGAAATGATACCCAATATTAATAGCGGCATCGGAACGGTGCGCTGGCTCAAGAAGCACGTAAATATCCCTTTTATTGCGGAAAAAGGTCATGACGAATCTCATATCAACGGATGTTCCGGTACTTTTAGCGTGAACAAGAATGGACGGGATTATCCCGTCACCTACACGATTCTGCATCTT
NZ_CP072019.1_gap37	1904844	1905875	1031	CCAGAGAAGTATCCAAACTCCGTTGGCAAAAAGAAGAGAAGCAGCGGGAAGAACGAAAAAAACTTGCTCCCGACTATGGCATTCCCGGAAAGTTTCCTTTTAGCGTTCGTGGGGAATCTGATTTATCGGAAGGTTTAAAGTGGAAAAACTTTGATACATATTTCTCATCTCTTTCGCTTTCTCCCGACAAGAAGGTTATTTTGCCCAATCCCGATCAGGGTGCTATCAATCAGGCATGGTTGAAGACTGTTTGGAAGAAGGGAGACGTGGATGTGGTGGATGAACAGGAAAACGGCGTGGTTGCGCGCCTTCATACGGAAGGGAAAGACGATGACAAGAGCGATATTTGGCTTTTTGTCGGCTATTGCCAGTCTCAGTCTGCGGCCATGAACGAGCTGTATTCACGGCGTTTTCAGAAAACCCCGGACAGGCCTGAACAATGGTCTTGGGATGACGAAATAGCAACAGTGGTCGTCAATCCGTTCAAACTGGGAGATTACAGTTTGGGAAGGCAGGGGGTATTGGGCGATTTTGGCGGAATTATTCCGTCGAGCAACGAGTCGTCCCTCTTTTTCGTGAACGGTAATACGGTAGTAGCCCTTGTTTCCATGGATCCGTCTTGTTCTGTTCTTTCCCTAACAGAGCAAATTGATAAGAGGCTTGAAGCAGTCAGGAAAAACAAATAAATGTTGAACCGTATATGGAACCTGAATAATGTTATCTTGAGAAGAAATCCTGGAGGTGCAGTATTCCGGAGTTTTTTTAGTTCATAAAACCAGATATGGGGGGTCTTCGCCTCTTGTGCCCGGTCTATTTTTCAACGTGCTTTTTTATTGCTTTTGGGAGGCATTCCCGTGTTGAGGGAGATTCTCTTTGTTGATATCATGGAGAAAGCCGATTTTTTACTTGAGCTTCGGAGGGAGGCAAGCAGAGTGAATATATGAAGCAGAGTCAGCAAAAAACAGCCTCCTTTTCCTGGCTGGCGGGGTTGAGGTGGTCATTTGCCGGGTATGTGGTAGGGACGCTTTTTG
NZ_CP072019.1_gap38	2007519	2010548	3029	CACAGAGGGGGGAGACGGCCACCAGGAGGCCGGCGCTTTTAATCAGGAGGCCCCGGTGTGGCGGGGCGGGTGCCGCAGCGTGGTTCATTTCCGTTAATCGGGCCAGACATTGCCGGGCGTGCTGCCCTGGGTGATGACGACTTCCTGGCCTATTTTCAGGGTGAAATTGGGCGTTACTTCCTGCTGGACTTCCACGAGTTCGTTCGTGTCCTTGAGCTTGACGCGCACGCGGATCATTTTGGTGGCCTCCACCCTGCCGTCCACGATGGAGCCGGTGGCGGAAGCCAGTTTGGAGGTGCCCATGCCGATGATGCCGGGCGTCATCGCTTCCGCCGCCGTGCCCGCCATGTTGGCGAAGGTGCCGTCATCCGCGGAGGTCAGCACGTTGATTTCCTTGATGCGGACCACGTTGCCCAGCTTGATGGTCGTCACCTTCCCGGTGGCGATTTCCAGAGTGCTTTTTTGAGTGCAGGAGAAGAAGGTGGGGAGAATGAGAAAAACGGGAATGAATTTAAGCAGATTCATGATACACGTATGTTACTACGTTGGGAAAAGGAGGCGTTTTTCAGTGTGCGGGCAGAATTGTGTACGTGGCCAGGTACAGCAGCAGGTGGAGGGAGGCGAGGGCCAGCACCTTGTTCATGCGTTTGTCCGCAGGCGTTTTGCGGATCAGGAGCATCAGGTAGCCGCCGAAGAGGATGGCGGGAATCCACATCCACCACGTATGGGAGAGGTTCAGGTGCAGGGCCCGGCTGGACGTGGGCAGCGTGATGTAGGCCGCCAGGATGAAAGCCTGGGCCATGGCGCGCGCTTTTCCCTCCCCCAGCCGCACGGCCAGCGTGCGCTTGCCCGTAGTGAGGTCTTCCTTTCTGTCGCGGATGTTGTTGACGGCTATCATGACGGCGCACAGAAGGCCGCACTGAATGCCCACCACGATGCCGGCGTTGTACACCGCCAGGGATTCCACCAGCGTGCCGGGGACGACCGGAGCCGTGCCTATCTGCACCAGGATGGTTCCCAGGACGGCCACCAGGCCGAAGAAGAGGATGACGAATATTTCCCCCAGCCCCTTGTAGGCCAGCGGCCATGGTCCCCCCGTGTAGCCGTAGGTGAAGTAGAGGGACGGAATGCCGATGGCGATGATGGGCCAGCCGCGCAGCTCAATGAGGGGGAGCGCCAGCAGGCACGCGCCCAGCAGGAAGGCGAGGCCGATGATCATGACCGTTCCGTGGGAGAGCGCTCCGCTGGCCGTCATGCGCACGGGGCCGGTGCGCCGTTCCGTATCGGCGTGCTTGGCGTGGTCAATGGCGTCATTGAAGAAATTGCAGGCAATCTGGAGGCAGAGGCAGGAGGCAAGCGTCAGGAGGGCCAGGGCCGCGTTCCAGTTTCCGGTCAGTTTCTGCACCACCATGCAGCCTGCCCATACCGGAATGAGGGAGGCGGTGAGTGTTTTGGGGCGTGCCGCCAGAAAGGCGGAAGTAATAATGTTCATGAGAGAGCGGAAAGAAAGGCTCCGGAATCAGCGGAGAATAGGGCCGAGGTGGCGGAGGGTTTCCTTGATGAGGGAGACGTGCCACTGGCCGGGCGCCGTCTCTTTTTCCCCCAGGTAGCCGTACACCAGGCAGGAGCCGAGCTGGGAGTAAAGCAGGCGGGAGACGGGCCCCATGGGTCCCATGCCCATGACGGCAATCGGCCCCTTGGGCTTGGTGAAAAGCTGCACGCCCGTCTGGATGTCCGAGGCGAGGCACGGCGTGAACGCGAATTTGACGATGTCCGCCTTGTGGGCGCGCGCCCGTTTTTCCAGTTCGCGCAGGTAGTCCACGCCCGGCGTGATTTGGAAGTCATGGGTGGAGCCGATGACGATGACGTCCCGTGCCCCCGCTTCCATGATTAGTTCCCTGGCATGCCGCATGGCCTTGATTTCAATGTCCATGGCGGTGGCGTACGGCATGTAGGCACGGAGCAGGGCAAAGCGCTCCTCTTCCGGAATGCGGCGCAGGCCGCCTTCTTCATGGCAGCGTACGGTGACCAGCAGGGGCATCTCCGGCCTGAACTCCATGACCTGCTCCGCCGTGAGTTCCGGGGGAAGGGCATCCACGCGCAGTTCCACCCAGTCGCACTGGTCTGTTAAATCTTTTCCTTTCAGCGTTTTCCACAACTCCCATGAGGTGACGGACGCAACGATTTTCGGCGGATAGGTCTGATGTTCACGTACAATCTGCTGCATACATCCTACTATCCCAGCTAAGGAAGGAAGGTCAATCTTCTATTAATGACATTACCCCATTTTGGCGCCCGGAAAATGTCAGCTTTTCCATGGAGGCGCAACGCTACGCCACCGGCGCGGGAGCATGGGCCAGCTCTGGGTGTAAAGGCATGGGGAGGCATGCGTAAACGCGTGCCCGTTCAGGGGGAGACCATCTGAAGGAGGATATGGGGGAGGGGACGCAGGGACGGTTTTTTCCGGTCCGGAAAATCTCCGGGAACGGCGTAGTGGACCGGTTTTCCCGCCAGCCAGTCCAGGGCACGGAACAGCAGGGTCTGGAAGGCGGCGCATTGAATCCCCTTCAGGCTGGGGTCTCCGGGCCAGACATGGCCCAGCGTGGAGGTGTATACGCGCCCTTTTCCGTACTGGACCGTCCATTCCACCGGAAAATTGAGGCCCGTCAGCGGGTCCCGGGCATAGGAAAGCACCTGGACGTGTTCCGCCGGGCCGCGTACATAACGGTACACTTCAACGTCCGCCGTTCTCCAGCGGCGCGGCAGTTCGGCATGAATGGGGTGCTCTCCCAGGCGTGTGACCAGCGCATCCACCCGTTCCCCGTGGGACGTGTGGCCCCCTTCGCCGGGAGGGAGGCGCAGGATGGCTTCATCATCCGTAATGACCAGGGAGGTGCCGTAATCCCGTGGCCTCCACCCCAGCCCGATCATGCGGTTGTATTCCGGCCACCGGGGAAAGGCGTTATTGGCGGAGTGGAAGGCCAGCATGCCGCCTCCCTCCGCGAGGTACTGTTCCAGGGCCTTTTTCG
NZ_CP072019.1_gap39	2011825	2012401	576	CATGACGCTGACGTATTTGTCCAGGCGGGAGGCGTGCTGCTGGAGCAGGGTGCCCCATTTCCTGGTGTATTTTACCTGATAATTGTCGCTGATTGTTACTGCCATGATTGCAAATGTAATGATGTTTGAATGCGGGAACGGCAACTTGGATTATCGGGTCCGGAATAACCGGAACGGTCCTGCCGCGGTGGGATGCGGCCATGTCCCTTGCGGGATTGCGGGCCGGTCCCGTCCAGCGCCAACGGGTATGGGCCACCTGCAAAAAAAACGCACCACGGCGGAACCGTGATGCGCTGGGCAAAAGGAATGAAAGGCGCTGCCTTTCCGCTGTTAAAGAATGATCGGGTGCGGGCGGGTGGCGTGGTCCGGGCCGAAGAGGGCCAGCATGCGGCCCGTCTGCCCCTTCTCCACGCGGTAGGAGTAGAAGCGCTTGGTATCCGCCGCCGTGTCCAGCCCTGAATCGTGAATCTGGTCTTCCGGCACCCCTTCCTCAACGAGCTGGGCCTTGATGGCCGTGGGGATGTCTTCCTCATAATGGGGGGGACGGATGCAGGGGGAGATGACGGCAATCAGGTT
NZ_CP072019.1_gap40	2022016	2024061	2045	CACAACGGCAAGGAACCGCGCCTGCTCTCCCTGCGCGTGCACAAGCAGGGCGTCGTGACCGCCGCCGACATCACTGACGACACCACCTACCAGGTGGTCAATCCCGATCAAATCATCTGCACCCTGGACCAGGACACCATGTTCGAATGCGAATTCCAGGTGCGCGTGGGCCGCGGCTTTGCCACCGGCGACGAAAACAAGGTGCCGGACATGCCCATTGGCGTGATCCCGATCGACTCCATTTTCTCCCCGGTCACCCGCGTGAAGTACTCCGTGCAGAATACCCGTGTGGGCCAGATGACCGACTACGACAAGCTGATCCTTGAAGTATGGACGGACGGGCGCATCTCCCCCGCAGACGCCATGCTCCAGGCCTCCGCCATTCTGCGCCACCACCTGGACGTCTTCGTTAACTATGACGACAAGCAGGTCAACTTTGAAGAAGCTCCTTCCGCCGTCCAGGACGAGGAAACGGCCCGCCTGCGCAAGCTGCTCAACATGAGCGTCAACGAAATCGAGCTTTCCGTGCGCGCCGCCAACTGCCTCAACAACGCCAACATCACCACCGTCGGCCAGCTCGCCATGAAGAGCGAAAGCGAAATGCTCAAGTACCGCAACTTCGGCAAGAAGTCCCTCAACGAAATCAAGGACAAGCTGCTGGAACTGGGCCTTTCCCTGGGTGTTCAGGTGGATCCCTCCCTGCTTACCGGTCCCGTGCCGCAGGCCAAGCCGCGCCTGGGTCTGGAAGAGGAAAGCCCCGTGGGCCTGGCAGACCTGATTGCCGCCAACATCGAAGACGACGACGACTAAATCTCACAAAACCAACACACATAGAAAAATATCATCATGAGACACGGTGTAAAAACCTCCAAGCTTCAGCGCAACGCTTCTCACCGCAGGGCTTTGCTCGCCAACCAGGCATGCAGCCTCATCCTCAACGGACGCATCACCACCACCCTGGCCAAGGCCAAGGCTCTCCGTCCCTATGTGGAAAAGCTGATCACGCTCGCCAAGCGCGGCGACGTGCATTCCCGCCGCCTGGCTACCGCCACCATTCACAACACGGTTGCCGTCAAGCGCCTGTTTGATGAAATCGCTCCCCTCTGCGCGGAACGCAAGGGCGGCTATACCCGCATCGTCAAGCTGGGCCAGCGTCTGACGGACTCCGCCCTCGTGGCCATGATCGAAATCATCGATCTGCCCCGCGAAACGGCTGAAAAGGAAGAAGCTCCCGCAACCACGGAAGCAACCGCCTAAGGCCGTTCCCTGACACATCAGGCTTAACCATCTGCCCCGGCCTCTCGCAGAGACCGGGGCGGATTTTCTATTCATATTGGCGGTAAAGAGATTACGGAGGAAGTGCGGTGGCAAGATCGCTCTTGCTTCTTTCCTGCCGGAACGGTATAATTCAGCCTCAACTATGGACGCAGTATTATTGTTTTCCGGACAAGGTGCCCAAAAAGTAGGCATGGGCAAAGATTTGTATGACCAGTATCCCGCAGCCAGGGCCCTGATTGAGCAGGCGGACAAGGCGCTTGGGGAATCCCTCTCCTCCATCATGTTTGAAGGCCCCGGCGAAGAACTGACCCGCACCTGCAATTGCCAGCCCGCTCTCTACGTGCATGGCCTGGCCTGCCTGGCCGTCTTGAAGGAGCTGGCGCCTTCCCTGAATCCCGTGGCTGCCGCCGGCCTTTCCCTGGGTGAATTCACGGCTCATGCGGCTGCCGGAACCTATACCTTTGAAGAAGGCCTTCGCCTGGTCCAGAAGCGCGGCGCGTTCATGGAGGAAGCCTGCAACGCCACGAAGGGCACCATGGCCGCGATGATCGGCGGGACGGATGAAAACGTCATCAAGCTGGCGCAGGAATGCGACGTGGACGTTGCCAACTTCAACTGCCCCGGCCAGACGGTCGTTTCCGGCACGGAAGAAGGCGTGGACAAGGCCATTGCCGGAGCCAAGGCTGCCGGCTGCAAGATCGCCAAGAAGCTCAATGTGGCGGGAGCCTACCATTCCCGCCTGATGCACAGCGCCATGGTGAAGCTGG
NZ_CP072019.1_gap41	2078398	2079586	1188	GAAATACCGCGGCGGGAAATCCGCGGGCAAGCATTCCTGACGGTGGTCTTTTTGAGGAAGGAGGGAATTGTGCTTGAAGGGGAAGTCCTGTTTGAGGAAAATGTACCGCCTTTAGTATTTGATTTATGAAAAACCTGTTGTTTGCGTTGTTTGCCGGTTCCGTCTGCTGCTGTTATGCCCAGCAGAACGCCGCTCCCGCTCCGGAGCCTGAAATTGTCGCTACGCCGCCGTCCGATGCCGGACGCGGCCTCATCCGCGTGAACTCCCGTGAAATCCGCTATTACTCCGGCACCCGCAAGGAACCGGACTACCTGGTCAGCAAGGACAACGGAAAGACCTGGGAAATGAAGGCGGCTCCGAGCGGCTACCCGCCCAACTATGGAGGCATTCCCAAGGAATCCCCGGCGATTGCGCGCAACCCCGTGACCAGGGAATTCATCCGCGTGCAGCCCATCGGAGGGTTCATCTTCCTCTCCAAGGGAGGCCTGGACGGCAAGTGGTTTGCGGTCACGAACGACGGCAAGCTGGAGGAAGACTGGAAAAATCCGGAGAAGCAGAAAAATCTGAAAAAACTGGGCGGCATCATGCGCACGCCCACCTTTGTCAACAAGGGCAGGAGGGTGATCGTGCCGTTCCATAACATGGGCGGCGGCACCAAGTTCCATATTTCCGACGACGGAGGCCTGACCTGGCGCGTGTCCAAAAATGGCGTTACCTCTCCCAAGCATGAAGCCAGGCCGCCCCACCAGGGCGTCAGGTGGTTCAACAATGCCGTGGAAGCCACAGTGCTGGAAATGAAGGACGGCACCCTGTGGGCGCTGGCCCGCACCTCCCAGGACCAGGCGTGGCAGGCTTTCTCCAAGGATTTCGGTGAAACATGGAGCAAGCCGGAGCCGTCCCGTTTCTTCGGAACCCTGACCATGAATACGCTGGGCCGCCTGGATGACGGAACCATCGTCTCCCTGTGGACGAACACGATGGCCCTGCCTGAAAACGCCACGGCAGGCAACGGCACGTGGGAGGACGTGTTCACCAACCGTGATTCCCACCACATCGCCATGTCTGATGACGAAGGAAAGACGTGGTACGGCTTCCGGGAAATCATTCTGGACGAACACCGCAACCATCCCGGCTATGCCACCCTGGACGGTCCGGAGGACCGCGGCAAGCACCAGAGTGAAATGGTGC
NZ_CP072019.1_gap42	2256183	2257875	1692	CTGCGCCTGCTGGCGGCCATGACCGCCCGGAACACGGAAATAAGGCTGCCTTACTCTTCCCCAGTCTTTACGTCCGGCTCCTTTCTGCTGGAAAGCGACGGAACGGACCGTTCCGCCTCCCTGAAAGAGATTTCCCTGTTTGAGCAGGGCTTCCTGGGAGTGACCGGGGTTCTGTACAGCAACGGTTCCGCCGTGACGGGAGAGCTGGTCTTTAAAATCCCCTCCTACATGGTGGATAGCCGACGCCTGCCGTCCGGCGTTACGCAGGAGGGGCATGAAATCATTCTCCCCGTGAAAATTTCCGGTACGCCGGCATCCCCGCAGGACAACTCCGCCGGCATGCTCCAGGAAGTGGAGCCGCGCGCGGACCGTCCGGGAATGGGGACTGCCCCCTCCCGCGGAACGGCTCTTCCCGCTCCGTCAAGTACCCCGCCCGCCCGCATTACGGTGGACGGATTCATGTGATATTGCCGAGAATTCATGTTGCTGCTCAACCCCATTGTCCGAAAAACGTCCGAAAAGCGTTCCCGCTGGTGGACCAAGCTGGCCGGCTTCGGCCTGTGGTCCTTGCTCCAGCCCATCTGCATGAGCCTGAATATCCGCTCCATCAAGGAGGAGCACGACGACGTCTACACGGCGCCCTTCCTGGTGGCCCTCTGGCACAACCGCACGACGGTGCCCGGCTATGCCTGGTCCCTGGCCCAGAAGCCGCTCAAGATGTGCGTGCTCACCAGCGCCAGCAAGGACGGTGCCCTGGTGGAGGCCGTATGCAAACACTTCGGCCTGGATTCCGTCCGCGGTTCCTCCGGACGGCGGGGAGCCCTGGCCTACATGGAAATGATGAGGAAGGTGCAGGAGGGGGACGTCTGCTTCTGCCTCACCCCGGACGGTCCGCAGGGCCCCATTTACCAGGTGCACCACGGCATCATCAAGATGGCCTCCCAGTCCGGGCTTCCCATCGTTCCCGTGTGCATCGAATATGAAAGCTGCTGGAGGCTGAACAAGGCCTGGGACCGCTACGCCATTCCCAAGCCGTGTTCCAACGTGAACATTCTATGGAAAAAGCGCCTGTTCATTCCTCCGGACGCAACGGATGAGCAGGTAGCGGACTACGCCCGCCTTCTGGCCGGGCTGCTGAGCGAGGGGCTTCCGGACTTCCCGCCACTTAATCAATCATTATTATGCAAATCATCGACGGAAAACAGGTAGCCTCCCAGGTGCTGGAAGAGGTTGGAAAGGACATTGCCCGGCTCAGGGAACAGGGAATAACGCCCGGCCTGGCCGTGGTTCTGGTGGGGGAGGACCCCGCCTCCCAGGTGTATGTGAATTCCAAGGTGAAAAAATGTGCGGAGCTGGGAATGAACTCCCGTAAAATCGTTCTCTCCGCGGATGCCTCCCAGGAAGAACTGCTCCAGGTCGTCCGTGACTTGAATGCGGACCCCTCCATCCACGGCATTCTGGTGCAGAGCCCGCCTCCCCCCCATATCGACGAGGCGGCCGTGGTCCTGGAAATAGACCCCGCCAAGGATGTGGACGGCTTCCACCCGGAGAACGTCGCCAAGCTGGTGCTGGAGGATGAAACCGGTTTTGTGCCCTGTACCCCGCTGGGCTGCATGAGGCTGTTGCAGGCGGCCGGCATTGAAACGGCGGGCGCGAATGCCGTGGTCATCGGCCGCAGCATGATCGTGGGCA
NZ_CP072019.1_gap43	2331246	2335938	4692	CGTGGATGGTGGTTTTAATGTCTCCGTACGTGGCGCCCGCCTTGCCGCCCAGATAGAACATCGTGTAATCGCCGATGGGGAGGTTCAGCGTATAACCGGCCATCATCGGAACGTAGGTGGAGCGGACGCTGGCGGTATAGGGGCCGCTGATGCCCAGGTCATGCACGCTGGGATGGTGGGAGCCTGCCAGAATGCCGCCGTTCAGGGAAATCTGATGAACAATGCTGCCGGTTTCAATGTAATTGAAAATGCTCAGATTGCCGCCGGCCACGTTGGGCATGGCATCCTTTGTGGCGATGCCGTAAGCTCCTTCCAGGGACATGCCGAACTGGCCGTCGTATTTGTCGGCGTGGTAGGCATTGGCGGCGGACACGGAGGCCACGAGGGCCAAACCTAGCAGTATAGTCTTGTTCATATGGGGATAAATGGTGAATTTAACTGTGGTTCATTCTTGGCAGTTTTCTCTTTTGAAGTCAAACATGAAATGTCAAATTTGCATGAAATCCCCGGGCTCCGGGAGATGAAGTTGCCAGAACGGGCCCGGTGGGGTACATTCTGCGCCATGGAACAACAAGCGTGTGATTTGCTGGTGACCGCTTCCCGCATGCTGGCGGGCGCGGAACAGGCCGGCGCCGCCGGAAATGCGGCCGTCGCCATCCGGGACGGGAAAATTCTGGAAACGGGGAGCGCCGCGGAACTGGAAACCAGGTGGAAGCCCGCCGCCCGCAGGGACCTGGGAAACGTTCTGCTGATGCCGGGGCTGGTCAATGCCCATACGCACGTTCCGATGACCTTCTTGCGCGGCTTTGCGGATGACCTGCCTCTGATGGAATGGCTGACCGGGCATATTTTCCCGGTGGAAGGCCGCCTGACGGACAGAATCGTCTCCCTGGGAGCGCGTCTGGGCATGTATGAAATGATGCGGACGGGCACGACGGCTTTTGTGGACTCCTACCTGCTGGAAATCAACGTGCTCCGGGAGGTGGAGCGCATGGGAATGCGCTGTGTGGGCGGGGAGGCTCTTTTTGCGTTTCCTTCCCCGGCGTACGGCGGATGGGATGCGGCGGAAGCCTTGTACCGGGAGCAGGCGGCGCGCTTTGCGGGCCGCGGCAGGGTGCAGGTGGCCCTGATGCCGCACAGCGTGTACACTACCAGTGACGACGTGCTCCGGCGTTCCATGAAGCTGGCGGAGGAACTGGACCTGATGCTGCATATCCATCTGTCCGAATCCGCCGGAGAAGTGGAGCAGTGCCGCTCCCTGCACGGGGACAGGCGCCCGGTGGCTTATGCCCGGGACATGGGGCTGCTGAATGAACGCACCGTGCTGGCCCACATGGTGGACGTGACGGATGAGGAACTGGAACTGGTAGCCTCTTCCGGAGCGGCAATCGCCCACAACCCGGTCAGCAATTTGAAACTGGCGTCCGGCTTCGCCCGCGTGCGGGACATGGTTCGGGCCGGCATTTCCGTCTCCCTGGGAACGGACGGAGCGTGCAGCAACAACAGCCTGGACATGTTTGAAACGATGAAGCTGGCCGCCATTCTTGCCAAGGGATGCAGCGGGGACGCCACCGCGGTGCCTGCCGTGCAGGCGCTGAACATGGCAACGGCGGAAGGCGCGCGCATCTTCCGGACGCCGGGGCTGGGAACGCTGGCTCCGGGAGCTCCCGCGGACATGATTGCCCTGGATATGGATGAACCGAACCTCTGCCCGATTTTCAACGAAGCGTCCCATGCCGTTTATGCCGCTTCCGGCAAGGACTGCGTGTTCACCATGGTGGAAGGGAACATCCTGTACGACCACGGAACCTACACGGACGGCCTGTATGCGGACACCGCCGCGGAAATGCGGGACCTGGTGGAGTGGGTGAAGGGGAAGGAATAAAGACGGAAGACTAAATACAAAAGAGAAAATAGTCTTTAACAGGCATTTCCCCTCTATTTAATCTTTCTTCTTTTGTCATTGGGGCGCCGTTCAGGCGGCGCATGCTCATATTCCTTCTTTACCCGCAAGGGGGGATGCCTTTATAGTAATTTCATGCAATATGATCTCATCGTCATTGGTGGAGGCCCTGCCGGCTATGTGGGCGCCATCCGCGCCGCCCAGCTGGGAAAATCCGTGGTGTGCGTGGAACGCGACCGGGTAGGGGGCACCTGTTTGAACTGGGGTTGCATCCCCACCAAGGCGCTTCTGAAAAATGCGGAGGCTTACCTGACCGTGACGGCCCGGGCCAAGGAATTCGGCATGACGGTGGAAGGCGTCAGCGTGGACTGGAGCGAGGTGATCGGCCGTTCCCGCAAGGTCAGCGACCGCCTTGCCGGCGGCGTGGGTTTCCTGTTTAAGAAAAACAAGGTGGACTCCGTTACGGGAGAAGCCTCCATCACCGCCCCCGGCAAGGTGGAAGTGAAGGCCGCCGACGGAATGACGAGCGTTCTGGAAGGAAAAAACATCCTCATCAGTACCGGCTGCGTCACCCGCACGGTGCCCAGCCTGCCCCTCAACGGCGCCACCATCATCGGTTCCAGGGAAGCCATGGTGCTGGAAAAGCGGCCTGAAAGCATGATCATCATCGGTTCCGGCGCCATTGGCACGGAATTCGCCTACATTTACAACTCCTTCGGCACCAAGGTAACGCTCATTGAAGCGCTCCCGCGCATGCTTCCCAATGAAGACGACGATTCCTGCCAGACGCTGGAACGCGCGTTCAAGAAGCAGGGCATCAAGGTCATGACGGGAGCCTCCGTGGAATCCGTCACGGAAACCTGCGACGGCAAGGTCAAGGCCAACGTGAAAAACAGCAAGGGACAGGAAGAGGAAATCACGGCGGACGTCTGCCTGGTGGCCATCGGCGTGAAGCCGGTCGTTCCCGCCGCTCCCGGCCTGGAGCTGACGGAAAAGGGATTCATCAAGGTGAATGACCGCTACGCCACATCCATTCCCGGCGTTTACGCGGCGGGCGACGTGATCGGCGGCGTGCTGCTGGCGCATACGGCCACCTTTGAAGCCGTGCAGGCCGTGGAAGGCATGTTTAATCCGGACTACCAGCCCAGGCAGGTCGGCTTCTTCCCAAGCTGCACGTACTGCTACCCGCAGGTGGCTTCCGTGGGTAAAACGGAACGCGCCCTCAAGGAAGCGGGCGTGGAGTACAAGGTGGGCAAATTCCCCTTCCAGGCCATTGGCAAGGCTGTGGCCGCCGGAGAAACGGACGGCTTCGTGAAAACCCTGTACGGCGCCAAACACGGCGAACTGCTGGGCGCCCACATCGTGGGGCCGGAAGCCACGGAACTGATTGCCACGCTGGGCGTTGGCATTCAGGCGGAACTGACGGACGAGGATATTCACGCCACCATCTTTGCCCATCCCACGCTGTCGGAGGCCATCCATGAATCCATGCTGGCTTCCGAGGGAATCGCCATCCACATGTAAAATAATATAATTTTCTTTAGAAAGGATATTTAAAATCTATCATTCCTGCAGTTTTACGGGGAATGATAGATTTTTTTGATATATTTAGTTTTATGGTTGACTAATTAAGATTTATAAGCTATATATAAAAATACTATGGAATCATCAAAAAGATTCAATATATATAGAATAATCAAAGAAGGTTTGTTCATTCATGAAGAACAGATTATCAAAAGTTTAAAAATAACTCCTGATGTTCCTAGTACTAAAGGCGTCCATTGGACTCTTTCTGGAATTGAGGAAAGAGAGTTACAATCAGACTCGAATGAAACGCTTAATATTATTTTTGGAGAACTTATTCAATATCGTGAAAAGGATCAATTTGAACGACTTGATCGTAAAGTCAAACAAATAAAATCATATTTCGTTGATGATAACATTATTACCAGAAGAATGTTTTTGTATATACCAAAATATTCTGGTATTATTTTAGAACAAGTTCCTTCTAGAGATGAGGTGGCATCAAGAAATTACTTAGTTAAGCTTATTAATAAGGGGCTTCAGCTGTTATTAATACCTGGGAATTGTACAATTGAAACAATTTCAGATTTAAGAAAAATTAGCGCTAAGATTAAGGAGTTAAATGAAATAACATTTATTCAAGCTTCTATTACTCCTTCTAATCCTATTTATAATCCTATTTGGCATAAATTAGATGAAAGTTTACGTTCACGCAACGCTGAACGTTTGACGATAAGTGAACGTGCTCGTATGTCTTCTAATGAAGGATTGAAAACGAAGATAAAAGAATGTTTGGATGAAGGGGAAAATTTAAATTATTCTTCGGATCGTTCATATTCAATATTGGATGCTGGTTTTATGATGGCTTTGGATGGTTATGGTCAAGCAACTATTAAAGGAAGAGCTCTAGGGAGTGCAAAAATAAAGACAATTAAAACAGCTGATACACAGGAACATTTCGAGAGTGACGCGAATGCGAGCCGTGGTAAATTAGCGAAAATTTCTATATCTAAATTTAATAAATTAGCAAAAGAAAGAAAATGGAGAAAGAATTAAGAATAAATGATAAAATAAAATATTTATTTATTGGGACTTTCTTTAGCTGGGAATTTTTTATATTACTTATATGTATTCTTTTTCTATGGGGAAGGTGGGGTGAGGTATGGATTGTTGAACATCTTAGTTGGGTGAAATCTGCTGAATGGTTAAATGAGGTATTAAAAATAATTTTTGTCGGACCATTTTATTGGTACTGGTTAGTTTTT
NZ_CP072019.1_gap44	2416351	2419622	3271	GAAGATGATTGTCAAAGGGCGCCGCATTGACGCTGCGGACATGATCAACAGCTTTTGGACACACCATTTTCCGTGGATGAAAGACATCCCGGCAGGGCAGCTTGTGACCTATTCCGACCGGGTCGTCACTCCCAAGGCATGGGAAGGCACGGAAGAGGAAAAACCCAAGGGGTACGACACTACGGCAACTGCATATGAACTTACTGACGGGCAGATTCACACAAAATCCCTGCGCCCTAAATGGTGCAATACCACCATCAAGCAGCGCCTAGCCATTCCGGAAAATGCCCCGGCCAAGTGGAGAGAAAAATTTAAGAACATCGGAGTAATTGGAGGAGGAGACACGCCTTGTTTCTGGCAGGAATTTTCCGTGGACCTGGTGACACTCGACCGCCCCAATGCTACCTATCCGATTGACGGCATTTATAACGGTGAGCAGCCGTCAAACGATGAAGACGGACCCTCTGAGACGCCCAATGACGGAATACCTTATGCCGACATAGCAAGAACGGTGTGGGAATCCATGCAGGAACTTCCCTATGACGGGTCTATCTCCTTTGCGGCTCGCGGGGGGGCTCAATACTGGCAATACATGGGGCGCCGTGTTTCCTTGCTTGGCGGCAATCCGGAATGGGAAACTATCAATACCATGGTGCAGACCGTAAGCCGTGACTTGCAGACCAACGTTATTGAACTTTCCTACGGCTCTCCGTCTCAACTTGGAATCGAAGATTTACTTGAGCTTAATGAAGTGAATGTTATTTCAGATGCCTCTTTCGCGTTGGAAAACATGCAGGGAGCGCCGGAACCAATTGACCTGACCTACGACCCCAAGCCAGAATCTCCGACCATTGGACAGCAGATTACGACTGCCACCGGGTCTGAAGCTCCTGCGCCGGAATACGGCTTCCAGGTTCGCTTGACCAAAGACACAGAGGGCAACATCACCGATGCTCGCATCAAACCCGGCGCTCTCTACCTCAACGGCTCTCTCTTGGGATTCTACCCGGCCGGAGACGGCGGCTCCGGCTCCTCCTGGGTGAAACTCCCGATGATCAGCGGTGAGGTCTGGATAAATGTCCACTTCGACCAGGACGCCAAGTTAACCAGCGTGGAAATGTCAGGCATACCGGGAACGGTGTACCCGATCATGCTCGCCCAGGAAAAGCCCGACGTCAATTTTGACTATGCTTTCCAGGTTGCTGACATCAACGAAGACCAGGTCACACAATACGCCCTGGGCATGATCCAGATTCCGGTCTTCGGAGGAACCTTCTACCCCTACGGACCAGCTTAACCAGACAATACGATGATCAGAATCTATCTATTCACCTATGCCGGAGACGCGGATGAGGCGCAAGCCTGCGTCCGGTGCGCCTTGGCAGCCCTCCCTGAAGCCGTCATTACCGTGGCGGACGATGATGCCGACCCAGTACCGGAACGCACCAGAAAGGCGCTTCTGGCAGCCGGAGCGCGGTATCGTCAAACCAGCTTCCCGCGCCACGGCAACCTGCGCGGCCCGGAATGCGTCCGGGGCATTATCTCCATGCTGGCCGGAGAAGCGGCGGACGATGACATCGTCGTCAAAATCGACTCGGATACGGCGCTGCTCAACGGAGCATGGATCAGGGACATGTCTGAAACGGGGGCGCACTGGTGCGCCTCGGGAGCAGATAGCCGGCAATTCTACGGTCTGTGTTATGCCATGACCGGACTGGCCGCCAAACGAGCCGCAGAAGTGCTGATGCAAGCAGAGCTGCCGGACAACGCGCCGGAGGATCTTACCATCGGGCACACGGTCATTGAACTTTTTGGGGTCAGCAAGGGGAGAATTATCCCCCCCTGGACGCCCCAAAACAGGGCCGGCCGCTGGTCGGCATGGAACTGGTTCAGCATCTCGGTCGCCCCGGAAAAATATGTTGGGTTTGACGTTGTAACCGTGGGAAGCCCCTGTTCTCCCCATATTCCAAAAGCAAACCGGGTACGCGTCATGGATGCCTTATTCCGCTGCCGTTTTCACCAGAAAGAAAACTGATCATCTTGTTGATATCAACAACATGACCCTGAGGGTAGGAAAGGAACTGTACAAAAAGCTGAACATTATATTCATAAGTATATTTATAATCAATAAATATAATCCCTCCCGCTCCGCCAAAACATTTTTCTTCTTAAGAGTCTGTATTTTAACGATACAGGCTCTTTTTTGCTTTTTTGGCAGGTGTTGCAAGAAGAGAGAAAGGATCATTTGCCTTTTAGTCAAATGCCTGGCTGCACTGGTTTAGAAACTGGCAAGGGAGAGTTGCATGGAGATACAGTTCAGCAAGCTATCTCTGCCGGAGTTCTTCCAGCGTATGAATGGCAAGGCCGGGGAATGAGGTGAGCATGAAAGAAGCCTGATTGTTCTGAAATTATTAATGGGGGAGGATTAAAAAATGGCGATGCTGTCCCTTTCCATTATTTGCTGCAGCGAATATGGTTTTTTATTGATTGATTTTCTCTGTGAAGCTTTTATTAAAAATGGATAATGTATCCTCTTTATGAAAACCATTCTTTTTTATTGTGGGCATTTTACCTTGTCTTCTCTTACGGGAGCGGAACACCGTTCCTGTGGTATGGGACAAGCGGAAAAAACAGGGTTGTTCCGGATAGTCCCATTGCACTTTCCATGCAGGGAGAACGGTGGGAGGACCCTGTCTCCGGATGCTTTGGCCAGTTTTATGTTTAAAAATCAGGGAAAGATTCTTATTTATCTTCTTGACTTTTTTGACGTAGGGAAAGAAAAGCTTTTTTCTCTGAGAGGGATCATTTGCAATGACGAGGAGAAAAAGTGCTGTATTACATGCCACGTCTCAAGATTGAGTTGTGCCATCCACTGAGGTATGTGGATTTGCTCCTTGGCGGCATTTACGTTGTATCTTTCCCTTTGCCAAAGCTTATCAAGGATCGATATCCGGAAGGACTTCCTTAAGGGAAATCCTTCCTAACGGGGGAGTATGAAAATCAATTTGGCCGTAATTGCTTTAAAGGGAAACTAGTTTCCTTCCCGCCGGGTTTACGGTAGGGGAGTAGTCCGTGGCTTTCATGAATTCCCATGCTCGCTCATCTTGGCACGAAGCGGGCTCTTACCGGGGTTCTCTCTCAGGGGGGAAAGAGGGTGCATACCGTTTCCCGCACTTCGTCAAGTCATTTGGCACGGATGTCCGGAGTGCTGGCTACAAGGATGCAGAACATTTTTCTTTCAAAAACATGCACGCCGCAGAAAGCGAAGATG
NZ_CP072019.1_gap45	2565688	2568464	2776	GGGAGCTTGCTGGCTTCCTTCACAAAAATGTCCGTTTGTTCCGCCAGGTATTCCGTGCCCTTGCCGTCGCGGTCTTCCAGCATGAAGGTGACGCCGTTGGCGGAACCCACCCCTGCAATGGCCGGGGGCTGGAAGCACATGGGGATGCCTTCCGGAACCTTGGTGCTCAGCAGGGCGTTGAGCTGGGCGGTGACCGCCTTGGCGCTCTGGTCCGGATTGGGGCGTTCCTCCCAGGGCTTCAGCATGACGAAGAAGAAGGCGTTGTTCGTGCTCTGCACCCCGGTCAGCAGGCTGAAGCCGGAAATGGCGATCACGTCCTTCACGTTCGGGTTCTGGCGGATGAGGTCTGAAACCTTGTCCGCGGCGGCCGTTGTCAGCTGGAGGGAGCGGGCTTCCGGCATGATCAGGGCGGAGAACAGGTAACCCTGGTCTTCGTCCGGCAGGAAGCCGTTGGGAATCTGCTTGGCTACGGGCAGGATGGCGTACGCGATCAGGGCCAGCAGGGGAATGGAGATGATGAGCTTGCGGGTCAGGAAGTGGCACACCTTGGTGTAGCCGCTGGCCGTAGCGTCATAACCGCGGTTGAAAATGCGGTAGAAGAATTTCAGCGGGCCGCCCTTGTTCGGGTCCTTGGGCTTGAGCAGGATGGCGGAGAGGGCCGGGGACAGCGTTAGCGCGTTGAACGCGGAAATCAGCATGGAAATGGCGATGGTCACGGCGAACTGCTGGAACAGCGTGCCCGTAATGCCCGGCAGCAGCAGGGAGGGCAGGAACACCGCCGCCAGCACCAGGGCGATGGCGATGACGGGGCCGGACACTTCCTCCATGGCGGCGAAGGCCGCCTGGCGTGGCGTGAGGCCGCGCTCCATATGGGATTCCACGGCTTCCACCACCACGATGGCGTCGTCCACCACCAGGCCGATGGCCAGCACCATGCCCATGAGGCAGATGGTATTCAGGGTGAAGCCCAGGAGCGGGAACAGCGCGAAGGTGGCGATGATGGAGACCGGCACGGCAATGGCCGGAATCAGCGTGGCGCGCCAGCCCTGGAGGAAGACGAACACCACCAGCACCACCAGCAGGAGGGCTTCCACCAGCGTGTGCTCGATTTCCTCAATGGAGGCGCGCACGGCCAGCGTGGTGTCCAGCGTCACGTTGTACTCCATCCCGGCGGGGAAGCTGCGGGCGCGGTCTTCAAAAAGCTTCACCAGGGCGTCCACCGTATTGATGGCGTTGGAGCCGGGGCGGCATACACGGCGATGGCGCCTGAATCCCTGCCGTTGTATTTACTGGATACGTTGTAGGTCTGGGAACCCAGTTCCACCTTGGCGATGTCTTTCAGGTAAAGGAGCTTGTTCCCGTCCGCACGGATGATGATGTTGCCGAATTCCTCCGCAGTCTGGAGGCGGCCCTTGGTCTGGATGCTGTACGTGAATTCCGTTCCGGGAGGGGCCGGTTCCGCGCCGATCTGGCCGCCGGGAATCACGGTGTTCTGCGCCCGGATGGCGGACTGGACTTCTCCCACGGAGATGTTCTGGGCGGCCATCTTGGTGGTGTCCAGCCAGATGCGCATGGCGTAGCGTCCTGCGCCGAACACCTGCACGTCGCCCACGCCGGGAACGCGCTTCACGGGGTCCACCAGGCTCACGTACGCATAGTTGCTCAGGAAGATGGCGTTCAGGCTGTCATCCGGGGAATACAGGTTGATTACGGCCAGCGGGCTGCCCGTGGACTGGGTGATGGTGATGCCCATCTGGGAGACTTCCGCAGGGATCTGGGCGGTGGCCTGCCCGTAGCGCATGTAGGCCAGCGTCTGGTCCATGTTGGGGTCCGTGCCCACTTCAAAGACGATGCTCAGGGAGCAGATGCCGTTGTTGGCGTTGGTGGAAGTCATGTAGTCCATCCCCACGACGCCGGAAATGGATTGCTCAATGGGGGAGGCCACGGAGTTGGCCACCGTCTCCGCATTGGCGCCCGGATAGGTCGCCTGCATCTTGATGGTGGGCGGGACGATGTTCGGGTACTGCTCAATGGGGAGCCCCATCAGGGACAGTCCGCCGAGCAGGATCATCACGATCGAGATGACGATGGCGATGGTCGGGTGTTTGATGAAGAAGCTGGACATGGTATTAAATCATGAGAGTGCGCGGGAAAGGCGGGGAGGGGAGAGGGGCTTCCCAGGAGAGGGGGGGATTATTTGGCGGCGGGCTGGGCTTCGTCGTGCTTCATGCCTTCGGGCGTCTTGGCCTTTTCAAAGGACTGCGCTCCTACGGAAGGCATGACGGGCTGGGAAACGACAGGCTTGTAGGGCAGGGGCTTCACGGGGGACTGTCCCTGGAGCTTGGCCGCCTGCATGATTCCTTCCACTACGATGGGGCTGTCCTTCGTGAAGGAGGAGTGCGGCATGGGAACGATGTTGATCACCTGCATGCCGTCCACCACGGGCCCGAGGTTCACCACCTGCATGTGGGGAACGTTCTTGTCATCCAGATAAATGATGAATTTGGCGCTCTGGGCGGAGAGGATGGCGCGCGGGGGAACCAGCGTGGCGTTTTCCAAAGTCTTCACCGTGGCGCGGACGCGGACGAACATGCCGGGACGGAGCGTCAGGTTCGGATTGGGAATATGGCCCACGATGTTGATCGTGCCGGTCTGGGCGTCCACGTTTCTGTCAATGGCTACGGGTTCGCCCTGCATGGGGAATTCCGTGCCGTTGGCCAGAATGACGTCAAACTTGAGGTGCTTCTCCTTGGCCAGGTTGCTGTCCATGGAGTTC
NZ_CP072019.1_gap46	2570603	2575175	4572	GATACGTTCCATACCCGCACAAATGCGCCTTTTCACGGCGCAGGGAAAGAATCTCCCGGATGACGGGTTCCGTATCGCATGCTCCCGTGGCGACGGTCTGGAGATGTTCCCATAAATCCTTCCGGCATTCTTCGCGGTGCGCCTTCTCCATCACCCGGGCGGAAGCCGCGGAATCCAGCGTAAACGTCCAGCCCGGGCCGGAATGGCCTGGGCTGCGTGACTGGAACTCCTCCCGCGCCTGTTGAAGAGCGTTGTTGTCTATCCCTTCCAGAAAGGCGGCGTCCCGCACCGTCCAGGTCCAGGACTTCCGCGCGTCCATGTACAGATTGTTGAAACGCTGTGAGGCGAGAGTCAATTCCCTGTCAATTACCTCAAGCCGCGCGCGCTTGTCCGGCGGCAGGTCCGCCCCGTTGTCCCGGAAGCTCTGCATGGTCAGCTCCATGTACCGTTTCTGTTCCGGGCCCGGATTGGTCTGCCGCAGGCGTTCCTCAGCGATTTTCAGGACGTTCCACAGGGCCTGGTCCTTCGTGACGGAGGAAAGGAAGGCGGACACGCGGGGCGCAACCGAATCCATGGCCTTGCGCAGTTCCGCGCTGTCGCACAGGCTTTTCAGGACATAGGCCTTGCGCATGCCTTCCATGAGGAGGTCATTGCTGCATTCCAGGGCGCCGAACGTGTTTTCATACGTCATTTCCTCCGGTTGGAGACGGCTGATCTCTTCCACGGCGGACCGGGTGAGGCGCATCGCTTCCCGGATGTCCGGTTCCAGCCTGTCCGGGGTCAGGCGGTTCCAGCAAATGGGGCGGCTCTTGTCCAGAAAAGGGTGGGTGGAAGAATCCGCCGGAGAGGGAAGGGCCGCGGAAAGAAAAAGGAGAAGGAGATGGAAAAACTGCCTGGGTAACCGCATGGCGGCTATCCTACCGGAAGCCCTCTCCCCCTTCAAGCCTTGTGCTTTTCGTGTCTGCATCCGGGGAAAAACCGGGCCCCGGTCTTGAACGGAACCGCGTTTGCATGTATGAACAAAGGCGATGTCCACCAAAATTTTCCTCTATGATACCACGCTGCGCGATGGAGCGCAGAGTGAAGACGTCAACTTGAGTGCGACGGACAAGGTCCGCATCGCCCGGCAGCTGGATTATCTGGGCATGGACTACATTGAGGGCGGCTGGCCCGGCGCCAACCCGGTGGAGACGGAATTTTTCAAGGCCATGAAGGACGTGGAGCTCAGGAATGCGAAGCTGGCCGCCTTCGGCAGCACGCACCATCCGTCCAGTACGCCGGAGACGGACCCCACGCTGAACGCCCTGGTTTCCAGCGGCGCGCGGGTGGCCGCCATCTTCGGGAAATCCTGCCCCCGCCATGTGGAAGTGGCGCTGGGCATCTCCCGGGAACGCAATCTGGAAATCATCGGCAACTCCATCTCCTTCCTTAAAAAGAATTTGGAAGAAGCTTTTTTTGACGCGGAACACTTTTTTGACGGCTTCAAGCGGGACCCGGAATACGCCCTGGCCGTGCTCCGCGCCGCCCATGAGCACGGCGCGGACTGCCTGGTCCTGTGCGATACCAACGGAGGCACCATGCCGGAGGAAATCGGTTCCATCATCCGGACGGTCAGGGAACGCCTTCCGCATGCCGCCCTGGGCATCCACGCCCACAATGACTGCGAGCTGGCCGTCGCCAACAGCCTGGCCGCCGTGAACAGCGGGGCCGTCCAGGTGCAGGGCACCGTGAACGGCATCGGGGAACGCTGCGGAAACGCCAACTTGTGCTCCGTCATTCCCAACCTTCAGTTGAAGATGGAGGGCTTTTCCTGCCTCAGTGACGCCTCCCTGACGCGCCTCAAATCCACCGCCGCCTTCGTTTCGGAAGTGTCCAACCTGGCCCCCTTCCGGCGGCAGCCCTTTGTGGGGAACGCCGCCTTCGCCCACAAGGGGGGCGTGCATGTGAGCGCCATCATGAAGGACTCCGCCCTGTACGAGCACATTGACCCCTCCCTGGTGGGGAACGCCCAGCGCGTGCTGATGACGGAGCAGGGGGGCAAAAGCAACATCCTTTCCCTGTCCCGTACCTTGGGCTTTGAACTGGAGAAAGGGGACCCGCTTCTGGACGTGCTCTCCGCCGCCGTGAAAAAAAACGCCGCGCTGGGGTATGACTACGTGGCTGCCCCGGCCAGCGCGGAACTGCTCTTCCTGCGGCACATGCCGGACAGCGCGCTGAAGCCGTACTTCAACATCCTGCGCACCGTGGTGCTTACCTCCCGCCATGAAATGGATCCGGACATGATGGTGGAAGCCTCTCTCAAGCTGGACGTCCACGGCAACGTGGAGCACACCGCCGCCGGCGGCTTCGGCCCCGTGCATGCGCTGGACCGCGCCCTGCGCCGCGCCTTGACGCGCTGGTACCCGGAACTGGAACAAATGCACCTGATTGACTACAAGGTGCGCGTGCTCTCACCCACCCGGACGAACATTCCGGACGCGGCGGAGGAAAACGGCACCGGCTCCAATGTGCGCGTGCTCATTGAATCCTCGGACGGCGTCGCCACCTGGACCACGGTGGGCGTCTCCTACAATATCATTGAGGCCAGCCTGGAAGCCCTGGCGGACGCCGTCACGTACAAGCTCTACAAGACGGAGCAGGCCAGATGGCGCGCGGAATGCTGATGTTACGGAAATTTGTTGTCTTTTAGAGGGAATAACGCACTACACCTGGTTAACTCATTGAGTTAACCAGGCGTACTTGGACTCAACTGTAAAAGCAGGACAGTAGTTCTCTACTGTTTTTTATGGGTTTACTTCTCTTTTTCTTTAAGAAATTTTCGTCCTAAGTTACTTTGATATAGAAACTCTGTTTTTTTATTTCTACCGATTGCTCGATCAACCAACGGCATCATTTCTTTTTCTTCATAACCTGCCATCTTGAGGTAATTAAATATTTCAGAGGATTTCTCAGGATAATTAAGAAGAAGTATGTTGATTAGGATTCCTTCCCGGCGGTGAAAATACCATTCAATTGAAGAATTTCTGAGTTCCTTGACCACCATTTTATTGGCCAGATCTCTTTGTTTATCGTATTTTTCCCGTATAGCTTTCTCATAGGCTTTTCTTTTTTCTTCCATTTCCTGATCTTTGGCTTTGTCTGCCTCACTTTCAGGCTGTTTCCAATTCCTCTCGTATAATTCCTCTTCCTTAACGAATTGGCTCCATTTGTCCATGAAGGCCTTTTGCCACGCAGTTTCCCGCTTTTTCTGGTAGTTGCGATTTTCTTCTTCTATATTGGGCCGGTAATAATTGCGTAGCGTCCGTACCGTAATTGCTGCATAGATGGAACATAATCGAGCTGTTTCCTTTTTTTGGGATGGCGGCCTGTTTTGTGCGAGATTTGTTTTTGAAATAATGTACAGATCATCCATGACTCTTTCCTTGAGTTTAATATCGCTTTTTAAAAAGCTGCCCTCGTGGAGAGGGTCGTTTTCCTCCATTTCAAAAAGAGGAGCTGAAACGACATAGCTGTCAATCAGCAGTTGTCTATCTATCTGGTCTCCAACTAGTATTTTAGGATCTGTGTATAATTCATGCTGGTCAATGGCGGGTTTTACCGTTTCATAGAATTTCTCCAATTCTCCTTGTTCTAAAAGTAACTTGAGTTTTTTTAAAAAAGGTTCGTCATTAAATTTCCGGGCTTGTTCACTAACAGGGATATGAAATTTCTTCATGATGGACTCTGCTGCCTGAATGTTTGGGATTGCCGTCAACAGGAACGTCATCACAATCATGGAAAGGGAATGTATAATGGGATGCATAAGTACAAGAGAATATTATGGTTTGAAAATATGATTACCGCCCGTCGTTCGTTCAACAGAGCATTCTTCTTTTTTTTGCGGATCGACAAGAAATTTCTTAACTCTTATATAAAATTGATCGTTTGGCTTCCTGTCAATATGGAAACGTTGGTAAACAGTAGCAATATCGCAAATCCCTTTCATGTCTGGGGATTTGAACGTCCTGAAAAGACATTTCCAGGTGAATTCATTGGGATAGGAATGCTTGTAAATGGGATTTCCTTGATCATCAAGGGACTTGATTTCATTCAAGATTTTCCGAGATATCTTACTTCGTATATGATCAGTTTTTTCGAAACGGTTTTCCTTGGTAATAATACAGTTACTGTCAGCATCATGTTTTTCGGCAAGGCTTCCCACCGGACCTTCGAACCCTTTGTCTTTTTCGATAATCCTGACTCCAGCATAGCATACGTCAAGAGGATGAACTGATACTTGAAGTGCAGCGGAAGCTCCTGGAACATTACTACCGTTTTCAGGACAATCAGGTAAAGATACTCCTTTGAGGATGCCTCCCAGAGTTTCATGTTCTGCGGTGAGTTGTTCGGGAAAAACGACTTCGAATTCGATTGGCTCAGGAAGAGCTATTCCCTGCTGGGTTTGAACCTCTATAACAAGACCACCGGCTTGTTGAATTTGCTCTTTGCTGGTATAAGGGCTTATTTGGAAGGTTGCTGATTCTGGTTTATCCTTCTCATTGGTTAACTCTCCCATAATTAGTTCTTTTCCCT
NZ_CP072019.1_gap47	2580667	2585656	4989	ACGGCCACGCTGAACGACTGGGCGGCCATGCTGTATTACGACGGTGAATTTTATGATTCCGTTTCCTTCCCGAACCTGGAAATCCTGGATCGCGTGGGGGGCGGGGATTCCTTTGCCTCCGGCCTGATTTACGGCCTGCTGTCCGGCAAGGGGCCTCAGTACGCCGTGAACTGCGGCTGTGCCCACGGCGCGCTGGCCATGACCACTCCGGGGGATACCTCCACGGCCACGCTGGCGGAAGTGGAAAAAGTGATGAAAGGCGGAACCGCCCGCGTGGACCGTTAACCCTTTAATTCTTCCTGACATGATTGAAAGCTGGAGATGGTACGGTCCAAGTGATCCTGTGACGTTGAGGGACATCCGCCAGGCCGGAGCCGCGGGCATTGTGACGGCCCTGCATGAAGTGAAGTGCGGGGAACTCTGGACGCGGGAGGCCGTGGCCGAACGCGCGCGGATGGTTGAAGAAGCAGGGATGAAATGGGTGGTGGCGGAAAGCATTGCCGTCCATGAAGACATCAAGACGCGTTCGGGAAACTGGAAGCATTATCTGGAGGTTTACAAGCAGAGCCTCCGCAACCTGGCCGCAGGAGGCGTGAAAGTGGTGTGCTACAATTTCATGCCCGTGCTGGACTGGACGCGTTCCGACCTGGCTTTTCCGCTGGAGGACGGCAGCAGCGTTTTGAAGTATGACGCCGTCCGCGTGGCCGCGTTTGACCTATTTATTCTGGAGAGGGCGGGGGCAGCGGACAATTACGCGCCGGAAACGGTTGCGCGCGCCCGCGAACTTTTCCAGTCCATGGACGGAGACGCCCGCAAGGCGCTGGCGGATTCCATCCTGCTGGGCCTGCCCGGCACGGTGGATGACCTGACGCCGGAGCAGTTCAGGGAAATGCTCAAACGCTACGAGGGCATTGACGATGCGCAATTGCGTCGGAACCTGTATGACTTTCTGAATGAAATCATGCCCGTGTGCGAGGAAACGGGCATCCGCATGGCCATTCATCCGGATGACCCTCCCCGCCCCATCTTCGGCCTTCCCCGCATCATGAGTGATGAGGAGGACATGCGCCAACTGGTGCGGGAGGTTCCCTCCATGCATTCCGGCTTCACGCTCTGCACCGGCTCCCTGGGCGGCCTTTATTCCAATGCGCCGCACCTGCTGATGGAGGAGTTTGCGGACAGGGTGTATTTCGCCCACTTCCGCAATACGGTGTTTGACGCGGATCATGAAAGCTTCCGGGAATCCGGTTCCCACCTTTGCGGCCATACGGACATGGCCTATGCCATGCAGTGCCTGCTGGACGAGGAAGCCCGCCGCAAGGCCGCGGGATGGCCGGACTGGCGCATTCCGGTGCGCCCGGACCATGGGAAGCTGATGGACATTGACCTGGAGAAGCACTGCTATGCCGGGTATTCCTACGGCGGCCGCGTGATCGGCCTGGCGGAACTGCGCGGCCTGGCGATGGGGCTCCAGTCCTTCCGTCCGCTGGCGGGAAAAACCGCTGTCGTGACCGGGGCCGCGGGCGTGCTCTGTTCCGTGATGGCCCGTGACCTGCTGAAGGCCGGGGCCAGTGTGGCCCTCCTGGGCCGTACCCGCTCCAAGCTGGAAGACCTCCAGCGGAAGCTGGCGGAGGAAGGTCTGGGCCGGACGCTGGTGCTGGCTGCGGACGTGCTGGACAAGGCCGCTCTGGAACAGGCCTGTTCCCGCGTGAAGGAAGAATGGGGAAGGCTGGACATCCTGGTGAACGGCGCGGGCGGCAATGACCCGCGCGGAACCAGCCCGGCGGAGCAATGCATGCCGGACACTCCGGCGGATCAAGGCTTCTTCGGCATGGACATGGAGGGCTTTGAGTACGTGAACCGCCTCAACATGATCGGCACCATCCTGCCTTCCCAGGTGTTCGGGGAACTGCTGGCCGCCTCCGGCGGGTGCATCGTCAACATCTCCTCCATGGCTGCCTTCCAGCCTCTCACCAAGGTGGGCGCGTACGGAGCCGCCAAGGCCGCGGTGGACAATTTTACCAAGTGGCTCGCTACGCATCTGGCCCCGCTGGGCGTCCGCGTGAACGCGATAGCCCCCGGGTTCTTCATCACGGAGCAGAACCGCTTCCTGATGATGGAAAAGGACGGGGCAACCCCCACGCCGCGCGGCCGCAAAGTGCTTGCCAAGACTCCCATGCACCGTTTCGGTGAGCCGGAGGACCTCTGCGGGGCGCTCCGCTTCCTCGTTTCTCCTTCCGCCTCCTTCGTGACGGGCATCATCATTCCCGTGGACGGGGGCTTTCTGGCCTATTCCGGAGTATAACCGCCAACGTTTGCCGCCATGTTTATCAACGACGATTTCCTGCTGGACACTCCCCAGGCCAGGACGCTTTTTCATGAGTACGCGGAAGGACAGCCGATCATCGACTACCATTCCCACCTGGACCCCGCCGCCATTGTGGACAACCGCCAGTTCTCCAACATCGCCCAGCTCTGGCTGGACGGGGACCATTACAAATGGCGCGCCATGAGGACGAACGGCATTCCGGAACGCCTCTGTTCCGGAGACGCTCTGGACCGGGAAAAGTATGACGCCTGGGCGGCTACGGTGCCGCGCCTGCTGCGCAATCCGCTGTACCACTGGACGCATCTGGAACTGCGCCGCCCCTTCGGCATTTCCGGCATTCTGTTCAGTCCGGAAACGGCGGACGAGGTCTGGAAAAAAACCTCCTCCATGCTTCAGTCCGGAGGAATGGGCGCGCTGGATATCCTGAAAAGGATGAACGTGGAGACCGTCTGCACCACGGACGACCCCTGCGACGACCTGTCCGCCCACCGGAGGCATGCCTCTTCCGGGGATTCCGTCAAACTGCTCCCCACCTTCCGCCCGGACAAGGCGCGCGCCGTCCACCAGGGCAGTGCGTGGCGGGAGTGGGTGGCGCGCCTGGAACAGGCATCCCGCATGGAAATCCGTGATTTGGCCGCTTTCAGGGAAGCGCTCGCCTCCCGGCATGACTTTTTTGCCCGTCACGGCTGCAAGCTCTCGGACCACTCACTTGAAGCGTTTGACGAGGAAAGCCTGTCCGGAGAGGAAGCCGCCGCCCTGTTCGCCTCCGCTCTCCGGGGCGGTGACATCGCCTCCGGGGATGCGGTCCGTTTCTCCAACTACCTGATGGACTACTTCGCGGAGCTGGATTCCGCGAAAAACTGGGTGCGCCAGCTTCATGTGGGCGCGCTCAGGAACCCGAACGGAGCCGCCCTGCGGGACCTGGGGCCGGATACGGGCTTTGACGCCATAGCGGATTTCACGTACATGGCCCCGCTGGGCCGTCTGCTGGACCGTTCCGCTCAACAGGGAACATTGCCGCGCACCATCCTGTACAACCTCAATCCGCGGGACAACGCCGCCCTGGCCGTGCTCTGCGGCAGTTTCCAGGACGGCGTCACGGCCGGAAAAATGCAGTACGGGGCCGCCTGGTGGTTCCTGGACCAGATGGACGGCATGACCCGCCATCTGGAAACCCTCAGCCAGCTCGGCATGCTCTCCCGCTTCGTGGGCATGCTGACGGACAGCCGCAGCCTGCTGAGTTATACGCGGCATGAATACTTCCGCCGCATCCTGTGCCGCGTCCTGGGGCGTGACATGGCGCAGGGCCTGGTTCCGGACGACATGGAGATGGTAGGCTCCATGGCGGCGGACATCTCCTACAGGAACGCCAAACAATATTTCAACTTTTAAACCATGAAGACACTGCTGGAAAAATTATCCGCCATCAGGCTTGTCCCCGTCGTCGTCATCCATGACGCGGACAAGGCCGTACCCCTTGCCAAAGCGCTGCTGGACAACGGCTGCGCCTGCATGGAAATCACGTTCAGAACGCCAGCCGCCGCGGAAGCCATTGCCCGCATTTCCCGGGAAGTCCCCGGAATGCTGGTGGGCGCGGGAACCCTGCTGACGCCGGAACAGGCGCAGGCCGCCTGCCGGGCCGGAGCCTCGTTCGGCGTGGCTCCCGGCTTTGACCCGCAGGTGGTGAAAGCCGCCGCAGGGATGGATTTCCTGTTTGTGCCGGGCGTCTCCACCGCCTCGGAAATGAGCCAGGCACTTTCCCTGGGCTGCCTGTTCCAGAAGTTTTTCCCGGCGGAGACCGCGGGAGGCGTCAGGATGCTTAAATCCCTGTTGGCCGCGTTCCGCCATACGGGCGTGCGCATCATGCCCACGGGCGGCATTAACGCGGGCAACATCGGCTCCTGGCTGGAAATCCCGGAAGTGGCCGCCTGCGGCGGTTCCTGGATTTGCGAATCTCCCCTCATTGAGGCCGGAGACTGGGAGGAAATAGGCAGGCGCACGCGGGAAGCCCTGAAAGCCTTGAAGGCAGACGCCCTTTAACAACCAACTGCGCTTTACCCATGCTCCAGGAACAACCAAGGCAGGACTCCTTCCGGTGGATGATTCTCTTCATGCTCTTTGCGGCGACGACGATCAACTACCTTGACCGCCAGATTCTCTCCATCCTGAAACCCATTCTGGACCAAGAACTGGGCTGGACGGACGCCCAGTACGGCATGATCATGTCCATCTTCCAGGCTTCCTACGCGGTGGGCCTGACCATGTTCGGGTGGATTATCGACAAATACGGCGCGCGGATGGGCTTTGCCATTTCCATCATCTGGTGGAGCGTGGGCGCGCTTTCCCATGCTTTTGCCGTAGGCGCCAAATCCATGGGCCTCAGCCGCGTTATCCTGGGCCTGGGGGAAGGCGGCAACTTCCCGGCGAGCATCAAGACGGTGACCAACTGGTTCTCCTCCGGGGAACGCGTGTTCGCCACCACCCTGTTCAATTCCGGCGCGAACGTGGGGGCGCTGGTGGCTCCGGCCACCATCCCGTTCATTGCCGCCGCGTGGGGCTGGCAGTCCGCCTTCATTGCAGCCGGCGTTCTCGGCTTTATCTGGGTGATATTCTGGCTCCGGATGCCGAAGAACCCGCGCGTGAAGCTGGCGGAGGAATCC
NZ_CP072019.1_gap48	2587492	2589708	2216	GGCTTCTTGTAGAAGTCTTCCACCTGCTGCGGGAACATGGCGTAAATCACGCAGTGTTCGTCGTCCGTGGGGAGTCCCTTTTCCGCGAGCTTCTTGCGCAGGTCTTCCATGCCGGGCTTGATCAGGTCCGCCGGGCGGCAGGTGATCGGTTCCTTGCCCATTTTTTCCGCGCAGAGCTTCTGCACTTCCGGGTCCACCGGGGCCGGGGTGCGGCCGTAGTAGCCCAGGGCGATGTCCGCCGCCTGGGGAGTGATGTTCTTCCAGCGGCCGAACTTCACGTTCAGCATGGACTGCACGCCCACAATCTGGGAGGTGGGGGTCACCAGCGGAATCCAGCCCAGGGCCTTGCGGACCACGGGGATTTCCGCGAACACTTCTTCAAACTTGTCTTCCATGCCCTGTTCCTTGAGCTGGGTGCGGAAGTTGGAGAGCATGCCGCCGGGCACCTGGTAGCGGAGCGTGTCGGAGTCCACCACTTCGTTGCGGTGGGAGGTGAACTTGCCCAGGCTTTCATAAACGGGCTTGAGCATTTCGGACACCTCAATGAGCTTGTCCGCATCGTAATCCGGCTTGCGGGGATTGCCGTTCAGCAGGGCGAGCATGCGCAGGCAGTCCGGCTGGCCCGTGCCGTTGGCGAAGGGGGAGATGGAGACGTCGCACGCGTCCACCCCGGCGTCAATGGCGCTGAGGTAGGTGGAGGCGCCGAGGCCCGCGGTGTCATGCGTGTGGATCCAGACGGGGATATTCAGGTCCTTCTTCAGGGCGCTAACCAGTTCATGGGTCACATAAGGGGGGATGAGGCCGGCCATGTCCTTGATGACGATGGCGTCTGCCCCCATGTCCGCAAGTTCCCGGCCCATGTCCACGAAGCTCTGCGTGGTGTGCACGGGGGAGGTGGTGTAGCAGATGGTGCCGTGGGCCTGGGCTCCGGCCTTCTTGGCGGCGCGGATGGAGGTTTCCATGTTGCGCGGATCGTTCACGCAGTCGAAAATGCGGAAGATGTTCATGCCGTGCTTGGCGCTCATGGCGACGAAGGCTTCCACCACGTCGTCCGCGTAGTTGGTGTAGCCCACGATGTTCTGGCCGCGCAGGAGCATCATGTGCGGCGTCTTGGGGGCGGCCTTCTTCAGGGCGTCCAGGCGGTCAAAGGGCCACTCCTTCAAAAAGCGCAGTCCGGCGTCGATGGTGGCGCCGCCCCAGGTTTCCAGGGCGCTGAAGCCCATGGAGTCCAGAATGGGGGCGATGGGCAGCATATCTTCCGTCTTCATGCGGGTAGCTGCCAGGGACTGGTGCCCGTCGCGCAGAACGGTACAATTGAATGTAACAGGATTCATTATTTAGTTAACTATTGTTAAAAATTGAAGAGGTGGCTTCTTGAGGGTGATTTTCTCACAGCCTCCCTTTCAGGTCAAGCGTACAACAGCGGATTCACCGCAAGAACTACTGCACGGGAGCCATCAGCCGGGCCAGGTTGCAGAGCATCTTGAACCCCAGGGATTTGTTGTTGTAATCCTCCAGGGATTCCTTTTTGGAGGAGGAAAAATCCTTCTCCAGCATCTCCTTCACCTCCGCGCAGACGGCGGGGGAGTGGATGACGGCGGTGATTTCAAAATTCAGGGCCAGGGAGCGGTTGTCCAGGTTGGCGGTGCCCACAGTGGCGATGTCGTCGTCCATCAGGATCACCTTCTGGTGCAGGAACCCTTTCTGATAGGCCCATACCTGGATGCCGTACGTGTCCAGGTCACGGAGGAAGGTGAAGGAGGACAGCTTCACCAGAATATGGTCCGCCCGTTCCGGACGCAGGATGCGCACGTCCACATTACGCAGGGCCGCGGCCTGGAGGGCGGCCATGACCCCTTCGTCCGGGACGAAGTAGGGGGTGGCTATCCAGAGCCTTTCCCGGGCTCTGTTCGCCAGGGCAATGATCGCGGTTTTCCAGGCGGGGATGACGTCCGCCGGGCCGGAAGGAAGCATCAGCACGGTTTCATCCTCCCGCTGGGGCGTGATTTCCCAGCACAGGCAGGGCAGGGAGGAGGGGCCGGATTTCAGCATGGCCCAGTTCCAGTCTTCCAGGAAGCTGATCTGCGTCTGCTGGACGGAGGGGCCTTCCAGCTGCACAAACGTGTCCCGCCAGTAGCCCAGGGCTCCCTTGCCCAGGTACTCCCGCCCGATGTTCATGCCGCCGATGAAGGCGGTGGCCCCGTCCACCACCACCA
NZ_CP072019.1_gap49	2650241	2651607	1366	TCCCCCTGCAACGGTTGTTCCGGGGGACTGGGGTCCGTCATCAGCTTGGGCGGCAGGTCTCCCACCAGCAGCTCGTAAACCTGCTCGTTCTCTCCCTGCCGGGAGGCCGTCAGCCTGATATCCACGCCTTCCGTCAGGGTAGGGGTGGGGATGTCCACTTCCCCCAGCACGATGATGCCGGACTTCTGTTCCCGGAGAAGGGTGCATTTGCCGGGAGCGATGCTGAGCATGAGCCTGTTCAGGCTGCTGCCGGAATTGGACCGGAAGGGAATGTTCTCGTTCCCTCCGAAGCAGAAGACAATGCCGGCGCGGTCGTTGTTGCCGTCCATCGTCATGGTGGTGCGGAAGGTGAAGGAGGAAGGATCCAGGCCGATGTTCTTGTACAGGGGAATCCAGGTGGGGTAGTCGCTGTTGCCCAGCCGGTATTGGTACTTGTCTCCCTGGATTTTCGGTTTCAGGGCGTTCATCAGTTTTCTTCCGGACTGGGTGCGGTAATCGTCCTCCCGGTTGCCGGAATAAACCCAGCTGTTGTCGAAAATCAGGGGTTCCTGCCAGAAGCCCTTTTCCTGGAGCGTATCCAGCCGGAAGCCGGCCACCTGGTCGCGGGGGATGGAACGCTCGTTGCCCAGCATGTCCCGGTACTGCACCTTGTCCTGCGTGATGGAGATGATGTTGCACGGGATGATATCCCGGTGCCCCGTGGCCATGAAAATCTTGTCCCTGGCTCGCAGGTCCGGGGAGGAGGTGCCTGTGAAATAAAGCGCGCGGATTTCCGACGGGAGGATGACCGCGTTCTGGCGCATGGCCGGGTGCTTGATGACGATGCCCTGTTTGCCGTAGGAGACGATTTCCCCGCGGAGGCGGTAATTGCTGTCCGTGACCACGTCTACGACGGAATTGGCCCAGGCGGTCAGCAGGCAGACCGGAGCCAGCAGGAGGGAAAGGCGGATTCTATTGTTCATAGATGGGTAAAAATCTGTAATTGAGCGCCAGGGAAAGCAGGGCCGCGGAGGTGGAATACGCTGCGGAATGGTCTGAGAGCCAGGAACCGTTGGGTGCCTGGGAGGCGCCCAGGTAGCGCATGTTCTTGTAATTCCATTCCTTCCATACCTCCTGGTCCGCATGGAACAGGGCCTGGGACATGTAATACTCAAAATAAAACGGGTAGGAGGAATCCCGGTAATTCAGGTTCTTTTTCAGGTAGGCCAGGGAATCCTTGAAGGACGGGTCCGTCTTGAGGCGTGCCAGGGACAGCGTCAGGGAGCCGATGGCGGTGAGGGTGACGCGGGGGCCCGCCGGGCCGGTATAGCCGTAGGCGCCCTTCTTGTCACGGCAGGAAGCCATATACTTGAGGCCGCGTTCAAAG
NZ_CP072019.1_gap50	2655411	2657921	2510	ATCACGGCAATGCCTGCAAGGCATACGGCTTCCAGCATCTTAACCGTTCTGAGGCGGCGGCGGAAGGAGTGAAGCTGCCTGACCAGCTGGGCAGGAAGTTTGACGGTAGTTGAAGGGGGCATGCTTAATCCCGGTATTTACGCTATTTACATCGTTTTTGCAAGCTCGCCGCGCGTGATGTGGCAAATTCGCGTTCATTGGGCTTGGAGTGTTTTTCTCGCTGGACTTTATAGTTTGATTTCCTAAAATAACGCTGCGCTTTAAATCTGGCCTGGTTTGCGCATGACTAAAAACCAACATATTAGGCCTTACCCATTGACTTCGCCATGCAACAGGGAAACAAAACAACGGCTCCGGAGGTTGACTTCGGAGAATTCGCACCAGCCACATACGCCGAATGGCGTGAGGCAGCCGTCGCTGCCTTGAAAGGGGCTGACTTTGACAAGAAGCTTTTTACCAAGCTTGTGGAGGGAATCACTCTGCATCCCATCTATAACAAATGGGATGAACACGCTCCGGTGGCGCCTGCCGGGCAATTCCCGTACCGCCGCGGAACGCGCGCCCTGGGCTATATGGAAAAGCCCTGCGAAATTGCCCAGAGCATTCCCGCCTCCACTCCGGAAGATTTCAACGGCAAGCTTCTGCACGATCTGGACCGCGGCCTCACTGCCGTGAACGTCCAGCTCAACTGCAAGTGCGGCTTGAAGCTGCGCAAGCAGGCCGACTGGGATACCGCTCTCAAGGGTGTGCAGCTTGACAAGCTGCCCGTGTACATCACGCCCGGCTCCTGCGGCCTGGGCACCTTCTCCATGTTCCTGAACACGTACAAGGCGGCCGGATTCAACACGGCGGACCTCAAGGGCGGCGTTCTGTACGACCCGGTGGGCAAGGCCGTGATGAAGGGCTCCCTCTGCGGGGGGAAGGGCATCTGCGCCTGCTATGACCAGATGGCGGTGATGACCAAATGGGCCGTCGCCAACGCTCCCGCCTTCCAGACCATCGGCGTCAGCGGACTGCCTTATGCGGACTCCGGCGCTTCCTCCTTTGAAGAAGTGGGCGCCATGCTCTCTACCGCTGTGGCCTACCTGCGCGCCATGGAGGAACGCGGCATCTCCGTGAATGAAGCCGCCGCGCACATGCGCTTTACGGTCTCCATTGGAGCCAACCTGTTCCTGGAAATCGCCAAAATCCGCGCCCTGCGCGAACTCTGGGCCATCATCGTGAAGGAATGCGGCGGCAGTGAGGAAGCTGCCAAAATCAAGCTTCATGCCCACACCTCCTTCTGGACCCTTTCCAAGGTGGACCCGTGGGTCAACCTTCTGCGCGGCTCCGCCCAGGCCTTCTCCGCCATCATGGGCGGCGTGGACAGCATCGACGTGCTGCCCTTTGACGCGGCCGTGCGCATGCCGGACGAATTCTCCCGCCGCATCGCCCGCAACTGCCCGCTGATTCTGCTGGGCGAATGCAACCTGGACAAGGTAGTGGACCCCGCCGGCGGTTCCTGGTACCTGGAAAACCTGACGGACGAAGCCTCCCGGAAAATCTGGGACGTCTTCCAGGGCATTGAAAAGGAAGGCGGCATCATCAAGGCCCTCAAGGCCGGCACCATCCAGAAGAAGGTAAACGCCACCGCCGCCAAGCGCTATGAACTGGCGGACCAGCGCCGCCAGTCCATCGTGGGCGTCAACCAGTACGTCAACCTGGCGGAGAAAAAGCTGGAAACGCCGGAAGGCGCCGCCTGCGCCGCTCCCAAGGGACACGGCTGCTGCAAAAATGCGGACGTGCAGCTCCCGGAAGTAGAAATGAGCGTGGACTCCGCCTGCAAGGCCGCCAGTGAAGGCTTCTCCACCTGCCTTATCAACAAGGCTCTCGTGGCCGGCGCCGACTGCAAGTGCGGCGAACCGCTGGAAATGGAAGCCCTGCCGAAGCGCCGCCTGGCGGAACGCTTTGAATCCCTGCTTGCCAAGGCCGATGCCTGGGTGGAGGAAAAAGGCTCCCGCCCGATGGTATTCTTCGCGAACATGGGCCCGCTGCGCCAGCACAAGGCCCGTGCGGACTTCTCCCGCGACTTCCTGCGCGCCGGCGGCCTGGACGTGGTTTACCCGTCCGGCTTCCAGACCCCGGAAGACGCGGCCAGGGCGGCTGCGGAAAGCGGCTGCGCCGTGTGCGTGATCTGCTCCACGGACGACACCTATCCGGAAATCGTTCCCGCCTTCTGCAAGGCGCTCAAGGAAATCAAGCCGGACATGATGGTGGCCCTCGCCGGTTATCCGGCCGACCATGTGGAAGTGTTCAAGGAAGCCGGCGTGGATATCTTCATCCACGTCAAGGCCAACTGCTACAACACCGTTGAAGCTATCCAGAACAAGATCGGCCTCTAACAACCACCAACCTATTTCATTCAATGAGCAATATTCCTGATTTTGCATCCGCCTCCTATCCTGAAATCAAGGCCGGCGCCCCGGCCACGGCTTCCGGAACGGAAACCTGGATGACCAATGAACAGATTC
NZ_CP072019.1_gap51	2678481	2680263	1782	CCAGCGAACGGCGCGCCCGCTACGCGGAGAAGAAGCCCGCTCCGCGCCCCCTGGAAAGAACGTTTGACCCTCCCAAAAAAGTTCTCCCCCCCGCGGAGCCTAAAAAGAAGGCCCCCGTGTGGATGGACTACAAGGGGGAGGACATGAGGCAGCTCACGGAACTCTCCGGCCGCAAGGTGCTGATTGTCTTTTATGCCCCTTGGAGCCGCCCGGCCACGGACTACGTGCAGGCGGTCAAGTCCTACGCCGCGGCGCAGGACGGCAAGGCGTTCGCCGTGCTGATTGACGCAGACGCTTATCCGGACGTGGCCCGCAAGTACGGGCTGGAAGCCGTTCCGCTAACGGTCCTGTATCTGGAAGGCATGAAGCTGAAGGAAATGGTCGGCGGCGTTTCCGCCCCCCGCCTGAACGAACTGATTGAACAGACCATACGGGTGCAGTAAAGGAATTTCCTTTGCGGCCTCTGCATGGTTACAGGGAAAAATGACCAATTCCCTGTAGATGAACACTCGTCAATAGTCCGGAGAGGTATATTCCTTCTGGAGGCGCCTCTTATATTTCGTATTGGAGACGGTTTGGCAAAATTCCGGAATGTGCAGGCGGAAGGCGCATTTATTTCTTCCCGGGACGGAGAGATTGGAATGTTTAATTATTGGCCATCAATGCTTGTATTTTTGATGCCCTTTATTTTCACCTGATTCCTGCGCCGTTTCGGCCCTTTCCCTGTCTGCCGAATACGCGTTGAACGTGTTGATGGGGAGAGAGAAATCTTTCAAGGTGACCATGGACTGAATGACCAGTTCATTCAACAATAAATGAATTGAAAACATAAACACTATGGCTATATCAACTATACCATTTCACCCGCTCGACGCTGAAAATAATCCTCGTTACAAGGTGAAGAAAAAAGACGCTCCCAAAATCGTCTGGCACAAGACGGAAGAAACCGGCGTCCATGACTGGGAAGGATACATCCGTATCCCCTTCGATAAGGAATATGCCTTTACCATTCAGATGGACGACAACGGTTACCTGGAAATAGACAACCAGAAAGTGGTGGAACTCAAGGACGGCAACTCCTCCAAGAAGGCGGAGGGCAAGAAGGAACTCAAGCAAGGTTACCATTACGTCAAGCTCCATCATGAGAACCTGAAGGTTCCGGATGCCATTGCCCCCTATCCCAATGCGGAAGAATTCGTTCCTCAAATGGATGGGGCTGACCTGGAACTTTGGGAAATTGATGCCCCCGTCAATCTTTGGAAGACGGAGGATGCCCAAAAACTGCTGAAATGCTACAATATGGTGGATTATGTCACCATGCCCAATCCCGGACAGGTTTGGTCCTACATCGGGGGGTGGCTCTATCAGGCCCACCTGAAGGAAATTGAGGACAATGTACCTGAGCAATTGCGCAGCTATTATAACAGCTGCGCCCTGCGCATGAGTATCGCGCTGAGTTCCTTCGGAAAGGACTTGAAGAACGAAGCAGGGGCGGAGCTCATTGGAGACAAGGCGAACGCCGATGCGCTGGGAGGTAAAACCCACGTGATCATCCGTGCAAGGGACATGGCCGCTTGTGTGCAAAAGCTCCTGGGCGACCCGGACTATGCCGACGGCCAGGATACAGGCTATTGCAGCCCGCAGCCGGGCGACATTATTGTGTTTGCCGGAAAGGGTCACGCAGGAATGTGTCCGGGAGACAACATCTCCATTGGCAGTTTCCTGACTGGCCCCATTTGGTTAATCAACCGGGCGACATTGAAAGACGCTGAATAATTCATC
NZ_CP072019.1_gap52	2682272	2684054	1782	CGTCTTTGGCGGTGTCATGGATGCGGCGCGCCACATTGCGGATGCGGTCAATGGTGCCGACGGAGCTGCCCCCGAATTTTTGAACGATAAGAGCCATGTAACAGGATGATGATGTAGGTTAGGATTGAGGAAGAAGGTGTTCGATGCGGAGTACGCGGGGTTCCGCCGCCACGCAGGAAATGCGGGCAATTTCCTCCAGGGCCTTCTGAAGCTGGCCCCACGGGCAGGAATGGAGGATGAAAACGAGGTCGTTCCACTGGGCTCCGTCTTCAGCGATATGGCTGGGAGCGGAGGAGGTGGCGGATATGCCGATGCCGAAGGTGGCCAGAATGCGGGCTATCTCCGCAATGACGCCGGGCTGGTCCGCCACCTGGAAGCGGACGTAATACGGGGTGACCGTATCATTGATGTGCATGATTCCGCAGGACTTGGCATACGGATTGAACCCCGTATGGTATTCAGGATAGCGGCTTTCACGCATGGCGGTGATCACGTCGCTGATGACGGCGGAGGCTGTGGGATTTTTGCCCGCTCCGCGGCCGTAAAACAGCGTTTCCCCTACAATGTCTCCGTTGACGGAAATGGCGTTGAATACGCCGTTCACGGAGGCCAGGATATGCCAGTCATGGACAAAGCAGGGCTGGACGCGCAGTTCCAGGGCGTCTTCCTGCCCTTCATGGTAGCGGATGACGACGAGGAGCTTGATGGTATACCCCAGCTTCCTGGCGAACTCGAAATCCCGGCTGGTGATGTTCTCAATGCCGCTGACGTAAATCTTGTCAGGGGAAATGGTGGTTCCGTACGCCAGCATCGCCAGGATGAGGGCCTTGTGGGCGGCGTCCCAGCCGTTGACGTCCAGGGAGGGATCTTCTTCCGCAAAGCCCAGCTTCTGGGCCTGGACCAGGGCGTCCGCGTAATCGGCCCCGTGTTCCCCCATGGCGGAGAGGATGTAATTGGACGTTCCGTTGATGATGCCGACAATGGAATTGATATGGTTGCAGATCAGGGAATTCTGCAGGCTCTGGATGATGGGGATGCCGCCTCCGGCGGAAGCTTCAAAATAAATGGGCGTGCCCATTTCCGCGGAAAGTTTGAAAATCTCCGCGCCGTACTCCGCCAGAAGAGCCTTGTTTCCCGTGACGACGGGTTTCCCGGCGCGGAGGGCCAGCGTCACCAGCTCGTAAGCCTGGCGCGTGCCGCCGATCAGTTCGATGACGATGTCTATTTCCGGGTCATTCACCAGGTCCTGCCAGTCGTCCGTCAGCAGCTCCTGGGGAACGGCGGTTTCCCTGGGTTTTTCCAGATTGCGCACGGCGATGCGCTTGATTCTGAAAGGAATCTTGCTCCGGGCTTCCAGAAGGGAGTGGTTGCGGCACAGCGTTTCATAAACGCCGGAACCGACCGTCCCCAGTCCGGCAAGCCCAAGTTGTATAGGTTTTTCCGTCATTCCTGCCGGGGGATTATGCAAAAAAATCCCTGTAACGCAAGAGCTTTTACCGTCTGGAAATGCCACGTGGCCCTCGTCCGGAAGGCGTGGAAACGGGGGAAAGTGGAAAGGGTGGCCGTTACTCCGTTCCCCTGGCTCCTCCGGATAATCTCCGGAAGTGCCCGTTCCGTTTTCTGTTCCAAATTTTGTAAGGGGGAAATCCTTCTGTATTCTCCAGAAATAAATGGAGTGGGGGGAATATCATATCCCGCCATGTTCATTCTGCCGTTGCCTGGGAATGGAAGCTTGATTAATTCCTCCTGAGCGCTTCAAGCTATCCTTTCTGTCCGCCAGGC
NZ_CP072019.1_gap53	2738682	2740308	1626	GCTGGAGTGGATGCGGGGAAGTCCAGTCTCCATAGGAAGAGGGGGAACAGAGCATTAAGCCTGATACCAGCAAAAGGAGGGAAGGGGATAATCGCATAATATTACTACACTTAAACGAGGAACTGTCTTTCATCAAACTTAAAATGAAGCAAAATTCCGGACTTAGGGATGTTCCGGTTTCTGCCGCATTATCTCCTCTTTCTCGTCAGGCACAGGCTTCCCAGCCCGAGCAATGCGGCAGCAGCCGAGGAAGGCTCCGGAACCGTGAGGCCCTCCATGCGGAAATTTTTTACGGCAAGCTCGTTGTAAGCGTAGCTGTTGTCGAGAACGTCGGTATTCATCACCAGATAAAAAGTGGCTCCCTGGTCAAACAAATTGCTGTAATCGTCTTTGGAAATTGTCCAGCTATAGGATTTGTTGCTGACGTCTCCCGCCGAACCGGAAATCGTAGACCCAACCTGGAGAAGAGAATCTCCCTCTCCTCCCAGACTGTACCACAGGCTGAAATTTTGAGGCTGGCCCGTCCTGTTGGTTTCGAAAAGGCCGCCTGTATCAAAGGAAATCCTCAGCGCTTCATATCCGGATATGGCGTTGGAGGACAATTCATGAAATTTGACGGCCGTAAATCCGCCTCCTGCGCCGTTGGCGGAAATCAGATTGGTAGCGCCATCCGCCGTCACGGAGGCAAGCGTACCGGTATCTCTATTCTTATTGCCGGAATACCATCCCGCATCCAGAGAGCCAAGGACGGATTGAACGGCGCTTGCGGAAGGCCCTCCGTTCGTGATCAGGGCGCCTCCGGAGGAATAATCGATGCGGGTGATGGAGGTTTTCCCCATCTTCAGCTCCGGAATAATTCCGTCAAGGGAACTCCACGCCTCCGCTCCGTGTGCCGATAGAACTGCCGCTGCGGGTAATGCCAGGAAAAAGGACGTTTTCATTTGTATGTAATTTCTGTTGGAAAGCGGAAAGGCCGCTCCGCACTGGCGCGAATTCCGCTTTATTCGCCATGAAACTACAGAATTTGCAATCCGCTAAAGAAACAGCAAAAGTAAAAAACAGACAATATTCTTACAATAAATGAATGATAAATATATCTAACATTTTATTTCCCGCTATTTCCCCGCTGGAAAAACAAGAGGCGGTGCCCGGGAAGGTCCTGACCATGAATCAAGCGAGGGAAAAAACCGGTTGACAGCGGATTGCAAATCCCTGAAACGTATTCCAATACCTGTTAGTGCGATGAAAATCAGGTGATTGGCAGCAAGAGAAAGCCTTGCTTCACGCGGAATTACCCTATCCGGATGCGGATGGAATGAACGGCATCCTTGCCGAACTGGTCCTTCAATTTTCCCAGCAGGGCGCCCTGCCACTGCTGGAGGTGGTAGCGCATGGCCGGCTGAAGCACCTGGATGGTGGCAACTCCCTTGACGATGGAAAGCAGGTTGGATTGCTGGCCCAGGAATGGCCCCGCGGCTTTCAGCCAGCCTTCCCGGAGCAGCTCGGGGTCCATGCCTTCTCCATCCAGGGGGAGCTTGGACAGGATGTCTCCCAGCAGGGACTCCGCCGTATGGAGATTCCGTGTTTCACTGGTGGAGGGAGGTACCTGGAACCAGTCCGCCAGCG
NZ_CP072019.1_gap54	2753211	2754913	1702	TCCATATACCGCAGCAGGCGCCTGTAATGCCTCTCCAGCTCCAGATTCTCCACTTCCTCCGGATTGCTCAGGTAGCAGGTGTTAACGATGCGGCTATACTCTTCCAGATCATTGACAATCAACTCTTCCGAATGCTTTTTCAGGAAACGGGCTACAATGCCGCTACCGGAAAACAGGTCCCCGGCCTTCAGCCTGTCCTTCCCCAGGCGGCTTTTCACCTGTTCCAGTCCCGTACCCAGGAAGTGAAGCAGGGAACGCTTGTTACCCAGATACGTCACAATCTGTTCCGTCAGGTATCTGGGATCTTCCTCCATCTGCGGCGCTGGGAGGGATGATGGCTCGTTCCGGGTCATATACAGGTCTCAACCAGCATACGGCACTCCGGCCTTTCCGTCAAGTTGTGCCGGATACGGAAATGGAAGATATGCTCTTGGAATAAGGAAGAAACCCGTGCCTGCTGAAAGAGACGGGAGGGAAATATATGGAAGGGGAAATACATTTTGAAAATTTCCCTGAATAGTGAGGGTGCATTCACGCACGTCTCATGAATAGAAAATAAAATCATGAATAATTCATCTATGGATCAATTCTGCTCAGAGCTGGTAGCTAAGTCCGAATCCAAGCGGTTTCCGTCCGCGTTGCAGGAATGGGAACACGTGGAAACATATTCAGTAGAAGAAGGAGGAACATGCATTTGCGGTCACTTTATCATAGAGCATTGTGCTATGAGAAATATCCTTAATAGGAATCCCCTGATTGTAGGGAATTGCTGCGTAAAGAAATTTACGGGAATCAGCAAATCCAAACATTTCGATGCCATCCGCCGGGTTCGGAAAGATATCACGAAACCTCTTAATCCGGCATGTTTGGGCGAAGCGCTGAATAATAGGATCATCAATGAGGATGAATACCGATTCTACATTAGTACATGGCGCAAGAGAAATCTGACCGACAGAGAAAAGGAATGGCGTATCTCCATCAATCAGAGAATATTGAAAGCAAAAGAACAAAAGATACTCCAAACCAAAATAGGCATCGTAATGAGTCTCTTTCCCGACCTTGGAGGGGGAGGGGCATGTTGCAATAAACGCTGCTTTGAACAAATAGACATCAAGCTGAAACGACTGGGGAACGTGAGGATTCCGGTCAATGGGAAAAATTTTTACGATTGGATCAGGAAGCCTGACCGTACCTCGCAGGAGGTTTTTCAAATGCTTAGCCGCAAATTTGATGGACTTCCTTCGTAAAAAAAGAAGAAGGTCGCCCGCTTCCTTTCCGGAACCTCTATGTAGCGTCCCTCCCCTGCTCCATGCGGACATGCCGGAAGAAAGGCCTTTCCAAAACAGCCGTGCATGTTATAGTGCCAACAATCATGAAAAGGCATCTTCTACCCTGCTCCCTGCTCTGCATGCTCCTGGCGGCAACAACGGCCCTGGGCGGTCCCGGAGACACATTTTACGAAGCCAACCTTTCCCTGACGCGCGCCGCGCGCCTGGAGAAGGAAGGCGATTACAAGGCAGCCCTGGAAAGCGGCAAAAAAGCCGCGGAGCTGCTTCAGTCCCTGAAAAGTTCAACTCCGGAATGGAATCCGGAGTGGGTGGCCGGGAAGCTGGACGCCGCCGCGCAGTTGCAGCAGCGTGTGGAGCCTCTGGCCCAAAAGGCCGGGGAGAGCAAGAAGGCGGATTATTCCCTGAAACCCGGA
NZ_CP072019.1_gap55	2771984	2774782	2798	CTTTCCTCCCGCCCGTCGGCGGGAGACAGGGTGGCCTCCGGCAAAATATCGGCTACGGACTCCAGCAGGTAGGCGGATAACTTGCCCCAGTCCAGCCAGATTCCCTGCACCCATACCTGGCCGTGGTCCGAGATGCGGCGCGTCAGGAAACATTCCTTCCCCTGCTGCCATCTGGGCTGGAGGGAGGAAATGGAGAACTCCCTGTAACTTTCCGGAGTTTTGGCGAACCCGTCACGGCGGGTGACGGACATTTCCGCCAGGCTTTCCTTTACCGGAACCGGATTCGCCTTTTGTTCATGAACATCAAACTGGACCATCTTCCCGTCCAGAGTCAATGCCGCGGCACCCATATCCAGGAGAGCCGCAATATCGCCGGCCCCGCTTTCCAATTTTTTCCCGGTCCTTTTCAAGGAACCAGCCACATCCAGGCAATCCCCTTCCGGACTTTCCATGCCATTCACCTCCCCTGAAACGACCAGCCGTCCCGAATCCGCAATCTCCTTCTTTGCCCGCCGGGGAGGCTCCATGGCTTTCTTTTTCACCTTGACGCTGACATTGTACTCCTGCTGGCTGTTGGAAAGGTTTTTACGCATGTTGTAGTCTTCCATTCCCTGCTGGAAAGCCTTCCTGCTTTCCACTGCCAGCTCCTGCTGCAAGCCGTTCTTCTGCTGCTCCCTTCCATCCATGATGGCGACGGAAGTCACCTGTACCGCTTCTTCCGCAGGGGGGGCGGTCTCCGGCTGCACGGCATTCCCCGCGGAGATGGAGGCAGGCCTCGGCAAATTCTTCATGGCATCCACCACACGGCTGCCCCAGCCGGATCTTCCCAGTTGCAGGACATATTCCAGCCGTTCCCTGTCCTTCTGGGGAGAGGAAACGTTTCCCCGCGGGTCTATCTGGAAATACAGCTTGGCAAAGCCGGACAAATCCGGCATCGCACCTTCCTCCTTGCGGACTTCCGCCAGCGCGTTCCCCTGGAAATATTCTCCGGGAGAACGGTTGTTCTCCCCTGCGATCATGGAGGCCAGCAGGGAATCCATGCGCCACAGGGCCAGGCGGCTCTGCTCCACCAGGCGGATCTGGTGCGTTTCCGCCAGCCTGCGCTTCTCCGCATCCAGCATGGAATGGCTGAGCCATCCCATCACCCCCAGCAGAATCAGCAGGCAGGACCACAACAGCAAATGGAAGGAAAAACGGCTGCTCATGCTCCGTCCTCCCAAACATATCCCCGCCCTCTCAGGGTGCGGATGACGGCGGAGTTCCTTTTCCCCATTTTTTCCCGCAGGCGGGCGATCGTGGTGTCAATGCTCCGCGTTTCCACCAGCCGGGGGTCCATCTTCCAGACCCTCGCCAGGATTTCCTCACGGGTGATGATTCTTCCGGCATTGGCCGCCAGATGGCGCGCCAGGTCAAATTCCTTGGTGGTCAGCACCACCCGCTCCTCCCCCAGAACCAGGGCGCGGGCGGCAAAATCCAGATGCCCCTCCGGCAGCATGACGCGGTTGACGGCGCTGGGCCTTTCCGGGGACCGCCTCAGCACGGCCTCTATCCTGGCCAGCACTTCCAGCAGGCTGAAGGGCTTCACCACATAATCGTCCGCCCCCAGCTTCAGCCCCTTCACCTTGTCCGCCTCCGCGCCCTTGGCGGTGAGCATCAGCACCGGAACGGTGGAGCGGTCTTCCCTGATGCGTTTCAGCAGTTCAAAACCGTTCGCTCCGGGCAGGACTACATCCAGCAGGGCCAGGTCATACTCCTCTGCATGAATCATCTCCATGGCTTCATAACCGTCCCTGGCGGACAAAACGTCATAGCCGGACACCGCCAGGGCGTCCGCCAGGCCGTTTCTAATGGCATGATCGTCTTCTACGACCAGAATGCGGTAGCGGTGCATGCGCGGAATAATCTATCAAATAGGAACGTTGCGGTAAAACAGGTTTTTTCAGAAGAAAAATTCTGCGGGGCCGCCGGCACTCCCGGACAGCCCCGCAGGAGCACTCATTTCTTCACTCTATCATTCATAGGGGAATCTTTTCCTTCCGTTTCGTTCTCTTCAACAAAGGAAAACTGCTTTTTGGAGGCCTGCTGCCGGACAGCCTGGATAATGGCGTCCTCCAGGGTGTTCGGTTTGGCGTCCCTGGAAGCGCTCTGCTGCTTCCATTTGGCCAGCCATTCATTGCGCCGGGCGTCCAGCTCCTTTACCTTCTTCTGCAGGGCTCCGCGCTCCTCCGCCTTCTTTTTCACGATGGCTTCCACTTCCTCCGCGGTTTTACCTTCCAGTTCCTTGGGGAGCTGCCCGGCAGTCCCCAAATCTCCCAGCGCCTGGACTCCGTTCCGGTCATAAAAATCCACCAGGTCCCATGAAGTATTGGAGTACGCCGCCTTGTTCGCCTTGGCGCTGGCCCGCCCTACGGCAGCCGCAGGCGACAGTTTCAGCGCCAGCGTATCCTGGCGTTCCTGCTTGCTCAGCCTTTCAGCCTGAACTTCCGGTGAACCGTAAGCCAGGTAAGTCGCATTCAGGGAGGAACTCAACTTGGCAAGTTCTCCGTCAAAGGGCGTTTCCGGGTCCGGGGGAGCCGCGTTGTGGTCAATGTTGAGAAAGCTGCCGTCCCCCTTTTTGGCTCCGTCCTTCCACAGGCGCGTATCCGAGTCTCCGGCATTGCCGCAATGAATGGTATTGACGGTAATGCCCCTCTCCAGCCCGCGCGCAATCGCTTCCGCATACGGCACGCTGCCCTGGTTGAAGGGTTCATTGCCGGCGATGAAGACCAGCTTCAGCGCATGGGGATCATCCGTATTCC
NZ_CP072019.1_gap56	2816795	2820808	4013	CCCTCGGCTGCTACTACGGAGCCAGGCTTCAGGAATCCGGCCAGGACGTCTCCTTCATCGTACGTTCGGAATACGGCTACCTGAAAGAACACGGCCTGCAAGTGAAAAGCCTGCATGGAGACATATCCCTGCCCCGGCTCAAGGTGTACCGGGACGCGGCGGAAGTCGGCCCGGTGGACCTCGTCATAGTCGCTTGGAAAAGCACGGCAAATGCCGGTTTCTCCAAGGCCCTTCCTCCGTTGATGGGACCGGATACGGTTGTAGTCACACTCCAGAACGGCATGGGAAATGCGGAGGAAATCGCCCGCATCATCCCGGCTGACCGCATCTATGTGGGTCTGTGCTTCATCTGCGCCATGCGCGCGGAACCGGGCCACGTCAACCATCTGGAAGGCGGCAACATTCAATTTGCACCCTTCGTCCCCTCACCGGAAGGCTCTGAAAAGGCCCGGGAACTCTCCGAATTGTTTGCCAACGCCGGCATCAAGACGCGCGCCTTTGACGCCGCGGAGCAAATCCAGTGGTACAAGCTCGTCTGGAACATCCCGTTCAACGGGCTGTGCCTGGCGCTGGGCGGCATCAGCATTGCGGAACTCTATCAAAACCCGGAAAACGTCGCCCGGGCGCGCCGCATCATGGAGGAAGTAGTCCGGGCGGCGAAGGCCCGCGGCTACACCCTGCCGGATGACCTGGTGGAATTCCACCTTTCCCGCACGGAAAGCATGGGCTCCTTCATTCCGTCCAGCGCCGTGGACTACAACGAAGGACGCCCTGTCGAATACACGGCCATCTGGGGAGACCCTCTCTCCAAGGCCCGGCAGGCCGGAACATCCGTGCCGGAATGGGAACTTCTGGATAAGGACATCCGCAAGTGCCTGAACATGGATTGACCATTCTGGTTCTGTCCTACTACCAAAGATGATGCAACGGTCTTATTATTCCAATGACCTACAGTCTTTTTGTACCCAATCTCTAAAAGAAATTTTAGGGCAGATTGCTTTTCATACACCATTTGACCTAGATCAAAATTCGCGCAACTCCTTTGTTCACGAAATCAAATCACTCCAACACGTTCTTAAAGATATTCCTGCTGGCTCAATAGCCTTTGAATACACCATTCCCCGCATCGGAGAACGAATAGATGTCGTCATCGCCTGTGCAGGTATTCTCTATGTCCTTGAATTTAAAGTAGGAGAATCATCTTATCCCAGACATGCTATTGACCAGGTTGTAGACTATGCACTAGCTTTAAAGTATTTCCATCAAGAAAGCCATCAAAAGAAAATTGTTCCTTTGGTAATTTGTACCCATGCTCCTTCTAAGGAACATCAACTTACAGTAGGTCAAGACGGAGTTTATCATCCTATCCTCTGTAATGATAACACCTTAGGACCTACTTTAACAAAGCTGACTAGCACTCTGTGTGATGAGGCATTCCATTTTGAACAATGGTTAACTTCATCATACATGCCTACTCCCACGATTATTGAAGCAGCTCAAGCACTTTACCGTGGACATGATGTTAAAGAAATTTCACGTAGTGATGCCGGAGCTTACAATCTTAGCCTCACCACAAAGGCACTGAATCGCATTATTGAGCAGAGTAAGCAGCATCATGAAAAATCCATTTGCTTTGTCACTGGCGTACCTGGTGCTGGAAAAACGTTAGTAGGCCTCAATATTGCAAATGAGCGGCATCAATATGATGAGCAAGAACATGCGGTCTTTCTTTCCGGTAATGGTCCTTTGGTTGCTGTCTTACGAGAAGCTCTAGCACGAGATGAAATCAAACGTTTTAAAGGTAAAATAACAAAGACAGCATCTAAAAGAAAAGTTGCTGCCTTTATCCAAAACATCCACCACTTTCGTGATGCTTATCTGCCTCCTTCAGAACAAATCCCTGCGGAGAAAGTAGCCATTTTTGACGAAGCACAACGTGCTTGGACAAAAGAACAAACAGCCAAATTTATGTTAAAACGCCATGTTCCCGGCTGGAACATGTCTGAACCTGAATTTCTTATCAGTGTAATGGATCGCCACCAAGATTGGACGGTTATCATCTGCTTAATCGGAGGTGGTCAAGAGATACATACTGGAGAAGCAGGGCTGCTAGCTTGGTTTGACGCACTAAGAGACCATTTTCCAGATTGGAATGTTTATGTATCACCCCAAATCTCTGATGTGGAATATACACACGGAAAACAACTTGAACATCTCTTTACGGGATTACGCCTCTATCGGGAACCAAACCTCCATCTTTCAGTTTCACTCCGTTCTTTCCGGAATGAACGAGTTTCTGCGTTTGTAAAATCATTATTGGACGAAAATTTACCAGTAGCCCAACAGCTCTACTCTGAGCTATCGCCTAATTATCCCATCACGATTACCCGCAGCCTGGAAAAAGCCCAAGAATGGATACGAGCCCAAGCCCGAGGAACGGAACGTTATGGACTCATCGCTAGCTCTGGGGCCAAACGTTTACGCCAATTTGGAATCTGGGTACAGAGTAATATTCAAGCAGAAAACTGGTTTTTAAATGATAAGGAGGATATTCGTTCCTCCTATTTCCTCGAAGACACGGCCACCGAATTTGATATTCAAGGGCTAGAAATTGACTGGGCAATCGTTGCATGGGATGCAGACTACCGCATAGAAAAAGGACATTTTAAAGCTTATAATTTTACAGGTTCTAGTTGGAAAACGGTTTGTAAAAAAGACGCACAGCTCTATCTTAAAAATACCTACCGCGTCTTATTGACACGAGCACGCCAGGGATTCGTGATTTTTATCCCGGAGGGATGTGACGCGGATTTGACTCGGCAATCCTCCTTTTATGATGGTATCTATTATTATCTAAAGAAAATAGGAATGAAGGAGCTATGAGAATTCTAGAGAATCTTTCTCTGGGGTAAAGAGCCTCACCACTTTTTGTAACATCATGCTGAAAACCATCGTCATTTTCATCATTGCCCTGCTGGGCTTCGGCATGATTCGCCTGCCTTTGCAGAACCGTATTCTGGAGCAGGAAAAGGCGGCGGGGCTGCTGGATGATCCGGTGGAGCTCTCCTCCTCCGATTATCTGGAACAGCAGCTCGCCATGGTTTCCCTGGGGGGGCTGCGCTCCCTGGTAGCGGCCGTGCTGAGCATGGAGGCCTTCGACTGCTTCCTGATTTCCGACTGGGCCAATCTGGAACGCCGCTACAACCAAATCACCTCTCTTGCCCCCCATTCCGACTTTTACTGGGACAACGGTTCGTGGCATTTGGGCAATAACGCCTCCTCCAGCTATCTGGACAATAAGCGGCTTTCTCCCATGGAACGAAGGGAAGGCTTCCGGAAGTACATCCAGAAGGGCCGCAGCTTCCTGGAAAAAGGCATCAGCGCCAACCCGGACAGCTGGTACCTGCAATCCCTGCTGGGCAACATGTACAGCGATACCTACCGCCAGCCGGATTTTGAAAAGGCTGCGGAAGCCTACCGCAAGGCCCGGGAACTGGGAGCGCCGCCCCTGACGGCGCGCAAGGAGTTTTATGCGCTTGTCCGCGTTCCCTCCAAATCCCGCGAGGCGCTGGAGCTGGGCCGGGAATTGTTCAAGGATCCCAGGAACCGGACGCCCAGCCTGGTGAGCAATATTTTCGTCCTGGAAAACAGGCTGAAAGTGCCTGAAAAAGACCGCGTTCCCTTCCGGGAATTGTTCCCGACGGACGAGATTGCCCGCGACCTGATGAGCAGCCACCTGGCCAATTCCCTGAAATACCCCGTGGACGGCTTGAGGGAGGCCTTGGAGGCCTTGCCTCCCGCAAAAACGGATGACTAAAAACAAAAGACTAAAGATAAATTAAAAGGAGCTCCTCCTTTAAAGGGGCGCTTTTTCAATGACGGCCGGAATGAACTTTAATTTCCGGCCTTTAATCTTTAACCGCTCCGCCGAAGGCGCTTGGCAACGCCCCGGAAAGGTGCTATGCTTTTTCTCCACAACACCATGAGTAGAATAGCCCTGATCAGTGACATCC
NZ_CP072019.1_gap57	2829240	2831542	2302	ATGAGGGGAACAACTCCCTCACTCCCGGAAGAGTCACCGCCTTTAAAGGCGATAGCGGAAACACCGGTTCACCGCAGCTTTGCGGCTTCGGTGCCTGCCATCCCGTCAAAAAAACAAACGAGCGCGAAACAGCCCGCGGCCCCTTACACGTAAATCCGCGGCACGCGGGCGCTGATGCTGGTCAGCACGTTGCTGGGAATGGTACTGGCGCGGCGCGTCAGCTCCTCCCAGCTTACATTAGGGCCCATGATCTCCACCAGGTCCCCGGTCTCCACCTGGTCCATGTAGGTGACGTCCACCATAATCTGGTCCATCGTCACACGGCCCAGAACCGGGCAGTACTGGCCGTTGATATACACGCGTGCGCCCTGGTTGGAAAGATACTGGAGGTAGCCGTCCGCATAGCCGATGCCGATGGTAGCCACCTTCGTGCTCCCCTTCGTCATATAGCAGTGGTTGTAGGAAACGCCATGGTTGCCCGGCAGCGTGCGTATCAGGGTAATGCGGCTGTACAGGGTCATCGTGGGCCGCAGCTCCTTGTTGTATGGGGAAGGCATCGGAGAATACCCGTACAGGATTCTGCCCAGCCTCACCATGTTGGCGCAGGGAACCTTGTAATTGAACACGGCCGCGCTGCTGCACAGGTGCCGGAACTTGTACTGGTGCCCCTGGGAGAGTTCGTTCACGGCCTCCGCAAAGCCGCTGATCTGCCCATGCGTAAAGGAAATATCGTCGGAAGCTGCGGACAGGTGGGAAAACACGCCCTCCAGGTCCAGATGGCTGAACTGCTTGAGCTTTTCCGTCAGGCCGTGCAGTTCACTGGGAAGAAAGCCGCTGCGGCCCATCCCGGTATCCACGCCCAGATGGACATGGACGGGCTTGTTGTAAAGGGCGCCCAGGGAGTTGAAATGTTCCGCCTCCTCCATGCTGGAAAGGGCGGCGCGCCAGCCGTTCTGCACAATCTCCTCCCGTTCTCCGGCAAAACAGGGACCGAGAATGAACGGGCATGTCTTCACCCCAGCATCCCTCACCCGGCCAGCCTCCGCCACCGTGGCGACCCCGAAAAAATCGCAGTCTTCACCATCCAGAGCCTTCACTACCCCTTCCAGTCCGTGCCCGTAGGCCTCCGCCTTCACAATGGCCATCAGGCCGTGGTCCGGCATCACGCGGCGGACGACGTTCAAATTGTGCCTCAACGCATTGGTATCAACCTGGGCCCATGCTCTGGGAGGGCTTGTGCAACTCATGCCCGGAGTGTAGGAAGACGGTTGATGCTGTACAAGCCGGAATTGAGCCACCTTCCCACTTTCCGGAACGGAATCCGGACAAAGCCGCACATCAGTCAGGAGGAATGAATCCGGGAATCTTGACGGAAGGAAAGTATTCCCTCTTTTTCACCTGCCTTCAAAAAACTCCTTGCCAATCCCCTGCATGAACGATATATTCCCCCCGCACTGCAAATGCGCGGTTAGCTCAGTGGTAGAGCACATGCTTCACACGCATGGGGTCACTGGTTCGAAACCAGTACCGCGTACCATCTTCATAAACGTTCCGGAATCCTGCATTCCGGAGCGTTTTTCTTTTCCCCGCCAGGCTTTATTTTAGCGGATAACAGAAGGCTGATAGCGAAAAGATAAAACCGATGCTTCCCTGCACCCGGATGATGATTTGCCGTCTGCCTGGCACGGGAGGGTGCATCCACCTAGAAAAGCAGTATAAGAACGAACCTTCAGGCTCAATTTCGAGATGCCTTCAACGATGTTGCACTCAGTTCTGCAGTTCGGCTGGGTTCCATGTATTTTCTCAATGTTATTTCCCGATACGTTTACACACGCGCAGCCAATCCCTTCTTCCATCCTGCATGATAATATAAACCTTGTCGGCCACCCGGGTTGCAATCCGAGAGCCTCCGGAAGAAACATTAAAATAATGGAAATCCCCGTGGGGAGAAGAACGGACAGGAGTCATCGTAAAATCAGTAGTACCGTTAGACTTTTTAACTGTACCTTCTCCACGCCCATTAAAACGGTAAGTCAGACCGGAACCATCCTTCCAGTTTCCTTCAAAGGTTTTCAAGGAACGGTCCCGTTCTGGAGAAAGGTTGCCGCTTTCAAGCCGTTTTGCGTATTCATGCACTGCAACAGCAGCTGTCATATCACCGTCAGCCGATAATTTCAGCTTCAACTTGTCTAACGCCTGGATATATTTTTTTGTTATTTCCGAACATGCCTGAAAACACCGCTTCTTGAGATCGTTCTGCATCTGCAGCCACTCGGCATCTTTTATTTCATCCGCACTTCCT
NZ_CP072019.1_gap58	2834311	2835158	847	ACGTCGTCCTGACGGTACCGGAATCAGGCAGGGCTTTCGAGTTCCAGGCGACGGCGGAGGATACCTCCGGGTCTTCCTCCCTGTGGCTGGGCCATGGGGAAAGGCAGCCGCTGCGCCCCTTCCCCAGGCTGAATTACTTCAAGAAGATGAAGCAGATGAACGGAATGATGACCATGGGCGGTAACATGAAGATGATGAAAATGAATTCCGGTTCCATGCGCCAGATGCATCACCACGGCATGTCCGGCGGAATGCCGGCCTCCCATTCCGGAGATATGGGGATGATGGACATGAAGTCCGGTTCCTCCCATGGTGGAGGCCACGGCAGCATGCAGGAGGAGGGGGAGGAAACCACCCTGACGTATGACATGCTGAAGTCCCCTTCCCGCACCAACCTTCCTTCCGGCGTGCCCGTGAAGGAATTGCATTTCATGCTGACCGGGAATATGAACCGCTACGTGTGGAGCATGAACGGGAAGACTCTTTCAGAGACGGACCGTATCATGATCAAGGAAGGGCAGAATGTGCGCATTATCCTGACCAACAATACCATGATGAGGCATCCCATGCACCTGCACGGCCATTTTTTCCGGCTGGTGAACAGGCACGGGGATTTTTCACCGCTCAAGTTCACGGCGGATATCCAGCCCATGGCCACCCAGGTGATCGAGTTTAACGCGGCGGAGAAGACGCGCGGCAACTGGTTTTTCCACTGCCATATCCTGTACCACATGATGAGCGGCATGGGCCGGATTTTCACGTATGAGGATTCTCCCCCCAATCCGCAGCTTCCACACCCCATGCGGGCGCTCCAGCACGTTTACGACATGGACCGGAAGTGGTACCT
NZ_CP072019.1_gap59	2886760	2889017	2257	GCTTGGTTCACTGCCTCCGGATGACGGGCCTCCCGATTGAAGGCGTCAAGCACTACATCGACCTGTGCCAGGAAGGGGACACCACCATTCCGGAACGCGCCGAACTGATTTTCAAGCAGGAGAAAAGCCTCCGTGAACAGCTTCGCATCCTGAAAAAACAGATGGAAGTCTTGAAGTACAAGAAGAAATTCTACCAGGATCTTTTGAACAACCACAGGCCGGACAGCTGCAATCCGCTGAACCACGTCAGCGCCAGCGAACCGAACATCGCTCCGGAAGAATAAGCTTTCCCTTAAATCCGCAACAGGAGGCGTCCGGGAATTCCAGTGGAATTCCCGGACGCCCCGTTTTTTCCTTCATTTCCCGTCAAGGAGAAAAACCTTCCCGGCTTCCCCCCTCTCCGAAGGAAAAGGAGGAAACGCCGGAAAATCCCTGCGCTTTTATTTGCTTCCCGTCGCCTCCGCATACTCCGCATCGGTCACGGGGCCTCCCCACGCCGTCCTGTTGGAAGCCGCCCTGGGCGTGATGCCGAGGTGCACGAACTCACTGTCCGGCGCCGCGCCGTGCCAGTGCTCCGTATTGGCCGGGATTTCCACCACGGAACCGGGCGTCAGGCGCCGGGCGGCCTTGCCGCGCTCCTGGTAGTATCCCGTGCCTTCCGTACAGAACAGCACCTGGCCCACGGAATGGCTGTGCCAGTTGTTCCGCGTGCCGGGGGCAAAGGTGACGTTATAGGCGGACATGTCGTAATCCCTGTTGTCCACCAGCATGGCTACCCAGGCTTTTCCGGTGAAATTGGCCGGAGCCGGCTCCCCTTTGGGGAAGGCGTCCTTCTTCCCGGCAGCGGCGGATACGGCCAGAATGGCCTCCACCTGCCCGTCAGTCAGGCCGTTGTGCTTCCCGATGCGGATGTGGGAGTTCAACTGGCTTTCCGTGCCCGTCATGGCGGCCAGGGCCGCGATGGTGGCGAGCTCCCGGGTCTTCCAGTCCATATTGTCGCGGCCGAAAATGTCCCCGAACAAATGCGCCTTCAGGAACTCGTCAATGGCCGGGGCGAACAGGAAAAGATCCCCCTTCACCGGAGCGCCGCAAAGCTTCGTCTGGTTGGCCGTGCCGAAGTCGATGCTCTTTCCGGCGGGCGGCGCTCCCGCCTCCGCTCCCACCGTATCATTGATGCCGCGCGAGGCGCGGTCCTTCGCCAGAACCATCAACTCATTGAGAGCGTTCAGGCTGCGTGGAAAACCGCAATAGGCATACATCTGGACCAGCACCTCCTTGAGCTCGTTCAGGGTCAGTCCGGCATCCAGCCCCGCCGTCAGGGCGTTCCGCAGGCCGGGCATGTCGCCCCTGGCCGTATGGGCGCTGATGGCGGCAATCTGTTGTTCTTTTGGCGACAAGGCGCTTGTATCGTTATTCATGGTTTGGGCTTCTGAAAGGTTCATCAAACAGGCAAGGGAAAAAGCCATTCCCGCAAGGGTTCGTTTCATAAGGAGCATTATTTGTTGATGGTGATCGTGTCATTGACCCACTTGACCAGCGCGGGCCTGGCCGTCCGGATGCCTTCCCCGGCAAAAGCTCCGCCCTTGAGAACGGTGGACTTGGGGCACAGCTTCCGCACCTCGTCCCCGCAGCGCGCCATGCCGCCGCCTCCGTGCGTCACAAACGGAATCACCGTCTTGCCGGAAAGGTCGTGGCTTGCCAGGAAAGAGGCGACCGGAGGCGCAATCGTGCTCCACCAGTTGGGACTGCCGATGAAAATCACGTCGTACTTGCCCATGTCCTCCACCCTGGCGGCCAGCTCCGGCCTGACGCCTTCCTGAATCTCCTTTTTGGCCTGTACCGTACATTCCCGGTACCCGGACGGGTAAGGCTTGACCGGCTTGATTTCAAACAGGGTTCCGCCCGTCGCCTTCTGAATCTGCGCGGCGGCGTACTTCGTATTGCCGCCCCATGAATAGTAGGCGACGAGCACCTTGGCAGGTTCCACGGAAACCTTGGGCTGTTCCTGTCCCGAGCATCCGGCCCCCGTCATCAGGGCGGCCGCCAGCGTGCATATCATTGATATTGTTTTCATGAATTTAATGTCTGGGTTGGAAGGCCGCGCAGAAAACAGCCCGGGAAGAAAAACGGCTTCATCCGGCAGTCTCCGTGCACGACCCTTGTTCCTTCTTCCTGTCTAAACGTTAGAGCAGCTATAAGTCAACATGTTTTCCCTCATCTGTTCCAAAGATTGCACCCACTCCACTCTAAACACTCT
NZ_CP072019.1_gap60	2894469	2897833	3364	GGCAGAATGTCCGCCCGGGGCATGGAATCCCACTTGTAGGAATTCGTTCCCCGGCGCGGCACAAGGGTGTCAAAATCGTACTTCATGCTGCTTCTCCCGACTGCGTTTTTCCCGTTTCAATGGAGCAGTTGGCCGGAGCCTTGCAGTGCTCGTCCAGAATAACCTCCCCGTACTCTTCCGCCACGATGCGTCCGCTGCGCGGGTTCTTGACGCTGTGCACGCGCCCCTTGATTTCCGCCTGCACGGAGGAATATTCAAAACAAAGGTCCGCATCCTCCCCGAACGTGCAGTTTTCCAGCACCAGGTTCTCCGCGTAGCACAACGCCTGCGTGCCGGAAATACGGCAATTCACCAGGCGGAGGTTTCTGGAATGCCAGCCCAGGTATTCCCCGTCCACCACGGAATCGTACACCGTCACGCCCTCCGTATTCCAGAAGGCGTCCTTGGAATGAATCTCCGCATTCCGGATCACCACATTCCTGCAATACTGGAAGGAGTAGTTCCCGTTCAGGCGGAAACCGTCAATGTCCATATTCTCCCCGTGCATGAACAGGTAATCGCCCTTGTCCGCCTGCACGTTGCGCAGCTCCGCGTTCCGGCAGTGCCAGCAGCATTCCAGGGCGTCCGTCAGGACCACGTTCTCCAGAACCATCCCGTCCATGTCCCGGAACATCTTGGGGGCTTCCACCCGCGTATCCTTCATGCGCAGGTTCCGGGAATACCAGATGGCGGCTCGGGCGCCTTCCCTGAACAGGCAATTCTCAATCAGCAAGCCGTCGTTGTGCCAGAAAGGGTACTTTCCCCGGAACTCGCACCGTACGGCTTCAATGTCGGAGCATTCCTTCAGGGCGGACTCTCCCGGATAAATCGTGACGTCTTCCAGCCTCAGATGATGGGAGGCAAACAAGGGGCGCTCCCCCTCGTAGGAAGTATTCTTAATCATTTTCTTGGTCATGGTGATGGGTTGGTAAAATGTTCTTTTGGAATTCATCATATGCGTTTAAGCGGCGGCAATCGGCATCCGGAAAAGGAAGACCGGGAAAAAGACGGGGAGCGGCATTCTCCGCATTCCCGGCCTTCTTCTTTCTTCCTTCAGGCTATTCCTTATAGTAACTGTAATGCAAAGGATTTTTAGCATTTTCTCGTTCATCATTTGTAATGTATTCATAATTAATAAATATTAACTGTCATAAAAATCATTTCATGAACCGTGAAATCATGAAAAAAACTTCATTTTTCAGATTCCCGGCACGATATTCCCTTTCTGTACGCCATGGCGGCCGCAGGGGAAAGCGCGCGCCCTTTCCCGGCGGAATCTTCCGGAGGCGTTCTCCTCACCAGCGCGATGCTCCCCAGGATGACGAACAGCCCGGCCATCCGCGCCCACGTCATCCCTTCCCCTCCCGCCGCACACCCCAGGACGACGGCCACCAGGGGGTTCACATAGGCGTGCGTGCCTACTTCCGCCGCCGGACGAACCTTCAGCAACCAGATATAGCTGGTGTACGCCAGGACGGAGCCGAACAGCACCAGATAAAGGAGTGACAGCCACGCGGAAGCAGGAACTTCCTCCCAATCCATGTTCTCCGGCTCCTTCCGGACGAGGGCCCAGCACCAGAACATCACCCCCGCCGCGAGCATCTGCCACGCCGCCCCGCCCACATTGTTGACCGCCTCCTCCGCGCAGGAACGGTACTTGGCGTACAGCGTCCCCAAAGCCCAGGAAACGCAGCCGAAAACCAGCAGCAGGATACCGTGCGCGCCCTGGCCCCCCCCTTCCTCCCGTCCAAGTTGCTCCGCGAACAAAAGGCCCACTCCCAGGAATCCGGCCGCTATCCCCGCGAAAACGGAAATGCTCCGGAAATTCCTGCGCCACATGGGAACATCCAGCGCGATAATCCAGATGGCCGTGGACGATGCGATGATCGCCACCAGGCTGCTGCTCAAATACTGCTGGGCCAGCATGACGACGGCCATATCCACGAAAAGGAGGATAATGCCGCTGACGGCGGACTTCCGGACCAGGGGACCCCGGAAAATATCCTCCCCCCTTGCCCGCCCGGCCAGCAGCAGAAGGAGCCCCGCCGTGCAGAAGCGCATTCCGCCCAGCAGAAACGGAGGGAACCCCTGCAGCGCCGTCCCGATAAAATAATAGGTGGACCCCCACACCACGTAAATCATCAGATACGCGGTGATGACTCCCAGCCGGCCCGGCGGCTCCGTGATTGGATAAACAGCCATTGGAAAACCTCCATGAACTCTTTACTTGTTAAAAGGAGCCGCCTTCCTTCCGGGGAAAACCGGAGTCTTCCGGAACAACCGGAGCCTTTTCCCGTACGTCAGCATGCGCCAGCCCCATTCCAGGGGGCCGAACAGGCAGAACTTCAGCCAGACGCGGCTGAACAGCGCCTGGAACAGGAAGACGGAGGCAGCTACCAGTTCCACCTGCGCCAGCCCCAGCCGGGCCCCCAGGCGGAAGCCTATTCCGTAAAACAGGACGATGCCCAGCACGGACTGCCCGATGTAATTGGTCAGCGCCATCCGCCCGGGAGCCGCCAGCGCCCGGAACAAGGGAGCGTCCTTCCGGCGAAGGAACCACAGGCAGAAAACGGACACATACGCCAGGCTGAGGGGAATAACGCTGACGGCATACAGGAAGGCCACGGCCACGGGTACGCCGCCCAGCAGGTGAAGCGCATGGGCGGCGTACAGGAAGGAAAGGGGCAGCCCCGCCAGAAAACCGCAGCGGCATACCCTCTTCAACAGCGTCCGCCGCCTCTCCAGATTCGCATAAATTCCGTTCCTTCCCACATACAGCCCCAGCAGGAACAAGCCCAGCACCTTGAAGACGCGGTTGCTCTCCAGCAGCTCCTGGACGCGGATGAACGCCCCGGACAGGGTGAACTTCAGAACGTCGGAATAATGTTCCCCGTCCACCAGCCATCTGCCGAAATTCGCGTCCGTAATCCCGCTGAGGCCGTTGAAATACCGTACTGCGCCCCCCACCGGAGCGGCGAGGTCAAACCGGTAGCCTGAAAAAACCTTCAGGGCATCCATGAGAACAGGGCAGAAAACAAGCGCGGCGGCAATCGCCAGCAGCTTTCTGTCCGGCACATTCCGGAACAGCGGCAGCAGCAGGCCGGCCAGCGCATACAGAAGCAGGATGTCCCCGCTCCACAGGAGCATCAGGTGCAGCAGCCCGATCAGGGCCAGAAGGCCCATCCTGCGGTAAAAAACGGCGATGCCGTCGCGCCCCTTCTCCATGGAATGCGACATCATGATGGAAAAGCCGATGCCGAACAACAGGGAAAACAGGCTGTAAAACTTGCCGTCAATAAACACGTACTGGAGGAAGCGGACCACC
NZ_CP072019.1_gap61	2903555	2908009	4454	AACAGCCTCTATGAAACCGTGTGCTTCGCGGTCTTCTTCCCCCTTATCCTCCTCTTTGGCGCTTCCGGAAAAATCACTGATCCCTATACGGATAAAATATGCCGGTTCCTGGGCAGAATCTCCTACCCCCTGTACATGGTGCATTACCCGTTCATCTATCTGTATTATGCGTGGGTGAAAAACGGAGACCTCTCCTTCTCTGAATCCCTCCCCGGTGCCCTGGCCGTCGTCATCGGGAGCATCCTGCTGGCCTGGCTGTGCCTGAAATTCTACGATGAACCGGTCCGGAGCTTCCTGGCAAAGCATTTCCTGAAACGGAAAAATAACCGCAGCCTTGAGCCTTCATCTTCCGTACTCCAAAAAAAGACGGACGGCTAAAAGCCGCCCGTCTGAATGCGAACCAATGTTCCTGCTGTCGTTTGATTCGGACAGCCGCTTCAAGCGTTACTGTCCATCAGTCCAGAGCAGGCCATGACCGTTATTTACGCCTGCCTCACGCTTGGACAGTTTGCGTGATGACGACTTTTTCATAGGCTTTGACTCCGGCCGCCTCATGGTTGCCATCCGTCGCAAGGATGAGCGAGCCATGCCGCGTTTCTTCCGCAGCTCCGGCTGATACGGTCACGACAGCGCCGTTCTCCCAATGCTCCGCACCTGCGTCCAGCCAGTCGGGCTTTGAAACCAGCGTCCATGCAGAACCGGCGCCGGAATTCAGCGTCAACGAAGAGCTTCCCCCGGCAGAAGGCAGATCAATACCGGATAAAGGAGCATTCGAATTGCGCTCAACCCATTTGGAACGGGAATAGGGAAGCGGCTGCTTGCCGAGCCAGTCCCTCAGCTTGTTATCTTCCACGTGCGCTATGGCGGAATAAATTTCACTGTTACCATGAAACAGCAATTGAGCTTCAGTGATAGCGTAACCCTGTGAGGCCGGCGTAGCGGCGATAAGCTTCAGTTCTCCTGAGGGCGTCACGTAATACACGTCCAGATACTGGTGGCGGTAGGCATAAATGAGGCGTGCCATTTTAACATTGTAAAATTCCTCCGGCATATCCCATTCATAAACGCTCAGCACCCCCGGAGCCACGGCGGAATTCGAAAGCCTGGAATGATATTTCACCCGGAATTTGCGCAAAGCACTGTCGATTTGAAGACTGATATAAATGCCGGCGGCATTGCCTGTTTGCCGTATGGTATGGGCATAGGCATAATGATCTTCCGGAGGAGCGGTAAAATCCGCAAACGTGCATGAGCTCACCTCAAAAACGGCCCGTTCATCCGGAACAAAATTGATTTGTACGACAACCTTGTCCTTGCTCCACCATCCCCACGGGTTTCCGGTGCCTCCCACTTTTACCGGCCTTCCGTCGGCAGGCCTGGAGATATTGAACCCCATAGGCCCCTTCTGCTTAACCGTCGCGTTGAAGGCGCTTATCAGAGGTATGCAGGAACAAGCCGTCACCTTCGCGAGCATGCGCCCGGTTTCCAGTGCGTCCGATGTTACGGGGCCGTTCAGAACGACAGCCCCGTTGAATGTTTCCACGCCTGCGTGCGTGTTGTTGCCGGTGTAAGTGCCGGATGCGTCAGGAATAGCGGCGGCGGAATTCCAGGCCGTACGCTCTTCTTCCGTAAGATGCATCGTTGTATTCCCGGTATGTCCGGTTACTTCCTCCTGGGATGCCAGGGTGACTCCATTGAGAATATTAATAGTATTCATGGTTTTGTTTATTATTGTTACTTGTAATGAAGTGGCATGACGACTCTGCTGCCTTCATATCCATGATGGTAACTCCGAAAACATTCTCACTCGCGAAAAGCCTGCGGTCTTCCCGGATTTTGACAGTTTCAACGGTTAGATGGCTTCTATGGTGTTTCCACAGGAGCCCTTTTTTCCAGCCGGGACAACAGGAATCTGATCCAGCCATCCCCTGGTTTAACGTGTCCTCCATTTTCCGAATACACAGCAATCATTGCTGCCACTTCAAAAAAATCCTGTATCTGTTGCAGAAAAATAGCATCCTGCATGAAGCGTCAACTTCCTCCAGGATATTTCTCCACCCTATCTTAAAACATTCATCGTCAATGATTTTCTAAATATACAACAGACAGCCTTGATTTTATTGACTGTAACATTCAGGTTTCAGCAGGCAGTAACGGTTTTGACGATAATTCCGGTTACTCGGGATAATAGGATACTATTAGAATGGCCCGCAATTGTTATTCTCTGAAAACAAAAAACTTCCTGAAATTAGGAAGTTAAAAATGGAGCGGATGATGGGATTCGAACCCACGACATCAACCTTGGCAAGGTTGCGCTCTACCCCTGAGCTACATCCGCTTGGATGGGTCAGCGGACCGGAACCGACCGCTGGGGAGGTTTATACGCCCGTTGCGGGAAAAAGCAACCTTTATTTTGGCAATTTCCCCATACGCCATCCATCCTTTTTCTGCCGAACTGCATCAAAGTGTGGCTTATAAATGAAATTCTCTCGTCAGAATGAAAGACACATTCTATGCTGTGGCGGCATGAAAGAATTGCTCATTACCCTGATCACGCTGGCGGGCCTGTTCATCGGCGTGTATTATCACGATTCCCTGGTGGGAGGCGGACAGGCAGACCAGCAGAAGGCGGAAGCTCCCGCCTCTGAACAGTAGTCCCCGGCAATCATGAACACGGCTTTCCGGAAACCCTGTTTTTCCGCCATTCTCTGCGGAGCGGCCCTGCTGGCTCCGCAGGCGCGGGCGCAGTCCGCCGACAGCGCCGGAATCCTTTCCACCACGCCGCAGTCCGTGGAGGACCTCCAGCGGATTGAACACCAGCTCCAGCAGGTGCTTCCCCGGGTGCTCCCCGCCCTGGTCTGCATTGAAGTGAACAACGGCAGCGGCACCGGCATTCTGGTTTCGGAAAAAGGCCTGATTTTTTCAGCGGCCCATGTCGTTGATAAACAAGGAACCGTGCTCAAGATCATCCTGCCGGACGGCACCCGCCTGCCGGGAAAAACCACGGCGCAGAACAGCGATTCGGACGCCGGAACGGCTGAAATCACGACCAAATTGAACAAGAACCTTCCCCGCGTGGAGAAGGCGGAGAAACTGCCCCGCGTGGGGGACTGGGTGTTCGCGCTGGGGCACGGAGGCGGCCTGGACCAGAAACGCGGCCCGATGGTGCGCCTGGGGAGGGTGGTTTCCCTCAAGCACGGCGTCATTCAGACGGATTGCAAGCTGATCCGCGGGGATTCCGGCGGCCCTCTTTTCAACCTGAACGGGGAATTGATCGGCATTCACAGCCGGGTGGGTTCCGGGCTTGAAGACAATCTCCACGTTCCCATGAAGGATTTCGACGCACTGATGGAATCTCCCGCAGGCGGAAAGGCCCCCCTGCCTCCGTCACCGGAACGGGACGGCTAGCTTTTTCCCTCCATGGTCATGAAACTCTCCTCCTGCGCCTGCCTGCTGCCCCTGGCCTGTTCCCTTCTTCCCTCCGCCCTGGCGGAAGGGTTTAACGGGAGCCTGGATTTTGAACAGCGCATCAACGGGAAAACCGTTCTGAAAACCATTGAGCCCATCCGGGAACGGCTCCAGGATTTGAGCGCGGTTTTCTTTTCCGGCCATGACGTCGTGATTTACGGCATTGTACTGAGTCCGGACGGCTACATCGCCACCAAGGCCTCGGAACTCCATTACCACCAGAACCTGGTGGTCCGGATAGGTTCCTCCAAGTACGGCCATTTCAAGGAGATTGGCACGGACCCGGCCACGGACATTGCCGTGGTGAAGGTGGACGCCGCCAGCCTGCCCGCCCCCGGCCCCGTCAGCAATGAGGCCGCCATGGGCATGATGGTGGTCAGCAACGGCTCCACCACCCGCACTTCCAGGCGCCCCCAGCTGGGCACCCTAAGCGCGGCGCGGCGGCCCATCCCGAACGGAGACACGGCCTACATGGGCGTGATTTTCGGCACTCCCTGCTCCATTCAGGAGGTCGTCAAGGACGGTCCCGCCGCCAAGGCGGGAGCCATGGCCGGAGACGAGATTCTGGAGGTGGACGGCACGCCCATCACCACGCTGGAAGCCGTTTCCCCCATCCTGTCCAAGAAGGAGATCGGGGAAAAAGTGACGCTGAAGGTCAGGCGCAAGGGCAAAAAGCTTTCCTACGCCATCACGCTGGGCTCCCGGCGGCAGGCCCTGGGGGAAGACGCTCCCGAGGATTCCAACGACCTGATCAGCGGGGGCTTCAGCAAACGCAGGGATGATTTTCCGATGGTCCTCCAGCATGACACCCCTTCCCGGCATACGCTGATGGGCGGCCCGCTGCTCAACCTGAAAGGGGAGCTCATCGGCATGAACATCGCCAGAGTGAACCGGGCGGAAAATTACGCCCTGCCCATCAGCGTGGTGCAGGAGAGCGTGCAGCGCATCCTGAAAAACGCGCCGCAGCCGGAAAGGAAGCCGCAGGG
NZ_CP072019.1_gap62	2913140	2916842	3702	GGAAAGCAATGAACTGGAGCAGATTCACATGGCCCTGACGCGGAGCCTGAAAATGCTCAGCACCGTGCGCCCGGACGAATGGCCCATTGAAAACACGGACAACCTCATCAACCAGGGCCAGCAGGTCATCGACCGCTGCGAGGAGGAATTCGCGGACGCCGTCCAGCAGTGCGCCCGCATGCAGCACACCAAGGTGCTCACGGGCGTGCGCCGTTCCAGCAAAGTGCGCATCAGCTCCCGCGAATTCATGACTCAGTTCCTCCAGGGCCTTTCCTTCCACCTTCCCCTGCTCCTGATTGCCCTTATCATCCTCTTCTTCATCTGGATTTTCAGCCCCTCCGCATCATGATTAAAAGAAAGACCAAACGCCGTTCCTCCGAACTGGCAGAACTGGACCGCGCCTCACGGGAAATTGAGAACCGCATCCAGGAATTGGAAGCCTCTCTCAAACGTCCGGCCCAGCAAACGCGCATGCGCCTGGACCGCAATACCATGCCCCCGCCGGACCGCGTGCGGGAAGGCACCCAGAACCGCGCCCTGCGCGCCGTGGTGGCCCGCGACGGCCGCGCCACCAACATGAGGCGGGAGCTGCGTGAAAACTTCATGCTGCTGGGCCTGCTGGTCTGCGCCATCGCCGCCTCCTTCTGCTGGATCGTCCGCCTGCTGGAACAGCAATAGGCCTCACCCTCCCTTTCTCTTATATATTACGCACGTTCCCATCATGAGCACGCCCCAAATCGACGTAGCCTACATTGCCAAACTGGCGCGCATCGACCTGACGGAGGAAGAAGCCGCCCTCTTTTCCAAGGACCTGGACAAAGTCCTGGCCTACATCACCAAGCTGGAATCCTACGACGTCACAGGCATCGCCCCCATGAACCATCCCCTGCCCACGATGGACGTAATGCGCAAGGACGTTCCGGAACCCGGCCTTTCCCAGGAGGAAGCCCTTTCCAACGCCCCCCAGCAGTCCCAGGGGCAGTTCCGCACGCCCAAGGTGGTGGAATCCGCCTGACATCCTCCCGGTCCCTCCCTTTTCACGTTTCAACCGTTCTTATCCCTTTCTTTCCATGTCAAGCATTCAAGGCACCCTGGCCCAGTGGCGCGACCGCCTGCGCCGCAAGGAACTTTCCCCCGCCGAACTGGTCAACCTGACGGCGGACGCCATTGAGGCGGACCGGACCACCAACGCCTATATCTCCTTTGACCGCGAGGCCGCCCTCAAGGCCGCGGCCGCGGCCGATACGTCCAGCCCCCTGGCCGGCATCCCCATCGCCGTGAAGGACAACATCAACGTCCTGGGCCAGCCGACACGCTGCGCCTCCCGCCTCCTGGCTCCCTATGCTTCTCCCTATGACGCCACCTCCATCCGCCTGCTGAAGGCGGCGGGCGGCATTCCCCTGGGCCGCACGAACATGGATGAATTCGCCATGGGCGCCAGCGGTGAAAACTCCGCCTACGGCGTCACGCGCAACCCGAACGCTCCGGACCACATCCCCGGCGGTTCTTCCAGCGGCTCCGCCGCCGCCGTCGCGTCCGCTACAGCCATCGCCGCGCTCGGTTCGGATACGGGCGGCTCCATCCGGCAGCCCGCCGGGCACTGTGGCATCGTGGGCCTCAAGCCCACCTACGGGCGCGTTTCCCGCTACGGGCTGGTGGCCTTCGCCTCTTCCCTGGACCAGATAGGCCCCATGACCCGGACGGTGGAAGACGCCGCCATCCTGCTCCAGGCCATCTCCGGGCACGACCCGAAGGATTCCACGTCCGCAGACGAGCCCGTGCCGGACTTTGAGGCCGCGCTGGGCCGTGACGTCAAGGGCCTGAAAGTGGGCATCCCCGCGGAATATTTCACCTCCGGCAACCATCCGGGCATTTCCGAGGCCGTGCAGAACACCGTGAAGCAACTGGAAAGCCTGGGCGCGGAACTGGTGGAAATCAGCCTTCCCCACGCGGACGCCGTGGTGGCCGCCTATTATATCATCGCCTGCGCGGAGGCCTCCTCCAACCTCTCCCGGTTTGACGGCGTGCGCTACGGCAAGCGGGCGGAAGACGCCGCCGGCCTGGTGGAACTTTTCTCACGCACCCGTGAAGAAGGCTTCGGACCTGAAGTCAAGCGCCGCATCATCCTGGGAACCTACGTCCTCAGCTCCGGCTACTATGACGCCTACTACTCCCGCGCGCAGAAGGTCCGCTCCCTGGTCGCCAGGGACTTCGCGGAAGCCTTTTCCAGGGCGGACATCATCGTAGGCCCCACCTCTCCCGCCCCCGCCCCCAAAATCGGGGACTCCGCGCTGGACCACCTCCAGACCTACCTGGCGGACATCTACACCATCCCCGCCAACCTAGCCGGGCTGCCCGCCATGTCCATCCCCTGCGGAACCGTGAAGGAAGGCGGCATGGAGCTCCCCGTGGGCTTCCAGATGACGGCCCCCCATTTCCGGGAAGACCTTCTCTTGAAAACCGGATTTGCCCTTGGGAAATAATCGGAATTTTTCAACGCAAGCGCCCGGCAGACTGTCTCACCCGCTATTAAGAATCATGGACACCCGAGAATTCAACGAAATTATCGCCGCGAACTCATCGTGGATTTCTGCTCTCAGAACGGAGGTAGGCAAGGTGGTCATCGGCCAGCAGGCGCTGGTGGACAGGTTGATCCTCAGCCTCCTCTGCAAGGGACACGTCCTGCTGGAAGGCGTGCCCGGCCTCGCCAAGACGCTCTCCGTAAAAGCCATGGCGGGCACGCTGCACGCGCAGTTCGCCCGCATCCAGTTCACGCCGGACCTTCTGCCGGCGGACTTGCTGGGCACCATGATCTATAATCCGGAGGAAAGGCAGTTCACTGCCAAGAAAGGCCCGATCTTCGCCAATCTCATCCTGGCGGACGAAATCAACCGCGCCCCGGCCAAGGTCCAGTCCGCCCTGCTGGAAGCCATGCAGGAACGCCAGGTAACCCTGGGGGAAACCACCTACCGCCTGCCGGACCCCTTCCTGGTGCTTGCCACGCAGAACCCCATTGACCAGGAAGGCACCTACCAGCTTCCGGAAGCCCAGCTTGACCGCTTCCTCTTCAAGGTTCTGGTCACCTACCCCACGCGCGAAGAAGAACTCCAGGTGCTGGACCTCATGGCCAGCTCCGCCAAGCCGCCGGAAACCTCCCCGGTCACCACGCCGGAACAGGTGGCGGCCTCCCGCGACCTGGTGAACCAGATTTACATTGACGACGCCGTGCGCGGCTACATCGTGGACCTGGTGCGCGCCACCCGCTTCCCGGAAACGGTGGACGTGAAACTGCGCGGCCTCATCCGCGCGGGCGCATCCCCGCGCGCCACCATCAACCTGGCCCTGGCGGCCCGCGCCAACGCCTTCATGCACCACCGCTCCTTCGTCACCCCGCAGGACATCAAGGACCTGGCCCATGACATCCTGCGCCACCGCATCCTGCTCTCCTATGAGGCGGAAGCGGAAAACATCTCCACGGACGACGTCATCGACCACATCCTGACGAAGGTTCCCGTGCCGTGACGGCAGGAGGCGGCTCCCCCGTCCGCCCTTATCCTTCAGCCCCCGCGGGGCGCCTCACCGGAACCTGATTGAATTCAAACAGGGAGGATCACTTCATGGATAAAGCCTCAGACATTCTCAAGCGCGTGCGCCGCATTGAACTGCGCGCCAGGCATCTGGCCACGGAAAACTTCGCCGGGC
NZ_CP072019.1_gap63	2922945	2924459	1514	AATGGAAGGCCTCCGCCATCACCGGAACGGCGGCCGGCGGAGCCGCTCCCGCCACGCCGCCCCCGGCAGGCACCATTCCGGTAGCGGAAATGACGGACATTTACGGGATCATGCCCGCCGCCGTCATGAACGCCCTCACCGCTCCGGCTCACTGGGGATGGTACTTCCTGGCCTACATCCCCGCCGTCGTCCTGCTGGGCATGGCCCTGATCCGCTACATCCGGAGAGTCCAGAAGGAAAGCTTCACGGCCCGGGAACGCATGCGTTCCTTCCGGAGGCTCTCCTCCACGCCGCGCCAGGCCAGCCCCACGGAATTCCTGCGAGCCGCCGGCAACTTCATCGAATCCTACATTCCTCCTTCCAAGCAGAATGAAGAAATGAAAACCATCCTTCAGCTCCGGGATGACAGGGCGTTCAAGCCCTCCGGCTCTTCGGACGAACTGCCGCACGCGGAACGCCAGCACATGCTCCAGGCCATTAAAAAAGCCATCGCCAAGCTTCCCGTGCTCATCATGGCCGCCGTCCTGGCCCTGTCCGTGGCCGGAGCAGCCGGAAACGCCGCGGAAACGGACAACCTGGGCGTGCAGGCCTATGAACAGGGAGAATACGCCAAGGCCATTGACTACTTCAGCAGGGAAAGCAACGATACGGACCTCTCCAAGTCGGAACGCGCCTATGCCAGCTTCGGCATCGGCAACTCCTACTACCGCATGAACAAGCCCGGTCTGGCCGCCCTCAACTACCGCCGCGCGCTGGAACTCTCCCCGTACTTCACGGAAGCCAGATACAACCTGCAATTCATCGAACGCAAGGAGGGGGCCATCCTCCCCGCCAATACCACGGAAAACCAGTGGCTCACTTACATCAGCCATGATGCGCTCGGCCCCATCTCCATCCTGTCCGGCGCCGTCATGCTCACCTTCCTGGCGCTCCTGACCGTCACCCGCAGGCACGGGGCGCTGCTGACCATCCTGGCCACCCTCAGCGGACTGGTCACCGTGGCGGCCATCATGAACTACATCATGTACCCGGAAACCCCGGAATCCATCCCGGCGGACCGGCTGCTGGTCGTCACCCAGAAAACGCCCGGCAGGCACGCGGCGGACATGAACAGCCCGGCGGTCATCACCCTGCCGGAATCCACCCCGCTCATCCTGCGCGCGGAACGCGGCTCCTGGTACTACGCCAGCACCTTCCAGAACACGCCCGTCTGGATACCCAGGACGGACGCGCAGCCGCTGTAACGCTTTTTATCCCGCCCTCACCATGGGCCGCCCTTCCCGGAACACCGTATTTCCGGAAGGGCGGCCTTTTTTACGGCTGCGTTAAAACCCTCTTCGCAACCGGAAGAGGCTGGAACCAGAAAATGGCAGCACCTCTGATGCACCGTTCATGAGCGTTTTCCTCCCTTTTCCACTATGTGGCACGGAGATTTGCCGCCTTTCCCTGCTTCCTTTTCCATTTCAAGTAGAAAAAATCTCCGGAAGGTCCCCTTCCGGAGACGCACAGGCGAT
NZ_CP072019.1_gap64	2938960	2939602	642	CTCATGCACGGTTCCTCTGCGGGAGAACCGGCAAAGATTCCCACAATATGGGGCTGGTCCCCGTCTTCCCCGCAGAAATTCATTTCCGCCACCAGATAAATGGAATCTTCACCCGAGCCATGGGAGCGGTCGGCATAGAGATGCACGCGGCTAATCATGCCGTAGGGAATATCCGGATTTTTCGGCACTGAGAGGCTCTCCACCGGTTCCAGATGCAGGGAACGCGGAGGCTTCCCGAATGCCGTCCGCGTGTCCACGGCTACATCCCCGCGGTCTTCCGCCTGCTGCCCTGCTGCGAATGAAGCATGGACCACAGGCAGAAAAGCCATGCCAATCAAACAAGCCTTTTCCATAGATGCCATTCTCTATCATATAAACGTTTCAAGTCGAGTTCTTTTCAACGAATCTCCATCATCCCTGAACGGAGGCTGCTGACAAAACATGACAGAACATCACCGGAAAAAGAGAAGTCGAACCCTTACCCGTATAGAAGAAATTCGGTCCCATCATGAACAAGCAAATGAAAAAAAAGACGCCGCCCATGGAAGACAGCCTCGCTCCTTTCACCGACGGAAAGGAAGCGGAACCCCATTACACGGATACGATTGATCCGGAGCTGATCAAGCCCACTCCGAAGCCTAC
NZ_CP072019.1_gap65	2942360	2943578	1218	AAAGCGGACGCGTCAGTCCATATCACGGAAGAGGAGCGCAACCGATGGAATACCGCTCCCCACTTGGATGAGAGCGGCAATATGACGCTTGCCGGAAGTCTGACGACGGCAGGGACCTACAACGCCAACGGTGGCATCAATATTCCCGTTGATCCTGTCACGGAAACGGACGCGGCGCGAAAACATGAGGTCAGGGTACTTAACGAGATTTCCAATGGAGCCGCTCGGAACTATTTCAATTTTTCCACTCCTCCGTTTGGTAAATTGTTAACGCCGTTTTCCTGGCTGGCTACCTATTGGCCTAAACCGGCAACGGAAAACGGCTGGGTAGATTTTAATTTCCGGTGTGTGCCTTTTGGCCATGAAAGCGACCGTGAAGGGTCTTATTCCCACTCAACCGGAGCTTTTTTGCCCCTGTCTGCCAGTCTGGGGTATCAGCGCATGTTTCAGGTAGTGGCAGGGGGATTGCTGGACGTTACGCTGAATGAGGCCTGGAATGGACCAGATGATTATCCTTTTTCCGAACCTGCAGATGGCGTTTCCATGTGGTGGGATGTTTATTTTGCAGACTATGACCCGGAGGATGGCAACAAGATTCCCGTGCGCGGGCGCGTTTGCCGCTATAATTACAATACGAATCAAGTAGAGCTATTGACTGGCTATGCATCGCTGCCGAACAATTTCCGGCTGCGCGGGATTGCGATAGGATGGGGGAAAGACGGCAACGGAGGCCTCTGGGTTGTTGGAGCCAATGATTCCAATGGCGGGCGCCTGGAGGCATACCGCGTTTGTGAAAACACCTGGATTACCGACTCCTATCACAATTGTGTCGATCTACAAAATATAAGGCTATTATGCAATAGAGGAGCGCTGGAAGTCGGAGTTAAGCCGTTAAAAACTTACGTAGGACTTTACGGACAAAAATCCGTAGTGGCGGAATGGTGTGAAATGATGGAGGTTAAATAAAGATGAAAGCACAAATACAAATACAATTCCCATTGTTGGGAGAATGGGACAAATTGAACATGACTGCCGTTTTCCCCTCTTCCGGAGGTTTTATAGAGTCCCGCATTTACACGGAGAACGACATTCCTCCTTCTCATGCTCCGGCCCTGGAAGCTGTGGTGTAAGCCCTTGTCTCCATGGGCGCGCCCTGGCAGGTCCAACAGGTGTGGGCTAGAGTGGAGCAGTTCATTTCCAACGTTCCGGAAGGAGAGC
NZ_CP072019.1_gap66	3020049	3020891	842	CGGAACAATACGTGCACCTGTACCAGCACTTCCTGGCGAACGGCCTGGTGGTTGACGTCCCCTTCTTCAATGAATTCCTGCTGCGCCACACGCCGCGGGACATCCAGCGCATGATCGCCGCGGATGAAGACATCTGGAAAACTCTGGTTCCCGCGGAGGCTCACCGCTCCGCCCTGCATTTCCGCTGACCTCCTCTTTAAAAAGTCTGTGCGGCCACTCTCCAGTGCTTTTCCAACGGCGGCTTACCTGCTACCTGCCGGGGAGGTTTTACAGGAAGGAAAAGTTTCCCCTTACGGATGCCCTGGGTATTGGGCGGAAACCGCAAATATGCGGTTAGCAAACACTTCCATCGTTCTTTTCACGTCCGGCCGCCCCTGGAAATGAGGGCCTCCGTCCCTCATCGCAGCCTCCGCCGGAGCGGAGCGACGGGTATTTGAAAGAAAAGCCGCCTCTGCGCTCCGGAAAAGCTTTTACCTGCGAGAGGCGAGAATCTTCCGGCTCCCAGGACGCCGGAGGCGCAAAACCACCGTGAATCAGCATTTCCACCGTTTCCTTTTACGATTGCATGTTCTTTCGGTTTCCTCCTCCGGCATTGCCTTCCCTGCCTCATTCCCTGTCCTGAACCCGGAGAATCCGGCACAGCCACGCTCATCCTCCCCGCTCCGCTCCCCGGAACGTTTCCCTTCTTCAAACTCATCTTATCAGGAAAACTTAACAACTTTGTAAGATTGTCTTGCCATAAGGCGGGAATCTCATTAAGGTCTCCGAGTTCCATTTTTATCATGAATACCATTATTATCGGCTCCCAATGGGGCGACGAAGGCAAGGGCAAAATGATCGAT
NZ_CP072019.1_gap67	3028172	3029153	981	ACGTACACGGGCGTCTACGTCCTGTTCACCACCATGGTGGTGACCGGGCTGGCCCTGTACGCCCTGTATGAGCCGCGCCACTGGTTCTACCACTGGTTCATGCCCCTGAACGACCTGATAGGGGTTCCGTACGTGCGCCTGGTGCACCTGATCGGCATGTGGTGCTTCATCATCTTCGCCATGGTTCACGTGTACCTTTCCATCCTCTCCGGAAACGTGGACCGGGACGGCACCATCTCCTCCATGTTCAGCGGAGGGCGCTGGCTGCGCAAGGGCGTCAAATTCCGGGATGAATAACCCTTCCCCCGCATCTGCCATGGAATTGGAGCCATACACGGAAGAACTCCGGGGCTGCCCCGTGAAGGGGAACGCCTATCCCGTGCTCGTGCTGGGCGTGGGCAACCCGCTCATGGGGGATGACGGCATAGGCGTGGAGCTTGCCCACCGTCTTCAGGAACGGGACTACGGCCCGCTGGTCCATGTGGAGGAGGGAGGCACGCTGGGAATGACCCTGCTGCCCCTGCTGGAAGACGCGGATACGGTCATCCTGCTGGACGCCGTCAAGACGGGGGCCCCGCCCGGAACCGTCGTCACGCGCAGCCGGGACGAACTCCCCCGCCATTTCTCCCGCGTCATCTCACCGCACCAGATCGGCATGAAGGAAGTGCTGGGCGCGGCCCAGCTGTGCGGAACCCTGCCGCGCATCATCACGCTGGTGGGGGTGGAGGCCGGGCATACGGACTTCTGCCAGCCCATGTCCGCGGAAGTGCGGGAGGCCGTGCCGCAGGCGCTGGACCTGGTGGAAACCCTCATCGCCCGCGCCCTGGAGGAATACCAGGCCCGGAAAGACGCGCATGCATGAAGTAGGCATCATGGAGGGGGCGCTGGACATGGCCCGGCGGCTCATGGAAAAGAACGGGGGAACCCGGCTGATGCGCGTGCACATGACCATCGGCAGCCTGAGCGGCGTGGTGCCGGAAG
NZ_CP072019.1_gap68	3032621	3034598	1977	GAAATAACGCCCCAAATGTCATAGGGGGCATAGCCGGAGTGCTTGAGGTCCGTCTCATCATTCCAGACGGCAAAAGCCGCGCCGATGAGCTGGGGATGGCCGGAAGGCAGGGTTTCATTCCCGATGCGGTTGGGAATCCAGTTATTATAAAGCCCCTTGTGGTTCCTGTCCATGCGGTAATAGTTGGCGTAGGGCACCACGTACAGGGCGCCGTCATTGGTATTGATGACGTCATAGCCCTGGTTCACGGCCTCCCAGGCCCTCATCCATCCGGTACTCCAGAGGTTCATTTGAACGCCCTTGCTCACCACGGGGGTTTTGCCGGGCTTGGTGCTCAGGCTGCCCCAGATGCGGGGCGTATAACCGCGCTTCAGGGCATGCTTCAGCACGGCGTCCGCAAAATGGCGGTAATCCTCCTTGTTGCCGTAAAACTCGTCCGCGCCCACATGCACCACCTTGCTGCCGAACACCGGGCGGCCCAGTTTGGGGTCTTTCAGCAAATACTCGTCAAATACCTTGCCCACCAGGCTGATCGTCTCCGGGTTGGCGGCGTCCAGCATCTCGCTGCGGCGCTTTTCATGGTTCATGGGTCCCTTGTAAATGAGGTCCGGGCGCAGGCGGGTGAAGGAAAGCGCGTGACCGGGAGTGTCAATCTCCGGAACGATGCTGATGCCGCGGCGTTCGGCGTAATCCACCAGATCCGCAAACTCCTTCTTGGTGTAGAAAAGGTCCTTCGCCGTAAGAGGAACGCCGTCCTTGCCCTTCATGTTGGATTCCAGGCGGAAGGCAGCATAGAGCTCCTTGAACGGATCGCGGCCCTTGTCCACATACATTTCATGGAAAATGAAGTTATTGTTGATGACCAGGTGCAGATCATTCATCTTGTACCAGGCCATGGTGCGGATCACGTCCCTGAGGTAGCTGAGGGGATAGGGCGTACGCGCAATATCAAGCATGAAGCCGCGCAGCTCATAGCGCGGGAAATCCACTGCCGTGCCGCAGGGAACGCTGCCGGGGGTCTGGCGCAGCATCTGCAGCAGCGTGCGCGTGCCCCAGAACAGCCCGGTGGGCGTAGCCGCGCCAATGCGGACGCCGTCCCTGGTCACCTGGAGCCTGTACCCCTCCTTGCCCAGGTTGCCGCCTTTCAGCAGGGAAAAGGAAATATCCGCCTTCGCGCCGGGCGGGACAAGCTTGACCTTCTTCCCCGCCACGTCTTCCAGATCAGCCGTGAATATCTGCGCCAGCTCTTTTTCCGGGCAGGCTACGGAAACCGTGTTCCCCAGCTTGTACTCGCCCTGGCCGCCCTTCCATTGCAGGATCTCCGGAATGATACGCGGCTTGGGATTGCCCTGGGCGGCGTCCGGGGCCTGCAGCATGATTTCATAATCCTTGCTGATGGCTTCCTTGCCGTCCTTGGTCACCTTGAAGCTGACGTTGACGGGGGTGTCTGAAATAACGGGGGCTATCTTTCCCTTGCTGTTAACAAGCTGCTCATAGTCGGCCCCCAGGAATTTGATCTGGGCTCCGGAGGCGCTTGGCATCGGCAGTTGTTTTGCGCCCGCTTTCACCGGAGGGATGGTGAGGGAATCCGCAATCTGCTTGGCGTCCTGCCCCATCAAGGGAGATGCGGCAAAAGCGGCGATCATCAGGAATAGGTTCTTCTTCATGTTATCGTGTCGTTTCAGGGAAAAGGAGGATCTGGTTCGTGCCAAGAACTACGCGCCCGCCGTCCTTTTCTTGCAGGGAAAGGGGAAAAAGCGGGTGAATTCTCCTTCGTTCCGCCGTCCGGGCAGGCATTCCGCCGGGCGGATTGCCGCGCGTCAGGTTTCATGAAGGAAAACCGCCGGGCCCGGGAGGACCGGCCAATCTTGTTCAGGCAAGTTATTATCTCAAACATCCCGTTCTTGGCGAGATTAAAAAACAGGCACGCTCCGGACGCGGGAAAAAGACCATGCGCCCGGAAGGTAAACGCCCTGC
NZ_CP072019.1_gap69	3091891	3094912	3021	CCCCCGGATGGAGACGCAATCCTCCGGACCGGATATCATTTGAAAGGCCGCTTCCAGTTCCCGGGTAAAATAAATTTGGTCAGCGTCTATTTTAGAAACGCAAAACAGCTGCCCTTCATAAAGACGGCGAATGAATTCCATGCCGAAATTCAAGTAGGTGTCAATTCTGTTTTCCCGGGGAAGGCTCCTCAAGTCATCCACGGAATGAGGAGGAACGACATGATGCGGATAATGAAGAAAGCTGACCCGGCATTGACAAGCGTGGCAAAGGTGATGTTCCCATTCCTTGACCAGGTCAATGCTGCGGTCATCCATATCCGCCCAGAGCACCACAACGTGGTCCAGAACGGGAGCTACGCTCAACAAACATGGGATAACTGCGTTTTCTTCATTGAGAATACGGAGAAAACCTATCCGTTTCATGTTTTCGGCCAATTTTGTTTTTTGTGATTGGCATTCCATTTTTTGATTAGGGATTTTTCATTATTGAGGGATTTTGCGAAACGCCTAGGCGGATATACGCAGATTTCTCACCTCCCCATGGTTCCCGCTTTCCGTTTCCATCATCCGGAACATTTCTTCAATCCAGGATTGAACCAATGCCGGCTTTTCCTTTACCAGATGTACGATTTTTCCGTGAACAACAGTATGATGTTCCTTGCTGCCAGCCTGATAGGCATATGTTTTCAGAAGGTAAGGAGCCAATCTGTTCGTCGCTTCTTCATCAAGAGTCCAATGTTGACTGGTACTGTAAAAAGCAAACAAACAAAGTCCGGAGGATTCCGGCTGCTGAAGCAGTTTGAGTGGATCTCCATAACGCTCCAAAAGATTTTTAAACGGTCTTTTTTTCCTTATCTGTTCATGAGATGGGGAAACTTTTATTCCCCGGTATACAGGAGACTGTCCACTTAAATCCACCGGCCATGGGCATCCCCACACGCCAATATGAAGATGCGGGAAATCCTTTTTCAATCGCTGCGCCAGAATAAGGGCTGCAAACGCATCCTTGCAAATCCCCATCAGCAGGACGGATTGAAGCCGGGGCATCTTTCGTATTCCTTTTTCAACATCACGATACATGCGTTCCAGCAGCAGCAACCCCTCCCATTGATGATACCTCATGCCGATAAAAGGACGGCTGGAATGCCGGAACACGGAGTTATAGCCGTCATACGGGTTGATGAGCAATTCCCGCGCGTATTTGTTCACTTCATTGATGGTAGAAGAATAATGATAGTCAAGGTACTGATATTTACCCTCTTCCATCCTCAGAAATTCTTCAGTCCCCCAGTTATCCCATTTAAGAACGAGTTTGTTTTCATCATGTTGAAGTATGGTTGCGTGGTCATTGCGGTGAAGCCGGCGTCCCCGTTTTTCATTCATCTGAAATTGGTCTGTCCACTGAGGATGGCTGATGAGAATGGTGTCCACAGGAAGCAAGTCCGGTGCGGGAACATTCCCCTGGGAAGAAACCGGCGGCGCCGGGGCGGAGTAATGAAATTCACCGGCGGCATCTTCCAGAATGGGAATGACTCTTCCGCTGTCAATGAGGGACTGCATGTAGGCATTTTCCGTTGGCGCATGATGCTTTGAAGAACCCGCAGCCCTCAGGTTCATATCCGTATCTCCCAAATAGTAAAGCTGGGCTTCAGGGAATAAATAGTCCGCCAGACAAAGCGCCTTGCTCAACGTGGTAAAATTGCCCGTGCTGCGGTGAACTTCCCCCGGCATGAATTTCCAGTTTTCCAGCCCTTCCCTACAAGCAAATTCATTGGAATAGCCCAATTCTTCATTGTTGAAGTAAATTTCCGGGACTCCGCGTAAAATTTCCATATGCCTTTCCTCAGGGGAAAAAGCCAGGTATCCGGCGAAGCAGGAAACAAGAACAATATCCGTCCTTTTTCCCGCCAGACCGGAATTCAAGTTATCCATTTTGCTGATTCTCATTACTTTGTCGCAAGAGTCGACAAAAGAGGAATAGTTGCGTTTCAAATCACGTTTATTTGAGACGATGCAAATGCGTTTTTTATGCCCTTCTGAAGCCAGAAAACATTGCCAGTCTTTAAATTCACCTAACCGTGACAAGGCTTTCCACTCTTCTTCCGTATCAATTTGCAGACAACAGGGAAAATCATTCGGGTAAGGGCAGGAGCCGTCATCAAACATCGTACCCGATTCCAGAAATTTTTTCCGGGTAACAACATTAATATTTCCGTCAAAAAAATAGAAAAATTTCTTGGCGTCCTGTTCCCGATGCGCCAGATGGAAATGTCCCTCCATGTGACCAATCATTTTGGTTTTGCGGGCCGTGTAGGCGGATTGAATTTTCCCTTTTTCCATGTCTTCCGCCATTTGGCGCAACAGGCCCCGACGACGGAAGGGAGAAGTCGGCTGAAGTACGGCGAATATGTCACAGGAGAAACGGGTCAATACCTGGCGTACGCAATTTTCCATTCGGCGGTCGTCCACCGTCTCCCGGAAGCACCGGATGCCTTCCCGACGGCAGCGTTCCAGAACTTCTTCACTGTCCGTACTGACAACCGGAACAAATCCTTCCTGGAGGGCATAGGAAACGGAATACAGGAACAGGGGCCTTCCATTCAACAAGCGCCTGTTTTTATCCGGACAGCGCTCCGAATGTTTTTTAGCCGGAATAATGGCCAGCTTGCGGATGAATTGGGAAGCCGTGTCCTTCCCTTCCGGACAGAACACGGGAAACGGAGTTGCCGCCAGCGATTGGGGCAGCAGAAGTTCCGCCTTTCCCGTCCATTGTTTTCCGTCATCATGACGGGACATGACGGGATAGCCGTGATGCAGACGGCAAGCCTCCGTACGCGGCCTGCCAGTCCGGCATATATTCCCGCTGCATGAAATCATGGAAAAGAATTCTGCCAGACGGTTCATATATTCTCCGATGTCCGGCTGGCCCGGTACAAAAACGGGACCGTCCATATAACTGAGGTAAAGGTCTTCATCCTGATCAAGACGAATCACATATTCAGCCAGGGCCTCCGGGGTGGA
NZ_CP072019.1_gap70	3125327	3125827	500	CTCTTGTCAACCATCCCGGCAGCCCTCTTCCGGAACCTCTCTGGGGCTTTCTGGTCCGGTGCCTGTAAGTGCTTGATTTACGGCGGCGTAATTGTTTCCTTTTCGTCACACACTCCAGTAACAAAGTAGTAATTCACTGATAATAAAATAATTATAGTGTCATTCAAAGAATATACTCAGGAGGACTAAATTATTGGAGGAAGCAAGACTAAAATATTTTTTGGTGTGGAACCCCCGTGGAACGTAGAGCCGCGGAACGATGACTCACGCTGCTTCAAAAAGATATTTTTTCCTCAGGCGCAAATCAGTACTTTGGCGCTTCCGTCGACCGGGGTGTCGAGCTGAAAGCGGATGAGTTCGCCTTCTCCATCCCGATGGACGCCACGAGCTGTCACGGCTGTGGATGAACCCCATTCCGGTTCCATCCGCGGGCGGCCTCGTAGCGAGACGGAAGGCCTCACGGCCGTTTATAACCAGCAACATCTTTTATTTCCACAACA
