gap_id	start	end	length	sequence
NZ_CP011454.1_gap1	22288	22834	546	CGTCGGCGCTGCTGGGCTACGTGGCCGGTATTGGCCCCAGCCTCGCGCAGTCCATTGTGTCGTTGCGCGACAGTAAGGGTGGCTTCAAGAGCCGCGGTGATTTGAAGGACGTGCCGCGTCTTGGCGCGAAGGCGTTTGAACAGGCCGCTGGGTTCTTGCGTGTACGCGGTGGAGTGCATCCGTTGGACGCCAGTGCCGTGCACCCGGAGCGCTATGCGCTGGTGGAGCGCATGGCGAAAGATCTTGGTGTGGCCGTGGGTGAGCTGGTGGGGAACGAGGCGCTCGTCGATCGCATTGCGCTGCAGCAATACGTGAGCGACGACGTGGGCATGCCCACGCTGCGCGACATCGTGGCGGAACTCAAGAAGCCGGGGCGCGACCCGCGTGCCGCGTTCGAGCCGCCCGCGTTCCGCGAAGACATTCAGAAGCCGAGCGACCTGCTCCCCGGGATGGTGCTGGAAGGGGTGGTGACGAACATCGTGGCGTTTGGCGTGTTCGTGGACATCGGCGTGCACCAGGATGGGCTGGTGCACGTGAGTCAGATTG
NZ_CP011454.1_gap2	203858	205874	2016	GTCTGGGTACCGCGACTGTGCTGGGTGTGCTGGAAGGCGCCATCATGTTTGTGGCGTGGTGGGCCTCGTTCCAGCTGCTGCAGTAGCGAGCCGCCGCGCCGCGTACACCCGGAGTTACCAGGTGTACGTGGCGCGTCCCAGCACGCGTCGCCCAATGACCGACGCACCAAACGCTTCGTAGCGTCGCTGATCGAGCAGGTTGGTGGCGACCAGCTGCAGTCGTACGCGCGGCGACAGCTGATGACCGGCCACTACATCAATCACCTGTCGGGCCGGGACTCGCCCGTTATAGAACCCGCTGCGCCACGCATAGCTCTCCACCAGACGTGTGGTGACGCTGGCATCGGTGCCGCCCGGCGCGCGATAGGTAAGTGTCACGTTGCCCATGTGCGTGGGCGTATTGGCCAGCAGCGTGTCGCCAACCACAAACGTGTTGCGCTGCACTGACGCGCGGAAATACGCGGCGTTGGCTTCGAGCGTCAGCCGGCTGGAGAGCGGATACCCCACGGAGAGTTCACCGCCCCACTCAGTAGCACGGCCGGCATTGCCCAGTGACAGCACATAGGCGCTGCCGCCGTTGGGCAAACGGGTGAGCCCGGGTCCCAGCACACCGAGGGCGGCGCTCTGCAACGCGCTGCGCGCGGCCTCGGGCACCGCACTGGGTGCCGTCCACGGGGCGTACAGCGGGTTGGCGCCGGCCATCAGATTCGTCACGAAATTCGTGAGGGTGCTGTAATACGCGTCGACGGTGACAAAGCCTTTACCGCCGAGCGGGCCTTTGTAGCCCAGCTCTGCGCTGCGCACCTTTTCCACCGCCAGGTTGCGATTGCCAATGGCGAGGACCGGTACCGCGGCCGAGTTGGTGAACAGGGTGCCGTTGGGCACGCCCCCCAACGCCGGGCCAAGGGGCGAGAGGCGGAGCCCCTGCTCGAGCGCGTTGAGGTCAAGCGGCGCACCCGCGGGCTGCTCAAGAAAACGCTCGACGGGGTTGGGCGTCTGGAACGCCTGATTCCAGGTGAGCCGTACCCGCTGCGATGTGGTGGGCGACCACACCAGTGCCGCCTTGGGCGACCATTGGGCCGTGTAGAGATTGCTGCCGTCGTAGCGGGCCGCGCCCAACAGCTCCCACGTGGGGGCGAGTTTGTAGCGCAGCTGTCCAAAGAGCGCGGCGTAGGAGTCGCGGCGATCGTCGTCGGCCGCGGAGAGGAAGGTGCCCTTGGAATCGATGGACACGGAGCGCAGCGAGGCACCGGCCACCCACGAGCCGCGCGTGCCGGCAAAGGGACGATTGAGCTGTCCTTCCACGTGCCAGATGTCGTCGTCGTCGAGCTGCGGCAACCCGGAGGCGAGGCTCCATTGATCGCCGGAGCGACGCCCCGAGTAGTAGGCCATGAGGTTGTACCCCTGCGCATCGAGCGCCACGCGGCCCCACGGGCGCAATGCGCTGGCAATCTGACTGCGCCCGGCACCAGTCATGAACACCTGATTGCGAATCTCCGCCGTGCCGGCTTCGGCCGTGAGCACGGCGCCATTCTCGCGATAGTAGTCGAGGCGGGCCGACCCGTACGCACTCGACATGGGGTCGGGGGTGCCGGTTGTGACGCCGGGGAGTCCCGGCGCGCCGCTCTTGGTTTGGCCAATGAGTGGGCGCACCTCGAAGCCGGGGAGGGGCGCGGCAATGGTGTAGCGCGAGGTATCAATGGCTGCCGCGTATTCGCGCGCGAGGGCGCCGGGCTGCGTGCGCGACGCATCCCAACTGTCGCTTTGGTTGTATCCCGCGTTGAGGCGCCAACCCCAGCGGCCGTTGTCACTGGCTGAGGCATGCTGCACATCGGCGCGCAGCGTGCCCAGTTCGCCACCGCCCACCGCCAGCATGGAGCCGCGCGCATCACGCGGCGCCGGCGAAATGATGTTGAGCACGCCACTGAACGCATTCGCCCCGTACAACGCCGACCCGGGCCCGCGCACAAACTCGGCGCGTCCCAGCGCCTCGAGTGGCAGCGACATGGCCGACCA
NZ_CP011454.1_gap3	376407	378980	2573	GTACGTCCACTTCTTGCCACGCAAATGCGTGTGTGGCAAGAGGCCGTGAATCATGACCGGCTCGGTAGGTTCGAGGACCGCTTCCACTGCCACGTTGTTGTTGCCGGCGGGCAAGGTGAAGGCGCCGTTGATGAAGGCGCTCATGCGCATTTCTTCCGAGGGCGCTTCGGTGGCGAACCGGAAGCCCACACTGGTGCGATCGGACATTTCATGACCGTGCGCCGTGTAGTGCATTTGGAAGGTGAGCACCGTGCCCTTGCGCACGCGAATGGCGGTGCCGGCCGGCATGTACATGGTGTTGGTACCGGGCGCGGTACCGCCAATGAGCGTGCCCAGCTGCCGCGGCGGCGGATTCTTGTCGCCGGGCTGACGCGGTGGGTCGGGGGGCGTTTCGTAGTGCGGCTGATTGACGAACAGAGGCTTGGGGCGCGCGGCCGGCGCCGCACCCGGTGCCGGTGCCGCGGTGGCGGTGGCGGCGGTGGTGACCTGCGTCTGCTGCGGCTGCGGCACCTTGGCGTACACGAGCACGTGGTGCACCACTTCGCGGGCGCCCGGCATGAACTCAATGGCCGTCACCCATTTGTCTTCGGTGAAATTCGTGGGAATTTCGAAGTACTGATAATCCACCGTACCCTTGGCGGGGACCGTGAAGTCGGTGGGCATGGTGACGATGGCGTCGGGCTTGCCAAGCTCCCAACCGGTGGTGTAGACCGGCTTGGCGGGCTGCTTTTTCAGGTCGCCCGGCTTGGCCCCGCCATCGATCCAGCGGAGAATGGTGCTCTTGTCGAGATCGGAGAGGCGGCGGTCATTGCTGAAGGTGCCGTGCGGACCCTCAGCGTGCCACGGCGGCATGTAGCCGGTTTTGACCGCGTCGCGGATATCCTTGACGTTCGCCTTGGCGCTGTCGTAGTCCATGAGCGAGAACGGCCCCAGTCCACCCTGTCGGTGGCAGCTGGTGCAATTCTCGTACAGAATGGGGGCGACGTCTTTGGCAAACGTCGGCGTGGCGTCCTGCGCCACCAGTGGTTCGCGGAACTGCAGCGATACGGCGCCAACCGTGATGGCCCCAACAAGGGCAATGGCCGGGGCACGCTGAAGAAAGCGCATGCAGGGACTCCGGTGGAATGAGGCAAGGGAAAATGCTGACCAGTACAAGCTAGGGCGAGGGGATCGAGCGGCCAGTGAAGAATGCGCCATGTCACGCGGCGCTAGATTGCGAGGAGCACGTTGGACCCAGGGTGCCGACGGCCCATTCAGCCTTTTGACCGGACATTCGATGATGCGCGTGGCAGATCAGAACGGACAGAGCGCCCAGCGGTGGGCATGCTCGTGGCGCCTGCTGGTCCTGGCGGTGGCTGGTGCGGTGAGCGTGCTGGCGATGCCGCGTGGCGTGCAGGCGCAGCCCTCGCTGGTGGTGCTCGTGCGTCATGGCGAGAAGCAGCCGGCGCCCGCTGACGATCCGTCGCTGAGTGACGCCGGTGTGGCGCGGGCGAGGGCGCTCAACGCGGCGCTGGCCGACGCCTCGCCCACCACCATCGTCGTGAGCCCGCGGAAGCGTACCGTCGAGACCGCCGCGGTGGTGCTGCAGCGCGTTGGGGTGGTGCCAACGGTGATTCCCCTCAACGGGCAGCACGTGCAAAACGTGGCTGCGGCCATTCTGCAGGCCAAAGGGGTGGTGCTGGTGGTGGGACACTCCAACACCATTCCAGCCATCGTGAACGCCATTGCCGGCACGACGCTCCCCGACCTCTGTGATGCCAGCTATGCCACCTTGTTTCTGGTGACCCCCGCCAGTGCCGGTCGCAAAGCGCAGCTGGTGAAATCGTCGTACGGCACCCCCGACACGATTGGTGCTGATCAGTGCGCTGGCATGACGCCGAAGTAACACGCGTAACTGCACTACCCGCCCCTGCGAGACGCGTCTTGTCCCAAAGGGTTTGCGATTCTGGAACGGCGCGTACATGGTGAGCAACGCTGTTCCCTATTCCCGCCAATACCCCGTGCCTCTCTCCTCTCTCCCCTCCTCCTCCCCCTCCCCGTCAACGGAATCGGCTGTCCCGACTTCCGATCGGTCCGGGCGAGATCCGTTGGGTGGGGGCCGCCGTTGGTGGCTGCTGCTGGGCGCTGGAAGCCTGGGGGTGGCGGCTCTCGTGTTGAGGACCGAGCGAGAACATGTGGCCCGCACGGCGCTGGAAAGCGGCCCGCTGCATGTGACGGTGCCCGCGGGTGCGCCAGCGCGCACGATTCCCCTGGCCGACGGTTCGCGCGTGACCCTGGCTCCGGGGAGTTCCATCGATAGCCGCGGCCCGTTTGGCGGGGCGGCGCGCACCGTGGATTTGCAGGGCGAGGCGGTGTTTACTGTCGCCACTGGTGAGGCGCCCTTTGTGGTGTATGCCTCGGGCGTTCGGGTGGAAGATGTGAGCACCGCATTCCTGGTGCGTTCGCTACCGGTGCGGGAGGGTGGGCGTACCGTGCCGGGGGTGCTGGTGGCCGTCACGCAGGGCAGTGTGCGGGTCAGTGCCCACGGATTGGCGTGGGCGGTGCCGGAGGGGCGCGGCCTCATGGTAGACAGT
NZ_CP011454.1_gap4	419394	420208	814	CAACCCCAGCCGCGGCACCAGCTCGTGCAACCGCACCAACGGCGGCACGGGACTCGGCGGATGCTCTCGCCACTTTCCGCGAGAACATTGCCGCCATTCATCAGCGTAACAAGCCGCGCTATCTCGCGACCTATGTGCATACGGAGCGCCTGGTACGCCATTCGCCCAATGCCTTGGAAACCGGATACGCCGGGTGGCCTGCCATTACCGACAGCGCGTGGCCTGATACTCTCATTGTGCGCGAGATGCGGGTGGTGCCCATAGCCCCCGGTGTGGTGTACGGCTACTACCGCTACATTGGCGTGCCGTCGCCCGGTGATACACTGACCGGGGTGTCCACGCGCGTGTTCGTGCGCACGCCGGAGGGGATGCGCATTACGGTGACGGCCTCGTGGAACGATGCCGTGCAGGCGGGGAAGAAATAGCGAAAAGCGCGTCAGGGGGCGCGTCGTTTGTCCAGTACAACGGCGCCGTCCTTCATGACCCACACGACCCGGCGTTGGCTCGTCGGCAATGAATCGGAGCCTACCATTGGCCCGTACCGCGAACTTCGCTTACACCGGCAGCAGCGGAAGAAAGACATTGAATACGGTGGATACCCCTGGTTCGGATTCCACGGAAATGTGTCCGCCGTGCCGCTGCACACCGCCATACACCATCGAGAGGCCAAGGCCGGTCCCGCGTTCCCCCTTGGTGGAGAAGAACGGCTCAAAGATCCGATTCAACTGGGATCGAGGGATGCCCACACCGGTATCGCGTACGGCGAGTCGGGCACACGGTCCTTCGGGGAGGGCGACTTGCGGCGCCGTGGAGA
NZ_CP011454.1_gap5	421876	424274	2398	GCGAATCTTGGGCGCCAGATAGCCTGGGCGGCAGATGGTCACCAGCAGTTGGCCATCCGGTGTGGTCTCGAGAAAGAATTCCGCCGGATTGTATTGAAAGAGCATGGGGAGTGCGCCCTGCTGCTTCACCAGATCCCGCGCAATCTCCGGGCGGGCCTGTAGCAGGCGGCGCAGGGCGATGGTGTAGTCCGTTTCGGCCGCGATGTTGAGTTCAAGATCGGACGCGCCATACGATCCGTACACCCGGGCAACCCCCCGTTGCTGAAAGAGGGCGCGCATGGACTCACTCATCCCTTCGCCGCCGTAAATGAAGGAAACCTGAAAGGCATGCCAGTTCACGCCGGCGCGATCGAGCAACTGCCGGAGAAACGGGGGATAGCCCATCACCACGAGATGGTGCGTCTCACCAAACTCCCTGATCGTGTGCGCGATTTTGTCGATATCCGGACCAAGGGCCTTGAGATGCCCCATGGTGGAGAGCGCCATGGTGAGGTTGATGCCCGTGGCCCACGGACCCAGCGCGAAGGCATTGATGAAAAGCAGCGGACGAGATCCCACGAGCCGGCGCGAGAGTCCCATGCGAATGGTGCGGGCATTGGCGCGACGTTCTGCGGTACCGCGGACCCACGAGGTCGGTCGCCCGCTGCTGCCCGATGATTCGTCAAAGAGCACGCCGTGCGCAGGAATAACACCATCCATACACCGCTGACCGATGGCAAAGCGCTGCACGTAGCTGCGTTTGTCGGTCATGGGAATCCCTGCGTCTGCGCGTTCGTTCACCACGGTGGCATAGGCCGGTACCCGGCGACGCGCCTGGGCAAATCGGGCCCGTACACCAGCGCGGCCAATGGCCCAGCGTAGTCGTTCAAAGCCAGGGAGGAGCAAAACAGAGCGGCAGAGACCGGAGTGGTGCAAGCCATCGATCAGAGCCGTTAGCAGACGATCAGGTACCGAAGTCATGAGAACTGCTCCGTGTCATTCAGGAAGATGGCGGATGTCGGAATCCGCAGGCTGCGTGGCGGCTGGTCGCTGTACCCCATGCGCGCGAGCAGCCACATGGTGTTGGCAGGTCTGGACGGGCCGAGCATGGAGAGAAACCGCTGATGCGCGTCCGGGTTGGTGACCACCGAACCGAACGGGTGCAGGTGCACGCCCGCTTCCGACAAGAGCAGCCAGGCGTGTGCGAAGACCCGGCCGGCCCGTACCCAATCGGCAGGCGTGACGAAGGGCCCCGACCACCAGGCGAGCGTCCGGGTGCCGCGCATGCCGTGGGTGAGCAGTCGCTTGCCCAGCGCGGCCCGTGCCCCGTGCTGCCAGGCGCGATGGTTATCGAAGAAGTCCCGCAGCAACCAGCCAGGGAAATGCATGCAGCGTGACCAGAGGCCGTCGTTGGTTGCCTGCGCCTGCTGATCGGACGGACGAATCCAGCGGCGCAGTTCCGTGCGGGCCACCTCACTGTCCATATCGGCAAAGACGGCGTCGCGATTGATGGCTATGCCAGCGCGCACCTGTGCCCGGTCATGTGTCCAGCCAAACTGATGGCCTTCCGTGGCACTGCGCCGCTGAATGGTCTCCAGCACCTCGTTGTGCACACAGCTGCCGTCGTAGGGGAGACGTGAGGTCTGTCGTTCGCAGAGGGCGCTGCGTCGGGCCCGGGCATCGAGGCGCTTGGGGAGCGGCTCGAGCGACAGCATGGCGACCAGAACGGGCGCCCGCACCGTGTAGTCGATGGGCGCATCCACAAACTCGGCCGACAGGGCATACCCCTGCGCCGCAAATGCTATGGCCAGGTGCTCGGCGAACATGGACAGCGTGACCATGGTGAACGCCGACTGCGGATCCGTATTGGGTAGCTGGCGATCGGGGTCGCAACAGAGTTCGGCCTGCCAGGCGTTGAGCAACCGGAGCCGCCACGGCTGCATGTTGTGGGGCGACGGTGTCCAACGGGCGTAGTGCAGCGCCTCGGCCCAGCGTCCGTCGTGGTCGGCGGTGGCACGTACGGCCGGGGTGGTAGGCCACACGGGCGGCTTCACCAACCGAGGTGCGCAGGCCGCCAGCGCCAACGCTGACGAGGCCGCGCCCGTTGATCGAAGGAACTCCCGTCGCTGCACGCCGCCTCCCAGGGTCTGCGCCGCCCACGAACGGCGCCGGAACTGGCGCGGCGTCGGGGCGACCTACGAGTGGCAGTATCGGGGCGCTGCGAAAGGGGACCAATACGCCGTCTGACGTAGATGTCCTTGGGGTTGTCCTGAATATTCCGTCACATTTCCCGCCTCCCGGCCACTGTGCTGCGCATTTCCTGGTGTTCTGTTGGCAGCACGTTGGTGGTGGCCTGTGCACTTTCGATCGGTACGGCCACGGGGCAGGCACAGCCGGGGCCGTCTGCTCCCGTCGCAGC
NZ_CP011454.1_gap6	450562	453001	2439	CGCTCCCGAGCGGGTCGATGGAGAGCCCGTCGCCGGCGAGTCGTTGGGCAAAGACCGGGTCGGGTACGTCCTCGAGGGGGACGATGACGCCCGAGACTGGGGCGAGCAGGGCGAGCGTCGCGCGACCAGTGATCGGCGCGAGGGTGGACTCCGGCATCAGATGGACGTGGCTGTGAGGGGTGAGGGCGGCGAGGAATCGTCGCTCCAAGTGCAGCCGCATGGAAGGGGGTTGTCGCTGGGGGGGCGCTTGACGAGATGTGCAAAAGGTATACTTTTTATACCAAAGAAGGGGGTTTTGTGGAGTTTGAGTTCGACCCGCTCAAGAGCGCCAGCAACTTCGCCAAACACGGCATCGACTTCGACGCCGCGCAGGCGCTGTGGCGTGACGACCGACTGCTCGAAGTGCAGGCGAGGACGACCGATGAACCACGGTGGCTCGTCGTGGGACGTATCGCGGGCGTCGCCTGGTCGGCGGTGGTCACGTATCGTGATCACCGTGTTCGTCTGATATCCGTGCGCCACGCGCGCGCTGAGGAGGTGGCGTTGTATGAAGGCGAAGGACTTTGACCGCAAGTTCGACCGCGAGGTCGACATCACGGACGATCTCGATCTGTCCACTGCGCGTCGCCCGACGCAAGCACCGCGTCGCGTGAACGTCGACTTTCCCGTCTGGATGATTGACTCGCTCGACCAGGAAGCTGCGAGACTCGGCGTCACGCGGCAGTCGATCATCAAGGTATGGATCGCCGAACGTCTCGAGAAGCGGGCGTCGTGAGCATCCGCAGCGGTCGCTCGTGACATTCGCGACACTGACGGCGACCCTCGCCGACCGCTACCGCCTCGACCGCGAGCTCGGTCAGGGCGGCATGGCCACGGTGTACCTCGCGCACGATCTCAAGCACGACCGCGACGTCGCTATCAAGGTGCTGCGCGACGATGTAGCGCAGTCGGTGGGGCGCGAGCGTTTTCTGCGCGAGATTCAGCTGGCCGCGCGGCTGAGTCATCCGCACATCCTGCCGCTCTACGATTCGGGCGACGCGGATGGTGCGTTGTACTACGTGATGCCCGTGGTGCAGGGGCAGTCGCTGCGCGATCGGCTCGACACGCAGCGTCAGCTCCCAATCGCCGAGGCAGTGCGCATTGCCAGCGAAGTGGCGGCGGCACTCGACCACGCGCATCGCGTGGGCATTGTGCACCGTGACATCAAGCCGGAGAACATCCTCCTGCAGAACGGCCACGCGCTCGTGGCCGACTTCGGGATTGGCAAGGCGATCAGCGACGCGCCGGGTGACACGCTCACGCAGATGGGGATGAGCGTGGGCACGCCGGCCTACATGAGTCCCGAGCAGGCCGTGGGCGAAGAGGTGGACGGCCGCAGTGATCTCTACAGCCTGGGGTGCGTGCTGTACGAGATGATCGCGGGAGAACCGCCGTTCACCGGTCCGACGATGCAGGCCGTAATTGCCAAGCGGTTCGTGCAGACGCCGGTAGAAGTCGCGGCGCTGCGTGAAGGTGTACCGGGGCCAGTGTCGCGCGCGGTGAGCCAGGCGCTCGCGCGCGTCGCCGTCGACCGTTACGAGACGGCGGCGCAGTTCAGCACGGCGATCAATGCTCCCGAAACGGTGTCGGTAAAACCAGCCGCGCCAGCCAAGTCACTAGCAATTCTGCCGTTCGAGAATCTCAGCGCCGACCCCGACAACCAGTACTTCGCCGACGGCATTGCGGACGACATTCTCGATGCGCTCGTGCCGATTGACGGCCTGCATGTCGCGGCGCGCAACTCGGCGTTCTCGTTTCGCGGCAAGCAGACGGTACTCGCTGAGATCGGCGACGCGTTGCAGGTTGCGACGGTACTGCAAGGGAGTGTGCGCAAGGCAGGCAATCGCATGCGCCTCGCGGTGCAACTGGTGTCGGTGAGCGACGGCTACCACTTGTGGTCGGAGCGCTTCGATCGCGAACTCACCGACGTGTTTGCCGTACAGGACGAAATCGCGGCAGCCATTGCGGCGAAGTTGCAGGTCACATTTGTGCCACCGACTGAGCCTTCAGGGAGGGTGACCAGCGCTCAGGTGGAGGCGTTTGAACTGATCGCAAAAGGCCGAGCGCTGACGGCGCAGCGAGGTCGAAGCTTGTTGGCAGCACGTGAGTGCCTTGAGCGCGCTATTCAGCTTGACCCGCTAAACGCAGAAGCGCATGCATCACTGGGTGCCGCACTGATGGAGTTCGTGCGCTTTGGCCTGCTCCCGGTAACGGAGGTTCGCCCGTTGGTGCAGGCAGCGCTCGCGCGCGCGCTGGAACTCGACGCCACGATGGCCGCTGCGATGGGGACGATGGGCATGGTATCCCTCTTTCTGGACCACGATCCGAGAGCTGCATTTTCCTGGTGGGAGCGCGCATTAGTATTGCAACCGCGGTTGGTTGAAGTCCGTGCGAGCTATG
NZ_CP011454.1_gap7	454290	456043	1753	TTGCGTTTTATCGCGCGGTGTTCGCCGCACGCTGAGACGCCGCGCTACGGCACCAACGACACCAAGCGGCTTCCGTTCGTGCGTACCGCACTGAAATGACGCCGGTCGGTGGTGAAGATCTCGCGCGCACCGAGTCGTTCGGCAACGGCAATGACCGTCGCATCCACGAAGCCCAACGGGACATCGATATACTCGCGCATCAGGGCCGATGCACGCATCACGTCGTCCGACTCCACCGGTTCGACAATCAGCTCGCCGTTGGCCACCGCTCGCACGAACGCCTGCTCCGCCTGCGCGCTGATGCGCGTTTGCAGCAAGTAGCACACTTCGGGTAGCACGGTGATGGGCACGCGAATGTGACGCGCCTGTGCCGTCCACCACGCGGTCACGCGCTCGTGCCACGCATCGCTGCGATCGATCAGCGCATATAAGGGCCCCGTGTCGGCAATGACCATCAGCCGTGCGGATCCTTCCAGAGCAGGGTGTCCACCTGCTCGGACGTGTCGCTCCTACCGCTGGAAAACTGACCCGCGATAGACGGCAGCGGCGACGTCGCCCCCGGGACGGCGAGGTACATCGCGACGGCCTCACGCACGAGCGACGCCGTGCTCACGCCCGTACGCTGCGCGGCCCGCTGCAGCTGGAGCATCATCTGGTCGTCAAAGAACACGGTAGTGCGCTTCATGCCATATGTATGCTGTATATGCATGACTATGTCAAACTCGCGGATGGGAACCCGTTCCTCCGGCGCCGACTTCTCGCTGTATGCATACCACGGTACGCTCCCGACTCCTTCTCCTTCTGCCAGTCCTGACGTTGGCGCTTGGCGCATCCGCCGGGCCTCGCCGCCCCGTCGCGGACCCCGTGTCCATGCCAGCGCCGGTCACGCTCTTCACTTTCGACCGCGCCGACGAAGCCAACTGGGCTGTGGTGAACGACGGGGTCATGGGTGGCCGCTCGGCGGGGTTCGTGGCTGTTGAGCAGGGCGCTTTGCGCTTCACAGGCACGCTGGTCACACAGGGGGGCGGCTTTACCTCGGTGCGGGCGCGGCGCGCCGTGGACCTCACCGGGCAGGTTGGCATCGAACTCCGCGTACGAGGCAGCGGCCGCCAGTTCGAGGTGGAGCTCGACGACGGCGAGCGCGCCTATGGCCGCACGGTCTCGCGGCGGGCGCCGTTTGCGACGTCGGCCGAATGGACGTTGGTGCGCGTGCCATTCAGTGTGCTACGAAGCACGATTTTCGGGCGGGAGGTGAACGCCCCGCCCATCAATGTGGCGCGCATCCGCGGCATGGGGTTGTACATGGCCGATGGGAAGGATGGCGCCTTTCGCCTGGAAGTGGACTACGTGCGGTCGTACGGGGCGGGTACCGAGTAGCGGTGTCGCTCCATCGTGAGCAGAGGCGCGCCATATTATCGGCAATGACCGCCTCTTCTCTGTTCACGATCCGGAAATACTTTGAGCGATAACCCGACGCCGATGCAGCGCCTGAGCGCGGCATTGTCCGACCGCTACCGTGTCGTTCGCCAGCTCGGCGAAGGCGGCATGGCCACCGTGTACCTGTGCGAGGACATCAAGCACGATCGCCAGGTGGCGCTCAAGTTGCTCAAGCCCGAACTCGCCGCCGTGCTCGGCGCCGAGCGCTTCGTGCAGGAGATCAAGACCACCGCGGCGCTGCAGCATCCGCACATATTGCCGCTCTTTGACAGCGGCGCGGCGGATGGATTCCTGTTTTACGTGATGCCGTTCATCG
NZ_CP011454.1_gap8	528547	529190	643	GGAGCGCAGCATCGAGTGTGGGGTCGGCCGGAATGGCTCCGGCCAGGCGCAGTGTGAGTCCCAGGAACTGACGGGCACCGGCGTCGATGGCGTCGTAGCAGCGAGCGGCGTCGCTGCCTTCATGCCGATTGACGAGCACGTCCACGGGAAGGGCACTGTGCCGCTGCACCACGGCCTTACACAGTGCGTAGGTCGCCGCGAGTCCTACCGGATCACTGCCGGCAGACACCGCCACGAGTCGTTCATCGGCGTGAGGCGCGATCGCGCCCAGCACCGTTTCCAAACGGGCCCCACAGTCCACCACCACAAGGTCCATTTGCTCGGCGAGGGCACTGACCCGACGCATGCACGCCTTTCGCTCCACCGCATTCATGGGTGTGGAAGACGTGTCACCAGCGAGTCTTGGCGCACCGCCGGCAACCAACGTGAGCGTCGCGCTCACGGGGGTGGCGACATCCTGCGACGTGGCGCGACCGCCACGCAAATCCGTCCAGCTGGCCCGTGGCACGACGCCAAGGGTCAGGGCCAACGGTCCTACAAAATCATCGGCGTCCACCAGCAACACGCGCTTACCTTCACCGGCCGCGCTCACGGCCAGTAACGCTGACAGCAACGTGGTCCCCGACCCGCCGCGTCCGCTGGC
NZ_CP011454.1_gap9	531004	535700	4696	TCACGTATTCGTTGGCCGGCAAACGGATGTCGTCGCGAATGCGAATGGGCGGTACCAGAATGCCCAACTCCAGCGCAGCCTGTTTGCGCAACAGTGAGATGCGCTCCAGCAGATCGCCGCCCTGACCTTCATCCACGAGCGGAATGAGCGCGTAGCCCACTTCCAGTTCGATGGGATCGATCTGCAGCAGATCATGCATGGGATCGGGGGCGGCTGGCGCTTCCGTGATTTCGCCGGTGGTCGGCGTCATCACGAGCGACAGCGCTTCACGTTCCTTCACTTTCTTTTCCGACACCTTGGCCAGCGTCGCCGCACCGGCGGCCATGGCGAGGAACGGAAACATGGGCAGGCCAGGGATGAGCGAGAACGCCAACAGCACACCGGCCACCATCCACATGGCGCGTGGCTGCGATCCCAGCTGCGTGCTGAGCGCGGACCCCATCTTCTCACTGCTCGTGGCCGCGGTGACCATGAGACCGGCCGCCGTGGAGATGATGAGCGCCGGCACCTGCGACACCAGGCCATCACCCACGGTGAGGAGGGTGTACGTGCTGGCCGCCTTGCCGATGTCCATGCCACGCTGGATGACACCGATGAAGATGCCACCCACGATGTTCACGATCACCACGAGGATGCCGAGAATCGCGTCGCCCTTCACATACTTGGAGGCGCCGTCCATCGCGCCATAGAAGTCGGCGGTGCGGGCAATTTCGTCACGACGGATGCGCGCATCCTTTTCGTCGATCAGGCCGGCCGACAGATCGGCGTCAATGGCCATCTGCTTGCCGGGCATCGCATCGAGGGTGAAGCGCGCCGCCACTTCGGCAATACGCCCGGCACCCTTGGTGATGACGATGAAGTTGATGCCGATCAGAATGAGAAAGATGACAATACCGACGGCGTAGTTGCCGCCGATAACGAACTGCCCAAACGACTCGATGACCTTACCCGCGTGCGCTTCCGTGAGAATGAGGCGCGTGGACGAGACGTTGAGCCCAATGCGGAAGAGCGTCAGCAGCAGCAGCAACGCCGGGAAGCTGCTGAAGTCCAGCGGATTGGTGGTTTGTAGCGCCACCAGCAGGACGACCAACGACGAGCCGATGGATGCTGCGAGAAACAGATCGAGGAGCGTAGGCGGCAACGGCACGATGATCAGCGCCAGGATCGTGACGACGACCAGCGCGAGGGCGAACTCGGCGACCTTGCCCTTGAGGGCGACCGGGGCGGGCAGGGCGGAGGTGGTCATGCGGCCACCGTGCCGCGCCACTTGCTGCCAAACCGTTCACGCTGGCGCATGACGAAGGCCAGCACTTCGGCAACGGCGAGGTACATCTCCACCGGAATCATGGTTCCCACTTTGGCGACTTTGATCATGGCGCGGGCGAGGGGCTTGTTCTCGATCACGGGGACCCCGTGCTGAAACGCGAGCTCCTTGATGCGCTGGGCGATTTTACGTTCGCCCAGCGCGACGATGTACGGCGCCGGCGCGACGGCCGGGTCGTACTTGATGGCGATGGCGATGTGCACCGGGTTTACCACGACGACGTCGGCGGTTTTCACGGCGGAGAACATGGCGCGGCGGATACGCTCGCGAGCGAGGGCCCGACGGCGCCCTTTCACTTCGGCATTGCCTTCCTGCGCCTTGCCCTCTTCCTTCACTTCCTGCTTGGTCATCTTCAGGTCTTCATTGGTCTTCCAGCGCATCCAGCCGTAGTCGGCGAGCGCGAGGACCAGGAACATCATGCCCGCGTTCTTCATGAGCGCGTATCCGTACTTCTGCATGAGCTCCATGAGCGACATGGGCGAGGTGTTGAGCGCCAGCCCCTGAATGTCAGGCCACGCCTCGGAGAGCGTGGCGTATACGGCGTAGCTCACGATGGTCATCTTGAGCAGCGCCTTGGCCATCTCGATCCACCCCTGCGTACCGATCAGGCGGCCCACGTTGCTGAGGGGATTGAGACGGCTGAACTTGGGTTCGAGTGTCTTCGTGGTGATCAGACCACCGGTCTGCATGGCCTGTACGCCAATGGCGATCACGGCGAGTGATGCCATGGCGCCAACGGTCGCCACGATCACACGGAAGCTCATGACCTGCAGGTAGGTGATGAGCCCCGGGCCATCGTGCGAGGCGTCACCGGCCTGCGACAGCGTGCCGCCCATGGTATCCATGAGGAAGCGCCAGAGCGGTGGCCAGGCGAACGAGAACACCATGAGGGAGCCGAGCAGGAACGCGGCGGTGACGAACTCGGGGCTCTTCGCGATCTGTCCTTTCTCGCGGGCGTCCTCGAGTTTTTTACCAGTAGGTTCCTCTGTTTTTTCGCCGGAGTCGTTGTCGGCCATGGTTAGCGCCTCCCCGCCAGCTCAGGGGCCAACTGCGCCGCCCGAACAAAAGAGTCTACGGTGAGGCCATAACCGGTGGTCCATTCACCCAGCGCCTGCACAACCAGTCCGAGCGAGCCGGCAAAGGTGAGCAGACCAATGCCGATTTGCAGCGGAAAGGCCAGGCTCATGACCTGCAGCTGCGGCGCCGCGCGACCGAGGACGGCCAGCGCGAGGTTGGTGAGCAGGACTGCGGCAATGACGGGCGCCGCGAACTGCATGCCGCTGGCAAAGATCGTGGTGCCCGCTTTGACCAACTGCAGGAAGCCCTGGTCGAGGGCGAGCGGGGCGCCCAGCGGCATGACCGCGAAGCTGCGCGACACGGCCTGCAACATGAGGATGTGCCCGCCGGCAATGAGCAGCAGGGTGATCGTGAGCAGCTGCATGAACGACGCGAGCAACGCACCCTGCGTGTTGTTCACCGGATCGAAGATCGCGGCGCCGGAGAGGCCGATGGTGTTGGTGGCCAGTTCGCCGGCGAATTCCGCGCCGGCCACCACCACGGCGGCGGCGAAGCCCAGGGCGAACCCGACCGCGGTTTCGGTGAGGAACGTGGCCGGCGTAATGGCGAGCTGCGCGCGGTTGGCGGTTTCCAGCGCGCTGGGGAGCAGCATGACGGAGAAGATCACGAGCAGCGCGGTACGCAGCCGCATCGGGACCGACTTGGCCGACCAGGCGGGCGCCACGAGCAACAGTCCGCCCACCCGCAACGCCGTCAGCACGAGGGCTGTGGCGACACCGGGAGCGAAGAAGTCGGGGAGACCGAAAATCGGCGAGTTCACTGGAGCGAGCCGGGAGGAGAGGGTTCGCTCAGGCGACCATCGCGGGAATGCCGCGAATGATCTGAGTGGTGAACTTGATGAGGATCTGCAGCAGCCAGGGGAGCCCGACGATGAAAGCCCCGCCCACGAGCACGAGCTTGGGGACGAAGACGAGCGTCTGTTCCTGGATCTGCGTGACCGACTGGATGATCGCGATGACCAGCCCGACGCCCAGTGCAATGAGCAACAGGGGCGCGGCGATCATGAGGGCGGTCATGATCGCGTCGCGGGAGAGGTCGATGACGAGCTGATGGGTCACGGTGTGTGGCTTCAGGAAATGGAGAGTGCTGCCGACACCGGAAAAAGCAGGGTTGGTGCCAGAATGCCCCAGTTCGCCGAATATCTTGTAAGTCATTCATTGATAGGTGCTTACGTGCTGCTGTGCAGCGCTGGCGCACCAGTCGTCTGAGGGTCGGCATCGGCAAAGATTGCCGAGTGCATCGATGCGACCCGTATCACCAAAAGTGCGGGCGGCAAATGCTGCATGGTAGGTCAGTTTGACCGATAGGAAGTTCTTGCACGCCATCGGTGGGGGTAATGCGAAACGGGCCGCCCGGAGCAATCGCCCCGTTCGGCCCGCGTTCGTTGTCGGTGACAGATCCCCCCGGACAGCCACCAACTCCCACAGCCTACGTCCAACGTCCATCGTCCAACGTCCTGCGCCCTGCGCCCTGCATCCTGCGTCCTGTCTCTACTTGAAGCTCTGTACCAGGCTGGTGATGGTCAGACTCCACCCATCCACGAGCACGAACAGCAGAAGTTTGAAGGGAAGCGAAATCATCGCCGGTGGCAGCATGAACATGCCCATGCTCATCAGCACACTCGCCACCACGGCGTCGATGATGATGAAGGGCAGGTAGATCGCGAAGCCAATCTGAAAGGCGGTGCGCAGCTCACTGGCCACGAAGGCCGACATGAGGACATGCAGCGGCACATCGTCCACGGTGGCGGGGCGCGGCATGCGACTGAGTTCCACGAACGTCTTCACGTCCGACTCGCGTGTCTGGCGCAACATGAATTCGCGCATGGGCTTCACGCCTTCTTTCATCATCTCCACCTGACTCATCTTGCCGTCGAGCCAGGGGGTAATGGCGGTGCGATTCATTTCGCTCAAGGTGGGTCCCATGACGAACCCGGTAAGCAACAGCGCCATGGCGGCCAGCAGCTGACCAGGTGGGGCGCTTTGGGTACCCATGGCCTGCTTGAGAAACTGCAGCACAATCAGGATGCGGGTGAATCCCGTCATCATGAGAATGAGCGTGGGGAGGAGCGTGAGCAGCCCCATCATCACCACAATGCCCACGGTGCCGTTGAGTCGGAGGCCGCCGTCCTCGCCGTTGCCGCCGAGCTTCACATCCATCTGCGGCATCATGCGCATGATGGCGTCGTCGGCGGCGATGGGGGCGGGCGATGCGGCCTGCGCGGTACGCTTGGGGTCCTGCGCGGAGTCCACCACCATGGCGTTGGTGGGGCGCCGGGCGGCCGCGGCCTGCGCG
NZ_CP011454.1_gap10	650119	653041	2922	GAAGCCAAGCGCCGTCAGGACATGATCCGCGCCGGGACGTACACCAACGCCCGCCTCTTCAAGCAGGCGTCGTCGCCCTATCGCATCCTGATGCCGATTCCGCAGAACCAGATCGAAACCAACCCCCTGCTCAAGCAGAACCCCGGCTACTAAGCTGGTGGGGTAGGTTCACGGTAGTGACCACGGCCTGCGTTCGCCTTCGAACGCAGGCCGTGGCATTCGTGGCAGTTTCCCCCTCGAGATGTGAATTCGCTCATGCTGCGCCTGTTGTTGGCGCTATCGGTCCTGGCGGTTGTTGGTTGCGGTGAGTCCACCGCGCGCCGCGCCGAGGCGCCCCCGGTTGACTCCACGTTGTTCACGCAGATGCCCTCCGCGTACACGGGGGTCCGATTTACCAATCGCGTGGTGGACTCGCAGGAACGCAATGTCTTCACCTACCGCAATTTCTATAACGGCGGTGGAGTCGCCATTGGCGACCTGACGGGTGATGGTCTTCCGGAAGTCATCCTGACGTCCAATCAGGAAGGGCCCTCGCTGTATCTCAACGAAGGCCAGTTCCGCTTTCGTGACATCACCGACGCATCGGATTTTGACGATGCGCAACCCTGGACCACTGGGGTTACCCTCGCCGACGTGAACGGCGACGGCAAGCTGGACATTTATGTGAGTCATGCCGGTGACGGTGAACCGGCGACCCGCGCCAATACCCTCTGGATCAACCAGGGGCTGAACGCCGATTCGGTGCCAACCTTCAAGGAAATGGCCCGCCAGTTCGGCATCGCCGACGAGGGCTGGTCTACCCACTCGGCGTTCTTTGACTACGACCGGGACGGCGATCTCGATCTGTTGGTCATCAATAATTCGCCCCGTCCGGTGAACAGCTTCGGCCTGCGCAACACGCGCGACGAACGGCATCCGTATGGCGGCCACCACTTCTATCGCAACGATGGGGAGCGCTTCACGGAGGTCAGTGAGGCAGCTGGACTCTTCAGTGCCGAGATCGCCTTCGGACTCGGTGTCGGTGTTGGCGATGTCAATCGCGACGGCTGGCCCGACGTCTACGTGTCGAATGACTTCTTCGAGCGCGATTATCTGTACCTCAATCAGCAGAATGGCACGTTCAAAGAAGTGCTTGACCAGGTCATGCCGGTCTCGAGCTACTTCTCCATGGGTATGGATATCGGCGATGTGGACAACGACGGGTGGCCCGACCTGTACACCACCGATATGATGCCGGAGGATGAATTCCGCATCAAGACCACCGCGATGTACGAAGGGTGGGATGTGTACATGGCCAAGGTCCGTGACGGGTACCATCACCAGCTCATGCGCAACATGCTGCAGCGCAACAATGGCGATGGCACCTTCAGCGATGTGGGGTATCTCACCCGGACGGCCGAGACCGACTGGAGCTGGAGCGCCCTCATTGCCGATCTCGATCTTGATGGGCGCAAGGACGTCTACGTCACGAATGGGCTCGCGCGCGATGTCACGTCGCAGGATTATGTGGCGTTCCTGGCTGATCGCACCACGATGGAGCGCGAGGCCAGCGGTCCGCGGGTGGACTTCATGCGCCTCATCAATGCCATGAGTTCCACCCCGATTGCCGATTACGCGTTCCGCAATGACGGCAACTGGACCTTCAGCAATCAGGCTGCCACGTGGGGGCTGGCCGCGCCCAATATCTCCAGCGGAGCCGCGTACGGCGATCTCGATGGCGATGGCGCCCTCGACCTGATCGTGAACAACGTGAACGCCGAGAGCTTTGTCTATCGCAACAATGCGCGCACGTTGCTCAAGGACCGGCATTGGTTGCAGGTGCGTCTTGCGGGCGAGGGCAAGAATCCCTATGCAGTGGGCGCGCGCGTCACGGTGCACGCCGGACCGGATCTCTACATGCAGGAGCTCTATCCGGCCCGTGGGTTCCAGTCGAGTGTCGATTACGCCCTGACCTTCGGACTCGGAAACCATACCACGGCAGACTCGGTGGTCATTCTCTGGCCGAACGGTACGCGGAGTGCTGCCACCGTGACCGCCATCGATACGGCCATCACCATTGCGCAGCGCGGTGCGGCCGATCGCAGCCCGCCGTACGTGGCGCCCGCGGTCAGTCCACTGCTCGTGAACGTCACGGCGACCTCCGGTCTGGCGTTCACGCACGCCGAGAACGACTACGTGGATTTCGACCGGGAGCGCCTGATCCCGCGCATGCTATCCACCGAAGGGCCGGCACTGGCAGTGGGTGACGTGAATGGCGACGGCCTCGACGATGTGTACGTGGGGGGGGCCAAAGAACAGCCGGGTGCGCTGTTTGTGCAGTCGGGCAACGGGACGTTTACTGCGGTTTCCAACGCTGCCTTCGTGAGCGATGCCGCCTCGGAAGATGTACATGCGCTCTTCTTTGATGCCGACCGCGACGGCGATCGGGATCTCTATGTGGTAAGCGGCGGGAACGAGTTCAGCGAGGACAGCCCGGCTTTGCAGGATCGTCTGTATCTGAACGATGGTCGTGGACGCTTCACACGCGCGGAGGCGGCCTTGCCGGCTGCGCTCATCAGTGGCAGCGTCGTGGCTGCCGCTGACGTGGACGCCGATGGTGATCAGGATCTGTTCGTGGGCGGCCGCAGTGTGCCGTGGCGCTATGGCGCCGACCCCAGAAGCCAACTGCTGCTCAACGATGGGCGTGGCCGCTTCACTGACGTAACGGCCAACGCGCCCGGGCTTCAGAACATTGGCATGGTGACCGATGCGCTGTGGCACGATGTGGATGGCGACCGGAAGCTCGACCTCGTGGTCGTCGGCGAGTGGATGCCTGTGGTGGTGTATCGCAGCACCGGCAGCGCCCGATTTGAGCGACTCCTGGCGCCCGGGCTCGAAAACAGTGAAGGCTGGTGGAATCGAATCATTGCCGCCGATCTCAAC
NZ_CP011454.1_gap11	672848	676904	4056	ACCTTCACCCCACCATACTCGGCGGCCTCGGGCTGCAGCCCCACCGCGCGCAATTCGTAGCCGCTGCGCGTGCGGAACAGATACCACCACGCCACCAGCGCTGCGGCCACCGCAAACACGATGGTGAAGTTCACTGCACTGCCCCGGAACATGGCAAAGGCATCGGCCAGTCGCGGCACATTGCCCGCGGCAATGTCGGGCGTGCGCAAAGTCTCCGGCAGGTGGAGCTTGGCCGACACAATCCAGTTCAGCAGCGCGAGCACAATGAAGTTCAGCATGATGGTCACGATCACTTCACTCGCGCCGAAGCGGGCGCGCAGCGCACCAGGCACCGCCCCGACCGCGCCCCCCACGAACATGGCGCTCAGCAGGCACAGCGGCACCGCAATCACCGCGGGTAGCGACGCCGGGAGCAGCAGCCCGGTGACCGCCGCACCGAAACCACCTGCGGCCAGTTGCCCTTCCGCGCCTACGTTGAACAAGCCGGCGCGCCCCGCCAACGCAAAGGCCAGACCGGTGCAGGTGAGCGTGGTGGCTTTGTACAACACCTGTCCAATACCGTACGCGTTCCCCCACGTGCCTTTCACCAGCAGTGCCCACACCGCGCCCGGGGATTCGCCGAACGACAGGATGAGCAGATCGCCCAGCACCGCGGCCAACCCCATCGCCACGACCGGCGGCAATACGGCTTCCAGCAGGCGTGTCCGGGTCATCGACACCGTTGTGGCGGTCGCACTCATGCGGCCGCTCCGGTCATGTAGGGCCCGAGCAGTTCGGCCGAACAGTCGGCGGCTGGCAGGATCGTGACGAATCGGCCACCGTACATCACGGCAATCCGATCGGACAGCGCAAGCACCTCCGGCAAGTCAGCACTCACCAGCAGAATGCCTTTGCCCGCATTGCGTGCCGCCCGCAGCTGCTCGTGAATGAACTCGATGGCACCCACATCCACGCCACGTGTCGGTTGCGCGGCCAGCAACACGGTGAACTCGCGTCCCATCTCCCGGGCAATCACGATCTTCTGTTGATTGCCCCCGGACAGCGCCCGTGCCGGCACGTGGGCTATGGGAGGGCGGATGTCAAAACGCTGAATCTGTTCGGCGGCATTGGCCGCTATCCGCGACCGATCGAGGCCCGTGCGTGTGGCGAAGTGGTGCTGCCGGCCGAGGATGAGGTTGTCGGCAATGGAGTAGTCCAGCACCAGCCCGCGACGATGGCGGTCTTCAGGAATGTGCGATAGCCCGTAATCGGCCCGGTCGCGCACCGACAGCCCGTGGCAATCGTGCGTGCCGAGCTGAATGCGGCCACTCTGCCATGTTCGCAAGCCGGCAATCGCCTCCAGCAATTCGGTCTGACCGTTCCCTTCCACGCCGGCAATCCCCACGATCTCCCCGGGGTGGATCTCCAGGGAGAGATCATTCACCGCGACGGTCCCGCGATCAGACATTACGCGCAGACCGTGTACTCGCAGCGCCGGCGCAGCGCCCGCCGTGGTGGCGGCTGCCCCGTGCGCCGTGCCGTGTCGCACCGCCCCCATGGCATCGAGATGCAGATTGACATCGCGACCCACCATGGCGCGGGCAATATCGCGTGGCGTAGTGCCCTGCGTGGCAAGCTGCGAGACCGTCGCGCCGGCTCGCATGACGGTGATGTTGTCCGACACCGCAATGACTTCGTCGAGCTTGTGCGTGATCAGCACGACCGTACCGCCATCCGCGCGCAAGGCGCGCAGCACCGTCCACAACTCCTGCACTTCCGGCGGTGACAGCACGGCCGTGGGCTCGTCGAGAATGAGCACCTTGGCCCCGCGATACAGCGCTTTGAGAATCTCCACCCGCTGCGCTTCGCCAACGGTGAGATCGGCAATGCGGGCCCGCGGATCCACATGCAGTCCGCAACGCTTGCACAACGATTCCACTTCCAGCACGGCGCGGTGCAGATCAATCGTCATGCCCTTGGTAGGCTCCGACCCCAGCACCACATTCTCTGCCACCGTCAGGGTGGGCACGAGCATGAAGTGCTGGTGCACCATGCCGACTCCGGCCGCAATTGCCTCGGTGGTCTTCCAGCCGGTCACTTCACGGCCATGTACTTCCACCGTCCCGCCATCAGGGGCGTAGAGGCCGGCCAGCACGCGCATCAGAGTACTCTTGCCGGCGCCATTCTCGCCAACGAGCGCATGGATCTCGCCCTGGTGTACTTCCAGCGAGGCGTCCCGATTGGCCACCACGCCGCCAAAGGTCTTCACCACGCCCCGCATGCGAATGGCCGGCGCCCGTGATGCCTCAGCGCTCATCACTTCTGCTCCCGCGTGGACGGCACGGCAATGCGTCCTGCCACGATATCGGCCGTCAAGGCATCCAGTCGTGCCCGTACCGCGACGGGAATGAGCGCCTTGTTGTTGTCGTCGTAGATATACCCCACGCCGTTCTCCGCCAGACCGAACTGCTGGACTCCGCCGGTGAACTGCTGGTCCTTCACGGCCCGCACGGCGGCCAGCACCGACGCATCGATGCCTTTCACCATGCTCGTGAGCACGTAGCCGGGGGCTTCGTTGAACTGATCCGCGTCTACGCCAATCGCCAGCTTGCCGGTGGTGCGGGCGGCTTCAAACACGCCAAGGCCGGTTGAACCGGACGCGTGAAAAATCACGTTGACACCCTGATTGTACATCGCCAGCGCCATCTCCTTGCCGCGCCCGGGATTCCGAAACGCTTCGGGGGTGACCCCGGCGTAGTTCGCAATGACGTCGCACTCCGGGCACACATGTTTGACGCCCGCCCGGTACCCCGCCTCAAACTTGTGAATGAGGGCGATGTCCATGCCGCCCACAAATCCCACCTTTTTGCTCTTGCCGACCAGCGCGGCCAGGGCGCCCACCAGAAACGACCCTTCTTCCTCGCGGAACTTGAGCGCCCGGAGGTTGGACGGGAGCGGCAGCGGATTGCCCACGCTGTCCGATGGCACGGACATATCCACGTTGGCGAAGCGCACATTCGGATATTCCTTGGCCAACGCCAGCACATCATCGGTAAAGATGAAGCCCACGCCGATGACCAGGTCCATCCCTTCGGCGGCCAGCAAGCGCAGGCCGGCTTCCCGGTCGGAGCCTTCGCCCGGTTCGATGTACGTAACGCGCGCGCCAAGCTCACGCTGTGCGCGCTCGCCCCCGAGATAAGCGCCGTCGTTGAATGACTTGTCCCCACGACCGCCGACATCGAAGACGATGCCGACATCGAGGCCGTCGGTGGTGTCCGCAACGGTGGCACCAGACGGGCGGACCGTGAGGAGGGCGAAATGGGCGAGGAAGAGCGCCCCGATCAGATAGAGGGTGCGGCGCATGGCCACGAAGGTTCGCCGTCTGGGCCCCGGACGGGAAGGGCCCAAAACGAAACGGCGGCCCCAGGAGTTTCTCCCGGGGCCGCCGTTGTCCGTTCCCTGCTTCCAACGCCCTGCCTGCTGCTCCCTCTTGGTAGCTACTTGATCGCCTTATACCGGTACGCGTAGATCTTCGCGCCCGTCGCCTTGATCTCCACGTTCTTGCGATCGCCCTTTTTGAGCGCGCCTGACTCCGCCGTGCCCGTGGCCACGACCGCTCCCGCTTCATCGAGAAATTCAGCGGTCACGTTGTACGACCCCGTGGCTGCAACCTGCTCCAGCGCCAGCGTCAGCGTGGCTTCGTTGGCGCCCCGGGAGAAACCGGCGACTTCCACCTTGACCGGCAGATTCTCGGCGAGCGTCTGGTACTTCACCAGCGAGTCCGTCCACGCCTTCTTCTCCGCCGGCAGCTTGGCCGCCTTGGCGAGCCCCTGCGACGCGTAGGCGAACATCATCCACCCATCGTAGTTGTTCGGGTCAAGCGCCACCAGCTTCGCGCTGGGAGCCCACATCTCCTTGAAGCGATCCTTGCCATAGTACGACGCGGCCACGTTACGCAGGCCGTCGCGGCTGTTCGGATTCTTCTGCACCGACAGCTCAAACAGCTTGAGCGCATCGTCGGCCTTGTTCGCGCGCGTGGCCACCACACCACCAACGGCCAGCACGATGTCGCTCTGC
NZ_CP011454.1_gap12	718742	720518	1776	GAGCAGCGCCACCTCCACCTCGGTGAACAGGGCCAGCGTCCCTTCGCTCCCCACCAGCACATCCACCAGATGCCCGCCGGGCGACAGCGCCGCCGCCAACCCGTACCCCGACGATTCCTTGCGCACCCCCGCGTGCCGAAGCTGCGCCAGCGGCACCCCGCGCCCAATCTCCTCCATCGCCTGCACCAGCCGACGCACCGCTGGCAGCGCGGTTGGGAGCGGCCGCTCGCGGTGAATCCACGCGTCGGTGCCGTCGTCAAATACACAGCGCACCCCCAGCACCCACGGGCGGGTGGCTCCAAAGCGCAGCGTGCGCGCCCCCGCCGCATTGGCCCCCACCATGCCGCCCAGCGTGCAGAACGCCCCGCTGGAAGGGTCCACCGGAAAGCGGAGCCCCACGGCGCGCGCCGCCGCATCCAGCGCGCCACGCAACACCCCCGTACCGGCCACCACCCGCCGAGCCTCGAGCTGCACCGGTCCCAGGCCGTTGAGTCGCGACAGATCTACCACGACACCCGGACCCACCGCGCCCGCCGCCATCCCGCTCCCGGAGCCGCGCGGAATGAGCGCCGCCCCCGTGCGCTTGGCCCACCGCGCCAACGCCGCCACATCCTCCGTACTCGCCGGTACCGCCACCGCCGCCGGCAGACAGCGCGCGATACCCGCCCCTTCGGCGTACAACGCCCGCGCCATCAGGTCGGTACGGAAGACGCCACCAAAGTCGGTCGGCCGATCGGCCGCATGCAAGGCAGAGAAATCAGTCACTCGCGCAACCTCTCGCCGCCCACGAGTCGCGGCAAGGTCCCTGGTCGATTGCCCGTCCAACTCCGTCAATCACAAGCATTCTCATCCGTGAGTCCGAACTCGGTGACGCAATCGCCCTCCTCGCGTATCTTCTCCGGTATGAGCCTGCCTGCCCCCGTTTACGACGCCCTGTCCCGCCGCGACGCGGCGCGCTTCTGCGAGGCGATCCTGCCCGCCGTCTCGCGCACCTTCGCCTTGGGCATCAAGGTGCTGCCGGGTGATTTGGGGCAGGCCGTGCTCGACGCGTATCTGCTCTGCCGCATTGCCGATACCGTGGAAGACGCCCCCGGCATTGATCCGCAGGTGAAAGCGGCGCTCTTCGACGATTTTCTCGCCGCGTTCGACGATCCCACCGCGCTGGCCCGCTTCAACGAGGGCGTGCAATTGCTCACGGGCGACGAGGCGCATCTCACCCTCACGCAAAACACGCCGCTGGTCTTTGCGCACTTTCAGCAGCTGCCGCCCAATACGCAGGCGCTGGTGAGAAAGTGGGTGGCCGAGATGGCGGTGGGGATGCGCAAGTTCGTGCTGCTGTACCCCAATGGCATCCGCATTCAGACCATCGACGAGTACAAGGAGTACTGCTACTACGTCGCCGGCACTGTGGGGTACATGCTCACCGATCTGTGGCACGAGCATTCGCCCAGTATTGGCTCCAAGCGCTACGAAATTTTGCGCGAGCGGTGCCGTGCCTTTGCCGAAGCGTTGCAAACGGTGAACATCCTCAAGGATGTGGCCATCGATGCGGAGAAGGAGAACTCGGTGTACGTGCCCGAAGAGCTCCTGCGCGCGCACGGCAGCTCACAGAGCAGCATTCTGGCCCCCGAGCTCATCGCCAGAAACCGCGAAGCGCTCTCGCAGCTCATCAAGCTGGCCTGGCATGATCTCGAAGAAGCGCTGGTGTATCTGCTCGACATTCCGCGGCGCGCCGTGAGCATCCGCCTCTTCTGCATTCTGCCGCTGCTCCTGGCC
NZ_CP011454.1_gap13	831647	833371	1724	GGATCTGTCAGTTTCGGCGCGTCGCACGGTGGAACAAAAACTTCGGGGGGCCATCTACGGGTTCTTTGAGCCGCCGGTTATTGGCGGCAAGATTGCCTTATATGGTGTGCATGGGGGTGCCGAGTGGTTTGGCGGTGCGGTGGACCCCACAAAGGCCATTCTCTATGTACCGTCCAACGAATTGCCATGGGTGATAAGGACGCAGTACACCGACATCAAGGCCACGGCCACCACCGGCGCCGATCTGCCCGGGCACGATGTGTACAACCGCATGTGTGCCCAATGTCATGGTGTCTCGCGTCGTGGCTCCTTTGAATGGGAGGGCGCGGGCGATGCGTACCTGCCGGCATTGTCAGGCATTACGGCGTTACGACGCCGGGAGCAGTTGGAGTCGCAGGCATACTTTCGTGAACAGCACGCCGGTACCACGGTGTCAATCGTACCAACAGGGCCGCAGTTGCAAACACTGTATGCGTACTTTTCCGCGCTGGACAAGCGGAGTGATGCACAGCGCTCCTTTGCCCTGAGTGCCTTCTGGCAGTTGGTTCTCGACGAGCGGGGAAACCCTGGAGGCAAGGCTCCCTGGGGCTTGCTCACCGCTCTCGATCTGAACACCGGGAAAAAGATCTGGCAGGTACCCTTTGGGCAGCTGAATGGCTTGCGTTCAAACGGCACGTCGGTTCTTGGACTACAGAACATGGGTGGAGTGGCCGTGACGGCGGGCGGCTTGCTCTTTGCTACTGGCACAACGGACAACAAGGTGCGCGCATACGCCGCCGCAGACGGGCGGGAACTTTGGTCCTACCAGCTGCCCGCCGCGGGGTCTACCATACCGACGGTCTATTCGGTCAACGGAACACAGTATCTGGTCGTGGTCGCAACGGGAGGCGTGTTTCGCGGATTCTCTGGGCGTTCTGATCGCGTGATAGCCTTCAAGCTTCTGAGCTCCCGCCGTTAGCTGCGCATTACTCAGTTGCGAGTGCTGCCAAACGTTCGTGCCAAACCCTCATTGGCTCCCACTCGGGGCGTCCAGTTCAGGAGGCGCTGCGCCAAGCTGACGTCAACGGGATGCAGTGGACGTAGCGCGCGGACCCGATAACGAGAGAGAGGAAGCGAGCGTTTGGCGATCTTTGACAGCACATCAACCATACCTCCCACAGCCAGCAAGACCCACTCCGGTACACGGCGGATCTTGGCAGTTCCGAGAAATGGTCGGGCAGCGGCAAGAAACTGATTCTGATCTACCTTCGCGGGATCGATGATGTTGATGGCGTGGCCAACAGCCGCATCAGCGGTTGCTGCGCTCAGTAAGGCGTCCACTACATCATCCACGTAAACAAGGGGAAGGGCACGACCGCCGTTTCCGGAAATCACCAGGTTGCTGCCAAGTCTGATGACGCCATTGGGTGTCGTACCTTCGGTGCCAGGGCCGAAAATTTGTCCGGGTCGAATGACGACGACCTTCAGTCCACGCTCCCTAGCGGCATCAAGCACGATCTTTTCCGCTTCCAGTTTGGCACCGCTGTATACGCCCCGTAGATCCGGGCGTGGTTCAAACGCAGAGTTTTCCGTGACGGGAACCTTCTGGTCACGTCCCGCGTGATCGAAAATTCCGCACGAACTGACATAGACCAAACGTTCTACACCGTGGCGTATGCAGGCGTCCACCACGTTCTGCGTTCCGATAACGGTGCCAGCCTGAAACTCGAGCGCTCCCCCCTTCA
NZ_CP011454.1_gap14	892202	893690	1488	GGGGCAAGCCATGGCCACGACCGGCGTGCGCTGGGTCTCGCGCGATCCCACGCGTGCCACGGTCGCCGCCGACGGTCGCATTACCGGCGCGCAGCCGGGGCGCACGTTTGTGGTGGCGCAGGCCAGCCGCAACGCCGGCATTGCCGATTCGGTGCTGGTGTTTGTGCCCAGGAGTGGGACTGGCCCCATCGTGCGCGCCACGCTGCCCAGCTATCGCGTGCGCACCGACACGTTCTCCATCACCATTGAAATCGTGCCGCGTGACGGACGCACGCTCTCGGCGGCCGACATGGAAATTGCCTGGCCCGGCAGTCGCGCCGGGGTGTTCTCGCCGTTCAATGTCACGGGTTTTTCGACACTCGCGGCCAACGTGCAGACCCAGTTCGTGGATGCGCAGCAATCGCTGCGTCTCACTTGGGCGTCCACCGCGCCAGTGAGTGGCGCGGTGCAACTCATTCGCTTGCGGTGTACGGTGAACCAACGCGGGCAGGGGAACCAGGTGGTCATTACGCTCAATCAGTTGCTGCAGGGTGATTTGTCGGACATTACGGCGGTGACGAGTGTGTTCAATCCGGTGGTGGTGATTCCGTGAAGAGCGAACTGATGAGGGAGCAGAGAGCAGGGGGCAGGGGGCGGGTTGCAGGGGGGCTTGTACTGCTCGCTTTGTTGCTCGCCGGCTGCGCCAAGCCGGATTTTACGGAGGCGGTGACACCGGAGGTGGCGACATCACTGGCGTTGCTGTCGCAGCAGCGCGGCGATACGGTGTCGCTCGACATTACGCTGGGTGGTGGCGCGCCTGCGGCGTTGGGGAGCTTTACTGGCGAAGTGGTGCAGCCGGCCAGCTGGCGCTTTGTGCAGTGCGATGCGCAGCAGCCGCAGGCGCTGTTGGCGTGCAAGGCGCACGACAGCACGGTGCGTGTGGCCGCCGCGTGGGCTGGGGGGACGCATGCGGGAGCGCTGGTGCGGCTCACCTATGTGCGCGCTGGCACGGCATTGCCGTCGGACGTATGGACGATGAGTGTGAGCGAAGCCCACAGCGTGCGCGGGCAGTCGCTTGCCGATTCGTTGCAGGTGCGCGCGCAGAGTGTGGCGGGGGTGGTGCGGTGAATCCTACCCCTCGCTTTGGCCTCAAGATGTTTGGAACGGCCTTGCGCGAGGACTGCTCCGTGCCGTTTGCTGGCTCGGCGCAACTCACGACGGCTGTGCGGTTCATTCGTGCCGTGAACGAGGACTGTGACGGTACATGCGACAGGCACTCTCCACCTCCTCAAGATCAAATACTAAAAAGATTGAACTCACCGCAGCAGTATGCCGCTTGCCCCTGCCGGGGCCAGTCCTCGTCTGGACGCCCTGTCCGCCGCAACGGAGCAGTCCTCGCAATAAGCAGTTCAAAACAAGCCAGCCCCAACATCAATACTGGCCGTAAGCTCACCACAATCTTCGCCGCACTGGCGCTGAGCGCCTGCCACGCGCAAAGCGGCCGCGCGC
NZ_CP011454.1_gap15	978562	980076	1514	ACTGGTTACCAGCCACGATCCGTCGCGCATTGACCTGCGTCACACGCTGGAGGCACCCAGTCGTACGCACCTGCTGGGCACCGATGCGCAGGGGCGTGATGTGTGGTCGCGGCTCGTCTACGGCGCGCGCATCTCGCTGCTGGTCGGGTTGGCGTCGCAAGGGATTGCGCTCGCCATTGGCGTTGGCCTGGGGCTTGTTGCCGGCTACAGAGGCAAGTGGACGGATGATGTCGTGATGCGAATGGCCGACGTGACCCTGGCCTTCCCGTCGCTCCTGTTGCTGATCGCCATGGCGGCAGCCTTTGAGCCGTCACTCACCATGGTGTGTGTCGTGATTGGTGTGGTGGGGTGGGCGGGCATGGCACGACTGGTGCGCGGCCAGGTGCTGGTGGTGCGCGAGCTGGAGTTCGTGCAGGCCATGCGGGCCATCGGTGCTGGTGACGCCCGTATTCTGTTTCGCCACGTATTGCCCAACGTGATGGCGCCGGTGGTGATTGCCGGCACGCTGGGCATTGCCGGCGCCATCATGGCCGAAGCCGCACTCAGCTTTCTGGGACTCGGCGTACAACCCCCTACGCCCAGCTGGGGGGCCATGATTGCTGATGGGCGCGACCTGTCGCAGCTTCGGAATGCGCCGTGGACGTCGCTGGCGCCCGGGCTCGCCATCGGGTGCGCGGTGCTGGGCTTCAATCTGTTGGGCGATGCGGTACGTGACGCAGTGGATCCGCGATCCTGAGGGGCATGTTGCCATGGCGTTCCTTCTTTCTTCCGCTTACTGCCGCGTCTCATGATCGATACGACTGCGCTCCGCCATCGTGAATACGCCTGGATGGCCACCGATCCTGGCATCTACCTCAATGCGGCATCCGTGGGTCCCATGCCGCAACGGGCGGTCACGGTGGCGAATGAGTGGAGCGCCCTGCGCGCGCAGCCGCATCATCTCCCGTTTCAGCGCATGCTCGACGCGGCATCCACGGCGCGGCAGAATTTCGCCGCGCTGGTGGGAGCGGACGCTGACGAGATTGCGCTGATGCCCAACACCACCTACGGGCTCAACCTTGCCGCCCGCGCCTTGCCGCTCCGCCCCGGGGTCATTCTGTCCTTCGACGGCGAGTTCCCGAGCTGCGTCTATCCGTTTCAGGCACTGGGCTCACGCGGTATTGAGCTGGAGCTGGTGCCGCGCGTGAATGGGTTGCCTGACGAAGACACCTTGGTGCAGGCCATTGAACAGCGCACCGATGTGGTGGCGGTGGTGGTCAGCTGGGTGCAGTTCGCGACGGGTTTTGTGGCCGACCTCGAGCGCATTGGCCATGCCTGTCGGGGCAAGGGCATCTTTTTCATTGTGGATGGCATTCAGGGGTGCGGGGTGCGCCCCATCAACCTGCATGCCTTGCCGGTGGATCTGTTTGCCAGCGGCGCGCAGAAGTGGCAGCTAGGCCCGTGGGGGACCGGTTTTGTGTACGTGCGCCGCGAATTGATCACCGCGCTCGAGCCGCACGATGTGGGGTGGGCGT
NZ_CP011454.1_gap16	1007602	1009250	1648	GAACTCGTGCCCACCATCAGCGCGCGCCACAAAAAACAGATACGGCACATCGGCCGGTGCGAGCGCGGCGGCAATGCTGGCTTCGCCCGGGTTGGCAATGGGGCCCGGGGGCAGGCCGGGATACTTGTACGTGTTGTACTTCGACTCGACTTCGAGATCCTTGTAGAGCACGCGCCCGACGTGCTGCGGCAGCGCGTACTGCACCGTGGGATCGGCCTGCAACAGCATGCGCTTCTTCACGCGATTCCAGTACACCGCGCTGATGAGCGGCCGCTCTTCAGGCTTCCGCGCCTCTTTCTCAATGATGCTCGCCATGGCCATCGCGTCGTGCCGCGAGATGGCCATGACCTTGAGGCGTGCGTCCCATTCGGGCTTCCACACGTCGAGGAAACGCTCGATCATGGCATTCACCGCTTCGCGCGCGCTGGTGCCATCGGCAAAGCTGTAGGTGGCCGGGAAGAGATACCCTTCCAGTGAGGGCACCGGCACGTTCAGTTCGCGCAGCCACGCGGAATCGGTTACCGCCGCACGAACCGAGTCTTCCGGCACGCGCAGGGCTTTCGCCAGAACCGGCGTGATGTCGCGCAGGTCGAACCCCTCGGGAATGACGACCGTGCGCACGAGGCCGCGCCCGGTGACGAGCGCGTTCAGCACGTCGCGGTACCCGGCGTCCGACGCAAAGCGGTAGGTGCCCGGCTTGATGTCCGTGGCGCTCCCCGTGAGCCGCGCAAACAGCCGGAACAGGACAGGGGAGCCAATGACGCCTTGGGCCTCGAGTGAGTCGGCAGCCACCCGCACGCTGGCGCCCTTGGGCACCACGACGCGTGCCACCGCCCCGGACGGACTCGCACCGCCGCCAATTTCACGCCACACCCACGCGCCCATCACAATCGCTGCCGCGAGCACGGCAAGGCGAATGACACGCGAGTTTTTGGATTTCTTACGAGGCATGGTTGAGTGCGTGGGCTCTGGTGTCCCTGTAGGGCCGAGTGGGATTGGACCTGAACGAAGGAGGTGAAGAGGTGAGGAGTTGGGGAGAAAAACGCTTAAAGGCTCTCCTCAGCTTTTCACCTCTGCACCTCCGTCCATCAGGCACTACAACACCTGCAGGCACGACAACACCTGCCCAGCACGAATTACACGTCATCTGCCGACAGATCGCCGCTGGCCACCACCATTTCCCCGAGCTCCACTCCCTGCGACGCGGCGCGGAGCACACTCTCCAGCAGCACACACGCCGCCATGGCGTCGACGTCCCCTTTGCGGCCACGCGTGGATCCACCCTGCTCGCGGATACTGCGCAACGCCGACGACGTGGTGAACCGCTCGTCCACCAGTCGAATGGGGAGCGACTGGCGCGACGCCAGCTTGGCGGCAATCTCACGCACTTCGCGCGTGCGATCGGTCTCGGCGCCGGCCGGGTCGAACGGCAGCCCGAACACATAGCCCGTGGCCCCCAGCTCCTCGGCCTGCCGCATCAGCTCGGCCAGCGGTGGGCGTTTGCCGGCGCGGCGCGTGAGGACGCCAACCGGCGAGGCCAGCATGCCCAGCTCGTCGCTCACGGCGAGCCCGATCCGCTTATCGCCCCAGTCTACGGCGAAGAGCCGACCCACCTGCGACATCAGGCTTCCGCCATCTGTTCAAAGAA
NZ_CP011454.1_gap17	1027580	1030246	2666	AATTCCGAGACACGATTTTATGACTCGCACTCGTCTCCTGGTTGCCGCCACCGGTCTGCTGGCCGCCCTCAATCCCCTTGGCGCGCAGTCTACCACGGATAGCGCTGGCGTTTCGCAGCGCACGCTCGATATCCAGTATCTCCGCCCGCAGGATCAGCGCGGCATCAACATGTTCGAAACGCCGAAGGTGGCGGGTGCCGCCTACAATGGCTTCAAGGTGCAGTGGGGCGCGGCCTTCGCGCAGCAGTTCCAGGGGCTGACCCACAAGAACACGGCCGACTCGGTGTTCCAGGGCGCCACGGCAGCCGTTCCGGGCAATGCTGGCGCCGCTGCTGTCGCCAATCGCAATCGCTTGCAGCGCATCGGCAACGGCTTCAACAACGCCGTTGCCAACGCCTACATGCACGCGCAGCTCGCCAAGGGTATCCGTATTCAGCTCACCAGCTATCTCTCGGCGCGCCACCATAACGAAACGTGGGTGAAGGACGGCTTCATTCAGATTGACGACACGCCCATCGATCTGCCGATCCTCAACTCCATCATGAAGTACACGACCATCAAGATCGGCCACTTCGAAGTGAATTACGGTGATTTCCACTTCAAGCGCTCGGACAACGGTCAGGTGCTGTACAACCCGCTCGTCGGCAACGCCATCATGGATGCCTTCACGACCGAAGTGGGTGCCGAAGCGATCTTCCAGAAGAGTGGCTTCCTCGCCGTGGCCGCACTGACTAACGGTGAAGTGCGCGGACAGATTCTCCGTGCCTCCGATCGCTCGCCCGCCTTCATGGGCAAGCTGGGCTTCGACAAGCAGTTGAACGCCGATGTGCGCACACGGCTGACGGCGTCGTATCGCAACCAGGGATCGGCCGCCAACAACACGCTCTACAGCGGTGACCGCGCCGGCTCGCGCTACTACTACGTGCTCGAAAACTACGTCTCCACGGAAGCGGCCAACTTCACCTCGGGCAACATCAACCCGGCCTTCACCGACAAGGGCAACAGCGTCATGGTGAACCCGTTCCTCAAGGTGAAGGGCGCCGAGTTCTTCGGCATGTACGAAGTGGCCAAGGGTCGTGCGGCGCCGAATACGAACCCGACGCGTGAAGTGAAGCAGTACATGGCGGAAGGCACGTATCGCTTCCTCAAGGGCGACAAGCTCTTCCTGGCGGCCCGTTGGAATCAGGTAACCGGCGACCTGGGTGGCCTGAACAACAACATCACCGTGACCCGGGCGAACGCGGGTGGTGGCTGGTTCATTCTGCCCACGCTGCTGCTCAAGGGCGAACTGGTGACCCAGAAGTACGAAGGCTTTGCCCGCACGGACATCCGGAACGGTGGCCAGTTCCGTGGCTTCATGCTCGAAGCGGCCACCAGCTTCTAAGGCGGGACGTCACACCACGAAGCGTCAGCGCCACGATCAGCGGGCCTCCGTTCCCTCGGGAACGGGGGCCCCTGCCCGTTTCGCCCTTCCATTGCCGATGCGCGCCCGAAGGGTAGCTTCGCGTCATGGCTCTCTTCCTCGCTCTCCGACGCGGCGTGGTTTGGTCCGCCGCCTTCGTCTTCAGCGCGTCCTGCACCAGCCTGCTGGACGCTCAGCCAGCTTCGGCGGCCGGTCGATCGTCGCGTCCCCAGCCCGCGCTTCGGCACGGATTTGCTCCCGAACGGCTGGCGCGCATTGACACCATGCTCAACGAAGCGGTGCGACGTGAGGAGGTGGGAGGGCTCGTGGCCTATGTGCTGCGTGACGATCAGGTGGTGTACGAACGCGCCGTCGGGTGGAGCAATCGGGAGCAGCGCATTCCCATGGCCCCCAATGCCCTGTTTCGCATTGCTTCGCAAACCAAGGCGCTCACCAGTGCAGCGGTGCTGATGCTCATGGAAGAGGGAAGATTGTCGCTGGGCACACCCGCCAGCCGGTTCATGCCGACCTTTGCGCGCACCACGGTCGCGGAACGGACGGATACCGGCGTGACCATCGTGCCGGCGCGGCGCCCCATCACCATCAAGGATCTGCTCACCCATACCGCCGGCATTTCGTACGGCGTGGATGCGACGGTGGCCGAGAAGTATCGGGCCAAGGGGCTAGGGCCGGCAGCAGGCTATGGCTGGTATACCGCCGACAAGAGCGTGCCCATTTGCACCACCATGGATACGCTCGGGACATTGCCGTTTGTGGCCCAACCCGGCCAGCGTTTCGTGTACGGCTACAACACCGATGTGCTGGGGTGCATTGTGGAGCGGGCGTCGGGGAAGCCACTCGATGTGTTTTTGCGCGAACGGCTCACGCAACCGCTGGGCATGATGGATACCCACTTCTTCGTGCCGGAAGCCAAGCGCGCGCGCCTGGTCACGGTGTACAGCAGTAGCGCGCAAGGCACCACGCGGGCCGAAGACGGTGCGAAGGGTCAGGGGCACTATGTAGACGGACCACGCATGAGCTTTGCCGGTGGTGCCGGGCTGGTCTCCACGGCGCAGGACTATGCGCGCTTTTTGCAAATGATCGCGCACCGAGGCAGCTGGCGTGGCACGCACTATCTCGCGCCGCACACCGTGGGGCTCATGACCTCACACCAGATTGGAGCGCTCTACGGGCCCGGCCTCGGGTTTGGGCTGGGCTTTGAGACGGTGGAAGCATATGGCGCCTCCAACCTGGCCTCCCGGGG
NZ_CP011454.1_gap18	1049360	1050410	1050	CGCGGCCACACCCGCGGACCTGACGGAGCCCCCGCGGCATCCCGACCCTGCACCGGCACTACTGCGGACGCCACACTGTGATGGACGGCTCCTGCTGGCCGTTTCGGAAACGTCGGAAACAAGCACCGGCCTCATTGAGGGGGCTCTGCTGAGCGGCGAGCGTGCCGCTCGACTGGTTGTGTAGCCATATTGTTAGCACTGGCCACGGCGTTTGATGCCGGTGAAGCGTCTCTCCAAACGGACGGTGTGATGTACGGAACGGTGATTGCGGTGCATAACGTGTTGGCGTGGCTGGTGCTGGCCATTGGGCTGATGGTCCTCGTGCAGGCGGTCACCGCCAAGGCCACATGGGGACCGGAGCAAACATCGTGGGTGCGACGGCTCACGCTGCTGGTGCACCTGCAGTTTGTCGCCGGGCTGGTGCTCTGGTTCGTGAGTCCTACGGTCGCCGCCGCGCGCGCAGTGATGGGGACAACCATGAAGGACGCGGCGCTCCGTCGTCTGGTCGTTGAGCATCCCACCCTCATGCTGCTGGCCGTCGTGGCCGCCACCGTCACCAGCGTGATGGTACGGAAGGCGCCGAGCTCCGAGACCAAGGCCAAGAAGGCCCTCATGGGCACACTGCTCACGCTGGTCCTGGTGGCGGCCGTGATTCCGTGGCAGAACCTCATTTCGCGCTGGACCGCCTGACCATTCCGCGAGACGAATGGCTGTGGGGGTGGGACACCACCCCCGGCATCGTCTCGGTGTGGGCCGAGGAGTCCGGACAGGCGACCGTCTGGCGACGGCCCGACGGTGGAGCCCTCCTGACGGAGAGGGCCAAATTCCGCCCCTGGGTCCTGCTGTCGTCGGTTGACGATCTGCGGGCGGCTGGTGTGCGCTACCAGCATGATGACGGTGACGCGAACGCGCCCGGCATTCGCGTGCGAGAGCTCGCGGGGCCGGGCGCGTTGCGTGTGGCCGTGTCGGCAGAGCGCTGGAATGTGTTGGAAACGGCCATCTGTCGCGGGGCCTCCAAGCGCCTCGGGCAACGCATTACCCGTGTGCAGC
NZ_CP011454.1_gap19	1054712	1057525	2813	CTTCGATGCCCGGGATGACGTTGCCACGCTTGGCCGTCGGTTGGCCGTCCGGGAGGTCGCGCGAAGCCCCCCACGGGGCGGGTGGCGGAGGCACCGGCGTGCGGAGATCAAACTCCACACGAAAACGGCGGGAGGTCCCTTCACGCTCCAACTGATAGACGAAGGTGCTCGTGGTGACGTCCACCGTCCACACGTTGGTGCGGGCGGCCGGAATCATGGCTTTGGTGAGGCTGTCAGCGGCAAAGGCCATGCGCGCCGCCGACCCACCGGGACGGGCCTCCCCGCCATACTGGGTCACGGCGTCCGCCGAGCCATCCTCGTGCCGATGATCGTGCTTGAGCCGCACGCCGTCGGCCGTGCGAGTGAACACCCACGTCCGGGAACGATTGTCGCCGACATGAAAGGGGACGCGAACCGTATCGCCGCACTCCCGTACGTGCATCACCAGGCGTTGTCCCAGCATGGCACTGTCGGTTGGCTGGGGGTTGATCAGCCGGCCTTCGAAGGCCTGGCCGCAGCGGGCCCGCAGCGCCTGCAGGAAGTCGTCGGCCGGGTCGCGGGGGCGGGCGGGTACGACGGCGGCCAGGGTCAGCAAACCGACCAGCAGGGGCAGGGGGATCGGCATGGCGGTGTGGCGGGGCAGAGGAATTGAGGGGAATCTGAAATGAAAACCCGGAACCCCAAACTCCAACCCACAACCCGGAACTGATCAGTTTCGGGTTGTGGGTGAGGGTTACGGGTTCGAGCAAAAAACAAAAACCCGCCAACGATGTAAATCGTTGACGGGCCTCTATTTATCTCAGTCGGGGCGACAGGATTCGAACCTGCGACCTCGTGCTCCCGAAGCACGCGCTCTACCGGGCTAAGCTACGCCCCGTTGACTGTCCAACACCCATGATCCGGATGACGTGCCCCCATTCGGATCTCAAAATGCGCCTGGAAGGACTCGAACCTCCAACCTTCTGATCCGTAGTCAGATGCTCTATCCAATTGAGCTACAGGCGCAACGGATCGTGTATCACCTACTGCCAGCGTGTCCCACTCCCCTTGCCACGAGGGCAAGGGACCAGCAACCTAGTGAGTCTTTTCGGCCGTCGCTACTGCTCCGTCCGCTGATTTTCACCCGGGTACCACACCTACGATGGGTCGTACAAGACTCGAACTTGTGACCTCCACGATGTCAACGTGGCGCTCTAACCAACTGAGCTAACGACCCTCGACATCGGCCCTACAGAGCGGGAAACGGGACTCGAACCCGCGACCCCAACCTTGGCAAGGTTGTGCTCTACCAACTGAGCTATTCCCGCGTTTCACCCCTCCAGCCCAAACCGGAGGGAACCGCCGACCCGCTTTTGGTCTTGGTGAAAGTACACCAGACCGAACCGATCGGGGTATGGAGCTGAGGGGAATCGAACCCCTGACCTCTTGAATGCCATTCAAGCGCTCTCCCAACTGAGCTACAGCCCCGGCACCCCTTACCTCCCCGCACCACAAACCATGACCAGCGTCCGTGCCCGCAGGGTATCAGGAACCGCGCAGTCTAGTCAGGTGTATGTCCGGCGTCAAGCAGACTCGCAGAACTCGCACTGGCGAATAGCTCGCGGTGGCGTATCTTGCATGGCTCCCCCCAGTTCGCTGATGAACCTGCCGATACTCGGCAGGGCCAGCACAACCGGTGCGGGATCCGGGGTGAGTGCCGGCGCCGATGGCTGGCAAGCCGACCCCCCGTTTCGCAGCTCTTTTTTCGTCTCCTCTGCAGGGATGATGTCTCATCCCGAGGTTGCATAGCACACCATGACTGAAGTCAAGCGGAAGCGCCGTCGCGCGGCCCCCGCGGGCATCGCGCCCAGCGAACCGGAACGCGACATCCTCGACCAGTACCTCTACGAAGTCTCGACCTATCCGCTGCTCAAGGCCGCGGAAGAAATCGAGCTCGCCAAGAAGATCCGTGCTGGTGACCAGGATGCGCTCCAGGAACTGGTGAAGCGCAACCTTCGCTTCGTCATTTCCGTCGCCAAGAAGTACCAGAACCGCGGCCTGCCGCTCATCGACCTGATTGGCGAAGGCAACGTGGGGCTGCTCACCGCGGCGCGGAAGTTCGATCCTGACCAGGGCGTCAAGTTCATCTCGTACGCCGTGTGGTGGATCCGTCAGGCCATTCTGTCGTCGCTGGCGCGCCAGGGACGCACGGTTCGCGTGCCGCTCAACCGCACCGCCGACCTCTCGCGTATCATCAAGGCCTCGGAAATCCTGCGCCAGAAGCTGCGCCGTGAGCCGTCGCCCGAAGAGCTCGCGCAGGTCACCGGCCTGTCCGTAGACGTCGTGCAGTCGCTCGCCGCCCTCAACACCGGCGACGTGCGCCTCGATGCGCCGATGGATCCCGATGGCGATCGCTCGCTCATCGAACGGTTCGTGGCCGACGAAATGCCCGACACCGAAGAGGAAGCCATGAACCGCTTCCTCACCGACGAAATCGAGCAGGCGCTCTCCACGCTTCCCCCGCGTGACGCCAAGGTGCTCCGCCTCTACTTCGGCCTCGAAGGCGGACGCGAGCACACCCTCGAGGAAATCGGCTCCATGCTGGGCGTGACCCGCGAGCGTGTGCGCCAGCTTCGCGACCGGGCGCTCAAGCGCCTCCGCGAAGGCGATGTCGGACGCGCGCTGAGCAGCTTCGCGGCGTAAGCAGCACCGGCCGCGACACCGCGGCCACGCACAACGCGAAACCCGAACTCAAAACCCGGAACCGATCAGTTCCGGGCCCTGAGTTCGGGTTTTGCGTTTTTGGGGGTCGCGAACTAGCCACAATCGCCCGA
NZ_CP011454.1_gap20	1061176	1066004	4828	TTCGAAGAGCAGGTGGCCGTCATTTATGCGGTGACCAACGGCTTCCTCGACACGATCGACACCGGCAAGGTGCGCGCGTGGGAGAAGGGCTTCCTCGAGTATCTCCGGGCGCAGTTCCCGCAGGTCCTCGACGGCATGCGGACCACCAAGGCGCTCAGCAAGGACGCCGAGGCGGAGCTCAAGCGTGGCATCGAGCAGTTCACGAAGTCGTTCGTCGCCTGAGTCGCTGAGCCATGGCTAAGGGCCGCGAACTGAAGGGGCGCATCAAGTCCGTCGAGAACACGCGCAAGATCACGCGCACGATGGAAATGGTGGCCACTTCCAAGATGAAGCGCGCGGCAGATCGCGTGTCGGCAGCGCGTCCGTACGCGCTGGCGCTCGGCGAGGTCCTGTCGCACGTCTACACCCCGGAGCTGGCGGAGCAGTTTCCGCTGCTCCGTCGCCCCGCGCAGATCAAGCGCGCGGCGCTCGTGGTGCTTACCGCGAATCGTGGACTCTGCGGCGCGTTCAACACCAACCTGCTTCGGGAGTCGCGTGCACGCCTCACGGAGTGGGAAGGACAGGGCGTGTCCGTGGAACTCCATGTCGTGGGGCGCAAGGGCATTGGTTTCTACAAGTATCTCGGTCGCACGCTGGCCGGGTCGCGCGCTGATATCGGCGATCGCCCCAGCTCCGCCGATGCGGCCTCGCTGATTGACGGACTGATGGAGCGGTTTGCGGCGGGCGATCTCGACGCCGTGTTCATCACGTACGCGAAGTACAAGTCGGCGCTCTCCACCCCGCCAGCCACCGAACAGGTGTTGCCGGTGGTGGCGCCCGCTACGGTGGGTGGTAGTGATGTTGCGCGCGATTTCATTCTCGCGCCCTCGGCTACGGAGATCCTCGAAGCACTGTTGCCGCTCTATGTGCGCAACAGCGTCTACCGCGCCCTCGTGGAAACGGCGGCCGGTGAGCAGGGCGCCCGTCGGACGGCCATGAAAAACGCCACCGATAACGCCACCGAGATGTTGCAGCTCCTCAAGCGCACGTACAACTCGGCGCGTCAGGCGCAAATCACGCAGGAAATCGCCGAAATCGTCGGCGGTGCATCGGCACTGCAGGGCTGACGTTTCACCATATCCAGTACGCACTCATGGCTACCACTGCCGCGCCGACCACTGTCGGCAAGATCGTTCAAGTCATCGGGCCCGTCATCGACGTGGCCTTCGAGAACGATCATCTGCCCGAGCTCTATAACGCCGTTCGCGTCGAAGCGACTTCGCCTGACGGCGCCCGTATCAACGTGACCGCCGAAGTGCAGCAGCACATCGGCCGCAACCAGGTTCGCGCCGTGGCCATGTCGTCCACCGACGGCGTCACGCGCGGCATGGATGTCATCGATACCGGATCGTCCATCACGGTGCCCGTTGGCGCGCCGGCGCTGGGACGTATCCTCAACGTGCTCGGTGAGCCCGTTGACGACGGCGAGCCCATTCCGGCGAGCGCCGAACGCTGGCCCATTCACCGCAAGCGTCCGGACTTCGTCAACCTCGAGCCCAAGACGGAAGTCTTCGAAACGGGCATCAAGGTGGTTGACCTCGTTGCCCCGTTCGTGAAGGGTGGCAAGATCGGTCTCTTCGGCGGTGCCGGTGTCGGCAAGACGGTCATCATTCAGGAGCTCATCAACAACGTCGCCAAGGGGCACGGTGGTAAGTCCGTGTTCTGTGGCGTGGGTGAGCGCACGCGCGAAGGCAACGACCTGTATCTCGAATTCCAGGAAGCCGGAATTCTCGATAAGGTGGCGCTGATTTACGGCCAGATGAACGAGCCGCCGGGAGCGCGTCTTCGCGTCGCCCTCGCGGGTCTCACTGTGGCCGAGTACTTCCGCGACCAGGAGAACGCCGACGTGCTGGTGTTCGTCGACAACATCTTCCGTTTCACGCAGGCTGGTTCGGAAGTGTCGGCGCTGCTCGGACGTATGCCGTCGGCCGTAGGCTACCAGCCCACGCTGGCCACCGAAATGGGTGAGTTGCAGGAGCGCATTACCTCCACACGCAACGGCTCCATCACCTCGGTGCAGGCCATCTACGTGCCCGCCGACGACCTTACGGACCCGGCGCCCGCGACGGCCTTTGCGCACTTGGACGCCACGGTCGTGCTCAATCGTAAGATCACCGAGCTGGGCATCTACCCGGCCGTGGATCCGCTCGATTCCACGTCGCGCATTCTCGATGCGCAGTACGTGGGTGAGCGCCACTACACGGCGGCGACCACCACGCAGCGCATTCTGCAGCGCTACAAGGAACTGCAGGACATCATCGCCATTCTCGGCATGGACGAACTCTCGGAAGACGACAAGAAGATCGTCGGACGGGCGCGTCGTCTGCAGCGTTTCATGTCGCAGCCGTTTGCCGTGGCCGAGCAGTTCACGGGTATCCCCGGCAAGTACGTGAAGCTTGAAGAGACCATCTCGTCGTTCGAGCGTATCTGTGCGGGCGAGTTCGACAATCTCCCCGAGCAGGCGTTCTTCATGGCCGGCGGTGTGGACGACGTCGTGGCCAACGCCAAGAAGCTCCAGGGCTAAGACGTGAGCGATTCCCTCAAAGTGTCGGTGATCTCGCCCGAGCGCGTGCTGTTCGAAGGCACGGCTCGGGGGGTGATTGCCCCGGCGTTTGACGGCGAGCTGGGCATTCTGCCCATGCACGCGCCGCTCATGACGTTGCTGGGGCGCGGCACGCTCCGCGTGGACACGGTGGACGGTGAGAAGCGGTTTGCCGTAGACGGTGGATTTTTGCAGGTGGTGGATGACGCCGTGCGCGTCGTCACGGAACAGGCGAGCGCCGCGTAACGCGCTCGGGTGGGGCGAGTGTGTAGTTGGTAGTTCAGCTCCTGTAGTTAGTGTGCCGCGCCCACTGGGCGTGAGTGTCGCCGCGGGGCTCGTCGTGCAGAGCGGTGCCCGACGAGCCACCGCGACGACCGGACAATGAATGCGGGGCGAACGCCCCCCAATGGGACCACGAGGCAACGATCGCGTTGCGTGGGCCGTAGGAGAGGCAGGAAACGCTCCCACCTTTGCGTTTCGTGCACGGTGCAGGTCGCAGCGTGTCTGCTCGCGTCTTTCCACGCTCCCCATGGCTCTCCGCGTTGCCGTTCTCGGCCAGCTTCCCGAAACGCTGCTTGCCCAGCTGTCGGAACTGGCTCTTTCCCTCGATCTGACAATCCTGCCGCAGGCGACCACGGTGCCTGGTGCTCAGCAGGCGTTGTCGGCCCCCGTCCCGGACATCGCCGTGGTGGGGAGCTCGTTCACTGACGGGTCGGCGTACGCGTTTCTGCGCGCCCTGCCCCCGGGAGACCGCCCGGTGGGGCTGGTCTGCGTGGGGAGCCGCGACGAGGAAGCCGTGGTGGCGTTTGAGTTACAGGCCACCGACTTTGTGCTCTTGCCCGCTCCCTCGGCGCGTTTGCTGGAGGCGGTCAGTCGGGCTCGGCAGCAGGTGTTGCAATTGGCGCTCCTGCGCACGGCCGACGAACTCCAGCGGCTGCTCAGCGAAGCCGGGGCGGCTGGTGGTGTTGATCTTTCGGCGTTGTTCAGCGCGCGGACCGGACACGGGCAGGTGCTCGCCCCGGATGGCCTTGGTGCTAACGGGGAAGGGGCGCGCCGGCGTCGGGCGGTTGGTGGAACGGCCACCGGCACCCTCATCGCGTCGTCACCCTGGCGGGCTCCGTCCCGTGTGACCGCAGACCGGAGTGGGCGGGCTCGTGATGGCGCCGATGAAGCGATCCTCGACCTGACGCAGGAAGATGGTGGGCGCGCCGGGAGTGAGGCGCGGCCATTGCGCGTCCTCGTCCGCGAAGGGCGTCGGACGCGCTTCGTGCCGCTGGCTGAGGTGGACTGGTTCGAGGCCGATGGCAATTACATCCGCGTGCATACCGCCGGCGAGAAATTCCGTACCCGCGGTACCATTACGGCCATCGAGTCGGCCCTCGACCCGCGCCAGTTCGTGCGTATCCACCGGCGAATTGTGGTGAATATGGATCGGGTCCGCGAAATGACCCCGTTGCCCGGCGGCGATGGGCTGCTGGTGTTGGGCGATGGCGCCACGCTGCGCCTCTCGCGGACGTACCGGTCCCGGGTGCGGTAATAGGGCAGCGCCTGGCGCGGCGCCGAACCACAACAGGGGAGATGGCAGCCACACAGATGGCAGCAGGCGGCCAGAGCAGTCCCTGGCCCCTGCCATTTGAGTGGCTGCCGTCTGCATGCTGCCTTCACCGCCCCAGCTGAACCCAAGTCCTCGGAGCACTCAAGTGACGCACGTCATGGGTCTGCTGTTGGTAGTTCCGTAGACACGGAACATCCTACATCTGGAACGGAGTGTCACTCCGCATGCCGCTTTGGGCGGGGGAACCCGGAGGAACTTTGTGGGACGAGTCGTGAGCAAAACGGTGCCCGTTCCGAAACATCTAGTCCGAGTCGTTCTCGGTTCGTCCCACCGAGCGTACGATTTTTCATTGACACGGACGCGGTCGGTGCTAGTTTGCCGCTCTGGTATTCCTCAGGTGTCTCAACACTGAGTCTACCGTGCTTCGCTGTATTTCGGTGAAACGGAGACCTGTTGCCGGCTGGGCGGCGCTTTGCAGCGCACCACCGGGAACGGGTGTTCAGCTTTTTTTCGTAGTCTGGGCCGACGCGTGCCGCGCGCGATCGGCTCACCCAGTGTCGGATCGCTGCTTTCTTGGTCACCGGATTGGTGGTCAGGGTTGCCGCGGCCGGCGTTGTAGGCGTTTTGGGGCCCCGCGCTGGTGCGTGGTTACGAAACGTTGTCCCGTGGCACTACCCTCCCGGAGGAGCAGA
NZ_CP011454.1_gap21	1164602	1166977	2375	TGTATCTCGACGCCGGGGAGACCCCCATTGCCAACACGATTACCGGGGCAACGGAGCTGCTGCAGCGTCGGCTGGGGATGACGCGGGCCGAGTTTTTTCACACGTACTTCACGGGTCAGAAAGAGCTGGACATCATGGCGGCCCTTGGCGCCGCCGAACGCGCGCGCTTTTTGTCGCGGGTGCTGGGGTACGATCGCATCAGTGGGGCCCAGGAGTTGGCGCGAGAACGTCGCCGGGCCATTCTGGCGGAGACCAATGGTCTCAAGCAGGGGATGCCGGATCCGGATGCCATCTGGCGCGCGGTCTCCGATGCCGAAGCCCGCGTGGCAGTGGCCCGTACCCGAGCGGCCGAAGCCGACGTGGCGCACCAGAGCGCTGCAGACAAGCTGACTGCACTGGTCCCGCGCTGGCAGGATGCGCAAGCGCAGCGCGACGCCCGGCAGCAGCTGGTGTCGGAGTTGCGCGTCGCCGAAAGCGAGGCGATGAGTTTTGCGCGCGATGTGGAGCGACTGGATCGTGAGCTGGAGGCCATGGCCCAGGCGCACGAGGAGTTGCTGCCGCTGCGTGCGCAGATGACTGCGCTGCTCCCGGTGCGCGAGGCGTTGGTGGGGCAGGAGCAGCTGGCGGCGGCGGATGCCCGTCGGCAGGCCATGATGGAGCGCGTTGCGGCGTACGCTGAAGAAGACGCCAAGCTGTCCGAGCGTGCGGCTCGTCTGGAGAGTGCGCCGGCGCTCGAAGTTGACACCACCGCACAACTGCTGACACTGCGCAATGCTCTTGCCGAGGCCGAGCGGACCCTCAGTCAGGAGCGCGATTTGTGGTCGCGTGACCGGCAGGCGGCCGAGACGCGTCTCGAGACATTGCGGACGCAGTACGCCGAACTCACACGGCAGCGCGAAACGCTCGAAGGACTGGGCGAACAGAGCCCCTGTCCCACCTGCGGGCGGCCGCTGGGCACCAATTTTCACACGGTGCTGGATCAGCTCACGGAGCAGATCGAAACCTTACGGGTGGACGGCAACTACTATCGTCAGCGCACCGAGCAATTGACCGCGCTGCCGGCGGCTATTGAAGCGCTGGAGGAATCGCGGCGTACGGCGCAGGGGGAAGTGGCCGCTGCCGAGCGGCGGTTGCAGCGGATCCAGGATGCCATTGCCGAAGCGGCGCGCCTTTCCGAACAGCGGGCGCAGGTGACGCTGCGGTTGCAGGAGGCCACTGCGCAGCTGGCGCTGCTCCCTTCCGGATATGATGCCGCGCAGCACGCCGCCTTGCGTGCCGACGCAGCACGGTTGCAGGAACTGGAGAACCGGGTGGCGCGGGTGAGTGGTCTCGTGGACCGGGAAGTGGCCGCGCGCTCAGAGCGCACCCGTGTGCTGGTCGCCCGCGACAGTGCACGAGCCCGGATGATGTCACTCGAGACACAGCAGGCGGCGTTGGGGATGGACGATGGGACGTACGCCAGTGTACGGGACGCCTACGACACGGCGGCGGCCGAAGGTCGCCGGGCGGAACTGGAGGCGCTGGCCGCGTCCGGCGAAGCGGAGCGCGCTCGCGCCGCGCTCGACGTGGCGGAACAGGGGCGCCGCGACCTGGCGCGGTTGCAGGGGACGTTGGATACGCTGGATACGGAGAAACGCCTGCATGATGAACTGGATCGCGCGCTCACGGATCTTCGCACCGATCTGAATTTTCAGCTCCGCCCGGAATTGGCCGACATCGCCAGTCGCTTTCTGGATGACCTTACCGACGGCCGGTATACCCATCTCGAATTCGATGAGGAGTACCGACTGCTGGTTCTGGAAGATGGTTTGCCGAAACCCGTGATCTCCGGTGGCGAAGAAGACCTGTGCAACCTGGTGCTCCGTCTCGCGATTTCGCAGATGATTGCCGAGCGGGCGGGGCAGGCATTCTCGCTGCTGATCCTGGACGAAGTGTTCGGGTCGCTGGACGAAACGCGGCGGGCCAACGTGGTGGAGTTGTTGCGCAAGCTCAATGATCGATTTGAGCAGGTCATTGTCATCACGCATATCGAACAGGTGCGTGAGGGGCTGGACCGGGTATTGCTGGTGCACTTTGATGAGACCCGGGGATGCAGTGTCGTCACCGGCGGCGTACGTTTGCCCGTCGAAGATGCGCTGGGAGGAGACGCGCAGGCTGCGCTCCCGTTGTTGGACGATGAGAGCGAGGATCCGCTCTCCCTTGCCGAGGCGTAAGTGATGACCGTAACCTCCCGCCCGTATCGCAGCGCCCGTCCCGTGGAAGGCCCGTTCGTGGCCGCAACGAGCGACATCCCGCAGCTCAATGAGGTGTTCACCGAGGCGTTTACGGAGCGCTACCGCAAGGACGGCATGACCGGGGTGCGGGTGCCGCCGCTC
NZ_CP011454.1_gap22	1219094	1223157	4063	GACGTGGCGCTGCAGTTTGCGCTCGTGCGATTGCCGGCCATGCTCGTCGGACGCTGAGGTGACCCCCATGTCCGTGTCGATGCTTGAGCACCGGTTTTACGCGGTCCAGACCACGTCTGGCCATGAGAACAAGGTGCAGCGCTTGATCCAGCGAAAGATCGACATGGATCCGGCGCAGCCCGAGGACCGTCTGATCCGTCAGGCGCTCGTGCCCACGCAGGAAGTGGTCGAGATCAAGAACGGCAAGAAGGTCACCGTGGAGCGGAAGATCTTCCCGGGATACGTGCTGGTGGAGATGGTCGCGTCGCAGGATACCCTGCACGAGATCAACGCCATTCAGGGCGTCATCAAGTTTGTCGGGAAGGACAAGGACCCGATGCCGCTGCGCGACGACGAAGTGCGTCGCCTGCTGGGGCAGGCGGATCCGACCGACGACACCCCGGTGCGCGAGGAGATTCCGTTCCTCGTGGGGCAGGCGGTGGCGATCACGGAAGGTCCGTTCGCGGACTTCAACGGGACCGTCGAAGAAATTCTGTCCGACAAGGGCAAGGTGCGCGTGTCGGTGAGCCTGTTCGGGCGGCCGACGAGCGTGGAGCTGGATTACCTGCAGTTACGCGGATATTGACGGTCGAGCTTTGAGTTCTGAGTAAGAGTTTTGAGTCGTGAGTACTCAAAACTCAGCACTCAAAACGCCGAACTGTTGTTGTACGCCGCGACCACTCGGCGCAAAACAATGTGGCAGCTAGACCGCTGTCGGATGGTCCGACGGTGGAACTCGCGATGAGGAAGTAAGATGGCCAAAAAGGTCACTGGATTCGTCAAGCTGCAGATTCCAAGCGGCAAGGCGAACCCGGCGCCCCCGGTGGGTACGGCCCTCGGTCCCCAGGGTATCAACATCATGGGCTTCTGCAAAGAGTTTAATGCTCGGACGCAGGGCGGTGATATGATCATCCCGGTCGAGGTCACGATCTACGCGGACAAGTCGTTCACTTTCATTTTGAAGACGCCGCCGGCGGCGGAACTCATCAAGAAGGAGATCGGCGTGGAACGGGGCTCGGGTCAGCCGAACAAGGTGAAGGTCGGAACCATCACGCGGGCGCAGCTCGAAAAGATTGCGACCGTGAAGATGCCCGATCTCAACTGTGAAAACATGGAGAGCGCGGTGGCGATGATCGCCGGTGCCGCTCGTTCCATGGGCATCACGGTCAAGGATTGAGCCTCATGAAGACGCATGGAAAGAAGTTCCGCGCCGCGAGTGAGCGTCGCGACCATTCGAAGTCGTATGAGGCCAAGCAGGCGATCGCGCTCGTGAAGGACATGGCATTCGCCAAGTTCGACGAGTCGGTGGAAGTCGCGATTCGTCTTGGCGTCGATCCCCGTCATGCCGACCAGGTGGTCCGTGGCACCGTCGTCCTCCCGGCTGGTACGGGTAAGACGATGCGCGTGCTCGTCATCTGCGCCGGTGCCAAGATTCAGGAAGCCCAGGATGCGGGCGCTGATTTCGTGGGCACGGAGTTCCTGGCCAAGATCAAGGAAGGCTGGCTCGATTTCGACGTCATGATTGCGACGCCGGACCAGATGGGACAGATCGGCCAGCTCGGCCGCGTCCTTGGTCCGCGTGGCCTGATGCCGAACCCGAAGGCCGGTACGGTCACGTTTGACGTGGCGAAGGCAGTCAAGGAATCGAAGGGCGGCAAGATCGAGTTCCGCGTTGACAAGGGGGGCAATGTGCACGCCCCGATCGGCAAGGTTTCGTTCACCCCCGACCAGCTCGAGTCCAACTTCACCGCGCTGATGGATACGATCGTTCGTTCGAAGCCGGCAGCGGCCAAGGGCGTGTACATCCGCAACGTCGCGATCTCGAGCTCCATGGGTCCTGGCGTCACCGTCGACACCACGCCGTTCCGGTAAGAGGGTAACGCAACCATGAAAGCCAAGCCGAAGGCCAAGAAGGCCGATAAGCAGATCCTGGTAGACAGCCTCAAGACGACGCTCAGCGGCGCGCAGGCGCTCTACTACACCGACTTCACGGGGCTGAACGTGAAGCGCATGACCGAACTCCGTCGCCGCCTGCGCAAGGCGGGGGTGGACTACGTCGTGATCAAGAACACGCTGGCGCTCCGGGCAGTCAACGAGAGCGGACTGGTTTCCCAGCGTCTGAAGGGCCCGACGGGGGTGGTGGTGGCGAAGGATGCCATCACGGCAGCGAAGGTCCTCTCCGACTTTGCGAAGGAGAACGACCAGAAGCCCGCTGTGAAGGGTGGTCTGTACGAGGGCAACGCGGTGGATGCGGAGATGGTCAAGAAGTTGGCCTCCCTGCCCACGCGTGAAGATGCGCTCTCGATCTTCGCCGGCTACCTCAACAGCATCCCGATGATGTTCGCCCTCGCCCTCGACGCCCGTAAGGCGCAGCTCGAAGGCTCCAACTGAGTTCCCCAGGCGTACGCCTGATTACACGCCCCAGGATCCCTGGGGGACATTCACGGAGAAAGTACCACCATGGCTAACACGATCAGCAAGGACGAGATCCTCGACGCGATCGGCGCGATGAGCGTCATCGAACTCGCCGACCTCATTGAGCAGTTCAAGACGAAGTTCAACGTCACGATCGCCGCGGTTGCGGCGGGCGGCGGCGCTGGGGCCGCTCCGGCGGCGGCAGTGGAAGAGCAGACCGAGTTCACCGTGATCCTCAAGGAAGCGGGCGCCAAGAAGATTCAGGTCATCAAGGTGGTGCGCGAGCTCACCGGCCTGGGCCTCAAGGAAGCCAAGGACCTCGTCGATGGCGCCCCCAAGGCGCTCAAGGAAAACGTGTCGAAGGACGAAGCCGCGCAGATCAAGGCCAAGCTCGAGGCCGAAGGCGCTGGCGTCGAGATCAAGTAAGGCCACGGCTTTCCAGCCACCGGTTTACGTCGACACCCCGTAGTTCCGTCGTTGTAACGCTCCTCCCCGGGGGCTTCGGTCATGTTTTGATGACTGAAGCCGTCGGGGACGGAGCGCTTTGCGCCCCCGGTCACCCCGGGATCGCGCGCCCCGCCAGAGGGTGAGCCCCTTAAGGATATGATGAACCAGATCTCGTTCGCGAAGCTCGAGACGGGCATGGATATGCCCCACCTGCTGGACATCCAGACGCGCGCCTTTGAGTCGCTGCTGCAACTGGATGCCGTGTCGCAGGAGCGCGAGGACGTCGGCCTCGAACGCGTCTTCAAAGACCTGTTCCCGATCACGGATGTCCACGAGAATTTCTCGTTGGAATTCGTACGGTACAGCCTCGGTGAACCGAAATATTCGGTCGCCGAATGCATTGAGCGCGACATGACCTATTCCGCGCCGCTCAAGGCCACCCTCCAACTGGTCATCTTCGAGGATACCGGCGACGGCAAGCGTCCCCGGAACATCATCGAAAAAGAAGTCTATTTGGGCGAACTGCCGCTGCTCACCGAGCTCGGCACCTTCGTCATCAACGGTGCTGAGCGCGTCATCGTGTCGCAGCTCCACCGTTCGCCAGGCGTGGTGTTCGAAGAGAGCACGCACCCCAATGGCCAACGCCTCCTGTCGTCGCGGATCATTCCGTTCCGCGGGTCGTGGGTCGAGTTCACCGTGGACATCCACGATGTGATCTACGTCCACATCGACAAGAAGAAGAAATTCCCGGCCACCGCGCTCCTGCGCGCCTTTGGCTACGGGGAAAACCGCGACATCCTGCGGTTGTTCTTCGCCGAACGCGATCTCGACCTCCTCAAGAAGCGCGAAACCCGCAACGACATCCGTGAAATCCTCGGCGCCATTATCGCCGAAGACATCACGCTGCAGGGCGAAATCACGCCTGAGGATGCGCCCAAGGCCAAGACCAAGAAGGCCAAGGCCGAGCGCGAGCGCTCCGAGTCGGAACTGCTCGTGCGCGAAGGCGATGAGCTGACCGAAGAGGTGCTCAACCGCCTCGTCCGTCAGGGCATCAAGACCATCAAGGTCTTCGCCTCGTACACGCAGATCGACCTGCGCGACGAACAGGACGCCATCGATCGTGGCGAGCGCGAAGTGCGCCGTACGCTCGCCCGCGATGTCA
NZ_CP011454.1_gap23	1270934	1274725	3791	TGTGACCGTGACGTCTGAAGTCACTGGCGTGGGCGCGCTCTGGTCCTCGCCGACTTCAGCACCGCTGCGCGGACGTACGGGGGCCGACTGGGGTGCTGTCCGGCGGCGCAAGAGACGGCGAAACCAGGAGATCATGGTGGCTAGTCCGCGGAAGAGACGCGAGCGTGCTCGACATCGGTGCGCAGGGCGTCGAGCATGTCGACTGCTGAGTCGCCGAGGCGCTCACGGTGTTCCTGGGCCAGCAGGGCCTCGATTCGATCGAGGACGTAGGACGCCACAGAGGCGCGCACCATGATGAGCGGAGCGCAGGTACCCGTGCGCATGGTATCGTAGTTGGCCACGAGATTGTGGCGCTGCCATTCAAAGCGCAGCTCCAGCCACAGCGCGGCCAACGACCGATAGAGTTCCGGCTCATCCTCGTCTTCACCCATGGCTTCCGCGAGCGATGTGATATCGTTGCACAAACGCATCGCGTCGTCCACGACCTGCGCGCGGACGTCAGCGGGTAACTCGAGGGACTCGGCTATCGCACGGGTGTCGGTGGCAATAACGGCAGCATCGGCAATATGAATCAGCTGTGCAGCAAGTGTTGGCATGGTACTCACGCGCGAAAAACGATGAACCTGACCATCAGGTAAGGAGCCGTGTGCCACCCGACATGGAGTGACACACGGAGGCAGCAAGTGTTCAGGCGGCGCGCAGGCCAACGAGCACCCAGTTCGTTGCCGAGGGCGCATGGCGGAACAGGCGGATCTGCACGTTCGTGGGCTTCATTTTGTAGGTGAAGGTGTAGTTGAACTCCGAATCGAGTTCACCTTTGGCCACCCCATCCTTGAACTTGCCGAACATGAGCCGGTTGTTGGTGCACGGCGCAACCTGCGTGAAGAAGTTGCGCCCTTCGGCGGAGGCCACGGGGACGCCGGCCATTTCCGATTCCCAGCGATTGTAGAGCTTGATCACACCCGCATCATCCACCTGCACAATGCCGAAGGGCTGGGCATCGGCGTTGGGGCGATCCACTGAGGGAATCTGGGCAATGAACTGTGAAGGTACGAAGGACATGAGAACACTCCTCGAATTGAACGACGGTTTGAGTGGAATCGAAGCCGGAGCGGCTGGACTCAGGAGAAGGATTGATCGACGAGCGCGTTGACGAGTTCGCGGGCGCGACGTTTGGCAGAGCTTACGTCGTGGGCGGCACGGTCAAGCTGTTCTGCGAGGTCGTTCCGCTCTTCAAGGAGGGACGCCACCTGCGCTTCGAGGCTCTGGACCATCTCGATCGCTTCGAGATGTCCGTATGCGGCGGTTGCCCGCTCGTCATACAACGCGTGCAACTGCTCGGTGAGACTGCCCAGCGTTTCGGAGAGCGCGGCATGGTCTCCCGCCGGCGCGCTGCTTGCCTCGGGGTGGCCATGTTCACGCGCTTCGTAGAACTCGCCCAATTGGGCGGCGAGGCTTTCCACGCTGCTGCGGAGCTCCGCAATCGTGCGTGCACTCAGGCGCTGTTTGTCTTCATACAGCGCGGTAAGGGCTTCGTCGGGGGCAGCCTGTTGCCAGGACTGTTCCTTCTCCTCGTAGAGACTGACGAGTTGGGCTTCCAGATTCCCAAGCATCTCCCGGAGCGCTTCCAGCGACTCCGGAGCGCTCGCTGAGAGCGCGTGTCGAATGTCCAGGGCCAAGTGGCACCTCGGGACGGGCGTTGGGGGCGAGTACCAGCCCGCGCTCCGTATATCTCAGGGCGCGACGCTGGACCATTGGGCCGCCGCGTCGCGATCCGTATGCAGTGTGGTCTCGTCTCGTTGATGTAGGACTAAAGGGCAGGTGGTGTCACGATATGAACAACGACGTTTTAGACTTCCGGTTCTATGAAATCGGACGCTAAGGTGTTCAATCGCAATACTTTGTATGGCAACTATCGGTGGGGGCGAACGAGGGCTGAAACCGGACGCCACGGCGAGCGTAGGTTCTGTCATGTTCGCGCTCTCGTTGCTCGCGCTCGCCTTGGTGACGGGGCTCTTGTTGGTCCCGCTGGGGCTGCCAGGGCTGTGGGTCATGCTGGGGGCCACGCTGGTGTACTGGATGGCGGTCCCGGCAGGGAGCGTAGGGCTGGTCACGCTACTGGTGGTCTCGGCGTTGGTGATCGCGGCTGAAGTGGTGGAGTTCACGGTGGCCGGGAGCTACGCCCGCAAGTACGGGGGGTCCCGGCGGGCGTCGTGGGGCGCCATTGGCGGCGGGATTATCGGGGCCTTTGTGGGCGTCCCGGTGCCAGTGCTGGGCAGCATGGTCGGGGCCTTTGCCGGGGCCTTCGCCGGCGCCTTGCTGGCCGAACTCACGGTCCCCAGAGAACGGCGCGGCGAGCCGGTCACGGTGGCCAAGGGGGCGCTGCTGGGGCGCGTGGCGGCGGCGGCCATGAAGGTGGGCTTCGGGTTGGCGATCGTCGTGTGGGTCGGAGCGGCGGCGCTGGTGGGGCGGCTGTCGGGGACGGGGTGAAATCCCGTTCGGATTGCGCTCACGTCATTGATTCAGGCCCTCTTCTGCCTAGATTTGCACAACGCCCCGCGGATCGTCCGCGGGGCGTTTTTTGTGCGCGGCCGACCAGGTCGCCGGAGAGCTGATCGCATGTTCGATTCGAAGACGCGCACCGTCGTGGTGGTAGGCGCGCAGTGGGGCGACGAGGGCAAGGGCAAGCTGGTGGACGTGCTGGCCGAACAGGCCGACTGGGTGGTGCGCTATCAGGGCGGCGCCAACGCCGGGCACACCGTCCACATCGGCGACAAGTCGTTCATCCTGCACCAGATCCCCAGTGGCATCCTGCACCCCGGGGTGCGCTGTGCCATTGGCAACGGCGTCGTGATGGACCCCGAGACGTTGTTCACGGAAGTGGACGAGCTGGTGGAGGACGGCGTGGATGTGGAGGGGCGCTTGTATGTGAGCGAGCGCGCGCATCTCGTCATGCCGTACCACAAGCTGGTGGATAAGGCGAGCGCGGCCAGCAAGGCGATTGGCACCACCGGACGCGGCATTGGGCCGGCGTACGAGGACAAGGTGGCGCGCCGCGGCGTGCGGGTGCTGGATTTGCGCAACGTCGAGCGCCTGCGCGAACTGGTCACGTCGGGAGTTGAGCGCGCGAACGCGCAGCTCGAACGTTCCGGCAGCGACGTGCGGGCCAGTGTGGACGACACGATGGCGACGCTGGGCGCCTTGGCGCCGCGGTTGCTCGGGCTGGCGGACGATGTGGGGCTGTGCGTCCATCGCGCCATCAAGAGCGGGGCGGCGGTCTTGCTGGAAGGCGCCCAGGGATCGCTGCTCGATATCGATCACGGCACGTATCCGTTTGTGACGTCGAGCAACACCACGGTTGGTGGCGCGGCCACGGGCGTGGGCATTTCGCCCATGGCGCTCAACGCGGCGCTGGGCGTGGTGAAGGCGTATACCACGCGCGTCGGCAACGGCCCGCTGCCCACGGAACTCGAAGAGCCCCTGCACAGCCATGTGCGTCAGCTGGGGCATGAGTTCGGGGCCACGACGGGACGTCCGCGCCGCTGTGGGTGGTTTGACGGGGTGGTGGTGCGCTACGCCGCGCGCGTGAACGGCCTTACCGGGCTGGCCATCACCAAGCTTGACGTCCTGGATACGCTGGAGCAGCTGGCGGTGTGCACGGGCTACAAGGTGGGAGACGAAGTGTTCACGGAGTTCCCGGCCGACCTCGCGGTGCTGGAGAAGGCGGAGCCCATCTACGAGTGGTTCCCGGGGTGGCAGCAGTCCACGCAGGACGCGCGGACGCTGGCCGA
NZ_CP011454.1_gap24	1276237	1277909	1672	GGTGGACTGCAAGACCTGCAAGGGGCGGTTCCGCGCCGACAAGCTGGAAGACGCGAAGTGTCCGCAGAAGCCCAGCAAGCAGCCCGGGCAGCATGACGCCTGCGCGCTGACGGAGGCGCGGCAGTTCAATCTGATGTTCAAGACGCACATGGGCGCGCTGGAGGAAAGCGCGAGCATTGTGTATCTGCGTCCCGAAACGGCGCAGGGCATCTTCGTGAACTTCCTCAATGTGCAGCAGTCGATGCGCCAGAAAGTGCCGTTCGGCATTGCGCAGATCGGCAAGGCGTTCCGCAACGAAATCACGCCCGGCAACTTCATTTTCCGCACGCGCGAGTTCGAGCAGATGGAGATGCAGTTCTTCGTCGAACCGGGCACGGATATGGAGTGGTTCGAGCAGTGGAAGGCGCTGCGCATGCAGTGGCACCTTGATCTCGGGCTGTCGCCTGAGCGCCTCGAGTTCCACCAGCACAGCGCTGGTGAACTGGCGCACTATGCGCGTGCGGCGTTCGACGTGACGTTCGATTTTGGCGGGACGCTGGGCTTTCAGGAAATCGAAGGCGTGCACAATCGTGGCGACTTCGACCTCACGCAGCACCAGACGTTCTCGAGCAAGAAGCTCGAGTACTTCGATCAGGTGGGGAACAAGCGCTACGTGCCCTACGTGATTGAGACGTCGGTGGGCGCCGACCGCGTGACGTTGGCGGCGCTGGTGAACGCGTATCGCGAAGAAGCGGTGGAAGGGGAAGCGGAAGGTCGCGTGGTGCTTGGGCTGAACCCCGCCATCGCGCCCATCAAGGCGGCCATCTTCCCGCTCACCAAGAAGGACGGCCAGCCCGAGATGGCGCAGGCCATCATGAAGGAGCTGCGTGGATCGTTCACGGTGGACTACGACGAGTCGGGTTCCATTGGCAAGCGTTATCGTCGGCAGGATGAAGTGGGTACACCGTTCTGCATCACGGTCGACGGGCAGAGCACGGGCGACCAGACGGTGACCGTGCGGAACCGCGACACGCTGGCGCAGGACCGGGTGGACGCATCGCAGCTGAAGGCGTACCTGCAGGCGAAGCTGGGCTGATTCGGGCGGCCTGCCGGCGGCAGGGCACGAACGACTGGAAGAACGGAATGGTCCCGCGTGCCGAACGGCGCGCGGGACCGTTTCTTGTGCGGACGTCGTGCGGCTGCCTTCCGAAGGCGCCGTTTCCGTCCAGCGAGTTGCGCCTCCCGGCCGTAGCCTGCATCGTAGGCCTTCTCCACCTTTCTCTAACCTCCGTTGCCCATGATGTCCCTGCGATCATTGGTCCTGCTGGCCCTGCCGGCTGTTGCGCTGGTACAGCCCCCGGCGCGATCAGCGGCCCGTCCGGCCGCTGCGCCGGCACTGGCGCCGGTCACGCTCGATTCGGGCTTCCTCAAGAACTTCCGCTGGCGCAACATCGGCCCGGACCGTGGCGGCCGCTCGATTGCGGCCAGTGGAGTGAAAGGGCGAAAGAATGAGGCCTACTTTGGCGCCACCGGTGGCGGGCTCTGGAAGACCACCGACGGCGGCGAAACCTGGACGCCGGTAACGGACGGCCAGATCACCAGCGCCTCGGTTGGCGCGGTGGCGGTCAGTGAGTCCAACCCCGACGTGGTCTACATCGGCACCGGGGAGAGCGCGATTCGCGGCAACATCATG
NZ_CP011454.1_gap25	1310835	1311821	986	GCGGGGTGCCCCATCATGAGCACTTGCTGTGTACGGTGTGCGGCCGGGTCACGGAGTTTCGCGATGAACGCCTGGAGCGCATGACGACACTGCTGGCGGAAGCGCACGACTTTTCGCGTCAGCGGCACCGGCTGGTCATTTACGGATTGTGCGGTGAATGCCGTCGCGGCTCCGGCCGCGCAAGTCGCTGATGCGCCCAATGCACATCACTCTTCGCTTTTCAACTTTTTCGCATATCGTCCGTGGCGCCTGAATCCTTAACTGTCCTCGTAGCCTTCACCGCCGGGTTACTCAGTTTCCTGAGTCCCTGTGTGCTGCCGCTGGTTCCGAGCTATGTCACGTTCATCACGGGCATGGGGCTGGACGATGTCTCGCGCGCCAAACGCGCCGCGCTCATTCACGCCTTGCTGTTCGTCTTGGGGTTCACCTTCATCTTCGTGGCGCTGGGGGCCGGCGCCAGCGCTTTTGGACAGTTGCTGCGCGAGTACCGCGTGTGGATTGCCCGTGTTGGCGGCGTAATGATGGTGCTGATGGGCCTCTGGATGCTGGATATCATCAAGTTCGGCGCGCTGCAGCAGGAGCGTCGCATGCACTTGAGCGACAAGCCACTGGGATACCTTGGCACAGTGTTCGTGGGCATTGCCTTTGGCGCGGGGTGGACGCCGTGTCTGGGGCCCACCCTCGGTGCCATTCTGCTGCTGGCGGCCAACGAAACGGAACTGAGCAAGGGAATCATGTTGCTCACGGCGTACTCCATGGGGCTGGCGGTCCCGTTCCTGCTCAGCGCCCTCGCCATTGAGAAGTTCCTCGGCTTCTTCCAGAAGTTCAAACACAACATTGGTCGCGTGAACCGCATTGCCGGCATCCTGCTCATTGTGGTGGGCGTGCTGATGCTCACCGGGTGGTTTGAGCGCCTCGCGGCGTTCCTGCAGCCGCTTACGCCGGCGTTCCTGGTGGAACGGCTGTAGTCGGTACGCCGGTGCAAT
NZ_CP011454.1_gap26	1345234	1345929	695	ACCCGGCCGCGCCACGATGCCCGATGATCTCGAACGATCGCGCGCTCCGCATGGGCTGTGCGACGAGGCGAGGGGCGGGTACGCACAAGGCGCTGCACATCGTGGTGAGCGCTACGGCGGTGGCCCGGGAGCGCACGGCGAGGGAAAGATGCAACATGAGGCAAGCGGGTGAAGGGATCGGGAGGCTCGCGAAGTGTAGCCACCTTCATGGGGGACGACTCAGGGTGGAGGCTTCTGTTGCCGAACCGTCGCTGGGCCGTGACCGGTCGCCGTCGTCCCCGGCAATACCGGAGCGGATCCGGCGAGCGCCTTGCAACGCTGTACGGGTTCCCCTTTTGCGTCTGCCTGTCGGGGCCAACATCTTGGCGCATAGGGATGTCCGGTACCTCTGGGTCGCGCAGGAGCGAGTCCCGTATGACAACACCAGGCACACAACAGCGACGGCACCGAACGGGCCCGCAGCGCGCGATACTGCTGGCGGGCCTCGCCTTCCTGCTGTCGGCGTGCGTGGCCCGTTCGATGGTCATGTCCCCCAGTACGATACGGGATACCATCTGGTATGCGTCCGCACGAGCACGTGAAGAGGGGCACGACAAACGGGTTCTGGCCGACTCGGTGGAATACGGTGCTGCCATATACGACCGGACCAACCCGCGCGATCCCTTCACCAGCGCTCTGCAATTGACGCTGCGTGA
NZ_CP011454.1_gap27	1347256	1351016	3760	TCGGCAACGGCGCCTGGCGTCCCATGATCTCACTGGTCCAACCGGTGCGACGGGGCGGGCTGTTCCGTGATGGAACCGTGCTGCGGTTCGACGTGCTGGCCGGAGCGCAATCGGCGTTCCTCGTGGGCGTGGAAACGCCCGTGCTGCGCAACATTCCCACCGGCAAGACGAGGGCGCGCCGGGACTATGTGCCCTTGCGGGTCAGCCCCCGTCCGCCGCGCAATTCGGACATTGCGTCGTCGGCAATCCGGAGCAGCCTGCACACGGCGCGTGTGGCCGCTCGTCGTATGCAGCTGCTCACGGTGCCGTGGGTGGACCATACCGGACGAGGTGGCGCGGGAAGCGATCAAACCGTTCTGCGGCGACTCGAATCCATTCGCGATTCGCTGACGGCCATAGGAGGGGATACCACCCGTCCCGCGGTCGAACGTGAATCACAACGCTATCACGAGGCGATTGATCTGGCCTTTTCACTCGCTGTAGCTGTTGGTGCCGAGCCGACGGCTGCCGCAGGCAACGGGGCGGCGCCGGAACCGATCACCACCCCTACGTTGCAGGGACGACGCGTGGCGGAACAGGCCCGTGCGGTTCTGTTGGACGAGGTACTCCTGCCGTATGATCGCCTCCTCGGCCAGGACAAGCGCGATGATACGACGGTTCCCTTCGTGGCGCTGGCGCGTGGTGCCTTTCTTCGCTGGCTGCATGTGGAGTCGGGGGTGCCGGACGGCGCGGTAGAGGCCACGCTGGCGGTGTTCTCCGATCTGCTCGATCTCGTCGAGACGCTGCGCGCCGGAGCACACCGCGAGTGGGGCAGCGCCCGCTATGTCTGGCTTCCACTGCAATTGGCCCTCCGCCCTGAGCAGCATGATTCGCAGGCGGAATTGGATCAGCTGCTGACCCGTGCGACGCGCCAGCCATTTCGCGATGGCAATTCCGTGTCATACGTGATCAACGAACAGTTCCAATGGCAGCTCAGTCGGACGATTCGCGCCGCCCGGGATTACCATGTGCTGTGGATTCACGACATTCGCGGTCTCGACGCACAAGGTAATCCGGATGAGATGAGCTTCCGGCATGTGCTGCGGTCGTATTACACCGCCATGACGGCGCGCGTGCGCGAGTACGATCGGACCGGCAGGTTCCCCACTTATGTCATTCTGCTCGACCAGTTCTTCTACGAAGCGCGGAAGTCGCGCCTGTGGATGACGTTGCTCGAGAACCCGATGTATCACGAGGTCTCGCTCGGCCATGAGTATCGCGCGTGGGAGGATTCACTGGCCGTCGCCCAACAGGAGCTGCGCGAAGCCGTGAATCAGTCGGCGCTGCTCACGGCCCAGCGCAGGCAGTACGGGGAATCCTGGCTCCGCAATCTGGTGAAGATTCATGTGAACATTACCAACATTGCGGATCCCACGTTTTGGAGCTGGCGAATTGCCACCGGCTTCCCGGTGCCCGACACGTGGATGCGCGATCATCGCAAGGTGGCGTTCTACGATATCTCGGAAGACGATCCGAATCGTGGCGAAGCGATCCTGACAGGCGCCGGAGTGGGGGAGCACTACGCCAATCTGTCGTGGGAAGACCGCTCGCTCCTGCTGCGTGGGCCGGCCGCGCTGGCGCTCAAGCAAGCGGCGCGTGACGTCCTGCTCTCACAGGGAATGACCGGTAATCGGATTCCGGCGCTGCTCCAGTCCCGTGCACTCAGCGATGAGTATGCCGGCCGCGTGGAGCAGATGGGCACCGACGGTGCACGCCGATTGCGAGCCGCCATCCTGCAGAATGGCACGGGGTTCAGTGAGAAGCAGATCACCGTGGCCAAGGCCATCCTGTATACCCTGATGCCGCCGGGTTCCGTGATCAAGATTCCGGATTCGCTCTGGAATGGCACGTTCTGGGGATCAGCCCTGATGGGCGCGTCGCTGCGCGGTGCCCGGGTGTTGGTAATCACGCCAGCGCTCGTCAATGCACCCGCCCGCAGCTTCGGGTCCATGATCCGGAGTCGCGAATTGTTGTGGCGTCTGCTGATGGCTTCAAAGGTGTGGCAGGGCGAGCTCGCCCAGCGCGGCGGGATGCTCAAAGTGGGCATTTTCAACTCGGATCTTCCCGTAACCAACATTCCAGCCAAGGTGTTGGGGGTGCGCAATACGCTGCAGCGGCACCAGTGGCTCCATGATCTGTTTGATTTTCCGCCGTCGGTGTACACCGGGCTTGAAGCGCTCGCCGCCCAGTATGCCACCGTGCCGTTTCCGGTGCCGGACTCCACCGACTTTGAGTATCGCCGTTTTCCGCAGTTGCACATGAAGGCCAACTTCATTGCCTCACGAGAGGCGTGGCGTGTCATGGCCCGCGAAGAGTGGGTGGAGTTCACGCGGCAGTACGTGCCCCGTCGCATGACGCAAGTTCAGTCACGCGAGAGCGCCGTGCAGTCTTTCGGTGACCACGCGGAGCCGTTGATTGACGTGGGCGAAGATGTAGTGCGGCAGTGGTATGCTGAATTACCTGCCGAGCAGCGCGCCCGGGTGGTGTTCTATACGCTACTGGGATCGGCGAACCAGAACGATCGCAGTTTCAGCAGTGATGGGGAAATTGTGATCGCGCTCTCCAACTGGCCGGCCGTCATTCCGTATCTGGATCTGCTGTCGATTATCGGCCAGAGCAAGTGGGTGGAGACGCCCGAGGAGCTGGAGGTGCTGCTCCCGCGCCGTTCCATCGTGCTGACCCGGGTGGCGCACTGGTTCAAGGCGATGTTCTAGGATCGCTGGACTTTCCTGCCACGGGCTTAAGATTGGACCGGGTACCCACCCCAACCTCACTCGCCATGCTGTCTTTCAGGGCTCGTTCCCGGTTCACCTTCCGAGCGCTGTTGGTGGGCGCCGTGCTGTTGCCCCACACAGGCCTCGCGCAGTCGGCGCCAGTGGGGCTGAGCACCAGCAGCTTGCACGGCCTGCGCTGGCGCCACATTGGACCGTTCCGCGCCGGGCGCACCAAGAGTGCCGTCGGGGTCGCTCAGCAGCCAAATGTGTTCTACATCGGCCCCACGAATGGTGGCGTCTGGAAGTCCACGGACTACGGGCGGACCTGGAACCCCATTGCCGATGCCATGTCGAGTGGGTCCATCGGTGCCATTGAGGTGGCGCCGTCCGACCCCAACGTGATTTACGTGGGGAGTGGAGAGGGATTGCAACGCCCGGACCTGTCTACAGGCGATGGCCTGTATCGCTCGGCCGACGGCGGCAAAACGTGGCAGCATCTCGGCCTGCGTGACGGGCAACAGATTCCGCGCATTGCCATCGATCCCAAAAATCCCGACCGCTTGTTTGTGGCGGTGTTGGGGCACCCGTATGGTCCCAACACGGAGCGGGGGATCTATCGTTCGGTGAATGGTGGACGGTCCTTTGATCGGGTGCTCTACAAGGATGAGAACACTGGCGGTGCCGATGTGGTATTGTCGCCAAACGATCCCAATACGATCTATGCCGTGCTGTGGGAGGCCCGTCAGGGGCCATGGGAGAACGCTGCCTGGAGTGGGGCCAATTCGGGGCTGTTCAAAAGCGTGGACGGTGGCGCGACCTGGGTGCAGTTGGCGGGTGGACTACCTACCACGGCGGACGGACTGGGGCGCATTGGGATTGGGGTGAGCCCCAGTGATCCGCGTCGCTTGTACATCACGGCCACGGCGGGCGCCAAGAGTGGGATTTACCGAAGCGATGATGCCGGTGCCACCTGGGTGCGTACGACGGCTGATGGCCGGTACTATGGC
NZ_CP011454.1_gap28	1352881	1355435	2554	CGATACACTGAAACAGGCGGGAAACGCGGCTGGGGCGGCCGAGTTGGAGCGGGCGGTCGCTGCGCACGCCGCCGTGATAGAAGCACTGCAGGACGCCGACGATGTCCCAACCGATGTGATGGTTCGGACGGCGCGTGAGCGCCTGACCCAGTGGCAAGCGCTGAAGCAGAAGGGGAGACGCTAGCTCAAACGGCGATCCCGATCCGACCCCTGTTCATCACCAGCGGGGGCCCGTTTACCCCACTTGCCGTGACGCGGGTGGTGTCCATCGTTCAGTGTGCATCATGCAAACACCAATTCTGGCAGTGCTCACGTTACTGATGGCTGGCGCCTGGCCCACGGTCGGGTCTTCATCGCCGCGCCTGCGGCTGGACGGGTTGAAACGGGATGCGGTGACAGGGCTGGGCTGGATGGCGGGTTGCTGGCAGCAGCGCAACGGGACACGGGTGACGGATGAGCAGTGGATGCATCCGGCGGGTGGAAGCATGATCGGGATGAGTCGCACGGTGGCTGGTGACCGTATGCGGGCGTGGGAAGCGTTGCGCATCGTGGAGGAGGAGGGGCGCGTTGTCTATGTGGCTCAGCCGGGAGGCGGTCCTGCCACGCGTTTCGCCGCGTCACACCTCTCCGATACGTTGGCCGTTTTCGGGAATCCTGCGCATGATTTTCCGCAGCGTATTGCCTATCGACGCGTCGGTGCCGATTCGATGGTGGCCAGCATCTCCGCCGTTCGAAACGGGAACGAGCAGCGCATGGATATTCCCATGCGACGCATTGTTTGTGAGTGATCGCGTGCAGCGGATCCACGATTCAACGTCAGACGTGAGGCCATGAGCCAGCGCATCCTGATTGTTGATGACGAACCCCTCGCGCGCGAACGGGTGGCGGATTTGCTACGGCGGCAGTCGCCAACGGCCGAGCTCCGTGAGGCGGGAAGTGGCGACGCTGCCGTGACGCTGATTTCAGCATGGCGCCCGCAGGTGGTGTTCCTCGATGTGCAAATGCCGGAAGGGAGCGGTCTGGATGTTGTGACGCGCATTGGGCCCGCGGACATGCCGTGCACCATCTTTACCACGGCCTACGACGAATATGCGGTACACGCCTTTGATTTGGCGGCGGTGGACTATCTGCTCAAGCCCTTCGACGATGAACGATTTGCGCGTGCCTGGGCGAGGGCCATGGAACGCCAGACCCAGCAGGCGGTAGTCGAACATGCCCGCCAGCTCGGGGTACTGCTCGCCGGCCATGCAGGTGGTACGGTATCGGCGCGTCCCCCGGTTCCTCGGTACATCGACCGTGTGGTGGTGAAACAGGACCAGCGCACGGTGGTGGTGATGCTCGCTGACGTGCAGTGGATGGAGTCAGATGGCAACTATGTCATCCTGCACGCTGGTCGCGACACGTATCAGTTGCGTGACACCCTCACCAGTCTTGAAAGCCGACTCGATCCGCGTCGGTTTGTACGCATTCATCGCCAAACGATTGTGGACATGCGTGCCATGAAGGAGCTGCAGCCCTGGTTTGGCGGTGACCAGATGATGATTCTCCGCGATGGACAGCGGCTCAAGGTCAGCCGGAACTTGCGGGTGGAGGTGGCCAAGCGTCTGGCCGGGGAATGGTGACGGCATCACCGGCGCCCGTGCAGCAGCTGCGACGCTGGCTGCTGTACTTCTGGTGTGTGCCGGCACTGGTCGGGACGGTCGGGTTTGTGCTGGTCCCCTCCCGCCTGAATCCGGGGCTCTCCTTCGTGGGACTGCTCACCTCGCAGTTCCTGATCTGGGGAGCGTGGGTGTTGTGGACCACATTGCTCTGGCGCCTCGGGGATCTGCTCGTGCGACGAGGCACACCGGTCGTTGTACAGGGGCTCGCCTATGGCGCCAGTGGTCTTGTGGTGGTCGTGGCGCAGATTTTCTGGCAATCGGCGGTCGCCTTGTTCTTCGGTCTCGCCGAATCGCGAGGCTTCGAAAGCACGCTGGTGATTGGTGTGCGCACGAACGGCGATTACTTCGTGGTCATTTACGCGGCCCTCGTGCTCGCTCAGCTGGCGTTTCGATGGCTGGCGACGTTACAGGCGGAACGGATCAATGCCGCGCAGGTGAGTGCGGACCTGGCACAGGCACAGTTGACGGCGCTCCGCACCCAGCTGCAACCGCACTTTCTGTTCAACGCCCTCAACTCGGTGGTGACGCTGATTGCGCGGGATCCCACTCGGGCGCAGCAGGTGGTGGTGCAACTCGCTGAATTGCTTCGCCTGTCGCTCCGGACGAGTGAACTGCAGGAGGTGCCACTGTCACATGAGCTGGAACTGACCCGTCGGTATCTTGCCCTCGAAGAAGTCCGGTTTGCAGATCGCCTCACTGTTCAGTGGCAACTGTCCGCGCTCCCGGAGACTCTCGTTCCCGTGTTTGCCTTGCAGCCTCTGGTGGAAAACGCACTGGTACACGGCGTGGCGCGGAGTGCGAAGGGCGGCACCGTGACCATTGCGTCACGGGCTGACGCCGAGTCGATCACGCTGGATGTCCACAACACGGGGCCTGGGCTCTGGCCCCCCTCC
NZ_CP011454.1_gap29	1372541	1376980	4439	CGATTCACCACTTCTACGACCAGATGTGCGCATCGTGTGCCGACTTCAATTTCCGGAAGCGCACGGAACTGGTGGATTTGCGTGGCCGCACCGCGCTGCTCACCGGTGGTCGGGTGAAGATTGGCTATCAGGCCGGGCTCAAGTTGCTGCGCTGCGGCGCACGGTTACTCGTCACGACGCGATTCCCGCGTGACTCGGCCATGCGCTACGCCGCGGAGCCTGATTTTGGGGAGTGGAAAGACCGGCTGGAGATTTTCGGGCTCGACCTGCGGCATACGCCAAGTGTGGAAGCGTTCTGCCGTCAGCTACTGCAGACGGAGCCGCGGCTGGACTTCATTGTGAACAACGCGTGTCAGACCGTGCGTCGGCCGCCCGCGTTTTATGCGCACATGATGGAGGGGGAGCGGGCGGCCGCCGTCACGTTGTCAGAGGGGGCGCGCCTATTGCTGCGGAGCTATGAGGGCATGCGTGCCGCCGATGGTGCGCATGGAGGGGCACCCGCTGCCCTGCTGACCACGAAAGGCTTGGACACCCGGACCGACGACGAACGGGCGTTGGAGCGTGTGGGGCTGACGCACGCGGCCGCGCTGTCGCAGGTGGCGCTGTTGCCGGAAGATCACGATGTGGGGCAGGAGCTGTTCCCGGCGGGCAAGCTGGATCAGGATCTGCAGCAGATTGATTTGCGCACGCGTAACTCGTGGCGCCTCCTGCTGGATGAGGTGCCCAGCGTGGAACTGCTCGAGGTGCAGCTGGTGAACGCCATTGCCCCGTTCCTGCTCAATGCGCGGCTCAAGCCGCTCATGCTGCGCACTGAAAACCGTGACAAGCACATCGTGAATGTGTCGGCCATGGAAGGGCAGTTCTATCGGAACAACAAGACCACGCGTCATCCGCATACCAACATGGCGAAAGCGGCGCTGAACATGATGACGCGCACGAGTGCGGCCGATTATCAGCAGGACGGGATTCACATGAACAGTGTGGACACCGGGTGGATCACCGACGAAGACGTGGCGGAGATTGCGGCACGGAAGGTAGAGAACCATCGCTTCCATCCCCCGCTCGACATCGTGGACGGGGCCGCGCGCATTGTGGATCCCATCATTTCCGGGGTGGCCACGGGGACACATGTCTGGGGACAGTTTTTGAAGGACTACGAGCCGACGGACTGGTAGACGAGGCGTACAGCGCCCCCGCGTCATGGCCGACGCGGGGCAGGTTGTGCGCGTCGTTGTCGTTGGGCAGGGCAGGGGCCCGGCGTGACGCACGGCGAGCCAAGAGCAATGACAGGGCGGCGGACAATGCACTGAAAAACATGAGCGGACCGGCAATGGCCACCGTGAGTCCCAGCTGTCCGCGGCCCCCGGGGGCGAGTGTGGCCAAGCCAACACTGACCATGCTGGCCGGCACGAGGCTGAGGAGCGCTCCCCCCAACGCGCCCCAGGCGGTCATGCGCCGGAGCGGGATGGCGGTGAGGGGTGTCCCGCGAGCCGCGACGCTGAAGACCCCGGCAAAGAGCAGCCCGGCGAAAAACCCGGGGACGGCCAGCGCTGGCAGCGGCGCGTCAAAGAGCTCAAAAAAGACGGTCCAGGGGAGCCATGGCAGCAGCAGACTGCTCACCCCGATGCATACTCCACCGACCGCCCAGCCGGCGGCCCAGGTGAGCCCGATCCCCACCACGCCCCGCACTCGCTTCATCCACAACGGCATCGTCTCCTCCGGTTCTTGGTACTTTATAGCATAAAGTACTTGACGGAAAGCCCGGTGCGGTCGATACTCCTCCGTATGTCCGCTCATCCCTCCGGCCCTCCCGCTCTGCACGACCGGGCGATTCAGGATCTGTTGTTCATTCGTCGCACCATGGAAGGGGCGGCGTCGTTCACCGACGTGCCGGGATGGGGCTTGGTGGGCATTGGGGCCACGGCCATCGCGGCGGCTCCCGTGGCGGCCCGCCAGGGAACGCCGGAAGGGTGGCTCGCCGTCTGGATCGTCACGGCCATCGTGGCCGGGAGCGTAGGCGGGGTGACCATGTGGCGCAAAATGCGTCGTCGGCTGCCTGCCCCGGGGCCGCTGCTGCTCAGTGCGCCCGCCCGAAAATTTCTGCTCAGCTTCTGGCCGGCACTCTTCGCGGGTGCCCTCCTGACGCTAGCGCTGGTGGATCCGTTTACCCCCGGGATGGCGCCACGGCTCGCCTCGCGGGTGCTGCCGGGGCTGTGGCTCATGATGTACGGTGTCGCCATCACGACCGCCGGCGCCTTCTCGGTGCGGGCGGTGCCCCTCATGGGCGCCGGCTTCATGGCGCTGGGAGCCATTACCCTCTTCCTGCCGGCCGCCGATGGGGATCTCATGATGGCCCTCGGGTTCGGCGCCCTGCAGATCGGCTTTGGCGTTCACATTGCCCGGAGTCACGGTGGGTAAGCGCCCCGGCTCAGCGGCCCGGGCCAAGTCGGCCCCCGAACTGCCCCCCTCCGGGGACTCAGAGGAGCGCCCGACATTGACGTCCATTGCCGGAGAGGCCACGACCCCGCTCGCTCTGGACCGCCTTATTCACGAGCGCATCCGACTGGCCATTGTCAGTGCGTTGGCGGTGCACCCGGCGCTCAGTTTCAACGAGCTCAAGGCGCTCCTGGACACCTCAGACGGCAATGTCTCGGTCCATGCGCGCAAGCTCGAAGATGCCGGCTATGTGGCCTGTTCCAAGGGCTTTGACGGGCGGATTCCCCGCACGGAGTATCGTCTGACCCCCGCTGGTCGTCGTGCCCTCGAACAATATCTCTCTCACATGGAAGCGCTCATCCGGCGCGTAGGAGGACAGTGATGGCCAAAGCCAACGTGCCGGGGCACCTCGCGATCATCATGGACGGGAACGGTCGCTGGGCCAGCCGCCGCGGTCGTCCCCGGTGGATGGGCCATGTGCGAGGGGCGCATACGGCGCGTGAGGTGGTGGCGCACTGTGCCCGCGTGGGAGTGACCGATCTGACGCTCTATGCCTTTTCCAGCGACAACTGGAAGCGTCCCCGGGAAGAGGTCGGATTCCTCCTCGACCTCTTTACGTCGCACCTGGATCGCCAGCTGGCGGCGTTGCTGAGCAACGGCATTCGCCTGTCCATCATTGGCCGCCGTGACCGGTTGCCCCCCGCGCTGGTTGCGGCCATTGCCGATGCCGAAGCGCGCACGGCGCACGGTACGCGCATGCATTTGCGGGTCGCGATCGACTACTCGAGCCGCACGGCCATTGAAGAGGCGTTTTCGCGCCGGCAGGAAGGGCAGGTAGATGCACCGCTCGACTCGCTGCTGCCGCAGGTGGACCTGCTTCTGCGCACGGGTGGGGAACGACGCCTGTCCGACTTTCTGCTTTGGGAGTGCGCCTACGCCGAACTGGCGTTTCTGGATGTGCACTTCCCCGATCTCAGCACCGCCGACCTCGATACCGTTTTTGCCGACTACGCCAAACGCGAACGCCGCTTTGGCGACGTGGGCGCGTCGGGGCAGCTGGCGCCGGTGCCCTGAGGCGTTAGCCGAGACGTCGCAACGGGTGAATGCGCACGTTCACCGGTGACGCGGCCAATACAGAGTCCGGTGCGCCGGTCAGCGGAAACCCGGCGAGTGCCGCCGGGGCGGTAGTATGGGCCAGCAGCGTGGGCGTGTGAATGTGATACGGCGTGTGTGATACGCGACCACGGTACAGCTGCCCGCGCGCATCGGCAGCGTACAGCACGTAGCGCTCCACCAGAAAATGCTCCAGCGATTCCGGCGCGGCCGGTGCGGATCCCGCGTGTTGCTGCCACCGATAGCGCCACGGGGCATGCACGGTGCCACGCCGCTGGCTGTAAAAGTCCACGGCACCGCCCGCGTGCGTCGCGTGCATGCGGGCGTGTACGTACGGCAAATGAAAGAACCGCTGCGCGATGGCCACACCGATGGGCTGATTGCAGTCCAACGAATAGAACCACACGCCGGGAACACCAGCGGCATCACGCACATAGGTGCGCACGTTGAGCTCCAGAAACCAGGAGAGCCACGGCACCGGCGGCAGGAACGCCGGTCGCACACGGTCCATGAAGAACGGTACGATACCCAGGTAGCCCTGCCCCTCATGCGTGTCAACGAACAGACCAGGCGGTAGGGTGGCCTGCACCGCAGCCGCGCTGACCCGCCAGTGCAGGAACAGCAGATCACGCCACCGCTGTGTCCCCACCACCGGGTTCGGCGGGGGCGACACTTACTCCTTCACCTCACACGCTTCCAGCGGATTGCCATCGAGATCGCGGAAGCGGAAGTAGATCACCCCGGGCGTTTCGCTCAGCGAGTCTACGGCAACGTCGTTCGCCGACAGCGCTGCGTGGGCAGCCTTGGCATCCGTACACGCCAGGATGGGATACGTACCGGATGCCACGAACTCGGCGCCGTCCGCGAGTTGCCACAACGTCAACGTGGAG
NZ_CP011454.1_gap30	1381808	1383660	1852	TGCGTCGGGTGATACCTCGTCTGCGACGTTTGCGTCGCTGCTGTCCGATCTGACGGATACATACCACAACAACAATCGCATTCGCGACGCGTACAATGCGGCGCGACGCTGGGAGGCCGCACTGGAGCGGGCGGGGCGTAGCAGCAGCGTACCGATGCTGCGGGCGCGCCAACGTGTTGCCTCCGACCTGCGCGATCTGGGCGAAATGCAGTCCGCCGACTCGGCATTGCAGGGGGTGCTCTTGCTGGCGAAGCGCATTGACTCCACCAGTGTCCCGCCGTACGTGACCGTGCTGGCGGGTGAGGTGGCGCGGCAGTTGCTCGGCGCCGATTCGGCGGCTCGCCTGTTTCAGGCCGCGGTCGTGAACGCGCGAAAGAGCGGCGATGATTTTCGTACCCGGTGGGCGCTGGCCAACCTTGCCAATTCCCAGGCCGATGCCGGGCAACCCGCTGCCGCCCAGCGCACGCGCGATGAATTTGAAAAGGCCGGCGCTCTTGGGCCCGGGAGCGTGGCCATGATTGACGCCCGCATCGATGATGCGCGCGGTCAACCAGCTCGGGCTCTCACGGCGTATTTGAAATCACTGGCGGAACGTGATTTCCCATTCGGGCGGAACGCGCCACCGTATCATCGGATCGTGTACCGTGCCGCGCGCGCGGCGCTGGCCGCCGGCGATGGCACGGCCGCCGATACGTTGGCTGGACACGCCATTCGGCTGGAACAACAGATGGGGCATAATCCGGCGCGCAGCGCCGACATCGGGTTGTCGTATCTGGTGCAGGGGAGGGCGCGGGCGCTGTTGCGCGATACCGTCAATGCGCGCCTACTGGCGGGGAAGGCAGAGCTGGCGTTGCGGGCTGGCTTTGGCGCGGCGCACCCAGCCACCCGCGACCTCGTGGCATTTCAACAGCAGTTGGTGGCACGCTGATGTCGATCCGTCTGCTGGTGGACCAGGCCGCCACTGGTGACCCGGCCGCTGCTGGCGCGCTGTTTTCAGCCTTGTATCACGAACTGCGTGTGATCGCGGAGAAACATCTTCGCGGGCAGCGCGACGGCGTCTCTCTGGGTACCACGTCGCTGCTGCACGAGGCCTATCTCAACATGCGTGATCGTGAGGCGGGGCAGTTTCCGGACCGGGCCCGTTTCCTGGCGTACGCCTCCCGCGCGATGCGGGGGTTGGTGATTGACTACGTGCGGAACCGTCAGGCCAAGAAGCGCGGCGGGGAGTTTCAGCTCATCACCATGGACGATGGGCAGATCCCGGGAGATCAATCCGAAGTGCAGTCATTGGAGTCGCTGTCAGAAGCACTGGATGTGTTGTCGTCGGTGGATGCCATGCTCGCGGAATTGGTGGACCTGCATTTCTTTGGCGGGTTTTCCTTCATGGAGATTGCTCATCTCCGCAACGTGTCGGAGCGCACTGTCCAGCGTGACTGGCGAAAGGCTCGCCTGCTGCTGCACCACCATTTGCAGCAGGACAGCTAAACGCACGTTTACCGTGCAGCGCCAACGCGCTGTCCACCAATCCACACCGAGTGCTGCCGCCGGATATTCGCAATGCGTGCGAGTGGCGAGGCCTCCAGCACCACAAAGTCGGCCCACTTTCCGGTCTCAAGCGTGCCGACTTCCCGGTCGATCTGCATGCACTTGGCCGCGTCGCGCGTGGCGGCGCTGATCGCCTGCGCGGGCGTGAGTCCGGCGTCCACCATCATCTCCAGTTCCATCAGTTCGAAATAGCCCTGGAAGCGACCAAGCGGGCCGGTGTCTGTTCCCATGGCAATGGGCACCCCAGCGTCATGCAACGTCTTGAGATTCTTCGTGGCTACTGGCAGTTGGGCTTTGTAGCGCTGCG
NZ_CP011454.1_gap31	1484487	1489243	4756	TGCCCGCATACGCGCCGCGTTCGGCCAGCGTGGCAAAGGCGTGCACCGCCGCGGGCGCCACGTCGGGGAGCAGCTGTAGCTCCATGCGACCACGGCCACGCACGGTGACCACAGCCATCGCTCCATCGAGCGCGCGCAGCTGCGCCTCCGACGGAAACGGAGGCGCTTGGAGTGGTGGAATGAACACCGTCCCGCCGGGGGGCTGCCTGAAGCGGAACGCTGGCACGGCTTCCGTGGCAATGCGTTGAATGACCGGATCTCCATCGCGCACCCACTGGGTGAGCCAGGCGCCGCCATAGCTCATGTGCGCCTGATCGGCTTCGATGATGAAGGGCAGCAAGACTTCCCGTGCGTCCCGCCAGCGGAGCGGTTTGGTGCGACTGATGCGTTCAAAACTGCGCACGGCGGCATCCAGTTCTTTGCGGGTGGCCCCCGCGCCGACCTTCTTCAGCATGGTGGCCGCCTGCAGCAGCAACCCCGCATGGTTGGCCTGCAGCGCCTGCACCGCTTCTTCGCGCGTGGTGATGGCATCAACGCGCACGTTGGGGTTCACATCGTTCGCCAGGCGACGGAGCAGTGCCTCGTCATTCAGGCGACGAGCCGCGCGGGCGGCCCAGGCACGGGCCTGCCACGTGGGGCTGGCGGCCAGGGCGCGAACTGCACGGCCAGCCTTCGCGCTATCGGCGTAGGTGAGGGCGAACACCGCATGGGCCCGTGGGCGCCAATGCACGGCGTCACGGCTCAACGCGTACAGCGGGGCGGGATCGCACCGCAACGTGCCCAACAGGTCAATCGCCAGCAGACGCACATGTTCACTGCGGTCACGCACATGCTGTACGGCGCGATCGCAGGTGCCGGCGGCACGCAGCGCCTGCCAGCGCACCATGGGCGAGCGGTCGTCTACCCACGTGCGTCCCAACATCACGGCGACACGTCGAATCTCCGGGTCAGCATCCGCCAGCCCAACACGGATCGCCGCACTGTCACGATACGCCGCCGCGTTCAGGGCCAACAACAGCGTGAGTCGCAGCTCGGGATCGGTTGTACGTACCGCCGCCGCCGCGACGGCATTGAGCGTTGCGGGCGATGCCTTGGATGTGCGCGCTCTCCGCCGAAGGTACGATTCCATGCCCCGTGCGGCCCCGCGTTGTACGTCCAGCGACTCGTCTGTGAGCCCCGTCAGCAGCGCCGTTTCCACTCGGCTCGAATCAAATCCGCCACGTCCGAACGTTTCATACAACTCGGCGCGCACCGAGGGATCCCGCTCTTTCGTGAAAGGAAAGCTGCGAGCGTGGAGCACCATGCCGGCACTCTGCAGCTGGGCTGCCGCGCGCACCGCCTCCCGACGCACCGAGGCGGCAGGGTTGTCCATGAGGCGGTCGAGCATCAGCGCCCACCCTTCGTCATCGGTGCGCCCCAGTGCCCGCGCCGCCAGCCGTTGCAACACGGAGTCCCCGGACGCAATGGCCCGCTCTATCGTGACCGCGTCCGTCAGCCGGGCGTGTTCGGCGACCATGACCTGATACGGCGTGGGAGGCGGCTGCACCTGCGAGTGGGAAACCGTCGCGACGGTGAGCAGCTGGAGAGCCAATGACCACATGAGGCGAATCTCGACCAGAGGGTGATAAACTCCCGCAAATATGCCCCTGCGCGGGCTCTTCGCGTAACTTTCTCCTTCGCCTTGTCTCCAGGAGAACGTTGATGCGGTTATACCTGCCTCGGGGCGCCTTTATCGGCGCCATACTGCTTCCCCTCGTCAGCGCCTGTACCGCTGGCGCGGGAAGAGTGGGCCCTCTCAACCGGTTCGGAAACCCCGAGAGGCTCACACCGGCCCCTACGGCGCCGGCCATCACGCCGCGTGATCTCCAGATCCGTCTCTACCAGTTTGCCGACGACTCGATGATGGGGCGGCAGGTCGGGCGGGTGGGCAATCAGAAGGGCACCGACTTCATTGCCGCTGAGCTCAAGCGCCTCGGGCTGGAGCCGGGCGGGGTAAATGGCACGTACTTCCAGAATCTGCCCTTTCATTTGCGCAAGTTTACGGAGCACTCCCGGATAACGGCTGACGGCAACCCCCTGGCGTGGAACACCGACATTGTGGCCGTTCCGGGGCTGCGAGCGCCGCGCATGGTGGTTGATGCGGAAGTGGTCTTTGGCGGCACGCAGGGCGACACCGCGCAGCAGATCCCGGCCAGCGCGGCGGCGGGCAAGTTTGTCGTGTTACTGCCAGCGCCGGGTGGGCGCGGAGGGCAGGGGCAGGGGTTCGCGGTGCGACAGAACTTCGCACCGGCGCCGTCGCGGTTTGCCGATGCGGCGGCCGTCGCGATTATCGATCTCGACAATCTTGCGCCGGCGCAGCGCATCGCGATCAATGAGCCCACGGTGGCGCAGCAAATCGCGCCACCGCGCGTCGCGCCCGCTGCATCCGGACCGGTGGATTCGCTCGCGATGCTCAAACGCGAACTCGCCGCACTGCAGCCGCAGGCGAGCTTCCGTCTCACGCGAATGGGGGCGGCGCAGCTGTTCAAGGGCCAGGCAGTCGAGGCGCTGGCGCCCGGTACGCGTGGCGCCGTGGTGAACGCCGCCCTCGATTTCGTGGAGCTGCCCACCGAATTCGGACGCAACGTGATCGGTATCATTCCCGGCAGCGATCCCAAATTGCGGCAGCAGTATGTCGCCATTGGCGCGCACAATGATCATGTCGGCTTCACCACGCCAATCGACAAGGATTCCCTCAAGGCCTTCAACGAAGCCCGCAATCGTCTGCTGCTGGCCAACAACATGAAGCCGCTGGGACCCGAGCAGGTGACGAGGATTCGCGTGAACATGGACAGCATTCGGAAAATGCACCCCACGCCGCGTCTCGATTCCATCAACAATGGCGCCGACGACGACGGGTCAGGATCGATGGGCGTGCTGGAGATTGCCGAGGCCATCATGGCCATGCCGGTGAAGCCCAAGCGCTCGCTGCTGTTCGTGTGGCACACTGGTGAGGAGGCCGGCTTGCTGGGCGCTGCGCACTTCACGCGCAATCCGACGGTGCCCATCGATTCCATTGTGGCGCAGCTCAATATCGACATGATCGGACGCGGACGTGCCGAGGATTTGCCGGGGGGCAGCGACGACTACGTCGCCGTCATTGGGTCGCTGTTCGACTCCAAGGACCTTGGCGAGACGGTCGCCAAGGTGAATACGAAGCAGGCCAAGCCGCTGGCGCTCGACTACAAGTTTGATGAGCCCAGTGATTGGTCGGGCTACAACAATATTTATGGTCGCAGCGATCATTTCCGGTATGCGCAGCAGGGTATTCCCATTGCGTTCTTCTTTACCGGACTGCACGGCGACTACCACCAGCGTACGGACGAACCTGAGTGGATTGACTATCCGCACTACGCGCGGATTGCCAACTACATCCGGGACATCACGGTGGAAGTGGCCAATGGGCCCCGCCCGCGGCTGAACGGCTCGAAGCCGGCGAAGCCCAAGGTCATCGTGCCGTAAGCGTGCTGTCCGCGAGGAGGCGCTGATGTCAGCGCTTCCTCGTCCAACGCAGGAACAGGAGGTGCGAATTCATTCCCGGATTCGCGCCTCCCATGCTGGCATTGGAGAGGTGGTGCAGCGCGTAGCCCACCGCCATGGCACTCTGGCTCCCCACGTCCTGCTGGAACGCTACGCCGGGGGCCACGGTAAAATTGGCCTGCGTAGCCTTGCCGTACGGCACGACCTGGCTGAACCACGCCCCGCCCGAGGTCACATTGACAATGAGGTGCGTGTGGGCCGCCAGCGGCATTTGCGCTTCCGCCCCGAAGGGCGCGATACCCACCCCGACACTGCGCCGTAGCGAATACCGGGCAAGACGTTCCGGGTTTCCCGCTTCCGCCGGGTCATTGGCCAAGGTTGGTACGCGTTCCGGTGGGGCACCGGACAGGACCCGAATGACGGGTTGGATTTCCACCAACCACGAAAACGTCGCCCCGCGCCACCGCACCAACGGCTTGGCGACCTGCACCGCGACGGTGCTGAAATCGCCGTCGATGAATTCGTTGTGCGACGCGGTGCGGGTGGACACCGCGTCGCTGAGCGCCACCTGCCACTGCAGGGCACTGCCGCGCAGCAGTTGTGGCTGCGCGACCGCCGGCGTGGGGGCCACCATCGCCCCCACGCTGACGGCCAATACCTGAGTGCCTCGTTTGATGCGCATCATTGTCGAAACGGCCTTACGCCACAAACGACCGCATTACATTGCCGCCGGCTTCTTGGGCGCGTTGGCGTTCTTCACGTACTTGTCGAGCCACGCCACCCAGCGCCCCCATTGATCGAGCACGGTCTCGCGCGCGATCGGACCGTGATCCTCATAGGGATACATGTACAGCGAGGTCGTCTTGCCGAGCCCCATGAGCGCGTGGTACAGGCGCGTGGAGTTGATGGGATCGGTGCCCACGTTCTGGTCTTCGGTGCTGTGGTACATGAGGAGCGCGCCGTTCAACTGGTCGGCATACAGGAACGGTGACATGTCCAGATAGGTCTGCCGGCCGGCCCAGAGGTCGCGACGTTCGGACTGGAACCCATTCGGCGTGAGTGTCCGATTGTACGCGCCGTCGCCGGCAATGCCCGCCTTGAAGAAGGGCGTATGCACCATGGCGTTCACGGTGCTGAAGGCACCGTAGCTGTGACCACCGAGGCCGAGACGGTGGCGGTCGATGATGGCCAGCGTGTCGAGCGCATCGATGACAGCCGACAAGTTGTTGCGCAGGTC
NZ_CP011454.1_gap32	1511298	1513212	1914	GCGACGCCCGCAACGCCGTCGGCATCTCCCCGGCAAACAGGCGCGTCGTAATCTGCTGCACCACCCCGTCGGCATTGTCCGGCGCACGGAAGAGCATCGAGTCGCTGCGGTACGTGGTGGTAGAGGTTTGCGCCGACAGGTACTGCATGTGCGTCCAGCGGGAGAGCACGAGCCCGCTCCACCACGCGATGGAATCAGGGAAGCCGTCGGGCTGATCCCACCGGAACAGCGGCATTCCCAACCCCTCGTTGTTGCGTCGGGCGTTGCGCACGTTGGGGACCGTGGCCGGCGTCGCCCCCAGCGCGCGCATGGCGGAAATGGCCAGATGAAAAGGACGCTTGTACTTGGCCGGTGCCGCCATGAGGTTCTTGCTGGTCACGATCGTGCGGATCATGGCCCGGATGTCACCGCCCGTCCGCGTGAAGGTCGCGGCCGTCGCGTCAATCACACTCGCCGGTGGCTCATACGACAGCAGCCACCGCGCCATCTTGGTGCTCACGAAACGCGCCGTGCTGGGATGTGCCAGCAGCATGTCGATGGCACGATCGCCCTCCCCCTTCATCTCAACATCGGTGGCCGTGGAGGCCATGCCCGGGAACAACTGCCCGAGGAACGTCTTGGCGTTCCGGTCGTGATACGTCCGGCGCCACAGAAACGTGCCGTCGGTGTTGGTGCTCCATCCCGTCAGGATGCGCGAGAGTTCGGCCACATCGGTCTGGGTATATCCACCATCGACCCCCAGCGTGTGGAGCTCCATGATCTCACGCGCATAATTCTGATTGGGCGTGGGCGTGCGACTGGAGTTCTGGTTGAGGTAATTCAACATGGCCGCGCTCTGCGCCGACGCCTTCAGCAGATCACGGAAATTGCCCATCGCATGACGGCGAATCACGTCGCGATCATCGAGCAGCTTGTTGAAGCCCACGTTCCCCACTTCAATGTCAATGCTGAAATGGTCCGTCCAGAACTCCACCATGCGCTCATACAACTGCTTGCGCGAGAACAACGCCCGATACCACGCGGCGTCCGCCAACTGGTTCATGACCTCCGTGCGGTCCTGCGTGCGCAGCGCCGCGCCGGTCATCGCCAGCATGGGGAGCCGCGTGGCCAGCAGCGTGTCCACAACACTGTCGTCAATGGCCGCCGGGTTGAGCTGATACTCGAGATACCCGCTGAAGCCCAACTGGCGGGCCCGAGCCACTTCGTCCGGCGACAGCCCCATCGTGAGCCGTCGGACCAGGCGCAACACCGGGTCGCGCCACCCGAGCGAAACATCGGCACCAGGTGTGGTGCCCGCCGGCAACGGCGCCCCTCGTCCGCCGCCCGCCCGCGGAGGCTGCGCCGAGACGGCCTGCGCTGCCGCCAGGGCGGCAACGGCACTCGTCCCCATGGCAAAAAACCGCCGACGGCTGGGAGCCGCCTCCGGCACGGTCGCGATGTCGCTCTCGGTGCCGCCCTGCTCGAGCTCGGTAGGGTTGATCATGGATCCAATGCTTCACGTAGAGGGCGATTCTGTCAATGAACGGAACACAATCTTTGCAAACCCACCGTGCGCACCGTCACACAGCGTGAGTGCCGAGGCCCGCCGGGTGACAGCTGTTCATGAAGCCGGAAAGTCCGGCCAGCCTGACGTGCGTCAGACGGCTCACAACGGGTTGGCGTTAAGACCATAAATGGCCTGCAGCAGCGCGAGCGCCACAAACGCGACGACCCCGCCAAAGCCCAGAATCATCACCGGCTCAATCAGCGTCACCGCACGCCCCAGTTGGCGTTCGGCCGCCTCGTCCGCCGCCTCGGCGGCCCGGGCGGCCAGCGATGCCAGCGCTCCGCCAGCCTCGCCGGCCTGCAGGAGCTGACGGGCCAGCGGCGGGATATCGCTCCCCAAGGCCTCCACCACCGACTCGCCGTTTCGCA
NZ_CP011454.1_gap33	1515322	1517903	2581	CTGGCGCCGGCGCGCAGCGCTTCGGCCAGCATGGCATTCACGACCTGAACTACCGGTTCGCGGTTGGCCAGCGCCTTGAGGCTGTCGAGCGACTCCACGACATCACCGGCCAGCGTCTCCGCGGTGGCCGCGGGCGTGTCGCGCGGGATGGCGACCAGGGCCGCACGGATATCACCGGCTCCTGCCGGCACGATCTCCACGCTCGCGCCGAGTGTGCGTTCGAGCGCGTCGAGCACATGCAGGGGCGGCATCCCGTCGGCCGCCACGCGTGCGACTGTGCCGTCGAGGGACAGCGGCAACACCGCCTGCTCCTCCAGCCAGCGCGCCGGAAAACGGCGAGCCAGTGGCTCAGCAGCAGCCGCGCGGAGGTCGCGTGCATCCGTCATGAGCGACTCAGCGCGATGGCGGTCGCTTGACCGGCGTGTCGTTCAACGCGCCCGGCGACTTCTCTTCCATCCGCTTGCGAATACGCTCCCGAATCGCGTCGGCATCGGTGTCGGAACGCACGATGTACGGCGTCACGAAGATGGCCAATTCGGTGCGCTGCCGTGTGGTGGATTGGCGTCGGAAGAGTCCGCCGAGGTACGGGATGTCCATCAGCAGCGGGATCCCCTGATCCTGCACCTGACGCGTGTCGCCAATGAGGCCGGCAATCACCACCGTTTGTCCATCACGCAGTACCGCCCGCGTACTGGCTTCGCGCGTGGAGATAATGGGCGCGCTGAGTGCCGCTGACACCGTTTGCGGCGTGAGGGAGCTGACTTCCTGCAGCAGCTGCACCGAGACATAGCCATCATCGTTGATGGTGGGCAGAATGGAGAGCTTGGTGCCGACATCCTGGTACTGCACCGCGCGGTCGATGGAGATGTCATTGCCCAGGCGGGTGCTGGCAATGAACGGGACCTTGCTGCCCACCAGAATGGTCGCTTCGCGATTGTTGACCGCAATGATCTCCGGCGTGGACAGCACCTGCACCTTGCTGGTGGAGGCAATCGCACGCAACAGGGTGCGGACGCCCGTGCCATCCAGTCGAACCAACCGCAACAATGCCGAGGTCGATCCGGTATCCGGGATTTCCGGGTTGCCGAACTGCCCCTGCACGTCGCCACCGCGATTCACCGCGGCCCAATCCACACCGAATTCAAAGCCGCGTCCCAGCGCGATCTCGGCAATCGTCACCTCGAACAGCACCTGCGCCGGTCGGATATCCAGCGCGTCAATGGTTTCCCGCAGCATGGGGAAGTTGGGAGGCGCCGTCCGTATCACGAGCGCATTGGTGGGGCCGTTGGCGACCACCGTCGTACGTCCCACCAGCAACCCGGCGGCTGAATCGCGCGGCGCTCCGGCGGCTACGGGGGCGGCGGAGCCGGCGCCACCCTGTGGCAGCGCTGCGTTGCGCGTGCGGAACGTTTCGGTCTCGCGAGCCCGGAAGCTGTCGAGGGCCCGGGTCAACGAGCGGTCGCTCAGGGATCCGATGTTGGTGTTGGCCACCTGCACACCGAACAGCTGGCCAATGGCGGAAGCGAGATCTTCCGCCGACGCATACTTGAGATTCACCACATACGTGCGCAGCCCCGCTTCGCCGGCCGGCGACGCGTCGAGCGTGCGCAGGAGTTCCAGGTACCGCGCCATGTTACTGCCGCGATCGGTGATGAGCAGGGCATTGGAGCGTGCGACGGTCTCCACGCGCGCGCCCTTGGCCAGTACCGCGCGCAATGCTTCGGCGCCTTCGTCGGCGCGAATGCTTTGCAGCGGCACCAGCTGCGTGACCAGTCCCAGAGGCGGCGGATCGGGAAAGGCAAAGCCGGTGCGCAGCGCACCGGCCGACGGTGCCTTGTCGGTTGGCAGCACCTGCGCCACCATGCCGCTCGGCACCAGCATCAGCCCGTGGGCCTCCAGCAGCGATTCCAGCACGCGCTCCACGTCGGCGGTCTGCACCGCCGCCGGGGTCGCGAACGTCACGCGCACATCGGGGATATCGCTGAGGATCACGGTGCGCCCCAGCACCTGTGCGAGTGCGCGGATAACATCGGCCAGTCGTGCATTGGCAAAATCGAGTGATGCTGATTTCGACGTCTCGGTGGGCCGGACTTGTGCGCCGAGCGGATGCACCGGGCCCCAGGTGACGGCCAGCGAGAAACCCAGCACCAGCGCCCCGATCCGGGCGCAATGACGCATACAGAAAACCTTCACGGTTCGACCCCGTTGGAGTCCGACGGAAATTTGCGGCGCAGGCGCACGGTGCGCGTGCCCGACTCAGACGCTAGCTCCACACGATCCACGCCAATGGCACGCACCCGGTATCCACCTACACGGTCACCGGTTTGCACAACACGCGGCACACTGTCTAAGCCGGGCACACGCAACAAGGCTCGACGCACCCCATTCACCATGAGCACCCCCTGCAGTTCCGGGGCATCCGTGCTCAACGAAGTGACAGGATCCGCCATCGGCACCATGAGCGGTTCCTGCCCGGGAAGTACAAAGCGCACCCGGGGGGCTTGTCGCGTGGCACTGAAGAGATTCGTGCGGACCATGCTCCTCATGCTGCTGTCCGACTGATTGTCCGACGGCGGGCGGT
NZ_CP011454.1_gap34	1531201	1535440	4239	AGTCCCTGCGATACAATCACGTCGCCCCGTACCGGCGCCGCGCCCAACTCCCAAGCCCAAGCCTTGAATATGTCCGCTCCGTCTTTCATCGATCTGCGCAGCGATACCGTCACGCGCCCCACGGCCGCCATGCGGCGTGCAATGGCGGAGGCGGAGGTCGGTGACGATGTGCTCGATGGCGATCCGACCACGCGGGCGCTGGAAGCCACGGTCGCGGAACGGTTGGGCAAGGAACGCGCGCTCTTTTTTCCCAGTGGATCCATGGCCAATCAGGCCGCCATCTGGGTGCACACCACGCCGGGCACCGAGCTGCTGTGCGACGCGGAAGCGCACATCTATCACTGGGAAATTGCCGCCGTGGCTGCTCTCTGTGGCGTGCAGTGTCGTCCGGTGAGAGGGCAGGGGCGGGTGTTCCGCGCGGAGGATCTGCGCGCGCACATTCGCACGCCCTCCATTCATGCGCCCGAGCCTTCGCTCGTCTGTCTCGAGAACACTCACAACGGTGCCGGTGGCGCGGTCACGTCACTCGCTGACATGCAGGCCCTGCAGGCCGTCGCACGCGAGCATCACCTGCCGGTGCATCTCGATGGCGCGCGACTCTGGAATGCGGCGACGGCGTTGCAGCTCCCCCTCAGTGCGCTGGCGTCGTGCGCCGACAGCGTGATGGTGAGCTTCTCCAAGGGCCTTGGGGCACCGGTGGGCGCCTGTCTCGCGGGCTCCGAGGCCTTTATCACCAAGGCACATCGGGTGCGCAAACGGTTTGGTGGCGGCATGCGGCAAAGCGGCATTCTCACCGCGGGTGCCATGTATGCGCTGCAACACCAGTACGACCGACTTGCCGAAGATCACGCCAGTGCCACCTACCTCGCGCACGTCGTGGACGGAGCGGGCGGTGCCACGGTGGTCGCCCCAGACACGAACATTGTGATGATCGATTTGCCCTCGCCGAAGGCCGCGCAGGTGGTCGCGCGCGCCGCGGCGCTGGGTGTGCGCATTACCGAATGGCACTCCAGCCGTGTGCGGGCAGTCACGCATCTGGATGCGCCGGCCGGCGTGGTGGCCGACGCGGCGGCGCGCATTCGGCAGGCGTTTGAGGACGTCCTTGTTGCCTGAGGTTCCCAATCGGCACCGGCGTACCTAACTTGACGGTGCTCCGGGTCCCGGAGGGCGTCAGACCGCCAAATCGGTCAGGACCCCGAAGGTAGCAGCCGCACGTGGACCCTGTCGTCGCTTCGTCAGGCCCGGAGTATCGCGCGCGGGACGATTCGCTCTGTGAGCGGGTCGCCCGCGCGCGTTTTTTGTGCGAGACCGCCTAGAAGGCGCGGTCTGTGGAGAAATCGGGCCCCACATTATGCCACGATGCGTTCCCCGTGTAGCTGCCCAGGGAAATCGAACCCGCCGCGTGTTCCGACTGGTGAATGCGGCCATCTACCGAGACAAAGGCCAGGCCGTAGCTGTCGGCGCTGCGGCTCATCGCCATCAGCGATTGCGCCCCCACCGACAGCGTCAGGCGATGAACCGTATCGCGTGCGGCGCGCCATCTGATACTGGGCTGGAACGCGCTCGTTCCCCCCGCCGGGTGACTGTAGTACGAGACGCCGGCCCCCAGTTCCAGATTGTGGGCCAGCCCGCGATAGGCGCGCGGATTGAGCCGTAGCCAGCCACCGGCCGTGAACGGCGCGACGTAGGACAGGGCGTCGATGGCGTACTGATGGTGGCCGGCGGCGGTGATGTCGCCGTCAAAGGTTGATTGGGCCAGCAGCGATGGCGTCGTCGCCAGGGTCAGAACAGCTATGAGACTGATCGGACCGCGTCGCCTGCGGGGAAGGTGCACGACAGCTCCGGAATGGGTGATGTCCGGAGTTTCCGGCGCATCATATTCCGCTTGATACGGACCAAAGCCGTATATCGCCGCGGGTCCCACGAGGGCTGGTGCCGCTGGTGCAGCGGCCGTGCGGGGGGCACCACCGGCATACGCGACGTTCGTCGGCATTGTCGGCCCCGGGTGACTAAATTCCCGGGATGTCCCTCGCTCTTGCCCGCAAATACCGCCCCCGGAACTTCGCGACTGTGGCGGTGCAGTCCCACGTTGCCAACACCCTCAAGGGGGCCATTGCGCGCGGTCGGGTGGCGCATGGCTACCTGCTCTGTGGCCCGCGCGGGACCGGCAAGACGACCCTCGCCCGTGTGCTCGCTATGGCCCTCAACTGCGAGCGGCGTGGCGATCCGGAGCTCGCGGGAGAGCCGTGCGGCGAGTGCCAGAGCTGCCAGCGCATCTGGAGCGGCTCGGCGTCGCTCGATGTGGTGGAAATCGACGCCGCCTCCAATGGCGGTGTGGCCGACGCCCGCGAACTGCGTGAACGCGCCATGTACGCGCCATCCGGCGATGACCGCTACAAGGTGTACATCATCGACGAGGCGCATATGCTCTCGCGTGATGCCTGGAACGCCTTGCTCAAGGTGCTCGAAGAGCCACCGCCACGGGTGGTGTTCGTCTTTGCCACCACCGAAGCCCAGAAGGTGTTGCCGACGGTCATTTCCCGGGTGCAGCGCTTCGATCTCAAGCGCATTGGCCCGGCGGAAATTCGCGAACGGTTGGCGGCGGTGCTCACGCAGGAGGGCATTCGCTTCGAGGCCGACGCGCTGGCCATGATTGCCGGCGCGGCCGATGGCGGGCTGCGTGATGCTTTGTCGCTCACCGATCAGGTGCTGTCGCTTGGCGACACCGCCGACGTGACCGCTGAGCATGTGCGGGTCGCGTTGGGGCTGGTGCCGGAAGAAGAGTATCTCGCCCTGCTGGACATCGTGGTTGAACGGCGCGCCGTAGATGTCTTTCCTGCCGTGCAGCGGCAGGTCGATGCGGGGGTGGATTTGCAACTGCTGCTCGCCGGCCTGGGGCGCATGCTGCGCGCGCTCATGGCCATGGGGCTGGGCGGAGCGCCACCGGAATTGTCCGATCGCCTGCGCACGGAACTGGAGAAACGCGCCCGCGTGCTGCACTCCGGCGACCTGTTGCGCATGCTGCATGCACTGCTCGAACTGGAGCCCATGTATCGCAAGAGCGGACAACCGCAATTGCTGCTTGAAACGCTCCTCGTCCGCTTCGCACTGTTGGATCGCACGGTGGAGCTCGAAGAAGTGCTCAAGGGATTCGGCGCCGGCAGCCATGAGGATCCGCCGCCGCGTCGCGTCGCGCACGAATCCCGCGTGGCATCGGCGCACGCCCTGCCGCCCGCGCCGCCGGCCGCCGTGGCCCCGGCGTTGACGTACAGCGCCAGCGCCGCGGCGCCGTTTTCACCGCCGCCGCCATCGCGAACCGCCACGCAGCAGGTGGCCGAAGCCGCCGCCGCCGCGCAAACGGCCGCCGCGTTGCCGCCGCGTCGTACCGCGGGGGGCCCGGTGCCATCGCTGGAGCAGGTGAAGGCCAGCTGGCATAGCGTCTCCGACACCATTCGCAGCAACGGGCGCGGCATGCTGGCGCAGGCCGTGCAGCGACTCGCCCCCATGCAGATCACGCCCGACGGCGCGCTCGTGCTTGGACACGACGCGGCCGAAGACACCTTCTCCAAAGCCGTGGAAGGGGCCCGGGCCGATGTATTGGCGGCGCTGCAGAGCTGTTTGGGCGGCATCCGCTCATTCAGTGTGCAGGCCAGTGGCGCGGCAGCCGCCATGGTGCCGCAGGCCTCACGCGGTCTCACCAAACGTCTCACCGCGCACGACGTGCAGCAGCAACGCACGGAACAGTTGGCGGCGAAAGATCCCTTGTTGGAAGCGGCCGTAAAGGCGCTGGATCTCGAGTTGCTGGACTAACGGAAGCAGGAAGCAGGGAGCAGGAAGCAGGCCGCAGGAAGCAGTGACCTGCTCCCTGATCTCTGCCCCCCGCCACCTGCTGCCTCCCTTGTCATAGAAACCCATCCAAATCCCCCCATGGATATTTTCAAGATGCTGGGCCAGTTCAAGGACATGCAGGCGCGTATGCAAACCATGCAGGAGGAGATGGGGCAGCGCACCTTCAGCGCACTGGCAGGCGGTGGCATGGTGAGCGCCGATGTGGACGGCAAGATGCAGCTCAAGCGCATCCAGATTGATCCGTCCATCATGGCCGACAAGGACATGGTTGAGGACCTCATCGTGGTGGCCGTGGCCGAAGCGCAAAAGAAGGCGGCCGAAGCCATGCAGATGGAATTGCAGAAGGTCACTGGCGGGATCGACCTGCCGTTCAAGCTCCCCTTCTGATAT
NZ_CP011454.1_gap35	1548035	1548888	853	GCAACTGCTGGAAGTGGCGTGGCGCGAAGCCGAAGAGATTGCCAAGATCGCCGACAACATGTTCACGCCTGCACAGATTGAAGCACGACTTGGCGAACTCCAACGGGAATCGGCAAACAAACCGTCCCCCTGACGATCTGCTCTCCGCTCCCTGTTCCCTGCTCCCTGTCTCGTGTACTCCACCTGTATCCACTGTCGCACGCGTTTCGCGAGCAACGAGTCGCTGGAGGCATTGCCCATCGGTCAACGCCTCGCGTTCGACGCCGCGATGGGTCGCCTCTGGGTCGTGTGTCGCGCCTGCGAACGCTGGAACCTCACGCCGTTTGACACCCGCTGGGAGGCCATCGAACAGGCGGAGCGGGCGTTTCGCGACACCCGCGTGCGGGTCAGCACTGAACAGATTGGTCTCGCTCGGTTGCGTGATGGTACGGAGCTCGTGCGCGTCGGGAAGCCTCTGCGGCCGGAGTTTGCCGCGTGGCGCTACGGTGATCAGTTCGGTCGCCGTCGCCGACGCACGCTGCTCATGGGCGCTGGTGCGGCGTTAGGCGGCGGTGTGGTCTTGGCCGGGGCCACGGCGTTTGGTGCGGGTCTCGCTACGCTACTCCCCGTGGTGCACGTGCTCAATCTGTCCACGATTCTCCGGGCCATCACAGCGCGCGGGAGCGAGCACCGGCTGCCCGACGGCGGGCGTTTTGTGCCCATCGGGCAACCGCGTCTCATTGCCTCTGGTCCGGAAGGGTGGGGGATTGATATCGGCTACGCCATGCGTCGTGCGGCCGGCGATACCCGCGGCCCCGCCATGTTCTCACTCTTTGGTGAAGGCAAGAACGAACAGGGTCGCATCCAACTCTAT
NZ_CP011454.1_gap36	1550908	1554159	3251	TGGATTCCGCGCATCCCGGCCCCCGTCAGAATGTGGACACGCCCAGCGAGGTCACGTCCGCCACATCCATGGTCTCGTCGGTGAAGAAGGGTTCGCCGTACTGCGTACGAATGAGCGAACCGTAGTGGGCCGCATGATGACGGACCATGTCGTAGAGCGGCTCCCCGTTGGGGTAGACCTCACCCGCTTGCGTGGTCCCGTCAAACTGCGAGCCGTACACCTTGATGGCGTTGAGCTTGCGCTCGAACTGGGCCGTGATGTTCACCACGAACGTGGGCTTGGTATAGTCCTCACGATACGTAATCACGTGCAGCAGCTTGAACGGACGAAATGGCTCATGGTCTCCTGGCGCGTAGCGTTTCAGCCCCGCCAGAAAACAGGCATCGCGCACGAGTTCCGTGGTACGCCGATGGTCGGGATGACGTCCGCGTGGTGCGGGGGCAATGACCACTCGCGGGCGCAACTGACGAATGACCTGCACCAGTGCTGTCCGTGTCTCGTTGTCGTTCGTGATGCCCGCGTCGGGCAACCCGAGATTCTGCCGCACGTGCACGCCCATGACCTGCCGCGCGGTTTCCGCCTCCTGCGCCCGCAGCTCCGCCGATCCGCGCGTTCCCATCTCGCCCTGCGTGAGATCCAGAATGCCTACCCGTTTCCCATCGTCCACGGCTTTGATGAGCGTACCACCGCACGTGAGTTCGACATCGTCACGATGCGGACCAACGGCCAACAGGTCGAGCGACATGAGCACCGGCACCTATGCAGCAATGTGAAAAACAAACGGCGCGAGCAGGTCCGCTGGCGCCGTTCGCACGCAAGACAACATCCGCTGCGTTATCCCGCCCGGGTGAGGTAAGCGGCCACCCGTTCGGCCACTTGCTGACCACTGGCCACGCAGTCACCCACCGACACGCCATTGCGGAAGTTCCCGGCCAGATACAGCCCGGGGTTCTGCTGCTCCGTGAGATCTGCGGCGTCCTTCACGGACTGATAGCCCACGGTGTACTGCGGAATGGCACGCGACCAGTACACGTGCTTGGCAAATACCGGCTCGCCACGGACGCCGAGAAGCTGGCGCAGGTCGAGCAGCACGCGCTCCAGGAGCAAGTCGGTATCCTCGCGTGCGCGCTCCGCTTGACGACTTCCGCCCACGAAACAGGTAATGGTGACGCACTCGTCCGGAGCACGGCCAGGGAACAGCGACGAGCTGAACAACGCACCCAGCAACGTGCGCCGCTCCACTGCCGGCACCAGCACCCCAAAGCCATCCAGGGCATGCGCCACGTCTTCGCGGTTGAATCCCAACGTGAGCGTGCTGACCGGTGGGTACTCCACACGCTCAATGGGGGTGGCCAGCTTGCGCATGGACGCCGGCAACTCCATGGCCGCCAACACGTGTGCCGGCGTGGCCATCACCACGGCATCCGCCAGACGCGACTGCGCCACGCCATCCTGTCCGGCGTCCACTACCCAGCGCGCTTCCTGACGGTGCACCAGACGCACCGGGCAACCCAGACGCACCGTCCCGGCTATGGCCGCTTCGAGGGTGTCCGTGAGCGTCTGCATCCCGTCTACGAAACTGATCAGTCGAGCCCGTGCCGGCGGGGACGCGGTCATTGGGCCGCCATGCGACGTGGCGGCACTCTCCCCGTTGGCCAACTGCTTGCGCGTCATCATCAAGCCCTTCGACAGTGACCCGTACTGCCGCTCCAGCTCCGCCACGCGTGGAAACGCATGCGCCATGCTGAGGGTCTCGGGGTCACCCGCAAAGATCCCCGAGATGAACGGATCAACGGCGTAGTCGAGGACCTCGTGGCCCAGACGCCGCCGGACAAAGCTGGCCACCGATTCGTCGCTGTCCTGCGTACGTGTGCGCACCAGTGGCTCCAGCAAGACCCGCAGCTTCGCCTTGAAGGAGAGCAGGCCCGTGGTAAGCATGGACGGCGGCGACAACGGGAACGGCATCAGCGCACCGTTGCGCACCACATATCGTCTGTTGGCGCCTGGGCTCGCCTCCACGACATCGTCCTGCAAATCCAGCTGCTGCAACAGCGTATCAACGGCCGCCGACGTGACAAACGAATTGGGCCCGTGCTCGGCGAGAAACCCATCGGCGTGCGTGGTGCGGATCGCTCCGCCGGTGTGCCCGCTGGCTTCGTACAGGGTGACGTTGACCCCGCGACGACGCAGCTCATAGGCCGCGACGAGTCCGGTAATTCCGGCGCCCACCACGGCCACGGAGCGCGAGTCGCCTCCGTCTCCTTCAAGAGGAGCAACGTTGCCGATCATATCAGCGAGCACGTGCATGGTTCACGCTCCAGCGACGTCCGTTATCCAGTCGCGCGGCTCCAGCATCTGCATCAGCCGCGCTTCAAATGAATCAGGGGAATAGCGGGGGGCATACTGCCACATCGCCAGTGGAGGCAGGCTCATGAGCACGCTTTCCACGCGCGCGTTGGTTTGCAGGCCGAAGGTGGTCCCGCGATCGTGGACGAGATTGAATTCCACGTACCGTCCGCGACGAACCAGCTGGAACTCCCGTTCGGCCACACTGAAGGGTTCTTCCCGCCGTTGGTCCACGATGGGCTCGTAGGCCCGGCGCAGCACGCGCGCCACGTCAGTGACAAACGCCTGCGTCGCTTCAAAGTCGAGGCCGAATCGCTCGTCATCGGCGCGCAAGTGATCAAAAAAGATGCCACCAACGCCGCGCGCTTCGTTGTCACGATGCGTGTTCACGAAGTACTCATCGCACCACTGCTTGAACTGCGGATACAACGCCGCATGGTGCCGACTGCACATGTCGTGCAAGGCCCGATGAAACGTGTGCGCGTCCTCTTGGTGCGGGTAGAACGGCGTGAGATCGGTCCCGCCGCCGAACCAGCAATCGGTCAACTGTCCGTGCTCGTCGGTAAGCTCGAAGTAGCGCACATTGAGATGCACCGTGGGCACCTTGGGGCTGCGCGGGTGCACCACCAGGCTCACACCGGTTGCAAAAAAGTGTGTGGTTCCTGATGCCGCGCCACGCCCACCCAGTCGCCGCGCGGCGGCCTCGGGCAACTCGCCCATGACGGCGGAGCGATTGATGCCGGCCTTTTCGAAGGTCACCCCATCGGTCATGACGCGGGCAACACCACCGCCACCGCCCGGACGCTCCCAGCGATCTTCGATAAAGGTGCCGCCACGGTCGAGCCGTCCGAAAAAGGAGGTGAGCTCATCGTGCAGCCCCGCAATCCAACGGGTCACTTCACCAC
NZ_CP011454.1_gap37	1736626	1739452	2826	ACCACCGTATCGCGCTGGGCGGGCATGAGTCGCGCCGCCACGGCGCTGGTGAGGCCCACCACCATGCCGGGGCGCAAGACGATCACGTAGCACACCGCCAGGGCGGCTCCCACGAGCCCAACGCCACCAATGGCAATCTCACCCAGTGTGCGACCCGCCACCGTGGCCCCGGAGGGGAACCGGGGGTCGAGCATGGCGGCGAACATCATGGCAAACACCACCAGCGCATCAAAGATGCGATCGACGGCGAGTGACCCGAGGCTCGTGGTGAGGGCAACGGCTGGCACTTCCCGGGTGAGCGCAAAGGCCCGCGCAAACTCTCCGGCGCGCAGCGGGAACACATTGTTCATCATCACGCCAATGGCGGTGCTGCGCCACAACGGACCGTAGGGGACTACCCCGACCACGGGCTCCAGAATGGGCTGCCATTTCCGCGCTCGGATGGGCACAATGGCGGTGGCCGCCGCCGCGGAGAGCGCAAACAGCACCCCGTTTGCTGCGCGCAGCACCTCCCACACCGCCGCCAGCTCGACACCCCGCAGCGTCCACCAGAGCAGGAGGGCGCTGAGCAGAAAGCCGAGCAGGGTGCGGCCGGCCTTCACGCGCGCGTCAGGTAGTAACGGCCAGGTCGAGCAAGTCGCTCAGTTCCTCGAAGAGCGCCTGGGCGTCGGGCTGCGCGAGCGATCCCCGTTGCCAATGCACCTTGAGCTGATCGCGGACCTCGCGTGCCCGCGTGACCGCCGAGTGTCCGCGATAGAGCAGCGACTCAATGGACACGATGGCCACCTCGGGGGCCGGCGCCCCGTTCCAGGTGACATTGGCCTGCTTCACCTGCGCGGCCAGCTGGGCGTCGGTGAGTTCGCGGTTCATGAGCAGCTGGGCAAACCCTTGCACACCGGCGCGCTCGGCCGCATTGGCCAGCGGAGCGCGGGCCATTCTGGTGACCAGATTGGCGATGCTGGCGGCGCCATAGCTTTCCGCCACGTCGGCCAATCCCAGCAGGGCCCGGCGCACACCATCGGCCAACGCCAGCTGAGACGGTCCGGCCGGGCTGGTGGCCAATGCGGCCGCCTCGCGGGCCACGCCGTCGGCGGCAGCCGCGACGTCGCTGCGGAAGCGTTGGGCGAGGGTAATGGCCGGCGTCGGATTGCGCTGCAGAATGGCGGGCATGCCGTCATCCGGGAAAAAGCGCGAGATGGGCACGACCTGCGCCGTCGGCGATTCCGCCGGCGCCTTGGTGGCCAGATAGCCCGCGGCCACTGAGGCCAGGGCCACCGACTGCGTGCGGGCCCGTCGCTGCTCGCCCTCAGCCCACATGGGGGCCTTCTCCACCAGCTGGCGCAGTTCCGCCAGCGCCCCGCGCACCGCGAAATGCAAACGCTGATCCCAGCGCAGCTCCTGATCACGCAGCCCGGTGGCAATGCGCTCCAGGGTCGAGGCAAAGTCGGGGAGCCCATCCAGACGCGTCATGGTGGCGCTGCCGCGCAACGCGCGGGCGCTGGCCAGAAACGCTGCCGCATCAGGAGCCCCCGGATCGGTGAGCAACTGATCCAGCCGGTCGAGGTATTCCGTGGCTTCCTTCTGGAAGAACTCGATAAGCGCCTGCGGTGCACTCATGCGCGGGAGAGCTAAAGGAAAATTCAGAACCGATCGGCTTCGCGGGCGTCGTCCATGGCGGCACGAACCTCCCGCACGGCAGCATCCAGTCCGATAAAGATGGCGCGTCCGATGATCGCGTGCCCGATATTGAGCTCCTCGATCTCCGGAATAGCCGCTACCGGGCCCACGTTGTCCACCGACAGGCCATGGCCGGCGTGCACGGCCAGCCCCAACGACACGCCAAGGGCTGCCGCGTCCTTGAGTGCCTGCAGGGTGGCCGGGTTTCGCGGCGCATGCGCATACGAACCGGTGTGCAACTCAATCGCGTCGGCATCGACCGCCTTGGACAGGCGAACCGCCGCCGGATCGGGGTCAATGAACAGACTCGTACGGATCCCCAGGCGTTTCAGGCGTGTCACGGCCTCGCGCACCGCCGTCTCATGGCGCACCACATCGAGCCCGCCCTCGGTCGTCACTTCTTCGCGCCGTTCAGGAACCAGCGTCACCTGCGCGGGCCGAAGTGTTTCGGCGAGACGGAGCATGTCGTCGGTTATGGCACACTCCAGATTGAGGAGGGTGGTCACCGCGGCGGCCAGCCGGTGGATATCGTCGTCCTGAATGTGACGACGGTCTTCACGCAGATGGGCGGTGATCCCATCGGCACCCGCCTTTTCACAAAGCACTGCCGCCGCCACCGGATCGGGCGTCTCGCTGCGGCGGGCCTGCCGCACGGTGGCGACGTGATCGATGTTGACGTACAGACGCTGGTAGCGAAGCGACATCTCTGGGGTAGTCCTGGAAGAAGCGGGCGGGTCACTCGGACCGCCCTGACCACAAAAGGTACCGGCCCCTGGCCGGTTGGACATGTGCGGCACGGAATGGTGATAGCTTACACCATTGCACGTTTACACCGAAGGTAAGGAGGCCTTGGTGCTCGGACAGCAGCTCAAGATGCGAAAGGGGTTCACGCCGCGGGTGGCCATCATGGCCGTCGCGACCATCCTGTTCACCAGCGCGTGCGCCCGTCAGGCGGTTTCCACGGAAACCCGTTTGCCCGGCGCGACCGCCGTGCCCACGGTGGGCGGGACGCCAACGAGCATTGGTGGCAATACGGGGCGGGCGGCCGTGGAATCGTTCATGGCCGCCGTCAAGGCGCAGGATCTCCAGGCCATGTCCGGCCTGTGGGGGAACGGGAAGGGGCTGGCCCGCGACCAGTACAAGCGCGAC
NZ_CP011454.1_gap38	1742716	1745273	2557	GCGTTGATGCTGGCCGCCGCAGCGGCGGCCGTAGGTGCGGCGCTCGTGGCTGGTGCCGCGCGCCTCGCGCCGGACGGGTTGGCGGCCGTGCTGCAGCCGGTGAGCGCATGGCGTGGTACGCTGTTGCCGGCGCTGGCCTTTGATGATCTCACCACCCGCGTCCCGCGCGGCATGCCGGTCACCGTGCGTGTGCTGGCCACTGGGCGACAGACGGTCACCATATCCCGGCGGGCCGAAGGGGAAGCGTGGAGTGATACGCTGCTGACCGTGCCGGAAAACGGCGTGGTCATGTTGGCGCTCGGGCCGGTGCGTGCGGCGACCTCCCTGCGTGTGTCCGATGGACGGTCGGAGGAGCTGTCGGCCACGCTGGTGGTGGAAGAGCGCGGCTGGATTGGGGAGGTGTCGCTGCGGGCCATCTATCCGGCCTACCTCGGTCGCGCCGACGAAACGCTGGAACCGGTACCGCCCCTGCGCGTGCCACGTGGGACGCAGATTCGCCTGCGGGCCATGCTGCGCGGTGGTGCCCGCAACGCCGTGCTGACCGACGGACGGAGCCGTGTGCCGCTCACGGCGGTCAACGGCGGCACAGGCGAAGGGGGCGTGGCCGAAGGGCTGTTCACCGTTGATCGTGATGGCGCGTGGCAGTGGCAGGCCGAGGCGACGCCGCGGGCCGATGGCGCGGTGTTGCCCCCAGAACTCCCGGATTCATTGCCGTTCACCGTCATTCCTGATCAGGTGCCCGCTGTGGTAATTGTGGCGCCGGCCACCGACACGGCCATTGGGCCCACGGGTGAAGTGGCCGTGATTGTGGATGCCGGTGATGATCATGGCGTTGCACGGGTGCATCTGGTGATGTGGAAGGAACTGGCCAACGGCGGTGGCTCCATTACGCGTGAGCGGGTGGAGGTGGCTACGCCGCAATCGCCGGTGTTTGAAGGCGGCACGACCATCACGTTGGACGGGCGTGGGCTGGAGCCGGGCGACAAGCTGCACGTGACCGCCGTGGCCACCGACGACTCGCCGTGGGCGCAGCAGGCACAGAGCGCCGAAGTCATTCTGCGCATGCCAACGCTGTCCGAGCAGCGCGCCATGGCGCGCTCCATGGCCGACTCATTGGCCGCCAAGGCGCTCCAGTTGGCACAGCAGGAAAAGCGGTTGCAGCAGAACACTGCCGACGCCTCACGCAGCCGCGACCTCAAGGCCAATGGTGGCGATCAGTCTTCGTCGAACGGTGCCAAGAGTGATGCCGCCAAGCAGATGAGCTTCACGCAGGCGGAGAAGGCCAAGCAACTCGCGCGCGATCAGCAGCAGCTGTCGGCCAAGGTGGATTCGCTGCGCATGAACGCCAAGGAACTTGAGTCTCGACTCAAGAACGCCAACGCGCTCGACACCACCATGGCGTCGCGCATGCGCGACATCCAGAAGATGCTGCGCGATGCCATGACGCCCGAAATGCAGAAGCAGCTCGAGGCGCTGAATAAGAATTCGGACAAGCTGAGCGGCTCCCAGGCCCAGCAGTCCATGCAACAGTTGGCCGACGCGCAGAAGCAGATGCGCGAGCAGCTCGAGAAGAGCGCCGAAATGCTCAAACGGGCGGCGTTGGAAGGCGCCATGCAAACACTGCGCGACGACGCCAAGGAGCTGTCGAAGGCGCAGCAGCAGATGGCCGACCGCATGGACGGCAAGAACGACGGCAAGTCGCCGCAGCAGGGGCAGGGCAAGCCGGGCGAACGGAGCACCACGCCGGCCAACCAGGACCAGGACCCCCGTTCGCTGGCCGACCGGTCGCGCGATTTGGAGCGTGAAGTGCAGGCGTTGGCCAAGCGTCTCGAAGAGGCGGGGGCCAAGCCCGGCGCATCCAAGACCCGCGAAGCGCAGCCGCTGGCCAAGGAAGCCGCCGACGCCATGAGCAAGGCCGCCGAGCAGCAACGGCAGCAGCAACAGGCGCAGCAGCAGGGCCAGCAAGGCCAGCAACAGCCCGGCCAGCAACAGCAGGGTCAGCAAGGACAACAGGGCCAGCAGGGCCAGAAGCAGCAAGGGCAACAGGGCCAGCAGGGGCAGCAAGGCCAGCAGGGCCAGCAAGGGCAACAGGGTCAGCAGGGCCAACAAGGCCAGCAAGGCCAGCAAGGCCAGCAGGGTCAGAAGTCGGGGGCCGAACAGGCCCGTCAGGCCGCCGAGGCCATGGAGCGTGCGGCACAGCAGCTGTCGCAGGCGCGCGACGCACAGGTGAATGCGTGGAAGGGGGAGCTGTCCGATCAGCTCGACCAGTCCATCAACGAAACCATGCAGCTGGCGCGGCAGCAGGCCGAGTTGGAGAAGAAGATGCGCCAGCAGGGGCAGCAAGGCGCGCAGGGCATGCAGGGGGAGCAGAGCGCCCTGCAGCAGGGTGTGCAGCAGGCGGCCGAACGGCTCGAAGAAGCTGGTCGCTCGTCGTCGTTGCTGTCGCAGCGTTCGCAGAAGCAGATGGGTGAAGCGCAGCGCCGGGTGCAACAGGCCACGCAGGCCATGCAGCAGGCAGGGCAGGGACAGCCCGGCGGCAGCGAGCAGGCGCAGAATG
NZ_CP011454.1_gap39	1784644	1787247	2603	TGGCGCGCGGCGAATTGTTGGGCGCCTTTGCGCTTTCGGAACCCGAGGCCGGTTCCGATGCGGCCAGTTTGCGCACGCAGGCAATACGCGATGGCGACAGCTGGGTGCTCAATGGCACCAAGGCGTGGGTGTCGCACGGCAACGAAGCCGGGGTCATTCTGTGCATGGCGCGCACCGATAGCTCCGACGCCCGCAAGGGTACCAAGGGGATCAGCACGTTCATCCTCACCCCCGACCTGCCGGGCTTCCATCTCACCAAGAAAGAAAACAAGATGGGGCTGCGGGCATCGCCCACGCTCCAAATCGTGCTCGACAACTGCCGGGTACCGGCAGACCGTTTGCTGGGCGACGAAGGCAAAGGGCTCACCTACGCGCTGGGCTCCCTCGACCACGGGCGGCTGGGCATTGCCGCGCAGGCCATTGGCATTGCGCGCGCCGCGCTTGAGGCCAGCATCAAGTACGTGGGTGAGCGCAAGCAGTTCGGCAAGAACATCGGCGAGTTTCAGGCCATTCAGTTCAAGATTGCCGATATGGCCACTCGCATTACGGCCTCCCGCACGCTGTTGCATGCCGCGGCGGCCGCCAAAGAGCGCGGTGAGAAGATCACGCGCTTCAGCAGCATGGCGAAGCTCTTTGCCACCGAGACCGCCATGTGGGTCACCACGCAGGCCGTGCAGATTCACGGCGGCTATGGCTACGTGACCGACTACCCCGTCGAGCGCCACATGCGCGACGCCAAGGTGACGGAGATCTACGAAGGCACGTCGGAGATCCAACGCATTGTCATCTCGCGTGAAACGCTGGCCGCTGCGGCGGCCGCCGACGGATCACTCCCCGACTGATCTTTTCGAGTCTTTCATGCATTACTTCGACACCATCGCCGAGATGGGTCATGAGCAGGTGGTTTTCTGCCACGACAAGGCGTCCGGCTATCGCGGCATCATTGCCATTCACGACACCACACTCGGCCCCGCCCTCGGCGGCTGCCGGTTCTGGAACTACGCCTCCGACGAAGAAGCCGTCATTGACGCGCTGAGACTGTCGCGGGGGATGACCTACAAGAACGCCGTGGCCGGGCTCAATCTGGGCGGCGGCAAGTCTGTCATCATTGGCAACAACAAGACGGCGCAGCGCGAGATGCTCTTCCGTGCGCACGGCCGGTTTGTGGATTCGCTGGGCGGCCGGTATGTGACGGCCGAAGACGTGGGCACGACCGTGGAAGACATGGACTTCGTGCATATGGAAACCACCCATGTCACCGGTATCGGTTCCAAGTCGGGCGATCCGTCCAGCGTGACGGCCCGTGGGGTCTTCCGCGCCATCCAGGCTTCGGCCTTCCAGAAGTGGGGGAGCAAGGAGCTCACCGGGCGCACGGTCGCCATTCAGGGGCTGGGGCACGTGGGCTATTATCTGGCGCGCGAACTGCATGTTGCCGGGGCCCGTCTGCTGGTCACGGATATCGATGCCGGTCGCATCGACCGCGTGGTGCAGGAGTTCGGCGCCACCTCGGTGGCGCTCGCCGATATCTACGCCGCCAAAGCGGATATTTTCGCTCCCTGTGCGTTGGGCGGTATCCTCAACGACGACACCATTCCGCAGCTGAGCGTCGAGATCGTTTCGGGCGCGGCCAACAACCAGCTGCTGGAAGACCGTCACGGCGACGAGCTGGAAAGCCGGGGCATTCTGTACGCTCCCGACTATGTGGCCAACGCCGGTGGTGTGATCAACGTGTACAGCGAACTCACCGGCTGGAGCGCCGATCGCTCCCTGCGCAAGGCCGACGAGATTTACGAGACCGTGCTCAGCGTCTTTACCCTGGCCAAAAGCACGGGAATTCCCACGTACAAGGCCGCTGATCGGGTGGCTGAGCAGCGCATTGCCGCGGTTCGCGGTATGATGAGGACGTGGCCGCAGTATCCCAACAAGGAAGCCTGACCCCGGCGCATCCCGCCGTCGGGTGTGATTTTTACACCTCTACGCCCAGTGAGCTGACCCATGGTTGACGTCGCACGCCCCGGAGAGCGCATCCCCATTGCCTCTGACCACGCCGGATTTGAACTCAAGGAACGGCTGCGGGTGGTGCTGGGGGAGCTGGGCTACGAGGTGGAAGACATTGGGACGCACAGCACGGCCAGCACCGACTACCCCGACTATGCGCACCCGCTCTCGCAGCAGGTGAGCGATGGCGCGGTGGATCGCGGCATTCTGCTGTGCGGCACCGGCCTGGGCATGAGCTACGTGGCCAACCGGTATCCGGGGGTCCGCGCGGCGGTGGTGTGGAACCCCGAGATTGCCGGTCTCGCCCGCAAGCACAATGACGCGAACGTTTTGGTGCTCCCGGCGCGTTTCGTTTCAGACGAAGACGCCGTGGCCATTCTCAAGACGTGGCTGGAAACGCCGTTTGAAGGCGGCCGCCATGGCACGCGCGTCAACAAGATCGAACAGACGAACGAACAGAATGGGGCCGAGTCCCCGGGGAGCGCGTCATGAGTGAAGGAGCCAGCGCACACTGGTCGCAGTGGGATCGCCTGCCACCCGGTGATGCGCTGATGGCCGTAGATCCGGACATTGCTCACCTCATTGTTGAGGAAACGCAGCGGCAG
NZ_CP011454.1_gap40	1822824	1824124	1300	GCATCAGTGCCAGGTGGAAATTGGCACGAAGCCGTGTGCCACCATTGCCGAGTTGCGCACGGAACTGGTGAAGCTGCGCAGGCTGACCATCAAGGCGGCCGGTGAACACGGGCTGACCATTGCGTCGGCCGGTACGCATCCGTTCTCCAACTGGATGAACATGGAAATGACGCCCAAGGAGCGATACCTCGGCGTCAAGATGGAGCTTCAGGATCTGGCCCATCGCCTGCTCATTTTTGGGACGCATGTGCATGTGGGCATTGAAGATCCGGAATTTCGCATCGACTGCCTGAACGCCGCGCGGTACATCCTGCCTCACATTCTGTGTTTGTCCACATCCTCGCCGTTCTGGTTTGGGCGCAACACGGGCCTGCATTCTTATAGAAGTATTGTCTTCAAAAACTTCCCACGGACCGGGGTGCCACGCATCCTGAACGGGTGGAGTGATTACGCCGATCTGGTGGATACGCTGGTCAAGACGCACAGCATTCCTGACGGCTCCAAGATCTGGTGGGATGTGCGCCCGCACCATCTGTATCCCACGCTGGAGTTCCGTTGCTGCGACGTGAACACCAAGGTGGACGAGGCGGTGTGCATCGCGGCCATGTTGCAGGCCGTGGTGGCCAAGATGTGGAAGCTGCGGCGCGACAACATGACCTTCCGCGTCTACGCCGCCGATCTCATTGAAGAGAACAAGTGGCGCGCCGTGCGCTACGGCATGGGCGGCAAGCTTATCGACTTCGGCAAGAAGGAAGAGTTGCCCACGTCGGTGCTCATCCGTGAGCTCATTGAGTGGTTCCTGGACGACGTGCTCGATGAATTGGGGACGCGCAAAGAAGTGGAGTACGCCTTCAAGATCATGGAGGAGGGCTCCAGTGCGCAGCGCCAATTGGCGACCTATGCCCGCACGGGCGATTTGCGCGCGGTGGTGGACCAGCTCATTCGGGAAACGGCCGAGGGGGTGTGCGACCCGGTGCTGGGGCCGCCGCTGGATTCACTCGATCAGGCCATCTCGGCGCAGCCGTCGACAGGCCCCACCCCCACGGGGATGCCTGCCGTTCGGGGGCAGTCCATCCCGTAAGCGTCCCGTATCTGCAGCGGGGGGCTCAGGGGTCCTGCGCCAGCCCGCTCAGATATTGGATGGCCGTATTGGCCATGCCGGCCCGGGAGTACACATCGGGTCGGCGATCGGTAATGACCTGGGCAATGACGTCAGCCACCTCTTCCGCGCTTTGGGAGTTGGGCAGCGTGTGCGAGTCCGGACCACCGTGCAGGGCGTTGGCGCCAAACGCCGTGCGCA
NZ_CP011454.1_gap41	1859401	1862028	2627	GGCGACGCAGAGCGCCGGAACACGAAAAGAGTAGTCGAGACCCGGCCCCGATGGTAGGGGTTTGGCGCCGCCAGTTGACGCCATGGGGCCACGAGGCTTTTGTGCAAAATGGATCGGCTGCCCCCGGAGTTCCCCACCGACGACATCGCCCCCGGCGACCTGCTGCGCGCCGTACTGGACGTGGCGCTGCAGGGGGTGGATGGCCCGCTCGTGCTGGCCGTCTCCGGCGGACGGGACTCCATGGCCTTGCTGCACGCCATGGCACGCTGGGCGCCCGGGCGCATCGCGGCGGTCGCCACCTTCGATCATGCCACTGGCAGCTACGCCACCGAGGCCGCCAGTCTGGTGGCGGCCCAGGCCCGCCGGCTGGGACTGACCGTGGTGCGGGAACGGGCCCGCGCCACCGGGCGCAGCGAGGCTGCCTGGCGAGACGCCCGTTGGAGCTTCTTGCGCCGGGTGGCTCGCGGCTTCAAGGCCCGGGTGGTTACCGCCCACACGCGTGACGACCAGCTGGAAACCATTGTCATGCGCGCGCTGCGCTCGAGCGGGGCCCGGGGGCTGGCGGCGCTGGCCGCCCCCACCTCGGTGCTGCGTCCCTGGTTGGGCGTGTCGCGGGCCGAACTGGCGCGGTGGGTGGAGAGCGAGGGGCTTTCCTATCTCGAAGACCCCATGAATGCCTCCCGCGACTTCCTGCGCGGGCGGGTCCGGCACGAACTGCTGCCGGCCATTGCCCAGGCCGCGCCGGCATTTGCCGAGGCCATGCTGGCCATCGGGGAGCGAGCGGCCCAGTGGCGGCGGGACGTTGAACGCCATTTGGACAGCTGCGGCGTGTCCCTGAACGCCGATGGCACCCGACTCACCGTCCCCACGCGGGTGCTGGAACAGACGACCGCCGAAGGACAGGCGGTCTTGTGGCCGGCGCTCTGTGCCCGGGTGGGCGTCACGCTCAACGCCAACGGAACCCGGGAAGCGGTCCGGTTTACCATGTCGCGGCGAAGTGGTGCCCATATCAGTCTGGCTGGTGGGGCCACCATCGCTCGGCGCCGCGACGCACGTGGTGAACTGTTCGAGGTGCGTCGGGATGCGCCGCACCACGCGACCTGGACGGTGTACGACGGATCGTCCGATGCGCTGCCACCCCGGTTCGGGCGGTGGCGTTTTCGACGTCTCGGCGTGGAGCCTCTGGCCAAGGATGCCTGGTGCATCGGGTTGCCCGCGGCCACACCGGTCGTCGTCCGGCCATGGAAGGAGGGCGATCGCATCAGAACGGCGGGGGCACCAGCAGGGAGGCGCGTGACTCGGTATTTTACGGAGTCCCGGGTTCCCGTCCTGGATCGCCCCTTCTGGCCGGTGCTGCTGGTGGAGGGGGAGCCCCTGTGGATCCCAGGAGTTTGCCGCGGTCTTGCGGCGCCGTCCCGGCCCGGAAGGCCGGAACTGATTTGGTACCGGTGTGAGCGCGAGTTTGACTGAGAGTTCCAGCCCTTCTGTTGATCCCCGTCTGGACGGCCGAGCCGTCAAGCGCATCGTCTACGACGCTGCCGCCATTGAGCAGCGCGTGCAGGAACTGGGGGCGGACATCACGGCGGCCTACCCCGATGGGGACTTGCTGGTGCTTGGGCTGCTCAAGGGCAGCTTTATCTTTCTGAGTGATCTCGTGCGTCACGTGGCACGGCCGCTGCAGGTGGATTTTCTGGTCGCCTCGTCCTACGGCGATGCCATGGAATCCAGCGGCGTGGTACGTTTGCTCTACGATCCGGAAACGGAATTGGAAGGCAAACACATTCTACTTGTTGAAGACATCGTGGATTCCGGCCGCACGCTCAACCGTCTCATCGAGCTGCTTGGTGAACGGAAGCCGCGCTCGCTGGAGATCTGCACGTTGTTGCACAAGCACATTGCGACTGAGCTCCATCACCCCACGCGGTTCATCGGGTTCGATGCCCCGCACGAATTTCTGGTCGGGTACGGGTTGGATCATGCCGAGAACTTTCGGCACCTGCCGTACGTGGCCAGTCTGCAGTAAGGCGGTTATCCCATGGCACCAAACATGACGCCCTCGCCGAAGAAGCCCACCAACTGGGGCAGAATCTCCAAAACGGTCTCGTTCTGGATTCTGGTTCTCCTCATTCCGGTGGCGTTCCTGTCATACGGCAATGGCCGCGAAGCGGCCGCGCCGGAGATCGGCTATTCCGACTACCGCCAACAGCTGGCCGCCGGCAACATCAAGACGGCCACGTTCACGGACAATGTCCTCAGCGGGCAGTTCAACCAGGAAGTCCGCATTTCCAACCGGCCGGCCAAGAAGTTTACAGTGCGGCTGGTGAACGGCATTGCCCCCAAGGAGCAGGAAGATCTGTACAAGGCCGGCGTCAAGACGGCGGCGGCCGAGCCGCGCGCCAACTTCGGCAGCCTGCTCATCACGATGCTGCCGTACCTGCTGCTCATCGGCTTCTGGATCTTCCTCTTCCGCCAGATGCAGGCCGGTGGCAACAAGGCGTTCTCCTTTGGCAAGTCCAAAGCCAAGCTGCTCAGCGGCGACACCCCCAAGGTGACGTTCGCCGATGTGGCGGGCGCCGATGAAGCCAAGGTCGAACTTCAGGAAATCATCGAATTCCTCAAGGACCCGC
NZ_CP011454.1_gap42	1888574	1890693	2119	CCCGCTGGTTCAACGAAGGCTACGCCAGCGTGGCTGCGGGAGAATGGACGCGGGAACAGGCGTTCGAAACATCGTTGGGTATGGTCTGGCGCACATTGCCAACGCTGGAGCAGCTGGAGCAAGGCTTTGCCGGAGGCGGCATGGAGGCCTCCTGGAGCTACGCCATGGCGCACCGGGTGGTGAGCGAACTGGAGACGCTGGGGGGCCCCGCCGGTCTTGCCAACCTGCTGGCGTATTGGAAGGAGACCGGCTCGCTGGAGAAGGGGATCCGGTCGGCGTATGGCATGACCGGTGACGGCTTCGAGAAGCACTGGCGGGCTCAGACGCGCTCGCGATATGGCGCCCTCGCCTTCGTCACGAACATGTCGTTGATCGTGGGGTTCTTCTCGCTGGTCATGGTGCCGCTCTTCATCCAGCGCCGGCGACGGGACCGCGTCAAGCTCGAGGCCATGCGGGCCGCTGACGCGCAGCAGGAACGTGAAGCCCGCGAGAGCGCCCTGCAGGCCATTCTGGAAGGGGCAACCTGACCGCCGGTCCTTGCCGGACGGGCGCTTTCCTCAGTATCCTCCCGCATGACCTCGAACGACACCCCGCGCTCGCGCCCCCTCCTGTTCTGGGGGCTGGCGGCTGCCTCCCTCCTGCTCGGCTACGTGGACCTTGCCCGTGGCGGCGAGACCATTGCTCCGATCCTGCTGGTCCTGGGGTATTGCGTGTTGGTACCGCTGGCCATTTTCAAGGGCTGACGGCTCGGGGGCTCGCGTTTTCCTACCGATGGCAGGGACCAACCCCCGCCGAAACGTGACAATCCGGTTAAAGTTCGTCTCAATCAGGAACCGTCCCCGCCGCACGATGTAGTTTATTTCAGCGGGCGGTCCTGGCGAGGCGTAACACGGGCGAATAGCTCAGCTGGTTAGAGCACCTGTCTTACACACAGGGGGTCGGGGGTTCGAATCCCTCTTCGCCCATCCCGTCTCCTCGGGGCTGGCAAAAGCTTGCCGACCGCCGCAGGTAGCCGCAGTTTCCCAGCTTCACCCCCCCAGACCCGCGTGACTTCGCCGTCAACGGGTTGTTCCATCCCCCGGGTTTTCCTGTACCACGGCTCAGTTGCGGAGGTTACGACATTGATGTCACGGCATTTCCAGGCGATCGCAGGGATCGGTTTGGCCCTCGGAGGCACGCTGGTGCCCTCGGTGGCTTCGGCCCAGTACAACCGGGTCCCCGATCCGAATGCGAAGCGCGTCATGGTGGCGGTGTTCCGCAGCGGCGAGAAGGGCCTGGGGGTGCAGGCTGCCGACGCGGTACGCTCGCGCATGAACAGCGAGTTCCCGTTCAAGCAAGTCTATGTACTGCCCAAGCAGGACATCACGGCCACGCTTGAAGCCTCAGGCTTCCCGGTAACGGAAGCGCTCGAGCCGCACGACCAGAAGGCTCTCGCCACCCTGCTGCGCGCGGACGAATACGTCACCGGCACGGTGAGCAAGACCGCCACGGGTGTAAAGGTGGAGGCCAGCTTGGTGCTGGCCCGCGACAACTCGCTCGTGCAGCCGCTAGGTACGTATGAGGCCAAGAGCGTCGGTGACGCGTCCAGCCTCATTGCCAAGGAGCTCAAGGAAGCGCGCAAGCAGCTCGAGTTCGAGCAGAAGTGTACCAACGCCGGCCGTCAGGGCCAGTATGACGCCGCGATCGCGGCGGCCAAGGAAGGCATCACGGCCTACCCCAAGGCCACGCTGACGCGCATCTGCTGGGCCAATGTGCTCATCACGCAGAAGGCGCCGGCCGCGCAGCAGCTCGAGATCGCCAAGGAAATCACGAGCATCGATCCCAAGAGCCGTCCGGGTCTCGCCATTCTGGCCCAGTCGTACCGTGACACCAATCAGGGCGACTCGGCGGTCGTGACGCTCACGCGTCTGCTGGCCACTGACCCCAAGAACCCGCGTCTGCAGAAGGACGTGGTGGACGCGCTGGTCGTGCTGGCCAACCCCAAGGTGGCCCGCCCGGTGATCGACGAAGCCGTGCAGGCCAACCCGGGTGACCCGGAACTGCTCAAGCTGCGCTGGTTCATCCTGCTCGCCACCCGCGAGTTCAAGGAAGCCTTTGCGCAGGGCGACGAGCTGGTCAA
NZ_CP011454.1_gap43	1902521	1903519	998	GAGGTGGTGGCCGCCTGGATTGATCGTGGCTTGCCAGACAACGTGGCCGTTATCTGGGGCACCGGAAAACAGCAGGCCGCCGCGTACCTTGATCGTGAGCGGCACATGGTGCGCGTGCGACCGTATCTGACACCCATTGCGGATGCCTATGCGGCCGCCGATCTGGCGGTGGCCCGCGCTGGTGCCATGTCCATTGCCGAACTGTGTGCGTGGGGCGTTCCACAGTTGCTCATTCCACTTCCCACCGCGGCGCAGGATCATCAATCCCACAATGCGCGCGCCACGGCTGCCGTGGGCGCGGCCCTGCATGTGCCACAAGCGCAATTCAGCGTGGATCTGCTTGACAGCACCGTGCGCGAACTCGTGCGGGATCCGGCGCGGCTACAGGCCATGCGGACCGCTGCCGCCGGGCGCGCGCATCCCGGCGCGGCCGACGCCATTGCGCGGCACATTCTGCAGATCGTGACGTCCCGCTGACCTTCCGGTGACGACTGACGGCGCGCGCTTCTGACGCCGCGCCTTCGTCGCCATATTTCACCGATGGCTCACTCGGACGTCTCCCCCCAGCAGGACTCGCCCTCGCGGTCCGTTCTCCTCGACGCTACGGACCCGCGTCCGGTGCATTTCGTTGGCATTGCCGGCGCCGGCATGAGTGCACTTGCCGAATTGCTCGCACGCCGCGGGGTCATCATCCAGGGGACCGACGCCAATCCCGGCGGGGCACCGGATCTGGCCAAGTATGGCATTACCGTTCGCGAGCACGATGCCGCCATGGTAGCCGCGGCGCGCGCGCTGGTCTATTCGTCAGCCATTCCCGTCTCGCATCCCGAAATGGTGGCCGCGCGCGCGGCCGGCATTCCCGTCATTCGTCGCGCGGAAGCGCTGGCCGATGCGGTGAGTGGCGGTACGCTGGTGGGTATTGCCGGCACGCACGGCAAAACCACCACGACGGTCATGACCACGGAAGCGCTGGTCAGCGCCGGTCACGATCCCACGGG
NZ_CP011454.1_gap44	1934072	1935462	1390	GACCATCAACGCCACGGCCTCCACGCTGCTGGCGATGTATATCGTGGTGGCCGAAGAACGTGGCATCGCACGCGCCGCCCTGTCCGGGACCGTTCAGAACGACATCCTCAAGGAATACATCGCGCGCGGCACCTACATTTATCCGCCCGCGCCCTCGTTGGCGCTCACAGCGGAAATGTTTCGCTTCTGTGCCGCCGAGGTCCCGCAGTGGAATCCCATTTCCATCAGCGGCTACCACATTCGCGAGGCGGGCGCCACCGCTGTCCAGGAAGTGGCGTTCACCTTCGCCGACGCCTTGGCCTATGTGCAGCAGGCGGTCAGTGCCGGACTGGCTGTAGACAGCTTTGCGCCGCGTCTTTCGTTCTTCTTTGCGGCGCACAACGATCTGTTCGAAGAGGTCGCCAAGTTCCGGGCGGCCCGTCGCCTGTGGGCGCGCCTCATGCGAGATCGCTTCGGCGCCAACGATGCCAGCTGTCGCATGCGCTTCCACACGCAGACGGGCGGCGTGACGCTCACCGCACAGCAGCCGCTCAGCAACGTCGTACGTGTCACCGTGCAGGCGCTGGCCGCCACGCTCGGCGGTACCCAGTCGCTGCACACCAACGGCTATGACGAAGCGCTCGCCCTTCCCACAGCGGAAGCCGCCACGCTGGCGCTGCGCACGCAGCAGATCGTGGGCTACGAGTCCGGCATTGCCCAGACCGTGGACCCGCTCGCCGGCAGCTGGTACGTGGAGCAGCTCACCGACACCATCGAAGCCCGCGTAGTCGAACTGCTTAATAAGGTGGACGAACTGGGCGGGGCGGCCGAAGCCATCAAGGCCAGCTTCTTCCAGGAGGAAATTGGCCGGAGCGCCTACGAGTATCAGCTCCGTGTGGAGGCGGGCGAAACCGTGGTGGTGGGCGTGAACAAGTTCGGTGATGGTCAGGAGCCGCCCATTATTCCCGCCCCTGACTTCAAGGAACTCGAGCGTGATCAGGTGGCGCGTCTTGCGGAGGTCCGCGGACAGCGTGACAATGAGGCCGTGCACGCCGCCCTCGCCCGCATCGCCGATGCCGCGCCTGAGTATCTCCCGGCCCACACGGGGCCACGTACCCCGCTCATGCCGCGCATCATTGATGCGGTGCGCCTGCGGGCATCGGTGGGAGAAATCGCCGACACGCTGGAGTCGGTCTGGGGCCGGTACCAGCCGTCCCTGTAATCGACCATGACGCCCGACGCCGCTGACTCCGCTGCTCCCCCGTCGGCCGCACCACGCCCTCTGGCCGTGGTGCGGGCCATGATCGATGCGCTCGATCGCGATCTGATGCAGATCCTTGCCCGTCGCATGGCGCTGGTGGCGGAAGTGGCGGCGTACAAGCGCCAGCATGGCATCAAGATTCGCGATGCG
NZ_CP011454.1_gap45	2111553	2113738	2185	AGCCGGTTTCAAGAAGAATCCCAATCACCGGAACGCGCTCTACAACTATGCCAACGCCCTGTTCTCCATGAAGGAGGCAGCCAAGATGGGGCCGGCCGTTCAGCGTCTGATGACGATCGATCCCAACTTCGAACGTGGATGGCGTCTGGTGGCCGGCTACTGGCAGCTGCGCTCGCGGGCGGAAACGGACGCAGCCAAGCGGAAGCCGTTCCAGGATTCCACGTTGTACTATCTCGATAAGCAGTCCAAGGTGAATCCCAAGGTGGACATTGTCGCCTCTGGGGCTGGCCGGACGGGGTATCAGATTCAGGGCTCGGTGTCGAATGGCGGGACGGCTGCGGGCAGCTGGACGATCAAGTTCGAGATTCTGGACGAGGCCGGGGCGGTGGTGGCGACGCGTGAGGTTGCCGTGGGGCCCATTGAGGCCGGCTCGGCGATGACCTTCAGTGTGACGGTAGAAGCGCCCAAAGGTGTGGCCTTCCGATACGCGCCCATCAAGTAAGGCGCGTGGTAGGAAGGTGTTGAAGAACGCCGAAGTCCATGAAATTGATTGACTTCGGGGCTCCCAGTTCGTAGATTTTCTCAGGTGGGCGACGACGCTTCTGTCGTCGCCCGTTTGGTTTACCGGGGGAGGGCCATCGGGCCTCGCCCCCGTTTTCGTCCCGGGTCATGGTTCGCGTCACACACGTCGAGCCGGGAAGTATTGCCGATCAGGTCGGCATCGTTCCCGGTACCGAGCTGCTCGCCATCAACGAACGGCCGTTGGAGGACTTCCTGGATTGGGAGTTTCTGACGGCCGAAGAGTCGTTTGTGGTTTCGGCGCGACAGCCCGACGGCACGGTGGTCGAATACGACATCGAGCGAACGGACGGGGACTCCATGGGCGTGGAGTTGGCGCCCCCCACCGTTCGGCGCTGTGCGAACCGCTGCGAGTTCTGTTTTATCGAAGGACTCCCCAAGGGGCTGCGCAAGGGACTCTATATACGCGACGACGACTACCGGCTGTCGTTTGCCTACGGCAACTTCGCCACGCTGTCGAACGTCAAGGAGCGCGATATCGCGCGCATCCTGGAGTACCGACTGTCTCCGCTGTACGTGTCGGTCCACGCGACCCCGTGGGAAGCACGCAAGGTGCTGCTCAACAATCCACGAGTGCCCAACATCGTAGAACAGCTCACGCGCCTGGCCGATGGCGGTATTCAGTTCCACTGCCAAATGGTCATTGTGCCTGGCATCAACGATGGTGAGGTCTTGGAGCAGTCGCTCACTGATCTCTGGAATCTCGGCGAGGCCGTCATGTCGATCGCCCTCGTTCCGGTTGGTGTCACGCAGTTCTCGCATCTGTACACCGGCAAGCCCATGGATGCCGGGAACGCCGGGGGGCTACTCGACGCGGTGCACCGCTGGGAAGAGCGGGCCCTCGAAGAGCGCGGCGACCGCTGGGTGTTCGGTTCCGATGAACTGTATCTGCTGGCCGGCGAGGAGCTGCCGGATGAAGAGCACTATGGCGAGTTCTCTCAGATCGAGAACGGTGTGGGGGCCGTAACCTCACTCCGGGCCCGGGTACGTGATGGACTGTCGCAACTGCCACGCCTCGATGGCCGCCGCATCGGCGTAGTGACCGGTACATCCATGGTACCGCTCATGCCGGACCTGCTTGCACAGCTTACCGAGGCGACCGGAGCACAGTTCGTGCTCATCCCCACGGAGAATTCGCTGTTCGGGCCCACCACGACCACCGCTGGACTGCTGGTTGGCGCCGACATCCGTCGCGCACTCGCGGAACGGTCTGACCTTGATATGGCGCTCATTCCGGCCGAGTGCATCAACGACAATGGCCTCTTCCTCGACGAAGAGTCGTTCATCGCGGTACGCGAGTCGTTGCCCATGCCGGTATTTCCCTCGTACGACTTCATTGACGCGCTCGTCCCCGAGGGGGATGCGGCGGTCGTTCCCGCCGCCTGATCCGTTCGCATGAGCATTCCCGTCGTAGCAATCGTTGGTCGCCCCAATGTGGGCAAATCACATTTGTTCAACCGCATCATTGGCGAGGCAACGGCCATTGTCAGTGATGAGGCTGGCACCACGCGCGACCGGCACTTTGGGCGCGCCGAGTGGGCCGGTCATGATTTCTGGTTGGTCGATACCGGTGGTCTGGTCGAGGATTCCAACCTGCCCATGGATG
NZ_CP011454.1_gap46	2117574	2120329	2755	GCTACATCTCGGTCACACCGTTGCACCTCGATCTCACGCATCGGGATGTCCTTAACGCGGCGACGGATTGGTGGCGGGAACCGTAGAGCCGGAATTCCGGGGCCCACGTCGGCGTCTGGTTGAAGCGCTGCAGGACAAGGGGATCAAGGATCTCGCACTCCTGCGCGCCATCGATACCGTGCCGCGGCATCTGTTCGTGCCGTCCACGGTGCGTCACCGCGCCTACGAAGACTCGGCCTTGCCCATTGGAAGTGGGCAGACCATTTCCCAACCGTATGTTCACGCCCGGTCGGTCGAGCAACTCATGCTCACGGGCCAAGAGAAGGTGTTGGAAATCGGCACGGGATCTGCTTATCAGACCGCGTTGCTCTCGCATCTCGCGGCTCAAGTGTTCTCCGTAGAGCGCTACCGTGAGTTGCTCGACAAGGCGCGTCCCATTTTGCAGCAGGCGAATGTGCGCAACGTCTCGCTCTCTTTGGGTGATGGCACGCTCGGATGGCGGGAGTATGCGCCGTACGACGGGATTGTGGTGAGCGCCGGAGCACCACATGTCCCGCAGGCCCTCGAGGACCAACTCGCAGAGGGCGGGCGCCTGCTGATTCCGATCGGCGACAAGGAGGAGCAGATGCTGACCCTGTTCACAAAACGAGCGGGGCGTCTGGAAAGGCGTGACATCACCCCGGTCCGCTTCGTCCCCCTCATTGGGGCGCAGGGTTGGCCGGGATAATTCTCCCCGAGCCGGAATTGCGCCCCGGCTGGCCGTAGTTCATCTTCGCCCACCCGAAGCACGGATGCCTCGGAGGGCGCGCCCCGCGCACCACGGTCCTGATTCCTATGTCCACTCCGTACCAGTCTTCCCTCACCTCGGCCCACGCGCCGGTACTCCGGTCCGCCTTGCCGCCCTACGCGGCACCGGCGCCGGCTACCCCGATGACGGTGGCCATGCCACGGGTACGACCGTTCATCCCGGAGCCATGGCGAACCGCCATGGCAGCGTCAGAGGCGGTGATGGCGGAGGCAGCCGGTGTGGAGTCGATCGGCGCGGAGCCAGTCGTTCCGGTCGTGACGAACCTCATGAGCACGATGGTGGTGCGGGATGAGGAACGGGCCGAAGAGGGCGTGTCCTCGGTCATGGAGGTGCCCGAGCGGATCCCACCGTACCGGCCGCTCCGACCCACGCCGATCATGACGCCGGCCATTCGGACGCCATTGTATATCCCCTCCATCCCTGTGCCGTCGGCACCAGCCGCCATGGTTGACGAAGGGGAAATTGCGCCGCTTTTGTTGACCACGAATGAGTTTGCGGCGCCTCTGGCGTTGCGGCCAACGCTCTCGTCCGTAGACGCAGTGGCCGTCCCCGACCACGATGAGCCAATGGCTGACGCAGTCGGGAACGTCCCGCAAACGGAGCAGGTGGCCCCCGCTCCGGAAGCGGTTACGCCGCCAACGCTCGCGACCGATGGCACGTCGGAGTTGCCCTGGATCGAAGCGTTTCTCGCGGCCACACCGGCGGTACCGATGCGGTCGGTGCCCACCCCACTGGTGAGCCAGATTGTCGAAGCGGCGTCACTGGATACGCTTCCCGACGCAGCCGCGGCTGAACCGCCCGCGGAGGAATGGCCATTACAGGACGCGGCCGAGGAATTCCGTGCCTTGAGTGCACAGATGGACATTCCGGCCACCCCCGCCGAAGCTGATGCGATGGCTCAGGATGCCCTCGCGCCCGACGCGCTGTTTTCGGGGCCCGCCGATCCTGCCCCTCTCCCGGCATGGAGCGACGACGATCTGATGGACATCATGCCCATCCGTCACTCCGGAAAAACGCCCCTCTCCAACCCAGCGGTGCAGGGTGATGGGGATCTGTGGGCCGAGCGCGCACGCAAGGCACAGGAGGAGGCACAGGTGTTCAAAGCAATGGCCGCTGCCCCACCCGCGCCGGAACTGCCGGCGGCAGACGCCACCGCTGAGGAGGCCGCGCACGCGCTCGAAGTGCTTGCTCGTCGCGTCCGGGCGGGAGAATTGATGCTGCCCAGTTACGATCCTCGCATGGGAGAACCGGCTGCCCTGGTCGCGGCCCTCGCGGCACTGCTCGGCGTCCGACTCCGCTGACCTATGGGGGGGCGTCGGTTATAGTTGAGGAATGACGACACCCACCCTCACCGATCGACTGTCCCAGGTCATTCGGGATGTCCCTGACTTCCCCTCTGCCGGAATTCTGTTCAAGGACATCACCCCGGTGCTTGCCGATCCCGCGCTGATGCGCGAGACCCTGAGCAGCATGGCGGAGCCTGTTGTTGGTGCCGGGATCACGCATGTGGTGGCGGTGGAGAGCCGCGGATTTCTCTTCGGGATGCCATTGGCGCTCGAACTCGGCGTGGCCTTCGCGCCCGCCCGGAAGCCAGGAAAACTTCCCTGGCATACCGTACGCGAAGCGTACACGCTGGAATACCGAAGTGATGTCCTTGAGATGCACGAAGACGCGCTCACCCTCGGGATGCCCGGGGCGGGTCGCCCCCGTGTTCTCGTGGTGGATGACGTGCTCGCCACCGGAGGAACAGCGGCGGCCACGTGCCGACTGGTGGAGCGGCTCGGCGGCGAGGTGGTTGCTGTGTCGGTCCTGGTCGAGTTGGGATTTCTGGATGGGCGCAGCCGCTTGCCCGGGCGCCGAGTGGTACCAGTTGTCCGCTACTGAGCCGTCGATCGCCACAAGGAATTGCAGACGGTGCAGGGGACCCGCTGACGGCGGGGGCAACAT
NZ_CP011454.1_gap47	2130014	2134398	4384	GCCACTGTCGGACGCGGCTCCCGGAGCTGTGTCCCGTTTTGCGGTTATTAGGCTGTCGAAAAAGGCCAGAATGCTGTCGCCACGCAGCAGATCCTTGTCCTTGGTCCGCATTTTCAGGGTGTCGGGCGTACCAATCGCCATGGCATCGCCAATCGCGCGCACTTCCCGGACGTCCTTATCGACCAGACGAATGCGCATGGAATCGGCCAGTACGTCCTGCTGAGGCGTGGTGGCTTTGGCACGCCCCTTTCCAAAGGCATAGGCCTCCTCAAGCTGTTGCTCCTTGAGGCGCATATCGATGTTTTCGGCGTTCAGCACCAGGTCGGTGCTGGTCGCAATCGCCTTGTGACGTGCCACGATGCGATTGAGTTTCCGCGCGGTGCTGAACATGTCAATCGTATCGCCCACGAGCGTGAATCGCTGCGCGGTATCACGGTTGATGATGCGTGCACTGCGAATGAGCCGGGACAACTCCGACACTTTGTCGAACGCGGCGGAGTCTGACCGGGCGTTGATCTTCTCACGGTCAATTTGCACATCGCCCCACGCCATCAGGAGGGAATCACCGGCGTCCTCAAAGCGATTCGCCGTGACGTAGGTGGGCGGCTGCGGTTTGCCCGCACTGTCCTTCTCAATCAACGTGGCCATGGAGCGCGCGGGAGCAATCAAGCGGGCTTGCGGGCGCTCCGGCGTGCTGCGGAAGTACTCAATACTGGGCCCCGAAAACGTACTGCCCGTGGCTAACTGCGTCGCGACGACATTGCCGTCAGCATACAGTCGTCCTTCTTTGGTGAAGTACGTGGCATGGGTGGCGGTGATCTGCACCTTTTGAGGCTCCTCGTACACCACATTGCCGTAGAGATTCACAATACCCGCGGCCTGGAACTGCTCCGCGCTATCGGCGCGCAGGCGATTGTTCTCTCCCTGACAATGGCCAACGAATCCCCCCCCGATGAACGTGTTGGACACGCTCTCGGAGATGCGACTGTACAACAAACGGGTCTCCGGCGGTGATTCGGAGAAGTCCATGACGCAGGGGCGCGAAACCGCGGGCTTCTTCTTGGCCACCGGCTTCTTGACCGTGTCGGCGGCGACGACCGAATCGGCCTTGGCCTTGAGGGCCGCACTGTCTGCCCCGGGTGCCGCTGGCTTGGCGGGACTCGTGTCTGGCGCCACGACTTTCACACTGTCCGACGGGGGAACGACCGGCGCCGCCTGGGCAGGGGGCGCCGGCCGACGGCTTCCTCGACAGCCCGCTACGCTGGCCGCCACCGCCACCAACGTGAGCAGCACGACCCGACGGGCGCCCGGGGAAAAGCCAGAACGCGTGTCCATCAACGGGTGGGCACCTGGACCGGTGCAATACCCTTGCAGCTCTTGAGGCACTTGAAATTGTTGAGTTTCGGATCCGATTCGAAGCCGATTCCCGACAGTTCGCGCTTGGGTTCGTTCAGGACAAAGGCGGAGTCGGAAAAGAACTGGTTCCGCACTTGATCAAACACCAGCTGCTGGGAGCTGAACCGCTTGCCATCTTCGCGAATCACGACGACGTCTCCCCGGGCCTCCAATCGCTGCAGACGGGAGTTGTACGTGCCGGTTTTTGACGTCAGCACACCATCCTTCACGCCCTGCGCCGTGTAGAATGTCATATTCACCCGGCGCATTTCGAGCCGGGTGCCGTCTTCGTACATGTATGCCGTGTCGGCCAACAGCTCGCCATTGCTGACGCCTCTGTTGGTCAGGACGTGCCGCACGCCAAAGCCCATCTGGTCTGCCGAGTCGGGCATGGCGGAGCGCTGCGCCCGCTTGGTGGTGGCCGGCTTCTTGGGACATGCCGCACCGCCCAACAGCAGCACGCTGATGGCACCATACATCCAGAAACGGGCCGTACGGCCTGGACGCGCGCTCATACCGCGCCGGCGCGCATGAGATCATGCAGGTGCACCACACCCACCAGCTGCCCCGCGGTGTCAATAACCGGCATGGCCATGATGCCGTGTGTTTCCATGCGATGCACTACAGCACTCCCTAATTCGTGATCTTCAGCCAGGCGCGGCGACGTGGACATGACCGCCTCGACGGGAACTGACAGGACATCCTGCTGACGCTCCAACAGGCGTGTCAGATCTCCTGCCGTGACGACCCCGGATACCCGCCCCTGTTCCACAACCACCGCAATTCCCCGGCGTTCCGCCAGCAACACGACGGCCTCACGCATGGTGGCGGTTCGCGCCAGCACCGGAAGCGTTTCTCGCACCATCACATCCGACACCCGCGTCAGCAGGCGGCGCCCGAGGGCACCACCCGGGTGGAGTCGCGCGAAGTCCTCCGCCTGAAATCCTTTGGCCTGCAACACCGCGACCGCCAGCGCATCACCGAGTGCCATGGTGACCGTCGTGCTGGTGGTGGGAGCGAGGTCATGCGGACACGCCTCTTCCCTCACCAGCAAATCCAGCGTGACATCGGACAACCGCGACAACCGCGACGACGGTACCGCGGTCATGGCGATCCGCCTCACGCCCAAGCGCGCCAGCGCCTCGATGAGCCCCAGCAGTTCGTCGCTTTCTCCGCTCTTGGAGATGAGAATGGCCACGTCGTCGGCACCGACAATGCCCAGATCACCATGCACACTCTCCACAGGATGGAGAAACATGGCCGGCGTACCCGTCGAGGTAAACGTGGCGGCCATCTTGCGACCGACCAGCCCCGACTTTCCGACCCCTGCCACGATCACTCGACCTGTACAGGCCGCCAGAAGTCGTACCGCGTGCACAAAGGCGTCCCCCAGTGCGGCTTCACTGGCGCGCAACGCTTCCGCCTCCAGCGCCAGCACACGACGTCCACGCTCGATCAACACGGCGCTGTCGTGCACATCGATTGACCGGGTGGCGGCACTCCCTGATCCGGGACTCACTGCGGCACCTCCGATCCTTCGTGTGCATCCCCACTGCGACTCTTCACATAGCGCTCCACCGCATCCGTCCACTCCCCACGGGCATACAGCAAGGCCTCGGCAAATTCGCGAACGGCACCGTAGCCACCCCGGGCATTGAGGCGCAGGTGAGCAGCCCGGGCGGCTTCTGGCGTACTGTTGCCCACGGCGACGGGCAGCCCGACCGCACGCAGCACCGCCACGTCAGGGAGATCGTCGCCAACAAAGGCGACTTCGTCGAGCTCGACACCCAGATCGGTGCAAAGACGGCGCAGCGCCGGAAGCTTCCGGGCCTGCGGGTCCTGGATGCAGGCATCAACCCGAAGCTCCCGGGCGCGCATGGCCACACTTTCCGAGACACGCCCCGTGATGATCGCCACCTTGAGTCCACAGTCGCGCAGCATGGCCATACCAAGTCCGTCCTGTACATCGTAGCGCTTGAGTTCAAATGGAACGTGCGCGCCATCCCGGGACGCACTTCCCAGATACAAGCCGCCATCTGTCAACACGCCATCCACATCAAATCCAACCAGCTTGATGCGCTTGGCCAGCGCGACATCAAGGCGGGCCGGATGAATCAGGAGGGGAGGGAGCCCTTCGCCACTGGACATCAACGCGTGGACCGATCCCAGATGTCCACCGCACGACGCACCAGATCCGGCAGTGCGTCTAGCGGGATCATGTTCGGGCCATCGCTGGGGGCACGATCCGGTTCCGGATGCGTCTCCAGAAACAATCCTTGGGCGCCGGCGGCGATGGCCGCGAATGTCAGCGGCGGGATAAACTCGCGCGCGCCACCACTGCTGCCACCCTGCCCTTTGCCTGGCTGCTGCACACTGTGGGTTGCATCAAAGATGACGGGGACACCGCACGCTTCGCGCAGTCGCGGAAACGCCCGCATGTCTACGACCAGATCGCCATACCCGAAAAAGGTGCCGCGCTCCGTTACCGCGAGTGCTCCCGTCTCCCGGCCAGCCAGGGCGGCACCGGCCTCCACCTTTCTGACGGCACCCTTCATTCCCTCAGGGTGCATCCACTGGCCCTTCTTCACGTTCACCGCCTTGCCCGTGGCACCTGCGGCAAGGAGCAGATCCGTCTGGCGGCACAGAAAGGCGGGAATCTGCAGAACGTCCACAATTTCCGCGGCGGGCGCACACTGCGCGGCGTCGTGCACATCGGTGAGTATGGGGAGCCCTGTGGCCGCCCGCACGCGTGCCAGCGCCGCCAGCCCCGCTTCCAGCCCAGGACCGCGCACTCCATCCACGTTGGAGCGATTGGCCTTGTCGAAACTGGCCTTGAAGATAATGCCGCCCGGTACGTGCTCGGCGAGCCGAGCCAACGCCTCGCCAACACGCAGATTGAGCGTGTCGTCTTCGAGTTGGCACGGACCGGCAATCAAGAAAAGGCGGTCCGCGGAAAAGAGCGGGAGACTCACCGGACTCACTGGTTGAC
NZ_CP011454.1_gap48	2136949	2140966	4017	GCCAAGGCAAACGGGCGCCCGTGCAGTTTTCAGTCTCTCTCAGCTTTCGGCATGCCCACATCGTGGTGGATCGGCTTTAACGCCCTGGTGCTTTTCCTGCTCGCGCTCGACCTCGGGATTTTCAACCGGAAGCCCCATGCCGTTTCGGTCAAGGAAGCCCTCGGCTGGAGCGCGGTCTGGATTACCCTCGCGGTCGGCTTTGGCCTGTGGATTGGTCAGGCCATGGGGCGACAGGCGATGCTGGAGTTTTATGCCGGCTACCTCGTTGAGCAGGCGCTATCAGTAGACAATCTGTTTGTCTTCATCCTGGTGTTCGGCTACTTCCGGATTCCGCAGGAACTGCAGCACCGCGTGCTTTTTTGGGGCATTCTGGGCGCCTTGCTGATGCGCGGCGCCATGATTGGGGCGGGCGCTGTCCTCCTCGCCAAGTTCCACTGGATCATTTACCTCTTTGGCGCGTTTCTGATCTACACCGGTTTCAAAATGGCGTTCGGCGGTGAGAATGAGATTGAACCCGAGCAGAATCCGGTCATCCGGCTGGTCCGCCGCTTCATGCCGCTCACCACGAAGTTCCACGGCGACAAGTTCTTCGTGCGGGAAGCACTGGAGCCCGGTGGCGTCGTGAAACTGGTGGCGACGCCATTGTTTGTCGTGCTGGCACTCGTCGAGACCACCGACGTGGTATTCGCCGTCGATTCCATCCCGGCCATTTTTGGTGTCACCAGGAATCCATTCCTTGTGTACACATCGAATGTGTTTGCCATTCTCGGGCTGCGGTCAATGTATTTCGTTCTGGCCAACATCATCGGCAAGTTTCACTTGCTGAAGTACGGGCTGTCGATCGTGCTGGCCTTTGTGGGCGCCAAAATGTTGTTGTCGGAAATCCAGCCCATCAGCATTGGGGTCTCGCTCGGTCTCGTGGCTGGCGTGCTGATCGGCAGCGTGGTGTTGTCGCTCCTCATCCCGCCCAAGGGTGAGACCCCGACCGAGCACTGACCACGTGCGGTTGATTCCGGCCGGCGGATTGCGCCGGTCTGCAACTACGCCGCGGTTCCCCTACGGAAGGTGCGCGCCATGCGCAGGAAGTTCACCAGCAACGTGCGCCCGTGTTGCGTGAGGATCGATTCCGGGTGGAACTGCACCCCCCACACGGGATGCGCGCGATGCTGCAGCGCGTGAATTTCCGTGGCGTCGTCGGTGGCCGTCGCGGTAACGTGCAGGCAATCGGGGAGCGTCTCACGCTTCACGATCAGCGAGTGGTAGCGCATCACGCCAAAAGGAGACGGGACATCGGCAAAAAGTCCCGTCCCATCGTGGACGAGTTGGGACATCTTGCCGTGCATGACCCGCGAGGCCCGCACCACGTCGCCGCCGTACGCTTCGCCAATGGCCTGATGGCCAAGACACACCCCAAGCAACGGGATCTGTCCACCGTACCGCCTGATCACGTCTACCGAGATCCCGGCCTCCCGTGGTGAACACGGTCCTGGTGATACCACAACGGCGTCCGGTGCCATTTGGCCCACTTCGTCGACCGTCAAACGATCATTGCGGTGGACTTCCAACTCCTCCCCGAGTTCCCCGAAATACTGGACGAGGTTGTACGTGAATGAGTCGTAGTTGTCGATCACCAGCAGCATAAGGCGCTCAGGAACGCGGGTGGAATTGCTTGTGTACGCTACGAAGATACTCACGGTCCACGTGCGTGTAGATCTGGGTGGTGGCAATATCGGCGTGGCCGAGCATCTCCTGCACGGCACGCAGGTCCGCGCCCCCTTCCAGAAGATGCGTGGCGAACGAATGGCGGAGTGTGTGCGGTGACACGGGCTTTTCGATTGCCGCCTGATCCACGTATTTCCGCAGGATTTTCCAGGCGCCCATTCTGGTCAGGGGTTTCCCCTGCCCATTCAGAAACAGGATGCCCTTGCCGTGCCCTCGTTCCAGTACGGGACGCAGCTCGCGGACATACACGGCCACCGCACCAATCGCCGAACGCCCTATGGGAACGAGTCGCTCCTTGCTCCCCTTGCCGAACACGCGGACGAGGCCGTCTTCCAGCAGCACGTCTTTCAGCGCGAGACCAATCCACTCGGAAACCCGGAGCCCTGCCCCATAGGCCAGCTCCAGCATCGCACGATCACGAAAGGCCAGCCGTTCATCGAGCTGTGGCGCGGCCAGGAGGCGCGTCACTTCCTCGACCGACAGGACCTCCGGCAATGTCCGCCAGCGCTGCGGTGAATCCAATCGTTCGGTGGGGTCGCTGTGAACCAACCCTTCTGCCAGCAGAATGCGGAACCACGTCCTTAGCGCGGAGATATTGCGCCGGATGGAGCTGCCCGCCAACCCGAGATCCTTGAGGTGATAGACAAACTCCCGCAAGATCGCCGGTGTAATGGCGGCCGCGCTCGCAATGCCGTGCTCCCGAAGGAACGCGGCACAGCGCAGGACGTCTCGACGGTACGCGTCAATCGTTCGCGGTGAGGCCCCGTCTTCCAAAGCGAGGGCATCTTCGAACGCCTGGAGATGGAAGCCACGTCGCAGCGTCCGCTCCTCTTCACTCATGGGCATCGGGGACATAGTCATGAACGGCGATGCCCGCGCTGCCGACGCCAAAACACAAACGCGACCGCTACGACCACGATGCCGAGGGCAACCAGGCCAAGGGTGCGTTGCTGCCGGGTAATGGCGGCCAGCAACTGGTCGGCGCTGGCGCCCGCCCGGAAGGCCAGCAGGCACACGACTCCGTACCAGACACCCGACGCCAGGGACATCGCAATCGCGGATCGTCCGGCGCCAATGCCAAGCGCGCCCGCCATTGGCGGCACGAGCGCCCGCACCCCGGGGAGAAAGCGGCTGATCACGACCGCTACCATCCCCTGCCTCTGGAACTGCCGGGAGAATTCACCGGCCGCCTGCTCAGTGACAATTGAGGGGAAACGGCGGATGAGCCACGGCAAACCAAAGCGATGCCCAAGGGCGTACATGAGCATCGCGCCACCAACGTTTCCCACCATGGTGGCAGCCCACACGCCGAGCATGGTACCGTTGCCGCGTGCGGCCACAAATGCGCCGAGCGCAATCACGGTATCGGCAGGCAACGGTGGGAAAACGTTCTCGGCGAACGCTGCCACCAAAATGGCGCCGTATAGCAGCGGGTCTGGCAAGCCGGCGAGCCACGCGAGCAGATCGTTCATGACTCACGCATGGATTGAAGTTGCGTCGCAGCGCCGGTCAGGCGCCGTGAATGGTCGCCGTGCACATCACGGCGAGCCCTTCCTCCCGACCGATCCATCCCATGCCTTCGTTCGTCTTGCCCTTCACAAACACCTGATCGTGCGGAATGCGAAGCGCGTCACACAGCACGGCGCGCATGGCCTCACGATGCGGACCGATCTTCGGATGCTGGGTAATGACGGTCACGTCGACGTTGTGCACGCGATAACCGGCGTCCCACAAACGCTCCACCGCCGCCTTCAGCATCACGATCGAATCCTTGCCCTTGTTGGCCGAGTCCGTATCCGGAAACATCTGGCCGATGTCGCCGAACGCCGCCGCACCGAGAATCGCATCGGTGATGGCATGGCAGATGGCATCCCCATCGGAGTGACCGGCACAGTGTACATCCCCGGCAATGTCAATGCCGCCGAGGCGCATGGGCCCACCCTCACCGAAACGATGCGAGTCGTATCCGATGCCCACCCGCGTGTTCACCAACGTCGATGGCGGGATGTCCGTCACGCCGCCACCGTGGCGTGCGCGTCGGACGCTGCGGTGACACCGCTCGAGATGAGCGAATAGTCCTGACGCCGCCGCGCGGGAGTAAACCCGGCGTCGGTGATGAGCCGGTCGAGCTCATGGACAGTGGTGCGGTGTGTGGTGTTGGCCGCCGACACCACGTTCTCCTCGATCATGAGTGAGCCGAAGTCGTTGCAGCCATAGCGCAGGGCCATCTGCCCCACCTTCATGCCCATCGTCACCCAACTGGATTGCAGGTTGGGCACGTTGTCGAGCACAATG
NZ_CP011454.1_gap49	2239215	2240318	1103	CGCACCGTTCAGGGCGAAATGGAAGCAGTACTGGGCCGGCTCTGTACGGTACACATTCCGGCCGTCGGGGCGGGACGCACCGACGCCGGCGTTCACGCCCATGGCCAGGGGGTTGGTGTACGGGTCCCGGCCCATTGGACCCCCGAGCGGCTGCGCCGCGCCATGAACTCGCTCCTGCCCGATGATATCTGGGTGGCCGAAGCGACCCGGATGACCCCGGATTTTCATCCCCGGCGGAGCGCAATCGAGCGCCGATATGGTTATCTTGTGGGGACAGACGAATCGGCACGATCGCCCTTCCGTCGGCGTACCGAATGGGCCGTCCCTCGGCCTCTCGATCCGGCGGCGTTACATGCGGAAGCCGCCTGTCTGTTGGGAGAACACACGTTTCGTGCTTTTGCCGTCGCTCACACAGCGCCGGTCGACGATCATCACCGCTGCCTTATTCATCATGCGGCGTGGATACCGCGCGACGGCGGCTGGACGTTTGAAATTGCGGCAAACCGATTTCTCCATCACATGGTGCGTTTTCTGGTTGGAACGATGATCGATGTGGCGCAGGGACGCCGTCCGCGCGGTACCATCGCGCGGTTGCTCGTTGCGTCCACAAACGCCGAGACCGCTCCGCCGGCACCTCCGCACGGTCTCTCGCTCCGTCAGGTCATTTACCCCGCGTCGTGCTACGCGGCAGACGCGTGAGCTCAGCCCTCGTGTCGCGTCGCGCCCTCAAACGCTGATGTCTTCACGCCTCTCAGTCATCGGACTGCTGACCCTCGCCCTGGTGGGTTGCGAGGGGGCCAATCCTTCGCGTTCAGAAGCGCAGTCGCGCACGCTCCCCCCAGCAGCACCACTTCCCGCGGGACCGGTCCCTGCCCAATCCCTCGCCGCGTCGCGACGGACGGCGATCACCACGGCGGTGGAACGGGTGTCCCCGGCGGTCGTGACGGTGCAGACCGAGACCGTGGAACGTATTCCGGTGGATTTCTACGAGTACTTCATGGGCGGTCGTTCGGGCGAACGCCGCAACGCGGGCATCGGTTCGGGATTTGTCGTGCGCGGAGACGGGGTCATTGTGACGAACGCGCACGTGATTGCTGGCGCCA
NZ_CP011454.1_gap50	2253210	2256134	2924	GGTTCGATGTGACGCGTCATGTCACGTTTGGCGTCGAGGTACGGCAGGCGGTGCCCCTCCCCGGCGATCGGTGGCGGCTGGAGATTGCGGAGCATGGTGTGGCACGCACCGAGGAGTTTGATGCCCTGGTGGTAGCCAATGGGCACCATTGGAAACCTCGAATGCCTGCCTACCCTGGACAATTCACCGGGGAACTGCTGCACTCACACGACTACAAGCGGGCCGCACCATTTGCAGGACGTCGGGTGCTGGTCATCGGAGGCGGAAACTCCGCCTGTGATGTGGCCGTCGAAACGTCGCGAGTGTCGGCCGCGACTCACATTTCGTGGCGGCGCGGCTATTACATCGTTCCGAAGTTCATCTTCGGCCAGCCCGGCGACGTCATCAACGCTCGCTCACTCTGGCTTCCGCGCGCCATCAAGACGCGAGTCAACGAGTGGCTGTTACGCCTTGTTCAAGGTAGGAATCGGGAGTACGGCTTGCCCGATCCGTCCTACCGGTTTGGGGCAACGCACCCCACCATCAACTCCGAACTGTTTTACGCCATTCGCCACGGGCATATCACTCCGCGGCGCGACATCGCACGCTACGACGGTTCAACGGTGCACTTCGTTGACGGATCGCAGGGCGACTACGATGTGATCATTGCGTGTACCGGCTATTGGATTGCGCACCCGTTTTTTTCACCGGATGTCCTCGACTACTCCACTGGCGCAGTACCGCTCTATCTGCGAATGCTGCCGGCACAGTATCGCACGCTTTCGTTCATCGGCTTGTTCCAACCACTCGGATGCATCTGGCCCGCGGCCGAGTTGCAGAGCGAATTGTTGGCCCGGTATCTGCGCGGACAATGGACGCCGCCAGGAGACCTGACATCGTTGATTCAGCGGGAGATTCGCTCTCCCGATTTCGAACAGCTCGATACCCCTCGTCATACCATCACGGTGGACTATCACGCGTTTCGCGGTCGCCTGCTGTCGCAACTGGGGCGCTGACCACGACTCAGCGGCCGCCGCATGCGCCAAAAAGGCCGGTGCCCCCGAGACGGGAGGCACCGGCCTTTTTCTGTCGCTGCTAGTGGAGGTGAGGGGAATCGAACCCCTGTCCGAGACTAGATCGACCCCAGCTTCTACGTGCGTATTCCATTGATTGAGGTCTCCCTTGGCTGGCCAATGGAAAGCCCACCTCGGGACAAGCGTTCTAGAGTTTCGCCTTTTGACGGAACGCGCACCGAAAGACTAGCCCAGATTTGCGATACTCACGTGCCGCCCCGGGCGGGCTGCCGCGTGAGCACTGCTACGTAACCCGAAGGTTAGGCAGCGAGCGCGAGGTTGTTGTTCGCGATTGGAATTTTCCCGAGTGTTTTACCAGGTGCTCGAGGACCTGGGCACGCTACCAGAGCTTCACCAACCCCGTCGAAGCCAGTCACCCCCGGTTCGAACGGTCCTGCCACAACCCACCGCTTTGTACACTACACGACCACCGGGGGTTCCGGCAACAGCGGCGCCCCTTTGACGTTCAGGTCAGGCCGCTTCGCAGGTCATCGACGAAACATCCGGATCGTCCGACTTGAGCCCACGGGCGACGTACTCGGCATAGAACGTGAGGTAGTTCGAAAAGATGGCTTCCACCTCGGCGAAATCACGGACCTGATGCAGCTTGGCGCGCAGATCGGCGGAGTTGGGCAGCCCCTTCACGTACCAGCCGAGGTGCTTCCGAAACTCAATCGCCGCGCCAATGGGATCGACCTCGTAATCCTGTACCATGCGGGCATGATCAAGCGCCACGGCGAACCGCTCATTGACGCCAGGGGTTGCCGGCAGCGGCTCGCCGTTGATGAGTGCGCGAGTCTGCCGGAAGATCCACGGCTGGCCGTACGAGCCACGCCCGATCATCAGGCCATCCGCCTTGGTATGGTCGAGCATCCGCTTGGCGTCTTCGGCGGTCTTGATATCGCCGTTGCCTAGCACCGGGATATCCAACGCCTCAGCCACTTTTGCGATCTCGTCCCAATTGGCCTGCCCCGTGTACATCTGCGTCCGTGTACGGGCATGGAGTGCAAAGACCCGGGCCCCGGCATCCTGCATGCGCAAGGCAATTCCGACCGGGTCTCTCATCTCTTCGTTCCACCCGCTGCGGGTCTTTACCGTGACCGGCAAATGCGTCGCCTTCGACACCGCACGAATGATCTCCTGCACCAGATCCAAGTCCTTCAGGCAGCCAGAGCCACCGTTGCGGCGGACCACCTTTTTTACCGGACAACCGAAGTTGATATCGACGAAGTCCGGCATGAAAAGATCGGTGACCATGGCCGCTGCATCGGCCATCGCTGCTGGGTCCGCCCCGAAGATCTGCACCCCGATAGGATGTTCGTCGGCATTGAAGCGCAACTTGCTGATCGTGGCTTCGTTTTCCCGCCGGATTCCCTCTGCCGACAAAAACTCGGTCACCACGACGTCGGCGCCGTGTCCGTGGCACAAACGGCGAAATGGCGATTCCGAAACGCCAGCCATGGGCGCCAGGTACAATGGCGTCTGGTGGGGCACCTTGAAAGGAAAGGTCTTGCGCGACAATGACTTGGACATGTACTGGAAGCTAGCGCGCCCGGCCGACCTGAGCAACGCGACCGTTTGACTCCGGGCGTTGGGCGGTTAGGATACAGGGCTATGGAACTTCGCGAGTTTTTTTCAGAAGAGGCCGTCCAGCTTGAGCTTCAGGGCACCAGCAAGGACGAAATTCTCAAGGAACTGATCGGGCTGCTCAAGCTCGACGAAAAGTCCGAGGGCATGCTGTTCAAGATGCTCAAGCGGCGAGAGAATCTTGGGTCCACGGGCATTGGTCGTGGAATCGCGATTCCGCATTGTCGCTCCCTTGTCGTCAACCGTCTTCGCGTGGCGTTCGGGCGCAAGAAGGACGGGGTGGAT
NZ_CP011454.1_gap51	2274597	2276824	2227	AGGTCCGGGCGCAGATACTGCCACTCCGGCGCGATGGGCTCCTTGACCTTGAGAAGCAGCTCCGCTTTCCCCCACGCGGAGGCCGCGTCGGGAACGATCTGAGCGCCAACGGCCACGTAGGCCGCATCTTCGAAACCGCTGCCAATGCCGGCCCCGGTTTCGATGAAAACGTCGTGGCCCGATGCCACCAGCGCCTCCGCGCCAGCCGGGACCAAAGCCACACGGTTCTCGTTGGTCTTGATCTCCTTCGGTACACCGATACGCATAGTCGATTCTGGATAGGGGGAGTTCGTCAGCGGACCGCTTTGGGGCCGAGACTGACGAGAATGTGTCGATCCGGATCGAAGAAATCGCGCGCCACGTCGCGCACCTGATCTTCGTCGATGGCATCCACGAGCGCCATCAGCTCGTCAATCGTGCGGAACGGCTCGCCGTACAGCGCGGTCGTTGCCGCCCGATACATGCGCGAGGAGACGCCTTCCATGGACATCACCAACTGCCCACGTAACTGACGCTTTCCCGCCGCCAACTCACTGGCCGTCAAACCATTCAGTGCCACTCCACGCAGAACCTCACGGACCGCGTCGATGGCCTGTTGCGCCGTCTCCGGTGCACTCGCCAGATACACACCGTGCGATCCGGTATCGGCGTACGCGCTGCTGAAGCTGTGCACGCTGTATGCGAGGCCTAGCTCCTCGCGGACCCGCTGAAACAGGCGCGAACTCATACCGCCGCCCAACAACATGTCGATCAACGCAAAGGCATAACGGCGATCATCGCCATGAGCGATGCCCTGCCCGCCAAGCACGATGTGCGTCTGGCCGATGTCCTTGCGCTTGATGTGCTCCGCATGCGGTCCAGCCACTTCCACCGGATCCACCGGGAACGGCGTGACATCACCTTTCGGGATGTCCATCCACCCGGTCTGTCGCAGTGTTTCAAGCAGCTGCTCATGCTCAACACGTCCCGACGCGGCAACCACCAATCGCCCGGGATGATATGCCCGCGCGTGGAGGGCCCGGATGTCCGGGACATCGAGTGTCTTGACCGTGTCGCGGGTTCCGAGAATCGCGAAGCCGTGAGGATGGTCTCCCCACAGCGCACGGTTGTGCACATCGAAAATGATGTCGTCGGGCGTGTCCTCCACCATGCTGATCTCTTCAAGGATCACCTTGCGCTCAAGCGCGAGATCCTCCGATCGCAGCAGCGGATGAAAGATGAGTTCCCCAATGACATGCGCGGCTTCCGCCAGATGCTCGTCGAGCACACGAGCCTGATAGGACGTGTGCTCGCGTTCGGTGTACGCATCGAGCGAGCCCCCGAGGGTTTCGAGGGACAACGCGATTTCCTGGGCACTCCGCGATCGGGTGCCCTTGAACACCATGTGTTCGAGCAAATGGGAGACCCCCATCTGCTCGGGGTGTTCATGCAATGTCGCTGCGCGAACCCAGGCGCCGAAAGCAACCGACCGCGCTCCCGGAACGGCTTCCGAGAGCACGGTCAGTCCATTGGGAAGGTCCGTACGGTGCAGCGTGGGCGCCGGAGCGCCCAGAGGCTTAGCGCCGATCGCGACCACCGCCGTTCCGTCCACCACGTCCACCACGATCGCCGCCACCGCTGCGCTCACCGTCTTCACGACGGGGGCGCTCCGGCTCGTCGGCCATGCCTTCCGGCTTGGGCAGCAACGCCTTCATGCTGAGGCGCAGGCGGCCACGCTCATCGCGGTCAACGAGCTTGACCGTGACACGATCACCCTTCTTGCACACGTCTTCGGGCTTCTCGACACGCTCCCACTTCATCTCGGAGACGTGCAGCAGCGCTTCAGTGCCGGGCATGATCTCGACGAAGGCGCCGAACGCGGTGACCGTCTTCACGGTGCCTTCGTACGTCTCACCGACCACCGCTTCCGCGGTGATGGCCTGCACCATCTGCTTCGCGCGCTCCATGCTCTCGCCGCCGACAGCAGCAATCGTCACGGTACCGTCGTCATCCACGGTGAGCTCGGCACCCGTCTCTTCCTGAATGCCGCGGATGTTCTTGCCCTTCGGACCGATCAGTTCACCAATCTTGTCGACCGGGATCTGCACCGTCACGATGCGTGGCGCGTACTTGGACAGCTCCGTCCGCGGCGTCGCGAGCGACTTGCTCATTTCACCGAGAATGTGGAGACGTCCTTCCTTGGCCTGCGTGAGGGCCTCTTCCATGATCTTGAGGTCGAGCCCTTCGA
NZ_CP011454.1_gap52	2314162	2315809	1647	GGACGCGACAAACGACACGGATTCGGCACCAGCCACCCCCACCTGATCCAGCGGAATCAGCTGCACCGCCACGCGCCCTTCCTGCATCCCGAGCTCCGGCAACAAGGCTGACACGGCTCGAGAAAACTCCGCCGCGCCACTCTGTCGTAGTCGGGTCAGCTCCGCGGCCGCCTCAGACAACGCCCCCTCAGCGGTGGCACGCGCACCGGCAATGGCCGCCAGATCAAGCGCACCGCCATCGACCAATTCGAGCTCGGCGCGCGCACTCGCCCCCGTGGCAAGTACGTCTGACATGGTGGGACCGTACTTCCGCATGAGCCCGAGCAGCTGATCCCGTCGGCGTTCAAGGGTGCGCAACCGCGAGGGATCGGCCTCCACCGTTTCGGCATAATGTTCCAACTCGGTGGACAATTCATCCAGGGCATACACCGCCGCATCAAAGCCAGCCTGAAGACGCTCCAGCTCCGGATCGATGCGGGTTAGCGAAGTGAGTGCACGACGCACCGTCGCCAAGCGGGTGAGCGCGGCGCGATCATCGCCGGTAATCGCCGCCGCTGCCTGCGCGGCCAACCCTTGCAGTTCTTCGGCGTGCGACAGCCGACGGATATCGCCGTCGAGCGAATCGTCTTCGCCCACCACAGGGGCAACATCCTCAATTTCCCGCACCACGTACCGCAGGTAGTCGGACCGACGTGCGGCGTCCTGGCGGCGTTGTTCGAGCTCGCGTTCACGGGCCCGCAAGGCCATCAATTGCGAGTACGCCTCACTCACGCGCTCACGCGCCTCAGCGGCCTGCACGTACGCATCAAGTACGTCGCGTTGGTGCTCGGCATCCACCAGCTGACGCGAGTCGTGCTGTCCGTGCACACTCACCAGACACGCACCGATTTCCGCCAGCACGGCGGCTGTTACTGGTGACCCATTAATCCAGGCGCGCGACCTGCCGTTGCTACCGACCTCCCGCTTGAGGACGAGCAGTTCATCGTCCGCCTCGATACCGCGTTCGTCCAACAGCGCACGGAGTTGGGTCTGACGACGGAAATCAAAAACCCCTTCTACCGTAGCCTTCTCGCTGCCGCTCCGCACACGATCGGCCGCAGTGCGCTCCCCCAGCAACATGCCGAGCGCACCAATGATGAGCGATTTTCCCGCGCCCGTTTCGCCGGTCAGCACGTTCAACCCCTCCGCCAGCGGGAGCGTGACCGCGTCAATGACGGCGACGTTTCGAATGCGCAATTCAACGAGCATCGGCGTTACCGATGAGAGTCGGAACGAATCAGATGGCGGCGTCGCCGTCGCGCTCGGACAGACCTCCCCATCCCAGCTTCCGGCGCAGTCGAGTAAAGAACGTCGTGCCGGGGAAGCGCACGATCTGCACCGAGCTGCGGGCCCGCCGCACCACGAGCGTTTCTCCGCCCGTGAAGGTAGTGCCAACCTGACCGTCGATCGTTACCAAAAGTTCTTCGGGACCATCATCGGCACGCACCTTCACTTCCACCTGCGGAGGCAGCACCAACGGGCGCATGGCCAACGTGTGGGGCGATACGGGGGTGAGCACGATGCTCTCCACCGTCGGCACCACGATCGGACCACCAGCAGAAAGCGAATACCCCGTTGAACCGGTTGGCGTGGAGACCACCAAACCAT
NZ_CP011454.1_gap53	2463507	2465964	2457	GCCCCGAAGCGCTGAAACGGCTGCTCGGTTCCCCGCCCAACGGACACATTGCTGGCTTCGAACGGCACCAGCGCGGGATACAGCAGCGCCGTGGTGAGGTTGGGCATGTTGGGCGAGGGGCGGACCCATGGCAGGTCGGTCTCGTCGAACCACATCTGCCGACGCCAGTTGCGCATGGGGATGACCGTGAGCCTGGTCCCCATCTTCAGGTTGGCCTGAAAGAGGCGGGCAAGTTCGCCCATGGTGAGCCCATGCCGCAGTGGCGACGCGTACACGGCAAACCCGTTCATGGTGCCCGTTGCCGTCGGGTAGCTGGGATTGGCCAGCGCCGAATCCAGTATCGCGCCTTCGGTGGCCGCGCCCGAGAGGGGATTCGGGCGATCCAGGACCAGCACGGGGATCCCCCGACGCTCGCCCGCCTGCATGCTGTACAGCACAACGCCAACGTACGTCCAGGTTCTGGTCCCGATGTCCTGGAGGTCCACCACAATCACATCCACGTCCTGCAACAGACTGTCAGCCGGTGCCATAGTTCGCCGCTGGTACAACGAGTGCACCGTGAGCCCGGTTTTTTCATCCCGTTCATCCGAAAGCCCGGGACGATCGGCCGTGCCAGTGGCCCCGTGCTCCGGTGCAAACAGCTTGACCAGTTTGACTCCTGCGCGCTGGGCGCGCGGATCGCTGAACAAGAGATCGACCGTGCGGCGTCCCTTTTCATCGACACCGGTCTGATTGGTCACCAGCGCGACACGCTTGCCTGCCACCAGCTTGATGCTATCGTCCAACAGGACCGTGATTCCGGGGCGCACCTTGCGATCGAAGTTCCGAGGGCGCATACCGGGGAGCGGCTCCATCCCATCGTCCGGGGTGGGACCGCTGTCCGGTGGGCCGCCGCCAGCGCATCCCATGGCGGCCATGGCCAATCCCAACACGATCCAGGTTCGCACCGTTTTCATCGCGTTCACGCGCGTATCTCCGATAAGTTCAGGGCGCGATCCCGCGCCATCCCGCCACTGCCAACACATGACCGCCCCCAATCCCCATACCCGGTCGGATATTCACGCGGTCCCCACGGGGAAGCTACACCCGCACCTGCGGCTCCGTGCGGTCTCCCGCCTGCTATTGGCGACGGTCTTGCTTGGCGCCTGCACACAGTCCACCGCACGCCCCTTGACCCCGCTGTCCCTGGTTTCGGCGGAGGTGCACCGGACTGTGCTGGACAGCGTCCGCCGGGTTGTGGATCAGGCCGTCCATGAGGGAGCATTTCCCGGCGCGTATGCTGTAATCGGCACGCGCGAGGGCATCCTGGCCGAATACGGGGCTGGCCGGCTCGACAGCGCCGACGCCAGCCGGCCCACGGCCCGGACCATCTGGGATCTGGCGTCACTGACCAAGGTGGTAGGGACGACCAGCGCGCTCCTGCAACTTGTGGGCAGCGGCCGCGTGGTGCTCGACACCCCCGTGGTTCGCTATCTCCCCGAGTGGACCGTCCCGGGCGCTCAACGAGTGACGGTACGTCACCTGCTGTCGCACAGCGCCGGACTGCCCGCCTGGCGAGCGCTGTACAAGGAGACGGACACGCCGTCCGAGGCGTGGCGGCAGGTTCTGGCCACGCCGCTCGACACGGTACCGGGAACGCGCTTTCTCTACAGCGATCTCGGATTCATGCTGCTTGGCCGTCTCGTGGAGAGGGTCTCAGGCACGGCACTGGCAGACTTTGACGTCCAGCGCGTTTTTCTGCCAGCGGGCATGATGGAAACGAGATATCTGCCGCCAACCAGCTGGCGGAGCCGCATTGCCCCCACCGAACAAGACCCCTGGCGCCAGCGCAAAGTGCGCGGGGAGGTGCACGACGAGAATGCGGCCCGGGTTGGCGGTGTCTCTGGTCATGCCGGTCTGTTTTCCACGGCCCACGACCTGGCTCGTTTCGCCCGTCTGTATCTCAACGAGGGAACGCTGGACGGCACGACGGTCTTTGATGCCGCCACCGTCCGTTCGTTCATACAGGTGCAGGACACCGCCATTTCTCGGCGCGCACTGGGGTGGGAAACCCCGACCGGGCGCAACTCGGCTGGGCAACGAATGACGCCCATGGCCTTCGGCCACACCGGGTTTACCGGGACGTCGCTCTGGATGGATCCGGGGCAAAACCTGTTCGTGTTGTTGTTGACCAACCGGGTCAATCCCACCCGGCAGAATACCCGGATTGGCACGGTGCGAACCGCGCTCGCGGATGCGGTGGTCGGGGCACTGCCGCGCGTGTCTCCCGGGACGCCATGACCGGCCCCTGCTTCCCCGGCAGCGAGGCCATGGATCTCTTTGAGATTCCACGGGTTTCTTGCAAGGGGAGTATTCCTGTCGCTATTTTTCCAACAGTACGCACTGACACTGTCAGAGGGACCACTCGCGAGGGCGAGCGGACCGTGACAGGGCAGTCCATCGGGCCGGGGTTGCCGA
NZ_CP011454.1_gap54	2472955	2474667	1712	GTACGTCATGACGATACCGACGAACTTGAACATGATGTCGCTGAGCGACTGCAGCCAATCGAGCATGAACTTCTTGGACGGTCCCTCAACCTTGGCGAGCGCGACCGCAAAGATGATGGCAAAGAACACGATCTGCAGCACTTCATTTTGTGCGGCCGCTTCGAAGAAACTCTGCGGCACCGTGTGCTCCAGTACCGATCCGAACGTGGGTGTCTTCGCCGCCAGGGCCTTGAACTCTTCGCTGTCAGCAGCGGCCGAGATGGATAGTCCCACGCCGGGCTTGACCACGTTGACGGCAATGAGACCGATGGCCAACGCCAGCGTGGTAACGACTTCGAAGTAGATGATGGATCGCAGGGCCAGCTTCCCCACCTTCTTCATGTCGTCGCCGTGGCCGGCGATGCCCACCACGAGGGTACTGAACAGCAGCGGCACGATCAACGACTTGATCATGCGCAGGAAGATGTTGGCGAACGGCTTGAGATTGGGCGCGAAGTCCGGCGCCAGCCAACCCACGAGGATACCCGCGATCATCGAGATGATGATCCAGCCGGTGAAACCAATGCCCAGGAAGCCCTTCTTTCCCGGAGTGGCGGCGGACGTGTCGGCGGAGAGATGAGCCATGAGTCGGTCGAGAGGAATTGCAGTCGGTCAGCGATCCGTGGCGCCGGTACGCAGCACGGAGTTACGGTAGCCGTAGATGAAGTAGACGCCAAGCCCAATTGCCATCCATACGCCGAACGCAATCCAGGCGCTGACGGGCAATCCCTTCATGATGAACACACACGCGCTGGCGCCCATGAGGGTCACCCCCCACACGAACGGCACCCGGAACGGGCGCGGACGATCCGGCTCGCGGATGCGCAGCACCAGCACCCCAATACAGACCACGGAAAAGGCCGCAAGCGTCCCGATATTGGTGAGATCATAGGTGGCCGCATCGTCCGCCAGGAGTGAGCCCAACGCCACCAGCACCCCGGTGATCAGGGTGGTCACCTTGGGGGTGCGTGTTTTGGGATCCAGCTTGGCGGCAAACTTTGGGAGCAGCCCGTCACGCGCCATCGCGTAGAAAATGCGCGGCTGGCCATACTGGAATACGAGCAACACGGCAGACATGGAGACCACGGCACCAGCGGCAACAATCCAGCTGGCCGTGTCCAGTCCGGCCAATGAAAGCGCCTTGGCCAAGGGATCAGAGCTGCGCAACTGCTGGTACGGGACAAGCCCCGTGGCCACGAACCCGACCACGACATAGATCAGCGTACAGATGGCCAATCCCCCCAGAATACCGCGCGGCAAGTTGCGCTGCGGATCCTTGGTTTCTTCGGCGGCCGTCGAGATGGCATCAAAACCGATATACGCAAAGAAGACGATGGCCGCGCCCTGATGAATACCGGTGAATCCGTTGGGGGCGAACGGCTTGTAGTTGGCCGGATCGATGTGCAACGCGCCAACAATCACGAACAAGCCCAGCACAATGAGCTTGATGATGACCATGATGTTGTTGGCACGGGTGCTTTCCTTCACGCCTTGCATGAGCAAGGCCGTGATGGCAGCGACAATACCAAACGCGGGGAGGTTGATGAGCACTGGCATGCCGGCAATGCGCGGTGCCGTATCCAACAACGCGCGTACCGCAGGATCCGCACTGGCCTTTACGTTCCAGTACCCGTGTGTCATCCACCCCGGGAGATCAATGCCAAATCCGCTCA
NZ_CP011454.1_gap55	2477511	2478817	1306	TGTCAGCCACCGTGACGGAGCCGTCCTGAATGAGCGGACGGATTTCGCTGAGGGCGCCACCGAGCACTCGCGCCACATGCGACTTCTTGTAGCCTTCGGCGAGCTTGATGGCTTCGTTGAGATTGTCTTCTTCGAGGAACTGCGAGAACTCAGGGGCGAACTTGCGCGTCTCGGCCTGCGCCTTCCGCATGGCCCACCACTTCTGAATGAGCACCGTGAACGAGAACGCCGACATGCCGAGCAGCGTAAAGACGATGCCCTTGGCGAACCAGCCCATCGAGTGGTACAGCTCCATCAACGACATGTTCATGAGTCGTATCTCCGCAAAACGTTAGGTAGGGGCTCAGCGATTGAGCGAGAACTGGAACGGCTGCTGGACGAGCTGCTTCACCTTGCGTCCGCCCACTTCTGCGGGGAGGAAGCGCATACGCTGCAACGCGTTCTTTACGGCGGTCGTGAACAGGTCGTTATCGGACTTGAGCGCCTTGAAGGTGCCCATTTCGGCGCGGCCCGTGGTATCCACGACGAACTGCGCGAGCACCTGGCCTTCGATACCGGCCGTCCGAAGCATGTCCGGATACGCCGGACCTTGCGCGCCTGGTGCCATCACGACGGGCTTTTCCACCTGGAAGTCGAAATAGGGCTGGTCGCCTTGCGGGACCGGCGCTTTCCCGCCTTCGACACCCTTGGCGATACCACCGGCAACACCCTTACCCGAGAAGTCGGCCTCGTCTGTGACCTTCTTGGACAAGTCGATTTCGGGAATGACGTTGGGGATTTCGACGGGGGCCGAAAGCACCTGGAAGCCCTTTGGTGGTGGCGGCGCGGCCACCGCGTCTGGCGGTGGGGGCGGCTTTTCCGGCTCGGGCGGTTTGGGCTCGTCCTTCTTGACCTCAACGAAATCGACCTTCTCTTCTTTCGGCTTTTCGTTCACGATGCCGGCGTTCTTCGTCACGACGACGAGCGCGGCAACGATGGCCGTATGGAAGACGATCGAGGCAAAGGACCCACCCAAGCGCTTCTGCTTCTTCGCCTGTGACTCAAGCAGGTTGTTGAACATCTCGCTTGTCCGGGGTGCGGGCTACGATGTCGCATCTCAGGGCGTCCGAGGGCGACTGTGCGATTCTACGCCCCCCGCATGATCCGGCAATGGAAAGAAGATTAGGATCGGATTAATCCGGGGTTAGCATTCCATTCATGTCGATCGCCCCCTCGGAGCTATTGACAACAGACTGATACTCACCAGTCATTCCCGACCCTGGGGCGCCGGCCAACGGCAGGGTCACCGTAAAAGTACTCCCCCGCC
NZ_CP011454.1_gap56	2508098	2512907	4809	GCCATACCGCAGTCGATGAACTCCCGCCCGTCGGTAGTCCAGATGCGACAACCGTTCGCCCGCTCGAAGTGCGATGGCACGGCGGCGTCGTGCGCGCGGGAGCCATACAGCGCAGCGGGACGCTTACTCCCTGTTGAACTTCCGCCGGGAATGACCGCGCCAGCGCGTGAACGCCAATCGTGGTCCGGCAGCTGTTCGAAGGGGATGCGGCGTGTCATTACACCGAATCGTCGCTCGCGTGCTCGGCGGGCGCAACTGCCAACGCCGCTTCCCCGGTGGTGGCAATCGCGGCGGCTCCGGCCGCGCGACCGGCTTCCGCCGCCTGCGATTCATCGACCCCCTGGGCGACTAACGCGGCGGTCACGCCCAGGCGCACTTCCCGTTCAATGGTGCGCAGGACTTCAATGCTCGCGGTGCGCACCATGAGCATTTCACGCGAATCGGGGTTGGCCCGGAACACCATGGAGCGGAACGCGCGCATGATGAGTTCCTGATTGCGTGTCTTGAAATACGCAATGGCGTGGAGCGCCGCTTCCATATCGGCAAAGGTGCGCTCCATCTGGGCCTTCTGCGGCGCGCCGGCGGCATGGCGGGGGGCCGGAATCTTCTTGGTAACATCTCCGGCCAGCAAATGCATTTCGTACAACCCCAACAGACACGCCTGCGCCACGTTGAGGGAAAAATGCTCGGTGGTGGGAATGGTGCAGATGGCGTGCGAGCGATCGAGCGCTTCGTTGGGGAGCCCGTGATCCTCGCGGCCAAACATGATGGCCACTTTTCCGGTCTGCGCGTGTTCGAGCAGGTCCACCGCGGCCGACCGTGGCGTATGACGCGCCCACCGGGCCGCCTGACGACGCCCGGAGTAGCCCACGACGTACGTGCAGTCCGCCAGTGCTTCGTCGATGGTGTCGCAGTGGCGAATGCGTTGGACGATATCACGGGTATCGTGCGCCACCTGCTCAATACGATTGGGATCGTAGGCGCACGGGCGGATGAGCCGCAGGTCGGAGACCCCCATGTTCTTCATGGAGCGGACGACGCCCCCGATGTTGATGGAGTCCTGCGATTCGTACAGCACGACCGCGACGTTATTGAGGATCGACTCAGACATGGCGCGAAAACTAGTGACCTGCCCCAGTGCCGGGATGGGACCGCGTCACGGCAGACGCAGGGCCACCGGCGCGTGGGGGGCATGCCGGTCTCCCCGCAGGTACGCAAAGCCACCCCCGCCACTGAGCACCAATTGCCCGCGCCGTCGTTCACGGTGTGGTGGGCGTTCGTTGACGGCGAGGTCGAAGCTCAGCGGCCCGGGTGGCAGTGCACGGCGCGGCCAGTACAGGGTGAGGCGCCAGCCCGTGTCGCCGTACTCACACGTGGCGCGCGGCAGCACACCGCCCGGCACCAGCACCGTGGTGCGTACGTCGCCGGTGGGCAGTGGGACACACAGCACCGCCTGATGCCATTGCCCAACCGCCTCGCCAGCAACGCCGAGGTAGCACTGTACCCCATCGGCGTTCACATCGGCTCGCTCGTTATCGAGCGGATTCTCCGGCATGGCGCCGTCCGCTGTCGCCGCCGGCACGATGGGAGCATGTCCGGTCGCCACCTCCACGTGCACCACCAGCTCTTCGGCCGTGGCTCCCAGTCGCAGCTGTGCTTCGGGCCGGTTCTCCCCGCCCCACGGTTCTTCCGTGGCCAGGTAACTCCTCTCCCCAAGTGGCATCATCACGCCCTCCCGCTGCACCGCGTCACCGTGGGCAAGCAGCGGCACCGCGCACGTGTGTTGCGGACGGGTTGTGGCCCGCGGCTCCGCGATCAACAGATCGCTACCCATTGGCAACACGCCCTCCAAATCGATGCTGCTGCGTGACGAGCGGGCGACGAGCCCCACGTGCCAGCCATGCAGGGCCGGCTCGTGTGAGGCCACGGTCCCGTCACTCGTGGTGACGATGGCCACAGGAGACGTCTGCGCGTTGAGGGAGACCTGTGCGGCTCCAACGTCGGTTGCGCCGTGCTCCGACCAGCTCCAGACGCCTACAATGCGCCCCGTCAGCCCTTCCACAGACAGCGCGATTCTTGTCGAGGGCGTACACCCAGGGGCACCGGGGACCACCCCGCGCCACCAGGTTGGTGTCCCGGTGGTGGTGTACCACGCGCGCGCCGCACGGGTGGGCTGTGGATCTCCCGGTCGCCGCCCGGTCACGGTGGCCTCCATGGTCACCACCATGGGGGCCTCTACGGCACGCTCGGTCTGCTGCAGAAATTCAAAGCCATCTTCCAACCCACCTGCCCCGGGCATGTTGGTGGGATGCCAGACAGGAACATTGGTGACGAGACCCGACGCCAGAGGCAGGGTCAGCGTGACGGGGGACGCCGCGGTCCATTCCAGCAGGTCCACGAGATAGCCATCGCAGACAATGAGCGAACGCGTGGCCGATACGCCGGGCGCCAGCTCGGACGCCGTCTTCCGAATCCATCCGGCACCGCCGCGGTCTTCAAAGGCCGTCGTGATGGCAGGGCCTGCGTGTTGCGACGCGCCGTTGATGAGCGGCGCATGATGCGCCAGGGAACTGCGATACCAGTGCAACGTGCGCTCGACGTAACTGCCGGTCCCGGGGTCATCGAGCCACCGATCCTCCCCGGTTTGGAGTGTGAGCGACAACCGATCCGGATGCCCATGGCCACCACCGCTGACGCCTCCCTCAAGGGCGACGTACACCCGCGCCGCGTCGCGCCGAATGACCGCCAGGCCTTGCTGCGGTTGCAACACACTGCCAGGCATCCACCGCGCCTCGGGAGCCGGTTGGGCATTGGCCATCAGCAACGCCCGCCACGAGCAGTCGGCTCTTGTGAGCGCCACGGCATCCCGATTGCGTTCCGCGTCCGCCGTGGACTGCGCGCGACCTGATGCGCCGCTCGGGGCACGTCCGTCGTACAACCGCGTCAGCATTGCTGCCAGCGACGTATTGCCACTCGCGGCATAGCCCAGTTCACACCACTCCGCCCACCGCCACTGACGAACGGACACGGCGTACTGCGAGTCGCGCCGCGACGGCAGCGTTTCGTCGGGAAGCAACCCAGCGAACGGCGTGACGAATCCCTGGTGAAACCGTGCCGCGAGCGCCGCGGGTAACGGGCGCCCACGTGTTGTCAGCCACTGCACGCCGTACCAGAGGCCGCGGTGGGCAAACTGGTGATAGTTCTCCCCCTCATACCACGTCCCATCCTCCAGCAATCCGTTGCTCATCAACCCCAGCAACGAGTGCTCGCCGTCAAGTCGACGGTCAATCAGCCTGTCCTTGCCCAGCAGGGACATGGCCGACAGCAATGCCACCTCATTCCACACCTGCCGGTTGGACCGTCCTTCGTGGTAGCTCGCAATGAGCGCACTGCTGGGCTCAAGCACGAGCTCCCGAACCAGCCCACTGACCGATCGCTCGTCAGCCTGCTCCAGCAGTGCGAGCGCGTGGCAGAGGTTCAAGAGCCAGATGGACTCGAGGTAGGTGCTGAAGAACGGGCGCGTGGGCCCGAGGACGTTGTCCTGATTGGGCCACCGTGCGTATTGCATGGCGAGCGCGCCGAGCGTCTGCACCGCGAGATCGCGATGGGCAGCCGTTCCTCGCAGCAAGTACAACGCCGCCGCGTGGACCGCACGTTCGGCGGTGAAGAGATGCGCCCCCATGGCCCACCACTGATGGTGGGTGTCTCCCGTGTACGCGGTACGGCAACGCCGGCACCAATGCTCGGAGGGCGAATGCGGATCAAACTCAAGGAGTGAACCGTGTTCGGGACACCGCCCGCCCTCCCGTGTGAGACGCGCTTTCCGCTCTGGTATTGGGAGGCCAGTCAACAGCCACGGGGCCAACTCGGCCGCAAGTCCGTCCGCTATGCTGCCCAGGGACGTGCCGGGAGCCGTCTGCGCTCGACGCGATGCCAGCGTGATGGGGAGCAACATCACCGGCGTTCCTCACGCCGAGTCCAGCGAGCGACCGACACCAGTTCTCCGCGCAAATCCATCTCCACCTGTTCGAGTCGCACCGACCGCCCCTGCACGCCGCGCGCGTGGTATAGCCATGCCACCGGCACGTCGCGGGCGAGTACGGCATTCACCCGCGCCCACGCTGCTGCTGCCACCAGCGGACTCGCCGACCGGGCAGCACTCAGGAGCTGATCGAGTTCCGCCGTATGATAGCCGGTATAGTCGAGCGCTCCACCGCGCTGCTTCGAATCAAAGAGCGCACTGAGGTGGCCAAGTGCGAGGTCCCCGGGGATGCCGGTGAGGACGAGATCGAATCCTTTCTCGGCGCTGCGGACGGTGGCCAGAAAGGTGGCCAATTCCATCACGCGTATATCGAGTGCAATGCCACGCGTCGCAAGGTCGGCCTGCAGCAGCTGTTCCACGGCCATGTCACCACTGCCGACGGTCAACAGGGTGAGGCGGAGCGGCTGCCCATTGCGCTGTCGCGTTTGCCCCGGCGCGGGACGGGTCCAGCCTGCGGCGTCCAGCAGATGGTCGGCGTCATTACCGCTATCCCCTCCAGTTGACGGTTGTTGGGGTGGGGAGACCGGCAGCCCTGGGGGAATGGCGTGTTCCGTGGGCGTGGCGAATCCCGCGACGGCGGCAGCCACCAGTTGCTGTCGCTGAATGGACAGGGAGACGGCACGACGCACGCGCACATCGTTGAAGGGGGCGCGGGTGGTGTTGAACGCCAGGATCGTGGAAAAGAGCACCGGCGGTGTCATAAGCCGGAGCGCGGGATCCTTGCGTACGAGCTGCGCCATGGTTGGTGAGACTCCAGCGAGATCGAG
NZ_CP011454.1_gap57	2524808	2527101	2293	TGGCGTTGGGCACGGCGGCGGCAAACATGTTTGTCACGGTGATGAGATAGTTGGTCTGATACCCGCCCCAGGACTGCCCGGTAATGCCCATGCGCTTGGGATCGACAAACCCCTTGGCCACCAGCGACTGCACCCCGGGGATGATGGCCTTGGCGGCGCTGGGGCCCGGCTGGCCGTCGGTGTACACGATGTCCGGCATGAAGACGAGATAGCCAAGCGAGTTGTACACCAGCGGGTTGATGGTATTGCGGCCGCTGGGAGCCTGATAGTTGTGTAGCCCGTCCGTGAGCTTTTCGTAGTAGTACACGATGAGCGGGTACTGCTTGGCCGGATCGAAGTTTTCCGGCTTGTACAGCAGCCCGCGCAGCGGAATGCCGTCGGTATTCAGCCAGGAGACCAACTCCACCGTACCACGCGGATATTCGCCGTCCTGCGGATTGGCGTTGGAGATTTTGGTGGTGCCCGCAATGCTCGCCCCCGTCCACAGATCGGGGAACTCGCGGAAGGTGCTTTGCGTGAGCAGATACTGTTCCGTATCCCTCGCCTTCTGCAGGCCGCCAAAATTGCGGTCGGCCATGACGATGCGTTCGGGGGCCGCGACCACGCCCAGCTTGTCGCGCCAGAAGCCACTGGCCTTGGTGAGCGTATCGACGGCGCGCAGCAGGATCGGCGTTTTGGTGTCGACAAATGGATCGTCGCGATCCAGATCGACGACCCGGAAGGTGACACCCGAGCGCCGACCTTCGCCGTCGGTCACGTTGGCCGGTGCGAGTGTGCCAGTGGGATCCACTTCCCATACGTCAAACCGATCATAGACGAGCACGCGCTTGTCCCCGGCGGTCCAGCCACCGAGCCCGTACGGCGGCGGCACGTCGGGAGAATCAAACTCTTCATCCTGGAACTGCACCGGCAGCTTGTCGGTGAGAACGACCTTTCGTCCGGTGGCGACCGCGTAGGCCACCCACTGCCCCTTCTCGAACCAGGTGACAAAGTTGCCCCCGGGAGAAAGCTGAGCCTGCCCATCCAGTTGCCGAGCCACCAGCGTGCGTGTGCCGGTGAGCGGATCGATGAGATATACGTCAGTCGCGCCTTCGCCCCAGAACTGTGGAATGGCGTATTCGAGACTGTTCAATGCCAACACGCGCTTGCCGTCACTGCTGAGGGTTACGCGCAATGAATCATTGGCGAGGGGTATCCACTTGTTGGCGGCCAGCGTGTAGAGGGCCGTGTACGTCCGGTTGCGATCGCGGTTGGCGTTGACCTTCTGCTGCGGCATGATCTGGGCGTCCTTCCAGTGCCACAGGTCGTACACCGCCTTATCCACCAGCGAATCGGCCGGAATGGAATCCGCCGGCACATTAGCCAGCGAGAAAATCACGCCGGTGCCCTCGCGGGTGAAGCTCACCTGCCCCCGTTCGGCGATGAGCAGCCCATTGGGCGCTTCGCCGGCGGCCACCAGTTTGCGAGTGGCGATGGGCTTCCCCTTGGCCGGTGCAAGGGAGGCGTAATACACGGCAAATCGCGGGCGCGGGGTGCTGTCGTTCACGTCGGAGACGAAGGCCACCTGCTTGCCGGCGCGATCGAAGGTGAAGCCCCGGTACGTGGCCTGACCTGACATGAGCGTGGTCACCGCGCCAGTGGCGAGGCTCCGCACGAAGGCCCCATTGCCGGCACCGTCGCGCGTGGTGACGGTATACCCCAGCCAGGCTTCGTTGTCGTCGAACGCAAAGTTGGTAACGCCGTCAATGCGCGTCTCGGTGCCACTGGCCAGCTCGCGGAGCACGAGCGTGCTGCCGTAATCGCGCCGCGGGCCCGTGGGGGCCGCAGGGACCGCCGCCGGGGCCTGCCCGCCGGCGGCGGCTGGGCGAGCGGCCGCCGTCGTGTCTTCGAGCAGATACGCGAGGTACTTGCCACCATTCCGCGCCAGCCGGTACGAGCGCACGTTGGGTACGCGTGTGACGTTGCCATCGGCCACGTTCACGATGCCCATCCCGTTGCGCGGCTGCGGCGCGCCGCGACGGGAGCGGGCACGCTCTACATCGGCCCGGGGCGGGTAAATCGTGAACGCCACGAACCGAGAATCGGCGCTGAACTGTGCAGGTTGGGCGTTGAACTGCGCCGCCGAATCTGCGGCCGGCTGCAACTGCGGACGCCCGGTGAAGCCGCGGCTGATGTTGGCATACTCCGTGGCCCCGCTCGTGGCCCGAACCACCAACCCGCCTTCGCCAACAACAGGGCCTACCGTGTAAGCCACCCACTTTCCGTCGTTCGAGATGGACGCGCCGGAGATGGT
NZ_CP011454.1_gap58	2541824	2543927	2103	GGAGTCCACGCTGAAGCTGCGGTTCACGACGCCCAACTCCAGACGGTACTGCCCGCGATTGGCGAGAATTTCCCCATCCAACGCCAGCAGATCACCATCCATGGTCACACTCAGCGCACCGGTGAGCTTCACCCGCGCTTCCGGCGTTTGCACCCAGACATCGTTGCCCATTTCGACGCGTGCATTGGACACCGTGAGAGAAGACCCCAGGCGAGACAACGACTGCGCCGCACTTTCAGCCACCGGCACCTCGTCGGCGCCCAGCAGCGCGCGGGCGGCGCTGCTGGAGAGATCAAGCGCGGCGCGGGCACCCAGCGGATCCACCACGAGATTGGCGCGCGGCACAACCAGTGTACCGCTGACGACCGGCCGCGATACGGGCCCGTTCACCCGCACGTTGCCGCTCAGATCGAGGTCGGTGCCGTCGCGTTGGCGCGAGACAATGAAATCCCGCGCGGTGAGTTGCAGATCAACGGACGCCGGCGTGTCACCGGAGGCAAAGCGCAGCACGCCCGTCGCCCCCACCGTGTCGCCAACGCCACCGCTGCGCAAGCGGAACGACTGCATGACCAGAGAATCGGCATCGGCGCGGAGCTCAACTTGGCCACCCGTGGGTTCGATGCCAAGTCCGGCCACGCGGGCCCCGGCGTCGGTCAACACCACGGTCCCCTGAGCGGTTGGTCGTTCGAAGGTGCCGCCAATAGCCAGCCGGCCCGTTAGCAAACCATGGAGCCGCGTGACGCCGTCAATGAACAGCGGCAAGGCCGACAATCGCAGCGAGTCAGCAAGCACCTCCCCTTCCACGCCATCAGACAGCATCCGCTTCTTCACGGTGCCAATCGTAAGGTCGATGGGGAGTCGCCCCTCAGCGCGCAGGGTGCCCCCGGTCGTGTCACTGATGGACGCCCTCCCGGTGAGGCGCTTCTCGGCATAGCTACCCGTACTGGCAATCTGCGGGGCCTGCAGTCCCTCAATGCCGACGGAATCGGCGACCACATCCCACGCCATCACGGGCGCCGCGCGCGAACCGGCAAGTGTGGCGTGTCCACTGATGGTACCGGCGACCGGTCGGGTGCCGGCCAGCAGCGCGCTCACCTCGCCAAACGGGAATCGCTCCACACGAAGATCACCACGGACCGGCCCGCGCGACGGCACCTCCGCGCTGACGGCCAGTACACCACCCACCGATGAACGCAGTTCGGAAGGCCGCACCACCAGCCCGGCGCTATCGGTGACCACGGCAATGGGCTGGGCCGACCGCCACGACACGCTGTCGTAGCTCAAGCGCAATGAGTCCACCAGGACCGTGGTCCGACTGCCTTGGGCCGCATACGCCCCCCGCGCCACCAGGTGCGCGTCGTCATCGGTGCTCACATCGAGGACAAGCCGACCGCTGTCGGGGTTGGCATCGGCCACCCGGAAGTTGGCCGACTGAATGCGCACCGCACCAAGACCAGTGATGCCGTCCGCGTTGGCCGCCCCTTCAAAGGCCGGCCGGCGGAACAGGTCAGTCGCGCGCGCCGATCCAAAAACCCGACCCACATGAATGGCGCCAACCTGCACCTCGCGGGCCCCGAGGGCGATGGTCGCATCGGCCTTGGTCAGACTGCCATACAGAAAGCCGGACAGCGACGCGTCACCGCGCAACGTATCGGCCGCCGTGGTGCGCATGGATTCGGCCAGCGCCGAATCAACCGGCTGCATCATGTCGGCAAGGCGCTGCAACTGACCGCGCACGGCTTCGAGAGAGTCCGCACGAATGGAGACCTGCAGCGTGTCAACGGCCATGGTGTCGTGCGCCAGCGCCCCGCGGGCTTCCATGAGCAGCCCTCCCAACCGCCCGAGGGCCGAATCCACAACGAGACGCCTGGCCCCCAGCGCAGCACTGGCCACGAGATCAAAGGCTGGCCGATCGTTGGATTCCTGTTGGGTGATGGCGATCTCGCCGCCCCCTTCAACGGACCTCGCCGACAGCGTGTCTCCGCGTGCCACTGCGGTGCTATCCAATGGCCCGCGACCAAAGAGTCGCACCGTGCCGTTCAGCGACGTGGACGGCATGGATGCCGTGCCGAACCAGGCACGCACGTCGAAGTCGCTGATCTG
NZ_CP011454.1_gap59	2627912	2632124	4212	GCGGCACTCATGCGACCATCGGCCGGGAAGCCGGAGAGCGACTTGACCGAATCGTCGCTCAGTGACGCAAAGCGGGGCGCCTGACGGTTTTGCGAGTAGCCGTTCAGCGCAAACGTCTGCCCGGACAACGAACGGGTGGCATACGCCTGGGCGAACCAGTGATCACTGGTGAAACGCACCTGCTGATTCCAGTAGCCCCAGTTGCGGAGCTGATTCCGGCCGGCGCTGGTCACACCAATACCGTTACTGTTGCTGGCGCCACCCTGATACTCCAGGCGGGCCCCGTTGTCGAAATAGTACACCAGCGCCGCACCGCCGCGCGTATAGCCGGTGCTCCAGTCGGCGCCCTGCTCGCGGGAGAGCGGACCACCGGCGACCGCCGCGGCATACGTGTTCTGATTCTGCCAATCCTGGGCAAAGATCCGCTCGCCCGTGACCTTGAATCCAATCTTGTTCCACACGTTGGCGTAGCGGAACTGAAAGCTGGAGAAGCTGACCTGTCCGGGCTTGCGGTTATTGAAGTCCCCCACGTTCATGGTGTTGCTTCCGGCCGCCGTTTCCAGCGTCAGCCCCTTGAACTGCTTGGGATCCTTGCTGAGCAGCGTCACGACGCCGTTGGAGGCATCGGGGCCGTACAACGCGGCACCCGGTCCCACCAGCACTTCAACGCCGGCAATGTCCACCTTCGGAATCGTGGTAAAGACGCCCACCGGCAACCCGTTTTCCGGCAACACGGCGATACGGTTGTCTTCCATCTGCAGCATGCGGTTGTTGAACGCGCTGTTGAAACCGCGCGCGTTGATACCCGCCGCGGCAATGCCTGTCTGGAAGAAATCCACGCCCTTCACTTCCTTCAGCGCGGCCGTGAACGAATTGCCCACGGTATAGGTCAATTGGTCCGCGTTGATGCGGGTCACGGTGGCAGGCGCTTCGGTGATTTTTTCAACTCGACGCGAGGCGGACACCACGTACCCACCGAGTTGCAGCGCCGACGCCTGCAAGGTGATATCGAGGCGGGTGTCCGCCTCACCGGCGATGGCAACGTTTTCGAACGTGCGAGCGACGGCTCCGATACGTTGGACCCGTATGGTATACGAACCCACGGGGACGCCAAGCACACGGTACTTGCCGTCCAGTCCGGTGGTTGCCCCGAAGCGAGTGCCCACAACGGTCACCTGCGTGCCCGGCAAGGGCGCCTTGGTACTATCGGTGACCAACCCAGACAAACTCCCTGACTGCGCCGCAGCCGCGGACGGGATCACCGCGAGAGCCAGGGCCATGATAACGGCGCGCCCGGACGCGAGCCGGCGAATGAAGCACTGCATGAATTCTCCTCCAGGAGGGAACTGCGTGTAGAGGAGCACGGAGACGATATCCGACTCCGCGCGGGTGGAACGTCAAAGAAAAAGGCGGACACGAGCTATGATCAGAAACGACATCAACCACAGAGCGGCAGACGAGAGCAGGCGTGAGACGCCGCAGCGGCGTCAGTGGCGCACCTCCTGAGCCGTGACATCGGTTGCAGGGCCGTACAGCGCCTCGAAGTGCGCCGCATAGCGGAGGTCGGCGGCGGCGCGGATCACCTTGAAGGTGGGCGTCAGCAAGCCGTTGTCCGATGAGAACTCGTCGGCGACCACGGCAAACCGTTGTACCCGATCCGGACGCGCCAACGAGCTGTTCACATCGGCGACCGCTCCGCCCAACAGCTCCAGGACACGGTCGTCCCGCAGCAACTCCACCCACGGCAGGTCAATGCCCTGCGCCGCAGCCCACGCTTCCAGCGCGTCGCGACGCGGTGCCACCAACGCCGTGAGATACTTGCGGCCTTCCCCGTGGCAGACGGCGTGGGCAATAAAGGGGGATGCGGTCAGCGCCGCTTCGATGGGTACCGGGGGTACCTTTCGGCCGGTGGAGAGCGCAATGAGTTCCTTGGCACGTCCGGTGATGCGCAGCGAGCCATCGGGAAGCAGCTCCGCCAGATCCCCGGTGTGCAGCCAGTGTCCGTCCTCACTGAACGCCGCGCGCGTCTCCGCAGGACGGTTCCAATAGCCATCAAAGCTCAGCGCGCTGCGACGGACCAGCAGTTCACCGCGATCATCGATGCGCACCGTGGTGCCGGGCATGGGTGGCCCGACCGTATCAAAACGCGGCGAGTCGGGCCGGTTCATGGCGATGCACAGATGCTCCGTTTGGCCGTACGCGCCCAAAATGGGCAAGCCCAGTTGCTGCAACGTTTCGGCGATCGCCACGGGCAGCGCGGCGCCACCGGACGTCGCCAACCGTACACGGTGCCCCACCCGCGCCGTGATGGCCGCGCGCGGATCGCGCCCTTCACGGCGGGCAACGTCTGCGGCTTCGTACAGGCGTTCAAAAATGCGAGGAAGGGCACCGAGAAGCGTGGGCTCGAAGTGCGCGGCGACCGGGAAGAGATCCGTTGGATCTTCGATGAGCGCTGACGACATCCCCACCAGCAGGCGCGTACACATGCCGAAAACCCGTTCAGCCGCATGGGAATACGGCAAAAAGCTCAGGGTACGGTCGCTGTCACCGAGTTGGAGCACTGCCGCAATGGACGCCGCTGACGCCGCGAGATAGCGATGTGAAATGCATGCACCCTTGGGTTCACCGGTGGAGCCGGAGGTGTAGATCAGCGCCGCGAGCGTGTCGGCGACGATGGCTTCGCGTCGGGCATCGAGCGCGCGCCCCAGCGCACGGTCCTGCATCAGCAGGGCAACGCCCTCATCGGCAAAAACGTGCAAAGGCGTGACCGCCAATGGCAGGCCGACATCCGCGGTATCGTGCGTGTCGAGCACCACACCCGGTAGCGGCGTGGACACCGATGCCGTGGCAGACGCCAGACGCACGGCTTCGTGTCGCTGATCGGTAAACAGCCACCGGGCGCCGCTGTCGCGCAGGACGTGATCCACCTGCCCAGGGGTACTGGACGGGTAGATGCCAACACCCACCGCCCCGATGGATTGGATGGCAAGGTCCAGGGTGGGCCAGATGGGCCGGTTGCCGGCAAAGACGGCAATGCGGTCTCCCACCTGCACCCCCGCGTGCACAAGCCGCGCCCCTATGGCGCGCACCCGCGCACTCATCCCGCCCCACGTGATGCGCTCCGCCGGCGTGTGATGGCCGCGCGGATACACCGCAAACATGAGTGCGTCCGGCATAGCTTCCGCCCGGACAAAGAACCGATGAATGAGTGGAGAATCCACCACCAGACTCACGAGGTCACCTCCTCACCGCGCATGCCAGCGCATGGCCAACGACCCCATGGCCAATCCGGCGCCGGAGCCGGTGAACATCAGGAGTTCCCCATCACGCACGCGACCGGTTCGCACCGCATCATCCAGCGCCATGGGGAGACAGGCCGAGCCGGTGTACCCCCACTTGTGCATGATCGTGTGCGCCCGCTCCATGGGCTGCGAGAGTCCTTGCATGACCGTTTCGATTGTGGAGCGGTTCACCTGCGTCCAGAACCAGCGATCCACATCGTCCGGCGTGTAGCCGATGCGGCCGAGCACGGACTGCACGATGCGAGGCCACCCCTCCTCGTTGATCGAGGCGGGATACTTCTGTACGAAGCGCAACTTGTTCTGCAATCCGGCGTCAAGCACCGATTGGGAGATGGGGGTGCGTGTCCCTCCTGCGAAGACACCCATGCCATGGCAGTACCGGCCATCGGCAAAGAGCTCGGACGCGAGAATTCCGTCGGTGTCGCGAGCCTCCACGACGACGGCGCCGGCACCATCCGCGAAGATCGTGACCGTCTTCTTGTCGTGCTGGTCGAGATACTTCGACATGGCATACGCCCCCACCACCAGGATGCGCTGATAACGGGAATCGCTGCGAATGTATTTCCACGCGACATCGAGGGCGGTGACAAATCCGGCGCACCCGGCGTTGAGATCGAACGTGCCGGCCCGGGTGAGCTCGAGACGGCCGTGCAGCACCGATGCCGTGGCGGGCGAGATGAACTCCGGGGTGTCGGTGGCGACGATCAGCAGGTCAATGGCATCGGGCGCCACTCCGGCGGCTTCCATGGCCAATCGGGCCGCATCCTCCGCGAGGTCGGCGGTGCTTTCGTCCCCCATGCACCAATGGCGCTCCTCGATACCGAGGGTGCCGCGGACAAACGGGTCGATGTCCTCCCCGAGCATCGTGGACAGCTCGGCGTTGGTAACGATGCGGGAGGGGACGGCACTG
NZ_CP011454.1_gap60	2639301	2641827	2526	CTGGGGAGCGGCATCTGCCAGTGGCAGGTTGATGATCTGGTGCGGTATGAGTCTGCCGCTGCCCTGGGAGACTGGCATACCGTGACGGATGCGGTGTCCCACTGGACCGGACACCCGGCCCGCACGTTTGCCGCCTTCGCCAACGAAATGGCTGCGTCGCTGCAGTATTCGCACGGGCTGCCACAGGGGGCTGGTGAGGTACGCGACCAACTCCCCGTGGCGGTACCCCCTTGATCAGACGCCGACCTGCTTCTCCACCCGATCGCGATAGTGACGGCTCAGCCGGAGACGCGTACCATCCTCGAGGATGACCACGTAATCGCCGGAAAACCATTGCTGCATCTCACGCACGCGATTGAGATTCACGATGGTCGAGCGATGGATGCGGGCAAACAACCGCGGATCAAGCGTCTCTTCGAGATGCGAGATACGTTCCCGGATCGTGTGCGCCGTTTTGCCCACGTGCAGCCGCACATAATTGCGATCGGCCTCAATCCAGTCGATCTCCGTGGTTTTCACGAAGAACATGCGGCCATCCTGCTTGACCAGAATACGGCTTGCGTAACGGCCATTCGCGGCGTTGGCACCTCCCGCACTATTCGCCGTCCCGTTCGCGGCCCCTCCAACAACGCCCAACATGGCCGCCGCGTCGCCCGCCGCCGCAGCGCCGCTCCCATCGGCCAACCGCCGAACCGTTTCCAGTAGCTCCCCCAGACGCTCGGCGGCTACCGCATTGGCGCGCTGCTTCCGTGCTTTGTCAAAGGCCGACCGGAAGCGATCTCCGTCAACGGGCTTGAGCACATAATCCACCGCATGCACATCGAACGCGCGCTGTGCATGCTCGTCGTACGCCGTGATGAACAGCACCATCGGCACCGGGCCGCTGTCGATCTCGCGCAAGACCCCGAAGCCATCCAGACCGGGCATCTGCACATCGAGGCACACCAGGTCCGGCTGCAGTTCGCGAATCATCGCAACCGCTTCATGGCCAGACTCGGCTTCGCCCACCACTTCAACATCCGCCTCATTCTGCAACAACCGCCGGACACGCTGACGGGCCAATGCCTCGTCATCCACGATCAGGACTCGCACGCTCACCATCTCCCCTCCCGTTGACGATTCGAAACCCATCGACCATTCACATCGGGAGGTACGATGTGACGATGCGGCTTCGACGACCATGGCCTCCCTCGACCAGCCCTGTCACGAACTGGAAGAGAGATGAGCCTGTGCAACCCGTGTGTTTCCGTGCATCATGGCAGACAGGGAACACGGCACATACGCCGAAACATGACGTATAGTTGCACCGGAACCCTTCAACGGTTGCACCAAGTACCAGTTGAGGGAAGTGCAGCCAAACGGCTGCACCTCGCTGTTTTCCGTGGTTGATACATCATTCGCACAGCAAGGTTCCGCCCGAGACGGGCCCCTGGCTGCGCCCTTACGCGTCTTGTCTCACCTATGGCCGTCTCGTCACACCCACTGACCATTGCCGACGAAGGACTGGGGCTACGCCAGCTGACCCGCTGGCTTTTCGCCCTGGTCTGGATTGTCCCCGCCGTCCTGGCGGCGCTGCAGATGAGCCTTGTGGGAGATGCCTCTGGCACCCACTACGGGCTCGGGACGGCGCTGGTGTGGCAGGGATCGGCCTGGATGCTGTGGGGGCTCTGGTCCCAATTGATTCTGACGCTGGTGGATCGGGTCAAACTGGATACAGCGAGGATTCTCCCGTGGCTGTCACTGCACGCCGGCCTCACGGTGGTCCTGAGCGCGGCCAACGTGCTGGCGATTGCCTGGCTCGACCACGTGTTCGGCGCCGTGGGACAGGTCACCAGTTATGCCTTTGCGCTGCGGGTGGTGTTGGTCAATCACCTCGACATTCAGGTCGTGCTGTATTGGGCCGTGCTGGGCGCCGCGTATATGGTGGAGTTCGTGCGCCGCTATCGGGAGCGCGACCGGGCGGCCACTGAACTCGAGCAAAAGTTGGCTCGGACGCAGTTGGAGGCGCTACGCATGCAGCTCAACCCGCACTTCCTGTTCAACGCGCTCAATTCCGTGGCTGAGCTCATGGAGATGGATGTGCAGGAAGCGCAACGCACGCTGATTCGCGTGAGTGACCTGTTGCGCCTGTCGCTGCGCAGTGCGGGGCAATCGCTCATTCCGGTGTGGCAGGAAATCGAACTGGTGGAGCTGTACCTGCAGATTGCCCGCGTGCGTTATGGCGCGGGGCTTGATGCGGATATTGAGGTGGATCCCAATGCGGTGGATCTGATGGTGCCCAGTTTCCTGCTGCAGCCCATTGTGGAGAACGCGCTCAAGCATGGCCTCGCGCCTGGGCACGCCGACCAGTCCATTCTGGTCAAGCTGCAGCGCGTGGGGAGCAGTCTCGAGATTGTGGTGGAAGACAACGGCAAGGGGTTGCACGGTCTCCTGACGACAAGCGGGCGGTTTCTCGCGGCGGCCCCCAGCGTGGATGGGCTGGGCATCGGGCTGACCAATACACGCTCACGGCTCGCCATGCTGTAC
NZ_CP011454.1_gap61	2736697	2738360	1663	ACGGCTTGAGCGCCTTGGTGCGGCGGTACACCTGCTCCACGTAGCGATCCACATTGTCGCGACGCCAGTCGGAGAGGCCCAACATGCCCCCACGCGCCCGGTAGCGGGCATACGACCCGCTATCGGGGAATGGCACCTCGACCTTGTTGCTGTCCGTCTCCGGATAGGGGTAGAAGTAGTCATCCACGTGAATGCCATCCACGTCGTACCGGGCCACCACGTCGAGCGCCACCTTCACGGAATGCGCCAGCACCCCGGGCTCCCCCGGATCCATCCACAGATACTTGCCATACGACTTCACCCACTGCGGGTGGGTCTTGACCATGTGCGTACGCGCGTTGCTTCCCGTCATGCTGGGGTGGCGGGCCCGATACGGATTGAACCACGCGTGCAATTCCAGACCACGCGCATGCGCTTCCCGGACGGCAAAGGCCAGCGGATCGTAATACGGCTCCGGCGCGCGTCCCTCCACGCCGGTGAGGTACGACGACCACGGCTCCAGCTTGGAGGCATATAACGCGTCGCCGGCTGGTCGCACCTGCAGCAGCACCGCGTTCAGCCGGAGCTCCCGCGCGCGGTCCAGCAGCGCCAGCAACTCCGCCTGCTGTTGCCACGACGTCAGTCCGGGCTTGGAGGGCCAGTCGATGTTGGCCACACTGGCCACCCAGGCGCCGCGAAATTCGCGTGGAATGGTGGGCGGTTCGTTCGTCGCTGGGCTCAGCTGCGCATTGGCCGGTGCGGCGCTCAACAGCACCCCAAGGGTGAGAGCCGCGAGACGGCGCCCCGGCCAGGAAGCCGTCGGGCGAAACGCAATTCGAGAGAAAAGACTCATGCGCTAAGGATAGCCACGGAATCGTACGGTGTCCCCCGTGACATTCCCGCCGTGGCGAGCGAACATTGCCTCATGAGCCTTCCCCTCCCAGAGTATGACGCGCTCGATGGCCTGGCGCTGGCCGATCTCGTCCACCGGCGGGAGTTGACCGCCACCGAAATCACGGAAGCGGCGCTGGCCCGGGTGGCGACCCGGAATCCGGCGCTCAATGCCGTGGTAAGGCCACTCGACAGCCTGGCGCGACAGATGGCCACCCGCATTCCCGACGGCGCGCCATTCGCCGGCGTGCCCATGCTGATCAAGGACCTGATGGCCACGATTGCCGGGGTACCAACCAGCAACGGCACGCGCCCGCTGCAGCAGGTCACCCCGGCGCACGACAGCGAACTGGTGGCCCGGTATCGTCGGGGGGGCGCGGTATTTGTGGGCAAGTCCAACACCCCGGAGTTGGGGATTACCCCCTTCACCGAAAGTGAGGCGCTGGGGCCGGCGCGAAATCCGTGGAACGTGGCGTACACCCCGGGTGGCTCCAGCGGGGGCAGTGGTGCTGCGGTAGCCGCCCGCATGGTGCCCATTGGACACGGCGGCGACGGCGGTGGCTCCATTCGTATTCCGGCCTCGTGCTGCGGCGTCTTTGGCCTCAAGCCCACTCGCGGCCGTGTGCCCACCGGCCCCGACTTCGGTGATTCATGGCGGGGGTTTGTGCAGGAGCACGTGATCACACGCAGCGTCCGTGATTCGGCTGCCATGCTTGATGTAACCGCCGGTGAAGACGCCGGCACCCCGGTGGCCTGCCCGGCTCAGGAGCGCCCCTATCTCGACGAGGTCACC
NZ_CP011454.1_gap62	2797343	2800307	2964	AGCTCCGCGACGGCGCGGCGGCTGTACCGGGACCACGCCACTCTTGAAACTGTTGACCGTCTTCCCGGCCGCATCGAGAATCTCAATGCGCACCGTGTCCGCCGGGGCACTGGACAGATAGTAATCCACGGTGGGGCCGAGGTACGACTGCCCAACATTGGTCCGGTACCCGTCTCGCGGACGGAATACGGTGAGCGCAGCGCTCGCCGTGGTGGGGCCGATCTGCTGCAGCGGCGCAATGTTGTCCAGAATCCAGGCGGCACGTCCCTGCGTGGCAATGACCAGATCGCCCTTGTGTACCCGGATGTCGTTGATGGGAATGATGGGCATGTTCAGGTTGAACGGCTGCCAGTGCCCACCATTATCGAACGACACGTACAAGCCGAATTCCGTGCCGGCATACAACAGCCCTTCCCGCACCGGATCTTCGCGAACGACACGCACCGGTACATCGGCGGCAATGCCATTCGTCCCGTCGGTCAGCAGCTTCCACGTCTTGCCGTAATCGTTGGTGAGATAGATGTACGGCTTGTAGTCACCCAGCAGGTAGCGGTAGGTGGCGTAGTACGCCGAACCCTTGCGATGCGGCGAGGCATCAATCCACGCCACGCGGCCACCATCACCCAGCCCCTTGGGCGTGATGCGCGTCCACGTCTTCCCATCGTCGCGCGTCACCGAGAAGGGGCCGTCATTCGAGCCCGTCCAGATCACGCCCTTTTCGAGCGACGACTCGGTAATGGCGTACAGCGTGCTGTAGAACTCTTCACCCGTCACGTCGCGCGTGATGGGCTGGCCGCTGCCGCCCTGGCAGCACTTGGGGAAGGCGGTCAGGTCGGGCGAAATCTTTTCCCACGACGCGCCGTTGTTGCGCGTGCGGTGCAGGTACTGCGACCCGTAGTACAGCACCTTGGGGTCATGCGGCGACGTCGCCATGGGCGTGGTGCGCTGCATGCGGAAAATGAGATCGCCGCCATCGTTGCCATACAGCGACTGCGCGCCAATCCAGTAATTCTTGGTCACGCCCGCCTTCATGTTCATAACGGCATACTGCCCCTTGCAGTTGCCATGCACGATGTTCTCGTCGCTCGGATGCGGAATGATCGGGCCCGTTTCACACCCCGGTCCCACCCGCACCGATGCCATGTTGAACACGTTGTTCAGACTCGGCACGATGTACGTGCTGTTGTCCTGCTGCGCCATGTACAGGTTGTACGGGAACGCATTGTCGAGCCACACCCCGTAGAACTCGGCCGTGGGCTGAATGTCCTGCGAGCTCCACGTCTTGCCGCCGTCAAACGACACGTTGGCGCCGCCGTCGTTCGACTGCACCATCGTGTTCGAATTGTTCGGATTGATCCAGATATCGTGATTGTCACCGTGCGGCGTACGGAACGGCGTGACCGTCTTGCCACCATCGGTGCTCTTGTAGAACGTTTCCGCACCCGCGAACACCACGTCGGCGTTGTTCGGGTCGGTGCCCAGCGAGGTGTAGTAGAACGGACGGGTAATGAGCCCCGGCGTGCTGTTCACCATCTGCCAGCTGGCGCCGGCGTCGTCGCTGCGATACAAGCCGCCCCCCGGCAGCGCTTCCACCAGCGCATACAAGCGGTTGGGGTTGGCAGCGGTCACGCCGATGTTGCCCTTGCCGATGAGTTCATTCGGCAGGCCATTACCGCGCAGGTTCTGCCAGGTCTCGCCGCCGTCGGTGCTCTTGTAGAAGCCCCCTTCGCGCGATCCGGAAATGATCGACCACGGCTTGCGCTCAATGCGGTTCATCCAGGCAAAGACCACATTGGGGTTGCCCGGCTGGAGCTCCACGTCCATGGCGCCCGTGCTGTCGCTCACGTACAGCGTCTTCTTCCAGGTCTTGCCACCGTCGGTGGTCTTGAAAACGCCGCGGTCGTTGTTGGGCTTGAAGATGTCGCCATAGGCGGCCACCCACACGATGTCCGGATTGGTGGGGTGAATACGCACCGCGCCGATCTGGCCGGCGTTGTAGAGCCCGCGGAATTCCCAGCTCTTGCCCGCATCGCCGGAGCGGTAGATGCCACGACCGGTGGAGACATTGGAGCGGACACCGTCCGACCCGGTGCCCAGCCAGATCACATTGGGATCGCTGTCGGCCACGGCCACGGAGCCCATGGATCCAACCGGGACCTTATGGTCCGTGATGGGTTCCCAGCTTTCCCCGCCGTTGGTGGTGCGCCACAGGCCACCGCTCGCCACGCCCATGTAGAACGTCTTGGGCTGTGACGGGACGCCGGTCACCGTCGTGACTCGACCGCCCCTGGAGTGACCAACCAAGCGATACGACAGCCCCTGGAACTGGGCAGGATCAACCGACGCCATGAAGGGCGCCTTGGGGGCCGCCGCAGGGCGGGCAGCGCGAGCGGCGGTTCGGGGGGCCTGCGCCACCGCAATTGCGGGAGCAAGGCCAATCAGAACGAGAGATGCCGAAACGGTACGGCGCATGCGTCAGGGAGGGTTAAAGGTGCAGCCGAGGTGCGAGGCTTCTTGTAAGCATACGTACGTGCGGCCTTCGTGTTGAGCTTTCCGACGATAGAAAGGCGCTGCGGCCAGATGGTCACACCGGCGGCTAGCGGGCGATGGCCCCCGCCTCGATGCCCTTGGCCAGGTCGAAAACCTGCCCCACCGCGCCCACCACACAGGTGGACCGGTCGAGCCCGAGCGTCCTGCGAAAGCGGTACACCACCTCCACGCCGGTACAGTGCGCGCCAATGAGCTGCCGCACGCCGGCCGCTTTGAGTCGTTGCTCTGTCCAGGCGAGGGTCTGCTCGGAGGCGTTGAACAAATGGATACCACCGATGAGCGCATGCACGTTCGCGGGACGCACACTCTCCCGCGCGTGATCGATGATGTTCACCACGCCGGCGTGACCACACCCCGTCAGCACCACCAGCCCCTGTTCCGTATCGAAGATCATCGACATGTCCTCGGGGACAT
NZ_CP011454.1_gap63	2833914	2836935	3021	GTCGTACGAACGGCAGCAGGTGCCCGGTCTCAACCCCGCCCGGGCCGATATCATTGTGGCCGGGCTTGCCGTGGCGGCTGAAGTCCTTTCGCGCTTCGACCCCCGGGATCTGCTCACCTCGGCCTACGGAATTCGCGAAGGGCTGCTGCTGGAAGCAGCCAAGGTCACGCCCACGGTGGCCGACCCGGGCGTGGCACGCGAACGCTCCGTACGGGAGTTTGCCGAACGTTGTCATTACGAAGAGCCCCATGCACGACAGGTCATGGCATTGTCGCTGCAACTCTTCGATGCCGTGGCATCACGCCTCGACCTGACGGCCGCCGATCGACGGATCCTGGCGGATGCCGCGCTGCTGCACGATGTGGGATATCACATCAACTACGAGAAGCACCACAAACACTCGTTTCACCTGATCTCCCACGCGGATCTGCTGGGCATGTCCCCATCGGAGCAGATCATGATCGCGCACATTGCCCGCTATCATCGCGGCGCGGCGCCAAAGCTGAAGCACGAAGGCTTCGGTCACCTGGACAAACCGACGCGCGAACGCATTGTGAAGCTGTCGGCCATTCTGCGCTTTGCCGACGGCATGGACCGCGGACATGTAAGTGCCGTGGGCACCATGGCGGTGAAATGGGCGGGAGACGCCCTGCGGGTCACGGTGCATGAGTCCGAGGGAGCCACCAACGTGCGCCTCGAATGCTGGGGCGCCAGTCGCAAACGGAGCCTGCTGGAACAGGTGCTCGACCGGCCGGTGGTGGTCATGTTGCAGGACGGCACGGAAATCAGCGCCGACGAAGAAGGCGACAGCGAGTAGCTCGCCGCCGCCTTCGTTGTCATGGGTTGGCGCCCTTCTTCTTTCGCTTGGGAGGGCGACCGGCCTCGGTGCCCCACGGTTCCCGCATGAGGATCTGGTGCGTGGCGCGAATCGGGACGCCAGTGGCTGGCTTCTGCCGACGGTACTGACCGTCCGGACCAAGCTCCCACGCCTGACGGTTGTCTTCGAGACAGGTTGCCAGCACCGCATCCAATCCCCTGTGGAGTGCGGGATCTTCGATCGGGGTCATGACTTCGACGCGTCGATCAAAGTTGCGGGGCATCCAGTCGGCGGAGCCAATGTAGTACTCGGGATTCCCGGCATTGGCGAAGTAGGAGAGTCGGGAGTGCTCAAGGAAGCGACCAATGATGCTGACGACACGGATATTGTCGCTGATCCCCTTGAGTCCCGGCACCAGACAGCAGATGCCGCGCACAATGAGATCCACCGCGACTCCCGCCTGTGAAGCCCGGTAGAGCGCGGTGATGATTTCGGGGTCCACCAGGGCATTCATCTTGGCAATGATGCGACCACCACGGCCGCCCTGCGCATGGGCCGTCTCCCGATCGATGAGCTCCATGAGACGCGCCCGCAGACCGACCGGGGCCACTGCGATGCGTCGATAGAACTTCTGGCGGGAAACGCCGGTCAGGGAGTTGAACAGATCCGACAGATCGGCCCCCAACTCCTTCTGACAGCTGAACAATCCCACGTCGGTGTAGAGCCGTGCGGTCTTGCTGTTGTAGTTGCCCGTGCCAATGTGCACATACCGTCGAATGCCATCGGCGTCCCGTCGCACCACCAGCACCGTCTTGGCGTGGGTCTTGAGTCCTGGCAACCCGTATGCCACGTGAATGCCGAAGCTTTCCATGGTGCGGGCGAAGGTAATGTTGTTCGCCTCGTCGAATCGCGCCTGCAACTCAATCAGTACCGCGACCTGCTTGCCGGCCTCCGCGGCGTCGGTGAGTGCCCGCACAATGGCCGTATCGCCTGACGTGCGATACAACGTCAGCTTGATCGCCAGCACCTGCGGGTCGTTCGCCGCCGCTTCGAGAAAGGCTTCCACGGACCCGGCGAACGATTCATACGGGTGATGCACCAGCACATCCCGTTCCCGTATCGCGTCAAAGATGTTGCGGACATCCTTGAAGGCCGACGGCACATGGGGGGTGTGCGCCGGGTCGCGCAGCTCCGGCAGATCAAGCATGGCGATCTGCATCAGATCGCCCATTTCGAGCAGATCATCGATATCGTGCACGTCCTGCGGCCCCAACGGCGCCACGAGTTGTGTTTCGCTTTCGCTCAACTCTTCAAGCAGCAGGCGACGAATGCCTTCGGGCATGTCCTTCTGCACCTCGAGGCGTACCACTTCACCGAATCGACGTTGAAATACCTGCTGTTCAATGGTCTCCAGCAGATCTTCCGGCTGGTCCATCTGTCCAAGATCAAGATCGGAATACCGCGTGATCCGGAAGGTGTACCAGCGGCGCACGTCCATGCCGGGAAACAGCGCCCCAAGATGGGCCCCAATCACGTCTTCCAGCGGCACATAGCAGTGTCCACGCCCGATGGGAACCCAGCGCGGGAGCGACCGCGGTACCTTGACGCGCGCGAAGTGATCCTTCCCCGTCACCGGATCCTTGATATCGACGGCCAGCGACAGCGAGAGATTGGAGATGTACGGGAACGGATGGCCCGGATCGACGGCGAGCGGCGTCAGCACCGGGAACACCTGCGACTCGAAGAACTCGTGAATGAGGACCCGCTCGGAGTCGGTCAACGACGCCATGGTCACCAGTCGGATCTCATGGCGCGCGAGCGACGGAAACAGGTCCTGCTTGAGACACTCCCGCCGACGCTGAATGAGCTCCCGCACGCGCGTGCGAATGGCCTCCAGCTGTTCAATGGGCGCCAGCGGATCGGGCGCGTACTGGGCGGAACCGGCGTGCACCTTCCGGCGCAGCCCGGCCACCCGCACCATGTAAAACTCATCGAGATTCGTGCTGAAAATCGACATGAACTTCAGCCGTTCCAGCAGCGGCACGCGTTCGTCGAGCGCTTCCTCGAGTACACGGGCATTGAAATCGAGCCACGAGAGTTCGCGATTCAGATAGGGCAGCGACAACGAGGTCACTGAAGACATGCTCTGGCCGTTCAGCCGGCGCACACGCCGGCTGAACGTCTCCTGATCAGAGGGGATTGAA
NZ_CP011454.1_gap64	2976568	2981165	4597	GTATTGGTCCGATCAGTGGCACGATCGGCGTGATTGCTGAAGGCACCGCGTACAAAGCCGCCTCGCGCCAGGGCAACATTACACCGTGACCTGAACGACGATTGCAGCTCCAAGGGCGCCCGGCTTACTCCGGGCGCCCTTTTCGTATGCAGCCACCATCCGCTCATGACGGGCGGACTTACCGGCTCAATATCGCGGACGGCGGGTTCTGGTACGGTTGCCGGTGGGATTGTCACCGTTCGCGCCACTGGTGGTCAGGCTACTCAGCCCGTCTGTTCCTGCCGCTGCCGGCGCCGTTCCAACGGCGTCACATCGCGCCGCGCGGCAGGCGTAATGCCCACTTCACGGGCCTTGTTGCGAAACTCGGGGCCGTGATCCACCGGACGTCCGGTTTCGTGCTGCCATTGATGCACCATTTCGTGCAACAAAGTGTGCATCGCCTCACGCCATCCATGCCTGGTGATGTGCGACCGCGACATCACAATCTCCGGCTCCAGATGTCGCGAGCCCGGATCGAAGTGCCCAAGCCGCGTGGCCATCTTGCCGGACAGGCGCAGCGGAATGCTCTTGAGCGTGCCGGCAAACCATTGCGCGTTCAACTGGCGATGCGCCTCGGTGAGTTGAGCGATCATGGCCAGGTCGCCCGGCTTGGCGGGTTCCTGCCGTCGGGCCACGGGAGCCCGCTCCACGTCATGCGCCAGAATCACTTCGCGGGCGGCCAGACGCTCCGTCTTGTTGCGGGCAATCGCAAAGGCCACAATGGCCCGCAGAACCGACTCCGGCGCTTCGGCGTACCCTTCGTTCACCCGCAGGGTGCGACCAATGAGCGACACCATGACGGTCCGCGTGCGCATGAGCACCAGTTGCTCCACGCCCCGCAGCCCCATGTCCTGCAGGCGCGAGAACAGGACGGCGGTGCGTGCTCGCAACGCGGTGCGCCCTCGCGCAAAGCGCGCGTCTTCGCCTTCGGGGGCAGGCGACGGTGCAGCAGGCGCCGGGGTGGGCGCCACTGAAAAGAAGCCGAGCTGCAGATCGTCGAAGAGGGACACCTCACCAAATTGGGGGTGCCCCTCTTCAGCGGCAACTGGCGATGGCCAAAACGACGTTCCCTCCGTCGGCAATTGTCCCCCGCATCCCAATCCTACGTCGGGGCGACCTCAAGTCGGACCGCATCGACGATGGCCGCCAGCGCCGCAATCTGGTCTCCCGTGATATCGTGCCCAAGTCCCGGATAGATCCGCAGGTCCACCAGGGCGCCGAGTTCGGCAAACACGTCGGCCGACCGACGGACCAGATCTTCAGGGATGTGTGTGTCGGCGTCGCCGCAGGCCAGCACCACCGGCGTGCCATGCAGCGATCCTCGGTCACTGCGCGCGACGGCGGGGTCACCAATAAGTGCCCCCGCCATGGCCACCACGCCGCCAAAACGGGCGCCGTCCACGGCAGCGCGCGCCGCATACTCCAGTGTGAGACAGGCCCCCTGGGAAAAGCCCACGAGAATGATGCGGTGGTCCGCAATGCCCGCCGAACGCACCTGCGCGACGGCCGCCCCCAGCGCCGATAAGGCGCTGGACAGCCACGGTTCGTTCAGCGCTGTCGGCGCGAGAAAGCGCTGGGGATACCAGCTGTTCCCAATGGCGACGGGCGCGACCAGCGCCGCATCCGTGGCTTTGGCCGCCCGCGCAATGGGGAGCATTCCCTCGGCGCTCCCGCCGCGCCCATGCACCATCACCAGGGCATACGCAGCAGTGGCCAGCGGCACACCCGCCACCAGCGGGGAGGCCGCCGCGTGAGGCCCCACCACGACAGCCGCCTCGTTCGGGGTTGGCATACTCATTCCGTCGTCTCCACCTGCGGGGTAATCATCAGCCGGCGCCCGGGATGCCCACGCATGCCCGTGTCGCCATCTGTTCCGTCGTACGGCCACGGCGCGCGATCAATATCCGTGAGGTGCGCGGCAATCTGCTCACGGTGTCCTTCCAGCCACGGCGGAAGTCGCAACGCGCTTCCCGTGGTGGTCACCGGTTCATCGGTCAGGAAGCCGGGCCCCATGGTTGCGAGTTCCACGATGTGCCCGTCCGGATCTTTGGTATAGATGCTCTTGAAGTACACGCGGTCCATCACTGGCGATACATGATGTCCCGCGTCGAGCAGTCGCTCGCGGAACAGCAGTTGTGTGTCCTCGTCGGCGACGGCCAGCGCGTAATGGTGCCCCTGCCCCGTGCCCATGTGGGCGCGACGGTCGGTGGCGGGGCGCTCAAGATACGTGATGAGGGAGCCCGGGCGCGCGTCGGCCGTGCCCCAGTACCAGTGTCTGGTGCCGGGATCGTCGAAGTTTTCCGTCATCTTTACACGGGCCATGCCGAGGGTGTGCCCAAGGAATTCGTGCGTGCGCTCGATGTTGGCCGTCATGGCCGTAATGTGGTGCATGCCGCGCGTGAGTTGCATGGCCGCGTCGATCGTCGTGACGGGCTCCGGCCATGTGATGGATTCAATGGCGGCTTCGTCCCGCCCGCCACGCACTTTTTCAGCGGGGGGCGTGTGCGAGGCAGTGACCCCGACCTGCTCATCCCACCACAGGCCGGGCCCGTCGGTGGCAATCTCCACGATCTGGCCATCGGGATCGCGCACGTACAGACTGGTGAAGTAGTTGCGGTCATACGGGCCAATCACCCGCAGGCCAAGGTCGGCAAGCCGCCGCTTCCAGCGCAGCAGCGCATCGCGATCGGCGACGCGCAGCGCAAAGTGATGAGTGCCACCAATACCGGTACGACCGCGCGGTGCCCTGGGCCATTCGAAGAAGGTGACGACGGTCCCTGCGCTGCCGGTCTCGTTGGCAAAGTACAGGTGGTAGCTGCCCGGATCGTCGAAATTGACGGTGGTCTTCACCAGGCGCAGCCCCAGTACACGCGCATAAAAATCGACCGTGCGCTGGGCATTGCTGGCCACGAGGGTGACGTGGTGCAGGCCGAGAATGGCGGAACTGGTGGGGTGCATAGACGGTCTCCTGCCCAAAGGCGGCATATACATATCTCACTACTAAACTATATCAAATCTTAGCCTTGGCAACTGTTTCCGGCACGAATTACTTCTTGGCTATGACGCCGCATTCACCTGCTCCGTTGCCGGCCGGTCTGGCCGCCAGTTTCGACACCGTGCGGCCGTTGGGGGCTGGTGGAATGGGGGCGGTGTGGCTGGTACGCGACCGGTTTCTCGATCGGCTCGTGGCCCTCAAGGTTCTGCATGCGGACCACTCGGGGCCAGAGGAGCGCGAGCGCTTCCTGCGCGAGGCCCGCACCAGCGCACGGCTTGAGCATCCGCACATTATCGACGTGTACCGCGCGGACGAGACCGATGGCGTGGTGTGGTTCTCGATGCGCTACATCAACGGCGAATCGGTTGGCGACCGGCTGCGCGATCGCGGCCCCATGGCCGTGGCCGACACGCTGCGCGTGCTGCGGGAAGTGTCCTGGGGGCTCGCATACGCGCATGCGCGCGGCGTCGTGCACCGCGACATCAAGCCGGACAACATTCTGCTCGACCGGGATTCCGGTCGGGCCGTGGTGACGGACTTCGGCATTTCGCGCGATGCGGCCGACGCATCGAATCTCACGATGGTGGGCAACGTGCTGGGCTCGGTGCACTACATGAGCCCCGAGCAGGCCGCGGGTGAAGACGTGGATGGTCGCAGTGATGTGTACGCACTGGGCTGTGTGGCGTACCACATGCTGGCCGGCGCGCCGCCGTTCGACGGGACCGCGCAGTCGGTCCTCGTGGCGCATGTCACCAAGCAGCCGCCGTCACTTGCGACATTGCCGCAGATCCCCACCGAACTTGCGCTGTTGGTGAACCGCTGCCTGCATAAATCCCCCGGTGAACGCCCGGCCAGCGCCGATCACTTGGCGAGTGCCTTTGACGCGCTGATGCGTGACGCCGAGGAGCAGGCACAGGCCTCGGCCGACGCGGCACCGGGTGGTGTGCTTTCGGAGAATGAAGCGCGCGTGGTGTGGCAGCGCGCCGCGCAGCTGCAGGCAGAAGCGGCGCACCGCATGGAACGACGGGCGGCGCTCGAGAGTGCGCGCATCAGCGGCGAACAGACCGCTGTCGTGACCGACGAGGCGTATCGAGTGCGCGACGTCGAGGCAGCGGCGGTGGAAGCGGGCATTTCCCGTCAATACGTCGCGATTGCCCTCGCGGAGTTGCGTGCCAATCCCGGGTCGGCGGCACTGGCCGATCCCATCTCGGAGCGTGCGGACCGGCGGACCACTTTGCTCATGGGCACCGCCGACCGCGCGCTCTCGGTGTCGCGGGTCATTCCAGCGTCGCCCAAGGATACGTTGCAGGCACTCGGGGCAGTGTTCACGGCCGCCCCCCATGCGTTCACCCTGCAGGACACGGTGAACGGCCACCCGCTCGACGGCGGCATCATGCGCTTCAAGGTGCCGCGTTTCGTGGAGGCCTATTCAAATCCATTCGCCGGCATGTCCAAGGAGAAGGCGCTGCGCTACCGGCTTGAACAGATCGAATTGTTCGATCTGAACGTCACGCTGCAGCCACGTGGCACCGCCGCGGCGCCCGCGTGCGAGATCGTGGTGAC
NZ_CP011454.1_gap65	2991201	2992529	1328	GTGCGCGCGGGTTGGAGCGTCTGTTGCGTGTAGTGCTCGCGGTGGCGGCGTAACCCGGACCGCTACGTAGGCTCAGTCGTCCAGCAGTTCGAACGCGGGGGGACTGGGCGATGTCGTGAAGAACAGCGATCGGTGTGATGCACTGTGGTGCACGCGCAAATAGCGTTCGCGCCATTTGGCGGCAAAGCGTTCGGCGTCTACGGTGGGGACCATGGCCCACACAGCGCCACCAAATCCTGCCCCGAATGCACTGGCCGCCGTCGCTCCCAACTCCCTGGCGTAGCGCTGCAAATGCACCGTTTCGGCGATCTGATTTTCGAGGGCCCGTTCAGCGCCGGCCTGTGATTTATCCACCAGACGCCCGAACTCCGTGAAATCCTCACGCTGCAATGCGTCGGCGGCCTGCGGCACGATGACGAATGTCTCGTCAAAGAATTGTCCGAGACGCCCCACAAGGTGCCCCGCCGAGAACTCCGCGTCGGCCGCGCGTTCCGCCGCGGCCCGCAGCGAGTCCGGAATTTCGACCAGCGGCTCGTCACCGGTCGCAGCGAAAAAGGCATCGCGCAGGGTGTGCACAGGCGTGGTGGTGGTGGCATTCCACGCCGCCACCAACCGATGGGCCGTACGCGCTGCCCGATTGTACCGTTCCTTGGCCGCCCCGGTTTTGGCGGCGACTACGCCGCTCACTCCCACCACAAACGTGTGTGTTGCCGGCCATGTCACGGTTCGTTCGAAATGGACAGGCGCCCAGGAAAACTGCTCAAGCCGGGTACGCTCTGAGCAGAGGATGGCAGTCTGGTCCTGGGCGCCGCCCATGGTGCCCACCCCCTTTTCTCCGGTCAGCACGCCGAAGTTCATCCCGTTTTCGAGCGCGCCCACATAGCCGGCCAGCGCGGCCCGATCGGGCAGTGCTTCCTGAAACAGTGGATGCGTGTCAAGCGCGTTGAGTGCCGTGAACGCCAGAGTGAGTCCGACGGTCAGCGCGCTGGAGCTGGACACGCCCGCGGCGGGTGGGAGGTTGCTCGCCAATGCGACATCCGCGCCCTGCATGCTGGCGCCAAAGTTGCGCACGAGCCGGTTGATGACCGTGCGCGGATAGATGGCCCACGGAATGGAACCGCGCGCGGTGGAATCCAGCGAGAGCGCCATGGCTTCGCGACGACGCGCGTCACGCAACACCACCTGACGGTCGTCCCGGCGTCGTGCCACGATGACGATGCCGCGCTCCACGGTGCACAACAGCGAACGCCCGCCGGCGTAGTCCACGTGCTTGCCGAGAACCTCAATGCGACCGGGCACGATCCACACCCGGCGCTCCGACGACGGGA
NZ_CP011454.1_gap66	3028569	3033020	4451	CACGCGCGTTGTACGCATCGGCGCCGAACTCGGTGAACATCACCGGCAACCCGAGGGTGGTCTTCACGCGCTCGAAGAGATCGCCAAACGACGCACCGCGGTACACGTTGGTGCCAAAGACATCGAGTCCCTTGGCCTCACGGGCGATGATGTCGAGGTACTGCAGGTCGCCGTTGGCCAGCGCCACCGGACGTGAGGCGTCACGCGCCTTGATAGCGCGCGAGACTTCACCGACCAGCGAGTAGAGAAAGGTGGCCTTGGCGGCGTCGCGCTCACCGGAGGGAAGATTCTCCGTGGCCGCGGACTTCCACTGCAAGCCGTAGTTGTTTTCGTTGCCAAGCAGCCACATGAGCATGCCGGGCGTGCCGCGGAACTCATCAACAAGCGCGAGCACTTCGGCGGTCAGCGCCTGCCGCACGCGGGGATTGGAGTAGTCCGTTTGCGGGGTAAACACGCCGTTGATCGTCGTGCCATACCGCCCCAACGCATGGTTGAGCACGGTCCAGATGCCATACTGCTCGTAGATGTACTTCACCCAGCGCGGCGGCACGCCGTTGTACTGCCGAATGACATTGACCCCCATGACCTTGAGCAGGGACATCTCCCGGTCTAGCGCCGCCTTGATGACATCATCCGGCTGCGTCCAGAGGCTGTAGGCATAGTTCTGCCCGATGGGGAAGTAATCCCAGTTGACGCCCTTGAGCAGGACATCAGCGCCGTTGACCTGCAGTCGGGTGCCGGCGGCATCAGTGCGAATCTCAATGCGGTCTGGCGCCGTCTGGGCAGCGAGTGGAGCGGGCACGGCACCCGCGAGTCCCAGGAGAATCACGGCCGTTGCCACACCACGCTGCAGCGGGCGGGGCGCCATCATGGACAATGCATGCATCATATAAAGGGGCCTCCTCCACCGGGGGCGGTGGGAGGTAGATCGGGGCGGGTGGCGAGTCGATCGGGAAGGGGGAGCTTTGTTCGCCGTGACAACAAAGTTGTCTTTGCGTCGTGCCCCGTCAAGAGTAGACCCGCCGGGAATCGCAGCGAGTCGGTCACCCCAGCCCCTTCCCGGCCGTTACAAGATGTACTTCCGCAAATCTTCGTCTTCCGCAATAGAGCGCAGCCGGTCCCGCACCATCTCGGCGTTCACCAGGACCGCCTCTTTTCCACGATCGGGAAGCTCGTAGAGCACCTCCTCAAGGAGGGTGGTCATAACGGTGTGTAACCGGCGCGCCCCGATGTTCTCCATACGTTCGTTCACCCGAGCAGCCACCCTGGCGAGCTCAGCTATTCCATCGTCGGTAAAGGTGAGGCTGGCCCCTTCGGCCTCGACAAGGGCGGCGTACTGCTTGGTCAGCGCGTTCTCCGGCTCGGTCATGATGCGTACGAAGTCGGATTCGGTAAGCGCCTTGAGTTCGACCCGAATAGGGAAACGTCCCTGCAGCTCCGGAATGAGATCGCTGGGTTTGCTGACATGGAAGGCACCCGCCGCGACAAAGAGGATATGGTCGGTTTTGACCATGCCATACTTGGTCTGCACGTTCGAGCCTTCCACGATGGGCAGTAGATCCCGCTGCACGCCTTCGCGTGAGACATCGGGGCCCCCGCCCTGCCCCCGCTCGCCGGCGATCTTGTCGATCTCGTCGAGGAAGACGATCCCCATGGCCTCGGTACGCTCCAGCGCGTCTCCGGTGAGGTCATCAAGGTCGATCAGCTTATCAAGTTCCTCGTCCAGCAGCAGGCGGCGCGCTTCACTCACCTTGACGGTACGTCGCTTCTTCTTCTTGGGCATCATGTCGCGAAACCAGTCGGCGACACTCTCCATCCCCTCCGGCGCCCCGGGCATGGCGGCCCCCGGCATGCCCGGTCCGCTTTGGGTCACTTCGATTTCTACCTCCCGACCATCCAGCTGTCCGTCCAGCAGCAGCGCCTTGAGCTTGTCTCGCGTGCGCTTGTGCCGCTCGAGCGACTGCTCATGCTCCACCTTCGCATCGGGAGAAGCTTCGGCCGCCAAGGCGGGCGGAGTTGGCAGCAGCAGATCCAGAATACGCTCGTCCACTTTGCCGATGGCGAGGTCCTCGACCTCGGATTCCCGCTCAGTGCGCACCATATCGATGGCGTTCTCAATGAGATCGCGCACCATGCTTTCCACGTCGCGACCCACATAGCCCACTTCCGTGAACTTGGAGGCTTCGACCTTCACGAACGGCGCCCCGGACAGCTTGGCCAGTCGACGGGCAATCTCTGTTTTACCCACGCCAGTGGGCCCAATGAGAATGATGTTGTTGGGAGAGATTTCGTCGCGAATGGACTCCGGCGCCCGTTGTCGGCGCCAGCGATTGCGCAGGGCAATGGCGACGGACTTCTTGGCATCCGCCTGACCCACGATGTACCGATCCAGCTCCGCCACAATCTGGCGAGGCGTCAGGTCCGCGAGTCGCGCGATGGCTTGTTGCGTGCGTGGAGAAGCCATGTCAGACGCTCGGCTCCAACACCGTGATATTGGTGTTGGTGTAAATGCAGATCTCCCCGGCAATTGTGAGCGCCTTGGTGACGATATCGCGCGGCAGCAGCGCCGTTTCGCGTAGCAGCGCCCGCGCCGCGGCCTGGGCATATGCTCCACCCGAGCCGATCGCCAGAATGCCGTCGTCCGGCTCAATCAGTTCGCCGTTCCCGCTCAGCATGAAGCCGTGGTTGGCATCGGCTACGATGAGCATGGCCTCCAAACGCCGCAGCACGCGATCACTGCGCCACTCCTTGGCGAGCTCCACGGCCGCGCGCGGCAAATTGCCGGGGTAGCGCTCCAGCTTCTCCTCAAACTTTTCGAAGAGTGTGAGTGCGTCGGCTACCGAACCAGCGAAGCCGGCGAGCACGCGACCGCCCTTGAGTTGCCGGACCTTCACGGCCGAGTTCTTGGCGACGGTATCACCAACGGAGACTTGACCGTCGCCCCCAATGGCGACGCGTCCGTCGCGGCGTACCGCGAGGATAGTGGTGGCGCGAATTTGCGGCAGTGTCATGTGAATAAGATACGCGGCGCGCAGAATTGGTGACACACCGTCGATCTCCAGGCACTTTTCTTCGACGCACTCGGCCCCCCGTAACGTCGCGGATCGCGAAAGACAGGCGCTGGTCTTGGTGTCATATTTCCCGGTATGCCTCCCATTTCCTTTGCCGATATCACGGCGGCGCGCGAGCGGCTGCGTCCGTTCTTTGTCCCTTCACCAGTTCGCCATTACCCCCTGCTTGACGAGTTGGTGGGGTATGGCATCCGGGTGCTGGTGAAGCATGAGAATCACCTGCCCACGGGCAGCTTCAAGGTGCGCAACGGTACGGCGTCCATTACGGCGCTCACGCCGGAGCAGGCCGAACGTGGAGTGATTGCGGCCACCACTGGCAACCATGGGCTGGGGCTGGCCTGGGCCGGGGCTGCGCGCGGTGTCTCCGTGACCATTTGTGTGCCCAAGGGGAACAACCCGGAGAAGAACGCGGGCATTCGCTCGTTTGGCGCCACGCTCATGGAAGTTGGCGATCGCTACGACGATGCGGTGGCGGCGTGCCGTACCATCGCCGAGCAGGAGCACCGCACCATCGTGCATTCCACCAATCATCGCGAGGTGTTGACCGGCGCGGGCACCATGAGCGTCGAATTTCTGGAACAGGCTCCAGAACTGGACGCCATCGTCATTGCGCTGGGAGGCGGCTCTCAAGCGGTGGGCGCACTGGTGGCGGGCGCCGAGCTCAAGCCGTCGTTCAAGGTGTACGCGGTACAAAGCCAGGGCGCGAGCGCGCAACACGATGCCTGGCACGACGGTGTTTCGCGCAGCGGTGCTCCGGCGCAGACGTTTGCCGAGGGGATCGCGACCGGCTCCACGTACGACTTGACCTTCGATACCCTTCGTGGTGGCCTCGCAGACTTTGTACTCGCCGGTGAATCGATGATCTCACAGGCGGTGCGGGATTTATGGACGATCACGCACAATCTTGCGGAAGGCGCAGGCGCGGCGGGATTGGCAGGGCTTCGCTTGCTGGCGCCGCGTCTGGCGGGTCAGACAGTCGGCATCGTGATGTGCGGCGGCAATCTTGATGCGCAGCGGGCCGCGACGATTCTGGCAGGGGGGACCCCGGGGGTGTAGGAACTCATGACCCAGAACTCGAACCCAGAACCCGCAACTGATCAGTTTCGAGTTTTGGGTCAGGGTTTTGAGTTGTCAGTTTCGCTACGCTCTAGGGTGAGCCTGACGGTATACCTTTTTCAACCGATCGACGCTGGTGTGCGTGTAGATCTGCGTGGTGCTGATGCTGGCGTGCCCCAGTAGTTCCTGTACCGCGCGCAGATCAGCACCACCATCTACCATGTGCGTGGCGAAGGTATGGCGGAGCGAGTGGGTGGTGAGGTCGGCGCCTTCGCCCACCGCATCGAGCAACGTGACCATGGCGTGCTGCACCGCGCGCGTGCT
NZ_CP011454.1_gap67	3052621	3056009	3388	CGCCGGTAGTGGCGGGCTGCTCGACGACATCGCTTAAGGCAATGGCCTTGCCACGACGGAGACCCCAATAAAAGTCGTTGCAGGACAACGAGTTACACCATTTCACTGCGCGCATCATCATTTTGATTCCGCCGCGTCCTGCGACAAATCGTGCAGCACGCGGCACTGCCGTATTCCCGTGATCAGTATGCCCGTGCCGGCAGTGTAACGGCGCCCGTCTTTCTGTGACGGGGATACAAAAACCGCTGTGCCATTACTGGCACAGCGGTTCGGCGTTCGCTCCGCCACCGGAGCTGATGGCGCAGGTATATCCCGGGATGGCCGTGTGGGTGGCAGTTGCGGTCCACCCTGTTGCCGTGCCGGTGAAGGTCAGTGTGATGCCGGCCGATCCCTGTGGAGGCGTAATGTTCGCGTAGCTGTTTTCGGAACTGAATCGCGTTTCGGCAATCATGGCCAGATTGTGCAGGTCCGACTTCATGGCGGCGATATAAGCGCGCCGCTTGGAGTCCCCGAATTTTGCAATGGCTATAGTGGCCAGGACCGCAATAATGACGACCACTGCCAACAACTCAATAATGGTAAATCCCCGGCGTCGGGCGCTCACAACATAGGACATCAGGCGTCTCCGTAGCGCGCCAATTTGCGGTAAAGGGTGGACGGATCAATTCCCAGCATGTCGGCGGCGCGACTCTTGTTTCCTCCCTCATTCTGGAGCACCCACTGAATATACGCGCGCTCGATCGCTTCCAGCGTTGGTGTCACCGGTGTCCGCTCGCTGACCAACGGCTCGGCGCGGCGCGCAGTCACCCGCTCGGGCAGGGCCTCTACGCGGATGGTGTCGCCGGCCGACAGAATCACGGCGCGTTCCAAGGCATTCTCGAGTTCACGCACATTGCCCGGCCAGGCGTAGGCCATCAACGCGTCAAGGGTCTCGTCGGCAAGCACCTTGGGAGCCTCATGACGTGCCAGTGCGGAGCGCGCGAGGAAACTCTCCGCCAACAACGGAATGTCGTCCGTACGTTGCCGCAGGGGTGGCAGGTGCACCGCAATCACATTCAGGCGATAAAAGAGGTCCGCACGGAATGCCCCCCGCTTGATCTCCTCTTCCAGATCGCGGTTGGTGGCGGCAAGCACGCGAGTATTGACGGCGATGGACTCCGTGGCCCCAACCGGGATGACTTCGCGCTGCTGCAGTACCCGCAGCAGTTTCACCTGGGTGGATGGCGTCGTTTCGCCGATTTCGTCCAGGAAGAAGGTGCCATCCGCCGACGCGGCAAAGAGCCCGGTCTTGTCCTTCACGGCACCGGTAAAGGAGCCTTTCACGTGCCCGAACAGTTCACTTTCCAGCAGTGATTCCGGAAGGGCGCCACAGTTGATGGAGAGAAAGCTGTGATCCACGCGCGCACTGAGATCGTGGATATAGCGAGCAATGACTTCCTTACCCGTACCCGATTCACCGGTGATGAGGACCGTGGAATCGGTGGGGGCCACCGTTTCCGCCAGCCGCAGGACCTCGACCCAGCTTTTGCTGCGCCCAATGGGCCGGCTGGCATCGCTCTTGTCGCGGCGGCGGATCTCCTGCTTGAGGGAGTGGTTCTCTACTCGCAACCGCCGGTGTTCGGCGGCACGGCGGAGAATGGCCACCAGTTCGTCGTTCCGAAACGGCTTCTGGATGTAATAGAACGCCCCTTCGTTCACCGCCTGCATGGCCGACTGCAACGTGGCCTGCGCCGTCATCAGAATGACCGGCAGATCAGGATCCACCTGCCGGGCATGGCTCAACAGCTGCACGCCCGTGATGTCGGGCATGCGCACGTCGGTCAGCACGATGTCCGGGCGCAATTCATCAATCTTTTCGATGCCCTGTTTCCCCCCGTGCGCCGTGTACGGGATGAATCCTTCGGTCTTGAGCAGAATGCGGAGCGACTCGAGAATCCCCGATTCGTCGTCAACAATGAGCACGCGGGGCGCGCCCTCGTGTACAGATGCTACGGTCACGCGATGACTCCAGACGGGTTGGAACTGATGGCCGGGGATACGGGCGGCGTAGCCGGCGTTACGGGGAGCACCACGGAGAACCGGGTGCCTTTGGGAAGTCGGTCAACCAGCACGACACCGCGATGCGCTTCCACGGCCCGGTGGACGACGGGGAGCCCCAAGCCGGTGCCCCCGACTTTGCCGCTCACAAATGGTTCGAACAGTCGATCCTTGAGCTCTTCGGGAATGCCAGGACCATCGTCCGTTACGGTGATCGCTACCAGCGCCCCCGTCACCGCGACGGAGGAGCCATCCACGCCTTCCGGCGCTCGGCGATCCACTTCCACAAACACATGTCCCTCGGTGCCCACCGCCTGAATGGCGTTGAGCACGAGGTTGAACACCGCACGGTGCAACAGATCTTCGTCGCCCATGAGTCGGGGCAGGTCGGAGGCAACATCGACCTGGACCTGCACACCAGGACCGCGATCTGGGTGGGCCGCCGCCAGCATGGCCGCCGTATGCGTCAACGCTCCCACATCCAGCGACTCAAGCCGCATGACCCGCGTACGGGCAAAGTCCAGAAAATCGGCCAAGAGGCGACTCAAACGATCGGCTTCCCGTACGATGAGGCCGTGCAGGATCGCTTCGTCGTCGTCTTCCCCAGCAGGTGCCGGGGCGTACCGACGGGCCAGCTGTTCGGTGGCGCTGCGAATGGACGCCAGCGGATTGCGGATCTCGTGAGCCAGTGACGCGCTGAGTTCCGCCACCGCCTGGAGCCGTTCCGCCCGGATATGCAGCGCCTGAATGCGCTTGCTGTCGGAAATGTCCTGAAAGATCGCCGTGGCGGTGACGCTGCCATCTGGTCGCGTACCATCGGCAACGGTCGTCGTCACGCCAATCTCGAACTCCTCGCCATTGCGTCGGATGATCCCTTCGGCACGCGTGGTACGGATGCCGTCACGGGCGCTGCGCTCTAACAGGTCTGCCAGTTGCGGGGAGACCTGAATCAGCGTGGGCAGCAGCGGCTTACCGGTAAATGCTCGCAGTTCGAGCCCCAGCAACTCCGTGGCCGCCGGATTGGCGTACAGCAGGCGCCCTTGCGCATCAACGGTCAGAATGCCCGAACGAATGGTCCGGAGGATCTCCGCTGCCTCCAACTGCACTTTGACCAGTTGGGCAGCCAGTGCCTCGCGCCCGGTGCCAGCCTGACGCAGCCGCAGGGCCAGATAGCCGGATCCTACCGCGACCACGGCAAAAACGGAGAGCTGCACCCCGACCCCAGCAAATGGGGTGCCTGTCCCAGGGCGTAGCCAGAGGACATCCAGCGAGTACAGCACGCACGCCGAGGCTGCCACAACAAGCCCGCCCCGGAAGGGGAGGAGGAGCGAGGCGCTGGCAATCACCAGGA
NZ_CP011454.1_gap68	3057897	3060252	2355	CTGCGGTGCGTCGGCCGAACGTATCGCGCGCAACGATGGGACGGCGGCAGTAGCGATGGGACAGGACACCGTGGGGCCAGCCGCCCCCGACGGCGCACCGGCGAGTGCCTTTCCTGAGCCGAAGCGCGACGTGGCGGACATTGTCGCGCCACGATGGACCGATGAAGATGCCCGGGATGATGCCGGCGAATTCAACACGGTGGTCAAGCTGGCCGGTATTCGTGCCGGTCAGGCGGTGGCCGATATAGGCGCCGGCGACGGCTACTACGTAGCGCGACTGTCGCCACTGGTTGGTGCGAGCGGCGTGGTGTACGGACAGGATATCGTGCCGGACTACCTGGGCTTGCTGCAGCGCCGGGTGCGTCGCGACGGTTTGCGAAACGTGCGCGTGGTGCTGGGCGAGGCGCACGATCCGCGCCTGCCGGCCGGCAGCGTGGACGTTGCCATCATGATTCATATGTACCACGAGATTACGCAGCCCTTTGCGTTGCTCTGGAACCTCGCCACGGCCATGCGCCCCGGTGGCACACTGGTCATACTCGACCTTGAGCGTCCCACGTTCGGACACGGGACGCCGCCTTCGTTGCTTCGCTGTGAACTGGAGCGGGTCGGCTACACGCAACTCACATTCACCCGGACGGGCCCGGAAGAATACGTTGCCATCTACTCAGCGCCCGACAGTTCAGCACGCCCCACGCCTGCCGCGCTGTCGGCGTCGCTGGCGGACACCCCGTGTCGCACGTCATGACTGCGTCCGACGAAGTGCTGGAGGTTGCTCCGGGAGTACAGATCCCCTTGGCGGAGCTACAGATCACGGCGATTTCGGGTGGCGGCCCGGGCGGTCAGCACGTGAACAAGAGCGCCACGCGCATTGCCGTGCAGTGGAACCTGCGCACCACGCGCGCCTTGCGTGATGATCAGCGGGCGTGGGTCCTCGACAAGCTGTCGTCGCGACTGGATACCGACGGCGCGCTCCGGATTGTGGCCGGCGAATACCGGAGCCAGCAGCAGAACCGCCGGGCCGCACTGGAGCGACTGCAGCAACTGGTGGCCCGCGCCCTCATTGTGCCACGGGCGCGGAAGGCCACCAGACCAACGCGTGGTTCCGTTCTGGATCGACTGACGTCAAAGAAACAGCGATCGGCAACCAAACAGCAGCGGCGCCGGCCTCAGGACGACTGATCCGCCTCTCGTCTCAGAACGCGATGAAGTTGACGCCAATGTAGTACGTGATGAAATCGGCGCGCCCGCGGACCGGCACGGGGGTGGCATTGCTTTCGTAGGCCTGCTTCACGCGATCCGCCGTCAGGTAGCGGACGTCATCATGGCGCAGGAATCGCGCCCCGAGGTCCAGCCGTACGGGGGTATTGCCATTGGATACCCTGAAATAGCCACCCACGGCACCGCCGTACGCCCAGACGGCGTCGCTGGAATTGGTGGTGCTGGCAAACGGATCGGCATTCTGCGAGCCCTCAACCGAGCTCTCCGTCCAGAAGACCGAGAAGCCACCGAGAGCTGTGGCATACGGGGTGAACACCCCGGTGGGACCGAGCAACTGCGGGCCCACCACCACGGTGGCAATATTGCTGGTGGTCCGCAGGTCGAGCTGAATGAGCCCACCAGTTCCGGCCAACGGAATACGCCGCCGGTTGTTGGCGTACGAGATGAACGAGAAATCGCCCCGCAGGTTGAGGATCTTATTGTCGTCGAGGGCGCCGAGGATATACCCCCCCAGCCCGAAGCCATTGTTGGTATTGGCGGCGAAGTCCCCTTTGGGCTCGGTCACCTGGAGATGAATGCCAACCGACCCCCGACCGGACGGGCGATTCACGGGACCGGCATCCTGGGCCACGAGGGCCGCAGGAAGACTCATGACGGTTGCCGCCGCAGCGGCCAGCAGAAGTGAAGTACGCATACTGAGCTATACGCCGTAGCTCCCGGAAGGTGTCACCGCTATTGTCTCCAGTACGTCGCGGCAAGCTTAGCGGGCGGGCACCTTGAATCCCGACCGAAGTCTTCGTATTTGTTCGGCTTATGCTCAGGAACCTGTCGCGCCCGTTGTTCTGGGGAATCGTGCTCGCCATTGGCGTGCTCGTCGCGGCGTGGCGTCCCCTGGAGGCCCAGGGAGAAACGCGGTCCGGGCAGGTGCAACTCCAGGCCGCGGTGCTGGTCCCGCTGGTACTGCCCGGAGAAGCCCCGGCGACGCTGAGCTCATGGCAGCACACCGACCACTGCCCGGCCCATCTCTCCGCCCTGGGAGCCCGTCATCATCGCGGGCCGTCGTGGCATCGTGGCACCGGGCGTCGCTCGCAGCGCGGATGCAGCGACCTGCTATTGTCACCATCCCGTGCGGGA
NZ_CP011454.1_gap69	3065468	3069434	3966	CCTGGTGCTGGACGAGGCCGGCAAGCTGGCGGCGCTCGAGGGGAAGGTTGCGGCGGCCCGGGGGGCTCTGGCATTGGCAACCGGCGACCGAACGCTCCTGACAATTCCGCGCTAAGTTTATCCGTATGGCTGACAAGTATTTTGACGAAGACCCCGAGTTCTCCGGCGAACTCGATGAAGACTTCAACGACGACGCGTTACTCGATGACGACGAGGATGACGAGGCGGACGGCGACGGCGTGGCCGATCTGTCCGGCCTCGTCCACTGTCCGTATTGTGGCGAGTCGGTAGAGATCTCCCTCGACCCCGGATCCGGGGCCAACCAACAGTACATCGAAGACTGTCAGGTGTGCTGCCGACCGTGGCTGGTGTCGGTGAGCTATGACGAGGATGGGACGGCCCATGTCTTTGTGGACGCCAGCGACGACCACGATAGCGATGACTGATCCGCGCACTCCTACGGCAGACGACGTACGCCGTCTGCTTGGAGAGGCGCTCCGTCGTCCGGCCCAGGAAGGCGCACGGCTGATGGCGCTGCACTGGCTGCACCAACTGGTGGCGGCGCGGGAGTTGTGGGAGGCCTCGCAACGGAATCCGGCGAGCGATGTGCGCGGACGTGAGGTTGAGACGCGCGACGTAACCAGCGACGCTCTGCACAAGGCGCGCGTGGCGTTGCGTCGTTTGCGCGCAACCTTGCGTGAGAACGACCGCGTGCTGGATGGCGCGGTGGATCGACGGTTGTTGCGGGCGCTCAGCCGCCTGGGCCAGGCCACCAATGCTGTACGTGATGCCGATGTGCAGCGCGCGTGGCTGGAAACCGAGGAAGAGCGGCTTCCTGAAGGCGCGCGTGACGAAGCGCGGCGCCTGCGGGCGTGGCTGGACGAGCGTACATCGCACGCCACCGAAGATGTGGGCGGCGCGTTTGCCGCCTATCTCGATCCCATCGAAGATCGGTTGTTTGCCCGGCTCGGCAGCTATCAGCTGCAGCGACGTGTGGGTGTGGAATCCACCCCCATGCCGTTCGCGCGACACCTCGCCACGCGCGTTGGGCGCGCCGAGAACCGCCTGCGGCGGGACATTGGACGCATCACGGATGTCTCGTCGCAGGACGCGATGCACGGCGTGCGTATTCGCCTCAAGCGTCAGCGAGCCTTGCTTGCGCCGTTTGCCCGCTCACGCCCGGCCATTGGGGCCTGGTTTGATCTGGCCACGCGAGGGCAGGATGTGCTGGGAGCCATTCGGGACGCCGACCTGCTGGCGCGCCGCGCCCGAAAGGCCGGATTGCACGTGCTCGGTCAGGCCCTTGCGGACAATGTGCTCGCGCACTTTGCCGTGTTTCAGCAGGACTGGTGTGAACGACTGGATGACGTAATGCGCACCATGGAGGCGGCGGTCAACAGTCTGCGGGGCGAAGGGATGCCCATGTCGTCCAACGGCCTGCCCATGGAGATTGAACGCAAGTTTCTATTGCGCAGCTGTCCGCCGGCGGCCCGCACCGTCCCCCCTATACGCATTGAACAGGGGTGGATCCCGGGACAGGCACTACGCGAACGGTTGCGCCGTAGCACAGCGCCCGATGGCAGTGTGACCTGCTGGCGAACGGTAAAGCTGGGGCCTGCCGAGGCACGGGTCGAGGTGGAAGAGGTTACGCCTCCGGAGATCTTTGATGCCATGTGGGGAATCACGCGGAGCGCTCGAGTACGCAAGGATCGTTATGTGGTGCCTCACGGTGCGCACACCTGGGAGATCGACGTTTTCCTCGACCGGGACCTCGTGCTCGCCGAAGTGGAGCTTGGTGATGTGCACGAAGCCATCACGTTGCCACCGTGGCTCGCCCCGTATCTGGAGCGCGATGTGACAGGCGAACCGGCCTACTTCAATGCAGTCCTCGCCCGCCCCGAGTCATAACGTGAGTATGCTCGTTTCACTGGCGCCATTGCGCGATCGCCGCGAACGCGTGGTGGGGTATGCGGTGAGCGCGCACCCTGAAGCGGTTCGCGGAGAAGTGCTGGGGCCGGACGAAGAAGCGCGCCAGACGGTGGACATGGTGCCGCAACTGAGTCGCATGGTGGGACGCAGCCTCGTGGTGCCGGTCACCCCCGCCGTGGTGCGCGAAGGGGCGATCACTCGCTTTGCCTCGGTGGATGCCGTCTGGCTGGTGGCCACGGAGGCGCTGGACGACCCCGTCACCCGACGCGCTGTTGACCGGTTGATCGGAGCGGGGTTCCACTTTGCTCTGCATGGATATCCGGAAGGCGAACCGCTCCCGCCGTCATTGGCAGGCAGCATCATTGTCCTCGATGCGGCACGGACAGCGCCAGCCGCACTGGAAGGCCGCATTCGGTCGCTGACTGCCGCCGGGCTCCGGCCTTTGGTGCGGGGCGTTGACGATCGCGTCACCCGTCAGCGTGTGCTGGCTGCCGGCGTGCCGATGATTGCAGGAAGACAGCTCACTCGCGGCGCGGCCGTGGCGCCCGATCGCACCACGGAAGACAGCATCCTGCGCGCCATCACGATGCTGGCTGCCTTCAGTGACGGACGGCCCCCCGATGCCGCCTTCGATGCGTTTGTCCGCGACGACCCGCATGTGGCCGCGTCGCTGCTGAAGGCCATGGCCTCGGCCGCCCTCGGCGTGCGCGGGCCGCGCAGCGTCTCCCACGCACTGACGATGCTGGGGCGTGATGCCATTATCGAACGGCTGGTGGCCGTAACGGCACGGCTCATTGGCGAAGCCGCACAGGATCAGGAGTTGGGATTTGCGGCACTGCGGCGGGCCCGCCTGTGCGAGCGCATTGGCACGGCCCTCGATACTGCGCCGCATCCGCGAGCGCGGGTCGTGGCCGGTTTGCTCTCCACGCTGGAATTTGCGCTCGCCAGCCCCGCCCCCGTGCTGGCCCAGCGCATGGCCCTGCCGCCGCAATTGCGCGACGTGCTGGATGGACGGGCGCAGCCCCTGGGGCAGTTGCTGGATGTAGTAGACGCCATGGAGTATGGCTGGTGGGATGACATGACCGCCCGCTGCCAGCGCCTGAGCATTCGCCCCCGCGTGGTGGCGGATGCATGGCTGGACAGCTGGAAAATGGCGCGCGATGAACTCGGGCTGGCCCGTCCAGACTTCACCTAGCGAAACAGACGGGAACAGCGGGTACATTTGGGCATGCCACAATCCGCCCGTGAATATCTGAGGCACCGCTTTCGCGGTGATGCCGACGCGCTCCGCGAGCGCGTGACGGCGATGCAGCGCGGCAGCAAGCTGCCAGGCCCCGACGCCGCCACGTCACGAAAAATGGCCGATGCCTGTGAGGATGTGGTGACGATGCTGGACAGCGTTGCCGCGCACGAGGACGCAGCTGCTGAACTGGTGGGGATCGTGGCGCTGGTGCCGCAACTGGAACAGAAGGCACGCGATACGGCCACGTTGCCGCCGGTACGGGCGGTGTACGCAGGAGCGGCGACACGCATTCGCGAAGTGCAGGATGCCGAGGCGACGGCTAGCCACGCCGACGATGCGCCTGACGCGGACGACGATGCGTTGGGTGAGGAAAGCGAGGACGACTTCGACGGCGACGCGGACGACTTCATTGATGATGATGACCTCGCGGACTGACGAGGACGCCCCCGGCAAGGTCCGCGTAGACAAGTGGCTCTGGGCTGCGCGCTTCTTCAAGACGCGCGCGTTGGCGGCCGAGGCGATTGACGGCGGCAAGGTTGATGTGAACGGCGATCGTGCGAAGCGCGCCAAACAGCTCCAGGTGGGCGACGAGGTTCGGCTGCGGCAGGGGCCGGTGGAATGGGTCGTGATTGTGCGCGACGTGCAGGGGCGTCGCGGGTCGGCCGAGATTGCGCGTGGGCTGTACGACGAAACCGACGAAGGACGTCGGAAACGCGAAATCGTGACGGAACAGCTGAAGTCGATGCCAACGGCCTTCTCACATGGTGACAGCAAGCCCGGCAAACGGGATCGTC
NZ_CP011454.1_gap70	3071888	3075893	4005	CGGTGATTGACGCGGGCACCAAAGCCCTGGGTCGCGAGCCGTTGCGAGCTGAGGGTGACGGCTACGGTGCATTGCTTGATCATCCGGAGGTGGTGGTGTCACGCCTGTCGGAAGAGCATGGCATTCTCGATCTGTCACAGACGTCGTGGCGTCCGCGCCTGGGAGATCAGGTTCGGGTGATCCCCAACCACGTGTGCATCGTGGTGCATCTCTTCGACGAGATCTTCGGCGTGCGTGGACATGCGGTGGAAACTCGCTGGCCCGTGGCCGCGCGTGGACGCGCCTCGAATCTCGAACTTGAAACGGCTCCCAATCGGCCGCGCGCCGTGTAGTCAGCGCACGGCGCGCGTCAGTCGCGTGCAATGGGGGCGAGAATGCCGCGGGTGAGCATCAGCAGATCGTCGGCGTGCAACGCGAGCTCCAGCCCGCGACGTCCGGCGCTGACGTGAATGCGCTCGTACAGAATGGCGGTCTCGTCGAGCACCACCGGCAGGGGACGCTTTTGTGCCAGGGGACTGATGCCGCCCACGATGTATCCGGTGGCCCGTTCGGCGGCCTGCTGGTCAGCCATGGTCGTGCGTCGCCCCCCCAGGGCATCGGCCATGGCCTTGAGATTGAGCATCCCGCTCACCGGTACCACGGCGCAGGCGAGCCCCACCCCGTCCACGTCAACGACGAGCGTTTTGAACACGCTGGACGGATCAAGTTCGAGGGCGTCGGCCGCCTCGAGCCCGTAGGAGGCCGCCTTGGGGTCGTGCACATAGCTGAGGACGTCGTGCGGGACGCCGGCTTTTTTGACGAGCAGAATGGCGGGGGTCACGGCAACACTATGCCACGGGGACTTAGTTTTCCGCCATGACTCCGCCGCGCCGAATTCTGCTCGTGGATGCCGACGCATTCTTTGTGGCGGTCGCTCGGCAGGAAGACCCTGAAGGGGCGGGCAAGGCCCGGTTGCTCATTGTTGGCGGACGACCGGGCTCACGCGGGGTGGTGTGCAGCGCCTCGTACGAATGCCGCACCTTTGGCGTCCGCTCCGCCATGCCGATTTCCCGGGCACTCAAGCTGTGTCCCGACGCGATGTGCGTGCCGGTGCCCCGTGGGGCCTGCAGCGCACGCAGCCGGGAAATTCAGGCCGTCCTGGCCCGCTTCGCCCCGGTGGTGCAAGCCTCGAGCATCGACGAGTGGTACTGCGATCTTGGGGGCACCGAGGCGCTGTACGGGCACGAACCGCTGCGGGCCACGGCTCACCGCATTCGGGATGCGGTGTTCGAGGCGACCGGCCTGCGGGTGTCGATAGGCGGCGGTACCTCGCGACTGGTGGCAAAGATGGCGGTGGAAGTCGCCAAACCCAAACCCGGTACGACGGCTGACGGGGTGCACTGTGTGGCGGCGGGAGGGGAAGCCGCGTTCCTCTCCACCTTTCGCCTGGCCGACTTGCCCATGGTGGGCCCCAAGCTTTCCGAAAAGCTGGAGCGCATGGGGCTCGTGCATGTCCGGGAGGCGCAGGCATGGAGCGAAGCCGCGCTCGTAAGCCGCCTGGGCGATCGCGCCGGCCCCTGGCTCGCGCGGCGCGTACAGGGGGTGGACGACAGTCTGGTCACCCCTCGTGAGCGCCAAAAGCAGGTGAGTCGTGAGGATACATTTGCCCATGATCTCAATGACGACGGGGTGATTGAGCGCGAACTGCTCCGGTTGGCCGTCCGGGTCAGCGCCGATCTCCGTCTGCAGGCGCTGCGCGCCCGCACCGTGACCGTCAAAATCAAAGACACGGATTTCCGCACCCGGTCGGCCCAGCGAACCCTCTCAGGCTACATCGAGTCGGAGAAGTCGGTGCTGAAAGCCGCCAGGCCGCTGCTGCGGCAGCTCCGGGGGAAGCGCCGGGTCCCCGTGCGCCTTTTGGGCATTGCCCTGTCGCACTTTGACGATGAACCGGAAGCAGCCCCCCTGCCCGCCGCCCAGCTTGGACTCTTCGCCCCGCCGCCCCCGGCCCCGGAATCGGCACCGGGGGACGCGGACCCGGACGAGTCCCCGCGCGACCGGGCCCTGACTCGGGCACTGGATCGCATCCGGAACCGTTATGGCTCTGGGTCAATTCTTCCTGCTCGGCTGGTGGCACCCGGAGACGATACCGGGCCAAGGGTGGAAGAATAAGCCCGGTCCCACTAGGTTCCCCCGCGGTGCGGCAAACGCGTTTCTTTCGCCGCGAGCCGGCCGTATCGCCGACCGATATTTCTTTCTGCTCAGGGTGTCTTCATGAGTGCTCAGCAGTACGATCCGAACAAGTTGGGCTGGGGCGCGGCCATCGTGACCGTTGCCATGACGGCAGCGTTGGGCTTTGGCGCGTACACGATCCACAACAACACGTATCGCCACCCGCGCGATCCGATGGCCCAGCAGGTCTACTTCGAGCGCGATGAAGCCAAGCAGTCGGGTGCCGAGGAGCACGGCCCGGCTGCCGCTGGTGATCACGGCGCCGCCGACGCGGAGCACAAGGAAGCCGCTCCGGCAGCCGGTGGTGCCGCCGCGCCTGCGGCCGAGAAGCACTAAGCCCGCCCGCTGACGCGCAGGCGTCACGCACAGAGGAGCCGCGATCAGACGATCGCGGTTTTTTTGTATCCGGCGCTTTCATTTGTTTGCTCAATGTTTTCGCTCATTACATTCAATTTGTTTATAGCATTGAGATTGTCGATGTTGCGGTCATGATTGAGACGCTCAAGGCCAACCTGCTTTCGCCGATCCCGCTCGCGTTCGCGCTCGGGATCGTGACCCGCCTCATGCGCAGTGAGTTCTCGCTGCCGAAGGACGTGTATAGTGCCCTTTCCATTTACCTCCTGTTTGCGCTTGGCCTGAAGGGCGGGGTGGAACTCGCCCACGCGTCCTTCGACAGCATCGTTGCGCCCGCTGGCGTAACGCTCCTCCTCGGCTGCATTACGCCGCTCAGCACCTATGCGGTCATGCGCTACGTGGGACGCTTCGGCACATCGGACGCCGCCGGTATGGCGGCGCACTACGGATCGGTCAGCGCAGTGACCTTCATTGCTGCGCAACAGTTCATGCAACGCGTTGGCGCACCCGCCGAAGGGTTCATGCCCACGTTGCTCACCCTGCTCGAAAGTCCGGGTATTCACATTGCGCTCGCCATTGGCGCCATCCAGCGCAACAAACAACTGCTGGCCCTGGGCGGTGACAAGAACGCCCACGGCTCCGTGCGTGAGGTCCTTCACGAGGTCCTGACGGGGCGCACCATGGTCCTGCTGGTCGGTGGGCTCGTGGTTGGCTATTTCATGGGTGAATCCGGCTGGAACGCGGTTTCGCCATTCTTCGAGAGTGGCTTCAAGGGCGCGCTCATGCTCTTCCTGTTGGAGATGGGGATCGTGGCCGGTGATCGACTGGGTGACCTGAAGAAGGTGGGCCCGTTCCTCCTCGCCTTCGGGATTGTCATGCCACTGCTGCACGGCGCCATCGGTGTCATCCTCGGCGCATGGGCGGGCCTTTCTCCGGGTGGTGCCGCCGTCCTGGGGACCATGGCCGCCAGCGCGAGTTACATCGCCGCGCCCCCCGCGGTGCGCCTCACGCTCCCGGAAGCCAATCCGACGTACTCGCTGACGGCTGCACTCGCCATCACCTTTCCATTCAACATCCTCGCCGGCATTCCGATCTACTACAGCATCGCTCAGGCGATCGCGACGTAGCCCTCCACGATTTCACCATTATGCTCACGCATTCGTTCAAGCTGGTTACGATCATTGCCGAGCCGGTGCTCGAGCCGCGCATCACCACCGAGCTGCGTCGCCTGGGCGCGACCGGCTTCACGGTGGTGGAGGGGCGCGGCCAGGGATCGCGGGCCCTGCACGCGGCGGAAATTCCCGGGATCAACGTCCGCATCGAAACGATCGTCCCGCCCGAGGTGGCCGATCGCATCGTTGAATACATCTCCAAACAGTACTTCGCGGATTACGAAGTCATCGCCTATCTCTCGGATGTGCAGGTTGTCCGTGGCGAAAA
NZ_CP011454.1_gap71	3078784	3083441	4657	CCGGTGGCGTGGCGAACATTTCGCGGGATGTTGCGCGGCCAGTTCGCAGCGGATGTCGTGGCCATGCTCGCGATCGTTGGTGCGCTGTTGCTGGAGCAACCATTGGCGGGGCTGGTGGTCGTGCTCATGCAAACAGGTGGGGAGGCACTCGACGCGTATGCCGTAGCGCGGGCCTCCAATGCGGTCGAGGCGCTGGAGGCGGACGCACCAACCACGGCGCATCGCGTGGTCGAGGGCCGAGTGACGGACATTGCGGCCGCCATGATCGTTCCGGGTGATGCGTTGCTCATTCGGCCCGGCGAACTGGTGCCGGCCGATGGTGTGGTCATTGATGGGACCTCCCATGTGGATACGTCACGACTGACCGGCGAGCCCGTTCCGGTTCGTGTTGCCGCCGGCGCGCGGTTGTTTTCCGGCAGCATCAATCAGGACGGCGCGATTACGCTGCGCGCCGAACGGCGGTCGCAGGAGAGCCAATACGCGAAGATTGTGGATCTTGTGCGGTCGGCGCAGGCATCCAAGAGTCCGCTGCAGCGCACGGCTGATGTGTGGGCCGTGTGGTTTACGCCGCTCACGCTGGTGGCATGTGGTGTGGCGTGGCTGGTCTCACACGACTGGTCGCGCGTGTTGGCCGTTTTGGTGGTCGCTACACCCTGTCCGCTCATTCTGGCCGCACCGGTGGCCATCATTGGGGGCATCAATCGCGCTGCCAAGCGTGGCATCATTGTCCGTCATGGTGGTGCATTGGAAGGGCTCGCCAAGGTAGATACGGCCGTGTTCGATAAAACCGGAACGCTGACCGTTGGCAAACCGCGCATTGCGCACATTGTGGTGGAACACAACGGGGCTGTGCTTGACCTGCTGGGAAAAGCAGCCGCCGTGGAACAAGGATCAGGACATTTGCTGGCCCGCGTCATTGTCGCGGAGGCGGAGGAGCGTGGCGCGCCACTCATGAACGCGACGGAGCTGCAGGAATCGGCGGGGCGTGGTATCCGGGGCCGCGTGCAGGGCGAGACTGTTTTTGTCGGGGCGCCCGACTATGTGCGGGAGGCGCTGCTGGAGTTGTCACCAGTGACCGCCGGTGTGCTGTCGCGCATGGAGCATGACGGCACAGGATTACGTGCGTATGTCGGGACGGACGGTGGCGCGGTGGCCCGCATTGAGTTTGCCGATCAGTTACGTCCGGAGTTGGCGCCCATGTTTGCGGAACTCCGTGCCCTGGGCATTGCCGATCTGCATCTGCTCTCCGGTGACAAGGCCGACAATGTACGCACCATTGCCGAAGCCGTGGGCATCACGCAGTACGCTGGCGACTTGAAGGCGCAGGACAAGGTGACGCGTGTGACCGCGCTGGAAAAGGCCGGCCGCACGGTAATGATGGTGGGTGACGGCACCAACGATGCGCCGTCATTATCCACCGCAACCGTGGGAGTGGCGCTGGCGGGGCACGGCGGCGGTGTTGTTGCGGAAGCAGCCGATGTGGTGCTGCTGGTTGACGATCCATCGCGCATTCCCGAAGCCGTGCGCATTGGCCGTCGGTCGCTGCGCATTGCGCGGCAATCGATTGGTGTTGGGTTGGGACTTTCCTTGGTTGGGATGGCCTTTGCCGCCGCCGGGCAGCTCACGCCAGTAGCCGGCGCCATCATTCAGGAAGCCATCGATGTTGCCGTGATCCTGAATGCGTTGCGGGCCGCGCGCGCCTGACTGACGCGCGCGAGTGCATGATGCGGGTGCGCATGGTGTGACACGGGACACGCGATTCGTCGCGCCCGCATGATATTCCAATCAGAATCATTACACTGGTGGCACACGTCACCAGAAATGCCCTCTGGCTGTGTTGCGTGCTGTCACGAAACCCCGTCAAGCAAGTGAATGCGGACTGCGAAGCAGCGGAACGCATCACGGCTTTTGCAGATGGGTTGCTACTATGCGTTCGTTCTTCCGTCCTGCTGTTGTTGTATCGCTGGTCATGGGTTCACTGACCGCGTGTACGGATAGTCCTCCCGCCGTGACCGCACCGGACGTGGAGCTGGCCTCACAGGCCATCGCAGCCGCCTCGAGCAACTCGGCGGTCGATGTCATTGTCACCTTTGACGACAGCGAAGGCGATCCCGTTGGCCGCGCGCGCGCGTTGATGAATCAAGTGGGCGGCACGCCCCGCTTTACCTACAGTCATGCACTCAAGGGGTTTGCTGCGCGTATGTCGCCGCAGGCGTTGGAGAACATCAAGCGCGCCAAAGGGATCAAGCACATTGAACTGGATGCGCAAGCGAAGGGCATGACCACCGTCGTTGCGCGCTCGTGGGGGCAGGACCGGTTGGACCAGCGGGTGCTGCCGCTCGACAAGAGCTACAGCTTTACCGCCAACGGCACCGGCGTGCGCGTCTACATTCTCGACACGGGCATTCTGCCCACGCACCAGGAATTCAGCGGGCGGTTGTTGCCCGGCTTCTCGGCGTTTGGGGACAACAACACCAGCGATTGCCACGGCCACGGGACGCACGTCGCCGGCACGGCAGCGGGCGCCACGGTGGGCGTGGCCCCCGGGGCGCAGGTGGTGCCGGTGCGCGTGCTCGATTGCACCGCCTACGGATCGTGGAGCGGCATCATTGCCGGCATTGACTGGGTGACCAGCCAGAAGAACAACAACAAGAGCATCCCCATGGTCGCCAACATGAGCATTGGCGGTGGCGTGAGCAGCTCGGTGAACGATGCCGTGACGCGCTCCATTCTGGCCGGGGTGGTCTATGCGGTGTCGGCTGGCAACAAGAACGTGGATGCCTGCACGCAGTCGCCGGCGGCCACCCCCAATGCGCTCACGGTGGGCGGTACCGAGAGCACCGATGCCAAAGCCAGCTGGAGCAATTGGGGCAAGTGCGTGGACCTCTTTGCGCCGGGGGGCAACATCTACTCGGCGTACTACACCGGCAGCGCCAACTATGCCGCCATGAGTGGCACCTCCATGGCCTCGCCGCATGTGGCCGGCGTGGCGGCGCTCATTCTGAGCACTTATCCCGCGTATACGCCGTTGCAGGTGCGCAGCTCGATGGTGAATGGCGCCACGGCCAACGTGGTCACGGGGGCCGGGACCGGGTCGCCCAATGTGTTGCTGTCGTCGCTCTTTGGGGTGAGCACCGTGCCAACGGATACGGTGACCACAACGCCAAAGGACACCACCACCACAGTGACTCCCGCGCCTCTGGCTACGCCCACTTTGTCGGTGAGCCGTCAGGTGACGAAGAACAGCAATACGGCGCGGTTGTCGTGGGGAAGTGTGACGGGGAGCAGCGCCGAGATTTGGCGGAACGGGGCGAAGTATCTGGTAACGGCCAATGACGGCAGCCAGAACGACAGCAAACTGGCGCGCGGGAGCTACAGCTACAAAGTGTGCAACGTGGGTGGCACGGTCTGTTCCCCAGCTGTGACGGTCACCTTCTAACCGAACGTCACCACGACGGCCAAAGTGTGACACAGCGCACGTCATTCTCCGGTGAGAATGGCGTGCGCTTCATGATGTGTTACAGCTTTGGCAACGTTCTGTCCACACGGCAAAACGGTCGTGGCGATTGGTGACCCATGCCCGTCTTGAAGGCGAATGCAGGCCGCATCCAGCGGCTGCACCTCGCCCTTCATGACGGGTACCCGATGCGCTCTTCCCTTCGTTCAGTCGCTTTGGCCACGCTGGCTGCCATGTCGCTCGTCGCATGTGCGGACGACCGCTCACCCATTACGGCTCCCGAAGCCGAAGTGATTGGCCTGCCGTCGGCGGCCGCGGCGTCAGACAATGGTGCGGTGGATGTGATTGTGACCTTTGAAGACAGCGAAGGCGACCCCACGGGTCGCGCGCGCGCCCTCATGAATCAACTGGGCGGCAATTCGAAGCACACGTACACCCATGCGCTGAAGGGGTTCTCGGCGCGCATGTCTCCCAAGGCGCTGGAGAATCTCAAGCGCGCCAAGGGGATCAAGCGTATTGAAATGGATGGGCAGGCGAAGGGCATGGGTACCATGGCCGCGCGCTCGTGGGGGCAGGACCGGTTGGACCAGCGGGTGCTGCCGCTCGACAAGAGCTACAGCTTTACTGCCAACGGCAGCGGCGTGCGCGTCTACATTCTCGACACGGGCATTCTGCCCACGCACCAGGAATTCAGCGGGCGGTTGTTGCCCGGCTTCTCGGCGTTTGGCGACAACAACACCAGCGATTGCCACGGCCACGGGACGCACGTCGCCGGCACGGCAGCGGGCGCCACGGTGGGCGTGGCCCCCGGGGCGCAGGTGGTGCCGGTGCGCGTGCTCGATTGCACCGCCTACGGATCGTGGAGCGGCATCATTGCCGGCATTGACTGGGTGACTAGCCAGAAGAACAACAACAAGAGCATCCCCATGGTCGCCAACATGAGCATTGGCGGTGGCGTGAGCAGCTCGGTGAACGATGCCGTGACGCGCTCCATTCAGGCCGGGGTGGTCTATGCGGTGTCGGCTGGCAACAAGAACGTGGATGCCTGTACGCAGTCGCCGGCGGCCACGCCCAATGCGCTCACGGTGGGCGGTACCGAGAGCACCGATGCGAAGGCCAGCTGGAGTAACTGGGGCAAGTGCGTGGACCTCTTTGCGCCGGGGGGCAACATCTACTCGGCGTACTACACCGGCAGCGCCA
NZ_CP011454.1_gap72	3084872	3087203	2331	GAGCGATAGCCACAAGCCTGGAGGCAAGGCTGCCACACGCAAAAAGCCCCGCCGTCGAAAATCGACGGCGGGGCTTTTGTTGATTCAGGAGCGAATCAGGCGTTCTTGCGACGACGGCGCGAGACGAAGCCGAGTCCGAGCAGGCCAGCCGCCATCAGGGCGTAGGTCGAAGGCTCGGGGACGACCACGCATGGGCCTGCTCCGCACTGACCATCACCGCCGCCGCACTCCGGAAGCTGCGAGCCAGGCTGACAAACCGTCGTCTTATAGACGGCGACGTTGGAGAAACCACCGCGCCACGACTCATTTAGCAGCAACGTCGAAACGTTGAGGTTGTTGAATTTGAAGAAGACAGTGCCGTATCCGTTGCCGTTTCCGAAAAGCGTCTTGAAGTTCTCGTTTCCGCCGCCCCAGTGAATCCCGATGACAGTTTCACCCGCGAGCGGAATGATTCCCGTGATCAGTCCATTTGCGCCAAGGGCGCTTGCTGACTGCACCAAGTTCGGAAGATAATCAGGAGCCGGATAACCCAACTGAATCATCGCCGACTTAAAGTCGTCGGTCGGATTGCCAGAGTTGTTGTCGTTGCCGCCCCAAATTCCTGAGCAGCTAGAAAACGCGGCGTTCGAGAAAAACGGCGCAGCAGCCCAATTGTACGACCCGCTGAAGCCATCGTTGATCATCTGACACGACGGACTGGACGGGTTCAGCACTGAAAAAGGCGCCGCCGGTGGCGGATCGGCTTTCACAGCTGACAGCGGGATCGTCACGGCCGCCAAGAGCGCAACAAGGGTTTTCTTCATAGTCAGGAACCCACGGTGGTGGTAATTGGGTGTTCGGTTCTCTCCACAACATAGATATCAATATGCGTGCCGAGAACACCTTGCGGCCGTGGCAAATCCCAATGCCACGACCGCCGCATAAACTATTGAAAAACAACATCTTACATTCATAATGCTGTCATCATGAAGTCAACTACATAGTTGAGCGCACCCGCCTGTCGCACATCTGCAACACTGTGTATGCTCCCTGCCCCAGCACCTGTCTGAACCGACCTGGCGAACGGCCGGAAAACAACACGGGCCCGACGCTCGCCGGGCCCGCTTGCCTCCTCCACATCGCCCGCCAAGCGGGCCGTACCCGAACCGCCTACGCGGTACGCTGCAGCAGACTCTCCGCCACACACACCCGCTCCCGGCCGTTTTGCTTGGCCTTGTAGAGCGCCTTGTCCGACCGCGCCACCCACTCCTCCACCTCCTCGTGGATCTCGAGCTGCGCCACCCCCACCGACGCCCCCACCGAGAACTCCATGCTGGGGTGCGGCGCGGGCATCATGCTTAGCTGCTCCTGCAACCGCTTCGCCAACGTCTGCGCCATCTTCCAGTCGGTGTTGTGCAGAATGGCCGCAAACTCGTCGCCCCCCAACCGGCACAGCACGTCGCTCTGACGCAGGAAGGTCTTGCCCAGCGCCTTGCCCAGGTTCTGGATGGCTACGTCGCCCGACTGATGGCCGTACATGTCGTTCACCATCTTGAGCTTGTCCATGTCGATCATGAGCAGCACCACGGGCTGACGGCCCAGTGAGAACATCTGCAGCGCCCGCTGCGCCATGACGTCGAACAGCTTGCGGTTCCCCAGCCCCGTCAACACGTCGGTCGTACTCTCGCGACGCGCTTCCTCCAGCTGCTTGCCCAGACGGTCCAGCTTGCCGGCGAGGGTGACGTACTGCTCCTGCTGCTGCTCGCGCCGCACTTGCAGCGCCCCTTCAATGGCCAGCACCGCCCCCAGCACTTCCGACTTGATGGAGCCGGTCTGCATGCGCTTGAGCGCGTTCTTCGCCCGCTCCATCTGCTGCTCGGTGGTCCCGTCGGTGGTCTGATCCACCTTCACGGCGTTGTGCACCGTCTCCACACACGCCCAGAGCGCGTCCCGCAGCTCGTTGATGGACGATTCCACGTACCGATGTTCTTCGCGGCGCTGCTCCGTAATCGTGCGCACCACGCCATCCCAGTCCCGTTCGTGCACCCCCACCGACCCCTGCCCGTGCTCGTCCAGCGAGTAGCCCAGCGTGGCATGCCGATGCCACTTGGACAGTTCGCGCGAGATTTCCTCGCCTGATCGATCAGGGAGATCGATGGGGTATCGCGACAGGGCCGTGATCACGCCGCCAAGCGCATCGAGCACCAGCCCAAGGCTGTCCTCGGCGGAGGTCAGGGCCGCGCTGGCCGTGGGACTTTGAGCTCCGGCGCCACCCGGGATGGCCTTCAGCACTGGGGAGCCGTTCGCGCCGTTCGAACTACCTCGTTCGGACGAGGGGCGTGACTCTGTGAG
NZ_CP011454.1_gap73	3090291	3092946	2655	GCCAGTCGCCATGGCCAAGGACCGCATGATTGGCGCGAGCCAGGCCGTGGCGGTGGTCTACGCCGAAGGGGACATCGTGGATGGCGAAGGTGGCGACGGGCAGATTGGCGGCACGGCGCTGTCGCGCGAACTGCGCAAGCTGCGTACAACCGCTTCGGTCAAGGCGGTCGTGTTGCGTGTGAACAGCCCGGGGGGCAGCGCCATTGCATCGGAGCAGATTCAGCGCGAACTCACTCTCATTGCCAAGTCGAAGCCCGTGGTGGTGTCGATGGGTTCGCTGGCGGCCAGTGGTGGTTATTGGATCAGCACCGCGGCCGCGCGGATTTTCGCGGAGCCCAACACGATTACCGGTTCCATTGGCGTGTTCTCGCTGGTGCCCAACATCAAGACACTCGCGAACAGGCAGGGGATCACGTTCGATACCGTGAAGACCGGCCGGTACGCCGATATTTTCACGCTGTCGCGCCCGCGCACCGAGGCGGAGCTGGCGGTGCTGCAGCGCGGCACCGATGCCGTGTACGACGCGTTCCTGCAGCGCGTGTCCACCGCCCGCACGTTGTCGCTCGATTCGGTACGGATCATTGCCGAAGGACGCGTGTGGTCGGGGACGCAGGCGCTGCGCATTGGCCTGGTGGACTCACTGGGCGGGCTTGATGCTGCGCTCAAGGCCGCGGCGTCATTGGCCAAGCTCACGGGCGACTATGAGGTGCGGGAGTATCCGCGAGTGAAGTCGGCCACGGAGCGCATTACGGAGCTGCTGGAAAACAAGCCGGCGCCGGTGGCGGCGCGGGCAGAGGCGGCGCTGCAGCAGTTGCAGGCACGCGGCGCTGCGGCCGATCTGGCGCGCGCGGTGACGCAGGAGCTCACGATGCTCATGTCGTACAACGATCCGCGCGGCGTGTATGCGCGCCTGCCGTACATTTTGCGGGTGCGGTAACTGCCACTGCAGAGAAAGCACCACGGATAAAAACTGATGGGTCACGGATGGAACACGGATCAATCATGTTTTCCGTGTTCCTTCTGTGACCCATCAGTTTTTGTCCGTGGTGCTGTTGGCAGTTTCTGCAGTTTCCGCGTTTCGCAGTACGCTCAAGGACGCCGAAACGTCCGCGGCGACTCAGCTCTCGATGACCGGCGTGGTCCAGGCACCAGGAGTCACTTTGCGGGCGGCCTCGAGCCGATGGCCCTGCGCCTCCCAATCGGCCAGCTCGGCGCGCGCGCGCGCGAGATGGGCCGCGGCCTTGGCGATGCACGGTACGATGCCACGGGCCTGCACGTCGGCCAACGCCCACTCAGCGGCCCCCACACGAGCCCGGTTGATGGCCAGCTGCTCAACACAACGGGTGGCGTGAAAGCGGCTCCACGCCGCCATGGGGCGGTCGTCGTCGATACCGTACCAGGCCCAAATGCCGTCGTTGACCGGGACCGAATCCACGAGGATCAGATCGATGTCGTCGGGGATGGACACCGTGGCGTCCGAACTGTGCATGTTCATGGGGAGTCACCAAAAGGGTGGACGGAAGGCATTGCCGCTGGCAGGAATCGTCAAGTGCAGTGATCCTGTGCGCTCTGACACTAACTCAAGCCGGTGCGTGTGCACCATGGTTCCCACGGCGTCTACATTCCGAAGATGCCTATCCGACTCACACCGGCCCGCACGCTTGCGGCGCTGACCATTCTGCTCGGGCCAGCCGCGACACCTATGCTGCCACTCCGGGCACAGGCTGGCCCGCGCCCCAAGGTGACCAGTGCGCCGACCACCAAGGCCGCCGCCAAAGGCACCGCCGCCGCCGATACCACCGCCAAGTCCGCTTATCCCACGGGCGGGACATCTGCCGCCGCGCGTGCGCTGGCGGGAAAACCCACTCCCGTATGGCCTGTGCCGGGCCCCTCTCCACTCCCCGGGAGCGTGCTGCCGGCCTCGCGCATCATTGCGTACTATGGCAATCCCTTCTCCAAGCGCATGGGTGTGCTGGGCGAGTACCCCAAGCCGGAGATGCTGCAGCGCCTAGACCGTGAAGTGGCGGCGTGGCGCAAGGCCGACCCGTCAACGCCGGTGCAGCCGGCATTGCACCTCATTACCACCGTGGCTCAGGGAGATGCGGGGAAGGACGGCAAGTACCGCATGCGCCACGGTGATGCCCTGACGGAGAAGGTGTATGGCTGGGCGAAGGAACGGAACGCCCTGCTCTTTTTGGATGTGCAGGTGGGGTTGAGCACCATTCAGGAAGAGCTGCCACGCCTGGAAGCGTGGTTGTCCAAACCCGATGTGCACTTTGGCATGGACCCCGAATTCTCCATGAAGGACGGCACCAAGCCGGGGCGAAAGATTGGCAGCTATGACGCGGCCGATGTGAACTGGGTCATTGACCAGCTGGCACGCATCGTGACCGCCAACAAACTGCCGCCGAAGATTCTGGTGGTGCATCGGTTCACGAAGCCGATGCTGACGAATGCCACGAAGATCAAGCGCGATCCGCGGGTGCAGGTGGTCATCCACATGGACGGCTGGGGGCCGCCAAGTCTCAAGCGCGATTCGTACGCGGCGTATGTGTACGCGGAGCCCGTGCAGTTTGCCGGATTCAAGTTGTTCTACAAGAACGATCGCAAGTACGGCGGGCCCCTCATGACGCCGACACAGCTGTTGGCGCTCAC
NZ_CP011454.1_gap74	3109406	3114279	4873	TGCCCCAGATGAACCAGGAGGCGCGCGCGAACGAACTCTCGGTTTCCGCCTTGACCGTACCACTCATGGCCTGAATGCGGTCACCAAACGCTTCCATGCCGTCTTCCACTTCCGTGAAGCTGACGAGAAAGCGCTGGTAGAGTTCGGAGGACTTGGCCGGATCAGAGAGCGCCACTTCCTGCACGGCGCCTGCGGCGGCCGCATATTCGGAAACGCTTTTGCGCAGCGCAGGCATTTGCGCGGCAATGGGCGTGGCGGCGAGCAGCTTGTCGGCTTCATTGAGCGACGCCATGAAACGCGCGGCATGCTCGCCGAGCGCATCTTGCGAGGCCTTCACGGCCGCGCTGTCTCCGCGTTGGGCAGAGAATAGCGCTTCCAGCACATCGGCTCGCATGGCATCGTGCATCATGTCGCTATCCATCTGATAGCGCTGTGCGGTGTTGTTTTCCACAAGATCTGCCGTCGCGCCGCGGGCGAGCCGGAGCGAACCTTGACCAGCAACAGCGACTGCAAGAATGCCGGCTGCGCCAAGGAAGGCCACAGCGCGTAAACGCGCGCGAACAGTGCGGAGGGCAAACATTGTGTGGTACACTCGAGAGAACTACCGTGGGTGCGGCGGCGTCGCCGGCATGTTCAACGTGTCAGGGTTCCCCAGACACATCTGTCCTCTCTTAGGTATCGGAGGGGACGAAGCGGACTTTAGCGTCCGATTGCCAGCCCCCGTTTTCCGCCTCGATCCTCCCGAATTTTGCTTGCGTATATGATCTATTTACGGGTCCAGCGGTTGTCGGCCGGGTTCCGGTCGGGGAAGCGGCGCTGGGGGTCGAGTGTTACCGACTCAATGGGGCGGCTGCCGAACATGAGATCCACGGCATGCTGGCGCCGCCCGTCAAACCAGACCTCGACCGGCACCGTCACCCGCGCCGTGGTGGCATTGAGCATGACCGCGTTCTTCATGGGGCGAATGGCGGCCCCAGCCGGGGCGAACGTCACGTCCAGCACGACCGGCGCCGGCATCTGGCCATCGTGCGCGACCAGGACCCGCGTGCGGATCCCCATGGGCGTCACCTTGGCAATGCGGTGGTCCACACTCTCCGTAGTGAACAACCAGCTGTACCAGAACCAGCCGAGGTCGCGCCCCAGTGCCTTGTTCATGAAGAACATGTAGTCCCACGGGGAGGGGTGCTTGAACATCCAGGTGGTGGCCCACTCTCTATGGGCACGCTGCACCGCGCTGTCGCCCACAATACCACCGAGCGCCGAGAGCATGAGCGGGGTTTTGCTGTACGTGGTAAACCCGTAGTACTGCGGGCCCGCGTAGTTGGCGTTCCACATCATGGGCGGTTCGGCTTCGTTGCCACTGATGCCGCCATACTTCTGCCCTTCCCCATCCAGCACCGGCGGCTTCCCTTCGGCGTCAGCGTCGGAAAGGATGTTCATATACTGATTGAACCCCTCGTCCATCCAGCCGTACCACGTTTCGTTGTTGCCCACCACCATGGGCCACCACATGTGCCCCGTTTCGTGATCGGCGGCCCCCACGTTGGAGTTGATCACCATGGGGTACTCCATGCCGGAGCTGGGGCCGTCCTGCAGGGTGAGCTGCGGGAACTGATAGGGGAACCACAGCTTCGAGTAGAACTCGAGCGCGTGCCGGGTAACCGGGCCGGCCTTGGCGTACAGGTTGGCGCGCCCTGGCAGGTACACCATGTGGACCGGCACGGCGCCCTTGCCCGGAATGGTGGCGCGGGTGGCCTGCCACACGAACTTCCTGGCGGTGGCCCAGGCAAAGTCGTTCACGGTATCGGCGTGAAAGCGCCACGTCAGCCGCCCGGTAGTACTGGTGGCGGTGGCCTGCCCGGGCCCCACTTCCTCGGGGCCGACAATGGTGGTGATGTCGTCGGACTGCGTCACCTTGGTCAGCTGCGCGCGGGCCTTGGCGGTGAGGACATCGTTGGGATTCTGCAGTACCCCGGTCCCGCTCACGATCCACCCGGCCGGGACATCAATGTTCACATCGAAGGACCCGAAGTTGTTGTAGAACTCCGACGGTCCGAGATACAGCTCGCTGTCCCAGCCGCGCAGATCGTCGTACACGGCAACACGGGGATACCACTGGGTGGGCTGGAACAGAGAATCTGCCCAACGCTGGGTCATGCGATGTCCGGTGCCCGGTCCACCGGGGAGCTTATGCGACCACTCCACTTCCAGCACCGCCCTGGCGCCGGCGGCAATGGGAGTCCCCAGGCGAACACGCGCATTGGTGGAGCGGGCATTGAGCAACGTGTTTTCTGCGGCCGCAGCCGCGGCCGACTGCTGCTGCGTCTGAATGGCACGGGCCCCTTCGGCGCCGCCAACCACCGCCCCCGCCACGTTGACCGCCTTCCCGTTGACGGTCATGCGCGAAATGACCATGCCATCGGTGACTTCGGCTGGTGTCCAGGGAGCGGCATGCGGCGCATTCCCCAGGAAGTGATTGGGATCGAGCCGCAGGCCAATGCTGGCCAGCGCGTCCGGGCTGCTGTTGTGCAGCGTGATGCGGGCCTTCCCGGTCAGTCGGGCCGACGCCGGATCGAGCGAGACATCAATGGCGTAGTCAGTGCGCAGCTGCCAGTAGCGCGTCCCCGGGCGCCCTGTGGAGTCACGCGTGCCCGCCGCCATGGCTTTCCGTATCGCGTTCGTGAGCGGAATGTCCCGGCGCACCGCTCGTGGCGGCACCGACGTCGTCGAGGCCGTGGACGGTGTCCGTGCCGGCGCCTGCATGGCTGGAAGGGGTGCGACGCTGACAAGCACCGCAAGAACGGCGGCGCGGAGGGGAGAGGGCTGCATGGGAGACCCCGGAAGAGGCGCTGGGAGTGGCGCTGGAAAGACGCTGGAAAGCTAGACGGCGTGGGTCGCGGCGCTGAAGGCGTCGGCGATTCGGCTGGCAGTGATACGATGATGCGACGCGTGCCAGAGCACCTGCCCCTGGCGGACCACGAAGGCCTGCGGTGACTCGTGCTGCACGCGCAGCACCTCGGCCAGCGCATTCGACAGCGGGCGTTCATTCTGCACGACGAGCAACCGGGCGGGCACATTGGGGTGCGCGCGGACAAAGGCGTCGTACTCGCGCTTCACTCCAATGGAAATGGAGCAGGTGGCGCTGTGCTTGAAGATCAGCGTGGGCTCGGTTGCAGCCGCCAGTTCCCGGGCCTCGCGCGAGGCGGGAGACTCCGGAGCAACGGGAGCCGGCGCCGGAGCGGCGGCCGCGATTGCCGTTGGCGCCACGCCCGCCGCCCGGGCACTGAGGCGAGCATCCAGCATGGCGGCATAGGTGGCCTGCGGCTGCGCCCCGACCTGTCGGCCAACCAGCACGCCCTGATCGAAGAGCAGCACGCTGGGGAGGGCCCGGATATCGAAGCGAGTTACCGTTTCGAGGTTGCTGTCGGCATCGAGGGTCAGCACCGTGGCGCGATCGCGATAGCTTTCAGCGAGCCGGTGCATGACCGGCTTGAGCGTCACACAGGGCTGGCACCAGGCGGCCCAGATATCCACCAGTACCGGGACCGGTGACTGCAGGACACGCGCCGCAAATTCTGCGTCCGTTACGGCTGCGGGAGCTTCGGTTTCGTTCATATAGGGAAGAAAGATAATGGAACCCTCTTCGCAGCAAGACATGGAGGCGATGGTCCGTTCCCTCGAAGCCACAGGGAACTACCGCGTGTTGCGGCGCTTCGAAGCGCGGCCGCGGTACCAGTCGCCGTCGCCGTCCACGGTGGTGCGCCGCGGACTCATTGTCGATGTGGAGAGTACGGGGCTCGACACTACCAGCGATCGCATCATCGAACTCGGGCTCGTGGCCTTCGAGTTCGACAGCGCCGGCATGGTGTACGGCGTGGACGCCAAGCAGGAATGGTTCGAAGACCCTGGCATCCCCATTCCGGCCGAAGTGGTGGAGATCACCGGCATTACCGACGACATGGTGCGCGGACAACGCATTGATGACGCCGCCGTGCTTCAGGAAGTCGCCCGTGCGCATCTGATCATTGCGCACAACGCCAGCTTTGACCGTCGCATGCTGGAACGGCGCTTCCCGGCGTTTGCCGACAAGCACTGGGGGTGCTCACTGTACGATGTGCCGTGGGTGCGCTTCGGCTGCCGAGGCGCCAAGCTGGACTACCTGCTCTTTCAGCTGTGCAACGCCTTCCACACGGGTCATCGGGCGGGCGACGATTGCCTGGCCACCCTGCATGTGCTGGCCACTCCACGCGATGGTGAGACGTCACCACTCACTCTGCTGTTGGAAAACGCGCGCAAGACGACAGCGCGCCTGAATGCCATTGGGACACCCATTGAAAGCAAGGACCTGCTCAAGGCGCGCGGGTACCGCTGGTTTGCCGGCGACCGGTCCCGCGCCAAAACGTGGTACCGGGACCTTCCGGAATCGGAGCTGGAGGCCGAGCAGAGCTGGTTACGTCAGCACGCCTACGGGGGCTTGGCCAGCCCCCCGTGGCGAGTGGACACGTTCACGGCCAAGGACCGCTATTCCGAGCGAGTCGGATAGCGATTCCCTGGCCGCTGCGGTGTGGTGCGTGGTACGAATTACCGGCCGCGTACCCGCACCCGGGCGCTCTGGCTCTTCACGCCGTCGGAGACCACGACTTCCAACTCGGGCCGGCTCGTGTCGATGCGCATATCACCGCCACGGGCGAAGCTGAGGATCTCCCCGCTGTTCGTATCGCGTACCATGATCATGGGGAAGGCGTTGGCGTTCCAGCGAAGACGAGCACGCGAGGTCGCCTCGGCCGCGACATCCAGTCCACGCGCCGCCGCCGCCGCGGCGCTCGCCGGCTGACGCGACATCCGCTCGGTGCTACGCCCGTTGCCCATCAGC
NZ_CP011454.1_gap75	3119158	3123182	4024	CCCCCTGCCCTGGCGTGGCGACGAGGGCTACAAGAAAGCCGAAGTGATGGGCGGCGGCGTGCGGCTGTCGGACATCGATCCGCGCACGATGGAGAGTCGTGTGCAGCCGGGGTTGTACCTGTGCGGCGAAGTGCTCGACGCCTTCGGCCCCATTGGCGGCTACAACTTTTTGTGGGCGTGGGTCACGGGGCGGGCAGCCGGAGTCGCAGCGAGCTCGTGAGCACGAACCGCGGGAACTGCGGAGTCTGTTGACTACGGCTCGCCCACGCGACGCGCATCACCGTGCCTGAATTGGCGGCACGCACCCTGCACACTCTATGGGATGGACGCATTCGGCGTTCATGACTGTTTCCCATGAGGTGAAGGCATCATGACCGACAAGACTACGCGACACGAGCGTGTCGAAGACGAGCTGACCGACAAGGGGCTGAAGAACCGCGTGAGCGGCGCAGCAGATCAGCTGTCCGGCAAAACGCGGAACGCCCTCGGTGCCGTGACTGGCGACTCCGCCCAGCAGCTTAAGGGCAAGGCGCAGGAACTCAAGGGCGAAGCCAAGGATGCGCTAGGCAAGGCACAGATGGATGCCGCCCGTGCCATTGAGCACAGCGATGAGCGGAAGCGAAACCGCTAATTGATTCGCGCGCCCCTTCTCTGCCTGGCAGCAGAAGGGGCTCCTCACACTCATCCATCGAGCCATGTCCATTCGACTGATACGTATCATCCCACTTGCGGCGCTGCTGTTGTGCAGCGCTGCCGCGTGCAGCAACACCGCCGATGGCGTGAAGCAGGACGCCAGCAACGCCACGGAAAAGACCGCCGAAGCGGGCGCGGAGGCCGGTGACGCCATGAGTGGTGCGGCCAAAACCGCCGACGTGAAGGCCGCACTGCTGGCCGACACACTCGTAGCCGGCATGGAGATCAACGTAGACACGAAGGAAGAAACCAAAACCGTCACCCTCAGCGGTGTCGTGCCGTCGGAAGGCGTTCGTGACCGGGCCATACAGGTCGCCCAGAACAATGCCACGGGATATACCGTGGTGGACAACCTGACCATCCGCTCACGCTAATCACAGGAATCGAGCATGCCCCTCACATTTCATCAACTCCGCCACTTGGAGCAACGACTCATGCAAGAGCGTGCGCGGCTGAGCGGTCATTTGCAGGCCTTTGCCGACGAGCAGGGTGAGCAGCTTGAGGAGGGAGCCGGCACCGAATCCAAAATGCCGCTGCACCCCGCTGATCTTGGTAGCGTCGTGCAGCACGAGGAACTCGAGGCGACACTGGCTACGCGTCGGTCAGCGGAGCTTGGCGAGATTGAGGCGGCGCTGGAGCGACTGACGAACACCCCCGATCAGTTTGGCATCGACGAGAACACGGGGGCGGAAATTCCGTTCGAACGGCTGGACGTTATTCCGTACGCACGCATCGCCGTGGACGTACACGCCCCCTCACGCGTGCATTAGGTCGCGGGCACGTGCCCGGGGAACATCGAGCCTACCGCTTTCGCGCCCAGCGGAAGCTCATGCCCAGCGTACTGATGGCGAGTGGCTCGCCGCGCTCACTGCCGAGGTAGGTGCGCGTGAAGAAGAGAGTGGGTGTGGCGCCACGCTGGCGGGGCGAGCCGTAGTCGAGACGCAGGGCCGTGCCCAGGCGCGCCCCCTCCCCTTGCACGGTGTAGAGGGCGGGGCCAACCATGGCGCGCAACAAGGTGGAGCGAATGTCAAAGGCGCCGCCGGTCATGAGGGCGCCGCGCTCGGTAAAGCGACGGTCCTGGCAACCGACGATATCCGGCGTGACGAAGCAGGAGCCGCCATTGCCAATACCAAACGCGTTGGCGCGGAGGCCGACAATCCAGGCGCGTTTGGTGGCCTTTTTGATGGGCGCCGCAATCAGCGCGGACACTCCAACGGTAGGGACTTCGGCGAGCGCGGTGGACGCGGTCATCGACCCGACCTCAAAGTCGCCGGTCACCAGTCCGGTGTAGGTATAGAAGCCCATACCCACCCCGGGGCGGCGCTGCGCATCAGCGCGGGCGGGAGAGCCGGCCGCCACCAGCACGGCAAGGGAGGCGGAGTGGACAACCACGCCCCGGCAGCGGGCGCGAAGGAAGGAGACGTGAGAACGCATGGTGGCAATGTACCGCCGGGGTGGCGAGAGCGTTCCCTGCACCTTCCGGGGAGAACCGCCCATGGCCGCTGAATTCATGGGCGATTCCCGGGGTGAGAATGCCCATGGTAGACGGCGCGACTCACAACCCGAGGTCGCTCAATCCCGGATGATCCGTCGGCCGCACACCCAAGTCCCAATGAAAAATTCGGTCACGCTCGGCAATGGCAACGTCGTTGATGCTTGCATGACGCTCGGCCATGTAGCCATCGGCGTCGAATTGCCAGTTTTCGTTGCCGTGCGACCGAAACCATTGGCCATTGGCATCGTGCCATTCGTATACGAAGCGAACCGCGATTCGATCGGCAGAGTACGCCCAGAGTTCCTTGATCAGTCGATACTCGCGTTCGGTGGTCCACTTCTTCTGCAGAAAGGCGTCGATCTCCACTCGACCGGTAATGAACTGGGAGCGATTTCGCCAACGGCTCTCAGGCGTGTATGCGAGCGCGACGGCGGAAGGATTCTGGGTATTCCAGGCATTCTCGGCGGCCCTGACCTTTCGGGTTGCCGAGTCGTGGTCGAACGGAGGAACCGGCAGACGTGTCATGCGATGAATCCGGTTGAAAGAGTCGCGAGCAGGAGGCGAAGAACGGGGATGTCAGCGTTCAAGGTGCACCGCCTCGCCAACGGCAATGCGCCCGCCGCGCGTGACGGCGGCGTTCAACGCCAGTCGGCCACCGAAGCGTCGTCCTATTTCCCGCAGCACCTCCGGGTCCCGCGTTATCAGGTCGGGATCGACGGTGGTCATGGGGCATCGCCCGCGCAGGGAGTCGAGGAAGATGGCAGAAGGCCCGATGCGCAACGTAGCCCCTTCCCACGTGGTCTCGTCCATACCATCGACCCCGTTGATTACCAGATTGGGGCGCAGGCGACGTACGTCCCGCCCAAATGAGGCGATGGCGCCGTCTGTCGCCACCAGCAGCGGCAGGATATCGAATTGATGCCCGGCCGGAGCACGCTCCAGCCACGCGTCCTCTCCCGCGGCCGCCCGAACCAGCGCGGCCGCCTCATCAGAATCCCACGGGTGGCCGTTCACGAGCGCGTCGCCGTCGGAAGACAGCGTGGCGTGCAAACCGAGGAGTCGGTATTGCCGCCGTGCGGTACGTACACCCTCCGGGCCGCGCACCCACACGAGGCGGTCGCCGGGGACCCCAAGTCGCGTGAGGGTGGCTGCGTCCACGTGTTCGCCGGCCATCGACTTGACCGGGTATCGCCAGAGCTGCCCGAGAGAGAGGGACATTGGGCTATGCGGCCGACTCGAGCGCGATGACGGGGAAATCGATCGTCGTCTGCGCCAGGTTGTTCAGGTAGTTGGTGAAGACGTTGAGTGCGACGTGTGCAACGACTTCGACGATGGCCGCGTCATCGAGCCCAGCCAGCCGCGCGTGTGCGAGGGCGCTATCCGATACTCGGCCTCTGGTACGTACGATCTCGAGGGCCAAGCCCATGGCCGCACGCGCCATTGGATCATCGGAGTCTCCATGTCGGGCCGACTCAAGGTTGGCTTCACTGACCCGGTGCATACCGCCGATAGCCGTATGCGCCGAGAGGCAGTACTGGCATCCGTTTATGTGCGCCACCGCAATGGCAACCTGCTCGCCGACTTTACCCGCGAGCGCCCCCTTGCCGAGCGCGGCAAAGAAGCCGTTCATCGCGGCGTGGGCGGCCGGGGAATGCGCGACGGTGGCGAACATGTTCGGCACTGTTCCGAATGCCTGTTTCGTAATGGCCAGTTGCTCGGCGGCCGCCGGTGACGCGGTGGCGGGGTCGAGGAGCTGAATGCGTGACATGAGCGATCTCCAGTATGGGAATGAAGGTATCGACAACTGTACCGAACGTTCGGTACATTAACAAAACC
NZ_CP011454.1_gap76	3125974	3127205	1231	AAGTGACGCGTAGGGCGACACGTTGGCGACGCGAACGAGCAGGTAGGCGTAGCTGACGGCGGTGAGCACGGACGTGAATCCGGTGAGTCGCCAGTCAAGTCGCAGCGCCGACAGGATGACGAGCGCGGTGAAGACGATGAGCCCCGGCACGACGGTGCGCACACTCGCTACGAAAATGCCAACAATCGACCACGCACCGAGGATCAGGGCGACCTCCACCACCGCGGCAGCATACCACAGCGTCGAACGCGACCGATCGTCCGGCCGGGTCGCTGCCCGGCGTCCGACCGCAAACTGCATGGCCGCCAGCAGGAACGCCGTCGTGACCGCGATGAACTGGGCGATGTATGGTGGTTTTGCCGGCAATTCCGCCCCGAACACGGTCGCCAGATCGAGCACCATGAACAGCATGACCATTCCGACCGCGAGCCACCCGAGCATGGCAGTGCGCAACCGTTCGGCATAGGCGTACTCCGAGCGCAAAGCCGCGCGGACAGACGCGTCGCCGACATCGCGAGGTACGCTTGTGCCGGTCAGTGACCTCATACGAGTCCACGCTCCTGGGCGTAGCGGACGGCGCGGTGCAAAAGCTCGGCGCTGTCCTTCAATCCGAGTTTGTCCTTGATGCGTCCGCGGTAGGTCTCCACGGTCTTCGGACTCACGTGCAGTGCCTCCGCCACCTCGCGCGTGGAGAAGCCACGGCCGAGCAGCTCGAACACCTCGAGCTCACGATCGGCAAGTGCCGATTCCGCCGGTTGGCCGGTGGGGGCGGCGCGGCCAGCCAGCTGTTCCAGCGCACGCCGCTGCATGCGCGGCGACAGATGCAGGCCGCCCGCAAGCAGCGTCCGCACCGTCAACACGAGATCAGCGTCCGTCTCGCCCTTCATCACATAGCCGCGTGCGCCCGCTCGTAGCGCGCGCTCGGCGTACAGCATTTCGTCGTGCATCGAGACCACGAGGATCGGCAGCTCCGGCCGCCGCTCCCGCAGGTCACGAATAAGCTCGATTCCGCCGCCATCCTCCAGCGTGACATCGGTGATCACGAGATCCGGCCGCGACTCAAGAATGCCGGATAACGCGGCGGCGGCACCCCCCGCCTCTCCACACACCACGAGGTCCGGTTCTGCTTCCAGCAACGACCGATACCCGCGACGCATCAACGGGTGATCGTCGACGATGAACACACGCCGGAGCAACTGGGAAACCCTCGGATTTAATGGGAGTGCGTAAG
NZ_CP011454.1_gap77	3134551	3137422	2871	CGCTCATCGATCGCTGCCTCGCCAAGGAGCCCGACGTGCGATTCCCCGACGCCGCCTCCCTCGTGGATGCGCTCGAGCAGTCGCAGCTTGCCGGTCCCGAGATTCCGCTGCCCGTGCGCATGCTCGCCACGGAGCTCGGGACGATCGGCATGGTACTCCTCTTCGCCCTGCTGATCGGCTGGTTCCGGCTCTCGCGTACCCTTGAGGGCGGCAACGACGACCTGAAGCTGATGGTCCCGATTGTCATCATGTCCACGCTGATGCTGGCGCGTCTCGGGCAAGCGCTCGCCGAAACGCAGCGGCTCGCGAAGCTCGGCTTCGACGGCGCCGCGGTGCTGTCCGGCCTTCGCAGCGTGGTAGACGAAGCTGAGGGTCTGCGCGCCGCGGCGCGCGTCGATGATCACCGGCTGGGAGAGCGGCGTCGCGTCTTGCGAACCGCTCTCCTGATGCTGGTCCTCGGTGCGGGGTCGATCGTCGTTGCCATTTCGCAGCGCCGTCAGCTGCCTTCGGGACTGTATCGTGTCACCTCCGTGGGGATTCCTTTCCTGTTTAATGGCCTCGCGTGTCTGTGTGTGGCGTTCGTGCTCTGGTTCCGCAGTCCCATGCGCATGACGGTTGGCGAATGGGCATTTCGCGGGTTCTGGCTGGGCGGGCCCGGGCGGTGGTTGATCCGTATGGCGTTGCGCCGTGCAGAAAGCGAGAGCGGAACGTCCGGCCGCGCACCGCGAACGGGTCCGTCGACGATGCCAACGCCGAGTGGGGCTGCGCGCGCTTCAATGGCGCCGACGACACCAGCGGCGACGTACGCACCGGCGGCGGACGGTCGGCTCAAAGCCCTCGAGGCACGGGTACAGGCCCTGGAAGCGTGGCGGAACCATATCCGCTCCTGAGCGCGGGTTGCGGCCGAAGTTGCGCACGAACCGCTACGCTGATGATGTCGTGATGGCGCTTGCGACGGACCTCAGTCAGCGCCTGACTGCCGTCGCTCTTCTTCGTCCCACAGACGGAATCCGGCAGTACGGCTCGACACTTACGCCCGGAACGGCCCTCACACCACCCTTTGCCTTCGCGCGGCGTTCTGTCGCCTCGGCAAGTTTCAGCCGATCATCAACGTAGGCCGATTTACGAAAGAACTTCAGACGCATTACGAGAGACTCTACGATCGATTTACGAGCGAGCATCCAAACAGACAACCAGCGCCGCGTGCCCGAATGGAAAACCGGGTCCGGTCTCTCGACCGGCCCCGCTCCAATTACCGTGCACCCCTTTCCCCATTTATGTGGCGTCGCGGTAGTCCAAACCACCCGCGCTGTGGCGTGCGCAGGTGGTTTGGAGAAACGGCGCGTGCCAGTTGGACCATCGTCTCCGAGATACTTCGCGATTTACGTTCTCGAAGGCATCCAGGGTGCCCACGCGGACAGCTTTCGCTCGCCGGCGTCGTGGTGCCTTGATGCCACAACCGATGTCGAACGCCACCACCATGACGCTTCACCGGAAGCGACACGGCGTATTGTCGCGGCTCAGAACCTGAACATCGTATTGGTGTTCGCGAGCCCCGTGGTGGGAACCGGCTGAATCACATCCCAGTGCTCCACGGCCTTTCCGTTCTCGAATCGAAGCAAGTCGTAAAAGGCGTTGGTGGTACCATTCCACTCACCCTCGCTGATCACCAACACGAAATCACCATCGCCAAGCACTTTGTGGATCTTCGTGTACTTGAACATGTTGTTCTGTGATACCAGGTACTGCACGGCTTCCGCGAGGCCTGTCAACCCGTCGTTGATTTGCGGGTTGTGTTGGAGATACCCCGTGCTGACGTAGTCGGGCAGCTTGCTCGGATTCTTCTCCATCAGGACGTCTTCGACCATTGCCTTCGCGAGTGCTTTGTTCGCCTCGGTCTTGCTTGGATCGGTCGGCGTCACGGGGCCGTCGGTCTGGGTCCTCCCGCTCGCACTCTGCTTCACCAGCGGCGTCATGGCGTCCCAGTGCTCGGCCACCTTGCCGTTGTCATCCACACGGATGATATCGAAGGACACCATCTCGTCCGCACCGAACGGCTTCGCGTTGTGCCAGATGTTGTGCATGAAGACGAAGTTACCGTCCTGGAACATGCGGATATTCTCGGCCGTCGTGCCATTCTGCTGCAGCACGGGCAACATCCCGATGAACGGCTCCAGCCCCGTCGGGAGAAACGGGTTGTGTTGAATGTAGTCGGCGTTGGCCAGCTGACGCATGGTCGCAGGGTCGTTCTTCAACACTGCGCCCAGAAATGCACCTACCGTTTCCTTCGTGCTCATCGTCGCGCTCCGTGCAGTTGAGAATTGACTGACCTTGGCGGTCGGGTTGGTCGAGGCGCAGCCGAACAGCAGGGCCGTCAGCGCGGTCGTCACGAGCAGTGATCACTGGGATGAGGCGCTGTTCGGGGTCATCGTCGTCGTGATCGTCAGGAGTTCCATCGGGCTCATGGGTCCGCCTTCGTTGCAGTTCCGCTGGCGGCGGCTGGCCGATCTGCTTGTCATTCCGCCTCACCTCGCGCTCGCGATCTATTTTCGTACCATGCGGTACGAAACTGAGTGTAGGGTGGCGCCGGTGGCTTGTCAAGAATAGAATACCACATGGTTCAAAACTGCCGGAGATGAGCCGGAGCGCATCACGCGGGCGCCCGCGGACGACGGATCCGGCGCGCGTACTGGAGGTCGCGATGACCGAGTATTGGCATGGCGATCCGGCGGACGTGTCACTTAACGCCATTTGCCTCCGCGCTGGGGTGTCCAAGCCGTCGCTTTACCGGGAGTTCGGCAGCGAGGATGGGCTCGCTCGAGCGGCGCTCGACCGCTACGCCGCGCAGGTCCTCGTGGACGTGCTCGCGAT
NZ_CP011454.1_gap78	3138677	3142707	4030	CACCGAGGATGACTGCGGGGTCCCAGGCATCGTTGCCGCGGTGCCTGCAATCATTCGGAGTCCAACCGGGTACGGGCGCACACTCCGCGGATCACCAACCCCCACCGAGTAGTAGAACAGCTCATGCGCCACGCTGTCCGCGCCGGCGAGCGCGTGCACGACCTGCCAGCCGCTCTGGTCGGTCCCACTCGGGGCCAATAGGGTCGGCACCCAGTACGACGAGCGATTCAGGTTGTCCCCCTGGCACGAGGAGGAGCCCGTGACGAAGAGCGATTCGGCAGTCGTCGCCGCAGAGGCCGTCTTGTATCCGTAGAAGTTGTGCAGGTGCGCCGCACCGGCCCGGTTTGGGTAGATGATGGGATCGTCGTACGCGGCGTGGGCAAACTCGCAGTTGATGCGGAAGATCCCCAACCACCCGCCTGCATCAGCACGAGCCGGCGTCTGGTTGGTGCGTGCAAGCGCAGGCATCGGGGTAGTGAACACGCTTACGACGTTCCACTCGCGCGACACCGTGGCGCTCGTAGCGCCGGAGGTGGCAATCGCCCGCACATGGAAACGATGCGTGCCAACGCCGAGGGTCACATCGGTGCCGGTGCGCGGCATCACGACATGGGGGCTGGTACATGCCACCCAATCGGCCTCATCGACTCGACATTCGGTACGCGCACCATCCGACACCGTGAACAAAAAACGTCCGAACGGCTCACTGGTCGTAGCGGCCGGAGCGGCCGTCACCGTAATGGTCGGCGCCGCGGCGGGAACGGGCGTGGGATTCGTTGGTTCAGCTGGCGACGCGACCGACGCGCCGTCGGCGGCACAGCCGATGGCACCGACCAGACACGCGACGACCAAAACAGAGGGGATGCGAGGCATGGTGGAACTCCGAAGCAGGTGACAGCTCGGCGACATCGCCTGCCTTCATTGACGTCCACGCTCGCGGGGTGTTAACGAAGGCTTTTTCCCCTCGCAAAAGTGAATCGACGTTTTAGTCCGCAACAAACACTGGCAGTTTTTTGACAGGAGTGACCCCGATGTCCTACCGTGTACGCGATTTCCAATTGCTCATGGACGACCACAAAGACTTTCGTCAGCTCACATAAAGACGGGGCCGGTCTTTCGACCGGCCCCGCTTCTCTGCTCACCTCCAATCGGCGTGCACCAATCCAGCCACGGAGTGTGATCCAGAGGCCCGCCAATCGGCGTGAGCCCCCACACACACCCACCTTACCGGACCGCGTTCACCATGTCGAAGATCGGGAGGTACATGGCGACGATCATACCGCCGACCACCACACCCAGGAACACGATCATGATGGGCTCGAGCAAGCTGAGCAACGCGCTCACGGCGGCGTCTACTTCGTCGTCGTAGAAGTCGGCGATCTTGGTGAGCATTTCGTCCAGACCACCGGTCTGTTCACCAACGGCGATCATGCTGATCACCATGGGCGGGAACACCTCGCTCTTCTGCAACGGGCCGGCAATGGTGTCACCGCCGGCAATGCTGGCGCGGCTCTGCATGATGGCGTCCTGCACCACGCGATTGCCCGACGTACGGGCCGTGATTTCGAGACCGTCCAGGATGCTTACACCAGACGAAATGAGCGTACCCAGCGTCCGGGTAAACCGCGACACGGCCGACTTACGCAGTACATCGCCCAGCACCGGCACCTTGAGCAGGATCTTGTCGATGACGAGCTGACCGTTGGAGGTGGCGTAGTACTGCTTGATGAAGAACGCACCGCCTACTGCGCCGCCAATGAGCGCCCACCAATAGCTGTTCAGGAAGCCGGAGAGCCCGATGACGATCTTGGTGGGCATGGGCAGTTCCATTCCCACGCTGCCGAACATGCTGGCAAACACGGGAATGACCTTCCACAACAGAATGACCACGCACAACGCCGCCACGCACATGATGACGGTAGGATAGATCATCGCGCCCTTCACCTTGCGAACAAGGGCGTCGTTCTTTTCCATGAAGATCGCCAGGCGGTTCAGGATGGTATCGAGGATACCACCCGCCTCACCGGCCGCCACCATGTTGGTGTACAGGTCGGAGAAGGCTTTGGGATGCTTGCGCATGGCATCGGCCACCGTGTTTCCCGACTCCACGTCAAACACCACCTGCCGCACCACCGAGGCCAGTGACTTGTTCTCCGACTGACGCGCCAGAATATCAAGGGCCTGCACGAGCGGTAGGCCGGCGTTGATCATGGTGGAGAACTGACGGGTGAAGATCACGATGTCGCGCATGCCAATCGACCCACCAGTCTTCGTCGGTGTCGTCTTGGACTCGTCCACCTTGAGGATGGTGAGCCGCTGGCGGCGCAGCTGCGCTACGGCATCATCGCGACTGGGCGCGTCAATCGTGGCGTTCTTGAGATCGCCATTCTGCGTGCGCGCGGTGTAGGTGAACGTTGGCATAGGGACTCAGGGAGCTGGGAGCAGGGTGCAGGGAGCAGGAACGGCAAACAGGGAGCAGAGGGCAGAGGGAAGGCGGTCAGGGCGACGGCGACCTACTTCCGGAGACCACCAGTGAGCGGACGGTCGGTGGATCGGTTGCCGTTCCCCGTCCCGTTCATCGAGGAGGGCGCCGACAGGCCGTCATCCATGGGCCCCTTGCCGATCATGCGCAAAAACTCGTTGGGATCACCGGACGACCGCACGCACTCGTCGGCGCTCACCAGGCGGTTCACGTACAGCTGGTACAGGGCATCGTTCATCGTCTGCATGCCGAACTTCTTGCCGGACTGCATGAGCGAGTAGATCTGGTGCACCTTGTCGTCGCGAACGAGCGCCCGAATGGCCGGCGTCACCACCAGCACTTCCGCTGCCATCGCACGACCGCGCCCTGACACCTTGGGCAGCAGTACCTGTGTGATGATGCCTTCGAGTACGAAGGCAAGCTGGGCCCGCACCTGACTCTGCTGGTGACTGGGAAAGACGTCGATGATACGGTTAATGGCTTCAGCCGCACTGTTGGTGTGCAACGTGGCGAACACCAAGTGACCGGTTTCGGCAATGGTCAGCGCGGCCTGGATGGTCTCCAGGTCGCGCATTTCGCCGATCAGAATGACGTCCGGATCTTCACGCAGCGCGTACTTGAGGGCCGAGGCAAAGCTCTTGGTATCGGCCCCCACTTCGCGTTGATTGATGATGCAATTGCGGTGACGGTGGATGAATTCGATGGGATCTTCCACCGTGATGATGTGTCCACGGCGTTCCGTATTGATCTTGTCGATCATGGCGGCGAGCGTGGTGCTCTTGCCGGACCCCGTGGGCCCCGTCACCAGCACCAGCCCACGCGGGCGCTCGGCGAAGCCGGCAATGACCGCCGGCAGCTGCAGCTCGGCGAAGGTCTTGATCTGGAACGGAATGCGGCGAATGACCATGGTCACACAGCCGCGCTGCTTGAAGACGTTGCCGCGGAAGCGCGACAGGTTGGCAATGCCGAAGGAGAAGTCGAGCTCATCCTCCATTTCGAACCGCTTCTTCTGATTCTCCGTCAGCACCGAGTACGCCAACTGCAGCGTGTCGCGCGGCGTGAGCACGTGCTCAACGGCAGAATTCACAATATCTCCGTCCACACGCAGCTTGGGACGATCTCCGGCCGTGACGTGCAGGTCGGAGGCGTCCCGCTCGATCATCTCATCGAGCAGCGTGCGAAGCGATACTGGAGACTGGGCAGGTGCGGTCATCGGATCACAGGAGGTGGCTCGGCGCGCATTCGCGTTCCGAAGGCTGGACGAATTGGGTGGCCACAGGAAACGCCACCGTCACAGAATCCTACGAAGACGTTTCACGGATGACCTGATCGAGGGTGGTCACCCCCTTCAGCACCTTCAGCCAACCGTCCATTCGGAGGGTGAGCATCCCCTCGTCGATCGCGGAATCGCGAATGACCTGCACGTCGGCGTTCTGCATGACCAGCTTCTTGAGGGTCTGGGTCATGAACATGACCTCATACAGACCCTGACGGCCTTTGAGTCCCGTGCCACCGCACGCATCGCAGCCATGGCCCTTGAAGAAGGGG
NZ_CP011454.1_gap79	3147433	3151074	3641	CGCGGTTTGCCGGAGCGCTTGATGAGTTCCAGGTCAGCGCCGGAGCATTGCACCGAATCGGCGCTCCCGGTCAGGAACGCGTTCTCCAATCGTGCGCGCAGCATCTGAAAGCGCGTGAGATCCACGCGAACTTCCGGGAGCCAATCGCTTTGGCTGGGGCCGGCGTTCACCGGCGTGCGATACATGTAGAAGTTGTGTTCGTCGCGCCCGATCTTGACGTAGCCATTGAGTTCTCCGTTCTCACCCCAGCCGTTGCCACGCCCGCGCATCCAGAGACGGAGCGTGCGATACCCCATGAACGTCTTGGTGCCCTCGGGGAAACGGAAGAACGCTTCAGCACGGTCGTAAGTGCGGAATTGCCGGCCGGGCAAGCCGGTCTGCAGGCGCAGCGCGCGCTCATTCACCTGAATGCGTTGATTCTCGTAGCCGGACTGCCGGTTCTCCGGAGCTTCGGCCACCCCAGGTGGTGCGGAGTACGGCAGCGTAGCCGTGGAATCGAGTGTGCCCACCACACTGGCCACGACGTACCCCCCGACGGTGCCGGCGGAATCACCGGCGGCGCCCGAGAGCGGCTCAGTACCACGCTTGAGCCACGGCGCCCCGACCAGCCGCAAACGGGCGAGTGCGATACGGCTGAACTCATCATCGGCGGCCGCCGCACTGGAGACCATGGTGAGCCGCATGGCACGCATGCGGCGATCATTGGGGGTATTCAGTTCCTCGGCTGGCGCACGCCAATTGAGCCGGACCTGCACCCAGCACAACGAGTCGCTGGTGACTCCTGCCGAGGTAGAGTCACGCTGCTGATAGCAGCGACCTACGCGGGTCCAATTGCGCTTGTCGCCAAGGTCCACAACGAAACGCTTGAGCTGCTCCTGCTCAGTGGCGTTGGCGTCCAGATTGAGCTGGCCGTCGAGATCAATATCTTCTTCGTCGAGGCGATTGTTGCGCACCGTGCAATTGGCACGACTGTCACCCAGCACCTGCACGACTTGCAGCGACTGCGTGCAAATGGGCACCCGATTTTGCGTGGTAACGACCGGCGCGCCACTGGTGCGATTCACCACGACCAGCGTATCGGCAACGTCGCCAGCCACCCCGCGGTCGTTCTCCACCGCGTTGAATGCGCGCGAGAGCGGATCACGCTCGCTGTCGAGTCGGTTGTACCCTACGAATCGTTTGCCCCGATAGGTGCTGTCCACCGGCAGTCCGGGCCGCACCGGTGCGTTGACCGTAAGCGTTTCCGGCGCAAAGGCCACACTGTTTTCGCTGATGTCGCCAAAATCGAAAATGAGTGTGGGATTGCGTCGGACTTTGTTGTCTTCGCTACGTACCAGCGCAAAGAATTCGATGTTTTCGATGCGGGAGAGATCGGTACCGCTGGGGCTGAGGATCGTGCGCATGGAGCGCCACCGCCGGCCGGTAGGGGTTGGGCCAGCCAGACTGTTGTCGCCCACGGTCCAGGCGAAGCGACGATTCGCGGTCCCGGGCTCGAAGTCGAAGATGCCACCTGTCTTCAGTGGGTAGAGCGTCATCCACAGCAATTGTTCGGCTGGCAGTACGCCACCGCCCACAATGCGCACCGCCGGGTCGATCTGCTGAATGTTGAACTGGACGAAGTTGCCGCCCACATCCACGCCATTGTTCTGGAAGGCCATGGTGGTGGCGCGATTGAGCGAGAAGACGCTGCTCCCCACCCCTGCCAGCGAGTTGCCCAGCGCCGGTCGGGAGCCAAAGTACCAGGCCGCTTCCGACATGGGGAGTTGCCGTTCGGCCTCCCCTTCAAAGCTTTCAATGTACGCCTGCCCCGCCGCGTTGGGCTGTGGCTTGCTCATGGCAAACTCGCCCTGAAAGGCAATGCGGGAGCGGCTGCTGGACGGAGTGAAGGGCAGTTTGGTGAGCAACGAAGTCAACGCCGACGCGTCCCATTGCAGGGCCGCCGTCACGCCGGCCACCAGCGAGCCTACGGGCTCAAAGCCGAGGGGCGGACGATTGAGCGAGGAGCGTTGCTGCTGGGAGATGGCGGTGAAGGCGATCTGCCCATTCTCCAGCGGGAATTGCGATGCAAACCCCAGAATGGTGGTGGGCGCCGCGGCAAAGAGCGGATTTTCCTCGTAACGCACCGAAACCTGCCGCGGGCGCGCAAAGAGCGTATCGGGACGATTGAAGGTGATGAGCCCCAGATCGTAGTCGATGGTGTAGTCCTGCTCCTTGACCAGTTCGCGCCCTTCGATAGCCACCCGCTCCGAGTTGGGGCGGACCTGAATGGTGGAGAGCCGGATGGACTGGCTGTTGCCGCCTCCTTCCGACTGGTAGCTGACCGCCATGCGGTAAATGGCCTGCGGTCGCTGCGCCGAATAGAGGTACTCGTTGGGATAGCGATAGAGCGTGTCGTTGGCCGGGTTGGCTGCCGGCTGGGCCAGCCCGGTGCGCGCAAAGGGCTGCACCGACGGGAAGAAGACGAAGTAGTCGGGGATGAGCTTTTGCTGACCGCCGCCGGAGAAGTTGGCGCGGAAGTTGGGATCGTTGGGGCGCGGCCAGACGCGGTTCTCCACGTCGAAGGAGGCCGAGTTGGTAGGCTGCGCGAGCCCGAAGAGCTGCAGGTACGTTTCGCCGCGCGACGGGTCGATGGGCTTTTCCTGGTCCCCCGACGTCCCGGTGACCAGCTTCATGCCAATGGACTGGCGCAGCAGGTCTTCGCCACCGAGGCGATAGACCGATTTGATTTCGCGAAAGAAGTAGGCCGGGTTGTTGGGCTGGAGTTCCGGCTCCCAGAGCAGATTGGCGAACTGCGGTTCGGCCGTGAACTCGATGTCGGGCGTCCCGCCGGTATTGGGGTTGCGGCCGGCCTGCCCGTTCACGTTCACCTCGTAGGCCACCGCCAGGCGCTCGTTATTGAGGTTGAGCGGCCGAACGAGGGCAATCCAGAGCATGGACGGGTCGACATAGTAATCGACGTTTTCGCGCAGCACTTCATAAATCTGCCGCGAGTTGTTGCGTGCGCCGCGCACGGAGAACTGCGGGCCGCGCGGATTCTGGTTGGCGGCACCGACCAGCTGGCGGTAGAGGTACAGCCGGACCGGACGCACCGAATCGGGGAGGGCGGCCGCCAGCTGCTGCATTTGCTGGCGATTGAGCAGATCCACGTTGGGATAGCCCGGGAGCTGGCGCGGGTCGATGGTAAAGAAGAACCGGCGCGTTTCGATCTGAATGTCCTCAATGACCCGATCGACTTGCTGTTGCGTGCGCTCGCCGACGGTAAAGACGTTGTCCTTGGAGACATTGCCCTTTTGCTGGGCCACGATGGAGGTAAAGCGCATGGGCCCGAGCTGCCCGGTGGCTTGCACGCCGTAGTTGCCCGACGGGATACCGGAGGTGAGGAAGCGCGACGCCGGGGGCTGGAAGGTGACATTGCCCACCTCCAGCGTCTGCAGGATTTCGTCGCTTTTGCCCTGGTACCGAACGGAAATGTTGTTGGAGGCGTCGAACTCGCGTTGCGAGTCGTAGTCCACGTTCACGAAGACGCGGTCGGCCACGACGCCGCCGGATCGCACGTTGAACTGGAAATCGAAGGCCGGCTGGAAGATGCCGGAGCAGTTGTTGCCCACGATGGTGAGCTGGGCGGTGGTGCAGCGTTCGTT
NZ_CP011454.1_gap80	3156097	3159742	3645	GGCGCGGATGGACTCGTTGATGATTGATATCAAGGCGAATCCGAGGAAATACATCAACCTCAAGATTTTCTGAGATTCCGGCGGTACCGGTCGCGATCTGAGATCTGCGTCTGGCGAATCGCGATTCTGACGTGAGAGCGTTGGGACGATCGCAACTCCAGGTCTCACTTCGGTAGCCCCGAATGTCAGGGCACAGTCCATCAAAAAAGGGGGCGCGTCTTTCGACGCGCCCCCTTCGTTTTGCCCATCCCTTGGATCAGAACGCGAAGCGCAGGCTGGCCTGGATCTGATAGAACTGCTGGAAGTTGATGGGTGAGAAGTTCGTGTTGAAGTTGTTGGCAAATGTCACATTCGGCACTTGGGTAGCCGCATCGGCGCTCGTCATGGACTGTACTTCGAGCAATGTGGCATTGCCGAAGCCCGACGCCGAGCGCACCTTGCCCCAGCTGCGGTTGAGCAGGTTGGCAAAGTTGAAGATGTCGAGACGCATGGTGACGCGCTCGCCAGCCGCCGACGGCAGCTGCTGTTCCAGCGTGACATCAAACCGGTCGAACATCGGGTTGCGGCACGACGTGGGCTCCATGATCTGCCCACGCTGCTTGGAGAGACAGCTGTTGGCGTTGATGAACGCGTCAAACTGCTGCTCCTGGGTAGCCGCCGTTACAAGCGAACTGCCCGAGCCACGGTTGACGAAGCGCTGCTTGGTATCGCCAAGGCCGGTGGGGATGTAGATCGGGTCGTTGGCATTGGAGCCGTCGCCGTTCATGTCACCACGGCCGGCGGCGCCACCATACGTGAAGGCGTACGGGGTGCCCGACTGCCGACTGAAGTAGAAGGAGATGCTCGTCTGGTTGCTCTTCCACGGCGCCGTATAGGTGCCATTGATCAGCAGGCGGTGCGGCTGGTCGAACAACGAGGTGTTGAGGGGCTTGTCGTTCTGCTCACCCGAGTAGACGCGGCCAAACTGCCAGTTGGACAGCGCCACCGAAGACGTGAGGTCGGACACCGCGTACGACTTGCTGTACGTGTACGCCACACCGCCTTCAAATCCGCCATCGAAGCGCTTCCGCAGCTGGCCGGTCATGCTGTAGCTGTAATCCTTGCTCTGATTCTGGAGGAGCAGGACGTTGTCGAACGCCGGCTGCGGGCGGGTGATGGCCGGCTGACCACTCGCCTGAATGGGCGAGAAGACCGTACGTCCCTGCGCATCAATGCGGCTGGAGTTGGAGATGTTCTCGTTGGTGTAGAAGAAGTTGTTGATGCTCTTCGAGTACAATCCTTCGAGCGTGGCAACCACATTCCCGGGCAGCTTGCGGTCGTAGCCCAACGTGGCGCGCAGCAGCTGCGGGAACTTGAGGCTCGGATCGGCCACGTTCACGTTGCCAAACGCCGTTGCGTTGTCGAGGCTGCGCCCGGCGGATCCGTTGGGCCGCTGACCGCAGGCACGCGGTGCGACCGGTTCCGGATTGAAGTCGGGGGCGACCCCATTGTTGGTGGTGACGCCGCCACCGCAGCTGATCTGCGCCAGACCGACACCGGTGTTCTGGAACTGGTTGGACATCCACACGTACGCCGGGATGCCTTGGAACAAACCTGCGCCGCCGCGGAGCTGATTTTGCTGGTCACCCGTGGCGTCCCAATTGAAGCCGACGCGGGGCGACCACTGCAGGTTGCCCGACGGCAGGTCGCTGGTGTTGTACCCAAAGGCGTCTTCCACGCGCGGGGCGAAGGACGGGTTGTCGAAGAATACTGGCGCGTCGACGCGCAAACCGTACGTGACGGTCAGGCGCGGGGTCACGGTCCACTGATCCTGGATATACGCACCCAGCTGAGCCGCCGTGAACTGCGCCGCGACATCGCCGCCCAGGCTGCCGGAGCCCAGGAAGCTGTTGGCCCGACCGCCGGCCGCAAACACCGACAACGAGTCGAAGGTGTAGTTGCCGTACGAATTCTGGAGGAACGCGTTATAGACCTTGTAGATCTCATTGCGCGTACCGATGGAAACCAGGTGGTTCCCCAACGGCATGGTGAAGTTGTTCTGGATTTCGTACAGGTCTTCACGCAGCTCGTTGCCCTGCGAGTTGTTCTCTGTACCGGCGCGGAACGAGATCCCTGACCCACGGCCGCCGATGTTCTGCACCGTGATCATGGGCGAGGTCACTTCCGGGTCGCGCTTGAAACGGGTGTTGGTGAGCCCGAGCGTGAACTCGTTGGAGAACCCGTTGGAGAAGTTCGAGAATACCTGCGCCACGACCTGATTGGACTTTTCGGTACGCTCGAATGCATTGGAGGTGAAGCTGAACGTGCCGAGCGACCGCGAGAAGTCGAACGCCGTCTGGTCGTTATAGATGTTGCGGAGCACCAGGCGGTGCTTGTCATTGAACTGGTAGTCCAACCGGACGAACGTATTGAGCAGCGGGTTTTCGTTCTGCTGGATGCCCGGGCTGCCGGCGGCAATGTTGTAGCTGGCCAGTTTGGTGGTGAACGAATCGATCTGCGCCTGCGTGATCCGCGCCGTAGGGGTAGGTGAGTTGATCAGTCCCGTGGGCGACGAGGCATCGAAGAACGGTCCGCTGGCCGGCGAATTCTGCTGCGACGTTTCTACGCTGGCGAAGAAGCGCAGCTTGTTGGTGATGATCGGGCCGCCAAGCGTGAAGCCCAGCTGACGACGCAGGAACGGCGCGTTGCGCAGGAATGCGGTGTCGCGCCCCATCTGCTGGTCGCGGTAGTACACAAACGCCGAGCCGCGGAACTCGTTGGTCCCCGACTGCGTCACCGCGTTGACCAGGGCACCGGTGAAGTTGCCTTGGCGCACGTCGAACGGCGAAAGCAGAACCTGGAACTCCTTGATGGCATCGAGCGGCAGCGCGCGGCCACCGACCTGAGCGCCTACCGTCGGCGAATCACCGAGACCGAAACGATTGGCGAGCGAGACACCGTCCACCTGAATGTTGTTGAACCGGTTGTTCTGGCCGGCGGCGGACAGGCGTCCCGTGGTGGACACGTTTACCTGTGGCGTGTTGCGGACGAGGTCGGTGAGGTCGCGGTTGAGCGTGGGAAGGCGACGAACCAGCGTGTCCGAGATGACGGTCTGCGCGCCCTGGCGGGTGGCGGCGAAGTCGGCGTTGGCCGCCGCCGCGCGGGTCGTGATGCCCGCCAGCTGGGCGACCTGATCTTCCAGGTCGATGTCGAGGCGCGTGGTCTGCGTGAGGCTGACCGTGACCGTGGGGGCCGTGTACTGCTTGTAGCCGATACGCCGCACGTTCACGGTGTACTGGCCCACTTCGAGGTTGGGCACGAAGTAACGGCCGTTGTCGCGGGTGATGGCCCCAGTCCGGGCGCCATTGGCCTTGTTGATGACCTCAACCTGGGCGTTGGCAACGGGCGCCTTCTTGGAATCGGACACCGTGCCGGCGATAGCGCCGGTGGTGGTCCCCTGCGCCAGCACACGCTGGGCGGGGAGGAGAGCAAGACCGAGCACCGCTGTGGCGGTACCGAGCCAACGTGAGATTCGCATGGATTCTTGGGAGGAGGAATGGCGATTGACGCACATCCGACGTTCCGAAAACAGGAAAACAAGCTACCTGAAGACGGTCACAGCCCATAAAAGTTAGGGCCAGCCGAGGGTCGTGACAAGCAAGCTAG
NZ_CP011454.1_gap81	3162709	3163230	521	GGCGACCTGAATGGCGACGGTATTGCCAACAACGAGTTGATCTACGTACCGAAGGACCGCTCGGAAATGAACTTCGAGCAGTTCACGGCGACTGGCAGCGGCGCCAAGACCTTCACGGTGCAGGAGCAGCAGGACGCGTTTGAAGCCTTCATCAATCAGGACAAACACCTCAGCTCGCGCCGCGGCCAGTACGCCCAGCGTGGTGCGGTGTTCCTGCCGATGATCTACAACGCGGACCTGAGCATCACGCAGGACATCTTCGCCCGCCTTGGCGGCCAGAAGAACGCCCTGCAGCTGCGCCTCGACATCCTGAACTTCGGCAACTTCCTGAACGACAATTGGGGTCAGGGGCTGCGTGCCGTAAACAACCGTCCGCTGGTGGCTCGCGGTGCGGACGCACAGGGACGCGCGCTGTTCCGCTTCACCAACACGTCGCCCACGCAGCTGCTGTCCAAGAGCTTTGAGCGCACCGCCGGCACAAGTGATGTGTGGCGTATGCAGTTGGGGTTGCGGTACACCTT
