gap_id	start	end	length	sequence
NZ_CP071098.1_gap1	2952	3966	1014	ATGGTAGACGTAGAGTTATTTCATATAAATACTTTATTTGCAACATTTAAATGGGGGTGGAATTTTGAATATATTCCACATTATACATCTAAGATAACTTGGTGTAGAACGGATAAATCTATTTATACTCATCCTTTTGAACTTTCTCCTAAATTTATAAACCGTAAAGAAAACAACTATACTGTATTTGGAAAATTTAAGTCTAAATACAAAAACAATAGTGAAGGCTTTCAAAAATTTGTATCTAATCATCTAAAAGTGTGGGATACACTTCATGAAGCAATAGTGGAATATTATAATGCAACTTCAACATATGAAAAAATGTTAAACTGTCTTGAAGAAAAGCAAAAAGGAGGTAGTCTAATTTTTTTAACTACCTTACTTTTATGTACTCAAATATTAACCATAATCTTTTTTTGATATTCTTCCAGTTCTTCTTTTGTCATTTTACTTACTATCTTTAACTTAGAAAATTCGTTGATAAAATACTTATATAGAAATCTATCTTTCATTTCTAATATTTTTATTAATCTATTTCTATCTTCTATTTCACAATACTTTTCTATTAATTTTTTTAATAGTATCTGTTCTTCTTTCCAATATTTCATCTTTTATTTCACCTTTTTGATATTACATATTTTGTGCTGCTGTCATTAAGAAAGGTATTATTTGTTTTTTTCTTGACACAACATTTTCAAGTAAAACCTCATTATCAACAACATCTTTCTTAAAGGCATTTTGAACTAATTCTATTTCTTTTCCATAGACAAATAGTAATGAATTAGAATTTATAATATCTGTTACAACAAAGATAAATAATGAATAGCCATATTTTCCTATTTCATGTTCTACCTCTTTTTTAATTTCTGCTTTTCTATCAGCCAATTCTTGAATTTGCACTGTATTTACTTGTGCAACTGCTATTTCCATATCTCCAACAGGAAAAACTTTTTTATCTTGATTTATAATTTCTTTCATATTTTCCCTAGACATTGAAGTTCCTGCAACTAACAT
NZ_CP071098.1_gap2	101563	102885	1322	CCTAATCTACTACTATCTTCCTTTTCATGTTTTAATATCTCTTTTACTTCCTTTTTAGTTTCTTGTGTTATAGTATAGTTTTCTGAATAAGAAGTAGTTGTCACAAGAAGTGCTAATACAAATAAATACTTATTTTTAAACATTATAATCATTTAAAGAGCAATATATGCTCTTTATCCTCCCTTTTCTAATTTTTTACGAACTTCTATAATATATCATACAAATATTTAATTAGTCAAATTATATTTTTAAAGTATATTTAGTTTAACTTTATAGTTATATTTCAAAGTAACATTTTATCTATTAACAAGAAGTTAAAATTTTAAAATAAGTTGAAATATTAAACATAAAGTGATATATTCTAAATATACTGTAAAAAATTAAATTATTAGGAGGAATTTTATGAGTTTTCAATGTGTAAAAAAATATGAAGATAGCTATGACAAATATGTGCTTGTGGCTACTTCTGAAAAAGTTGTACTACCAGATTATTTAGATAAAGAAAGTAAAAAACTTGCCGAAACTATCATTAAAAAGAATAAGTTTACTGCAAAATCTTCTGAAAAAATTTCTATGACACTTGTCAATAAGAAAAAAGTAATAGATTTTATAATTATAGGTTTAGGAGAAAAGAAAAAATTAAATGCTAAAAATATAAGACAATACCTTTTTGATGGCTTAAAAAATATAACAGGAAAAGTTTTTCTAAGTTTTGCTGATAAAGACTTAGATGATATAGACATTATTGCAGAAGTAGTTGAACATATAAACTATAAATTTGATAAATATCTTACAAAGAAAAAAGAAGAATTTTTAGAAGTTTCTTATTTAACAGATAAGAAAGTTCCAAAATTAATAGAAGGATATGAACTTGCAAAAATATCTAATATAGTAAAAGATTTAGTAAATGAACAAGCAGAAGTATTAAATCCAAAAGAACTTGCTAATAGAGCAACTAAGTTAGGAAAAGAATTTGGCTTTGATGTTGAAATATTAGATGAAAAGAAAGCTCAAAAATTAGGAATGAATGCATATCTTGGTGTTGCAAGAGCTGCACATCATAGACCTAATGTTATTGTTATGAGATATAAAGGAGATGCTAAATCTAAATACACTTATGGACTTGTAGGAAAAGGGCTTACTTATGATACAGGAGGACTATCATTAAAACCTACTGATAGTATGCTTACTATGAGATGTGATATGGGTGGAGCAGCAACTATGATAGGAGTTATGTGTTCTATTGCTAAAATGAAACTTAAAAAGAATGTTACTTGTGTTGTAGCAGCTTGTGAAAATTCAATAGGACCTAATGCTTACAG
NZ_CP071098.1_gap3	112177	116394	4217	CAACAGTCCATAATTTCAATTTAGTTTCTCTTAAATCTGTTATAATTTCTGGCTGTTGTTTAAACAAACTTTCAGAAGTTTTACATATTTTTACTCCACCAAAGCCTTGTCTTTCAGCTATTCCAATTAATCTTACCAATTGCACCAATGTTTCATTTCTAATTACTGAATTTCCACCTTGAACATATTCGTCTTTGGTAATCAGCATTTTTCCAGAATTTTCAAAATTTATCCACCCTTCAAACATTTCTATTTTTACTTTTGGAAAATTTTGCAAATAATCTGCATGAATAAGTGTGTTTACCAATGCTTCTCTTATAGCTTCTATCAAAAGGCTTGTATTAGACACTCTTACTTTTTCTTCATTTAAAGCAAATGGCTCTTTTAAAAATATTTTTATCTTTTCAAATACAATGTTATAAAAATTAAAGATATTCATTTCACCATATGAATTAGGTAAATCAGAAGAAACCCTGTCTTTCCATCTCTCATTATCCTTATCACGATAGAAAAAGTCCAAATGAAACTTTGAAAAGTAATCTGTTATAGATATATATTTTCCTAAAAGTAATAAACATCCATCTGTAATTTTATATATATTATTTTTTCTATCAAGTCTTATTGCTCCTATTTCTTTTAAAAAATCTTCATCATTTAAGTTTTTATAATTTTTCTCAGGATATCTTTCTTCTACAATTTTTCTAAATTTGCTAACTGTTTCTCTATCTAAATCTTTAATAGAAAAATTATCAAGTAACAGTGGTTTTGGTGTTGCCATTGCCATCAAAGTTCCTATTTCATCATTATCAGCTTTTTTATCAGCTTCTCCTCTACGAATATAGGTATTTTCAATTTTTCTATTTAGATATACAGGTTTCTTATTATGAGGTGCTTCTTTTATATCTAATATCATGATATTTTTATCATCTATTTTAACTTTATAAATATCCCCATTTCCAATAACATTATAACTTACTTTTGCCAAGTTATTAGCTGTATTCCAAATATCTTTTTCCATTTTATCAATATCATTAATACCAATTATGATATTATCTCCATTTTTCTCTTCTTCAATTCCTAAAATAATAATTCCACCTGAAGTATTACAAAATGCTGAATAGGTTTCCCACAAAGAATTAGGAAGATTATTATCTGCTTTTTTAAACTCTATATTTTCATTTTCTTTTATTTTTTTAAATCAAAAGAAAGTTTCGTTTTTTCATTATTCATAATTTTTCTCCTAATCTTTATTTTAGAAATATTTCAAAAAATTTATTTTCTTTTAAAGTACACTGCTCTCCATTCTTTATCAGCTTTTACTTCAACTACTTCAAGTCCCACATCTTCTGCTTTACTTATTACTTCATTTAACTTATCTTCAATTATTCCAGAAAACAAAACTATTGAATTTTCTTTTAAAATATATTTAATCTCATCAAGCAATTTTACTAAAACATCTGCTAGAATGTTACATACAACTATATCAAATTTCTTATTTTCAATAACTTCAAGTAAGTTCCCTTTTAAAAGTTTTACATCATTTAAAGAAATGTTATTTAAAATTAGATTTTCCTTAGCAACTTCCATAGAAAATTCATCTATATCTGTTCCATAGACTTCATCAGCTCCTAAAAGTTTTCCTGCTATCATAAGTATTCCAGAACCTGTACCTATATCTATAACAGATTTATTAGAAAAATCTTGTTCCTCCATTAACTTTAATAGAAGTGAAGTTGTGGGATGTGACCCTGTTCCAAAGGCTCTACCTGGATCAAGCTCTATAACAAGTTCATTATCTTGCTTTTCATATTCTCTCCAAGTAGGTTTCACAACAAATTTTTCACTGACTTTTTCAACAAATAAGTATTTTTTCCAACTATTTTGATAATCTTCTTCATCATATTCATAGAAATCTAAGTTATACACTATATCTTCATCTTCTGAAAACTTTTCAGCAAAAGTTTCTTCTAAAACTTTTTTTCTTTTTTCTGAGTAAATATTCAATGGAAAATAAGCTGATACTGAATTTTCAGAAATTAAAAATTGTTTCTCATCTTTATAGAAATTTAAAGGGTCCTTATTTAAAATAGGCTCTTCTATTTTTAAGCCAGTAACTCCAAAATTATAGAATATATCTGAAATTATTTTTTTGTATTTCTCTAAATCATCACTTTCATAGATAATTTTAGCTTCTAAAACCTTCATTTTCACTCCATTTTATTCTTTCTATTTTTTGACATTTTCCAGTTTTTTCATCAATTTCCACTTCTATTCCACATAGTTGTTCATCACCTTCTGCAACTTCAAACTTTTGTGGTAATGAAGTTAAAAATTTGTTTATTATAGTTTCTAAATTTGTTCCTATAACTCCATTTTGTGAGCCTGTCATTCCTATATCTGAAATATATCCAGTTCCATTATTTAATATTCTTTCATCTGCTGTTTGTACATGAGTGTGAGTTCCATAGAAAAGTGAAATATCTCCATCTAAATATTTCCCTAATGCAATTTTTTCAGAAGTTGCCTCTGCATGAAAATCTACTATTATATTTTTAGTTATCTTTGAAATTTCATCTATTAACTTCTTTGCAGTTCTAAAGGGACAGTCAACAGCATTCATAAAAACTCTACCTTGTAAAGATATTAAAGCAATTTTATTTCCCTTTTTATCTTCTAAAATTGTATAACCTTTTCCGCAAACTCCTCCTGGATAATTAGCAGGTCTTAAAATTCTATCTGAATTATTCATATATTCATAGATTTCTTTTTTATCCCAGCTATGATTTCCTCCACTTATTACATCTACTCCCCAAGATAAAAATTCATCTGCTATTTTTATTGTAATTCCAAAACCACCTGCTGAATTTTCTCCATTTACTATAATGAAATCATAATTATCTTTATATTTTTCTAAAAACACCTGTAAAGTATTTCTTCCGGGTCTTCCTACTATATCTCCTACTACTAATACTTTCATTTTTTCCTCTATTCTAATCTTTATATTTTACATTACATTATACCATAAAAAATATTGAGTAGTCTTTATTATTTTGTTATAATCTTTGTAAATAGAATTAATAATATGGAGGTATGTTATTATGAATATTAATGTTTGTAAAAAAATTTTGAATTCTGTTTTATTTTTTATAGCTTTTATGATTGTTGCATTTGTTATAAATACTTTTCTTTTTAAATTTAGATTTAGTAAAACAGCACCTTCAATTTATGAGGCTATTCCTGGTGCTATTGGTGGAACATTAGCAACTGCATTTTTTGTAAAAAAAGATATAAAAAAATCTGATATCTATTTTTTAAGTATACTTATAATTCTTGCAATAGCAGTTTATTTTTTTGTTCTTAATTGACATCTAAAACTTATTATGCTATATTAAATGTAGTAACAACCCTAAGGGGAAAACTATTTGAATATTATATAGGTAGTCATAAGTCTAGGATAAAGGCGTTCATCTAATGGACGCTTTTATTCTGTCCTTAGACAAGACAGAAAAATATTCAAATAGGAGGGTGGTTTTTATGACTATCTATATTAAAGCTATTAACTTTGATGGAGGAACAACATTATTAATAATATTGTTCTTGCTACTGTTATGGTGGAGATATAATAGAAAATAAAAAATCCCCCTCACCCTTAGGGGATTTTAATATTTATTTCTTTAATACATCATCAAAATCTTTTTCAGTAAATTTGTATTTTTTACCACAGAATTGACATTGAGCTTCAATTTCTTTTTCCTCTTCAAAAATATGTTTTAATTCTTCTTTTCCAAGTGTCATAATACCTTTTTGAAATCTTTCAGCACTGCAATCACAACTATATTTTATTTCTTTTTCTTCTAAAATTTCATATTCTTCAACTAAACTATCATCTTCTGTGTCCATATCATCATATAGAAGATTTATTATTTGTTCAAGTGACATTCCACCTTTCATAAGCTCATTCATAGGCCTTATAGCTTCTGCTTTTCTTTCTAATTTTGTTATAAAATCTTCATCTGCATTAGGAAGTAACTGAACCATAAAAGCCCCTGCACATAAAATTTTTCCATCATTTGTACATTCTTCTGCAATTGAAATCACTGTTGGAATTTGCTCTGAATTATAGAAAAATGAACTTATATCATTAGGTAAATTTGAATAATCAATATTGCTAATTGCTACATAAGGTTCTTTTAAACCCATATCCTTAATTATTCTCA
NZ_CP071098.1_gap4	159818	163116	3298	TCATCTTCACTTAAAAAATCATGAAGTGGTAATGAAATTTCATTCTTATATTGATTATAAGCATTAGGATAATCTTCTATTTTAAAACCTAAATTCTTATATGCTGTCAAAAGTGGTAATGGTTGAAAGTGAACATTAGTTGCTATATCATTTTCGCCCAATTTAGCAATTACTTCATTTCTTTTTTCTTCATCTTGATTTTTTAATCTTATCATATATAAATGTCTACAACTTTCTTTATCATCATCTTTAAAAATTGGTAATTCTATCTTATCTGTTAAATCCTTTAAATACTTTTCATAATAAGATACTAATTCTTGTTTTTTCTTTAAAATTTCATTATCATATCTTTGAAGTTGGACTAAACCAATAGAAGCCATAATATCTGTCATATTACATTTGTATCCTGGCATGACAATATCATATTTCCAAGCTCCTGCTTTTAGTTTTGCTAATGCATCTTTATTTTGACCATGTAAAGCTAATAACATCAACTCTTTATAAATTTGTTCATTATCAAAATTATTAGGAAGACTCCAAGTTAAAGCTCCACCTTCTGCTGTTGTTAAATTCTTTATTGCATGGAAAGAAAATGAAGTTATATCTGCAACACTTCCTATTTTCTTTCCTTTATAGCTACTTCCAAATGAGTGAGCTGAATCAGCTAAAACTAATATTCTTCCAAGTTTTTCTTGATAAGTTCCTTTTTTAGGATTAAATATATCTTTTTTCTTTTTTACTAAATCTAAAATTTCTGAGTAATCAGCTGGAAATCCTCCAATATCAACTGGAATTATAACTTTAGTTCTAGGAGTTATTAATTTTTCTACCTTTTTAGGATCTATATTAAATTCTCCTTCTTTTATATCAGCTAAAACTATTTTAGCACCACAATGATATATTACACTAGCTGAAGCTGTATAAGTGTAAGCAGATGTTATAACTTCATCTCCTTCTCCTATATCAAATAATCTGAGAGCTAATTCCATTGCAGCAGTTGCTGAATTAAGACAAACAGATTTTTTTGTCCCACAGTACTTCGCTATTTCATCTTCAAATCTTTTTGTTTTAGGACCTGTTGTAATCCAACCAGATTTTAGTGTATCAACTACTTCTGCTATTTCTCTGTCTGTTATATCAGGTGGAGAAAAAGTAATCTTTCTCTTTTCCATAAATAATCCTCTCCTCATTTATTTTAATATTTTTTTTATTGTTAATAAAATTATTTTTATATCTGTTAATATTGAAATTTCTGATAAATATTTTTTATTTAATTCAATTTTCTTAGGCATAATTTTTTCTATATATGCTTTTTCTGGATCTTCCTCTGAAGCCAATAAATCATTTTCATCTGAAAATTCTATTGAAGCATAGTCTGTTATTCCAGCTCTCACTTTTAAAATTTCTTTTTGTTCATCTGTATAAAGAGCAACATATTTTGGAACTTCAGGTCTTGGTCCAACTAAACTCATATCTCCTATTAAAACATTTATCAACTGAGGTATTTCATCTAATTTATATTTTCTTAAAAAAGAGCCTAGTTTTGTTATTCTGCCATCTTTTCCAACTGTTATTTGACTATATTTATCTGAACCAACTCTCATAGTTCTGTACTTGAAAATTTTAAATTCTTTTCCATTTTTTGTTACTCTAATCTGTTTAAAAAATACAGGTCCTTTTGAATCAATTTTTATCAATATTGCTATTATTAACATAAAAGGCAATAATATTATTAATCCAAATAAAGAAAGAGTTATATCAAATATCCTTTTTAACAATTTTTATTCCACTCTCCCTTTAAAAGTTCCAATAATATTAGCAAGAGTTCTTCTCATACCAATAATATCATTTTCTTTAATTAAATCTTTAAGAATTGTATAATAATCATCAATATTTACTTTAACTTTTTCGTTTTCCATATTAGTAATAAATATCTTATTATTAGAAGTCTTTTCTGATGAATTTACATCATATAGTAATTCTTCAAACAGCTTTTCACCAGGTCTTAAACCAACTATATCTATCCCAACAGTTGAACCTGATAATTTAATCATATTCTTAGCTAAATCATATATTTTAACTGGTTCTCCCATATCTAATATTAAAATTTCTCCACCTTTACCAATAGTTGCTGCTTCTATAACTAATTGAGCTGCTTCTGGTATAGTCATAAAATACCTAATTATATCTTTATGAGTAAGGGTTAAATTTTTTCCTTCTTCTATTAATTTTGAAAATATTGGAATAACTGAACCATTACTTCCTAATACATTTCCAAATCTAACTGCCATAAATTTTGTATTTGAAGATTTTTCTGAATATTTTTGAAAAATCATTTCACAGACTCTTTTTGTTGCTCCCATAATATTAGTTGGGTTTACAGCCTTATCTGTTGAAATTAAAACTACCGACTCTAATTTATATTTTAAACAACATTCTGCTATATTTTTAGTTCCAAATATATTGTTTTTTATAGCTTCTTCTGGATTATTTTCCATAAGTGGTACATGTTTATGTGCAGCAGCATGAAACAATATATCTGGCTTGTACTTATTAAATAATATATTTAGTTTATCAAAATCTCTTACACTTGCAATTTCAGTTTTATAGTCTAAATAAGGATACTTTCTTTTTAATTCAAGTTTCATAAGATAGGAAGCATTTTCATTAATTTCAATATTAATAATTCTTTTAGGGTTATATTTTGCAATTTGGTTAATAAGTTCAGATCCAATACTTCCTCCACCACCAGTTACAAATATTATCTTATCCTGAATAAAATCAAATACTTCCTTTGTGTTTATTTTTATTTCTTCTCTACCTAATAAATCTTCTAATTTTATATTTCTAAGTTGAGTTGCTAAATTCCCTTCTTCTATTAAATTGTCTACATTCGGTAATATTTTAACAGATAAGCCCTCTATTTTATTAATTTCTTTTAAAATATTAGAAACTTTATTTTGACTTACTGATGGCATAGATATAATTATTTTGGAAATCTCTTTTTTTTCTACTATTTCTTTTACTTTTTCTAAACCACCTAAAACTTTTAGTCCATAAACTTTTCCGCCTATTTTATTTATATTATCATCTAAAAAACCAACTATTTTATATGGAAAATTTGGGTTTATTTTAGATTCCTTTACTAATAAAACCCCAGATTCTCCTGCTCCATAGATAAGTACATTTTCCTGATTTAAATCTTTTTTTATAATCCCTTTCATTCTAGTTAAAAACATCAGAAATCTTGAAAGTATTAATAAAAATGTAAAAATTATAAAGGTTTCAAAGTATAGAC
NZ_CP071098.1_gap5	166924	171356	4432	GTAAAATATTGATATCTACCTTGTAAATCTTCTGGCATTTCAATTAATTTTACAACTTCATTTCTATCTAAATTATCATTATGAGAAGCTGCTCTCATTGTAGCCATAGATAAATCCATAAAACTTCTAGCTTTTCCAGTACCTATATTATAGATTCCAGATTTTACATTATTGGTCAACATAAAAAACATTACATCTACAACATCTTTTAGATAGACAAAGTCTCTTAATTGTTCTCCATCTTTAAATCCTTCTTTATATGATTTAAAAAGTTTTACATATCCATTTTCTACATATTGATTATATGTGTGAAATACCATTGAAGCCATTCTTCCCTTATGGTATTCTTGTGGACCATATACATTAAAGAATTTTAAACCATTCCATTGTTTAGGTTGATTTTTTTGTTTAAAAGCCCAATCATCAAAAAATTTCTTTGAATAGCCATATTTATTTAGAGGTTTTAACTTTTGTAATTCTTCTGGACTTACATCATCATTATACCCAAGTTCTCCCATTCCATAAGTTGCAGCAGAAGAAGCATAAATATATTTTATATTTTTTTCAGCACAAAAATTCCATAAAAATTTACTATATCCAAAATTATTATCCATTAAAAAGTCTGCATCTGTTTCTGTTGTAGCTGAACAAGCTCCCATGTGGATAACTGCCTCTATTTTATCTGCATTTTCTTTACAAGCCAACCATTCTTTTAAATTATCTTTATCCATCCAATCATAATATTCTCTTTTTCTAATATTTAACCATTTATCTTCTTTTCTTAATTTGTCAACTATCAGAATATCTTTTATTCCCATTTCATTTAGCTTCCATACAAAAGCACTACCAATCATTCCAGCTCCACCTGTAACAATTATCATTGCACTACCTCCTTGTATTCAACTTAAAGAGTATAACATTTTTAGTTATTTAATTAAAGTAAAAATTTATTTTATTTTTATTATACCACACAATATATCATAAAACATAATTAAAAATTATTAATATTTACAAAATTTGTGGTAAAATATATCAGTTATTTCACATTAATAATTTTACAGGAGGAATCTAAGTGAAAAAAATATTTTTTTTAATATATATTTTTTTAAATTTTAGTTTTGCATATTCAGAAAATATAGAATTAAAATCAAGAGAAGATGTTGAAATTGAAAATATAGAAAGCCAAATAAAAGTTTTAGAAGATAAAATTCAAACAATAAAAAAACTAAAAAATAATAAAAATAAAGATGATTTAAAAGTTGCCTTAGTTTTAAGTGGTGGTGGAATAAAAGGATATGCTCATTTAGGAGTTTTAAGAGTTTTAGAAAGAGAAAATATTAAAATTGACTATATCACTGGAACAAGTATAGGAGCTTTGGTTGGGACATTGTACTCAATAGGTTATAGTATTGATGATATTGAAAAAGTTTTAGATATAATAAATGTTGAAAACTTTTTAGAAACAGGTTCTGATACTACTAATTTACCTTTAGATAAAAAAGAAAGTTTAAAAAAATATAGCTTATATGTTAATTTTGATAATGAATTAAATTTTTCTTTACCAAAAGGTCTTAAAGGAAATAGAGAAACATATTTAGTGGTAAAAGACTTATTAAAAAATTATGCAAATATTAAAAATTTTGATGACTTCCCTATACCATTAAGAATAATTGCAACAAACTTAAATACTGGTGAAACAAAAGCCTTTTCAAAGGGAGATATCTCAAAAATTCTAATTGCAAGTATGGCAATTCCAACTATTTTTGAACCAGTTGAAATAGATGGAAATACTTATGTTGATGGACTTGTAAGTAGAAATTTACCAGTTGAAGAAGCCTATGATATGGGAGCTGATTTGGTTGTAGCCTCAGATATAGGAGCACCTATTGTAAAAAAAGATAATTACAATATTTTAAGTGTTTTAAATCAAATAAGCACTATTCAATCTTCAAATATTACAAAAGTTTCAAGAGAAAAGGCTTCAATTTTAATTAGTCCTGATGTTAAAGATATTTCTGCAATAGATTCATCAAAAAAGAATGATTTAATAAATTTAGGTAAAGTTGCTGCTGAACAACAAATAGCAAAAATAAAAGAATTACCTAAGAGCTCTTCTAATAGAAAAATAGTAAAAAATATTGAAGATAAAAAAGAAAAATTTGTCATAAATAAGATAGAATATAACAAAAAATTTGATAATACTACTGTTGAAATTTTAGATAATACTTTTAAAAATTTACTTAATAAACCTATTTCTGAAAAAGATATAGAAAATACAATTACAGAAGTTTATAACTTAAAATATATGGATAAAGTTTATTATACTATCAATGATAATGTCCTATATTTAGATGGGGAAAAAGCACATTCAAATAGAATAGGTGTTGGTGCTAACTATCAAACTGGTTATGGTACTACTTTTAATATTGGAACTGATTTATTCTTTAATGGAAAATTTGGAAATAATATTAATTTGAATTTTAAATTTGGTGATTATTTAGGGCTTGATTTAGGAACTCTTACATATCACAGTATTAAAAATAGATTTGGAATTTTAACAAATATTGGATATAATGAGAGTCCATTTTTCTTATATGATAACAGAAAAAAAATTGCTAAATTTATGAATAGAGAAGCATATTTGAATGTAGGGATTTTTACTCAACCTAGTAATAATTCTATGATTTCTTATGGTGTAATTTCAAAGTTTTCTAATTTAAAACAAGATACTGGTGGAAACTTATCACGAAACCTAGAGTATTCTGAAAATCAAACAAAAACTTATTTAAGATTTAAGTATGATAATTTAGATTCTATTTCCAATCCTATGAAAGGAATAAAAGCTGATCTTATCTATAACTTTGCAGGTTCTTTTGGAAAATCAAAATCAAATTTATATGGTCCTGCATATAGTATTAAAGGTTATGTTCCTATAAATCCAAAATCATCATTTATATATGGCTTAAATTTAGCTAGTTTAAGGGGTGATAGAATAAGAGCTGATCAAAGAATTAGACTAGGTGGAATATATACTAATATAAATGATAATGAATTTGAATTTTATGGATTTAATTATCAAGAAAAACAAGTAAAAGATTTAATAAGTTTAACATTGGGATTTAAACATAAAATAGTTTATTCATTGTATTTTAATACTAAATTTAATATAGCAACATTTACAGAAAATAATCCTTTGGAAAATAATAATTCTAGGTTATGGAAAAACTATTCAAAAGGAGTAGGAGTATCAATAAGTTATGATTCACCAATAGGACCTATTGAATTCTCTATTTCTTCTGACTTAAAACATAGAAAACCAATAGGTAGCATTTCCATTGGATATAAATTAGATTAGGGAGGATATTATGGAATTTGATATTGTTAAATTTTTAATTCTTGCAGTTTTCTGTTTTATTGCGGCTGTTGTTGATGCTATTTCTGGTGGAGGAGGTTTAATATCTTTACCTGCATATTTTGCAGTAGGTTTTCCACCTCACATAGCCTTAGGTACTAATAAACTTTCAGCTTTTCTTTCAACTTTTGCCAGTGCCTTTAAATTTTGGAAAGCTAAGAAAGTTAATGTTGAGATAGTTTCAAAACTATTTGTTTTTTCTCTAGCTGGTGCTGTTTTAGGAGTTAAAACTGCTGTTTCTATTGATTCAAAATATTTTAAACCTATTTCATTTGGAATTCTTATCTTAGTTTTTCTATATGCCTTAAAAAATAAAAGTTTGGGAGAAAAAAATTACTATAAAGGAACTACACCAAAAACTATTTTACTTGGGAAGATAATGGCATTTTGTTTAGGTTTTTATGATGGATTTTTAGGTCCTGGAACTGCAGCATTTTTAATGTTTTGTTTAATTAAAATATTTAAGTTAGATTTTTCTTCTGCAAGTGGAAATACAAAGATTTTAAACCTTTCAAGTAATTTTGCTAGCTTGGTTGTATTTGCATTTTTAGGAAAATTAAATTGGGTCTATGGACTGTCTATTGCAGTTGTTATGACCTTTGGAGCTATTATTGGTTCAAAACTTGCTATATTAAAAGGAAATAAGTTTATAAAACCAGTATTTTTAGTTGTAACTATTGTTTTAATTTTAAAAATGTCAGTAGAAATATTTTTTTAATTTATAAAATATACAATTGAGTATTACAAATAAAAATAAGAGAGTTACATTCCAGATTTTAGGATAAAAATTAAATAGAATGAGCCGAGCAAATCTCAGCGTGTTTGAAGCTGACTTGTCAGCAAGTTGGCTGAATTTGCAGCGAATTCTTAATTTTTATTCGTTAAGAAATCTGGCTAGTAACGAACTATTTTTATTTTAATTCTGTGGAGGGAAAATTGGAAAAAATAAAAGTATTTACACTTGAAAATAAATTTTTAAAAGTTGAATTTCTAAATTTAGGAGCTATCATAAAAAAAATA
NZ_CP071098.1_gap6	200723	204377	3654	TTGTTTTAATAGTTTTTTATCCTTTAATATTCTTTCAGATTCCAATTCCATAATCTGTGCTCTTAATCTATTTGAAACTTTCATCTTCCTTATATTTGTAAAATATACAATAGTTAATAATATTATCAACGCTATTACAGTCATAGGTGCAGTATTAAATAAGAATTCATTAAAATTTAATTTTCCTTCACTACCTATGATAAGTTGAGTAGGGTCTCCTATTAAAGTTGCCATTCCTCCTATATCTGATGATAAAACTTCTGTCATAACAAAAGGAAAAGGATCTAATTCTAATTGTTTAGCCAACAATATTGATACTGGTGCCATAAGTAAAATTGTTGTAACATTATCTAAAAAGGCTGAACAAGTCGCTGTTACAAGTGAAAGTAATATTAACAGTTTTAAAGGATCTCCTCTTACTATTTTTACAACTTTAATTGCAAACCACTGGAATACTCCCGTTTCCGATATCAAAGATACTATTATCATCATTCCAATTAGTAAAAGCAATATTTCTAATCTACTATGTATTGTTTCTAAAATTTCTTCTTCATTCACTATCCCTAAAAAAGCCATTGCCAATGCTCCAAGCATAGTTGCATAGGCAGAAGGAACTTTTTCTGTAATTATGCAGTAAAAAACTATAATAAAAATAAGTATTCCTAAAATTAATAACATCTTCTCTCACTATACCTCTCTACCCTTATTTTATAATGTAAATAAAAAAATAAGTGAGTTACTTTCTTAATAAATTTTATAATGTTAGTAAAAATAAGTGAACTTGCATCTAAATTTTAGATGAAAAATTAAAGCAAGTGAGCCGAGCAAATCTTGACTTGTTTGAAGCTGACTTGTCAGCAAGTTTGTCAAATTTGCAGCGAACGTTAATTTTTCATCGTTAAGAAATTTAGCTAGCAATGAACTATTTTTACTACATTATTAATCTAGCTAGTAACGAACTATTTTTTACAAATATCTGAAATAAATATATATTGAAGCTATAATTAAATTTTCTATGACAATAATTCCACCAAATTTTAAAAATTGTACAAAATTAATTTTACATCCTGCTTTGTCTGCTGCTCCTACTGCTACAACATTTGTTGCAGAACCAAGCAAACTTAAATTTCCACCTAAACAAGAACCAAAAGATAAGGCCCACCAAAGTGCTTTTACTCCTGCTACTCCTGAAAATGTTGGTATCATAATTTTAAGAATTTTTGAAAATGTAGCAGCATTAGCAACATTTCCAATTATAGAAGTAAAAGCTGCTGAAATCCACATTGTTGAAAATACTGCTGCCCCAAAATGCCCTTCAGTTAAATTTATCATTTTATCTCCAATAAATTTAATAATATCAAGATTTTCTATTCCTTTTATCATCATAAATAGCCCTATGAAGAAAAATAGAGTTTCCCATTCAACTCCTTCAAACATTTCCTTAGGACTTTTCTTTGCAAGAAGTGATAGGAACACTGCACCAGATAATGCAATCATAGCAAGTCCTTTATCTACAAAGTTATTTAAAATAAAACCTATTATAACCAATGAAAATATTATCATTGACTGTTTTAAAAGTTTTATGTCTTTTAATGATCTACTAGAATCCAATTCCATAATCTTAGCTTTTAATTCATTAGACACTTTCATATTTTTTGCATACATAAAGTAAACTGTTGTCAAAAGTGAAAGCATAGAAAGTATCGCCATTGGAGCTGTATTAGATAAAAATTCATTAAAAGTTAATTTTCCTTCTGCTCCTATAATAAGTTGAGTTGGATCCCCAATCAATGTTGCAAGTCCTCCTATATTTGCAGACATAACTTCTGTTATGACAAAAGGGAAAGGATCTAATTTTAACTGTTTGGCAAGTAATATAGATACTGGTGCCATAAGTAAAATTGTTGTAACATTATCTAAAAATGCAGAACATAATGCTGTAACCATAGCCAAAAGTATAATTAACTTAAATGGTTCTCCTCTTACCAATTGTGCAACCTTGATTGCAAACCATTGGAACACTCCTGTTTCAGAAACAAGAAGAACTATCATCATCATTCCAACAAGTAGAAATAAAACCTCTAATCTATCGTATATTGTTTCAAGAACTTCATCTTGGCTTGTTATTCCTATCAAGGTCATCAACAAGCCTCCACCCATCGTTGCCCAAGAACTTGGTACTTTCTCTGTAATTATACAGTAGAACACCACTATAAATATTAAAATTCCTATATATAACATTTTAACCTTCCTTATTATATAAAATTTAATAAGAAAATAGTTCGTTACTAGCCAGATTTCTTAACGAATAAAAATTAAGAATTCGCATCATAAGAAGCTCTAAGTGATAAATCACTAAGTGCTTCTAAGAAATTCAGCAAACTTGCTGACAAGTCAGCTTCAAACATGCTGAGATTTGCTCGGCTCATTCTATTTAATTTTTATTCTAAAATCTGGAATGTAACTCACTTATTTTCTATATAAATTTTAATTCAACTATTAAATGTGCAATACTTTCTTAATAATGTCTGACCTATTTATAATTCCAAGATATTTATTATCTTTTGGATTTACAACATATAATCTGTGCATTCCTTTATAAACCATTTTAAAGCAGATTTCCATTATAGGTGTATCTTTGTCTATCAATAAATGTTTTATATCTTTTCTATAAATATCTTTTATTGTCATTGTACTTTCATTAAGTAAATATTCTTCAAAGGGTTCTCCTACTGTCAAGAAGTTTAAATCACTCATAAGAGAAAGATGTTTAGGCATACCAAAACCTATTAACTCCCTTTCTGTTATTTCTCCTAAAAGAATACCATTTTCTGTTAATACAGGCAGTGCTGATTTTTGTTCTAGTATCAATCTTTTAGCTATTTCTTCCAAAGTATCATTTTCTTTTGCTGGTTTTATTTCTGGGCTTAAAACATCTTCTGCTATGATTTTATGTTCTATTTCTATATCATTAGCAGATAGTAATTCAAGTATTTGTCTTGAATGAGTTGCTGTTTTAATCTTTTCTATAATTTCAGGATTTTTTAAAGCTATCTTTGAAATTGCACTCATAGCTTTTAATAAATTTTTATTTTTTAAAACATCTGAAATTATTAAAAATACAACCTTTATATCATCAGTTTGGTTTGTTCCCCCGATTTCACCTTCCAATTTATTTTTAATAGTAGCAACTGCTATAATAAAATCTGAAAAATCTATCATTCTTGTATGAGGTAAAAAAATTCCATTACCTATACAAGTAGAAATTTCTTCTTCTCTTTTTAAAATATTTTTAATAATTTCATTTTTTTGTTCAGAAACCATCTTATTATCTTCTGCCACTTTGTCAACAATTGCTCTAATTATTTCTTCCTTAGAATTTACTTCTAAACAAGGAAATATATAATCTGGATTTAAGTAACTTGAAAATTTCATATTTTTCCCCCTTGATTTCTAATGATGTAATATTATACAACTAAAAAATATCTATTGCAAATTTATAGAAAATAATATTTTATAAAAAATTTTGACTTTTAGTATATATAGTGTATACTATATATATAAAATATGAAAGGAGTTAATTCTATGGGAGTTGCATTAAGAAAAAATATAACACTTACTGATGAAGAAAACCAAGTTATTTTAGATTTTTGT
NZ_CP071098.1_gap7	212158	212715	557	CCTTTTTTATTCTTTCTTCATTGGACATTTGAGATTTTATTATTTTAGCTGCCAGTTCTCTATCTATTTTATCTCTTTCAACTATTCTATTTAATTGTATTTCATAGTCTGAGATAACAACTAAAATCTTATCACAGAATTTGTCTAACCCACTTTCAAATAATAGTGGTACATCAAAAATTATCACTTCATCAGTATTTTTTTCTTTTAATTTTTTATAAAAATCTATAACCTTTGGATGTATTATACCATTTAATTTCTCTAATTTATCTTTATTTTCAAAAACTATCTCTTTTAATTTTTTTCTATCAACATTTTCATTTTTATCTAAAATTTTATTTCCAAAAGTTGAAATTATTTCTTCTTGAACTGATTTTTTTTCTGAAATACCCTTAGCAATTTTATCAGCATCGTAAACTTTAAAACCTTTTTCTGCTAAATATTTTGATACTGTGCTTTTTCCACTGGCTATTCCACCAGTTAAACCTATTATCATAATGCTCACCTAGCTTATATAAATTTATATTCTAAAAAATAATTTATCATAAATTGTGATT
NZ_CP071098.1_gap8	227885	230529	2644	TTCTTCTAATGCTGGAACATCCATTCCATACATTTTTGCTACTTCTTCCATTCTTTGACTTAATTCTTCATCAGTAGCTTCAAAGTTGTTATCTTTTGCTATTCTATCTAATATTAAATCAACTTTTACTTTCTTTTCAGCAGCAGGTGCTAATTGAGCAGCAAAAGTTTCTACATTTCCTCCCATCATTTTTAGATAGTCATCCATTTTAAACCCTTGCATAGATAATTGATATTCTAATTCCTTTAATCTATTTTGGATTTCTGCTTGAACCATAGAAACTGGTACATCAATAGTAGTTGTTTCCATTAATTTATCTAATAGAGCAGAAACATATTCATTTTCTATTCTATCATTTTCTCTTTTTATAGTTTCTTCCTTAGTTTTAGCTTTTAATTCATCAAGAGAAGCATATCCTAATTCTTTTGCAAACTCATCATTTAATTCAGGTTGTTTTAATTTTTTAATAGCATTAATCTTAACCTTAAATTGTGCTGGTTTTCCAGCTAATTCAGGTGCATGATATTCATCAGGGAATTTAACAGTAATTTCTCCTTCTTGTCCTTTTGTATATCCTACTAATTGTTCTTCAAAATTATCTATAAAACTTTTGCTTCCTAATTTTAATAAGTGAGATTCTGCTTTTCCTCCTGGGAATGGAACTCCATCCATAAATCCTTCAAATGCTAAATCTACTGTATCGTTTAATTGAGCTTTATATCCAGCATCTTCAACTTCTTCAAGTTTAGCATGATTTCTTACCATAATTTCTAATTCTTCATTTAATATATCATCAGTCATTTCAAATGATTTCTTTTCTGCTTCTAAACCTTTATAGTTTCCTAATTCAAATTGAGGGTAAACATCTATATCAAATGTTAAGTTTAAATCATCTTTTAAATTAATTTCTTTTAATCTTACATAGCTAACAGGTTGTAATTTTTCTTTATCTACTATTTGTGGAAAATTAGCATTTATAGCATCATTTGCAACATCATTTTCTATATGGTCTTTATAGTTAGCCATAAGTACTTCCTTAGGTGCATGTCCTTTTCTAAATCCTGCTACTTCTGCATGTTCCCCTACATGTGCTAGAACCTTATCAACTATTGGTTTTACTTCCTCAGCAGTTAGATGTAACTTAACTTCAACAGCTGATTTTTCTAATTTTTTTACTTCGTAATTCATTTTTCCTCCTAATAATTATTTATTTTCTTTTATACTTTTTAAAATAATCTGTGTAACTTCTTCATCATTTAAAATTATTTTCTCTGGATAGTATACTATATTATATGTCTTATTCATATAGTCAGAAGCTATTTTTTCTGCCAACTCAAAACCAACAGCATTATAGCTCACATTATCTTTATATATAATCCCATTAAAATGCCTAAAATCTACTCCAAATCTTTTTATTTCATTTAATTTTAAATTTCTATCAAAGAATAAAGGATGTGGATTATTTGAACCAAAAGGTCCCATTTTTTCCATAAATTCAAATGTCTTATCCCCTAAATCTTCTATTGGTAGTTCAAAATCAAAATTCTTTTCATAATCTTTTTTATTTTTATTATGTTCTAACTTCATTTTAGGAATAGTATTAATAAAATATTCCTTAACTTTACTTATATTTTCTTTATGGATAACAAAACCTGCTGCCAAATCATGTCCTCCATATCTTTCTAAAAGATTTTTTACATCTGATAAAAGGTTAAATATACTTATATCTCCAACACTTCTACAAGAAGCCTTTCCATAATCTCCCTCTATTGCAACCAATACAACAGGAATATTAAACTTTATAGTCAACCTTGATGAAACAACCCCTATCACTCCTGGGTGCCACTTAGGTGAGGATAAAAATATAACTGAAAGTTTATCAAAAGGAATTTTTAAATTTTTTATTTTTCTCATGGCATCATCAAAGATATGCTTTTCTAAGGCCCTTCTTTGTTTATTTTGCTCTTTCATTTCTTCAATTATATTGTACAAATCAAAGTCATCATCTTTGAGAAAAAAATCTGCTCCCATTCTTGATATTCCTACTCTCCCCAAAGAATTTATCAAAGGTGAGATATAGTAACTTACATCTGTTGTTGTCAAAGTTTTCTTATTAAGTCTTAGATAATTAAGTAAATAGGATAAGCCTTTTATCTTAGTATTTTTTATAATTTTCAAACCTTTTTTTATTATCAAACGATTTTCATCTATCATAGGTACAACATCTGCTATTGTCCCTATCATAACTATATCCAAATATTTATAGATTATCTCCATATCTAAACCTAAGCTCATACATATTCCCTGTGCCAGTTTAAAAGCTACACCAGCACCTGAAAGATATTGAAATTTATAAGTTTTACTAAGTTTAGGGTTAAGATACAATATTTCATCATCAAACTTCTCTTTTATAGTCTTATGATGGTCCGTAACTATAACTTCAATACCTAAACTTTTAGCATATCTTACATCTTCTATTGTGTTATAGCCTGTATCAACAGTTATAACAAACTTTCCTTGTCTCTTATAAAAATAGTCTATACTTTTTTTTGAAACTCCATAATCTGTTTCTTTTCTACTTGGTATATAGCAATCAGCTATTATCCCAATTTCATTAAAAAATTTTGTTAAAAATGCTGTTCCA
NZ_CP071098.1_gap9	232544	235652	3108	CTGCTTCTCCTTCCACAACATTAGTAGTTCTTATAGCATCAAGAAGCGAAGTCTTTCCATGGTCAACATGCCCCATTATTGTTATAACAGGTGGTCTTTCCTTTAAATCAGCTGCTTTATCTTCTATTTCTAAGTCAAATTTTTCTCCAAAATCCAATTCTACTTCTTGTTCTTCTTCAACTAAAACATCATAATCAGCTGCTAAATCTTCTGCCATACTTAAAGATATAGGGCTGTTTATTGTTAGCATTTGTCCTTTTAAGAATAATTTTTTTATTAACTCAGCACTATTTACACCTAATTTTTCTGCAAAATCACCTAGTGTTAGCTCTCCTCTGAATTTAATAATTTTTATTCCATCTTCTTCAACAACATCAGGAGTAGCTTCAATAGTTTTTAAAACAAAATCTGTTCTTCTACCTTTTTTCTTTTTACTCCTATTTTTATGGCTATTTCCATCTTCATCAAATGTTATATTATTATTCTTTTTATTTTTTGCTTGTTGAAACTTAGCCTTTTTATTATTTTTTTGAGAATATCCTTCATTCTCATCATTTTCATCTTCAACCATTATCTTTCTTATTGGTTTTTCCTCTTTCTTTTCTTTATGAGCCTTTACTGGTTCTGGCATTTCCACTTTAAGCATATTCATTTTTGCAAAATAATCATCTATTTTCTTTACTTGGTCTTCATCTAAATTAGATAGGTGAGATGTAACATTTATTCCTATATCTTTTTTCAATATCTCTAAGAACTCTTTATTTTTAATATCATGTTTCTTAGCTAGTTCATGAACTCTTACTTTCATATATTCACCTTCCTTCAATCTTTTATTCATTCTTCTATTAATCCTCTTGCCATCTTCTTATCTTTTATTCCAATGACTGTTATTTCTTCTTTATTAAACACTTTTCCTAATTCCTGCATACTTCCTACTACAACATAAGGAATTTTTAATTCATTTATTCTTCTAATTATTTTCTCTTCATTCTTTTTGGAAATATCCTGTGCCATTACTATAAAATGTACATGCTCAATATTTTCAAAAAGTAAGTTTATGCCAAAAACTAATTCTCCTGAATTTTTCATTGAATTTAATATATTTATATAATTTTTATTTGCCTTGTTTATTATATTTAACATAGACATCAAATCTTGGCTATCAAGCTTTACTTTGTTATGTTTAGCTAATTTTCCTAAACAATTAAGTGATTTACACACATATACTGCTCTTGACTGCTTTTTTTGTTCCTTATCAAACTCATAGAAAGTTTCTTTTAATTTAGCAAGTCTAAATAACTTAGATTTTTCTTTTTTTGTTCTACAAATTATACAAGTTCTTTCTGGTATATGAGTATTACTCATCTTCACCCTCTTTTAAAGTTTCTTTATCTTTATCAATGACTTTAATATCTACCCTCATTCCTGTCAATCTAGCTGCAAGTCTTGCATTTTGTCCATTCTTTCCTATTGCTAATGATAATTGTGATGGTTCAACTAACACCCTTGCCGTTCCATCTTCTAAAATTGTAACACTTTCTACAACTGCTGGACTAAGAACTGCTGAAACGAACTCTTCCACAACTGGTTTCCATTCAACTATATCTATTCTTTCCCCGTTTAACTCATCAACAATATTTTTGATTCTTGCTCCTTTTTGTCCTATACATGCTCCAATAGTATCAATATTAGGAACTGCTGAATAAACAGCAACCTTTGCTCTTGAGCCTGCTTCTCTTGCAACTGATTTAATTTCTATTATTCCTGATGTTATTTCTGGTATCTCTATTTCAAATAATTTTCTTAAAAGCCCTTCATTCCTTCTTGAAATCAATATCTTTGGAAATTTACTTGTTTTCTCAACACTTAAAACATATACTTTTATTCTTTCTCCAACCCTATATATATCAGAAACCGATTGTTCAGCTGGTGGTAATATAAGCTCTACTCCATCAATTTCAATAAAAATATTCTTTCTATTGTCAATTCTTCTAATTATCCCTGTTACTATACTATCTTCTCTTTCTTTAAACTTGTTAAAGATATGTTCTCTTTCAGCTTCTCTTACCTTTTGAATAACTATCTGTTTTCCATTTTGAACTGCATTTCTTCTAAAATTTTCACAGTCTACTTCAAATTTTAAAATATCTCCTATTTTTACTCTCTTTTTTATTTTTTTAGCATCTTCAAGAGAAATCTCCTCATTTGGATCTAAAAGATCATCAGCAGCTACAACTGTTTTGCTTGCAAAAACTTTTATATCTCCATTTTCTCTATCTACTGTAACTTCAACATTTTCATCTTCACCATAGTTCTTTTTGTATGCTGCTAAAAGTGCCAGTTCTATGGCTTCTAGTACACTTTCTTTGCTAATTCCTTTTTCTTTTTCAAGCTCATCAAGTGCTTCTAAGAAATTTTTAGAATCCTTAGCCTTCATCGTTTTACTCTACCTCCATTATTATTTTTAAAAATCATTAAATTCAAATAAAATATTCGCTTTTCTTATTTCATTAAACTTTATTTCAATTTCTTTGTTATCTATTAAAAATATTATATTATTCCCATTTACTTCTTTTATTATTGCCTTAAATTGTTTTTTATCATCTAACTTATGCTTCAAATGTAAGGTTATTTTTTCTCCTGTAAATCTAATATAGTCTTCTATCTTTTTTAAAGGTCTTTCAAGTCCAGGAGAAGAAACTTCAAGAAAAAATTTATGTTCTATTAGTTTTTCAATTTTATCCTCTATTTTAGAACTCAATTTACTACAATCCTCTATACTCAAATCTCCATTTAAGTTTTCAATAAAAATTCTAATATACCAATAAGCTCCATCTTGCACATACTCTACATCTACAAGAGAGAGATTCATTTCTTCTACAAAAGGATTAACAATTTCTGTAATCTTTTCTACAATTTGATTATTCCCTTCCATAATGATCTTTCTCCTCCTTTTCTACAAAATAAGGAGTGGCTCTGTCCACTCCTTAAAGTACTTTCTTACTTGTCAAGTAATTATATCATATTTATTTTCATAAAGCAATTTTTATTTAATATTAAAAAATTAAATTTCAATCAAAAAAATTATTTTAATATTTATTTTTATAA
NZ_CP071098.1_gap10	276819	281024	4205	AAAAATGGATTTTCTTCTTTAGGAAGTTCCATATATGGAAGAGATTTATCTCCACCTATATCCATAGTTCTTATAGTAACAGGATAATCTTTTAATTCTTCTGCAACTATTTTATATGCTTCAAACTGTTCATCCTCTGTTGGAAAGCTATCTTTCTCCATAAATAAAAACTCTGTCCTGTAAAGTCCTACTCCAAAACCTCCATTTGAAATAATACCTTTTACGTCATTAGGTGAACCTATATTCCCCCAAACATCAACTTTTATCCCATCTTTTGAAATAGCTTCTTTATCTTTTAAAGCCTTTAATTCTTCTTTTTCTTTTAAAAACTTCTCTCTTTTTTCTTTATATATTTGTAAAGTTTCTACATCAGGGGAAACGATTACTTCACCTTTTATAGCATCAACTATTAAAATTTGATTATCTTCTAATTCATCTAAAACTGCTCCCACTCCAACAACAGCTGGTAATTCCAATGATCTTGCCATAATAGATGAGTGTGCAGTTTTTCCTCCTATTTCTGTTACAAATGCTAAAACATTGTCTAAATTTATTTGTGCAGTGTCTGATGGATTTAATTCTTTTGCTACGATTATTGTCTCTGGTTCTAATTTAGAAAGGTCAACTATCTGTTCATTCATAACACCATATAACCATCTTTTCCCAATATCTCTTAAATCTCCTGCCCTTTCTTTAAAATATGTGTCTTCTAAATTTGCAAGCATAGTTGCATACTCATCAATAGCTTCATTTAAAGCAAATTCAGCAGTACATTTTTTTTGAGAGATTTTTGAATCAATTTCAGAAAATAATTCTTCATCTTCTAATAAAGTAATATGCCCTTCAAAAATATCAGCCTTATCTTTACCTAATTTTTTTAAAGTATTTTCTTTAATTTCTTCTAATTGCTTTTTAGCAATTTCTCTCCCTTTTACTAATCTTTCAATTTCTTCTTCTTTTGATAAATTAGATTTTTCAACTATTTTTAATTTATTTTCTTTATATAGAAATGCTTTTCCTATTGCTATCCCAGGTGAAGCTGGAATCCCTTTTATTACCATAAATACCACTCTCCTTCTAGCAAAAAAGTTGTTACTATATTATATATAATAGAATATAACTAAAAGTAAGTGGGTTATATTTCAAATTACAAAACTAATAAATTAAAATTTTTCTTGAAAAGATAATTAAATAATTTTTAAATGAAACTACTGCGACGTCCATAAATGTTTGGAGAGCCTTTGTGGAGTTCGAAAAACATTTATGGCTGGCAAGTAGTTGAATAATATTAATAAATATCTACAACATTTTATTTCAAGAAAAATTATTTAATAAAATTTGGTTAGTAACAAACTATTTTTAAATATTTATATTAGTAACAACCCTTACAAAATTAATCTTTTAAATTTTCAAGAAGAGATGATAATTTATCAACTGCTTCATTTTCATCTTCACCATCAGCATATACAGTTATTTTACTTCCTTTTTTTATACCCAAAGAAAGTAATTTTAACAGTGAAGTCCCATTAACTTTTACTCCTGCTTCATTTTCTACACTTATCTTTGAAGAGAATGTCTTTGCCAAACTTACAAATTCATTTCCAGGTCTTGTATGTAACCCAGTTTCATTTACTATTTCCACAGTTTTGCTTTTCATATCATCAGCCCTTTCTTATTATATATAAATTTTAATATTTATCTATACTATAAGAGTACAGTTTTTTTTCTGCTTTGTCAATAAAAATTATGGTAAAAATATTACCTTTAATTATGAAAAAATAAATCAACTAATATATTTACTTTTTATTTGCATTTAATTTATTTATACTATACTATATAGAAAATATATAAATATTGAATGAGGTGAGAATTATGGAAAGATTATCACAAGAAGAAATAAAAAAAATTATAGATGAATTAAAAAAATCTGGAAAATATAAAGAATATGAAGAAATGCTTTCAGATGATTTTGAGGAACATCATATAGTATATAAAGTAGGAGCTGATGAAATTATTGCTATTGCTTATAAAAATAATACTATTCCTTATAAATTGATAGAATATTATGATTGGCAACAGATGAATTATTTAATTGAAGAAGAAAATGATTAGTAAATGTAATTAAAAACAGTTCATTGCTAGCTAAATTTCTTAACGATGAAAAATTAACGTTCGCTACAAATTTGGCAAACTTGCCAACAAGTTGGCTTCAAACATGCCAAGATTTGTTCGGCTCACTTGCTTTAATTTTTCATCTAAAATTTAGAATGCAATTTCACTTGTTTTTAATTACACTATGAAATATAAGAAGATCAGGTAAACGTTTTATTGAATTTGTTAGGATTTAATGGTAAAATAATAAAAATATGGTAATTTAAGATTGGGGAGGTAAATAAAGAATTGGAAAAAAAAGATATAAATATAGTTAATGTAAATAAAAGTTTTGATGGAGTTCAAATCTTAAAAGACATTAATTTAAAGATAGAACAGGGAGAATTTTTTTCTATAATAGGTCCATCAGGTTGCGGTAAAACTACACTTTTAAGAATGATAGCTGGTTTTATTTCACCAGATAGTGGTGCTATATATCTTGGAGATGAAAATATAGTTGACTTACCTCCAAATCTTAGAAATGTAAATACTATATTTCAAAAATATGCTCTATTTCCACATTTGAATGTTTTTGAAAATGTAGCATTTCCTTTAAGACTTAAAAAAGTTGAGGAAAAAATAATAAATGAAGAGGTAACAAAATATTTAAAACTTGTTGGCTTAGAAGAACATAGTTCTAAAAAAATTAGTCAATTATCAGGGGGACAACAACAAAGAGTTTCAATAGCAAGAGCTTTAATCAATAAACCAGGAGTTCTATTGCTAGATGAACCTTTATCAGCTCTTGATGCAAAATTAAGACAAAATCTTTTAATAGAGCTTGACTTAATCCATGATGAAGTTGGGATAACTTTTATCTTTATTACCCATGACCAACAAGAAGCCCTTTCTATTTCAGATAGAATAGCCGTTATGAATGCAGGTAAAGTTTTGCAGGTTGGTACTCCTGCTGAGGTTTATGAAGCTCCTGCTGACACCTTTGTTGCAGACTTCTTAGGAGAAAATAATTTTTTCAGTGGAGAAGTGACTGAGATAATAAATGAAGAATTAGCTAAAATAAATTTAGAAGGCATAGGAGAAATAATTATTGAATTGGATAAAAAAGTTAATATTGGTGATAAGGTTACTATCTCTTTAAGACCTGAAAAAATTAGACTTTCAAAAAGAGAAATAAAAAGCACTAAGAATTTTGTAAATAGTGCTTCTGTTTATGTTGATGAGTATATTTATTCTGGTTTCCAAAGTAAATATTATGTACATCTAAAAAATAATGAGAATTTAAAATTTAAAATCTTTATGCAACATGCTGCTTTCTTTGATGATAATGATGAAAAAGCTATATGGTGGGATGAAGATGCCTACATCACTTGGGATGCCTATGATGGTTATCTAGTGGAGGTGGAAAGTGAAAAAAAATAGTAAGTTAGGTTTAAGTTATTCTTTACCAATAAATATTTGGTTAACAATATTTTTTCTTATTCCTATTTTAATTATTCTATCGTATTCCTTTTTAAAAAGAGGAACTTATGGTGGAGTTGAATTTAAACTTTCATTTGAAACTTTTAATATATTTGTTGATAAGGTATTTTTAAAAATACTTTTAAATACTATATATATTTCTATATTAATAACTATTTTTACTGTCTTATTAGCTATCCCTATTTCATATTATATAGCTAGGTCTAAACACAAACAAGAGCTTTTATTTTTAATAATAATACCTTTTTGGACAAATTTTTTAGTAAGGATATACTCTTGGATAGCACTTTTAGGAAACAATGGTTTTATTAATCATTTTCTTATGAAATTTCATATAATTAATGAGCCTATAAAAATGTTATACAATGTTCCTGCTGTTGTAATAATCTCTGTGTATACAAGTTTACCTTTTGCAATTTTACCTTTATATGCAGTGGTTGAAAAGTTTGATTTTTCTCTTTTAGATGCAGCAAGAGATTTGGGTGCGACTAATTTTCAGGCTTTTAGAAAAGTTTTTATTCCTAATATAAAAGCTGGAATAATAACTTCAACTATTTTTACATTAATTCCTGCCTTAGGTTCTTATGCAGTTCCTAAGTTAGTTGGAGGAACAA
NZ_CP071098.1_gap11	329132	332108	2976	TAGCAGCTTCTATATTTTTCTTATCTCCTTCACTTACTTTATCAGGATTTTCCTTTAAAGTCTTTTCAGTAGCAGAAATTAATTGATCTGCTCTATTTCTTGCTTCAACTAATTCTTGGAACTTTTTATCTTCTTCAGCATGTGCTTCTGCTTCCTTAGTCATTCTTTCAATTTCTTCTTTTGAAAGATTACTTGAACCAGAAATAGTTACTTTATTTTCTTTTCCTGTTCCTAAATCTTTTGCGGATACATGAACTATACCGTTGGCATCTATATCAAATGTAACTTCTATTTGAGGGACACCTCTTGGAGCAGCAGGTATACCTTCCAAATTAAAAGTTCCTAAACTATGGTTATCAGCAGCTCTTGATCTTTCACCTTGTAATACATTTATAGTAACTGCTGTTTGATTATCAGAATAAGTAGAATATACTTGTGATTTCTTAACTGGGATAGTAGTATTTTTATCTATCATTTTTGTAAATACTCCACCAGCTGTTTCAATTCCTAATGACAATGGAGTTACATCAAGAAGTAATACATCTTTAACATCTCCCATCAATACTCCACCTTGTATTGCAGCTCCAGCAGCAACAACTTCATCTGGGTTTATTCCCTTATTAGGTTTCTTTCCAAAGAAGTTTTCAACCCATTCTTGAACAGCTGGTATTCTTGTAGAACCTCCAACAAGTAAGATTTCATCTATATCTTTTGTATCAAGATTTGCATCTTTTAATGCAGTCTTTGTAGGTCCTTGAGTTGCTTCAACAAGATGTTTTGTTAAATCATCAAATTTTGCTCTTGTCAATTTCATTTCTAAGTGTTTAGGTCCTGTTGCATCCATAGTTATGAATGGCAATGAAATTGAAGTTTCCATCAATGTTGATAATTCTTTTTTGGCTTTTTCAGCAGCATCTTTTAATCTTTGATAAGCCATTTTATCATTTGATAAGTCAAGTCCAGTTTCTTTCTTAAATTCAGTAACTAGCCAGTTTATTATTTCATTATCAAAATCATCTCCACCTAAGTGGTTGTTTCCTGCTGTTGATATAACTTCTATAACTCCATCAGATATTTCAAGTACAGATACATCAAATGTTCCTCCACCAAGGTCAAATACTAATACTTTTTCTTCTTTTTTCTTTTCAAGTCCATATGCAAGAGCAGCAGCAGTTGGTTCATTTATAATTCTTTTTACATCTAAACCTGCTATTGTTCCAGCATCTTTTGTTGCTTGTCTTTGAGAATCTGTAAAATAAGCTGGTACTGTGATAACTGCTTCTTTAACTTCTTCTCCTAAATATGCTTCAGCATCTTTTTTTAATTTTTGTAATATCTTTGCAGAAATTTCTTGTGGAGTATATTTCTTTCCAAAAATTTCTACTTTGTAATCAGAACCCATATGAGTTTTGATTGAACTTACTGTTGAAGTAGGATTTGTTACAGCTTGTCTTTTTGCTATTTCTCCAACAACTACTTCACCATTATCTTTAATATTTACAACTGATGGAGTTGTTCTTGCTCCTTCAGAGTTTGGTATTATTGTTACATTTCCACCTTCCATTACTGCCACACAAGAGTTTGTTGTTCCTAAATCAATTCCTATTATTTTACTCATTTTTTCCTCCTATAATCTATCTATATTTTTATTTATTTCTTACATACTATAACCATTGCTGGTCTAATGACTTTACCTTTCATCATATAACCTTTTTGTAATACTTTTACAATTTCGTCTTCTTTTTTATCTTCACTTGCCTCAACACCAACAGCATGATGATATACTGGATCAAAAGCTCCTTCTGCCTTTATTTCTTCTACACCCTCAGCTGACATAATGTCTTTTAAACTTTTTATTATCATTTCTATACCTTTTAATAGTGAATCAAAATCTTTGCTTTCTGCTGATGACTCAATAGCTCTTTCAAGGTTATCTAAACTTCCTAAAAATTGAGTGATAATTTTTTCAGAAGAGAATTTTTTAAGTTCTTCAACTTCTTTTTCTTTCCTTTTAGTAAAATTTTGAAATTCAGCTTGCTTCCTTAGAAAACTATTTTTCCATTCTTCTACTTCAGCTTTAAGTTTTTCTAACTCTTCTTTATGATTATGTTTACCACAACAAGCATGCTCACCATCTTTATGTTCATGAGCTTCTTCTTTTACTTCTTCATTTTTTTGTTCCTCAGTAACTTCTTTATTCTCTTCCTCCTTTAAAACTTCCTCTTTAATATCTTCTTTATTTTTCATGAAAGCCTCCTACACTTTTTTATTTTTTCTTTTTCCATTGAATTAATCAATTTATTTACTTCTCTACTTACATGATTTATAAGACCCATCGTTTTAGAATATGCCATTCTTTTTGGTCCCATAACCCCAATTATTCCTTGAGCACCACCTATATCATATATTGAATAAACAAAACTAAAATCTTCTAATTCTTTTATCCCTAACTCATCTCCAAGTATTACATTTACATTAGAGCTTAAATTTTCCTGTGCTTTCTGTTCTATAAGTTTTTCAAATAATTCCCTTATGTCTTTTCTTTCATTAAAAAATTCAATTACATCTGTAACTTCTGCAATATTTTCATTCTTTAACATGCTTGGAAGATTATTTATAAAATACTTACAAAGTTCATCATCTTTATCATATTCATAAATGATGTCATTATTCTCTATAAAAAACCTTTCCAAATCATTTATAGAAACCTCATCATTTTTAATTTTCTTATTTAATTCTTCAGCTTTTTTTTCAACTTCCTTTTTAGAAATTGGATAAGGTAAATGAATATTTTTAGTTTTAACTCTTCTATCATCCATAATGATAACTGCCATAACTAAATATTCATCTATGTAAACGAGCTCCACCCTATCAACTTTCTTATTGTCAGCTCTTGGCTCAACAGCTATACCTGCATAATTAGTCAATCTTGAAAGTAGAGTAGAAGTTTTTTTCAAAATATTTTCTAATTCATCA
NZ_CP071098.1_gap12	426302	430667	4365	TTGCTAGATCTTTTGATAGTAGTTTAGGAAATACTTTTCAAACAATTGCAGGAAAAATTGCTGAATATATGTATGGTAACAATAATGTTATTATCCCATCAGCAGGAGCTGATCTTGTTATTTTTAATAATAATAGTTGCTATATTATAGAAATAAAATTAGGTGGAAATCTTGATAGTAAAAAACTACCAAGTGAATTTAATGCCTTAGAACAATTTTATCTCAAAAATAAAGCAAATTTTATTCCTCAAAAAAATATTTTCTATTGTTTAGGAACTGTTTACATAGAGCCAGATGTTGCTATGAAACTCAATACATATTTTAATAACCATTATTCTAATTCTCCTTATTGCCTTTTACTTCAAAATGATTTTTGGAACTCTATTTGTGGAGGACATGAAGATGGCTTTTCTACTGTAAAGGAAGCATATGATAAAAATGTTTCTAAGATTAATGAATTTTTAAGACAATATTAATATAATAAATTTTTTTAATAACTGTATTTTTAATTAAAATTTTGGATTAAAGATACAGTTTTTTATTTATTATTTGTTTAAAATGATATATAATAGTATAAGTTATAATATTATTTGGAAGGGGAATTTTATGCTAGAAAATTTAGTAAAAGATTTTAAAAATATTTTTAAATACAATGGAGAAGTGAAAACATTTTTTTCACCAGGTAGAGTAAATTTAATTGGTGAACATACAGATTACAATGGTGGTTTTGTTTTCCCTTGTGCCTTAGATTTTGGAACTTATGCAGTTGTCAAAAAAAGAGAAGATAAAATTTTTAGAATGTACTCTAAGAATTTTGAAAATTTAGGAGTCATTGAATTTAATTTAGATAATTTAGTTTATGAGAAAAAAGATGATTGGGCTAATTATCCAAAAGGAGTCGTTAAAACTTTTCTAGATAGAAACTATAAAATAGACTGTGGTTTTGATATTTTATTTTTTGGAAATATTCCTAATGGTGCAGGACTTTCTTCATCAGCTTCTATTGAAGTTTTAACAGCTGTTATACTTAAAGATTTATTTAAACTTGATGTTGATATGGTTGAAATGGTTAAGATGTGTCAAGTTGCAGAAAATAAATTTATTGGAGTAAATTCTGGAATTATGGACCAATTTGCAGTAGGTATGGGTAAAAAAGATAATGCTATTTTACTTGATTGTAATACTTTAAAATTTGAATATGTACCTGTAAAATTAATGAATATGTCAATAGTTATTGCTAATACAAATAAAAAGAGAGGTTTAGCAGATTCAAAATATAATGAAAGAAGAACTTCTTGTGAAGAGGCTGTCAAAGTATTAAATAAAAATGGTATCAATATTAAATATTTAGGGGAATTAACAGTTGCAGAATTTGAAAAAGTTAAACATTTTTTAACAGATGAAGAACAATTAAAAAGAGCAACTCATGCAGTTACTGAAAATGAGAGGGCAAAGATTGCAGTTGAATTTCTAAAAAAAGATGATATTGCAGAATTTGGAAGATTAATGAATAAATCTCATATCTCTTTAAGAGATGATTATGAAGTTACAGGTTTAGAACTTGATAGCCTTGTGGAAGCTGCTTGGGAAGAAAAAGGAACTGTTGGTTCTCGTATGACAGGAGCAGGTTTTGGAGGTTGTACAGTAAGTATAGTTGAAAATGACTATGTTGATAGCTTTATAAAAAATGTTGGAAAGAAATATAAAGAAAAAACAGGTTTAGAAGCTAGTTTCTATATAGCAAATATTGGAGATGGAGCAGGGAAAAAAGGGTTATAATGGCAAATCAAAAAGAATTAGTAGGTATTTTAAATGCTCAAATTATTGAATATTTTAATCTTTCTACAAATTTTGTTTATATTGGAGAACAAAATAAAGAACATATAAAAAACAAACATTATGAAGATTACAGTAAATATTATGGTTATATTTCAGAAATTATTAATTCTCCTGATTATTTTGGAAAAAATCCTCTTGATAATTCAATAGAGCTTGTTAAAGAATTTAGAGTAGATGGAACAAACTATGTCAAAGTAGCTTTAAGAATATCCAATAGTGGAGTTTTATTTGCAAGAACTTTATATAAACTTAATTCATCTAAATTTCTATATCAATTATCCAAGGGTGATTATTTAGAAATTCAAAAATAATTGACATTTTTTAAAAAAAGAGTTAATATAAGATAAGAAAAAAGTTTAGTATTGAGGATAGAAAAGGCAGCTATCACCCTTGTTAGGAGATATGGGAAGGGTCACCCCATCTTTACTAAATAAATAGAAATAAAAAAGGAATAGTAAATATTCCTTTTTCTTTTACTTATTATTTAAAATGTTATATAATGGTATAAAATATTTTATTATAATTTACATAAAGAAAGGTGAAATAATGGAAATTTGTTCTTTAATTAATAGACTTATAAAATATGCTCTTAAAAATTCGTTGATAACAGAAGATGATGTTATACTTGTTAGAAATGAATTGATGGCATTATTACATTTAAAAGATTGGCAAGATGTAAAAGAAGATAATCAAATACCAGAATATCCACAAGAGATATTGGATAAAATTTGTGATTATGCAGTGGAACAAAAAATAATAGAAGATGGAGTTACTGATAGAGATATTTTTGATACAGAAATTATGGGAAAATTTACTGCTTTTCCAAGAGAGATTATAGAAACATTTAAGGACTTAGCTAGTCAAAATATAAAATTAGCAACTGATTTTTTCTACAATTTTTCTAAAAAGACTAACTATATTAGAACTGAAAGAATAGAAAAAAATCTATATTGGAAAAGTCCCACAGAGTATGGAGATTTAGAAATCACTATAAATTTATCTAAACCTGAAAAAGACCCAAAGGAAATTGAAAGGCAAAAAAATATGCCACAAGTAAATTATCCTAAATGTCTTTTATGTTATGAAAATGTCGGTTTTTCTGGAACTTTAACTCATCCAGCAAGACAAAATCATAGAGTTATCCCTTTAACTTTGGATAATGAAAGATGGTATTTTCAATATTCTCCTTATGTTTACTACAATGAACATGCAATAATATTTTGCTCAGAACATAGAGAAATGAAAATAAATAGAGATACTTTTTCAAGAACATTAGACTTTATAAATCAATTTCCACATTATTTCATAGGTTCTAATGCAGATTTACCAATAGTTGGAGGTTCTATTTTAAGCCATGACCACTATCAAGGTGGAAATCATGAATTTCCTATGGCTAAGTCAGAAATTGAAAAAGAAATTATTTTTGATGAATATTCTAATATAAAGGCAGGAATAGTTAAATGGCCTATGTCTGTTATAAGATTAAAGTCTTTAAATAGAAAAGATTTGGTTGATTTAGCAGATAAAATTTTAAAGGCTTGGAGAGAGTATTCAGATGAAGAAGTTGGAGTATTTGCATATACAAATTCAACTCCACACAATACTATAACTCCTATTGCTAGAAGAAGAGGAGATTATTTTGAAATTGATTTAGTTCTTAGAAATAATAGAACTGATGAAGCTAATCCTTTGGGTATCTTCCACCCTCATAGTCAACATCACAATATTAAAAAAGAAAATATTGGGCTAATAGAAGTTATGGGACTTGCAGTTTTACCTGGAAGATTAAAATTTGAAATGAGAAAGATTGCTGAATATTTAAAAGATGAAGATTTTGAAAAGAAAATCTTTGAAGATAAGGATACTCAAAAACATTTAGCTTGGTTAAAAGCCTTTATAAATAAATATCCTAATATTAAAAATTTATCAATGAATGAAATCTTAGAAAATATTTTAAATGTTGAAATTGGGTTAACATTTTCAAGAGTTCTTGAAGATGCAGGAGTATTTAAAAGAGATGAAAAAGGAAAGAGTGCCTTTCTTAAATTTATAAATCATATTGGAGGTAGATTCTAATGTCTATATTAGTTTGTGGAGGAGCAGGCTATATTGGTAGCCATGTTGTTAAATATTTATTAGAAAAAAATGAAGATGTTGTTGTAGTTGATAACTTAATCACTGGTCATGTTGATGCTGTTGATGAGAGAGCACATTTAGAGCTTGGAGATTTAAAAGATGGAGAATTTTTAAATAGAGTTTTTGAAAAATATCAAATTGATGGTGTTATAGACTTTGCTGCTTTCTCTTTGGTTGGAGAAAGTGTGGGAGAACCTTTAAAATATTTTGAAAATAATTTCTATGGTACTCTTTGCCTATTAAAAGTTATGAAAAATCATAATGTGGATAAGATAGTATTTTCTTCTACTGCTGCAACTTATGGTGAAGCTGAAAATATGCCTATACTTGAAACAGATAGAACAGAACCTACTAACCCTTATGGAGAAAGTAAGTTAGCTGTTGAAAAGA
NZ_CP071098.1_gap13	443763	446054	2291	TGCAGTTCTAAAACCTTGAACATGTGTTCCACCCTCATGAGTATTTATATCATTTACAAATGAATAGATAACTTCATTTTGTGAAGTTGTATAAGTGAATGTTACATCTACACCAACATTATCTTGTTCAGCTGATACAAAAAATGGTTTTTCTATAATAGTTGTTTCATCCTTTACTATTTCATTTAAGAAATCTAAAATTCCACCATCAAATTTATAAATTTCTTCTTTCTTTTCATCTTTTCTTAAATCTGAAAGAATTATAGTTAAACCCTTGTTTAAATAAGCTAACTCTTTTAATCTATTTGAAAGAGTGAAATAATTATATACCAATGTTTCAAAAATTTCTCCATCTGCTTTAAATCTCACTGTTGTACCATGTTCATTTTCATCACAAGTACCTATAACTTTAACATCTTCTTCTGGTTTTCCTCTATGATATTTTTGATAATGTACAGTTCCATTTTTTCTAACTTCTACTTCAAGCCATTCAGAGAGAGCATTAACAACAGAAACCCCAACTCCATGTAGTCCTCCTGAAACTTTATAGTTGTCATTTTCAAATTTTCCACCAGCATGTAGAACTGTCAAAACTATTTCTAATGCAGATTTTCCATACTTAGGGTGTATATCAGTAGGAATTCCTCTTCCATTATCCACAACTTCTATGATATTATCTGGAAGAATTTTTACTTCTATCTTATCACAATATCCAGCCAAAGCCTCATCAACAGAATTATCTACTATTTCCCATACCAAATGGTGTAGTCCTCTTTCTGATGTTGTTCCTATATACATTCCTGGTCTTTTCCTAACAGCTTCCAATCCTTCCAGAACTGTTATATTCTGTGCTTCATAACTCATAATATCCTCCAATTATTAGATAAAAATCGCTCATTGCTAGCTAAATTTCTTAACGATAAAAAATTGACATTCGCTGCAAATTTGGTAAACTCGCTAACAAGTTAGCTCAGACACACCAAAATTTGTTCAGCTCATTTCCTTCAATTTTTTATCTAAAATTTAGAATGCAATTCACTTATTTTTATTTTCACATATTATATTTAAGTAGTTCACTTATTTGGACTTTTTTAATATTTACTTTAATTTTATATCCTCTATTTTAAATTTTATTTCTAAATTTTCTAATATCTTTTTTATTATTTTTATTTTATTTGAAAAAATATAATGTTTTACAGCAGAATTATAGCCTTTTACATAGATGATATTTTCTTTAAAATCAATAACAGAACTATTTTGAGATAAATCTAAAAATAATTCTTTCCATTTTTCTTTTAAAATCATAAGTTTTATTCTATCATCATTTGAAATTTTAAATGTTGCTATTTCACTTATTGATATTACTTTCATCTTCTATAATTCCTTTTTCAACATAGAAATTCTTAGCCTCTATATCCAATTTATCAGTTGAACTTATTAAAACTTGTATATCTCTTTTATTGAAAAAATCTAATATTGATTTTCTTCTATCTTCATCAAAATATGAAGTTATATCATCAATAATAACAACAGGATTTTCTTTTCTATTTTTCTTTATTATCTCAATTTCTGAAAGTTTTAAAGAAAATATTATAGATTTTTTTTCACCTTGTGAAGCTGAAATTTTAGCTTCATGTCCATTTAAAAGAAATTTATAATCATCTTTATGAGGCCCTACAAGTGAAAATTTGTATCTATCCTCTTGATATTTTTTTTGTGAAATTTCTTTTTTTAGGCTTTCTTGTATCATTTCAATAGTTACTTTTGCAGTTTTATCTAAACTTGTTTCATATTTTAGATTTAATTCCTGTGCTATATTAAAAAGTTTTCTATATTGTAAATTAAGTATAATTGAAAGACTTTTAACATACTCTATCCTAGTAAAGATAATATAAGAGGCATATTTTATAAATTCTTTCTCATAAATAGCAAATTCCTCGCTATTTCTCCTATTTTCTTTTAGATATTTATTTCTAATTTTTAATAATTTATCGTAGTTTTTAAGATTACTTAGATACTCTTTATCTATTTGAGAAATTTCAATATCGAAGAAATCTCTTCTATGTTTTGGAGAACCATTAATTAAAATTATATCCTCAGGTATATAGGCAATAATATTTATTTTCCCATAGAAATCTGTCTGGCTAATCCTTTTTTTATTAAAGAAAAATTCTTTTTTTGCACCAGTTATATTTTTAAATCTTACAGAAATCTTGTTATTTGTAACATAATCTTGATATGAAATTGAAGATATGAACTCCTCAAAATTATATTTTATCATCTCTGAGGTT
NZ_CP071098.1_gap14	468687	470598	1911	GTTGGTGGAGCTTTTGGAATAATTTTAAAAACAGGAGCTGTTGAAAGTGGAATATATAGTATGATTAGTAAGAGTAAAGGTTCAGAGCTTGTTCTCATACCTGTTATATTTATATTATTCTCCTTAGGTGGAGCAGTCTTTGGAATGGGAGAGGAGGCAATACCTTTTGCAATGCTAATTATCCCTATTGTGATTGATATGGGATATGACTCAGTAACAGGAATTTTAATAACATATATTTCAACTCAAATAGGTTTTGCAACTTCTTGGATGAATCCATTTAGTGTTGCAATAGCACAAGGAGTTTCAGGAATACCAGTGTTATCAGGAGCAGGTTTTAGAATATTTATGTGGGTATTCTTTACAGCTTTTGGAGTTATATATACAATTTTCTATGCAAGAAGAGTTAAGAGAAATCCAGAATCTTCAATAGCATATAAAACAGATGCATATTTTAGAGATAATTTTAAATCAGAAGAACAAGGTAACAGAGAATTTAAGTTAGGACATAAATTAATTATATTAGTTTTAGTTCTTGGAATGGCTTGGGTTGTGTATGGAGTTATAAAAAAAGGATATTACTTGCCAGAAATAGCAACTCAATTTGTAATAATGGGACTGTTGGCTGGAATAATTGGAGTAATATTCAAATTAAATAATATGTCAGTGAATGATATAGCAACTTCATTTAGAAAAGGTGCAGAAGATATGGTTGGAGCTGCCTTAGTTATAGGTATGGCTAAGGGAATAGTTTTAATTTTAGGTGGAACAAGTGCCGATACACCAACAATTTTAAACACTATACTTAACTATGTTGCCTCAGCACTTAGCAATATGTCAGCTGCATTCTGTGCATGGGTAATGTACATATTCCAATCAATATTTAATTTCTTTGTTGTGTCTGGGTCAGGTCAAGCAGCACTTACTATGCCAATAATGGCACCCCTTTCAGATTTGGTTGGAGTTACAAGACAGGTTGCTGTTCTAGCTTTCCAATTAGGAGATGGATTTACAAATATGATAGTTCCTACTTCTGGAATACTTATGGCAGTTTTAGGAATTGCTAAGATTGAATGGGGAGTTTGGGCAAAATATCAAATTAAATTTCAATTAATTTTATTTGCATTAGGTTCTTGTTTTATTTTCTTTGCAGTTTTTATAAATTTCTCATAGAATATTTAAAAATAGCATCCATTGGAGTGGATGCTATTTTCTTACATAGTAGCAATTTTCTTTGCTATATTGGCTAATTTTTCCTTAGTTTCAGAATTTGGACTACCTTTACAAGCCATAGGCAGTTCAATAATTTTTGCTCCTAGCTCTTCAACTTGTTTTATCCAGCCACTCATAAATTTACCACTACCCCAACCAAAAGTACCAAAAAGATAAATTTTTTTATCTTTAAATTTTTCAGCATTTCTTTTCATAAAAGGTTGAAAATAATTTTTTTCAATTTCTTCTGTTTGGTTTGCAGGAGAAGCCAAGGCCAAAATTTCACAATCAAAGGCTTCATTATCATCTTTTAACTCAACAACACTATACGATTTGAAAGGAACATTAGCATCTTGAAGCCCTTTTTCAAAAGCCTTAACCATTCTTAAAGTATTCCCTGTAAAACTATAATAGACAATATTTACCTTATTCATTTTTTTACCACCTTAATTTACTTTATTTTCTTCACTAATCTATTCTAACATTAAATGGAGATTTTTCAATAGCATATAACACTAATCTATTACTAATGCAATATTTTTATTTAATGACATAATAATTACCTCATCTTTATAGGATAGTTATATCATATTTTAATACATTTTCTATAACTGTATAAAGTATTTGAAATCATCTAAATTTTTTATAATTGAGTATTATCTTTAATTTGTTAAGGATTAAATATATCATGTGAAAGAT
NZ_CP071098.1_gap15	523590	525131	1541	CAGCACAGAAAGTTTCAACATTTAATTGACCACTTACTGTTAGGTTAGTTGATTTACCAAAGAAATCTTTTGTAAAATCAACTTCTCCATTTTCTTTTTTAGGTAATTTATTCATATCAAGAGTGGTAACTCTAAACATTTCTCCTGCACCCTCTGCATCAGAACCAGTTATAATTGGAGTATGAACATAAACAAAGTTATTTTCTTGGAAAAATTTATGTAATGCATAAGCAAGTACAGATCTTACTCTAAATACTGCTGAAAAAGTATTAGTTCTAGGTCTCAAATGTGCCTTAGTTCTTAAATATTCAAAAGTATGTCTTTTATTTTGTAATGGATATTCCAAATCTGCTTTTTGAAAAATTTCTATTTTATCAGCTTTAACTTCTAAATCCTGTCCACTACCTTGAGATTTAACAAGAGTTCCTTTTACTTTAATAGTAGATGATATTGAAAGTCTTGATACTTCATCAAAATTTTCAAGTCCTTCTTCAAAAACTATTTGAACTCCTTTAAAAAATGAACCATCGTTTAATTCAATAAAACCAAATTTCTTTTGATCTCTTATTTTTCTTACCCAACCGAAAAGCTCTATTTCTTTGTTTAGGTAATCCTCTCCATGTCTAAAAATATCTTTTACAGTAATCATATTATCCCCCTAGTTTTTAAAATCTTTTTCATCTACAATTTCTATATTATCTAAGTGTGCTTTTACCTGTGCCTTAAACTTATCCAAATACATCCTTCTGTATATTTCTCTATCTTTTATTTCTTCTTCTGTAAGTTTTCTTTTCTTACTCAATTTTGCATAGTAATTGACTTTTTCAATTATATCTTTCATTTCCATTTCTTATACCTCTATTAAAAATATTTTGTTATTCAGAAAATTATAACACCATAGACTTACTTTGTAAAGCACGACTTTATTTTAAAGTCTGAGTGTTATTAACATATATAACAAGTCCCATAGCCATTGATATAGCAAGAAGAGATGAACCTCCTGAACTTATAAAAGGTAAAGGGATACCAAAAACTGGTATTAAACCTATTGCAACTCCAATATTAATAATAACTTGTGTTATAAAATAACCAGCTATTCCCCCAACTAGATATTTTGAAAAATAATTTTTTGCATTGTTTGCAACTCCCATTATCAAAACAAAAAGTGAGAAAAATAGGAAAAGTACAATAAACATTCCGATAAAACCTGTTTCTTCTGCATAAGTTGCTATTGCAAAGTCAGTTTCCACTTCTGGAATATAATTATATTTTTGAACTCCATTTCCAAAACCCTTACCTAATATTCCACCTGTTCCAAAAGCAATAAGTGACTGATAAATTTGATAAGCATCTTCTCTAGTATAGTTACCATGTAAAATCCCATCTAAAAATGCTTTTACTCTATCTAATTTATAGCCTGATAGAGTATTGAGGAAAATATAAAGTAATACTGGTATAGAAGCAAGTAGTCCAAAAAATGCTGGAAAAACAACTTTGTTTGGAATATCAGATAGAAATATTATAAAACAAGCTATCATAAT
NZ_CP071098.1_gap16	650964	653828	2864	TGCTTACAAGTGGCAGCTTTTGAACAAATTCCTATTGCAATAGTAACAGTACTTGGTTCATATTTTAAAGGAATAGGAAATCCCAAAACACCTTTTTATGTTTCTTTTTTTACTAATTGGTTTTTAAGACTACCTATTGCCTTTTACCTTATTTCTATTCTAAGGTTACCTGTTTATATTTATTGGTTTATTACAACATTTCAATGGTTAGTGGAAAGTGTTATTCTTTACTATCTATATAGAAAAAATACAATAAAGAGATAACATTTACCATTTTATAAATATACTATATGATAATTTAATTATAGTGTATTATCAATTATTTTAAATATCTTCAGGTATCTTTTTATCCCTAAACATTTTATCTGCAAGATAAATAAATGGTGTATCACAGATAGCAACAATAAATTTAATTATATATGTTGATAAGAATATATTGAACATCACATCTATTGGGTACACTCCATAGAAAGCAATAGTTGTGAATACTACATTATCTATAAGTTGACTTAACATTGTACTTCCATTGTTTCTAAGCCAGATAAACTTTTTTTCTGGGAAGAATTCTCTAATTTTGTGATATAACCAGACATCATGAAATTGAGATATTAAGTATGCAATAAGCGAAGCGATAGCCAATCTTGGTAACAATGAAAATATGCTTTTTACACTTTCAAATATAGCTAAACCTTCTGGAACATCAAGAGGTTTAAAGTGTATAGCACATTGCATTATTAAAGTTGTAGCAATAAGTGAGAAAAATCCAATTTTTACAGCTGTATTAGCAGCTTTTTTACCGTAGTTTTCACTTAAAATATCAGTTATTAAAAATCCTCCCGCATATAAAATGTTTCCAAGAGTTGCTTCCAGACCAAAAAGATTTACAAGTATTACAACTTGTACATTTGCTAAGATAGTAGAAATAGGTACCCAAATATAAAGTCCTATCTTTCCAAATTTTCTATAAGCAAAAAGTATACAAGAAAAATTAATTACCAACATTAAAAACCAAAAAAATATATTGTGTATCATTGTTCGAAGACCCCCAAATCTTTATTATCTATTAAAATTTCAATCCTATCATCATCAAAAAGATATTTCATATCTTGTACAAACCATTTCACAAGCTCAATATCTCTTTTTACAGTCGTTCCATTATCTACAAAAACATTTATTGTTATGGCTTTAAAATATTTTAATCCAATCTCAATGTCCTTTTTTATCATCTCTTTTGTTTGTCCCTGAGTTGCTATCAGTAGACAAACTGAATAAATTTTTTCTGATAATTCTTTTATTTTCTTTTCATCTAGGAAAATATTTTTATTATAGACCTTTCTTCTAAAATCATTATCAAAACTTTCTATCCCTGTTCTAAACCTAATTTCAACTTTTTTCTTCTCGTTGAAATAGTCAATTATTTCATTTAAACGAGAAAGATAAGAATAGAAAATTTCAAAATACAAAATTTTTATATCCTTTTCATAGACTATTTCTCTTATTTTCTCTAAAGTTTTCTTAGGAATTTCAAATACAGAACCAGAATTTATAACTTCTAAAATTCCAAATTCTCCTGTTATCTCCTTTAAAACTCTCAAATTAACTTTGTTGATTTCTTCCTCATTATTTGAGTTATCCTCTATGTAATTACAAAAACTACATTTCCCATAAGCACAAGGAAAAGATTTTAAGAGAACTATCTCCCTTTGAAATTTTCCTTCTACTTTACTATACCTAATTCCCATTTTCCTCCTATATTGTTAGTTGATTAATTTAAAATATTATATAAAATAATAGGATAAATTTTTCTTGAAAACTATTAAATTAATCTTTAAACGAAACTACTGCGACGTCCATAAATGTTTGGAGAGCCTTTGAGGAGCTCGAAAAACATTTATGGCTGTCAAGTAGTTGAGATAAAAAAGTAGAAATTGATAAAATCTTTTTATATAATATTTTACAAATAAAAAAGGGGACTTGCACCCCAAGTCTAGTTTTTTAAAGATGGTTTTGCTAGCACATCTACTTATTTAAAGAAACTGTCTCTGAATTAATAAAATACTAAAAGAAATTAATGAAGACGAATGACGAATTTTATCGTTAAGTGCTATGTTAGTAAGCGTTAAGAAAAGCAATTGTTTGAGTTGATTTATCAACGAGTTTTGCTTTTTAGCGAACGATTAGCACTTTAGATTTAAAATTCAGTCTCAGTCTGAGTTATTTCTTTTAGTTTTTAGAATTTCTTTAACAATTCTCTATATTGTTTTGTTAGCATTCTTACAGTAAATTTTTTAATAAATTGATACCAGAAGAATTGCATTTTTTCCATTCCTCTAACTGAATCTTGTAACATTCTTTTAATAAATTCTTGTTCTTCAAAACTCATTTTTATTTCAGTAGTTTCTTTTTTAGAAGCTGTATCTGTAATATAAGTTAGGAAGTTATATACACCTGCATATTGACTATTAGAAGCTGTATCAGAAAATTGCTTTTTAGCTTCGTTTATAAATCTAACAAGAAGTTTTTTATCAGTTTTATCAAGTTTTATAGTGTATTTTCTTTTACCTTTTCCTATTTTTTGAATACTGTTCATCATTCCCATCATAGATGACATATTATTCATTTCCATAGGGCTTAATGCCCCAGGATTAACTCTTGTAGCCTTCATATTTATCACCCCACTCTTCCAATTATTTTTTCAATTTCTTCTATTGATATTGCACCTTTTCTAAGTATTTTGGGAACATTAGAAGTTAAATCAATTATAGTTGAAGCTTCACCTAATTTACATTTCCCAGAATCTATTAAAATATCAACTTTTGATTTTATAGTCTCAGATAATTCATCATAAGACTTAGGAGTAGCTT
NZ_CP071098.1_gap17	772560	775184	2624	ACTTCTGCTCTTGATAGTTATAATCGTTATGAGATAATAAAAATTTTTAAAGAATTAAATGAGCTTGGAAAAAGTATTATTTTAATAACACACGATTATTATTTAATGAAATCAATATCAGATAAATGTTTAGTGATGGAAAATGGAGAAATTATTGAAGAATTTAATCCAAAACTTAGACCAGAAGCCATTAAAGAAAATTCAGAATTTGGAGCAAAATTATTGGAAACCACCATTTATAGAAGAAAGGGAAGTTAAATGAAAGCAATAGAACTTATTAATTTAACGAAAAAATATGGAAAACAAGAGGTGTTAAACTCATTTTCCTTAGATGTAGATAAGGGTAAATGTCTTGCAATAATGGGAGAAAGTGGCTCTGGGAAAAGTACTATTGCTAAAATAATTATAGGGCTTGAAAATCAAAATTCTGGTGAGGTAAAAATCTTTGAAAAAGAAAGAGATATGAAAAATATTTCAAAAGAAATAGAGTTTTTGTTTCAAGATTCTTATAATGCCTTAAATCCAAGAATGACTGTTGAAGATTTAATATTTGAACCTTTACAGTTTTTACCTAATATTGATAGAAGTAAGAAAAAAGAAATTGTATTGGAATTACTTAAACAAGTTGAATTGTCATCAGAATTACTAGAAAGAAAAAGAGATGAATTAAGTGGAGGACAATTACAAAGAGTTTGTTTGGCAAGAGCTTTGTCAACAAAACCTCAAATTGTAATATTTGATGAGTCATTAAGTGGTTTAGACCCATTATTTCAGGATAAAATTTTAAACTTATTATATAAAATCCAAAAACAATATCATTTAACATATATTTTTATTTCACACGATTTTAGATTATGTTATTTTTTAGCTGATAGGATAATTTTAATTGATAAAGGAAAAATTATAGAAGATTTTAAAGAATTAGATAAAGAAATTATTCCAAAGACAGAAATAGGAAAAATTTTATTGGCAGATATTTCAAAATTAAAATGAAGCTGTTGCAAACTAAAATTTAGAATGTAATTTTACTTATTTTTTGCTTACATTTCAATAAATAAATTTGCAACAGCTCCATAAAATTTTATTATTTATTCTTTAATAACATATTTAACTTTTCTTCCAAGTTTTTAACTTTTTCATTTAAAGAATTAACTTCTGCTTTTAATTCTTGATTTTCTTTAGCTTGTTTATTATTTTCAACAGTTAATCTCTTAACTTCATCTTGAATAGCATATTGAGGAACTTCATTATAAGTAACTCCACTACCTTTACCAAGTTTTACAGTGAAACCTACATTAGCCATACTCTTTACTCTTTTTTCACTACCAATAGCAACACCAGCACTCATCATAAATCTATCATTGAAATAATAACTTAATCCAACAGCAACTGATTGTTTATTTTTATAATGTCCTAATGCAGCCATAACTTGTGTAGGGGCTTTAGGGTCATATTGCATAGGATGTAATCCAGCAAGAGCAGCACTTAAAGAACCAACGTGATTAACTTCGTTTTTAACATCATCAATTTTTTCATTAACTTCATTTCTTAAATTATCATTAGAATTTTGCATAGCCTTATATAATTGTCTACCATTAACAGCATCAGTAGATGTAGCAGAAACATCTCCATCAGCAACATTAGTAATTTTTCTTTGTTGTGTAGCAGAACCAACAGAAACTTCATTAGAAGAAGAAACAGTTGAGTTATTTCCTAATGCTACTGAATTTTGAATACCAGCACTAATATTAACATTATTACCTAAAACAAAGTTATTATCACCAGCTATATTGTTATCATTACCAAAGGCATAAGAACCATTACCTGTAACAACATTAGGGTCTCCAAAAGCACCAGAGTGATTACCACTTACTTTATTTTTATAACCAACAGCAGTGGAATACTCACCAGTAACAGTGTTATCAGCACCTAATCCTGTACTTCCATTACCAGTGGCAGCATTACTTATTGCATTACCAATACCTAGTTTAGTTTTCCAAGCAGCAGTATTAATTCCATCTCCATTGTATAATTGTTTACCTGTAACAGCATCAGTAGAAGTACCAGAAACTTCACCATCAGCAACATTAGTAATTTTTCTTTTTAGTGTGGCAGACCCAACAGAAACTTCATTAGAAGAAGAAACAGTTGAGTTATTACCAAGAGCTACTGAATTATTAATACCACTACCAATAGAAACATTATTACCTAAGATAAAGTTATTTTGAGTACCAGCAGCTATTTTATTATAATTACCAAACATATATGAATGTTTACCTTCATTTATATAGTCATAATCAAATTCGTTTGTTGTATTATTCCAAGTAACCTTTCCAACACCAAAAGCACCAGAAGCTTCACCAGTAACTTTATATTGATTTCCAAAAGCAGAACTATTTTCTCCACTTGCATTATTCTGAGATCCAAAAGCAGAACTATTATCTCTACTTGCTATATTTCCAAATCCAAAAGCAGAACTATTTTCACCACTAGCTTCATTATTAGCCCCAAAAGCAGAACTCTTTTCACCACTAGCTACATTATTAGCCCCAAAAGCAGAACTCCATCTTCCAGTGGCATCATTACCATATCCAACAGCTGAACTAGTATCTCCAGCTCTATTC
NZ_CP071098.1_gap18	778464	780011	1547	AAAGGAAAAGTTTTTAGAAAAGATCACTTTATTAAAAAAGTTTAGCATAGTAATTATTTTGTATTTTCTTTTAAAAGTGTTATACTAAGTTTAGGAATTTATAAAACTTTTTATAGGGAGGAAATATGAAAAAAATAATAAGATTTTTGCTATGCTCATTGATATTAGTTATATTTTTTGTAGCTTGTGGAGAAAAAAAAGAAGAAAAAGTTGTAACAGAAGATAAACCAATAGTGATAGGACAAACTTTTGTAGTTGGAGCAATAGAGCCAACAGTTGGAGGGACACCTTGGTCTTTAACAACACATGGACTAAGTGAAACAGTATTTTCAGTTGATAGAAACGGAAATTTAGTTTCAAGATATGTAGAAGATGTTGAAAGAACTGATAAATTAAATTGGGTATTAAAATTAAAAAAAGGTGTAAAATTTTCTGATGGAACTGAGGTCAATGCAGAAGCACTAGCTTGGGCAATGAATACAGTTATGGAAGAAAATCCTTTATCTAATGCAACAGCAGGAAAGGTAAAGTTTGAAAAAGTAGATGATTATACTGTGAATGTTACAGTTGAAAGAGAAACACAAAATTTAAAATCTCTTTTGGCAGAATGGACAAATATAATATTTAAAAAGAGTGATAATGGATATATTTTTACAGGACCTTATGTAATAAAAAATTTAGAGCCTGAAGTTTCTTTAACTTTGGAACCAAATCAATATTATGAAAATTCTGAAAAAAGAGGAGAAGTAATAATAAAAGCTATAAGTGATATGGCTTCTATGAAATTGGCATTTGAATCAGGAGAATTGGATATGGCTTTTGGTATAACTCCTGAAATAGCTGGTGAATTAAAAGATGAAGGTAAAATTGTTGAAACAATAGATGCAGGATATCAATATTTTGGTGTTCTTAATACAGCAACTGGAATTATGTCTGACAAATCAGTTAGAGAAGCAATAAATTTAGGCTTGGATAGAGAAGATTATATAAAAGCATTAAAAGGTGGAAGGGTTGCTAATGGACTTTTTGCACAATATTTTTCTTTTGCAGGAGATGTAAAACTTGAATATAATTTAGACAAGGCTAATAGTGTCTTAGAAGAAGATGGTTGGAAACTAAATAAAGATGGTTTAAGAGAAAAAGATGGGAAAATTTTGTCAATAAATATACTTACATATAATAGCAGACCTGATTTAAAGATAATAATGCAAGTTATGTTATCACAATTAAAGAAGATGGGTATTGAAGCAAAAACATCAATTGTAGATAATATAGATGTGGAAGCTAAGAAAAAAGAATTTGATTTAATTCTATATGCTCAACATACAGCACCAACAGGAGAACCTACATATTTCTTAAATCAATTTTTTAGAACTGATGGTTCAAAAAATATGATGTCTTATTCATCAAAAGAAGTAGATGAATTATTAGATAAGATGGGAACTCTTCCTTTTGGTGATGAACTTATAAAGACAGCTAAACAAATTCAAGAAGTTATTTATAAAGATTTACCTGTACTATATTTAGTTGACCCTGAATGGAATGTA
NZ_CP071098.1_gap19	789707	791004	1297	TGATGATAATGCTGGAGTTGTAATTAATAATGCTAATGAACCAAGGGCAACAAGAATATTTGGACCAGTTGCAAGAGAATTAAGAGCAAGAAACTTTATGAAAATCTTATCTCTAGCAATAGAAGTTATATAATGAGAGAGGAGGCTTATAAGAAAAATGGCTAAACCTAAAATAAAATTTGTTCCTGATTCATTACATGTAAAAACTGGAGATATAGTTTATGTTATATCAGGAAAAGATAAAAAGAAAACAGGTAAAGTTCTAAAAGTTTTCCCTAAAAAAGGAAAAATAATAGTAGAAGGAATAAATATAGTAACAAAACATTTAAAGCCATCTCAAGTGAACCCACAAGGTGGAGTTGTACAAAAAGAAGCTGCAATATTCTCATCAAAAGTTATGCTTTTTGATGAAAAAACTAAAAAACCAACAAGAGTTGGATATGAAGTTAGAGATGGAAAAAAAGTAAGAATTTCAAAAAAATCTGGAGAAATAATATAAGAAAGGAGGAAAGCATAAGTGGATAAATATGTTTCAAGATACCACAAGTTCTATGATGAAGTAGTGGTTCCTAAATTAATGAAAGAATTAGAGATTAAAAATATCATGGAATGTCCAAAACTAGAAAAGATAATAGTTAATATGGGAGTTGGAGAAGCTACTCAAAACTCTAAGTTAATAGATGCTGCTATGGCTGATTTAACAATAATCACTGGTCAAAAGCCATTATTGAGAAAAGCTAAAAAATCTGAAGCTGGTTTCAAATTAAGAGAAGGAATGCCTATTGGAGCAAAAGTTACTTTAAGAAAAGAAAGAATGTATGATTTCTTAGATAGATTAGTAAATGTAGTTCTTCCAAGAGTAAGAGACTTTGAAGGAGTTCCTAGTAACTCATTTGATGGAAGAGGAAATTATTCAGTAGGATTGAGAGACCAATTAGTATTTCCTGAAATAGATTTTGATAAAGTTGAAAAACTTTTAGGAATGTCTATCACTATGGTTTCTTCTGCAAAAACAGATGAAGAAGGAAGAGCATTGTTAAAGGCTTTTGGAATGCCTTTCAAGAAGTAGTTGTAGGGAGGTTAGAGTAGATGGCGAAAAAGTCAATGATCGCAAGAGATGTTAAAAGAGCAAAACTTGTTGACAAATATGCTGAAAAAAGAGCTGAATTGAAGAAAAGAATAGCAGCTGGAGATATGGAAGCTATGTTTGAATTAAATAAACTTCCAAAAGATTCATCAGCTGTTAGAAGAAGAAATAGATGTCAATTAGATGGTAGACCAAGAGGATATATGAGAG
NZ_CP071098.1_gap20	792322	795646	3324	AAAAGCCGTTGGAAAAGCAATCGCTGAAAGAGCTAAAGAAAAAGGAATAGATGCTATCGTTTTTGATAGATCAGGATATAAATATACAGGAAGAGTAGCGGCTCTTGCAGAAGCGGCTAGAGAAGCTGGATTAAGCTTCTAATTTCTAAGAGAGGAGGATTTCACTTGTTGAACAGAGAAGATAATCAATATCAAGAAAAACTATTGAAGATATCTAGAGTTTCTAAGACAACTAAAGGAGGAAGAACTATATCTTTCTCAGTATTAGCTGCTGTTGGAGATGGAGAAGGTAAAATAGGATTAGGATTAGGAAAAGCAAATGGTGTTCCTGATGCTATAAGAAAAGCTGTTGCAGCTGCAAAGAAGAATGTTGTAAAAGTATCTTTAAAAAATAATACAATACCTCATGAAATTACTGGTAAATGGGGAGCAACTACTTTATGGATGGCACCAGCATATGAAGGAACTGGAGTAATAGCTGGTTCTGCTTCAAGAGAAATATTAGAATTAGTTGGAGTTCATGACATTTTAACTAAAATTAAAGGGTCAAGAAATAAACATAATGTAGCAAAAGCTACAGTGGAAGCATTAAAATTACTTAGAACTGCACAAGAAATAGCAGCTTTAAGAGGATTAGAAGTTAAGGATATCTTAAGCTAGGAGGAAGATGAAATGGCAAAACTTAGAATAGAGCTTGTAAAAAGCATTATCGGAAGAAAGCCTAATCATATAGCAACTGTAAAGTCGCTAGGGCTTAAGAAAATGCATGATGTAGTAGAACATAATGAAACACCTGAATTAAAAGGGAAATTAGCTCAAGTTTCTTATTTGTTAAAAGTTGAGGAGGTGCAAGCATAGTGAAACTTAATGAATTATCACCTTCAGTTCCTAAGAAGAACAGAAAAAGAATAGGAAGAGGAAACTCATCTGGTTGGGGTAAAACAGCTGGAAAAGGTAGCAATGGACAAAATTCAAGAGCAGGTGGAGGAGTAAAACCTTATTTTGAAGGTGGACAAATGCCTATATATAGAAGAGTCCCTAAAAGAGGATTCTCTAATACTATATTCAAAAAAGAATATACAGTAGTATCTTTATCATTTTTAAATGATAACTTTGAAGATGGTGAAGAAGTTAGCCTAGAAACTTTATTCAATAAATGCCTAATTAAAAAAGGAAGAGATGGAGTTAAAATTCTAGGAAATGGTGAACTTAACAAAAAATTAACTGTTAAAGTACATAAAATATCTAAATCAGCAAAAGCTGCTGTTGAAGCAAAAGGTGGAACAGTTGAACTTGTTGAAGTTAAAGGTTTTGAAAGAGCAGAAAGTAATAAATAATATTAATCTGAGGTAGGTGAATATATGACTTTAATGGAGAAATTTAACTCTAGATTAAGTAGTATAGTAAAAATTCCTGAACTTAGAGAAAGAATTATTTTCACATTGCTAATGTTTTTAGTTGCCAGAGTAGGAACTTTAATTCCTGCTCCTGGTGTAGATGTGGATAGATTGTCATCAATGGCTTCACAAAGTGATGTACTTAGTTATATAAATATGTTTTCTGGTGGAGCTTTTACAAGAATATCTATATTCTCATTAGGAATTATTCCTTACATCAATGCTTCAATAGTTGTAAGTTTGCTTGTATCTATTATTCCTCAACTTGAAGAAATTCAAAAAGAAGGGGAAGCTGGAAGAAATAGAATAACTCAATGGACAAGATACTTAACAATAGCACTTGCTGTTATTCAAGGAACTGGAGTTTGTCTTTGGTTACAATCTGTTGGTTTGATCTATAATCCAGGAATAAGTTTTTTTGTAAGAACAATAACAACCCTAACAGCTGGAACAGTATTTTTAATGTGGGTTGGAGAACAAATATCTATTAAAGGAATAGGTAATGGGGTATCACTTATTATATTCTTAAATGTAATATCAAGAGCTCCTTCAAGTGTTATCCAAACAATTCAAACTATGCAAGGAAATAAATTCTTAATACCTTTATTGGTATTAGTAGCATTTCTTGGTACAGTAACAATAGCTGGAATAGTATTATTTCAACTTGGACAAAGAAAAATCCCTATTCATTATGTTGGAAAAGGATTTAGTTCAAAAGGTGGAATAGGAGAAAAATCATTTATACCATTGAGACTTAACACAGCAGGAGTAATGCCTGTAATCTTTGCCTCAGTATTTATGTTAATCCCAGGAGTTATAGTAAATGCTCTACCTTCTACATTATCTATTAAAACAACATTATCTATAATATTTGGGCAAAATCACCCTGTTTATATGATATTGTATGCATTAGTGATAATGTTCTTCTCATTCTTCTATACAGCTTTAATTTTTGATCCTGAAAAGGTTGCAGAAAATCTAAAACAAGGTGGAGGAACTATACCTGGAATTAGACCAGGAGAAGAAACTGTGGAATATCTTGAAGGTGTTGCTTCAAGAATTACATGGGGTGGAGGAATTTTCTTAGCTATAATTTCAATACTACCATATGTAATATTTACATCTATGGGGCTTCCAGTTTATTTTGGAGGAACAGGAATAATAATTGTTGTTGGTGTTGCTTTGGATACTATACAACAAATAGATGCTCATTTAGTTATGAGAGATTATAAAGGATTTATTTAATAATTATTATATAAATGAAAAAAGATAGGTTTTTAGCCTATCTTTTTTCATTAGAAAAGTAAAGTAGGAGAAATTATATTGATAGAATATATTAAAAAAATAAGTTATAATATATCAAAAATAGATTTCAAAGGGAGGGCTTTGAATATGTCAATATTATAATACTTTTTTGATGTAAAAATGTAAAAGTTAAATATGAAATAGTATAAGTATAAGAAATTTAGGGAGATGTTAAAAAATGAGTGTAAAAATATTGCCAGCTTATGATTTTTCACAAGAAATAAAATTATTATTTTCAGAGTATACAGATATTCTAATTGAAAGAGATGCCAGCTTTAAAAAGTATCTTGAAATTCAGAATTATGATGATGAATTAGAACATTTAGAAAAGAAATATGGTCTACCTTATGGTAGATTATATATAGCTTATTATGATGACAAAGTTGCAGGTTGTATAGGTCTTAAAAAGATTGATGAAAAAAATTGTGAAATGAAAAGGCTTTATGTTAGACCTAAATTTAGAGGAAAACAAATTGGTGAACTGCTTATTGAAAAGATAATAAGAGATGCAAAAGAAATAGGATATTCTTTTATGCTATTAGACACTTTACCATTTTTAAAAAGTGCAATAAATTTATATAAAAAATATGGATTTTATGAAATTCCAAGTTATAATAATAGT
NZ_CP071098.1_gap21	797909	800386	2477	GAGGTAGTGATGAAGAAGATGGACTTTTGTATTTTCAACCTTCAATAGTTGAGGATAACTTAAAAGAAGGGGAAGAAATAGTTACATCAGGAGTTAGTAATATTTTTCCTGAGGGTATAAAAATTGGAAAAATTGAAAATATAGATGATAAAGAAAATTATAGTTATAAAAGGATTACAATAAAACCACCTTTTGAAAGTAAAGATTTAAGGGAATTGATAGTGATAGGACATGAAAACACTATCAACAAACCAATAGTTAAAGAAGAAGAAACAGAAGAGGTGGAAGAAAAAGGAGAAGAAGGCAAATGAAAAAATATTTAATACTATTATTTATACTTATACAAGGGCTAGTTTTTTCAGCAACTAAGAGTTTATCTGATATAAAGACATTAAAATTTGATGTTGTAGAAAAAACTAATATAAAATCAAAAAAGAGAGAAATTAGTTATAAGATTGATTTTATATTACCAAATAAAATTAAAAAAGAAGTTACAGCACCTGAATTAAACAAAGGAGAAATATATATATATGACTATTCAAAGAATAAAAAAGTAGTGTATTTACCCATGTTTAATGAAGTGAAAGAAACTCAGATAGTAGATGATGAAAATAGAATAATAAAGGCAATAAATAAAATAATAGAAGAAGAAAAGAAAAATAAAGAATTTAGCAAAAATTACAATGCTAAAAAACCTCAAAGTTTAAATATAGATGAACAAGTAACAGTAGATATTTTAAGTTATATTGAAGTTGAGGGCTATATTCTTCCAGAAGTTGTGGATATAAAAGATAGTGGAACTAAGGTGGGAAATATAAAAATAAGTAATTTACAAATAAATCCTAAATTAGAAGAAAAAACAATACTAAATGTTCCTAAAAAATAGATGATGTGAAATGATATTTTTAAGAGGTAAAGGTATTGTTATATCAAAGAAAGATATTGAAGAAGCAGATAGATATATTACAATATTTATGGAAGATTATGGAAAGGTTTCTACTGTTATAAAGGGTATAAGGAAAAGTAAAAAAAGAGATAAAACAGCAGTGGATATATTGTCATTAACTGATTTTCAATTTTATAAAAAAAATGATAGTTTGATAATTTCAAATTTTTCAACTATTAAAGACTATATAGGTATAAAATCTGATATAGATAAAATAAATATAACGTTTTATATATTCTCTATATTAAATCAAATTTTAGTAGAAAATGGTAGAAATAGAAAAATTTATGAGGTATTGGAAAAAACTCTTAATTATTTAGATGTATCAAATGATGAGAGGAAAAATTATCTTCTAATCCTGTACTTTCTATATATTATTATCAAAGAAGAAGGAATTTATATTGAAAATAACAATGATATGGAGGAACTTCAAGTTGAGGTACAAACTCAAAGAAAAGTAGAAATAGATGATAATGTAAAAAAAATATTGGAATATCTATTTAAAGATAATTTAAAAGTGGTAATTAATGATGAAAAATATAAAATAGATTATATAAAAAAAGCAATATTGGTATTAGAAAATTATATTAATTTTAATCTGGACACCAATATAAATGCAAAAAAAATATTGTGGGGGGCTTTATTATGGTAAATTCTATAAAAATAACAGATTATATCACAGAAGATTTAATAGATTTAGATTTAAAGTCAAAAAATAGAGAAGGTATTTTAGTAGAGCTGTCAGAATTATTAGAAAAATCACCTAATATTACAGGTGAGGAAAGTGATATTTATAAGGCTTTAGTTGATAGAGAAAAGTTAGGTAGTACAGGGATTGGAAAAGGGGTGGCTATACCTCATGCTAAAACTGAAAGTGCAAAAGGACTTACTGTTGCTTTTGGTGTAAGTAAAGAGGGTATAGATTTTAATTCATTAGATGAAGAAGAAGTACATCTATTCTTTGTCTTTGCTTCACCTAACAAGGATAGCCAAATTTACTTAAAAGTTTTAGCCAGAATTTCAAGGCTTATAAGAGAAGAAGAATTTAGAGATAATTTATTTAATTGCAAAACTCCAAAAGAAGTTATAGATTGCATAAGAGAAAAAGAAGAAAGTTAGGAGGGGGATTAAAAAAATATGAAATGTCCTTTTTGTAGTTCAGAAGATACAAAAGTAATTGACAGCAGAACGACGATAGATGGCTCTACAAAGAGAAGGAGAGAATGTAACAATTGTTTAAAAAGATTTAGTACCTATGAAAGATTTGAAGAAAGTCCAATATATGTGGTAAAAAAAGATAATAGGCGTGTAAAATACGAAAGAGAAAAACTTTTAAGAGGGCTTACCTTTGCAACAGTTAAAAGAAATATCAGTAGAGAGCAGCTAGATAAAATTATTACAGATATTGAAAGAAGCTTACAAAATTCTTTGGTAAGTGAGATAAGTAGCAAAGAGTTAGGAGAAAAGGTTTTAGAAAAATTAAGAGAGCTTGATCAAGTGGCTTATGTAAGATTTGCTTCTGTATACAAAG
NZ_CP071098.1_gap22	807697	812557	4860	TAAGTTAAAAAGTGGAGATAAGGTTGAAATAATTACTTCTAAAAACTCAAAGGGACCAAGTATAGATTGGTTAGATATAGTTGTAACTCATGGTGCTAAGGGGAAAATTAGAAAATTTTTAAAAGATGAAAATAAAGAGAATGTAACTAAATTAGGAAAAGATAATTTAGAAAAAGAAGCCTCTAAATTAGGTATGACTTTAAAAGAAATTGAAAATGATCCAACACTTAAAAAACATATGGAAAAAAATAATATATCTAGTTTAGATGAATTTTATTTCTATATTGGAGAAAAGAGAAGTAGACTTGATATCTTAATAAATAAAATAAAAATTAATTTAGAAAAAGAAAGAGCTGCTTCAACTTTAACTATTGAAGAAGTCTTAAAGAAAAAAGAAGAAAAGAAAAAAGAAGGAAAAAATGACTTTGGAATAGTTATAGACGGAGTAAATAATACTCTTATTAGATTTGCTAAATGCTGCACTCCTTTGCCAGGAGACGAAATTGGAGGTTTTGTTACAAAACTTACAGGTATAACAGTTCATAGGAAAGACTGTCCAAATTTCCATGCTATGATAGAAAAAGATCCAAGTAGGGAAATTTTAGTTAAGTGGGATGAAAATTTAATAGAAACAAAGATGAATAAATATAATTTTACTTTTACAGTTGTATTGAATGACAGACCAAATATATTGATGGAAATTGTCAATTTAATAGCTAATCATAAAATTAATATTACTTCTGTAAATTCTTATGAAGTGAAAAAAGATGGAGATAGAGTGATAAAAGTAAAAATATCAATAGAAATTAAAGGAAAAGCTGAATATGACTATTTAATAAGTAATATTTTAAAATTAAAAGATGTCATTTCTGTTGAGCGTTAGAGAATGGAGAATTAATGAAGTTACCAATCACATATAAGATAGAAAATAAAGATGGAAAAGCAAGAGCAGGAGTGATAACAACTCCTCATGGAGAAATAGAAACTCCTGTTTTTATGCCAGTAGGTACACAAGCTACTGTTAAAACTATGTCAAAGGAAGAATTAATTGATATAGGTAGTGAAATAATTTTAGGAAATACCTATCATCTTTATTTAAGACCAAATGATGAATTGATAGCTAGATTAGGAGGATTACACAAATTTATGAATTGGGATAGACCAATTCTTACTGACAGTGGAGGTTTTCAAGTTTTTAGCTTAGGTTCACTTAGAAAAATTAAAGAAGAAGGAGTATATTTTAGTTCACATATAGATGGTTCTAAACATTTCATATCTCCTGAAAAATCTATACAAATACAGAATAATCTTGGTTCAGATATTGCTATGCTCTTTGATGAGTGTCCTCCAGGGCTTTCATCAAGAGAGTATATAATTCCCTCAATAGAAAGAACTACAAGATGGGCAAAAAGATGTGTTGAAGCACATCAAAAAAAAGATAACCAAGGATTGTTTGCAATAGTACAAGGTGGAATTTATGAAGATTTAAGACAAAAAAGTTTAGATGAATTAAGTGAAATGGATGAAAATTTTTCTGGCTATGCAATAGGAGGACTTGCTGTTGGAGAGCCAAGAGAAGATATGTATAGAATACTTGACTATATTGTAGAGAAATGTCCAGAAGAAAAACCTAGATATTTAATGGGAGTTGGAGAGCCTGTTGATATGTTAAATGCAGTTGAAAGTGGTATAGATATGATGGACTGTGTTCAACCAACTAGACTTGCAAGACATGGAACAGTTTTTACAAAAGATGGAAGGCTTGTTATAAAAAGTGAAAGATATAAAGAAGATACAAAACCACTTGATGAAGAATGTGATTGTTATGTATGTAGAAATTATTCAAGAGCATATATAAGACATTTGATAAAAGTTCAAGAAGTTTTAGGACTTCGTTTAACATCTTATCATAATCTATATTTTTTAATTAGACTTATGAAAGATGCAAGGGAAGCAATAAAAGAAAAAAGATTTAAAGAATTTAAAGAAAATTTTATAAAACGATATGAAAATAAAAAGTAATAATATAATAAAAATAGTTCATTGCTAGCTAAATTTTATAACACTTAAAAATTGATATTCGCTGCAAATTTGGTATCTGTAAGAAGCTCTAAACGAGTAAACTCATTAAGACCTTCTAAGATCGCTTTGCTCAAACACGCCAAAATTTGCTCGGCTCATTTCCTTCAATTTTTAAGCTAAAATTTAGAATGCAATTCACTTATTTTTATTGATATTTATATATAAAATTTTCTTTAAATAGTATGAGTAGAGAAGGAGGGGATAAAGTTGGAAGAAATAGTTGAATTATTAGAACATAACAGATTAGCCGAATTAAAAGAAATTTTAATTAAAGAAAATCCAATAGATATTGCAGATGTTTTTGAGGAATTTCCCAAAGAGAAAGACTTAATTATATTTAAGTTGTTGCCAAAAGATTTTTCATCAGAAGTTTTTTCTTATTTATCTCCTGAAAAGCAACAAGAAGTTATTGAAAATATAACAGATGAAGAGATAAAATTCATTATGGAAGATATGTATCTTGATGATACAGTGGATTTTATAGAAGAAATGCCAGCAAATATTGTTGGAAAAATATTGAAAAATGTATCACATGATAAAAGAAAATTAATAAATCAAATGTTAAAATATCCAGAAAATTCAGCTGGTAGTGTCATGACAGTGGAGTATGTGTCTTTTAAAGATAATTGTACAGTGAAACAAGCAATAGACTATTATAGAAAAATTGCAATAGATAAAGAAGAAACAGATATTTGTTTTGTAACAGATAGTAAGAAGAAATTGGTTGGCATAATATCATTAAAAACTTTGATTTTATCCAATGATGATTCATATATAAAAAATGAAATGGATACCAATTTTGTCAGTGTTCTAACAAAAGATGACCAAGAAGAAATAGCAGCATTATTTAGAAAATATGATTTAACTACTATGCCAGTTGTAGATCAAGAAGATAGACTTGTTGGTGTTATAACAGTAGACGATATAGTAGATGTAATTGACCAAGAAAATACAGAAGATATACAAAAGATGGCAGCTATGAATCCATCTGATGAAGAATATTTAAAAGAATCTGTAATATCCCTTGCAAAACATAGAATATTATGGTTATTAGTTTTAATGATTTCTGCAACATTTACAGGTATGGTTATAAAAAAATATGAAGAAGTATTACAATCAGCAGTTTATCTTGCTGTTTTTATTCCTATGCTTATGGATACAGGAGGAAATGCAGGTTCTCAATCAGCAACTCTTATTATTCGTGGGATAGCGTTGGAAGAAATAGAATTTTCAGATATATTTAAAGTTATTTGGAAAGAATTTAGGGTAAGTGTTTTGGTTGGATTTATACTATCAGCAGTAAATTTTGTAAGAATTTATTATTTTACAAAATCAGGTTTAGAAACATCATTAGTTGTGGCTGTAAGTATGTTTTTGACTATAATAATGGCAAAGGTTATAGGAGGAGTTTTACCACTTATAGCAAAATCTATGAAGATAGACCCTGCTATTATGGCAAGTCCACTTATTACAACAATAGTTGATACAGCAGCACTTATTATATATTTTCAACTGTCAGTGATATTTTTACATATATAATAATTTAGAAAGGTTTTAAAAAGAATGAAAAAAAATTTAGAAATATTGGATAGACTTTACAATCTCCGTTATAAATCTGGGAAAGTACATTTATTTCATAGTATTAATAAATTAGTTGGAAGATTTGGAAATGTTGTAAGTCTTGATAAAATATATGTAAGTAAAGAATATTTATCATATTTATCTGAGAAATTATTTAAAGATAAAGATAAATTAATAAGTTTTTTTGGAGGAAATAATAAATTTGTAAGACTTAGTTTAGTTCATGAATTTATGCAAGATTTTGGAAGGGATATTGCTCAGGATATAAAAGATGATTTTATGGAATTAAAACAATATAATTCATCTGTATTTAAGGAAGTCAAGGAAAGAATGATAATTCTTAAAGAAAATGAAAATGAAGATATAACCAAAGAAGATATAGATTTAATTCAAAGATATCTAACTAATTGGAAAAATTTACAAGATAAGATTAGATATTTTATCCCAGAAGAATTTTATAACAAAAAAAATAATTATTTCTATACTTGTTTATTATCTTATATAAAATTTTTTGAAAAATTAAATTCAGATTATGAAAGTGGAATAAAATATTTGCTTGCAATAAAATAATCATAAAAATTATTACAGTGAAAGGAGAAACAAATTATGAAAAAGGGAATTTTTGCAATGTTTATTTTAGTAGCTTCTATGGCTATGGTGGCTTGTACTAATGCAAACGCAACAAATGAAGGTGCAGTAGGAGAAAATGATGCTTTTAAAGTATTAGAAAAGAGAAGAGAGTATTATAAAGAACAAGATAAAGAAAGAGCTGAAACACAAGTTCAAACAGATACAGTAGGTGAAGGAGCAACAATAACAACAGAAGATGAAGCAAAAGCAAAAGAAGAAGCTGATAAAGAGGCTTTAAAAATATTAGAAAAGAAGAGAAAGGGAAATTAAAAAATATATTAGATAAAAATTTAAGAGAATTTTTTTGAGAATAAAAATCTTAAAAAGATTCTCTTTTTTATTTTTATAAAAATTGACAATGGAGAATAAAACTGATAATATAATATATATTATAGTATTTAATGTATAATTTACAATCATAATACTATAATATATATTTTTAATGTTAAATAATAAAAGTTAAATTAAGGAGGAAGAAAATGAAAAAATTTAGAATTTTATCATTATTATCAGTATTAGCTTTAATTATGTTATTTACAGCCTGTGGAGAAAAGAAAACAACAGAGG
NZ_CP071098.1_gap23	819788	820371	583	TAGGTAAAAGTGAAAGTGATATAAAAAAAATAACAAGTGGAGCAAAAGTATTAAAAGGTTTAGCAATAAATGGTTCAGAAGTAAATAATTCAGAGGGAAAAATTAGAAAATGGTTAGAAGAGGTATTAGAATGACTATAAAAGAAGTGAGTGAACAATTAGGAATTACACAAGATACACTTAGATATTATGAAAAAGTTGGAATGGTACCTCCTGTTACAAGAACAGAAGGAGGAATTAGAGATTATCAAGAAGATGATATAGAATGGATTAAGCTTGCAACTTGTATGAGGAGTGCAGGTTTACCTGTGAAAGTAATGATAGATTATTTAAATCTATATAAACAAGGAGATTCAACAATTCAGGCAAGATGTAATCTTTTAAAAAAACAAAGAGAAAAATTGTTGGAACAAAGAAAACAGATAGAAGAAACATTAGAAAGATTAAACTATAAGATTGCAAGATACGAAATTGCAGTTGAAACAGGAAAATTAACTTGGGGTAAAGAATAGGAGGAATAATAATGTATTTAGAAAAAATTAATTCACCAGAAGATGTAAAAAAATTAAATATTGAAGAAATGA
NZ_CP071098.1_gap24	916557	917778	1221	CAACTGAGCAAGGGATTTTAGGGATTTTTGCAACAACAGATGAAAGAGACAAAACAACTTCATATATAGTTGAAATATACAATGATTATCTAGCTTTTTCTAATCATACTAAAAATCAAGCTAGTAAAAATTTTAAGTCTGTAATCCCTCAAATTGCAGAGGGAAATTTAAACAGTACAGAAATAGATGTACAAATAGCAAAAGATAAAAAAATAGAACAAAATGATAATACTTTTGCAGTATACACAGTAATTGATGTTAAGCCTGAAAATAATAAAGAATTTACTGAAATTATTAAAAATATAGCAGAAACTACTTTTAATGAAGAGGGGACTTTACTTGTTTATTTAGGAACTGATAGAAAAAATCCAAGTAAATGGTGTCTTTTTGAAGTTTATAAAGATATTGATTCATATTTAAATCATAGAAGTGCTAAATATTTTAAAGACTATATAACACAAACAAAAGATATGATAGTTGATAAAAAGAGAGCTGAATTACAAGTTTTAAAATTAGAAAATAAAGGTAGTTTAGATTACAAAAAATTATATTAAATAAAAAAAATCTAGGGGTTGTTGCAAATTTAAGTTTGCAACAACCCCTTTATTATTACATTTTATTATTATTTACTTTTTTTATCTTAGCAAATCTATCTTCTGATTTATAAGCAGAGATAAATGCTATTATAAATCCAAGAATTAAAATACCACCATTAATCAATAAATCTTTTGTAAAAACAGATTTTATTTCTGGATTTTCAAGAATAATTTGAGGAGCATCTTTAAGAACTTCCATAAAAGTTACTACATATTCTTCTTTATAAATTCTATATAATCTCCAAGCATATTCTAAGAAAGTTGCGATAAATAGTGAAATTGCTAATAAAATAAAAATGATAAAAGCAGATATCACTGAAATTTTTCCAGCTAAATGCTTATATACAGTAAAACACATAGCAGTTAAAAATGCAGGAATTGCCCATACATAATAACCAGCCATTCCAACAAGGATATAAGCTATAATTCCAATCAAAGCAACTCCAATTACACCTAAAATACCTAAAATAAAATTTTCTTTTTTGTTAATATTTTCTTCTTTTTTTAATTCTAAATCTTCTGATTTCTTTTTATATTCAGAGTCAGTTAGATAGTAATATTTTTGACCTATTTCAACGATGGATAAAGTACTATCATTCGTTCCATCAAGAAATCCACCAGTTGA
NZ_CP071098.1_gap25	940769	945371	4602	GAACATCTATTTTAAAAGTAGATATGCAAAATAATAAAAAAGCAACTGCGCTTTATTTTGAAAACAAAGGAGCCACTCCATTTGTTCTTAAAGATTTTAATTTAACATCAACTAATGGAAAAAATAATACTCTTGTCTTTGTAAAAAATGGAATTGTAAATATGAATTCAGCTACTAATGCAGATGGAACTCTTAAAAGTGCTTTAAAAATAACAGGTGGAGAATCAAATATTGGAATATATACAGAAGCAGCTGGGAAAGCATTAAGTAATAATGCACCTATATCTATTTCTAATTCTAATAGTTCAACTGGTATTTTTGCTAAATCTTCTGGAGCTGTTACAAATACTGGAGAAGTATCGGCTTCTGGAAAATCTGTAAAAGCTATAATAACTCAAGGTTCAACAATTAACAGTACAGGAAAAGTAACAGTTAATGGAACAGCTCTAAGTGACTCAGATGGGGCAGTTGGATTAGCTTCAATGAATGGAGGAACTTTAACTCAAAATAATGCTGATACTAATATTACAGTAGATGGTTCAGCTTCTATTGGTGCTTATGCAGATGGAAAAGTTGGCATTCCTGCTCCAACAGCAACAGCATTAACTATGACTGGTGGAACTATAACTGCAAAAGGTGGAGCTTTTAATACTTATGCAGCAAATAATGGAACTGTTACTTTAAATGGAGTTACATTAAATACAGAACCAAAATCGTTAGCATTTTATACAACTGATAATGGAAAAATAGATTTTGGGACAGGAGCAACAAAAACTACTGCTAATATTAAGGGTGGAACAGATTCAAATTCAAGAGGAACTGCTTTTCTATATAAAGGTGTTGGCACTTATGCACCATTTAATACAGGAACTATTTCTAGTTGGGCAGCAGCTAATTTTGCAAATAGAAATAATCTAACACTTAATATGGAACAAGGTTCAAGATTATTTATAGCTCAAAATGTACATATGGATTTGAGCGGAACAAACCCAACTGGTTTAGCAACAGCATTAGGAACAAATATTACAGGTTCTTCTGATTATAAGACATTTATGTTATATAGAAGTGAGTTGGCATTGGATCAAAATATAAATTTAGATAATCCTAATGATGCATATAATAAACTTGAAGTTTCTAACTCATCAATAAAAAATAATAACAGTAATACAATAAGTGGAACAAAAACAGCACAAGTTGCATTAGCTCAAGAAAATGATACAAATCTTGCTAGAACAGAGGTTAAATTAACTAACAGTGGAAGTATTAACTTGTCAGGAGCAGATTCAACAGCTATTTATGGTAAGTTTGGAGAAATATTAAATGATACAACAGGAAAAATAAATGTTGGAGCAACTTCTGCAGCTCTATATGGAACTACTGATTCTAAGATAGAAAATAAGGGAAATATAAACTTAGGAGCAAATTCAGTTGGAATATTCTCAAAAGGAGATACAGCAACAGGAATAGCGGGTACTTATAAAGGTTTAGTTTCTAACTCAGGAACAATAGCAAGTACTGGAAAATCTATTGGAATAACATATAATGGAATAGGCTCAGGAACATCTGATACTAGAATAACAAATGATACAACTGGTAAAATTAATTTAACAGGTGAAGGTTCAGTTGGTGTCTATGGTCTAGGTTCTAACTATAATATATTAAATAAAGGTGAAATCACATTAGGAAATTCATCTAATATTTCTGCATCTCCAAATGTTGGAGCATATACATCAGTTGATAGTGTATCAATTAAAAATGATGCATCAGGAAAAATAACAACTGGAAACAATTCAGTAGGAGCTTATGGTTATGATATAGAAAATGCTGGAAATATAACAACTGGAGATAATGGAGTGGCTATTTATTCTAAGAGAAAAGCAGGGGGTCCATCAACAGTTACAAGTACTGGAAATATAACAGTTGGAGGAAATAACGCAACAGCTTTGTTCTTAGAAAATGGAGGAAACTTAAATCTTAATGCTGGTACTTTAAATATAGGAAATGGCTCTTATGGAGTGGTAGCAATAGGAAATGGTTCATTTACATATAATAATAATGCAGCAGTAAATGTTAATTTAGGAAATGGAGCAACATATTTCTATTCTAATAATCCTACAACTAATTTTACTAATAATATAGCATTGAATACTACAAATTATGGAGTTTATGGAATTTCATCTACTGGAAATGTGGTAAATAATGGTAATTTTACATTAGGAGATAAAAGTGTAGGTATATTAAATACTGGAAGTGGAACTGCAAAAAATATGGCAGCGATAACTGTTGGAAATTCTGATGTGGCTAATAAAGATTATGCTATTGGTATGGCTACTCAAAGTGGAACAATTGAAAATGCAACTGGTGGAACAATAACAGTAGGAAATGATGGAATTGGAATGTTTGCAGATGGAGCTAATTCAAAAGCAATAAATAGAGGAACAATTAATCTTAATGGAAATAATGCTATGGGTATGTACCTAGATAATAAAGCTCAAGGAGAAAACTATGGAACAATTATAGCAAATGGTTCTCCAGAAGGAGCAGTAGGAGTAGTAGTTCAACATAATGCAAAATTAGTAAATCATGGAACTATTGATATTAATTCAAAAGATGGATATGCACTTTTCAAAGCAACAGGAGGAATAGTTGAAAATAGAGGAACAATCACTTTAGGTGGAGGAGCAAAGGAAACTTATGATCCTACATCAAAACCAACTTCTAAGGTAACAGGAAGTGTAAAGATAAATGCACCAAGTGGAGCAACACCAGCTACAACAACTATTACAGTAGCAGGGGTCCCTCAAACAATACAACAAGTATTGATTAATACTCCTCAAGGTAAGAAGGGTCCAGCTCCTACATCATTAGGAATTTATGTTGACACATTAGGAGGAACTAATCCAATTAATGGAAATCTTGGTTTAGTTACAACAGAAGCTGATTTAATACTAGGTAACGAAGCTGCAAAAACAACAACAAGTAAAAATATTATTGTAAGTGGAGCAATTTTAGATCCATATAATGTAATGATGGCAGCTAATCCAGGAGTAACTTGGAATGCTTATGCAGGAGCATTAACTTGGACTGCAACACCATTATATAGCAATGGTATGTTAGGAAGTGTTGTTTTGGCTAAAATACCATATACAGAATTTGCAGGAAATACAGCAACACCAGTTGATAAAAAAGATACATATAATTTCTTAGATGGATTAGAACAAAGATATGGAGTTGATCCTGTTGGTTCAAGAGAAAAACAATTATTTGATAAGTTAAATGAAATTGGTAAGAATGAAAAAGTTTTATTCTATCAAGCAACAGATGAAATGATGGGACACCAATATGCAAATGTTCAACAAAGAATAAATGCAACAGGAAAAGTATTGGATAAAGAATTTGATTATCTAAGAAATGAATGGCAAACTGTATCTAAAGATTCAAATAAAGTAAAAGTATTTGGAACTAGAGGAGAATACAAGACAGACACAGCTGGAGTAATTGATTATAAGAATTATGCTTATGGTGTAGCTTATGTTCATGAAGATGAAGATATCAAAATGGGAAGAGGTGTAGGTTGGTACACAGGTATAGTACAAAATACATTTAAGTTTAAAGATATTGGAAAATCAAAAGAAGAACAATTACAAGGTAAAGTAGGATTATTAAAATCAGTACCATTTGATCATAACAATAGTTTAAACTGGACAATAACAGGAGATATTTTTGTAGGATATAATAAGATGCACAGAAAATACTTAGTAGTAGATGATATCTTTAATGCAAAAGCAAGATATTATACTTATGGAATAGGAGTTAAGAATCAATTAACAAAGAGTTTCAGACTAAGTGAAGACTTCTCATTATCACCATATGTAGCATTGAACTTAGAATATGGAAGAGTAAGTAAGATAAGAGAAAAATCAGGAGAAATAAAATTACAAGTAAAATATAATGATTACTTCTCAGTAAGTCCAGAAATAGGAGCAGAACTTGCATTCAGACATTTTATTAATAGAAAGACACTAAGAGTTGGATTAGGAGTAGCCTATGAAAATGAATTAGGAAGAGTAGCAAATGGAAAGAATAAAGCAAGAGTAGCTCATACAAATGCAGACTGGTTCAATATCAGAGGAGAAAAAGAAGATAGAAGAGGCAATGTAAAATTTGACTTAAATCTAGGACTAGATAACCAAAGATATGGAGTAACAGCAAATGCAGGATATGATACAAAAGGACATAATATAAGAGGAGGATTAGGACTTAGAGTTATATTCTAATATCTCAAAAATGAAAAAATCTCTCTTGATAGAAATATCAAGGGAGATTTTTTTGTACTTTAAAAGGCTTTTGTATAAAATATCTATGGGTATATCATATAAAGAAAAGTTATTTATGATAGCCACAATGGAGCTTGAAATTGAGAGAATGAATAGATTAAGTATATAAATTTTTTCTTTTTAATTTTTAAAAAATAATTGACTTTTTAAGAAAAAGTAATTATAATCAGGCTAGATAGAAGATAGTTATATATTACAATATATAATCATCTTAGGTGTTCCACTACCTTAAAATGAAGGAGTTTTAAATTTAAGAAGCTACCAT
NZ_CP071098.1_gap26	958604	962484	3880	GAACCTAATGCTGGTTCAGATGCAGGAGGAACAGAAACAACTGCTGTTAAAGAAGGAGATTATTACATATTAAATGGTGAAAAAATCTTTATAACAAATGCAGATGTTGCTGAAACTTATGTAGTATTTGCTGTAACTACTCCTGATATAGGAACAAAAGGTATAAGTGCTTTTATAGTTGAAAAAGGTTGGGAAGGATTTACATTTGGAGATCATTATGATAAATTAGGTATTCGTTCATCTTCAACTTGTCAACTATTATTCAATAATGTAAAAGTTCCTAAGGAAAATCTTTTAGGAAAAGAAGGGGATGGGTTCAAAATAGCTATGTCTACTCTTGATGGAGGTCGTATAGGTATAGCTGCTCAAGCATTAGGAATTGCACAAGGAGCTTTTGAACATGCACTTGAATATGCAAAAGAAAGAGAACAATTTGGAAAACCAATAGCTTTCCAACAAGCAATTTCATTTAAACTTGCAGATATGGCAACAAAAATAAGAACAGCTAGATTTTTAATTTACAGTGCTGCTGAATTAAAAGAACATCATGAACCTTATGGAATGGAATCTGCAATGGCAAAACAATATGCTTCCGACATAGCTCTTGAAGTAGTAAATGATGCTTTACAAATATTTGGAGGAGCTGGATACTTAAAGGGAATGGAAGTTGAAAGAGCATACAGAGATGCAAAAATTACAACTATTTATGAAGGAACAAATGAAATTCAAAGAGTTGTTATAGCTGCTCATTTAATAGGTAAACCACCTAAAACTGATGTTCCTGGATTAGTTAAAAAGAACAAAGGACCAGTTACAGGACCTAGAAAAAATATAATATTTAAAGACGGATCTGCAAAAGAAAAAGTTGCTGCATTAGTTGCTGCATTAAAAGCAGATGGATATGATTTTACTGTTGGTATCCCTCTTGATACACCAATAGGAAAATCTGAAAGAGTTGTAAGTGCTGGTAAAGGAATTGGAGATAAAAAGAATATGAAGCTAATTGAAAACTTAGCAAAACAAGCTGGAGCTTCTATTGGTTCTTCTCGTCCAGTGGCAGAAACATTGCAATATGTACCTCTTGACCGTTATGTAGGAATGTCAGGACAAAAATTTGTTGGAAACCTTTATATAGCTTGTGGAATTTCAGGAGCTTTACAACACTTAAAAGGAATTAAAGATGCAACAACAATAGTTGCTATAAATACAAATGCAAATGCTCCAATATTTAAAAATGCAGACTATGGAATAGTTGGAGATTTAGTAGAAATTTTACCTTTATTAACTAAGGAATTAGATAATGGAGAAGCTAAAAAAGATGCACCACCTATGAAGAAAATGAAGAGAGTTATACCTAGAGTAGTGTATAGTCCTCATGTATATGTATGTAGTGGTTGTGGACATGAATACAATCCTGATTTAGGAGATGAAGATTCTGACATAAAACCAGGAACTAGATTTAAAGATTTACCAGAAGATTGGACTTGTCCTGATTGTGGAGATCCAAAATCTGGATATATAGATGCAAAAAAATAAAAAATATAATTGAGGAGGATAAAATATGCATAATGTTAGAAATATAACTGAAGATCTTTATTGGATCGGAGCAAATGACCGTCGTCTTGCACTTTTTGAAAATATACACCCTATTCCAGAAGGAGTGTCATATAACTCATATATGTTATTGGATAAAGAAACAGTGGTTTTTGATACTGTTGATTGGTCTGTAACAAGACAATATATAGAAAATATAGAATACTTATTAAATGGTAGAGAACTTGATTATTTAGTAGTACATCATATGGAACCAGATCACTGTGCTTCAATAGAAGAATTAGCTTTTCGTTATCCAAAAATGAAAATAATTTCTTCTGAAAAAGGATTTATGTTCATGAGACAGTTTGGATACAAAAGCATAAATGGACATCAATTAATAGAAGCAAAAGAAGGAGATAAGTTTAAATTTGGTAAACATGAAATAGTATTTTTAGAAGCACCTATGGTTCACTGGCCAGAAGTGTTAGTAAGTCTTGATACAACAAATGGAGCTTTATTCTCAGCTGATGCCTTTGGTTCTTTTAAATCTCTTGATGGAAGATTATTCAATGATGAAGTAAACTGGGATAGAGATTGGTTAGATGAAGGTCGTCGTTATTTAACAAATATTGTTGGTAAATATGGTCCACATATTCAACATTTATTGAAAAAAGCAGCTCCAGTTTTAGATAAAATTAAATTTATTTGTCCATTACATGGTGTAGTTTGGAGAAATGATTTTGGATATTTAATTGATAAGTATGATAAATGGAGCAGATATGAGCCAGAAGAAAAAGGAGTATTAATTGTCTATGCTTCAATGTATGGTAATACAGAAAATGCTATTGAAATCTTGGCAAAAAAATTGGCTGAAAAAGGAATTACAAATATAAAGATGTATGATGTATCTAGTACACATGTATCATATTTGATTTCAGATTTATTCAAATATAGCCATTTAGTTATTGCATCACCTACATATAATTTAGGAATTTATCCTGTTATTCATAACTTTGTAATGGATATGAAAGCTCTAAATTTACAAAATAGAACAGTTGCAATAGTTGAAAATGGTTCTTGGGCAAGAAAATCTGGAGATTTATTACAAGAATTCTTTGAAACTCAAATAAAAGATATAACTGTATTAAATGAAAGAGTAGGATTAACTTCATCAACTAATAATGTAAATCTTGATGAAATGGACACACTTGTTGATGCATTAGTTGAATCTTTAAATAAATAATTTTAATAAAAAATAGAAAGCTATTGTAAATTTAAAATGTTAATAAAAATAAGTGAATTACATTCCAGATTTTAGGATAAAAATTAAATAGAATGAGCCGAGCAAATCTCAACATGTTTGAGCTAACTTGTTAGCGAGTTGGTTGAATTTGCAGCGAATTCTTAATTTTTATCCGTCAAAAAATCTGGCTAGTAACGAACCATTTTTATGTATTTATTATCTACAATAGCTCTCTTTTTTTATGTTAGGAAGTTATAAGTTATCTTTTTTCATCAGAATAATCTAAACTTGCAAGTCTCTTATATTGTCTCCATCTTCTTTGAGCATCAAACATATTCTTTTCAAATAAGTCATTTGCTTCATTAGGATTTGTTTTCTTCAATGTCATATATCTAGTTTCACCCATTAAGTAATCTTGGTATAATTCCCATTTAGGTTCTTTTGAATCTAATTGTAGTGGGTTTTTTCCTTCTTTTTCAAGTAATGGATTATATCTAAATATAGGCCAATAACCACATTCAGTTGCAAGTTTCATTTCAGTTTGTGATTTTGACATACCCTTTTTAATTCCATGGTTGATACAAGGAGAATAAGCAATAACTATTGATGGACCATTATAGCTTTCAGCTTCTTGTATAGCTTTTAAGAATTGTTGTTGGTTAGCTCCCATAGAAACTTGTGCAACATAGATATGACCATAGCTCATACAAATAGCAGCTAAATCTTTTTTCTTTAAAGGTTTACCAGCAGCAGCAAATTTTGCAACAGCAGCAGTAGGTGTAGCTTTAGAAGATTGTCCACCAGTATTTGAATAAACTTCTGTATCCATAACTATAACATTTATATCTTCTTTTGAAGCAAGTACATGGTCAAGTCCACCATATCCTATATCATAAGCCCAACCATCTCCACCAACTATCCATTGAGATTTCTTAATTAAATATTGTTTCAAGCCTATAATATCCTTAGCATAAGTTTCGTTATTTCCTTCTAATGCAGTTAAAATTTTAGGACTTATTTCTCTTGTTTTAGCTGCATAGTTTCTATTTTCTATCCATTCACGGAATAAGCCTTGTAGTGCAGGAGTAACCTTATCCATAG
NZ_CP071098.1_gap27	973442	976350	2908	GGAGGAGCAATGTTTGGAGATAACTTATCTTTTATTTCTGACACTACAATAGCAGCAACTAGAACACAAGAAGTTGAAATGAAAGACAAATTTAAAGTTAATATTTTAATTGTACTTCCTGCTGTAATATTGAATATAATAGTGTTAAGTTTTATTGGTGGTGAAGGAGTACAAGGGGCAGTTTATGAATATAGCCTATTGAATTTAGTTCCATATGTATCTATAATAGTTTTAGCTTTAATTGGAATCAATGTAATAATAGTTTTAACTATTGGAGTTGTACTTGGATTAATAATAGGTTTAATAAATAATTCATTTACTTTTATTGAAATTTTTTCAGTTGTTCAAAGAGGTATGGGTTGGATGGAAAATATGGCAATTATAGCTTTAGTAGTTGGAGGAGTTGTAGCTATAATGGAATATTTAGGTGGAATAGACTATTTACTTGAAAATTTGACAGCAAAAATAAAATCAAAAAAAGGTGCTGAATTTGGTATATCTATATTGGTTAGTTTATTATGTTTAGCAACAACCAATAATACAGTTTCTATTATCACAGCTGGACCTTTAGCAAAAGATATAGCTGATAAATTTTCTGTTGATAGAAGAAGAGTAGCAGGGCTTTTAGATATATTTTCTTCTGCTTTTCAAGGCTTGATGCCTTATGCTGGACAAATATTAGTTGCAGCTGCAATGGCACAAATATCTCCTGTCAGTATAGTACCATATTCTTGGTATTCTATGTTTATGATAGTGATGGGAATATTGGCTATTATTACAGGTATACCAAAACTTAAAGAAAAAAATTAAAAATATACAAAAGAAAGGATTTAAAAAAATGCAAAGAATGGATGAAGGGTTAGCTTTTTTATTACAATATGAAAATGTAGCTTGGTACCAAGATGGTAAAGTTAAAATATTAGATAGAAGAGTATATCCAAGGGAAATTAAATTTGTAATTTGTACTAATTATTTAGAGGTTAGACAGGCTATTGCTGATATGGTAACTCAAAGTGCAGGACCTTATACAGCTGCTGGTATGGGAATGGCTTTGGCAGCATATCAGTCAAAAAATTTAAGTAAAGAAGAACAAATTAAATTTTTAGAAAAGGCTTCTTATGATATCTCAACAGCAAGACCAACAACTATTAATAGAATGAAATTGATTACAGAGTCTTGTTTAGAGGTAGCAAAACAGGCTATTATTGAAAATAAAAATCCAGTAGAAGTTATTTTTCAAAGAACTTATGATTCTTTGGAAAGGCGTTATAGAAGAATGAATCTTGTTGCAAAAAATTTAGTAAGTTTATTTCCTAATAAGGGAAAAGTTTTAACACAGTGTTTTGGAGAAACTATTGTAGGTTGTATGGGGAGGGAGATAAAAAATCAAAATAAAGATATTGAATTTTTTTGTCCAGAAACTAGACCTTATTTGCAAGGAGCTAGATTAACTGCTAGTGTTTTAAAAGAACAAGGATTTAAAACTACTGTTATAACAGATAATATGGTCGCTTGGACGATATCACAAAAAAATATAAATTTATTTACATCAGCAGCTGATACTATATGTATGGATGGATATATAGTCAATAAAGTGGGAACTTTACAAATTGCTATTCTTTGTAAACATTTTGGTATTCCATATTTTGTTACAGGCATACCAGATATTGATAAATTAAAAAAAGATATTGTTATAGAAGAAAGAAACCCAAATGAAGTTCTTGAATTTAATAATTTAAAAAATACTTTAGATGGAGTTGAAGCTTATTATCCTGCTTTTGATATTACTCCTCCATATCTTATAAATGGAGTTGTTACTGATAAAAAAATTTTTTCTCCCTATAATTTAGATGAATATTTTAAAGATAAAGTAGAGCAATATTATTAAAATGGAGGGATGATATGAAATATCAAGAACATTTTTTACTGGATTGTGATGAAGTTATTTCTTATGTAAAAGAAAAAAATCTTTTTTCAGAAAATGCTAATTTAACTGTTAAAGAAATTGGAGATGGCAATATAAATTATATTTTTAAAGTAGAAAATAAAATTGATGGGAAATCTATTGTTCTAAAACAAGCAGATAAATTACTTCGTTCATCAGGAAGACCTTTAGATTTGACAAGAAGTAAAATTGAAGCAAATATTTTAAGGATTGAAAATAATTTAGCTCCTCATTTTGTCCCTGAAATATATTTTTATGATGAAATTATGTGTGTATTGGCAATGGAAGATATTTCAGAATATAAAAATTTGAGAACAGAGCTTATGGCAGGGAAAATATTCCCAAACTTTGCAGATAATATTTCAGAATTTTTAAGTAGAACTTTACTTTTGACAACAGATTTATTTATGAATAAGTTTGAAAAAAAGAAAAATGTAAAAGAGTTTATTAATCCTGAATTATGCGATATTAGTGAAAGTTTAGTTTTTACAGAACCATATGATAATAATAAAAATAGAAATATTATAACTATTGGAAATGAAGAATTTGTAGAAAATATATTATATAAAAATGAAGATTTACATTTTGCTATTTTAAAGTTAAGAGAAAAATTTATGAACTATTCTCAATCTTTAATACATGGGGATTTACATTCTGGCTCAATTTTTATAAATGAAAAAGGAATAAAAATTATAGATCCAGAGTTTTCATTCTATGGACCAATGGCTTATGATGTTGGAAATGTAATAGGAAATTTATATTTTCCTTTATATAGAGCTAAATTTTTTATGGAAGATAGTAAGAAGAAAGAAGAATTTATAAATTGGTTAGAAAAATGTATTCTTGATATTCCTATCTTATTTTCTGAAAAATGTAAACTGTTATGGGAAAAATATTCAAATGATAAGTTACTTAAAAATAAAAAATTTAGAGATTATTACATTGAAAATATTGTAAAAGATT
NZ_CP071098.1_gap28	984005	985561	1556	CTTAAAAGACATAGAAAAATGATAAATTCTTCTGAATATAAAGGAATCAGTAATTTAGATAAAAAAGAGCAATCTAAAAGATATAAAGAATTAGATAAAAAATATTTAATATCTAAATTTGAATTAAATAAATATGTGAAACCTATGACACAAAAATTTAAAAAGAATATAGGTTCTCAAATGGGACAAGAATTAGCTGAAAGAGCTTTTGCGACTTATGAAAAATTTAAGTATGGTAAAGCTAAAAAAGTATATTTTAAAAGTTATGAAAATTTCTATTCTGTTAGAGAAAAAGGTAATATTACGGGACTTAGATTTTTTAAAGAAGATTGTTGCATATCTTGGTTAGGCTTAAAGATTTCTGTAATAATAAAAAATAATGATAAATATGCACAAAGTTGTTTTTTAGATAAGTTATTGTATTGTAGATTACTTAAGAGAGTTGTAAATGGAAAAAATAAATACTACGTTCAAATAACTTTTGAGGGAACACCTCCTAAAAAACATAAAGTTGGTGGAGAAAATGAAATTGGAATTGATATAGGAACTTCAACAATAGCAATCGTTAGTGATAATAAAGTAGAATTAAAGATTTTAGCTGAAAATATAGAAATAAACGAAAAAGAAAAAATAAGACTACAAAGAAAACTAGATAGACAGAGAAGAGCAAACAATCCTAATAAATACAATGCTGATGGTACTATTAATATAGAAAATAAAGAAAAATGGAAAAAGAGTAAATCATATTTAAAAACTCAATTAAAACTTGCAAATATACAAAGAAAAATCGCTGATAAAAGAAAGCAATCTCATAATATTTTAGCGAATAGTATACTAGAAATTGGAACAATAGTAAAAGTTGAAAATATGAGTTTTAAAGGTTTACAGAGAAGAAGCAAGAAAACTGAAATATCTGAAAAAACTGGAAAATTTAAAAAGAAAAAGAGATTTGGAAAATCTTTATCAAATAGAGCACCTGCATTATTAATTGAAATAATAAATAGAAAATTAGAATATATTGGAAAAAATATAATAAAAATTGATACTTTTAAAGTAAAAGCTAGTCAACTAAATCATAGTACAAATGAATATGAAAAGAAAAGTCTATCAAAAAGATGGGTAGAAATATTAGGAAATAAAATACAAAGAGATTTGTATTCTGCATTTTTAATAAAGAATGTAAAAGAAAATTTAGAAGAAGTAAATATAGAAAAAGCACAAAAAGAATTTAAAAATTTTGTTAAATTGCATAAAGAAGAAATTGAAAGAATAAAAAAAGGAAATGTAAAAACATTAAAATGTATGGGATTTTAAAATAAAAACTGGTTTTGAACCAAGCCAACAGGATGTAAATATTCTCAACGGAGAGTTTGTCCATTAAAGTCTTAAGGAAATTAGCTAGTATTTGAATATTAGATATTCAAAAGAAACTAAATAGTACTTAAGAACCTCGCGACTCTAGCACTCGTAGGGTGTCAGTCGTGAGAGGTTCAGAAGTGGAAGTATTCATTAATAAATATAAAAATGATATAATATAAATATTAGAGATAGTGAGG
NZ_CP071098.1_gap29	1151095	1152182	1087	AAATAAATAGAAAAATTTTCAGTGTTAGATTTTAAAGAATCTTTAAGATTTTCAACTTTATCTATATCAACAAAAAAAATTGTAAAAAGAGAGCCCATAGAATTTACACAAACATTAACAGAATATTTTTTAGCTAAGATTTCAATATTATCAATTAAGTAATTAGTTTTTTCTTCCAATTCTTTATAAATACTTGGATTTTCTTTTAAATAAGATATGGTTGCAAAACCTGCTTTTGATGCTACTGGATTTCCTGATAATGTTCCAGCATGGTAAACTCTACCAACAGGAGCAACTAGATCCATTATTTCTTTTTTTCCTCCAAAAGCTCCAACGGGATAACCGCCACCAATTATTTTTCCAAGAGTTGTTAAATCAGGAGTTATTCCAAAAAATTCTTGAGCTCCACCAAGTGCTAATCTAAATCCAGATATAACCTCATCAAAAATTAAAATAGTTCTAGTTTCTTCTGTAATTTTTCTTAATTCTTGTAAAAATTTTTTATGAGTTTCAATAACTCCCATATTAGCAGGAATAGGTTCAACTATAACACAAGCCACATCTTTATTTTTTAAAACTTCTTTTACTTTTTCAATATCTCCAAAAGGTAAAGTTAAAGTATCCTTTAAAACACCATCTGTTATTCCATTACTATCTTGATAACCTTCTGTCAATAAACCAGAACCTGATTTGACAAGTAAAGCATCTGAATGTCCATGATAACAGCCTTCAAATTTTAAAATTTTATTTCTTTGAGTATAAGCTCTTGCAAGTCTCACTGCTGACATAGTTGCTTCTGTTCCAGAAGTAGTTAATCTAACTTTTTCAACTGATGGAACTATCTCAACAATTAATTCTGCCAAATCAACTTCATATTTTGTTGGCAAACCATAAGAACTTCCATTTTCAATAATTTTTTTAACTTCTTCTATAACTTTTGGGTGATTATGTCCTAATATTAATGGACCCCATGAACAGATATAATCAATATATTCATTATCATCCTCATCCCAAATTTTTGCACCTTGTCCTTTTTTTACAAAAATAGGAGCTTCTCTGTTTACTGACTTAAATGCTCTCACTGGAC
NZ_CP071098.1_gap30	1153934	1155980	2046	TGGATATTAAATATTGATGCTGATGAAGAAATTTCACCAGAACTTGCAAATAAAATAAAAGCAATTAAAGAAAATAGCCGTTATAAAGTCTATAAAATAAATTTTATGTCTGTATGTTTTAATAAAAAAATAAAGCATGGTGGTTGGAGTAATACATATAGAATAAGACTTTTTAGAAAGAATGCTGGAAGCTATAATGAAAATAGTGTTCATGAAGAATTTGTAACAAGCCAAGAAATAGCAAAAATTCATAGTTATATTTATCATCATAGTTATTCAGACTTAGCTGACTATTTTGAAAAATTTAATAGATACACAACATTAGGAGCTATTGAATATTATAAAAAAAGGAAAAAAGCTAGTCTTATTTCAATAGTATTAAGTCCAATATATAAATTTTTAAGAATGTATATAGTAAGGCTTGGCTTTTTAGACGGACTTGAAGGTTTTTTGTTAGCCACAACAAGTTCACTTTATACTATGGTAAAATATTATAAATTAAGAGAAATATATAAGAATGGTTCCTATATTGAAGGGGAAGAAAAAAATGGAAATTAAAAGAATTTTGGTTTCAAGAACAGATAAAATTGGGGATTTAATTCTATCAATACCAAGTTTTTTTATGTTAAAAAAAATGTTTCCTAATGCAGAGCTTGTGGCTATTGTTAGGAAATATAATATGGATATAATAAAAAATTTACCATATATTGATAGATTTGTTATAATTGACGAATATAATAAAGCAGAGCTTTTAGAAAAAATTGCTTATTTTAAAGCAGATGTATTTATAGCATTATATAATGATAAATATGTTGCCTCACTTGCAAGAGCAAGCAAAGCTAAAATAAGAATAGGTCCTATATCTAAATTAAATTCATTTTTTACATACAATAAAGGGGTTCTACAAAAAAGATCTTTATCAATAAAAAATGAAGGACAGTATAATTTAGATTTAGTTGCAAAACTTGATAAAAAGAGATTTGAAGAGGTATATGAATTAAATACTAGGTTAATACTTACTGATGAAAATAAAAAAGTAGCTGATGTATATTTTAAAGAAAATTCTATTCAAGGGAAATGTCTTGTAGTAAATCCTTTTATAGGAGGTTCTGCTAAAAATATAACTGATAAACAATATGTAAATATATTAAAAAAAGTAAAAGATAAAATGCCAGACTTAAATATCATTATTACAAGTTATATAACAGATGAAGAAAGAACAGAAAAACTTAGTAAAGATATTGAAAAAGATAAGATTTTTACTTTTTCTAATGGAGCAAGTATTTTAAATACTGCCTCAATCATAGACAGGGCAGATGCATATTTTGGAGCTTCAACAGGACCAACTCATATTGCAGGAGCATTAGGGAAAAAGATTATAGCCATTTATCCTCATAAAAAAACTCAAAGTCCTACTAGATGGGGAATTTTAGGAAATAGTAATGTTAAATATATAATTCCTGATGAAAATAATCCAAATGAAGATTATAAAAATCCGTACTTTGATAATTTTACAGAAGAAATGGAAGATAAAGTTGTTAAAGCAATATTAGAGGCATTAAAATGAATATTTTGATAATACATACAGCCTTCATTGGTGATATTGTTCTATCTACTGCTTTGGTATCAAAGGTAAAAGAAAAATATCCTGATTCAGACATTTATTATTTAACAACACCTTTGGGAAAAGAAATATTAAAAAATAATCCTAAAATTAAAGAAATTATTGTCTATGATAAAAGAGGAAAAGATAAAGGTTTTGGAGCATTTATTTCTTTTGTGAGAAAGATTAGAAAATTGAAGATAGATGTCTGTTTAACACCACATAGATATCTAAGAAGTAGTATTTTATCCCTTCTGAGTGGAGCTAGTATTAGAGTAGGATATGATATTGCTAGTTTATCTTTTGTATATAATAAAAAAATTAAATATGATAAAACAAAGCATGAAGTTGAAAAATTATTGTCTTTTGTAGATGACAGTCCTAAAAGGTTTGAGCTTGAAATGTACCCAAGTGAAAAAGATAAAATTAAAATTGATACTATA
NZ_CP071098.1_gap31	1239582	1243774	4192	TGCTTCTAAAAATTCTTCAAAAGACTCCCAAACTTTTAAATTTACTAAATGCCAATAATCCATTCCTGCTCTTTTTACTTGTTTTTCATCAAGAGAAAAGCCTAATGGCTTTATTAAATGTAATTTTGTATTTGTAAGTACACAACTTCTCCCTATATTCCCAGTATTATATGGAATTTCTGGTTGATATAAAACTATATTCATAATTTCCCCTCCAAATGGCTTGTATTAGAAAAATCTATAATCTCAAATTTTCCATTTTCATATTTTACAATAGTATAGCTTGTATTTTTAGGTATTGCTTCATCACTTAAAGTTGAAATATCTTTTCCACTTATATAATGTAGCAAAGTTTTTAATGTTGCCCCATGACTAACAACCAGAACTCTTTCGTAATTTTTATTTAATTCAATAAATTTATTTAAACCTCTAATAACTCTTTCTCTCACTTCTAAAAAACTTTCTCCACCAAAAGAACTTGGATCATATTCAAGCTGATTGAAAAAGAAATTTTTAACCTGTTCTGGATAAAGTTTTTTAAAGTCTTCTTGTTTGATTCCTTCCATATCTCCCATAGAAATTTCAACAAAATCATCAAAAATTTCAACTTTTTGTTTTCTATTTCCTTTTATATAATTAGCAGTATCATACGCTCTTTTTAAAGAAGTAGAATAAAACTTATCAAATTTTATATTTTTTAATTTTTCACCTAATAATTTTGCTTGTGTAATTCCTAATTCAGTAAGTGGGGAATCAGAGAGTCCTTGAAATCTTTTTTCAACATTCCAAATCGTTTGCCCATGTCTCACAAAATAAATTTCCATATATTGAATGCCTCCATTTAATTTGTTATAATAATATTTGATTAATATATTATAGATTATACAAAATTTTACTATTTATGTAAAATTAACTTTAAAATTTGAGGTGAAAAATGAAATTTTTAGGAATAATTCCTGCCAGATATTCTTCAACTAGACTTGAAGGTAAACCTTTAAAAATGATTGAAGGACATACTATGATAGAGTGGGTATATAAAAGAGCAAAAAAATCAAATCTTGATGCTTTAATTGTTGCAACAGATGATGAAAGAATTTATAATGAAGTTATAAATTTTGGTGGTCAAGCCATAATGACAAATAAAAATCATACTAATGGTACATCAAGAATTGCAGAAGTTTGTGAGAAGATGACAGGTTTTGACACTATTATAAATATTCAAGGTGATGAACCTTTAATAGAATATGGAATGATAAACTCTTTAATAGAAACATTTAAAGAGAATAAAGATTTAAAAATGGCAACATTAAAACATAAATTATTAGATAAGGAAGAAATTGAGAATCCAAATAATGTAAAAGTTGTCTGTGATAAAAATGACTATGCAATTTATTTTTCAAGATCTGTGATTCCATATCCAAGAAAAAATGAAAATATAGCATATTTTAAACATATTGGTATTTATGGATATAAAAGAGATTTTGTAATTGAGTATTCTAAAATGTCTATAACACCTCTTGAAGAAACTGAATCATTGGAACAACTTAGAGTTTTAGAAAATGGATATAAAATAAAAGTTTTAGAAACAACTCATAGTCTAATTGGAGTTGATACACAAGAAAATTTAGAACAAGTAATTACATTTATTATAAAAAATAATATTAAAATATAATGTATTTAATTATCATATATAAAGGAGGAGTTGAGGTAATAACCTCACAAATATAATGAAAAAGAAAATATCTTTAATTTTTTTATCAGCACTTGTACTTATTTCATGCTCAAGTAACAAAACAGTAAATAGGGTAAAACCTGTCAAACCTAATGGAGATTATGGACATAGTTTACCACCTAATATTCAAAGAGGAACTAGGGAAAAAATAAAATTGGAAAATACTGTATTTAAAAAAATGGGACTACCTTTACCTTATAATACTTTTGGTGAACCTATCCCATATTTAGTACCTGTAAATGACAACCACAAAGAAAATTTTTCTGTATTTGAAGAATATAATGAAAATAGAGCACTAAAATATTTTAAAGATTTAAGTGTAAGAGGACATGGAGATAATTCGCCTTATTGGAGATGGAAAACAAGTATTAAAAAATCTGATTTATATAGCAAAGCTGCAAATAGATTAATAGCTATTTATAGAAATAACCCTAGAAATGTTTTAACACTTGTAAATGGTGAATGGCAACAAGTTCCTATAAAAAATGTTGGAACAGTTCAAGATATTATTGTTGCTGCAAGAGGAGAATCTGGAATAATAACTCATATGCTTGTAATAACAGGTAATGGAAAGTACTTAGTTGCCAAAGAATTTAATGTAAGAAAACTTTTAGCAACTAATAATGCTCTTTATGGTTCAAAGGGGGAAGAAGGAACATATAATAGTAAACCTGTTATACCAAATGTTACATCTTTACCTTCTGCATACTTAGCTCTTGAAGAAGAAGGAGGATATATTAATATCTATGGTGGTGGATTTGGGCATGGAGTTGGTATGTCTCAATTTGCAGCAGGAGCTCTTGCTAAAAATGGAGAAAGCTATAAAAATATTTTAAAAAGATATTATACAGATATAAAACTTTCAACTGTTGAATCTGTTTTAGGAAAAGACAAGGAAATTAAAGTTGGAATTACAACTAATGGAAGTTTAGAACATGGTAGACTTTCTATTTTTTCATCAGAAAATAAAGTTCAAATATACAATGATGATTTTGATATAACTGTTGGAGAAAATGAAAGAGTTGATGTAAGAAATACTTCTGGTGCAGTTACTATAACTCTTGAAAATGGAAAAACATATAAAACTAAAAATCCTCTTAATTTCTATGCAAAAGGAGAATATATAACATTAAGTCCTGTAAGAAAAGGACATACATCTTCTCCAAAATATAGAGGAATTATTACTGTTATACCAAGAGGTTCAAGTTTAAGAGTGATTAATACATTGGATATTGAAAAATATTTATTACAAGTTGTTCCAAGTGAAATGCCAAAAAGTTTTGGTGTTGAAGCATTAAAAGTACAAGCTGTTGCAGCTAGAACTTATGCAGTGAGTGATATTTTAAAAGGAAAATATGCAAATGATGGTTTCCACATAAAAGATACTGTTGAAAGCCAAGTGTATAATAACCAAGTTGAAAACGAAGAAGCTACTCGTGCAATAGAGGAAACTGCTGGTGAAATTATGACTTATAATGGTATGCCAATAGATGCTAAATATTTCTCAACATCTGCTGGATTTACAAGCCATGCTTCTAATGTATGGTAATAGGAGTTTATATGGAAATTGAAAGTTTAACTTTTAAGAATGAAAAAGAGTATAAAGAATTTTTAGATTATCTTTTTTCAATAAGAGATATAAAATATAGAGATTTTAATGCAAAAATAATTGTACCTGTGGATTCTGAAATAATTGGAATAAGAACTCCAATTTTAAGAGATATAGGAAAAAAGATTGCTAAAATATCAGCTGAAAATTTTTTAAATCTTTTTGAAAAATTATTTATTAAAAAGAAAATTAAATATCATGAAGAAAAAGTTCTATATGGTTTTATACTTGGCTATTCAAAGATAGATTTTCAAGAAAGATTAAAAAGAATAGATTTCTTTATAAATATTATTGATAATTGGGCTGTCTGTGATATAGTTGATTCAAGTTTTAAATTTATCAATAAAAATAAAGAAGATTTTTATAATTATTTGACTTCTAAGTTATCTGCAACAAATCCTTGGGAACAAAGATTTATTTTTGTAATGTTATTAGCCTATTATATAGAAGATAAATATTTAAAAGATATTTTTAAAATCTGTGAAAAAATAAAATCTGATGAATATTATGTAAAGATGGCTAAGGCTTGGTTATTATCAATTTGTTATGTAAAATTTAAAAATGAAACTTACAAATTTTTAGAAAAAACTAAACTAGATGATTGGACAGTTAATAAGTCCATACAGAAAGTTAGAGAATCTTTAAGAGTTACAAAAGAAGAAAAAGAAAAAATATTGCTTCTGAAAAGATAATATAAGGGGAACATTACCCCCTTATATTGTTTTTAATAATTTATACAGTTCTTCTCTAGTTTTGGGATAGATTTTCATATCAGTCTTAGTTAAAAGATTTTTTTCTTTTAGTTTTTCAAACATATCAAATAAGAAAGGTCTTTCTAAATAACATTCTTC
NZ_CP071098.1_gap32	1250494	1254702	4208	GCTATGAAGCCAGAAGTAATATTATTTGATGAACCAACATCTGCCTTAGACCCTGAAATGATAAAAGAGGTTCTTGATGTTATGAGGAATTTAGCAAAAGAGGGTATGACTATGCTCATAGTTACTCATGAAATGGGATTTGCTAGAAATGTTGGTAATAGAATTTTATTTATGGATAATGGTGAAATTATTGAAGATTGTTCACCAAAAGATTTCTTTGAAAATCCTACAAATGAGAGAATTAAAGATTTTTTAAACAAGGTTTTAAATAAATAAAAAATATTAAAATTTTAAGGAGTGATTGTTATGAAAAAGTTTTTTAAATTAATGCTTATGTCTTTATTATCAGTTGTAATTTCTATTTCTGTATTTGCAAAAAGTAATGTTGTTTATGTCGGGACAAATGCAGAGTTTGCACCTTTTGAATATCTTGAAAAAAATAAAATAGTTGGTTTTGATATTGATTTACTAGATGCTATCTCAAAAGAAACTGGTTTAGAATTTAAAATACAAGATATGGCTTTTGATGGTTTACTTCCTGCTTTACAAACTAAAAAAATTGATATGGTTATAGCTGGAATGTCTGCAACACCTGAAAGAGAAAAAGCAGTTGCTTTCTCTAAACCATATTTTAAAGCTAAACAAGTTGTAATAACAAAAGGTGTAGATAAATCTCTAAAATCATTCAAGGACTTAGCTGGTAAAAAAGTTGGAGTTATGTTAGGTTTCACAGGAGATACAGTTGTTAGTAAAATTAAAGGTGTAAAAGTTGAAAGATTTAATGCTGCTTATGCTGCTATCTTAGCACTATCACAAAATAAAATAGATGCTGTGGTACTTGATTCTGAACCTGCTAAAAAATACACTGCTAACAATAAACAATTTGTTATAGCTAATATTCCTGCTGAAGAAGAAGATTATGCTATCGCATTTAGAAAAAATGATAAAGAATTAATTAATAAAGTTAATGCTGCACTTGATAAAATAAAAGCTAATGGAGAATATGATAAAATATTAAAAAAATATTTTAAATAAAATTTTTATAGTCATTGTAAATAACTAAATGTGATAAAAATAGTTCGTTACTGAGTAGATTTCTTAACGATAAAAAATCAAGAATTCGCTGCAAATTCAACCAACTCGCTAACAAGTTAGCTCAAACATGTTGAGATTTGCTCGGCTCATTCTATTTGATTTTTTATCTAAAATTTACATTCGTAACTCACTTATTTTTATTTACATTGTAAAGATATATTTACAATGGCTTTTTTTATAAAATGTTGTTACTAAATATCTATTAATATGGTACAATTAAAGAAAATTCATTTTAATAGAGGAAAATAAGATGTATTATAATTTTAATCAGTATGTTAATTTAGGAGCTAATTTAGAAAAAGATGGGTGTAATTTTGCTATTTATGTAAAAAATGTTAGTACGCTTTCTTTAAATTTTTTTTATTCTTCAGAAGATACTATTCCTTATAAAAAATATATATTAAATTCTTCTGACCATAAATTAGGAGATATTTGGAGTATATTTTTGAAAGATATAAAGGAAGGTACTTTATATAATTGGGAGATAAATGGAATATCTATACTTGATCCTTATGCACTTTCTTACACTGACAATGATATCATAGAAAACAAAAAATCTATTGTTCTTGCAAGAATAGGAACCGAAACAAAGCATATTCTTGTTCCAAAAAAGGATATGATGATTTATGAAGCTCATATAGGATTGTTTACAAAATCCCCAAGTTTTAATACTTTAAATAGAGCTACATATTCTGCTTTTGAAGAAAAAATACCTTATTTAAAAGAATTGGGTATCAATGTGGTGGAATTTTTACCAATTTTTGAATGGGATGATTATACTGGAAATTTAGATAGAGAATCTTTTTTTCTAAAAAATGTATGGGGCTATAATCCTATAAACTTTTTTGCCTTAACAAAAAAATATTCTTCTTCAAATGATAAAAATTCTGCTGATGAAATCAAAGAATTTAAAAAATTGGTTTCATTTCTCCATAAAAATGGTATAGAAGTCATTTTAGATGTTGTTTATAATCATACAGCTGAAGGTGGCTCTGGTGGTAAAGTATACAATTTTAAAGCTATGGATGAAAATACTTTTTATACAAAAAGTAAAAATAATATTTTTGTTAATTTTTCAGGATGTGGAAATACTTTAAATTGTAATCATAAAGTTGTTAAAGATATGATTATTCAATCTTTATTATATTGGTATTTAGAAACAGGTGTTGATGGTTTTCGTTTTGATTTAGCTCCTGTCTTAGGTAGAGACTCTAACAGTCAATGGGCTAACCATTCATTACTTCATGAATTAATAGAACACCCTATATTATCTCATGCAAAATTGATTGCAGAAAGTTGGGATTTAGGTGGATACTTTGTTGGAGCTATGCCAAGTGGCTGGTCTGAATGGAATGGAGCATACAGAGATACAGTCAGACAATTTATAAGAGGAGATTTCAATCAAGTTCCTGAACTTATTAAAAGAATTTTTGGTAGTGTAGATATTTTTCATGCCAATAAAAATGGTTATCAATCAAGTATAAACTTTATTTGCTGTCATGATGGTTTTACTATGTGGGATTTAGTTAGTTACAATTTAAAACATAATCTTTTAAATGGAGAAAATAACCAAGATGGAGAAAATAATAACCACTCATATAATCATGGTGAGGAAGGATTGACTCATAATGCTCAAATTATTTCTTTGAGAAAACAGCAAATTAAAAATATGCTTCTTATTCTATATATCTCACAAGGTATTCCAATGTTACTTATGGGAGATGAAATGGGAAGAACCCAACTTGGTAATAATAATGCTTATTGTCAAGATAATGCTACAACTTGGGTTGATTGGGATAGAAAAAAAGAATTTGAAGATGTTTTTCTTTTTACTAAAAATATGATAAAGTTAAGAAAATCTTATTCTATTTTTAAAAAAGAAATTCCATTGATTGAAGATGAGGAAGTTATTTTACATGGTATAAAATTGTACCAACCAGATTTAAGTTATCATTCACTTTCTATTGCTTTTCAACTAAAAGATATAGAAACTGACACTGATTTTTATATAGCATTTAACTCATATAGTGAGCAATTATGTTTTGAATTACCTAAACTTGAGAATAAATCTTGGTATCTTTTAACTGATACTTCAAAAGTTGATAGCTGTTCTTTTGAAGAAATTAAGTGGAACGATTCTTCTTACTGTGTACTTTCAAAATCATCAGTAATTTTAATATCTAAATAAATTTTAAGGAGGCACTATGTTAAAAAAAATTTTAATAGCTGGACTCATAGCTTGTATATCAATGTCATCATTTGCTCATTTTCAGTTGATTTACACAAATGATGCAGATATAAGTGGAAAATCAACAGTTCCATTTCAAATATTTTTTACAGAACACCCTGCAAATGGGGCAAAATCTAAAAATATGAATATGGGAAAAGATGATAAAGGTGGTTTTCAACCTATTGAAGAATTTTTTGTTGTACATAGAGGAAATAAAAATGATTTAAAATCTGTTCTTTCTCCAATTAAATTTGGTGTAAAAGGAAATCAAGGTTCTGGCTATAAATTTAATTTTGGAGCAAATGATAATGGTGATTGGATTTTTGTTCTTATACCTTATCCTTATTTTGAAGAAAGAGAAGGAACTCATATGCAACAAATAACAAAAGTTATTACCAATAGAGGTGGAGAAGAAACTGATTGGAAAAATAGAGTTATTGGTGGTTATCCAGAAATTATACCTCTTACTAATCCTATAACTTGGAAGGATAATATGTTTAAAGGACAGGTAGTTAATAATGATGGAAAACCTGCCTCTGGTATAAAAGTTGTGATTGAATATTTGAATGCAGATATTGAAAATTCTCAATTTTCAGACACTTTAAAAGAAAATAACAAACTTACTATGACATTATATACAGATACAAATGGTTATTTCTCATTTACCCCTGTACATGCAGGTTACTGGGGAATAGCTGCTTTAAATGTAGGTGGAGAAAAATTTAAAAATAGTAGAGGACTATCACAGGATGCTGTTCTTTGGATAGAAGCTAAATAAAAATTTGGGGAGCATTTAAACTCCCCTTTCTTTATGCTATTTCATATTTAACTTTTACATTTTTTCCTTTAAATGCTATTCCTATTCTGTATACTTTTGATATTT
NZ_CP071098.1_gap33	1336993	1338679	1686	GATTGAGATTTTATGTTCTGAAAATGGTAGCATAGATTTTTTTGATATAGCAAATAATGAAATATATTATGTTGGAATGAGAGATTATACTTTGCAAGAAATTTATAAATTAGAAAATAATTCTTCTATTAAATTAAGTTCTTATAATGATGAAATAAATAAAAAATATAAGATATCTAAACCAGAAGTTTTTGATTTTACTACAAATGGAGATACAACAAGAGGTTTTGTAATTTATCCTGTTAACTATGATAAAAATAAAACTTATCCTGCAATACTTGATATACATGGTGGACCTAAAACAGTTTATGGAGACGTTTATTACCATGAAATGCAAGTTTGGGCTAATATGGGATATTTTGTAATATTCACTAATCCACATGGTAGTGATGGTTATGGAAATAAATTTGCCGACATAAGAGGAAAATACGGAACTATTGACTATGAAGATTTAATGAATTTTACAGATTATGTTTTAGAAAAATATCCTATTGATAAGACAAGAGTTGGAGTAACAGGTGGTTCTTATGGTGGATATATGACTAACTGGATAATAGGGCATACAGATAAATTTAAGTGTGCTGCCTCTCAAAGAAGTATATCTAACTGGATTTCAAAATTTGGTACAACAGATATAGGTTATTATTTTAATGCTGACCAAAACCAAGCTACGCCATGGATAAATCATGATAAATTATGGTGGCATTCTCCACTTAAATATGCAGATAAAGCTAAAACTCCAACTTTATTTATTCATTCAGAAGAAGATTACAGATGTTGGTTAGCCGAAGGATTACAAATGTTTACTGCTCTAAAATATCATGGAGTAGAAGCTAGACTTTGTATGTTTAGAGGAGAAAATCATGAATTATCAAGAAGTGGAAAACCTAAACATAGAATTAGAAGATTAACAGAAATTACAAATTGGTTTGAGAAATATTTAAAGTAATAAAAATAATTTATTAGCAAACAGATTTTATAGATAAATTAATTATTTTTCTTGAAATATAATTAGTTTAAATTTTTAGTATTTCATTTAAACTGCTTGATAGCCATTAGTGTTTCGTGAGCTCCAAAATGCTCCCTCAACAATAATGAACATCGCAGCAGTTTTTATTAAAAGTTATTTAGCTTTATTTTCAAGAAAAATCTAGTTTATCTTTTATCTGAAATATAACTTATTTTATTCACTTTTAATGATTATAGAATGGTATGGAAGGTGGTTTATGAAAAAAAATATTTTAAGAATTTTTCTGTTCTTTATCATCTCTATTGTAAGTTTTTCAGCAAGTTTTAGTATTTCTGACTTAGATGTAGAAGCTAAGCTTCAAAAAGATGGTTCAATGATAGTCAGTGAAGCTGTAACCTATGATATAGATGAGATAAATGGAATATACTTTGATATTGATGCAAAAGGATATGGAGGAATAACTTCTTTACAAGTTTTTGAAGATGAAGGACACTATGAAAATAATGTAATTTCTTATAGAGAAGTTGACCCTGTAAATTATGAAGTTACAGAAAATGATGGAGTGTATAGGATAAAACTTTATTCAAGAAATAATAATAATACAAGAACATTTAAGTTTGTCTATACATTGCCAGAAGCTATAAAAGTTTATGATGATGTGGCTCAATTAAACAGAAAAATGGTAGGACAAGATTGGCAACAGGGGATATCTACTG
NZ_CP071098.1_gap34	1351384	1355655	4271	ATGTTTGGTATCTTACTTCACCAGTTAGATATTCTTCATATTTTTCCCATTTAGGTTCTTTAGAATCTATTTGTAAAGGATTCTTACCTATTTTTTCTAATGATGGATTATATCTAAATATTGGCCAATATCCACATTCAGTAGCAAGCTTCATTTCAGTTTGAGATTTTGACATACCTTTCTTAATACCATGGTTGATACAAGGTGAGTATGCAATAATTATTGATGGTCCTTGGTGAGCTTCTGCTTCCTTAACAGCCTTAATAAATTGTTGTTGATTAGCTCCCATAGAAACTTGTGCTACATAGATATGTCCATAAGACATTGCTATTGCAGCTAAATCTTTTTTCTTAACTGGTTTTCCAGCTGCTGCAAATTTTGCAACTGCTCCAGTAGGTGTAGCTTTTGATGCTTGTCCACCAGTATTTGAATAAACTTCTGTATCCATTACTAATACATTTATATCTTCATTAGATGCAAGCACATGGTCAAGTCCACCATAACCAATATCATAAGCCCAACCATCTCCACCAATTATCCATTGAGATTTTTTAACTAGATATTGTTTTAAATCCAAAATTTCTTTTGCAAAATCTGTATTTAATGCTTCTAATTTTGGAACAAGTATATCTCTAATTTCTCTTGTTCTTACAGAATATTGTCTATTTGCTATCCAATCTTTGAATAAAGTAGCTATATCTTCATCAACTTTATCCATATTTTCTTCCATAGCATGTTGAATTCTAGATCTTAATGCTTCAACTCCCACATGCATACCAAATCCATATTCTGCATTGTCTTCAAATAATGAAGATCCCCAAGATGGTCCTTCACCATTTTTATTAGTTGTATATGGAGTTGCAGGAGCAGAACCTGAATAAATTGAAGAACATCCAGTTGCATTTGCAACCATCATTCTATCTCCATATAATTGAGTTATCAATTTAATATATGGTGTTTCTCCACAACCTGGACATGCTCCATGGAATTCAAATAATGGTTGAGAGAATTGAGAACCCTTTACTGTATCAAGTGGCATCAAGTCACTTCTATATTCTACATTATTATATAGATAATTTGTATTTATATCTTCATGTGCTTCTAATGATTCAGCTATTGGTCTCATATCAAGAGCGTTTGCAGGACATACATTAGCACACGATCCACAACCAACACAATCAAGAGCTGATACTTGTATTCTATATACTAATCCATCTAGTCCTTTTCCTGCTGCTTTCTTTGTAGCAAAAGGCATAGGAGCAGCTTTTAATTCTTTTTCATTTATTAAGAATGGTCTTATTGCAGCATGTGGACATACATAAGAACATTGGTTACATTGTATACATTTATCAACATTCCAAATAGGAACATCTACTGCAACTCCTCTTTTTTCAAAAGCAGAAGTACCATTTTCAAAAGTACCGTCTTCATATCCTAAGAAAGCTGATACTGGTAAATCATATCCTTTTATTGCATTTACTGGTCTTACTATTTTCTTAACAAATTCTGTATCTGGTTGGCAATATCCACAAGTTGTTGATTCTTTTGGTTCATTTAAAGGTGTTACTTCAAGATTTGCCCAAGCTGGATCAACTTCTATTTCAATAATATCATTTGCTCCTCTATCTATTGCATTATAATTAAGTTGAACTATTTCATCACCTTTTTTAGCATAAGATTTTTTAGCATAATCTTTCATATATTGTTGTGCTTCTTCAAAAGGAATAATTTCAGCTAATTTAAAGAAAGCTGCTTGCATTATTGTATTTGTTCTTTGTCCTAGACCAATTTCTTGTGCAAGAGCAGTAGCATTTATAATAAATAATCTTGCGTTATTTTTAGCTAAATCTCTTTTTACATTATTTGGTATATTTTTTATTGCTTCTTCTTTTGTCCATACACAGTTCAATAAGAACTTTCCACCTTCTTTAATTCCAGATGTCATATCATATTGATGTAAATATGCTGGAACTGAACAAGCAACAAATGTTGGTCTTGACACTAAATAAGTTGATCTAATAGGTTTTTTACCAAATCTTAAATGTGATCTTGTAACTCCACCAGATTTTTTAGAGTCATAAGCAAAATATCCTTGTGCATATAGGTCTGTTTTATCTCCTATAATTTTAATAGAGTTTTTATTTGCTCCAACTGTTCCATCTGCTCCTAATCCATAAAATAGACAAGCCTTTGTTGATGGGTCAGCCAATGCTAAAGCTGGTCCTACTTCAAGTGATGTATGAGTTACATCATCAACTATACCAACTGTAAAAGCATCTTTTGGAGTATCTTTTTTAAGATTATCAAATACTGCTAATACTTGTGCAGGAGTTGTATCTTTTGAAGATAATCCATATCTTCCTCCAACTATCAATGGAGCATTTTCTTTATTATAGAATAATGATTTTATATCTAATAATAAAGGTTCTCCAACTGAACCAGGTTCTTTTGTTCTATCTAAAACTGCTATTCTTTTTACAGTTTTAGGTAATACATCAAAGAAATATTTAGCAGAGAAAGGTCTGAATAAGTGTACAGATATTAAACCTACTTTTTCTCCTTTTTCCATCAAGTAATCTATAACTTCTTGTGCTGCTTCACAAACTGAACCCATTGCAACTATTACTCTTTCTGCATCTGGTGCTCCATAATAGTTAAATGGTTTGTATTCTCTTCCAGTAATTTTTGAAATTTCTTTCATATAATCAGCAACTATATCAGGAACTGCATCATAGAATTTATTTTGTACTTCTCTTGCTTGGAAGTAGATATCATCATTTTGTGCTGTACCTCTAGTTACTGGGTGTTCAGGATTTAAAGCTCTTTTTCTAAATTCTTCTAATGCCTTCCAATCTACTAATTTCTTTAAATCTTCATAATCCATTACTTCAACTTTTTGAATTTCATGAGAAGTTCTAAATCCATCAAAGAAATGTAAAAATGGTACTCTTGATTTTAATGCTGATAAGTGAGCTACACCAGCTAAGTCCATTACTTCTTGTACTGAATTTGTTGCAAACATTGCAAACCCAGTTTGTCTTGCTGCATAAACATCTTGGTGGTCACCAAAAATTGATAATGCTTGTGCAGATAATGATCTTGCAGATACATGTATAACTCCTGGTAATAATTCACCAGCTATTTTATACATATTAGGAATTTTTAAAAGTAATCCTTGTGATGCAGTATAAGTTGTTGTCAATGCTCCAGCTTGTAAAGAACCGTGAACAGTTCCAGCAGCCCCTCCTTCTGATTGCATTTCAACTAATTTTACCGGAACACCAAAAATATTCTTCATTCCTTTTGCTGCCCATTCATCTGTATATTCTGCCATTGGTGAAGATGGTGTTATAGGGTATATCCCTGCCACTTCTGTAAAAGCATAAGACGCATAAGCTGCTGCTTGGTTTCCATCCATAGTTTGCATTTTTTTTGCCATATAGTTTCCTCCTTAATTTCCATTTGTTCAATTTCTATAATTCACTATTTATATAATTAATTTACTAAACAATTTAGTAATAATTAATAACTATTTATATTTTTCCTTTAATCTTATTATTTTGCTAATCTAAAAGTATCTCTTGCTATTACTAATTCTTCATTTGTAGGTATCTTATATATTAAAACTTTTGAAGTATTTTTAGATAATTTTACATTTCCTTTTTTTCTAACTGAATTAATTTCTTTATCTAATTCAATACCTAAAAATTCTAAACCTTCTAATGCTTTTTCCCTAGTCATTGACGAATTTTCTCCAATTCCTCCTGTAAAGCATATAGCATCTACTCCACCCATAATAGCAGCATAAGCTCCTATATATGATCTTAATCTATGCATAGAAACACTTTCAGCAAGTATTGCTCTTTCATCTCCTTCTTTAACTGCATTTTCCATATCTCTACAATCTGAAGATTTTCCAAATAATCCAAGAATTCCAGATTTTTTATTCATTCTTTCATCCATTTGAGCATCTGTAAGTCCTCTTTTATTTTTAACAAATAATACAGCTGCTGGGTCTATGTCTCCACATCTTGTTCCCATCATTAAACCTTGTAAAGGTGTTAATCCCATTGAAGTATCAACTGATTTTCCATCTTTAACAGCAGTTATTGAAGCACCATTTCCTAAGTGACATACTATTATTTTTGAATGTTCAGGATTTCCCATAATTTCCCTCATAACTCCAGATACATATAGATGAGATGTTCCATGGAAACCATATTTTCTAACTTTTAATTCTTTATAATCTTCATATGGTAATGGATATATAA
NZ_CP071098.1_gap35	1402699	1405903	3204	AAATGAAATTACAAAGGAATTTATTTCCTATGTTCATCAGCAAACTGATACAACATTAAATTATTTACATCATAAAGGAAAGAAAATTATTAAGGCTAAATTTTTAGGAATATCTTCACAAGAGCCTATTATTTCAAAAGTTATAAAAGAATATGGTATTGATATAAATATTTTAGGTGGAACTATTGATAAACTTTCAACAGTCAACATAGGACATTTATATCTTGAACTTGATGGAAATTTAGATACACAAACAAAAGCAATTGAGCTTATGCAGACTATGGATGTTATAGTGGAGGTGATATATAATGGAAATTAGTTCTTTAATTGAGCCTCTTTTTGAAAATTTTGAAAATCCTATTGTAAGTATGCTTGCAGTTTCAACAGTTGAAACTATATATATGGTATTTCTTTCAACAATATTTTCACTGTTACTTGGATTTCCAATAGGGGTGCTACTTGTTATAACAAAAGAAGGTGGCATATATGAAATGAAAAAATTTAATACTATTTTAGGTATTATAATAAATGCTTTAAGATCATTTCCTTTCATCATCTTGATGATACTTTTATTTCCACTATCAAGGTTTGTAGTTGGTTCAACAATAGGTGCAACAGCAGCTGTTGTTCCACTATCAATAGGAGCTGCACCTTTTGTTGCAAGAATAGTTGAAGGAGCATTACTTGAAGTTGACCACGGACTTATAGAAGCTAGTCAAAGTATGGGAGCCAGCAACTCAACAATAATTTTTAAGGTTATGTTGCCAGAATGTTATCCAACATTAGTTCATGGAATTGTCATTACTATAATTAGTTTAATTGGATATTCAGCTATGGCTGGAACAATAGGAGCTGGTGGACTTGGAGATTTGGCAATAAGATTTGGATATTTAAGATTTAAACTTGATATAATGATTTATGCAATTATTATAATAATCATTTTAGTTCAAGTCATTCAATCAGTTGGTAATTATATTGTATATAGAAGACAAAAAAAATTAGGAAAATAACAGGAGGAAAATTATGAAATTTACAAAATTATTTGGAACAGTAGGAGCATTTTTATTACTATCAGCAGGAGTATTAGCTGGAACTTTAAAAGTTGGAGCAACACCAGTTCCTCATGCTGAAATATTAGAATTAATTAAACCAGATTTAAAGAAACAAGGAGTAGATTTAAAAATAGTTGAATTTACAGATTATGTAACACCTAACTTAGCATTATCCGATAAAGAAATTGATGCTAATTTCTTCCAACATAAACCTTATCTTGATAAGTTTGTAGAAGAAAGGAAATTAAATCTTGTTTCATTAGGAAATGTCCATGTTGAACCACTTGGATTATATTCAAAGAAAATTAAATCAATAAATGATTTGAAAAAAGGAGATACAATAGCAATTCCTAATGACCCATCAAATGGAGGAAGAGCATTAATCTTATTACATAATAAAGGAGTTATAACTTTAAAAGATCCTAAGAATTTATTTGCAACAGAATTTGATATAGTTAAAAACCCTAAAAAGTTAAAATTTAAACCAACAGAAGTTGCACAATTACCAAGAGTTTTACCTGATGTAACAGCTGCTATTATCAATGGAAACTATGCTTTACAAGCTAATTTATCACCAGCTAAAGATTCATTAATATTAGAAGGTAAAGAATCTCCTTATGCAAATATACTTGTTGTTCGTAAAGGTGATGAAAAAAGAGAAGATATCCAAAAATTATTAAAAGCTCTTCGTAGTGAAAAAGTAAAAAAATATATAAATAAAAAATATAGTGATGGTTCTGTTGTTCCAGCATTCTAAAATATAATAAAATTTAAAAAACTATTATAAGTGTAAATGTAGAAAAATAGTTTGTTATTAGTTAGATTTTTTAAATTTTCTTTGAAATAAAAATTTAATAATTTTTAAATAAGATTACTGCGACGTCCTATAATGTTGAAAGAGCATTTTGGAGCTCGAGAAACATTATAGGCTGCCAAGTAATCGCTATATGTAATTTAAAATTATTAAAATTTTTCAAAGAAGATTTTTTATTTACACTTTTATAATAGCTTTTTTATAATTCTATCCAAAATCTTTTATAATTTTTTCCATCAACAGTTCTAATATCTTCAAGCTCTCCACCACAAGCTATAATGCTTTTTTCACTAGCTATATTATCATCATTACATGTTATTAAAACTTTTTCTATTTTTAATTCTTTACATTTCTCTAAGGCAAGTTTAATCATTTGCCTAGCATAGCCTTTTTTCCTTTCAGATTTTCTAACACCGCAACCAATATGCCCACCAACTTGTAGTAAAAAATCATTTAAAGAATGTCTAATATCTATCATTCCAACAATATAATTATCTTTTTTTCTTATCCCTAAATAAGTAGACGAAGGGACAAGTCCTTCTGGAACTGTATCTTTGTTGCTCCTCTTTTTTAATTCTTCTAGCCAATCCTCAACAGTAGAAAATCTATCTAATCCAGCTGAACCATTTATAATAGGTTCATCTTCTAAAAATTCTTTTTTGTATCTTTGAATTTCATCAGCATAAGATAAATTAGGTTTTACTAAAATAATTTTTTCCATTTATATCACTTCCCTTCCTTAGTTATAGTATTGTTATTATTTTAATTTTAAAACCTATATATGTAAAATATTTATTTTATATATTTTTATTGATCCAATTAATAAAAAAAGAGAATTTTTTCAAGATTTTACTCTCAAAAAAATTCTCTAAATTTTATTTTACTTTTACTGTTGATTTCTTATATCTTCAATAGCTGTATCTAAAGCTTCTTTAAAACCCTCTGAAGAAAATGTTGCTCCTGCAACCATATCAATATCATCAAATCTTTGTTTTGCTTTTACATCATCAACTAATTTTTGTAAAGCAACTCCTCCAATTTCATCTGTATCTCCATGCTTAACTTCAATTTCAGTAACTCTGATTGTTTTATCCTTTTTCTTATAGGCTTTAACTTTTAAAGTTATATCATCATTATAACCTATTCCAACTCCTTCTGCTTCATAGATTTTTGGTTTAAAATAATCTTCAAATACAAATGCTGCTAGACCTAAAATAATAAAAACTATAACAAGCCATTCTCTAAGTCCAAAATCTTTAAAATTCATTGATTACTCCTATTCTAATTTTGTTTTTCTATATCTTTAACAGCATTTCTAATCGCTCTTCTAAAACCAGC
NZ_CP071098.1_gap36	1524093	1525025	932	GGTGTTTATGGCTATGGTATAGCCTACAATGAAAAATTGGTTGATAAAATAGATTTTTTAGTTATTCCATTGGGTAAAGCAGGAGCTTCTGTTGGAGCTTATGTTATCTGTGATGAAATCTATAAGAATTATTTAATAAATAAAAGTAAAAAATTTATTTATTCAACAGCACTTCCACCAGTTAATAATCTATGGAATTTATTTATTTTAGAAAATATGATAAATTTTCAAAATAGGATAGAAAAATTTCAAGAATTAGTTACTTTTTCTTTGAGTACATTGAAAAAGCTGAATTTAAAAACTAAGTCAACAAGCCATATCATAAGTATTATTATTGGAGATAATCTAAATACAGTCACCCTTTCAAATAATTTGAAAGAGCTTGGCTATTTAGCTTATGCAATAAAAGAGCCAACAGTTCCAAAAGATACTGCAAGACTTAGAATAAGTTTAACAGCTGATATGAAAAAAGAAGATATAGAAAAGTTTTTCAAGACTTTAAAAGCAGAAATGAAAAAAATAGGTGTGATATAGATGTCTAAAATATATTTTTTTAACGGTTGGGGTATGGATAAAAACCTTTTAAAACCAGTTAAAAATTCAACTGAATATGATATAGAAGTTATAGATTTTCCTTATAATATAGATAAAAATTCTATTGATATGAATGATATTTTTATAGGCTATTCTTTTGGTGTATATTATTTGAATAAGTTTTTATCAGAAAATAAAGATTTAAAATATAAGAAAGCTGTTGGAATTAATGGACTTCCAGAAACAATTGGGAAGTTTGGGATAAATGAAAAGATGTTTAATATAACTCTTAATACCTTAAATGAAGAAAATTTAGAGAAATTTTTGATAAATATGGATATAGATAATAGTTTTTGTAAATCAAATAAATCTTTTGATGAAATAAAAAATGAATTACA
NZ_CP071098.1_gap37	1546332	1549286	2954	AAGACTAAAAATAAATTTACAATAGGATTTAGAAAATTATATTTTATTTTTATTGAAATTATATTAATGATTTGTTAGAATTGAATAAGAAATAATTTTTATGGAGGAAAAAATGTTTTATTTTTTATATGGAAATTCTCCAATGATAGAGTTTGAAACTGAAAAAATTACAGATGAAATTTTAGAAAAATATCCAAATATTATACCAAAATTTTTTGATTGTTCTTTAAAAGAAGAAGATGAGTTTTTATCCGCTTTACAAGTTAATTCAATTTTTAAAACAGTTGATTTTTTAATTTTAAAAAGAAGTGAAAATTTAAAAAGTTCTGGCATACAAAAACTTTTTAAAAGTATTAAAAACTATAACTTAGACGAAAAAAATATTATAATTATTTATAATGTACCTATACAATATGGAAAAGTTGTTTCAGACTATGAATTAACTAAGGCTAGTATTAAATTAATTGAAGAACTTGCTACTTTTAAAGATTGTACTGTTATAAAAGAAAGTAAGGCAACTTTAAATTATGTAAAGCAAAATTTGAATATTACTGAAAAAGATGCTAAGGAATTTATAAAACTATTAGGAGATGATTATTATCATATAAAAAATGAAACTAATAAGGTTGCTACTTTTTTAGAAGGTCAGCCATACTCTTTTGAAAAAATTAAAAATTTAATAAGTATAGATAAAGAATATAATATGAAAGATTTGATTGAAAATTTCCTGAAAACTAAAAATTTTTTAGATATTATAAGTTTTTTAGAAAAAAATAAAGATTCTTACTTAGGTCTTATTTATATGTTGACAGATGAATTAATAAATTTACTAAAATTAACTTCTTTAATAAAAAGTGGAAAAATTTCAAGAAATATGAATTATAATGTATTTAAAGAACTATATAATGATTTTTCAGATTTATTTATAGGAAAAAATTTTAAGCCTCAACACCCATATACAATTTTTTTAAAATTAAATAGTTCTGAAAATTTTTCAGAAGAATTTTTAGAAAAGAAATTAAAAGAATTGTTAAGAATTGAATATAAAGTAAAAAGTGGAGAAAGAGATATAGACATTGAAACAGAAGTATTTCTTGGGAAATTTTTTTTTAAATAGGAGCTGTTGCAAACTTAATAAATGAAGTAAAAAATAGCTCATTACTAGCCAAATTTCTTGACAGATAAAAATTAAGAATTCGCTGCAAATTCACTAAACTCACTTCGTTCAAACACAGTGAGATTTGTTCGGCTCATTCTATTTAATTTTTATCCTAAAATTTAGAATGTAATTTCACCTATTCTTACTCACATTTTAATAAGCTAATTTGTAACAGCCTCTATCCCTTAATATTATTAATTTTTAAATGTACTTCTACTATCTCTTATTTTATTTATATCTTCTTTTAATTTTGACATAGTTACTTCTTTTCCATCAATGCCATTAAATGCAACTTCAACTATTTCTTCTGCTCTTTCTTTTTTTGATAAGTAATTTACATAGAAAGTATAAAAATTTACTTCTTCCCATTTTTGATTTCTAAAGATGTCAAGATTTTCAATAGCTAATTTTATTCCATTTATTATTAAAACTCTATTATTTTTTAAAATAAAAAACTTTTCTTCTTGAATAATATTTTTTAAAATTTCTTGATATCTTTCTTCAATAGCTTTATTATAAATTAAGTCAGAATTTTTTTTATTTTCCTGAAATTCTTTTATTTCTTTTTGAAATTTTTCATAATTTGTTTTATCTTCTTTAATAGCTTTTATAATTTTTCCAGCTTCTTTTTCTTCCAGAAAAAAACCAAATGAAACAACTTTTTTAGATTTTAATTTTATTTTTAAAAGTCTACATTTTTCTATATTTTAATGAAGAGAAAAATAGAGCTATTATAATATTAATTATAGAAAATCTTTGTTGATAAAGAAGTAATAAAACACCTGAGAAGAAAAATATTAAAAGTTTTTTATAACCTTTTTTTAAATCTTCTAAAAAATGTCTATTATCCCATAAAAAATGTAAAGTTTTATTTTTCATAGGCATCACTTAAAACTTCAATATCTTTTTTTAGTTGGTCTACTAATTTTATAAATTTTCCCATATCACTAATTTCCTTTCCTTTTTTATCATAAAGTTTTTGAAGATTTTTTAAATTTAACCTTTTGCTTTTAAGACATCATTAAGTAGTTTGTTCATTACTGATACTTGGTCTTCTTGTGTTTTTTTTAAGATATATATTTTCATTCGTAAATAAAATTCAATAGTATTAAATATAATATTCCAAAAGTAATTATTAAAGGAACTGCAGAAAAAATAATTGTTCCCAATATTATTTCTTTTATATCTATGTTTTTTTCTCTTATTGCTAATGAAATATTTAATATCACTCCAATAATAAATAATATTAAATACATATAAAAATTTCATATTTAAAAAAAATTATTTCTAGTATTTTTATAAGTAAAAATATATAATATTTTCTCTGAAGCGATTTTACTTTAATCAAAGCATATATTTGAATTGAAATAACAGTAATTATAGCTAATTGCATCACAAGTAATGCTAAAAAATCATTAGTATAGAGTAATAAATTCTTCAACACTATAAACCACCTTCTATCATTTGAGTGTAATCTTCATATATTCTATAATTTAATTTTCCTCTGGTATTAACATAATCTCGGAAAATTGAATCTAAATAATATTTACTTCCAATTTCATTTAACCGTCTTCTTTATACTTCAGTTAATTTATTATTTGGTCCAACATCATATTTTATCCATAGATTTACATCTGTTAATAAGACTTCTGGCATCTCTCCTTCATATCCATTTTTCCTAGATAATTTATTACCAAGTTCTTAAAAAACTATTAAGAATTTTTTTGAATAGGGTTATAAAAATTTTTATTTCTATAACCCTATTTCTTAAATACTATTAATTTTTAAATGTACT
NZ_CP071098.1_gap38	1552879	1555903	3024	GTATTTCATCTCTATTTGCACTTGCTAATTTCTTTCTATCAAATACTATTACATTAGTTACTGGGTCTGTATAATATAGTCCATTTGGGTCATTTACATCTGTTAATACCATCTTAATATCTGGTCCTTTATAACCTTTTACTCTTAGAGCATCATTTAGTAGTTTATTCATTACTGATACTTGTTCTACTTGTGTTTTATCATCTATTTTTCCATTCTTTATTGCTTCTTTTTCCAGTATTGATAAGTATTCTGGATTCTTTGCTACTTGGTCTCCTATTGCTCTCATCATAGATAACTGTTTGTATCTTTCTAGAAAATCTCCTTCTGTTTTACTTTTATTTCCTAGTGCAGTAGTTAAATCACTTATTATTCCTCCAGCTTTCTTTAACTCTTCTTGCTTATCTTTACCTAATAAATCAGTATGAAGCTCTGCATCTAAATGTTTTTCTTCATCTTTTATTTTTTCTTGTGATTTATCAATATCTGTATTAAATCCTAAATCTTCTCCACTTGTGCTCTTTCCAGATATTTCAAAGTCTGCATTTATTGCAGTAGCTCTATCTATTTGTTCTTTATTTATCTTATCATGTTTTATTGATGTATTTGGTACATCTGTTCCTATAGTTATACCTCCACCAATATTTTCATATTTATTCTTATCTTCTAAATCTTTTACTACTACTTTATTGGCTGATACTTTTAATTTTTCTTTTTCATTTTCAGAACCTATTACTGCACCAATATTTGTTAGACTATCTGTATTTACTTTTCCACCATTTCTTGCTATTAATGAAGTTTGCTTATTTACCCATTCTTTTTCTCCACTACCTTTACTTCCATTAATATTTGCACTAAAACTAGATGGATTTGCTAAGTCTATACTAAAACTTCTTCCATATGAACTATCTTTTCTTTCTGATTTATCTTGTTTACTTTCTATTACTAAATTTTTTGCCTTTATATCTAGTTTATCTGCTTCAACATTTGCACCAGATAGAGTTAAATTTTCTGAATCTGTTTTTAATTTTCCTCCTACATTAACTGTTGAGTTTATATAGTTTGTTCCATTTCCTCTACCTTTTGTTCCTGCTTTTGATATTGATAAATCTGCTATTTTTCCTTTACTTAAATCAGCACTTAGTCCAATACCCATTTGTGAAGATGAATTAGATGATGTAAAGTTTTCTTCACTTGCCTTTATTGTAATATCTTTTTTAGCATTTAAATCTAAATCATTTCCAACTTTTACATCTGTACCTGAAATAGTAATACTTCCATTTTTTGATTTAATATTCATATTTCTTCCAGATACTAATGAACTTTTTTCTACTGTTTCATTATGTACTGATGATTTTGATTTACTCTTATTATATGAAATATTTGCTTTAAATACATCATTCATAATTTTTAAATTGTTATAACCAGCATCTGTTGCTCCATTATAGTTTGTATCTGCTACTGCTATCGTTGCTTTTGCACCATCTTTAATAGCTCCTACTACTTTTGAAGCATTATTTAATATATCATAACTATTTCCTGAAAAATCTGTTAATTTCTTTATATCTCTTACATTTTCAACAGTATTTACTATTGCAGAGTTTATTCCTACACTTGCACCTATTCTTGATGAACTTTGTTTAGTAGTATTATCATAACTATTATTTGCTGTTGATATTTCTACTCCATTATCTCCTGATATATTTATATCATTTTTTGCATAGATATCTACTGATTTAGCTTTTACTTTATCTGTTGCTTCTATATTAATATCTTTATTTGATATTATTTGAGAAGCTGTTTGATTTAATATATCTGTTTTACTTTCTAATTTATCTTTTCCATATGATACTGATATTCCTTTTGGACTAAAAGAACCTGAGAAGCCTTTTTTAACTTCTTCATGTTTATTATATGATTTTGTTGCTAGTGGATTTATTTCTACATCTTTTCCTTTTAAATTAATATTTCCACTTGAAACTACTTTTACTCCTGAAAGTATTAGATTATTTTTACTATCATATGTTAAACCATCATTTCCAGCAAGTGTTGCAGATAATATTGCTTTTTCTGCATAATTTTCATCTGTTACTGATTTAGAAGTAAGTCCCATAAATCCTGTTTTAGTTTTCTTATGGTAAGAATAATTTGTGTCTTTTACTCCTGCTTGTGTAATATTTCCATCAGCTTTTATTTGTCCTTCAGCATTAGCTTGAACATTACTTCCTAAAAGACTTATATTCTTTTCACTTGTAATATTTACTTTATCCCCTATTACATTAGAAGCGACATTATGTGTCGCATAAGCTATATCTGTACTTGATTCTGAACGACCAAAGCCTTTACTCTTACTATGTTTTTCTTCATGTAAAGTAGAATCTTTTCCAGCTACTATCGCAATATCTCCTTTAGCTCCTATATTCATCTTATTATCTGCAACTACATTTGAGCCTATTATTCCTATATTACCTAAAGAAGTTAAACTAATATCTTTTGCTTTTAAATTACTTCCAACATTAGTTTTCTTTTCATCTAGTACAAAATCTTTTCCACCATTTTTTACTTTTTTATCAACAGCTTCAAGATTTCCTATAACTAGATTCTTTCTTGCACCTATTTGTATTTTATCTTGAGCTTTTATATCTGCTCCAAGATTTTCTACATTATTAGCAACAATAGAAATCTTATTCCCTACAATATCTCCACTACCTCTAACATCAGTAAATACATTATGATAATCATTTTCATGTATAGATAGTTTCTTACTATTCTTTATATCTCCATTTTCACTATATATTGAAACATTATTATCAGCAACTATATTTCCACCAATATTTTCTGTATCTTCTTTAGCAACTAATCCAATATTAGTTGCATAAATTCCTGTATCTGAATATGCTGCATTTTGATAGATTTTTTTAGAATTGACAAGCACATTACTTTTTGCAATAATCTTGCCACTGTTATCTACAATAGAAGCATTGTTAATAACAAAATTTCCACCAGCTTTAATAATATTACCTT
NZ_CP071098.1_gap39	1557911	1562885	4974	TCCACTATTTACAACCATATCATTTGTTGCTATTAATTTATCAGTATTTTCTAATTTACCTGCTTCTATATTTAGATTTTTTGCAATAAATTCTTTATTATTTTTAATATCTTTTGAATTTATTACCATATCCTCATTAGATTGGATTTTTCCACTATTTATTAAATTTTTATTTTGACTAATATTCATATTTCCAACAGACAAAATATTACCACTGTTTCTTAAATCTGTTACTTTTAAATCATTTTTCCCTGTTGAATATAGAAGTCCTATATTTACTAAATCTTTTGTTGTTATAGAATTATCAGCTTTCGCTACTATTTTACTATTATTTTTTAGACTATTTGTTATTATATTTATATTCTTTCCAATAAGTTCATTATTTTCTATATTTTCAGAGTTTATTGTTATATCATTATTAGATTGAATTTTTCTATTATTTATTAAATTTTTATTTTGACTAATATTCATATTACCAACAGATAAAATATTGCCATTATTTCTTAAATCTGTTACTTTTAAATCATTTTTTCCTGTTGAATATATCATTCCTTTATTTACTAGGTTCTTAGCTGTAATATCCATATTAGCTGTTGTTGCTATTTTTGTATTATTATTTAATTTATCTGTTACAATTTTTAAATTTTTTGCAGTAAGCTCGTTGTTTTCTATATTATTACTTATTAAACTAACATTTTTATCTGAATAAATCTTCCCTTTTGATTTTAGCTCTTTTGTATTAATAGAAATATCTCCATTTGCAAGTATATTATTACTTTCTATATCTGTGCTATTTATATCAATTTTTCCAGAGCTTGTTATATCCCCTAAGTTATTTATCTTTTGATTTACTATTTTTGTTTCATTTCCTGAATAGATTTTTCCACTATTTGTTAATATTTTATTATTAATATCTAAAGTGTCTTTTGCTACTAACTTATTTGTATTATTTATATTGTCAGAATTTATATTTATTTTTTTATCTGCAACAATAAGTCCTGTATTCTCAGTATTTTTTCCATTTATTTCTATATTATTTTTAGTTTGAATATCAGCAGTGTTTTTTAAGTTACCCTCAACATTTAAATCTTTATTTGTAAAAATTAATTTATTATTTTCAACATTTCCTTTAATAGTAACATCTTTATTCGCAATAATTTCACCTTTATTTAAAAGTTTTTTATTTTCTATATTAATCTTATTTTCAGAAATTAATTTTTCACCTATTTCTGTTTCTGTTGAAGATATATTAATATTTCCTTTAGCTTGTGTATCTTTTAAATATACCTTACCCTTAGAAGATATTACAACATCTCCTTTTGTTGCATACATTGGAGCTTGTGTTTTTACCCCTACTCCATCTTCATTTACTATTATATTTATTCTTCCTGCATAAATAGACCCTAGTGCTCTTGCATCTAGTGCATATTCAGGTTTATTTGATTTTCCTTGACTCCCAAGTTTTAGATTTACTTCTTCTCCACCATAAATAGGCGCTGAAAGTTCTGCTACTCTTGCAACAAGTTCAGCTTTATTTATATTTCTTAAATCTAAACCTTTTCCTGCAACTTCTATCATACCCTTTTCTGGATTTAATAGATTATTTCCTCTACCAGTAGTAAGAGTTACATTTCCAGTATTGATAAAACCTGCACCATTAATATATATCCCATTAGGATTCGCTAAGATGTAGTTAGCTCTTTTACCTGCTATTTCTTGATATCCTTCTATTCTACTTCTATTTACTCCACTTACTTCATTTATTATTGTTGAGGCTTCTTTTGAATTTTGTAAATTAGGGTTACCATAAATAAGTCCACCTAATTGAGAGTTTGTTAAGTCCTTAGAGTTATTTAAAATAGCTCCTCTACCATCTACATTGTAGTCTTTATATACATTATGGGAAGTTCCATTATTATCTGGTGCTTCTATATTAACAAGTGGAACTCCATTAGCTGCTTTATCTACTTGCAGATTTCTGCTTGCAGCACTATCTGGAACTATTCCATCAGCTAAACTGATTATATGTAAAAATAGCATAAATATTGCCACTAATTTTTTTAATCTTCCGTTCATCTCGTTCCCCCTTAAAACCTATATGTTATACTTGTATACGCTACTGCTTTATTATTTTTAAAATATCTTGGTTTATCTATTGGTTTTGCCAATGTAAAATTTCCTTCAAAACCTTTAAAATATGCTTTTATTCCTATTGCTACACCTTGAAGAGTTTCTACCTTATCTTCATTTACTTTATTATTAAAAACTCTACCATAGTCATAGGCTATATATGGTTCTAAAAATTGATTTCCTCTATATCCTATTTCATTTCTGATATAGAAACCTTTATCTCCTTGTGTTGATTCATCTTTAAATCCTCTTACAGTTGTATCATCGCCTATTCCTATTTTTTCTTGTGAATACAATATATCTTTTGAATATTGTCCTCCAATATTTGCCTTATAGTAAAATTTATCTATTGGTTTATACCAAGATATATTTATATTATATCTTCTAAATTGTGCTTTTGGTGTATATTCATTTCTATACCATTCTTGGTTATCTTTATTCGCACCAAATCTTTTTAGTCCAAAACTTACTCCTAAATTTGTACTCAATAGTCCTGATAATATTCTTCCTGTATATGTTGTATCCACAGTTAAAACAGATAAATTTCTTGAACTAGAAACTAATCGCACATCATCAATATAGTTTTTAGAATCTTTTAAAGTTATTTTTGCTCCTATATCTATTTTATGATTTTCATTTCTATGTAACATTTTTCTTATTCCAAATGTTTGATTTTTAGTTTTTCCTGTTGCTCTGTATTTTCTATTATAGATATTGATAGTACGAAGATATTCTGAACTGTCATAATTATATGAAAAAGTCCAATATTTAAAAGGAACAGATACTCCAAAGCTAAAGTTTTTTGTATCTCTTTCTTTATATTGCCTTTGTAATTTATTTTGATAAGAAAAATCTAAACTCTCATTTAATCCAAATATGTTATGAGTATCTAAAAAATATCTAAGTCTATGTCTTAAAGTGTCATACTGTCCTAAATCATTGTAGTTTATTCAGAAACTTATAGGTTTATTATCTCTTTTAATATATATGTTACTGTATTCATTTTTATCACTAGCTTTAATATCCATCTTTGAATTATCGCCAAGATTATCAATTCCTTGATCTAAATCTCTAATATTTAAAATATCATTTTCTCTCTGTGGAAAAGTTATGAACGTTTTAAATTTATTTTCTTTACCATCATAGAAAACTTTATCTATCTTTCCTTCTAAAACAAAAAGAGATATATTACCATTATCAAAATCAGACTTTTCAGTATTAAGTCCAACTTTTGTAGTAACATATCCCCTCTCAATATATTTATTTTCTAGCTCATTTATGAGTGCATAGATATTTTTATTTTTACCTATATATTTTTTTAAAATAGCATCTATTTGAAAATCTTCAAATATTGTATTACCTTCTAAATCTATTGAAGTTACATTTAGAATTAAATTCTTTTGCCCATTATCTTCATTATTTTTGGGCACAGAAAAATTTTGATTCCTTATTAAGTTATCAAAATCTTGTTGTTCTTGCCTTCTTTTTTCTATATCTATTTCATCAACAGCATAAGAAAAAGAAAAAATTAATATAGATAATAGAAATATTTTCCTAAACATCATTATGTTCCTCCTTTTTCGTTCATATATATAGGAAATTATATTCTTTTTATTTATTATTGTCAATTATTTTTTATAGATTAATTTTTTTAATATACATTTTTATTTTCCATTCTTTCAATAGCTGCTATTCTTTTTTCTAAACTTGGGTGAGAAGCAAATAGGTTTCCAAAAATATTACCCATTGAAAAATTATTAGTAATCTTAAAACTTGCAAATTCTCTGTCACTATCTTGAAGTGATACTCTACCTTCACTTATTTCTTGTAAACGAAGCAAAGCACTTTTCATATAACTAGGATCTGTTATTTCTGCTGCTAATTTATCAGCTCCATATTCTCTTCTTCTTGAATATGCACTTGAAACTATTTTTCCAAAAATATTAGCAACATTTCTTATTAAATAATATGTCATTATACTTGAACCTGCTCTCCTACCTCTATTATTATTTCCACCTAATAAAAATGGTAAAGTTGCAATCAGTCCAAAAGCAGAAACAAAACCTTCTAAGATAGAAGAAGTTAACATATCTCCATTGACTACATGAGACATTTCATGAGCTAATACTCCTATAATTTCAGTTTCATTCATATTATTTAAAAGTCCTTGGGAAACTGCAACCATAGCAGAATTTTTACTTGCTCCTGTTGCAAAAGCATTGACATCATTAGATGGATAAACTCCAATTTCTGGAAGTTTTTGTAAACCTAATTTTTGACTTAACAAAGTTATTGTGTCCACCACTAACTTTTCTTTTTCTGTTCTTGCTTCACCATCTCCTATCATTCTTATATTATACGCTCTTTTTACACTAGCTTTTGACATTATAAGTGATATAAAGGGAGTTGCAAAAGCAAATAATATTAGTAATGGAAAATAATTTAACATCTCCTGTCCCACAAATATATAGATTAGTAGATAGGTTGCAAATAATCCCATTGTAACCCAAGTACCTATTTTAAATATATTCATATGAGGTACTTTAACAATTTTATTTTTTAATTCAGCTAAACCTTTCATTTTATCTACTCCTTAATTTCTCTCAATCTTCTTTTAATTTTATAAATATAATTATACATATTTTCTCTAAGTTCATCTATATTGTCAAGTAAAATTTTTTCAGCTTGAATATAAGTGGTAAATTCATTAAATTTTGCTTCTTTAAAGTTTATAACTTCTTTTTTAAGTTGATTATATAGAACATTTGACATATAGTTAATTGTTCTTGCTAAATTTTCCTCAACATTTTTTGTTTTATCATTTTCTTCAAGTTTAACTAGATT
NZ_CP071098.1_gap40	1588585	1591853	3268	AATCTAGTACTTGATTGATTTCATCTATGTATACTGGTTTTCCTTCTGTTTTATTAATATCTATTTTTTCAAAACCAGCATTTTCAATTTTATGTAAAAAAGGTTTTCTTTCTCTATCATACCAATTTAACAAATATTCCATTTCATCTGCATAAGAATATAGTTGTTTATAAAAATTTTTATTATTATTTATTTCATTCATTAATGTGTTTTCAGACATTAAAATATTCCAAGTATTTTTTGTATTTTCTTCTAATTCAGCTAAATTAGTATAATCTAAGGCTAAATCACAATCATATAATGTTTCTAAAATTCTTTTATTTATAGTAACCTTGTCTGATATTTCTCTTTTAGCTTTTCTTAATCTGTGTTTAAAGAAAAATCCTGGCTTTTCAATTCCTTTTTTCAATGCAATAATCAAATTTTTAGCTGTACTGACATCTATATCTTTATAAACTATATCTTTTTTAAAGAATTTATCTTTTGTATTGTTAGTGAGTTCATATAATCTTCTTATATCTTTTATAAAATCTAACCATATTTTTCTATCTCCAGAATTTTCCATACCTGCAATACAAACATCTTTTTTCCAATTTTCAATTATATTTAATTCATCTGGAATTATATTATCTATATCAGTATAATTTTTAAATTTTTCTAAATCTATTATTATTTTGTCATCAATATATAATATTTCATCATTTATATGATATTTTCTATTTTTTAAAAGAAGTTCTAGTTTAAGTCTAATTTCTTTTTTAGCTTCAAGTGTCTCTTTAAATTCTTCTAAATTCCAAAAATCAGAAACTTTATTTAAACCTAATTCTATTTCCCTTTCTTCTTCTTTACTCACATTTTTCTTATATCCAGATTTTAAGAAATCTAATTCTTCATTATTTATAGGACAAAGCACACCACTACTTACTATACCAGGAATTTTATCTAATTCTCTTTCATTTTTTCTTAAAAATTCCCCTGCTTCTTTTAAAGTAATGCTTTCATTGTTATAAATAATAGGTTTACTTTCTTGATATTTTATATTAAATATTTTTCTTTTTATATTTTTTATATCTTCTTTAAGCTCATTCCTATTTCTTTCTATTTCCACATATTCATTTTTTAAGTTTTCAGAATTTAAATAACCTAGTTTTTCTGAAATACTTTCTACTGAATTTCCTAAATCACTACTGTCATCATCTAACATTGAAATGCATAAATCTTGTATCTCACTAGGAATTTTTTCCTTTAAAACTTCCAAAGCCTTTCTAGTTTGACTTGTTATTAAAACATTTTTTCCTTCTGCAAGAAAATGTCCTAATAAATTAGCAATAGTATGAGTTTTTCCAGTTCCTGGTGGTCCTTGCACAACCACAGCCTTATGAGAATAAATATTTTTAACAATTTCTATTTGCTCATTATTAGTTTCTTTTGTAAAAAGAATATCAGAACATTTTTCATTTTCATTTTTATTTTTGTCAACAACTCCAACTAATTCAACTAAATATTCAGGAATTTCTCCTCCCTCTTCTATGTCTTTAATTATATTATTAATAGCTTCTACTTTTCCATCATCTTTTTTTCTAATAAAAAGTGTAGGTTTCCATCCAATAGTTATTATATTTTCATCTTCATTTACTTCTTTATCTTCAATAAATTGAGCTCTTGGATTTAAGTTATGTATAAACTCTCTAAAAAAGTCTTTAATTGTATCATTTTTAGATATGGGATGTATATTATTTTCTACAATTTTATCCCCTAATTTAAAAACATTGTCTAGGCTTATATTTTCAACTTCTGCTAAAAAATTCAAATATAACTCTTGTGTGATAAAATCATTATCAGAACTGTCAATAATAGAAATTAAATTTCTTTCAGCATCAAGAGAAAAATTAACCTTTTTCAATAGAACAGGATAATATATATCTTCATTAGGAACTTTTACTATTCCATTTGCAACAAGTAATTCAAGTGTTTCAGAATCTCTATCTAAACTTAAATATTTAGCATATAGAGTATCAAATAATTTTCTGACAACTTCAATTTTCTTTTGTTCCTCTATCCATAATTTTCTATCTTTTAAAAGTTTTTCTAATTTTTCTTTTTCTTCTTCTGAAATATTTACTACTTTAACAGAGCCTTCAATTTTGACTATCTTTTCTTTTAATAATTTAACAGATGACTTATAGTCATTCCAATCACCATCAACCCATTCCAAAAGTTCTTCATCAATAGCTAAAGGTTTTAAAAAAGGTAATTTTTCTACTTGTAAAATTTTCTGATTTGATAAATTATTTTTGTTATCCAAATAGTTAAAAGTAATTCCTGAATGTTTTGGAAGATTTTCTAAAAAATAATACCATTCTTCATTATGAATATCTTTTTTTTCTGTTTTTAAACTCTTTATCACCTCAGCTATATATTGATAAAGTGCAATGATACTTTCCCTCTTGTTCATAACTTCTCCCCTTCCTTAAAAATATAGCTGTCACTAAAAATTGTAACAGCTAATATTTATTTATTCTATTGTATCAAATTTTTTATTAAAATATCAATATCTTTATAACAATTTTTATAAATTATTTCTTTTTTTTCAAGATAAATAATCTCAACATCAAGTTTATTACAGGCATTTACTTTTTCTCTTTCTCCACCTGTATCTCCTGCTTTTTTAGTAATCAGATATTTTATATTTAATTGTTCCATCATTGCTACATTCATATTTTCAGTAAAAGGTCCTTGCATAGCAATAATATTTTTTGGAAGTATATTATTATCTTCACATCTTTTTACCATATCCCATCTAGGTAAAATTCTAAAATAGATATTAGATAAATTTTTTAAATCTTTAAACAAAGGAACATTATTACTTCCCAAAGTAACTAAAATATTTCCCTCCAAATTTTCAATATACTTTATTAAACTTTCTATATCTTCAAATTTCTTATACTTTTTAGGTAAGATATTAACTTCTTCTCTTTCAAATCTAAAATATTTAATATTTTTTTCTTCTGCAACTTTCATAGCATTTTTAGAAACTTCAAAAGCATAAGGATGACTTATGTCTATTACCTTTGTAATTTTATTATCATCTACAAATTTTAGCATAGCTTCTTTATCCATTTTTTCAGATGAAGTTTTTACAGGTAAATTTTCTATTAATTTTGCTCCATATTCTGTTGCAGTTGAAACAATAATATCACTATCATATTTTATAAATTTTTCTAAAAAATCTCTTGAATCCTTAGTACCACCTATTACCCAAATCATT
NZ_CP071098.1_gap41	1595702	1597654	1952	TGTCATAAGTATTTTAAGTAAAGAAATACATCTTCCATCTGCTGACCATGAATGGCATATACCACTCATAGCTGCATTTCCCAATCCATTATTTGTATTTTTTCTACTGCTTCCACTTGAAGAACATGAAACATCATATTTGGCAGCATCACTTAATATTCTTAATTTTTCTTCAATAGATTTATTCATAATTTCCCCTTATCTAGTGAAACTTCTATAAGCTCACAACATTTATAATAATATACCTTTTTTAATCAACTTTTATCATTTTTAGTATACCATCTTTTTAAGAATATTCAATAAGGGAAAATAATTCTATCTTAAAATTTCTTAAAAAATTTTATAAAATTATATTAAATTTATTATTTCAATTTTATTTTTTATAGTATTGTCCTTAGTCTAAAGTAGATATTCAGTTACTATAATCATTTATTTCAGCTTGAATAAGAAATTTTTCACTATTAGCTTTTACCCAAAGAGTAACTTTTCTCCATTCAGTTTCTTCAATTTCATAATATAGATCAGTAAGTGTGTCTATTTCTTCTAATTTTTTTTTACTAAAACTTTCTAATATATTAGCTCTTTCCTCTCTATCAAAAGGAATATTTCTACCATAAATTTTTATTAGTTCTTCAATCAGATAAGCTAATTTCTCTGAGCCAATAGCTTGATATCCTTTATATGCGTCTTCCCAAACAATAGCAGTAGAGTTGCTTAAAAATTGTTGAAAAACTCCATTAGCAACTTCTGCTCCAAGCCAATGCATTGCAAGTAAATATCTTTGTTCTATTGTATAAGGTTTTAATGTTTCTTCGTATTCTTCATAAGTTCCATAAATATTTACTGTCTCCCAAGCAGGTTGAATAAGTTCAACACAAAAATCTGTAGGTGCTAAGTCTTCTATATATTTTTTTGTAACATTGATAAATTTTCTCTTCATAATCACTCCTTAGGTAAATAAAAGCACCAACCATTATTACAAACTTCTCCTGCTGCAAATTCATGTTCTTTTTTATTTATAACTACTTTATAGATAGGAAAGTCACATCCTTCTGCAATTTCTTTAGTGTTTTCCCATTTGTAATCAAATATATTTACTCCGAATAGTTCTACTTCTCCATCAATACCATGTTTTTCATATTGCCAAATTTTATCTTTTAATACTTTCATTTTTATCTCCATCTTAAAAATTATTTTAATAATAAATCAGTCATAAATGCGATATAAAATTTTACGACTGATTTATGTTGTAAAAATACGATGTAAATTTTATTTTTGTTAAGAATCTTCTTCTTTTGAAATTTTCTCCATAAATTCAATATAATATTTAGAAATACCTAAATTATAATATTTATACCAGCTTTCTATTGCAGTTTTTGAAAAAATTTCTAAATTTTCTAAAATGTATTTAGCCCATAATAAGGAACCAGCTGAACTTGCAGTAATTAAGTTTTTATCAGAAACAGCTACAACATCATTTTTATAGTTTTTTATTCCTTTATAACTTTTTACAAAATTTGTTAATAAAAATTCTATATTACTTGTATGAATTCTTTCATCTAAAAGTCCTTTACTAGCTAATCCTAATGTTGCTCCACATATTCCAGCAACTAAAATATTTCTTTTTAATAATTCAACAGCTAAATTTAAAATAGTTTCTTGCTCTTTATTTAACCATAGTTGTATATCTGCTCCTATTAAAATTAAGGCTATAATATCATCTTTATTTATTTCATTTAATACATAATCTGGGATAATTTTTAATCCTCCCATTGTAACAATAGGTTCTTTTGTTAAAGCAACTGTGCAAAATTCATATTTAGGTTCTATTTGTGATGATAATGCTGTTAACAAATACCCATGCTCATGGTCTGCCATTCCATTCATTAAATACATGCAAATTTTTTTCATAGAGTTTAATTTCCTTTTTTTAAATCTTCTAATTCCTTTTT
NZ_CP071098.1_gap42	1624532	1625675	1143	TTTTTGCTACAACAATAGCATTTGATTTTACAAATTTTACAACCTTTAAAGCAAAAATTAAATCTTTTTCTTCTTGACTTGTAGGTTTAATTTTTGTTACAACTTCTAAATCTTCATATAATTTATTATCTGCATCTTGAATCAAAATTCCACCATCAACTTTTATTAATTCTTTTTTATCACTTGGTTTATTTTTACATTCAATAAGTCTTATATTTTTCTTTTTACTTAAAATTTCTAAGGCAGATTTTGAAAAACTTGGTGCTATTATAATTTCTAAAAATATTTCATTTAATAATTTTGCAGTTGCTTCATCAACTTCTCTATTAAATGCTACTATTCCACCAAAAATAGATACTGGGTCTGTTTCATAGGCTTTTTTATAGGCTTCTTCTACATTATTTCCTAATGCAACTCCACAAGGTGTTGAATGTTTTACTGCACAGCAACAAATTTCATCAAACTCTGAAACAACTTTCCAAGCCAAATCCATATCCCTAATATTATTATATGAAAGTTCTTTTCCATTAAGTTGTTTAAAATCTTTCATAGCTCCATCAGACATATTGTCAATGTAGTATGCAGCTTTTTGATGAGAATTTTCTCCATATCTCATTTCCATTGATTTTTTATATGATAAATTTAGATATCCTGGAAAATCTTCATCCAATAAGAATTGTGATATAGCTGCATCATAAGCAGAAGTTAAATTAAAAACTTTTCCTGCCAATTTTTTTCTAGTTATATAAGAAACATCATCAGACTTATTCATTTCTTCTTTTACAAGTTCATAATCTTTAATATCAGAAATAACAACCACATCTTTAAAAGATTTAGCAGCAGATCTAAGCATTGTAGGTCCACCTATATCAATAAATTCAATTTTTTCTTCAAATGATAAATTTTCTTTAACTTTTTCAAAGAAAGGATAAAGATTTACTATAACATAATCAATAGTATCTATGTTTCTTTCTTTTAAAGTCCTCATATGTTCTTTATTATCTCTCAATGCTAAAATTCCACCATGTATATTTGGATGTAAAGTTTTAACTCTACCATCTAACATTTCTTCAAAGTTTGTTATTTTACTAACTTCAATAACTTCAATATTATTTTCCTTTAAATATTTATATGTTCCACCAG
NZ_CP071098.1_gap43	1667649	1671764	4115	ATATTTTTGGAAAAAGGTTAACTTTTGGTATAGTTGTACTTTGTGTTTTTATCTTTGGAATTTATGTATATCATGGAAATACTATTCTTGATTCATTATTACTTGCAGTAGCATTAGCTGTTGCAGCAATTCCTGAATCATTAAATCCTATCATCACAATAGTATTATCACTTGAAACTGAAAAACTTGCTAAAGAAAATGCAATAGTAAAAGAATTAAAATCTATTGAAGCACTTGGCTCAATTTCAGTAATATGTTCTGATAAAACTGGTACTCTTACTCAAAACAAGATGACAGTAAAAAAGATATTTATAAATGGAAAATTAGACAATGAGTATTCTTTGAATATAAATAAGAAAATTGATAAATTATTATTAGATAGTTTTATATTTTGTACTGATGCAACAGATACAATAGGTGATCCAACAGAAACTGCTCTTATTCATCTTACTCAAAAATATGATATGTCTTTTAGAGATGAAAGAAAAGATAGTAAAAGAATTTCTGAAATACCTTTTGATTCTGATAGAAAATTAATGACAGTTCTTTATGAAGATAAAAAAGGTAAATATATTGTTTTTACAAAGGGTGCTTTTGATTCTCTTGTAACTAGATTCAAATATTTTATTGATGAAAATGGAGATATTCAAAATATAAATGAAGAATTTATTAAAAAAATTGAAAAAGTAAATAATGATTTAGCAGAAGAGGGACTAAGGGTTTTAACATTTGCATACAAATATATAGATGAGACAAAAGAACTTACCACTCAAGATGAAAATTCGTATGTTTTTCATGCACTTGTAGGTATGATAGATCCACCGAGAGAAGAATCAAAAATTGCTGTACAAGAATGTATAAGAGGTGGAATTAAACCTGTTATGATAACAGGGGATCATAAAATAACTGCTAGAACAATAGCAAAAAATATAGGAATATTTAAAGATGGGGATATGGCTATTGATGGTGTTGAACTTGAAAAGCTGTCTGATGAAGAACTAGAAAAGTCAGTTGAAAAGATTTCAGTTTATGCAAGGGTTTCTCCTGAACATAAAATAAGAATTGTTAATGCTTGGCAAAAACTTGGTAAAATTGTTGCTATGACTGGTGATGGTGTAAATGATGCCCCTGCATTAAAAAAAGCCAATATAGGTATTGCTATGGGAATAACAGGTACAGAAGTTTCTAAAAATGCTGCTTCCATGATACTTGCTGATGATAATTTCTCTACAATAGTTAAAGCAATAATAACAGGAAGAAATGTTTATAGGAATATTAAAAATGCAATAGGATTTTTACTTTCAGGAAATACAGCTGCTATACTTGCTGTTCTATATTCTTCTCTTGCTAATTTACCAGTTATATTCTCTCCTGTACAACTGTTATTCATAAACTTATTAACAGATAGTTTGCCTTCAATAGCAGTTGGAGTTGAGCCTAAAAATGAAGATATTTTAGATGAAAAACCAAGAGATCCTAATGAAGCAATATTAACAAAAAGATTTTCTGCTAAACTAATAATAGAAGGTATTTTAATTGCAATATTTATTATAATAGCTTTCTATATAGGTTTAAAAGATTCTGCATTAAAAGGTTCTACAATGGCATTTGCTACACTATGTTTGGCAAGACTATTTCATGGAATTGATTACAGAGGACAAAGAAATGTATTTGCTATTGGATTTTTTAAAAATAAATTTTCTTTAATAGCTTTTGCAACAGGCTTTATACTATTAAATTTAGTTTTATTAATTCCATCAGTCTATACAATGTTTGGAATTACAAAATTAGACCCTATTAATTTTATACAAATTTATGTGCTTTCAATGATACCTACTATATTAATTCAAATTTATAAAGCTATAAAATATAGATAATAAATAAAAAAGAATTTAGAGTTAATAATAACTTTAAATCCTTTTATAGTTTAAAACATTTAATTCTTATTTCTTTTTAGTAGCTTTTTTAGCATGTTTTCCTGCTGCTACTTTGTCAGCTAAAGGTTTTCCAACTTTGAATTTAACAACTTTTTTAGCTTCAACTTTAATCATTTTTCCAGTTTGAGGGTTTTTAACTTCTCTCGCACTTCTTTCTTTTACTTCCCAAGAACCAAATCCTATGAATCTTACTCCATCACCTTTTAGTAAAGCATCTTCAATAGTTTCTAAGAAAGCGTTTACTAATCTTTCAGAATCTTTAATCTTTAATTCTCCTTTTTCAGCAAATGCATTTACAAATTCTTTTTTTGTCATTTAAATACCTCCATATATTTTATAAAAGTTAAATATTTTGAACGAGAGAAATTGACTTCTCTGTCTTTCTTTCGCATTCTACTATAAAAATTCTTTAATGTCAAGAAAAAATATTATATTTCAATATTTTTTTTATTAATTTATTAAACAAGTAAGTGAAGTAAACATATTGCTCCAATAAAAATCAATGTTATATTTATTTTTTTAAAATCTCCTACTAATATATGAACAATTAAATAAGATAAAAATCCTAATGCCAATCCTGTACTAATACTATAAGTTAAAGGCATAGTAAATATTGTAATAAAAGCTGGAAATAAAATTTTAAAATCAGAAAAGTCAAGTGCGGCAACTTGTCTAAACATAAATATTCCAACTACTATTAATGCTGGTGCTGTTGCATAACCAGGTACTATACTAATAAGAGGAGTAAAAAATAAAGATAATAAAAAACCTAATGCTGTTACTGTTGCTGCAAGTCCTGTTCTAGCTCCTGCCACAATTCCTGCTGCTGATTCAACATAGGCAGTTACAGTTGAAGTTCCCAATGAAGCTCCCATTATTGTTGAAGCTGCATCTGTATATAACATTCTTCCAAGATTTTTTATTTCACCCTTTTCATTTACAAGTCCCATTTCTTTTGAACAACTCATAAGAGTTCCCAATGAGTCAAATAAATCAACAAACATAAATGAAAATATTGGACCTATCAATGATAATTTCAATGCAGATAAAATATCTAATTTAAACATTATAGGAGCTGGGCTAGGTGGTAAAGAAATTACCTTTTCTGGCAAAGATACGTCTCCAATAATAATTCCTAAAATAGTTGTTATTATAATTCCTAAAAGTATTCCACCTTTCATTCTCTTAATTTCCATTATAGCAATAATAAAAAGTCCAATTATAGAAATACAAGTAGTTTTTGTAAATTCACCAAGTCCTACATAAGTTGCTTGATTTGCAACAACTATACCCATAGATTTAAAACCTATAAAAGCTATAAATAATCCTATTCCACCTCCAACTGCTAATCTTAATGGAATAGGAATAGAGTTTGCAATTCTTTCTCTAATACCACCTATTGCTAAAATTAAAAAGAAGCATCCTGATAAAAATACTATCCCTAATGCTGTTTGCCAAGGGACTTGTTTTTCTAATGTCAACGTATAAGTAAAGAAAGCATTAAGTCCCATACCTGGTGCAAGTGCAATAGGTGAATTTGCCCATACACCTGCTACAATTGTCCCTATAAAAGAAGCTAAACAGGTTACTGTTATTAAAGCTCCTTTATCCATTCCAGAAAGTGATAAGATAGATGGATTTACAATTATAATATAGGCCATTGCTAAAAATGTTGTAATTCCTCCCATAACTTCCCTTGAAACTGTACTGTTCTTTTCAGTTATTTTAAAATACCCATCCAAAAAACTCATTTTTCCCTCCTAAATCATATTATAAATATATATATTAATTAAAATAAAAATAAGTGAGTTACATTCCAAATTTTAGGATAAAAATTAAATAGAATGAGCCGAGCAAATCTCGCTGTGTTTGAGCGAAGCGATCTTAGAAGCTATTAATGAACTTGTTCATTTAGAGCTTCTTACAGATAGCGAATTTGCAGCGAATTCTTAATTTTTATCTGTTAAGAAATTTGGCTAGTAACGAACTATTTTTATGAAAATTTAGTTTAAACAAATCTGGTATTTCTAATTTAATTTCTAAATTATATAAATCTATTTTTAAATAGTAAGAGAATAGATACATTATATCTTCTTTTTCATTTTTTCCATATTTTGTATCTCCTACAATATTATTTCCTAAATGATTTAGTTGTGCTCTTAGTTGATGTGTTCTACC
NZ_CP071098.1_gap44	1737500	1740099	2599	ATTTGCCAACATATGTGTTATATGAATTGATGAATATCACATTAAAATTTAATCAGTACCCATTTTATTATTTCTATTATTTTTCAGTTGGACTTGAAGTTTTTTTAATTCTACTTATGATTTTTACTCCTATGAGAAGAAGTATTAAAAAATCAAATGCAAGAAGAAAAAAAGAAAGACAAAGAGCCAAAATAGAAGCCGAATTAATGGAGCAGATTAAGATAAAGGAAGATTTGGAAAGAAAAGAAGCCTTAAAAATACAAAAGCATAAAAAAATGGAAGAAGATGCAATAAAGAAAAAAGCTGATAATTTTGAAAAAATGAAAAAAAATAAAAGAGCTTCTAGGAGAAAAAATAAAGAAAAACCATCAGAAGAAGAATTACAAAATATGATGGGAAAGGTAACTTTACAAAAAACAGTAACTATTAGTAAGGAAGATTAAAATGATTTTAGCTTCAAATTCTAAAAGAAGACAAGAGATATTAAAAGATGCAGGTTTTAATTTTAAAATTATAACATCTGATATAGAGGAGATAAGTGATAAAAAAATTATCACTGAAAAAATACTAGATATAGCAGAAAAAAAGTTGGAACAAATTGCAAAAGATAATAAAAATGAATTTATTTTGGCAGCAGATACTGTTGTTGAATTAAATGAGAGAATTTTTGGAAAACCTAAAAATAGGGAAGAGGCATTTAGTTTTTTAAGAATTTTATCAGGAAATACTCATAAAGTAATTACTGCTTATGTATTTAAAAATATTTCAAAAAATATACTTATAAAAGAAGTTGTTACAAGTGAAGTAAAATTTTTAGAGCTTGATGATGAGATAATAAATTGGTATTTAGATACTGGTGAGCCTTTTGATAAGGCAGGAGCTTATGGAATACAAGGAAAAGGAAGAGCTCTTGTTGAAAAAATAAATGGAGATTATTTTTCCATAATGGGTTTCCCTATTTCAAATTTTTTAGAAAATTTAAGAAAAATTGGTTATAAAATAAGTCAAATAGATAAAATTTAATGATGAGGTGTAAAGTAATGAAAAAATTTTTGGGCAAGATTCTAGGTATATTTTCAGATGATTTAGGCATAGATTTAGGAACATCTAATACTTTGATCTGTATGAAAAATAAAGGAATAATTCTAAGAGAACCTTCTGTTGTAGCAATTTCTACTAAAACAAAAGAAATTTTTGAAGTGGGAGAAAAAGCAAAACATATGATAGGAAGAACTCCCTCTACTTATGAAACTATAAGACCATTAAGAAATGGAGTTATTGCTGATTATGAAGTTACAGAAAAAATGTTAAGATGTTTTTATAGAAGAATAAAATCAGGAACATTTTTAAATAAACCTAGAGTAATTATTTGTGTACCAGCAGGAATAACACAAGTAGAAAAAAGAGCTGTTATGGAAGTTACAAGAGAAGCTGGTGCCAGAGAAGCATATTTAATTGAAGAACCTATGGCAGCAGCAATAGGTGTAGGAATAAATATTTTTGAGCCAGAAGGAAGTATGGTAGTTGATATTGGTGGGGGTACATCTGAATTAGCTGTTGTTTCATTAGGAGGAGTTGTTAAAAAATCTTCTTTTAGAGTTGCAGGAGATAGATTTGATACTGCCATTGTTGATTATGTAAGACAAAAGCACAATCTATTGATAGGTGAAAAATCAGCTGAGGATATAAAAATTAAAATAGGAACTGTTAGTCCAGAAGAAGAAGAAATGGAAATAGAAGTTAGTGGTAAATATGTTTTAAATGGTTTACCAAAGGATATTACTTTGACTTCATCAGAATTAATTGAAACTCTTTCAACTTTAGTTCAAGAAATTATTGAAGAAATAAGAGTTGTTTTTGAAAAAACTCCTCCTGAATTAGCAGCTGATATTAAAAAAAGAGGTATATATATAAGTGGTGGTGGTGCATTACTTAGAGGAATTGATAAAAAAATATCAGCAGGCTTAAATTTAAAGGTTACTATTGCAGAAGACCCTTTAAATGCAGTTATTAATGGTATAGGAGTATTATTAAATAACTTTTCACTATATAGTAAAGTTTTAGTATCAACAGAGACAGAATATTAGTATTTTTAAGGGAATATAAAAAATGAGTATAAAAAATCAGGTTGAAGCTATTATTTTTTTAGGTGGAGATGAAAATAAAATAAAAGATTTGGCTAAATTTTTTAAGATTTCTATTGAAGATATGTTAAAAATTCTTTTAGAATTAAAAGATGATAGAAAGGATATGGGAATAAATATTGAAATTGATTCAGAAATAGTTTATTTATCAACAAACCCTCTATATGGTGAAATTATAAATAATTATTTTGAGCAAGAAACTAAACCTAAAAAGTTATCATCTGCTTCAATAGAAACTTTATCTATAATAGCTTATAAACAGCCTATTACAAAGTCTGAAATTGAAAGTATTAGAGGAGTTTCTGTTGATAGGATTATTTCAAACTTAGAAGAAAGAAAATTTATAAGAAACTGTGGTAAACAAGAAACAGGTAGAAGAGCTAACCTATATGAAGTAACTAGTAAATTTTTGTCATATTTAGGCATAAAAAATGTAGGAGAGTTGCCTGATTATA
NZ_CP071098.1_gap45	1749878	1754413	4535	ATGCCATTGCTGCTTTAATTTTAAGTCATTCAGGAGATAAAGTTTTGTTTGTAAATCAATACAGAGCTGGTGTACATAATTACATCTATGAAGTTCCTGCTGGACTTATTGAAAATGGTGAAGAACCTATTGTTGCACTTGAAAGAGAAGTTAGAGAAGAAACAGGATATAAAAGAGAAGATTATGATATTTTATATGATAGTAATACAGGATTTTTAGTTTCTCCTGGTTATACAACCGAAAAAATCTATATTTATATTATAAAATTAAAATCAGATGACATTGTTCCTTTGGAATTAGATTTAGATGAAACTGAAAATCTTTATACAAGGTGGATAGATATCAAAGACGCTGGAAAATTAACTCTTGATATGAAAACTATATTTTCTTTACATATATATGCAAATTTAATAAAATAAAGCTATTGCCAGCCATTCAAATTAAGTAAAAAATAGTTCATTACTAGCCAGATTTCCTAACGGATAAAAATTAAGAATTCGCTGCAAATTCGCTATCTGTAAGAAGCTCTAAATGAACAAGTTCATTAATAGCTTCTAAGATCGTTTCACTCAAACACAGCGAGATTTGCTCGGCTCATTCTATTTAATTTTTATCCTAAAATCTGGAATGTAACTCACTCATTTTTTATTAATTTTACTTATTATAATCGCTTTATTTATAATCTCTAGTATAACCAAAGGAAAAAAGTATAGCTTCTTCTCTTTCTCTCATAATTTTTTTATCTTCTTCTTCTATATGATCATAGCCTAAAATATGTAAAATTCCATGTGTCAAAACATAATAAAACTCTCTTTCAAATGAATGATTATATTCACTTGCTTGCTCTTCAACTCTTTCTAAGGAAATAATAATATCTCCAAGAGTATCATAAGGTCCAATATTAAAATCTTCTGTTTCGTGATATGCAAAAGAAATAACATCAGTAGGTGCATCTTTATCCCTATATTCACGATTAATAACTTGGATATTTCTATTATCAGTCAATAAAAGTGAAAGATAAAGAGGTCTATTAGATTCAATTTCTTCTAACTCCAAAACTTTTTTTATATAGTTTTCAAGATGATTATTTTCATAAAGTGTATCTATAAACTCATTATATTTTTCATTTGTCAAATCTGAACTAAAATCAACAATTAACTCCATATATTTTCTTCCTTTTTATTTTTGTCCTGGATATTTTATTCTTTCATGGTAAATAGCTCCAAAAGTCTTTAAGAAAGAATTTACTATAATTTCAATTTCTTTAAATGTAATATTTGCATCAGATAATTGATTATCTCTTATTTTTGAATCTACTATTTTTCTAACCATTTGCTCAATCTTCACAGGGTCTTTTACATCAAGTGATCTAACAGCAGCTTCTATTGAATCTGCAAGCAATATAACAGCAGATTCTTTTGTTTGAGGTTTAGGTCCTGAATATCTAAATTCTTCCTCTGGAATATTTGGATCAATTTCTTTTGCTTTATTATAAAAATAAGCAAGTAATGTAGTCCCTTGATGTTCAAACATAATATCTCTAATTTCCTTAGGTATTTTATATTTTTTACCCATTTCAGCCCCTTCTCTTGTGTGAGCTAAAATTATCATTTTACTCATAAAAGGTGATATGTCATTATGCAGATTTTTACCACCTGTTTGATTTTCTACATAATATTGAGGTCTTTTTGTTTTTCCTATATCATGATAATAACAAGCAACTCTTGTAAATATAGGATCTCCTCCAATTTCAACAACAGCATTTTCAGAAAGAGTAGCAACCATCATTGAATGTTGAAAAGTCCCTGGTGCTTCTATTGATAATTTTCTCAAAAGAGGATGAGATAAATCTGCCAATTCTATAAGTTTAAATACTGTTAATATGTTAAATGTTCTTTCAAAATATGGAAGCAATGCTATTGCTAACATTCCAGAGAATAATCCTGAAATAAATATCTTAATAGTATTTAATGCCACACCATAACTTTCTTCAACTGAGAAGAAACTTAGAATTAAATATAATAATATCTTCAATATTGCAAGTTGTATACCTATTGCAATTACAGAAGAACGAGTACTTATATTTTTACTTAAAAATCCAGTTGCTAAAATTGCTATTGACTGAATTGTAAAATATTTTAAGTCATAATCTGTTATTGGCAACATATATGAGATAACCATCATAGTCAAAAATATACTAAACCTTGGTTTTACTATAAATACTAAAAGTAATAACATAGTATCCAAAGGTAACAGATATATCATTGAATTTGGAACAATTCTAAATGCAAGTAAAGTTCCTATTGTTAATAACATCATAGCTCTATACTTATTTTTTTCTAATATTTCTTTGCTATAAAATTTAATTGTTACAACATTAAACACACTTGAAATAACCAATAAAAATATTAAATTTAATGCAATTATAAAAATACTCATTTTATAATTATAAATACCCAATTTATCTAAGATATCTATTTTTCTATCAGTTAAAATTTCACCTGTTTTAGCTATTAAAGTTCCAGCTTTAATTTCAATATATTGATCATGTATTTGAGAAACTTTTTCATTTATAGTATTTTTAGTTTTAGCTTCATCATAGATATAATTTGGTATTAAAAAATTATTTATAATTTCTCTTTCAAAAGGTTCTAGTGCATCTATTTCACTTTTAGCAGGTTCATTTATACGAATAGAATTTTTTTCTTTATAAATACCAGCTTTATAAGCATTTTCAAGTTCACCATCTAATTTTGAAAATATTTCATCTATTTTTTCTTCGTCTTCTTCTAATAATTTATTTATTAGACTTTCAGGCATAACCTTTCCAGTTTTTCTTTCAAAACCACTATAATCAAAAGATTTTAAATTACCTTTTTTTATTGCTATAATCTCTTTATGAAAATTTTCAAATTCCTCTTTATATATATCAGCAGCATCACTAGAATAGATATAATCTTTATCTAAACGATCTATCATATCTTGGATTATTTTATCTTTTCCAATCTTATCTCTAAAAACTATTGTTTTAGGAGAATAAATATCGGATTTCACAACATCTCCTACCATATAGTTATTATTTCTAAAAAGTATAGGTATTTTTGATGAAAGAGTAATTAAAAATAACGCCAATATCAAATAAAATACTTTTTCTTTTAGAAAATAACTATCTGAGTATTTTTCTTCATCTGAACTATCTTTTTTCTTTATATCAAAAAGAAACTTAAATCCAAATATAGTAAATTTTTTCATAAATTTCCCTCTTTTCTCATTCAATTTCTTCTATTATATCATCTTTTTCTAATATTTTAATATTTTTTTGACTAGGTAAGGCATTTATAAAAAGAGAGCCATACCTTTTCTTTAAAATTCTATTATCTAAAATAAAGATATTTCCACTATCTGTCTTTTTTCTTATTAATCTACCAACCCCCTGTTTAAATTTTATTATTGCTTCTGGTAGCTGAAAATCCATAAAAGAATTTCCACCATCTTCTTCAATTTTTTTACTTATAGCAGATACTACTGGATCTGTTGGAACAAGGAAAGGTAATTTAGTTATTATCACATTACTTAAATTTTCTCCTTGTACATCAACTCCCTCCCAAAAAGAAGTTGTTCCAAATAATATAGGGTTTTCTGCTTCTTTAAATTCTTTTATAATTTGACTTCTAGGTTTATCTCCATGTAAAAATACTTCAAAACCTTTATCTTTCAATTTTTTTGAAATTGAATAATAAATTTGATTTAACATAGTATATGATGTAAATAATATAAAGGCTTTTCCATTAGTTTTTAATAAAATATTTAAAATAAATTTACTTGCATCACTAACAAAAGCATTTATATTTTCTGAATCTTGAATATCTGATGGAATATACACAGACATTTGTTCATCATAATCAAAAGGAGATTTTATTATAGCTTCAATACAATCTTCCTCATCTAAACCTAATGACTTTTTAAAATAATTAAAGTTTCCATTTACAACTATTGTTGCAGAAGCAAAAACTAGTCTATCTAAATTATCAAAAAGAACTGTACTTAATTTTTGAGCTATATTAAGTGGTGTTGCAGTTAAAATTACATTTGTTCTTTTAGAATTTATATCAAGCCAATAAATATAGTTATCATCTTCAAAACTATTGATAAATTTAAAACTATCTATATAGGCTTTAAACATTTTTAAATGATTATTAAAATTAATAACTTCTGGATTTTTATCCTTTTCTCCATCTATAACATTATTAAATGACATCATCAAATTTAAAAAGTCAGCCAATTTGCTTTGGAATATATCTTTTTTTTCTCTTAAATTCTCTAAAAATCTTGATTTTGTCATTTCAAAATTATTTAAACTCTTTTTAATAGGAGCTTCTGTATTTGTTTCATATATTTTTCTAATTTCATCAAAATACTCATCACCTATATTTTGTAAAATAGAAATTTCTTCTTTTAATGTATTTAAAAGGTAAATATATTGTTGACCATCTTCTAAGTCTTTCTCATCAATAGTATCTTCAACCCTTATAAGA
NZ_CP071098.1_gap46	1939982	1944123	4141	TGTTAGAATCAGCGAATGCTTTTAATCTTGCTGATTGTGTTGAATATAAAGAAGGACAAATAGTTAGTAAAAATTTAGTTGCAAAATCTAATTTAGTTATAACTATTATGTCATTTTGGAAAGGAGAAGCATTAGACCCTCATAAAGCTCCTGGTGATGCATTAGTAACTGTCCTTGATGGAGAAGGTAAATACATTGTTGATGGAAAACCTTTCATAGTAAAAAAAGGAGAAAGTGCTGTTTTACCTGCTAATATTCCTCATGCTGTTGAAGCAGTAGAAAATTTTAAAATGATGTTAACACTTGTAAAATAATACTACTGGACTGAAAAGATTAAGAAAAAAATATAATTAAAAATAAGTGAAGTTGCATTCTAAATTTTAACTTAAAAATTGAAGGAAATGAGCCGAGCAAAATCAGAGTTGTTTGAGCATAGCGAGTTTCTCTGTTTTGCAGCGAATGTCAATTTTTAAGTGTTAAGAAATTTAGCTAGTAATGAACTATTTTTAATATATTAACTCATTTCTTAATCTTTTTTTAATTTTTCTATGATATAATTTAAAAAAGGTTATTTTGGGAGGGAGATATGGAAAATTTATTTTTTGATACTTTTGATGGAAATAAAATTTTTTACAGAAAGTGGAATTTTGAAAAAGATAAAAAAACTTTAATTATTATTCATAGAGGGCATGAACATTCAGAAAGATTAAATATTTTAACACAAGATGAAAAATTTTTAAAATATAATATTTTTGCCTATGATTTAAGAGGACATGGCTACACAAAAATTAAATCTTCTCCTAATTCTATGGATTATGTTAGAGATTTAGATTCTTTTGTAAAACATATAAAAAGTAAATATCAAATAAAAGAAGAAGATATTTTTATTATTGCAAATAGCATAGGTGGAGTTATACTCTCTGCTTATGTTCATGATTTTGCACCAAATATAGCAGGTATGGCTTTACTTGCACCTGCCTTTGAAATAAAACTTTATATTCCTTTTGCTAAACAACTTGTTACATTGCTTACTAAAATCAAAAAAGATGCTAGGGTTATGAGTTATGTAAAAGCAAAGGTTTTAACTCATGATATTGAGGAACAAAACAAATATAATTCTGATAAACTTATCAATAAAGAAATTAATGCTAAACTTTTAATTGATTTAGCTGATATGGGAAAAAGATTGGTTGAGGATTCTATGGCAATAGAGTTACCTACAATAATATTTTCTGCTGAAAAAGACTATGTTGTAAAAAATTCTGCACAAAAGAAATTCTTTTTAAATTTATCTTCTAAAAAAAGGGAATTTATAGAACTTGAAAATTTTTATCATGGAATAATCTTTGAAAAAGAAAGACAAAAAGTATATAAAATGTTAGATGATTTTATACAAGATGTTTTCAAAAATCAAAATACTTCACTTGATACTTCTCCCAGAGAGTTTTCAAGAAAGGAGTATGAGAGGATAGCCTTAAAGGAATATCCACTAAATGAAAAAATTTTTTATTCTATCCAAAAATTTTCAATGAGAACTTTTGGCTTTTTAAGTAAAGGAATGAGTTTAGGTTTAAAATATGGTTTTGACTCTGGGATTTCTCTTGATTATATTTATAAAGATCAAGCTGATGGAAAATTATTACTAGGAAAATTTATAGATAGATTTTATCTAAATCAGATTGGATGGGCAGGTATAAGAGAAAGAAAAAAGAACTTGCTTACTTTAATAGAAGAAAAGATAAATAGTTTAGGTGAAAAAAATGTTAAAATCCTAGATGTAGCAGGAGGAACAGGAAATTATTTATTTGATATAAAAGAAAAATATCCTAAGATTAAAATTTTAATAAATGAATTTAAAAAGTCAAATATTGAAGTTGGAGAGGAAGTTATCAAAAAAAATAATTGGAAAAATATTTCTTTTATAGACTATGATTGTTTTGATAAAGAAACTTATAAGAAAATAAATTATACACCTAATATAGTTATAATTTCAGGTGTTTTTGAACTTTTTGAAAATAATAAAATGCTTGAAAATACTATATCAGGAATTGCAGAAATCTTAGATAAAAATGGTGCAGTTATTTACACAGGTCAACCTTGGCACCCTCAATTAAAACAGATAGCTTTGGTACTTAATAGCCATAAAGGAAATGGAAAATCTTGGCTTATGAGAAGAAGAAGTGAAAAAGAGTTGGATAGTTTATTTGAAAAATATAATTTGAAGAAAGAAAAAATGTTGATTGATAACAATGGAATTTTTACAGTTTCATTGGCAGAAATGAGGTAGATATGGATATTTCTATATACAAATTAAAAACAAAATTTCAAAACTTGCTTATGCCCGTTTGTGAAAAATTGGTAAAATTAAAAATTACTCCTAACCAAATAACAGTAACAACTGTTTTGTTGAATATAATTTTTGCTGGAATAATCTATAAATTTAGCAATATAAACTATTTATTTTTAATAGTACCTATATTTCTATTTTTAAGAATGGCATTGAATGCCTTAGATGGTATGATAGCTAATAAATTCAATCAAAAAACTAAAATAGGAGTTTTCTATAATGAAGCTGGAGATGTCGTTTCAGATACTGTTTTCTTTTATATATTTTTAAGAGTTATTGGAATAAATGAAATATATAATCTACTCTTTATATTCTTATCGGCTTTATCAGAATATATAGGAGTGGTTGCAGTAATGGTTGATAATAAAAGACATTATGAAGGACCTATGGGAAAAAGTGATAGAGCTTTCTTAATAAGTTTACTTGCTATTATTTATTTTTTTATAGGAAATCAATATTTTGATTATATTTTAATTTTGGCTATAATTTTATTGATTTTTACAATATATAACAGAATAAAATCTTCTTTAAAAGGTGAATAATATGCTAATTGCTATGTTAGTTGTTGATATTTTGGCTCTAATCATTTTATTCTTTATTAAGAAAAAAATTTCAGAAAAAAAATTTAATAATATAGTGCAGAGAATATTCACTTGGTTCATTATTATAATATTATTTTTATTGGGAAGTATAAATAGAATTTATATGCTTATGCTTTTTGGGCTTATCTCTACTTTATCTTTTAAAGAGTTTTTACAGTTTGCCTATATCAAATATGATAATGAATTAAAATTATATAATCTTACTGTAAATTTAATTTTTTATATAGGAATTTATTTTAAAAATATTTATATTTTATTAATTTTATTTATTCTTATCTGTCTTAGATTTTATAAAAGAGAATTTATAATTTTTGCTTTTTTTATAACAAGTTATTTAATAGGAAGCATAAGTTATATAGATAATTTAGGCTTTATAATAAATTATTTAATCCTAATAGAATTAAATGATGTTTATCAATATATAAGTGGAAATATTTTGGGTAAAAGAAAAATTACTCCTAACATCAGCCCTAATAAAACAGTTGAAGGACTTATAGGTGGAATTATACTTACCACTTTAACTGCTATCTTATTAAAATATTTAGTAAAAATAAATTATCAAATATTATTTATACCTTTTATCAGTTTGATAGGCTTTATTGGAGATATTTTTATTTCTTATTTAAAAAGAAGAGTCAATTTAAAAGATTCTGGAACTTTACTTTTAGGACATGGAGGGATATTAGATAGGGTTGATAGTTTGATTTTTACAGCACCTATAATATTATTAATTTTTAAATTATAATTCTTGACAAGAATTGTAAATTTTATTATAATTAACACATAATAACTTATAAACAAAATTAAGGAGGATAAAGAAATGGTTACAGGAGATATGAATATAATGGAAGCAGTTGAAAAATACCCAGTAATAGTTGAAGTTTTACAAAGAAATGGATTAGGCTGTGTAGGATGCATGATAGCTTCTGGTGAAACATTAGCAGAAGGAATTGAAGCTCATGGATTAGATGCCAAGGCTATTCTTGATGAAATTAATTCTTTAATAAAAGAATAATAAATTAAAAATAAAGCTACCTAGAAAATTTTCTAGGTAGCCAATTTTTTTATTGAGGGTCAAATACAAATGTCTTAACAAAATAAACTTTTATATTTTTTCCATTATGATATATAGGTTTAAATTTCCACTTTTTAATAGCTTTCATAACTTCTGCATCAAAGCCTAAATCTTTAT
NZ_CP071098.1_gap47	1950110	1955085	4975	CTCATCATCTAAATTGTTTTTAAGTAAATATTTTTCAAGACTTAAAAGCTTCAAAATATTCCCTCCTAACTAATCTACCTTAAAATCTTCTAATTTTTTCTTTCTACTAGGGTGTCTCAATTTTCTAAGAGCTTTTACTTCAATTTGTCTAATTCTTTCCCTAGTAACATTAAATATTTTTCCAACTTCTTCTAATGTCTTAGGAGAACTATCATCAAGTCCATATCTATATCTTAAAACCTTTTCTTCTCGTGGACTCAATGTTTTTAAAACAGCATCTAACTCTTCTCTTAAAATTGCTCTATTAGTTGCTTCATAAGGACTTGTTGTTTTTTGATCTTCAACAAAATCTCCTAATTCACTATCTTCTTCACTTCCAACAGGAGTTTCAAGAGATATTGGTTCTTGATTCATTTCTTGTATTGCCTTTATTTTATCAACTTCCATTCCAAGTCTTTCAGCTAAAATTTCAGGAGAGGCGTCTTTTCCTGTTTCTTGAAGATATATTCTTGATTCTTTTTTAATTTTATTTATTGTTTCTATCATATGAACAGGTATTCTTATTGTTCTTCCTTGGTCAGCTATTGCTCTCGTTATAGCCTGTCTTATCCACCAAGTAGCATAAGTTGAAAATTTATATCCTTTTGTATATTCAAACTTCTCAACAGCTTTCATAAGCCCTATGTTCCCTTCTTGTATTAAATCAAGAAGTTTTAATCCTCTATTTGTATGCTTTTTAGCAATGCTCACAACTAATCTTAAATTTGATTCTATAAGTTTTTTACTTGCTTCTTCATCACCTTCATAGGCTTTTTTAGCATATTCTATTTCTTCATCATGAGTTAATAATGGAACTTGACCTATTTCTCTTAAATACATTTTTATAGGTTCATCAACTTTTGCACTATTACCTAAATTTAATAATTTTTCATTACTTAATTCATCTTCACTAACATCTTCTATATATTCAGGATTAAATTCATCATCAAATTCTGTAAAAGTCTCTGTTTCCTCATTTTCTTCATCCGTATCTAATTTTTCATCTGTTTCATCTTCTAATAAATCATCATGTTCTTCATTATCTGTATAATCTTCTTCTGAATTTTTCCCTTTTAGTTCATCTTCCCCCAACTCATCCAATTGTTCTTCATCAACTATCTTAATCCCCTGTTCAAGCATTTCATTAATAAGTTGTTCTATATTTTCAGCTGGAAAATCATCACCTAATTCCTCATTAATTTCTTCATAAGTTATAATCCCTTCTTCTACTGCTTTTTTTATTAAAGCTCTAGCTTTTTCATTTTTTATTAGCTCTTTCACCACTAATCCTCCTTGCTAATTTATATAGAGTTAAAAAAGATACTTAAATGAATTATAAACTTTTATAAATTCTTCAACACTTTTAGTTTTTTCTATTTCTTTTTTTAATTTTCCAAATTTAACTTTTTTATTGATATCATCTTTTGTCTTATCTCTTAGCTTCACTTTTACTCTAAAATAACTTTTAAATAATTCTGTATTTTCTCTTTCTTCTTCAATCTGATCTGGTGTGGAAATATAATCCATTATTATTCTTGCTAACTCATTATTTTTTTCATATTGCGAAAATTCATCACTTTCTTCAATATAATTTTTAAATTCTTTCATTATAGTATTACTATCAAAAAATAAATTTTCCTTTATTTTTTGATTAAAAAATTTAAAAATTTTATTAGCAATATCACTTTCTAATTTTTCTTCTTTAAAAAAGTTATAATACTCAGGTTTTCTAAGTAACATCTTTACTATTGCCATTTCCAGATTATTAGCTTGTTTAAATTCCTTTTTTTCTATTTTCTCTTGATTTTCATCAAAATAATCTTTTTTTACAATGTGTCTTTTATTTTTTTCAATAAGAGACTTTCTTAGAATATCTATACTAATATCAATTTTTTCTGAAAGTTTTTTTAGATACATTTCTTTTTCTAAATCATTTTCTATATTTGAAAAAAAATCTTTAAATCTTTCTATAAAATTTTGTTTTGCCATAATATTATTCAAGTCATATTCACTTGAATATAAATTATATAAAAAGTCAAAAATTTCTAAGGAATTTTCAACTACCTTTAAAAATGCTTCTTTTCCATTTTTCTTTAAAAATTCATCAGGATCTTTACTTCCTTCAAATTGTAAAACTCTTATATTAAAACCCTGTGATTTTAATATAAAACTTGCTCTTTCAGTTGCAGATATTCCAGCCTTATCCATATCAAAAGATAATAAAATATTAGATGAATATCTTTTGATAAGTTGAGCTTGTTCTTCTGTTAAAGCAGTACCTAATGGTGCTATGCTTGTATCAAATCCAAAAATATTAGCAGAAAGAACATCCATATAACCTTCCATTAAAATAGAATAATTTTTATTTTTTATATTTATAGCTCTTTCAATACCATATACATTTTTACCTTTTTTAAAAATTGGAGTGTCTGGTGAATTTATATATTTAGGTACTGAATTATCTTTTTCTAAAGTTCTTCCACCAAAAGCAATTATTCTTCCACTTGGAGAAAAAATTGGAAATATTATTCTATTTCTAAAAGCATCATAAATTCTTCCTTCTTCACTTTTTTTAATAAGTCCCAAAGCTAATAAATCTTCATCATTATAACCTTTACTATTTAAAAATTCATAAAGTTCTGACCATTTAGGAGGAGCATATCCAAGTTGATGTTCTTTAATTAAATTAGTATCCAAACCTCTATTTGAAAGATATTCCAAAGCTCCTCTAGAATCTTGTGAAAATATTTTTTCCATAAAAAAATTATGACTATTTTCCATAATTTGATAAAACTTTTCATAATTTTCATTTGTATTAGTATTCCTATACTCTTTTATATTAATTTTATATTTTTTTGATAACTCTCTAATTGCTTCTGTATAAGAGATATTTTTAATTTTTGAATAAAAATTTATAGCATTTCCACCTGAACCACAAACAAAGCATTTACAGATTTTTTTTTCAGGATTAACTGAAAAAGATGGATTTGTATCAGCATGGAATGGACATAAGCCTTTATAACTTGAACCCACTTTTTTTAATTCAATAAATTCCCCAACTACTTCTTCTATTTTTAAATTATCTAATAACTTATCTATATCTTCTTGTTTATAATACATAAACTTCCTCCTAAAATATTAAGAGTATAAAGAGGCTGTTGCAAACTTACAAATGAAATAAAAAATAGTTCATTACTAGCTAAATTTCTTAACGATAAAAAATCAAGAATTCGCTGCAAATTCACTAAACTCACTTCGTTCAAACACAGTGAGATTTGCTCGGCTCATTCTATTTGATTTTTTATCTAAAATTTAGAATGTAATTTCACTTATTTTTTATTTTCATTTCAATAGTTTGATTTGCAACAGCCTCTTAGTTTTAGAATAATTTTGACATATATTCTGCAACTTTATTATTTATATAATCACTTTTTACCTGTTCTTTTGATTTATCAAAATTAGCATCTTCTGCTTTTACTTCCTTAGTCTTTTGAAAAACAACTATTGTTGCTTTATTAGGATTAATTATTCCTACCTTATTTAATTCTGCACCAAATACTGCTTTTGCTATTTCAGGATTATATACAAAATCTGGAATTACTCCATCAGGTGTAATACCCTTTGCATCAAAACTTTGAATAACATCTTCATCAATTTTATCATTTAAAGTTAAAGTTCCAGCTTCTATCTCAGCTTTTACTTTATTTAATTTTTCAAGTTTCTCTGTTACAGTTTTTTCAGAAGGATAAGGAACTATTAAAATATGTTCAACTTCCCATTGTTGGTTATTATCATTTTTCTTTACATAAGCAATATGATAACCAAATTTTGTTTTTATAACTTTATTAACTACTGTGTTTGAAGGAACATCTCTAAGAGCTTCTTCAAATTCTTTAACCATAGCTGTTGTACCAAATGTTCCTAAATCTTGATAGATTATATCTTGGTTATTTGATAAACTTTTTCCTTTTTCTGTAAAGTTTTCAGGTGTTAATTCTGATAATAATTTTTCTGCTTTTTCTTTTGCTAAATCATCGTCTTCTTTTGCAGATTTCACACTAATAAATACCAATTTTGCATCTGCTGTTGCAGGAATACTATATTTAGACTTATTTGCATTAAAGAATTTCAATAACTCATCATCAGTAGGTTTTACATCATCTCTGACTTTCTCTGCTAATCCAATATAATAATCTTGGAATTGAGAAATAGAATCTAAATTTTCATTAACCTTTACACCTTTTTCTTTGGCTATTTTTGCCATCTTTATTTGTCTACTTATCATTTCTTTAGCTTGTTTTTCAGCATCTTCCTTAGAAATCTTTTGTCCTAACATAATATTTGCAGTAGCTCTGGCTAAATCAAGATTAGTTATATTAAATCCTTCTTCTTCATAAGCTGTTTTTTCCACTAAATTTTCATATTCAGGAGCTAAATCTTTTATTTGCATTTCTTTTCTAGCTTTTAATAAAGCCTCTCTAAATGCTTCATTTCCTTTTTCTGATTTATATAAATTTACTGCTTCTTCTTTTTTATCAGCTGGGATTGAATATAAAGCCATATAAGTATTTATTTCTTCATCAGTAGGATTTATATTTTTAGCAAATTCTTCCCTAGTTTTTTGCATTAATAAATTTTCTTCAATTTGATTCTTTAAAGAATCTTTTGTAAGTCCACGAACTTGCAACATTCTTCTAAATTGTTCTTTGTCTCCCATAGATGACTCTAGCTCTTCATATTGTTTGTCAACTTCTGAACTAGGAACTTTTACTTTTAAATCTTTTGCAATATGTAGAGTTAAATTCTTATCTATAACATCATTGAAAGCAAGTATATCAACTATATCTTTATCTACTCTGTCTGAGTAAGTTCTTGAAAGATCTTGTTTTGCTCTTTCTATATCAATTTTTTGGACATAGTCTTTATTTAAAAGCAT
NZ_CP071098.1_gap48	1958324	1959506	1182	TTATTTTTAATTTTAGAAGCTTGGTGTATCATATTAGAAGTTACATATCTATCTGTTATTATAACATAATCGTCAATATATTTTTTCTCCCAATCTTGTTTGAAAGAAGCATACCTATCAATAGCATACATAGTTGATATAGGATAAGGATTTACCTTAGTTGCATCTGTTCCAAATCTTCCTGCCAAATACATTTTAACTGGCTCACATGCAGGACTGTCATAATTAGGAAAAGAAATTCTTATAGTTTTATCGTGTATTTTTTTTACTCTTTCATACAATAATTTTGTTTGAGTTTCTTTTCCACTTGAATCCGTACCCTCTATAACAATTATTTTTCCCATTGTTCTCTCACTTTCTTTCTTGTTTCTTTATCAACTTCTTTTATAATATTTAAAGCATTATCAGTATTTAAAGATAATACTTGATGACTATTCATAGCTTCTTCAATAATCCTATAAACATCTAAGAATTTTATTTTTTTCTTCATAAATAATTCAACTGCAACTTCATTTGAAGCATTAAAAACTGTTGGCATTGTACCTCCAATTTTCCCAGCTCTATAAGCTAAATCTATACCTTTAAAAGTTTTTCTATCAGCTTCTTCAAAAGTTAAGTTATTAGTTTTTATTAAATCTAAAAAATTTATTGAAGAATTAAATTCTTTTTCAGGATAAGTAAAAGCATAAAGTATTGGAGTTTTCATATTAGCCACTCCCATTTGTGCTATAATGCTTCCATCAACATATTCAACCATAGAATGAACTATACTTTGTGGGTGTACAATAACCTCTATATTATCATAATCTACATTGAATAACTCATGTGCCTCTATAACTTCAAGCCCTTTATTTACCAATGTTGAAGAATCAATAGTAATTTTTTTGCCCATAGACCAATTTGGGTGTTTCAATGCTTGTTCCACAGTAACATTTTCTAAATAAGCTAAGTCTTTTCCTCTAAATGTTCCTCCACTTGCAGTTATTATTAACTTTTTTACATTCTCTTTTTTAAATCCTTGTAATGATTGAAATAGTGCCGAATGTTCACTATCCACAGGAACAATTTCTGCCTTTGGATACTCTTTTAAAAGTTTATTTATATATGCTCCTGCTGACACCATAGTTTCTTTATTGGCAAGAGCTATTCTCTTCTCTCTTTTTATAGCTTCAACAGTTGCAT
NZ_CP071098.1_gap49	1961903	1965612	3709	ATGAATATATTTTAAAGTTTCCAAATCTATTTTCTTATTTTCACTTTCAATATCTATCATCTGTCCACCTATCATTCCATTTATTCCTGCATATTCAGAAGTTTTTGAAATGATATTTACAATCTGTTTAGAAGATAACAATTCTAAATTTTTTTGAGAAAGAACATAAAAAGCATAAGTTAAAAGTGAATCTCCTATAAGTATTCCCTCTGCTTCACCAAAAACTTTATGAGTTGTTAATTTGCCTCTCCTATAATCATCATTGTCAAGAGCTGGCAAATCATCATGAACAAGAGAATATGAATGTATCATCTCTAATGCTATTGCAGATTTTACACCTTTATTTATATTCTCATTTAACAATTCTAATGTTGCAAAAAGTAAAAAAGGTCTTAATCTTTTCCCACCATTTAAAATAGCATATTCCATACCCTTAGCAATAGTTTCAGGATAAGAAAGTTCTTTTAACTCTTTTTTTAATTCAGTTTCAAAAAAATCAGTTTTTTCTTTTAAATAAACTTGGAAATCATTCATTTTAAATCTCCTCTATATCTATTTCACCATTTTTTTCAATAACTTTTAATAACTTACCCTCAGCTTCATTCAATATTTTAGAAGATGATTTTATAAGTTTCATAGCATTTTCATATTCTTTTATTGCATCATCTAAACTAAGTTCTCCACTTTCTAATGATTCAATAATTTTATCTAAATTTTCTAAATTTTCTTCAAAAGTATTTTTACCCATTCCAACTCCTTTCATATAATAAAAAAATATTTATAATAATGACAAGTTTTTCTTGAAAGATTTATATAAAATTATTCAAATGAGATTACTGCGATGTCCATAAATGTTTGGAGAGCCTTTGTGGAGCTCACGAAACACTAATGGCTGTCAAGTAGTTGAGATGTAAAACTAGAAACATAAAAAATTTTTTCAAGAAAAACAATTAATCATTTTGTATAAAATGTTAATATTTTTTTATTATATTTTCTCTCATCAGTTTTTCTAAATGAAGCAATATTATCTTCTAAATCTTCAAGTAAATGGTGTTCACAGATAATAAGTCCATCTTCTGCTAAAATATTTGCCTTATCTATTGCTTTTAAAACTTTCTTAGTAACATTATCTTGATATGGAGGATCCATGAAAATTATATCAAATTTTTCATTTTTTCTTCCTAATATCTCTATTGCTCTAATAACATCATTTTTATATGCTCTACATCTATCTGAAAAACCTAAATTATCTATATTTTCAATGATATATTTTAATGCTTCTCCATCTTTTTCAATCATTACTGCTCTTTTAGCACCTCTACTTATTGCTTCAAGTGAAATGCTTCCACTTCCACTAAATAAATCAAGGAAAACACTTCCTTCAATATAGGGAGTAATTATTGAGAAAAGAGATTCTTTAACACTTTCAAGAGTAGGTCTTGTATCAAAACCTTTTCTTGTTTTTATTATTCTATTTTTAGCTTCTCCTGCTATTATTCTCACATTATCACCTACTTAGTAAATAAACATACTATCCCCAAAGCTAAAAAAATGATATTTTTCTTTAACTGCCAAATTATATATTTCAAGCATTTTTTCTCTATCATAGAATGCTGAAACTAACATTAAAAGTGTTGATTTAGGAAGATGAAAATTTGTAATCAAAGCATCTACAATTTTAAATTTATACCCAGGATAGATAAAAATTCCTGTATCTTTTTTTTGAGCAATCAATTTTCCATTTTCATCAACAGAAGATTCTAATGCTCTTGTAGCAGTAGTTCCAACTGATATAATTCTTCTTCCTTCTGTCTTAGCTTCGTTTATTATTTTAGCAGCTTTTTCTGAAATCTCAAAACTTTCTTCATGCATTTTATGTTCTAAAACATTTACAGTTTGAACAGGTCTGAAAGTCCCTAATCCTACTTCTAAAAAGATATCAACTATTTCTACACCCTTATCTAAAATCTTTTTTAATAGCTCTTCTGTAAAATGTAGCCCTGCTGTTGGAGCAGCCACTGATTCCCCTCTTTGAGCATAAACAGTTTGATATCTATCTTTATTTTCTAACTTTCTTGTTATATAAGGAGGCAAAGGCATAGAACCTAGTTTATCTAAAATTTCTTCAAAACTTCCTTCATGATAAAATTTTAAAATTCTGTTTCCATCTTCTTTTATTTCCAAAAGTTCTGCTATTAATTCTTTATTTTCACCTATATATAATTTTTGACCTAATTTTAGTTTTTTAGCAGGTTTTAAAAGACATTCCCAAGTATCCAAGGTAATTCTTTTAATCAAAAGAATTTCTAAAACCCCACCAGTATCTTTATGTCCAAAAATTCTAGCAGGAATAACCTTAGTAGCATTTCTAACTAAAACATCTCCCTTTTGTAAATAGTCAACTATATTATAGAAATGTTTATGCTCTATACTTCCAGTTTTTCTATTAATTAACATAAGTTTAGCTGAATCTCTTGGCTCTCTTGGTTTTTGCCCTATAAGTTCTTCAGGTAAAAAATAATCATAATCATTCAGATAAGTTGACATCTTCCTCTTCCTCAATTTCTTCAAAATTCTCAGTTTTTACTGTTTTTTTAGCTATCACTACTCTATCATTTCCACCATAATCTTTTATAACAGATAAAACATCAAAATTATTATTTTGTAAAATTTTTGTAACATCTTTTGCTTGATTATATCCAATTTCATAAGCAAGATAACCAGTATCTTTTAAATATTCACCTGCTAATTTAGATATTTCTCTATAAAAATACAAGCCATCTCCTAAATCTGTTAAAGCATTTTGAGGCTCATAATTTTTAACTTCTGGCATAAGAGTTTCATATTCTTCTTTACTTATATATGGTGGGTTTGAAACTATTAAATCATATTTAAAATCTTTATCAAGTTTTTCAAATAAATTAGACTCTATAAAATTAACATTTTCTATTTCATTTAATATTTTATTTTCATTTGCAAGTTTTAAAGCTTTTTCATTTATATCAATACCTGTTACAGAACTAGATTTTAATTCATTTGCAATAGCTATTGATATAGCTCCGCTTCCACTTCCTATGTCTAAAATATTAGGTTCTTCAACTTCTCTCATAAGTTGTATACATTGTTCAACTAAAATTTCTGTATCTGCTCTTGGAATTAAGACTCCTTCATTTACTTTAAATGGTAAACCATAAAATTCCCATTCTCCTAAAATATATTGAAGTGGTTTCCTTTTTTTAGCTCTAAGAACCAACATTTCTCTGATTTTATCTTTATCTTCTTTTTTAATTTCTCTTGACATACTATATTTTAAAGTATTTTTATTCACTTTTAAAACATCTGAAAATATATATTCCGTATCTAACAACGGACTTAGAACTCCATTTTTTTTAAGATATTCAACAGATTTATTAAAAATATCTAAATTTTCTTCTTTAAAATCTTTCTTTTCACCTTTTAACTCATCAAAAGTTTTATTTTCTTCTACCATTTTTTTTAAATATTGTTTAATTGAAGTTTTTTCATCTTCTGATAATTCTCTTTCATAATGGATATAAAGGGCTATTCTATCAAGATTTAAAACATAAGAAACTAATTTTTCTGCTTCTAAACGGGGTTTTGAAAAAGAGTATTTTTTCAAATACTCTTCTGTAAATTTTAATATTTCTACTAAATTCATTATTGTTCCGAAGCAGATAAAAGTTCTGCT
NZ_CP071098.1_gap50	1979712	1983960	4248	TACAACTGATAAATCATGTGTTATGAACATATATGTCAAACCTAATTTTTCTTGTAAATCTTTCATCAAATTTAAAACTTGTGCTTGTATAGATACGTCAAGAGCTGATACAGGTTCATCACAGACTATAAATTTTGGATTTAATGCTAAGGCTTTTGCTATCCCAATTCTTTGTCTTCTTCCCCCATCAAGTTCATGAGGATAAGTATTTACAAGCCTTTGACTCAAACCAACAGTATCCATAAGTTCTTTTACTCTGTTATTTAATTCTTGTTTATTTTTACATTTTTTATGGATTATAAGTGGCTCTGCAATAATTTCACTTACTGTCATTCTAGGATTTAATGAAGCAAATGGGTCTTGGAAAATTATTTGCATTTTTTCTCTTAACTTTTTCATTTCAGCTTTTGAATATTTTCTTATATTTTTTCCTTCAAATAATATTTCTCCGTCAGTAGCTTCTAAAAGTCTTAAAATTGTTCTTCCTGTTGTAGATTTTCCACAACCAGATTCTCCAACAACTCCCAAAGTCTTACCCTCTTCAATGGCAAAATTAACATTATCTACTGCATGTAATTGCCCTTTTGGAGTCTGAAAATATTTTTTTAAATTTTTAACTTCTAATAATACTTTACTCATTTTCTTCCTCCCAATTTTCTCTAAATTTTACTAAGCCTTCTGCTATAAGACATTGTACTTTATGTCCTTTTGAAACTTCTGTAACCACAGGTGTTCTTTGAGAACATAGTTCTACTGCATGCGGGCATCTAGGATTAAATTTACAACCTGTTGGTAAGTTTGTTGGATCAGGCATAAGCCCTTTTATAGGTACTAATCTTGTTTTTTCTTCATCTAAACTTGGAATAGAACCAAATAATCCCAAAGTATAAGGGTGTTTTGGATTTTCAAAAACATCTTCAAGAGTTCCATATTCAACAATTTCTCCTGCATACATAATTGCCACTTTATCACAAACTTGTGCAACTACACCTAAATCATGTGTTATAAGTAACATTGATGTTTTAAATTTATTTTTTAAATCTGTCATAAGATCCAAAACTTGTGCTTGTATAGTAACATCAAGAGCTGTTGTAGGTTCATCAGCTATTAAAAGTTTTGGATTACAAGCAAGAGCTATTGCTATAACAACTCTTTGTTTCATCCCTCCTGAAAATTGATGAGGATAGTCATTTTTTCTTGTTCCTGGAATACCAACTAATTCAAGCATTTCAGCAGCCTTATTCATAGCTTCTTCTTTTGTTACATGTTCATGTATTTCAATAACTTCTGCTATTTGTTCTCCAACTGTCATAACTGGGTTTAATGATGTCATTGGATCTTGGAATATCATTGAAATATCATTACCTCTAATTTTTCTTATTTCTTCTTCTGATATTTCTAATATACTTTTACCATTGAATTCTATAGCGCCACTTTTTATTTTCCCTGTTGGTCCTGTAATTAATCTCATTATTCCAAGAGCTGTTGTAGTTTTTCCTGCTCCTGTTTCTCCAACAAGTCCTAATGTTTCTCCTTCTGCTATATCTATACTAATTCCATTAACTGCATGTACTGTTTCATCATCTTTTACATACTGTATCTCTAAATCTCTAATCTCCAAAAGATTTCTATTTTCCATCGTTTCGCCTCCTAATAATTATTGTTTTAATCTAGGGTCAAGAGCATCTCTTAATCCATCACCCAATAAGTTAAGTGATAAAATTGTTATCATTATTGCTACACCTGGGAAAGTAGTTACCCACCAAGCATATCTTAAATATTGTCTTCCTCCTGATAACATTGAACCCCATTCTGGTGCTGGAGGTTGTATTCCTAATCCGATGAAACTTAATCCTGCTGTTGATAAAATTGCTCCTGCAACTCCTAAAGTACCTTGAACAATAACTGGTGCTAATGAGTTTGGAATTATATGTTTCATTATTATTCTTGAATTACTTGCTCCTATTGCTTTTGCAGCTTCAATAAATTCTTGATCTCTTATTGAAAGTACAGAAGCTCTAACTATACGTGCAAAATTTGGAACATAGGAAACACTTATAGAAATCATTAAATTTAACATACTAGGTCCTAATGCTGATACTATTGCTATTGCAAGTAATATACTTGGAACAGCTAAGAAAATATCTACAACTCTCATTATGATATTATCTATCACTCCTCCAAAATATCCTGATATTGCCCCTAAAATTCCACCAACTATAACAGAAATAGATATTGCCAAAATTCCAACTTTTAGTGATACCCTTGCTCCATGTATAAGTCTTGCAAATATATCTCTTCCAAATTCATCTGTTCCCAACCAATGTTCTCCATTAGGAGGCATAAGTCTTTCAGCTAGATTTTGTTTTATAACAACTGCGTCATAGTTTGCAATTACATCTGCAAATAGGGCTAATAAGACTAAGATTACAAGAATAATTAATCCTAACATAGCCATTCTATTTTTTTTCAACATTCTAAAAACTTCTGCCCATTGGCTTTGTTTTTTATTTTTTGTTTTTTCCATTTTGCCCTCCTACTTATATTGTGATTTTATTCTTGGATCTACAAAGGCATATAACAAGTCAACCAATAAATTAACCACACTATATACAACTGCCAAAAACACAACAGATGCTAAAACAGTAGGTGTGTCCTTTTGTCTTATGGCATCAACCATAAGTCTACCAACACCAGGCCATGAGAAAACTGATTCAGTTAAAACTGCTCCACCAAGTAAACTACCAAATTGTAATCCTACAACTGTAATTATAGGAATCAAAGCATTTTTTAAAGCATGTTTATTTATAACAGCCTTTTCTGCAACTCCTTTTGCTCTAGCTGTTCTAATATAATCTTGTCTTATAACTTCAAGCATAGAAGATCTTGTCATTCTTGTTACTGTTGCGGCTGAGCCAACTCCAAGAGCTACTGATGGAAGAATTACACTTGAAAATCCATCAAACCCTCCTGATGGAAAAATTCCCAGCTTTACAGAGAATAGTAAAATTAGCATAAGCCCTAACCAGAAAACTGGCATAGAAACTCCTAAAAGAGCTAAAACCATGCTGAAACTATCTACAAGTGAATATTGTTTTGTTGCTGAAATTATCCCAACTGGTATTCCTATAAGTATAGAAATTAAAATACCTAACACTGCTAATACAACAGTATTTGGAAATCTAGCAAATATTTCTGAAAAGACTTCTCTACCTGTTGTATATGATCTTCCAAAATCACCCATCAAAGCATTTTTTATAAATCTAAAATATTGCATAAAAAATGGATCATTTAAGCCCATCTTCTCTCTTAATGCTGCAACTGCTTCTTTGGGAGCACTTTCTCCTAAGATTAATTGAGCAGGGTCACCAGGAGTCAAATACATGATTGCAAAAACTAATAATGTAACTCCTAACATTACAGGAATTAAAAGAACTAATCTTTTTAATATATATTTATACATTGTTTCACCGTCCCAAAACTATAATTTTATTAAAAAGAGCTAGAAGTATCCTAGCTCTTATATACTTTAATCTAAATACTACTATCTACTTATTCTTTTGTTACTCCATATATTTTATGTCCTTGTGCTGGATCTAATTTAAAGTTTTTAATATTCTTTTGTGTTACAACATTTTGTAAAGGATAAACTATCATATACATAGGAAGATCTTTTCTTACTATTTCTTGAATTTGTTTATAAATTTCTTTTCTCTTTTCAGGGTCTAATTCAGTTTTTCCCGCTTCTAATAGTTTATCAACTTCTGGATTAGAATAGAAAGATCTATTTCCAGCAGCTCCCATAGTAGAAGTGCTTATTAATTCAAACATACCATAGTCAGGATCTCTTGTAACATTACCCCAACCTAGTAAATACATTTCATGATCTCCTCTTGCTGTACCATCCAAGAAAGCACCCCATTCAACAGTTTCTATTGTTAAATCAATACCAATTTGTTTTAATTGATCTTGTAATATTACAGCAGTATCTCTTCTTACTGGGTTATCATTTACCCAAATTTTTGCTTTAAAACCATTAGGATATCCAGCTTCTGCCAATAATGCTTTTGCTTTTGCTATATCTTGAGTAAATTTTTCAACATCATAATATGCAAATACATTTGGCCCTAGTATAGAATTTGCAGGTTCTCCTGCTCCTAAAAATACAGTATCAATTATAGGCTTTTGATCTATTGCATAAGATATAGCTTCTCTTACTTTTGGATTATCATAAGGAGCTTTTTTCAT
NZ_CP071098.1_gap51	2017269	2018288	1019	AGATAGAGTTTTTGCTGATATGGTTTCATATAAATTTACAACACCAAAAAGAAATAGTATTATAGTTTTTGAAGAACCAATGCGAGATGAAGACTTATATACAAAAAGAGCTATGGGCTTACCAGGAGAAAGAATAAAGATAGAAAATGATACTTTATATATAAATGGAGAAAAAACAAATTTTAGAAGATATAGTGATAATGGAATAGGAAGCCAAGAATGGAGAATTCCTCAAAAAGGAGATAAACTACAAATTATTCCTGCTGGAAATTATAGAGAAGTTTTTGAAGATGCTGGAATAAATGTTGATGATATTGTAAAAGAGGCTTTTTATAAAGAATCGTTTGAGTTTTTTAAAAATATTTATTACAACTTAAAACATAAAATTTTTGACAAATTAAATATAAAATATGATATTACAGAATATACTAATCATAGAAATGATTATAGAAAACAAGGAGCCTTTTCTATTGTAGGAATGATTATGCCTAATTTAAAATTTATTGTAAATGGAGAAGAAACAGGACCTATTTTAGATTTTATATCTGATAAAGATATCAGAAATAAACTTTTAAATGGGGAAACAGTAGAAGTCATTTTAGATGACAACTATTATTTAGCATTAGGTGATAATACGGACAATAGTCAAGATTCCAGATACATAGGTTTTATCAAAGAAAGTAGAATAAGAGGAAGAGCCTTAGTTAGATTCTGGCCTTTAAACAGAATTGGATTAATAAAAGAACCTCAACAAAATGAAGTAATTAATACGCTTGTGCAAACTATAAAAAATCTCAAAGTAAATATTGATAAAAAGTTTTTGGAAAAGACTAATGATAATAAAATTAACAAGTAATGATATAAATTATATAGAACAAATTTTTAATTTAGAAAAAGAAATTTTTAAAAGTTCTGCTTTTAATAAAAATTATTTAGATACTTTAATAAAAGGAAATAATTCTTTTATCTATGTTTATTTAATAGAGAATAAAGTCTGTGGATATTTAATAATCCTTGAT
NZ_CP071098.1_gap52	2099876	2101881	2005	AATCCTCCTAGTTTAAAACATATATTTGGAACTGATTGGATGGGAAGAGATATGTTAACACGAACTATAAAAGGACTTAGTACTAGCTTAATTATAGGGGTAGTTGCATCACTTGTTAGTTGTGTATTTGCAGTAATAATTGGTTCGGCATGTGCTATATTTGGAAAAAAAATTGATAAATTTTTTTTATGGCTTATTGATTTATTTCAAGGTATGCCTCATCTTATACTGTTGGTATTAATCTCTATTTTAACAGGTAAAGGAACAATGGGAATATTAGTAGGTGTAGCATTAACTCACTGGACAACCCTATCAAGAATTATAAGAGCAGAAATTTTATCTATTAAAGGAGAGCCATATATAGTAATAGCTAAGAAGTTAGGAACTAGCAATGTTAAAATAGCCTCTAAACATATTTTACCACATATTATCCCTCAATTCATTGTAGGAGTAGTACTATTATTTCCTCATGCAATACTACATGAAGCAGGGATCACATTTCTAGGATTCGGATTGCCACCAGAAGAACCAGCAATAGGAGTTATTTTGTCAGAATCAATGAGATATATTACTTCTGGATATTGGTGGTTAGCTTTTTTTCCAGGTTTGGCTCTTATGCTTATGGTATTTGCTTTTGATGCAATAGGACATAATTTAGAAAAAATTATTAATCCTAATACAGGACAGGAGTAATGTTATGAATATTTTAGAAGTAAAAAATTTAAATATAGGTTTTAATATGTATGATAAATTATTAAACCAAAAGTTACATCAAATGGTATTTGATTTAAATGTGACTATAAAAAAAGGAGAAATACTAGCAATTGCAGGTTCATCTGGAAGTGGCAAAAGTCTTATGGCACATGCTATTTTAGGAATTTTACCTAAAAATGCAGTGGTGTCTGCTGAAATTAAATTTAAAAATGAAATAGTTGATGAAAATAGGTTATCTCAATTACGAGGAAAAGAAATTACTTTTGTTCCACAATCTATTGCTTATTTAGATCCTTTAATGACTATAGAAGATCAACTTATGAGAAAAGGTATAAATCAGCAAGATTTTTTTAAAGTTATGGATACATTAGGCTTTACTAAGGCTGATTTAAGTAAATACCCTTTTCAATTGTCTGGTGGTATGGCAAGGCGTGTATTAATTGCAAATACAATTTTATCAAAAGCAGATTTAATAATTGCAGATGAACCAACTCCTGGATTAAGTCTAGATTTGGCTATTGAGGTTTTAAACCATTTTAGAAATATGGCAAATGATGGAAAGGGAATTCTACTAATTACTCATGATATAGATTTAGTTTGTAATGTTGCAGATAAAATGGCAATTTTCTATGGAGGGCACATTTTAGAAACTTTAAATACAAAAGATTTTCTAAAAGGAGAAAAATATATTAGACACCCATTAACAAAAGCCTTTTGGAGAGCCTTACCTCAAAATGATTTTGAAGAAACAGATATGGAAGATATTAGACTACAATGTAAAAAGTTGAATTTAGAATTACCAAGTTTAGAATAAAAATATAGTTAATAGAATGAGGTGTAAAAATGTTAGAAATAAAAAATATTTCATTTAATTATTTAAAGGGAATGCCTATTCTTAAAGATATTAGTTTAAATATAAAAGCTGGTGAAATAGTAGGAATTTTTGGTTCTTCAGGTTGTGGAAAAAGTACACTAGCAAAAATAATGGCAGGAATACTTAAACCAAGTAAAGGAACTATACTAGTAGATGGTAAGGAATTGGAAGAAGAGGGGTATTGTTCTGTTCAGCTTATTTATCAACATCCAGAAAAAGCAACTAATCCCAAATGGAAAATGGATAAAATTTTAAATGAGGGGTGGATAGTAGATAATGAGACAATGCAAAAAATGGGAATTCAAAGTTATTGGCTGACAAGGTGGCCTCAAGAATTAAGTGGAGGAGAACTTCAAAGGTTTTGTATCACTAGAGCACTAGGGCCTAAAACTAAATATTTAATTGCGGATGAAATTA
NZ_CP071098.1_gap53	2137139	2139959	2820	AATTTTATTTCTACTAAAAATGGTGGAGATGGAGCTGTAAGAGAATTCTTAGAATACATTATGAAAAACAATGGAATGTGGAAAAAACTCTTAGAAAAGTATTCTAGTGAATGATACATTCGTAAGGAGGGAAGAGCTATGCTTAATTTTAAAAAAATTAATAAAATGATTGATTTGATTGAAGAAAGTCAAATAATGGAGGGTATGACTTTCAATGAATTTGCAATGGAATTTTATTCAGAAGTAAAATTAGTGCCTTTATCAAGATATCTAAAAACTAATAACAAAGTTAAAAGAATGCCTAAAATTATGAATATGAGAAAAGCAGGGGAACTTTTACTATTCACTAAAACTGATGATGAAACTTTAAGTTTTTTAAAAAGGAAAGGGTATAATGAAATGCCAAGTCTTGATTACAAAACTATAATGCTACTTAGAAAGCTAGACCCTATTGATAACTGGAAAAAAATTTTAGCTTTCCTCAATGGAGATAAAACTGTTGAAGAAATAAATATGTCAACTAGACCTATTTTATTCCCACAAGAAATAAAAAAATTGGAAGAATACATTAAAGATGAATTAAACCTAAATGATGAAGAATTTGAAAAATTTATGAGTATAAGCTCTATTGCTGTTAAAAATAAGGAAGTTATGAAGGCTATTAAGAAATTGAGTAGATAATGTAAAAAAATGTACCAAAGATAAAATTAATTATCAATGGTACATTTATTTTACAATTTAACTAAAATCTTTCAACAGCTGTAAAAGGTTCAAAAGCAAATTTATGTAAATCAACAGAATTTGCAACTTCTACCTTATGAATGTTATTTTTTCTAAAAGCATACATATCTATTTTAGTAACAGATTTTGGAAAACTTACTGTTTCTAAAGCATTTTTATAGAAAGCTGACGCTCCTATATATTCTAATGATTCAGGTAAATTTAATTCTGGAAGTTCATTCATAGCAAATGAGCTTGGTTCTAATCTTTTTACTTTGCTTCCAAATTCAACCTTAGTCAATTTATTTCTGTAAAAAGCAAATCCTTCAATATTTACTAATGCTTCTGGTAATTTAACTTCTTTTAATTTACAAACTCCAAAAGCATCATAACCAATACTTTCCACTGTATTAGGTATCACTACTGATGTTAATCCTCTTCTATAAAAAGCATTGTCTCCTATCTTTTTTAAAGGTAGTCCATCAGGAGTTAGTTCAGGAATTACTAAATCAGTTTTACCTTCAAGTTTTACTTTATCTTTACCCTTTTGAGTCATTCCTTTTAGTTCATCACCTTTGAAAATGAAGTCATCATATTCCCAAATATTTTGTCCCATTTTTCTCCTCCTAGAATCTACTTAATTGTACTAATTCATTAAATGTTTCAAGTTGAGTCTTAACTTGTCCAAAGTCTACCATTTGTTGATCATATCCCATTTTAATCAATGGTACTTTTGCTTCATCAAATGCTTGTTTTAATGATGGATATTCCATTTCTTCTGTATCGTTGAAATTCATCATAAATAATAGGCAACCATCTGCATTATTTTCTTTTACTAAATCTAATACATATTTTGGTCTTTTGATAATATCAGGGTCATAAAGTAAAGGATCTTCATCCATACGAGCAAATTGATCAGCAAGAGCTAACATTGGATCAGCTATTGATAAATCTATATCTACTTTTAATGCTCTTGATTCATGAGCTACATCATCTGCAACTACACATACTTTATAGTTATCAAATACTTCTAAAAGTCCTGGGTTATCAGTGATAATTCCACTTGTAACAACTCTCACTCCATCCCATTGTTCTTCTGGTAGAGCTTCTAGTTGCTGATTTAATATTCTTAATAAATCTGTATGTTCATCTTTTAACATAAAGTATGAACTCTTTAAAACATTAGATCTATCAGATGCTTTTACACTTTGAGGATGTTTAGCAGCAAGTTTTATAAATCTCCTTTTTTCTTCTCTATTTTCATTATAAACCTTAAATGCTTTCTTTAAGTTTTCATCAGTTATTTTTACATTGCAAATTTTTTCTAATTCTTCTTTTGCATTATTAAAAATTTTAGCATTATATTGTTTACCAAAATCTTCTTTTCTATGTTGTGCATGATTTAAAAATATCATAGGTATCTTTTTCCCTGCACTTACTTTATAGTTTTGAGATAATGGTCTTAATGTATCGTCAAGAGTAGTTAGCATAGAAGCAGATAATCCATCTAATGTTCCATCTAATGCCATTTCTAAACATCTTAAAGCCAATGAGTAATAGAAAGTAGGAAAATAATCCTTTGCTTTTTCAATAGGTCCTTGTCCTCCCCATACACCAAATGGAACCATTCCACCTGCATAAACTATTTCTTCTGGTGCATAATAAGGGAATATTCCTACTGCTTTCTTACCTTCAGCAAGATATTTATCTAATTGTTTTCTAGGATTTTCTGCATAGTACTTAAATTGTTCTAACAATTCCTTAATTTCAGCCATCTTTCTTCCTTCCTCCTAATTTTAGTGTTTTATTGTTTCCTTAGACCAGTCTGTTTCTTTTGTATTTTCAAAATTAGTATAAACTTCTTCACCTTTTGCTAATTTTTCTTCTTTTCTTTCTTGCATTATTTCAACAAGTCCTTGTACTCTTGTATTGTATTGTTCTGTTGAGAAGTTTCTTTCATCAGCTTGGTCTCCATCAAAGTGAACAACTGGTATTCCTAAATCTTCTTTCCATCTTCTTTCTATTTCAGGCATTGCACCACTCCAAGGTTTACAACTACGGTTATAGTTTACAAGTGCTCCACTTATACCATTTTCTTTA
NZ_CP071098.1_gap54	2191934	2192659	725	ATCTAAGCCTGTGTTAGCTTGAATTTGTATATTATCTTTGAAAAATATTCCTGCCAATAATATTGACAATATTACACTAAAAATTCCTCCTGTTGAGATATATTTTATCTTAACTATTTCTTTTATTTTTATTGTTTTTTTTAAATAGCAGAAAAATAGAAAATATTTTTTTATTTTTATTTCCTTATTTTTAAATTCAAAAATTTCTTTTGAAAAAAATATACAAATCACATAAAAATATAGGAAAAATATGAAAAAAGCTACTATATTTGTCCCAATATATTCAATATTAAATAAATATTCCATTTTTTCCATTCTTTTCAAACCTTTGAAAATAAGAAAAAATAAAATCAGGAGTGATAAAATCAATGAGATATTAGCTTTCTTTTTTAGAATATAGTTTCCCTCTTCATCTTTTTTCACTATTATTTTAGGTCTTAGAAATTCCATTCTTCTTCACCTTTTGCCTTGTATTCTAAAATAATTTTTCTTATCATTCTTAAATCATAAACATAGTCTGCTGTGAATATGCTTCTATCTTCTATATTATTTGACATTTTTATTACTAAAACCTTTCCACCTTTTCTTTCTGTTTCAATAACCATATTTTCAATATTTTTTAATAAAAAAGAATTTTCTTCATCTTTTCCAAATATTTTTTGTTTTTTTATTATAATTTTTTGATTATTCACTTTTAAAAAAACTTTAATTCCTCTTCTTTTTAA
NZ_CP071098.1_gap55	2194981	2196805	1824	AGTATATTTTCAATTTGGTTAATTCCAGAAGTTTTATTTAAAATAAATTTCATTTTTAATCTCCTAATCATTATTAAAAATATTCTTTAAAGTATCTAATTTTAAAATTTTTCCAACATCTAAAATATTAGGATTATCTTCATAAGGTAAAGAAATATCTATTCCATCTACTATCTTTTTTCTTCCACATTTCTCAAAAAATATTGTTAAATCTAAATTTTTAAAATAATAACTTCCTGAATATTCATTAGCTTCATACTTATAATTTAAACTTTTATAATTTTCTTTAAAATATTTTTTTATCTTAGAAATCACTTTCTTTGCTTCTTCTCCAACTTTAATATAGATTTGGTCATTAAGATAAAGTTTCTTCAAAGCAAACGATAAAGTATGAAATTCTGGGATTTCTTTATCTACATAGTAATAAATATTATAATAAACTGTAAAATCTTTATATTTCAGTTCAAAATCAATAGTATAAGGATTTTTTTCTATTTTTATCTTAATATTTTTAGGATATGAAAATTTCTCAGTAATTTCTTTTAATGATATTTTTTCTATTCCATTTATTCCTACCATATTCTCATTTAAAGTATATTTCATATCAATACCTCTATTTATAGAAATTCAAAAAAATCTAATGAATAAAAAATATCCAATAACTATAATTCCTACATCCAAATAAACTTGTACTATATTGTTTTTAAAATATTAAAAATTCCTGTAAATATAAAAAATAATAAACAGATATTCATTATTAAAGTGTATATTAACTTATTATTTTGAATTAATATAATTTCATTTTTCTTTTCTCTTATGCTAATTATCTGTATTTCCTTTTTTATTTTCAGGAATATATTTTTTGTTTCTCTAAAAATGCTTTTATTCTTCTTACTATTCTTTTTGCCTCATTCTTTTCCAAACCACAAGCAAAATTTAAAATTTTATCATCTGAAAAAGTAAAATTTATAACATAAGAGGGCTTTTCTTCAAAAATATCTTTGAAAAAAATTTTTCTTAATAAAAACTTGTGATATTCTACTATTTCAATTTCTTTTATATTCTCAACTAAAAATAAATTTTTATAGGTTAATTCAAAATTTTTCTTAAAATAACTACTTGAAAAGGATACTTCTTTCATATTTATAAAAAGCCTTTCATATTTGTATGTTCTACACATAGAACTATAAAATATTAAAGCAAAAGGAGTTGTAAACAATGGAAATATAAAAAACATATCAGGATTATTATATATAAAAAATGAATTAACAAAAATTATTATAGAAATAGCCATGATAGAAGATTTTCTTAATTCTTTCTTACAACTTTTATTTATCTCTAATGTATCAATTTTTTCTTTAATTTCTATCTCCATAACCCATACTCCAAATAAATTTTAAAAACCAGACATCATTGCAAGCATCATAAATATTAAAAGAAAATATATTATTAATAATAAAATATTCAACAATATAAAGCAAAAATAAAATGTATCTTTTCTTAAATTTAATAAAATTAAACTTTTAATAATTAATATAATAATTATTAAAATAAGTATAAAGTTTATAAAATATAAAAAACCATAATCTACAAAAAGACAAAAAAAGTTTATTATAAGTAATATAGCTACAACAGTTTTTATTCTATTATTTTTATTAAACTCTTTTTTTTCTGATGTTTTATCAAAAAATATCAAGATTGAGTATAAAATTCCTATCATAAAAATATTATTTATAATTATCATCTCTATCACCCATTAAAAGAAAATTATATTACATTCCACTTCAAACCAAGGTCCTTCTTCATCTTCTCCTTCAATAATAT
NZ_CP071098.1_gap56	2268059	2268559	500	CTATATGCTAAAAAAGGTTTATATTATGAAATGTATAAACATCAAGAAGAATTGGAAACTTATCTAACAAAGAGAGGTGAAAATAATGAAAAATCGGTCAACTTTTAATATAGTATCTAACTTATTAAAACTTTTAGACTCTCTTTGGAAATTTATGACTATTGCTGTATCAACAGGTGTAATTGGATTTATATTTTCTTTTTGTATAACTCTTTTTGGAGCTTATGCCTTTTTAAGTATTATTCCTGTCACAAAAGATAGTCTTAAATATGTTTTTGGTGGAGGATATTCAACTCAAACATATTTTTATGCAATGATATTCTGTGGATTTTTTAGAGCTATTTTACATTATTTAGAGCAATTTGCAAACCATTATATAGCTTTTCACATTTTGGCAGAAATAAGAGTTAAGCTATTTAAAATTATGAGAAAACTTGCTCCTGCTAAAATGGAAAATAAAAATCAAGGGAATTTAATTTCTATGATAACATCAGATATTG
