gap_id	start	end	length	sequence
NZ_CP054059.1_gap1	51741	55031	3290	TGATAATACTGTACAACAGGTGAAAGAAAAAACAAATATGTTAAAAAATTATCAACGAGTAGAAAAATTTAACAATAGCATTCAAAAAGATATTAAAGAAAACTGAGAAACTATTGCTAATATGCAATGAGTAGAAATAGTCACCAAAAAAAAGAAAACAACAAAAACTAAAAACTGAACAAGCACCAAGACAGTAACTGTAGACCATGTATATCTTCAAAAAATCTCTTTGAATAGTGAAGAAAAAGTATTTGATTGGATTCAGATAATACACAAAAAAAGTATATTAAATAAGTTAGCTATATTTTTATTTGTAATTCCTTTTGTTTTAATATTTTTCATAACATGGTGAAATATGTCTTCTATAGAACAATTTTGGATAGTATGAGTTTTGATATTATTGGTTGTGCTTATATTGTGATGATGATGGTATTTTTTCAAAAAATGAAAAAAAGTAAATCTTGAAGATATAGAGTTTGAAAAAAAATTTGATATTTATGCACAAGATCAAAATAAAGTTAGAAACTTTCTTGATAGTAGAACTATCAATTCTATCAAACAACTTTCTCAAAAATTTCCAAATAAAAAATTTGATTTTTATTTTGAATGAAATGATATTTATATTTTTATTCATCTAAATAAAAAATTTTTAGATTTATGAAATTATCTTTTTTTAAATCGTACCTTAAAATGATATATAGAGTTTTATGTACTAACAAAAGCAATTCTTGATATACCTCACAATCTAAATATAGATTATCATATTTAAAATTAAAAACTTAAACCAAATGGAGTTCATAATAGTATGAATAATATTTATAGCATTTATTTGAGTAGTTTGGATATACAATACTGTTATAAAATACAAAAATTATGTAGAAAATGCATATAGATTAATAGATGTAAATTTACAAAAAAGAGCTGATCTAATACCAAACCTTGTAAAAACAGTAAAAGCATACAAAGATTTTGAAAAAGAAGTTTTAGAAGATATAACTGAACTAAGAAATCAGGTCACAAATCAACACACAATTGATAAAAAAAGACAAGACAAAGAACAATGTATCTGAACTGATTTGAAAAAGATTTTTGCAGTTTCTGAAGATTATCCAGACCTAAAATCAAATGAAAATTTTTTGAAACTACAAAAAGAAATTTCCAGAATTGAAGAAAATTTGGCAGCTGCCAGAGAAATATACAACTCCAACCTCAAAATTTTAAACACAACTATGCAAATTTTTCCATACAATATTATAGCTAAAAGGATAAATATCCCAAAATATGATTACTTTGAAGCAAATGTAACATCAAAAGACTAGTTGTTTTCTAGTTGAATATTTTTTTCAATTTTTTCAACCAGTTTTTCAAGGTTAGAAACATCAACTCAATTATATTTCAACAAAGCAAGCTCTTCATACAAAGAAAGAATGTTAAAATTTCTAAAAGATTGATTACCCCTTCTTAATTCTATCAATCTACTTATAAAAGTAATTTGTTTAATTTTCTTATTTATATCTACTCATACATATTTTGCAAATTCAAAATCATAATCAATATCTTCTTCAAGCATTTCTAAAGTTTCAACTGACACATAGAAAAAAGAATTTAACAAAAAGTTTATTTTTCGCTGAAGAATTTGTGAGATTGTCTTTTGATACAATTGTACTTTTGAATCTGGTATTTTAGTTATATTAAATTTATCATCAACATTAATATGTTCTCATATTATATCAAGGTGTTTAAGTATCTTATTTAAATTTAATGTTTCTGTTCAGTTAAAATTTGTATATATATCAGCGTTGGAGGTTATGAGTTCATCTAATTTTTGAGAATAATCAAAATTACTATTTTGCAGAAATTTTTCATTTATTTCAATTGCTTCATTTTCATAAGGAGAAGTTTCTATACCCAACTGTTTTGCTGTTTCTAAGATTAATAAAAAATTTTTTATCTTATCAAAGTCTATTTTTTGAGGATCTTTTCTAAGGCTTTCCAAAAAATTTTCAATATACTCACAATATCACATTAAAAAATCTTCCTCATATGATATTTTTTCATTTTTATCAGTATCTTGTACTGAAACTCTTTTTCTATTTATTTCTAAAAGTTTTATTATCTCATTTTCTGTATATTCTACTAATTCTGGGAATCTCTTTCTTAATCAATGTATATACTCTCTTGAGTATTCAACCTCTCTCATAGTATATTTTTTAATAATAATTAAAATCCAATAAACTTATACAAAAAAACAAACACATGTCAACACTTTTTAAGATTAGTAGTTTTATTTTTAATTCACTATAAAAAATTAAATTTGAAAAATCAATAAAAATATATATAAATTACCAATATTTAAATAAAATATTAAAAACTGTATGACTCCTGCTCAAAGACAATATGCAGAACTCAAAAATCAATACAAAGATTGTATATTGCTTTTTCGTATGTGAGATTTTTACGAAACTTTTTTTGAAGATGCGAAAATTCTTAGTAGCATACTAGATATTGTCCTTACATACAAAGACAAAAACAGTAAAACACCAACTCCAATGGCTGGAGTGCCTCATCATAGTGTAGACAAATATCTTTCTAAAATAATTCAAATCTGATACAAAGTAGCTATTGCAGAGCAAGTATGACAAGTAGTACCTTGACAACTGGTCAAAAGAGAAGTAGTAAATGTACTAACTCCTTGAACTTTCTTGGATGGCAACGAAAAAAACTACAATTTTATAGCATGAATAGTACAAAACAATAGCCAAGAATGAAACTTTCATATAGCTTACTGAGATTTCAGTCTTGGAGAGTATTTTACTAAATCTTTTGATAGTATAGATGATGTGATAAGTTTTTTTATCAAGATAAACCCATCAGAGATAATTATAGATATAGATCTTTTGGAAAAACAAACACTTGAAGAACAGATCAATATATATCTTGATAGCTTGATAAATATATCTGATGTACCTTATGACCAAGAATGATATCTTAAGACCAACTTGGACATACAAACTCTTTGAAGCTATGGAAAAGCACTTCAATGATGAAGAGAAAAATCTTTTGCATTACTTCTCAGTTATCTTTTGGACACACAAAAACAATCAATCAAAAATATATCAAAAATAAGTCATATCAATGATGACAACAAGGTATCATTAGATGAGAATACGATAAGAAACCTTGAAATATTCAAATCAAGTTATGAATGAGAAAAAAAATACAGTCTATTTTCTGTAATAAATAATACAAATACTGGTATGTGAAATAGAAAACTAAATGATATTATTTCC
NZ_CP054059.1_gap2	56500	58241	1741	ACACAAACTAGAGAAAAAACAAACTCAACACAAACAAGCATGACTGTTTGAACTTCCATCCCAAAAATACGATCCAAATTTTGAGAAGATCAAACAAACTCTTAATCAAACCAATATAAATGAAACAACCCCCATGCAAGCTTTGAAAATACTTGATGACCTGAAAAATCAACTAAAAGATTAATCATCTCGAGTTGGTGAAAAAGGAGGGTTTATATATCTATGAGTTTTAGGCAAACTATTTAATTGTTGTATATCCTCATTTTCTATCTCAAAATTGAATATTTCCATATTTTCTTTTAGACGGTCAATATTAGAAGTTTTTGGAATTACTATAGATCATTGAGTTTGAATTATCCATTTTAGAGCTATTTGGGAAATAGTTTTGTTGTATTTGTTGGCAATATCAGATAAAACTTGATCTTTGAATACATGTCAGTGAGCCAAGGGTGAATATGCTGTCACAGAAATATTATTTTGTTTACAAAAATCTGTAAGGTTTGATTGAGGTAAGTAAATGTGCTGCTCTATTTGATTGTTGTATATATCTCATCAGGTATGATTTATAGCCTCTTCTAAGTATTTTATATTGAAGTTACTAACTCATAGTTCTTTTATTTTTCAGTCCTGTTTGAGTTTCATCATACCATCCAATGCATTTTTGTGTGAATACTCGTCTTGCGGCCAATGCAAAAGAAGTAAATCTATAAAATCTGTTCAAAGTTTTCTAAGACTTTCTTCTACAGAAGTAATAACTCATTCATAAGAAAATTTATCTATCCATACCTTTGTAGTAAGAAAAAAGCTTTCTCTAGATACTCAAGACTGTTTGGTTCACTCACCTACTTCTTCTTCATTTCAGTATATTTGGGCTGTATCTATGTGAGTATATCCCATACTTAAAGCTTCTTTGACAATATTTTGACAGGAAACTCATTCATTTTTCCAGGTTCAAATTCAAAGAGTTGGTATTTGCATTGATTTATTTCATAATATAAAACTTAATAAATAATAACCAATATCTAAACCAATTGCAACATCTTATATAAAATTGTATAAAACCAATCAAACAAAGACAATTAATATTCAAGTGAGTTTAAGATATGAAAGTTTTTGAGACAACACAAAATATCCTAATAAAGCGGAAAATACTACTTGACTACTTACAATAGACCCAACTATAGATACTGGAATATAACTCATAGCAAGTACTGTAAAATAAGTTCAAGCTGCTGTACTCAGACCAGAAAGAAAACATAGTAATAAAAGTTTTTGGTTTAAAAAAACATTTCTAATAGACTGCAAGGGCAGTCAAAAATTAAATAGTATATAAAGTAAAGAAGATAAAAAAACTCACACTTCAAACATAAGTGATACCTGTAAAATAGAAAATCAACTTCTTACAAAATAATCTATAGCAAAATTGTAAAATGCCCACCCAATTGCGGTTATGAAAGCATATTTAGTATCCAATGAAATTTTAAAACTTCAATCTTGCTTTGATATCAAAAAAATTCAAAAAAAGACCAAACTCATTCAAATTAGATGAAATAATCATACACCCTCCTGATAAGATAAGAAAACAAATAAAACTATCAAAAAAGGAAAAATGTTTGCTATAGCAATACTTTCTCATATAGAAATAAATTCAAAAGACCTGAAAAGACTCCACAAAGCAACAAATCAAGTTATTGAAGCAATAACCCATATCAAAAATTCTTCAAGACCTAGACTTGAAAAT
NZ_CP054059.1_gap3	148094	150076	1982	AATAAAATTTATAACTCATATGATATTTCTACTATTGTAGATCAGTTTAATTTTGTATTTAATTGAAAATTTATAACTCATATGATATTTCTACTATTGTAGATACTATCATACACCTCAAAACTTCATGTATATTTATAACTCATATGATATTTCTACTATTGTAGATATATAGTTTTTGATATCAAGAAATTCAATTTATAACTCATATGATATTTCTACTATTGTAGATTTTTTGTCTTGATATAGTTTTGCTATAATTTATAACTCATATGATATTTCTACTATTGTAGATAATTGTAGTCGTTCAGTCAACAAAAGAATTTATAACTCATATGATATTTCTACTATTGTAGATATTTATTGAATTGCTTTGAATTGTAACATTTATAACTCATATGATATTTCTACTATTGTAGATTGGCCGATATCTGATGACGCAAAAAAAACCAATTTATAACTCATATGATATTTCTACTATTGTAGATGAAGAAACACTAACAGAAGCTGGGGACCGTATTTATAACTCATATGATATTTCTACTATTGTAGATAGGTGCAAGAACCTGATTTATATTATTAAAATTTATAACTCATATGATATTTCTACTATTGTAGATATCAGGACTGAATGTTACTGAATATACATTTATAACTCATATGATATTTCTACTATTGTAGATTCCTTCTTGCTTTTTCTCTTTCGTTTATTTATAACTCATATGATATTTCTACTATTGTAGATATTATTAGGAAGTTGAATATTATCAGCTGATTTATAACTCATATGATATTTCTACTATTGTAGATCAAAGGGGCTGAATGTTACTGAATTTATTTATAACTCATATGATATTTCTACTATTGTAGATGCTATATTATCGTTCTTTTTATATTCATTTATAACTCATATGATATTTCTACTATTGTAGATAATTGAGTGAGTTAGTGATTTGCATTTATTTATAACTCATATGATATTTCTACTATTGTAGATAATCTGATTTCTTTTCTGTCTTTAGATATTTATAACTCATATGATATTTCTACTATTGTAGATATTTTCATGAGAATTCTGATACTGGATTATTTATAACTCATATGATATTTCTACTATTGTAGATGTTTTGAATACCATTTTTATTTTATTAGATTTATAACTCATATGATATTTCTACTATTGTAGATTATTAGGATATAAACTAGATACATAATCTATTTATAACTCATATGATATTTCTACTATTGTAGATTCACACTGTCTTCTAAATCTTTACAAATTTATAACTCATATGATATTTCTACTATTGTAGATTTCAGCTTGCTTGTCCATATTTTCCATATTTATAACTCATATGATATTTCTAATTAAAACAAAAAAAAGGAAGCCATAGTAGGCTCCCTTTTTTTGTAATTGTAAACTCAAATTATTGTTCACAAGCTTCTCACCAATTTGGTTGTTTGTCATCATTTCATTGGAATCCAGCTCATCTATCAAAGTGAACTACTTGATTTCTTCAATTTATATTTTCAACACACCAACTACTAATATCTTGCTCAAATTTTTCAGCACTTCTAAACATAAATTTCATATCTTCTACAGAATCAACATTCCATTCACTTATATCTTGATTAAAAGAACTTGCATTCCAAAACATTTTACTCATGTCTGTAACATTGCTTACATCCCAGTGAGTAATGTTATTTGTATCCCAGAAATCAACCTCATTTTCATCAGAAGAATTGTTTCCTGGTGCGTTTCATCTTCAGTTTCATCTTCAGTTTCATCTTCAGTTTCATCTTCCATTTGAGTTTCTATTATTTGAGTTATTAAAGTTTTTGATGTCTTGAAATAAACCGCTTAAATCTTCTATGTTGGATCACAATTGTAGATCATCTAGTGTATATTGATTTTCATTAGGCTCTCAAGCTCAAGCAAAATCATATTTTTCTCAGTCTTTATCAACGACTTTACCTCATTT
NZ_CP054059.1_gap4	265323	266654	1331	AGGGTCATATATAGTCAAATCAGCACCAAGTTTTTCTAATCTACCCTTTACTTCTATTGAAGGACTTTCTCTCATATCTCAGATGTCTTTTTTGTAAGACATACCAAAAAGTGCTATTTTAGTTCATTTTATTGATTTCTCTTTTTCATTTAAGGAAAGTATTAGTTTTTCTATCAAATACTCTGGCATGGAATTATTAACTTCCCTTGCATTAACTAAAAACTTATGATCAAATCAAGCTTTTTTAGCTCTTTCTATAAGGTAATAAGGATCTACAGGAATACAGTGACCTCAAACTCAACATCATGGATAATGAGGCATAAAAGCAAATGGCTTATTAGATGCTCAATTAATTACATCTACAATATCTAGTCATAATTTATCAAAAGATTTTGCAAGTTCATTTACATAAGCAATATTTATATCACGAAAAGTATTTTCTATAATTTTAGTTGCTTCAGTATGCCTTATGCCCTTCATCTCATTAACTTCTGCATTTAAAAAACTTCTATAAAAATCAGCTATATCTTTTGTTCATTTTTTTGTAGAAGCCCCAACATTTCTTGGTATATTATATACACTCCATTTTTCGTCTCCAGGATTTATTCTTTCAGGACAATGTCATAACTCAAAATCTATTCAAATCTTTAATCATGAACTTTCTAATATAGGTTGTAAAATTTCTTCACAAACTCAGGGATTTATGGTAGATTCAACAACTATATTCATTCATTTGCTTATATAATTACTAAGCATATTACAAACTCACTCTAAGGGTCTTAAATCTGGATTTTTATCGTCTAACACAGGTGTAGGCACAGCTATTAAAACATACTTAGCTGATTTAAGTATTTCTTTATTTGTCGTTGCATTGATTTTAACTTTTCTAATATCTTTTTCTGCTTGCTTATCTTCTATTGGAGATATTTTATTATTAATCAAATTAATTTTTGATTCATCAATATCTAATCCATATACATCATACTTTTCTGTTCTAGCAATAGCACAAGCTAAAGGAAATCAGACATATCACATTCATATTACAACAATTTTATCCATATTGGTTTTTTAAATAAATAAATATTTTATAAAATACTTTCCCACTCATTTATGATTTTTCCTACATCAAAATCTTTTGCTCTTAATTTTGATTTTTCTTTATAATTTTCTCTCAACTCTTCATTATTATAAATCAATTCCATTGCTTCAGATAATTTTTCAGAATCATTTACAGGAACTAATATTCAAAATTCTTCTTTTGAAACATTTTGTATCTCATCAAAAATTTGAACATCTTTTCTCAAAACTTCTTTTGGTCATACTTGGCAATC
NZ_CP054059.1_gap5	269085	272654	3569	TCTTTAGATTTGTTTTGAATATCTTGGATATCAAACATATTGTAAATATTTGATATTTTTTCAGGTTTGATTCAATAATTTTGGATAAGATTTTGAGTTTCTTCTTTAACTATGGTAGTGATATAGTCTGCTTTGGGATATAAAAGTTTTAATAAAGTTTTATACAATTTTGAATTACTAGTATCTATATTGTTTCTAACACTTAATACAATTTTTGATTTATTAAAAAATAATTTACTTACAACATTTGGTAAATTTCATGTTTCCAGAAAAGATAAGCTAGTATCTATATTATTTTTCTTACAATACTTTCTTATCTGCCAGGCTCTTTTGAAAAGCTTGAAAAATTGAACAAAAATACTAAAAGATAATTTCTCATCCAAACATATTTCATCTCATTTGAAATTATACTTTTCTTTTGCTTCATAAAAAGTAAGATATTTAATATTATATCATTTTTCATAAAGTCAATTTCACACCATTGTTGCAGATTTTTCAGCACCTCATCAAACCTCCAAACTGTATATAACAATAAGAATATTTTTCATAAAACACTAAATTTTATTTATTAAATCATCCCACTGTTTACTAATTTTTTCTATGGTAATATTTTCTACTTGCTTAGATATATCAAAAGTTGGATTGTTTTCAAACATATATCTTGTAGCATCAGCAAAAGCCTGCTTGTTTCACATTTCAACCAGTACTCAATAATCAGCAATACGGTATCATTCTACAAGATTAGGTTCATAAACCTCATTAGCCAACAATTCACTTGGTCCACTAGGACAATTTACAGATACTATTTTGATTCAGGAAATAAATGCCTCAGTCAAAGCCCTAGGGAATCACTCATGAGTAGATCCAAAAACAAAAACATCACTATGATAAATGTACTTCAAAGGATTTGATTTTACTCACAACAGTTTTATTTTATCCTCTAGTCACTTGGATTTGATATAATCAATAATTTGACTCTTCAAAGGTCCATCTCACAAGATAAGCCATTGTAAATTTTCTTTTTCTTTTAGTAAAGTTTCCAAACTATCTATCAAGAAAAAATAATTCTTTTGTTCTGATAACCTTCATACTGTTATTAGATTAGTTTTGTTTCCCAAAAGTTGCTTATCTTCTGATGATAATTCTTCTTTTTTTTGTTTGTTTATAAAATCTATATCAAAAGGGTTATAAATTGATTGTATATTTTGTAGACCAAACCTTTTTTTCATATTTTCAGTTATATATTGAGAAACTCATACCACAAAATCAGCATTTTTATGAAAACCTTGAATATATTTATAAACAGGATGATTCTCCAAATAATTTCTAACTACTGTTATAAGTTTAATATTTTTACTAAAATACTTTTTAGTATTTAGTCATACAAGATTAGCATCTTCTGCATTTGTAATTACAAGATCATAATTTTTTGATTTTATTTGTTTATTTAGTAATTTGGGATATTTCACAAAAAATCTATAAAATTTGGTTAATAAATTATTTGAGTACTTATCAGCAAAACTAATTCTATTTAAATCCCAAATATCATATTCATTATCAAAATCATAAAAAGTAAGCAAATCTACATCATATCACATATCAAATAATGATTTTGCTAATGTTCTTGAAGAATTCTCAGCTCATCATCATTCCCCTATATTTGAAACTACAAAAAGAACCTTTTTCATCTATGAAATTTTTCCAAAACTAAAATTTACTGCACTTTATACTCAAAAACTGATTTTTATCAATTTATTTTTTTAATATTAGATTATTATTCTATAAACTTTTTATCTGTAGACATCTTATCTTGGTCATACTTTATCTATATAGACTTATTTTTTTCTTCAAAATCTAATTTATTGTCTAAACTAATGCTGTCAAAAATTTACTTGCACTTATAACTCTAATTCAGGATTTTTCTATATCAATATTCTTGTCTCAAAATATTACTTGAAAACAGTTATCTACTCAAAGCTTGTTTTTATAATAAACTAATGTTTAGAAATTTCTTTTGAAAAAGTTGTTTTACCAACCTGTCTTGGTCAACCTATAAAAACCATTTTATTTTGCAAAACCTCAAGTATATATTTGTTCAGATATCTCATATTTTTAACTAAACTACTAAATTTTCTAGAATTATTTGTTATAATATCCAAAATTTTCTATATTTCAAGTATTTTTATAGTTTTAAATAATTTTTTACCCTGTGAAATAAGATTTAAAAACATTTCACAGAGTGAACCATATTTTCTATTGTAAACTTTTAAACTACTTCTTTGTTTACACTCAAAGTCTTAGTAAAATCAATTTTATTATCCAAAAATTTAATTATTTTCATCAGAAAAAAATCATTGTCCATCAGGACCTCTATGAGCTATCAAATCACCTAATTTTTGAGCAAGATTTTCATCCTTCCAATTAAATCAAAATACTCCGCACATATTTTATATAATATTATAAACTTCTAAATAATTTTTTATCATAATTCAATTTGTTTTGATATGAGAGTAAATTCTTTTAGTTTGTAGGTTTTTAATATCTTAAATTATTAAAAATCCTTCAAAAAATCTCTTATTTTTTCTACATCTGGTAAGTTTCTTTGCAAATCCTCTGATAAATTTTCAAACACATACTCTCATACTGCTAATGGATTTGTTTGTCACTTCAAAGCATATTCTGCAATTTCTTTGTCTTTTGTTTTACAAATCAAAAGTCATATAGTATCATTATCATCTTTCTGTTTAATTTTATCATCAACTATATTTATATAAAAATTCAACTTCCCAGCATATTCTGGCTTGAATTCTCATATTTTTATTCTCTGATAAAACTCTTTCAAACTCTTGGGATTCTATTTTATTTTGTAGTACTCTCTTACTAAGGTGCATTTTGTTTGCAAGTTTTAGATAGTATTCAATTTGAAACTCATCTTTACACTTCTCAAGTATGATAATATTGTTTGACCAAGAAATTTCTTGCACCAGTGGTGCAAGTTTTTTATTTTCTGAATAAAACTCAAAAAATTTAATCATCCTCCATAAATTATCTTTTGAAAATCATTGAATTCAAGGAAATTCTTTTTTCAAATCAGAACTTAAATTCTCTACCACACTTTTTCACCATCAAGAATTATTTATTTTCTCACTTAGCTTTTTTCAAATCTCCCAATAAAGATTGATAAGTTCTTTATTAACAGACCTTAAGGCATTATTTCTTGATTGCTGTATCTTATCTTTAAGTTCTATAAAGAAATTTTTGTATTCAGTTTTTTTGTATTCAGTTTTTTTGTATTCAGTTTTTTTGATATCCATAGTTTTTATATAATTTTATAAACTTTTAAATAATTATCTCCATCCATCAGGAATGCAAACTGTTTCCTTAGAAGATATTTGTATTTGATAAGGCATTATAGCATTTTTTATATCTTCTCATCTTATAATTTCACATTTATCACAAAATTTTTTTATAGCTTTTCATTTAGCTCAAGGAATATTTATATTCACAAACCTTTTATTTTTTCAATATTTTTTGGCTGTTTTGATTGCAGGTATAATATCACTATCTCA
NZ_CP054059.1_gap6	274878	279689	4811	TACTATATCTTTCAGTTAGATCTTTATAAAACAATATATCAAAATATGTTTTTAAAACTTCTGTTTTTATCATAGAGTTTTTTGAAATAACAAGCTCAGGGAAGTTTCAATATTTTAATACATCATTAAAAATTGATTTTATATATCACCTTGAAGAAGAAGAATATTTTTTTTCTTTTTTGATATCTTTAAAATTTAGTATCTCATCAAAATCAAGAGGATTTATAAAATATTCATACACTCTTCCCCTAAATTCAGTCACCAACTCACTTGATAATAATCTTGAATTTGAACCTGATATAAAGATTTGATATCATTGAGTATACAATTGTAACACTAATTTTTGAAAATTTTCTATATCTTGAACCTCATCAAAGACAAGTAAAGGTTTTTTATTGTTTCATAAAGAATAATAGCTATTAATTATGTCTTCAGGATTTATTTCATCTCATTTAAATACAGAAAAATCTATAAAAACTATCTGCTCTATTGAGTACAATCATTTATCTATAAGTTCTTTTATAAACTGAAACATAAGATAGGTTTTTCAAACTCTCCTAGGTCATATAAAAGATACTATTTTATCTAATTCCAAAATCTCTTCATTAAAACTGTAGTTTCTTTTTTTGATCTCAAGATTTTTTAGCCTTTCTTGATTGTCTTTTATGATTTGAGAAAACATTTTGTTATTTATGAGTAAGTAATTAAGTATAATTTTGTTCTTTGCCTATAAAGAATATAACTATTTTATAGCAAAATTCAAGTATTTTTTATATCACCATAAAATCTTTGAAAGTTTGATTTAGTATATTTTCTATAGATTCTTGGATATATTTTTCTGTATTGTATACAGGCATTATCACTGATATTTTTGGCATAGTTTGCTTTTTTAGTAGAATTAAATAATTAAATTTTATATAATCCAATCCAATATATTATAGTGTTTAATTCATTTATAATCACTATTTACAAAATCATCTAGACTAAGTACTATCTTTTCATAATTATCTTTTATTGCAAGTAAATTTCAAAATTCTCTATCTACTACATCTTTGCTTGATAATAGATAACAAACTTGGATATATTTTATTTCATTATCTTTTTTGGCAATAAAATCTATTTCTTTATCTTGCATATTTCCAACCTTGACATCATATCCATCTGCCAACAGATGATTTAAAACAACCAACTCCAAAAGTTTTTCTATGTCCGATACTGGACTAAATCAAGCAATAGCATTTCTTATTCAAAGATCAAAAGCATATATTTTACTATTTATTTCAAGGGTTTTTTTTCATTTTAGGTCATATCTTTGTATATCATTAAACAAAAAAGCTGATTTTGAATAATCAAGATAATTTAAAACAGTATCTACAGATACTTTTATATCTTGAGATTTAAAATATTTTTTTATATTTTGTGCAGTAAAATAATTTCATAATTCCTTAAATAAATACATATTTATTTTTCTAAGTAGAGAAACATTTCTTATCCCAAAAAATTCTACAACATCTTTGGTAAAAACTGTATTATAGATACCATTTAAATAATCATATCTCAAACTTGTGTCATTAATCAATGGAATTTTGGGTAATCATCCAAATTCAAGATATTCATAAAAAGTTTTTTTGTTAGCTTCTTTTTTTGAAAATTGTAAAAATTCTTCAAAAGTCAGAGGGTATATGATTTGTTCTCTATATCTTCATGAAAGTAAAGTTGCATATTTTGATGAAAGTAGCTTGGAATTTGATCAAGTTACATAAACTTTTGCTTTTTTATATTTACTAAATATATCCAATACAAATTTTTCAAATCATTCTACTTCTTGTATTTCATCAAGTCATACAAAAAAGATTTCATTTGTATTTATATTGGATTTTTCAAATAAATCTACTAGATCATTATATGTTTTGACATTGTCAAACTCTCTCCATTCTTTATTTACATAAAATATTTGAGTTTTTTTAAGTTTTGTATTTTTGATTAAATAATCTATTACAGAATACAAAAAACAACTTTTACCAACTCTTCTTGGTCAAACTATGATATTTATCAGTCATAAATCCAAAACTTTATCAATATTTTGAAGATATTTTTGCCTAATTATTACTTCATCTATTTTGCTGAATAATTGTTCCATCATAAACGATAAAAAATTTAAAAAAGATTTTTTGTCTATTATAGTCTATAAAATTTATTTTTCAAGTTTTTATTGAAGCATAAGTTTTGATACTTTCTATCGCTTCTTGGATATATTTTTCAGTATTGTATACAGGCATTATCACAGATATTTTTGGCATGGTCTTTATAAATTATTAAAAAAATCAATAAAGTCTACTATTTCTACACCATCAAATTGAAAATCTCATTTCTTATCAAAATAAACAAGTATATTTTTTCAATCTTGTTTCAAAAGAGGATCTACTTCCCTTTGGATATTTTCTTCACTTAATTCATAACATACTTGTATATTTGTATTGATATCTGGTAAATAAAAATCTATTTCATTTAGATCAACACAAACAGCATCCTCCCCAAAAAAACAAGCTTTACACACTCCAAAAATTTTTGAACCTATTTCATCTGCATCCATATCCTATACATTATCAAAGCTGCTTGATATCTGCTAATAGGCCTATTTTGTGCCAATAGATCTTCTTCTTTGGTTATTCATATTTTTTGGGCATAATCAAAATAATTTTCCCACCATACCATACCACTTTCTTCTATGCTCTCTCAAGAAATAGCTCTTATCAACACAGCAAAAAACTCTGCTCTAGTCATATAACTGCTTGGATAAAATCTGCCATTTGTTCATCTCATGATTGACATTCTACAAATTGACTGGATACTATCTACCAAAGTCTCATCAGCACCATCAATATCTTCAAATTCACAATGATTATCTGACTTTTCTAGTCACACTATCCTTTCTGCAAAGTTGGATACAAAATGAGCTGCCTCCTCTCTTGTTAGATAAAAATCAGGCCTATACTCATATATATTATTAAAACTTGTAACACCATAAGCATTCAAAAATCAGATAGAATTTTCAAACTCTGCATCATCATATACATCCCAAGCTTTAATATCATTATAACTATTTATTATTTGCACAAAATTATTCATATAGTTTAGAGCTTTTTCTCTTGGTTTAGTTTCTCAACTTTCTTGATAAATCTTGAAAACAGCCAAAAAGTTGTTGTAATAACTTACAAACTCTGCCAGATCAAATCATGAAACTCTCCTAGATTTCAACTTATCTACGATTTGCTTGTTGATATTATTTATTGCCTGCTGGGTAGCTTCAGAATCATACTGAGGCATCTTTATCTTCATTGAGGATAGATTGATCTGTTTTTCTAGTATTGATGAATGAGCTTGGATATTGGATATCTCTTCATATATATCATCTGCAGACTCATACTGCTTTTTGTCATCCTCCTCTACAGATTGGTAATCTTGATCAGATAAGTCATCATCTTCTTCGTCATCAATTTCATCTTTTTCTTTTTTATCATCTTCTGGAGGAGCAACAAATCAGCCTCCTCATCACCCTCATCCAGACGATCAAGATCATCAACCTGATCATCAAGAATCTTCTTGTTTTTTATCCAAACTGATTTGTATTTCCTTGTCTCAGTCAAGCTCTACTGTTTTTTCTTTCGTATCGTATCAGTCTTTTGTCAGTTTTATATCATAACTTCACTCATCCAGATCAAAAATCACATTGGATCAAGTTTTTGTTGTAGATCATATTTGTATTTTTGCATCCAGATCGTCTCATTGATCATCTTTCACAAAGATTTCAAGCTCATACTCCAAAGAATCAACAACAGCAAAATAAGAAAGCTGATTGGTAAAAAATCTACAAACTTTACCTTCTTTTAATTCACATTCAGCGTCTATTTTGCTCCAATATTTGGCATCTGTAGATCTTATTATATCATAAGTTTTTCATACTTCACCATCTTCTACTTCAAAAGAAATTTCAAATCAATTTTCAGTATCCGATTTCAAACTTACTCCAGTATTTGCTCAAAGTTTTTTCACTGCTTTTACCCTATCTCAAAGCTTGCTTTCTCAGTATTCAATTTCATCTTTATTTACACCTGATGCATTTTGAGGCGGCTTTATTACTCAATCCCAGTCTCATTCTGGTTTTATAGCTCAGTCTATATTTAGATAATTGTTGGATTTTTTTGAAGACTCATCCAATTTGGTTCTTACTCCTATTCTTCATAGATCCTCTTTTTCTCCAGTAGCCAGTCCACCCGAGAAAACTACTGATCAAGTATTTGTCCAAAACTCTTTCCTTTCTTTTTCCAAACCAATATCAACTGTTTTATCACTATCTACAATCTCAAACTCTCATGTATATGTTTCATATCATTCAGCTTTGATCTCAAACTCATAACTTCATGCTTCTACATTTTCCAAATCAAAATTGTCATCTCAATCTACTTTTAGATTATATTCTACTTCTTCTGGACTTATATTGAATGTTACTTCATATGTTTCTGGCTCTACTGCTTCTCATTCAAAACTCACTGCTCAATATGTAGCTACATAGCGAGGATTTTGGTTATAATCAATATCAAAATCTTCAAGTTCTATTCAATAATTAATGCTTCATTTTTTTAGCTCATCATTAATTGGTTCATAATTAGTATTATCAATATAGTTTGATACTTCATTATAATCTCTTGTAAAATTGTCACTTTCTTCTACATTTGAATGTAGGCTAAAAGGACTATTAGCAAAAACTGCATTTCATTTAACTATTTGTTCATAATCTGTATTTACTCATC
NZ_CP054059.1_gap7	297979	299417	1438	ATTTTGCAAATACTCTACAGTCTTACTACCTGTTTTAGTAACATCTACTATTCTTGAATATGTTATTCTCTCAAACTGTTCTCTTGAATCTTTATACACAAAATGAGATTTTAACACAGTATAAACTTTTTTCTTTTTTGGAAGAGGTATTGGCCCCTTTACTTCTGCTCAAGACTTTGTTAGCAGTCACATTATTTTTCAAGATGCTGATTCCAAAGAAGTCAAATCATAACTTTTTAACTTTATTCTTAACTTTGGTTTTGTATTCTGTGCCATCAATAAAACTTAATTTTATAAAACACAAGAAGGACAATCACAGTCCTTCTTATGAAAACATTATTCAAAAACAATTAGTCTTCTACTTTTGTAACAACTCCTGCACCAACTGTCTTACTTCACTCTCTTATTGCAAACCTCAAACCTTCTTCCATTGCTACAGGATAAATTAGCTCTACATTTATTTTTGCATTATCTCATGGCATAATCATTTCTGTACCTTGTGGAAGAGTAATTGCTCAAGTTACATCTGTTGTTCTGAAGTAGAACTGAGGCTTATAACCTGTCATAAAAGGAGTATGTCTTCCTCACTCTTCTTTCTTCAAAACATAAACTTCTGCTTCAAACTTTTTATGAGGAGTCACACTACCTGGAGCAGCCAAAACTTGTCATCTTTCTACCTCGTCCTTTTGAATACCTCTCAACAACAAACCAACATTCATTCAAGCCTCAGCTTCTTCATGCTGCTTATGAAACATTTCTATACCTGTAACTGTTGTTTTTCTTTTTTCTTCTTGAATACCTACTATTTCTACATCTGTATTCAACTTCATCACTCATCTTTCTATTCTTCATGTAACAACTGTACCCCTACCTTTAATAGAGAAAACATCCTCTACTGGCATCAAGAAAGGTTTATCATTATCTCTGTCTGGCATTGGTATCCACTCATCCAATGAGTTCAAAAGATCCCAAATAGGTTGTGAAGCTGCTTCATCATTAGGATTCTCTATAGCCTTCAAAGCAGAACCTTTGATTATTGGAGTATTATCTCCATCAAAATCATATTGACTCAAAAGATCTCTTATTTCTTCTTCTACCAACTCCAACATTTCTTCGTCATCTACCATGTCTACTTTATTCAAAAACACAGTAATTGCTGGAACATTAACCTGTTTTGCCAAAAGAATATGCTCTCTTGTTTGAGGCATAGGTCCATCTGGAGCAGAAACTACTAGTATCGCACCATCCATTTGAGCCGCTCAAACAATCATGTTCTTAACATAGTCTGCATGTCATGGACAGTCTATGTGAGCATAATGCCTATTGTCTGTCTCATACTCCAAATGAGCTGTATTAATAGTAATACCTCTATCTTTTTCTTCTGGAGCCTTATCTATATCTTCAAACTGTAATGCTTTTGCATAACCCTTTTGAGCAG
NZ_CP054059.1_gap8	306829	308645	1816	TTCCCAACCGTTATCTTCATAATAAATATTTTCCACAGTGTTATCTATAGTAGAAGAAACAATACCATCTTGTATAAGATAAGGAGTAAGAAAACTAAATTTTGTATACTCATTTATAGATTCATCTGAAGTATTCACAAAACTAGATCAATCACAATATCTCAAGTTAGTTATTTCATCTAAATAGATAGTATGTTCTCATAAAAAATCATCATCAAAATCATTGCTTGAGTCTGCTTTCAAAACAAAAGCTCAGTCAGGATCATCTCTAAAATCGTGAAATAAATTTCTACCAAAATCAGAGTCAATTTCATTACAATTAATAGATGTTGAAAAAACTTCTCAATCTCTATTTTCTATACTAAAATGACAAGTTGCTTGATTTTTATCATATTTTGATTGAACTCAAGAATAACAACTATTAGTAAATATATCATCCTCAAACTCCCACCAAACCGCAAAATACTCTCAATACTGCAAACTATTTATACTTTCTAAATCTACATCTATCTCTGCTGACAACACATCTTCAAATTCTGCTCTTTCAGTTGTATTAGAATTTAAATCAAATCTACAAGTAGATCACTCATTTTCACACTCACCTCACTCCCATCCATCAAATTCATAACCTGAATCTGAATTTGCTTCCAAACTTATATCTGTTCATTCTTCTATATTCCAACTACCTGAATCTCATGATGAAACGACATAACTATTTCCTAAAAACTCTACATTCACTTCTCATCACTGTCAACTTTCCACCTCTAGTTCATATTCTATAACCTGTTCTTCAAAAGATGCCGTTATAGTTGTATCTTCTGACAAACTAAAATCACAATCAGGTCATCAACTACACTCATCTCACTCCCATCCATCAAATTCATATCACGAATTTGGATCCGCCTGCAAACTTATATCTATTCATTCTTCTATATTCCAACTATCTGATTCTCATGATAAAACAGGATAACTATTTCCTCAAAATTCTACATTCACTTCTCATCACTGTCAACTTTCCACCTCTAGTTCATACTCTTCTGGTGTTCAACCATTTCCATCTTCTTCAAACTCTGCTATTTCAGTAGTGTCCGAGTACAACTGAAAACTACAATTAGTTCATCAACCACACGTTTCTCAATCCCATCCATCAAATTCATATCACGAATTTGGTTCTGCCTGCAAACTTATATCTGTTCATTCTTCTATATCCCAGCTATCTGATTCTCATGATGAAACAGTATAACTATCTCCTCAGAATTCTACATTCACTTCTCATCACTGTCAACTTTCCACCTCTAGTTCATATTCTTCTGGTGCTCAACCATTTCCATTACCATCTTCCTCAAAAACTGCCGTTATACTTGTATCTTCTGACAAACTAAAATCACAATCAGATCATCAACCACACTCATCTCACTCCCATCCATCAAACTCATATCATGAATTTGGTTCTGCGCTCAAACTTATATCAGACAATGCTTTTATATCATTAAAATTGGTACTTTCTGAAATAATTCACTCATTAGAATCATCAATTTCAATTTCTACAGTTCATCATCATTCAATATTTACACCTAAATCATATTTGATTATTTGACAATCCAAATTGCAAGTATCCTCATCCCAATCAGGATGATTAGGGTCACATTCTTCTCACATGTCTTCATTCAAATCAGTATCTTCTCATCAATCATGTATCATGCCATCTCCACACCAACGTATTACAAAGTTTGCACACTGCATGTCAATATAATTTTCTTCTATATCTGGGTCATCAAATAAGTCTTCTCATACAGAATATAAAGTTGCTGCTCTT
NZ_CP054059.1_gap9	320492	323349	2857	TTTCAATAGGTTCAAGCTTTTTTCAGTCTTGCTCCTTCATTATCACCTGAGGAGATCATACCTGCAACTCAAATCATTCTCTTCTCATATCTTCTATCAAAACTCACAAATGCAATTCTCACCTTCAAGATACCACAAACTTACTTTTGTCAGAAAAATCTATCTGCAAACCTACATTGGTTTCAAGCTCTTTTTCTAGTCTTTCTCATATCTGTCTACTGGTAACATACTTACCTTCTCTACCTGCAAGAGGAGAGTCATTCACCAAAAACTCCATAGTAAGAGTAGGAGGATCTACACTAATCTCTTCAAAAGGCTCAAAATCTCATTCACCCACAGTCTCTCAGACAAAAATATCTGAAATACCTGCTATTGTAACAATATCTCAACATTTTCATTCTTCAGTTTCTACCTTCCCAAGTCACAAGCTATTGTATATCCTACTAATTTTTCAGTTTCTTGATTCATTATCACTATTTTTAATGACAACTTGTTGATTTTTCTTAACAGTTCATTCATATATTCTTCATATTCACAATCTTCAAAGATGATTATCATATCCAAGATTTGTAATCTGCATTTTCAAAGACTTATCAGACTCATCTTTGGCTGTAGGCACAAGATCCATTATAGCATCCAACAATGGTTGTATATTGTCAGATTCATCTTCTAAATTTTTCTTTCATATTCATTGTTTTGCTATTGCATAGAAAACAGGAAAATCGAGCTGCTCATCAGTTGCTCAAAGCTCTACAAACAAATCAAAAAGCTTGTCTTCTACCCAATCAGGCCTAGCCATAGGTTTGTCTATTTTGTTCATAACAACTATAGGCTTAATTCAAAGTTCCAAAGATTTCTTAAGAACAAATTTTGTCTGTGGCATTGGTCATTCATAAGCATCTACTACCAACAAAACACTATCTACCATTCTCAAAACTCTTTCTACCTCACTACCAAAATCAGCATGTCCAGGAGTATCTATAATATTTATTATATGTCATTGATAGTTTATTGCCGTATTTTTGGCATAAATAGTAATTCATCTTTCTTTTTCTTGAGCATTTGTGTCCATTATACAACTGTCTTCCATTTGTTTCATAGTTCCTGATTGCTTCAAAAAAGCATCTACTAATGTTGTTTTTCCGTGATCCACGTGAGCTATTATAGCTATATTTCTAATTGACTGCATAAAATATTTATAAAAAATAAAAAACCAAAAATGGTTTTGGATAATACAAAAAATTCCAACCCATTAATACATTCATAATATTGAAAAAAGATTTTTTTTCAACAATGAAATTAATCTTTTCTTTCTCATGATCTAAAAGAGTAAGACTCATTTCTTTGAATGCTATCAGAAAAGTCTTCCAAAGATAGGTTTCAGTTTTTCAAATCATTTCAGATTTTGTATCTATCCAAGTCTAAATAATCTTCAACCTTCCCCATTCATTCAAGGATATTTTTTACTTTTTCTTTGTCTAAAAGTTTGTAGCTAACAATCTTACTAAAAGTAACATAAAATTTTTCTCAATAAAGTCTTTTTAAGTTATGGTTTTCAGCGTAATTTGCCAGTATTTGCTTCAAATTTTCTTTTTGGGATTTTATATCATTTTCTTGTTTTGACAAACTTGCATACTCATCTACAAAACTTTTGAGTGTCTTACCACCAAAATCTGGTAACTCTTCATCATCCATTCCTGAATGAGAAAACAAAGGACATATAGATTGATACTCACAAAATCTACATCATTGATTTTCTACAGGCTCAAATTGTTCTTTGTCTCACATATTAAAATAAAACCTTTTATTTTGTATATCGTCTATTATTTTTTTGTATTTTTGCACCACTTCATCTAACAGTTCTTTGGTTATCAACCATTCGTCTTCTATTTCAAAATGAAGAAAATGTAGCTTAGCTCTTACATTATCCATATATTTACCATACTTTTGCTGAATTCATAAACCATATAATGTTAGCTGCTCAATATATTCTTGCTTTTGTTGAGTTGGTAAGTTTTTATTGGTTTTGTAGTCATTGATCACAAAATCATTTCAAACCTTATCAAGCCTATCTATTATTCATCTAAACTTGATATCTTCATCTATATCAAAGTATATATTTTGCTCTGTGCTAACAACTTTTATATTATCAAATGGTTGATTTGTTTCAAAATAAGTAGTAATATACTTTTCTCACCTTCTGATAAAATCATCAAGTTCACAGTTGGTTTTTATTTTGATTTCGCTTCAATGCTCTTCAAAATGCTTAATTTTTTGTTGCCAAAGGTTGTGATAATAATCAATAAGTTCATCAAGTTGAACTTTCCTAAAATTGTTCACATCCTCATACAACTTTTCTAGAGTCTTATGCACAATATCTCACAATGCAAGATCAGCTGTTTCTTCTTGCTGTTGTAGTTTAATTTTGTCTATATACTGGTATCTATATTTTAGTGGACATTGATTGAATACTTGTACCTGAGAAAATGAATATATATTTGACATCTAATTTATTAAAACTGATAAAACTTTTTCTTATAAAAATTAATATATATTTTAATACTTTTTTCAAATAGTTTTTTATGATTTCAAATTAGGTTTGACTTAAAAAACACAATAAATAAAAATAGATAATATTTAATAAGTAAATTTAAAAATAATGCTAATAACTCCTGAAGAATTAAAACAAGAAATTAAACTTTCAAAGGAAGAAATAAAACAAGTAATCAATCACCAACAACAAATATCTAATATACTAAACTGAAAAGACTCAAGAAAATTGATAATAGCATGACCTTGTAGTATGGATTTTAAAGAATCTATAATAAACTACTGACAACAACTTAAAATTCTTCAA
NZ_CP054059.1_gap10	327962	330950	2988	AACTCTAGAAAATATTCAATCCTGCTCATAAAAAACTACTTCTTCTGGAGTTATCAATGCAAAATCCATTTCATAGTCTATAAATCTTTTAAAAATTTTCCGTCAGGCTATCAAAAAACTTATAAAAAAAACTATCCATAAAAAGTAATTAAACATTTGATTGAAGTATTCATCTCATAAGTCTATCAAATATCAAACATAAAACCACAATCAAACAAACATCAAATATCAAATCAAAGGAATTATGACATACAAAGCTAAAAAAACATTATTCTTAAAAACTATCATAACATCTTCCTTTCAATATGTGTCTGCATATTTATTAAACATTTTGTTTGAAAGATTAGTATCAAAATTTGAAAATATTTTCATTTTTAGCCACTAAACAATTAAAATTCTCTATTATTGAAAATAATAATAGACAAAATAAGCAATAATGCAACATATATTAATGTATAAAAAACAGAAAAAAATAATTGTACATTGGATATATTTTCAATCAAAGGTGTATTTAATATCTCTTTTATACTAAGAGCAGTGAAGTTTGGGAAAACAAAGTAGATAATATTTACAAGCCACTCTCAAAAAGCAGTAATTGAAACCTTTCATGATTCTATCATATAATATTTTATAAACGAAGTAGAATGTCATATTATATAAACAGAAAGAGATGCCAACAATGACACAAAGGGAGAAACAAATGTAGAGAAAAAAACAATAAATCAAAGTACAAAAAGAATTTTGAGAAAACTAAAGAACAAAGCCAAAACCATTGTAAGATCTATTGCAATCGAATGCAAAAATAACACTACAGCAAAAGCAATACCCAACAACAAATAAACAACAAATAATATTCAAGAAAAACCTAAAAATTTTCAAAGAATAAAATTTGCTCTAGAAGGAGCTTTGGATAGTATCATCAATATTGTGTTTTTTGATAATTCAGAATAGAGTAGATAAGATCACATAAAAAGAGTAACAATCAAACCAAATATTTCTATCACAGTTAAAGAAGAGTTAATTATGATTCTTTCTTCTTGCCTTACTGCCAATGTAGAAAGAACTATACTTCATAGAATCAAAACTACTCATGCTCATATTATTGTGTACAATATTTTGTTTCTTATAAATTCTTTGAATGTATTTTTTGCTATTGTATACATAATTTATATTGAAGTTCTAAATTAGGAAACAGCTCCATTAACATCATGAAAAACTTTTATTTTCTCTATTTTTCATTTCTCATCATCAACTTGCTCAACCTTGAATCTCAAATTCCCAAAATCTACTACATCTCATTTTTTAGCAAAATTTTTCAAAGATGTCAATATCACATAAGATATCATATCATCATGAGATATTTTTTCTTCTATAGAATCTGGAATTTGTAGTTCTTTTATTTGGAAAGACATCAATATCTCCCTCAGAGGCACATCTCATCTTACCAAAAGCTCATCTACTCAAGTTTTTACTATATCTTTTTCTTCTGCAAAATCAGATTCATCCTTAATATCTCATACCATATCCTCAAGTATATCCTCAAATGTAACTATTCACTCAGTTCATCAATGTTCATCAACAACTACAGCAAAATGATGTCCTGACCTTTTCATCTTCAAAAAAACATCAAATATATTTGCAGTAACTGGAACTTTAAAAACAGGTCTTAAATGTATTTTTGATAAAACAATCTCAGAATCCTTTCAATTATAGTAAGTATTCAAAAGCTCTCTTATACTAAGCATTCCAACGATATGATCCTTATCATGCTCAAACACAGGAATCCTTGAGTAAGGATTTTTCAAAGTTTCTCTAATTGCATCACTTACAGTTGTATCTACAGATAGAGCAAAAACTTCAGTTCTGTGCCTCAACACAGACTCTACACTTCTTTTATTGAATTCAAAAAGATTCTTTATTATCATACTTTCTGTAAGTGAGAATATTCATTGGGTTTTTCATTCATCCACAAAAACCTCTACATCACTTCTTGAAACCAAATCATCGTTGGTATTTAACGATTTATTTAAAAATTTTGTTATAACATCAAAAAACAAAACCACTGGAAACAGTATTTTCTCAACAACAGCTACTACCGGAGAAATAAATAAAGCATAATTCAAAGCAAATTTAGTAGCAAAAACCTTGGGAATTATTTCACCAAAAAACAATATCAAAGTTGTAATAACAACTGAAACAAGCATAAAACCAATAGCTCAACTTATTGCAAAAACTTGTAATATTTGATTTCATACATTGGATGCATATATTGTAAGTATTACATTAATAAGATTATTACTTACAAGAACTGTTATCAAGGTTCTACTAGAATTTTCTCTCAAATGTAACAAGAGGTTAGCAAATCTAGATACATTTACAAGCTGCTTTATTTTGTATTTTGGAGCAGACATTATTGCAAGTTCTGCTGCCGAAAATGTTGCCGACAACATCAACAACAAAACAACTATTATCACCGCTTCCATATACTAAAAATATTATATCTAAAATCGATTAAAATCAGGAAAAATTCTTAATGAAACTTTTCATAATATGTCTTCATCTTTCAAAACATATTCTGTTCAATCATAACATCACAAACCAAAACAGCATCTAGAATCTGTGCTTTGATCTCTATTATCTCACAAAACAAAATAACCTCAAGATCACACTTCAAACTCATCTACATTACATTCTGGACCTGTTACTCATTGATTTTCTAAGTATGGCTCATCTAGCCTTTCACAATTTTCTCAATCTCAATCACATACATACACATATCAATCATTCAACTTGATGGTTTCTCAAGGCATTCAAATAATTCTTTTTATATAATTTACATCTTTTTGAGGTGGCACAAATACTATTATATCTCACCTTTCAAAATCTGAAAACCTTGGAGATATTTTATCTACAACTATAAAATCTCCCTCCTTGAAAGTTGGATCCATACTATGACCCACCACAGTAAAAGGATTAAACAAAAATATT
NZ_CP054059.1_gap11	341451	344591	3140	CTTGCTTTCTCAATTCATCAATCTCATCAGCAGTTTCATAAGCATAATATGCTTTTCATTCATCTATAAGTTTGTCTATATATTTTTGATATATATCAAGTCTTTGCATTTGATGGTATGGTCAAAATTCATCTTCTTTCTCAGGTCATATATCAAAATCTAGTCAAAGCCATCTTAATCCATCAATTATATCATTTTCAAAAAATTTGGTTGATCTTGTGTTGTCTGTATCTTCTATTCTCAAAACAAACTTTCAGTTGTTCTGTTTGGCAAAAATGTAGTTGTAAAGGGCACTTCTAGCAGTTCAAAGATGCAAACTTCATGTCGGAGAAGGAGCTATTCTTGTTCTTATCATTTATTTTTCAAGATATCTTATAAAATACAAAGTTTATAAATATTTCAACCACAATTTCAATAAATTTTGGTTGTGTTTGCTAACCAAGTAAAGAATCAAAATTTGATTTTACAGTTGTTTTAAAATCTTCTAAATCCATATCCAACAATTTTGCACAATAATCATAAGTATAAACCACATAAGAAGGTTTATTGAGTTTTCATCTCATTTTTTGAGGTGCAAGATATGGTGCATCTGTTTCCATAAGTAAGTTTTCTTTTTTTGTCTTCAAAAATGATTGCCTAACTTGTTCTGCTTTTGGGAAAGTAACATTTCAAGTAAATCAAATCCAAACATTTTCAAAATATTCTTGTAATCTATCTACCTGATCTGGTCAGTATCACCAACAATGAAAATAAATTTTCAAATCAGGAAAATCTTTCAACACATCAAAAGTATTATCAAAATCGTCTCTTGAATGCACTATCAATGGTAGATTATAAAAACGAGCAACCTCACACTGCATACGAAAAAATTTTTTCTGACTATCAAGAGATTTTCATCAATCATAATGAGTATCTATACCACATTCTCCAAAAAATGAAATATATTGTCTATTTTCAAAAATAAACTTTTCAGCTTTTTTGATTAAATCATCAAAATCCAAATCCTGAATATCACCCATACCCACAAGTGAAGGATGAAATCATACAGAAGAATAAAGGTTTACAGTAGTTTTATTGTTTTTTTGGATATCCAAAGCTTTTTGTGCCCGATCAATATCTATTGCAACATTTACCATATCTTTTCAGCCTATATATTCAAACTCTTCAATATATTTATCATAATTTTCAAATAATTTTTCACTATTTAGATGAGTATGAGCATCAATATACATACTTTCACAGTTTTATTTTTAAATCTTGATATTTGAGGTATAAAGCATACCTACAATATTCTTTGGATGTTTGGGGTATGAACCATACCTACAATATTCTTTGGATGTTTGGGGTATGAACCATACCTACAATATTCTTTGGATGTTTGGGGTATGAACCATACCTACATACCAAAAGGATTTACTCACCAAAATCTTGCTAAATCCAAAAATATTATATATATTCCCAAAGACATCAACAACACAAAAAACAAAAGATTCATATATCATTCTACTACAAAATATTTTTCCGGTTTTAGTTTTCATACAGATTGAATTATAGCACCTACTAGTCTTCATCAATCAAGTGCAGGTATAGGCAAAGCATTAAATATAGCCAAAGCCAAACTTATCATTCATCAAAATGCCAAATATTGCCAAAATCAAAACTCATCAAGTATTATTTCTCAAACTTTTACAGCTCAGACAGGTCAGGCAAGATTTTCTACTGCATCCCTTGCTTTTTCTCTTTCAAAAGTTATCAGTTGAGAAAAAATATTTCCAAGCACATGAAAAGTAAGCCTTGTTTGAGCTTTTATCTCATGAGCTCAGGCGGCCATTCATCACCACAATCAAAACTGCATAGGCAAAACTTCTATATCAGAATACTGCTTCATAGCTATTCAAAGCAGACACCTATCATACTGACATTCAGCCTTTTCTTCATATTTTTGTCAATCTTTTTCGAATCATATCTGAATTTCTTTTCATATATTTTCCCTAAGGACAGATTGAAGATTTGAAGTATCTACCTCTTGTCAACTAATTGATGTTATCACAGTTCAAGACATAATACCCACATCTTCAGCAATACTATCAGGCAATACTTGCTGTACTTTTATGGGTCAGTGCTGTACATCTCCACTAAGCAATCATTGTCTATCCAAAAAATCCTGGGTAGGCATCATATAACTTTCTGGATCTATACTTAGCATACTTTCTGGGACTATACTAATTGGCTCTATTCATTTCCAAAATGCAGCTGTGAAAAAAAGCCATGCAAACAAAAGATTTACTGCTACTCATCATACAAGTATCAGTACTTTTTTAAAAAGGTTTTGTGTGATAAAACTATCTTTGGCATGAAAAGTTTCTGTATCATCAGGATTTTCTCATTTCAGTCTTACAAATCATCACAAAGGTAACCAATTGATAGTATATTCAGTTCAGTCTTTATCTTTATAAAAAGTAAAAGCTTTGGGAGGTATTCAAATTCAAAACTCCAAAACTTTTACTCATGATTTTTTGGCAGCAATAAAATGTCAAAACTCATGTACCACTACCAAAAACATAAAAAGCAATATTCAAGCTATTATAGCTGTCCACATAATTTATTTTAATTTCTAAAATAGTAAGTTGATATTATATTCAGTATCCGACAAAATTCAACTTATTTATTTGCTAATCAGATCTTTTCAAATACAAAAACAAAGCCAAAGCAAACAAAAACATAAAAGGATACACAATCATATTGTCCACAAAACTATGCAATACCATACCCTGCACACTCAATCACAAAATACCTACAGAGAAAGCCAACAAGACAAATAAATATTTATCATTTTTCCTATCTTTTTCTTTGGTTTTGAAAAAATAATAAAACCCTACCAGCACAAAAAACATATATATCAAAAACCAAGGCAAAAAACCTACAATTCAAAACTCTACCATAATTTGAAGAAATTGATTTTCTGTATTAAACTCTTGTCAATCTCACCAATGAGATGCAGGTCATACATATCATGCTCATTGTCAAAAAATTGGTTTGTCTGTAAACATATCCCATCATATCAAAACTTCTTGAATATGTCAAGTATTTGATCGCTGCCTATCCACTACATGATCATAAGCAAAATATACAATAGCACC
NZ_CP054059.1_gap12	345698	350632	4934	ACCCACCCTAATATCGATAAGATAAATCAAAGAAGACACAAGTCACCCAAAAGCTAGAGCACCACTATCTCACAAAAATATTTTGGCTGGATTTATATTGAACCACAAAAAAGCCAATGTAGCTCATAAAACTACTCATATCACAGTTGTTGCCAGATACCATCAATAGAAAAATGTAATTATTCACAACACAAAAAGCACAATTATCATCAATCATCATACCAATCCATCAAGTCAATCTGTGATGTTTATAGCATTAACAATAGTAACAGTCAAAATAAAAGTAAATAAGATATAAAAAAATCACAAATCCACAGTTCAAAATAAAGGTCGCAGATCAATATGAGAAACTCACAGTCTAAAATAAAACCAGTAACTTATAAATGCAGAAAAAAGAAACATCCAAAGTATTTTCATTTTTGCAGTAAGTCATTTTACTTTACCAACTCATTTGATATTCAAGTAATCGTCTATAAGCCCAAGAAATCACATGCTAAAAAAAGCAAAAAGTATAATATATGTTTCTGACCTTTCCACTAAAGTAAATGTAATAAGTCAAAGCCAGTTTAGAACATAAGAAAAAAGCACCAATACTGCTACTACAAATATTATAAGTCATCATCACATAGTGGGAGTTCAAGTCTTGTGTTGATGAAGTTTAGAAAATATTTCAGCTTTTCATCAGCTTGTACTGTCCTCACGAATAGTTTTTCAAGCTTTTATTTTCTCCAAAAGCTTGATATACAAAGGATACAATATTAAAGATAGAAAAAAAGCTAAAAGTGAGTATATTATTATATCATCAAGTTTCAACAACATAGCTTATGATATTAAATTTTTATAAAACATATTATAAAGTTTTTTATAAAGATAAAACTTCAAAAATCAAATGAAAAAGAGTTATAAAATTTGCTTTTTTTGAAAAGTTTGGTTATAATTTTATTATAAATTTATAAAATAAAAACAAAAAATGAGTATAGAACAATGGCATGAGTCAATTGAAGAAACAGATCAACAAGAAGAAGCAGAAGCTATTGATCAACAATTTGGAAACATTCTGAGAGATATAAATCCTGATTTATATCAAAGTTTTGAAGAAATAGATTGGGATAGCCATGAAACAAGAAGACAAGTAGAAGAATTCAAACAACAAGTAATAGATAATATTCAAGATTCTTGAAAGGCTGAAATATTATGTAATTTTGTAGATGAACTAAGATGAGTTGAACAAGAACTTGATGAATGAGTACAAGAAATTTTAAATGAATCTATTCAAGCATTAGATTGAATTATAGAATGAAATCCCGAAGCAAGACTAAAAGCCATAGATTTAAATGGCGATATAGAGTGAGGAAATATAGGAAATTTTAGCAAATTTGTTGAATTTTTAAGTGAACAAGACTCTCCCGAATACGACGAAATCAAAGAACAATTTGAAAAAGATATAAGAGCAAGTTTGGAGGAATGATTTAATATAAGGTGAGATAATAGTTATGAAATTTTGAAGCTAATGTTGAGCTATTTGGATGAATTTGAGTCAGACAATTTCCCCGACAATTATGAAGAATTCAAAAATAATGTAGAAGATGGAACAAGTAGTTTTTGATTTAATAGATGAGATAGATGGTTTTTACAACTAGACAGCTCTAGAGGTTCCAACCTAAAAGTATATGACCATGTTAGTACAGCTTGGTCTTGAGCACAACAAAGATTTGAAAAAGCATGATATATTTCTCCAAATTGAGAATTTGTAGATGATAGAGACAGAGGAGATAAAATAGATAACCAATTTGCTGATCACCACACAAACAACATTGATTTTTCTGAAACCATAAGCAAACTTGAAGAATTAAGTAGTGGTTCATGACAAGAAACCAATTTACCTTGAGGAATACCATGAGTGTGACAAATACTAGATATTCCTCCAGAAACTTCACCAGATGATTCTCCAGAAGAGTTATCATTAAATAACAATATAAATATTCCTCATACATGGGTTGAACAACATATACACTCACACATGGACTGAAATTTTGACATACAAAATCCAACCAAAGAGGATATTATAACAATTTTAGAAAGATATGATTGACAGCACATAAATACTTCAAATGACGATCTTGAAGATAGTGCTCAGATGATATATGCATTACAAGTAGCAATCTCAAAGTATCTTCCAAACAACACTCTATGAGATATAGACGGATTGTGGTGACCAAATACACAAAGAAATCTTGCTGATTTACAAAGCGAAATCTGATACCCTTGAAGTGGTTTTCCATGACCTAATACCACTCAAGCATTACTTGAATATATGAGAAACCAATAAGTATACATCAAAAAACAACTGGAATATTACTTCTAGTTGTTTTTTTGATTGCAAAAATTGTATGAACACATATTTTTACAATTTTTAACAAAAACTTCCTATTTATAATCATGCTTAGGCTTATATTACAAAAACCAACAAAACAACACCCAAAAACACTGTTGAAAAATCAACAAAATATCAGACAATTAAAAAGCCTCAAATAATATTTGATAAACTAAAAACAAAATAAGAATTGATTCCTTTAACAACAAACAATACCCTGAAGTTGCTGACCTCATATCTGAAGCTATAAAGTTTGTAGAAAACAATCAAGAAATTCCTGAGGAAATAAAAGCAAAGCTTGAAGAGATAAGTAGGCTAAATCAGCTGTACAATAAGTTATAATTATTAACTATAGTTTAAATCACAACTCAAAATAGTGTGTTTTTAAGTTCAAGATGGATCAATTCTCCCTACACTTCAGTCATCACGTATTTGATAATCCATTCAGCCAATACTTACTGTTTCTCACAGTAAAGATATAGGATCTCAACCAACATCCTTAGCAACAGAAGCCAAACTTCTCAAGTCTTCCAAATTGTTTTTATAATCATATGTACTCAAAGAAATATCTGATCAGTTTCAAGTAAAATGGAACGCTACTCAATCTCTTGTATAAACTCAAGCACCATCTATTTTTGAGTCATACCTTCATCTTTCAAGTTCATCCTTCAATCAATTCAAAATTCTTGAGCTTTCATTGTCTCACTGAGATTTGGAGTTTTCTAATATTCATTCAATATTATGTCATTGCTTAGAAAACTCTGCAACAACCTCTGGATCTGTAAGAGCAGCATCTAATGTGCTAAAATTCCAGCTATCTTTATGAGAATTGATAACTGAAAGTATATCATCTTTGTATTCATACAAATTGAGTCATTCATTAGTAATAAAATTTCACAATTCATGAAAATCAGCTCAAACATCATCACCACCTTGTGATGCAGCAAATCAAGAGATTTGCCTTGAATTGTATCTCCTTTCTCAACCCAAGGCTCATGATATAGAACTTGAAGTTTTGTTTGCAAAATCTCTCAAAGCTCATTGAGTATACTGCTGTTCTTTCCAGTGCCTTGGTGCCCTTTCTATCATTGAACCAAATTTTTCAAGTTCTCATAAACTATGAGTACCATAAGGAGAAGGTACAACTGGAGCTGTTTGAGCCAACTGATTTGAAAAATTATAAATATAGTTTCCTATTCATCAAGTAAATTTTCAAGACTTCAACACGGCAAACAAAACCATCCACATCACCATTATACCAAAAAAATTAGCCAAGAACCAAGAAAAATAATCAAAAAAAGCATTTATAGCTACTCATCAATCAAACTCTACCTCAGCAAAACAAATATGTATAGGCTTGTCTTCAAACATATCAAGCTTCCATGCGTTTTCTCCATCTTCACAAACTCAATCTTCTTCATTTTCTTGTCATTGAAGCGACATGAGTCAGTTGATTGGGTTGTTTCACTCATTATTTAATAAAGATGTGTTTATGGCAGTCAAAAACAAAGCTCATATACTAAGCACAAATACTACCACTACTGGCAAAAAAATGATCCACAAAAAAGCTCAAACTGAGTATTTTCATGAATTTTCTCCAAAATTGAAGTCAAAACTCCACATTATAGTCAAAAGAGGAGAAAAAACAATCAACATCCATAGCACAAAAATTCTTACAAAAAGTATTACTACAAATGCCACCAAAGGTGCAATAAATGCCAAAGCAAATAAAAATTGAAAAAGCATCAACAAAGAAAAATTTCACAAATTCTGATCTCAATCCAATCATTGTTGACTCATAGACAAACTTGAAAAATTCAAAAATGTTGAAAATACTGAAGAAAAGATTCAAGATGTTCAAGCCGCTCAATCAAGCAACTGTGAAAGATTTATTCATTGTTTTTCAGAGTTATCAATCATTTCTTCTCTACTATCTCATATTTGAGGATTTTCTACAACCAAATATCACATATCATGCATTACACAAGAATTGTTCTCAAACTCAATTTCAGTTCAATTTAGTTGGTGTCACTGCATATCCTCTTCAATTCTTTCTCTAAGATCATCAGATCATACATATATTTTTCAAGTAGCATCATCCAAAGTAAGATCTACTTCCTGTCAAATTCATACTTTGTCTGGATCATCCAATCAATTTTGACCAGCAACATCCCTCACTCTTTCTTCTATATCAGTCCATCACGAAGTATCATAATACTCATGTATTATTGCAGACAAAGTGTCTCATTCTTCTATCTTGTGAGTAACTGTATTAGACATTTTACAAGGGACATACTCTTTATCTCCATCTGAATACCAAACATAACTTGATCATGTTCAAGAAAAAATACTTCAGATATTATCTATATCCATATTGGATCTTATCACCATTGTTTTTTGATCTAACTGTTCGTTTCATTGCACAGAACTAAGTGGCAGTCATCATACTGCATATGTAAGTATTGTACTAATATCTATAAGTATAGCTACCAAAAACCAACTAGCCTGCACTCATACTCAAGCTATCAAAAGTTTTGGAAAAAATTTTTTGGGAGAAAAC
NZ_CP054059.1_gap13	353495	356545	3050	GATCATCCTGAATAATTTGTGGCTGTCTTTTAAATCTTTCCATTCATACTTCTAAACTTCACACACTTTGCATTCCACCACCAGGTGTAGGAATAACAGGAGCTGTTTTGGCAAATTCTTTAGACATTTTATCTACCCACTCTACAACTCAACTAGTAAGTTTTGATGTTTTCAATGCAGCAAAAACAACTCACCATAAAATAGCAATACCAAATAAATTTATTAAAAGCCAAGAAAACATATCATTAAAAGCATCAAATCAAAAAGCTTGTCAAGGAGTATTAAAACAAAGCTTTGTGTGATTATCACCTCAAACTGGTATGTCATAACAAACTTGATGTCATCAATCATCTTCATCATCATCTTCTTGACCTCACTCCTCACACATTCATTCTGACATTTCAATTCACATAGCACTAGAAACTCAACTTCAAGAAGATCAATCTCAACCCATAGGGTTAAGTGCCATCAAAACCACCATAAACATTATTCAAACACTCAAAGCAAATACAACCACCACCGGCAAAAATATCAAAGCCAAGACATTTGATATACTAAATTTTTCAGTCATTTTATCTCAACTCCACCCAAAAGTCCAAAAAATAGTCAACAATGGAGACAAAGTAATTATCATCCACAACAAAACCGCCCTTAATATCAAAACAATTGCCAATGTTATCAGAGGAATTATTAAAGCAAAAAACAAAACTATTTTAATTATTGACATCATTCATTGTGATCCAGCAGAAGCTCACTCTCAACCCACAGAAGAAAAAGCCATATCTGATATATTCAACAAGCTTCAAAACAAAGTATACATAGTTCAAGTAAATCAAGACATATCAGAAATATAATCATTTAGAGAGATTCATCATTCAAACTCTGAATTGTTTTTTGCCTCATTTACTTTTTCCTCAAGATTACACTGCCAGTTTTCCGAATCTATTCTTCAAACCACATTTCATCAGACCACACAAACATCTTCCAACAAATCTTGACTTGTCCGATTTTCTGAAACATTATCCAATGATTCAGAAGCGCTCTCATAATCAATTTCATCCCAGCCTATTTTTCATCAGGTTGTTGGACAAGGAATGATAGCCTTTTCTGTTCACGGAGATGTATAAAAAAGTGATCTTGAGTCTCATGTTCAAGACATTGCTCATTCATCCATATTTAGACTCATTACTGGCATTATAAGAACCTCTTCCATATAACCTGAAGAAGCATCTTCTGAATCAAACGCACTTATAGGTAGTCATCAAACCGCATATGTAAGAATTGTACTAAGATCTATCAATACTGCAACCACAAACCAACTAACCTGCACTCATACAGTGGCTATCATCAACTTTGGAAGCATTGATTTTGGATTATATGAATCCTGCTTGTAGTTAAAAAGATAAAAAAATATTCAAATCAAAAAAACAAATCATATTATATAATTTGCAAAGTTTTTCATAACATTCCAAAAAAACCATATTGTTCAATCCATATTGAACACAGAACCATATACAAAATCATTTGACAAACTAGCTCAAGCTATTGTAAGCAATGGTCGCAATAACACATACAAAGCATCTACTAATGCCACAATAAGTTCCATAAATCATTCCCATCAAAATCCTCAATCTCAACCTCATCAGTCCACTCAAACACTACCTGCCTTTACTTCTCCAAAAAAATTTAATCATAAAAATAAATACAAAACTATACTTGTACCTCAAAACACAAAAAAGAAATTTTTTATTTTTGTTTTCAGTTTCATAACTTTTATTTTTGTTTTTTATAAAATTTTCTATAATTATTATATTCAAACAAAACTATTTTGCAAATTATAATATTTTTAATTGCTTAAGTTTATTGTGATATTTTTCATAATCATCATTGTATTTATTTTTCAAAAATTCCACCAAAATATCCTTCCAATTAGAAAAACTTTCTTCCAGGTTTTTTTGTGTGCTTGAAGCCATATCAAGAATATCATCCATAGCTTTAGATTTTTTCCTTATTTTTATATCTTTCAAATTATGCAAAAGGTCTTTATCTATTATATCATAGATAGTATCATAATCAACCTTATCTGAATACAAAACCAAATTTATATTCTTATAAAGCATTTCCAATATATCATCTTCAAAACTAATAGTATAGCTTCATCAATCAAAGTTTTTTTGATTATCAAGCTGAATATTGTCCAGTTGTTTTTGAAAAAATTCTTTATCTATTGAATTTTGAGATTCATACAAAGCAACAAACGGATTAATATTCAATCAGTATGCAAAAATTTCTTGTTCTGCTAAATTCATTTGATAAAGATATTTTACCTGATTTTGTTCTAAAAATGATGAACTTCGAACACTTCAAGTACAAAAGTAGTTTTTATAAACAAATCATTGATGCAAATGCCCTGACATAAAATAGACATCATCATACATATCTAAAAACTTTTCTGAAATAGACACATTATTGAAGTTAAATTTTGCTTTTTGTCCTGGGAAAGATATATTAGAAAAGTAATAATGATGAATTACAAAAGCTTTTTTAGTAAGATTTTTTATGTTGTCATAAAGAATTTTATTTACTCAGGCAGAGAACTGCTCATTTGATTTTTCAGAATCCACCAACTGATTAATTAAAGATTCTATATCATTTTGAGGAGAAGAAAATTTTTCAGAACAATTCACAAGATTGTGGTTGTATGGCAAAAAGAACACATCTTCTCATTCTATATTTTCCCAAAAAGGCTTTGTTATGAAATGTATTTTATTGTTGGAATTTTCATTTAGTATATCAAAAGAAGTTTTGGCTTCCTGATATACAAAACTTTCTGAAATCCAGTCGTGATTACCAGCAAGAACATAAATGTTTTTTCATTTTTTAAAATACTTCACAAAAAGTGAAAACAAATCAAACAATGCATTTCTATCATAACTAAAATGATACACATAGTCACCAACAAAAACTATATTTTTTTCTTCAGGAAATTTTTGCAAAAAACTATCTAAATTATTTATTATATTTTTTTGCCATTTTGAGTTGATATGAAT
NZ_CP054059.1_gap14	398634	401565	2931	TCTGCTGGGAAGAAATATTTTGGTCAATCAAACTCTTTTATTATTTTGAATATTTTTTGGAAATCGTCTTTGTGGTATACATATGGATTCATATTTACAAGCAAGTTTTTTGACTCAACCTTGCCTTCTTCACATCTGTCAAATACATCCAAAGCAAAATCATGATATAATGTAGATTCAGTATTGTACTTTTTGGATAACATCAGGGAGTCTTGATCTCTTAGGATAATATCACTAGCTTTGGGCAGGATCAATTTGTATAATAGTTTTGTTCTCAAACAATCATCACTTCCTACTCATCAAAGCAACACAAAATTTCAAGTAAGCACACTCCACAAATGCTTGATAGGATACTTCCACCCATCAAACGGAAAGCTTCTTTGTCAGGACAAAACTTCACCTCATCACCAAAAATACATAACATCAGTATCAAATACAAACTTTTTACTATTACGAAAAAAATCAATTTTTTGAGTATCCACATCCAAAAATTTTGTATTGGTGTTTAACCAATGCTCAAGCCATTCGGGGTCAGGAGTTTGTATCCAAAAAGAATGAATCCTATAATTTTTCTGAAGATAATTGAGTAGGCTTATCAAAATCAACTCATCTCAGAAATTCTTGTATCCATAATATCACATCAAAACTGCTTTCATCTAAGTTTATGTTTTTTAGTATAAATTGTTTTTTGTTTTGGAATTGCTCAAGTATTGATAATATATTTTTTTGAGGCAATGTTATATACTTGTTTTTGATTATATCTGAAGCATATTCTTGGTATCTTTGAGGAAGATCAAATAAGTTAGCTTGTGTTACATTATATATATTTGATATGTCATAAGCAATAATTTCTGCATCAAAAATTTCTATTCTTTGCTGTCAAGAATTGATAGCATCTTTTGAGTTTTTGTATATATCATAATAATCAGATATTTTGGATTCTGCAAATACAGGGTATCGCTCGTATTTGAGCTCTTGATTGACAAGATTGACATAGTTTCTGTACAACCTCATTTTATTTTCATAATGGTCTCTATCAGATACACATTTTGACCAGTATTTTCTTGCTCTTTGGTATTTTTGATTTTCTGATGACAGTTTTTCATCAAATTGCTTTTGAGTTTGAACTGCATTTTTGATATTTTCTGGCAAAGAGTATTCTCATCCAAAAAAGCTATCTTGCTGATCAAAAACCCTATATCAATTATTCAGATCACCTCAATAGATCACTGCAGAAGCCGACTCTGGAGGCTGATAGTCTACTTTGTCCATCTTTTGTCAATTTTGTCCAATCAGTTTTAATTTTTGTCAATCATTTGTAAGATACAAACTGTCTTCAAGAGTTTTTACATCCAACTGATTGGGAAATCCATAGTCAGAAGATGATATTATTTTTTGGTGTCATGATCATAATTGTATATCAAACTTTCTTGATGAGCTTCATCGTCAGGCTCATTTAATTTCAAGTGGTCAGTTGTAATCTCATCATACAGACCTAATCAAAACATAAGAGTTAAGCAGATCATCATAAGGATATATTTCTTGGATTTTCAAAGTTCAATTGGTGACAATGTCTTTTGATCTTTTTTGATTTTTAGAATCTTTTTCGTTTTTGAATTGTTTGCACTCCAATAGGTCAATATGAATATTATCGTTTTTTAATATTTTTTCAATCAACTTTTCTCAGATTAAATCTATTTTGAGAAGCTGGTCTTTTGAACATATCGGTCTTTTTTCTAAAATTGAATTCGCTGCAACTTCTCAAACTCAGTCTATCTTCTGTAATCAAGTAAAAGATGCTGAATTTATCTCTATGGATTGGGTAGGAGTAGTTTCGTTTTTAGATTCTGACTTAAAACACTTCTGTGGAGACTCCAAAAATACATTTGAATCAGCTTTCATGTTTTCTATTGTTGTTTCTCAAATACCATCTAATTTGAGTAAATCATGATAATTGCAGTATGGAGTATTTTGCTTTATAGTTTGTGCATGGTTTTTTCAAATTCAGTCAATTTTCTGTAATCATGTAATTGAAGCAGTATTTATCTCTACAGGATCAGATGAGTTGCTTGGAGAATGATTTGAGCTTTCATCGGAAGATTTTTCTTTATTGTCTCTAGTGTTTTTGTTGTCTTTGTTGTCTTTCTCTTTGTTACAGCTGATTCATTCTTTTATAAATATTTTTGGCTTGATATTTTGATAAGTAACCTCTCACACCCCGGGCACGGACTTTAGCTGATTTTTGGAACAAAATTTTCTATTTTCAATTATTTTTGATGCAGTAGCAGATCAAACTCAAGGAAGTGACTCTAGCTTCTTTTTGGATGCAGTATTGATATTAATTGGAGTAGGAGAGTTTTTTGTTTTTGATTCTGATTGATTGGTTGTGTGTGATTCATTATCAGAACTAGTTGATTTTTTAATATTTTCCCGTCAATTTATTTTTCATGTAGTGAAGGTTAGCGATAATCATTTCTCAGACAGCTGTGTGTCTACTTTGTCGTACAATTGCCCAAAGGTATAGTCAGACCTAGCAACCCTAAAAGACATATCATCTTCTACAATATAATCTTGATTTTTCAAATTTTCTTTGAGTTTATAAAAGTTTTTTTTGTATTTGCTTTCTGGAATATATCAAATTTTTTGAGAAGCCATAGTTTCACAATTATCAGTAATTAGTTTTGCATAAATCACAAAGATTTGAGGATAATCATCAGAAGGAGTAAAGTTTCTTGGAGTATTATTGTTTGTATAATTTGGGGATCTAACTTTTTCTCATTGATTATCTTCTATTCGGTATTTTATTTCAAAATCAGTTGCATCAAAATCAAACTCATAAGATACAGATCAGGTAAATATATTTTTATCAGGATGTATCTGAAAATTACACTTATTATCATCTTCTTTGGCAAAATAAAAATCTAATGCTTT
NZ_CP054059.1_gap15	411789	413909	2120	GTAATCCACCATTGATCATAACCAATATCAAAAACAAAAACAAAAACTCAAGTAATAATTGCTGCTGCTCATATTGCCAAAAAATCTAAAGTCAACAAAAAAACCTCGATGATTATAAATATAATTCAAATACTTATCCAATAAAGTCCAAAAGACATAAAAAATTATCTAAATGTTAAAACATTCTGGTATGATGATATGTTTAGTTTATCAAATATATTTTCAAATTCAAGATCTTGTCCAGAAAATTTTCAGTAATCATGAGATTTCATTATATATAACCAAGCAAGAGACACTTTCAGTCTTTCTTCATGACTAGAAGGTATATTATAATTAGACTTTATTCTTGACAACAACTGATCAAGAGAATAAAACATATCTTCTATAGACTTTTCATTTGATGATAAACTACTAGAATATCTTTCAAACTCAAAAATATCATAAACATTTTCTATCCTATAATTAAAGTTTTCATATGAAATTTCAAATGCAGAATCATTTCATTCAAAATAACTTTCTACCAAATAACTAATATCTTTTCACACAAAAGAGTGATGCAAAAATTGACTTAATTTTCTTAGTTGAGCAGAAGAAAGATTATCTTTGGAGGATTTGTAATCTTGTGATGCAAGATTATTTAGACTACCAGAAGGTCATTTAATAGCATCTTCTGTAGTTGATTTTTCTACATTTTCTCATATGTTAGCTTTTTGCTGATATCACAAAGCATAAAATTTAGGATTTCTAAAATCATTAAACAAAACTTCTTCTCAATAGTTATTTATTTGATATTTTTCTTGATCAGAAGTTATAGCCAAATCCAAATCGGATGAAGATGATTTAGATTGGATTTGAATATCATTATATCTTAATATCATATCTTTTGTTCATTCTTTGCTTGTTGCAATATGAAACGATTTTCAGTCTTTTACATCCATAGTATATATACTATCATCAAATCTTTTGGTCTTTCAAACATTGATTGTAGCTGGTCACTCTAAAGTAGAATAAGAAAATCATCACACTTCAAGCTCTATTCTAGAATTTTCAGACAATAAAACTACATCATCAACATATATACTATCATCCTCTATATAAGATCAATCGCGATTGATTGAATACTCTCACTCAGAAGATTGGACGTTTCATACAATATAACCATCTTGCTGCTGAGATCATGGCAAATATATAGCCAAAGATATTCATACAATAACCAATGAGTATGCAGAAACTTTTGCATAAAATGATAATCTAGAAAAAATTGATTTTTTCTCTTGTTTTTGAAGAATTTTATGATAAATTACATATTTTTGAGATTGACTCATAGTAGTTCTTGCCTGCTTATCGAAAAAATCTTTTAGCCTCATGTTTTAAAATTTATAAATTAATTGTACTAAAAATTACGAAAAAATAATGTTTTTGTGACAATTTTTTTGTTTAAATAAAAAGGTTTCAGGCTATGCTTATTTTTATTTTATTGTCTTTTAATATTGAACCACAAAAAAAATTGTTTATACACAAATCAATTTAATAAAATAATTAAAACAAAATGAAAAAATTATTAATCTTATTTGCATGTATGGGATTTTTGTGATTTAGTATAGTTCGATGATGAGAGTGACAAATAAATCAATTAAGATAAGAAATTAAAAAAATTGAGAAAGTAAACAACATATTGTATCTGAAAATTGGCTTCATTCTCCCCACCTACCTCATAGCAATTCACAAGCTTGCAAAATTCACTATCCAGCCTACAGGATAAGGATTTTTTCAAAATAAAAAACTCTCAATAAATTGGAGTCTTAGCGAAAAAACAGTTAAAATTAGATACATAAAATTTCAAAAATTACATAACATTTTTACTTAAGATCAAGTAGTTAGACTATAATGGAGCGGGTGACGGGACTCGAACCCGCGGCCTTCTGCATGGCAAGCAGAAACTCTAGCCAGCTGAGCTATAAATATAATATGCCTAGTCACAGGTTGTTTTGATAAAGACAAGCCTACTAAATCTACTTGAAAAAACTTAGATTTTCTCTATATTATAATTGTTTTTAAATTTTAATACTCAAATTCTAATGTGAAATTTTCAGGAGCTTTCTCCGAAACAGAATTTTGGT
NZ_CP054059.1_gap16	447092	449208	2116	ATGCTTAGAACACACAACTGTTGACAACTAAACGAAACAAATATTGAGGAAGAAGTAAAACTATGCTGATGGGTATCAAACAGAAGAGACCATGGAGGAATTATTTTTATCGACCTTAGGGACAGATACTGAATTACTCAGATTGTTTTTGACCCAGAACATGACAAGAATAGTTGGGGAGTTGCTGACTCAGTCAGACCAGAATATGCTATCCAAATAAACTGAAAAGTAAGATACAGACCACAATGACAAGAAAACCCAAAACTTAATACTTGAAAAATTGAAATTATATGCAATGACATACAAATACTTTCAAAGTCAAAAACGCCACCTTTTGAAATATCCGATTATAGCGATATCAGCGAAGATGTAAGATACAAACAAAGATATCTAGATCTTAGAAGAAACAGTGTGCTTGAAAATATAAAATTTAGAGCAAAAATGAATCATTTTGTAAGAAACTGGTTTGTACAAAAAGATTTTTTGGAAGTACAAACACCACTTTTCACTGTAAGTTCACCAGAATGAGCAAGAGACTACATAGTACCTTCTCGTTTGCACCCTGGTAAATTTTATGCACTACCTCAAGCCCCACAAATATACAAACAGCTTTTGATGGTAGGAGGAGTAGACAAATATTTTCAGATAGCACCATGTTTTCGTGATGAAGACCCAAGAGCAGACAGACACAGTTGTGAGTTTTATCAAATAGATGCTGAATTAAGTTTTGTAGAACAAGAAGATGTACTACAAATATGTGAAGATTTTATCAAAGATTTGATAAACAATATTGCACCTCACAAAACAATAAAAGACAACAAAATTCATAGGCTTACTTATCAAGAAGCAATAGAATATTATGGGTCAGATAAACCTGACATCAGGTATGATATGAAAATACACGATCTAAGTGATATCTTCTCAAATACAGAATTTAGTGTATTCAAACAAGCTTTGGAAAAAAACTGAGTAATAAAAGCTTTAAAATTTGAAAAAACTCTAACTAGAAAAGAAATAGACGAAATCACCCAAGTAGCTCAGGATAATGGAGCAAAATGACTTGCTTATATAATATATGAAGAAGATGGCCCAAGATCTCCTATACTCAAATTTTTCTCTGATGAAGAACTACAAAAACTTGAAGAAACTATGCAGCCACAAACTTGAGAAATGATTTTCTTTTGAGCAGACACAAGAAAAATAGTAAATAAAGTACTTGGGACAGTAAGAACAGATCTGGCAAATAAATATTTAAGTTTGGATGATAGTGAGTTGGCTTTTTGTTGGATTACAGACTTTCCATTTTATGAGCTTGATGAAGACACTTGAAAAATAGACTTTTCTCACAACCCTTTTGGTATGCCTCAATGAGGAATGGAAGCCTTGGAAAATCAGGATCCACTAGAAATAAAAGCTTACCAATATGATTTGGCATGTAATGGTTATGAACTACTATCTTGAGCTATAAGAAACCACAGACCTGATATATTAGTAAAAGCTTTTGAACTTACTGGAAAAGATGAAGATTATGTAAAAGAAAAATTTGCAGTATTATTTGAGGCATTCCAGTATGGCCCACCTCCACATGGATGATTTGCTTTTGGTTTTGACAGATTAATGATGCTTTTGGTGGACAGAGAAAATATAAGAGATATTTATGCTTTCCCAAAATCTGGTAAAGCTCAAGATATGATGGTATGAGCTCCTTCAAAAATAGATGAAAATCTACTTAAAGAACTAAAACTTACAGATATTATCAAAAAATATTACAGGGATAATTAATTTCAATAATTTTAAAATTTGCTAATTTTATTACTAGGATAAAAATTAAATTAATTTTTAGTTACATTTTTTACAGTTTTTCCTGTGTTGTTTTGCCCAATTTACCAAAGAAAAAGTAGACACATTAAATTTTTTAGCTAGTTTTCTAGCTGATACTTTTTTGTGACAATAAAAATCAATTATTTTTTCTTTAAACTCTGGTGTATAAGTTCATCTTGTTCATCATTGAGTATAAGTTTTGTTACAAGAAAAACATCTATATCTTTGTCATCAAGATTTTAGCTTTCAGTTTTTATTAAGTTTGTTTCAACAATTGAAGCAATTTATTAAGTTC
NZ_CP054059.1_gap17	450375	454304	3929	TATATATGCTAAACTTTTACAAAACTTGCCATTATATAATGTAAAATCAATTCCAGCATACAATATGATTACAAATGAAAATGATAGCACTAGAATTATAGTAGAAAGTTCTTCTTGAAATACTGCTTATTCTCTATGTGTAATGGGGAAAGTTATGTGATATCCATGAATGATTAGTTATGCATCAGAAGAAGTAGGCCAAGGTAAGCTTGATATGCTTAGATTTTTTGGCTCCAAAGTAATTATAAATCAAGAACCTATATGCCCGAATCCAAATGATAAATCAAGCTCTATAAATATAGCAAAAAAACTTTGAGAAAGTGAAGAATACATAAACTTTGGCCAGTATGAAAACAAACATAATCCACAATGACATTATGATTATACCTGACCACAAATTTATGAACAAATGGAATGAGAAATTAATTATTTTTGTGCTTGAGTAGGTACTACATGAACATTTTTATGAACAATTGAATATTTAAAAGAAAAAAATAATAAAATAGAATCTATATGAGTTGTAAGAAAACCAAATAACCCAATACCTTGACCAAGAACTGAAAATTTGTTGAATCAAATATCATTTAATCGATCTGAAAAATTAGATTATCTGGAAAGTGTTTGAACCAAAAGAGCATATATGCAAAGTTTAATTTTATCAAGAAACTGAATAATTTCATGACCCAGTTCATGAATGAACTTAGAATGAGTGTTTCAATTTATAAAAAATAATTATGAAAAAATAATTGATTTAAAAGAAAAAAAATGAAGTATTAATATTGTTTTTGTTTGTTGTGATTTACCTTTTTTATATATAAAAGACTATTTTAAATATTTAGATGAAGAACTTTTTCCTGATATAAAAAACAAGCATTTATTAAAAAGTTTTGATATTAAAAATATAGAAAAAAATATACAAATAGATAGCAAAAAATTTTTTAACATATTTTTTAAAGAAACAAATAATAGTATATGGGAAAAAATTAAGAATAAAGAAAATATAAAAACAAATATTAATTGTATTTTAATTGACATAAGAAACAAAAAACAATTTAAACACTTTAAAATACCAAATAGCATTAATATTGAACCCAAAGATATAGAAGACTACTTAACCAATAAAAAAAATAAAGAAATCTATTTAATATGTGAATATGGATGAAAATCAAATGAAATAGCATCTAAACTACAAAATAGATGATATAATGCTTATAGCATAAAATGATGAACTATAGAATGGTCAAAACTATGATTGGCAAGAATTAAAGATGATTCTTGTAAAATTTAAGGCTCTAGGTTACAATTTTAAATAAAAAGTATCCTATTTGAAATAAATTTTAATCAGTTTAATCATTTTCTTCTCTATTTCAAGTTCTGTCTTTCAATATATAAACTCACATTCTTTTAGGTGTGCTTCAAAATTAACTTTAAATCAATTAAACTTGCTTAATCTTCTCTTTGTGAATCCCCAAAAGTTTTCCATTCAGTTTATATGAACTCATCATCACTTACCAAACTCATTATCTCAATGTTTCACTCTATAATGCTTATAATATCATACATCTACCAGTCAATCATATCACTTCCAATAATCACTATGCACACTTGATTCTTTATCAACTTTATCTAGTATTATCTCTTCCAGTATCTTAGAACTACATTTTGGTATTATTTCTATATATATTTCTCAGTTCCTTTTCATTATTCAAAATACCGGTTGTTTTCTTGTTCATCTTCATCTTTTCAGTTTTCATTTGAATCATCTTATTCTCTTAGCTCCAAAGTAGCTTTCATCCATTTCAATATCTCATTTCATCTTAAGTTCTTCAAACAAATTGCATTGATACTCATATATTATTTCTCTAAATATCTTGTAAAACCTATTAATAGTCTTTCTCGATATTCACAAAAGTTTTGATGTTTGTGTTTCTGTTAAATCAACACTAAAACATTTCACTATTTTTTTAACTTTATATCCGCTCAGATTGCGGTTCTTTATTCATATACTCTTATATTAATTAACAAATTGTAATCAAGATCCTAATTTATTATACTAAAAAATGATAATTCTACTTTTAGAGTTATGTTGATATTTTAAAGTTAATTGTTAATATTGTATTTCACAATATTATAAATCTTCCAAAATATTTACTACATCATTAAGACTTCAATCTTTTCATAGATATACATCATATCCGGCAACATCTTGATCGCAAAATCATATTTTTAAACATTCTCCTTGATACATATCTAGGTCAGTTTTATCGTCACCAAGCAAAACCACTTTTTGGTAATCTTCTAAGTCTATATTATGATCATACTTGTTTATTGTTGTTATAACAGAACTTTTATCAAATCAAACCACTTTATTTTCATCATCATAAGTTATCTCATTTCAATATATTTTGATATTATCCAAGGCAATATCTTGTCATTTTAGAAATGATTTTATGAAATCAGAAACTCAAGAAGAGATTATGAAAAAATTAACATTATTTTTAGTTACATAAGAGACCAGCTCGTTTAGTCATTCTCTGGGAGCAAAATAATTTTTATCTTTTGTTATTTTGTCTATTAATTCTTTATTTAGTCAGTACTTCACGAATAAATCTAAATGCTTGCTCCACCATTGTTTTGTTTTTTCTACATCTCACTGCAATTCAAATTGGTGATACTCATTGTAATATTGATCTCTTTCTTTTGTATACTTCTCTCCCAAAAGTCCAGACTTGGCAAAAACAGACCAAGTTGTAGGATTATCCTTTGAGGTTAATGTTTTTGAAAAGTCAGATATTATTGCTATTTTTGGCATATTTGAGTTTTGCATGATTTATTGTGTTAGACAAATAAATCAATTTCATCATATTTATATCACTTCCTAATTCAAGATAAAAATAATAGTGTTTTTATAGTTTTTTGCTATTAAACCTATAAACAAAATTTAATAATATCATTTTTTGCTGTTAGTTTATTAAAGAATTAATTTCTTCTTCCAATTTAAGTATTCTTGGTTTTGCTAATTCTACAACTTTCAAAAAATCTTTATCATTAGAACATCTTTCAAAAATATCATCAAATCTTTCACCTATACTAACTTTTTTTTGATTTTGGTCACAATACATATCAGCTAAACAAAGTATTTTTTGTTCTAAAGTTTTTGGCAATAAACCTTTATCTTCTCTTCATTTTAGTTTAAAGTGCTCATAAACAAATCAATGCATTATAATTTCTGAAAGCTCTTCTAACCCTTCTTCTTTTAGTATATCAACACTATTGAATTCATGCATTCATTCTCTGGATTTTCAAATATCATGCAATAATCAAGCTAGATAAAGCTTTTTGGAGTCTACTATCTCTTCAGCAGCTTTTGAATTGATTTTTGTTGCTAATTCATAAGCTATATGAGAAACTCAAATACTATGATTTATTATAGTTTCACTTAGTCAGTGTTTTTTTAATAATTTTATTCAAAAGGCCTCTAGATCCATAGTACAATATTCCAAAAAATTAAAGATATTCATGAGAATATTAAATATTTTTTATTTATTTTCAACAATCTTGATGAAATCCTTGAAATAGCAAAAAAATTAATTATAGAAGAGTAAATATACCTTGTATAATATGAACAGTTAATGCAACACAAGTAATTTCAGACAATGATACATTAGAAGTAAATGCAAACCAATGAACAGCAAAAATAATAAAAAAAGAAATTTAATTTTTTAAAAACTAACCCCTCCTAGCTTACAATAGACTCTTTCATATATAATTTGAATATTAAACAATTTTAATTATAATAAGCCACAATTTAAATAAACAGCAAAACAAATGTCAGTTCTTCAAATAACCAAACTATGCTCACTTAATTGTACTTACTGCTTTGATAAAGTTCATCAAAATGAGGCAAAGATCAACAAAGATTGATTTTT
NZ_CP054059.1_gap18	455779	457159	1380	TTTTCTTTTTTGTCATAATAACAAGAATCACAAAAATTTGACATTTTTGATATATAGTTTGCACTTGATATATATGGCTTTGTAGCCATTTTTCATCAATCTGCATACTGACTCATTGCCAAGACATTTGGAGTTACCACCCACTCAAATGCATCTACATAACTTTCCCAAAACCACTTATTTAGTTCTTGAGGATCTGTCTTAGTTAGCAATGAATAGTTTCATATTATCATTAACCTTTCTATATGGTGTCAGTAATTATAAGTATGAACATTAGATATACTTGATTTAATACAGTTTAATTTGACTCCTGATAGTTTTCTTCAATCCCAGAAAAAATCAGGCAAGCCTTTCTTATGACCAAAAAAATTCATTTTATACAAATCTTGTTTGTATAAATTAAAAAAATGAAACATATATTCTCTCCATCATAGAATCTGTCTTATAAAACCTTCTTTATTTTGAATTTCAGTATTTGAATTTTCTATTTTTTTGATCACCTCCATTGGAGAAATAAATCAAAAATTTATACTACTAGATAGTAGACTATGAAAAACAAATGGATCATATGTATACATAGCATCCTGAAAAGCTCAAAAATTATCAAGATTATTTTCTACAAAAAAATCTAAACTCTCTATGGCTTCTTCTCTATTTGTTGGCAATATATGTTCTGGATAGAATGAGTAATAATCACATGCTTGTTCAAAATATTTATTCATTTTTAATTTACACTGCTTTGTGACACTATGATTCTTATCAAATTTTCTATTCATTTTATCAAAATTTCGTTGTCATCATTCAGGATTTTCTCAGTTCATTAATATATTATATTTTTTTCTCATATATCTATAGAAATTTTCTAATAATGGGGCTTTTTTGAATTTCCACTTAAATTCTTTTTCTGAAAGCAAGAAAGATTGCTTGTCTTCTTTGAAAATTATATTAATTCATTCTTTTTCTAATTTTTCTTTTGTTTTCAACAGATTTTTATAAAAATAATATTCAGTAGGTTTAACTATTATTATAGTATTTATTCATAACTGTTTACAGTATTCTCTTATTCAACTTGTATATGATTTTGCCAAAAAAAATCTTCAATTATATCATTTTTTTTTAATTTTTTGTATTAAGTACTTTCATCATGCATAATCAATTATTTTTGAATATTTATTGAAATTAATTTTATAATATCAATTATTTATTTCCCCAACATGATGAATATAAAATACATTACTTGATAAAATATACCTTTCATCTAATTGATTGTAAAGTAAAAATTGAGCTGTATTTTCCATTTTATTTGAATTTTTAATAAACATTTTTTTATATTCAAAATTACATTTTTTTCAAAACAAAATAATATTAACACAGTTTGAA
NZ_CP054059.1_gap19	603688	605270	1582	TGAAAAAACCTTTCAGACTTTCAGGTAATTTCTCAAATGTTTCGAATTTAATGTTTTGTTCCACGATCATAGTTTGTTAGTGTTAGAAAAATAAAAAATTTTATTCCTTACTTGTGAAGTCCAATGACATTGTAAACATAAGTGGACCCTTTTTCAAGACCAGTTTATGCATTTATTTAAGGTAGTGACATTTTATTTGTATTAAACATTATAAATAAATGGTGCTCTATTGACAGTGGTATTAAATATATTGATGTCTTTAGATAATCAATATATTTCTCGTGGAGTTTTATAATTTAATGCCGAATGAAGTCTTTCTTGATTATATTTATCAATATATTCTTGCAAACAATTATATGCTTCTAATGGAGTTCTATAATCATATATATATACTTCTTCTTGTTTTATAGTCCTAAAAGTTCTCTCTACTATAATGTTGTCTATCCATCTTCATTTTCAATCCATGCTTATTTTTATTCCATTTTCTTTTAGTTTGTTTGTATATCTTACACTTGTAAATTGACTTCATTGATCAGAATTAACTATCTCTGGATGTTCATATAATGCAAGTGCTCTATTTAGTGCACTTATACAAAATTCTGACTCTAGTGTTAATGATAATTCCCAAGATAGTATTGCTCTACTATACCAATCAATTATTACTACCAAATAAACCCATCAATGTTTTAAACGGATATATGTTATATCTGTTGCCCATACTTGATTTGGTCTTGTGATTTCTAGGTTTCTTAATAAGTATGGATATTTTTCATTTTCTTTATTAGGTATACTTGTTTTTTTTCAAGGGTATATAGCTGTTAGTCACATTTCTGCCATAAGACTACTGACTTTCTTTCTTCAAACATTAAATCACTCTCTTTTTAGTTGGTGTTTAATTCTTCTACTTCAGTAATATGGATGTTCTGTGTATATTTCATCAATTCTATCCATAATTTGTTTTTCTTTATCTGACACCTGTTTTTCATGATATAAGCTCGATTTAGATATTCATAATAATTCAGATTGTTTATTAATAGATATTTCTTTGTTATCCTTTTCTATTAATTTAATTTTTTCAGAATATGTTAGGTAATTCTCCAATTTTTTTTTCCAGCCACTCTTTTTCCATAGTGACTTTTCATAATTTTGAATATAAATGTTCAATTAGCTTTTCATTTTCTTTATCCTTATTGTTTTTTTCTCTCTTGTCGTCAAATATACTTTCAGCATTTTCTATAAATTGTTGTTTCCATCTGTTTTGTTGATTAGGATGGACTCAATATTCGCTGGTTATTTGAGATTGAGTTTTATGACCATGTATAAGTTCAGTAATGACTTGTAGTTTAAATTTGGAACTGTACTTATTTCTCTTATTTCCCATAATATTGATTTGTTATAAATTAAATCTCTCTAGACAATATTTAATTTATAATATTTTCTTATGCCTAATTTTCAACAATTTTGTTAACTATCCACCTTAAATACTGGTCCAGAGATTGGGTCCATTATAGTTTTTTTCTAATTTTTCTATAAATTCATCAGGTATTATTTCTAATATCTGTTTTACATTAATTCCTTCCAT
NZ_CP054059.1_gap20	612583	616623	4040	GAGTCTGCTTGAGATGAATATGAGTTTGATGTAACATGAGTTGAAACAGATGAAGCCCAAGTTGAATGAGAAGCTGAAGTTTGACCTGCTACAAATATAATAATAGCATTAATTTTAATGACATTTATAGGTTATGTTTTGTATAGATACAATTATCTTAGAAACTAATCTATGTAAAAAAGATTACTTTAATAGCCAAAGCTTTTATGCTTTGGCTTTTTTTATTGATTTTTTTTAAAATATGGATATTTTGATAAAGTTATTTAATTTTTTGATTTAATTTCTATGAAAAAAAGATTTTTTATTTTATTTTGTTTTTTGTTGGTAATATATATAATTTTTGTGATTTTTTGAAGACATATTGAAACAATACTTACTTTCCCTTGAATGTATATATCTTCAGATTCCAACAATATCCAATCCTTTAAAAAAATATATGATATAAAAGAAGTTACATTTGATTCATATGAAGACAATACTTGAAGTTGAATTTTTATTAACAACGATGAAGATTATACTATTTTGTTTTATCTTCCAAACTGAGTTAATATTTCAAATTTCATATCTGATATAGCTTGGTTTTGAAATCAATGATACAATGTAGCAGCTATGGATTATCCATGATACTGAAAAAGCCAGTGATGGCCATCAGAAGAGAACGTTTATAAGTCTACTCAAAATTTTTATAATTACCTAATTAATGATAAGAATATTTCTTCTGAAAATATTATTGTATGAGGTTATAGCATAGGTTCTGCTCCAGCAATTAATATAGCTGAAAAAAATGAAGTTAAATCACTTTTTTTAATTTCTCCTTTTAATTCTAGGAACGGTATGTCTGAGTTTATATATTGAATTCCTATCCAAAAATATTTGTTTTTAGAAGATTCTTTCAAAAACTACAAAAAAATACAAAAAGTTACTGTGCCAACTTTAATTATGCATTGAAAACAGGACAAAGTGGTGCCTTGGGAGATGTGAAAAGAAATACTTGAAAACTCATGAGCTGACAATAAAAAATTTTTGCTTTTAGAGGAATATGATCACAATACAATGTTTTTTGCTTTGGAAGATGTTTTTGACAAGTATATAAATGATTTTATTTTGCACGAAGATAAAGAAGATGAGTTTGTGGTTTATTAAAATTTTTCCTTGAAAACAAACTCAAAAAAAAGTACTATAAAATATTATATATTTATATCAAAAAACTTTTTTATGTTCAAACTTGAATCCAATTATTCACCTACTTGAGATCAGCCAGAGGCAATACAAAAAATTGTGGAGTGATTTGAAAATGGTTTAAAGGTGTCAACTCTTCTTTGAGCTACTTGAACTTGAAAAACATTTACAATGGCTAATGTGATAAACCAAATTAAAAGACCCACCTTGATTATGTCTCACAATAAAACCTTGGCAGCTCAATTGGCCACTGAATTTAAATATTTTTTTCCAAATAATGCTGTGCATTACTTTGTATCTTATTTTGATTATTATCAACCTGAAAGTTATCTGCCACAACAAGATATGTATATAGAAAAAGAAAGTACTATAAACAAAGAAATAGAAATGTATAGACTTTCTGCTATGGCATCTTTGTTGTCCAGAGAAGATATTATAATAGTAAGTTCAGTTTCTTCTTTGTATGGTCTTTGATCAAAGGATGTTTTTGAAAAAAATAGTATAAAATTCCAAGTTGGTGAAAGTTATGATTTTTCTTGGTTGAAAAAACAATTACTAAATATGCAATACCATCCTGTTCAGTCAAAAATAGAGCCTTGAATGTTTGATTTTAGGGGAGAGATTTTGGATGTTTTTTCCAGTATTGAAAATACTCTTTATAGACTTATTTTTGACGAGGAAAAATTAGAAATGATTCAGATAAAAGATAGTAATACTTTTGAGGAGAAGTGAACTTTAAATAATTTTACCTTGCGACCTGCGTCTCAATTTTTGCAAGATATGGATGGTTTGGAATATATACTTAAAGATATCCAAGAAGAAATGGAACAAAGAGTAGAATATTTCAAAAAAGAATGAAAAGAACTTGAAGCCAATAGGATACAAAAAAGAACAATGTATGACATAAAAATGATTAAACAAACATGATTTACAAATTGAATTGAAAATTATTCCAGATATTTTGATTGAAGACAACCCTGACAGCCTCCAAGTACTATTTTTGATTATTTTCCTGATGATTTTTTGTTTATAGTAGATGAATCTCATCAAAGTATACCCCAGTTGCAGGCTATGCCAAAAGCTGATAATTCTAGGAAAAAAACTTTGGTTGAGCATTGATTTAGACTGCCTTCGGCAATTGATCATAGGCCTTTGAATTTTGAAGAGTTGGAGAATATGCTTTCTTGGAAATCCAATGATGTCAGTTCTATCCAAAAAGAAAGGGTAAAATCTGCTGCTAAAACTATGTTTGTTTCAGCTACTCCAGCAGATTATGAAATTAATGTTTCTGATAATTTTGCAGAACAAATTATAAGACCTACTTGATTGCTTGATCCTGTTTGTTATGTGTATCCAAAAGATTGAGATTATCAGTACTTATTGAAAACGTATGAAAAGCTTATAAAAACAAAACCTCATCTAAAAAAGTATTTTGAAAGCTATAGAAAGGATGTAAATATAAAGGATATAATAATTGATGATTTTAATTGATAAATAGATGATATGGATATTTTTTTCGAGTCTGACTATATTACAAAACATGTTAAAAAAACTGATTCAAATATATATAAAAAAGATATAAATAATTTTTTTGAGTATTATTTGCAAACAAACATAAAAGATACAAAGTGAAATAATACTTTTTTAATCAATGAAAATAGATTTTATTTTTATTCTTTTCCAGTTTTTCATAAATCAGATACAAAGTTTACTATAAATGATCTGAATAATATAATAGAAGAAAAAAAATTACAAATAAAAAAGCAGTTTGCAACTCCTGGATATTTGCTTTTTTATAATATTGAGTATACTTATGTTGATTGATTGCCAGCTGATTATATAATATGAGAAAAATGAGATATATTTTTTTACTTAAATTTGTATTATCTGAATATTGAAACTTCCAATATATTTAGAATATTTGCTGGAAATAATTTTTCTGAAAGATCTGATATAAAAATATTCCCATCAAGCTTTTTTACAGTTAATTATCTAAAAAATAATATAAATAAATCTTCTTTTGCAATTTTGTATATTAACGAGGATACTGTTAAAATTATATATATAAAAAATTGATTTTATGATAAGATTGAGAGTATGAAATTTTGAATTTCTTCTTTGAGATCTATTTTTGAAGAAAATAATTTAGTTGATTTGTATAAAACTTCTTGGAATTGAGATGATATACCTTGATATAGTTATGATTTGTTGATAAAAAACTTTAATTTTTATAATGATTTGTTGATAAAACGATTCAATGAAGTAGTATGAAAAAATATTGATGTTGTGCTTATCTCAAGTCTTTTGAATAACAAGATTTACATGGAAAGCTTGCTTGAAAAACAATGAGAAAAACTATGATGATATATACTTCCTTTCAGGACTTATTCAAACTTTGATTTATTTTGACAAAACTGGGATGTTGGAGAAATAGATATTTTAACATATCTAAATAGTATTTAAAATTAGATTTTAATCTTTCATACTATTTCTTAATTTAAAATCAAGGTCTCAGGCTGTAAAAATTATAGTAATTCGATCTTTAGGCAAGGAAAAAATGTTTACATAAACCTTTTCAAAATTTTCTGTGTAATTTGAATTCAATTTTTTTGCAAAAAAACTTCAAAGTTTTTGTTTATTATCAATTCAGTTGAATTTTTGATGCTTATCAGATAATCTCTTAATATCTTCTCTGGCTGTATAAATATCATAAATAATAAGATTATCTACTTTTTTAAGTGATTTCAAAAATTTATTAAAAAACTCAAAAACTCTACGAGCTTGATGGGGTTGAAATATGCAGTTTATTTTTTTGTTTGGATATTTCTTTTTCAAAGCATCTAAAACGGCATTAATTTCAG
NZ_CP054059.1_gap21	741863	746437	4574	CTTTCTACATCTCATATTTGACTTCTTTCTCAATCTTCGCAATCAGCTTCAACTGCATACCAATTATAAGATACTTCTTCTGCATCAGGATCAAAAGGATATTTAAACTTTGTATCCTCTGTTTCAGCAACTTTTTCCATATCAGAGATAGAAGTAGTATCTCAATCTTCTGACATGTATACATTATATTTTTCTGCTCATTCTACCTCATCCCATACTAAATAATGATCATCTCAGTCTTTTTCAATCGACAACTCTATCCCACGAACTCTACAAGATGCTGCTCACATCATTCATCATTCCACAAATGAAACATCAGAATATACTCAAGTTTTATCTTGCTGATCGTCCAACTCAAAAACTTTCACATAATAATCTTCTTCAAAATCAAATCATTCCAAAACAACTTCATTATCTTCTACTATCACTTCTTCTCTTTGGTCTTTGTCATTTAAATTATCCTGACTATCTGCATAAACTAATTTAAACTCTACATATTTTCAATCATAATTCCAGCTAAAATACATTTCATCTTCTTCTGGATATTGCTCATACCTAAAAGAAGAAATAGATCACTCTTGAGAAACAGACACACTATCAACCTCTTCAAAATTTGCTGACTCTCACTGATATATAGTTTCTACATGAACAGGAAAGGTTCACACTTCATCGATTGTAGCATCTACCTCAAAAAATCAATCTTCCACATTATTCATAGAATACTCACCAACTCAATCAATAGTTAGTTGCACATCTTCTATGTCTTCTCAAGTCTCTACTTGTACAGTCACAGTTTCACCCTCTTTAATTCATTCTTCTGGCGTGATTATAATATCTTTAAAATCCTCAAGCTCTTGCTCCTCATAATAAAAAGTAATAGTATCAGACTCAGCCATTGTGTCACCACCATCCATTAAAGATACATATACTTCATTTTCTCAATCAGTTAAACCATCTATATTAGTATCAAATCCTCAATCTGAATCAGTAGTTCATGACTCAACTAGATTTCAATTCAGATATATATCAAATTGAGTATTAGGAGCATCTGTTTGTCATATAACTTCTAAAGAGTCATCATAATACTCATCACCTTCAGAAGGAGACAAAATATCTATATCCCATTCTTGATCATCTTCTTCAGAAAAAACTTCTACTTCTAATTTTCAATATACATCTTCATCAAACATATCTTCTACAACCAAGTCAAAATATCACTCATCTGTAATATCTGAAGTATCATGAAATTCAAGTCATCTATCAAAAACAACTTCTCACTGGTCTTCATCTGAGAATGTATAAATTCAGTCACTTGGAAAGCTTACATCATCCATTCAAGCATTTTCCACCATCATAAGAATATCTCCATTATAGTCTTGTACTACTTCTCATTGATCATCAACAGCTCTTACTGTCAAGTCTACCGACTCATTTACTCTTGGAGATTCTGGATCCAATTCTATTTCAAACTCCTCCACATAAGAATATGAAAAGCTTATACTAAATAAGAACACAATTAATAAGATTATTTTTTTCATTTCTTTTTACTTATAAATTTAAATATTATTTAGCTGATATTGATAATCTTTCTGTTGATCAATCGGTAAAATTTACAACAACATCTGAAAGAGTCACTTCTCAATCATCTCAGTCAAAAGGAAATGAAAAGATATTTTCTTCTGAACCAATCTCTCAAATATTTGTAAATATTAGCTTTTCTCATGCTCACTCTATATTAGCAGACGAGTAATCAAAATCAGAATCTATATTTAAATCTCAAACTTCAAGACCTTCATCATAATACAAATCAATACTTACAGAAGCAACTCTATCAAAAGAAGAATTTGCGTCTACATAAACCTCTCATTCTTCTATATAATATACTATGTCTCAACCATATTCTACCTGAGTATCTTCATCCACCAATATATCAGCTGTAAGAAGATCTGCCCTGTCTACTGCAAAAACTACAACAAAAGCAAGAACAAAAGCTGTGCTCAAGGCAAACAAATTTTCCTTAATATTTATTGTTTTCATAAAAGAATATTAATTTTTAAATATAATCTCATTATAAAAACTTTATCAAAAAAAGCAAATATTATAGACTATGTAAATTAATTTAAATATTGACTTCTTAAATAATTGTGTTCTTGTAAAGTTTGGGAGGTATGAAGAGCTCAAGAATTATCATGCAAATAGTAACAATCATTTGTTTCTTCAAAATCCAAAACTGCATTTAATGTTGCAGAAGAAGGACTAGCTATAGGTGTTGGAGTTAATCAACGATTTTGTCTTGTATTATAAGGATTTGATGAATCGTTTAGATGACTTACTATCTGATCTACTGTGCAAGTTCTGTATGACTCACCTAAACCATAACAAAGAGAAATATCCGCATCCAATCTAAATATATTTTGGCAGTTTGAAGCAAGCCTATTTAAAAAGATTCAGGCTATTTTATTTTTATTTGGATTATAATTTTCTTCTTTTTCTATGATAGACGCTAAAGTTATAATCTCATAAACTGACAATTCTAAATTATATCAAAGATTATTTAATCTTTCTGAAAAGTATAGAAACTCATTTTTTCTATCTTCCCATATACCAAGCTCAAAATTATTTAACTGATTGATCACAACCTGCCTTATGATATCTCAAGAAGAAATATCTATAGTATATGTATCCGGATACAAAAATCATTCAAAAGACTTAATTTTATCTTCTCACAAATTTTGAAGAAATGTATAATATTCTTCATAGCTTTTTATTACACTTTGATCTGTTACATAATCTACAAAACTTCAAGATTCTATAAATCACAACACAGACAAATAATAGTCTATATCATACATTCACCGTCACTCTAAAATAGTTATATTTACTTCTTTTGTTTGTGGTCACTCTTCAAATTTTTTTATTACTTCTGATTTTGAATACACTCCATCAAAAGAGTAGAATCCATCTTTAGGTTGTGGTTGTTCTTTTCAGGACAATAAAAAATAAATATAAAAAGATAAACTATCTTTTTTTCCTAAATCATTTAAAAAGTTAGAAAAATAATAATTATCTGTTATTACAACATCTCTTTCAAGAGAAACATCTCTTGCAAAAAGATAATAAACACTAACAAAGAATAAAATTACTACTGCTAAAAGTATTTTTTTCATTTAATTAACTTATTTTTTTGAATCCTCTTCTCATTGCTCCTCAAGAGTAAGTCATACAAGACTATCCTCTTTTCAAGTGTCATCCTTAACATTTCAGGAGCTATCTCTATTTATATACACAAACATTGGAATTATCATAGGGATTCTTCATAGAATTTTTACAACATAATCTCATAACTCTTCTTTAATCACCTTAAGAACCTCCTTTGTATTTGAATTTTTCTTAGAAAGCTCATTATATCTTTTCTTAACAAATTCAATAATATTTGTATGCACTTTTTTAACTTCAGAAGAATATACAAATCATCTTGATTCAATTTGTATATTTCATACCAGCTCTCTAGTTTTAGAATCTATTTTAAATATTAAATTTACTACTCAATTCTCAGACATAATTTTTCTTGCCTTCATCACATACTCTCCAGAAAGATGACCAATTCATTTACCATCTACCATGACTGTATCAAGCTTTAATTTTTCATCTGACAACACCAACTCGTCATCGTACATCTCAATTATCGCTCAATTCTCAACCGGCATCAAAATATTTTCTTCAGGTATTCACATATCCATTGCAAGATTTTTGTGAGCATATCTCATTCTTGCATCTGTATAAAATGGCAGAAAATATTCTGGTTTAATTAAATTTATCATAAGCTTATGATCTTCTTGATAACCATGTCAACTTGCATGTATATCAAGATCATCATTTGTTATAAGATTTATTTTTCTAACTACAAGATCGTTAAGCATCTTGGATACATCTGCCTCATTTCAAGGTATAGTAGAAGCTGACACCAAAACAGTATCTTGCTCTCTTAAACGAAAATTGGCATGTTCTCATCTTGATATTCTTGCAAGACCACTGAATTCTTCTCACTGAGCTCATGTGGACAATATTACCACTCTTTCTGGAGGCATATTTTCTACATCACTACTTAATTTACGAACACATCACCTTGGCACATCAAGATATCAAAGCTTTTGACATATCTCTACATTATTAAGCATCGATCTTCATTCCAAAAATACCACCTTATCATACTTTATAGCATTTTCTATTATTTGAATTATTCTTCAAACATTGGAAGCAAAAGTAGCTATTATAAGTCTAGATGGAACAGTTTTTATAATTTCTTCTAGATTTTGTCATATTACTTTTTCTGACAAAGCCCATCATTTTCTCTCTGCACCCAGACTATCTCACACATAAAGCCTAACTCACTCCAATCATATCCTTGCTATTTTTCAAAGATCTGCTGGCTTATCTATCGCTGGAGTATAATCTATTTTGAAGTCCGCAGAATTAAATATTAGTCACTTTGGAGTATGTATAGCTAAAGCTAATGTTTCTGGTATATTATGGTTGACTCCTACAAATTCAATACTAAAACATCATAGTTTTAT
NZ_CP054059.1_gap22	788129	790826	2697	TGATAGAAGTTACGAGATGGAAGTTCTGCCACCTCTTACATCAAATTTAATTATGTGGAAAACATGATTGAAAAAATGAAGTGGTGAGCCAAATAAGAAAAAATCTGGTAAACTTACAAGACAAGATTTGGAAGAAATAGCAGAAATTAAAAAACCTGTTATGAATACAAGAAATATTGATAGCATTGTTAAAACAATTGCAGGTACAGCAAGAAATATGTGAGTAGATACTGAGTTATAAAACTCAAGAATCGGGAGGGGTGACCCGTTTGTACCGCTTTTATATTATTATACAAATTAATATGCCAAAAAAACATTGAAAAAAATATCAAGATATATTGAAGGAATTTGATAAAAAAGCTCTTTATGAGAAAGAAGAAGCATGTGATTTAGTTAAGAAATATTCTTATTCAAGTTTTCCATGAACAGTAGAGGTTCATATAAAAACTTGAGCAAATCCAAAGTATAATGATCAAATGATTAGATCTACAGTTGTGCTTCCTCATTGAACTTGAAAAACTAAAAAGGTAGCTGTATTTACTACAGAAGACAACTTTGATCTTGCTAAAGATGCATGAGCAGATGTTGTTTGATATAAAGACCTTTTAGAAAAAATAGAAAAATGAGAATTGGATTTTGATGTTTTGATAACAACACAGGATATGATGAAAGATTTGGCGAAAGTGGCTAAAATCCTTTGACCAAGAGGTGTGATGCCTTCTCCTAAAGCATGAACAGTTACAAATAATATTAAAGAAACTGTAAATGAAGTGAAAAAATGAAGAGTAGAATTCAAGCTTGATAAAACATGATCAATACATGTGGCTATCTGAAAAACTAATTTTGAAACTAATAAGTTGAAAGAAAATCTTGAAGCTTTGTTGAATGCGATAGAAGAGGTGAGACCTTCTTGAGTTAAATGAAAACTGCTTCAAAAAATTACATTAAGCCCTACAATGTGACCAGGTGTTCAAGTAAAATATTAATATATATTTTATCTAAAAAGTAAACTAATTCCTTCCGGGGGATTAGTTTTTTATTTGCAAAAAAAAAATATATTGTTAATATATAAGTAATATGATTTATTTCTTTTTCAGATAGATTAATATGTCTTATATAGATCCCAAAACATTAGAGCAGATAAATAATTTGAAGCAATCTTATAAATACAAAGAAGCCCTTGATTTAGTAAATAAAATTTTAGTAAAAGATCCGAATAATGAAGAAGCTTTGTTGGAGGTAGCAGATATTATGTATATGGAAGGTAACTTAGAGAAGGCAGAAAAACCAATAGATTATATGCTAAATTCTTGAAAAAATACAAGTATGTGATTGTATGTGAAGTGAGTTTTGGAGATGGAAAAAACAAACTGGAATAAAGCTAGAAAATTTTTGAAAGCTTCTTTAAAACTTAATGAAGAAGATAATCCTGAAATATTAAGATGTTATGGTTTGTGTGAGTATTGGGTAGGAAATAGGCAAAAATGACTTACTTTTTTGTTTTCTGCTTTTGAGCAATCTAACCAGCTGGATGCGGAAGTGATCTATAACCTTGTAGAGGTAAATATGTTGGAGCACAATTATCAAGATGTGAAATATTATATAGATCATTTTTATAAAAATCGTGATAAATTAAATTGTTTTGAAAAGGATGTTTCTTATTATGATGAAAAAATCTCTCTTTTTCATTCTTATTTAGAAAATATTATTAAGTAATGATAATCAAAAATTTTTGGAATATAGCTAAATCCTCTATTTTTCAGTTTGTATGAATAACTATATTGATAAGTTTTTTATTGTTTTTTTTGAATGTTTTGGTATGAGTATCTTATAGTGTAAATAGTTTTTGAGAAGATGTGAGAGAAAGATTGGGTATATATTTTTATATAGAGCACCCTGAAAATTTTGATAATCCAAGTAATGTATACTGAAAAATTTCTGATCTTAGATCAAAGTTGGAATGAAATTGACTGGAAGTGGTGTATTATTCCCAAGATGATGCTCTGAGTTTGTTAGAAGACAGAATGCCCGATATTATTGCAAATTTTGAAAGATATTGAATAGAAAATCCTTTACCTCCAACTATGTACGTACTTTTTGAAAATAGAGATGAGTATGAAAAAATGACTGAAATTGTGTGAGAGTATGATAACTTTATTATGAATTTTGAGGATGCTGTCCATTGACAAAGTTTTACCCAACAACAAGAAAGAGTGTCAAATATAATTGATCTTACCAATTTTATAACAATGTTTTCTTATTTTCTAATATCAGTTATAGTTGTTATAATAGTTACATTTTTGATGTTTGTAATTAAGTCAAGTTTTTATGTGTTTTATAATCAAATTCAAATAGAAAAACTTATGTGAGCTTTTTATTGGCAAATAAAAACTCCTTTTCTAATAAATATAGTAATAATGTTATTTTTCGGATTTTTAATGATGTGATTTTATTTTTATTATCTAGTTTCATATATAAATCAGCATTTTTATACTGTTTTTTGAGTTAGTTTTCATGATTATATGTCTTTATCATTAGAAAATGTGCTTTATTTATTTTCAATAGAATTTGGTACTATATTAATTCTAACAGTTTTGGTGGCAAATATTTTCTTGTCAAATTTGATTAAAAAAGTCTAACTTGAGACAATCAAACAATGCTAAAAAGATTCTATAATTTGATTAAATGGAAAACTTT
NZ_CP054059.1_gap23	836790	837553	763	AAATTCCAGAAGATGAACAAGATGAGTTAAGAGATATGATAAGAGAAAATGCAGAAAGATGGATTGAAGAAATGTTATACCTTAGGTGAGAGGAATGATACAATCCTTCAGATTATTTGGACCAGTTTTTTGGAGAATTTTATGGTTGAGAAGAGTGATTTGGTTGATACGAGCTTGATATTAGGGAGGGTTGAGGTTTACAAGATTTTTATCAGGATGATTGATTTGCTCCAGATGAGTTTTAAAAATATATTAAAAAAATGGAATCTATAGATTTTTTCGATTTTCAGATACATCTTTATTGAGTTTTTTATTTTGTGAGTTTTGTGATTGGTTACTTGTTTTTTTATTGGATAGGTAAAAAATGATTTTTTAAAAAAGATAAAAAATTTCAAAGGTTTTTGGAAAAATGACTTGATGATTTGGCTTTGGCTTCAATACTTTGAGTTTTAGTCTGAGGTAGGCTTTGATATGTGTTGTTCTATGATTTGTGATATTTTATGGAAAACCCTTTGCATATATTTTTCTTGTGGCAGTGAGGTATGGCTTTTGTATGAGGAGTTATTTGAGTTATTTTATGATTTTTTTATATCAAAAGAAAATATTCTCTTAACTTTTCTCATCTTTTGTTGTTGTGAGATTTGGTGTTGATAATTTGAACATTATGAATTTTTTTGTGAAGGATATGAAATTTTCTAAATCAAGAACTTTACTGAAAACCTGTGAAAGATTTGCCATTTGTTTTGAATATAAATCTTTTGGA
NZ_CP054059.1_gap24	977359	978278	919	CAGTATTGTGTTTTGATTTTTGTTTTCAGTTATAGTTTTTTTTGTATTGTTTTATGGGTTTGATTCAGAAACTACAAACAACAATGGTTTGTATTCCAGCTCAGAAGATATGGTTGTACAGGAATTTGCAGTTATTCCTCATTTTATGATACAACCTCAAACTGTGTATAATTATTATGACAAACTAAATCACAAATATGCTTTGGATGAGGTTGATGATCTAAATATAGTCTTGATATCTCCAAATCATTTTGGTTTGGGTGAAAATAATTATATATCATTTTATGAAAATCCTAAAACTGATTCCTTGTGTTATGATAAATGGTGTATAAATAATACAAAATCTCTGGTTGATCAAGAGTTAATATATGATTGAACCTGAGCAGAATCTATTTTTGAATCTGACTACCTTTTTAGGTATAAAAATTGAAAATATACCACCAAAGAGCATTGAATTTGAGAACATTTTCCTTACATCAAAAGTTTTTTTGACAGCCCAGATATTTATCCTTTGGTAGTGTCTCCAAATGATTTTAGAAGGGTAGATGATGTGATAGAGTTGCTAAAAAATAAATTTGCAGACAAAAACACATTGTATATATCTTCTGTTGATTTTTCTCATTATCTCCCAGAAAACTTTGCTTATATGCACGATAAAACAAGTTTGTATACTCTAAAAAATTCTTTGGATATCAAAGATTATCAACAACTTGAAGTAGATTGCCAAAACTGTTTGTATATACTAAACAAATTGGCTAAGCACAACCAAAAATATCCAACTTTGGATTATAGAGACAGTAGCAGTTTGATTCAAGGCAAAGAGCTTGGGTATGATAATACTTCTAGACTTTTTATATCTTATGATTCTACAAAACCAGAAAACAACTGACTTACTATAGCCTTTTATGGTGATTTGATT
NZ_CP054059.1_gap25	994389	995705	1316	AAGCACAATCTTCTGTTATTCTTTCTTTATTTATTTTGATTAGTCTTCAACTTCCTCCTTTTTTGTATTTTACAAGCTTTTGTCAACACTTACAATAAACAGTAAGCATTTTATATTTTGTAAGTTTTCTACCAGACATATATTTGAAATTAATATTCAAAAAAATAGCATGTGTAGTTACACATACTATCTTAAATTGTTATTCTTCAAGTGCAGGTTCCTGCTGCTGCTCCTCTTCTCACACTCACAAAACATATAAGGTTTCTCTAGATGATTTGTCTGCCATATCTACAAATCAAGGAGTAGAGTCTACTTTTGATATTGGATGATCGATTTCTTCAAATATTCATTTTCCTTCCATATTTTGGATTAATATTACAATATAAATATTGGATTATATATTGATTTATTTTTACAATTCAACATAATTTTCGTACCCAAAACAATCATCTACAGCACAAGATTTAATTTACACATCAAATATTATTTGTTATAGGATTTAATTAAATTATCATACAAAAATACAGGTATAATAATCAAAGTCAAAATAGCAGACACAGACAAACCAAATATTATAGACCAAGCCAAACCACTCCAAACCGGGTCTCCAAGAATAGTTGTAATTCACAAAACTGTAGTCAAAGAAGTAATAATAATAGGTCTAAGTCTGGTTTTACCTGCATTTATTATACTAGACTTCAAAGTCCATCATCTTGCCAAAAGATTGTTCATATACTCTATCAGAATAATCGCATTTCAAACAACAATACCTGCCAATGCTATCACTCATATCATAGAAGTTGCACTAAAATACTCACCTGTAAGCAAATACAACATAGTAAAACCTGGGAAAACACCAAAAAATCATAAAAGGAAAGTTATCATTATAACACCTCAAATAGCAAATCACTTGAACTGACCCACCATCAAGAAATATATCAACATTAAAGCTATTATCATAGCAACACCAAGATCTGCAAAAGTATCCATAGTAACTTCCCACTCTCATCAAAAATCTATTTGGAATTTTTCTCCAGTTGCTTTATCCTGTATTTCAACTCAATATGGACTCCATCAAGTCATTTCAAATGCATCTCCCCAAAAATCATCATTGAAAAATGAAACAAACAATCCTATCACAGGATACACCACAGAATTTTCTCACATTTCTCAATAAATATATGCAGTTGGTCTAAGCTGATCTGTTCTTTTGAAATCATCAGACTCCATAGGCACAATATCCGCTACTTCTTTCAGTGGCACTTTTCTTCAAGTTTCACTTGTAAACCTGATATCATCAAAACTATTAATATCAT
NZ_CP054059.1_gap26	1091521	1095500	3979	GAATGAACTTATACAGAAGGCAGACAAGTGGATCCATCATTTCAATTTTATAATGCTCTCTCGGATATTGGTCTTGAAGTGTATTGACAAGTTTGATATGAAAAAATTTCTTGAGAAAGATTTTTGTCTGCAAAAGTAGCTTTAGAAAAATTGATAGAATTGTGAGAAAGAGAATGAAACCTAAGATTGAAGGTTGAAAGAGCTCAAGATAGAGATAACTTACAAAATATAGTTGCTTGATGAGATGTTTCATTGGATTCTGAGTGAAATATTTTGATTTGAGTAGATATCCAATCATTGAGGCAGATACACAGTGCTGTAGTGTGATGATCTTCTGAGAATTTTACTTGATCTGTAGATAGGATATCTGCATATTTTACCAATAATAATATAAATTCTTTTTTTCAGTCACTTTGAGGTGCAGTTGTTTATGGAGATTATAGTTGAGAAAGTTTTGGAACAGTAGATGAAATAATACAACAAGAAACTATAGATTGACAACAATATGATACTTATTCTCTAACAGAAGCTTGGGTACCTGATCATCAAGAGTTGAGGTGAATATTTTCTGGAACAACTCAACCATATTCTTTTTGAAAATATTGAGATGTAATATGAAATTTCAATATTAGTATAGATAGATTTACCTATGATAATGTTACAAATATTCTAGGAGAGGATATAGATCCATGATTGGATACTACCCAATATTCTATGAGGTGAGAAATGACATATCAGTCTCCTTCAGATAAGTCCAGAACAATATTTTGGTGAGAGGAATCAACTTGAGATGATAGAAATTATTGAATAGAACATCAAAGATATGTGGGGGATGGACTAAAGATTGTATGAAATATACAGCATTCCCAAACTGGAGCCTGATATGATGAAAATAGGTATTATGTATGAGTAAATTGGAATTTTGGTAGTGGTAAAAATCAGTTTTGAGATGTTTGAAATATTTCTCAAAATCATAATCACGCTCAGTATTGAATAGATAGACAATTTAGATGATATGAAACTTTTGAATATACCACTGATATTGCAAGGGTACAAGAATGATCAAATATAGATATGATTGAAGATGAAGATTGAAATCTTGATCGTTTGGAGATAAATGCTACTCAAGATCTTGTGGTTGGAGCAAATGCTTTTGTGGCCAGTGATGATTGAGTAAGATGATTATTTGAAGTTGTAGGTGCAAATACTATCAAAATTTCAAAAGAGAATTTGATTGATCTGGTTCGTGAAATATGATGAGATGAACTAACAGTTTGATTTGAGCAGCAAAACTGAGATATATATATTTTGGATTTACAGATAAGTCAGTGATCTATAAGCTTTCATTCTTATAGAAACTTGCCTAATGTGGCAGATGATTTTGCTTCTGATGTGGTTTCTAGGAATGTAGATGAAAAGATTTTTGAAGAAATGTTTGATGGAGAACTGAATGCAAATACTTGAAGACATATGCATTTGTGATTGGGTGATTTTGAGGATTGAAGGTTGAAAGAAAGGTATTTGGATGGAGAATATACAGCAGAAGTTATGAATGCTGTTTTTGAGTGAAGATATATTCAAAATACGATAGAAGACTTGAAGGAGTGAAATATAGATAATGACGAGGCTATAGATAGGATTGATGAAGAAGATGTAGATAAATCTGATTTGGAGAATAAAATAGAAATAGCAAAAGACAAAGAACAAGAAGATTATACTCCGGATAGTTGGGATGATTTACAAACTGTCTTGGATAATGCCAAAAATATAAATGAAGATGAAGATGCAACTCAGGATGAGGTAAATCAAGCATGTAAGGATCTGAAAGATGCAATAGATGATTTGATAGAAAGGGAAGAAACTCCAAATCAGTTTGAGTTTGAAAGAAAAGACTGAAAAAATTTGTGAGAAAAAGTGGCATCAGAGAAGGTGGAAATTGGTTGAATAAATGTGCCAGTAGATATAAGTGTACAAAATTGAGAATATCAAATAAATGATGGAAATTGGACGGATGCAGACTGAGAGATAAAAGCTTGAGATGAAGTAAGAGTAAGACATAAAACAGCAGATAATTATCAAACAGAAACAATAACTACATTAGAAGTATGATGAGTTAGTGCAGAATTTGTGAGTGAGACAAGGGAAGCTGATGTTCCAACATTTGATGGTCCAATAGAAGATCAAAATATTAGAGAATGAGAGGGTTTTGAATTGGATGTAAGTTGAGAGTTTGAGTGATGAGATTATGATATAGTGAGCTATGAAGCAGATGGATTGCCAGATGGATTGAGTATAAATGATGATTGAATAATATCATGAGAACCTGTAGAGGTTTGAGATTTTGTAGTAACAGTAACAGCAGAGGATAGTGAATGAAATAGTGTGACAAGTAATGAATTTGTTTTGGAGGTGAAGGAAAAGATAGATAAAGAGCCAACTAAGTTTGAGTTTGATGATATGGAAAACTTAGTACCATGAGAAGAGTATGATACAGATAAGATAACAGTAAGCGGGATAAATGTGCCAGTAGAAGCAACTACCACAAGATGAGTTTTGATAGTAAACTGAGAAGATAGATGAGAAAGTACTGAGGTTGAAAAAGATGATGAGGTAAAGGTAAGATTTACAGCACCAGATGGATATGAAGAGACTAGAGAGATTACAGTGGAGATATGAGAAAGAAGTGAAACTTTTAGTATAGAGACTAAAGAGGAGTTGCTTGAGCCACCAGAGGAAGCTCCAGAATGATTGAGTATAGAGTGAAGTGGATGAATAGTGGATGAAGAATGATATGAGTGGACATATAATAATGACTTTAGTTGGAATCCTGTATCATGAGCTGATAGTTATGAAATAACTTTGGTGAAGAGAGACTGAAGTGAAGAAGTGAGGACTACTACAAATACAAGTATAGAATTAGATGATGGATGATATGAAGATATAAAGGTGAGATGAGTAAATGAGGATGGAAAATGACCAGAATCAAGTTTGTGAGAGAAGTGGGAGATAGCTAATTGATTGGAATTGATAGAATTTAGTAATTGGATATCAGGTATTCCAGATGAACAATGAAGGACATATAATGGTCTAGAGATAAGGGTAAATTGAAAAGTTCAAGATAGTATAGTATGACAAACTTGAAGCACAAGTGAATGATGAAGTTATGAGATAACATGAGTTGATTGAGATAGGATTATATTTGATTATGAATCCCCATCAGATTTAGAGAAGGAGTGACCTTGAGACTGAGCATATCCAAGGGATGAAATAATTATAGAAGGTGCTTTGAATAAAGCAGGTAGAGATTCAGACATAAGTTTTGATACAAATAGGCTATCAGAATAATTAATTTTGCTTGATTTTATTTGTTAAATATTTATTATGCAAATAATTATTATGATAATTAATTTTTAATAAATATACTAATGATAAACTTTCTTTTGAAACTACTATTGCTTTTTGTGTTTTTGTTTTATATTTTTTTTCCTAAACACTATGTGTTTGCTAATGATATTTATATAGATAGTTTTGAGGTTTCTTGATTGCAATGAGATAAGGTAAAACTTAATCCATGAGAAGAGTTTAATTTTGAGATATCTGCTTCAAATAATTATTGAGAAATTTCTAGTCTATTTTGAGTTATAGATTTTTGAAATAATTTTCAGTTTTCTATAACTGAAGATGAGGTAATTTATAGATGAACTAAATGGTCTTATGATGAATTTATAAATTCCTCTGATTATTCTGATGATTATTGAGTTAATGTTTCTATGGAGTGAAATAACGAAGATTTGTATATAAGTGATGAATTTATGGATCCTGATTGATTTAAGCTTTCCTCTGATGCTTCTGAATATAAAAGTCATCTTGAAGCTTGATTTGAATCTGATCAATTTTCGGTTTTTGATACAAAAACAATATATGCAAATGTAAAACCATATATTACAGATTATTATTTTGAAAAATCTGATGGTTCTAC
NZ_CP054059.1_gap27	1096967	1100548	3581	AAAATATGATTATGAAGGTGATACTTTTTATGGACAATGAATAGATTCAGTAGATGGTCAAAATATTGATATCCAGATAGAGTCTTTGTGAAATACGGCTGCAAGTAGTGATAATTTAAGTATACTTACTTGAGATAGTGAGGATGTATGAGCTATCAGATCTGAGGCTTGATGATTCAATAATTTACAAGAATGATTAGAAATATTGGATAAACAGGATCCAGATGTACAAGATTTTTCAGTTGATACTGATGGTGATTATATTGACTGAGAAGTGGATTGGTACTCTGGACATGCTGATTTTTCATGGTGGGTTAGTGAAGAGTTAGAATGATGAGCAGGTAGTACAAGAATAGAGTTTCATGATATGAATAGTAGTTCACAAGAAAATATTAATTTAACATTGTCTGAAAATCTTTGAACATGAGAAAATTCTATTTCTAGAGATTTATCTGAAAGACTTAATTGTTGAACTGTTTATCAAACAAGACTTAGAGCAGTAGACTTGGCAGATAATACTTGATTTTCTGATTGGGTATCAAATATATGATTTGATAATTGTGCTCCTAGTATTCCTGAATTGCATACTAAAGATGTAGTATGATCAGAAGAAATTGATTTTTCTTGGGATGAATCTGGTGATGATGACTGAAATGGATCAGGAGTTGATAGCTATGATTTAGAAGTGTATGAATGATCTTCTTGTGAATGAACTCCAGAAATAGAAGAAAATACTTCCAATACTGAATATTCTACAACTCTTAGTGATGGTGATTATTCTTGGAGAGTTAGAGTTACTGATAATGTGGGTAATGTATCAGATTTTTCTGATTGTGATGATTTTACTGTAGATACTGATGTACCAACTATAGATAATCAACAAATTTTTGATACTGAAATAGAGTCTACTAATTATACAAGAGAATGAAGAACTGTACAAATAAGTGCAGATATTACAAATACAAACAAAGAAAATGTATATCTTGATCTTTCTTCACTTGCTTGAAATTGATATGAAAATTTAAGATGTTCTGATGCAAGTTGAGATGTTGAATGTACTGAAACTGATTGAAATTTTTCCTTTAATTTTGAAGTATGATTTGATTGAACAGTTTCTGAGTGAACAAGACAAGTTGAGTTTGAGTTTGCTAATGAGTCATCACAGAATACATGAACACAACTTGTTTCTACTACTGTAGATAATACTGATCCTGACTTGGAAGCAGATCCAATAATATCTCCTGAATGAGGTGAAACTTATTGATGAGATGAAATTCAAATAGAATGGAAATCTATAGATTATGGACAATCAGGTAGGAGAAATATTCAATTTGAATATGCTACATGAGATTTTCAAGATTGGAATGAAATATTTCAAGCTTCTACTTCTGGACCTCGTACTTGGGATATATCAGACTTTAAATGACAAAATAATTTTCAACTTCGTTTAACTGCCAAAGATAGATCTCATAATACAGCAGTATTCACTTGAGGAGAGTTTACCATAGATAGAACTCCTCCTGAAATAGATGAAGATCAAATAAATTTTGAGATTGCTTGATGAAATTTGGATTGACAAATTTTCAAAGAATGAGATGATTTGATTTTGAATTGGAATACTTGAGCTATAGAATGAGCAGAACTACCAGACAATCCTTTGAATTTGTCTTATTCTAGGAGTTGATGAGATAGTTTCAGTGATATAGAATCTGGTGTTGAAAATAGTTGAACTTATACTTGGAGTATACCAGATATCAGTTCATCTGATAATGTTTTGATAAAATTGGAAGTGGTTGATGAGTTTGATAATACTGCTTCTATAGATACTGATACTTTTGTAGTAGATAATACAGATCCTGATATAAATATTTGAGATAAAACTCCTCCTAATGGTAGAGAAATAAATCATAATTGATTTGATGTTAATTGAACATCTTCTGATAATTATATGTCTGGAATTTATCTAATGTTCCAAAACGAAGCTGATGAATATTGGAGTAGTGATCTGCTATCTGACACATCAGAAGGTGAATATATATGAGAACCTACTTGGAATTTAATTTGTGAAGATGATGAAGAATTAGCAACAGATGAAAGTTGTGATAATTTTGAACTTACTGATTTTGCACCTAAGATAGAAAATTCTCAAAGTTATCAGCTTACTTTGAAAGCAGTTGATAGGGCAGGTAATGAAACTATTACAACTACTAGAAATTATGATGGAGATACACAAGAACCTGAGATTGAAATCTCAACTTGAGTTCACTTTATGAGTGGAGATAATATATATTTCTGAGAATCAGGTATAAATCTTACTTGAACTGCTACTGATAACAAGTCAATTTCGTCTGTAGAGCTTGAAATTACAAATGATGATAATCATTATTGGAATTGAGATGATTTTCAATGAGAACATTATGCAGTTACAGCAGATATAGAATGAGAACAGCCTTTCAAAGATTGGAATTATGAGTTTTCTCCAGAATGAGACACTGGTGATAATTTTGAAGTAAAAGCAATAGCTTATGATAGTTCTTACAAAGTAAATCTTACATGATCTGATACTGCAAATTTGGTTTTGGATAAAACTCCTCCTACTATTGAAGATGATGTATTTACTTTTGATACTGAAGAATTTTATGCAGGAGGGGATAATTTAGAAATTATTTGGAATACTTGAAAAATATATGATGATTTTTCCTGATTGGCAGATAATCCTATCAATTTGTATTTTGATGATTGAGATGAATTTAATAAAATAGCATCTAGTTTGCCAAATAGTTGAAGTTATGAACATACATTACCAGAAGTAGATACATCTGAGGCATATGTGAGAATAGAAGCAAATGATAATGTTGGTAACAAAAATCATAGGAATTCTAATGAATTCCAAATAGATAGTACTCCTCCAGAAATTGATAGAGTAGAAACTGCATGAGACTGATATTGAAAAATAAATAGACTAAGAGTAATTTTCTCAAAAGATGTTAATATGGATTCCTTTGGTACATGAGTATTTTCATCTGATAAAGGTATTACATTTGATAAAAGAACTAGTATAAATGATGATAGATTTGAACTAAAATTTGATGTAGCAACTGGTACTACTGCTACTAGACCAACTCTTTCTTGGAGTGGATGAGTTATAGAGGATTTGGCTTGAAATAAATTGGATATGGATGAAAATTCTATGCAAGCTGAAAATAAAGCAAGACCTGTTGTTATGAATGCTGGAATTTTTGATAAAGACAAAGACTGAAAATTTGATGAAATTCAGATAGAGTTTAGTGAAGATATGCAAGAAGTAAGTGATGAAAACATATTCTCTTTGAATAACAATTTAGCTTGATTAAGTATTGATTCTGTTTCTAGAGATGATTGAAATAATTCAATAATTAATATTTCTTTATCTGGTCAAGAAGATATAAACACATATCCTTGAAATATGACCCTAGATTTTGATTGAAATTCTTCTGATTATGTTGATTTAGCAGATAATGAAGCTAAATGACAAGATAACATAGAATTGCTTGATAAGGCTAATCCTATACTTTCTGATTGATTTTGAGTTTTTCGTTCTA
NZ_CP054059.1_gap28	1106485	1111198	4713	ACCTATGACTCAGCCAGATAATGAGGAAGAAAATGGAGAAGAATCTGAAGAGACTGAAGATTTTAAAGAAGAAACTAGTTTTAGTTTGTGAGAGTGAACTCAAACATTTTCTTCTGCAAGAGGTTTTGATATAACTTTATCAGAAATGATGATGTATTCTTGAAGAATTGTTTCAGAGGATTTTAGCATAGATTGACTTGATTGTAATTATAAAATATGAATTACTCATTGGCAAAATGAAGATCAACTTGAAACTGACCCATGAATTGGAGTTTATTATTGTGAAACTTCCTTATCAGAAGACGATATAAAAACTAATATCTGATCAAACTATATTGTTGAAAATGCAGAAGAAAATATTATAATTATTGAATATAAGGATCATTATAAAGAAGCAGCAGAAGATATAATTATAGATTAAAAACAAAAAATGGAAGCTTTTTTTCTACTGTGAATTGTTGGTTTTCTAGTGTTGGTTTATTGGTTAAGATGATATATAAGAGAAGCTACTGTTCAGGAAGTTATGGTGGGAGTAGTTGCTTTACTGTGATGAGTTTTTTCTGCATCTTTGGTGCTTTTTTTGGGTAAATTGTATGATCTAAAAGAAGTTTTTCTATACTCATCTTTGGTTTGACCTTTTGTTGAAGAGTTGTCTAAATTTTTGGTAGTTTTATTGGTTTATATTTTTTTCAAAAAGCAATTTGAAAATAGTATATGGGCTTTGGTAAATGGTATACTAGTATGACTATGATTTGGTTTTTATGAAAATATAATATATATTTCTTATTGAGTTGATGATGTGTGGATAACTTTATATAGATCTTTGATTGTGTGATGATTGTTGGTTCATCCATTGACTGCTTGAATATATTGATATATGTTTTATCTTTCTGAAAGAGCTTCATCATTTCTGCCAAGTATTTTTGATAATGAAAAAAGAGAATTTTGTGTTGATAAAAAGTGAATTATAGAACTGATTAAGTATGTATATTATAATTGAAAAAATTCTTTGAAGGATATAATTAAGCTTTTTTGGAGTATGATCACAATACAAACCACTGTTTATTATATCATTGAAAATAATTATAACAATAAATCACACTCTCCGTTAGAACTTATATATGAAGGACTTTTTTTATGAGTTTGGATTCATATTTTGTATAATAGTTTGCTATGATTTATTTCAGAACCAGATTTTTATATTGGGGTAGTCTGAGTAGTATGAGTTTTGTTTCTTTTAAGGGTGTTTGTAGCTGTTTTTCATAGTTGGTTGCTTGGTATATTGATTTCATGAGTAATTTTATTGTGATTTTTGAGAATATGACCATATGAACAACTTTTAATTTTGTCATTAATTATTTTGCTTGTTACATTATTTATTCTTTCTTGGGAAATCAATCAAAAAATAAATTCTTTTAATAGATAGTAGTTCTATGAAAATTCTGGTAATAAGTTTTTCCCATAAAATATTCTTGAAAAGCATTCTGCTTCATATTTTGCTCAAGTGAGAGCATTGTGAGGTTGTGGTTCTTCTCATAAGTTGAAATAAGTAGCAATACTGTCCAAGCTAATGTCACTATTTCAATCTTCTTTTATGGGAATATCTTCTCAGTTTGAAATAAGATAATAATAAAAACAAGCATGCAGGTCTACAGTTTTTTGTGTAAGTGGATAGTTAATTCATCATCTCTTGCAGGCTTCTTTCATTATTGGAACATCTAATGCATGTGGATGTTGTCAGGCAATAATTTTTTCATCAAATTGTTCTAGCCAACTTAAAAATTTTTTCATTAGTTTTATTTCAGATTGCTTGCTATTATCTGTAATCTCTTCTATTGAAAATCAATTGATATCAAGTGCCTCTTGTGTATAATTTGCTCAATCCCAAATTTTACATTCTCAATAAAATGTTTTTTCTGGTTTATTCAAACTAATGGCTCAGATACTTAATATACTACAAGTTTGGGGATCCAGTCAAGTTGCCTCAATATCTACAACAATCATATATTTTTTTAATAAGTAAATAAAAAAGTTTATAAGAAATTTATATTGATTTTCAATAAAAAACAAATAAAAGTTGATTAGTGTTATTTATATAATGTTATTGAATATGTACATATTTGCTTTTTCTAGGTTTTCTTGAGTTGATAAAGTTTTTTTGTGCGAACAAAAGCTAAAACTTTCTATCTGAGATATTTTTGAGTTTGCTTGAGAATATTATATAAATCTTTGAACTGAAATTGGAGATAATGTTTCAAATATAAAAAAAATATCTTTTGATGAGACTCAAGTTTGTTTGCTTAAAAAAAATTTTATATCTAAAAATGTTCTAAAGTTTTTAAAAATTTTTGTGGAAGAGTATTGTACTACTTACAAAAATGCTTTGTCTTTATTTATTCCCAATAATGATATAAAAAAACTTCTTTCATATAAATGCAAATTTTGTACTCCCAGTTATTCAGACTTAATAAAATATTGAAATAAATATTATTTTTCTGAAAAGTTTTATGAAGGTCAACATCTAATAATTGTTCCAGATATATGGACTTGATCCAATTTATTTAGTTGATTGACAAAAGATCACAAGATTTTTCATTGAAAAGATACAATCAAAAACAAAACTGAGCTTTTTTGGCATGCAAAAAATTGAAAAGTATGAAATATGATATCTACACATTCTCAGATATTTAAGGATTGGAAAAATTTGAAGTTGATTAGTATTTTACAACCACATAAATGGTATTATAAAAATCACCAAGATCCAAGATACGATGTTGCAGGTGTTACAAGAATTATGAGTAAAATATATTGATCCAAAATTCAGTTTTTTGAAGATTTGAGATTAGTTGTTTAAATTTAAAATTTAACTTATTTAAATGGTGGAACTTTTGAAAGATTTTATAAAATTCCCTTTTGATAAAAATAGAAAAAATAATAAGTTTAAGGTTCTTCTTGACTTTCTTTTTATAAAATTTCCTGCTTACTTTTGGGAAAAGCCTAATATTTGGAAAGTACTATTGTTTCCAATATTATTTATATATAATATTTTTTCAAGAAAGAAAAGATAGTATGTGTATTTTAGTTTATAAGTAAATTAAATATATTATATTTTATATTGAAAATGCCTTGAAAAAACTAATAATATTAGTATTATTTTACTGTGTTTTTTATTATATAAATCAAAAAAATGTTAAAAAGAATTGTAGTATGAATAATGATGACTATGTTGTGATTAATGAGTTTTTCTTGATTAGCTAATGCACAAATTGAGTCATGATTTTGAGATGCAGATGAGACATGATGAGTTTGAGTTGCATGAGCTTGAGAAGATCAATGAGAATGATTCTTGGATGTAGTTAGAAACTTTGTAAACTGGGTTTTGTGAATAATGGCATTAATAGCTTTGATTATTCTTCTATGGGGAGGATTTTTGATGGTTACTGCTGCTGGTGACGAAGAGAAATATAATAAATGATTTAAAATACTAAAACAAGCTGCAATTGGTTTGATTATGATGTGAGTTGCTTGGTTTATAGTAAGTATAATATTTACGGTTATAGATATGGCAACTTAGAAATTAAAAAAGTATATGTAAAATCCTTCAAGTTCGCTTGAAGGTTTTTTTGTTGAAAAAAAAAAATTTTTTATTATAAAATAATTAGAGTTATACTCTAAAAAATTCTCAAAAATAATAATCTTTTATTTGTATCAAATATTTTTAATAATATAGTATAAATTAGTTGTTTTTAGAAATTTAAAATTCTTAAATATTTATTTTATAGTTCTAAATTTATTAATGAAATTTTTATGGAAAATTAAATGGCTCCTTGAAAGAAAGCTTAAAAAACTAAATAGTAATATAAGATGATCACATATCTGAGTAAGTCTAGAAAAATCTATTAAAAAAATACCAAAAGAAATAAGAATATTAATATTTTTTGGTTTTTTGTTGTGAGTTATTTTTATTAGATTATTTCAGTTACAAATAGTTCAGGCTGATGATTATAGTCAAATTCTTGCATGACAACATTTTAGACAATCCACATTAGAAGCAGAAAGATGAAATATTTTTCTTACAGATAGCTCATGAAATGAGAGAAAGCTTACAGAAAATGTTGATTTATACAATATTTTTGTAGATCCAAAGTTTATAGAAGATGAGGAAAGATTTGTGGAAATTTTGTCTCCTATTCTTTATAAGCATTTTTGTGAGTTGAATTGACTTGAAGAGCCATCAGACAAAGAATGTATTAGAAATATTGAAAACTTTACAGAAAATGAAATACTACCACAAGAAGAATCAGAAGATTTTTTTGTAGAAATGGAATTGGATGATTGAGAAGAAGAGGAAGAACAGGTTTTTCTTGATCAAGATATGCTTGATGATGAAACTCAAGATGTAATAGATGATTTCACGAAAGAAGATTGAATTGATTATATTCAAGAAAAATTATCTGAAATGGTGCAGTGATGAGTTAGGGATAGAAACTATTTTTGATTTTTTGAAAATGATGAATTGTTGAATGATATGGAATCTATTTGAGATTTTGTAGAGATATCAGGAAATTATATATATTTTATTCCTGAAAAAGTAGATAATTTAAATAGAAATGCTCAGCAAATATTTCAGGTATTTGAAAAACATAATTATTCTTATATGCTTGAAACAATTAGGAATTCCCTTACAGAAAGAGAAATTAGATATGTAAAAGT
NZ_CP054059.1_gap29	1117393	1120829	3436	GAGTTGTAATAAATGATGTTGAGGAGGTTTCTCAAGAAGAGCCACAGCAACATGAAGATGACGAAGATACTCAATATGATACTAATGAAGAAGACGAAGATCTGTATGAAGAAGATGAAGTTTATGCTGATCAAATTAATTTTGAATATTATACAACTGAAGATTGACAAATAGATTATGCTTCTATATATCAGGAATATATAGAAGAAAATATTGGTGATATTTTGGATACCGATAAAGATATACAAATAGATTCTTTTGAGTGGGTTGAATGAAATACAGTTAGAGTTACTTATTCTAAAGATGATGAAATAAATCATTCTGATATTCAAGTTTATATAGATGATAATCATGTACAAATACAATCTATTGAAGATGTTGAGTTGGAACAAACTGAAGAACAACCTCAAGATGATGAAGATGATAACGATGATGTTGATTGATATCAGGTTGATCTTGAAGCTTATACAGATGAAGATGGTAATGTTGATTATTTTGAATTATATTATAGTGTACTTGAAGAAAATATATGAGATATTGTCTACAGATCAGGAGATTTTGAAATAGAAGATATTGAATGGGTTGAATGAACTGTTGCTAGAGTTGTTTATTGAGACTGATATGATAGCTTTGTGGCAGAGATAGAAGTTTCTTTGTGGTGAAATACAGTACAGATCCAAGATTATGAAGAAGTATCAGATTTTGAATAATATAAAAATCTTATACTTGATTTTTATAGTCATATGGTTATCATGATTAGTACCTTTAGATAATAAACGAGTTAATAATATGAGAAAATTGATATTAATGATTCTTGGTTTCTTTACATTGAGTTTGGTTGCATGTGTAGATGAGCCAATGGATCCAGACGGTTGAGGTGATGCTCAGATGGATGATTGATGAGCTGATATGGATGATGCTTGAGAAGATATGGATATGGATCTAGAAATGTAATAAAAATTTAAAATTTTAAAAACCCCTTCTTGGGGTTTTTTTATTTTAAAAAAAGTATATATTAAATAATACTAGTTTTTATAAATTTAAACTTGAATGATTTTTACAATGAAAAGTAAAGAACTAAAAAACAAATAGAATTGGAATTAATATAGAGGAAATATCAAATTCTGAAAATTCGATTTCAAAACCGCACAGTAAAATAATATAGAAAAAAACATTTAAATGGAGTATAATGATATTACCAACTTACATATTAAAAAACTATCAAAAGTTAAAATTAGTATATTCAGAATGTATTAAAATTGAAGTCCTTTTAAAACAAAATTATTCTAAAAGACAAATTGCAAGAGAAATTAATAGGAGCAAGCTTACTATCTCTAATTAGATAAAAAAACATTTTAGAAAAAAAGTCAAACCCTATAAATATTGAACTATAAAGGCTTGATATATTTATGATCGTGTGGTATTCACCATAGACCCATAGAAGCTTATACAAAAGAAGAAATAGGACATTGGGAAGGAGATACAATATGGTGAAAAAACAGAAAAGGAGGAATTCTAACATTTACTGAAAGAGCTAGTTGATTTGAGCTGGCTGCTATATTGAAGAAAAAACTTCAGACAATGTAACTATTAAAGCTAAATAGTTTTTTTGATAAATTACCAGAACTATTAAAAAAAAGCATAACACTAGATAATTGAAGAGAATTTGTAGAACACTACATGCGAAGATGAATGATATGAATAGAAACATATTTTAGAGATTAGTGAAATGCAGGACAAAGATGACTAAATGAAAATACAAATCAACTATTAAGACATTTCTTTCCTAAAGGTACAGACTTCAAAAAAATAACACAAGAAGAACTTGATTATTATGTAAATTTACTTAATAATAGACCAAGAAAAAGATTATGATTTCTAACTCCCATCGAATTTCTTTCTAAATATAACTGTGCGGTTTTGAGTTAGAATCTACAGAATTTGTACTTGAATTTATTATTTTTGTTCATAAAATATATTGTACAAATATATAAAATATATTTATATTTTAAATAAACACCAATGAGTAATCTATTACAGTCATTAGGAAAATATAGTATAGTAAGTTTATTAATATTTTTTATTTCTTTTAATTTATCTTTTGCTAATACAGTGGATTCCTGAGCGAAAGAAAACAGTTCAGATTTGTCTTTTGTAGAATGAGAGATACTGATTAAATACAAAGATGTTTCTTGAACTGATTCTACAATGTCGACTTCTGATCCTTTTGAGGCTAGTTGATACCAAATTGATAATCAAGAAAGGATTTTAGACAATATGAATATAGAAAAGATAGAATATAGTATTGATGGAATGGAAACTTTTTCTACCCAAGATGAAGATGAAATAAAATCTAGAAAAAAAGAGATTATTAAAGAACTTGAAAAAAATCCAGATATTGAGTATGCACAACCTAATTTTATTTATGGAACTCAGTGATTTATAGATGATATAGGTGATTATGAAAAATTACGATGACACAAAAATATGAACTGGGAAGAGGGTTTTCAGATTTTTTCAGGGGCTGGTAGTAAAGAAAAAATAACAGTTTGAGTATTGGATACTGGTATATATTATGAACATGATGAGTTTGAATGACAGATGATAGAAGGTTATTGAAAAGATTTTGTTGATAATGATGAACCAATTGATAGACATTTCCATTGAAGTCATGTAGCAGGAACAATAGGTGCAAATTTGAATAATAATATTGTTTGAATTAATCCTAATATAAAACTTTCTGCTTTGAAAGTCTTAAGTGATCAGTGATGGGGTACTACTGATGACATAGTAGCTTGAATTGAGTATGCTACAGAAGAAGGATATGATATATTAAATGCTAGTTTGGGAGGAAGTAGATGGTGTGAGTTTAGATGATGGGAAGATCAATTATATTATGAGTCAATAAAAGATTTTTGAGACAGTTGATGAATTTTTATTGCATCTGCTTGAAATAATTCAGCTGATCTAGATCAGGATCATAACTTTTATGTACCAGCTAGTTTTTCAACTAATTTTGAGTGCGGCTGAGTAGAAAGAGAAGGATTAGATAATATGATAACAGTAGCTTCTTCTTGAATAGAAGAAGATGGATGATTAGAAGAAGATAGACTTTCTAATTTTTCAAACTATGGAACTAAAACAGTCCAAATAGCTGCTCCGGGTTACTCTGTATATTCAGCTGCAGACGAGAATTCTTATACTTATGCTAATTGAACTTCTATGGCAGCACCTCATGTAGCATGATTAGCATCCTTAATTATGGCTTATTCTCCAGATAGTGATTATGAACAAGTAATAGAAGCTATCAAAGACTGAAGTAGACAAGTAGATACTGATGTAGGTGATGAAACTATATGGGGATCTATTGCTGATGTTAAATGAACTTTGGTTTCTGTTACTGAATATGATAATGATGTTGAGTTAGAACTTTTTG
NZ_CP054059.1_gap30	1129196	1129696	500	AGATACTTGTGTCTTATCTTGCATTATAGCTACATAAAGTTCTCTAGAATAGTCGTCTATTCATACAAATAAGTATTCAGACTTTTTGTTTGCTGCTCATCTTATAAGAGGTAGTTTTTTTGTGTCAAAATGCATCATTTCTCAAGGGTAGTTTTTATTGTATCTTCTAGCTTCTTTGTTTTTCTTTTCTATTATCTTAGATTCTATTTTAGCTAATCTAAGTAATCATCGCCTAATGTTTCTAAATCTATTATTGATAGAATTTCTTGGTAAAAACTCTTGAGTTCTTGCTCTCTTTATTATCTTGTATATGGTAGGCAATGATACATTGAACTTAATATGTAAATCCTTAGGCTTCATTCATCTTTTATAGTATTCCCAGACCTCTTTTCTCTGGAGTGGTGTTAGTCTTGTATTTTTATGTATATTCATTACATAGTTTGTTATCAAATAAATAGTATTTTGTATACACATTATTTTTAACAACGCTATATAATCTT
