gap_id	start	end	length	sequence
CP001110.1_gap1	12592	15572	2980	GTTGGTGCCCCATCAACCCCGTCTCGTTCGAATCAACCATTCATCCTGGAATCCATGTTATCGGTGATGCATCAATCGCCGGAGCGATGCCTAAATCTGGCTTTGCAGCAAGTAGTCAGGGTAAAGTGGCAGCGGCGGCCATTGTCCGCTTATTCCAGGGTAAAGTACCCGCAGCGCCTTCGCTGGTCAATACCTGTTACAGTTTGCTTGCTCCCGGATATGGTATTTCCGTTGCAGGTGTTTACAAACTGACCGCAGAGGGTATCGTTGATATCAAGGATGCTGGCGGAGTGACACCAATCACGGCTGATGATGACCATCTCAACGAGGAAGCCATGTTTGCAGAAGGGTGGTACAGTAATATTGTGCATGATACATGGGGATAAGATTTTTTTGTAGTTGACAGAAGTAAAAGCCCGGCTGGAAGCCGGGTTTTTACTTTACACTCTGTTGATCCGGCTATCTTGGGTGGGGATGCAGATTGTTAGATAATCAATACCCCATTTTATATATTGGCTCAATTATTTCTTTCGAGCGTAACGCGATGCCATCAATGAAAAATAAACGTTTTAACCTTCTTCTTATTGCCGTTGTCACTCTTATGGCTCTCTGGTCATTATGGCCAACCTGGAGTGACTACACTCTTTCGAAGCAGCTCGATTCTTTTGCTTCAGCGCAGGATAGTCTGAAATATGTACTGAATCACCGCGAAGAGCTTGAAAACGCCCGCAAAAAGAGTCTGAAACTCGGTCTGGATCTGAAGGGCGGGATGCATCTGGTTATGGAGGTTGATCAGGTGGATCTTTTTGAACAGAAAGCATGGAATAAGGATGGGAAGTTTACTGCCATCATGCAGAATGTTCGGACAAAAGCATCGCAAAGTGATGCAAAGGTTATTGATCTTATCTCCTCCGAGTTCAAGAGTCAGAATATTCGCCTGAGCCGATATTTCTATGATATCCGCAATTCAGATCAGGAAATTGTTTCGAAACTGGAAAAAGAGTCTGAAGATGCCCTGAACCGTGCCAAGGAGATTATCCGCAATCGTATTGATCAATATGGTGTTGCCGAACCAGTCATTACGACACAGGGAAGCAGGAAAATCATTATTGAGCTTCCTGGTGTTTCAGATGAAAACAGGGTGAGAAACTTGCTCAAAGGGACGGCAAAACTTGAATTCAGACTTCTTCGTGAACCTGAAGTGATGGTCAGGACGCTGGACAGAATCAACTCATATCTTGTTCAAAACCAACAGAATAGTGCCGCAGTACAGGTTGCTCCCGTTCCTGACTCATCATCAGCCGCCTTGCCGGCGCCTGTTGCGCTCTCCGTGCCCAAACCTGTGGCGCCCGTTGCTCCGCAGTCATCTGCAACACCGCTTTATGATGTGATTGGTGTTTTTCAAAATGGTACCGCATTTACAACCGAGCAGTCGAAGGAGTATGTTGTATCGCTGTTGCACCGCAGTGACATCGTGGCATTATTCCCTCCGGATAGTGAGTTACTGCTTGCAGCCAAGCCCGATGTGGGCAAAAATGGAGAAAAGCTCTATTCCATCTATCTGGTCAGAAAGGGGCCTGAGCTGACAGGTGGTGTTATTACAGAGGCAAAAGCCACTTTCGGCTCAGAGGGTGTGCAGCCTGAGGTTTTGATGTCGATGAATTCCGAAGGGACGTCAAAATGGGCTCGTATTACGGGAGCCAATATCGGCAAGCGCATTGCAATTGTGCTGGATGGAGCTGTCTACAGCGCTCCTGTTGTGCAGTCAAAGATTCCAAACGGTAATTCAGTGATCAACGGGATTGAAAGTCTTGAAGAGGCGAAAGATCTTGAAATTGTCCTTAAAGCGGGCGCTCTTCCTGCTCCTGTCCGCATTATTGAAGAGAGGACGGTTGGGCCATCACTCGGCGCTGATTATATTCGCGCCGGAATGCAGTCCATTATCTGGGGTTTTGTGGCTGTGGCTGTTTTTATGGTGGTTTATTACCGGCAGGCGGGAATCGCTGCCGATGTAGCTGTGGTGCTTAACATCCTTATTGTACTCTCGGTGCTTGCAGGTTTTAATGCATCGCTTTCACTTCCGGGTATTGCCGGGATTGTGCTGACCATGGGAATGGCGGTTGATGCGAATGTTCTGATCTACGAACGGATACGTGAAGAGCTTGCTGAAGGCAAGTCGGTTATCACTGCCGTGACGCAAGGTTATGAACGGGCATTTTCCTCGATTCTTGATTCACATGTGACAACCCTCTCAGCGGCATTTCTGCTGTATACGTATGGTATCGGACCTATTCAGGGGTTTGCTGTAACATTGATGATCGGTACCTCGGCAAGCTTGTTTACGGCCATTGTGGTGACCAGAGAGATCTTCCATCTGTTGTTCATCAAAAATCTTATGTCAGACAAAAGTTTCGGTTAATATTTCAAGACGTTTCAACCCATGAGGATCTTTCATAATACCAGCTTTAACTTTATCCGATATCGTAAAATTGCGTACGGTTTTTCTCTTGTTCTGCTTGTTTCGGGCCTTGTTTCTCTCGCTGTTAAAGGGCTGAACTACGGTATTGATTTCAGGGGAGGTTCTGAAGTGGTGATACGCTTCGAGAAAGATGCTGATGTCGGCCAGATTCGTTCGATACTTGATGCGGCAGGTGTTTCAGGCACGCTGAAGCAGTATGGTATGGATCGCTCCTTTCTGTTCAGCACGGTTTTCCAGGGAGATACGGGGGAGTTGAAATCGCTTGTATCCAATGCACTTAATGATCGGATCAAGGATAATCGTCATGAAATTGTTCGCATTGATGCTGTGGGTCCGAGTATTGCATCCGATTTGAAATGGTCTGCGGTTAAAGCTCTTGTTGCAGCCCTTATTGCGATTCTTATTTATGTCGGCATCCGGTTTGAAACAAAATTTGCCGCAACGGGTGTTCTTGCGATTTTGCATGATGTGCTGACAGTTCTCGGAATTTTCAGTATTCTT
CP001110.1_gap2	49966	52436	2470	GCTCTCTGTCTGTCGATCAGTTTTTCGGCCAAAAGAGTAGCAAGGTTGTACGTTGTTTCCATGGCGCTTAAAAAGTTTATGGAGGAGCGCCAGTAAGGAATTGAGCCAAGTCGTTTTGGCATGGTAGCCTGTACTGCTGGTGAAAGATGAGTGCATGATGGTTCGGGAGAAGGCGAATATCCCCAGAATGCGGCATGTTCGGAGGGAAGAGGTTCCGGTATTGCCGGGGGGTCGTCACCGGTAGCAGTCTGACGTTTGTAACCGATTTTTCTGAGAAACTCCTCCTTGTCTATTCCCCGTAACGTGAAAAGAAGAAAAGGATCCTGGTCAAAGGCCTCTGCCATCAAGTAAACAACAGCGGCAATGTGTTTGCAGGGGTTTGAGTAATCGGGACACGAACAGGTGGTTGTTAAATCATTGTATTTTGCGGGAAAGAGAGCAAGCCCTGCGGTTTTGAATACCCGTGCAAGATTTTCCGGCATCTCCCCGCTGAGGAGCTGCGCTATATATATCGGTTTCGAGGTAAGTTTTTGGGCCAACAGCTCTTTTTGCTCTTTTGAATAGGGCGTCAGTGTGATGGATACCTTATAGGGGCGAACTCTTGAGCCCTGCACTTTTGCCGCAACTCCCTTTTTGGCAGTGATGACAAGGTCGGTTACCTGCCCTTTTCGTGCGTAAGATTTTCCCCTTGTAATTCTCTCGCCAATATCAAAATTTTCAAGTGTTGTAATCCACTCTTTTCCCCACCAGGTTTGCCCGAATGCTCCCCGTTTGTTTTGGGCCTTTATACCACCGGCTACTGCCCTTGGGGCGGAGGAGGTGGGTCTTTTATACCAATAGTATTCCATAGCTCTTATTCTCCCATTGCTTCCTGTCCGAGCATAATGAGCTTGCGCAGATCATTGTTCGACAGTTCGGTCAGCCACTGCTCACCCGTTCCGAGAACCTGGCCGGCGACCGTTGTTTTTTTCTCAATCATCTCATCAATGCGCTCTTCGAGCGTGCCCGTCGTAATAAATTTATGAACTTCAACGTTTTTGTGCTGCCCGATACGGAAAGCCCGGTCAGTTGCCTGATTCTCTACTGCCGGGTTCCACCATCGGTCAAAGTGAACAACGTGGTTCGCTGTTGTCAGGTTAAGACCCGTTCCTCCGGCTTTCAGTGAGAGAATAAAGATGGAGGGTGAACTGCCCTCTTCCTTCTGGAAGCTCTCTACCATCTCATCCCGCCTTTTTTTGGTTACGCCACCGTGCAGAAACAGTACCTCTTCACCGTACAACTCCTGAAGATAGTGCTGGAGCATCGTTCCCATCATGGTAAACTGTGTAAAGAGCAGCGTTTTTTCGCCAGCTTCGCGGATGTCGCCAAGCAGTTCGGTCAGGCGTTTTATTTTTCCTGAACGATGTGCAATGGCAGAGTTGTCGCCAAGCAAATGTGCCGGATGGTTGCAGACCTGCTTGAGCTTGACCAGCAGCGCAAGTACAAGGCCCCGCCGGTCAATCCCTTCGGCGCTTTCAATTTTCTCCTGCAGTTCATCGACAACAGCCTTGTAGAGCGATGCCTGCTCTTTGGTCAGCGAGCAATACTCTTTCATTTCGATCTTGTCGGGCAGATCGGAAATAATCGACTTGTCGCTTTTCATGCGGCGCAGAATAAACGGGCCGGTCAGCGACTTCAGTCGTGCTGAAGCCTCAGGGTCGCCATACCACTGAATCGGCGTGTAGAAGTTCTGTTTGAAAAAGTGCTGGGTTCCAAGAAAACCGGGATTGAGAAAATCCATGAGTGCCCAAAGGTCGCCGACATGATTTTCAACGGGAGTGCCGGTCAGGGCAATACGGTAATCAGCCCGGATTGTTCGGGCAGCTTTTGACTGTTTTGTCTCAGGGTTTTTGATGTTCTGCGCTTCATCGAGAATAATGCCTGCCCAGGGAACCTTCGACAGAAATTCAAGGTCGCGCTGTAACAATCCATAGCTTGAAATGACAAGGGCTGAAGCGCTTGCAGCTTTGCGAAAATCTGCTGTTTTCATCCGGTCGATACCATGATGCACCAGCACCGCTAAATCCGGAGTGAACCGCTCCGCCTCCTTTCGCCAGTTGTTGACTACAGAGGTGGGGCAGATCAGGAGCACCGCCCTTTTTTCTCCAAGTTCACGCTCCCGCTGCAGCAGTGCAAGCGTCTGAATGGTTTTGCCAAGGCCCATGTCGTCGGCAAGACAGGCGCCCAGTCCCCACTTGCGGAGAAATGAGAGCCATGAAAAGCCTCGCTCCTGATAGAGGCGAAGCGTTCCCTCGAAATGCTCAGGTGGTGGAAGCAGTTCAAATTGTCCCTGAGAGGAAAGTTTTTCAAGCAGTTCCTGAAGCCACCCCTCGATTTCAACCGATCGAAGAAAGAGAGCATCCTCCTTTTTTTGTGCTCCGAGAGCTGTTGAGAGGAGTTCTCTGGCAGAAAGTTCACCAGTTGGATGTTT
CP001110.1_gap3	78326	82987	4661	CTTTGGGATACCATCACCAGTGGCAGGAACTGGCAGGGAGAATTTCATAACAAGAAAAAAAATGGTGAGTTATACTGGGAGAACTCTGTTATCGTCCCGATTATTGATCCCACCTGGGCTATTTCCCATTATGTGAGCATCAAGCAGGATGTTTCCCTGCGGAAAAAGGAGCTGGAGGCTTTTTCTGAAAGCGAACGTCGCTTTCAGGAGCTTGCTGATCTTTTGCCTCAGACTATTTTTGAAGTTGACCTTCAGGGCTGGATTACCTACACCAACCGTGAGGGCTTTGAGACCTTCGGATACACCCAGGAGGATTTTCAAAAAGGAGTCCACAGTATGTCTCTCTTTGTCCCTGAAGAGCGTGGACGGGTGATGCTTAATATGGAGCGTCGGATGAAAGATATTCCTTTTGCCGACCATGAATATACTGGACTGAAAAAAGATGGTACGACCTTTCCTATACTTGTCTATACCGCAAAGATTATTCGTAATGGCAAGCCAGTCGGTGTTCGGGGTATTGTGCTCGACATTACCGCGCGCAAACAGACCGAGGAAAAACTGCAGCAATTGAACCAGACGCTTGAGGAGCGCATTGAGGAGAGAACCAAAAAACTTGAAACAACTCATCAGCAGATGATTCTGCATGAAAAACTTGCTTCAATAGGCATGCTTGCTGCCGGAATTGCTCATGAGCTGAATAATCCGATCAATTTTGTCAAGATCAATTTTACAACACTCAAGGAGTCCGTTTCCGACTTTCAGGAGATGCTCAAAGAGTACCGCAGTGTCATCAGAAGCTTTGAGGCGGGAGAATGCAGCGCAGTTGAGCTGCAGCGGATGCATCAGATGGAGGCCGAACTGTATATTGATACCCTTTTTGGCGATATTACGGAGATATTTACTGAGTCACAGCGGGGTTTTGAGAGAATCACTGCGATAATTGCGAGCATGAGGAACTTTTCGTTTAGCCATGCTATCGACGAGAGGGTTCTGTTTGACATTAACCACGGAGTCCGTGATGCACTCACTATTGCACGCAATGAATACCGCAACTGCGCTGAAATTGAAACCCTCCTTGAGGAGTTGCCACTCGTCCCCTGTAATCCCGAGCAGATCAATCAGGTCTTTCTCAATCTTATTGTCAACAGTGCTCATGCCATAGCATCAGCAAAGCGCAGCGTACCTGGCAAAATCACTATTCATACCTGGTGTGATACTACTGATGTATACTGTTCAGTTGCTGATGATGGGCCGGGCATCCCGCAAGAAGTTCAGAACCGTATTTTTGATCCGTTCTTCACGACAAAAGAGCCTGGTAAAGGTACCGGGCTTGGGTTGAGTATCTCCTACGACATTATTGTCAACAAACATGCCGGGACACTCTCTGTTGAATGTCCCGCCGGGAAGGGAACTGTTTTTACGCTCTCACTTCCGCTGAAGGCAGTCTGAAGTTTCTGAAAGATCATCAAGGGCAAGGGCCTTTCATACTTGCCTTATGCTTTCGAAGTCTTTGGTAATGGAGTGAAACATTTTGTTTGTCGCGGTCTGCATGATCATCGACATCCCGGCGTTGGTCATGGCGTGAAGAATTTTTTCGGGAATGATCCGGAAGGCAGGGTAAAGAATAAATCGGACATCGATTTTTAAATCGAATTGAACCCGTGTTTTGTTTTCCTCAACGGGATGCATGTACATATCGGCAAATGCTTTTCCCTCAAAAAGATACTTTTCCGGATCCTCGATCCTGGAGGCGACAGGGTAGTGCTTCCATTGCACCTTTTTCCCGATGGTGTAGAGCTTGATCATCTCTTCGGAGAGCTCATCAGGGTTAGAGCATTCGACGTTCTCAGGCAGTTCTATCAGGAGCTCTTCACTCTGTTCAACAAAAAAGATGATATCGAAAGGGTTGCTTTGCGGATCGGTAACACGAAAAAGCCACTTGTAGACGTTTTCAGTGCTGGTGAGTTCAACGCTGTGACAGAAGGGGTTGAAGCCAAGTATTTTTTTCTGGTCCGAAAGGTAGGCCGTTGTTTGATCAAATTCTCCTTGAAATATCCAGTCTCCCCGGCTTACTCCAGTTGCATCCATTTCCATGATCGTAGTTCCACAGGTTTCATTTCATTCGAGTATGCCCACAACGCTCTCATCCATTTCAAAAATATAAGGAGAATTTGTGACAAACTCTCCTTTTCAAATGGTTGGCTTTGTTTGCAGAGGGAGCGTTTATACAAGCTCAGCCTGCAGACGTGCGGCCTGGTCATGCATTTTGAGAGCATTGATGATATCCTGAAGGTCGCCTTGCAGGATCTGTGGAAGGGCGTGGCTGGTGAAGGCGATACGGTGGTCTGTTACGCGCGACTGCGGGTAGTTGTAGGTTCGGATTTTTGCGCTCCGGTCTCCGGTTGTGACCATCGAACGGCGCAGATCGGCTCGTTGCTGCTGTTGTTCGGCAAGTTGGATGTCGTACAGTTTTGTTCGGAGCATCTGCATGGCTCTCTCCTTGTTCTGGAGCTGGGAGCGCTGCTCCTGGCAGGCAGAGACTATGCCGGTTGGCATGTGGGTGATTCTGACTGCGGTCTCTACCTTGTTGACGTTCTGTCCCCCTTTTCCGCCGCTTCGATAGGTGTCGAAGCGCAGGTCTTCACGGCGGATCTCAACATCGACTTCCTCTGCTTCCGGTAATACGGCAACGCTTACCGCAGAGGTATGAATACGCCCCTGTGTTTCGGTGTCGGGGACACGCTGTACCCTGTGTACACCGCTTTCATACTTCATGGTGCCATAGACATCATGGCCGTTGACACTGAGGGTAATTTCACGGAATCCGCCAGGAACGGAGCTTTCATTGAAGTGCAGTGTTTCGCACTGCCATCCCTGGTGTTCGGCATACCGCTGGTACATTCTTGTCAGGTCAGCAGCAAAAAGTGCGGCCTCTTCTCCGCCGGTACCCGCCCGGATTTCGATGATGACGTTGCGAGAATCGGCCTCTTCTTTTGGCAGGAGCAGTATTTTGAGCTGTTGCTCAAGTTCTGGCAGCTTTTTCTGCAGTTCGCTGATTTCAGCCTGTACAAGCTCTTTCATCTCTGCGTCGCTTTCGCTTTTCAGTAATTGGCGTGACTCATCAAGCTCTGTTTTTGTGGCAGCATAGAGGTCGTAGGCCTGTACGATTTCACGGAGGTCGCTGTACTCCTTGTTGAGTTTTCGGAAGCGGACTTGATCGGCGGCCGCATTCGGGTCAGAAAGCAGTTGTTCAAGATCAAGATGTTTCTCTTTTATGGATTGCAGTTTGTCGAGCATTGATGCCGGGCGTCAGCCTCAGGGGTTGAAAAGATCGTTGATGAGAATGTATGCGAAAAGTGACAACAGCAGGGCCATACCGATCTGCTGGATGCGCATTTTGATTTCAAAAGGGATTTCCCTGCGTATGATGCCTTCAAATGCATTCAGCACGAATTGGCCGCCATCAAGGGCAGGAACTGGCAGGATATTGATGATCGCCAGGGAGATGGAGAGCATGGCAAGAAAGAAAAGGAAGCTGACAGGCCCCTGTTCAGCGCTCTGGCTTGCTATTTTGGCAATCTTGATTGGTCCGCCTACTGATTTTCGAAAATCCTCCTTGCCCGTGAAGATTTTGGCGAATCCCTGAACGGTCATGGCGCTCATTTTCCATGTCTGGTTCACTCCGCTGACCATCGATTCCGTGATACCGACTTTTCTTCGTTCTGTTACCAGCGTCTGTTTCAGTGAAATACCGATTTTTCCGGATTCATTGGGTGTGACCGTGGCGATAAATATTTTACCTTCAGTACGGATTCGCGCCGCTGTTATTTTCTCTCCTTCGACAGGTTTGAGGTAGTGCCAGGTAATGGAGATGGGTTTGGCGGCATGTGCAGAGATGATCCCGACAACTTCCGTCCAGTCGGAGACCGTTTTGCCGTTGATTGCCGTAATGAGTCCTCCGGATTGTATTCCGGCTTTTTGGGCGGGCATGTTTTCCAGAGCTTCGTCGATGAGTGGCGGTACGATTGGACGTATGCCGAGACTCTGCGTTTCGTTGATAGTTGAAAGGATGTTTGATGGAGCCTTCAGGGTGATGCTTTGCTGGTCGCGAAGAATGGTATAGTTGAGCGACGGGGTGATGAAGAGCTCCGGATCGAGAGCCTCTTCCCAGCTTTCAAGTTTTTTGCCGTTTGCCAGTTGCAGGCGGTCGCCGGTTTTCATGCCCATGGTTTCAAAGACGGATCCTTTTTCAACGAAGGCAGGAGTGTTGACACTTGTTCGGGCTTCTCCGAGCACAAAGGTTATGCCGAAAAAGATAACTGCCGCGAGAATAAGGTTCATGGTGACCCCTCCGGCAAGCACAATCAGCCGCTGCCAGACTGGTTTGGCCCTGAACTCCCAGGGTTGGGGATCTGAGCCCTGAAAATTGGTGTCGAGGCTTTCATCGACCATGCCGGCAATCTTGACATAGCCGCCGAGAGGAAAGACGCCAATACCGTATTCGGTTTCGCCAATCTTCTTTCTCCAGATTCGCTTTTCCCAAAAGTCAAATCCGATATAAAACTTGTCGACCCTCATGCCGAACAGTTTTGCTGTCAGAAAATGGCCAAGTTCATGTGCGGTAACGAGAATGAAGATGGCGACAATGAAAAAGAATACTG
CP001110.1_gap4	98339	102257	3918	CCGAAATTGTTTGTGTTTCTGAGGAGCAGTTTGAATCAGGGTTGATAATGTTCGGGAAATATCATGACAAAGAATGGGGTTTGGTGGATTGCCTATCATTCCTTGTCATGAAAGAAAAAGGAATTACACTCGCCTTGACTTCTGATGACCATTTTGAACAGGCCGGTTTTACGACTTTATTACAACTCTGATGACGTGCTGGGTATGTAATGCTTAATGAAGCTGCAAGTCCATGCTCTCCAGTTGTTGATTTTACTGTATGTTGTCGTGATGCCTTTGTCAAAGCCTCCTTTGTCCCATTGTGCGAGTGATACTGTTACGGTGCCATCTCAACATCCGGCAAGATTTCGATATCCATCCAGTCCATGCCGGAATTACTCCCCGGCTTTTTTTGCGGTCAGTGAGCTGGCTTTTTCGTATGTTGAGGAGTTACCATTATTGCCATAGTGGGGTTGTTTTGTTGCCTGTTGGCGGTAAGTTGTTGTAAAATATAGTTCATTTATGAAGGATAGAGGTTTATGAGTAGCTTGAAAGAGGAAGAGATGGTGAGTGCCACACAGGTAAAAGAGGTAGCTGTTGGTGAGCTGCTGGCAAGAAGGGCTGCTGAGCTGGCGCTGGAAAAAAAGTGTGAAGAGGTCAAGATTCTTGATCTCCGGGGTTTGACATCGGTTACCGATTATTTTGTGATTGTGACTGCCGATTCTGATCGTAAGGCAAAGGCCGCAGCGGAGCATATTATTGATGAGCTCAAGGTTGATGGCGAGCGTCCGATGCATGTTGAGGGAATGGATTCCATGCACTGGATTCTCCTGGACTATATCGATGTTGTTGTGCATATTTTTATGCCGGATGAGCGCCATTTTTATGACCTTGAATCCCTCTGGTCGGATGCACCTGTAATTACACTGAGCTGATATTATCCACATTTTTTTGCAGTTAGCTCTTTTCAGGCGTACTGCATTGTTCAGAATTCAGACGGATTTTTATACATTACGCCGTTGAGTTATTTATATCAATTATCACCCAGGATTTACCTATGCAGCGCGAAAGAATAGTCCCGATCAGTATTGAAGAAGAAATGCGGGGTTCTTATCTCGATTATTCGATGTCGGTCATTGTCAGTCGTGCGCTGCCCGATGTGCGGGATGGACTGAAGCCGGTTCACCGAAGGGTTCTTTTCGGTATGCACGAACTTGGTCTGCAGGCAGGTAAACCGCATAAAAAGTCTGCCCGTGTTGTTGGTGAAGTGCTTGGCAAGTTCCATCCCCATGGCGATACCGCTGTCTACGACAGTCTTGTGCGTCTGGTGCAGGAGTTTTCCATGCGTTATCCCCTGATTGACGGTCAGGGAAACTTTGGTTCGGTTGATGGTGACTCTCCTGCTGCCATGCGATACACGGAGGTGCGCATGAAGAGCATTGCCGGGGAAATGCTGAAGGATCTCGACAAGGCTACCGTTGACTTTTCCCTTAATTTTGATGACTCGCTTGAGGAGCCTACGGTTCTTCCGTCGGCGATACCCAACCTCCTTGCGAATGGTTCGTCAGGTATTGCGGTCGGTATGGCAACCAATATTCCACCCCAGAATCTCCGGGAGGTTGTTGATGGCATGATCGCCCTGATTGCAAATCCGGAACTGGAAGTGGCTGATCTCATGAAATATGTGATCGCACCTGATTTTCCAACTGGCGGAATTATTTATGGTTATGAGGGTGTTCGTTCGGCTTATATGACCGGCAGGGGTAAGGTTGTGATCCGGGCGCGGGCCATTGTTGAGATTACTCCGAAAAACAGTCGGGAATCGATTGTTGTTACAGAGCTTCCTTATCAGGTGAACAAGGTGCGGCTGATCGAGAAAATCGTTGAGCTGGTGCACGATAAAAAAATTGAAGGTATTGCCGATATCCGCGATGAGTCTGACCGTGACGGCATGAGGCTGGTGATTGAGCTGAAGCGGGATGCTGTGGCTATGGTTGTTCTGAATAACCTGTACAAGCATACCCCGATGCAGGATACGTTCGGGGTGATCATGCTTGCGCTGGTTGATGGGGTGCCGAGGATCCTCAATCTCAAGGAGATGATGGTCTATTATATCAAGCATCGCAATGAGATTGTTCTGCGCCGTACACAATTTGACCTTGCGACAGCCGAAAAGCGGGCCCATATTCTTGAAGGACTGAAGATCTGTCTTGATAACCTTGACGAGGTGATTTCAACGATTCGTGAATCACCGGATGCCTCAACGGCTCAGGAGAGGCTCATTGAGCGTTTCGGACTGTCGGAGTTGCAGTCGAAGGCTATTCTTGAGATGCGTCTGCAGCGTCTGACCGGGATGGAGCGCAAGAAGATCGATCTGGAGTACACGGAGGTACTTGCCTTTATTGAGGAGCTGCGCTTTATTCTCGGCAGTCCTGAGAAACAGATGCAGATTATCCGCGAAGAGTTGCTGAAGGTCAGGGAGGTCTATGGTGATGAACGCCGGACTGAAATTGTGCCGCAGGAGGGTGATTTCTCCATCGAAGATATGATTGCCCAGGAAGATGTGGTGATCACCATTACCCATGAGGGCTTTATCAAGCGTTTCCCGGTTTCGGGTTATCGCCGCCAGGCACGGGGTGGCAAAGGGGTCACAGGGGCTCAGGCCAAGCATGACGATTTTGTCGAGCATATGTTTATTGCCTCGACCCATAATTATATACTCTTCTTCACCAACAGGGGCCGTTGTCACTGGCTGAAAGTGTACGAAATTCCTGAAGCTGGACGTGCTGCGAGGGGTCGTGCGCTGGCCAATATCATGGAGTTGCAGCAGGGCGAGAAAATCAGAGCCTACATCAATATCCGCAATTTTGATGAGCCGGGGTTCATTGTCATGGCGACGACCAATGGTATCGTGAAAAAAACACCGCTTGAAGATTTTTCTCATCCAAGAAAGAATGGTATTGCTGCCATTACTATTGATGAGCATGATGAGCTGCTTGATGCCCGTCTGACTGATGGTGATCATCAGATTATTCTGGCCAAGAATTCCGGTTTTGTCGTACGCTTTCCCGAGGCTGAGATCCGCTCGATGGGACGTACTGCCATGGGCGTCAAGGGTATCACGCTTGACGAGGGTGAGAAGTGTATTTCAATGGTGACCACCAAGCGCTTCGATACGGCGCTGCTTGCTGTTACCGATAACGGTTTTGGCAAGAGAAGTCGTGTGGAGGATTATCGACTGACGCGGCGCGGTGCTCGCGGGGTTATTACCCTTAAGGCTCATGAAAAGGTTGGTGCACTGATTGGTCTGTTGGATGTCAATGATGACGACGATCTGATCATCATTACAGCTCAGGGTATCGTGAATCGCCAGCATGTCTCCGATATACGGTTGACTGGCAGGAACACTTCCGGAGTCAGGCTTGTCAGGCTGATGGCCGGGGATATCATTTCTGCTCTGGCGCGAGTGCCGAAGAGCGATGAAGAGGTTGATTCTGATGTGCTTCTGGAAGATCCTGATGGTCAGATTGACCTGTTTTAAGTCACTGCCAAACATGGGAAAGTATGGATCCGTTCTGTGACGGTTCCCATGAGGCAGAACAATAACGATAGCTTTTATTTATCATTAATCAAGGACGGACGGTTTCATGGCTCGACCGAAAAATGTGAAACATATTTTTGTGACCGGCGGGGTGATCTCCTCGCTCGGCAAAGGGATTCTGTCGGCCTCTCTCGGGATGCTGCTGAAGTCGCGTGGCCTGAAGGTGGCTATACAGAAATATGATCCCTATATCAATGTTGACCCTGGTACGATGTCGCCCTACCAGCACGGGGAGGTCTATGTGACTGATGATGGAGCTGAGACGGACCTTGATCTTGGCCATTACGAACGTTTTCTCGATGAGTCGACGACGCAGTCTTCAAATCTGACGATGGGGC
CP001110.1_gap5	105469	107066	1597	TCGCGTGTTTAAGGTAAGACTGGTAACTGGGACTAAGTCGTAACAAGGTAGCCGTACCGGAAGGTGCGGCTGGATCACCTCCTTTCAATGGAGATTGGCTGACAGCAATGTCGGTGCAAACTCAAAAAGTACCGATCCGACTAAGAAATATGACTTTGGCAATTCACTTGACAACTTTTTTTATTGATTACTGCAGCGATGGAAGGAATGTAGTAGTGGATTAGCAGTTTGAAGATTGATCCGCGTATTGTTGGGGCCTGTAGCTCAGTTGGTTAGAGCGCACGCCTGATAAGCGTGAGGTCAGTGGTTCAACTCCACTCAGGCCCACTACAGTTTAGGTTTAAAGTATTGACCTATATTGTTTTGGGGCTTTAGCTCAGTTGGTAGAGCGCCTGCTTTGCAAGCAGGAGGTCAACGGTTCGACCCCGTTAAGCTCCACGGTAGTATAAGATAGAAAGAAGATAGTACCCTGTTATTTGACAATTTGAAGCAATAAGCATAAATAGTAAGTTCCTTTTTGAACTTATAAACTTTCCTGTTAATGTGAAGTAATACTCATCACTAATAGGTTTTTGGTTAAGTTACTAAGGGCGTACGGTGGATGCCTTGGCACAAGAAGGCGAAGAAGGACGTGGCTTAACTGCGAAAAGTTGCGGGGAGGCGTAAGCAGCCAAATATCCGCAAATATCCGAATGGGGCAACCCATCTCTTAGGAGATATCCCGAAAGGGAAGCTAACCCGGGGAAGTGAAACATCTCAGTACCCGGTGGAAAAGAAAACAAAAGTGATTTCCCCAGTAGCGGCGAGCGAAAAGGAAACAGCCCAAACCGGCTGCTGTTTCGGCAGCGCCGGGGTTGTAGGACTCCAACAAGTGACAGAGCGTGATAGCAGAATCATCTGGAAAGATGAACCAAAGAGGGTGACAGTCCCGTAGGCGAAATCACAACCTGCATAGGAGGATCCTGAGTAGCACGGGGTACGTGAGGTCCTGTGTGAACCCGCGAGAACCATCTCGTAAGGCTAAATACTCTCTTGTGACCGATAGTGAACTAGTACCGTGAGGGAAAGGTGAAAAGTACCCTTAAGAAGGGAGTGAAATAGTACCTGAAACCGTACGCTTACAAAACTGTAGGAGCTAACCTGCTTTCGAGCAGGGTGTGACTGCGTGCCTTTTGCATAATGAGCCTACGAGTTACTGGTATGCTGCGAGGTTAAGGCTTTAAGAGCCGGAGCCGTAGCGAAAGCGAGTTCTAATAGAGCGCTGAGTAGCATGCCGTAGACGCGAAACCGGGTGATCTATCCTTGATCAGGATGAAGTATGGGTAAAACCATATGGAGGTCCGAACCAGTGTGGGTTGAAAACCGCTTGGATGAATTGAGGATAGGGGTGAAAGGCCAATCAAACTCGGTGATAGCTCGTACTCCCCGAAATGTCTTGAGGGACAGCCTTGGGGTTTAGTCTGCCGGAGGTAGAGCTACCAATTGGGCTAGGGCTGTCACAACGGTACCAAACCCAGATGAACTCCGAATGCCGGTATGATATACCCAGGAGTGAGGGCATGAGCGATAAGGTCCATGTCCGAGAGGGAAACAACCC
CP001110.1_gap6	113594	115023	1429	GTATCAAGGAAATTCTATGAATTACGTTGTTCGTATACCCGTCTGTACATTTCTGTTACTTTGCCTGTTCTCCATCGCTGATGCAGGAGCGGCATCTCCGGAGAACAGGAAAAACACAGGAGTGTATCTTAATGAAATTTCTGCTGCTACCGGTTATTGTCGGGGGGAGTTGAAAAAAGAGCATGAGAATTTTGCGGTTTATCCCCTTCTTGCGCGAATCGGCTTCAATATTAATTCTCTTGCAGGTATTGACGGATCCCGGAATACCTTGCAGCTTGGAGTTGAGCCGTTTGTTAATATTGTTGCCGCATCGGATCATGGTGTTGAAACCGGGCTTGGTGTCGGGTTGCGCTATTATCACAACTGTTTTGTGCCGTTCGATCTTTTTATAGAAGCGAGCGCTGCTCCCATCTTTCTGAGTATCGCAAGTATCGAACAGGGCAACCCTGGCTTTAACTTTCTCCTGCAGTCCGGCGTGGGTTTTCAGTATAAACTTTCCGCCAGAAATGCTTTTTTTGCCGGTTATCGCTTCAGGCACATCTCCAATGGAGGTCTTGTCGCTGCATCGAATAGTGGTATCAATTCGGACGCCATCATTGCGGGCCTGTCATGGTTATACTGACACTGAAGGGCAACAATCCTTAGCTTCTCAGATGTTTGCCACTACTCCTGTTCGGGCAGCCATGATAAAGTCGTTCATATGTACTCCTTTGACAGAGTGTGTCCACCAGGTAACCGTTACCTTTCCCCACTCAGTGATCAATTCCGGGTGATGTTGCTCTGCTTCAGCCAGTTCGCCGACGCTGTTGGTGAAGGCAAGTGCTTCCCGGAAATCAGGAAAGGTGAATGTGCAACGCAGTCGCATCATATTTTCAACCCTGATCAGTTCCCATCCCGGAATATTATTTATAAGTCTTCTGCATTGGGCTTCAAGCATTGATCTTGAAACTGATGTGTGAGGTATGCAGAGCATGTAGTTGAGTCCCTTCATGATGGCTCTCCTGTGATGTTTTCGAAGTCTCTTGACCAGTTTGGTAACGGAACATCTCCAATAACCGTTTCTTTCTCGTGCATATGAGAAAATAAATATTTTTCTTTTAAGGTACTATTGTGATTTTATGTTGTGGGTATTCATGAAAAACGATGTAAAAGCCCTTATTTTGGCTCTTTTGACGCCAAATTTTTCTCATTTCAAGAAGAAAGTCGGAGAAAGTGTTTGGAAGTTAAGGAATTGGGTGATACATTAGGAGCCCACTGAAGAATGACCGAAAGGGAAAGCGAAAGTGGGGAAGAGCCTGAAAGATGGCACGTTATTTGACAGTATGAAGTTGAGGGAAAAGCGAAATGCTCAGGTTTCAATTTTTTGGCTGTAAGAGGCTAAAGAGTTGAAAAGAAAAGGAAAAAAAGATTTTGCAAGTGACCAGAAAAG
CP001110.1_gap7	117555	120053	2498	AGGTCCTGTGTGAACCCGCGAGAACCATCTCGTAAGGCTAAATACTCTCTTGTGACCGATAGTGAACTAGTACCGTGAGGGAAAGGTGAAAAGTACCCTTAAGAAGGGAGTGAAATAGTACCTGAAACCGTACGCTTACAAAACTGTAGGAGCTAACCTGCTTTCGAGCAGGGTGTGACTGCGTGCCTTTTGCATAATGAGCCTACGAGTTACTGGTATGCTGCGAGGTTAAGGCTTTAAGAGCCGGAGCCGTAGCGAAAGCGAGTTCTAATAGAGCGCTGAGTAGCATGCCGTAGACGCGAAACCGGGTGATCTATCCTTGATCAGGATGAAGTATGGGTAAAACCATATGGAGGTCCGAACCAGTGTGGGTTGAAAACCGCTTGGATGAATTGAGGATAGGGGTGAAAGGCCAATCAAACTCGGTGATAGCTCGTACTCCCCGAAATGTCTTGAGGGACAGCCTTGGGGTTTAGTCTGCCGGAGGTAGAGCTACCAATTGGGCTAGGGCTGTCACAACGGTACCAAACCCAGATGAACTCCGAATGCCGGTATGATATACCCAGGAGTGAGGGCATGAGCGATAAGGTCCATGTCCGAGAGGGAAACAACCCAGAGCTACAGCTAAGGTCCCTAAATTCAGGCTAAGTGTATTAAAAGATTGTTTGTTTGCTCAGACAGCTAGGATGTTGGCTTAGAAGCAGCCACCATTTAAAGAGTGCGTAATAGCTCACTAGTCAAGCGAACATGCGTCGATAATACCCGGGACTAAGCCTGATACCGAAGCTTAGCGTTAGAAGTAATTCTAGCGGTAGGGGAGCATTCCATGGGCGGTGAAGGTGACTGATAACGGTTGCTGGAGCGCATGGAAACGAACATGTAGGCATGAGTAGCGATAAACAAAGTGAGAAACTTTGTCACCGAAAATCTAAGGTTTCCTGAGCAATGTTAATCATCTCAGGGTTAGTCGGGTCCTAAGGTGAGGCCGAAAGGCGTAGCCGATGGAAAACAGGTTAATAGTCCTGTACCAGATCATGAAGGTTATTACCTACGGGGTGACGCAGAAGTGAAAGGAGAGCCACCGGACGGAAGTGGTGGTTTAAGTGCGTAGGCTGAAGTGTAGGCAAATCCGCACTTCATCAAGGCCGAAACACGAATAGGGTGCTCGTAAGAGCCACAACTCTCCCTAATCATGCTGCCAAGAAAAGCCTCTATGGGACAACATGAACTGACCGTACCGTAAACCGACACAGGTAGATGGGATGAGTATTCTAAGGTGCTCGAGTGAGACGCAGCTAAGGAACTCGGCAAATTAGCCCCGTAACTTCGGGATAAGGGGTGCCTGGTATCCAGGCCGCAGTGAAATGAGTCAAGCGACTGTTTAACAAAAACACAGCTCTCTGCTAAGACGATTTAAGTCGATGTATAGGGAGTGACACCTGCCCGGTGCTGGAAGGTTAAGGGGATCTGTTAGTTCGATTTATCGGGCGAAGCTCTGAACCGAAGCCCCAGTAAACGGCGGCCGTAACTATAACGGTCCTAAGGTAGCGAAATTCCTTGTCGGGTAAGTTCCGACCTGCACGAATGGTGTAACGATTTGACTACTGTCTCGGCTGCGCGCTCGGCGAAATTGTAGTGCCGGTGAAGATGCCGGCTACTCGCATCTGGACGGAAAGACCCTATGCACCTTTACTATAACCTGGCATTGGGCTTGAGCATGATTTGTGTAGAATAGGTGGGAGACTATGAAGCGGGGGCGTTAGCCTCCGTGGAGTCGCAATGTGAAATACCACCCTGGTTGTGTTTGAGTCCTAACTTCGACGAGTTGATCCTCGTTAAGGACAATGTCAGGCGGGTAGTTTGACTGGGGCGGTCGCCTCCTAAAAAGTAACGGAGGCTTACAAAGGTTCCCTCAGTTCCGTCGGTAATGGAACGTAGAGCATAATGGTATAAGGGAGCTTGACTGTGAGACTGACAGGTCGAGCAGGAACGAAAGTTGGTCATAGTGATCCGGTGGTCCCGCATGGAAGGGCCATCGCTCATAGGATAAAAGGTACGCTAGGGATAACAGGCTGATCCCCTCCGAGAGTTCATATCGACGAGGGGGTTTGGCACCTCGATGTCGGCTCATCACATCCTGGGGCTGGAGAAGGTCCCAAGGGTCCGGCTGTTCGCCGGTTAAAGTGGTACGTGAGCTGGGTTCAGAACGTCGTGAGACAGTTCGGTCCCTATCCGATGCGAGCGCAGGAAATTTGAGAGGGCTTGTCCTTAGTACGAGAGGACCGGGACGAACAAACCTCTAGTGCACCAGTTGTCACGCCAGTGGCATAGCTGGGTAGCTACGTTTGGTTGAGGTAAGCGCTGAAAGCATCTAAGTGCGAAACTCGCCTCAAGATGAGATTTCCCCATCAGGCTCCAGGAAGATGACCTGGTTGATAGGCTACAGGTGTAAGCACAGTAATGTGTTCAGCCGAGTAGTACTAATAAGCCGATCGACT
CP001110.1_gap8	127156	130269	3113	GGCGCACTCGACCGAACTCGTGCATTCTCATCGCCGTGGCGCCGCAAACCGACGGATCAAACTGGCAAGTGCTCGACATGCCCGCCAGCGTCTCCCGAAGCGCATCCACCGTCTCGCGAACCCAAGTGATATTGGGGTCAACCAGAGTAAGGAATTTCATGTTGCGCAAGGCGAATTTCATCATGTTCCCCTCACTGTAGTAGCCGTTATCGGTAACGATCAAGGGTTTCTCAAGGTTAAAGCACTTGAGTTGCTTCAGGGTGTTCTCAATGGATATGACGTCCGGAACATTGCCAGGCTGCTTGGCGAATGCTAACGGCTCGCGTTCCTTTACGGAATACAAGGTTAGAAGCTTGATGGTTTTCAGTCCGTCACCATCCTTATTGAACCCATGCCGTGCTTCCGACTGGTTCTCGGAGTAGGTCGATATCGTGGTCGAATCAAACGCCAGCACAGGTGCCTTGCCCAGGCGATCCGCCCGGAAGGAGAAGTAGCGCTGCACGCGGTCTTCGTCGCACCCGACACATTTGAACAAGTCACTGTAAACGTCTTCAGTGATAACTTCGCTGTAGGGAAGGGAGTGCATTACCTGCCAACCCTCAAGGCGTGGCAAGGTGTTTCCGCCGGAACCGATCCAGTAACGCGCAATAGAGAGAATCTTGGCAGCGTCGCCCTCGCTGAACGAAGAACGCACGTCATCGTCAATGCCGGAGGCTTTACCGACCCACTCCAGAAGATCCGTGAGGCCACTGTGCCTGCGTAGCGCACCAACCAAGCCCCCTTCATTTTTGCTTTTTTTCGGGCGTGTAGGGATTATCTCCTGTGTTCCCGACTTGATTTTCCCTTGGAGCTTCTGACTGACGGTATAGGTCTTTCTGGTTCGTTCATTATAGCCTGTAACCCGCTCATAGATGTAAATATCGCCATTCGGGCGCCTTTCACGCCGTTCGCCAACGTGAGTTTTTCCAGTTACTGGTTTAGACACGGGGTATTCTCCTTTTTAAAGTGTTTTCCTTATTATACATACGTACACGTTAAAAAGCAAGAAAAAAGCGCGGTTTTTCTAAAAAAAACACAACTTCTCCGGAAAAAACACAACTTTTTTTGAAATAGTGCTCAGGTGGCGATCTTTTTTAGTTAATGTGTGCGCTTTATCCGACTTTCAGGATACACAGAAGCTGTTCACGCTGGCAATGCTAATCCTTACCGGGTTTTGAATCCCTTTCCTGAAGCCCCCTTTGGAACCTCCACGCAATGCGTAACAATAATCGTTCTGATCCTGAGCTTTTTTCCCTTAAGCTTTGTACCTTAAAGTATTAGGCAAGATGCATGGTTTTTTTCAGCCACAATGAGACGCACAATTCCAGGGAGGAACCGTGACCAACGAAAAAAGAACGCCAATGGATTTAATGGATGATATTTACAGCCTTGCATATTGGATGACCGGCTCAGAGGCATCAGCCACTGAGTTGGTCAACATAACCTACCTGAATGTTACTCTTGATACACCGGAAAGTGAGGTATACAAAACATTCAGAGAGTGTTATTTCGACACTTTCGGTTACGAAGAGGCACCCTGTATTCCCAAACCGTCATGTAACCCTATGGAAAAAATGGGGAGTGTATTACTGCAGCGGGATGCCGATATAAAATTATCAGTACTGCTTTCAGCGGTTTCCGGGCTCAAACACGGAGCGATATCCAAAATAATCGGCAAACCCCTTGACACCATCAGAGAGTGGCTATCAGTAGGGCGTAAATCGCTTGCAGAGAGAGTTCTCACATATGATGCCTCACTTTTACATGGCATTTCCATCGATAAAGATCCGCTATGAAATAACTTCGATCAACCGTAAAGCCATAGGATGCATCTCTTCCAATTCCGTGATGCCGAGAAATCGGGAAAACTCCTTCACGTCGTGACAATACGCCTGTCATGTCTTATCACTCCGGATTTTGGCATACCATTCGAGTTGCGGAGGCATGACCTTAAGGGCACGAACCTGCGGTACTGAACGTGCCCGTTTTTCGAGTATCGGAAGGGTGCGGCTTATGGCGCCCCTTCACAAAGTACTCTGTCCCAAATTGGCAGCTTCGCTTCAGGTTATTAAACGTCCTGCCCATCTTGCGTAACATTTTGTACATCTTGATCATACCGTTGCCAGTAACAGATTCCGCTTGGCATCCTTGCTCATAACCTTGCTCATCCCCTCAGTAGTTAAAAAACAGCACCCATAAGAGAATAAAAAATGGGAGCAGTATCGGCAGTGAGTATTTGTAGATGTACTCCAGAAAATCGGGAACGTCAACATCTGCCTGTGCGGCAATGTTTTTTACCATGAAGTTCGGGGCGTTGCCGATGTAGGTCATTGCCCCAAAAAAGACTGCCGCAATCGAGATTGCCATAAGGTAAATGTCTGAGGATACATCGCCCTGAAGCGGGGATGCAACGCCGGTAGCGAAGTGCCTTATATCTTCAGGGGAACCGATATCCAGTCCAAACTTTCCTAACGCACCGGCGAAGAAGTTCAGATAAGTAGGAGCGTTATCAAGTACTCCGGAAAGAGCCCCGGTCAACCAGTAGAAACGTGATACCGAAAAATCAGCAGCATGTGATGACGCGTAGTATCCGATGAGTTCAAGAGCCGGAATCATGGTGGCAAAGATGCCAATAAAAAGAAAAGCAACCTCCTTGATGGGTTCAAAGTTGAATTCATTGCCCTTGAATGCCTCATGATTTGAGAATTTATAGGCGGCAATGGCAACCATAAACATGATCAGTTCCCGGATACCGAATGGCAGATGAAAAAGCTTCTGAAGGCTCGGGATGCCCTCTATTACTGCTGGATCAAGAAAAACCGCAGCAATGATCACTGCGAGAAAGAGGAAATTTCTTCGGCCTGTAATGCTTACTCCGCCGTTTACTTCAGCCCCTTTCATATCACCAGTCCCCCTCTTCACATCGAGAATGATGAAAATGAGAAGAAGACCGGCAACTGTAATGAGCCATGGCAACCATACTTTGGGTAACACCCAGAAAAAGGGGACACCTTTCAAAAAACCGAGAAACAAGGGAGGATCGCCTATAGGAGTAAGTGCGCCACCAATGTTGC
CP001110.1_gap9	132383	136502	4119	CCGCAAGGTAATCGAGGAGTGCTTGCTTTATTTGTTGATCTTTGAGAGCTTTCTTTTCCGGCTTTTTTGATGTCGAGTGCTTGAGCTGTTGCACAATACGACGCATTCTTTTGATATGCCGGATGTTATGATCGTATTGGCGCCATTGACTTAATCCTTCATCAAAAGACCATTTCGCACAGACCTCAATGGCTTTGCGAATGGCATCGAACAACTGGCTTGTATCAGCAGGAAAGTGAACGTTGGTTTCCACCACAAACGAATCACCTCGGGCCATTAAAGGGAAATTTTCTTCCTCTTTTTTTTTACTAACGTATGACCTGCACGGACAATTTCCTGGTTGATTCGATCAAGCAATTCGGGGGTAAACAGTCGGACATTATCTTTGATGGTCTGGAGTTCATAAGATGTTTTATCAGTCCAATCGTTGTGACCAAGCATCTGGCGAAGCGTATCGTGGTGATTGACCAATTCATGAAGCCGATCGTAATCAGCGTTGATTCCCAGTCGAACGACACCCAGTACCAAAATTGCCCATTGCTCCATACCGGGACGCCCTGTGTTTGGGTCAGCTTTTCCTTCTCCTTTTTTCCGTTCAGGACGAACCTCTTCGAGGATGGCAAAAACACGCTTGCGCAACTCCTCGTCGGTGTAGATGCCCTGAAGGCCCCTCAAGATTTTTGGGATATCATCTCGTGATTTCGGATCGAAAACAATGGCAGAAATATCGGTACGACCGAACATCATTTGGTGGTTGATGACGCTACGCATAGTGGATTTCAAAAAACGAAGTTTGGAGTCTGTTTCTCTTTGAGGGCACCCTGCAACACCTTTTCTCTATCAAAAATGCTTCTAATGGGGTATTATTACGCTTTAGCTCAGGGTCCGTCAAATATCTTTGACCATGAAATAACAATATAAACTATTATTTTATAATATCATAACAGTTTTTCGTTCATCCACTATTTACGATGTCCTGATCGCACTTTTTGGCGGGCTTGCCGGTACGATTTCCCTGACTACAAAGCTGAAGGGCAATGTTGTGCCGGGTGTGGCTATTGCTACAGCGCTTATGCCTCCTCTCTGTACGGCGGGTTATGGACTGGCAACCGCTCACTTTCCATTTTTTTTCGGAGCAATCTATCTCTTTGCAATCAATGTGGTGTTTATCGGGATTTCAACAGTCGTCTTTTCGCAGGTTATGGCGTTTCCTATCAAATCCATTATTGATGATGCAAAAAAAGTGCGCATCAACCGCCTGATAACCGTAGTGATTTTGATTATGCTGGTTCCAAGCATCTATTTTGGTTACCTGCTTGTGCAGAATGAGGGATTTTTGGAAAACTCCGGCAAGTTTATCCGTAGCATCAGTTTTTTCCGTGGAGATTATCTTTTGCGTCACGAAATCAATGCCGATCACAAAACGATTACCCTCGTTTATGGCGGACGGACGCTGACGGATGAGGACAAGGCGCAGTTGAAAAAGCGAGCGGCGGAATTCGGGTTGGGAGATGTAGTCCTGAATTATCAGCAGGGACTTAACTTCAGCGAGATATCCATTCAGCTCAGCGAAACTGAACGGCTGAAATCTGAAGTTAACCGTCTCTCCCTTTTACTCCAGCAAAGCGCCCAGCAGCAGGATAGCGTTCAACAGCGCGGTTATACAGGAAAGGTTCTGCTGAAGGAGCTCAGGACACTTTATCCAATGCTCTCAGCATGCCTTTTCACAGAAACCTACCGGTTCAATGCCGATCCAGCATCGAAGGCAACAAAGGTGGCTTATGTTGTTCTATCCGCATCAACCCCTCTGGGAGAGAGTGAAAAAAAGAAAATTTTTGACTGGCTCAAGGTGAGGCTTCAGAACGACAGCTTGAGAACCGTCTTCGATTAATGAGCGTTATTGCCACCCGCCCCCAAGGGCTTTGTAGAGGTCGATCAGGTTGGCAAGAGTCTGTTGATGGATCAGGATTTCGTTCTGCTGAGCCTCGAAGAGGGAGCGTTGGGCGTCAAGCAGGGCGAAAGAGCTGTCGATGCCATGGTCGTAACGCGCTTTTGTGATGGTGCAGGCTTGATCGCTCTCTTTGACCAGAGCTTGCTGGGCCTGCAATTGTTCGGTGTAGGTAGCACGGGCGACCAGTGCATCGGCGACCTCCCGGAAGGCACTCTGGATAGCTTTTTCATATCGGGTGACGGCAATATCCCTGTTTGTTTCAGCCAGTTTGAGGTTGGAGCGCAACCGGCCTCCCTGGAAGATCGGGAGCGTTACCTGTGGGGCGAAGCTCCAGACACCGCTCGACCCGGCTTCGAAGAGATCCGACAAGCTGGCGCTGGCGAATCCGGCGGAACCGGTAAGGCTTATGCTGGGGAAGAATGAGGCCCGTGCGGCTCCGATGTTGGCATTTTCTGCCTTCAGTGCGTATTCCGCCTGCCGTACGTCCGGTCGATCGAGCAGGACGACGGAGGGAATGCCGACGGGGAGTCTCTCCATCACCTCAACATCGGCCAGGGGTTGGGGTTCGAGGAGCGTCGGATCGATCTCCTTTCCGACCAGCAGGGTCAGGGCGTTCTTGTCCTGTTCCACATGACGTTGATATTGCGCACGGCTGGCCCGGGCCGATTCGACCAGTGTTGCGGACTGTGCCACATCGAGTCGTGACTTTGCCCCGAGATCGAAGCTGCGTTTGATGAGATCGCAGGCATCCTGCCTTGTTTTGAGCGTGCTTTCAGTCAGTCGCAGCAGTTCAACATCGGCAAGATAGGTGAGATAGGCGTTGGCAACTTCAGCGACCAGGCTTGTCTGGGCGGCTTTGCGCCCCTCTTCGGTAGCGAGATACTGGTTGATGGCGCGATTACTGAGACTGCGTACACGACCGAAAAGATCAAGTTCATAAGCCGTCGTGCCGATGCCAGCGCTATATGTTGATGTGATTTCCGTTTTTCCGGTGCCGCTCATGCTTGTTGACAACTGCTGTCGGGTGTAGTTTCCCGAGGAATTGATCGATGGCAGGAGATCCGAACGCTGGATGCGCCAGGTGTGGCGGGCCGCTTCGATGTTGAGGGCGGCTATTCTCAGGTCGCGGTTGTTGGCAAGGGATGCTTCGATAAGGCTTTGCAGTTTTGGCGACCTGAACATGCTCCGCCATCCGATATCGGCGGTATGCGACTCTTCCACGGATTGCGGTGCAGCGGAAGCAACCGGCCACTCCTTGGTGACGGGTGCCGTTGGGCGAACATAGGTTGGCGCAAGCGAACAGGCCGTCAGGGTGGTTGCTGCCAGGCATAAAGGAATCAGCAGTTTAGTGTTCATGGTTCGATCCCTTGTTTGTTTTGGGTTACTGCGGTGTCGGTTACCCTCTTTCGGGCAAACCGGGATTGTACGAGGATGAAGAAGAGCGGCACAAAGAAGATCGTCAGTACCGTACCGGACAACATGCCTCCGATTACGCCGATGCCGATGGCGTGCTGGCTTGCCGATCCTGCTCCGGAGGAGAAGGCGAGCGGCGTGACACCAAGGATGAATGCCATGGAGGTCATGATGATCGGTCGAAGTCGCTGACTTGCTGCAGAGAGTACCGCCTCCTGCAGGCTCATTCCGCTTTCGTAGAGCGTTTTGGCGAACTCCACGATGAGGATGGCATTTTTCGCCGTCAGGCCAACAGTTGTCAACAGGCCGACCTTGAAGAAGACGTCGTTTGAAAGGCCTGAGAGAAATGTTGCCAGAACGGTGCCGAGGACCCCGAGCGGGACTACCAGCATGACGGCAATCGGCACGCTCCAGCTTTCGTAAAGAGCTGCCAGACAAAGAAAGACGAAAAGCAGGGAGAGCGTGTAGAGCAGCAGCGTTTGCTGGCCTGCAGCACGCTCTTCGTAGGAGAGGCCGGTCCATTCGACGCCGAAACCTTCAGGGAGTTTCTCCGCCAGGTTTGCCATGATGGCCATGGCATCGCCCGAGCTTACGCCTGGCGCCGGGGCTCCCTGGATATTGACCGACGAGATGCCGTTAAACCGTTCGAGCTTGGGTGAGCCGAAGCTCCACCGCCCCGAGGAAAACGATGAGAAGGGAACCATGTCACCACTGGAGTTCCGGACGTGCCAGATGTTGACGTCCCCCGGGTTCAT
CP001110.1_gap10	194134	198537	4403	CCTGTTGCGGCAGCAATGTCATTGAAGACGTTCTGCACCGCTTCAGCGTTGGTGACATCGAGTTCGAAGCAGTAGGCTTTTCGGCCAAGTTTCTCAACACCTTCGGCTGTTTCCGTCAGCCATTCGGCTTTGATATCGCATACGACAATATCGGCGCCTCGGGCAGCCAGATCAAAAGCGATGGCCTGTCCGATTCCTCTGGCGCTACCAGTGACAACAGCGATTTTTCCTTCAAACATGGTTTTCTCTCGGTTGATGTTAATTGTATTAAACCAGAGGCAGAAGATCTGCCGCAGTGTCGATACCACGGATGGTTACGGTTTTGTCAATGCGTTTTATCAGGCCCTGAAGCACTTTTTGCGGACCCACTTCGATAAATTCCCTCATTCCGCTCTGAACCATTGCTTCGATAGATTGTGACCACAAAACCGAGCTTGTCAGTTGGAGAATCAGGTTTTTGCGGATTTCTGCGGCGCTGGTTACCGGGGTTGCAACTGCGTTCATGCAGACCGGTATTTCAGCATCTTTTATCTCAATTTCTGCAAGGGCCGCAGCAAGCTCCTCCTCAACCGGCTTCATCAGCGGGGAGTGGAACGCTCCGGAAACGACAAGCTCTTTTGCCATACGGGCTCCTTTTGAGGGGGCAAGTTCGATGGCCTTTTTGACAGCCGCAATATCACCGGAAAGGACAACCTGGCCTGGTGAGTTGAAATTGGCTGCCTGAATGACTCCCTCTTTGCCTGCTTCAGCAAGGAGCGCCTCCAGAGAGCTGTCGGGCATACCGATGATGGCCGCCATGGTTCCAGGGTTTTCTTTGCCGGCATTCTGCATCAGCTCCCCCCGTTTGGCAACAATCCGCATGGCGTCGTCAAAGCTGATGGAACCAGCAAAGCAGAGCGCACTATATTCGCCGAGGCTGTGACCGGCGGTCATTGCGATATCTTGTCTGCCGAGCAGGGTTGCCACAGCAATGCTGTGCAAAAAGATGGCTGGTTGGGTATATTTTGTCTGACGCAACTCCTCTTCGCTGCCGGAAAACATGATGTCGGTTATCCGGTAGCCGAGAATCGAGTCTGCCCTTTCCATCATGGTGCGGGCAGCGGGGAAGTTGTCGAAAATGTCGCGGCCCATGCCGCAATACTGTGAACCCTGTCCTGGAAAAACAAATGCCTTCATGAATGCGATTGTTCAAAAAAGAGGTGAATTGTTCTGGTTACTGCCATTTAATATAGGTGCCACCCCAGGTATAGCCTGCGCCGAAACTGACCAGCACCAGGTTTGAGCCGGTGTGCAATTTCTGCCCTTCATCAAGTTCAGCAAGGCAGATCGGTATGGTGCCTGCTGTTGTGTTGCCATAACGGGCAACGTTCGAGATAACTTTTTTGTCATCAATGCCCATGCGCTCTGCGGTGGCGTTGATGATCCGCTGATTTGCCTGGTGGGGTACAAGGTAGTCGATATCATCTGCAGTGAGATTGTTGCGGCTCATGATTTCACCGGCAACCTCTGCCATGGCCATGACGGCAGCCTTGAAAACCTGTTTGCCGTCCTGATAGATGTAGTGCATTTTTTTGTCTACCGTCTCATGGCTTGCCGGATACCGGCTGCCGCCGCCAGTCATGAGAAGATGATCTGTGCCGTTTGCTCCGTCAGCGTAGAGGCGCGTATCGAGAATGCCGAATCCCTCTTCTTTTGCCGGTTCAAGGATGACGCCGCCAGCGCCGTCACCAAAAAGGATGGCTGTCGAGCGATCGGTATAATCAATAACTGCCGACATTTTGTCGGCGCCGATGACCATAACTTTTTTGTGGGCTCCGCTTTCGATAAAGCGTGACCCAACGTTCAGGGCGTAGAGAAAACCGGAGCAGGCAGCATTTATGTCAAAGGCCCAGGCGTTGCTGGCTCCGATGATGCTTTGTGTAAAACATGCTGTGGAGGGGAAGAGCATGTCCGGGGTCATGGTGGCTACAATGATTAACTCAATCTCACTTGCCGCGATGCCTCGTTTTTCGAGAAGCTGTTTTCCAACCTCTCCGCACATGTATGATGTCGCTTTTTCCGGATCTTTGAGTACCCTGCGTTCGCTGATGCCCGTCCTCGCACGAATCCATTCGTCATTGGTGTCAAGCATGAGCTCGAGGTCATGATTGCTCAGAATATTGGCAGGTAAATATTTGGCTGTCGCCGTGATTGCAGCTTTCATGCGTTGTATGCAGTTATTTCATGCAGGAATGATAGATAGAAAAGTTGCCCTGCAGCTCGGTTGTTACCATCTTTGCTGCAGAGGGGTGCGGTTGGAAAAGTACTACTTTTCGGACAGGACTTCAGCAATGTGTTCATTGACTCGTTTTTCGATCATGTGCTCAGCCATATAGATCATGTTTTTGATTGCTCTTGAAGAGGAACGGCCATGACCGACAATGGAGATGCCGTCAACGCCAAGGAAGGGCACGCCTCCGAATATTTCCACATCAAAAGGATCAAACAATCCCTTGAACAGGCTGGTTGTCATTGCGGCCATCTTCTCGTCCATCTGACCAGAGATCATCACTTTTTCCAGAGATCGTTTGAACAGGATTCCCATAAATTCAGGGATGCTTTCACCGAATTTCAGAATGGTATTGCCCACAACTCCGTCACAGACCACAATGCTGGCCTTTCCTTTCAGAATGTCATGGCCTTCTATGTTTCCAAGGAAGTTTATTTTGCCTGCTCTGTCAGCCTCTTTCAGAAGCCAGTAGGCCTGTTTGAGCATTTCGGAGCCCTTCCCCTCTTCCTCTCCAATATTGAGCAGCCCGGTAAGCGGTTGTTCAATTCCAGCGCCATAGCGCTGATAGATGGTCAGCATCTGGGCAAACTGGACAAGATGTTCCGGCTTGCAGTCAACATTTGCACCGATATCGACAATATTGGTCAACCCTTCCGAAAGACGCGGGAAATATGCGTAAATGGTTGGGCGAAGTACTCCGGGGAGCCTGCCAAGTACAAAAAGGGAAGCTGCCATCTGTGCGCCGGTATTGCCTGCGCTGACAAAAGCATCTGCCTGTTTTGCCTTGCAGAGCTGCAAGCCCTTGACCAGCGATGATTCCTGCTTGGTTTTTACAGCCGTGGCTGGAATATCCTCCATCGTGACCACTTCGGGGGCGTGCAGAAACGTCAGGTTCAGCGCGCTGGTGTCGTAACTCGCAAGCAGCGGTTCAACCTTTTCCGACTGGCCAATCAGCAGAATGTTAAACCGATTACCGCTCTCCTGCAAAGCCTGCACCGTTCCCTCGATCACACAGGCGGGAGCGTGGTCACCGCCCATGGCGTCAACAACAATAGTCAACATGATGGGGTTTTTGTCTTGTTTTAGTTAATCAGCTCTTTGCCAGTTTATTGACGACACATCTGCCCCTGTAGTGTCCGCAATGGCGGCATGCACGGTGGGGAAGAGTTGGTTCGCCGCAGTTTGGACAGTTGACCGTAGTTGCCGGTTTTGTGCGGGCATTGAATTGGGCGCGTCTTTTATCCCTTCGGGATTTCGACATTTTGGCTTTTGGATTTGCCATGGCGGTACTCTTTTATAGTCAGTTAACGATATTTTTTTTCAGCTTTTCAAGGGACTCATGCCACAGCGTGTTCGTGCCGGACTGAGGCTCTTCATTTTCTTCCATATATCCTGTGCTGCCGTAAAGCCTGCAGTCAGGGTTATCCGTACAGGTCACCTTCATGGGTAACGAAAGCAGCAGCGTTTCGCACACTTCTCCGGTAATGTCAATGGATTCAGCATTTCTGTCCAGGCGACTGTAATCTTCATCTCCTTCATGATCAGCATCATGAGCGGTACCGAAGATATAGGAGAGCACAAGTGTCCCTGTCAGGTTTTTTGATACTGGTGCAAGGCAGATATCGCACGTGAAATCAGCCAGCGTCGAAGTGTTGATGGTTATGGTTATTTCATCGGCACTTTTTTCAGCAATCACATGCAGCGCAATCTCTCTTGTAAAACCAGCCTCAGCCAACTGACGACCGGCAAAATCTGCCGCATTACAGGTGAAATGGAACTCATTGGTTCCCTCCACAAGAGTAACCAGACCAATCTCTATCAGCGATTTTTCTTTATGCATAGACCATCTTTTCAGTAAAAGAGAACCAATGTACAAAAATTATTATGGAAAATGAAAAGGCCATGCGCTACTACTTTGAACAAAATGAAGAAAAAAGTCATTTCTGATTTGTATTTCAGAAAAAGCGGTGTATATTAACACCCCATCAGCGAAAATAATGCTGATACAGATTCCGTGGTAGCTCAATGGTAGAGCATGCGACTGTTAATCGCAGGGTTGCAGGTTCGAGTCCTGCCCGCGGAGCACAAAAAAAGGCAGTACACTTAAGCGGTGTAGTGCCTTTTTTCTTTTCAG
CP001110.1_gap11	234329	237015	2686	AGCATAGCAGCTCGGAGCGGGGTCAGAATTTATGTTATAAACGCCGGTTTTAAAGTTGTTGAAGATCGCATTGATCCGCCAGAGGAGAGTGGCCGTTACATACAGAAGGATGAAGAGTCGCTGCAGGGGATTGCCCGAACGACTGGTGGAGGGTATTTCAGAGTCGAGGATCCAGCAGCATTTGATCAAACAATCAGATCTATCGATCGGCTTGAAAAAAAACGGTTTACCGGGCCGGTTATGGAGCATCGTTCAGGGTTGTTTTTGCCGCTCTTGACGATGGCGATTCTGCTGCTGTTGCTGGAGGTTGTTTTGTCGAATACCCGACTGCTCAGGATACCGTAGCGTATTGATATTGAAATAGTTGCCGTACAGGAGTGATCTCATGTGTTTTGCCTGGCCAGATAATATTGGATATTTACTTTTTTTGATGCCCCTTGCCGTGATTTTGGGGTATGGAGTCGTAAGGCAGCTTCATGCACGCGAAGCCGTTTTTGGCCCTGCGCTGATTGATGCTATGATGGGACGCCTGTCTTTGAGAGTTCTGGTTGTAAAAAAACTGTTGATTTTTTGTGGTATCGCGTTGCTGCTCTTTGCGTTGGCGGGTCCCCGGTTTTGCAGTGGAGGCCGACCGGTGTTGCGCAAAGGTGCCGATATCGTTTTTATGCTTGATGTTTCCCGGAGTATGAGGGCAAGAGATGTGCTTCCTGACCGTCTCGGGCAGGCGAAGCAGGAGATAACAAGTATCAGTCGTGCTGTCACTGGCGGACGGATGTCTATTCTTCTTTTTGCTGCCAGTCCACTGGTTCAGTGCCCCCTTACGACGGATCGGGATGCTTTCGATGCTCTGCTTGGCATGGCTTCACCCGATCTGATCGAAGAGCAGGGTACCTCTTTCCGTGCGGCGTTTGAGCTTGCCGGACGACTTCTTGAACCGACATTGGAGGATCGAATGGCATCAGGGGTAAAAGGAGAGAAGATTGTGGTGCTGCTGAGTGATGGGGAGGATCATACCGGTGAGGTTCGGAGTGCAGTCCAGCAGTTGAAAAAAGCGAATGTTCATTTGTTTGTGATAGGAGTTGGTATGCGTCAGCCTGTTGTGATTCCGTTGGATGATGCCGGGGAAGGAGTCAAACGGGATGAGCATGACAGGGTGATCATGAGCAGTTTCAGACCTGAATTCTTACAGATGCTGGCCCGTGAAGCTGCCGGGTTTTATTTTCGAAGCAGTGCCGAACATGCCGTTTATAAGGAGGTTTCTGAAAGCATTAACCGTATTGCCTCCGCTTCCCGATGGGTGATGGAGCCTGGTGAGCGTGAACCGCTTTATCGTTATTTTGTTGCGGCAGGACTTTTTTTACTGCTCACTGAAACTATGGTTGGAAGAGCTGCAGGAAAGAGGCGGAGCTGTTCCTGAGAACTCTTCCGAGAGAGCGTTACCCCTTTCTTGTTGAAAAAAAATGTTACATTATTCCGTATAATCAAGTGGGGTTGGTTCATTTTCAGACGAAAAACAGAGACGTTATGGAGCAGCAGAACAGTGGTAAGAAAGTTCTTGACTCAATTGAAAGGGCAAGGCTGGGGTTGAGGGTATTCAGCTTGCCTTTCGCTGAAGCTGAAGAGGTGATTGATGCCTATGTGAGTGGAGGAGATTATGATCCGGCGTGTGTAGAACTCTTCAAGGATCAGCTTGATACCCAGCGACATATCCAGGAGAAAAGTGTGGAGCTGTTATCTACAGGTGCCCAGATTTTGCGGCTTGTGGTTGGCGCCCTTATAAAAAACATTCCGCAGCCACCTACTGAAGAGAGTTCCTCTTCCTGAACATGAACGTCTCGCAAAACAGCTAAAACCATGCAGTTCGATCCAAACAAGTTTACCCTGAAAGCCCAGGAGGCATTGCAGGCGGCTTCGACGCTTGCTGCCAGCCGTCAGCATCAACAGATAGAGCCGGAACATCTTCTCTATGCCATGTTCGACGATAAAAGCAGTATTGCCGTACAGATAGCACAGAAGCTGGAGGCGTCGGCAGAAACGCTGCAATTGGCGCTTGATCGCGAAATCGAAAGAATTCCGAGGGTTACGGGAGCTTCTGCTACAGGGCAGTATATCTCCCAGAATCTCGGCAAGGTCTTTGATGTAGCTCTTAAAGAGGCCGAAAGCCTGAAGGATGAGTACATCAGCTCCGAGCATCTTTTGATTGCCATGGGTGAGGCTGGCATACCGGTTTCACGGATGTTGCGGGATGCAGGATTCAACAGGGACTCCATTCTCAAAGTCCTTGCCACAGTCAGGGGCTCCCAGCGGGTCACCAGTCAGAGCGCTGAAGAGAGCTATAATTCACTGAAAAAATATTCGCGGAACCTCAATGATCAGGCCCGAAAGGGGAAACTCGATCCCGTTATCGGTCGTGACGAGGAGATTCGCAGAGTGCTGCAGATTCTCAGTCGCCGTACCAAGAACAATCCGGTACTGATCGGTGAACCGGGGGTTGGCAAGACTGCAATTGTCGAAGGAATCGCTCAACGCATTGTGGCTGGTGATGTACCTGAAAACCTCAAGAGTAAAGAGATTGCCGCGCTTGATATTGCCCAGCTTGTGGCTGGAGCCAAATTTCGCGGAGAGTTCGAGGAGCGCCTGAAAGCGGTTGTCCGTGAGGTTCAGTCTGCCGAAGGGGAGGTCATTC
CP001110.1_gap12	252031	252707	676	CGGGAGGTGCTGCATGTGGCCGTTTCTCAGGAGGAGTTTGTCCGCATGGTGCCGGAAGCTCTTGCTGACCGGCGTGTTGAGGCGCGGCAGGCATTTGCCCGGCAGCACAGTTGGGATACGCTTGCTGCCGTCATGGTGCAGGAGCTGGAGAAGGCCTCTCGGGAGAGGAGTCTGTGAACCGCAATGCCGTCATAGCCGGTCAGGCGGGCTTCTCCTTTGCCGGATTTCTCTTCGGCCAGACAGCCCGATTCGCCTATAACCTTGTGGTTGCAAGGTTGCTCGGTGTTGATGCTCTTGGCACCTACGCTCTCGCCATTGCCGTTATCCAGATTGCCGAGGTGCTTGCTGTTGCAGGGCTCGATTCGGGTCTGCTGCGCTTTGTCAGTTTGCACCGAGATGATCCTCTTCGCCAGAGGGCTGTGATTGGTGCCGCCCTGAAAATGAGCATCACGCTTTCACTCATCGTGGCGCTCCTGCTGCTTCTCTTTTCAGCGCCGATCTCTACAATCCTCAATGGCAGTAGCCTCCTGCGGCTTGCGATTTGCTGCTATGCTGCGGCAATTCCCTTCAATGTGGCAACCCTGCTGTTTGGCCATGCCATGCAGGGGTTCCGCCAGCTCAAGCCCAAAATTGTTGCTACACAGATTGTTAGCCCACTGCTTTTGCTTCTCTTGAC
CP001110.1_gap13	257754	260755	3001	AAAACCACGCTGGCATTGCAGTTTATGGAGTCAACAAAGCTTTCGGTTCATTTCGCTTCTGCAGATCTTGTTGCATCCGGGCAATCGAGCTGGATCAGCCAGCAATGGGAGGCGGCACGCATCAAGCTTCGGCAATCAGAAGAGAAGGAGGCGGTGCTCATCATCGACGAAATCCAGAAAATCGGCAACTGGAGCGAAGCGGTAAAGAGGGAGTGGGACAGCGACACCGCACAACGGCAATCACTCAAGGTGGTTCTGCTCGGCTCATCCCGGCTGTTACTGCAGCAAGGGTTGACGGAATCACTCGCTGGCCGATTTGAAACCCTCTTCATCGGGCACTGGTCGTACCGTGAAATGAACGAGGCATTTGACTTCACTCCTGAACAGTATGTCTGGTTTGGAGGCTATCCAGGTGCGGCAGCATTGATCAACGATGAAGAGCGCTGGAGGCGCTACATTACCGATTCACTCATCGAGACAAGCATTTCGAAAGATATTCTGATGCTGACCCGTGTTGACAAGCCAGCCTTGATGAAACGGCTCTTTGAACTGGGATGCGGTTATTCAGGCCAGATTCTCTCCTATACAAAAATCCTTGGTCAACTGCAGGATGCAGGTAATACAACAACACTGGCACACTATCTGCGCCTGCTCGATACCGCTGGCTTACTTGGCGGACTGGAAAAGTACAGCCCTGAAATGGTGCGGCGCCGGGCATCCATTCCGAAATTTCAGGTGCATAACACAGCTTTGATCAGCGCACAGCAGCAGTACTCTTTTCAGGAGATTGTCACAAACCCGTCGCAATGGGGCAGATGGGTTGAGTCGGCAATTGGCGCCCATCTCATTAATCATGCCCGCACCGATGCAATTAACCTCTTTTACTGGCGTCAGGGGAATCATGAGGTAGATTTTGTTTTGGAGCACAAAGGAAAAGTGATCGGCCTTGAAGTTAAAAGTGGCCGTACCGGGCACGCTTCCGGCATGGCAGCATTTGAGCAACAGTGCAAGCCGTACAAGGTTCTTCTGGTTGGAAACTCGGGGATTCCATGGCAGGAGTTTCTTGAACTGGAATCTTTGGAGCTGTTTGCGTGAGTGAGCCGTAGCCCGCCAATCTTTTTGCTTTATCCAGCAAAAAGTAATATCTACATTGTATAAACAAAATGGAGGTAGAGATGCTCACAAAGGTTCAGAAGTGGGGCAACAGCCTTGCCTTGAGAATACCGAAAACCTGGGCGCTTGAGGCCAGGCTCGAAAACAATTCAGAGGTAGAGATTTCTCTGGTTGAGGGAAAACTCGTTATCACTCCAGTGGTCACTATAAAACAAGATCTTGCTCACCTGCTTTCCGGCGTCACGAAAGAAAATCTGCATAACGAATGCGATACCGGTAATGCTGCAGGCAAAGAAAACTGGTAATCCGATGGCTTATACTCCGGATCGTGGTGACATGGTGTGGATTGCCTTTAATCCTCAGGCGGGTCATGAGCAGGCAGGACGTCGTCCAGCATTGGTCTTGTCTCCCAAAGCGTACAACTCCAAAGTTGGTCTGGCGCTTCTTTGCCCCATCACCAGCCAGATTAAAGGGTATCCCTTTGAAGTGCTGCTTCCTGAAGGGTTGAACATCAATGGCGCGATTTTATCTGATCAGGTAAAAAGTCTTGACTGGAAGATCCGGCAGGCAGAGTTAATTTGCCTATTGCCCTCGTCGGTAGTTGATGAAGTGCTGCATAAGTTGCATACCCTGTTGGGGTTGTAGCAAATCCCCTCCCCCATTATCCCGCAGTACAGAATCAAGAACGGTTCATTCAAAATGTCAGCTTTGTGTTCTGCTAACTCATACATTACGGAGCACTACGGAGTTTGCGGTGTTGTCATCTCCCGCAATAAAACAAATGTTCAGCCTCCGAGCACTCCTGCCCGCTTAATCCAAGACGTTTTGCAAGAACTTTCCACTCTTTCACAATCTCGCACACTTCACGGACAATTATCCCGGCACGAGCGCGATTGATTCGGTAATATTCGGCAGTCGCAATCGCAACCTGAAAATCAGGCTGACGGTTATAGAGATCAAGTGACAGCACATGCTCTGCTTTTCTGAACGAAGGATTCATGTCGAAAGCAGGTGCCAGTCGCCATCCTGAAGGGGAGCGTATGAAGCCGTGATTGCGCAGATGGTCATCGCGGTTTGCCGTGGCGATGTTGAACACCACTCTTGTGAACAGCTCTTCGAGGTTACGTGCGATGTGATCAGCTTCACCGTAGGTAGAGAGAAATTCTGCAATCTCCAGATAACTGGCATCGTCGGTGTCGGCATGGTGAAGCATGGTCATGGCCGAGGCAAAAAAACGGCGATGGTTACTGGTTCGGTCAAATCGCTGCACCAGAAAGGTGTGGTATCCTTTACCAATCTGCATGAGGCGAGCTTCGGGAACGGTAATATGGCATTGCTGTGCCAGCTCATGCAGCAGCTTTTCCCAGAGGGCAACATCGTAGTCATCGTCAGCAGAGGGGAATTTGGCAATCCAGAGAGCGCCATCCTCATCAACCAGATTCGCTTTGGGACGAGCGCCGCCAAGTGACGAACCGGGGGCAACAAGAACGTTCAGCCACTCTTTGATTTTACCGAAGTCATCCTGCTTTTTTCTGGTCAACTCAAAGGCCATCTCCTGCAACTCAGCAATTTTTGCCACCGGTGGAGCAGATAACGCCTCGTTGGCCAGATAGAGCGATTCCCCGGGGTGGCTGAAACGCAAGGCACCCATGCGCGTGCAGTCCTGAACTCCCAGCAGAAAATCCCAGGGGGCAAGCGTTCTCGGTGTACGCTCCTCCTCCTTTGCCTCAATCGCCTCCCTCCGTTTCATCAGGAGTTGTCCCCAGCGATCGGGACATGAATCCATGAAGACTCCAAAATTGGAGCCTCCCGGAAAGAAGTCGCCCGCCGAGAGATCAAGCTCCGGATCAAGTGGAAATGCGTTGACCTGCCTGAGCCATGCTGGATC
CP001110.1_gap14	395581	396990	1409	TCAGCAATCTGTTGTTCCGCACTTGCCAGGGCCTTCTCCCTTGTCTCCGCATGGTGAAGAAAATGGTGCATCTGCCGGGCCAGAGATTCCCCGATGCCCGACACCTGTATAAGCTCTCCCACGTCGCAGTGGAGTACATCAGCCAGTCGATTATGCAGGAATGTTGTGATCGCCTTGATTCTTGCAGGGCCTATACCCGGAATAAGCGTCAGGGCAAGCAGCAGAATCCGCTCTTCCATTGCAGCGGGGAGTGACATAGTGCACAGAATGGTTAGAAGTCCCTCTTCATCAGAATATTCGCAAATCCTTTAAGATACTCTCGTCCTTCCGCATAGGGGAGCCCGTCAATTGCCGAGAGCGCCTCTTCGGTCGTACGGTTAATCAGTGATGCCGTCTCTTCCAGGACGCCGCACTGTTGATAGATAGCCCTAACCTCAGGAACTCTCTGGGCCTCAATGCCTTTATTGCTGATGATGAAGTTCAGCAGATCACGCTCTTTGCCTGACGTCAATTCAAGAGAGCGCAGCAAGAGATAGGTTTTTTTACCATTGATGATATCACCGCCAGCCATCTTCCCGGACTTTCCATCTTCGGCCATGATGTCAAGATAATCATCCTGTATCTGGAACGCCTGGCCAATTTTTTCACCGAAAAGCACCAGACTCCGCAACTGCTCATCCGTCGCATCGCCCGCAACGCCACCAGCTTCAAGAGCGGCTGAAATAAGCCGTCCGGTTTTCTTTGCGATCATGTCGAGATAGTCGGCAATTGTGGCATCATTTTTCTCTTCAAGCTCTATATCAAGGGCTTGGCCTTCACAAATAGTGATATTGGCATCATTGAGAATATGCACCAGCTCTCCATGCCGTTCACTTTGTGCCTCAAGGGCGAGTTCATAGGCGTAGGCAATCATCATATCACCCGTGAGGATAGCGGCATTGGTGTTCCACCGCCGGTGCACGGTCGGTCTGCCGTGGCGGAGCTCCGCCTGATCCATGATGTCGTCATGAATCAGGGTGAAATTATGGAGGATTTCAACCGCAAGTGCAACATTGAGCGCATGTTCCGAAGAGCCGCATACGGCCTCCGAAGCAAGCAGTGTAAGAAACGGACGGATTCTCTTTCCTTTTCCTTCAAGAATATATCTGGCCGGAGCGTACAGGGTGATCGGGCTCTCCCTGACGAAACAGTTTCCGAGAGCACTATTGATTCTCGACAGGTAAAGACGGTACTTGTTCTCGACAAGTTCCTGTGTCAGGGCTTCATGCATGGTAAAATCGCTCATGGTTTAGTGATAAGGGTTTTATGCCGAAGCTCCGCTATGGTTGCGGTTCCGGTCAGGAACATGACTGCCCTGAGATCGTTCAGCCAGGATGTAATGGTCTCTTCAAGAACACCGTCATGAAGAG
CP001110.1_gap15	589478	593214	3736	CCAGGCAAGCAGGGCTGAAAAAGCAATCAGTTTTTTTTTCATCTCAAACCCATGTGTTTATGTTGACAAGATATTTTTATACGTAACAGATTCAGCCGTTTACTACCATACTACTTTTGCCTCTCGAACAGTCAATATCTTTAGTTATAAAACGTTAACCTTCGTTTATCTTCCAGTATTCACCTTAACTATTTACCCTTAGCAATTAACAGATTCTTTTTCCATGCAACCATACCGGCAATCAACGCCCCTACCCCCATCAACACATAGGTCGAAGGTTCCGGAGTCGGCGATTTGCCATATACCAATTGCACAGCATTGATGCCGGCTCGATTTAGAGTATTTCCTGGATTGGTATAAAAAGCAACGTAAGCTTTGCCTGTTTCATCAGTTGTAAAATCGTAGGTAAGATAATTTCCGTTTGCCCGGTAGGTTGTCAAATGATCTGTCGTCAATGTTCCGATCGAGCTGTAAGTACCCGATCCCACTCTTATCGACAAATTCGTAATAAACGTATGCCTAACATCATTTTGCCCTTGACTGTAAACAACAACAGAGTACTGCTCATTAGCCATTAACCCGTCAAAGGATATTTTTGCTTCACCAACACCCGACTTTGAAGTAGATGCGTCATGCTTAAGCAGCTCTGGAGCATCACGATAACCCTCCTTTAATCCACTATCACCACCCACGGTGAATGTAGCGCTACTACTGCTGTAAAGATCCGTAAATGATGTTGAAGTACTGCCTTCGCTCAATCTGTAAGAACTCGAAACGCTATAGCCGTCCGAAGGCAAAGCACCAAAAAGAGCACTTGGATCCGAGATGTTGTTATCTGATACATAGAAGGTGATAACCTCTGTTGCAGCTATACCTTGGCAGGGATGAACCGCAAGAACAATAGCAAAACCTGCTAAATAGCTGATAAACTTATGTCTTACAACGGAACGAAACCAACGAATAAAAGTCATTTAACTAATATGAAATATATAGTTAATAGCCTCAATATTCACAAGTAAATATATGTTGACTAGGCTTTTTTTATCAAAGATAATAAGTGAAAAATGTTTGCTTTACAAATTTGTTAAAACATTTAACTTGATCTGTATAATCCGGTATGACGTTAAAGGTTTTGTGGATACTCGAATACATTAATTTTTTATCCTAATTCTAAATTGCAATCAAATTGATTTTAATATCCAATCCCAACCAGTTAAAGACCGAAGTCCGTCAGGATGTTCTTCCATTTTTTTCAGTCCTCTCGCTGCTTGTGCGATAACAGCTCCAAGTGTCTCAAATACCCGATTAGCAAATTCCTTCTCTCGCAATTCATCCCAAAGGTGCTCAACAGGATTTAATTCCGGTGAATACGGTGGCAGCTTTACAAGTACCATGTTCTTTGGAACCCTTAAATGCTCGGCACGATGAGAAGGCGCTCCATCCACAACCATCATGACAAACTCTTCAGGATGCTTATGAGAGACCTGCCTGAGAAATGCGCCCATACTCACTGTGTCCATTTTGCCGCCCAACATCCAATCAATCACACCATCTTGCGGAGATACTGCTGCGTACGCATAGACATACTCTCTTACAAGAGCTAACTTTACGATAGGACGAAGTGGCGCTGGAGCCCAGCATTTTCGAGGATCACTTATCCTTCCGAACCGAGCCTCATCCTGAAACATCAAGCGCAAAGGCAGATTCAGTACATTTTGCTTGGTGGCTTGTACCAGTGTCTCTGGGAGTTTTTTTTAAATTCTTCCTGTGCCTGTAGTTACTGCTCCTGAATGTGCCAATGTGTTGTGCTAAATCGGGTCAGCAGTTTTGAGGTTGAGTTTACTGCAGAGAGAAAATCCGGGTTTTTTAGTAGATTTCAAGGGGTGTGCTGTGGTATCGCCCTGTACATGCAAATTTATTCTGAATGTTGGTGGTTCATTTTTTCTGAACTATGGTTGTGCCGTATAATTTTCTCCAAAAGGAGAGTGAACTATGTTTATAAAAGATCGTTATATAAATCCCTTTACCGATTTTGGTTTCAAGAAGATTTTTGGCTCTGAAGTAAATAAGGAGCTGCTTATTGCGTTTCTGAACACGCTTTTGCCTCCGGAGGCGGGAACCGTTGCGGATCTCTCCTTTTTGCCCAATGAACAGGTTGGGCGCAGTGAATATGACCGTCGGGCGATCTTTGATCTCTATTGTGAAAACGAAAAGGGGGAAAAATTCATTGTTGAGATGCAGCGGGCGAAGCAGAACTATTTTAAAGATCGTTCGGTTTTTTATGCCACCTTCCCGATTCAGCAGCAGGCGCAGAGTGGAGACTGGAATTTCTGCCTGAAGGCGGTCTACATGGTCGGTATTCTCGATTTTGTTTTTGATGTAGATAAAGCTGATGATGCTGTGGTTCACCACGAGGTGAGACTGATCGATCGTTCAACGGGTGCGGTCTTTTATGACAAACTCACCTTTATTTATCTTGAGCTTCCCAAGTTTCTGAAAACGATTGATGAGCTTGTTACTGATTTCGACAAGTGGTGTTTTCTGCTCCGGCATCTCCCTGAGCTCACTGATCGTCCGGCTCGTCTGCAGGAGAAGGTCTTTCTTACAGTATTTGAACTGGCTGAAATTGCGCAGTATAAGAGTGTGGAAGCAGGGGTTTATAAAGAGAGCCACAAAGTCTATCGTGATCTGAAAAATGTTGTCGATACGGCGTTTGATGAGGGTATAGCCGAGGGTATCGTGAAGGGCAAGGCTGAGGGAATAGCCGAAGGAATAGCCGAAGGCATTCAGCAAAAGGCACTGGAAGATGCTAAAAGGTTTAAAGATGCTGGTGTTGATATCGAAACGATTGCACGTTGTACCGGTCTGCCGGTTACTCTTGTGGAAGGACTGTGAATGGTGATTTCGGAAGAGGGTGGGGAGACCCCGCCCGTACTGCTCGGAGGAAGGGGGACGTTGTTGACTGGGTGTATTTGCTGGGCGGGTTGTGCTGTTTTTGGTGCCTGGTTGGGCCGCTGCCTCGCGGCTGGGTTCACGGATTTTGGGGAAGAGATGTTATATTATTTTCGTCATTACTTCTTCATGTTTCTAAAAGCCGCATCTATGAGCATTCGATCGCCACGAAAACTGATCACCTTCGACTGGGCAATGAAGCGCTTGTTGCGCAGCAAGGCTAACTTTGAGATCCTTGAAGGGTTTTTAAGCGAGCTGCTTGGCGAGGATATTACGATTCTTGAAATCCTTGAAAGCGAGAGCAATAAAGAGAGCAAACTTGACAAATTCAATCGTGTTGATCTCAAGGTAAAGAACGGCAAAGACGAAATCATCATTATTGAGGTGCAGTATGAGCGGGAACTTGATTATCTGCAACGGATGCTGTATGGGACGTCGCGAGTCATAACCGAACATCAGCAGGAGGGTGAGCCCTATGCAACGCTGGTCAAGGTTATCTCGGTAAACATCCTCTATTTTAATCTTGGCCATGGCAGTGACTATATCTATCATGGTACGACGACGTTTGTTGGCATACACGATAACGACAAACTGCAGCTCGACATCCGACAGCAGAAGCAGTATGGGAAGATGCAGATAAACCACATTTATCCTGAATACTACCTCATCAGGCTGAACAACTTTAACAGCATCGCGAAAACATCGCTTGACGAGTGGATCTACTTTCTGAAGAACGAAGAGATCAAGGATGAGTTTCAGGCCAAAGGGATCCAGAAGGCAAAGC
CP001110.1_gap16	596151	596817	666	CAACCGGGAAGTTAAGCCGCGCAACTGAACAGGAGCTTGAGGCATGGGCTGAAGCTATCCTCACCGCACAGACACTGGAAGCGGTTTTCAAATAAATGTTACTGTACGAAAAAGGGGGACGTTGTTGACTAGGGGTACATCCTGCTCGGGTTGTGCTGTTGTGTATGCCGGTTCGGGCCAGCGGCTCTGCGGTTGGGTGCACGGACTTTGTGAAATAGATGTGATGCTCGAAGTTTTATAAGTGAGCTGTTTGGCGAGGAGAGAGCATGGCGAAAACTTCGCATTGGATCGTGGTACACTCAGAGCCATTTTGCGGTGTGCATTGCTGAAACGCTGGCCGAAGTTCCAGTCTGTTTTTGTACCTTTGAATAAGATTGCTGTGATCATGATGCTGCAAAATTATGCAGCTTTTTATGATCATGGAGTCATTGAATTGGCTGGTTGCCGCTACTCGTTGAAGATTGCATTAAAGGAAGGGCTTGAAAATTCAGGTATTGATTCGGTTCTGGTTACCTGCAATATTACGATTATGAAGGATGGGCGTAAGGTGCTGGTTTGGAGTGCGGAAGTTTTTAAAGTCGGCGCAGGCGTGTTGTTCAATCCATCACCGCTCTTTCGTAAGTGGCGTATTGTGCTGTCTGGAATTGGAATTGGATGTGGTGTGAA
CP001110.1_gap17	598154	603082	4928	GCTCACTTAGCTCTGGCATTAATGCGGTCATTTATGATGTGAAAGGGGTTTTGCCGATTGATAAGGTTAGTGGAAGGTTGTAACGATCGGGCCTGCAGCCTGGTGGATGGGCTCACGGATTTTGGGGAAGAGATGTTATATTTGAGCAATGGAACGCCTGTTGCGTAGCAAGGCTAACTTTGAGATACCCGAAGGCTTTTTAAGCGGGCTGCTTTGAATTTCGATGTTGCCCATTAATGAATTCAGCCTCCGACGAGGATCTGGTACTTGTGACAACGAGGTATCCGTGGGAGGTATTTCCACCTGTTTGGATTCATGCTAACGAATCAACGGTAAAACTCCTTCATATCTTGCGGCTAAGTCCGGTGACCCCGATGCAGCATCTCTCTTTGTAGATGCTTTGTTGAATCCAATAATTGTTGAACAATTAGCTGATACATTTGCCTGGAAAAAACCAGTATTGGTTTCAGCACATGCAGTGGAAGGGTCTGGGGGTAAACACCATACTGGAAGCATTGGCTGATATGCTTGTCCAACAGTTAGGCTGGTCTACAGATAAGAGCAGAGTGAAGATAAATATTGTGTCGCATACAGGAGCTGATGGTTTTTCTCGTTTGGTGAGGCAGGCGAAGTTTGATGGGGATACATTGGCAGGCAGGTCAGAGTGAGCACCCGGGAAATTAAGCCGCGCATCTGAAAGGGGGCTGGAGGCATGGGCCGAAGCCATTCTCATGGTGCCGTATAATTTTCTCCAAAAGGAGAGTGAACTATTTTTATAAAAGATCGTTACATAAATCCTTGCTTCCAGAGGGGGGGAGTTTCTGATCTTTCTTTTTTGTCGAATGAACAGGCCGGGTGGAGTGCATTTGATCGTCGGGCCAAACGATTTCACGTTGTACTGGTTTGCCGGTTTTTTTGTGGAAGGGCTGTGAGCTATTGTGGAGAGCAAAAAATGAGATATATCACGAGTATAGAAAGGATAGGCTATGACAAGGGCTCTATTGAGGGTCAGGCCGAGGGTCGTGTCATAGGCCGTTTGGAGGGTAAGCGCCGGTTCTTGTGCATGCAACTGGAATGTCGCTTTGGTGCTTTGCCTGCATGGGCATTAGAGATGGTAAGCTGCGCTTCTGAGGAGGATTTGCATTCATGGGACGATGCTGTCCTCACTGCGCCGACCTTGGAGGCCGTTTTTCATCAAAAGAAATTTTTTCGTGAAGAACCGGACTGGATAGAGACAATTATCTCGCAGAGTTATGAAGCTTGCTATGAAAACGGAACTTTGAGATGGTTGGGAGATAAGCCTTCGGTCAAGCAGGCCTCTGTTATTGTGACGATTCTCTCTTAGAGAGAAAGAGCGATAATTGCATTATTGAAAAAATCTCAACGCTCATCGCTTCTTGCAGGCAAAGGCGAAGTGTTTGGAGATATCACACCTGTATCACCGGAAGAAGAGTGAAACTGCCTGATATCATTGTGCTCTTCAGGGAAGAACCATCAGTGAACGCTTGAGATTGCTCGTGATGGAGTCAAAATGCATCTGGAAGTGGGTCAAGAGCCGGAAAAAGAGTGTCTCATTGCTCAAGAGAGGTTTGATTATTGTTTATTGCAGGATTTTAACGGGGAGTCTTGCATATGAGAGCTGTTTATAGTACCAGTTTATGATTTCCTTCAAGCCGGGGGTGAGCTTGTGATCAAACGTATTCCGCAAATATGGTGGTCATTCACTCTTGACGTCGAAACAGGTTGTGCTTTTCGTTCATGAGTACACGCAGTCAACAACGTCCCTGTGTTTTTGAGCTGAAGTACACGTAGTCAACAACGTCCCCAATGTTTTGAGCTGAAGTACACTTAGTCAACAACGTCTCCAATGTCGTATGATCAATAAAATTCTGCCTCTTCTTGTTTTGCCGTCGGGGTTCAGCCTGTTGTGTCTGCTGGCTGGATTGCTGTTGCGCAACAGCTTTTTTCTTTGGCTTGGAACTCTGCTGCTTTTGGCGTTCAGTATGCCTGTGATGAGTGATTTTTTGATGCGTTCTGTTGAGGTTGGCGAGGGGAGAGTGCCGGTCAGCAGTGTCGGGAAGGCTGATGCGATTGTTGTGTTGAGTGGTATGATTGTGACGGTTGACGGGGCGCCGCTGGGGGAGTGGGGTGGTGCTGTGGATCGGTTTGATGGTGGCGTTGAGCTTTTCAAGGCGGGAAGAGCTCCTGTGGTGGTTTTTACTCGTGGGCAGGTGCCGTGGCAGCCGGGTGTGGTGCCTGAGGGTGAGTTGCTGGCGAAAAGGGCTTTGCTGCTTGGTGTGCCGCAATCGGCTATCCGTTTGACGGGTAAGGCGGGTAATACGGCGGATGAAGCTGCTGCGGCAAGTGTGTTGCTCGGTGCTTCAAAAAAAGGAGTTCCGAGGAGAATTATTCTTGTTACCAGTGCTTTTCATATGCGTCGGGCGCGTTTTTTGTTTGAACGTGCGGGGTTTGCTGTTGAGCCTTTTTTGGTGGATTATCAGACCAGTGAGAAGAGCCCATTGACGGTGCTCTCTTTTTTGCCGAATGCCGAGGCGCTTGCGCAGTCCGACAGGGCATTGCGTGAGGTGATCGGCTTGCTTTTCTATTGGGTTACAAAATAAGTGGTGACTCCGTCCCGTTCGCCGGAAACAGGAGATGGGGACGTTGTTGACTGCGTGTACTTCCGAAGAACATACCGTGTTTTCAATGTTGACTTTGCGGTCGTAAATACACGGAGTCAACAACGTCCCCCTTTTCGTCCCCCTTTTTTTGAGGAAGTACACGGAATCAACAACGTCCCCAAGGGGGGATTTTCATTAGTGGGGCGTAGTTGTTATCTTCTTTTTTTTGAGGGTTGGTTAACATTATTGTGTTTGTCGAATGGATGATGTTCGGAATTTGCTGTGGTATGCTGTTTATGTTCGTTCTCGGTATGAGAAGAAGGTTTATCAGTTGTTGCTGGAGCAGGGTGTTGTGAGTTTTTTGCCGTTGCTTGATACCTGGAAGCAGTGGAGTGACCGGAAGAAGAGGGTTTCTGAGCCGTTGTTCAGGGGTTATGTGTTTGTTAATATTGATTTGGTGAGGGAGAAGATCCGTGTGCTTGATACGGAGGGTGTGGTGAAGTTTATCGGGATCGGGAGAGTGCCTTCGGTCATTGTGCAGCGGGATATTGATTGGTTGAAGCAGTTGGTGAGGGAGCCGGATGCGATTCATCGTCATGTGGTTTCTCTTCCGGCGGGTCAGAGGGTGAAGGTGCTTGCTGGTCCGTTTAAGGATTTTGAGGGGGTTGTGGTGAAGCAGGGGAGGGAGTCGCGGTTGGTTGTTTTTTTTGAGAGTATTATGCAGGGTGTTGAGGTGACGATTTTTCCTGATGTGTTGGCGCCGATTGCGGTTGCTCCTTCGCCGGTTCAGGGTGTGGCGCCGTTGAGTGGTAAGCTTGCGTCTGTGGAGAAGCATTTGCTTCGCTTGTGAGGTGGTCGCGTGTTGTGCTGGCTTAGTTGAAATTGAGTGGGGGCCTCGGCGGGTTGTTGGGGTGAGACTCTGGAGAGGTGATTTTTTTTATTTTTGCAGGAGTTTCTGCAGGGGGCTTAATGGAGGGTTTTGTGCAAAAAGGGGAGCATGCGTCGATACGGGATGTTTTCAGTCTGCCGGTGATTGTGGCGGCGCTGGGTTATTTTGTTGATATTTACGATCTGGTGCTTTTCAGTATTGTGCGGGTGCCGAGTTTGAAGTCGTTCGGGTTGTCGGGGAAGGAGTTGATTGATTATGGGGTTTATCTGCTGAATATGCAGATGATTGGTATGCTGGTTGGTGGTATTCTGTGGGGCTGGCTTGGCGACAGGAAGGGGCGGCTGAAGATTATGTTTGCTTCGATTCTGCTCTATTCGCTTGCCAATATTGCAAATGGTTTTGTTTCGTCGCTGCCGGCTTATGCGGTGTTGCGTTTTGTGGCTGGTGTCGGGCTTGCCGGGGAGCTTGGGGCGGGTATTACGCTGGTTTCGGAGGTGTTGCATACGCGTATACGGGGTTACGGGACGATGCTTGTGGCTTCGATTGGTGTTTCGGGGGCGATACTTGCCAATATTGTGGCGAATACGTATGAGTGGCATAATGCTTTTTTTATTGGCGGGGGGCTTGGGCTGTTGCTGCTTGTTGCGCGTGTGAGGGTTGCTGAGTCGGGGATGTTTAAGGCGATGGAGGCGAAGAGCGGGATGAGCCGGGGGAATATGTTGGCTCTGTTTACGGATCGTGGCCGTTTTTTCCGTTATATCAATTCGATCATGATTGGGGTGCCGATCTGGTTTGTTGTGGGGGTGCTGATTACTTTTTCGCCTGAGTTTGGTGTTGAGCTTGGTATTTCCGGGCCGGTTTCGGCTGGCAATGCGGTGATGTACTGTTATCTTGGTCTGGTTTTCGGGGATCTTTCGAGCGGCTTGTTGAGTCAACTGTTGCAGAGCCGGAAAAAGGTTATTCTGTTGTTTATGCTGCTGACGGTTGGCGCCGTGGCGCTCTATTTTCTGCAGGGTCATCAGAGCCCGCAGTTTTTTTATGTGGTCTGTGCTGTTCTTGGTTTTGCGGGTGGTTATTGGGCTATTTTTGTTACGGTTGCGGCGGAACAGTTTGGCACCAATCTTCGTGCTACGGTTGCTACGACGGTGCCTAATCTGGTGCGTGGCATGGTGGTGCCGATTACCATGCTCTTTCAGTTTTTCCGTGGCCTGTTCGGGCTGGAGTCGGGGGCGCTGCTGGTTGGCGCCATCTGCGTGACGGCTGCTTTTCTCTCTCTCAGCGCTCTTGAGGAGACCTTCCACAAGGATCTGGATTACTACGAGGAGTTTCTCTGATCTCCTCCTTCAAACCCACAACAAGACAACAAGAAGGGGGACGTTGTTGACTGCGTGTATTTGACGCCTTTACACTATTCCCAT
CP001110.1_gap18	711533	714327	2794	TTCTGGAATGACGGCAAGCCTGTTGTTTCAGGGGATTTCAAGTTTTCCTACCAGTTGTATGGCAATCCGGTGATCGCCAGCGCCCGTCAGCAGTACCTGGCTGAGTTGGTTGGTGCCGACAAGGGAAAGGTTGATTTCGACAAAGCCATTGAGACTCCTGACGATACCACCCTTGTCTTCAGGTTTTACAAGCCTGTTCCGGAACATCTGGCACTTTACCATACATCATTGACGCCCCTTCCGGCTCATCAGTGGAAAAATGTCAAGCCTGACGAATTCCGTCACTCACCGCTTAATCTCGAACCGCTTGGGGCAGGCCCCTATAAACTGAAGAGCTGGAAGCAGCAGCAGGAAATTGTACTCGCATCAAGCCGGAGCTCGAATCTCCCGAAACCCGGAACCATTCCGCTGATTACCTTCAGGGTTGTGCCCGATTATACGGTCAGGCTGGCGCAGCTTCAGACCGGTGCGGTGGATGTTGTTGAAAATATCAAACCGGAAGATTTTACGGCTCTTCTGAAGGCCAATAGGCAGATTGATGTCAAAACGATTGGTCTGAGGGTCTATGATTATGTTGGCTGGTCAAATATCGACCAGAATGAGTATCACAAAAGTGGCAGGGTCATGCCTCACCCCCTGTTCGGTTCGGCGCGTGTTCGGCTTGCCCTGACGCAAGCCATTGACCGCGAAGCGATCATTGACGGCTATCTCAAGCAATATGGGGTAATTTGTAACACCGATATTTCACCATCACTGAAATGGGCCTATAATGAACGGGTTGCGCCGCATGCCTTCGATCCTGCACGTGCTTCAGCCCTGCTGAAGGCTGAGGGCTGGACGCCTGGGCCGGATGGTATTTTGCAGAAACAGGGCAGAAGGTTCAGTTTCGTGCTCTATACCAATGCCGGTAATGCGAGAAGGAACTATGCAAGTGTTATTATTCAGCAGAATCTGCGCTCAATCGGTATCGACTGCAAGCTTGAGGTTCAGGAATCCAATGTCTTTTTTGAAAGTCTCCAGGAGAGAAAGCTTGATGCATGGATGGCTGGATGGTCCATTGGTCTGGAGATTGATCCTCTTGATGTCTGGGGTTCCGATCTTAACAAGAGCCGTTTTAATTTTACCGGTTACCGCAATCCGAGGATAGACGAGCTCTGTGAGCTTGCCAAGCAGAAGATGGAACCCACGGGGGCAAGAGCGTACTGGCTTGAATATCAGGAGATTATACATCGTGATCAGCCGATCACCTTTCTCTACTGGATCAAGGAGACGCAGGGCTTCAGCAAGAGGATTGAGGGGGAAGAGCTCAATATTTCAGGTGCTTTTTATAATATTGACGACTGGAGGCTGCGTCCTTCAGCCAATGTTGCACTATAGGGTCTTATGCTGATTTATATTCTTAAGCGGCTTTTGATTGCCATACCGCTCATTTTTGGGGTACTGACCCTGACCTTCTTTATCATTCGGCTTGCGCCTGGTGATCCTGCTGCCTTTTTCATTCAGCCGGGGATCAGTCCGAACGTTGCCGAACAGATCAGGGCACAGTATGGTCTCAACGATCCCGTGCCGGTACAGTATGTCAAATGGCTTGCCAACGTTCTGCAGGGTGATTTCGGGCGCAGTTTCAGCCGTGCCCAGCAGCCGGTTTTTGATGTTATTGCCGATGCGTTACCGATAACCGTGACCATTGCGGGTTTGACCCTTATTGCAAATTTTACCTTCGGTATCCTTATCGGGATTATCTCTGCAGTGCGCCAGAACAGCTTTCTCGATCGTTTTCTGACCGTGACGGCCCTCTTTTTTTATTCGATGCCGGAGTTCTGGTTTGCCTTGATGATGATTATTCTTTTTGCCCTGAAGTTTCCCTTTTTTCCAGCGTCGGGTCTGAACGAAATTGGTGCGGAGGGGTACGGCCCGGTTGGTTTTGTGCTCGACCGGTTATGGCATCTTGTGCTTCCGGTTACGGTGCTCAGCATCAATGGGGCTGCCGGTATTGCCCGTTATGTCAGGGGTAGTATGCTTGAAGTTATCCGGCAGGACTATATCCGCACCGCAAGGGCCAAAGGGTTACCGGAGAAGGTTGTTATTTTCAAGCATGCCCTTCGCAATGCCCTTCTGCCGGTGATTACTCTTGTAGGGAGTTCGCTCCCCTTTATTTTCAGCGGAGCCTTGTTTATTGAGGTTATCTTTGCTTTTCCGGGTATGGGTCGCGTTACGGTAGAGGCAATTTTTGCAAGGGATTATCCACTCATTATCGCCAATACCTTTATTTCCGGTTCTCTGATTGTACTGGGTAATCTGATTGCCGATGTCTTGTATGCCGTTGCAGACCCACGGATAAAGCTTTGAGGGCATTGATTCCTATGACCGTTCAACCTCTAATATTTTCTCTTTGAGAATAGAGCTGCTCAATACACCTCCTGATGCCAGTGAAACACGGATTGAGGAGCAGATACGTCCACTCCGTATGGATGCTTTTGCTGGTCAGCAACGGCTTACCGATAATTTGAGAGTTTTTATTTCTGCGGCAAAAATGCGGGGCGAAGCGTTGGACCATGTTTTGTTGTCTGGCCCTCCAGGGCTTGGCAAAACGACGCTTGCTTACATTATTGCTTCTGAAATGGGGAGCAGCATCAAGTCAACGTCGGGTCCTCTGCTCGACAAGGCGGGAAATCTTGCGGGGCTACTGACCGGGCTGCAGAAGGGGGATGTGCTCTTTATTGATGAAATTCATCGGATGCCACCGACGGTTGAGGAGTATCTGTACTCAGCAATGGAAGATTTTCGCATTGAT
CP001110.1_gap19	748922	753675	4753	TGTCCGGGGATGTGAACGCCTCCGATCACAAGCTTTCGGCCCTCTGCAAAAGGGTGTACATCGATACCAATTCCAATACGCATGGCAAGAGGGGTTTAATAGGGTTAAAAATGCAGGCAACAAAGATAGAATAAATCATGGAAATATCAGAGCCGCATGTTGGCAGATCACTCTATGGAACAAACAGGTAAAAAGAGAGTGCTTTTCCTGATTGGTTGTTATGCTGTGGCAGGTTAACTTAACAGGGTATAGGGGTGAGAGTGTGGAAATTTTGTTAACGCAGAAGGAATGGAGAGTACTTGCATGACCTTTTCACGATTACAGCGTTTTTTCTGGATATGTGCCGGAACCCCGCTCGTTATGATTGAGAAATACCCGACCGAATACAGCAAATATTCCGGTATCGGTGCAACGATTCTTTTTACTGCGCTTTTCGCCGGTTTGTCGGGTGGGTATGCACTCTATTTTGTTTTTGCCGGTAGTCCTTTTGCTGAATTATGGTCTGTGCTGTTTGGACTTCTCTGGGGTCTGGCAATTTTCAATCTTGATCGCTATATCGTTTCAAGTATCAAAAAGAGTTCGAAAGGGCTGAAACAATTTTATCAGGCCTCCCCGAGGCTGGTTTTTGCGGTGCTTATTGCTCTTGTCATTGCTCGTCCACTGGAGTTGAAAATATTCGACAAGGAGATTCATGAACAGTTAAGGGCACGCTATCTTTCTGACCAGAAAGAGCGGATAGCCAAAGTACAGGACTCTTTTCGGCAGAAATATGCTCTTGAACTTGCCCAGATCAAAACGTACCAGGAGGAGTATGACGGGCTGAGCCATGAGGTAAATCGTCTGCGTGAGGAGCTGAAGGAGGAGGTGTTTGGTTCCCGAACCTCTACAACGTCCGGTGTTGAGGGATATGGCACCTATGCCAAAAACAAGGAGCAGGTTGTGATGGTTAAACAGGCACGCATTGAATTTCTTGCCAGTAAACTTGCCTCTCTTCAGGAGTTCATGAACCAGCAGAAAGCTGTAGAGGGGATCAATAATCAGATGATGCTGAGCGATGAACTGCTCGACAGGAAAGCCGCTCATGCCGGTTTTGCCGACCGAAACTGGGCGCTGGGCGAGCTTACCCATTCGTCGAACGATGTGAGTCGCTCTTCTGCCGACGCCATTTTTTTTATTACCCTGCTTTTTATTGCCTTCGAATGCGCACCGCTGATTGTCAAGCTGTTGTCTGACGTTGGGCCTTCGGATGTTGATATTCGGGAATCGGAATCCCGTATTATCGCACAGCTTGTCAATCCATCCCTCTTTTCCCGCAATCGCCTTAATCGGGAGTACCGACGCCCGACTTCAAAAATCACCGTACCGCGTACAAAGAGATATTTTTCGAATAAAAGGGGAGCTGGACGACAGGGTTAATCGACAAGAAGACTCCCGCTGTACTCTCTCAGAGAAGGGGCTCCCGGAGTTGAAAAGTACTGTTCAATAGCCGTGGCGATCTTTTCGCCGATGTCAGGGTAGACGAAATTCATGGTTCCAATCTGTATGGCCCTTGACCCTGCAAGAAGGAACTCCATGGCATCCTCAAAGCTTGCAATACCACCCATGCCAACAAGTGGAATGGTTACGGCGTTGTAAACCTCCCATACTTTTGCAAGGGCAATCGGTTTGATAGCCGGTCCTGAAAGTCCTCCGGTGATGTTTTTCAACAACGGCCTTCGGGTCTTAGAGTTGATTGCCATGCCAACTACCGTATTGATGAGAGAGAGGGAGTCTGCACCAGCCTCTTCTGCCGCAAGGGCGATCGAGCTAATAGAGGTGACGTTCGGCGTCAGTTTGATCATGAGATGCCGGTTGGTGATCCTGCGCAGTTCCGAGACAATCTCAAAGGTTGCATCCCGGCTTACCCCCATAATCATACACTCTCCCTTGACGTTCGGGCAGGAGAGGTTGATTTCATAGCCATTCAGCCCATCGACTTCGTCAAGTCGTGATACCACTTCGCAGTAATCGTCGATTGAACGCCCCGCAATATTGACGATTACGGCCGTCTTGAGCTGGCGGAGAAAGGGGACTTTTTCTGTTATGAACCTCTCTACCCCTACATTGGCCAATCCGATTGCATTGATCATGCCTGATGGCGTTTCAGCAATGCGCTGCGGGGGATTGCCCATTCTTGGTTCGAGGGAAATTGCTTTGGTTACGATACCACCGATTTTGGAAAGATCGCAGAGTTGACTGAGTTCTTCGCCGTATGAGACGGTGCCTGAGGCAAGAAGTACCGGTGATTGCAGATCAAGTCCTCTGCCGAGAGAGAGTGCAGTTTGGTGTTGGCTCATGGTATAGCGATGCTTGACCGGGATGGGAACAATTCTACTCCTGACCGGCGTTTGCCAGCCAGGAATAAAAAGGGGATGCAGATCTTCTTATCAGTTCTCTTTCTTGTTGAGATAGTACTTGGTTGCATAATCCCGTACCATTCTGTGTGTATTGTATTCCGGTGCGATTGTTGCAATGGCGCTCCGAATCTTGTTAATCCACTTTTCCGGTATGTTCTGCTCGTTGCGTTCGTAAAATGCCGGAATGAGCTGTTTTTCCAGAACAGTGTACATTTTCTCCGCATCAAAACTGTCCTGCTCCTCATTGTTTTCAAAGCATTCACCGTTGGCGATGGAAAAGCCGTTCTCGCCATTATAGGCTTCTGGCCACCAGCCATCAAGGACGCTGAAATTCAGTCCGCCATGCAGAACGGTCTTTTCGCCGGAGGTACCGCTTGCTTCCATCGGTCTTACCGGTGTGTTCAGCCATACGTCAACGCCCGAAACCATCCGCTTGGCAACACCGAGGTTATAGTTTTCAAGGAAGATAACCTTGCCGCTGAACTGTGGCCTGCGTGAGTGCTGGACGATCTGGCGGATATAGTCCTTTCTTGCATCATCGTGCGGATGAGCTTTTCCTGCAAAAACAATCTGCAGCGGCATGGTCGCATGATTGATGATTTTATCAAGGCGGTCAAGGTCTCTGAAAATAAGTGGTGCGCGCTTGTAGGTGGCAAACCTCCTTGCAAAGCCTATGGTCAGCACATCGGGAGAAAAGGTGTTTTGTGCTGATCTCAGGGTATCGTATTCGTTCTGGTACGAATTGATGTGCTGGTGAAAAAGCTGGTTTGCCAGATAGCGGTCAATGAAGTCGATAAGATTGCGTTTCAGGATGTAGCGCAGCGCCCAGAGCTCACTGTCGCTTACCTTCGCCAGAACAGCTTCAGCCGCTTCGCGTGAGAGAGACATTTCATCAACGCTGACTGCGAATTTCTTCCAGAAGCTGTCGGTATAACCGCATGTCCAGCTACTGGCGTGCACGCCGTTGGTGATATGGCCAATCGGCACCTCATCAACACTCTTACCGGGATAGAGATGTTGCCACATAACGCGTGAAACCTCTCCGTGCAATTTCGATACACCGTTTGCAGAGCGTGACAGATTCAGTGCGAGCACTGTCATGGTGAAGAGGCCATAGATATTGCCTTTGTCTTCAGAACCGAGCATCATCAGATCATCGAAATTAATTCCGATGGCAGAGAGGTATTTATCGAAAGTGTAGTGCATCATGTCTCTCGAAAAACGGTCATGACCTGCAGGAACCGGCGTGTGCGTGGTGAAGACGCAACGCGAGCGAACCGTTGCCATGGCCTCTTGCTGTGTCGAGCCCTTTGCAAGTTCCTTGGCGAGCAGTTCGAGCGTCAGAAATGCCGAGTGGCCTTCGTTCATGTGATAGACCGTTGGCGTGACGCCGAGTTTATCAAGCAGTTTAACGCCGCCGATACCGAGCAGGATTTCCTGATTGATACGCATATTCTGGTCGCCTCCATAAACCCTGCAACAGATATCACGATAGTGAGGCTCATTGGCAGCAATATTGGTATCAAGCAGGTAAAGTGTTGCCCTGCCTACCTTGAGGCGCCAAGCCTGTGCAAAAACTTCGCTTTGTGCTATATTGACCGAGATGATCAGATCTTCACCGTTAGCATCGGTGACTTTTTCGATCGGAAGGTTTTCGGCCGACTGCAGGGGATAGTCTTCCATCTGCCAGCCATCATGATTGAGGTACTGGCGGAAGTAGCCCTCTTTGTAAAACAGGGTTATGCCGATAAAGCTGATGCCGAGATCACTGGCAGATTTCAGGTGGTCTCCGGCAAGAACACCAAGACCGCCGGAATAAATTCTGACACTTTCATGGATACCAAACTCAGCGCTGAAGTAGGCAACCGGATCTTTGACCAGTTCAGGAGCGTTATTTGCTGCCCAGGTGTTCTTGTCGTTCAGGTAGGCAGTATAACGTGCATAGACCTGATCAATTTTGTCGCCGTATTCGAACTGGCAACGGGCCTGAAGTTCATCATTGGAGATGTGTCGCAGGAGTTCTACGGGATTGTGATTGTTTCTCTCCCAGAGCAGAGGAGAGAGCTCCTCAAAAAGCTGTTTTGCTTCTGTATCCCACGACCACCAGAGATTTCTTGAGAGTTTATTAAGCGAGGTTATTTTATTTTGCATAATTAACAGGAATGATAATTGCCATGCATAAGCAGGTTGAAGAAAGGCTGTATATTGTGGCATGTGAACTCATGCCACTTGGTAAATCTATGGCCAATTTACTGTTTTAGAATTAAAAACCGCAAGCCTAAAAAAATTGATTACAGAGCCCATAAAAATAGCGCATATATCGGACCTTCATATTTTGGGTAAACAGGATCGACGCC
CP001110.1_gap20	850460	851969	1509	CAGCAAGGGCGGAACCGAAAAGACAGACAGCGTTATCAGCGCACTGTAACTCATAATTCAATCGGGAAGGAGTCATGAAAAAAATAGTGTTTAACCGTTCTCTTGCGCTTCTGTTTGTTCTGGCAGCCCTGCTTGCCGCAGTAAGGGTTGAGGCTGCCGATTATCAGGCCCGTGTGCAGGCCGATATACAGGCGTTCAGGGATTATTTTACCGCCCAGTTTCCCGACGTCAAGTTTGCCGATTATGCAGATGGAGTGTATGCCATTGATGAGGATTCCCGTCAGCAGTGGAAGGAGATGGAGGAGTTTCCTCCCTATGCGCTATCCGTTGAGGATGGCAAAGCTTTGTTTGAAATACCCTTTGCCAACGGTAAAACCTATGGAAGCTGTTTTGCAAATGGTGGCGCTGTCCGGCAGAACTATCCCTATTTTGACGAAAAAAAGGGAAAGGTGGTGACTCTTGAGATGGCCATCAATGATTGTCGGGTGGCTAACGGCGAAAAGCCACTGGCCTGTAAAACCGGTGATATTGCTAAAATATCTGCCTATATGGCTTTTATCAGCAGGGGGAAGCCCGTTGATGTGAAGGTGCAAAGTGAAGGTGCATATAAAGCCTATGTAAAGGGCAAGGAGCTTTTCTACGCCAAGCACGGAAAGCTTAACATGTCTTGCGCTGGTTGCCATATGCAGTATGCTGGAAGACGACTTCGTGCTGAAATTCTTAGTCCGGCGCTTGGTCATACCACCCATTTTCCCGTTTATCGTTCAAAATGGGGAGAGATCGGCACCCTTCACAAACGCTATGGAGGTTGCTCCAATGATACCGGAGCCAAATCGTTCGCCCCACAGAGCGAGGAGTACTGTAATCTTGAGTTTTTCGAGACCGTGATGTCAAACGGTTTGATTTTTAACGGCCCGGCTTCACGAAAATAAGGAGAACGTTATGAAGAGAATACTACTATCTGCTTTTGTCCTGCTCGTTGTTTTTGCGAGTGCCAGTGAGTTGCGGGCTGAACCTGCGGCGAAGGAGTTAATCGAACAGGCTGAGGCCAAAAGAAAAGAGGCTGCGGCTATTGGTTTCGAGTGGCGTGAAACTGCTTCGCTTATCAAGAGCGCCAGAGCGGCTCTTGAGAGCGGTCAGGAAGCCGAGGCGGTAAACTTCGCCGGGCAGGCTCTTCAGGAAGGAGAGCAGGCTCTTGCACAAGGCAAGTATATGCAGCAGAACTGGGAGAGCCTTGTTCCCAAACCTTAACATTTTTTTAGCCGCATCAATCAGGAGTTGTCCCGTATGTTGACCGTGCGGGACAGTGCCCTTCAGTAACGCTTTTTTACCCTAAAACGACCCACTGTTATGCAGCTTTCCCGTCGTGAATTTATACGTATCCTTGGGCTTGCAGGAGCTGCAGGCCTGATTCCCGGACTTGCCAGCAGCCGCACATCCGGAGCTGATATCTATGAAATGCAGGGATTCGGTGATGTCCGCCTGTTGCACATTACCGATACCCACGCA
CP001110.1_gap21	874992	877843	2851	ATTTCTCCATGCCGGTGGGCGGTGCTGACCTGCAGGGCTCTTCGATACCTACCAGTTATGTGCCATTCCGCAATGCGGGTTTTCTCTCGATGGCCGTGAGCTGGTCGGAAGTGATCGGTGCCAGCAAGATTTTTATTGGAGCGGTCGAGGAGGATTCCTCCGGCTATCCCGACTGCCGAAAGGTATTCTATGACGCTTTCAATACCGTTATCGTACTCGGAACGAAACCGGAGACCGATATTGCAATCCTTACTCCGCTCATTGAGATGCAGAAGTCGGAAATTGTCCGAAAAGGCATTGAGCTTCAGGTTCCCTTCGAATTGAGCTGGTCATGTTATAAAAGTGAAGGGAAGGCCTGTGGTCTCTGTGACAGTTGTGCCCGCAGACTCAGAGCCTTTGAGATGATGGGCATTACCGACCCGATTGATTATGAAGCTCGTCCTCTGTATATTCAGCAGAAATCGGCAGAGCATAGCAGGCATACCAGCAGTATTCATCCTTCAATCAATACCCTTCAGTCATGAAATCTGTCAAACCGCTCTCTTTTGAACCGGACTCCTCTACAGCACGGTTCAACCTCTCTTTTGCCCTTATGGCGGCCATCTGGCTCCTTGGTCTTGCAGGGCATTTTACGCCGTTTCAGGAGTGGCCCGCACTTTTCCTTTATGTTATTGGTTCCATTGGTCTGGTGCTCTACCGGGGTAAAACAACCGGTGAATGGAAGGAGATGTATCTTGCTGGAGGTGACCTGAAGAAGTCGCTCTTGTGGGGTGCCATCGGTGGTACACTCCTGTTACTGGTTGCCATGATGAATACTGCTATGATGAAGAGTCAAAATGATACTGCAATGATGTCCGGGATGGAGTATCTGCTTGTCAATCGTTCGCTCCTTTATCTTTATCCGATTCTGGTTATTGCTGAAGAGTTCCTTTGGAGAGGAATCATGCTTTCGGCTATGATTGAGAAGGGTTTGAATAAGCATCTGACTGTATTTTTGACGACCCTGTTTTTTCTTCTTAATCATTTAGCCGTTGCTCCTGTAAATATGATGGAGAGAGCAATGATGGCGATGATGGCATTTCCATTGGGTATTATTGGTGGTTATATTGTTGTGAATACCAGAAATGTGTGGGGGAGTGTTCTTGTGCACATGCTTGTCATGACTTCCATGATAGCCGCTATTCAGATTATCTTGTAGAAATTATTGCCGACAAATATAAAAGTTCATTATGTCTGAGAATCGAATTACCCAGTTGGTGAAGCAGGATAAAAAATTCCTGATTGCCTATTATATGCCGGAATTTCCGGTAACTGGCTCGACGCTCCCCGTGCTTGAGGCGCTTGAGGAGAGCGGGGTTGATATCATTGAGCTTGGTATGCCCTATTCTGACCCGATAGGCGATGGGCCAGTGATTCAGGATGCAGCCCATACCGCTATCCGTAACGGTGTGACCATCAAATATCTTCTTGAACTGGTACGCAGAGCCCGGCAGGGCGAAGGGTGCAAAAAAATTACAGCCCCCATCCTTCTGATGGGCTACTGCAACCCCCTGATTGCTTACGGTGGTGATTGTTTTCTGCATGATGCCCTTGAGGCGGGAGTTGACGGATTGCTTATTCCCGATCTTCCTCCCGAGGAGGCGGCAGATTTTCTCGAAAAAGCAAAGGGGTTTGGCCTTACCGTTGTCTTTCTTGTTTCACCGGTTACTCCACCCGAAAGGATAGAGCTGATCGACAGCCTCTCGACCGATTTTTCCTACTGTCTTGCGGTCAATGGTACAACAGGGACAGCGAAGCTTTCCGATACGGCGACAGAGTCAGCGGTTGATGACTATCTGAAAAGGGTACGCCAACATGCCCGGAAAAAATTTGTTGTCGGTTTTGGCATCAAGGATAAGGCGCAGGTAGAGCATATGTGGAACTTTGCAGACGGAGCCGTCGTGGGAAGTGCCCTTTTGCAGTACATCGCAGCTTCTGCAACTCCTGAAGAGACAGCCCGCCTGGCCGCGGAGTTCTGGAAAACGTTGCGCTGACCGATGGCACTCTCTCCCTCGGTTGATATCATTATTCCCCATTACAGGAGGCGCGACATGCTTGAGCGCTGCCTTGATTCGCTCGAACAGAGCAGCTATCCCTCCATGGGCATCATCGTGGTCGATAACGGTGGCAGCGAGGCGGGCCTTGTTTTTCTTGTCAAGCGTTACCGCAATGCACGTCTGTTACGACTTCCGGAAAACAGGGGGTATGCCGGAGGTTGCAACGCGGGGCTGAAAAGCTCTTCGGCTGACTATGTGGTTTTCATGAATGACGATACGGAGCACGATCCGATGTGGCTTGAACAGCTTGTTACGGCTGCTCTTGCCGATAGCCATATGGGAGCCTTGCAGCCTAAAATCCTTTCGCTTAAGCCTTATCGCAAGGGCAAAAAGATCTTTGATTATGCCGGTGCTGCGGGCGGTATGATGGATCAGCTTGGTTATCCCTGGTGCCTTGGTCGGACATTTTCCGGTGTTGAGAGCGACAGGGGGCAGTACGATTGCGGGAAGGAAATTTTCTGGGCATCGGGTGTTGCCATGTTTGTAAAACGAGCGGTGGCCGAAGAGCTTGGAGGGTTTGATGAGGATTTTTTCATGCAGATGGAGGAGATTGACCTCTCCTGGCGGATGAAGCTTGCTGGATACCGCATAGCATCGGTTCCTTCATCACTTGTTCTGCATGAAGGGGGTGCATCGCTGCAGGGCGGATCGGCAGAAAAAATTTATCTCAATCATCGCAATAATGTGACTATGCTTCTGAAGAACCGTGGTATGGCAGGGCTTCTGTGGGTGCTTCCGCTGCGTCTGTTGCTTGA
CP001110.1_gap22	892074	893669	1595	CAGGTAATTTTTTTTCTCATTCACAATACGGTGGGCCCTGTAGGACTTGAACCTACGACCCAGCGATTATGAGTCGCTTGCTCTGACCAACTGAGCTAAGGGCCCTCAATGCTTAGCTTTAGAGGCAGTTAATATAATGCATTGCTGATAATATCCAAAAAAATAATCCTCTTTTTTATTAAAGTCAGTGAAATTCATCATACTTTTCCCTGCTGATATCGGCACCAAGGCTGTTCAGTTTTATTTCGATCTTTTCATATCCCCGGTCGAGGTGGTAAACTCGCAGTACTTCCGTTGTTCCTTCAGCGACAAGGCCTGCAAGAACAAGGCTTGCTGAGGCTCTCAGATCGGTTGACATGACCTTCGTACCCGAGAGCTGTTGCGGTCCGTGAACAATTGCCTGATTTTTATGGATCTCAATATGGGCGCCAAGCCGATTCAGCTCAGGGATGTGGTTGAACCGTTCATGATAGACCTTGTCGGTAATATGACTTGATCCTTCAGCTTGCGTCATCAGAGCAATCCATTGGGCCTGCATATCGGTTGGAAAGGCTGGATAAGGCTTTGCGGTGACATCGGTTGGAATAAGCTTTTTCGGACTTTTCAGGGTTATGCTGTTGTCTGTTGTCTCAACCAGGCATCCCGCGTGCACAAATTTTTTCAGTACAGCTTTCATCTGTTCGGGTTCAACGCCATTAACAGTAATATCTCCTCCAGTTATGGCTGCAGCCGCAAGAAGTGTCCCAGCTTCGATGCGATCAAAAACGTTCTTAAATTCAATAGCTTTGAGTGTATTGCACCCCTCTATTTCAAGTTCGGTTGTTCCTGTTCCCCTGATTGTTGCTCCCATTGCGATGAGAAATTTGCAGAGCGTCTCAATTTCAGGTTCTGCAGCCGCATTGCTGATGGTTGTGGTACCCTCGGCAAGGACAGCCGCCATGAGAGCATTTCCCGTCGCACCGACAGAAGAGATCGGGAAGGTGATATGGCCACCCTGCAGTTTTCCGCCTGGAATGGTGGCATCAATAAATCCGGTTTCGATGGTGATCGTGGCGCCAAGTTTTTCCATAGCCATCAAATGAAGGTCAATGGGGCGTGGTCCGAAAGCACATCCCCCGGGAAGAGAGACTCTTGCGTGGCCAAATCGTGCAAGCATCGGTCCAAGAACATAGATCGATGCCCTCATTTTTTTTACCAGTTCATAGGGTGCCTGAAGACTTTGTACATTGCGGGATGAAACCTTCAGGGTGTTGCCCTCATAGGTCGTTTCAGCTCCCAGGTGGTGCAAAAGCTGGGTAAAGGTCACGATATCCTTCAGATCAGGGATATGATGAAGGGTAAAGGTGCCATTGCCGGTAAGCAGTGTTGCGGCAATGATTGGCAGAGAGGTATTTTTTGAGCCTGAGGCCGTTATAGTGCCGGAGATGCGGCTACCGCCCTTTATGACAAGCTTGTCCATGTATTCGATACGCTGATGAAAAACGGATAGTTACCATTATTTCAGGTCAAGAAAAACAAATTTTTTTTTCTTTGACCGTTTGCGAAGAAAAGATTTTATCCTTTACCTTGAGTTGATGTTTTTCTTGTGTTTTTCG
CP001110.1_gap23	914928	918825	3897	GTCGGAGGCCTATCAGACCGTTGGCGGGCAGAACTCCAACAATACGGTCCGCATGACCAATGAGTTCATGAAGGCGGTGGAAAATGATGATGTCTGGAGCCTGCGTGAGCGGACAACCGGCAAGACGGCACGGGTGGTCAAGGCGCGTGACCTGTGGGAGAAAATTCTTCTCAGTTCATGGAAGTGTGCCGATCCCGGTTTGCAGTTCGATACCACCATTAACGAATGGCATACCTGCCCGAAGAGTGGACGCATCAATGCGAGCAATCCCTGTTCGGAATACATGTTCCTTGACGATACAGCCTGCAATCTGGCCAGTCTTAACCTGATTCATTTTATTGATGAGGCTTCAGGCAGGATGAAGGTGAAGGAGCTGCAGCACGCTTCGGCTCTTTGGGCCGTCGTGCTTGAAATTTCTGTTCTGATGGCCCACTTTCCTTCCAGGGAGATTGCCCGCCTGAGTTACGAGTTCAGAACTCTTGGTCTCGGTTTTGCAAATCTTGGTACGGTGCTGATGGTGCTCGGTATTCCCTACGATTCGCCCAGGGCGCTGGCCCTGGCGGGAGCAATTTCTGCCGTGATGACCGGTCAGGCCTATGTGACCTCGGCGGAGATGGCCCATGATCTTGGCGCTTTCAGCGGCTATGAGGCCAACCGTGAGGAGATGCTGCGTGTTATTCGCAACCATCGCCGGGCGGCAAGGAATATGTCGGAAGAGGAGTATGAGGGGTTGTCGGTCAAGCCGCGCGGGATTGATTCGGAGTACTGCCCCGGTGAGCTTTTCGAAGCGGCAGGAAAGGTATGGGATTTGGCGCTGGAGAAGGGCATGCAGTATGGTTTCCGTAATGCGCAGGTGAGTGTTATTGCTCCGACCGGTACGATTGGTCTGGTGATGGATTGTGATACCACCGGTATCGAGCCGGAGTTTGCCATTGTCAAGTTCAAGAAACTGGCGGGTGGCGGCTATTTCAAGATCGTCAACCAGTCGGTACACAAAGCCCTTGAGCGTCTCGGCTATACCCCGGCGCAGATTGATGATATCGAGCACTACTGCAAGGGGCATGGCACGCTCTCCGGTTCGCCTTCACTGAATCGGCAGTGGCTGAAAAGCCGTGGGTTCCCGGATGACAAGATTGAAATTGTTGAGTCGCAGCTTGAAGCGGTCTTTGATATCCGTTTTGCCTTCAACAAGTGGATTCTTGGCGAGGATTTTTGTGCCGCGCTCGGCTTTACCGAAGAGCAGCTCAACAATCCTGATTTTGACATGCTGCTGGCGCTTGGCGCTACCGAGCAGGATGCCGAGCTGGCCAATGATTATATCTGTGGAACCATGACCATCGAGGGCGCTCCCCATCTGAAGCTGGAACATCTGCCGGTCTTTGATTGTGCAAGCCGCTGTGGTCGCAAAGGGCTCCGCTATATCAAACACATGGCTCATGTGCGCATGATGTCTGCCGTACAGCCCTTCATTTCAGGCGCTATCTCCAAAACGGTCAACATGCCGGGTACGGCGACGACCGTTGAAATCGGTGAGGTCTTTCAGGCTGCCTGGTTGCAGATGGTCAAGGCGATTACCATCTACCGTGATGGCTCGAAGCTCTCCCAGCCGCTCAATATTTCAAGCTATCAGGATCTTGATGAGATCATCATGCTTGGAACAGAAGAGAGCCTTGATGAAACCAAAGGGCCTCGGGAGGTTCAGGAGCGTATTGTTGAGCGGGTCTACCACCGCTCCGAGCGCAGGATGCTGCCAAAGCGGAGGAAGGGGTATATCCGTGAAGCCTATGTAGGCGGCCACAAGGTTTTTCTCCGGACAGGGGAGTATGATGATGGCTCTCTCGGCGAGGTCTTTATCGACATGTACAAGGAGGGCGCCTCATTCAAGGGTCTTTTGAACTGTTTTGCTGTGCTCGCTTCCAAAGCGCTGCAATATGGTATGCCGCTCGAAGAGCTGGTTGACAGCTTCACCTTTACCCGTTTTGAACCTGCAGGCGCGGTTCAGGGGCACAATGCTATCAAGAATTCCACCTCAATCCTCGATTATGTCTTCCGCTCAATCGGCTACGACTATCTTGGCCGCAAGGATTTCGTCCATGTCAAGGCGGTTGATGAAGTGCTCGAAAGCAATGGGGAGAATGGTCATGCGCAGGTTGCTGTGCCATCATTGGCCGTGCACGCCCAGCCGGAACATTCCGCCACACGTAACAGCCAGGTCTATCAGGCAAAAGTGCAGGGCTATACCGGCGAGCAGTGTGAAAACTGCGGCTCCATGCGCGTCAAGCAGAACGGAACCTGCAAGGTCTGCGACGATTGTGGCATGACCACCGGCTGCTCGTAACCGGGAATATTCTTCTTGCAACGATCCCGTGCTTGATCTCGGGTTCGTTGGGAAGGTACAATTGCCGGCACAACTCTGAGCATCTGTTACGGTATCGTCGTTACCCCCCGTAATAGGATCGTACCCGGAATGATGCACCCAGTGAAAGAGCGAGAGCTTTACAGGCCTCCACATCAACTGAGGGGAGACGGACGACGCTTGCAATGACTTCCGGTATTGTTGCTGCTGCCAGACGGATGAAGTCGCAGACGGCAGTAAAGCCCGCAGCCCCGAAAGGGGTGTTGCACAAGCGCATATATGTTTCTGCATCCGATGCATTCAGGCTGACGGAGAGGCAATCGATAATTCCTGCCAGCTCAGGTATGATGTTTCTGCCATGTACCAGATTTGCCTGACCGTCGGTATTGATGCGAACACGTGTACCATAGTGCTGTTTGATCGCTGCTGCCACCTGCTTGACCATCTCAAGCCGGATCAGTGACTCCCCATACCCGCAGAAAACAACCTCTTCAAAATCACTGAACGCTGCAATGGCAGCCATGATTTCATCGAATGAGGGCTCGGTCTTGAGAAACAGGTCGTCGTCACCGAATGTTCTGCTGTTGTATTTAATGCAGAACGAGCAGTCGTTTGAACAGCGGTTGGTAATATTCAGGTAGAGCGAGTTTCCGATAGTGTAGGCAAGAGTGGGCATGATTTCAGGAGTGATGGAGAGAAAAACAACAGGGATCATTGAGGCACCTGACTGGTACGTGGTGACAATATACAAGAACAACCATCAGGATACCCTCGCTTATCTGCCAGCAGCGGGTTTGCGACCGGGTTTACGTGCCTTATGGATTGTTTTTTTGTTGGTTACCGGAGTATCCATTTGAGCGTTGTGTGATGTTTTGGTGAAGTTCGCGGCCTCTCTTTGCTTCTTAGTTTCTGACAGAGTATCTTACCGCATTCTTTAAGATCATTAAACTATCGGACGGAGTTGTCATGGAAGCGGTTACGGTGTGACCGAAAGTTAAGGCTGTTATTCTCCGGAAATTTGAGGCAATCCTTGCATCGTCGTTCTGGCCAGACCGTACAGGTTGTTTGAATGTCGAGGACGCATTGGGCCTCTCCCGGCTCGAAAACAGAACAAAATTCACATTCTGTATATCTCAGGATTATTAAAAAAAAGGTGAAAAATCGTGATTAATTTTGATAAAAAAATACTCATTATTGGATTCGGCTCAGTATCCCAATGCACCGTTCCTGTTCTTTTTAAACACATTAACGTCGATTATACTCAGGTCACCATTATGGATTTTGAGGATATTCGTGAAAAAGTGTCACCGTGGACAGCATTGGGCGTTACCTACATTAACCATCAAATAACACCGTATAACATAGCGCAAACCCTTTCCTCTTATGTTGCCGAGGGGGACTTGATAATCGATTTGGCGTGGAATATTGATTGTTGTGAAATTCTTCAATGGTGTCATGATCATGGTGTCCTCTATATTAACACATCGGTAGAAGTGTGGGATCCTTATACAGGGGTTGAGACCAGGCCTCCTGCCGAAAGA
CP001110.1_gap24	1025284	1027749	2465	CTTGAGCGAAACCTGATCTATACAGCCGTGACACGGGCGAAAAAACTGGTGATGCTTATCGGAGATCCGAAAGCAATTTCGATGGCTGTCGGCAACAAACGTTCTTCGCAAAGGTTGACCGGTCTTGCCGCTCTGCTTGCGGAGGGAACGGACGATCACCTGCGTCAGTAATCATCCGGCTTTTTTGTTATATTGCGTGCCATTCGTTCCTGCTGAGTGCAAGCTGGCCGGTATTTCCGAAATCATTAGCGCTGTTTTATGAAGATCGTGAAGACATTCAATCTGGTACGTCTTTGTATGTTCCAGATGGGTTTCGGCCTCATGCTCGGCTTCATTCAGGATATCCTGAACCGGGTCATGATCAAGGAGCTGTTGCTGCCGGCAACTATCGCGCTGGGGCTTATAAGCCTTAAGGAGCTTCTGGCCATTTTCGGCGTCAAGGTATGGATCGGCAACTTGTCGGACCGATTCAGCATTTTCGGTTATCACAGGACACCGTATATTCTTCTTGGGCTTTTGAGCTGCGTTGTTGCCTTTGTGCTTTCACCTGCAGCGGCCTATGAAGTGAAGATAGGCGGTACAGCATTTTCGGAGATGCTGCCAGCTCTCCTGACCGATATCGGTCTGTGGAAGCTCGCCTTCATTTTCCTTCTGTTCGGTTTCGGTCTGCAGGTTGCGACCACGGCATATTACGCACTGATTGCTGATGTTGTGCCTGAAGAGCATATCGGCAAGATAACCGGAGCGAGCTGGACCCTCATGGTTCTGACTGCTATCATTTCGAACTGGAACATCGGCAATTATCTGAAGGTTTTTACTCCTGAGCGGCTGACGCAGGTGGCTGAAATCGGCGGTCTCATCACACTCTGTTTCGGGCTTGTGGCCGTTCTCGGTGTAGAAAACCGCAATGCGGAAGCTGCTCAGGGCAAAGGGAAGCACAGCATCAGCTTTTTCCAGTCGGTGCGCCTGCTCTCCTCGTCTCCAAGGACGCTGCAGTTCGCCTTCTACATTTTCATCTCCATCTTTGCGCTCTTTGCCAACGAAGTTGTTATGGATCCTTTTGGTGCGGAAGTTTTCGGGATGCCGGTTTCAGAAACGACCAAGCTGTTCAAACCGATGATGGGCGGTACCCAGCTTATTTTCATGCTTGTTACCGGCTTTCTGCTTTCACGGATAGGGTTCAAGCGGGGTGCCTATTTCGGTAATACGTTCAGTGCTATCGGATTCGCTGTCATCATTGCCGCAGGTTTCATGCACGACCAGTCACTGCTTCGAATCGGTCTTGTCGTGACCGGTATGGGCCTCGGTGCGGCAAGTGTTTCCAACATCTCGATGATGATGAACATGACAGCGGGTCGCAGCGGCATCTATATCGGCCTCTGGGGCACCGCCCAGAGCCTTGCCATCTTTATCGGTCATTCCGGCGCCGGTGTGATCCGCGATGTGGTCTATACCCTTTCCGGTAACCACATGTTGGCCTATGCCGTCATATTTGTTATTGAGATCCTTGCCTTCACGGCATCAAGCCTCTTGTTGCCCCATATTTCCAAGGAGGCGTTTGAGGCCGAGAGCGAAGCGAAAATGTCGGAGTTCGCCGTTACAGCGAAGGCTGGCTGACGGTAAAATGGAATCAAAAACTATGAAATATGTTTTTGGGCCGGTCTCTTCAAAAAGGCTTGGCCAGTCACTTGGTGTTGATCTGCTTCCCCCGAAAAGCTGTACCTGGAACTGTGTGTATTGCCAGTTGGGAAAGACCCGGAAATTTGTCACCGAGCGGCAGGAGTTTTTTGCGCGTGAGGAGATTCTTGAGGAGATTCGCGAAGCGCTCGAACGGCACAAGGGGCTCGACTGGATCACCTTTGTCGGCTCGGGCGAAACCATGCTCTACAAGGGGATTGGCTGGCTGATTGCGGAGGTAAAAAAACTGACAGATATTCCTGTTGCGGTGATCACCAATGGCTCGCTTCTCTATCTGGAGGAGGTGCGTGAGGAGCTGCTTCAGGCTGATGCTGTGCTTCCCTCGCTCAATGCCGGTTCTGAGGCTCTGCACAACCAGATCGTCCGCCCGGCGGCAGGCCTGACCTTTCGCCAGCATCTTGAGGGGCTTGTTGCATTTCGTCATGAATACCAGGGGCGCCTCTGGATTGAGGTGATGCTGCTTGGTGGCATCAACGATTCCGACGAGGCGCTACGCGATCTTGCCATTGTCTTGAAAGAGATCAATCCTGACATGGTACACCTTGTGCTCCCCACCCGGCCAGCTCCCGAGCAGGAGGTTCACCTGCCCTCCGATGAGCGCATTGAGCGGGCAATTGCCATTCTTTCAGAGGTAACAACCGTAGTTAATCCGCTCAAGGGCAATATGGATCTTCGTAACGCTCCGGATATGCTTGAAGCGATTACGGCCATCGTTTCACGCCACCCCGTGCAGCAGCGAGAACTTCAGAAAGCTATTGCTGACTGTT
CP001110.1_gap25	1083884	1085152	1268	GCGACTGAGGCGCTGTTTGATTTGTTCATGATTTCCCTCCGATAAAAGTATTGACAGATGTTTCCATCCCATCATGGTTTGTGGATTTGACATCTCCCTGTTATCCTGAACGAGTAAACTGACTTTGTTGCCGAAGAGCCTGTGCATCTCGGCAAGGCTGTCAGGTAATCCGCCCTGAATGGCACTCATCACATTAATGCTTCACTACAGACACGTTCTATGACGTCAATGGCTGGCAAAATAATGCTTTGATTTCGCAGCATATCAATCAATGCTTCGGCAAGCACAATACCACGATCAGTCTGTTGGGCAAGTTCAGCGAGTTGATAAACGATTTGTCGGTATTCAGCGATACCGAATGGTATAAGCTTCAGCCACCCCTGCAACTCAAGCAGGTGTTCACGGCGGGTCTGTTCGCGATGTCCGTACTTGTTCCATTGATCGACCGCCACTCCAAGCTGATCAGCAACCAGTTTCAATACCGGCGGAAACGGTCTCTGATCGACATTGAGAATAATTCCAGGAAAACGCAAGTAGCAAAGCTGCACAGCAAGCCCAAGGCGATTTGCAGACCCTCGATGCTGATTGATGAAAGACAAGTCCGCCTCGTTAAACATATAGTACCGAATCCGTTCATCTTCGGCCTTCGGCAACTCCAGAAGGCTTTCTCGTTCGGCAGTGGAAAAAAGAGATCGACGAGGCATGGAATAATAGTACGTCTAAAATGAATTGGAAAATGCTGTTGCAGAAACGGACGTTTCCGCAACGATTATTGATCAAGCAGAAATAAAGGCATTGCGCATTGCATAAAGTTATTGCTAAATTATAATCATTTGCAATAACTTTATGCAATAGGAAGGTAGAGATGCTTATCGGTTATGCGCGTGTTTCCACCAAGGATCAGGACACCAAAGCACAAATTGCCGCGCTGGAATTTGGCGGATGTGAAATGATCTTTCAAGAGAAAGCTTCCGGGGGCCGATGGGACAGGCCAGAATTGCATCGGTTGTTAGAGCAACTGCGCAAGGACGATGTGGTGGTTGTCTGGAAGCTTGACCGTTTATCACGCTCTCTGAAAGATGTGTTGACTTTTATGGAGAAGATTAATCAAGCAGGAGCTGGGTTTCGTAGTCTGACGGAAGTAATTGACACTACTTCGCCCGGTGGCCGCATGATGATGCAAATCGTAGGGACATTTGCGGAGTTCGAGCGGGCAATGCTTCGAGAGCGCACGCGCAACGGTTTGGATGCCGCACGCAAACAAGGGC
CP001110.1_gap26	1093459	1096319	2860	AAAAGATCTTCCCGAAAGTTTTTTTCCGCGACAGCCTGATACATGTTTTTGTTGGTAGCAGCAATGATGCGGGCATCAGAGTAAATACTCTCTGACGATCCGACCCGCTGAAACTCTCCGGTCTCAATAACCCTGAGAAATTTTACCTGGGTTTCAAGTGGCATTTCACCGATTTCATCAAGAAAAATAGTGCCCCTGTCGGCACTTTCAAAGTACCCCTTTCTGCTTTGCACTGCTCCGGTAAACGCCCCCTTTTCATGACCAAAAAGTTCCGATTCAAGAATACCGGAGGGAATTGCGCCGCAATTGACAGGGATGAAGCTTTTATCGGCCCGCAGGCTGTTTGCATGAATAAAGCGTGCCAGAACCTCTTTTCCCGATCCCGTTTCTCCAATTATTAATACCGTGATATCGGTTTGAGCGACTTGGAGAGCAAGTTGCTTGAGCTGGGAGATCAGGAGAGATTGCCCGACAATTGTAGTCTCTCGTTTCATCAGGTTGATTTGTCTTCGGTTCACTGCTGCGTCTTTTTTACTGGAACAATAAAAGCCGGGAAGGGCAGTTTTTTTATCAATGCACCAGCATCTTGTTTTGTGGCATATAACTTTTTCAATCGAACACCATAGAACTGCCCCTGCTCAACGATTTCTACCGGTTCGTAAAGAGAGATCTTTTTGGTCAAATTTTCAGCATTTGCTTTGTTTCCGAAATAACCAAATTGCAGGGTAAAACCGGAACTTCCTGCAAAGGTTGATTCCTGAGTTGGTTTTACTGTGGTTGGTGATGGACGAGGCGATATTTGCTGAATCGGTTTTACTTGCGCAGTTGAGGGGCGAAGTGCTAATTCTTCAGTCGGTTTTACTTTTGCCGGTGATGGACGAAGAGCTAATTCCTGAGCTGGTTTTACTGGCGCAGGTGATGGAAGAGGTGCTGATTCCTGAGCTGGTTTTACTGGCGCAGGTGATGGGCGAGGAGTTATTTCTTCCTTTGTCTTGCTCGAAATTGACGCGAGCTGTTGCTTCGAACTTTCCTGCACACCAGACTCTTGTGGTTTCGCCGAAAGAAGAGGGCGTGAGAGCTTTGGCAGCGGGGCAGTGCTGTTGAGCGCCAGGTTGTAGGCGGCTATTCGTGAGTTACTGATTTGATCAAGTGCAGGGTCTGGATAATCGCTCAACTGTTTCTGGAAGAGCTCAATTGCCTGTGGGCCACTTTCACAAAGAAGAGCTTCAACCACGATTCTTTCAGAGGGCAGGGTTATGTTTTGCTGCGTATTTTCTAACAAATAAACCGTATCTTCATCGACATACTTCCTGATTTCACGTGCGTAGGAACGTTCTTCGGCTGCATACAGGATGGCTGGAAAGAAGAGTGCAACAGAGAGCGCAATGCAGAGTTGTGCGGCACTTTTGCGAATGCGGAGTAACCTCTTTTCAGATAGCATTGGTTTGCAGTTTATCGTTGTACAGCTTTTACTGTTCTATTTTTTCTTTCCTCAATATGCCAAATATATCCATATAATATTAATCGCCTTCTATGCACCCTCTTTTGGTCAAATCCTTTGCAAAAATCAATCTTGGTCTTCTCATCACAGCCAAACGCCAGGATGGATACCATACGCTTGAGACTATCTTTGCACCAATCAACTGGTATGATACCATCGAATTCAGTGACTCCGAAAAGATTTCGATGAGCTGCTCAAATAGTGATCTCCCTGTTGACGATAACAATCTTTGTATAAAGGCAGCCAGATCTCTTCAACAGTTTGCCGCTGTCCGGAAAGGCATAGCCATGAAGCTTCAAAAACAGGTGCCTTTTGGCGCCGGGCTTGGAGGTGGCAGCAGTGATGCTGCAACGGTACTCAGAGTGCTCAATGAACTCTGGAAGGTCAACGCATCCCCTGCCGAATTGCACGCTCTTGCAGTGAAACTTGGTGCCGATGTCCCCTATTTTCTCTCTATGAAAGGTCTTGCCTATGCGACAGGCATCGGTGATGAGCTTGATGATCTCGCTCTTACACTTCCTTACTATATCGTTACTGTTTTTCCCGAAGAGCACATTGCAACGGTTTGGGCATACAAGAATTTCTATTCCCGGTTTGATCGTGAACTTCCTGATTTGAAAAAACTGCTCTCAGAGCTTTGTCTTTCTGGAAAAAAGGAGGGTTTACCAGCCTTTGAAAATGATTTCGAGCCAGCCGTATTTGATCATTTTCCCGCCGTTCGCAAAGTCAAATTAACACTGCTGGAAGCAGGAAGCATCTTTTCCTCCCTTTCCGGTAGTGGTTCAGCAGTTTTTGGGCTTTTCGAGAGGGAGGATGAAGCACTGGCAGCCATGAAGCTTTTACCCGAAGCTTATCGTAAAAACCTTACTCCTCCAGGTTTTTGCATGGCACAATAAATGACGGCAGGAATAAGCAGTTACTTAATACCTGCGACCTCCGGCAGTTGAGAATAATCATTGACAGGATTTCTCCTGTTGCTGCCTGAGGTCGTGGGAATTAATCTGAATGAAGATAAGTCGTAACGGGAGTGCCCGGTTTATTCCTGCACCCGATAGATTTCAATATTCTCGCCATTACTTTCAATTCCCTTAACCCATTGTGGTTTCGGTCCTCTGCCTACCCAGTATTCAGTTTCACTTTTTTTGTACTTGATGGGAGACGGACTTCTGGGTGCAGACTTTACAGCTTTCCCTTTTCTTTCAAGTTCCTCCATTGTGATATTATAGGCAGCCATTTTTGCTTTGATATCCTCAAGAATAGCCTTGCGCTCAATATTGATAATTTCCTGAGCCTGTTTCTGAAGATCAGCTATTTGAGCCTGGATTTCTGTAAGTGTTGACATGATTTTTTACTGATAAT
CP001110.1_gap27	1267575	1269310	1735	GGATTCAGTTTAGTATGTTGTCGTAAATGGATGCAATATAGTGACCGAAGCCCTGAAAAGCCACACTTCCGGCAAAAGGCCTCTTATTGTTTATCGCCCCCGTTTGTCTCTCCTCTCAATTCATGGTAAATCACTCGTATATAATCAAGAGCGGTATTGCGGTCGTAGGCAATCAGGCCGTCAATGACCGCATTTTCCATCCTTTTCTTGATCATCCCCACCATTTTCCCTTCCGTCAGCCCGAGCGTTGCCATAATATCTTCACCGCTTATCGGAGGGCGCCATTTGGCAAGCTGGTCTTTTTCTCCAACTTCAGAGATCTTTTCCTCAACATGGTTGAAGTTGCTCATGATGCGTGACACCTTTCTCGGATTTTTACTGGTGACGTCAGCCCGGCAGAGGTGCATCAGATCCTGAAGATCCTCTCCCGCATCAAACATCAGCCGTCGAATGGCCGAATCGGTAATCTCCTCTTTCGACAGGGGAATCGGGCGATGATGGAGGCGTACCATCTTCTGGACATAGTCGAGCGGATCGAGTGGCCAGCGCATCTGGCGGAATATTTTTGCCACAATCTTCGGGCCTATGGCATCGTGACCATGGAATGTCCAGCCAACATGTTTAGCGAACCGTTTTGTCGCCGGTTTGGCAATATCGTGCAGAAGCGCAGCAACTCTGAGCCAGAGATTGCCGGAATGTGCAGCAACATTGTCGATAACCTGGAAGGTGTGAAAAAGGGTATCCTTGTGCCCCAATCCATCAACCTGTTCAATACCCGCCATAGAGGCAACTTCCGGTAAAATTTCCTGCAACAGGCCGGTTTCATAGAGGATAATGAGTCCCCTTGACGGGCGGGGGGAGAGCATGATTTTGAAAAACTCCTGACTAACCCTCTCAATCGAAACAATCCTGATTCTTTCATGCATAGCCTTCATAGCCTCAACAACATCAGGGAGCAGTCTGAAATCAAGCTGAGCCGAAAACCGGGCAGCCCGCATCATCCGCAGCGGGTCATCGGAGAAGGTCTGCAGAGGATCAAGCGGTGTTTTCAGAATGCGGGCCTCGATATCGGCAACCCCGTTAAAACGGTCGATGATCTGGTTCCGTTCTTTGCTGTTCAGTACAAGGGCAAGAGCATTGATGGTGAAATCCCGTCGTGAAAGATCGTCGTCAAGTGTTCCGATAAGCGTCACCGGTTTTCTGGAGTCGTTATTATAGGACTCTTTGCGAGCCCCGACAAGTTCAACCTTGAAGGAACCCTGTATCGGGTCGGAGAGCTCAAGTTGAGCGGTGCGGAACCGTTCAAAAAGGATAAAATTCCGGCCATTCAGCTTGTCGCGTACCGCTTTTGCAAAAGGGAGAGGATCGCCGGTCACCATGATATCGATATCGGTACAGGCTCTCTGCATAATCATGTCGCGAACATAGCCGCCGACAAGGTAACAGCCGATGCCGTTTTCATCGGCCATGTCGCCGATACGATAGAGTATCTCAGGTAAGAGAGCTTGTGAATCTGTGGTCATTGCCTGTTTGCCTTGCACGGGTCAGTTATTCAAGTAAGGCTGCATTGGCGGCAATTTCGTCAGCGATTTTGCCTGCAACCATAATCGCCCGGCGTCCGTCAGAGGAGCTGACCGGAGCTGGCGTGTTGTTTCTGACGGTATTGATAAAATATTCAAGTTCGTCACGCAACGCATTTATTTTCGGAATTTCCGGGTGGATATAGTCCAGAACC
CP001110.1_gap28	1276926	1280733	3807	TAGTCGTCCCTACCGGCTTTATCACCGCCCAATCAGGTATCGACCGAAAAATCCGCGAGCGGCTGGTTGACGGCAAAATGCTGGCCGGGGTAGTCTCCATGCCGAGCAACATCTTCGCCACCACTGGCACCAACGTCTCCATACTCTTCATTGATGACGGCAACAAGGATGATGTGGTGCTGATCGACGCATCCAGCCTCGGCACCAAAGTCAAGGAGGGCAAGAACCAGAAGACCGTGCTCTCCGAAGACGAAGAAGACTGGATCATCACCACCTTCAACTCCAAAGAGGCTGAGGAAGATTTCTCCGTTGTGGTCAACTATGACGAAATCGCCGCCAAGAACTATTCGCTCAGTGCCGGGCAGTACTTCGATGTGCGGATCGAGTATACGGATCTGACACCGAAAGAGTTCAGCATGAAGATGCAAGGGTTTACCGATAATCTGGACAGACTGTTCAAGGAGTCTGGTGAGCTGGATCGGGAGATAAGGAAACAGTTGGAGGGGGTGCGGTATGAGTAAGTTTGTGAAACTGAGGAGTATCACATCCAAAATTGGCAGTGGCGCAACACCCAGAGGTGGGAATAACGTTTATTCTGAACAGGGTGTTGCATTTGTACGAAGTCAGAATATTCTTGATATGAGTTTTTCTGAAAAAGGCTTGGTTTTCATCAATGATCAGCAGGCAGAAAAACTCAAAGGAGTAACAGTAGAAAACGATGATATTTTGCTCAATATCACTGGAGATTCTATCGCAAGGTCTTGCATTGTTCCAACTACGATATTACCTGCTCGTGTAAGTCAGCATGTCTCTATAATAAGATGCAAAGACCGAAAAAGTGCCCCGTATGTAAACTACTATTTACACTACTTAAAACCGCATCTTCTCCAGATTTGTCGAGTCGGTGGGACTCGAAACGCGCTCACAAAAGAAGCTGTCGAAAACCTGTACATAAATCTTCCTTGTGACTATAATGCCCGGGCAAAGGTTCTCTCCGCCCTTGATGCCAAAATCGAATGCAACAACCGCATCAACGCCGAACTTGAGGCGATGGCCAAAACCCTCTACGACTACTGGTTCGTGCAGTTCAACTTTCCCGACCACAACGGCCACCCCTACAAATCCTCCGGCGGCAAAATGGTCTACAACCCCACACTGAAACGTCAAATCCCTGCCGGGTGGCATTACTCGACAATTGGTGAAACGTTCACGACGCATCTCGGCGGCACTCCATCGAGAGATAAAGATGAATATTGGACCCCGTGTGAAGTTAATTGGTTGAGTTCTGCTGAGAATCCAGGCACATTCGTCGTAGATCCTGACGAACGAATTTCATACTTGGGGTTGCAGAACTCACCTGCAAAACTTCTCCCGCAGGGTACTGTGATTCTCTCAATAGTTCGACACCTTAGAGCATCCATACTCGGAATTGAAGCCGCAACGAATCAGTCGGTCGTTGGCATTGTCGAAACCAGCATGTTCAAACACTGCTTTATCTACCCTTACCTTGTTCGCGAAATACCGCGATTAATGGTGCTGAGAACCGGGGCGCAGCAGCCACACATTAACAAAGGGGTACTTGATGAGTCACTCTTGGCGGTTCCTGACAAATCAACAATAGAGGCATATACAAGGCTCGCAGCCCCATTGTTTTTGCAGATGAAGAATTACCACCAGCAAAACAGGGAACTCACACAGCTCCGCGACTGGCTCCTGCCCATACTGATGAACGGCCAGGCCACGGTGGTGTAGAGAGCTCTGCACACGAACCGGTAAATATAGTCCACTACGGATGTTGTGAAATCCACAATCTGAAGCACCCCAAAAGATTATTCGCAGATGGTACACGAAGAAGGCCGACCTTCAGGACTTCCTCAACAAGATAACCGAACAGCCAGGTCAGGAAAAGCAGACTGGATCAAGCGCACAACCTTGAGTAAATTCAATGTCCGTTAATCCTCAACAGCGGACATTGAAAAAGAGTCTTAAAACCCGAAACGAAGACATAGCGAAACCTGACAGAGACAAGAATCTGAGCGTACCACAACCAAACAAAGAAAGCCATGCTAACCGTTGAACTACTTCTCGGATCAGTAACAGAATGGAACGCAGCTCGAAAGGCACATCAAAAGGGCAGGCCCAATCTCAAAGGGGCGGATCTCAGCGGGGCACAGCTTAACAAGGCAGACCTCAGTCGTACAGACCTGGTTGGGGCAAACCTCAGAGGGGCAGACCTCAGCGGGGCACAGCTCAACATGGCAGACCTCAATAGGGCAGACCTTAACGGGGCGCATCTCTATAATGCAAACTTCGGTAAAGCAAACCTTATCAAGACAAATCTGAGTAAAGCAAACCTCAGCGGTGCAACCCTATGGGATGCCAATCTCAGCGGGGCAGATCTCAGCGGGGCACAGCTTATATGCGCAATTCTCACCAATGCAACCCTTACTGGGGCAAACCTCACTGAGGCATGCCTTAACTCGGCAGACCTCACAAGGGCAAATCTCATTGGGGGGGACTTCACAAGGGCAAGTTTCAGCGGAGCAACCCTCGATGAAGTACAGCTTGCAGGGGCAGACCTTACTATGGCATTCCTCGGTCAGGCAAAGCTCTACAGGTCAGATCTCAGCGGGGCAAATCTATGCGGCGCAAAGCTCAATAGAGCAACCCTTATTGAGGCAAATCTTAGCAAGGCAGACATGCACGGGGTAATCATCTGGCATACAATTTTTGTAAATGTAGACCTTAGCAACGTCAAAGGTCTTGACACTGTTCACCATGTGGGTCCATCTACCGTAGGGATTGATACTCTCTGCATATCAAAAGGGAATATACCCGAGGTATTTCTGAAAGGCTGTGGTGTACCAGATACCTTCATTGAATACGCGCACTCCCTCACCAGCAAAGCTATTGAATTCTACTCCTGCTTTATCAGCCATAGCACTGCGGATAAAGCATTTGCAGATCGTCTCTATGCTGACCTGCAAGCCAAAGGTGTTCGGTGTTGGTACGCTCCGCATGACATGAAGGGAGGCAAAAAAATACACGATCAAATTGGTGAAGCCATACGACAACATGAAAAGCTGCTGTTGATTCTCTCCGAAAGCAGCATAAACAGTGACTGGGTAAAGCAGGAGATTATAAAAGCAAAAAAACGTGAGGATACAGAAGGAAAGCGAGTGCTTTTCCCCATCAGTTTGATTGAGTTTGGCAAGATTGAAGAATGGGAGTTCCCTGACAGCAAAGGAAGGGATTTAGCAGAAGAAATCAGGTTGTACTATATCCCGTCATTTATAGGGTGGGAAAAAGACAACGCAGCCTATACAAAAGAATTCGGAAAGCTGTTGAACTCATTCCAGGCAGAGAAGGTCACTGACGGAAAAGCCTGAACTTCCATAAAATAATCATTATAGATGCGAAGGACGCGAACCCATAAAATCAGAGCTGAAGCGCATTTTATTGACAGATGCAGACACTTGCAAAGCCATGAATGAACCACAGGACAAAATGATCTACCTGATAATGGAAGAGGTGATACTGTTGAGTCTGCCTCCAGACGAAGAACCTGACGCTCCGTGTGGGACAACAGCACCTCACGCAGTTCCGCGACCGGCTCCATCCCATGTTGATGAACGGCCAAGTCACGGTGGTGTAAAGCATACGGATGCTTCTTGAGTTACCTATCAGAGCGAAGGTACCCTGAAGAGATGAAGGAATAAACAATACCAAAGATACCGGATGCCGAAAACTTCACAACAGAGATCAGTTACTGATTAGGGAGAGACTTGATATGTTTACAAATTTTCA
CP001110.1_gap29	1461769	1464937	3168	CATCCTGTCACTCCATAAACTCAGAATCCGCTGGCAGGAACAATGTATCGACATCGGAGACGACACTCCAGACGGCGAGACCATCGATGAGATGGAAACAATGAGTGGATGCCCGATTTTCCCCCTGCGGATCGCCAACAACCACACAAAAGCCCTCTTCGATACCGGAGCGCACCTCTCCTACATCTCCCCTGCTCTCGTTTCCGGCATGGCGCAAACAGGCCAAAAAGCGGACTTCCACCCCTTTAACGGCCACTTCACCTCCCCGACCTACACAATGGAAACCGCTCTCGGGGGCAAGGCCTTTACCATGGAGTACGGCACACTCTCCGGCGAGCTGGGAGCAGCCGTCGATATGACCCTGAACATGACCAACACCACAGCCGTTATCGGCACCGAACTCCTCCAGCACTTCGACTGCACTCTCGATTGGAAGGAGAGCAGGATATCATGGAGCTTGAACGAACTCCCCTTCCACTTGAATTTGTAACGACAAGAGAACAGGACGTGACGGTATTGAGACCGTTCCGCATACGATAGAACGGTATCCTGGTATTATAAATTGATGCGTAAAATACCTGAATTATTTTGTGTTAATGGTGTTGGTTGATATTATTAGAGTGTATCGTATTGATTATTATGCATCGCTGCGCGTACTCTCTCTGTTCAATGAACGTTAATGGCACAATACACAACCTATGGATACCCCAAACGATCAATATGACAGCCCGTGGAAAAGGGCCGTCGTTTCGACCGATACGACCGGCCAGTTGCCAGTTTGGCCGTGCTGGCGGATACACACAAGCAGTGGAAACCCACCTCTTACAGCTTGACGGTGCTGGGATGTAGTCATACCTTCAATTTTCTGGTGGCAAAGCTGACCGATTACGAAGAGCGACTTGATGAGCTGCTGGAATCAGATAACGTTTTTGGCTGGATTACGGCGGCTCATATCCTGACCCAAAAAACCAAAAAGCAGGATCAGGAACGCTACGCAGCAAAACTACATTTGGTGCGCATACTCTATCAGCGTCACTGGGAGAAACAACGTATCATTGATTTATTATATATTGCAGACTGGCTGATGCAACTGCCTGATTGGCTGAACAGCCTGATCTGGCAAGAACTTGAAACAATTGAGGAGAAAGAAAACATGGAATACGTTACAAGCATAGAACGAATTGGTATGGTCAGGGGGCAATACACCTTACTGAAAAGTCAGCTTGAGTGCCGCTTTGGACTGTTGCCTGAATGGGCTTCAGAGCAGTTAAAAAGTGCCAAAAGAAAGGATCTGGAAGCTTGGGGTAAAGCGGTTCTCACAGCCCCGACTCTGGAAGCTGTTTTCAAAAAATCGGATGTGCCGTAACAAGAACGGAGATTCACGACAGGTTCTGGCGGGAGGCTAAAACCGAGCTCCGAAAACGATTCGAATGAAAATCAGGCAGCTCCCTCCGCACTGAATGATTTGAATTTTTGGATATCACCGAATGTTCACCGCCCAGGCCACACCGCAACCAAAAGCGCCCGCAGCCGACAACACAACAACAAGCACAACAGAACAGCCCCGTATCGTTCGATAATAAACCCGATTGTAAAGTGCTTTCTTTGGATTGGTTATCCAGCCATAACAGCGAGGAGCCTTGAAGCCCAGAGATTGGCGGGCATACCGCTTCCACGAGGTGCGGGCAGCAATGCGCTTTTTAAGCGAAGGTATTCTAACGCCAACTTTCATGGCAACCGGGATATCTTATTATAGGCTTTGATAAAAGCATTTGATTTTCCGAGCCATCAATATTCGGCGAACCCCCAAAAATTCATCGTAATCTTTTAACGTCATCTCATAGATCGTACCGGGAATGCAGTTAGCCTCAAGGTTTGCTTCGAAATCCGGAAGAGTATCAATACCGCCAAAGGCGAGCTTCCCGCTTTGACATTGCTCACGGATTTGACCGATATAATCTGCCGGAGAGCGCTTCCCTACCTTGATGTTAATCTCCTGCTGAACATAGACATAGTTCTCCACCTGATTGTACTGGCTCTGGCTGAAACCATTCTCTTTCAAATACTGCCAGGGAAAAATATGATGGATATCCCCCCCGGTGTTCAATCATCTCCTTCACACTGATGTCTCGCGACAGGAACCCTTTGATTTGCTTCTGGAATGTCAGCTTTGTATCAGCCTGTTATTTGAGTAAATTTCGAAGTGATATTATTTGGATGTAATCAAGACAATACTTCCAGTAACTTCTTTAAAAGTAAACTTTTGGATAATGCCTGAACTCTCACGATTTTTCGGGATTTTGATAAGAATGTATGCTGAACTGGATGTTCCCCATCATACGCCTCATTTTCACGCCTATTATCAGGATTCACAGGCCGTTTTTTCTATTGACCCGGTTACCATGATGGAAGGCGAATTACCCGAAAGGCAGCGACGACTTGTGATGGCCTGGGCTGAAATTCATCAGTTTGAACTTTTGACCGATTGGGATTTGTTACAGGATGGCAAGGCCCCGGTAAAAATAGAACCGCTCCGTTAATTCAAGACGATAACTCACTATGAAACATCAATTTATAAGGGTCTTAGCTGTCGATATTCTTGACGGCTTTTCATTGCGTGTACATTTCGATAACGGTACGGTAAGGAAAATCAATCTGGAACCCATTTTGTATGGTGAACTCTATGAACCGCTGCGCAATCATGATTTTTTCAGGCAAGTCACCGTTGACGAGGAAGTTGGAACTATAGTATGGCCAAATGGAGCAGACTTTGACCCTGACTTGCTCTACGCATGGGACGAACACATCGACGCCTTTGCCGCCCAGATGCACAAAGTCGAACAGTCACAGGATCGGTAACGGTTTCAGGGGCCTACCATTTTCACCGCCCAGGCTACACCGCAACCCAAAGCGCCCGCAACTGACAACAAAACAACAAGCACAACAGAACTGAACTTGCAACAGAAAAATGGACACATTAAGAAGCCATAACTATGGGCAGCATCAATGAGTAAAGCATTTGCAATTGATTTTGCATGGCTTGAGCGCTTCACTCCTGATGAAGCAGAGCGCTTTACCTTTGCTGATATTAAAATAACCGTTGGTGGAGTGCTCATTACGGAACTTGCCCTTTTACGTCTGGTTGGTGATCGGCTCTATTCACCAGAT
CP001110.1_gap30	1466143	1467106	963	CTCCAACACATTTGAGGAAGCAAGCAATAATTTTCTGCGAGTAGTTTTGTTCAGTCGAGCCGGTTGAGCTGTATCCGCAGGATTCAACTCAAGTGACTCGCCATCTCTGAGACTCCGGCCTATTCGATCAAAATAACAAAGAAGATTTTCAGGCAAATACTCCTTGATATCCCGATTTCGTTCGGCAGCATTAACTGCGTTAACTATCGAATTTTTAGCCAGGTGAAAGTAATGGGCATTATCAGAAGGAAAAAGATCCAGACTTGTTCCCGCAAGTGTGAAGAACAAGGCTATTTTTGGGATGGCACTTCCCTCTTCAATACCTGTCAGCTTGAGAGAAACACCGTTGGTAAAACCACGAGGAATGCGTTTCCTGTCGGGGTGTTCTTGCATGTACCCCCATTTGGCGGTTTCAACAAGCATTTCTTCCAGAACAGCCAAATCCCTGAGAACATCGAGAGGAATGGCATGTCCCGAAAATCGTTCACCAACGAGCCGGGGGCTAAGGAATTCAATGTTGTTCAACGTGCTGCTCATGGCGCTTAATGGTTTGTCAGTGGTCAATATAAAACAACATGAACAAAATAAAGCCATAAAGGCGCATATCCGCGTCTCTCCATTCGAACCATGGTCAAAGGAATATGTCTTTCTGGACCAAGAGCTGCGAGCCGTAGTTCAGGATGCCGAATTGGGTAAGCGCTTTGTTGACAAGCTCGTCAGGGTCAATGTGTTGAATGGTGACGAGAAGTGGATATACATTCACGTTGAAGTACAGGGTACCAAACAGGCAGAGTTTGCAAAACGCATTTTTGTCTATAACTACAGGATTTTCGACCGATATGACCGGCCAGTTGCCAGTTTTGGCCGTGCTGGCGGATACACACAAGAACTGGAAACCTACCTTTTATGGCTTTACCGTGCTGGGCTGCAAACTCTCTCTTGAGTTCCCGCTTGCCAAGCTGA
CP001110.1_gap31	1472813	1474616	1803	TTGATATTATTGCAGTGTTTTATATTAATTATTACGCATCGCTGCGTATACACTCTCTGCGCAATGAATGTTACTGGAACACAACCTATGGATACGCCAAACGACCAGTATGACAGCCCGTGGAAAAGGGCCGTTGAGAACTACCTTCAAGAGTTTATGGAATTCTACTTCCCACTGGTTCATGCTGAAATAGATTGGGCAAAGGAGCATGTTTTTCTGGATCAGGAGCTGCGGGCCATAGTTCAGGATGCCAAGTTGGGGAAGCGTTTTGTTGACAAGCTGGTCAGGGTGAATGTGTTGAATGGTGACGAGAAGTGGATATATATTCACATTGAAGTACAGGGTAAAAAGCAAGCTGAGTTTGCCGAACGGATGTTTGTTTACAATTATCGTATTTTTGACCGATACAGGCGACCTGTTGCCAGCCTGGCAGTACTGGCGGATACACACAAACAGTGGAAACCCACCTCTTACAGCTTGACAGTGCTGGGGTGTAGTCATACCTTCAATTTTCTGATGGCCAAGCTGACCGATTACGAAGAGCGACTTGATGAGCTGCTGGAATCAGATAATGTTTTTGGATGGATTACGGCAGCTCATATCCTGACCAAAAAAACCAAAAAGCAGGATCAGGAACGCTACGCAGCAAAAATCCGTTTATTGCGAATCCTCTATCAGCATCAATGGGATAAACAACGTATCATTGAATAAAGAATCCCCGCCGCAAGCAGCGGGGTATTGAAGATTTCCTCTTTTAGAACAGTGACAACTGATAATCACTGTAGCGTTTCTGATACGTACCGCCCTGCCCTTTGACATACTTGCCTATCATGTCTTCATTTCCATGCTTTCCAACCGTTCCGGCATAATACCCATCCGTCCACATCTCACCACCCCACAACAGTTTTTTTACTTTGGGACATCGCCTGAACACTTCTCGAGCAGAAATACTCTTTATCATCGTCACGATTTTCGTGACACTATACGTTGGCACTGATTGCACCAAAAAATGCACATGATCTTTATCTGTACCAATTTCCAGGAACTTGATCTGATAACGATTTTCTATGTCCAAGCACACGTCTTTTAGGACTTCATCCACCTCATTATCAAAAATCACGCGTCTATACTTTGCTGGTAGCACTATGTGATACATCAGAACGGTGACATTGTGGCTCTTGTGAATATATTCGCTCATGCCAACTAATATACATCATATCACGCCGCAAGCGGCGGGGAATATGACCCGTAGAGATTTATTTTATATTTTAGACTGGTTGATGCAACTGCCCGAATGGTTGAACAGCCGAGTCTGGCAAGAACTTGAAACCATTGAGGAGAATGAAAACATGGAATACATTACAAGTGTAGAACGAATTGGCATGATCAGGGGGCAATACACCTTACTGAAAAGTCAGCTTGAGTGCCGCTTTGGCCTGTTACCCGAATGGGCTTCAGAGCGGTTACAGTGCGCCAAAGCAAAGGAGCTGGAAGCTTGGGGTAAAGCTTTTGTCACAGCTCCGACTCTGGAAGCTGTTTTCAATAAATCGGATGTATCATAAAACGAGCTGAGATTCACGCCAGGCTCTGGCGTTCGCTGCTCTTTGCCCTTCATAGGACAACCGCCGGGAAGATTATTCGCTTTCGCTGGCTTCGAAGTTCTGCTCCTGATAATTTTGTACAAACTGAAGCGTTGAAAATCCAGGCCTGATGATTTCAGCACTATCATGAAGCGCCTTGTCTTTCAGGATTGCTGGATTCAGCACCTCAAAGCGCTCTTCGATAGAATGAAACTCTGTTTTA
CP001110.1_gap32	1618091	1622093	4002	TCCCTGCTGCTTGAGCACATAACGGGTAACCTTGTCGACCAGTGTATTCTGGCCTTGCAGCACCACCTTGTACCTCTGCTGAAAAATCTCAATCTCACCGGCTACCGATGCAACAACATCCTTGATATTCACCAATTCCCCGGACAATTACGTGACAAGCCCCGCATACCAACTGAAGCTCTTGAAAAGGAGGAAAAGTATAACATTTCCGGGAGCAAAAAAAATCAGTGAAAGGGTATCGCTTCCTGAAGAGCAAATAAAGTCCATATTAAGGGCTGATTACAAAGTAAAATACCCCTCTCTCGCAAACCACTGAAACAATTTCTTGGCTACATGCATCTTTGTTGCTATGTTTTGTGATTCTTGTCGTTCCCAAAAAAAGATCTCAGCCACAACAGCAGCCACTATCAAAACAATGCCCGAAGAGATAGAATCCACAACCTCACGGCAACTGCCGGAAAGTGACCCAAAGAGCACAGCAATCAGCAAAGTCAGCGAGACCAGTGAGGCCAGCGAAGCCGAACCAGAAAACGAAATGAATTTTATTGGCCATCTCGAAGAGATCCGGTCACGACTGATCCAAACCGGTATCGCGCTGCTCATCGTCACCGCCCTGTGTGCCACCTATGCCGACTTTCTGGTCAACGAAATTCTTATCGGACCACTCAAAAGAAGCAGTGAAGGGTTGGTACTTCAGAACCTTGTCCCCTATGGACAGGTCTCCCTCTACTTTCAGGTCGTCTTTTTTGCAGGATTCATTCTCTCATTCCCCTTCATCGCCTGGCAAATCTGGCAGTTTGTTGCTCCCGGCCTGCATGAACACGAACGTAAAGCCAGTCGTTTTTCAATACTCTTTATCTCCCTCTGCTTCTTTTCCGGCATTGCCTTTGGTTATTTCGTCTTTCTGCCCATCTCGCTGCAATTTTTTGCAGGATTTGGAACAAGCCTGATCAAAAACAATATCTCGGTACAAGACTATGTCAGTTTCTTCATCGGAACACTTCTGACAGCAGGACTGGTTTTCGAACTTCCGTTCATCTCCTATATCCTTTCCAAAATCGGTCTATTGACACCTGCATTCATGCGGTTTTATCGCAAACATGCCATCGTGTTTCTGTTGATTGTTGCTGCACTCGTTACCCCCTCAACCGATCTGGTCACCCAGCTTATCATCGGCCTCCCGATGATCCTTCTCTATGAGCTCAGCATCCTGATTTCAGCACGGGTCAACCGGAACAATGCCGCATTGAAATCATGACAAGAGCCGAAAGAACATACCCCAGGATTATTGAACTTGACATACCGGGCATCACCCTTGCCGGGAACCCCCTTAATGACCCGAGCGAACGCCGGATTCCGGTCTATCTTCCACCCTCCTACGACGGAAAAAAACGGTTTCCGGTTATCTATCTTCTTGCGGGGTTTGCCTCTACAGGAGCAAGTTTCATGAACTTCAGCTTCGGGCGTCAAAGCGTACCGGAGATGGCAGCCGCACTTATTGCTGAAGGGAAAATGCAGGAAACAATCATGGTTATGCCTGACTGCATGACCCGTTACGGGGGCTCCCAGTATGTAGACTCAGCAGCAACAGGCAACTACGAAACCTATCTCGTTGATGAACTGGTTCCCTGCATAGACCGGACGCTCTGTACCCTTGCAGCAAGGAAGCACAGGGCGTTGGCCGGAAAATCATCAGGCGGGTTTGGAGCACTCCGACTTGCCATGAAACACCCGGATCAGTTTGCTGCCATTGCCTGCCACAGCGGCGACATGTGCTTCGAACTCTGCTATAAGCCCAATTTCCCGGCTGCCGCAAAAATCCTTGAGCACTATCAGGGCAGCATTGCCAACTTCCTGGGCGCCTATGAAAATGCACTGAAAAAACCTCAAAAAGAGTTCGCCCTTCTTGACCTGATTGCCATGGCTGCGGCCTACTCTCCCGATTCCGGAAAAGTCGCACCCGAAAACATGCGACTGCCATTCAATCCCTACACCTGCGAACCCATCAGTGAAATATGGAACGAATGGCTGAGCTTTGATCCGGTAGAGATGATTGAGCATGAAGAGTACCGTGACGCACTTCGTTCACTTGACCTGCTTTTCCTTGACTGCGGAACCCTCGACGAATACAATCTGCAATTCGGTAACAGGATATTTTCAGCCAAAGCCGAACGTTATGCAATCGCGCACCGCTATGAAGAGTTCATGGACTCGCACAGCAACACCTCCTATCGATTCAACGTCTCACTGCCTGCACTGTCAGCAGTTATTGCAGAGTGATTCGGCGGCCTGAAGCAATACCTGAAAAAGCGCTTCGGTCTCTTTTTTCAGCTCAACAAGAGAGCCCCTGTTGTAAAGGACATAATCAGCTTTTGCAATCAGCTTCTCCTGAGGCCATTGTGTTGCCAGTCGCCTTACGATCCCTTCACGCTCCCCCATCCCTTTCAGCACGGCCCGCTCAATTTGATCCTGCAGTTCAGCAGCCACAACAACCACAACATCAAGTCCCTCATTTCCACCTGATTCAAAAAGAATTGCCGCCTCTTTCACCAGAATTTTTACCCTCCGCCGTCGGGCATCAAGCACTGCGCGGCTGAATTCGGCCAACACCTTTGGATGGACAAGCCTGTTCAGTGCAGCAAGTTTATCGGAAGAAGAAAAAACAACGGCCGCAATTGTTTTTCGATCCAGCACCAGATTACCGGAAAGATCAAGCGAATAAACCTTTTCCCCAAAAAGCGCCTTAATCCCCTCAATCACTTCGGGATCATGAAGCTGCAGCTCCTTTGCCACCTGATCTGATTCAAAAAGAGCACAACCCATCTCCGAAAGAAAACGGCAAACCATTGATTTCCCGCTCCCGAGCCCTCCCGTTATACCGACCAGAAAAGGATAGCTGTGCATCATTCAGCTCTCCCTGTTTTTTTTACAATGGTCGCCCGCACCTGAACAAGAATCGATTTCCAGAGTTCAGGATTTTTCTTGTAAATTTCAATCTTGCGTTTCAGACTCTCCTGGGTAAGAGCGTGCTTCAAGAGAAGTGCACTGACCTCTGAAGCATCAAGTGCGGCAAGTGCGGCGCCTTCATCTGCAGCCACCACTCCCGATTCAAGGAGATAATCGCTGTAAAATCCGGCAAAATGCAGATCATCCCTGTCAAGAGGTAAAGATTGTTGTGCACCGCATCCTGACAGAACACAAGAGAAAACAAGACAAATAAAAAAACTTCGAATGGTATCACTGCATTTCATCGCGCACCCAGCCCCCTGTTGATATATTCAGATAACCTTTTCGACCATTAAAATCGATTTTGAAAAATGCAAAGAAACTAAATCCCCCAAATGCAAGTTTAAGCATTTCAAATCATACGTGAAGCATCTTTTTAAACCCTAAATGACATCGCTTTATGGCATATCAGCAACCAGCACTTTTATACGCAGAGAACGCACTGGAACCATTTATTTCCGCAAAAACCCTTGGGTTTCACTATGGCAAGCATCATGTTGCATACATCACCAATTACAACAACCTTGTCGCCGGTACACCTCTCGACACCATGAGCCTTGAAGAGGTCATAGCCCATAGCGCTGCCGACCCGCAGAAAGTCGGCATATTCAATAACGGCGCACAAGCCTGGAACCACTCCTTCTACTGGAACTGCCTGACACCCAACGGTGGCGGGGAACCCTCCGGAGAACTTGGAGCAAAAATTACAGAAGATTTCGGCAGCTTCGACAAATTCAAAGAAGAGCTTAAAAGCGCAGCCGCAACTCAATTTGGCAGTGGATGGGCATGGCTCGTCCTTGATGGAACAACGCTGAAGGTAGTAAAAACCGCCAATGCACAAACACCTTCAACCAGCGGTCAAAAACCGATCCTCACCATTGACGTCTGGGAGCACGCATACTACCTCGATTATCAGAACCGCCGCCCCGACTATGTCGCAACCGTGATCGACAACCTGCTCAACTGGGAATTTGCTGCTGAAAATTTCCGCGCTGC
CP001110.1_gap33	1624231	1627748	3517	CAAACTCGGGCTGCAGCTCACCCGAAACGGAGGGTTCCTCGCAACAGCATCCTGCAGCCATCATGTTTCAGAAGAAGACTTCCTGCAAAGCGTGCATCAGGCCGCACTTGCTGCCGGTTGCCAGCTCAGGCTGATCCACAAAAGCTCTCAACCCTTCGACCATCCCGTACTGCTTGCCATGCCGGAAACAAGCTACCTCAAGTTTGCCTGCTTTTATGTAACACGCTAAAAAGCGAGAGAACTCTTTCCATAGTTCCTCCCGCTTCCGCCATAACGCAGCCTTCGGGCTGCCGGGCGAGTTATTCCCGCAACAAGCAGTATGCACAAAGAAGCATACGCAGCCTCTTACTTCGGAAGTTCCGAAACTGCAGTCCGTATATACTCTGCAGCATCATCAAGAATTTTTATCGCCTGACGAATTTCATAATCATCATCAGCATCATCTTTTGCTCTTTCCATCCGTTTTTTCGCATCCTGTATTGCATTTGCAGCAAGCTGCAGTTTTGAATCGATCGCCATGGCATTTCCCCTTTTTGATTATGGTGTTACAAAATCCCCACTCCCTGAATGTAGCACCGATTGAGGAAAAGTTATAATCCGGCCATGATGAAAAATCATTGCTGACCGTTCCCGAGAAAACCTCTGCGCAGAAACCATTTAAGCAACTCAATAACAGGCACAACCGAAGCGGCAGCACCAATCACAATGGCCCAGTCTTCCGCCGTCAGGAGGAACGTTCCAAACGGAGTACGAAAAACGGGAATGGTAATAAGGGCAGCAAGCATTACCAGCTCCCAGACAATGGCAAGGTTCAGCCATTTATTGGCAAAAGGACGCTTAAGAATGGAGGCCCGTTCAGAACGGAAATTATAAGCCTTGAAAAACTGGATGAGAACAAGCGACACAAAAGTCATCGTCATGGCCTCTTTCAGTGAACGCCCTGAAGCAATGGCAAACTGAAAAAGCGAAAGATTGACAATCGTCGACCAAATCCCGCCAGTGAGCATAAGGGCCAGTATGGCAGGCGTAAAAATCCCTTTTTTGGGATCATTCGGCTGGCGCAGCATAATATCACGTTCCGCCGGATCTACAGCCAGCGCAAGAGCCGGAAGACCATCGGTAGCGAGGTTCACATAGAGAATCTGTACTGCAGAAAGAGGCAGGGGAATACCCATGAGTGTTGCTCCAACCATCAGGCCAAGTTCGCCAATATTCGAGGAAAGCAGATAAGTGAGATATTTTTTAATATTGTCATAGATACCCCGTCCCTCCTCCACTGCAGCCACAATCGAGGCAAAATTATCGTCGGTCAGCATCATTGCTGAAGCCTCTTTTGAGACATCGGTGCCTGTTATACCCATCGAGATGCCAATATCGGCTTTCTTGAGGGCTGGAGCATCATTCACCCCGTCACCCGTCATGGCGACAACTTCACCGTTTTTCTGCAGCGCGTCAACAATACGAAGCTTGTGCTCCGGAGCTACTCTCGCAAAAACCGAAATGGTACCGATAGAACGACCAAGCTCTTCCTCACTCATAGCCTGCAGTGTTACGCCTGTCACCACCCTTCCATCCCGTAAAATCCCAAGCTCGCGGGCAATGGCTTCAGCCGTCAAAGGATGATCTCCGGTAATCATAACCGGACGAATGCCAGCTTCAAGGCACTGACGCACCGCCTCTCCAGCTTCAGCCCTCGGCGGATCAATCATACCTGCAAACCCAAGAAAGGTCATCCCTTCGTCAGCCCCCCGAACCTCCGAAACCTGATTGACAGCAAAAGCAAGCACCCGCAGCGCCCTTTTTCCGAGAGCATCTGCCTCCGCAAGCAGAGCCTCTCGCATCGCATCATCAAGCAACTGAACACCACCAGCGATACGGACAGAACTACAGTGAGCAAGCAACACTTCAGGTGCACCCTTGATGACCGCCTTCATTCCCTCATCACTCCGGTGCAGGGTAATCATCCGTTTCGTCTCAGAAGAGAAGGGCTGCTCATCAAGACGCTCATTGGCCAATTGCAGCTCACCCTCGTCAAAACCAGCCTTACGGGCAACAACAAGCAGCGCCCCCTCCGTCGGATCACCGGCTATCTTCCAGCCACCATCATCGTTCTTCACCAACCGGGCATCATTACACAAAATACCGGCCAAAAGCAATTCCTGCATACTTTCCGGCAAATCACCCCCACCCGGAACAGTAAAGGAGCCTTCAGGACTATAGCCTGAACCGCTCACCTCAACCAGAACAGCAGAGGTATAGAGCGCACGCACGGTCATTTCGTCACGGGTAAGCGTACCCGTTTTATCAGAACAGATAACGGTCGTGCTGCCAAGGGTTTCAACAACCGGCAAGCGCCTCATGAGGGCATGACGCTTAACCATGCGCTGCACACCAAGAGCAAGCGAAATGGTCACCACCGCAGGAAGAGCTTCAGGAACCACCGCCACAGCCAGCGCAATTCCAAAAATAAGCATCTCAATAAATGGCTGGCCACGGAAAACTCCGAAAGCAACAATAACCAGCACAATCACAAAAGCGGCACGAGCAAGGATCGATCCGACCTTGTCGAGATTTTTCTGAAGAGGTGTTTTTTCAGTTTCAACACTCTGCAGCATAGTGGCAATCCGGCCAAACTCCGTCTGCATACCGGTCGCAACCACCATTGCCACAGCACGACCATAGCTGACAGAAGTACCAGCAAAAACCATGTTTTTACGATCACCAGGGCCGGCATTTTCGTGCAGCAACGCAGCAACCTCTTTTTCCGAGGGTAACGACTCACCTGTCAGTGAGGCTTCATCAGCTCGCAGATTATTGGTCTGCAACAGCCTTGCATCAGCAGGAACACGATCACCAGCAGCAAGCATCACCACATCACCAGGAACAAGCTCCGAAGCATTGATCAAAACCTCTTCACCCTCACGCCTTACTTTTGCAAGTGGAGCCGCCATTTCCCTGAGAGCCTCAATAGCCCGTTCAGCCCTGAACTCCTGAACAAAACCAAGCAGCACGGCAAACAAAACAATAACTGAAATAGCAATTGCCTCAACCCCATGACCAAGAAAAGCCGAAAGAGCCGTAGCAATAAGAAGTGTGATGATAAGTACATTTTTAAACTGCTCCAGCAGCAGCTTCCAGGGACTGGCCCTGCGCTCAGCCTGAATCCGGTTAGGCCCATAACGTGCAAGCCGGGAAGCAGCTTCGCCGACACTGAGACCACCAGGCGTCGAATGCAGCTTCTCAAACAGCTCTTCAACCCTCAACATATGCCATACAGAATTCATCATCCTTTAAACTCCCGTCATGTTAATCATAAACAAATATACACAGTACACGATCCGAATGCTTGAACACCCTTTACGACATCCTCATTTCCCGCAGATCCCTATCAGGCTCCTCTCCTGAAGCCACTCTCATCAATCCATTACATGCGGGACATTTCATCATACTCTCCTGTTATTGGTTTCCGATCGGATAGTCATACATAACTATAATTCGACTGCAAAGATATCGGAAC
CP001110.1_gap34	1629378	1630854	1476	AGAATCAAGAACCTCCGACTTGAAATTCAGATCAGTTGCCACAAGATATTTTCCGCTCATTTTTTCGTCGATTTAAGGATTAATAACAGCTTCACCAACATGACAATCTTAATATATCAGCGAAAACCTTTAAGCATCCTGAAGGCAACCTTAAAAAAAACTTAAAAAACCAGGGGGACGTTGTTGACTACCAGCACTTGCGTTAAAACAGATCGCATCAATACATCTCTTCCAGCGCTATCAGAAGCAACGAACCGACTAAAATATTTTCCAGTGAAATCAGACAGGCAGTTTGTAGCTAATCCTGCCGGTTTAAAGAGTTGCTCCGTAACGGACAGATCCACTACCCATCATGATGGTATCGGGAAACCTCATTTTCAAACATGGATGCTCTTTCAGAATTGGATTACAGTGAATGCCTGCCATATCGGTACTGGCGCACCAGGATAACAGGCTTCGCTGCTCTGGATATCAGAATATCAACCGATATGCTCGTCGATTTTCTTGGCAATGATGTTTTTCGGCATAGCTCCAAGCATCTGATCAACAACCTGTCCATTTTTAAAAACAAGCAGGGAAGGAATGCTTCTGATTCCGTACTGTGCAGCAGTATTGGGATTCTCGTCAACATTGAGTTTTGCAATGACAGCCTTTCCCTCAAAATCACCGGCAAGCTCCTCAATAACGGGTCCAAGCATCATGCACGGTCCACACCAGGCAGCCCAGAAATCAACCAGCGCAACTTTATCAGAATCAAGAATCTCTGTTTTGAAATTCAGGTCGGTTGCCACAAGATATTTTCCACTCATTTTTTTATACACCATTTTAAATTAGAAATACAAACTCATTCATTGCGATATGATCAATTACAATCGATCAGTGGAGAAAGTAACAAAAATATATCAATAAATCTGCCTACCCGGAAATCCTCACATTATCGGGGCCAAGAACCTCCTCAAGCTTTTCAATAGTGCTCTCCCCGGCATCGATAGGAGTACTCCGGGCAAAAATACTGATCGTCTCAATATTTTCGCCAGACTGCGCTTTTACCTCAAACTCGACCGGTGTTCCACCCTTGTTCGCATCAAAAATTTTTTTAACCCTGCCAAGTTTTTCCATCTGCAACTGATCATCAGCATCTACTTTAAGGACAACTTTTTTAACGAGAGCGTTCCTTACCTTCTTGATCGGAATAATCTCGCGGACAAGCAATTTAAGCATACCTCCACTCACCTCTCCTTCAGCAACGAGCATCAAGACCTCTTCAGGTTTTATCAAATGGCCATACTGCTCATAAAGACTGGCAAAGACCGTAAAATCCGCTTTGCCGGTAAAATCTTCAATAATGCCAAAAAGCATCTGCTTGCCTTTGCGGTCCTGATAGGGTTTCACCGATACAATGAGACCAAGTACCTTATACTGTTTTGCCGCAACAACCTCCTTGGCATCAAGCTGCAGCGTTGCAAAAGCCTGCCA
CP001110.1_gap35	1632503	1637137	4634	GCAGCGGAACCTCCAACACCCTTCCAGCATCCCTGATAGCCGCCTTGGCAGCAAAAGTACCAATCGCAATAACCTTTGCGACACTCTCCGTACCATATTTTTCAACGGTATACTCAAGCACCTTCTGCTTGCCGACAGGGGTAAAATCGATATCGATATCCGGCATTGAGGAACGCTCGGGATTTAAAAACCGCTCGAACAGCAACTTGTATTTGAGCGGGTCGATCCGTGTAATACCAGTCAGATAGGCAACAATGCTCCCGGCAGCCGATCCCCTTCCCGGTCCTACAGAGTAGCCAAGACGCCGGGAAGCCGCAATAAGATCACTGACAATAAGAAAATAGGAACTGAACCCCATCTTTTCGATCACACCAAGCTCAAGCTCGATTCTCGCGCGGACATCCTCAGCGCTGATACCATCAGCATCCGCGTCAGCATACTTCTCCTTTGCCCCCTCCAGTGTCAGATGACGGAGATAGGCAAACTCGCTCTCAAACCCCTCAGGAAGAGGAAAATGGGGCAAAATAGGCTCTTTGTCACTGAAACTGTAAGAACATTTCCCGGCAATCAGCGCCGTATTACTCAGCTCCCGATGTGCATCACTGAAGAGAGCGCTCATCTCCCCGGAAGATTTCAGATAATGGTCGCTTCCTGCAAGAGCCTGGAGATTCTGGTTCGAGAGCTTCTCCTTGGTGCGGTTGGCAACCATCGCCCGGTAACAGTCAGCATCCTTTCTTTCGAGATAGTGGACATTGTTGGTAGCGACAAGTTCAATCCCTAATTTTTCCGCCAGGGCAATTGTCTGCTCATTAAGCTTGTCATCAAAAGGGGTATTATGGCGCTGCAATTCCAGATAGAAGCGATCCCCAAAAATCTGTTTATAGTAGGCCGCAAACGTTTCAGCTTCATCCGTGGCCCCGGCAAGAAGCGCCCGACCTATTCTTCCTGCAGAATAAGCAGAAAGAGCAATCAGACCCTCATGACAGCTTTCAAGCAGACGGCTTTCAATATGCGGCATACCATTAACAAACCCCTCCCTCGCCGCACGTGAAAGCAGAATACAGAGATTGCGATATCCCGCATCATTCTGAACCAGAAGCACCAGCGAAGGAGAGACAGGAATACGACTATGCTGGTGAGCATCGGTTTCAAGCAGTAACAACTCGCTGCCGATAATGAGCTTGATCCCGGCACTTTTTGCCTCACTGAACAGCTCCGGCATATTGAACATTGCGCAATAATCGGTAACCGCAACACTCTTCATGCCAAACTTTACCGCAGCAGAAAAAATTTCATCCGGAAAAATTGGACTGCTCTGCATCGAATAATGCGTATGAGCATGTAAATGTATAAAATCCATATCGATAACGATCCTTCATCCTTAAATTCCAATATTTCCGTTTTCTGAACCACCCCTATACTTTGGAAATATTCCCGAAAATCAAGATAAACAAGGAAATGAAGAGAGTAAACTTTTGAAGGGTGAATTTATTATTCTCTTCTGAAAGAGGACGTTCACTGCATTAACATCAGTGATACGCCCGGTGCCGGGTAGTTTTGGGGTCTCTGTCCTCTACCTGGCGGCTGAGCGGGTTGAGGCGGAGGCTGATGTGTTTCACCTGAAAAATATTGAGCTGGCTTCAACGAAGAACTGGTTTGAGGCTGCGTGGTTTTTGGAGCGGAAGCATCCTTGAGCGATAGAACAAGCGTGAGGTTCCTCCCGGCGGATGACATGCCGAGGGATAAGTCTGAGGTGATTGGGTAGAGTACAACGGTATATGGACGGTATATGGACGTCATTTGGTTAAAACGATCAGTCAAAATGAACAGGCTGAATAAAGTGACGACCAATGTGGTAAGGAAGCAATTTTTTATGATTGAATCGTCCTATGATCATAGCTGGATGTGTGCCGAATTTTTGTGCAAAATCAATGATCTCGCTTTCCGTCAATGCTCCAGACTCAATAACAGCCCGCTCCTCTTCTTCAGAAAAAGTCCATCGTACGGCAAAAGCATCCGCTTGATCTTCTTTCGCCTTATCCTCTGCATCGAAACAATCATCTTCCAGTGATATATATTTTCTGCCGTGCAAAAGAATATGGCCTGCTTCATGAAAAAAGGTAAACCAGAATCGGTCATTCTGGTCATACCGTGCTGAGAGTTGAATCAATGGGATGTTATCGTGCAACCAGCGGGTTGAACCATGAATCGGGGCTTTCGGCAGACACGGTGTGTAAACAACCTTTACCCCCGCCTCTAAACAGAGCTGCTGCAGAAGCGGGAAAAAATCATCAGGATGCCCTGCCATGACTTTTTTGATGCTTCCAAGATTTGTTTTAAACGTTTTTGCATTAAACGAAGGGGCAACGAGCTTCGCAGCCTCCAACTCACCTTGACGAAGCCATGCAGAAATTGCAAAGGGCTCACGAGAGTGGGCTAACGATATTCGAAAGCTCACCTTCAGCTTGAGACCACAATAAAAGTCTTCCCAGGCCTGATGGCCGGAAATTCCAAAAAAACATAAGAGCGCCTCAACTTGTTGCTCCTCCTCTTCGGTTTTTGGCAACCAACCCAGTTGAGTCATTTTCGCGCAGGGAAATGAACGAGCCCAATCAATTCCAGAGATGAATAGATCCCGGCGTTTTTCCCTTGCAACCGCTTCATCATAGTTCTGCTGCCTCTTCAGCCAGAAATTGGCGGGGATGGCAAGTACTGATTCAAACTGCACCGCCATATCGGGAGTAAGAGAGCTCTCTCCATTGATAACTTTGACAATGGTCTGCTCTGGTTTTCCGGTACGCACGGCAAATTCTTTCTGGCTCATACCCAGTTCAACCAGCTTTTCCCGTAACGTCAGCCCGGGATGGGTCACCGTTTGCGGGATATATTCATTACGCTTCGACATTTTCAACCCTCTTTGTGATAATTTTCTATCTCAACGATCTCAACTCCCCTTATTTTTAGCCAGATATATTGACCATGATCAGTCTCAGGAACAGGGTTTTCATGAGGTTCAAAGATTAACCTGTAAGGCTGATCCAGATCACATGCCCATTGACCTTTACGATTATTTTTCAATTCATGATATCGTCCCGGGAGGTGGCGGACATCTTCAAGAGTTTCTGCTGCTCTCAGATCATCGAGCCGTTGCTTGAAAAGCTCCGCTCTTCTCGACCCAAGTTTACGCACTGCCAAACGATCATCATTTGCATATTTCCTCAGATCTTTACCCTCAAACGAAATGTCCATCAATAATTTAATAAAATTATGAACACTTACTACTCATCAAAATATCACAAATGAAGAATAACTCTGATAATCACCAAAGATCAGCCCCTGCCTGGTCAGGAAAAAAACGTCAGCGTTTCACGACACAATAGGGAAGTTCATATCGCTTGTTCGTCATAATCTTCCAGGTTTTCTCGTAGAGCGTAACAGGCAGTAACAGCTTTTCATCAGAAATGACGAGCAATGCAACCCTGTCATGGAAAATGGTAATTTCAACGGTTCTTGCCCTCCACTGTACACAAAACGAAAGGCTTTCCCATTTTTTCGGCAGCCACGGTTTCAACACCATCCGGTCAGACTTTATCGAAAAACCTCCGAAACCCGAGATCACCGTCTGCCATGTACCGCCAACCGCAGCCGCATGAATCCCCAGCGCCGTGTTTTCATGAAGATTCTCCAGATCAAAAAGCGCCGTCTTCATAAAATAGTGATAGGCCCTTGTGCGCATCCCGACAGAGAGGCCCATCATGGCATGAATACAGTGACTCAGTGACGATGCATGCGCCGTACGTTTCTCATAAAAATCAAAATTGGCTCTTTTATCCTCATCACTGAAAGAATGGGGAAAGAGCATCATCATGATGAGAACATCAGCCTGCTTGATCAACCGTGTCGACTGTATATTGCTGTAATCAATCCCCTCGGGAAGCACAGGATGACCCTTGCGGTCAAACTTCTCAACGAGATAATCTTTCAGGGAAAAGTAGCCGTCAAACTGCTCAAAAAGCCTTGTTTGGGGATCATAGGTGAGCCTGAGTTTCCTGCTGATAGCCAGCCATACATCCACCTCCTCCCTCTCAAGCCCTATTTTGGCGACAAGATCATCCAGAATTCCCGAATAGCTCCTGCCCATATACTTGAAAAGCAGCACAGCAAGCCCGAGATGCCATTTCACCATAAAATTCGTATAGGCATTATTGTTGACATGCTCATGAAACTCGTCAGGGCCAATGACACAACGAATTTCATAATGATCGCCCTCCTCAACAACCCTCGATGCCCAGAATCTCGCCGTAAGAAAGACCATCTCAAATCCATAATCCACAAGAAAACTGTCATCACCAGTGACACGAAAATACTTTTCAACACCATAGATCACATCAGAAACAATATGATCCTCCTCTGTGCCGGTATAAATCAACCGAATGGTTCGCTCAAGTTTTGAAGCAAACCTCGGAGTAACATCCTCTCCGGTCGTTGCTGACTCCCATGCATACTTCGCCCCTTTACAGCCCATTTTCAGCGCATTCTTCTTTGCCCCGTCGAGAGTATTGTAACGGTATAACAGCATATTCCGGGCAACATCAGGAAAATTGTAGACATAGAACGGAAGAATAAAAATCTCG
CP001110.1_gap36	1659638	1660902	1264	AGATCAATAATATCGCGTGACTGCGAAACAAGGCCAACGACGTTGGCTCCTCGTGAAAGGGTCTGCAGGTTGATATCCGGCCCCACAACCTTGCGGGCTTCATCCATCATGGTAAAAGCATCCTCTTCGCAATAGAAATAGAGGCTCTGAAAGCGGGCTCCACCGCCAATTTCAAAATTGTCTGTACCGGCATGAACGGCAGCTTCAAGGGCAGGCAAAAAGTCCTCGGTCTTTACTCTCGCACCAAAACAGGACTGAAACCCGTCACGGAATGAGACATCCATAAATCTGATTTTTTTCATCAACGTCCTCTTTACAGTTAAGTGAGAATGGCAACCTGGCCCTTCAGGTCAGTGGGCATCAGTAGCGAATGTGCCGAGTTGACGGAACGACTCTTCTTCGACGATGCTGTGCAGGCTGTTGCCGTGTGCATCCATGGTAACAATAGCCGGAAAGGAGCTTGCCTCCAGATGCCACATCGCTTCGGGAACGCCCATCTCTTCAAGAAAATCAACTCCGGTCACCCGGTCAATGCAACGGGCGTAATACTGTGCTGCGCCTCCGATGGCGTTGAGATAGACGGCTCCATGTTCCTGCAACCCCTTGAGGGTTTTCGGGCCCATCCCCCCTTTACCGATAATTGCTCTCAGTCCAAGTTTTTTGATGACATCCGCCTGGAAAGGCTCTTCACGGATTGAGGTGGTCGGCCCGGCAGCGGTAACGCGGTAACTGCCATCCTCATTTTTCATGATAACCGGTCCGCAATGGAAGAGAATTCCTCCTGTTGTATCGAGATGGGCGGGCAGGTCGTGGTGCATGATATAGTGGTGGAAGGCATCACGACCGGTATGCATGGCGCCGTTAATAAGCACCACGTCGCCAACCTTGAGCGATCTGACCTGCTCTTCAGTAAGTGGAGCCTGCAGGATAACCTCTTTTCCGGTCAGCGCCATTCCCTCGCCTTTGGCCATGCGTTTGATCTCATCGGCAGCTCTGTACTGCCAGCTCTTGATTGAGCCGCTCTCCGGATCAAGCAGCACGCCAAGACGGCGGTATGCCCAGCAGTTGTAGGCTACGGAGACAAAAAAGCTTGCCGGAACGCGGTGTGATTTGCCGATTTTGCATCCAAAGAGGGTGGTTTTTCCGCCAAAACCCATGGGGCCGATATCCATCGTATTGGCTTTCTCAAGAATATCCTGTTCGAGAGCATCAAGTTCACTGTCGGGGTTACGGTCGTCAATGGTGCGGAAGAGCTGCTTCTTGG
CP001110.1_gap37	1808154	1811229	3075	AACTCGCAGCCAGTAAAGTCCATACTGACTCTGAGCATCGGTATCTTGGTGGGGGTTCTTACAGGCGTCGGATTAAGTTACAGAAACCAGAGTGTGGAAGCGCCGGTTCATCGTCTGCCTGCTACAACTGCAAGGCCATCAGTCAACCCGGTTGATACAAATGACAGAATAAAGCAGCGTTCTGATTCCACAGCAAAAATACAAAGAAAAAAAAGTTTACACGCCCTCATCCCCTGATCAGCGCTGACGGACTCCTCCACAGCACCGATCCTCTCTCCCGGACTTTAATCCTGCACTTCTGCCTCTGTGTCCGATACCAGGAAATAAGACAACAGCCAACTTTGGAAGAGCCATTGCCTTATTCTTTATGATGCGTTACGTTACCTGTACAAAGCAAACAAGGCAGTTACAAGAAACAGTTGCCCTTGAGATTGACAAGCGCGCGAACTTCTTCTTCATGAAAGAGTTGGTCATTCTCCCTGCAAATAAAATCTCCGGAAACTTTCTTCAATGAACCCTCGAGGGTTGTCAAGAGGTTTCCTGAACAGTCGAAATTACCCTTGACCTTTTTCGGAGCGCCATCAAGTGTCACGAGCTGATTCCAGGCACAGTCGAAATTACCCTTGACCTTTTCAGGAGCCCACTTGAGAGAAATCAGTTGATTATTTGAACAATTAAGAGCATCAACTCCCTGAGAAGCGCCTTTCAGGGATGTCAGTTTATTGCTTGAACAATCAAATGTCCCGGCTCGCCTGGGAGCCCCTTTAAGGGTGGTCAGATGATTGCCGGAACAATCGAAGGTGCGATACACTTCCCTGGGACCACCTTTAAGCGATGCCAACTGGTTGCCACTGCAAGAGAAATTTCCCCTGATATCATCGGGAGAGCCTGCCAACGAGTCAAGTTGATTGGCGGAACAATCAAAATCGCCTTGAACTTTTTTCGGCGCACCGAGGAGTGTTGTCAACTGATTTTTTGAACAATTAAAATCGCCACCCACAATCAGAGGCGCCCCTTCAAGTGAGCTGATCAGGTTACCGGAACAGTTAAAATCTCCCTCAACGATGTCCGGGCAAGCCGCGATTACAGTTGTCGTATGAACAACAATCTCTCCTTTAAACAAGGACAACTGGTTTCCGCTACAACAAAAATCACCCATAATAAAAGCCGGACAACCCGCAAGAGAGATCAGTTTATTGTCGGAACAATCAAAATCCCCTTTAACCTCCTCAGGCCCACCTTCGAGTGAAATCAACTGGTTCCCTGAGCAATTAAAATCCCCCTTAATTTTTTTGGGACTCCCGTCAAGTGTTGTGAGCTTATTGCCTGAACAGTTAAAATCCCCCCTGACTTTCTCCGGACACCCGTCAAGCGTCGTTAATCCCTTATTTGAACAATCGATATCACTTTTTCCATCAAGCACTCCCATGACATCGGCAAACGTTACTTCCCTGGTCATATTCTCTCCTCCATTAAAAAAACGATTTATTAAAACCAGAATAACTTATTATCCCCTGGAGATTATTTACACTTTTTATACAGCGCGTTCTTTATAAATGATTTTATAGGTCGCAAAAAAAACGTCCCGCTGGATAATCGTTCTGAAAAAAAACGGGCTAAACCTGCAATAAAACTACGGAAGAAGGACTGCGCAAGAGATAACAGTTGTCCAAAGCCCATTCTCACCCTCTGCGGTTGCCGTAATATTGTAAGAGTTAATGATCTTGTGACTCATTTTGTAAATACCCTCACGCTCATCCCAGTCCTTGTTGGGGTCAAACTCAATACCGAGAGTGGTTGCAAGCATGGTAGCCGCCAAATCTTCAGCATATTCCCCGGATTGCTCAGCGGACTCCCCATAGGGATGGTGTTCCGACAGATAACCATACTGAGTCTCATCAGCCGGAATGGCAACACCAACCGATGCTGCAATCAGGCGGTTATACTCATTGGTTGAATTGCGGGCCATAACGGTAAAGGTGATCTGACCGGGAGTGAGCAGTGTCAGCCCCTCTTCTACACTGATACGTTCACAATGGGGCGGGAAAATACTCGATACGGTAACAAGGTTACATTTCTCGATTTTGGCGTCTCTCAGGGCAAGCTCAAATGAAGAGAGATATTCCTTGTGTCGCCCCACGCCTTTAGTGAAGAATACTTTTGCTGGAACAAATGACAATGCCATGCCTCCGGAATAATTTATGTAACGAATTCGATCTCGTGACTTAACAATAGTTCATACCCGAAAACCGCGTTTATCATACCGCCACAGTAACCTTAGGATATTGTACAATTACACGGAGCTTTTTTACCATCGAATCCTATCATCCCCGTAAAACAAAAACTCATGCAATGACCCTAATCTATGGGCTTTGAAGTTAGGAAGCAATTGTCATTTGTTACAAGTATGAAAACAAATACTCCGCAGGTCAAAAATGTTAAAGTACTCCCAACGGAAGATATATATTAAAATTCTTTGACTCTGACAAGCTGATACCGAATGTAATTCGTTTTTATCATGCAGTTGGAACAAGTCGATCTCGCATAATTCATTTACCTTATTGAAATTAAAACAATGACAACAACCGTAACAAAAGTACTCTTCGCCGATATTATGGGCCATCTTGATGGAAAGGGGGATATAGATTGTTCAAACAGGGGATTAACCTCACTTGAGGGCTGTCCGGGAATCGTAGCAGGGAATTTCAATTGTTCCGGCAACCAACTGACCTCACTTGAAAGTGGCCCTCACAACGTAGGTGGTGATTTTTCTTGTTCGAATAACAAATTGACAACACTTGAGGCTGGCCCTGAAGAAGTTCTTTGGGATTATGATTGTTCCGGTAATCAACTGAACTCGCTCACAGGCGCTCCAAAAAAAGTTCATGGTAACTTCGATTGTTCAACAAATCAGCTCACAACACTCCAGGGCAGTCTGAAAAAAGTCGGTAATGATTTTTCGTGTTCAAATAACCTGCTGACATCACTCAAAGGCGCACCTCATAAGGTTGGTGGCGATTTTTCCTGTTCGGATAACCAGTTGACTACACTTGAGGGCGTTCCTCACGAAGTTGG
CP001110.1_gap38	1923249	1924819	1570	AAAAATCTTCAAGTGCAGCCAGGTTACGCTTGCCAACCTCCCTGAGCATCCACCCTGTAGCCTTATGAATCAGCTCTTCAGGATCCTGAAGCAGCTTTTCTCCCAGAGCAAGAGTATCCTGAAATTCTCCCAGACGGATGAAATGAAAGGTTGCGATAATAGCAATTCTGCGCTCCCACAACCTCTCAGAATCAGCAAGTTGAAGGAGGGACGTTCGTGGATGGTCATGTAAAAAGCTGCCGACAATATGCGGCGCGGAAATATCAACCAGATCCCAGTTGTTGATACATCGGGTATGTGCAAGGTAGATATCGTAAATCCGCTTCCGTGAGGGTTCGTCACCCCGGATAAAACGACGCATCAGCATCAACAGAGCAAGCAATCGATCTTCATGAAAAGCCGACTCAAGCAGCAGAATAAGCTCAGGCATAGGAACATCATCCACCGTCAAGGAAAGTTTTCTCAACACTGGCACCCGAATTCCACGAAAAAGATCACCTTCAGCATATTCACCGGGCCCAGTTTTGAAAAATCTCTGCGCAAACCGGGCCGCCTCGGGATTTGAGAGCGCCTCAAGACGTTTCATGATCATGGATGCAGTACCACTCATGATAATATTCCCTCTTAACTTCAGATTAATCGTTTCCCGAAATCCTCATTATCAACACCCTACGCCTGTTCAGCCAGCTTACTCCACCGGGCCATCTCTTTTTCAAGCTGCTGTTGAAGCGCCTGAAGTTCCGACCCAAGCTGCTGCTGCAACCCAAAATCACTACCTGCCGACGCAAGACGTGCGGCTATCTCCGACTGACGGATTTCAGCATCGTGGATCGTCTGCTCAAGCAGCTCAAGCTCACGCTTCTCCTTGCCTGAAAGCTTTGAGGGCTTTGGCTTTACCGATACCGGTGGAAGAATCTTCTGAGCCTCTTTCGCAGATGATTTCTTTTCATCCTTTCCCTTGGCCGCCAAAGCTGCTTTCATTTCGAGGTAGACGGTATAGTTACCCGGATAGCGACGAATACTGCCGTTCTCCTCGAAGGCGAAAATATACTCCACCGTCCGGTCAAGGAAATAGCGATCGTGACTGACCACCAAAAGGCAGCCCTGAAAGGTATCGAGATAGTCTTCAAGCACCCGGAGCGTCGGGATATCAAGATCGTTGGTCGGTTCGTCAAGCAGAAGCACATTGGGCGAATCAATGAGCTGTTTGAGCAGATAGAGCCGCCGGCGTTCGCCTCCCGAAAGGGTGCTGATATAACTGTACTGGGTTGAGGGCGCAAAGAGAAAACGCTCAAGCATTCTCGCAGCAGAAAAAACTGTGCCATCCTTAGTCTTGATCTGCTCGGCATGCTCCTGAATATACTCAATCACCCGTTTCGAATCATCAAGTCCCCTGCTCTGCTGATCGTAATAACCGATATTCACCGTCTTACCAAGATCAATATGGCCACTGTCAGGCTCAACACGCCCGGTAATCATATCAAACAGGGTCGTTTTTCCCGAACCGTTCGGTCCGATAATGCCAATACGGTCTCCCTTTTGCAGATGATACTCAAACGAATGCAGCAGC
CP001110.1_gap39	1974476	1975503	1027	ATCCCTGCTCCCTGAGCCATCCCTCATCAATTTTCGAAGCGACTGCGACAGATGAGGGGGGGCGACCAAGCTGGCGGGCCACATATTTGCCAAGAATATCGAACTCAAGGTTCACCCGGCTTCCTGATTTCAGCTCATTAATGGTGGTTTGGGCAAAGGTATACGGGATAACCGCCACAGCAAAAAGCAGGGGCTCAAGCTTTGCAACGGTCAGGCTGATGCCGTCAATCGTTATCGAACCGGCAGAGACAATAAAGGGGCTGAAAGCGTCAGGAAATGCAATCCAGATTTCGCGGCTGGAACCAAGCTCCCTGATTTTTTCGACAACGGCAGCACAATCAACATGGCCGAGCACAAAATGGCCGCCAAGGCGATCCTGGGGACGAACCGCCCGTTCAAGGTTAACGAGAGATCCATGATGGAGCGAGCCGAGCGTTGTTTTGGAGAGGGTCTCCTCGACAGTATCGACCTCAAACCACCCCTCTCCAAGAGCGACAACGGTCTGGCAAGCGCCGTTGATGCTCACACTCTCGTCAACAGAAAGGTCAGCAAACTCTGCAGCATTACTGAACTGCACCCTGAGCCGCAGACCTCCCTGACGCCGTGTCACTCCCCCCACCCGGCCAACATCCTTGATAATTCCAGTAAACATGGTATTCCTATTCACTTCAATAAACAAACAGCATCACAATGATACATCAAAACCCGGCTTTCCCGGCTCAATATATCACCCTTGACCGTAGACCACAAACCCTGCCGCTGGTACCGTAATTTGTACCGCAGAACCCTCAATTGGCATAACAGAAACACTGCGGCCAAGCTGAAGAGCATCAGTAGAAAAAAGGCAGTTCATGGTACTTCCCGCTGCATGAATAGCGCTGTCTACCACAATCCAGAGGGTAAGCTCGCGCTCGGTATCGGTATTGATTGCACAAAGAGATTCCGAACCGGCAAAAATTCGTGACCAGGCAATCACCCAGTGCAATTCACCATTGACTGGCTGAGGATAGTAAAATTCACCATCACG
CP001110.1_gap40	1977969	1978815	846	ATTGCCATAAGCATAACAATTGACATTGCGAGGGCTGCCTGGCGGGTATAGAGGCCCAGTATCATAAAAAGCGGGGCCAGAAGCTCCCCGACAAGAATTCCATGTGAGAGATAACCCGGAAACCCCGCCTTGAGAAGCATCTGTTCCACAAAACCATATCCGTGCTGCAGTTTATTGACTCCATGAAAAAGCATCATGGTGCCAAGCGAAAGGCGCAGAAGCAATTTGCCAAGGTCACTATTATCAACAAAACGGTCAATAAAAAGGAACCTCCTTTTTGGATATTTTTTTACCATCATAACCACTGTTTTTAGAGTTATCTCCGCTCGATTCCCCCCTTCAGGATGCAATGTAAGCCTCAAGCAGCAGATCATGACCAAAAAAGTGTGGTCTCCCGAAACGCAGATCCACAGCCTGATCCGGCATGCTGACACCAAGCGGCGCAAACGCGCTCAGGGCATCTCCACCAAAGAGTTTCGGCGCAACAAAGATAAGAATTTTATCAACAAGCTTTTCACGTACGAATGCAGCCGACAAGCGGCTCCCCCCCTCTACCAGCACCGAAAGAATGCCTCGTTTATGCAACTCCACAAGCGCCTGGCGAAGATCAAGCTTGCCGACATGCTCATCAACAAAAAGCACCGTCACACCTCTCTCCCTCAACTGTGCAACCTTTGGAGAAGCCGAAAATGAAGTTGACGCAACAACAATTGTTGGCGCCTCAGATCCGAAAATTTTCGATTCGAGGGGCAAACGTAACTGGCTATCAAGAACAACTCTCTGAGGATTACGCCCGGAACAGTTCCTGACGGTCAGTTGCGCATCATCTGCCCGAACTGTAGCCTC
CP001110.1_gap41	2016024	2019040	3016	ACAATACGACGCATTCTTTTGATATGCCGGATGTTATGATCGTATTGGCGCCATTGACTTAATCCTTCATCAAAAGACCATTTCGCACAGACCTCAATGGCTTTGCGAATGGCATCGAACAACTGGCTTGTATCAGCAGGAAAGTGAACGTTGGTTTCCACCACAAACGAATCACCTCGGGCCATTAAAGGGAAATTTTCTTCCTCTTTTTTTTTACTAACGTATGACCTGCACGGACAATTTCCTGGTTGATTCGATCAAGCAATTCGGGGGTAAACAGTCGGACATTATCTTTGATGGTCTGGAGTTCATAAGATGTTTTATCAGTCCAATCGTTGTGACCAAGCATCTGGCGAAGCGTATCGTGGTGATTGACCAATTCATGAAGCCGATCGTAATCAGCGTTGATTCCCAGTCGAACGACACCCAGTACCAAAATTGCCCATTGCTCCATACCGGGACGCCCTGTGTTTGGGTCAGCTTTTCCTTCTCCTTTTTTCCGTTCAGGACGAACCTCTTCGAGGATGGCAAAAACACGCTTGCGCAACTCCTCGTCGGTGTAGATGCCCTGAAGGCCCCTCAAGATTTTTGGGATATCATCTCGTGATTTCGGATCGAAAACAATGGCAGAAATATCGGTACGACCGAACATCATTTGGTGGTTGATGACGCTACGCATAGTGGATTTCAAAAAACGAAGTTTGGAGTCTGTTTCTCTTTGAGGGCACCCTGCAACACCTTTTCTCTATCAAAAATGCTTCTAATGGGGTATTATTACGCTTTAGCTCAGGGCTCCGTCAAATATCTTTGACCATGAAATAACAATATAAACTATTATTTTATAATATCATAACAGTTTTTCCGTTCATCCACTACTTACCGATAGCATCAATCTCCTCTCCGCTGAGCCTGAACTCCCCTGCTCCGATAGTCCCCTCAACCTGGGCAGCATTGCGCCCGCCAACGATTGCGCCAGTTACCGCCGGGTTACGCAAAGTCCAGGAAATAGCAACCTCCCCGGCAGAGCATCCATGTGGCGCACCAATCCGCTTGAGCAACTCAACAAGTTCAAGATTGGCAGAAAGCCTCGGCTCCTGAAACTCCTTGTTCTGACGACGCCAGTCATCTGCAGAAAAATTGGCTGCCCGTTCACGACTCATAGCGCCTGTCAACATGCCCGAAAGCATCGGAGAATAGACAATCACACCGATATTCTGCTCCAGACAAAACGGCAGAATCTCCTTTTCAACTGCAGGCCGCAACATCGAATAGGGCGGCTGCAGAGAGGCAACAGGTGCAATCGGGATAACCCGGCGCAGTTGCTCAACAGTGAAATTCGAAACCCCGATATGACGAACCAACCCCTCCTCCTTCAGACGAGCCATCTCCTGCCAGCCCTCTTCAAGATCACCTTCAGGGTTCGGCCAGTGAATCTGGTAAAGATCAAGAGCATCAACCTGCAGCCGTTTCAGACTCGCCTCACACTCGCGCCGTATCGAATCAGCCTTGAGACTATTGCCAACCTGACGCTCAGCATTCCAGACCAATGAGCACTTGGTAAAAATATAGGGCTTCTGCTTCATACCAGCCAGAGCCTTCGCTACCAGCTCCTCCGAATGGCCAAGCCCATAAACCGCCGCCGTATCAATCCAGTTGATACCAAGCTCAACCGCACGCTCAATGGCCGTTATCGCATCGCCATCATCCTGTGCACCCCATCCATAGGCCCAATCAGCACCCCCGATTGCCCAACTGCCAAAACCGATCGGGGTGATCTGCATATCCGTATTGCCTAACTGTTTTTTCTGCATCATCGTTTCAACTTGTTTAAAATTATGCCGCCACTGTTTTTTCATAAAATGGTGACGGAATGGTCGGGTAAGCACGAGAGACGTGACGGAAAATCTCCTCTGACCTCTCCTTTACCTCCTCTTCTGTATAAAACTCCACCGACAAACCTGTAGCATCACTCCAAAGAAAATCCTCAATTGCCGTGCGAACCGCATCGCGAATCAAAGTCAAACACCCGCAACCGCTGCTTCAGGCGCTCCCCCTTTTCATACTGGAAGGTGACCAGCACCCCGTCGCGGAAGAGCGTGTACTTCTCCAGGTTCGTCGCCAGCAGCGTCTGCGTCGCCGTCGTTGTCACAATCTGGCGCAGCGCATCGTCATAAGCCGTATCAGGCAGCCCCGGATTCAGCTCAGTCAGCTTTGCCCGTAACATGCGCGTCAGCACCACCTCCCGGTCATCCTTGCGCCCCAGGATACTTTCAGGGCCAAAATCCTCCCGGTTACAGGCATAGACTGACTCCCAGCGCAATTGCTGCTCAAGATAGTCCGCCGTCGTCTGTTGAACAAGGGAGTCTTCGGTGTAGGGTGATGGGGTCATAGGCTCTGCGATTGCAATGTCGCCACCTTTTCAGTGATTACTCTTGCTGGCACGTTTAACCCTAAATTAACGTATCTGAACGAATAAAGCACCATACCTTTATCGTTTACGCCAGGATTGCGTAGCTCATAAGGTATTGAAAAAGAGTGGAATGCCTTTTATCCTTTAAGAAAAGGGTTTTCATCAAGGATGGAAGAAGAGGTCGACGATTGCACTGTATTGATATTTCGACAAACAACGTCAACATTGTAAAACACTTTAAAACAAAATCTGAAGTTTGGTCAGGTGGTGATACTCACCCACAGAACAATATGACTTGCTACCAGAAGTTTTTGAGCAGTTCAATGTGTTCGAAAGCTGGCAAACTCAATCAGCAGAGCGCGATACAAGACAAATTGAACATCAAACTGCGTTTATCCCGCGTCTTTTTCCTTTTTTTGTCGGGCTTGTGATTGATAGTTTTCCTTCATTGTACTTATGAATCAGCATTGATATAAAAGATTGATATGGAATACCTTCTTCGACCGCCTTGGCACGAATTTTCATTAAATCGCGCTCACTCATTGTTATGTTGATTTGTTTTTGTGTGTTCAGGCTATAGAGGGCAGTCTTTTCATATTGATTTTT
CP001110.1_gap42	2025037	2026954	1917	ACCGGGTTCAGTGCTCCGTTGAAGGCGATTGGCCAATCAGCCGCCGGAGCCCAGATGTTCATGTGAAGTGCCATCGGATGCTGTGGAATAGCATTTGTCTGCTCCCGAACCAACTGACCATCAACATACCATAATATTGCATTTTTGAACCACTCAATGCGGTAGGTGTGCTCATCGGTTAACGCACCTGAAATTGGATTAAAAGCAGGATGACCTGCGCCAAGGGGTTCATTCGCATAGAAGTTTGTCTGAATTTGATTGGGCCTATTCGATACCGCTGTAAAATCGATTTCGTCATGGAAGGTACCGGTGGAATTATAGAGAAACATGCCTCCGACAATACCAGCCGCCAACGGTTTTTCGAAATAAGCCTTGATTTCGACAGAAACTCCAGGGGAAAATGTCTGATTAGAGATAACTTCTGTTCCATAGAAGGATGGTGAAGAGCCATTGATTGGGTTGTATGTATCGAGTTCGAGACGTAACACACCGTTTTTTCCTTCTGGAAGCAATTGGCGCTGTTGAGTGCGTCCGTAAAACGAAAAGTTTGAAGTGCCATTTTGCCAGTGGTTGTAGTCCCAGTTATTGAAACTATCCGCAAAAAGGATTTTTAAGTCATTACCTTCATTATTTCCTGATTCAGTGTCGTTCAGTATCTTTTGGCCTTTAGGTATTTCAACGGTTTTAGATGTATACGAAATAACTTTTGGTAGAATAAACACCATGACTACTGCTAATGCTAATAAGGCAATAATTAATGTTTTCCAGCTTATGACTTGCCAGGTTCTTAGGCCCGCAACTGCTGAGATCCCTTTTTCAACCCTCGTACGCAGAGGCTGCAGCTTCGACATTGAGGATACCTTTACTGGTGCTGACTTCGGGACTGGAGCTGAAACCGTATCTGGCGCTTTACCCGGGAGAGCTGGTTTTGAAGAATAGATTTTTGAGGTAACAGCATTCACAAGTTCCCTGAATGCCCTACAAGAGGTATCTTTTTTCCAGTCAGAAAGGTCTGCGGCATGAATATGACTCAATCCAAATGGAGGCTCAACGGCGTCAAGAAGCGCTGGAACAAGAATCCCCCTTTTATCCGCTTCATCTGCTTCGGCAATGACCCATTCGGAAGTGATGGAAAAATGAGACCATAAAACAAGCACGCACCGTGATTCATCCAGCCTCTTCTTGATATAACTCCGCCAGCTCTCACCCGGAGGAATCTCCAGATCCCAGAAAACACTCCAGCCCTTTTTTTGCAGCTCTTTGACAATTGGCTGAACCCGTTTCAGGTCTTTGCGGGCATAGCTTATAAAAATATCAGTTTTAAACTCATTGCGTTGCGGTCCGGGTGGCGCCTCTGCTCCATCGGTTGCACCAACACTACAGCCATCATACACCGACAAAAAGTTTTTCATTTCGCCGACCCAGCGCGGCCGTTCATGATCACTCAATCCATCAATATAGTGTTGTCGTTTTTGTTCGAAGCGTACCTTGTCGTCACCCCTGAAGGGCAACTTCGCCGCTTCAAGCAACGCCTCGCCAATGGTCGCTGGATTTTCGAGCATCCTGATGATCTCTTCAACGGTCATTCGTTTTGCCTCTTCTGAATATTATGGGGTACAATCAAAGGTACTGTGCAAGAAAAATTTTCATTTCGCCAACCCAACGTGGCCTGTCATGATCACTCAGTCCATCAATGTATCTCTGCCGTTTTTGTTGAAACCGTACCTTGTCATCACCCCTGAATGGTAACTTCGCCGCTTCGATCAGGGCTTCACCAATGGTTGCAGGATTATCGAGTAGTTGCATGATCTGCTTGCCTGCTTTACTGACGGAGGAAGCAAGAATAGTGTCGGTGGTGCCCTCTGCCCGTTTCAGTTGGCTTTCGCTCTGAGTCGGGTTCAGCTCCCGGTGCTCGTA
CP001110.1_gap43	2189076	2189776	700	GCAACAATCATGTCAGGCATCATCCTCATGATTATGGGCTTTGCCCAGTTCGGCTCGCTGATCAAGTTTATCCCCTATCCGGTTATTGTGGGCTTTACCAGCGGTATTGCGGTTATTATTTTTTCCAGCCAGGTCAAGGATTTTCTCGGTCTTGACATCGCTATCGTTCCGGCTGATTTTATCGGCAAATGGTCCTCCTACGCTCGTAACCTGCCGACATTCGACCTTGCAAGTTTCATGATCGGCACACTTGCCCTGCTGATTATCCTGTTCTGGCCGAAGCTATCACGGAAAATTCCCGGTTCACTCATCGCAATTGTCACCACAACCGTGATTGTACAATACTTTCACCTTGATGTGGCCACAATTGAATCCCGTTTTGGAGAGATCCCCTCGATGATTCCAGCGCCGACACTCCCCTCATTTGATTTTGCGACCATTCAGCACCTCATCATGCCGGCAACCACCATTGCCCTGCTTGGCGCCATCGAAGCGCTGCTTTCGGCTGTTGTGGCTGATGGCATGATCGGCAGCCGTCACAAGTCGAATATGGAGTTAATCGCACAAGGAGCTGCAAATATCATCACTCCCCTTTTCGGCGGCATACCGGTTACCGGAGCAATTGCGCGAACAGCAACCAATGTTAAAAATGGCGGAAGAACCCCTATCGCCGGTATCGTTCACGCGATTACACTGCTTT
CP001110.1_gap44	2367494	2371812	4318	AAATCTCTACCGGCAATCCATGCGTATCCCAGCCAGCCTTGCGCGGCACCCGGTAACCCTGCATGGTTTTGTAGCGACAGACAACATCCTTTATGGTACGGCTGAATACATGGTGAACACCCGGCTTGCCGTTTACCGTTGGAGGACCTTCATAAAAAGAGTACAGCCGGTCTCCCGGTTTTTCTTCAAGGCACTTGTGAAAAATCCCGTGTTCATTCCAATATGCTAAAACCTCCGCCTCTACCGTACTGTAAGGCACATTTGAGGGATACTCGACAAATTTAACGTCCATAGTTCTTTCGAAATCATTCAATCAATAACCAGGCACAAGACCTGCAATTATATAAAAAAAAGTTACACGACAGGAAATGAGTATTAAAACAGCACAGGCAAGCCTTTCTGTAACGAAAAAGCTTGCCTGAAAACATGTATGAACAAAGCCCGGCGGCCAAACACTTTCAACGCCTACTTCTTGCCTCCAAGTGATGAATTTACACCTTCAAGAATCTGTTTTGCAACCAAAGTAAGAGAATCGAGGGCCTGAACAACAATCTTGCTCAGAGGATCAATTGTACTATCGATCAGGTTACCCACACCGACAAGGATCGTTGAAAGATCCCCTTTGACAACATCACCCTGACTCTGACCTGAATTTTTTGTTGGCTCAGCCATATACACTGATATTTAGGGTTACCGCAAACAAAACAATACTCTGAAAATGTAATATATTTAATCCTGCTTTCAAAGCAAATCAGGCAAAGCCCGGCAAATCATTCCCTGTGATTATTGCGACGTCAACAAAGCCAAAAGCCTCAGTTTACTGACGTCCATAGCGATCCTCAACCCGAACAATATCATCCTCTCCCAGATAGCTGCCCGACTGCACCTCGATCAATTCAAGCGGAATTTTTCCACTATTTTCAAGACGATGGAACTGTCCGATCGGAATATAGGTCGATTGATCCTCACAGAGCGTAATTTGTTTCTCCCCGATCGTTACCGTGGCGGTTCCCCTGACAACAATCCAGTGTTCTGCCCGATGATGATGTTTTTGCAACGACAGCGCCGCTCCAGGATTTACCGTAATGCGCTTGACCTTGAAGCGCTCTGAAAAATCAACAGTTTCATAGGTACCCCAGGGCCTGCAGACACGCCGGTGAATTTCAACCTCATCCCTCTCCCTTCTTTTCAGCTCTTCAACGAGTACCTTGACATCCTGGACACACTCCCTTGAAGCCACAAGCACGGCATCGGCTGTTTCAACAATGATATGACCATCAAGCCCGACGGCAGTAACCAGACGACTCGTAGCGTGGATATAGCAATTCTTCACATCATGTACCAGCACATCACCCCTTTTGACATTACCCGCATCATCACGCTCCTGCACATCCCAGAGTGCAGACCAGGCCCCTACATCATTCCATCCCGCATCAAGAGGCACAAGCGCAGCCCTCGTAGTTTTTTCCATCACCGCATAATCGATGGAGTCGGAAGGAGAGGCACAAAAAGCCTCGGCATCAAGCCTTAAAAAGTCAAGATCTGCAACCGCTTTCCCGAGCGCCTCCCTACATGCCGCAACAATGGCTGGCGCCTGCGCTTCAAGTTCGAGAAGATAGGCTTCAGCCTTGAAGAGAAAGATGCCACTGTTCCAGAAATAGTCACCCGAAGCCAGATAGTTTTCTGCCGTCTCCTTGTCAGGTTTTTCGACAAACTCATCAACAGCATAAACACCTTTTTCACCATCACTCTTCACAGAGGCCCTGATATAACCATAACCGGTTTCCGCTGAGAGCGGGAGAATACCAAAGGTGACCAGCTCCCCCTTTTCAGCAGCAACCTTACCGACAGAAACCGCGAGACCAAAGGCCTCCGAATCACGAATAACGTGATCCGCAGGCAAGAGCAGCATAATGGCTCCAGGATGTTTTTCAGCCACCAGCATTGCGGCTATGGCGGCTGCAGGAGCTGTATTTCTTCCTTTTGGTTCAAGAATAATCTCCCCGATATCAGTCTCTATTTCATGGAGTTGCTCGGCAACCAGAAAACGATGACTCTCATTGCAGATACAATAGACCGGCCCAATATCATCGGTTGCGGCAAGACGAAGCACCGTCTCCTGCAGCATGGTCTTCTCCCCGGCAAGTGAAAGGAGCTGTTTCGGGTATAATGCACGGGAAAGAGGCCACAATCTTGTACCCGATCCGCCACTGAGAATCACAGGAATAATCATGAAGAAAAAAGAGATTTGGATATTAACGGGTTACATACTTCTCATACATCTTCCACGTCGATGAAACAAGGGTATCGACATCGCTATACTTCGGCACCCAGCCGAGAAGCTCCAGAGCCTTGCCGGACGAGGCCACAAGCTCGGCTGGATCTCCAGGACGCCTCGGCGCCATCTCTGCAGGAACAGCGCTCCCGGTAATGGCACGGGCCCGTTCAACCATTTCAAGAACACTCACACCGATCTGGCTGCCAAGATTCACCGTCAGACTTTTGTCGTGCGTTCGAATATATTCAAAGGCCGTGACATGCGCCTCTGCCAGGTCACTCACATGCACATAGTCACGAATGCAGCTTCCGTCCCGTGTCGGGTAATCAGTGCCATAGATGGAGAGTTTCGGACGGATACCGGCAGCCACCTCCATCACAATCGGCAGAAGATTCTCCGGATTCAGCTCAAGTCCCTTGACCCGCCCCTCAACATCGTAACCAGCCGCATTGAAATAACGAATCGCAGCAAAACGCATCCCTTTAAGCTGGTCATACCAGCCAAGCAGACGCTCAATTTCAAGCTTGGTGAAGCCATAAAAATTTTCCGGCTCCTTTGGATGCACCTCATCAATCGGCAGATATTGGGGACTCCCATAGACAGCAGCCGAAGAGGAGAAGATAATCGGCGACAATCCCGCCTCAGAGGCCTGATTGAGGATATTGATCGTCCCGGCAATATTGGCTTCAGCATAGGCCTCCGGGTTCAGCATCGACTGACCGGCAGCTTTCAGGGCTGCAAGATGAACACATCCATCAAACCCTTCAGCCATCACAGCCCGCAACTGCTCGGGACGCATAATATCACCATAGACAAACCGGGCATCACCAAAAAGATTCTCCCTCAGTCCGCTCTGCAGATTATCAAACACCGTCACCTCATATCCGCGATCAAGAAAAGCTCTTGCAACATGGCTGCCAATATAGCCCGCGCCCCCGATAACCAGAATTCGCATAAAAAATACCCTTTCATTCAATGTTTATGGTGCAAACAACACTCAGCGGTTGCCATACATCTCTTCGTAATAACGCTGATACCCCCCTGAAGTCACATCGTCAAGCCACTCCGCATTCGAAAGATACCACTCAACCGTCAGTTCAAGCCCTTTTTCAAAGGAGATCGAAGGAACCCATCCCAATTCGCGCTGCAGTTTCGAGGAATCGATGGCATAGCGAAGATCATGGCCAGCCCGGTCAGTCACATAGGTAACAAGCTTTTCAGACTCTCCCGAAGGACGACCAAGCTTCCCATCCATAATCCGGCAAAGAAGCCTGATCAGGTCGATGTTGCTCCACTCGTTATGACCGCCGATATTGTAGGTTTCACCACTCTTCCCCTGATGAAATATAACATCAATCGCCTGCGCATGATCAACAACCCAGAGCCAGTCGCGAATGTTTTCACCCTTGCCATAAACCGGGAGGGGCTTGCGGTTGACGATATTATTGATAAAAAGCGGGATGAGCTTTTCCGGAAACTGGAATGAGCCGTAGTTGTTTGAACAGTTGCTGATCACCACCGGAATACCAAAAGTATCGTGATAGGCTCGTACAAAATGGTCGGAGGAGGCTTTCGAGGCAGAGTAGGGACTGTGGGGATCGTAAGAAGTCTCTTCGGTAAAGAGTCCCTCACTACCGAGAGAACCATAGACCTCATCGGTTGAAATGTGATAGAACCTCTTCCCCTCATAATCACTCTGCCAGGAGGCTCTGGCGGCATTGAGCAGATTGACCGTACCAAGCACATTGGTCACCACAAACTCCGTCGGATTGGCAATCGAGCGATCAACATGCGACTCGGCTGCAAGATGGATCACTCCATCAAACTGGTTCTCCTGAAACAACTGCAGCAGAAAATCGCCATCAGTGATATCCCCCCTGACAAACCGATAGTTCGGATTGCTCTCAACATCGCGAAGATTGGCAAGGTTTCCGGCATAAGTCAACTTGTCAAGATTGGTAATCGTATACGAGGGATAACTCTTCAGGAAATGGCGGACAACATGTGACCCGATAAAACCTGCCCCTCCTGTAATCAAAA
CP001110.1_gap45	2394687	2395735	1048	GGTAGCGGAGCTGGCAGCAAAAGGTTTCTCGATATACTGCGACAGATAGAGCGCATCGGCAGCGGCCTGCAGATTACCCTCTTTCAGGGCTGCCAATGCCTTTCTGCCGGCAACAGCAGTATCGTTTCCTGTCAGCAGAACCTGTTGCCAGTAATTCACAGCCTCATCGCGGTAAACAAAATTCCGGGGAAGAGCCTGGGCCTGTTTGAGAGTTGAAACCTCAATATTGTTTGGTCCAAACGTAACAGGCCACCCCTTCTCTGCCCAACTTCCGGAGTATGCAATTGCTTCCTGCACCTGATGGATTAAATCATCGTACATAACGTTGTTGCCTCCTTGATTTTCATGATTGTCTCTCACAAAAAGAGTCAAAGACCTTCTCCCATTCCCATCTGAATGTAACCGGAGGGACACACCAGTGCACAGATATGGCACCCGACACATTTTGAATAATTGGTATAGACCACCTCGCCAACAGGGTTATCCCTGAAACGGGTGACCGCCTCCTGGGGACAGAAAGAGAGACACTGTTTACAGTCAAAACAGAGTCCACAACTCATGCAACGCGCAGATTCCTGCTCGGCCTGCTCCTTTGTCAAAGCCTGAAGCAGCTCATCATGGTTGCCAACGACCTCTTCAAGTTCAACACTCTCTCTTTTGAGTTGATCAGAATGTTCAAAGTAAAGAATATCCTGTTTCTGTACCTTTGTCACCTCCTGATACCCCTGGTCGGAAAGCGCTTCACCTTTCAGGAAGGCATCAATCGAATTTGCAGCCTTGCGCCCATGACCGACCGCCGTCGTAATCAAATCAACGCGTATGGCATCGCCTCCACCAAAAACTTTTTCCTTTCCGGAAAGACGAAAATAACGATCAACCTTGAGCCAGGGACGGCCCTCTGTAACGCTTTCAAAACCTCGCATATCGGTTGTCTGTCCAATTGCAGCAACAACCATATCGGCCTCAAGCTGGAAGCTCTCTTCGGTATTGCGATAACGGAAAAAAGGTATCGGTGAATTCCATCCCTCCTCCCCTTTTACCTTTTTGA
CP001110.1_gap46	2411900	2414040	2140	CACTTGCCGCCCCGGTAACCATAACAATTTTACCGGCAAAAACATCATGCGTAACCTTGGTCATCTTGGCCTGCTCCATATCCCAATACTCGATCTCAAAAGCTTCACGATCGCTGATGGATTCAAAGGTGCCAACCGATTCAGCATCAAGAATGGCCAGAGCAGTACCCGTTGCAATATCGGCATTAACTGCAGCCGATTCCGCATTCCTGCCAAGGCCAAACAGCCCGAGACCGGGAACAAGCACCACTCTTGGCAGTGGATCAAGCATGGTTACCTTCATATCGGCAGCAGCCTGCTGCTGGGTATTGAAATAGTCGATATACTCCCGACAATAACGCTGCACAGCCTCATGCACCGCAACCTTGAATCCTGCAATATCCCCCGCATCGGGAGCAGGAACAACAAGCGGCCTGTTTTTCGTCCGGACAATAAAATCAGGGGTCATGGAACCCTTCTGACTCATGGCAGCAAGATCAGCGCTGTTCACATAGTCAAGAATGGCGGGAGAAGTACGGAAATCAAGAATAAACTGATGGTACTCACGCGTACCCGGCGCCTTTTCATCAACACAGGCGCCCCTGATGACAGGAGCCACCACCTCAACCGGGGCAATCTCTGCTGGCAAGATGACGGATGGAAAGGTCTTTCTTCCGGCTGCGGCAATCCGCTCTTCAAGCGTACTGACCGCATCAATCATTCGGCAATAGGCCTCCCTCGCCGTAGCGCCAAACGTTACCAGACCATGCTTCTGCAACACAAGCCCCTTCATCTCCGGGTTTTGCTCATAAACCAGAGCTGCCGAACGGGCAAGGCCAAGGCCAGGCTTGATATAGGGCACAGAACCAAAGCTCTCACCAAGAGTCTCACGGCAGAGCCTTTCGCCATCGGGCTGATTGCTGAGGGTGAGCAGGGCAAACGAATGAGTATGAAAAATAAAGCGATGCGGCAGAAAAGCGTGAAGGAGAGTCTCAATTGAAGGAGTCAACCGATGCTCGGCCATATGATCAGTCAAACTGAACATATTCAGGAGCAGGAGATGCTTGAACTCTTTGGTTGAAAAACGCCGAAGAGCCTCTTCACTCATCAGATCGTTGCGGCTGAAAAGCTCCCCCAGCTTACGCAACGGCACCAGCCGGAGTGGCGTGTAATCACAACCGGTAACACGGCTCAAATCAACACCGCTCGCCTTGATCAACAGCACTTCAGCCCGGTTGCCAACCATATCAACCAGCTCACATTTCACGGAAGTATTCCCCCCGCCATGCATCACCAGCGAACTTTCGCTGCCAAGCAGACGGGAGGCATAGACCAGCTCTGCAAGTTCTGTCTGTACCCCGGTTGAGCTGCACTGCTCTTTGACGGAGCACTGAAGATCTGCGTCATTCCATAGGTTCTGCATAAAATATCAAACTTCTCACGCCGAAAGTCGGCATGTATGGTTGAAAAATAACGATAGCAAAAAAAGAGAACTCCCCCGGCCTCACTGTCTGCCTTTTTTTTTCTTCTCATGCCACCCCTCAATCAAAAAGCCGGAACCGTAAATAAGCAGAAAACCGGGGATTACCATGCCAAGAAAAGAGATCTTGTCGCCAATGTCCTGCAACTGACCCGAAGACCAGATCATCCATACGAGGAGATACCAAGCTGGGCCAACAAACAGAAACATGGTATTCCAGAGCTTTCTAAAATGGTATTTCATGATGATATTGAGCGTCTTGACAGAAAGAGAGAGATATCCGGTCAGATCTGACCATCAATCCGCAGCTTCCGTTCATTGAGTTTTTCAAGAATAATCCTGATCAGATACTGCAGCGCATTGAGCACATAGGTAAAATAGGCGAGAAAGGCTTCCCAGATAAGAACATGCTCAGGATAACCAAGGTAGGCCATGACAAAATAGAGCAGATGAAACGCCGCCGCAATCGTGCTCCCGATATCTTCCCACAGAAACTCTTTTGAATAAACCCATTTATCGAAAACCTCCTTCTCAAAAAACATACCAGTGATGAAAAGCAGGGCAAAAAAAAGCGTTTTAAAAAGAATAACCACACTGACCCAGTAAAAACTGGTGACAAACAAACCGTTTGCATACAGGGCTGTAGTGGTAACTCCACCGACAAAAAAGAGGAATTGGATC
CP001110.1_gap47	2423925	2424774	849	AGACCTCGGCCGCGTAGTCCCAGCCCCCGCCACGAACAACACGGCGCGAACCCGTTTCATTCCACAAATTATCTGTCCACTCCCAAACATTACCGGCCATATCGTACAGCCCTTCGGGGGTTACTCCTTCTGGATAACTGCCAACGGGTGTTGTTTCTCCGACATTGTAATTAGTGCCAGAAAGAAAACCCCTGTTTTTTGAAAATTTGACAACCTCCCGCCGGATTAAAAACCATTTTTAATGATCAACAAAAGGCGTTTTTGTGCTGATCGTGACACGCCATGGGTAAACTACCGAATTTTGCTCCAGGAAGCGTCATAACGAACGGATCTCTCCCTGCGAATTGGTAAAAAACTCTTTTTTTGGGGAGAGAACTCAGGCAGCTTTTTTGTAGGGCCCTCGATGTCGCTTCGCATCCTGCTTGTACAAGAGTGCTCCATAACGATGAATGTTGCGAGCCAGCACTGCAAGGGCAACATAGCGATTGAATCCTTTGATGCCATCATCAGGGCATATATCCAAGCCGTGAACCTCAAGTGCGTTGATTGCTGATTCAACTGCCGAATGCTGCCGTCGCAGTCTCCTGAATTCCGGCTCGGATTCATGAGCTTTGTCGATTTTTGAGAGCTTGCCTTTTTTCGGCATAACAACTTTTTCAAGAAGCGCTTTCAGGTCGCGTTGGTTATCCGGGCTATGAAAGCCTTTGTCGTAGCTGATCGATCGCAAGTTTGGAAAACGTTGCTTGGTCTCTTCGATAATGGACACTGCGATGTCGCTATCGACAACTTTTTCCATGACCTGATGATGCAGGATAAAACGATACTGATCTTCGATAATACAGACCCGTA
CP001110.1_gap48	2430817	2435426	4609	TAGGCTTGAGCGGCATACCAGGTAATGCCAACAACCGGCTGATCGTCACCACCGAATTTCCGGTCTTCATCATTCTCCGAACAAAATAATGCCGCAAGGTCGTTTTCACCTTTGTTGAAATAGCCGGAAAATCCTGCATCCCAACTGTTGTTTTTTGCAATTTTCTTCAGCTCTTCCTGTAATTTTGATGATTCCCCAAGCGCAGCAATAAATGAACGGTAGAGTTTATTGGTTACCGGATATTTTGCGAAATAGAGATCCTTTTCTGCATTCTTCTGCTTTTTTGTCTCCGAGTCAAGGTAACTCCCCTTCTTTATCAGGATGTACTCGGCATTGTGTTCGTTGGGGTTGCGGAACGATATTGGCCGGTTTTCAAAATTGATGATCTGCGATGTAATCGTTTTCGGCGCTGCTTTTTCCATATTACCCGATTGAGCTGTTTTATCTTTCAGCTCTTGCAGAGTATACATCACCTCATCAGCACGATCGGCAACATCCTTGTTTTTTGCAAGATCTCTGGTTTTGAACTGTTCCAAAGTTTTGATGGCAGCAGATTTGCCGATGGTTTTCAGGCAGTCGAGAATCACCCGCTGACGACTTGCCGTATTTGTGGCGACAAGCAGTTTTGTGCAAAGTGCATCAACCTTTTTCAGGGGCGCCTCTTCTATGAGCGTCTGCAACAACCATTGCTGCTTGGGAGTCAGCTCGTCACTGACTGGCGAGTCAAAGAGCTTTTTCATGAAAAGATTGAAGATCTCTTCATCTCCCTGTGCAATAAAAAAACGGATCGGTTCATCCCACCAATCGTTGCCAAAGCCTGCAATCAGGTTTCCAAGATACCTGGTTGAACGCACTTTGGTAACGAGTTGAACTCCTGCCAAATATTCACGAAATGATTTATGGCGAAAGAGGTAATCGTGTGCTCCCGTCTCCACCAGCAAGCCTGACCGTTTAACCAGATAGTCGCAAAAATCATCAACCGAGGGCGGCTTATCCTGTTTATCAAGTTGCTCCTTCATCTTTTTGTGCATCTCTACCCTCGAAGCCTCATCCTTTTTGAGCTTTTCCTGCATCCAGAGCGAAAGCGGAGCAAGCACCTGTCGGGCACGTAGCGCTGAAAGAAGTGGGACAATCCCTCGGCGCTTGTCGCGGAATTCAAGCAGATAATCGAGTGATGCCTCATAGAGCTTTACACGACTGTCCGGCATATACTCTCTATCCTTCCACAGAATTGCCATGATCTGCAGAATCATTGGAATAGCCGCAAGCTGCCGCAGTCCCTTGTTCTTCTCCGCGTTAAGATGCTCAACAATGGTGATGGTTCGCGCCTCAGCCTCTTTTTGCTGCTTTTCCTGCCACTCCGCTTCCTCAAATCCCTTTTCACAAGGCTCTTTCAAAAATGCTGCCTTGAACCAATTTCTCAAAAACCGCTCCTGCTGTTCCGAAGTGAAATCCTGCACGTCGGCCCGTTCATAATCTGCCGCAAGCTCAACTCCTTCATCTTTGCGGTACCCCGTCGCTCGTGATGTGACCACAAAACAGGCGACAGTAAAGGTATTCAAGGCCGCATCAATCCACTTGCATACCTCAATTCGCTCTTGCGTGTTGCTGATTTCATCAAGACCGTCAAGCAGGACAAGTGAGGTTCCACTTTGCAACCAATCAACAAAACACTCTTTCTTGATGGCATGATGTTGCATGACAGACCAGCTTGCAAGGTTTGCCGGCAAGGTGTCGTAGTGACCTGCATGACTTGAAAGCTCTCTCAGTGGCAGATAAAAAACGTTGACCGGATCGGAAAAACCAAGCCTCGCAGAGTCTTCAAGTGCACGAAGGGCATAATATTTGAGAAGTGTTGTTTTGCCAGAGCCGGGATCACCGATAACGAGAAGCATTCGGCAGCCTCTCCGATCGCGAAATGCCCGCTTCATGATCTCATCGGGAGAAAAGATATGCTCACCCCCTTGCCAAAAACTCTTTTCAGGAACTGAATTGCCTTTATCCTGCCTGTCGGACATGCGCAGAGGGACAAAGGTATCGTCATTCAGGTTGACTTTGACGCTCTCGACACCCGGCAAACCAAGCATACGAATATAACCGAGCTCCTCTTTGAGAGTCGCCTGATAACGCTCTTTGCAGGGATGATGGAGTTTATCAGATTCTGGTGACTCGGCAGATGTACCTTTTGATAAAAAGAACGTTCCGGTATACAAGGGCGAAGGAAAGACGCTGGTATCAAGTGTCCACTTTTCATTTGGACTATCCTCATAGCGAATTGGAAAAATGGTCACCCGATTACCCTCGAAGGTAACATACATGGCGCTGTTTGGCCACTTACGTGTCTGATAAGCTGCGCCAGCAGCAAGCTTGATGAACCCACCATTAGCAGAAGCAATGCTTTCCGCATCGATCTCATGGCAGTGACCATGCAGCAGCAAATCAACCGATTCGCCAAGAGCCGCTTTTATGTTGCGTCGCTCCACCTGGCTTAACCAATCGAGAGGATGGTGAATCAAGGCAATGGTAAGTTCTGCTGCTGCCTGCCTCTTTAACTGCTCCCTCGCATTATCAAGGCAGAGACGCCCTATGAAAAGCTGTGCAACATCACGATCGTCAATGCTGAAGAGTGCACTGTTCAGGGGCAAAACAGCAATACGACAGTTGTTGATTGTGAGAATTTCTACAGGGCTGCATGTGGTGTTTGTGGGAAACGACCGGATACCGCTGAAATAGCTGTTATACCAGGATGAAAATGCCTGGAATTTCTGCGTCAGGTGAGGAGTCGGCGTCTGAGGATCGAAGTACTCATCAACGTCATCCTTCGTATTGAAGGTTCGCTCAAGCCCCTTGCCCATCTTGCGGTCAACATCATGGTTACCGGGTATTATGAAAAGGCGATCACGATTGAGCCCCGCAGCTTCGAGCAGATCATCGAAAAATTTTGTGGCCGCATCATACTCTTTTGCCTTTCCGTTCTGCGCAATATCACCGGTTGCAAAGATGAGATCCGGGACTTGCTCCCCTTTTTCGCGGAACTGCCTGACTGAAGAGACAAGGGATCGAAGAATAACCTCCTGACTGTAAGGGCCTTTGTCACTCAGGTGGAAATCCGAAACATGCAGCCAGGTAAGAGCCATGTGATTGAATTGAATGGGTTAACTGCGACGAAGATGAAGCGCCTGCAATATAGTGTATTCTTTGGGGATCGGGAAAGTAATGGGGCAAGCACAGGGTATAGTGTGATTTTCGCAACGGCAGCAACCTCGGGACATGAGGTAAGCGCCCTTGATTTTCTGATTAACATGATATGGTTATATTTGCCGGGGAAGCTGCCCCGACAAACCGAAGTCTCTCCTGGTTCTGATTATGACCGACAACAATGCGCCTGGCGCGATGACATTTGCCCTTAAACTGCTTGGACTGCGCAGCCACAGTAAGGATGAACTGAAACGGAAACTGCTGAAAAAGGGATATTCTGCTGAGGGTATCGAACCGGTAATTGAAAAATTGAGCCGGATGGGAGCGCTTGACGATCATGCTTTCGGCATGGAAGTGATCAGAAGCAGGTCAAGAAGAAAGCCCTCTGGAAGGTTAAAGATTGTTGCGGAACTCAGGAAAAAGGGTGTTGCTGAAACCATTATCAGCGAGCTCCTCAAGGAGTATGACAGCGTTGCGCTTTGCCATCGGGCGGCAGAAAAAAAATTGGCCTCATTGCGTGAGATGAGTGAAGCGGATCGGAAAAGAAAACTTGAAGTCTTCCTTTCCAACCGGGGGTTTGAGTGGCAGGAGATTCAATCGGCGCTCAGGTTGCTCGTTCTACCCGGCGCCGATGATGATGAACCCTGTTAAGCCACCCTGTCAAAGCGGGTATCACCCATGAACCAAAGAACCAACCTTCTCTCCGCGCAGCAGTCTGCTCAAATTCCCTTTTTCGTTCATGTTCATGACTACAATGGGCAGCGTGTTTTCACTGCAGAGGGTGATTGCTGTCATATCCATAACCCTGAGGTTTTTTCGGATCACATCCTGATAGGATATATCCGCAAAAAACTCTGCATGGGAATTTTTTTCGGGATCGGAATCGTAGACTCCCTGAACCCGTGTGCCTTTGACAATAATATCGGCCTCAATTTCGATGGCCCTCAGTGAAGCTGCCGTGTCGGTGGTAAAGTAGGGGTTTCCTGTGCCTGCGCCGAAAATAACAACCCGCCCCTTTTCAAGATGACGGACTGCCCTGCGCCGGATAAAGGGTTCTGCCATCTGCTCCATTTTTATGGCTGTCTGAAGTCGGGTAAAGACTCCTTTTCGTTCAAGGGCATCCTGAAATGCAAGGGCATTGATAACCGTTGCGAGCATCCCCATGTAGTCGGCCTGTACGCGATCCATATTAGCCGCTGCTTCGGACATGCCACGAAATATATTGCCTCCGCCAATCACCAGTGCAATCTGGGCGCCCATCTCGCGAGCCTCCTTGATTTCCTCTGCATACCGTTCAAGCATCGCGGAATTAATGCCATAGCCGTCCTCTCCGGCAAGTGCTTCGCCACTCAGTTTCAGCAAGATGCGCTTGTAGTGGAGCATATCCTTATCCTCAGGAAGAAAGGTTTAA
CP001110.1_gap49	2572352	2576832	4480	CATGAAGACGGGATCGGTAATCACCGCTTCGCCCGGTCGTTTTGCCCCGAACTTGAGGGCAATGGTCTCTTCCGGCTGGATGCGCAGTATCACCTGATTGGCTGTATAACTACAGCTTTCGGCTGGACCAAAATAGTTCTGGGGAGGACACTTGAAGGTAATGACAATCTCGGTCACCGTTTCGGCAAGATTCTTGCCCGCCTTGACAAAAAAGGGAACATCCTTCCATCGCCAGTTATCGACAAAAAATTTTATCGCAGCAAAGGTCTCAACGGTTGAGTCGGGAGCAACATTTTTTTCAGAACGGTAGCCATCATACTGGCCAAGAACAATGGATTGCGCTGCATGTTCTGGCGTGAAGGGACGAATTGAACGGAGCAGCTTCGCTTTTTCATCGCGCACCGATTCGGCTGAAAAATCGACAGGCGGCTCCATGGCAACTGATGCAAGAAGCTGCAGTGCGTGATTTTGCATGATGTCGCGCAGCAGACCAGCCCCCTCATAGAAGGAGCCGCGATCACGGATACCGAACTTTTCAGCAATGGTAATGGAGACATTTGCAATATAATGGCGGTTCCAGAGGGGTTCAAAAATCCCGTTTGAAAAGCGGAAGACCATGATGTTCTGTACCGTCTCCTTGCCGAGGTAGTGATCGATACGGAAAATCCGCTCTTCGTGGAAAACCTCTCCAATAACCGTATTGAGTTCACGCGCCGTCTGCAGATTCCTTCCGTAGGGCTTTTCAACAATGATTTTCCGCCACCCAGGGAGGGAAACATCTTTTTCTCCAAGTCTAACATACTGCAGGTTCCTGACAATGATCGGCGCAAGAACGGGCGGGGTTGCCAGATAGAAGAGGATATTCCGGCAGGTGGCGGAATCTGCCTCACCGCTCATAATCGCTTTTTGCAGGGCATGATACTCTTCTCTCTCGGCAAAATCAACCCCTACATAAAAGAGCCGGGCAGAGAAACGGGCATAAGCCGCTTCATCGCGCAGAAGATCAGGCAATACAGCGACCATCTTTTCACGTACCAGTGAGCGGAACTCTTTATGAGAAAGAGCTGCTCGCCCAACACCAAGAATGCGGTACTCATCGGGAAGATGCCCCCAAAGAGCAAGTTCATAAAATGATGGGAAAAGCTTGCGCGCGGCAAGGTCGCTGTGTGCACCAAAAATGACAATGGTACAATTATCGGGTTTTTCCTGCATGGTTGTGCCCGGTTATGGCTTGATAATGAAGGCGTGTCCTCCGAACTCATGACGCAATGCAGCAACTGCCCTGTCGGATAGATTTTCATCGGAACGTGAACGGTAACGGCTGAAAAGAGAGGCTGCAATCACCGGAATCGAGACCTCATGTTCAAGAGCAGCCTCAACCGTCCAGCGCCCCTCTCCTGAATCGGCAATTGATCCCTTGAGATAAGCCAGGTTGGGATCCTTCTGCAGCGCCTGTACCATCAACTCCATCAGCCAGCCACGGATCACCGAACCATGAGCCCAGACACGGGAAACCTCTTCAAGATCAAAATCATAACGGCTTGCATCAAGCAGATTGAACCCTTCGCCCATAGCCTGCATCATGCCATATTCAATACCATTATGAACCATTTTGGCAAAGTGGCCGGAACCTGAACGACCCATATAGCCATAGCCATTTTCCACACAGAGCGCCTTCAGCAAGGGCTCAAGAGCGTCATAAGCCGCTTTTTCGCCACCAACCATAATGCAGGCGCCATGCCGTGCCCCTTCCAGACCTCCGCTTGTACCGGCATCAAGAAAGTTGACCCCATCCTGCCCGAGCCGGGAAGCCCTCCGTTCAGAATCCTTGTAGTGTGAATTACCGCCATCAACAACACTATCGCCACGCTCAAGCAGGGGAAGAAGCTGCTCAATCGTACGGTCAACCGGATCTCCGGCAGGCACCATCAGCCAAATCAGACGAGGAGCATCGAGCATACCGGCAAGCTCCTGCAAAGAGGCGGCAGCAACCGCGCCTTTTGCAGCCAGGTCAGCAACCCTCTCTTCCATCAAATCATAAACAACAAGATCATGACCACACTCAAGCAGATGCTCCGCCATATTGAACCCCATTTTCCCCAAACCAACCATCCCTGCTTTCATAACACTCCATCAACATTATCAGGCACAATAGCCATCCCGCTCATCCCTCAAAACTCAATACTCGCTCCTCAGCACTCCTTTTTGCTCGATCCACCAGCTCCTGATAGCGGTCAATCACGAAACCGTTCACTGCAGACCATGACTGCATCTCCGCATAGGCCAAGCCACAAGCTCTCAACTCCCGGTAGCGGAGAGAATCACCGAGCAGTGCAAGACATTTGCCGTAAAAATCATCAACACACCCTTCATGAACAACAAATCCAGCAGCAGAACGGTCAGCAATATCACGACAACCACCAACATCAGAAACAATGACCGGAAGGCCCGAGGCAAGAGCTTCGAGCGCAACATTGCAAAAAGCCTCTGTTGTTGAAGGAAACAGAAAAATATCACCGGATGCATAGGCTTCAGGCAGCTCTTCCCCGGTCAAATAACTGGTAAAAACAGCTTCGGGCATTCTGCGCTTCATCTCCTCCTCTTCAGGACCGGAGCCAATCATGACAAAGCGAACCTGGTCGGCATATTCACCCTGCATAAAGCGATCGTAGACGCTCATGACAACTTCAATATCCTTGTAGAGCACAAAACGACCGGCATAGACAATAACCGTTCGCCCTGTTGCATTCCACTCCGATCGCAGTTTTTCGGAACGACGGAATGGATCAAAAAGCTCCTTGTCAACTCCTCTCGACCAGATTTCGATGTTTCGGATAGCATAACCCGCCAGTTTGTGCCGCACACTCTCATTTGGAGCCAGCACCATATTACAATTGTTGTAAAACCAGGTCAGATATTTCCATGCATGTTTAACGGCGAACCCAAGCCGGTAGTAGCTGAAGTAGGAGGGGAAATCGGTATGAAATGCCGAGGCCACCGGAATGTTCTTGTTTCTGGCATAAAGAAGAAACTTTCTGCCGATAATGTCAGGTGTCGAAATGTGCACGATATCCGGTGCAAACGCGTCAAGCTGACGGCGGGTCTCGTTGGTAAAAAAGCCAAGTTTATAGTCTGGATAAAGGGGGATCGGCACAGAAGGCATTCTGCGAACGGTTAAACCACTGTGATTATCCCCTTTTGTCACATCCGGAGACCAGACTGCTACCCTGTGACCTTTTTTCCTGAATGAAGAGACCAGTTGATAGATGGATTTTACAGCACCGTCCTTGTCTCTGACATACGTCCCGGCGTATAAGGCAATCTTCATAAGAGAGAAATATACAGACTATATCGATTCAGTTTCCTGAGTGCCAAGAGCCTGAATAAATTTCCGGTTCGGCAACAGGTTTGAACCAAAGGTAACATTTCCCCGGAAAAACCCATCACATCCCTCGCATTCACTTCACCCCCAGAGAGAGCTTCGCAACAATGGGATGAACCAATCTTTTGTAACTTTCATAGGACAACCGTAACAGCTCGGTATGGGCTCCGGCATTGAAAGCAATTTCATCATCATCCTCAAGTTCTTCCGAAACATAGACATCCATACCATAGAGGTTGCCGAAAGGGGGCATGGCGCCGGGTTCGCATTCCGGAAAAAGTCCGGAAAATTCTTTCTCGTCTGCAAGTTCAACGTCCCGGGTACCTGTCAGTTCACGCAAAAGCTCAAAATCGAGCTGACGGGAAGCCGGCAAAACAACCATCGCCATTTTTCCGGCAATGGTGACAATGACGGTTTTAGCGAGCTCTTTTCCGGGAACATGAGCCGCTGCGGCTATTTCCTGAGCCGTATAGGCTGCAGAGTGGCTGACCACGAAATACCTGACGGCATGGCTGTCAAGAAACTCCCTCAATTTACGGATAGGCATGGCAACCTCACTTGATTAAACAGTTACAAGATGTCAAAACAGTCAAAAAGCCTCACTTCAAAACCCTGCTCTCAGACCAAGGAGCACGTTGTGATTATCGATAGTGTACTTCTTGTGCTCTGCAAGCTCAGGATCGTTGGCGACAAGATAGCGATACTGCACCTCAAGGGTTACGAGGGGCGCAACATCAAACCCGGCTCCGGCACCAATCTGCCAGGCAAAGACCATGTCATCGACATTGCCGCCAATGCCATCATCCTCTTTCACATTGGCCAAGCCAACTCCCGCAGAGATAAAGGGTTTGAGCGGAGCAACAGGCAAATCCAGATCAAAAGAGAGATTGCCCATGTATGTTGTCATCACCAGAGAGCGGAGACTCTTTGAAACTCCACTGTTCTGTCTACCCAATTCCGCTTCAATGCGATAGGGGCCATTATCAAGCCCAACCGCACCCGCAAGCATATACCCTGTGTCATAAGAGAGTGGTGTGATTTCAGAATCAGAGAGCATGGATACAGCAAAGCGACCGCTCAGATAAGGTTTCGCCGCAA
CP001110.1_gap50	2597559	2601534	3975	GCCTGCCAAACAGTGGGCGATCCCCCCACAGTGAGTTACCGTTCAATCCAAGCAAGGCGCAGGCCAGTCCAGTGTCGCCTACATGCAGCTTGGGTGTCTTTACCAGCCGCTTCATCCGGTTCCTGTGCCATGAAGGCAATTCGTCCACCAGAAAAATCCGGGACAAGAGCGTCAGATATTCGCGAATCGTCTGGCGGCTGATCTGAAACGGCGCAGCCAGCTCGGAGACATTCACCAGGCACGCGGTTTGTCCAGCGGCCAGCCAGAGAATCCGCAAGTTTCGGCACCAGCAGCACATTGGCCGACCCCGTCAGGATGAAGCGACCGGGCAACCGGCGGGTATCCACCGCAGCCTTGAGCGAGGTAAACAGTTCCGGTACCCGCTGCACCTCGTCCAGCACCGCCCGTTCCGGCAAATCGGCCACATAACCGATCGGATCGGTCTGGGCCGCCGCCCGCTGGACATCATCATCAAAAGTGAAATAGGCAAAACCGGCCTCATCGCCCACCAGTCGGGCCAGCGTGGTCTTGCCGCACTGCCGCAGGCCGTGGAGTAGAACCACCGGCGTATCTGCCAGAGCTTCCACGATGCGCGGGCGCAGAAAACGGGGATGGATGGTCTCTTCACTCATGACGGCTATCTGTAATTCAATCTTCGGCCAATTGCAAGATTCAGTTCGTCTGATTGTCGGCGATGATACGTCAAGTTGTCAATATAGATAACAATAATCACATCGCCACATCCCCGTTCATGTATCAGAAGAAGAAAACGCTACGCTCATTACCCGTTCTGAGCCGATGCTGTTATTGGCATTTGCATTACGAGGTACTATCGCGACAAAGACGCAAAAGAGGTCGATCTGCTCATTCATCAGAACGGCACACTCTATCCGGTCGAAATAAAAATATCGGCTAATCCGGGAAAAGAGGCCATTCGCCACTTTGAAGTGCTTCAAACACTGAAACAACCGATCGGGCAGGGATGCATCATCTCGCTTGCCCCCATGTATCTCCCGATCACATCAACCATCGATAGCGTTCCTGCAGGAATGGTGTAACCCGGTGACCTCAGGGTTCGGTCACATTTCACGCGCTACGGGAATGGCGCGTGACGTACTTACGAAGCACACCATCCATTCGCGATTGCCACCCTTCACCGGTTGACTTGAAGTAGGCGATGACCTCGGGGCTATAGCGCACCGACACAAGCAGCTTCTTGTTTTCAGACCTCGGACGACCACGCAGTGCGCGGATTGGCACCATCGCCTTCAGTTGCTTTGGCGTGAGTGGCTGCGCGTCAGGATCACTTTTAGCTGCCGCAGTAATGGCCTTGTCCTCTTCCGCAGTGGGCATGAGGATAGTTGAACGCTTAGAGATTTTCGACATAGTGTTTCACCTCTCGACGATTGGCGCGGCGCAGGCTGATGACCCTTCGCACTTCGCCTCAGTCTACAAATGCCACGCAGTACAGGATTTCGGTTTGCGGAGCGAGCGCAATCATTCGCGACTCGCCGTACTCAAACCGTTCATCAAACCAGACCAGTGCGGCTTCCCAGTCGAGGTCGCCTGCCATAGCCAGAGACACACCGTGCTTCGCTTGGTTGGCTGCGTCCTTGGCGGGATCGAACTCGACTCTCATAACTTTAATGTAGCTACAATTAATGAGATTGTCAAACGAACCGTGCGGCGATCTTCTATGGGGCCTAACGCCCACCTCACAGGAACCTAAAGCATAGCGAAGCGGCGCTTTTGGTTCCTGTGCAGGTGTTTGTTATAAGTTTGATCGGTAAATGTATGAGTCTTCTATGAAATGACCGTTAATTGTATTCCTAGAAAACCTAATACCAGAAATTCCATCGCCTGTACCTATAGCAAACTTCAAAAGTTGAACAACTTGATTCGCTGTATTTGTAACACCAATGTCATTCAAAGATATTACTTCCTCTTCTTTCGATGCAGAACTGTTCGCACTAACTACTTTTTTGTAGTACTCACGTGGCCCTAGTGAATCGACCAAAGGCGAAGCAATTATTAGTTTCCAAGCTTTATCTTCTGAAAAATAAAGCCAAAACGCGCTCTTTATCTCAGCCTGCTCGGCATCAAGTCTTTCTACTAGCTTGGCACCGGCTTTTATCATAGAGTCTGAAAGACTCTCTGTTACCAAAATGTCTTTAGCCATGCCAATATTCCTGATTGATTGTCTGTAATTGCTTCATAGAGATCTTTTGCTTTTCTTTCTTCGACTCTACTTTCGTATCTCGCCTTTTCATTCCAATCTTTTGCGACAGCCCAGTTAAGTTGAAAATTCCCGTCTTCCTGTTCTTTTTCACTCAGCTTTTGCTTTAAACCTGCGACACCCAGCAAATCTGTTAGTTTATGGCTGTAACTATTTTTAGCTAACTCTAAATTTGGGAAATCGTACTGCTGCACCTGCTTCGCAATGCATACTTTTATGGCACATTCCAGCGAATATCCAGCAAGGTAATACGCCCCCTGGTAACTTTCAGCATCGAGGAGAGCCTTAGCCTCCTTTATCCTGATTTCAACGAGCTCTTCTAAATCATTTTTGTTCATATGAGCATTGGTCTCATTTTGATTCACTTATAACAACATTTAGACTGATCTGCCTGATTCAGGAAAAGCAGAAAGCTGCATTCTGTATAAAACATCTTAAATATCGTATTCACAGGTCAGACAATTGATTATTTATAAATAATTTAAACGCATCAACAATCATTTAACCCTGCCGGTTTATACAGATCGGTCTAAACCGGAAAGAAGCATATCAGCAGGGCTTTTTACACCACGACCACCTTTGTTCAAAACATGGGTATACATCATTGTGGCGCTTACATCTTTACGCCCCATTCCGGAATAGTGCGAACCATAATTTTATCCCTGCAGCCGGTGTCCATCTTTATTGTCAGGCGACTATCTCTCTTTTTCGAAATATTTCACTCTCTTCAAACCCTTGAAATGCTGATCCTGTGTCCAGAGCGTACAATTGTATTTCGAGGAAGTGGTATAAATTATACTGTCAGCTAACGCTAATTTGTTGTCTTTGAAGATCTTCGCGGAATAAATTGCCAGATCTGCGTCGAGTTCGATCACTCCTCCTTGTCTCATATGAGCGAGGGCCAGTTAAAGCTTGATCTTCGTTTGTTTCGCTCAATAATTTCTTGAAAACTTCATAAAGGGTAATTGATGGAACAACAAGGGATGAGATATCTTCTATCGCTCCAGCAACAGAATCACCAACGTTACTGCCAGCAAAGTATTCCAACCAGCATGAAGAGTCAACAACACTCATATTCTCTCTTCTTCTCTTTTGATCTCGGTGTTAATACCCTTAAAGATACCTTTGAGCGATTTCATTGGTTGGATTGGTACAAGTTCAATCCGACTCCCATAGGTGATGATCTCCATCGTTGTTCCGGCACGAAGGCCAATATCTTCTCTTATTTCTTTGGGTATAACAACCTGAAACTTACTTGAAACAGCAACAGTATTCATTAAGTATCTCCATGGGTCACAATAATACGATTAATTGAGTTCATCAAGGCTTTTTACTCCGTGAGCACTTTTGTTCAAAACATGGGTATGCATCATCGTGGTGCATGCATTCCTATGTAAGAAGAATACACCAGATTTTCAAGTATTTGAAGATCATAATAACGCTCATCAACTTTCAAACAATCAGTACGATGCAAAGATGAGCCTCTCATACCTCACTCCCCCATCGCCTCAATTAACCTTTCCCTTGCAAACTGGCTGAGGCGGACTATGCCAAGGTGTCGGGCGAGTTCCACCTGGTCACCATTGGTTGATAGCAGTTTATCAATTGCCCTGATCTCTTCAGTGCAAATGTATTCGACTTTGCGCATTTCATCAAGGATGCTTTCGAGATCGCCTTCGATATCGATATCGCCGTCGGGATCATCATCGGAACGGGCAAAAAAATTGGTTGGTGGCATC
CP001110.1_gap51	2609592	2613329	3737	TCAAGCCACTCATGATGGCCAAGCCGAAGCGTAGGCACGGTATTCTGTTTTGATTCGGTATGCTCTATCTTCGAAAATCCAATACCAAGCACCTCTGTGATGCGGCTTCTTTTCGTCTTTTCATCCAGACCCGGCTTGAAATGGAAAACAAAACCACGATAGTTATCGTCTGGTACGGTATCGCGCGATACGACTGAAAAGAAAACGTCGTTGGGTGCAATAAGAGCTGCAACAGGTTTGAGCTTGACATTCTCCTTGCGGACAATGACCCCTACAGAATCAACATCAGCAGCCTTGAGCTGGCCAAGATGGTTTGCGATATCGGGCTGAATACCTTTCAATAGCTTTGAGGTGACCGAAGAGGGTGTTGCAAAAACAAGTGTTTTGGCTGAATACTCTCCACCTCCGGCACTCCTGATTTCATAGAGGCCATCTTTATACACCACTGAATTGACATCCTGACTGGTAAAAACATTCAGGCCGCTTTTTGCGGAAATCGCCCGCGCAACACTCTGCAAACCGTTGGTGAAGGTATAGTTCTTCAGCATATCCTTTCTCTTCTCCCGGCTTTTAAACATCATATCGGCAGGAAAATCGTCCGTTTTCTGTGATGGGACAGCATTGAAGAAATGGCTGATCACCTCCCGGTAGTTGCGTTCTCCCACAATTTTTGAATAATAGGAGCTGACGCTCAATCCGGTTTTCTTCAGTTTGAAGAGGTTCGGGACGGAAACAAGCAGTTCCAGAATGTGAAGCTGGGAAACAATAGATTTGATTTTTCCATTGACAAAGAGGGTAAAGGGCACCTTGGCACGGGGAATGATCGAATCCTTCAGGCCACACCCTTCAACAATATCGAGCAGATTCTGGTATGAGCTGTAACAGGTATGAGCGCCAAGTTCCATCCAGAAATTCTTGCCGTGAGCGTTGTACTGAGGGGAGGCAAAAGAGCCGCCGATCGTATCATTTTTTTCAAGCAGCGTGGTTTTCATGCCAGCCTGCACACAATAATAAGCAAGGCTGAGGCCGCTTATGCCACCGCCGATAACAACAACATCGTTTTGCATCATAAAAGAAAAAAGAGTTTCGTGAGATGCGTTTAAAAAAAACAGGAAAGGCCGGGGCAGCATGAAAAGCACCGCGCCTGTCGGAAAGAATCAATAACTTCTGGCCCAATTTAGTGAAATCGGAGAAGAAGACCGCTGGAAAAGTTCAGAAGGAGTTCCACGATTATGGCTGCGGCTCCTCTGCCCGATAGTTTTGCGAGTAGCGCACATAGTTTTCCGGTGACTCCTCAATATTGCGTCGTTCAGCATCAGTTATCGGGCGCATCACTTTAGCGGGAACACCGGCAACGAGCATTCCTGAAGGCACCGTAAACCCCTGCCTGACCAGTGATCCGGCGGCGACAATCGACCAGGGCTCAACAACACAGTCATCAAGCAGCACTGCGCCCATGCCGATCAGCACATAGTCCTTCACCGTGCAGGCATGAAGAACGGCTCCATGACCAATGGTGACACAGTTGCCGATGTTCAATGGGCCGGTATCGTGTGTAACATGCAGCGTTGCATTATCCTGCACACTGGTTTTCTCACCGATGCGGATAGGACAGACATCACCCCGCACCACCGCATTGAACCAGACACTTGAATAAGCGCCAATATGCACGTCACCAATGACGAATGCACCGTCCGTCATGAAAACCGTTTCATGCAGCGTTGGCCAGAGCCCCCTGTAAGGCATTACTTTTCCCATCAAATTCTGTAATTTTTGATCTGTTAGAGATACGCATTCAACCACCCACAGCATAGTAACGCACTCGTGGCTTCTACTGGATAATGAGCCGTCAACACACAGTACTTGAACCGCCTGGTTGCTATTCCTGCAGGAAGGAACCAAGGGAAGATAAAATATTTTTTTTTCATGACCGGATTTATTAGATTGGCTTAATAGTGTAATTAACCCTGAAAATCAAGCGGCCATGAGCAAACTATCTGGAGTATTTACCAATGGGGCGGAGTGTTACGGAAGATTCGTTGAGGTCTTCATTGACGGGCACTGGTGGGTAGTCGGAGACGCTCTTGAGAATATCGGAAAGACGACGAAGCGGTTGTTGGTCAATGCCTATCCCTTCATTTACGGTGGAGCTGGATCATCATCTGTTTTCAAGGGTTCTTCGCCCAAGGCGGCAGGTTATGCCAAGCCAACCAAGGATATTGAACAACGGTTCAGGGATTGAGAAGAGAACGATAAACTCTCCTTTTCCGGTATTGATGGGGATCTTTTAAAAAAACGAGGCGTTTGTCCTCGTTTTTTTAATTTCACGGATGTATTTCTGGCTGGTCGCGCTTTTCATGCTGCGAGTATCGTCGGGTTCATTCCCTTTAACCCTGTTTATCCTTCTGCCCCCTCTCTTCTCGCCTCCCATTTCCTTGACAAGCCCCTCTTTTTCCTGAATTTTATTAGATTGAGCTGATTTTTTGCATGATAATTCCATTTTGCAATCAAGATAATCATAATGTATTTTCTGTTTGTGCCAATTATTGCTCATAATTTGACAACAAACAGGAGGATACTGAATATGGCTCGACCAGCAGTAATCACGGACGAAATGGAATGCTTGGCTAAAAAGATTGTAAAAGAAGCACATACCGCTCGAGAACTGAGAGCTGGCTTGAGTATTCTTATCCCTAAAACTTGTGATATCACCTACTCTGAAACGGCAGAACTTCTTGGTATTAGTGTACCCACTGTAGTGCGCATCCATCGAGATATTAGCAATCAAGCTGCTGGAAATGCGACTCCTAAGGGTAGCTGGGGAGGAAGAAGGAGGCAAACGCTTAGTATAGATGAGGAGGCCCAATTTCTTGCTGAATGGGTAGAGAATGCAGAACAAGGTGGCGTCCTGATTGTTCCACCAATTCATGCAGCACTGGAACGACGACTGGGAAGAGCAGTTGCACTGTCTACAGTTTACAGAATGTTGGCACGTCATGGTTGGCGTAAGGTAGAACCAGATACGTGTCATCCAAAACAAAATATCGAGGCACAGGAAGAATTTAAAAAAAACTCCCAGAGACACTGGTACAAGCCGCCAAGCAAAATGTACTAAATCTGCCTTTGCGCTTGATGTTTCAGGATGAGGCTCGGTTCGGAAGGATAAGTGATCCTCGAAAATGCTGGGCTCCAGCGCCTCTTCGTCCTATCGTAAAGTTAGCTCTTGTAAGAGAGTATGTCTATGCATACGCAGCAGTATCTCCGCAAGATGGTGTGATTGATTGGATGTTGGGCGGCAAAATGGACACAGTGAGTATGGGCGCATTTCTCAGGCAGGTCTCTCATAAACATCCTGAAGAGTTTGTCATGATGGTTGTGGATGGAGCGCCTTCTCATCGTGCAGAGCATTTAAGGGTTCCAAAGAACATGGTACTTGTAAAGCTTCCACCGTATTCACCGGAATTAAATCCTGTTGAGCACCTTTGGGATGAATTGCGAGAGAAGGAATTTGCTAATCGGGTATTTGAGACACTTGGAGCTGTTATCGCACAAGCAGCGAGAAGACTGAAAAAAATGGAAGAACATCCTGACGGACTTCGGTCTTTAACTGGTTGGGATTGGATATTAAAATCAATTTGATTGCAATTTGGAATAAGATCGTCGTATTGAATCAATGAGTTGAAATTGGCTGGCATGAAATCGACTATAGCAAAAAGCAGATTCGACTGGTGCAGTTG
CP001110.1_gap52	2640275	2641584	1309	TTTCCGGCAAGATTCAAGCCACCAACAATAGCGCTCTCGCCAGTCAAAAGCACACTCTCAGCAAGAAACGTGAGGCGATCAGTAAACTCAAGTTCCTTAAAATCCTTACGCAGTTTCTGGTACGATTCCGACATAATCAATCTCCATGGAAGTGAGGCCGCGAAAACGGAGCCCCGGTTATGATTGAAAACAATACTAAATTATTCTGTCGGAATTTAAACATAAATATCGATCTAAACAAGTGTTCCCCATGAAGCATCTCTATCCCCTGTCATAAGCTTTCTGTTCTTTTTGCAGGCGGCTCTGCTCGTGACGATCAAGATCAAAGGGTATATGAAGCCATTTGTCCTTAAATACCGCATCGCCCGGTTCAAGCCCGGTCAGGCTGATCGGAAGGGTGATGATTTTACGCTGGTTGCCGATCTGTACAAACAACTCGTCGCCTGTTACCCATACATCAATATCGACAGGGTTGGCGAACATCAGCTTCAACTGTACCTCATAGACATTGCCGTTACGGACAAATTTGATCGGTGGTTCGTCATACATCATATCAGACGGATCGCTGTCGCCGTACATATCTTTGGCAAACATCTCCAGGGACTTCAGACCGACAATTTCCTGCTCGTACATCCTCAGTTTTTTCACCGGAAGGGGAGAAAAGCCCTCTTCAATCTCTCCGAGGTACTTCTGTTGAATCGCTTTCCAGTTCTCCAGATATCCACTGTCCTCTTTGGTATCAAGTAACCTGTTGACAAGAACCATATCCACCTTGAAACCGTAAAGATTCAGATAGGTCAAGGCACGCATGGTCTCCTTGATCGACATCTTCTCCGCATTCATAACAAGGCGTACCGTCGATTTTTTATTATTCGTAAGAATTTCACGAATGTCTTCAAGCTCATCAAAAACCTGATCAACCGACTCAATGGCATCTGCCGGAGGCACAAAAAAAGCAATTTTATCCGACATCCTTGAAAGAGGCTTGCTGAGCGGCTTGATAAGATACTTGTTAACATTCTTCACCGCCTTCATGCCCCAGGCAAGCGTATCGGGAAGAGAGAGGAGGCGCAGGGTTTCACCCGTCGGGGCGGTATCAAGCACCAGCACATCATAGAGACCGGAGGCTTTGTAGCGCTTGATTCTCAAAAGAGAGAACAGCTCTTCCATGCCGGGAAGAATGGTCATTTCATCAGCCATAACACCTGAAACGCCCTGAGCCATGAAAATCTTGGAGTAGTATTTCTGTACAGACTGCCAATTCTGCTTCAGGTCAACATAAGGATTCACCTCAATGGCATGAAGATTC
CP001110.1_gap53	2648363	2651321	2958	ACATGGCCTTATGACGCGACAGTTGCAACCGGAACATTCATCCCTCACCCTGAACTTGCCTACGATGTTTATGTGAACGCCCGATTCCCTGCAGCAGGGCCTTACACGAAATACGATGTCTATACAGACGATCTCATCAAGCGGAAGAACGCTCTGGCGGGCCTGAACTACGTAAACTTGCTGAGCGACAACCTCACCCTTGACACTCGGCTCTACTACACTCGCAACGCAACCACTTACGAGTATAACAATACGCCGGCAAATCAGATGTATGCAACCGGCGCCACCCGCTATCCGGGTGAATTCAATGAAACCAGCTCGAACCGGTACGGAGCAGGTGCAAAACTTGACTGGAGAGTAAGCGACAGCCATCGCCTTCTTTTCGGTCTTGACGGCAACATTATTGACGTTCAGTCAACGCAGTACACAGGGGAAATTCCCTCGGCACACCCTTTAAGCAATAGTGACCTCAACGATATACAGGAAAAAAACTTTGCCGCATTCGTGCAGGACGAGTGGAAACTCACTGACAAGCTGACTGCCCTGCTCTCCCTGCGGTATGACTGGAGCGGTATCGATGCTGATGAGGTTACGTATGTTGACTACACAACTCCTGCTCCAGGTTTTCCTCCATCATATCCGAATACGCCAACTGAATCAATTGAAAACCCGTCGGTCGATGCCATCAGCCCTCGTATCGCGCTCAACTACAAGGCCACGGACGACATGAGCTTCCGCGCATCGTGGGGTACAAGCTTCCGCGCACCGACGCTTGCAGAACGGTTTGTCCGAGATGCCGGAATCCTTAAAGGCGTACCGAACCCGGCGCTCGACAAGGAGACCATGACCGCCTACGAGATCGGCGTCTACAAGCAGTTCGGCGACAAGGTCTCGCTCGACGTGGCCGCATTCCTCAACGATTACGACAACCTGATCGAATCGGTCAAGCTGCAGGGGACAACATTCGAATTCCAGAACATCACGAAGGCCCGTATCTGGGGCATCGAGACCAACCTGAACATCCGCCCGAATCCTTCGTGGAACGTCAATCTGGCTTACACCTACATGAACGCCAAAAACACCGACTACAAGCCAAGCACCCCTGCGGTTGCCATCGACTCCAATCCCGATCCGGAATGGCTGCCCATGCGGCCGGAACATACCGCATCAGTTGGCGTAACATGGAAACCCGTCAACAGGCTCGCACTGAACCTGAACGGACGCTATGTCGGCGAGTACAAGGCCGTGAATCTCTATACAAATACCGAAGGCAACAACTACCCCGGCGACTTTATCGTCTTCAACGCCGGCGCGAAGTACAAAATCACCGACAACATCGGAGCTACATTCCTCTGTAACAACATCGGCAACGTGCAGTATGAAGAAGCCGAATGGTTCCGTGCTCCGGGACGCAGCTTTGTTGCAGGAATGGATTTCACCTTCTAAAGAGATCCGTCAGCACAAGGCCATCTAAACCAGAAGCCAGCCCCTCCTCGCGAGGGGTTGGCTTTTTTAATTCGTTAGCATACATCAAAGGATTTTATTACATTTTGCAATCCTGTTAAAACCACATCAAACGCACATCTTTTTGTAATTCTATGCACGATAAAATCAGAATTGCCGCTATTGTCGGGATGGAGCAATGCAACCAGCGGGTATGGCGCGAGGTGACTGCAAAAATCGCGGCACATGCAGAATTGACCCAATGGACCGATCAGGATCTCGAACATCAGAACCCTGAGGCTGCCGAAGCCATCCGCAATGCCGACTGTATTTTTACCACCCTGATCCAGTTCAAGGGACAGGCAGACTGGCTGCAGGAGCAGATCGAACAATCGAAGGTGAAGACTATCTTTGCCTATGAGTCGATGCCGGAAGTCATGCAGATGACCAAAATAGGCAATTACGTGGTCTCGGGAGATGGCAGCGGCATGCCCGATATTGTCAAGAAAGTTGCAAAAATGCTGGTGAAAGGGCGCGACGAGGATGCGCTCTACGGCTACATGAAGCTGCTGAAAATCATGCGCACCATGTTGCCGCTGATCCCCAAAAAGGCAAAGGACTTCAAGAACTGGATGCAGGTCTACACCTACTGGATGAACCCGACCACCGACAATCTGGCATCGATGTTCAACTACATCATAGCCGAATACTTCGAAGTTGAGGTCAAAGTCGAGAAGGTGCAGGAGGTGCCAACCATGGGCTTCTACCACCCGGATGCTCCGGAATACCAGAAAGATCTGCACCATTACGAAAAATGGCTCCACAAACGCAATAAAAATTCAGCAAAACAGCGTAACATCGGGATGCTCTTTTTCCGCAAACACCTGCTGCAGGAAAAAGAGTATATCGACAATGCCATCCGGGCCATCGAAGCCAAGGGTCTCAACCCCCTGCCGGTCTTTGTAATGGGTGTTGAAGGCCACGTTGCCGCCAGAGAGTGGTTTACACACAACAACATCGACATGCTCGTCAACATGATGGGCTTCGGTTTTGTGGGCGGCCCTGCAGGAGCAACCACACCAGGCGCATCATCAGCCGCACGTGACGAGATTCTGGGGAAAATCAACGCCCCCTACGTTGTCTCCCAGCCGCTCTTTATCCAGGATTTCGCATCATGGAAATCGCAAGGTGTTATCCCGCTTCAGTCAGCCATGACCTACTCGCTGCCTGAAATGGACGGCGCCGTCTGCCCGGTTGTACTCGGAGCCATCAAGGATGGGCGACTGCAAACCGTTCCGGATCGCCTTGAAAGGCTGGCCGGTTTTGCCAAAAAATTTTCCGACCTTCGCCAGGTACCCAACCGCGATAAAAAAGTTGCCCTCGTCGTCTACGACTATCCTCCAGGCATGGGCAAAAAAGCCAGCGCCGCCCTGCTTGATGTACCAAAAAGCATTTACAACATCATCACAACGCTACGCTCCGAAGGGTATGATGTCGGCGAACTGCCGGAATCAC
CP001110.1_gap54	2654490	2659060	4570	GGGTTACCATCTATGCATTTTGTGTTCCTTACCATGGAGGCCACCAACAACAGCGCACTGAAAGCCGCTGCGGGTGAGCTGAACAGGAAATATAAGGTCGGACTGGAGGTTTCCGTCTTCAGTCTCGGACTTCATAACAGCAAACAGCTCTGGGAAACGCTGGAACAGACTCTTCCGGTTGCCGATTTCCTCTTCGGTTCAATGCTCTTCAGTGAAGAAATTGTCAGACCACTCGAAAAACTGCTCGACACACTGAGCTGCCCGATCTGCATCATTACCAGCAATCCGGCCCTCGTCACCCGGACACGAGTGGGAAAATTTTCACTCCGCAAGCCAAAAAACGAGGAGCCAAAAGAGAGCAGCATCTTCAAACAATGGGCGTCAAAACTGATGCCAAAGCAGAGCCACGGAGAGAGCCAGCGGCAACTTGCACTGGTCAGAAGTGTCGGCCAGCTGATGAAACACATCCCCGGCAAAGCGCGTGACATACACACCTTCATTGCCGCCCACCAGTTCTGGCTGAACGGTTCACAGGAAAATATGGAGCGCTTCCTCTCCCTTCTCATCGAGCGCTACTCTCCAGGCTGGAAAGGCAAACTGCCCCAGGAAGAGCCCCTTTTCTATCCTGATGCCGCCATCTGCCATCCGGAGGCCTCCGAACCCTTTTTCTCTGCCCGGCAATTTCTTGAATGGCAGCGCAAAAACAGACCAAACCCCGACCAAAAAGCGGTCATCATTCTTGCCATGCGCTCGACCGTGCTGAGCAAAAACATGGCCCATCTGAACGCGCTGGTGCAGGCGTTTGAATCAAAAGGAATCAACAGTTCGATTGCCTACAGCGGCGGTCTCGATTTCCGGCCTGCCCTTGAACGCTTTTTCAACCCCGACACCCCCGGCTCACTCAAGCCATCTCTGCTGATCAACGCCACCGGCTTTTCACTCGTTGGCGGCCCTGCAGAAAACCGGGCTCCCGAAGCGGTCGAAGTGCTCAAACAACTCGATGTTCCCTGTCTGAATCTGATCCCTCTCTCCTTTCAGCCCATTGAACAGTGGCGAGAGAGCAACCTCGGCCTCACACCGCTGCAAACCGCACTGAGTGTGGCCGTAACCGAACTGGACGGCTCCATTGAACCACACATCTATGCCGGCACCGAAAGCGGAAGTGAGCGAACGATAGCGCTTGAAGGTGAGCTGCGTGTCATAACCAGCCGGGTAGAGCGACTCCTCCGGCTCCAGGAGAGAGCGCCTTCCGAAAAGAAAATTGCCATTATCCTCTTCAATTTTCCACCCAACCTCGGCAATGCCGGCACAGCAGCATACCTCAATGTTTTCGAGAGCCTGCACCGACTGCTTGCAGAGATGAAAACAGCAGGTTACCGGGTTGATCTGCCCGAAACAAGCGAGGCACTCCGGGAACGGCTGCTTGAAGGCAACCGCCTCATCTATGGCACCGACGGCAATGTTGAAGCACATCTGCCAGTCGAGGAGTACCGCAAACGCTTCCCTGCCTACGAAGCCATCGAGCCATTCTGGGGCGATGCTCCGGGTGAAATCCTCAATGACCGCACCCGTTTTCATATTCTCGGCTGCTCACTCGGCAACATCTTTATCGGCCAGCAGCCCAGTTTTGGATACGAACGCGACCCGATGCGCCTGCTCATGGCAAAAGATGCCGCGCCAAACCACGCCTTTGCCGCCTTCTACACCTGGATAGAGCAATGCTTCGATGCCGACGCCGTACTCCACTTCGGCACACACGGCGCCCTCGAATTCATGCCCGGCAAACAGGTGGGACTCTCAAGCTCATGCTGGCCAAAACGGTTGATCGGCAGCCTCCCGAACTTTTACTGCTACTGCGTCAATAACCCAAGCGAAGGAACAATCGCCAAACGCCGAGGCTTCGCCACCCTCATCAGCTACCTCTCGCCACCGCTTGAACATGCCGGACTCTACAAAAACCTGCGCAAACTCAAAGAGCTGATAGCCGGATTCCGAAACCTTCCTTCAGAAGAGCTGCTCGAAGAGATCAAAGAACTTGCTGCAGCAACCGAAATTGACGGAAACAGCGAAGAGAGGCCCGCCGAGGAGTATATCGCGAAGCTCAACAACGAGCTCTACATGATTGAGGAGCGCATGATTCCACTCGGACTGCACATCATGGGCCAGGCGCCAACACCCGAAAGCGTCAGCGACCATCTGGCCCTGCTTGCAGCACACCGTCGGCCCGAGCTTGACGGAAAATCCCTGCCCGAGCTGCTCTGCCACCACCTCGGCTACGATTACGAGGAGCTGCTCGATACCCTTGGCAGTGACAGGAAAGCGCAGGAGCGATGGCAGCGGGTATCGGCAATAAACCGTGAAGCCGTCAAACGTTTTACCGGACACTTCGACCCGGAAAAAAGTCCCGGTCTGGCAATCGCAACCCTGCTCGAAGGGAGCCTTGTCGTCAGGATGGCCGCAGCCAACGACTATCTGCATCGAGAAGCAGGCACAAAGGCGACAGAGCTCCATCGTCTCTGGCACTTCCTCAACACCGTCCTCGTCAATCTTGCTGAAAACCATGAACTGCAGGCCGTACTCCACGCCCTTGAAGGAAAGTATACCCCCCCATCGCCAGGCAACGACCTTGTCCGAAACCCCGACATTGTCCCGACAGGCCGAAATATTCACGCTCTTGATCCCTACAGCATCCCCTCATCCTTTGCCCGGCAGGCAGGAAAACTATCGGCTGAAGAGCTGCTGCTGCACTATCGCACCGAGAGTGGAGAGAACCCGGAATCCATAGCCCTCATCCTCTGGGGAACCGATAACCTGAAAAGCGATGGCGAAGGAGTTGCCCAGGCACTCGCCCTCATGGGCGCAAGGGTCAAAAGCGACGAACTGGGCAAAATCGCTGATGTAGAACTGATACCCCTGGCCGAGCTGGGCCGCCCCCGCATTGACGTGGTCATGACCATCAGCGGTATTTTCCGCGACCTCCTCTCCCTGCAAGTCAAACTGCTTGACCGGGCAGCCCGTATGGCCGCTGCGGCGGAGGAACCCGACGAAATGAACTTTATCAAAAAACATGTCCGCCAGGAGATGACCCAGAGAGGCTGCACCCTTGATGAAGCCTCAAACAGAGTCTATTCAAACGCACCCGGAAGTTACGGCGCCAATGTAAACCACCTGGTCGAAAGCAGCACATGGGAAGAGGAGAGCCAGCTTGCCGATGCTTTTGTCAGCCGAAAGAGCTTCGCCGTAACTCCTTCCGGCCAGTGGGAAGAGTGCCCCGAAGCTCTCCGTTCCGCACTGAAGCATGTCACCCTCACCTTCCAGAATATCGACAGTTACGAAATCGGTATTTCTGATATTGATCATTATTATGAGTATCTTGGCGGAGTTTCAAAAACTGTAGAACAGCTCAGCCAGGCAAAACCAAGGGTAATGGTTGGCGATATCGACGGCACAGGAAAAAAACAGCGAATCTGTTCACTCGAAAAGATGGTCTCCCTTGAAGCACGCACCAAACTGCTCAATCCGAAATGGTACGACGCAATGCTTGAACATGGCTATGAAGGAGTGCGGGAGATAGAATCACATCTCAGCAACACCTATGGATGGAGTGCAACAGCATCAGCAGTCAAAAAATGGACCTACGACCAGTTCAATGAAACCTTCCTGCAAGACAAGGCCATGCTTGAACGGCTTCGGGAACTCAACCCCCACGCAACCATCTCCATGACAAAACGATTGCTCGAAGCACACTCCCGAGGATTCTGGGAAGCCGATACCGCCACCATTGAAGAGCTGCAGGAGCTCTACGCCGATCTTGAAACAAGAATTGAAGGGGTGCAGCAGTAAGCGCCCGGCTTGAAGATATTTTTTACACAGTCAACCACGCAACCGTCAAACCAGTACACTATGAGCAGCTCATCTTTCAATGCTGAAGAACACAAGAAAATGCTCCGTTCCTATTTCAATGGCCAGGGCTTTCAGCGATGGGCATCGATCTACGGCGACGACAAACTCTCCTCCGTACGCAACACCGTGCGTCAGGGCCATGCCGTCATGATGGACAAGGCATTCGACTGGCTGCAGCAGCTCGGACTACCCAAAGGAGCCTCGATACTTGATGCCGGATGCGGCACAGGGCTCTTCAGCATCCGCCTCGCAAAAGCGGGGTACAAGGTAACGTCGGTCGATATTGCCTCGCAGATGGTCAACAAGGCAAAAGAGGAGGCCACCAGGCAAGGGGTAGAGAAAAACATCACCTTTGAGGTCAACACCCTTGAATCAGTAAGCGGCACCTACGATGCCGTCGTCTGCTTTGACGTCCTGATCCACTACCCGGCAGAGGGATTTTCACAGGCATTCCGCAACCTCGCCAGCCTGACAAAAGGATCGGTTATTTTCACCTATGCCCCCTACAACAAAATCCTTGCACTGCAGCACTGGATTGGCGGCTATTTCCCGAAAAAAGAGCGCCGCACCACCATTCAGATGATCCGCGACGAAGAGATGCAAAACGCCATGAAAAAAACAGGCATGAAGGTAAAAACCCGAGAAAAGATCAGCTTCGGATTTTATC
CP001110.1_gap55	2718979	2723956	4977	TTCCAGAGGATCTCCTCACTCATCAGCAAAGCCGGAAGAGTAAAATAATTCCATGACGCGTAGTTGGCGAAATAGCTCATATCAAGGTCATCCCACCAGAAGAGCCTTCTGCCGATTTTGAAATAATCCCGAGCATTCCGGCGATCTGCAATGACCTTGCCCTGTTCATCCTCCAGACGGACATCGAGACCATCAAGAACTCCCCTGACAGCAGGGTTGCGCCCGATCGGGGTCAAAGAGGTAAATGGCCGGTGAGCATCGAGAACCATTTTGGCATGATGGAAAAACGGTCGCCCTTTCAGGGTAAACGCAAGTCCGGAAGCGCTCATCTCGACCTCAACCCGTTTTGCGTTCTGCCAGAGCTCACGCCCACCATAGGCCGCAATTGCCTTTTCTGCTGTTACTTTCAGGGTCATAATCGGAGTATCTGGTTTTATTCATGCCGTATAAGGTGCCATCAACTTCATGAGAAAGATGATTGATCATGCGTGAACGAAGAGTGATTGAGTATTCCGGGGAAAGTGTGCCGGGTATACCGGGCGAAAGTGTGCTCATCCATTGTCTTCGAGTGAACTGATCCGTTTGATGGCGCTTGTGTGGAACATTTTCTGTGGGTAGAAGGTGATGATGCCTTGTATCTCTTAAGCAACACATTACATAAGGACAAGATATTCGTAAAATCCACAGCAAACAAATGAACTGGGATGTTTGTTACTTTAGAATAATGGGTGCAACTTTTCAAGTAGCTTCAGATCTGAGTCATCATTACCATTTGGAAAAACGAGCCCTGCTGTATAGATTGAGTTTAAATTATTTTAAGATTTGCACGCATTTTAAACCGAGCCTACGATAAAGCAGGGCACCATGATTGAACACCGTATACGACAGGCTCGTCAGGCGGCAGGGCTGACATTGGCTGCATTGGGAGCGAAAATTGGGGTCACCCACACCGCTATCCAAAAGTATGAGAAGGGCATCATTACCCCGTCATCGTCGATATTGTTGAAACTTGCTCAGGCCTGCGGAGTACGCACTGAATATTTTTTCCGTTCGCATACCGTTGAATTGGTCAATCCTGAGTTCCGCAAGTTATCAACCTTTGGAAAAACAGCACAAGAAGAGCTGACCATCAAAGTCATTGATCTGGTTGAAAAGCGGGTAGAACTTCTTGGTTCATTTCCAGACTCCCCTATCCCTGCATTCGAGCTTCCTGCTGGCCTTCCGGAACACATAGAAAACCTTGACCAGATCGAAGCGATTGCTGACCAGGTACGCAACGCATGGATGCTCGGCATGGATCCGATACCGGATGTATGCGACACATTTGAAGCTTGCGGGCTTCTGGTCATCGTTGTCAACAATATTCATCCTGGATTTTCAGGTTTAAAAGCTACAGCCCGAACAAATGATGGCCGAACCTATCCCATTATTGTGGTGTCAGCACGCTGGCCGGGAGATCGGCAACGTTTTACACTGGCGCATGAATTGGCTCATCTCTTGCTCTCAGGTCGTCTTGCTGATAACCTTGATGAGGAAAAAGCCTGCAACCGTTTTGCCGGAGCTTTCCTTGCTCCTGCCGTTGCCGTAACCCGCCTGCTTGGTCAGCACCGTGACGCCTTGGAATGGAAAGAGATCTACACCCTCAAGCACGAATTCGGGCTCTCTATGGCTGGGTGGCTTATGCGTGCAAAACAATGCGATGTTATAACTGAAGCGCTTTACCGTTCAATGACGATACGGTTTTCAGCAAAAGGATGGCGCAAACTTGAACCGGAAGAGCCCGTACCACAGGAAAACCCGAAACTCTTTGAACAACTGGTCTACCGTGCACTCGGTGAACACTGCATCCCGGAATCCAAAGCCGCCGAATTGCTTGGTATCCCGATGATGTCGTTTTACAAACAACGCCAACTCGAAACAGCGGATGATGCTCCTCATCAGTGACGCAAACATTCTGATCGACATGGAGTCCGGTGATCTCCTGGAGAGACTGTTTCAACTTCCAATTCGTATTGCAATACCGGATATACTCTACAGGGAGGAGATAGAACCCGGCACCCCGGGACTTGAATTAATTGGATTATGCCTGCTTGAAATTACAGGAGAATATGTTGCATACGCCGTAAATCTTTTAAAAAAATACGGAAAAGGCCCAAGTCACAACGATTATCTTGCTCTGGCTTTAGCAAAACAAGAAGGCTGCCCATTGCTCACTGGCGATAAACAGTTAAGGAAAGTTGCTTTATCAGAAGAGGTTTCGACAATGGGGACAATTTGGTTACTCCGAACTATGGTGGAACACAACATAGTAACCGTACAGCAAACCCTTGATGCAATAGAGAAAATGAGAACAGCCGGTCGCAGACTTCCCTGGTCAGAAGCAGAAAGAATCTTGCTCAATCTGCTTTGAGCGTCTCTCTGCACGGCTCCGCCTTCCGGTGACAAATTACGTCATGACTTTTTAATGAGCGCTTTAACCTTTCTGAAAATGAGAAGTTATTTCCATTTACCCTGATCGTTCTATGAACATGCATCAGCAACACAAATCCGGCACCGACCCTTATGTTGAGTTCATTGATGTCGGGGTAACAAAGCTGAGCCCTGCAGGTACAACGATGCTCATTCTTGACCAAATATCGTTTACTGCCCGAAAGGGGGAGATAACCGGAATAATCGGAGCTTCAGGAAGCGGTAAAAGCACCCTGATTCGACTGTGCAACCGCCTTGACGATCCTTCAGTGGGTACGATTCTCCTGAATGGGCAAAATATTGCAACCATAGACCCGCTGCTGCTGCGTCGAAAAGTTGCCATGGTGCTGCAAAAGCCCTTCATGTTTGAAGGCACACTTCTTGAGAACCTGCAACGCCCCTTCCTTTTTCGGGGTGTGGTTCCACCTTCAGCCGAAAGCCTCGAAATTGCCCGGGTTCTTGATCTCGTTCAACTCCCTGCGAAGATGCTGGATCGGGATGCCCGCTCCCTTTCCGGTGGTGAACAACAGAGAGTCAATCTGGCTCGTGCGCTTGTCAACCATCCAGAGGTACTTTTGCTCGATGAACCCACCAGCGCCCTCGATCGCCCTTCAACGGCACATCTGGCCAGCACACTGAGCAACATCTGCCACCATGAACATCTCGCCATTCTTGTGGTGACCCACGACCTCTATCTTGCTGAACATATCGTCAATCACCTGATCTACCTCGAAGCGGGCCACATTGTGGAACAGGGCATTTGCACAAAGATGCTCGCAATGCCCCAGACAACTGCATTCAGCAATTTTCTGACACAACCTGAGAGAGCACAACCATCTTCCTCATGAACAATCCGAACATCATTCCTCTGGATGTGATCCAATTGGTCTACGCTTACGCGCTGATTCTGCTTGCGCTGGCCCTTGCACGCCTGCAGCAGATTGGCCACGAAAAACAGCTTCTCTGGAGTTCAATGCGTATGCTCTTGCAACTCATCGCTGTCGGCTACCTGCTGCATCTGCTCTTTGCCATCAATTCTCCCCTGCCGGTGGTGCTCATGCTGTTCGCGATGGCCGGTTTTTCGCTCCAGGTTGCGGGATCGCGGATTAAAAAACGAATGCCGAATTTCTATCGTGTAGTAGGAAGTTCCATTATCATTGGCTGCGGAGGGGTAACCTTCTATTTCTGTCTCCTCGTAGTCGGCTACTCGCCCTGGTTCGATCCCCGCTATCTCATCCCTCTGGCAGGGATGATTTTCGGTAACGCCATGAACGGTGCAAGCCTTGCTGCCGAACGGCTCTCTGCAGAAATGCATGAACGGCGTGAAGAGATTGAATGCGCACTCTCTCTTGGAGCCACCTCCCGGCAATCCTCCCAGGAGGCTATCCGAAATGCCTACAGTGCGGCTTTGCGCCCAACCATCAACACGATGGCCGCCACCGGAATCGTAGCCCTCCCCGGTATGATGACCGGCCAGATTCTTTCAGGGACAGAACCCATCATCGCCGTGCGCTACCAGATTGCCATACTCTGCGCCATAACCGGAGCTGTAGCCGTGACCTCATTTTTGATTGTGCAGCAAGGCTACCGCCGCTTCTTTACCGACGCCCATCAACTGAAGCGGGAGTGATGTGGGGGAGCGTTTCGGATCAAGCTGATTGTGAATTTTGCAACAAACTCTTATCTATTTGAAAAGGAAGGGCTATGATCACGACAGAGAGGCATGAGCACTATGGGAAATCGACTTGAATTGCTTGAAGGAAGCGCTGAAACTTTCAGCCGCTGAACGTGCAGCTTTTGCCCAGCTTTTGCTCGCCAGTCTTGACGAAGATGCCGAAATTGAGGAGGCATGGGCACTTGAAAACCGAACAAAGGATGACCGAGATTGAAAATGGCACAACCTTGGTTATTCCTCTGGCTGATGCACTTGCACAGGTTCGCGCAGCACTGAAATGAAAACTCGTCAGAATTTACCATCTCTGTGACTCAAGCCTTTACGATTAAGATATTTTCCATTGATGTTCGTACATTGTGTGTATTAAGGCTCGCTCCGAAGCTTATTGCTTTCGCAGATAAAACGGCACAATGGCGGGACTTTTAGGATAAAAAAAATTTGATCTCCATGTTATGCAAAACACCATTGAAATTACGCACCTCTCCAGAGTGGAAAAATTGAGGATCATGGAAGCTATCTGGGACGATCTGACGCATGAAGAGGAATCACTGGTATCTCCTGACTGGCATAAGCAGGCTTTGCAGGAAACAGAACATCGACTGGCAACAGGGCAAGAACAGTCTGTAGATTGGCAAAAGGCGAAAATCGAACTCCGAAAACGATTCGAATGAAAATCAGACTACTCTCTTCCGCACTGGGTGATTTGACTGACGGGAGGTTCTTCTATGAAAAACAGGGCGAAGGATTGGGAGAGTACTTCTTTGATTCTCTCTTCTCTGATATTGATTCCTTGACGCTATATGGCGGGGTTCATCCTGCAATTTTTGGCTATT
CP001110.1_gap56	2730063	2730716	653	TAACCGCAGGAGTCCCCAGGAAGTTCTTCAGAAAAAACGGAGCTGACGCAGTGGCTGCAACATCGCTCCTCTTTGAGAAGCAGAGAGAGTTGCGTTTCGGGTATTTCGTGCAGGAGAAGAAAATGCAGGTAAGAGAGTCGGCGTAGCGGGATTTGAACCCACGACCCCTTCCACCCCAAGGAAGTGCGCTACCAGGCTGCGCTATACGCCGATATGATCCGGAAAGAGGATGTAATTATAAAAAATTCTCTGGATTAACATAATTTTATTTCAAAAATCCGCACTCTTTTTCTCTTTCATGAAAAGGGATTCCCGCTCTATTCCACTCTGCCGTTATCAGGTATCAACACTCTGTGCAGAATTCCACAAGAGTGTACAAATTCCGGCAACAGGCACAACAAGCGTTACAAAACCCGGAAAGAAGTAAACAACTTATTTCTTAATAACAAGTTAAGCAACATATCGAAGTACAGCACAGAACCACCATCAGACAAGCTGAAGGAGGAAATAAACAATGCACCAACAAGTTATCAACATTCCATTAACAATTCGGAGTATCCTGTTTCCGGCCAAACCGATGCTTCAGATACTCAATAAAGGGTGGCATAATGGAGATGATAATAATGGCAATAATCAGCAGCTTGAAATTCTGC
CP001110.1_gap57	2734579	2735119	540	CATCCTGTACAACCAAACAATGGAAGCTCCCCTTCTGCAGAGGGAGAGAACTCTGATTCCGGAAACCACGACGGATCACCTCATCTGCAGATGCCTTTTCCAGCAAAAGAAGAGAGTGTTTTCTGATATCCCGTTCATTTAACGTACAACTGTTTTTTTTATGCAATCAGTCCTGGTTCTTGATTTTGGATCACAATACACGCAGTTAATTGCCCGTCGTATACGTGAACTGGGTATTTATTCTGAAATTCTTCCCTACAATACCACACCGGAGAGTATCAGGGAACACAACCCAAAGGCAATCATCCTTTCAGGTGGGCCAACCAGCGTTTACGATGCATCAGCCATTCTGCCTGATGATGGCATCTTTTCTCTCGGGATTCCCATGCTTGGCATCTGCTACGGACTGCAGGTTATCGCCAAACATTTCGGAGGAGAGGTAGCCAGTTCATCCAAGCATGAATTTGGCCGTGCAAAAATTATGGTTGCCCAGGACAATGAGCCTGAAAGCCCTCTCTTCCACGATATTCCGGATTCTGA
CP001110.1_gap58	2775605	2776369	764	CTGCCTCCGACAGCATGCATAAATCCGGGCCGGGCTTTCGGCATCACTCAGATCTTCAACACAAACCGTCACTGCAACCCCACTTTCCCGCCGAAGCTCCTCTGCCAGAGTCTGCAAGAGAGCATGCGAGCGGGCAACCAGTACAAGATTATGACCTTGACGGGCATACTCCCGGGCAAAGGCTGCACCAATACCCATGGATGCTCCTGTTATCAAGGCATGCTGCATGGCGGATCAACCCATTTCCCACGCTCTCTGATAAGATCGATGAGCCGGTCAACGGCATCAAGTTCCGAAATATTTTCCTCAACACACTCCTTTCCAACATAGAGGCTGATGCGATTTTTTCCGGCGCCAACATAACCAAAATCGGCATCGGCCATCTCACCAGGACCGTTGACGATACAGCCCATGATGCCAATCTTCAGCCCTTTGAGATGAACCGTTCTCTGTTTAATGGCTGCTGTAGCCTTTTCCAGTTCGAAATAGGTTCTGCCACAGCCTGGACAGGAGATAAATTCCGTTTTTGACATTCTGACTCTTGCGCCCTGAAGTATGTTGAATGCCAGTTGCACCTCATCATCCCAGGAGAGGCTGGTATGAAACGCGAGCATGTCTCCAATACCATCACAAAATAGAGTTCCTGCCTGTACTGAACTGTCGATCAACGTTTCAAGTCGGTCAGAAGACTCTTTTTTGAAGCGAACGATGAGAGGATAATCGAGAGCGTAACGGTTAAATACCTCCACAAGACGACGATACAC
CP001110.1_gap59	2801484	2802347	863	ATTGCCAGCGAATGGTTAAACAGGCATTTGTTGATCCCGACCTGAATAAATCGCTGACACTCACCTCGGCCAACTCCATCAATATATCACGACTGATTCCCCAGTCATTCTATTATGCCTGGGCAACCCTGCAGCTCAAGGAACGGTACGACTGCCATGACCCTCTCTTTTCCGTCCCGAGCGGCAACTACGGAAACCTCACCGCAGGTGTGCTTGCAAAACGGATGGGCTTTCCCATAGGCCACTTTATTGCAGCATCAAACGCCAATGACAGCGTAACCCGCTATATCGATGAGGGACGCTACGACCCGCACCCGACCATCACAACCCTGTCGACGGCAATGGACGTCGGCAACCCGAGCAACTTTGCACGACTCAGATATTTCTACCATAACGACCACACATCCATGGGGCAGGATATCACGGGTATTGCCATTTCGGATGAAGAGACTGTTGCCGCAATCCGATCGGCCCATGAGCGCTTCGGCTATATCATGGATCCGCATACCGCCGTCGCGTTCCGTGCTCTTGAACGCTTCAGAAGCTCGGCAATCCATGGTGAAAAACCCGGCATCCTCCTCTCAACCGCTCATCCAGCAAAATTTCTTGAAGCAATAGAGAGTGCCCTGGGTAAAGAGATCGGTATCCCCTCGAATCTTCAGGAGCTGATGGGAAAAAAGAAATGTGCCACCTTGATCAGTTCAGAGTATAAAGAGCTTGCCTCTTTTCTCAACGGACTCGACCAGTAACCCTTTACTGAGTGCCGAATGAACATCAGAACGCTTCTATTCCTTTTTATCCTGATACCGATTATGTTTTTCGGGATACTCCTTGTCATGCTGATCAATCTTTTCGACCACTCT
CP001110.1_gap60	2879411	2881740	2329	AATTGAGTGGGGAAGCCAGATCCGGAGCTATGTTCTCGATGACCGGCGCATCAAAGATCACCGCACCAACTACGAACGATTTGATGTAGAAACCGTGCTTGATGGAGATCTCGACGAGTTCATGGAAAAATACCTCTCCGAATTCGGTGACTGATGGCAAACCCTGACAACGGCCATCCTGTCCGGTTCGGCATCATTACCGACATCCACTTCTCAACCGGGAACGAAACTGCGGCAGCACACCTCGCTGCCGCAGATCTTCGCAACTGCATAGAGGGATGGAAAAGAAAAAAGATCGGTTTGCTGCTGCAGCTTGGTGACTTGATCCAGGGCAGCGAAGCTCACAAGCAGGAAGAGTTCCTGCAAGTACACTCCATCCTCAAAACTTTTCCGGGCGCCATCCGCCATGTCATCGGCAATCATTGCCTGGCCCTGCCTCGCGAGGAACTGATGGCAGCTCTCGGACTGCACAGAGCCTTTTACTCATTTACCCTGCAGGAGTTTCGTTTTATTGTGCTTGACGGCATGGATATTTCAGTGCTCCGCCAACCTGAAACGCCGCAAGAGCGCCAGATCCTTGCCTCTTTTTTAGCCTCTCCTGAACTGCACGACTATTGCGGAGCTGTGGGAATCAAGCAGAAGAGGTGGCTGCAAAGAGAGCTTCAAGTGGCGGAGGATTCCAATGAAAAGGTGATCATCATCTGCCACTTCCCGCTGCTTCCTGAGACGACCGACCAGAAACATGGGCTTCTGTGGAACCACCGGGAAATTTCAGAACTTCTTCTCTCTTCTGCCGCCGTCAAGGCCTGCCTCAGCGGCCATTATCACTATGGAGCTTATGCGCTGCTGAACGGTATCCACTTTATCGTGCTGCCAGCCTTCGTTAACCGCACCGCACACCCCCGCTTCGCCTGCGGTACGGTAGAATTGAAGAGCAAACAGATCGTGATACAAAATCAGCTTGACGAAACGCTCTATGATCTCCCGCTTCGCCATTGAGAATAAAAACGCACCGTCACTGCCCGCCATTCTCCGCAAAAGGATTTGCAATCTCTTCCATCGCTCTGACACTGATCTGATCTGGCAGCTCCTCAGACCCAAGGGCAACAACAATTGCATCGAAAAGAGACTTCAGCTTCTCCGCATTGAGCGCTCCCTCCTTATCCCGTGTGATGTCAAGGCTTCCGTAAAGCGAAATACGATCGACCCTGTTCTCTATAGTCAAGCCGCCAATACCCAATGAATCCGATTCATTGGCAAAAGGGATCAGTTTTTTCTCTTTCTTGCTCATGCTCGCATCCTCCTGTTTCATGAAAAAATCAAATTAACGAATCTTGCCTCCAACGAATTCAATAACGATCATTATGCCGTGTCGGGTCAGGCAATTTCAACATCGATTGTTTATCAGCAAATGATAGTTTCGGGAAAAAATTGATCCCTGCCAATTTCTCAATCTGACTGATACTCAAAACCTGCCACTCTTCACCCGGCTCATTGCTGACAACGTAAGCCGCCCCCCTTTTCAAACGAGGATCATAAACAATTTTAAACATGTTCGTCGGCACAAAAACCCGGCCGTTCAGACGTTTTAGAGTGGTACCAAGATAGAGTGGCCCGGAAATTACATAGAGATCGCCACGGTTTCTGACCATTGTCCTCACGGAAGATTCGATGGCGGCCCATAAATTACGGTTATTGTCCGGATCCTGGGGAATCATATTCGCAAGTGAAAAGCATTGCCACTGTGCCTTCTCTGTCGGCATGTCAGCATTTGGCGCCATGTGGCCACGATCCAATCCTGATTTTGCGTAATCCTTCAGTTCTGCCCGTTCACTGACAGGAAGCTGCTCTTCATGGTGAAAACTGTTCCGCCTCTCCAATCCCTTCGCACTCAGCAAGTTCTCGCGTGTCAAATACTCAGCAGACCATAACGGGCTCATGGTCACACCCGAATGCATGACAACATAGTTATCAAAACCCAGTTCACGAGTTTTCTGCGCCAGTTTTGTATTCTTGATATCCGGAGCAACACCGCTCAGATATTGCAATGGCCAGGGTGTGGAAGAAGCATACAGCGTACTCGCATTCCCTGCTGCCACAAACAGCAGGAAGAGCACAAAAAACGATATTCGATTCCGAAAAGAGATTGCCGACCTGAGCACCATCATAAAAGCCCCCCTGTGATACTGATTTTGAAATACATTCCACACCACGAAAAGGGGGCAAGCCGCTTATAGGCAGCTAACCCCTTTTTCTGCGGGAATATACATTTACAGGAGGAGACTATCCCTGCTCTTAAAACAGAACAATCAGCATAAAAGCAGGAGTG
CP001110.1_gap61	3017738	3018238	500	TGTTCCTCGGCTGATAGGTTCTTTTCATCGCTTATAGCTCCACACTTGTTTAGGTACAATTCAAAATTATAGGGCGCGTAATTTAGCATATTGAACGGTCAATAACAAATGGTTCCACTCACTGACCATTCTATCGACAAGAACAACCACCCTCCAACCCTGAGTAATCAACACTATAGGAAGTAAAAAACAAGCACGCCACCACAAGTTGTCAATAATGTTGATAACTTGTGGATAAAATATTTCAAACCCCGGAAACCCCAAATAATCCGCACACTCAAAAGAATCAACACATGTTGACTACTCGAACAACTATTTTATATAACAACCAATTATATAATAGTTTAAAGTGTTGAAAAGTCTCCGGGCAAACACCCCTCCATACAACGGAAATTTCATAAAGGAAATTGTTTTTTATCCACATAAAACACTAACTTGTGAACAGTAAATGTTGATGGCGCTAACTATGAAGACCCTTACTCTTAAAAATACCGTATTTT
