gap_id	start	end	length	sequence
CP048685.1_gap1	53777	57485	3708	CAAATAAACGCCAGCATTCCAGACCCAGTATACGCCTTCCTTCTGCCGGTAAACCGACAAAGAACACCAACTCGATTTGATTTTTAGAAACTGTTACGGCTGACCTTTTAATTATTTTCTGAGATGGGAAAAGCGCAGTGATGATCCCACTTTTTCCAGCACCCTTTGGCTTTATTTTCCTTGTCAAAACAGCTTTATGAAATCGACGAAGCAAAAAGTCTTCTACAGCAATCCTTGACAAAGCCGTATCACACACAGCATCCGGTAATCCACTCAACTTGAAAGGTAAATTTGCTGTCATACGCGAGGGTTCCGCAAAAGCATCTCCCTGCACATGCTCAAACTTTAGCTGGATAGGACCAAAAGCCCAATCTGTTCCCTGCAAATCCTTATAAGCTTTGTAACCGCGACCCTCTACTCTTGTGAGCCGCTGCTTCAGGGTTTCAGGCGCTTCAATATTCATCATTTAAACCGAGGAGTAATTTCCGGCAAATCCTGCCGCAGAAATTCCTGTTGGCAGAAAACGCCTTGCAATAGAAGCAATTTCATCACGATAATTGAGTTGCACCGAAGCGGGCATCAATGCTTCCATTTTTTCGGGCAATACAGTTTTCAAGGTTCGTGACCCGGTGGCAGTACCATCCCCTTCTATAAAATGATCCACGACAACAGCCTGGGCACCGGCTCGTGCGAGTTTTCTAAAAAACCTTTCCGGGTGTTCCATTGGCAAAAGTGGAGCCATGCACACCACAACAAATAAACCGGCATCGGATAAGTTGTGGACGGCTTCAATCCTTTCCTCCACACCACAGGCCTGCTTATTCAAACCCTGTATATGCTCGCGATCCGTTTCTATGGAGATATGGACTCGCAGGTCCGTTTTTCCGGAGAGTGCCCTGATCAGGTCTTTGTCATCAAGGATGGATGTTGAATGTGTTTGCAGGATTAATTCTTCTGGCGGATTGTCGGTCAGGGCTTTTAACAACTGCCGGGTGATTCTGAATTTTTTCTCGGCAGGTTGCCAGGGTTCTGTTGAACTCGAAAAAAAAACTGAAAATGGACGGTCCCTTCGGTGGGCCCACCGTCTTTCCCTTTCACAAGTCTCTTTATAAACCCTGGCGGCGTTTGACTTCACTTCCAGAAAAGAGCCCCACCTTCTTCCGCGTGTAAGCCAGCCGTTCGATTGGACGTAACAGCCGGTCCCACACAAAGTATTGCCCAGGCCACAACCAATGTACGGATTGATTGAATGAGTACAAACAGGCTCCAGGAATCCCCCGGAACGTGTGAGTATGGATCGGCACTGGATTTGTTCAATGACCATGCCTCCATTTTACTTAAAAATCCGTTTCAAAAAGAAAAAAAGCCCCCCGGAAATTCTCCGGGAGGCTGAAACTATTTACCACTTCTATGAGCAAATGTCAGGACTGAGGCTTTTCTCCAGACCACCATTTCCCCCATTTTACAGAGGAAATATTCTGGTCGAACAAGGGAGCCGCCTGGGAGTACACCTCAAAACCACCATACCCATTCTGGCTTGGAACCGAATGCCAGACACCCTTAGGGAAATCCATCAAATCCTGTATCCAGACCTGCCGGTCGTCTGTTTTTCGAATCACCAGAAACCCGGCGTTTCCTTTAAAGTGCGGACGGGCGTAAAGCGTAACAATTCTTCCCGCCTCCCCATCAAGAGTCAAGGAATAACGCTTTTGTCCCTGAAAATGATTGAAATCATCAATGCGTCCACGGTCCTCACCATGAGGGACATCGTATAAGGCGAAGTTACCGCCATAGGAATACCCCAATTCTCTCAAACCCTCTGCATTGAGGATTAGTCCGCTCCGACCTTTGGCCCCGGAAGAAATCGGCAGGAATAACAAGATGCTCAACACAATTGCCAAAACCTTTGATTGCGTCATGATGTCTCCTTTCCCTCCTGCTGAATATTAGTGAGCACTTCCAGGAACTTCCTGTCCCCACCAGTGGCCCCACTTGACTGATGCAATATTTTGGCTGAATTGGGGAGCCGAAGCGTAGTATGCCTCGTATCCTCCGTATCCATTTTCAGGCGCACGTTTCACCCACTGGTTTGCCGGAATCGACTCGATTTCCGTTAGCCAGATTTGTTTGTCATCCGTTTTTCTAATAATCAGGTATCCACGTTCCTTCCTGTAATCCACATTTCCGAACAAAGTGACCGTCGATCCAGGCTTACCACGCAAGGTGAACGTATAACGCCCCTGACAATTATTGTCACGATAATTGAAAAAATTAGGTTGATCCTTCCCTGCATGAAAATCGAGAAGGCTTTCGCAGACCGGGGTACGTTGCAAGGTATCTATTTCGAGAAGCGGTCCTTTATTCAAGACCAACTCCCCACGCATTTCAATCGCCTGAACAGGAAAAGCAAACAAAAGAGCCAGAATTATTGAGGGAACTACTCGAGATAATTTCGTCACGATATTCTCCTTCTAAAAGGGAGCCACAACTCCTGGAGCTTTTTCTTTTTAATCTGCGGGAGTCACGAAAGTTCCGCCTCTTTAAGTTATTAGTCGATAGATTTCATAGACTCATTACAAAATATTCGCCCCACGGCGGAAATTTCCTAACCCCATGATTTAATATCAGTATACACTGCCAAAACCTTCCCAAAAAACCCGAAGTTCAGCTATTACCTGATTTGATTATGGGGAACCAAAACCTTTGAAAAAAGCCGTATAAAGGATGGCCTATCTCGCGATAGCAATTCTTTATGTTATGTTGAAGGACTATCTTTTTCGTAAAGACCCATGAATCTCATTTCCGAAAAATTTCAAAAGAATTCTAATTTGCTGCCGCTCCTTTCCCTGGGAACCGCCGGGTTTGTCCTTTTTATAGACTGGGTCAGTCCTCTTGGGATTTCAGACGGTGTTTTATACGTTGCTCTGGTTTTACTTGGATTACTTACTGGCAAAAGGAAGTACATCTTGATAGAAGCGACCGCAGGAACAGTTCTCTGTATCTTCGGAATTTTTATTTCGCCATCAGGTGGTGAATTATGGAAAGTGCTCTTAAACCGTTTTTTGGCCATCATTGCGATCTGGCTCACTGCCATGTTGTGTTTATTACAGCAACGCACCCAACAAAAACTGCAAAATGCCCATAAGGCTCTTGAAGAAAACGTCAGGATTAGAACACAGGAGCTTCATCAAGCGCATGAAAAACTCATACGTGAAAAATCTTTCCTTGAACTCAACAAAAACCTGACTGCAGTTGCCAATATTAGCGGGTCCGTTGAAGGTACGATCCAATTCGCACTTGATCAACTTTGCCGACATACCGATTGGCCTGTGGGACACCTCTATATTGTGGAGGAAGGCAAAAAAGACCATCTGATATCATCTAACATTTGGCACTTTTCTGAAGAAGAAGCGTTTCTAAATTTCAAAAGGATCACTGAATCAACCAGTTTTGAACCCGGTGTGGGGCTTCCGGGGCGCGTACTCGAAAGCGGCAAACCTGCCTGGATCACTGATGCCACGCTTGATGAAAATTTTCCGCGGGCGCATTTGGACAATAACATTGGCATCCGTGCCGGGTTTGCGTTTCCAGTTTTGATCGGAAAAGAAGTGGTGGGAGTTATGGAGTTTTTCTCCACTCGAGCAGTGGAACCCCAAACAGAAATGCTCGAAGTCATGTCGCAGGCAGGAATTCATTTGGGTCGTGCTA
CP048685.1_gap2	81485	85585	4100	ATTTACTGCATGGAAACCAAAACACGGGATACTCCAGACTTATCAAACCCCGTTCGAAATTCAAAACTTCGCCCCAAAAAAATACTGATCATCCAGTCGGCATCCCGTGTTTTCAAGAAAACTCTCGAGTCCCTTCGAAATGAATTTCCGGAGGCAACTTTCACAATCCTGACCGCGCATCCAGACGAGATGAAAGATAGTCTGGTTGGGAGTGCGGATTACCAGATTCTGCCCCTTCCTGAGGGCAAACACATATCTATTTTTTCTTACGGGATCGGAAAACGAAAATATTTGCATGAACAAAATTTTGACCTTGCAGCCGTTTTGTACAATATCGAAAAAGGCTGGGGTTACGCCAATGTCGAATCCCTGGCCTGGTCCACCGGTGCGAAAGAAATACGAGGCTATTTTCCGGCCGGGACATTTAAACACCTGACTTTAAGTCAGATTTTTAAAAACAGGTTGCGGGAACAAACAGCGATAGGATGGGTTGCCCTCAACATTCTGACCGCCTTTATTCAATTAGTCATTGTCGGCTTTTCCATGGCAGGAGAAGCTGGTTATCGACGCATTTTTGCAAAAAGGTCTTCCAGCACCAAACCAAAAGGTTCCTCTGAATGAACATCGTCGTAGCAAATTCCGTCGGGGTAGACCAAAACGGATACCATTTGGTACACGTTCCTTCGCGCTGGTCGCTCGGTGTCAAAAATCATACTAATTGTGGGTACTACCCCTGGGAACTGGCCTACACTTCCAGCCTGCTGAAGCGGGAAACGAATCACAACGTAAAATTCCTGGACGGTATTCTAAATGGCTGGGATTTTGAAACTTACTTCACCCATCTGGAAAAGGAACAGCCAGACTGGCTGATCATGGAAAGCTCTTCGCGCACCTGGGGTGAGGATAAACGGCTTGCACAGGCAGCTCAAAAAGAGTTTGGCACCCGGGTGATTTTCACAGGTCAACACCCGATGGCGCGTCCCGAGGAAGTCTCCCAGGTAGCAGAACATGTCTGCCTCGGTGAATACGAATTTACTGTGCTCGATATAATTAGTGGCAAAGAGGCCGCAGGTCTTCCCGGGGTTTATCCGAATGAACGAGCCGGTCTGATTGATGTGAACGCTCTGCCTTTCCCTGAAGACAATGACGTCAGCCGGATGGATTACCACGAACCCAATTGTATTTATCGGCAAATTCAAATGTATGGCTCGCGTGGATGCCCCAGGCGTTGCAATTTTTGCGCAGCGGCTACCCTGTATTACGATGAACTCAACTGGCGCCCGCGAGATGTCCACGATGTCGTCAAAGAAATCGGCACCCTTCATTCAAAATATCCTGAGATGGAAGGGGTCTTCTTTGATGAAGAAGCGCACAACATCCGGCCCAGCTACAATATCGCACTGGCCCAGGCTATCAGAGCTGAAGGGCTGGGCCACCTCAAATACGAAGCTATGTGCGAATACGCATCGCTGGACCCGGAGGCTATGCGTGAAATGAAACAGGCCGGGTATTATAAAATCCGATTTGGTATTGAAACCGGCAGCGATGCTGTAGCCGGATCCATGACTCTAGGAAAAAAACACGACCTCGAAAAAATGTGGCGCATGCTGAGAGTGGGAAAAGATCTCGGACTTATGTTTTACGGTACCATCAGTGTCGGGGGTCTCGGTTCCAGTGAGGAGGAAGACCGTAAAACCGTTGACCTGGTTTATGACCTCACCAGCCTCGGGCTTTTGGACGAAGTTCAGGTTTCAATCAACACCCCTCAGCCAGGGACGGATTTCTACGAAAGCGTGAAGGCTAAAGGGTGGTTGAAACAGATCGAAAGTTACGACGATTTTGATGGCAATGGCCAGGTTTGTGTGAACTACCCCCACTACCCTGCGGAAAAAATCCAGGCATCTTTTCAAGCTGCCCTGCAGGCATTCGACAGGGGAAAAGAAAAAGCCCGCAGCGCATCTTTAAAATCAGAACTTGAAAAATCTCTAAACCCAATCAAACCTGGAAGTCGTGTCCTGACTTTACGAAGCGTTCGGACATGGATGATTTCTATCCTTCTGGACACGTTACAAAACAAGGCTGGCCAGGCAACCGATCTGCTGGGGCAGAACGTTATCCTCGATCATTTCAATGAACACCCTGCGGTACGTAAAACTTTCTCCTATGGAGATGGTTTTTTCTCCCCAGAACAATTTCCACCTGAACTCGAATCCAGAATCAGGCAGGCCGCTTACGACTGGGTCATTGTACCGATGGCCAACCACCATATGGAGGGTTACGCCAATGCCCTTGGTGTAGCTCGTAAACTAGGCGCTTCCCATCTTCTGGGAGTGTTTGCAGATGGTTCATCAAAAGAATTAGCCTGAACAATCAGCTTGGTTCGGCTTCAGGTTCAGGTTCAGGCTGGTAAATCGAAAAACCCTGAGGCAGGTTGCGCTTGGTCAGAACATTGATCATGTTCTTATCACGGCAGGATACAGCGATATCCATTTTGCCATCCTTGTTAAAATCCCCCACCACTATACCCTGAGGATACTCTTCAACACGATGCTCCTTGGCCGGATAAGTGAACGTTCCGTCACCAAACCCCAGCAAGACTGAAATCGTATCATTAGTTGCATTTGATATCGCAAGATCCGGAATATTGTCACCTGTAAAGTCATAGGAAGCGACAAACTTTGGAAACTCCCCGGCAGAAAAATCTTCAAGTGCCTTAAAGGTACGATCCTTATTGTTGAGGATCATGGTGATGGCATGGAATGAGTTGCTGGAAGTGAGCAAATCCATGTAACCGTCATTATTGGCATCAAGGTTAATTATCGTTAGCGGCTGCCTTCCTCCTCTAAATAGATTTGAAGGCAGAAATTTTCCTCCGCCTTTACCCCAGAACAATTGGATACCCGTTTTCCCTGTCCCGGCCAGAGCCACCGCCATATCCAGAATGCCATCGTTATCATAATCACCGGAAATGATTCCTGTAGGCTGCCCTTTGACGGGGTGATGTTCTGGCTCGCTGAATAAACCGTTGCCCTTTCCCCACAAAAATGCCACTTTGTGGAACCGTAGAGAGACCACCAGATCCGTCAGCCCATCACCATTAAAATCCGCCGCGGTAAGATTGATTGGAATCTTTCCGGGTTTGAGGATTTCTCCCGTATCGCGGAAAGAGTTTCCTGTATTTATAAAAACGTGAATCGTCTGATCCTGGTAATTCAGTTCAGCAAAGTCCGGAAGCTTATCGTTGTTGAAATCTGCAACCGCGATACAGATCGGGTCTGCTCCTGCCTTGAGCTTGATTCCTTCCTTGAAAGAACCATCCCCATTGCCTTTTAAATACGACAGGGTATGCTCAGCGCTATTGGCTACCAGCAGATCCAGATTGCTATCATTATTAAAATCATCGGAAACGAGAAACGAGGGTTCCTTTCCGGTATCCGCTACTCCTGACAGGAGAAACAATCTGGGAATTTTTAGTTTCTTTTTTGGGGGCTTGGAATCGGAACAGGCCAAAAGGCTGAGGCCGAAAATAAGCACTGCGAAAGATAAAAACAACTGTTTAATTTTCATAGTTTTGCCTTTGGAAAAGCAGGAGAATATCATACCGTTCGCCACTTCACAATATGGATAAGAAGCACGCTGTTCCGGGTTCTGATCCTGCTTCCCTCTGTTCGGAGATTGCGTTTATTTATCAGCATTCACAGCCTGTCGATAAAAATAATTGAGCATGCCCTTGAAAATATAGGTGTGGAAGCTTTGCATGAATCCCCAATATAATTGGCCCCAGAAACGGTACGGAATAAAATGAGCTTTCAGAGTAAGACGGGTGCCACCAGAGGATAAAGGTACCAGACTGAATTGTAACCAGGAAAACCCAGGCGACATCAACTCAGCTCTCAATAATAATTCCCTTGGCGGCTCCAGGATTTCGACCCGCCAGAAATCCACAGAATCTCCCAATCGCAATTCCTGGTCATCACGCCTGCCACGATGCAGCCCGACCCCCCCCAGGAGCCGGTCAATCCAACCTCGAATTTCCCACAAAAAGTTTCCGTGCAACCAACCATGCTTTCCACCAATCCGGCACACGATATCGAAAACTT
CP048685.1_gap3	257827	260165	2338	TTATGGGCAGCAATTTCACCTGTAATTTTAAAACCTTCTGAAGAAAAATCCAGTTCGCGAACATCCAGATCCAGCCTTTTCTCATCGGGCCGGTTAACCTTAAGAACCAGTGAAGCGTGGAACTGCAGGGGTTCCGCATTAGAATCACTAGTTGGGAACCATAATATTTTTGCATTTTTAACCCGGACCGTCTCGGCATTCAGATGCAGCCCCATCAGCAGGCGCTTCATGGGGCCAAGGCCAACGTGGCGGGGGGTGAGCGCGCTGACTTGGTTTAACCTGGATGAAGAATCTTCCGGTTTAACAGAGGAAACTTGTGGTTGGATGAGAAACACTGGCTTTTGAATGACCGCCTCTTCCACTTCGACCTGCTTGTCCAGCAGTGGAGCCCACTTTACCCGCAGGAACAGGGCTTCAGAGGAAAACAGGGTGCGCTTTCCCTTTTGTGAATAGACAGAAACCTCGCCCGCGCGCAAACCCATTCCACCAGACCAGTCAAGATCCAGGGACCCAATATTCACATCAAGTCCGGAAGCGTCTGAAAGGGCTTTAGTGATGGGCTCCCGCAGTGTGTTTACGTCTACTGTCTGGATGAGGACAAAAATCAATACAACCAGAACCACGAAAAAAATAAAAATGACTTTAACAAACCGCTTGAAAAAACCAGGGGAGTTGTCGGGTTCAGGGGTATCGGTCGGGGCAGGAAGGTCAAGTTTCATACTCTTCAATTATACAATTAAAACAATACGTTATGTATACCCCTTTTTTTATGCTCAAAAACCCATTAAACAAAAAAAAACGGCCGCGGAAAAATCCGCGACCGTTAAAACAGGAAATAATTCCTGGAAAATACCTGTCAGCCTAAATTTTTTGAGTCAAACCCTAGAAATTAAAGCCACCATGGCCGGACGCGACCATACAAGCCAACATGGGAAGGGAGAGCCAGGCATTGGTCCGGCTGGCCAGGAATGCGGTCCGCTTGGCTTTTGCCAGTGCGTCACCTTCCAGTTCTCCCGCGATGATCTTTTTCTGGTTGGGCCAGATAATGAACCATACGTTGAACCACATGATAACTCCCAAAAACATACCGATGTGGATTATTCCTTTTACTCCGCCACCCATGATGTAGTAGATGATGCCGAAGACCAAGGTTCCCATGGCAGCCCATCGGAAAAGAAAGAGAGCCTTGGGTACAATGATTTGTGTGTAAGGCTTCGCGGCTCCCGCTTCGGTCATCTGAGGCATGGATTGTACCTGCACCAGATTAAAGAAATACAGAAGGCCGATCCACAGGATGCCAAAAAGTACGTGAAAAAATTCAATGAGCCACATGAGGACCCTCCCCTTTCGTTCAAAAAAATCAGAAATTGTTTGGTTTATCCGGCAGGGAGCCGGTTGCTGAACCTTGCGATTTAGATGGGCAATTGAGGTGCAAGGATTCAATTTTTCGAAGAATTAATTGCCGGAAAATGATTTCGGTGAAGAAGGTGCTCATCCCAGGAACCAACGTACCGCTAAAAGTACTGATGCAATCAATAATATAGCCATTCCGCCCAGAATCCAGTTATTCGCGAGTCCCGTACCACAGGTTTGTTCTTTTGAGGCTTCCTCTATTTTAGTTTGAGGTGAGTGTATTGCCTGTTCCGCCAGTTTTCGGGCCATTTCCGAGTTTTCACGGTCAAGAGCCTCAACTTTCTCCTCCAGTCTGGATATTCGATCGCGGAGTTGCAGCCTTTCCACTTTAAGAGATTTGGATTTAGCGATCTCACGCTCCAGCCGCTCTTCCGGTCCCATAGTGATTCCGCCGGGTTCATAGTCCCCGTCCATCTCATTTGACATCGTTATAGCCTCTGCTGAATGCGGAGGTCATCCAGTCTCCTTCTGAAACTGATCACTGACAGCATTCAGGCGTTCCAGTTGTTCTACACTCAAAGTCAGATCTCCGGCGGGGCAAACTTCTTCAATCTGTTGCCATTTTCGAGATCCAACGACGGCCGTGGTCAAATTGCTCTGGGCGATGACCCAGGCTACCGCTACATTAATGGGAGAAGTGTTCAACTCCAGTGCGATTTCGGCCAGCAGGTCTATTGCGGGCTTCGTCCTGGAGAAATAAGGCTCCTGATATAGAAAATATTGCTGTCGAGTCGGAGGTCGACGGGCTTCAGCATCGACACGACCGCCAAACAGGCCGCGCGCTGTGGGGGAGTAGGCCATGTAACCCACTCCCGCCTTTTGGCATATTTCTATCGTTTCCCCTTCGTATTCCCTTTGCAACAGGTTGTACGGCACCTGGTTGACTGTAAATTCTGATAGCCCATTGCCGAGGCGTTTCAAATCC
CP048685.1_gap4	349163	351092	1929	GTCGAGGACTACGGTGATTTCCACCCGGGGAAGAAACTGAGGCAACACAGACCCATTGGGATCGGATCCCGACCGCATCTGGCTCATAGGTTTGCCAATTCCTTTAACCTCTGAAACAGACAGACCCGGGGCGCCCAGTGCGAACAGTTTTTCCCGCACAGCTTCCAGACTTTCATATCGAATATAACAACGAATCATCTTCATAAGAGTAAATACTCTAGTCGAAAAAAAAGGGCTTTGCAAGCAATGCCTGCAAAGCCCAGGAAATTTTTGTCCTACGAAGGAAAAGGTTACTATTCAAAGACATCGGCAGCCTTTGATTGAGCCGCCCTTGAGACTCTGAAACCGGGTCTAAAAATCAAAATCCTTACCGGCCATCACGGCTTCCTCGACAACCTCTAAAAGCTTTTCACGATCAACCGGCTTGACCAGATAATCCTTCACTCCTTTTTTTAGAAGGGAAACGGCGAGTTCTGCATCCGGATAGCCAGTCACAACAATGACGGGAATACCTGCTGCTTCTTTTTTAAACACCTCTATCGCTTCCACACCATTAATCTTTGGCATCCTGATGTCGCAAAGGATAGCGCCTACATTGACAAGATTGTCACCGCTTCTTAGAAGGGATATCCCTTCCATACCATCAGTCGCTTCAATTACATGAAATCCGCCTTTTTCAAGATGAAGCCGAATCACTTCTCTTACATCTTCTTCATCATCAATTACTAAAATTTTTCCTTTAGCCATTTTGGGCCTCCTTCCGGTTTCAAAGAAAAACCGATTTCTGTTTTAGGCCACCCTGTTGGTGAAGGATTCTCTTCTAACCAGAACCCCTCCCATGGGGTCTTGAAATAATATAGGCACCTTTGTTTTGATCCCGCCAGTTTTTCTTTAGTCGAGTTAAATATCTATCTAGTTTCATTCAGCTATTATTTCCCAAGCTGTTGACAACCGCTTCAAAGGTTCCCAGATTAATTAGTCAGGTAGGGAAAAATGATGGGAGTGCCTCATGAGCGCAACTCCAGAAGGCGACGGAGCAGGGCATCTTCAGAAAACCGGACTGGTCGCCAAAATTCTAAAGATAATCATCGCAGTCGGAACTATCCCCCTGGTTCTGGCGATGGTCCTGGCTTATCTTCAAGGCAATGAATCTCTGCGCGGAGTGATAGGCTCAAGTTTTAAAGCGTTGGCATTTAGTAGCGCCACACAGGTTGACCGTGATCTGGAGGAAACGATTAACCGGATCTCTCAACTTTCCCGGCACCCTACCTTGAATCTGGCAGTACGCGAAAGGAATCGCTACCTGAAGTCAACAATCATTAGTGAGGATCTTGAAAAAAAACAATCGACTGAATGGAATGAAGGAGGCCCCATTCAGCAGGAAATTTTGAACAATGCCGGCAGTCGGGTTCTTAAAGGATTTTTGAAACAAAAGCATCCCTCTTCTTCTACGATCAAAAGTGTTTTCATAACGGACCTGCGAGGCCAACTTGTCGCAAGTTCAAACACCTACCCTCAATTTTCCAACCAGCTGCGAAATTCCTGGATAACTATTGTCCGGGAAAATTCCTCTGCCATTTTTTTCAGCGATCTTGAACGCGACCCGAAGCTTCAACTCCACACTATTGAAGTAGCTTTACCGCTTTTGGACCATTCCGGGAATATCCAGGGGGCCTTCCATTTTGTTTTTGATGCAAAAGCCCTATTCTCGCCTTCTATCAAAGACATCCGGTTTGGGGAAACCGGCCACGTGATGTTGATCGACTCGGAAGGGGTGGTCATGTCCTGTCCAATACTCCCCACAGGGCACAAGCTGGACAGCCCGGCTCTGGTCGAGGCTGTAACCGGTCCCGCTCCAGCATGGGTTGAAACCGAAGGTAACGGGCATGGAAGCCCGGAGCTTTCAATCATCGGTTTCTCTCCCCTTTC
CP048685.1_gap5	400887	403502	2615	AGGAGTTCATCACATGGCAAAGCAGATTGTATATAACGAGGAAGCCCGCCACAAAATACTGGCAGGTGTCAATCAACTCGCAGACACGGTTAAATTGACGCTGGGACCGAAAGGCCGGAACGTCGTTATCGATAAGAAATTTGGCTCCCCGACCATCACCAAAGACGGTGTGACCGTGGCCAAGGAAATCGAACTGGAAAATCCTTTTGAAAACATGGGAGCGCAGATGGTAAACGAAGTCGCTTCCAAAACAAGTGACAACGCCGGTGACGGCACCACCACAGCAACCGTTCTGGCCCAGGCGATCTTCCGCGAAGGCCTCAAGAATGTGACCGCTGGCGCCAATCCGATGGACATCAAGCGCGGTATTGAAGATGCGGTTGAACTCATCGTTGATGAAATCCACAAACAGGCCAAACCCACCAAGGATAAAAAAGAAATTGCACAGGTCGGCACCATCTCCGCTAACCACGACACGGCAATCGGTGACATCATCTCCGAAGCGATGGACAAGGTTGGTAAAGACGGTGTTATCACGGTTGAAGAAGCCAAAGGTATGGAAACGGCTCTGGAAATCGTTGAAGGTATGCAGTTCGACCGCGGTTACCTCTCCCCATACTTTGTTACCGATGCTGAGCGCATGGAAGCTGTCTGCGAAGACGCTTATATCCTGCTCAACGAAAAGAAACTCACCAACATGAAGGACCTGCTGCCGGTTCTTGAAAAGGTAGCCAAAGCTGGCAAGCCCCTGATGATCATCGCCGAAGACATCGAAGGTGAAGCATTGGCGACTCTGGTAGTCAACAAACTGCGTGGCACCCTGAATGTCTGCGCGGTTAAAGCGCCTGGTTTTGGGGATCGCCGCAAGGACATGCTCAATGACATCGCTATCCTCACCGGGGGTAAAGTCATCACCGAAGACATCGGTGTAAGCCTGGAAAACATCACGCTGAATGATCTGGGCCGCGCCAAGCGTATGACGGTTGATAAGGAAAACACCGTAATCGTTGATGGTAAGGGCAAGCCTTCGGAAATCCAGTCCCGCGTTAAACAGATCCGTACCCAGATTGAAGAGACCACTTCCGATTACGATCGGGAGAAACTGCAGGAGCGTCTCGCCAAACTGGTCGGTGGTGTTGCCATCATCAAAGTCGGGGCTGCGACTGAAACCGAAATGAAAGAAAAGAAAGCGCGCGTTGAAGATGCACTGCACGCGACACGTGCCGCAGTTGAAGAAGGTATCGTGCCTGGCGGCGGAATTGCTTATCTCCGTACCCTGCCTGCTCTCGACAAACTCAAGGGTGATCACGATTACCTGCTCGGAGTCAAACTGATCAAACGCGCGCTGGAAGAACCGTGCCGGCAGATCGCGACCAACGCAGGCCAGGAAGGCACTGTTGTTGTTGAGAAAGTTAAAACTCTCAAAGGCAACCAGGGCTACGATGCCAAGAACGACACCTATGGCGACATGATTAAAGCTGGAATCATCGATCCCGCCAAAGTGTCCCGTACCGCATTGCAGAATGCATCCAGTATTTCCGGGCTGCTTCTGACGACCGAAGCACTCATCACTGACCTGCCTGACGAAAATGAAGGCGCTGGCGGCGGAATGCCTCCAGGAGGTGGCATGGGTGGTATGGGCGGAATGGGTGGCATGGGCGGCATGATGTAATCTGCGCTCCATAAAGTTTTACCAGAACCCCCGGTCCACTTGGGCCGGGGGTTCTTTTTTTGCACAAGGTCACTCCTACCCTTTAGACATCAACCCCGGCTTCAATTCCCCTTTCAAAATCATGTGAACATACTTGTCTTAACCAATTAAAACTCTATCTCAATATTGACAAACCTACCTATTAGTCATAGTTTTCCCTGTAACGCCTGGGGGCGATCTATTTTCAATCCTATTTTTCTTTTCTGTTTCCTTTGAGGGAAGGAGTCTGTCATGAAACGAGTGATTCAAACTGGCATGGCATTACTGGTCATGATTTTTATAACCATGCCCGTACAGGCGCAAACTGTAGAAGAGCGATTAACAGCTCTCGAAACATCGATGGCCAACGTCGAACTGTTATCAACCCAATTGTTTCAACTATTCTCAGCTTTGCAACCGGACATCACCGCCATCCTGAATGCCCTGGCCACCCAACAGTTGGATGTTGCCACCCTGCAGGCCGCGGTCACTGACCTGCAAGCTAAAGATGTGGCCCATGAATCTACCCTGGATGCCCTTGGAGATTTAACCACTGATCATGTTGGAGATATCGCAGCGCTACAAACAAGCCAGGCAACACAGGACACCAGCATTGCTACACTGGTGAGTAATGACAACACCCAGGACAACGATATAACCTTGTTGCAGACCACTGTAACCAGTTTGCTGTCTGAAAACACCAACCAGAACACAGCGATAACAAATATGCAGAATACGCAAGCCAGCCTCGACACTGATGTAACTGATTTAATAACCCGCTTTGTCGGCGTATCCCGCACCAGCGATACCTTGCTGTTCACAGATATGAATCTTCAAATTGTCTCGGGTTCTGGTGAAACCAATGGGCCGATTAACGGACGCGGTAACGTCATTATCGGATACAACGAAACCATCTTCCCTTATC
CP048685.1_gap6	432646	434406	1760	CCCGTTTGACGCAGGCTTCCAGGTTTGGAAGGGTTTCACAAAAAATTTCTCTTCTTTGGACGAGGGGATTCATGATCCCCAAATAGCAGTCTTGGGAGTTTTGTGGGAGCACTCCATACAGCCGGGAACCTTGAAAATCTGATGCCTTTTGGGAATGGGAGAAAGCCCACTATATTCATAAACCCCGCCAATCGTCTTTGGTGGAGCGATACCTGTAAGATATCGAGTAATTTCCAATACCATTTCCCCTGCCATAACGGATACAAAGGGATCAATATTCTCAGATATCCCGATATTGATCTCTCGTTCCTCTGAGTTTTTTATATCGTTTAAATGGGGGAGAGCCTTTTCGTGGGCAAAATACCTGGATTTCAAGCAGGCAATGCAGGGGCTTTGAAAAGGGATTACCATGGGGCCTAACAACGCCTTATCACTTTCGATCGCCATACAACAAAACTTGATCCCCATGGCATGGCAAAAAGAATTGATGTCGGAAAAAAGTTTAAAGTCCAGCTTTTCAGAAACGGGAATTAAAAGATCGATATTCGTTTCTTCAAAATCAGGTGAACTTGGTTTTAGTTCTTCGAAACTATTAAAAAAAAGTGCCTCTTTAAACCCCATTCCTGTCAAACAAGCGTTAAAATTCTTCTGTAATTGAGGCTGAGCAGTCACTACAATTTTTGCAGATCGAATTTTTTGGAATGCCGCCAGAGGGGTACTAGTGAAACGTGAAAGAAAATTTATCTGAGAGGAAAAGGGAGCCCAGTTTTCTTGCTGAGTTTTTTCTGGATCCTTGTTTTCGTGAATGAGTCCGTTCGCATACAGCGTTTTTAATAAAAATTCAATTGTAGTGGGACGAAAGGAATCACTCCCTGAATCCAAAATATCATTCAAAGAGTGATTCCCGTCCAATTGGGTGTGGATTTTCTTGAATACATTAAAAAACAGTTCATTTTCCAGCGTAAAAATAAAATCATTTCCTCTGAACTGCAGGCGAGAATCCCCCACATCAACAACGGAAGCCCAAGCAGCCAACTTGGGAATTCTTGGCAACTGTACTTTTAAATTATCGAGAATATTAAGTACGGTATCTTCCATTGCCTGAAAAGGACTGAGAGGGAAGGTAAAATTAAGAACCTCATTTACCTAGATTGTAAATTTTACGCGGGTGCAATACAAGTACAACAATAGGCTGTGGGTCGAATTTCCTTAATTTCGTGTGTAGCGTCCCCATGCTTTTCAAAACCATTCAGGTATTCTTCAGAAAGCTGGTAGTCCTGCATAAGCTTTCCTGGATCCTTGTAAATGGAATTTTTGTAGTCCTCGTCCCGGGACACTTTTTCAATGGCATCTTCTAATAAAGTCGAGTTCATGAATTCCTCCTAAGCAAAGTTAATAAAAATAATATCGACTTATCTTTACCATTTTAACACGGATTTAGCCATAAGTTTTTAGTTGCAATTAATTCAATAAGTTAATAATGTAGCTACATTCGCCTCCGAAGGAAAAAAATTTGCTATGCTAAAATATTTAATTCGGATATTTAAATATTGGCTTGGGAAATTTCGGTTTTCAACCAAAAGTTTTCCTAAAGCACTGTTTGAATTTGCACTCCTCTCACTCTTTCTTACTTTCCTTTGCGTATTTTGCACTACAAAGTTCTTAATCGCCGAAGAAAACTTCCAGAATTTATCTGAAGAGGAAAAAAGAATTTTGAACATGGGGATCCAGGAATTACTCCAAATGGACGTCGTGGTCAC
CP048685.1_gap7	443489	448066	4577	CCAGAGACTCATATTTCCCCCCGGCATAAAATGGAGTAAAAAACAGAAAACCGGGCGTTCTTTTTTCGTCTTGAACAAGAACAATGGGGCCTGTTATCTGTGCTTCCCCTGTGTCACGTGCTTTTTTTGCTGCAGTGTAACGATTGGTCTCGTGAACCATATCAAGACCAACGGCTTTAGAATTATTCTCTACGGGTTCAATATAGGTTATTGGGAAAAACTCCTTTTCATCATGAGGAGGGTGAATATGGAAGTCTGGCCGCTCCATTCTTTGCTTCTCAAGAAAACCTTTTAATTTATGCTGTGGGACGTAAAAAATCACACCTAGACCCAATACACCAGGATATTTCACTTCCACACCAAAACTTTGCTCAAAAACTCTCCACTCGGCCGCAGAAATATCACCCCCCTTTGCCTGGATAGCTGAAACTCCGGCCCACAGCGCATCTTCATATTTCTGCATTCTTTCTGAAATCAATTCTATCGCCTGCTGTGATTCCCTGCGAAATTTGCCTTCAATTTTTTCATCAACCTGGGTTTTGGTAAACCACCAGGCAAGCATCGTCAAAATTATTGACAAGGAAACGATCACCCAGTGAAACCAGTGAAGGTGGGCATCTATTTGCTCTGGACTTTTCAATTCTTCACTCCATCAATAAAAACCTGCATTGGAAAGAAGCAACCCCATCCACAGCCAGTCGCAGACAAGTCCCCTCCAAATCTTTGATTCTTGCCTCCAGACCAAATCAATACTTTTTCAAGATTTTTATATGGGCCATCACAACATGCCATCACATTTTACTTTTCCAAAAACTACTCTTTAAATTTTTCAATTTATAATTTTTTAACCACTTGAATAATTCCCAGAACCAATAAAATATTGATCCTTATTCTGAACTTAACTCTTAATTAAAAGCTAAGGGATGCCTCATAAAAAGTCCATTTTAAATCCACGCCACGCCTTACAATCAGGTATCTCCGTACCACGAAAAGACCGATGCCCCCTATTCAATTGAAAACAAAGTGTTTAGCAACACTCCACACGAACCCGTCTCTATCTCCAATAATTGATTCGACCCCGAAAAAAGCCCCTTTTTTCCAACAATAAATGTAAATATTTTTAGCTGCATTCAACGATGAACGGAAAACTCTTTGAAAAAATAATTCAGGGTTCCTCAATCTGTATCAAAAATTTAAGTCAACGAAAAGATAGGCAACCCAATCATCCTCTTTTTATTAAAAGCAGGAACAAAAGGTTTTTTAAAGGTCATTTTAAGGCTTGGGATCCCTTGCTTTATACTGGCCTATATTTTTTTAAATAAAATATTCAGGTGAACAAAATCTTTAAAATACCAGTCTACTGGCTCGACAAAATTTAAGAAAAAAATATCTTCTTTATATGCAGATTCGATTTTCTCGGCTTTCGGATCAAGTCAATTCATTGCAAGGCCTGAAATTTGATCCACCCGAATCATTACCTGATCATATTCCCGGTTTTTTCCAACTATTAATTCTGTTCCAATTAATTCAGTCACAACAACCGCAACACTCTGACCGGACAGGTAGATGGTAAGCCCTTTTTTATCTTTCTTGCTCTTTTCCGCCATGGCAATAATTTTATCTTTTACTTCTTTTGACATAGTCGAAACGCATTTTTTATCCATTGAATAAACTATTTGCGGTGCTCCGAATGAAACCATCCAGGCAAGAGCTACAGTTAATATCATGCGATGCATTTTCATAATGCCTCCAGAGTGGAATTAATATTTCTATTGGTTATTTTCTACCACGGGCTGATTCCAGATACACAGGATTTCGTAATCTGTTGATTCCACCTAAGGGCTGATGAGCCTCCAGTGAATGCCAGGGATTAAACTCCAATTCTTCGCAAGCTGTATTAGCCGCCGGCTTATCAAAGTTTTGCACCGGGATTACAATTTCAGCGACCTTTTCATATGGCACCCCTTTTTTCATCTTCCCTGGAAACTCCCCAATAAGCGATTTATCCTCAATCCATTCAAAAGTAGCATCTTCTATCCCCAGATCCTTTTGGTCTGTTGGCACTTGCAGCAAAAAGTCGAAACAAACCCTCTTTCCAGTATTTAAACCAAATTGGTTTCTCATAGCTTCCCGGAGGTAATCCGGGGATTTCCTGCATTGTTTGGGTTTCGCCGAAAATTTCATTACCTTATCAGGCCCCAAAAGAAAAGGAGATGCTGAAAAATATTGCGCATCAAATGGACTTTCCATTTTCGCCTTAACAATTGAACCAACGATTTGCCTTTCCCGCCCTCTTAGCTTGGAGTTTTCCGGCAGACCCTTTGTCACAAATCTTTTCACTGGATTGACCGCATTTCCTTTTAACTCTTCAATTTGGAAGTTTGTGATCTCAAGATAGTCTTCAATATTTTTGATAGCAAAAACAGGCTGGTTGATCATCAGAAAATCCTGGGTTCCTTTATGGTTCGGAACCTGGATTACTTTCTGCCTCGTAATTTTTTCAACATTTGGAATCTGGATGGCCATCCCTCTGCTTCTGTTCGCACCCGTAGCGGGGTCCAAATCCGGGTTGACCACAGTGGTTGCATTTGAAAATCTGATTTTCACATTCGGATAGGCGACTCCAGGCCGGGAAAAAAGACCTACTTGATATTCTTTTTTTATATCCTTGTTGATGATAAAGACCGCGTTAACACACCCATGCGCCTTTGGATGAACGTTCCTGAGCTTTTTCTTGTCTTTATATCGTAAACCTTGCAATACCCCCTGAGCTTCCACAATTTTTTTAATATTTTCTTCTTCCCCAGCTGCAACAGTTTCGTGCCTGGTGGGTTTAATTTTATGGGAATAAAGTTCTGCTGCGGCCCAACCTGAGCTGAGACCAATAACGGCCAGCCCCACAAAAACCGAAAAGAACATTTTGATTGTTTTATTAAACAAGGTCTGTCTCCCCAAGAAGAGTTATTTTTTCCGACATCGCTATTTCTGATTCGTCAATTCATAACTCCAACAACCTTTCAACGGCCAGTTGAACGCATCCCAAAACTCTCAAGCTTCACAATGTTTTCAGGTACTCAACAAGTTGCCATCTTTCCTCTTCCTCCAGACGGGAGGTGAAGTTATGCCCCGTGTTCAGGTTACCCTGCAATTTCGTATCAAACGTAAAGTCATTCCCACAACCTTTTTGAGGATCGGGTTTGTATTTAAAACCGACATGGACCGGATCAAACTCTCGACTGCCCACGCAAAATTCCGAATCCCGTTCACTTTCTTTTAGTAGGAGCTGATACAGATTGGGCACGGAACCATTGTGAAGATAGGGAGCAGTTGCCCAGATCCCGTTTAGGGGACGCGCTTTATACACCAGAACCTCTTTCAGCATGGCTTTTTTTATTTCTGGAGTCGCCTTGGTACAATCAACCGGTGCTTCCGGATCCTTGGGGTTTACTCGATAGCCGGTATATTCCAGAAACTGTTCAGGAGGGAGTTTTAACAATTCCGGCCCGACTAATACCCGGATAAATTTTCCAAGGACCATTCCTGCCGGAACCTTTCCGCATTCAGCTTTCCATTCCGGCATTAATGCTTTTACTACGGGACCCGTCTCAAAGAACCGACCAGCAAAGTTCGTAGCCATCCTCGGATCCGTTCTCATTTTTTCAATGTAAATTCCATTGGTTTTAATGAAAGTTTTTCCCGCAAAATTTTCTTTGGGGTCAGTCATATTTTTACTCAAATCATTGGCGTGACATCCATTACAATAACGGTCATAAAGCTTTTTACCTTTCTCCGCTTTTGGCCTGTCAATTTTTGGCAGATGCTCCTCCGGCCATTTTGGCGATTCCAGTTTCACCAGCCACTGCTCCAGATTAAACAAGTCATGCAACCGTATACTCGATTTAAAGGGAGGTCGTTTAGATAGCTGTGGGGTTATTTCTCCATACACACCAACCACTTCTCCCGCGTTTCTCGCAATCGGGTTGTCAACAGACCTGTTCCATTGAACAAAATCCAGTTTTGGCGCATCCCAGATAAAAGGATAACTGACCGGTGCATTGGCTGGAAGAATATCCTGAGGTTGCCCCATATTTTTAGCGACCTCGTTTATGATCGCGCCAAATGCATCCAACCTGGCAAAACCGTAACGCAGAGGCGAATGGTTTCTGCGAACCAGTTCATTGAAACCTTCCGTGAATTTCTTTAACTCCTCTTTGAGAACAGATGAGTCTTCCCTGTTTACCCTTTTGGCAAAACGATCAAATTTCGCACTATCTGCCACAGTTGCATTGAGGGCATTGCGTACTTCTTCCAGGAATCCCTGAAAATCAGCCATTGAAGGACCGCCATCAACCCGAATGCCGACGCCTTTATAATTGACTTGATTGGTGTGGCAGGCGGAACAATTGAATCCCATCCAACCCTCTTTATCAGGTGCTCCTTTTTTAAAGGGCGGATCTTTCACAAACCCGACTGGCAGGCCATCCGGATTTAGTTGTTCATATAGTGCTCCATCTTCTTCCGGTTGAGGTCGGTGTGTCAGGAACCGCAAACGGTTCATGTTGGATGGATCTCGAATT
CP048685.1_gap8	451968	454963	2995	AATTAAGGAGCCCGCATTTCCCTTTGACAAGCTCAGGATAAACACCGTGAAGAATCTCGCCTTTGCTTTTGATCTTCGAGTTCTGCAAAGGACTCCCTCTATTAGACGCCCTCAAAAATTCACCGCGACTCAAGTGAATAGTGGTTTCCCAGGAAAATCTGGCCTGCTGTTGGATTAGATGCATCTGCACCCTAATTTTCTTCTGGAGTTTGCATTATAACCGTTAAATTTGCCACCCAAAGCAAAATGAACCACCGATGGAAACCACAAACCCTTTATTTTTATTTGTGTATCGTAAACACACAGGATGCAAGGAAACCGCACCCGACCTACTGATTACAAATATTCAATTCAGGTTTTTGCTTTAGTTCCAGATTCTTCCTAAATCATTTATATTGTTCAGCTTTTGGAATCTCACCATTTCTCTATAGTTCCGGGAAATGATGGGAGATATTGAAGATTTCCAGGCAGGATTACACACGAATTACACCCAAAGATGGAGCTTCTTCCCCCAAAAAACAAATCAAAGTGGGTGCATCTAAGAAGAGAGGCGACAAAAAAGAAAACCAGGATGCGCATCAACCAGCTCCGGCCTGTTTAAAAGAAAATAACTTCCAGTAGACAAGTCTATTGGGAGCAAAGGATTCGTTCGTCCATTGACACGGAGCCTGCTAATGGGTGATCCCTTTGCTTTACATTATTTATAGAAAACAGATTTTATAATTTTTCCGGTCTTAATATCAATTTCGCATTCATAGGAACAAAATGAATACGCAATCAAAGAAAATGTCCAAGGAGACAATGTATTTCTTTTTTTCTTGATTTTATAATAAACATCCGCTTTTTTTGAAGTCGGCAATTCTGCCACCCACAATTGTTTACCCTCTAAATTGTAACCAAATAAGTTTTTAAACTGCTCTTCTTTTCCTAAATTTTCATTTGGGTCCAATAAAACTACAATTACATTTTTAACAATAAGAGCCTGCCTGACTTTGTATTCACATTCAATTCTTAATTCTCCATTAGAAACGGTATTTCCCTCTAAACTAACTCTTGTCATCGAAAAGGTATCCCTTTGCCAAAAAAGTTATCATCAATCCGATCAATAAGCTGGAATTGCACTTATGGGTTGAATTCGCGATTTTGATGAATGGTAGGTTGGCCCTAACCGCCTAACCCAAAGCAATAGAGATTCCTGGACCTTAATACCTCCTCCTTAATTATCAAAATTTAAGATAAAATCCTAATACAACAAATGGATTAGTTTTTGATGGGAAGGTCAGCAGCGCAACGGAAGCCAGTGCCGTCTAGACGATAGTCCGTTTCAAATCCTTTGCGCCAGGCCGGACGCAGGCTGTTCGAGTCTGTTTGCCAGGCTCCGCCTCTAAAGGTTTTTTGAACTCCTCCTCCACGTCGTTCAGAAGGGTCAGAGCGCTCAGGCCCCTGAGGGTTGTCTTTTGGACTATTCTTGTAGTATGCAATCTCGAACCAATCTGACACCCATTCATTAACATTGCCGGCCATATCATGGAGTCCAACCGGATTGGCCGGGAAGGAACCTATCGGAGCTGTGTATTCGAATCCATCCGAACTATCTTTAAAACGAAGGTTGCGGGAACAGGAACTGTCACAAAAATTTGATCTTGAGGCATCGAATTCGTTGCCCCAGTAATATTCTGTATCTGTTCCGCCACGGGCGGCATATTCCCATTCTGCTTCTGTCGGCAGACGTTTACCGGTTTTTTTGCAGTATTCGTCTGCTTCGTGCCAGGTAGCCATTTCAACTGGCCGATCGGCACCTTTAAACCGGGAAGGATTGTGCCCCATTACCGCCTGAAAATCAGCCTGGTTCACTTCAAACTTATCCATTTTAAATGGTTTCAAACAGACCTCATGGACGGGCATTTCAGATTTTGCATAATTATTGCTTCCCATCTTGAAACAGCCGCCCTTAAGCCTCACCATTTCCACAGGACCTTTTGTTTTGGCTTTGCTAATTAATATATTTTCAACTTTGGCATGCAGTTCCTGCACATAAGCATAGACTCTGGTAGGAACCCCTTTATATTGAATTTTGGTAGACTCGTGTGGAACCAGGAGCATTTGTCCAGTTTTAAGATTGAAGAGGCGGTAATAACTATTAGATTTAGAAGCCTTGCCATCCATTAATTTCTTTTCTTTATTTATCTGGCTGTCAGCAATGACGACTTTTTCATCAACAATTTCTGCTTCGAACGGTTCCGCCCCCCCCTCCACCGTAACCATTACTTTATTTCGCTTAATCACTTCTTTGGCTAAAATACGATCCACCAATTTCTGGGTTTCTTTGTATTTTTTCAGTTGAAACTTGACCTCAGCCAAAGAACGCAGGACCCGCCAGTTTTCAGGATCCATTTCCAGGGCTTTGGCGTAGTGTTTTTCCGCCTCCTGAATTTCTCCTTGGGCCAATTTAAAGTCACCTTTAAGAGTTTCATCTATCACGCTTGCAACCCCTAAAACCGGGTACATAAAAATGCTGAATATAAAAAGAAAAAGTATATTTTTAAAGAATGAAAAAGAAATGCCCATCATTATCCGGCTCCTATGATCTTCCATTTATTCTATTCCTTGGGTCAGGTTATTTTGTGTAGCCCACTTAATTGAGGGCCGAATCGGCATTCAGCTCTTTTAGAATAACACCCAGTGTTTCCTCAAGCTACTTAGCCACAAGAGTAAAATGCTAATTAAGAACCACGCCCTCTTTTCGCGCGGCCAACTCTTGCGCCCAAAAACACGTCAAGTAAACATGGGTTCCTGCATTATCCAACGGTCCAGGCTTGCGACCTGGCAATTTTATCTTTTCCATCAATTTTCCGGCGGCCCGGTAGAACGCATTTTCGAATACTCGAGCCTTTGTATTTCCGGTTGTATTGCTCAAATGCTAAGGATTCCGAAAGAGCCAAAATTTCTCCAAAAAGTTTTCAGAAAATACCAAATCAGAGCACCCGCCAAAATA
CP048685.1_gap9	460379	461497	1118	GGTGTACAGGAAGGCCATACCGACCACCACGCGCCAGCCTTTATCTTCAACCCAGTTTTTTTTGATCGCATACCACAAGCCAAATCCAAAAACAGGAACGGCAAAGCCCACTGCGATCGCAAAATGTACGGTGATTGGATGGAAGGGTAAATCAAACATGGTAATCTCCTGGTTCAGGTTGTTTTCCCCAAAGTCACCCATTATTGTTTAAAAGAACATCCGGGCTTTGACCTATATTATAAGTCTTTATTTATAGTGGTTTACAATTGGTATAGGGGTTATGGACGATCCTAAAAAAGCTTATAAAGTTCTCCTCATCTTTTCCAGTGCTTTTTCCATACTGGTTGGCGTTGACCTGATAACTGATTTTTCCTCAGGAGGAAGCGGTTCTCACTTGATCGTTGAAGGGTTGCTCCTCACCATCTCAGCCGGGTTTTTCATTTACGGTGCGCGACAACTTCAGCAGGCCAATACCCGAATCCGCTCTCTCCAGCAAGACATGGACCGGCTGACAGCGGAACAGGAAGTCGGGTTTTTCCTTATAAAAGGGTTCTCGCTTAAGGAAATCTCTGACCTGCGAAACACAAAAATTAAAACCACGCAGCAGCAGGCTCAATGTATCTATCAAAAGTCGGGTCTTGCCAACCGGTCGGAACTTTCAGCATTATTTTTAGAAGACCTGCTTCCTCCACAGCCGCTGCCCTCCTCCACTTGAAATAAAAAATCTTTAATTTTTAGTGCTCTAAAATCTGGCCTTCTATCCATATCTGTTTTGGCTTGACATAATCATAAAACGTAACAAAATGGTTTCATGCACAATAAATGTATTTAAAAATACTTCGGCTTTTTAATTGCCTGTAACTTTTATAAGGGGTGGAATGTTATCAAAAGTTATAAATGAGGGAAGGGAAAAGAAATGAGTGACTACGAAGAATCTTTGAGTTCTCGATTGGAAATTGTTGAAAAACGGTTAAATGAGCTGGAAGGAAACGTGGATGGACCTGAAGGTGACGGCGAAACTCCCGAAGAATATTTTTATTGCGAGCAACCGGATGGTGATGAACCCGCTCTGGACCCCGGATTGGATGAGGGTAGAGTTTCCCTCATACGGGTCAATC
CP048685.1_gap10	488805	490516	1711	TCTGTAGTTGCTATCAGCACGAATGGGAATGGGAAAGGCCACGTGGAAGCGGTGGGACTGGAAGCAAAAAGAATGTTTGGACGCACCCACGCAGGACTGGAAACGATCCGTCCTATGAAAGACGGTGTGATCGCCGATTTCAACATGACCAATAGCATGATCACCACCTTCATCAACAAGGTGATGAGCCAATATTGGTTTCTCCGGCCTCGCATGGTGGTGGGTGTGCCCACCTGTATTACGCAAGTTGAGAAAAAAGCGGTTATTGATGCAGCAAAACTGGCGCGGGTTCGGGAAGTTTACCTGATAGAAGAACCGATGGCTGCCGCCATTGGAGTGGGCATTCCTGTCCACAAAGCTGAAGGCAATCTGGTGATCGATATTGGAGGAGGTACCACCGACGTTGCTGTCACAGCTCTTTCCGCTATTGCCTATGGTGAATCGATCCGCATTGCAGGTGACGAAATGGACGAAGCGATAGTTCGCTATATTCGTCTGAAACATCATATGAATATAGGCATTTTTGAAGCGGAACGAGTGAAGATCGAGATCGGCTCCGCCTATCCACTTGAGGAAGAGCAGACCACTGAAGTTAAAGGTATGAATATCAAAACCGGAGTCCCGACTTCTATAATAGTGAATGATACGGAGATTCGTGAAGCCATGCGGGAGCCAGTCGCCAGTATCGTATCGGTCGTGATGCGGGCTCTGGAAAAAACCCCGCCGGAACTTTCCTCCGATATCCACTCAAATGGACTTTATCTCACCGGTGGCGGCGCCCTGATCCGGGGTCTGGATAAATTGATTGAGGAACGGACCGGGTTGCGGACCTATGTTCCCGACCAGCCATTGCTCAGTATCGTCAAGGGAGCCGGCGCGGTGCTCGATAACTTCTCGGAAATGCGAAAAGTCTGTATCAATTGAACCACGCTTTGGGTTAAAATCAGCCTCGTCAAATAATGCTATTTTGAAAACCTGTTCCTGCTTTCGTTATGCGTGAGGAATCCCAGGCCCGACCCAATCAAGCAACTTGTAATGAATGCGGAAAGCCCGTGCTTGAGCGTCCTACTTTTGTGGAATACGAAGGCGAAGAAATTTTCCTCTTCGATCCGATTATTTGCTCAACCTGCCTTCTTGAGTTGTGTCGACGCCACTCGGTTGTTTGCGCCAATTGTGGCGGCAAAATTCCTCCATACTCAATGGTCGGCGTCTTGAAAGCAGACAACGGGGAACGGCAGTTTGTTCACATGACGACCCGGTGCACCAGCGTAGGCAGTGCCTTCCACGGTTATCTTGGAAAAGGTGCCTTGGGTCAATTCGTCCAGGTGGAAGCATGCTAGAAATACTGTTTGAAAATGTAAAAAGAAAAGTTCAGGTAGAACCCGGCACCAACCTCAGGGAAGCAGCCATTGCGAACAAAATCAGTTTGTATTCCCATGTCTTCAAACTGCTCAACTGCAGGGGGCGAGGTTTATGCAATAGTTGTCGCGTGGAAATCGTTTCCGGCAATGCCGGTGAACGAAATGAGGTTGAAGACAACAATCTGAAGAAAGCGTTGAAGAAGAACCCAAACCTCAGGCTTGCTTGCCAGATCAAGGTTGAAGACAACCTGGTTGTCCGCTCCCAGGTCTGATTAAGGTAAAAAGGATTTTCTCGTGTTCCGCATTATCTCCGATCACCTTGATGAAATGCACGATCATGCCCTCGAGGA
CP048685.1_gap11	526691	530770	4079	CCCTTCAACGTGGTCCGACTCATCCTTGGGAAGCAATTCCCGGAAGACACTGACACCAACAACCGATACACACGCGCGGCAAAAAATTTTCATTCCTGGAAAGAGAATTCAATTCTTGTTCAGGATGCGTCTCCCGCATTTTATGTTCATAGTCAGAAATACGAATTCGAAGGCCGATCGATCACGCGTACCGGTTTTTTTGCTCGAGTCAAACTGGAAGAATTCGAACGGGGCAATATCTGCCCCCACGAATTTACGCTGGCCAAAGCCAAGCAGGACCGGGCTCAGCTTATCCGTGCCTGCAAAGCCAATTTCAGTCCGATATTCGGCCTCTTCTCGGATCCATCCAAACAGGTAGATGAGCGGTTACAATCAGCCATGAAAGCCGATCCCGATTATCAGGTCCACTATGAAGAAATTCAAAACCGTTTGTGGCGCGTCACAGATGCCGAAACCCTCGCGTTTCTATCCAATCAACTTCAAAACTGCAAGGTGACCATAGCAGACGGACACCATCGATACGAAACGGCATTGGGTTACTTTCAAGAGCATGGGAAAGAAGTGCCGGATGCCGGGTGGGTGCTCATGTTTCTCACCAATCTTGAGGCAGACGGCCTCGCCATTTACCCCACCCATCGGCAAATCAAGGTACCGGGGACCTTTAACCGGCTGGAATTTGAAAGCAGACTACAGGAATTTTTTGAAATCATTCCCCAGCCAAAAAATGCGACCACGCCAATACTACTCAGTTCACTGGCCAATGAGGGAAAAGCGAACATTTCATTTTGCGTTTATTTCGGCGCGGGTGAGGCATCAATTCTTCGCCTGAAAAATATAGACCTCGCCAGTCCATTGCGTGAAAAGGACGAACCGAAAGACTTGCTGCAACTGGATGTTTATCAATTACACACCCTGGTTCTGAAACACATTCTGGGAATCAATACACGCACACCGGAGGGTCAGGCTCACCTGCAATATAATGTGAGAGCAGAAGAGGCCCGGAAACATATAGACGCGGGGCAACAGGATATGGTTATTTTTATGAACACCACACCTATAGGAAAGGTCCGGGAGATGGCTGAAAAAGGAATCCGCCTGCCACAGAAAGCGACCTACTTTTATCCAAAGTTGCTGTCGGGACTCGTCATCAACGCATTCAAGACATGAAAATCCATCGCGCAGAATTTATTACGGGGGCCGTGCAACCCAAACAATATCCCGACACGGCTTTACCGGAAGTGGCATTCGCCGGACGTTCCAATGTCGGCAAATCATCTCTGCTGAACTCCCTGCTGAACAGGAAAAAGCTGGTGAAAACCAGCTCGACTCCGGGTAAAACTCAGGAAATAAATTTTTTTGATATCAATAGCCGCTGGATTTTTACTGACTTGCCGGGCTATGGATTTGCCAAGGCCCCGTCATCGGTGAGAAAAAAATGGGGTGTGATGATCGAGCGTTATCTGACCGGCCGTGAACCGTTAAAGCTGGTGGTTCTCATTCTCGACATTCGCCGAAACCCGACGGACCTCGATCTGCAAATGCAGGAATGGCTGGAGCACTACCAGATCCCCTACCTTCTGGTCGCCACAAAAGCAGACAAACTCAAGCAGGGAGAAACTGCGCGCCAACTAAAAAAAATCAAAGCTGAATTTGATCCGGAAGGGACACAACAGGTAATTGCCTATTCCAGCCAGTCAGACCTGGGCCGAAAAATCCTCTGGGGGAAAATCAGAAACTTCCTGCTGGAAGAAACCACAGAAGCGACTTCTTCCATCCCCCCAAACGAAATTTAAAATTCGGCCCCTTGCATCCTGACACCTGAAAAATTATTACCCCCACATATCGTCAGGGATTTCCAACCGTTCGACTTTCTTGCCGTTGACGATGTGCGAATCAAGGATTTCATCAACATCATCCGGCTGCACCCCCTTATACCAGACACCATCGGGATAAACGACCACAACAGGACCATTGGAACAGGGGCCCATACAGCCGGTGTTGGACAATAGCGCTTTTCCAAACAACATGCGTTGTTCGATTCCCATTCCAAATTTTTCCAGAACGGCCATGGCGTTGTTTTCACCACAGGAACCCCGAGGGTGGCCCGGTGGACGTGTGTTGTTGCAAACGAATATATGATAAGCAGGTTTCGGCATGAATCCTCCTCCAAAGGAAAAAATTAAAAAAGAAACCTTATCATGAGATGCCTTCCTGCACAATTCGAATCAGTCTCCAGCATGAAACCTGCTCCGAGTCTGTTTCAAATGCCCCCTCATACTCAGGAAACATAGGTTGTGTTCCGAATTTAGCTGGCTCCCGCCCGCAGCTCACCCTATACCTTCACCGTAAGGTTGTTGCCCCGCCGGATGGGAGAGAGTAAAATAAAAAACTTAAAGGCCTCCGCATTTGTTGAAGGCCTTTTAACCCCTTCCGGATTTTCATGAGTATTCCCCTTTCCAAAACAGCGTTGATGCGCCTTTCACCAGATGAAATAAAAAACCGCCTGAGCCAAAAGGGTGTGGTGCATCCCTCCCAGATTGAAATTCAACCACTCACGGGGGATGCTTCCACGCGCCGTTATTTCAGACTGATCCTCGATACCAGAATAGCGTCGGATGATTCAAACACTCTCATGGCGATGCAATTGGATGAACCCGAGCAAGGGGAAATGGACTGGCTCCTCATTCAGGATTACCTGGCCAACCTTAACCTCCCCGTTCCCAAGGTCTATGATTACTTCAAGGAAGATGGCATTCTCGTGCTTGAAGACCTGGGGGATATCACTCTCGAACAACGCCTCCAGGATGCAGAACCCTCCCAGGTAGATTTGTGGATGGACAAGGCAGTCGATCTGATTGCCACGCTACAAAGCAAGGCCGTAATACCAAAATCCCCTGCTTTCGAGCGCAGGTTCGATGTCGAAAAGCTGATGTGGGAATTCGATTTCATGTTGGAACATTATGCTGTGGGACTGCTGGGGAACCCGCCACCCGAAGGGCTGCTTAAGAAGTTGCGAGCTGAAATGACCAGCTTGTGTACCCGGCTTGAGGCCATTACTCCCTGTTATTGCCATCGCGATTATCACAGCCGCAACCTGATGGTACGGGGCGACCAACTGGTATTGATCGATTTCCAGGACGCAAGACTGGGGCCTCCGCAATACGACCTGGTTTCACTCCTGCGAGACTCGTACCATCCACTGCCTGAATCGACAGTCCGGAAAAAAACCGAGCGCTTCCTCCAAAAAAAAGAAGCGTTGGAAAACAAGCCTATTGATCGTGAAGAATTTTTAGTCGGCTTTGATCTAATGGCCATTCAAAGAGGGCTGAAGGCAATCGGCACTTTCGCGTATCAGAAAACCGTACTAGGCAATGCACGCTACGAACCTTGTATCGCTGGCACATTGCCCAATGTTAAACATGCACTCAGTCGTCGCCCAGAACTGACGAAACTAAAAAACGCTTTGCAGGAAGCCTTACCTCCGCTTCAAAACTCAGCGGACCTCTTATGATTTTAAAACGTTACGTCCTGAAATATTTTCTGCAAACCTACCTGCTCACACTGGGTGCGTTGATCAGCATGTTCCTTATCATCGACTGTTTTGAGCGGATTGATGAATTTGTTTCGCGTGATGCCCCGATGTCTTTCCTGTTTTTATATTACCTGTATAAAATTCCGTTCGTGTTTTTTTTCATGGCACCGCAAGCGGTTTTGCTGGCGACTGTTGTCACCCTGGCTACTCTGGCACGCAACAATGAATTCACGGCGATGAAAGCCTGCGGTATTGGTGTTACCGGCATCACCTTCCCTATTTTGAGCTGCTCGCTTGTAATCGCATTTTTCGTGGTGTTGTTAAACGAATTCGTCGCTCCGATCACCAGCGAACGGATGAACTATATTTATTATGTCGAAGTGCGCGGGATGGAGTCACAGGGCCACCTGCAACGCGACAACATCTGGCTCCGTTCGAGTAACGGTTCTATCTGGAACATCAGTTTTTACGATCCGGACAAATCCCTGATGCGCGGTGTGAGTCTGCTCTATTACGACGAAGAGGATCTGTACATGCGTCGCCGGGT
CP048685.1_gap12	552487	556937	4450	ACATCTCGATAAACTGGAAGCCATGTGCCACGAAATCAAAGTGACTTCCCTGTGCGGGCTGGGAGAAACAGCACCCAACATGGTCCTCACCGGTATTCGCTACTTCCGGGAAGAATTTGAGCGGCACATCGTCGATCAAATCTGCGATGCTGCGAAATGCACCGGACTCTACCGATACGTGGTCAAAGAAGAGGACTGTGTTGCCTGCGGGGCTTGTATCAAACCTTGTCCCACAGGTGCTATCACCGGAGGCACCAAGAAAGTTGCGGCCCATATTGACATGGATCTTTGCATCAACTGCAACGCGTGCTACCAGGCCTGTAACTTCCTCGCGATCCAGTAACAAATTAAAAGTTTTTCATAATCGTCCACAGGGCCTCCCGCCCTGTGGACATTTTTTTTGCCTGCGGTAAACTGGGAACTACGAATTTGAAACAGAAAAAAGAAACCTTTCGGAGATCGCTATGCATCGCATTAAATTCCTGCCCTTAGCCCTTCTGGTCCTTTTCCTGTCAGCCCTTCCGGCTCATGCAGGAGATCAGACCATTGCTAAAACTGGAGATAAGGCCTGGGATGCTTTCATTCAGCTGCAAACAGACTGGACGCGCCAACTGCGCGACCTGGTCCTGAAAGAGCGGAAAAAATTTAAAGGCATCGCCGACCTCAGTTATCAATGGAGACTGGCGGAGATGAAACTCGACACGCTGAAGTTTTTATATCTTAAAAAACACCGTGCAGACACAATCGAGCGTGACAAGGGACTGCCAGCATTCGTAACCCTGGAATGGTTTCCCGAGTTTTCTGAAAAACTGGAAAAATCAGATCCCGTTTTCCACAAGCAGGAGGTGCTTGCTGCCAGCCTGAAGAAAAAGGTCGAGGAGCACGAAAACTGGGAAGGGCTTCAGGAGTATCTGAAGGAAATCCAGAAGAGCAAAGCTCATAAAAAAAGATTCGACGATTTTCTCAGCGAAATGAATACAGTCCAAAAAATCCTCGCTAAATCAGCCGCAGACGAAATACGGACTCACCATTAAATTTCAGTAGATCGTTTGAATTTCCCCACAGTTTCCTTTAGTCCTGAAGTTGTAGCGCGGCTCTCTTTTTCAAAGGTAGGGTGAAAACGGTGATGGGGTCCATCAAATCCAAACGGGTGCGATTCATCATTGGATGTGTAGTGGTATTCGCCATTGCAGCCTACAACAACACTGAATTTGCCCAACGCAATCAGATTCACTATGGCTCCCTGCAACTTGGAAAAACGGTGAGCTTTGAAGCCTCCACAACAGGCGAACGTATCGCCATTGCGCTGAAAACAAAAACCCCTCAGGATTTGATGTACACCGTTACCGGTCCCGATGGAAAAGAGATCATTGCCCGGGCTGACACAGTCAAATCGAAACACCGTGGATTTTTCTTCCGGGTCCAACAACCTGGCACTCATACCCTGAAAGCAGATTATGATTGCAGCAACTGCTCCCCCGGAATTGGTTTCACCACTGTGGACATCCATAAATCCCAAACCGGCTAATTCATGCATGCCAAAAACCAGTCCGGGCAATAAGCCGTTTTATATTTTTGGAAAACTTACGCAGAAGGTTTAAGCCTGGAGTTCTTTGAGGCGGGTGAAACGAGGGGATTCCTGAAACAGGATATAGGAATTGGCGCTGTGGCGATTGCGTCTCAAATCCAGCACCTTCAAAGCAGGTAAGCCTTCTGCCTCGCTGAACGCCTGGTAGCCAAGCACACCAATATTATTTTTTGAAAGACGCAACTCCTCAAGTTTACCAAGCTGCCTGGACGATGACAGGGCTTTAAAACCCAGATCCTGGGTCCAGGTGCTCCACATCAGAAGTGTTTTTAATCCCGAAAAGGTTTCGCAGTTTGCAAGGACCTTACCAGCTTCATCACCGAGATCGTTTCCACTGATATTGAGGGTTTCCAGGTTTTTCAAAGAGGATAACGCCAGCGCTTTCAACCCTGAGATTTTTATCCCGCAGCCCTCGACATTGAGGGACTTAAGCCCTGGGAAGGTGGGCGCTTCGCACAATGCCACCATACCTTTGTCCTTAAATGCATTGTCCATCAGGTTGAGGGCTTCCAGATTTTTCAGGTGAGGCGAGGCTGCGATTTCTGCAAGCCCGGTATGATCAAAAAAATTATTGCGCAGGGAAAGTGACTTCACACCTTGCAAGGCTTCCGATCTGGCCAATGCACGTAATCCGCCATTCTCCAGCTTCTGTCCATTTAAATTTAAATGACCATCCTTTAGATGCGTTTTCACAAGTTGGCGGATGCGCAGATCCATCAACAGACGTTCGCCTTCACCGTTGTACTGGTTATCATACATATAAAGGTGACGAATGTTTGTGAGGTTTTTTGAGGCCGCGAGCGCTTTTGCTCCAGCGTCGCCAATCCAGTTGCGATCGAGCAACAAGTGATTGAGTCGTTTGAAGGGCGATGCCGCCAGCGCCTGCACCCCGGCATCTTCAATATAGTTCCAGCCCAGGTTGAGGTGTTCCAGAGGAATGAACGCTCCGGTCTGCACCCAGTCGCTCAAACTTTCATTACGTATTTTATTGCGACGCAGGTTGAGCCAGCGCAGATTGGGGTTGGCAGGACCGTCTGGAAATTTTGTAAGCCTTTTGAAACCCAGCCGGTTCAACTCGAGCTCAAGATATGCCAGACTGGTCAGGTTTGAGGACTTGATCAATTCAAGCGCACCGGCATCCCCTACCCGGTTATTGGTCAGGTTGATGAGCTGCAAGGCACCCAGGTTTTCCGATTGCGCTATTACTTGCGCGCCCTCGTTGCCTATCTGGTTGGTATCGATTTGAAGATGAGTGAGGCCGGAAAGTGACGGGCATTCGGCCAGCGCACGCGCCCCGATATCGGTAATACCGTTCCAGCCCAGGTTGAGCAGGCGCACGTGCGACAAATCACAAAAGCGGGTCAGGAGCACAACACCTGCATCTCCCATCCGCTCGTATCTCAAATCAAGCGTCGCGTCCTTTTCAGCTACAGCATCACGCAGGCGGCGGACGAGACGGGCGTCTGGGGTATCGTGTTCCATGCGGTTCCTTATCTTCCGGCGGCGCAGCGTCGGATTTAAACACGCGCAGGTTTTTTATCTTGCGCGCAGCAAACATGCGATCGTAAACATCCGGTTCAAACCGGTTGTAGGTCACGTGCAATTCTTTTAGGTTGCGGAGTCGTTTGGTTTCCGCCAATGCGAGCAAACCTTCTGCTCCAATTCCGTTAGCATCCAGATGAAGTATCTTGAGATTATCGAATACATCGGATTCAGCAAGAGCCATTGCACCTGCATCTCCGATAGAGTTGAAGGAAAGGTCAAGCGACTCGAGGTTTTCCAACCCTTCCGCGCCTGCAAGAAATTCGGCCCCCTCCGGCCCCACCTTATTGCTCCACAACACCAGTTTTTTCAACTTGCCCAGTTTCGATGAATCCGCCAGATACTCCATGCCTTCGCTGTGCAAACGGTTGTCGTGGAGCCACAATTCCTTAAGCTCCTGAAACATATCCGAATCCGCCATCTCTTCCAGATGGGAGTCCTTCAGCCAGCAATTGTTAAGATGAAGGTATTCAACACCCGGTACGGCGAGATTCTCGGCGAGGTCTATAGCCACCTCGAGAGTGATACGGCGATTGGAAAAATCGAGTGTCTTTTTGTCTTTGCTGAGACCCTTCTTGATCCATCGACGGATCCAGTTCAGGTCATCGGTCTGTTTTGGCATAAAAGTTTGGGGGCAACCCCTGAGCGTCTTAATGGATTCAATATTTTTATCCGGGCAGCCGAATTTTACAAGCACATCCCCTTATGAAACAAGGGCGACTCGTTTTCCGACCATCTCGGCACAAGAGGCTAATTGTATCGGGTCAGGCTGAAATGTAAAGCAGAATCCCCGATTGAACAGCACTCGGGGAATGCTAATATAACGGAATGAGAAAGCCCCCTGTTTCAACCTCCATTCTGAACGCCATTGCCTTGATTTTTCTGACGATTTCCCTGCTGCAGGCCTGCTCCAGGGTGCCTGAATCGGAAAATCCAGACGAGAAAGTGCTACGGATTGCCTTGCGCAGTGAGCCGCCCACGCTGGACCCTTCGCTGGCTACGGATAACGTTTCTTTCGACCTGTTGACTAATCTAATGGAAGGGCTTACTCAATACGACGATGAACTTCGCCCCATTCCAGCCGTGGCGGAGCGCTGGGAATTTTCTGACGATGGCAGGATCATACGGTTTTATCTGAGAAAGGATGCGGTTTGGTCTGATGGAAAACCGGTGACCGCTCACGATTTCGAATATTCCTGGAAACGCCTGCTCAACCCTGCCACGGCTGCCGAGTACGCCTATTTTCTGTTCGATATCGAAAACGCCGCCGAATACAATTCCGGCACTTTACGCGACCCCGAGCAGGTTGGCATTCGAGCG
CP048685.1_gap13	559544	562132	2588	CGTATCTATTTAAAAAACGACGCTTATACAACTTTGTTTTGGCTTGCAGCAGAAGCCCAAAGAAAAGATATAATTTCTATTATCACAGCGTTCGGGATGGCAATTCACATTGATGACCACAGATTCGGGGGACATCACGATACATTCTTGAGGAAAGAATTTTTTCCCATCATCAGTTTAATTCGTAATGGAGTAATCACAGTAAAGGATACCGAAGTATTAGAAAAGCTACTTGAAAACTCATTCATTTTCCCTGAATTCAATTCCAGTTTTCCAGTTTCAACCGATGTATCTTACAATTTTGAAAAAAAAACAGATCTCAGAAATAAAATTATTGCGGGGTTACCAAATGCAAAATCCAGAAAACCCTTCGATATGGCTAATATCCCTAATTTATGCCAACTAGCGAGTAAATCAGGTGATTTTGATTGGTGTGAAAGGTTAAAGTCTGTGAGTTCATTTTATCTATCTGATGATAAAACAGGAACACATTGGCCCTATTCGGTAAAATTGCTTGGCTTATTAAATATCAGGTCAGATTATGCCGTTTTCTTAATGCACCATACGCGTGGCCGGGGAAGCTTGGGGTTATTTTATGTTCCGCGGAAGGGAACGAAATACAAGATGAGCTTTTGGAACACCGCCGGATCAAACTCTCCTCCTTGCTGGAATAAAAAATTGAATGGATATAAAACAGATTGCTGGAGACTTTATAGTCTGGAACAAGATTTTTTTGACAAAAAAAAGTTCACTGGAAAACGCGGGTTCCCCATATATACAGCAAGCGATAAAAATATCTCCTGGTAGCATCCAGATTCACGAAGTCTCCGGGAGAAGAGGGATTCCACATCATCCCCTTGAGCAGTACAAATCCCCTAAAGTTCCTGAAACAGATTTTAACACCAGCAAGTGGTAATGAGTTTTGAGAGGATCACTAATCTAGGCCACAACAGGGGAGTATGATAAAAAGATATAGTCAATTTAATTTCGTTTTTCTCCAATAAACATTTTGCATCCCCTGATTCTAAATGATTCCAGGAATTAAATTTTCTGCACGTCAACTTTTTATAGCTTTGATTCTGGCTGGCCCCTTACTCTTCAGCCTGGGCGATCGGGCACAAGCAGAGGACTTCGGCTATTGGAATGAATTTGTTTTAAAGCATAAAATCGATGAAAACCTGAGTGTCCATTTCAAAAGTGAAGAATGGTTCCTGGGGGATGTGAGCCGGTTGGGCCTCTACAACTTCACCTCCGGCCTCACCTTTCATGAATCCAAATATTTCGATCTCGAGTTTAATTACCGCTACCAGAAGCTCAAGTTATTCACCGCCTGGACTGAGGAAAATCGATTCGAAATAATTCCCCATCTCAAAGCTGATTTGTTCGGATTCCAATTCGCGCTACGAAACAGACTCGAGTTCCGTAGCATTGATGGAAATGACAGCCTCCGCCTTAGAGAACGGATCACCATAAAAAAAGATTTTAAACTCAATCAAATGGCTTTCGATGTCTACATCTCCAACGAGTTTTTCTATGACACCAATGTGGACGATTACAATCAAAACCGGGCAAAGGCAGGAATAATAAAGGAAATTTTCCCCGGTGTGAAAATGGGTTTGTACTATATGTACTGGACCCTTCAAGCGAAAACTTTATACGAAGCAAATGTTATTGGAACAACTTTTACGATTTCCTTTTAATCAATATTAAACAACAAGCTTTTCGGACAAATACTGTGAACTGGCAACCCACTTCAAATGGAGACATTTGAATAACTCCAGAAGAGGCCCCGGTTTACTCGCAATACTTTCCCCTTCAAGAACTGCTATTCGCGTTCTTGAATAAAAAAAGAGGGGATACCGGCAAAGTTGTATTTATGCCCCCTCCCATACCCTCCCCTTTCAAGGAGAGGGAATAAATAGCCACCCTAAAATTACCATTTAAAAAAATTTATGGGTTATGAAGTTGTGGTTTAACGATATAGAAGACGGCTTCAATCGTTCAAAGTACTCTGACTTTGGCAAGATTGATGAATATTGGTGTAACCAGGACCGTTTAGAAATAGCAATTTAAAGCATAGTTTATGAAATAAATTATCAACAGGGCCCTACTGAATAAAAGGCTGTCAAAATTTTAATTATTCACTCATGAACAAGCGCTGTTTTTAAATCATCTGATATCGGCTCTTCCCCGACCCATTGATCCAGCAGAGAATACATCAACCCCGCCCCCGGATCAGAAAACACTTTCTCCCGGTTCAGATAAAGAAGGGTCGCCTGGCCAGGCGTATAGGAAAATAGAAGCTCATCTCCTTCTTCAAGTTTTTTGAAATTTTTTTTGAATCGCCTATAGACTTTATCCGACACTTCGGGTTTGATAGTTTCTTTCCAGGCATCGGGAACCTGCCCCGGAAGTTCGGAAGTTAAAATCTTGATCCGGATCGTCACGGGTTGCTTTTGCTCCAGAATCGTTTTCCGGACTTTCCCAGGTTCCTTCAAATAAAGCGCGCACTGGTAGACATCAATAAATGCGTACGTCCTGACTCCTGAAGATGCCAGCATCCATTCGACCCCTTCAAGTTTCATCTT
CP048685.1_gap14	582125	585001	2876	GGCGATGAAAGTGATCTGATTAGGCGTCAGAGGAGTCATGACTAAAAAACGGGTGAACTGCCGCGAAATCTGACGCGTGACCAGCCGGTCCATCAAGCTGTCATTGCTCAATCCACTTTCTGCCAGCAGAACTGCCGATTGCCGACGGAAATCCCGTCTTTGACTCAATTGCCTGTCTTTCGCGCCGGAAAAATATACCAGGGCCCCGGCATCCTCAATATCTTTCTCGCCGTCTCCTGACAGCGAGGTCTTTCTGAATTCTGTTAACGCTGGAACTTCATCAATGTTTACTTGCTCGACCCATCCCTGGTCCGTTGCCCCAGAAAGAAGGACTGCAATTTCCTGTTTCCGGTGCAATGCCCCGCCATTAACTACCCAAGGACTTTGTTCCAACGCTTTTTTAAGGCCGTCGCGGTCAGAAACGATGTTCAATTCCAACTTGCAACGCTTATCCTCTTTTACCCGTTCGACCCAGGAATCGCCGTTACCAGCCTTAAGGTTCGGGTGATAAAGGGTCAGATGCTCAACCCCGCCCCGCTGCAGATTCAGGATGTTCAATAATACAAACGGAACGCCCGTAATCGGCTTCAAATACCAGTCTTCCAGCTTGTACGGGGCCGGGGGATCTCTCAGGATCAATACAACTCGAGCGTTATCGGACCCGTTTTCTAAAGCTGATTCAATAAGGTTCGCCATAAAAGCGGAAACCTGTTTTCCTATAAGGTCCTTGTGTTACGACAATCAAAAGGCCATAAATTCGAAGACCCTAAACAAATCGAAAAAACCCCCTTCGATCTATCGTTACCAAGAATACCTTGAAAATGATGAAAAGATTGTCCGATGGTAGCAAAAACTGAAAAAAAATCAAGTGGTTATATGGTTTACACGGGTTCAGGTAACCGGCTACGCGCGACCATTTTCCACGGGTTTTACCGACCGGGTTTTCTGAATCCTTTGTTTCTCATAAAACAGGATCAGCGCAAAAATCAGCGACCCGAACCCAGCCAGCCAAAGAAACCAGTCCAGCCGACCAAACACTGAGAACCCAAGAATTATGTAAATAAAGTTGCGGCTTGCTAATAGCTCGATGACATCAAATATCTTTGTTCCTTTGAAAAAATCTCCTTTACCCCCTTCCGGAAAATAAATCAGGGCAAAAATGCTAAGTCCGCCCAAAGCCAACAGCGCGAAGGGTAACAGCGCATACCCCCAGCCGTGAACCTTGGCAACCCCGAAAGCCAGCCCTAAAAATATAAAAATATTGATGATGTTATCGCATGCTGTATCCAGGGTTTCACCGAAATCGGATTCCATGAATTTCATTCGCGCCACATCGCCATCACAGCAATCCCAGATAGCCGTGAAAGCCAGTAAAACCCCTCCAACGAGACCGCTCATGTAATCACCGAGGGAAAACAGCCAGCCTGCTGCCGCCCCGATCACCAGGCCGAAAATAGTCACCTGATTCGGTGTCACCGGAAGACGAATCAATAGGGAGGAGATCGGAAGTGAAAAATGGACATTGAAATAAACATCCAGTAATTGGCTGTAATGATGCCGATGCTGATGAATGAGGTCCGACTCCAATCGACGAAATTGGCGGTGGTCTTCTACCAGACGAAAAAAAGATTCGCCTTTGGCACCGGGTCGAGAAATAGCCGGGAGAGGCTCTTTCGAAAAAACCATCTTATCCGCCTTTACCCGCTTTAACTTTGAGGAAGCAATGAGGGCGGGCAAAGAGTATTCATCATCGCCCGAATTGCCATCTGGTTCGCTAAAAGAATTTTTACCTAGAAATTTCCGCAAACTAGCTGTGGTGGTTACCAGATTACCGGGTGCCAGAAGAATAGGAGCCGAGTCCATGGCCTCATCCAGTTGCAGAAATTCGCCCACCTCTCCTTCCTGATAGCGGTCCTGAATCAAAACCTCAGCCCTGCTTCTGGGATCGGCAGCAAAATTTTCCTGCAGCTTTAATCGCCGGTGTGCATCCAGGTCTTCACTCAGGATCAAAATCTTTTCTATACCTGCCCGCCCCATAGTAAACACCAGGCGCTGCAAAGCCGGAACACCCGCTAGGGGTTTGTCCAGAAGCCAGCGCCAACCACCTTCGGGCGGGGTGAGTATGATAACTGCGCGGTCAACGTGGGAAGTCATAGAAGTAAGTTGAGTGAGTTTCAATAAAATCGCGGCATTATGACAAAGCCTTGGAAAGGGAGCAACCGCCTTCGCCACAACCTCGCTATGCTATGGGAGAGAAAAATAAAACACTGGCAGCAAAAAACAGGTAGACGAGACCAAGCGCGATTAAGGACCCGGCTATCGCCCAAAATAAAATGGGATCCTCCTCGCGGCGCACCCAGGTCCTTCCATACAAATAACGCTCACCAAAGCCAACATAGATTCTGCCTGTAACCAGATGCTTGATCCCGAACCCGATCAGGACCAGGCAAACAATAAATGGGGATGATTTTAGAACCCAGTAGTCCATGTTGATTTGAAAAATAATTTTTGAGTGCTATTCCCACTCTTGGAAGCCTTAACGTTGTCATCACCCTGAGCCCCTCGAAAGGAGACAGTAGATTTCATATCATAATCCAGGCTTCCAGAGTGATTACATGCCAGGAAACTAAAATTGTTAGAAATGAAAGCCGATCGCCAGAATAAAAAAGTCTGCCAAACAACAGGAGTCAATTATAGCGTTTCATCAATGCGGCGTTTGTTATCGCGGCAATCGAATTCGGTATCAGAACTCCAGACCAGTTTAATATATTCAGGGAGTTTTGTGCTGCGGTCAATCATGGCGGATTTTAATTGTTCGCAGGTGAGGTTGATCACTTCGGATAAATCCGCCTCACGCAAGTCGGTTTCCGTCATAT
CP048685.1_gap15	606986	608958	1972	GATAGAATACGTAAAGTTCACTGGACCGGCATAGAATTAATCGATGGAGAAGTGCTGGACTTGACGGACATCATCACGCAAAATGACGTGGAACTTGAACTGCAATCACGCAAGGAGCAGTTAGCATGACGATTCAATCAATTGAAATGAGCGATCCGCTTCGCCGTGAGGAGAAAAAGGATCCTTCACCAGATCATAAGGATGCCGGACCCAGTCGTCCGGATGTATCCCGCCCGGGTCGGGATGATCTCCTCAAACGAATGAAGAAAGTCGACCCAAAGCAATCTGAAAAATACAAGCAGCGCACGGGTCAATGAACCTATTGAACCCGGAAAATCAGCAGCAGGGTGATTTCATAGATCTTCTCAATCGTTCAGGCTATGCCTGGCCGGATGCCACTGGAATGCCGGCAATCGACAAGGCCAGTCTGACCCAGGGCACCACTGTACTCGCCTTCCACTATAAAGATGGCGTTCTGGTTGCAGGTGACCGACGGGCCACAGCAGGCAACGCGATCATGTACGAACGCTGCGACAAGGTCATCCCTATCGATGATTATTCGCTCATGGCAATCGCTGGGGTACCGGCTACCGCCTTTGAAATGGCGCGCGTGCTGTCGCACAACTTTGAATATTACCGACGTTCCCAGTTACAATCGCTTTCCACAGAAGGTAAAGTCCGTGCTTTGTCGCGTCTTCTTAAGGACAACATGGGGTTGGCCATGCAGGGTGTTGGCGCGGTGAGCCCCATTTTTGCCACTTACAATTTAAAAAGTGATGCCCCGATGATTTATTTTTACGATCTGCTTGGGGCACAGTTTGAAATTCGGACTCACACAGCTACAGGGTCTGGTTCACCTGTTATACGCGGCGTTTTGGAGCACGAAGATCTTTGGGGTCAGAATCCTCTGAACCAGCGTTCCCAGGAAGAAGCATCGCTATTGGCAATCCGCCTGTTGCAAACAGCAGGGCGATTTGATTCCGCAACCGGGCAAGCCCGGCCGGACGACAACATTTTCCCCATCATCGCCTGTATTACGGCCAAGGGTTATCGCTTCCTTCCCGAAGAAGAAGTGGCGTCGCTTTTCCAACAGGCTATTCAGCGCACTTAAATCAAGAGACAATTATGTTTGAAGAACCATTTCGCTGGCTGGAGGCCATTTCAACCAGACACAGTTACGTCCAGGAAAAGCTGAAAAAGGGACAGCCGGTCATTGCGGTGCCTTATCAGTACGGCACCCTTATGCTGGGCTTTTCGCCGCAACCTGGAAAGATTTTTGAACTCTATGACCGCATCGCCCTCGGGGGATTGGGACATCCCGCAGATGTCGAACGGCTGCGCATGACCCTGCTCGATATGGCTCACCTGGAAGGTTTCAACCGATCAGAAAAAGATGTGACGATCGCCCGGCTTCTCCAATTCGGTATTGCCCCGTCACTCAAACAGAATTTTGAAGAAGTCGTACGCGCTCCCTATCTGATTCAACTTCTTTTAATGGAAATTGATTTCAACAACCAGGCCTCGTTCTTTCGAGTCAACTACGATGGACATTGGGAAACCTTTAAAAAAGGTGCCGTGATCGCGGGAGATACCCAGCTATCAGATGCCCTCGAAGAAAAAATAGAATCAACAGATTTTACCTCGCTTTCACTAGATGATGCACTTCTGAAAGCCTGTCGCATCTGGGAGGAAGCCAAGAAGGATATTGCCGATGAGGAGTCGGACGATCCAGCCCTGACTTTAAAGGAAGCATTCGAAAAATGGACACTGGAGGCGGCCGTCCTATCTACTGATACTGAACGCCGGGCCCTCTATCGTTCTCTTTCTCCTGATGAAATCGAAAAACTTAAAATGGCCTGCCTGTCATGAAAAAAAGAATTTACGGTATCGAAACAGAATACGGCCTTTTAATAAAAGGAGAGGACTTCAAGTACGGTTCTGTTGATGTGGCAGTGCGTGTCAAGAATCACAT
CP048685.1_gap16	660315	660865	550	GAATACCACGGAACTGGTAGATCACCGCCGTTGCCATCGTCAGGTTGACCATCTGGTCCAGGCCAATGATAGTGAGAGCGTGACTGACGGTATCGACTTTTGAGGTGAGGGCGAAAAACGAACTGTTTACCACTTTCAGTAAACGTGCGGAAAGTCCCGGGTCATGACTGATGATCTCGCCGAAATCAGAAAAGGATTTATCGGGGTCTGCCATTGCCGATTGCAACTGGTAAAAAACAGCAGGCAGGCTGAATACCTGGTCCCTGCCGGCCAGAAAATCTTCAGGCTGGCTATACTCCAAGTGTCCTCCTCCTTTGGGTTGAAGTAACCAAAGTCAATCTATCTCGAGTTCCTTGATGAGGCGGGATAAATAGGACCGCTGGACATCCAGGATCTTTGCGGCCTTGGTCCGGTTGCCGGCAGTGGATTTCAGCGTGTTGGTTATAAAAGATTTGCGAAACGCATCACTCGCTTCCTTAAGGGAAGCTCCAACATTGATTTCGATCTGGGAATCCGATGATTCAAATGGAAACGAATCAACCGTCAACTC
CP048685.1_gap17	665759	666618	859	ATCCTGTTCGCGGCCCCTCCTGTCAAAGACCTTGAATGGAGCGACCAGGGGGTCGAAGGATGTTATCGGTTTCTCAAACGGGTGTGGGTCATTTTCCAGGAACTGGCGGGAAGCATCAGGGAGGCGGGTGAACTTCCAGAGGCCAATGCAGACATTTCCCCACCCTTAAAAGACCTGCGGCGCATGACACACATAACCATCAAACGCGTAACAGACGATACTGCGGTTCGCATGCAGTTCAATACGGCGATCGCTGCGATCATGGAACTGGTCAACCATCTTTACAATTTCCGCGATGGATGGGCGAAATCCGAACCCACCCCGGAGGATCGGGCTGTTGTGAAAGAGGCATTGGAAAACCTGGTTTTGCTGCTGGCCCCCTTCGCTCCGCACATTGCAGAGGACATGTGGTCCGCTTTGGGATATGCTGAGACGACAGACCGGGCTGCCTGGCCGGTTTATAATGAAGCGTTGATGCAGGCGGATGAAATCACCATTGTGGTGCAGATCAATGGTAAAGTCCGGCAAAAACTGACTGTACCCAAAGCCATCAGCGAGGATGATCTGAAATCCAAAGCAATGGAAGATGAGAAGATCCTCCCCTGGGTTGAAGGCAAAACCGTGCGCAAGACCATCGTGGTACCCGGGAAACTCGTCAATATCGTCGTATGAAGGAGACTCACTTGGCTCACCGAAATGTGGTAATCCCTGACTGGAGTTTTCGGCTGTTGAAATGCCTTCTATTGATCAGCTTGCTTATTATCAGTGGTTGCGGTTACCGTTTGTCTGGCACCGGCTCTTCACTGCCACCGCATATCAAAACCATCGCTATCCCGGTTTTCAAAAACAAGTCGAGTGA
CP048685.1_gap18	777858	778978	1120	TCGAAGGAAGGCCAGCCGGTACCGGACTCAAACTTGTTGATAGAACTGAACAGCGGCTCACCGGACACGATGTCAACGTAGATGCCAGCCTCGTGGTTGTCCCAGTATTCATTTTTGAAGGGAGACTCGGTGCCTTCTTTCTGCGTTACCTTGTATTGCAAATCCGTCAGCCGCTTTTTCAATTCATCGTCAGACGGTTTTGTATAGGAATCTTTCATGGTAGATACCTTTATTGGTACACCTTCAACATTGGTTTTGGATAAGGACTGGTTCTTCCGAGACAGACCTGCACGGGCAGCCGTTGCTGAAGATTGAGATTTAAATGAAGCCTTTTGGATTCTATATTCGCGGTCTTCTCCCCAGTGCTTGTCGATGAACTGGTCGCGCCCGGAACCATACCGGTAAGAATGATATCGAACCGGGCTCTTCCTAAAAAAATCCTGATGATATTCTTCCGCCGGGTAAAACTCGTTCACTTTAACAATGGGGGTGACTATTTTACCATCAAAACGACCGCTTTTAATGATACGGTCTTTTGAAGCCCCGGCCAGCATTTTCTGATGATCGTCATGATAAAAAATTGCTGTTGTGTACTGGTGACCCCGGTCGACAAACTGACCACCATCATCGGTAGGATCAATATTCCGCCAGAAAATTTCAAGCAGGTCCTTGTAAGTGACTTTTTCCGGATCATAGGTGATCTGCACCGCTTCCAGATGCCGGGTTTGACCTCGCGCCACTTCTTTATATGTAGGGTTCTTCTTTTCTCCACCCGTAAAACCTGAGATGACCTGACCCACTCCATTGATCTCCTCGAAGGGTGTCTCCATGCACCAGAAACAACCACCGGCAAAAGTCGCTTTTTGTAAATTTGAACTAGAAACCTTTTTAACCTGCTGAACGGGTTCTTCTCCCATTGAGAACGCGCTTAAATTGGTTAGCGCCAGAACCGCTACACCCGCAAAAATTATGGATATCAGGTTGGAGTTTTTCATTTTCCTTGTCCTTTTTTTCATATCAGCTGCAAGAGCCTGGAATTTATTTTAAAACGCCGCGTTTTTTACCTGCTGGTTGGTCGAGGTTGCCAACAACAACTTACAACCCGATCTGAGATCAATCA
CP048685.1_gap19	854944	859622	4678	ATTTTTCTCACCTTGTTTGCGATGTTTGATATGGCTCGCAACAATTTTCGATGGTCGCGGTCGATCGGGCTTGTGATCGCCAGCTCCCTGTTTGCCATCCACTACATGCAGAGTCAGGAAATTGCCCAGGTGCTTTCTGGCAAACAGGAAACGATCGTCGGCGGAATTTTTAATGGCTTTGATAAGGTAGGTGTGGAAAAGATCAAACCCGCCTGGGGCTGGGCCGTGTTTGCAGGCGGCGCCTTCCTGGTCCACCTCTCCGGCTGGCTACGCGGTAGAGTGGATTAGTCCTCCGCGAACGGTTGATATAAATTGATATGAGATGCCCCCTTTTTCTCCTTTTAAAGTTTGCCCTGAATTTGTTGAATAAAATAGAGAAGAGGATAAGCGAGAAGGTTTTAAACTACGAATTTATTTTTGGGAAAATCCAATATTCCCCCTTCTCCGAAGGGGGACGCGAAGCAGGGGGCTTTGAAACACTAAGCTAAATATAAATGCAAAAAAAAATACTTAACCCTCATATTCCCTACAATGAGAAATTAAAAGAAAAAGCCAGGCAGCTTCGCAACAACTCCACGCCATCAGAAAAGAAGTTCTGGGAAATTTTGCGCACAATGCCTTTTTACACACAACATCCTTTCAACAGACAAAAACCAATTGGAAGTTTCATTGTGGATTTCTATTGCCATAGCTTGGGGCTGGTCGTAGAGATCGACGGAGACAGCCATGGAGAAGATAAAGCAAAGGTATAGAATCAGAATAGAACTGTGTGGCTTGAGAATCAGGGGTTGAAGATAGTTCGCTTTTCAAATCATGAAGTGATGAATGAGATTGACAGTGTGATGGAAACTTTACAAAACTTTATTGAAACAAAACAAATGGAAGAAGCCCCCCAGCCCCCTTCGGAGAAGGGGGAGCTTAAAGACAAAACCAAAAACTAAACATCAAGGATGTTGTAAAAATAAAACCAATTCAAATTCACTAACGACGGCTCAAATTAAGGTGAATTCAATTTCTCCCTTTCTGGACTTGTCCTAAACTTGCCAAAGGAATGGGATACGCGAAGAAGAGTAGCTTTAAAACTATGGTTTTGTTTTTGGCTTGACCCGATACTCCACCTTCTGAGCTTGTCCTGAGCTAGCTAAAGGGAAAGGCGGCAGGGTTTTTAAATAACGTATTTTTTTGGGTGAATCCAATATTCCCCCTTCTCCGAAGGGGGACGCGAAGCAGGGGGCTTTGAATTTTTTCAAAAATGATATTGCAGTTCGATTTGCACAAGATCATCTTGACTTAGATTTACAAAAAAGTCTGACGGAGGTTGACTGAGAAACAGCCGCGCTTCGGCCTCCAATGTCCAGCGGTCGCCTATTCGGCGGCTGGCTTCCACCGAAACAAAACGCGCAGCGGTGTCGATGTCCTGAATCATCCCCAGTAATATTTCTGTGCTTTGCACATCGTTGAGTGCCAGTCGTGCACCGATGCCGATATCGTTTTCAAAGGGAGTCAGTGCATCGTCTCCACGCTCGTCAAACAGATACTCTCCGATCAGACCGAGGTCCCAGCCTTTGTCAAAAATCCCAAAGAGCGTGTACTCGAATCCGCCGGTCAGAGCAACATAGTTATCAGTTGCCGGACCCTGCCGGTTGCCTTGTCCGTTACGGTAAAGCGCCTCCAGTTTCCACAGCCAGGCATCGGCAACATAGGAAGCGTCAAGACTGACCTGATCGATCTGCTGATAGAGCAACCGACCCTGCGGCACTCCGGCGGCATTGGGCATGAACAGGAAAGACGGGTCCCGACTGGTACCGTGGAACCACGACAAACCGAGGTCGACGTCTTCGATCACGCGACTGTAACGCACCGCGAAATCCTGATTCCATTCTTTAGCGCCACTTTCGTATAGAACATTGTCCGTGTCGAGTACAGTGCCGAACCGCAAACGTCCACCGCGTCCAGGAAAAGTGCGTTCGCGAAAATAAGGCAACCAGAACAAATCCACTGTGCCCCAGTCGCGGTCGATTGATAGATTGACCATGGGCTGGCCGAGCTTGGCTTCGGTATCGAAACTTTCGACGAGGTCGGTCTGATTGATAATGTCGACCAGGTGTGAAAACTCAGTTACGCCCCAGAACACGCGGCGCACGCCGAGCCTCAGTTCAAACTCGTCAGCGAGGTGCAGGTAGGTGGCTTCGCGCAGATCAAAATGGGTTCGACGCGAATCCTGCGAATCGAGCCGGAAAAATGGGGTGACCGCGACACTGCTGCCCGATTCGAATTCGTGGTAGTACTCCGGACGCAGAACGAGAGAGACTCCATGGTCGCGCTGACCGGGGAACTGTGCTTCCTGGAAAAACAGGCGTGTCTGACCGCCAACGTAACCCGACAACTCGTGCGCCGTTGTTACTTCACCTGCGCCCACAAAAAAAACCACCGTGAGCAGCAATCGGGTGATCCAGCGGCTCCAAACGGCGGCCCCTGTTTTTAAATCGGAACCGTTCATGTGTTCAGTATATCAAAAGGCCAGGTTAAGATTGGATGATGCTGCAAATTGAGAAATGATTTTATTGAGCTCTAGACCTCAATACAAACAAATGACCGGGCAGGCCTTTACCGTATTCCTCACGGATATCCGTGGCCTGGCAGGCAGACACTTCAAATTTAAACTGGTCTGCCAGTCGCTGGATGTAAAACATCGAATGAGAGTAGCGTCCTGAGGTCAACGCTTCAAAGTCGGGGCCCTCCACACTCTCGGTCGAGAACACAAACCAGGCTCCTGGCCTGGACCGCTCGACTACCTTTTCGAACAAGCCCTCGACCGCTCCAAGATAAATCAAAACATCGGTGGCGATGAACAAATCATACGATTGCTCGACCGAATCCAGATGATGGTCAATGGAATCGTGAACCAGAGAATGGTAAACACCTTTTGCGCGGGCGCGTTCCAGCATGTTGGGTGCCAGATCGACTCCTTCGAGATGTTTGACCTGCGAACGAAACGCCAGGCCGGAAAGGCCCGTGCCGCACCCCATATCCAGTGCTGACTTCAGTCGTGGTGTTCCTTCGCGCAATGCACGCAGAAGTCGTGCCAGCTTTTCAGGCACGTTGTAACGCAGGCGGTGAACCAGGTGGTCGTCGAATCTTGACGCATAGGGATTGAAAAGAGACCGTACATAATCGTCTGGCGGTGAATCCGGATTGTCTCCCTTTAGCACCGCAATCAGATACTGCGCGCGCTGGTCTTCGGGGTTCAATTCCAGAGCCCGCTTAAAGGCGACAGACGCCTCATTCAGTTTTTTCTGGTCACGCAGGATATTGCCGAGGTCGTACCACCCTTCCGCATCGTCCGGATGGGCTTTCACCAGATATTTCAGGCAAGCTTCCGCCTCTTGCAGCTTACCGATCTCACGGCACAACCGACTTGAAAGTGTCAGGGCTCCTGCATGTTCCGGTTTCAGGGCCAACAGTTTTTTTAAATAATCCTCGCCCTTCTTGAGATCACCCAGTTCAAAACAATACACGCCCAATTTATACAGAGCATCAATTGAACCGGGATGTTCCTTGAGCTGGCTTTTTAACAATTCTAAATCGGGATTTGTTTGGGTAGACAAAAGGTTGGCCAGGAATCTTTTTATTATAAAATGGTCATGATACCCGCACCGGGTGTTGGGTGCAATGCAGACAAAGGACTGAGACGTAAAATGGACGAACATGAATTTGCATGTCCCTATTGTGGCGAGTTGATATCAATGTTGCTCGATCTGTCGGCTGGCGGGCAGGAATACGTTGAAGATTGCGAAGTGTGCTGTCGTCCGATCCAGATCGCATATGGTGTTGAAGAGGGAGAGCTGACCTGGTTCCAGGCCGGAAGCAATTCCATGTAGTTTTTGTTTGGCAACAAGATGGGTGGCTGGCGCACGGCCAACTAAAAACTTGCGCGATTGGCTCAATAATCCTTGCTGATTCACGCCACCCTTCCGGAAAGTGACCCAAAAGTGAAATTTATTAGTGTCCCGGTTATACAGCCAAACGGTTGTCTGTTACGCAACGGCGAGAGGCCGCAAAGTGGTTTATAATCCAGCGGATGGATGACCTTGAAAAACCCACTTTAAATAAGACCGAACTTTTTTTCACAAAGCTGGCCAACGCCTTCCCGATCTTGGTGGTGGTGGGTGCGGCGCTGGCATTAATCGAACCACGCACGGCGACCTGGTTTCAACCGACGTGGATTCCCTACTTCCTCGGCCTCATCATGCTCAGTATGGGGCTGACTCTGACCTGGCAGGATTTTTTGCGCGTGCTCGAGTTACCGCGCGCTGTGTTCATCGGGGTTGGCCTTCAGTACGGGGTGATGCCCTGTCTCGGTTTTTTTCTTGCACACTGGTTCGATCTGCCACCGGACTTCATGATCGGCCTCGTCCTGGTCGCGTGCTGCCCAGGCGGCACCGCCTCCAACGTGGTGTGTTTCATCGCAAGATTAAATGTGGCCCTTTCGGTTACGCTCACCACCTGCTCAACATTACTGGCCGTCATCATCACGCCATTGCTCACCACCTGGCTGGTTTCAGCGATTTCCGAAAGCCTAATGGGCCGTGCCATAGAGGTGAACACGATTGGCTTATTAATCAACACCTTTCAGGTTGTGGTGTTGCCGGTTATGGCCGGGGTTGTCATCAACCAC
CP048685.1_gap20	925199	928349	3150	ATCAATCTGTTCCATTTGCAGTGACGGTTTCAAGCGGGTCTCCTGAATTGAACCCTGACCGGTCTCGGAGGGCGAGAGCCGGAGGACATCCTGTTTCAATATAACAGGAGCCCTTTCAAACTTCCATCAGATCTTTTTCTTTGATCTGGGTGACCTTGTCTACATCCTGGATCAACCGGTCGGTAATTTTTTGCAATTGTTCCTGGCCTTTGTGGCTCTCGTCTTCTGACATTTCGTGTTTTTTCTCAAGCTGCTTGAACTGCTCATTTACATCACGACGCACGTTGCGGATAGCGATTTTCGATTCTTCAGCATATTTCCGGACAACCTTACCCAGGTCCTTACGGCGCTCTTCAGTAAGAGGAGGGATGGTCAAACGTATGATTTTCCCATCGTTGGCCGGATTGAGTCCAAGGTCGGATCCCTGAATGGCTTTTTCGATAGCGGGCAACAAACCCTGATCCCAGGGCTGAATGGTGATGGTCTTGGGGTCCGGTGTACCGAGGGTAGCCGCCTGGTTGAGCGGAGTCTGTTGTCCGTAGTAATCAACCTTCATGTCTTCCACAAGAGATACGGAAGCCCGGCCAGTACGAACTTTGGCGAACTCATGCTGCAGGTGGTCCAGTGAAACTTTCATTTTGCGTTCTGCTTCTTTCAGCAATTCATCCATACTAGCTAACCCCCACTGTAGTGCCGATCGATTCCCCCATGATGGCGCGTTTGATACTGTGATGATGACGAACATCAAACACCATCATGGGCAAATCATTGTCCATGCACAGCGAAACCGAGGTCGAATCCATCACATTCAATCGTTTGGTGAGAACATCCAGGTAGGTTAAAGAATCAAACTTGACCGCATCAGAATCTTCCTTGGGGTCGGCAGAATAAACGCCGTCGACTTTTGTTGCCTTGAAGATCACGTCCGCTTCGATTTCAATCGCTCTCAAGGAAGCTGCCGTATCTGTCGTGAAATATGGATTACCTGTTCCGGCTGCAAAAATCACAATCCGTCCTTTTTCCAGATGGCGAATGGCACGGCGGCGCACATACGTTTCAGCAACCTGGTGGATCTCAATAGCAGTCTGAACACGCGTGGGCATGCCGTTTTTTTCGAGCGCCGATTGCAACGCCAGGGCGTTGATCACAGTCGCCAGCATTCCCATATAGTCGGCTTGCACTCGTTCCATCCCAAGAGAACTGGCTGTGGCACCGCGGAAGATATTCCCGCCGCCAATCACGATTGCAATCTGGGTTCCCAGGTCAAACCCCTGCCTAACTTCCTGGGCGAGCTGGTTGACCGCAATATGGTCAATTCCAAATCCACCCTCTTTCTCCGCCAGGCTTTCTCCACCCAGTTTGAGCAATACACGTTTATAAGCCAGTCCTGTCATTAACTATTTACCTCGAAATTTCCATGCGGGTGAACTGACCAACAGTGATGTTCTCGCCAAGCTTTGCGATTTTCTCTTTGATAAGTTCCTGAATCGTTTTCTGGGTATCCTTGATAAAAGGCTGCTCCAGCAGGCAGTTTTCTTCGTAAAACTTTTCCATTTTACCTGTGACCATTTTTTCGATGATATTTTCAGGCTTTCCGGATTCCCGAGCCTGATGGGCCGCAATTTCCCGCTCTTGCGACAGGATCTCCTCTGTCACTTCGTCACGGGAAACAAAACGCGGGCGGGCAGCCGCAATGTGCATTGAAATATCCTTGTTTAATTCCTGGAACTCATCGGTATTGGCCACAAAATCTGTTTCGCAATGAAGCTTCAGCAACACCCCGATTTTGTTTCCGGCATGAATGTAGGCCCCGATGGACCCGTCACCTGCTGCCCGGTCACCTTTCTTTTCAGCTTTCGCAATCCCTTTTTTCCTTAACGCCACAATCGCTTCTTCAATATCACCTTCTGATTCGGTCAATGCATTTTTACATTCCAGAATACCGGCGCCGCTTTGCTGACGCAGTTCCTTTACCATTGCTGCCGTGATTTCCATTTCTACTCCTTCAATTTTTCCAGTCTACAGTTTTAGTGGGCTTCTAAATTATCAGTGCTTCCAACTCAGGCAAATCCTGGAAAACCTGGTATTTCCTGGGGCAAAAATACGTTTTAGAAGTACCCTTTATTTGATTAACTTGCCAGCCGCGTTACATCAGAAGAGCGGGAATTATGCAGAAGCGGTTTCCTTACCGGCTTCACCCGCGGCGGTTTTTTTGGCAACTTCCTTGGCCTCAGCTTTCTTGGCCGCCGCCTGGGCTTTTTCTTTTTCAGCTGCTTCCTGTTTATCGTGTTTTGCTGCCTTGTGAATTTCCGCGCCTTCAATCGCCAGATCCGCAAGGCGGCTGGTGAAGAGGCCAATAGACCTTATCGCGTCGTCATTGCCAGGTATTACGAAATCAATACCATCCGGATCGCAATTCGTGTCGACAATGGCAACAACCGGAATATTCAGCTTCTTTGCCTCAGCCAACGCAATCTTTTCCTTTCGCGTGTCCACGATAAAAACTGCATCCGGCAGGCTTTTCATTCTTTTGATACCACACAGGAATTTATTCAGCTTGGCAATTTCCTTGCGCATTCCCTGGGCTTCTTTTTTATTCAGGTTGGCAAAACCGGTTTCCTCTTCCATCCTCTCAAGCTCGAGAAGCCGCTCAATACTTTTCCGGATCGTCTGAAAGTTGGTCAACGTACCACCCAGCCACCGCTGGTTTATATAAAACATATCGCAACGCTCGGCCTCTTCTGCAATCAGGTCCTGCGCCTGTTTTTTTGTGGCTACAAACAGGATTTTTTTCCCGTTGGACACCAGGTCCCGGACCTTGGCTTCCGCTTCGCGAAATTTTTTGATGCTCTTTTGCAGGTCTACAATGTGGATGCCGTTTCGAGCGCCGTAAATATAGGGCTTCATTTTAGGATTCCAGCGCGTGGTTTGATGGCCAAAATGAACTCCAGCTTCCAGCATTTTCTTCAGACTAACTTCAGACATGGTTTCTCCTTGAATTGATTCAGGTTAGACCGCCGCCCCCATCATCCCGGCGCGGAAACCCGAAGGTCACCTGCCGCTCCGGTCCGAAGACGTGCGAGATAGAATAACTATTCAATTTTAAAGGTTTTTGCCACGGAATGGCTAAACACGCATCATATCACACAG
CP048685.1_gap21	933339	935543	2204	TGTGTCCCTTCTCCTTATTCTTTTGAGCCAGGTCAACATCAATCTTACCTTTCAGGTCTTTCACTTCCTTGATTGCCGAAAAGTCCAGACTGCGCCGGTATACAAAGGGAGTGATCATTTCGAAAAACTGTTTGCCAAGAAACTCACTGCCAGCACTGACCCTGGCCTTGATCATTGCCTGTCGCTCCCAGGTGCGCCCCCACGACTGGTAATAAGTTTCACACCGACTCAGGGAATTGGCAATCTCCCCACTCTTTCCCTGGGGACGTAAATCCAGGTCGACACGAAAGACACTGCCTTCGGCGGTGATATCATGCAAAGCTTTGGTGATCATTTGACCCAACCGTGTATGAAATTCGTGGCTGGTTATTGACCGTACTTCCTGATCTGGCTCTAGTGAACGGGTTTCACCCTTGCTTGATGTGTATATATAAATAAGATCGATATCTGAACTGTAATTGAGTTCGCGCCCGCCCAGCTTACCCATGGAAAGAATTGCAAATTCCGATTCCTTTTCTACATCATCTTCATCAACAAAAAAGGGAACACCGTACTTGTTTTTCAGCTGCTCAAAACTGTACTCGTAAGCGACCTGCATACAGACATCCGCCAGATCACTCAGGTTTTCTACATTCTCCTGCAACGTCACCCGTCCCATCAGATCACGCAGACCGATACGGATGTACTCCCGTTTTTTAAATTGTCTTAGCAGCGTCGGGGTGTTGGATGGCAGTGAGTCACTCCCGGCCAGCGTATAAAAATCCCGGTATAGCACATCCTTCGTTTTTGGCTGAAAAAGGGTTTCCGGCAGACTGAGCCAATCGATATGAGCAGGCCTGGACAGAAGCGTATCAGAAAGAATCTGGCTGCCTGAAAAAAGTGTAACCAAAGCTCCCAATAGATGGTCCGAGGAGGTGAGCTGTGAATATAAATGCTCACGGTCCTGGATGATATCGACCAGTCTCAAAAAGTTATTGAGCGCTGCGTCCGCATCGTAACAGGTCGAAAGCCCGGAAAGGAGACGCGGAATAAAGTTGGGATGACGACTTTGAAATGAAGTGTGCCCTGAAATCAGGAGAAGCTGCTGCCAGGCCTTGGAAGGCTCTTCAAAACCAATCCGCTCCAGCAAAGGCTTTAGGGAGTCTTCCCATTCGATATTCTTGTACAAGGCGTTGGTTAAGGGTTCAAGCCAGTCCATGGGAAAACACTTTACCATAAAGAAAGCCCCCTGGAAGATTCCAGGGGGCGGGCAAAACTTTTACACTATAAAAACTAATTTTGAAGATAACGACTTATGCATCGTAGTAATGGAAAAACTCCAACGGATGCGGCCGCAATCTGAGTGGTGCTATTTCATTTTCACGCTTGTAATCAATCCAAGCCTCGACCACGTCCTGAGTGAACACATCTCCTTTAAGAAGGAAATCGTGGTCGTCTTGGAGCGCATCCATGGCTTCCTCCAAACTGGATGGCAAGCTGGGAACTTTTGCCAACTCTTCCGGTCCGAGGGCGTAGATGTTCTTATCCAGCGGCTCACCTGGATCAATCTTGTTTTCGATACCGTCAAGTCCTGCCATCAACATGGCCGAGAATGTGAGGTAGCCATTACAGGTCGGGTCAGGGAAACGACACTCCAGACGTTTCGCCTTTGGACTTGGAGAGTACATCGGAATACGCACTGCAGCGGAACGGTTACGGCTGGAATACGCCAGATTAACCGGCGCTTCGAAACCCGGTACCAGACGCTTGTAGGAGTTGGTAGTCGGTGCAGCAAAGGCCGCAATGGCTCGTGCGTGTTTCAGAATACCACCAATGTAATGCATACCCATTTCACTGAAACCCGCATAACCGTTTCCAGCAAAAAGAGGCTGCCCCTCTTTCCAGATACTCTGATGGATATGCATTCCGGAACCGTTATCATCAAAAACGGGTTTCGGCATAAAAGTCGCGCTCTTGTTATGGCGGCGAGCAACATTTTTCACGATGTACTTGTACCACATGAGACTATCTGCACAACTTACCAGAGAATCGAATCGCATATCGATTTCGCACTGACCTGCAGTGGCGACTTCGTGATGGTGACACTCCATATGAATGCCAACCTGCTCCATCAGGCGCATCATCTCGGTTCTTATATCCTGCAGGGAATCGGTCGGTGCAACCGGGAAGTAGCCTTCTTTATGGCGGGGTTTGTGCCCCAGATT
CP048685.1_gap22	948973	952651	3678	GCACTCGCGAAAGGTCTTTCGGGTCGTAGACGATCAGTTCGTCACCCTCTGACTGTGCCGGTAAAAGCGCAAAACGGGCCTGGGGACAAATCCACTGGTTCTCGTCCGCTTTTTTTATCCAATCCTCTTGCAGTTTTTTAAGATCCTCCAGCTCAACCCCCTTGGTTTTCCAGGAAGACTGTTTGCCGAATTTCCAGTTGAGCGAAAACAAACTCTTGGTATCCATCTCCGGTTTCAGTTTCTCCAGGCGGAATTCAATCTTATGAAAACCGACCCCATCACTGGGGGCCTGATACTTTTTCAGATCCACCTGCCGACGCGGCAGGGATTCGAACAGCTTCTTTTTATCCTCAGCCAATCCTTTCGCGCGCTGGTAGTGGCGGACCAGGTCCTCCCGGTTTTTCTCAAGCAGCGAGTCGCGCTGCCCGGGATTCATCAGGGCGTTCATGGTATTCACACCATCCATCCCGCTTTCACAGTAAAAAACATTGGGACGCAGGCGATCGATGCTGGCCTGACCGAACATGGCAACGTAACCCGCGTGGCGATCGTTGACCGGAGCGCCCCCAATCAACACAGGAATGTCAAACATCTGCTCTTCGAGCATCCGGGAAACGGTGATCATGTGGTTGGAGGTCTGCACCAGAAGAGCGCTCATTCCTATCGCGTCGGCCTTTTCCTGCCTCGCCGTTTCGATGAATTGCTCCAGCGGCACCTGTACACCAAGGTCGATGGTGCGATAACCATAATTGTCGAGCAGGGTTTTGGCGAGGTCTTTGCCAATACTGTGGACATCCTGAAACACCGTGCCAATCACCACCGTTCCTTTGTAATCGATGACGGATCCCGGTTCCGCACCGCTCAGGTGCCGCATCCAGGCTTCTAAAAAACCCATAACATGTCGCATAACATCGGCGCTCTTTAAAAGGTGCGGCAGGCTGACTTCGCCTCGACCAAAACGGTCTCCCAGCTCACGCATGGTTTTCATGAGATGGTTGCCGACAAAATCCAGCGGTTCGTGCCGGTCCAACACCTTTGCCGCTTCCGTTACAATCTTGTCCTTATACTCGTAAGTCCAACCCTCTCTTTCGACCACGCCTTGCTGTTTCTGTTTGAAACCGTCCATGATCTTTCTGCAAATTCTGGCTTCAAGATCAAGATCATCGTAGTTCTGTTTCTTCTGAACCTTCCCCGTCTTCTTGCGCAAGGCAATTTCTTCGAGTTCTTCGAACGCTGCCATGTCACGCTCAAGGATCACCTTACGGGCCAGGGCCACATCGGACTCTGTGAGGCTTTCTACCGGAACATAATGGTTCGGGTTGAGAATGGCACAATCCAACCCGCGCTCACGCCCCTCGTGCAAAAACACCGAGGTCAGCACCATCCGCATATACGGTTTCTGAGCAAGGCCGTTGGTCAGGTTTCCAACACCAATGGAAGTTTTCAAATCAGGATGGATCGCCTTGATCATCGGGATGCTTTCCAGCGATTCCAGGGCAAAGTTCACGCCTTCCTCTGATTCACTACCGATGGGATACGCATTCACATCAATGATCAGTTCGTCGGGTCCTACCTCATAATCATTTTGGGAACGCTCAACAATTTCCTTCGCCAGATCGTATTTTTCCTGTCGCGTAATGGCAGGGCCCTTGGGTCCGTTGACCAGAGCGATGTATAGCGGGTGATGCTCAGCCGTCTTCGAAAGCACCGCATCGAGTTTGCTGACACCCTCTTCATAATCTTCCAGGCTGATGGAATTCAGGATGGGTCGCCCCGGATAGGATTCGAGCCCCTTGACCAGCGCCTCTACTGAAAATGAATCGAGGCACATGGCCCCTTTGAAATCGGAGGTGAGATGATAAATCACCTGCGGCAACACTTTTTCAGTTTCTACAATGTTGCTGTCCATACACACATCGATAACTTCAATGCCAAGATCGTCGACCTGCTCATGTGTCACCGATTCGAGATCTTCAAAAATCATATCGCCTTCACGTTCGACCGCTTCACGCACTTTTTTACTGCCACGAACATTGAGGCGCTCGCCTATACGAATGAGGTTTTTGGAGCTGTCGAGGGGAATGGCATTTTGTGGGCCGGAAATCCAGACCCCTGGTTCCGCCTGGCGCTCAACGGGCGACAACCCTCTCACCATATCCGCCAGGCACCGGATATGTGCCGGACTGGTGCCACAACATCCACCAAGAACTGCAGCCCCATACTTGCTGGCGAAGGGTTCCATGATTTCCGCCATGGCTTCCGGTTCGAGCTTGTAACAGGTTTTTCCGTCTTCAGAAATGGGCTGACCCGCATTGGGAACGATGGAAAAAGGGATGCTGCTGTAGCGGCTGAGAATTTCGACAGATTTAAGCATTTCTTCCGGACCGACATTACAGTTAATACCGAAGACCGTCGGTTTCATCGGAGCAACAGTGGTGTATGCCGCCAGGATGTCGGTGTTGAAGATTTGCATCTTGGAGAAAACATCGACCGTGACCTGCACCTGTATCGGGATAGACCTTCCCGCCTCTTTGAATGCCCGTCGCGCCCCCACCAGAGTTGCCTTCGTTTCCAGAATATCCTGCTGCGTTTCGATGAGCAGCAGATCAGCCCCGCCTTCCAGCAACCCGGCGACTTGCAATCGATTGTTCTCCACCACTTCGTCCCAAGTGGTGCGGGTGAGATTGGCTTCGGTGCTCGATAACACACAGTTGGAGGGCCCCATCGACCCGGCTACAAACAGCGGACGACCGTCATAATCAGGACTCGCCTTGTACTCTTCCACAGCCTGCTGTGCAATCTGACAGGCCTGCGCATTGATATGCCGAGTGATCTCGGCAAGCTCTCCTTTTCTAAGGTCAAGGCCATCAGGAATCGATTGGAGATCGGCTGGGTCAAAATGAGCCCAGTCAAATTCCCTCAACCTCAGGGGGGAGGCCCCAAACGTATTGGTCTCTAAAATGTTGGCACCAGCATCAAGATAGGCTCGGTGGATGCCTTTGAGGTCATCCGGACGTGCGAAGGTGAGCAGGTCAGTCAACATCCTGAACAGGGACCCGCCAAAGGTAGCATCGGTCACTTCCAGGTTTTGCACCATGGTGCCCATGGCACCATCCAGAATTAAAATTCGTTCTTTTAGGGCTTGTTCAAAATTCATTTACAGCCAGTCTCAATTTGTTTAGTGGATTTTCCCGAAAAAAACGGGAATGGAAAAAAGTTCATGTTCTTCGAGGGTGCCTTTTGGCATTGGGGAAAACACGAGGATGCATTATAAGGGAATCAGACGGCGAATTCATCCCGCTTGAAAAATAAGAGATCAGTTTACAGCAAGTCTTCCGGGATAGGATTTGACATGAACTTTTGTTTTTCCGGAAGCTTCACCTTAAAAACAGCTCCTTTCCCAGGCTGGCTGGTGGCTGAAATACTGCCGCCATGGGCGTTTACAATTTTACGACAAAGCGCAAGACCGATTCCAGAGCCGGTATACCCATCCAGCACGGTATGGAGCCGTTCAAATGGTTTGAAAATTTTATCAAGGTATTTTTCATCAAACCCGATTCCCTGGTCCCGGATTTCGATTTCAACCTCCCCTTTTTCCTGTTGTTTACAGGAAATGGAGATTTGTGGCTGGGAATGCTTCTTGTGAAACTTAAGAGCGTTGCTCACCAGGTTTTGAAA
CP048685.1_gap23	956948	958053	1105	CTGAACATTGTCACTTCTGATGGTCGGCCGGTAACGCTTTCATTCACCACCACCCTGCTCAAAGACCTCAACGAAGAAACCCTTGGGGTGGCGATCACTTTCAAGGACCTGACCCGCTCTCAGGAAATCTCCGATCAAATGCAACGGACGGATAAGCTGGCGGCAATGGGAACCCTCGCGGCCTGCATGGCGCATGAAGTTCGAAATCCACTCGGGGCCATCAAGGGTCTGGCTCAATTGCTCGACGAGGCTTTTCCAGATGGTGCATCGGAGCGTACCTACACACAAACCATGATTAAAGAGATCGACCGGTTAAATGGAGTGGTGACGCATCTTCTGGATTTTGCCCAAACTGATTCAGCTCAGACCGGCCCCTGCTCAATCCGGGATTTGGTAGCCCAGGCGGTGACCCTTGCCAACTTAAATTCAAAAAACAAATCGGTGACCCTGCAGCAAAATATTGGGAACGAGTTGCCAGCAATCCAGTGTGAAAAACGGCAACTGGTGCAAGTCCTCCTCAACCTGCTGCAAAACGCTGCGCAGGCTGTTGATGAATCCGGCAGAATAGTGGTCAGTGCAGAAAATATTTCGGAAGAAGATTCTCATCATGTTCTGTTGCGCGTGTCCAATAGTGGACCTCCTCTTGAGCCCGAAATCAAATCACGTATTTTTGACCCGTTCTTCACCACAAAAAAAGACGGAACCGGGTTGGGTCTGGCCATTACCAATCAAATAGTAAATGCCCATAAGGGCCGACTGTATTTGGAAAGCAACAATGGAATGAACTCATTTTGTGTGGAACTTCCGGTGACCTCCAATGTGTCTGTATCGGATGTCTCCCTGACTCCATCCACCTGACGAAACGTGACCGGCAATGGCATCACCACGAATCCTGATAGTAGACGACGAGGACAGCATGCGTTTTTTCCTGTCGGAAGCGATGAAAAAAGAAGGTTATTCCTTTGGAACCGCTGCCAGTGGAGAGGAAGCGCTCGAACTTTTAAACGAACCCGGTTGGGGCGTGGCCCTTGTGGATTACAACATGCCGGGGATGAATGGACTCGAAACTTTTCGAAAGGTCCGTGAAAAGTGCCGGGACATTGTG
CP048685.1_gap24	959925	963508	3583	TCAATCTTGAGCTGCCTCTGGCTACCCGGCTATTGATCAGTTTCAATAATTTTTTCCATAATTACTGGTATCTGGGGTTGGCTGGCCTGATTTTTGCTGTTTATTTGTTCAAGAACTATCTGGCCACTTCCCAGGGGCGGTACCAGTGGGACCGCATAAAACTGAAATTACCCCTTGTTGGCCCGATTGTCCTGCGGGCGGCCATGGCAAAATTTGCAAGAGTGTTCGGGAATCTGCAGCGCGCCGGGGTTCCCATTCTGGATGCCCTTATGGTGTCTTCCCGGGTAGTGGATAACGCCGTCATCGCGCAGGTGATTGAAAAACTAAGGGACAGTGTGCAGGAAGGCCTTGGACTTGCCGCACCCTTAAAATCCAGCGGATGGGTGCCAGTGATGGTTGTCCAGATGGTGGCTGCAGGTGAAGATTCCGGGCTGCTGGATGAAATGCTCGTCAAAGTGGCGGACTACTACGATGAAGAAGTGGAACGCGCCGTATCCAGCCTTTCATCAAGCATTGAGCCAATATTAATAGTGTGCATAGGGGGCATGGTGTTATTTGTCGCCCTGGCTATTTTCATGCCGATGTGGGATATGTCACAGATGGCAAGGACAAGAGGATGATGACTCCAGACGAAAAAAGCAGTTCCGGAAAATCCCCAGCCTCACCGTTTTCTCTTTTAAGGGAAAGCGGCGGTTTCACTTATATCGAACTCATCATGGTCATTGTGATGATCGGATTCTTGTCCTCAATCATAGCCTTGAAATTTGTTGAGGTTGCGGAAACGACTGAGATCACAGCAGAGGGCGCAACCATTGACCTGCTGCGGTCCAATATGATCAACACGATTGGAGAACAATTGATCAATGGAAACGCAGCAACCTTTCCTATCAACCCGTTCGACAACCTGACCAAAATCCCGCAAGGCTATGATCGGTTTCGCACCACCAAACCTACAGGGGAACCTGCGGACGATGATATCTGGGTATTTGTACGCGGCAATCAGGCCAATGCAGGCGGGCAGATCACACCACAGCAGGCGGGCACTACACTGCCCACATTCCGGGTCGACGGCTTTATCTACCACCAGAGACGCGATTCCACTGTTGTGCGATGGGCTTATGATTCTTCTACCGGTGTCATCAGTAAACGGCTGATCGAAAAACCAAGTGACCTCAAACGACAACGCGATTTTAATGCACGGACGCGAGGCGAAACCACCAGAGATCAGGAACTACAAAAAACGCGATAGAAAGTTTTAGAATCCGGATTTTTACCTTTAATACTGGCTGGCAAAAACCGTTAATAAAGCAGTGGCCGTGCAACACTGTATTTTAATCATAAAAACGGTAGAGAGACAATAAATGGAAATCGCTTACGAAGTGCTGATGGACACAGGTCAAATACTGGCGCTGGTACTGGTCAGTTTCGCACTCTGCATTTCAGCGATGATCCTGTTTAAACCCCGATGGGCGAACGCCCTGAACCGGAAATTCAACACCCTCTACAACACCGATGATTCGATGGACAAGCTCAACAAGAGAGTGTCCACAACTGATGTTGTGTTGAAAAACCGGCTTTTAATCGGTTCCCTGTTCTTTGCCGGTTCGGCCTTTGTATTCTGGTACTCACTGGCAGAATTCGATCCGCAAAAGTTCATTGATTATGTGATCCAGCCGGAAACCCGGTCGGGGATCATTTTCAGTGAAATCGTGATGGAAAGCCTGCAATGGCTGTTCATTATCGTCAGCCTGATCGGGGTGGTAACGGCCATCACTATTCTGTTCCAACCCGAGACTTTCAAAGCGTTCAGCGACAAGCTGGATCGAATGTTTTCAACAGACGAAACCGTAAAACAGCTGGAAGAACTGAATAGTTCACTCGACTCCTGGGTTATCCGGCATCATGTGCTGGTGGGCGGGCTGATGTTTGGGGGATCTATTTTCCTGATGGTGTTCTGTATACGCGAATTCATAGGGTAAAAACGATGCCAATCAAACCAAACGCTTGCTGGAAATAAAAGAATTGAAAAAATTAGCGCGTTTATGGGATGGTCAGGGAACATAATGGGTAAGTGGTTACACATTTAATACGTGGGAATTCTTACCCGGAATTGAGGAATTTGGACAAATAAAAAATTTCCTTTGATAAATGCCAGTCAAAAGTGAATTTTTGTGAGAATGGAAAATGTAAATCAATACGGCATTGAAATTGCTTTTTTATTAAACAGTTGCACGGAGTTCAAGAGGACCTGCCTTTGGGTTCCGTGAAGAGACCCAAATAAACTTTCAGGAGGAAGCCATGCTTCGCGGAAACAATAAAGAAAAGGGTTTTACACTCATTGAACTCATTCTGGTGATCGTCATTCTCGGCATCCTCACCGCAGTGGCCCTGCCACGTTTTGTTGATCTGGATGCCGATGCCCGTACCGCCCGGAATCAAGGCGCACTTGCTGCTATTCGTGGAGCCATCACCATGTTACATGGGAAATACCTCATTGATAATACCGCCAATGATTACACTGAACTTATAATTGTCAACAATACTGATATTCAGGGTGGTACCATGGGTCAAGCCGCAGGGTTACTTACGGTAACTTGGGAGGGGGAGACAACTGGTTATACTTATACCTACACGCCGAGATCAGGAAATGTTCCTGGAATTGCAGCTTGTTCAACAACAGGTTGTAGCTAGGTAAAGTTGTTTTGAAAGGCAAATTATCCTACAAATGACAAGCACTCATACAAGCCCTGCCTTTAAAAGGCAGGGCTTTTTTTTTGGCATTCCCTTTAAAGAATGGCTTACAAGCCTGGTAATTTTCATTGTCCTTGCCGGGTTATATTTTCCCTATCTTATAAATGGAATCTACGCTCCATCCGGGGCGGATCTGGCAATATTTTTTATCCCTTTCAGGCAACTTTGGGTTGATTTAGTAACTCAAGGATTTTTTCCACTTTGGGATCCTTACACCTCTTCTGGAAATCCCATTTTTGCCACCCTGCAGGGGGCGGTGCTTTACCCTTTTAGCATCCTGTTTTTGTTCCTGGATTTTTTTTCCGCGTTTAACATTACGTTTGTTCTTCACTTCAGTCTTGCCGGATTTTTCATGTACTGGCTTTTAAGGGTCAGCCCCTGCAGTCGATTGGGAGCCGCCATCGGCGCGTTGGCTTTTATGTTTGGAGGCTATCTTTTTTCTTTGAAGTTTTATTTATCCACCCTCTTTCCCGTCGTATGGAGCCCCTTACTGATCCTTTTCTTTCTGGCCGGATTGAAAAAAAATGACCGGAGGCTGATCCTGGGTGCCTCATTGGTTTCAATATTTATGATCTTTGCAGGGGGCGCTGAAACCTGCTATCAAATTTTTGCATGGCTAATTCTTTTTTCTCTTTTTCCTCGGATTATTTTTCCTGACCAGACTTTACCCGATTTAAAAAACCGACTAATTTCGCTTGGTATTTTTTTGGCCTTTTTCTTTGGAATGTCTGCCATTCAATTTCTCCCAACTATGGAGCTTGTCCAAAATTCTATCCGATCAAAAGCATTTGATATAACTCTGGCTTCGAGTTGGAGTATACACATGCAGGAC
CP048685.1_gap25	1125872	1130278	4406	GGAACGCCTGCCAGATGCACTCAAGCGCGGCGCCAGGATTATTGCCGAGATTGGTGGCCACGCCATTAATTCCGATGCGTACGACCACATTCTGCCGCATCCCGAACGACAGGCCGAGGCCATGCGGCTGGCTTTGGAGCGTGCCGGTATGAAGGCGAACGATGTCGACCTGCTCAGCTCACACGCCACGGCTACCCAGTTGGGGGATGTCCAGGAGGTCAAGGCCATCCGCGAGGTGTTCGCATCAAATTCGAGGATCAGGGTCAATAACACCAAAAGTTACATCGGCCACACCATGGGGGCAGCCGGGGTGCTGGAATTGACCGGAAACCTGCCTTCTCTGGAAGATGCGGTGGTACACCCCACCATCAACCTGGATGATCTGGACCCGGATTGCGAATTACCGGGACTTGTCGCCAATTCTCCCCAGAAAGTGGACCGAGTCGATGTTATAATGAATAATTCGTTCGGAATGCTTGGGATCAATTCGGTACTGATCGTAAAAAGATTTGTAAAATAATGGGCTTAACCCCTTGAAAATCACGCCGGTTTTGCCTAAAATCTGGTCCACTAAAGGAGTTTGTGGATGACGAGTGAAGAAGTAAGAAATTCCATTTTAAGCATCATCGCCGATATTGCCCCGGATGAGGACCTGTCGGGAATCCAGGATGAGGTGAAACTGCGCGACCAGTTCGATCTCGACTCTATGGATTTTCTGGATATTGTGATGGAGCTTAGAAAACGGTTTAATCTGGAAGTTCCGGAAGAAGACTACCCCAAACTGGTGACCATGAGCAGTTGCGTGGAATACCTGTCCCCCCGCCTGAAAGACCACCAGCCCGTCGGCTGACCCAAAAAAAGACATTTAGTTTTATTTTTCCAAGTGTGCTGGAAAGCTGCTTCTTCGTGCACAGAAGCAATAAACAGATTCCCGGATTCATTAGATAACGGATATTTATTTTTATTTAATTTCGATATCGAATGTACTATTATAAAATAATGTGTTAATTTTCAGATAGTTATTGCATTTCCCCTGCAAAACTGAGCCGCTATTCCTTAAAAAAACTTCCCTAAAGTAAATAATTGACTTTGTCCAAATTCATTACCTAAGGATGGACTAATGAACCTGCACGAATTGGCGCTATTAATTGCCCATTTTCTTAAAGCTAAAACGGGGCGAAATGTAACCATCCTCGTTCGAGTGGACAATAAGAGAGGTCATGGATGGAGTGTTGAGCTTGAGGGAGGAGCCCGATTCGGTCGAACCTCTTGTGTCCAGGCATTTCAGGCAAGAGCCCAAAAGCAATTTGCAGATTCGGATTACTACGCTTATTCCACGGCCAAACCGACCCGCATGTGTCTGGGAATGGCCATTCGCTGCCACACCACGCATTTTTTCTTCGTGGAAACCGGGCAGGTAAAATTCCTGACACCCGCCGACCTCAATCTCCAGTCAAAAGTTCTGACTCTAGCCCTGGCAGGAGTCACTGCTGATGGTTGGGATCCAGCCTGGGCCGAGGCGTATCCGAAAATTTGCACAGCTTTCGGTACACCCGCAACAGTTATTCGAGACAATGATATCAGGGGGATCCAAAAATGGATTTTTGAAATAGAACGCGTGGGAAAGATGGGACCATGGGTTCATGAAGTGATTCAAAGTCCATTACCCGTTTTTACTCCACCCAAATTGTCTTTCAAGCCCTCTGGAATAACGTCTTGCGAGGTGAGGAATCAAAGGGTACGCGATCATATCTTCATCGGCCTGGCTTTTGCCCTGTTACACGGGGCTCGAAATTCCGATGAATCGTCTCTGAAAGGGAAGAATATTGCCTGCGTCCTGGTGAGCCCAACAGGAACCATTTTGAGCTGGGGCATCAATGTCAATGAATCGAATTCCACACTGCACGGTGAAATTACCTGCATGCAAAGCTACTTCCATCGATACAAAAAAGTGGTGCCCGATGGTTGCACCTTATACACCACCCTGCAGTCTTGTGAGATGTGTTCAGGACTGTTGGTTACCGTTTGTCGGCACCTTCGCGTGGTTTACGCCTCAACAGATCCAGGACTTGCAAGAACTTCCCTGCAGGCAAGGTATTCCGGTTGCCGCGAATATTACTATGGTGGACCGGAATCTAACCCACTGGCACGAGCCCGGTTTCAACGCGCCATTGGCCGGGTGATGTTCAGAAATGCAGAACTAAAAGCCCGCGACGTATCGCGAGCTGTGGGTACTATGTCTGAAACACGCAGGCCCAATTTAGGGGCAGAACCCTTTCGAAGTCTTCCTGGCAAGTTAAAGGGCGATCTGGGAAGAAAATTTACAACCTGGAAAAGGGCTCGTATGGAGCGGACCTTTGAAGCTGTCTTACATCCTCACGTAATGCGTCTCGACCCATTATTGAGAGCGATGCCAGCCGCAATAACCAATGCCTTGGAAACCGGGCTGGTTGTTGGCAATATCCAGCATTTCCATAGACGGTTTATTGAATTGGGAATCTCTATTTATAATGTTGTTCAATACAATAACTTTATTGCTAACACTAATATCATGTATTGCCACATGGGAAACCCGGATTACAGATCAGTGCGGGAGCCCTATGACGAGGCAGTCAAACTCGCTCTTCTTAAAAATGCCGATGTCCTGGATTTAATAGCCTGGTTGCAGGGCGCTGAATTGTTGATAAAAATAACCGAAAATCCTCTGGAAAAATAAGACCTGCTCTATCAAGAAACTTTTTCAAAAAAATCACATAAAAGATAACAGCAAGGAGTTCCCACTTCCCTTCGACAGACTCAGGGTGACACACAAAATCAATGCAATGTCATTCTGAACGAAGCTTTGCGGAGTGAAGAATCTCGCCTTTGCTTTTGATTTTAGCGTTATGCAAAGGTCTTCCCCCTTCAAGAATGCTATTCGCGTTCTTGAATAGAAAAGGAGGGGATACAGGGGAGGTTGTATTCATGACCCCTCCCATACCCTCCACTTTCAAGGGGAGGGCTTTGCAAGTTAAAAATTTTTTGGAACAAAGTATTCGTCATTGCGAGGAGCCTTTGCGACGAAGCAATCCAGCCGGGCAACGCCCGGAGGAAACTGGAAAAATCTCTGGAACTACCTCTTCCTGAGAACCTTTCATAAGCACCTTTCAAAGGGAGAAAGTGAGGACGTCCCCCTTCCCTTCGGCAAGCTCAGGACAGGCTCCAGGCTCAGGGTGACACACAAAATCAATGCAATGTCATTCTGAACGAAGCTTTGCGGAGTGAAGAATCTCGCCTTGGACCTTGGTTTCAGGGTTATCCAAAGGTCCCCCTGATGGAAACCCCTCAAATTTACCCCTTCCCAAAATAAATTGCGGTTTCGATCCACTTGTCGGATAATACCCCTCAGATTATTTTTACCAGCTTATTGAATTTGCAAGCCCTGAAAATTTCACCAACCTGCCTGTTTTTCTGGATTTGTGGCCCGGGCAGTTTTTTTTGACCGATAGTTTTTTTAATTCCAACCTGGGGAGACAAGATGATAACCGATAAAAGCCCATCCACTAATCCGAAACGGCTACGAAAAAAAGCACTGGGGTTGCTCTGCACCCTCGTTCTGGCGGGAAGCCTTGCCATCCCCTCCGCATGGGGTGCGGAAGGCGATGATGAACGTCTGCAGGCTCTTGAACAAAGCAACCGGCAACTCAAAAAACAGGTTTCTCTTCTCCAAAAACAGATACAAACCCTGGCCCGGCAAAATCGAGCGGGTTTCAATTCTTCAGAGGGAACCAACGGCCAGACAAACCCGCCCGATATTGGGATCGTCCCCACTGCACTGGAGGCTAAAGTTCAGGCACTACAGATTCTGCTGAGTGGTGTGGAACGTAATGGGAACAGCCTGATTTTTAACGGCATGAACCTGGAAGTGAACAACGGATTGGGTGCCACTGACGGGCCGGTCAATGGTCTTGGCAATATCATAATCGGTTATAATGAGAACATCTTTCCTTACCTGGGAGACGGACCGTCTTCCCAGAAAACCGGTTCGCATAATCTGGTGGTGGGGAAGGGAAATAATTACATGAGCTATGGCGGGATCGTTTCCGGACTCAACAACTGGATCTCCGGAACCTACGCCACCGTCACCGGCGGAGAACGCAACCAGGCACTCGGCGGATTTTCTTCCGTCTTCGCCGGCAGTCTGAATCAGGCAGCCGGCCTGGGCGCGAGCGCAGGCAGTGGACAGGCCAACGCCGCTTCCGGCGCGTTCAGCACCAGCTTTGGCGGACTCCAGAACGTTGCCACCGGTGATTATGGTTCCAGTCTGGGCGGGTTACAAAACCAGTCCATAGGAAACTACAGTTCCACAACCTCCGGCTCCTTGAATACCGCGATCGGCGTTGCCAGTGGCATAACCGGAGGATTGA
CP048685.1_gap26	1135351	1137812	2461	CGATAAAATACTCCACCATGTTTCACATGACCAATGATTCGGACAAGTTCAAAACCCGTGAAGAATTAGAGAGCGAGGGATTTTACCCGGTGGAAGGCAACAAACTGAAGAAAGGGGAAGAGGAGTTTTTACCGTTGTATGTTGGAAGGATGATTTATCAATATAATCATCGTGCGTCCTCTGTAGAAATTAACGCAAGCAATATCCAAAACGTAGCAAATAGTCGTGAGACTGAAATGCAAGATTTGGTAAATCCTGAGTATTATCCAGACCCTCAATATTGGGTAAGCAAAAATGTAATAAGTCCGAGTTTAAAACTTAAATGGCATTTCTCTTTTAGAGATGTTTCAAATCCAACCAATGAAAGGTCATTAATATCAGCTATAATCCCCAATTATCCAGTGGGAAATACACTACCAATTCTGATCCCAGAAAATGAAATAGATTTAGACAATTTCTTTATTATTGTTCAAAATTTGATTGGAAATTTCAATTCCTTTGCTTTTGACTTTATTGCCCGACAGAAAATGCAGGGCCAGCACATAAACTGGTACATCCTTGAACAAATTCCAGTTATTCCGAATAAACTGTTTTCAACAATGTTTGGGGATAATTCAGCCCGAGAAATAATCCATGAAGAAGTTTTGAGGCTGACCTACACTGCCTGGGATTTAAAGGATTTCGCAAAAGACATGGGCTATGAAGGCGAGCCCTTTATCTGGGATGAGGAAGATCGAATTCACAGAAAAGCCCGGCTGGATGCCCTGTTTTTTCTACTGTACCGACTTACCGAGAAGGATGCAGACTACATTCTGGAAACGTTTCCTATTGTAAAAAGGGAAGATGATGCAAAATATGGGAAGTATCGAACCAAAGAATTAATCCTGGCCTATATGCGTGCATTAAAGGCCGGAGATACCGATTCAAAAATAATCATATAATATTTTTAATCCTAGGCATCTATTTCACCATTAGTTTTTTTTCTACGGGATTGATGAAGGAGTTGGAATGAAAAATATTGATTTGGGGCAATTGGAGAAAATTGAATTGAGGAAAGCCTGGAGCAGTGAAGCCAGTGATTTCACTCCCTGCCTCGCGGAGGAAAAAAGTTTACGACTCCTTGGCAATACAGTTGGTATTGATGAGTTGGAACTAACCGGTCAGGAACAAAACGTAGGCCCTTACCGTTTGACTATCCGTTCAATTGCCCTTTAACCTGATTGCAGAGATATCCACTGCAAAGTTCCGGGCTGAATCCAGACATTCAGGAGGGCGGGTATGAGAACCCTATTCGGTGCGGTTTTGTTATCGCTTTGGCTGGCGGGTTGTTCGCAGGGACCGGAATCTGGCGTGAAGTACCATTTCGCTTCCAAGGATGAATACCTGAAATATTATCTGCCCTTGCAGGACGACCATGGCGGGGTCAAGAAATGGGTACCGGCGGAGGGCATGGACTGTTACGGCGGCAAACACATGACCCTGGGTGACGGGTTCGAGGTGATCTTTTGTCCCAGGGACGGTAACGAAAAATTGTTCAAGCTAAGCGGTTAAGTGGTTGGCGCTTGGCCATCGAAAATCCGTTATTATTAAAGAGCTGAAGAATAATCCCCCTAGCCCCCTTCGCAGAAGGGGGAGGTGCTGACGCACGGCAAACTGACAAATACAATTCTCCCTCTTTTAAAGAGGGACGCGAAGCAGGGAGATTTTTTTCCATCTCGTAAAGCCGCTTTTGATCTGGATTGCTTCGTCGCTATCACTCCTCGCAATGACAAAAGAAGAATCCCCCCGCCCCCTTTACAACGAGATCTTTGCATAAGAATTAGAACAAATGCCAGAAATTTGGTGGCCCCCCTTCCCTTCGGCAAGCTCAGGACAGGCTCCAGGCTCAGGGTGACACACAAAATCAATGCAATGTCATTCTGAGCGATAGCGAAGAATCTCGCCTTGGATTTTGAATTTCAAGTTATGCAAAGGTCTCCTTCGCAGAAGGGGTTGGTGCTGACGCACGGCCAACGGGCTAACCCAATATTCCCTCTTTAAAAGAGGGACGCGAAGCAGGGAGATTTTTTCCACCTCGTAAAGCCGCTTTTGATCTGGATTGCTTCGCTCCTGTCAGTCGCTCGCGAAGACGGGTTTTTTCCTGGGTTATGAAAGTCCTCTTGAAATTGTCCATAAATCGTTGGGAAGAAAATATGCCAGCATCCTTTTTAAAAAAATACGATACCTATTCAATATTGGATTTGAACACTCTGTGAAAATCCATCCGACCATGGAGCACGCGCACGACATAAATCGTCTTTTCTTTGACGCGAAAAATCAGGATGTGTTCGCCTTCGGGATAGGCGTCGTATTCCGGCGGAAGATCCGGCCGCTTATGACCAACGCCGGGGTTGTTTAAAACCGTTGCCAGTGCCTGGTCGAGTTTTTCCTGATAAACAAGAAGCTGTTGTTCACCATAGGT
CP048685.1_gap27	1214756	1218923	4167	ATGCGAGTATAGAGAAAAACGATAAAATTTTTTGAAACCTGGTCGGCAAACAATAATTAAAACAGGTTGGGCAATTAGAGATATAAAGGTCAAACAAAAAAGTTGGAACAGTCCTGCCGGCAGCCTGTTGAAGACAGACTACTTTCAATTGAAAATAAACTATTCCTTGAACCAACACTTTGGCCACTCAAGGTAATTTCAACACAAGGGTAGTGTCAAGAAAGTTTCGCACTTTGAATTTTGGAAAGCCCTCAATCAGGTCTGCATTTGTTGGACCTGTGGGGGCTGTCGGGAAACGCGAAGCGTTTTCCACAACTCCACAGGTCATTGTTCATGCCGCCTGGTTCTGCTCCATCTCCTTAAGTGGGTCCATGCTGATATATCTTCTGATACCCCACCTGGTTCCGGCAACGTGTCTGAGTCTGGCCGCCGCCAGCATCAAGGCCGATTGCCCATCCGGAAAACAACCGACCACTCGCGTCCGTCGTCTGACCTCTCTTAGGATTCTTTCCAGCGGATTGTTCGTTTGGATATTTCGCCAGTGCTCTCTCGGAAACGCGTAGTAAGACAACGTCTCATGCGCTCCGTCTCTCACTTTCTCTGATGCCTTCGATAGCTTCATCGTAAGTAGTTTGGTAGCCACCGATTCTATCTTCTCAAGTGCCGCCTGCCGGTCTTCCTGTGCATGAATGGCTTTCAACATGTTCGACACTTCCTTCATCTTATTCCGGGGAACCACCGAGAACACGTTCCGGTAAAAATGTACCGTGCATCGCTGATGGTCTGAATCAGGATAAAAGTCGCTGAGTGACTCTACCAAACCCAGGCACCGATCAGAGATGAACAGCTTCACACCTTTAAGCCCCCGTTCCTTTAGGTGCCGAAGGAAACCGCTCCAACCCGCCTTGTCCTCCTTGGTGCCTTCACAAACGCCCAGCACTTCCCGGTAACCCTGCCGGTTCACGCCGATGGCCACCAGTACCGACACGTTCTTCACCTCACCGCCCCAACTCCGTTTCAAACAAATCCCGTCCAGATATACATACGGGTATTCCCCTGTGATCGGGCGGTTCCTCCACTCATCGATCTTCACGTAGATCTTCTTGTTGAGCTGGCTCACTGTGCCGGGGCTCACACGAGTTCCCCAAAGCGCCTGGGTGATGTCCTCCACACGACGAACTGAAACTCCGGCCAGATACATCTCCATCAGCGCTTCCTCAACAGAGGACTCACGCCGACGATACCGCTCAATAATAGCCGTCTCGAACGTCAACGTTCTTAGCTTCGGCACCTTCAGGTCCACCTCGCCAGCCTGGGTTTGAAGCTTACGGTCATAGTGGCCCGCACGCGTGTCCTTACGTCCCTCCGAACGCTCATACTTGCCAGCACCACACAAACGGTCTGCCTCAGCATCCAGAAGGCCGTTCAGCGTTTCCTCAACCGTCGAACGCACAATCCCGTTCACATGACTCTGGATTTTCCCCTCATCTATCGATACAATGTTCTTCACAATTGGTGATGCCACGTCTTTCTTAGACTTCGCTTCCATATTAAGTCCTCCTGGTTTTAGGTCCGGTTCTCGTTTCTCGCAAAACGAAGTATACAGACCAAAAGGAGGACTTTCCTTTTTCCAGCCAACACGACCAGATTAAATGTGCGAAACTTAGCTTACGTTATCAACACAAGACCTTCTAAATAGAAAAACTTTATGGCCATCGATAACATCCTCCCGCTTTACAAAAAACAGCTACCTTTTCACAAAGAATAGATTAAAAAAGCGGTGGAAGCTTTTTCAAAAAAAAAAAAAACCGGGAAGCAGGCAAAGCCCACTTCCCGGTGAAAAAACTTTTTTTTGGAGATTAATACTCCAAGGTATGAAACTGGGTTACAGCTTTCTGACCATTCCGTTCTTTGTTCTGACCATTCCAGATAGCGATAGCCATTGGAGTTTTAGAACCACTGAACTGAGTGTCATTCTGGTCATTGGTGCTCAAAGCCCGCTTGAACACAACTGACCAACGGTTGTTAAACCAGTTTCCTTTTCCGTCAACATCCTGATGAGCCTGAGTGGTCAAGGTAGAGAAACCTTCAGCATTCAGGTCTTCAACTGGAGATCGGCGCATAGAAGCGTCAGACAGGATATTGTGGGTTGCCCGACCAGGATTGTAAACACCTTCGTTTTTACCCATACCACGGTCAACGAAAGAGTTACGCTTCGAGATATCGGTTGCGCCACCGGTATGAACGCCGTTGCCCGCACGCTGATCTTTAGAACCAGACACACCTTCTTTCAAGGCCGCTTTCATTTCAAGTTGCCCTGAAGGCTCATACATGTAGTAACCGCCAGAACCCATACCCATGTTTTGGTACTGGTCTTCTACATCCTGCATACCTGCGTTTCCAGCAGCACCAGCGCCTTCTTTATCCCAGGTGCCTTTCCACTGCCAGATGTTAACGCGCTCGCCTTCACCGCCCATTGTGAATGGAGGCTCTTCGCCAGCTTGATTTACAGGGAACATAAGAGCTACCTGATCTTTATATTGCTGTGACCGAACCATAATGTCATTACGAGTCGGGTCCAACCAGGTCAGCATAACGGCGATTTCTTTGTCATTCCGTACAGCCTTAACACGCACCCATTTAGTGGATGGGTTAGGCCACATTGGATTTGTGATCATCTGGGGATCCATTTCAATGGTGATGTGCTTTCCAGCAGTCGGACCATAAGATGGAGACCAGAAAGGATCAGTTGGGTCTACAGGAATTTCTCCCTGAACCCTTAACGCTTTAATGGTTACAGCGTTTGCAGCTACAGCAAACATGCCAACCATCAGCGCGGCAATCAAAGCGAGTATTACCGACTTTTTAAAATTCACTGTTTTCCTCCTGTTAGCCTTACGTAGCAGATTCCGAATTATGAGCAGTTAGCTCGAGAAAAAAACAACCATTCCGGGGCGGCAGACCCGCCCCGGAAGTGACAGAGTCCAGGTTTTTTAGAATGCACCCGGATGTTCTTCAGGCCGTACGTAAAATGGCTCTTCGACCGTCACGCGGATGATCTCTTTGCCTTTACGGTTGAACCCGATTACCGTGTCGTTATACATCTCGAACTTCTTCCCGTGGATGTTGGTCTCGAATATTTTCGGACCTGGCTCACGCTTCCACTTGAAGATAATCCGCTGCGTCGTTCGGAACAACTGCAACACGCCCAACAGGTCGCGATCCGGTACCATGTACTGATCAATCGCATGATCAACACCTGGCCCAAACATCTGCTGGCTGTATGCTCGTGGCACGTGACGCGACGGAACATAATAACCGTTAGGCTCTGTTCCCAACTGCGGATACAGCGGCAACGCTACCTTACGGTCTCGAATCAGATAGTACTGAGGATTGTCCGGATCATGCGCCCATTCACCGTTGCTGCCAATCTTGACAAGACCCTGCAAGCGAATCTTACCAACACATGCGGCCATACAACGGGTCTCCATCTGATCACCCTCGGTCAAAGGATCCAATCCTTCAATTCGGGGGTAACAGGCGATACATTTCTCGGAAATACGAGTCGTACCACGGAACATCGGCTTCTTGTAAGGACACTGCTCAACACACTTCTTATAACCACGACAGCGGGACTGATCAATCAAAACGATTCCGTCTTCCTGACGCTTGTAGATCGCTTTACGCGGACAGGCCGCCAAACAACCCGGGTACGTGCAGTGGTTACAAATCCTCTGCAGGTAGAAAAACCAGATCTTATGCTCTGGCAATACTGAACGCGTGCCGTTGTCCCCACCAAACGTTCCCTCACGGGACTGGGTGAACTCACGACCATGAGCCGTATCCTCACCAAAGTTCGGAAAACGCCACTCTTCGTCAGTCGGTACATAACCGATCGCCTGCTGGTTCAGACCAATCTTCGCTGGTGCTTCAAAAATCGTCACACCCTCGTATACACCGTGAATGGCCTTGTTTGACGTCTTACGGACGTTCCATACATTCTGACCTGGGTTGGATTGCTCCAACATCTTCAAAATCTTCCAGTCCCAGAACTGAGGATACCCACCATAAGGCTTCGTCTCTACATTGTTCCACCACATATACTCCTGACCCTTGGAAAACGTCCAGGTGGACTTATGGGCCATCGTACATGTCTGGCATGCGATG
CP048685.1_gap28	1262965	1264820	1855	AAAGTCAACCCGACACAATCCGAGGCACTCACCATGGTGGCAGCCCAGGTGATCGGGAATGATGTTGCAGTTAATGTGGGAGGATCATCCGGAAATTTTGAGTTGAATGTTTTCAAGCCGGTGATGATTTACAATCTTCTCCAATCAATCCGTCTTATCTCAGATGCCTGCGAGTCTTTTACCGACCATTGCGTCGTGGGAATCCAACCAAACAAACAGCGTATTGAGGAACTCTTGAATCAATCGCTGATGCTTGTAACAGCACTCAATCCTCACATCGGTTACGACAACGCAGCGAAAGTGGCCAAGAAAGCCTATGAGGATAATACGACCCTTAAACACGCCGCGGTTGATCTGGGTTTCCTCACAGAATCGGAATTTGATGAAAAAGTTCAGCCCAAAAATATGACCGGTCCAAAAAATTAGCGTAAAATCCCTATCAAAATTTCGAAAAAAATTTTCAGGTCATAAAAAATACGGGTCATGGTGCCAAATGAAAAATAATTTTGCACGAGTTCGTGTAGTAGGGATACTCACCCGTTTTCCCCTGGCTTGCGAATATCAGATATAAAATTTCTTTTTTTACCTGTACCCAAACCCAAAATACAAGCCATGTCTGTTACTATTCAAAAATACTGAAAACAGCTAATGTAAACACAGTTTCCCCGCCTCACCCAGTTCAAAATACAGCAAGGGGATAGAGTCATTTATTAGATAAATGAAATTAATTAAATAATTATTCGGAATTTCAAAAAATTTTTATCGTGGTTCAATTGTATTTTTCAACTGTTCTTTCGAGTTTGGTGGTAATTATTTATGCTTTTACTAAGAATTGATTGGATTTTTTATCTCCTAACCCTTTAAAATAACTACCTAAAATAAAATTCTCCCTACATTCACTTCCGGGTGATCCGAAACATTGTTTTTAATTTGGCCTTCGGATTTATCTGGGTCGTGTGTGGATATTTCCAAGGTAACTATGATTCCTGAAGCGCTCCAAAAAGATGTTCCCATAATCATCGCGGAAGATGATGAAGACGATTATATGCTGACCTTGGAAGCACTCAACGAGGCCGGGATCAATTCCAAAGTCACCTGGGTGAAAGATGGTGAAGAGCTGATGGAATATCTCTCCAATTGTGATATGGAAAAGCGTTCGCTGACCGGCTCACAAAAACCAGGGTTGATTCTCCTCGACCTCAACATGCCCAGGAAAGATGGTCGGGAAGCACTTCAGGAAATAAAAAGTAACGCCGGGTATAGAAAAATCCCGGTGGTCGTCCTTTCTACATCAAAATCCGAAACTGACATTGACCATTCCTACGAGTTGGGGGTCAATTCTTTTATTCAGAAACCCGTAAGGTTCAACGAATTTGTCGAAATGGTCAGTGTGCTTTCAAAGTACTGGTTTTCAACAGTGCAACTTCCGGAATGATTTTATTTATCGAACAACCTCTCCAAATTCTCCTTGTAGAAGACGACGAAGACGATGCATTCCTGATCAAGGACCTGATGCAGGAAATTGCCATCACTCCACAACCCCAGGTTCATTTCGTGACCACGGGCGATGATGCCCTTGAACTTCTAAAATCCCAAACCATAGACCTTTGTATTTTCGATTTTCGCCTGGGAATTCAAACAGGTATTGATCTGCTGGATCAGGTAAGAGATGCCGGTTGTGAAGCTCCGGTTATTTTTCTGACAGGACAGGGCGATCAGGAAACTGCGGTTCAAGCAATGAAAAGTGGAGCCACGGATTATATGACCAAAAATAATCTATCCGCTGAGACCCTTTTCCACTCTATCCGCCACGCAACCAACTTAAAAAAAGAAGAAGATTTAAGAAAACGCGCCG
CP048685.1_gap29	1276090	1278494	2404	ATAATATTGTCTGCGTCAGTGACGGAGGAATGCAGAAGTGGATGGATATGGGTTGGGAAATGGAATAGATAAAGCTGTATCCCAGCCGCTTTACCGGGTCCCCTATAGGCAAGAACCGTCCTCTTAATAGTAGTGCAAATGCAAGTATGGAATAAGATAGGATTTACCCGGGTTTTGATGGGCCTTGAAATTGGTATTTTTCCCTATAAACTATTGGCTTGCCGAATTATTTGACTTGTGTCAATCTGTTGATCAAATTATTAGGAGCTTTGGAAACATTTGCTAAATTGTTCCTTGCTCAATTCCAGGGGGGAATCAGAGCCAGGAGATTTTAAATTCAGCCTGTCCACCCGCATTATGGTCAGAAGAAAACTGTTTTTTCTAATTCCAGGATCAGCTTTTTGGGCCATGGAAATGGTATTTAATTTTTAAAATTACCTTCGGGCTGGAAACTTTGGGATATCCGATGTTATGAGATACCCGGTTCACATTCTCGCGGTTTTTTTTTTAACGATAGTAGTCTGTTTCCCTCCCCCTTCAATCGCAGGACCCCACCCGGATTTATTTCTCGATAAAGACGAAATTGCGTGGATAAAGTCCCACCCGAATGTCAAGGTTGCCAATGAAATGGATTGGCCTCCCTTTGATTTTGTGGATGGGGGAAAGCCAAAAGGTTATTCCATTGACCTGATGAATTTGATTGCTGAAAAAACCGGTTTAAATATCACTTATGTAAATGGAATGACCTGGGATGAAATAATCAACCGTTTTAAAAAAGGCGAAATTGATGTTTTGCCGGCGGTTTATGTTAACGAGGAAAGACAAGACTATATTCTGTTCACCCAAAAGTATTTTTCCCAACCTTCAGTCCTTGTTGTCCAGAAAGACAACAAGGATATCGTCGATATAAACAGCCTGTCTGGAAAACGCGTTGCCGGTATTACCGATTACTTAATCACCGATGCCTTGAAGGTTTACGATCCTTCGATAACCATTGTCCCCGTAAACAATACGCTGGACGGTATCAAAGCTGTTTCTCTTGGAAAAGCTGATGCGCTGGTGGAAAGCATTGGGGTCGTTTCGCAATTACTTGAAACTCATTTTATTCCAAACGTAAAAACGGTGATCAATGTCGACTTTGAACCGATCGCCAACCCGGACCTGCATATGGGTGTCGCTAAACACAACACCATACTTTTTAGTATTTTAAATAAAACCCTCTCAACCATCTCCCGGGAAAAAAAGCGCCAGTTGCGGGAACGATGGTTCAACCTCCCCACCATCAAGGACATTAAACTCACCCCGGAGCAACAAAAATGGGTGGATGAACATCCAGTGATTCGCGTTGGCGTTGACAAGGATTATGCACCCTACAGCTTTTTAAATGAAAACGGGCAATACGTTGGAATAGCTCTGGACTTTATGAAACTGCTATCCCAAAGGCTTGGCCTGAAATTTGAACCCATTCCAGGTTTAGGCTGGCCTGAAATTCTGGGAAGAGCAAAATCCCGGAAACTGGATGTGCTTGCGACAACCGTGACCACTCCGGAACGTCGCCAGTTCCTGAACTTCACTCCAGTTTATATTCCAACCCCGCTCGTCATCATGACCCGAAATGATTTTAACAAAATAAAATCACCCAAGGACCTGGCCGGTAAACGGGTTGCTCTCGTTAAAGGGTATTCCGTGAGCGATACCATCAATAAGGAGCATCCCGATATAACAGGATATCCAGTTGAAAACCCCACAGAGGGATTGCAGGCCGTGGCTATTGGAAAAGCAGATGCCTATGTAGGCGTGCTGGGTGTAAACGTCTTCCTCAATAGAAAAAACGGAATCACAAACCTGAAAATTGCCTCCAGCTATAACTTTGAATCCAACGGGCAACGTTTTGCAATTCGGAGCGACTGGGCGGAATTGACGGTGTTACTAACGCAGGCACTTGAGACCATAAATGAGGAAGAACGCAGAATAATATTTGACCGGTGGATTAAAACTGAGTTTGAAAAACAGCCGGATTATTCGATTTTATTTAAAACCTTTGCCGTTTTTATTTTCGTTACAGCCATTTTATATTTTTTCATCTGGAAAATGGCCCGGGAAATAAAACTCCGGAAAACAGCCGAAAAAGAACTTAAGAAGAACAATGAAATTCTTCTACACGCTAAACGCGAGGCTGAAAAAGCCAATCAGGCAAAATCTGACTTTATATCCAGTATGAGCCATGAACTGAGAACCCCCTTGAACGCTATTTTGGGTTACGGACAGCTCCTGGAAATCCGTAATCAGGATTCCATGGACCAACTGAGCAAGGAAGGTGTTCAGCAAATTTTATTGGGGGGGAGACATCTCCTGGAACTAATCAATGAAATTCTGGACCTGGCTAGGATTGAATCCGGAAAGC
CP048685.1_gap30	1286603	1288563	1960	CACTGGAAACCTGGCTGGAATGGGAAGTCGACAAGTTCATCCATTCGGTGGTTGGTCATGTGAGCAAAACTCTGGTGCCCTACGAAATAGTGACCCCTCCGATTCCAATAAATCGCCTTAGGGAAATAAACCCTTTAATCCAGACATTAGCCAACCTGGGTGCGGAAGGAACCGATGAGCATCCGCTTTATGCTTTTGGTCTGCATTTGAATCCTGAAGCTCCGGAATTTTCAGCAGAATCCATATTGAATCATTTGCGTGCCTTTATCGTCTTGTCGGACTGGCTGCATGAAGTCATGGATATCGATATGGCTCGAAAACTGTCTCCTTATATAAATACGTTTCCTTCCGACTACGCGGTGAAAATATTGTCGCGTCACTACAAGCCTGACTTGTCAGAGTTGATCGACGACTATCTGGAATTCAATCCAACCCGCAACCGCGAACTGGATCTGGTTCCCCTGTTTCTACATCTGGATGAAAATCGCGTGCGTAAAAAGCTGGACGATGAGTTATCATCCGCCCGTCCCACCTACCATTATCGGCTTCCGGACTGTCGGCTGAACGATCCCAACTGGAGCCTTGCCCGCGAGTGGAATTACTGGGTGGAGGTTGAGCGATTGGCTGCAGACCAGGAACGCTTATGCTCCATAAGTGATGCATTTATCGAGCACCAGACGAAATGGATTAAATGGAAGTGGCTGGAAAAAGCCCAACCCTGGTTGCCAAAGTTGAAATCCATTTCATAATAGCTATCCTGTTTAACAATAATGAATAAAGATCCTTCATTTTTTAAAGGAGATCATATTATGGCACAGGCCACATTCGCAGCCGGTTGTTTCTGGGGAGTCGAGCTTGCTTTCCAGAAATTAAAAGGCGTTACAGATACCAAAGTCGGTTACACCCATGGACAGACTGAAAACCCAACCTACGAAATGGTTTGCACGGGACAGACCGGGCACGCGGAAGCTGTTTGGGTAGAGTTTGATCCATCCATCATTTCATACAACGAACTGCTCGATGTGTTCTGGAGCAAGCACGATCCAACGCAGGTGAACCGCCAGGGACCGGATATAGGCACCCAGTATCGCTCCGGAATCTATTTTCACGATGAAGAGCAACATCAACAGGCAATTCAATCACGCGATGCCCTGGAAAATTCGGGCCGCTATTCATTTCCAATTGCCACTGAAATCAAACCTGCTGCTGTTTTTTATCCGGCAGAAGATTATCACCAACGCTATCTCGAAAAACGGGGAATGACCCACTGCGGTTGATTGGCAGAAATGCAGCGGGCTCAATAAATTTGAATCAAAAAGTCTATCCAACGCATCTTAAAATGTATTCGGATGCATGTGTAGCCAGTTCCGTTTGAAATTTTTTTCAGCAATAGTAGATCTGGAGAGGATCCATCATGTTTGATAAAGACCCGTATCCTTCAATGAGCGCTGATGAACTGTTGATGCAGTTAAAATCTATCCTCAATAAAACAGAAGAGGAGATGATCCATCTCAAAGCCGAATCCATTCGAGGACTGGTCAGATGGCGGGCAAAACTGCCTGATATGAGCGGAATCACCTTGTCCAAATCCGACCTTTGCGCACTCGATCTGACCTATGTGGATTTTACAGATTCCGATTTAAGCGAAGCCCTGATGATCGGTGTCAACCTCACCGAGGCAGATCTTGTTCGTACGAACTTTAAAAAAACCAATTTAGGTGGGTCCAATTTTTACAGTGCGGATCTGACAGATGCCAATCTCCTGGAGGCGAATCTTGCAAAAACCGATTTAACCGAAGCCACGCTCCAGGGAGCGAATTTTGAAAATGCAGACATCGGGCATGGCTCGGATTTCAGTTACGCCGATCTCACCGACGCCAATTTAAAAAATGCCAACCTGCGTGCCGGAAAGTTTCCTGGCACCACTCTGACGGGTGCCAACTTGACCGGTGCCGATCTC
CP048685.1_gap31	1344955	1348754	3799	CCTGCAAACCGAATTGTCGCGGGTAGCACTGACTTCGGTAACGCGCTCGGACAAGAAAGTGACTTATGTCGCGACCTTCGGCCCGGGTGTTGGTACCGGGGCATTGACCGAGGCGGGGGTATTCAACGCAGCCAGTGCAGGTGACATGCTCACTCGCATCGGGTTCGCGGTTAAAAACAAGGGCGCCAATGACACCATGACGGTAACCATTGAGCACACTTACCAGAGGGTTTCCTAAATCATGCCGGAAACAACATCCCGACTCAACCTGACCAAGCCCGGTACCGGGAACGAAACCTGGGAACTTGATGTTGAGCGCTGGGCGGACAAGCTCGATGAATCAGCCGCGCATTATATGGTGGTGCCTCTGGCAGGTGAAGCGATAAACGGAGAAGTGTTCTTCAACGATTTTCTGTTTGATGTTCCGGTCAGCCTCGTTGGTGTTTCCCTGTTCGCCCGGCAGGCCCCAACCGGAGGAGCTTTCTCAATGGACTTCTTAAAAAATAATATCGAGCAGGGCAAAACGGTGAGCATTAATATCGGTCAGACGAGTGGCGGAGGTGCGGTGACGGGTTTGACTTACGATCCCCTGGCCGCGACTCCGGAAAAAATGGGTTTAAAGGTCAAGGGAGTCGGAGCCACCCTGCCTGGTGCGGAAATCACCGTTGTCATTCATTTTAATGTCCAACCTGTTCCCTAAAGGAGCGCTATGACCATTAACTATCGAGGGGATGCGGTCCGGGCCATCACCACTCTGGGGCTTGCTGGTGTCGATATTACTGAATGGCCCGTCAGTGTTGATGAAGTGGCCGCAATCAAAAGTAATATCGGATACAACACCGCACTTGCTTCGGGAATATTCGCGCTGGGTCAACTGAACCTGGTAGACGGTATTGTGAATCCGTTCAGCAACGAAAATGAAATCGACCTCCCGGCTTCGTCCGGACAGGTGTATGACGCAACGGGGGATTTTTACAAGAACGGAGTTGGTTCACCCAAGGCGACCTGGTCGAAGACCGTTGATTCCAGTGTCGGCGGGGCGGCGGGTTTTTCCATGCGCAATGTAGTGAACGCCATCAACCTGACATCCGATGGTGCTTTTGTGCGCGTGACACTATCGGCTCCGGCAACCGGTGAGGGGTTGAAGATCGACAACGTGAGTATCGGGGAACGCTCCGGTGCCACCGCCGATACCGTAGCTGCGCCAGTTTCCCTTTTATTTGGAGGGAATGCGGGAACCGGCACCATTGCCGCCGGGTCCACACTCACCTCAGACTGGCTGGAGTTTGCTATCGATTCGGCCAAGGATTATCTGGTGATCTTTGATGTGTCGAACGACACCGCAAACGACATGCTGGGGCTTGCCACCAGCGGGGATGGGTATTACGAGCGATCCAGTTTTAACGGGTATAACGTATCAAGCGGATCCGGATACACACTGGTGAACAGTGGGCAGAGTCTCGGATTGTCCGGATTTGAAGTGGCTGATGCGGATGCGAATGTCACGGTGCAATCTAAAGCGGTGACAGCCGACGCTGTGCCGGGCGAGGCCTTGCTCAGTTTTCTTTTGACACCGGGTGATGTTCTCACGCCGGATACGGATATCAAAGGTTATGTGTCCCGCGATGGCGGGAACACCTGGACGCAGGCGACACTTGCTGCAACACTGGCCGGATTTCCCTGGCAGAACCTGTTAACAGGTGGCGTTGATTTAAGCGGGCAGCCGAGTGGCACTTCTATGAAGTGGAAACTGGTGTCGGCGAACCACAAGGAATTTTATTTCGAAAACGTTTCACTTTTCTGGGACTGATTACATGAACCAATTCAGAATACAAGCCGAGTCCGCCAACCCGAGAACGCGCATCAAGAACGAAGCACGCAGGCGGATCGTGAACGTGGTCGGGCCTGGCTGGAAACAGCAGAATATTCAGGCACGTGCAGCGGAACTCCATCTTAAGGAAACACGTGGTGTGATCAATACTGAAGAGTCGGATGAGCTACAAGGAATTTTGAACTTGTGGGGATGGGTGAAAAGCGTACGTGCTGCCAGTGATTCTTTAGAGGTGTCTTTACCTGCCAATTACAAAGATGATTCCCATTGGCCAGCAGTGCCTGATTAGGTAGGTTTTTCTTGGCTTGATATCAAAATCCAAGGCGGGAATTTTCATTAAGTTTATCCGGAGCTTGTCTAAGTCCGCTTTGGACTGGTTGTCTATCGTGCTTTATCTACGATTGCGCGGATGTCGGCGTCGAGTTCTTTGGGTATGAAGGGTTTATTGATGACGCCATCGAAGCGGGCGGCGGCGATTTCCTTTTTCATTTCATCCTGGTCGTAGGCGGTCATGGCGATCACCGGCAATTGGAATCCGGATTCGCCTTTTGCGCGTTCGTGAATCTGTTGGGTCGCTTCAAAGCCGTCCATCACTGGCATTTCAAGATCCATCAGTACCAGATCAAACGTTTCCTGTTCCAGTTGTTCCAGCGCGAGTTTTCCGTTTTCGACTACGGTCACGTTGTGTCCCCGTTTGGTGAGGAGGCGTTTCGCCAGGTCCTGGTTGAGTGCATTATCTTCTGCGAGGAGAATTTTAAATCCAGGCAGGCTGGCAGGAGTGGGCATTGAGTATAACTTTCTATTAAAAAACGGAATGTGAGTTACGGAGCCGAGGTAAGTATTTTGAGGAACGTTTTATAGTTCCTTCCAGGATCCGATGATGCGACCGACTATCGGGTCGGGCTGTTCGCTCAGGCGGATTATCTGGACCTGGGAATTGGGGTTGATGGGTCTCAGGATAAGCCAGTCCTCTTGTCGCTCCAGATATTTAGCCGTGAGGCCCTCTTCATAAAATACCGCATACATTTTGTTTCTGGCAATGGTTTTATCGTTACGATCGATCACGATAATGTCGCCTGAGTGCAGCATGGGCTCCATTGACTGGCCATCCACGCGGCTGGCCACCAGATTGGATCGTTTTCCTGCAGCCCGGATGTGCAGTAAAACGTAATCCTCTACGTTATTTTCCTGGATGATTGGCTGGCCGGCTGCAATGGCGGAGTCGGTCAAGGGAATCGAGATATAGTCCTCCTTTCGGAAAGCGGGTCCTGATTTCATGCTGTCAGGCGCGACAATGCGAAGCTCGGGAGCCGGGGGAATCTCCCCAATGCGATCCCCGGCCGCATGCATCAGTGCGATACCGCTGGTTTCCTCCAGTTGACGAAGAAAACACAGGGAAATGGCACCGGAACCTTCTTCATACAGTGGCAGAACGTGTTCATGCAGCCCAAGAAAGCTGGCGAACCGGGAAGAGGACCAGCCCCTTTCCTGCCGCGCCTGGATCAAGCGGTTCCCGATTGCATGATGAAAGGAGGAGTTTTTGGGCAGGCCGGAAATCAGCCACTTCAAATCTATTTGAAAGTGATTGGCGATGAGGAAAAGGGTCTCTGCATCGGGAAAGGTGTCCCGTTGAAAAGCCTTTTTGAGCTTCTCATAGTTCAGGCCAACCTCCTGACAGAATTGAGACAGGGGGAGCTGGTTTCTCAAACAGGAAATTCGGATAAGTACATTTTTCATACGATAAAATTTATGGAAAACGGAAATTTTAATTGACTATCAGGGACGATTGTACCATACTCATAATTGAGGGGACAATATTCCCCTTTCGTTAATTTTCAATAAATTAAAAGTTTGAGTGCTTTTGTTTCCTGTCGACTCTGCGGGTTCGTGCCGGTCAATATTTTAAATGGAATACCAATAATTTAATTATAAAATTTTGGAAATCATAAAATTTTTTCGAATTTCGGG
CP048685.1_gap32	1352549	1353424	875	TCCATATTTGGAAAAATTTCAGTATCTTTCTATTGTACCGGACCAGCCTTTAAAAGAAGATATCGAAAATGAAGAGTCTGCCCGGTTACTATTTTCACCTGACTCTGCGATAATACGGCAAGGAAACTTATGAAGATACTCGTTTGCATTAAACAGGTTTATGATACCGGCGCCGCTTTGAAGATCCAGGATTCCAAAGTGGATGGCGAAGCGTTGCCGCGTGTGGTCAACCCCTACGATGAATTTGCCATTCAGGAAGCGGTCAAGATAAAGCAAGCGAACCCTGAGGCCAGTATCACCGTCATTTCCCTGGGGCCAGAGAAGTTCAAGGATACGCTCCGGACGGGTCTCGCCATGGGCGCTGACGAGGCGGTTCATTTGCTCGATCCGGAATTTGACGGCATTGATTCTTCGGGTGTGGCCCACGCATTATCCCAGGCGGCTGTAAAAAAGGGTTTCGACCTGATCCTCTGTGGACGGCAAGCGGTCGATGATGATATGGCGCACATCGGTCCTGCCATGGCGGTAATGCTGGACGTGCCCTGCCTTACGGTAATCACCAAATTGGTGTTTGCTGACGATTATCAATCCGCCACTGTCACCCGGCAAGTGGAGGGGGGATCGGAAGTTTATGAAATTGGTCTTCCCTGTGTGCTCACCTGCCAGAAGGGTTTGAACGAGCCACGCCTGCCCTCGCTGAAAGGCATCATGAAAGCCAAGAAAAAGGAAATCAACGTATGGGATGCCGCGGCTATCGGGTTTGATAAGGAAAAATACGGCGCAACAGCCAATCGAGTCCTGCAGATGGAGCTCTCTCCACCCCCTTCACGCAAGAAAGGGGTGATCCTTGAAGGGTCAACACAGGAAGCCTGCGC
CP048685.1_gap33	1354574	1355486	912	TCGGTGCTGACGATTACATCACCAAACCGTTCAGCCCGCGCGAGGTCTCGGCGCGGGTCAAAGCAATCCTGAGACGGACCACCCAGGTGCCTGAGGATCAGAAAAGTACCTTGTTCCTGGTGGAGGAGGATAAACGAATCATCCGCTTTCAGGGAAACGCATTGGAATTGAGTCGGTATGAATACGGGATATTGAGCCTGTTGCTCAAGCGACCGGGTCAGGTGTATTCGCGCCAGCAGATCATGGAACATGTCTGGCCCGACCCGGATATGAGTTTCGAAAGAACCGTCGACACGCATATCAAAACCATCCGCGGGAAATTAAAAGAGATCAGCGATGAAGAAATCCTGGTGACCCACCGGGGAGTGGGATATTCGATCAAGGAACGCTGAAGCAGATTATTTTATTTTAAAAACACTTATTAGAACTGTTCCAAAAACCCTGGTTGGAAACCGTGTGAAATATTCGTCCAAAATTTTTGTCAGCATCATTCTAGTGCTGGGCCTTGGTTTCTGGGGCTACGGATATTGGCTGATGAAGGAAATCCGCAGTCAATATGCGCAGAGTATGGAAGACTCGCTGGTTGATTTCTCCAATGTTCTGGCCTCTTACCTGTCAGCGCAATCCAATAATGGGAAACTTTATTTTAAGGATTTTGGCGAAGCCTTTCGCAATTTCAGGAAGCTTGAATTCAACGCCAAAATACACGGCGTTTTTAAAGACAGCAGTCCCATCCACGCATACGTCACCGATGAAAAAGGAATCGTGGTTTTTGATTCGCGAGATCCCAATAACGTTGGCCAGGATTATTCCAAATGGAATGATGTTTATCTGACGTTAAGAGGAGAGTATGGTGCACGGTCAACACGGATGGACTCTAAAGACCCGTTGTCTTCTGTATATTTTATTGCC
CP048685.1_gap34	1411005	1411950	945	ATAATTTTACTGCAATTTGGATGTTTTCGGATGATGGCCTATTTGTGATAATGTGTTTCCGGGTGTCGTTCCAAACAACGACCCTCAAGGCAAAGCCCGCTGGCTCCGCTTAAAATCTTTGTTGGATCGTTTTATTCTTATTATAAATACATTAGGGGAATATCCGTGAAAAAACTAATGGCAATTGTTGTGGTTTTAAGTTTCCTGGCTGCTTGTAATCAATCTTCTGATGAAAAACTGGCACAGGCGAAACCCGCCAATGCGGCAGAAGCCAAGGCTGAAACCAGGTCGGTACCGGAAATGAAGACCGATTTACAAAAAGCCAGTTACGCCATTGGGGCCATGCAGGGGGAGCGGATGGCCAAGGATATCGAACGCATGGAGGAAATCAAACTGGACAAGGCTCTGGTGGAAAAGGGTTTCACTGACGGGATAAATAATAAAAGCAGCATGACCCAGGAGGAAGTCCAGAAACAGTTGATGGCTTATCAGAAAATGATCCAGGAAGTGATGGCCAAGAAACAGGCTGAGGAGGCCAAGGAGGCCAAGTCTGCGGGCGATGCTTTTTTGAAAGAGAATGGTGGCAAAAAAGGGGTGACGACAACCAAATCCGGTTTGCAATATGAAGTGATCACCAAAGGCGATGGTAAAAACTTCCCCAAAGCGGTTGATACCGTTAAGGTTCATTATGTTGGAACATTGATTGATGGCACCACTTTCGACAGTTCTGTTGAGCGTGGACAACCAACGGAGTTTCCACTCAACCAGGTGATCCCGGGTTGGACGGAAGGCTTGCAGCTTATGAGTAAAGGGGCGAAGTTCAAGTTTTTCCTGCCACCGGACCTGGGCTATGGCGCACGGGCGTTGCCGAAGATCCCGGCCAATTCTGTCCTGGTTTTTGAGGTAGAGCTTCTGGATGTAAAGCCAAAGAATTAAAGCTTTCCG
CP048685.1_gap35	1413872	1416608	2736	GAAGCATACTGTAAACCTGAAAGACGGGCTGGCGCGCACCGTTGAATTCTACCGTGATAACCGGAGTTGGTGGGAACGTTTCCTCTGGATGAAAGACGCGTGGAAACCCAAACACGAGCTGGTTCGCAACCGGTCAGATTAAATCAATGCAGATCGCCATTCTTCAGCCTTCGTTTATTCCCTGGCTCGGCTATTTTGATCAAATAGCCCGAACGGACGCGTTTGTTTTTCTGGACGACGTTCAGTACACGCGGAGAGACTGGCGCAACCGAAACCGAATCCGCACGCCTTCGGGCTGGATGTGGCTCACCGTGCCGGTCCAGACACGCGGCAAGTTTGATCAATCCCTCCTCGAAACCCGTATCGATCACTCAACAGACTGGCGGGCAAAACACCTGCAGGCTCTTCGCCATAATTACGCACGGGCGCCCTACTTCGATCTCGTGTTTCCTGAGTTGGAAAACGTTTATAAAAAAGAGTCGGCCATGCTCGTGGATTTATGCCTTGAGCTGTTGGCAGTAGCAAACAAACTGCTGGGCCTGCAACCGATCACGTACCGTTCTTCCGAATTGGATATTGAGGGTCAAAAGGCTGACAAAATTCTTTCAATCTGTAAAGTAATGAATGCAGATGAATACCTCACCGGCGATCTCGCAAAAGATTATCTGGATGCGGAGGAATTCAAAAACCAGAATATTTCCCTCAACTACCAGAACTACGACCATCCGGAATACAGGCAACTGCATCCGGAATTTTACAGTCACCTATCGATAGTAGACCTACTGTTCAATGAGGGGCCACGCAGTCTTGAAATTTTGACAGGGAAGTGTTCTGAAAAAGAGGAGGTGTTGACCGCCTCATGATGACTTTCAAGAATCTACAAAAATGGCTTCCGCGCCTGTATTCATTTTTTCCGCAACACCTGGCGACCCGTTATGCTCTTCCGCCTGCGCATGCGTTTTTCGAAGTGACTTATCGCTGCAACCTGCGTTGCGACATGTGTCATTACCTGGAGATCATTGAGGATACGGAAAACAATCGGAAATATCAGCAGGAGCTTTCAACGGACCAGGTCAAACAGGCCATTGACCGGCTTCCCGGTTTCAGTCTCATCACCTTCACAGGTGGGGAAGCTTTTATGAAAGCGGAATTTCTGGAAATCCTGAAACACGCAACGCAACGGCACAAGGTGCATGTCATCACCAACGGCACCACGCTTGGTGAAAGCACGGTGGAATTTCTGGTGTCCAATCGGGTGAAGCGTTGGTGGAAACCGGGAATGTTCTACCTTGGGGTTTCCCTTGAAGGACACGAAGCATTGCATGACAAGATCACCCAGGTTCCGGGTTCGTTCAGAAAAACGAGAGAAGGACTGGAGCGGTTAATTAAAGCGCGCGGGAAAAACAAATTTCCACTCATCCACGTTACCTGTGTGATTGGAAAAGATAATGTGCAGGACCTGGTGCCATTGTATGAATATGTCAGCGGACTCGGTGTTGAGGTCATGAATTTTGCGGTAAAAAACCCAGCGACCTACAACCATCACGAAGGCTATGACGATGCAGACCAACTCCGAAATCCGGCACCGCAAGTGGAAGAAATCGCACCCAAGTTACTTCGGGATGTCCTGGATCAACTGGAAGATAAATCCAAACAAGTGGCAACCCGTTTACGGTTTTCACCGAACTACATCACGACAAGCGAAATTGTTCGGTATTACTCGAACAAAAGTTCTTACCAGGATTATCGCTGTCTGATCCCCTGGACCAAGGTTGCTGTTTCAGCCTATGGAGATGCCTTCAGTTGTCCCCATGTTCCTCTGGGATCGATCCATGATAACGGCGGGGAACTGCCGTGGTATGGAGAAAAGGCCAAACAGTTTCGACAGCAATTGAAAGAGGAAAAAATCTTTCCCGGTTGCCTTGGGTGCTGCCAGTCCGAGTACACGGGTTCTGATTAAATAACACCGGTGCCGGCACACTGCCTGCCCGTTGATAAGGAAAATAGATCATGAAAGTTTTGTTGCTAAGACCTGCGGCGGAGAAAAAGTCCATGGCGCGTTGCATGCCCCTCGGGTTGCTCGCCATTGCCTCCGTATTAAAACGTGCAGGTCACGAACCGCGCATCCTCGATTTGCGTATCAGTGAAGACCCGGACCAGGAATTACAAAACACACTCTCCAGTTTTAAACCGGATGCAGTGGGTATCGGTGTGATGACCATTGAGAGCAAATACGGTTTCATCGATGCTGCCAAAGTCAAACAATTGGCTCCGGGAGTCCCGGTAATTCTTGGCGGACCCCATTGCAAGCATGAACCGCAATACATTCTCAATCACAAGCAAATCGATGTCATGGTTGTCGGCGAGGGGGACGTGACGATTGTTGAATTGATCAATGCGATGGAAGCAGGGCACCCCCTGGACACGATTGCGGGTATTGCATTCCGACGCGATGATGAATATGTCACCACTGAAGCGCGCCCCATCATCCGCAACCTGGATGACTACGAACAGGAGTACGACCTGATCGACATGGAAGCGTACTTCAATTTTAAATGCTCCATGGATTTCTTTCCGGTCTATCGCAGCCCCCGGTTTATTCCGCTGGTGACTTCGCGTGGATGCCCGTTCAAATGCACTTACTGTCACGATATTTTTGCGAAGTCGATCCAGTACCGAACCGCGGAGGTGGTGGTCGATGAAATGGAAATGCTGGTCAATAAATACGGCATCGAA
CP048685.1_gap36	1510226	1511343	1117	TTTTTCAGCTTAAAGATAGCGCGGCTACTAGTGAGACCGATTGTGAGTTGAACTCTAATACCAGTGTCCAGGTCAAGCCATAAAAAGTTGCGCACTTGGGCAAAAAATTGTCCTGTGGGGGCAGATAAAAAACAATCGTCCATTGCTGCCATAGTAAAATAGATTTAAGTGAATTTATTCAGGGATAAGAAAATGAAAAAAAGTTTAACTTTCATTTTTCCTTATTGTTCTGTTTATTCTTATTCGGGAGTCAGTTCCTTGGCTTGCCCCAGTCAGGAGAATTGCCGGAAGGGGTTTCATTTAAGGAAATCATCGGTGTGGGTTTTCTTGCGGGAATAGGATTCGCGATGTCCATCTTTGTATCCAATCTGGCCTTTCCCGACAATACGCAATGGGTGGAACAGGCCAAATTGGCAATCCTGCTTGCAACATTTATGTCCGGGATATTTATTTTTTTTTGGTTTTTTGTTATTTGCAGGAGGCAATCCTAAAAATTTAGAAAGTTTGGATATCCGATTAGAAAAAGGGTATAGTATCTGCTTTCGATTTCGCTGCCCGTTGATTTTTGCCTTCTTCAGGAGCCTAGACGATGTGCCGCTTTTTCCAGAAAGTCCTTCCTTCCAGGAATTATAATTTATTTGTTTTTCTGTTCACTTCCCTGCTCTTTTTGATCGTTCCAACCAACGCCCTCCTGGCGAAATCGACTTTCCAGCAAAGCCAGGCTAAGAAACAGACCCTCCCAACTCCCGAGTTCTCCGCCGGAACAACCGGGTCCAGCACATTTTCCCTGCCACTCAGAGTTCCCCCCGGTACCCGCGGTATGCAGCCGGAGCTGGAAATAGTTTATGACAGTGATAGCGATAATGGATATTTAGGGTTGGGATTATTTTTGAATGGTTTGTCCGAGATCAGAAGATGCCCGGCCACCCTTGCCCAGGATGGTTTCAAGGGAACTCTGAATTATGATGAAGATGATCGGTTTTGCCTGGATGGCAATGGAGTGAACGATGGCCGGTTGAAAGTCATCTCAGGGAACTATGGAGCCGACGGTTCTGAATACAGAACTGAGCGTGACACCTTCCGGAAAATTGTTGCCCGTAGTAAAGCAGGCAGTGGC
CP048685.1_gap37	1614024	1618942	4918	TTGTTATCGTTGGGTGTTTTTTGGGGAACGATCCGAAATGTCTATGAAGATAGAAAATTTAACCATTAACGACAAAACTTATACTCAACCTGAAAAATTAAGATATTTACTACCTGAGGATCAAAATTCAACCACTTCTATCTTTGCCAATCGATTACGGCGACTTACATATATTACTGCTGAAAGAATGGGTCCGAGAGAAATTTATCCACTCGAAGACAAGCAAATAACCTCGGTTGTTGGTTCAATTGGGGAGCATACAGTAAGTTTGTTGCACAGGAATAGGGATGAAAACGTTCTAGAAAAACTTGTTCTTCCAACGGCACCCCCTACTCTTTTAAGGCAGGTTGAGGAACGTATGCGTATCTTGTTCCCAGGGTTTGCATTAAAAGTCGAACAAGTTCAACAAGCAAATGCAGTAATCCTTAGTATCCGAACTTCCGATGACACTGAATTCCATCGGCCAATTCATTCTGGATTTGGAATAACCCAAATCTTACCCATTGTGGTGGCTGCGCTTTCATCTAAAAAGGAAAGCCTTATTTTGATTGAAAACCCTGAGGTGCATTTACATCCAGCAGGCCAAGCCCTTATGGGCCAGTTCCTGGCAGATGTTGCAAGTGCAGGTGTCCAGGTAATAGTTGAATCTCATAGTGACCATGTTTTGAATGGCGTTCGACGGTCCGTTAAATCAGGCTCTTTGTCATCGGAAAATGTGGCTATCCATTTTTTCAAAAAACGTTCTCCTGATGCTAATGACTCCCAGGTCATTAGCCCAACACTAGATAAAACGGGCAACATTGATGTTTGGCCGGAAGGATTTTTTGACCAATTTGATAAGGATATGAATCATTTTGCAGGGTGGGAGGATTAAATTGGAGCTTCTTGTAAATGATTTGTCAATTCAGGGCCAATTTCAGGAGGTAACTGAATTTAAACAGGCTATTAAAAGAGTAATGAAGATGAGGGATGTGGCTAGAAGATATGGGCATCCCATTTATTGTCACCGTAATATTCCATACGTAGATGTTACAAAAACACAAAACATGAAACAGGTAATACAGTTCTTTAGTCATGAAGAAAAACGCGCTCTTACCCAATGGCTAACAAAGAATGGACCATTTTGGGAGGATGATAGAAATCATAGCCCCGATGATTATTTTGAATATAAAGAGGAAATTGTTACCGATACTGCCTTAGGCGAAGCCGCCTACTCTTCTTTTCAGGGGATCGAAAAGCGTTTGGTAAGTCTCAAACCCTCTTCTTGGGAGATATCTCCTCTAAATGTGTCTTGGAATCATGATTCAGGGGCAGTATTCAAAATTGATATCTTCAACCATTGGGAAATTGAAGAACTTGAAAATATACTTAAAAGCCTTCAACCACCTATAGAAAGTTGGACCGAATTGGGTGAGGTTGCCAAAGATAGATTTCAAAATCTTACCTTTTCTGAAAGCTGTTTTGAATATCTAAAAGGTGAACCTTACGCCCCAGGGGCATCAAGGCAGATACAAGTTTTATTGAACACTTTGAATTGTTTTGTGGAATGTTTTGATTCCAATGGGAAAAGAACTCCAGAGGGGCAACAAATTTATCAGGACCATTTTACAGGACAAAAAGCATGGTTTACAGATTCCTCTGATTCGGAAAAAAACGAATTTAAAAGTAAGCTTACCTTTTCCCATCCCGAAATAAATGGTCAAAATCTATTTTGCCCAATGCATGGCAAGGAAAAGAGTCGTCAATTGCGTATCCACTACTCTTGGACCGGTCGAGCTTATGACCCATTGTTTGTTGTTTATGTCGGCCCCAAACTTACAAAAAGGTAAAATATTGTGACTCAGTCTGAAATTTCCATTGTGATCTAATGGGACTCCGCATTGCAGATACCTTCACAGACAGTCTTTCCAAACTCACCAATGAAGAACAGAAAGCTGTCAAGACCACCGCTTTTGACCTCCAGGTAAACCCCGCCAAGCCGGGGATGCAATTTCATAAACTGGATAAATCCAAAGATAAAAATTTCTGGTCGATTCGAGTCAGCCGTGACATACGTTTGATTGTCCACAAAACAGAGGCCAGCCTGCTCCTCTGCTATGTCGATCATCACGATAAAGCTTACAGTTGGGCTGAAAAGCGCAAGCTGGAAACACACCCGAAAACCGGTGCCGCCCAGTTGGTAGAGGTGAAGGAAACTGTTCAGGAAATCATTATCCCCAAGTATGTCGACGTAGAACAACCCTCACCACCGAAACCCCTGTTGTTTGCCAATATGGTTGAAGAGGAATTGCTGGACTACGGTGTGCCAGAGGAATGGGTAAGCGACGTACTCCAAGCTAATGAAGACACCCTGCTGGTGTTGGCGGATCATTTGCCAGGGGAGGCGGCAGAAGCTCTTTTAGAAATCGCCGTGGGTGGGAAACCAGAAGCCGCCAAGCCCGTTGCAGCTGGTACGGACCCGTTCGCTCACCCCGATGCTCAGCGGCGTTTCCGGGTGATGAATAATATTGAGGAACTGGAGCGTGCCTTAGAATACCCTTGGGAGAAATGGACTATTTTTCTCCACCCGGCGCAACGTCAATGGGTTGAGCGCGACTATAGCGGCCCGGCGCGGGTCTCGGGTTCTGCGGGTACAGGGAAAACCATCGTTGCACTCCACAGGGCTGTCTTTCTTGTCCGGACCAATCCTGATGCGAGAGTATTGCTCACCACCTTTTCCGACATTCTGGCAAATGCTCTACGAACGAAACTCAAACGGTTAATCAGCAGTGAGCCGCGTTTGGCCGAACGTCTCGAAGTACATTCAATGGATTCCATTGGCCAACAGCTTATTAAGCCTCACCTTGGTAAGGAAAAAATGGCGTTACAGGAAACGATTGTTGAGCTTCTGGAAAAAGCTTCCCAGGAAGTCGGGGGGCACAAGTTCAGTCTCCCGTTCTTGTTGACGGAGTGGGAGCAAGTAGTAGACGCGTGGCAGTTGGAATCCTGGGAAGCCTATCGGGATGTAAAGCGGTTGGGAAGAAAAACCCGATTGCCGGAGAGTCAACGTGTTGTGCTTTGGTCCATCTTTGACCAGGTTCGGACAGATCTCGAATCAAAAAACTTAATGACCCATTCAGGTTTATTTAAAAAGCTGACGGATGTCATTGCGAAGAGCAAAAACCCGCCATTCGATTTTGCGGTGGTGGATGAGGCCCAGGATATCAGCGTTGCTCATCTGCGTTTTTTAGCTGCTCTTGGAAAGGATCGACCCAATAGCCTTTTCTTCGCTGGTGACCTTGGACAACGTATTTTTCAGCAACCCTTTTCATGGCGTGCATTGGGTGTGGATATTCGCGGGCGATCAAGAATCTTGCATGTCAATTATCGAACTTCACACCAAATCCGAGCGCAAGCAGATCGTTTGCTGGGTCCTCAAGTGACAGATGCAGACGGCAACATAGAGGAACGAGGGAACACCATTTCAGTGTTCAACGGACCAGCCCCAACTATCCAGACTTTTGACAATCAGGATTCCGAGATAAAAATGGTCAGTAACTGGGTTACCCATCTGAGCAAAGAAGGGTTGATGCCTCACGAATTGGGTATTTTTGTCAGGTCATCAGCCGAGTTGGGTCGGGCGAAAGATGCGGTAAACAGTTCCGGGTTACCGTTTAAAATACTGGACGAGAAAGTGGATACCATCAGCGGTAAAGTCTCAATCAGCACAATGCACCTTGCTAAGGGTTTAGAATTCAGAGCAGTCGTGGTGATGGCCTGTGATGATGAGATTATTCCTCTGCAGAAACGAATTGAGACGGTGGTTGATGATGCGGACCTGGAGGAAGTTTACAACACGGAACGTCACCTTCTATATGTGGCCTGCACAAGGGCAAGGGACCATCTGCTAGTAACCGGCATCGCCCCGGCCTCTGAATTCTTAGAAGATTTAGAGTTGTAAAGTAAATCTGCAACGAAGTTAATGGTGGAAAATTATTAGACATGACAACCAAAGTATCCATGGCCAAAACTCTATGGATTCCTGCCGTATACGATCATGGCGGATTAGGCCGCTGAGGTTTATTGCAATCCAAAATTGGTGGTATGCCCAAGTTTTGTTAGAGAAAACTACCTAACCCATATAAAGTAAAGGGGTCAGGTTTTTACCTGACTACTTATTGAATTTTGAATTTGTCTCAAACCCTAACAATTTCAAGTGTTAAGGTTTAAATAAGTGCCTAATATGAAGAGCGCTAGTAATAGTCTGACAGTTGATCATTTTTGAAAAGAAAGTGGTCATTGGCCCTTGATTGGGTAAATTGTAAGGATTCAACGCTTACAAACTCAGAGGCCATCTTCTATTGTTTATCTCGCCTCTATCAGGACAACGTTGTTTCTTATCATTTCTATATATTCATCCATGGCGGATATATTCAATGTTGTTTTGGATTTACCCTCAAATGGTATATCGTTTTTATTCATCAAATCGATCAATACCGCAGAGGGAATCGCCGGGTGTGGGTTTTCGGAATAATTGCCGCGATCTTCCAGTGTCTCAGCAGATATCACCATTCCAACAACCTCACCTTTCCCGTTAAACAATGGACTGCCACTGTGGATCGGGTCCATCTGAATATCGATTTTCATTAGCCCGGTCTCGTTTTCAATGGCCATTATAAGGTTGCCTTCGAGCATAATATGTTTGTCTTCAAGGGTGTTCGTCCAGGGATAACCGAGAGAAAAAACATAACTTTCCTTAATGTTCCTATTTTCTTTTTGAAAGAATAAGGGCTCCCTTTTTACCTTGGGAGGTTGCACCAGTTTCAGAATTACCAGATTGTCGGTTTTATTTTTATAAATCGGTTTGGCGGCAATATTATCTTCATTTGGAAACTTGATTTGAATATTCTCAGATTCCTTCACGAGATCATAGTAGGTG
CP048685.1_gap38	1631822	1634461	2639	TGGCCAGGCATCCATAGGATGAAAAGCAATCGTATCCACAAAGTCGAGTTTCTCAGATGCCGTTTGGAACCCACCTTCAGTGGTCACCGTCACCACAATGTAAATTTCCGGTTTTTTTGAATGGATTTCTTTCAACAGAGGGACGGCAGCATTGACCTCGCCTACGGAAAGCGCGTGCAGCCATAGAGTGGGCCGGTGTGGCCTTGGCCTGCGCGGCAAAAATCCGAAGTGATGCCACAGACCATGACGCTTTCTTCCGGTGATGGTGGAAAGAACGATCAAGCCAGGCAGGACAAGCAGGCCGATACAGGTGCTAAGAATGTAATAAAGTGTGATCATAAAACCCGCGAGGGTGTCTCGTTTATCTTAAAGGTTGGAAGGGGCAAACTTTAACGATTCGCGAATGATTTCCACATTCCGCTCAACGGCTCCCCGTTCAGCAATCACCGCCGCCGCTGCCTGTCGTCCGAGTTGTTCGCATTCCTCGGGGTTGTCCAGCAAAAATTTCAGCATGGGATAAAGGTCGGTCTGTGTTTTAAGAACCAATCCACCACCAGACTCTTCCAGAAGTTTGGCTTCTTCTTCGAAATTCTGCATGTGGGGACCAAAAAGGACGGGGATACCGCAAAGGGCCGGTTCCAGAATGTTTTGCCCGCCATATTCGGGTTTGAACCCACCACCCACAAACGCGGCCCGTCCCATGGAGTAATAATCGTTCAAAACACCCAATTGATCCACTAAAATAATGAAAGGAGAGAAGTTTCGTTGTTCTTTCATCCGGCTGTGGCGGACGCATTCAAGTCCACGACTTTGGATCATGGTTTCCACTTCATCAATGCGGTCCATATGGCGTGGGGCTATAACATAACGGATTTCCGGGTAATCGGGTTTCAAGCGTTCGATAGCCTTGAGGGCGGCATCTTCATCCCCGGGCCGGGTTGAACCGAATACGATCAACCCGGGACTGGGCCGATCCCCGTTAGTGTGTGGGGGCATGACGGCATCGTATTTCATGTTTCCGGTTACGCCGATCCTGCAATCGGCCAGCCCCAGCTTTTTCACCCGGCGCGCATCGGCTTCGGTGCGCATTGCGAAAAAGTGAACGCCTTCAGCGATCCATGAGAACAGGGGGTTGAGTTTCTGGTAGCGGATCATCGATCCTTCGGACATCCGTCCGTTGAGCAGCACCATCGGAATTCCCTGTTTGTGGCAGGTCCGAAGCAGTCCCGGCCAGAGTTCCGCCTCGATCAAAACCAGCGCCGCGGGCTGCAACCTTTCCATTAAAGGGTTGAGAAACAGGGGGGAGTCGGGCGGCATCATAAATGAAGGGCAAACATTGGCTTTTCGAGCCACCGCCAGCCCGGTCGGGGTAAAAGTTGATAGCAGAACCGGGCGCTCTGGCAGGGTGTGTTTGAGCTGGTCGATGAGAGTCAGCGCGAGTTTGACTTCACCTACGGAAGCCGCGTGAATCCAGACCGGATCGTCGGGAGGGTGAAAACTACGCCAGCCGCCCAGGCGTTCTATCATCTCGCGTCGGAAGGTTCCGCTGATGATGGCACGGATCAGGAAAAACGGTGAAGCCAGAAGCATGACCGTGGTGATGATGGTATGATACAAAACGTCCATTGCCGGATTATAACCCACTTGACCGAATCTGTCGGTTTCCCTCCTCGACTGTTTGACTTCCGGGTGCCATGAGCCTCGAATCCCTTTTTCATCAGGTCACTTCCCCAAAGCGCTCTTTTTACCTGGCTCCCATGTATTGGATCTTGTGCTGGGTGTCCTGGGCATATGCCCTCGTCCAGAAAATCAGAGCCAGGTGTTATGCACGCGGCCTGATGCCTTCCAAAAAATTGAATGTCCCTGTCGTCAGCGTGGGAAACCTCACCCTGGGCGGTACCGGTAAAACCCCAACCGTGTTGTGGCTGGCGGGGGTGCTGGAAAAGATGGGCCGGAAACCGGCGATATTGAGCCGGGGCTATGGCGGGGAAGCCCAGGACAATATAAATGTTGTATCAGATGGGAAATCACTTCTGCTCGATCCCGCAAGCGGAGGGGATGAGCCGGTGATGCTGGCGCGTCGTTTATTAACGGTGCCGGTGCTTTCCGGGCGCAGACGTCACCCGCTGGGTGTTCATGCCGAGCAGGAGTTTGGCGCCAATGTGATGATCCTCGACGACGGGTATCAGCATCTGGCGCTCCAACGCGATCTCAATATCCTGTTGATAGACCATCGTTCACCCCTGGGTAACGGGCAAGTGTTTCCAGCCGGGATGCTTAGAGAACCCTATGGTGATGCAGCGCATCGTGCGGATGCGGTGATCGTCACCCGTAGTCGCGAAGGAGAGCCCGACCTGGATGTGAAGAAGTTGCTGGGCATTGACCGGCCCGTAATGAAAACGCGCATGGTGCCGGGTCGGTTGGTGAACCTTGAAGACGGCGAGGCAATTGACTGGCCAGGGTTTCAAAACAAAAGTGTGGCTGCGTTTTGCGGCATAGCGCAGCCTCAGGATTTTTTCGAGACATTAATCGGGGCGGGGATTGAAGTCGTCGTAAAGCAGGAGTTTCCAGATCATTTTGACTATCAGGGGCCGTATCTGGATGAACTGATGGAGGCGGCACAATCGAAAGGGGCGGCG
CP048685.1_gap39	1662690	1664646	1956	GTCTGGAGGTGGACCGGTTGAAAGAGGAGTTGCAGAGGATGATTGGCGGCAAGCAGATCAACCTGAATATCAAGGAAATCCGCCGAGCGGAACTCGATGCCACCTTGATTGCGCAAAACATCGCGCTGCAATTGGAAAAACGGATCTCATTCCGTCGCGCAATGAAAAAATCGGTTGTGTCGTCATTGAGGTTCGGTGCAAAAGGAATCAAGATCCGGTGTTCGGGCAGGTTGGCCGGAGCGGAAATCGCGCGGAGCGAGTGGTATCGAGAAGGTCGGGTCCCACTGCACACGCTTCGTGCTGATATTGATTACGGTACTGCAGAGGCGGCAACAACTTACGGGATCATCGGGATCAAAGTTTGGGTTTATAAGGGCGACATTTTTAAAGAGCGTCAGGAAGTGCCCACAAAAAACGTGGATAAAGAAGCGTAGAGCGGCGGGCGAGGAGACTTAATCATGTTAATGCCAAAAAAGGTCAAATACCGGAAAAAGCACAAAGGTCGTATGACCGGTGCCGCCCGGCGTGGGAATAAAGTTAGTTTCGGCGAGTATGGATTGCAAACCCTCGCTTGCGGCTGGATCACCAACCGCCAGATTGAGGCTGCGCGTATTGCCATGACACGTTACGTAAAACGTGGCGGTAAAATCTGGCTGAGGATTTTTCCGGACAAACCGATCTCTAAAAAGCCAGCTGAAACCCGAATGGGTAAAGGTAAAGGCGGTCCGGAGTTCTGGGTTGCAGTGGTGAAGCCGGGTCGAATGCTTTATGAAATGTCCGGTGTTCCAGAAGATATCGCGCGCGAGGCATTCCGCCTGGCCGCACACAAGCTGCCGGTAAAAACGCGGTTTGTGGTCAACAAGTAACGGGGAAATATGAAATCGCAAGAGATCAGGGAATTATCCGATAAAGAGCTCGAGGAAAAGCTGGGCGATTTAAAGGAAGAGCAGTTCAATCTTAAATTCCAGCTGGCGACGGGTAAAATCCAGAATCCTGGCGGGATTGTCCATCTCAGGCGGAGCATCGCCCGTGTGATGACGATTCTAAATGAACGGAAGCGGGCGAAGGCCGACACCGCTCCCGCTTCGGCAACCGAAGATACGGCTAAGGCTTAAGAAAATATGACGGAAGAAACTCAGAATAACCCCCTGGACCGGCGGCGTATAATGACCGGGACTGTGGTAAGCGACAAGATGGACAAGACTGCGGTGGTTCGTGTGGACCGGGTGTATAAACACACCAAGTTTAAAAAGATCATTCGCCGGTCTAAGAAATACCACTGTCATGATGAGGCCAACCAGTGCAAGCCCGGAGATTTCGTTGAAATTCGCGAAACCCGTCCGCTCAGTAAGCTTAAGCGCTGGTGCCTGGTGCGCATCATCAAGCAGGCGGAAGTGATTGAAGCTCCAGCCGCAGGGAAGGTGGCGTCATGATTCAGCTTCGAACGGTGATGGAGGTTGCGGATAACTCCGGGGCGCGGAAGGTGCAATGCATCAAAGTGCTTGGGGGTAGTGGCCGTCGATACGCCTCGGTGGGTGACATCATCGTGGTGGCGGTAAAAGAAGCCGAGCCGCACAGCAATGTTAAAAAGGGCGAAGTGAAAAAAGCGGTGATCGTGAGGACCCGTAAGGAATTGAGACGGACCAACGGTAGTTACATCAAGTTTGATAGTAATGCCGCGGTTTTGGTTAATGATGCGCGTGAGCCGGTTGGAACGCGTATCTTCGGTCCGGTGGCCCGTGAATTGCGCGCCAAGCGATTTCTGAAAATCCTGTCCCTTGCTCCGGAGGTGTTGTGATGGCGGCTCCCAAGATTGCGGTCAAAAAAGATGATCTGGTAGAGGTTATTTCCGGTCGGGAAAAAGGTAAAAAAGGAAAAGTGCTGGCCGTGTTCCCGGGTGAAGAGCGGATCACGATTGAAAAGCTCAACATGCTGAAGCGTCACCTCAAGCCCAGC
CP048685.1_gap40	1666886	1670941	4055	GCCCAGATTGTAAGCGATCAGGAGCGCAAGACGCTGGTGATGGCTTCCACACAATCGAAGGAGCTCAAGGGCAAATTCGAGCATGGTGGAAACGTGGATGCGGCAAAACAGGTTGGCGAGCTGCTGGGCGACAAAGCGCAACAGGCAGGAATCAAGGAAGTGGTCTACGATCGAAACGGTTTTATTTACGCCGGGCGAGTCAAGGCGCTGGCGGATGCTGTCCGAAGCAAGGGCGTACAGTTCTAGCTTCGACTCTAAGGGAGACAACCATTGCAAGATAAGCGGGGTCAGGAAAAGCGTAGCCGGGATGGTCGGGATGCCCGGGATAAGGATTTTGTAGACAAGGTTGTTACGATCAAGCGTGTCGCCAAGGTGGTCAAAGGCGGGCGGCGGTTTAGTTTCAGTGCGCTGGTAGTCGTTGGCAACCGTGAAGGGCAAGTGGGCTGGGGTCTTGGTAAGGCTAACGAAGTGCCCGAAGCGATTCGCAAGGGTGTCGAGAAAGCGAAAAAGAACCAGATCAAGGTTTCCCTTGAAGGCACCACCATTCCACATGAGGTGATCGGCAAGTTTGGTTCCGGCGAGGTTTTGCTGAAACCTGCATCCCGTGGTACGGGGCTGATCGCAGGTGGGGCCGTTCGCGCGGTGCTTGAAGCGGTAGGGATCAAGGACATCCTGACTAAATGTCTTCGAACCAACAATCCCCATAATGTGGTCAAAGCCACCATTAACGGTCTAACGGTGTTGCGCGGACCAAAACAGTGCGGTCAGGTTCGTGGCAAGGAACTGGATTATCAGGCGACAGCCTAAGAGGCAGAAAACGATATGTTGAAACTTGAATCATTGAAAAGCCACCCTTCTCAGCAGAAGTCTCCCAAGCGTGTTGGTCGGGGAGTCGGTTCTGGCACAGGGAAAACCTGTGGCAAGGGTCAAAAGGGTCAGAAAAGCCGTTCCGGCGGCAACCCGCATCCATGGTTTGAAGGTGGGCAGATGCCTCTTCAACGCCGATTGCCAAAGCGGGGGTTCACCAATATTTTCCGGAAAGAATACGAGGTGATCAATCTCAAGCAGATCGCCGGTCTCAGCGTTGATGGGGCGATCACCCCTGACGTTCTGAAAGAAAAAGGTCTTGTTAAAAAGGCAACCGCAGTGAAGATTCTGGGTGAAGGCGATCTGACGTCCGGCGTGGAAATCCAGGCGCACAAGTTCAGTAAATCGGCGGTGGAGAAAATCGAAAAGTCCGGAGGAAAGGCTGTAGTCCTTTAGATGGCAGGAGCGGAAAGTTTCGCTAATATGTTTCGGGTTCCGGAGCTTAAGCGCCGGATCTTTTTTACCCTGGGCATGCTGGTGGTTTACCGGATCGGGGCGCATATCCCCACGCCGGGAATCGACGGGGTGGCTCTTGCGGAGTTGTTTGAGCAGGCGAAAAACACGATTCTGGGGTTTTTCGACATGTTCTCCGGAGGCGCGCTCAGCCGGTTGACGATTTTTGCGCTGGGCATCATGCCCTACATCACGTCTTCCATTATCCTCCAGTTGCTGACCATTGTGTCGCCGCACCTTGAGAGGTTGAAGAAGGAAGGCGAGCAGGGCCAGAAAAAAATAACGCAGTACACACGCTATGGCACCATCGGAATTGGACTGGTGCAAAGTTCAGGAATCGCCATCGCGCTTGAGGGAATGACCAGCCCGGGTGGTGCATCGGTTGTTATTGAACCCGGAATGGGGTTCCGGCTGATGACTATGTTGACGCTCACCTGTGGCACGGCATTTTTGATGTGGCTCGGTGAGCAGATCAACGAGTTTGGTGTTGGCAACGGCATCTCGCTGATTATCTTTACGGGTATCGTGTCGGGTGTTCCGGCGGCTATTTTACAGTCGATGGATCTGATGGGTACCGGAGAATTGTCTCTCCTCCTGGTTCTCATGCTGCTGGTTCTGATGGCAGCGGTTGTCGGTTTTATCGTGTTTACCGAAGGGGGACAACGGCGGATACCCATCCAGTATGCGAAACGGATGGTGGGTCGGCGCATGGTAGAGGGCAGCAGTCAGCATCTGCCGCTCAAGGTTAACACCGCTGGTGTTATACCGCCGATATTTGCGTCTTCACTCATCATGATGCCGGCATCTCTGGCATCTGTTTACCCGAATGAGTGGACGCAGACTTTTGCTGCCATGTTGACACCGGGTAACACGATTTACAGCCTGATTTTTTGCGGGGCGATCTTTTTCTTCTGTTACTTTTACACCTCGGTTATTTTTAATCCGGTGGATGTGGCGGATAACATGAAGAAAAACGGAGGGTTTGTTCCAGGGATTCGACCCGGTCCGAAAACATCGGACTACATCGACACGATACTGTCGAAGCTGACGTTTTACGGGGCGATTTACCTTTGTTTTGTCTGCATATTGCCGGATTATCTGATAAAATATGCGCAACTTCCGTTTTATTTCGGCGGAACCAGCCTGCTGATTGTCGTTGGCGTTTCCCTGGATACCATGCAGCAGATTGAATCCCATCTCGTAATGCGTAATTACGATGGTTTTATGAAAAAAGGGAAAATCCGCGGACGCCGTGGTTGAGGTCTCCCGGCGAGGCTAGGGTTCGTTGTCGTCGAGGTTGAACATGAAGTTGATCCTGTTGGGGCCTCCGGGTTCGGGAAAAGGGACACAATCGGGTATGCTCCGGGATAAATTTAATATCCCGCAGATTTCAACTGGAGACCTTCTCAGGAAGGCGGTCTCCAGTAAAACCGCGCTAGGTATTAAGGCGCGGGAATACATGGATAAGGGGCATCTGGTTCCGGATGAGCTTGTTCTGGACATGATCCGGGAGCGTTTGCAGCAAGAGGATTGTAAAAACGGTTATGTCCTCGACGGGTTCCCAAGGACTGTGGTGCAGGCAGAAAAGCTCGATGAAATGCTCGCTTCGGTTGGCGAGAAACTGGATGAAGTGATTGATCTTGAAGTTAACCCGGAAGAGATTCTGGTCCGGTTGACGGGGCGCAGAACCTGTCGAAGTTGTAACGCCATGTTTCACGAAACGCTGAAACCGGCAAAGCAGCCAGCTGTTTGTGATCATTGCGGCGGCGAGTTGTACCAGCGGGCCGATGATAACGAAGAGACGGTGATGAACCGGCTCAAGGAATACGAAAATAAAACGGCACCATTAAAAGAATTTTACAGAAAGCAGGGAAATTTGAAATCAGCAAAAGGGAGTGGCTCCATGGATGACATCTTTGATCGTATCTGCTCCCTGGTGTCCTGAGTATGTCTAAAGAAGAAGCCATTGAAGTGGAAGGTACCGTGCTCGAACCTCTGCCCAATGCAATGTTTCAGGTAGAGTTGGAAAACGGACACAAGGTACTGGCGCATATTTCCGGTAAGATGCGACTCCATTTCATTAAAATTCTACCGGGCGATAAGGTGAAGGTTCAGTTGTCACCGTATGATCTGACCCGGGGACGCATCACGTACCGTTACAAGTAAGAAGAGGCAAGCCATGAAAGTAAGAGCATCAGTAAAAAAGATTTGTAATAAATGCAAGGTGATCCGCCGCCGGGGCGTTGTGCGTGTGATCTGCGAAAACCCCAAGCATAAGCAACGCCAGGGATGACGCTTTGCGTCCACTGGCTAAAGCTGAGATGAACAGTTTAAAGGAGATTAATTAAAGTGGCCCGAATTGCAGGCATTGACATTCCCCGTGAAAAGCGGGCGTATATTTCCCTGACTTACATCTACGGGGTCGGGCGCACCCGCTCCGCGAAAATTCTGGGACAGGCTAATATCGATCTCTCCACACGGGTGAAAGACCTGACGGAAGATGAAGTGACCCGTATTCGCCAGATTATCGAAAAGGATTATGAGGTGGAAGGGGATCTCCGGCGAAACACGAACATGAATATGAAGCGTTTGATGGATATCGGTTGTTACCGGGGGTTGCGTCATCGCCGCGGTTTGCCGGCACGCGGCCAGCGTACGCATACGAACGCCCGCACACGCAAAGGTCCCCGCAAGACTGTGGGATCGAAAAAAGGTAAGTAACAACTTAGACCCGA
CP048685.1_gap41	1672040	1673973	1933	CGCTGCCGGCACGGGAAGACATCACCTTACCCATTCAGGAGCAGTTGATCGTCGAACTCTACTCAAGGTAATTAGCCCTCAAGCGGGCGCCAAATTTTGGAGCCCGACTCTTTAACGAATCAGGAAATACGACACACCACCACGCCTAGGAGACGCATCCATGATGCAGGGAATCGTTAAGCCAAAACGGCTTGATTTCGATAAAAAATCCCGAACCGATTTTTATGGGAAGTTCACTGCTGGACCTTTTGAAAGAGGTTACGGCATTACTGTAGGAAATTCATTAAGACGAATGTTGCTATCGTCCATCGAAGGATCAGCGGTTATTGGTGCCAAATTCGAGGGCATCTATCATGAGTTCTCCACTATTCCGGGTGTAATTGAGGATGTGAGCGAAATCATCCTCAATTTGAAACAGCTGCACCTCAAGATGGATGGGCAGGATGAGATTAAACGCCTCTACCTGAAAAAGAATGAGGCGGGAGAAGTGACTGGAAAGGATTTTAACTCTGATCCGGATGTGGTCATCATGAACCCGGATCATCATCTGGCCACACTGGATGCGACCGGCAACCTTGAAATGGAAGTCATCGTGACTCGTGGTCGCGGATATGTTCCGGCGGACCGGCATGATCTGGCCAACGAATCGGTACAGATGATTCCTGTCGATGCGTTGTTCTCCCCAATTCACAAAGTGAATTACCTTGTCGAGAAAACCCGCGTTGGCCAGTCTACTGATTTTGATCAATTGGTCATGGAAGTCTGGACCAGTGGAGCCATTTCACCGGAAGATGCGGTGGCCTACGCCGCCAAGATCGTGAAAGATCACATGCAGATCTTCATTAACTTTGATGAAGAGCCGGAACCGGCACAGCCGCAAGTGGACGAGAAAAAACAGAAAACGCTCACCAACCTGTCCAAAAGTGTTGAAGAGCTTGAATTGTCCGTACGTTCATACAACTGTCTCAAGAACGCGAATATCCAGACCATCGCCGAACTGGTACAGAAGGGTGATACGGAAATGCTCAAGACACGGAACTTTGGCCGTAAATCCTTGAACGAGATTAAAGAAATTCTGGAAGAAATGGGACTCGGACTCGGCATGAAGCTGGAGGAGGACGACCTCAAACAAATCTCAGCTCTGCGCAAGAAAAAGGAATTGGAGCCCGAGCCGGTGGAAAAACCCTGAATACTTTTCGGGACTCCATCCATTGTCAACCTGAACTTAAGTTGTAAACGCTATGCGACACCTAAAATCTGGCAGGACACTGGGCCGTACTTCAGCCCACCGCAAGGCACTGTTTCGTAATATGGTCACCTCGCTGATCTTCCACGAACGTATCACCACCACGCTGGCTAAAGCGAAGGAACTGCGCAGCCATGCTGAAAAAACAATCACGCTCGGAAAAAAGGGAACACTTCATGCGCGGCGCCAGGCATTGCGCGTGGTCAAATCCAAAGAGGCGTTCCAGAAATTATTCGGTCCGCTTTCCGAACGTTATGCCGAGCGGAATGGTGGGTACACGCGGATTCTGAAATTGGGGAACCGGCGCGGAGATGATGCTCCAATGGCGATCATTGAGCTGGTCGACCGCGAGGGCGATGCTCCTGTAGAAGAGCCGAAGAAGGGCAAGGGCAAAAAGGCTGAAACCAAAAAGTCGGAGCCAAAGAAAGCCGAAGCTAAAAAGAAGGAAGAAGAGGCACCGAAAAAAGCCGAGTCCAAAGCCAAAGCTAAAAAAGAAGAAGAGCCGAAGGAAGAAAAACCAAAGGCTGATAAAAAAGACGACGCTAAAGAATAAGCGTTCAGAAATAGTATCTAAAAAGCCTCCGGCCCCTCAAGGGTCGGAGGTTTTTTTTTGTTCAATTACCGTTGTTGGGCAGGACGGGTTGCCACTCCTGGTCTTTGGGTTCCGGCAGGGACGGATGGCGCTTT
CP048685.1_gap42	1680957	1684047	3090	TAATATCTGAAGCGCCATCCCCTACGCTTCCACCTAAATAAGTTGAAAAAGCCAAAGACGGTATTTCATTTATTTCTTCAAGCTTTACAATAAAGGCATCCAAGCCTGTAGAATCGCCTTCGATTTCATTTACTAAGGGAAAGTTTGTCGATTCAGTAAAACCGGCAATATAAACATTTCCCAATGAATCCAAATCAATGCCATCCCCTCGATCATCCTGCAATCCACCTAGCAATACAGAATAGGCCAATGAAGGTATTCCATTTTGATGATGGATTTTAAAAAGAAATATTGTCCCCACATTTGTTCCGCCAGGAATTGAGCTTAAGGTAGGAAAATCCGGTGAGCTACTATTCCCCGTCACATAAATATTGTTGTTTTCATCTGCGGCAATGGACCAACTTAAATCCTTACCACTTCCTCCAAAATACGTGGAAAACCCCAGCACAGGATCGATTACCAAATTATGGTCGGGGTTATAGGAGGTGATGTGAAAGGCGACGCGGTTGTTTTGCTTTAGGATATACTCCCCTTTGACTGTTTCTCTTTTACCGTTGATGATCTGGTAAATGATTGGGGCGTGTTGGACAACATCACCAACATTTGTTTGAAGAACGAGGTTGCCTTGATCGTCGAGTGATACTTTGTCTGCGCCACTGAATTTCAATTCAATGTTGTTAGGATTGGCTCCGGGCTTGACGATGAAATCGTATTCGAGTTTGTTCTGATTGCCGTAGTAAACAAGATCAATCCCTTCGTAAACGTCCTCGTAATGCACCTTTTTGTAATTTGCGACACCCTGCCGCCACTTCGATTGATCGTTGCCAATAAAATAATTGCTGGTGCTCGCCAGCTTCTCTTCGCCTTTGATCACTGCCTTATCGTTTGCGCCGACCACCTGCATGCGCACCACTGCCCGCTCCATCTTCGGTGGATTTTCCAATGACGCCAAACGGTTTAGTGGGTCCGATTTTCGACTTACGTTCGTTGCCGTGGTTTTGTCTTCAACGGCTTTAGATAAGACCATCACCGATTCGGTAGGTGTCAGATAAAAATTGTAGCCGCGTCCGCGCGACAAAAACTTCACTTGATCTGATACCTGGCCTTCGTTCTTCTCAAACAACAACGGCATCCGGCCGAAACTCTTGTCGACCTGCATGCGCGTTTTCGCATCGACTTCTCCCTTTTTCGGGATCGCCCTTGAAGGATCACGATAGGGCGCAAGGTCGATCACTTTGCCCGGTGACTTCAACCCCAGCTCAAGGGCATCTTTTAAATCAAGCCTGTTTGAATTATTCGGGGACGCAATAGAGAAGGTGGCAATACATAAAATAGAAACGGTCAGCGTCAGTTTCAGCAAGTGCGAACGCAACATGGGATTTCTCCGAAATATAATATTTTATGATTTTCGGAAATCATATTAACACTATGCGGATATTTGTTAAAGAGCGAACGGGTAGGTGGCGGGGGATTAAAAATATTATGTTAGGGGAGGGTTGTTTTAAAAACTTTTAATCAAAAGCAAAGGCGAGATTCTTCTTCGCCTAAAGGCTCATCAGAATGACATAAGGGGGTGTTTGAATTTTTAAAGATAGTTTTGAATGGGAAGGAACAAAAGTTTTCTGTGGGCCGTGCGCCAAGCACACGTTAGCCCCCCCCCCCAGCAAGAGACCTTTGCATAACTATATAATGTGGGCAGAATCATTTGTTCAAGAGCGGGTATTTACGTTCTTGAATCCCCTCCTTAAAAAAGGAGGGGATACAGGGGAGGTTGTAAACATGACCCCTCCCATACCCTCCCCTTTCAAGGGGAGGGAAATAAATGGCTATCAAAAGATTACTGTTAAATTGAATTTTTTGGGTTATGCAAAGCTCTCCCCCAGCAAGGGGGTTGTTCGTTGCCTCCACGGCGAGTGGCGCAAGGAGTTATTTGACGACCAGGTAAAACATCTTGCCGCGTTTCATGAAGCGTCCGGCCTGGGCGCCGGCTTTTTCTCCGATACCAAAATAGAGATCGGCGCGGCCGCGGCCTTTGATGGCCGACCCGGTATCCTGGTCGAGCACGAAGCGGGAGAAGGGTTGCCAGTCGACGATCTTGTTGCTGGAGTTGAGGATGGGTTTGTCTGCGGTGATGAAGACGAGTCCGCCGCCAGGATAAAGAGTCTTGTCGGTAGCGATGGCGCGTCCGCCGATCAGTTCGGCACCGGTGGAACCGCGCGGACCGTTGCCGCCCATGCCAAAGAAGATATAGCGTTCGTTTTTAAATAAATATTTTGGAATGTCTTCGGGATGTTCGCGAAAATAGCGTTTGATACCCTGCATCGAACCTTGGCCTGTCGTGATGATGCCTTCGTTGATCATCATCCTGCCGACACTTTTATAAGGTCGCTCGTTCGATCCCATGTATTGCACCGCTTCCAGTTGACCATCTTCAAACTGCAGGAATCCGGAGCCCTGGATGTGAAGGAAGTATCCTTCCATCTGGTCCTTGAGCCACGCGACCTCAAGGTTTTTATCAGCCAGCACTTCGCGTCCGTCGATCGCCTCACGCGTCAGCTCCAACGGGCGGGTGGATGCTACCAGATGAAAACCGTAATCTCTTTGCGAATGGATGGCCCGTTTGTAAGAGGCTTCCATTGATTCACCACCACTCGGTTTGCGATAGAGCGGATAATGGTATTCATCACTCCAGGTACGGCTGGCCGGGATCACCGGTGTGTAATACCCGGTGAATAACACGCGGTGGTGTTGACCGGTTCCGACCGGCACAACATAAAACCGTTCCCTGATTTCCTGACTGAATTCCTCCGGAGACAGTTCCGCATCCAGAAGATTTTCGAATTCAACGAGCGTGTCGTACAGCCTGGCCTGCGTCACCATTAAATCGCCTAAACGGACTTGTTCAAGGGGCGCTTTGCCTTCAAGAATATAAAGCTGACGCCGTATGGATTCCCTTAAAGACTCCTGGTCGAGATCATCCAGGAACGATTGTGGCAGCTCGGCAGCTGGAACATCCAGCGGCGGATATAAGGCATGGTGCGGGTAGATTTTCCGGGTATTGAGCGGATCTTTTTTTTCTGCCTTTGGCGG
CP048685.1_gap43	1732492	1733522	1030	CTTTAACTCGCTAACCAGAATATGATTAACTTCACCTGACATATCGGAAATCAGGTTTTTCATCAAGTCATGCGTCATGGGCCTTGGCGTGGCTATTTTTTCTATTTCGAGCGCGATCGCGTTGGCTTCAAAAAAACCGACCCATATAGGAAGCGCCCGCTCACCGGACGAATCCTTCAAAATTATAATGGGCATATTGGTCAACGGGTCGAGCGTAAGACCTTCTACTTTCATTTCAACCATAAAAATTCCCGACTTTTCCTCAACTCGTTTGAAAGGTCCGTGGACGAACCTTCAATACGGTTGGCAGGTTAATACGCTTTTTACCTTCCTGATTATTCAGGATATAAGAGTAAGAAAATTTGTCAATCCCGCATTTCGCGCCTGGGGCAGGTTTCCGGTTATCATTTTTTTTGGTCTTTGAGAGTCTGGGTGACAAACTCACGAAGCTTTTCCTGCACCACTGCCGGGATTTCTATTTCACTAAGAGTCTTGCTGGTAATCTCGGTAGTGGATTTGTAGGTGTTCAAAAAGGCAATGCACGGAGGACAGTCTTTAAGATGTTCTTCGAGAGACTCTTTGACCTCGGGATCCAAAGACCCATCAATGTAATCGTTAAGTAGTTCCAGACATTCCCGGCAACAAATCATTTTTTTGCTCCCCGCGTATCGAACTCTTCAAAATAGCCCGACAATTTTTTCCTTAAGAATAATCGTGCACGATGCAGGCGCGACTTTACTGCTGGTATTGACAGTTCAAGAATCTCACCGACTTTCTCTGTCGAGAGTCCTTCCACGTCTCGCAACAAAAACACAACTTTTTCCTTCTCCGGCAACTGGGCAACGGCTTTTTCGATGATCTCCTTGGTTTCGTTGGAGAACAGTAATGAGTCCGTGCTGTCTGACCAGTCGAGCAACTTTTCTTGCTGGAATCCGCTGTTGTTGAACGAAGGCAGCATATCGTCCAGCGAAACGAACTGGTCTTTTTTCTTAGTCCTCAGCTTCATGTAAGAAGCGTTGAGGGTGATCCG
CP048685.1_gap44	1902544	1903680	1136	CACGCTGTGATGGAAGTGAGGCCGCACGATGTTCCCTTCATGATTGAGCACGGTCAGACATTCTGCCGCCTTAAATTTGAAAAAATGATTGAGCAGCCAGCGAGGGCATACGGGCAGGAAATCGCATCGAATTACCAGTCGCAGCAACTCAAGCTGAGTAAATACTTTAAAAGTTAGATCCGGTTTGGGAATAATTTGTTATCCTGACTATAATTGAAAAGAAACAGGCTCACACTTCATGGAAAGAACCGAACTCAAAGCTATAATTGAAAATCTGCTCCTCGCGTCGGATCAACCGGTTTCACCGGAGTCTCTTGCCCAGACCCTTTTGGGAGGCGGCGATAAAAACGAACTGCGCGGGTTGCTGGAAGAGCTGCAGGAAGATTTTGCTGACAAGCCTCTCCAGGTCATAGAGGTCGCCGACGGGTTTCAACTGTGTACCCGGCCGGAATATGCCGAGTGGGTGCGGAAATACCTCAAGCTCGATAAAACATTTCGCCTGTCACAACCGGCTCTGGATACTCTTTCCATTGTCGCCTATAAGCAACCGCTCACGCGCGCCGAGGTCGATGAAATAAGAGGAGTGGATTCCGGTGGTGTGTTCCGGACCCTGCTCGAGAAAAAAATTGTGGCTCCGGCAGGGCGAAAAGATGTTCCGGGTAAGCCTTATATGTACCGCACCACCCAGAAGTTCCTCGACTACTTTGGCCTGCGTGATTTAAGCGAACTTCCCACCCTTGAGGATTTCGGCGAAGGCGAAATTGAAGGCGAAGCAGGGCCAGAGCAAACCGAAATTGAATTTGCGGCTGCCGATCAAAACGGCGGCGAACAGGGGGAAGCGCCCACCGCAGAGGCTCCCACGACTGAAGATTCCTGATAGATTCCATGAAGATACGTCTCCAAAAAATTATTGCCGAGGCCGGCCTGGGCTCGCGTCGCGAAGCCGAAGGATGGATTGAAGAAGGCAAGGTGACTGTGAACCGGCATGTTGTAAAAAAGCTGGGCACAACCGCAGACCCTGAAAAAGACCAGATCAGGGTAAAGGGAAAGTTGCTCCCAAAGCCGGAGGAAAAGGTTTATTTGATGTTCAATAAACCAAAAGGCTGTCTCACCACGGTCCGCGATGACCGGGCGCG
CP048685.1_gap45	1928287	1930847	2560	ATTATTACGAGGAAAACAACAGGAGGGTTTACTTGCCGGCAGATTTTTGGCCTTGCCCGGTTTTTTCTTTTTTCTCTTTCTCTTCTTTCTCTTTTTGTTTTTCTTCTGATTTCTTTCTTGCTTCTTCAAGGTCGTTGATCAGACTCTGGTTGCCGGAGACTTCTGATTTGACTCGTTTGATTGTATTGGCTGCGCTCAGCTTCCTCATCCAGTTTGGGTTTTCTTCAGCGGCTTTTAGGGTTGCGTCGATATGGGCCACTACTTTTTGAATGGAGGGAACGCTGGTACCCCCCAGAGCCGATTTGGCTCTTTGCCGTTCAGAATTCAGCGCAGTGAATTTTTTTCCGAAAGCTCTCAGGCCAGTAGGGGTGTGATAAGAGGTTTCTTCGGTTTTGGCAAATTCCTTTTCTTTTTTCAAAAAGTTAATGGCCTGCTGGATTCTTCCCAGGTCTTCCTTGGAAAGGATGCCGTCATCTGTTTTTTCTTCGTTGGAACCTTCACTGGCAGGGCCGGGCCCGCGTTTCGTAGCGGACGTCCGGATGTTTTTCATTTTGCCTTGATCGCGGTACTTTCTGGGAACCTTACTGATGTCGTTTGTGAAATGGGTTTTGCCCTGGTCATCTTTCCATTTGATGACTCCAGCAAATGCGGACTCGTTTAAACCCGAAAATACGCCCGATAACAGGACGAACATCACACAGGCGGTGATTTTTTTAAATGACATCTTTAGTGTCCTCCGGAACCTTTCGCAAACCCCAGGTGAGTGAAAAGTCGTTTCTCAAATTATATCAACGTCTTGCCAAGTCTGCTATACTTTATATGCTAGATCCTGTAATGGCTTTATTCAGAAAAAACTTCAGTGATGGAATCCAACAACCTCAAGTTTATTGACGACAATATTTACGACCTGGCGCAGGAAGATCGCGTAGTGGGCTCTTACCTCTACGACAAGTACAATGAGCAGATTGGGCGACTCAAGGGTTTGCTTGTCGACCCTGAATCATTCGAGGTCCGGTATGCAGTTTTTATTGATGGAGGATTCCTGTTTACGGACGGTAAAACAATCCTTCTGCCTCGCCCTCTGTTCCATGCGATAGATATGGGCCAGATCAAAACCAATTGGTCTCGCGAATCCCTCCAACACTCCCCTGCTATTGAATCTTTGGAAGAAATCAGCATGGACGATGAACGGGTGATCCTGAGTTATTTCGACCTGGAGCCTTATTGGGAGTCTAAGCCTGTCGATACTGAAGAGGCGATAGAGTAGACTTTTTTAAAACCGGTTGAAAATAAAATTTGGTAAGCATTTTAGAACCCACGCTACCAACCGCCAACGCGGTGTGATGTAAGCGTGTTTTTTTTTATCACGAATCGCTCCGTAGATTTGTTCTGCAGCCTTGTCCGCCGAACACACCCAGTATGCACGCCTGGCGTCGATCATCGGAGTGTCAACGAAACCTGGTTTGATATCTGTGACAGTGATGGGAAGGTTTTTATGGGTTACTAACTGCTGGAGCCCCTGAAGATAACTGGACATAAAAGATTTTGAAGCAAAATAAGCTGGTGCCTTGCGGTTCCCCCGGATTGCGGCGATAGATGAAATGCCAACCAGATGCCCGCTATTGTTTCCGATGAAATGTTCCATGGCAAGATTACTGAGCAAGGTGAACCCCTCGACATTGGTGGCCACAATTTTCATCTCTTTAGTCAGGTCAAGCTCCGGGTTCTGGTAACCAACGCCGGAGTTATAAATGATGAGACCAACATTCCCCATCTTCGAAATCAAATCGTTCAATTGTTCTTTTGCCTGGGGATTGGTGACATCCATTTCCTGTACGAAGCAGTCATCCCCGATTTTTTTTTGAAGTTCATCCAGAAGGTGCCGACGCCTGCCGGTAATTCCAACCCGGTATCCATTATGAGCCAGTACCAGAGCCAGGCTCCAGCCTATACCTGAGGTGGCTCCAATCACAATCGCGTTTTTCGAGTTTGATGAGGGCATACTTCTAATGGGTGTTTTCCAATTATTTCCAGCTTGTGATTTGGATCCCCCTGAAGGTTTTCAGTTGGTTCTGTTGAGCAGGGACTCCACCGCGTCGGCTACCTGGGTCACCGTGATATCTTCAAGGCAAAACGGTTTTTTGTGGGGAGAGGGTTCGCAGTCTTTAAAGAACTTGTGACGGCAGGGAGAACATTCGAAATTCAGCGTGACCAGTTCCTTTCGTTCCGGGACAATAAGGGGGTCAGTTGTTTTGGGGTGGCCGGGACCAAAAATTCCAACTACCGGAGTATCAATCATGGCAGCAAAATTCATCAGACCACTGTCGTTTGCGATCAGAAGATGACAATTTTTGAGAAACCCTGCAACCACCTGCAAGTTTAATCCTGTCATAATAAAAACCTTGTCTTTGCGGCAAAAACGTCCCACCTGTTCCAGTAAAGGACGTTCTTTTCGACTGCCCATCAACACGATGGTGGCTTTTTTTTCTTTGATCAGTTTTTGGCACAGGATGCCAAAACGCTCGGTGTGCCAGCGTTTTTCAGGTTTGGAAGCGCCCGG
CP048685.1_gap46	2022087	2027003	4916	TTTGGCATGGCCGTGAACAGGAAACCCGCGATAATGGCGGACAAAAACCCGAAGACCATCTCGTGAACATGCCATTCGCGCGGACCATACAAAAACTCGGCACTGTTCGCACCGGAAAGAATGATGGCCCAGACGGGAATCGCTGTCCCGGCAAACAGTGCAGCACTGAAGAAGAACGGGCGGAACCCGTATGAAAAGAAGGGGAGTCTAGTCACAACACGGTCCAGGAATAAGTATTAAATCAAAAGTAAAGGCGAGATTCTTCACTCCGCTGGGCTAAGTTCAGAATGACTTGTTTGGGATTGGTATTGCAATTTTAAAGCTGGTTTTGAATCAGTATATTTTGAGTATGAACTATGGATAAATTATCCAGGTTTTCTTGAAGACTTTGAAACCGCAAGTAGTTATACAGTGGTTGAATGCAACGCAGGTTTTACCGTAGTTACCCATTGGCCTTTGAGCGCATGGCCTGAAGCGTGGTCGATTTTTACTTTTACAATGTCGCCCGGTTCCAGTGTTTCATCCGGACAAGCCATCATCACATTCCAGTATTCCGGGTTGCGTCCGCGATAGTCGATGCCCGGTTTTTCGCTCGCACTTTCCACCATCACTTCCACCTCACGGCCCAGAAAACCCTGACCCGCCTCATTCGCAAGTTCCGCCTGCAGTTGGATGACGCGCTGAAGGCGTTCGTGTTTGACTTCGTGCGGAACTGAATCTTCATACTCCGCCGCCGGGGTGAAGGGCCGCGGACTGTAGGCAAACATATAACTGTTATGGAAACCGATCCGTTTCATCAACGTTAAGGTGTTTTCAAAATCCGCATCGGTTTCGCCCGGGAAACCAACGATGAGATCCGTGGTCATGGCGATGCCGGGCACCTCACTTTTTAGTTCGTCAATCAGGTCGATGTAGTTTTCCACTGTGTGGTGTCGCCGCATGCGATACAGCACGGCGTCTGATCCGCTTTGCACCGGCAGGTGCATGTGATTCATAAGGTTGGGCAGATCGCGGTAGGCATCGATCACATCGCGAGTCATGTCCATCGGATGACTTGACGTGAACCGCAGACGTTCGACGCCCGGTATGGCCGCGACTCCGCGCAACAGCTCGTGAAACGTCAGGGGCTTATCCAGCCCGATCTTGCCGTAGGAGTTGACGTTCTGGCCGAGCAGAATGATTTCGCGTGCACCTGCAGCGACCAGTTGGCGTACTTCTTCGTATATTTCATTTTCCGAACGCGATTTCTCCCGCCCGCGTGTGTTGGGCACTACGCAGAACGAACAAAACTTGTCGCAGCCCTTGATGATGTTGACGTAGGCAACCGGACCGGTGATGCGGGATCCGTCGAGCGCTGGAATCGAGTATTTTTTCTCGCGGTCAAAGTCCGTGTTGATGAGTGTGGTTCGGGATTGACGTGCTTTTTCTACAGCATCCGGCACCGACTCGATGGCATCCGGTCCCAGGATGAAATCCAGGAAGGGCATTTTCGCGAGCAGGCTGTCCTGTTCCTGTTGAGCCAGGCAACCGGTGAGACCGAGGATCACATCCGGATTCTGCTGTTTTATCGGTTTGAGCTGGCCGAACAGGGAAAAGACCTTTTGTTCGGCCTTTTCGCGAATGGCGCAGGTGTTGATGAGGACTACATCTGCCGCCTCCCGGTGCGAGGTACAGCGGTAGCCGTCCTGGAACAGGAGCTGTTCCATGCGGTCGGAGTCGGCGACGTTCATCTGGCAGCCGAAAGTTTCAAGATAGAGTTGTTTCATGAAAGCGATTGTAACGGAAATTTGGGCTGGGGAGAAGGGAAACCCCTGATATTTTGGGCTCCCCGGCGATTTTTAAGGCGGGTATCAATTTATATAAATTTATATAAATTTACTATTAATTAATTTCTTTTAAATTAATTTAAAATTGTTATTGACAAGTATCCAAAGTTGAAGTATATTAGCTCCCATCCACGAAAAGAAGGTACAAATTTTTAATATTTAGATTCAACCCGTCTCTCTATCTGGAGGGGAAAAACTGTGGCCAATGTGAATAACAATGTCCAGGTAATCCGGGAATCCAAGATGATGAGCAAGGCCGAACTGGCTCGCAAGGCCAATGTCACGGTCCAGACCATCGATCGGATTGAGAAAGGAAATGACTGCCGTTTGGATACCAAGCGGAAGATCATCCTTGCTTTGGGCTACAAGCTGGGCGAACGGACGAAGATCTTCATTGATGAAGAAGCTTCGGCAGGCAAGAAAAAAAGCATCAAGAAAAAGGTTGTTCGAAGGAAGAAAAAATCGGATTTGTAATCTGATGGAGCAACTCTTTGAGTGGGTGGGGAGACCGACTTGAGAGAATCCAGGGTTACCCGCTTCGGAGAAGCTTTTTGATGAGGCCCAGGCAGGGACCGTCAAAAGTGATGCTGGAGCGGGGAATCGAACATCTCGGAGCGCCAGGGCGCTGCCGAAACAAGGACAGGAAAGACACATGTTCCTTACAGCGAAAACACCTTTATTGGCCATTGATATCGGTTCAAGCTCGGTAAAGCTGGCACAGCTTCAGGGGTCCGGAAGTCGATATGAATTGACCGCTTTCGGGGTCATGCCTCTTGAGCCTGATGCTGTCACTGACGGTATGGTTCGGGATGAAGAGGCTGTTGCGGATGCCTTGTCTCGCCTGGTGAAGGCGGAAAAGGTGGACACCCGGTTTGCCGTTTCCTCCCTTTCCGGAGAATCGGTCATCATTAAAAAGATCCAGATGCCGGTTTTGCCTGATGAAGAGCTGGAAGAATCCATCGCTCAGGAAGCGGAGCAGTATATTCCGTTTGAAATTGACGATGTCCGTCTGGACTATCAGAAACTCGATATTCAGGGGGGTGCCGGAGATGAATTCGGCGGCCTGGATGAAGAGGAAAAAGAAGACATCCTCCTGGTGGCCGTGCAAAACGACCTCATTGACAATCGGTCGGATGTGTTGACGGCGGCAGGACTGAAGCCTGTGATCATCGACCTCGATGTTTTTGCAGTATCCAACGCTCTCGCGATCCAGCGTGACCTTGAAACGATGGGTGGGGTTGCCGTTGTTGACCTTGGTAATTCGTTCACCCATGTCAACCTGCTCCTTGATGGAATTTCCTTTTTTACCCGGGACATCCCGCTGGGTGGCAGTGTTTTGACCTATCAATTAGGCAAGGATTACGGCCTGGATTTCAATGAAACCGAGGGGCTCAAGCAGGGTATTATCCCGGACAGCATTGACCGTCAGGAAGTCATCGACAAAATTGTTGATTCTTTCGATGGGATCATTGACGAGGTCCAGAAGTCTTTTGAATTTTTCAGTTCTACCTCAAACAGCACCATTGAGCAGGTATTCATTAGTGGAGGGGGCGCCATGATTCCGGGTGTGGATAACCTGCTTTCGGATCGCCTGGCAGTTTCGGTGGAAGTATTCAATCCGTTGGAAACGGTGAAGATCAACCCAAGGAAATTTGACCGTGAAAGCATAAACCAGATGGCCCCTTTGGCCTCGGTTGTTGCAGGTCTTGCAACCAGAAGGTTTGACTACATATGATCAAAATCAATCTTTACGATTACCAGCGAGTTGCACAGGAAGTCACCGTCCAGAAGATGGTGGTGACTGCGATGATGATTATTGGAGGTGCGATAGTCGTTACCGTAATGGCCGTTTTTGCAGACATCGCCCGTGTCAGTTCGGCTGAATCCGAGATGGTGGCAGCCCAAATGAAGGTAGACCAGATCAAACCTCAATTTGATGCAGTCCAGAAACTCAAAGCGGAACAGGGCACTCTCAATAAAAAAATTACCAGTCTGTCCGATTTGCGTGCATCCAAAATTCCCTTTGCAAAATTGATGGAAGATGTTGGCCAGGTGACCCCGTCGGGTGTCTGGTTGAGCAAAATTGAACAAGCCACGGAAGCCAAACTTAGAAGTGGAAACGTTCCCATCCTGTTCATCGAAAAAAGTAAAAAAGGCCCAAGTACAGAAGATCCCCATCTTTTTGTGAAGTTTCAAGGTAAGGCTTCATCGGATCGGGGTGTGGTTAGATTTATGGAAGGTCTGGAGACTTTGAGCTATCTCGACCATGTGCTCATGCATTCCAGCAAGCAGGGTTGGGTTGCCAACCGACCGGTGCGGACTTTTATCGTGTATGCCCATGTCGCGGGCACGGGACCCAAACCCAAAAAATAAGAGAGGACTTATGGAAAAGTTATTTGACAGCTTACCGTATGCCGCTCTGGCGAGGATGACCAAGATCCAGTTTATTTTCCTTGGTCTGCTCATCGGAGGTCTTATTTTTGGGGCGTACTTTTTTACATTCCATTTGCAGAAAGAAGAAGAGTATGCGGCTCATGTGAAAAAGAAAACAGAGTTGGATGCCACATTCCTGCAGTACCAGACTGCGATTGCTGGAAAGCCTGTTTTGGTCAGGTCCATTTCAACCTTGAAGGCGGATCTGGTGGAAGCCAGCAGGGTGCTGCCTCTCGAATCCGAGTTGCCTGAACTGCTCCACCGGGTAACCGACATTGGAACTGTTCTGGGTGTGCAGATCGCAGACTTCAAAATTGGCCATCAAATCAATAAGCTTGATTTTTACAGCGAGGTCCCATTGGAAGTCAAAATCAACGGGGGATTCTACAACACCCTTGGGTTTTTCGACTGGCTTCAGAATCTTCTGCAGGTGGTTGATGTTAAGGAATTGGCAATGAATTCGAAAATGACCAAAAGGCAGATTGTGAATGAGGACACTGGCAAGGTGGAGGTTAAATCTGTTGAAGGTATCCAGACAAGCATCAAGGCGACAATTTACGCTTTTGCCGGAGACAGGAGCTGATTCAATCATGCATGATCCAAACGGGATGATTCAGGTAATGCAAACAATCCAAAAAAATATCCGGTTATTTCTGC
CP048685.1_gap47	2028059	2030966	2907	AAGAGATCGATCCTCAGCTTTATCAGGATCTGGAGTTCTACGGCAAATTGTTTCAGGAGCGAACAGAACTGGAAGCGTTGTCCGATGAAGAATTTGAGGAAGAGGTGTCCCGCTACCAGGCATTAATAGAAAAAGCGAAAGACGTGATGGCCAACTCGGTTCTCACGCCGTTGCAGGTAGGTTACGGAAACCTCCAACTGGTAGGTTTGATGGATAACGGGATAGAAAACGTGGGACTGATCCAGGCCACCGACTCAAAAGGTTACACAGTAAAAAAAGGAATGTTGATAGGGCCTAATTTTGGAGTCGTGGAATCAATTAATGAAGAACGTATCGAAGTGGTCGAAAGGGCCCGCGATCATGAAGGAAACATCCTGTCGACAGTGCAGTTTATTGCATTTGCCGATCCGGAAGGTTCCGAAGAAAAATAAACTAGGGGAAGGCCGTGAAACAAACAACCTGGAGACTTGGCTTAGCCGGACTATTGGTCGTTTTAACCTGGGGAATGGTCCCTGTATTGGCTGCGACTGCTCCTGCAGAAGTCCCGGAAGAAATGGTGGCGCAGGCGGGTTCGACTGAAAGTGCAGAAAACAATGAGCCATCCCGTGCCACGATAACCGATATCCGCACAGAAACAGCAGGCGATGAGGTTACCGTAGAGGTAGAAGCGACAGGGGATCTTCAATACACGGCCTTTAAACTGATGGACCCCCTCCGTCTGGTACTGGATTTTCAGAATATGGAGACCACAAGCGTTTCAGGGTTGACGGATATCAATAAAGGTGTCGTCAAGTCCATTCGCCCTCTTTATTTTGATGATGCGGCGGTTCAACGCCTGGAATTTGATCTGGCTTCTACAGCTGTTTATGAAATCCAGAAGCCGGAAAGCAATAAGCTGGTGATAAAGCTGAAAGGTGCAGAAATGCAGGCGGCGGCACCTGAACCGGAAAAGATGCCGGTAATGAAGGATGAAACCGCCGATCCGGAAATGAACCCGGAAATGGGATCCATGAATACTCGTGGTGTTCCAGGCTTTCAGCCGACGGAACTCAGCTCGGACATCTGTGACAGCATACTGAATGAAAAAGACCGGTTGATAAAGGTTGAGTTCCAGAATGCAGAATTGAGAAACATTTTTCGCTTTCTTGCAGAGAGTGAAAACGTCAATCTGGTGGTTTCCCAATCAGTTAGTGGAACAGTGACCATGAAGGTTGATGCCGTTGCATGGAAAAATGTACTCGAACTGATTCTTGCAAACTACAAACTGGGAAGAAAATGCGAAGGGAATGTGGTTCGGATTGGACTTGAAGACGATTTGATCGCCGAGCGGTTCAATCAGCCTTTGATCACCCAGATGGTCAGGTTGAATTATGGCGATCCGGACGAAGTGATCAAGAATCTGGACAAAATGAAGTCAAATTTTGGCAAGGTCGTTTCCGATAAGAGGACAAACTCGATAATCGTTACCGATACGGAAACCAGTGTTCTCGACATGATGACCGTCATTAATAATCTTGATCAACCGACCACTCAGGTTCAGATCGAATCCAAGATTATCCAGATCAACAGGGATTTTCTTCAGGAGATTGGTATCCAGTGGGGATTCGACGGTGTGGCTTTCCGAAACCCGGATTTTCCAAATGCAATTGCGTTTAGTGGTGCCGCAGTGGGTGATGGTGCTCTTTCAGCGCCGGTGGGTGCCGGTAGAGTTGACCTTGGGGGTACTCCGGGAAATCTTCCAGCAACCGCCCAATTGGCAACTCCTCGGTTAACTCCAGGGTTCATCGTGGATCTTGCAACGGTGGGCACTCCTTTTGGTGGCATTGCAACCTCTCTCCGGGCTCTGGGTGGAGATGTGACTCTGGATCTTCAGTTGAGTGCTCTGGAACGACAGGGTAAATCCAAAACAGTGGCTTCTCCAAAAGTAACAACTCTGAATAACAAAGAAGCCAAGATCAGGAGTGGTACGCGTCTTCCATTCCAGACTACGGACCCTGCAGAAGGAACCAAGATTGAATTTATTGATGCGGTGATCGAGCTCAAGGTAACCCCTCAGATCACTTCAGAAGATATGGTCTATATGAAAGTAGCGGCACAGCAAAATACGCCTGATCCGGTCAGGAATGTTGGGGGTACGCCGGTAATCCTGACCAAAGAAGCTTTCACTGAACTTCTGGTCGGTGACAAAGATACAGCGGTCATCGGCGGATTGTTTCAGAAACGGGTGACGGATACAACCCGGGCTATTCCCTACGCTTCTGAAATTCCGATCATTGGGCAATTGTTCAAGAGTAATGCGGATTCTGACAATATCAGTGAGTTGCTGATTCTTATAAAACCAACCATTGTCAAAGGACTGGACTCCTGAAGCTTCTCAGGGATTTGAACGAGCAGGCTATAAGGACTTTGTAAAAAAGGAAAATACTATGACCAGGTGGAACAGGTTGGAATACAAATTAATGAAATGCGGTTCCCTGTTTGGAGCCGTAGCCTCGATATTGCTTCTTGCAGTTAATCCGGTCTGGAGTATGGGCAATACAGGCAAGAATAAGGCTGTCGTTACCTCGAGCAGTTTCATTGATGCCTGTGAATCTATTTTTGAAAAGAATCAGACTCCCCTGTCACTGGACTTCCAGGAAGCCCCTATTGAAGATGTGATGCAGATCATTTCTGAGGTTTCGGGCATGAATATTGTCATGGCTCCTGAAATCCAGGGAAATACAACCGTGATGTTGAACGATGTCCCCTGGGGACTGGCGCTGGATATTGTCCTTGATAATGCTGTGCTGGGAAGAGTGTGCGACGAGAATATCATCCGCGTGGATACAAAAGAATCATTTCGGACTGCCAAGGATCGAGGAGAGATGGTCACCGAAATGATCCGTATCAATTATGCAAACCTTCAGG
CP048685.1_gap48	2138603	2139735	1132	ATCAGGAAGATGTTGCTTTTCGGCGACTGAACTATTTTAAAAAAGCAGCCGAGCAGCCGGAAGAATGCGTCAACAATTTCATGAAGTTCATGTCTCGTCAGAACCTGGCCAAACTCATCACCTATTATGAAATTTTCAATCAGACCCGGGATGTGGCCGGATCCTTTATCGAATGCGGTGTGTTTCATGGGAATGGGTTGATGACGTGGGCCAAGCTCCTGGCGGCTTTCGAGCCATATAACTATCCAGCCAAGGTGATAGGTTTCGATACATTTGAAGGCAACGTCGGAATGTCAGCAAAGGATGAATCCGATGCTTCCGGACCCCATAAAAAAGAGGGCGGATATTTTTCAGACAGCTTGGATGATCTCAAGGAGTGTATCGATATTTTTGATAAGGACCGACCCGTTTCCCATATTCCCAAAGTTGAGTTGGTGAAGGGGGATCTGCGTCAGACGGCAAAAGAATATGTGGAAAAAAACCGCCATCTGGTGGTGCGTGTTCTTTCCCTCACCGTCAATCTATATGAACCCACTCTGGCCGCGTTAAAAGCCTTTGTGCCCAGAATGCCGAAGGGTAGTGTTATTGTTCCTTTAACCTTGAACAACGCCATCTACCCTGGGATGACGGAATCTGTTCTCGAAGAGTTGAAAATATCAAATTATTCTGTGAAAACGTTTCCCTACTCGCCGAATGTGAGCATGATCATTCTTTAATTGGATAAGGGTGGTCCCCTTAGCTTTGGGGAACTCCTTTCCAACGGCGAACATCACGCATGAATTTATCGAGATCCATTTCGCTGTTCCAAGGGAAGGCTACCATGAGGGGCTCGAGGGCTACATCGAGTTTTTCGCTGGGAAAGTATTCAAAGTTTCCATTGGTGACACGGTAGATATTGTTGAAGGTCCGGTAGTTACCGCACAAAGCCACAAAATCCCAGGAAGTTTCGCCTCGTACCAGCGCATCCAGTTCAGATGCCGCTATGCCTTCATAAAGGTTTATTTTGCCGAGGCAGGAATTTTGAACACGTACCGGGTTTTCTTCAAAGTCGATACTCCAGATTTCCGAGCCTTCTTTCCCAAAAACTTCAAGCTGGTAAACGACATTCCAGTGTTGCCAGGCTTCCAGTAAT
CP048685.1_gap49	2177095	2180543	3448	CGACATGAAAGTCTTCGTTTGCTTTCAGATGGGATCCTTTTTCCATGAGTGGAATCAGCACGTCGCGGGTGGTTCCGGGATAGGTGGTCGATTCCAAAAGAATCAATTGCCCTTTTTTCAGGTGTGGAGCGATGGAGCGTGCCGTGTTGGCCACATACCGCATTTCAGGTTCCCGGTTTTTGGTCAGGGGAGTGGGAACGCAGATCAACAGGCAATCCATCTGATTGACCATGGAAAAATCCGTGGTCGCAGAAAACTTTCCGGAAGAGACCAGATCGCCGATGGCTTCACCTGGAAGATGGCGGATATAACTTTTACCTGACGAAAGCTGTTCAACCTTGGACTGGTCGATATCGAAACCGGTAACGGTAAATCCCGCCTTGCCAAACTCAATGACCAAAGGGAGTCCGACGTAACCAAGGCCGATGACACCGATGTTGGCCTTTTGCTCTTTTATCAGGTTAATGAGCATGCGTTGGGCCGGAAATCCTGATCAAAAGGTTGTTTTTTTATGGGGCGGAGTGGCCAATAAGGCTGAAGAGAGTCTAACAAAAATCAGGGTTCAACTCAATGCGCTCCGCCTGTCGCCAATGGGAGGTACATTTTTACGAGCTTTTAATTTATTGGGGCAGGTTTTTTGAGACTTTGCCGGTATCCTTAACATTTGCTAGAGTGACGCGTGTAAAGGATCGCGTGTATTTAGTTGAACTTTGGGGAGATTAAATGGCAGGTGCACAGAAAATTCTGGTGGTGAGACAGGGGCGGGCGGGAGATATGGTCATGATCACCCCAGCACTCACTCAAATTCTGGAAGGTTACCCTGGAGCGGAGGTACATCTTGTCACCAGTCCGGACGGACGTCGGGTCCTCAAAGGATTTCATCCAAGATTGGCCCGGTTTTTTCTTTATTCAAGACGGATTCCAAAAACCTGGTGGATTGGTCCCAGACTGGTCAAGGAGTTGAAAGCAGAGAATTATGAGCGAATCTTCCTGTTTGAAACGAATCCCCATTACACAGATTTGCTGAACGGAGTTTGCTCTAACCTGCACAGGATCACCAACCTGGAACCGGACGTGCACTATTGTGTCCGCTGTATTGAAGTAGTGGAAAGCAATATGGACAATGCTCCGAAAAGGAGTTGGCTCACTCTACCGGTTACGGAAAACGGACAGACTAAAGCGGAGGACCTGCTGGGTCGACATGGTGTGACCGAATCGACTTTCCTTGTGGGAATGCATCCCACATACAGTGGAATGACGTTGCCATTTTATCGTCAATGGGGTGGCAGGAAAAAACACCGTACCTGGCCGCAAGCGTATTTTGCCCGACTTGCAAATATGCTTAACCAACACGGAAAGGAAAAGGGGGTCGACCTAAAAGTCCTGGTTGATATTTTGCCTGAAGAAAGACCTTTACTCGAAGAACTGATTGAGAAGAACAACAATACATTAATCGTTTTATCGGAGCCGCCAGACTTTGAGCGCTACAAGGCCATCATCGCACGTATGAATCTGTTTGTAGCGCCAGACACAGGTCCCATGCATATGGCTGCTGCACTGAGGACTCCATTGGTAGCCTTGTTTTCAGGGAAGTCACCACTGGATTGCGGCCCCTATGTGGATCCATCCCAATTTGAAGTGGTGGAATCAAAAGGCATGCCAGATGCCGAAAAAGGTTTGTCGGCTATTTTGCCAGAAACCGTGTTCGAAACCTGTAAACGATTTTTGCCCTGACTCCTTCCGGTAACAATTGTCACCTTCCCATGGTTTTGTTACATTGCAGGCACCATGCAAACGGACACCGTTGCGGTTATCATCGTAAATTATAATGCCGGGAAGCATCTCACGAGATGTCTTGAGGCACTGGGTAGACAAACACGTAAGCCGGACCGAATTTTGCTGATTGATAACGCGAGCACGGACAGTTCCCTGGACGGTATTACCGCTTCCTGGCCTGACGTAGAAATTTTTATCCAGGAAAAAAACACGGGTTTCGCTGCGGCTAATAATTTTGGTATCGCCAAAGCTGACAATTGTGAGTGGGTTGCCTTGCTCAACCCGGATGCTTTCGCTGACCCTGATTGGCTGGAGCGTTTGATGGACGCGACTCAGGCGTATGCCGAGGACTCGTTTTTCGGTAGCCGCATGTTGTGTCATGGCCAGCGTGACAGGCTCGATGGGACAGGTGATGTATATCATGCCAGCGGAGTCGGGTGGCGGCGCGATCATGGTTTCAAGGTGTCGGAGGGCCATATGGCAGATGAAATTTTTTCTCCCTGTGCGGCGGCGGCTCTCTATAAACGACAAGCGATTTTGGATGCAGAAGGATTTGACGAAGATTTTTTCTGCTACTTTGAAGATGTGGATCTTGGTTTCCGCCTGCGTCTGCTTGGCCATCGCGGACGTTATATTCCTGAAGCGATTGTAGAGCATGTGGGGTGGGGGACAACGACCAAAAGCAGTGACTTTTCTATTTACCATGGTCATCGCAACCTCGTCTGGGCTTATTTTAAAAACATGCCTGGTCCCCTGTTCTGGAAGTTTTTACCGTTGCACCTGATCTGGAATTTTATTTTCCTGATTGTGTTTTCCCTGAGGGGGCAGCCGGGGGCTATATGGAAAGCGAAGTGTGATGCCTTGCTCGGGTTGCCTGCTGTTATGGATAAAAGGCAGCGGGTACAATCGAAAATAAAGGTGAATCAAAAAAGGTTGTTGCCGGTTATTGATTGCGATGCATTGGCACCTTACCGCCAGTTTCGTAGTCGAAAAATTAATGGCCCAAAAAAATAGAGGCACTTTTGAAATTTGCACTGGCACAGGTCAATCCGACCATCGGTGATCTCGAAGGGAACGTTGAAAAAATCCGTGAGGCCATAGAAAAGGCTGCAGAAGGGCAGGCCGATTGTGTTCTGTTTCCCGAGATGGCGGTGTCGGGTTACCCTTGCCGGGATTTACTGGACAAGCCGGAGTTCATCCAAACGCATTCCCGGGTAGTCCAACAGTTGATTCAGCAGACTCGTGGGCCGGCAGTTCTTCTCGGACATTTTGATGAAAGCCAGAGTGAAACCGGCAAGCGACTGGTCAATTGTGCGACCCTGTTTCAGGATGGCAGGGTGCTGGCACGCCACGAAAAAATATTATTGCCTGCTTACGATGTGTTTGATGAGCTGCGTTATTTTCAATCCGGCGATGCGCCTGTGGTCGCCACATTGAATGGGATGAGAATCGGAATCACCATTTGTGAGGATATCTGGAATGTTCCCGGGTTTTACGATCGCGATTGCTACACACGTCAACCGGTAACAGAACTGGTGGAATCAGGCATTGATTGCCTGGTAAACCTGTCGGCTTCTCCCTACCGTCTGGGGCGTGGTGCGAGACGCCAGGAGCTTGGCCGCGCTATTGTCAAAGAAACAGGGGTCCCGTTACTTCTGGTCAATCAGGTTGG
CP048685.1_gap50	2210662	2211282	620	CCTGAAGAGAGCTTTCTATAAAAGCGGTGGAGTCATAACCAATCGTGTAGTCAATATCATCAGGAAAGTTCTTCGATAACTCAGCTAACTTGTCTCGGATTCTCTGGGCTACATCCAGGGCGTTTGCATCAGGTAATTGAAAAACTGCAAAACTGACTGCAGGGGAATGATTTAAACGTGTAAACGTTTCATAAGTTTGCGAGCTAAGCTCAACCCGGGCAACATCCTTTATCCTCACCGCAGACCCATCCGATTTGGCGAGGATAATTATATTTTCAAATTCTGAAACATCAGACAACCGGCCTTTGGCTTGTATGGTGTATTGAAATTGCTGGTTGGGAGATGCCGGTGCCTGTCCCACCTTTCCCGCTGCCGCTTGAAGGTTCTGGTCACGGATGGCTGAAATAACATCATTGGTGGTGATGCCTCGATCCACCATCTTCGCCGGGTCCAACCACATCCGCAATGAGTAATCCAGGGCGCCAAAAATGACCACCTGGCTCACTCCCGGAACGCGGGATAGAACATCCTTGATATTTATCGATATGAAATTACTTAAAAATAACTGGTCGTATGTTTTATCAGGTGAATTAAATCCAATGATCTGAAGCATCTCCGGT
CP048685.1_gap51	2249712	2253931	4219	CCTGCATGGTGCCGTTGAAATACATGATGGCGACGAGTTGATGAATCAGTTCTCCGGCTTCGGGCCCGACAATATGTCCGCCGAGGAGTTTCCCCGATTCGGGATCGGACAGCAGTTTTACATGGCCATGCGTTTCTCCAAGGCACATTGATTTACCATGGTCGTTGAATGGATACGAGGCGGCACGATAATCGATGCCCTGAGCTTTACATTCTTTTTCGCTTAAACCCACACTGGCCACCTGCGGATCGGTGAACACAACGGATGTTTTCAAACGGTCATCGTAGCGACGAGGGTTATCCGCATTGAGTGCATTGTGGCCGGCGATCTCACCCTGCTCAATGGCAATGTGAACTATCTCGTGTTTACCGTTAACATCACCAATCGAAAAAATATTTTTCTGGCTGGTTCGCATTTCGGCATCCACTCTGACCCGGCCTCCTTCCGTTTGTACTCCAGCGACTTCAAGATTGAGTCCATCAATATTGGGTCGGCGACCCAACGCCTGCAAAATGGTTGCTGCCTCGACAGTCTGCTCTTTCCCCTCGTGCTCAAAAGCAATTTGTTTTTGACCGGCAGTCTCTTTAACGTTTAAAAGTTTTGTGTCGGTGAACACCTGCATGCCTTCCTCACGCAGCCTCTCCTCAACCGGTCGCGCCAGGTCTTCATCGCCTGTAGACAGGATGTGAGCACTACGCTGGATTAAAGTCACCTGAGTGCCAATGCGCTGGTAAAACTGGGCTAGTTCTAGCGCGACAGGCCCGCCACCCAGCACGATCATGGATTCAGGTTGTTCGCGTAAGGTCAGGACATCATCGCTGGTCAGGCAATTAGCATTGTCCAGTCCGGGGACAGAAAAATCATGGTTCACCACAGATCCGGTTGCTATGATGATCGAATCCGCGCTGAGGGTTTTGCTTCCTGCCTGGATTTCGTTGGGGGAGATGAATTCTCCTCGTTCCTGAATCAAAGAGAACCGAGGATTATGCAGTTGTTCTATGCGGTAGCTGGCAAACTCGTCGATCAGTTTATTCTTGCGGTCGATAATTGCAGAAAGATCCGCACGCGCATCGACTGGCAACAGTCCAAATTCCCGTGCACGCTTCATTAGAGAGATTACGTCGGATGAACGCAGGAGGGTTTTGGTGGGCATGCACCCACGCAAGATACAGAGCCCGCCCAGGGGCCCGGGGTCGACAATTGCGACCCGTGCTCCCTGGCGTTCCGCAGTATCGGCAGCGGAATAGCCTGCCGATCCACCGCCTAAAATAATGACATCATAATCCATGAGGTGTCCCTGCCGGACGGTAGCGGAAAGTGTTGTGCGACGCGCTCTAAAATTCCCCTTGGCTCAAAAAAGGTCAACTATTGGCCCTGCGCCGAGTAACCCACCGCAAGGTGGTTAAAGAAATGGGCTTCAAGGTTCCAGTTTTGTTGCCTACAGGTTGTACATCGCCCACCGCAAGGTGGAGCGGTGATTAACCCTCAGGAAAGTCTTCCCGCTTCATATTAAACTCATTGTATAAATCCTGGAGCAGGCTTTGTGCGGTGGCGACCATCTGTCGGTTACCCTGCTCATCAAACAGTTTTTGCGCGATCAACAGATTTTCAATCGCATCCTTACCCTGCTTGAACTGGTAATAGACTGTCGCAAGATTACTGTAGGCCTCTGCATAGGTGGGTTTAATTCTGACCGCTTCTTTATAATGCTTGATGGAATCATCGGTAAGGCCACACAAGTTTGCAGTCAGAGCCAGACTGTAATGCGCAATAGGATCGTCCGGTTTGATGTCGATAGCTTTTTTGAAGGAATCCAGCGCTTTGACATTCATCAGCAACTTACCGTAGCGCAGGCCCATGTTCATATAAGCTTTAAAATGATTGGGGTCCTGCTCAACAGCTTCCTGATAAGCTTCGATTGCGCCTTGATGATCGCCTGCCCGGCCGCGGTCCAGGCCAATTTTAAACCAGTCCTCTGCACTGTGTGAGGATTCGGTATCGGAGGTCATTAACCTTTCCTTTCTAAAAAAATAAACCCGGTTAATACCGGATTATTTGATCTTGGATTGGGCCTATGCTACCTTATGTTCCGCTCAAAATCCACCCACGATCAAGCTGCCGGGGACACTGTTATATTTTGAGTTGTTCTATCAATTTCAATTTTCTGGAGTTTTTTGTTTATGGCCATCGAGCCCGGTTCCGACGAGGAACGCCTGTTACTTGGTAAATGGATTCGCAAGGGAGCGGAGCTTATCGTTGCTACCTCAGCACTCGGGGAATCTTATCTGGATCCTAATATCAAGCGCTCGGAAGAGTTGCAGGAAAAATCGGAGGACTATGTGGCCTTCGATCACGATGTGGCTGAAAAACTGCCCCATTTAAAAGGCAAGTTCCGTTGGGATCTTGAAAAGTATTTCCGGGACCACTGGGGTCCGTATCTGCCAAAGGAAGAAGGGTGAATCGGGATGTCTGAAGTCAAATTGCTCGACTCAAATGATCTTCCGGTGGAAGGTGAAGCCAAGTATGTCGAACTTATTCACCCTCTGACCGAATACCCGTACCCACTGTCAATCTATTTTGCAAAAAACAGGTATTTTGTTGTCACCGACACCTGCAAGGAATGCGGTGCCAGCCTGGCTGCAGGCAAGATCAACGGTTTATTTGTGACCTGTTCGGGGCAGGAGCACCCGTGGAATTTTAAAACAGGTTTGCTCAAGTATGACCGGACCAATTCAATGCCTGTTTACCGGGTCCTGTTGAGGGACGACGGTATCTATATCGAAATCTGACTCCTGCCTGGACGTGAAATTCCTGACAACACTCACCTGCGCCAGTTGAAAAACTTTTGTGCTAATTTCAACAACCCCTGTGGTGCATGGTTTTTCTTCCAGATGCCTGCCGCATACTTGTTGGCCTCTGCCAGCGTCGGATAAATGTGGATGGTTCCGAGGATTCCATTCAGGCCAATCCCGTGTTTCATCGCCAGCACATACTCTGCAATCAGGTCTCCTGCATGGTGACCCATGATGGTCACGCCCAGGATTTTATCCTTGCCCGGTACTGTGAGCACTTTCACAAAACCATGGTCTTCACTGTCAGCGATAGCCCGATCCAGGTCGTCGATCCCGTAGGTGGAAACTTCGTACGGAATGTTCTGGGCCTTCGCTTCAGTTTCGCTTAAGCCTGCCCGTGCGACTTCAGGGTCGGTGAACGTGCACCACGGAATGACGCTGTAGTCCACCTTGAATTTTTTAACAGGACTTAGAAGCGAGTTGACCGCGCAATACCAGGCCTGATGTGCAGCAGTGTGTGTGAACTGGTAGGGACCTGCAACATCTCCACACGCATAGATATTCGAATGGGAAGTGCTGCGAAGGAAATCATCAACTTCAATATTTCCTCGTTTGGTCAAGTTGACTCCCAACTCCTCCAGTCCAAAACCCTTCGTGTTGGGTGCGCGCCCGACGGCCACCAGAATTTTATCGAACTCGATGCGTTCTTCTTGACCGCTCTTTTCCACTACCGCGTATTGCCGTCCATCCTCTACCTCAATGGATTTGCAGGTGGTGTCTGTGCGAACGTCGACCCCTTCTTTCACAAACTGTTTCTTGATAAAGTCGCCACACTCCGGGTCTTCGCGGTTCAGGGGGCGGGGCGCCTTTTCAATCTGGGTGACTTTGCATCCGAGCCGCGAAAAAGTCTGGGTCAGTTCGCTGCCGATGGGGCCGCCACCGAGCACTACCAACCGCTCTGGTTTCTCACGCAGGTTCCAGACGTTGTCCGAAGTCAGAAAGTCGACCTGATCCAGCCCCGGTATCGGTGGAACAAAAGGACGCGCGCCGGTGGCTATGACGAGGTTGTTCGTGGTCAGGGTCTTTCCGTTTACTTCGATTTCGTTCGGTGATTTGATAAATGCCGAGCCGGTGATGCAGTCCACTCCAAGACCTGTATAACGCTCAATGCTGTCGTGCGGCTCGACCTTTTTGATGACCGTTTGGACACGCTCCATGACCTCGGCAAATTCGACATCCGCCGTGGCGTTCCGGATACCGTACTCTTTATGGCGTTTTATATGGGAAAGGACAGATGCTGATTTAATCAGCGCCTTGGACGGCACGCAGCCCGTGTTGAGGCAATCACCTCCCATCTTGTGTTTTTCGATGAGTGCGACTTTGGCTTTCACCGCCGCGCCGATGTAAGTCGTCACCAGACCTGCTGA
CP048685.1_gap52	2325015	2326942	1927	CTTTGTACTGGCAATTCAGCCCGGAGCATCATGGCGGAGGCTATTCTAAATAATATAGCTGAAGGCCGTTTTCAGGCCTACAGCGCTGGCAGCCATCCTGTATGTGCAGTGAATCCACTTGCCATTGCTCTCTTGGGCGACCGGGGAGTCTGGGAACCCTATTTAAGAAGCAAAAGCTGGGATGAGTTTACAAAATCAAATTCTCCAAACTTCGACATAGTCATTACCGTTTGTGACAACGCCGCTGGAGAAACCTGTCCAGTCTGGATAGGCAATCCCATCAAACTTCATTGGGGATTGGAAGACCCTGCTGCCGCTGGAGGATCGTATGCAGAACGTATGAAGGCCTTTGAACAAACTTTTGAGCAGCTTGAAAAACGAATCAAGACTCTGGTGGGTTTTCTGAAAGATGATATTGATGCAAAAAATTTAAAGAATCATTTTGAGGGGATGGAGTTGTTATGACATCTGAAGAAACATCACCTTTGGGTTTGTTTGAACGGTACCTCTCCGTATGGGTAGGGTTATGTATATTAGCTGGAGTTGGCCTGGGTTTTGTTTTGCCTGGTTTATTTCAGGCAGTAGCCCAGATAGAATACGCCAGCGTGAATCTTATTGTAGCGGTTTTTATTTGGATAATGATTTATCCAATGATGGTCAATGTAGACTTCGCTTCAATTAAGGATGTTGGGAAAAAACCAAAGGGTTTATGCATAACGCTCGTTGTGAACTGGCTTATTAAACCCTTCACGATGGCTGCCTTAGGTATTTTGTTTTTTGAGAACTTGTTTCTTGGCCTTGTAGAACCACAAACGGCAAAGGAATATATTGCTGGAATGATTTTACTGGGTGTTGCTCCTTGTACAGCGATGGTATTTGTCTGGAGTCAATTGGTTCGGGGTGACGCGAATTATACTCTGGTGCAAGTATCAATAAATGACATTATCATGGTTTTTGCGTTTGCGCCGATAACTGCTTTTCTTTTAGGCGTAACAAATATTGTTGTGCCGTGGGAAACGCTATTTCTTTCTGTCGTCCTCTACGTGGTAGTTCCCCTGGTGGCTGGGTATTTCACTCGCAAGGTTCTGGACAGTTCCAGCAAACATGAACGCATTGACAGTTTTACAGCAAAAATAAAACCATTTTCAATCATGGGACTTTTAGCAACTGTAGTGCTGTTGTTTGGATTTCAGGCGCAAACCATTATTGAAAAGCCACTTGTCATTGCCTTAATTGCGACACCACTTTTGATACAAAGTTATGGTATTTTTGCGATAGCCTACGGTTGGGCCTATATATGGAAGGTTCCATTTAACACTGCCGCTCCAGCTGCATTGATTGGCACATCCAACTTTTTTGAACTGGCGGTTGCAGCAGCGATTGGCCTCTTTGGGTTGAATTCAGGGGCGGCATTAGCAACTGTTGTCGGTGTCCTTGTTGAAGTACCTGTAATGTTATCACTCGTTCGAATAGCAAATAGTACACGTAGATTTTATATCTAACCAACCCTCCTGTTTTAGAAAAATCCAGGAACATATCCAATACAGAGTTCAAGAGTCTTTTTAATGACCTTTAGAGCAAAGCTTCCGACTTAAACCTACCCGCAGGACCTGCGTTGTAAGTCCACCGTTTGATGTTCACCGCCACCGCCGTAAAATAAATATGTAGCCGGAATTTGTTGAATCCTCTGAACCGCGCCCGCCTCAAGCCGTGATACCGTTTCATCTTGGATAACTTGTTTTCCATCCCTGACCGCAGCCTCATAACTTTCTTTAAGTGACGCGGGAACGTTAAATTTTTGCCTTTTTATTCCTCAAAAATACAATAAATATGTCCGTTCAAGGTTTTCTTTTTCGAAAAATCCTGATCTTCTCGCGCATCTTTAAATCGGCAAAAACTTTGATGGACAATTGGGTTCCGTGGCTCG
CP048685.1_gap53	2333133	2336031	2898	ATATAGAAGGCCCAGTCGTCATCAATCGGCCGTTTGTTGACTGGAAAACCAACGTCAAGCCGGAGTGGGCCGAAACTGGTGTAATAACGAAACCCGACTCCTGCCCCCCATTGAAATCCTTCGTCCAGGTCTGGGAGCTCAGAGTCGAATGCATTTCCTCCATCTATAAAAGGAACAACTCCTATGTCACCGATTCGAAGACGAAGTTCAAGGCTGAGTTCCATAAGGCTTTCCGCCCCAAGAGGGTCATTTTGATTATCCAAGGGGCCGACCTGTTGGAATTCATAGCCACGAATAGAGCCTCCTCCTCCGGCATAAAACCGTTTGTCTGAAGGGATGGTCGATTCCATATCAGCAAGAATGCTGCCGACGGTAAAACGCCCTGCGAGAATGGCTCGCCCGTTGTTAAGAACATCCCAATACCCACGGCTTGTCAGAGAAAGGATAGTGAAGCCGGTGCCGGGTCCCACCAGGGTCAGATAAGGAGCAAGTCCGATTTCGTGGCTCATGCCGGACCTGGGGTCAAAATAATCATCGCGTGTGTCGTGGGTCATGGCTAATGGAAGCCCGAGCACACCAAAGGTTTCCAGGCCATTATTGTTTTCAATTTCAGAAAGTTCCGCTGTGACACTTGCTGTACCGCTTAAGGCAGGAGTGAATTGACGTTTCAAACCAAGCGAGCCAAAAACTGCTTCACGTTCGTAGGAATCGAACTTTTCACTGGCAATTGATCCATTGATCAAAAAATCCTGTTTCCGAGTCAAAAACTCCGGTTTCAAAAATTCACCATGAAGTGTTTTGTTTATTTCTTCGAATTCATTGATGCCAATACGGCTAAGGGTTCCAGTGATTTTTAGGCGCTCCCCTTGTCCAAATAAATTCCGGTGGCCCCAGTAGGTTTTTATTTCTCCACCAATGTTATTTGAGTAATTCACTCCAGCTCCGATGAACTTTCTTTTGCGTTCTTTTAAATGGAGAATGACCGGTAGAGTGATCGTTTTGGAAGCATGTTTAGGGGCATTGTCTCGGAATTTCAGTTTAATGGAGGAAAAAACCTCCAATGAAAGCAGGTTGGATTTATAATCTGAAAACTTTTTTGGATTATAAAATTCTCCCCTTTTCCAGGGAGCCAGTTTGGCGATGAAAGCGGGGGACACTGTTTGGGTTCCTTTGATAATCAGTTTTCCCAGCCGAACCCTGGGTCCTATCGAAACTTTAAGAAACACATCCATTGTGTTTTTTTCAGTGTCGATGGTTAGCGTTCGTTTTTTGACAGCCCCGTAAGGGAAACCATTTTTATTTAACCTGGTTAAAATCAGCTTCTCCAAGTCCAGCACTTTTGATGGAATGGAGGGTTCTCCCCTTGAAATAGGAAGCGTGAGTTTTTTAATGAAAGAGGGATGTAGTCCCTTGATCCTAATTTTGTTGAAGCGATATTGGGGACCGGGGGTGACCTTTATTTTTACCTTGTGTTTTATGTTGGAAGGAATCGAATTGGAATTTATTTTTTCCAGAGAAAGCGATCCAATAAAAACTTCAATGGTTCCGGAATAATATCCAAATGATTCGAGAACCTTTTGTAATCGGACCTGATCCTGTTTTGCCCGATGAATCAGACCGGCCGATGTGGCTAGAGGGAGGATTCTTAATTGGGTCAGGTTTGAAGAGTTTTGAAGCATTTCCAGTAAATCTTCTTGTTGCGATCCTTCAAAATCCACTTCATAGTCTATCTCGGTACTTAAAGAAGGGGTGGTGATGAAAAATAGAATGAATAATATCAGGGAAAGTGCAGGTTTGTATTCCCCAGGAAACTTCCAAATGAAATTAAATACTGACATCAAAAACTAAGAAAAAGTTCATAAGGTTCCATTCCATTAGCAAGTTAAGGGAGAGGAACTTTTAGGCTGAAGAACGTTTATAAGTTATAAAATATTAAAAATCGTTGGGTTAATTCTTGGGTTTGAGGCTGTTTTAAAAAGTTATTTTCAGCTTTAACGCACCCAACCCTCTTGGTATGTGAAGATTTTTGAGTAAAGAGAAAGTCTCACTTTAGAGGTACTCTTATACCAATAGCGGTTAAAACGGAAAATGACATGAGGTATTTACTATGATCTCATAGAAATAACTGGAAATCCGGGTGGAAATATCTGAAAGCTCGTGTTGTTTTGTTCCCTGGAGAAAAAGGGGAGTCTTTTTAGCTTGGGGAAGGTAAGGAAAGAACCATCTGGATTGGATATCCAATACTGTTTGGGGGATGAGTGCCAGAGTGGGGAAAATTCCTGTGATGCTTCTTTTCAATCCTCGTGTTTCTATCTCAAAAAACCATATCGATCAAGGTCTGTCTGACGACATGGACTGACAGGAAACAGTAAAACCTTTTTTCAAATCTTTCCAGTTGAAACACGGTCCCATTTTGGTGCCTGGAGAGAAAGCTGTATCCTCAAATTGGGATCATTGTCTCTACGCAAAAACGTTTTGCCTGTTTAAATAAATCAGCTGATTGAGTTTAAGGCGATCAGTCTCAATGCGTAACCTTGCAAAGAAATGGAAAGGGCGCAAAGACTGACTGGGAAAAAGGAATTTGGCCGGTTTAAAGAAATTCCCAGCACAATGAAGTTGGCAATCATTGAGGTGACTAGAACATAAAAGGCCGGGTTTTCCATCTTGTTTTCTCCTGGAAAGTTTTCTTTTGAAGAGTTTGTATTGCTGGTGCTGATTGTTGCCTTGATTTAAAGAAGTGGTTTCCCAGGCAACCGTCGTTACTATGAAATTTAATATCTATTCTTTGGGGATAGAAGGTTTTGTTGGTGGTCTTCCTATGTGTTCATTGTTTTTCATGAATAGATGAGAGGATTCCGATTGTTGAATTGTGTGGACTTTCAACACCTTTATTGGAAT
CP048685.1_gap54	2337727	2339723	1996	TGAAGAGCTTGGGCTGGACCCGGTTGCACTCGATTCGGAAGCAGGCCAGGCGATATTCTCCGGCAATGAAGTACCCGTTGGCGCCGAACCCATAGCCCAGGTTTATGCCGGGCACCAGTTTGGCGGGTACGCATCTCAACTGGGGGATGGACGCGCGCTGCTTCTTGGTGAAGTGATTGATACAAATCAAAAACGCCGCGATATCCAGTTGAAAGGGTCGGGCCCCACTCCATTTTCGCGGGGCGGAGATGGAAAGGCACCGCTTGGGCCGGTGTTACGCGAGTACCTGATTGGAGAGAGCATGCATGCTCTCGGGATCCCGACGACAAGGGCCCTGGCTGCCGTCGCCACCGGTGAAGATGTTTATCGGGAAAAGGTTTTGCCCGGTGCTGTGCTCACCCGTATAGCCGCCAGCCACATTCGTGTTGGAACCTTCGAATTTTTTGCAAGGAAAGGTGGAGTCGAAAAAGTTCGCGAGCTCGCCGATTATTCAATTGCACGGCATTACCCGGATATAGCCGATGCGGAAAATCCATACCTGGCATTCTTCAAAGCTGTTTCCGACGCCCAGGCTTCTCTGGTGGCCCGCTGGATGAATATCGGTTTCATTCACGGGGTGATGAACACCGACAACATGACGATCTCCGGCGAGACTATCGATTACGGGCCTTGTGCATTTATGGACACCTATCGACCGGGCACCGTGTTCAGTTCGATTGATCGTCACGGCCGATATGCTTATGCGAACCAGCCAGTGATCCTGGGCTGGAACCTGACTCGATTGGCTGAAACGCTGATTCCCCTGGTTGATCCTGTCAAGGACCGATCCATCGAACTGTTGAATGAATGCATCCAGAATATTCCATCACTTTATGAAACACACTGGCTGGCCGGGATGCGATCGAAGATTGGTTTGACGACGGAAGATCCGCAGGATCTGGATTTGATGAACGATCTTTTATGGGTGATGAAAGATGCCGAGGCAGATTTCACTCTTTTTTTCCGCCGTCTCTCTCAGGTCTTGCGGGGTGATTCCGACCCAGTGCAAGAAGTGCTTGATCAGTCCGGTGCCTTTAATGTCTGGGCTCGGCGGTGGGAGAAGCGCCTGGAGAAGGAAGGAACTGATCCGGAGTCTGGTGCACAAACCATGGACCAGGTAAATCCGATCTATATTCCACGCAACCATAAAGTTGAAGAAGCTCTTGCCGCCGCAACCGATAAGGAAGACATGACACCTTTCACGGAATTGCTATCTGTTATAAGTCATCCATTCGATGAAGTTCCAGGAAAAGAAGCTTATGCCGGGCCGCCACCTGTACCCGACCCATCCTATAAAACCTTCTGCGGAACCTGAGTTATCTATTCGTTTTGTCTGTCCAAAAAATGACATCCTGCCAAAAGAAGTTCGATTCCCAGCGTTTCTCTAGTAAAAAGTATGAAGTCTAGTAATGGAGTAAACCTCTATGAAAGGTCTTTTCCTGTTTTCGAGTTCAGTTAAACGAGACCCAGCCATCGACCGTTGGATGAATGAGAGGCCCGATGAGCTTGGCGCTATCGCCCGGCATTGGTTTACGGTGATGAGGGCTTCGGGAGACGATGTCCGGGAGCTATTGCACGATGGCCATCCAACGGCTTGTGTTGGTGAAGCCGCGTTTGCTTATGTCAATGCCTTTAAGGCCCACGTCAATGTTGGTTTCTTCCGCGGAGCAGAGCTCGCCGACCCGGATGGTTTGCTTGAGGGCACTGGTAAATTCATGCGTCATGTAAAGTTGAGGCCCCAAAGTGACGTCGATACCCAGGCTCTGAAGAGGCTGATCGAATCGGCTTACACCGATATGAAGGGACGTCTTAAGGAAGGGTAACTGGTATTGTATGAAATGATTTACCTTATGAATTTGATCATTACAAAAAACTGAAAATAAAAAACCGGAGTTTTATAATGGGATTTTCTCGATACCGGTTTCAGAGAGATCCACAGGTGTGATTCGCTCTGAAA
CP048685.1_gap55	2341115	2343591	2476	TTTCAGTCTTCATGCTTTTCCATCGTAAAGGGGGCTGAGGAATGCATTTGGGTAATTAACCAGTTGTTTTTTTCTTTTACAAATACTCCAGTTAACCGCAGCATCAAGTTAATTTCCTGGTCTTCCCAGGCAAGCCTGGCCTCAAGGTCAGAAGAAATCCAGGCCACTGTATCCTTTTCGGAGACCATCAAATTATGGTATTTCAAAGAAGTTATCTTCTCTTTCTGGTTTAGACTTTGTTCGATCCTGGATCGGATATTTTCCCGGCCGATTTGTTTTTCCTCCAGGCCGGAATTTATCAATGTCGTGTCCGGTTCTGGTGAATAATGGGTGATCACGTCATCCAACTGACCTTTAAGATACGACTCAAAATATTTGTCCAAAACATTTTTAATTTCATCTCTGGTCTCTGGGCTAGCTTTCATATTCTGTCCTGCTTAAATGGATATAATTAATACTCTATTATAACGCAGATCAAAAAACGTAGATGCCTGCTGGAAAAAAGGATTTTTTTTCAAGATGGATATGCGGACGAATATGTCCGGTCGTTTTTATAGAAAATCTGGCGTCTGATTAATTAGGATATTTCTATTGCCTGGCTCCAGCGGGTTTTCTTCCAAAATCAGATAGTATGGAATACAAGCAGGGCACGACGATCAAAACAAGTCCGGTGGAGGCGATGAGCCCGAAAACAAGACTGGTCACCAGGGGAGTGAGCACCTGTGCCTGCAAACTTTTTTCAGCCAATAGAGGCAATAGGCCAGCAATGGTGGTGAGGGAAGTCAGTAACACCGCCCGAAATCGTTGACGACTGGCCTGCTTGGCTGCTTCGACGACTTCTTTTCCTTCCTCGACTCCCATACGAATAAATTCAACAAGTAATATGGAGTCGTTGATAACGACACCGGCCAGCGATACAAATCCCATCATGCTGACCGTTGAAAGATCGAGCCCCATCAACACGTGTCCCCAGATGACGCCGATCAATGAAAAGGGTATGGCCACCATAACGATCAAGGCCTCCACGTAACTTTTCAGCTGGAAGCTTAAAAGGATGAACACGCCAAATATTCCGAACATGAACGCCTTCATCATGGATTTTCCAGTTTTACCGGTTTCTTTTTGCTGACCCTCCAGCGAATAAGTGACGCCGGGATACTTTTGGATCAATCCCTTTAAAAAACGCTTTTCTGTATCTTTGATGACTTCCTGTGCATTGGTGACCTGAGGATTGATGTCGCCTTGAACCGAAACCGTGCGTTGTGAATTTACCCGCTGAATCCGGGCAATGCCCCTGCCTTGCTCCAGATAAGCCACCTCACCCAGAGGGTAAAGATTGCCTTCCGCATCGGTAACGTAAAAATTTTCCAGATCTGACAAGCTGTTCTGATCCTGTCTGCTCACCTGAACATCAATTTCATACGATTCTGAACCGACCTGGATTTCATTTGCGGTTCGCCCAAACAAGGCAGCGCGTAGTTGGCCGGCGATCATGGAAGAATTGAGCCCGCGGGCTAAGGCCCCAGGTTTCATTCGAACCTGAATTTCCGGTTTCCCCGGTCGCAAATCATCCTGAAGATCAAAAACGCCTTCGTATTGTTTCAACCAGGCAAGCAACTCAAGCGATGCACGTTTCATCTGAGTCAAATCTTCCCCTTGCAAACGGATATCGATGGGCAATCCTCCCGGTCCAATAGCCGGTTCTTTGTAAGTGATATTGATAACCCTGGGGATGGATCCGACTTCCTGTCTCCATTGCCCTGTAACTGTTTCCAGATCCGAGGTGCGGATTTCTGCTGCTAACAGATCGACGGATACAGTGGCGACGTGAGGGCCGGTTTCGTGAGCATCCAGATTTTGACTGTAATGAACCACTACATTTTGAATGAGGTCCTGGTTTCCGGGTTGCCTGGGTTTCAGGTTTGTATTCACCTGCATAATGGAATTCACAACATGTTTCACAATGGATTCCATTTCCTCAAGTGGAGTTCCCTGTGGGGCAAGAATCCGGGCCTGGAGGACGTCACCATCTATTTCTGGGAAACCCACGATCTTGACTCGACCTCCACCGATCATTCCCATGGAAAAAAGCATCACTGCAATCAAAAGTCCAATAAACAAATAGCGCCATTTCACAGCAGAGTCGACCAATCTTCCGAGAACTTTGTGCCGCACCTTTTCAAACAAGGATTCAAATTTCACTCTGAACAAGTTGCGTTTGTTGTGGTCGTAGTTTTTTAAGGAATGGACCAGATGATTTGGAAGAATGAAAAAGGCTTCTATAAGACTGACACTGAGTGTGAGGAGAAGTACCACAGGCAACACCCATAAAACCTTTCCCATTTCTCCTTCAAGCATGAGGGGGATGCTGCCAAAAACCACCATGGTTGTTATATAGGAAGAGAACACACCCAACGTCACCTGGCCGGTTCCTTCAACCGCGGCATCCAGTGAATTTTTACCCTTGGTTAATTGG
CP048685.1_gap56	2354708	2355301	593	ATGAGCCGGATAAACTCCATGCGAGTCACTTCTTCTTTTTGCCCCAGGGAGTAAACGGGAAATGCGAGAAACGCGGCAACAAAAAAAGTCCCAAGCAATTTACCTAAGGGAAGTCGCTGTCTTTTCAACGAGTTTTTTATGGGTAATTCATACATGTTGTTTTGACTCCAAAACATCGCAGGTAAAATACAATTTTAGTTTAACCTTTTGACCTTATTAAGCCAGCCAAGAATTATTAGCCAAGGGTTGTGCCAGTTTGGTTTGCATGAAAACTGTCTACTTAAAGCCTTTGATTATGATGCTTTTTAAAAGTATTGTTTTGGTCCATTAATTATTAGGGCATATTTTAAGCTCTTGATATTTTATTATATATAAATGAAACAGGGTATTCAGGTTTTTATATTCCTGTTTTTAATCCAATATTTTATTTATTTGTTTTTCGAGCATTTCTTCAATGGCTTCCGGGGAAACGGGTTTTGAGTACAGATACCCCTGGATCAAATCACAGCCCAGCATTTCCATTATCTGGTCTTCTTCCTTTGTTTCTACACCTTCTACAACCGTTTTTAAGTCAAGCATTTTAGCCAGATTCA
CP048685.1_gap57	2547749	2550530	2781	ATCGTGGAAACGCGGTTGTTGCAGGTAACATTTACCTGAGCCCGGCTGCAAACGGTTGCGGTGGAGATCATACCCTTCTCGAAACCTCCGTTGTAATGGGTTGGGCTGGTGGCTCCGAGCGTGTAACCGGTCAGCCAGTAGCGGGTACTGATATTTTCCAAACTGCAGGCGCTTTGGACCTGACTGGTACTGATGCTGATCTTCCTGTCATGATGGCGGTTGGTCTTGGACCGAGCTCTACCTTGTTCGACAAGCGCGCGCTTGGTGGAATGAGCACCGTTCCGGTTTACCGCCATGTTGGTCCGCTTGAGTACAATCGTTTCACCGCTTTGTTCCTGGTTGGTGAAACCGATGGTGCCGGTGGTGCTGCTCCTGTTGATCAGGTGTTATTGCTCGCGATTGTTGATGGCGCTGGCGACACCAAGGAAGAAGAACTGGGTGAATGGGATGGTACGCGTAACACCATCTAGTTCTCTGGTAAACGCTTTACCCTCCAATAGGACTGCCGTGCCATTTTATGGCACGGCAGTTCGCCTATTTCTAAAACAGATTGCCATTCTGGCTCATATTATTTTTTTCAAAACGAGAAAGGATCTTGCCCCGGCTAGGGGGGGCAAGATCCTTTCCTGGTTATTTTTTAACCAGGATGACAATAAATATACCCGGTCTTGGCCTGAACTTCATTGGCTTATTCTCAAACAAGAACAGAGGGTAAGCTTTGGAATAAAACTTTTGAAACCCACTTGATTTTAATAATCAAAAAAGTTTCTGTTTTGCGGATTAAAACGATACTGAAAATCAAAAATTAAATAAAACATTGTTTTACAATTAATTAAGGATTGACACCTGTTAGATTTACAGTCTATAATCTCAATAAAATCAATTGTATTTTTGAGATTGTAGGCGGAAAGTTGATAATTGACTTGGGGTGAGGAAGATTGTTTTCTCCTCCAGGTTGACGAATTGGCTTTTGAGTACCTGTTGAAATTGGAAATGGCTGCTTCGGAGCTTTGAAAATTTAAGGTTTTTTGAGCTTCAAATCATCGCGTTCAAATTTTTTTAGGTCTCTATTCATAACAGAGGGATCACCGGCGTTGGCTGGTACCAGGTGTCACGGGAATTCGAAAGGGTAGATTGCCAGATATTTGCGTCGGCCCTTTCAATAAAATATTCCTGTTAAAAAATCTGTTACCGAATCCCCGTCTGGTTTTTTCCTGCGGGGATTTTTCTTTTTTGAGGCCAGTCTCATGAAAAATCACATTGCAAACCCTGATCGTGCTCTAAGTTTAAGCCGACAGGAATCCGGATTTACCCTGATCGAGTTATTGCTCACTGTCACCGTGATGGTAGCGATTGCCTTCACCGTGACAGGTACTTTTATCGGGGTAGATCAGGATGCCCGCGCCCAATTGACCCGTGTTGAAATGCAGGAAGTCGCTGCCGCCATCCGGCAATTCCGTCAGGATACCGGCTACTACCCCAAGCAAGGCTTGTTCAATCATGTCGCTGATGGCGGCAGTATCGATCTGGATCCGGGAAACGACCCCGACCCCGCTGTCGATATTTCCCGGTTTGAATCCCCGGCAAATCTTGAACAACTTTACCAGGAGCCGACAACAGACAACGACATCCCCGCTACCACTACTGGCCCGTGCGCCAATTGCGTAATGCGGTGGGATCCGGATACCGGCCGCGGTTGGCGCGGACCTTATCTCAAGCGGGAAAGCCTGGTAGATGTCGGAGACGACCTTGAAGAAGACGGGCTCGGTAATCCCGATACAATCGCAACCGGCCCTCACTTGAATGTATTAGGAGTTGCCGACCCCCAGGAGCAAGCGCCGCAATTCGACGGGGGGGCAGATGATTGTACAGAGAATCTGGCCAATACGGCCTGCCTGCTCGACTGGAGACCGCGTGCAGGCGATCCGTCTTTTCTGACGCATGGTCGTCCTTTCTTATACTTCATCATGTCGAGTGCAGATGCCAATGTTACGGGATGCAATTCGCCATGCGTGACTGCTTTTGGTCTCAATGGCAGGTATGACCAGGGCAATGATGACGACATCGTGGTGAGTGTGAACTGATGAATAAAAAATATATCGAAACATTCGTTGCTGTTTTCTTTTTGCTGATCGCAAGTGCGGTTACGTCTTTCGCAGACTCTCCCAAAGCCTCACCCGCGCCGGACCGCACCCGATTCGCGACCATCAATCTGGAAAAGATCATTGCCGCCACCCGAAACCCGGCAGACAACAGAAAAATTATTTTGCGTCCCACTCGCCCTGTATTTTTCTCCTCCAAAGTAAAGCGTTTGCCGGAAAAAAGAAAAATTGAATACATCTATACCGCCTTAAGAGTCGCCGGAGGGTTGGACCCCATGCCGGAAGTCTCTCATCGGATGTTCGTTGAATCCAAAGGCGGCTCCATCATTCCTGTCTACGTCGAAGATATGGCCGCAAGGAAGATCAGCCGAAACCTGAGGGTGGACCAGGTTGTCCAGTTTTATGCCTATCACGTATACAACTATTCGAAAGGTCCGGCATTTCTGGTAGTGGATTATGAAGGGGAAGCCGGACGATGAACAATAATTCGATACGGTTTGACCAATCAGGATTTACCTTGCTGGAGCTTTTGCTCGTCGTCACACTTCTCTCCACAACCGCATTCATGACCTTGTCCGCCGTAGAAAACAACAGCGACCAAATACGTTTCGAAGACACCCGCAACCGGTTGAGTCTTTTTCGAACAGCCATTTTGGGAAGTAACAACCTTGCCCCTGCT
CP048685.1_gap58	2585599	2589932	4333	CTCTAAGCGGAGATTATTTAGCCGCTGTTACTGGCAGTGGTCAAGTTGCTTTAAGAAACATGAAATCTGATGGCCATTGGATCGAGCTTGGTCGACATAAGCATGGCATTAATTCCATGCAATGGCATCCTTACGAAGCCTTATTGGCAAGTGCAGGGCATGATGGAAAATTGACTTTATGGGATATATCGTTAATGAGCGAAGCATGGAGTCAGGATTTGGGAGGGTGGATTGACTGTTTAAGCTGGAGTTCCCTTGGATATTATTTAGCTTCTTCATCAGGAAAAAATTTAAGCATATGGAGTTATTCGGGAAAACACGAACAGTTTTGGCTCAATCCTAAAAGTTCTATCTCGGACATTGAATGGTCTCCAGATGGTCGTTTTATTGCGTCTACCGCCAAAGGGGGAATCACGATAAGAGGATATGGGCATTTGGAAACAACTCAATTACTTGAATGGCATGGCTTCCCAGTAAAAATAGCCTGGCAGCCAAATGGAAAGCATATTGCCATGGGAGACGAAGAAGCAGTTCATTTTTGGGAAGTTGAAACTGGCATGCATCATCCCTTGTTCGGTTACAACTCCAAAGTCTCTAAAATGTCCTGGAGTTCCGACGGCAGTTATTTAGCGACTAATGATAGAGAAAACCTGGTGATCTGGGATTGTGGCAGAAAAAAATCTGACAACGAAGAATTGTTCCCTTTGGTGGATTTGATTTCTAAAGAAAGTTTGGTTGGTCCAGGGTGCAGGGCCCCTATTTTACTTAAACAGCATGCAGGTGCAATAAAATCTCTGGTTTTCCAAAAGAAGGGAGGATTGTTAGCCTCCGGAGATGAAAGAGGAGAGGTTCATATTTGGAATCTAAAAATATCAAAAGCTCCTGTTGAAAGTATCTCCCTTGGTTATCCAATTTCAAAAATCGCCTGGTCTCCAGATGGGCAAGGCATGGCTGTAGGCGGAACAGAGGGAACAGTATCAATTTTTTCTTTTGATCTCACCGAAAAGGCGGGTGCTTCAGTCAGTCTTAAGGAGTTGTAACGTATGCAAAAGGTGTCAGTTACCCGGGGAGGTCCAGCCCCCGACCCAGTAGGCGAAGCCGACTCGAAATTCATGGCGGTCATCGCATTTTTTCATGGGGTAATCAATGACTGGATTCAAGACGCGCAAACGACGATTGCCTGCGGCTGCTGGGCCGATGGAGCCGTCAGCGAGATTATTCCAGCGGGGCGCGCCCAACTACTCCCGGCCCGCTATCAAGGGTGTTTTGCGGGTGTCCGCGAAATCCTATTGGACGACGGCCCCCATCACCTTCATATCGATTTAGGGCGTGTGCACAGGGTCTGCTATGCCATCGCCCCCAGCGTTTGCCTGGCCTTCAAGCCGGCGCTTGAGGTCCGCTTTTTGATTGTCGGACCAGGCGGCGCGCCCACTGATCGCTGGGTGCTTTCGCTGATGCCGGACTGCCCTTACCGGGAAGACCAGCTTGATGAAGCAGTGGTTCATCGTTTCATCGAGCGATTGCGCTTGCACGCCAAACAGGCTCCGGGTTTAGTCGAACTGTCTGTCGACTCTGAAGTCCGAAAAAGTCCTCAAGGTGCGGCCTTGCTAAGTCAGATGCAAGAGGCGACGGACCAAATTGACACAGGTTGGGACGGTGTAATTAAGGCTCTGGCACCAAACCATAATCACGGTTCGACTGTTGAAACGATGGATCCGCCATGCTTACCGCTGCTAAGCGAAGCTCTGGACCTGAAAGAGTCCAGTCTCGTTATCTACAGGGAGCGTACGCTTGTGGAATTTCAGACCGAGAAGATCGACGGAGTTCACCGATATGTGGAACAAGGCCATGTTTCCTGGCAGATCGGCGGGCTGCAGGATCACCACTGCCACCTCGCTCTGGGATCGGTCCACCGTGTGCTGTTCTCCGCCGAGCCGGTATCCTGCCAAGGGGGAGGCCTTAACTACACCATTTGGTTCTTGACCTCCGGTCCATCCGGGAACCCATGGCGCCGCGATGGATACTTTTCGGTGGTGTTGAACCGTCCTTATAGAGGGAATGTCCCCCGGTTGGAGGTCATCAAGCCCATGCTGGACCTTTACCAAAGGTATCGCAAGGAACCCTGGGTGCAGGCGGACGAAAGGTTCTTGAACACACTCGAACGGGGTGTGCCCGATCGCCGACAACAGCAACTGGTGTCAGTAGGGAGTGAATGATGCCAAGATTGAATCTCGAGGATGCGCGTGCTGTTGGAGCCGCTGTTGAATACGCACTATCAACACTTCCACAGAATGCACCGCAGCGCCCGAACTGGGAAAGAGCTTTTGATCGTCTGCATCTTCGACTGAAACTCGCCGAACAGGGGATTCGTCATCAAAGGCGAAAGCATTCGAAACTTGGCCCAGCCAATGACTGAGGATTTTACATCACGACATGCCAGGGTTTAAGGCCCGAGCCCTAGCGCAACATCTGGACCAGGTTTCGGAGGGCAAGTCACATTGCTTGTGTGATGATTACCTGGCACAAGCGACTTAACAAAACAGGGAAAGTATTCAATGAAAACAGCACAAGAGGTAACAGATAAATTGGCCATAGGCTTATCGCTGATGTGTGCCATCCATTGCCTGGCTCTAACAACTCTATTGGCATTGCTGCCCAGTTTGGTGGCTTTACAACTGGATAACGAGGCTTTCCATCTCTGGATGGTCGTGGCCGTAATCCCCAGCAGTGTTTATGCCTTAACTTTGGGGTGTAAACAACACAAGCGATATCGGTTGCTCATCCTGGGTTTCATGGGATTAACGCTACTTGTTATGGCGTTAGTTTTGGGAGAAGAGCATATCGGTGAGGCAGGAGAAAAATTACTTACGTTTCTAGGGACCTGTTTCGTTGCGGTTGGGCACTGGTTCAATTATCGCCTTTGTCGATCACAAAAAGATAGTGACTGTGTCTGCCCAAACCATAAAAACCAAGGCTTAATATGAAACGGGACTATTTTATCGCTCTCGAGCAACATAAGAACAACAGCTCACTGGCGTTGCTGGAAGTCATCGACCAGCTAGCCTTCAATGACCAGGGCTTAATCCCCGTAATCACTCAGGACGCAAATACTAAAACCATGCTTATGTTTGCCTGGATGAATAAAGAAGCGCTCCATAAAACAATTGTAAACAAACGCATGACTTACTGGTCGCGGAGCCGCCAACAACTGTGGGTAAAAGGTGAAACCAGCGGCCACGTGCAACGGGTGGTCTCCATGTCATTTGATTGTGATGGTGATGCAATCCTCTGCCAGGTAGAACAGCAAGGTGCCCCCTGCCATACCGGCAGGCCATCCTGTTTTTATTTAAACGTAGAGGCCGACAATCAACAGGTTGTTGTAAAAGGAGATCACGCCTGAATATGGGAGCAACGCTCATCAAACATGCCCGCGTGGTGAATGAAGGTCAAATCAAAGAAACCGATTTGCGAATTTCCGATCACAAAATCGAAAAAATTGAAACCGATATCAAAGGAAAGCAATCAGACCAAATAATTGAAGCTAACGGTTGCTATCTGCTGCCAGGAATGATCGATGATCAGGTACATTTTCGTGAGCCGGGGTTAACCCATAAAGGCACCATCGCAAGTGAATCCCGAGCAGCGGTGGCAGGTGGGATCACCAGCTATATGGAAATGCCCAATGTTATTCCACCCACGACAACAATTGAGGCGCTCGAGCAAAAATACGCCATTGCTGCTGAGCGATCATATGCCAACTATGCATTTTATTTAGGGGCAACCGAAGACAATCTTGAGCAAATAAAGCGACTCGACCCCAAGAGGCACTGCGGTGTAAAAGTGTTTATGGGGGCATCGACCGGTGATTTATTGGTTGAGACACCTCACGCGCTTGAGGCCATTTTTCGCGAATCCCCCGTACTCATTGTTACTCACTGTGAGAGCGGCCCAACCATTAGTAAAAACCGAGAAACGCTTCTTAACTCGAAACCAACTTTAACTATTGAAGATCACCCAATACTTCGCGATACCAACGCTTGTTATGCTTCTTCATCTTATGCTGTAAGTTTGGCTAAAAAATATCAATCCCAATTGCATGTACTACATATTACAACGGAAAAAGAACTTGGCTTATTTGAGTCTCTATCCGTAGAGAAAAAGCGAATTACTGCAGAAGCCTGTGTCCACCATTTGTGGTTTACCGACAAGGACTACAAGCGTTTAGGTAATTTAATAAAGTGTAATCCATCGATAAAAAGACCGAGTGACCGCGATGCATTAATTCAAGCCTTGCGCACCAACCAAATTGACATAATTGCCACCGACCATGCCC
CP048685.1_gap59	2659579	2663400	3821	CCAGCAAGGTACTTCGACTTTACAAAGAGTTTCGTTCACAATCGATCTAACCCGCAAACCTGAAGCCGGGGTTTGACCTGCCTGAATCGTTTGTTGCTTCTTGGAAAACAATTCTCTGAACCACTCAATGCAGCCAAACCTACGGACCCCAGCCAATAATGCCCCTGAGGCCGCTAGAAGTTTACTCAAGGTTCATTTGGGACTTTTGCTGGTGACGTCGTTAGTGCTGGTTAGCGGTTGTACTTCCTGGAAAGTGATCAAGGCATTTGATGGTGAATACACTTCCGAAGAAAATAACCGGTTGATTAGTGACTATTGCCAGACCTGCCATATTCATAAAGCATTCTCCCCCGGTGTGCACCTCGACAAGATTCCGCAAAAATACAACCGCAAGGTGTTCCGTTACGCAACAGAATGTCGGACCTGTCATATTCTGGATCGCAACTGGTTCACGGAAGAGCTTACGAGGACCACACGAAAACCAAAAGATGCCAACAAGGGAATGTACCGTGATTTTGAAATAGAAGCCATGCAGGATCAAAAAGAGCGGTTGACTAAAGAAGATCAGGAAGAACGCAGGAAAGCCAGCGAAGAACTGAAAAAAATCGAAAACGATGATGATAAATTCCTGGGATTGTTTTAATCCGGGATTCCCCTCTACCTCCTCATCACCCTGTCTCCAGGGAGTCTCCCTACATGCAAGAAATCTCAAGGCCAGCCAGTTGCCTTTGCAAATTTTCAATATGTGTTAATGGGTTGTCTCTAGTATTTGTTTTTCTCTTTGCAAGTCTCATGATCGCTTCTTCTGTTCATGCATTCAGCCTTGGTCCCATGGAGGTGGTAAGTGATTTCGGAGAAAAGTTTAATGCAGAGATTGAATTGCAAGCCAACCCCGACAAGCCGATTAAAGTCAGTATTGGCTCTCCGGAAGATTATTTGAAATCGGGGGTTCCGCGTCCCAGCGTTGTGGATGAACTGGTGTTGCCCGGAAAAATTGAAAATCGTGATGGCTTGCAGATTCTGCGTGTTTTATCTCCTCTTCCCCTGTTTCACCCTTCGTTTAATCTGGTGATCCGCGCTGAACAGGCAGGAGATATCATCATGGAAAACTACCTGGTCTCCGTAGACTTTAAGCAAAGCGTTTCCCTGCGTTTGAAAGCTGAACGGGAAAAAGACAAGCAAGCGCCTCCTGAAGAGCCTGAACCCAAGCCGGAGGAGAGTGTTGATGAAGTGGTTGATGCCGGGCTGACTCCGGAAGAGGAGACCCCTGAAACGCCAATTGAAACACCTGTGGAGAAACCAGTCGAGGAACCCGAAGCTGTTGCTGCGGGGAAAGCCTCCGAGGAAGAGCAACAAGAGGCCGCTCCTGGGCCTCAAGCCCCTCCAGTCGTGGTCGCGGTCCACCCGGCTCCTTTAGTTGTTAGGGAGTTACCGGAAATCGAAACCCCTGAATTGGAACCCCTGCCTACACCGGTTGCCGAGCCAGCTCCTCCAGCGGTGGTAATCCAGGCCCCGAAAAAACCAGAGCCAAGGCCTGCGGCCAAAGAAGAGCTTGCAAGGCAAGTGGCACGTGTTCCCTCTCCGGAAAAAAAAGAGGAACCACCTGCTCCTGAAAAGCTCAGAAAAGCCCCGGAGCCAGGGAAGCCACCCGTGGTGCTGTCGCGGGAAACCTACGGTCCCTTGAAAAAGGGGGAGTCACTCGAATCCATTGTTTCGGATTTGAAACTTTCAGAGACTGAACGGCAAAAAGCGGCTGTAGCACTGTGGATGAACAATCAGGACAAGTTCATCAAAGGGAATATTCACGGGCTGGCTTCCGGAGTGGAGTTGAACCTGACATCTCTGGACGCGAAAATGAAGGAAGTCAGTTCCCATCGTGCGCGTTGGACGATACAAAACCATTGGCAGGAATGGGAGTTGATCAAGGACAGGCTCAAGCTGGCATCTGAGTTGGATCTGCCCCCCATGCTGGCCGAACTGCTCACGTCTCCTCCGGATAATGAGCTTCAGCGAGTGATACATGAACGGGTTGAAGCCTGGAGAAGTAGTTGGGAAAAAGAGGATCTGAAATCCCATCTTGCGTTATTTTCTGAACAGCCTGCCAAGGCCGGTAAATTTAGGGGGATGGCCTATTGGAAGCGTTTCAAAGGGATGATGTTTAAAAGACACAAACAGGTGCGATTAAAAATCGGAAAGCCTCTTGTGGTGCTGCATAAGGATTGGGCTTTTGTTGGCTTTGACCAATGGTTTGATTCGAACAGAATGCAAAGTTACGGCCGAAAAACACTTGAGTGGGTGTTGGAAGGGGGCGTCTGGAAAATCGCGAACGAGCATTTTGCTGTGAAAAAGTTTTTTAACAAGCTGAAGGAATCGGGAAGTGAGAATGGTCCGGTTACAGAGGCGGATTTTTCGAAGCCGGAATCATTGACGCATCCGATAGTTGTGCATGCATCGACAAAGTTGAACCTGGCCTCGGCGGTCAAGGTGCTGAACAGGTTGAGGGATCAAGGATTTCATGCTTATATCGCCCCGTTGTATGTGACTCCGGTAAAAAAGATTTATCGCATACTGGTGAGCAGGCTGTCGGATTGGGGAAACGCAGAGGACCTTACCCGGGCCGTTAGAAAGATTCCGTCGGCTCGATTTGCCGCTCCCAAACGGTTTCCCTTTTCTTTGAAGGCGGGGGAGTTTTTAAAAGAAAGTGAAGCGAAATCTGCAGAAGAGGAATTGAGGAAGAAAGGGATTTCGACTTACCGACTCTCGGCAGGTGGCGGTAATTTCCCAAACCCGGTGATTCAAATTCTGGTTGGTGCGTTTCTTGAAAAAGACAACGCACTCCGGTATGCCGGAGAGTTGAAAAAATCCGGGCTGAAGACGGAACTGGTTTCACCCTAGAAAAGAAGTTTGACAGGCAAAAAAAAACCGCCTGGGCTGAAAGCCCAAGCGGTTAATTTTTTTCTAAAGCGATTACAACGAATTTTTCAGTGCGGGCGCTGGTTTAAAACCTACAGTTTTACTGGCTTTGATTTTGATTTCTTCCCCTGTCTGAGGGTTCCGGCCTTTGCGGGCTTTTCTTGTTCTGACGGTGAAGGTACCAAATCCAGGATACGCAAACCGTTTTTCCTTCTTAATTGATTTTCCAATAGCTTCAAACGTCGCGTCGATAATGTCTCCAGCCAGGCGCTTACTTACCGAGTCATCCTTTACAGCCTTAGTAACGGCAATGATCAAATCGTCCTTAGTCAATTGGCATCCCTCCTTTCCCAGAGTAATTGTGCAAACCGGGGTCATTATAAAAAATGGCCTCTAAATGTCAAACAAAAACTTTTTCAATGGGGCTTTATTCAAGCTTGACTGGAAGGTGATTTCATGGGCGGGTGACAGGCTGCAACTATGCTAAAATAGCCTTGTACGCCCGTTTTTAAAACTGGAGTTAAATTCATGTCTTTATTAGAGATAGCCCGATTGGGCAACCCAATTTTGAGGCAGCATGCCCGGCCGGTTGATCTTGAAAAATTAAAGGGTCAACCCGATGCTGAGCTTCAAGAATTTATAGACGATCTTATCGAAACCATGCATCACGAAGGTGGAGTTGGGATCGCAGCACCACAGGTTGGAGAGTCTGTTCAAATTGTCATCGCAGAATATCTGGGTAACGAACGGTACCCGGATCAGGATGATATTCCTCTGACCGTTCTGGTTAATCCCGTGATCACCAGGCTGGGTGGAAATCCGCAATCTTTCTGGGAAGGCTGCCTGAGTTTGAATGATTTGCGTGGGCTGGTCACTCGACCTGATGAAGTGACAGTAGAAGCGTTTGA
CP048685.1_gap60	2664566	2667375	2809	CGGCCAGGGCCAATCCGGATTTTAATAATGCAAGAATCAGGATTTCGGGTTCGCTCTTGAGATAATGGCCTGCGTCGGTGATATCTTTGAAAAAGGATTTTTTGCTTTCAGAAGATGGGTGAACGGCAGGTTTGGGTTTCGGGATTCTGCTGATAAAGAAAGCAGACACCAGGAAGGTGCAGGCATCAATAATGAAAGCGGTCTGGATCCCAAACCAACTGACGAGAACACCTCCAAGAGCAGCACCAAAAGCGACCATCACCGACCAGGTGGAACCACTGAGGGCATTGGCGGTCACCAGTTCTTCGCGTTTTGTAAGGGAAGGGATCATGGCACTGCGAGCCGGTTCAAAAAAACCGGCCAGTGCGATTTCCACAACGACCAGGCTGTAAAGCAGCCAGAGCTCCCCCGGAGCATCAACAAACAGAAAACATAGAACCACAACAAACCGGAAAAGGTCGCTCGCGATCAATATGGTTCGCCGGTCCATGCGGTCAATCAGCACACCAGCCAGGGGGCTGACAAAAAAAACAGGCATGAGTTTGGCCATCATGGTGATCGCCATGGCCATCCCGCCTCCTCCAAGTTTCATGACCAGCATGTAAATGGCAATGCTGTTCAGCCAGTCACCCAGCTCAGACACTACCTGCCCGTACCACAGGTTCCGAAACCCCGGGTTGGTTTTCAACAGGGTGAAATAACTGGGGGCCTTGGGGGAGTTCATGTGTTGGGTGAGCCAGATGCAGGGGGAACAGGATATGAAGCGAAAATTATAGCATGCGCAAGAGGAGAGCTGATTTTTTACAGGCAGGAACCTTCATTAATTTTCGATGCAGGATGTGGTAAACTTTTCCATCTTTATAATTGATGAGCCTATGAACGATAACGCAGAGAATTCAGTCCATCAGGAAGTATTGAGCGAAGTCGAAGAGGAACAACGGGAGAAACTTGGCCGTCGTATCTGTTTCTGGCTGGCGCTCGTAGTTTCAATTGTTGCAGCATTTTTTTATTTCCATAACAACCCTCAGGAATCTGAAGAGGTTCAGCGAATGCGTCTCTATTTTAAAGAGAACAAACGCACCGTGATGGAATTCCTGCGATTACCTCACGATAAGCTGGAAGCCTTTGCAAAGAAGCAAAACCATCCTTTTTTTATGTCCTTTGTGAAAGCCTCCGTCAATGAAAAAGGCCGTATAAAAGCCATGATCCACAACTCGGTGGACTACTCCCCAAATCAATACTGGTTTAACCTGTTTTTCCTCTGGATGCTGGTTTTTCTGGGTGTCTGGTTTATTGCCTTGATGGCTCAAGCCGTGCTCATACAGGTCAAGAGGAATTCCAGGGTTACCTGAGCCGGGTTATTAATTCAGGAGTTCAGTTGGATGAGCATGGATCAAATCCGGTTGAGTATTTTTATCGGTGTTTTCTTGCTGATGCTCGTCCTGGAACAGTTTATTCAACGCCATCCCACAGTCGACTCCAAAGCCAGGCGTCTGGCTATCAATCTTGGGCTGACACTCCTCAATACGGGGCTGGTGAAACTGATTTTTGGTGCCGCCGCGGCAGGGGTTGCGGCTTATGCCCAGTCAAAAGGGTGGGGGCTGCTCAACATTCTTAATGTCCCGGCCGGGCTCAATATTCTTATATCGGTTATCGTCCTTGATTTTTCCATATACTGGCAGCACGTGCTGGTGCATACCGTACCGTTGTTCTGGCGATTCCATATAGTGCATCATTCCGACCTTGACCTGGATGTCTCCTCCGGTTTCCGGTTTCATCCTTTGGAAATCGTTTTTTCAATGCTTTATAAAATGCTGGTGGTCCTTTTGCTGGGACCTTCTGTCATCGGTGTTGTGGTGTTTGAAGCGATTTTAAATGGTATGGCCCAGTTTTCTCATTCGAATATCACCCTGCCTCTGGGGCTGGACCGAGCCCTGCGTTATTTATTGGTAACGCCTGACATGCACCGGATTCATCATTCGGTTGAGCGTGATGAAACGGATTCCAATTATGGGTTCAATCTTTCTATCTGGGACCGTTGGTTTGGAACTTACAATGATCATGGGAGAAAACCGCAGCCTGAAATCGACATCGGTGTACCGCAATTTCGAAAACCCAACGAGGTGTCCTTTGGTAAACTGATTTCCATGCCCGTTCAGGTTCGATTTAGTCAGCCGAATTGAATTTACTTTTGCAGGAATTTCTTTTTTTGTCACCGAATGCTGGTAAAATTGAGAGATGACTTCAATTCGATATTACCTGATTTGTATTTTTCTGATTCTTGGTTTGACGCTGGTGATCAGTTGGGTCCGGCAAACTCGTACACGAAAAGAATTTTTGCAGATTATGGTGTGGGTTACGGTAAGTTTGATTGGCTCTTTTATTCTGCTTATGGGTTTCAGCGAATTGCTGGTGTTTCTGGATATCGCGGAATCCGGTTTTCTTTGAGCACTGAATCAGGTTGTTCACTACCTTGTCTTCAAGGAACAAATCTTAAGGCTCCCCGGTTCAAACCCTGGAAAGAGTGAGGATAGACCTTGGGTATCGATACAAATGCATTGGAGTTTTCACCCTCCATGATCCTGGTGATCATTCTGGCCTTTTTTGGTCTGTCATTTTTTATGGGGATGCTGGTCCATTCTTCAATAATGTATGAGGACAAGAAGGGTATGGACCGAAACAGTAAGAAGGCCTGGGTTCTGTGTATGGTCGCAGGCTTGGGAATCACGTCCTGGATGTTCGGCTACGGGTATTACGTGAACTTTATAAGGTAGGCAGGTTATCCCGCGAGAATGTCGATCAGTCGCTG
CP048685.1_gap61	2672359	2675495	3136	TCGAAAATACTCAGACGTGATCTTCTTCCTGATTTGGAGTCTGCAAATGGCTGGGTCCTGGATAAGGTAGAAGGGCTCGTTGTTGGCTCCGATGGGAATGCCTACGCAGTCACGGATAATGATGGTGTTGAGGATGCAACAGGCGAAACCCAGTTTCTTTGGCTGGAGACCTTGGAGCAAAAATAAATTCTTACCTGTCAAAGGGAGGCTGGGAGATTCCTCCCGGCCTCTTTCATTTATGCGCTTGAGTTTGTATAGCCTTTCTTGAAAAGTGATTTTAAATTTATAGGAGGTTTTAGTGCGGTTAATATTTTTTGTGGCAGGAGTTTTAATGTATTCGGCCGCAGCTTTTGCCTTTCCATCCAGTGAATTCCATCTTCAAATTAATGTGAATCCGGTACAGAGGATTGAACTCAAGGTTGATGAGGTTTCCCGGGATAAAATTCTTGGGGCTATTTCGAAAAAAATTCCCTTGAAATGGACTCAGAATGCCCCCGGGTTGTCTGAGCCGGTCAGTTTAAACTTTAATGGATTGAATATTGTGGAGGCTCTTGAAAATATTTTAAGTCCTTTTTCTTATGTGCTGATTCAGAAAGAAACTAAGGAAGGAGCAGTTTGGGAAATTGATCTCCTGGGGCAAGGTCTGGGCGCGCAGGAGTTTCCATTGGTAAAACCTGAGGTTCTGGAGGCATTTAAAAGATGGGCGAGAGGTGCCCTCTCAGAAAAAAATTCGGGGTATCTCATGGAAGAACTGTTATTCAGTGGTGATGAAAAGGAGGTGTTCCAATTACTAAAGAAGGCGGCTTCTGCTAAGGATCTCAATGCTCGTCTGAAAGCAAATGAGTTTTTAGAAGAATTTGAGGAAGACTGGCAGGCTTCCCTGTAACCATAGATTTGAAAGAAAAAAATTATAAAACCCGCCAGATTGTATTGACGAATTTATTATTGGTTTCGAACAGGTTTTTCACGATTTCAAACCCATTGTCCTCAGCAAGTTGTTTGATTTCGTCCAAAGTGAATTTGTAGGATTGCTCAGTTTGCAGGCCCTCCCCCTGTTTAAAAAAGAATTCCTTGTCCAAAGCTTCAATTTTCACAGTCTGGTCTTTCAGGCTATAGACGTAGCTTTCTACTGACCGGGTACGCCAGTTATAGTGTCCTTCCTGCGCAAAGTTTTCAATTTGGAAATTGCCTCCAAGCTCCTGATTGATTCTTTCGAGGAGATGCAGATTGAATTTCTCGAATAGCCCTTGAGGGTCATTGTAAATCTGGTAATGAAGTTTTGGATTACTGAACAGATCAAAACCGGTCAGCATGAAGTCACCCCGGTTCAAAGTTTCTGAGACACGTTTTAAAAAAATACCTGCTTCAGATAAATCCTGATTGCCAAGGGTCAACCCGAGGTAAAGAACCAGGCTGGTTTGTGCTTTGTTTTTGGAAAACTTCGTAAGGCCATCGAAATAATCTCCGATCACCCCGGTTACTTTAAGGGAAGGGTCCTTTTGATCAGCTTTCAGTCTGGAAACCAGGTTTTTTATAGCGCCAGGGGAAATGTCAATGGGAATATAGTGAAGCCGACGGTCTATATTTAATATATGTTCGATCAAAGGCAGGGTTTTTTCTCCATCCCCCGCGCCTAATTCAATCAGTTGAAGAGGATTGGCTTCAACGATGTCGGTGATAATGTTTCTGTTTGTGTGAATTATGTTCTTTTCGCAGATAGCAGGATGATAGTTTTCAAGTTTTACTATTTCAGAAAATATTTCGCTTCCCTTGTCATCGAAAATCAACCATGAGGGCAGTTGTTTTTCTGGTTTGGACAAGCCCTCAAGAACAGTTGCTGCGAAAGAAATTTCATTGGTAGGTGAGTTTTTATCAAAACTTAAATCAATAATTTCAAAAGACATGACCCTCTTTAAGTTTAGGATTTAATGCTACTTGAATTGACCTCGCCAGGAGCAGTTGTTATAGTAACTGTTAGTTTGAAAATTAAAATAGAAATCTTCATCCTCATTTTCCCCCCTAAAAATGGCTTTGAAATAGCTATTCATGGGAAAAACATTTCCGGAAAAACTGACAATGTCTCAAGAGAACACCACAAGTGGTTCGGCAGAAGCAATAGATTTCAAGAAAACGGAAGAGCAGTTTGATTCTTTGCTGCGTTTTAAAAACCTCGATGAGCATCTGGATAAGGTGGGTTCGGTTCGAGAATCTTTTGAAGATGTGTTGGAGGTGGCAATTGCAGAAGCCTTTTGTGACGAAGGAGATGCGCAAGAGGCCAACCTGTTTCTTCACAGAATTTTATATCGAATAAATCGTCTCAAGCTCTTCTGGTATGACGACCTCAGTGAATACACGAATGAGACGTCTGTTTACATTTCTTCTGTCCGATCGAAGATCGAATCAGAGTGGCAGGAGTGGGAGTCAAAAAAGGTAGACTTTGAGTCTTTGAAACATCAGGAATTTGAAGCCACGGTACGTGAAAGGGTGGCCGAAGATCTTGCCACCAAACCAGATGAAACGGGAAAATATTTCAGGGATCAAATGTCTCTTGAGGGATATCGTCATTTACTGGGGATCGCCTCTCTGGACGGACTGGTGGAGGCAAGTCAACTTTCCCGGGTTTTAGGGGGAGTCGGTAACAAGATTCAATCGATGCTCACCCGGATTTTACTGGAAGAATATGGTGGGGGAAGGTTAGCTAAAAAACATTCATCCTTTTTTTCTGCCATGCTGGTGGAACTAGGCATGAACTCTGAGCCGGAGGCATACAGGGACCTCGCGCCCTGGGAAGTGCTTGCTAATATCAACCATAGTTTTTTCCTTAGCGAAAGGAAACGAAATTTTCTTCGCTATGTGGGAGCCTTGCTGTATACAGAAGTGTCTGTTCCTTCTGCTTTTGAAAACTACCTTGAAGCAGGGAAACGTTTGGGGCTGTCTGATCAGGCGATCGGTTATTGGGATTTACATATCAAAGAAGATCAGCGCCACGGTCAGTGGATGCTTGAAGACGTGGCTTTGCCGCTGGCAGATATTTATAAAGAAAACTCCTGGGAGATACTTTGGGGATATGATCAGCAACGGCTTTTCAGCAAACGAATCGGTGAAGCGATTGTCAGGTCAATAAGTGAAGCAGAAT
CP048685.1_gap62	2782049	2784839	2790	GTTCAATGGTGCCCACTGAGAAAAAACCTTTTTTTATACATGTGGAGTATTCGGTAGACTCCACGTTTTCTGGCTTGGCAGGTATGGTTGCCGTGCTGGAAATATGGCCAAAGATGATTCCCGAGTTGGGTGGCAGGGGTTGCATGATCAGTCCCGTTTTGATTCCTGAGTGCAGACCGCTTCCACACAGAACGACACTCCTTTTGAGCGTGCGCTGGCGTGGTAGACGTGATGCTCCTTTTTCCCTCGCAGTCGAAATGGCTTCTGATTCATCCAATCCGACAGGTGGGGGAAGATGGTCGATATTGATAACGTCGTCCGGGTGCACCTTGCGGGCGATGTTATCGAGAAAGTCCCGCAGTTCTTTAAGGTTCCCTGGCCAGTCGTAGGCGACTAGTCTTTCCATGGCCTCATCGTCAACAGAATGCGGTGTGTAATTTCCGTATTCGGCGAGTTCCTCAAAATATTTTTTTACAAGAATCGGAATATTGTCCTTGAAGTTTTTTAGTGGCGGAACTTCCAGGGTGTTTTTGCTTAGGATGTCCAGTAACTCCTTACGAAATTTTCCCCGTTCTACTCTCCGTGACAGGTCTACAGAGGTGGAAGCGAACACACGTGCTGGCAGAAAGGGGGCATCGTCCTCTGATTTCAACGCCTGGATCAGTTTGTCCTGCAAGGTGGGGCTGAGTGCTTCAATGTTTTTTAAATACACTACCCGATCACCTGGCGTGGATGCGCTGCTTTTCCCCTTGCGAACAAACAATTCCTGTTGCAGTGAAGTCATGGATCTTGACGGGCAATTGATTTTCATGAAAGGCAGGCGGGAATTCTTGCTTTCCATATGTATAGCCTGTGCGACAAACTCTTTCCCGGTGCCCGGAGCCCCCTGGATCAACATCGGGTGGTTGTGGCGCGAGGCTTCCTTAATCTTTTTTTTGACATCCACCATGATCTGAAAACAATGCGGCAGTTCAGGTTTGGAATTGCCGTTATGCGGTCCCTGGTCGACTCGGGTTTGTTTTAGCTTCAGAGCCTTATCCACTGACTGGACCAGTTGGTCCAATGAAAAGGGTTTTTCGATGAAATCAAAAGCTCCCAGTTTGGTCGCCTTGACCGCAGTGTCGATCGTGCCATGCCCGGACATGATCAGAACCTCTATTTCCGGGTGATAGGTCTTGATCGTCTTGAGGACTTCGATGCCATCCATCCCTGGAAGCCAAATGTCGAGCAGGACCAAGTCCGGCGGGTCAGATTGCACCTGTTCCAAGGCATCAAGCCCGTCGTCGGCGGTATCGATCCTGTAACCTTCGTCTTCCAGAATCCCATGGAGGGAACTGACAATGTTTTTTTCATCATCCACAATGAGGACGCGGGGTTTTGACAAGGATGGCTCCTTTTGGCTGGAGGGTTCGCAGTACTGCTTTATTCTATCAGGGGCAGGGCACTTTTACGAAGTCTAGATAATAAATCTTTTTTCCCTGATTGAGGAAATTTTTTTCGTATTTGGTGCGGGGAACGTCTTCGCGATGGTTGGCGAACCCTGGATCCTGGTGCAGGTTTCGAAACCCGGGGTCACCCTCAAGGACTTCCAGCATTTCCATGGCATATTCTTCAAAGTCGGTTGCCAGGCGAAGTCGGCCTTCCGGGACCAGTTTTTCCCAAAGAGTCCTGACGACATGGGGTTTGATGAGCCGCCTTTTATGATGTCTCTTTTTGGGCCAGGGATCCGGGAAATTGATATAAATCTCCGTGAGTTCAGCCTCCCTGAATAAAAACGGGATTTTTTCCTTGGCGTCTCCGTAAACGACTCTGATGTTGGTCAGCCCATAGCGAGACATCCGGGTGAACAGTTTCCGAATTCCTTTATGATAAAAGTCCAGACCGATCAGGTTGCAATCCGGTCGCTGCACGGCCATGTCGAGAAGGAAACTACCATTACCAAATCCTATTTCCAGTACAACCGGCTGGCTGTCTCTGAATTGCTCTGGCCAGTTTGGATACTCTTCGGGATCAAGGAAATAAGGATTGTCTTCTGCAATCGTTTCAAATTTTAAAAGTGGCTTTGATGACATGAATAACGTATGGCTTTCTTCAAGGTGATTTTTTCAGATGGGTAGTTGGCTGCTTGGTTCAGGAATAGGGAGAATGGAAAAAGTTTTAAGTTAAGGGTTCTATTCTGTACCCATATTGTGGATGGTGACGAGAAGGGTTACTTCAAAATAGGATTCGTTTCCCCCAAACCTCATGATAACTTCATCTCCTTCCTTTTTACCCACCAGGCTTTTGCCAATGGGAGATGCCGGGGAGATCCGTCCTGTATCCGGGTCGACTTCTTCAGGGAAAACAAGGTAGTAAACTTTATCCTCATCCGTATCCAGGTTTTTCAAATGAAGCTTGCTTCCCAACCCAGCACGATCTTTTGGAAGGCGGGCCACATCAAGCTGCATGACATTGCTGATTCGGCCCTGCAATTGAGAGATTCGTGATTGAAGAAACGTCTGTCGTTCCTTGGCGGCTTTATATTCAGCGTTTTCACTAAGGTCTCCCATATCGGTGGCAATTTTGAGTGCCTTGGGGATATCCACCTCCAGCTCACGCTTGGTTTCCATTAATTCGTTTTCAAGTTTGTCGAGGACCGGCAACCGCATACTTCATTCTCCATTCCAGAGAGTTGACCTGGATATTTCTGATAAATTGAACCGACTGCAAGCTTTTCCCGGGTTTCTATGGAAAGCGAGTTGCCGGAAAATAATTACTCCAAAGGAAAAATTCCTGTTGGAATTTTACGGG
CP048685.1_gap63	2810552	2813785	3233	GGCGGGAAAAAGCCGGAGTGCTTAAGCAGATTGAAGAGATCTTTCAACGATCCGGGACTGAAAGCTATAATGACATCCGGAATGAAATGAAGGACACCATGATGGAACAATGCGGGGTGTTCCGTGATGCAGACAGATTGAAAGAATGTCTTGAGAAGCTCAAAAGCCTGCAGATGAGATTTAAAAACGGCAAGGTGACTGACAAGGGCAAAATTTTTAATACGGAGCTTTTTGAAATTATCGAATTGGGCAATATGCTCAAGATGGCGGAAATTATTACCTTCGGTGCACTCAATCGTGAGGAGAGCCGGGGAGGCCATTTCCGCACTGATTTTCCAAAACGAAACGATGAAAAGTTTTTGCACCATTCAATGATTGGAAAAGATGGCGATGAGTTGAAGCTGGAGAAGAAACCGGTTGTTATTACAAAATACCCACCGAAAGAGAGGACCTATTGATGACGACCTTTCGCATCAAACGGTTCAACCCGGATAAACAGGCTGATCCCTACTGGGAGGAAATCGACTACGATATCCCGGATGGTGCAACACTTCTGGACTGTCTGAATGATATCAAGTGGACCAAAGACGGTACCCTCAGTTACCGCATGTCCTGCCGCAGTGCTATCTGTGGTTCCTGTGGAATGAAAGCCAACGGACATGCGTTGCTTGCTTGTCAGCGCCAGGCTGAACATCTTTTGAAAGAAGGAAGCGATACCATCACCATTGAACCGATGGGCAACATGCCTGTGGTCAAGGATCTGGTGGTGGATATGGAACCGTTCTGGGACAAGGTCAACCAGGTTAAACCTTATCTTGAAGAAGAGGGGGACCGGCCTGAAAAGGAACGCAGACAAAGCCCGGCGGAGTTCAAACTTATCGACGATGCGTCGACCTGCATCATGTGTGGGTGTTGCTACTCGGATTGTAATACGCTGGAGGTGGATAAAAATTTCCTGGGACCGGCGGCGTTGGCCAAGGCACAGCGGTTTGTGCAGGATTCCCGTGACCAGAAGACAAATGAACGTATAAAAGAGCTTAGCGAGCCGGGTGGTATCTGGGATTGTACCCACTGTGCGGAATGTGTCGAACGCTGTCCCAAACCGGCGAGACCGATGGACCGCATTAAGGAAATGATGGGAGTGGCGCTTGAAGAAGGGGTCACCAACAACACCGGAGCACGCCACGCCTTGTCTTTTGTTAAATCCATTAAGCATAGCGGCAGGCTCAATGAAAACACCCTGCCGGTGGAATCAATGGGGTACTTTAATATTAAAGGGCTCATGGAGCTGGTGCCGGTTGGTTTGCGTATGCTTCTGAAGGGTAAAATCCCTCCAATCATTCATAAAAATATCGACGATGTAGAAGACGTCCGACGAATATTCCGGGAGTTGGGAGAATGAAGTTTGCTTTGTTTACAGGTTGTGTCGCAAAAGGTGCTACCCGAGAACTCATGATGTCCACTATCAAGGTGGCAGAAGGACTCGGTATTGAGTTTGTCGAAATGAAAAGCGCGGCCTGTTGTGGTGCCGGTGTTGTTCAGGAAAAAAACCCTCTATTGACCGATGCCATCAACGCCCGTAGCTTTGCTATTGCAGAAGAGCAGAACCTCGATCTCATCACTATTTGCTCAACCTGTCAGGGCAATCTTAAAAAGTCAGAGCAAAAAATTGAATGTAACGAAGAATATAAAGATAAGGTCAATCATGTTCTTCAGGATGGTGGGCATCAGTTTGAGGGTGGCCGCATCCAGATCCAGCATTTTGCAAATGTGCTGTTGACCGATGAAGCTAAAAAACGGTTGAAAGAAAAAGTAGTGCGACCCCTAACCGGCCTCAAAACAGCCGCATTTTATGGTTGCTATATTTTGCGTCCCTCGGAACTTTCCCCTTTTGATGAACCGGATGACCCCAGTGAACTGGAAGAGATATTTGAAATCTGTGGAGCCACTCCCGTTGACTATGAAAGTCGCACCAAGTGTTGCGGGTTCCCAATTATTATGATGAACAAAAAGGCATCGCTTGATATGGCGGGAAACGCGTTGGCAGATGCAGTTGATTCCGGCGCCGATGTGGTGGTGACCGGTTGCCCGCTTTGTCATCTCAATCTGGATTCCTACCAGCCGGAGGCAGAAGCATTACGCAAACGAGACGCCAATATTCCAATTCTGCATTTACCCCAACTTGTCGGGCTTGCTTTAGGTTATTCTCCACGTGAATTGGGAATGGACTCTCATATTGTTAATCCCTCGGTTCTGGAAAAAATTCTCGGTCCCGCCCCCGCTCGATCCTCTCACCATTAGTTTTTAAGAATTTCCGAAGAAAAACAGATTTAAACGCTTAAAGGCATCAATAGCCTAAAAGGGCTTATATATTCTTAATGCGGCTTTGGCTGTCTGCCTTGTGTTTTTGGAAAAATCCCCTCACAATTTCCACTATAAAAGATCACATTTACCTCTAATATTAATTTTTTTTAATCTGTGTGTTTTCAATGTTTTTCATTGGAAATTGGCCCTGTTTTCAAGGGGTTAACATAAAAAAAACTCGACAAGTCCTTTTCACCCTTCCTATAATCCCCAAGTTCAAAACTTAGGGAAACCCTTTGAGGAGAGGCTCATGTTTAAAAGAATAATTTCCACAATATTTGTGTTGATGCTGCTGGCGACCTCAGGTCCCGCATTCGCCACCGGTGGAGGCTGGGGCGGAGGTGGTTGGAATGGCGGCGGTCACGGTAGTGGCGGCTGGGGAGGCGGTGGTCAGGGTGGTGGCTGGGGAGGCGGCAGTCACGGCGATGACGACGATGATGGGCATGGCGGTGGTGGAGGCCACGGCGATGACGACGATGATGGACATGGCGGTGGTGGAGGCCACGGCGATGATGATGACGATGGTCACGGCGGCGGAGGCGGTGGCGGTGGCGGAGGCGGCGGTGGTTGTACCCCGCAAGGAAGTAACGGAAATGGTCACGGCGGTGGCGGTGGCAGTGGCGGCGGTGGCGGCCATGGCGGTGGTCATGGGTGTCATCAAGGACCCCCTGGCCCTCAAGGCCCTCCAGGTCCTCCAGGCCCGGCGGGCCCAGCGGGCCCTCCAGGTCCTGAAGGTCCACAAGGTCCCCAGGGTAACACTGGTCCCGCAGGCCCCCAAGGTCCGCAAGGTGATACCGGTCCCGCAGGTCCCCAAGGTCCGCAGGGTCCGGCAGGTGCTGATGGTGCCGATGGCGCTACCGGTCCGGCAG
CP048685.1_gap64	2816298	2820722	4424	CTCCTGGATGCTGGTTGCGCTTCCTCTTGTCGTTTTGTTTCTGCCTTTAGTCTGGTGGATACTTTGCCGGTTTGTATCACCTATTCCTCTCGACCAGGTGGAGTCCTCAGATCAGGCTGAACAAATTATTCAGAGGGAAGTTAATTCCCTGGGGACTATGAGTCGGGCGGAGTCATTTGTTGCCGGCGTGTTTGCAACGACATCATTTCTCTGGATTTTCAGAAAGCCCATCAGCCTCGGGTCCTTTTCGCTGCCCGGGTGGTCTGGATTATTGCCCTGGCCGGATTTTCCGCACGATGCAACGGTGGCAGTGGGTATGGGGCTTCTTCTAATGATTGTGCCGCTCAAACTTTTTGACCGCACTGAAAAGAGTTCCGGGGATTTAAATCAGAAACTTAATGTGGCACTGGACTGGGATACTTTTTGCAAAGGGGTGCCGTGGGGGATACTGCTTTTATTTGGGGGAGGTTTTGCTTTAGCGGGTGGTTTTCGTGCAACGGGACTTGATGTCTGGATAGGCAATCATCTTGCCGGTGTGCAGCACTGGCCCTTGTGGATGGTTGTGTTGGGGCTTTGCCTGGGGCTCACGTTTTTAACGGAAATGACATCCAATACAGCAACGGCAACGATGATATTGCCAGTGATTGCTTCTGCTGCTGAAGCTGCCGGGATCGAGCCTTTGATACTACTCGTCCCGGCAACGCTATCCGTTTCCTGTGCTTTTATGATGCCAGTGGCCACACCCCCCAACGCGATTGTATTCAGCAGTGGCTGGGTGACGATCCCTCAAATGGCGAAGGCTGGAGTGATTCTCAATCTGGTGGGCGCAGTGCTCATTACCTTCATCACGCTTCTGTTGGTTCCGATGATCCTGTTCTAGCACGCGGCGCGCTTGCTCCCGGTCGGAATGTTTCCTGATGCGGTTGCGTTGGAGCACGACGCGCACGGGTCAGACAGGAAGGACAGTAACAGTTTTCTGCTCCACGGGTCAGGTGTACCAGGCCATGGATCACGCCGCCTTCTTCGTCAAAATTATAAATGAGCTGGTCAAGCAACATCGTGTTGGCACGCTGGTACCGGCGGTAAATGGCGTAGGAAACAAGATGAGCAAGATCGAGCAGGCGTGTGCCGTTTGAGTCTGCAAAAGCAGGAGCGTCTGCAAAGTTTTTAACCTGACCAAAACGTGTGTTCTGGTTCCTGTACTCTGTGATGAATGGTGCGAGTGTTTGTTCGTATTTCGAACGCTCAAAAATGATGAGACCACGCTGGGTGTTTTCCTGAGCGTGCAGCCTTTTAAGGAACAGGTCGAACCGGTTGCAGATTTCTTCAAAAGCACGGGCAACAGGATCTGGCGCGAAATCTTTGTCGACGGCAACACCAAATAAAACCAGATCCGGTTGAGATGTGATTTCACAAAGGTCGGCAAGTACTGCGAGTCTTTGGTCCGTTGGCATTGAATGCCAGGGATCATATTTATGCGAGTTGATCGCCTGGGCGCGCAAGCTTATTTTGTAGTCCGGGCCAAACAGGTTCTCCGTTAAATCATCTACCGCTTCGTTAACCCAGTAAACTTTTCTTTCGAACAGGGCAACACCACCGAGTACGAAATAATCATCATTATTATCGAGGGGGTTTCCTGACTGATCTACATAGAGCAAATACATTTGAAAATACCTCTTGAAATGAACAAAAAAAATAGCCGGGCGAGGCTAATGCCTCAATAGACCACGGAGAACGTAGCCTTACCCAGCCGAGTTAAGTATAGCACCATCGCAGGGTCCTTGCTATTTATAATCAACTCGAGAATCTAAATTTTCAAGAATTTGTCCAACGCAATTTTGGTTTTCGTGCAGCGGTGGCTTCATCAGGCCGAGATATTTTGGACATGACAGGTCGGTTTGCGAAATCATCTGGTTCGGAACGGGCTAATCCTGCTATCGATTTCATGGCGTCAATGAAATGATCCAGTGTTTCTTTGGATTCAGATTCGGTGGGCTCGATCATCAGCGCGCCCTTGACGATTAATGGAAAATAGATGGTGGGTGGGTGGAACCCAAAATCGATCAGTGTCTTTGCAATATCGGTTGTTTTTACGTCATTTTTTAGTTGTTCACGATCATTGAATACTACTTCGTGCAGACTTGGCCCGGGAAAAGGAAGGTGGTAATGCTCTTTCAGTGAGGCCTTGATGTAGTTCGCATTGAGTACGGCCATTTCACTGATTCGTCTAATTCCATCAGGTCCAAGTGATCTTATATACGTGTAGGCTCGAACGAGCATCCCGAAGTTCCCGAAAAAATTCTTTACTTTGCCGATGCTTTGCGGGCGATCTCGATTTATTTTGAATCGTCCTTCGGATTTTTCAATGACTGGTGTAGGTAAAAAAGGTTCGAAAATATTTTTTGTGCCCACCGGGCCTGCACCCGGCCCACCGCCCCCATGTGGAGTGGAAAAAGTTTTGTGCAAATTGAAATGGAGGAGATCAATGTCCATATCCCCGATTCGTGCAACTCCCATCAATGCGTTCAGGTTGGCTCCATCACAATAAACAAGTCCGCCTCGGCTATGGACAATTTCAGTTATTTGCATGATGTCCTTTTCAAACATTCCGAGTGTGTTGGGGTTGGTCAGCATGATGGCTGCGGTGTCTTCGTCCATCAACCGGTCAATTTGTGAAGGATCGATTAACCCTTGTTCGTTGGACGGGATCTGCACAACGTGATATCCGCAGAGAGCGGAACTTGCCGGGTTGGTTCCATGGGCGGAGTCCGGCATGAGAATTTTTTTTCGCGGATTCCCTTTTGAAGACAGATAGGCATGGATCAACAAAATGCCAGTCATCTCGCCCTGAGCGCCTGCTGCAGGTTGCAACGTGACATGGTCCATGCCACTTATTTCTTTTAGATACTCCTGCAACTCAAACATGAGCTTCAGGCTGCCCTGGGAACAGGCTTCCGGCGTATGTGGATGGTGATCGGAGAAACCAGACAGGCGTGCCATGTCTTCATTGAGCTTCGGGTTGTACTTCATGGTACAGGAACCCAAGGGATAAAAATTTCCATCGACACTGAAGTTCCATTGTGACAACCGGGTGAAATGGCGGACTACATCCAGCTCAGACAACTCGGGCATGCCCTCAATCTCGTCGCGTATTTCTTCTGGTGGCAGTAATTGGCTTATATTGCTTTCTGCTGAGGGAAATTGACTTAAAGAGTAACCTTTTCTCCCTGATGATCCGATTTCAAAAAGTAAGGGCTCCTCAATGACAATTCCTTGAGAGGCCGAAGGTGTATGGAGATCTTTAGACACAGTGTGATTCCTTCAATTTAAATTTATTCGTTTGAAGATGAGGGGGTGTAAGGTGCGGCTTCATGAACCAGCAAGATGGGGATATCGTCTTTCACAATAGGGTAGACCAGGCGACACGCTTCACAGATCAAGCCGTCTTTTTTTTCAGTCGCGATAAGCCCGCCCTTGCATTGAGGGCAGAGAAGGATTTCGATCATTTCGTTATCAAGTGCCATAAATGTCTCCTTCTGTGAGCCCTGATGTTGAAGCGCCTGCCGCAAGCTGCAGTCTCCGGCGTACCGCCGTGAGCATGTCTTCAACCTCGACGGCTTTCATGCATTCCATTTCTGTGGGGCAGGTCCGCTTGAAACAGAAGCTGCACTCCTGGGGTTTGACCAGAACTTCATGGATAGGCCCATACGGGCCATTTCTTGCCGGGTCGGTCGGGCCATAAATTGAAACGGTCGGGATATTCAATGCAACGCAAAGATGGAGCGGGCCGGTATCACCACAAATGAACAACCGCAGTTTCTGATACAACGCCAGCGCATGTTGCAATGAAGCAGTTTCCGGAGCAAGGGCAAAAGGTTCTTTCATTAACTTTCCAATGCCTTCGGCCCGATCGCGGTCCTGCGGTCCCCAGGTCAAAAGAATAGGGGCGTCAAATTCACGATGGATGTGATCGGCAAGAGCGGCGAATCGTTCAAGAGGCCAGGCTTTGGTTGGGTAGCCTACCCCGGCATGCAGGGCAACCGGCTTTGTTGTCTCGCCTTTTAATGTGGGCGCCAACTGCTGTTCGATGTAAAGGCTGGCTTCTTTGCAGGTTGTTACTCTGAAGCGCGGTTCTTCCCGAAAAACTCCCAAAGGTTCCAGTAGTGCCATATTTTTATCAATGATATGCGGGATGTGTCCAGTCCCGGGGGCTTTGATATTAGTGGCCCAGGCGCTCAGTGGTTCCCGGCAATCATTTTTTTGAAAACCAAGACGTTTCGCCACCCCGGAAAAGCCGGTGATGAGCGAGCTTTTTATCAGGCCCTGCAAGTCGATAACCAGATCGAATTCTGTTTCGCGGATGGACTTTATCAATCCCCAGGCTTCCATAAAGCTTGAGGGGGTCCAGTGCCGTCGCCATTTCT
CP048685.1_gap65	2823294	2824497	1203	TTTTTTGGGCCATTTCACCCCCGAGGCGATTGGGGACTATCTTGCCGGTCCTAATCACGTGCTCCCAACCAGCGGTACGGCGAGATTTTCGTCACCACTGGGAGTTTACGACTTCGTCAAGAAAACAAGTTTGATTGAGTGTACTGAAAAGTCCCTTTCAGATTTGGGGGCTGCCTGTCAGATCCTGGCGAATATGGAAAAGCTGGATGCCCATGCCCGTGCTGTATCGCTACGCCTTGAGGGTGAAAAATCCTGAAAAGACGTTTTAAAGCCATGGTTTGGAAAATTTCTTGACATGATTCAGGAGGCATGATAAATATCGGCGGATTGGGCTTGTAAGGCCTGAGTGAGGGGTAACCCCTTGCGTTTAAAAAGACTTGTGAAATCAACTCGTTAGCGGCTATGTGGCCTGTTTTTCTGGGGGGTACGCAGAAGGGTGGGCTATGGTTGTGCTCCCTGCGGGGTGGTTTTGAGTAAGTATAAATTGCCTTTATTTGAGTGGGTGTTTGCAAAATTTTGAATAAAAACTGTTCAAACACTAGGATTTTAAAGATCTTACCTTTAAGGAGGTCAGACAATGGTTAGTACGAAAATGAACAAACTCCGGGCGCTGCCTTTCGCTATGTTTTTGGCCCTGGCTGCATTTGCAGTCAATGGTCTGATGGCGGATGTTGCGAGTGCCAAGGAGGTCTTTGCAGAACAGGCTTTCGCTGAGCAGGCGTTCGCGAAGGAGGTTCTGGCAGAGGAGGGGGCTGAGGGCGAAGGAGAAGGCGAGCCGGCTATCGAATGGAGCCAGGACGTTTTCTATAAGGACTGGGAGGGTAATCCTCTGAAAGGTCCGGTCAGCGGTGCCCCAGCTCCGGATTTGGGTCCGAATGATTACAATAATTACGATTTCGCGCCGAGCCGGATTCTGCTGTGGATTGCCAATCAGCAGCATCTCTACTTTGGTAGTTTCGTGCTGGCGGTTCCGATCTTCTGTATGTTGATCGAGTTTATCGGAATCCGGACTCGTGAAAGTGACCCCGTGCTGTCTGAAAAGTATGATCGGTTGGCGCAGGATCTAATGAAGGTTTCTCTGACGGCATACTCCTGGACTGCGATCCTGGGTGGTGTGTTGCTGTTTACCTTTATTACTCTGTTCCCCGGGTTCTTCAAGTATATGGCCGGAATCTTCCGTCCTGTAATGCACGTTTATGCTCT
CP048685.1_gap66	2826943	2830290	3347	TCCTTGGTTGTCCGCTGTGCCACACCATTCCTGGAGTTGAGGGTGCGGTTGGGGCGCTGGGTCCGAAGCTGCATGAAAAAACTAACGCTCCAAGTCGCATGAAAGACGCGCGCTATGAAGGTACTGCAAAAACTACCAAGGAATATGTTCAGGAATCTATCCTCAATCCAAGTGTGTACATTGTTATGAACGAGGAAGAGGGTGAGCCTTATCCTGATGGTGTTATGCCGCAGGACTTTGGTAGTAAACTGTCTGTAAATGCGTTAAATAAACTAGTTGATTTCATTAGTAATACTGAAGCAGGCTCCGAAGGTTAAAGGAGAAGGACAAAATGAACAAAACCTTTTTAAGTCTTATTGTTACATTAGGTGTGGCGCTTGCCTTGCATTTTGGGGTAAAGCCGATGTTCCTTCCCAAGGAGCCCACCATGATTTTCAATCGGTACGCCTTCTTTATAGTTCTGGTGCTATCGATAATTGCAGTGAACCTGATTCTCAGGCTTTCTCCCGTGATGACTATGAAAGCGGCGTATGTCTGGGGACTGGGTTTTTACTTTTATGATCAAATTCTGTACCCACACGTTCCGTGGACCCTGTTCATCACTTACATGATGCTGTGGACCATTGGTACCTTCCTTTATATTTCGCAGGATTCCAAAACATTTGCGGAATTCAGGGAACCAATTGTGAAAACGATTACAGGTGAATTTAAAATTGCCCGTTATATCGTGTTTGCTGCGCTCCCGGTGCTGGTTGGTATGGGTACCTACAAGTTTATTTATCCCACATATCCAGAGCCGGTGGAGTTGCGTACTGTGCATCCTGCGCCTCCAGCTACGACCAAGGTTCATGGAAAGACATACACTCTGGAAGGATTGCAAAATCCTTATCGGGTGGATGAGCAGGATAACTACTATGAGGGTGGAACTCACCTTCCGGTAGAGGGTAAGTTTCCCTTCCTCGATGCAGAATCTGTCGAGTACATGAAGTATGTAACTGAGGGTGGAACTGTCTTCTTCCAAAATTGTCATTATTGTCATGGTGACCAGTTGAATGGTCTGGGTATGTTCTCCCACGTATTCAACCCGACTCCGGCAAACTTTGTCGATCCGGGAACCATCGCCATGCTTCGTGAATCGTTCCTCTTCTGGAGGGTGTCCAAAGGTGGGCCTGGTTTACCGAATGAGTCCACCCCCTGGTCTTCAGCAATGCCCCCATGGGAAGAACATTTAACAACGGAACAAATCTGGAAGGTCGTCCTGTTTGAATACTGGTACACAGGCTGGCATCCGCGAACCTTCGATGAAGAGTCATCTTCTGGTGGAGAAGGTGGCGGCGGCCATTAACCTTAACTTTAACTCTGTTACCAATTTAAATAGGGATCTAAAGAGGCAATCATGACAATTAACAAAAAATCAATCAAACCTGTTCTCGGTTTTCTTGGAATGGCAATGATGCTGGTGCTTCCTTCGGTAGCACTGGCAGGAGTGCCGGAGCCAATTCAGGAAGACAAGCTTGAACACGGTAAAAAGGTTTATTTTAAAAGGTGTGTCTGGTGCCATGGAGTAGAGGGCGGAGGAGACGGTCCATCTGCGGACCGGTTGTTCACCCGTCCACGTAACTTTATCCAGGGTACATTTAAAATCCGTTGGACTGACTCCGGTCAGCTGCCTCGGGATGAAGATCTGGAAAGAACAGTGAAAAATGGACTTCCCGGATCTGCTATGCCAGCTTGGGGTGAGGTTCTCTCCGATGCTGACGTCAAGGCAGTTGTTCAGTTTGTCAAGTCACTGGTTCAGGATCGCGACTTCAAGGATGAAGATGAAGATATGGAAGTCATGGACTGGGGTGGGCAGAAAAATGGGGAAAACCCGTGGGGAGTAACTGGCCCTTATTTTACCGGGGTTCCTGAAGAAGCTATTTCTGCTGGTGCGGAACTGTTTAAGAAAAACAAGTGTTTTGAGTGTCACGGTGGTGAAGGCCGCGGTGATGGTAACCCCACTATGAAAGATGACTGGGGATTTCCGATTGTTGCCGCTGACTGGACTCAGTGCTGGAATTTCCGGGGAAGCCGTCGGAATGCCTTTGATCCTTTTAACGTTGTCAGGACGATCTCAACCGGAATCAACGGTACTCCGATGCCGAACTTCCGGGAAAAAATCACTCCTGAAGAACGCTGGCAACTCGCTGCATTTGTGAATTCGCTTTGTCCCAGGAAGAATATTGACCCGTTGGTAAACAAGCCGGTCACTGACTTCCTGATTAAATCAAAGTACACGGTAGGTCCTGTAGCTCCGAATATGGATGATCCCATGTGGCAAGCTCCTGAGCATGATGATCGTCTTCCAGGCTACGAACGATCTGAAGAATACGTCAATAACGGTGGTGACCAGTTTTGGCATTACATCGCGATGGGCGGTCAGATCACTCGTGGTGAGCGTAATTTTGACCCCAAAGTTGATAACCTTTGGGTAATGTCACGCTGGTCTGATGAAGAGCAGGCTGTGTACTATCTGGTTGAATATCACGACCGCTTCCTTTCAACTGATCCTGAGTTTCCTGACGGTGTTGCCATGCAATGGCCTGGTCAGTTGGAAGATCTGTTTGGAGCGGAAAAACCCTACTTCATCTATGGTGATTCCAAGAAGCCTGTAGACATTTGGAAAGCCAACTTCATGGCCAAGGATTACAATCCTACCAATGCTCCCAATCCCGCTGGTTACGATCTTGACATCAGTGTGAAGGAACTTGTAGGCCATGGATTTGATGCGGTTGAGCCCAAGGAAACACCGGGCGGGGTTGAAATTGTTCAATCCAAGTTTCATCAAGGACGTGTCAAAATTATGTTCAAGCGTTCTTTGTCCACTGAAAACCCGAACAAAACTGATGTTCAGTTTCCGATAGCAAATTATGTACCGGTTTCTTTCATGCAGTGGTCTGGTTTTGACAAAGAGCATGATGAGCATATGGCCATCTCCACCTGGGTTTACACCATTCTGGAGCCGGCATTGCCAGCATCTTTGAACTACATGCCACCTATCATGGCAATTGCCTTCTTTGGTTTTCAGCTCTGGCTTGTTCGCATGACCAAGCGAACCAGAGATATGGTTAAAGATGGCACCTGGAAGTAAAATGAAATGACCTTAAAGGTCATAGCATATAGAAAGGCCCACCTGAAAAGGTGGGCCTTTTTTTATTTTTATTTAACTGCCAAAGTCACGCAAGGTTTTGGGTTTTAGCAGTGAAGCAAAGGGAGGCCCTCCAACTTTTAAAAGGGTTGGCGCTATTCCTGAATATTGGGAGCCGGAGTGGACAAAAAAAAGCCCGCCCTGATTGGGCAGGCTTTTA
CP048685.1_gap67	2851783	2854094	2311	CTTGAAGCTGAAAGTGGAGCAACTGACGCTTGAAATCCTGTTGCAACTCCTGAAGGTTCTTCCTGAAGTCCTGTTCCTGCTGCTTGCGTCGCACAGACTCTGACTGATTGATTTCAATTAACCTCTGGTCCCAGGCTTGAATCCGTTCAAGGTGAGCTTCAGCTGTTTTTTTAAGGTAAAGTTCTCTTTGGCGAACTCTTTTACGCTCCCTTTTTTTTAGTTGAATAAATTCGATTTCCTGTTTCTTTAGTTTTTTAATCAGGAAAGCAAACTCCTTCTGATTAGTCTCCAGAGTGCTGAATTGTGCTTCGAGCACTTGATCTAACTGTGTCCTTTCATCAATATCTTCTTTAAGTTTATTTTCCTGGTTGCTCTGGCTGGCCATTTGTTGGTTTTGCAATTGGGCCAATTCCTTTTTCAGGCGATAAATTTCTTCTTCGTATTTGGATTGCTGGAGATCAAAAGAGTTCTTTAAATCTTCCAGTTGTTCTTTATGAGATTTTCGAAAAGTGAATGCATTGGTTTCAATTTCGGATTGTTGTGCAATTAGAGAATCTTCTTTTTCTTTTAATGCCTCCAGGCGTTTTTCCTCTTCTTGACTTTGCTCGTTCAACAATTGAACTTTGGTCTGGATTTCTTCATGCAATGTTTCCGGCAGGCGGAAAGCGAGTTCGGACGGTTTAAACTTGTGCCTCTTTAACTGGATGAAAGAAAACCCATCCCCCACCAGAATTCCAGCCGGGTTTGAGTTTTTATCAAACATTTCCAGAAGATTTTTATTGAGTACTTCCCGAGTGGCTTCAATTTTAACAGCCATTGAAGCAACAGGCTGGGAGAGTTGTTCTTTATAAAATTCTTTGATGATTTTTTGGGTGGAAAATCCCTGGGGTGATTTCAGGTCCTGAGTTGTGGGAGTAAGATGTCTTAAAACCTTAAGCAGGCGGTGACCTTCAGGATCATGTAATGGATATCGATCGACCAGGTGGTCAATGGTCTGAAGGCTGAACAGTGAATTAGACATCAAATCGGTCTCTGGTTTTAAAGAAGAACCTGAAGTTAATGTGCCGATGCTGATTGAGGAAAATTTAGATCTATTTTATCATAACGGCTTAAAATTAAATCAGTTAAGAGGTTTGTTGGACCTTCCGTGTTTGATCTCAGGAATCAACATAATTGTAGCCAAAACCATCATTCCGCATGAAAGCAAGCCAATATTTACAGGGCCAATCTGATGGACCGCCCAAAATCCGATCATAGGCCCAAAGGTGCCCCGAATCCCGGTCAGGCTTACATGGACCGACATGTACGCCGCGACTTTTCCAGGAGGAGCAAACTTGGTGACCCAAAGTGCCCAGGCCACGCTTCCCCCTCCAAATGCTATTCCAATCAAGGCGGAACCCAAAGCAATGATGCCAGTATCTTTTGTGAAAAAGAACAAGGCAATGCCACAGCCGAATGTCAGATTCAACATCATGCGTAGCAAAATGAAATTGACCCGGTCGAACATGCGGGCGAGAAATGGGATCGACAGCGCCCGCATTCCGTCAGGAATGATTGTTATGAGCAGGGTCACCAACAGGGCGGACCCCTCTATGCCATACTCCGGGTTTGTGACATAGTCCACTCTCAGAGGAAGGACCCAGAGGTTGGCAAACCCCATGATGAACCAGGTGAGGAGGACATACCCAAATAACCGGTCTTCAAAAATATATTTAAAATTTCCCAGAGGATTAGAAGAAGCTTGCGATTCGATGGGTTTCGAGGGCATGGAGTAAATGGCCCAGGCTTTACCAAGTCCTGCGATTCCCAGAATGCCCATGACCCATCGAAAAGTTTCAATATCCTGGTCCATAAACCTGGAAGCAAGAAATCCAAAGATTACACTGAACCCAACCGTCATGACCATTGGCAGGGAAAAGTAAGCGCCTCGCTTGTCGTCCGGATAATTATCGTTATAGATCGAAGTGATAAACGGAGTGAGAAGGTGCAGGCAGATAAAACCCAATGCTGTCCAGGTTGTAAAAGAAGCGAGAGAATTGGAAAAAGATGACAGGAACAGAAACATCCCGCACAGAGCTGCAGGGATGGCTCCACAAAGGGATTTTCTCCAACCCGTGCGAGCCAGGTAATGCAACCCGAAAACTGACAGGAACATTCCGAGAAAGGGGGCTGCTCCGATAATTGCTTTGATATTATCGCTCGCCTGGAAATAACGTATGGCGATGAACAGGACGAAGGTTTGTGTGCCGGTGGTGAGGATTCCGCGCAATGAGCCGCGTAACAGGTCTAGCCGGTAAGTTTTTTCCGTGAT
CP048685.1_gap68	2869016	2871815	2799	AACGGGTCAGGAAGATTCTGGAAAAACGTTATAAATATCGTGTGGAGTTGACCCGCACTCGGGATACTTTTATTGAATTAAAAGATCGTGGTGATCTGGCCAACAAGCTCAATGCAGACCTTTTTGTTTCCATTCATGCCAATGCGGCCCCCCGAAAATCTGCCCGTGGCATTGAAACTTATTATCTTGGGGCAGGTGCAGGAGATCGTGCACTTGAAACAGCGGCGCGGGAAAACGGGGAACTGGTGGGGTCTGTTGAAGATGATGAGGTGCAGCAAATACTGGCCAGCCTTATCAGCACGACAAAAATAAACGAATCCGCCCGGCTTGCAGCTGATGTGCAAAAACGTTTGTCTGGAGTCATGCCCCGAAAATTTTCAAAAGTACTGGACCTTGGAGTGAAAGAGGGTCCTTTTTATGTTTTGCACCGTACTAATATGCCCAGTATTCTGATTGAAGTCGGCTTTCTCACCAATAAATTTGAAGAGCGTCGACTGCAGAACACTTCCTACCAATACTGGCTGGCGGAATCCATTGCACAGGGAATCCACCGGTTCATCCGCGAGAAAGGACCCTCCATTTAAGGGAGGGTAGAAACATGGCCCCACCACTGCCCGTCGTGGCAATTATTGGCCGCGCCAACGTTGGTAAATCCACCCTGTTTAACCGATTGGTCGGGGAACGGCGGTCTATTGTCAATAACCAGTCAGGCGTGACCCGTGACCGAATTTATGGTCAGGTAACTTTTTATAAAAAACCCTTCATGTTGATTGATACAGGTGGGATCGATATCGACGGGGGTGGAAAAATCGAGGATATGGTTCTCGTGCAGGGGGATCTTGCATTGGCGGAAGCCGATGTTGTCGTGTTTATTGCTGATGGACGACAGGGCTTGACTCCGCAGGATGAAGAAGTAATCCAGAAGCTAAGGAGGTCAGGCAAACCTTTTTACATTGGGGTCAACAAGATCGATTCTCAAAAACAGGAATTGGACACCAACGAATTCTTCAGATTAGGTCTGGATTCTGTCTATCCTATTTCTGCAGAACATGGGCTCGGGATAGATGATTTGATGTTGCCTTTGGTTGAAGCATTGCCGTTGCAGGAATCAGAAGAAACAGAACAGGAAGGAATTCGGTTGGCGATCATAGGGCGGCCTAACGTCGGAAAATCGTCACTGATCAATCAGTTTCTTGAAAAAGAACGTTGCATTGTTTCCGAAATTCCCGGGACGACCCGTGATTCAGTGGATACGGTTCTTGAATATGAAGACACTACATTTATTTTGACCGATACTGCAGGAATCCGGCGTAAGGGGAAAACTCACCAGGTTCTGGAAAAGTTCAGTGTCATAATGTCCCTGAAAGTTTTAGAGCGAAGCGACATCGCGGTTCTACTCATCGATGCGGTTGAAGGAGTCACGGATCAGGATGCAACCATTGCAGGTTATGCGCATGAGGAAGGTCGGGGAGTGATCGTATGTGTGAATAAATGGGATCTTGCTTATTCGGAAGACCTTGATTGGAAAGAGGTTGAAGCGAGAGTCAGAAACAAATTGAAATTTCTCGAATTTGCACCCATAATGCCGGTTTCCGCCAAAACGGGTAAGGGGCTTCAAAGGTTATTACCTGAAGTGGAGAAGGTGTATAAGGAGTACACACGCACCATCACCACATCTCGTTTGAACGATTGTTTCGCTAAGGCGATACAGAGGCGGCCAATGAGCAGTTTTCGAGGCAAGTTTTTAAAGCTGTTTTATGCAACTCAGATTAAAAGCCGGCCTCCCACGTTCCAGTGTTTTGTGAATTACCCGGAAGGAATTCACTTTTCCTACGAACGTTATCTCTTAAACAGCCTTCGAAATTCCTTTGGTTTTGAAGGAACTCCAATCCGGCTATTATTCGCAAGCCGGCATCCTGGTTCTCGGCGTGAGGGTTCTCGATAAAAAAGTAAAGATTTATAAAGGGTATAATTTTCGTGTTCTGGATATCCCGGGGTACGAGAAAATTACGTTTGGTTGTCCGCCAGGAATTGTCAAAGACTTTGCAAGGCGAGAAGAAGACCTCACCTCTCACTATATTCTTCCGACCCGGACCCTGGTAAAAGGGAAGAATAACTTCGACTTCGAATTTATTGTTTATAACTTCCTGTTTATTCGCAGTCAAAAATCAAAAATAAATATCTATTGTACGCAGGACCAGAAAGAACGTTTCCATGCCATCATGAGCGAAACACTTTTTGGTCCGACCCTGCATCAAATGCTATGTGCCCAATTCCGTAGTTTTATGAAGCGTTCGGGTTTTACCTCAGGTGAGAATACCCGGTTTGAAAAATACCTTTTAAGCCTTTCGCGCGATAAAAAACTGCTAGGTAAGCTACAGGGAATGATGGAAACGCAGGTGTCTGCCGAGGTTCTGCTGAAAGAGCTTTCCAGTCATTTCAAGAAGATTTTAAAAACCAAAGCCTGGATGCAGAAACAGTCCAAAAGCCCGGCAAACCTGTTTGCGAAAAATACTCTTCAATGCTTTCAGTTACAGCGTGAAATGGAGTTATTCAGTCTGACTCGTGATTGCACCCGAGAGGAATTTCTGGATCGTCTGGTGGAGTTCCACCTGTTTGGAAAAGATAAGACGGTCACCTTGCAAAGCAAGGAAAGTTCGAGGAAAAAACTGAATGTGGTTCAAGTGAGTCCATCCTATTTCGAAATCTACGAAGGGAAAAAACTCAAAGCAGAGTTGGATTTTAATGAAATAGACTCCCCCTTAATCCCGGAAACAATCAATCTCCTTGATCGGCCTT
CP048685.1_gap69	2876540	2879083	2543	ATGGATGCTTCACCGGGATGGAAGGCGGATGAGATAAGAACCATGCACCGGGTGTTTGAGCGACTGCCAGACAGTTTTTACAGACTACCAGGACTTACAAAATTGATACGGCTTTCGGCCTTCCCATCAAAACATCAGCAGGGGGCCGGTGGAAGAATTCCCGCAGCCACTTTTCCGAAGTTCACAACTGTTTACCGCCAGGTCTTGAAATCTCACATGGCGGTGTTTCAGGATGATACTTTCAGGCTGGAGTTTTATGATTCCCTGTTTTCCGAAGAAGAAGCGGATCTGGAAAATATTGTGCACCATGAAATGGGACACGCAATGGATATTTCGAGAGGCATGCTGAGTTTTGGTAAAGATTGGCTCGAAATTGCCGGTTTCAGTATTTTAAATTTGCCGCCTCTTGATGCGCGACCTGATGGAGATTATATCTACACCCTGAAAAATGACCCTGAAATACCCAACTATGCTCCCGTGTCGGGTAGACATCTCCCAACCTATTCCAGGGAAAATCCACAAGAAGATTTTGCTAATTCAATTGCAGCGTACATTCATTATCCCTACTTCAAGTATTCCCATCCGGCGCGATACAAATTTTTAAAACAAACTGTGTTCGATGGCAAGGATGTGGTCATGTCATCGCCTGGGCCGTCTGTATTTAAAGACAAGGTGATTGCCGATGCGAAAGCTCTGGTTGCATCAGGACAATGGGAACAATTGTTCAAACTTGTCACAGAAATGGGGCGCAACACTTTTCCTGAAGTTGAAAAGGCCTTGATGTCAGTTTTATACGAGGCGGCCGACCCTTCCAGAGGCAACGAAGGCGCTGACTGGATTGCGCGTTCAACCTGTTACCTCAATGACCCCGAAGCTCTGAAGTTAAGACGAAGTCTTGCAGCGGACAGACGAATAAAAGTGTCCGAGATCATGAAACATGAACGCTGTTTTCGAATGGCTAAAAAAGTTTTTGAAGAAGACCAGGTCAAATGGCCGCTACTGAACCTTTATTTTTTCCTGGAAAATGGAAGGCCGATGGTCCAGTTTCTCGATCCCATTGGATTGAACGCCCGGGCCAGAGGATTTAAAACCCGTTACCTCTGGACGTTAAACTTTCCAAAAAATACGGGGAAGGTGGTTTTAAACGGAAGTGAGGAGGGCCCTGAGTTTGTGACAGGAGCCGCGAGCCTTGACCTCAAGAAATCTGCATTTCGGTTATTCACTCTGCCTGAAGGAGCGGAACTTGAGCTTCAAGTAACAGCTGAGCGTTATAACGAATTGGGACAGCGGTTTGTGTCGACTCCAAGTGCTATCAAATTTGTTGTTCACCCCTGGTTTCCTTACACACCCACTTCGGAAGAAACAGTTAAAGTTAGATATCCACCGAGTATGATGCAACTGGAAAAGAGGGCAGGGCTTTAAGACAGGTCTCGAACAAGACGGACAGCCATGTTCAGGTTGGCATACTGGGAGGGCCAGACTTTCATGCCATCTTCATACTGGATGATGAGGGCGGATGAATCTTTCGTATCTTCTGTCCAGGTCACCCCTGCACTACCGGGCTCGAAAATGGGGTCGATATAAATAGAGTCACCATATTTATCAGTATTGCTTTTCTCAAGATCAAGAAGGTTAAAGGCCTCAAACTCCCAGGGAAACCGCCAGTCCTCATGTCCGGCAAATCGTTCCAGGTTTACGATTTGCATATATTCATGACCGGTAAACCAGTTCTTCCATTTTTTTGTGTCCTGGAAAGAATCTGTTTTTTTCCACATCAGGTTTTGCTTCTTGTCAGTTATGGTGCCGTTTCCGTTGTCAATAAATCGTTCATCCTGGCTCATGAATAGGTCCTTGAAGGGTTAGCAGATGGATTGGGAAAGTTTTTATTTCGAGTTTTATTATAAGTCGTTCCCCAGGTATTGGTCCATGACCAGTAGTTTGATTTCAGTCATTTCTTCAATGGTGTACTTGATGCCTTCGCGACCCATTCCCGAATCTTTGACACCTCCATAGGGCATGTTGTCGACACGAAATGTGGGAACATCATTTAGCACAACCCCTCCGACTTCGAGTTCGTTAAAAGCATTGAAAGCCTTGTCCAGTTGGTTAGTGAAGACACCTGCCTGCAGACCAAACGCCGAATCATTGACTGAACGCAATGCGTCTTGAAAATCCCCATACGGTTCAAGAATCATCAGGGGGCCAAAAGCTTCCTGGCAGACAGCCTGGTATTTTGGATTGACCTGAGTCAATACAGCAGGCTCTACAAAAGTACCATCGCGTTTTCCGCCAGTGAGAAGCTTGGCACCGCCACTGACCGCTTCGTCAATCCATTGTTCAATTCGTTTCGCATTTTCGAGATCAATGAGAGGGCCGATGGTGGTCGTGTCCAGCAAAGTATCCCCTCGTTTCAGAGTTGAAACTTCATTCAGAAGTTTATCTTTAAAAGAATCAATAATTGATTCATGTACAAAGGTGCGTTGGACGGAAATGCAAACCTGACCAGAATAGGCAAAGGCTCCGAAGCATACGCGTTTGGCTGT
CP048685.1_gap70	2880173	2881694	1521	CCCAACCCCGTGCCTCGTTTTTTGGTTGTGAAATGCGGTAAGAACAACTTTTCCCTGTTTTGAGGCTGGATTCCCTTGCCATCGTCGGAAAATTCTATTCGGACTCGCCCGGTATCGGAATGAAGCCAGGTGTTGATGATGATATTACCTTCTGCAGACAGGGCATCAAGAGCATTATCAAACAGGTTGATGAATACCCGACGAATCTGATCCGGGTCCAGGAACAGGTTCTGCAGATTAGGATCAAAACGAGTGGTGATGCGTATATTTTTTTCATGTCCTTCGTATAGTCGAATCACATCTTTGATCAATGGGTGTATCGGGGTCGCCCTGGGGCTTGGTGTCGGCATGCGGGAAAATCTCAGGAATTCATTGAGGAGTTGTTTCATCCCTTCCACTTCCTGGGTGATGATGTCAATACTTTCATCAAAGACCTTGGAGAACGTAACCTTGTCCTCATAGTATTTCTTTTTTAGTCGTTGTGTGTTTAGTTGAATCGGGGTTAGCGGGTTTTTGATTTCATGTGCAATTCCCTGTGCCACTTCCTGCCAGGCAGCTACCTTTTGCGCTTTGATCAGTTGTGTCAGGTCCTCGAACACGATCAACAACCCAAGATATTTTTTGGAGTGGTCGAGCATAAAATTCAGATTCACAAGCAGATTCAACGGGGCGTCTCCCAAGGTTATTTCAACCTGCTCCTGCATAAGCCTGCTATTTTCCCGACTCATCTTTCTGATCATTTGTCGGATAGGGTCGTGAAAGGAGGGTGGAAATGCATCCTTGTAAGTGGAGCCCATGGGATTGTTTTTGGAATACCCCAGAATTCTTTTCGCAGCATTGTTGAATGTAGTGACAAGCCCTTTCTTGTCGATAGAAATTACTCCGGCACCCACGTTTTCAAGTACCGTTTCAATATAGTTTCGCCGACGCTCCAGCTCAAAATTTGTTGATTTTAAATCTTCATTAGCTTGCTCAATCCGCTTTCTGTTTTCCTGCAGCTCACCGGTCATTTGATTGAATGAAGTCACGAGTATTCCGATTTCATCCGTGGTGTCGAGTCGAATACGGACGTTAAGGTCACCACTCGCAACGCGCCGCGTACCTTCAGCCAACTGTTGAATGGGGATGGTGATTCCACGTGCGAGATAAATTCCAAGCCAGATGGCTGAAAATAAAATCAACAGGGTGATCAGGAGGAATGTGAAATAATAATTGGCACTGACAGGGAGTTTAAGCAAGCTTTGCTTTTTATATTGCTCAAACATGTTTTGTATATTGCCGATTTTCATCAAAGACGATTTCGGGATTTCAGAGAGGGTCACAATATAGCCCCAGACTGTGGACCCATCTTCTACTTTCTGCGTAAGAGGAACCAGGACTGAAAGATAGTTTTCTCCCCTGTAAGAACGAACTTCAGAGATTCTTTCATCTCCTGTGCTGGCCCGGATCAAACTCAGAAAATCTTCGGGTTCAGAATTTAATTTAGAATCAGGATGGGTTCTTGCCGCAACCAGTTGCCCG
CP048685.1_gap71	2885678	2889855	4177	GACCGTGGCTTCATCCAGTAACATGAAGTCGTCCAGATGAACTGTGGAAATCCGGTTGATGTGTTGGAGCGTAGTTTTTTGAGTTTCAATCAGGTAGTGGATCAGGCCCCCGGCTGCACAAATGGCAAGGGGCAGATGACTGCATCCGAAGCCATCCAGAGATTGCGTTTTAAAATGTTCGAGCAAACTGCGTTTGGCTTGTGCGGCGTGAAAGGTCCAACTCTCCCGGGGACGCCAGTTTTCGCACAAGGTTGATAAAGTGCTCATTCCATTTCCGTTTGACGGCAGAAGTGATTCCGGGCAAATAATTTCCCTGGGCTCCATTCGAGCCAGTTCATCCTGCAGGAGATGAAGTGCATCCTTTCCCTCAATTTGTGTGACCTGGAAATGTCCGGTAGAGATATCCACCGAGGCCAGACCGGTGCCCTTTTCATCCTGATAAATTGAAACAAGGTAGTGATTGTTCTTTGGGTCGAGCAGGTGATCTTCAAGGACGGTTCCCGGTGTAATCACGCGTACGACTTCGCGTTTAACAATTCCCTTGGTCTGTTTCGGGTCTTCTACCTGTTCACAGATAGCAATGCTCTGTCCCTTTTTAATGAGCTTGGCAATATAAAGTGCAGATGAATGGTGGGGGATGCCACACATGGGGATCGGCTGCTCTTTATTTTTATTGCGGCTGGTCAGAGCGATTTCAAGAATAGATGCTGCTTTTTTTGCGTCCTCAAAAAACATTTCATAAAAATCACCCATCCTGAAGAACAGAATCGAATCGGGATGTTCTCCTTTGATGCTCATGTACTGTTGCATCATAGGTGTATCTTCAACAGACGAAGACGTCTTGTTTTTGACCTTGCTCATCAGCTTGACTAGAGGGAGAGGTTTTGAAAGTGGGGTTGTAAACGGGAATAGGTGGCTTCGAGATGCTCAGGGTGAACTTTAGTTTCGCTCAACACGGGCATGAAGTTAGTATCGCCTGCCCAACGGGGAACGATATGGGCATGGATGTGTTCATCAAACCCTGCCCCCGCGCTTTTTCCAATGTTGTATCCGACATTGAAACCATCGGGGTTGTAAGCTTCCCGAAGTATTTCTACAGTTTTCTGAATCAGCTTTCCGGACTCTTCGAGTTCTTCCGGGTTGACCTTGGTGAGGCAGGAAAGATGTCGGTAAGGGGTGACCATCAGGTGACCGTTTGAATACGGGAATGTGTTGATTATGATAAAACAAGTTGTACCGCGATAGAGAATCTTGTTCTTGTGATCGTCGTTCTGGGGAGGGAGCGTGCAAAAAATGCATTCACCGGATTTGATACTTTGAATGTATTCCATTCTCCATGGAGCCCAGAGGGATTCCATTTCTCAGTTCTTTCCGGGGCAATGCCCCATTCAGAAATTGCTGGTTCCGGAGGGTAGCACTCCGGGAAACAATTCCAGGAATAAAGTTTTGGTTTTCTTTTTCATAAAAGCCGCATCCTTACGTGACTGTTCATGGTCGTACCCTAAAAGATGTAAAACGCCATGAATGATGAGCAACATCAACTCCTGATCGAGAGTCAGGTGATGTTCTTCAGCCTGCTTTTTTGCGGTCTCAGCCGAGAGCACTACGTCACCTAATAGCCGGTACCCGTTTTCGTCTATTGCATCCTCTTCCTGAGGAAAAGAAAGGACATCGGTTGGTTTGTCCTGCTCCCGGTAATTGTAGTTCAGTTCCCTGATTTTAACATCGTTTGTGATCAGTACACTGAGTTCTATTTTTTCAAGTTTTAATGCCTTTAGCACCTTAATTGTTCTGGACTTTACCTGAGCCTTATCCAGCGCTATTTTCCTCTGAGCGTTTCTGACCAGTACTTCCATTTATTCCGGGCGTTTCTCAACCGGCGCAAAACCGGCACCTCTTTGTCCGGAATTGGAACCACTGTCTTTTCGATCGTAGGCCCGAACGATTTTCTTAACCAGTTCGTGCCGGACAACATCCCTTTCTGTGAACTTGATGACCTTGATCCCTTCGATCCCTTTCAGGATTTCATGGGCTTCTATCAGGCCTGACAGGGTACCTCTGGGAAGATCCACCTGGGTGATGTCTCCGGTCACTACCATTTTAGAGCGGAAGCCGAGCCGGGTGAGGAACATTTTCATTTGTTCCGGAGTTGTGTTTTGCCCTTCGTCAAGAATGATAAATGAATCGTTCAACGTACGGCCCCGCATATAGGCAAGAGGGGCGATCTCGATATAACCTTCCCGGATCATTTGCTGAACCTGATTGAACTCTACCATGTCATAAAGAGCGTCGTACAATGGCATGAGGTAAGGATTAATTTTTTCTGATATGTCTCCGGGAAGAAATCCCAGTTTTTCACCAGCTTCTACCGCTGGGCGCGCCAGAATAATGCGCTGAAACTGACGTTTTAGGAAACCTTCCACAGCGAGAGCCACAGCGAGATAAGTTTTGCCTGTTCCAGCCGGCCCAACTACCAGTGCGATATCATTTTCACGGATAGCGTGAATTAACTCGCGCTGCCCTGGAGTTTTAGGTGTGATGTAACCAATCTTTGGGGAAACCGAGATGCGTTCGTTGAACAGGCCAACCAAATCTACATCCGGATCATCAGCCATAAGCCGGATAGCGAATTTGATATCGCCATTGACCAGCTGTACCCCCTTTCCCATCAAAGTGTGCAGTTGGACAAGGAGACGGTCGACTGTTTCAACTGCTTTTTCAGGACCGTTGATCCGGATCTGGTTTTCACGTGTTGTGATACGGACGTCAAATTTTTTTTCGATGGCCTTCAGGTTTGTGTCCTGGGTCCCGAAAATTTCGGGAATGAACTCATTGGATTCCAGGACCCGTTCCCGGGTGGTGGAAGAGGGTGGTGAGGTTTGGTTTTTAGCAGTCATTTACTGCTATTATAGCGGGCGCGGCTTTCACTTGTCAAAGCGGGGAATCTTCTAATTTATTTTAAATAAAAGGTTTGAGCGGGCTACCAGGAGGGACCTGTGGTGCCTCGGATTAGAGAAAGGAATTCCCCCCGGGTTCGAGGATCCTCTTTAAAAAGGCCCAGCATTGAACTTGTGGTGGTGTAGGAATTTTGTTTCTGGACACCGCGCATGGCCATGCAAAGATGATGGGCCTCGATCACAACAGCCACCCCTTGTGGGTCCAGAGTTTCCTGCAGGCAGTTGGCGATCTGGGTGGTGAGATTTTCCTGTACCTGCAAGCGGCGACTGAAAGCATCGACAATCCTGGGGATTTTACTGAGACCAATGATGCGGCCCTTCGGCAGGTAGGCTACCTGGGCTTTCCCAAAAAAAGGCAACATATGGTGCTCACACAGGCTGTAGAGCTCGATATCCCGGACAATGACCATTTCGTCGGTTTCATGGTTTTCAAACAGGGCATCATTGACGATTTCCTTGATATTGGTCATGTAGCCGCTGGTTAAAAATTTGAGAGACTTTTGAACCCGTTCCGGCGTGTTCTGCAGGCCTTCCCGGGAAGGGTCTTCTCCAAGTTGCAACAGAATATCTCTAATCAAGTCTTTCACAGTGTTCCCCTCGATATATTACAAAGTTGCGTTCGGATTCGAATAATTTGATCTGGTACAGCTTCCCCCCATGTATGTGAGGCTCAAGAATATCCCAGAATTTTACTGCCAGATTTTCTGCTGTCGGGATGACACCGTTGAGAAAAGAGACATCCACATTCAGGTTCTTGTGGTCCACCTTGTCGATGACTTCCTTTTGAACAAGCCCTTTAAGTGACTTTAAATCGAGAACCATCCCAGTATCTTCTGCTACCTCACCACAAACGGTTACTTCGAGAACGTAGTTGTGGCCATGCCCGTTCGGGTTGTTGCAAAGCCCAAATATCTCCTGATTTTTTTCATCAGAAAAAGCAGGGTTGTAGAGTCGATGGCTGGCACAGAAGTCCAGTTTTTTAGTAATAAATACCATGTCAGTTTTTTTGAGTTTGGATTGTTAAACCTGGTGTTCCAGATTATTTAAGGTATTTTCTTTTATTATCTGTTGAGTAAAACCCGGGACCATATAAATGAAAATTTGTACCGGTGATGATTTTCTTAACCTTTCCCCCGCCGCCGTGTTTGCAGGTTTCCGGGTCACACATTTCCAATGGTGGGTCGCTGGGTTTTTGAAGTGCTTCGAATGTTTCCTTACAT
