gap_id	start	end	length	sequence
CP054182.1_gap1	6421	8824	2403	CCGGCTCACGTCTTGAGAGCGGATCCCATAAATGTTTTGATAAAAGAATCCACAGTCCCAATCTGCCTGATGGCTGGCTGACTGAAGCAAATCTTCCTCATACGTATGATGCTTTGCATTACGCACTTGATCTTGACCTCTATAATTGCTTCATCTCCCCTTACCCAAAATCGTTTAAGGGTTCAGTAGCTCTCACGCTCAGGGCTGATTCTGTTATCAGCAGTATCCAGCTGAACGCGGTCAACACGTCCATTCAGATTGATTCGGTAAGGATGGCAGCAACAGGAGTGAATCATGTTAACAACATTGCTACCCTCACTCTGGACAGAACCTACAACCCCGGTGAGCAGCTGCAGGTGAAAATCTTCTACCAGCATAAAAATGTGTCTGATAATGCTTTTTATGTGAGTAACGGTTTTGTATTTACCGACTGTGAGCCGGAAGGCGCCCGCAAGTGGTTCCCCTGCTGGGACAAACCCTCTGACAAAGCAACCATGGAACTCCGCGCTAAAGTACCTGCCACCGTAAAGCTCGGCTCTAACGGACGGCTGGCTGATTCTGTTAAAACAGGCGACTCCATTTATTACCACTGGATAAGCCGCGACCCGGTAGCAACGTATCTTTTCGTCATATCAGCCAAGGTAAACTACGGACTGGATATCGTCAACTGGGTTCACCCAACCGATCCTTCCAAGAACTTCCCGATACGGTTTTATTATAATTCAGGAGAGAACATTACCAACGCGAAAAATCTTGCCGTGCCCATGACAAACTTTTTCACGAGTATATATGGCGATCATCCGTTTGAAAAGAACGGCTTTGCAACGCTGAACAGTCAGTTTAGCTGGGGAGGTATGGAAAACCAGACACTCACCAGTCTCTGCCCCGGCTGCTGGAGTGAATTGCTGCTTGTACATGAATATGCTCATCAGTGGTTCGGCGATATGATAACCTGCGCCACCTGGGCTGATATATTCCTGAACGAAGGATTTGCAACCTACTCAGAGTCACTCTGGCTTGAGCATACAGGCGGGCAGAGTGCATACAAAAGCAATGTGCTCAGCAATGCTTCATCATATATGAACTCAAACCCCGGATGGGCAATATCAAATCCATCATGGGCAATAACAACCCCGGGCACGAACACTTTGTTTAATTATGCAATCACTTATGCAAAAGGTGCTGTTGTTCTTCACCTTCTCCGCTATGTGGTTGGCGATGCTGCGTTCTTCACCGGAATAAGACAATACGCTGACAACGTGCAGGTTAAATATAAGAGCGCCGTTATTGCAGATTTTCAGAATATCATGGAACAGGTAAGCGGACAGGACCTGGACTGGTTCTTTAATCAGTGGGTCTTTCAGCCAAATCATCCGCTGTATGCAAACAAATACTGGATTACCACTGCCGGACAAAATCTGTGGCAGGTAGGGTTTATCGGCAAGCAGACACAAACTAACACGGTATTCTTTAAGATGCCAATAGAGATAAAAGTAACATTCCAGGGAGGTACCGATACCACCATGCGTGTTTTCCATGAAAGCAACGATCAGATGTTTACTTTTTATTTCAACCGTCAGCCGCTTTCGGTTTCATTTGATCCTAATAATCAGATTGTTATTAAAACAGCATCGCTTTCTGTAACCGAACCGATTCCGGTTGAGTTTGTATCATTCACGCACCGTGTTATCGAGAATACCGTTCTGCTTGAATGGAAAACCGCAAGTGAAGTTAATAACCGCGGATTCGCCGTTGAACTTTCCCGTGACGGAAAAAGCTGGAAAGAGATTGGTTTTGTTGAGGGAAAAGGAAGTTATACCGGTATTTCTGAATACAGATATATTCACTATGTTGAAGAATACGGAACAAGATATTACCGTCTGAAGCAGATTAACTATGACGGAACATTTGATTACAGTAATGTAATTGAAACTGCTGCCGGACTTCTCCCTGAAAAAATTACACTTCATCCGGCTTACCCTAATCCGTTTAATCCGGCCACGACAGTAACCTTTGAGCTTCCTGTTGCTATGAATATAACTTTAACGCTCTATGATGCAGCAGGGCAGAAAGTATTTACTGCGGCAGAGGGATTATACACCGAAGGATTCCATTCCGTTCTCATCCGCGGAGATCAGCTCACCAGCGGAACCTACTTTGCCGAACTGATTGCAGCAGAAACAGCCAAAAGGATAAAGCTGCTGCTGATAAAATAGCGATTCAATTATGAATTATAAAGTATGAAGTATGAATTGGTTTAATTCGTATTTCTGAGTTTCGAAGCCCCGGTTTGCAGCCGGGGCTTTTTTTTGTCTATGGATAATTATATCAATTGTACTGCTTCCGGGCTATTCTGAAAGGATATGGCAACTATATCTCAATGCCCTTATTCAATACCGGGAA
CP054182.1_gap2	32587	36394	3807	GAAGACCCGGGTTTGTAAAGTTCACCTGAATGGTATCAGTCCACGCGGGGAAGAAGGGATCACGCCCGTGAGCGAAATATTTTCCTCCTCCGTTTTCAGGACGGTAAAAAGTATGCGGCTCACCATTATATATATCTTCACTCACCTCCAGAAAATATTCCGGATGCTTGGCAATCAGTTCGGAGTCAGCGCTGAAATGATTCGGCACAAAATCCAGGATAAGCCCCATTCCCAGGGAGCGGAGCAGATCGCGGAATGCTTTGAGATCCTGCATGGTTCCGATGATTTTGGAAGGGCGGTATGCATTAATGGCATAGGGAGAACCGATAACATCCTCCTTTGTCCAGTCCTTAAGCGCTTTGGTATAAGAGCGGATAAGCCCCTCCTGAAAACAATGCTTCGGCACAACCGACTCACAGGTTTCCCAGACCCCCATCAGCCATATATATCTGAATCCTTTATTCCGGATAGCCTCCCAGTAAGAAGCAGGTATATCAAGCAGCCATTCATGATTTCCCCCTCTGAGGAGCAGCCTGATATTGATCTCATAGATTAAAGGATTCTTCATTGCGGAGCCCTTCAGATTTTTGACAGCAGATATTCCAGTGCGTTATGGATGCCGTTGGTACAGTGAATGCGCATTACTTTCCGGTGCTTGTTTCTGAGCGCCTGCAGATCACCCTGCGCCTGTGCCGTTACCAGCACGCCGAAGGTATATCCCTGTCCGGGGACTTCAACATCATGGTCAATCGCACCGGTAATCTGAAGGAAGAGCCCGTTATTCTTTCCTCCTTTATGAAGCTGCCCGGTTGAGTGAAGGAAGCGCGGTCCGTAGCCGGATGTGGTTGTGCAGTGATATTTATCTTTAATCTTTGTGCGGATCTGCGCCAGGAGTTTATCCGTCTTTTCATCATAAGGAATAAACCCGAGCAGTGAAACAAACTTTCCTTCAAGCTGAGAAGTAAAGAAATCAGCAAGAGCTTTCTGCAGCACCGTCTTTTTTGTATCACAGTAAATCTCAATGCCTTCTTCAGTAAATGCCGGTTTTTCTTCCGGAAAAGATCCGCTTGCTTTATATGCCGCCAGACTTTCATTCGCAAGTGTTTTTGCAAGCTGCACATTCGGCTGGTCAAAGGGATTAATCTGCAACACGGCGCCCGCCACCGCGGTTGCCATTTCCCACCGGTAGAACTCCTGCGCAAGGGTATATATATCACCCAGCTCAATGGTGATGATGTTATGCTTTTTTTCAAGCAGTGATTTTTTTACCGCGTCCAGCTGCTCATTGTCATCATTTTCCAGACGGAGGAAAACAAATACCCGGTCTTTGCCGTAAGACTCATCTGAGGTGAAGGGCTCGTCAGCAACCGGAAGAATACCAACTCCCTCCTTACCGGTGCTCTCGGCAACAAGCTGCTCAATCCACTGCGGAAATGATGCCAGCGAGGGAGAAGCAAAAAAGGTGAGTTTATCGGCTCCCTGTTTGGCGGCCTCACCGATGACAATTCCGGGCATTACTCCGGGATTTTCATGCGGATTTTCTTCCTGGCATGCTTTTTCCATCTGTCCGGCAAATTTAAGGAACCGCTCAACATCCATCCCGGTAAGCCCGGCTGGTACCATGCCGAACTCCGTTAATGCTGAGTATCTTCCCCCTACTTCCGGAGGAGTGCTAAAAATTTTTCTGAATCCTTTTTCTTTTGCAAGCTGCTCTAACCCTGAGCCCGGGTCGGTAAGGGCAATAAACTGCAGACCCGGCAGCGGATTCTGATTTGAGACATTCTCAAAAAATGTGTGGTAAAATGACATGGTTTCAGCCGTTCCGCCTGACTTGCTGGCCACCACAAAGAGCACTTTCTCGAGCTCGTGTTTATCCAAAATTTCCTGAATCACCGCCGGGTGGGTACTGTCAACTATGGAAAGTGTGGGGTACTTTTTCTTTGAACCGAAGGTTTTGGCGAATACTTCCGGTGCCAGACTGCTGCCCCCCATTCCGAGGAGGAGCACATGTTCAAATTCCTGGGCCACTTCATCCGCAAAAAAACTGATATCCGCGGCTTTGCTTAAATTTTCTGACGGGAGATGAAGCCACCCGAGCCTGTTACTCAGTTCAACATCATCTTCTTTGCTGCTTTTCCAGACACTAAAATCTTTTCCCCAGATTCTTTTTACCACGCTGTTTTTCGAAAATTCATCTGCTGTCTTCTGAACTGCCTGCTGAATCGTATCGTTCAGGACATAGGAAATCTTATTCATTTCTTCCTCAAAGTAGAAAAACTGTTATTTACACAAAAGTAAACTATGGAAAAATGGCGTCATTTTCTAAAAAGATACTTTTTATCGCACACCGGTTTTTTTGTGATTTTTCAGAGATTTGTTGTACATTCTGACAGGGATGTATGAACCGCATTCCGGAACCCGGCAGCGGCACTTTCCTGTTTCTGCCCTGCCTCGAATCATCCTTTCGCGGAGATGATGCAATCACCAGACAGAATATATACAACCACGGCCTTCATGGGAGTGTGTGGTCTGATCGTGCCGCGGGGTATTCATGTGATTGAAATCTGCACATTTTCGTATTTTAATTTTTTCTGCGTTGATCTGCGCGATCTGCCGCGGCAGACTGGGGGAAACTTTTCGCGAGGTTTACCCTTTACTTCCCTTGAGACACCGCGAATGCAGAAGACTCATAAAATTAAATCATCCGGTTAGCAGTTGCGACCTCTCTACCAGGGATTACCGGAATCTATTGAGTTCAGATTATTAGCGGCAATATGCTCCTTTATTGGGGCTGCAATATATTGGTAAAAATATTTCCAGGCGTGTTGTGTTGCATACCAGGTACCCCACTCATGGTTAAGCTCATCGCGGATTATATTCCCTCCTTCTGCAATTATTACCGGGTGAGTATTATTATAAATGGTTATGACTGTGTCAGGCAAATAAAGAGGAACGACGTTTGATGCGGGAATGTTTCGGGCGTTGATGTAATAATCCTTAACTGAATCTGAGAGTGCAGAGTACATATTATATACAACCAAAACATTCTCCGGGCCTGGAACACTCGCATAAGTCTGTGCCTTTGTTAAATAATAGCAGCTATGTATAAGCATAAGCGAAATAAGAAGTTTTTTCATCGTAGCCTCTATCTATTTTATTATTGTTAGTTTTTTTATCGAAGTAAAGCTGCTGTTGGTAATAATCTTATAAAAATATATACCCGAACTAAGACCTTCTGAATTTAATTGAATCGAATAATATCCCGATTCCAATTCTTCGTTTAGTATCTCATTTATTTCTGTTCCTGTTATATCATACAATATTAACTTTACGAGTGTTTTCTCTTGTAATGTAAAATTGATGTTTGTCATGGAATTAAATGGGTTAGGAAAATTTTGTTTGAGATCAAATCTGAATTTGCCATTGTACTCTGTTTCAATCTCATCGCTATATTGATATTGACCATTAAAATCAAACTGTTTAAGGCGATATTTATATTTACCAACCTGAGATAATTCATCCATGAAACGGTAATGATTTTCTGATAGAGAAGTTCCTGCTCCTCCAATAAAGCCCAAATCAATCCAATTCTTATCTGCTTTCCTCCTTCTCTGGACAAGAAACCCTCTGTTGTTTGACTCACTTGCAGTTACCCAACTCAGCAAAACAAAATTCTCTTTGATCCTTCCTGTAAAATCAGTCAGCTCAACAGGCAATGCCTCATCATAATACCTCAAGACCAGTCCCAATTCACCAACCGCATAACCTATGCCTGGACTTTGCAAACTAAGTTTACTTATTTTTATC
CP054182.1_gap3	72950	74817	1867	CAGCCCTGTCTTCTGAAACGGATTTTCTTTTTTTACGGCAAACTGTATCAGCAGCACAATCAGTGCGCCGAAGTATCCGATCTGATTAAGAAAAATGGAATTGGTAAGCGTAAGTAGAAAAAGAACAATAAGAAAGATGAGCGCTTTGCGGAATCCGTCCTGCTTCATGTCTCCTCCTTAAACTGCATTTCATACAGACGGCGGTAAAGTCCTGACGGATTTTCCATCAGTTCATCATGTGTTCCGCTCTGTATGATTTTTCCCTTCTCAATAAGAAAGATTCTGGAAGCATTCCGTATCGTACTCAGCCGGTGCGCAATGACGAAAACGGTTCTGTTTTTCATCAGCCGTTCAATTGCTTCCTGCACAAGCAGTTCCGATTCATTATCTAACGCTGAGGTCGCTTCATCAAAAATCATAATCTCGGGATTTTTCAGCAGTGCCCGCGCGATGGAAATTCTTTGCCTCTGACCTCCTGATAGTTTTACACCCCTCTCTCCGACTATGGTATTGTATCCTTCCGGAAGTTCGGTGATAAACGAATGTGCATTAGCCATCCTTGCAGCATCTTCAATCTGTTCAAAGGGATAATCCTTAAGGCCGTAAGCAATATTATCCCGGATTGATTCATTAAAAAGAATCGTCTCCTGGGTAACAATGCCCATCCTGCCGCGCAGGCTTTTAAGGGAAAGTGTGCGTATATCCCTGCCGTCAATATATATCCCCCCCGAGGTCGGATCATAAAACCGGGGAATTAAATCAACCAGAGTTGACTTGCCCCCTCCGCTCGGGCCCACCAGCGCGATAATCTCTCCTTTTTTCACCGTGAAACTGATACCGCTCAGGATATACTCGCCGTCAGGATCATACTTAAAGCTGAGATCACGCACCTCAATTGACTCATTAAGCCCTGTAAGCTGTGCTGTTCCCTCTTTTTCAGCCGGTTCCGGCTCTGCGTCAATGATTTCAAACACCCTGTCACCGGCAGCTGAAGATTCCTGAATCCTGTTATTAACGCTGCTCAGTTCTTTAATCGGAGGCATTAACTGGAAGATTGCAAAAAGAAAACCGAGGAACTCACTCGCTTTCAGACTCTGATCAACCAGCACCAGACGGCCCCCATAGTATATAATCACCACGCCCACAATCATGCTGAGCACTTCGGTAATCGGCGAAGAAAGATTCCTGGTTCTGGTTATCTTTAGCATCAGACGGAAAAACTTCTGGGCTTCACTCCCGAATTTTTCCTTCTCATATTTTTCCATCGTGAAGGCCTTAACAATCTTCACGCCTGTAATGGTCTCCTGAATCAGAGAAGTAAGGTCAGCTACTTTCTGCTGAATCTTGTTGCTCTGCTTTCTCAGCTTAAGCCCGATCGCGGCAATGATACCCATGGTGAACGGAAGTATGATGAATGCCAGAAGGGTTAACTGCCAGCTGATGCTGAATGCCATTCCAAGAAAAACAATGATGGTAATCGGCTCCCTGATTGCATTCAGAAACGCAGCCGAGACACTTGCCTGCACCACATTGGTATCGTTAATGATACGGGAAATGAGATTCCCTGTTTTTTCATTTTTAAAATAACTGAGCGGCAGGTTATGCAGTTTGTTATACGCATCATTCCTCAGGTCGCGCATAATCCCCTGCTCAACGTAATTAAGGAAAAACGCCTGCATATATCCGAAAATATTCTTAAGAAGGTAAGCGGACAGAACAAGAGAACATATACGCACCAGAGCATCAATCTTTGTTCCGGCAAAGACAAAATCATTAAACATCGCCACCACTGAATCCTTAAGGGCAATCACCCATTCAGGCAAAAACAGAAATGAATTTGATTTTGCCGGAGCGGCCTGCCGTGCAG
CP054182.1_gap4	247728	249372	1644	AGGGTTCCGTCTTCATCCTGATGAAACTTCCTGATCCAGTCTGAAGCAAGCCGGTAAGGAAACGGCTTAATCTCTCCGGATGGGGTATGCCGGGTAACTCCCTTCTCTCTGCGGCTCACCCACAGGATACCCTGCCTGTCAAAAAAGGGAGAAATGGAAAGCTCTCCTCCGCCGCTGAAGTCGTATATAGTAGAAACAAACCGGCTGCCGTTAAACTTCAGGCATATTTTATCCGTGGCAAGATGAATTACCCCCTGCCGGTCCTTAAAGAGAGAATATTTATCGGGCACGCCGTGGCTGCTGTCATAACTGCTAAACTTCCCATCCTTATAGCGGATTATCCCCGGTTCAAAGGTCTGAATCCACACTCCCCCCTGGCCATCTCTGACAAAGGAAAGGACTGTCTGCTCAGAACCGGAACCGGGAAGATTAAAGCGGGTAAACTGATTATTCTGATAATGAAATATACCCCCCCGCTCAAATCCGATCCACAGGACACCGTCGAACTCAGCCATGGTCAGCACACGATCGGTTTCAAGCCCGGGAATATTTGAGGTATTAAAAAGAGTGAAGCGATTGCCGTCAAACCGGACAATGCCGCCAAAGGTGCCCACCCAGATATAGCCGTCACGGGTTTGAAGAATCGCTTTAACCGTATTCTGGGGAATACCGCTCTCAATATCCCAATGGCGCACCGTAAAAGCGGGCTTATCTTCCTTAGCGGAAATAATCTCCTGCCCTGCCGGCATCAGCTGCAGGGTAAACCAGAGAACGGACAAAAGCAGAAAAAAGGGCATTGGCGAAGAAATTGTTCTGTTTTAAGGCATGAATATAACTAACTGCGGAAAATACTTCTACAATAAAGAGATTTCCGTTTGCCGGAGCAGATGACAACAATCAGTGATGCCAGCCAAAAAGACAAAAATCTTTTTCCATACTCCTAGCCTCATGGGCACGCCGCGGTGTGTCGGTACGATTGGTAAGGATTACTATTTTCTATTATTAAGAAGGATTGCTTTCAGAATTATTCGGGCTATATAGGAACACGGCTCTGTAGCGACACGCCGCGGCGTGTCGGTACGATTGGTAAGGATTACTATTTTCTGTTTTTACGAAGGATTGCTTTTGAAATTACGCGGACTCTTTAGGAACACAGCTCTGTTGCGACACGCTGCGGCGTGTCGGTACGATTGGCTGGGATTTCGATTTTCTGTTTTTGCGAAGGATTGGATCTGGAGTTATGCGTGGATTGTTCAGCAATATAGTTCTGTAGCGACACGGTACAGCGTGCCGCTACAAAAGCTTTAAGAGGTCAGTCACCTCAACAGAATCATTTTCTTTGTTGCGGAGTATTCCGCTTTTCCCTCACTTGCCTGGGCGCGCATGCTGATGAAATAAATTCCGCTCGCCAGTCCGCTGGCTTCAAAAGAACGCGTATAATAACCCGCCTCCTGTTTTTCATCTGCAAGTAAAGCAACCACCCCACCAAGAGCGTTATATACTTCGATTTTTACTGATGCTGCTTCGGGGAGCTGGTAGCTGATTTTCGTGGCGGGATTAAACGGATTCGGATAATTCTGCTCCAATGCATATTCGGCCGGCACTGACTGCCCGTCTGCTATATCCGTTGAGACCAGCACAAAA
CP054182.1_gap5	268644	271780	3136	CCACGGCAAGAATCCGCAGATCTTCCTTGATAAAGCCCATGATTTTTTCCGCTTTGTGGTGCGTGTGATATATCCGCTTGGTAAAGACCAGTTCCTTCTCGTAATTAATCTGCTTTTTCAGATTCCGTTCATTTTCATCAAAAAGCATCTTCTGGGTTTCATCCCGTTCCTTCACGGTATAGGAGGAGATAAAATACATCGCGAGCAGACCCAGGGTAATCAGCGAGAGGTAAATCACCGATGTTTCATCATAATTGCTGATAACCTCATTGCTGATACTGCTGAAATCAGGCGAAATCAGCATATATATTGCTCCCAGATACTCCCCCTTTATCACAAAAGGCACAAAAATATGGAAGTTTTGCCTGTCTTCAATCACCGTCTGTATGCGTTCGGTGGACTTCAGCCCCTTTTCCAGAGAAGCATACTGCCCAAGAATCTCCGGAGCATAAGCATCCGAACGGAGCGGCACATCTTTCCTGCTGAGAACCCCGTAGAGTGTCTTCCCCTCATTGATGCATAGCACCGAGTCCTTATACTCAATCAGCAGATAAAGCTTCTCTATATTATGGGTAAGCTGCTGCTGGCTGAATATGATGTCGAATGACTGTATCACCCTCCTCTCATCTTCCCCGTTCTCCGATGTGCGGGGATTGATGGACTCAATGGCAAGTTCGATTGCGGTCGCGGTAAGGTTGGCTATCTCTTCCGCTGATTCTTTCTGGTACCACTCCTGCGTGGTATTCAGAAAGCTTTTGATGGAGGATTTATTAATAAAGGATACAAGAAGCTGAAAACTGAAAAGCACAATAAACAGCACCGTTACGTGCCTGAACTCAAAATGATACTGTTTTAATTTTTCTAATACACTTTTTTTCATTTCGGCCGTCAGTTCTGCTCTATCTGCCTGAGTATGGTTCCGGTAACCGTTGCCGCGTCGGTGTTTTTTTCGATGGCTTTGCTGATATTTGACGAGAGAATATCCGATATGCCGGTATATTCTTCAAACATCGGACGGTATTTTCCCTTCTCAAAAAGTTTTTTGTAAAACTGAAGTTCAGGATACTTTCCGGTGAATTCTTTATCTGCATAAGGTGATTTCACCGCGGGGAGCAGATATCCCTCTTCAAACAGCAGCTTCTGATGTTCTTCTTTCAGTATATATGTTATAAACTTAACCACTTCCGGAACATTGTTTGAGAAACGGGAGATCATAAGATTCCATCCGCCGAAAACCGAAACCGGTTTCGTTCCGGCAATGTGCGGCACGGGAGCCGGGAGTATTTTTCCGCGCAATTCTTCTCTGAATGCAAGATTCGTTTTGCTCATAAAGCCCGGCCATCCTCTCACGGCAAAACCATCGTTCTCAAAAAACTTTTGATAACTTTCATTTTCTTTAAGCCGCGTAACCTCCGCGGGGGATATGCCAGAGCCGTACACCAGCTGCTGTAAAAAGCTGATTGAGCTTTCAACCAGTCCGGCATCACGGAAAATCTTGTCGTCAGTTTTCATGCCGTTAGGGACTTTTGCGGCAGCCACTTCAAAAAATGAACAGATCAGTCCTTCGTAAGCATCCGCCTGAAAGTAATAAAATGGTTTACCATTCCTTCCCGGAAGTTTTTGTACGTTTCTTTTCAGTTCCGCGAAACGATCCCAGGTGATTGATTCCGCCAGTTCAGCTCTGAATTTTTCCTGCTGCGGAATCTGCCTGAGCAGATCATTCCGGTAAAACATAACGGCTATATCCGCATAGAGAGGTAGAGCAACAAGGGAGTCCTGATAACGGCAGGTTTCAAGGGTAAAAGGCAGAAGGGTGTTAATTACGGAAGTATCTATCAACCTGTCCAGCGGCAGAGCCCACCGCGAAAATCTCGGCACCCAGATGATATCAACGCTGAAGAGGTCTATCCTGCTGCTCTTGCTCCGCAGATATCTGGCAAGCAGTTCCTTCCGTTCGTTGGTGCTGAACTTTTCGAACGGAAGATTAATAGTTTCAACCCGGATTCTTCCTTTATACTCATTATTAAACCGGTTGATAATTTTCTGATGAGCAGGTGATATATTATCAGCATAGTATATCACTTTCTCCCGGTTTATCTGCTGATCATCGTACGAGACCGGAGAAAAGATGAAGACAATCAGCACAAAAAGAGTTACGAGCACCGTGCTGGCAACGATGTAAAAAATCTTTTCGAGATTCATTTCCATTTTTTGCAATAGTTACGGCAAATATAGAGTGTATTTCTCCGCCGGAAAAGAGTTTTTCTTTTCACATCCGGTTTCAGGCGTCTCTTTCCGCCTAACCCTGACCCGCTCCCGCCTCCGGACTGATCATGATAACACCGCGTCTTCATTTCCGGAGCCTTCATATTTTCTTCTTTTTCTTTACGCGGATATCGGTAAATTTGGAGCCGGTTATCATTTTAATAACCGGAATTTATCAATTTGATAAATAAATGCCTGCTAAACCGTACATAATACCGCTTATTCCCCTTATTAGCGGCTGGTAAATTTCAGGTACAATTATTGCCGTGTGAAAGTATTTATCATAAAACTTATATTTAACCGGAGTTACTTAAATGGCTGGTATCATTACCGACTCAAAACCAATCTCCCAAAGTAACGGGAATAATAAGAACTATCTGCCCGAATTGTCAGTCCTTACCTCACTCTTCTTTATGTGGGGATTCCTGACCAGTCTTAACGATATTCTTATCCCCCATCTTCAGAACGTCTTTTCGCTGAGCTACTTTGAATCCATGCTCGTGCAGTTTACCTTTTTTCTCGCTTACTTCCTCATCTCCCTCCCGTCAGGATGGATTGTTGAAAAGGTAGGATATAAAAGAGGCATTATCATCGGTCTGGTAACAGCCGGTATAGGAACACTTATTTTTTATCCTGCAGCCGGCATGAGATCGTACCCGGTTTTCCTTACTGCATTTTTTATTCTTGCATCGGGTATCACCCTTCTTCAGGTTGCGGCAAATCCCTATGTAACAATTCTTGGCAAGCAGGAAACAGCTTCCTCACGGCTGAACCTTACACAGGCATTTAACTCGCTCGGCACCACCATTGCTCCTTACTTTGGTTCCTTGCTTATCCTCTCAACCGCGGTTAAGACAGCAGATGAAATGGC
CP054182.1_gap6	273375	274704	1329	CAGGCAAAGAGGTTATCCAGGATTATCTTGATTACAGAGACAAATACAATGTGCCTCTATACCTCGGTGAGTCAGGCGAGAACACAAATGAATGGATAACTGAATTCAGAAAAACGCTCGAATCAGAGTCGGTAAGCTGGTGTTTCTGGCCTTATAAAAAACTTGAAAGCGAGCGGGGAGTAGTAACCATAAAGGTGCCGGGTAATTACGATCAGATCAAAAAGTTCGCTGATGGTTTTGATGTGTCTTTTGCTTATATACGGGATAACAAGCCAGCGCAGGAAATCATTAACCGAGTGCTTGATGAGTATCTTGAAAATCTTGCTGTGAAAAATCTGATAATCAATCATGAATACCTGAAAGCTCTGGGGCTTGCTATTGATAATAAAAATTAGTTCTATGCTCCCTTCCGTCATCCGCATTATTTTTCTCCTGTTTTTGATTATTTCATGTAATGCCGCCGCGCAAAAAGCTCCGCTTACAATTGCAGAAATCGGAAAACTGAAAATTACCGATTCTGAGTTCCGCATCCGCTATGAGCTTTCCCCTTTTATCAGTCAGAAATCAGGCACCAACGCTGAGCAGAGAAAATCCGACTTCCTTTTTTCACTGATAACGGAAAAGCTCTGGTATCTTGAAGCGCTCAGCAGCGGCATAAGCGAATCTCAGTTATTCCGTTTTTATTATCAGCCGGTAGAAGATATACACCTGCGTGACGCACTTTTCAAAAAAGAAATTTCAGACAAGGTAAAACTCAGCGCGGATGATGTTACCAAGGCCCTGATGTTTGCCGGAACAGAAGTGAAAACCGACGTTATTTCCGGGAACGACTCCGCGGCAATATTCTACCTTTATCATGAGCTTTCCGGCACAACACCCGAAAAGCATGACTCCGTTCTCGTAACCTTCAGCAGCAGCGGATTGTCCCTCAATCAGTTCACCGTAGTTTTAGGATCAATGAAGGATGCCGAGGTTGAGGAATATATTTTTACTCTGAAGCAGGGAGAATGTTCTTACCCTGTCAAAAGCGAACTTGGGTGGACAATGTTTCTGGTACGGGAAAAGTCTTCTAAGCCGGTTGACATAAGCAATCAGTCTGAAGTGAACAGGATCAAGGAAATCATCCGGAACAGGAAAACCCTGCTGAAAACCGGTGAGTATTTCAGCAAACTGCTCTCGGATGTGCGGATTGATATTAATGAACAGAACTTCCGGTATATAGCGGAAGCAATGTATAATAAAATTAAAATTCGTTATCCTGAGGGGATTGATACTGCAGAAGGAAAAATCATCCTCAGCGATTCTGATTTCCGGGAACTGCTTTCTGAG
CP054182.1_gap7	283859	287032	3173	ATTTATCCACTCCTTTAAGGGATACCCGGATACGTATTGTGATGGATTTATTCCCAGAACCTTTAGAATATCAACTGCCACATCCTGGGGACTGTTTTCCAGAGAAAACCGGCCAATAAATGGCAGCGGCTCTTTCTTTTCATTTAAAAACGATTCCCGGACCCAGGCCTGCTTCTGCTGGATTTCACGGATAATAAAAATTACTGAAGTAGACAGATCCTTTGACCCCGGTTTTCTAAAGTCTTCAAGCGGTTTGAAGTCAGTTGGTGCTTCCGGGAGAAAAAATAATGCGAATGGTCTTCTGTAAACTTTTGCGAGTTTTTGTGCCTGCTTAATGGTTGGTTGTCCTAAACCCAATTCCCATTCTCTGATTCTATCAGCACTGACTGAGATTTTTTCTGCAGCAGTCTGCTCGTTCATTTTAGCTGTCTTTCGTGCCCAGCGTAAAACCTCTGGAGTTACAAATGCTTTTTCTGCCATACTATATTTTATTAAATGAGATTTGTCCAGCCGGAAAAGTGTCTTCTCAGCATCAAAAGCTGAAATTTACAGATCATAAAACCACACCACTTTAACTGACTATGCTAAAATACGAGTTTTCTTTAGTCACATCAATAACTGTTTTAATGTTACCCGGATTTTTCCACCATTTATTATAAAAAAAGCCGCGGCGTTTTTAACCGCCGCGGCTTTTATAATTCAGATCTTTACGTTTTTATCTTTTCAGATCAAAGCGGTCAAGATTCATTACTTTGTTCCATGCTGTGGCAAAGTCCTTCACGAACTTTTCTTTACTGTCTGAACTGGCATAGAACTCAGCAAGCGCGCGGAGCTCCGAGTTTGAACCGAACACCAGATCGGTGCGCGATGCTTTCCACATCGGCTTCCCGGTCTTGCGGTCGCGTCCTTCAAACTCTTCCTTTGCTTCATCGGTTGCTGCCCAGGCGGTATTCATATCAAGCAGATTTACAAAGAAATCATTGCTCAGAACACCGGGACGGCTGGTGAAAACACCCTTATCCGAGTTATCAAAAGTTGCTTTAAGCGCGCGCAATCCGCCGACCAGCACTGTCATTTCAGGCGCGGTGAGCTGAAGAAGCTGTGCGCGGTCAACCAGCATATGCTCGGATGGAACTACCGCAGGTGCTTTCAGATAATTGCGGAAACCATCTGCGTATGGCTCAAGATTACCAAATGACGCTGCATCAGTCTGATCCTGCGAAGCATCGGTTCTGCCCGGAGTAAACGGAACGGATATATCATATCCGCCATCTTTCGCGGCTTTCTCAACTGCAGCACATCCGGCAAGAACAATCAGATCAGCAAGAGAAATCTTTTTTCCGTCTTTTGCTGACGCGTTAAACTCTGCCTGAATCTTCTCTAAAGCAGCAAGCACCTTCGAAAGCTGAGCCGGATTATTCACTGCCCAGTTCTTCTGCGGCTCAAGACGGATGCGTGCACCATTAGCGCCGCCCCGTTTGTCTGATCCGCGGAATGTTGATGCTGATGCCCATGCAGTGGTAACCAGTTCGGAAACAGTCAGTCCTGATGCAAGCACCTTTGCTTTGAGTGATGATATATCAGCAGCATCCACAAGTTTATGATCTACTGCCGGTACAGGATCCTGCCAGATTAAATCTTCTGCCGGAACTTCCGGACCAAAGTAACAGGACTTTGGACCCATATCACGGTGAGTAAGCTTAAACCATGCGCGTGCATAAGCATCAGCAAACTCATCCGGATTCTCATAGAAGCGGCGTGAAATCTTCTCGTATATAGGATCAAAACGCAATGAAAGATCGGTAGTGAGCATCATCGGCTTATGTTTTTTTGAAGCATCATGCGCATCCGGTATGGTTGCTTCTGCGTTCTTTGCAACCCACTGCTTTGCGCCTGCGGGACTTGTGGTGAGCTCCCACTCATATTCAAACAGATGCTTAAAGAAATCATGACTCCACTTAGCCGGTGTGCGCGTCCATGCAAGTTCAAGTCCGGATGTGGTGGTGTGGCCTCCTTTGCCGGTACCAAATTTATTCGACCAGCCAAGACCCTGTTCTTCAATATCAGCAGCTTCAGGTTCAGGACCCACTAACGCGGCATCACCCGCGCCGTGTGTTTTACCGAAGGTATGTCCGCCCGCAATAAGCGCGACCGTTTCTTCATCATTCATGGACATCCGCGCGAAAGTATCGCGTATATCATGCGCGGCTGAAACCGGATCGGAGTTTCCGCCCGGACCTTCAGGATTCACATAGATAAGACCCATCTGCACAGCGGCGAGCGGATTTTCAAGATCACGCTTTCCTGTGTAGCGCTTTTCATCACCGAGCCATTTCTGCTCAGCGCCCCAGTATATACTCTCATCCGGCTCCCACATATCCTCACGTCCCGCGCCGAAGCCGAAGGTCTTAAAGCCCATGGATTCCATAGCCACATTACCAGCCAGAATCAGAAGATCAGCCCAGGAAATTTTGTTGCCGTATTTCAGCTTAATGGGGAGCAGCAGACGGCGTGCTTTATCAAGATTGGCATTGTCAGGCCAGCTGTTAAGCGGGGCAAAACGCTGCAGACCGCCCGAAGCGCCGCCGCGTCCGTCACTTGCGCGGTAGGTACCGGCAGCGTGCCAGGTCATGCGGACAAACAGACCTCCGTAATGGCCAAAATCAGCCGGCCACCAGTCCTGTGAGTCAGTCATCAGTTTCACGAGGTCTTTTTTCAGAGCTTCAAAATCAAGCTTCTTAAATTCTTCTATATAATTAAAACCCTTATCCATCGGATTGGAAAGGTTTGAATGCTGTCTGAGGATATTCAGACGGAGCCGGTTAGGCCACCAGTCCTGATTACCTGTGCCCGCGGCACCCATACCGGCATGGTGAACCGGACATTTTCCGCCGCTTTCAGTATTGCTGCTCATAGTTGTTCCTTTAGTTTTTTTTAATGTAACGTTTAAATATAAAGTTTAGCGGGCAAAAAAACGGAGTTGAAATCCGTAAGCCGGGCAGGATGCGGCAAAGATGAAAAACCAGGGGATGAATTCAGAAAAAACTAAAAAATTATCATGCCGTGATAGAAAACTCTCCTGAGGAAACCGGAAATTTGCTCAGGTAAGATGAATAAACTAAAAAGAAACAGTTTTGGAAATTCCATGAAAAGCCCATATTTTATAAGGGTGA
CP054182.1_gap8	290798	292645	1847	CTTCCAGTGTGCTAACTGCATATACAGAAGCACTTAAATTTTTAACGAGCTCTGAATGTCAGATCTTTGATATAACCACTGGTGCTGCACCCGTAGCGTTTGCGGAGGCGTTTAAAGAATAAGATATGTATCTGGCAAAACCAACAGGCATAACTCTTAAAGAGCATACCGCTCATGTAATGGAGGAGGCGGAGTATATTCTCTCCGCCTGCCCATTCTATGAAGAAAAGTATTTTGCTTTCACTGGCGTCCCACTGAGAGAGATGTTGTTTAATGCGGTTAAATATCATGATGCAGGCAAAATGCATGACAAATGGCAGAAGGCCTGTCAGCAAGATTATTTGCTGTTTAAACAATCTGGAGTTGATAAAGCTGTAAACCTGATGAAGGCAAATCTTCGGCATGAGTTTGCATCAATTGACTATTGTAGAATTAAAAATATTTCATTAAGCGATGAAGTTACAGTTGCAATTGCTGCTCACCACCGTAAACTCAGCAGGTATTATCAAAGTAGGCTGGAACGAGAAGGTTGGACTGATATTTTTAATCAAATACTCCGGTTGAATAACCGTGAGTTAAGCAGAAATGATAATATTTTTAATGATATCATCAAGAAAAAATTTCGTTTTTCAGCAGTTCGTGCATTGCTGCAGCTCGCAGATCACCGCGCCAGTGCTAAAGAGGGGGGTATTAATGTTCTGCCGTTAACCAAATTTTCCTACAAATTCCCTCATCCCGAGATGAATCAGGTGCAGAAACTGGCTTTAGAAGGCGCCTCTCAGCTATTGACTCTGCTAAGAGCACCCACAGGTGCAGGAAAAACCGATGCAGCATTTTTATGGGGAAGCAAATTAATTGAGAATAAACTTGCTGACAGAGTGGTGATAGCCCTCCCCACAAGATTCACTGCCAACTCCATGGCAGTGGGCGCAGCGGAAAAACTAAGCAGCACTGGACTTTATCATTCTACCTCTGATATGTTTTTGAATGATAAAAATCTCAGGTCATTATCAAGATTACTAATGACCCCGGTTACTATTACAACTATAGATCATTTGCTGATAGCTCTTACAGGTACTGAGGAAGATCATCATACAATTTTTTACAATCTTGCAAATGCGGCATTAGTTATTGACGAGGCAGATTTTTATGATTCATTTACTCAGGCAAATATTCTAACTCTCTTGCAGGCACTTTCCGTGCTCAAAGTTCCGGTATTGGTAATGAGTGCGACACTGCCCGAGGTATCACAAAAATTTTATCAGGTGGAAGGGAACCAGCTCCCTCAGATTCTTAATGATTCATTTGATGAATCAAGAATTAAGTGCACCATCAGTAAAATTGAAGAGGAAGAAGCAATCACTTATGCACTTAATCAAATAAAGTCCAGTGGTAAAAAAATAATTTTTTTCGCTAATACCATTGACCGGGCTCTTAATTACTATAAAGCAATAGAGGAGCAAGGATTTAATGCCATATTATATCACAGCAGATTCACAGAACCCGACAAGAAAGAAAAAGAGTCACTCCTTTTGAATGCATTTGGACCTGAGAGCAAAGCCGATGCAGTCAGAATTGCAATACTTACCCAAATAGGTGAAATGAGTGTAAATATCAGCAGTGACATAATGTTTTCAGATATCTGTCCGGGTGATAGAATGGTTCAAAGAATTGGCAGACTAAAGAGATTTAGTAAAGAACCAGGTGAACTTTTTTATATTGAACCTAAAGATAAAAATGGTGAGTTTTATCCAGCGCCTTATGGCGAGTTTAACAGAGCCAGCAAAGCATGGATACCAGCATTAGCCCTGCAAAAAACCCTGACACTAATAGAGCAGAGGTCATAT
CP054182.1_gap9	312227	314419	2192	GATATATGACTTTAAGACAAAAAAGCATGAACAGCTGACCAATAACCCCGCGCAGGATATCATTCCGATGTGGGGCAGCAATAATAAAATCTATTTTATCTCCGACCGCGACAGCCGCATGAATCTCTTCTCCTATGATCTGGGAACCAAAGAGACCAAAAAACTGACCAATTATGATGACTTTGACATTAAATACCCCTCTATGGGAGACAAAGCTCTCGTTTTTGAAAAAGGGGGATACATATACAAAATGGATCTGGCCTCAGAAAAGCCGGAAAAAGTAACCATTTATATCAATGAAGATTTCTCCTCAGGCAGGGGCGGATGGATTGATGTAAGCAAGAATGTTTACAACTTTGAAATTTCTCCCGACGGCAAACGCGCGCTCTTTGGAGCGAGAGGCGAGCTGTTCACCGTTCCGGTAAAAAGCGGCCAGACCCGCAACCTGACCAACAGCTCAGGCGTTCATGAAAGAAATTCCAAATGGTCACCTGACGGAAAGTATATTGCATTCATCTCCGATGAAAGCGGCGAAGATGAAATTTACATCATTCCGCAGGATGGCAGGGGCGAAAAGATCCAGCTGACCAAAAATTCGAAGAACTATAAATATCAGATCCTCTGGTCCCCTGACAGCAAAAAAATTATGTGGGGAGACAGAAATCAGAGCATTCATTATGTTGATATTGAATCAAAATCAGTCACCAAAGTTGATGAGTCTCAGTACTGGGAAATCACTTCATATGACTGGTCCCCTGACAGCAGATGGATCACCTATGGCAAACCTGTCAATGGCGATATCAACGGCGTCTATGTATATTCCCTTGATTCAAAGAAGAGCACGCTGGTTACGGATACCTGGCATAACGCATCAGGCCCGGCTTTCAGCGATGACGGAAAATATCTCTTCTTTACATCAGAAAGAACCTACAGCCCCACTTACGGCTGGACTGAATGGAATCATATATATTCAGACATGACAAAGATCTACTTTGTTACGCTGAGCAAGGATGCAAAATCCCCCTTCGAACCCAAGAGTGACGAAGTAACCATTAAGGATGATGCAAAGAAGGACGAAAAGAAGGACGAAAAGAAAGATGATAAGAAAGCAGACGCGAAATCAGTAACCGTTGCCATTGATTTTGACGGCATCACTGACCGCGTTATTGAACTCCCCTCCCCGGCCGGACAGTTCTTTAACATCACTGTTACAGGAAGCAAAGTATATTACATGAAGCGCAAGAGCGGAGACCGCAGCGCCAAGATATGGATGTATGACCTCGAAAAACAAAAAGAAACCGAAATTACCGATGCCGGCGGATATGAAATCTCTGCCGATAAAAAGAAAATGCTCGTCGGTAATATGGGCAGTTACTATATTATAGACCTCCCTTCGGCAAAAGCAGAACTGAAAGACAAACTTGACCTTTCAGACATGAAAATGAATCTTGACCGCAAAGCTGAGTGGACCCAGATATATAACGAAGCATGGCGCCAGATGCGCGACTTCTTCTACGCCCCGAATATGCACGGCGTTGACTGGGAAAAAATGAAGAAAACTTATGCTCCGCTGGTTGAGCACGTTAATCACCGCATTGATCTGACCTATATCATCGGCGAACTGATCGGTGAACTGAATGCTGGTCACGCCTATGTTGGCGGCGGCGACTACCCGAAAGCTGAAAGAATTAACCTCGGCCTCCTTGGCGCGCAGATTAACCGCGACGGCTCCGGCTATTACAAGATCAGCAAAATCTATAAAGGACGCAACTGGGATAAATCACTCCGTTCACCTCTGACTGAAATCGGCGTGAGCGCAAAAGAAGGTGATTTCATCGTTGCGGTTAACGGCGTTTCAACCAAAGGCATGAAGAATATCTACGAAGCACTGGTAGGCACTGCCGGCAAACAGGTAATGATCTCGCTTAACAGCAAAGCTTCTGAAGACGGCGCCCGCGAAGTGATTGTTATCCCCGTTGAGAGCGAACATGATCTTCTCTATTATAACTGGGTGCAGAACAATATCGAGAAAGTATCAAAAGCCACCGACGGAAAAGTAGGATATATACACATCCCTGATATGGGTGTCCCTGGTCTTAACGAATTCGTTAAGTACTATTATCCTCAGCTTGAAAAAGAAGGTCTCATCATTGACGTTCGCGGCAATGGCGGCGGAAACGTATCCCCGATGA
CP054182.1_gap10	320274	324867	4593	AATTTGCACTTATGCCGCTGTTCCAAACCAGATCATAGGCCTCAGGATATACGGTATAGAAGCCAAGTGTGTCGCAGTACTTAAAAAGTTCAAGAATATTCATCTCCCAGTCAATACCGCAGCCGTAACAATTAAGGTGCAGCATGACTGGCCGGCCGCTGTCTCCGGCGAAAAACTTTGGAGGAATAACAACATAGTTTCTTTGTAAGCCGTCATGGCTGAAACTGTGTAATATTCCTCTTGGCAGTTCAGGTGCTGATCCAATGGAGTCATCCTCTTCAATAGCTCCCAAATCAGGCCTGCTGAATGAATTCCTCGGCCGGGCATTACCCAGAAGATCTGTTGGCGGCGCGGTCATGTTCACATTATTGATATTTGCTGACATTGTTCCGGCGCCAAGACAGGGGCTTGAGGGAGAGAGACGGTATGAAATAGTATCAATAAAAACCGGATCTCCTTTTATATTATTCTTCCCCCGGGATGATTCCCCTCTGATAAGATTATTATGCAATTTGTCCCACCTAATGCCGTCTATATCATGATTGAACGGACCGTGGTTCCAGAAAATATTATTAAAACCGTATACCTGAGACATGGTTGATACAGGAGTAACAGCGAGCAAACCCGAACCCCATGAGCCATAATTCTGCACAATCGTATTATTAACGAGTTCAATGATTGCCCTGCGGTAGGTATATATTCCTCCGCCTCCATCGGGTGCATAGTTTTTAGCGATAATATTATTATAGATATAATAGCGGTGATTCCAGACCGTTGTTGCGTTCCAAACGGTGATTCCTCCTCCGATCTGATTTGCAGTATTTCCCTTGATAATATTATTCTCTATCCTGATGTTAGAGGAAAGACCTGCTTCTCCCCCGAAATGCAAACCGCCTCCTCTGCCAAAATGATACGTTCCGTATGCCTCATTTTTTTCAACAGTATTATTTTTGATGACACCGTTGCCGCCGTAAATCGCACAGCCGCCTCCCCAGGGGCGGTAATTTTCAGTTGCGGTTGATCTGACACTGTTATTCCTAATGATATTATATTCAATGATCCAGTGGCTAATAGCACTGTTTTGCGGATAAAGCGCAATTCCTCCCCCTTCAGTACCGTAGTTGGTATTTAATGAATTGCCGGCTATGATATTGCGGCTTATTCTGGCACCCCCGCCTGAGATGTAGATGCCGCCCCCCAATTTAAATGTAGCAGTACCTAATCCTAACTTAGTACCTGTCCCTCCGGTTATGGTAAATCCTTTGACGATAGTCGTGGTATCGGAGGTCCCGTATATATGAATTACCGAACCTGAATCTGGATGGGAGGGAACCGCCCCGCTGATAATGGTTCTTGAGATATGAGCCGTATCGCCGTCAACAATATACTGACTGGCGAGCACCAGTTTTTTTGGTATCCGGAGATTTTCACTGTAAGTTCCTTCTGATACCAGAATAGTATCTCCCGGCTGGGCTGCATTAATGGCAAGTTGGATTTTGGAATAATCCTGCGGAACTCTTAAAATTGCCGCTTCCGCAAAGGAAACGATGCTAACTAAAAGCATCATGGTAAAAAAGTACCTGTGTCGCATAAGAACTCCTGGGAATAAGTTATTGATGATCATGTTTTCATGCACGGAGCATATAATAAAAGCGGCAACACATAATTTCCTGCAAAGGCCTGCCTCTTCAAACCTGCCGCACTCTTGCAGCAGTCTTTCTCCTCTTCGCTTAGGAGATCAAAAAGCCATTTGCTTTGATTCATGTTGCCGCTTTACTTTCCGGTGTACGTTAGGAGAGCATACATCCGGTTTTATATTTTTGTTTTAATAAATAATGTCCGTCTCTATTTAGCCATCAGCATTTTCTTTGTAAGCATAATCTTGCTGCCTGCTGTGAGTCGGCAGATATAAACACCTCCGGAAAGTTTTCCGGCTTCAAATTTTACCGTGTAGATACCCGGCTCCTGCTCTGCGTCAACAAGCGTTGCCACTTCGCGCCCGAGGATATCGTAAATCTTAAGGATTACCCTGATCATCATACCATCTCCGCCTGTCTGCGGTATGGTATAACGAATATTGGTGGAGGGGTTGAAGGGATTAGGGTAATTCTGCATAAGTGAAAACTCTGTTGGCAGCGATTGATCTTTTTGAGCATCTGTCAGAATATTTTCGTTCGCACCCATGTCAGGATTTGCATAACCCAACGGCCATTGCCTTACGTTGCCGAGGAAGTCCCGCTCCGGGGCTTTAAGGATGGCGCCCCCAACGGTATATTGCATCATTCCTGCGCCAAGCAGAGGGCTGTTATATTCAAGACGGTAGTACGGATCACCGGCTGCAAACTTAGGCGTATCAGTCATATTTCCGAATCCGCTGAACCCGCCATATACACAATTGAAATTTGCGTTTGCCTCTGAACTAACTGAACCGTTTATGAACCGAATCTGATTATTACCAACAGCGGTATTCCAGAGAATATTGTTCATTAACCGTACCCTGCTTGGGCTATTAGAAACACCAACTCCATAATTTCCATCGTTATCTGCAATTGTGTTGTTTATCAGGTGGCTGGTTGTCATATGCAAAAAAACGGTACCATAGTAGGGCCTTGAGGAAGTTGATTCATAAGAGGAATTCTTCACGATAATATTATTCTGCAGAGTTGCCGTGGGATAGTTGTAAGTAACTGAACTGTTATGCGCAATATGGACGGCACTTCCGTTTGGGGTAGCATGATTACCGGAAAAAAGATTTCCGTCGAGAAGAACATTTGCTGTATTAACTGAACCAGTCCAGATTTCAACACCTCCTCCGCCTGAACTGTAGTCCGCTGTTTGTGTTACTTTGTTATCAATAAACCTGTTGTGCATAAGTAATCCACTTCCTGTGATGGAAGCACCCCCACCGCTGCTGGCCCTGAGATATCCAGCGGTTTCATTATTGCGTATTTCATTGTCAGCAAGTATCCAGTAATTGTTTGACGGGTTATCCGGCCAAATGCAGATGCCCCCTCCTATGGTTCTGGGATATATAGAGGTCCCGATTGTTTTATTGTTAATAATTCTGTTGGCAATAATGCTTACACCCTGGGCGCTGACCATAATTCCTCCCCCGGCCCGCCAGTAACGGCTGTTTCTAATTTCAAAGTATCTTGTTCCGGTTCCGTTCATGAGAGTAAATCCGGTTATGACCGTGCCCGTATCGCATGGCGGTTTTACCACAATAACGCTCGCGGTATCCGGATACCAGGGCACTCCGCCGCTGATAATAGTGCGTGATATATGGGATGTGTCTCCGTCTGTATAGTAGAGACTTGCAAGAGTAATTTTTTTACTGATAACCACATTTTCATTATATAAGCCCTCCGATACCAGAACAACGCATCCCGCCTGGGCTGCATTAACCGCATCCTGAATTTTTGCATAATCCTGCGGCACACGGATAATGGCTGAAGAGCAGGAAGCACCCAGAGGATTTTCAATGGCGCCAAGATCCGGCTTTGTATATGACGGACAGCATCTCGGCATGCCAAGGTAGTCTGCCGAGGGCGCATCAAGGCGGGTGACGTCAAATGTGTAGGTTAATAATCCTTTTCCTATAGCGGGACTTTGTGGTGTGAGGCGGAAAAGGGTATCCGGGTTGGCGAAGAGCGGGTCAGCATTAATGATATTTGTTCCGGCGGTAAAGCCGCCCCGTATCAGACAATTTGCCGCAAAGGTATGGTTAGTCAAATCTGATATTTCAACTGTTGCTGCAGGATTCCAGATGATGTTGTTAATCATATATTTCCAGTGGATCACGCCGGAAGGCGTATATATTGAAGTTGTCCCGACCCCATGAACCAGAGTATTGTTAATCAGCTTATAATTGCCTGCTGAAAAGCGAATTTGTGAGCCGTTTGTTGCACTGTTGCGGTAAAATATATTATTTTCAAGAGTAATGGAAGGAGATCTTCCGTTATAAATCATCGTTGTCAGTCCGCCGCCGGCTCCGGTATTGAGAGCAACTGTATTGAAAGCAATATAATTATCTGACACATTGACAATTGCCCTGTCTCCTATGGCGATACCCCCGCCTATGTTTCGTGATTCATTATAAACAATGGTATTTCCGGTTATCCTGCCGGTCGACCAGAATTCAACTCCCCCTGCCTCAGTATTGCCCATGGTGGAAAAGTTTGAATATACTTTGTTGTATTCAAAAATGATATAATGAGGAATGTTGTTTTCAAGCAGGGTTCCGGTTGTACTGAATCCGCCTCCCCAGTTGTTGGTTACACCGTTTCGTGGATTGGTGGAATTATGATGAATAATGTTGTGAGATACTCTCAGGCCGGTAACATTAATAAGATCAATGCCGCCGCCGCTGATGCCATAAGCGTTGTCGCTGGGATAAAATCTTATGTTCCCCCAGCCCTGGGTTATGGTGAAGCCGCAGATGCCTGAAAGAGTATCCAGATCGCCGCTGAAGGTAACAACGGATCCTGAATCAGTATGGGTTCTTTGGCTGCCGTTGATGATGGTGTTGGCGATGTGTGATTCATTCCTGTCAATAATGAACTGGCTTGCCAGAAGAATCCGTTTCCTGATCGT
CP054182.1_gap11	406772	408876	2104	ACCCGCATCTCCCCGCCTCCTTGCAGCCGTATGATATATATTCCTGAGGCGCGCTCAGCCCCGTTCCAGTATATATCATGCCTCCCCGGCTCCGCGGCTCTATCAAAGAGTCTGTCAGTCAGCGAACCGGTAACATCATAAACCGAGAGAGTAACACGCTCTCCGGCAAGATGATGCGGAAGAGCAAAACTTATTCTCGTCCCGGCATTAAACGGATTCGGATAATTCTGATACAGCGTAAGTTCCTGAGGTATCGTCAGAACAGAGACTTCGACAATTCCCGAATGTTCGAACTGTCCGTCTGTATCAATCTGCTTCAGGCGGTAGTAATAATAGCCATCCGCGGGGGAATTGTCTGTGTATATATAAGACTTCTCTGAATTGGAATTACCATGCCCCGGCACAAAACCAATCACCCGTAGAGACGATGCACTTGTCCCGATGCGATCGGGATGCATCGTCTCCACATCAACCGGTCTCTCAAAGGGCCCAAACCGTTCTATATCAAATCCGTAATTGTTCACCTCCGTGGCTGTTTTCCATTGCAGGGTAACTGTTCTCTCGTCTGCTCTTGCTGTGAACGAGATCAGTTCAACCGGCAGCGGTGTGCCTCCGCTGTTCTGCCACGCCAGATAAGGGTACCCGTCATTAAAATTGTCATCACGATACCAGATATTCATATCCCAGCCGGCATCAAGGAAAGTTGAGTTAATTTTCATTTCTGCGGTGGATTTGCCAAATGCTCCAAAATTATCATTTGAATTCCCTACAATTCCATCCGTATCATTATTCCAAAAAACATTAGTCATAGTGATCGGAGTAACTCTCGAGCCAACAACTCCTCCTCTGTAATTTGATGCACTTAGAGAACCCGTAGAATAGGACTTTACAATTTGAGAACCGGAATACATATATCCTGTTATTCCGCCGGCATAGTATCTCGCAGATATATTACCCCTGTTATAACTGTCTGAAACTTTTCCCGATCCCATATAACCTACTATTCCTCCTGAATAATCAAGAGTATTGCTTATGTTGCCTTGATTCGAACACTCGCTTATTGTGGCTGAACTATTTTGCTGATATCCGGCAATCCCGCCGGTAAATCCCTGAACTGCATTGTTTGTTATCGTCGCTTCGGAAACCGACTTTTTGATTGTGCCAGATTGGTTAACACCAGCAATTCCCCCGACATAATTAGTACCGGTGATCTGACCTGTTATCCGGCAATTCTCGATTATTCCATTGTTGTGTCCGGTTATAGCTCCAGTATACTGTACTCCTGTAATGGTAATATTCAGAAGAGAAAGATTACTTACCTTTCCTGTACTTTGTATTTTTCCAAAAAGAGCATGATTGCCGTCAGTTGTTCTGTTTATATACAGTTGTTTAATGAAACGGTTGTTGCCGTCATATACACCTGTAAAAAATGGATCTGCCCCCCCAATTGGCAGCCACCCTTTATTGCCATCCCATGTATTTATTGCCGGAGAGGCATCAGCAAAGTCAATGTCAGCAGTTTGAAGGAAGTATTTGTTCCAGGAGGATGAGTTTTGAGAGATCCAGAGCAAATTCTGCCAGGTGGCTATCAGATAGGGTGAAGCTTCTGTTCCCGATCCCTCGGGGAGAGTACCTGTTGGCGTCTGAGCACCCAGTTTCAGACTGATTATACAAAAAAGTAAAAGTACTGCCTGTTTCATTGTTTTTCTCCTTTCCGCGCTTTTAACCAACAGGCAAAAAGTATAGCCGTAAAGCACGGATTAATGGCTGAATTCCGGCCTGACCAGCCGGCTGCATACCCCCGGAGAGCATTCCTCTCGATAATCATGTGCCAATTTTATGCCAGTTTTACCGCCTTTTCTCTTTATTGGCCGTGGTGAACAATCTGAATTCTCCTCTGCCTTTTTCTGCTGAAATCTCCCGTTTTATTCTGCAAAATGTCTGATCTCTTTTTTTTCCATCAGATGTCCGGGGGTAAAACGTTGCATCCGTTGAAATTTTCAACAATCACTTTCTTTCCAATTTTCAGGGAATCAGGGGGTTTTCTTTATTCAGAGAAAGACCAGGCCGGTTAATCTTTGTTTATCTTGCGCTAATCGAGATT
CP054182.1_gap12	551388	554136	2748	ATGGCGTTTCCGTTTTATAAAATGCTGGTCAACAATCACATTCTCAAGAAAGCCGAATCCTTCTTTGGTATCCACATTACCTTTTTCGATCGTGATAAACGCGCTGCTGGAGTCCTTGTTTTTCTTTTCATCTCCGGTGAGCATAATTTTGCTCATGACGGCTGCTCCCGCGCTTGTTCCGGAGATTACTCCCCCCTGCCTGTAAATTTCTTTTATCCTTGCGAGAAATTTTGTTCCGAGCAGATCACGTGTTAATACACTCTGATCACCGCCTGAAAAAAAGATACCGGTTACTCCGTCGAGTTTTGCAAGATTTTCGGGGGTATCCAGTTCTGCCTGTTTTCCGTATATATATGATATATTTTCATAACCGAGCCTGTTCAGCCCCTTTTTCTGGTATTCCGCGGTTTCAACCGGCTCACCGCTTGCGTTCGGGATGATGACCAGTTTCGCTTTTTTTCCCCCGGCCAGCTGCATGATTTTTTCCATGACATAATCAGGCCGGTCGCCGCCGCCGATGATGACAAGACTTCCTTTGGTCTGTGAGGAAACCAGTGAAGCAAAAAGCAGAACAAATGCAATGAAATAGTTCATATCAAAAACTGCAGAAAGATTGTTACGAAAAAAATTTTCCTGAATCCTCTTCCGCCGTTCACGGAAAGGGATAAAACAGAAACTCTACCCTAAAGAGGGTTTACGTTACGGCTGCACCAGCAGCGCCAGAGCAATACCGGTTGCTTTCATCAGGTCGGCCTCCATGATATACTCATCATCAGCGTGCGGGTTCTTCGCTCCGATACCGATATTCACCGAGGGAATGCCGTTCGCGTTAAGGGAGTTGGCATCGCTTCCGCCGAGTGATATAACCGGTTCCGGCTTCATGCCGGCCGCGCTTATTGCTGCTTCAATTGCCGGAATAGTATATACATTGCGGTCAACCGTATACGGAGTGAAATCCCACTCATCAGCAAAGATGAGCGAGCCGCCTGAGTTCAGGGTTTCTGTTTCAAAGACATCTTTCAGCCGTGCAACTTCCTCTTCAACGCGTTTGGTGTCAAAGGAGCGGACTTCACCGTGAAGCACAACGCGGTCGGGAACCACATTCACTGCGCTTCCGCCTTTAATAATGCCGAAGTTCATGGTTGTCTGCTCATCAAGCCGCCCCTGTTTAATCTGCGCAAGCGCTCTGGCGGCAATGGCAATAGCGTTTATTCCCTTCTCCGGTTCTATACCTGAGTGAGAAGCACGGCCGACAATCTCAATACGGATCATTTTTGCTCCGCAGGCGGAATAAATATATCTGCCGGGAAGGTTTGAGGAATCAAACACAAATCCGCCGGCAATAGCCGGATCAAGATTCAGATTTTTTGAGCCGCCGAGTGTGGTTTCTTCGCATACAGTAAAAGCGAGCGTGAAGCCGGGTGCATCGGGCTGATGTTTTATGATTTGTTCAGCGGAGGCAAGAAGAATGGCACATCCGGCGCGGTTATCCGCTCCGAGTATGGTTCCTCCTGATCCGTGGATTTTTCCGTTAGTAATTTGCGGGACAAGATCCCGTGTGGGTCTTGCTGTATCCATGTGTGAAAGAAGCACTTTCCTCCCCCCGTCCTTGTAGCGGGCTATCAGATTGCCGGTATTACTGCCGGTAATTGATGCGGTATCATCCTCGGTTACGCTCATACCCAGCGGTTCAAGAACCGAGCGGATATAGTCTGCCACCGGTTTTTCGTTGCAGGATAGGGCATCTATCCTGATGAGATCGAGAAATAACTCTACTGTCCGGGGTTCCACTGTGTAACCTTCTTTACCGTTTTAGGTGAAAGTGAAAATTCTTTACCTTAAAATTGTAAATTTTATTACCTTTGTCAAGAAAAATCGTTACTATTTTTACACTTTTTCCCGCTTCCCTTTTCCGGACTCACGAGCAGCAGAGCGGGAGGGGGCAGAGAATTTCCGGTTTTTCCCTATGTTGCGCCTCAGAATTCCCGTTCCGCCTGCCCTGAAGCAGGAGAGCCGGAGGCGGAACACTCCCCCGCCGGGGTCCCCCCGGCAGGCAGTATATATCAGTTATATATTATCAACTAACGAAAGCATGATTGCCCTATGAGCAGTACCAAAGCGTTCAGACTGAAGGTGCCCAACACCTATCTCCTCATTTTCCTTCTGCTGGTTTTTATCGCGGCGCTTACGTGGATTATTCCCGGCGGCGAATATGAACGGCAGGAAGTCAACGGCAGAATGGTGGTTGTTCAGAATTCGTTTAAGTTCGTTGATAATGAACCCCAGGGTCTGGTCGCTCTGTTTACTTCGCCCCTCAAGGGATTTGTTGAAGCAGCCATGATTATCGGCTTCATTCTGATAGTCGGCGGTGCGTTTAACGTCCTTGCCGCCACAAACGCCATCACTGCTTTTATAACAAAACTTGCCAAAGCTCATAAACACTCAAAAACGCTGCAGACATTTTTTATTCCCGTACTGCTGCTTATGTTCTCTCTCGGGGGGGCAACCTTTGGTATGAATGAGGAAATTATTCCGTTTGTGCTGATTACCGTTCCCATCTGTCTTGCGCTCGGATACGATTCCATTACCGGAGTGGCAATTCCCCTGGTCGGCGCGCATATTGGATTTGCAAGCGCGTTTCTGAATCCTTTTAACGTAGGTATTGCACAGGGCATCGCTGATGTTCCTCTCTTTTCAGGCATCGGCTACCGGGTTATCTGCTGGGCAATTTCAACTGCAGTGGCCATC
CP054182.1_gap13	562522	563459	937	GGCATCATGCTAATGAGTGTATCCATCAGATAGTTTTTGTCATACTTCACATGGTATGCCCCCTGCACTAATTGCATATTTCCCGCAAAGAAATTGGGGTTAAAAGGGAGATTATCCGTGGTGTCCGGATATCCAAAATCACCTAACTGTAAAAAGAACCGGGGATTATGCTGAACTATCTGCCTGAAAATAGTACCGGGCGGTGTGCCTGAAGGAAGAAAGTTGCCGCTGTTAAGGCAGGAACCGAAAGCGAAGGTGAAGTTCTGACTCGTGCCGGGAACGGGGAAGGTTGAAAAACTCCGCTGCACGTTGTCAGGCGCACCATTGATAATTTTAACCCGGTAGTAATATCTGGTATCGGGCTGAAGTCCCTCTATCTCAACGATGCCGCGCATATATCTTAAACTATTGACGGAAACCGTGTTGGTTGTCAGGACAGAAGTGAAAGCAGGGTCAGTCGAAAGTTCAATATAAAAATCTCCCGGTTCGGTAAGCCGTGCCCAGAATCGGGCTTTGGTATGAGTAACACCCCCTGTCACAACGCTGTTCGCAAGAGCGGGAATACTCCCCTCTGAAACATTCCTTCGTGTATTGCTTTCCTGAGCCACCGGCTGCAGGAACGCTGCAGCCAGGATGAGCGGAAGAATCCGCAGTAATACATTTCTCATACCTTTTGCCTTCTTTTTGTAATCTGTTTATCTACGTTCGTTATCTCATCAGAATCATTTTTTTAACGGCAAGCGAGCTGCCTGAGGTTAATTTATATATATACACGCCTGAAGCCAGTCCGCCGGAGTTAAACGGCACCGAGTGATAACCTGCTTCCATTTTGCCTTCAATCAGTTTTTTAATCTCGTTCCCGTTCACATCATAGACAATCAGCGATACACTGCCTGCTTCCGGCAGACTGAACCGGATGGATGTTTCCGGATTAAAC
CP054182.1_gap14	573204	576725	3521	CATGGGTTTTGGCGGACGCATTGCCGCTTTTCCGGTCACACCGCCATACTCCAGATGGACTGATGAATGGAAACAAAAACCGCAGTCTCTGCCTTAGTCAAAAAAGAGCCATTATGCCGGCAGTAAAGAATAACGATATACCCAAAACAACCCATCTGTTTATCAAGAACATGGTTTGTCCCCGCTGCATAAAAGTAATCCGTGATGAGTTTACCGGGCTTGGTCTTGATATCAGAAGCATAAATCTGGGTGAGGTGGTTGTGAGTGGCAACATCTCCTCTGACGAAATGAACCGGGTGCAGAAAGTGCTTGAGGAAAACGGCTTTGAACTGCTTGAGGACAAACGCGCGCGGCTTATTGAGCAGATAAAACTCGAAATTATTCAAATGGTTAACGAAGACCACACCGAAGGACGTGAGTCACTCACTGCCCGGCTGAAAAAGGCAGTAAATCAGGACTACGTATATATAAGCACTCTTTTTTCATCGGTTGAAAATATCACCATTGAGCAGTTTTATATACTTCAAAAAATAGAAAAAGTTAAGGAACTGCTAAAATACAACGAACTTTCCCTGAGCGAAATTGCCTGGCGGCTTGGCTATAGCAGCGTTCAGCATCTTTCCTCCCAGTTCCGCAAGGTAACAGGGCTCACCCCGACACAGTTTAAATCCGCCGGAATGCGCTCCGGAGCAGGGGGGCACCACGATCATACCTCATAATAAAGTATAACTCTTTCCTAAAAATCTGTAACTCCGGCCCCTTCCCCCCTGCGTAATTTTGTATCACACAAATAAAGGATTACGTACCATGAAAACACTTGAATTCACCATCGAAGGAATGTCCTGCGGCCACTGCGTTATGGCTGTCAAAAAAGAACTCAGCGCGCTGGTTGGCGTTACGGTTAATGAGGTTGTTATCGGACGGGCAAAGGTCACCGCTGATGAAACCAAAGCCGGAGCCGAAAAGCTCACTCAGGCAATTGAAGAGGCCGGTTACTCGGTTTCAGCAGTAAAGCAAGAAGAATCAAAATGAACGCGGAAATAAAAACCCCAACAACCCTTTCCTTCCCCGTTGAGGGAATGACCTGCGCGAGCTGCGTTGCACGGGTTGAGAAAGTAATAAAAAAACTCGACGGCGTTGAATCCGTCTCCGTTAACCTTGCCACTGAAAAAGTTACCCTTAAGGCAGATACTTCCATGGTTTCTCCTGAAAAGATAGCTGAAGCAGTTGAAGGCGCGGGATACAAGCTCCTTCTCCCTGAACCGGAGGGCTCCTCAGCGGAGAACTCCGGCAACGCCCCGGCTGAAAATAGCCATCTGAAAAAAACCGCGCGGGAGTTTTATATCTCTGCCGCAATCTCCCTTCCCGTAATGCTGCTGAGCATGGGGATGATGATTGAAGGCGTGCAGGAATATATACCGCTCGGTTTTGAGCAGATGAATATGATATTCCTCCTGCTCACCACCTACGTTATCCTGGTACCGGGCAGCCGCTTTTTAACCGCTGCCGTTAAAGCCGCGCGCCACCTCACAGCGGATATGAATACCCTTGTGGCCGTTGGCACCTGGTCTGCGTATATATACAGCGCCGTTGGCGTCATTTTTCCCGAGTGGCTGGGACTGCATCATGCCGAACATCTCTACTTTGATACCACCGTGGTCATTATCACGCTCATCCTGATGGGTAAACTGCTTGAAGCCCGCGCAAAGAAACGCACCGGAGATGCAATCCGCAAACTGATGGGGCTTCAGCCCGATAAAGCAATAGTTATTGAAGAAGGTGAAGAGCGCGAGGTCCCGGTGAAATCGCTGGTTACCGGAGACGTAATTCGTATCCGTCCCGGAGAGCGGATTCCTGTTGACGGCATTATTGAATCAGGTTCAGCTTCGGTTGATGAATCCATGATCACCGGTGAAAGTATTCCCGTTGATAAAACCCCCGGCGAAAATGTCTCCGGCGGAACGGTAAACCTCACCGGCAGTTTCACCTTTCGTGCAACTGCAGTCGGGAGTGATACGGTTATTGCCCGTATTATCAGACTGGTTGAAGATGCACAGGGCTCAAAGGCACCTATTCAGGCTCTGGCTGATAAGATTGCTGCTGTTTTTGTTCCGGTTGTGATTTCTATTGCACTGATATCATTTATGGTCTGGTATTTCATTCTTGGCGTACCCTTCAGTGACGCGCTTATATACTTTATCGCAGTTCTGATTATTGCCTGCCCCTGTGCTATGGGACTGGCAACTCCTACCGCCATTATGGCCGGCACCGGACGCGGAGCGCAGCAGGGCATTCTTATCAAAAACGCCGAAAGTCTTGAGCGTGCGCATAAAGTAACCGCCGTGGTATTTGACAAAACCGGAACGGTTACCGAAGGAAAACCGTCTGTAACTGATATATATACCCATGATTCCTTTGAGGAAACGGAAGTTCTGCGGCTTGCCGCTTCAGTTGAAAATCTTTCGGAGCATCCTCTCAGCCGTGCTGTAACAGCTTACGCGCAGAGCAGAGGACTGACAATCCTTCCGGCGGAGAATTTCCGCTCCGTAACCGGTGAGGGCGTTTACGGGATGGTGAACGGTAAAGAAATTTATGCCGGAAAACCATCGACATCCCTTCAGGAGAAAGCCGCCGGACTGGAACAGCAATGGTCATCGGAAGGAAAAACCGTGATTGCTGTATATATAAACGGAGTGTCTGCGGGATTGATTGCAGCGGCGGATACCATGAAGCCGCATATTCCGGAAGTAATTGCTTCACTGCATCACCGCGGCATAAAAACGATTATGATGACAGGGGATAACCGGCATACGGCAGAGGCAATCGCCGCAAAAGCCGGCATACAGCAGTTTTTTTCAGGTATGAAGCCGGAAGAAAAAGCGCTTCAGATAAAAAACCTGCAGGAACAGGGTGAAACCGTGGCGATGGCCGGTGACGGCATTAACGATGCGCCTGCTCTTGCTCAGGCGGATGTAAGCATTGCTCTCGGCACAGGAACGGATATCGCAATGGAAACGGCCGATATTACTCTGACGGGAGGAAACCTTGGCGGTGTATATAAAGCCATTGTTCTCTCGGATAAAACCATCCGTACCATACGGCAGAATCTTTTCTGGGCGTATATATATAATACTATCGGCATCCCAGTCGCGGCTCTCGGACTGCTAAATCCGATGTTCGCGGCATTCGCCATGGCAATGAGCTCCGTAAGCGTTATCAGCAACTCCCTGCGGCTGAGGAAGGCGGAATTAAGCTAAAAATGCCGGTTCCGGCTGCTGCTGATTATCGCCGGGCCCGGCATTTTACCGTAAATTAAATCCTTTTTTCTCCCGCAGATTTCGCAGATAATCGCAGAAAACTTCGCGGAAATCTGCGTGATCTGCGGGAAACTTCCTGGTCCTCTTTATTTTCCTTCAAATGACACTGCCGTTAAACAAGACATCTTATCGTCTAAAGTTCCTTTTTCTCCTGCAAATTTCGCGGATTATCGCAAAAATTCCGCGGAAATCTGCGTAATCTGC
CP054182.1_gap15	606074	608323	2249	AAGCATCATCATTAAAAGGCCAGATACCGGTGACCACAAGCAGTCCGCCGTTGCCCATTCTTTTTGATATTACCATTGCATCACCGGTACTGTTCACTAATTCTTTTTTAACCGTTGAATCATTGAACGATAAGAAATACCCTCCATTCCGGTCATGTACCGGCGGAAAACCCCAGCTTATGTTACCATCTTCAGTTCTGAATAAAGTAACAGCATTGTTGGTATTATAAGCAACTCCCAAAGTTGGTATATAATATTTTGCGAGTTTTTCATGCCAGAGTCTGTTCCGGTCATAGTAGGTAAGAAACCTTCCTCCCGCAAGAAAAACAGAATCCAGCCGGACCCGAATTTGCTGTGCCTCATTGTCGGTTAATACATCTTCAAAACCATGATTATACGCGGCAACAGCATCCGCCCAGGTGAGATGATTCAATGCATCCGGTAAATAACTGAAATACATAATATCTGCTACCGAATCAATACCCGGATAACTCCAGATACTTTTCGCCTTAGGGTCACCATACAAAACTCTGCTGCGCGAGCTTACAAATACAGAGTCACCAAAATCACTGTTCACAAACCTGTTAAGCAGCGAGTCAACTTCATCAGGCATGTATGTAACCCAGTTTTCGGTAAGCTCTTTTATTTTTCCCGCACCGGAAACAAATAATCTGAACTGGTCATTGGCGGCAAGAGAAGATTTAATTGAGGCCTTAAGTCTGGGAATTATCAAATAAGAATGTTTCGAAAAATCACCGCTCAGATCAATTCCTATAGCTGTCTTTACTGGCAGCCGTGGAAAACTGTCCACCCCCATCACTTGCCAGGGGATAAACCCAAACTGAAAAAAGTTGCCTTTATCCGGCAGATTGTTGTTATCAAAAAATGCGCCGTTGCTAAAAGAAGTACCGTACTTAATCCGGAACGAACTAAGAGCTTTTACATTTTGCACCGTGTAGCGCTGATATATATAACCCATCGTGTCAGCGAGCGGATTAAATACCGCCTCTGGAATTTCAGGTATGCCGGGCGTACCCCACTGAGGCAGACGCTGTCTGAAAAGAAGGTCTGCGGGAAGCGTAGCTCCTCCGGAAGCAGTCAGATATTTAAGCGGCAGTTCGGCGAAGGCATTTGCAGAGTCCCACCGGGTCGGGATGATGATATTCATCTTAATTTTTCGGGTATGGCCTGAGATAAGCGGATAAATTTTTAATTCATACTGATTACCACGCTTGGTCAGAAAGGCCGGGTCACGCTTCATGGCAACAATACTGTCATAAATTCCGCGGGCAGTCCAGGTGTCCAGTATTATTCCCTTCATAACATCGCTGCCCACCCAAAGCCAGAGGTCATTAACGACCGCTCCTTCAGGAAGCTCAAATCTGTGGATAATTTCAACACTATTTATACCAGGGAAGACTCCGTTATCAGTGTATTCGAGGTATAATGACTGTTCGGTGTAGGCGCCATGAGGTTCAGCAACAATGACAAGGTTTTTTATGTATCCTGGTTTTTGCTGGGTGGTATTAGGCACACGGGTGACGAGAGTGTTATCTGCATGAAGGTGTAGCGAAGTAAGCAAAAAAACACTAATAACAATGAGCACAATTCGCGTGGTCATAGTATTAACTTTCTAATAGGTCCCTGAAGCAGAGCAACTAAAAAATCTGCTTTACAAATTTAAGAATAAAAATTAAAAAAACAGGAGTCCTCAGCATCTCGCGCAAAGAGGCAAAACCGCAAAGAGGTTTCGCAAAGAATTTTCCGATCCGTGAAAATCAGCGCTCCTTGCATCCGTAGAATCCGGGTGCCGTTACAGAACCGAACCTCACGCAAAGCCGCAAAGGGCTCCCTCGTGTACATTGTAAATTATTCATTGTACATTGCTCCCCATTACTAATTACTAACTGCTAATTACTAATTATTTAAGAATGATCATCTTCCTGCTCTGTGTATATACACCGGCAGCAGAAGTTACGGTGATCCGGTACAGATATGTTCCGCTGGCAAGCCCGCTGCCGTTAAAGCTAATCTGATAACTGCCTGCCTCCTGAATTTCATTCACCAGTGCGGCAACTTCTTCTCCGGTTGTATTATAGATTTTTAGCTGAACTATTCCTGATGAAGGCAGGGTATAGCTGATCATAGTCACAGGATTAAACGGATTAGGGAAGTTCTGTTTAAGCTCAAATGATGCTGGCGCACCGGCGGACACATACAGTTCTCCCGAATAACTGAAACTGCCGTCC
CP054182.1_gap16	620034	620870	836	GATAAGCAGAAACCATGAGCACCGTTTTAACCCGTAATACCTTCTTCGTTAAAGAACATCCCGCCGTTTTTAAGGCAGCCAAATTCTACGATATATACAACCCCGACAGCGGCGAAATGATTATGACCTGCCGCGAGCAGAACCTCAGCTTACTCACCAAATTTTTCCGCTTTTCTGATGCCAGACGCATGACTCCGTTCCATCTTCAGGTAGAAGATAACAGAGGCAACCGTGTTGTAAGTGTTAAGAGGGGTGTCTCCCTGTTTGTTTCAACCGTTGAAGTCTTTGACGGCAAAGATGTGCTGATCGGGCGCTTCAGACAAAAGTTCTTTTCCATCGGGGGGCGTTTTGAATTGTTTGACGCGCAGGATAATCATGTCCTCACCCTGCAGGGGAAGTTTACCAGCTGGGAGTTTAAACTGCTGCGTGACGGGATTGAGTTTGCAACCATATCAAAGCAGTGGGCCGGTCTGGCAAAAGAGCTGTTCACTAGCGCCGATAATTACATGATCCAGATAAGCGACCGCATTCCGCCAGAAAGCCCCCTCCGCCCGCTGATAATAGCAGCTGCGATGTGTATTGATTTGGTTTTTAAAGAATAGAAAGACAATGTACAGTTTACAATGTACAATGAACAATTTTTATCCGTGAGCTGATTCGTGCATTCGTGGCAAGTTGCTAAAGGACATTAAGGACACTAACGTTAAGAAGAACTGCCAAGGACTTAACACTTCGTGTAATTCGTGTTCTTAAATTCGAGTAATTCGTGTTACTGTATTTTTAACTTATGCTTCGCGATATTTAACACGAATTAACACTAATTGTTTCACGAATTC
CP054182.1_gap17	622273	625028	2755	TCTTAAAATCATCAGAGTTCATACCATTAAACTGAGCAGAGTTAACCATCACACCGGTTTCTGTATATGCCGCGGTCAGTTCATCTGCTTCCTGCGTTCCTTCCTGCAGAATGACTTTTCTTATAGGAAGATTAAACTTCTTCGCGAAATCAAAATCCCGCTCGTCATGTCCGGGCACAGCCATCACACAGCCGGTGCCGTAAGAGAGAAGTGCGTAGTCGGCAATCCATACCGGTATCTTTTCACCATTAACAGGATTTACCGCAAATGCGCCAATCGGTACTCCTGTTTTTTCACGCACGGTTGAGGTTCTGTCAATCTCATTCAGCTTTGCGGCTTCTTCGCGGTATATACGGATTGCCTCAAGCTGGCTTTCAGCGGCAATTTTATCCACCAGCGGATGTTCCGGAGCAAGCACCACATAGGTAACTCCGTAAATGGTGTCAGGCCGTGTTGTAAAGACGGTAATCTTCTCATCGCTTCCTTCAACCTTGAAATGAATTTCTGCACCCTGGCTTTTGCCGATCCAGTTGCGCTGCATCAGCTTGGTTTTTTCCGGCCAGTTAATGGTATCAAGTCCGCTCAGCAGTTCTTCTGCATAGTCGGTAATGCGGAAGAACCACTGTGTTAAATTCTTCTGAATAACGGTAGTACCGCAGCGTTCGCAGGTGCCGTCCGCCTGAACCTGTTCGTTGGCAAGCACCGTGTGGCAAGAAGGGCACCAGTTAACGGGGGCATTTTTCCGGTAGGCGAGTCCCTTTTTGTAAAGCTGCAGGAAGAGCCACTGATTCCACTTGTAATACTCCGGCACGCAGGTCATCAGTTCGGCATCCCAGTCATACATGCATCCGATGCGCTTCAGCTGGGTGCGGATATCGGCTATGTTGGTCATAGTGCTGTCCTGAGGGTGAACTCCGGTCTTTATCGCGTAGTTTTCAGCCGGAAGCCCGAAAGCATCATAGCCCATCGGTTCAAACACATTGTAGCCCCGGAGCTTCTTATAGCGTGCCCAGGAGTCGGTCGGACCGTAGTTATACCAGTGGCCGCAGTGCAGTTTAGCGCCTGAGGGGTAAATGAACATGACAAGGGTATACAGTTTTTCCGCGGTATTGGAAAAATCGGTTTTGTTTACTTTGTTTTTTTCCCAGTATTCCTGCCACCTGGGTTCAATTTCAGCAAAGGGATAACGCATGAAAATCAGTCAAAATTAATAAAAATTCAGCCCTAAAGTTACGAATCTATTAATTGATAGTTGATAATGGAGAATTGAGAATGGGCTTTTTCTCTGGGAAACTCTTGGCGGTTTAGATGTTGGGCGCAAGGTTTAGCAATGCAATAGCACGCAGATTTTACGGATTCTGCCACGGCAGATCGTAGCGCTGATTTTTACGGATCGGAACCTTTTGCGTTAATCTGCGAAATCTGCGGGAAAGTTCTTTGCGGTTTAGCGGCTTTGCGCGGGGCGTGGATTTCATGACTCACCCCCAAACCCCCTCTCTTTCCGTTATTAGCGGATCTTGTGTTATTATTTGTTTTGCGAGTTACGATGTTTGTGCAAAAGTAATAATCTGTTCGGAAAAAGAGGGGGCTTAAGATTACGGTTTGTTTTAGGTGAAATATTTTTCTGCGGTACTTCGCGTTAAAAACTTCTTTGCGTCCCTGCTTGGGTGCGGGGTAATAATTGAATTCTTTATGAGAATTTTTTACTTTTACTGTTGCTGTAAAAAAAGTTACTATTATTTAATAGCGTATGCACCTGATTAAAAATATAATTGAGATCAAACCATATAAACTCTTACTTGAGTTTACTAATGGTGAAATTCGCTCTGTGGATCTCGAACAGAGAATAATGAAGCGCAGCCAGAGCCCTGATAGTAAATACAAAGACCTTATAGATAAAGAATATTTTTCTTCTGTAAAACTTCACCCGGAGTGGGAAACCATTTACTGGGAGAACGGTATAGATTTTTGTCCGGATGTGTTATATATGGAAGGTGAGCCGGTAAATTAACTAATTATAAGGGGCATTACATTTTTTCTTCTTGGAACACAGACAAGTCGTGACCTACGCTGGTCTTTGAGCTGTGTTCTTACTCAAGGCAAACGGCACACGGATTTTACCGATGCTTCGCAACGCTGATTTTCACGGATCGGAAAATTCTGCGCTTATTTGCGAAATCTGGAGGAAGGTTTTTTGTCTTTGCGGCCTGGCTGCTTTGCGCGGAGCGTGGATTTCACAACTCACCCCAAAACCCCCTCTCTTTCCGTCATTAGCGGATCTTGTGTTATTATCTGTTTTGTGAGTTGCGATGTTTATGTAAAAGTAATAATCTGCTTGGAAAAAGAGGGGGCTTAAGAATACGGTTTATTTTATGTGAAATGTTTTTCTGCGCTCATCTGCGAAATCTGCGGGAAAGTTCTTTGCGGATTAGCGTCTTTGCGTTGATGCTCTTGATTTCAATTTTCCATTATTCACTATCAATTTTTTCCTTTGTATTCCAGTATCATCACCGTGATATCATCATTAAGCTGGCCGTTTCCCCATTTTTTTATTTCTTCAAACAGCCGGTCAAGGAAGTGTTCCGTAGGATTGGCTGCGAGTATCGTGTTTATCACCTCCGCGGTGCGCTCAATGCCGAATATCTCCTGCTGCTTATTAAACAGTTCGGTCAGTCCATCCGTGACAAAAATAACACAGTCCCCCCCATCAAGATCAATGTTTTGTATTGAATACTGGAAATCCGCAAAAGCTCCG
CP054182.1_gap18	629522	630349	827	CTCATTTTTCTGGTTATCCTGTACCTTACTTCTGCTCTATCAGGTTCACAAAGAGCCGCAGAGCACCGGGAACTCCAGCCGGCAGCTGACGGAAGAAGGAGAGTCCCGTGTAGATGAATATTCCTTTTCCGTAGCGGGTCCAGATCAGGGAAGTTTCCTTAGCGGTCTCGCCTTTATCACTCATGCTCAGTACGGTCTTATATTCTGCTGAGAGTTCTGACGGGAAGTAGAGCCCCCGCTCCTGCACCCAGCCGGTGAAGTCTTCAGAGGTTATGGTATCAGGATAGCTCAGCAGTGGACTGGTTTTATCCGTCACCGTTACCGGAGCATTCTCATCGGTCACCCGGTCACGGGAGATCTTAAAGGGAAACGGTCCGGGATACGGCAGTTTCAGTTCACCCGAGGTGTTATACTGCACAACCAGCGTTCCCCCCTGCTTTACATAAGCAAGCAGAGTTTCCAGAAGATGCGCTGCGTTCTTCCTGGTATTAAAAAACCTGACTCCGGTTACGATGCTCTCGTAAGACAAAAGCTGATCCGGAGTTATATCTTTTTCCTGAAGGGAAGTTACCTGATATCCTGCTGACTCCAGCACCTCAGCAACTTTGTCTCCGGCACCCTCAATATATCCGATCTGCTGTTTCTGCCGGGTAATTCCGGTAAACAGAATCTTTGTTTCTGCTGGGGGCTGAACAATCTGCAGCGGTATGTGAGGGTAATTAATTTCGTAGTATGATCTGTCTGCTGTAATATCACCAGAGGTAAATAAGAATCCCACTGAGCCGGAAGAGTTACCCTTATTCTGCCTTACAGTAAAGGTAAAAATC
CP054182.1_gap19	639599	644598	4999	GTTACGCCTGAGGTTCTGATAACACCGGCGAGCACATCATAACTGTCATCGAAAAGCTTTGTCATCCGTGCCGCCTGTGAGAGGAAATCAGTCATGTAGTTCCGCAGAATCTTCGGGAACCAGGGGAGGTCTTCGAATTCGAAGAGGTGAAATCTTGGCAACATTATTTCAGTTAAAAGTTAAAAATTAAAAGTGAAAAGTTGCTTTTAATTAGAGTTTTTTGCTTTTGAGGTTTTAAGTATGGCGGTTAACATTTTTTGAATTTCCTTCAGGTCACTGTCTATAGAGCTGTATTCTTTTAATGTAATGTTATCAGTATCTTTCAGTAACCGAAGCCAATAAGATGTTTCCCTTGATTCATTATAGGTGATGGAGAGTTTGGAAATGAAATCCTTTTTGCTTTGTCCTCCCAGAGCTTCTTCAACATTAGCCCCGATAGATGTTCCCGAACGGAGAATCTGTTTTGAAAGAACGAATTCTTTCTTCTTTTCAGTTAAATATTTAAATAGTTTATAAATCCTGATGGCAAATTTGTAGCTTTTTTCCCCAACAATACCAGCCACATCTAGTCCAGTTCTTTTTCAACTTTTAACTGTTCACTTTTACCTTTTAACTATTTAACCAGCTCCACAACTATCAGTTTTTTCTCTTTAATATTCTTGATATTCGTCGGCTTATAATGCAGCTCGTAGGTGGTGATCTTCTTAATATGGGTTGAGTATTTCACCTGAGCGGTGGTAAATTCATTGGTCAGATCGCCGCCTTTGATGGCCATGATATATGCTTTCTTTTCAAAGAGGGGGAGTGCATATTTTACCAGCATGATCAGGGGTACGGTCGCACGGCTGACAATCAGGTCAAACTTGCCGCGGTATTTCTCAATAAATTCAGGTGATTCAACGCGGGCGTTTTCAACGGTGACATTCTTCAGACGGAGCTTTTCGATGAACTCCGCAACAGCATTCGTTTTTTTGGCAATGGAATCAACCAGTACACCCTTGAGCATCGGATTCATAATAGCCAGAGGAATTCCGGGGAATCCGCCGCCGGTGCCAAGATCAAGAAAATTTGAACATTTTTCAGGAATAAACTTGGATATATACGAAGAGATAAATACATGGTTTTCGATGATGGATTCAACATCCTTGCGGGAAATAAGATTGACCGCTTCGTTCTTCTCCACAACCAGCTCTGCAAAAAATGCAAGCCGCTCCAGCAGCGTGCTGTCGGGATTCTGCCCGTTCTCCCAGTAGAAGGAAGTAAGTTCTTTAAGGTAGGATTCCTGTGTATGGTGCTGTATCATGCCACGATAATCAAAAAAAATGAAATTACTTTTTCAAATATACCAATAAAACGGATATATCGGAAGGGGTTAAGCCCGATATTCGCGATGCCTGCCCGACGGATCTCGGTCTGAATTTGTTCAGCCGGTCCCTCGCCTCAAGAGACAGATTCTTAAGTCCTGAATATTCAAAATCTGAAGGAATTCTCATATCCTCGTACTTGTCAAGCTTCTCAACATGTTCTCCCTGCCGCTTGATATAGCCCTCATATTTTATCTCAATTTCTATTTGCATCTGAATCGCAGGGTCGGTGTAGTCCTGATGCTCTCCGTTCAGATAATCCTTAGCGTGTTCAGCAATCTCAGCCAGAGTGAGTTCCGGGCGCTTGGTCAGTTTGGCTACGGTTTCGGAGTTGTCCAGAAGTCCTAGTTCTTTCTTCTCCAAAAGCGGATTAATCTGGGGGGGGGTGAGCCGCACCGAGTTATAAAAACTGATACCTTTGCGGATGATTTCCTTTTGCTCTTCAAAGTACCTGAGCTCGTCATCGGTGATGAGTCCATAACGGTGGCCGTAAGTAGAAAGTCTGAACTCAGCATTATCAGCTCTCAGCAAAAGCCGGTGTTCAGCGCGGGAGGTGAACATCCGGTAGGGCTCATCGGTGGATTTATTCACCAAATCATCAATCAGCACACCGATATATGCCTCACTGCGTTTCAGAACCATCTCTGGTTTGCCGGTTATCTTTGCTGCCGCGTTAATGCCCGCTACAAGTCCCTGGGCAGCAGCTTCTTCATATCCTGAGGTTCCGTTAATTTGTCCGGCGAAGTAGAGTCCGGAAATCTTTTTTGTCTCAAGGGTAAGATCCACCTGATGCGGGGGAAAGAAGTCATACTCAACTGCATATCCGGGGCGGATCATAACTGCTTCCTCAAGTCCCCGTATCATGTGGATAGCTTTTAGCTGGACCTCAGCAGGCAGAGAAGTTGAAAACCCGTTCAAGTATATCAGATCGGTATCCAGCCCTTCCGGCTCTAGGAAAAGCTGATGCCGTTCCTTGTCGGAAAATCTTACAATCTTATCCTCAATAGACGGACAGTATCTGGGTCCCGCGCCTTTAATCAGTCCGGTGAACATTGGGGACTCCTTAAATCCGGTCTCAAGAATCTTATGCACTTCCTGGCTGGTGTAAGTCAGATGACAGGGAAGCTGAGGAAGATAGGGAAATTCATTCCGCGGGGTTCTGAAAGAAAAAGGGAGGGGAATATCATCACCCGGATGTATCTCAAGGATTTCCCAGTTGATGCTTTTCTTATCCAGGCGGGGAGGAGTTCCGGTTTTGAGACGCCCGGTTTCAAACCCCATCCGGACGAGAGATTCCGTAATACCTGTTGCCGGCTGTTCACCGAATCTTCCGCCCGATACAGCTTTCAGGCCTGTGTGCATCAAGCCGTTCAGAAAAGTACCCGAACAAAGAATCACTGCTTTTGCCGGAAAGAATTTTCCCTCGATTGAGTTTACTCCTGTTACAATACCATTTTCCTGATTTATTGCTGTGATGTTTTCCTGGAGGATAGTGAGGTTTGGTTCGTTTTCAACGATTTTCAGGGCCTCGAGTGAGTAGAGAGTTCTGTCGTTCTGAGAGCGGGGAGACCAGACAGCGGGGCCCTTAGAGCGGTTTAGGGTACGGAACTGAATACCTGAGCGGTCTGCGATCTGCCCCATCACTCCTCCGAGAGCATCAATTTCCCTCACCAGATGACCCTTTGCGGTACCTCCTATCGCCGGATTGCATGACATCCGACCAATTCCGTTTTTTTCCATCGTAACTAAAGCAACGGAGACCCCCATCCTGGCAACTGAAACCGCTGCTTCAATCCCGGCATGTCCGCCGCCAATAACTATAACATCGAAACTAAGCAAAAATCCTCGTATCTCGTTTCACGTGAAACGGGTAAAATCAATTAAAAAATGCAGTGCAAAAATAACCTTATTTTGTCCGGAATTCAACCGGGCGAAATGTCCTGCGTGGTGCAGGGAATGTTTCACGTGAAACGGAGTTCTTCTCTGGCGTGTTGGAGCGGAGACCGGAGCGCACTGGAGTTGGTCCCCGAGCGAAGTCGAGGGGTAGTCCGGATTGCAGAAGAGCTGGTCCCCGAAATGGTCTCCTCGACTCCGCTCGGAGACCGGAGCGCACTGGAGTTGGTCCCCGAGCGTAGTCGAGGGGTAGTCCGGATTACAGAAGAGCTGGTCCCAGAACTGGTCTCCTCGACTCCGCTCGGAGACCGGAGCGCACTGGAGTTGGTCCCCGAGCGTAGTCGAGGGGGAGGGGTAGCCGAGGGGGAGTCCGTATTACAGAAGAGCTGATCCCCGAACTGGTCTCCTCGACTCCGCTCGGAGACCAGAGTAGAAGCCAGCCCCCGAGCTGCTCCCCGCTCCGACGTGTCGGAGGAGGGGTAGCCGAGGGGAAGCGACCGCTGATACTCAACAAATAATCACTGAATTCTGTCACATAAAATCATAATATGATACTATCCACTATATTCGCATCATATTTTATCAACATCACCGGAAGCTATCATATGAAGTCACTTTTTTCTTTGCTGTTTGCTCTTTGCATCATTGTGCCGCTGAGTGCTCAGAGGCCAAATCCAGACTACGATTCCACCCTGGCTAAAAAGCTCGGGGCTGATGACATCGGAATGAAGGGATACACTCTCGTGATTCTTAAAACAGGTACAAATACCAATACGGACAAAGCATTCACTGACAGCTGCTTTAAGAGTCATTTCAGCAATATGCGGGAGATGACCAAAATGGGTAAACTTGTGGTGGCGGGCCCTCTTGGAAAAAATGATAATACCTACAGGGGAATTTTCATTATGAACACCACAGATTTTGATGAGGTGCATCAGCTTCTGCAGGGAGATCTTACGGTTAAGGAAAAGATATTTGATGTAGAGTTATACAAATGGTACGGCTCGGCCGCACTGCCATTGTATCTGGATTCAACGGAAAAAATAAGCAAAAAGCTGTTTGATTAGGTCTCCTCGACTCCGCACGGAGACCGGAGTAGATTCGGTCCCCGAGCCGGACCCCGAGCGTAGTCGAGGGGGTGTGATATTTTCTACTGTGAAAATTAACTGCCGATAATTAAGTTTCAGATAAAAAAGAGAGCTATATGCCCAAGGGATATATGTATATACTCCGGTGTGCAGACGGAACGTATTACACCGGAAGCACAACCGATTTGGAGCTGAGATTACTTCAGCATCAGCAGGGTGAAGGCGCGAATTACACCAGAAAAAACCTGCCGGTAGAACTTGTATATTATGAAGAGTATGAACGGATAGACGAAGCTTTCGTAAGGGAAAAACAGGTTCAGCGCTGGTCACAGAAAAAGAAAGAAGCGCTGATGAATTCGGATATCGAATCAGTAAAAAAGCTTTCTGAGTGTCATAACAAGACACATTATCGGTATTATAAAAATGGTGATGACGGTAAGGAGAAAGAGCAATAGTTACAACGGTCTCCTCGACTCCGCTCGGAGGCCACAAAAGAGTCGGTCCCCGAGCGTAGTCGAGGGGTAGCCGAGGTGAGAAGTAATAGTTCCCCCCTCCGACAAGTCGGAGCGGAGACCGGAGTAGAACTGGTTCCCGAGATGGTCTCCTCGACTCCGCTCGGAGACCACAAAAGAGTCGGTCCCCGAGCTGTTCCCC
CP054182.1_gap20	645631	648491	2860	AATACAATTGCGGTACTGGCAGAAGGATTCCGCGAAGCAGGCTCTCATTCCGTAAAGTTTGACGCAAAGGATTTAAGCGGAGGTGTGTATTTCTATGAACTGAATGCAGGCAGCTTCCGTGATGTGAAGAAACTTACTCTCATCAAATAATCACGCATAAAGGAGATTAACCGGATTTTGATTTGAGGGTTTAACGGAGATCCGGCAATGGTCATAATTCGGTGAATCGAAATATGCAGGAGAGAGTAATTATTATTTGGCGGCAATCTTTGTTAAAAAGGTTGCCGTTTTTGTTTTGTAATGCCCTCCCCCTCGACTTCGCTCGGGGACCAGCTCGGGGGCCGGTATCAGGTACCAACTCGGGTTGTCACTCCGGTCTCCGTTCCGACTGGTCGGAAGAGGAGACCAGTCACGGCTTCCCCCTCGACTTCGCTCGGGGAATGGTATCGGGGATTGGATCGGATTCCACTCCCCTCGACTACGCTCGGGGACCAGCCTCAAACACGCTCGGGGACCGGCTCGGAGACCGGAGACTGACCAAAGGAATGAGTTTTCAAAACCCGGTGTCCGAGCGGAGCCGAGGACACCGGTATTCGGGGATCGACCACGGCTCTGCTCGGAGACCGTCCTATCTGTTCATCTGACCGAGGATAAATCAGGGTATAAGCACTCGTGCGTAAAAAACGAATTCATAACTCATACTTCAAAATTCATAATTCACTTACGGCCATTTTTTGGCAGTGATGTAATTGTATGATTTTTTAATCAGTTCGGCGAGCACCTTCCGGTCTATATCATCAAGTGTTTTAATATATAAACAGGAAACACCGGTTTTGTATTTGCCGAGCTTTTCCATAAGTTCTGCATTCCTCGGAAAGCCGGCCATGATGTAAACTGACAGAGCATCCTTGCGCGGAGAAAATCCTGCGGCCGGAGCATCCCCCTCGCGTCCGGTTGCGTATTTGTAATGATAGGAACCAAACCCGATAATGGAGGGACCCCACATCACCGGGGGCTGCCCGGTCGCTTTTTGCATCATTTCAAGCAGTTCGAATGATTCTCTCCTTTTCTTTTCATCGGAGACTTTGTTAATAAATTCAGCCGGACTGGTTTTTTCCGGTTTGGTTTTATTTTCCGATTTAGCCATAGGCAGAGTTACTCCTCTAAAATTTGCGAAACATAAAAAAGACTTAAAGCTAAATAAGAAGAGGTTGTTCAGGTGACAGGAAGCGTGATAGTAAAGGTGCTTCCTTTACCAAGTTCGCTCTCAGCGCGGATGGTTCCGCCGTTCTTTTCAATGAAATCTTTGCAGAGAATCAGTCCCAGACCGGAGCCCCTTTCTCCTTTGGTACCGGCGGTCTTTGGCTTTTCAGCAGGAGAAAAAATCTTTTCAAGGGCAGCTTTATTCATTCCAACACCCTGGTCTGAGATACTAATGGAACAGGTTTTTCCGGGAAGTTCAGTAAGATCAACCGTGATAACCGAACCCTCGCGGGAAAATTTAACTGCGTTCGAGAGCAGATTGCGCAGGACAGTTTCAATCATATATTTATCGGCGGTAACCAGCACTGTATGGCTTACGTTATTCCGGATGACGATGCCCTTGCTCTTTGCAATCTGATTTAGTGAATGAAGCGCGGTAATAAGAGAATCTCTGATCGAAAAGAGTTCCGGATGAAACGAAATCTGATTAGTCTGCTGTCGTGACCAGTCAAGCAGGTTATCCAGAAGCTGATGGGTATTCACCGAAAGAAGATTAATCTCACTGATAAGCATCTTTTTATACTCATCATCAGTGGTGTCATAGTCCTGCATCAGGATCTCAGAAAGCCCGATCAGTCCGAAAAATGGATTCTTCAGGTCATGGGCGATAATGGAAAAGAGCCGGTCCTTTGACTGGTTCAGCTCGTTCAGTTTCTGCTCGGTTTCCTTAAGCCGTGTTACATCATGGAGCGTGAGTATATATCCGGACTGTTTCATCCCCTCGGAAAGCCGTGCCGACGCGATCTGATATATATTACCATGTTTCTCCGTCTGGAAGATTTTCCCGTTAAGCAGTTCATCAGCGTTTATCTCAGTTTCATTCAGAAGCTGCTCAACCGGAGTACCGGTGCGTGAAGCAAGGGGGAAGACCTGAAGCGCGGAGTTATTGCAGTCCACCACACGCCGGCTTGCATCAGCAACAATGATTCCGGCTTCAAGGGACTCAAACACACGGTCGCGGGCTGCGGGCACGATATCAAACAGGCGGTATTTCTGCACGGCAAAACCCATTACAACAGCGCTATAGGTAAAGGCGATGTTGGTGAAATCCAGCCGCATAAAACTGTTCATCCCCGCCACATAGATAACGCTTACAATAACGGGGACAAGAAATCCGCCCAGCAGAAGACCAGCCTGTCCGCGGAACATCACGCTCTGGTTTTTCACAAAATAAATAAGATAAACCGCGCTAGCAAACAGGATCAGGTAAGAGTAATAGACATGAACATAAAACCAGGGGCCCCAGTCCTTGGTAATCAGAAGAAAAGAGCCCGATTCAATAAGGCGCGTATTCCGGTAAAGAAGCTCGTGGGATTCCATCGCAAGCGCAAAGATCATCGTAAGGAAAGGGATGATGCACAGCAAAACAGCAACCGGATAAAATGATTTCCGCCGGAAGTTGGTATAATCCAGTACGGCCAGAAACCAGAATACACCGGTAAAAGGAATACCCAGGAAATATTGAATCTTTACGCCGGTCATCTTGAAGGAGAGAGTCTCGGCCGCTATTTCTATAAAATAACCGATGTTCCAGAAGAGCGCTGAAATTTCCGATAAGGAAAGAAAAAGAGCACCCGGCACACTTCTTTTGGTAAAG
CP054182.1_gap21	734667	738277	3610	GAGAATAAGGATTGCGGGGGAATAAGCCAGAGAGACAGGGGAAAAACGCTTTGCCCGTCAGGTCAGATCATCCGGGTAAGAAGCAGCAGCCTTGTTCTAAGGTAATGCTGCCGGGGTGTGGTCTGTCCGGTAAAAGTGCTATCGCTGCTTTTTACTTACGAACTCAAAAACTTCGCTGTATTCAGCCAGTTTTTGGGTGGTGGAGGTAAGCCGCTCGGCCATGTGGTAGAGGATTTTTTTAGTGAGAACGGGATTTTCTCTGATGAGCTGATCAAGATCAGCGGTAACTTCGAGGATTGTGGAATCCTCAAGTGCCATGACAGTCGCGGTTCTGGGCATAGAAAGGATGCCGCTCAGCTCACCGATTGTTGAACCCTCGGCTGAAATTTCAGCCAGTTTTTTGCCGTTTTTAAACACTCCGACCCTTCCGGAAACCAGTATATAAAACTCATCTCCGACCTCACCCTCCTTAACAATTACTCTTCCTTCAGCGAATTCCTTCATAAAACCTTCATACTATGCAACACAAAAATACAATGAATCCGAATACGCAAAACAGCAGAGGGGAGGAGAGATAAAATAACCGCGGTTCATCTTCTGGAAAAAACGGGGACTGCCTCGGTGTGCTGTTCGCTCCGGGCAAAGCGGGCGGTGGTGTTTTCCAGCCGTTCGGCAAGATTAAACACAAGAGTTGCTGCCAGTTCGGGGTTCTTTTTCACGATTACATTTGCATCCCCCTCAACTCTGGTAACGGAAACTTCACTCAGCGCAATAACGGTAGCCGTGCGGGGTTTGCGCAGAATACCGCTCAGTTCCCCGATGATGGAGCCCGGCTTCGTGATTTCTGTGACGTATTTTCCGTTTTTAAAAATGGCGAGCGTTCCTGAATTGAGTATATATAAGTCTTTCTCAAGCGCGCCTTCGCGGATGAGAATATCTCCGGTCTTAAAGCTGAGATTCATACGGCAGTGCAGTAATGTTAAAAGTATACCTGTTGATGAAGTGTGTTTTGCGTACGGTGCGGAGTAAAAAAGAGGCGCAGCATCCATACACTACAATGCAATATACAGATGAAACCCAAAGGCGTGACAAAAATATGATGAGCAGAAAAAATAATTACAGGGCTGTAAATCGCTTAACCGGAAGAGTAATCGTTCACCGAAGCCGGGGGAGGAGGACTGATGGTCAGAGCAACAAACGGTGCGGGAAACTATCGGAGAGAAAAGATGTGCCCGGCCTGGCAGTCAGCCGGGCAAAAAGATAAATGCTGTATATATACCGGCTATTTACGGAGCGTATATTCGAAAACTTCGGTCAGCTCGGCGTATTTTTCCGTAGTGGCAAGCACGCGCTTTGCCAGATCAAGCATGATGCCCATGGCAATATCCGGATGTTCTTTCATCAGTCTTTCCGGTTCAGCGTCAATATCAATTACGGTGGATTCTTCCAGCGCGATGACCGTAGCGCTGCGGGGCGTCTGAAGAATGCCGCTCAGTTCTCCGATGGTTGATCCTTCCGTGTCTATCTGAAGAAGCTCTTTGCCGTTTTTATAGACGCCGAATCTTCCTCTCATAACTACATAAAACTGCTTTTCAACGGCGCCTTCCTTTATGAGGATCTGGCCTTTGTCCAGTTTCTTCATCCTGGTTTCCTAGAATAATTATAAAAAGGTGGCAAAATAAGCAATTCAGATTTCAGTATTAAGGGGAATAATTAGTCATTTACCTATCGTGTGTGGTCAGGCGTGCCCCCGTCACATCCTGATCCGCCCTCAAAAAACGACGTTTACGGAAAAATTCAGGCGTTTTCCGTATCTTTGCACCATATTTTTCAGAAATTAAGACAAGATTACCCAATGGGCCGCATATTCGAAAAAAGAAAATATAAGATGTTTGCACGCTTTGCCAAGATGTCCAAAGCGTTTAACCGGATCAGAAAAGAAATTGAAATAGCTGTTAAAGCCGGCGGGCCGGACGTCAAGGGAAACCCCCGCCTCCGCATTGCCATGCAGAACGCTAAGTCAGTGAATATGCCCAAAGACCGTGTTGAAGCGGCAATCAAACGGGCAATGAGCAAGGATACCTCCGGCTATCAGGAAGTGGTTTATGAAGGATACGGTCCACACGGCATAGCCGTCATTGTTGAAACTGCAACCGACAACACCACCAGAACCGTTGCCAATGTGCGCCATCATTTCAGGGAATATGAAGGAACTCTGGGTAACTCCGGCTCAATAGCATTTATGTTTGAGCGCAAGGGACTCTTTACCATCAAGCAGAGCGTTATAAAGGATATTGACGAATTTGAACTGGAAATGATTGACCACGGACTGGATGATCTGACCGGGGACGAGGAGAATCTCTATCTCTACTGCGCGTTCCAGGATTTCGGAAACATGCAGAAAGCTCTGGAAGAAAAAGGCATTGAAGTAAGCAGCACAGAACTGCAGTATATACCGGGAAACACCAAGGAACTCACCGAAGAACAGCAGAAGGACGTAAACGACCTGATTGAAGCCCTCGAAGAGGATGATGATGTTCAGGCGGTGTATCACAATATGGCGTGATGAATTATTAGATAACGAGTAAAATTCTTCGCAAAAGTGAAAGAAAAATTATATGAGTTTAGGCAACTTTACTGAGAATAGCCGGTAACTCTAATTCGCGTATATAAAGACCACAAGGAATAGTGCTGAGTCCCAGTTTTGTTAAATGGTAACAATGGGTATTCGGCACTTTTTCTATAAGGTTGTGTTTTCTCAGTCGAGTTAGTATACGTGATACTTTTGCAGAACTGTAGTTATCACCGAGATTCTTACGCAAGGTTTTGTTTCTGATTCCATTGAGGGTATTACTCCCACAATGAACAGCAATAAGCACATCCTGTTCCTGCTTGTCAAAGAAGTTTATCCCTTTAACTGAGCGGCCATTATCTTTGAGGGGATTGCTGAGTTGTTCTAAATTCATTCTACCGGCTGAGGTATCATCGAAGGAGGCAAGAAAATCAAGGTATCTGCTGTTTACCGCTGTACACTCTTTCCTGAGCGGATGGATACTGTAAATACTCTTTTTCATCTCTGCTTTTTTCCAGGTGATTGTTCCTTGACAGGTTTTCACCATGCGATAGATTCTAAATGCTTTGATATTATTCACCGTCGTCTCAATGCGGAGAACTCCTGGAGCTTTATCATACATTTTAACACTATTTGCACCAATAGCGTGCTTAACGCGAGTTCCATGAATCATTTTATTATAATGAGTAGTGACTTCCTGTTCATAATGAGCAGCAAGCGACCGGTTAAAAAAGGTAGCTATGTTACCTGGTTTGACCAAATGAATACATCTGAGGATTAATTCGTCGTAAAGATGTTTCATTCGATGCTTGTCCTTGAAGACAATATCGGTGGCATATTCTGCCTGAGTAAAAGTCCACTCCGGCCACTGGCGATATTCGGCAAAAACCGGGAGATATCGCCGCATAAATGCTTTCAGCCCGGAGTGTAAATTACCTGCACTGATTTTATCACTGAGTTTTTGTGCTTTCTGAAAATCACTTAGGTAGGTAAAGACATTATCCTGAAGAATATACATGATCCGGTTCTTACGGAGTT
CP054182.1_gap22	742034	746317	4283	GATGTATGGACAAAAAGATACTTCTCCTCTTTGTGGTTTTCTTCTCTTTTGCTTCTGCTGGTTTTTCGCAGGCACTTACCGGCGACAAAATAATCAAAGCATCTAAGGACGAAAATCCGACCATCCAGACCTCTACAACAGGTCTCAACTCAAATGGTTCATTAGTGGCAAGCCATTCACAAAACGAGGTCCCCTTGGCTAATCTGCAGGGTATATATTATGTTGGCGCTGCCGGTTCAGGTCCGGGCGGAAGTGACCCGCATTTCCCGTCATTCAGAGCCGCTCTTGATACCATCAGCTCAAACCCGATTGCAGGAGACTGTATCTTCTACATAACCAGCAATATCACTGAGCCCTATAGTGACAACCGCGGTATCGGACTTGCCGTTGACCCGGGTCCATATACCATTACCTTTAAGCCCTATACCGGTGTTCAGCCCGTTATTACCTTCAATTATCCGACTGACCTTAACAGCGGCCCATCAGGCGCGTTTGTTATAGGAATCCCCGGCCGCGGAAATATTTCATGGGACAGCATGAGAACCACACGCAATATCATTATTGACGGTTCAAATACTGCCGGCGGAACAACCCGCGACCTCACATTGCAGTCTGCCACAAACTCACAGCGTAATGCTATACCGCTGGTTATTGTGGGCGATGTTTCAGATGTGATAATTAAAAATACCAACATCCATTATAAAACACAGACCGTAAGCACTGTCGGCAACCTTTTTGCAGGCGCTGTTATGGTACGTCATCGCAATTACCTTGGCGCTGACCGCGTTCCGCACGATATCCTGTTCGAAAATAACCACATAAGCGCTAATTTTGACGGCGTTGCTCAAAACGTGCAGGCATACGGTGTTTATCAGACGGGAACCCCGCTTCCGGTAACGTATCCGTATAACATCACTCTTAAGAACAACCTGATTGAAGGCAAAAGAAGAGCAATCGCTCTCTACCGCGCGGGAAGCCACGATATCATCGGTAACAACATTGTTCTGAATCAGAATATTGCTGCCAATACCACGAACGAGGCAATCTATGCAGTGGATGTTGACACGAACTCAGTAGTAAACATCTACAATAATAAAATCTCCAAAGTATCATCAATGACCAACGGCACCGGCTTCGGCAATACCGCCATCAGCATTGAATCCTTCGGAACCTATAACGTCTATAACAACTTCATTTACGGATTTGAGCTCACTGCTGCAAATCCCGTTGCGTATGTACGCGGCATCAGAAACGGTTCTGCAAACGCCACCCTGAATGCTTCATTCAACTCAATATATATGACTGACATTCTGGCAGGCGGAACGGTTTCCTACAGCGGTATGTATTTCACGGACGGCAATAACACGGTAAAGAACAACATTGTTCACAATGCAGTGGTTGATTTTGCCGCTTACTGCATTAGCAGAGTCGGCGCACTCGGAACGCTGACCTCAGACAATAACGACTTCTACTATGCGGATGCCACAAACGGAAACGTCGGGTTCTGGAACACTGCAGCAACGCAGACTCTGGCACAGTGGCAGACTGCTTCTTCGCAGGATGCAAACAGTATCAGCGCTAACCCGTTGTTTGTTTCATCAACGGATCTGCACCTTTCCGCTAACACGTCACCAGTGGTTGGCAAAGGAACAGCACTGGCCGGAATTACCATGGATATTGACGGCAATATGCGTGATACCATTCCGGAAATCGGAGCACACGAGTTCCCTGGTTTTATTCCGGTTGAACTGGTTTCTTTCAAAGCAGCTGCCAGCGGTAACTCTGTTATCCTTAGCTGGGAAACCAAAACCGAAACCAACAACTCATACTTTGAGGTTGAAAAGAGAACGGAAAACACTTCGTTTGAATCAATCGCACGTCTCACCGGTGCAGGCACCTCTGCTCAACCGGTTCAGTACAGCTATACCGATATCAATGCAGGTACCGGTACGGTTTACTACCGTCTGAAACAGGTTGACTTTGACGGTAGCGTAAATTATTCTTCTGAAGTTTCAGCTGATTTAAGTGTTCCGACTGAGTTCTCACTGAGCCAGAACTATCCGAATCCGTTTAACCCGAGCACAACTATTAAATTCGGCATTCCGGCTGACGCACGAGTTCTGCTTGAGCTTTACTCGGTAACCGGAGAAAAAGTTGCAACTCTTATTGACGGTGATCTTTCAGCCGGATATCATCAGTATCTGCTGAATGCATCAAACCTTGCAACTGGAGTATATCTCTACCGCCTGTCAGCAGGTGAATTCAGCTCAGTTAAAAAACTGATGCTGGTTAAGTAAGAGAAAACCTCTAAAAATAAAAGGCCGTTATCTGCAGCAATGCAGGTGGCGGCCTTTTTTAATTAGTAGTTAGTAATTAGGAATTAGTAATGGGGGAAATATATATTGCTTAACTTATCCTTTGTGCTATTGCGCGGGTTATTCTTCCTGGCGACAATGGGGACAGTGGCGACAAGGGGTTTTTAATTTTCAATTCTCAACTTTCAACTCTCAATTAATTTGCGGCTTAGCGCAAGACCTCTGGGGACAGTGGCGACAATGGGTTTTTAATTCTCAACTCTCAACTTTCAATTTTCAACTCTCAAGTATCAACTTTTGCTTTTTAACTTCTTCAGTGCTGCTTCAAATTCTTCATAGCTCTTTTTCCCCTCAAGCACTGCCTGAAGCTTTCCTTTGGTGTCGTATATAAACGTTGCAGGAATTGCCCCTCCCCAGTCAGGGCTTAGGAAGTTTATCAGCTTTTCGTCACTGGTTTCCGTGTTTACCAGAATGCGGAACTTAACCGGCTGCTTTTTAAGGAAAGGTTTTATCTTTGATTCAATCTCATCCGGGTAATCAATGCTGAGCCCTACCACTTCGATGTTTTTATTCTTTTCCGCAAGTTTATTCAGGTCAGGCATCTCTTCCTTGCAGGGGATGCACCAGGTTGCCCAGACGTTTAGCACAAGGATTTTATCTTTCCGTTCTTTAATCAGTTTCTGCAGATCTTTAATCCCGGCGGTGCTTATGGCATCTTTCGCCGGATGAGCCGCAGGCGGAGGAACGGTATATATCAGCAGAAACGCAAGGATAAGAGTATGTATCATGGGGAATTTTTCCTGATGAGTTTAAAACCAGGGAGGCGCAGGAGAAGGGTGTCCTTTGCCTCCCCTCGGGGTAAGATGAACTGCTAATTTACTCTTTTTATGGTACATCCAAAAGCTTTTGTTTTGGCTACCGAAACTTTTTTTCCGTCCAGGATTTCATCCAGAGCGGCGCTCAGATCGCGCTTGGTAATGCCCGACTCCCGGCGGCTGTCATCTATGCGGCCATGGTAAAGCAGATCAAGACCTCCGTTAAGGACATATACCTCCGGAGTAAAGGATGCCGCAAATTTATCAGCGATAACATTGCCCGGATCTTTAAGGATGGTGAAACGGAGATTATTCTCTTCAGCGTGGGTTTTTATTTCTTCTATGCTTTCAGCTTTATTGGAGTTGATGCCCAGAAAAATAATTCCCTTATCTTTATACTGCTCGTAGAGTGCTGCCATTCTGGTATTATAATCATTAGATACAGGACACTGCGTTGATACCCAGATCAGGACGATTGCTTTTGCATCCTTATACTGCTCAAGGGAATGTGCCTTGCCGTCAAGATCATTAAGCGTAAAGTTTTCTGCTTTTTTCATTTCTTCGGCTGCTGCCTGGCGGTGATCTCCGCAGTTAAATAAAATAAAAGCGGTAAAAACGATGAAGAGAATTCTGCGCATGGGTTTTCCTTAGTTAATGAATAACCGCAAGATATGATTTTACAGCAACCGGGGCAATACCATTTACCGCACCAGTTGAGAAGGGCGTAAACTCAGGTCTGTGGTGAGAGAGGAATAGTATAACAGAAAGTGGTGCCCTGCCCCGGCTGACTGACAACCGAAAGCGTGCCCTGATTAAGTTTTACGAACTCCTGCGTGATGATAAGCCCGAGACCGGTACCCTTAGCTTTATGGCTGCCCCCGATTTCGGAATTTTTTACATCACTCCGGAAAAGTTTGCTGATATCCTCTCCGGTCATCCCGATACCATGATCGGAGATGCAGACTTTTGCAGAGCCGCCGGTAATTTCTGCGGAGACTTCCACGGAGGACTCATTCGGGCTGAACTTAATTGCGTTAGCAAGCAGGTTTCTGAATATAGTGCGCTGCATATTCAGGTCGGCAAAAACCATAAGCTTTTCAGGGCAGGAGATGTTAATGTCTATCTTTCTGTTGTTCAGATCAAGCGTGAAAGC
CP054182.1_gap23	750688	753673	2985	GATAGGAAGCCTGTACTAGAGCTTAAGAACTACCTACCACCGGTATGAAGTATTGCCCCCAATTCATACTTCAAACTTCATACTTTTCCTTCGCTTATTTCTTTCAATAGTGAGAGGAGCTGATTCCGGTTAAAGGGTTTTGAAAGATAGTGAGTGCAGCCTGCGGCAAGGAACTCCTCACGGTCTCCCATTAAAGCAAAAGCGGTGAGGGCTACTATGGGGGTGTCTTTATATGAAGGAATCTGCCTGAGCTTTTTGGTCACTTCTACTCCGCTCCCCCCCTTGCCCAGGTTGATATCCATGAAGATGATGTCATAGTTTTTTGAACCTGCTTTTTGCAGGGCTTCATCTGAGGTGCGAGCGTGGTCAACAATATATATTTCTTTGGTAATCATCGTGACCAGGTTAACGGCGTTTATGTCATCTTCAACCATGAGTATGACGGGAAGTTCGGAAGCGGACTCAAAAATAACTGGGGTCTGATGATCTTCATGCTCCGTATAGGGGAGTATGCTCTGATGAACGCCTTCTTCCCACAGGGGAAACGTTACAGTAAAAACGGTACCGTTGTTCAGCTGGCTTTTTACGGATATATCACCGCCGAGCTTAGTAACAAATTTGCGCGTGATAGTGAGGCCGAGTCCGGTGCCCTCAAAGTTTCTGTTATATCCTTCGCTCACCTGGCGGAATTCTTCCCAGATAATCTGCTGGTCTTCTTCGGAGATTCCGATACCGGTATCTATAACACTGACGGATAATCCCGATCCGGTATTTTCCGTTTTAACGGTAACCCCTCCACCGGAGGTAAACTTAATGGCATTATTAATCAGATTATTAAAAATCTGTGAGAAAATCTGTTTATCAGTGAGGAGGCGGGAGTATCGGGCGTTGAACTGCCTTTGCAGAGTGAGATTCTTTTTTGCTGCCATAGCACTGAAAAGCTGAACCACATCTTCGAGCACTGCGTGGGAATCAACTATTTCCTTTTTGATATCCAGCTTGTTTGCCTCAATAGCGGAGAGGTTAAGAATCAGATTGAGAGTCTCAAGCAGGCGGATGCCTCCTTTATGTATCATCTCGGACATTTCCCTGCTGTAGTCGTCCCTGGATTCATCCATAAGAATTTCAGAGAAGCCGAGGATAGCAATAAGCGGAGTGCGGAGCTCATGGCTCATGTTTGCAAGGAAGCTGGATTTAAGCCGGCTCATTTGTTCGGCTTTATCCTTGGCGGCTATCAGCTCTTCGACCATTTGCTTCTGTCCGGTGATATCTTCTTTTATGGCAAAGAAGTTGATGATTTCACCCCGTGAATTGACAACAGGTGATATAATGGCGTTTTCCCAGAAGAGTTCGCCGCTTTTCTTTCTATTCAGGAATTCCCCCTGCCATGTATTTCCGGAAAGAATGGTATCCCAGAGCTCGTGATAGAGCACCGGACTTGTTTCTCCCGACTGAAGAATGCGCGGATATTTACCTTTTACTTCTTCAAAGGTATAACCCGTCGTCTGGGTAAAAAACGGGTTTATATATTCAATCCTGCCCGAACGGTCTGTGATAATAATGCTTACCGGGCTCTGCTCAATTGCTTTGGTGAGCTTAAAGGCAAGCTCCTGCGCGTGATTCTTTTCAATAAACAGCAGAAGTTCATGAGCAACAATTTCCAGAACCTCAAGAGCAAAAGCATCAAACGCATCCGGTGCATCATAGCTTTGAACAACCACTGCTCCTTTTTTATTCTTTCCGGAGATCATGGGCACACCGAGCCAGAGCTCCGGCATGGTGCCCACTACCTCAACGTCTCCTGCTTCTTCAAGCTGAAGTATATCCTGCCTGGTAAGAAACAGAGGAATACCATGGGCAAGAAGATAGCCGGTGAGGGATTTTTCAGCACTCCACTCTTCAATGGAGTCCATCTGATCCTGCCCGTATATATCACGCAGCATGCCGGTTTCTTCATTATAAGCGGCAAAGAAAAAATTCTCCGTGTTAATCATTGTTTTTGCTTCGGAGAGGATGATTTCCAGCAGCTCGCTTACGGTTTCGGAACTGGCAACAGCCACTGCTATATTGTGCTGGAGCATGTTGATGCGCTGTATGCGTTTACGCTCGGTAACATCCACAATAATTTCATGGATCAAATATTCATTCTGTACTTTTAGCCTGCTGGCAAAAACCTCTACATCCCGCACGGAACCGTCAGCTCGGCGGTGTTTGTAGTCAATGTGATATTTAGAATTGGCCGCAACTTTTCTAAGGTCTTCCATGAGTTCTTCTGCGGAAAGAGTGTTCAGGTCAAAGACAGTCTTACTGAGCATCTCTTCTTTTTTCCAGCCATAAAACTCCACGGCTGCCTTGTTTACGTCAAGAATCCTGCCGTTTGATGCATCTATCATAAGCATTACTGCCAGGTTATCTTCAAAGAGACTTCTGAAACGTTCTTCACTCTGACTGAGTGCCTCTTCAAACTGTTTCCGTTCGGCAATTTCACTGGTCAGGCTTGCGTTAAGTTTTTCAGCGATGCTTTTTGCCTCAACAGCATCCTGCATCATGTTTAAAGCGGCGAGCCGGGAGTTATTGAGTTCAGCATTAATCCGCTCAAGCTCGTTCGCGCGTTCATTAATATGCTGTTGAAGTTCCGAGTTAGCTCTGGAAAGCTCATCTTCTGATGCTGAAGAAGGGGCGGCGGCATCTTCCTGCTGATGCTGAGAGGGCCGGGGGGAATTTTTTTCCCGGAGTTTTTCCTCAAGGAGACGTATCTGTTCTCTGAGACGCTGGTTCTCTTTTTCTAATTCTTCTGTTTTCAAAATATCAGACTGATTCCTGTTTCTTTTTTGAAATCTTTACAAATGAATATCAGAGATTGTTCATGTACGTGAAACTGATGTCCGGCTCTAAGGACTGGTCTTTATGTGAGCAGAATCTGTTCCTGAGGTTTCAGAGCTTCCGCCGGTGATAAAATCGAGATTATATACCGGCTCCTGCCCG
CP054182.1_gap24	763538	764439	901	CTTTCGAGCAGATCGCCGGGAATGGCCGCACAGTTGATTTTGACAAATGGTTTACCATTTCTCTTGCTTCGGTAATGGAGAGCGCGGGCAACAAGCTCCTTACCCACACCGCTTTCCCCCATAATGAGCACTTTAACATCGGTTGCGGCACATGCATAAATCTGATTAAGTAAATACATGAAAGAGGCACTCTCACCAATCATTGTAGAAACCGAATCAAGCTGTGAAAGCAGTTCTGCCTTTTCAGATCCGAGTTTCTGCTTTTCTGCTGCATTTTTAATGGTAATCAGAAGCCTGTCAACTTCAACCGGTTTTTCAAGAAAATCAAAAGCACCCTTCTTAAGCGCCTCTACAGCATGTGAGATACTGCTCTGACCGGAGAGCATAATAATAGGAGTGAAGCAATGTATTTTATCAAGTTCGCTGAGCAGATCAATGCCGCCAAGTTCAGGCATCACAACATCACTTATGATACAATGAAAACCCTGCTCTTTAGCCATCTGAAGGGCTTCGGCAGCAGAGTTGACGGATACCACTTCCATACCCCGGTTTGAAAGCATTCGCTCCATTGACTGCAGATGAACAGCATCATCATCAACCAGTAGAATTTTAAACATCAGCGACTCCGTTGTTTCCGGTTGGCAACATTACACGTACTATGGTGCTGTAAGCGGTACTTTCAGTAATATATATCTGGCCATGGTGCTCAAGAATAATTTTCTTTGCGATGGAAAGCCCAAGCCCGGAACCATCTGTTTTGGTAGTAAAAAACGGTTCAAAGAGTTTACTCCGGTGTTCATCATTTATACCGCATCCGTTATCACAGACATCTATCGTGCACATATCTAAAGAATCAGTTTTCAAGTTTTGTGCCAGATACGATTTAATAAGAATTTCCCCT
CP054182.1_gap25	781503	783315	1812	GGTTCAGTTAAGGCGGGGATGAGTTGGAAAGGTGTTTGGGGTGTTGGCTATGTGGGGTTTGGAGGAGGGGGTGGGACAATATGATAGAATAGTCGGGTTTAAGAGGGGGTCTGAAGGTGGATTAGAAATTTAGGAATGGTGTGAAGGAGGTGATTAAGTGGGGTTGGTTGAAATCAGTTAAGTGAGAAGGCACTTAAAGGGCTTTTGCAGCAGCCTTACGGGGAGTGTAATTATAAAATAAGTTCTTCCCGAAACAGTTGTTTTTGATGCTAATTATTACTTTTTGAGGTAATTTTATAATATTATCAGTTCCTTTCAGAGACTTCCATTTTTGCCTCCAACGGATTCAATCTATTCTTCTTCGCACCAGTATGCCACGATTTAGTTTCACTTTTTAATGGAAATTTCCTGATAACCGATTGAAATAATAGCATTTATAGGTATAAAATTCCCAATACTTAACTGAATTTCGAGCAATACGCACCAAATCGACAATACATACCATAATCCTCAATAAATTGCACTTTTCTAAACATATATGTTAATTTCTGTTTGTTTTATTCCTGAATATGTGTATATTTGCACCCATGAGTATAATTAATACACCAAATTTTAGCATTCATGTATGGGGGTTTGATCATCCCCCGCCGCATTGCCACGTCCGTTTTAAGGATGGTTCAAGTGTATGTGTGACTATACCTTTTATTGAACCAATGTATGGGGCTACAATAAGTTATGCAGTGAGAAAAGCAATTGAAGATAATCTTGACGAGATTGTGGATTACTGGGATGCCTTACATCCAATTAGACAACCGAAGAGAAAAAATAAAACGAAACTAAAATGATACGCTGGACCAATACCTCATACCAAAAAATCAGGCATGCAAAATTTGCCAACGAAAATGTTGTTGTGATTTTTGAAAATGGAGACATTATTGAAGTTCCTATAGAAACTTTAATTCCGTTCGATGTTAGGAACATTGAATGGAATAAATTGCATTATAATCCATTTGAAATTATTATTCCTGCAAGCCCACATAGTTTAGAAATTCCTTGGGATAAACTAAGAGTAATGACGGACAAAGATTTTGCAAAATATCTAGCTAATAAGTCTGAAGAGCAGGCGAAACTTATAGGAGTTAAAATTAAACGTCTTCGTGAACGAAATAACCTAAGCAGTAAAAATCTTGCAGAAAGAGCTGGTGTTTCAGCACAAACAATTTCGAGAATTGAAAAGGGACACACTGATGTAAGCTTTGGAACTCTTCGTAAAATACTTGCCGCAATGGGTTTTTCATTAAAAGATTTAGCAAATCAGGAAATAGAACTAGAAATGGAAAAAACTCAAAAGAGCTTCAATGTGCTTCTGAAAAGATTGAGTTATGCAGGGATTGATTCAAATTTTCTGACACGTAAAATTATTCCAGCAAGAATACAATTTGCATTGAATGCCCAACCGCAAAGCGAACCCGCAATGTTACTTGATGAAGCCGCAAGTTATGTTTCTACTATTTATGGTTGGACACTAAACGAAATTTGGGGTAAAGAAAACTTAGTATTAGGACCCGAACCTGCTGAAATGGCTTTCTTTAAGAAACCAACAAATGCTAATGAAAATCAAGTAAAAGCATACTCTCATTATGCGTTTTACTTAGCAAAAGTTGTTTTGAAAGCATTTAACCAAAAGAACAGTATTGAATATCCTTACAGTATAGAAGAATTTAAGAATGAATATTTCAAGAATTATCAAAACATTGATTTAATTGCACTTTTAGAATTTGTTTGGAATATGGGAATATGTGTTTTGCCGTT
CP054182.1_gap26	794003	797813	3810	GATTTCTGCTGTCAAGTTCATCAAGCAGTTCCTGGGTGAATGCATCGCGGAAGTAGGTTTCGCCCGGGTGAATTTTTTTCAGGAGCCAGCCGCATTCTCCCTGCCTGCCTGAAACGGTAAGAGCTTTTCCGTTTCCGTCAAAAGTGATAATGGTATCTGCAATTGCATTAAGAATGAGAGAACCCTGTCCACCCGAATCGTGGGAGTCAGCAGCCGGCTGGGCTTTTATTTTAAGGTCTTCAATCAGGATAACTCCGCCGGCAAAGTTTTCTCCTTCAAAGAGAGGTGTGGCTTTAAGCATGACGGAGATTTCATCACCGCTGAGTGTTTCAGAGGAATGCAGCTCCCGTTCTATTACATCGCCAAGGGGAAGCCTCTGCAGTTCTTCCTCAATGCCGGATGCCGCGGTGAAAATGCCGGAAAGAAGCGAAACACCCGGAGCGGGTTCGCTTTCCGGACTGATAACGTTAAAGCGGTATATATTATCGTTGAGGAAAGTAATGATGAAATTGCGGTCGAACGCAAGAATCCCCGCCGGAATGGATTCCAGCAGTTTAGCCGGAGAAGAAGTCTCCTGAATATTTGGATTGCCCGTTTCGTCCATACGTACTGTTATTGCTCAAAAAAATTCCTGCATGAAAAACTGACATCATGCAGGAGACAACTCACCGGCCCCGGTATATATGAATCCGCCCGTGGGGGCGGGTTCAGGCCTCTGAAAAACTTGCTTCTGCCTGGGAAGCATCATCAAAAATTTTAAATACATCATTCAGATGCATCAGATTAAAGATCGGGGTTATGGTCTGGTTAAGCCCTGAAATACGGAGATCTCCCCCCTTGAGCCGGATTTTTTTGGTGCAGGAAACCATAGCGCCAAGGAAAAAACTGTCAATAAAAATGACCTGCGAAAAGTCAACAACAATTTTTCTGATATCCTGATCTTCAATCAGTTTAGTGAGCAAATCTTTAAACTCATGAGCGATATCAGCGGTTGCTCTTTTCGGTTTTATGTTCAGCAGGAGGAAACCCTCCTTTAATACTGTTTCAAACATAACCCAAAACTCCTGTTTTACCTGGTCCTGGCGTAAAGGAGGTTAACTTAGAAACCTTTACTGCCGGCCGTAAAATATCACTTTCAGGGGTGGAATCCAAAGAAAAACAGGACTTTGAGCGCTAACCGGCATCAGAAGGAGATAAATGACCCCGGAACGGGTTTTCCGCTCCGGGGGTAAATTCAGACAAACCGCCGGTCAAAAGAGGGGCGGTTAAGCAGCGGGGTGAAAAACCTGAATGCTTAGTAAATCACAAAAGAAGCATTTACCACGGCTGTGATTTCCTTCTCGATGGAATATTCATCATTTATGCCATAGTCGGAAATCTGGTTGGAGTTCTTCGGAGTAATCTGCAGTACTCCCATGCGGGCATTGCGCAGCTCTCCCAGCGTGCGGTCGGTTGCTGATGCCACCCGGTTAGCCCGGTTCATGGCATCTTTGGCAGCTTCTGACTGCACTTCAATCTTCACATCCGCGAGCTTTGTATATATGAAGCGGGGCGGTTCGGTAACCACGTTTACTCCTTTTTCGATCAGCGAGACAATTTCCAGAGAAATTGACTGTATGAGCTGAACGTCGGCGGATTTAATTTCAAACCGCTGAGAGTAGTTCCGGCCGATGACCCTCTGTGTGGTATAGCCGCTGGCGGAGACTTCGAAGATGTCATAACTGGACGGCGGTGAAAGTGATACAGCATCCTTCTTAAAGCCCTTTCCCTCAAGATAAACAAGTACCTGACTGAGCTGGCTTTTCATCTGACGGTAGGCCTCCTGCGGAGAGGATGACTGTGAGGAAACCGTTGCGGCAAGGAATCCGAGGTCGGATACGATATCCATCTTGGCCGAGCCGGTCACATTGATGGTCTGGCTGTCCTTATTGCGGTCTCTTAGTGTATCGTTGATAATCAACACTGCAATAAGCAGAAAAATACCGCCTACAGCCGTGGCGATAATACCTTTGTTTATGTCGTTCATGTTTAATAAAGATAATTTGATGGTGATGAAATATAGGTAAAAAAATAATGTACAATGAACAATGTACAATTTACAGAACGGTCAATCCTGTTACTCCTGTCCATCCTTTGATCGCGTTCAACTCCCGGATGGGCCGCGGATGATACGGATGCAAGCAGCGCGGATTAAAACGGATCGGAAAATACAATGAACACTGTACAATGGCGGGGCGGTTTATCTTGTTAATCCTATCTATCCTTTAATTGTGTACAACTGCCCGATGGTCCGCGGATGATACGGATGCAAGCAGCGCGGATTAAAGAGGATCGGAAAACACAATGAACAATTTCAGAAATGGATTAACCTTCGTACAGACAGATACAAACTGTCTAAGAAGTTTTAAGTTTGAAAGGCATCTTCTATACCTTTGTTAAGGCTGATAATAGACTGTCTTCTCCAGTGTTCTATGGAAAGCATAAAAATCCTGTTAATCTTTTAATCCGGTTTTAACCAATTTGCGGCGCGTAACAAATTCGCAGGCTTCTACCCGTCTGTCTATATATGATAATTCAGGGTTTAAATCTAAAAGCGGGTTCCATTTCTTCAATTTCATATTTTGGAATTCCTGTCCGGGCGGCTATATGGTGCCAGTTGCTTACTGCTTCACGTATTTTTTTTATCAGAACGTTCGCTCTTTTCTGTTCAACCTTATAATATGGCGCGGTTTCAAGTACAAGATCGAAACTGAGGGTATTATCATTTTCAGAAATATTGAGACTCAAGCCGTTCCCTGCCGGGTTTGCATTCACATCATACATTGGTGAAAGTATCCATCCATCGGCGGTAAGGAGAAAACCGTGATTTCTCAAGTGATCATCCGTGTTTGCGACAGCAACGGAGAATACAATTCTTTTCCAGAGTTCTTCAAGATTAAAATTGACCTGAGCGCCAAATCGCTTAATAAAATCAGCCATTTCAAGATAGCTTGCTCCTGCTGAAAAATTATCACCGTCTTTGTACCCAAGCAATGTCATAGCCGATGTGAAATGAATCCTCTTGTTATCCGCTCTGTCAAACCGTTTTACCAGAAAAGTATGATGCACATTGCTGAAAGGAATAGCTTGTGCCGGAGGCAACAATATACCAGCCTGTTCTGCAAGCCGGTGAATAACCATCTCCCAGCCACCGATATTTTTTGTATCCTGAGAGCTTGGGAATTTGGCAATCCAAAGGTTTCCCTCAGCATCAGCCACATTGGCCTTGGGGCGGGCTCCGCCAAGTGAAGAACCCGGAGCAATAAGCCGGAGAAGCCATTTTTTGTATTCCAGACTTTCATATTCATCAGATTGTTCAATCATAAAACTTGCGTGCTGCAATTCCGCGAGCGAAGACCAGGGAGGAACAGCAAGTTGATGATCTGAATTGATAAACTCACCGTCTTCGCTCAATTTAAATCGAAGCCCTCCCATTCTGCTTTGATCATAAACACCAAGTAAAAAATCCGATTCAGATAATGTATTGGGAGTTCTTGCTTCTTCACGGGCGGTAATCGCTTCGCGGCGTTTCATTAAAAGGCGGCCCCAGCGATCTGGCGACGAATCAAGAAAAACTCCAAAGTTCGAGTGTCCGGACTGAGGATATTGAGTTCCTGAATAGTTTTGCAATTGTGGATCCAGGTAAAGTGCAGAGTTGTTTTTTAGCCACCCTGCTGAATATTCAAACGAGAATATCTCACTACCTCTTACAATCTCAGCATAGAGATATCCCACTAATTCTGGTTTTTTGAAGGGTATCCAGTCAGCATA
CP054182.1_gap27	808555	810507	1952	GCAGACCTCGTTGTAAGTCGGGTTTTCTTTATGGCCGCCCGCATATCCGGATATAACGGAATGAACGCCTTTTACTTCTTCGAATACCGCTTCCACACACCAGAAGCATCCGCCTCCGAATGTAGCTGTTTGTAATGAATCTGACACTGCATCTCCTTGTGTTGATATATTGTTTTTCTTTGCCTCATTTGAGCATGAGCTCAAAAGAAAGAGAAGGATGATAAAAAATAAATTATTAACGATTTGTTTGTTGAACATAATATATGTAACAGGTAATTTCGGTAAATTTGATCAGTTTTGCTCAATAGCTCCCGGCTTAAGCCGGGAGCTATTGAATGTAAATAATTTAATTGATTTTATCCGGTTGCATTTATTAGGTGCCCGGTAAAACCCGTGAAATACATTTGATCGGACAAGCTCCCGGTTAAAACCGGGAGACAAGCTCCCGGTTAAAACCGGGAGCTATTGAATGCAAATAATTCAATAGCCACCAGCTTTAGCTGGTGGATCTGTAATGTTAAAATTAAAATCAATCAACCCCAAATGCCACAAATAAAAAATTCCAATCATGATTTGGAATAAATCATAGATTTTCGGATCCTTGAAATCCGTGATATTTTATGAATCTGTCATATTCCGCGTCAAAGGTCTCGCGGGTATGATGGATTTCCTGATTCTGTATATATTTGCGGACCCGGTCAAGATGGTCCTGTGCTACCGATGCGGCAAAATATTCCTCCTGCCAGCGGAAATGACCTTTTACCAGTTTTTGCTCGTTAATCCATCTGGATGATTCTCCTTTAATCAACCGTACAATCTCTGATATATTTTGTGTCGGTTTAAGCGATACCAGACAGTGGCAATGTTCCGAGTAGCCGTTGACGTGATCAAGGTGAATCTCTTTAGCCCGGGCATTGCAGAGAATGTGATTCCATACCGCGGTGCGTAATTCAGGCGTATCGAGAAATTTTTCCCTGAATTTTGTGCTCCAGACTATGTGAATATATACTGAAATTAACGACATTAGTTCACACCTTTGCCCGGTAAATAGGCCGTGCCTCAGAAAACCGTGCTGCTTCCTTATAACCCGCCCTGAGATATGCGCTGCTCAGGCCGGTCCAGACAAAAGCGCCGGGGAGTTTTCCTTTTGGCTCATAGGGGTAGCCCTCAACAATATTGCCGCCCCGTTCCTTTACAAATTTCTTTACGGCTTTTAGTAATTGGACGCTTAACCCCTTTTCTCGGCAGTCTTTTCTGATAAAGAGACAGCTTACTGACCAGACCGGTTTGTCATCAACCGGTTTCAGAACTCTGCTCCGGCTGAGGTAATCATAGTCCAGCCGCGGGGCAGCGGCAATCCAGCCGACCGGCTCATCGTTGTAATATGCCAGGAGACCGGGCTCTTTACCCGAGCGCACTAAGCGTCTCATCCGGTTGCGATTAGTGCTCCCTTTCCCTTCATTAAACTCCTTTTTACCAATCAGCCAGTTCATGCACCAGCATCCTCCGCATGCGCCGTTGCTGCCGAAGAGGGTTTCAAAATCCTCAAGCGTTTCGGGGGTCAGCGGCTTAAATATGAGATTTCGTGCTGTTAGTCGTATAATCATAAAACATCTGCCTTTTCAGGATTGTTCCTCTTTGGTTTGAAGTGTAAGCAAAAAATAAGGAAAAAGGGGGAAAGAAAACAGAGCGGGTTCAGTAACCGGTGGCGGGTGCCGCAATACCCACGCCGGAGGAAGAGGTATATATAAAGAAGGGAGGCGGGTACAATCCGCCTCCCTGTATCAAGAGAGGAAAGAACTTATTTTAGGAGATTCAGTTTCCTGGTTTCGGTATAATTCTCTGATGTGAGCTGATAAAAATAAACACCGCTTGAAAGTCCGGCGGCATTAAAGGTAACCTGATGTGCTCCTGCATTCATGGTTTCACTGATAAGGGTACTTACTTCCACG
CP054182.1_gap28	811942	813001	1059	GGTAATTGCGGAGACTCTTCTTATCCGCTCTTCTGCAAAATAAAGAGTATCTCCCGTGACGGAAAGTGCTACCCCTTCCATATCGGTGCCGTTTGCCGGGATGGTGCCGTATGTGCTGCCGGTAAGGGAAATTTCATAAATATCCGGCTGACTGTCTGAAACGGTGAGAAGAGTATTGGTGTGTTTGTTATATACCAGCCCTGATGGTTCAGATACGGTGAGTGAGTAGAACGTTTCCGGTTTCATTTCAGAGGAAACCGGAGGAGCAGGTGCCGCGGTTGTGGGCTCTTTGCGTCCGCAGTTCCAGGCTGTGAGAATGAAAAGAATAATGACAATAATTGTCAGGATATACAGTTTCGCGATGCGTTTTTTCATAGTAAATAAACAGGGAACCAGACTTTGCCCGGTTCCCGTAAAGTATATAGATCAGGGCTGATTAGCTGCACCCTTAGTTATGGTATTTGAAATCACCCAGTTTGCGCTTCCGTCAGGAATCCGGCAATAGGATGTAGTTGCAACCGGCATTGCGGGAACAACCTGATGGTCAATTACCGTACCGCTGGCATTTTCGAACCAGACCTCATCTCCGCCGCTGCCGATGCCAAATCCCGCAGCTTCCTGAACATCAACGATAATAACATAGAAACCGTTTGCCGGAACGGAGGCTCCAGCCGGGAATTCCAGCTTTGGCTTTGTGCCGGCATTGCCGCCGCCATCATAGATCTTATAACCTGAGAGATCTATGCTTACCGGATTGGGATTATAGATTTCGATAAAGTCGAAATTCGGATCAGCGCCTCGTGAGAAGATTTCATTCATTACTACCGGCTGAAGGGTGACATTTCCTGTACCATTGGTTACACCTTTGGTTGAAGGGAAAATAACTTCCCAGTTGGCAGTTCCGTCACTTCTTCTGCCCCATGATGAATCAACACCCAGTGCGGGGAATGTTACTGTGTCAATAACGGTGCCGGATGCCTTTTCGAGCCATACTTTTTCACCGCTGCTTGAAAGGCCAAAGCCCGCTGATGTTGTATCATCCACAACAATTACCAGAAA
CP054182.1_gap29	857025	857766	741	AATGAGCACCGGTTATCTGCCGGGTGCACACGGCGCTGATTGTCCGGTTTATAAAACGATTCTGAAACAAAAACCGGCCTGGAACCGGAAAAAGAAATAACAGTAATACATACTTATAAAACACATGAGCTCTTTATGTTCTATTTTTTAGTTTATGTCAGTTCAGCAACAGTTCCATTTGCACAAAAAGACCTTGAGGATCTTCTGGAAGTAAGCAGGCGCAATAATAAAAAGCTGAATATAAGCGGAATTCTTCTTTATAAAGACGGTAACTTTATGCAGATGCTTGAGGGGGAGGAAGAAGCAGTAAAACAGTTGTATGACAAAATATCGCTTGATATACGCCACGGGGGAACTATTGTAATCCTCGATGGATATGAAGAAGAGCGGCAGTTCGCGGACTGGTCAATGGGTTTCCGCAGCCTGAACTCCCCCGAAGTGCTTGCACTTCCGGGATATAATAAGTTCCTCAATACTCCGCTGACAGGGCGTGAATTTTCAGAAAATCCCTCGGAAGCACAGGAACTGCTGCTGATGTTTAAGGAGAAGAACCGTTAAGAAGTATTAAGACAAAGTTCCATCTGAGGAGTGTGTAAGAATACTAGATATGAGGAGAGAATAGTCTAAGCCTGTTTACAACTGAAATTTTACAATTCTGTGACAACTCACTTTCCGGGGTACCATAGATTTGCGGTAAAAATAATCCGCTCTTATGCGGTTAGTTCATGGAAACTCCGGAAA
CP054182.1_gap30	859331	863821	4490	GGGGCGGTTCTGATTGCTGTTCTGGTTGATATTTTTGAGCATGATCACAGCGACCCGAGTAATACAGGTGTGCGGGTTAAACCTTAAAGTTGCTGAGATTCCATTGTTTCAAGGCAGTAAAAATACCAAAGATGTATCTGTGATAAGATGGTGCCGGAACCGGTTGATCAGCATAAACAGAGTTATAAGATTTTACATTCACCGCTGAACAGCGGCAAAGTGAAAGAATTAACAGGAGAAAATTGTCATGAACAACGTATGTAAACCCTCAGTGCTACGCCGGACACTGATTATACTGCTTGCCGCGGCGCATCTGAATCTGACGGCTTGTTTTTCGCTTGAGTCGGCGGCTTTCAATCCGGAGGAAAACTACTCCGATGGTTTTCGGATGAATTCGGTAACACTTGAAACAGGCGAGACGATTATATTTAATACATCAAAGGGGATGCTTAAGGTGATACCGGCACATCTGAAGGGTAAAAGCAAAGAAGGGAGGGAATTTGTTCTCTATATGCAATTACTGAAGGAAATGATAAGAGCATATCCGGAAGGGAAACCATTCAGCCCTGAAGAAATAAGCCTTGCAAAAGAAATTCATCTGAGTAATGGCCTGTCGCTCAGATGCAATGAAGGGGGTTTTCGCTATGATGAAAAGACAAAGAAAGTTTCCTGCATAACTACAGAAGGAAAACTTTATACCGTGAATCCGGACAGTATAAAACTGTTGTACCGTTCCCTTCCGGCAGTTATTCCGGCTGATACGCTGAAATATAACACAATATATTATCCTGAAGCACTGTTGCTTAAAAACAATATATTGATACAGACAGATAAGGAGGGAGTTATCTATCTGGCTCCGGTGAAGAAAGTTATTGGCGTAACGGAAAATAATAAACCGGAGGAAATAGATGCGTACCAGATAAAATCCTATACTATATACGAGTTTGACTTTTTGCAGACTGCAGCTTATCTTCTCGGAGGGGTGTTATTTCTAGCCGCCCTCTACTTTGTGCTTATGCTGCTTTTCTTTAAAAGTTTATTTACACAGATGAACAAATCCGGGAAATAAAAATCCGGAGGAGTGATACAGGCAGACATACGGAAGCGGTATGGGGAAAATGCCTGTCTGTTTGACGCAAAGCGGAATCTTTTTATTTTCGCGGTAGTAATAATTCATCAGAAATTAACCCAGGAGCATGAGCATGAAGAAATCACTCACCGCATCGCAGCAGAAAGAATTGCTGCTGATACTGAACAAACGGTTTGAAGATAACATGAAGCGCCACAAGACGGTGCTTTGGGCACATGCCGAAAAAAAGCTGAAAGCACATCCGGACAAACTCGTCTCTCTGTTCAGAATGGAAGAAACCGGTGGAGAACCGGATATAACAGGCTATGATGCCAAAACCGGAGAGTATATATTCATGGACTGCTCGGCGGAGTCCCCGATGCGGAGGAGTCTCTGCTATGACCAGGAAGCGCTTGATTCGAGAAAGGAAAATAAACCTTCAGGCAGTGCAGTTGGGATGGCAGAGGAAATGGGAATTGAACTGCTGACCGAGGCGGATTACTATGATTTGCAAAAATTGGGAAGTTTTGATACAAAAACTTCAAGCTGGCTAAAAACATCAGAAGAGGTAAGAAAGCTTGGCGGGGCGATTTTTGGTGACAGGCGATATAACCGGGTGTTTATTTATCATAACGGGGTGCAGTCATATTATGCAGCAAGGGGCTTCAGAGGAAAACTGATTATATAATTAGTAGTTAGTAATTAGGAATTAGTAATTGGGGATAAAAATGTACAATGTACAAGTTACGGGATTAAAAATTAATGATTCGTGTTGTAAAATATATAACCCTGCAGAGACACGCCGCGGCGTGTCTGTACAAAGGCCAAATCCCGGAAACAACATTGTGGGGACAGGTCGTGACCTGTCCTCGGGAAGCATAGGTGCTCCCGCTCTTCAGTATATGCATAATGTGACTGTTTTGAAGTCGTAGCACATCGGTAGAGACACGCCGCGGCGTGTCTCTGCATTCGTCGTGAATTATTTAAGCAAAATCATCTTTTTTGAAAGCTTCATATTGCCAGCGGTAAGCTGATAAAGATAGACACCGCTGTTTAATGAGCCGCGTCCTTTTATATCATCAGTGCTGAAATTAACCGAATAATCACCTGCGCTGCGTTCATCATTAATCAAAAGCGCCACTTCTTTTCCTGTAATATCAAATACTTTCAGGGTTGTTTTAACCCGCTCACTCCCTTGCCGGGGAGGGATGGTAAACCGAATCCTTGTTGTCCCGTTAAAGGGGTTCGGATAATTCTGGCTGAGTGTAAAATCAGAAACGGTGCCGTTTTCAGATCGTACATCCGAAGGCAGCAGAGGATAAGTAACGGTAAAGACTCCGCGTCCGTGAGTTCCGACAGCAAGGGTTCTGTCAGACTCCCGGTAATCCAGATATGCAATAGGCACATTTCCGATTTCGTTATATGCAGCATGAACCCACTGAGTGGCTGAGCCCTGAAGCTGGGTTGTCATGAGAAGTCCGATGCTTGTGCCGATAAAGACGTGCAGTTCGCTTCCGCTGTAAACAAACGTTGCCCAGCGGACAGAAGGACCATCCTCGCCGGATATATTACCCTCGACATCAGTCCAGCTGAGCCCGCCGTCGGTGGTGAGCCAGAGACTCTTGAAATTATAATTACCGAATGCAGCAAGCGCGCGCATGGAGTTTTTCGGGTCAACTGCGATGCAGCGGACAAATCCACCCTGAGCAGTTCCTCCGTTCAGATCAGGAGGAGTAACCAGGAAGGCCCCGGGAGCGGCAGAGTGAGCGTTATCAATGCGTTTGATGATGCCGTCAGTTGAACCGATATATACGGTATGGGGGGTGTTCTCTTTCGAAACACCGATGGCACTCACGCGGCGGGTCCAGCCGCTTACGTTTCCGACATCACTTACACTAATAGCCGTCCACCCGCTGGTAGTTGTACCCTGTGTGATATTGGAATTCCTCCATATACCGCTGTAAATAACCGGAGAACTGGTTTTGCCGGCTCCGTAGTATAGGATATCTGAGTTGGATGGATCAAGCGCAATTGGGTTTACAAAAAGCGCCCGGGTGCTTCCGCTCGGAGTCAGTGTAGTGACTTCAGTCTGCTGGCGGGTCTGCCGGTGAAATGGACCGTTCTGATACTGAGTATACATGCGGTTATCAGCCAGCGGCGGTAGTTCAAGTACAGTACCGTCTCCGCCATATATAAGATACCAGAGGCCGGAAGAGTCTGTAGCCAGCGAACCGTTATCCTGAGCTCCGGCTACAATCATATTATCGCCGCTGTCAGGAGAGATTGCCACGGAATAGACCTGCGTTACGTTGTAACCGTTATTAAGTGAAGTCCACACCATGGAGCCGGGCATGGAAATGTTATCCGCGCGGTGAAGTCCGCCGTCGGTAGCGGAGTAATATATATTAGTGTTTGTTGGTTTAAACATTCCTCCCTGTATATCGGGGTGATGATTTCCTTCCGGATAATAAGGATAACCTCCTATAACATCAGTGTTCGCGGTTGAAGTAAATCCGTCAGTGGAGCGGTAAAGATTTGTGCCGCCGATCAGAATGAAGTTCGGATTATCGGGCTTGATATGAATGGTCATATCATAGCCAGTCTGAGTGGAAAGGTCTGAAGGCAGGTTTTGCGCGCGGTTTTCCCATGTTCCGCCTCCTGCAGCGTGTGTATATTTCCAGAGCTGATGACCAGCCACGACGGGGGTATTATCAGGCCCCTGCACAAAGACATATATAATATTTTCATCAGAGGGAGCATAAGCCATGACCACTCTGCCGCTGGCGGAAGGGAAATTTGCCGGTGCGATTGATGACCAGTTCACACCATCTTCGGAGCGCCAGAGTTTCAGAACGCCGCTTTCGCGGGTGTGCGCGTAAATCACACCTGACGGGGTAACAATAACATCGGTAGTGACCGTTGGAGTGTTTACCGTTCCGGGGTCGGAGGCTTTTGCAACACTCCAGGTTTCACCGCCGTTAACAGAGCGGTATATACCGCGCCAGGTTGCGGCAAAAACCTCATCCTGAAGGGTATTGGCGGGATTAACAGCCACATTCCAGATAAAATCAAATGCATCGGGGATATGCGGGGTGCCGCTCGAGGTTGAGGGGAGAATTTCCCACGTCTCACCGTTATTGGTTGATTTATATATACCGTCACCGTGATAAAAGGAGCCCCACCGGGTGTTGTTTGTGGTTGAGCCCCGGAACTCACCGGTGCCTACATACCAGATATTGGTTTTTCCGTCACGGGTATCCTGGGCAATGCAGCTTGTTGAGTGGGACTGTTCGGGGCGGAGTTTAAGGCGCCAGCTTGCGCCGTCATCGGTTGATTTCCAGATGCCTCCGGCAACCCCTCCGGCGATAAGTACACCGGTATTTTCAATATCAGCGGCAAAGACACGGCTTCTTCCTCCGAT
CP054182.1_gap31	992139	994933	2794	GCTGTGCCATTACTGATAACGGCAACCAGGTTACCTTTGGCGGTGTAAGAATAAGCAAGCTCCGGATTTTTTTCAATTTCAAGACAGGGTTCAGCAACTCCTGGGGTATAAGCTAATGAAAGATCGCGCTGGGTCAGACATGGCTTGGTGGGGTTAACTTCAATTTTTCCCTTACGTCCTGAACTATGATAATCGAGGGCTTCCTGTTTGGTAGTTTTCATAGAGGACTCCGTTTACTGTGATGTTGTGTTAGTATAATTTTAAGAAAAATTATGCCTCAAAATACGGAAAAAGGGGGAGAGAATTTTAATGAATAATAAAGAATGAAAAATGAAGAATTTTATGGAGGCTTTGGTGATTTGGGAAATTAGCGGATTATTCTCATTCCTGTGGTGTCGCTATTGTCCTTGCTGTCCTTGAGGGGAATAATTTGGGAAGAAAAAGGACAGTAAAATGCTTCCCGCGGATTATTCGGAAAAAAGCAAAAATTGCCATATTCACACTTCAGTTAAGTCAGAAGCAAGTACGGTTCTTTAAGAAATGCAGTCCGCCAGATTATTGAGAAGATGAAGGGAGAATCAGTGGCGGGAGAAAGAAAAGGGGCTCAGAAAAAGCTGGCATCCGGGCTAACACGGGGGTTCTGAAAAAGGTTTGTATAAACTTTTAGAAAAAACCTTTCGGACAAATATGCGCAGTTTTTACGGTGCTTTTCAAAATTTGACACAGTGCGTCAAGAATTACGCTGGACGCATTACCGACTGCCAGCGCTGTTCGATTCTAATTAAGAGGAAAATCGGCTATATGGAAGAATGCGTCAATAACAATTTATTGATCATGACGGGATTTAATCTGAATTTAATACTTGCAATAAAAAAGACAGTAAAAGAATTTTTGACAATGCATCGATGAATAATAGTACGAATTTATCTTAAAATAATAACCTTAACCACCAACACAGATATCCTCACCCAACTCAAAGAACCGGGTAATGAAAGAATGCACAAGCAGAAGACAAAGATAATGCCGGTTCCTAGGTTTCGGATCGAGCTAAAAGGAAAATCATCTTAGAATTATGAGTATGATGAAAAACCATTGCAGACCGAAATATCAGCCGTTGCTGACCGCACTGAGAAATAAATACCCCGGAGAATGATATACCCCGGGGTTTTTCTGCAGATATTATGTTCACTACTTTTTATTCAGGACAATCTTTTCTTCTGATTTGTTCTTCATCTGTTCAATAAGATTCCTGAATTCAGAATAATACTGCGGGGTTATTCTGTTTTCTTTAAGAGAAAAAGTTTCCTGAAATCTGAGTTTTCCTCCTCCTAAATCCTGATAGCGGGTATCATACTCCATATTTTTATTGGTGAGAGATAATTTTTCAGGCATACTCCGCAGTTCGTAGTACTGATCAGGGAGTTGAAGGGTGATATTTTTATTGATAGTGAAACGATATGGCAACAAAAGCGGATAGGACCTCTTTTCCCGCTTTAACCAGGAATACTGATTAAAAATGTGAAACGGATTAATTCTTGCCATTGATAAATCTGCAGCTTTGGTAAACAGTGATGCAAAAGAAACAGTAAACTGAAGCTTCATTTCCGAATAGACAGAGTCAACCGGAGTATGAGATATATTATCAATTTTGGCATTGATGAAATCTTCGGCAATATAATTGCCGCAGTGCCTGGCAAGTTCATCGTTGGTAAGGTCTTTTAATTTGTAACGCGCCTCCTGCGCCGAATTTCCCTTATACAGAATAGTAACATCCATCTCCGCTGACCCGTCCGGCTTAATCTGTATATCAGCATTAAAGGTAGTGACATTATCAGAAGCGGTGGAAACCGGAGTTTTTTGAAAACTTGCTTTGCCGTCTGAATTCATCACTAATGTTTTAACACCCTCGCCGCCAACGGGGAGGTCAGTGAGAGTCGCGAACTCAGCGGTTGCATCAATAAAGTATGATTTTCCGGATGAAGTGGTTGCCTGAATAATCATGTGATTAAAGCGCCAGGAAGCAAAACTTTCATCTATTTCTCCACGGTCTTCGGTCAAGACCAATACTGGTTTTGCGGTAATCCCAATCGAACGGCACAGACTTACAAGCAGTGTGGATTTATCCTTGCAATCGCCATAATTCCGTTCAATTACTTTTGAGGGGGGATTAGGCACTAATCCTCCATCTCCAAGCACTATTGAAACATAACGCATATTTCTCACATAATGGTTGAGCGCCTCAATTTTTTCTTCATCAGACGCAAGATCTTTTGTGAGTGACTCAGCAAGTGATTTAATTTTTGATGAGGTTTCCACCTGCGGCTCAAACAGCTCCTTGTAGTACCAGGTTGAGATATCATTCCAGGATTTCCAATCGGAAGGAGCAAAGCGAACATGCCCGATATAATTCGACCAGGCAGGCATATTGGGTTCGGGTTCAAATGCCTCAACGTTATTGAGAGTCCATGTTACGGTCATGGGCTGTGCAAGGTCCTTGTTTTTAATACCCTCATCAGTAACCTGTTTGGGGAGGTTAAGATTATAGGGTTTAAAGTTCCAGTTCCACCCGGCACCTCCTAAGCCCTTTGCCAGGATGAGCAATTTCGGAAAGCGTAGTATATACTCATTCTTAAGAATCGGAACAGTGTTTTGTGTAAACCAGACATCATAACGGAATGCAAAACCTTTTTTGATGGTATAAATATACTCGATGATGCAGTTCTTTTCGATTGCGGGGAAAGTAAATTTAACGCTTTTTTCATCGGTATAAAATGAATTTGCATCAGACGAGCCG
CP054182.1_gap32	1068209	1073029	4820	AGGGGGCCGGGTTGTCTTAAATGTCCGGAAAATCTGTCAGGAACGGAAACAACGTGATGAAGAGAGGCAGGGACCTTGAAGAGGGGGTTCCTGCAAGATGAAGAGAAACAAAGTTCCTGATTGGTTGATGATGTGTTAGGAGGCGGTGTAACTACCGCCTCTTATTTTTTTACCGGGAAGATTTCCCTTGATTAGTGACAGAATACAAAAAAGCCCCGCTGGTAGCTGCCGGCGGGGCTTTTGTTTTTTAACTGATAGATTTTAATTTTTACTACTTAGTATTTTATTAATAAGGTTAAAAATAGCCTTAAATGAATCAAAATCTTTCTTATCAAAATTCTTTACATTATCTGCAAATTTTTTCTTCTTTTTACTATCTTTAATTTTGTAAACCTTGCCATTTCCAGGTAATTCACATAACACACAAAAATCTTTAATTAGCTCGTCCTTAAACATCGTTTCTATGCAATGAACTGAATCGTCCTTGAAATCCTTTCTCGCATAATCTTTACGAAAACTGGGCACAGGTAAAAGACTCAGAAAACCTCTACCATTACTATGGCTTAAAGTTAATCCATTAAGTTCTTCTTCAACAAAATTTTTATATACCAAAACCTGCTTATCTTGTTTTTTGATACTTAATTGTAAAACTCTCTCCCATTCTTTGAAGGCACTATCAAAATCAAGCAAGCCAATAAAGATTTTTTTAGGATTATTCTTAAAAATATCACCTCTTCTAAACATATTACCTATAAAATAACAATCGAAAGCAGGAGTAATTTTAAAGGGCATCGGTTTAGTGTTATATAGTTTTGCCCAAGCAGTTGATAATATCATAGCGTCTGTCTCCCCTTCGACAAACACGACAGGTAGATCATCCTTTTTAATCTCAGCCAATATTGCTTCGTAAGAACTTATCTGATCTCGATAATTTTTTACATGTGGTTCCAAAAAAGTTAGCATTCCAAGTTCTTTGTCAATTATATCGAATTTCTCATCATCTATTTGTTGAAAATCTGTTGTAATTCCAGAATCGTCTTTGTTTACAAAGTAAGTGCTGATCCCGACATCATTCTTTGCTAATGAATAAAATACAGGAGAGTGGGTGGTTACTAATATCTGAATATCTTTACTATATTCCTTAAAGTGATCAGCTAATTCAATTGCACGTGCAAATTCAAGACTATTCTCGGGTTCCTCATAGCCCCAAATAGTATTACGCATAACGGATCCTCTTGTGTAGTGCATATTGCTTTTTTTTGAGATAAATTTCAAGATAATAGGTATATGCTTAGATTTTATACCATCACCTCTAGATTTTAAAGGTACTTTACTTGAAGCTATATCGGTCTCAAAGTCTAATGTTGAAAACAACCCTGATAAATCAGAGGGTAACTGAATTGCGCTTTGAAAATTTAACTTATCAGACAATTCTTTAGTTAATTCAGTCGTGTGGGAGCGAATATTCTTTATGAAGTTATCTCCTGCGATGATTAAGTCTTCATTTATATTAGTGTAAAGAGTATCATATAATGTGGCAAGTAATTTGCCGAAATGATTATCATCTTTTATTGCAGGAACATATTGAAATTTGAGATTTCGAACCCATGACTCCATTTTTGAATTTTGGGGAATACTCCTATTATCGGCCGTTCTTAAGGTTTCTTTTCCAGACTGTAGCCCCGATTCTCTCCACCTTTTTGTCCAAACAACTTTCTTTTCATGACCTTTATAAGAAGAGGGCGGAGAAAATATCACTTTAATTACAACTTCTTTTGCCTTTTTGAGACTCGTTTTATGATCTTTTGCAAAATCATTGACAAAATTAAAAGGCATTCCAACTTCTGTTTCTTGATTGAAAAAAAGGTTAAGCGCCTTTAATATATTTGACTTCCCCACGTCATTTTGGCCCACAAAAACAACAAATGACGTGAGCTTGACATTGGCATATTTAAGTGAGCGAAAATTCCAAACCTCAACTCTTTCAATGTACAAAGTAAACCTCTATGATTTTATTGTAAAATATAATGATTAAAAGAAGCAAACACCAGTAGCAAAGATTTAAAAGTTAGGGAGCCACACGATTGTATGGCTCCTAGAAACTTTCCCTACAAACAATTCAATAGTTGAGTAAGGGTTTAATTCATACTTGGCAGATACGAATACTTCTTTGCGTAGTACATCATCTGCTCAGTGAAGTCTTCCGGATATTCAACTTTCACATCCTTAAGGACAGTACCTTCATAGACAGGTATGAGTACCGGATTGATAAAGCCCTTATAAGGAGCGATGTTCAGTTTTTGATAGCGCTCCAGGACTTCCTTATGCAGTGTATAGTCAATCTTAACGCCGTAGGTTTCAACTAACTTCTGCGCGGCTTTATAGTCGCCTTCTGAAGTGATGCGCTGAACTTCGCGCAGCAGCTGTCCAAAAAGTGCACGCAGTTTCTGATGGTCGTTTACAACAAAAAAGATTTTTCCGTCGCGGACTTTCTTTTCAATGACATTTTCAGCTTTTCCTTTTTCATAAGCCCACGCAGCCACTATCTGCCGGTTGCGCATGTGATCCTGTTCAACATTGTCACCCAGTTTAATGCGGGTGAGCTGCGTCATCAGTCCGTTGCGGATATATTTTTCATATTCGGCTTTTCCGGTTTCGAGTTCGGGCATAACGCCGATATCAATCAGCTTCTGGTCAAGTATATACCAGAGCGCTACCAGGTCGGCACGGGTTTCTTCTATGGTGGAAGCGAAACTCTTTAGTGACTCACGAGGTGTGCCAACGCCAGGGTTAATCTGACCGCTTGCGTGGCCGATTACTTCGTGCATATCGGTGTGCAGGTCATCAGAAAGCGCGCCGTATTTTTTCTGCCGTTCTATTTCTTCCGGTGAGTAACAGAACTCCTGCAGCATTCCTTCTGAAGCAGCCATGTTATAAGCATGAACTATGTTGCCAAGGTTTACTGATTTTGAACCGTGCTCTTTGCGGATCCAGTTTGCGTTCGGCAGATTGATTCCGATCGGGGTTGAGGGGGATGCATCTCCGCTTTCAACCACTACGGTTATAACTTTGGCTGAGATTCCGACAACGGTATCTTTTTTATGATTATCCATAATTGGGGAGTTATCTTCAAACCACTGTGCGTTATCGCTGATGGCTTTAATGCGTTTGGTAGCTTCAAGATCCTTGAATGAAACCACCGCTTCATAGTTGGCACGCATGCTCATCGGGTCGTTATAGGTTTCGATAAAGCCGTTTATTGCATCAACGGAGGCCTCGGTATCCTTCACCCACTCGATGTTATATTCATCAAAGGTGCGGAGATTTCCGGTTTTGTAAAACTCAATCAGTTTTTCGAATGCTTTCTTTTGTATTCCGGTTTCAGCAACGGTTACAGCTTTCTCAAGCCAGTAAACAATCCGTTCAATAGCAGGGGAGTACATTCCGCCAACCTTCCAGACCTTCTCTGATATTACACCGTTATCTTTAACTAATTTGCTGTTCAGTCCGTAAGAAACGGGGCGTTCATCTTTTGGATCAATTATTTTCTTGTAATAGGCATCAACTTCTTTTTCGGTAACACCTTCATAGAAGTTGACTGCTGAGGTCTGCACAAGATCTTTGCCCGGATCTTTGTTCACTTTTGCCGGTGCAGTATTCGGATCAAAGATAACCTTCTCAAGCAGTTTAAGCAGATCGGCCGCGGACTGGTTTTTAGGGATGGGGAGGGAGTCAGCCGGCATGCTGTTAACTAATGATGAGAAATACTCAAAACTGAAATCGGGCATAATCTTCGCATTAGAGTAGTGATGATGAATGCCGTTTGAGAACCATACCCGCTTGGTATAAATCATAAAGTTGTTCCAGTCAGCGGAGGTTTTATCTCCCTGATAGCCGGCGACTATTGCCTCAAGAGTTCTTCTTACGGTAAGGTTATATTTATAATTCTGATCATAGATGATATCCCTTCCGGCAAGGGCAGCTTCATAGAGATAATAAACAAGTTCTTTCTGCTTCGGGGTGAGCTCCTCAAAGCCGGGGACACGGTAACGGAGAATGGCCAGATCGGCAAACTGCTCGGTCTGGACCTTGAAATTTTTATCATCGGTCATATTGGGTTGAGTATCCTCTTTCTGGCCGCAGCCGGAGAAAATAATAAGAAAAAGAAACGAGGTCAGTAACAACGGTTTCATGATGTTTGCCTTAAATTAATGGTTCAGTCAGTTAAAATCTTCCTGATTAAGGAAAAAGAAAAACCGGCTATGTAAAAATAGGGACGATTATCATAATAAACAGCATGCCGGGGCCAAAGAAAATCTTAACGCAAAGGAAAGCGAAGTTAAGCGCCGAGTAACGCAGAGTTAAATTAACCCGACCTCTTCCAGTCCTTTCTTTATGCGGCTGAAACTTAATTCGATATTATTGTCAAGCCCGATGGAGAATCGCACAAGTCCGTCACTTAAGCCCATTGCATCGCGTTCCTCCGGCGGAATCTCAGATGAGGTGCTGTGACCTGGTGAGCTGAAAAGTGTTTTGAAATATCCAAGTGAAACAGCCAGATAGCCAACAAAATGTCTTATAACAAAAAGCCCCGGCTGCGAACCAGGGCTTTTTTAATTAAAAGTTATGAGTTAAAAGTGAAAATTCACAATTTAGAATTCCTAATTATTTGAGCAGTGTCATCTTCCTCGTAATGCTCTGCCCTTTGCCGTAGCTGAGTTTATAGATATATACTCCGCTTGCGTGGCTTGTGCCGTCAAAAGGAACAGTATATCTGCCTGCTGAATAACTTCCTGAAGCAAGGGTTGCTATCTCTTTGC
CP054182.1_gap33	1239088	1240650	1562	GTCCTTATCACCGAACACCGGTACTCGCCTCAGTATAACAAGGCTCTCAAAAGCGGAAAGTATTGTGTGCAGTTTGTTACGTTCAGGAATAATCAGGACGGCATGGCGGCCCTTCAGTGGTGGCGCGACCGCTGCATTGAGTGGTGCTATAACCGCTATGAGGATGGAAAATTCGGCGATCAGTTATATCTTGAAGACTGGCCCCGGCGCTTTAATGGCGTGCATGAACTGCAGCACCTGGGGGGCGGACTTGCCGCCTGGAATGTGCAGCAATATACATTCACCAAAGCCGGCAGCGCAATAAGCGGAAGGGAGATCACATCAGGGAAAAACTTCCCCGTGATATTTTACCATTTTCACTATCTCCGTTATTATGAAGATGATCAGGTGGAGCTGGGCAGAAGAACCCTTGTTCCGGAAGTAATAGAAATCTTTTACAAGCCGTATATACAGAAACTGGAAAGCATAAAACAGGAGATAACTGCCCGCTTTCCGGGATTTGACCCGAACGGAGCCCGGCCCCGCCCTTCCGGTCTGAAAGAATTTTTAGTAACCCTCTGGCGCAAGGCAGCCGGGGTATATCATATTTATCCATTGCAACATTTTCTCTGATACCGAATGGCCCATATTATTAATCTGACTACCCGTAGTGACAAGCGGGGCAACCTGACTGTGATTGAGAAAGAAATTCCTTTTTCCATCAAACGGATATTTTATATATACGGAGTTGATGATTCCGTCCGCGGAGGGCACCGCCACAAGGAAACCGTGCAGGCGGCAATCTGCATTCACGGCTCCTGCATTGTCTCGAATGATAACGGAAAAGAAAAACAGGACTTCCTGCTCGACCACCCCAATAAATGCCTGATCTTAGAGCGGGAAGATTACCACACCATGCACCACTTTACCCCCGATGCGGTGCTGCTGGTGCTGGCCTCAACTCCGTTTGATCCTGCTGACTATATCTATGAGCCGTACCGATGATTGACTACGAAAATCTGGCGAAACTGAACCGCCCCTTCTTTGATGAGATGAAACAGAGCTTTAACGACACTCTTGAAGGGGGATGGTATATCCTGGGTGGGCGAGTAAAAAAATTTGAAGAGGAATATGCTGCCTTCCACGGCATGAAACACTGCATCGGGGTGAACTCCGGACTTGATGCCATGGTGCTTGCTCTTAAGGCATTCGGCTTTCCGGAGGGTTCGGAAGTGATTGTTCCTTCCAACACCTATATAGCAACCATACTCGCGGTGATGCAGGCGGGGCTGAAGCCGGTAATGGCTGAGCCGGACATCCGCACATATAATATATCTCCTGCGGAAATTGAAAAGAAGATAACGAAGAAAACCGCGGCAGTGCTTCCGGTGCATCTTTACGGCAAGTCATGTGATATGAAGTCCATCCTTGAACTCAAGGAAAAATATGGGTTTAAACTGGTTGAAGACTGCGCTCAGAGCCATGACGCAAAGCAGTATGGCAGACTGACGGGTACCTTTGGCGAGTACGGCGCATTTAGTTTTTATCCGACAAAGAATCTCGGAGCTATTGGGGACTCAGGC
CP054182.1_gap34	1243313	1246857	3544	CATCCTTATCAGAAACGAAGAGAAGTGATGCTGAAGAAACTGATTCAGAGCCAGTATTTTAATCCGGGGCCGCTTGGCATTATCGTTAATCCCTTTTACATCGCCCGGCGTTCCCTCTATCTCGGCATCAGAGAACTGGGCAGCTCCGTAACGGGAAAAACACTTGATGTTGGCTGCGCTACCAAGCCATATGAAAATCTCTTCCGGTCAGAGATATATCACGGATTAGAGATTGAATCCACGGTGCACAGTGAGGAAAGCAAAGCTGATTTTTATTATGACGGCAATGTGTTTCCGTTCCGGGACGGTGAGTATGATTCCGTGGTGACAAATCAGGTTCTTGAGCATGTCTTTAACCCCGATCAGTTTCTGAGTGAGATAAACCGTGTGCTTAAACCGGGAGGCACATTACTTCTCACGGTGCCATTTGTGTGGGATGAGCATGAGCAGCCCTATGACTACGCACGCTATTCTTCATTCGGGCTGAAATCGCTTCTCGAAAAACATGGCTTTGAAATTCTCCGGCTGCATAAAACCGTACCCGATCTGCGTGTTCTCTTCCAGCTTCTGAACGGATACCTCTATAAAGTCTCCGCGTCAAAAGGATTTCTCATCAAGCAGATTGTCCAGTATCTTCTGATTTTCCCTCTTACGCTGCTCAGCTTCATTGCGCTTATCCTGCCGAGGAACCCAGATTTTTTCCTCGACCAGGTTGTGCTGGCACGGAAAAGGTAAAACCCCTTTAACCGAACAAAGCTTTTACGCACAGGAAGTTCGCCTGAATGGCAGGTTTTAAGTAAATTGAGCCCTGAAAATTCAATAATTGGCGGTGATTCAAAAGGTTTTCCGGCCAACTAATAGTTTCTATTTTTTTGAACAGATAAAATTTTTCGCATGCTGCTTAAGCTTTATTTCATACGCAAGATTAAGGGACTCTTCATCCGGTTCCGGCTGCATTTTCTTGTTAATCCGTTTTTTTCATTTTTTCTTAACCTGATTTATCTGGGCAGGCTGAGCCAGTGGTGCAGGGAAAATATGAAGCTGCCGTTTAATGATTTTTACAACGGTTCGGTTAAGTATCAGGACCGGATTCAGCTTCATGAGTATTTGCATAAAACTCATGTTGCCAATGACGCGATTGATTATCTTGAGTTCGGTGTTGCGGAGGGACTTTCGTTTGGCTGGTGGCTGAATTGGAACACTAATCCAGAATCAAGATTTTACGGATTTGACACCTTCACCGGACTGCCGGAAGATTTCGGTGTGATGAAAAAACCAGATTACGATACCGGAGGAAATTTCCCAAAAGTGAATGACTCACGTGCATCGTTTGTGCCGGGTTTGTTCCAGGAGTCATTAGAAAAGTTTTTGCCGTCATATCAGAGTAACCGGCGAAAAATCATTCACATGGATGCTGACCTTTATTCCTCAACGCTGTATGTACTTACACGATTATATCCTCTGCTGAACAACAATGATATCATCATCTTTGATGAGTTCGGAGTGCCGACACATGAATTCAGGGCATTCACTGATTTTGTTCATGCCTATAATTTTAAGTATGAAATCCTCGGAGCCAAGAATAATTTTCTGCAGCTTGCAATAGTTGTGAAAAAGTAGGTTACATTTGTAGGGACAGGTCGCGACCTGTCCTAAGGAAGAACGGCTTTCTGCTGCGGCTATATATATAATGCTGTCAGACAGATTGTCATCTGTCTGTACGAAACATAAATCCCGATTGCACTGCTTGTACATTGTTAATTGTACATTTCTTCATTCTTCATTCTGTTTTCCCCCGTAATGCCCGGAATAGCTGTCTAACAGGTTACGTATTACCTTTTGATATTTGCTTCCGTTCTTCTTAGCAATTTTCTTAAAGAATTCCAGACTTGACCGGCTGAGGTTTATGGTGACCTTTACGGTGTCATCTTTAAGGACCAGGTCTTCCGGACGGGGGAGAAAGTCGCGTACAACCTCAACCTCTCCGATTTCACCTTCACTGTATGTTATTTTCTTTTTCATAAATCTGTTTTCCTTTTCTCCAATAACCGGCGCCAAAAATTCTTATTGTGCCGGAGCGGTACGTGAACCGCACGGTTAAAATTTCTCCATCCGTTTTACCAAAACAAAAGAACCGTTCCTCGGTCCGGCTGTGATCAAGATCCCGGGCAATAATTCTTTTAGGATCCTTGAATGCAAGCTGTGCCTCCTCAAACGAAACTCCGTGTTTGGCCTGATTGAGCTGGTTCTTTTCTGCATCCCATTCGAACTGTGACAAGTCAGAGATTCCATATAATCATACATACAAAAGTACATATAATTATATTTATAAGCAATGTTTTTGCAGGATTTTAGCTAAAATCTTTCAGGATGGAAAATCGGATGAAATAGAATTTTATCCTCATCCGGCAAATTCTAGTCTGATTTAAGAATGTAATCCAGAATATTAGCCGATTTATTGTAATTTCTTGCATGTGCCAGTTGTTTAGAAGTTTGGAGATTCTGGATTTCTACAATTACATCATTATTGCCTGATTTGAATGCTTTTGTTCGCAATCCATCCGTACAGACACGCTGCGGCGTGTCTCTACATGGCTGAATTTATGAGATATCGGAATGGTTTTGTATTTGTCGGGACAGGTTGTGATCTGTCCTGATGAAAAAATGGCTGGTTCAATAATAATCTCACCACTTCATGGTTGGTTCAATATTATGTTTTCTATTATTCCGTACAGACACGCCGCGGCGTGTCTCTACAAAACAGGGGTCAGCAGGGAATTAGATTTGTTTCAAGGTTTCTGTACATTGTAAATTGTACATTATTCATTATCTATCGTCAATTCTTTTTTGCTGACTCGTGCAACTGCCATTTCGGCTATTGCGGTGAGAAGGGCCAGAAGGAGAAAAAACTTCCACAGTTCTGTGCCAAAACGTGCCTGATTGATTTCTTCCGTAATCGCAGCGCCGTAATCAAGTATAACCGGCTCGTTTGCTGCACCTGATTTTTTGAAATATTCTTTCAGCTGCTCATCTTCGGCAGATGTGGTTCTTGATTCGGCCGGATCATGATTCACGCTTTTCCGCTCAAGTACTTCGCTGCCGCTCAGAAGATCATAGACACCGGTACGTCCGGTCGAGCGAAAGGTGAAGAGTCCGGATTGTATCTGATCGTCTGATATATACTCGTCATCCCCGGATGGAAGGCTTAGTTTAAGCTGATCTTTTTTAGCGGATGGAACGGCAAAGCGGAGCGCTTCACCGGCCATCAGGGATGAGTCCTTCTGCCCCGTGCCTGAGAGATAATACACTGATCGGTAGAGCATGGGCACAAATATCCCTTTGAGCGGAAGATTGCTGTATTCAAGCGAGGGGGGGATGGTAAAACAGAGTATCCTGCCGTTCCCGCTTCTGTGTTCAGAAAGTGCAGCGGTTCCGTCAGCGAGGGTTATGACGGATTTTCCTCTTCCTCCGGGGAAAAACTGGAGGTAGCTGTATATATCAGGACTGGCGGCTTTTTCCTTCCCCTTCTCAAATATTCCCGTGA
CP054182.1_gap35	1258406	1260470	2064	ATTTCTTTTGGAAATTCCACCGATGATTCTTCTTTTGTGCCTGTTAAAACTGAATCTCCGTTTTCATCAATTATCAGTCTGCTTACATAATACTTAAACACACTGTCATAATTTGCAATAAAGATCATCTTTTTGCGATCGGGAGTAAGATAGGGGAAATATTCTGATCTTCCGGCATATTCTCCAATTTGATATAAACTGTCTGACATCCTGCTTAAATTCAATACTTTGAGTTCCTTTGCAGCAGTTATTGTATCAGATATATATTGTAAATAGATATCGTTATTTATCATAGAGCCGGTAGCCAGATATGCCCGTAATCCATTCTTATACAGCCATATTCCATCAAACCACCAAAGTCCTTTCCCGGGCTTTGGATACTCATAATTGGGAACCATTTACCATTGACCATTCTTGCAAGCCGGGTTCGCCCTCTCCACAACAAACATTGTGCTGTCGTTCAGAAAATTGATACAGTACCAGTAGGGGTTAACATTGAAACCGTTGTCATAAAAAACCTCAGGAGTGCCCCACACGCCTGTTGAATCATTAAACCGGCATTTATACATCTTGAAGCTGCGTAAATCGGTAAAATACAGGGTTTTTTTGTCAGGGGTTAAAACAGGATAGTCTGGTGAATAGTTGGGAATTCCATAGAGAGGACTCAGCATCTTCGGCCCCTGCCAGTTACCGGCTGAATCCTTGTAGATAAAATAAACATACTGAAATCCGTAAAGCAGAGTATCACCGGTGGAAGTAAGACTAAATGGGCTGTATGGTAATTGCGCCAAACTATCCGGGAGCAGTTTTTCCGGTTTGCTCCACACCTCCGGGGCCAGAGGGTAAGTGAACTGTGCAAACAGGGAAATACCTGAGAGCAGAAATGTGAATACTATTTTAGACAGCATTGGTATTTGCCACTTTCGTTACGGCTAACCGCGAACATAAGGAACAGTAAAGAAAAAGAATACTATGGCGGTTAGAACTATGCGCAACATTTTTCCTCCTATTTTATGTGAAGTATCTTTTGTGAGTAGATGCCTGATACTGTTATAAGTGATGCAATATATATGCCTGACGCCGGAAACCCGCTCACCCTGACCGTGTGATATCCAGCCGGGTATTTCCCTTTAGCCAGTGTGCGTATTTCACTCCCGTCTATGGAATAGATTTTCAGAGAAATACTCATTTCATCCGGCAACCGGAAGGAAAGGGTTGTCTCAGGGTTAAAAGGATTTGGGTAGTTCTGATAAAATTCGATTTCTTTTGGAAATTCCACCGATGATTCTTCTTTTGTGCCTGTTAAAACCGAATCTCCGTTTTCATCAATTATCAGTCTGCTTACATAATACTTAAACACACTGTCATAATTTGCAATAAAAACCATCTTTTTCCTGTCGGCACTCAGATAGGGGAAATATTCTGATCTCCCTGCATATTCCCCAATTTGATATAAACTGTCTGACATTGTACTTAAATTTAATATTGTCGTCATCAGGATTGAAGTATCTGAATCATTCATATACTTTAACAATATATCAAAGTTTTGAGTTTGCCCTAATGAGTAGTATGCACGAAAACCAGTATGATTTAACCAAATACCATTACTCCAGAATAAACCCTGTCCGGGCTTTGGATACTCATAATTTGGGAACCATTTACCATTGACCATTCTTGCAAGCCGGGTTCGCCCCTCTCCCACAACAAACATTGTGCTGTCGTTCAGAAAATTGATACAGTACCAGCGTGGGTTTACATTAAAGCCATTATCATAAAAAACTTCAGGAGTGCCCCACACGCCTGTTGAATCATTAAACCGGCATTTATACATTCTAAAACTCCGTAAATCGGTGAAATACAGGGTCTTTTTGTCAGGGGTTAAAACAGGATAGTCTGGTGAATAGTTGGGGATTCCATAGAGAGGACTCAGTTTCTTCGGCCCCTGCCAGTTTCCGGCTGAATCCTTGTAGATAAAATAAACATACTGAAATCCGTAAAGCAGAGTATCACCTGTGGCAGTAAGACTAAATGGGCTGTATGGTAATTGCGCCAAACTATCCGGGA
CP054182.1_gap36	1323179	1324111	932	TCAAATTCCGGTTCTTCAGTTAGTGAAACGCGGATGGTATCGCCTATGCCGTCTTCAAGCAGGGCACCGATACCAACAGCCGATTTAATGCGGCCATCTTCACCGTCGCCGGCTTCGGTAACACCAAGATGAAGGGGATAATTCATTCCTTCCTCTTCCATCTTCTGAATGAGGAGCCGGTATGCCTGAACCATCACCTGAGTGTTGCTTGCCTTCATGGAAAGAACAATCTCATGATAATCGTTATCGCGGCAGATGCGGAGGAACTCCAGCGCGGATTCAACCATGCCAAGCGGTGTATCACCATAACGGCTCATAATGCGGTCGGAGAGTGAGCCATGGTTTGTGCCGATGCGCATTGCGGTACCGTATTCTTTGCAGATTTTTACCAGCGGTGTGAATTTTTCACGGATGCGGTCAATCTCTTCTTCGTACTCAGCATCGGTATATTCAATCACTTCAAATTTCTTTTTGTCAACATAGTTGCCCGGGTTAACGCGCACTTTTTCAACGATGCGCGCGGCGAGTTCCGCTGCATTGGGTGTGAAGTGGATGTCAGCTATCAGGGGAACATTGTATCCTCTTTTGCGGAGCTCTTTTTTTATCTCAGCCAGATTTTGTGCTTCATTCATGCTGGGTGCGGTGATGCGCACGTATTCACATCCGGCGTGCACCATGCGGATGGTCTGCTCAACTGTTGCGAGGGTATTCATCGTATCCGTGGTGGTCATGGATTGAATCCGGATCGGGTTCGAACCGCCAATGGGGATATCACCGATTTTAACTTCCCGCGTTTTGTAACGGGAATAACGTGTAATGGAATTACAATATTTTTTAAACTCTGCTAACTGTTCTGTATTCATTGAATTACTTATGTTTTCAAAAGACTGCAATAGTTCATCGCGAATGTCGGGAGGGATGCAGCACCCCGT
CP054182.1_gap37	1326494	1328272	1778	GATACCATACGGAGATTTAAGATTCTGCAGTTAGATGAAAAAATTGCGGAATTGCAGGCAAAGATATCTTCCGCTCCCGGAAAAACGGATGAGGAAGTGCTTTTTAAGGAAATCTGGGAACTCACGCAGGAAAAACTGCGGATTGATAAAGAGTTTACTTTTAACGCAAGATAACACTCTTCGCGTCAGAGTATGATATACCCTTCACATTTCAAGGATTACTTTACTTCCAAAACCCGCTATCAGGCAATGCTCTTCCTTGTCGGGGGAAAAATCGCCGTGCAGAAGATTGAAAAGGAAGCATTGTATTATACAGTATGGGATGAACTTACTGAAGAAGCGGTACTCCGCATTGATAAACCCGGTTCTTTTATTCAGGATCATTGTACCTGCGGCAGGAGTGCTCCCGGCAGTTTTTGCAAACATATAGCAGCGGGGATACTGCTCTTAAATCAGTTTCATTATTTTGATAATTCAGTTTCAACCATGGCTGAGGTGCTTAAGGATTATCCCCGTCTGTTTCAGCCGAAGCCCCGTGAGTTAAAACTTGTTACTCCGTTTGATCAGGAAAAGAAAAAGCCTGCGGTAAGAGAATACGAACCGCCGCCTAAACCTCCTGTACCTAAGAAGAGCCGCGAGGAACTGCAGGCCGCAAAAAAAGCGAGAGAGGAAGCAAAGGAGCGGGAAGAAAAAATAAAAGCGGAGGCGGAAAACCGTATTAAAGAAAAGCTGATGAGCATTTTACCTCCGGGATATGACATCAGGGAAAAAAAGCATGAGCCCAGACAAGACCTGGTTTTCGTACTGAATCCAAAACTCAGCGGAGTCTCCATTACTCTTGAAAAAGCAGTTTTTGAGGATGGTCTGGGCCCCGTCTTTAAGGGAAAAGTTACGGCAAAAGATATTTCAGCCCGCAGTCCGCTCAGTTTTGAAGATGAGATGCTGTATAACTTTTTTCTGATGAGAGGCAGCAGTTTTGATCTCGGGCAGAAGTTTTTTGAATATGACAACACATCTGCCCCTTCTGAAGGACAGGAACATCTGATGCTCTTTCCTGAAATGATGAGGAGGATTCTGGGAGAAAGCCGCCTTTACTGGAGAAAGGATGCACAGTCCTCTCCGGAACCGGTTCAGCGGCCGGGAATCACTCTTCAGGCAGTCATAAAAACAGAACAGAAGAAGGATGAATATATATTACGTCTGGCATTTTCGGGCGACGGTGAAATTGACTCACTGGAAAACGTTCACCGTCTGATGCTTAACCCGATGGTGGTTTTGTATAAAGGAACCATGATAACCATCCCTAATCTTACCAATCAGCAGTTTAGATATTTCAGAGGGCAGGGAAGCAAAGTGGCCATTCCGGATTCACTCCGCCTGTTCGCTGAAGACACACTGATACCCGGACTGATTCAGTATATAGATGTTGAGGGGGTGAATCTAAGGCGGATAAAGGAGCCGGAAGTTCTTAAAAAGGGTGTGCTTCTTGGCGAAAATGATATGTCTCTGACATTGAAGCTGGTTTTCTCCTATGATGATACACTTGTGCAGCATGATCCGGCCAGGATTCGTGAAGTGGTAAGGAATCATGAAGGATATACCGTAATAAACCGGAATAAGCAGTTCGAAAGAGATGCGTATGAGCTTCTCTCGGAATATCCTGTGAAAGAAACCCAGCCGGGGGTTTTTCTCCCCAGGCAGGATCCTGTTCTTTTTCTCCACAGAAAGCTTGACGAACTAAAGAGGGATGGGTTTGAGATATACGGGGAGAAGGAACT
CP054182.1_gap38	1329847	1331286	1439	TCCGGCTGCGGAGTCGCAGGCAACTGACCGCGCACACCGGATAGGGCAGAATAAAAAGGTTTTTGTGTACCGGCTGATAACGCGTAATACGGTTGAGGAAAAAATCATAAAACTGCAGGAAGATAAACGCCGCCTTGCTGAAAGCGTCCTTTCTCTGGAAGGAAGCGGCTTTAAGAATCTTACCGCGGACGATATTAAGGAATTATTTTCATAGAGAACGATGAGTGAAGTGCAATACAGGCAGGCTAAAACCGGCAAACTGCTTATTGAAATACTGCCGGACAAATGTGACTTTTGCGGATGCTGTGTGGGTGTCTGTCCTGAAGACGCCATAGAACTGAAAGAAGCCGAGATATATATAATTGACCCCCGCTGCACCAACTGCGCCAAATGTATCTGGAGCTGTCCGATAGAAGTGATACAACTGAACAAAAACGGAGTGCCGGTAAAATAATCGAATGAAACAGGAATATGATATTATAGTAGTAGGTGCCGGTCCGGCTGGTTCAATGGCAGCCCGTTACGCTGCTGATCAGGGAGTGAGCGTGCTGGTGCTTGAAAAAGACCGTGATGTGGGCTACCCGGTCCGCTGCGGAGAAGCGGTAAGCAAAGAAGGGGTCGAAGAGTTTATTCCATCAGACGAAAAATGGATTACAGCTCATATCACCAAATTTGCCATGATTGCCCCGGATGGTACCGAGGCAGTCATTGAACTCCCCGGTGAAGGGTATATACTTGAGCGGAGAATCTTTGATTATGAGCTGGCGAAATCGGCAGCTGCCTCGGGAGCCGAATATATAACCCGTGCCTATGTAAACGGACTGATCATTGAAGATGATACCGTAAAAGGGGTGAAGTATCAGTTCAGAGGAGAGGATAAGGAAGTCCGCGCTAAAATTGTGATTGCAGCAGACGGGGTTGAAAGCAGAGTGGGAAGATGGGCCGGACTGAAAACCCACATAGACTTCAGGGATATGGAGTGCTGCTCACAGGCAACAGTGAGCGGGCTTCAGGTGAATACGGATACCTGTTACTTTTATTTTGGCGAGAATGTAGCCCCAAGCGGATACTTCTGGGTATTTCCCAAAGGAGAGGGTATCGCAAATGTGGGGCTGGGAGTGAGCGGAGCGGTAGGCAAAAAACGCTCGGCGCTATCTTTCCTGAATAATTTTATGGAACAGCACTATCCGAATGCATCTATACTGACCTGCATAGCAGGCGGTGTACCCTGCTCGCCAACACTTGATAAAATAACCGGCAAAGGAATAATGCTTGTCGGGGATGCAGCACGTCAGGTGAACCCTTTAAGCGGCGGCGGAATAGCAAGCGGAATGATAGGAGGAAAACTGGCCGGCATTACCGCGGGAGAAGCGATACTAACCGGAAACCTGAATCATATACACGAATATGAAAAGCGCTGGCATGACCGGCTTGGCAGA
CP054182.1_gap39	1386641	1389032	2391	GTAACTCTTACAGATGCTGTAAAAGAACGTACTGCCATGAATCTGCGGCTTTTAATCCTGCTGAATCTGTCATTGATGATAGGCGCTTTCCTGATCGGCTATATTATCAGGCGGGAAATGAAGCTCACAAAGCTGAAGTCCGATTTTGTGGCAAATGTCTCGCATGAACTCCGGACTCCTCTCTCACTTATCTCAATGTTTTCCGAATCACTCATGCTCGGAAGGGTAAAGAGTGATGAGAAACGAAATGAATACTATCGTATCATTCATGGTGAAACTGACCGCCTGAGCGGAATGGTAAATAAAATCCTCAGCTTTTCGAAAATGGAGGCCGGTAAAAAAACGTACACCTTTGCTGAACTGAGTCTCACGCATCATCTCAGCCGCATATATAACAGTTATGAATATCATCTGGAGCAGAAAGGATTTACCTCAGAACTGATACTTCCTGAAGACGAAGTGATTGTGAGCGGTGATGAACATGCTTTAGAAGAAGTGATAATCAATCTGCTTGACAATGCCATTAAATACAGTACTGATAAAAAATTTGTGTCGGTCGTGCTTAAAACGGAAGAGAGTAAAGCGCTGCTCTCCGTAACAGACAGGGGAATTGGTATTTCAAAAGAGGATCAAAAGCGTGTATTTGAGAAATTCTTCAGAGCCGGCAGTTCGGAAGTGCATACAACAAAAGGAACGGGACTCGGACTTTCGATCGTCCGGCAGATAGTGGAATCACACAAAGGAGAGATCACGGTTCTGAGTGAGCAGGGTAAAGGAAGCACATTTACAGTAATTTTGCCCTTAATTCAATAAAGGGAAATAGTAATTTCTTCGGCTTCGTAAAGACACGCCGCGGCGTGTCTCTACAAATTTAATATCCTCTAAAACTCAGTTGCTTCGCATTGATTAAAAGATTTGTACGGGTGTTCTCTGAACATGTGAGATGGTTATGTTCGACAGATTGTCATCTGTCGGTACGAAGACTTATTGCTCAAGTATTTCCCTTGGCTTCGTACAGACACGCCGCGGCGTGTCTGTATAAACTTTCGATTTTCTAAAATTCAGTTGCTTTACAGTGATTAAAACGATCCGTGCTGGAGTGCTTTACACATTTGATATCGTTGTATGCGACAGATTATTATCTGTCGGTACGTTCCTCAGTCGTTTATAAAAAAAGGCCTCCTTTTCAGGAGGCCTTTTATTTTCAGGGAAACAGAAATTATTTAATAAGGGTCAGTTTCTTTGTGCTGTTAAATCCTGGTGCTGAAAGGGTATAGAAATATACGCCTGAGCTGAGACCTGAAGCATCAAACTGAACGGTATATGAACCTGCCTGCTGAACGCCGTTTACCAGTTCTGCAACCTGATTACCGGTGAAGTCATAGACTCTGAGGGTAACATTTCCGTCAAACTTAATTGCATAAGAAATGGTGGTTGAAGGGTTGAACGGATTCGGATAGTTCTGGCTGAGTTCAAACTTTTCAGGAGTGGTTACATTCACTTCTATTTCATCGGAATAAGCATAACGTCCGTCATAATCAACCTGCTTAATTCTGTAGTTATAGAGACCTGCAGTTACATCCAGATCGCTGAAAGAATAGTTTCTTGCTTCAAGGGTTGTTCCGGCGCCTTCAACAAACGCGAGGGTTATATATTCACCGTCAGCAGCTTTTCTTTCAACTTCAAAACCGCGGTTATTCTTTTCAGTAGCGGTTGTCCAGTTGATGGTTACTTTATTCATGGTAACATTAGCTGAAAGAGCCGTGAATTCAACCGGAAGAGCCGGGCCATTCCACTTGCGGATTTCACCGCCGTTGCCTGCTGCCCAGGGGATACCGTTAAAAGCACCAACGGTATATAATACTGTAGTGTTGATTCCTTCAATCGGAGTCCAGGTTACTCCGCCGTCATAGGTAATCCAGGAAGCACCTGCGCTGCCGACTGCAACATAACGGTTTGTTCCTCTGAGGTTGACCACTGCACGGAAACCGGCACCGGTAACTGAAGATGTTGTCCAGGTAGCGCCGCCGTCAGTTGTTCTTGCGGTTGTACCGTTAAGGGCAACCAATACACCTCTCTGCTCATTTTCAAATGCAATGTAGGAAGAACCGGAGGTTCCATTAACGGACGGAACATCAGTTCTTGTCCAGTTAAGACCTTTGTTGGTTGATTTATAAACTGCAAAAGGTGTGCCTGCAACGCCTGAATAACCCGTGAACCAAACGGTATTACCTACAACTTCGATTGAAGTGGCTGTGCCATATTCGCCATTTGCGCTGTCTGCACCGGGGAAGTTAGCTCTGGGAACACGTGTCCAGGTGGTACCGCCGTTTGAGGTTGTAAGAATTTCCCAGTTGGTTGATGGATAAGGATCCGGATCGCCGTAATAAA
CP054182.1_gap40	1505017	1507825	2808	GCTGACGAGCATTCCGAGTGCGACAATCAGAACAAAAGAGAAATACACCGCAAAAAGATCAGCGTGAAGGCCGATTATCAGGTCGGTTATGAAGAGCGCGGAAAGGGGTACCAGAAAAGCCAGATTACGGTTTTTCAGATATGCACCGCTGAAAAGCGCAACGCCGCCGATTGCGGCAAAGTTTACGGGAAGCTCTGCAAGCCGCGAAAGGACCGCAACCAGAATGAGAGAGACTGCCAGCCAGGTTTTCATATTATTCAATATTTTAATCATTACATTAACTCCTGTAAGAACACCATTTTTCAATGGTCAAATTTACTATATTTTTTGGCAATCCGGACTGAAAAAATTTTGGATTTTTCTTCCGGTTTGCCCGTGAATTAACTAAAAATCGAGCCGGAATCCGCCGTAGAATGACCTTTCAGGATGTCCGTAACCCAATACTTCCTGATAGACAGCATTCAGCAGATTTTCAGCTCTTGCAAAAAGGGTGATATGATTGTATACTTCATAGGAAACAGCCGCATTAAGAAGTGTATAGGCTCTCAGCTCCCTGCGTGCGGCAGGCCAGGTGCTGAAATCTTTATCCTCACGGCTGCCGGTAAAGACGGTCTGCAGATTGACCAGCACTCTTTCGTTTGCCTGCCAGGTTGCGTTAATACCCAGTTTATGCTCCGGCCTTCTGAGAAGCGGCTTATTTTCATCATCTGAACCGGGGCTTTTGTCTGCTGTCTTCATCCAGGTGTAGTTTGCCTTGATGCTCAGACCCGGGGTTATATCTCCTCTGAAATAGAGTTCTGCACCGTAAGCCTCTGCTGAATTCACATTCACTGCCCGGAAGGAGGCATCAAACCCGAAAAGCTCTTTATAATCAGTACGGAAATAAGTCAGCCCGATGTGTGATGAAGGGGAGCTGAGATAATGCTCAAGACCGGCTTCCCACCCGCTGCTTTTTTCCGGTTTCAGATCTGCATTGCCGTAAGCCGGATCATACAGATAAAACAGTGACGGTGCTTTGTAAGCATTGCCGTAGGTGAATTTCAGTTTGGTACTGATAGCTTCAATCAGATACCCCTGAGCTATGCGGAAAGTAACCGCATTGCCGAATCTCTCCTGATTATCCAGCCGGATGCCGTAGCTTCCGCTCAGATTTTTATACAGCTCCGCCTGAGCCTGCAGAAAACCTGAAGCTGTCAGAACAGATTTCTTCGGAAAGGTGCTGCTGTATATACCAAAGGGGCCGTTATAAAAATAGTCGGATATTGCTTCCTCTTTTTCCGTCTCCGCACCGGCGGTCAGACGAATCGCATCGGTCAGAGTGAAATCTCCCAGCACTTCAGTGCGGAATTTGTTTCCGTCATAGCTGCTGTAAGAGCTTGCCGGGTTATAAAGGGTGCTGTCAAATTTATATTTTCTGAAATTCCGTATATATGAAGCGGAGGCAGTGACGCGGCTTCCTTCATTCAGTTCGTACAGAAGACCGGTCTTTAATCCCATTTCCTCAAGATTAAAGAGATAGCTGGGGTCATCACCAAACTTGCCGCCGGTCTGGTCAAGATCAGTATCAGCGTCAGTATATTTGCCGGTAAAGCTGAGTTTTAAAGCCGGCGTGACATGATAATTTAGCGTTGAGAGTAAATTGAAATTCTTTGTGCCGTCTTTTTCCGAGTTACCGTCAGACTCAGCGGCGGATGAAAATCCTTCTGTTATATAGCGTGAAGTCTGCAGTGAATACGTGAGATTGTTATACGCTCCGTTAAGTCCGGCTGAGGCGCGGTAAGAGGAGTATGAACCTCCTTCGGCAGCGGCATAGTAACTGTTCCCGTCTTTGTTTCCGCTTTTGCTGAAAAGATTTATGATGCCGCCGAATGCTTCAGAACCATACAGGGTGCTCTGCGGGCCGCGGACGATTTCAATCCGTTCGATGTTATCAAGCATGATATTGGCAAGATCAACGGTATTGGTCGGGTCGTTCACCATGTTCAGTTCGATGCCGTCAAGAGTAATAAGGGTCTGAGAGGCCGCGGCTCCGCGTGTGTATATATAAGAAAGCTGGCCGGGTCCCCCGTAGCGGGCAAGTGTCAGGCCAAACTCATCCTTAATCACATCATAGAGAGTGAACGCTGATTTAGCCCGGATTTCGGTCTGCTCAACAGATGAAATGGTAGATGATACCTGAAGCGGTGAAATAGCCGTTTTGGTGGCCGAGATATAGACCGGAGGCAGCGCGTAGGAACGGACGGAATCCTGCTGTGCTGCAAGAAACGGCAGAAAAAAAAGCAGTGAGAGAAAAGTTTTAAATAACATTGAAGTTACTCCTTATATATAGTGATAAAGTAAGTGTAACTTCGTGGGGAAGACGGTTGAAGATAGATTTGATGATCAGCCGCATTACCTCACCCGCGAAGGTAAACGAGTTCATTCACGGCAGGTCTCCTGGCTTAAGATTCGTCTTTGGGGCGGTCTTCCCGGTGAAAAACTCATCAGTGACCTGATTGCCCGACTTACCTGTTTTGTCTGACAAAACAGGAACATCTAACACAGTTGCGCGACAGCACCGGAATTGAACCGGTTTCCCTATTCTCGGAGGTTGTTGTTTCCTCCGCACCGCGAAATTTAAAAGAACGTTGCTTAAAAGTTAGGTCAGAGAGAGGAAACTTTCAAGAGGTATTTTGTCACTTCATCAGCGGGACTCTTTTTTTCGCAGAATTCCCGGATTATGATGGAATTCTTCTCATTAATCAGAGTAAATTTTTCATTTACGATTATTCGCGGAAAAATTTATTCTTTTGTGGTGGATGTTTCCTT
CP054182.1_gap41	1516414	1519550	3136	GGCGGAGCCATAGAAGCAGGACACAAATTTATGATGCCTCTGATCCGTGAATCGTTTAAGCAATACTCGCTGCCATTTCTCGGGAGCCATGTTAAAGTGGTAAACTCTGCGCTGGGTGATGACGCGGCATTGCTTGGAGGCATTCCGCTTGCTCATGAGTTTCTGGGGATAAAGGTTTAACCGTTGCCGGCCGGCTCCTGATTAAGGGCGCAAGGGGTGCAGAAATCAAGGCAGTATTGCCGCAGGTTTGTTTTTCTTTGACATTAGGCGGAAAATAGCGTAAGTTTCCTCCGTAATCCGTTCAAAACATTTTTTGTAAGGGTTCAGCAGGTGTCAGCAGAGAATTTGCGGGGAAGAACATGAGTGTTCTCCTCCGGTTGATGGCAGTAATCCTGCCCAATGTGCATGTTCTGATAATATGCCTCACCAGAGAGGGGGATGAATGTCTGTGCCTCCCTGATACTCATATATACTGCTCTTTTTGTCTCTTTAGCCCCTCTCCTTTACTGTTCCTGATATCTTTTCATTTTCTTCTCTCCCCGAAATTGCTGTCAGATCACATCACATTGCCCACCATTTTAAAGGAACCAGCGTCATGAACAAACTGCTGTTTTTTTGTATCCTTATTGTTTTACTCCCCGCGTATATACACAGCCAGACCGAACCGGTTGATACCGACAGTGACGGCAAAAAAGAAGTATCCACATTAAGCCACCTTCTCTGGATAAGCACTAATTCAAGCGGGTGGAGTTATTCCTATGAACAGACGGCGAATATAGATGCATCTGTAACATCAGGCTGGAATGGGGGAGAAGGATTTTTACCGATTGGAAACAGTTATCCATATTTCACCGGCATATATGACGGTCAGGGATTCACTATATCGAATCTTACCATTAACAGAAGCAGCAGCTATAACATAGGAATGTTCGGGATAGTCAGCGGAGGTACTATCAAAAATCTTGGATTGGAAAGTATTTACTCTTATGGAAAGGGAACAACCGGAGCGCTCGTTGGATATGGCAGTGATATGACGGTGCAGAATTGTTTCTCAACAGGTCTGGTCAGATGTGAATATGATAAGGCCGGAGGTTTGATCGGGGAAAACTACTATGGAAGTTGTTCGGTCACAAATTCATACAGCAGTGCAACCGTTCAGGGTGCGTATGCCGGAAGTAACAGTTCATATGCCGGAGGGTTTATAGGGAACAATAATAGCGGCAGCATCAGTCAGTGTTATTCCACAGGACCCGTTTCCGGCAAAGTATATACAGGCGGATTTGCAGGAGCCAACCTTGCTGGATCTATAACAAATTGTTATAGCCGCGGCAGTGTGAATGGTCTTGATGCATCCGGATTCGTTGATGCAAACAGGACGACGCTTTCCAATTGCTATAGCACCGGGGCTGTTTCCGGCACAACACCTGCCGGTTTTGTGAGAGACAATACAAGCACGGTATCCAATTGTTTTTGGGACAAAACCACATCAGGACAGACTTCCAGTGCTGCCGGAACCGGACTGCTGACCGCAGATATGAAAACGCAGTCAACATTTTTGAATGCGGACTGGAGCCCGGAAATCTGGAACATGGATTCAAGAAACGACGGTTACCCCTATCTTGACTGGGAGAATCCGGGCGGATCACCGCTCCCTGTTGAGCTGGTTTCTTTTTCAGCCCGGGCAAACGGAGATGATATCATACTTTCCTGGATGACCGCAACAGAGGTTGATAATTATGGCTTTGAGATAGAAAGAATCTTTTCAGAATCCGGTGAGTTTGATAATCCGACAGAAATCTGGGAATCCGCCGGATTTGTCGGCGGAAACGGGAACTGCAATTCACCACGCAGTTATTCATTTGCAGATAAAAATATGAAAACCGGATTCTATCAGTACCGTCTGAAGCAAATTGACACTGACGGCAGTTATGAATATTCCTCTGCAGTTTTGGTCAGGTTTAATAATATACCGGTGAGGTATTCACTTGATCAGAATTATCCCAATCCCTTTAACCCCGAAACAGTCATAGGATTTGCGCTGCCTGAACGATCGTTCATTTCGCTGGAGATATTCTCTGTGAGCGGAGAAAAAATTGCAGTAATTGCTTCAGGTGAATATGACGCAGGAAGACATAAGATAAAAGCAGATGCATCAGGCCTGCCAAGCGGAATATATATGTATGTTCTCAGATACGGGGGGAATACATTGCTTAGCCGTAAAATGGCGGTAGTAAGATAGAAATTCGAATTATCATCTGAAAGCCGGGCTGCTCTGGCCCGGCTTTTTTTATGTATTAGCCTGCAGCAAGAGAGGAGCCGCGCTCCTCAAACTCCCTGTCAATTTCGTCCAGTTTAATGCTGACGGTTTCCCAGTCACCATATACTTTTGCCAGTTTCTCTTTTATTTCTTTATACTCAGCATTAGCGGCTTTCAGTTCATCCGGTCTCTGATAAAGTGTGGGGTCAGCAAGCCGGTCTTCAATTGATTTCTGTTTTCCTTCAAGCAGAGCGATTTCAGATTCGGATTTCTCAAGTTTCTTTCTCAGGTCTTTGGTCCGGTTATACTTTTCCTGCCGGAGTTCTGCTTCAAGGCGCTTGATGTCTTTGCGGGTTGTGTCCGCTGCTGATTTTTTTGCCTGTGCGGCAGTCTGCTGCACTGCTGCAGATTCCTGATTGCGTTTCAACAGATAATAATCAATTCCATCCTCATACTGGCGGAAGAGTCCCCGTTCAATGCGCACTACTTTATTGACAATAGGACGAAGAAAATCCACATCATGAGAAACCAGAACCAGCGAGCCTTCAAAATCAGAAAGTGCTTTCTGCAAAATCTTCTTTGAGGATATATCAAGATGGTTAGTCGGCTCATCAAGAATAATAAAATTAAACTTCGCTGAGAGTATTTTCGCCAGGCAGACTCTGCTTTTTTCTCCTCCTGAAAGCACTCCCACTTTTTTAAACACATCATCACCCGTAAACAGAAATGAGCCAAGCAGACCGCGAAGATAGGGAACAGTTGTATTCTCTGAAACCTGCGCAATGGTTTCAAGGATATCAATATCGGGATCGAGACTTGCTGTAACATCCTGAGCGTAGTACGCGGTCATTACGTTGTGTCCGGTTATTACCTGCCCGT
CP054182.1_gap42	1557867	1558483	616	ACTTTCGGAGAAGTCGGGAGCAGTTCCCTTTACGATGTTGCTATAATAGATGAAAATAATATTTGGGCAGTTGGTGAAATTTACATGAAAGACTCACTGGGGAATCCTGACCCGAATGCGTATAATGCTGTTCATTGGGATGGGACAAATTGGGAATTGAAAAAAATTTATACGGGAAGTAGCTGTAATCCAGTTGATTATTCTCCATTAAAAGCAATCTTCGCATTTTCTGATAGTAACATAGCAATAACAAGCGGAGGGAGTATTGGTTGGTTTAATGGGAAAATTAATAGAGCCGATTGTGGTATTAGACCATTATTATCCGGAGCAATCAACAAAATGTGGGGCACATCAAGCAGTGATTTATATGTGGTTGGCAACGGCGGTAATATAGCCCATTACAACGGTACAAGTTGGCAGAAAATTGAGAGTGGTATAACAAATGATATTACTGATATTTGGGGAATCAGCGATGGTAATGATGGTTTTACTAAATACTTCGCTGCTGAGAATTATCTTATTAAATTGGACAACTTTAACAATTTGACATCTCATAGCATAGAGGAGAGCGGTTATATCCGTTCGATTTGGGCAAAGCAGGATTTCCGTATCTATG
CP054182.1_gap43	1696925	1701308	4383	TCCAATTATTTACCAAGGATGCAGGCGGGGAGACGATCACAAAAGACCTGCTCATGGGAACGGGAGTTGGTGCCAGGATGTATTTCCTTTACTTCCTTACCCGGTTTGACGTGGCCTGGGCTTATGACGTGAAGGGCTTTTCTGAGCCAAAGTTCTATTTCTCCCTGGGCGCGGATTTCTGATCTGAGCTAAAGAATTTCAGCCCCCGGCCGCCTGAAAACGGAGCAGCCGGGGGCTTTTTCTTTTTGTCAGAGGCATCACCTGACTCCTCCCTCTTTATTTGTATTTCGCCTTGTTATTATGCGATTTACCTCATTTATTCTTTAAAATACCCCCCGGCTTTCAGTTCTTATGAGTTAATATTGGCGGATTTTTTTATTTTCTATTATAAGGTAAAATATTTTTATTTTAATTTTTAAGAATGACAATCAATGTCTGTTGTCGCTAAAATCCTTCTTTTTGACGACGATCTCCGGTCGTTGAGCCTTCTAACAGATGGCCTGGCCGAGCGTGGTCTGATACCGGAAATTAAGCCGGTTAAAACCCTTACGGATTTCGTTAATGCGCTTGACGAGTTTAAACCGGAGGCGGTTTTAATCAATTACCGTCAGAGTTCTTATGAGAGCCTGACAGCCCTGGCTCTTACGCGGAAAAAGAACCCTCTTTATCCGTTTGTATTCATATTTGCGGATGAACCTGTTCATTACCATCTCAAACACCGTATATCTTCACAGCTGGCCAACGAAGAATTCCGTACCCTGAGTGAATCAGTTAAAGGCATATTCGATGACATCAGTCAGAGAAAGTCAATGGAACAGCGGCAGCATCTCGCGGATACCGAACTGGCTCTTGAAAAGGAAAAGGAAGAAGCAGCCCGCGGAATCCTGAAAAGCTCCCCTTCTCTGATTCTTCTTTACGATAAGGAGGGGAATTATATCGAACGTTATCTTTCCCCCGATTCTCCATTTGCTTATCCTGCGCCGGAATTTTTCGAAAAGAACCTGAATGATATCCTGAACAGCGGCGATGTCGTAAAAATAAAAGAATTAACAGGCAAAGGTTTTGAGTTCTATGAATTCACAACCGGATCAGGTGCTGATAAACGGGTGCTCATGCTTCAGGTGCTTACCACCAGCCAGGAGCAGCTGATTCTTTATGTAGCGGATATAACCCGTGAAAGAGCACTTGCAGGTGAACTCCGGAATCTGAAGCAGCTTATCAGCAGTTCGGCCAGTCAGTATATACTCCTGAACGGATCATGGGGCATTGAGCTGGTTTCACAGGGAATCGAGCAATTCCTTGGATGGGGAGAGGGGATTAAAAGCAGAAGTATTGATGACCTCCTTCCCGATCTGGTTCCGGGGCTGACCGCCCAGCAGGTCGCTATAGGGCTTGAACTTGATTCATCCTGGACTGAAGTGTATCAGTACCGGAGTGAAGATAAAAAAGAAAAGATGGCTGCAGTTTCAGCAAACAAAGTTGAGTCCGGCGGTAACCTTGCGGCAATCCTCATCTCTATAACCGATCTTTCGGAGTGGAAAGAACGGGAAAATGAGTTCAGGCTTGATTCCGCCAAGTACCGCGCAATTACGGAAAATCTCAATCTGGGCATTATTGCCCTGCGCGATCATCGTATATATTACGCGAATGAGTTCTTTTGCAGTCTTCTTGAGATGAAAGCAGAGGCGGTGATAGGATCCGACTTTAACGAAATACTGGTAAAGGAAGACCGCAAGCTTTTTGAAGATACCGTTCGCACTCTTCTGGCTGAAGAGAGAACCCATTCAGCGGCAGAACTCCGGCTGATGCATGCAAACGGCATTAGTGTGGTAAATACGGAAATCTCACTGAAGCTTTCAAAGTTTGACGGTGCATTTACGATATTCTGCGTCATCAAAGATCAGAGTGAAGCTAAGCTTCACGCCATGATTGTTGAAAATCAGATTTCCACATCATCCAATCTCAGCCAGACTTCAAGCACTCCTAAAGAGCATGATCTGAGAACTTCCCTTAACGGTATTATCGGATTTGCTGAAATTATCAGAGAACATTTTAAGGATAAAAGCGAAGAGGAGTTCCTCAATATCGCTGATCAGATACTGAATAACGGCAAACATCTGATGGAGGTGCTGGAACTTGGTCCTTCGCTTGAAACAGCAAAAGGCCAGCCAATGGCACTGGAGATCAACACCGTTCTTCTTTCTGAACTGCTCTCCAAAACTCTTGAAAGCGTGAAAGGGGGTAGCAGCAAAAAAGAAATCCGGCTGAACTTCCTTTACAGCACAAAAATTGAAGTTCTCGCTGATGAGAAAAAACTGTATCAGCTGATCCTTGCACTGATAAAGAATTCTTACGACAGTCCGGTTGAAAGCACCATTAACGTTGAGACGGGTTATGACGGGGCTAAAGGAAAAGCGTATATACGTATTAAGGATTCCGGAATCAGGATAGATGAAAAGTTAGTTCCGCTTCTGTTTAAGCCGATGGCAGGTGAAACTTCCAAAAGATATCCTGAACTGTACAAACTCGGTGTTATCGTATATCCCGCTCAGCATCTCATCCAGCAGATGAACGGTGAACTTTCAGTACTTTCAAAGGCGGAGACGGGTGTATCGGTCACGGTCTATCTGCCGGTCCCTGAAAAGAAGGAATCGGCCAAGGTTAATCTGGGCAATTCACTTGTTGCGGTTTCTACCGAGCTGGTGATGCTCACGGAGCTCAATCCTGTGATTCTGATCGTGGAAGATGATCCCGGATGCGCAAAGATGCTCCAGATAACATTCAGAAATCTGACAAAAACCGATATTGCGGTTAACGGTGATGAAGCTTTGGATTTTATTGCAGGCCGGGCGGCCACCGGGCAGACCTACGATCTGCTCCTGCTTGATATCGGGCTTCCTCCGCCATGGGACGGCATTCTGCTCAGGAAGGAAATTCTGACACGGTATCCTCAGTATGAGAATGTGCCGATTCTGGCTGAAACCGCTTTTGCTATGAAGGCGGATGTGAGCAGAATCACCGCGGCTGGTTTTGACGCATATATTGCAAAGCCGATAGACCGGCGCTATCTTATTAAAACGATGGTTGCCGCTCTCAAGAAATATAACCGGCTCTGATTGATTATATATCAGGTAAGGGCCGCTATTTCTTTTTCCCGGGGTTAGAAAAAAGGTTAGTGTTTAATTTTAGGTAACGGAACACAGTTATGATTAAGCGATTTTTAGTTATCGTGCTGATGATGGTGCTCTCCATCTCATGTAATGAAGACACCACCGTCGGGCCGGAAACCCCCGGGGGGGGGACAACCGTCAGTATTATCCTCCTTGCTCCTGCCGGAGGGGAATCCTATAAGGCTGGTGAATCGAGACCAATCCGCTGGACAAGCAATACCACGAATAATATAAAAATTGAGTTCAGCTCAGACGGCGGAACCACTTTTCAGACCATTGCCGCTTCAGTGGCGAATCTTGGTATATATAACTGGACCGTTCCGAACACTCCCTCAGCAATCTGCCTTATCCGTGTTTCCGATGCCTCAAATGCTTCCGTTAACGACGTAACCGATAATTTTTTCTCGATAGTTACCAATGTTCAGAAAACCCTTACGCTCATCCGGCCAAACGGCGGCGATACCCTGATTGCAGGAAGCAGTTATCAGGTACAGTGGACCTCAGCCAATGTTGCAAATGTATCCCTTTCCTGGTCTTCTGATAACGGGGTTTCCTGGAATGTTATTGCAAACAGTTACCCCGCAGACTCAGCTAAGTACACCTGGTCACCGGTGCCTAATATTATTTCCTCTGACTGCAGATTTAAGATTACTGAAACCGGAACCGATACCGTTGCCGATGTAAGTGAAAACCGGTTCACCATACGTAACTCACAGGCGGTTACGGTGCTCTCTCCCAATTCCGGTGAGACTCTCATTAAAGGTTCATCTCATATTATTTCATGGACCGCGACCGATATCAGCAGTGTTAAGATTGAATACTCAACCAATGACGGCAGTACCTGGAGCACGATAACTGCTTCGACAACCAATGACGGAAGTTTTGACTGGAATCCGATTCCGAATATATCAACAGATCAGGCAAGAATCAGAATTTCCGATGCCGCTGACGGAACGCCATTTGATTTATCAGACGGTCCTTTTTCTATTGCTGACCAGCCGTCAATTTCAGTGCTTACTCCGGGCAATGGTGAGACTCTTACCGCCGGATCAAGGGTAAGCATTACCTGGAGTTCAACCGGAAAATCTTCCCGGGGTGAGGACGAAGTACGCGTGAATAAACAGGGAAATCAGTCTCTGGTTAATAACGTATCAATTGCATATTCAACCAATAACGGAGTTTCCTGGATAAGTATCGTCTCCAGTATTCCGAA
CP054182.1_gap44	1705061	1706180	1119	ATCAGTTACCGCGGTAAAGCTTGAGTTCTCAACTGATGCAGGCCTGACCTGGAGTCAGATAGCCGCTTCTGCTCCGAACACGGGCAGCTATAGCTGGAATCCGGTACCGAATGTATCAAGCACCACCTGCCGGATCAAGATCAGCGATGCACAGGACGGAGTGCCTGCGGATATGTCTGATAACAATTTTACGGTGTATAACGTCTCGCTACAGACCATAACGGTCAATACGCCCAACGGCGGAGAAATTATCCAGCCGGGCAGCACATTCAATATTACCTGGTCGAGCAGCGGAATTGCAAATGTAACAATCGAACTGACCACCAATAATGGACTCACCTGGTCATCCATCGTGAGCAATACCCCAAGTGACGGACTGCATCCCTGGACCCCTGCTTCGGGTATCTCTTCCACAAACTGCAAAATCAGGATTTATGATGCAGCCGACAGCATTCCTTCAGATGCAAGCAATGCCGCGTTTACAATTATCTCCTCACCAGCATTGAATATTCTTTCCCCGAATGGCGGAGAAGTATATACATCAGGAAGCCAGCAGACGGTAACCTGGACATCGCAAAATGTCGCGAATGTTAAGATTGAGTTTACTTCAAATAACGGTGCAACCTGGGATGAAGTGATTGCCTCGACACCGAGTGACGGAGTGCATCAGTGGACCGTTCCTGCCGGAATCAGTTCTGTGCTTTGCAAAATCCGGGTCACTGATGCGGTGAACGGCAGTCCCTCTGATGTTTCTGAAGAGGTGTTCACTGTTGTTCCTGCTCAGAGCGTAACAGTTACCTCGCCAAACGGAGGGGAAACGCTGATTACCGGAACCAATCAGGTAATTACCTGGACCAGCACAGAGATTGACTTTGTAAAGATTGAATATACAACCAACAACGGAGTCAACTGGACTGCCATCTCGGCAAGCACGGAAAGCGACGGATCCTATCTGTGGAGTCCGGTGCCATCAGTGATAACGACTAATGCGAAGATCAGGATTAGTGATGCCTCTGATGGAACACCAGCTGATCAGAGCGATGCTGTGTTCAGTATATCAGCAGATCCGGTGGTAGAAGTAATTTCACCAAACGGGGGTGAAACCCTTCTGACCGGAGC
CP054182.1_gap45	1707837	1710262	2425	GATGCAGTATTCAGCATAGCACCTGATCCGGTGGTAGAAGTAATTTCACCAAACGGAGGTGAGACGCTTCTGACCGGAGCGGTGCAGAATATACTTTGGAGTTCCTCAAATCTTGATAATGTTAAGATTGAGTTCACCACCAACAATGGTTCAAGCTGGACTGTTATAGCAGCAACCACACCTTCAACCGGTACATACGCATGGACCATACCGAATGTTAACTCACTGTTGTGCAAGATCCGCATCAGCGATCCGGCCGATGGAGAGCCATTTGATATATCCAACGCTACATTTACGATCAGTAATGTACCTGTTCAGACAGTAAGAGTTTCCTCACCCAATGGCGGAGAGACAGTAACTTCCGGTATTCCTTATGAGATTACCTGGAACAACAGCGGCCTTGACAGCGTAAAGATTGAGTACACCACGAACAACGGCCAGACCTGGTCAACCATCGTGAGCGGAACTCAGCCGGATGGTTCCTACTTCTGGACGAACGTTCCTGCAACTAATTCTTCAAATGCAAAAATCCGCATTAGCGACGCAGCGGACGGCACACCAACCGATGAGTCTGATGCAGTATTCACCATCAGAACCGAACCGACACTTACCCTGACTGCACCAAACGGTGGTGACAGTATCCTTGCAGGATCTGTATATACTATCACCTGGTCAACAGCCCTGAGCAGAATGACCGAAAGCGTAACTGCGGTTAAGCTTGAGTTCTCTACAAACTCAGGACTGACGTGGAGCCAGATTACAAACTCAGCACCAAATACCGGCAGTTACAGCTGGAACCCGGTGCCTAATGTCTCCAGCACAACCTGCCGCATCAAGATCAGTGATGCCGAGGACGGAACACCTGCTGATATGTCCGATAATAACTTTACGGTGTATAATGCAGTCCAGCAGTCAGTAACGGTTACTGCTCCGAACGGCGGAGAGATTATTCAGCCGGGCAGTACCTTTAACATCACCTGGTCAGGCAGCAATATATCAAATGTCGCAATTCAGCTGACCACAAATAATGGCCTGAACTGGAGCACTATAGTAAGTTCAACTGAAAGTGACGGCTTCTATCAGTGGGTTCCTGCTTCTAACATAGCATCAACAAACTGTAAGATCAGAATCTATGATGCAACCGACAGTCTGCCTGTTGATGAGAGTGATGCATCATTCACAATACTTTCTTCACCTGCGGTTACGGTTATTTCACCAAACGGGGGAGAATCGCTAAACTCCGGATCTCAGTACACAATTAACTGGAATTCCCAGAGTATTGAAAAAGTAAAAATCGAGTTCACTTCTAATAATGGAGCATCATGGAGTTTTGTTGATTCTGTGACCAGCAGCGGCCAGTATCTCTGGACCGTTCCGGCAGTAAGTTCTGTTCTCTGCAAGATCAGAGTAAGTGATCTGACTGACGGATTCCCCGTGGATGTCTCAGATGAAGTATTCTCTGTTTCTACGGCCGCTCCTCAGAGCATTGCTGTTACATCACCGAACGGCGGAGAAGTTCTCTCCTCTGGTGCAAACCGACTGATAAGCTGGACCAGCAGCGGAATTGATTTTGTTCAGTTAGAATATACAACTAACAACGGTGTTGACTGGACAACGATCACCGCAAGCACTGAGAGTGACGGTGCTTATTTGTGGAGTCCTGTGCCTTCAGTTGTAACGAATAACGCACGCATCAGAATTTCTGACGCAGCGGATGGTTCGCCTGAAGATCTCAGTGATGCAGTATTCAGCATTGCTCCTGACCCGGCTGTTGAAGTTCTCTATCCTGACGGCGGTGAAACTTTCCTGTCCGGATCAGTGCAGAATATTTTATGGAGTTCATCAAATCTTGATAATGTTAAGATTGAGTTCACCACCAACAACGGTTCAAGCTGGACGGTCATTGCGGCAACCACACCATCAACCGGTACCTACGCATGGACCGTACCGAATGTAAATTCACTGCTCTGTAAGATCCGCATCAGCGATCCTGCAGACGGCGAACCGTTTGATATATCTAACGGCAGCTTTACGATAAGCAATGTTCCGGTTCAGACGGTAAGAGTAAGTTCACCAAACGGCGGTGAAACTGTTACATCAGGCATTCCATACGAGATTACCTGGAATAACAGTGGACTTGACAGCGTAAAGATTGAGTACACCACAAACAACGGCCAGACCTGGTCAACCATCGTGAGCGGTACTCAGCCGGACGGTTCATACTTCTGGACAACTGTTCCTGCAATCAACTCATCAAACGCAAAGATCAGAGTATCTGACGCGTTTGACGGAACTCCGGTTGACGAAAGTGATGAGGTATTCACCATCAGAACAGAGCCTACCCTGACCCTTACTGCTCCGAACGGAGGAGACAGCATTCTTGCCGGGTCAGTATATACCATCACCTGGTCAACACTGCTTAATA
CP054182.1_gap46	1850743	1855435	4692	ATAAACTTTGTACTTTCTTTCTCTGCTTTAGAAAGATTCCGGGTTTTCCGGGAAAGTCCGTCCTGCCCAAGAAATGCTGTTTTCTGATTCTGGAGCCTTACCCCTCGTTTTATCAGATCACTGTAAGCGCTGATATATTTTCGCAACTCAAATTCTTCTTTCTTTGCATGGTAAGTTTCCTTGAGCATGCCGTTATAAAGCAAGGTGCTGAGTTTTTGAGCATCAATAGGATCAGTCTTTGGCCCCTGGGTTAACAGTCGGTTCTGATAAGGATCACAGATAACCACTTTTGCAGCGTAATCGTACAAATTGACAAAGAGCCAGTGAGCCGGAGAGCTTTCCTCTAAGGCAATAATGGTTTTACCGGACAGACTCTTGAGCAGTTGCTGAAGCTGCTTCAGAGAGCTTGGGTGCTCGGTTACCCGGATACGGTTCTGATAGGGTGCTCTTATCATTGCAATTGCCATGGTGCTTTGCGACCAGTCAACGGCAAGATAATTATCGTATCCTGCATATTTGTTGACCACTGAATAACTTTTGCCGGTCAGTTGTTTTTTTATAAGTTTCATGAGCGGTTTCCTTAGTTTAATGAGATGTCAACTGTTATGGTGAATAAAATTCACTTTTACTACACCTTAAATTAAGTGAAACCGCTTTTCTAATTTATCGCGGATATTAAACAGATGCAAAAGCAGCGCGGATTTTCGCTGGTTGGAAATGAATGAAGCTTTACCATAATAAGCTCCCGAAACTTTTCTATTTTCTGCTTAAACCCCACCGTCCTCAGTGTCCCCACCATCCCCGGAAATGCAGCTTTCTTTCACTAAGACCTTGCGAATTTAATCAGAGGTGTGATATCTTCTCTGTCTGCCGACCTGAGAGCATCAAGATATACTGTTCGTGCGGTTCCTTGTGCGATCAAATCTTTCGCTCCCCAGGAAAATACCGGTTCATCGTATATCTTGTTGATGATTATATCTGCCATGAGCCGGCTGTGCCTGCCGTTTCCATTCGGAAAACAATGTATAGAAACCAGGCGATGTTTGAATCTGACCGCTGTTTCATCGGGAGTGAATGTCTTATGCTCATACCAGAATTTGACATCATCAAGCAGTTTGCGCATTTCCGTTGCAATCTGCCACTTATCCACCCCGATGTTTTTATTTGTTTCACGGTATGATCCGGCCCAATTCCAAACTTCTCCATACATCCTCCTGTGCAGTTCCCGGGTGAATGCCTCGCTAAAAACATGATCAGGCCTGAATGAACGATTTAAGGACCAAAGCATTGCCTGCATGATATTTCTATGTTCAAACTCATCAAGCTCGCCTCTTGTTGAAATTGAAGGGATTAACAAACCCTCTTTCTCATCCTCATCAAGCGGAGTCTGACCATGAAGGGTGTTGAAATCTAATCCCATAGCGCTTTTGGCAATTCCCGTTTAATCTGTTCCGAACTTTCACGTATAGCATTTTGCATTTGCTCAGATGAAATACCCTGTCCCTCAAGCTGCATAGTTACAGAAGTCCGCTGAACAATTTCAAGGGCAAGTTCCTTAGATCGCCGGTCAATCAGATCATTAATTGAGTTATCAATGGGAATAAATCCGTAGACCAGTTCCATGTTAAGAGCTTTGGCGGCTTCCCGGAGAGTCCTGATGCTTACGGACCCTTCACTCTCTCTGGCTTCCATATCCACCACCCCCTGACGTGTAATGGCGAGTTTCTTGCCAAGCTGACTGGCACTCATCCCAAGTGCATTGCGGATTGCATGAATCCATCCTTTTTCTGGAAAATTCACTTTTCTCAGCACAGATAATGTCTGCAATTTCTGATTAAGGTGCTGAATTTGAATTGATCTTTTATTCATTTTGAGTACGCGTAAAAATATAGCCAAAATGTAAAGTAATAACTTGACAAAAGCAAGTTAAAAAGACAAGTGATAGCTTGTCAAATATTATAAGAAAAGCAAGTTATAGCTTGTCAAATATCCTGGATTCTGGGTTGGCTTTTAAATTTTCTTAAAACCCTCGCTAAGCCGGTCGGTGAAAAATTCTTCGCCGTTATCCTTGGTGTGGATAACCAACAGCCCGGCACGGACCATTTTGACCAGTGTGCGGGAAGCACGGCGGTGGGAGATATTGCATTTTTCGCTGAAGGACTGTACGGAGATGTAGGCATTTTTACTGAGAAGATCAAATGCCTTTTTTTCAAGATCCCCGATGGTGTATTTGATAAGCGGCTTGCCGGAAATTTCAGCTCTCATGATGCGGAGCATTTCCTTGCTGGCGGGTATGCTCTTATCCTCAACCCGGATATATACCTGTGCAGTCAGTATATCTAGTTCATCTTTATAATCGGTAATACGGTGAGGTTTAAACGGGGACTCTTCAATTTCCGCAACGACCAGTTCTTTGCCGTCTATTTCAAAATAATGGATTTCATGGGCAATGGGAGGGGTGCAGTATTTTTCTGCTGCTTCGGTGATCATGCTGCTTTCACTCTTTTCGCTTTCGACACCGATGACACGTTTATTGTCATCCACCCCGAATATCATATAGCCCCCTTTTGTGTTGGCAAAGGCAATCATCTCTTTGGCGATTTTTTCAGGGCTGGAAAATTTCTGCTTGAACTCTATATAGAGATTCTCCCCCTCCTCTATCATATCAAGAAGGTCAATCCGTCTCATTTCTCCGGAAAGAGAACAACTGAATTATATCTGCCCCTGATAATGCCTGCCCTGCGGGTGACATACCGGGAGTTTTCATTCGGCTTGTAGCGCAGGGGAGCAGGTATTACCGCTGCCATTCTTGATGCCTGATTTACATTCAGATTTGCTGCATCTGTGTCAAAATAGATATTGGCCGCTTTCTCTGCACCGAAGATACCGTCGCCCCATTCAATAATGTTGACGTAGTTTTTCATGATGCCTTGTTTGGAGACTTCCTTTTCCATCCTTGCAGTTACCATCAGCTCTTTTACTTTTCTGATAACGCTTCTGTTTGTGGTGAAGTAGGCATTTTTTGCAAGCTGCATGGTTATGGTGCTTCCGCCGCGTTTCCGTTTGGAGCTGCGTTTGTTTCCTTTCATCGAAAGCTCAAGCTGATTCCAGTCAATGCCGCGGTGGACAAAGAACGCGTCATCTTCCATTGCGATAATGGATTTAAGGAGAACAGGACTTATATCAGCAAGCGAAGTTCTGCTTTGAGAAGGATAATAGAGGAGAAAGTTTTCAGCCGCACGCTGATCCATGAGAGAGGAAATCCGGATGGTATGGAAATCGAGGAACGGCACCTGAAATACCGGAATGGCTGAATAGAAAATAAGAAGCAGATAGAGCAGGATAGTTTTGATCCTGTGTTTTTTATAATACTCCCTTAGCCGGTCCCAGCATTCAGTAAGTTCAAACATCGGATGTGATCAGCCGCTCAGACGACAGAGTAACCGGAAAGACGGATAATTATAGCGGGTACCGACCGGAGAATTTAACTGAAGCTGCCACTGATTGCTCCGGTATATAAAGGCCTGTTCCCCGGTCTTCTTTTCAGGATCTTCACCGCTTTCTTCTTCCTTTTTCTCCTCATCCTGCTCTTCTTTCATTTCTTCAGGAGCGGCTTCCGGTTTTTGGGGAGTAATCACTGAGTCCTTTTTAACAGGTTCTTTCAGGCGGTTGAGTGAATCCTGCACCTGCTGGCGTATCCGTTCCTTTTCGCTGCGGACAAACTGAACGGCCGGTGTTACTTTCTGTGCATACGGTGACGCCGGATATTTCGCGATGAGCGAATCATAGACCGTCAGAGCTGAATCGGGTTTTTTCATTTCCCGTTCGAGGATAAATCCGTATGTATATAATGATTTGGAAGCCAGCGGAGATTCCGGATACGTGCTGAAAATCTTATAAAGCTGCTGAAGGGCATCCTGATACTTGCCCCCGAGAAAATGTTCCTCAGCGGCAACATAGATCTCTTTTGCAGGATCAAAATCAAAATCAATAACCGGCTTGCCGATCTTCGGGGCTATGATGTTAATGATTTTGTCCTCAGTAAAGGTGCTGTATATATAACGGTAGATACTGTCCGCTGAAATTGAATCACCATCCACCAGATGGCAGCCGGCCAGGGCATAAAGAACCTGCGGAGCATAGGGGTTTTTCGGGTATTCGTCAAGAATCTGGCGGTAATAGTAAAACGCGGAATCTATGATGTTAAAGTCGTTAAAAAAGAGATTGCCAAGATCAAATGCTGACCGGGCTGCAACCACCATCAGTGAGTCACCCGAGAGGATTGGTCTGACAGGGGGGATACCCTGTTTCTGGCCGGGTTTAACGGTCACCGGTTTAACGGGCTCATTTAATTCAGGTTCAATCGTTCTCTCCCGTTCTCGCGGCTGTGTTGTAGTGGGATTAACGTTTGGATCAGTAGTCTCAGTCTCTGCAGTTGAGTCTGCTGAGGCATAAAAGGCGATTGAGTCCGTTACAAATGCCGCGGAATCGGTGGCGTAGAGAAAGTTCCTCTGATTAAGTCGGTGATTGTTTCTTAGTGTTATATATTTATTAAAAAGATCAGCTTTAAACCGGATGAGAGGGAGATATTCCACAGTGGCAGTTGAACTGAGTGCCTTGCTGTAATAAACGGCGGCGCTGTCATAATTTGCTAAGCTGTTTTCGTAGAGGTACCCTATTTCATAACGGATA
CP054182.1_gap47	1863210	1867965	4755	CTGACCGGTCAAAATGGTGAAACCCAGATTCCGGTTCACGGCGCACATGAACAACATATTGTGTATTCAATACTTTTTTGATTTAATTCAATATGTTATAAATGAAAACTCACGTCCAAGGCAGACGGAAAAACGGTATCTCCTCTGCAAAAGCTGAGGACCAGAAAATCAGGGTGTTTCAATACACCTCCCCGGCCGATTCAGTAAGGGAATTATTAGACTCTTTACCGCATTTTTCCCCGGCTTCTGATCAGGCAATTCTGCTTATATGCAGGAAGCAGTTAGTTACTGATTTACCCGGGCAACTTCCTTCAGGAATCAAACTGGGTGTGGATGCTGAAATACTTTCCGGGGCAACTGTTTATATTATTAAAGACTCTGACGGGTTTCAGGTCAGGGAAGGGAAACTTAGACTCACTTCAAAATCCACTTCCGAAAAGAATTCAAGATCATCACCGGAAAAACTCAGTAAAAGGGCAGAAACTCCTGCATTCTTCTCAGAGCTATCCAAATTTATACTCTATGAAAGTAGTGACTGGCTTCTGCTCGGTTCTGACCGACGGATAGAGTTTGCAGCTTCTTCAGCGGCAAAACTTCTCGGCTCTCCGGCAGAAAGTTTTTTGCACAAAGAAATAGAATCACTCTTTCAGAAACAGGCAGTCTCATCACTCAGACAATGTATTAAGGGAAGCATAACATCGGGGAGAAAAACCAGGGGAATATTCCCTCTGAAGAATACATCTGAATCAAAGGAAGCCAAATATCTTGAATGTGTATTTCAGCGATTCTCAGCCGGCTTCAATGACAGTAAATTAATCGTAACTCTCCGGGACAGCACTAAAGAAAAGATCGCAGAAAAAACTTACGAAGAGACACTGATAAAACTGAGGGAAAGAGTAAAAGAACAATCCTGTCTATACAGTATATCCTCTCTCGCCACGCAGAATCTGACAACCGGAGAACTTCTCAGTTCGGTTGTCTGTCTGATTCCTTCGGCGTTTTATTACCCAGAACGGACGTTTGCCCGGATACGGCTCGGCGGACAGGAGTATACATCAGAAAACGGCCCGGCAGCAGGCAAACACTTCAGGACAGAAAAAATTCTTGATGATAAAAAGCGGCTCTCCATTGAAATATATCTCAGGCAGGATAAATCCCCGAAAGAAAAAATTGATTTTCTTCCTGAAGAAAAGAAACTCATCGAATCAATAGCCTCAACTCTGGCTCTTATTCTGAATCAGCTGTTCACGGCACAGCAGATGATTGAAAACCGGGACAGACTTACCAGTGTAATTGAAACTGAACCGGCATGCGTAAAAATCGTCTCGGCAAACGGTAAGCTCATCCACATGAATAACTCCGGTCTGAAGATGATTCAGGCAGAAAAAGCCGGTAAAAAATTATTCGGGACAGATGTATCTGCTCTTATTCTTGAAGAGGATAGACATATATACCGCAGCCTGCACAAAAACGCGCTGCGGGGACAGAAAGGTGAAGCGCGTTTCAGAGTTAAAGGACTTCGCGGTAAGATAGTCTGGATGGAGAGCAGCTCTGTTCCTCTCAGGGATGCACAAAACAGAATAACTTCCGTTCTGAGCGTGACGAGGGATATTACTGAACAGGTAAAGTCAGAAATAGAAATCAGGCTGCTGAATAAGGAACTGGAACTTCTTCTTCAGTCAAGCGGTGAAGGACTCTTCGGAATCAATCTTGAAGGCAATTGTACATTTATTAACGATGCTGCTTTACGTCTTCTTGGTTATAAGAGAAAAGACTGTATCGGCAAAAATATGCACCAGCTGATTCATCATCACCGGATTGACGGCTCGTTATATCCGGAAGAAGAATGTCCGATATATCATGAAAATATCGGAAGCATCCGGACGGAACATACTGATGAAGTATTCTGGAAAGCGGACGGAAGTCCTGTGCCTGTGAGATTCTTTTCGAATCCGATTATTGATGAAGGCAAAGTAACCGGAGTTACTGTTACTTTTAACGATATCTCGGAACAGAAGCGGAAAGAACTTGAAATAATCACCATAAAGAATAACACCGAAGCTTTAATTAACAGCACGGACGATCTGATCTGGTCAGTTGATAAAAACCACAAACTGATTGCGTGTAATGCTGCATTCCGGCAGCTGATAAGCAGAGTATCATCCGACGACATTAAACCTGGTGATCCGGTACTAAAGAAAATGGGATGCACGCCGGCAGAAAAGAAAATCTGGACAGGTTACCTGGAGGAAGTCTTCCGGGGCAAAGGTGTTGCGGTAGCCGCTGAAAAGGTAATCAGCAGGGATGATGCAATCCGTTCCCTGAACATGAATCCGATATACAGTCCTTCGGGAAAAATTTTTGGTGCGGCCTGTTACAGCAAAAACCTGACGGAGGATATCAGGCGTGAAGAGATGCTCGAAAAAACCAGAAATTCCCTCAAAAGAGTTTTTGATCAGTCAATTGATGTGATTTGCACAGTGAATGAAGAGGGCTGTTTTGAACTGGTCAGCAGCGCTTCAGAACAGGTTCTGGGATATCTTCCTCAAGAACTTAGCGGAAAACATTATTCTCAATTTGTGCATCCGGCTGATCTGAAGAGGACTGATGCAATTGTTAAAAAGATAATTTCCGGAAAAATCATCAGGAATTTCGAAAACAGATATATCCGGAAGGATGGTTCTGAGATTCTTGTTAACTGGTCAGCAGCATGGGATGAAGATGATAAACTGATGTATTGCGTTGCACGGGATGGTACTGAGGTGAGAGAAGCTCAGGAGAAAATACTTCTGAGTGAAAGCCGGTTCCGGAATCTGGTGCAGGAAGCAACGGATTTACTTGCTATCCTTACTCCTGACGGAATCTATCAGTATGTCAGCCCGACAACCATAAAACTGCTTGGCTGGACACCTGAGGACTTCATCGGAAAAAATGCGTTCGAGTTCATTCATGAGGATGATAAAGAACGGACGTTGAATCAGTTTAAGAAACTTTCCGGTTCAAGAAAGCTGAAGTTTGAACCGTTCAGGTTTAAGCATAAAGACGGTTCATGGAGATGGATTGAAACGACGGCGACAAATCTTCTTGATGAACCCTCAGTCATGGGTATAGTGGCGAACTCACGGGATGTGACTGATGAGGTGATTTACCGGGAGGAACTTAAAAAGTCGGAAGAAAAGTACCGTATGCTTTTCCGTAGCAGTCCGTTTCCGAAATGGCTTTATGATATCGAGACTTTCCAGATGCTGGACGTAAATGAAACAGCGCTCAGGCATTACGGGTACAGCAGGGAAGAATTTCTTAACCTTACGATTCTTGATATTCGTCCTGATTCTGAGGTTTCCAAAGTTATTGAAGCACACAGGAATTTATCGGATAAACCCGGCAGGATTGATTTCGGACAGTTTGTCCATAAGAAAAAAGATGGTACACTTATTCAGGTTACCGTTACCGGGCACAGGATTGAATATAATAACCGTAACTGCATTATGGTGGTAATCATGGATACCACCGAAATTGAACGCACAATTAAACTGCTCAAGGAAAAAGAGCAGCAGCTGCGGTTTGCACAGAAAATGGCAAAGCTGGGATATTGGAGTATCTCCGTTGCTGACGGAAAAATAACCTGGTCAGATGACGTTTATGATATATGGGGTTTGGATAAAAACACGTTCGAGCCCACAATTGAAAATGTCATGGAACTGATACCTGAGGGAAGCAGAACAAAAGGTATGCTGGAGTATTATCAGTTTTTTAACAGCGGGGAGCCATTAGATACGGTGCACAGAATAATAATGAAGGATGGTTCCGTTAAATGGCTCCGGCAGATTGGTGTGCATCTGACGGATAACGACGGAAATCCTCTTGCGATCGCGGGAACCGTGCAGGATATAACTGAGCAAAAACTGAATGAACTGCACCTTGCGGAAATCAATGAACGGTATATTCATGTTACAAAGGCAACTTCTGACGCAATATGGGACTGGAATCTTCTGACAAATAAAATATTCTGGGGTGAGGGTTTTCATACCATATTCGGCTATGACTCTGAAAACGCCGAGCAGGATTTTTCCTCATGGAACAGCCGTGTTTATCCTGATGACATAGAGCCGGTATCCAAAAGCCTACACGATGTTATTGAGGGAAGTGGATATATATGGGTGGAAGAATACCGATTTCTGAAAGCAGACGGTACTGTTGCTTTTGTGTTGGACAAGGGGATTGTCATCAGGGATGCAGACGGCAAGGCTGTGAGGATGGTAGGAGCCATGCAGGATATCACCAAACAGAAACTTGAGATGCAGCATCTGCGGCTTCTTGAGTCTGTAATTACCAATGCCAATGACAGTGTGATGATTACCGAAGCTACATCTTCGGGCAAAGAGGGGAGAAAAATATTATATGTTAATAAGTCTTTCTCCAGGATGACCGGCTACTCTGCTCAGGAAATAATCGGTAAAACTCCTGCAATATTTCATGGCCCGAAAACCGATAAAAAGATAGTCAGCCAAATTTCGGAGAAACTCAGGAGATTTGAACCGGGTGAATTTACTCTGATTAATTATAAAAAAAGCGGAGAGGAATACTGGCTTAATCTTTCACTCAGTCCGGTTTCTGATGAAAAGGGAAACTTTACCCACTGGATTGCAATTGAAAGGGATGTGACTGAAAGAAGAGATGAAGAACTTCAGAAATGGATATTTGCTGAGATAAGCGGACAGTTCGGCAAGGAAAAAAATCTGAAGAACTCCATCC
CP054182.1_gap48	1870619	1871569	950	GAATTGCACTGAATCGGTAACGGAAGAATACACCAACCGGTATTGGGGTAATGTGCTGTTCAGTAATCTGATTCTTTATCTTCTTCCGTTCAGCATCATTGCTATCATACCCGGTGTTATTTTCAGTTTTCTCACGGGATTTATTATGATGGGAATAATTGACTGCCTTATTCTGATTTTTCTGATTCACCTCGCTTTGTATCCGGGATTCTCAGTTGAAACCAGAAAAAATCTTCTCATATTATGCTGTTACTTTGCTTCAGCAGTTTTGATACTGATGATTGGCGTTCGCGGACCCGGTCTGACCTATCTGGTGATTACCACAGTAATCTTTGTCCTGATTTTTCCTGGAAAGAATGCTTATCTGCCTTCCTGGGTGAATACGATAATAATTGCCGCTATGACAGGACTGATTCTTCTGGGTGAATTCAAATGGGATTATCAGGAAGTTCCGGAAGCAGGGCACTGGATTGCGGTAGCATCAAATAATATATTTCTGAGCTTTGCACTTTCAGCGTTTGTACCGAAAATATTTCTGGGCATTCAGAACGCGATAGACAATCAGCTGCGGCTTAAATCGCAATTAGAGGAAAAAGAACGGTCACTCTCCTTAGCACTTGCTGAAGTGGAATCAAAAAACCAGGAGATAGCGGAGTTTGCAGTTATCGCTTCACACGATCTGAAAGAACCTCTCAGAACCGCGGTATCGTTATCGGAATTAATCATAAAAAAGTATTCTGCAAATCTTGAACAGCAGATTATCAAATTGCTAAATCTAATTATTTCCAGCGCGCGCAGAGGTATTTCGCTTACTGAAGATTTACTGGATTATTCCAGAATCTACCGTGAAAGCGGTGAAAGCACTCTGATAGATACCAATAAACTGGTACATGAAGTAGTCCGTCATTTTAAAACTACCGGGGAAAGTCGGGATATTCAATTTACCATAT
CP054182.1_gap49	1872653	1875839	3186	TTTCTTTCAGTATAAAGTCACTCAATCTGGGAGCAGCAGACTACCTCTTAAAGGACGAACTTTCCGCTTCAACCTTATATAAAAGTATCGTTTACACCATTGAGCGCAAGCGTTTTCTTATTGATCTGGAAGCCTCGGAAAAAAAATACAGAGACCTCTTTCATCTGAGCCCTACCCCAATGTGGTTCTATGATATTGTGACGCTGCGGTTTCTGGATGTAAATCAGGCGGCGGTACAGCATTATGGTTACAGCAGGGAAGAGTTTCTCTCCATGACCATCAAAGATATCCGTCCTCCGGCAGATGTGGCAAAACTTGAAGCTGTGCTTTCTGACAGAAGTGTTAAGATAACCTATCAGAATATCTTCCGGCACACAAAGAAGAACGGCGAAATTATTCATGTTGATATCTATGGTGCGGCAGTGGAGTTTGGTGACACTCATGCCCGTGTAATTGCCGCGAATGACATAACTGACAGAATTAATTATATATCAGCCATCGAAAAGCAGAATGAAAAGCTCAGAGAAATTGCCTGGCAGCAGTCTCATATCGCCCGTGCACCGTTAGCCCGCCTGATGGCTTTAACGGCGCTGCTCAGGGAAGAATTTGTATCTGATGAAGATGGGAAAATGGTTTTGCAGGGAGTATTAAACTCCGCATTTGAACTGGACGATATCATAAAGGATATTGCGGCTAAATCTGCCGCAATAAACATTGAAAGGCCTGAAAATGAAGTTTGAAGTGATGCTTGTGGATGATGATGATATGGTGCTGTTTGTCATATCAAGATATATAAGAAAGTCAGGGCTCTCCCTGAACCCGTTAAACTTCAGGAACGGGCAGGAGGCATTAGATTATATAACTGCACATCAGGATCCGGGAATGAATTTTATAGTCCTGCTGGATATAAATATGCCGGTCATGAACGGCTGGCAGTTTCTTGAAGCGGTTAAAGATCATGAAGTTGCACAAAGAATCCGGGTTGCCATGGTTACTTCATCGGTTGATTTCGAAGACGCAGACCGGGCCAAAACATTTCCGATGGTGGTATCGTATCTCATTAAGCCGGTTGATACTGATATGCTTGCATCATTAAAGAAGGTCCCGCAGCTTCAAGAGTTTTATAACTGAGTATATAAACCTCACCCCCTGCCCCTCTCCTTGGGAAGGAGAGGGGAGTGTGGAAAATGAATATGAAAATCCCTCTCCTTGGGAAGGAAAAGGGAGTAAGAATCTGTATTTAGAAGTCTGCCTCCTGTTTAAGGAGAAGGGTTCAGGATGAGGTTGATCCTGGCGGCTGGGGCTAAGAAATAAACGGATTGGTTGTATGTATACAAACCTCACCCCCTGCCCCTCTCCTTGGTAAGGAGAGGGGAGCATAGAATTTCACTTTAAAAGTCCCTCTCCTTTTTGAGGAGAGGGATTTAGGGTGAGGTTTCTTGCTCCGTTAAAAGCGATTGTATTTTATCCTCCACTGCCTTCATTACCTTATCCATATCATTCATAATCTCCTCATTCTTTATCCGCAAAAATCTGATACCGTATGCTTCTATGTGCTTCTGTCTTTCGGCATCGTATTTCTTCTGATCTTCCTTTTCATGTATTCCTCCGTCAATTTCAATGGCAAGTTTCAGGGAGGGGCAATAGAAGTCAATGACGTAAGAATCCACTGAATACTGTCTGCGGAATTTCTGCCCCTTGGTATTCCTGCTCCGCAGGAAAATCCACATTAGCTTTTCGAACTCTGTTGTTTTAACCCGCAGGTCACGTCTCCGGTCTTTCATCTCTATTTTGTTAAAATGCAGCGTCAATAATAACCATCCTTCTTATAAAAGTAAACATGCTAAATCATCTGCACAATTCAAAAGACCCGGAACTAATATATATTACTAACTCCTGATTACTAATTCCTTCTGAGCGCTATCATTCTCCACTCCTGCAATTCTGTTACCTCAAGCCGGGTTAAGCCGAGCCGGGTGTAGAGATCGGTAACTTCTTCAACATCATCGCCGAGCAGACCGGAGAGGAGCAGTATGCCTCCGGGTCTGATACGTGAGGTGAGTCCGTCAGCGATTTGCACCAGGATATTTTTCTGGATATTGGCAAGTATCAGATCGAATTCCGTCTGCGGAATGTCGTCCAGTTCGCAGGTACGTATTTCTACTTTGTCTGAAACATCATTAAGGCGGCAGTTCTCTATTCCGTTATCGTAACACCAGTCATCGTTATCGAAAGCAATTGCAGAGGCGGCACCAAGTTTCACTGCACCGATGGCCAGGATACCTGAGCCGGTTCCGGCATCAAGGACTTTCTCTCCGCCCCGGATGTATTTTTTGAGAGCCAGAAGCATCAATTTTGTAGTCTGATGTTCTCCCGTACCGAAGGACATTTTGGGGTCAATGGTCAGGATCAGTTCATTTCCCTCGGGCGTGTATTCCTTAAATGTTGGTTTAATGACCATATCATCGGAAACCCGTATTACGGAGATGTTCTTTTCCCACTCTTCATTCCAGTTGCGGTTTGCAAATACCTGGGTCATCACCTGGTAATCATTAAGCTGTCCTGCGGTTTTCAGTTCCTCAAGAGCTTTTTCAACGGATTCTTTGCCGGGATCCTGCTCTGCGTCGAAGTAGAGCCGGAGTCCGGAATCCACTTCTTCAATGCCGGCCGGTTCCAGTTCCCACAGATACGCAGAGATAATTTCAAGATTTTCTGCATCGGGGAGTATGGTATAGACTGTTATGTTTTTCACTATCTTTTCTTTCATTTTACTCTGCAAATATACAATCGTTTACATCCTTCTGGTCAGGATTGGCTGGTGAAACAGCGGGCGAAAAAGTACCTTAAGTGAATAAAATCAGGGTTTATCTGTCTGTTTCAATTTTTTATTTGACGGCTTCTCCTTAAATTTCAAAGGATTATTCATACAAACATCTTACAGACTGTCATGTGCCTGAAATCTGCTGTCCTTCGAAAAATATCCGTGCTAATTCTTTTATTTATATTTCTTCCCGGCATATTGTTTGCCCAAAAGGGTAAAATTTCCGGTAAAGTGACGGATGCCCGGACAGGTGAAGAATTAATCGGGGTAAACATTCTTGTTGTCGGAACCAATATCGGGGCTGCTTCTGATGTCAGCGGCCGGTATTCGATAATAAACGTAACTCCCGGAATCGTGGAATTAAG
CP054182.1_gap50	2046331	2049452	3121	GAAGTAAATCGTATGGATAACAGTTATGGTTACCGCGAGTGCAGAAATATAACTAAAAAAACAAAGTTGCATACCTCCTTTGATAATCCATTTCTTTACCAGAATCAGGTAAGCCATATAAATCCAGGAGTCAAAAAGCAAAAAACGGACTCCGAAAAGAATTCTGAGCAGCCGGTTGTTTGGTTCAAAAGAGTAAGGGCCCCAAAGTTCATATAAAGCTGATATACGCTGTAAGAGAAACTCAGCAGGGTGTTCCAATGCAAACGTCATGTAGGTCGTGAGCGGGCTGATAAATGCTTCAGGAGCAAAGTTGCTCAGATTATGATTTACTTTTGGACTATAGCCATTTATTGCAATCAGCAGGTTGTATGACTGGTTTATTGGAAAGGCGGTTATCTTTATCAGATCTAACCCAAAAAATAGTGCCGAGATTAATGCTGCACCGGACACATAGCGTAAAAAATGTCTCCTTTGTATAACAAATACCACGATTGCAGTTAAAAAAATTGCCGGAAGATATACCGTCCGGAGTTGTGCCGCTAACGCCAAAAGCATTCCGGCATAAGTATAATTTCTTTTGAGAAGAAGGTAAACCGAGGTTGTCAGAAGAAAAGTTGTAACACTTTCGGTAAGAACATAACTGGTAAATAAGACCTGAGTTGGATAAAATACGAAAACAAAAAGGGAAAGGATTGCAAATTTATGCGCGGACATTTCACTTGTCTCATCTTCGGATGATCGGAAAAGCAAATGACCTGTTTTGTACAATATGACTCCGGTAAAAAGCTGTACAAGAAGGTTAATTACAAGAAGAGCAAAGTAGAGGTGTGTTTTGCCTGTTATGGTTAAAATGCCAGATATAAGCAGGGGATATCCATTTGGAAAGACCGGGAAAGGTGCCCCATTAAGAATAGCTTCTGCCTGAGCGATATACACAAATGAGTCTGCGGTTGTTCGCGTTGGCCAGAAGCCGAGGAACATTATCCGGATGAAAACCACAAGAGAAATCAGGTAATAAAAAGATTCTTTCCTGTTCAGGAAGTCCAGGATTCCGGATAGAAACCTGGTTACTCTGTTGTTCGGAATTCCGGGTATCGGCTTGTGCTGCTGCATTTATAAGAATTTGATTCCTAATCCTAAAGTTAGCATTAGGGTGCTGAATTTCCAATGAGCACTTTATTGGCTTTTTGTACCTCTCAGGAGAATATCAGTTTACAGTCTCTAACAACTAAAATTCTGCCCAAATTCGACTTTGAGAGGGATTTATCCTAAAACAGTCCCCTAATACCGAATTTAGCAATGATACACATATTTGGAGGAATTTATGTACCAGGTTGGTTATGAATACATGATTACAACACTGGCATAATCAATGTAAAATCGATTAGGTGCTTTAAAATATAATATATATAAATACCACATTGTTAAATAAAAAAAGCCCGTCCATTACTGAGCGGGCTTTTGAAATAACGTCTGTTAAAACAGCTTACCAGCGATTGCCGAAGCCACGGTTTCCGCCGCCGCTTCCGCCACGACCGCCGCCGTAACCGCCACGGTTTCCGCCGCCACCGCCGCCCTTACGGTCGTTGGTCTTCGGACGTGCTTCGTTAACAACAAGTTTCTTGCCTTTAACGTCTTTGGTGTTCAAGCTGTTCATAGCCTTCTGAGCTTCAGCAAGACCCGGCATTTCAACAAAGCCGAAACCTTTTGATTCGCCAGAGAACATGTCCTTGATAACTTTAACACTTCTGACAGCACCGAATTCGGTGAAGAGATTCTGTAAATCCTCTTCGGTCACGTCTTTTGCTAAATTTCCGACAAAAATATTCATGATAATAGATCCTTTTAGATTAAGTGATTGAGATTACATTCAGCAAAAGTTTAGATTAAAGAGAACTTCGCTAAAAAACAGTATTTGGAAATAAAAGTCAGAAGTAGTATGTGAAGATTCCGTAAGCAGGGAATGCATCAAAAAGGTCTATTAATTATCCGGGAAGGAAAAAATTAAAGCCGCAACTGTAGCTGCTTTTATGAAAGAAAATCCGTTGAAGGATTTCCATTTTCCGGGGCCGACCAGACTTCCCGAAACTTCGGGACAACCTCCTGTGTGAAAGGTGACCGTGAAGTAATGAAAAATCTTATCGGATCCGTTAAGCGGGGCCGACGAGACTCGAACTCGCGACCTCCTGCGTGACAGGCAGGCGTTCTAACCAACTGAACTACGACCCCGTAGAAAAACAAATTTAATAAGAGCGTGTCAGAGAATTTTCTCATACAGAACCAAAATTTACAGCTTTTTTATTTTTCACACAACAAAAAAGTTAAATTTTGATAAAAACCGTGATTAATCTCCGAATCCGATACCGATTTGCCGGGCGGTAAGGAGCGTTTGGGAGTCCGGCTGAACCAGCTTCTGACGGGAGATAGCATCCTCAATGAGAACGTTTTTGATCTCATTTCCTTTGAGAGCGACCATTCTTCCGAACTTCTTTTTGAGTGCCAGCTGAATAGCATATGCGCCGAACTTGGTTGAAAGAATACGGTCGTAGGGAGTTGGGCTTCCTCCGCGCTGGGTATGTCCCAAAATGGTTACCCTTGTTTCACGACCGGTGTTTTCTTCTATTTTTTGAGCAACTACTTCACCGATGCCGCCGAGCTGTTTGGGATCGTGTCTTCTGATATCCGTGCCCTTGAGTACCATGGCGCCATCCTTTTCCCGGGCTCCTTCTGCAACGCAGACCAGTGAAAAACGCTTTCCGGATAGTTCACGCTCTTTTATTTTCTGATAAATCTTTTCGTAAGTGAAAGGAATTTCAGGAATCAGAATAATATCCGCACCGCCGGCAAGTCCTCCATTCAGGGCTATCCAGCCTGCGTATCTCCCCATCACTTCCACCACGATTACTCTGTGGTGAGAGGAGGCAGTGGTATGAAGCCGGTCAAGCGCCATAGATACAACATACACAGCCGAATCATGACCGAACGTGAGGTCGGTTGCTTCAAGGTCGTTATCAATCGTTTTTGGGACTCCCACGATATTCAGCCCCATTTTGCTGAGCTTATTACAGATGTGCATAGTACCATCTCCGCCTATTCCTATCAGGCAGTCAAGTTTCCACGC
CP054182.1_gap51	2189522	2193495	3973	TGATCCGAAAACAGGAGTTTTAAGCAGCTGGAACTGATACTGAACTGCATCACCATCTACATCAATGGTCTTTGTCCAGTTAGCAGTAAAACTCTGCGCGGAATCCGTTACGAGAATGGTTGCATCATCACCCGGAGCATTAAGGAAGAAATATGGATGCGGATTTGTTGCTACACCCTGTGTAATGCCTGCATAAGCATTCGGTGATATCTGATAACCGCCGTTAGCAGGTGTGCCGGTGAAGAACTGTGTTGCAAGTCCAACAACATTAATCGGGTAGGTAGGAGCGGGCTGTCCGTCGCAATCAGTATCACGGTCAATTCTAAGGATTGCTCTTGTATATCCGTTCCAGATGTTGATGTTTGCATCAGCATTTGAAGCAGGCCAGTTAACGGTATTTTCAGGGGTCGTGGTGACTCCGTTTACTTTAACGAGCATGCTTTCATATTTTTCAGCATCGGCTATGAACTCGGTGAGATTCAATTCAACCGGTGTGAGAGGATTATTGATATCAAGCAGTTCAATATCAGTGCCGAGATTAGTCAGATTAAGCTGGGTTACACCATTAAAATGACCAACAGTACCTGTTACCAGGAGTCTGTCACCGATATTATATACTGGTCCGCCGCCGGTTTCACTTCCTTTAGTGATAATGATGCCTGCGGTTGCATCCTGAATGCCGTACTGAAATCTGTTGGAGGATGCTGTGAAATTGACTGAGTTAACAACACCGATTACGGTAACCACTTCATTCAGACGATCCGGTACAAAATCACCGTTTGCGTCAATACGCACTGCCGCGATAGTTTCAGCAAAGATAACTTTGATCGGATTAAGCGCGGGAGTGGTAAAGGTATTACCGCTGCCCGGACGTGAAATTACGATAACTTCTTCGTTTGAATTCTCAAAGAAAACGATATTACCTGCTGCGTCAACTGCAACATCCGCGCGGATAGAGGTAATGTTGTTCTGATAATCCTGGAATGCCAGTTCTGCCACGGGAGCGGCGCTGTTATATATATCCTTAACAGCGAAGATACCCTGGACAAAAGCGTTGCCTGAGGCAATTCTTGATCTGGTAAAATAAATGATGTCATCATTCGAGGTAGCACCATAATAAATTGCGGCAGTAGTAACAAGACCGGTATCATTGCGGACTGTCCATACGGTATCAGCAAAGGTTTTGGTTCCTGTGAATGAACTGCCTAAATGGAATCGTGCTAATCCGGGTTTAGTTGAGCCGTTTGGAATACCCACAAACGTTACGTAGAGTGAGTTGTTTGGATCACGGCCGGCAACTGCATCATACATACCGATTCCTGCACCCTGGGTTGATATCAGCACTTCTTTTTGTCCGTAGAAGGTATAATTGTTTCCGATGTTAAGACGGTAAACAACCGTGTCAGCAACAACGATAATCTGTTTGCCGGCACCGGTACCAACTACCTGAAGACCACGGATTGCAGCAGTATATCCTGAGTCAATCTCAACAACATTCAGTGTGTCCGTGTGGTAACGGAAGATTTTTCTCTGAGAGGTACTCAGCAGATAAATATATCCGTCTTCATCAGCTTCGGATGAGTGGCGGACTTCTCCCGGACCGACAGGTACGCCGGTTGTGGTGAGAAGAGCGGTACCCTGAGCATTGCCCCACTGTTCGCCGTTTGCAGCGTGGCGTGCAACACCGGTTGCATATCCGCCGTTATCAGCAGTAAAAATAAAACCGAAATTTTTGAGAGCTTTATTTTTTACCGTTGTTACACCGCGGGTAAAGATTGCAGGGGTTGAATAGTGGATTGTTTTATAAGTAGCATAACCCGAGTTCCAGGTCTTCACTTCGAAAGTGTAATTGCCTGTAGGAACTGAGCTGCCTGAATTATTATTGCCATCCCATACCACAAAAGTATCGCGAACGCCGGCTGAATCAACATAGTTGAATCCGGTTGCGGTAATGGTTCTGACGAGGGTAGCCCCGTTGTATATATTTATCCAGAGTGAGTCTGCGCGGTCTGCCAGAGTGAAGCGGATTGCCGCACCGGTGCCATCGTCAAACCTGCCGTCAAAGGGATCATTGCTTCCCGGCTGTGTTACCCGTATGTTATGGGCAAACACATCCGCCTTTGTTTCGGTCTGGATAAAAAATGTGAACAGCAGTGTTATAGCCGTAACTGCCGCTAAAAAGGTCCTTTTCATCGAACTGTCTCCGTTTATTATTTAAGTAAAGTCATCTTCTTTGAAGCAGTAAGAGCGCCTGCCTTCAAAGTATATATATAGGTGCCTGACGCGAGTTTTGACGCATCAAAAGTGTATTTATAGGTTCCTTTTTCCATGGAAGAAGAAATAAGCTCCGTTACAAGCTGTCCGTTAATGTCATATACTGACAGGTTAACCATTTCGTCCTGAGCAAGTGAGAATTCAATGGTAGTAGCCGGGTTAAACGGATTCGGGAAATTCTGTGAGAGAGAGAATCCGTCAGGTGAAATATTTTCTGATTTTTCCACACTTACGATCGTAAGAGGAATAGTAGGCAGTGTTCCGGTGAATGCCCATTTATCAACGGTCCAACCGTAATGAGAAACGGTATATAAACCTCCGTCATCATCCCAGTCGGCGGCATAGTTTGAAGCATAACCTGAAACCTGCGGCTGCAGACCGCCATTACCGCGGTTAGAAAAACTGCCGGTCATCATAAAGTTCCATGCTGCATGGTCAACGGTATCAAGAACCGCGCCGGTATTGGGATTCAGCAGGTAGGTTCTTGAGAGTTCGTAACCTGCACCGGTTGTAAAGATAACCGATGTAGCCACAGCGAGGATATTTTTGCCTCTCATGATATTCATGCCAATTGGGCCTGAATTAACAAATACTCCGCCTGAGGAAGTAAGAGTATCATTAAGAGTTGCCTGGAATGAAGTGAGCTGTGTATATCCGGTAGCAGGGCTTCCGGTGTAGCAGTATACCTTGCGGAGTGTATAGTTTGAAATATATATTACAGAACCGTCACCGGTTGCGGTAACGCCGTAGAGATTTCCTGTATCAGGAACGGTGATCGTCTGAAGAGCTGTGCCTGCATGGCCTCCGCCCCACTCAGCATTGTCATTAATGCCGGCATAAACGCGAACCTGACCCGGCTGCCCCGGTCTGATAACAGTAACATATACTCTGCCGAAGTCATCAACATCAATGCCCCAGATTGAATCAGCATTGGTTGCAAGACGGTAGTCAGCTGAGTAAATTGAATCAGCACCCATCTTAAAAACAAGGATGTTTCTTTCGGGATCATTGTTAGCAACATAGATCATTGAGTCACGTGAAGCAGCCAGATCCTGTGCTTCAGTCATGAGCACGAGGTCAAAGCCGCTTACCCATGGCATCTGATAAGTACCGATACCGGAGCTTCCATAGGCATAGTATCCCATGCGGCCGGTGGAGTCGGTTGCATTGGTATAGCCTACAAGATAATTGCCGACCGCAGCTCTGCGGTTAACAAGGGCAACAAAGGTGTTCGGTTTAACCACTGCAACAGCCGGCGTGTTATGACCTGTCGAATTCGGCTGGTCATCCCAGGTTGCATAAGCGCAGTTCCAGTCGCCGTCAAAAGTCTGTGAGTAGTTCACTGAAGTGAAGAGGAGAGAGAATAAGAAGATGTAAAACAAATTCTTCATGAGTGTGCCTCCGGAAAGTGAATAATTGTTTAAAATGAATCATAAGAATAGAAAAAAAACGCTAAATAAGCAAGAAAAAGGGGACACATCAGAGGCCAATCAGCAGGAGCCGTCAGGTGTAAAATCGGTATATTTTTCCCCGCAGAAAGCTCAATTAAGAAGAAATTTGATGTTTTTATCAAAAAAAACGCCGGAAATCCTCCGGCGTTAAAGCTTAAGGTGTTTTGATCGTCAGTTATCCCTCTTGCAGGGCTTTTACCTCAACATTGCTGTGCCTCAGGCGGTTGGCTATTGTAAGAGCGAGCCGC
CP054182.1_gap52	2194654	2196296	1642	TGGCACCCATAGTTCCGGCACCGGGAATTCCGCAGACAAGCGCAGAGCCAAGATTACCAAGGCCCTGTCCAATAAGCTCTTTATTCGAATTATGCCTTGAATAGGTCAGAGCATCAAGCACAACGCAGGTTTTAAGCGTGTCAATGGACATAAGAATTGAGAGCGTTAGAAAGGGGATAATCAGATGCGAGATCTGAGAAAAATCAATGGATAAGAAGTGGGCAAAATTGGTAGTTACAGTACCGGTTAAATCGGTAATTGAAGCAGAAATTGCACCAATGATAAATTTATTTCCCTCAAGAGAGAACAATGCATTATCAAAGAAGGCAAGTGCAAAATACGCAGCCACTCCCGATGTGAGGGCAATAATGGAGGCAGGAACTTTAGTTGTTATTTTAGGAGCTGCCACCATCATGATGATGGTTACGCTTCCGATGACTATTGACTGCCACTGCCAGAGCTCAAAACTCACCAGAGCTGCCCAGAAGGTGATCTTTTCGGTAATACCAAGCATTTTGGGCAGTTGTGCTGAAAAGATAAGAACACCCACACCGCTCAGGTAACCGGCCACCACGGGGTACGGTATATACTTAATAATCTTACCTCCGCCAAGATACCCGACAAGAATCTGGAATCCTGCTGAAAGCAAGGCTACAAGGGTTACATAGGCGGGAATAACTTCTTTTGGCACCGAACCGGATGCAAGCATCTCGGCGACAAAGACCGAGAGAACCGCAGCGGCTGGGGCGCAGGGGGCAGTCACCAGTTTTTTAGTGCCGCCGGTAAGGGGTGAAATGAGCCCGAGCATTATCGTACCGATGATGCCCCCAAGGGCTGCCTGGCCGGAAAACTCCTTGCCAAGCGAGGCGAAAATTATAAGACCAAATGCAATTGCGGAGGGGAGTGCGACCAGCATGGATGCTGAACCTCCCATAATATCTCCAACCCAGTTTGAAGTTTCCGGCTTATTAGCCGGCCGGGCAGGGGAATCTGAACCTCCTGTTACTCCTGAACTCTTCGACATGGCAAACACCTCATTTTCGACAGCTCAAATTTAGATGATTATTTAAGCAAAGTAAAGAAATAATATGCTCATTTTATAAAGGAAGTCAGGCGGTGACGAGAATCCGCCGTCCGGGACTCCCCGGGGTTCGGCGGGCTATATATACGGCTTTTTACCGCTGTTACGTTTGTATATATACGGGAAGGAAGCAGAATACCAATAAAACAACACCCGGGGCAGAGGGGACGATAAATCTCAGGATTTTATTATCTTGTCCCTTTAAGAAAGGAAAAACTTTTGTACATACTCCCGGTCGGGAATTATTATAAGGAGATACTCAGAATCGCCTGGCCTGCCATAGCAGGGCTCTCTACGCAGATACTGGTTTCTCTGGTTGATGCTGCCATGGTCGGGCGGCTTCCTGATCCGGAATATACGCTTGCGGCTATGGGAATCGGTGTGCTGGCAACCTGGGCAATTGTCAGTTTCTTTTCAAGTCTTGCAACAGGAACTCACATACTGATAGCACGCCGCCATGGTGAGCGGGATCCGCAGGCGATGAATGATGTGCTGATGCACTCAATTACTGCCGGAGTGATAGCGGGTACCATACTGACTCTTCTGATAATGCTTTTTTCC
CP054182.1_gap53	2300363	2301423	1060	GATATATCGGAGTTCAGATCAGAGAGGTGGACGCTGCGCTGGCAAAGTCGCTCGGGCTGGATAAACCAAGCGGAGTCATTGTTGAGGGTATCGTTGAAGGCGGAGCTGCTGCTGTTGAGGATGTGAGAAGGGGTGATGTGATCCTCAAGATTGACGGTAATGAAATCAGCCAGCCAAATCAGCTTCAGAGCTATGTGGCATCAAAGTCTGCCGGAACCAAGGTTAAACTTGAAATCTTCCGTGACGGTAAGACTATCGAAAAAACGGTAACGCTTAAGCCAAAACAGGAAAAAGAAGATACTGAAGTAGCAAAGAACGAAAAAAAGGACGACAAAGAAAATGACAATACTTCGAGTGCGTCTTTTGAGAATATAGGGCTTAAGGTCCGTAATATGACCAACAGCGAAAAGAGTACCTTTAAAATTGACGAAGGTATCATTATCTCTGAGGTTACTCCCTATAGTTCAGCAGCAGCTCAGGGGTTAAGCCGCGGGCTCGCTATCACCAAAGCGGATAAGCAGGAAATTACTTCAGTAAGCCAGTTCAAAAAGCTGATTGATAATAAATCAGGCGGGGCGATATTGATTGAAGTAACTGACAGCAAGGGAAATACCCGCTTTGTTGGGCTGGAAATTCCGTGAAATAATTGGTAAAATATATATTTTTGAGGCGGAGATTTTCTCCGCCTTTTTAATTTTAAATACCAAGGAATAATGATTCGATACAGCACAGCGGGTGAGTCACACGGCAAAGGTCTTCTGATGATCGCGGAGGGCTTTCCATCAAATATCCCTGTCACTCAGGAATTTCTTAATAATGAACTCAGGCGCAGACAGATGGGATATGGCCGGGGGGGCAGAATGAAAATTGAGACTGATACAGCAGAGGTAATAAGCGGAATCCGTTTTGGTAAAACGATGGGTTCACCGGTGGGAATAATGATTCAAAATAAGGACTGGGAAAACTGGACCGAAAAAATGGCAGCCTTTGGCAGGCGGGGTAAAACAGAAAAAATAACCATTCCGCGCCCTGGTCATGCAGATCTCACCGGCTCGGTCAA
CP054182.1_gap54	2303434	2304501	1067	TGTTATTAGTTTTGGAGGTAAAACCTATACGGTAAATACTCCGCTGGGTCCCAGAAGTGAAACCGTGCAGCCGGATACTATTAGTATTCCCGGGGTTGCAGGATTTATAGAAAACTTGCCAGCTATACCCTTAGTTGCTCCTCAGTTAACTTTGGGTACTTTTTTTGGTACTGCTGTTGCCATTCGTTACCTTCCTGAAACTGAGATAACAAAAGACCTGGGTAAAGTCAAGTATTTTGGCTTCGGAATCCAGCACAACCCATCAATGTGGATACCATTCCCTATGCCTATTGACATTTCAGCAGGATTTTTTACACAGACTCTGGAAGTTGGTTCAATCTTCAAGAGTACAGCCACTTCATTCGGTGTATATGCAAGCAAGCAGATCGGACCTGGCTTCCTGAGCGTTACTCCATACGTTGGATTCCTGCTCGAGTCTAGTGACATTACTGTTAAATATGATTTTGAGCTTAAAGACACACCGACACCGGGAACAAGCACCGTTCTTCCAATCGAGTTTAAGGTAGAAGGTGAAAATAAATCAAGAGTACTGTTGGGTGCTTCTTTTAAAATCGGTCTTTTTAACATCAATGCAGATTACAATATAGGCAAGTATAAAAGTGCAAGCGCTGGCTTCGCATTTAACTTCTGATAATTTTCCAGATATCCAGACCGGGACAGTTACTCTGTCCCGGTTTTCTTTTTATCCTGATTCGATAATCTAACGTTAAAGGAATACCTGCTTGAAGCAGAAAATATTATTTGCAGCCGCTGTGCTTCTGCTCCTTACGGCAGGGGAATTGTTTACTATTCCGAAGCTGATTCCATCGGGAAGTTCAGTCCTTTCAGCTTTCGGTACACTCCTCAGCGGCTATGATCTTTTATTTCATTCCTTCTACAGCATAACAACAGTCGTATCCAATCTTATTATTTCGAATGTCTTATTATCTTTTCTGATGCCAGCCTATATCGGGTCAAGACTGCAGAAAGGTGAGTTGGCGGTTATCCCGATAGGAGTTCTCTCAATTGGTATATTCTTCACCGGACTTTATATACTGTTTCTTTTT
CP054182.1_gap55	2312054	2314875	2821	AGGAAACTTTACTCTAAGCAGTGATAAGATTACAGAGGGATTCCGCTATGCAGACCTTTCATCCGGGGTACAGAAAATTGATCTCGCAGGTAACCGGATTGCTGGTTTCCCCGGATATCTTGCCAATGCAATTGTTCAGTACGAGCAGTCCGGAGTTTTTCTTCAGGCATCAGCGAGATTCTCAGGTAAAATCTATTCCGATAATTATGGCGACAATCTGAAAAATCTGCTTGCTGTTTACCCTGATCTTACTTCTTACAATGACAATGTAAATGATGAATTTTTTACTCTCGGTTTATTCGCAAGCTGGTCATTCAAAATATTTGAGGATGCCAGAGAATCAAAAGTCTATGTTCAGGCGAATAATGTTTTGAATAATCTCTACTCCGCGTATGCTGTCGGGGGAGAATTCTTTCCTGCAGCAGAGAGAAATTTCTTTTTTGGATTTGAAGTCGGTTTCTAAAGTGAAAAGTAAAGCTATTATAATTGGAAATGGAGAACAGCCGCCCTCAGATATTCTAAAGGCGGCGGTGAATTCCGGTGTTTTCGAAATTATCTGTGCTGACGGGGGGTATCATCATGCTGAACGTCTCGGAATCGTCCCGGATATTATTATCGGTGATATGGATTCGCTGACAGCAGATGAAGTTTCAGTTCTTGAGGGAAAAATTGCAATGAAGAAATATGAGGGACAGAATGACACTGATGTTGAGAAAGCAATATCCTATTGCCTTGAGAATGGTATATCCGATATTGCACTGTTTGCTGTAACGGGCAAACTGATTGACCATGAAATATCAAATATAATGCTTCTGTTCAGGTATGCTCCTCATCTCCGTATCCGGATTTTCAATAGTGATTCTGTACTTGAAGCGGTTACTGGGAAAATCAGCAGGACGACTGGAGCAGGTGCACGTGTGTCATTTTATGCATTTGGTTCTGAACTTCAGGTTAAAACAAGAGGGCTGAAGTATCAGCTCCCTGATGAGAAGCTTATTTTCGGTAAAGAAGAGAGTACATCCAATCTTTCTGTTGAGGATACAATCTTTTTTGATGTTTCAGGAGGATATATGCTGCTGATTCTTCCTTTGGACAAGAATAACCCGCTTTGATAAGTTTTGCTTTCTGGGATTATGCAGTCCTGCTGCTCTTTTTTGTTTCGCTGCTGATTACAGGATATATTGCGTCCCGCAGGGGAGGGAGTGATGAGCAAAGCTACTTTCTTGCCGGCAAAAAGACAGGAATCGTTCTTTTTATCGTAACCAATGTTGCCACCTGGTATGGCGGAATACTAGGAATCGGTGAATTCACCTATCAGTACGGACTTGTTACCTGGTTCACACAAGGATTACCTTATTACCTTTTTGCCATACTCTTTGCGTTCTTTATGGTGAAAAAGGTTTACCAGGGTGGAACGATTACAATTCCTCAGAAGATTGAATCTGTGTATGGCAGGGGAGCGGGCAAGACTGCATCTTTATTTGTGCTGATACTCAGCTCACCTGCTCCTTATCTTCTCATGGTTGCTCAGATTCTTGATTTATTTTTCGGATTGCCGCTCTTTTGGGGACTTGTGATTTCAGCCGTCCTCTCAATTTTTTATCTGATTAAGGGGGGCCTGCTGTCAGATATTTATGTTGATGCACTTCTTTTTATCGTTATGTTTTCCGGTTTCGGAATTCTTCTCTGGAGTGTTTATACATCTGCTGGTTCAGAGATACTCTTTAATCAGCTTCCAGCATCACATCTTTCTCTGACAGGAGGATTGTCACCACTATATCTTGGTGTCTGGTGGATGATTGCTGTCTGGACATTTGTTGATCCCGGGTTTCACCAGAGGGTCAAAGCTGCCCGCTCAGTGAACACAGCGAAATGGGGAATCATTATCTCAGTTGTGCTCTGGCTGGTCTTTGATTTTCTGACTAATGTTACCGGATTATATACCGCTGCACTGTTGCCAGGAATTAGTGATCCTAAAAACTCCTTTCCACTGCTTGCTGACCGGTTTCTCACTGTGGGGTTTAAGGGTTTCTTTTTTGCTGCTCTCTTTGCAACAATCATATCCACTTCAAACAGTTTCCTTTTTATAAGCGGAACGACTATCGGAATTGATTTTATCAAAACCGGACAAAAGAAGAAAGCAGCAATTTATGGAATGATAATCTCCGCTGGTCTGGCTATTGCACTGGCGCTTCTAATTCCATCGGTTATTGGCATGTGGTATCTTATCGGTTCTGTTTGTGTGCCCGGACTTCTTCTTGCTACTCTTGCTGCATATTTTCCCGGGCTTAATATTGGCAGGGGAGTGATACAGGCAGGGTTCATTGCAGGAAGTCTCAGTTCCGTTTTATGGTATATACTCAGGGAAGCAGGAAAACTCTCCCCGGAATTAGAGTTAATTGAACCAATGATTGTGGGACTTGCGGTAATTAGTATTTTAGCGGGAGGTGAGAAAATAAATGCGGTCTTCCGGAAAAGATAATGAATTCCGGCAGCCGGTATACAACTGCCGGAAAATAAAAGAAGTCAGATCAGGGAAGGAGAACGCCTACCGCAATTACGGTAGTCCAGATACCAGTTTTGTCACCTTCAGCTGACTGTGTAATATTGAATGAGCGGACAATTTTGCCCGACATTTTATAAATATTCTCACGCTCACTCCAGTCGGTATCAGGATTAAACTCAACACCAAGAGTAGTTGCAAGCATGGTTGCAGCCAGATCTTCAGCATAATCACCCGCTACTTTTTCAGATTCTCCAAAGGGATGGTGTTCTGAGAGGTAACCATACTGATCAGGATCTGCCGGAAGCGCCACACCAA
CP054182.1_gap56	2329000	2330378	1378	GGAGGTTCAGACAAGACCATATGAGAAGATATACCGGCATTTAAGAGTATTGCTTTCAGATAACGGAGTGAATTCAGAAAGTCAGGAATTCTACTTCAAAACCACTCTGAGGGATTTTTATGACGAGGAGTTTTCCTGTGCCCTTCATGCCGGATATGATGAGGTACTATTCCTTAATGAACATGGCAGGATAACAGAAGGAAGCTGGACTAACTTTTTTTATGAGCTCGGGGGGCAGCTTTACACCCCCGAAGTTTCTGAAGGGCTGCTTGATGGCGTGCTTCGGCAGAAACTTCTGGCTGAAGGAACACTCAGGGAAAGAAATATTTCACCTGAGGATCTGGCACAATGTGCCAGGGTCTTTATGGGTAATTCCGTAAGGGGGCTGATGCCTGTAGCAGAGGTTAGAAGTGGAAAAAATCGGCTTTTTTATAATAAAAACTGAATTTTTACGCTATTTTTTTTATCTTTCAGGATAAATTAATTTATAAGGTATGGCAAAGGATCTGGCTAAGAGAAAGCGGGAGCACCTCAAATTATGTCTGACGGATAAGGTGGCTTTCAGAAAAAAAACCTCAGGTTTTGAGGCGTATGATTTTGTTCATCACGCAGCCACCTCTGTCTCCCTGGACAAAATTAACCTCCAGTCCGGTTTCTTTGGCTTTAATTCCTCACTCCCTTTTATTATTTCTTGCATGACGGGAGGGACAGATGAAACAAATAATATTAACAGGAAACTGGCAGTAGCAGCCGCAAAACTTTCAATTCCTCTTGGTCTCGGAAGTATGCGATATGCTCTCCACTCTGATGAGCATGATCATATCCTGCATGAAATAAGATCACTCGCGCCGTCAGTACCGCTGATCGGCAATATTGGAATCGCACAGATTACAAAAAGAGAAGGATTTGAAAAACTTCTCCGGCTGGTACATGATATCAGGATGGATGCAATTGCCGTCCACTTTAACCCTTTGCAGGAGCTGTTTCAGCAACATGGTGAACCGGAATCTGCCAGATTAGACGGTTCTTTTGAGGAGTTTGTCAGGTATATAAAGATCCCTGTGATCGCAAAGGAAGTCGGCTCCGGTATAACTGCTAAACCGGCAAAAGAATTACTGATGGCAGGTGTCGCCGGTATTGATACTGCAGGCGCAGGGGGAACCAGCTGGTCCGGGGTTGAGTTTCTCAGAAGCAGGCAGGATGATGAGGAGACTGATTTTTTCTGGGACTGGGGTATCCCGACTTCTTACTGTATTAAAACATTAAAGAAGCTGAAAAAGAAAAAAAATTTTCTGCTTATAGGGTCAGGCGGTGTGAATGATGCAATGACCGCGGCAAAAGCCCTTGCGCTTGGTGCAGATTTTGCCGCAAGTGCAAG
CP054182.1_gap57	2333626	2336299	2673	TTCACACAGGCGGAATACAGCAGCGCTGTTAAAATTAAAGGCAGTCTGCCCGACTCCGCCGGCATAAACAACGTCATCATAACAGGATTAGGCGGAAGTGCGATTGCAGGTGATCTCTTCAAAAATATTTTTTCAAAGGAATTGCAGGTACCTGTCTCTGTTAACCGTAATTATCATCTCCCTGCATATGCCGGAAAGCAGACACTGCTCATTGCATCCTCATACTCAGGATCCACTGAAGAAACTCTCTCTGCGTTTGAAGATGCGGTTTCAAGAGGGTGCACTGTTATTTGTATATCAACGGGCGGGGAACTTGTCCGCCGTGCTGAAAGCAGATCAATACCGGTTTTTGAACTAAAGAAAGGATTCCAGCCCAGGTTTTCACTTGGTTTGAGCTTTTTTGCATTGGTTTCAATTTTTTCGCAAATGAAACTCATCGCAGACAAGTCACAGTTTACTGCTGAAACAATCAGGTTGTGGAAAGAAATGGGAGATGAGTTATCTTCTGATAGTAACCGGGCGCTTACCATGGCGGTAAGTCTCCTGGGCACAGTACCGATGATCTATGGTGTCTCAGATTTTACTGACGCGATTGCTATAAGAATAAAATCTCAGTTTAATGAGAATTCAAAGATTCACAGTTTCAGTAATGCTTTCCCGGAACTGAATCATAATGAAATCATCGGTTGGGAAACTCATCAGTCAGGCGGAGTAAATGCATCTGTTATTATTCTGAACGATCCCGATTATCATCCGCAGGTGCATAAAAGGATCGCAATTACCGCTGATCTGATTCGGGGTGCCGGTGCTGAAGTATTTTTTGCGGAGGGGCATCAGAAATCGTATCCGCTGAGGATGATGGAACTGGTCTATTTCCTGGACTGGGTAACATATTACTTCGCATTGCTCAGAGGCAAGGATCCGGGTGAAATTGATTATATTCATCTGCTTAAGAAAAAACTCTCTGAGTAACACTCCTTACACTTTCGTTTTATTGAATTTTTATTGACCAAAACAGGTTAGTCATTATTTATTTCTGATTATTGATTTATTGAATACCAGAATATTACTCATTTGTTTAATTCTCTTCTCAGCAGGGGAATTGTCTGCACAGTTTTATTTCTTTGGCAGAAATAAGGTGCAGTATGAGAATTTTGACTGGAAGGTTCTTAAAACCGAGCATTTTGATATCTATTACTACAGTGATATGGACGAAATCGCTCAGATTGGCGCTGCTTTTGCAGAAGATGCCTATAAGTATCTGAGGACTGAGTTTAATCATGTAATCTTCAGGCGTACTCCGCTCATCTTTTATAATACCCATGTCCACTTTCAGCAGACCAATACCACACCCGGTTTTATTCCTGAGGGAGTTGGTGGATTCTTTGAGTTTATAAAAGGAAGAGTTGTAATACCTTATTCGGGCTCATTGGAGAGGTTCCGGCATGTAATATATCATGAACTTGTTCATGTATTTATGACCACGAGAATTATGAGGATCGCCAATGATTACAAACTAAATACTGAACGCTTTCCTCCCCTCTGGTTTGTAGAAGGACTGGCTGAATTTTATTCCACAACCTGGGATGCAAGGGGAGAGATGGTTCTCAGAGACGCAGTACTGAATGATTACCTGCCCGGTATGGAGGATATCTATACGATCAACGGAACATTCCTGATGTATAAAACCGGTCAGGCGTTCTTGGGATTTATTGATAAATTTTACGGGCGTGAAAAGATTCTTCTGCTCTTGAATAATATCTGGATGTTTGACAGTTTTAAGGATATGCTTGAATACACTCTTGGGAAACCTTTACCTGATATTGACAGAGAGTGGAAGTCGTATCTCAAAAAAATTTATTATCCGTTATATGAAAATTATTCGAATATCAGCGATAAATCCGTTATTATTAATAAAACTGGTTTCAGTTTCTCACCTGTAGTTAAGAAGACTGAGAAAAGCACTCAGGTGTATTTTACCGCTAATCTGGACGGATACTCCTCTTTATATCTGACAGAAAAGAAGGCGGGCGAGAAAAGTTATACAAACCCCCGGTTAATTCTTCAGGGTGAAAGATCTCCGGAAATTGAGGCTTTTCATCTGTTTGATAATGCTCCCGGAATTTCTCAGACCGGAATAATAGCAATTTCAGTGAAGTATGGAGCTGCTGACGCTATTCATCTTTATTCGACTGAAGAAGGAGCTATTGTTAAAACGATTTCGGATGAGTCATTGGTGAGCATCTCATCTCCCTCCTTTAACAACCGTGGAAATAAAATAGTCTTTAGTGCAATTGACAAAAAAGGTTTTTCTGATCTGTATATTTATGAACTGCTGACAGAAAAACTTTTACGGCTGACCAATGACTATTACGAAGAGAGGACACCCGTTTTTAGCAAAAATGATGATGAAGTTATCTTTGCCTCAGACAGAACCACCGGACCGAACAAAGGCTATATAAATCTGTTCCGGATTTCACTCAGCCGCCTTGATATAAATTATATTACCGATCTTCCGATGAATATTGAGGCCCCTCGTCTTGTTCCCGGAAAGAACGGGCTCATCGCCCGTGCTGATCCGGATTCCGTTGACAATTTCTTTTTTATTGATTTAGGATCGAAGAATCTCCAGACTCTTTACCGGGTCACATCTTTTATTTCTCCGGTTTTTGA
CP054182.1_gap58	2344979	2348418	3439	GCAATCCGATTATTATCGAAACCATGGCAAAAATTAATGCAATAGTATTTGATAAAACAGGAACTCTGACCGGACTTCAGGCATTGGAGGTCAGATATACCGGAGATGAACTGAGTACTCCGGAGAAGGAGGCTGTTGCCTCACTTTTCAGAGAATCTGTTCATCCGCTTAGCCGCCGGCTTTACCTTCATCTGAAAGATCAGATTACAAAAACTGCCGGAGTTAACAAGTTCAGTGAGATCACAGGTTACGGCATCGAAGGCTTTGTTGAGGGAAGTATTATCAAGGCAGGAAGTGCAAAATTCCTTGAACGGGAAAATCCGGCGCCATTGGCTGACAAAGTAAAAGATGTGCCAGGTAATAAGGTATATATCGCCACTGACGGAAAAGTACGGGGCTGCTTTACCGTTTCATCGGTTATCCGTGACGGGGTTAAAGATATGCTTGCCGATTCCGGTTCAGCAAATGAGGTATATCTCCTGAGCGGAGATACCGCCAGACAGGATTCAGCTCTTCTGAAACTTTTCAGCGATGAAAAGAAAACTCATTTTGGAAAAACTCCGTTTGAAAAACTTGAATTTGTTAAAAACCTCAAAGCAAAAGGGAAAACTGTATTGATGGTGGGGGACGGCCTGAATGACTCCGGCGCCGTCGGCGCCGCAGATGTGGGAGTTTCGGTATCTGATGATATATCCGGATTCACTCCTGCAGGTGACGGAATTCTTACAGGAGAAAGAGTCCGAGATACCGGAAAATTTCTCCGCTTTACTAAAGATTCGATGACCATAATAAAAATAAGCTTTACGGTAAGTGCATTATATAATGTAACCGGCCTTGCCTATGCTGTCAGCGGGGAGCTAACCCCTCTTTTTGCCGCTATTCTGATGCCTCTGAGTTCACTTACGGTTATTGTAATTACTTCACTTGGCTCACTTTTCTTTGCCAGAAAAAGAGGAATTGCGTTATGAGTGTTATTGTTCCCTTAATAATTATCAGTATCCTCGTCGCGGGAGGATTCCTCACTGCTTTTATTATATCCGTAAAACGAGGTCAGTTTTCTGACCAGAAAACACCTGCCATCAGGATGCTGCTGGATGATATTACAAATGAAAAACCTGTTGAAAAAACAAAAGGAGATATGAATGCACGTTGAGCATTTTAGCTACGACAACAAACCAGTCCGTCTCTTCGCGATAGCCACGGTTGTGTGGGGTATCGTGGGTATGATAGTCGGACTACTCATTGCCCTTCAGTTGATATTTCCGGAACTCAATTTCGGACTGGCTCAGACAACTTTTGGCAGACTCCGCCCATTGCACACGAATGCAGTTATATTTGCGTTTGTAGGTAATGCCATCTTCATGGGAGTCTATTATTCACTTCAGCGCCTGTGCAAAGCACGAATGTATAGTGATCTGCTCAGCAGTCTCCATTTCTGGGGATGGCAGCTCATTATCGTTGCTGCGGCTGTCACACTGATCTATGGCATCACCACCAGCAAAGAGTATGCTGAACTTGAGTGGCCTATAGATATCATGATTGCGGTTGTTTGGGTGATATTTGGTATCAATCTTATGGGTACCATCATAAAGAGAAGAGAACGCCACATGTATGTGGCAATCTGGTTTTATATAGCCACCGTGGTCACCGTTGCCGTCCTGCATATTGTTAATTCACTTGAAATTCCGGTAACACTCACAAAAAGCTACTCAATTTATGCAGGAGTGCAGGATGCGCTGGTTCAATGGTGGTACGGCCACAATGCAGTAGCATTCTTTCTTACCACTTCATATCTCGGCCTGATGTATTACTTCATGCCCAAAGCCGCTAACAGACCAGTCTATTCATACCGGCTTTCAATTATTCACTTCTGGTCACTGATTTTCCTGTATATATGGGCAGGTCCTCACCATCTTCTGTATTCAGCACTGCCTGACTGGGCACAGTCACTCGGCACAGTATTTTCAATCATGCTGATAGCTCCGTCCTGGGGCGGAATGATTAACGGTCTTCTTACACTCCGCGGTGCATGGGATAAAGTCCGCGAAGAACCGGTGCTGAAGTTTATGGTTGTTGCTATAACTGCTTACGGTATGGCCACTTTTGAAGGACCGATGCTTTCCTTAAAGAACTTTAACGCGCTCGCTCACTTTACTGACTGGATTATCTCCCATGTTCATGTGGGCGCACTCGGATGGAACGGATTCCTCACTTTTGGTATTCTTTATTATCTGATTCCGAAACTTTATAACACTCAGCTGTATTCTAAAAAACTGGCAAATTTCCATTTCTGGGCGGGACTTCTGGGAATAGTGTTCTATGCATCAGCTATGTACTGGTCAGGACTCACACAGTCACTTATGTGGAAGCAGTTCACTCCTGAAGGCGTTCTGCAGTATCCTAACTTCCTGGAAACTTTACTGCAAATCGTACCGATGTATTATATCCGCGCATTTGGCGGCACGCTCTTCATCGTCGGCATTGTAGTAATGGCATATAACCTTATTAAGACAGCTAAACAGGGGCAGTTCAAAGCTGAAGAACCGGTTTCCGCTCCGGCATTAGTAAAAGAAAAGACTGCCTTCTCAAAAGCTCTTGGTCACACCTGGCTGGAGGGTAAACCGATTCTGTTTACGGTGCTTTCGCTGGTTGTAATACTGATTGGCGGTATTGTTGAAATTATTCCTACGTATCTGGTAAAGACCAATATTCCCACTATCGCTTCCGTTAAGCCATATACACCGCTTGAACTTGAGGGAAGAGACCTTTATATACGCGAAGGCTGCGTTGGCTGTCACTCACAGCTGGTCCGTCCTTTTCGTTCAGAAACTGAACGCTATGGTGAATATTCTAAAGCCGGCGAATATGTGTATGATCATCCGTTCCTCTGGGGATCCAAGAGAACCGGCCCTGATCTGCACCGCGTAGGCGGAAAGTATCCGAACGTATGGCATTATAACCATATGCTTGATCCGAGAACCATGTCTCCGGGTTCGCTCATGCCTCCGTATCCATGGCTTATTGAAGATGATTTGGATTACTCGAATATCGGGAAGAAAATTTCAGCTTTACGCTCAATAGGAGTGCCTTATCCTGAGGGATTTGAGCAGAATGCTGCTGCTCTGCTTGAACAGCAGGCACAGGAGATTGCTCTTGATCTCAAAAATGCGGGAACTCCCGTTGATCCGAATAAGGAGATTGTGGCTCTCATTGCATATCTGCAGCGGCTTGGAACCGATATCAAAAAACAAAATGCAGCGTCGAGGTAAACAGCCATGATGAGCAAAGTATTATCATCCATTGACGGGATAAGCATTTATCCCGTCATTGGATTAATTATCTGTATGCTGGTATTTATCGCGGGCGTCAGTTTTGCGTGGCGCAAGAATAAATCATATATACAGCATATGTCCAATTTACCACTGGAAAAAGATTAAAG
CP054182.1_gap59	2350638	2351638	1000	GAAAAGCTTAAAGAAATTAAAACCTCATTTATGGGTATTCCGGAGTTGAAAAACAAATGAAAAAAATCAAATGGAACTGGGGAACCGGTATTTTTATTTTTATCGTCTTTTTTGTGCTGATGAATGTTGTATTCGGAATTATTGCGGTAAACACAAAAGTTGATCTGGTCAGAACCGACTATTATGAATCTGAGCTAAAATATCAGCAGGTGATTGATAAGAAAAACAATTATACATCCCTTGAGATTAAACCGGTTTTTAATGTATCCGGTAATACTGTTGCACTTATCTTTCCGGGTAATGCAAAAAAGATAACCGGCTCACTGATGCTTTACCGGCCCTCAAATGCAGGGCTTGATGTGAATTATACCTTTACTCTTGATCAGAAAGATGCTGTTTCCTATACCTATAAGGGATTAGTTAAAGGATTCTGGAAAGCAAAGATTGAATTTTCTGATGGTGTGAAAGAGTATTATACTGAGGAGGAGTTTTATGCAGGTGGATAGTCTTCTTCTGGCACTGGGATCAGGGCTGCTGCTCGGTCTTGCGGGTAGTCTGCACTGTGTCGGTATGTGCGGGCCGCTGGTGCTTGGATTTTCCGCAAAAAATACTCCCAAAGGTAAAGGAATAAGTCATAGTATATACTACAGTCTTGGCAGAACTTTTACCTATTCACTGATGGGATTACTGCTCGGCTATTTCGGAGCAGGAATCCGGCTTACAGGATATCAGGGGATAATCAGTGTTATTGTTGGTTCATTGCTGCTGATCAGCGTTATTCTGCCTGCATCGCTGAAAGCAAAAGCTACATCATTGCCCGGGGCATTTATTTATACGAAGCTGAAAAGCAGTCTGAGCGGTGTAATTCTGAAGGAGGGAAAACCCAGGCCTTTCATGTTCGGCATGCTTAACGGATTTTTGCCCTGCGGCCTTGTCTATACAGCGCTTGCCGCATCTCTGGTGCCGGATACCGTTCTTGTATCAGTGGTATTTATGTCTT
CP054182.1_gap60	2369902	2374055	4153	GAAACAGGACTAACCGGCGCTTCAAATATGACTCCGAATTTCGTTAAAGGTAAGATTTTACTTAATCTTGATTCTGAGGAAGAAGGAGCACTCTTTATCGGATGCAGCGGCGGAAAAAATACCACTGCTAAATTCACTTTTACCAAAGAAAAAGCATCATCCGGCCTTAAGTTTTATGAAGTACGTGTTCAGGGACTTATCGGCGGGCACTCCGGCCTCGAAATTCACTCCGGCAGAGTTAATGCCATTAAAATTCTCACCAGAGCACTTTATGCGGCTGTCTCCAAGTTTGAACTTCGCCTTATCTCCATTGAAGGAGGCAACAAACATAATGCTATCCCACGTGAAGCATTTGCCAAAGTTGCACTTCCTCCTGCAATGGCGGGTGACTTTATGAGATACCTGAAAGAATTTAATGAAATGGTATTCGCTGAATCAAGCACCGTTGAAAAGAATCTGGTGGTTGATGCTGTTGAATCTGAAGCATCAGATTACCTTATGGACTATGCTACTACTGATAATCTGCTGAATGCACTGTATGCAGTTCCTCACGGAGTTATTAAAATGTCAGCAGATATACCGGGACTGGTTGAGACTTCAACAAATCTGGCTACCATTAAAACCGAAGGCGATAAAGTTACCGTGGTTACAAGCCAGCGTAGCTCAGTTGCATCTGAAAACCTTGATATCGTTAACACGGTTTCAGCTGCATTTAAACTTGCCCAGGCAGACATTGCCTATGGTGACGGATATCCCGGCTGGAAACCGAACATGAATTCAGAGATTCTCGGAATCGTAGTGAATACCTATGATAAGCTTTTTGGCAAGAAGCCGGAGCTGAAAGCAATTCATGCCGGTCTTGAGTGCGGTATTATAGGTGAAAAGAATCCTGGTCTGGATATGATTTCATTCGGACCGACCATGTTTGATGTTCATTCACCTGATGAACGCCTGCAGATCAGTTCCGTTCCGAATTTCTATAAGCTGCTTACTAACGTAATCAGCAGTATTCCGTATTAATTCAATATTCAGAAGAGGAGAACAACAATTTGACAGCAGAACATAAAGCTGCCCATCCTTTCGAACGCTGGCTGGTATTGATATTTGTCAGCATAATGATGTTTGGCAATTATTACATCTATGACAGTATCGGTCCGATTGCCGATATGCTCAAATCAGGATTAAATTTCACTGATGAAAATATCGGACAGCTTTATTCTGTTTACAGCATCGCTGCGATTGTTGTTCTCCTCATTGGCGGGGTAATTATTGATAAATACGGCACAAAGAAAACGACTCTGGTCTTTGGAATCGTTTGTGCTGTGTCTGCCTTTATGATGGCCGCCTCGTCTGACCTGACGGTTATGTTAATCAGCAGGGTAGTGCTCGGGCTTGGTGCAGAGCCGATGATCGTTGCCGTAACCACAGCACTTGCAAAGTGGTTTAAGGGAAAGGAACTCGGATTTGCTTTTGGCCTTAATCTTACCATTGCCCGCCTTGGTTCCGTGGCTGCCGATAACTCACCTACGTGGGCTTCCGGCTGGTATGGTTCATGGCAGGAGCCCCTCATGCTTGCGGGCATTATTTCACTGACCTGTGTGGTTGGCGGAATTATATATTTCTGGCTTGAAGGTCGTGCTGAAAAAAGAAAAGTACTTGGCGAAGCAGGGGAAACAGATAAATTTGTTTTCAGTGACGTATTTAAATTCGGCTGGTCGTTCTGGTTTGTGGTTGCACTCTGTGTAACTTTTTATTCGGCAGTATTCCCGTTCAGAAGTTTTGCAATTAAGTTTTTTATGGAAGCCCATTCATTGGAAAGGGAATCCGCCGGATTCCTGAATAGCGTGCTTCCTCTCTCGGCAATGTTTGCCACTCCGCTCTTCGGACTTCTGGTTGATAAAGTTGGTAAACGATCCATCTTTATGATGATCGGGTCGCTTTTCCTGATGCCGGTATTTTTTATTATGAGTTATACTTCACTTCCATTATATATACCGGTTGCCATGATGGGTGTTGCGTTCTCTCTCATCCCTGCAGTCATGTGGCCTTCGGTTGCCTACCTGGTTGACAGCAACAAACTTGGCACGGCATATTCCGTAATGACACTTATTCAGCAGATCGGACTGGCACTTTTTAACTGGCTGATTGGCATTGCAAACGATTCACAGCAGGCAGGTCCGCAGAATCCGGAAGGGTATAATCTGGGAATGTGGCTGTTTTCAATACTTGGAATTCTTGGTCTAATTTTCTCTTTTGCTCTCAGAGTATCGGAGGCAAAAAAAGGTTCAGGCGGACTGGATAGCAGCACCGCGGTTCAAAAAGATTAATTAACCGGAGGTTGTTAATGAAAAAATTCATCATTCTGATAGGGTTGTTTGTGCTGTTTCAGAGTCCGGCACGTGCACAGATGTGCTGCGGTTTTGAAACCTGTTTTTCACTTATGGGCCAGTTTGGCATTTCGGCCGGATATGGTTATCAGGGCTATTCGGCAGACGGTTTTAATGCATATATAAAGCATTATAATCAGAAAAGAACAGCCACTCTTACCAAACAGATGGGGGAGTTCGGCGGTGCACAGGCATTCTGGTTCGGAGGTAAACTTTTTCAGTATTATATATCCGAATCGCAGGTGCTTTTTAACTCAAGAGTTTTTCTGCAACTGACCCACGAAAAGGAGTTCGCGACAAGTTCTTCGGCGAAACGCGAGTTCACCCTTAATACATCTACCATAGGAATCGGTTTTGGCGCTAATTATGTGATGAGTGAGTATCTCGATCTGAAGATCATCGAGATTTATATTTCTTCAACTACTGCCGGTCTTACCAATGAACTTATTGACCCTGTTAATGGAAATACAAAACAGGAGCTCGAATCACCGGAAAGTACTTTCGGCGGGACCGTATATACCGGACTTGTTTTTTATCCGCTTCCTCCCAATATTGGCATTGAATTGAATGTTGGGTACAATTTTTTTGATATCCCTGAGATGAAATTCAAAACCTCAGGCGCTTATCTTCAGGTAAATGAAGATACCGCCCGCCGGATGGATGATTTTATCAGCGGAGGAGGATTTACCATACAGGCAGTTCTTACTGTAGCATTCGGAGTGGATTTCTAAATTCCAGTAAGCAGAATGAAAAGCCTGGTTTCGTTTCCCGCTCTTGTGACAGCAGCACTGCTCTTTATAGCAGTTCATAAACCGTTATCTGCACAGGAACTTGGGTTCGGATGCCTGGGGCTTGTTGGCGGTTTTGCCGGATATTCATCCCAGGGCGTCCACACCGATGAATTGAATGAATTTGTAAGGCAATACAACCGTATGTATGCTGATTCACTCTATCAGGGGATGGATCAGTTTGGAAATCTTAAGGGATTCCGGGTCGGGGTTAATCTTCTCAGGCAGAATCTGGAGGGTATGATACTTACCTTTAAGGTTTTTTATGAAAATCTCATTGAAAGAAAAACCGCCATTATTCTGGCTTCCTCACAGCAGGAAAATACTTTTGCCGAACTGGCAACAAAAAATTACGGTATCGGCATTGATATCGGCACAGAACTGACCCGTTCGTTCAGCGTTAAGATCATAGATGCTACCATCGTATTCAGCCAGGTGCGTTTTACCGAATCTTTACACGACCCCTCCGGCCAGATTATTAACTATGTTTACACTGCGGAGGATGCTCCGATAGGTGTTACACTTGGTGCTGGTTTTATTTTTGAACTGATAGATGATTATGTCAGTATCGAAGGTTCGGCAGGGTATATGTTCCTTGAAGCAGGGAGAATGAAGACAAATGAAGGGAGGTTTCTGACCAAAGGCCCCAGGTCAGATGAAACAATGAGATATATCATCAACTCAGGGGGATTCAACGCAACACTTCAGTTAAATATAGGAGTAACACTCTGATGGCAGACAAACTTAAAAAAGCATCACTCACAGCAATCCGTGACTGTATGGGCACGAAGCCTGAAGAATCAGTCCTTGTAATTTCAGATGTAAACAAACGGGAAATCGGCCTCTCTCTGTTCGAGACTGCAAAAGAACTTGGCCACAAAAGTCTCTATCTTGAAATGGCACCGCTCCGCATAAACGGGGAAGAGCCTTCAGCCGAAATTGCAGATATGATGAAACGATTCAGCGTAGTGCTCATAC
CP054182.1_gap61	2395673	2397232	1559	TACAAAAATGTTTCAGAGTCTGTTAATCTGGGTAACTCTGGGACTCGGATTGGCAAGTTTCGGCGCAATTATTCTGGCACTGACGATTACCAGACCAATTATTAAAATCGGAGAAGTAGTTCAGGAAGTCGGAAAAGGTATTTTTTCTCTGCGGGTGCCTCCCATTAAATCAAAAGATGAGGTTAGCGAACTCGGACTCAGAATTAACGCGATGATCGAGGGTCTGCGTGAAAGATTTGAACTACAGAAGTTTGTATCCGGTCAGACCATTAATGCAATTAAGGAACAGACTGAGGGAATTAAACTAGGTGGTGAAAGAAAAACTGCGACTGTATTCTTTTCAGATATTCGCGGTTTTACTGCATTCTCTGAAAAAGTTCAGCCAGAAAAAGTTATTGAAATGCTCAATACATTCCTTAAAGCTCAGGCTGAAATCGTAAAAAAATATAACGGTGATATTGATAAGTTTGTTGGAGATGAACTGGTTGCAGTCTTTCAGGGGAAAAGAATGGTGGAAAATGCCGTACTTGCATCAGTGGAAATTCATGAAAAAATAAAAGAACTTAACGCACTCCGCTCAGAGGGTTCGATTGCGATAGGTATAGGTATCAATACGGGAGAAATGGTTATGGGTGCAATGGGAAGTGAGGAGCGTATGGACTATACAATCCTGGGAGATAATGTAAACCTCGGAGCCAGACTCTGCTCTGCTGCTTCCCCTTATCAGACAATTCTTTCTGAAAAATCCTTTGAGTATATAAAAGATACCGGTTGGATTCATACTCAGAAACTTGAGCCGCTTAAGGTCAAGGGAAAAGAAAAGCCGATTACGATATATGAAGTTACGGGAATAGATTTTAACAGTAAACCACAAAATCTGACCATGGCCTGATGAAAAGCCGGGCAGGGTTTATGTTTTTTATTCTTTGGTTCGTTCTGTCTTCTTTCTTATTCAGTCAGAATAAAGAAGGTACAACTGTAACTGTCAAAAAAGGCCAGAGTATCAGGGATCTAGCCAAAGAATATCTTGATGATGCAGATTTGTGGGGCGAAATTCTTAAGCTTAACAACTTAAAGAATATCACTGATGTTAAACCCGGTATGACTCTTGTTATACCATCCTCAGCGGTTGCATCGGCCGGCAGAGAAATTAAGAATGCGCAGAAAAAGATTCAGGAAGCCACGGCTTTAGGAGCCAAACTATTCGCTCCTGAAATTATCGCCGAGGCAATTAAATTGATGGATGATGCACTTGCGAAAAAGAAGCGGAGTGACTGGAACGGGGCCGTGCAGAGCGCATTAAAATCAATTGAGTTTTCAGCCAAAGCAATTGATGAATCAAAGAAAAAGAATAATGTACAGACCCAGGCAGTGTTAAGCCAGAAAATGGGTAATGTGCAGGGGAGGGGTAATAATGATCTTATCTGGATAGACACACCTATTAAATCCCAGCTAAGTGAAGGACAGAAGGTTAGAACCCTCTCGCAGTCATTCGCAGAAATTTCATTTAAGGACGCAAGTAAATTGGTCATGAACGCTAACTCACAGGCGATTATTCA
CP054182.1_gap62	2468872	2470127	1255	CTATCCTGCTCGCTTTCGGTCTGGTTATTTTGATCATTTTCCTTTTCCTGCGTGACTGGAGAAGTACGTTTATCCCGGTCATCGTTATCCCGATATCTCTGATAGGCACATTCTTTATTTTATATTTGATGGATTTCTCGATCAATGTGCTAACGCTGCTGGGGATCGTGCTGGCGATCGGGCTTGTGGTTGATGACGCGATTGTGGTGCTTGAGAATATTTATGCAAAAATTGAAGCGGGTGTTGAATCTAAAACAGCAGGTTATGAGGGGACTAAAGAAATCTTTTTTGCAGTAATTTCCACAACTGCTGCTCTTATCTCAGTTTTTCTGCCGCTGTTATTTCTTCAGGGTCTCACTGGACGGCTCTTCAAAGAGTTTGGAATCATGATCGGTTCAGCTGTTGCGATCTCATCATTGATTGCTCTTACGCTTACGCCAATGCTGGTCTCAAGGTTTTTCAGGAATAAGACAAAGCACTCACGGTTTTATTACGCTACAGAGCCGGTATTCACCGGAATGAATAAAAACTACGAATGGATTCTTAAAGGCTTTTTAAAGAGGCCTTTGGCAACCATTGGTATTCTGCTCTTTGCCTTCGGATCAATTTATTTCTTTGGTTCCACGTTGCAGAGCGAACTTGCACCAACCGAGGACCGAAGCCAGCTTCGCGTGCAGGTAACCGGATTTGAGGGTGCCACATTTGAATATATGGATGACTACCTGGCTGACATGCTCGCTACAGCACAGGATGCAACCCAGGAAGAAACTGAAGCATATATATCAGTTACGGCACCGGGATTCGGCGGGGGTTCAGTTAACTCCGGTTTTATCCGGCTGATTCTTAAAGATCCCGAAGAGAGGAAAAGAACGCAGCAGGAAATATTTACTGATCTGAGCAAACGGCTTGCACAGTACACGGATGTCCGCGCGATAATTATTCAGGAACCTTCAATTGCGACCCGGGGCAGCAGAGGACTGCCGGTTCAGTATGTAATTCAGGCAAGTGAATTGGAGAAACTCAGGAAAGTTATTCCGAAATTCATGGAGGAGGTTGGTAAAAGTCCGGTCTTTGCTGTGTCAGATATCAATCTCAAGTTTAATAAACCGGAAATCGTGATTGATATTAACAGAAATAAGGCAAAAGATATGGGGGTCTCAGTTCAGGACGTTGCCAGGACCCTTCAGCTTGCTTACAGTGGCAGAAGATTCGGCTACTATGTGCAGGATGGAAAACAATATCAGATTCTCGGACA
CP054182.1_gap63	2535214	2540110	4896	CATGAGATGCTTTCCTCAGCTCAGTCAGAACTGGAGAATATGGGCAAATCACCGGAAGAACTGCTTAATCAGGTAACCCAGCCCTGATGAAACAGGAGGGAATTGATTATAAAAAATTCCTTAATCCTGAAACGGTACTCAAACTTGCTTCGCTTGAAGTAAGGGCAAGATTTATTGTAGAAGGGTTTCTTCTCGGGCTGCACAAGAGTCCCTATCATGGCTTTTCCATTGAGTTCAGCCAGCACCGGCCGTATATGCAGGGGGATTCGCTGAAGGATGTGGACTGGAAAGTGTTCGGTAAAACCGACCGTTATTTTGTTAAGCAGTATGAGGAAGAAACCAATCTGCGCTGCAATATCCTGCTGGATATAAGCGCGTCAATGGAATATAAACAGGGGAGCACCGTCCGGAAAATTGATTACGCAGCCACACTTGCCGCGGCTCTTGCATATCTGATGATCAAGCAGAAAGATGCCGCCGGGCTGGTTCTCTATTCAGATGTGATCCATAAGTATCTGCCTCCGCGCGCAGCGGAGATATATCTTAAAGAAATACTTTTAACCCTCAGCAAAATTCCCAAAGCAGAAAAAACTGATACCGCCGGCTCACTGAAACTGGTTGCAGAAAAGATTCACCGGCGCGGTCTTATCATTATTATATCCGACCTTTTTGATGAGCCGGCATCACTGCTGAAGACCTTCAGGGAACTTCGCTCAACAGGCAATGAAGTGGTAGTGTTTCATACACTTGACCCCTTCGAACGGAATTTCAATTTTGACAGTGACTCTCTTTTTGTTGATCTTGAATCAGGGGATGAGATGACGGTTCAGCCGCATCAGCTTAAAAAATCATACCGCGAAGCACTCGCCCGATATACCACAGAAATTAAAACAGGATGCCAGCAGGCGGGCATTGACTATAACCTGCTTGATACCTCAGTGCCTTTTGACAAAGCATTATATACCTATCTTCAAAAACGCAGCAGGATGAAATAATCACTTTTTTAGTTACGGTTCATTTTTCTCAGAATCCAAGCTGCACGGTGATGATACTCTGGGATGAAAAGTAACGAGCACTGCGGTATGCGTAGTCAACCTTCATATCAAACAGATAATTAAGATGCACCCCCGCACCAAATGCAGGGCCGTATATATTACGGTCTTCATCACTTCCGCTGTTCAGAAACGCATACCCTGCCCTCAGAAAAAACTGATTATTATAACTGAATTCCGTTCCAAGGCGAATCTCACTTTCAGTATAGCTGCTTCCGGAATATAAACCGCTGACGCGCACTCCATAGTTCTCAAACTGCACGGTTTTATAAGTAACACCAAGTTCTGTGATTAAAGGCAGCTCATCTTCGTTTGTGGAGATTTTTACGATGCGAGGGCCGCGTGTCCCGACAGTATCCCGCGCGGTAATGAGCAGATCAGAGCCGTCAAACTGCATTGCAGGACCGAAATTCTTTACTACTCCCGCAACGGAAAGTCCGGGAACCGAACCAACATTTTTATAGAGAAAACCAATATCAAAGGAAACGCCGGTGGCTTCGGCTGCTTTTATTTTTTCATAGATCAGGTTCACAGAGCCGCCGAGTGAAAGGTTATTTCCAATGGTATTAGAATATCCGAGACTGTTAACCACGAGGGAAGGGCTGAAAAAATTGCCGGTTCCGTAGGGCATATCAATAGTGGTTTCAGGGATGTCACCAACCTCCAGAGATTTTACGCTGAAAACCATACTGCCATAATTGCCAAAATTGGCGGCAACGGAGGTGTAAGAAAGCCCCATATCAGCAATCAGCCGCATATAGGAAAACATTCCTGTTATGGTTGCAAAATCACCATGCACACCGGCCGGATTATAAAAAAAGGAATTAATTCCCTCATTTGCAGCAATATCAGCATTTGCCATGCCGTAAAGAGATGCTGATACAGGAAGAAGCAGATGCTCAGCAGCGGATGTTCCGTTCTGTGCAAAAAGGGGAACAGCAAAGAACATGAATGAAAGAAACAGCTTTTTCATACGGGTCTCCTATGAATTAAACAGTTTAAATATAATAAAAATTTCAATTAAAACTCCTTCTCCGGAATAACCGCCAGTTTGAGGACTTTAGAACCGATGCCGGGCATATCAACATGGGCGATATATATACCACCCGCCACTCTTTGCCCCTGCTCATTGGTCAGGTTCCAGTCAAGATACTGGTTATACAGATCATCATGCCGGAGTGTGGTAACTAATCTTCCAGCCACAGTATATATCCTGATAACCGCCTGCTCCGGCAGACCGGTAAAGCGCATCACTCTGCCCAGCCCCCACTCCGCCCGGTTGGAGGCAATATACGGGTTCGGATAAACACTAATCTCTCCGGTTTTCTGCTGTGCCGTGGTCTTATCACTAAAGTCAGCAGCTTTCAGCTCAATGGTAAACTGATCTCCCTCCATCAGTTGTTTATAGGTATCTATCCTGATAACCGTACCCTCCGGAGGAAGACTGCCTCTTAGGGTAATCTCACCAAAGAGAATATCACTTTTGCTAAGCACCCCTGAGGAAGAAGCCAATGGCTCAGCATAGATGCCATCGGGTTCAAGAAAACAGTAGAACCTCTCCCAGTCCTTAGTGCTGTTGCGCTGAGTCCAGAGAGTATCTCTCGGGGTAATGTTATCATAAATCTTAATCTTCAGCCGTTTCCCCCTGGTAACATCCCACACCTCAAAGGGGACTCTGCCTTTTGCCAGGGGGTCATTGCTCAGCAGAAACTCCAGCCCGCCAGAGTAACCGGAAGAATAATACTGACTACCCTGAGCGGTGAAACGAATCTCATAGTCACTCTTGCCAATGTTGTTATACAAATCAATCAACTGGATATTATTACTGCGCAGCTCCCACCCACCCAAAGCAGCAGCCCCGGTGTTCACAATGGAATCTCTCTGCCCTGAGGGGGAAAGAGAGTAAATCTGAGAGATACCAAAAGGTCTCTGCTCAGGAGGGAGGCGGTTCATCTGTGTTCTGTCAGGGTCATTAACCAGAACCATCCACCCCTGCTGAATGGATTTCTTAAGAGTGTCAGCAGAAAAATCAGCAGAGGAGCTTAGCACCAGTTCATTGGTAGTGGTGTTGGTAACAGAGTAATAGACAGAGTCCTTAGGGTTACCGGAGAAGGTGATATGGTAAATGCCGTCCTTAACGCTTGCCGGGTCAATAATTTTGAAAGAAACCTGGGCATTGTTTGAAGAACCCAGAGTCTGCACTGCCTGGAGAGATTCTCCCTGAGAGTAAGGAGATGAAAAATCAATCTTCTTTCTTCCTGGAAAGACGGTATATACCTTAACCGGGCTTTCGGTAAAGGAGGGGGAGGAGAAGGGGTTATGAGAATAAGCAGTAACCCCGAAGTAATAGGGGAGCCCGGGGATGAGGTTACCGCCTGAGAAGATATCCTTAGTGACAGAGGTATATCTTCTGATACCGTTATCCTTACCGATAATAACAGGAGCTTTAACGGCCAGACCGTTGGCGATAATGTTATCTTCAATAACGGTAACCCCGTTAACCAGATCAAACAGGGCAATTTCTCTTGGTTCAGAGCCGAGTGAGTCAGCAAACTGCCAGACGCGGTAACCTTCGAATGAGTAGGTAGTATCGTTCAGGTTCTGCCCGGTAATCATAAAATCCTCAATATCATAACTCTCAGCGGAGTCATTCCACCAGAGAGTAACTTTTCCTTCTTCTTCATAAATTTTAACCTCCGGAGAAGCAGGAGCAGGGGGAGTGAGGAAGTTATTTTCGTAGGCACGTTTAAGGAGTTTAGCTCTTTGCCGTAACAACTCAAGACTATTCATATTATCAGTACCCTGTGCAGCAATAACCGCAAGAACAATATGAATGGTATCTGAAGGGTTGAAGGTTACGGGACCGAGGGAGTATCTAAAAGTTGAACCGATTGACCAATTTTCAATTCCTTGAGCTATACCTTGTTTGGCAAGCCATCCTTCATTTAGTTCTGGGTATCCAGTAAAAAGATGGCGTGTTTTTTTGCCAGTTATTGGATTTATAATAGGAGAACCGTTATCAAACAATCCTCTGGACATATTATAGTATTGCGTGGCAGGTTTGATACCATAAAATGAAAAATAATTTGTGTCATATACAAGCGGCATAGTAAAAGAATATAGCCCTAATTCAGTACTCGCATCCGAATTTATTTTAGAAGAGAGCACTAATAGCCCCCCCGCCGGTGGAGGAGTGCCGTAAAGATAGTGACGATTAGTTTTATTATAACCATACATAAGGTTCAGCAGAGTATCAACGCCGCAAAAGGGTTTGTTTATTGAATCATCTCTTGAATAAGTTAAAAAATGACCGGCTGATAATATAAAGCAAGAATCCAGAGGAGAAGAATCTTTATTAATATATTTTAAATCAATAATTGCTACATTATTCAGAAAATTAGAACGGTTAAAAGCATATACAAGTGTGTGCTGCTCAATTTTTAACGAAGCATCACCATAAAACAAATCGGGGAAAGGGAAAAAGGTTGAATCTGCAAAATTAGAAACATGCCAAAGTTGTTCATCACCATAATATTTTGGAAGGTCCAGGTTTCTTGTAAAAACTCCGTCATTATTCCTGTCCTCCCATGGGGCTCCAAATTCAACTGGCCACTCATTATAGTCAAGTTCAAATTGATCACGGATGGTTCCAAAAGGAAATTTTTCCCAGTTTTTTCTGACTTTATATATTCTGAATCTTGTGTCATCTGGCTTTTCACTAATAAGTTCAACCGGACCTGGTTTAAGAAATTTTCTTAATGCATATCGTGGCATAACAAAATTATTGTTGAGATTCCCAACCCACATCGTAGCATGATATCCGCTGAATAATTTATTTGCATAT
CP054182.1_gap64	2551213	2554646	3433	AATAACAGCGCCAATTATCAGATTGAACAAAATGTTTTTCATATTGTACTCCCGTTTTATTTAGTGATTGTTTTTGACGGTAGTATTTTACCGGTGTAGTTATTAGTGATAAGAATAGCATTGGCTGCGAGGAACAGAACAAAAAGGGATAATGCGGAGATTACAGAAATAAACTCAGTCGGTTTAAAAATCAGCAACAGACCGATAATAGACTCTGATGTGATAACCAGAAAACTGATCTCAGAAATATAAGTCACACCAGTCTGAATAGCATTGGTCAGACTGATCAGGACAGAGGTAAACTCATCAGGGGAATATAATTTGAGAAAAGCAGTACCCAGCAATATCAACCCGAGGAACCTTAAAGCAAAGGGTTCTGATTTTCTAATAGTATTTCGCACAGAAGCCAGGGCGGTCATTCTTCCTCCAAAAGTACGATTATTTTTTTTTTTTGAAAGTTAGAAAGAATTTTTTATAATTGCAAGAGTTTTTTATCTTGAACTAAATAATTGCTGAAAATCTGATTAACAAAAACAGTTCATTTTCAGTATTAAATTCTTTGCGAAGAGGGAAGTGACCGCTATGAAAATTAGATTACCTGAGAATAAATTCGGTAACCGCAGGTTTTTACGGGTTTTTGGGCTTATTTATGTACTTTTGCTTCTTAATTCTGCTAATCTGTATGCCCAGTCAGTCGCAGGCACAGTGAAGGACAGAAGCAGCGGTGATGCTCTTTATGGAGTTAATATACTTGCTTACAGGGCCCCATCTGTTTCGGGTGCATCCCTGCTCGGTACTGCAACTGACATGCGCGGAAGATTCGAAATTACCTTCCACGAGGCCGGAGTTTATTACCTGAAAGTCAGTTATATCGGCTATAAAACGATGATTGATTCGGTAGTAATTCCAGCAAGAGGAAGTGTAACAAAGGATATACAGCTTACTGCTGATGATGTAATGCTTGATCAGGTGCTGGTTCAGTCCAAGCGGGATACCTCGCGCCAGGCAGGATTTGTGGCAATACCTGTTGAAGCACTTAATACAATACCAACATTCGGGGGTGAAAGAAACCTGTTCGGTGCTATTGTTATGCTGCCGGGGGTCGCCGTCTCATCTGAGCTTTCAAACGGATTGTATATACGTGGAAGTTCGCCGGATCAGCTGCTCGTGCTTGTGGATAATGTAATCCTCTATAATCCATTCCATCTCGGTGGCTTTGCTTCTGCATTTAACACTGATGCTGTTGAGGATATTCAGTTAATCAAAGGGGCTTTTCCTGCTAAATACGGCGGCCGGCTCTCAGGAGTGCTTGATGTTAAACTGAAGGAAAATCTGCCGGGACAGTTTAAAGGTCTGCTTGCTCTGGGAACCATTACCTCACGCGCAGCCGTTGAGGGATATATTATACCTGAATTGAATTATATCATTTCATACCGCACTTTCTATCTTGATAAGATTTTTGATCTGCTTATTCCGGAAACTACTCTCCCGTTTTATCATTTTAATGATTTGAACGCAAAAGTAAATCTGCGTGCTTCAGCAAAAGACCGGGTGCGTCTGAGCGGATATTTTGGCAGTGACAATCTTTTTACCAAAGGGAATAAGTCAGACGCCTCGTTTGACATAAACTGGGAGAATTCGATGCTGAGTGCTTCATGGCTGCATCTGAGCGGTGAGAAAAAATTCACCGAAGTTACGGCCACATATTCCGGTTATAGTTTTTCATCTCTCTTAAAAAATAATACTCCTGATGCATTCAAGAGTGATTATTATTCTTCTGTTACCATCTCTGATTTTGGACTAAAGGTGGACGGCCAGTATTTCAGCGATGAAAAACACACACTGAAAAATGGTCTTGAGGTTATTCAGCATAGTTTTACGCTTGGTTATAATAATTATTATGACAGTAAATCTGCCGGAGATGAACGGCTGCAGACTAATTTTATTGCTCCTGAAGTATCAGGATATCTGCAGGATGAATTTCAGGTGCATGCAAGACTCTTTTTAAACAGCGGACTCAGATTTTATTACCTGCCTAAATCAGATTTTATGTCAGCAGAGCCGCGTGTTTCTCTGGTGTTTGCTCTGACAGATAAGTTTTTTATAAAAGCAGCAGCAGCACAGACCAATCAGTTCGTTCATCTTCTGGTGAGGAATGATGTTGCGCTTCCGACTGATATATGGTTCCCTTCGGGTAAAAAGATACAACCCTCGAAAGCTAATCAGGGAGTACTTGGATTTGAGTATGAGTTTGCGGAAAAAGAATATCTGCTTACCGGAGAAATCTATTACAAGGGGATGAGAGATATATATGATTATGCTGATACAGCGAGCTTTTCTCCGGAGTCACCCCTTGAAGATCAGTTATCTGCGGGTACGGGAAAAGCATACGGAGCGGAGCTGTTCTTTAATAAACGCACCGGAGACTTTACCGGCTGGGTGGGATTCACACTGGCTAAGACCGAAAGAAATTTTGAAAAAGTGAATGCAGGCAGGCCGTTTCCTCCACGATATGATATACGGTTAGATCTTTCCGTTGTTGCTTCATATAAGCTGACTAAGAATATTGAGCTTGGAGCAACCTGGACTCTTAAAACAGGGCAGGCAATTACGATGCCGACTGGTATATATTATTTCCCCGGCGTATTCTCAGCAAATTCTGACCGTGATCAGATTTTTCTTAATTACTCAGGACTGAATAATTACCGTATGCCGTCTTTCCATAAACTTGATATGAGCATAAATTATTCAACTGAATGGCTGGGGAAGAAAACAAAACTGAATTTTAGTGTTTATAATGTCTATAACCACTCTAATCCGTTTGCGAGGTATCTCAGTTTTCCTGCCGGGGCTTATGGCGACCCGGAGTTACGGCAGTTTACTCTTTTTCCGGTATTTCCAAGTTTTAGCATCCTGACGGAGTTTTAATGCAAAAGAAAATTCTTTTACTTATCGTAATCACTTCTGTATATTTAACTTCATGTGATGACCTGACTGTTGAGAATAATCTTTCTTACGAAGAAAAAATGGTTGTCCGTTCTGTTGTTTCTGCAGGTAAACCTATAGAGCTCTTTTTGGCAAGAACAACACCTCCTAATTCTGCATACGACACTGCTTCATCGTATGTTTATAATGCAGTAGTTATTGTCAGTTCTCCAACTATTTCAGATACCTTAAAATATCAGGGAGCGGGTAAATATGTAAGCTCCAGGATGAACGCGAGAAACGGGGAAGAATATACGATGAATATTTTATCCGGGGAAAAAAGGGCTGTGGCAGAAACACAGGTTCCTTTCACCACAACTTTCCAGGCAGGACGGCTATTGACCAGAATAGAAGCCAATGGTGATACGTCATACTATATTGAGGGGGTGCTGACCCCAAGACCGGGCGCAGTGTATGGTGTAACATGGTCAATTATTGACGGTCTGAC
CP054182.1_gap65	2560774	2564315	3541	GCCGGCTTTACGGTCAGCGTCTTTACAGACCAACTGATGCGTTTTTATCTCCTGATAACTTCAGATCAACCGACCCCCGCTCAGGCGGTTCAAACGATCCCTACTATTTTAATCCATTCCTGAATAACAGCAACGGACTGCCTACCGGCGACGGTGCTTTTGTTCCGATGAATACTTTTACTTCTTATAATATACAGGGAAATCTGAGTTATAAATTCACTCCGACCATTAAACTGAAATATGAAGTGGTTTTTGATCAGGGTGAGTCAAAAGGATACAGCAATTCTTACAAGTATAATCCTGACGGAATCGGTACCAATTACAGCAGTGCTCTGGTTCAGTCCCTGGATTTCACTCATACGCTGAATGATAAGATGTTCTACACCTTAAAGCTCTCGATGGGTGAAAATGAGAGCAAATATTACCTGTTTGAAGATCTGAATAATCCGGGTTACCTCCCGACACTCTATCAGCGTACCGTTGGTAACACATTTTTCCTTGCAGGCGGAACAGACAATTTCAGATCTTTCCGTACAACACAGACCACAGGTATCAAGGGTGATCTGGTACTGCAGGCCTTCGAAAATCATGAACTAAAAGCTGGTTTCGAAGCAAGACTGCATGACCTTTCAGTTGAATCATATTCAGTTGAAATCGGAAAACTGACCAGCACCGGCGGATTCGGAAATCTGGTTAATGATGACCTTCTCTATGATACAACTCTTACTCTTATCAGAAGAAAACCCACCTCGCCCTCTTTATACACCAACTATAATAAGAAACCGGTGAGTTTCTCTGCTTACATGCAGGATAAAATGGAGTTCGGATCTGCGTTTATTCTTAACGCAGGTGTGCGTTATGAATACTTTGATCCGGCAACTTCTTATAATCCGGAAATTTCAAGAAATCTTACTGATTCACTTTTTGGTTTTATCACCGCTTATAATGAGCCGGCTGAAATAAAACATACTCTCTCTCCGAGAATCAGCATGTCCTATCCTATTACTGATCAGGCAGTTATCCGTTTATCATACGGACATTTCTATCAGATCGGATCGCTTTCAAGTCTCTATTCCAACAGCCAGTATTATGTTACCAATGTGGGCAGCATTCCTACCTTTGGAAATCCGAATGTGCAGCCGCAGAAATCAGTGCAGTATGAAATTGGTCTGCAGCAGCAGCTTACTGAGGACTTCAAGTTTGATGTTACCGCCTATTATAAAGATGTAACAAATTATATATTCACTCAGGGAGTGTTCACCGCAACCGGAAGAGAATATAATGTTCTTACCAATCTTGCTTACGCCAACTCACGCGGTGTTACATTTTCATTCCTGAAAAGGAGATCACCCGGTTCCATGTTCTCGGCATCTCTTGATTATACTATCAGCGTTTCTGAGGGCAACAGAACCGAACCTGCTGATGAAATTTTCTTCAGCGAACTTTCCGGCAAGCAGACCGAAACCTTCCTGGTACCGCTCAGTTTTGACCGTACTCATGTAATCAACGGCAGTATATCTATTACTGATCCTGATAACTGGACACTTGGGGCGATTGCAACACTGGAAACGGGTACACCTTATTCAGTCAGTCTGCCTTCAAACCTGGTTCAGGTGCGTTACAATCAGAACAGCGATAATCAGCCGATGAATCTGAATGTTAACATGAAGTTTGAAAAATATTTCAATCTCTTTAATGTTCCGATTACTGTTTTTCTTCAGGTTGAAAATCTTTTTGATATTGAAAACGAACTGGTTGTTTACTCAAGTTCAGGCCGTGCTCTTTCAAATGTTGAGCAGATTCAGAACGCAGTGCAGTTCAGTGATATCCGCAGAAGAATTGAAAGAAAAGATCCGGGGCTGTTTGGTATGAGCCAGATTGATAATTATTATTCACAGAGACCGGAGAGAGTCGGCGCGCCAAGAGAGGTTCGTTTTGGATTCTCCCTGTTATTTAATTAAGCGGCAGAGAATATGAAAATTAAATTAATCATTACATTCATACTCTTTTCAGTGGTTCTGAGCGCTCAGGATCAGTATTTAAATTTAAACAAAGAAGTTAAGCGTTTTAGCTATGAGGACATGGTTCGTGTATTCGGGGAAAACTACCAGTCCGGCAAAATATATAAAACCGCCGGTGATCCGAGGGAAATCCGTGAGGTAATTGTCCGCGGAAACGCAATCACCACTGTACTCTTTAATTATGGTTCCATAACAAAGCCGAATTATCTTGGAAACAGGGCAGACCTGGTCTGGAAAAATCTTGGATACGGATTTGAATTTGGTCCTCTTGCTGCAGCTGAACTCCTCAGACCCAATGGCAGCGGAGGGTTTGATACACTTCGCATAACCAGTGACTCCTTTGTGCTTGCTTCACAGGGGGACTATTCACCAGACGGAACCCTTAAGTGGGGATGGCTTCCAAAGTCGGGCTATGCTGATCCTAACTCAAACGAGATCGCAAGACTTAACGCTCCTGATACTGACGGAGACGGCAAACCGGATTCATGGCCTGAAAGATGGTATTCTCCCGGGGCAGGGCGTTATATATGGCCGGCTTTCCTTGGAGATCAGGCAACCGCACCGGATGAAGAAGTCTATTTCGTTGTAGATGATTATACCAATCAGGAGTTTAATTACTATCCATTCCCTTCCGATTCTTCGAAAAGGGGAATTGGTCTTGATATGGAAGTAAGAAATCTTCAGTTCAATAATCCTCTTGCTAAAGATATATTCTTCCTGGTTTATCAGGTAACCAATGCATCAGAAAAAGATATAGATAAAATATTCTTTGGTATGCAGGGTGACCCGCATGTAGGCGGTCCTGCTGATTATGCAGATGACCGTGCATATTTCATTCCAGCATCTGGTCCATTAGCTGATCCTTATGTACAGCGTGCAAGAAACATGGTCTATGCCTGGGATGATGATATGAAAGGTGACGGCGGACTCCCAGCCGGTTATTTTGGATGGAAATTCCTTGAATCACCTACATCATCAGCTGATGGTATTGATAATGATGATGATGGAATTATAGATGATACGCCATTTAATTCGAAGGGTGTATTTATTGATGGTGTTACTATCCCCCTTAATACAGGTATTACGGATGTTGCAAAATATACTGCAATCTATGGTGCACCGAGACAAAGATGGGCAGGTGACGAGGACGGCGACTGGGATATCACTAAGGATGATATTGGTATAGACGGTATTGGTCCGGACTCTCCAAACTATCCCGGCCCCGATTATGGTGAAGGCGATGGTGTGCCTTCGCAGGCATTTTATTCTGATGTAAATCAGAATGGTGTATATGATGTCGGGGAGCCATTGTCAGATAATCAGCTTCCGGGTTATTTCTGGGCTGGGTCAGAGCCAAACTTTGGTGTCCGTGATATCACTGAGTCAGATCAGATCGGTCTTTCCTCATTTACGGCAGAAGCCTATGGTGCGACATTTCCGAGAGACGATGCTAAAATGTGGGAGTGGCTCTCGAAAGGTACCATTGATCCTAATCAGGAGCTCTTAAATGAACCAGGTGA
CP054182.1_gap66	2699672	2701629	1957	GGCAGCGGCCCTATTCCCGTGAAAAAGCTGCTTTCCCTCTGCCGTATGTAAAAGATAAAAAATTCTGGCCGTCTTCAGCCAGAATCAATAATGCTTACGGCGACAGAAATCTGGTATGTACCTGTCTGCCTGTCAGCGAATATACGCATTAACCAATTTTTAGAGAAGCACACAAATACCATGTTAGCTGATTACTGCAAAATTTTGTCTGATGTTAAATCAATAGCCGTTGTTGGCATTTCTGACAAGCCTGAAAGAGACAGCGGTGCAATTGCAAAAATGCTTAAGGAAAAAGGATTTACGATCTACGGTGTTCATCCGGTACTTAAGGAAGTGTTTGGCATTCCTGTATATCCATCACTTGCGGAATTACCAGAAAAAGTTGACCTGGTTGATGTATTTCTTTCATCTGATAAAGTACCTGCCATTCTTAAAGGAGTTCAAAAATCAGGAGCTAGGTATCTCTGGCTCCAGCTGGGAGTATCAAGTAACGAAGCTGAACAGTTTTGTTCTTCTGAAAAAATAGGTTTCGTACAGAACCGTTGCATAGCGGTTGAATACAGAAACTGTAATGCACTCAAAGGACTTCTCTGATAAGAACCTTTGTACTCTTACTTTTCTTATTATGTTGCAGCTTTTCCCGGAGCAATGCAGACACTGTAGTTGAGAATAAAACTCCCCCGGCAGACTCTCTCAATTCCGGTTATACGGTTATTGATTCAATATTCATAAGCGGGAATGATATAACCATTGAAGAAATCATTCTTAAGGAACTTCCGTTTACTACAGGGGATACAATTCAGGTAAACCGGCTCTTCTTTTTTGAAGAAAGAGTTTTCAGTCTTGGTATATTCAATGACGTAAAAATGCGTCTCAAGAAATCAGAGACAAAGACCATTCTGCATATTCATGTTGATGAAAGCTGGTATATCTATCCTCTCCCTTTTGTTGATTTCAAGGAAAATGACTGGAGCAAGATTTCTTACGGAATGAATATTCTCATCAAAAACTTCCGGGGAAGAAACGAGGATTTATCATTTTCATTCGGACTTGGGTATGATCCGTTTTATTCCGCTACTTATATAAAACCCTATCTGGTACGCAGCCAGAATATCAGTCTTTATTTTTATTCGCAGTATGCAACCGTATCAAATAAAAGTCTGCAGGCTGAAGCTATTGCAGGTACTAAATTCGATAATACTGTTTTTACATTTGATATTGGTTTAGGTAAAAGGTTCGATATTTATAATAAACTTGAAGTTTTTACCAGTTACCGGATGATAAAATCACCATTTGCCATAAAAGGAATTACGGCATCGGGGAAAGAGACAGATATCGTGCCAGCCTTGGCGTTCCAGTATTCACACGATTCCCGCGATCTGAAGCAATTCCCTGACAGGGGATTGTTTTATTCCGTTTCTTCTTTCTACTATGGTTTCAACATTGATGATGTTAGTTATACTGCCTTTAACAGCGATTTCAGATACTACTTTCCGCTGATCTCCTCTTTTACTGGAAAAATAAGATTAGCTACCCGTCAGAGATATGGTAAAAATATTCCTTATTATAACTACGCTTTTATCGGACTGGATGATGAGGTCAGGGGACATATCACTGACAGAGCTGAAGGGAAAAAAAGCTATGTAGGGTCATTTGAAATAAAATACCCGATCATTCCGATGTTTGATTTGTTCCTGGATCTTCCGCTGATTCCCAGACAGCTTCAGCAGGCAAAAACTGCACTCTATCTTACGCTTTTTGCTGATGCCGGATTTGTCCAGAATGATGGTATTTCTGTAAACTGGGCCAGTGTTTATTCAGGTTATGGGGTAGGAATTGCCATTCCCGCGCTCCCATTTAATTTGGGCAGGATCGAATATGCAATCAATAAATTTGGAAAAGGAGAACTGATACTTGATCTCGGCATCTCCTTCTGATACAGGATTATTCTATTTCC
CP054182.1_gap67	2838253	2843010	4757	GCTGCGTATATAAAGCGGTAAATGTTGCTAACGGAGTCGGTGCTGCAGGAGCAGTTCCGCCCGAAGTAGCATAACCGAGCACATCGTTATTGCCGATCCAGAGAGTTAAGAATGTCGGGCTGAGTGCTTTAGCCTGTCTGAACTGTGAACCGAGATTTAATGCTGAGTTTCTTAATACCAGATCAAAAAACGGATTTGGTGACCCTGCCAGACCGGAAGCTGAATTGCTGGCGGTAGTTGCATTCATCACATCATAAAGTAATGCACCCGGAACACCGAGGTTATTATATGGTGCGCCATAGGTTGTGTTTGTTGGTGTACCTGTTGCAGCATTAGTTACAAGTGTGAACGGGCTAAGTGAACGGATTTCAAGTCTTCCGCCTGAACCCGGATCAGAATAGGTAGGCTGAGCAAATGAAGTACCAACCTGACCTGCAAGCTGAGCAGCCCATCCGTATTTCTGTGCACTTTCATAAAGAGCACCAGACTGATATCCGGCAGTAAGACTGTTACCAATAGCGGCGTATCTGGTAAAGTTAGCAGTACCGGTATTTACTGCAGGCGGAGCAGTAAGTTCACTTCTGTCTTCACATCCGGAAAAAACAAGCAGTCCTGCTGCTAATAAAAGCAATAATCTTTTCATTGATTTCTCCTTCTTAGAAGCTGTAATTAAATGTTACTGAAAAGAGATTACCTGTTGAGTTATATGTTCCGTTAAGCGGAGCAAAACCGCTTGAAGCATAGTTCACATCACTGTTCGTGATTGTTCTCTCAGCAAATCTCAGATATAAATAGGAAGCATCCAGCGAAAGGGTATTGGTTAACTGATAACCGAATCCAAAGCTGAAACCGAGTCTGTCTGAATCAGGAAGACTTGGGTCAACCATTTCATCCGGAACCGGGTTATTGTCAATAAGGAATCCGCACCGCAGATCAAGTGTCTGGTTATAAGCATACTCAGCACCGAAGCGAAGAATATAAGTATCTTCATAAAGTCTTGCACTTGCAAGATCAGTATATGCAGCATTCTTAAAGTCAACCTTTAAGGAGTCATAACTTGACCAGCCGACAAACTGATAATCTGCAGTGATCAGAAGGTCTTTGGTAACCTGATAACCAAGACCAAAAACAAACTGCTGGGGAGAAACAAAGGTAGCTTCAATATCACCTTCAGGAACTCTTCCTGTTAAAGCAGCAGGTACTCCTGTGGTTGTTGCTGTTCCTTCAAAAGCATATTCCACTTCACTCTTATAAGAAAGTCCGAGTGAAAGAGCTGAGAATGGCTGATAAGCAACGCCAAGATGGTATCCGAATGCACCGCTTTCACTGCCCTCGAGGAGGATTGTACCCTCACCCTGGAAAGGAGCGAAACCAATAGCACGGTCAAGTTTTACATGTGCAAGATTATAAAGAAGACCAACACCTACTGAAAGGTTATCCATTACTTTGTATGCAATAGAAGGCTGGAAGCTAAAGGTCTGTAAATCAGCTTCGATGCTGGAAAATCTGCCAACCCAGTCTTCTGACCATCTGGTACCTAATCCAAAAGGATTATTGACGCTTAAACCGGCTACCAAACCATCACTGATTTCATAGGTGAGGTAAAGGTGACTTGGCGGAAAAAGCTGTTTTTCCATTTCGGTTTCAGCAATTGAAGGGCTTGGACCTCTGAAAGATGCTGCAGGTGCAATAAGAGTGGTACCAACGGTGGCATTCCATCCTCTTAAACCGGCCATACCAGCAACGTTAAAATACAGCGAGGACGGGTCATTTACCATTGCGGTAAACGCACCACCCATGGCCATTGCTCTGGCTCCGTGCTCGTTAATCTGAAATCCACCCGCGAAGGTGTTTCCAAACATCATGAGAACGAAAAGTGTACAAAGTAAAGATATTTTCTTCACACTGACTCCTCTAGTGATTGTTTTGTGTTTATTTGTTACTTGACAGCGAAAAGGGGTGCACCCTTCTCAATGTTTTTATTCTCTTCGACATAAATTTCTTCTATGACGCCTGAATAAAAACACTTGATGGCGTTTTCCATTTTCATAGCCTCAAGAAATAATATGGTATCACCAGCCTGAACATTCTCCCCTTTTTGCCTGACAATTTTGGTGACCAGCCCCGGCATCGGAGAAACAACGTGGTGCTCTCTGCCGCTCTTTTTCTCCGCTTCGGCTATCTTTTCAAGATATTCGGTAATTTTATTTTTTATGCGTAGCCGAAAATAAACCCCCTGAGTGTAAATATCAAATACACTTTTTTCATTATTAAGATAAACTTTGTAGGGTTTCTGATCAATTTTGACGATTGCATAAGAATTTTCAACAGTCAGCACAGAAAAGGAAAATTCCCTGCCATTTACCCTCAGTTTATCTTCACTTGCCTCAATCTCAATAACTGAGGTACCGTCGTGGTATTTTTTAGTCTTCATAGAGCTGCCTTCTCCAATTTGACGTTTCTGCCTCTGTGGCCTCCCTTTGTCCTGAATTATTACGGACTGATGACTCAATAACCGCTAGTGCAGCCGCAAGAACCTCATCCGAAACTCCCTTTTCAGGGCGCAATGACTGTATTGCATCCATGGATTCCTCAATACTATTTATCGTATGGCTGCCCTTCACAAATTCAGGAAACTGGAGGAGTTTCTTCAGAAATTCAAGATTATTACCGCAACCTGCCAGAACCAGTTCATTTAACGCCCTGATGCCCCTGCTGATCGCCTTAGGGCGGTCGGCTGCATGAACGGTCAGTTTAGCAATCATGGGATCAAATGCGGTCGTAATTACAGAGTTCTCAGTAACCCCCTCATCAATCCGGATTCCCGGGCCGGATGGAAATACCAGTGTTGTAAGTTTTCCTGTTGCAGGAAGGAATTCATTATCCGGGTCTTCAGCGTAAATTCTGCATTCAATTGCATGTCCTCTGAACGAAATTTCATCCTGCCTGAATGACAACTCTTTCCCCTCCTCAATAAGAATCTGTTCTCTTACAAGATCAATCCCGGTTATCATCTCCGTTACCGGATGCTCAACCTGAATTCTGGTATTCATCTCCAGGAAATAAAAACTTCCATGTTTATCCAGAAGCATTTCAATCGTACCAGCGCCAAAATATTTGACTGCTTTTGCCGCATTGACTGCAACCGTAGTCATCTTCTCTCTTAAGTCAGGTGTTATTGAGGGAGAAGGAGCCTCCTCAATTACCTTCTGATGCCTTCTTTGCAGGGAACATTCTCTTTCAAATAGATGGACGGTATTTCCCATCTTGTCAGCAAGTATCTGCACTTCAATATGTTTTGGCTGCTCAATCAGCTTTTCAAGATATACGGCACCATTTCCAAAGAACTTTATTGCTTCCCGGGTTGCGGAGTTAAATGCATCCTCAAGTTCTTCAGGATTAAATACTTTTTTCATCCCCTTTCCGCCCCCTCCTGCTGTGGCTTTCAACAGAACCGGAAATCCGATCCGTGCTGCTTTTTCATACAGTTCCTCAACGGTTTTTATAACACCATCCGAACCAGGGACAACAGGGACACCTGCTTTTAATACAACTTCTCTGGCATTAGTCTTTTCTCCCATTGCTCTCACTGACTCTGCAGATGGTCCGATAAATCCTAACCCTGACTTTCTGACTGCTTCAATAAAAGATGCATTCTCTGATAAAAATCCATATCCGGGATGAATAGCATCTGCTCCTGCCGCTTTCGCAATTTCAATTATACGCTGTATATTTAGATATGTAGAAGAAATATCACCTTCACCAAGAAAGTACGCTTCATCCGCGGCAATGGCATGAAGAGAGGTTTCATCATTTTTATTATATATAGCCACAGCCGTTATGCCCATCTCACGGCATGTCCGGATAATTCGTAAAGCTATCTCACCTCTGTTTGCTATAAGGATTTTACGGATCATGTGAACTCCACAATGGTAATGCCATCACCGCCGAAATCAGGCGATGCAAAATAGAACCGTGATACACCGGGATGACTGCTCAGGATTTCTTTTACAAGCGCTTTCAGAGCGCCGGTACCCTTTCCGTGCAGTATTTCAATCCGTTCCATACGGCCAGCATAAGAATTATCAATAAACTTTGTCAGTTCAAGCCGTATTTCGTCAGGTCTTGCTCCCCGTATATCAATCCGATAACTGAGAGCTGACGCGTCATGATGAGCAGAAGAGGAAGAGACTGTTAACTCTTTTGCTGCCCCTTTCGAAATAACTTCAAGAGACGCAAAATCTGAATCCAGACGTAAACTTCCGGCCAGAACAGTTGCGCGCTTTTTTACCGGATCAGCTTCAATAACTTTTCCTGTTGTATTGGTACCCCGTATTTTGACGAACTGTCCGACTGATATCTGAATTAATTCTGTTTCAGTTCTTTCAGATTTTTCATCTGAAAGTGTCTTAAGGATTTCCTCTCCTTTTGAAATGACCTTTTTAACTGCAGATTTTTCACCTTTAGATTCTTTCAATTCCTTAAGAACCTTATTCATGTCCGATTTACTGGACTCAACTATTCTCTCTGCCTGTTTTCTGGCTTTGATTAGGATATCCTCTTTGCGCCTTTCGATATCATCAAGTTTCTGACGATAGAGTTTTTCCAGTCCTGCGATTCTTGATTCCTGAAGTGAGAGTTTATTTTCGCTTTCTTTTAACTTCTCCTGAAGGATTCTCACCTGAATTAAAGCATCTTCAGAAGTAATCGTTTCCTTACCGGCAAATAGTTTTGACTGTGCTATAAATTCATCATCA
CP054182.1_gap68	2846128	2849425	3297	GAAAGTTTCACCTGATCGAGCGTCTGAAGATATTTATTATAAACTGTCTTCCTGTCAGTTTTAACAGAAACGATAAGCTTCTTGTTTGATGGAAGTTCAATTTTACTCTGAATCCGCGGTTTTAGATTATTTTTAATCTGTGGAATCGCGATGATCGCGCCATCCAGAAGCACATCACCGTTTTCATTAATAAGCAGAGCTGCCATTCTTTCTTTTGAAATTTCAACTAATTGCTGCTCTTCCGGCGGAATATACTCCGGCAGAGTGAGACCGATACCTGTATCAATATCAATAGTCGTCGTAACTAGAAAGAACAGCAGAAGCAGAAAAGAAATATCCGACATGGAGGCGGTCGGAATTTCCGGTTCAGTTCTGGGTTTTCTATTTAAAATTGGCATTTTTTAACTCTTAAGGAATAGTGCCTTATTTAGACTTAATTTCGTAGAGAGCATCAATCAGTTCGATTGAGCTTTCTTCCATATCAGCCACTAAACGGTCAATTCTTGAAACAAAATAGTTATAAATTGTCTGAAGAATCATAGCTACAACCAGACCGAAAAGGGTGGTCAGCAATGCAACTGCGATACCGGTAGCAACGATGCTCGGAGAAATCTGGTTTGCTGCTGCAATAGCGTCAAATGATTCGATCATACCCTGTACCGTTCCGGTGAATCCAAGCATCGGTGCAATGGTGATACAGGTGTTAATCCAGATGAGTCCTCTTTCAAGGAAGCCCATTTCGATTGCACCATAAGCCATAACTGCTTTTTCAACAGATTCCAGGCCTTCATCAGCTCTGAGGAGACCGGCATAAAATACTGAAGCAACAGGACCACGGGTGTTCATGCAAAGTTCTTTTGCCTGTTCAACTCCGCCAGCTTTAAGAGCTTCTTTGACTTTTACGATAAAGTTTTTTGTATTGATAGAGGATCTGGTGAGAGTCCAGAATCTTTCAATTGAGAATGCTAATCCGATGATAAGACAGGCGAGAATAGGGTGCATAAAAATACCGCCTGCGACATATTTTTCTGTGAGCCAGTTCATCGCACCACCCTGCTGGGCAATGAGATTGACTGAATTTACAAGGATTTCTCCAAACAACATATAGATAAACCTCCTGATTAGGAAATAATTAGATTATGTAATAGCTCTGCTTAATTTTGAACTAATATAGCGAAATTAGAAAATTACGCATTCAAATAAAAGCAAAATTTCAGGTTATTCCCCTGCTTTATGAAAATTTAACAGTTGCAATCTCTCTCCCAATTCGATGATATTGCCCGAGAGTATATGGGAAAACCTGAATATCTGATGAACCAATTCTCCAACCTCCTCAGGTTTTTGCATTGTTCCCCATCTTTCCTCAGGCATCCATTCCCGATTAGCAGGAGTATCAATCAGATATGGCGCAATTCCGCAGACACTTAAATTGATTTCTTTGCCTTCAAGAGCAGCAGATTTAATCAGATGATTCAGGGCCGCCTTCGATGAGGCATATGCCGCCCGGTTAATATCAGGATGCCCTCCGGACCAGGCTGAAACAAAAATGACCGAACCGCCTGCAGACTCTTTTACAAGCCGCGTGAATGCTGCCAAAAGATTATAGGAGGTTACAAAATTTTTGTTCATCATCTCAAGGGCTGAATCGGTGCCGGTCTCCCAGATTGCCTTTCCGCCTGAGAAACCCCCGATCGCGCTAAATAAGAAAAAATGAGTATCAGAGGAAGATTTAATCCCGGCAAACAGTCGACTCACAACTTCACCATCAGCAAGGTCAGGCCGTTCTCTCCTGACAGAATTTTTAGCTGAATTACGTGAGGATAGGAGAATGATCTCATCATAATCCTTGCCAGATAAGACGGTGTGAATTCCCCTGCCCAAAGCACCTTCATGCCCTGCGAAAATCAGAATTTTTCTCATCTGATCTTTGAAGTTATTTTCAACATTACCGGGAAATGGTCACTATATCCTCCGAGGTAGTTCCTGCCTCCAAATGTCGGGAGCGCTGTACCGGCATATCTGCCGTCTTTCTGAACTAAAAAATAAGGTTTCACCACCTCAAATGAACCGCAGACATACTGGAAGTTTTCTCCCAATACCAGTCCGCGGGAAATAATTATCTGATCCAGCATATTCCAGTCATCACGGTATTTATAACTGCCTTCCCCCCGGCTTTTAGGCTCATAGGAAAAGTTAAGAAGTTCTGTTTTTGCTGCTTCAGTTGTTAATGCTGGCAGCGAATCGCATGTTACAGGTTTTGCTCCCAGGGTGCTTATAATGGAGGTGTTCAAAGGTTCATCATTGAAGTCGCCCATAATGATAAACTGGGTGGCCATGCCGTTTTCCTTCATTTTCGCAATTGCAAGCGAGGCGGTGGCCGCGGCGGTTACCCGGTTGATCTCAGACTCTGCCTGCCCTTGTCTTCTGGATGGCCAGTGATTTACCAGTATCGCAATTTTTTCAGTGGGATTTTTTTTAACTTCCAGAATTACCATCAGGATATCCCTGGTCTTGTATCCATCAGGCAGTAAAACAGGAAATGTCTCCTTATCAAGAACCTTGAATTTCGAACCGCGGAATAATAGTGCTACATCAATTCCCCTTTCATCCGGAGAATCAAAGTGTACGAACTGATACTGAAGATCAGCCAGTTTTTCATCAGAAAGTTTTCTTAGGACATACGCATTTTCCACTTCACAAACCCCGAGCAAATCAGGTCCCCTGCCGAAATTCATTGACCTTATAACCGCAGACTGGTTTAAAAGTTTTTTATTGAATTTATCATTATCCCATTTCCTTTCAGATTCCGGAAGAAATTCCTGATCATTTATTTTGGGATCATCTTTTGTGTCAAAAAGATTTTCCAGATTCCAAAAAGCTATGGAAAGAGTATCTTGTTTTGTGGACTGTGCCCCCGCTGTAAAGAAAATACCGCATAACAGGAGGAGCAATATTGTTTTTTTCATATTACACCTTTAATCTGGTTACAACACCGTGAATTTTGCTGCTCGGCAGATCATAGAACTGCACGAAGTTGGGAGAGAATTTTTTAAATATCGCGTAAAGTTTGAGTATGATATTACTGGTCTGTATATCTTCAACTCCATAGAAAATTACCCGCTCATTCACCTTTTCCCTTTTAAGAATAGCAGGCAGATCTATAATTTCCATATATCCAGCCGTAATGGTAATGCCTGATAATCCTTCCGAGAAATCGGGATGAATTTCGACATGCTGTCCGTGAGGATCTTCCGTTCTTTTGATTGCAACCAGTATATTTTTTTCATACAGAATACT
CP054182.1_gap69	2897794	2901638	3844	ACCATTATAGTCACCGGCCTTCATTTTATCATTACCCTCATTATAAAGACGGGCAGCATCCGGATTCATCTGCTGAGCAGAGAGAGAGATTGTAAATAAAACGGCAAAGACGGTGAAAAGGGAAGAAATATTCTTGAGCATTAGGAATCCTCAGATGTATTTAAGAATTGGTGCGGAAGACGGGACTTGAACCCGTACGAGTTGCCCCACACGCCCCTCAAACGTGCGCGTCTACCAGTTCCGCCACTTCCGCAAAAACTGAATTCGAAATTTACACTCATTTTCTCATATTTTCAAATAAAAATGAAGAAATTTTCGGCAGAACCTGTTTTTTATACGATTTCAAATGGTAAAAGTTCCCGTAAAAATGCAGAATTCTACCTTAATTATTTGCCGCATTTTGCAATCGTGCAGTAAAGTTACTAATAAACCTCAGCCCGTAAGCGCCATCCGCAATGGTATGATCAATAGCAAAGACCAGGTTGATTTTTATGGTCTTATTGCCAGCTATGTCGGTGTTTTCCACGGTATTTCCTGCATAAAGTTCAAGACATCGCAGGGGGTTCCCAACCGGCCACATCCTTTCATTAGATACCTTCCCTACACTGCTGAATGATGTTGTCCCGAAAATAGTCCTGTACCGATCATGGGATCTTAGGGAATGCCTGAGATAGGCTCTTCTCAAAAATGCCGGAAGTTTTAGGAACAACTTTTCAATTCCTATCAATGGCTCAAAATCACTGCTTCTGAAATACTGAATGGCCTTGTTGATTTCTTCCAGAGTCATCTTTTCAGCCGATCTTATAATTGAAGGGTAAATAATGTACTCACCTTCCGTTTCTTTTTCAACCGGCATGAATACATCAATATTAGGGAACCGGTAAATGGTATCCTCCCCTTTTCTCATACAGTTTAATTCAGGAAACTCCATGAGAGTATCAGCGAGAGATTTTACTAAATATCCTGTTAAACCCGGTGATTCAGGATTCATTTCTTTTTGTCCGGCAATAGAAGAAAACAAACCAGTAATATCAGTCTCAGTAAATATGAAATAGTGAGACTTGCCATTTGTTAGAGAAATAGCATCCTTAACCATCCTTCTCAGATGGTTTTCCTTTACAATCATAAGCTATTGAGCAAAACTTTCAAAAATTCAAATAAAGCTAAAATACTCCTTTCCGCTGAATTTCACACCTCGTAGTTTCTCATCTGTGTCCGGAAAATAACATTAGCATTTCAGCTTTTCTGTGATTCCCACAGCTTATTCATCATTTCAATAATTTCAGCTGCCTCCTTAGCCGTTGCCAGTTTGCTGCCGTTGACCGGGAAATAATTATCTGTTTTCATTCTTTGCATCACAACTGTATAACTTTTATCAATGCGGTACATTGCTTGGGATTTATTTGTCAGCCATTGATAATTGAATTTTCTTGTTGTGGAATCAACCGCTCCAAAACCGCGTATCCGGTTTGCATCGGGTTCAAAACCGGTGATTCCCCTATTCGCACGCCAGCACCAGAGAGTATTTGTTTTCCAGTCAACCCCCATACGGAATTCGTGTCTTCCAAGTTTTCTTAATGGGATAATTAAAGGAAGCAATGCAGCACCTACGATAAAGAAAACAGGAACCATTTCAACATCTCCTTCTCGTCCTTCAGCCAGGACAAGCAATCCTATCAGGAATGAGAAAAGCGCCGTAACAATAGGAAAATAATACGTGAACTCTTTCCAGCCTGAGCTTTTCCAAACCGTCAGTGAAATTTGCGGAGAAGAGGGTCCTGTATCAATATTGTTCTTTCTTACTTTGTCTCTGTCGGTGGGCAGAATTTCAGGTTTAAGAGCAGTTCTTTCACCTATCTCTTTCATTTTTTGCTGAAGTCTTTCTCTTTTGTCAGACCTTTCGCCGGTAAGAAGAACTTTTTCAATTGCATCCAGTGACATATCTGTGCCCGTATCATTATCGATCAGTTTACCGTCACCCGGAGTCAGCGTCAGCAGGATTTTCTGTCCGGATTGAATAATCAAATTAGGAAAGCAAAAATCTCCTTCAGTCTGTGGTATCGGAATTTTTTTGAACCGAAGCAAAAGATCAAGAATTTCCCCGAAAGTCTTTTCTCCCAGGTTAACCTCATCATAGCTGCCGTTAAAAGATGAAAGATCCGGATTAATCCCCTGTGCTGATATTTTGAACAACTCTGACATGATAACCTCACAAAAGCGATTATAAATGAGTGATTGCTGCAGTTATTGCTTCTTCAGGTGTAATTCTCTCATTTGAGAAGCAAAACAACATGGAAATCTCCAACACATTTTATGCCAGTCCGGAAGAAAATAGGTAGTTATTACCATAACGAATAAAAAACGAGGTTCTATGAAACCTTAATTTTTTAATACTGAAGGAGTCTTCGCAGGAATCACTTAGGAGAACCTCCGACCCGCTGATTATGAGTCAGCTGCGCTAATCAACTTAGCTAACTCAACAAAAACAAAACAGCCCCGGATTTCTCCGAGGCTGAATCTTCCTGTGGGGGCTGAAGGAGTCTTCGCAGAATCCCTTCGGGAGAACCCCGACCCTCTGCTTGTAAGTCCCGACGAGTCGGGGATCTAAACCAACTGAGTTGACCGTTTTAAAACAAAACAGCCCCGGATTTCTCCGAGGCTGAATCTTCTTGTGGGGGCTGAAGGAGTCTTCGCAGAATCCCTTTGGGAGAACCTCCGACCCTCAGCTTGTAAGTCCCGACGAGTCGGGATCTAAACCAACTGAGTTTATTTAAAACAAAACAGCCCCGGATTTTTCCAGGGCTGAATTTTTGTGGGGGCTGAAGGAGTCTTCGCAGAATCCCTTCGGGAGAACCTACGACCCTCTGCTTGTAAGTCCCGACAAGTTGGGATCTAAACCAACTGAGTTTGTTTAAAACAAAACAGCCCCGGATTTCTCCTAGGCTGAATTTTTGTGGGGGCTGAAGGAGTCTTAGCAGAATCCCTTCGGGAGAACCTCAGACCCTCTGCTTGTAAGTCCCGACTGGTCGGGATCTAAACCAACTTAATGAACCCAATTTAAAACAAAACAGCCCCGGATCTCTCCGAGGCTGAATCTTCATGTGGGGGCTGAAGGAGTCGAACCTCCGACCCTCTGCTTGTAAGTCCCGACGGGTCGGGATCTAAACCAACTGAGTTGACCGTTTTAAAACAAAACAGCCTCGGATTTCTCCGAGGCTGAATCTTCTTTCTTGTGGGGGCTGAAGGAGTCGAACCTCCGACCCTCTGCTTGTAAGGCAGATGCTCTAAACCAACTGAGCTAAGCCCCCTTATTTTTTCGAAAACAGATTAGAAATATATGGTTTCGGAATATATTCTGCAAGTAATTTTTGAGCGAGTGACGGGATTCGAACCCGCGACCCTTAGCTTGGGAAGCTAATGCTCTACCAACTGAGCTACACTCGCAATTCACTCTGCAAAATTATCTAACCACCGGATTATTCTCAACAGTTAAATGCATCAAAAATTAATTTATCCTGCTGCTGACGTGAAAGTTTGGACGAACCCACTGCCGGACTTGCACTTGCTGGTCTTCCTGCATAGAACAAACGCTGGCCGTCGAAAAGATCTTCAAGCAGTCTGCCATGGAGGAAATTCCAGGCACCCATGTTCTTTGGTTCTTCCTGTACCCAGACAACTTTATTTGCTTTCGGATAGGATTTCAGCAGTTCTCTCATTCCGGCATCATCATAAGGATAATACTGCTCAACACGGACTATCGCTGCATCCTCATGATTCTTCTCTTTCCGGTAATTGACCAGTTCATAATATACCTTGCCGGATGTAAGTATTACCCTGCTCGCTT
CP054182.1_gap70	3055519	3059671	4152	ATGGGAACTCCGCGGTTCTAAAAAATCAGACGGTAGTGAAGCGTATTTCCTTCACGTTCTTTCAGGTCAGTTTTTATTTTTTTTGATGGGGGCAGTTTCATATAATAGCGCGCCAGTTCGGTTATCTTCTCAATAACTTCTTCTTCTGTATGAGCCCATGACTCACACCCCGGCAGTGTTGGTATCTCAGCATTAAAACCATCCCCTTCATTGGTGATTATTAAAGGAAGAACCACGTAATCAGTAACCTTTGGATTCTTCTCCGGCACCGGAGACAATTTTCACGCTTGCACTTGCACCAATCCGGTCTGCGCCGCTTGCGATCATCGCATCTGCATCTTCTCTGGTTCTTATACCGCCTGATGCTTTAACACCGACTGCCGAACCAACCACTCTTCTCATCAGAGCGATATCACCCACGGTTGCCCCGCCTTTGGAAAATCCCGTTGAAGTTTTTACAAAGTCAGCACCCGCATCTTTGCATATTACACAAGCCTTTACTTTTTCTTCATCAGTAAGGAGTGAAGTCTCAAGAATTACTTTTGTAAGCACCCGTTTTGGTTTTGCAGCAAGCACAACCTGCTGCACATCATTAAACACATAGGAATACTCCCCCTGTTTCAGCCGGCCGACATTAATGACCATATCAATTTCCGTTGCGCCGTTTTTAATCGCCTGCTCAGCTTCAAAACGCTTTACTTCTGTGGTTGTTGCCCCTAACGGGAAACCGATGACCGTGCAAACCTTTACTCGGGTTCCTCTGAGCATATCAGAGCAGAGAGATACAAAACCGGGATTAACGCATACCGAAGCGAATGAAAACTTTTTTGCCTCTTCGCAGAGTTTAATTACTTCTTCAGGAGTTGCATCGGGTTTCAGAAGCGTATGGTCAATATATCCGGCTATCCCCCGGTCAGGCAGCGTTTCACCAACACCAATGCCAGCGGCAATACGCTCCGCACCGGCATCAACAATCTGACGGACAGTTTTTTCACGCGTTAGGACGTCAACTTCCCACCCTTTGCAGGAGCCGTCCGCGCAATAAAAATCACGCAGCGTCTTTTCAAGAAAAACCTGATTTATTACTCTTGATATATCTGATTCATTCATGATACTATCTCTTTCGAAAATGCTTTCCAGGTATTGCTTAGTAACATTGCTATCGTCATAGGACCAACTCCGCCGGGGACGGGGGTGATATACGAGGCCTTAGCTGAAACCTCATCATACTTTACATCACCGGTAACTTTATATCCTTTCGGCAGCGATGCATCCTCAACTCTGTTTATACCGACATCAATAACGCATGCGCCTTCTTTTACCATATCTCCTGTTATAAAATCCGCCTTCCCGATTGCCGCAATAAGGATATCGGCACTGCGGGTATAATCCGCTATATTTTTAACGGCAGAGTGAACAACCGTAACAGCACAGTTGGCTCCTTCTTTTTTCTGCATCAGGATGTTAGCAATCGGCTTGCCTACGATATTGCTTCTGCCAACCACTACCGCATGCTTGCCGGAGGTTGGTATCTTATATCTGAGCAGCAGTTCATGAATTCCCGCCGGTGTGCAGGGAACCAGTGTATCCTCACCATTTACCAGTTTGCCTGTATTTACGGGATGAAATCCGTCCACATCCTTATCCGGCGAAATGGCGCTGATAACATCCTGCTCATTCAGCCCCTTGGGCAATGGGAGCTGAACCAGAATGCCGTGTATGGTTTCATCATGATTATATTTTTCTATAAGAGCAAGCAATTCAGACTGTGAAAGGGATGCATCCCTTTTCTCAACCACGGATTTCATCCCGATCTCAAGGCATGCTTTTGCTTTGCTGTTAACGTAAATTTCGCTCGCCGCATCACTCCCCACAAGGATCACTGCAATACCGGGTACTTTTCCGCTCTGCTGTTTTTCCGCAGCGATTTTTCCGGCAAGTTCTTTACGAATCTGTTTTGCTGTTTCTTTTCCGTCTAATATTATCATTCTGGTATAGTCTTATGTATTCACTCTCAGAGCCGTGATTTTTCAAACTCCGGCAGAAGAATTCTCTCAATGAAAACCGACTTTCCGGTATCGGTATCCACTTTGCTGTATATACCGCAAAGATGCACATCATTCTGCGCTGTTTCATATTTCTGCGGTGTCTGATAAAGAAACCTGTTCACCGCCGCGACCGTTTTCATTCCGATTACCGATTCATAAGGGCCGGTCATGCCCACATCAGTTATAAACGCTGTCCCGTTTGGCAGGATTCTCTCGTCCCCGGTCTGCACATGGGTATGTGTTCCTACCACTACGGAAACCTTGCCGTCAAGAAAATGAGCGAGTGCTGTTTTTTCCGCTGTTGCCTCTGCATGGAAATCAACAAAGATGATATTGGTTTCCTGCTTCACTTTTGAGATAACCCATTCAGCTGCTCTGAACGGACAGTCGATAGCTGCCATAAAAGTTCTTCCCTGCAGATTCATAACGGCAACTTTTTTGCCGCTTTTAGTTTCAACTATACAGTGTCCCGTGCCGTGTGTGCCGCGGGGATAATTCTGCGGGCGGAGTACATTTGCTTTTGATTTAAGGTAATCCTGTGACTGAGGCCGGTCCCATGTATGATTTCCGCCGGTAATAACATGTGCCCCAAGTCCGAAAATTACTTCTCCTTCTTTATCCGTGCACCCTTTGCCGTCCGCGGCGTTTTCACCGTTAACAATTACCAGATCGGGTTTGTATTTATTGAGCAGAGGGGGCATCCAGGTTCTCAGCATATCGAGACCCGGTTTTCCGATGATATCCCCTATAAACAGGATTCCTAATGTGTTCATATCTTAAAAAATGTTAAAAATTAATATATTTATTTTAGGGGTAACTAAAAAGAATGAGGATTATCCATTTTTTCATATTTTCCGCCCCATGTTCAATTTGCATATAAAAGACGTGACTTTCTCGGTTGTGGACGTTGAGACCACCGGTTTACGCCCAACTTATGAAAGAATTATTGAAATAGGTATAGTACGTTACCGGAACGGGGAGATTATTGATTCATTTCAGTCATTTGTCAATCCCGGGCGTTCAATTTCCACCTTTATAACCAACTATACCGGCATCTCTGATGATATGGTCGAAGATGCTCCCTACTTTGAAGAGATACTGCCAAAACTTCAGGACTATTTTGATGGAACCGTTCTGGCAGGACATAATCTTCAGTTTGATATGGGTTTTATCCGGGCGGAGTTCCAAAGGGCCGGCAATCCCGGCTTCAGGCCCATTAAGGTCTGCACCCTTAAACTTGCCAGACGCATGTACCCATTCCTCAAAAGCAAAAGTCTGAGCAATGTGGCAGCGCACCTGAAAGTCCGATCAGCCGGCGCGCATAGGGCGATTTACGATGCGGAGACCACTGCCCGGGTGCTTGACCGGATGCTTAAAGCGAAAATTTCAGAAAACCCGGATTTCCGGCTGAATGATCTGATCGCGTTTGAGACAAGCGCAAAACCGACCCCGGCCCGCCTGCAGGTAAACCAGAATCTTGTGGAAACTATCAGCAGTGTTCCCGATGCTCCCGGAGTTTATTACTTTCTTGACCGCACAAATAAGCCGGTCTATATCGGTAAGGCAAAATCTCTGCGTGACAGGCTGAAATCCTATTTCTCCGGTACCGCTCCTTCGAAAAGTAAAAAACTCTTAAGAACAGCTAAAAAACTTAAAATAGAGCCGTGCAATACCGAGCTCACAGCATTTCTGACAGAAGCGGAAATGATAAAAGCACTTAAGCCGAAACATAACGTAATGCTTAGAGAATACGGCAATAAGTATTATCTTCGCATGAGAAGGGATATCCCCTTCCCCCGGCCGGAAATAGCAAGTTCCTTTGACTTTGACGGTAATGATTATTTCGGGCTGTTCGTCTCCCGTAAGAAGGCACAGCAGGTTCTCGAAATTATTGATAAAGCTTTTCAGCTGAGAGAGTGCAAAGAAAGTGAGCTAAAAAAAGGAAGAAGGTGTTATCTTGCGGAAATAGAACGGTGCACCGCCCCCTGTGAAAATAAGAATCAGGATCTCTACTCTGAAGAGATCCGGGCTGTTTATGATTTTCTTGAGGGTAAAAACAATGACCGTCTGTCACTTCTGATCAGCAAAATGAAGCGCCTTTCAG
CP054182.1_gap71	3072092	3076265	4173	GCCGGGTGTCCCCCGTCTCCGTGAGGAAATCCGGGAAAAAACCCTGCGTATGTATGGCAGTCACTACAATGCAGATACGGAAATTACCGTCACGGCGGGAGCAACTCAGGCATTATATACAGCTATAACAGCTATCACCTCTCCGGGTGATGAGTGCATCGTATTTGAACCCGCGTATGACAGCTATATGCCTGCGATACAGCTTTCAGGGGGCAATATTAAACCGCTTAAACTGAAAAGCGGTGATTTTTCCCTGCCATGGGATGAAATCAGAAACACCGTCACGGAGAAAACCAGATTTCTGCTGCTGAACACTCCTCAGAATCCGGGGGGAAGCGTTATTACAGCGGACGACAGAAAACAGTTTGAAGAACTCGCGGTAAAATATCCCGGTCTCATATTTATCTGCGATGATGTTTATGAAAATATTCTGTTTGACGGCAGAGTACATTATTCTTTTACCCAATCTAACGTGCTTAAGCCAAGATCAATTGTTATTTCTTCATTCGGTAAATCCTATCACACTACCGGATGGAAGATGGGATACATATTGGCACCTGAATATTATACAAAGTTGATCAGGAAGATTCATCAGTTCCTTGTCTTTTCTGTAAATACTCCCATGCAGCATGCATTTGCAGACTTCCTGAAAGATGATGATCACACCCGCGAACTTTCACCATTTTATCAGAGAAAAAGAGATTTATTCAACTCACTGGTCAGCGGGTCGAAATTCAAACTGCGTCCGGCAGAAGGCACCTATTTCCAGTTATTAGATTACTCTGCCATATCCGGTGAAAATGACAGAAAATTTGCTGAACGGCTGACGAAGGAATACGGAGTGGCAGTTATTCCCCTCTCTCCATTTTACGGAGATGATCACCAGACAGGAATGATCAGGGTATGTTTTGCCAAAAGAGATGAAGTTTTAACCGCAGCAGCGGAAAAATTATGTAAGATCTGATTCTCGTTAACTTAAGACTTGTATAGACACGCCGCGGCGTGTCTCTACGAATGTATTGTTCTGAATCCGGAGGATTCACAGATTGGTAGAAACATATGTACCAACAAATCCAAAAATGAACCGCGCTAGCGGTGACCGACTAATAGAAAACAAATTTACCAACCCCACCCTTGAATCGCGTTAGCGGTGACCCATTAATAATATCTCTCAAAATAAAATCAATAAACCCGCAGCGCGGGTGACCCATTTCTCAATCCATTATTTGGATTTTACCTAACATTTACATTTGATGAGACACGCCGCGGCGTGTCTTTACGAACGCATTGGTAATGAATCCGACGGATTCACAGATTGGTAAAAAATATGTACCAACAAATCCAAAAATGAACCGCGCTAGCGGTGACCTATTAATAGAAAACAAATTTACCAATCCCACCCTTGAACCGCGTTAGCGGTGACCCATTAATAATATCTCTCAAAATAAAATCAATAAACTCGCAGTGCGGGTGACCCATTTTTCACTATATATTTGAGTATTACCTAATTTATAAATTTGTACAGACACGCCGCGGCGTGTCTCTACGAATGATTATCCTACTCCCCCATCACCTTCAGTAATACCCGCTTCTTTCTCATTCCGTCAAACTCAGCGTAATATATCTGCTGCCACGGACCAAGATCAAGCCGCCCGTCGGTAACAGGCACTATCACTTCATGATGAACCAGCAGACTCTTCAGATGCGCATCACCGTTATCCTCACCGGTGTGATGATGCCGGTAATCAGCCCTGAAAGGTGCCAGTTTTTCCGGCCATTCATCTATATCCTGAATCAGGCCATGTTCGGCATCATTCACATATACACCAGCTGTTATATGCATCGCTGAAACCAGAATCATCCCCTCCCGGATTCCGCTTTTCTTAAGTATGCTTTCCACCTCACTGGTGATGTTTATATATTCACGCCGTTTCTTAGTGTAAAACCAGAGATACTCCGTTAAGAACTTCATTTGTTCTCCCTGTGAAGATTTCCGGACATATACAGCAGAAATGCTTTTACGAACCGGTCAATTTCTCCATCCATCACTGCCTGTGTGTCAGATGTTTCTTCATCAGTGCGATGGTCTTTAACCAGGTTATACGGATGAAAAACATACGAGCGGATCTGTGAACCCCACTCGATTTTCATCTTACCTTTTTCCACTTCATCACGCTCCGCTTCAAGCTTTTCCATTTCAATTGCATAGAGCTTGGATTTGAGCATTTTCATGGCAGTTTCCTTGTTCTGCCCCTGTGAACGCTGGCTCTGGCAGGCAGCCACTACTCCGGTAGGAATATGAGTAATACGCACCGCGGTCTCAACTTTATTTACGTTCTGACCTCCTTTACCCCCTGAGCGATAGGTATCAATACGCAAATCAGCCGGATTGATTTCGATTTCAATCTCATCATCAATCTCCGGTATTGCAAAGACGGATGCAAATGATGTATGCCTCCGCTTGTTTGAATCAAACGGGGAGATTCTCACAAGGCGGTGCACGCCATTCTCTGCCTTCAGATAGCCATAAGCAAATTCGCCGCTGACAGAAAGAGTTGCATTCTTGATTCCTGCTCCGTCACCATCAAGGATTTCCTGAATTTCCACCTTAAATCCTTTTTTCTCACAGTAGCGCAAATACATTCTAAGAAGCATTTCAGACCAGTCCTGTGCTTCTGTGCCCCCCGCACCTGAGTTGATGGTCAGAATACAATTCTTAGTGTCATTTTTACCGCTGAGCATATTCCTGAACTCTAGAGACTCAACTCCCTCTTTCAGATTCGCAAGTTCACTTCGTATATCCTCTTTAAATGATTCATCTTTTTCTTCCTCAGCAAGATTTATAATCTCACTGATATTATTAGAAGAATCATAGATAGCACGCCAGGAGTCAACCCACTCCTGCATCTGCTTTATAGACTGAAGTATTCCCTGTGCTTTTTTCTGATCATTCCAGAAAGAGTCCTCACCTGATTTTGCCTGTAGTTCCTGTATCCTGTTTTCCTTGACATCCAAGTCAAAGAAAACCTCGTAGATTGGTGATACGGATATTCAGTTCTTTCAACTGACGCAATTCATCTTCGTACATATGGTACTCCTTTATTCTTTATTTTTTAAAAAATTCTTTGTACTGTTCACCGGTTATTTCAACCTCAAGCCGGAGCAGTGCTGCTGCAAGAGTTTTCCCCTGCGCATCAAGTTTCAGCGAAACGGTTCCGCCGCCGCCTAAAGTGTTGTTAAGCAGAAAGTTCAGAGCATAGATATTCGGCAGTTCATACCGTTTCACATCACCAAAGCATACTCCAGCAAAATAATCTTTCACAAACTTTTCAGTAAGCAGTCCGGATATATAATCATAACCAGCCTGATTATAGGCAATGATACCAACATTTGCCGCATCACCTTTATCACCGCTTCGGCCGTGGCAGAATTCAATTAGCTTAGTTTTCATGGCTTAACCTCCATTACAGTTACCTGAGGCGTAACCTGATCTTTTTCTATAAGTGCAGGCCAGTAAGCAACCACATCCTGCGGTTTAGGGCGTCCCCCTGCAAATCCGGTTACAGCAGGCGGACCGGTTAAAATTAACGGGGCAATTTCCATTCCGAAACGCTCTATTGCCTTTTTGTCTTTACCTCTCACGCCGATGCGCATGGTTATTTCATTAATTGAATCTTCATCAAGTTCTTTTGCAATTGGACCGTGACATGCATTATATCCGGCAAATTCCGTTCTCATTTCATCAAATTTCAGTCCCAGATTTTTTAATCTTCTTCTCAGGATTTCATCCGCTTTTTTGGCTTTGGTTAATGCCAGCGGCCATGAGTAGGTTAATTGACCGAATGCCGAGTATCCGTCAGCATACGCACAGGAGACTTTATAAAAAGGTGTGGCTGCTGAACCGGTTATTGAATGTACCTTTACGCGGTCTTTTCCTTCCTGCTCAAGTTTTATTGAGGTGAAATCTGCAACGCAGTCAGGGGTTATATACTGTTTCGGGTCGCCTATTTCATAAAGAAGCTGCTCTGATACCGTCGCAACACTGACTTTGCCTCCCAGACTTTCATGCTTGGTTATATAAAACGTACCATCCGGATATGCTTCGCAAATCGGGAATCCCGGCTTTTCAAAATTCTCAACAGACTGCCAGTCACCAAGGAAATTTCCACCTGT
CP054182.1_gap72	3078417	3080256	1839	CTGAGTGATCCGGTTAATTCTGCCCTCTCTTTCTCAAACATTATTTATTATATCCGTTAAACAGGCTTAAAATGTTAAAAATTGAAGCAATTTTTCTTAAATTTAGAACTCAAAATAAGCACTTTTGACCATTCTGTTCACTAAATTCAAGGTAGTTTTCTGAAACCCTATGATATTTGATTCTCCTTATTTCGGTCCGGTGCTTATAGCCCTGATGCGTGTCTGTGACGTGAGTATTGGAACTGTCAGAACCATTCTTGTTGTTCAAGGTCGCAGATACTATGCTACATTTGCCGGTTTCTTTGAGGTGCTCATTTGGGTCTTTGCCATACGCTTCATTTTTCAGCACCTTGATAATACCGCTAATTTGTTCGGTTACGCAATAGGATTTGCCCTTGGCAATTTTTTCGGAATTACTATTGAACGGTGGATTGGTCTCGGACATGCAAATATCAACGTAATTTCCAAGTTCAATACTGATAAAATTGCAAGCGCACTCAGAATGGCCGGATATGGAGTGACCATAATTCCCGGCGAAGGAGGCAGTGGTGGTGTTTCAATAATTAACTGTATTCTTCCAAGAAAAAAGCTGCAAAACTTTATTAAGCTTGTCGAGTCTATTGATAAGGAAGCTTTTATTCATTTGCAGTCATCAATTCCCTACCGGGGTTTTATGCATGGCTCAAGGAAGTAGCAACAGCATTAGCGCACAGTGTGATCAAATTTAATAGGTTATTTTATAATTTTGTTTTTAAACGATTGAGAGCGGATCTATATGTCAGAATATAAACCTGGAGCTTTGACGAAGGAATTATCACAATGGTACCATTCCCAGGTTAAAGATGTATTTGTTGAACTACAAACCGGTAATAATGGCCTGACTTCAGAAGAAGCAGCTCAGCGCCTTGAGAATTACGGCCCCAATGCTCTGGATGCGGAAAAGAAGGATCCGGCCTGGCTTTTACTGGTTCGTCAGTTCACAAGCCTGCTTATTGTGATTCTGTTTGCGGCGGCAGTCATCGCGGCTTTTATGGGAGACGTAGTTGAAGCCGTAGCCATCATCGTAATTGTAGTTCTGGCTGGTGTGACTGGTTTTATTCAGGAATTTCAGGCAGGCAAGGCGATTGAATCCCTTAAAAAGATGGCGGCACCGCAAGCTCATGTAATAAGGGACGGCGTCGAAAAAGTTGTAAACTCAGAAGATCTGGTTCCTGGTGATGTTGTTGTCCTGAAAACCGGTGATAAAATTCCTGCAGATGCGCGCCTCATAGAAGCACAAAACCTGAGAGTCGAGGAAGCTTCTCTCACGGGAGAATCTCTGGCAGTTGAAAAACATACACATGAAATTTTAGAGCTTGATGTACCCCTCGGAGACCGTAAAAATATGGTTTATATGGGGACATCCATTTCCTACGGCCGCGGCAAGGCAATCGTAACTGATACCGGAATGAAAACTGAGTTTGGTAAGATTGCTTCCCTTCTGCAGAATACTGAAAACCGTAAAACCCCGCTCCAGCAGAATCTTGATGAACTCGGAAAGAAAATCGGTATTTTTTCAATTATCCTGGCGGGTGCAATGTCCGTTCTTGGAGTATTCCAGGGACATACGATTGTTGAAATGTTCGTCTGGGGTGTTGCTGTTGCAGTAGCTGTTATTCCAGAAGCATTGCCGGCAGTTGTGACCATTTCTCTGGCCCTTGGTGTCAGAAGAATGGTTAAAAGAAGAGCACTTATCCGCAAACTTCCCGCTGTTGAAACCCTTGGGGCAATTAATATCATCTGCTCAGATAAAACCGGTACGCTTACTCAGGATGAAATGACCATCCGTAAAATTTACAG
CP054182.1_gap73	3093861	3094620	759	CTTTAACTTTACCGGTGACGGTTATTGAGGATTCCTGACCGATTTTGTCTGTCAGTTCAAAAACTTCGGGGGTAACATTCCCCTTGAAATATACGCATTGAAGGTATCCGCTTCCGTCGCGTAAAATGAGAAAGCGTAGTTTACCTGATGACCTTTTATTGTATAGCCAACCGGAAACCTGGATTTCCTGACCGACATAGTTTTTAAGGTCTTTTATAGATATTTTTTTAGACATTAACTGAAATAAAAAAATTAAGCAGTCTGCAAATATATAAAATGTTTCCCTTTGCCCAACCCGGAATCAGGGATTTGGCTTAATTTGAGGGATATTTGAATTGGAGAAGATGCTCGTGTCCCCCTCCCAATGCCAGTGCCAGGGCTCGAAAGCAACACCAAGAGCGTTACCTCTTGGATAGGAAAGATAAAAATTGAACCTGGAAGCATTCTGCTGCAGCCAAGCATATTCTTCCAGTTTTTCGAAATCCTCTGCTCTCTGGGTACCGGAAAACCCGTTTATTCCATCTTCTGAAATAAAATCAATCGCGGTGAAAAGCGGGCTTCCATGTTCACTGAAGCCGGGCATGGCGATCCACCGGGCGTTTTCCTTGAGAGAAAAATTGCTGGTATTGACCAAATAATAAAAAAAGAGGTAAGACTGACGTCCCGGCGAGCGATAGCCGGAATCAATATAAAGCCGTCTGCCAAGATCTGCCTTCATGCTGTCCATCATCTCCTTATAGTCTCTGAAGGCATGCCTGG
CP054182.1_gap74	3107387	3111641	4254	TCTATCTGTGACTGAATTGATTCAAGAGCGTCCACAATCTTCACTACTCTTTCCTGAGCAGACTTTCTGTTCCTGACCGAAAGATCAACACCGAGATGATAATCAGCAAATGCTTCTCTGAACAGACGGTATTTTTCATTCAGCATATTTTCAACAAGGTCTTTTCTGTTGTATGATCCTGTTGCAGATTCCCAGCCCTTCGAATAACGTGAGGATGCGGCCAAATTAACGATGTCAGCAGCTCTCTTAAAATTTTCAGTCCCGGCCAGTTTCTCCCATGAATCTTCATCAAGTCCGATTATGACATACGCATAATAATCCAGCAGGCTGGTAACTGAATTGAACATCATAGGGTTAAAATAAAACTGCTGGTTTCTTTCATACATCAGATTCCAGTTTGAATCAAATACGCGAAGCATTGGGGAAAATTTATCAGATTTGTATATCTGCCTTTGGCTAACAACAACTAACTGCGCCTGATAATTTAGCTCATCTGTTGCTGAGATAAAAGAAATCTGAAACGAGCAGCGGATTTTCGCGTAGGGCCACTCACTTCCCGTAAACCTGGTATTATTTATGTAGTTTTCAAGATCGGCTGCAAAATTGACAAGAATCTCTTTATTCACGACAGGCAGATTCTGAAAATTTGCCGTCACCGTGGCAAGAAGTTCCTGGCCTGAGGCGGGACGGAACATCAGGATTATAAAGAAAACCAGATATTTTCTCATTTTGCTTTCCGTGATTTGTTTTTGCAATTTTGAACACAGCAATTTAGGAAAAAAATAACTGCTTTGAAATCCATGAATAATTTCGGGAGTTTCGGAATTCATTACCTGTCCTGGGCAGCCGCTTTACTGCTTTCAGCCCTGCAGTTTTCATACGGACAGTTCTATAACGGGGTCAGACAGACCGCGCTTAGTTTCTCCTCTGTCTCCTATTACCAGGATGTTTTCTCTGCTGTTCAGAATCCGGCGCTCTTCTCCCCTGGTGAACAGGTTGAGATAAAGTCCTTTTATTCCCCTTCACCTTTCGGACTAAACGAACTGGCACTTCTGGGTGCGGGAGCTTCATTTTCTTTGAGCGGAACAAGAGTAACAACATCAATAGCTTCTTACGGATACAGTCTCTACCGGGAAAATACGCTCATGATATCCGCGGCGGCCAATATGTTTGGATTCAACGCCGGATTATCCCTTCAGGCAGCGCATGTGAATATTAAAGGTTACGGCACATCTCTGGTTCCGGTCTTTTCGGCAGGAATCCGTTATCCGCTCTTTCCGTTTCTTTCAGTTGGTTCATCCTTCAGTAATCTTGCAAATGCAAGCTGGAGCAATACTAACGATCAGATAGGCCAGACCTCACTCTTTGGTATCAGATACGAAGAAGAGGATTTTCTCGCTCTTTCTTTTACCCTGAAAAATGAATCAGGGTATAAGGCCGAACAGCTCGCAGGTCTTGAAGTGAAACCTTCAGAATATCTGCTTTTAATGGCAGGAATGCAGTTTACCACGCGCCAGTATTCCACAGGCATTTCATTTATTTATATGGGAATCGTTGCAGACTACGCCACAGTTATTCACCCGATACTCGGACTTTCTCATCAGTTTGCATTGGGATATACCATTCGATGAGAGTGCCGGGGGTTATAGCATTCTTTCTGATTTTCAGCTTTGGGCTGCTCGCCCAGACTGACTCACTGGAAGGTGTTTCAGAACCGTTTAATTTTGTGAGCGAAGAGGAGTCAGGTTCTTTTTTTGAATATATAACCGATTTATTCACTACAGGAATTCATCTCAACCGCGCCAGTAAAGCGGATTTCCTGGAACTTGATGGCTTTGACGAAGAGACCGCTGAAAAAATCATTCATTACCGGCGTGAAAACGGTAAGTTTTATTCCACGGGAGAACTATATATTATTCCCGGAATTAATCAGGATATCATAAGAAAATACTTCTCTTTTTTCAGAGTTGACGAAGCATGGGCATCCGGCAGAATCATAAACGGTAATCTACTGTACAGGCAGGAAAAACAATTTAACAATGATCTGCCAGCATCATATCCCGGGAGCGAATTCAGGCAGATGTTAAAAGCAGATATCCGTTTTCCAAATGATATTCAGGCGAGATTTATAACCGAAAAAGATCCTGGTGAACTCAGTTTTGCCGATCATTACACCGGATTCATAAACTGGAAAAGCGCAACTATGATCCGGTCGCTTACCACCGGTTCCTTTATTCTCCGCTCACCCGCCGGATTGCTTTCCGGAGCAGCTTACTATATACCATTCGGCAGCCGTATATCCCGGTTCAGTCCGGATATTCAGGTAAGAGGTTTTAGCAGCAGTGAGGAAAACCGTTTCTTGCTTGGCGGTGCGGCTGAACTTGAACTTTCCGGTGTTACGCTCACTCCTTTTTACTCAAGTAACAGCTATGATGGCAGTTTCAGCAGTTATAATGAGTATTATTCCCTCATTGATGGCGGCTATCACAGGAGTATTACTGAACGCAGGTTAAGGGACGGGCTGAAGATTACGAGTTCTGGGATATCTGCTAATGTTACACATTCCTCAGGGGCCGGAGGAAGTTTTACATTTTATCATCAGGATATAAAAAGTGCGTTAAACCGGGGTGTGAATAATTTCGCGTCCGCTTCCCTGTCAGCAAGTTTTTACGAATTTTCCGCAATGAGTGAGTTGGTTTACAGCAGCAGCGGATTAAATGTTGTTATCCATGCAGGCAGAAAATCAACGGGAAAAACCCCTGCAGGAGTATATTTTAGACGGCTTAGGGAAAACAGTCTTCCTGTATACGCAAATCCATACCGTGAAAGCAGTTATCTTTATTCCGAGACCGGAGGCGGCTTATACTTTCGAATAAATCCATTTTCACTTCCGTTAGATATCGTCACAGATGTTTTTAGTTACCATAGGAAAACAGAACCGGTCACTTTGACAGGATTCAGATGCATGATAAAGAGTGAAAAACGATTGAATTCCTCAACAGTCATTAAGGCCGTTTATTCGGTCCGGTCAAAAGATAAAATAATCTCCGAACTCCTTTCACAAAAAAACAGCATGGGAGCCCGGCATTCGGTATCAATTATTGTGCAGAATTATTTTTCCGCGGAAGCCTCCGTCCGGAACCGGCTGATATATAATGTCTATGATAATACAGTAACAGTAAGCGAAGACGGATTTGCTTATATAACCGAATTCCGGTACCAAAAGGAGAAGTATGGTATTATCCTGGGCTACTCCGGATTTAGCGGAGAGATGATTGAGACTGCATCCTATTTCAGCGAACGGACTTTCCTCGATTACGGTCTCTTTAAATCACTCATCGGTACAGGAAACTACCTTTACACTTCCCTGTTTGCAAATCTTCCGTTTGGTTTCAGACTCTCTTTGAGAGCCGGACTGGAAAACAAAACCAGTTATGACGGCTTAGCTGTAAACAGTAGTAACGGCAGTGTTATCCTCCAGTACACGTGGTAAAAGGTTTATCCGTTTCGAGTGATAAGCCGTACCGAGTGCCTGAAACTGAGATAGTACCACACCCATTCAGCCATTACCTTAAAGCGGTTTCTGAACCCGATCAGATAAAGGACGTGAATAAATGACCAGAGCAGCCAGGCAATCACCCCAGAGAATTTAAGATTTCCGACTACGGCAATCGCTTTTGCCCTGCCAATCGTTGCCATACTTCCTTTGTTTCGATAAACAAAAGGTTTTCGATTCTGTTTTTTGTTATTGTCAATCAGTGAAACAACATGTCTCGCCTGCTGGATTGCAACCGTTGCAATTCCCGGAAGCACTCCTTCCTTCTCATCCTTAAAAAAAGCTGAGTCTCCGATTACGAAAATATCCGGTGAACCTGGAATAGAAAGATCCGGTTCGACGAATACTCTGCCAGCCCTGTCAAGAGGTACATCCAAAGATTGCAATAAGGGGGATGCCTGATTTCCCGCTGCCCAAATGATGGTTCCTGCATGTATTTTTTCATTATCCAGCATGACTGCCCCGTCATTCAAAGAAGTGACCTTTCTGCCGGATAAAACGGTTACCCCCATTTCGCTGAGGTCTTCCTTTGCTCTGAATGAAAGGTCATCGGGATAGGAACTCAGAATTCCCGGTGCTGCTTCAATAAGGAATATTCTGGTATCTGAAGTATTTATTCTTCTGAAATCATCCTTGAGGTCTTTTCTTGCCATCTCCGCAATAGCGCCTGCCATCTCCACCCCTGTAGGCCCGCCTCC
CP054182.1_gap75	3113008	3114627	1619	TCCAGAAGAACCGTCAGGAAATCGCAATCGGGTATGATCTTGCCCGTCAGATAAAATTCACTGCACATTAACCGGTATATATGAAATCAGAGGGCATTACGGCAGCACCGTCACCAGGGAGTGTTATATCCCCGTCATCACCGGCGGGAGGTTCAGGTAAAAAATCAGTTGTTTTAGTAGGCAACCCAAATGTAGGGAAATCCCTTTTCTTTAACCACCTGAGCGGAATGTATGTTGACGTTTCGAACTTCCCGGGTACCACAGTTTCAATTTCAAAAGGTCATTACAAAAATTACGAAATTCTTGATACCCCTGGTGTTTACGGAGTTTCATCGTTCAATGATGAAGAAAAAGTAGCACGAGATGTAATTGTTGATTCTGATATTGTATTAAACGTCGTAAACTCGCTGCACCTGGAACGTGATATCTTCCTTACCATGCAGCTGATTGATATGGGGAAGAAAATTTCAGTGCTTCTTAATTTCTCTGATGAAGTCAGAAAACAAAAAATCAAAATTGATGCCTCAAAACTTTCCAATCTTCTTGGCGTTCCTGTATTCGAGACATCTGCCGTTGATAAGAAGGGCTTTGAATTTCTGGATGAAGCAATACAAAATGCACGCCAGGGACACACAACAAAAGAAATTGATAAACTCCTTTCCAGAGAACCATATACCTCGCTCCCCCGTGCTGATGCACTCCTGATACTTGAAGGAGATGAGCATTACGCAAAAAAACATGGTGCTGAAAACGGAACCGCGGACGACCGTGAGATGATTTATGTGGAGAGGAGGAACCGTGTAAATCAGATCTGCGCGGACGTTGAGTTTGAAGACAGTTCAAGAGGCAAGTTTTTTAATCTGCTTGGCCGGCTGAGTATTAATCCTCTTACCGGAATTCCTGTTCTGCTTGTGATGCTTTACCTTATGTACCTCTTTATCGGTGATGTGGTTTCGCAGCGCGTTGTCGGTTTCACTGAAGATTATATCGGTAAAACGATATTTGAGTACAATCTTAAGAAATATGTGGCGGAATTTACCCCCTCAGACATTACCGTACAGATTCTGAATGAGGATGAGGAAGTTCTTAACGAGAAGGAATTTTCTTTCTCGACTGATTTGAATGAAGATGCTCAGAAGAAAAATGAATTTCTGGAATTTTCTCAGCAGCCCGGAGCAGTCTCGGAATTTAATTTCCCCAATGCAATTCCTCGTTTATTCTTCGGAGAGTTTGGTGTGGTTTCGATGACGGTGACCTATCTCCTCTTCCTGCTGCTGCCTCTGGTAATTGGTTTCTACCTGGCAATGGCAGTGCTTGAAGACAGCGGTTATCTCCCCCGGCTTGCAACCATGATGGACCGGTCTCTCACCCGCATAGGTCTTAACGGCAGAGCTGTAATTCCTATTCTTCTTGGCTTTGGATGCGTGACGATGGCCACGATAACCACAAGAATTCTTGGTACGGACAGGGAAAAGACCATTGCGACCGCAATTCTGCAGTTTGTAATACCCTGCAGCGCACAGCTTGCCGTTATCGCCGTTCTTATTAGCGGTGCCGGATTAAGCTCTTTGCTGATCTATGTATTTGTAATTTTCACTGTTTTAATCCTGATATCAACT
CP054182.1_gap76	3236023	3240760	4737	CTGATACTGTTTATTATTACCGCGGAACCGTAAATGATATGAGTTCAACAAAAAATCCGGCTGATTTCCGGATTCTGCGCAGAATTAATTCTACAACACCATTAACCATCGGATTTGCAACACGTTTTGTTTTCTCTTATCAGGCAGAGAACACATCAAATATTAATTTAAATACGCTTAACAGTCAGGCAAACAGGAACACGATTCGTTTTATAACAGTCTATGTACGGACCGAATCACCGGACTCAGTTAATTTCGGATACTCCCCCGTTGAGTGGAGAAAACAAATCCGTCCAAAGAATTTATAAGAGAGATAGTTTATGGGTTATTCAACAATTATTTACATAACCGGTTCAATAATGCTGTTTGGCATTATGTCCCTGAACATTAATTCCGTTATTGGCGATCAGCTTACTCAGTCCGTAAGCTACTATGAAGATGTTCAGGTAAGAAATATGTGTAACTCGGTCACGGAAATGCTCGCCTCTTCCATTTCCTCCAACACCGGATACCGGGCAAAAACCTATTCAAAACTATCCATATTCGATGGTTCTGTGTATTACAGGGTTGTGGATACCGTGATTGCCGCCGACTCTCTGGTTAAAATTGAAGTTATTGGTTATTTTGGCGAGACACCAAGAGTTACTACTGCATATTTTTCCGTGCAGCCCGGTGAGGTTGATCTTCCTGATTTTATGAAAAGCGCTGCAACTTCAAGCGGAAAACTCTCACTCTCAGGAAATTCAAAAATAATTGATGCCGGAGACCCGACGCTCAATACTGATATTTATGTCAAGGATGTTGAATTATCCAATAACTCAGTAATTGAGGGATTCGTGAATTATTCCTCTTCCTTTACCGGAAAGACAAGTTCGGTAAAACCTAATTCGAATCCTTCCGGATTGCCGACAACAAATAAAATCAGTGATATACCTGATGTTCCGGATTTCAAGGCGGAAGATTTTAAATCAAAAGCCACGGTCAAGTATGCTTCAAATCTTACGATTAAAAATAGTTCGATTGCTCTCGGTACAAAAAGCAAGCCGGTTATCGTCTATGTAGAGGGTAATCTTTATATACAGGCAAACGCCAAAATTAACGGCTATGGTGTTTTTATTGTTAAAGGCAATGTTGAGATGAGCGGAAACGCAACGTTCGGATCTAATGACCCGGATAAAAGCAGTATCGGTTTTTATGCGGAGGGCAATATCAGCACAAGCGGAAATGCCACCTACTATGGACAGATGTTCGCGAAAGGGAATATGGAAATGAGCGGTAATTCAAGTATCATAGGAAATGTTGCTGCCAGAGGGAATATTAATATGTCAGGAAATAATCAAATTTCATACAGACGTGCGGCAACAAGCCTTACAGAAGAAATCTGGGATGCTTCAAGCGGAGGAGGAGGCGGAGCCGCATCACAGCGTGCAGCACAACGACTCTATTACGAATAAGAATCATTGATCAAAAAAGCCGTCCCTTTCCGGACGGCTTTTTTCATTTTAAAGGCGGTAATACCGTTTTTAATTATTTGGTATATTTGATGAGATAATCCGGATAAATAATGAAATCTGTTTTTATACTACTTTTGCTGCATTCGGTCCTCATGGCGCAGTCATTACCTCTCCCCCCGAGGCCTGCTAACGCCCCAACCGGTAGCCAGATGGTCACAATACTTACTCCTCTGACTTTGGAATTGCGCGAAAACGAAATCTACAACCAGATACTCAGCGGTAATGTGCCGGATTTTATGAGAAATCTTGTGCCGGTAATTACCACAGTCAGCGGTAATTCCGTTACCTATTTTGTGATTCCTGAATATCTTGCTCTGGGCTCCAATGATGATTATTTTCTGATTCCGATGACTCCCCTGCTGGCACAGAAAATAGCAAACGCGATAAACTGCGTTCTGCCAACCAAACGGATGGTTGACCAGATATATACATCATCTGCTTGCAAACTCCGGCCTCAACCGATTCCCCCCAGCGGACAAATGACCACCGTACCCGTTTTCAGCCAGCATAATGATTCGGTTAAATCACTGCGTCTCCCCCTGCTCGGGCAGTACCCGCTCGGCACTCTTGTAGGCGGTACCAAAAAAGACGTAATCATTTCCAACAGGATATATACCAACCTGAATCCGAATACCCCGAAGCCGGTTGTAATTTATGGATGGCATCAGTTAAACGGAAGCCCGATCCAGCCGGTATATAACGGCCACGGTGAAACCTATGCTGACTACAGTCACGGAATACGGCTGGTGCTCGACTCTTTTGTGGTTAACAGCAGTTACAAAAAATATGCTGCTCTGCTCGCAGATCCTGTGTTGTCAGTTGTTATCAGTGATGAAGGCGTTATCAGCAAACCGTATTATACCCTCTCCGGATCAACCACTCCGCAGCCGCAGATATTTGCCGTCAGGGCTTCCTCAGCATCACAGATAACAGTAAAAGCACAGTTTACCCCTGCTTCCATTTATAAGGCCTTCTACGGCACCTCACCCGCAGCTTTTAACGACTCAACAGACACTTTCACTGATTCGATAATGATCACCGGACTCACTGAAGGTCTGATATATTATGTCCGAATCCGTGCAATGGGGCAGGCGGGTTATTCTCCTTTTAGTGAGGTGCTTGCTGCAGTTCCTTCTGCCGAACCTAATCAGATGATTATAGTCAATGGTTTTGACAGAGCGGTAACCGGTAATACCAACGATTTTGTAAAAAGACACGGTCCCGCTTTTCTTCAGGCAGGACTCCGCTTTGATGCCTGCACCAACGAAGCGGTAATAACAGGCCTTCTCTCACTCAAATCATACAAGATAGCTGATTACATCCTCGGCACGGAGAGCACGGCAAATGAAACTTTCAGCAGTGATGAACAATCGAAGGTTATTGAGTTTCTTAAAGGAGGAGGATATCTTTTTGCATCCGGTTCGGAAATTGCCTGGGATCTTGACAACCGGGGCAGCGCATCAGATAAGGATTTCATCCGCCTCTATCTCAAAACACAGTATATAAACGATGCTCCCGGCGGACTCGCTAATACCTATTATACCGCATCGGGTTTCCCGGGTGAAGTATTCAGCGGTGTTAATTCCATCACGTTTGATAACGGAAATTTCGGGACATATAATGTCGGCTATCCCGATGTTATTCAGGCAATTAACGGCAGCACCAATGTCATGCAGTATAGCACCGTCGGAGGGATTGCGGCAATTGCCTATGCAGGGCTTTTTCCGGCAGGGACGGCTCAGGGGAGACTGATTGTCATGGGATTCCCTTTTGAGACGATTTATCCTGAAGCCAAACGGAATGAAGTCGCTCAGAAAATAGCTGCATTTTTTGGAAGTTCGACAGATATTTTCTCCGATGAATCATCAGACCCACCCTCCGGATATGCAATCAGTTCTTATCCGAATCCGTTTAATCCAATAGTTACCATAAATGTAAAAGTTGATGAGGGAGGATATTACGCAGTTACGATATATACCATGCTCGGAGAGGTGGCTGTCCTGCTCTATGATGGATTTCTGCTGGCAGGTAATTATTCCTTTCAATGGACTCCATATAACGGCACAACCAGATCACCTTCAGGAGTTTACATAGCCACATTGAGCGGAAATGGTATACTGAAAACAAAAAAAATGGCTTTAATAAAGTAAATTATCCCTTTCTGAAAAATCTGACCGGACCATTTTCATCCAGCCAGCGAATCCTCAGGATTCAAATTTAATTTTTTTTGCACATTCGATCTCTGACAACCTGTGATTCCTCCGGATTCATATTCATTTTTTGCACATTCGTATACTTCCAACCTGTAAATCCTCCTGTATTAAATTCATTTTCACTATCGTTTCTGCGTTTTTAGCCCGCATTCACCGATTTTAAGGATTCAGTCAGATTTTGGCAAAAGCTAAAAAGCAGGACTTACGTTCATCTTCGGAAATTCATACTTCATACTTCATAATTCATAATTCTTTTCGCTATTTTTGGGTTGTGTCCTTTTCAATTAAAGGAGGTGCCCTGTGAAAGCTGTTATTACCGGTATGAGCGGGACTGTAGCCCCGGCTCTTTCGAATTATCTTGTTTCAAAGAATGCAGTTGTGGTCCGCTGGGATCGTAATATCATTCCGCCGGAAAATCAGAAGGCCTGTTTTGATTTCCTTGCCGGTGTTCAGCCCGATTATCTATTTCATTGCGCAACCGGATCTCCTGCCTGGGCAGAACTCATTTCGCGCCTGTGCCACCGCCTTGGCATTAAAGTTATATATACAAGCTCCGTCTCCATTTATTCCGGTTCGCAGCGGGGCCCGTTTACCATTCATGACCGCCCCAGCCCTGATGATAATTACGGAGTTTATAAATTAGAATGTGAACAAAGGATGCTCTCCTTTAATCCTGATGCAGTAGTAGCACGGCTTGGATGGCAGATAGGTACCGAACCCGGTAAAAACCATATGGTAAGCCATCTTGATTCGGTCTTTGGGAATGAAGGAAAGATTACAGCAAGCACCAGGTGGATGCAGGCATGCTCATTCCTAGAGGATACCGCATCCTGCCTTGCGGATACCCTCACTTCCAAACCCGGCGGTATTTATCACGTTGATTCAAACGACGGTCTTAATTTCTTTCAGATTGTCACAGGGCTAAGAACAATACTTGGCAGAGACTGGGTGATTGAGGAGGGAGATTTTCCCGATTTGAATAATCTTATGCCTGATGAAAGGATTGCCAT
CP054182.1_gap77	3284115	3287966	3851	TTTATTAGAATGCTAAACTTAATCCTAGAGAAAAACTCATATCGGTGTTGTACTCTTCGACCACTTTTTCGCCAAACGGAGTTTTCTGGACGAAATTGTAGTCCTGAGCCAGAATATCTTTAACAACTGCTTTTACAGCAAAATTCTTAAATATCCTTTTGGAAAAGGAAAAGTCAATCTGATCTCTGGATTTCTGAATGATATCACCGATATCAGTTGTGCCCACTTTACTGATTCTGTCACCAACTTTATTAAAGGTCAGTGAAGAATTAATACCGTTCTGATAATCATCATAGTAGAGTCCGGCGTTCAGAATGTAATTTGCCTGTCCCTGAAGCGGACGCTCGCTTGTCTGAAATCCTTCAACACCTGAATTACCAAGAGTAATTTTGGAAGAGATCAGACTCAGATTTCCTACAAGCGAAAAGTTTGATAAATAGTCGGATATAAAACCGAGTGATTTACGCAGTTCCATCTCAAAGCCATAATTTTCTGCTTTATCTGCGTTCTTATATGAGCGGATCGGCTCAAGTGCAGAAGATGCAGTGAGAATCTGCTCTATAGGATCAGTAAATGATTTATAATAGACACTGAGAGCAAGCAGTTCTCCCGGTCCCATAAAGAGCTCATACCGGAAATCAAAGTTGCTGATCATTGTTCTGCGTAGTGACTCATTGCCAATCACCAGCTCATTTGCCAAAAAGTCAAAGTAACTGAAAGGTGCGAGTTCCCTGAATTCCGGACGGGCCAGTGTCTTAGAATAAGCAAAGCGGAAGTTGGTAATATCATTAAACAGATAGGTAATGCTTACAGCAGGAAGTAAATCGGAATTGTTATTATTGATTTCAACCGGCTGATCAGTCTGGGATCTTGACATCAGGCGCTGCTGGGAGTTTTCAAGACGGGCACCAAAAATCAGGCGCACTTTATCAATCACTTCCCAGTCAAACATCATATATGATGCAAACACACTTTGCTCGGATGAATAACTGTCTGACGGCTTTGTTATTTCAACAATCTGAATGAATCTGTTATCAAAATTTTCCGGTTTGAATATCTCTTCAACTGAGCGCTGCAGAATGGTATCCTCACGGAAAAAGTTTCCTCCCGGTATATTCTTAAATCCGAAACTGCGGGCATTAAAAGAGCGGCCCTTATCATCATACCCGGCACCAAACTTAACTGTGGGCATATTTCTTTCAGCAAACGGTTTCATCGTGATGCTAATGTTAGCCCCGGTATTTTCATCTTCCAGATCAGAGAAAAAGCGGGAAGCGAGCGACTGATCAAGCTGAAAGCGGAGCGGTTCTTCAGGATCATCATTATTCTTTGAATAGATATATCTTCTGTTATCCGGCTCATCGCGGAATGACTTCGCAAAGTTTGTATTCCACTCAAGATTAATGCCGTTCAGCAGGTTAAAACGGTGTTCACCGATAAGCTGATGTGAGCGGAGTATTCTGGATACAAACTTCAGGTTATTGGTCTCCCGGTACTGGCTGTATGCATAGTAGTCGCCCTTATAGAGGGTAACTTCATCATCACCGCTCTGATTATAGATATTCTTAAAGCTGATTTTATCGTTGGTTGAAGTCTTGAAGCTTATGTTCGCAAGCGCTCCCCAGACAACTGAATAGTTGTAGGTTGAACCGCTGTATTCGTAGCGCAGGCCTTCGTAAGTATATGCGCTTTTTTCAAGATTCTTCACATCAAATGAACTCGCGTAAGAAAGTGAACCGACAAGACCAAGAGTATTTCCGCCAAACTCATATTTATCACCAATACTCAGTTTATAACTGCCATTGACCATGGATTTTGTGTCTTTCAGATCCCAGTTATTCTTAAAACCAAGCCCAATTACCCTGAGGGCGCTGTCAGCATTCATACCGGAAAAATTTCCGGGTGTCAGTTTGAAGTCCGGGACTAACGATGGCAGACTTCTTGTGCCGTCATCCTGTCCGAGCCAGTCGCTGGCACCGGACTGATATCCTTTAAATACTGCAAGATTATTTGACTGGTTGTAACCGGCTGAATAGGAAAAATCCCAGAAAAAGGACTGAGGAAATTCCAGAGTCTGAATCTGTACCAGTCCTCCTGAAAAGTCAGCAGGTTTATCTGGTGTGAAAGTTTTTGCTGTTACAACATTTTCGATAAGACTTGCGGGAAAAATATCGTACGAGAAACTTTTCTTCTCAGGATCGGTTGAGGGAAGGTTTGCACCATTCAGAAGAGTATTATTATACCGGTCCCCTATTCCCCGTATATAGGCATATTTCCCTTCAGAAATGGTAACGCCCGTCATCGTCTTAAGAATATCTGTTCCATCGCTGCTGTTATTCTTTTTAATGAGTTCAGCGCTGATTCCGTCAACAATATTGATGGAGTTTTTCTGAATTTTAAGCACAGCAGCTTCTGAATTTCTCATAGCTTCAGCGGTAACCACTACTTCCTCAAGCTGTGTTGCTGATGAAACCATGGAGATATTCAGGCGGGTTTCCTTTCCTGCTTCCACTTGAACGTCCTTGATCACCAGTGTCTGGTAAGAGATGTAAGAAACTTTTAACTCATACACTCCCGGATCAAGATTTTTGACAGCATAAATGCCATCAATATCGGTTGAGGCACCGATGGAGGTTCCGGAAACCAGAATATTAGCCCCGATAAGTTCCTCATTATTCTGCTTATCGGTGATCTTTCCGGTTATTGAACCTTTATTTTGTGCGGTTATATTGCCGGCTATAAAAACCATAATCAGCAATGCCGCAAAAACATGCTTTGACATTTTTTTTCCTTTAATATTTTTTACCTTCGACGCCCCAAACTTACCGCCCCAATGTTACCTTAATGTTAAGGCAGGGTTAACAGAGTGTTAATCTTTGAGGGGTGTGTCCGGCGTACCATTCCTGATGACTGTATCATGAAGGGACAGGTATCTGATAAAAATGCTTTTTGGGGGATATTTTCGAAATTCTGGCCTGGAAATCAGACAGAGATTACCGGCTTCCTCAATTAGTGATTCCTCACATTGTTGCTGAATCCAAATAGTAAGGGGAAGTCAGGATGAAAAAAAAGCCGCCGGTCTGGCAAACCGGCGGCTTTTGGAGAGGATATGGAGTTCGTTTATTTTACGAGCAAGAGCTTTTTTGTCAGAGATTTTCCGCCAGACTCAAGCCGGTAAAAATAGGTCCCGCTAGCAAGGTTTCTTGAAGAAACATCAAATACCACTGAATAACTTCCCTCTTCCTGATAACTATCAACAAGAGTGGTTACCAGCGCACCGGATAAATCATATATTCTGAGGGATACAAATCCTGCTTTCGGCAGGAAGTAATTAATTGTTGTGGATGGATTAAAAGGATTCGGATAGTTTTGCTCCAGATTGAAACCGGTGATTCTGTCTGCCTCCCCGAAATCATCTTTCACAGAAGTAATTCGTCCCACACCGCCCGGAGTAATCATCTGATGGGCAATAATATATGCCATAAGCACTTCGAACTCGGTAGAATCTTCAAACATATAGGGATTAATAAGCGTTACTCCCACCATGTTCTGAAGCGCATAGGCAAGGAATTCATTGAGTGTTGCAGTATATACAGCTGCGGGATCAAGCGGCTGGCCGCCAATAGTTACCCCCGTTACCCTGCCCGGACCCGCTCCGTTTATATCAAATGAGTAATTCATTCCTGAGACCTGCGGCAAAAGTTCATCGTCATACTCAATTGCCTGGAGTCCGAACTCCAGTCCCATAATTAAATCAGCGCCCGATATGCCGCACTTAATAATACGGTATCCGAGAGCCTTAATGGTGTCAAAACCGTATCCGATAGCTCTGAATGCATCCGCGGGAACGA
CP054182.1_gap78	3330528	3335171	4643	CTTCACATCATATTTGTCAACCTTGCTATCCCTCTCTTTAACCAGAGCAGCAAGTTCCAGATTTTCTTCTTCAACCGAACGGAGTGCAAACTCAACCTGCTCATCAACCAGACTGCACATTTTTATAACTCTGGTTTTCAGCTTCTCTATCTGATGTTCAAAATGTCTTTCCATAGTTATCTTTCTTAACCGAATCGTCCGGTTACATAATCCTCAGTTTGTTTATTTGAAGGATTGGTAAAAATTCTTGTTGTTTTATCATATTCTATAAGTTCCCCCATATAAAAGAATGCCGTAAAATCACTCACGCGGGCGGCCTGCTGCATATTGTGAGTAACAATCACAATGGTATAGTTCTGCTTAAGTTCATGAATCAGATCTTCCACCTTTGCTGTGGAAATTGGGTCAAGCGCGCTGGCTGGTTCATCCATCAGAAGAATTTCCGGTTCAACCGCAAGAGCGCGGGCAATGCAAAGGCGCTGCTGCTGTCCGCCTGATAGACTAAGTGCAGGTTCATACAGCCGGTCTTTCACTTCATCCCAGATCGCTGCCTGCCTGCAGGTGCGCTCCACAGTTTCCATAAGAACGTTTTTGTCCTTAACGCCGTTCAGTTTCGGGCCGAATACAATATTTTCAAAAATGGACTTGGGGAACAGGTTGGATTTCTGAAAAACCATCCCCACCTTTTTCCTCAGATTCACCACATCAATGGAGGGTTCGTATATATCTACATCCTCAATATATACCTTACCGTCAATTTTTACATTGTCAATCAGGTCATTCATTCTGTTGAGCGTTCTGAGGAATGTTGATTTTCCGCAGCCCGATGGGCCGATAAACGCAGTCACCCGCTTATCACGGATATTCATGGAGATATCATTCAGAGCACGGTTCTTGCCGTAATAGAGTGATAACTTGTCAACAGCTATTTTAATTTCTCTCATTCTAAATCCTTCCCAGCGCTTTTCTGAAGCGGTAGCGGAAAATTATTGCAGTAAGATTAAGAAGAATCGTCAGCCCGATTAATACAAGGGTTGAACCGTATTGCAAAGGCAGTGTTAATGTTGGATTTGCAGACTGCGTAGAAAGTATGAAAATATGATACGCCAGATACATAAACTGTTCTGTAGGATTCACCATTGGTATGCAGTAGTCCCCGATACACAAATCTACCACCGGAAGATTCGGCAGAAAAAATGCACACCCGAGAAAAAGTATCGGAGCAGTTTCACCCACTCCGCGGCTTATTGCCAGTATTACTCCCGTAAGAATACCAGGACGAGCCTGCGGCAAAACAACTGTACTGATCGTCTGCCATTTAGTCGCTCCCAATCCATATGAGGCATCGCGGTGGCTTTTAGGCACTGAGTTCAGCGCTTCAAGAGTGGAGACAATAATTATCGGAAGTACAAGAACCGCCAGTGTGGCCGCTGCCCATATCATTGCCGGCTGGCCAAAAAGCAGTCCGGTGCCAAGCACTTCATCAAGATTTTTTCCGATGAAGAGGATAAAAAATCCCAGTCCGAACAATCCGAAAACAATCGAGGGAACGCCTGCAAGATTATTAATGGATGTTCTTATAATACGGGTATATATTGAATCTTTCGCGTATTCACTGAGATAGATGGCTGAAAACACTCCTACCGGAAGCGCAAGCAGTATCATGAATACCGTTACTGCAAGAGTGCCGAAAATCGCCGGCCAGATTCCACCTTCAGTCATGTTATTGCGCGGTTCATCAAACAGAAACTCAAGCGAGAGAACACTTGCGCCGTTAATCACGATATTTCCGATAACAACAACGAGCAGCAAGACAATAAAAATAAAGATAGCCGTAATCAGGCCGATGCTTAGGGTTCCCGTTAAATCTCTGCGTTTGCTTCCGAATCCATTTGCCATATCAGAACGTATTCCTTTTCCTCATTCTGCTGACGATAATTTCGGCAATCAGATTCAGAAAAAATGTAATGATAAAAAGTATCACCCCGATAAAAAACAGCGCGTAGTAATGATCACTTCCCTGCGATACCTCACCCATCTCAGCGGCAATGGTTGCGGTCATGGTTCTGACACTCATAAAAATATTCGCCGTGATATTGGATGCATTGCCTGAAGCCATCAGTACAATCATGGTCTCGCCTATCGCTCTGCCAAAGCCAAGTATGATACTTGCTGATACTCCGCTGAATGCGGCAGGAAGGATAACCCTCGAAATCGTCTGCCATTTGGTTGCGCCAAGACCATAACTGGCCATTCGAAGTTCCATAGGTATGGATCTGAGTGCGTCTTCGGTCAGAGAAGCAATAATCGGAATAATAACCATAGATAAACCAACCGCTCCCACGAATGCATTCAGCCGGTTCGGCGGATTGAGCAATTCATTAAAAAATGATGCCCCAACAACCAGCATAAAAAATCCGAGCACTACAGTAGGTATAGCAGCAAAAAGTTCAATGACCGGTTTAAGGAATTCTTTAATCTTGGGGTTTGCTATCTCACTCAGATAGATACCAGCCCCGACGCCAAGTATCGTTGAAAAAATTGTTGCGGGTATAGCAGCAAGAAGAGTCCCGATAATAAGCGGTATCAGTGAATGGCGTGCATTGCCTGCGGTCGGAAACCATTCATAAACGGTTTTTAGAATACCCTCTTCATCCGGTTTCTGTGAAGAGATGAAATCTGAAGCGCTAATATGATTAAAGGCGTTAATCCCCTCCTTAAAGAGGAATATAAAGATCAGAATAATAAAGACCAGCGCCGTCAGTCCGTTTAAAAGAAAGAAAGCACGGATAATGCTCTCTTTTATCCGTGTTTCTTTCTTAATTTTTTTGGAATACGGTGATACCGCAGTTCCGTTTTCTGCCATATTTTCGGGCATAAGCAGCTACCTTTTCCTTACCGGGGAAGAGGTATATACTCCATGGTTTCTACAATTTTCTGCCCCTCAGGTGAAAGAACAAACTGCATGTACGCTTCAACCCCGCCTGCCGGCTTCTTTGAGGTAAACATGTAAAGATAACGGGAAATGGAATATGCTCCGTTCCAGATATCCTCAAAATTCACCTTGCCGTCTCTGGCAGGATATATAGCGGGTGAGTCTGCATCTTTTTTAACGCCGAGAATCTTAACATCGGTTCTCATGGCAAAATACCCAACGCCGCCGTAGGCAATGGCGTTCTTATCGCGGGCAACAGCCTCGGCAAGTGCAGCGGTTCCCTGCAGTACCTGTGTATTGGTTGCGTAATCAATTTCGTTGCCGTTTTTGTCTTTGCCAAGAACATGCTCACGGAAGAACTCATACGTACCGCTGGAGTTTTCTCTGCCGTAAAGGGTAATCTTTCCTTTGCCTGACTTTAAATCAGCATAATCTTTGATTTTACCGCTGAATATATCCCTGATCTGGTCCATGGTCAGTTCATTCAGAGGATTCTCAGGATGAACAATAACAGCTATACCGTCAAGAGCAACCTTAAACTCTTCATACTGAATATTCTTAGCGGCTGCCTGTTCTTTTTCCTTTGATTTTAGCTCACGGCTTGAGGCGGCAATATCAGTTGTTCCGTTAAGAAGTGCTGCAACTCCGGTTCCTGAACCGCCTCCGGTTACCTGAACAGAAATGTTTGCATTCTGATTCATAAATACCTCTGCCCATTTCTGAGCCAGGTTTACCATGGTATCAGAGCCTTTTACACTTATAACTTCCTTCTTGACTTCTTCTTTCTTCTTGCAAGCCTGGAAGAGAAAAACCGATGACAGCAGTATTATCGCATGGAGAAAAATTGTTTTTTTCATATACATCACTCTACTTAATTGATTCACGAATTTTTGCACTGATATAGTCCATTATCCAGACCACAATGGCTATCATAATTACAATCAGTCCTACTTCTTTCCAGAGAGCAAGCCCCTGATACTGCATCAGCATGGTGCCGATACCGCCTCCGCCCACCAGACCGATGATGGTTGCCATTCTTACGTTGATATCCCAACGGTAAATGGTAAAGGAAAGAAACGGCAGCACAATCTGAGGCACAACCGCGTACCAGATTATCTGCAGCTTGTTTGCTCCGGTGGCTGCAATCGCTTCAATCGGGCCTTCTTCAATTCCTTCAATAGCTTCAGAATAAAGCTTTGCGTTTGAGGCAATCGTATGAACCAGCAAAGCAATCATACCGGCATAAGGACCAATACCCACCCACACGGAGAAGATAATCGCCCAGATAAGCGGTTCTATTGATCTCACAAAATTCAGCACCACACGCAGCACATAATATGAGGCGAATGCAGTTTTTGAATCTTTCATCAGATTCCGCGCGGTGAGGAAACTCAGAATGAGTGTCGGAGGTATTGAGATCAGCGTCGCGATAAGCGCTATATATATCGTTTCAATTATCGCGAACAGCGCGTCATCAAATATGTTGAACTCCGGTGTGAAAAGTGAGCCGAATATCCTCTGAGCTCCCTCAATTCCGTCCGGAGAAAATATATCAACAATGGATATCTTGGTGATTATCCATCCGGATATAAAGGTAATATTAAACAGGAACCATCCGAACAGTTCGGTTGTCAGATCCGTCACTTTTCCTTCTTTGGCCACACCGAACAGTTTTGCTGAAAGTGATGTCTTGCTGCTTGCCCAGGCA
CP054182.1_gap79	3367026	3368598	1572	GGTATAATACGTTCGGTCTGAAGCGGAACACTGGCCGGCTGAACCGGAGAAGGTGTGGAACGGGTAATAATTGCAGATTCCGCGCCAGGCTCTTTCGCAGATACTGATCTTCTCTCATTAAGAAGTGAAGGTATTTTCACGCTGAGCGGCTGATATAAATCATCACCGAAAATCTCCTGCTGCTTTTTCAGCAGATCAATCAGTTCAGTTCTTTCCATGAGACTTTCTGTAGTCTATGATCTGATCCAGCAGTCTGTTCGCTACTTCGAATTTTGAGGCCATCCCTATTTCTTTTTTTCCTCCATCTGAGGTAAATACCGTTACTGAATTGGTCGGCACCTCAAAACCAGAGCCGGCATTATTCAAGGAATTCAGCACAATCATATCAAGCCCTTTTTTGCTGAGCTTTTTTTGCGCGTTTGATTCTTCATTATCCGTTTCAAGAGCAAAGCCAACTACGGTCTTTCCCTTTTTTTCGACTGATGCAATAAGATCTGGATTTTCTGTCAGAGCAATTGAACCAACTGATGATTCTTTTTTAATCTTTCTATCAGATATAACAGCCGGACGGAAATCAGCCACTGCTGCCGCCATAATCGTAATATCTGTTTTGGCTGAGGATTGCAGCAGTGCTTCCTGCATCTGAAGAGCAGAACGTACTGAAGTAAATTTCATTTCAGGGTAAGGTGTATATACCGAAGGACCGGAAATCAGTTCAACATCAGCACCCCTGAGCCAGGCTGCTTTTGCGATTGCATATCCCATAAGTCCCGTTGAGCGATTGCCGATAAACCGCACGGGATCAATATCTTCATAAGTAGGTCCGGCAGTTACCGTAATTGAAGTTCCGGCAAGATCACGTTTATACCCCATGAGCACAGAGGCGGCTGCTTCAATGATCTTTTCCGTTTCAGGAAGTCTTCCGATTCCCTGAAGACCTGAAGCAAGTTCACCTGATTCAGCAGGGAGAATATGATATCCTCTTCTCTCAAGGACCTTGATATTTTCCGCGGCTGCGGGACTGTTATACATATCCAGATCGGCGGCGGGACAAATCAGTACCGGTGAGCGCATCGCGGAAAAAAGTACGGTCAGTGCATTATCAGCGATACCATAAGTAATTTTTGCGACAGTATTCACTGTGGCAGGAGCAATGATCATTAGATCGGCTTTAAGCGCCAGGTCAATATGCCAGGTGCCTAGTGAGGAACCGGATTTCTGATTTTCAGGAAAAACATTGATGATGACAGGGTTTCCGGAGAGTGCGGAAAACGTGAGAGGGGCAACAAACTCAGCGGCAGAGGAGGTCATGATAACATGAACCTCCGCTCCGCTTTTCTTTAATTCTCTAACGAGCAGACATGCCTTATAGGCAGCAATTCCTCCTGTAACTCCAAGAAGAATTTTTTTCCCGGAGAAGACTTCCGGGAGCATGTCACTTTTCCTTTCCCTTGTAGGTGTATTCGATCTCGTCGTTGAGGAACTGTTTCAGAGCATGAATGTGGGGTTTATCCCTTTTTTCAAACTCAGCAGAAAGACTTCTCTGCTGCGGATTGTTGAAATCCTCTGCAT
CP054182.1_gap80	3376469	3378998	2529	AGAGATATAAAATCGGCGGCAAATACCGTAAGCCGGAGTACTTTTTTACCGTCCATTAGATTGCCTGCTCCCTTGCTCCCGAAAGTGATAATCGCTTTCGTGAAGAAAGCAATTCCAGTTCCTGTTCAAACCCGCTGAGGATTGTATCCCATGAAAGTTTCTCTCTTATTACCGCAGATAACTGTTTCGATTCTCCGGCATATTTCTCTCTGTTCCGTAATACATCAACAACAAGTTTAGCGAACTCTTCAGGAGTATCCCCTGCCGGGATTCTGCTTTTAATCTCGGCGGGAAGCCCCGATACCGCCATTGAAGTTGAAACAACCGGAATACCAAGGGCAAGGGATTCGATAACTTTATTGAGGGTACCGGCTCCGAAGCGGATTGGTGCAATGTTTACCGCGCTTTTACAATATTCAGCGCGTATATCTTCAACAAATCCCGTTACAATCACACTTTGTGATGCGAGATCTTTAACTGCCTGCGGAGGTTTCTGTCCGACTATATAAAACCTTGCATCAGGTATCTCTTTGAGTACCAGAGGAAAAATCTCCCTCACGAAATATACTGCTGCATCCGAATTTGCAAAGTATGGCATGTTACCGGTAAAAATAATCCGGTTCGGCTCATAGGGAATATCAATCGGGGAAAAAGTTTCAAGATTGACACCGTTCATCAGAAGACTTATTTTTTTTCCATCATATCTTCCGCTCAGATAATCACGGTCTTTTTCACTGCAGACGTATATCGCATCGAATGACCGGGCTTCTTTTTCATAAGATTCGATCCTTTTTGCCTCTTCACCGATTCCGAATTTCTTAACCGGATTTTTTTCTGCCATCAGGTAACGGCTGAGATACATTGAGACTGCGTCAGTAAAATCCTGAACCTTGACAGCCGAAGTTCCTGAAACATATTTCAGATATTGTGTTGTGCGGATCAGATGGAAATAAATTACATCATATGAGTTATCCCTGGTGATTTCTCTCAGTTTTTCTCCAAATGCCTCTGACTGATAGAAGAGAACCTGGAAGGGCAGCTTCGAAAATATACCCTTTCCAACACTCAGGACGGATTCCGCCAAAGTACGCCTGATTGCGAAGGCGGAGTGGGTAATCTTCTCAATTTCCCTGAAATCGCCGTGAAGCTGCGTTTCATTTTCGTAGAAAGTCAGCAGAGATACAGCGTGATTTTTAGAGAGATATTTGATAAGATTGAAAATTTTCAGTTTGTCTCCGCGGTACGGGGGATAAGGAATCCGCGGGGTAACAATAAGAATCTTCAAATTTCAGAATTATTTTTAATAAATTGAGTAAAATAATAAATAAGATTTAGATTGACAGGCCAAAACCGCATCTTATGAACAATTCGAGCGTTTACGTTAAAACAGACTGCCTTAAATTCCGGGGGGATTTACCCTGCCTTCCGCATAAAAAATTCGGCTTTCACTGCCAGAATTGCCCGGAATATGTGCAAACTAAGGGAAAAATCCTTATAATTAAGCTCGGGGCTATCGGTGATGTTATCAGAACCACCCCGCTTCTCCATAAAATTGCAGCAGAATACCCTGATTACGCTGTCCACTGGCTGACCTATTCTCCCGAAATCCTTGATAAAGACTCAGTTACGAGGATTTTCCCCGTAACGGTGGAGAATATCGAACTGATCAAAAACATCAAATACGACCTGCTTTTTAATCTGGATAAAGATCCCATAGCCATTGCACTGGCTAATCAGGTGCAGGCGAAGAAAAAGCATGGATTTACCATTGATGAATTCGGACACGCCACCTATTTCCCTTCTGAGGCCTCAAAGCATAAATGGCTTACAGGGCTTTTTGATGACCTGAATAAAGAGAACACAAAGCACTATGTGCAGGAGATTTTCGAAATCTGCGGATTTGAATTCGGCGGAGAAGAGTACATCCTTAAAGTGGAAGAGCCCTTTGCCGAATACGTACCGGAACCCGGTAAAAAAGTTGTCGGGCTTAATACCGGATGCGGCGGAAGATGGACATCCCGCCTCTGGGCTGAAGACTATTGGGTTACAACTGCAAAATCTCTTCTTGAGAAAGGATACGATGTTATCCTGCTCGGCGGAGAACAGGAACACGAAAAGAATCTCCGTTTGCAAAAAGCGAGCGGAGCAAAATACTTCGGCTACTTCCCCCTTAAAAAATTCATTGCACTGGTTGACCGCTGTGACCTGGTAATTACTGCGGTAACCATGGGAATGCATATCGCGATAGGTCTGGGTAAAAAACTTGTTCTGTTTAACAATATTTTTAACAAGAATGAGTTTTATCTTTATGATAAGGGAGTAATCCTGGAACCGGATTATGACTGCCCATGCTATTTTGCTGCAACCTGCCCGAATGACTGTATGCAGTATCTCTACCCGGAAACTGTGATAGAAGAGACGGGGAAACTTCTTTGAACTATCCCCGCCCCTGTGTTTATAAAGATTACCAGCAGCCTCCCCTCATGCTGCATCAGAAAGTATTCAGGGCTCTGGCCAGGTTTCTCGCGA
CP054182.1_gap81	3539642	3541669	2027	TTAACTGCGGAACCTTCGCCATTGTGAGCAGCAACCAGTTCACCCGCTAATTTTGCAGGGAATGATTTCTCATTTCTCGCGCGGGAATATTCTCTTAACCATCTGAAAGCGAGTGCAAGACGTCTTTCCGGACGTACTTCCATCGGAACCTGATAGGTCGCGCCGCCAACTCTGCGGCTTCTCACTTCGATTACCGGAGAGATATTAGCAATTGCTTTCTTAAAAACTTCAATGCCGGGTTTTTTAGTCTTTTCTTCAGCCAGTCTGAAAGCTTCATATACTGCATTAGCCGCGGTAATTCTTTTACCGTCATACATAACAGCATTGATAAATTTTGCAACCCAGAGGTCATTATACTTTGCATCCGGGAGTAAATATCGTTTTTCGGCTCGTTTTTTTCTCATACTTATTTAGCTTTTGGTTTCTTAGCACCGTATTTGGAGCGGGCCTGTTTTCTGTCCTGCACACCGCTGGTATCTAACGTACCGCGAATGATGTGATAACGAACGCCAGGGAGATCTTTCACTCTTCCGCCTCTGATGAGAACGATAGAGTGCTCCTGAAGGTTGTGTCCTTCACCCGGTATGTAGGCCGTTACCTCTATGTGATTTGTTAATCGTACTCTGGCAACCTTACGAAGAGCTGAATTTGGCTTCTTCGGGGTAGTTGTGTAAACTCTCGTACAGACACCTCTGCGCTGAGGGCAGGCATCCAAAGCCGGAGCTTTGTTCTTGCTCTTTACAACAACTCTGCCTTTTCTGACTAGCTGATTAATCGTAGGCACAAATATCCTCGTTTTGTCAATGTCAAAAAAAATTCAGACTTTAAATATACTCACTTCCTGACAATTAGTCAAGAAGTGAGCAAATGTTTTATGTTCTTTGGAGAGAAGCCGAAATTATTCGGCTACTTCTTCTTCAGCCTGGGGGGCTGGTACCTCTTCTACTTTTATCAAGAGGTTCTTATATTTCTTAAGGCCAGTTCCTGCGGGAATAAGTCTTCCCATCACAACGTTTTCCTTCAGTCCGCGTAAGGTATCTACCTTAGCTGCAACTGCGGCATTTGTGAGAACTTTAGTGGTCTCCTGGAAAGATGCGGCTGAGATAAAACTTTCAGTGTTCAGAGCAGCCGATGTGATACCGAGTAATTGGTGCGTAAAGCTTGCACTCACGCATTCTCTTGCCTCGATAATTTTTTTTCCTTTTCTTTTCAGATCCGCGTTAAGCTCTTTAAACTTAGTGCGGCTGATAATCGTTCCTTCTTTCAGTTTACTGTCACCCTTGTCTGTAACAGCTACGGAGTTCCTGATTCTTTCGTTTTCTTCGTTCAGTTCAACTTTGTCAACCTGATCGTCTTCGAGGAATCTGGTATCACCCGGATCGCTGATTCTGACTTTCTGGAGCATCTGACGAACGATAACTTCAATATGCTTATCGTTTATCTTTACGCCCTGGAGACGGTAAACGTCCTGGATTTCATTTACGAGGTATTCCTGTACCGCCGTTGGTCCGTTAATCCGCAGAATATCATGCGGATTGATATGGTTTTCAGTAATTTTCTCGCCATTCAATATCTGCTCACCGTCGAGTACTACAATATTATGGCTGAGCGGCACGTTATACTTCTTTTCAGTAGAGCCGTCGAGCGAGGTTACAATGATTTCCCTGTAACCTTTTTTCTTAGCTCCAAATTTAACAATTCCTACGATATCAGACAAGATCGCAGATTCCTGCGGAGTCCTTGCTTCGAATAATTCTGTTACTCTTGGCAGACCCGCGGTAATATCTTTCGATTTTGAGGCCTGTTTTGAGATTTTAGCCAGTACGGTACCAGCTGAAACCTGCTCGTCCTCATCAACTGCCAGATAGGCTTTTGAAGGAATGCTGAAGGTTTTGGAGGTTCCGTCCGGCGCCTCAACAATAACGCTTGGTGACATATTCTTGTCTTTGGACTCAATAATCACCTTTTGCACGTAACCGGTCTGATCGTCAGTAATCTGCTGGAAGGTTATATTTTCCTTCATATCA
CP054182.1_gap82	3559047	3560654	1607	TGAATCTCGGAATGCTCCAGCGAACCCAGATAAAGAAGAAGAGCAGAGCTCCGATTTTAACAAAGAATGCTGCTATCTGAATGCCTGTCTGCACTCCCGTTGATAGTCCGAGCGTCTCTATATACGGCACCTGCCATCCGCCAAGATAGAGCATAACAATCATTGCTGCTGCAATAATCATGTTTGCATACTCAGCCAGGAAGAAGCCCGCAAATTTCATGCTGCTGTATTCGGTGTGATATCCTCCGACCAGTTCCGGCTCTGCCTCAGGCAGGTCAAACGGAAGGCGGTTGGTTTCAGCAAATGCCGCGGTTACAAAAGTGAGGAATCCGATCGGCTGGAGAATTGCGTTCCACATCCATCCGCTCTGCGAAGCAATAATATCAGCCGGACGAAGCGACTCAGCAAAAATGAGCACGCCGGCTACAGAGAAGCCCATGGAGATTTCATACGAAATCATCTGCGCTGAAGAACGCACACCGCCAAGCAGCGAATATTTACTTCCTGATGACCAGCCGGAAAACGTGATCGCGTATACACCGAGTGAAGTTAACGCAAGGACTAAAAGAACGCCTGAATTAACATCCACAACAGCAAGATTAATGGTTCTGCCAAAGAGTTCAACCGGCGGCCCAATAGGTATCACTGCATAGGTGGTAAACGCCACAAAAAGCGCAAGCATCGGCGCCAGGGTGTGCAGCGGCTTATTTGCGGCAGTGGGAACGATATCTTCCTTAAAAAGAAGCTTGAATACATCAGCAAAGGGCTGAAAAATACCGGCCGGACCTACCCGGTTCGGACCGATACGGTTCTGCGCCCATGCGCTTATCTTTCTTTCGAAATATACCGAGTATGATACCGTAAGCAGCATCAGTGTAACGATTATCAGAATTTTTACCAGAGGAATAAGAATCAGATCTATAAGCATATATACTTACTCCTTACGCTTTCACTTTAACGGAGACTTCAAGCTGAACGCCCTGCTCTCCGATTTTTTCGTAATCAAGCTTTTTGAATGCGTCAATGGATTTGCCCATATCAATCAGCACATCTTCAGCAGTGTTATATTTCATTTTATTGCCGAATGCTGTTGAGAGGCCTGCAAAAATTTTCCAGACCGGACGGGCATCCAGTTTGACACTCTTGCCCCAGCGGTCGAGCTCAGTGCCGAATTTATCAAGGCGGCTCTGCGCAAGATTATCAAGGGTTCTGTCTGCCTCAAGCGTAGTGACGGCAGGACGGATTCTCTGAATCCTTCCCTGGAAATTCACCCAGGTGCCGTTCTTCTCAGCATACGCAGCTGACGGGAAAATAATGTTGGCAAGCGCGGTAGTGCGGTTGTGATGGGTTGAAACAGCAATAAGCACATCGAGTTTTGCAAGAGCGGTTTCCATTTCAGGACTCATTGCAGCCAGATTTTCATCAACCACGATGAGCGCCTTAATGGTGCCTTTTTTAACCCCTTCAAGAATTGCATCGCGGTTAAGGCCTCCTGCAGCGGGCTGAACACCGGCAAGCTCTGTTCCGAGCGCGTTTGGTGATTTATCCTCGCGGATCAGCAGATCATCACCTGAACCCGGAATCACATGCGGTATATAATCTATATG
CP054182.1_gap83	3563036	3566226	3190	GAAATGACCGAAAAATGCCGCTTGTCTGAATTGTTGCCAGCAGGGTTTTCAACAATGTAGGTCAGCTTCTTTACACGAGGCCGGGGGGAAAGGAGTTTAATCTCTTGAGTAACTTAGCGTTGAACTTTGGAAACTTTGCGTTTAACTGATACTTTGCGCCTTGGCGTCTTTGCGTGATCATGGGAGTCAAAGGTCTAAAATTTTGCGTTCCTTAGCGTTTAACTGCGTTTTCCGCCGCGGCGGATTGCGTTAAAAAAGGGAAACAAAAAAGCCCCGGCAACGAACCAGGGCTTTCTTTAATTAAAAATTAAGAATGAAGAATTAATAATGCAAATAAGAATAATTATTCATTATTCATTTTTAATTCTTCATTATTTAAGCATTGTCATCTTCCTCGTAATACTCTGCTCCTTACCTTCGCCCTATTGCGATGTATGCCTTTCTGTTGTTATAGCCAACTGCCACTATTGTGTTTTTATAGATTTTGCACTTGTAAAAACTGCCATTTTGAAATCCCATTTCATCAATGAAGTTTTTCCATTTTAAACCATTAAAGTGAACTATTTCGGTAAATGATCCGCTCACTACTACATCATTAAAGTCTTGAGCATCTACAGATTCGCTGTAATATCTTGCAATTGAGCCAGTTGGAAACTTTATCCAAGACTCTTTTTGATTAAAAATATCCGATTTAGTGAATATTCCATCACCAACCACATAATATTTTAATCCATTTATACTCGCAATATCATCCGCTCCGGATCTTAAACCACCAATACTAAGTTCGGCTACCTTATCCTGTTCACTTACATGATAAATTTTCGGGCTAACCGTCTGATAAGCTAATGAAGCAATCCCGAAGATATCTGTACGCTTATGTCGTAAATTGTTGACAATTGTCATATCCTGAATCCTCAGATCGGTATCTCTGGTAAAATCTTTCCAGACTTTACCTTCCCTTTTCAGTAATGTACCTCTGCTTCCATAAACATATAAACTGCTATCGTTTTTTAACGAAATCCCAAATATTTCTCCAACTAATATTCCAGCAACACTACAATCAATTTGAACGTCATTCCCATTATAAACTCCTAAAAAATTTCCATTGGTAAAGTATATTTTCTGCCCTGATCTGGTAGCGCCAGCGTTTAGGTAAGCAGATTGAGCCGGTTCACAATCTGAAAAAGTGTTAAATCTTTTCTGTTCCCATTCTTGTCCATTCCAGTGAACAGCGTTAAAGAGATTGTACGAATAAACTGAAGAGTCCTCAAATTTAATTTCTCCAAAAGCCCAAATATTATTCTCGTCAATTATCTCCACATCATATAAAGTGCTGGTACCTACCTCCCCGAAAGACCAGGTTTGCCAGGTAAAGTTCTGGCTGGTTTCTTTTAGTGTTGTTATCTGAGCTTGGTTGGAACCTTTGACAGCTTCATCTTTTTCGTTGAGAATAAATGTCTGAAAGGATAATGACTGTTCTGGTTGGAAGCCACTTAGCAAAAGAAGAGTGTCGTTTTTTGCCTTTATGATTGTTTTAATTTTAACACCATTTTGCCGAATTTCAACATTTGCCGGCTGGATAAGATTGCTGAACTTAAGTTCAAGCCACACTTCGGTGCAGGAGGCATCTAATGCTTCAATAGTAATTTCCGTCTGCCCATACGGGCTGGCTGGCTCTGAGCAGGAGTATGCGGTGAGGGCAAAAAGCGAGAGTGCTGCCCAGAAGAGTAGTTGATTTAGTATCCTATTTCGTGCCATAGGTCCGCCCTAATAAATTGAGTAAAAAAAATTTCAGGTGCACGAACAAAAGTTTTAGCCCGTGGTGTTTAGAATTGACACGGACATAAAAATTCAATCAAGTCAAACTTATGAAAAACTGAGGGAAATCAGTAATAGAAAGTATATTCCCTTAAGCACCAAACACTTTTCATCCCAAATGAATTCTCACCTGAGGAGTAATCAATAAATCAATCGCTGACTTACAGAAACATAATAATTTTTGTCAAAAAAAAACACAGTATTTAGGATAATTTTTAGCGCCCTATCTTTTTTTGAGCGAAAGCAGAATATCAGGAACTGATTCAAAAACCTTGTTTTTAGAGCAAAATCAAATGTTTTTGCTCAATTCTGCGTAAAACAGTAAAAGGACATCAGAGTTAAACAAAAAGCCCTGGCTGCAAACCAGGGCTTTTTTTTAGTTAAAAGTTCAGAGTGAAAAGTGAAAATTCACAATTCACCATTCACAATTCACAATTATTTAAGATAAACAATTTTCTTCGTTTCACTCAGCATCACACCTTCAGAAGACACTGCTTTAACACGAAGATAATATATACCCGCGGCAAAAGCGGAGGCATCCCACTGCATCTCATGTCCACCCGGCGGCAGTTCGCCCATTCTTACGACAGAAGCTTCCCGCCCAAGAAGGTCAGTTATCATAACTGTTACCTCAGCCATGACTGGAATTGCAAATCGTACCGTGGTGGATGGGTTAAACGGGTTCGGATAATTCTGTACCATTATATATTGTTTATCATCAGATTCAAGCAGTACAGATACTTCACCGCTCAGGGAGGATGTTCCGTCATAGTCAATTTGCTTCAGGCGGTAATAAACCGCACCGGCAAAATTTCCAAGATCATCATTAAAGCTGTAGCTTTGCGCCTCAGCCGTGCTCCCCGCACCGCTTTGGAACCCAACAGCCAGCCAGCCGGTATTGTGGTAACCGCTCTGCCTTCTCTGGATTTCAAACCCCCGGTTATTTGTTTCCGAAGCAGTGCTCCATGTAAGCGTAATTGCTGAACCATGAGCCGCTGCGGTAAATGAGACCAGTTCAACCGGAACGGGGGCAGAACTGCTCACCGTGTTGCTGTAGCCGGATGTTCCTGACGCGTTAATGCCCCGCACACGGTAGTAATAGCGCGATGTATCGGCAATAGTGCCGTCCGTATATACGGTTACATTGGCATCGGTTGTATCAACCGGCACAAATTCACTTCCCGCGGTTTTTCTTTCGATAACATATCCTGTCTCGTTGCCTGCGTTATCCCTCCAGGAGAGTCCTATCTGACCAAAGCTGCTTCCGGTTACCACAAGGCGGGTTGGCGCAATTACGGGGGCAGTTGGAGTAAATTTCCAGATTTTACCGCCGCTCAGATCACATATATACAGCTCTCCGTAACGGTCAACG
CP054182.1_gap84	3578086	3581982	3896	AACCATCTGCCCAAAAACTCCATACTCACCGAAGTAATGATTGAAACACCCGAAGCCATTGCGGAAAAATATATGGCCAAAATCGTCCAGGTTGGCGGAAACCGGCTTCTCGGAGGACATCTCGGGGTTTACGATCTGAATTCTTCATTCGGAGTGAGTGCATCATTCCAGGAAATGCAACATCCGAGTTGTGATTATGCCCGGGTCCTAATGAAAATCATTCTCGGCCGTTCTGGTATCCGTTGCGTTGACGGTGTTACCAACGTCATGCCTGTGGCGCCTCATAAGGCAACCCTCTCCGCTCCGCTTCCGGTTCACCTTCTTGAAGAAAATGTTGCAACTGTTACCGCCGGGTGGCAAAAAGCATACTCAGATATCCGCCATTCGCTGCGGATGGGATTCTATCAGGGGTGGGATCTGCATCCCGCGCAGATTATCTCGCGGCTCGCGGCGGTTTATATTTTCTTCCTGAATGAGTACCCTCTTGCAGCCAAAAGGATAAAACAGTTTCTTAAAAACTCCGCCCTGCCCTCTGTTCACAAAGGAATATTTGATGACGCGGCATCCGGTTACGGCCTGCTCCTCTTTTTCAGGTATGGCTTTGAGTGCAAAGCTTTTGATGAAAATGATCTGGCCGGAGCAGGACTGACCAGGGAGAATCTTTACGCAAAGCACTTTTCAGACATCACTTCCTCACATTGAGCGAAGACCCTGGTGGTTTTAGGTTAGTGCTCCGGCTGAGGGATGAATTATCAATTTTAACCGCGAAGAAGTTTTTTTGCGGGTTCAGGCAGGTTTCTCTTACGGCGAATCTGCTATATTAGTTTTAGAAGAATATTAATTTTTCAGTGATAAACAATTTTTCAAATACCAGACGGTACGGCAGTTTCCGGCCAGGAGAATAATACATGACCTGCACCAGAAATATGAGGAACAGCCAGAAATGATGCAGGGTGAAATAAAATTTGTCCTCATGTTCCGGCTTGATCAGCATCTTTTCGGTTTTAATATCGAGGATACCATCCGTGTTATCCGGGCTGTCGAGATAAAGAGTTTTCCTACCGACAATCAGCTCATTCAGGGTGTGATTATCGTGGAGGAAGAAATCATTCCTGTGTTCAACCTGAGGAAAAAACTGATGCTCCCGGTCAGGGACCTTTCCCCCGATGACTTTATTATTCTTTTCCGGCTGCACAACGGCAAGGGAGCTGTAGTGGTGGATTACGTCAGTGGTGCGGAGTATGTTTTTAGAGATGAAAACACCGGTAATTTGCGTGATACCGATGAAATGATTCTATTTAAGTCTCTTTCCATGCAGGATGAAAATCTGATGTTCATCCCTGAACCGTCAAAATTCATGCACAGTTCTGATTATATCAACCTCCTTTCAGAGTTAAAATTTTTCAAAGAGGGAAACGGGTAATTGCAGATTATCAGCGAAGAACGCTTCCCGCGAATAAAGAATTATCTCCACAGAAATCTCGGGCTCTACTATCCGGATGACAGGAAGCAGGACCTCGAACGCGCGATGATCAGCGTCTATATTGAAGCAGGCTTTGATAATGTTAATGACTTCATTGATAGTCTGAAAGATCATGAGGAATCACCTGAGACTATTATGCTTCTTGCAAAATATCTCACCATTGGTGAGACCTACTTTTTCAGAGAGCCAAAGGTATTTAATTTTCTGAGAGATACAGTCATTCCCGGTATTATCGCTAAAAAGAAAAGCGGGCGCAAACAGCTCCGGATCTGGAGTGCCGGCTGCTGCACCGGTGAGGAGGCCTATTCAGTGGCTATTCTGCTTCATGAAACTGTACCCGACCTTCCCTCCTGGAATGTCACCATCCTCGGTACTGACATTAATCCGGAATTTCTTATGAAAGCAGCAACTGCCACGTACCGCGCATGGTCATTCCGGAATGAACACAGCGAAATAATGAAGAAATATTTTACCAAGAATGAACGGGGGGAGTTTAAGGTCTCCCCTTCAATCAGGAGCTTTGTTCAGTGGAATACCCTCAATCTTATTGCAGATCAGTTCCCTTCAAATCTCAATAATACCGACAGGATGGACATAATCTTCTGCCGTAATGTGCTGATATACTTTAGCGATGAGGGAAGGCAGAAAATTATATCAAAGTTTTATGACTCACTGAACGAGGGAGGATATCTTATCCTCAGTCTTACAGAAGTAGCACATCAGCCTGACAGGCGGTTTCAGCAGATTCGCGGTGATGATGTTATCATTTTCAGAAAAGGAAGCGGGGATATCTCTGCTTCTGCCTCCGAGACACCGGGTGTAACATCCATATCTGAGTATATAAAAAAAGAAATTCCTTCGGCTGTAACAGAAGAAGAACAGCTTACCGTAACCGTCCTTAAAAAAAATGCCGGAATGTATCCCGGAATCCAACCTCAGGAACTGCAGCAAAAACGGCCGCGGCTGCTCGATTTTTATATCCTGGAACAGTCATTTCTGAAAGCGGATTTTAACGGTGTGATATCTAAAACCGAAGAGCATGAATTAAATTCCGATCTCCTCTCCCCCTATACTTCAGAGGAGAAGGAAAGGATATTTATCTATTACAGTAAATCACTTGCAAATACCGGAAGTCTTGCAAAAGCAAAAGAAACAGCCGCTAAGGGAGCAGATTTGCTTCCGGAAAGTTTCCGCCTGAATTATCTTGCAGGGCATCTCCTGGCATCTTCAGGTTTGCCCAGAGAGGCATTTACCTATTATACAAAGGCGCTTTTCTTATCCCCCGGATATCCGGCGGCGCTTTTCGGGCTGGCATCCGTTTACCGGCAGCTTGGTGAAAATGATGAATATATAAGCCAGCTGAACAAACTTCTGAAGATAGCTTCAAATATCCCTTCGGAGAGGACCATAGAAGAAATGGACGGCATTAATGCTTCCGGTTTAGTCCGGCTTATTACTTCAATCCTTCAGTCTCAGAGAGCAAATGAATTCACCAGATAAAAACAAACAGATACTCAGAGACCGCGCCCGGGCTATCGCTCAAAAACCTCCTGTACAGGAAAAAGGGGAAACCCTTACCGTTCTTGAGTTTGTGCTTTCTTACGAAACCTACGCAATTGAAACCGCGTATATTCGTGAGGTTGTGCCGCTTAGAGAGATCATCCCGCTGCCGGGACTTCCTGATTTTGTTCTCGGGCTTATTAATATCAGAGGAGAGATTCTCTCCATCCTCGATATTAAAAAATTCTTCCAGCTTCCGGGGCAGCAGTTAAGCGATCTCAATAAAGTAATGATACTTACCAACGGCAGGCTTACCTTCGGAGTGCTTGCTGATAAAGTAAACGGCATTAAGGAAGTGGAGATGAACGATATCTTCAACACGGTTATAAACTTCCGTGATAAACGCGACGAGTATCTTCACGGCATCACTTCATCAAGAATTATACTTCTTGACGGCAAGAAATTATTTAACGATAAAAAAATTATTATACATCAGGATTAGAAAACCAGAGGACTGATATGAACTTCTTTGTAAATCTTTCCATCAAATATAAACTGCTTCTGCAGATCTCGATTATCACCTTTACAGTGATAGTACTCTTCCTTTTCTCAAAAGCAAATTTTGAGACAGTGGAGCAGAATCAGTCAGTTATAGCTGATAAATATTCAAAAGCGCTTTTTAACCTTGAGTTTCTGAAGGATAATATCCATAAGATTAAAGATGAAACTGCTTCTTACATTCTCTTCAGACAGGGGCTAGCTCAGGCTGATCTTGATAAGAGTCTGTTTGAGGCCATGAACAGTGTTGAATCGCATCAGGCAGAGCTTGAACGGCTGCTCGGTGATGAAGCGCGCTATCAGTATAATCTTAATCAGCTGCAGGAAGATACAAGGCAGTACTTTGCACTGACCC
CP054182.1_gap85	3733719	3737716	3997	CCGTACCACCTTCACATTGTCAGGTGAACCGGTCTGGGCGAGGGTTTTCTTTATTCCGTATGCCATCATCAGCACAGCGGCGAACACAAACACCACCAGAGCGATGCCTGCAACCGTAACGCCGGTTGTCAGTTTTCTGGTTGCAAAATTCCGGATGCTGTATTTTATTGGTATCATATATCCTCCTCTATCCTATATGCCTGAAGCCCTCTACGATCGGAGTACGGAGAGCTTTAATGATGGGAAACACAGATGATATCACTCCGACCAGGAGCGCGGCAACAAACGCATATACCAAGATATGGTACTCAAGATTAAAGACCGGGAAGATATTCTTCGGGATTGCTTCCCCTATTCCCTGCACAATGGGGAATGACAGCAGTATGCCAACCACTCCGCCGGTAAAAGCAATTACCATAGACTCCCCTATTATCAGCCATGAAAGATGTTTGCCTGCAAAGCCGAGCACTTTCATTACCGCATACTCCTTCGTTCTCTCGCGTGATGCCATAATCATCGTGTTGGCAAGCACCAGCATTATGATACCGATAATAACCCATGAGAGTACATTCATAGCTGTAAGGATTGAGCTTACCGAAGACATGAATCCCTGAGCAAATGCCCTTTCCGATTCGGTCTTGGTTTCAGCGCTTGAATTCTTAAATAGCTCATCAATTTTAGCGGAAATCTCACCTGAGCGGTTCGGGTCTGATATCCGGATGATGTACCACCCTACTTCACCTGCCCTGAAAGGTGACTCCTGCTTCATCCGCTCATCAACATACTCCCAGTGGAAGAACATCTGGGTAGCATCACCGTTTTTTATGTTTGGAGTATATATTCCCCGCACGACAAAATCCCATGTGCCGGGATATATATCCCCCTCCAGCCGGATAATGTCTCCGAGTTTAAATCCATAAAGTTTCACCAGATCAGAACCTACCACGCAGCTGTTCCGCTCCCGCTTAAAGGCCTCAAGCTGATCAGGGGGCACAACATATTCAGAGTAGATATCAAAAGCGGTTTCAGCTTCCACTGCCAGCCGCCCGAAGAAATTGCTTTTATCTTTATAAACACCTCCGAACCAGTTCGCGAAAGTGACCTGTTCCACTCCTTCAACATTTTTTATCCTCTCGCGGTATGAGTATGGGAGCGGAAAGATAAAGGAAACTGCCTGCCGTGTTATCAGACGGTTTGCAGCCGTTGCCTCAATTCCGGCATCCCACGCGTTCACCACAGTCCGGAGTATATCGAATGCAATCACGGCAATAGCAATACCGGCAATCGTCAGAAACGAACGGAGCTTATGCCTGAAAGCATTTTTAAACATTAGTTTAATCAGTTTCATGGTACCGCCTTATGCCAGTTCGCCTTTATCAAGATGCAGCACTTCATCTGCTTTTCCGGCAGCGTGAGGATCGTGCGTCACCATGACGATGGTCTTTTTGAATTCTTTATTCAGCCTTTCAAGCAGTGTGAGAATTTCCTCAGCTGAGTGTTTATCAAGATCTCCCGTAGGCTCATCCGCGACAATGAGAATAGGGTCAGTAACTATAGCCCTTGCAATAGCCACCCTTTGTTCCTGACCGCCTGACAGCTGCTTCGGGTAATGATCCATCCTATCCCCCAGCCCGACAATCTGCAGTGCTGTTTCAACATGCTTTTTCCTTTCCGCTTTTGAAAGAGGAGTAAGGATAAGGGGAAGTTCAACATTTTCGTACGCGGTGAGAACGGGAATCAGATTATAGAACTGAAAAACAAAACCAACGCTGTTTGCACGCCATTTAGCCAGTGCAGTTTCGCTTAAAGAAGTAATTTCCGTTCCTTTGACGGATATACTCCCTTTGGTAGGACGGTCAATCCCGGCTATCAGATTTAGCAGGGTTGTCTTTCCCGATCCTGAAGGGCCCATCAGCGCAAGAAATTTACCTTCGGGTACCTGAAGCGAAAGATCGTTCAGTACCGGAATTTCGAATTTATCACGCTTATACATTTTCGAGACTGCGTTCACATGAATGAGCGTATCCATTTATTCTCCTTTTTGTTTTACCGGACTTCCGGCTTGTAATGCATCTGTCAGATTATTAATAACGCGCTCCCCGGAAGCTAACCCGCCGGTAACCTCGATAAATGAACCAACCAGTTCTCCGGTGGTAATTTCTTTTTCTTCAGCCGTACCGCCGGCCAGGATATATACATATTTTTTTCCGTCACGATCCCTTACTGCGGTAACCGGAAGCACCGTATATGATTTGCTCGCCTGTTCGCTCACTTCGGCATCCTTATTAAGAAATGCAACTTTAGCGCCCATTTCCGGCAGCACTCGGGAATCATAATTTCTGAAACCAACTTTAACCAGTACCGTGGCCTTTGCTCTGTCGGCTGTCGGAACAATTTTGGTCACATAACCCTGATAGCGGATATCACTATAGGCATCCAGGGTTATTTCGCACGGCTGCCCGGGTTCTATCCGGTATATATTGGATTCCGAAACGTCAGTCTCAACCTCAAGTGAGCTCATATCAGCAATTGTTACCACTGCTGCCCTGGATGAAGCACTTGCGGCAAATGGTGCCACAATTTCCCCCACATCAGCATTTTTAGTCAGCACGGTGCCGTTAAAAGGTGCCCTGATGCGGGTATTCTCAAGGTTAACTTCCTGTGCCTCAATCTGTGCTTTGGCAATAGCAATATTGGCAAGAACTCTCAGATAGCGCGCCTCAGCGTTTTCAAAGGACATTTGTGAAGTAGCTCCGCTCTGCAGCATTTCTTTTTCACGTTTAAGCTGATTTTCCGCATCCTTTAAATCAGCTTCGCTCAGCAGGAGTGCAGCTTTAGCTGCATTTAGTGCCGCTATGACATCGGAATCCTCAAGACGGGCTATTATCTGATCTTTTGTGACTTTATCGCCTTCAACCACGCCAAGAAAAACCAGACGGCCGGTTCCTTTGGAGGCAACAGCTGCCTTTCTCTGGGCAACGACGTATCCGCTTGCATTCAGAACAGAAGAAACTTGAGAAGGTGTATATTGAGTAAGTGTAACTGTGGTGACTTCGGGGGCTGGATTAAAAAACGAATCTTTATTTATAAATCCGATAACCGCAGCCAGCAAAATGACTGCTGAAATAATGTAGATTTTCCATCCGCCTCCGCCTGAAGTTTTTTTTGACCTGTCAATCTTTAGCGAAGAAAGATCGGCATGTTTAACTTCCATTAAACGGCTCCTGTATCATAAAATGTGAACCGCTAAAATAGGAACATTTTCAAAATGTTCATCATTATTTTATGATTAATGGTTGTTAGGAAGGGATGAAGGGCTTTTTTTGAATTACTTAAAAACAGGTGATTTCCTGTCATCCGCAATGATCAGCAGGTTAAAACCCGACCTTATCGTTGCCTATTTAACGAACTTCCTACGTGGCAGCATCCGGTCTTGCTTTAATAATCCGAAGTGCACTCTGAATACACAAATACCGATGCCTGCTGCCGGCAGCACTTACCGTAAATTGTAAAAAGTTTTCTATTTTGAGGGCTGAAATGAATAAAATTACACAGCTATTTTGACTCTAAGGCGAATTCCCTTTCTCTTCCTGTTCCTCTTCAGTCTGGCAGGGGCTCAGCAGAAACCATACGATGTTTCCGGCAGGATTATTGAAGCCGGTTCTGGCGAACCGCTGATCGGTGCCAACGTCCTGATTTATAAGGACAGTACCCGCTCAGATGCTCCGCTCCGGGGAGCTGCAACCAACAAGTTCGGTTATTACTCCTTCCTCAACCTGCAATCCGGAACGTATTATTTTTTCATCAGCTCTCTCGGTTACGAAACGCTGATGAAAGTTATCTCTCTTACCGGAACCAACCATTCTCCGAAGCACAATTTTGAACTGCGAAAGCAGGATGTGCAGCTTGATGAGGTTGTGGTTGAGGATAAAAAGCGTCTTGACTTCACTACCACGACCAGTACCATAGACGTCTCCCCCGAAATGGTTAAAACGCT
CP054182.1_gap86	3739471	3742933	3462	ATACAACCGCTATAACGCATTTTCAAAATATATCGGCTATAAACTCAGCTCAGACGGCAAGACAAAAATTCCCGTTCTGAAACAGTTCACCCTGTTCCCGTTCCTGCCCACGCTCGGAGTTAATTTTACGTTCTGATGATGAAGAAATTTTATCTTTTACTTGTCCTGCTCCCATTATTTATCTTCTTTTCAGGATGTGAAAACTCCGTTGAAGAAGAGGAGTTCCCTTTTGAGTTCCGCCTGGTAATCCGCGGAATACTTGAGCCCGGCAAAGCCGCCGCGAATATATATATAGGCCGCACCATGCCCATCTCATCACAGTTTTCGCAGGGATTTGCGAACGTTACCGATGCCGCTGCTGTGATACTCCACAATGGCACATTCTTTCCTCTCCGTCATACCATTAACGGATTATACCGTAATGATACGCTTATTATCCGTGCAGGCGAAACATATCAGCTTCTGGTACAGTGGGAGGATAAACTTGCAACCGCAGAAACTACCATCCCCAACAGAGGCATCATAAGCAAGCCGGTTGTTAAAACAGAGATAAACGGGGCAGAATCGAAAAATTTTGTTGAAACAGCAGTCGCACCTTTCGCGAATGAGGTGTATGCTGCTACCTGGGTTGCATTCAGTATAAGCGGTGCGGTTACACAGGAAGATTCTTCCATTGCGGCAGTAATGAAACGGGGTGATAACGGACAAATGAAGGTAACTACCAGCCAGGTTCCCTCACCAATCGGAACACAGAACCTCGGTATGCGGATGTTTATCTATGATGCCCCCTTTTACGACTACTATTATTCACAGGGTTCAAACAGAACCTCAGACCTGGTGTTCGGCCAGCCGCAGAATAATATCAAGTGGAATGTTCAGGCAGACGGCATCGGTATGTTCATTGGACGGCGCGATACCCTGCTCAGAATGAATTAAAGCAGAAGCCCGAGCTCCCGTCTTACATCTTCCTTTGCATTCCCAATCATCCGGTTATCCAGATTAAGCAGGAGCATGATCTTACGGACCATTTCCTGCTCATGGGTATGCAGTTCTTCGTCACTGTAAACCACGCGCCAGATATCCTTCACCAGTTCAAACTTTTCATCAACATCATAATGCTCGTTTATATATCTGGCAAATGTTTCAAGTCCGTGAGCATCTGTCATCTGCTGTTCTGAAAGGTGTATCAGATCCTCAACTTCAAATTCATCAAGACTGAAGGTTTTCTGCAGTATCTGCACAATCCGGGCTTTTTCCCCTTCTGAAAAGTCATCATCAGATTTTGCCATGCCAAGCAGTATGGCGCAGCTTGCCAGCTGAGTCTGATGGGTACGCTCGAAATCATCTTTCGCTTTCTTAGGTGAAGATGAAGCTATTTTTCTGAAAATCGGGAAATCAAAGAACTTTGACATGAGCTGCTCCTTGTTAATTTGATTTTTTCCGGGCCGGAATTCTTTCGTATAAATGTGACAAATAACGGTAATAGTCAGCGAGCCGGTGGTCAATCTGCTCCCATTGAAAGCGCCAGCCCCAATTGCCTGCAGGCCTTCCTGGGAAGTTCATTCTTGCTCCGGTTCCAAGGTTCAGGATATCCTGCATCGGTATTACCACGGTGTCAGCTACTGAGGCATACGCCAGGCGTATCAGCTTTACACAGATATCGTCACCATAGTAGTCCAGATAATTCTGAACGGATTTATATATATCGTTTTCGTTATGCTGGTGCCGGGCTGCTTCAAAATATCCGCGTGTGGTGTCGTTATCATGGGAACCTGTATATACCACGCAGTTCTTGTCGAAATTGTGGGGCAGGAATTTTGCTTCCATCCCCTTACCGAAAGCAAACTGCAGAATTTTCATCCCGGGAAAGCCGAACGTATCGCGCAAATCCTCGACTGTAGGGGTAATAACTCCCAGATCTTCAGCCATAATGGGAACATCACCCAGTTCTTTCAGAACACTCGCAAAAAACTTTTTACCCGGCGCTTTAACCCATTTTCCGGTTTCGGCAGTCGGGGCATTTCCTGGGATTTCCCAGTATGCATCAAAACCGCGGAAGTGATCTATACGGAGGATATCAACCATTTCAAGGAGATTCCTGATACGGTCCTTCCACCATTTAAATCCGTCTTTTTCCATCACTTTCCATTTATAAAGCGGATTTCCCCAAAGCTGCCCTGTAGGAGAAAAATAGTCAGGAGGAACACCTGCAACCGTAAGCAGTTTTCCGGTTTCATCCACGGAGAAAAGTTCTTTATTCGCCCAAAGGTCTGAGCTGTCATAAGCGATAAAAATCGGGAGATCACCGATGATTTTAATGCCCTGTGAGTGAGCGTATTCTCTCAGATTATGCCACTGCTTGTGGAATATATATTGCACAAATATCTGGTAACGTATTCTTTCCGCAAGTTTTTTCTTCCATGCGGTTACCGCGCTTGGTTTTCTGAGAGCAATATCGGTATCCCAGGTAGTCCAGAGCGCACCGCCATGATACTCTTTGCATGCCATAAAGAGAGCAAAATCATCAAGCCATTCTTTATGTTTTTTCTCAAATTTTTTCATTTCAGCAGCATCATGCGGATCAGGGTTTTCAGTAAACCGCTGATAGGCAACTGAAAGCCAGACTTTCTTCAGTTCAATAATCTGCCCAAAATCTATGGCCACAGGGTTATGGGGAGGTATATCCTCAACATCTTCTTCCGTGAGATACCCGTCCTTTATAAGCAGATCGGGACTGATAAGAAGCGGATTCCCCGCGAATGCAGAAAAACACTGATACGGACTGTCGCCATAGCCGGTCGGCCCCAGAGGAAATACCTGCCAGAGTGACTGCCCTGCATCTTTAAGAAAATCAATAAACTTATACATTTCGGGACCAAGGTCACCGATACCGTATTTTCCTGGTACTGACGTCGGATGAAGAAGAATTCCTGCCGATCTCTCAAATTTCATATATATCCTGTAAAGCTCTGTTAAATATTTGAAATAAGCCGGAATCCGTAAAGCAGATTCTTCTGCGGCACAAAACCAAGCGAAACATTATCATAGGTAAAGCTCCAGCTGTAATTAAGCACAAATGCAAGTGCTCCCAGCCCGTAAACATTAGGCAGCAGCGTAATCGGAGCATCAAGGGTTATAACCGTTCTTGTATCAGGCTGCTTAAGCTGATTAATCAGTCCGGTTACATCCTGGAAAGCTTTTGTTTTAAGCAGCAGCCGGGCGGAAAGCAGTTCCCCTTCCTCACCGAGTAATGTACGCGGAAGGTAGAGTGATACAGCAGCGTTAAATTCATTCAGATCCATACCGGCATAGTTGGTAAAATAGAAACCCTCTACCGCGAATTTCATTTCTGAGGGGTCTTCATTTTTATAACCGATGCTGGCATAAAAATTTGTTCCTCCCGAGGATTTTGGATACTTATCAAACAGCGAATCCGCTTTGTTGAAACCTATTTTTCTGTCC
CP054182.1_gap87	3831720	3832374	654	TGTCCTGCCGGCAAGGAATTCATCTGACTTTCTGCTTGCCCCCTCAATCAGAAGCACTTCATGCCTGCCGAGCATTGATTCGTTTATTTCGGCGGAAATTCTCTGCTGCAATGAAATGATTTCCTGCAGGCGTTTGGATTTTACTTCCTCAGCAACATCATCTTCCATACGGTAAGCTTTTGTGCCTTCACGGGGAGAATACTTAAACATATACGCACCGTCATAACGGACTTTGCTCATCACATCAAGAGTGGCAAGATGGTCTTCCCAGGTCTCCGTCGGGAAACCGGATATAATATCTGTTGAAAAGCTCACCCCGGGAATAATCCTGCGGGCTTTCTCCATCAGTTCAAGATAATGCTCAACCGTATACGTCCTGTTCATAAGTTCAAGAATACGGTTTGAACCTGACTGCACTGGCAGATGTATATATTTGCAGAGATTTTCATGCGCCGCAATCGTATATAACAGTTTATCTGACATATCCTGAGGATGCGAGGTGGTAAAACGGACACGGATTTTTCTATCAACCTCCGCCACCGCAGCGAGCAGATCGGCAAAATCATAATCACCGTCAGCATAGGAATTCACATTCTGGCCAAGCAGAGTTACTTCCCTGAATCCTCGTTCAGAAAGCATCCGGACTTCAGTCAC
CP054182.1_gap88	3842371	3846002	3631	GAATTCAGTTTCATTACCGTAATCTTGCTGAAAAAGGTATTAGCAAAGGGGAACTTGACAGCATCGCTGCGGTATATTCACTTGAAGAACTGATGGACACCGAAGGAAGCCAGTATAAAAAACGAAATCTGGCATATATCCGTCATGACCGGGAATATGAACTTCTGAATGATCCCCTGCTCTTTAAAACACCTATCGTCCGTAATGGCAGAAAAGTCACTGTTGGTTATCAGCCGGATGTATGGAAACAGTGGATCGAAGAGAATTAGTAATTAGGAGTTAGTAATTAGTAATGAATGAATAATTTGATTACTAAAATATCTTACTTTGAGTATCACTCTGCTCTCTCATTAATATTCTTACTGTCTCTTCTCAAGAACTCCCCTTTATAAAATAAAAATCCCCGGCAATGATTAATCACTGCCGGGGATTTTTAATTTACACTATTTACTGCTTTTACTTCATCAGAACAAGTTTTCTGGTCTGAACAAAGTTTCCTGCGGTCATCTTATAGAGATATACTCCTGATGAAAGCTGTGAAGCATCAAAACTCACAGTGTAGCTGCCTGCCGGCTTTACTTCATTAACCAGTATTGCAACCTCGTTCCCGATCATATCATATACTTTAAGGGTAACCTGGGAGGCTTCCTTAACGTTATACTGAATGGAAGTTGACGGGTTGAACGGATTCGGGAAGTTCTGGCCAAGCGAAAACTCCTTCGGAGCATCTAAGTCATCTTCAAGTGAAGTAAGTGTTGAGTTTATCGAAAAATTATACACAACGCCTGCTTCTGCATTGAAGGTCACCGAGGTAACCGTAAGCATATCAATAATGGAAGGAATACCAGCACCGGTCATTCTGAAATAATAATTATTTCTGATTTCTTCAGGGATCAGTGAAGTTATATCATTCCATGTCAGTGTTACTTCTCCTGAGGTTTTGGACATTACTCTGAAATTCCAGCTCTTTCCTGCATCAGGGAACTGATATTTAGCGCGGATATCCGAGCCGAACTTTGAGAAGTACTGTGACCAGCCTGACTGTTCAAAGTACGTGGTTACTGCTTCAGGAGCGGGAGATACCGGCGGTTTTGCATAGTCAAACACTGCGTCAAAACCGTCAGTAGCGTTCTGGCTTGCGCCAAATACCAGCAAATTATCACTTACCGTTCCTGTTGTTGCAATAATGGGTACTGCCCAGTTGTTGATATCGGATTCGGTTTCTGCCGGCTGTTTGTCTTTAGGAGCATCCTGCGGAATCACTGCATTACTTTCGTCGTAAACCGCGCTCACTCCTTCTTCAAGTACGGAGAACCAGTAACCATTCCATATATCAAGGAAAAATGAGGGGAAATATACACCATCTCCGTAGCCGTAATAAACATTCTGAATCCAGCCTGCCTGAGCGGCTTCTTCAGCGCTTAAATTAAGCTCACCTTTTTTGAATCGCACAAGCGAAGTCGGATATCCGAGCAGGAACGGTGTAGCTGAGATATTCCAGCCGGGTACAAGTGGTTTTTCAATGATTCCTACATTACCTGTACCGAATACATCAAGGTCACCTTCTGTTTCAACACCAAACCAGTAACCATGTCCGTTACTCACTGCGGAGGGAACACTATATCCCCCTGTATTGCTATACTGGAAGAGGAAGTAGGTCGTGAAGTCATCACCAAAGATTGAAGCAGGAGATGCATCATCGGGATTAACCGGAACTGATAACAGATTCCATCCGGCTGGTACAAACGTTCCAATATCAATCTTGGTACCTGTACCGCTGAGGGATACCGTCAGAACCTCAGGATTATTGCCTGGGAATGTTACCACACCAGCAAATTCACCAAGTGCAGCCGGCTTAAATTTAAGGGAGAAAGTATGGCTTGCGTCTGGTTCAATTAAAACCGGGAACTCTCCGCTATAGTCGAGAGAAAAACCGGTTCCGGTAAATGTTGGCTCGTCTATTGACAGCGTTATATCACCGCCGGTATTTGAAATTGTGATATCAGCCGTTTCATACATACCCACAGGGATGTTGCCAAATGACACTTCAGCAGGATCAATTGTTCCGTTAGGAACCAGCGCTGTACCCTCACCTGAGAGCCCAACGGTAAAGCTGCCAAGAACATTCGTTGCGTTGCTCACGAAGGTCAGTTCGCTTAAAAAGGTTCCTATTTCAGTCGGCGAGAACGTTACAGAAAGTTCAACCGACTGGTTCGGAGCAATAATCAGAGGGAAAACTACTTCTTCCACAGTATATACGGAAGCACCTGAAGTAATATCATCTATCTCCAGATCACCTTCACCTTCAGGATTTGCGATAACAACTTCAAGAGTTTTTGTCTGTCCAATCTTTACTGATCCGAATGAAAGACTGGCCGGATCTGCAGTTATATTGATGGGAAGAGTAATACCTTCACCAGCAAGATCAACTTCCAGCGAGCCATTGTTGGTTGCATTGCTGGTAAAAGTAACCGTTGCTGAGTAGAGGGTAACCTCTGTCGGAGCAAAGGTAATCGAAACTTCTTGTGACTCACCCGGCGCAACGGTGAATGATGTTGCACTGGTAACCGTAAACACTTCAGACCCTGAAATTGAAACTCCGGTTACATCCAGTGTTCCTTCACCGGTATTGGAGATTGTAATTGTTTCAGTTTTTGTCTGAGTAACCTTTACTCCGTTAAAATTAAGCAGTTCGGTATCACTTCCAATTACTATCGGAAGCTCAATTCCTGTACCGGAAAGGGGTATTGTCAGCTCACCGTTTTCAAATGAGTTGCTGCCGATAACAACACTTCCTGTATATGGAGCAATCAGAGCCGGACTAAATACCACAGGTAGATGAACAGTATCACCCGGTTCAATGGTCCAGGTAGTCATATCGAGATTGCTAAATCCCACTCCCTGTACACTCAGCGATGAAATTACAAGATTCTGCTCGCCTGAGTTTCCGATAACAATTCGCTCGGTTTTGCTTTGAGTCTGTTTTACTTCACCGAAATCTAATGATTCCGGATTTGCAGTAATCTGCGGAGGTGTTGGCTGATAACCGATGATCAGATAAAAATCTTTCTCCCCCCCCTGGCCGGAGTTATAGGTGTATACAGGATTCTGTCTGAGATCCTGTTCGGTTTCTCCTGATATATCAACAAGTGTAATATCATATTCCGAAGGTATAGTAAGGAATTCAGTGAAAGTAAGTGTTACCTCCTGATTTACCTTATCAGTATTAACGGAGAAATCCCACTGCTCAGAATCCTCATCAAGCGATTTCAGAGCGCGGATATCTCTCATATATCTGTTGCCAAGTACTGCGCTCCAGCCGGCATGAGGGAAAAATACTTCGATAAAGTTTGACTGGGGTGCCGGCGGCTTTGGTATATCAATACCTGAATCATAACCGTCTGTGGCGAAAGGAGACTGCCCGGCCATAGCGGTAGTATCTGAAAGAGTGCCAGTTGCTGCATTAATTTTTATGTGCCAGCCGGTTCCAATAACTAAACGATTTGCAACCGTATTTTTAATTGTAACCATATCTGCATTTGCACCGGTCGGGGCAGAAACAGTGGTGGTAAATGCATAATACTTATTATCTTCGCCGCCGTTTACAAAAGCAGCCGGTATGGTTGCTGTG
CP054182.1_gap89	3848108	3850742	2634	TTTGCCGAAAATAATTTCTATATGGTGCGTAATGAAATCAACTACCGGAGCCACTCTCACTTTGATGATGAACTGATTATTCACAGCCGCATCAGTTATATCGGGAACTCCTCATACGGGTTTGAGCATCTGGTCACCAATGCAAAAACCGGGAAACTGATAGCAGACGGCAAGGGAGTGATTGTGCAGGTCTCAAAGCCGGATGAAACGCCGGTTCCCCTCTCGCAGAAGTTCAGGGATACCGTCACCGGATACGAAAAACACGTCAGCGTAAAAGGAGGATAAAACGATGCGCAGAGCCGTTATTGACATAGAAACCGCCGGATACAATTTTGAAGAGCTCTCAGAAAGCCAGCAGGAGTATATACTCCGGGACGCAATGAAGGAGAGGGATGAAACGCTCAGAGAACAGAAGTCCGAAGAGGCGAAAAAATGGCTCAGCTTATACCCCCTTTCAAGCCGGTGCGTGGTTATCGGGATACGGGATATTGATCACGGAGTCTCATATATATATTATGAATCGCCCGAACTGAAGGAGTTTACTGAAGAAGAGACTGGATATAAATACAAAGGACTCCCCGAAAAGGAGATGCTTGAGTCTTTCTGGAAATTTATCAAAAATTTTAATCAGATTATAACCTTTAATGGCAGGGGTTTTGACCTCCCTTTCCTGATGGTCAGATCTGCCGTTCTCCGTGTAAAACCAAGCCGTAACTTTGTCGGCAACCGCTACGATTCCTCCTCCCACATTGACCTTCTTGAGCAGTTCAGTTTTTACGGACTGACCAAACGATTCAATATGGATTTCTACTGCCATGCATTCGGTATTGAGACTCCAAAAAGCAAAGAGATATCAGGGAATAATGTTAAGGAGTTTTATGACAGAGGGGATGTTATGGAGATAGCAAAATATAATGCCCGCGATCTGATTGCCACGGAAGAACTTTACCGTGTGTGGAATGAATATCTGAATCTCAGGTAATTCAAACTTTTCTGAGAACCGGGGTTCTGCCTTCCGGCAGAACCCCACTTTAACTTTATCGTATTATTCTGTTCCGAATACCTGCCGGACAGAATTCATTTCAGTCTGAGAACCGTCTCTCCCTGCATGTTTATATATTCGTATCCGGAAGCGGTTTCCACAAATGCGTAACCGTCACGGAACATAGCATGCCGGTAATATCTGAAGGGAATTACCGTTTCGCCTTTCTGATTAATGAAGCCCCATAAACCTTCTTCATTTTTTACTGATGCAAGCCCGCCGTAAAAATTATGTGCTCCGTTATATTTCTGTTCAATAACCAATTCACCCTTGGCATTAATGAATCCCCACTTATCGCCTGTGCGTACAGCGGCAAGTCCTTCATTAAATGCATACACCCGGTTATAGTCGCCTGTAATGACTGTTTTTCCGGCAAGGTTCATGAAACCGGCCTTATCGGCATAGCTTTTCTGGAAGCCAAAGAGACCATCACCAACCCCGGTGATATCCTGAAACTGCGGTTCAATGACAAACTTGCCTGTTTTATCAATAATGCCCCACATACCTTTTTTTTGCGCATGGGCATAGCCGCCCCTAAATTCATAACAAAGCTGATATTGAGGCTCAATGACAAATTTTCCTGATTTATCAATGTAGCCCCATTTTCCGTTTTTCATCACTCGGGCAAGTCCCTCTGAAAATTCATCCGCCGCGTCAAACTGGAGCGGAATTACGAATTTATTCTTCTTATCAATGAAGCCATATTTTCCATCCTTGCTTACAGCAGCAAGTCCTTCGGAAAAATATCCGGCAAAAGAGTATTCCGGTTTTATTACCCACTCCCCTTTTGCGTTCTGATAACCGGCTTTGCCCTCCTCCATAGCCATAAAATAGAAAATCTCAGGCTTCTGGGCGGAAATCATGACGCTTAAAAACAAAACAATAAGAATGGCTTTCATGGCAGAGTCCTTTTCTTTCTGAATTATACCGGGTAAAATAGTAAAATGTTTCAAATCAATGTGCAATGAACAATTTACAATGTACAATTGACAAAGATATTTAGTATAGGGGATTGTCCCGGCGTCTTAGCTTTATGAGGCGAACTTATTCTTCCCCAATGGCACGCAGGTTTTACCGATGCTTCGCAGCGCGGATTTTGACGGATTAGAAGATTTCTAAGTCTACTCTGATTATTTTTGGAGTAAGCAGACAGAGAAGAAACCAATTAATGTCACCCTTTCGGGGTTAAATGTATAACCTTCTAAATTTACTACAGTAATTTCATCCCTTCGGGATTAATCACATATATAAGACATATTCACAATTCACAATTCACAATTCACAATTCACAATTAAAAAAGGGCGATCCTTTTTCAAGAACCGCCCTTTTAGAAAGGTTAAGTAATGTGAATTACTTTAAGAGCATCATCTTTTTGGTTACTGAGTAGTCACCAACGCTCAGGGTGTAGAAATAAACACCTGAGTTCAGTTTTGATGCGTCAAATGAAGCAGTATATCCGCCCTTAAGCTGGAAGTTTTCAACCAGTGTTGCAACTTCCTGTCCGATCAGGTTATATACCTTCAGAGAAACGATTCCGTCAACAGGGATGGAATAGCTGATCTTGGTTGAAGGGTTGAACGGATTAGGATAG
CP054182.1_gap90	3866649	3868776	2127	CTGAGAAAACTCATAACTTCCGTCAAAGTCAATTTGTTTCAGGCGGTAAGAATATATACCATTCACCGCGCTGTTATCGGTAAAACGGTACGCTTTTGCGGATACCGTTGTTCCTGAACCGCGGACTGAACCAATAACTGACCACTCTTCATTTCCGCTTCTGCGCTGAATTTCAAAACGGGCGTTGTTTGTTTCGGTGGCAGTTGTCCAGTCGAGAATAACTTTACCATCAGCAGCCGACGCCGTAAACGAAGTCAGCTCAACCGGAATATTTCCGCTGAACAGTCCTTTAATAATATTTGCACGGGAGCCTACTGCATACAGTCCGCCATTGCGGATGTCTGCTGAATAAAATGTTGCATTTGACGGGGCTTGCGTATATGGTATCCAGGTGGTACCTGCATCCGAAGTGAAGAGGACTTCACCAACCGAACCGAGAACAAATCCGACACTGTCATTAAAGAACTTCACCGTGTAAAGAGTCGCAGTGGAATTTGAAGTCTGGGTCGTCCAGGTTGTACCGCCGTTGCTGGTCATGACAATTCTTCCGGAAGAGCCGACCAGATAACCAAACTGCGGGGAGGGGAAATCCATTGCATAGAGCGTTGTTGTTGTGGGGTTCAGGTTAACCCAGGTTGCTCCGCCGTCTGTAGAGCGGTATGTTTTTCCGCTTGTTCCGGTTGCAATTAGATCAGAAGCGCTGAAGAGTTCAATGTCGTATATAGCGGTAGTACCGTGAGGATCAGGGAGTGCTGTCCAGGTAGCGCCTCCATCAGTGGTCTTCAGTATATCACCGCCGGAAGTGGCAACATATCCGGTCATTTCATCCCAGAATTGTGTAGTATTTATAACCGTGGTCGTGCTGGTAATGGGGAGAGTCTGCTGGGTCCAGGTTGTACCGCCATCCGTGGTTTTAAACACGCCTGAATTTCCCCGTGTGGAAACATACCCTGTCTGTGTATTAAGGAAGTTTCCGCTGTATACCCGGAACTTTGGATTAAAAGGAAGCTGCGTCCAGTTCATACCGCCATCGTTGGTCACAAAAACAACACCAAGACTGTCACCAGCAGTACCTGAACCGCCGGTTGCAAAACCGAACTGATCATTTACGAAAGCGATTTCCCGCAGTTCTTCACGGTTAAGAGAAGTTCCGAGTATATTCCATGTTGCGCCGGAGTTATTAGAAAGCACTGCAAGACCGGCCTCGCAGACTGCAAGCACCGATACCGCTGATTTTGGTCCGGCTGCAAGATTTCCGCCAAGTGCAAGACCATAAACGTTTGATGTAGGAGCCGCACCAATGAAACTGGGGGTCCAGACTGTTCCCTGGTCGGTTGTTACATAAACATTACCGTCAGCTCCTGCCGCGAATCCAAGACTATCTGTTGCAAATTTGATTTCATAAAAGGTACCTGTTCCGTAATCCACAGGAGACCAGGTAGCACCGCCATCCGTGGTTTTGTTGATCGCATAGAGTGCATCACCAACAAATCCAATCTGCGGATTTACAAAATAGATGGCACGAACGGTACCGGTAGCTGTATATCCGGAAACTGCGCTCCAGGTAGCGCCGCCATCTGTGGTGCGGATGAGCCGGCCGGGAGTTGCCGAGCCAGTACCGGCATAAACGGTATCAGCATTCAGAGCGTGGATTTTATATACCAGTACAGAAGTTGTGCCGCCGATAACCTGTTCGCTCCAGGTAGCACCGCCGTCGGTAGTTTTAAGAAGTTTTCCGCTTGAACCTCCGATATATCCAAGGTTTTCGTTAACGAAGTCAACATACCAGATATTTGAGGTCAGATTAGTGGTAAGCTGCGCCCAGGTTGCACCTCCGTCCGTAGTTTTCATGGCGAGACCTGCAGTACCGACTGCATACCCGACATTGTCATTTACGAAGTCTGCTTCATAGATACTTCTGTTTCCGGCAACGGTGTCCGGTCTGAGCAGTGTCCAGCTGCTTCCTCCGTCAGTGGAGATACTGACAATGCCTGCGTCACTAAAGGTGAGTATTTTGCCTCCGCTCAGTATCACCGCGTCATTCAGGTGATTTCCGTGCGGTTTGGGATGCAGCCACTGCCAGTCAACGAACTGGGCCTGAAGCATTCCCGCGGTTAAGAAAAGAAA
CP054182.1_gap91	3962205	3964719	2514	CCGGGTGGTGAAAGTCAATTTTATCCACCGACGCGGTCACGCAGGTGCGCGAGGAGTGCTTCTGCGCGGCCAGCGCGGCACAGATATCAATCCAGTGCATCAGCTGTCCGCCAAGCAGATTGCCGAGGGTATTCGTGTGATGAGGCAGAACCAGTTCCGTCATGGTCACAACGGAAAGGTTCATCAGTTTTCCCTTCATCTAATTGCTCGAGAGAACTGATGGGGCAATTTTTGCCTGAAGATCAAGCATCTCTTTCAGAGCCGCATCATCCGGATAACGCTTTATAAAATTTTCGATTTCCTTAAGCGCTTCCTTATTGCGGGAACGGTCTGCAAGAAGACGGATACGCGCGGCAGATGCAATAGGAGCGTATTTCGTATCATGATAGATTTCAGCCACGGCAGCATAATACTGCAGGGCTGCGGTGTAATACTCCATCTTTTCGTAGATATACGCGCTGTTGTATTCCTTTTCGGCAAGCTTTTCCGTCAGGGTTTTAATCCTGGTTTCAGCCTCAGGAACACGCTGGTCTGAGGGGAAAAAATCTATAAAAGCCTGCAGCTCTTCGATCGCTTTACGGCTGTAACGCTGATCCAGCGAAAAGGGGGGCGAAAGCTGATAGTAGCATTCGGCAAGCATAAACTGGGATTCCGGAACAAAACTGCTCGCGGGAATATTACGGATTAGTTTGCTGAACTCACTTGCACCGAGGAGATATTCTCTTCTTTCAAAGCGGGATTTCGCCAAATAAAACTGGGAATCATCATAGCGCTCGCTTCCGGGGAACTGCAGCATGATGGCTTCAAACTCATTGATCGCCAGATCGTAGCTTTCATCATTAAAGTATTCCATAGCTACCTCAAACCGCTCTTCGGCGGTCATATTGGCGGTTTCCTTCAGACCGGAACATCCGGTAAGGAAAAGCAGCGCAAGGGGGAGTAAAACAATTGCTCTCTTAAACATTCACTATCCTGAAAATCGAAAAATACAGCCCGGATTTACCTGCCCGGGGTTACCGGGGCAATTCGGGGATTACTTTTATTATAATCACGAAATTTACGGAAAAGAGACTAAAGTAGTTAGGGAATTATGAGGGACGAATTATGAGGTATGAAATATGAATTGTGAATTATGAATTATGAAGTATGAAAGCGGGGGTCGAGGAGGAAGGGTTCTATCAAACCGGTTTTAATTTCAGCAAATAAGGGATGGCGGGTGTTAATCACAAAATTATGCTCCCGCCTGATCAGAACCGAGGGGACTTTCAGGATGCAGCTGCGGGCGGAGGTGTACCAATGGTGTCCAAATTCACCAGTTTTCAGCAAAGACTCATGGGTATTAAAGATCGCATTCGCAAGGGGTACCGGCAGTACTTCAACTGAAACCTCATCAGGAATCAGGATTTCAGTAATAAAAAACTCCCCTGCAAAAGCATTTCCGCTCCGGTGAATCAGGTTTTCCAGACAGGCAAGGGAGCGGTGTTCTGAGGCATAAAGGACATAATCCCCTGCGTGATTCCACCTTGCTGCATATCCTGACGGACTGAGCCTGCCAGCCCATTGAGCAGTTGTAATTCTGTACACTACCATTTTTAATAAAAATCAGGCAAGATCGCCGGCTTCAAGGCGGCCGAGTTCTTCAGAGATCAGGTCTATGCCTGAGGCAGTGGTGAGCAGAGTTACCGGGACCAGCCCCTGAAGACCAAAAGCAGGTTTTGACATCCACTCTCTGAAATTTTCAAGTGAGCCGAAGAGTGAAGCACCCCGTGTATAGAGAGTGACCGTTTTAATAAGGAGCTCACTTGATGAAGGAGTAAGGGTAACCGGTGAGGCCAGATAACGGTCAAGGGTTTTAACTGAAATACTAAGAATGGCGGCAACAATTTCTTTACGAAGGCCGGTTATTTTAAGGAGTTTTGGGATCAGGGAGGATGATACCCCCTTTGCCGAAGCCCTGAAAAGCTCCATTCTGTCTCTTATCAGTAACATTTCTTCATCTCCGTTTTCTGTGGAATAGATTTCGGGTACCATGGTAATCTTTCAAAATCTTTTTCCAAACATACAGACATTTGTCCGGTTTGTCAAGACAAAAGTCTAAACAATTATGAATTATCAATTATGAAGTATGAATTTCAATGGAGAATTGAGAATTGAGAGTTGAGATTTTTTTCTGCGGAAATCTGCGGGAGAGTTTTGGGGACAATGGGGACACCATGGACATTGGGCGTTAATGCAGAATTCACAATTCACAATTATTTCGAGTATCCCGTCAGTTCGGCGTAGCCTTTGCCGGATTTGGTTCCTGTAATCCGGACGGCTCCTTCCCAATAGCGGACCGTCACTTTCAATTCCTGATCTTTGACCGCAGGTACAATTTCAAGAGAAAGCTTTTCCGAGGGAACTTCGAGTTTCCAGCCGGAGGGGTAACGGTCTCCCTCATCATTTTCCCAGAATTCAGTTACCGTGAGATTTACATCCTCCTTTTTCAGAAGCCGGGTTGTGCCGTCCGGGTAG
CP054182.1_gap92	3967015	3970230	3215	AAGTGTTGCGATCATTCCCGCAGCGGCTCCTTTTGCAATCAGCAGCGGATCAGTATGAATCTCCGTTACCGTCACCACAAAATAAAGATCATTAATTGACTGAGCGATCAGTTCAACCAGACGGGTTGAGAGGATATATCCAAGCAGGAGTCCAATCACGGTTCCCGCCGCACCGATAATCAGAGACTCCTTAATAATCAGACCGAAGATTTCCTGTGAAGTCACCCCGATGCAGCGGAGGATTCCCGTCTGCTGTTTCCTCTGCACTACGGAAAACGATATGCTGTTATATATCAGAAAGATGCCAACGATGAGCGCAAGGAGACTTAGTGCGGTCAGATTGATGGTAAATGCTTCAAGCATTTGTTCAGCCGTCCGTGACCGGGCGGAAGAGCGCTCAATGGAGTATCCTTCCGGAAGGAGTGATGTTATATACTTTTCTGATTCCTTATCCGGCAGAATGGTATTGACATAGTCAATATATCCGTTTCTCCCCGTGACTGCTGCGGCGGAAGCAATATCCATGATAATGACATTTTCAAGCGAGGTATCATCCTTTTTTGCGGCAATCAAACCGGCAACGGTGAATTCATGTTCCTTCCCATTGATGATAAAACGGACCGGCTCCCTGCTTTTATATAATCCGGCAAGTGAACTGTTGCCGCTGACAAGAATGGTATTCCTGCCAAGCAGGAAGATGCCAAGATTTCCGGTAAAAGAGCTGTCGGTAAAATTCAGGTAATCACGGAACTGCGCTTCAGCAAAGATATCCAGGCCAAGAAGCTGGTAAATCCGCTTCTCCTCAGCGTCATGCACAGCATATTCTTCAATCACCGGGGCCAGGTCTCCCGTTCCGGGGGTAAGGCGGATGTTCCGGTATATACTGTCAGGAATCTGTCCTGAGGCACTGATGATATGATGTGTTGCCTTTCCCGCAACAGTATTCATCGAAAGACGGAATGCTCGTTCAGCGCTGCCGTTTGCAATATCAATGGCGACAATGATCGCTACACCCAGCGCAATACCCGCCACCGAAAGCCAGAACTGCCAGGGATGTTTCAGCAGCCAGCGGAGCGAAGTCCGGTTAAGGAGCTTTGACAATCAACTTCTCCTTGTCCAGTTCATTAATCTTCCCTTCTTTTACCGTAAGCACTCTGTCAGCCAGCCCGATTACCTCGGGACTGTGAGTCGCCATTATCATGGTTTTTCCTGTCTGCCTTACCAGCAGGTCAAGCAGGTCAACAATTCTTCCGCTGGTTTCATAATCAAGATTTCCGGTCGGCTCATCGGCAAGAATATACTCCGGTTCGTGAATAAGCGCACGGGCAATAGCAATCCTCTGCTGTTCCCCGCCCGAGAGAGTGTCGGGATAGCTGTTCATTTTATGAAGCAGGCCGGTCTGTTCCAGGATAGTGCTGATTTTTCCGTTCACCGGAAGCCCGTTCAGTTCAAGCCCCAGCTGCAGATTTTCAGCAACCGTGAGTGTGGGCATCAGGTTAAAAAACTGAAAGACAAAACCGATATGCTTTCTGCGGAAGAGGGTGCGTTCTTTCTCACTCATCCCGGTAATTTCCTGTCCCCTGAGCCGTATGCTGCCGCTGTCGGGGAGGTCAATGCCGCTGATCAGGTTGAGCAGGGTGGATTTGCCTGAACCGCTTTTCCCAAGAAGGACGATTATTTCCCCCTGAGAGATCTCCAGGTCAAGGTTTTTTAATACCGTGTGGCGGGTGTCTGCCTCATGGTAGGATTTTACTATATTTTTTAACTGAATCATGTGCTTGAAAATTGATTAACTACAGATATAAAAAAGGGGGAGGGGTTTTAGTTCCCAAGTTACCTTTTTGCTGGGACAATGGGGACACTTGGGACAATGGAGAAAGCAATGTACAATTTACAATGGATAATGGATAATTGAGAAGGGAGAATGGAGAATTAAAAAAAGTAACTGCGGGTTACTGAAATCTTCCGGCGATGTGGGTACCGCAGGAGGGGCAGGCGCCATCTTTCAATAAATTCATCTGCACTTCATGCCAGCTTCTCCTGATGAGCTCTTTGCCGCAGCCCGGGCAGCAGGTTATCTGCCCTTCATCCCAGTGAATATTACCCGTATATACATATTTCAGCCCTGCTGAGCGCGCAAAATGATATGCTCTCTTTACCGTGGCAGGAGGTGTCGGTTTTTTGTCCATCATGCGGTAATCAGGATGAAACGCTGTGAAATGGAGCGGCACATCATCCCCCAGATGTTCAAGGATCCAGCCGCACATCTTTTTGATTTCATCATCAGAATCATTCTCCTCCGGTATCAGCAGTGTGGTAATTTCAAGATGTACATCCGTTTCATGCCGGAGCCAGACCAGGGTATCGAGGATGTCCTGAAGATGGCTAAAGGTGAGTTTATGGTAAAAGTGCTCGCTGAAGGCTTTCAGGTCAACATTGGCAGCTGATATATCACGGAAGACTTCCCTACGCGCTGCTTTGTCAATATATCCGGCGGTAACCATAACCGGATGAATTCCCTCTGCACGCGCAAGCTGCGCTATGTCAATCACATATTCTCCGAAAATAACCGGATCGTTATAGGTAAAAGCAATGGAGGGAGTTCGGTATTTCTTCGCCAGAGCAATTACCTGACCGGGAGTTACATAGAGTGCATCTTCCGCGTCAAGCTTTGCCTTGCTGATAGACCAGTTCTGGCAGAACTTGCATCCGAGATTGCATCCTGCAGTGCCGAAACTGAGAATTTTGGTGCCAGGAAAAAAATGGCTGAGGGGTTTCTTTTCCACCGGATCCACGGCAAAGCCTGTCGGCCTGCCGTAGCCCGATGTATATAATATGTTGTTGTGGTTCTGCCGTATATAACAGAAGCCGTGCTGCCCCTCGCCGATAGTGCAGTAGCGGGGGCACAGGGTGCAAAGGAGTTTGCCGGAGTTATGCTCCTCCCACCAGAGAGCTCTGTGAAGTCCGGCCTGTTCCATTGCTGTTATTTCACCATGGCGACCATTGCTTCAATTTCCTTCACCATGTGATCGGTGTTGCCTGAGAAACCAACCGATTTAAAGCGGATATTTCCGTTTTTATCCACGATAAACTTTGTCGGAATTCCCTGCACGCCGAAATCAGAGATTACCTTGTTTTCATAATCCATCAGCACATGGAACGTATATTTCTTCTTAGCGATAAAGTCTTCAGCGTTGGTTTTTTTATCAGCAACC
CP054182.1_gap93	3971803	3974410	2607	TTTGGGTGTATTCAGGAACCGAACCGCATCCGGCAAGGATCAGGAGAAGGGGCAAAAGCAGGGTTAATCTTTTCATGAGATTCATCGGGAAATTTTCACTCTTTAGTTTTTCTTAAATTGCAAAGGTAAAAGTAAGAAATGAAAGGCAGAATATGAATATGATAAGAGGTCTCTCAGTGAGGACTTACGGAAACCTGAAGCATCAGCCGCTGGTGTTTTTGCACGGTTTTCCCCTCAGCCAAAGCATGTGGAATAAACAGATTCAGGAATTTGAGCAGGATTACTACTGTGTTACCCCCGATTTCCGCGGTCTTGGAGAATCTGTACCCTCGACCGGGCTTCACACCATGGAAGGGTTCGCGGATGATATCCTCTTCCTCATTGAAACCCTGGACCTGCATAAGCCGGTTCTTTGCGGGCTTTCCATGGGGGGATATGCTGCACTCCGGATAGCAGAGCGGGCGCCGGAAGTTTTTTCCGGCCTGATCCTGTGCGATACAAAATCATCCTCCGACCCTGATGAAGTAAAACTGAAACGGGCCGCGGCAATAAAGCGGATACAACAGGAGGGGGCAGAGGGTTATATCAGGGAATTTGTCCATGGCATTTTTTACCCTTCATTCCTTGAGAATCATTTTGCCGAATTTGACAGTTATGTCGCACAGTGGGTGAAGAATCCACCGGAAGGGGTCATCGGTGCGCTGCTTGCCATGATGGGAAGGACCGATACCACAGAAGCGTTAAAGAACTTCACCTTTCCGGTGCTTTGTATCTGCGGAGCGTATGATGCCATGACCCCGCCTTCGGTCATGAAAGATCTGGCGCGCCTTGCCCCTCAGGGGGAATATTATGAAGTCCCCGAAGCCGGACACATGTCCCCTCTTGAAAACCCTGAAGCAGTGAACAGCAAGATACAGGAATTTATGAGGAGAATTAGTGGTAAGTGATTAGTATATACAATTAGTAATTAGGAGTTAGTAATTAGTAAAATTCCAATCCCGAAGGGATGATATTGTTATACAAACAAACAACAAAACAAATACCAATCCCGAAGGGATGATATTATTATAGAAACAAACAGCAAAACAAAACCAATCCCGAAGGGATGATATTATTATAGAAACAAACAGCAAAACAAAAACCAATCCCGAAGGGATGATATTATTATAGAAACAAACAGCAAAACAAAAACCAATCCCGAAGGGATGATATTATTATAGAAGACAAATCAAAGGAAACAGCCATGGCAGGTACCTATTCGCAAATATACATACAATATGTCTTTGCCGTAAAAGGAAGACAAAACCTTCTGCTCAAACCCTGGCGTGAAGAAGTTTTTAAATATATTTCGGGCATCATCACCGAGAAAGGCCAAAAATCCATCATCGTTAACGGATATAAGGATCATGTCCATGTTTTTGCGGGGCTTCGGCCATCGATGAGCGTTGCGGATTTAGTCCGTGATATAAAAAATAATTCATCCAAATTCATCAACGAAAAAGGATTTCTTCCGGGAAAGTTTTCGTGGCAGGAAGGGTACGGAGTTTTTTCCTATGGACACTCCCAGATAAGCGATGTATATAATTATATAGCAAATCAGGAAGAGCGGCACAGAGGCAAATCATTCAGAGAGGAATATATTGAGTTTTTGAGAAAGTTTGAAGTTGAGTTTAATGAAAAGTATTTATTTGAGTGGGTGGAGGATGAAGGCAACATATAATGCTATCCCTTCGGGATTTTAGGGCGGGGGTGCGATTCCGATTCTATAAAAATGTCATCCTTTCGAGATTTATGAGCACCGGGAGGGTTTCTAATTCTCCTATAAAAATGTCATCCCTTCGGGATTTATGAGCACGGGGTGGGTTTCTAATCCTCCTATAAAAATGCCATCACTTCGTGATTTTGGTGTGTTGGTGGGATTACAATTCTAAAAAAAATTTCATCCCGACTTCGCAGTGATTTCCTGCACTACTCTGGATAATCCCATTACTCATTACTCACCAGACTACTCCAAGCGCTTTGCTCTGCCAGAGGATGTTGGTGAACTGGCGGTCATCGGCAAGGTAAATGAGTGAGGTTCTGATCATCGGATATTTGCGGACTACTCCGTCTTCAGAGGTGAGTTCTTTCAGATCAATCAGAGTGCCGAAAACCCGGATCTGGCTTCCGTTGGAGATGATCTGCCTCTGTTCGGAGACGTGCGCCTCGGTCGGCAGGGGGGAGTCAACAAAAATCAGCACGCGGGTCATATAGCCGCTGTTGGTGCCGGAGACAAAAAACACGGTCTTGTTCATCCCCTGCAGGTCATAAATCGAATTGGTGCTGATGGTTCCGCTCACGGCAACAAGCTTTCCTTTCCACTCCTCCGGATTCTGCAGCATCTTCAGATTATAAAACTCATAGTCGGCGCTGTTAATCATACGCGCGATTTCCCGGTCAATCCGCTCTTCTTTTGTCAGATTATTCGTGTCTTCGGTCTTGAAGACTCCGGCGCATCCGTTCAGAAAGGAAACGAACAGAAGGATGATGATTAATCCATAACGGAAATGTCTGGCTGAGCAGCGAACTGAATTCATGAATATTAACCGAAGAGAATGTTTACCATAA
CP054182.1_gap94	3976492	3980691	4199	GGACACTTGCGGAAAGCGAAAAGCGCTTCAGATCCCTGTTTCAAAATATGGACTCAGGTTTCAGCCTTGTTGAAATTGTTTACGATGAACAAGGCACGGCCGTTGATTTCAGATTTCTTGAAGTAAACAGCGCTAATGCAAAACTGACCGGCTACAGCGCTGAAAATGTTATCGGCAGAACGATTCTTGAAATTGATCCTTCATATAACAGAGGTATTATTGACTGGTGCGCAACCGTAGCACAAACCGGAATTCCCCAGAGCACGGAAGTGTATTATCCCCCCACAGATAAACATTATTATGTACAGGCATATTCTCCGCAGACAGGGCAGACTGCAATGATCTTTTCGGATATATCCGAGCGGATACGAACAAAGAATCTTATCATAGAAAAAAATTCCCAGCTTGAAACGCTGATAGCCGAAAAGGATAAATTTTTTTCGATCATCGCGCATGACCTCCGCAGTCCGTTTCAGGGGATTCTTGGGGTTCTTGATATACTCAATGACGAAACCGAATCACTCGCGTTTGAAGAGATCAGGCGGCGGCTTTCAGGTCTGAGGACAACGGGTAAAAAGCTGTTAGGACTGATTGACAATCTTCTCTTGTGGGCAAGTTTTCATCGGGGAAGCATCCGCTGCAAACCGGAGGTAGTAAGCGCTGCCGAAAGTGTATCCCATGCAGCGGACTCGGTAACAACCGCTGCCCATCTGAAAAACCTTACCCTGCTGCAGGATGTGCCTGCATCACTTTATGTCTCTGCCGATTCCATGATGCTGAACACTATTCTGAGGAATCTGCTTTCCAATGCCATAAAATTTTCTTACCGGGGCGGAAAGATTTCTGTATCATGTTCTGCAAAAGAAAAAATGGCTGAGTTTGTGGTTAAGGATGAAGGAACCGGAATTCCGGATGAGGATATCCCCCGCCTCTTTATGATCAGCGAAAAGGTATCCACTACGGGTACGGAGAATGAGCCAAGTTCCGGGCTGGGCCTGATTCTTTGCCATGAATTCGCCCAGGCAAACGGGGGTTCGATTACGGTGGAGAGCACTTTTGGAAAGGGGTCGGCATTTATTCTGCGGATTCCCCTATCCGGAGAGAGCAGTTGACCGCCTCATCAGGGTTTAAAATGTAAAACCCCGCCTCAGTCGCGGGGTTTTTTGTGGTGCTCCCGAGGGGACTCGAACCCCTGACCAATTGATTAAGAGTCAACTGCTCTACCAACTGAGCTACGGAAGCACTGCAAAAATACGGCAAAAAGAGGGGTTTACAAAGAGGAATTATGAATTTTGAAGTATGAATTATGAATTGCTCAGGCCGATAATTAAAGAAGGAGGGTTCTGTTTAAAGATACATGGGAATTTGGCATTTTACGGAAACAATAATTTGCTTTATAAGCTCACGTGAAAGACCGGCTTAAAGAATTATGAATTTTGAAGTATGAATTATGAATTGCTCAGGCCGATAATTAAAGAGGGAGGGTTCTGTTTAAGGATACATGGGAATTTGGCATTTTGCGAAATCAATAATTTCTTTTTGAGCTCACGTGAAATACTGGTTTAAAGAATACTCTGTACTACTGATTCCAATGCTCCTGGCGGCAGGGTATGCCGGTGTATTCATCTGGTATGCTCCGGGTTATTATTCGGATGATTTTCTTGTGTTCTTTTATATTCAGGAAAGCCTGAGTACCCTCAGCTTCCCCGGTCTGACTACCCCGTTCTATCTTGGACTGCGCCCCGGTTTTGTTCTTTTTCTTTCCCTGCTTCACAGCGTTTCGGCTGATCCGTTATTCACGAAGATGTTTCTTCTCTTTTCGGTATTACTTCTTCTTTTCTTCAGTTACCGGATTATTATTCTCGCCGGCAAATTGTACGGATTCGTTCCGTCCGGGATGATACTGTTCGCAGGGCTACTGTTTATCACTTTTCATCCGGATACCCTCTACTCCGTTTTCTGGATCTCAAACGGCAATGAACTGCTGATGACGCTCTTTTACGCGGGAAGCATATATTCTCTTCTGCTCATGATGCAGAAAGGGAAACCGATCTATCTCCTGCTCTGTCTGCTTCTGTATGTTATTTCGGTCTCCATGAAACAGACGGGCCTTCATCTCCCCTTTCTGGCAGCGCTTTTTTTATCCGTTTATACCCCGGGGGACAGCAGGGAATCACAAAAGAGCACGGTATATATTCTTACGGCCGCCGGAATTCTGATAAGCGCGGCAAGCATCTGGCTTCATGCATCTTCACAGTATGCGGGCATACTTGATTCCATTGACTTATGGAAAAAGCCATTCGCGGTGGCCGGCACAATGCTCTATGTCCTTAATCCAGAGGCGGGCAGCCGGCTTTACGGCTATTTTCTGATGAACAAGCTTTATGCTGTACTTGCGGCAGTCCCGGTAACAGCCGCGGCAGTGTGGTATATATACCTGAAACGCCTCAGGGCAGGAAAAATTATTTTCTGGCTTGCTGTTTTTACACTTATCTTCTTTCCGAGAATGATGGCTCCCGGAGGAGACAGGGTCAATATGATTCAGGTCTTCTGGGCGGGTATCGCGGGCATACTACTGGTTTCTTTTTACCGTAAAGGAAAAGCCGCAGTACTGCTCCTGTATATCTTTGCCATCGTATCTTCTGTTCAGTATTCGGCAAAAGCTGCTGAAGGATTCCGGGAGCGGAAGGAAGTATTGCAGCAAATGAACCAGGAACTCGCGGATCTGAGCAGCGGGAAACCGGAGGAGTATCTGCTGGTTACACCACCTGATACATGGATGTATCCTTATCTGTACGGCTATTATGCGGCAGGGAAATTCAAAAGATATCCCTTCACCATACTTCCCGTTTCAGCGAATACCGCTGATCTCACCGGAATATATAATAAGCAGCAGTCTGTTATTGAAGCAATCAGGAGCGGTAACACACTGCGGCTGCGGTATACCGATGCTGCTTCTTACTTCACCCATAATCCTGCCGACAGCGCCGGCGGCCGGGTAAACTATCTCAGTGCAGTCCGTCATCCGGGTGAGCGTGGATATATTGAAATTTCCATACTGCTGAGAGGCATATACAGCACCATGCCTGTGATATTTTTTGACGGTGCAAAATGGAGGAGGGTTAGTAATCAGTAATCATTAATTAGCAATTAGTAATTAGTGATTAGTGGTTAGGATAATAGCATTCGTTTTTATCCGGGTCATTATTCCGTTATCCGGTTCACTGAAGAAAACAGGTTCACCCCGGCGAGCCGGGGCTGCTTAACATCGGCATACATCCTGCCAATCTGCAATTCCGTTGGAGTGGATAGATATATATTCCCAAAAACATCAAACCAAAACCGGAAGCTGTTTCGTCCCAACCGACATGCCGCGGCATGTCGTTACGATTATCTGTCAAAATAAAAAACCCCGGACGAAGCCGGGGTTTTGAAATTAAAATTTAAGAATTACAAATTACAATCAATTCATAATTCATAATTCATACTTCATAATTCATAATTATTTTATGAGTATCATCTTCTTTGAATCGGTAAAGGATTTGCTGCCTGCCGACGCGCGGAGCGTATATATATAAGTACCGCTGGTGAGCTGCGATGCATCAAACTCAGCTTTGTGATAGCCGGCTTCAAGGTCGCTGCTCAGAATGGTCATTACCTGTTCACCCAGCGTGCTGTAAACCGTCAGGGTAACCCGCGCGGCTTCAGGGAGGGTGAAGCTGATGCTGGTAGCCGGATTAAACGGGTTCGGATAGTTCTGCGAAAGTGAATACACTTCCGGGCGGTCAACTGTTACATCCGGCGCAGTATATATGGTTACGGTTCCGTCATAATCTTCCTGCACAAGACGGTAAGAGTAGGTTCCGGAGTTCATATTCCGCTCGGTGAACTGATAACTGCTTATCTCAGCCGTGTTTCCTCTTCCGGCTATATATCCCGCTGAGATCCATCCGCTGTTCTGCGATGAACGCTCAATGCGGAATCCTTTATTGTTGGTTTCCGTAGCGGTGCTCCAGTTCAGAGTGACCGTGTTTCCTTCAGCAGCAGCGCTGAATGAAGTCAGTTCAACCGGCACATCACCGATCAGGAGATTAACCGGAACGGTAATCAGCGGCTTTGAAGGATCGTTGCTCGCTATCTTTACTTCCATGCGGTACTGTCCGGCAGGATAGTCTTCAGAACGCATTTCAAGCCGGATT
CP054182.1_gap95	3999727	4002333	2606	GTGCAGGTGCTGTATACAATCACGCCCCCCTCTTTTACCAGAGAAGCGGCCTTATCAAGCAGCTGCGACTGCAGTTTGCTTACATTGTGTATATCAACCAGTTCCTTTTTCCATTTAATATCCGGTTTCTTCGAGAGTGTGCCGAATCCGGTGCAGGGGGCATCAAGCAGCACGCGGTCAAAGGGTTCCGATACATATTCAAGCGCGTCAGTGGCAACGGTTTTCACGATGGTAACACCGAGGCGTTCGTTATTCTGCTGCAGGAGACTGAGACGGCTTTCAAAATAGTCAAGCGCGGTAATTTCACCGCTGTTTCCCATCAGGTCGGCAAGATAAGCGGATTTACCACCGGGGGCGGCGCACATATCCAGAACGTGCATTCCCGGCTCAGCCCCAAGAAGGCGGCAGGCAATCCCGGCACTTTCATCCTGCACGGCAAAGTATCCCTGGCTAAAATACTCCCAGCTTGATATATTCGTCAGATTGTGCAGCCTGCAGTATTCCGGTATATATGAGCCGGTGCTGTATTTTAAATTCACCGAATCCATGAGGCGGAGAAATTCTTCCGGACTCACCTTAAGCTGATTGATGCGGAGCGTAAGATAGGGGCGTTCGTTATTGGCAATCATCAGCTTTTCCGCGCCTTCGCGTCCGTAGCGCGAGAGCCACCTCTTAACCAGCCACTGCGGATGAGAGTAATAAGCGGAGTAATAACCGATCAGATTTTCTTCAGGATCAGGATAACGGAGTGCGTTTTTATTGCGGGCAATATTGCGCAGGATTGCATTGGTAATATCAGCAGGTTTCTGTCCCTGGAATTTTTTTACAAACTCCACCGCTTCATTAACAGCAGCGTATTCTGGCACCTTGTCAAGAAACATAATCTGATACAGCGCGACGCGGAGCGCGTTTTTCATCAGAGGGAGCGCTTTGGAAAACTGTCCTTTGTAAAACCCGCTGAGAATCCAGTCAAGCCTGCCGGACCACCGCACCACACCGTGAACAATCTCATAAAGCAGCGCCTTATCAGGACCTGAGATTTCACTGTTCTTCAGTTCATAATCTAGCAGTTTATCAAGATAGGAATCGGTCCGCTCAATCCTGTTGAGGATTTTTACCGCGGTACCGCGCACGCCGGAGAAGAGTCCGGCTTTTTCAGGAACATCCTTTTCCTGCTGCTTCTGCTGTTCGCTCATTGATATATATTCCGGTGAATCAGTGGAAAGATCAGTACGGATATCCGCGCTTTCTTCTTTCCTTCTGCGTGAGGTCAAATACTTTTCTGATCAGCTTTTCTTCCGGCTCCGCCATGATCTTGTTTCTGCGGAGCATTACCCGCTTGGCTGTTTCCAGACTCCGTTCAAGGTCATAGGTGGTCATGGATTCACTTCCTCCCCAGGAAAATGAAGGTATATACTTGGGAGGGAATCCGGAACCGAAGAGATTGCAGGAAAACCCGACCACGGTACCGGTATTGATCATCGTGTTAATGGAGGTTTTTGAGTGGTCTCCCATGATCACGCCGAGGAACTGCTGGCCGGAATTCACCATCTCCCCGTTAACATAAATCTTTACGCTTCCGTAATTGTTCTTCAGATCGCTGCAGTTGGTGTCAGCACCAATATTCACCCAGCTTCCAAGGTATGCATGACCGAGGAATCCGCTGTGCTGCTTGTTGGTGAGGGAGTGAACGATGGAGTGTTCAAGCTCTCCTCCGATTTTACATACCCGCCCGATACTCACGTTTTCGTATATACGGGAGCAGCTTTTCACCTGGCTGAACTCACCGATATAAACTGGTCCTTCAATCACCGCGTTGGGAAAAATGACCGCGTTATGATCAATCACGATGGGGCCGTGTGTTGCATCAAGCACCACACCGGGCATCACCTTTGCCCCCTCGGCAACATAGATATTATCCTTCTCAATCATATATACGCCCGGATAAATTTCCCCCTGTATCAGGTCCTTTTTTTCGGCACGGGTTTTATCCATTACATACTTCTGGTCTTTCAGCAGTTCAGCCCCGTTATTGCTGATCAGATCCCAGCAGTAGTCTATAAAGCGGATATCAACTTTCTCCACCGGGAGGCTGTCAAAATTTGAACGGGAGAGGAGATCGGTAAGACTGTTCTTTATTTCCTTCAGTTTGGAGCCGGAAACACGGGCGGCGGCTATATTATCACCGCTGATATAGAGTTTATCGGCCTTGTCATTCAGGGGAATCATTTTCGCCAGATTTTCAGGCGCGAGCATCCGGCCGTTCACAAAGAGGCATTCGTCATCCTGAATGTGGTTAACGGTGATGTCGGGATATTTGTTTTTTAAGAACGAATCAAGATAGGGGCGGGTGTGCATAGAGACGCGTACGCCGGGATAGGCGCGCGCAATTTTTTCCCTCAGCATATTCATTCCGCAGACCAGATCATAGGCCGGACGGGAATAAATCAGCGGTTCAAGTCGGTCATAGTATATATCTTCGAAAATGCATATTTCCATGATGACAGTTTTTCCGGTTTATGTAAAAATAAAAAAAGCCGTCCCCGGTTTGGGACAGCTTTTTCAGTTAAAAAATACCTGTTCCTCTTATTTTGCGGCTTTGGCGT
CP054182.1_gap96	4004868	4009053	4185	CATACCCCTCCCCCCTTCCGATGCTGTCTTCCGTAATAAAAATCAGATTTAAAAAGCTGAGTCCGCGCGCATTTCTCATCCCCAAAATGGTCTTTACCTTCACGGCAACCGGCGGAAGAATCAGCAGCATACCCCAAAGAATAAAATTGGGAATGATAATCAGCATCAGTTCAGAAGAGAATATATTCATGCAAAAGGGTTCGTAATAATTGTATTTTTGAAGTCGAATTTATTATAAATAAACAGGAAAATCTTGCCCGTCGGCGAACTTTTTGCACTCCTTACCGCCCTGCTCTGGTCCGGAACCGCCCTCTGCTTCGCGGAAGCTTCACGAAGAATAGGAACCTATCAGCTAAATATCAACCGTCTGCTCATCGCGACGGTTTTTCTCAGTATTACCATCGTGATTGGCGGACTGAATTTTCAGCTCTCCACTGAACAGGTACTGTATCTTGCCGCGAGCGGAATTGTGGGTCTGGTCTTCGGGGATACCTTTCTCTTTAAAGCGTATCAGGAAATAGGCCCGAGAAACGCAATGCTGGTGATGTCACTTTCCCCCGGTATGGCAGCCATCATGAGTTACTTTCTGTTCGGAGAGACTATTTCGGCAATTGGGATCGCCGGCATCGTTGTCACACTGGGGGGTGTTGCCTTTGTCGTGTACGGAAGAAATCCGGCAACCAAGGAACATATTTCCGCAAGCGGGTTGTGGTTCTCACTTCTCAGTGCATTAGGTCAGGCAGGGGGGCTGGTGCTGGCGAAAATGGCATTTAATGTTTCTGATATTAACGGTTTTGTCGCCACGTTCTACCGGATTTTCTTTTCGGTGATTATCCTTTTTATCATGGGAGTCACCACGCGTATATATAAAAATCCGGTCACCCTTTTCAAAGAGCATGTAACCGCGTTCAAGTTTACCCTCGCGGGTGCAATCATGGGGCCGTTTCTGGGTATTACCGCAAGCTTAATTGCAATCAGTACTGCCAAGGTTGGTATTGCCTCTACGCTGATGTCCATCGTACCGGTAACTATGCTTCCCCTGGTATATATCTTTTACAAAGAAAAAATTCCTGCTAAAGGAATCATCGGGGCTGTTATCGCGGTAGCGGGAGTGGCGATACTGGTACTTAGATAATTGATAATGGAGAATGGAAACTGGAAAATTAAGAAAGTGATTTCCTCCAATTTTTAACGATTACCATTCATAGGGGAAATAATAATATTAGTTTTTGTAGCGCCACGCCGCGGCGTGGCGGTTGGGGGCAACATGGAATTGCAAATCATTAAATATTTGATTCTTCGATTAAGATGGTTTGAGGTGTCGCCAGATTATCATCTGGCGGTACGAAATGTTGGTGAGTCTTATTCAATTTTATACATCGACCAGATTCCTGCACACCAATCAAGCAGCAAAGATAATTCAGGTTTGTAGCGCCACGCCGAGGCTTGGCGGTTGGGGGCAATATGGAATTGCAAATCATTAAATATTTGATTCTCCGATTAAGATGGCTCGTGGTGGTGCAAGATTGTCATCTGGCGGTACGACTATCACTGATTTACGCAAAAGTTTATGCAACAGATTACTTGAAAACACGACTCCCATTAGTTTGCAAAAACGCCTCATAACTTAACCTGAATTTCGTATCTTTAAATTTTTCATCAATTGCGAACTCATAATTACTCACTAAAGCAAAACTTTTAATTCGCAGCTTGCCATAATACCCGGTAGAATTACGAAAATAAATTAGATCATTGGGCTTCACGGAAATAGTACTTTCATAACCAGTTTCAGGCGCAATATCAGCGTTGGAAAGCGTTACCCCATTAGCTGCACTTACTGAAAGGGATGCATCAATTGAATAGGTTGCTTTCAATGTAATAATAAACTGAAGTGCATAGCTGTATGAACCCTCAAAAGAAACTTGTTTCAATCGGTACTCATACAGTGGTGAGGGAGAGCTGTTATCCTCAAACATATAATTGTGCGCCTCATTTGAGGTTCCTGCTCCGGCTACAAAAGCAATAGTTTTAAAATTACTCGAACCGTCCTTCCTTTCAATGCTCCATCCTCTGTTTTGATGCTCATTTGTTGTTGACCAAAAAATCCTCGTATATGTGGGGTTCAAGCTAACTCCGGTATTTGCATACATAACAGTGTCTGAGGTTCCAACCTGAAGATGATAGGACTCGATCGAGATGGGACTAAGTTTGTACTTCGTAAAGAAGAATAAATCTTTTTCCCCTGCACTCAACATAATATTAGATGTATCAATATTTTGAGTGGAATCTAAATGTACCCTAAACTCCTTTTCAAGAGTTTTAGACTGATACAAAACAGAACTGTTTTCTGCATTACTAGGATGTTCTTTGCATCCATAATGCGCGATCAAAACGAAGAAAAGAATCAAGTGCGTATATTTCAAACCCATAAAAACTCCTGTCTTGGTTAATTCTCAAAAATTTCGTGGCTAAAATTTCTTTTGAGAATGCTGGTTTGCAAAAATAGAGAAAATGATGAAAAATCACCAATTACTTTCAGAACTTTACTCGCTTTGCGTTTAGTCTCCGAAACAATCGATGATTTTAAGCACCTTAATGATAATAGATTGTGTCGAAAGGTCTCTCTAACGTGATGGGTAATGAATTTCAAGATCTGTAAACGATGTCCTGCGATTTTTTGGTTGTTAGGATTTGGGGTGGCGACAGATTATCATCTGGCGGTACGAAAAAGTGTTAGCGATGTCCTGCTATTTTCTGACTGTTAGGGTTTGGAGTGCGACAGATTATCATCTGTCGGACGGAAAAGTATTAGCGATGTCCTGCTATTTTCTGACTGTTGGGTTTGGGGTACCAACAGATTTTTATCTGCCGGGACGGAATACGAAAATTTCAGGAGCATTCTTCATTCTTTCATTGTTCATTATTCATTTAGGCAGACAGATTATCATCTGCCGGTACAAAAAAGTGTTAGCGATGTCCTGCGATTTTTTGACTGTTAGGGTTTGAGGTGGCGCCAGATTATCATCTGGCGGTACGAAAAACTGTTAGCGATGTATTACGATTTTTTGGTTGTTAGGATTTGGGGTGGCGACAGATTATTATCTGCCGGTACAAAAAAGTGTTAGCGATGTCCTGCGATTTTTTGGCTGTTAGGATTTTGGGGCAACGCCCTATTATTATCAGCCCGCCTTAGTCAGGAAAAGTTAGGACGTATCCCTACTGAAGCGGATTGCGGTTACTTTCCGGCCCTGCAATTCTCCATTTTCCATTCTCCCTTTTCCATTACTCCCCCGTTTTCCCCTGAAAATTCCGTAAATTTGTGTTTTTGTTAAAATATTTCCCCTGACAGATGAGCAATCAGCCCGAATTAGCCAAAGCATACAATCCTTCTGAAGTTGAAGATAAGTGGTACAGGAAATGGGAGGAAGAGAAAATCTTCCGCTCGGTGCCTGAATCAGGTAAAAAGCCCTATACCATCGTTATTCCCCCGCCGAACATTACCGGCAGCCTGACCATGGGGCATATCCTGAATAACACCATCCAGGATATTTTCATCCGGCTTAAAAGGATGCAGGGATTCAACGCCTGCTGGGTGCCAGGGACCGATCATGCCTCCATTGCCACAGAGACCAAGGTTTATAACTTCCTGAAAGACCAGGGAATCAACAAATATGAAATCGGCCGTGAGGAATTCCTGAAGCACTGCTACGAATGGAAGGATAAATACGGCGGGCTGATCATTCAGCAGCTCAGGAAGCTCGGCGTCAGCTGTGACTGGGACCGTGAGCGCTTCACCATGGATGAGGATTATTATAAAAAAGTCGTCAGCTCATTTGTCGAACTCTACAATGAAGGAAAAATCTACCGAGGCTACCGTCTTGTGAACTGGTGCCCTGTTTCAAAAAGCGCTATCTCAGATGAAGAAGTTATACCGCGCCAGGTTCAGGGAAAACTCACCTATATCAAATATCCGGTCAAAGGTGAAAGCGGATATATAACGGTTGCAACCACACGTCCTGAAACGATGCTTGGTGATACCGGCGTTGCGGTAAATCCGGAGGATGAACGATATATAGCATATATAGGCAAAACAATTGTCCTGCCTCTGACCGGAAGAGAAATTCCTGTTTTCGCTGACCAGTATGTTGATAAAACCTTCGGCACAGGCGCAGTGAAAGTAACTCC
CP054182.1_gap97	4088352	4090108	1756	GGACTTAACGGAAGAACGGTTGCACGTGTGCTCAAAGATACCGGAATCAGGTATCAGGTGGTGGAATATAATCCGGATATCGTGCAGTATCACCGCAATCTCGGTGAAAATATTATGTACGGAGATATTACAAGAAAGGAAATTCTGCTTCACGCGGGAGCCGCGCAGGCACGGGTGATGGTCTTTGCCATATCAGATGAAAAAGCCACTATCGCCGCGTTGCAGCTCGCAAGGGAGATCAATCATGATATATATACGATAGTTCGGACCCGGTATGTCAGGCAGGTTGAGATTTTCCGCAGTCTGGGAGCATCCGAAGTGATACCCGATGAACTGGAAACCTCGCTGATGATCTTCAGCCGGGTGCTCAGAAAATACCGGTTCCCGACCAATCTGATTATGCGTCAGCTCAGCATACTCCGCAGCCACTCATACCAGTATCTGCTCACCAAACCGGATGACATTGCCATTCTTGATCATGTGCAGCGCGTTCTGGCTGAGGGACTCACCGAAACGATATATATTGAGTCAGGCAATCCGAATATCGGCAAAACCCTTAAAGACCTGAATATCCGCGCTCTGACCGGAGCAACCGTAATTTCCGTTATCCGCACAGGCAAAATCATTTCTGCCCCGCAGGGAACTGAAGTGGTCACTGAAGATGACCAGTGGCTGATTACCGGAAACCACAATCAGGTGGATGAAGCGGTAAAACTGCTCACCGGAAACGGGGATAATGAATAATTTACAATGTACAATTAACAATGGAGTATTGAGGATTAGAATTAACGCAAATGTATATATATTCCCTCACAGTCCGGTTACATACAGCATATCAGCAATACATCCAACAAAAGCGCTCCAACCAGTCCCAGAGGGACGACATATTAATAACCCACACATCTCCCGAATCTACCCAAAGTCCCGTAGGGACGACATATTAATAATACACACACCACCCGATTCCACCCAAAGTCCCGTAGGGACGACATATTAATAACACACACAACCCGATTCCATACAAAGTCCCGTAGGGACGACATATTTCCGTAATGCCTGCGAGTTATATATACTATACTGCCAGCTTCCACGAAACGGAAGCAACCTAATTATCATACTTTAAAAAGGAACAATGAATAGCAGCGGAACAGTACTATACATATTCTTTTATCAAATCCCCCGCTTTAGCCAGTGGCACCACAAAAACATTTTCCTTAATTTGAACCGTATCTTTACCCGGATATATCACCATTCCGGTCTTACACCCAAGATCATCCATCCCCTGGAAAAATCCTTTTGATACCGCCGGAGAGGAGGAAAATTTTATTTCGATTCCGATAACCGGTTTTTCCGCCCTTGTAATTACCAGATCAATCTCAGCCCCGCCTGTTGTCCGGTAAAAATACCCGCTGCATCCTGCAGGCAGCGTGGAAAGAATCTGCTCGATCACATAACCCTCCCAGATATGCCCAAGCAGGGAGTTCCCCAGCAGCTGCTCAAGCGTTCCGGTCTGCAGAAGCGCAAGCAGCAGTCCGGAGTCCCGTATATATACCTTAGGTGATTTTACCAGCCGCTTGCCGATATTCTCATAATACGGCATCAGAATTCTTACCAGATACGCATCCTGCAGTATATCCGCATATTTTCTCACCGTAGGCGCAGATATACCAAGCGCGGAGGCGAATGATGCTGAATTCCACAGCCCCCCCTGTGATCGGGCAAGCATAGTCCAGAACCTCCTAACCAGTGATACCGG
CP054182.1_gap98	4142058	4145907	3849	GTGATTCCGTTCGTAGGGATTCCAGGTGTTTTTTCTTCCCATAAACTCTTCGTTATAGGGAATTTCAATATTCGCGAATTCCATTGCCGGCAGAATCTCAACGGTGTTGACTCCCAGAGATTTTATATAATCAATACCGCCCCTTTTTCCTTTTTCAACCAGTCCGGCATAGGTTCCTTTTTTCCCGGCTCCTGATGTTGGATGAGCCGTCATATCGCGGATATGCATTTCGTAGATGATCAGGTCTCGCCAGTCCCGCTGAATCCAGGTATCACCTTCCCAATCAAAATCCCCTTCTTTCATTACGATGCCCCTGCGGGTTCCTTTGTAGGTGTTAAAGGTAGTCACCGCTTTTGCGTAGGGATCAAGCACAATGGTTGTGTCCCCCTGCTCCCAAAGCCCCGGATTGTAAACCTTAAATCCGTAATAAAGCCCGTACTGCTCTCCTTCAACCGACACTTCCCAGACACCGTCATTGTCGCGGCTCATGGGGTACTCACGCGGATTTTTCTGTTCCGGTTTTTCATACGTGCAGAGCGTTACTTTATCCGCCTGCGGGGCAAACAACCGGAAAACCGTATTGCCGGATTCGGTAAAAGCGCCGAGTTTTTTATCGGAGTAGTACCGGTCTAATTCTTTATCTTTCTGGGATTTCTTGAAAGAATGCGAGGTGTGGCGTTGGGTATGGCTTTCAACAAAGGTCAAAGTTGCACCTGTGAATAATACAATAAAAATAGCTGCGAACAGAACGGCTTTTTTCATAATGGTCGTTTCTTTTTTCTGAGCTCATGAATTTCTTAAAAAAGCCTTAGAATTTACGTAAATCAGGGGGTTTTTTGAAGGGAAAAGTCTGACTCAACAGGATTTATAGTTTAGCCAATAATCTTGCAACTGAATGATGATCACCTCTACACTCAATTGCCGGGAACTACATACTTCCCGGTTTTGACTTTTTTTTGTCCTTATACACTTGACCCTTGGCTGTTAGACGGTATTTTTGCTTTCTGCTATTTGGCTTATCAGGGATTGTTAATTCAATTAACTTTTGTTCCAATGCAGGTTGGAGATATTTTTTCCTAAAGTTTTCCCTATGAGCTAAGCTTAGTTTTTCCTGCAATTCCAGTCGCGAATGTTCTCCGGTAAAAACACTCAGGAGCTCTTTTACTTGCGCGGTACTTGCGCGGTACTTGCGCGGTACTTGCGCGGTGACTTGAGAGATAGTCATAATAGATGATGGGAAAACCATTCTGGTAAAATTCTCGGTAAAATGAAAACACTCTTTATCGTAGTGTTCTAAAATTCTGGGAACTCCGGAACCAAGTTGTTCAACAAGTTCCAGATCCTTAAAGACCCTCATCAATTCCTTATTTCTAGGAATTGAAAAACCTTCGAAAAATTCGGTTTGGTTTAGCCCATCAGGCAAGGAACCTGCTGAGGTGATTTCGATTCTGTCAGAAAAAATCTCAAACTTTGGTGCTACTTCACGAGTATAGTCATTATGAACAATCGCATTGATAATTGCTTCACGAATCGCAATAGGATTCCAAAGTCTTTGTTCTTTTCGTTCTTTGGGAGTAATGGAGGCAAAAGTTTTATTTTCTATCGTAATCTTATCTAATATACTTTGCGTTGCTTTAATGAGGGAACAATATCCATATTCATTATTTTCAATAAGTTCGTTCCGGTTGAACGATTTATACTTTGCAAGTTTTATTGAAATATTATTTTCATCTGCCAGCAAATAAGCCGCATAGTTTAACGAACCATCTTCGGTTACTAATTCCAGGTTTTTCTTAAACTGCTTATTAAGTGGCTTTTTCTTTTCCTCATAATAGATACGAAGCTGCTGAAAACTTAAATCCTGCCGGTGCGATTTAATTAAGCCGATTGAATTGCGAGTACGGGTCGAGAATAATTTCTCAATCATTGTTTTTGGCATTGGTTCAGCAGCTGACCCAACCCTTATAAAACAGCCCTTTTCAGTCATTCCATATTTTCTTTTAAAATAGGGTTTTTCGCTGCCGCTGGCAACAATAATTTTAATCAGTTCTTTGCCACTTTTGTGTTCGGAAACCACATCAAATAGACCCATTGCTGAAGGAGAAATGTTGTTTTTAATTCGGTCTTTGATTTTGAGCATATCGCTGTCAATATCCGAAGCGCCAACCACATTGCCATGCTTATCAATACCAATATATATTAAACCTCCTTCAGAATAATTCAGGAAGGCAATTACTTCTTTCTCAATATCAAGATCATTATTAAGCTCGCGCTTATATTCTATACGATTAGTTTCTGCCATTTTTCTGATTTAAGTATAAGGATCACTACAAAAATATACAATTTCCCTATCCTTTCATAACGGGATTTTTCGTTTAATCATCTGTGTTATATCACTTTTGGTTAATCCTGACAATCTAAATCTTTAATTAGCGGCTGCTTTAGCGTTATTATAACTTTAGGATATTTTGCATCAGGAGTTAATTCGTTTCCTTCTTAAATTTAGCATGATAAACCCTTTATTCCATGACCATAACAATTAGTGCACAGATGACTTTTTCAGCAGCATACAAACTTTCAGGTACAAACTCAATTTTACAGCCCCCTCTACATACTAAACAAAGCTATTGCCTAATATAATCTTCCCCATTCAAAAACTTTACGGTGCGCTGCACTTCTGGGGTGACTTGCGCGGTGCTTGTACGTTACTTTTGGGGTGACTCCTTTAGTTCCTGTTTAGCTTGGCTGAGATATACGCTTGCCGGTTCGTTCAGTATAAACTCTTCCTCGCAGCTGTAAAAAACCTTCCCCACGCGCCTGATGTGATCAATCAAATCAGCATTTGTTATCATGGTAATTTGCGTCAGATCAATTTTATAGGGCAGCAGCAAATCGTCAAGCTGAGCATCAATACTCCCTAATACATTTCGGAGACTTCCATGATTTACAATGACCAAATCAATGTCAGAGGCAGGCCTGAAATTCCCGTTTGCCCTTGAACCATATATAATCACAAGTCTGACCTCACTGAATTTTGAGAATACTCCGTTTATAGCTGAAATATCTTTTTCGGAAAGTCCAAACATCATGTTCTGCTCCCTAATTCCGTCATCGTTTCTTTTAAGGTAGCAAATAAAGGGAAATACAGTTCAACAATCTGAGCCTGAAGTTCAGAAACTATTTCTTCATTATAGGTATGAGAGGATAAATTTCTGCTCCGGATCATTTCCATCCAGGTAACACCATCTGTAATAAGACCGCTTGAATATGCCTCTCTTACTGCATCTCGCGAGCCGGTTATCGAAGTAATACCCTGAAATTCCAGATAGTCTTTCATTAGATTCCAGGCAAGTTCATGGGTCAGTTCAAACCTTTTAATCAGACCCTCTTCTTCAAGATTACTTAGCTCTCTCTTACCGCTGAGAACCACCGCCTCCTCTAAAAGATTCAGCGCCTTTATATAATTATTTAATCGTTGTTTCCAACGAATATCGGGATTATCCAAAAACGTTTACCTTTCCATAAACAGTTCTTATTTCCTTGCATTGAAAAATACTTAATTAACTCCATCCGAAAAAACTTTGGCAGCCCAGAAATCATCGGTACTGTAAAACCTGACTTCCGGTCAGCCGTACTTCGGAGAGCGCTCCCTCCCTTCCCGAAAAACCGGAATTTATTCCCCTTTTCATGTTATTTTTGATAAATTAATCCTGATTTTTATGGAAAAACACACCATCTCGACTGACCCAGTTACCGGTGAAATTACCGGTTACACTAAAGAAAATACCATTGAAGAACTTAACGAAACTGTTGCCAGGGCAATAATAGCTGCCCGTGAGTGGGCCTCAC
CP054182.1_gap99	4154938	4159490	4552	GCATTTTCTGAATGGTTTTTCCGCCAGGGCCAATAAGAGCGCCAATCTGATCAGTCGGAATTTTAATGCTAACGATTCTTGGTGCATAGTCAGAAAGATCAGCCCTCGGCTTATCAATCGCCTGATTCATAATACCAAGAATATGCATCCTTCCTTCTTTTGCCTGATGAAGCGCTTCTTCCATAATCTTGAAGGATATACCTTCAATCTTTATATCCATCTGGAAACCAGTGATACCTTTTGAAGTACCGGCAACTTTGAAATCCATATCACCAAGATGATCTTCATTGCCAAGGATATCAGAGAGAACAGCATAGCGTTCACCTTCTTTGATAAGACCCATTGCAATACCTGCAATTCCTTCGCGAACCGGAACACCGCCATCCATCATAGCCAGCGAGCCTGAGCAGACTGAAGCCATTGATGATGAGCCGTTTGATTCAAGGATATCACTGGTAAGACGCATGGTATACGTGAAAACATCTTCAGCCGGAAGCAGTGCCTTAAGTGAACGTTCTGCAAGATTACCGTGGCCGATTTCTCTTCTGCCAACACCTGTCATTCTGCCAACTTCACCAACGCTGAACGGAGGGAAGTTATAGTGAAGGATAAACTTCTTTGTATATTCTTCACCAAGACCGTCAATCAGCTGTTCGTCATTCTTGGTACCAAGGGTAAGAGTGCAAAGACTTTGTGTTTCACCCCGGGTGAAGAGTGCTGAACCGTGCGCTCTCGGAAGAACACCAAGTTCAATAGTGATGGGACGTATCTGACGTGTATTTCTGCCGTCAAGACGGAGTCCGTCTTTCAGGATTCTTTCACGCATCTCTTCTTTTTCTATATCATGAAGCAGTGCAGCGATTGTTTTTTCCTGCTCCGGATATTTTTCAGCAAGAGCTTCTTTCACACTGGTATTCAGCGCTTTATTAGCCGCTGCACGCTCCTCTTTACTGAGAACCTGGGCAACTATTTCGCGGTATTTATCTCTTGCGAGTGCATTAACATCCGCAATCAGTTCGGCTGCAATCTCTTTTGGCTTTACTTCCATTTTAGGAACGCCTGCTTCAGCCATCAGTTCTTTCTGCATCAGAACTAACTTCTGAATAGCTTCATGAGCAACACGGAGAGCGGTGAGCATCTCTTCTTCAGATACTTCTTTTGCATCACCTTCAACCATCATGATTGAATCATGTGTGCCTGCAACAACCAGCTCCATATCGCTTGCTTCAACTTCAGCGAATGTCGGGTTAACAATATACTTGCCATCAACACGTGCAACCCTTACCTCACCGATCGGCCCGATAAAAGGAATATTTGAAATTGAAAGCGCAGCAGATGCACCTAAAGCTCCGAGAACATCAGGATCATTTTCACCATCATATGAAAAAACGGTTGCTACAATCTGTGTTTCGTTTCTGTACGCATCCGAAAAGAGCGGACGAATTGGTCTGTCAATTAATCTGGCGCTTAAGATTTCTTTTTCAGTAGGTTTACCTTCACGCTTAAAGAATCCGCCCGGGAATTTTCCGGCAGCGGAATGCTTTTCGCGATATTCAACCTGCAAAGGGAAAAAATCTATATCTTCCTTTGCTTCCTGAGCAGCAACTGCGGTTACCAGCACCATGGTATCGCCTGAGCGCACCATAACAGCTCCGTTTGCCTGACGGGCATAACGGCCTGTTTCAATGCTTATTTTCTTGCCGTCAATTTCTACTTCTTTGACTACTATCATTTAAAAACCTTTTTTACTTTCTTATGTTCAACGCTTTAATAATTGCTCTGTAACGCTCGATATCGCGTGAGGCCAGATAGTCCAGAAGTCTTCTTCTTTTTCCCACCAGCATCATCAGTCCGCGTCTTGAGTGATGATCTTTCTTGTGTTCCCCGAAATGTGAGGTCAGATCGTTAATCCGCTTGGTAATAAGCGCAATCTGAACTTCAGCTCTTCCTGAGTCCTGCTCGTTAGTTCCGTATTTCTTGATTATCTCAAGTTTTTCTTCTTTGGTCATTGGTATTTCTCCTTTATGATTCGATACTACCCCAGCCGGAGCCGGGATATATTAGTTAGTTATAATTTTTTCAGCAGTTCTGCTGCAGTCTGCCGGTCTGCTTCTATCTGTTTTTTCAGTTCTTCAACTGAAGTAAATTTCTTTTCATCGCGGATCTTGACCAGCGGAAAGACGCAAAGTTCTTCACCGTATATATCAGCATCAAAATCCAGCAGATGCACTTCGGGCACCACCACCGGCTCATCGTTAAATGTCGGCCTGATGCCTATATTCATCACCCCGCCGTGATTTATGTTTCTTCCCTGTACCCGTACAGCATAAACACCGTTTCCGGGAATCATTTTGTTTTTCTCTTTTCCTGCGATATTCGCGGTCGGGAATCCAAGAGTTCTGCCCCGTCTGTTTCCCTCTACCACCTCACCGCAGAACGAGAAGCGGTAACCAAGATACTCATTTGCAAGATCTGTTCTTCCCTGCGAAAGAAATCCGCGGATAAGAGATGAACTCACCGTCACATCATCTTTCTTATACTCAGGAACAGACGCAAATGAAAAACCTTCTGCTGCCGCAAATTCTTTAAGCATTACCGCATCACCCCGCCTGCCTCTGCCAAACCGGAAGTCATAACCGACTACCAATGCTCTGAGCCCTATTCCTTTAAGAATATAGTCCTTCAGGAACTCTTCTGAGCTGACATTTGCGAATTCATGGGTGAAATTAATAACCAGAACAGCATCAATACCAGCTTCATCCAGAAGCCGGAGTTTCTCCTCAGTAGTCGTTAAAGCCGGCAGCTGGTTGTGGGGCACCAAAACTGCTCGGGGGTGAGGGTCAAACGTTATAACAAATGTCCTCAGATTGTCTTTTTTCGCCTGCTGTTTCAGAAGACTGAAAAGCTGCCTGTGGCCGAGATGCACTCCGTCAAAGGTTCCGAGTGTCAGGGCAGTATTAATGTCGTATTCCGCTTCAGTAATATCTCTGTAAACCCGCATACTGCCAAAAGTCAAATTACAAAGATAGGTATTATTACTGTAATATAAAAGAAGAGAGTTGGGTCACTCATCCCCAATTACCTATCTCCTAAGTCTTTGATTTATAAGGGTTTATGGAGAATTTGGGAATTGTCTCACTCCGGAAAGATGGGACACCTGAAACAACAATAATACCCTGGCCTTTTAGGAAAGGATGGGTGAGAATGACCCTGCCAGAAACGAATTTTTCAAGCCGCTTAGCCGGCACTTCCTATCTCCTAAACAACTTCAAATATTCTTCAAACACATACATCCGGTTCCTTTTATTACCAGAGACTTCCTTTATGATGTTTAATCTTATAAAGTCCCTGATCACAGAGTTTGCCGTTGGTATGCTGATCTGCAATTCTTCTGCAAGATAGGCCGCCGTAAAAACCGGATACCGGTAGAGATAATTAAGTGCGGCTTTTGCATTGGTGAGTTTTCTGCCAAGAGATAATAATTTTTTCTCTTCAATTTCATTGCGTAATTGCAATATCTTTTGAAAAACCTCAACTCCATGAGAAGCTGTTTCAATTACTCCAGCCAGAAAAAACTTAATCCACTGCGAGAGATCATTATGCGTTCTCACCAGAGTAAGGTTATCATAATACAACTGTCTGTTCCTCTCAAAAAAATCCGAGAGATACAAAGTCGGTTTTGAAAGCAGTCCGTTAGCCACCAGATAAAGCGTAATAAGCAGCCGTCCAACTCTGCCGTTACCATCTAAAAAAGGATGTATGGTCTCAAACTGATAATGGGCAATTGCTATCTTTATCAAATGAGGAACATGGATTTCCGTGTTATTCAGAAAGTTTTCAAGATCACTCATTAAATCTGATATTTCCTGATGATGAGGCGGAATAAAAACAGCATCATGTAACGTAGCTCCCCCAATCCAGTTTTGACTGCTTCGAAACTCTCCAGGGAGTTTACCTGTGCCTCTTGCTCCTTCAAGCAGCAGCAAGTGCGCCTGCTTAATAAGCCGGGTTGATACCGGAAGAGTCAAGAGTGAAATCATGGCATTATTCATAGCAGAGATATAATTCTGTACTTCTTTCCAGTCATCTCTCTTTTCAGGGTTGATGTCATTTTCCCTTAAAATCGCTTCGTCAATATGGGTCTGAGTCCCTTCAATGCGGGAGGAAGTAGTTGCCTCCTTAACCACATGCATTCTGATGAAAAGATCCACATCCGGGACAATTAGCGAGAAGGCATTCAGCTCCCCAAGCCGTAGGTTTGCCTCCTCCAGCATCTTATTAACCGCCGGGTCGCTTACCTGCCATTCCCGGTTCACCTTTTCCGGGAGGAAGCTCTTATACTGAAACTGAGGCACATATTTGCCAGATCTGAAATTCCGTATGTCCATATCAATTATAATTTTACCCCAAATTTAACTAAAAACTTCCACTAATTAAAGAAAACACATTTTCTTTAACTAAGAATTTCTGTTAGTTAAAGAAAAGCCGTTTTCTTTTACTAAGAATACAAGTAACTAAAGGTTTTAGGGTTGGGTTTAAAAGCAGAGGGTTA
CP054182.1_gap100	4180674	4184434	3760	CTCCCGGCCGTCAGAAGCAAACTGACGCAAAAATGGTAATCGCCGCAAAGATCGAAGATGCTATGCGGGCAAAAGGATGGAAGCACAAGGATCTTCTTCGTGCCATGAAAAAAGAAAATCCGGCGTTGGTTACCAGATGGCTTTCCGGAACTCATAATTTTACTGTGGAGACTCTGGTTGAGCTCGAAACAGCGCTGGATATTAAGCTATTAGTCCGGGAAATTGAAGGACCCGTTCATCAAGTTCATGATAAAAAACGGGATCATGAAAGGATATATACCGGCAGCATTCCGCCCCAGCCAGAGAAAAAAGCATTGCTGAAAAATGATACATTGCCGCCCCTTCCAACGAGAAGGAAAAAATCAAAAATACATGGTTGATACTTTTTTCGAGAGAATCTATCGCAGACGGCAATAAACGAAAAATATTTTGCCTGCCGCCATAATTGAGCAGCAGGCAGATTAATACTTATCCCCCTGCTTAAAAGAACCCGATAATTCCTGCCGCAATCATAGGGCCGCTGGTCAGGTTCAGCCCGGATTCATCAAGAACATTCCCGCCGGTGACATATGACATTCCAAACGATAGCATCGCCCTTACATTAAATTGAAATGACCGCGCGATAGGCGTAATAAATTCAAACCCTCCGTTCAGACTGCTGTATGATCCGCCGATATCACGGTCACCGCTGAAAAACCCGATTGTGAGCTCTCCCACCGGGCGGATTTCTGTATTGAAGTTCCGGCTGTCTGACGGAGTTTCTATACCCAGGGTAAACGTATAAAGCCCAACTTCATTTTTCCTGTTTCCGAGATACTGGTCACCCATTGAGGCGGATGCATAACCAAAAGAAAAAACCAGCATATCGCCAAAACCCACCCTGTATCCCGTGAAATTACCCTTTTTATCCAGCTTTTTCCCCGCGAATCCGTCATTATTAACATGAATATATTCGGCATTCAGTTTATAATATACTTCCTGCGAAAAAGCCATGCCGGAAAGAATTGTACAACAAATCACCAATAAAAGAGATCTTACCAACAAACACCTCCTGTTAAACAAAAAAATTGTATCCCGGAAGATAGAAAGCACCGGGAAACGGGGCAAGACCTCTGCCCCGCACCAGATATAGTTCCCTGCTCCCTGAAGTACCTGCGCTCCGGAAAACTCTCGCTGTTTCAGCCGGAAGCTACTTGAGGGTCCGGTCTAATGCACAATTACTGAAACGCGCGGAGTACCCCTGATACCCAATTCCTATGCAATATGATATATTTTCTGAAACTGCCTCCGGGTTACAAATTCAGGAATGCATTTGAGTGCAAAGTTTCTCAGAGGAATAAGCAGCTTGTTATCCGCCTGAGCGATTTGGCCGAGCCGCCTTGATGTGTCTATGATGTAAGCAGCTTTTTTTATTCTTCTCTTTTCAAAAGAACTGAACGCATCGTGAAGTTCTCTTCCGGATGCAATCTCCTGATGAAGCACCATCACATCCTCAATGGCCTGACATGCTCCCTGGCCAAGGTTAGGTGTGGTTGCATGTGCAGCATCACCAATGAGCAAAACCCTGCCGAATGCAAAACGGCTGAGGGGCAGTATATCACAGATTGAATTCATCAGCATTTCACTGTCAGAGGATACATCTAACACATGACCGATAAGAGGATGATAATCAGCGAAGTGATCTCTGAGACCTCTAACCGTAACATGTTTCATCCGTACATCATACTGGCTGCTGTTTATGACAGCGAACCAGTAGAGACGGTTTCCGTTTACAGGTACGATGCCAAACCTGCCTCTGCTGCCCCAGGTTTCAGTTGCTTCCTTAATCTTCAGATCCGCATTACTGATAACACTCCGCCAGCATAAATATCCTGCGTATCTCGGCTTTGATTCAGGGAGCAGCTGCATACGGATTGGGGAGTGTATCCCGTCAGCGCTGATAAGATAATCTCCCTCTTGCTCAGTGCCGTCATCAAAGCGGAGACTCACAGAGTTCTCCGTCTGGCTGAATGAAACTGCCTTCCTGCCGGTTCGATATATATCATTAGGAAGAAAACTCTGCAGCAGGCCGTGAAGAGTCTGGCGGTGGATGGCAAATCCCGTGAATTGCTCTCTAAATCGGGCAGATGGTCTTTGTTCCTTAATCACCCTTCCTCTCTGGTTAAGAATCGCGAGCTGATCTATTGGATTTGCCGATTCAATAAACTGATCAGCAATACCAAAATATTCAAGCGCTTTCAGAGCGTTCGGCTGGATGACAAGACCCGCTCCGGCAGCAGTTATCTGCGGCGCTGATTCAAAGATTGTTACTGAAAATCCTGATTTGATAAGAGCAATAGCTGCTGTCAGTCCGGCAATTCCGCCGCCGTTAATAAGTACTTTCAATTTGTAGTATCCTTCTTTTTTTACAAAGCAAAATTACCCTGTTCAGAAGAAGAGATTATTTACAAATGTTAAATTTTACCGGCTGAATGATTAACAAATGTTAAAAACTACTGAATGCCTGCACGAATCCTGCTCACGCTTACCTGAGTCATTCCAAGATATGATGCAATATGCCTGAGCGGTGCCCGGCTGATAATACCCGGAAACTTTTTTTCAAACTCATAGTAACGCTCTCTGGCGGAAAGAAACCTGATGCTTTCAATTTCCGTTTGACATTCAATAAAGGCCATGATGGCAAGTTTTCTCCCGCAGTGCTCTATCTGATGATACTCCCCGCAAAGTTTCTCAAATTCATGATTATATATTTCAATCAGCATGGTATCTTCAAGCAGTTCAATTCCCTTATGCGAGGGCTCCCCGGTGAAGTAGCTTGGAATTCCCCCGAGGAAATTCATATCCATGGCAAAATAGTCAGTAGTATCATTGCCATCACGGATATAATATACTCTTCCCAGTCCTTTCAGGATAAAGTAGAGCTTGCGTGAAATTTCACCCGGTATAAGAAGCTGAGTACCTTTTTTGAGGGATTTTTCAGAGCAGATTCCCGCAAGCGCCTCCTGCTCCTTCTGTCCGAGGGGGGCAAGTTTAGTTAACAGCTCAATCATTGCATTCATGTAACGCTCCTTCGGTTATAACCAATATATATCTGAAACCGGTCAGCTCCCCGGTTTTCTCAGGGCTCTTTCGACTTCTGGGTCCCTGCCAAGTGTTCTTTTAAGAACATCATTTTCGCGGCGGAGCTTATCAATCTCTGTTTGCAGTCTTTGTGCCTCCGCTTTTAATCTCCCGATTTCTGCTTTCCTGCGAAGGGCTTTACGCTCATCCTCTTTATCGGTAATAGCTGCAATTACAATCTCCTGCCACTCCTGCAGCAAGGATACCGGGATATCATACTTTGCCGAGATAACATTTTCATCCACCCCCTCCTGCAGATACTCCTTAAGTATTGCTGTCTTCTCATCCGGGGTAAAATCCGAATCTTTTTTCATGCCTGTTCCTGTTATGGTTAAAATGAAAATAATGATTGTAATATTTTATGATGTGCCGAAAAATAAGAATAATCACAAAAATCATACATTCGCTGAGGAGCCACACACAATCTAAAAGACAGACCAAGAACAGAATTCATATTATATTTCCAGTTCATGAAGCATCTGTCTTCAAATCACCTCTGCAGCCCTGAACTAGATAACTTGTGAGGCAGAAGATATTTGTGTCTCACTCCAATGATGCACAAAATCAGTATACTACTGGATAGTCAGAGCAAATTCCGCTTCATTATTCAGCATATTAATTTTTTGCACGAGGCGAACAA
CP054182.1_gap101	4187229	4188161	932	TCTTCTCTCGCTCCCTGATGATGACGAAATTAAACGTGAGGGCTCTTTGGATGAGTACCTCGCCGAACATCCTGAAGAAGCAGCCAGCATTCCCGCACCTGAGGATATTTCACCAGAACTGAAAGAACTTCAGCAGATGTTTGATCAGGAGGGCTTTGGCAAACTCCCCGATGGCTTTGCGCAATCTCTGCTTGATTCGGACCTCCTTTCAAAAACGCCTGAAGAACTTGAAGCAATTATCCGGGCGGGAGGGCAGATTCCGCCGCAGGAGTCAGAAGCTCCGGCTAATAATGCTCAGGAATTCAGCTGGGATTTTCTCCCCCCTGATGCTCTCGCAGGAGAATCAGAAGGAAATGATGAAACTCCTTCACAGGCTGCACCATTCACTATTCCGGAAGGATTCACCTTTGATGAGGAGACGCCGCTTCCCGCCGGATCAGCGGATGAGCAGGATACGGCGCCGTTCCATTTAAATATTCCCGCTTCTTCTGATGAAGAAACCGGCACGTTTCCTGATTTCGGTGAATTAACCGATACCGAAGAAGTCTCCGGCACCCCCGGAGAAGGCGCTCCCTCATTTCATCTGCATCTGCCGGGAGATTCTGAGGAAGAACCAGCCGCGTTCCCTGATTTTTCAACTGAGAAAGATTCATCCTCCGAAGCCGGAGGCGAGGAGCCTGCTCCTGCAGCGGGCGATATATATACAGAAGAGCCGCCGTTTCATCTGAGTCTCCCCCCTGAAAGCAGGGAAGAGCAGGCAGCATTTCCTGATTTTATCACCCAGGAAGAACCAGCCGCCGCACCGGCAGATCAGGAATCTGTTCCGGCTGAGAACGATATATACACTGAAGAACCCCCTTTCCATCTGAGTCTCCCCGAAGATTTTAACGCAGCACCTTCAGCCGAAGAAGCTGTTCAGCCCGGCGAAGCTG
CP054182.1_gap102	4212402	4212902	500	GGATTTGGATAGTTATTCTTCAGAGTGAATGAAGCCGGAGCAGTTTCTTCTTTTACCGAGGTCGCTGTGTATGAAGAAAGTATACGATAAGCATTACGGTATGCATTGTTCTCCCAGATTTCTGTCAGTTCAACAGTTTCTCTCTGCTGGGCATCATAGGTAAATGTGATCTTACTGAGATTCTCCCACGAGGAACCGATCCAGGTCTTATAATAAATAACATCATCATCACCTGCTGCATTATAGGTGGTTATTTCAACTGATGAAGGCTGCCAGGAAGAAGTCATATCCATCCAGACGTAGTAGTAATTGGAATCACGTCTCTCGCCGTCAGCAAGATAGGTAATAACCTCCCTGCTGGAATTTTGGAACGATCCGCTGAAATAATCCTGATAAATTATTTCAGTTGCATTCAGCTGCGCATTACGGGTATACAAAGTTTTATAATACGGCTCCCATGCGCCTTCGTTCCAGTCGTATTCAGTTTCGGATTCCTGATA
