gap_id	start	end	length	sequence
CP058602.1_gap1	157225	161722	4497	CCATTTTTACCTTTGGGAAGAACCTGAGAACAGCTTGGGTTAGAATGTGCTCTGTTGTGTGTCTTATAGCCTTTAGCTTTTCGTTTTTGTCCATAAGATAAGCTTATATTAAAACTTTTGCGAGGAAAAATCTATAAGGAGCGAGTTTTAGTGGACCCGAGGGGGATCGAACCCCTGACCTCTTGACTGCCAGCCAAGCGCTCTAGCCAGCTGAGCTACGGGCCCTTAGAATTTTATTTTAGCATACTGCATTATTTTAACAAAGTGTTTCTTCTTTAGGCTAAATCCCGATCTGGCAAGCTAAACCACTTCCGAAGTGGGCTGAGTTGCCATATCGGGATATTTAAGTCCACTACCTTTTCAAGTTAAAAATTATAGAAAGAATAATTGTTAAGATGATGCTTATGATTATTGAAGTTGTAATGGGTGCGTAGAAGATAAAATTTTCTTTTTTAATGAATATGTCACCAGGTAATTTCCCAAAATATGGTATTTTGCTAGAAAATAGAATAAAAATACCGAAGGCGACTACTATTAGACCTAAAAGGATAATTAATTTACCCAAATCTTGCATACCTAGATATTATAAATTTTAGCTTCAATGGGAATCAAATTGTATTCGCTCTCTTTTTAATCGCAGTGAATTGCCTACGACAGAAATTGAACTTGCAGCCATCGCAAAGGCGGCCAAAGCAGGGTTAAGAAGAAGGTGAAAAGAAGGATAAAGGATTCCCATTGCAACAGGAATTAGAGAAACATTATAACCAAATGCCCAAAAGAGATTTTGTTTTATAACAGAAAGAGTTTTTCGACTTAGATTGTAGGCCGTCAAGATAGATTTAATATCTTTGTTGAGTAAGGTGATTCCTGCTGATTCAATTGCAACATCAGTTCCTGATCCAATCGCAATTCCGATATCTGCTGTTGCTAAAGAAGGAGCATCATTTACTCCATCTCCGACAAAGGCCACCACTTGTGTTTTTTCTTTTTTCAGCTCTTTTACTTTGTTTGCTTTTTCTTCCGGCAAAACATCAGCTAGTACATTCTCTATGCCCGATAACTTTGCTATTGCCTTTGCGGTTCTTTCGTTGTCGCCTGTTATCATCCAAATCTCAATACCCTCTCTCTTCAAGTTTTGCACAGTTTCTTTTACCCCACCTTTAAGAGTGTCGGAAATTGTAATTATACCCAGAAGATTTTTGCTTTGGGATAGAAACACCACGGTTTTTCCTTCGTATTCCAACTTTTTGATACTTTCTTCCCATTTATCGAGATTGACCCTATTTATTCCCATTAAAGCTCTATTACCCAAAAAATATATCTTTCCTTCTATTTTTCCTTCAATTCCCTTCCCGGCGTGAGAGGTAAAGTTTTTTACTGCGGCAAGTTTTAGTCTATTACTTTTTGCCTTTTTGAGTATTGCATCAGCAAGCGAATGTTCGGATCCTTTTTCAAGAGAGGCTGCGATTTTAAGTACTTCCTCCTTGCTTATTTTTTGATTCTTGTTTTCAATGATATCAACTACTTTGGGTCTGCCTTGAGTTAGGGTGCCGGTTTTATCAAAAATAAAAATCTTTGCTTTGCTTAAAATCTCAAGGCTCTGAGCGTCTTTAATTAAAATGCCTGATTCTGCTCCCTTGCCGACACCTACCATAATAGCGGTTGGTGTGGCAAGACCCATCGCGCAAGGGCAAGCGATGATAAGAACGGCTATCATGTTACTCAAGGCTAAGTTGAAATTGCCAAAGTCGTACCACACAACAAAGGTTAAAACCGCAAGGACAAGGACAATGGGCACAAAATATGAAGACACGATATCTGCAATTCTTTGGATGGGCGCTCTTGTTGCCTGAGCCTCTGAAACAAGTTTTATGATGTTTGAAAGCATTGTTTCTTTACCAACTTTCTCTGCTTTAAAGATAAAGGTCCCTGTTTTATTGATGGTTCCGCCAATTACTTTGTCTTTTACTTTTTTGTCAACAGGTATTGACTCTCCTGTTATCATTGATTCATCAACACTGCTTGCTCCTTCAACAATCTCACCGTCTACAGGGATTTTTTCACCTGGCCTGACGCGGATAAAATCGCCAACTTTTACGTTGTCAATTGAAATGTCAAACTCCTTGAAATTACCTCTTTTGATATCTGATATGGTTAGCTTGTCCCCCGTTCTTACAGTTTGCAACACTCTTGCAGTTTTTGCCTTGAGTCCTAGTAATTTTTTAATAGCATCGGAAGTATGAGCTTTAGCTTTTGCCTCAAGAAGTCGGCCCAACAGGATAAGAGCAATGATAACAGTTGCTGTGTCAAAGTATAAATGTCCCCCTTTAAAAGTTGAAATTAAAGAATAACCCCAGGCACTAGATGTGCCAATTGCAATTAAGGTATCCATGCTTGCAGTTCTATTTTTGAGTCCTGACAATGTAGCCTGATAAAAACTCTTTCCTGCCCAGAACTGTACAGGGGTAGAAAGTAGTAAAAGAGTAAAAGGATTACTCAAAAATTGAGGAACAAAATTGAACCATTCTGGAAAACTCCCAAGTACTACAAAAATTGATACAACTATGGAGAAAATAGTCTTTATTTTGAGATTTTCAAGCTCCCTTTTCTTTTCTTCTTCTTTAATCTTGTTGATATCTTTTTCTTCGTCTGTTTTGATTATGGCTTTGTACCCTGCTTCTTCTACAGCGTTTGCTAAATCTTGATCTTTAACATTCAGACTGCATTCAACCACTGCCTCCTCGCTTCCGTAGTTCACAGAAGCGGTTTTGACACCTTCTATTTTTTGCAATTTTCTTTCAATCAGCTTGGCGCAGGAGGCACAGTGCATTCCAATAATTGGGAAAGAAGTCCTTTTTATTTGCATCTTATTTTCAAATTTTTTCTTTCTCGCTAAAGAAAAACCATATTACAAAGATAATAGCAATAGTGCCCAAGAGCGTAACCAATATTTTGTCTGAAGTAATCATCTGGTTGATTTTCTAAAGACTGCTTTTATCTCTTTTATTAATTTGTTTTCATCTATCTTTCCCTTTTTGGCAGGATCAATCACACAGCTTTTAATATGATTTTCAAGTATTATCTCGTCTACTTTTTTAAGTGCAGATTGTATGGCTTGAGATTGATTAATAACGTCAATGCAATAAGCATCTTCTTCAACCATTTTTATAACTTTTTCAATGTGACCGCGAGTTATTTTTAGACGGTGAATTATTTTGCTTTTGGTTGGTTCTTTGCTGTAAAGGCGTGTGTTCATACTAAAATTACCTGTTGACATCCCCTGTATGGGGATGTATAAATTAAACTACTTAGATTGTTTATTGTCAAGTGCTTTTATCTTTTAATATACTCTAATTATGAACACAGTCTTTCTCGCCTTCTTTACTGGTTTAACTACAGGTGGCGTTTCTTGTTTTGCTGTCCAGGGTGGCCTTTTAGCAAGTTCAATTGCCAACCAAAAAGAAGGCGAAAGAAGTAAAGCAGTTTTTCTTTTCCTTTTCTCACGACTTTTTGCTTACTTTGTTTTAGGAGCTCTTCTTGGATTTTTGGGTTCATCAATTGCCATTTCTCCTAAAGTTCAGGGATTAATGCAAATTTTTGCCGGCGTTATAATGCTTTTGACCGCTTTTCGTCTTTTTGATTTACATCCTGTTTTCAGGCGTTTTGTTATTACCCCTCCGAAGAGTGTTTTTAAGGTTCTGAGGATAAAAAGCCGTGAAGAAGGACTTTTTTCAGCTTTGTTTTTGGGGTTATTAACTGTTTTAATACCTTGCGGTGTCACTCAGGCAATGATGCTTCTTTCGGTTGCTTCTGGTTCCTGGGTCTATGGTGGTTTGATTCTTTTCTCTTTTATTTTGGGGACCACTCCCTTATTTTTGTTTTTGGGTGGTGTCTCAGGAAAACTTTTTGAAGTCAAAAGTTTCAGATTCGTTGCTGCTTTTGTTATTTTAATTTTGGGAGTTTTGTCAATTAATACAGGGCAGATGCTTCGCGGTTCGATCCATACGCTTCAAAATTATTGGCTAGCTGCAACGGGTCGCCTTGAGCAAAATGGTAGAGGTAAGATTGCGGAGTTTAATAAGAACGGTATTCAAGAAGTTGAAGTAAAGGTAACAACCTCGGGTTATTATCCCAGCGCTACTTCCCTTAAAGTGGGTGTGCCGGTTCGTCTTAAATTAAACTCTCAAAATGCACAGGGTTGTATCAGAGCTTTTACCATTCCTGAATATGGTATCTCTCAAGTTTTGCCTGCTAGTGGCGAGACAGTTATTGAATTTACTCCTACTAAAAAGGGTAAGCTCGCTTTTACCTGCAGTATGGGTATGTATGGTGGTTATTTTGATGTTTTCTAATTTATGGCAAAAAAGATTTACAAAGTAGAAGGAATGAATTGCGATGCCTGCGCCAAGATGATTGAGCTTGATTTGGAGGATGAAGGTGTTGTGGCAATGTGCGATTATGCTAAATCTTCTTTAGAAATTGAGATTGAAGACAAGA
CP058602.1_gap2	170058	172405	2347	ACCCCAAAAGCCCAACTGCCATTAGAGCGTGGGGTGTATTTTTTCATAATCTCTTCTATAGTATTATAGCCCTTCTCTATGTAATTTTTTCTTAATCCTATTGCAATAACGCGAATCGCCTGCTCATATGAATCAAATTTAAGAGTTCCTTCGGTATGTATCCCCCACCCCCAACAGTTGTAGCTATTTTCAGGTATAACTTTGCAAAGATTGGATTCTTGTTGGGCAATAGCCACCAAGAGCCTCCAATCTAGGTTGTTTTTGTCTGATTCGGCGACAATAAGTTGAGCATAAGGTTCGAGTGGGGATTTATAGAATCTGAGGTAATTTTTAATTATTTCTACTCTTGCATCAGCAGTAGAGATATCACTTGTTATTTCAGGTTCCGAGGTTGTGCTAGCTGCCAGAACTTCGGGCTTAAAAAGATGATTTTGAGGCAAGACAGCCTGTATTTTGTTAGCTTTTTCTTTTCCAGTATTTTCGAAGGAATAGAGTGCAAAAACAGAGGTAATAATAACAAGAGGAGTTGCAAGTAGGAAGAAAAATATAAGAACTATTTGTTTCCACAACCCCAGATTATTTTCTAGTTTTTCAAGAGATATCATAAAAATCAAAAATTTGCCGCCTCTTTCTAAAGGATGCCATATAAGAGCTTTAATGTCAACCCCGCCAAACTTCAGCTATTGGATGTCAGCTATCAGCCGTCAGCTGTCGGAGTTGTTTGCTATCTTAATTCATAAATCTTAAATCCTAAATCAAAATTCTATAATCTAATTTTTGACTTTTGAGTCTTGTGTTAATCTTGTGAGCCTGGGAGGACTCGAACCTCCAACCGTTACCTTAAGAGGGTACTGCTCTGCCAATTGAGCTACAGGCCCTAGATGTGTCCCCGGAGAGAATCGAACTCTCATCCCACCCTTAGAAGGGGCGTGCTCTATCCGTTGAGCTACGGGGACAAACTTTGTGTAATTATAACAATTTTGGGAATCTATTGCATCTATCTTAAGATCTTGACTTTTTGAATAAATAATTCATTATAAGATTGATTTTGATAGGTAAAAGGTAAAAGGCAAGAGAATTTAAGTTCGAATTGACTGAAGTTGTTCAAAATTTTTCGAAGTTAATTTAAGTTATTAGCCAAATCAGGTTGCGGATCCAGTAAATCGTATATTGACTATATGTATTATGCAGAAAGGCATTAGAAAATAGTAGGCAGAGTGAAAGATAAAACTAAAAACAGCAACGGATACGAGCTGCCAAAAACGGTAGCTATCCTTTACAGTGAAGTTAAAAGAAAATATTTTCCGACAAAACAGCAATATCTAACGGAAAAAGATGCTAGAAAAGACGCTCTTTTGGTAGCTAAATATTTGAAGAAACTGGGAGTTAAAGTTTTTCTTTATCCTGGTAGTGCTTCTGTTTTTGAGAAATTAAGAGTTAAGAGACCTGAAGTTGTTATAAATTTGGTTGATTCGGTTAAAGGGGTGGAAAGTCTGTCAGCTTCAGTTCCTGGGGCTTTGGAACTTTTAGATCTGGCTTATACAGGAGCTACCATTTTAGGCAAATCTCTTGATACCAATAAATTTTTGGTTAAGAAACTTCTCCAGCAAGCTGGGGTTCCTGTTCCCCATTATCAATTGGTTGACTCAGTTAGTTACAACCTTGACCCCACTTTGCGCTTTCCTTTGATTTCCAAATTGAATGAGATACATGGAGGAGTTGAAATTAATCAGGATAGTGTTTCTGAGGATCCAAAGCATCTAAGCCAGCGTATAAAATATCTTATCAAGACTTATAAGCAGCCAGTTTTGATTGAGGAGTTTATTGTTGGTCGCGAGATTACGGCTATTTTGCTTGAAGGCTTGAATAAAAAAGTCTATTTAGCTGAAAAAATCTTCAAGAAGAAGAATCAGAAGTATATTTTTTCTACTTTTGAGGACCAATGGCTGAAACATGGCGAGGAAAGTTTTAGTTATACAAAATATCATGACCCTCTTTTGAGAGAATATGTTAAAAAAGCTTTTGATGTTGTCCAGATGTACGATTACGGCAAGTTTGATATCAGAATGGATCAATCAGGAAGATATTTCTTTATTGATGCCAATTGTAATCCCGCTTTCGGTCCCAAAGAAGCGGAAGTGGCTCTTGCCTCAATACTTGATATCTATGGCGTTTCTTTTCTTGAGATCTTAAAAAGACTTCTTCTTAATACAGTCCGTGATTTTCAGGGTAAGGAAAGACTCCCCGTTCCTTTCTAATACTAGACTTTTTTGCTAAAATATAGGTGCTATTTGCTAGAGGTGTTCAGATTAATGCTTTTTGTTCTTTGTAAAGTGCAGGTCAAGTA
CP058602.1_gap3	245306	248772	3466	ACTTGAGAACTTTTTATACCCTTTCTAATTTCGCGATTTATTGCACTAATTGACTCGCCTCTTGGATCCTCAGCTGTTAGAATTATTTTATCTGCCAATTTACTAGCTACTTTCCCCATTAATAGTCTTTTGGTCTTATCTCTTTCACCAGCGCTGCCAAAAACAACTATTAAATTTCCTTTTCCTTTTGTTTTGGATAAAAATTTTAACAATTCTTCTAAAGCATTCGGTGTATGAGCAAAATCTACTATCAATTTTAGACCTTTATAATTTGTAATATAATCCAATCTGCCTTCGGGGGTCCTGAGTTTCCCTATAATATTTTCTATCTTGGTATAGGAAATTCCCAACCTATGGCAAGCTACAGCTGCCAAAGCCAAATTTTCCCTATTATATTCTTGAGTAAATTTTTTATACACAGCCTTTTTTAAACTATAAGGCAAAGAGGAAATGCTCACAAAACTAACTTTAAGTTTTTTGTTCTTTATAAAATGAACAAATTGTTTGTACTTTTTATTTATTATAGCTACTTTAGATCTATTAAAAAGCTTAGCCTTAGCTAAGGCATATCTTTCCATAGTTAAATGATAATCAAGATGCTCATGAGTAATGTTGGTTAAAACAGAAATATCAAAATTTATCCCTAATACCCTATGTTGATCAAGACCGTGAGAAGTTACTTCAAGAACTAAAAACTCGCTATCAGCATCTTTGGCATCGGTAATCAACTTTTGCAGAGTTTTGGAATCAGGCGTAGTTGTATGTAAACCGGTTTTGATCTTTTTGCCTCCTATGATAGCTCCTGTTGTTGAAACCAAGGAGACCTTCTTACCTACTAATTTCAAAATTTGGTGTATCAAAAAAGAGGTGGTAGTCTTACCATCCGTACCGGTCACGCCTATTACTTTTAAGTGTCTTGAAGGAAAATGATAATAGATATTCCAATATATGGCTTCAAAAAAGTGAAGAGTATTCTTATAGCGAGAAATAAAAAATCTTCTTAAATTATTATATCTATTTATCATCCGGGTGAATGCCGTAAAACAAAAACAAGTCTTTTGCGATATTATACCAAAGGGGAGCTGCCGTTTCTGAGGCCCAAGGAGAAGAAGAAGGTTCTGACAAAACAACAAGCATCACAAACTTGGGATCATCATAAGGAGCAAAACCGATAAAAGAAGCCATCGTCTTTTCAGGATCATAATGACCAGCTATCGGAATTTGAGCTGTGCCAGTCTTGCCTGCAACTTTAAATCCTTTAAGATATGTCCATTTTGACTCTCCGTTTTTGGCAGCCTCAACCATCATTGCCGTTATCTCAAGTGCTGCTTTTTCACTAATTACTCTTCCTTCAGTCTGAGTCTTGATATCTTTATTAACTCCATCAATCAACACTTTATCTACCACAACCGGCTTAACCATTATTCCTCTATTGGCTATTGCTCCCACCGCTTTAACCAATTGAATTGGTGTCACCGCTATACCCTGCCCAAACGAGGCCGTTGCCAAATCAACATCACTCCACTCATTCCTATTTCTTAAAGGAGGAGCAACCTCTCCTTGCAAATCAATACCTGTTAATTTTCCAAAACCAAATCTATTTAAATAATCAAACATTTTTTCCTTATCCAATCTAAAGGCAACAAAAGACATTCCAACATTGTCAGAATTAACTATTACCTGAGTCATTGTCGAATTAGGATTATATTTATTATTCCAAGTATTAATGAAATACTTATCAATTTTCAGAGGACCACCGCAAATATCACATTCTGTCTCAGGACGAACCACACCAGCATCAAGAGCGGAGGCCATAACAATCACTTTAAAGACTGATCCCGGTTCAAAAGAATTAGAAATAGCTGGGTTCTTAAAGACAGAGTTATCGTATTTAAAATAATAAAAGGGATCATAAGAAGGGAAAGAAGCCATCACTTTGATTGCTCCAGTTTTAGGTTCCATAACAATAACAGTTCCTCCCTTAGCTCCATATTTTTCAATTCCTTCCTTGAGTTTTTGCTCTACCATTATCTGCAAGCCCTTATTAATATGTGTTTTTAAATCAACACCTTCTTGTGCTCCTACTTCCCTCAACCAATCCGAAAAGACAATCCCCCCCAAAGCATCTTTTTGCCTCAAGATATAACCTTTCCTACCTGATAATATGGAATCGTAATAACCTTCAATCCCAAAATATCCCTTATCCAAACCATTTTCATCTTTGCCAACAAAACCTAAAATGTGAGCAGAGCTTGAAGCCTCAGGGTAGACTCTTAAATCCTGCTCTTCAAAACCAATGCCTGAAATATTCATCGCTTCAATATTTTTCTTAGTCTCGCTGTCAATTCTTGATGCCAAGGCAACCCAATTAATGTCCTTATTTGATAATAAATTCACTATCTTCTGTTTCAGTTCAGACAAAAAATTGCCTTTACTTTCCCCTTCATTCTCCTTCGAAACCAAAAATGGAACCAAAGAAGAAGCTATCTTTTCAAAACTCTCTTTGACTTCAGGTTTATAAGCATAAACTAACCACCCTTCGGTAGTTCCAGCTAGGTAAGAACCATCGTCTGCTAAAATCTGGCCTCGAGGAGCTGAAACTTCAGTTTGGTGCTGATATTGGCCTTTAGCTCTTTCTTGTAAATCACGAGCTTTAATAACCTGCCAAAAGAAAAGTCTTAAAATAATTGCCAAAAATGAAAGCCAAAAGAAGATACTAATGATTCGTATGCGCGAATCCATAGTAATTAAGGGAGTTTAGCTACTGCTTTCTCACCTTCAAGGTAAACAATGTTATCTAATTTATAAAAACCTCTCTCCTCTGCTTTTTTAGCTAGTTCAAGCAACGAATCTCCTTTAACAAGCTTGTCTTCTAGCTCTTTTTTCTCCAAAACTAATTTTTTCTCTTCTAAATTAAGAGAGGCCATTCTAGAACTCGCTAAGGCAATTTGAACAGCAAAAAGAACGCTTCCAACAATAGACACCAAGAAAACTATGGCCAAAGCAAATCTTAATCCAAATACACCAATAGTCAATTTTCCTTTATTAAAATTTCTTCTTTGCGGATGTCTTTTAAAATTAATCATATTTTCTCAATAACTCTTAACCTTGCACTCCTTGAGCGAGGATTTGCTAATATCTCATCCTCAAAAGGTGCGATCGGTTTCCTAGTTAATAAATTACCAAGACCCCTGTCTCTTAAACTTTCAAAAAAATCCTTAACAATCTTATCTTCACCAGAATGAAAACTAATTACAGATAGCCTCCCTCCCTTCTTAAGAAGAGAAAAAGAATCGGGCAAGGCTGATTTAAGATTTTCAAGCTCACTGTTAACTGCCATCCTCAAAGCCAAGAAAACTTTGGTTGCAGGGTGTAATTTTCCCTTTTTTAAACTAAGCTTATCTATCAATTCCAAAAGATCTTTTACCTTTTCAAAGCTTTTCTTCTTCCTAGTCTCGGTCACCAA
CP058602.1_gap4	257131	258918	1787	ATTTTGTCTTCGGTTTTGTAATTATCCCTTTGGCAGCCTCGCTCGTAAGAGAAATCACAAGATCGTAGTTGTCAAAATTGAAAGATTCAAAAGCAAGAGGCATAAGCCAAGGCAAACCTTGATGAAAAGATTTAGCAAAAGGTATTTTTTGCAGAAATGAAGTATAAACATTAGGAAAGACTTTAGCCCAAGACGCAGTCTTTGGATTATAAACGGAAGTAAAAAGATCAGCTTTGGGGAAAATCTTATAAAGAGCAAGTAAAACCCTTTCTGCCCCTCCCCATTTATTTACTCTATCATAGACTAAGGCAACTCTAAGATCCTCTATTTCCATTGATCAATTCTACTACAAGAACAAAATTAGCTTCAAAATTGTTAAAATTATTTCTCCCCTTACTTGTGTTATATAAAAACCAACCTAAATAACCAGTCTAACCTATCAAAACTTCATTATAAGAATTAATTACGATTTTGGTCATATCCGACCAAGAATATCTTTTCAATAGTTCTTGAGCACTTTCTATTTTCCTTTTTCTTTCATTATCTTTCATTTCTAAGACAGAAATTATGATCCGCGCCAAATCTTTAGGATCTTGAGGGTTAAAATAGAAGCAAGAGTTTTGATAAACTTCTCTAAAGACTGGTATATCACTCGCTAAAAGTAAAGTCCCAGCTGCTATTGCCTCAAGACCCGGCAGTCCAAAACCTTCAGAGAGAGAAGGAAAAACATAAGCCAAAGAATAATGCATTAGAGAAGCCAAATCACGATCAGGCACAAAATCCAAAAAAATAACTCTATCCTCTAATCCCATTCTTCTGGCTTCTTGCTCAAGTTTTTGTCTGAAATTATTTCGAGGTGAGACAACTAAAAAAATAAAATCCTTAATTCCTTTCTTCTCCAAATACTTGATAGAGTCCAAAACTAGAGTCAAGTTTTTATGAGGATAGGAATTTCCACAATACATCACGTATTTACCTGATAAATTATACCTTACGTACAAATTTTCTATACCCACAAATTCATCTATAAATTTTTTGTCCACTCCCTCATATGTGACCCTTATTTTAGACATTTTTACTTTAAAATTTTCAATTAGTTCTTTTGCAACAGCTTTTGTGGGAACAAAGATAAGCCTTGATCTAACAACAGCATGCTTAAATACTACAGAATAGAAAAATCTTTTGATTTGATACAAAGGATATGGAAGAGTAGTACTTGAAACTCCTTTAAACTTGTGCATTAACATATCATGGATTGTAACCACATATTTACCAAAATAAAAAACAGGCATATTAAAATGAGGAAAATGAACAAGATCCGGCTTCTCGCGATACAGGATAAAAGGCAATAAAATCTGCTCTAAAACCGAATAATGCCTTATATCAAGACAAATCTTCTTAAAGTTAGAAGGCAACTTCAATTCATTGAAGTACTTTTTTCTTAAAATGATGACAAAATTAAATTCTGTATCTTCTGTTTTTTTTAACTCATCAATCAAACTAACCAGATACCTTCCCAAACCCATATTTTCAATACCATAAAGTCTTGCGTCTATAACAATTTTCATCTTAAGTCAAAAATCAACCACTCCAAAAACGTCTTGATAATTCTTGTTAATAAAACCAATTTAATTCCCACCAAAACTAAATAATTGACAAGAAGCGGGTATTTCTGCCAAAGTCTTTTGCGATAAAAAACCTCCATAGATTTGACTCCCTGGCTTCTTATTTTTATTTTTTCTCCAAGATTAACCTTGCGTCTTCTATCAGAAACTAATTTTCCCTTA
CP058602.1_gap5	267180	268463	1283	ATTGTAAAGCCTTCTTAATTCATTCTTAGTCACTTGACCTGCAAAAATGACTCCCCTTTTGCCCTGAAATTCGGAGATCTTCTCTCCAACCACAATCAGTTTTAAGTCTTTACCCGCCTTAACTAAATCAAAAGCCGAAATTATACGATCTAGATTCTTTCTCTTGTTTGTACCGACAGCTAAAATAAAATTATCAGCACGATATTTTTTCCTAACCGAATCTTTTTCCTTTGAAGAAATCTTTTTATAAAAAGGGTCGACTGCCTCAGGAATAACTTTAATTTTTCTTCTGTCAAACTTTAAAAGCAGAAGATCCTCATAAGTTGCCTGGCTTGGAACAATGATTCTATCAACTTCCTTTTTTATCCACTTTAATCTATTTTTTGTTACCTCAACTATTTTGGGGTGTGTCAACTTTGGGAATCGCAAAGGAGAAAGATCGTGAATTGTTGTTACACGAAAACCATAAGAAGGAGGTTGAACCCAATCAGAAGAATGAAAAACATTAAGTCTCCCAGTAAAAGTTTCAACCGGCAAAATATGCCATTTGTTCCAAAGCCAATCAAGAAAAGTTGGAGGCAAATGGAAAATACGGCTTTTGACACGAGAGCCGTACTTATAATCAAGACTTTTAGCAAAGCTAATCAAGCCCTCTCTCCTTCTAAAAGAACCACCAAAAAGGAGATATTCGTTCTTTACATCAACTTCAAGAAGGCTTTTAACCAAGTTTTCAGTATAAATAGAAACTCCGGTTGAATAAACAATTTGCGATATATCAATTCCTATTCTCATTTGGTTTCTTATTATCTCATAAAATAAATTCAGGAGAGATATCTGTAAGTAGATTCTTCTAAAGTCTTTCTAACCTCATTCCAGTCAACATCAACCAAAAATTCAGGATCGGGTTGTTTTTCTGCTTCTTCAAAATAAACAAGAGATTTTAAAATATGAGACATTTGATAATTTACTCCCTTAAACTTCTTCTCAAAAAGAGCTAAAAGCTCACCAAGACCGAACTTCTGCAAAATAAAATAAAGATCAATAAAATCTTTTTTGCTTCCTCTTGAGGATATTGCTGAAAGCTTCATACAAGCAATATCTTCAAGGGAGGCAACCTTAACTTGATCAAATTCAAGAAAATCACCAACCAAAGGATACTTATATTCTAAAAAGCTAACCTTAACATCATCGATATATAAATCAAGTGTTCCTTTATCTTGATTAATAACCTTAGGATTAAGGGTTTTAAGTTTGGCCATTAGAATTTCAAACTTAGGAAAAGA
CP058602.1_gap6	380407	381808	1401	AGCAACTTAGGCTTTTGATTATTTGAATGATGAGGAATAAAAAGATGAATTAAAAAATTGCGAATAGACATTATCTAAATATTAAACTTAAAATGAGGTTAATTCAAGCAGACAAATGAGGGTAATGGTATAATAAAAAAGCGGGCTTATAGTTTAATGGTAAAACGCACCCTTCGCATGGGTGAGATCCGAGTTCGATTCTCGGTAAGTCCACAAAAACTTGACAAAACAAATAAAATACCCTATAATATAGTTATCAGATGATTGCTAGAATCATCTGTTTCCAAAGCTTGGGGGAGAGAAAATTTTTAATAAATTTTATCTGTCCCTCCTCCCCCAAGCTTTTTTATTTTCCTCAAAGACAATACCCTCAGACAAAAGTGTTATTATAAATAAGTCAAATGAATAACCAGAAAAAGTTTCTTATCTACCCAACTCTAATAATTATCATCTTCTTTCTAATCCGCCTAACAAATTTGACATTACAACCTATTTTTTGTGATGAAGCTATCTATATAAACTGGGCTCAAAAAATAGGAAGTAATCCCAAACTAAATGCTTTCTTGCCTTTAGTAGACGGCAAGACTCCTCTTTTTATGTGGATAACTTCATTAAGTCTTAAAATTTTCAAGGACCCGCTTTTTTCAGGAAGAATAATCTCAGTTCTTGCCGGTTTTTCTTCTCTTGCTGCCGCTTTTTTTCTTGGAAAAGAAATTTTCAAAACAAAAACAGGAATTATCTTTGCCATTCTAATCACTTTTTTGCCCTTTACCCTGTTTTTCGACAGAATGGCTTTAGTTGATTCAATGCTTGCTTCATTTTATCTTTGGTCCCTCGTGCTTGCCTTAAAAATATCTCAAAAGCCCAAGGTCAAAACAGCCGTTCTCTTAGGCTTAAGCCTGGGAGGAGGAATATTAACCAAAACACCGGGAATTTTTGCTTTTATCTCTTTACCCTTCATACTCATTACCACCAACTTAAAAAATTTTAAAAAGGTAGCACTTAATCTTAGCCTTTCCACTTTTATTGGCCTTTTAATTTTTAACCTGCTTAGAATTAGCCCCTATTTTGAAAACTTATCAAAAAGAGACAATGATTACTACTTTCCCATAAAACATATCCTAGAAAACCCCACAAATCCTCTAATTGGCAATACAAAATATCTAGTTGAAGCTCTTAGTAAATTTTTGACTCTGCCTATATTTTTAATCACCTTATTCTCTATCCTTTTGGTTTTTTATAAAAAAGACAGAAAACTCTTAACGATACTTCTTTGGAGTCTTATTCCAATTGTTCCAATGTTATTTTTGCTTAAAACTTTTACTTCGCGATACATACTTTTTTCCACAATGCCGCTTATTATAATCTTAAGCTGGGGAATAACTATCTTGATAGAAAAAT
CP058602.1_gap7	387965	389264	1299	TTGTAACGGCCGACATTGTAAAAAGCGTCAGTTGAATGGGCAAAAAGATAGGTATTGCCAAAACTGCCAGGCAAAGCGGAATATTTTGCATGAGCCACTCCCTTTTTCAAAACTGGCAAATACTCAGAAGCATTAAAAGGATCAACATTGGCAAAAACAGGAGCCGAAGCGCCAATTTTGGGAATAACAATTGAAAATTCAGTATTTGGCGGTTCTATTTCTTTAACTAATTTAGAATCAGATTTAACCAATGCCTGCCTTGCCTGATAGACAATTTCCTCCTTTGTCGCAGGGCCGTATATAAAAAACAAAGTCAAAAGCGAAAGAAAAATGAAAACTTCACCAGCCAAGTTGAGATAATAAGAGACCTTCTTTTTCTCGCTTTCTATCTTGCCTGCCATTAATCAATAATAACACAAATCAAGAAGAGTCAAAGCCTAAGAACTTCTTTAACAAAGGCGGAAATTTGTTTTGATATTTATTTATAAGATAGACTACAAAAGAAGCGCCAAGAGTGTCTATTACTACGTCTCTAATTCTTGGCTCGCGGCCAGGAACAAAAGATTGATGATATTCATCAGACAGGGCGTAGAAAAAAGAAATTAAGATTGACAAAAAAGCAGATTTTTTGAACGAAAACTTGCTACCCCAAAAAGCACGAAAATAAAAAAAAGAAAGAATGGTATATTCTACAAAATGAGCTGTTTTTTTAAGCAAAAAATCCTGCCAGTAGAATTTGCTTGTCTTGATAGTCGGAAGGGAGCTAAAAAAGAAAATAAGCGCCATCCATAAAAGTGGCGGCAACCATAAATTAAAAATCTTCCTGATCTTCGCTGTCTTTGTTTTCATTTTGTTTTTCTTCTTTCTTCTTTTTAGACTTAAAATAAGCATAACTTGCCGCTGACAAAAAAGAAAGACCCGCTATTATAAAAAAGACAGCCGCCAAATTAAAGTAAGAATCAGAGCCACTAGCTTCTTTATCCTCCTTTATCTTTGCTGATTCAAGACCCAAGACTCTTGGCTCAGACGAGGAATTTAGAGTTAACCCAGATTCACTGGCTTGGATAGTGTTTTCTGCCTCAAGAGAAGGGGTTGGCGAGGCCTTTGGAGTTGCTGAAGGCTTTGGAGTTGAGGTTGGAGTTGGAGTTGAAATAGTAAGAATAGGGGTTTCTTCATAATTATTACCCGCTGAAACATCAATCGTCTTGGTCCAACTCTTATAACCAGTTTTTTCAACTTTTATGGTATGGCTGCCAAAACCACAGGAGACTTTGTTTGAACCGCATTTGCAATCATCGC
CP058602.1_gap8	398302	400618	2316	ATAAACAAATTACAAACAAATTAGGAACACTGAACTTAGTATTATGAATTATGTATTATGCAGAAAAATACATTGTTCCCATAATACATAATACAAGATACTAGATACAATCTTGCAATATGGTTCCAAACCCGGCTTGGAATTGTTGTCATTCAACAGAAAGAAGCTCGACTTCAAAAATTAAAGTGGAATTGGGAGGAATATTACCCACAGCTTGGTTTCCATAGCCAAAACTTGGAGGAATAACAAGTTTTCTTTTTCCACCCACCTTCATTCCGACTAGTCCCTGATCCCAACCGGCAATTACCTGCCCTGAGCCCAAAACAAAAGAAAATGGCTGACCCCTGTCATAAGAGCTGTCAAATTTTGTTCCATCAACTAAAGTGCCAAGATAATTAACTGTTATCTTTTTACCACTCTGGGCCTCATCACCTGTCCCAGGTCTTAGATCTTCCACTTTTAGTTCTTTTACTTCTTCTGTCTGGCCCATTGTTTCAGCTTTTGGATTTTGATTATTTGCTTCTTTCTGGCCAAGATTAATCTTAAGCTCTGCTTGAGGCGTAGGAGTAGGAGAAACACTTGATGATTTACTATCAAAACCCACCAAGGCCGCAAATCCCGCCGCAAGCACTAAAAAAATAAAAAAGAGAACCCCAAAGTTGACTTTCAACTCATCCGGTTTTTCTTCCACATCAAAATACTCTCACAAAAGAAAAAAATCTGCAAGATGCGAGTATTATAGACCTAGCCTTTAAGACTAAAGATTCAAAGCGTAAACTGATAGATTGAGAATTGTTGCAAAGGAAACCCAAAAAATATAAGGAAGATTAATAAGGCCTGCAATTTTATTAAGACGATAAAACTTGATTACCATTAAAATAAGAGTAAACCACAAAGAAATAATTATAAACGCTCCAAGAAGGGGATTTTTCAATCCAAAAAAGCCAATAGACCAGAAAGAATTCAAAATTAATTGAATAATAAAGATGCGAACCGCTTCATTTTTTTCTTTCCCCCCTTCTGTCTTTAAGATAAGATAAAAAGAAATACCCATAAGAAAATACAAAAATGTCCAAACAGGACCAAAAACAAAATTTGGAGGGCTAAAAGATGGTTTTTTCAAAGTAGAATACCAAGTTGGAATACTAGAAAAAGTAAAAATGGAGCCTACAAAACATGCTAGAAAAGGTAAAAGCAAAGAAAAAAACAGCTTTTTCAGATTTAGATTAAGAGAAGATTTCATCAATCAAATATTAGCACTGTATTAATAATTAACCAAGCCATTTCTTTTTGAGGTCAACAAAATCACCATTGATAATAGAATCTCTAATTTGATTCATTAAATTATTGATAAAAAAGACATTGTGAATTGTTGCAAGCCTCAAGCCCAAAATCTCACCAGAAGTCAAAAGATGGCAAATATAAGCTCTCGAAAAATTAAGGCACGAATAACAATTGCAAACCTTGCTAAGAGGTCTTTCGTCTGACTTAAAAGTGCTTTTTTTAATATCAAGCCTAAATTTATTTGACCTTTTTCCTCCATCTTCAGGATGAATAAAAAGAAGCCCAGTTCTTGCCATTCTCGTAATTCCGGTGTTGTCAAAAGTATCAATCCCTCTTGCAATAGCTTCAAAAATGCCCTCAGGCCCACCCCCTAAGCCTAAAGCGTGAACTGGTTTTTCGTCAGGCAAGATATCAGAAATTGTATTAAGAGCTTCAGAGGTAATTTTGGGATCAGAGCCTATTGCCTCGCCTCCAATAGCAATTCCAGGAAATCCGAAGGAAAGCACAAAATCAAGCGATTGTCTCCTTAAATTTTTATCCAAATCCCCTTGAACTATGCCATAAAGTGCCTGAAATTCGCCTTTTTTATTCAACTTTTGCCAAGCCAAAAATGACCTTTCTTCCCACTTCAAAGTTCTCAAAAAAGCCTCTTTAGCTAATTTTTTGGGCATATTCAAAGATTGAGGCTCGTCAAGCGCCATAATAATGTCAGCACCCAATATTTTTTGAATCTCAATTGATTTCTCAGGTGTTAAAAGATGCAAAGAACCATCAAGATACGATTTAAAAAGCGCACCTTTATCATTAATCTTAACAACTTTAGCTTCGTCTTCTTCGCCTTTTGACCACAAAAAAGAAACTTGATAACCACCACTATCTGTGATTGTCGGGCCTTCCCATTTCATAAAATTTGCAAAACCGCCAAACTTTTCTATTACTTCAAGACCAGGTTTAAGATAAAGATGATAAGTATTAGCCAGAACCACCTGAGTTTTTGCATCTTTTAAATCCTCAGGGCTTAAAGTGCGAACA
CP058602.1_gap9	402137	404159	2022	CTAAAGGAGAACAATATACTTTATCTACCTTTAGATCAGAATAAAGCCCTTTTTCAACTGAGGTTTCATCTATTATTGCATCTGGGCTTTGAGATTTCCCCTCTTCTGAATCAATTGTCTTAGCATGGCGAATTAAATATAATTTCATACAGTCAAAAGTTATTCTATATAAAACATCAATTCTTTTCACCTTTTCTATAAGATTCTAGGCTCAGAAAAAACAAAAAGAGGCTTGCAGATGCTTTCGATTCCTAACTTTTGGGTGTGTAAAGCTTGCGAAGAAGCCTTCAGGTTCCTAACTTTCGATGTCTTTTGGTTTTTCTTCCAGCCTTTTGGTTCCTAACTTTCGATGTCTGCATTAATTTTTCCAAACCATCGGCTACATATTCTAGTATTTTGGTTTTATCATCAAATAGAAACGTATTTCTTTGGCAAGAAAGTTTTTCTGTTAAAAATTTATTCAATTTTAAAGCTGTTTTAATTTGTTTCTTATTCAGAAATCTCCTATGAGTAATAGATTGCATGTTATTAATTAATCTCTTTTCATCATCTAATATTAAATAAAAATCTAGGCAATCCACTCCCTTAATCTCAATCAATGTTTTTAATTCAGGAAATATGTGGTTGCCTTCTATAATAAAATTCTGCCTTTCGGTTTTGGAAAAGCGTAAAATATTAACAATCGGTGTAAATAAGGCTTTCGCCTGGCTAAAATAATTATTAAAAAGATCTTTATCTGAATTTGAGTATTTGTAAAGATCGTATGTATGACAAGTAAAAATTTCTCCTTTTTCCTCTAATAATGAATAATAAACAGCCCTGATTATACCGGTAGGAATAATAGCCATACTATGTAAGAAACCCTGAAGTTCCCTCGCTATTGTTGATTTCCCGGTACCACAATAACCGCCTATAAGGATTACTAGAGGCCTCTTAATTCTGCCTGAAGACCACATTTCGTTAAATCTATTAAAAACCGAAAAAATTCTCTTATTCATAACCCAATATTTCTAAATAAGTTATAAACTCTATCTTTTGCAACTTGTTGTGCACCAGGATCTCTAAAATTATTTAAAGAAAAGTTTATTATATGCCACCACCGCATTTTCTCCTCATCGGGTAAAGAGGAAAAATTATTTACAAGCAATCTTACATCTTTAAAATCTTTTTCACGAGGCGGTATTTCTCCTTTATTTGCTAATTTTTGGACTAAAATAATTGCGGGGTGGACTATTAATACTCCATGATCCTCACGCTCTATCTCAACTGCGCTAGACACTAGAAAACCATCCTCGAACGATAAACCATTCCAAAAAGTATTAGGCCTTACAACATCAATCCTCCTAAAATGTAAATCTGTATCCAACCACCCATTTACAACCACAATATCTATATCTCTATGATACCGACTCTTTCTACCAATAAAAAAATCCATCGCCAACCCTGAGGCTAAAAGGTAATTAATTCTCCCCTCTGAAGAACGTTGAGGGAATTTTGATATCAATTTGAAAAAACCCTCAAATGTTCCCCCTTTCAAAAGCATTCCTAAAGACAGTCTTCTCAAATAACTACTAAATTCTTCTAAACTAAAGCCCTTTCCTCGAAAAACTTCTAATTCTTTCATGGTATGAACAAGAACTTAAAATATTAAAATCTCACTACTATTTTTAATGCTACATGATCAGATAGTAATCCTTTATTAAGCTCTTTATCAATCAATGGTTTTTTAAAAAGATGCTCTCTTTTTTCAACTCCAATATCTTTGGCTGATGGCTTTAACAAAATGTAGTCTAACCTCTTTCCTTTTTCACCTTTCGGTAAAAATACTTTTTGAAAAGTTGGAGAATCAAAATTTTTGTAAGGGTCCATAACTCCTAATACCTTAATCAATTCTTTATAAAAAGCCGAATTTTTAGAAATATTAAAATCCCCGGTCAAAACAATCAGTTTATATTTACTCAATCTCTTAATAACATTTTTTAACCTCTCAATAGAAGCACTATAGATTTGATTAAATTTATT
CP058602.1_gap10	434939	437387	2448	ATAACACACGACTTGAGTGTTATTTACAAATACTCAGACAATGTTTTGTATCTAACACACAAAAAACATTTCTGCTACGGCAAGCCTAAAGAAATATTAAAAGAAGGAAATCTAAAAGAAATCTACGGAGAAAATATTGGAATTTATAAGCACAAATAATATGGAGCAAGCCATACTTACAATAACAAGCGCAATTTTTATAAGCTCAGCTGCTGCCTATCTTGGAACTCTTATGCTTTCAAGGAAGATGTCTGTCACAGCTGACCCTTTGGCACACCTTGCCTTTCCCGGAGTAACATTGGCTCTAATTCTTGGAATTGAAATCTCGTTTGGCATCTTCCCTTTTATAATCATCGGCGCTTTATTAATTTGGCTTCTTGAAAAAAGAACCAAACTCCCCTTTGAAAATCTTTCAGCCGTTATTTTTGCAATAGGCGTTGGAACAGCCTTAGTTTTTTTGCCTATTGAAAAAGCTGAAGAAGCTCTTGTTGGTGTAATTGATAATATCACACTAAGCGAGACACTTTTTATAACTCTCACATCTCTAACCTCTATTGTCCTGACAAGAAAAATATATTCCAAAATTATGCTAATTAATATTGACGAAGAACTGGCAACAGCAGAAAAAATAAATGTAAGCAAATACAACTTAATTTATCTTTTAAACATTGCCCTTGTCATAGGACTTGGGGTTTACTTGGTTGGGGGATTGATTACTGCCGCTTTAGTTGCAATACCTGCTGCAACCTCAAGAAATTTAAGTAAAAATCTATCTTCATACCAAACAATGTCTGTTATATTTGGAATTTTATCTTCTATAACAGGTATAACCACTGCTCACCTGACAAATTTGCCTACAGGACCGATGATAATTGTAGCAAACGCTATTTTATTTATTCTCTCTCTTGCCTTCTCAAGAAAGAGGAGTTAGTTGCTTCTGACAAATATCTGCTCACCATTCGGCAAAACAATATTCTCCTCTCCACCTCCAGACACAACAATAGCATCATTTTTACCCTGCGAGACTACATATTTTTTACCACCATCACCCACAAGCTCTACCACACCATCGCCAGCACCTTCGTTTTTAATTAAATCTCCCAACTGTTGATAAACTTTTCTTTCGGACATAAGCAGTGATTTTACTCAAAAAACGGCAAAAAAACAACAAAAATTGCAAAATTATGAATTTTTATTTTGAGGTAAAATAAGATATGCATAAAACCAAAAGTAAAAACAAAGAAAGACAATTGATAATAATTGATCTTGATGATACCTTAATTGACACTTATTCATTCAAAAATATAATCTTTGACAAGCTTGCCTTAGAGTCAGGCCTTACAAAAAAAGAAATAGAAGAAATTTATCAAGAAATAAAAAGAAAAGGAAATAAAAACCTTTTATCAACCTTTTGTTTAGAAATTGGTAACAAATCTAATAAAGACAAGAACATTTTTGAGAAGACAATTCTATCAGCCGTAAAGACCATAAAAATTAACAAAGAGGTTCTTAACTTTGTCAAAAAAACGAAAGGAGACAAAATACTATTAACGCAAGGAGAAACAAAATTCCAAAAAGCAAAAATTGAATTTCTAAAAGAGAAAACAAAAATAGACAAAATTTTGAGCGATATAGTTATAACAAAAAATGACAAAGCACAATTTATAAGTTCCAAAATTAAAAGGAACAAATTCATTTTCAAAGGGAAAAGCTACAACACTATCACTATTTTAGACGACAAACTTGATTTGTTTTATGATTTGAGAATGTATCCTTTTATTGGACTAATTCACCCCAAAGAAATTGAGTAGGAGTTTAATTTTTGAGAGAAGAGATAAAATCTTCAAGATTAACTAACTTTTGATCTCCAGTTTCTAGATCTTTGACCTTGATAAGACCTTTTTTAATCTCTTCCTCGCCAAACATAACCACCCAAGGAATACCCAAACTATCAGCATATTTAAACTGTTTATCAAGTTTTGAGGAATCATAATAAACTTCAGCGGCTATTCCTGCCGCTCGGAATTTCTTCGACAAGAGAGAATAATTTGAGGGATCAATTCCAGGAAAATTAACAACCAGAACCTTGGAATTGGTCTTAACTTTTTCAACTTTACCTAACTTTTCAAGAGCCGAAAAAAGCCTATCAACACCCACTGAAGTTCCGACAGCTGGCAAATCAACTTTGCCGTCTGACAAAAGTGAAATCAATTTATCAAATCTGCCACCACTGCAAACACTGCCTATTTCAGGCAAATCCAAAAGGTAAGTTTCATAAATTATGCCCGTATAGTAGTCAAGCCCACGAACAATGGTTGGGTCAAAGACAACTAGATTTTCACCATAGCCTGATTTCTTTAAAATAGAAAACACTTCCCCCAGGTTAGATATTCCCTCAAGAAGAGCAACACTTGACCCCAAGACTTCTCTTATCTTGTCTATTTTTTC
CP058602.1_gap11	521662	525627	3965	TTGTGCCTATCGCTCTTGATCTGCGCGAATAATTGATAGGAATCTTCCTTATAGCCTCATTCATAAAGACAATCAGACCTATCACAAGAAGCAGGACAACAACAAAAGTAACTGTCTTTAGAAAATCCTGGACCTCAATGGTTGTCAGAGATTGACTCACCACGACAGGAAGCCTGGCAATAATACCAGCAAAAATCAAGAAAGATACTCCGTTTGAAACACCGTACTCGGTAATTAAATCTCCAAGCCAAACTGCAAAGACGCTGCCTGCTACCATAGTAATAATTAAAGCAGTAAGGTTTAGAGGATTAAGGCCTGTGATTACTCCCTGATTTTTAAGCAAAAGATACATTGCAAAAGCCTGAAATGATGCAAGAGGAAGTGTTAAATATCTCGTATAGCGATCAATTTGCTCTCGCCCATATTCACCTTCTTTACTTAATTCTTCCAATTTGGGAATAACAACTTGCAAAAGCTGAACAATAATTGAGGCGCTGATATAAGGCCCAAGCCCCAAAGCCATAACAGAAAAGTTAACCAAGGTGCCTCCTGAGAAAACATCCAAGAGAGAAAGAATAGGACTTGAAACAAATAAGTTCTTAAGAAGGGTAGTGTCTATTCCTGCAGCCGGAATATGAGCCGAAAGTCTAAAAAAGAAAAGAACTAAAGCTGTAATCAAGAGCTTTTTCCTGATATCAGGTTGCTTAAATGCGCTTGCAAAAAATTGGAATAAAGAGGAAAACATCTTTACTTAATTATTAAAATTTTACAACTATTTCTTTGCCAATGCCTCAATCTGTTTTAAGACAGAGGCAGTAGTAGGCAGTTTAACAACTAGTTTCTTCTCTAACTTGCCTCCTCCAACAATCTTTATACCTCTTTTTTTAGCATCAGATTTCTTAACAATACCTTTTTCGATAAGTAATTTTTCATCTACAACTGAATTTTCAGGAAAAACATTAAGGGAAGATACTTTGATAGCAATAGGCTTGATCAATGGTTTTAATTTTCCCTTACCTCTCAAAACTGGCAATCTCTTGATAAAAGACTTCTTTACTTTTACACCCTCAAAAATAATGCCTATTTTTCCACGAGTTTTCTGCCCCTTCTGACCACGGCTTGAGGTGTGACCACCTTTTCCGCTACCGTAGCCTCGACCCAATCTCTTTTTTCTTTTTTCAACTATTTTAACTTTTTTTAACATATTATTTACGTTTCTTAGCTTCAAGACTAGCCAGGGATTTCAAAGCTTCGATTGTTGCATAGACATTAGAGATTTTATTTTTTGTTCCCAAAATTTTACCCACAGCATCACGCACACCAACTGCATCTAAGACCACACGAATAGCACCACCTGCAATGATACCAGATCCGGGAGGTGCAGGCTTCAAAAGAATTTTAGCTGCCGAAAACTTCTGCGAAATACTAAAAGGAATTGTCGTTCCTGAAAGAGGAACTTTGACCATCTTTCTTTTTGCTGACTCAAAAGCTTTCCTAATCGCGCTTCTTACATCAGCCGCTTTTGCCAAACCTACCCCCACTTTTCCTTTTTTGTCGCCCACCACAACCAAAGCAGAAAACCTAATCTGATTGCCTCCTTTGGTTTTTTTGGAAATTCTTCTAATTTCAATCACCGTCTCGGACAAATCTTGAACTCCCTCAACTATCAATTCTTTCTTTAAGTCAGGGTCCACCATTAGAACTCTAAACCTCCTTTCCTTGCGCCTTCTGCTAAAGCCTTAATTCTGCCAAGATAGCGATAATTATTTCTATCAAAAGAAACCTTCTTAATCTTTTTCTTAAGTGCCATGCAAGCTATTTCCTCACCCAAAGCGAAAGCAGCTTGGGTTTTAGTTCCTTTTGTCTTCAAAGATAAAGTAGAAATACCAACTAAAGTCTTACCAGACAAATCATCAATAATCTGAGCAAAGATATTCTTATTGGAACGACTAACCACCAATCTTGGCCTTTCTTTGGTTCCTATAATTTTGTTTTTTCTGGTTTTTCTTCTCATATTATTAAGCTTGAGCTTTGGCAGCCTTACCAGCTTTCCTTCTTACAACCTCATCAACATACTTAATCCCTTTGCCCTTATAAGGTTCTGGTGGTCTAAAAGACCTAATTTTGGCTGCAATTTGCCCCACCTTTTCCTTATCTATTCCTTCAATTGTAATGATATTTTTCTCTACTTTAAACGAAATACCCTCAGGCGCTTCTACTTCAATTGGATGAGAATAACCAACATTAATAATTAATTTGCCACCTGATGCCTCAGCTCTATAACCTGTTCCCACAAGTTCCAATTGTTTTGACCATCCTTCAGAAACTCCCTTGACCATATTAAAAACAAGGGACCTAAAAGTACCATGCAACACTCGTGTCCTTTCATTTATAACCTCAGGCTCAACCAAAGCCTGCTTTCCGTCAACTCTTACCATTATTTTGTCAGGTAAAACAAGCTCTAAACTGCCTCTAGGACCCACAACTTTAATTTTCTTTCGTCCCATCTCAAACTGAACATTGTCAGGTAAATTTATTGGTTGTTTTCCTATCTTGCTCATAATTTTATAAGACCTCAGCTATTACTTCCCCTCCCAAACCTTCTTTCAAAGCTTCTTTGGAAGATAAGATCCCCTTGGAAGTTGAAAGAAGTAATACGGCCGGAGAACGATATTCCTTAAGCTTCTTTAAATCCCAATAAACTCTAAGGCTTGGTTTTGAAACTAACTTTATATCACTTAAAATAGGAGCCTTTTTCTTGTAAGCTAAAGAAACAAAAAGCAAGCCATCTTTAGGCTCAACAGATGACAAAAACCCAAGCTTAAGCAAAGCTTCAGCTACCGCTTTGGTCATTTTACTTTCTTTTACCTCAACAGTTTTCTTGTTTGCCAAAGCAGCATTTTTAATTGTTATCAAAAAATCTCCAACTGTATAATTTGTTTGTCTCATATTACCAACTTGCTTTCTTAACTCCAGGCAAATTGCCTTTCATAGCTTCTTCTCTAAAACAAAGGCGGCAGAGACCATATTTTCTCATATAACCTTGTTGTCTTCCACACAAACTACAACGGTTGCGATAACGCACCTTATACTTTAATTTTTTCTTTTCTCTAACCTCTTTTGCTTTCGTTGCCATATCTTAACCTTTCTTCTCAAAAGGCATACCCAAAAGCTCCAAAAACCTTTTGGAAATTTCTTTATCTTTGGTTGTTGTCACAATAGTTATTTCAAAACCAAAAGGCTTATTGACTTTTGTCACATCAATCTCAGGAAAAATAGTAAAATCAGGCAATCCTAACGTATAATTGCCTTCTTTGTCAAAGGCATCAAGTGGAATACCTCTAAAATCGTTCAAGCGAGGCAAGACAATAGCAAATAGCCTCTCTAAGAAACTCCAAGCTCTTTCACCTCGAAGAGTGCATTTTAAGCCAACAGGAGCTCCCTTTCTTACCCCAAAAGCAGAAACAGAAATTCTAGCCTTCCTGATTGACGGCTTTTGACCTGTAATTATAGCCAAATCTTTTGCCCAAGATTCAATTAGGTCTTTGCTCTTAAGAGCTTCACCGGCACCAACATTTACAACCACTTTCTCAATAGTAGGCACAGCCAGAGGATTCTTAATCTTAAATTCCTCCATTAATTTGCCAACCACTTCCTTTTTATATTTATCTTCTAAAATTCCCATATTAATCTATTTGAATTTTACATTCTTTACAAAATCTATATTTTTTACCATCAACAATCTTAAAACCCACCCTTGTTTCCTTGTGACATTTTGGACAAATAAGCATCAATTTTGATAAATCAATAGGCCTTGGCACCTCATAGATACCAGCCTTTTGTTCTCCTCCGCCTTTGACATGACGCTTATAGACATTAATACCTGAAACAATAGCTTTTTTCTCTTTAGGCAAAATTTTCTCAATATCCCCCTCCCGGCCTTTATCTTTGCCAGCTATAACTTT
CP058602.1_gap12	539485	542932	3447	CGTGGGGCAATATCCAAGACTAGAGAAATTTTAGAAGGCGCACCCTTGAAATACCAAACATGTGCAACAGGCGAAACAAGATTAATATGGCCCATTCTTTCTCTTCTTACCCTTGAAAGAGTTACCTCAACTCCACATTTATCACAAATCACTCCCTTATATCTTATTCTCTTATATTTTCCACAATAACACTCCCAATCTTTGGTAGGACCAAAAATTCTTTCATCAAACAAACCATCTTTTTCAGCTCTCAACGTCCTGTAATTTATAGTTTCGGGTTTTGTTACCTCACCACGCGACCACTTCCTGATTTCATCAGGCGAAGCTAGCTTAATTATTAAGCTCTTAAAATCGGTTAAATCTTTAAAATCAGATAAAGGATCCATGATAATAACAGTTAACAAATTAACAAATTAACAAATTAACAAATTAACTATTAACCTCCTCTCCGCTTGAAATGACTTCATCTACTTCAACTGGACTTTCTTCTCTCAAAAGCTCGCTTGCAACTGCTACTTCTTTAGCTCCACTCGCTTCTTCTAGTTCAAGACCAAGCTCTGATACTTCGTCATTTTCTTCATGTTCTCTTGATATGTGGCCAGAAGCTTCAATTGACAAACACAAAGAATTAAGCTCCCTGACTAAAACCTTAAAGCTCTCAGGAACAGTTGATTGTGGAATATCAACTCCCTTGACAATAGCCTCAAAAGCTTTAGCTCTTCCAACTATATCATCAGACTTAATGGTTAGCATCTCCTGCAAAGTATAGGCAGCACGATGCGCCTCAAGAGCCCAAACCTCCATTTCACCCAAGCGCTGACCTCCCATCTGCGCTTTTCCTCCCAAAGGTTGCTGAGTAACAAGAGAATAAGGACCAGTTGACCTTGCGTGAGTTTTATCTTCAACCATATGATTAAGCTTCATAATGTAAGCGACACCAACCGTAGTATCTTCAAGAAAAGCTTCTCCTGTTCTCCCGTCAAAGAGCCGCGCCTTACCATTCACCGGCAAATTAACTTTCCTAAGTTCATTAACAACAGCATCTTCCCCAATCTCGTCAAAAACAGGCAAAGCTACTTTTTTACCCTGTTTCTGGGCTGCCCAACCAAGATGGCATTCCAAAAGCTGGCCTAAATTCATACGTGAGATAACAGACAAAGGGGAAATAATAATATCAATAGGGGTGCCATCAGCAAGAAAAGGCATATCAGCAACCGGCATAACTTTGGCTATAACACCCTTGTTACCATGTCGACCAGCTATCTTGTCACCTACTGTAACTTTCCTCATCTGTGCCACTCTAACAATCACTCTCTTAATTACTCCCGCTCCAAGCTCATCACCCTTATTGCGATCAAGTATCTGGACATCAACCACAATTCCTCTTTCACCATGAGGAAGCCTTAAAGAAGTATCTCTCACCTCGCGAGCCTTCTCGCCAAAAATAGCCCGCAAGAGTCTTTCCTCAGCAGTAAGTTCTGTTTCTCCTTTGGGGGCAATTTTACCCACTAAGATATCATTAGGACCAACTTCAGCACCCACAACCACGATCCCATCTTCGGCTAAATTCGCAAGTTCTGATTCTGCCACATTGGGAATATCACGAGTCAACTCTTCAGGCCCCAGTTTTGTTTCCACAACATCAGCCTCATATTCTTCTATGTTAATTGAGGTCATCAAGTCTTCTTTAACCAAGCGATCAGAAATCAAAATAGCATCCTCAAAACCATAACCGTCAAGGGACATGTAAGCAATAAGGAGATTCCTTCCAAGGGCAAGCTCTCCATTTTCCATTGCTGGACCATCAGCTAAAACATCGCCCTTTTTAACCTTATCCCCAGGTTTAACTACCACTCTTTGGTTGTAGCAAGTTGATTGTGCAGTCTTTTTAAATTTAGATAATAGATATGTAGCGAACTTTCCATCAGGAGAAATTTCAATTTCTTCAGAACTTTTATCGTCTGTTTTTTTATCTAATCTGACAACTATCTTTTCAGCGTCAGCATAATCAACAATTCCATCATACTTCGATTTAATTAGTCTACCCATAGCTTCAGCTACTATCTTTTCCATACCTGTTCCCACAATAGGAGCCTCTGGACTAACAAGAGGCACGGCTTGACCCTGCATGTTAGAGCCCATCAAAGCGCGATTACCTTCATCATGAGCCAAGAAAGGAATCAAAGACGCTGAAGCTCCGACTACCTGACGAGGGGTAACATCTATCAGATCAATTATTTCAACAGGACCTTCAGAAACTGAGCCTCGATAGCGAAAAGGCACACGATTGGCAGTAATAAAGCCGTTTTTATCAATAGGCACTCCTGAATGAGTTATATGATATTCTTCCTCATCATCTGCTGGTAAATAAATAATTTCATCAGTCACTTTCATTAAAGTTTTCCCTCCCTTTTTGACTTTTTCAACCTTGCGATAAGGAGCTTCAATGAAACCATACTCATTCACTCTCGCATAAAGAGCTAAATGATTAACCAAACCTATATTCTGACCTTCAGGAGTTTTTACCGGATCAATGCGACTATACTGCGAGCTTGAGACATCACGAATTGAAAATGAGGCTCTTTCTCTATTGATTCCACCTGTTCCCATAACCGAAAGTTTGCGCAATATTTCAAGTTCATTTAGAGGATTGGTATTGTCAAGAATAGCTGAAAGCTGACTCAACCTAAAAAATTCATTTAAGGAAGCCACTAAAGGACGAGCATTAATCAATAAAGACGGAGTAGGACTGTCAGAAGGAGAAATGAGGCTCATTTTCTCTTTAATAGATCTTTCAAGCCTCAAAAGGCCAACACGAAAAGCGTTTGTTGCCACAAGCTCGCCAACTCTTCTCAAACGACGATTGGCTAAGTGGTCAATATCATCAACTCTACCCTGGCCATTTTGCAAACCTATAAGATATGAAAGAGAAGCAACAATATCTTGTTTTGTCAAAATCCAATTTTGCTTAACATTGGGAATATCAAGCGAGAGTCTTTTGTTAATCTTAAATCTTCCGACTGCTCCAAAATCATATCGACGTGGATCAAGAAACATACCTTTGAAAAGACTTTCGGCATTTTCAAGTAAAACTGGCTCACCAGGCCTCATCCTGCGATAAAAATCAAGTAGAGCTTCTTCTCTATTGGTAGTTAAATCGCGAGACAGAGTTTGACTGATATAATTGTGTTGTGGATCTTTATTAACTTCTTTAAACAAATCTTGAATCTCCTCATTACTTTCAATGCCAAAGATACGCAAGAGGACAGTGGCAGTAATTTTTCTTCTTCTGTCAATTCTGGCTGAGATGACATCATTTTTCGAGACCTCAAATTCAAGCCAAGTACCATGAAGTGGTCTTATTTCAGAGTGATAAAGCATTCTACCTGACGAGGAATCAAGATCGCCAGAAAAATAAACTCCTGGTGATCTGACTAATTGACTAAC
CP058602.1_gap13	712161	713477	1316	TGTCTTTTGCAGGTTGTAAGTTTATAGCATTCATATTCAGGTTTATAGATACAGACTGAAAAGACGAGTTTTTCATCCTTGTCTTGGCAAATTTCGCCGTTACACCCGCTTATTACGCACTCATTATTATTTCTTGGCTTTTCTTCAGGATTTTGTCTTGAACTTAATTTTGTAAGCGAAGCAATGATAATACTAAAGATAAAAATTAAAACCGTTGAAGATAGAAAAATAATTCTAGTTATTTCAATAGCATCCTTTCTTTCTTGTTTATTTTTGGCCATTTTTAATTATAACATGGCCTAATAATGATTATTGTCTTGAGTGTCTTTTTTTGTTAATCTGATATTAATGGAGCTTGAAAAACTTGCCCAGAAGATAGTTGCCTCTCCTCGAGGGATTTTGGCTGCTGATTGGAGCGTGGGAACGGCTACTAAGAAATTTGCCAAATTTGGAATTAATTCAACTGAAGAGTCAAGAAGAGAGTACAGACAGATGCTTTTTGAGACAGAAGGTTTGGAAGAATATATTAGCGCTGTTATTCTTCATGAGGAGACAATCAGACAAAAAACTAAAGAAGGCAGGCCTTTAATTGAAATAATTAAAAATAAGGGTATTGAAGCAGGAATAAGGCTTGATATTGGACAGGAAGAAATTCCTGGATTTGGAGGTGAGCAGATGACCTTTGGTTTAGACAGGATAAGAGAAAGGCTTTCTGAGTTTAAGAGTCTGGGGGCAAGTTTTGCCAAGTGGAGAGCGGCTTTTATTATTGGCCGTGGCAAACCCACAAGACAAGCAATTGAGGCGAATTCAATTCTTCTTTCTTTGTATGCTTTATTTTGCATTGAAGCAGAAATCCTCCCTATAGTTGAGCCTGATGTAGTTATGGATGGCAATCATTCTCTTTCTGATTGTCAAAAGGCAACCGAAGAAGTTTTGAAAACTTTGTTTTTTAAGCTTTTAGATTATGGAGTTGATAGAAAAAAGATAATTCTCAAACCAAATATGATTCTGCCGGGAATTGAATCGGAAAAAGCTTTGCCTAACGAGGTTGCTCTTGCCACAATTTCTGTCTTTAAAAAGACTGTTCCTGTTGATGTTGCTGGAATTGCTTTTCTTTCTGGTGGACAGAGTTTGGATGAAGCTTCAAAAAATTTGAATGAAATAGAAAAGAGGGCTTTTGATGTTCCTTGGCAGATAACCTTTTCTTTTGCAAGGGCGCTTCAGGAGCCTGTGCTTGAAATTTGGCAGGGAAAAGAGGAAAACAGGAAAAAAGCTCAAGAAAAGTTGATTGAATCAGTAAAAATAGCTTCTTTGGC
CP058602.1_gap14	715659	718844	3185	AGCGGCTCTTGATGTTTTTGAGAATGAGCCAAATATAAATCCCGAGCTTTTGGCGATGGAGAATGTGATTTTGACACCACATATTGCTTCTTCAACTTGGGAGGCGCGGCTTAAGATGACAGACCAAGCAGTTTCAGCAATTTTAGATTTCTTCTCAGGTAAAACTCCTGAAAATGTGGTTAGGGGTTAGTCTCTTTATTTTGGGGAGTTTGTTTTAGACTTGATGTTTGAGTTGAGATATTTTCTTCTTCGTTTTTAGGACTATTCTCAGGCACAATTATGGGGACGGGAGTCTTCGTCTTTTCAGGCGAAACTTCTTGGGTAAATCTTCTTCCGTCTTTAGTGACGCAAACCGGTGGATAGCTTTCTTGAATAACTCCGTTTGCTTTTGTGCATTCATCAAAACTGTTAATCTTGAGTAGGCTTTTGAGTTGTCTGTTTTGATAAAGAAGTGAGCCTGCAAAAACCGAGACTACTACAAGGAGAATGACAGTTGGAAAAAGAACGATTGATTTTTGAGGAATTGCTACTGATTCTTCTGGAACTTCAGCAACAACTTATGGAGTTGGTTGATTTTGAGTTTGTACATTTATTGTTTCTACCTTTGGTTTTTGGTTTTGGTTTTCTTCCATTATCTATTTTTAGCATCTTTTGGTAATAGAATCAATTATGATAGAACAAAGTGAAAAATTACAAATTCCAAATCACAAATTACAAACAATATGCAATACACAAATTCCAATATACAAATTACAAACAAATTCCAAGTTCCAATATACAAACAATATACAAATACCAATAAACAAATCACGAGAATTAAATCCTAAATTCTAAACAATTTTACAATTATCCAATTTTTCAAATTACAAACAGATTAAAGAATATAGATTTATGATTTAGGAATTTTGCTTTCTAATTACTACGTTCTACTTTCTACTAACTCATGGTTAGTAGGCGACGCTGGGTTCTTAAGTCTTTTATCTTTTCTCCATTTAATAGTAGAATTGAATTAATTTATGGATGATGAATTTGAAGATGAAGAAAAAATAGAGCGCCTTGAGCCTGCTAAAAGAAAGAGAGTGGTTCGCTGGCGCAGAAAGAAAGATATCCTTAAAGAGCCAATCAAGCCGTGGGGTAAAAAGGAAAGATATCTTGTTTTGACTATCTTTCTTGCAACTTCTCTAATCCCTGCTTTTTTGGCTCTCTCAGCAAGAGCTTATAAATTGCCTGGCTTGCCGAAGTTGGGTCCTCCTCCTGGTTCTTTTCTTAAAAGTTTTTTCGCAGGTAGAACTATAATTTTAGAAAAGGAAAGTCCTGAAGTGAAAGAAGATGAAAATATGAATAAGAAAAAGGAATCAATAATTTCTCAATTTAAAGCAGAAACCAATAAACTTTCAGGAGTTTATGGTCTTTATGTGGTTGATCTTAATTCTGGGTTTTCTTTTGGAGTTAACGGAGATGAAACTTTTGATGCTGCTTCTTTGATAAAGTTGCCTGTGATGGCTGCAATGTATCGTTTGTCTGAAGAAGGCAAGATTAATCTTGATGAAAAGTATGTCCTCAAAAATTCTGATAAAGCCTCAGGTGCTGGCAGTCTTTACCTTAAGCCCAATGGTTACCTGATTTCTTATAGCGAGATTCTTAATTTGATGGGCCAGCAATCGGATAACACTGCTTTTGTTATTGCCAAAAACAAAGTTGGTAAGGAAAATATAGAAAATTTAATTGACAGGTTAGGGATGATAAATACTGAATTTGATAGCCGTCAGACTACCCCGAAAGATATAGGCACTTTCTTTTTAAAGCTTTGGCAGGGAAAGGTGATTAATGAGGAAAACAAAAAGAAACTTTTGGATTCTTTAACTAAAACTATTTTTGAAGATTATATTCCGGCAGGTGTCCCTGAAGATGTTCGTGTAGCCCATAAATATGGGACTTTAGATAATATTATTAACGATGCGGGTATTGTTTTTGACAAAAGACATCCTTATCTGGTTGTTATTATGAGTAAAGGAATCATTAAAAGAGAAGCTGATATAGTAATACCCACAATATCAAAGATTGTCTTTGAAGAGATGAGTAAAGATTAATTTCTTTCAGTTCTTGCTGCTGGTTCAAGAATTTGGGGAGGCATTTGCGGATTTTTAAGAGTTTTTACAAATTCTGGATTGCAGGCTTTTTGGGGCTTATTTTCTTCCAAAAACCATTCCATCTTAACCGGGCAGTTGTTACAAGCCAAGGTTCCTGTTAAGGGACAGATGGGTAGTTGAACTATTCCTTCTGGTACTTCCCAATCTTTTACCTCTTTCTCAAAGAGGAGAGAAGACATAATTTTGTTGAATATGGGTGCTGCTCCTGTAATACCTGAGGCGATACGAGACATTGGAGTATTGTTGTTATTTCCCACCCAGACTGCAACCAGATAATCCTTAGTGTAGCCGACAGTAAGATTGTCTTTTAGATTATTGCTAGTTCCTGTCTTAACTGCAACTTCAGGGTGGCCGTTTATGACAAGAGCAGAATGAGCACCAAAAGCAGGAGTTCTTGCCTGATTATCTTTAAGAATATCGGTTAGAAGGAAGGCTACTCTTTTATCTAGCACCTCTTCCTTGGGGCACGATTCTTTTTGATTTGTTAAAAGACAGTTATCTTGATAAAGCGTCTTGCCTTCGTAATTTTTTACTGAGATGATACTTTTAATTTCTGGTCTTTGTCCGTAATTGGCGATTGTCGCATAAACTCGTGCTAGGTCAATTAATTTTACCTCTCCTCCCCCAAGAGTTAGTGAAAGTCCGAATCGGTCTTTGTCATCCCAAGTGGTGATTCCCATTCTTTTACCCATTTCAATCATCTTGTTAACGCCGTATGAAGCAAGGACACGCACGGCAGGTATATTTCTTGATTCAGCAAGAGCGCTTCTTAAGGTTAGATTGCCTCGGTAATTTCCATCGTAGTTGCGGGGAGTATAGTCAGGTTGACCTTTAATCTTGTAGGTTATGGGTGTATCGCTTAAGATTGAAGCTGGAGTAAAACCATGCGAAAGAGCATAAGCATAGTTTACGACTTTGATGGAAGAGCCGGGTTGTCTTTTTGAAGTCGTTACGTTAACATTACCGTCATTTTTGATGTCAAAATAGTCTTTTGAGCCAACCATAGCTAAAATTTCTCCTGTCTGGGGGTCAATA
CP058602.1_gap15	748788	749637	849	CGAGATGTTGTGATGCGTAAGGTGGATATGCTCACAAAGAAAGAGGAGGGAAAAGAAATATTAGAATTTCCCTATGCTGATAATCCCCAGATTTATATTGCAAGTATTGCTAATGCAGTTTTGCGGTTTGCGCGAATACCAGGACATTTTGATAAAATTGCCCCAATTGTTAAGGAATACATTGAAAAATATCTTTTTGAGAGAGAAGTTAATGTTGAAAGTCTTGAGACATTAAAAAAACTTAATCATCCAAAAGTACGCAGCGCAATAGTTTCTGTTCTTGTCGATGCCATAAACAATTTGACAGTAGTCTCAGAAGAGATGAAGCTTGAAAATCGAAGGTCGTGTGCATCAGAAATTAAACCTTTTCCGTGGACAAAAGTTGCTGTAGTAGCGCAAAAGTGCATATTGAATTTTGTACCAGTTGATAATGATTTTGAAGCGAAGTTTGTGAGATTTCTTGATGGAGCAAATGATGTTGATGCTTTTATTAAGAACGAAACACGAACAATCAATCTTAAGATTCCGTATATTGCCAAGGACGGATTTTTGCGTCGCTACATTCCCGATTTTATCGTTAAAACGAAAAATGCAACAGCAATTGTAGAAACAAAGGGACGTGAGGACGTTGACGTGGCGGCGAAGGATTTGCAAGGTAAAAGATGGTGTGAGGAGCTTGGCAAGCGAACTGGAACAAGATGGATGTTCTTGCGCATTGACCAAAAGGAATTTGAAAAAGCGAGGTATAACAAGTTTGCAGAATTGATAATCTGACTTTACCCACCGCCGACTTTTCCGCCTTGCGCCAATCCATACTAGCGCAAGCATTTAATCAAAGTAAAGAATTCT
CP058602.1_gap16	818317	818817	500	TCAAAAGGTTTGGGAGTGGCAGGTAAAAGGGTGGTTTTGGGTAAAGATACAAATCTTGAGATAGAAGAAGTGCAGCCTGTGACTGATGATTTGGGAAAAGCGCTTTTTGATGTTTCTTCATCTTCGGCTAATGCTTATTTAATTGAGGCTTCAGTTGATGGCAAGGTCCTTCCTCAGCGTGTGAGCGTGGTTTTTGAGTAGCAAAGATCAAGTAGAAAGTAGCGGACATCAGACATCAGTAATCAGACATCATACGTCGGACATCAGCTATCGGTTGTCGGAACTAGTCGGAAGATTGTATTTAGTATTTTGTATTATGTATTATGCAGGGAATAAAAGTAGAAAGTAGAAAGTAGAAAGCAACGGATTTCAGATATCAGCTATCGGACGTCGGCTATCGGAGTTGGTTGTTATCTTAATTCATAAATCCTAAATCCTAAATCTCAAATCTAGATTCTTGTTTGTGATTTGGAATTTGCCTGCCCTGAATCGAATTTATT
