gap_id	start	end	length	sequence
CP064963.1_gap1	95500	96348	848	CACTTGGTATGGCAAGGCAAGCAGTCGCACTGGATCCCTCGAATATAAAAGGTCAAGAAATTCTGATACTGGCTTTAATGGCAAACTCTTTTTATGGCGATGCCAACACTCGCATGAAAGAGCTGCTCACAACCAAAGAAAATGATCCTTGGGTCTTGCATCTGGCTTATCTAGTTAATAAGAGTAATGACAAGCTCGATTTGGCTTTAGATTATTTGAAGCGTGCAATCAGGCTTAAGCCAACAGAGCGTCAGTGGCTACTTGAATTGGCCGACACTTATCAATTAACGAGCAAACCAAAAGACGCCTGCAAAGTAATAGAAGACTATCTGGCTCTGGAGCCAGATTCTGTTGAAGGCTTAAAAAAACTTGCTTACGTGCTTGAGCACTCGTTGCACGATTATGCCCAAGCCCAGACAATTTATTCCAAGATATTAAACATTGATCCGCTCAATGTCGCGGCTCAAGCTGGAATCAGTCGACTGGAAGTAAAGCAGAATGATTTTTCAGCCAAGCTAAAGCGAAGCCTTCAAAGCTTTTGGGCTCAATTACTTTTGTGGCTGCCGCCTCGCCTAAGCAGGAACAGCTTTACTGAGCACTCTCTTAGGTCCGTGGATTGGATCTTCGATAATGATTGTGTTGTCGCGTTTGGGGCCTACACTGACGATAGCGATTGGCGCATCCAATTCTTGCTCGATGAATTCCAGATATTTCTGGGCAGCATCAGGCAAATCGCTGAATTTGCGACATTCAACTGTAGATTGTTTCCAACCTTTCAGTGTCTTGTAGACAGGTTCCATTTGGGCGAACATGGCACCGATGCTTGGCAGGTCTTTGTAGACTTTGCC
CP064963.1_gap2	101824	106409	4585	TCTGGATTGCCGCTATTTGTGTCGGCAACAAATCCAGGAAGCGATGCTTTAATTGATTTAGCACTTGCAATCAGTGTTTTAGCTTCTTCTGTTTTGTTCTGTGCTGCAAGCGATTTTCCTAGACCCTCCATATCCCAAGCCACTTTAGCGCTTTTTTCACCTTCGAGCTTTTGGTCAATTTCTAAAAGTGAGCGAAAATTTTCTTCTGCTTGCGTATAATTTTTAGATAGGTACAAAACTTCGGCAAGCTCTGAAAGCGAATTAACTGTGTCTTGATGCTCAGCTCCAAGAGCGCTTCTTTGAATTTCCAGTGCCTTTTCTAAATTTTCGATTGCGCCTGTATAATTTTTCTTCTCTATCAATATTTTGGCTATGTTAGCTAAATTTCGTGCATAGGCTGGGTGATTTTCGCCGAGTGTTTTAAGGCGTATAGCCAATCCGCGCTCTAACAATGACTGAGCTTCATCTAGTTTGTTTTGATTGGAGGCTAACCAGGCAAGATTATTTAGGCAAGCAGCAACATCTGGATGACCTTGCCCTGACTTTGATTGAGCTAGTTCTAGTGCTGCTTTATATGGAATCTCGGCTTGGGCATACTTGCCTTGACGAAGATAAAGCATTCCAAGTGAGTTTAGATCAAAGGCAGTATTTAAGTTTGCTTGATCTTTTTTGTCTATTGCAATAGCTCGATTCAAGAGCGATTCTGCGCGGTCATAGGCGTTGGAATCAATGAGCGCTTGGGCCAATTTTCTTAAACAAATAGCAAGGACTGGACTTTCTCTGCCATATACCTTTTCTTGCATGGACTGACATTTCTCAAGGATTTTTATGGCGTCAGGTAATTTACCTTCAGCTTGTTTTAGGTCAACCAGGAGATACATGGCGTATATTTTAAAACTGGTATCATCTTGCTCTAAAGTTTGCATACAGAGTTTTTCTGCATTTGGAAAATCTCCCAGTTCGAATTTAGAGCGAGCAAGTCCCAAAATTACATGTGCTTTGTCGCGCGGTTGAGTTTTTGCGTCGCACAATGAAAGTGCTTTCTGTAAGCAGCTTTCGGCTTGATCAAAGCCAGCTTGGCGAATATAAATATGACCTAATGCATCTAGACACTCTATTTGCGATTTGTTTTTTAAATCTTTTTGTTCAAGCTTTTCAGCCAGTGTCAGAGCCGATTTGGTTGATGCTACAGCTTTGTCAAAATTGGCTTGTTCAAGATAAAGACCAGAAAGATTTAGATTAAGCGTGATTTTTGCTTCGTCTTTGTTGAAAGACTTGGGCAGACTTTTACTTTCAAGTGCACTCAAAGCTTCATTGTACTTTGCCATAGCTGCGTCAAAATCGTCTTTTTCTTTTAGATTTGACGCTAAACTGGAAAGGTCGACTAGCAATTGAGTGATGTTTTTGTTCTCTTTGTCTAAAGTGCAAAGTTTCTCCTGGAGCAAAATCGCATCGCTTGTGCGTCCTTGTGCATCAAGTGCATTGACGAGTTTGCGTAAGATAGGCTCAACATCGGTACTTTGGGCTAACTCTGCTTCTTTTAGCGCCAGACGCAATTTTTTTTCTGCTTCTTTGAATTGACCAAGGCTAAGCGCTCTTTCGCCAGCTTCAAATAATGCTTTGGATACTGACTCCTGGGCAAAAGCGCAATTTTGATCGATGGTTATTTGAAGGCTCAGCGCCATCAATATTGAAAATGCCAGTCTGGAGAATTTTGTTGTCACAGGTACGTCCAAGAAAAAGCGGTAGCAACCAAAATACAATTGTATCCTTAGTTTCTACCGCTTCTTGAACTTCTTTAGGCGGATTTTTGTTCGCTGCTTTGGACTTTATCCAGGGCATGTTGATATCTGTTAGCGTGAAATTTCTCCACCATCGCCAGTGCCTTGAATCTTTTAGCTGCTTGCATAAAGATGTCTGCGTGCTGTTTTGATTCAGCTCCCTGCTCTTTGAACTCAGCAACAGCATCATGGTTGCCTTCTTCAAGCGCCACTTTTTGAAATTCTGGATACATCTGGTTGGTTTCATAAAGCTCTCCCTCGATTGCCAGTTCAAGCAATTTTTCGATGGTTAAACTGTTCGATGGATAAACAAGCTCCAAATGTGAGAAAGCATGACCCGTTTCTTGATGGGCGGTCTCTTCAAACAAAGCGGCAATTTCTTCATTACCAAGTCTGCGAGCCACTTTGGCAAAGTACAAATATTTACGATTGGCCATCGACTCGCCGGCGAAAGCAGCCATCAAATTTTCTTTTGTCTTGGTGTCGTCTAATTTCTTATTTTCGTTTTCAGTGGTAGTCATATTCTTTTCTCCTCTTATATTTAATCTAATAGTAGAATGAGTCTAAATGCGGGGCAAAAAAATACTCAGTCCTGGCGCCTGCCAAAAAACACCACTTTATAACCGTCGACTTTGAATCGCTCGTCCAGGGTGGCTCTGACCGGAGTAATGACTTCGGCAGGAATGTCGAATACTGCGCCTGTTTCTGTGTCTACGAAATGGTGGTGGTCCGAGACATTGGCGTCATATCTACTTCTGCCTGGTTCTGTTACCACTTCCTGGATGACTCCGGCTTCGACCAGCGTTTTCAGGGTGTTGTAGACAGTTGCTCTGGAAAGAGAGACAGGAAGAGCATTTTTTACCTCGTCTAAGATCTCATCCGCGGTGGGATGCGAATGAGTCGAGAGCAAATACTGAGTAATTACTACTCTCTGAGGGGTCGGCTTTACACCCTTTTTCAGCAATAATTCTTCGGCATTAATTTCGTGCATTTAATTCGTCCTCTGCAATTAGACTAAGTCTAAACTTGTAATCTGTCAACCCTCCGTATTGATCCAATTCTTTTAGCCTCAAGAAATTTTATTGAGAAGTTTTTAGAGTTAGCATCGAAACACAGACAGGTTTTGGTTTTTACTTTTCAAAGTATGAACTTTTCAACAAAATTTCTTCCGCCAGTCTTTTCTTATATCTTTAAAAAGAAACCCTCCGAACTTCAGAGGGTTGAACTTTTAAATTATTCGAATTTTTTTAGTGCATTATGGCTCGCATCATCAATGCCTGAGTCATAGGTAGCGTCATCATATACGGATTGGCGAGCGGTCCAAACGCTGCCTTCATTAAGAAATAGGTGCCTATCGCAGTACCCGTCGGTACTGCAACCCCCATGCCCCCTTTCATAACCGATCCAACGGCGCTACCTACAGAGCTCATGGCTCCCCTGAACTTTTTATTTCCATTGCCTGCGCTATTTCCGCCATTGTGGTAAGCCTGACGGTTAGCGGCTTCTAGAGTTTCGTTGAACATTGCTTGTTGCTCCGGGCTACAAGGAGCACATTGTGCAGTTTGAGGCTGCATCTGGTTTTGCATCTGTTGCATTACTTCTGGCGGAACTTGTGTTTGCCATTCACTTACACCTGGAGTGGCGTTATTTTGCATTTGTTGAGGCGCCTGCATATTGGCTGTGGCGCTCATTTCGAAAGCTTGAGCCGGTTGCATTTGCTGCATATTTTGAGCGTTTTGCATATTCTGCATCGGATTTTGCTCATAGATAGGCTGGCTCTGCATCTGTGGATTGACATTAGCAGAGCAGAATTGACTTGCGTACTGTGCGCTGCGCATCGCCATTTCGTCTGCTGCATCGTGTGAGTAGTCGTTAGAATAATTGCCGGCAAATTCTTGTGCCATGGCTTCTGGTGCTGCAGCGAATGCTGCAACGAGTAGGCTAGCCAGTAGTACTTTTGTTTTCATCGGTTGATTCCATTGCAAACACTTTATATTTGCAGTTTAGATATACAACCAGTCTGTATCAATGGGAGAAGTACGCTTCAATCCAGATTGCGTGCGGGAATCACCACCATCTATCAAATAGATATATCAAAGCATTCGTAATAAAGCACGTCACGCGCCTTCTTACTAGGTTCGTCGTTATTTGTTTTCAATCGAACTCTGTATCTGCCCTTCTTCTTATATGTATGCAAAACAGCTTTTGTGGTTTCTTGTAGATGCGAAATTGACGCTTTAGTTCGCGGTGGTGCTTCTCTTTGTTCGATTGTGCCATCGCCCCAGTCTATACAACATTCGAAATTGGGTGGAATTTTTACCGTCAGCCAAAGCTTTATGGTGTTTGGCTTTGCTCTACTTCGTTTTTCGAGTCGAACATATTTAGGTGGTAGTTGAAGACATTTGGCAAAAAGGTCTGCATTTCTGGGTGTGACTTTACCACCTCTTGATGCTCCCCAACCTTCAACAGTTACAGTAGCCGTGCCACTAAAAGTACCCATCATTCGGTCATCGGAACCGGGTTTTAGCATTGTGGCATTAACATAATACGTGCCAGGCTTATAGTAAGTGTGCGTGAGAATCTGGGGTTTATTCGGGTCAAGATTGCCTTGACCAGTGCCCCAGGTGAAAGAATAACTGGTATCAAAACCCCCTGCTCTGCCGCGCTTCATTCTTGATATTAATTCATTGGGACCGCTTAAAACGACTGTAAGTGGCGTTTTGCCAGATAAAGGACTGACGTCGAGTGTGGGATTGTTTGTGCTTGCATTTCTTTGAGCATTGGTTTGTTGTTGGCAACAAAGC
CP064963.1_gap3	109281	111856	2575	CTGAATACTATCTGTGATGGAATCAAATGGTCTGCATGCAAGCGTCTTTGTGTCGATGCGAAAATATTCAGTGGTAAAAGCGAGTACTTCATTTTTTATGCGATACATGGCTTTGCACCGCATGTTAGGAGAAAAACTAGCGCTTGTAACACCTTCAAGTTTTGGCTCGTTCGATCGACCCAGAAAATAATATGCAATAAAGCCTAGAAACAAAATTACAAATAGGATGCGACCGGTTTGCTGCACTTAGAAATCGCCCTCTCTTACTTGTTTTGGATTCTTCTTTATTGGAATCACAATTTCTATTGTAGAAAAAGATTCGTTTGAAATTGCATCGCCTTTTTCAGCGCTCATTTTTTGTACGCTTTCTAGCTTGGCTAGTTTGGACGAGCCCTTTATTGCTTTTGAGTCTGCATCATAATAATCGAACCAGGGAAGACCAGCATAAGTATAATCTTTGGCGGAGGGTGGAAGGTGCGGTGGCAAATTTCCTGTAATTTCTGCCCATGTCACCGAATTGGTTATGTGTACAAAACAACGACTGCCATTTTCGAGATCCCAGTCGTCTATTTTGAAATCGTCACTATATATTTCTTGCTTCATTTTACCGCCTGGCGCAAGACCCATTTCTTTTACTTGCATGGGTGCTGCACCAGGTGCTGCCATACATGCCACTGTCGGCAATGCTCCCCAGGACCCGGTAGTTACACTGCGTTCTTGCATCGCAATTAAATCTTCTTTTGGAAAAAGTGCATCATATCGACTGCCCTTCATAGGATAAACCGTAATTTGCAATCCGCCATGTTCGGCTTCACCAGTTATTTGCTCCTCGGCTGTATAACCTTCGCCAAGCGGCATTGCGATGAATTGTCTGATTTCCCCTTTTTTGATGCAATAGCCATCCAGCCAGGGTTGTTTAGGTGATACCACATAATCTTGTGGATTCTTCTTGAGTCCGCTTTTGTATTCTTCTCCTGTAACAGCATTGATTTTGCCAGTGCTAATTTTTATCGCAAAAGGATAAGTGCTGCGTCTTGTTGGATCGTGATGTCCGCTGAAGTAAATCCACATTGCTTCAGACTGATACATGGGCATAATTACGCCACCATGTTCTAGCCACTTTTCGGGCACGTTTTTCTCAAAGTCGTCTACATGTACCAGAGGAAAAGTACCAAGCCCTGGAGGTAAGTGATAAGTTCTATCATCATCTGGAATACGCAGAGTACGCTGAAAGGAAATATTTAGCCTGGCGCATTGATGAACGCTTGGAAATGAAAAAACGAGGTCGTTACCATTTATCTCAATCATGAAAATCTCCTTTCCTTTTAGATTATTCTGCTTAATTTAGTAGTTTCAGATCGTCATTATAATAATCGCGCCATTCAAGGCTTGATTGTTGGTATCTCTGCTTTGTAAAAGGTTCATGTGAAGGTGACTGTCCAGTTATTTCTCTCCAGGCAAGAGCATTTGCAATATGAACAAAACAAGTGATTCCATTTGTTGTATCCCACTTTTCTGATTCGCTTTCGCTTCCCGGATCATTTCCCATAGGATCTGCGGGGTCTGAACCCCAACGATTAGCGTAAAAGTTAGCAACAATGTGATCTGCCTTTGGATATAGTCGCTCATAGTAAGAGGCTTTCATCGCATAGACCAGAAATTGCAAAACCTGGTTTTCTTCGTGTAATCGCATGGCTACGAATTGTTTGAAATGATCTTTGTTTGCGTAGAGTCCATTTAGCCACGATAGGATTGGATAATATAAAAAATCTTGTGGGTTCGACTGAACTCCACTTAGATTTTGTTGTCCTGTAATTCCGTTTATCTCACCCTGCAAGACCTTAATCGCAAACGGATAGGGACTTATTCGTTTATTGTCGCGGTAGCCACTAAAGGTCAGATACATCGCATCTGATTGATACATTGTAAGCATGATGCCACCATGTGCTTTCCAGCTGGATGGAATCTTATCTTTGTTATCCTCGATTGAAGCTAATTGAAAGTGTCCCCAGGCTGGCGGAACACAAGGAAGTTTGAAATTGTCAGGTAAACGCAGCGTTCGGTGGAAAGAAATGGTTAAACGCGCGTCGGGATGTACGTTGCTAAAATTGAATATGAGATTGTCGGAATTAACTTCGAACAAGAGAAAATCTCCGTTTAGTCACCACTCACCATCGCGCACTTCGCGCACCAGGCGTAATACCGCTTTGTCAGGCATGTCTTTTAATTCGCGAATTAGAGTCGCGAATAATTTTGGTCGTTTTTGAATTATTTTGCTCAAGTCGTCAGACACTTTACCGGCCAATGCCAGCATCACATCTTTGTCTTCGTCGAGCACGCGCGCTAAAGCTTCTATAGTGGTTTGACCAGGCGGTGGTTGCAAGCCACGCTCAATTTTACTTAAATAAGACGGCTCTATATCTGCTTCTTGTGCCACTTTGCGCAAAGAAAACATTGAAGGACTGTTTTTTTGCAGTTCTTCTCTGCGATTGCGGATGTATTCACCAAACTGGCTCATGTTGTGTAGTATATACTACACACTCCACGCTGTCAAGAATCGTTCGGTCAAGTGGCT
CP064963.1_gap4	114408	118958	4550	ACTGATTGAGGAGTGGCGATATGGTCAGGAATTTGACTAGAGCCACTTTCTTGCTGCGCTAATAAAGTTTTGCGAGGTTGTGTGGGCTCCAATTTTAAGATGCTCAAATCGTCGCTGGCCAAAGCTTGTGGTGTGTTGAGCAAGCAGAGCGAAAGTGCCAGCAGGGCTAGTTGAGGGTGACTCAACCTATATAAAGGAATATAAAAGGCGTTATTTGAAGAGCAATTGAAGTTCATAGTAATTGTTGCCGGTTTTCTGGGTTGCCTGAATTAAAAATGGAAATCATTTCCATTTTAGTTAAAAATGACTTTCATTTTCAAGTTCCTTTTGTTAGAATTTAGACATCGAAGTTCAGTCGTGTTTCTTTAAACAGGTAGGACCAATGCTGGTACGTATCTTTCTAGCTTTTGCGCTTTTGCTTTTGTGTGTGACACAAGTTAATGCCGAATTGCTCAAGACCGGTATTCAAGAGTCTACCGATTTTGTCGAAGCCGAAGCGGTGAGTGCTCCTCAACCAGTAATTCCTTCAAACATGTATGAAGAAGGAATGAAGTGTTCGTGCGTTGCCCGTTTTACCATTATGGATAGCGGCAAAACAAAAGTGAAAATCGTATCGTCTTCAGGTAATCACGAAGTAGATTGCATCGCATTGCGCACGCTTCAGCGCTGGATCTTCAGACCAGCAATGCTCAACGGTAAACCAGTCGAGTCGAACAGAAAAGTAAAAATCCATTTCGAAATCGAATAGTGATTTAGCTAGTTACGCTGGTGCTTGTAAGTCTTTAAACATAACAATAGGAAATTCGCTTTGTTGAGCGACATTTTTTGCCACTTTGGCGGCAGATAGTAAAAGGCTGATATCACGACAGTCTTCTGGCACTCCAGCGATACCAAATGAGAGTGCTGCCTTTCTTTGATCCATTCCCATCATCAGTGGTGAGCCGTTTAAGACCTCTAGAATTCTATGGCACAAAATGGCTGCTGATGCGGTTTCTGTATTGGGTAAAAGCAGACCATAATTGAAAGTTTCAAAATGAGCCATTAAATCTATTGAGCGCTTCAAATTGTTTATACGTTTAGAGGCTTCGGCAAGTGCTTGTACTGGTAGCGGTTCTTGCTTGCCTACGCCCACCATCCACATGTCGAAAATAACGACACAAAATGGCGTGCCAAATAATTGATAGCGATTGAATTCCATTTCGAGAAAAAATTGAAATGATGGATAGGACAAAACATTTGTATCGGCTCTTTTAAGAGTGCGAAAAATATTGTCTATCGCAACACGGTCTAAAACTGTGGCTTGCAGCAATTTTGTTTTGTCTGGTCGAAGGGGCGTTTCGCGCAGTTCAATTAAGTTGGTTTGTATTAAGTTGAACATCACTGGCACCCAATCGCGCTTTGGCATTGGCTTTTCGCGCAAAATATCAAAGAGCGTTTGATTGCCATCCAGTTTGACGTAGAATTCTTTTTGTGGCGCAAGCTCATGTGGAGCGGCTTCGCGTATTTTTGCTTCAAATTCAGCTTCGCTCAAATTGGGATGCTTTTTAGCAATATACAAATCCATTTTGAGACCGCTGTTAAATAAATATCTGCTTTGATCAAGCAGAGTGACAGCTTCCATCAGTATTCCGTCGAGACGTTTTTTGACTGTGCGTTGATCTGTTTTTTCGTCTTTGAAGAAAAAGAATTTACCTGATTCCCAGGTAACAAGCTCAGTGATAGCCAGATCACCTTTGAAATTCAAACAAGTGGCATGAACCAAATCGCCACCATCAAAGAATAATTCGGACTGATTCATCTCGTCTGTGATAACGACTTTTCCGGTCATGCCGCCCATATTCATCGACTGAAGCAATGTTGGAATAGGCATGTCTTCAAGCTTGCCTTCCATTGTTGGCGCTTTTTGCCCAGAAAGAGTCTGGAAAGACGGCAGCTTATGTCCGGTGCTCTGCAAAGATTGCAGTCCTAAAAGTGAAGTGCTATACGAACTGGACATGCCAGTGTTTCGCTCAGACGACTCACCAAGAAGTGCTGCGTGGTCGATTGCATCAGAAATACTTTCGGTCGATTCAGACAAAACAAGATTTAAAATTAAGGCGACGTCAGTAGTCTGATAAGTCCAGATTTCTACTTCGTTTCTCCCTTCGCCAGAGAGCAGTTCCCAAGAAGGCTCGAAAGAATTTTGACGACAGGTGCACAAAAGTCTGTAAATGAGAGGGCTTTTTTGATTCTGCCAGGCAATTTCGCAGGTACGTCCAACCTTCCCGCGCGACTGGTCTTGCAGGAAAGCGATATCGTTCAAATTGGGTAATCTTTCAAAACGTCCCACTTGGGCCGTTTGACGTCTTTGATTATTGAACATGACAACTCTTAGTGAACATCTAAAAGGTTACCAAAAATCCAAGCGCACTAGCACTCAAATCCGGCTTTTGTTTCTGCCTCTAAGCATTCTATTAAGTTCGGCTTGAATTTCGCCTTCAAACGCCAGACTTAACTGCTTACAGGTGTTTTCAATAACATCGCGACTTTGACCCTTACTGTCATATTTCGCTTGATTATGCACATTCATCTGCCAGGCGCCGGGCAATGTAGCCAGACTCAATGGCATGGGTAACCAGGGAAAGAACGGTGTCACTGGAAAATAAGGAAGTTTCAAAAATGATGCAAGTTTGGATAGATTAAACAAATTGGGAGCAGCCTCATCACAGCCCATTGTGGACAATGGAAAAATCGGCACATTTTCTTCAACCGCTGGCAAGAAGCGAGTCCAGTCAAAGCCTTGCAAACGATAACGCTGCGAATAGGGCTTGGCTAGACCGTTTAAGCCTTCAGGAAAAATAGCGACGATTTCGCCTTTGGAGAAAAGTCTTTTCATTGCGCTTGAAGACCATGGCACAAAGCCAATCTCACGTAAAAACGAATGGAGTCTTTCGTCTTGAATTGAGTCCAGGTCGTACATTATGTGAATGCGTTTGTGTAAATCTGAATGGGCTAATAGACCATAAGTAAGCATAAGTGTTTGCCAGGGCAATACGCTGCCTTGATTACCTACAATCAGAGCGGGACCGTCTTTTGGTAGTTTGTCCCAGCCTGTAAAATTGACTTTCCACCAGTCGGCGTACAAAAACTCAAGAAACGGTTTGAAGCGAGTCAGAGCTTTGATATCGAAACCATAATACTGATCCGAGCTTTCTGCTTTGTCTATGAATTCTTGATTTTTGGCTTCAAAATCAGGCTTGTTTGTCGATGTCATAATTTCTTCCTCTAGACCTCGCTATTCTCTTGAATCGCTCTTCCAGCCGGTAAAAACCGACTTGCGTTCAGAGACCAATTTATTCAAGTCCTTCTGCACCTCATATTGTATTTCTCTTGCGATGCTAAGTACCAATTTTTTATCTTTCGCCCTCTCGGGTGGATAGCCAAGGTGAATGGGCTTGTGTACGTTAATGAGCCATTTTACTGGCAAGGGAAAGAACATAAGGGGAAATGGTAGCCAGGGAAATCCTGGAGTGAGTGGATAAAACGGCATACGCAGCAATAAAGCCAATTCTTTGACATTAACCATATTAGGAAATATCTCGTCACCACCAACGGTGGCAATTGGTACTAAGGGTGTTTGTGTTTCGATCGCTAGTTTAACGAAACCTGGATGGAAATCGAGCACGCGATACTTGTATCTGTAAGGTTTTCCTACCCCTCTAATCCCTTCAGGGTAGACACCTACTATTTCTTTGTTGGCAATTAATTTTTCGGCATTTTCAAGTGTAGCGCGCACCTGACCTGTTTCAGCAACCCACTCGCGCAAGCCTGGAATATCATAAAACCAGTCTGTCACTAAATAACGCACACGACGCGGACTTTCGTGCGAGTTGCACATAGCCATAGTGAGCATGCAGCCATCAAGTGGCAGAAGACCTGAGTGGTTGCCTACAAGAATAGTGGCTCCATCTCGTGGAATATTCTCGATTCCACGCACTTCTACTTTGAAATAATCTTCATATAAAAAGCGAAAGAACGGCTCCCAGCGGGCAAAAGTTTCGATAGAAAATCCAAACTCATCGTCTTTGTCGGCGTATTTTTCAAAATAAGCCGGACTGCGATTAGCTAAAGCCTTGAGGGGATCGCTGAAAGTTAGCGTCTTACTATTTTTCCAATTAACCACAAGAATCCAAGCACTCCCGGACCAAAGGAAATCCAAGTGACCAAACGTCTGAGCAAATTGCGCGCCATCTCAGAGGATTTTTTCTTGCAGCTGTCTTGCTCGCTGTCACTGCAATTATCGTTTTTGTTCTCTGGACTCACTTCGACCATGGCTTATCTCCTTGTCGTGCCAATTATACTCAATAGCTATAAGGTTGCATTCCATATCTATACTCCTTATACAAGCCTGATAAAGATTTTAGAAACTAGCAAGCAATAGGCTTTTTAGAGTGCGATAATTTCTGTGTAGCAGTAAAACCTAGACAGAGAGCGAAATAAAAAATATGAACCAACCGGATATGGGTCAGTTGTTTCAGTCGATGCAGAAAATGCAGCAAGAAGTGTTGAAA
CP064963.1_gap5	121163	122617	1454	TTTTCTTGATGTCTTTGTAGAAATAAGTTTCTTTGATTCGCTTCATGTATTGCGAGTAACCGCCTACATTTTCGCTAATCGACATGTCGTTGTCGTTTAAAATTATAAGTACGTTTTTCTGAATATGGCCCAGGTGATTGAGCGCTTCAAGCGCCATTCCGCCTGTCAGTCCACCGTCACCAATTAAGGCGATGATTTTTCTGTCTTCTTTTAAATGGTCTTTGGCAATGGCCATGCCCACGGCAAGCGATACTGATGTGGAGCTATGACCTGCAACAAAGGCGTCGTGCTCACTTTCTGTAGGACTTATAAATCCAGATAAACCTTGATACTGCCTTAGAGTAGCAAACTGATTGCGTCTGCCTGTGAGCATTTTATGAATGTAAGCTTGGTGGCCAACGTCCCACAAAATGCAATCTTTAGGTGTTTCAAAAACATGGTGCAAGGCAAGAGTTATTTCAACTACACCTAAGTTGGATGCTAGATGCCCACCAGTTTTGTTGAGATTGAAAATAATTTCCTGGCGTATCTCGCGCGCAAGCTCTACTAATTGAGCTGGTTTGAGCTTTTTGACTTCACTTGGTCCAGTGATTGCGTCAAGAAAAGAAGGCTGAGATTTTGATTTGGCTAGTGTTTGCATACAAATCCATCGATTGCTGCCGAATTACATCATAACAACCCAAAAGCCGCACAGATGTTAAAAACCGACCAGAAATGCATGACGTCTGTTAATGCTTGTTAAATGGTCTAATAGCTAGCGATTCGGGTCTTTTGCCAAGTCCCCATGTATAAGATATATAAAGGACGTTAAAACTTGTCTAAGCAAACAGCTTTTGCTAGCCAAATTTTTACCGCGAGGCAACTTTGCCATACATGAGCTGATCATAAAAGCGATCGTATTTGAAAATCGCTTTGCGAAGGCGACCTTCTAGCGCGAATCCCGCTTTTTCAAGTATTCGTCCAGACGCTATGTTGTGATCGAAAGTACCTGCAAACACGCGTGTCATGCCCAATTCGTATAAGGCATAATCTGAGACTGCAACTACCGCTTCCGACATGATGCCTCTGCCCCAGTGATCTTTGGCGAGCCAATAGCCAATCTCGGCTGAATAACGAAAAACGTCTCGTTGCAGTGTCAGCCCAATTCCGCCGCACGCCACATTGTCTACCACAATGGCAAAATGACACGTAGGTCTCACTTCCAGGGCAAAAGTGATCCAGTCAATGGCGTGTTCCTTTTTATATGGATAAGGAAAACTATCGCGCAATGTGGCTGAGACGTCTTTGTCGTTGGCTGCTTTTACAAGCGGCTTCACATCGTCGTAAGACCACGGGCGCAATAAAGCTCCACGTAACTGAAGAGTTTTTCTGCTCACTGGACCCACTTATATACTTAGACTTCGAGCTTCGATTCTGGCTCTGGAGCCATCGAAATTGGAATATTCTTTTGGTTC
CP064963.1_gap6	139860	142682	2822	TTGTTGCATGGCTTGTTGCTTGGCATAAGCTTCTTCCATGATTCGATTGACCACGTTGCGACTGTCTTGCCCCTGGTCAGATCCACCGTGCTGGATATTATCTAGATTTACGCTGCTCATGCTTTGCGACTGTTGTTCAAGCCGCTTGTTCATCTCAGCAATTTTTGCATTTATCGCATCTTGTCCAAACTTATCTGCAGATTGCCCTGTTTGGTCAGCTTGATAAGGGTCTGGGGCAAAAGGCGTCGATGGAATTCCACTGGCCGAGCTTCCAGGATTTGCACCACCTACCGCATTTATCGAATCTAATGATTTGGTGCCTGGAGCTGGAGTATCAGTTGCCATGCTTGCTGCAGCAAGCAATCTAGAGAGAGCATCAGATGTATGACTTGGTTTCTTTTCACCTCGCCCCATACCATCGAACGCTTTTGGTTCTTCTTGTACTGCTGGTCTTGGCTCTTCATCATCGCCCATAATCTCAGACAGTTTTGCAGCTACAGCACCAAAGCCGCCTTCTTTTTTAGCGGCACCAGACTCTACATTGTCTAGCCATTTGTCTACAGCATCTGCAATTTCGGTATTGGCTTCTCCAGCTGCATTTATTGCTTTCAGTCCTTTGAAATCACCAAGTCCAACTTGCTGAACATCAGGATTGGCTTTCATGGCAGATTCAGTAAACATGTCATCAACTGCCGAATTCAATGCATTACCAAGACTGCTCTTAGACGAACCAGGTGCTGCGGGCTCTTCCTCTTCATCGTCTTGCAGTGCGCCAAGCAATTGACCAAGAGCCGATGAACTTTTGGGCGGTTCCGCTTTTTTCTCTTCTTGTGAAGAACCTGACAATTTGGATTTTAATAGTGCACCAAGTTCGCTCAAATCACTATCGTCATCGTCTAATTTTAGAGGGCGCGAACTCGTTGATGGTGCTTGCACCATCGAGGAGTAGTCTGGGGCGGGAGAATTTTCTTCTTTCAAGCGTGCATCAAGCAAAGCATCAAGCATATCTTCTGCACTGCGCTCTTCTTGTGGTGGCGAAACAGGTTTTGTCGATATTGGAGCTGTAGGTATTTCAGTAGACTCGTCAGATAAAGGAGTTACATTCTTAAATGGATCATCTTCTTTCATTTTTGCTTCAAGCATCGCAGCCATGTTCTGCTCCGCTTGCACTTGCGCGTTTTGATCCATTTCGTCGTTTGATTTTGCCACAGAAGCAAAAGGATCTTCATCTTTGTCGAGTGGCGAACTTGGCAAACTTAAACTATCAGGAGATTTTGCTTCCGATTCGAAATCAGATACATGTTGGGTAAATGGATCATCATCCACTTCAAGCGGATTTAGAGGTGGACTGTTACTTGCCGCACTTGCTGTCTGTTCAACTTGAACAGCTTGTACAGGAGATACTTCCGGTGGTGCCTGGGTTGGGAATTGTGGCATCGGCGCTGGCGCCTGAGCCTGAGCCTGGGCTTGCATTTGTGCCATTATTTGCGGATCGGGCATGCCAGGATATGGAACTTGTGGATAACCAGTTCCTGACGGCACTCCATATGGTGGCACTTGTCCTTGCCATTGCATGTTAGGGTCGTAAGGCATTTGTGGATAACCAGGCGGATACATCGGAGGATAACCTGGCATAGGTGGATATTGATAACCTGGATAATATGGCACCTGTCCTGGTGGCATCTGTTGCATACCGGGTTGCATTCCGGGTTGCATTCCAGGCTGCATGCCAGGTTGTTGCATGTCAGGTTGCATACCTGGGGGATAGCCGGGCACTCCCTGCATTTGCTGCGATTGTGAAATGGGTGGTGCTTGCTCAACTGGCTGATCTGATTTAAGAACTTGCGCAGCAATATTTGAATACGAAGTCGTTGGAGATTGAGCCGCTTCTTGACCGCCTACCTTCACTCCCTGAGGCCATGCACCAGACTGAACTGGGGACGTTGGTTTGTCATGATCATCTTTTAGAGCATCTAGTTCATCATCCCAATTTAAATTTGAAAATCGTGCTTTGGCTTCTTGCAGTGTTTCTTCTTTAGCTACGATTCCATCAAGCTCTTTTCTATCTATGCCAACACCAGTTGGTTTCTGTTGGTTGGCTGCTTGTCCAGCTGCTGTACCAGTACCAGTACCAGTTCCAGGAGGCTTAGCCTGACCGGCAGCCGGTGCATTTGGTCTTGGTTGCGGTGCTCCAGAACCAGCGTTCTGAGGTGGTCTAGTATTAACTGCTCCAGGACCAAAAGCAGGTGAAGGTTTTTGTACGTTAGTTGATGAAGGCGAACCAGTAGATCCCTGAGTCGCAGATGCTCCAGGCTTGGGAGCGCCAGCTGCTCCAGGTGCTTGACCTGGAGGCCTTTGCATACTTTGTGACACCGGTCGTGGTGCGTTGGGATTTGGATTTAGATTCGGACCCGGGGCGCCTTGTGGTCGTGGTGCATTAGGATTAGGTCCAGGTCCAGGTCCAGGTCCAGAAGCACCTTGAGGTCTTGGAGCACCCTGAGGTGATTGACCAGGAGGTCTTTGCATATTCTGTGATACCGGACGTGGTGCATTAGGATTAGGATTAGGATTAGGATTAGGTCCAGGTCCAGAAGCGCCTTGGGGTCTTGGTGCACCCTGATTTTGTCCAGGGGCTTGGACTGCGGCACCTTGAGGTCTAGGCATGTTTTGAGAAGCAGTTTTGGCACCAGGGGCGGTTCCACCACCCGGACCAGCAATTGGTCCACCGGGAGGTTTGCTTTGAACTGGTGCTGGAGCGCCTTCCTTTCGAACCAAGCCGGCTAATTTACCCTGGCTGGCTGTCGGTGGTTGAGATTGTGGAG
CP064963.1_gap7	171354	174390	3036	GAGCCGATTTTAAACGAAACAGACGCTTCTAATTTTAAGTTCGATGATGATAAAGCTTGCTATAAAGAGCGTTGTCTTTCTATAAACCAAATAATTGAAGCAAGACAAAAGTTCGTTCATTCAGTTGGCTCTTGTTCATTTGATGAGCCAGTACATGATCTAAAAAAATTAGGTTGGCTGTAAAATCAGATTGTGGTAGGTAATTTTATAGTGAACTTGCTGCCTTCGCCTACTTTACTTTGACAGGTTAAAGTGGCATGGTGAGCGTCAAGTAGAAGTTTGCTAAAAAACAGACCTACTCCGCTTGATTTTAAATTGTCAGGTATTTTGCTTGCGAGCGCATTTTGATTGAAGAGCCTGGATATTTCGTCTTCGCTCATTCCCGAGCCTTGATCGATTACTGAAATAGTTATGCCATCATTGTCTTTTTTTACAGAAACCACTATGGTATCGCCCTTAGTGCTCATGTTGATAGCGTTTTGTAATAAATTGTGCAACGAATGCCTTATGGCTGCAGGCACTCCTTTGGTTAGAGGCAAGTCGGACTCAATTTCTGTTTTGATTTCCACGCCTGAAACTGAGGCAGCTAGTGAATTTAAAAATATCACTAGTTCAATGATTTTCTCAATATCTAGATTTACAGCGTTATTGGAGTTTATTACAAAATCGGCCCGGAAAATTTCAAGCAATGAAGTCGCTAGCTCTAAGTGGTGCTTATTGCTGGCTCTCATTTTTGCAATTGCATCCATAGCCGCTGATTCAAATTTTTTGCCGTTTTCACCAAGCTTGCTTAGATAATTGAAAATCATTTCTTCGCCAGCAAGATGATTTTTTATGTCGTGAGCTATTACAGATGCAAGCGCGTCGCGTTGTTGTTGCAGACGCTTACGCTCGCTTATATCGCAATATGTAGCAACTACTCCAAGCAAATTATTTTGCTTGTCCAGTACAGGCGAGGCATGCGCTCTCAGCCAGAAACCACCATCTGCTATTGTATCTCCACTGAGAAAACCTTCTTTTTCGCAAGGTTCTTTTTGAGTTAAAGCGTGGAAGTATGGTTCATCTGTGGCTTTAAATGGCTCGCCGCCTTTATTTTTAAAAGAAAGGAATTTCTCGCGAATGGCGGATTTATCCAAACCAGACAAATCCATTCCAACAAGTTTTGCTGCCGCTTGATTGGCTAGAATCACATTTTCTTTGCAATCATAGACCACCAACCCATCAGCGATGCTGTCTAAAATTGTAGTCAAAAATTCGGCGTGATGTGCACGTGCTTCTTCTGATTCGACCAGAGTATTGACGTAATCCTGGGTCAACTGCTCCAATTCGGCACGCAGTTGAAACAGGTCTTTAGCTTGATCCTTATTCAAAACTTAGTGACAGCCGCCGCCGCAGCAATGTCCGCCGCTTGGCTTGGGAGCTGCTTTGACTTTGTCTTTGGCAGATGATTTAGAGCCAGTGGCAATGTTTACAGTGAAAATGCGGCTCACTTCGCCGCTACCACAATGGGCACATGCTGGCTGTGTATCGTCTTTCATAGAGCGTTCGATTTCAAATGTCTCGCGGCAACTCTGGCAGCGATAATCGTAAGATGGCATGTTATTTTTGCTCCGGTGCAGCAGGAGTTACTTTTTGTTCTTGATGAGTATCCTTGTCTTTCTTTCGGATGTCAAGCTTGCCCTGGACGAGCGCCGTTACGTCATTTACCATGATTACAGCCATCAAAACAAGCAGACTCATAAAGCCCCAGCGCACTATTTCGCCATGCGCTTTTTCGCCAACTGGTTTTCTGAAAATGGCTTCGTAAGCCATGAATGCCAAATGTCCACCATCAAGTGCTGGCCAGGGCAACAAGTTTAAAATGGCAAGGTCCATACTAATCAAGATTGTGAAAGTGAAAAGCTGGTTCCAGTCTTGCTGAGCGATATCTTTGCCGATATAAATAACGGCAAGAATTCCATGCACGTCTTGTATGCCAGGCTCTCCAGCCACTGGTGGCTTGCCTAGGTGCAATATCTGATTCATGATGCCGACAGGCAATTTGCACAGTGCATCAACCATCATGCGAGTGAGGTCAGCCACTTTCTGATAGGCAATGATTAAAACTTCTAAAAAGGGACGATTCACACGCTCATAGCGAGCAGCTTTGGTATCGAGTGCCATACCCACTTTGCCATCGGCATTGGGTGTCATCGAGATGTCCATCGGCTTTTTATCGCGTTCGATTTGAACAACGACAGGTGTGTTTTTGTGCGAAGTGAAATAAGTAATTATTTCGTCAGACGATTTGACTGGCTGTTTATCCAGGCTAACGATGCGATCGCCTTTTTTGATACCAGCATTAAGTGCAATAGGGTTTGACTTGAATGTGCCAGCTGCATAGGTTTCGGGCACGGGCTCGCCGATTACAAGAATCATGGTGACCATGATTAAATAGGCGAAAATTATATTGAAACCAACGCCAGCAAAGGCCACAAGCGCTCTTTGCCAGATTGGGAATTTGCGAAACGGTTTTAACTCGACACCATAAGGATTGTCTTTGCTTGCTGCATGAGGAGCTTCGATTGGAATCTCGGCGTCGGTTGTTACTATATGTGGCTCACTTGGCGCAGCGGTGGCTTCTTTGCTTAGCGCTTCGCCCTCGATCATGCCGGAGGCAGGCAGAACCGCAACTCCATAAGCTTCCATGTCCTGGCGCGATTCGTCGCCTAATTCTGGAATGGCAACATATCCGCCAAGCAGACAGGCATGAATGCGAAATTCAGTTTCAAAAGCTTTCCCTACAGTTATATAGGGTCCAAATGGAAGTCCAAATCCAAACACAGGAGTTTGAAAGCCGAAGAAGCGCGCCACCAGAAAGTGACCGCATTCGTGCACGATGATGAGGCTACTTAAAATAGCCAACATCAAAAGGACAGACAGAACTTGAGTGAGAAATTCCATACAAAAGATATTATAGAACCGAATTCTTGATTTCGTCGGATTCTAATGCGTTCACAACACGTACATCCCGATAGAAATGGTGCAAAATTTCAC
CP064963.1_gap8	192892	197457	4565	CTGCAGGTACACCAGTTTCGGTGGCAAGCTCGCAGTGTTTTACAAGCATTCTGTACTCGCCGTGGATAGGCATAAAATACTTGGGAGTACACAAGTTGAGCATAAGTTTTTGCTCTTCCTGGCAGGCATGTCCTGATACGTGAATGCCTGAACCTTTGCCATAAACCACGTCTGCACCACGCAAAAATAGTTTATTAATGGTATTGGCTATGGAGCGCTCGTTTCCGGGAATTGGTGTGGCAGAAATAATTACTGTGTCACCAGGGACAATACTAATAAATTTATGTTCGTTATTGGCGATTCTAGTTAAGGCAGATAATGGTTCGCCCTGACTACCAGTAGTTAAAATCACTACTTGATGATCTGGATAGTCTCTTATTTGCTCGATTGGGATAAGCAAATTATCGGGAAACTTCATATAACCTAGCTCGCGACTTAATTCGGCGAACTTATGCATTGAGCGTCCTAATATAGAAACTTTTCTGCCATAGTGCATTGCCGCAAGCAAAACCTGACGTACACGGTGCACATTGCTTGCAAAAGTTGTAACTATTATGCGCTGCTGAGCACGAGCAAAAACTTCGTTCAGTTTGCCCCACACTGTGCGTTCGGAGGGGGTGTAACCAGGCTTCTCGGTGTTTGTGCTATCGCTCATTAAAAGCAAAATGCCTTCATCAGAAGCACGGGCAAGACTGGCAAAATCGAACAACTCGCCGTCTACTGGTGTTAAATCGAATTTGAAATCGCCTGTATGAACTAAAGCACCAATTGGCGTTCTTATAATCAGCGAAAAACTATCAGCGATAGAATGGGTGCAGCGAATAAACTCAACTTCAAAACATCCCATGCGTACTCGTTGACGCGGTTTGACCTTTTTTAAATGAGTGCGATCTTGAAGACCCATTTCAGACAATTTTGATTCAAGTAATCCAAGTGCCAGAGCTGGTCCGTAAATTGCAGGTAGAGAAATCTCGTTTAATATAAAAGGCACGCCACCAATATGATCTTCGTGACCATGGGTGATTGCAAGCCCGCGAATCTTTTCTTGATTTTCAACCAGGAAAGAAATATCTGGTAATACTAATTCGACTCCGATCAAGTCGTCGGATGGAAAAGCAAGTCCGGCATCGACCAAAATAATGTCGTTACCGCAGCATATAGCCATAGTGTTCTTGCCGATTTCGCCAAGACCACCAAGTGGAATTATTTTGACCATTTTATCTAGTGCCACAAAGATTTCCTTTATCGCTCATTGTGCTTACTTCGCATTCTGCAAGCAAATTTCTCATTTGCAATTTTTGCTCTGCGTCTAGTGGCACCAGTGGTAGTCTCAGATTTTCTTTGCATAATCCCAAAAGCGACAAAACATATTTGACACAAGTAGGATTTGGAGCAATGAAAAGCCCCTTGAACAGTGGCAAATACTTATAATGCAAAGCTCGTGCTTCGCGAATTTCACCTTCGGCAAACATTTTCATCATCAGCGCAATTTCTTTGCCAATCACGTGACTGGCAACACTTATTACACCACAAGCACCCACACTCATAAATGGAAGAGTGAGATTGTCGTCGCCAGAATACAATCTAAAAGGATCAGCACACAAGCGAGCAAGCGTTGCCATTTGATCAATGTCGCCTGTTGAATCTTTGATGGCGTGTACGTTCTTGCAAGATTCAATTATTTTGACCATGGTGTTAGGTTGAATATTGATACCAGTACGACCAGGAATGTTATAAACAATAATGGGCAAATCGGTTTTATCGTTGATTGCTTTTATGTGAGCAGCAATACCTTCCTGACTGGGTTTGTTATAGTATGGAACCACTATAAGTAAACCGTCAGCACCCGCTTTCTCCGCTTTCTTAGCCAGTTTCGCCGACTTTTCAGTATCGTTTGTACCAGCGCCAAAAACAATTTTTGTTTTCTTGTGTGCTTTTTCTTTTGTGAATTTCAAAAGATCAAGCTTTTCATCAGTAGATAAAGTCGGACTTTCGCCTGTGGTGCCTGATACCACAATAGTATCTGTGCCAGTCTCGATAAGATGCTCAATGAGCTTCTCTGTCGATTTGTAGTCAATTTCGTTAGAGTCATCAAAGGGCGTGACCATCGCGGTCATCAATCTTCCAAATAAAGGGGCGTCGGCTCCGATCATTGTGTCTGTGCTCCTAGGCTAAAACTTTTTTTGTTTCCATCAAGTCATGCGATAAAAGATATTCGGCAATGCGCACCGCATTTAGTGCTGCACCTATTCTCAAATTGTCTGCCACAACCCACAAATTGATACCGTTTTCAGAGGAAGTATCTTTTCTGATTCGTCCAACATACACTGGGTCTTTTCCAGCGCAATCTATTGGTGTGGGAAAATGAGCTTTGGACCAGTCGTCCCAAACTTCTATTGCTTCGTTATTTGCAAGGCTTTCTCTTACTTGAGCTGGACTTACTTTCTTCTCTAAATCTACTGTCACCGATTCGCTGTGTCCGACAACAACCGGCACGCGCACTGCAGTGCAAGTAATTGCCAGTTCTGGAATACCTAGAATTTTACGCGATTCGTTTATCACTTTTATTTCTTCAAAAGTGTAACCATCCTCGGAAAATACGTCTATCTGCGGAATTAAGTTAAAAGCAATAGGACGTTTAAATACTTCTGGCTTGGCTTCATTGCCCGCAAGCACTTCTTTGGTTTGAGCTTGAAGCTCATCGATAGCTTCTTTGCCAGCGCCACTTACGCTCTGATACGTGGATACGACTACGCGTTTAAGACCAGCTAATTCGTGCAAGACTTTTAGAACGACAACCAACTGGATTGTCGAGCAATTAGGATTGGCTATCAATCCGTTGTGATTTTCCAATTCGTGCGCGTTCACTTCAGGCACTATAAGCGGCACGTCTTTGTCCATGCGAAAAGTGCTTGAATTGTCGATGAATACACAGCCTTGCTTGACTGCGCGTGGTCCCCATTCTTTGCTGACCGAACCGCCTGCTGACGCCAAAACCAAATCGCAATTTTTGAAAATCTCGTCTGTAGGCTCTTTTACTTCAATCTTTTTGCCTTTCCATTCGACAAAAGTATTGGCTGAGCGAGCGCTTGCAAGTGCAATAAGCTCAGATACAGGAAAGTTGCGTTGTTCTAAAACCGACAGCAATTCCTGACCGACACGTCCTGTCGCTCCTAAAATAGCCACTCTCAATTCTTTTTTCATATGCGACTCCGCGATTTTTATAGCAGGGTCTCCAGACCCACCACTAATCCATCCAATGATTGTACTGTTCTAAGGCTTAATAGTATGCCTTTGATGAAGCAATCGGTATTAAAGCTGTCATGATTTATAGTCAAAAGCTCGCCCCGCGACCCGAATATGACCTCCTGGCGCGAAATTAACCCGGGCAATCTAAGTGAGTGCACGCGCACCCCAGACTCATGGCGGGCGCCACGAGCACCAGGCATCAGCTCTTTTTCGTCCACTACTTTTGGATTGTATTCTTTTTGATTTTCGGCTATTTTGCGCAATGTATGCGAGGCTGTGCCTGATGGCGCATCGAGCTTATGCGGCTGATGTGTTTCGACGATTTCTACATTCTGGAAATGTTTGGCAGCCGTTTTTGCAAATTCCATCATGAGAACGGCGCCAATAGAGAAGTTCGGCACAATCATAGAGCCTGTTTTATTCTTTTTGACCAGCGCAGTTAAGTCGGCAATATCTTTTGCGCTTAATCCAGACGTGCCGATAACAAAGCGCATACCACGCTCCAGAGCCGCTTTTGCATTATTTAAGGCGCTATAGTGCGAGGACAATTCAAGCAAAACATCTGCTTCTGTATCGATGGATGCAAGATCTGCAGCGATTGGAATTAGTGTGCCCGGAATCTCGTCGCCGATATAATCGGCATTTTTGCGCCCGAAACCACCAACCAGTTCGCAATCGCCCGAGGCAATTATGGCTTGAGCACTAGCCTTTGCTAGTCTGCCATTTATTCCGGCAATGATAACTCGCATTATACTGTTAGTAGATTTTTGCCGGTCGAACCAAAGCCGCCTTCGCCGCGAGCTGTTGTTGAAACGCTTTCGACTTCTTCGATTGACACTGTAATTACAGGCGTAATTACAAGCTGGGCAATTCTATCGCCAGGTTGAAAAGTGTAAGCTTCTTGACCGTGATTAATAATTAGGACCATTACTTCGCCGCGATAATCAGAGTCGACGGTGCCGATGCAGTTTGTGAGCGAAATACCGTGCTTGGCAGCAAGCCCTGAGCGGGGGCGAACTTGCCCTTCATAGCCTTGAGGAATTTCAACTTTAATGCCGGTTGGAAGCATGTCTCTGTGTCCGGCTTTGATTTCGACTGGCTTGTCGCTTGCCAGGCACAAATCAAGACCTGCAGCGCCGCCACTGGCGTATTGGGGCATGCCCTGACAGTGGGCGAGTTTTTCAATTTTCAAGGAAACTGGGGCGTCTTTCATCTTCTCTCACCAATAAAATAGCGGGTCTACAACGGTATAACTTTATCATTTATACGCTTTTGCAAGATTGGTAAGAGTTAGGCTGAGGCTAAATCGGCGCAAA
CP064963.1_gap9	202996	203656	660	TAGAACGAAGTGGCAATCAAAAATTCTGGAGACCAAGCAATCAAAGACCGCTAGCTATCCCAATTCCAGGGACAGGCAATCTCGAAATGTTGCGAACCCTGCTAAACGTTGATGACCAACAATGGATATTGCTCCGCGCCTTCTTAGTGCAATGCTTGCTGCCGTCTGGCGAGTACCCAATTTTGGTTGCTCAAGGTGGGGAAGGCACTGCTAAATCAACATTGTGCAAGGTTCTTAAAGTTTTGCTAGATAACCATAGTCCACCGCTTCGCCGCTTACCAACTAGCCCTAGAGACTTGGCTGTATTTGCAAAAAATGCCCATGTCCTTGCATTTGACAATTTAAGTGGTATTACCGCTGCTATGTCTGATGAACTTTGCTCTATTGCAACTGGTGGCGGATTTGGTGCCAAGCAAAACTATACAGATGCCGATGACCATGCATATGAATTCGCTCGCCCTGTCATTATCAACGGTATTGACGACCTAGCAAAGAGACAAGATTTTTTAAGTCGAAGTGTGATACTCCGCTTGGAGAAAATAGCAGACGATAAGCGAATCCGTAAAAGTGTTTTTTGGGAAAGTTTTGAAGAGAGCGCCAGCGCTATTTTAAGCGGGCTACTAGATTTGTTATCACTTGCATTAGGAGAGCTTGACTCTG
CP064963.1_gap10	236585	238593	2008	TGGTGCCTGGCGGGATGTGTTGTGGCTAACGCTTCCACTAAGACCACATCAAGACACAGAGCCCACGCCTGTTAAATTATTTCAGGATTATCTTATTTCCGACCAAAAAGTTTTTGCCACCACGGACGGTTATCTCTTTCAATATACTGATATGCAAACATAGTCTGATATCCATATCTTCGAAGAAGCGTTTCAGGACCCGATAATCCCCAGGAAAATCCATCGCCCACTTTGGGTCTGCGCATATCTATGATTCGATAGTCTTCTTCTAATTCTTGAGCAAATGCCTTGATATCTTGATCTGTCGAATATAAGCAATCTGGTTGATTCATCATATTTGGATTCTGGCTCCAAATGGCAGGTGCGAAATGATCCACTACTTTGCTTACGTCGCTCTGCCAGGGCGAGTTGAGCGAGCCTAAAACCTGATCGATAAATTTTTCAAGTGTTGAATTTTGATAAATAATTACAGGTGGATCGTGACTTACATAAAAGATAGGTCCCCAGAATGCTGAGCCGCCGTGCAAATCGACCATCCAGGAATTGCCTGATTTGTCAGAGGCAATAGCAATTCCAGTAGGCATAATGTCATCTATAGCTTGTCCATGAATTGATTTGCCGGTGAAGTCGATATCTGTGTTAATTGGACCTGCAGGTAGGTTCGAATTTTTGCCTTGTTGCACAAAAGACAGCCCGCGCGTTTTGCGCAAGACTGCAGTCATGTCTTCGTCTAAATAACATGGTAATGAATTGCGAAACTCGTTAATTTCTTTATCTGGAACGGGAGGAAGAAGTTTTATATTGCCTTTCTTTCCTGATTTATCCACAAACGGATAATTTTCGATGTCTTTTAACAACTGATAAAGCGCCAATTAAGACTCCTTTTTAAAATGGATTATCGAGCCAATACCTGTACATAGGAAAACCTGACACACTGTTTTGTCCAGTATTTTGCAACCACCCGCGAGGCGCGCGGCGATCCTGACTGGTAAATACATAATTGCCTGGAGCAGCTGGAAGTGGCTCTACAAGCACAAAACAAGGATTAGGCACAAATCCGTGCCAGTATTTCGTGACCGAATTTGCTAATTGCACCATTTGTGGTCTGTTTGGCATGCCGCGTTTGTCCCAGAAAAATAAATTGGAATTGTGATAAGGCGCAAGCATGGTGTCATTAGTGTATGCGTTTGGCGGAATCCAGTTGGGGCGATCTATGCGCAAGTTAAATTGAGTGGGCTGTTGATATTGCTGATAGCCTTGCAATGGCTGCTGTTGAACAAGTGGTGCTAATTGTCCTTGCATGCGCTGCATTTGATTTTGAAATGACATCACCTGACCTTGCATATAGTTTGGCGGTGGCATCATATTTCGATTTATATTGATGTTGTTGTTATAAACCGGCGGTGGTGGCTGTTGCAGTTGCAGAGTTGCACTAGACTCAACTCCTCCCTGCAATAAATTTGGCATAGTCTGATTTTGATTTTGTATTTGAGCAGGCATTTGATTTGGTGCCACATAATTATCATTCAATTGAGGGGGCGGAAAAAAGGTTCTCTCATTTGAATTCACATTGGAATCTGGCACAGGCTCAACTGGTAAATTCGCACTCTGGTCAAGCTGGGGTGTTTGTGTGCCCTCTAGTGGACTTTTGTTTAGGCTGGGAGCAAGAGTGGGAGCGGGAGCATATTTTTTGGATTTAGAGGCGCAAAAGGCAGGAATTGAAAATTGAGATTGGGCAGTGAAGGCAAGCGAAGCTATCAAGATGATTTGCACTGGCTTAGAAATGATGCTGCGTTTCATGTCAAAATGCCCAGCCTAGTTAATACACGCTTTTAATATTCCCTTTTTGTCCAGATTTTATTATGATTTGGCTCCACTCTATCCGTGCGGAGGAAGTCAAGAATGGGTAAGTTAATCGACGTCGTCGACCTTAAGGAAGGTAAGTTTTTCAAGCAGCCAACCTTTGTCGTTCAAGCAGTGGTGCCAGTGGATGATGTATCGCTAACCA
CP064963.1_gap11	258642	260758	2116	CCAGAATCGGGGTCGAAGAGGCGCGGTAACAATTGAGCAATTGTAGACTTGCCCGCACCAGACGGTCCTACAATTGCCACCATTTGGCCGGGGTTTATTTCAAAAGACAAATTGCGCACACCGCGATTGGTGCCAGGATATACAAACGTGACGTCGTCGAAGCGAACAGCACCGTCTGTTTCTTTTAGCACTATAGCCTCGGGCGAATCTTGCTCTTCGCTCATGTCTAAATAATCGAAGATGCGCTCGAATACAGCTAGTGCGCTTACAACTTGTATTTGTACGCCAGCAAGCGACGAAACAGGAGTGTAGAGTCTGCCTAAAAGAGCCACAAAACTTACAAGCACACCCACTGTGACACCATGATTAATTGCAAGCCATCCGCCTAATAACCAGATCGCTGCAGGTCCTGCTGTAATCATTACTGTAATCGCCATCAAAAACCAGCGTCCAACCATGGCGACATTGACTTCCAGTTTCATCAAGTCATCGGCTAGATTGAAAAATCTTTTGCGCTCGAGATCTTCTTTCACAAACGATTTAACAAGAACAATGCCTGAGACAGACAGGGTTTCTTGAGTGGCTGCGTGCATCTCGTCGCGTTTAGATCTTGTTCGCTTGCGTGCGTCATACATGCGTCTGCCTACCGGCCATAGTGGCAACACCATAAGCGGTATCAATACCAAGGATAGTGCCGCTAGTCGGACGTCTAAAGCAAAAATTGCAAATAGAGTGGTGATAATAATCAAGACATTTGTCATGATTGCCACCATAGTCATGGTCACAACCGAATCAACTGCTTCGACATCGTTTGAGACCCGATTCATGATTTCGCCAGTTTTAGTGGAGGCAAAAAATGAAAGTGGCATATGATGCAAGTGCGTAACAAGTCTTGTGTGCAGGTCGCGAATGATACTCTCGCCTACAAAGGAACCTAAATATCCTTGATAGACGCCAATCAATCCCGAAACAAGGGCAGAGGCGAGCATCAGACCTACATCAAGCAATAAAAGATTGAAATCGTTTTTGGGAATAGCTTTGTCTATAATCGACAAAGTGAGCAGTGGCGGCATCAAGCCAAGCATTGAAGTGGCGGCAATGCAAATAGTTATTTGCACTTCTTGCCAAATGTAAGGACGAAAAAGTCCGCTTAAACGGCGCCAATCAACCCGCCGCTTGAGCTTTTGCTTCTCCGGGTTATACATACTGGACCACATTAAGTGGACTGGGGGCGAACCGCTGAACATGATAGGTATTATAATTTGAAAACAGAGCGAAGGAGTGCCTTATGGCGTACTATCACATTCAAAAATTACCGGAGAAGTGGCTTTACACAGCTAGCGCTGCAAGCTTCCTCCTGGGCTTAACTCCTCCTGGCATCCTGGCTAAAGTGGCAATGATGGGACTTCTTGGCGGAATTACCGCCTCAATGAAGAGCATGACTATCGCAATTGATGAAAACAACCTTCAATTCTGGTTTGGCGATGGTCTGTTCAAGAAGAAATATTCACTTGACGACATTGTTTGCGCCAGTCAGTATCGCTTGCGACCAATTCAAGGCTGGGGCATTCACTGGATCGGCACAGGTTGGCTTTATAACGTATACGGTCTTGATGCCGTCGAAATTACGATGAAAAGTGGCAAACGCATTTATCTGGGCACTGACACATCGGAAGAGCTTGCTCGCACAATCAACGATAGTTTGGGCGTGGCTGAAATAGTCAAAGAAGACTGAGCACTAAGACTGAAAAATTAGCTATTTTGCAGCATTTCCAATTCTTGCCAGCGCTCAAATAGCGATTCAAGCAATTTTCTTTGCTTTTCCTCTTCTTTAGAAAGTTCCTGTAAGCGGACAAAATTGCTTTGCACTTTAGGATCGTGCATCTCTTTGCCTATAGATTCAAGTCGCGCTTCAGCCTGTTCGATTTTTTCGGGTAGTTCGGCTAAATCTTTTTTTTGCGATCCGCTCAGATTATTTGAAGTTCGTTGTGGTTTAGCTGTCTCTGGTTTAGGCTGGTCTGGAATTTTGTCCGATTTGTCTGATTTTTCTGTTTTTGATTTTTTTTGCTTTTCAAAAATATATTTGCATTGATCAAAGTCGGCAAAATAGTCGACA
CP064963.1_gap12	419773	420909	1136	AAGTTCTGAACGAGATGATGACTGAGCTCTTTTCAGAGCACCCACATTTGAGCGGAGAAAAGGTTAAAGAATTTCTAGGCCACACTCCTTTTGAAGTTTTGGTCGGAGCTATCTTCGGGACCTTCATCGCATATATCTTTAATTCCCTTGTCATTGGCTCGTTTACGCAGATGCCACCACTTTAAGAGTTGTGTTGCTGAGAGCTGTCGATGGCGGTTGGATGAGATTATAGTAATACATGACTTCCATCAAAATCGATCTCGGTTAGTCTATAATCAAGGTCTTGGAAAGGGGTCATGTCCACATCCAGAAAAAACGGTTCAACAATAAAATGTGACGCCGTTAAGGATCGAAACAAGACAACTTTTCTTACCTCATTGTCGAAGTGTCAAAAGCTACTTCAATGAATTGTATAAAGTACGTCGGCAATGCCGCGTCACTAGTTCTAACAATGAACGATACCAGTAGGATTCGTGTTTTTATAGAAAAGGAGGGATGGCGAACCGAGATCAGTGAATATGTATTCTGGTTTTTTTCGCCGATTAGCTAATGAACACAACGGTCCAAAATAACACCCAAGTCAAAACTTCCTCGCCAAGAAGGTCGCGCTTCCCAGGCAAGGAATCCGGTTCGGTTTCTTTCAACCTGACCGCTTTGGGCAGACAACTGCTCAAAGAACAAGCATCAGCTGCAGGCGTCTCAAACGGCGACTATGTCGAAATGCTTATCCGTGAACGCGCCGGTATGCCCCCGTTGAGATTACCAGTAGTATTGAAGCAAACTGGACCCAAAGGCGGCGCCAAGTCGTTCTTCTTTGGCAAGAACCGTGGTACCACCACTGCCGTTTGCGTCACCCCAATGGCACACAGACTTCTTGATGAGCAAGTAGCTTCTTCAAGAATGAGCCGTGGTGACTATATCGAATACTTGCTCAGAGAAAAATCCGGATTGATTGAAGAGACATTCAAAAACTTCAACATGAATGCATGGCAGAATCAGCAAGGCGCATCGACTCCTGAAGCCATTCAAAGCTTCGAGCCAGTCGCCGAGCAAGCTCCTGTGCAACCGGTCTATGCACCAACACCTGCACCACAAATGCAAGTAGTGCAAAACCCCTACACACAACCCGAAACACA
CP064963.1_gap13	545392	548525	3133	GCAGCATTTTCAGATGGTGGCGCGCCCTCTGAATTGATGGCAGTATTAAAATCAAAACTAACACCAGGATCACTTGTAAGTTCATTCACTTCATAGCGATAGGCACATTTTGCCTGACAGGGTCCGCAAGATTGGTATGGACCTTGATCGCGCTCGCTCATTTTCATGAAAGAATTACGCCAGGCTTGAATCTCAAAAAGAGATAGTTTTGGTGTTTTCTTACCAGGATTGAAAGCCATTTTAAGCAGCTTGAGCCAACGTTTTTCAAGCTTACGCACTTCTTCATGCGGCCAGAAATTATCCTCGCCTTTGCGCTGCAAATAGCGATGAGTGGCTAATACTAAAGCTCTCCATGTAAGCTCAGACAAATCTCCCAGGTTGGAGCGACCGCCTAAAATGCGCTGAACTTCTCTAATAATTTGCGATCTGAAATGCACAAGCTGCATATAATCGTTGGAAAATGAAAGCATAAATCTGTTATATAAATTGCGAAAATTGCGATGATTAGCCACAAGCAAGGTCCACTCATCATCTATAAAAGCAATATCTCGCCGTCCCGCGCTAAATTTTTTCATAGCTTCTAAAAGCTCTTCATCGCCGTCTTCAAGACCTGAGCCGTTCGCCTCGCGCCTAATAAAACTATTTGGGAAAGTACATCTGATTGGTTGAGCCATACCATCGGCAAAAGTGATGGCAAATCCGGTAGCAAATGTGGTGATGTCGCGTTTTTGACTATCACTCAAAAAGCCAGCACCAGACAAGGCATTTAAGTCTTCGCTTCTGGTCAATCTGTGAATTACTTTCACTCCAGTATTGCTCAAGATGCTGCTATTTAACGACGCGGGTAGTTGCGAAGAAAACACTATGCCTTCGCCATACGCGCCAATTTCAGAGAGTATGTTTTTGAAAAAGGAATTTATTTTAGCTTCTGATTCAAACAATCTATGTGCGTCGTCTATAAGCACAACATGTTTCAATTGCTCTGAGTTGCCGCGCTTTTTGGCATAATGGCTCAAACTTAAAAGAATAGAACCAAGACAAAAAGCACGCTCTGACTCGTCTGCGATTTCTTGCAGTTCAATCACGACCGGTTCGCTAAACAAAATATGAGGCGCTAGTCTTGGGCCATTGAGATAAATGAGCGAATTGGTTCCAGTTATGAGACCACTGATGACCGATTGCAGAGAGCCTTGAAGGTCTGTTGCCACAATATCTGAAAAGGACATTTTTTTAGCTGTGGGTTCAATAGACTCATACAAATCTTGCATGTTTGGATAGATATCGCCAAGCTCGTCTTTAATTGAATCGTACTCGCGCAGATTTTCATTTAAAGTTAAGTCCCAGCCTTTCAATCTATATAGATCTATAAGAGCTTGTCTGAGCACTTCAGGCATTGGCGAATATAATTCAAAAGATGCCGTGAACAAAGATACAAGCGCATCTATGTGCGCCTGAACTCTGATGCCTTCGGGCGCCTCGAATGGATTTATTTTGAGCGGCGACGCACCAGGATTCCCCAGCGTATACACACGCCCACGCTCTTTTAGTCCAGGACTATTTAAAACAAAATGTCTGTACTCGGACTTAGTGGGCTCAATTACAAGAAATGGAATTTTGCTTTGATTCAATTGATTGAGCAGTGCAAAGCAAGTATTGGTCTTGCCACTACCAGTAACACCACTAATGAGAGTGTGTTTTGTAAGCGTATTTAAATCGAGTTTAAAAGCCTCTTGTCCAAGCGAGACTGTTTTCTTTTTTGCTTGTGCCATCCACTTGTCCCAAATCCCCTGATTATTTATTCCCAAAAGAGGTCTAAACTCTGAGCTAGTTGAACCCTTTAGTCACAGGCGTGACTGGAAAGCCCCATAAAATGGCAGGGTTGCTTTTTAGATTGAAGTTGGATACTATACATACCAACCGGTCGGTACGCTCAGTCGAAGCGAAAAACTATATGAAAGCCAAAACTGAATCAGCGGAAAAAACCAGACAAAATTTGCTTGCTGCTGCAACTAACGTAATTCGTACCAAAGGATACGCTGCAACTACAGTAGATGATTTGTGTTCATATGCCGGTGTAACCAAAGGTGGTTTCTTCCATCACTTTAAAAGCAAAGAAGAACTTGCCATTCAAGCTACTGACTTTTTTGCCAAAATGGCTCAGGAATTATTTTCTAGCGCAGAATACAATTTGGCAAAAGATCCGTTGGATAAATTACTTGGTTATATTGATTTGCGTAAAAATATTTTGCAAGGCGAATTGTATGAATATACCTGTTTGCTAGGCACTCTTGTGCAAGAGACTTATAGCACTAGTCCAGCAATACGAGCTGCCTGTCGCAAACATATAGAAGAGCATATTGCTGAAATTACAAAATTGGTGAGTGATGCAAAAAGCGCTCACTGTCCTGATTCTGATTGGAGTGCAGAAAGTGTCGCCGCTTTTACACAGTCTGTTTTACAAGGTTCGTTTATTTTGGCAAAAGCACAAGACTCGCCACATGTGGCATCTGAATCGGTATCACATCTGAAAAATTACATCAAAAGTTTATTTGAAACAACACAAACAACTAACACTACACACTAAAGGAGAACACAATGACAGACGCAATTCCTCAGGGCTTTGGCACAATCACACCGCATATTATTTTAAAAAATGCCACCGCTGCAATTGAGTTTTATAAAAAAGCATTTGACGCAGAAGCACTTAGCGTGCTGAAAACTCCAGATGGTCGCGTTATGCATGCCGATTTAAAAATTGGCGACTCGCACCTTTTTATATGTGATGAATTTCCAGAAGCAGGTTGTGGTGGAGCAAGCCCACAAACTTTGGGAGATTCAAATGCTGTGATTCATCTTTATGTAAAAGATTGCGACCAAGCTTTTGAAAAAGCCATTGCCGCTGGTGCCAAAGAAACTATGAAGCCATGGGACTCTTTCTGGGGCGACCGCTATGCAAAAGTGGAAGATCCATTTGGTCAACCATGGAGCATTGCCACTCATATCAAAGATTTGAGCGAAAAAGAAATTCAAGAAGGTGCAAAAGCCTGTATGGAACAAGCTGCTGCCTGCGCTAAATAGTTTTTTCAAAAAAACTTAAAACAAAGCCCTCTAACAGTTGAGTTGGAGGGCTTTG
CP064963.1_gap14	576817	578970	2153	TTTTCACGCACAAAAAGAAGTGTTTCGTGAGTGTAAGCCACTCTTCCAAGCGAGCCTTTGTAAGTGTCAAAAGCACCGTCGTGGGGCTGGAATCGCTCTAGAAAAATAATCCAGCGCGAGCCAAGCTCTGGCATTCGCTCAGGGCTTGCATGCCAACCATCAGGCGGGTTTTCGTCTATGTTTTGAGAACGGACGAATCTTATTGGTAATTTGGTCTTGCAGCATGGTTTGCCTGCCAGAATCTGAACCAGTTTGAAGTTTGCGCATGGAGGATAGGCATCACCTTTGTCTTTGTCGTACCCTTGGTATATTGCAAGAGCAATAAAATTTGATTTGTTTACTAATTCACTAATATTGGTATCGATATTGTAGGCAAGAGCAGGCGACAAAGCCCAGGCGCAATAAGAGAAGCCCAATATTAGCAAAAGCGGCAGCTTTTGCTTTTGCGATATTCTCAGTAATGCAAAAGAAATGATAGAGATAGCCTTCATCAAAACCTGGCCCCCAAAACTATTTAGCAAAGGAATGATTTTCGATGCACATACCCTTCAAGAGCCTTATACATTGCTTGACCAGCCTTTCATTTCTGGTATTTGGTGCTCAAATTGTATTGGCGCAAGAAGACCAGGCTGTTTTTTCCAAAATTGAAGAGTATGTCAAAAAATCTTATCCACACGTCAAAGTGACTCGTGAGCCAAACAAACTGCACTTTGATTACAAAATCAAAGTTTTTGTTGGTTATTACAGCAAAGATAAAATGAAAGTGCCAGATGCAGGCGGTATCATGGGCGATATTACAGTCGAGTCGGGCGAATATTCAAACAAAGATAAACATCTTCTTTCAGTCGAGCAAAACGAGGGTGTGATGTCAACCTTGAAGTTAGCTCCATATAACAAAAGCGCCAACAATCATTTGGTGGCAACATTATATTTCCCAACTGACACCAGTTATGAATTCAAAGAAAATTTAAAAGCAATCATCAAATCTTACGGTACAAGCGGCTTGCACGCAGGCGAATTAAGCAAAGAAGAACTGCACAAAAAAGCACAAGTTGAAAGTCAAAAAGATGTATCGAACTGGGTTGAAACTTCAACTTTGCAAGAACAATTAGAATTAGCTCTAGAAGCGATGAAACGCCACAACTGGGAAGGTGCAAGAAGACACTATCGTGCTGCCTCTTTAATTGCACCAAACCAATTTGATTTTTATCCTAAATATTATGATGCTTGCACAAGAACCGGATATTGGGGCGAAGCGCAAGATGTCGCAGCCAAGCTAGTGCAAACCTCACCTGAAAACGAGCGCCTATTTATCGAAAAATACGCCGATGCGCTTGTGGCATCGAGAAATAGCGACAAAGCAATTGAAGTTTTGCGCAGAGCACTTCAATTGTCTGTTGACGGTAAACAAAAAACACGTCTGTATCACGCCTTGTTGCAGATTGGCATAAACAAGCACGACGATGCTTTGATCGAATCTACAAGCGAAGAGCTTTTAAAGATTTCACCAGACGAAGACGATGTCAGGGCCCGACTTGTAGAAATCCGCAAGAAAAAGAAATCGTAAGAGTGAGATAATTATGTTCATCTCCCACACACGAGGATGCAAAGATGCCTACAGTTTTTGACGAAAAATTAGAAAGTCTCGAAAAGTCATTTCGTGCCGAATCTTTTCCCCAATTCAGCGAAGTTCGCGAAGCATCAGGATTTGTAGTCGACACACTTGACATAGCCTGGTCTGCCGCTAAATCACTTTTCGGCGACAAAGCCACTCCGGATCACGCAATCGAAATCTACGATCGTATGATTTTGCGTATCGAAGCTGTCCAAGCTCAGGAAAGTGACGACGAAGAATTCTCAGATGAAGACGAGTACGAAGAAGACTAATTTTCTAGTCTTTTAAGTAACAAAGCACATGCAGCCGGCTCGAACCCATGTTCAGTCGGCTTGCTTTCTTTTTGATATTTGAGTAAATGCAATTTTGCCTCACTCTTCTTGTCGGCCAGGTAAGTCTGAACACCTAACCAGAAATCTTGATTGGGATAGCCTTCCTGTAAAAACTTATCTTTTCCAAGTTTCCCATCAAAATAATCGACTATAACGATTGGACTATATCCGTATATGTTCTGGTCCGGCTTGGTCAACAGAGGCAA
CP064963.1_gap15	632445	633218	773	CTCCAGCGAATTCTTGTAGCAAACAAAGCTAGCTCACGCTCGGGTGAAACATGAGTCTGACGCCAGACTTTGTAGTCTTGCTCGCTCAGCTTCTGATCGAGTTTTTGTACAAAGTAATTGTATTTGCTAATAGCCATAGTCTGAATTACTTTGATAACGAGCGTATCCACCATAAGAAAGTGGTTGCTGTGATGGAAACTGAGATTTCTTAGTGGCCATTTTTTTTGTTCGTGCCGCCTGGGCGTTTGGATGAACCATAAGTGGATTATAAGCCAGATGCTGCATAAGCGGTATGCGAACATTAGCCACCACTTTCAGTGCGCCACCTTGAAAATTGCGACCATAAAAAGTGTGTTGCGTTTTGCCTTCAAAGAACCTGCCGCCAGGCTCTGAGACTATCATCCCCTCATAAATGTCGCCCGACATTTTGTGACTGCCGTCTGGGTTTTGATAAATTACGTTTCCCTTAAGCAATATTCCGTCTGCAATACCTGCCGGTACTGGACACCACTGAATCCATTGAGCACGCAGTTTGCCAATTAAAACTTGAACATTTTCAGATCCAAACATCCATGGACCTGCGTAATTTTTAGCTGCCGCATTTAGATCGACATATCTTCTGCCGGTTTTAGCTTCAGCTTTTAAATAATTAGTAGAAGGATGAACATAAACCGGATCTTGCATTCGAGGCAAATCGGCATAAATATTATCTTTTACCTCCGCCTCCAATTGCATTAGTGCTGCTCTCCTTTATGCGATTGTGGCTTTTGATG
CP064963.1_gap16	741173	741927	754	TGTGGCGAATTCAGAGCGTCCGACAAGAGTCATGACCGCTGCAGGTACATAACGATAATAAGAACCTCCACCCATAAAGCACATTTGCTTAGATGCTGGTTTGTTCTTGGAGGCAAGTGCTGCAATGGCTTGCGACAATTCTAACTCTGACAATCCTGAATCTATGTTCAGTCCGTCCAGTCTCAAATCTTTAGGGATGTGATTAATCAGGTCTTCAAAGGATTTGACGCCGATTGCCTCGAGCATGCTTTGGCGGTCTGCTTTAGTGTGTGGCAAATACGGAATTTTGTGCGTATCATTGTGGTCCATTGATTTTTACCTTAAAGATCACTAGTCAAAAGACTACTTATTGTATTAGTTTTGAAAACACATTTAAAGACAGGTAGTCCTTGCATGAAGATTTTAGCCGGTTTAGGCAATCCCGGAGATCAATATTACGAAACGAGACACAATGCCGGTTTTCGCGTGATAGATCTGCTTGCCACTATGGATGGTACTACAGAAAATTTCCAGACCAAGAAGTTCGCTTTTAGTGCGGCTGTGTGTCAGTTCAAAAAGATAAAAATCCAGCAGCACGATGTGCTTCTTTTAAAACCACTTAACTATATGAATCTCTCAGGCGTTGGAGTGAAAGCTGCGCTCAATTGGTTCAAATTAAAAAAGGAAGATCTACTTGTAATACATGATGAAGTCTCGCTTCCGCTTGGCAAAATTCGCATTCAAGAAAAAGCAGGAGCAGGTGGTCAACATGGCG
CP064963.1_gap17	755444	760220	4776	CGCGCGGCTGGGCAGGCAAGTCGGTGTTTACCAAGACTATGCCAGCTGAAGTGAAGCTTGGCTCAATGACTAGAAAAATTGATATCACCATCGCAAGCAACTCTGGCGACCTGGGTCACAATTTAATTGGTCAAGATTTCATCAAAGGCTATCAATATGAAATTGACGACAAAGGTGGTCGCGTAGATCTCAAAAAAATCTTGGAGTTAAAAGCTAAAGACGTAAATCCTCTTTACGATATTCCCTTAACTGTAAAAGGAACAAAAGACTATATTCCGATACAAATCAACGGCAAAAAAGTTAACGCATTTATTGATACAGGTTCTTTTGCCACCATACTTAGTGCCGGACAGGCAAAGCTCCTGGGACTAACATTCTCTGGAGAGAGTCAGAAACTGATGGGTGTAGGTGGGTCTGTTACTATGGACAAAGCCTATGTGGACATTCAAATTGGTGGATTGCGACAATCTAACTTTCCAGTGTTGATTGGTGGCTCTGGCGGTTGCGCTATAGGTCAGGATTTGATGAATGGCTGGAGATATAAAGTCGATCGCAAAAATAAATTACTTAGATTCTTTCACTAATCAAATTTAGATCAACAACCTGGGATGGTTCGCTAACAAATGAAACTACCTTTAAATTTTCGAATCGCTCTGACCCTTATTGCCGTAAGTTGCTCAATGCAAGCGGCGCAAGCTGACCCTACCGAGACACAAAAATCACTCGATTCTTTGACAGCGGGAAATATCCGTTATCTATCCGGCAAATCAACTATCCCAAGAGTCGACCCTGAGCGTCGCGAAATAACAGCAACAGAAGGTCAATTTCCAATTGCCACTATTCTAGGTTGCTCAGACGCACGAGTACCCCCAGAAATTATTTTTGACCAGAAGTTTGGCAAGCTCTTTGTCATTCGAGTAGCAGGCAACGTAACAGGCATCTCAGAGATTGCATCTGCCGAATACGGAGTGCACTATTTGAAGACACCACTGGTGGTGGTGCTCGGACATTCTTCTTGCGGTGCGGTCAATGCCGCTGTTGAGAATACACCACTGAAAGGCAAGCTTCCAAAACTTGTTGGAATGATTCAGCCAGCCGTTGATGAGGCGCGTAAGAACCGCTCTAAATCTGATAAGTCGAGTCTAGTTGATGATTGCATCAAACAAAATGTTCGCTACCAGATGAAGAAGTTGCTCGAAGGCAGCGACCTAATTAGCGGTGATGTGAAAACTAATAAGGTGAAAGTAGTCGGAGCAATAAGAGACATCAAAACCGGCAAGGTGCAATGGCTTGACGATAAAGCTGACTAAATTAGAGCCTGCTCAATAGAAACCTTACTGTTGCAATGACTTTGACACGCGATTACAAAAAAACAATTGAGGAAAGAATAGGGCGCGATCCAGATTTCGCAAAAGCATTATTAGAACAAGCCAGCGAATTATTTTTATCTGGAGAGCCAGATATTGCGCGACTAATACTTCGGGATCTTGTGAACTCCACAATGGGATTCGAACACCTCAAGGTGAAAATCAGCACCTCAGTGCAATAAACGAACGAGAATCTCGGAAATTAACATTGAAAATCTGGCATTGAATTCCAGATTTTCAATGTTGACAATCATTAATTTCGCTTCTTCCATTTGTATGTACGAACTTTGGTTTGATTACTGTTCAAGCGCATCTCTCTGTCACGAGTTTCTTTTTGATAGCGCGCCTTATGCTGGTTTTCAAAACGTTGATGCTCACGTTGACGCGCTTTTTCTGCTTTCTTTGCTTGCTTTGCCTGCATCATATGCATGCGCCTCCAGGCTCCTCGCCGTCCTCCACGACGATTGCCAATAACGAGTGTAGCCTCGCTGCTTGCATGAGACTCCGCCTCAGCGGGTGGAATATAGAAATTGAACATTGTGAGGACGCAAATGAATGCAAACAAATGTTTGTGCATGGTTTTCATATTGTCTTTCTCCTCTGGCAGGTATCAGATGGAGGCCATTGCGGCTTCGACGTCACGATGGAGGTATTGTTCCACGGTTCTTCGCTGGAATTTCGCATTTAATGTACTTCTCGGGCGCTTGACATATCATATTGCGGAAAGATTCACGAGGGTCCAGCAATGAAATATTATGCGGTAGGCACCAGAATGAGTTGCCCCTGTAACAAAGTCTGGGAAAGACCTGGTGACGCGCACTCCATGATGAAAGAGTTGAATTTCCAATTCAAAACAATTGGCGAATATCCCGACGAAGAAAAAATGGTGGTCGAGGGTGAAGGCGCCTATTGGGAGTCGAAGACGGGCAGGAAGTAAGACTCTCAATGTGTATTTTCATCTTAGGAATTATTCCATCCGATGCTGATCTGCAAAAAGTAAAAGGCATTTGCGAATCGCAGGGTTTCTGTTTTGATGTCGTAGAAAGCAAATGCTCAACAAAATTAGAGTCAAAAGTTATTGGCAGACTGACGAGAGACAATTGCGACTGCAACACATGGCTTGGATCTGAAGTCGAATATGATGATCCGCCATCTAAAGATCCGCGTCAAAAGTTGATTGATAAATATAGACGCAAAGGCTGGAGCGAACGCAAAATAGAGCGAGCGATTGCTCAAGAAAAGCCCCAATTTATTAAAGACACGTCCAATATGAAGCTAGAAATTCAAAACTGGAATCTATTGTTTGCTAGATTACTTCAGCTCTGTAACTTAAATTACGTTGGTCTGCTGTTGCACATGTACACCAGTTCAATCGAAAAAGAAGTGTTTGATTTCGATACGAAGGAAATTCGACAAAGTCAGTGCGGTGAAAAGGCTTTTTTAAATCTTCGGCGAGATACGTTGTATGTGTTTCGCGCTTAAGAAATTTCAGAGCAAATCGCAAAATTAGCAAGCACTTGCCAGTTTATTGCGTCAATTACTAGTACGCACGGATTAACGCGGCTATCATTTTCTAGATTGCTCCAATTGAGTGCAAATTTGACATTATCTAAAATTTTGTATAAACTAAAAATGAAAGAAATTATTTGGCTAGGAAACAGCTATAAGCGAGTTCTGGATTTTCCTACTGAAGCACGAGAATCTGCTGGTAGAGAACTTCATGAAGTTCAGCATGGCAGAATGCCAACAGATTGGAAGTCTATCGTAGGAATTGGAATAGGCGTTATAGAAATTAGGATACATAAGCCTAACGAACATAGAGTGCTCTATGTGGCGAGATTTGAAAAAGCTATTTACGTCCTCCACGCCTTCCAAAAGCAAACTCAACAAATTACTCAAAAAGATTTAAAAGCAGCAAGGACAGCTTATGCCCAAATCAAAAAAGATGCAAAAGAAAAAAGTAAACGGAGCAACTCACCTCGTAGGCTCCGATAACGTTTTCCGTGATCTTGGCTTTCCTGAAGAGGAGGCCGTAAATATGCTTGCAAGATCTGAAATGATTATCCAGATCAAAAACATTTTGGATGAGCGGAAATTGACTCAAACTGAAGCAGCAAAACTTCTAGGCGTGAGACAACCGAGAGTATCCGCGCTGTACACAGGCAAACTCAATGATTTCACTATCGATATGCTAATGAAGTGGTTAACTAAATTAGGAAAGAGAGTCACCATCAATGTTGAAGACGAAGATGTTGCCTAAGGTTTGATGAGTCTATTTAGCCGCGCAGAACTCAACCAGAATCTTGTGCATGCGACGCACGCCATTCTCCAAAGATTTAATCGGTAGTCTCTCGTCTTTGCCGTGCATGGTGGCAAGGTGGAGTTTGTCTACTTCGATTGGCTGGAAGCCATAAGCTGTCATGCCTAGTTCGCGCATCCAGTGCGAATCGGTGAACCAGGGAACGATTACTGGCACTACCGGAATGTTTGGATTCTCTTCTTTGGCGACGGTTTTAATTGCTTCGTACAATTCGGTCTGAAGCTTGCTTGGTTCGTTTGATTGCCAGTCTATTACTTTCACTTCGACTTCCGGATCGTCGACTAATTTGGTGATAAAAGCAACGAACTCGTCTTTTTTAACATCAGGCAACAAGCGACAATCAAGTTGAGCCATGGCTTTGGCTGGAATAACGTTAGTCTTATAACCGGCTTCCATGCGGGTCAACGAGATTGTATTTCGCAGCATCGAGGATTTAAGCAAGTCAGACAAAAGTAAGGGTTCTTTCTGCTTATCGTTCACTGCGTTCTTAATATCTTCGTAAGCTTTTTTTAGTTCGCCATTTTCAGAGACGCTGATCTTGGTGAAGTATTCTTCGACTTCTGGAAGCAATCGAAAGTTCGGACCGGCATTTACAATTCTGTTCAATGCCCGAGCCATGCGGTTAGTCGATGAGTTAATCATCGGCATCGATGCGTGTCCGGCATCACCTTTTGTAGTGAGTTCGAACCAGCAAATGTTTTTCTCGGCGAAGTCCACGCCCCAATATTTGGCGTTACCTTTGTCATCGGCTTCAATTGAAAAGCCTTCGTTTAAAACAAACTCGCAGTCTTTAACAAGTTCGGGACATTTTTCTTTTATTTCACCAGCACCACATTCGCCACCAGCTTCTTCGTCAGGTGTGGCAAGAAATACAACGTCGCGGTCAAGTTTGACGCCGCTTCGCTTCAACATCAAGAAAGCTTCAAGCTCGATTACGCCCATGCCTTTCATGTCGATGGCGCCGCGTCCCCAGATTTCGCCATCATGAATTTCGCCACCAAATGGTGCGTGTTTCCAATCGGCTGCAACTGCTGGAACCACATCGATGTGGTTCATTAAGATTATTCCTTTCTTCTTGCCCGTGCCTTT
CP064963.1_gap18	761833	762850	1017	TTTTTCTGTCATTCCAAAATCAGAAAAGCCAATCGGCGATATTTATACATTTGAGCCAAAGCAAGAAGGCGAGCGCCGCTTCGTCATTAAACGCGGTGCTGAAACACCACGCATGGTGCTTGGATTTCGCGCACCTCAAGCAGTACACGACGACCAGTTTGCCATTGGCATCATTGAAAGTGTTTTAGGCAATAGTGCCAAACGCTCCAGCCGTCTTTACAAAGCTCTTATAGACACAGGGCTTGCTAACTATGTTGGCGCTTACACAAGTACATACAAAGATCCCGGTTTGTTTGTAGTTAGTGCCCAAGCAAATGTCGGTGCCGATTTAAAAGTACTCGAGTCTGTCATAAATAAAGAACTGGACCGTCTCAAAAAAGAACCGATAACGAAAGAAGAACTAGACCGCGCCAAAAAATCCATTGTAAATGGAATCCTTACCGGTATGGACGATCCGATGAGTCTTTGCTTCCAGTTTACCGAAGCGGTAGGTTTTGGGAGCTGGAAATTCTGGGTGGATTATCCTAAGAACATCGAAAAGGTTACTGTTGAAGAAGTCCAAAAAGCAGCTCAAAAATATTTTGTCCAGGACTCAAGCACAGTTGGATACTACTATCCTAAACCCGAAACTAAAGAAGCCGTAGAAAAGGCGCCTGAGCCAGTTGCGTCGGTCGAAACTCCAAGCAAACCAGAAGTAAAAACAGGCACCATATCTGGTGTGGATAACACCAATGTTCCTAAACCTGCATTAGAGCCATCGCAAATAAATATTGGCAAACGAACGATCAAGTTTAAACTGGACAACGGACTGAGCGTTTTAGTATTGCCACTAGAAGGTGCTAAAACAGTTGCAATATCGGGCAAAATAGCAGCTGGTAATCAGTTTGCAACAGATGAAAAACGTCAGGTTCCAGCCTTCTTGGCAGATATTTTGACCGCCGGCACAAAGAATAGATCAAAAGAAGAAATTGCTACAAGCATGGAAGAGATTGGCGTCAATCTCGATTTTTCGGCATC
CP064963.1_gap19	792473	793258	785	CACTTGGTTGTTGCAACAAGGCTTTGGCATCGATTTTACCTCTCATTTCTTGAGAGCCGAGTGCTGTGTTTTCCATTGTAATTACGTCTTTACTGCGAAGATGATGTTTGATTTCGCCCTGAAAAGCTTCTTCAATTTCTTTATCTAGACCAAGCTCAGATAGACGCTTTGCTACATCTAAATTGTCTTTCTGAGCAAATCCCTGCCAGATAGAATCCATTTTGATTTTACTTGGACCCACCACAGGCAGTATCGATATTCTATCTAGCAATATCGAATTTATCGCCAAAGGACTTTGCGATTCTTGTGTGGCAACCGGGCTTATCACGCTTACTATTGGCGTTGGGGTGATTAGTGTCGACTGTGCAATCTCAATTTTGCCACCATTACCTTTTAGTTCATCTGGCAATGTACGCGGACTGACAGGCTTGGATGCAAGCACCAGTTCGTCGCCTTTCCATGCGCTTTTCAAAACTGGCTGCTGTAATTCACCACGGTCTTCTAAGACTTCGGTTTGTACACCATTTTTTAATGCGGTGAATGCTTCACTCATTTTGGTAAATTGACCACGAGAAGACAAAGCATCCATCAGCTTTTTGGTAAATACACCATTTTCATATTTTTTCGATTCCCACGAAACTTGATTGGGTTCGCTCGAACAAATTAGCAACATGCCTTTGCCCATCGGCACTTGACCGATGTCAAAGTTACCCTGGCGCACAAGTCCTTTTCCGTCGGACTTAGTCTTTGCCGCACCGCTGTGACAGGCATCTAAAATAAGAACA
CP064963.1_gap20	818305	822788	4483	AAGCCACCACAAATACCAGTGGCTAAAATAAAACAAGTCGTACAAACCACTATTGGTGGCATGAAAGTTTTTTCCGCGCCTTCAAGCAAAGACAATCCGGTAAAAGACGAAGAGAAACCGCAGACCGAAAAGCGCAAAGACAGACAAGAGCATCCTGCCAAGACTACCGGTAAACGAAATAAACGAAGCACCAAGCCTGGTGCCAAAGCAAAAAAAGCTAAGCCAGTAACTTAGCCGACTCTTTTTCGTCTAAAAACCTAATTACGTCCATTTTAATAAGTAGTGAAAACTCTTTGACGCTCCAAGATTTTCTCACTTTAGGCGATTTATAAAGCTCTGCTTTGATTTGCTTTTCGCCTGCAGCCGAAATCTGATAGATGTATTCCTTCTCGTAATAAGGAGGAGACTTAATGGCGATAAATTGTCCCTTGCTATACATTCAATTTATACATAAACAAGTAACTTAGCAATCTCTACTTTGGCGCATGAAGAGCTTTGACCACTGACTTGATACACTTTGGCATCACGCATCAATTTTTCGACTTTATATTCTCTTGTGTAACCATAACCACCTAGAACTTGTACAGCATCAGTGGTGACTTTCATAACCATGTCTTGTGCATAAGCACGAGCGGCAAGTGCTTTAGTTTTAATCACGGGTGAGTCACCATCTTTATCTAGTAAAGACGCAGCCTGCCAGGTTAGCAATCGAGCTGTTTCGATTTCTTTGGCCATATCAGCAAGCATAAAATTGACGGCCTGATGCTGAGCTATTGGTCTGCCAAATGTTTGTCTTTGTTTTGAGTATTCTATAGCAAGGTGCAGGGCACTACGTGCGACACCAGTAGCTCCAATTGCTAAAAACAAATTAGCAGCTGATTCAATGCCGGATCTAGAAGGAGCCTTAATTACATTTGACTCAGTCAAACGAATGCTATTGAAATTGGCGTTACGAACACTTAAAGCTTTGCGTCCCATTAATTGCAATTTGTCTTCGAACTCTAAACCTGGAGCATCTGCTGGCACCACGAACAAAAGTGTTTTATCCCTACTTGATGCATCCCTTGCGCACACTAAGTACCATGCGGCATGACCACCGTTAAAAATTTCAGGTTGTCTGCCATTCAAAATATATTCATTACCTTCTTTATTGAAAGAAAGTTGGATTTTTTCGATTTGCATAAACGAGGCGGCGTAACCTGCCACCAGGGGTGATTCTACTAATGGCTTTAGAAATTTCGCTTTTTGCTCAGGGCTTGCGTATTTAACCAGAGGTAAAACGGCTATGGCACTTGATTCGATCGCTCCAGCTATGCCGCTGCAACCAGCTGCTAATTCTTCTAATATGACGCAGGCATCAAGTGTATCTAGACCAAGACCATCGCAGTCGTCACCAATCATGCTGTTGACCAGTCCAAGCTCCCAAGCTTTGTGTACAAGACTTGCAGGAAACTCGGGCTTTATGTCGAAGTGTTCAGACTTACTTTCAATTTCTCCTTGGGAAAAATCTTTAGCCAGTTTTTGAAACTGTTCTTTCTCTTCACTCAAAAAAAGTCCAGAAGTTGCCATGCTCTGCTCCTTGGGGCGTCTATCCAATACATATTCTAGAACTATAAGATGCTTAGCAAATGCCTGAGCGTTTTCAAGAGTCAAATAATTAAGTACAAATAAGTCTTTGCAGGGGCTACATTCTGGACTTTTACTAAGGTCGCAAGCGGGAAGTCATGATATACAATACTGATCATGTTAATCGCCCCATCCATTTTATCTGCTGATTTCACCCGTTTGGGCGAAGAAATAGCTATCGCTCAAAAGGGCGGTGCAGACTGGATTCACGTCGATGTGATGGACGGTCATTTCGTGCCTAATTTGACTATCGGAGCACCCGTAGTCAAGAGCATCAGAAAGACCACGACACTACCTTTAGATGTTCATTTGATGATTGAAGATCCAGATAAATATCTGGAAGATTTCGCCAAAGCAGGCGCCGATTTCATTACAGTGCATGCCGAAGCTTGTACTCATTTGCACCGGACTTTGAGTTACATCAAAGAGTTAGGCAAAAAAGCCGGCGTAGCCTTGAATCCAGCTACTGAGCCTGAAGTGCTCAAATATGTCATTGACCACGTGGACCTGGTGCTAGTCATGTCTGTGAACCCAGGTTTTGGCGGACAGAAATTCATCGAAGCAGTTATTCCCAAAATTTCTCAAGTAAAAGAGATGTTTGAGCAAAGCGGCAAGAAAGACCTTTATCTATCTGTAGATGGAGGAATCAATTTTGATACCGCTCCAAGAGTAGTACGAGCCGGAGCAAACGTGCTTGTGGCAGGCAACACCATATATGGTTCCAAATCAGTTTCCGAATCAATTTCCAAACTAAGACAATCTGCTGTGGCAGCGTAAAGGAGATACAGTAACATGCGACTCTCAAAAAATTTAGTACCGGCAGCGATGCTTCTTGCAATTGCATTGCCAGCACTGGCAAACGATTCGGAGTTCATCAAAGATACAGATTCCATCGGGAAAACCAATGGAGTGATTATGTCTGACCAGATGCTTGAGCTTGGCATGGTTTCTTCAAACGCACTGCGTATCGAAGGCGAGCAAGCAATGAGATTGGGCAACACCGATCGCGCCATTCAAGTTTTGCAACGCTCAGTCGAAATGTCTCCCTTAGACATGGACGGACGAATTCTTTATGCTACAGCGCTTGAGAAAAAACTGTTCAGACAGAAAAAACATGATCGCGATCCAAAACTCTATAACTATCTTGTGAAGCAATGGTTTTTCATTCACAAAAAATGTGAATTTCCAGACCAAAAAATGCAAGCATTCCAACATTTAACTCAATTGACTGGAACCGCTCCCAAGATGCTTGAGCGCGAGAAAAAATATCTGAGCCGCGTGCTCATTCCAGAAGATGGTTCGGTCGCTGTACAATTCGGTAAAAACCGCATCGTAGATCGTTAAGACTCATTCTTACGTCTTTTGAAAAAACGCCAGATTGTTTTGCCAATGCGAAACAGTCCAAATAAAGCCGAAACGGCACCAATCAAAATCCAGACTATGGCTGGGTGCATTGAAATTATGTGCTCTTTGGCTTGTTCATAAGCTTGTTGCATCGCAGGCGTCATCATGTCGGTCGGCAAAAATTTGGCTAATTCAAGAAAAAAACCAATAAAAATATTGAGTAAGCCAAAGACCAGCCAGGTCCACCCCGCCCTCCAGACAAATAATAAAGGCCAGAACCCAATTAGGAGGAAGGTATCGGACAAATAAACAAGCGGATCATTTGGCTTAAAAACGAAAAGAAGAATAAAACCGATGAGCCATAAAACAGTAGAAAGTATGGTACCAAATTTGGTGCGTTTACTTATGCCACCATTTTCAGTCATCGAAGCGAAGACCTCTTTTATCCAGGTCTAAATCTTTCAGTTGACGCAGTATTATTTTGGCTTCTTCAGGAACTTCAGACTTACTTATTTTTTCTGACAGAATTTTGGCAAAGGCAACTTTATCGAAATCACCAAGGCCTCTAGAACGACACAAACGATCAAGCATTTCAACTCGACGCCGAATCTTGTCTTCTGGTGCCGATTCTTGATGTATGCGCAAGTCTTCGAATTGAATAGAATCGAGATAACCCATTTCGCTTACATACAATTGCATGCAGCGAAAAATAGTTTCTTGCGAGAATAAATCTTCGATCTCGCCTTTGCGAAGCGTTAGCAGTCGGTCACAATCACGCAAACTATCACTAATTAATTCGGACTGTTCAATTGCGTCACCATCAAGCAGACACAATATTGGCAGAGAAACAGTGTCACGCAAGTTCAAATACTGCTTGGTCACCTGCTGGGCGCCGCCACAAGCATCTATATAAGCGGAGATCTCTATTAGATCTATATTTAAAAGTTTAGCCAAAGCAGGTAATAAAATTACCTCAGTCTGTCCTTCGACCAGCAAGATTTTTTCGCATAAAAATCCGCCGGAAAAAAGTTTCTGCAAATCCTTTCTTAATAAAACCCAAACCGATATCGGTTGAGGTTTTGAACTAGAGTTGACTTGATCGCGAAAAGCCACCAAAATTCGGCTTAATGCCGATCCGATAGATTGATCGATTTGGGCAAATTCAGGGTCAAAAAGTTTATGCCAAGCAAAAGAATTGCTCACCCAAAAATCAAGCCAGGCAATTTCAGATGGTTGAAATCGATCAATTTTTTCGCCAAATAACTGGCGCAAGAAATCCAGATTGCAAATTTTTGCATCATGCAAATCTTTGCTTTGATACCACATATCGAAAGCTAGTCGCTCAAAGCGTTTGAGGTCTTCAAAGCAAATTAAAGCACTTATGGTTTGATCAAAAATTCGCCAATTTTTGTCAACAGTTTCAAATAGGGGGTTTTCAACTCCAAATATTTGTGCGAAGATTTTATTCTGAGTTGCAAGTGGCAATTGTTCGAACATTTTTTTGTCGACATGC
CP064963.1_gap21	823810	825501	1691	CGAACCGAGCTTGCAGAGTGTGTCAATTTTAAATTGATGATAAAAGAAGGTCTCTCCAGAGACTTTATGTGGCGTCTTTTGAAAATAGGCATACCCGCTTGCATCAACGACCTTGTTTGGATCGGAAGTTGCTGTGCTTTCTTCTTGATTTTTGCTCAAACCAAAAATCCTACTGCTTGCCAGGCCTCATGGGCTGTCGGCTTCAGACTGGAAGAAATAGTTAGCTCTCTTCCACTCCACGCTCTATCCATGGCGGTAGCCACCATCGTGGGTCAGAACCTAGGTGCCAAACAACCAGAGCGCGCTGAGCGTGCAGGCTGGCAGGTCGCCTGGGTAGGAGTAGGTTACACATCACTAATGGCAGTGTTTCTGTTTTGTATGGGAGGCGAAATCGCCAAACATATGAGCAGCGATCCGGTGGTTCTCAAATATGTCAAAGACTATTTGCAAATCGTCGGGATGTGTCAGCCATTCGTTGCCCTGTGGCTTGTGCTCTTTGGAGCCATGCAAGGTGCCGGTTACACCATGCGTCCAATGTGGATGTCGATTATCTGCTTGCTTATAATCAGACTGCCACTTGCCTATTACCTCACTAAGACATTTTTCTATGGTCCTGAAGATGGACCTTTAGGATGCTGGCTCAGTGTCGCTGCGTCTGCAGTGGTAATTGGGGTTCTCGCCATCTGGTCCTTTAAATCAGGTGTCTGGAAAACGCAAAAAGTCTAAACTGGCAAGTCTTTTTTGAACTCTTCCTGCTTTCCTGTCGTCTTAAAAAACAAAGGGTCGCAGGAGGAATTCAAAATGGCTACTAAATCAAATCAACTTGTCAAGGATCTCAACTTTGAGCTGCCGCGCTTGCGGCTTTGTCTTTTTTATGAAAAGTGCAAACCTGATGGTCTTGCAAAAAAGATCATGATCAAAGGACCAGATGACGCTTATCGTTTTCTAAAGCCGCTTCAAATGGCAGCCGAAGAATATTTTTTGACTATTCACTTGAGTGCCAAAAATCACATTATAGGTGTGCACGAAGTGTCTCATGGAACCGTAAACTCAAGTCTTGTCCACCCACGTGAGGTTTTCAAAGCAGCAGTGCTTGCAAACAGCCACTCTATTTTGCTTTGTCACAACCATCCCTCAGGCGGAGAGCTGAGACCAAGTTTTGAAGATCTGGAAATAACAAGCAGGCTTATTTCTGTTGGTAAAATGATGGGCATTCAGGTTCTTGATCATGTGATAGTGGGAACCAATCCCGACAACGAGGGCGAAGGTTACAGTATTCGCGAAAATCATCACGACCTGTGGACGGAGGCCCTAGTCTGAGTTATCCTCGAATTTATGCAAGAATCTGATTCTAATCTAAGTTCGCGCAAAACAGAAACAGTAATGGTCGGCTCGGTGCCAGTCGGCGTGGGGCATCCTGTGGTCATTCAATCAATGACCAACACAGACACCCAAGATGTGGCATCAACTGTCAGACAAGTAAAAGAATTGTATGAAGCGGGCTCTGAGATTGTAAGAATTACAGTCAATACCAAAGCCGCTGCGCAAGCGGTTCCAGCAATTGTGCGCGAGCTTGAAAAATTAGAAATAGATGTGCCATTAGTTGGAGATTTTCATTACAACGGGCATTTGCTTTTGACCGAAATACCTGACTGTGCAAGGCTTTTAGCCAAGTATAGAATCAATCCAGG
CP064963.1_gap22	828610	832468	3858	CAAGCAAAATCGTTGCGCGAAACTAGAAAAGATTTAAAAGCAAACAAAATTGAAAGTATCGATCCTAAAGCAAAAGTCACAAGTGTATCGGCAAGCAGTCTGCGCATCGGTGACTTAGTCATAGTTCAAGCACAAGAAATTATTCCTTGCGACGGAGATGTAATTGACGGTATCGCTTCTGTTGACGAAAGTGCAATTACCGGAGAAAGTGCACCAGTAATCAGAGAAAGTGGTGGCGATCGAAGTTCGGTCACGGGCGGTACAAAAGTGCTTTCAGACTGGCTCATTGTCAAAATCACAGTCAATCCAGGAGAAACTTTCATTGAACAAATGATTGCTCTGGTTGAGGGAGCTAAAAGACAAAAAACTCCCAACGAAATCGCTCTCAATATTTTGCTTGCTGCGTTCACTTTAATATTTTTAGTAGTAACCACTACTCTATTTGCATTTTCTAAATACAGTGTTGAAATAAACGCTCAAGGACAAGTTATAAGCATAACCGTGCTGGTAGCCTTGCTTGTATGTCTTATCCCCACAACTATCGGCGGTTTGCTATCTGCAATCGGCATAGCCGGCATGGACAGACTCATTCGCTCCAATGTAATTGCCATGTCTGGACGCGCTGTAGAAGCAGCTGGAGATGTGGACATGCTCCTTTTAGACAAAACAGGCACTATCACCCTTGGTGCAAGACAAGCATCTGCATTTATTCCTTCCGCCCAAACAACAGAGCACGAGTTAGCTGATGCAGCACAACTGGCCTCGTTGGCTGATGAAACTCCAGAGGGTCGGAGCATTGTAGTTTTAGCCAAAGAAAAGCACGGTATTAGAGATCGTAACATTCACGATCTGGAGGCGACTTTTGTCGCTTTCAGTGCGGTAACTCGCATGAGTGGAGTAAATTTAAACGGCAGTGAAATCAGAAAAGGTTCGGTCGATGCCATAGAAGAATATGTCAAACCAGAAAGAGTGCCACCAGAGATACTGGAGGCCGCTAATAAAGTGGCTAAGGAAGGAGCTACACCACTTTTGGTGGCACGAAATCAGCAAGTTTTAGGTGTAATAAAATTAAAAGACATAGTCAAAGGCGGCATCAAAGAACGATTTGCTGACTTGAGAGCAATGGGAATTAAGACTGTAATGATTACAGGAGACAATCCCATCACCGCAGCAGCCATTGCCGCAGAAGCCGGTGTGGATGATTATCTGGCACAAGCAACTCCTGAAGGCAAATTGAAATTAATAAAAGAAAATCAGGCCGGTGGAAGACTGGTGGCGATGACAGGAGATGGAACAAATGACGCTCCAGCTCTTGCGCAAGCAGATGTTGCTGTAGTGATGAATTCGGGCACACAAGCAGCAAAAGAAGCTGGCAACATGATCGATCTGGATTCAAGCCCGACCAAACTGATAGAAATCGTTCAGATTGGAAAACAACTTCTAATGACGCGCGGAGCTCTCACCACATTTAGTATCGCAAATGACGTAGCTAAATATTTCGCTATCATACCCGCCGCCTTTGCCACCACTTATCCAGTGTTGAATAAACTAAACGTGATGAACTTATCTAGCCCAGAGAGTGCCATCCTTTCTGCTGTCATTTTCAACGCCCTTGTCATTCTTGGACTCTTGCCCATTGCCCTACGTGGTGTCAAATATCGACCGGTGAGTGCAGAGCTATTATTGCGTGACAACATTTTGATATACGGTCTAGGCGGGCTTATCGTGCCTTTTATAGGCATCAAACTAATAGACATTTTAATCAGTGGGTTCAAAGTGTAAATGAAACATCTCATTGCTTCACTAAAAATATTTTTGCTTCTTGCAATTCTCACAGGAATTGTCTATCCCTTGTTTGTCACAGGCATTGGCCAACTTGTATTCAACAGCCAGGCCAATGGCAGCATTATCAAAGAAAATGGCCTAGTTCGCGGCTCAAGTCTTATTGGTCAAGAATTTAGGCAATCCAAGTATTTCTGGAGCCGTCCTTCTGCCACATCTCCAGCTCCATATAACGCCTGCGCTTCGTCTGGCTCTAATCTTGGACCAACGAATCCTAAACTAAAAGAATCGATAGAAGCATTAAGAACTAAATTTCAAATAGATTCTTCAATAAAGCCAAGTTCCGAACTTTTAACTGCGTCTGGCAGTGGTCTAGATCCACACATAAGCCCTGCAGGCGCGCATTGCCAAGTGGAGAGAGTTGCCCAAAATCGCGGCTTGGCTAAAGAGTTAGTAGAGAAAATAGTCTTAAGTCACACGCAAACTAGACAACTTGGTATTCTGGGAGAGCCAGTAGTAAATGTACTGACCTTAAACTTGGAACTTGATCGAATTAGAGCCGACAAATGACCGAATCAAACAAAGCAGGACAAGACTCAAGACCTGACCCCGACCTGCTTTTGACCAGAATAAAAGAAGAGGATGCTCGCTCTTCTAAAGGGCGCCTCAAAGTCTTTTTTGGGGCCGTTGCTGGCGTCGGTAAAACCTACGCTATGCTTGAGACTGCCCACAAGCTACAAGACGAAGGAATAGACGTAGTCTTAGGTGTAGTCGAAACTCATAAAAGGGCAGAAACAGAGGCACTGGTTGAAGGACTGGAGTATCTTCAGAAAAAACAGATAAGTTATCGCGGCACCACCATGGAAGAGTTCGATATCGACCTGGCGCTGCGAAGAAAACCAGAAATTATTTTAGTCGACGAATTGGCTCACACAAATGCTCCCGGCTCGCGACATCTTAAGCGGTGGCAGGATGTCGAAGAGCTTCTCGATAACGGCATAGACGTTTACACAACTTTGAACGTGCAACATATTGAAAGCTTGCACGACGTGGTGGCACAAATTACCGGTGTCACAATTCAAGAGCGCATTCCTGATTCTTTTCTTGAAAAAACCTTTGAAATCGAGCTTATAGACCTCCCTCCAGACGAACTGATTCAACGCTTAAAAGATGGAAAAGTTTATTTGACCGAGCAAATAGATCACGCTCTCACCAATTTTTTTCAGAAAGGCAATTTGATAGCTTTGCGAGAGCTTGCTTTGCGAGCTGCAGCTGAGCGTGTCGATGCGCAGATGGAGCAATATAGAAAATCGCACCAAGTAAAAAGAACCTGGCCTGCAGCTGAAAAAATTCTGGTATGCGTAAGCTCCAGTCCTTTATCGATTCGGCTTGTCAGAGCAGCAAAGCGCATGGCCAACGGACTTAAAGCCAAGTGGGTAGTGGCCAATGTCGAAACACCAAGACAGTCGATGCAAAACGAAAAGGATCGAGCTCGCGTCATAAGAACCTTAAAACTTGCGCAGCAACTGGGTGCTGAAATAGTAGAGCTGACAGGCAAAAGTGTAAGTCATGAAGTTATGCGCTATGCCAAACAAAATAATATTACAAAGATAATTGTTGGAAAACCGGCCAAAAGCAGACTACGAGATTTAATTTACGGCTCGGCTCTAGATGATCTCATAAGAGACAGCGGATCTATTGATGTATATGTAATAACCGGAGAAAAATCAGAAAAAGCGGAAACTGAGGCACCGCAGGTAGTGACGCGAAGCAAACCGCGACAATATTTGATGGGCATTTTGGTGGTGGCAATCTGCACTATCATTGCGAAACTAACAGGTAGCTTTTTTGAATTTTCCACGATAATAATGGGCTATATGCTTGGAGTCATAATTGTGGCTCTTTTGTACGGTCGCGGCCCTTCGATATTGGTTTCTTTTCTGAGCGTGGCCGTTTTCGATTTCTTGTTCGTACCTCCTCATTTTACTTTTGCAGTCTCTGACGCTCAGTACCTTATTACTTTCGTTGTAATGCTCATCGTGGCGCTAACAATTAGTACATTAATGGTAGAAATAA
CP064963.1_gap23	993012	996264	3252	AGCGTTATTTAAAAGCTCTAGTTGTAGCTCAGAAAGACTTTTAATATCTTCTTCGCGTCTGTGATAGCGCAAATCGCTTCGTCTATTGAGCACACCAGTTCCAGAGCAAGGAGCATCGACCAAAACTTTGTCTGCTTTGGTATCGAGCTTGAGTACGCGTCCGTCGCCTTCTATCACTTCGACGTTTGTGATAGACAGACGTTGTCTGTTAGTTTTTAAAACGCTCAGTCTTTGCTCAGATTTATCTACGGCAAGAATTTTGCCTTTGTTTTGCATCATCTCACTCATGTGCAAAGTTTTGCCGCCTGGTGCAGCGCATAAATCTATAACTAAATCACCAGCTTTGGCTCCAACTGCGTATGAAACTAGCTGCGAGGCTTCGTCTTGGATGCTAAATAGTCCTTCTGCAAAACCGGGTAATTTTTCTAGTGGGCCTTTGAATTTGCCTTTAGATAAAATACGCACACACGACGGCACCACATTTGATGCTTCGACCACTAAGCCAGCTTGCTCTAAAATAGTTAAAACAGCTTTTACTTCTACTGCGTTTTCATTTACACGCAAACACTGTTTGGGGCTTGATTGGCTGTAAGCAAGCAAAGAAATTGTTATTTCCAGTCCATAAGCGTCAATCCAGCGCTGCACTATCCATAGTGGCATCGAATAATGATCGCTCAAGGCTTCGGGATCTTTACTTATAAAAGTAGTGTCAGCAGCATCGCCTTTGATGCCATGCTCGTCTCTTAACTTAGCTACATTGCGCAAAATATTGCGTAGCACTGCCTGAGTGAAGCTCGACAGTCCACTGTGACCGCACATTCTGGCAACCGATGTAGAAGTGCTAAGCACCGCAGACGCTGGCATCTCTTCCATGAATAATAACTGGTAAGTGCCAAGGCGCAATACGTTTAAAAGAACCGATGTCATTTTTTCAAGAGGACGATGCGAATGCATTTTAATAGTCTTATCCAGAACACTTAAATTGCGCAACACGCCTTGCACAAGATAAGTGACAAAAGCCTTATCGCGCGAGGACATTTTGCTTTCTTTCAAAGATGCTGAAAGCACACTTTGAACATAGCTTTTCTCTTCGTTGGTGCGAAGCAAAACCTCAAGCGCAAGTTTTCGCGATTCGACACCCTTGGCTTTGTGTTCGCGATTTTTCATCTATGCTTTCACTAAACAATCGTTGGACGCAAGATGCACGCCATTAGCCCAATCTTGAGCTTTTATCTTAGGCTTGCCTGGTGGTTGCACCTGGCAAAGTTCAATAAGTTCTTCGGCGTTTTTGCCACAGACTGCATAAACTTTGTGATTGAGATTGATAATGGTTCCGGGTGTTTTTTGGTCTTTATCTAGTTCGATATTTAGACTATCTAAAACTAATTTTGTTTGCCACACTTTTAGTGGCGTGCCGCGAAACTGGCAGACAGTGCCTGGCCAGGGAACCAATCCGCGCACGGTATTGTGAATAGTACGTGCCGACCAGGTCCAATCTATGTTTGCCATTTCTTTGTCGAGCATTGGTGCATAGGTCGCTTCGGCATCGTCTTGTACTATTGGTTTGACCGAGCCATCGGCAAGTCCTTTAAGAGTAGAAATTATGAGCGGTGCACCAGCTTTAGACATATGCTCAGCTAAATCAACGGCGGTCCATTCTGACTTAATTTCAAATTCAATGCGCTCTAACATGTCGCCTGTGTCAACACCTGCATTGGCGCGCATAGTGGTTACACCTGTTGTTTTTTCGCCGTTTATGATAACCCAATTAATTGGAGCAGCGCCTCTATATTTAGGCAAGAGTGAGCCATGAAAATTTATGACACCGTGTGGAGTCATTTCTAAAACGTCTTTTTTAAGAATTTGTCCAAACGCCACCATCACCATGGCATCGGCATTTTTGGCTCGCATTTGCTCGACTATCTCGGGCGATTTAGATAATTTTTCAGGTTGCCACAAAGTTATTTTGCCCTCAGGATCAAAGCGCTGCAAAGCTTCTTTCACTGCAGGCGGTGTCACCTTATTGCCTCTACCTTTTGGTCTATCTGGCTGACATAAAACACCAACAACTTCAAAAAAATCATCGGCGAAAAGCGCTTCCAGTGTAGGAACTGCAATTGCCGGAGTGCCAAGAAAAATCACTTTCATCTCAATTTAATCCTGATAACTGGGTCTTATTTTTTTTAACACTGACAAAAGTTTGTCATAATCTGCTCTATACGAATTGGATAAAAGCGTCCAGCGCCAACCAGAAAATCGCGCTCCAGGAGTCTGTCTTGACCATAAGCAAGGGCACAGGCTTCGCGTATTGTGGCGGACAAAAGTTCATCATCTGGTACTTGAGTTATTTGCGCCAGGTGACGCAAAAATTCAAAATCTTTAGTTAAAAGTGCCACTTCATCACCCTTTGCCTCAAAGACAAAGTCGTGAACATCGGGGGGTTGAGGAGGCAAATGAGTATAGATTTTTCCATTTTGACTGTGACCAACAATACAAGCGCTCACTTCAGTTTTTAAAAGTGAAAATACTTGCGGCTGCTCTATTTGCAATTGTGCGCGTGTAAGACCAAGGGCAGAGGGCTTATGCACGTTATCCAAAGGACCAGTAAGGACATTGAATGTGACAGCAAAAATATGAAGTGGTGCGTCTGGCTCGCCTACTTTTAAGAAACTTCCAAAGCGTGGCTTGACCGGAAAATCAAGTCCGCCACCGCCAAGACATTCTGCCTTAAATTCGGTGATTGACGAGTTAATGACCTCGGCGACTGGTTTTAATTCCTCAGTCGGTTGGAGTCGGTTGGTCTTCATTAGGAGTAAAGTTTTCCATTTCGTGCTCGTCAGCCGGATCGTCTACCGATTTGCCTTGAGATACGCTAATTGTAGTTTTTTCGCCTTCCTCAGCCATTGTAATATTGATTTCGAGCTTGTCTTTGTGACCCGAGATATTGACTGAGCGTGGTTGTTCGTCATCGTCGTCTACTGTATAACCATTTGATTTTAGTGCAGTTGTGTACCACTCTGTCACTTTTTGCATTGAGTCTGTACTTGTCATAGACAGATATTTAGCTTCTTCGCCTTCTTTGTCTGATGCACTAGACATGCCTGCCATTTTGGATTCTGGATAAACGAAAGGTTTCAATTCGCCTGGCACGCCATTTTTGTCTTCACTAAATGTGGTGGTCATGCCGGAAGAATCGTAAGTAACTTTTTTGTCATTGCCACAACTAGATAGAATGAGAAATGACCCAAGCAC
CP064963.1_gap24	997752	1001403	3651	CGTCAATCAAGCCGTTGAGATCAAGCCTGCCTTCGTCGCCATGCTCGGCGTTTTGGCAAAATAGAATATAACCGCTGTGCAGATACTTCATGACTTCCTCTTTCAATCAGGACTAGAATGTTAACCCATTGAATGGGTCTAGTCCAATTAAGTGAGGAAGTCAGTGAAGGTTATTTTCTTTGGTGCAAAAAACTAGCGGTTAGTTGTTTTGCCCGAAGCCATGATTGTGGTCGAGATGGCTTGAGGTACTTCTTCGTAGCGATAGAATTCCATCGTGAATGTACCTTGACCTTTGGTCTTGTTTCTCACGTTGGTGGCATAACCAAACATTTCAGATAGAGGAACGCTGGCTTTCACTTTGGAAAGGTTTTCCACTGTGTCCATACCTTCAATGCGTCCACGTCTAGACGAAAGGTCTCCTATTACGTCGCCCATGAATTCTTCTGGAACTTCGACTTCAACTTTCATGATTGGTTCAAGCAATATTGGCTTGGCTTTCATGAAGCCATCTTTGAAGCCGATGCTGCCAGCGGTACGAAATGCCATTTCGTTGGAGTCAACTTCGTGGTACGAACCTTCGACCAATCTCACTTTGACGTCGATAACTGGATATCCTGCAAGGATTCCGCCAGCCATGGCATCTTTGACACCAATTTCAACTGCTGGGATGTATTCTTTTGGAATAGAACCGCCAACAACTTTGTTTTCGAAAATAAATCCGGTTCCATTTTCAAGCGGCTCGAGTTCGAGTACGCAATGTCCGTACTGACCACGACCACCCGATTGACGGATGAATTTGCCTTCGCATTTGACTTTATTTTTGATAGTTTCGCGGTAAGCAACTTGTGGTTTGCCTACGTTTGCTTCTACTTTGAATTCGCGAAGCAGACGATCCACGATGATTTCTAAGTGAAGTTCGCCCATACCAGCAATGATGGTTTGACCTGTTTCATGGTCAACCGATACTTTGAAGGTTGGATCTTCTTCAGCCAAGCGGCCAAGTGCAATACCCAGTTTGTCGGCGTCGCCTTTGGTCTTGGGCTCGATAGCAACCGAGATAACTGGATCGGGGAAGCTCATCGATTCAAGAATAATCGGATGTGATTCGGCACAAAGTGTGTCACCAGTAGTGGTGTCTTTCAAACCAACAGCAGCTACGATGTCGCCAGCAAGAGCTTCTTGCACATCTGTTCTCTGGTCAGCTTGAAGCTGAACCAATCGGCTGATGCGCTCGCGTTTGCCTTTGGTCGAGTTATAGACGTAAGAGCCAGCGGTCAAAGTACCCGAATAAACACGAATAAAGGTGAGCTTGCCCACGAAAGGATCGTTCATTACTTTGAAAGCAAGGGCAGATAGCGGTTCTTTAGGATCGAATTTACGTGTTTCTTCAACTCCATCTGGATTGAATCCGGTGATGGATGCAACGTCGATAGGTGATGGCAAGTAATCAACAACGGCATCAAGCAAGGCTTGAACACCTTTGTTTTTGAAAGCCGAGCCGCAAAGCATCGGAATAATTTTGTTGTCGCAAACAGCTTTGCGAAGAGCCACTTTGATTTCTTCGTTGGAAACTGACTGTCCTTCGAGGAATTTGTTCATCAACACATCATCTGTTTCGATGATGGATTCTTCTAATTGATGGCGATATTTTTTGGCGTCTTCAAGATAATCGGCAGGAATAGGACCTTCTGTAATCTTTTTGCCCAATGGATCGTCTTCTTCATAGAAGACAGCTTTCATTTCAATTAGATCCACAAGACCCATGAACTGACCTTCGGCCCCAATTGGAATTTGAATTGGATGAGCATTAGCCCAGGTAGAGTGCATACCGGGAAGATTTTCTTTTACTTGTTTTACAACTTTGAAGAAGTCGGCACCGTTTCTGTCCATTTTGTTGACCAGAATCATACGGGGCACAGAATAGCGATTAGCTTGTTTCCAAACTGTTTGTGTTTGAGGTTGTACACCACCAACTGCGCAAAGAACGATGATAACGCCATCGAGAACGCGCATGGAGCGCTCAACTTCAACGGTGAAGTCAACGTGTCCGGGGGTGTCGATTAAGTTGATGTGTTTGTCTTTCCATTTGCTGGAAATAGCAGCAGCGGTGATAGTGATACCGCGCTCACGCTCTTGATCCATCCAGTCGGTGACTGATGTGCCTTCGTGCACTTCGCCCATTCTGTGAATGAGACCGGAATAAAAAAGAATACGTTCAGTGGTTGTGGTTTTGCCTGCATCGATGTGAGCGGCAATGCCCATGTTCCTGATTTGAGTTAGATCTGTTTTCGACACTGAACCCTTCCTTTCGCTAGATACTTCCATGCTGGCTTTCCTTTATACCAAAACAACCACCTCTTGAAAATATCATAAGAACTAGGTTAGAACCTAGATTCTGCATATTTCGTTTAGAAATGATTGTGCTTTTCTTTACAAAGAAACACCAGGTCAAAAGAGTAATGAGCGAAGCTTAAGCTCCGCTCACCACAATAATTTCAAAACTTATTTTTTACGCTCTACTTCTTAATAACGATAGTGCGCAAAAGCTTTGTTGGCTTCAGCCATTTTGTGTGTGTCATCACGTTTTTTGACTGATGCACCGGCTCCGTTTGAAGCATCGATGAGCTCAGCAGAAAGACGCTCTGCAAAAGATCTACCACCGCGTTTGCGGCTGTTTGTGATGATCCACTGAGTAGCTAGTGCAACGCCTCTAGACGATTTTACTTCAACAGGAACCTGATAAGTAGAACCACCAACACGACGAGCTTTGACTTCGACTAAAGGTGTGACGTTTTTCACAGCTTTGTTGAAAATATCAAGCGGCTCTTGCGCTGTTTTTTCTTGAATTAAGGTGAGAGCGGAGTAGAACAGATTTTGAGCTGTGCTCTTTTTACCGCGCTGCATCATGCGATTGACAAAGCGTGACACAAGCTGGCTGTCGTAAACAGGATCTTGTGGTGGCACTCTTTTGATAGCAGCTGAACGTCTGGACATGAACTTATTTCTCCAATTCTCTATCTAATTATTTATTTCTTTTTGCCTTTAGCAGCAGCTGCAGGAGCAGCGCCTGGTTTGGGACGCTTGGTTCCATATTTGGATCTGCCTTGAGCGCGGTCTTTGACACCTGCGGTATCAAGTGCACCACGCACGATGTGGTAACGAACGCCTGGCAAATCTTTCACTCTTCCGCCACGAACAAGCACGACACTGTGCTCCTGGAGGTTGTGTCCGACACCTGGAATATAGGCTGTGATTTCCATCCCGTTAGTCAAACGTACTCTGGCAATTTTTCTCAGAGCCGAATTGGGCTTTTTAGGTGTGGTTGTCTTCACTTGTGTGCAAACGCCACGACGCTGGGGACAAGATTTGAGGGCCGGGGACTTAGTCTTGAATGTGACCTTTTTTCTCTCACGGCGGATAAGCTGATTAATGGTAGGCACCACGATCTCCTGAATTCTAAAGTGCGCCCGGTACATAGCCCTGCGGCTCTGATTTGTAAGGCAACGGGCTCATAGCAAATCAGGCTTAGAGTACCAGATTCTGCACCCATTTGGGAATTGGAGCCTCGAATATTTCTATATGCTTTACAAATCGCTTAAATTAAGAATCAGTTAGATTCCGTTATATATGGAATGTTGATTGCTGGTTTGC
CP064963.1_gap25	1016571	1018858	2287	CAGTTTGTTTAATTTGTCTATAAAATTACGCAGCCAGTCCATCGCATTGCTTTTGTCTGTGCGCTCTTCGCTATCGTCAACTATCCTTGCCACTATAAGTGGATTTCGATCTTTGTCGAATAGAGTTATGTCATTGCAAGGCCATTTTGACTTGTTGAAAAACATTCCATAACTAACAGGTTCACTCTCGCCACTCTCTACTTTGCCAATGGCTTCGAATAACTCGCGCTGGCGATTGTATAAGCCTGATTGGTGAGCCTTTTGAAAAAATTCTGCAAACAAATAATGTAGAAAGAATCGGCTTGGGCTGCTCAATCTGAGGACAGAATCAGATGCTTCTCTGATTACCAGATTGTTACAAGCTGCTTTGATGTCGTCAGGTGCGAAAGCGCGCGGATCAGCAATGACGTTGAACAGGCTAAAACTGGTCGCTTCGAGACTTTCGATTTTAAATTTAGAGATATTTTGGGTTGCCATCTTTGTCTAATAACTAATAGAGAGAATAACGTTTAGAGTATAAGTTTAATATTTGTGGTACATCTAAAAAAGGAGGGGGTTTGGGCTAGCTGACCTTAATGGGTCTGCCCAACAACTAGTTATAAGACATTTGGCGAATTGGGATAAATCATTTTTGAATCATCTAATCAGGCAAGGGTAGTTAATCCGTGCCTAATGCCTGTCAGTCTCAGGCATGAATTGTATCCATTGGACGTTTTTTTGGGTACTTCAACATCAAGGGATTAAATAAAAAGCCGGAAACTAGAAAATAAATGGCTCTTTTACCATCAAGCAAGAACTTAAATACATCCGCTACTTCTATTTTGAATGAAATCAAAAAGGGTGGGGATGAAAAGAGAAACGAGTTCGTCTACCTGAACCTTGAGAGGGTTTACGCTATCGCGTATATCGCCTCGGACAATCAAGAGCACGCTCAGGAATTGACAATCGAGGCGTTTCGCAATGCTCTTTCTTCTTTACAAGACAGTATCCCTAAAAAGGATAGCGGTATCACAATTTGGCAATGGCTTGCTGATTTTGTGGTGGACGCTTGTGTCGAATATCACGCCCAGAATTCGGGCATCCCGGAAGACAATCCAAATATCGACCCGGGGCAAGACGGATCCGCCAGCATGGATTGGGAAACCACTGTCCTGCTTGGAGTTCAGCGAATCAAGCGTTGCATGAGTTCGCTTCCGCCAGAGCAACAAAAATCTTTTCACCTGCGTCATTCGCTCGACCTGAATTATGAGCAAATAGCAGCAGTTATGAATCAATCGGTTGAAATGAGCATGGCAGCCCTTTACCGTGCTCGAGTGTCCATTATTAAATGTCTGGGAAAAGGATAAGATCTATAATAGAAAGCTTTTTAAGGAAGATAAACGAGTAGCCTCGGCTCTCACGAAAGAACTATGAACTGCGCCGAATTTAGACACTTAATTCAAAAAAGATTTGACGAGGACTTGAGCCGCCAGCAGTCCAGCTCGCTCGATTCGCACCTTGAAGCTTGCGAATCTTGTGCTCGTTTTGATCACCAAATGGTGCAAATGATAGAAGGGGCAGAAGAGGCGCCGTTACCAGACGAGTACATGCCGCCTAATCCAGAATCGCTTACTAAACAAGTGCAACAGCAATTGCCGCAACAAAAGGGCAATATTTTTGGTGCCATCACATCTATGTTTGGTGGTGGTGCAAAAGCACAGCAAAAATCGCAGACCTCATCTTTTCCGCACAAAAGTGGTGCTGAACCCAAAGACAAAAAAGATAAGAAGGGCAAAAAAGGCAGCTACCCTTCTATGGATGATGACGACGGCGTCACCAAGAGACTCAAATCGATGGGACGTACCTCGGCCCAGACAGAATTACGTGACAGCAGAGAGCAACAGTCGACCACAGGATCGCTTGGTCGCAAATTTGGTTTTGAAACTGGCGCCGAATCTCTTACTGATGAAGCACCTCTGACACTGGCTGAAACTATTCGTAGAAAAATTACCGAATCGAACAAGATTCCTGAAGGAACAGAAGATCAAGCATCAAGTGATAAATGGAACGCGCAATCAGGCACTGAAGGCGGACCTCCAGCCGACTGGTCACAAGGACGAGCACCAAATTCTTTTGGCAATCCCGACCCATCTATGGGTGGCGGTGGCGGCGGCGGTGACTGGAACCAGTCTCCACATGCTTTGCCTCAGTCTCAGTATGATACTCAACATCCTGGAAGTTCCATCGGTCTTGCACCACCACCTGGTGGTCCAGGCTCTTCCATTGGTATGGCTCCGCAAGCACCAGG
CP064963.1_gap26	1218371	1220146	1775	TCTGAATACACAGGCTCTGGCTCTGGTTCTGGTTCTGGTTCTGGCTCTGGTTCTGGTTCTGGTTCTGGTTCGCTATCTTCAGTAAGTAAATTGACTACTTGCTCTTTAGGACTGAGATTTTCGCTGGATGAAACTACTTCAATTTCTTGAGTCAGTTCGGCAGGATTAGTGAAGGAAAGCTCGGACTCAACGATTTCTTCAAGGAATGAGACTTCGGGTTTTCGCTCAATGATTTGAGACAACTCGGATGAATCAAAAATTTCCTGAGTGACATTTGCCACCACTTCTTCCATGTTTATTGGTGATTCCATTTCACCAAATACATAATCGGCAGGGTTCGTCGAATATTGAGGCGTCTCCTCTTCATCGAGTTTGGAGCTTGCTGCTTCGGTTTGAACTGGTGCTGCCTGTTCAGGCATCCTCAGCTCATCTTCGATCTCAACATTTGCACTGGCATTATCACCAAACAAGTAGTCGACCGGATTGAATTGCTTGCTAGATGAACGCAGCTTCGGCACCTGTGTTGGTTCCGGTTCTGGTGTCGGTGGCACCGCGGGCGGTTCTTCAGTAACTAAATCGGGCTCAGGTTCTTGTTGTACAAGTACCGGTTCTGGATCTTGAACTACTAACTCCGGCTCAGGTTCCTGCTCGACTAATATAGGCTCGGGGTCTTGCTCCACAAGCTCAGGTTCAGGTTCTTGCGCAACCAGTTGCGAAATTGGTTCTGGTTCTGGTTCTGGTTCTGGTTCTGGTTCTGGTTCTGGTTCTGGTTCTGGTTCTGGCGCAAGCTCGGGCTCTTCATCCTCATCTTCGTCTTCGTCGTTAAAAAGTGAACGACCTGATTTGGCTTTTGCAGGAGCAGACTCTTGCAAATTTTGTTCAGAACTTTTTTTGCGGAAAAAGCTATTTAAATCGACTTGCTCAGCTTCCTCTTGCACTGGAGTTTCAGCTACGGGCTCTGGTTCTAGTTCCGGTTCCGGTTCTGGTTCTGGTTCTGGTTCTGGTTCTGGTTCCGGTTCCGGCTCCGGTTCTGGAGCTGGTTCCGGCTCTGGAATCGATAGCGGTTCCTGCTCAGCGCTTTCCGCTTCCTCATCTTCATCATCGAACAAACCTGATCGTTTCGCGCGGAACGTTCCGCGTTCTGCGATCAATAGAGATTCGTCACCTTCGCTTAATGTCTCTGGCTCTGGCTCTGGCTCTGGTTCTGGCTCCGGTTCTGGCGAATACTCTGACTCTGGCTGAGGAGCTGGTGATTCCGCTTCGACTTCTGAATTGTCATCCTCATCGTCGCTTTCATCATCGTCGTCTTCTTCGTCATCGCCGAAGAGAGACTTAACGCCGCCTTTCTTGCTTTTCGCTTTGGAAGCTTTTGCAGATTTACCTTTTTTAGTTTCTTTGACCGGCTCCGCTTCTGGTTCGGGCTCTACTTCACCGTTAGACTCAGCCTCTTCAACTGGTGGCGCATAAAGCTGTTGCAAACAAAAATCGAAATCGTCCGCTGTACAGACCAGCTTCTTAAAATTACCGCTCTTAAGATAACTGCGAACTGCGTCTGCAGCAATTAAATCGTCGGGGTCAACCATCGCGACAGATGATTGTGTGCCTGTGCTGATGGGAATAAAACGGTGTTTACGCAATACTTCTTCAGGAATGCTTTTGACCAACTCATAATTCAAGTTTGTGCGAGCCAGTGTTATAAAATTGACGCCGTATTGCAGCTCAAGCGCATCTTTGAGCTGTCTTTCGTTGACCAGCCCCATATTGGAAAGTACAAG
CP064963.1_gap27	1243256	1244016	760	ACTTCTCCACCGTTTTTAACTACGGAGAAAGCGTCTTCATAAGCCGATGGAGACCCGCTCATTTCCAAAACAACATCAACGCCATTGGCAAATGATTCATTCTTTTCTACTGAGGCTAAAAATTCTTTAGACGATTTAGATACATCAAAACACTGATCAACACCAAATTGTGTAGCCAATTCAAAGCGCCGAGTAGTGTCAACCGCTTCAGTTAAATAAATACGTGCAGCACCAAATTCTTTGCAGAGCATGGCAGCCATTAATCCAAGAGGACCAGCTCCAAGGATGGCTACTGACTTTCCGCGCACATCGGCTTCATAGACTGTGTGAACAGCGTTGCCGAAAGCGTCGAGCATCGATCCTATTTTGGGTGGAATTTTAGATGTGTCGCCATCTTTTCCAAGCAAAATAACGTTTTTGTAGGGCACGCATACATATTGTGCGAAGCATCCATCTAAATGAACGCCTTTCACTTTTACTTTGGTGCAAATATGTTCGTTTCCAGTTCGGCACTGCAAGCAGTGTCCGCAGGACAAATGCATCTCGGCAGTTACATAATCGCCCTTCTGCACTTTGTGTTCTTCTGGAATGTCTTTGAATTTTTCTTCGATGCCAGGACCAAGCGCTTCCACTATGCCGCAGAATTCATGACCAATCACAAGCGGTTTGAAATCACCGTTTGGCAAGTAGCGGCGCATTTCTTTTTGAATGCCTTCTGAGCGCGAACTTAAATATATGCTTTTGTCGGTTCCACAAACGC
CP064963.1_gap28	1365897	1369385	3488	GACCACAACAGATGTTCGCTGTCATCGGGCAAGTCGTGCAAAATTTCTTTAGTCTGTCTAAAAATAGAACATGCCAGTTTAGCTACGTGCACTGCGTGTTCGACATTGGTGTTATATCGCTCAAGCATTTCCAAAACGCTCTTAGCGCGCGGGTCTTTGTGACTCTTCATGTCTTTGTGAATCAAATCTGCTTGCAAAAGCTGATCCACTGCAACACCTTCGCGCAATGCAGCGGTGCACACAGTCAACTCAGATGCACCAAGCGAGCGCATTGTCTCAAGCAAGACGATAGCACCGGCAAGAATCGTCTGACCGCGATCTGTGCTTATGCCTTTTATGCGTACGCCATCTAAAGCGCGCTCTTCGATATAGTCGACTAAATCTTCTAAACGCTCAAGCGGCAAAACCCAACCATCTAACGATTCACCTGCTCGACCCATTTGAACACGATCTAGCTTTGCAAGCGCCTGCACTGTGCCAGAGGTGCCGATCAAATTCTTGTATCCGCCTGAGGCTTTAATAGCGACAGCTGCTGGTCTTAACATTCCTCGCACTTCGTCGTGCAAGTCTGTCAGTGCTTCTTTGGTTACACGTTCTTTGGGAAAGAAGCGCTGGGTGAGTCGTGCTGCGCCTAACTTATAAGAGTCGGAAAAATAACAGTTCTCTCTATCAGCTGCAATAATTTCGGTGCTGCCTCCACCAATATCGACGATGGCGAAGCGCCCCGTCAACTGCGGCATACTAAATACGACACCAAGATAAATTAGTCTTGCTTCTTCTTTGCCAGATATGACGCGGATGTTCAAACTCAATTCGTCGCCCAGTTCAGATATGACTGCATGACCATTCTTAGATTCGCGCACAGCAGAAGTTGCAACGGCAGTAACTGATTCTGCACCTTTCTCATGGGCATGCTTGAGCATGGTTTTCAAAATCTCGCGAGCAGAGTTTTGCGCCGCTTCGTCTATATAATGATTTGTCAGAGCCTGCCTGAAAAATGGCGCTACGTCTTTTACGCGACTGATGATTTCAAAATCGTCCGACTTAGGCTCAGAGCGACAAACTATCATGTGAAAAGAATTGGTTCCAATGTCGATACATGCTAGTACCGGGCTTTTCTTTTGTCCGCCGAGCTTTGCTTTCTTAGCTTTAACTGGACCGTTTGTCGATTTAGCCATAATTCAGTCGATTACCTGAGCTGTCTTTTGCACTTTTAAAAACTGAGCGACATTCATTGCTGTTTCACTTGCTAGTTGCACGCATTTTGGAATGCCTACTCCGCTAATGAAATTGCCGGTTATAAAAATTCCCGGAAAGTCCTCCAGACGCTTTGTTATGGTCTTTATTCGATCTTGGTGTCCAATTGTATACTGCGGCATAGCATCTTGCCAACGACTTATCGATGTGTAAACCGGCTTATTTTTGATCTTCAAGTAATAATCAAGCTCTTCAAGCACAATTGCGGTAATTTTCTCATCGCTTGCTTGCAATATGCCTTCGTTGTGCACGCCACCTAAAAACGCACGCAGAATGACCTTTTGCTCTGGACTTCTGTGTTTATATTTGACGCTCAAATAACTACATGCAATGAGCGCCCGCCCGCTTAATTCTGGAACCACAAAGCCAAAACCATCTAGTTTACTTGGGTCTATATCTGATTTGTCGAAAACCATATTGACCACACACGAAGAAGCGCAGTGAATTTCACTTGCTCTTTGGGCAATTGTCGAGTCAAGCTCTGCCATTACTTTTGCAAGAGATGTGGCAGGCAAAGCCAAAATCAAAGCGTCATAAACATTTGAATCCTGATTTTGAGTAACTAAACTCCACATGCCACCTGGCTTTTTTTGGACGGAAAGAACCGCATCGTTCATTTTGAAAGTGGGTCCATTCATTTCTAATATTTTCTTGCGTAAGGTATCTATTAGAAAAGACATGCCCTTTTCATAACTATAAAAAGCCGAATAACGAGCACCTTTTGTATCCTGGTCGATCGAATTTTGTCTTTCGGCTAAGGCTTTGATGATACTACCTTTGGTGCGTTCCATAGCGACAAACTCAGGCAAACACGCTTCTGCACTAAGCTTATTTACATCACCTGTGTATATGCCACCAACCATTGGTTGTACAATTTTATCGAGCATCTCTTTGCCGAATCTGCGCTCTACAAACTGTGCAACAGTTTCTTCTGCTTCACTTTTACTTGGTGCAATGTTTTCCTCTTCTAACGCTCTTTTCTTGCCGGCTTCGCTCATAAGCTCGCTTTGCAAAAACGAGTCAATTTGCGAAGGTGCAATCATAATGAAACCATCAGGTAGTGGTATCAATTGATTGTCTTTAGCAACGAGCGACTTTCTTTTTTTAGAGTTCGTGGGGATAATGTGCGAATCTATTTCTAGCTCTTTTGATAATTCAACTACTTCAGGAGTCTTGGTGAAAAACGAGTCGGGACCACATTCAAACCGGCATTCGATACTCTGGTCTTCAATGGTTTTAAATACGCCACCAAGTTCTCTAGATTCAAACAGATCTATTTTTACTTCAAGATTTTGACTTTGAGCGTTGCGCAATAATTTATAAGCGGCAGTGAGTCCAGATATCCCACCACCAACTATTGCAATTCGTTTTAATTCATTCATTTGTTTTTGTAAGACTGAACCACTTCAACCAGATACTTAACGTTATCCACAGGCGTTTGAGGAAGAATGCCATGACCCAAATTAAAAATGTGTCCTGGACGTCCTTCTGCCTTGTCTAAAATTTCTATTGCTCGTTTTTTGATTGTTTCTTTGTCAGCGAACAAAGTGACCGGATCTAAATTTCCCTGAATACCTTTGTTGTGACCAATGATATTCCAAGCTGTATCTAAGTCTATACGCCAGTCTACACCAATTGTATGAGCATCTAACTCGCGAAATTGATTCAAAAGTCCGTTTGTTTGAGTACCAAAATAGACTATATAAGCATCCTTTGAAATTGAGGCAATCAGTTTTTTCAAGTGAGGAAGAGCGAATTCTTTAAAATCAGCAGGACTTAATGCTCCTACCCAACTATCAAAAAGCTGGACCACCGAAGCTCCGCTTGCCACTTGCATATTGAGATACGAGGCTGTGTGCACCACGAGCTTATCCATCAAGTTGTGCCAGGCATCACTTTGATGATACATAAAGGACTTTGCTTTTTCAAAATTACGACTGCCACCACCCTCAATGGCATAGGATGCCACAGTAAATGGTGCTCCGGCAAAGCCTATAACAGGAATACTGGGTCCTAGGTTATGAATAGTATTTTTAATTGACTGACCTACATAAGACAATTTTTGCCCAGCGTCGATATCAGGTAAAGCAATTACGTCTTCGGCACTTTTAATTGGCTTTTCTATAACTGGACCTTCACCAGCTTCAAAGTGCAGTCCCAGATCCAGAGCTTCTAAAATGAGAAGAATGTCAGCAAAAATGATGGCTGCATCCACTTTAAGTGCTTTGGCC
CP064963.1_gap29	1375338	1379641	4303	AGCAAAACTACAGTGGCATTATTTGGCCAATAAAAAGTGTCGTAGAATTTTTTCAGTCTATCAAGCGGCACGCCCTCAACGTCTGAGCGCCAGCCAATTGTAGGGTGATGATAAGGATGCTCGCGGAATGAAATGGCGTATAGTTCTTTTTCCAAAACTTCTTCGGGATAATTTTCGCCACGCTCCAATTCGTTTCGCACCACAGACATTTCTGAATTGCGATCTTCTTGGCGTAAGCGCAAATTGCGCATACGATCAGCTTCTAGCTTGACGCACAATTCCATATATTCGATTGGCACCACTTCAAAATAGCTTGTACGATCAAACCATGTGGTGGCATTCCAGTAAGCACCAATTTGAGTAAGCAAATCGTCGATGCCATTACCTTTGTCGGCATTGTGAGCTTTTGTGCCTTTGAAAAGCATATGCTCTAAAAAGTGGGTGGCGCCTGTGAATCCTACGCCTTCGTTGCGACTTCCCACTTTGTACAAGACCAGGATGGTCACCACAGGGGCCGTATGATTTTCTACCAGTAAAAGCTTGAGCCCATTATCATATTTATATTCGACCACTCCTTTGTCTTGCAAGACAAATTCGGCCGCTACAGCCTTCTTCGCTTTTTCCAGTGTACTTCTTGTCATCCTTAGCCTCTTACATTAATTGAATGGGCAAAAGATAAGATACCCTAATGGCGAAGGAAACTGCTTATAGGTTACAATTTCTTCTATATTGGCTTGGTCCTGGGTTATTTAATGAAAAGAATCAGCATAACTCTCACAAGCCTGAGCATGGCGTTTTTTGGTCTTTCCTGCTCAGGAGCTATGGCGTTTGACGAAGCAAAATGGCAAGGGCACACCCAGGCTGGTGCTGCTGCCTTCCAAGATATGCGCTACGGCGAGGCTTTGAAGGAATTTTCTTCCGCTTTAGAAGAATCCAAAAACAAGTGTAACAACGACCTCTTTCAAGCAATAAGTCTTACCAATCTTGGCACTTTGCACCAGACAAGGGGCAACCTTGACAAAGCTGAGCCGCTTTTCGAGCAAGCAGTGCGCATCAGACAGAAGGCACTGGGACCATTCAATACAGAAGTAGTGGACAGTGTAGCCAAACTGAGCCATTTCTATATCGCCCGCAAAGAATTTACTAAAGCCGAAGCAGTGGGCGAGCAAATCATTGGTTTTGGTGAGGCACGCAACAAAGAATTAGACGCAATGAATTCTGGCTTCAAGAATTTGAACAGTTTTTACTCCAAACATCCAAACTTGAAAGACGCTTCGGCTCTTTTAGAAAAAGCCAAAACAATTACCGAAAACAAAGTCAAAAGCGAGTATCTTGATTTAGCCGTAATGTTCGATTCGCTTGGTACTGCCTATCGCGGCATTAAAGATGATAAAGCTCAAAGCGAAGCTGAGAAACTATATAAGATGGCGCTCAATATAAGAGAGCGTTTTTTGCACGGCAATCATCTAGGTTTGTCGTCGAGCCTGGAAAATCTGGGCAAGCTCTACCAAGGACAAGGTCAGCACGAAAAGGCTATAGCGTCCTTGCAGAAAGCTTACGACATCAGTCTAAAGAGTGTCGGCATGTCGCATCCACAAACATATTCAAAACTAGATGCGCTAGCTATAAGCTTGAGCAATTCAGGAAAAACACAAGAAGCAGAGAGCTTGTACAAACAAGCACTTGCCTCTTTTGAAAAATCGCACGGACAAAACAGCGGATATGTGGCAAGCGTACTTGAGTCACTGGCTAACATGAAAGAGAGTCACGGTCACCATGTAGAGGCTGCGCACTATCTTTCGCGCGAACTCAAAATCAAACAACATTTAAATGGTCCGCACCACGCATCGGTTTCTGAAATTACAGAAAAGCGCAACTACTTGCTTAAACAGTCGCAAGGCGCAGTCAAAACAAAGACCAAAGAAATTTAAATTTAGACTGATTACAAGACTAAACACTTCCGCCAGGAACACCAACTGGAGCGTCTAACTGAATTTGAATTGAAGTACCAGCCGGTATCAATACGTCTTTGCCTTTACGCAAAAGCATATCTGCCACTCCGATGCCGCCACCTATTGCAGCACCAGACCAGGCGCCCATTCCAGCGCCATGCCCGCCACCTGCAATAGCACCAACACCAGTACCAAGTGCCGCACCAAGTCCAGCACCTGCGCCACCGCGAATTAGAGTCTGACCAGCTTTGGCGCCCCAGCCTTCTCCGCGATAAACATCGTTTTGTCCAGAGCCTTTGTTTGAATACTTGCCTAAATCACCGACCAGATGTGCGTTTATCGGGATAGACTGCCCAGTGGGAAGGCGAATAGCATTGAATGAAATGCTAAGCAAACCAGAGCGAGATAGTCTTCGTCCAGCGATAGAATCAGTCACAGTGCCAGTCACCATTGTTCCAGCTGGAATAAATCCACCATTACCTAAATTGATATTTTGATTAATTACGCCCTGGACTAAATCGCCTTGACGAGCAATCTGAGTAGAAATAGCGGTCTGCAATGTAACATTCAAGGTTTGTCCTGCAGGCGCTTGAGGCATGTTTGGCGTTTGATACATCGGAGGGTAATAACCGCTCTGCGCCCCTCCTTGGTATTGACCTTGCCCCTGGGGAGGTTGCATATAATTGCCCGAATATTGCTCGCGATAAACTGGCGCCTGATTTGGATATGGCTGCTGTTGATACTGTTGTGGCGGCTGCATCTGGTTTTGATACGGTTGTTGTTGATACTGGGGTGGAGGCTGATTTTGATAAGGCTGTTGTTGATATTGAGGCGGTGCCTGATTTTGATAGGGCGGCTGCTGATATTGCATCTGCTGTGGAGGCTGCGTTTGAGTAGGGGCGATATCCGAAACCGGGGCATATTGCGGCGCTTCAGGTTGAAGCAATTGCGACTTACCGGCTTGAGCGAAGACTGGAGCCACTTGAGCAAGAAATATCACAAGCGAAAAAATAATTGAAGGTTTGTCTAAAATATTTAGCCTCATGGCTTATCACTTACCCGCTTTTGGGCAAAATATCATTACATAGCTCTATTTATTATCCACATTTTGGCTGAAATCCGGCAAGGGCACGAATTATGACTGCAGTCGCCCCATTAAAATCAATAGACAACACTTATCTGACCATGCTGTGCGATGCCTTCGTACACTTAGACTCGGTGATAACCGATGGCGAAGTCGGGGCACTGCTTGTGAGCTCGGGCATTCAAGACCCAAGCCCAAATGCAAGCAGGCACAGGCGGCTTGGTCTGGCACTACAAATACAGCAAGAGACTGACAAAAACGCAAATAGCATTGCCGTTTTTTTGAGGCGCACTGGCTTTCACATAAACAAGCGCTATGGCGAAGAGGCTTATCGCAAGTATCGCGACGAGATAAATCAAATTCTCACATTTGCAGGCTACGAATTAGACGAGCAATCTGAGATGAAACAAACCAATCCGCTTGCCACCATGTACGCTTCGCACGAGGCTGAGTCGCGCGCCAAGAAATTGAAAGAAGCTGTTTTGATTCGCAGTCTGCATCCCGACATCCAGATGGTCTGCCGCTCTGAGTATCTGACTGAGAGTAATTATTTTAGAGTGGTGCAAGAAGCGCTCAAACTTTTGATGGAAAAAAATAAAGCCAAAAGTCAATTGCACATCGAAGGACCAACAGTGGCCGAACATGCATTTGGATTCAATTGGGGTGAGTATCCGGTTTTAACCGTGAACGAGTTCAGGACAGAAGTAGATCAAACCGAACAGTTTGGTTACATGTGCATTTTGAAAGCATTATTTTTGATGGTTCAAGACGAGAATACAAAAAATTATCGCTTTCCTTGGCAAATGAGCTTCGACGACGCGCTAGATTTTCTTGGCGTCATCTCTTACTGTCACCGCAAAATGGACGGCTCTAAAAAGGCACGCTAATTTTTCTCGATCTATTTCTGTTCAGCAGCCCGACAAAACTTGATGACGCAATAGCGGTCTGTCTCCAGTCTCGCCACATCGTTTTGGAGTTGGTATCACTTTGCCTGGATTCATGATGCCTGCCGGATCGAAAACATCTCGCACTTTGAGCATGATTTCTAAATCGTCCTGGCTAAACACAAACGGCATGTCGTGGATTTTCTCGACACCAATGCCGTGCTCACCAGACAAAGTCCCGCCCACTTGCACACAAACATGCAAAATTTCTTGTCCAGCTTTTATAACCCGCTCCACTTGCTCTTTGTTATCGCGATTATAAAGCAAGCAGGGATGCAGGTTTCCATCACCGGCATGCGCAACATTTGCAATCTGCAAATTCC
CP064963.1_gap30	1396269	1399736	3467	TGCCAGAACTTCCCGCACCAATAGCGGGTTTGACCACCACGTCCTGCCAGTCAAAATTGAGATAAGTCACTTGATTTTGCTCGTAAATCCAGTGAGTTGGAATTACCGGAATGGAATTTTTCTCAAAGTGCTGCAAATAGGATTTGTTTAAATTCCACCTGATTATCTCAGGCGAATTAATGATGTTGCATTGAACTTCGCGCGCGGCAAGCCACTTGTGAAAGAGAGGATAATTACTGCAATAATCCCAGACTGAACAAAAAAGTAGATTCTTAAAATTAGACCAATCTACTTCCATTTGATTCCAGATAACAGGACGCACTTTTAGTCCTTGCGCCTCTAACTCAGTTTTCAATAAATGAAAATCGCTTTGAAGTTCGGGAAAGTCGCTACAAGTTAGAAGTCCAATATCTAAAGATTCAGCCATGTTTATGTCGCAAATCGGGGTTAGCGCCCGAGATTATATCATCTAGACGCAATAATTTCGTCGGCAATCTCGAAAACGGCATTTGTTCTGTCCAGATTGTGATCTTTTGGAATCGGCTTGTAGTTGGCGTTCAGGTTAAGTTCCATCTTTTCGACTATGGCAATAATATCATCTGGCTTTTCAACAGGTTGAGCAAGCCCCGTTTCAATCAACATTCTTGCCGTATCTTCTTCCTGCGGCATGGGTTCGGTAATCATGTCTATTGCCATTGGAATGCGACGTGCAATCGCTTCAAAGGTGGTTAAACCACCGCATTTAGTGATGAGTAAATCGCTTGCATTCATTACATCGGACATTGAGTCAGCGTAGAGCAAAACCGCTGTAGGATGCGGCGAAGACTTACGTTCCACCTGCATTTGTTCTACCAGTTTTTTGTTTTTACCGCATAAAACTACAATTTGAATTTTCTTGGTAGATTTTTTCAGTGAGCGATATATATCTAAAATCTTGCCGCCACCAGCCGATCCACCGGTTAGGCAGACAGTCAAACAGGTTGGTTGAAGACCCACTTCGGTCCGCCATGCTTGCCTAGATTTGCTTGCCGGGCGAGTGTAGACAGGTTCTACAGGCATGCCTATCACTTTAATTTTGTTTTCGGGCAAACCTAAATTCATCAGTCTTTTTTTGGCCAAATCATTTGGTGCAATTGTGAGATCGGCATCTTGACACGCCCAACCAGTCCAAAATTTGCCATTTGGATCAGTGACAACCACTAACAATTTAGTGTTTGTCATGCCGAGTTCCTTTAAGCAGCGTGCGACGTAATGATTGACCATTGGATGCACAGAAACTACTATGTCCGGTTTACTTGCGCGTAAAACTTTTTTGATATAACTCGAGCACATGATGAAACCAAATTCCGAACTATTTGGTTTTGACCACTCGATAAAGTTATAGTAATACTTGACCCAGTCTTGTTTGTAGCGCAAAAGAAAATTATAAAAAATGACAAAAAAGTCATTCATCTTATTGCTGTTTTCGATGATATCTTCAAGCACTATATTTGGTGCGTCAGAATTTGTCTTTTCAATCCAGACTTCCTCGAGCGCTGCCACAATCGCTTTCATAGCAGACTTGTGTCCGCCGCCTGTATTTGAATAACAAAAAAGTATACTGGTCATTTTAATTTAGCTAGCTCATTTTTCGCTGATGCGAGCTTTTCCAGGTCCTTCGCATTTTTAGTACCGGCAAGACCGTTAACTGTAAACTCCAATGCTTCTTTCTTTGTGTCTAACTGCGGACCCACAAAATCTTTGCCACAGGCCTCGAAGCATCGCTGAACCGCCACCACTTTACCTTCGTCGTTATATGTCAGCCTGAAAGTGGGTCCTATAAAGGACTTACACTCATTTTTTGCGTCGCTCAGTATTGCTTTTGAAAAGTTTGGCGCAAATTTCATTTTACCTTTGTACTTTGAGTCCAATTCTTCTTTTGTCAGTCCAAACAATTCGTATTCGTCTATTCCCCACGAAACATAAGGGGTATCAGAGTCAGGCAGTTTTCCATCTACTGCCCGCTTTGCGGAGCAAGAAGACAAAGAGAGAGTCAACCCCAAAATTAAAGCTGTTGAAATGATAGTTTTTTGTCCATTCATCAAAGCAATTATAGAGGCAATATTATCCGCTTATCAGGGTTTCTAAACTTGTGATCTCGGTTATATTGAAAGTATGCGACTTTTACTTTTGCCAGCACTAATTTTGTGTCTTTGCATTCAGGGACAAGCACTTGCCGATGATGGCGATTCGGCCAGTCAGACTGCCGCCGAAAAGGCAGTGGAAAAAACGGTCCAGTTAGCTGAAAAAAAATTGGCAAGTCAGCAGTATGACTTCATGCTTTATTCGCAAATGCAGCAAGTGGCGAATTATATGAGTCAGTACTGTATTTTTAACAAACACTGGCCAGAGCCTGGTGACCAGACCGACTACGTTGTAAAGCAGCTAAATGAACTGGTGCCTAATAATCCTTACAAACCAAACCAGTTGCAAGAATCGCAATTTTTCAGCACCGACTCGTCATACCATTATGATGACCCAACCAAAGACGATTTCATTCCAGGCGCCGCGACAGGTGCAGGTACGGGCGATCCAGACAATGTAATGCCTGATACGCAACTAGGAACGTCTGCGGATTTACGTGTGAAACTAGAGTTCAATCCGTCGCTTTCGGCCCAAATGGTCAGGGACTGGCAAACTGAAGCACCACTTGAATGGCAAACGACACCGGGCTCTATAACCGCTATTAGCAACAGCCAGGACCTATTTGTCATATGGGGCGCAGGCGCAAATGGCAGACCAATTAAAAGCCCAGATGGCACGACCAGACTCTATATTGGCAATGTCAACATGTACAGCGACGACATGAGCAATTATTAGGCGTGGGTTAAAACTTCGCTCAAAGATGGCAGGCCATAAGCGCACCCAGGCAGATTTTTGCTGCGAAGCGTTATAATGACAAGAGCGCATTTACACTAATTTTCAAGTAAGTAAAAAACGTGGCGAAACGCCGGTCACAAGCCAGAAAACAAAAATCTCCATGGGGCTCATTTCTCAAGGGCACCTTTTGGGTTGTAGTCATAGGCATTGCATTAGGCGGCGGATATTTAGGCGCCTCGCTTTGGACGCAAATGCAAGATTTGCCAGACATAACTGTGCTTGAGCGTTACGAACCAATTGAAGCAATTCAAATTTATGACCGTTTCGATCATCTGGTTGCTACCGTGGAAGGTGACGAAGACAGAAGCGTTATTCCGCTTAATCAAGTCTCTACTCAAATGCAGCAAGCGATGCTGGCGGCTGAGGACCACCACTTTTTCGAGCACAAAGGCATAAACTTTTTAAGTATCATGCGTGCCATGCGTAACAATTTGCAGGCTGGACAGGTTGTGGAAGGTGGCTCGACTATCACGCAACAGTTGGTGAAGAACTTGTTCTTTACTCAGTCTGGGCGTACTTATGAGCGCAAATTGAAAGAAGCGTATTTG
CP064963.1_gap31	1404040	1408470	4430	AAGCAAGTCTTTGGGCACGAACAGGTGGCGCACCAACGCTTGCTGTGGGCATGGCGCATATTTTTGCAAGTTGTCTGAAGTCATTGCCCGGAATGGAGGCGACCATTGCTTTCTGGTATCACTTTGCCATCATGTTTGAAGCACTATTTATTCTCACCTGTCTTGACGCTGGCACACGCGTAGGCAGATTCATTCTACAAGACTTCCTGGGCCTGCTCTATAAGCCTCTAGGACGAACAAGCTGGTATCCAGCCATCCTTTTAAGCTCGGGCATGGTGGTGGCAGGCTGGGGATATTTTCTTTATCAAGGCGTCATCGATCCACTTGGTGGCATAAATAGTTTGTGGCCATTATTTGGAATCTCGAATCAATTGCTTGCAGTCATTGCTCTTTGCGTTGGCACCACTATCATTATAAAAATGGGCAAACGCAAATTTGCTTTCATAACACTAGTTCCTCTGGTCTGGTTATTGACTGTAACTGTAAGTGCAGGTTTACTCAAAATATTTAGCCCATCGCCAAAGCTTGGATTTCTTGCACATGCTGCCAGTCTGCAAGACAAGCTCAACAAAGGTGCAGGCAGTGCCGAGGAACTGGCTAAAATGCCTATCTTAATGTTTAACGACTATCTTGATGCTGTGCTTGATGGTACATTCATGGTGCTTATCATGATCATTGTAGTTTCAGCCGTTATAGCCTGGTTTAAACCGACCAAACATAATCACCAAGACCAATCCACCTTGGGTGGTGCCGATGGCGATCCGCCCATGCGTTGTTGCTAAAATATAAATAGATGGAAGAAGAAAAAGATAGCGAAGTAGACGAAATGCTTTTGACAGCGGTCAGAAGCGAGATGGAAACTGGCGAACAATTGCTCTGGCACAAAAAGCCTGTGTCTGAAGAAATTGCTTTTAGTCTTTTACCTTCTCCTCTTTTATGGCTGTGCGGACTATTCGTTTTTGCCATAGGCGTCATGAACGATGCCGCCACCACAGACAGTAGCAGGGTCTGGTCCATAATTATTGTCTTACTTGTACTTGTAGCAATCTTTGGTGTGCTTGAAATAATTTCTGTTCCCGCCCAGGCTACCAGGACAATTTACGCAATCACTGATAAGCGTGTAATGTCAGTAAAACTAAAAGGCCGCTTTTCACTACAAGAAGGACCTACTGCCGGTTATTCAAATCAAAGTCGCAATCCATTTAGAGTTGAGACCGATACTTTTACTTATTGGATTTTGTACACCCTGCCAATGCATCTGATTTTTCTGTACATAATCTACGACTGGTTAAACTCGCTCGTCACGCACTATGACGCATATAACCTAGGTGGATTCGTCTTGCTAGCAATAGGTTGGCTGCTTCAGTGGTATCAAGATTTACGCTGCCCTCTTCCACAGTTTCGAGACCAGGGCAATGCACTTTATATAGTTGGCGAGTGGCTGGTGTCCATTCAATCAATTAAGTTCGATATGCCATTTAAAATCTGGGTGCACGCAAACAAAGAAAATTTCGGCGACCTGTTTCTTTTATCAAAGAAAGGTTGCCTACGTATGCGCTGGGTCCCTGATGTGAGAGAAGCTCAGACTATGATGAAAGAACATCAAACTAGTAAATAATCTCGGGACGACAGGATTCGAACCTGCGACCTATTGCTCCCAAAGCAACCGCGCTACCAAGCTGCGCTACGTCCCGCTCCGCTTAGCATAACACGAGCCAGATTAAGGTACAAATGTCGGCTCTTCGGCAGGATGGTTTTTTGGCCTCTTATCAACGTAACTCGTCTTGCGATCTGGTTGCGTTTTTGCTGGTGTGGCCTTGGATTTGGCTGCTTTTTCTTTCTCTTTTTCAAGCATTACCAATTTGTTAGCTTCAGCTTTGGATTTTGCAATCTTCGACTCTTTAGACTCTTTTGATTCTTTAGACTCTTTAGGCTCTTTGCTTTCCTTGGCTACTTTGACTTCTTTTTTGGCTGGTTTTTCAGGCTTAACTTTGCTTACTTTAGCCTCTTCAGGCTCGCGCACACTGGCACTTGAGCCACCTTTGCTTGCTCTAATCATGCCGGACCAGACATAGCCTTGTTGACCATTTGCTGAAACACGGTACCAGCTACCATCTTTGCCTAAAATCTTGACGTTGTCTCCGCGACGCACTATGCCTATACTGCGTCCACTTTTGGGCGATGAGCGCATACTGACATTATGTACAGCCACGCCACTCTGGCGCGAGGTTACAGGAGTTTCAGCTACTTCTTCGCGCTCTTTCTTGCGCTCGATTTTTTCTTCTTTTTTAGGTTCTTTCTTTGGCTTTTCAACAATCACAGGAGCTGGTGTTGGAGTTTGAATCACAACCGGCTCTGGCTGAGTTACAGCTACTGTTTGCTCTTCGGTTACATTTGGTTCACTCTTAGTTTCAGGTAACGCATTAGCTACTTCAGAGTCGGCTTTGCGAATGCTTGAAGCCACATAGCCACCACGTCCTGGTGTTAGTGTTACAGCAAATTTGTTTCCATTAATACTGGTTAAAAGATAAGAATGACCGCCTTCTGATCTGCGTCTGCCTTTTCTGCTTGACTCAACTGTACCCACAGAGAAGGTCGGAGGCAGCGTAATTGCATGATAGTCACGAGCGGAGATAAAGTCTTTGACATCACTTGAAAAATAGCTCTTATGCGCTTCAAGCGAAGCGGGAGAAATAAGAGCAGCTGCCACCGCATACAGTGCTGAAAATTCCTTACTACCTAAATCTTGTTCTTTGACGTACTTGCCATCTTTCATTCTAAGAATTGTTGTGGTGCTTACATCTTTTGCAGGCAAAGGACCGGTGAATAACTTTTCTTCCTGACTAGATGCCACCAGATTGCCTTCTACTTTTATATCGGGCAAATTGCCAATAAACTTGGCATTACCCTGTCCAGATACAGGCGGAACCGTTTGGGCTGTCACATCTGAGAATTTGCCTTTTGTATTTTGTTCAAGAACCTTTACAGTCGGCAAACGTTTCATCTCAATGTTATTGTGTCCAAGCAAAATAAGCTTAGTGGTGCCATCGCCAGATGTAATCACACGACCTTCATCATAGACACCAAGTCCACGCAATTCATCTACACGCAGTTCTTTTTTAGAATCCTGACTAATGAGAAAATCGGTTGACTGCAACACGCAATCGACTTCGACCACCTTCATGCCTCTCGGCAAGTCGAATACAAAGACTTCAAAAACAGCATTGGGCAATTGACTCTGCAACTTGGTCAAAAGCTCGCCCGAAGGCAGATTACCACAAGCAAGGAGTTGCTCTTTAAGCGTCTTTTCTAACTGCAACTTAAGCGATTGAGCTTCTTCAGGGCTCTTAGGACCGGCTGAGATATGCTGAGCCACAGCTTTCAGCGGCACATTGCTATGACCAAAAGTTGATAACAAACTTGATGCGATAGCAGAGACGCCTACAATGAGACCAAGTCCGGCCGCTGCGACCGATATCTTAAAGCTCATTGGTACAATCTTTTTCTCGAATTTTTGCCCGCAAAAGGCGCACGAGCCGGCTGCTACAGAATTTCTCTGATTGCATTCGCCGCAGCGCATACCGGGGATACCTCGTAATCTTGTGACAGGGACTCAGAATTAACTATGTCAAAAACATGGATTCTACTACATACTTGACAAATCAAGAAGGCGAAAAGGCCTATTGTTCGTAAATAAATAGCTAAAAGATGTGCAATATATATAATTTCGCATTGTACTAACTTTATATATGATTGCTCATCTTTGCCTAAGCGGCAGGAAAACGAGGCTTGTCAAGATGACCGAAAAATACTCGCAAACAAAGGCCCGCACAGACATTATAGAAATCGCCCGGCTCTGTTACGAGCGCCGATATATCTGTGGGATGGAGGGCAACTTCAGCATTCGACTTGAAGAAAATCTCATCCTTACAACTCCGGCAGGAGTTTGCAAAGGTCGAATTAATGAAGACGATCTGGTTTTAGTAGACCTGACTGGCGCACCCAAAGACGCAAGAAACAAGCGTCCATCAACCGAACTTAAGATGCATCTCACTGTCTATCAAAGTAGACCAGATGTAAAAGCTTGTGTTCATGCCCATCCGACTTATGCAGTTGCATTTAGCGTGGCAGGCGTTGATTTGAATCAGCATATTTTGCCCGAAGTTGTAACGACACTTGGTAAAATTCCACTGGCACCATATGCAACACCAAGCACAGATGAAGTATCAGACAGCATTGCCCCTATCGTAAAGGAGCACGATTCACTTATACTGGATCACCACGGTGCCCTCACCTATGGTGCCGACTTATGGGATGCTTATTACAAACTTGAAACTATCGAGCATCACGCTCAAACACTTTATATTGCTCACACCTTGGGTGGTGCCAAAACTCTCGACAAACCTGAGATTGAAAAGCTGATGAAAACT
CP064963.1_gap32	1416903	1421459	4556	ACAAAGAAAAATATAAAGACGATAAAGCAATCGCATCGCTAAAAGTAGCTACAAACACATCGGTTGAGCCCTTACCTGATGCCTTTATTGCCATGGCAGAAATTCATTTGCGCAATGAGCGATTTGAAGAGGCTGAAGAAGCAGTTGGTGGTGCTCGCATGGCTGGCGCACCATACGAGAAGCAATATTATTTAGAAGGACTTATCGCTGAAAACAAAAAAGAATATCAAACCGCAGAAGCTTATTTTGTGTCTGCCCTTGGCGAGAAGCCCTGGAAATGGACGTCTGCCTGGATGCATTTAGCCGAATGCAAAATGAAGCAGAAAAAATGGCTTGAGTCATTGCGTGAATTCAACGAATTACTTAAAACAGATCAGCCTCTCAAAAACGAACCCCTCGATAGAATTTATAGCGACATGGGAGTGTGCGCCCTGGCTATTGGTGACCATCAAGGCGCTCTGGACAATTGGCACCGGTCACTCGATTATGACAATACCAATCCAGAAACTCACATAAACTTAGGTATGATGCTCGAGTCTGAAAAGCACTATTCAGCAGCGATCAAAGAGTACAAAGAAGCAATTAAATATCTAATTGAGCGAAAACCAAACGACCCTCGCATTCAGCAATTGCGCAATAGAATTATAAAACTGGAGCAAATGATCAAACCAAGCGAAATGGCACCACAGCGAGCCAAGCCATCGCCTTATATGCGCAAGAAAGACGAAGAGCAAGAAGAATATTCACCCAATCCAGGTCAGATACCCGGTAAAGGCAACGTACACCAGGGCGATTCAGGTTTCTAGTGCTTGAAAGTCAGCTTATCCTGGTGAGCAGCATCTAATTGCTGCTTGAGCCACTGGTGTCGCTGTTGGTGGCAGCTAAAAATAACTACTTGATTGTTTGGCAAAATCGAATCAATCAAAAAGGACATGATACCCATAAAGCGTGCGTCATCTGCTTCGCTGAAAGGCTCATCAAGGAATATCGGCAACGGCTCTAAGCTAGACAGGAAGCGCGAGATAATCAATCTAGCCATCCAGTGAATTTGCTCTTTAGTACCTGTAGACAATTTAGTAATAATATCTTTGGATTCAAAAATGTTTTGATGATTTCTAAGCTTCACTTTTAAGTGCAAGTCTTTAGAAAATTCAAGCATTTCAATTTCGCCGCTTAGTTGCTGCAATAACTCAGTTGATATTTTATTGAGCTGGACAGACCAGTCTGCATAAGTCTCATGCGATGATTGCTTGAGCATTTCATAAGCAAGTTCTAGAGCCAGTTTTGCTCGTTTAGAAATAACTATCTCATGGTCAACACGATTCAATTCTTCAAGTGTATCTAGATATAACTCATCGCGACTTTTCAAAGTGGTTCTGATTTTTACAGTCAAGTCTTCTTTTTTGTTGCGTAGCTCTTCCACTTCTTTGCTAGACATCAACTCAACTGTCGGCGTAACACGTGCCTTTGGTACATCCGCTTGGGAGGCGGTGTTTTGATGTGCCAAATGTGCTTCTAACTTTGTACTTGCCGCAATATGTCGCTCGATAAGTTCTTGCTGAGTGTTGTGTCTTGCGCTCTCATCGCCATAACCTTCGTCAATTTCAGCCAAATCTGGATGAGGCGAATTTCTATTTTCAAAAAAATCTATTAAAGATTGAACTTGATTCTTCGCCACTTCAAAACTGCCTTCACAAGCCAGTCCATTCTGGTCTAAAAATTCAATTATGTTTGCCTCGGTCAATGACAAATCTTCTTCCATTTGACGCATACGCTCATCGTGGTCATACATAGATGATCTGCGTTCCTGCAATTCGGCTATGTCTTTTCTAAAGTCATTAATACTCTCAGACAAGGCAATGGCAGACTGTGGCTCGATTTCCACCGTAGCAAGACCAGCCTTGTTGAAGAAATAAGCAAGGTCACTTTGAAGCCGTTTGCAGTTTTGTTGCTTAGTCAAAAATAGCTGGCGCAACTGTTCTTCATCAGTTTCTTTTTGCGATGGTGCCTGAGCTTGCTGTTGCAGTTTGGTCACAAACTGTTTTTTGTCAAGAATACCGCACTTAGTGGCAAGCGCACCGATTTTATTTTCTAAATTTGAAACCTTTTCATCGCCTTTGGCCATCGCAATCTCTAGCTTTTGCACGTCTTGACCAAGACTGTCATGCTCGTCTTGCTTGAAATAAGTAGTATTTAAAACTCGACCAAGAAAGAAAAAGCTGATAAGCATCGTCAATAAGCCAAGAATTAAACTTCCAGCCACGACAGGTTGAGGCAATGCCACCTTCACCGCAGAAAGTATCGATGGTGAGGCAAGCATCAAAACCGAAACAACTAAAAGACCAGCCACTCTTGCAATGTTAAAGATACGCGCTTTGTTGCGATCGTTATTCAGCTCAGAAGATTTGCTTTTAGTTTCATTCAATTTGCGAGCAGTTTCAGAGGCTTGCTCTTTGAATGCCACCAAAAGTGATGCATAACTTTTAGCTTCTTCAACTTCTTCAGGAGTTAAGCCTTCGAAATGATTCAGTTTCGCTTTAGCTGCTTCGTATTCGCCGGTCCCAGCACCATTATTGACCAGCGTTGCAAATTCTGGATTCTTAGCCTTCATATCCTCCATTTGTTTGACCAAATTGAACAGATTGACTGCGTATGTAGAAATAGTCTGAGCTTCAGAATTAGTGAATTGATCTAAACCCTTATAGTCGGTATAACGGTCCATCACTTCGCTTTCACGTGCTGCAATCTCGGCTTGATGAGGTTCAATATATTCATGCAACATATTAATATCGTTGACTATGGTTTCCTGCTTGTCCCAAAGTCGCATGAGAAAATCCATTTGTTCTTGCGATATGGGTCCATCATCAGTATGAATACTTGCAGCTTCAAGTAATGCTTGTTTCTTTTGTTCTTGATTGCGTAATTTTTGAATAGCAGCTTCAATGCGTTTTAATTCTTCTCGCAAAGCTTCAGCTTCAGCACTTTCTGCAACAGTAGGCACTTGAGCCGGCTCTTCTTCTACGCTCTCTGGTACTTTCGATTCGGATTTTAAATTTAGCTTTTCATCGATAGCTTGTATCTCAGAAAACCATTCTCGACACTGTCCTCGCTCGGCATCCATTGAGCGCATGCGTTTCATCAAGTCGCTTCGCTGTCCTTCTAATTCGCGCAGAAGCTCGTTAATGTGACAAAGTCTATTGCCATGCATAAAGCGGCTTAGAGTGTGACTAATAGTCTGCAAGCCTGCACTAACCTTAGTATCAGGCGAAGACGAATCAGCAATTCCTTGAATCTCAGCAGCGACCGCTGTAGAGTCGGTCATATGATTTATTTCAAGATGTCTTTGACCGACAAGACAGGTATTTCGAAAAGTATCTCTATTCATTCCAAGTAATTTAAAACCAACCTGGTCTTCGTTTTCATTGCCCAGATATTGTGGTGTCACATCGCGCAGACCAAAATTCAAATCTAAGACTTGCACAGACTCAGATTCGAAATCGCGAATGATGCGCAATTTTTTGTCACCGATTTCGAGATCCATACTGGCGCAATAAGTAGCATCTTCCTTCCACGGCTTGTATGTGTCTTTTTCTGGTAGACCGTACAAAATAGCCCATGTAGCCTCGACCATAGTCGATTTGCCAAACTCGTTTGCTTCGACTACCAGATTGAGTTTGTCTGCGTCAAAGTCTATTGTCCTGTTTGTCAGGGCACCAAATCCTTCAAAATCGATTCGAGTAATTTTCATGGTTTATTTTTTAATTTCTCAATCGACATGACGGATAGTTACTCGTTTTTGCTTAAGGGCATCAAGCCCGTAATAGAGCGCATCTTCAACAGTTTTAGCTGAAATAAAAGCACCGGGCAATCCAGTCAAGCTATCGCGTCCAGATAATTCTGCCATCTTGCGCTCAGCTTCTTGCAAGCGTTGCAACATGCGCTCGACATAACGCGCTTCGGTAGTTCTTGGATCAAATTCTTGGGACAAATAATTTGGTCTGGTGCGATTGACAAAAATCAGTCTATAAAAATCTGACTCAATGTCTTTTATCACTGCAAGCGGGTCTGCCTCTGGAGCAAACGACCCCTCAAGACTCAGCGCCACTATATCGTGATCTGGACGCACGTCTTGCTCTTGCATACAGTACTCGATTTCTTCTTTGATGGCTTCAGCATCAAGACCCGTTATATCAACAGCCAGATAGACCAATCTAAAAGATGAAACTTCAATTGGTTCAAGCAAAATCTCTTTGCCACGCTCGGGATCGTATGATATTTGCCCCAGTATCGCCACTTTGGGTCCTAGCTCTTCAAAAGTGGAGCTGCTAAGACAACCTGAATATGCCCCGAGCACACGTTGGTTTGGAGCATAAATTGCAAACAAATCTGGATATCCGCCAACGGCAGCGTAGTCGAAATCCTGTCTTTCAAGCTGTTCTTCGGTAAATGGAGCGGGCTTATTTGGCCCTGCCAGTTGGGGATAAATCGGTCCCTGATATGATTCGAGCGCTCCCGAAAAGACAAGAATATTAAAAAGGCTGGATTCGTCTTTGGGC
CP064963.1_gap33	1441477	1446343	4866	CAGACATTTTGGCACCAAGCGAATCGTGTGCATAAAATGTATGGCGACCTTCAGATGTGATTTCCCAAGTTGCGGGCTTGCCTATATCGTGCAATAGAGTGGCTAGTTTAGTTACCGCCAACCTGTTTAGTTTGTGACCTATGATTTGATTGCAAGATTCTTTTAACTGCAAAGATGCGCGCTCATAAAAGATTTCCATTTGTCGAACCGCTTCCAGACTGTGATCCATTAAGCCCAAATGGTGATAGGCATTTGCTGTCACCACTCGAGTAGCTGCAAGTTCTGGAAAAACTGCATCCAATACTTTGTTATTGGCCATTGCTTGCAAATGCAAAAATGTATTTGACTGACTAAATAAAGCGAAAAGTTCAGCGCTTATGCGCTCTCCAGCCACGCCAGTTAGCAAATGGGCATTGTGAGCCAACCAGTCTTGAGTTGTATTGTCTATTGAAAAAGAAAGTGCGGCGCTGAATCTGTAAGCGCGTAAAATTCTAAGCGGATCGTCTATTAGATTAGCCTGGCTCAATGCTCTAATCATGCCATTCTCGATATCGCGCAATGCTTGCACTTTGTCGATTAAATTTTCGGGATCTAGTGGATCCCAGGCTAGGGCATTAACTGAAAAGTCTCGACGCATGACATCAGATTCGATACCACCGCCAACGCAGGCAGCAAAATCCAAATTGACTTGATTTTGTGTTTCACTATTCAAGACTACTCTAGCAGTGTCGTTCTTCTCGTCGAGTAGAACAAAAACACCATTTAGTTTTTCACTAACAAGCCTTGCAAATTCAATCGCACCTTTTTCAGTTTCACTTATTACTGCAAAATCGTAATCTAAATAGTGTGAATTAGAACTAGAACCAGAACCAAATGTGGTATCACGCTTTTTTAGAATCTGGTCTCGCAGATGTCCGCCCACTAGAAATATACGAATGGAAGCGCCTGCAGCGATGTCGTTCACTGCTTTGATATATTCGTCTTGCAGTAAAGCGGACCAACCCAAATTAAATAGTTTCCGCTTTTTGCGTATTAGCCAGTTGTTCTACTTCGCTTTGAACACCGCGGAATTTTCCAGCAACATAAACCAGTCCACCAACAAGACTACTTAAAGTCGTCAGTCCAAGCCAAATAAGAGCAAAAGTCAGCGCAGTATCTTTGTCCACAGCCATAAGAGTCAAGAAATAAGTATATGCCCATTCGCGCACGCCTATGCCGTTTATGCTTGGGGTGACAAATCCAAGCACCGCCACAGATGGGTAGAAGACGAAGTAATACCACAGCGGAATTTTTATTCCAAGAGCCAGTCCCACTGCCAAATGGCACAAAACAATAATGACCTGGATAATGACAGATTGCAGAATGGTAGTGAAAATAAGACCTTTATCTTGCCAGAAGACTTTGGCTGTGCCTTCGTTCAATTTTTTAGATAGCCAATTTTGCGGTCCCAAAAATTTAAGCGCCAGTTGAGGCATAAATGGAACCACGAAATAAATTCCAAATGTGGCAAAGAAAATCGGCAATTTCAACTGCACAGGCAACTGATCGCCGCCCGGTCCGAATAAAAGACCCATCGAGGCAAATAATAAAAGCACAGCAAGCCCGCTTGCTCTATCGACAAGGACCGAAGTCAGGGCATGTAAGTGTTTTCCCGTGCCTTTGGACAAATAATAGCTGCGGCTGAAATCGCCGCCTACAGTGGATGGCAAAAATAGATTGAAGAAAAGTCCAACATAGACATATTGAGTAATTTTGGACAGAGGAGCAAAAAGTCCAACTGCGTTCGCCAAAATCTGCCAACGATAAGCGTTTAATATAGGACTGAGCAAAAATAAGACTGTAGCAGCAAGAATATAGCCTTTGTGAGCGCTCAAAGCAGCATGCCAGGCTTTGCTTAAATCGACTTTGCCAAAAAGAAAGAGCGAAAGGAAAAGTCCTACTGATATAAGCAGTTTGAGCCTGGTTTTGGCTTTACTGGAAAGATTGAGGCGGTTTTTCAGGGCTTTAAGCCGACTTAAAAGCGAAGGCGATGAAGCGTCGCTTGAAATCGCTCCGCTTTCTGTTTTGGAAGAAAAACTTGCTTCTGTGCGTTCTTTTAGTTCGATACTCACGTATTGATTGCTCCTGCATCTGATTCTAGGTGAGCGAAGCCCAAGCTAAAACTGCACTTTTTTAAGGTTCCTGACAATGCCTTATTTGGCAGACCAGAACACCTCTAACAGGCTCTTGAATTATGGCACCAGCAAGCAACTAACAGTTCAGGTAAAATTAAACTTAGACATCTACTTTCTCTAAAGTCATGTCTTTTTCCTGCTAAGTATTGAACAAAGTCTGGTAATTAGTAGGCATATGTTGGCACAATTACAATGTATAAGCTTCCCATCTAATGTCTGAGGTCATTTAACTTGTCAAGCTGGAAATCATTCACGAAGGCACGCATCGCAATTCCTTTGGCTAGCTGTCTTTTATTTCTGGGTGTTCAAAACTGGATAATCGCCCAGGAAAGAAATTCCGACCATCCATACTTGCTTGTGGCTGATGGCGGTGACAAGAAGAATTCAATTATGTTGGCTCAAGCCAAGCGCACGGCAGTTTTGCCGCAAGTGCTTTATTTCAGAGCCTGGAAGCTTATCAAAGACACTTATTATGATCCCAAATTCGGTGACCAGGACTGGGACCGTTGGAAAAACAAATACAACGGCAAATTGAAAACACCTGACGAGTCGCACAAAGCAATCGAAACGATGCTTTTCAGTTTAGGAGACCCCTACACTCGTTTTCTCGATAAAGAAGCTTTTGACGAAGAAAAATCGCAAATCGAAGCGCACTTATTTGGCGTCGGTATGCAGTTGGGTATGAACAAAAACCACAAAGTGGTGGTTATAGCCCCAATTGAAAACACACCTGCCTACAGAGCTGGCGTTAGACCAGGTTGGGAAATTACACACGTTGACGACAAGCCAGTTAATGGCGAATCGCTCGACCAGGTTGTAAAACGCATTCGAGGCGAAAAAGGTACTCAGGTCAACATTTCATTCATGGCTTCGGGCAAGAAGAAAAAAGTTGACTTGATGCGTGATGAAATTCCAATACGCGCAGTTGCAAATGCCGAAATTTTACCTGGCAATATTGGCTATATTCGCCTAGATAGCTTTATTTCTTCCAAAGCTAATAAAGAAATGAAAGAAGCACTCAAACGCGTGGAAAACACAGACGGCCTTATTCTCGACTTGAGAAACAACCCGGGCGGATTGCTTACAAACGCAATTGAAATCGCTAACATGTTCTTGAAGAAAGGCGTCATTGTAAGTGTTATCGACTCTGACAATTACAAGAACTCGACTTTCTCTTCTAACTCGCCTATCAACAATCAACCGATGGTTGTGCTCATTAACAAAGGTAGCGCTAGCGCTTCCGAGATTTTGAGTGGTGCTCTACACGACAATGGACGAGCAAAATTAGTTGGTCAAAAGACATTTGGAAAAGGCTTGGTTCAAGCTATCAACAGACTTGACGATGGCTCTGGTATCAATATCACCATCGCCAAATATCTCACACCAAATGACACCGATATCCACAAACACGGTATCCAACCTGATTACAAAGTAGTCTTGAAAGACAAAGACTACGAAGCAGGCAAAGGTCCCTGGTGGATTGACCTTAGCTACAAAGAGTTCGACAAATCTCCTACCGATGGAAAAGACGTTCAGCTCAATAAAGCAATTGAAGTCATAAAGACGGAAATAAACAAAGACAAAAGCAAGTCGAATGAAACTGCTGATGCAAGCACGGTTATTAAGAAAGAAACCGCAGCTGCAAGTGCAAGTGGAAGCGATTCAAAGAAAGAAGATTCGGACTAGCTAGCAGCTAGCAGTCCATGCCTTCAATTGCGCGACCATGATGCTTGAGCTGAGTGGTCACAGATATTGTGGTGGCTTGCGACATCAGCCAGTCAGGAGCTTTTCTGCCGGTCAAAACAAGAACGCTCGGATCTTTTCTGTGTGCGAAAGCTTCTTTCACTTTGTCCCATTCGACTAAGCCAACTCGTGCCACGTCCAAAAGTTCGTCACCAATGACGATATCATCGCCGCGCTTAAGCGCCTCTGCAATGAAGTCTAAACCCTCTTGAGCAGCCGTTTTATCTTCGGGCAAAATTCCATTTGGTGCGCTATACAATCTAAAGCTGCCACCAGGCCCGGTGCCGATACGATTGACACCCGTGTAATGAATATTCAATTTGCCAAATTCATTTTCACCAGCTTTTTCACCGGCTGTTTCGCCCGCATGTGAGGCAAGCAATTGCATGGCACGCCCTTCACTAGAGTTTTCTTCTCTTTTATCGAAAAAAACTAAAGTGACATTCTTGCCAGTGCTAAGCGCTCTCATGAGCAAGCCAAAAGTGGCAGTTGATTTGCCGCAGGCGGTTCCAAGATAAAGCCTAATGCTTTCCATAAGTTCTTAGTATATAGTCAGGAGCTTCATCTTGACTTGTTTTTGCTTCTATTAATTCGCTTTGATGACTCCACCACTGCTGTCGGATTTCCGTGTTCGTCCACGCAAACAAACGTTAGATCAGCTTCTGTCACGTGAATCGATTCCTGCTGGCGCCAAACTTCAACATCAACATGCACGCTTATGGAGGTGTTGCCCACTCTGGTAGTGGTTGTGTAAAAACTGACCACCTCGCCAACAAACACAGGAGCTCTAAAAGATACCTCTTTGATTCCGACCGTGACCACCTTTTGCCTGGTAGTTTTGCCCACTTCGACAGCACCTGCAAGGTCGATATAGCTAAGTATGATCCCACCAAATATAGTCCCCTGGCTGTTGGTATCGCGAGGCAAGAGCACCACACGAATTGAAGGT
CP064963.1_gap34	1450122	1451936	1814	CTTAGTATCGACGCCTGGAATAGTCTCATTATCCACCAAGCTTGAAGAAACGCGAGCAATAGGACTGTTTACAGCGCTCGATTCGCGACGCCCTTCAAGCATATCTAGAAAAGCGCGAGCGCGCCCTTTCTCGGCTATTTCCAAAGCCTGGTCATATTTCTGATCGCGATTTAAAAGATCAATTAAATCGAGGAAACAATCTTCGCGCAAGCTCAAAGCTTTAGTTTTAAAGCTATCACGCGAGAACTGACGACGTTCTTTATCAGCAAGAGCTACTGCTTTTTCTAAGTGAGTGCGAGCATTTTGATTGTCGTTAAGCTTCAAACATGATTTACCAAGACCGGTAGCACAGTCCCACTGACTCTCGATATTACCGATGGTGTCTGCAAGCGTTGCTGCTTCTTCGTAATATTTTTTGGCTTTACCAGCTTGTTCTAAAATTAAATAAGTTAGACCAAGTCCACGCAAAGCGTGACATTCACCCAATTTATCTCCTACTTCTTTGTAGGACTGGAGCGCTTCTTCATATATAGGTAGAGCGTCAGAATACCTACTCTTATACAAACAATACTGGGCGTAATTATAAGAAAGAGAAGCTTTTACACGCTGTTGATTGAACGCTTTCTTGTCGTGAGCATTAGCAGCACTATTTACATTGGCTTCACCTGCGGTGCCAGCCTTTGCGCTATCGGCACCTTTGAAAACATTTTCAGCCTCGGTGTGATACCGCTCAAACTCGGCTAATCGTCCAGTATCGAGGTAGGCTACAGCCATACTGTCGAGCATAACAGCCTGTTCAACGGGTCTTTGACTCAGTCCAAACAATACGGCTGCATCTTTATAATATCTAATTGCAAGATCCGATTGACCAACTGAGCGATAGCCCATGCCACAATCACGTAAAATATTCGCTTGTTGAATTTTAGAGAAGTTTCCGGTTTTCTCCATTAATATTTTTGCTTTCAGGAATTTTTGCAGAGCTTTTTCAGTGCTGCCATTCAAAAAATAATCAAATCCTTGCTCTGAGATTGCTTCAAGCTCAAGTTTCTGGTTACCTGCTTTTACTGCAATTTCTTGGGCACGAACATGGTCTGCTTGCGCTTCCTCGAATTGTCCCATATCAGATTTAGCGGCGCCAAGAGCAATTAAGCAACTAGCTTGAGTGGCATAGTCTTTTTCGTTTTCTAAAAGCGCAAGAGCTTTGCCCAAAGTATTTATTGCTTCTTTTGAACTACGCTCGATTAAATAAGCCTGTCCCATTTCGACTAGCACTCGACCTTGCATGTCGGGCTCGCCTGCATCTTCGAATTCTTTTGCTGCCTGAGCGTAAAATTCAATTGCTTTTGGTGGCAACGACATATCTGAATATGTGCGACCAAGTTCGAATAAAATTCTGCCAAATGCAACGCTATCAAGCTCAACATCAGCTTTTTCTTTTGCTTCAAGCAAAAACTTGAGGGCTTGTTCGTTATTTTTTTGCAAACGCGAAACTGTTGCAAGTCCAGTCAGAGCCACAATCTCGCATTCGACATCTTTGACAGATTTAGCGAGTTCGCAAGTATTGTTGTAAATCTCGGTAGCTTTGGGTAAATTGCCCAATTTGATGTAAATGCTCGCTAGCTGCGGCATTATTTTGGCGCGCTCTTCAGTTTTTTTCAGCTCTTTGCATACGGCTATAGCTTCCTCGTAAAGCTTAATTGCTTCATCCAGTTTGCCATCTTTTTTGTCTTCGTGAATAAGAACCTGAGCCAGAGCAATTCTTACATGCACGCGCCCAATAAACGCAGACGCAGGCGCATCTGATTTTTTGCCAC
CP064963.1_gap35	1488969	1492777	3808	CGTATCATCGGATTGCTGGAAGCGCGCAAAGACCAGATAGAGCAATACCGCCTGGTGCTCAATCGTTATCGTCCTGCCATGGTGCAAGCCAATGACATGATGAGTATTGACGATGTGTTGGAAATCTTGTCCGTGAAATTACTCGGAGTAGTGCCCGAGGATGAGGACATCATCATTTCCACCAACAAAGGCGAACCGGTGTCCGGCACCGATAACACAAGATCTGGTCTAGCTTTCCGCAATATTGCACGTAGACTGCGTGGCGAAGATGTCCCATTAATGGACCTCGAAGTCAAAAGCAACACTTGGATCAACCGTTTAGTCAATTTCTTCGCGCCAGTGAAGGCTTAACGGGGGGTATGAAAAATGCAAGAAGTTAAGAACCAAGTAATGAATTGGCTCAGCCAGTTCCGCCATTCCACCGTTCGCACCACCGCCAAAGACCGCATGCGCTCAATGCTTACGCACGATCGCCTCGAGTTGCCGGCCGGTAGGTTAGAATGTCTGGAAGAGGAGTTGATGTGTGTCGTGAACAGATACTTTGAACTGGACAAGACCACAACAAGATTCGACCTGGAACAAGAGCCAGATCGAAAAGCTTCTCTAATAGCTAATTTCCCGCTACTGCGGTCCAAGTGCTAACGAGAACAAGTTGACCTCATCAGTCCGAAATAAAAAAAACATAGACGATATAGCCGGGCTTCTCGCCCGCAGCATAGCCGGAGTTGACCTCTGGCTTTTGCTTGCTATTGGTTTTCTTGTTTACATCAGTTTGTCTGTGCTCAAATCTGAGCACACGTATACCTACTTTGTAAAACAATCTGAGTTCTTGTGGGCGGGCGGTGCCTTGATGATAATCATGGCGCGCATACCCTATACGTTTTGGGTGAAGCCATGGGTGATACCAGTTATTTATCTGGTCAATTTGGCCATGCTAATTTTCGTTATGATCAAAGGGCACTCAGCTCAAGGTGCGCAACGCTGGTTGGCATTAGGACCACTTACACTGCAACCTTCTGAAGTATCAAAAGTGGTGGTAATTTTTACCATCGCAGCCTGGTTCAAACATTTTCCAATTCGATCATTTTTTGATATTTTCAAAACTTTGATAGTGATAGGACCGCCAGCCTTCCTGGTTTTCAAGCAACCAGATTTAGGAACATCACTTACATTTGGCGCCATGTTTTTAGGCACATCATTTTGGATGGGCGCAACACTGCCAGATATCATAGTTTTAGTAAGCCCTGTGGCAAGCCTTGTGCTGAGCGCATATTCGATGCAATGGGTCTTTTATTTCATGGGTGCCCTGGGCATCTTTTTGCTTATATTTTGGCGACGCAATGACATGAATTGGATTCTGCGCATCGTGCTAATACTTGCAATTCTCGGCGCAAACTATGGCGTGGGATGGGCTCGTCCACATTTATGGGGACACTTGAAAGAGTATCAACAAAAGCGTCTCACTAGTTTTGTAGACCCATATTCAGATCCACGCGGCTCTGGTTATCACATTTTGCAGAGCTTGATTGCCATCGGCAGCGGTGGCGTAACAGGAACTGGTATCGGCAAAGGAAACCAGAGTCAAGGTGCCTTTATTCCCGAGCGCCACACAGACTTTATATTTGCTGTAGTGGGCGAGGAACTGGGATTTAAAATTTGTATTTTTGTAGTTATGGCATACGCAGTAATTTGTCTGCGTGCACTCGCCATCGCTTTTCGAAGTCGCGGTGATCCTGTCGGAAGCTCGATGGCGATTGGAATTATGTGCATGTTTATTTTCCACGCATTCATCAATATGGGCATGACCATGGGAATCATGCCAGTTACCGGTGTTCCGCTTCCGTTCCTGAGTTATGGAGGAACGGCGCTCATCATCGATATGGTTTGCGTTGGATTATTACAGTCGATTTATTTTTATAATCCGCCCGAAAAGAAAGACCCCTGGGGTCGTTAATTACTAGCAATATCTAGCAATTCGCAGCTAAGGTCTACTTTTGCTGTAACTTTAATTGAGTCACAATTCACCGGAGTTGCTTTGGGTGAGGTTTCGGTGTACGTATCTGAAATTCTTACAAATCTGCCCAGTTTTTGACTTGCTTCTTTAGCTACAAATTCAGCTCTAGTCTTAGCCTTTTCAAAAGCTTTACTGAACGCTTTATTCTTCTGAGATTCAATTTCACTGTTTTCAAAATGTATCTCGCGCAAATAATAATCGTCCCACTCAGCGATTTTTAAAGCTAATTCGGGCACCGACTTCATCGTTTGCGTTTCGAAATTAACAAATCTGAGAAGCCGATATGACTTCGCACGATTCATTTTTATAAAACTCGAACTCTCTTGCGACAAGTTAATATATTCGTGCGTCTGGGTAAAACCCAGAGCTGAAGCAAGCTCTTGCAACTTCTTCAATCTGGCTGTATTGATCTCGAGACTTTTCTTGAAAGTTGCGCCATCGCTTTCGATCATGATCAAAAACACTGCCTTGTCAGGCTTAGCAAACACATCTTCGCTTGCACTCACTGATACCACCCGGGCATTAGTCAAAAGTGGAACTACTTCCTCATTGGCATAAGCGCCTTCTGAAATAGTTGCCGTGCAAATAAAAGCTAAAGCCGCGAACAAAGCCTTGCGCATAACATCCTCCTGGAGCTTGAGCAAATATTAGCAATATCTAGCTTTCCTTTTGCTAATGACAATTACCTCAGAGCCAACTAAAATTGGCCAAAATGGCACTCCCTAAAAGCAAATCTGGATATTTTTTCCTGGCGCTGGCGCTCTTTGTCGTCGCTAACTTTGCTGCGGTCATAGCCAACAAAAGCCTCATATTCTCGGTCAAAGAAAACACAGCCGTGTTCCAGGCTGCCGATTCTGCCGTAAACCAGTACCAAGCTCTGAAGAAGACCCCAAACATAGTCCTATTAGGCTCGTCCCTGGTCGCAACCCCTCTCTGGTGGGCAGATCGCGACATTGTGCCGAATATCAAAGACTTCTATCATCACCATGACGCAGTGACGTTCAATAACGCTCTGCGTGCCAATGGAAACAACGAAGAAGCTTATGCTTTCGCTCTTCCTGGTGCCATGGTCAGCGACATGTACTTGATTGTGGACAAAGTATTTCAATCTAAAAAGAAGCCAGATGTTGTAGTTATGGGCATTTCGGCACGCGACATGATGGATGACTTGCTTACTGGAGAAACGAGAACACCAGTATTCAGCAGGCTTTCGGATCTATCCGACTTCAAAGGCAATCTGGACTTGTATCTATCAACACCGGCGGAGAAGCTGGATTTTGCTCTGAATAATCTTGTTTTTCTTTATGGCAAACGATATCGATATCAGCTCAAAGTCTCGCAGTTCTGCGAAAAAACAATGAACAAAATTCCATTGCTAAAAGACCCAGAAGCACAAAAAACGACTGCCCAAGCCAAAGAAACACAACCATTATTTGCTACAGGACTTGGCACTCGCCAGGAGATGTGGGACCAGAGCCGCAAAGAATATCAAAAACGCTACGAACATTTTAACAAGCAACAGTTTGATAAACAGTCGGTCTTCCTCTCCAAGCTGCTTGAGCGAGCCAAAGAGCGCAATATCAAAATGATTCTGGTCAATATGCCTTTATCGCAAGAGAATAAATCGCTCATGCCACCTGGACTTTACGAGGCCTACTATCAAGGCGTAAAGCATGCCGCCGAATCAGAAGGCGCATCGTTCCTCGATCTTAATCAGGGTGCGCTCGTGTCTGAAAATCTATTTCTGGACACCGCACATATGAACGCTGATGGCGGAAGAAAGCTATGTGGCGA
CP064963.1_gap36	1520756	1522105	1349	AGATGCTATTGATGCTCTAGCTGCACAAGGCACTGACAAGACCCAAATCGAACTCGATTTCTATCAGGCACTCATAAAACATGACAGCGCTGCAGCTGCCACAGTCGCCAATCTTCAACAAGCAGCACTGCATAATGCCACCATAAAGCACGTCGAAGATTTACTTGTAAGCGTACAAAACGCTTCTGGAAATCTAACTGAACTTGCTACACTGCGAAGTAATGCCCTTGAAGCATTAGTAAAATTGGGTGATAATCCCGAAGCTCTCGCTATGCGGGCTCGCATTCTTTCTGCCTTCGAGCAAAGCCAAGATCCAGTGACAAAAGTCGCAGTAGAAGCGTTTGCTTCTATAAAAGGATTGAGCAATGAAGAAACTTTATCAAAAGAAATAATGCTTGCGTTGTCGCGTGGAAGCGAGCAAGAGTTACAACTAATTAAATTGAGTGCAATTAAAAGTCGAATTGCCACTGGCACTGACGCTGCCGAAACGCTTAGACAAAAGGCTTTAACTGTAATCAGCAAATTGCCAGCTGAATCACAGGCTGCAGAACGGCTACAACTTCTTCGTCAATTACAAGACAAAGATCCAATTTCAAAATCGGCTCTACAAGCACTAGAATCACTTGAAGGACTGGACGGCGAAACAAGAGCTAGATTCACTCTAGGCATACTAGAGGCGCTTGAGCAAGGAAATGCAAACGCAATCAAAAGTGTTCAGATTTCCACTTTGACTCAGAAAATTATAAATCAATCGGGCACTGATACCAATCTATTGAGCCAAGTGTTGAGTTTAATTTCCACTCTGGGCAAAGATGCTAGTTCAGCAAGAATAGATTTTCTCAAAGCAATAGAGAACAAGGTGGTCGCGGCTAAATCTGCTCGCGAAGTGCTTGAGCGTTCATTGGGCACAGAAAATGAAAGCGAAATGACAGCGCGAATACTTGGCGCACTCACAACAAATAACAACGAAGAATTAGCTCGCATCCAGGTAAGTTCGATTATTTCTAGTATCGAGCGTGGTGGCGGTGATTTAAATGCCGCAAGAGAGCAATTGCTCGAAGCAATTTTCAAACTGCCAAATCAAGAGCAACAAACACAACGACTGCTTGGTTTAAAAGCACTCAAAGAAAAAGGTGACATTGTTGCAAAATCGGCACTCGATTTAAATGATGCCTTTGCCAAAGCGTCACAAAATGCCCTTGACCTGGTATCACTGGCAAAGCTAAAACAAACATTGCCACAAGATATAGATTCGGCATTGGCTGTTTTTGGACGCAATAGAAGCCACTTCAATTCGCTTGCAGAATCAATTGCGGCATCATCATTAGATAAAATAGGCACACTTGATG
CP064963.1_gap37	1558980	1562016	3036	TAGACGATTACGAGTCTCGATATTATACATTTCTAAGAATTGGACTGGCATCGCCCATCTCCATTTTTTACACACCAAATCCATCGACTATCAATTTACTGTGTCGAAGACTCAAAAATTTCGCACATTCTCTAATCAAAGATATAAAAGATGGCGATATAAATCCACCAAACCCGCTCCCCTCCTCAATTAAAAAAGCTTTGCAAGACAGCGGTCACATGCGCAAAGACCCACAAAGAGCACGCGAGCTTGAATCATTATTACAAAGAGGATTGTTCAAGCCCGACACCATTTGGAAAGACCTCGCTCTAATTACTTGTTGGACGAAAGGTGCAGCCGGATTTTATTTAAATGATTTTCCTTCAACACTAGGTGACATTCCAGTTTGCGATATCAGTTATTGCGCAAGCGAAGGCAGAGGAACAGCTGTTTTAGCGGCAGACAAACAATTGCTTGCATTGAATTCGCACTTTTTTGAATTCATTCCCGAAAGTGAAATTGACTCTAAAAATCCCACCGTTCTGCTTGCAGACGAGCTTGATGTCAATCAGAATTATTTTGTTTTGTTCACTACATCTGGTGGTTTGTATCGCTACAACATAAATGATGTAATCAAAGTGACTGGCAAACACAATAATGCTCCTTTGATTGAGTTTCAACACAAAGGCGGGAACGTACATTCATTTACAGGCGAGAAGCTCACTGAAAGCCATGTCACCCAGGCCATGAAAAAGGTGGCAGATGAATTAAATCTGTCCATTCGCTTTTTTACTTTAGTTCCGCAGTTCAAGCCTGAGCCACACTACCAACTCTGGCTCGAACTAAATGATTCAAGTAATCAGAAAAATTTCGATGCAAAATTACCGGTGGAAAAAATAAGTAAGCTGCTCGATATAGAAATCGGCAAGCTTAATATGGAATACGAAGAGAAACGCTCTTCCACAAGACTCAGTCCCATCGTGTGCCATCAGATAGAGCCAGGAACATATGAAAAATTACGCTTGCATTTGGTTGCTCAAGGAACGCCAGACATCCAAATAAAAGTGAGCCATCTAAATCCCAAAGCAGATATCAGTCAGTTTCTAAGTAATGGTCTTTTGCCTGTTACAATCCTTGGATGAGGACGCTTTGGCTTGGTTATTTTCTAGTGGCATTCTCGGCAATGTCGGGGATGGCAAACGGCTTTGAGTTTTCCAATCCATATTCGATTGCTTTTGCTGTAATTGCTTATGTTTATTGGACATATCTGGTTCTTTGTCTGCACTTAGAACTACGAAAAAAAGACTCAAACTATCCTTTTGATCCAGGCGACTCTATGCTTGGTGCCATCATTCCTTTTGTATATATTTTCTGGAACTGGTTCTGGGTATCAGAAATATACAAATGGCTCGGCCAGTCCAAAATCAAGGCATTAACACTGGGTGCACTGGTGTCAGTTTTAAGCCTTGTCGCCTATCCAGATAATTTAGATCGATTGCCTTCCTCTATAAATTTAATTGCACTTTGTGGCTTGTTTGCCACAATAGATGTGATAAATCGCAAACTGAAACAAGTTTCTCGATGATACGGGACCAGACATATTTCAAACAAGAAATAAAAGCATGGTGCTTGCTAGCTTTTTTCGGAAGTCTTTTTGGACTTATTGCTCCTGGTTTTGAGCAATGGTATCTAGCCTGGATTGGTCTTGTACCTCTTTTGTTTTGCATCTGTCAAAGCAACTATCCACCTCAAGCATTCTATCGCGGCTTGATTTTTGGCTACGCTTACAATCTTGTATATGTGGGATGGATTTTGCAATTTAGTCCAATTGTCTGGCCAGAAAATATTCGCTCACTGTATCTGTTAGCAAACACCAGTGCATGGATTTTATACTCGCTTCAGCAAGGCACTCTATTTGGTGCATTTGCATTTTTAATGCGTTGGATTCCGCTTACAGGCGGAATACTTGCCATTAAAGATCATGGCACCTGGCGTCTTCCATCTGCTTTGGTTTTGCCTTTACTTTGGGTATTGATATTCAATAAACTAGCAAACAGTCAAGGATCGATGGCATTACCCTGGAGTTTGATTGAGTATTCACAATATGATTTTGCATCATTTGCTCAAATAGCTTCTGTAATTGGTGGCATCGGCATCAGCGCTATTTTAGTGATGACAAATGTTATGGTTGCTTCGCTATTTGCCAACATTTTCAAAAAAGAATTTTTAAAACCGCTTGCATTTGCCAATAAGACTTCAAAATTATCAAGTTTATTTTTTGCACAGTGCATCATATTTGGTGCAATCGCTTATGGGCATCTTCACTTGCAAGACGCCAAAGATTGCGTCGCAAGATCAAAGGATAACAAGCAAATTTTTTCTATTTTGCAAGGCAATATTCATTTTGCATTCAATCAAGTAAACAGTCTTGATCACTGGAACACTTATATGAAACTTGCTTTGCAAAGTCCGCCTGGAGTCTGCATTTGGCCTGAATGGTCTATGCCTATTTCTATAAGTGAATATCCGGGCGTTTTCAAAGCAATGGATTCTAAAGCCAGACAAAACAATCAAGACTGGATAGTGGGAGCATTAGATTCTGACTCAGACAAAAATTCTTACAACGCATCATGCATGGTTGGTACCAGCTCGGATCAAAACAAATCGCAAATTGATGTATATCGCAAACAGTGGCTTGTTCCATTTGGCGAATACAGTCCACGCTGGCTTTTAAATTCACCTTTCGGTGGATTATGCGGAACTCTAACACCCAGGCGCATCGGCTATAAAGCCGCTGATAGCACCACTCTTTTTACCAGTAAGCAAAATAAAATAGTGCCTCTAATTTGTTGCGAGTTGATATCGCCAGAATTAGCTAGCCGAGGCACTCGCGCTGGTGGTGGCATTCTTGTAGACTGCAGTAACACCATGTGGTTCCAGACTAAATTACTGGGCGAACAATCATTTGCAGTATGCGCTATGCGCGCAATTGAAAATCATCGTTATTTTGTTTTTGGCACAAGTATTGGACCAAGCGCATTTATAGATTGGCACGGC
CP064963.1_gap38	1567031	1569131	2100	CAAGTGATAGTTGTGGCAGGATTCCAGGGTGTCACCACCGATGGGGACATAACAACTCTTGGTCGTGGTGGCTCAGATACATCTGCAGTTGCACTGGCTGCGGCAATTGGTGCCCAGACTTGTGATATCTTCACTGATGTAGACGGAATTTACACCGCGGATCCAAACAAAGTGGCATCTGCCACCATGTATGAGCAAATTGGATACACCGAATGTCTAGAGCTTGCTCTAAACGGTGCTCAAGTCATTCATCCTCGCGCTGTGCGTCTGGCTCAAAACAATGGCCTAGCTATTCGAGTTCGCAATACTTTCAATCCTGAAAATTTGGGCACTCTAATCAATGGCTATCAGAGCCAGTCAGAAATTGCTGGGATCACAACAAGTTCTGGATTTGGCACAGTTGATTTAACGCTTGAAACTCAACAATCTAACTGGGAGCCAGTAGTGCGTGAACTGTGCGGACATGTTCAGTACATAGGTAGTAATTCAAAAGAGCGAACTGGTGATAATTTGCCTTCGTTGACTCTGGCGTTTGGCGGTGTGAGCGAAAATACATTTAGCGAACTTGCCACCACTATTGCTCGAGCACTGCCTATTAGAAACTTGAACTGGAGTGAAATTCTAGATCGAGTAACAGTCGTTTATTCCCCCGATTGCTCATCGGTCGGTCCATACATGAAAGAGCGAATGCGAAGCATCCTGAGCGATGCCAACATAGAAATAAAGTTTGTTCAAGCAACTAAAACATCTATGTCATGCCTTATTGCATCAAACAATACAGAGCGAGCGCTTAATTTGCTCCATGAAGGACTGCATGAGTTTGCCATAGAGACAGCAAGACAAAAAGTCTCTATTGCTTAGACAAAATATTTAAACCAAAAGGAAAATTTCATGACTAAAATAGTAGCCGGTCTTATAGGACTTGGCACCGTCGGCAGCGGCGTGGTCGAGCTTCTCAAAAAACAAGATTTCATCACCATCAAAACGATAGCGGTCAAAGACCCGAACAAACAACGTCCACAAATTGAAGGCAGCACCATTACATGCAATATCGAAGAAATAGTAAACGATCCACAAATTGAACTAGTAATAGAGGTGGCTGGTGGAATTGAGCCAATTTATGAACACCTGAAAAATGCCATTAAAAAAGGCAAACACATAGTCACAGCCAACAAAAAACTGCTTGCCACCCACGGTCCTGAGTTATTTGCTCTGGCTCAAAAGAATAGTGTGAGGCTTCTATTTGAAGCATCAGTAGCAGGTGGAATTCCACTAATTTCCACTTTACAAAAAGGACTGCCCGCAAACGAAATACTCTCTGTATGCGGCATTTTAAATGGAACCACCAATTTCATTTTATCCAAAATGAGTAAAGAAGGCACCGGTTACGACGAGGCTCTAAAAGAAGCTCAAATACTAGGACTAGCTGAATCCGACCCCACTGACGATGTGGAAGGGTTCGATGTTGCGTACAAACTATGTATTTTATCGGCTCTTTCTTTTGGTCAATTTATCGATCCTATAAGCGTGCAGCGAGAAGGCATCAGTCGCTTAAAAGCAGAAGATGTAGAAACAGCACGTCGTCTTAATTGTTCACTTAAACTAATCGCTCTTGGAAGACGCGATAACCTCACTGAAAAAATTGATTTGCGAGTACATCCCATCCTTGTTCCAAATGCTCATTCGCTATCTGGTATTAGTGGTGCTAACAACGCCATAATCATAGAAGGATCAGCTGCAGGGAAAATTTGTCTTTCAGGACCAGGCGCAGGCAAGCTTCCGACCGCATCGGCAGTGGTTGGCGATGTGATAACTTTGTGCCAAAACAAACATTTGCCGCTTGAGCAAAAATCATTGAAGATAAAGAACAAAGAAAATAAGAATAAGAGCAAGAATAAGAAATCGCAATGCGGTTTTAAAAATTATTTACGCCTGGTTTTAGGAGCTTCATCCAAACCAGGCGTTTTAATTAGTGCTCTTGCTGCATGCAAAATCATAGCCTTGCAAATAGAGCATGACGGGCTTTTGACTTATACAATGGTTACAGATAGTCAAAGCGACGAGCAAATAGACAAGTTCAGAAAAACACTTGAAACATAC
CP064963.1_gap39	1676806	1681322	4516	GTGGGCTCGATAATGGTGCCGCCTGGTTTGAGCAAGCCTTGTTTTTCGGCTTCCTCGACCATTCGCAAAGCCGGTCTGTCTTTGACCGAACCACCGGGATTAAAGGTTTCCATCTTGGCAAGAATTAGGGGCTTAAGCCCTTTAGAAATTTTGTTGACTCGAACTAGTGGGGTCGACCCAACAGTTTCCAATATATTTTCGTAATACTTCACGAGGAAACATTCTCCCTTTATATAATATGCGTGCAAGTCGTCATTATACCTAAGAAATGTCCTCAGAAAAAAACCAACAATTTATTTATCGCAAAAACGATCTGGAGCAAAAGCGCTGGGACCCTGACTCTAAGCTGGGTTTACCCGGTCAGTATCCTTTTACGCGCGGCATACATCGCTCGATGTATCGCTCCAAACTCTGGACTATGCGCCAGTATGCGGGTTTTGGCAACGCCGCTCAAACCAATAAACGTTTTAGATATCTTTTAGACAACGGTCAAACGGGGCTATCGGTCGCTTTTGACCTGCCCACTCAGATGGGAATTGACTCAGACGATGCGCGTGCTCTTGGCGAAGTTGGTCGCACTGGCGTTGCCATAGACACGCTTGCTGATATGGAGCTGTTATTTGACCAAATTAATTTGGGCAAAGTTTCCACCTCAATGACAATTAACGCCACAAGCGCCATCTTGCTTTGTATGTATCGCGCCGTGGGCAAAAAGCAAGGCGTGGAGCCAGCCTTACTCAAAGGCACAATTCAAAATGATATTTTAAAAGAGTATCAAGCGCGCAACACTTACATCTTCCCGCCTAAAGGCTCGATGCGCTTAATCACAGACATTTTTGATTTCTGCGCAAAAGACATGCCCAACTGGAATTCGATATCAATAAGCGGTTATCACATTCGCGAAGCTGGAGCTACAGCCGCACAAGAAGTGGCTTTCACACTTGCCAACGCCATTGCTTATGTTGAGGCAGCAGTGTCAAAAGGCTTAAAAGTAGACGATATTGCTCCACGCTTATCATTTTTCTTTGTTGCTCAAATGGACTTCATGGAAGAAATTGCCAAATTCAGAGCGGCGCGCAGACTGTGGTCCAAAATAATGAAAGAGCGCTTCAACGCTCAAGATCCACGCTCGCTCATGTTGCGCTTTCACACTCAAACAGCAGGCTCGAGCCTGACTTTGCAACAACCAGACAACAACATAGTCCGCACTACAATAGAAGCTTTAGCTGCCGTTCTTGGTGGTACGCAGTCATTGCATACCAATTCTAAAGACGAGGCACTTGGCTTACCTACTGAAGCTTCGGCCCTCACTGCACTACGTACCCAGCAAATAATTGGATACGAAACTGGCGTCACTAACATCGTAGACCCTGTAGCAGGCTCATTCTACATAGAGAGCTTAACCGATGCAGTAGAAAAAGAGGTGCTCGAATATCTTGAAAAAATAGAGAAAATCGGCGGCGCAGTCAAGGCTATCGAAGCTGGATATATTCAAAAAGAAATTGAAAATTCAGCCTATCAGTATCACAAAGAGGTCGAAGGCAAGCACAAAATAGTCGTGGGCGTAAACGAATACATAGATCGAAACGAAGAACAAATTCCAGTATTGCGTGTAGACCCCGGTCTTGAAGACGAGCAAAAGGCAAGTTTTGCCAAAATAAAAGCAAAACGAAATAATCAAGCTGTTGAAGATGCGCTCAAAGAGCTGCTTCAAGCTGCAAGTTCTGAAGACGAAAATTTATTGCCATATATTTGCACTGCAGTTGAAGCTTACGCATCTGTGGGTGAAATCAGCGAAACGCTCAAAAAAGCTTTTGGAAAATTCCGTCCGTCTCTTAATTTCTAGGATTCACAAAGCCTGATGATACCTACAGTTTCTATAGTTATAGTAAATTGGAAAACGCCTGACTTGCTTGTGGCGTGTATTGAGTCAATCAAGAAAAATGATGCTGGCCATGCCGATTTCGAATTTTTAATTGTAGACAACAATTCGCAAGATGGCTCAGTCGAGCTGCTTTCTAAAAACTTTCCCGACATATTTTTACTTGCTAACGACGAAAATCTTGGTTTCTCTATCGCTTGTAATCAGGTGATTCCAAAAGCAAAAGGCAAATATGTTTTGCTTTTAAATCCAGACACTTTAGTCGAAGACAACGCAATATCGAGAATGGCAGCCTTTCTTGACGCGCGCAAAGAATGCGGTGCCGTCGGTCCCAAAGTGCTCAATCCCGACGGGACCCTGCAATTGGCATGCAGACGGTCTTTTCCATCACTTGAATCGGCATTCTATCGAGTGACTTATTTGAGTCATTTGTTTCCCAACAACAAAACTTTTGCCAAGTACAATCTCACTCACGCAGATCCAGACAAAGAGCTTGAAGTGGACGCGTTATCGGGCTCGTGCATGATGGTTCGCAAAGAAATAATTGACCGCATTGGTCTTCTGGATGAAGACATATTTATGTTTGGCGAAGACATTGACTGGTGCTGGAGAGTAAAAGAAGACGGTTACAGTGTGATTTATTTTCCCCAAAGCGTGGTGTATCACATTCATGGAGCTTCAAGCCGGTTGAGGCCTATCGGTGCCACGATTAATTTGCACAAGGGCATGGAAGTTTTCTACAGGAAACACTATGCTAAACAATACTGGGCCCCGATTAACTTGCTGGTGTATGCTGCCATTTGGGCGAGAGCTGCACTTTTTATTTTGGTGAATCTGCTTAAGTCAGTCACCGACAATAAGAAGAAAGAGGCTATTGACAAGCAAATCGCTGTGTCGAGTCCCAAAGAAAAAGAAGCTGAAAAAGCAAAAGAAGCCGAAGAAGCTGAAAAATTCGAAACTCCAGTTAAATGAGACCAACGAGACCCGTTACTAATTAAAGATGGCAAACCCAAACGGAAATAATTCAGTCCTGGTCACCGGAGCTTCCGGAATGATTGGGCGTCAAGTAGTTGATATCTTGCAACGCGAAAGTTATGGCGTTGTGCGTGCCCAGGTGCGCGATAAGATGGCTGCAAAGCAGCGCATCAATAATGCTTTTGATGTAGCTATGGCTGATTTTAAAACAGCCGACTTCAGCTTGATGCTCGAAAAAGATTATCGAGAAATGACGAATGGCTGTCACACAGTGGTTCACACTGCTGGTCTTGTACACATGCCCGATGCTCAATATCAAGAGTACGAAGTTATGAATGTGCGTGCCACTCAGCAATTGGCTGAGGCTTGCAAAGCAAACAAAGTAAATACACTTGTGTTTTTCAGCTCGTCGGCAGTTTATGGACCTGGTCCATTCACCAATATTGACGAAACCGCACCTATTAAAGCGACAAGCCCCTATGCAGTTTCAAAATCAACTTCAGAAAATTTCTTAAAAACACTCGATGGCATTCCAAGAATTATTGTCCTGCGCCCATCGCTTGTTTTTGGCGAAGGCGACCGCGGCAATCTTATAAAGATGATTCGCGAAATCAAAAGCGAAAGATATAAACACATTGGCGGCGGAAAGACTGGCAAATCAATCATCTATGCCCGCGATGTAGCCGATTCTGTTTTGAATGTACTGCAAAAAACACCACCTGGCTATCATGTTTACAACGTTGCAAACCCGCAACCAGTGACTGTTTTCGAACTAGCAGAATCTATCGGTTCGGTGCTGAACATGAAAATTGGTTCTTACAATGCCGGTATGCTCAAGATAGGCGTCAAACTGCTTGAGACTTTCATGCCAGGAAAAGCGCCTGTGACCTCTGAACAGCTCGAAAAATTGACTACCGAAACAACCTGCTCGGTAAGCAAACTAGTGAACGAAACTGGCTTTAGACCCAAAACAGATCTCGATAAAGCACTCAAAGCAGAGATTGCCTGGGCAGACCAGAATAATTTGTTGTAAACAAAAGCCATTCCACCTAATTTACTAGGCGTACGGGTTATACCGATGTAGATAAAATTCGGTGCCTTTTGCATAATATATGTAGTTGGGAATTAGGACAATGAACAAGCACGCAAAACAACTTATGGGAGCTCTATTTGCCCCGCTTCTTTTGGCTAACGCCGCAAGCTTTAGCATGGCTTCTCCATCTTTTGCCAGTGATGAAGCTCCAAAGAAATTTTTAGAAGTTGGAGTGACAAAAAACGTAAGCGCCATCCGCGATAAATGGGCTGTGATTATCGGGGTTGACAACTTCAAAGATAAACGCATACCCCAGCTTCACTTCTCGGCTAAAGACGCCGCCGACTTTGCCAAATTCTTAGTAGAGAAAGCTAATTTCGCACCAGATCACGTTCTACTTCTTTTGAACGGCGATGCCACTAGAGACAATATCATCGCCAGCTTATGCGATGAATGGTTGCTTCAACGCGCCGGCAAGAACGACCTCATAATGATTTACGCATCGTCTCACGGCAGTCCAACCGAGCTTGATACGGCTAAAAAAGAAAACTATCTGATTGCCCACGACACTAATGAAGACCGCATTTTCACCACGGGCATCAACCTTTCAAGTCTTCTGACCACAA
CP064963.1_gap40	1735748	1737460	1712	GAATAAATCCATGTATGTAGCTGTTTGGCTCGGAACTTAGGCAGACCCATCTCTTTAACGAACGCCTCTAACTCTGCCAGGGAAAGTCCCGACAGGGCTAGCTTTTCAGACTTGGGCGATTGAGAAATTTTGTTGCCTTCCATTGCAAAGAACCGCGTTTCTTACCAGATTACCAGGTAACATGGATAGTTTAGCGGTATTATATATTTCCGCAAATATTACCTTTTAAGGGGCTTTTAGATGTCTGACTGGGATGAGACTTTTCGCAACTTCGTCAAAGGAGTTTTCGGAGATACCAATGAGCGCAAGGTTCAGCGGTTGCAAAGCTATGTTACCAAAACAAACTCATTCGAAGATCAGATGTCCAAACTGTCCGACGACGAGCTTCGCGGCAAAACGGCTGAATTCAAGAAAAGAATCGACGACGCTCTAAAAAACGTTCCTGACACAAGACTGATTCCAGAAGACGTGCCCAAAATGCCCGGTCAACTGCGCACTCAAAAAGACAAAGTGCTTGGCGAAGTCTTAGAAGAATTACTGCCTGAAGCATTCGCCACTGTGCGCGAAGCCGGAAAACGCGTGTTGAACATGCGCCATTTCGACGTTCAGATTTTGGGTGGTGCGGCATTGCACTTCAACAAAATTGCTGAGATGCGCACTGGTGAAGGTAAAACGCTGGTCGCCACTTTGCCTGTTTACTTAAACGCTTTGGCTGGACGCGGCGCTCACGTAGTTACGGTCAACGACTACCTGGCTCGTCGTGACGCTGAGTGGATGGGTCAGCTTTATAAATTTTTAGGACTTACGGTGGGACTGGTTTATTCACACCAACCCGATTGGGAAAAGTCCGAAGCTTACAGATGCGATATCACATATGGTACCAACCACGAATATGGTTTTGACTATCTTCGCGACAACATGCGCACAGATATCAACGACCTTGTGCAACGTCCTTATTTCTTTGGCATCGTGGACGAAGTCGATAACATCTTAATCGACGAAGCCAGAACTCCACTTATCATCTCGGGTGCACCAGCTGAATCATTCACCGAAGTCTATAAGAAAATGGCACAGATAGCGCCTCTTCTTGAGCGCGCTGCCGATAAAGAAGCAGAAGATGCAGATTATTGGGTAGACGAAAAACAAAAATCTGTTCTTATTACAGAGCGCGGTGTAATCAACGCCGAGAAATTGCTTGGTGTCAAAGACCTGTTCGACATGCACTTCAACCTCCACCACCATTTGGTGCAGTCGCTCAAAGCAAAAGAATTATTCAAACTAGATTCTGAATACGTTATTCGTCCAAACGAAGACGGCGTGCCAGAAATCACCATCGTAGACGAATTCACCGGTCGTATGATGGTTGGTCGTCGCTGGTCAGAAGGTCTGCACCAGGCGGTTGAAGCCAAAGAAAACGTGCCGATTCAAGAAGAGACGATGACTTTTGCGTCAATCACTTATCAAAATCTATTTCGTTTATATCCCAAGCTTGCCGGTATGACCGGTACAGCGATGACCGAAGCGCCTGAGTTTCAAAAAATCTACAACTTAGAAGTTATTGCCATTCCCACAAATCGCAACGCTCAGCGTATCGACAATGCCGACATCATCTACAAAACAGAGATGCAAAAATATTATTCTGTTGTAGAAGAAATCATTGATATGCACTTATTGGGACGTCCTGTCCTTGTAGGTACAGTCAGTATCGAGCG
CP064963.1_gap41	1923726	1926898	3172	ATAGAGAATTGACCGTTAACAGTCGGCCACCAAAAACTTTCTCTACCCACGCATATAGCCTTCAAAGTTATGTCTTTTGCAATTATTTGTTGAATGAGTTTTGACTTTTCATCAGGAGTCAGAATGATAAAGTATTCCTTTTCATCCTGCAGTTTGACTGACACTCTAGGCTCACCATTAATTAACGAAACCTCGGCAATGGACTTGGGATCGTTTTTGATTAAGGTCTCAAGTTTGGATTTAGTCATTGGCTCATCCCAAACCAAATAATATCCGCTCCTGCTGAAGTAAATCACGCACACGACTACAGCCAGAGCGAAGAAACAAGAGATAATCGAAAGTATTTTTCGCACTGAATAAGGAATCCTTCTAACAAAACAGGCGCCGCCAAGAAAAAATAGCTATTTTTTTAGAAATGGATATTCCAATTGTAGTCCTTGAACTTGTACCCTAGATTTAGTTCTGTCTAGCGATACTTCTTTAAGAGGAATCTGGGATTTTTGCGCCGCCAGATATAAATCCGCTTTTGACTCCATTGAGAGCACAAGATGTCGCGGTGTGGGATCGCCCTTAAACCTTATGACTATAAATGGCTCATGCCTTATCATCGAAATCTCTTCAATTTCGTTCGGCGAGGTCCTCACCTTTTGAATCAGTTGTTCATAACTAAGCGCCCCATTTACCTTAGGGGCTTTGACCACACTAGTAACCGCAAAAACAATTACGATAATTGAGAGCAAGAAGAAAAACACGGCTAATGTCGTTTTATAACTACCCTTCTTTCTATGAATCATTTCGACTGCCGTTCGTCGAGCCATTTGTCGATGAACTTGCCCAAAACGTTTCCCTCTTCTTCACCTTTTGGATTCACGATAGTCCAGTCGAGCATATCCTTCTCATTGACCTTAAGGGCTTGTCCCCGTTTATATCCTTCTAGACTTACATCATTTGCCAGTCTTCCATTCACAACATCGCCGGTCCAAGAATCTATGGTAACGAAGACCTGCTCATGGTGACCATTCTTGTCTGTCAAACCAGTTGTTACACTCATGAAATGACCAGATGGCAATCCAGCTAAATATCTTTTCTTAGCGTCTGGAAGCGTGGCTCGCGCTTGAACTATAAGAGGCTTTAGTGCTTCAGTTAGTTCCTGACTAGACGGTGCCACTCTATCTGGTGGCGGAGAACCGGGGTGTCTATAACCAAGTTTTTCAGCTAAAGAGGCTTCTTCTGCCGCTTTTTCTTTCTGATTCAACTTGTGATGGCCAATAGCCAGAAAGTGATGAATCAACGCCTTTTCTTTATCGCTCGAAGAATAGGTTAATGCCTGAGTTAGTGATTTAATCCCTTCTTGAAATTGATTTTCTCGAAGTTGACTATAGCCCAAGGCTCTATAATAGTCAGCCTTCAAAGGAACAGGAAGATCCGCAAATGACACATTTTTGGAAGTCTCTATCACACTTTTAAATTCCGACATAGAAAACAAAGAATTGATCTTCAAAATATATGCCATCGCTTTTTGGTCTTTGGCAGACAGAGTTGCCGCCTTTTCAAAATCTTGAATAGCCTCTTTATGCAACTCCATTCCTTGAAGCGCAGATCCTCGATTAAAATAAAGCCAGCTCAACTCGGGGCATGCTGCAATTGCGTCGGTATAGTAGTCCACCACTTTTTTACGATCTGAATCTAATGAATGAGCAAAAGCTCGTTGAGCTAAAACGTCTTTGTTGGTTGGATCTAGAGCATAGGCTTTCTCGATAAATGCAAGCGCTTCAGACATGTCATTTAGATTTGCAGAAATCCCGCTGAGTAATCGATAACAAGTTACTTTCAATTGGGGACTAGCATCTTTGCTCTCGACAGTTTCTTTTAGTTCAGCTATTTCTTTGGAGAAATCACGCCCTGAAGTTTTCGCATCTTTCAAATCGCGTTCGATCAAATCGATTGTTGCCTGCGAAACATTCGCGGCAAAAACAGGATCGCTCAATTCGATGCTAAAACATGCAGCAAGCGCGAAACTATAAGCCAATAGATTTAGAGAAGAAGTTTTTTTCATGCAATTATTTTACACGCCCGAACTAATTCTCAACCATCTACAGTCGCGAGTTTAATCAGCTATTGTCATCGAACGGATAGGTCGCACTCAAATATTTATCCAAGCCTAAATGCGGGTCGTCTAAGTCTGCGTGTAATACATGTTTGTATAACGCTTTTTTGAACGAGTCAGGCGTGGCACCACTTTGCTTTAGAAGCATTTGATGAATCTGTCTGCGTCTGTACCATTCGTTGTGGCTTGTGTCTGAGACTAACTCGACTTTGCCGTGACCTTCAACAGATGTTTGAGGCTCGACCATGAGCTTATTTAGAGCCTTGTTACGCGCTAATTCGTCTTTGTGATATTTGCTGATTAGATCAAACTGTCTGTCTGACTGGACCATGATATTTCTCGACGCTTCGCTCATTTTTTTGAGTTGACGCAAGTATGCTTGCGGTTCATAGACGCCAGGAATAACATCAATGATAGAACCATCGGCGGTGCACACATAAGTGGCGATATTGCCATGTAAGGTTCGAGTCACTTTCTGACCGTTACCAAAATCAAGTGTGATTGTAGGTACAGAACGCACAGACTCCCATGCAGGCTCGAAGTTTTGATTGATATAAGCTGAAATTTCAGGGTTTGAGAACAACACGGATCTCGCAAGACGTGCATTCGTTCAGCAGAAGCGGTCGTCTAAAAATCCCATTAAGTGAAATACTAAAACTGGTTTACCAGACAAAAGCGAATTCTTTTTGGCTTCAGCAGTGGTCGGATACCAAATAACTGCGCCGGGTCTGACTTTTTTCTTCGGCTCTTTTTTGGTGTCATTTTTTGAAATAGACACAGGCTCGCTCTTCAATTCTTTAGGCGGGACCAAAAGAGTCTTAATCGGCATTTCTATAATTGACTTTCGCATGTCTGCTCTCATGCCGCCTTTGAATGGCTCCTGTCCATGACTGGCTTGAGCGGCAAACAATGTGGTTATTAAGGCTGACAATAGAAATCTTTTCATACAAATCGCCCTCACTGGCTTTCATTTCTATTTTGCGCAAATAGCATTGTTTCCACCCTGGGGTAAACACTGAAAATCCCCCGGGAAAAATGCTATCGTCTTGCCATATGAATCTTGAA
CP064963.1_gap42	1935202	1936476	1274	CCGAAGTAAGCAAATCAACGCCTTTCTGCCACTGCTTGCGCTCATAATAAGTACGTGCAAGCACCCTAGCTGGTGCTTCAAATCCCGGATTGATCTCCAGCGCCTTAAGCGCCTCTGTCACAGACTTATTGTCTTCGTGCGTGTCCTTGTGAAAGTCACAAAGCCTGAAATACACATATGCAGATTTAGGTCTGTATTTTAGCCAACGAGCAAGGGCCGCGTCGATGCCTTTGTCTTGAGCTGTATTTGTGGAATAAATGTCGTCAACAAAATTGACGTCGAGATCGCCAGGACTTAGTTTTCTAGCTATTTTCATTTCTTCGGCAGCCACCGGATCGCCTTGATCCATTAGCGCCATTGAATAGGCAAGAATGGCATGATTGCGACCATCTTTGGGGTCTTTGACGCAAGCTTTGCGAGCGAGATCTATTGCCACATCGAATTTTTGCATAAAGCAAAGAACCAGAGCCAGCGTTGAAAGTGCATGCGCGTTATTCGGTTGCATGCGCGCTGCAGTCCTTGCTGGGGTGAAAGCTTTGAACGCATCTTTATTTAAATCGTCATGTAATTTGGCAATTGCCAAATACTCGTACCATTTTGGATCGACTTTGCCGCCTTTCTTAATTTGCATTTCTGCAATTGATGCAAGCTCAGAAAATTCGCCCATATCCAGATATTCATAGACTGTTTTATAGTCTTGCGGAAATGGCAAATTGATAGACTTTGCCAGAAGTGGTGGCGTGGCGAGCGAAAGGACTAAAGCCAGCGAGCAAAGCGGTTTCCATTTACTAAGATTCAAATTTGTATCCTAATCCTTTCACCGTTTTAATTGGTGACTCTTTCGCTCCCGACGAGATTTTTTTGCGCAAACGCAATACGCGCTGACGCACAGCCTCATCTGTTGCTTCTGATTCCGTTTTAAATACTCGTGCAAGCAGTTCGTCGGAGCTATACACTCGTCCTTGATTTTTCATCAATAATTCAAGCAGAGCAAACTCACTTGGTGTCATTTGCACCTTGTCACCATCTACGGTGACAGTACATGCATCTAAATCAAGACTAATTCCGCTTGCTTCAAGCACACGCTCTACATAGCCAGGTGGCCGTCGCAAAAGCGCCTTTACTCTTGCTAGCAATTCAGAGTGATTATAAGGCTTGCACAAATAATCGTCGGCACCTGCTTCGAGCGCCTTAACTTTGTTAATGACATTGCTTTGTGCGGTCAAAAACAAGATGGGAACCTGACCGCCTTTCTGGCGATAAGTCTGACAAAG
CP064963.1_gap43	1942870	1945220	2350	GTCGACAATGCAATCGGCATGATCAAACCGCAAGCCGATAAGAAAAACATCAAACTAATTCCAAGCTTCGAAGATCGTCAGATAGAAGTCGACGCCGACCGCGTAGTGCGTGTGATCGTCAACCTAGTAGGCAACGCGATCAAATTCTCGCCCAAAGATTCAAATATAACTGTCGCTGTAAAAACACAAGAAGTTAAGCGCGGCATACACGAACTTGAATTTCAAATCATCGACGAAGGTCCTGGTATTCCAGAAGACAAACTCGAAATCGTCTTTGAAAAATTCAAACAAGTAGGCACCGGCAGCGAAGGCGAGAAAAAGGGAACAGGTCTAGGACTTGCAATCTGTAAAGCAATTGTAGAAGCTCATGGTGGCAGAGTCGGCGTACGCAGTGCGCTTGGCAAAGGCGCCACATTCTGGTTCCAGATTCCAGACAAGCGTATCGATAAGGCATAAGGCGATGAAAAAACTTGCATTATTTTTGGGACTCGCTGGAATCGTTTCAATCAATCTTCCTGCATGGGCAGCCGATGCAGGACCAACAGCGGCTAGTGCCCTGGCAAAATATAACGAGAAAAAATATGTCGAATCCGCAGACGCATTCGAGTCAGTTCTAAAAACTAGTCCACCCTCTGTTCAACTTTGTTATCACGCAGCTCTCGCCAATTTCGCGGCCAATAGGCGAGGAAGATCCAGACAGCTTTGTCAGTATATCGTCCAAAATTTTGGCACCACCCGCGAAGCGAATTTTGCAAAGAAATTATTTCCCGAATTAGCTGTTGCACCGAAATCAGAAACTAAAACAGAAGATAAAACTAAAACAGCTGATGCGCAGACTGGCGAAAGCAAGTCTAAATCAACTAGAAAAAAGAAAAGCGATGATGACGATGAAGAAGATGCAGAAACACCCAAATTCGCAATAGATAAAAATGCTCGCAGAGGTGCATTAGCTTTTACTCCACAACAAATCGCAGCAGACGGTGCGTCAGGAATTGATCAAGCGTTCAATCCCAATTGTTGGTTCGAGGCTTCAATGGCGGCTCTTGCTGAATTGCCTAAAGGGCAGCGTTTGATTGCAAGCATGATAAAAATTGGTGACGCAAACACCTACATTGTTCGATTTCCAGGAGACGGTCAGGAATACAAAATTACCGAACAAGAACTGAGCAAAGTAGGAGTTTCAGACAAATCACTCTGGGCAGCACTTATAGAATGTGCACAAGTAAAGAAATTTCCAGATAACGAAGGGTCGCGAGATATTTCAATCGGCATGGGTTGCATCACTGGCTGTAAAGCTCAATCTATCAATCCCACAAAAGAAAGTGCCCAAGAACTTTCAAGCTTTATTGCTGGTGCTGTTTCTTCTAAAAACCCCATCATTTGCGCTACTGACGCAGGATTTAAAACTGCAAGCCTACCCGACTTAGTAGTTAATTCTCACGCTTACACAATAATCGGATTCGATGCGGCAAGTGGCATGATTACGATGCGAAATCCGCATGGAAAGCACTCGCGCAAATACACTCTTGCAGACGATCCTAATCATCGCAAATTCGAATGGGTCGGCAAAGGTGTTTTCAAAATGCATATCTCGCTATTTCAGAAATATTTTGATGAAGTGTGCCGGTCGTTTATTTAAATAATATTCGGCGAGGCAGGATTCGAACCTACGTGCTTTTTACAGGCCTGCTCTACAGGCAGGCGCAATCACCCACTCTGCCACTCGCCGACGAAATATTTGCATGCAGCTGCACGCCACTACAGATGGTGACAACTTGCACGCAAAAGTTAATCAAGCTTTGCCAGGTAAATAATTGAAATTCAATTGAAAGTTTTTGAATATCTACTGAATAAACATAGCAAAGCCAAATGCCTAGCCGCGGTAATAACGGCGCAGTTGCGAGCTTTGATATCGATGTAGATTACGTTTCATGTTTCAACAATATCACGCTAATTTTCAATAGTCACTATTTTGTCACTTGAAATTACTTGATTTAATCAAGTAATTTAGTTGATTAAGTCAACAAATTCCGACCAAGAAAAAAGGCTCCTCGCAATGCCGTCGTTTGAGATTCGCCCAAAACAGCCTCTCTATTATCAGAACGGGCTAAGCCCCTTGCCTGTCTGCCTTTTGAGAATCGGGAAATCGCCAGAGTATTTGGCAAGAGTATCTGGGTAAAATAGCCTATATAGGTGAAAAGTAAGTGGTTATGAATGAGATCTGGATGAGCGGCGGACAAGGCACAGGGACTGGCACACACGGCACTCCTGGCACTTCGAGTCAAACCAAAACCAAAGAAAAGGTTAAGAAGCCGCCTCTGTACAAGGTTTTGTTGCATAACGACGATTA
CP064963.1_gap44	1977626	1981300	3674	AGAACAAAGTCCACAAGCCGCCACGATTGATGTTTGCTATCTAAAGAGTTTGCCCATTCTCCCGGAAGACGCAAAAAAGCTTGAAGTGGCTTTGCGTCTAAATGATTTAGCCTTTATGCTTTACTGTCAAAACAAAACAGCTAGTTCACTCAAAGTTTATTACTGGGCATTAGCCAGTTTAGTTGGCGCATGTGGCGACAGAAATCCACTCAGCGCCTGCTGCATGTTAGACATGAGCAAACTCTTGCGTCTATCTGGTCGCGGCGATGAAGCGACCAAACTTGAAGGCAGCGCTCGCGCCATCGCCCGCAAAGAATTGATTGAAAAACGCAGTCAGGTCTTGCCTTAAATAATGACCGAGCGCCTTTTTGCCAAAGAAGAAATCATCGCCCTCTTCCACTCACTCGGAAAGTTAGCTCACGAACGCGGGGAAATTTTGGAGATTGGAGTTGTAGGCGGCGCGGCTATCTCCTTACTCTTCGCCTACAGAAAAGCAACAGAAGATATAGATGCATTCGCCCTAAATCTCGATCAGAATACGCTCATTCACGAGTTATGCTCATTGATCGCGCAAGAATTTGATTTACCGGAAAAATGGCTCAATGACGCATCCAAAATATATTTGACCACTTTCGAGAAGGGTCCTCTTCTAGTTGAATCAGACGGTATCAGGGTTTTCGCCCCAGCTCTGGAACAACTCTTAGCCATGAAATTATCTGCATGGAGAAATGAAGTGGATCAAGAAGATGCTCGACGCGTCTTAGAGTCACTGCCAAATGATAAAGAAGAGGTCTGGACCAGAGTCAAGTCTTTCCTTTTGCCTGGTAGGGGATTGAAGGCAGAGTATGCTTTTGAGGATCTTTGGAGCTTAGTCCACAACCACTAAAAATATTGAAAGTTTTTTGTTGACTTAATCAACTAAATTAGTTGATTAAGTCAACCATTATTTTGTTGTTTTTTTGCCCCTTAGTACTTGCATTAGATTACTCGCCCGGCAACAACCATCCAAGACCGCCACAATAACAAGCATAAGCATTAGAGGGATGATCAATCTTACCTTCGCCCTCACAAGTCTTACACTCAATTGCATTTTCTGGTCGCATTGGTTTCAACGAACTGAGTTCAGAATACTTTTCGCTTGCGGTATATTGAGCCATGCGAATTATTCTTGGGTCTGTTTCCTCTTTCCATGAATGTGGAGGAGTCATATCAATCCAGCCTATTTTACCTGTTAGCAGAATTACTAAAAATCCGCCCATGTCGTAAACAACAGGCAAAAATTGGTTTTCACGAGCCACGCTTCGCAAGTCATAAGGCGGATCTAGTTTAATCATATCTGCCTTGCCAGCCAAATATTTTTCTAAAGCGCTCTTGAGTTGGGCAGAGATTTCGATAAGGGCGCTCCCTCAAATATTCGGCTAATACTCGCGTTTCACGACATAAAGTGGGCGTCCACGCGAATGGTCGAGCACAATAGCTAGATACTCGCCAATGATGCCTATCGCAAAAAATTGCAAGCTACCGACAAACACGGTTGCTATCACAGATGGTGCCCAGCCGATTATTCGATTTTTAAAAATGATCAATAAAACAACAAACAAAATTCCAACTGCAAATAGAATCAATCCCAGATAAATACCCAGACGAAGCGGCATTCGAGAAAATCCAAATATTCCAGAGAAGCAGAGATGCAAGAGTTTAACCAGCGTGTATTGCGGCTCTCCAGCAAATCGCTTTTCGCGATCGTATTCGATAATTGTTGATGGATATCCTACCCAAGCTGCTTGACCGCGAACATACGGTTGCTGCTCGCGCATAGTCTTCAAAGTTTCAATTACTGGCTTGGAAATAAGTCTAAAGTCGCCGACATCGCGCGGAATATCGACACTTGATATCGAAGATAGTATTTGATAAAAAAGTTTAGCTCTGGCATCGGCAAAAGCAGAAATACCTTGCCTGGTTTTGCGACGGGCATGGACGATGTCAAACCCTTCATCGCGCCATTTTTTGACCAGCTCTGGAAAGAGTTCGGGCGGGTCTTGCAAGTCGCCGTCAATAACAATGAGCGCGTCGCCAGTTGAGTGTTCGATGCCGGCGCGAATAGCCAATTGATGTCCGAAATTGCGGCTCAAATCTATTACTCGGACATGCGGATTGTTTTGCTTAGCGCCGATAAGTACGTCTAGAGTTTTATCGCGACTGCCGTCATTCACGAATATCAGCTCATATTGGCATCCCATTTCAGAGACGATTTTGTCCACCCGGCGCACACATTCGGCGGCGCCAGCCTCTTCGTTGTACATTGGAATGACAACAGTGAGCTTGTAATTATTTGAGTCGGTGGACTCGGGCATGATTTCCTTCGCGTTTTGCCTTATTTAAACTAGAATTGAAGTAATGACCGATACTGCAATTTTCTCACGATCCGACCGAATTAAGAGCCTGGCTCTTCGAGTAATTGCATTTGTCTTACTCAGTTTCTCATGCCTTATGATCGCGCACAAGCTAATTGTGCCTTTGTCAGACGCTCGTTGGTTCATCGACAAAAAGACCAACGAATATCATGTTATTGACTTCTTTCAATACTATCAGGCAAGCGAGTTGGCGCGCTCAAAGCTCGACAGTTGCAATGTCTATAATCCCGACAGACAACGTACCTGGTTTAACGATTTAGTGGCACCGCTTTCGTCGAACGAAGTCTTTTACAATCAGCAGCCCCCAAATTTCTTTCCCTTTCTGTATCCGATAAGTCTTTTACCGGCCAATTTCTCATATGTAATTTGGTGCATATTGCAAACATCTTTTGGATTAACAAGTCTGTTTGCTCTGGGGTCATGCGGGTCTTTGTCGAAAAAAGATCGTGTCTTATTTTTACTTGGAGTACTTGCCTCGTTTCCAGCATATAGTCTTATTTGGCATGGCAACACAACTTTCTGGTTAGTAGGTTGGCTAAGCGCTTATGTTTTATGCTTTTTGAAAAAGCGCGATATTCTAGGCGGCGTGTTTATGAGCTTTGCCACATTCAAACCACAGTACATGTTCTTGATGTTACTGCCGGCACTTGCTGGAAAGCGCATTAAGTTACTTGCTGCATTTGCCATAACTGAATTGATTTTGCTTGGTATCGCATCTGTGATAATTGGCGCGGATAATGTAATTAGTTATCCAAGTATCGTCAAAAAAGCTGAGTCTTACGCGGGATTCATAGGTGTTAATCCACAAGTGATGATAAGTCTGCGTGGCGTTTTTGCCCAGTTCCTGTCAATTCATGATTCGCTTACATACACTTCGTCTTTGATGTTTTTGTCTTTGATTCCAATGTTTTTTGTCTGGACGAAATACCAGACTGAAGAGAAAAATCTACAATTTCTTTGGGCTCTGACAATCTGCACGGCAGTGCTTTTAAGCCCTCATTGTCACGTTTTCGATTTCTTGCTTTTATCGATGGCTGCGATTTTGACCCTAAAACAACTGTCGATTCTGAAGTTATCGAGCGAATTAACTCCATACCGCATATGGTGCGCAATCTTTTTGCTATTCCCACTGGCATCATGGATTGCCAATTATGCACTTGGACACAAACTGGCTCCAATAGCCTTTTTCTTTCCAGTTATACTTGCCTTGAGTATTTTATCCTTCATAAATTTAAGGAGTGAAAATGCCAAAGCTTAATG
CP064963.1_gap45	2095977	2096718	741	TTCTAACTCGTCATCGCTCAAACTAGGGTCACCTGTGACTACAGCATTCATGAGCGCTTTGCCCGGTGGTGCATAGGTTGATGAAACATTACTTGGTACAACGAAGTTATTCACCGGTCCAGAGCTTTCACCATCCAGCACAAGGATTGGATCTTCAAATGGTGGTCTGTCTGCGCTGAAATAAAGACAAGTCTGACTTCTAAAATTAACTGTGGCATCCTTGCCCAAAAGATGGTTACACATGGGCTCTTCGGTTGCAATTACAACTGCTTTGCCTGTGAAGGTTTCTCCCGTAGAGAGTTTGACTGAATTGCCATCAACCATCGCGACTTTGTGCAAAAGACATATTTTTTCACTTGGCAGTTGCGAAGCCATTTGAGTCGGGATAGACTGCATGCCTCTTGAAGGCAATGTGTTATCGCCCTGGGCAAGCATTTTAAAAACAAAATCGAACATAAGACTCGATGTTTGTAATTCTGGCTCTAGATAGATTCCAGAAAAAAACGGTCGAAAGAATCTATCAGTCATATTAGACGAAAAGCCGATTTGCGCCAGGCGAGAAAGTGTAGTTGTCTCATCGCGCAGGGTATCAGATATGGTGGCGACACTAGATTTGTTCGAATTTAATATCGACTCTTGCAAGCCAGCCATTTTCATTTTATCGCCAAGAGTTCCAATGGGATTAAAAATGCTTCCAACCGCATCAAGAGGACGTCTGAATGGATCGGCAACTTTGTGCAT
CP064963.1_gap46	2098557	2102708	4151	TTTCAATTACTATAAGTACGAACGCCAGGCTCGCGCAAAAGAATTGGAGCTTCGAAATCTAGGTCCAAACGCACTTGAGGCACTAATCGCCAATTCTAATGTAGCTAATGTCGATGCGGAAGCTGCTTGTGCAACAGCTATTAAATGGTTCGATTATGATGCGCTTCCTTTTTATTCAAATGCACTGGAAACTACAGATGATAGCTTTTCTCTTGGTTCTAAAATTTGCAGCGTAGGTGCACGCGCCAACGCAGTTTTTGAGCAGGTCTTGAGCGAAGGAAGCGAAAATGCAAAATTGAATGTGCTTGCAATTTTGAGTTATCAACTACCACGACTCAATCATCACAAGACTATTTACAATCCAATTGAAGTCACGCCAAAACTAATTAAGCTCGTCGAGAAGTGCATAAATAGTAGCAATACAAAATTAAGCGAAGAAGCCAAAATCGTCCGCGAACAAATAGATTTTTCGCAATGCGTGCTTTTAACTGGTCACTAAATACAGTGGCGTCTATTTAAGATTAAATCTGTAGCCCATATTGCGCAAGTTTTCCAGTTTGGATTCTTCCGCTTCATCGTCGATTGCGCGGCGTAACAACTTAATATGAGTGCGCAACGTATCGTACGAAGCAGTACTATCGTCTGGCCAGACTCTATCTAAAATTGCCTGAGGCTCGAAGACTTGATTGGGATGGCGCATGAAAAATTCTAATAACGAATAGACCTTGGGTCTTACTCGAAGGGTCTCACCATCCTTTTTAATAAGACAAAGGGCAGGGTCCAACTCTAGTGAGCCCGCCTTCAACACTGTGTGAGAAAGCGATTGCGGGCGGCGCAACAAAGCACGCACACGAGCAAGCAATTCGCGTGCATCAAAAGGCTTAGTCAAATAATCGTCGGCGCCGGTGTCGAGTCCTTGTTCTTTCTCGTCTATAGAAGACTTGGCGGTGAGCAAAAGCACAGGCGTCTTGCCATGCATCTCTGAACGGAAGCGTCTTAACACTTCGATACCAGTCATCTCAGGCATCATCCAGTCCATTACGACAAGATCGTACTGGTAAACGCGCAAGTGCTCCAGAGCTTGCTTTCCGCTTGGCACACATTGTGCTACATGTCCCCTGGACTCTAGTGTAGCTCGCAGCATGTCTAGTATGTAGCGTTCGTCATCAACGAGAAGAATTTTCGCCATGGTCACACTCGATTCACAAATGACGGCAATGATGAAATCAGGCGAATATTATATCAAGGCGGTAGGACATGGATAGCAAAACGATTGTTATATTTGGAGGCTATGGAACCATTGGTTGTGAACTGGCGAAAAGACTTGCAGCAAAAGGGTTTACACTGATTTTGTGCGCACGCAACGAATACAAATTGAGTCTGGTTGCCGATAGTTTGGATGCTAATTACTGTTGTGTCGATGTATCAGACCCCGAGCAGGTTTTAACCTGTATCGAAGGGGCAAGAAAGCAGTTTTCCAAGATCGATGGCATAGCATTTTGCGTAGGCTCTGCGCTTCGAAGCCCTTCTCGATTAGCTATAAAACGAACCCTGACATGTATCAGGTACTCAGCAGATGCGATGGAAGACAAAGGGGGTTTAATCACATTTTCCATGTGCGAAAATCCCGACGAAGACATGAAGATGCTTATTAAAAGCGCGACTTCCCTTTACGAGAAGCGCAACATTTATGTCAAAGCAATTCAACCAGGTCCAGTGGAAGAAGTAGTGGATCAAATGGAAAAGTTTTTTTCGACCCTTTCCAAATGCTCGTCAGAGGACTCGACTTGTCCCGATCAGGGATTTAAGACGTCGTTTTGTGAGAAGTAACTTTGGTCTGGAAGTTTAGTTGTGTGCCAAAGTAATAGCCAAGCGTAATGGCAAAGAGCACAGACAAAATAACCATGAAACCGGCATCTGATTTTTTCACTTTCAAGAATTCAGAGTCTTTCATTTTTCTTTGTCCTTCATGCTGCTCTGGGCAGAAACACCATAGAGCTTAACCAGAATGTTCACCGCTTCTGCGCGTGTCATGCGCTTTTGTGGGTGAAGATAACGTTTTGGATCTTCGCTATTATTTGGCGCACAATCGAAGGCTTGCTCGATAACACCTGTTTGTTGTGCGATGGCAACCCATTTGCGAGCCCAATCGTCAATCTCGCCTTCGTCGCGATAAGCTGCAGGACAAATGCTGGAAGTCTTTGAGTCGTAGCGCAAATAATCTTTTATATCAGTCTCGGCAAGCTTTTCCGCGCGACTGCGTTTACCTGAAAATGTACCGTACATTACGGCGAACTCTTCGCGCGTTATAAAATTATCCGGCTTAAAATCCTTCTCTGAAGAGCCTTTACGCGGATAGCCCTGGACCATTTGATTAGACGTAGCAGTTTCGATGTCTTCGAAATATTTATTGTCTTTTGCTACATCCGCATAACTTTGCGCTTCAGCTGTGACTTTTGGTATCTGTTTAGTCCGCACCATCCAGCGAGTAAAATCTGCGCGAGTTACAGGATCGTTTGGATGAAATAAATTGTCTGCGCTAACATCAAGCACACCAGCATTGGCAGCGGCGATTAGACTTGGAACTAATCGTCTATCTGTTTTTTCAATGTCTGAAAACTTTTCAGCAGTAGTTGCAATTCCAGATGACGGGCTTGCAGTAGATGTTGTCGATCCCGTGGTCGAGCTTGCTGTCGTGCCTGTTGTTGAGCCGGTGATTGTGCTAGTCGTGGCAGTAGTGTCACTTGTTTGAGTGCTAGCAATTTGACCGGTGGTGCTCGTTGCTGACTGTCCTTTTGTATGGTCAGCATCACCCAAGGTTGTTCTTGTGATGCTTGTCGCGGCAACACCTTCAGCCTTACCTGGATTAAGATGTATCGCGCGCAAATTAAGACCCGCAGCGTAACCACCAAAAAACATCGTTCCGATTAACAAACCGGAATTTGCAAGAACAATAAGTCTTGGAAAACTACTCATTAACCGTGGTCCAATCCATTTTGTCGTCGAAGTCGCCTTTGTCGTTCGCGGTCCGCTCGTATTTTACAAGTGGCTGTCCATCAGTGAATCCACCGTCTGGAGTTCCCTTGCCAGAATTCAAACTGATATCTATGTATGCGCCAGTTGCACCAAACATTCCATCGGGCAATCTTTTGGATTCAAAGCGAATCTTGTTGCGGTCTTTCACAACGTATTGTGTGACCTCCATCACTTTATCTGTAGACACGGTGCCGACGTTATGACCATTCAAATTAATAGTGACGTTGTAGGGGGAGCGGTCGCCGACACGCGATTTAATAAAATACTGGTGTTTAAGTCCGCCACCAAAGAGTCCAGCAGCGCCGCCTTCAATCGGAACGAAGGTCTGCATGTAGCCGTAACCAAAACCTGCACCACCTGCAATCAGAGCTAGTACTCCGACTATCAAAGGGAAACTTGAGCCACCCGATTTTTTAGTCCCGGTTTTCAGATTGGGATTTGGATTGGGAGCGCCGCCCGAAGCGGAACCGCCTGTGCTATCTGTCATTGTTTTGTGACCCGATTAAATGCAGTAAACAAACGCCTATATTAGCAGTTCTGTGCGCGCCGAAACACTTTGGAACCGGTTGCAATGTGTCACTAAAAGAACATCACGCAATTTGCTCCACCAGTTAGAATCGAGCTAAACAACGCACAAACAAGCGGAAGATGGAATGCCACAACTATAACTATGCTAACGACCCAGAACTTAACAGTAAGACGATTTGCACTTTCGTTTTCTTCAGCTCCCATAGCTCCTGGCACTTGATACGCAATTCCGAGTCCAATTATTCCAAACAAAACCGACAAGCAGAAACCTAGTGGCAGTCCGATACCAAAGATCCATTCATTCTTGGTTATTTCAACAGCTAGAAGCGGGCAAACTATGGATGCCGTACTGATGGTGAGATTTTGTAATACACGACTTGCAATCTTTTGTTGCGCCATATAGAAAATGGACGAAATCGATACGCCTAGCGCAATCCAGAAAACGAAGTCCATTATTTCTGATACGCCAGAATCATCGATTGAGTTCCAGACTTTTCGACGTCAGCACCAGATTTGATACCGTCGGCAAATTTCTCAAGCGATAAGTCTACTCCAGGCAATGACAATTCTTGCGATGAATCTTTCAC
CP064963.1_gap47	2107847	2111379	3532	GCGAAAAGGGACCGACAACCGGTTACAACTACTCATTCCTTCGTTCGCACTATAACCCCCAAAACAAAAGACGTTGGATTCCAAATCTTCAGTCTGTGAGAGCTCGTGTCGGTCAGACAGTGAAGCGCATGAAAGTTTGCACTTCCTGCATCAAAGCCGGCAAAGTTTCCCGCGCTGTTTAAAGTTTAGATAGAACCGCCGCCCGCCAGGTCGAGCAATCTGTCTTTTCCGATGTGATAGTACTCGTTGCAGTAATGGCAGCGCCCTTCGGCTTGACCATCTTCTTCTGCCATTGATAAAATTTCAGACCGAGGAAAAATCTTCAAAGCCTCTGTAAAACGCTCTGGCGAGCATTTGCAGGCGAAGCACACTGGTTTCTCTTCTGTGAGCATGAGCACGTCAGAGCCTGACAAAATGCGCTTTAGAATTCCCTCAAGCCCCATGCCCCGACGCATGAGAAACGTAAAACTGCCAAAAGTGGTGATGTTGTTTTCGATCTGACAAATTGTTTCTTCGTCGTGGTCTGGTAAGAGTCGAACAATTAAACCGCCTGCCGCCTCCACTCCGTTTTTGGAGAGGTGGGCACCGACCACTACGATTGATCCTGCCTGGTCTGAGTAGACTAAATAGCGATTGACGTCCTCACCTACTTCTCCTGAAAGAAGTTCGACTGTCGACACGTAGCAGCGTCCTGTACCGTTATCGAGCGTCACTTGAAGAGTGCCTTTTGACCCGATAGCGCCCCCAACATCAAAATTCCCCAGGGAGTTAAGCGGTAACTCGACCTGGGGATTTTCTACATAGCCTCTAACTGTGCCTTTTGGGGATGCATCGACAAATACTTCTCCCAGGGGACCGTTGCCACTGAACCTGAGCGCAACCTGTCCCTCTCGGCAAAGCATCGGGGCAAGCAGTACGCCAGCTGTCAGCGCCCTACCCAGAGCCGCTGTGGCTGTGAAACTAAGTCCATGTCTTTTTCTTGCTTCTTCGACCAGATTGGTTGTGGTCGCAATCACGACGAGGATCTTCCCGTCGGAAGTCATTGCCTTGAGAATTTCATCTTTCATGTAGATGCCTCGCAATAAGCCTTCTTCAATTATTTTAACAGTTGCTAAGATTTTGACAACAGCCCGAGGCTAGCTTTTAATCTGACTTGCAGCTGATCTGGCACAAAACACTCGAGGCAATCCGTTTAGATCCTTTTCGATATAACCTTCAACCCATCCGCATTGAGCAAATACGTCCGGAACGCTATTCGATTGATAGTCGCCGATTTCAAGCGCTACAAAGCTGGTAATATCCGCGCCTCGAGTAGCTATTTCCTCATAGAAGGACAGCCCTTCTTCGCCACCACCAAAGAGTGCTTCGTGCGGTTCGAACTTGATTATTTCTGGTGCCAACTCAGATTTATGAGTCATTGGAATATAAGGCGGGTTAGAAATTATCAGGTCGTAACTGCCCTTACCTTGCAAGTCCCACCAGGTCGAACTGCGATGTAGGTCGAGTCTATCTTGAACATTTAATAGCACAGCGTTTTTCAAAGCACACTCTAGAGCACGGTCTGAAATATCTGTAGCAGTACCTTTAAGCTCGGGAAAACGATTGAGCAAGCTTGTACTAATGGCACCAGTGCCAATACCAATCTCAAGAATAGAGCCAGCCTCTAAATTGTTTTTGACGATGATATCAATCGCCTCTACCACTAGCATTTCGGTATCAACACGTGGAATAAAAACGCCTGGCAAAACGAATAATTTGCTCCCCATAAAATGTGCGCTGCCCAAACAATATTGGATGGGTTCTCGTTTTTCGCGACGCAAAATTATGGCGATGATTTTTTCAGTCATGTCGTCGTCCACTTCAAAATCAAAAGTGTGCAACTGCTTCAACGCAATGCCGCATACATGCTCGATTATCAAAGCTGCTTCAATTTTCGCTTCGGATTTATCTATCCCAAATGAAACAAGGCGCTCGACAATTTCTCTATAAGCGCCGCTGGCGCTGACATTTTTAGACACTAGTTGTTGAATTCAAAAGATTCTTTCAAACGTCTTTGTTGTTCGTCGAGAATATTTGCTTCAATGACTTTTTCCAAGTCGCCTTCCAGAATCTGCTGCAAGGAGAAGTTTTCGTTCAAGCGATGATCTGTGACGCGATTATCTTTGTAGTTATAGGTGCGAATTTTTTCTGAGCGATCGCCTGTTCCCACCTGCGATTTGCGCTGGTCGTAAATTGCTTTTTGTTGTTCTTCCAACTGAATTTTATAAAGCTTGTTGCGCAAAATCTGTTTGGCGCGCTCTTTGTTCTGAAGCTGACTGCGCTCTTCTGAGCAAGCAACTTGAATGCCAGATGGCTTGTGCACAATGCGCACAGCCGTTTCGACTTTGTTTACGTTTTGACCACCAGCACCACCAGAGCGCATGGTCGAAATTTCGAGATCAACATCCAACAATTCCACTTCAACTTCTTCAGCCTCGGGCATCACAGCCACTGTAGCAGTGGAGGTGTGGACACGCCCTTGCGCTTCTGTCTGCGGAACACGCTGGACCCGGTGCACACCAGATTCGAATTTAAATTGACGATAAGCACCATCAGCTTTGACGCTGAAAATAACTTCTTTGTAACCGCCAAGTTCGGCTTCGTGGAAACTTTCCACTTCATACTTCCAGCCAAGCTTATCGGCATAACGCGAATACATGCGCAGTAAATCGCCTGCAAAAATGGAAGCTTCATCGCCACCTGCACCGGCTCTAATTTCAACCATGATGCTTTTATCGTCGTTTGGATCGACTGGCAAGAGCAAGAGTTTGAGCAGTTCTACAAGCTCCAAATCTTTTTTGCGTAGCTCTTCAATCTGGTGTTCAATTTCCAAACGCTCGTCTTTATCTTGAGTCTCACGAAGCATTGCCTGCCACTCATCCAGATCTTTTAAGAGCTGTCTGTAGTCGTCATACGCTTTTATGGTCGGCTCCAACTGTCGTCTTGTACGAGCCAGAACTTTTAACTTGTTCTGGTCCGAAACGATATTGGGGTCTGCCAACTGTGAATCGATCTCCTTAAAGGTAGCTTCGATTTCATCCAGTTTTACGATTAGGTGATCCATAACAGGCGCCGCTTTTGTTTTGCAAATAAAAATCGGAGAGGGAGGGATTCGAACCCTCGCTGCCTTTCGACAGACAGTCTTTCCAGGACTGCACGATAGACCACTCTGACACCTCTCCAAGTGTCAAATGGAATTATATCAGTCCCGGACTTACTCTGAACTTATTGGAAGCTACGCTTCCTACACCACTTGCGGAGTGCGGGCTACACGCTTGGCTCCAGCTTCGATAATGGCCACAAAATCAGGAGCTTTTAAGCTAGCGCCGCCCACCAAGCTGCCATCGATGTTTGGCTTGGCAAGTTGCTCCTCGCAATTGGCAGGGGTCACGCTGCCGCCGTAGAGCACGGGCACTTTGTCTCCGGGCTTGCCAGAAGTCTTGTAATATTCGTTTATGGTGGTTCTGATAAGACCGCAAACACGATTGGCTTC
CP064963.1_gap48	2135410	2137216	1806	CGGCACTGGCAACGAATCTTTGCTGCGCTTTGAGTTCTGCTGTGGACCGCTCAAACAAAGAGTTAATTGCTTTGACCAGTGGATAAACTTCCTCCGGTGCGCTTTCGCCAGCAAGCGGACTCAAGTCTGCCTGCGAGCGTTTGGCTAATTGAGCTTGTAAATCTTTTAGCGGATTCAAGATTTTGACTACACCATACCAGACCGCAGACAAACCCAAAATCATTGCAATTAATTGGGGAACCGCCACACTCAAAAGCATTTTCTTTTGAAATTGACGCCTTGCGTTCATTGTCTCGGCAACCTGGACAATAACTGATTTTGTAGATTCGCTTGGGATAACCTTAACGTCTACTATTCGAACGGTTTCACCTGCAATAACGCCGGTTCTAATTCTAGGCTTGTCTTCTTCGAGTTCAGTTGCAGGTAGTGGCAAATTTTTGTCTCCGGCGATCACTCCTTGAGCCTCGTCAGTAACGCTAAAATAGAATTTGTCGCTTTCGTCTTTTTTCAAAATGGCTTGAGCAGACGCTGGCAAATCTACTACAACTTTCTCGCCCTGTAATCGCAAGCGCCCAACGACAGAGTCGGCAGAATTAACTAAATCCCAGTCGAAATATTCTTCTGAAAAGTTTTGCACAAGATAAAAGCTCAAGACTGTACTTGCAATTGCCACGCATCCAAGAAGGGGCACGAACAAAAACAAAAGCTGTTTTCTGATTGCCCTTCTTTTCACTGTTGCCTTAGTTCCAAGATATAACCAAAGCCGCGCACAGTGTTGATATTCACCTCTGAGGCTTCTAATTTTTTGCGTAATCTATGCACTACAATTTCAACTGCATTTTCGCTAGATTCAATTAGCCAATCGGGAATTTGATCCATGAGCTGACGTTTGCTCACCACCTTACCCGCCCTTGTCATAAGTGTTTTCAGAACAACAACTTCTTTAGGTGTAAGTTCCATCGATTCATTTGCAAGTTTCAATTGTCCATTATTTGTATCAAGTGACAAAGAAGCAAATTTCATCTGCGTGCTATTTTTAAAATTGCTCTTGCGAAGAGCCGCACGCAGTCGGGCTTCCAATTCGCCAAAATCAAAAGGCTTGACCAGATAATCGCTTGCACCTTTATCTAGTCCTTTTATTTTGTCTTCCACTCTGTCGCGCGCAGTAATTATTATGACCGGCAATTCTTCGTTGCTTTTGCGCAACTCGTCTAGAATTTCGATACCATCAATCACTGGCAATCCAAGATCCAGAAGCACAGCATCATACCGATCGCTAAAAATTGACTCAAGTGCTTGAGCCCCAGTTTTAGCCAAATCCACAAGATATTTCTTGCGCTCAAGAGCTAGAACCAGAGCCGAAGCGAGATAGTCATCGTCTTCAACCAACAATATTCGAGTCATTCAAAAATTATACGCCACCAAGAATCCAAGTGTTGGTTGAAAGCAAACTGCAAGGTTCTCAAACAAGAATAGATTAGGCGACCCTAACTGTAGCAACTCTCCTACTAGCACAGTCAAAGCCCACATGAAACAAGCTGTAGGGTCGCCGTTTCTACACCCACAGGAGGAAGCATGCTCAAATTAGTAGCCGTTTTCGTTTTAATAGTTGGATTCGTAAGCGCATGTTCGGGCGCTAAAACCGAGGAATCTACAAGTACAACAACAACAGAAGAATCTGTCGAAAAACAAACTTCAGCTCAAGATGAATCCGCAGCACCTGAGGCGGAAGAAACAGAAGAAGTGAAAGAAACTAAGACTGAAACAAAGACCGAAAAGAAAACGAGCAAAGACAAAAAAGCAAAA
CP064963.1_gap49	2207953	2210856	2903	TACCCAACTGGACTGTCCCATGAAAAAGACCGGTTCGCTCACCACACTTCCGTCTTCTTTCACGCCTTCTAAACGAAACAGAATTTCACCATTCTCGGTTTCGGATAGCACCGCCCGCGGTAGCAAAGCTTTTTTACTAAAAGTTATTTCTTTGGAATCGGCAGTGTTTATAAGTTTGGCACAAAGACTCAAGTGACCAAGCACAAGCCCTTCATCACCGCGCGGGATGCGATGCCCACCAGCTTGCCCTTTGGTTGTCTGGGGCAAATCGGTCAAGTAACGAGCTAACTTATGCAGACGCGAGCCATCTTCTAGCGTACCAACTACTTCTGGCGGCACTTTCAAAATATTGACTTTGCCTTCCACTTTTTCTGGAATAATGCCAACAATTAGAGCAAGCGGTTTTTCAAGCACTAAAAGTCCAAGCTCGAATGTTGGCTCTTCTAAATTGCCATTGTCTTTAGCTAAATCTTTTGCAGGTTCTTTCGAGTCTTTAGAATCTTTAGAGTCTTTAGACTGGTCCTTGGCGTAAGGATCCTCTAAGTAGTCTTTGGCTTTAGGAGCCTTCTCTTTATCTTGCTGTCCATTTCGTCTGTCGCCCTCGTGCACATCAAAGCGGATGCCGGGCTTCACTCTTGCAATATGTGTGAGCAGAACAGCCACAGAGTGTTTGCACACAGGCTCAAAATAAGGACACGAACACGCAGCAGTGAAAGTATTCTCGTCTTCGATTTTGACCTCGACACGATATGGCTGAGGCTCTGAGCCAATTACCAAAGCCACAATTTGACCTTTGTCATCACTCTCTTCGTATTTCAAGACCTTTTTGCGACGGTAATACTGCACGCCACGTTTATAAACTGGCTCGCTGCTTGCATCTTGAACAGCTGAAAGAGATAGGTGCTTTCTGTTATTTGAAACAGTCATTAAAGGTTGATCTTTAACCCATGATCGAGAGAATTCCATTCTCCAAAGAGAATGGCGAGGCACTGTGTATTTTACCCCAAACAGGGAGAATCTACCTCAGCCGGTATTTTATCACACTAAATTAGAGCAATGAAGCCCAAAAGCTATGATGGCCTCATGTCTATGGATTCGCCACCTGGTCCAGCTTGGGGAACCATCGTATGTGACTGGTTCTGGGACTCGGGGTCGGATTCTGCAAAATTGCCAAGTGAACCACTAAAGGCGTTGTCAACGATTCTTTGCATCTCATGCTGCCTGTGCTCAAGCGTAGCGCAGTAGTCGTGCAAGACGCTTGCTTGCTGTTTAAGTGCAGAAGCGTTATCGCTTAGCCCAGGCAAAATTGAATCTATTTCGTCCAGAATACCGCTTGAAGGATGAGCCGGTGGACGCACTTTAATACCTTCGTTAGTTGAATCTGGACCGCGCATTTGCACTACAACATTATTTTGAGAGCTAGCCACAGCAGATGTCACCGAAAGAGATTCTTTCAATTTTTCAAGCGAGTTGCGCAATCCAAGAGCACGCTTGTAGGCACGATCCGCTTCTTTTTCTAGCCAGGCTTTACGCGATTTCTGAGCAGTTAATTCGCTTGTAAGTTGCTCAAGCACTTTCTTACGTGCAGTAAGCTCTGAGCGGACCAGCTCGATTTCCTTTTGTTTGAGCATTAAACCACGCTTGCGAAGCCAGAACAAAAGTAAAAGGGCACAAGACAAAGTGAGCGAATTGACCGAAATATAGAGATAACCTCGGCGCGAAGCTGACATCTCGAATGGATTTATGACGAATGCCCCAATATCTTTAATGAAAGACGGAGGCACTGTTCGGAAAAAATATAGCCGGCCCAAAATCTGTCCACTGTTTTGACTTCGGTTCACGTAAGTAGGCAGTTTTACCGCAGTGCGCGAGCGTGGCGACTCATAGCCAAAAGTGGGCTCCATTGGCGCGCCTTCTAAAAGCAAATCATATGGCTCATCGCACTTGCTCAAAAGCTCTTCGTGCGCATTGTTCTGCCAGGTTTCGTGATGATAAACCTTGTCTGTTTTATAAAGAATATTGCTGCCAGTGGCATCGGTGACGACCAGCCCAAAAAGCCCATAAGTTGAGTTGAGCGTATCCTGGATGAGGTCGTCGCGCCCTTCAATAATCATGCGCGATAAAAGCGGCGGCAGTGTGCGATGCAAAAGATTAAAATCTGTTGTCTGAACACGAAAAATAGTGCCGTGCCAGTAACTCATGTAATGAGCGTAGCAAATGCCCAGCCATCCGCACAAAACCACAAGCAAGACGCCGGGCACGAGTATGCGTTTTTGGCTGAGAGGATGAACTGATCCATCATTCGCACGCACCATCTTTGTAATAGACAATCAGTATTACAGGAAATAAACCTTTTGACCATATGGTAACTACGAAAAAGTGTTTGCAGACTAACAGTTTTTTGGCGAAACTGTTGTGCGCATAACCCTTTTCGGCGTTTAGTCTGGGTATATCAACAGTGTTGGTTCCGAATCACACCGGAGGATTGCCAACTTAAACCTAAATCCACTTATAAATTAAACCCACATCGAGGGTTGTTCCGCATTTAGTCGGATCGTATATTCTAAAACATCGTGGATAAAGATTTCTGACCGGGGGTTATTCCTCGGTCAGTTTTTTATGTCTTTTGAATCTCTTTGCGATAATATTGGGTAGGATCAAAGTATTAGATATCAGGGGCTGGAATGTCAGAAAACGCGTCGCAGGTCAAGTTAGGGGATTTACTCACCCGTGCTGGATTATTGACCGTTGATCAGCTCAAGGAAGGAATGCTGATTGCAAAGCAGCAGTCAATTCCGGTCGGTCGCGTCTTGATAATGGCTGGTTTCATTACCGAGCCCCATTTGCAAGCTGCAGTGCAAGCACAGTCAATGGTTAAAGACAGCCTCATCGACCTAGATACC
CP064963.1_gap50	2213495	2215316	1821	ATTGAAACTGAAGAGCAGGAAAGCATGACTTCAAGCACACAACAAAAACCTCAAGACTCTACTAAAAGCACTCTCGACTTTGGATTTACTTTAGAAAAACTTTTTTCAGCTGGTAAAAAAGCCGGCAACGAATTAGTGAAAGTAGCCGAGAATGCGATGGAAAACGGATATGAACAACACCCGACCATTGTAATAGACCGTGCTTCAGATGTAGAAAAACTTCTGCGCGAACTAGCTGACACTCAAAAAGAGCTTGCCACCGAGCGTATGATGCACATCGAAGACCTACGCCAAATGCACGAAATGGCAACTTCAATGCGTTTGCTTGAAATGCGCGGCACCCAAACTCAAATTCTCAAAGAAGAATTAGAAGGAGCACGCAATTTATTGAAAGCCCACAAAGAGCGCTACGAAGCTTACGTGACGCTACCCTGGTGGAAAAAACTTTTTGTCTCCACACCCTAACTGATGTAGCCGTAAGCAGCCAATGAAAATAGCGATTGACGGTCCCGCCGGAGCAGGCAAATCGACCGTGGCAAAAATGGTGGCAGTAAAACTGGGATATCTTTATATAGATACCGGCGCCATGTACCGCGCCATCGCCTGGCTTGCCCGCGCCCAGAACGTGTCTCCTCAAAATGGTCCTGCACTTGCCGAACTTGCAAGAAATTGCAATCTCACTCTCAAACCTGGCGCCGCAACTGGAGTATTTGTACACAATCAAGATATTTCAACAGATATTCGTTTGCCCGAAATATCTGAATTAGTAGGTCCAGTGTCGGCTCAAAAAGAATTGCGCGAAGAATTAGTCAAGCAACAACAAGCCATGGCACACGCCGTCGATGCCGTGCTTGATGGCAGAGACATCGGAACTGTTGTTCTGCCCGATGCTGAAGTCAAAGTTTTTCTCACAGCCAGTCCCGAAGTGCGGGCACATCGTCGCCTAAAAGATATTCAAAAGATGGGACTACCCGATACTTTTGACCAAATCTTGAAAGCCATAGTCGAGCGCGACCACAAAGACAGTACACGGGCAGAATCGCCCCTTCGTCAAGCAGACGACGCAGTGAAAGTGGACACAGATACAATGTCTATAGACCAAGTGGTCGAAACTATTCTTTTACTTTGTGCCAAATGCGAGAAAACGATTAGAATATAAGGCATGGAATCTGCCATATTCATAATTGTTGCTTGGATACTATCAACCTGCTTGCACGAATTCGGTCATGCATTCGTCGCCTATTTGGGTGGTGATACCACAGTCAAAGATCGTGGCTATCTCACCCTCAATCCCATTGCCTATTTTAATTCCGCCACCACTCTGGTTTTGCCGATACTAATGCTTTTGCTTGGAGGTATCCCGCTTCCAGGCGCTGCAGTTATGATCAACACATCCAAACTAAAAAACAGATTCTGGATTTCACTTACATCTTTTGCTGGCCCTTTTTTCTCTCTGCTGTGCCTGATCGGATTTATAATCGCCTACAAAGTATTCGCCTCAGACGCCATGTCTGCCAGCTTTCCATCTAATGTTGTGGAGATTTTACGTCCTAGTCTTGCACTTTTAATTTGGCTTGAAACTTATGTATTAATACTAAATTTGATACCAATGCCACCACTTGATGGATGGGGCATAATCGAGCCTTGGATGCCAGAAAACATTCAAATAGCTGCACGACGAAATGGCAATATCGGCTTTCTGATTATCATGCTCTCCAGTTTCACGGTTCCAATTATTCCTCAATTCATGGGCGCTATAGCCTATTTCGTCACCGACTTTTCTGGCGTTCCCGACTACTTAGTGGCGTCATCTTTTAAAAA
CP064963.1_gap51	2273270	2275857	2587	GTGAGGTCCTGCACTATCCATAGCGACAAAACCTTGTCCGTTCAGAGTAAACGCAGCATGCATAATTTGACCTTTGTGCTCACCTTCATCATAGCGGTGCATAAATTCAATTTCTGAGTCATCAAAAATGGAAGTGTAGAGTCGAATCGCTTCTTCGCATCGACCTAATTGTGGTCCACAAAACATCAAGCACGGACGAATCTTTTTCGGCGTTTCATGACAAAAAAGCTGCCACGACATTCCATACTTATCTTGCACCCATGCATATTTTGCAGCAAAGAAATATTTGTCGAGCGGCATCAACTCAGTGCCACCATCCATTAACTTTTCGTGCAACGAAACCACTTTTTCAGCACTGTCGAGCGCAACGAAAAGTGAAATACTTGGATTAATTTCGAAATTCGGTCCGCCGTTGAGCGCCATAAGCTCAAGCCCATCAAGATCGAACAACGCAGTCATAACTGAGTCTTTGGGACGACCCGAAGCTTTGGCACTGGACTCACCATAACGAGCTACGGTTCCCATTTTCGAATTTGGAAAAATGGAGCAATAAAATTTTGCCGCTTCTTCGGCCTGATTATCGAACCACAAGCACGGTCTAATCTTGTCCATATTCAACCTCTTGAATAGAAGCACAGTAAAAATTCAAGCCAGTCTAGCACTAAAACTGACGCAGCGTGTCCGGAGATGCGTCTTCATCATCTACAATTCCGTCATCCAATATACGGACAGGATCGTCCTTTAAGACAAATCTCCAGCGTATTTCAAATGGATGTTCGACTACATATTGCGATTCAGACTTTTGCTTGTGAACCTCTGACCACCAGCCCATTTCGCCATGACGTTGCGAGCCGGCTTTGACCCATTCTGTCCACTTCTCTGGCTCTGTGTCAATCAAAGGCGGGTAGTGAAATATTTCAAGCGGTCCCGATGCAACTTTGGCATCATCAGGAAATTCGACTCCTACTCCAAAAGACTTAAGTCCTTTGAGATCGTCTGTATCGACAGTATTTGTGAACTGCCACATTTTGTATCCGTCGCGCTCAGTGTATCTGGAGGGGACCAAACTGCCCGAGCTGCAACCTTCCGGAAAGAAGTCAGTTGTGTGCAATAAGTCGCCGTGATGCTGGTCGCTTATAGGATGTGGCAATTTGCGATGGTGCGAGACGCGCACCTGCACCTGTCTTTGCGGCCATTTCTTAGAAGGAACGTGAACCACATAATCTTTATAACTGCCGCTTTTGACCGAAACGTATTTGGGATGTTCTTTTGGATGCTCCAGAGCATATCCTGGAAACGCAGACATTCCAAATACCGAAGCCGCGATCACTGCTAGCGTTTTAACTTTGCGATTCATTTTCTATCAGTTAGCCTGCCAGGAATTTGCTTCGAGTTCGCGCACAATTCCATATTAAATCAATTTTTGGCTCATCTTCGCGTTCATTTTCAAAAACATTGTCCATTAAAACTTCACGCCAGATGACATCCTCATCAGTGAAGAATTTGGCATGAACCTTTCCGCGCACGTAACCGTCGTGATCCATGAGCATGTAGGCTTCCGCACTTAAATCGCCGCCAACGCGCAAAACACCGTCGTTGTAGTGCCCCAGCACAATGAGATCGGCGTCGACGTTACCGAGCACCAATACTGGTGCCCCAGCTTTAACCAGATTATTAACTTTCAAATTGCCTTTAACGAAAAGCAGCGGACCAAACGAAAGGGTTTCATTGAAGATGTCGCCCTCAACGGTTAAATCGCCCAGACAGACGAGCCCAGAGAGGCGATTAGCTGCCACCCAGGGCGCGTCAAAGTCTAGCTTCAGATCTCCTTTCAAGTGAGTTCCGTGTGGCAAAACTAGAATTTTGTGCGCCCCGTAACGCAGAGCATGGGGGCGCACGAATTCGGCGAAAAACTCCGGATAAGACATCGATTCGGGATCTAGAGGGATAGCGTCCTTAATAAAAGTCTCTAAATCGCCGGAGATATCGCGGGTCAACACCAGGTCGCCCAAGGGGGTGGGGTCGAACAGGTGCACCGGGCTAATAATCATTTCTTCTATATCCTTTCGCAAAGCTCACATTCGGAAAAACGGCCCGAAAATGAAAATTAGGAGCGTTGGAAATTATTTCTCGATAAATGCATTCGGCGACAATTTGAATCGATTAGCCAGTTTCTGAATCTGAGCCATAGAAAGCTTTCGTTTTCCTGAAAAATATTCTGATGCTCTGGAAGAACTTCCAAATTCTGGAATTAAGTCAGTCTGATTCAAACCATTTCTTTCCATTAAATACAGCAAAAGACTGCGAGGCGTTACTTCCTCTTCTTCCTTCCACTGGGATTCAAAGCTTTCAACTAATGTCGAAAGCACTTCCAAATAGTCTTTTTCAGCGTCGTTCAGTACGTCGTAATTGTCTAGCAGTTCATCGCAAACCATGCCCGCATAATCGTTTTCTTCTTCCGAGCGTATAGGTCTAAGTGGATATTTCTTAATCCATTTCAAATATTTCTTGTCTACAGCCTCGCTCATTCCGCTTTATTCCTTCTCTTCGTAGTCTTGAGACTTTTCTTCCAATCCCCTTTTTCATA
CP064963.1_gap52	2277638	2279497	1859	GCCTTTATTCTTGATTTCATACTATAATTCTTTGAAAGGCGCTCCCAGAGCCGATATCCAAAGAATACAGGATCTATATTCAATGAATAACCGCCAGATGTTTTCAATAAAAGAAGCAGCCCTCGAAATGGGTCTGGACAAAAAAACGTTGCGCGAAAAAATCAAGAATGGCGAAATAAAAGTCGAAAAACGCATTGAAGGCACCAAGGAGAAATTCTTCGTAACTCGCAAAGAAGTAGAAAAATTCCTGGCAGAAAATGCCGGTAAATTGACTACAAACCAAAAACTCCAGACTATTTTCGACAATAGCGAAAGTATGTATTTCGGTGTCGACAACTTGGAGCCAGTCAAGCTTCAACCGCAAAGAAAGCGTCATGTCGCACCTAAATCTAGAGCCGAAGCGACGCCTGAAGCCGCCAAAGAAATTAAAATCGAAGCAAAAAAATTCGATGCAAGCGAATTACTCGACTTCGAACCGCCCATAGCACCAAGTTTGGTGCCAGACGCACCCCCAGCGTTCATCTGGGATTTAGGTCCAGACAACATTTATGACTTCGAGCCTACTCGAACTCTGGACGATGCCGAAAACGATCTCTTTGCCTCACGTCCTTACGAATCACCAAATGGTTCGATTTCAAACTTTTCTCGTACTCAAGCAACGCAAGAATCGACTGCCGAAGTCGAAAGTGTCTTGCGGACTATTTCTCAAGAATATAAACGCCGCCTGGATGAACAGCGCGAAATCAATCAATACTTGCAGCTTGAATTGGCACATGCCAAAAGTCAATTATTGCTTTTGCCCGACTTGAAAAAACAAGCTGACGCACTCTATCTCAAAGAGTTTGAAATTCAAGCATTGCGCAAGCAGGTTTCTTATCTCAAAGAAGCTTATGCGCAAGCAGCTCAAAACATTAGTGTTCAAGCCGAATATACCTATGTGTACGAAGAAGTCGAGGAAGTCCAAGAGTCAATTGATGTTGACGAAGAAAAAATTTCATTGCTCGATGAAAGCGTATTGCCCGAAATGGATCGACAGATTCAGAAAATCAAACGTGTGCAAGAGGCTGAGCAGTCGCTCGTTCTCGACAGACTCAAACTAGATGCCACCAAACGCCAGGACCAGAATCAAAATCTTACTTCGATGAAATCAAAAATCGACGAACTCGAAAATATGATTGTAAGCATGACTGAACAAGTTCAGGTTCAAGTGCAAGAACAAAGTCAAAAACAAAGTCAAGCAACCACCCAAGAGTTAGAACTGGAGAAAGCTCCCGTAAAAAAGCCCTGGTGGAAGGTATTCCTGGGTCTTTAGACCTCGGGGACCTGAGTTTGGACGAATAAGTCACTGCAATGCTTTGAAATATCTTGTCCTTCGCGCCTGAATTGCAAGTCGCGACAATAAAGGGCTGAACCTACAAGAATTATCCCTGTGGACAGAATACTCAAAATCGTGCCCACTGCGGTTTCGACGCAAGCTAAGTGAAGTGGCATGTCGCCGTGCGCTTGTCCGCCATGAGTGAAGCTCTCAAACATTTCCATGCCAATTAACGGCAAATAAAAGGATAGGCAGACGGCAAAAGCAGACATGCACAAAAGACAAATAAACGACCCGCTGCGCCACCAGTAGGGACTGACCAGCTCATAGCCGCGCTCCAGGATCTTGACAATAGCCAGGTCTTCAAGAGATACGAGTACGAACCAGACTGCGGTTAAAACTAGCGCCATGGCGCCCATGACGGTGCCTGCGACGATGATTGAAAAGAAGCTCGTAACAGCGATTATTCGCAAAATGTTTTTGCCAAACGCCAGAAGCAAGATTGCACCTATCGTTGTCACAATAAAAATAATGGTCGGCAAAA
CP064963.1_gap53	2368830	2372319	3489	TGGACAAGGGGCTTTAGCCATCGAGTGTCGCAGTGATGACACAAATACTTTTGCATTGCTTGCACAATTAGACGACTTCAAAACACGAGTAGAAATCAGTGCAGAGCGCGCCTTTCTAGGCGCTCTGGGTGGCGGGTGTTCAGTTCCAATTGGGGTCTCAGCTTCCTTTGACTCCGCTCTACAAATACTTAAAATAACAGGATCAATTGCATCTATTGATGGAAAATCTCTGCATCAAAGTTCGATTGCCGAAAAATTCGATTCAACAATAAGTGGCGCTAGCAATCTAGGCTTGAAACTGGCACAGACTATGCAAACCAAAGAAGTTGCGCTCATCTTAGAAGAGCTAAAAAAAGAGGAAAGCCGAATTTCAGCTCCATAGTGATGATGGAGCGTCGATCTCCACTATTTGGCAAACGAGTGCTGGTCACAAGAGCATTTATGCCAACTAAATCAGAAAATGAATTATCCCAAAGACTTGGCGATTCAGGCGCCATAGTCCACGAAAAACCATTACTGAGTATCGGTCCACCCTCTAGTTTTGAAGACCTCGATCGAGCGCTAAATCAAATTGATACTTTCGATTGGATTGTATTTGCCAGCCCCAGGGCTGTTTCAAGCACACTGGAGCGTTTGAATTTTTTATCGCTCCCTTTCAAAAAAACTAAAATCGCTGCAGTGGGCAAATCCACTGCAAATTTTCTCAAAGACCAAGGAATCGATGTCGATTTTTATCCAAGTACCTTTAGTGCACAAGGTCTTGTGGATGAATTCCCCAGTCAAAATCTTGTTGGAACACGCATTTTTTGGCCTCGCACACTTGCAGGGGAAACCACTATCCATGACGGTCTCAGTACTCGCGGAGCACATGTCATCATGGCTGAATCCTATTCTTCGGGCATAGTGTCCCAGAATGAGAATCTGGCTCTGGAACTTGATCGCCTGATGCAAAGCGAACTTGATATTGTCACTTTCACAAGTTCACAAACAGTTCGCAACTTTGTATCAGTGCTCGAGTTGCAAAAAATGGACCAAAAATTATCCGTACGTTATCCCCACGTCATAGTGGCTGTAATCGGTCCGAAAACGGCACAAACAGCATTTGATATTTATGGCAGAGCAGATGTCGTGGCCGGGGAATATACTATTGAAGGGCTCGTTTCGTCCCTCAAACGCCATTTCGAACACGGATGAAATGAATCAGGAAGACCAGCTAAACATCCTTGACACCTGCATTGACAGAATTTCCGACATGGATGGTCATGTGGTGAGATTCGCCCAAAGTCCTTGGGATACTGATAATTTGAAACGACTGGCTGAACATTTTTCAGTTCTTGCCGAAATTTCTAAAACCAAAGAACAGATGCGCCTGTCCGAAATTTACGACATGGCATGCTCCGGACAAAATCTGTGCACCACCATCATCACACACCAACCCGACGATGTAATTGTGTATTGGCGCAGCTTCAAAGAGATGCTGAGCCATATTCGCACTTGCGTGGAAAAGGAAAAAGAACGCATAATGACTATGCCGGACGAAAGAAGACCGCGCAACAGTCAGCAAGCCTATGACCCTTCGCAAGATTTTGGCTCGTATGGTGGCTCAGGCTCTCAAGGAGCGCCAGGAGCATTCAGAGCCTCCGGTGCATCTGGAGCTTATGGCTCATCTGGAGCATCCGACTCGTATGGCTCTTATGACGGCTCTCCACCGTCTTCAAATAGCAGCCAGCCATCGCGATCGGCTTCGCTGCCACCATCGTCAAACATGCCGCCCTCCTCCTCTCATTCGTCACTGCGGGCGCAACAACCGCCTTCGAATCAGAATCAATATCAACCAAATTCCGCACCAGTATCCGCACCTCTGTCTGCGCCTATGTCTGCGATTCCGACTCAAATTAATCCGCATAACGTAGCGCCCAATGCAGTTAACAGTACACCTGCAAGCCAGATCCAACAAAATAATTATTTGGCGGCTCAAACGCCATATCCATTTGCGACACCAACACCCGCGCAAACGCAAGCACCGCAGCCCGAACCGGCACCACCCATAGTGCCCACTCATGACGTAGTTGTGGTGAGCAGCAACATGGAAAAATTGCGTGCTTTATCCACCGCACTTTCGCACCAAGCGATATCGGTTCGTCCTTGCAGCGACCTTAATCAAGCCTGGGAAACAACACTCAATCACATGCCAAATGGGCTGCTGGTCTGCGTTCCAGTTCAAGCTGGAAACGCTTATCAATTTATAAGTCAAGTACGCGCACTTCCTGGTGCGGAGAATATAGCCATCATCGTTCTTGGTGAGGAGCATGCATTTCTTGAGTCGATAAACACTGTAAAAGCTCGAGCAGATGCCTTTCTTGCTTTGCCTGTAGAAGTCGATGCCATTCTTGAAAAATTCAAATACTTTTTTGGACGAGGCAAACCGCAACTTTATCGCATCTTGTGCATGGAGCAAGACCCTCTTGAAGCTCAGTCTGTAGTCGAAACGCTTGAGCATGCCGGCTATAACGTACTCTGGCAAAGTGATCCATTTGCCTTTGAAGAGTCTCTATTGGCGTTCAGTCCTGATCTCATTTTGCTCGATGCCGCGTCCAGTCAAATCGATGGATTCGAGCTTTCACGCTATCTCAGACAAAGTGAGCGTTTCGCCACTGTGCCAGTTCTGTTTCTCACTGGCGAAAATAATTTGGAAGCGCATATGGAAGGCGCTCGCTCTCTGGCGGATGATTATTTGGTCAAACCTGTTATTCCAGAATTGCTTGTAGCAACAGTTTCAGGCAAACTGGAAAGATTTCGTATTTTCAAAAAGCTTTTAAAAAATGACCCGCTCACACAAATTTTGAATTACGACCATTTTGTCGATTTAGCTCAACGTTCCCTTAAAGCCCGAGCTAACCTACCTGGAGCTTCGCGTGCAATTCTGACTGTAATTGATATCGACAATCTCAAAAGTCTCAACAACACTTTTGGATTTGCTGTGGGTGACAGGACTTTACTTGCGCTGGTCCAAGTAATACGCAAAGTTTTTCGCCATACAGACCTGATTGGACGCGTGGGTGGTGACAGGATTGCGATTCTCGATTATGGTCTGCCTCTGCGCGAAACTATGGAAACAGTTGATGACCTGCTTTTAAATTTTGCACAAGTGCCTCACAAATCGAAAGGCAATATCTTCAAAGTGACCGCCAGTGCAGGGATTTCAGCCGCAATGGAACAGGAACGCTTCGCCGACTTGCTTGAGCGCAGCTTAAGGGCAGTTCAAAATGCAAAGTCACAAGGTAAAGGGCGTATTTGTCAGGGCTGAGCAAAACATATATACTGCTATTTCATTTTAAAGGAGAATCCGGCTGAAGATGGCAAATCTGGTCACGGAGTCCGCTAAATCGCGGCTCAACGAAAGCAACTCTCAGTTTGATTCTTATTATCGCCCGCGTCGCTTGCGGTCTACTCAAGCTCTCAGAGCAATGGTCCGCGAAACAAAAGTCG
CP064963.1_gap54	2389680	2391202	1522	GTGGGTCATGGATTTAACTGTGACGAACGCGAATCTTACAACCAAGAAGCTGCAGAGCTTGCTTACAAGCGCAGTCTGGAAGTTCTAAAAAGCGAATTAGGGCTTTTATAAAAGTTTCAGCCGTCAAAAGGAAGCACCACCATTAGTATCAGTAATATTTTGTATGTGAGCAAAAACCAGGAGAATATTTCTCTAGTCAAAGATTTGTTCGACCAGTCTAAGTATCAGTTCATACCAGCTTCCAGCATGTCACTTGGATTGTTTTTAGCTCAGAAAAACTTTCCCGATTTAATACTATGCGAAGCGAGTTTGTTCGAAGGTGATGGCTATTCTTTATTGGAAACAATAAAAAGTGACGAGGAGCTCGCATCAATTCCGGTAGTTTTCGTAATTGGCGACTCAGACAAGTTAGCCTCAGAACAAATACAAGGCGCGTCTTATTTACTGAAACTACCCTTTGAAGAAGCAATTGGCACTTTAAAAAGCAAACTAGAAGGACTTATTCAGTCTCGATTGCTCGATAAGAAAGACCGCCCTATTTATTCTCCGGAATAACAAAAACTTCTGGCTCCAACTCTTTTTCTTTATATTCAAAGCCTCGTCCGCGCAAAACCATAATGTGGTTTGAATCTATTTTCAAACTATCGTGCTGCTTTCGCGGCCCCATCAAATGTCCGACCATTCGACTTTGAGCCAGATTCAAATCAAAAATCTCTACTTCGTCTTGATCGCCATTACGCGTGGCACCACCTGTAATGGCAATGACACCGGGTGCAATCTCGACCATTGAATGTTCATAACGAGCAAAAATAAGTTTGCCACAATTAACAATAGAATTTGTTTTTGGGTCCATTAATTGTACTAATTCAATCTCTACTGGGCGTGCAGTAGAACCACCACTCACTAGCACTTTTCCATCAGGCAGAAGAAGAGTGGAATGTTTGATACTTTCTTTTGCTAATCTGGGTCCCTTGATTAATTGTTTGGTTTTGGGATCGAAAAACCAGGTGTTGCAACTATAAGTGTTATTGGCACCCACGCCGCCTGACAGCCAAATTCGCCCGTCTTTTAGGCGTGTGATTTCAGGAACAAGCACACCATCTGGTAGTTTTGGAAAATATCCAGCAGATTCAAGTTCTTTTTGCGCTTTTAAGCGAAGAGAATCGGGCAACACTCCAATTGTCTTACCCCTATAACTGACCTGGTTGTCTTGCATGCTCACCAAACTCGCGCTCTCAGCGTCTGAGTTCACTTGAGCGTGACCGCCACATGCTTGCAGAGCTAAAAGGACGAATCCCAGCTCGGCAATCACCACCACCATATTTAATTTTAAAATTTTCGCCAAAATCGATTTTAGAACTCTCTTTGCTTTTTCACTATTAATTTTGAACAGAATAGCAAATTCTCAATTCTGCCTATTTGTAGCTTTTATCTGGGTATAGTGAAACTAGATGCTTATTAGGGGACAGACATGAGCCTGCCAAGCCAGATTGACAAGATTGAGCTAATTGACGAGGGCTTG
CP064963.1_gap55	2463166	2466084	2918	ACCTTGTCGGTAGTGCAAACATAGGTTTTGTCTTCGACCCGAGCCACGTCGGAGGCGTCGGAGCGAGCAAGGAAGCTGTTGGGACGCTTCTGGGGATTGAGCCGAATGAGCTTGCCGGCTTCGACCAGCTCACCAGCTAGACGGTCGTACTCGTCTTGAGTGCCATCACACCAATAGACTGAATCGGGTTGGCAAAGAGTTTTCACTTCGTCGACCCATGCAAGCAACTTGCTATTGGAGGTAGATTTTGGCGGCATTTGGTATCCTTTGTTTGGTTGTGAATCAGTGCTCATTTTGCGCTTATATAAAGAGCACGATTCTTCGATTAAGTTCCAATTTCGACGGTCTTGGCTAAGTTTTTTGACTCGTTTCTTGTAAAATTAGTTGACCTCATTAACTTACTAAGAAGCTTTGTATTCATTCCTGGAGTGCTAAGGAATGTCACTATTCTGGGTTGGCCGAGTTGCGCTAAATTTTCTGTTTCATTTGTTACATGCGCAATGTTGTTTACAATCACTGTTTTGCCACCCATCGATACCAACGCATCAATTCAGCTGTAGACAAGCTTGATTCTGGACATCCTCGATGCAAATGAGGACGAGCACCATCAAACATTTCAGAAATTCCGCCCAGAGCTTCTTCCTGCATAAAGTGCTCCATAAGCGGTTGCAGGGCTATTTTTATTCGATTGACAGTCTCAGGAACTCCGCCGTGAATGTTGAGTAAGGCGTCGCAATACTGACCAAGTAGCCAGGGATAAACCATGCCCTGGTGTCGACTTAAATCTCTGTGATACTGGTCTGGATGAGTCAAACCACAACCAAAAATGCCTTGATAATTTGTATCTGTACTAGCCAAAGTACGAATTCCCATCGGAGTGAGTAATTCGTTTTCCACCACCTGTAGTATCATTTTCTCTTGTTCCGGTTTTAAGGCGCGAAATGGGAGTGAAATAGCAAGAAGCTGATTAGATCTGATGCTTTCATCATTTTTGGGACCAGGGGTCAATCCTTCTTCCAAAACATCGAACAAACACTTCTTCTCTTCATTCCAAAATTTTTGCATCGATTCTTTCGCTTTGTCTGCCATGGTTTTTATTTCGGTGAAGTTGCCCGAAGGCTCCCCGACAGCATCGGCAAGGAATAAGATTGTCTCTAAAAAGTTGTACCAGAGAGAGCAAAGTTCGATAGCTTTTCCAGCACGTTGAGTCATTGGAAAATCTTCCACCTTCGTATCCATCCAGGTGAAGACTTTCTGACGATGCGCGCACCGCAATAGTCCATCTGAGGGATCTATTCTGACACCAGGATTGGTGCCAAGCACATATTTGACAGCAGCATCGACCATGAGAGGCAATTGCGTCTTGACAAAATCGGCATCACGAGCCACTTTCCAGTAGTGATATAAAGCCCATCCCCACCACAATGTTATGTCAGCCGCTTCATATTCGTGTTCGCCTTCTGAAGCTGGAAAGTCAAAATCTTTTTGATAGTTAGGCATGATGCCATTTTTGACACGCTTAGCTGCCGTTTCTATAATGTGCTTTGCATCATCTAGTCTGCGAGTAGCAATGGCAAGTCCCGGAACAGCCATCATTGCCGCTCTGCCTCCGGCATTGAACCAGGGATAACCTTCGACTACCGTAAGACCCTTATCAATTTGGGAGCAATAATCTTCCACAATAAATTTATCGCAATCAAGCAAGAGCATTACCGTGCGCTGACTTTTGTCTAGATTAGCTCGCTCAATAATCTGTTTTTGTCTTGCCACCATATCTTCTACGTGCGGCTTGACGCACACTTTATGAATAGGTCGCTCAAAACTGGCAGCCACAACCACTTCGCTCTCGTGAGTAAGAGGAGCTGTGACAGAGCCCACTAAATACAAATCCTCCGAATCTGGCAAACCACGCTTTGTTTCGATAGGTAAGTTATAATCCCACCACCAATTTTTAGAAGTGGAATATTCACCTTTGTTCCAGGTGAGACATAAACGGCGAGCCTTATTATCCAGAATGATTACAGCCTGTTTGGGAGAAACAAACTGAGCATATTTCATTTGTGATGAACCTTTCACTTGCTCGTGAATAGGTCTGTAACCGACCAAAAAGCGAGAACTTATGCGAGCGTCCTGCGCCTCGCCCTCAGGTTTGTCTGGGTCAGGTATCCAGTTATATTCAACAAACACTTCATCGCTAGAATGAGGATGAATGAGTTGTTTAATCAAATAATTTCCTGCAATTTCAAAAACCCAGGTAGGACAAGGCAAATTGGTAAACGACTCTAGATATTTGTAACCAGTTGGCGACACCACCCCTGATGCCCAGTAATTTGTAGACAGATCAAATTCGCGTCCATTTACGAAAACTGTCTCTTCAAGCCTCGACAAAACAACATGCCTATTACATGGTGGTGGCATGGACGATACCAATACCGCATGGTATCTGCGCAAGTTAGCGCCCGAAACAGTGCCCATGGAGTATCCGCCAAGCCCATTAGCAACAAGCCATTCGCGATTATCTGGTTTATCGCGCGAGGGATACCAAATAGGAATTTCAAAATCGATGTCTCGATAACGTGATTTGAGCCAACCGATAATTCCAAATGTCACCTAAACGCCTCCCGGGTTCTGAAGCCATTCTACCCAACGCGAGCGTCTGGGCCGCATGTCAAGCCGTATATTCAAAAATTGCCCGTAAGGAGGCTTTAGCAAACCTCAATCCTAAATGTCTGGCAAATTCATCAAGAAGCTCGCGAAGTTTGCGCTAACTGCAACATATTTTCCCCAAAGGTTTAACCTTTTTAAGGTTGCAAAGAGGAGGCGCGCTTTGTTAGGTTTTGGCATGAGGGCGAAACGAGGGAACGAAAAAATGATTATCGATGTAACTAGATGTCTTTCAGTATTTATTGCAGTCAGCG
CP064963.1_gap56	2512943	2516555	3612	TTACTCGTCAGCTTCCGCTGGCTTCACCCAAGAACGCAGCAAGGTAACATATGAACTCGATTACCTTGAGCACCAGGTTAACGTAGGCCATCAGCAGGAAGAAGGCTAAATCCGCCGCTGCATCCCAGGAATTCTCCTGCTCGTGAGCGAGCATGGAAAAACCCACAAGGAAGTAGGCGACGAAGATGCCGATCCCGATCAGAGAATACGCCAACCCGACGACTGCGCTCATTCCACCGGTGAAGGCCAGTGCGAAGAGACTCACGGCCACGAGGCCGAGCGTTGCCCAGAACAGGAAGGTCCCCATGCGGTAGAACCGCACCCAGTGAAAGACCTTGACCGCAAGACCGCACAGAGCCATGACGCCTGCGCAACCAAGGAAGATGGCGAGAACCACCTTCAGTCCGACCGCTTGTGCGAACATCCCAATCACAGGCCCGATGAAGAGGCCGACGGACAGAGATGCAAACACAAGCAGAGAGACTTTTGTTCCAGTCGACCACTCCGGCTTGCGGAAAGCAAACAAGAGAATCGAGCCCAGGTAGAGCACCAGGCTGACCCAAAAGAATGAGCCAACCATTGCCGGCGGGACGAGCGTACCCAACACGGTACCAACTCCCATACTCGCCATAGCAGCCGTGAGCAGCGCCATGGTTTTGGTGAAGATGGTAGAAGTAGCAGCCGTCTGGTCACGGCCGTAGTCACGATCTGTGGAGGTTGTCATGCCGAATCCTCGTAAGATTTAGGTCGAGCCGAAGCCCTCACCGCAATCCTTTTCCAGAAAAACCACACAAATGCTCGGAGCCCCCGTGACCCAGACTCTCTCAAGCAAGGGAAGATATCTGAGACTGGAGTGCGCCTTACGGTTTTGTATGTTGAGTATTCCTGGAATGCTTGAAGAATTGAAATGCATTCTCACCCTAGCAAAAGACAATGCAAAGTGAAACGCTTTTAATAACCCCAAAAGTCTGAAATCACTAAATTAGTCTCGATTTATTATTCGTGCACCTGCGCTAACCCATCAGCAAACGAGCAAACTCTCTGACCATAGCTCTCACTTCATCTGGATTCTTACTCAGTCCTGGAAAATAAGCCAAAAACTCTCCTTCATTTTTAGAACCCAAGTAATGGCCCGAAGTGCAAATAATTGGAAGATTCGCTAAATTAGCAGCTTTCAAGACATCTTTTTCAGATTTCTTCTGATATCGAAACAAACAAGTGATGCCACCACTTTCCGATTGAATCTCTATATCGGGTCCAAATGCCATTTTCAATTCATACATCAAAAGACTGCGCTTCGCTTTAAACGACTTCTCCAACTTGCGTACATGTTTTTGCAAAAAACCGTCTTTTAAAATATCGGCCAAAACAAGCTGAATCATTGTCTCAGACACACCTTCCGTTTGAATTTTGCTTTGCTCCAAAATAGGCATCAGAAGCGGCGGAACTACCAAAAAACAGATTGTGGTTAGTGGATATAAAACCTGCCAAAAAGTAGAGAGATAAATTACTCGACCTTCCGTATCCATAGACTTTAAAGATGGGGGTAGACGTTTACCATAATTGAAAAATCCGTCATAGTCATCTTCAATTATCCACGCATCACTTTTAGATGCCCACAAAAGCAATGCCTCTCGCCGAGAAGAAGTCATAGTGATACCAGTTGGATCATGGTGATCCGGAGTGACATAAACCAGTTTTATTTTGCGTTTTGACTTATAAAGCTCTTCAACAACTAGTCCGTGCTGATCAACTGGAATAGTCAAAGTTTCAATATCATGATAATTGGCCACATTTTTCACTCCACCAAAACCTGGATCTTCTATGGCTAGCAAGTCTCCATCATTCAAGAGTAAACGGGACAATAACGCTACAGCAGCAAAAGAAATGTTAAAAATTGCGATATCATATTCGGTGCAAGGTATAGACTTAGCTCTATTCAAGTAGGCGGAAAGCGCTTCGCGCAACTCAGGTCGACCTAGTGGCTCCATGTCGTATTTCAGATTTTTGAATGCGGAGGGCTCACATCTGTTTCTAATCAACTCACGCCAACGATTTAGAGGCAAAGCTTCTTTTGGAACACCACCATAATTCAGTGCGTGAAAGTCGGGAGAAATTGGATGAAACGCGGCTCTTTCAGTCATGCTTTTTCCATAAGGTGAAATCCGCTCGAAAAGATGATCTAAAACCAAGGAATTAAGAACTGGTTTAAGACTCTTTCGCTCCAGGTTAGCTACGAAAGTTCCTCTAGTGCTGCCCGTCTCAGTGAAGCCGAGTGCTCGAAGATGTCTGTAAGCTCGCAAAACCGTGTCCCGAGACACTCCCAATGACTCGGCCATCACTCTACTTGGTTGTAGTGGAGAATTGGGTGGAAGTCGTCCAGACTCTATTGCTGAGATTAAAGCCATGGCTATTTCTTGGTACCCAGGCTTTTCTCCTATAGGAAATAATGACGTGAATTTATTGGGTGAATCAACCATGCGCTATTTGTATAAAGCCGATCCAAGATTTACCGAATTAAGCATACCAATTCTAGCTGTACTAACCAAAAACATTCTGAAATGGACGTTTATGAGTCTCAATTAAACCCATAAATTTTATTTTCGCGTTTCAAGAGTACTAAAACTATTTAGACCTTTTTTTCACCGCGAATCTTCACTTTGAACCTAAATAACCAAGAACACACATCCACGAGAACTCTTTGAAATCTAGAACCTTCAACTCACCCTCCTAAGGAGAGCAAGTAATGAATACCAATCTGAGTGCTGAACGAGTGATAGTGAAGCGGACGCTTCACGACAACGGCAAGGACTCACCGAAAGTCATTTACGCCTCTATCAACAAAGCTGAAGCAAAGCTCGGTGAGCTTATCTACAGCGGAAAATTTATTTCTTACGGCCGCCGTCCAGGCAATTTGCATGGCAAGATCATTGAGCTTTGGCAAGAGATCTACATCGGCGAAAACGAGCCGGAGTCTGCGCCCCATGTTGCATGACCTGCTCAACGCCACCAAGAAACCATTTATTTTATTTGCACCAGCCTACGCTGTCGCGGTATATGCCTACCCAGACACGGTGTTGCTGACCTGGCTCACTTTCGCCGGACTGTTTGGTGTCTACGCCTGCTTGCTTGCAGTGTGGGTATCAATCATGGCTTTGGACGAAATCCGGATTCACTGGACGCTCCTTCGAGCCAAAAAAATCCAAAAGCCAGACTCTTGCTCTGGCACGAAATGCAACCTCAATCCCTAGGAAAAAACAAATGACAAACGTGATACCATTCAGATCGCGCGCAGAGCTGAAGAAGCCTGCTGTGACCGCTATTTCGACCATTGAGACAGAAGCCCTCGATGACCGACCTGATACGCCTGTCGAAAACATTTCTTTGGCTACAGCAACGCCCGAATTGTCTCGCAAAGATGCCGAGAAAGCGATGAAATACATATTTCTCCAGGCTCACAAAATCGGCCTGAAAGTTCTCCAAAACGACCAGAAGAAGACTTCGGCAGAAGGCGAAGAAGCGCGCCACGTTGTGATGTTCGCCCTCAAAGGACCCAAGGACAAAGTCTTCGCCATGGAAGATGCGCTCAAGTCTGGCGACTTCCTCAACTTC
CP064963.1_gap57	2518138	2518880	742	TTCGATCCTGATAAAGACTTCGTTATCGCCTACTTGAGCAACGGCAATGCGAAAAAGTCCCAAAAGATTCTCATTGCCGGTAAGAAGCAGTCCAAGAAGTCAGCTTTGCATCGTCTCACACATGAACAATGCTCGCCACGCTGTTTTTGCAAGGATCGCCCGACAGTAATTTAGGTTAAAACCTGGAATCCCCCGGAAAGACTGTCTACTTCACATAAGTGCAGTTTTTCCTGGCGATTTCAAAATTGCTTTCTTACCAAAACAAAATCAATCAATATAAGGAGACACAAATGTTTTCTGCAATCAAGAGCATTTCATTTTGCATAGCCGCCATTATCGGTGTTTATGTTCTCAGCACCCTTCTTCAAGGCAAAGTTCCACAGATTCAAGACGCTCTCATGGTCGGAGGTCTGCTCGGACTTGTCTGCGTAAGCTCAATATTCATTTTCTGCAAGAAGCGATACCATGTTGCTGTCGGAGCTGCATCAACTACCGCTCTCTGGCTTGTTTTCGTGACGCTGATGGCAAACGAATTCGGAGTTTCCGGTTTCGACACAAGCAAGATCATCCTCACCACTTTAGTGGTGGCAATCGAAGGCGCAGTTGGTGGTCTAGGTTACAAGCTGGGCTTGCGCTAAAAAATGGACCTCTCACCCATCGGTTGGATCACCCTCATCGGTGCAATCCTGCTCTTTCTCTCTCTTCCGATTGGACAGTCGCGCAACCAAGCGCTATTCAATCT
CP064963.1_gap58	2613055	2617935	4880	CCTCTATCACCTCAATGATTTCTTCTTCAAAATTGTGATTATGCAAAATCTCATCAGCAGTACCGAAGGAACTGTCGGACAATTTAAAATTTATCTCCAACTCTTCATATGCATCTTCATCTACTTCCTGATGAACAGTTGCAACCGGGGAAGCTATAAATTCTGGATGCATTGATTCCAAAACGCTTCGCAACGACGGATTTAGTTTGTAGCGCTTGTCCAAAATCTCAAAAGTGTCAAATACAGCTTGAGCTGCGAATCTCACGAAACCCTCATCAGTTTGAGGAACCGACGACCAGTGGAAGGTTTTTGTAATTGAATGACTTTTCTTTTTCTTACTCACATACTGAAAGGTTTCAAGAGTTTTGTGTTCCTCAACAATTGCAATCCCTAAACCAAAATTTTCCAGTGCTGTCTTCTCGTAAAATTCAGCTGCTTTCATCACCGGAAGGACTAAGTCACCAACTAATTTTTGAAAAATCGAACCTATCAAATTTTGGGGTGGAAAATCTCCAGTTATGTACTCGGGATTGATGGTATCCGCTCGAACGTACATCGGTATGAAAACCATAAGCGCGACGCCAAATTTTTCTCTCAGATGTTCGATGTCGGTTTCATTCATCGCAACATTTTACGCCGATTAAATCGGTGCGGCAACTAAAATAGTCTGATCCTGCACATAGAGCACCTCTTCCAGAGCGAAGCCATTGCGGTTTAAAAGTTCAGTATATTCGGCACGAGTGCGAGCCTTTCCGCCCGGCATATTCAAAATCTGCAAATCGTAGAGTGTGCTCCACTCGGCATTTTCTTTGTCGATAACGTATTCGATAATTAAAAATCGCGCGTTGATGTCTTCGGCAATTGCGTCACGAATTTTTTGAATTATGATTGAACAGCGCTGGTCATCCCAATTCCAGAGCGAGTTCTTGATCAAATATAAATCCAAACTGCTTGGAACGGACTCGAAGAAATCTCCGACAACAATCTCGGATCTATCCAGCACATCGTAAGATTGCAAATAATTGCAGGCAGATTTTTTTAAACTTTCTATCTCGAAAAGATAGCCCTTCAAATGCGGGTGCGCCTTCAAAAGCGCGACCAATAGCGTGCCTACACCGCCACCAATATCGACGACAGTTTTATATTTTCCAAAATCATAGCCTTGCGCAATTGCAGCACTTGCTTGAGCAGAGTTCGAAATCATCGCATCCGCAAAGGCTTTAGTCGCCCCGTCCGTCTCGTCTAAATGTTCGTACAAAGGTTTTCCAAATGCGTGCTCGATGCCCGAGCGCCCGTCAGCAAGACAATCGGCGAAGTTTAGCCACGCGTTAATGCAACTTGGATGGTTCCACATTTTCGCCATCGCAGCCCACGATTGAGACGATCGCGTTTTGAGCAAATTTGATACTTCGTTATGCGCAAACTCTCCAGAGCGAGTTTCTACAAAGATTCCATTAGCCGCAAGCGCGCGCATTACTCTATACAAAGTGGGTGAATGTAGTCCGGAAATTTGCGACAACTCGTCTACATGAACTGGCTTTTCATTTAATAGATCGGCGATTTTGTGCTCAACAATTGCAGTGACTGCATGACTGAGCCAGGCAGTACAGAAAATATCATTCAGCTTGTATCGGGCAGAAATTGCGGGTTGCTCAGAATCTGCAATCCTTCCTTTTATTAGGTTTTTGGGATAAAATTCAATCATATGATTGAATCATACAGTTGACAGCCTAAATTCGTCAAGCTATTCTCATCAAATGAAAAAGACCAGAGACCAGTTGCTCGATATCGCAGAGCGTCATTTCGCTATTTATGGCTTTGCAGGCGCAACTCTGCGCGGAATAATCAAAGACGCCGGCACCAACGTCGCCTCAATTGCCTATCATTTCGGCACAAAGGAAGATCTTTTCCAGGCAGTGCTAGAGCGCTTTGCCAAGCCTGTTGTCAGTCAACAACTCTCCAAACTCGAAACCGAACTTCAATCAAAAAATCTAAAACTGCGAAACGTCTTGCTCGCATTCTATGAACCACCTATGAAGATGGCACATTCTCTGGGCAAAAAAGGAGAAATTCTTTCTCTCTTCTTAGGTCGCTCCCAGACAGAACCTGAGCCGGTCTTCAACGAAGTGGACAAGCATTACGCAGATTGTCGGGATCAATTCATCAAAGCATTTGAGCGCGCGCTTCCAGGCTTGACCAAAGAAGACTACCATTGGCGATTCGAATTTATGCTCAGCCTAATAGTGTGTTTTCTGACACGACAAAAACAAATTCGCGGTCGTTACGAGACACGCACAGACTGGAATCCTGACGAGGCGATTAATCGCATGATTTCATTTTGCGAATCGGGATTTTGAAATATACTTTGATTGGAAACTGCGTCGTCCAATAAGATTTGGAACCAAATATCTTGAAATTCGTGCCGAAAATCATAGGATTAGCGTATTTGGGGTGCGCCCTCTATGCTATTTGCACTTTCTTCAACACTCATTTAACCAACATTTCCAATGCTAGGGAGATAAGCCAGGAAACTGTACCACTCTTTTTCTACCTACTATTTTCCTTGGCTGCGCCGGGACTAGCGTTTGTTTATTTCAAAAAATTCGTCTTACCCTTACTGAAAAGACTTAGACAAAATCCAAAAAGAGAATTCCGAGCTGTGTTTGGATTGAACAAAAAACAAATTTGGATTTTCGTTCTATCATTTCTCTTTATCATTTGGGTAACTGCATTGGGCTTCTGCGAATTTGAGGACTTCAAAATAAGGATCTACTCCAAAGGAATAATTGAATCTCGACTAGAAGAATTTAGTTATTTTCTTGCAATGCTGATAGCTCCCTTACTTCTTGTATTTCACCTTGCAGGGCGAAACAAGATCACGAAGGATCAGTAGAATGAACAAAATCATTTCAGCAATAACAATTAATTGTCTGGTCTTCTTTAGTTATCTTACGATTCAACATTTTGAAGACAATGCAATTCTCATTTCGGAGGGGGCTCCCTCCGACTTCATCGAGATTCACGATTGGGAATTCCTGCTCCATTTGCAAGACCTAGCAACGTTGCCATTAGCGCTAGTGTTTATCACCTTTAGTCTGCCTCATCTCCATCGCTTACTAAAGAATTGGCAAAGAAATAAATCGCAGGGAAGTCAGATATGAATAGTAATTTGAAATCGTTTATTCATTAGGATCTAACTGAATCAATCTCGGATAAACAAATGCGTCGTTCTGCGGATCGAAAACGAATCCCTCTCCGCCTGCCGCATCCACTACTCCCTTACTGAAATCCATCGCTTTTTGCGCGTTGTTATGAGAGCCTTCAATCGCATACTCAACTTGCGTACAATGGAAATCTGCTGCAAGATTAAAGAATCAATTAAAAGGTGACTAAAACGACAGTATGATGCGAAAACATTTTTCTATTTTTGCTTTGGTTTTCGTTGTTTTCACCTTGGATGTAAACTCGGGAAACTTATTGGCTCGCGAAAATCACAAGCCGACCAGCAAACACTCAACAAAGCAATCCAAAAGCGCGGAATCCCCGATATTGGTAGAGCCCTCTGTGTCTATGATAGGTGAGACAGTTTAACCAACCAAATCTCCGTACTCGTAAGTACGAAATACTTTTCTTCGCTTTTTGACCTTTAAGACGCATATTTATATGCTTTGGATAGTCTTGCGTTGGTACCGTATTTGGTTCATGCTGCTTCCGCAAAAGGAGAGTAAAGATGCAAAAGACACCGGGAAATTCACCAGCCGCAAGAGAAAAGTTCTGGACAAAAATTATTATTGAAGCAAGAAAGTACCCTAAAGGGGTGACTGAATACTGTCGAATAATGAACGTTTCAAAGAATAACTACTATTTCTGGTTTAAGCGATTAAGGCCAAAACATCCAGAGTGGCATGACTTAAGCAATCATCCAGAAGCCTTGTTGCCAACGAAAGACTTTGATGGTTCCGAAAAAGGGAATGGAGATCCATCTTCTGAAGTTTCGCCTAGATCGCAACGCAGAAAGTGGAACGCTACTGACAGAGAACGAATTTTGGAGGAAACGGACGGTTTGTCTGGTGGAGATTTATCTGCATTAATGAGGCGAGAAGGTGTACATTCACACACCCTGAACAAATGGCGCACAGAACGAGATCTTAAAAGCATTGCTAAAAGTAAGGCACTAAAAATTCCTAATCCGCTAACAGCCGAGAACAAGAAGCTTCGCGAAGAAGTTAACCGATTGGAGAAAAAATTGCAAAAAGCAAACGATATCATCATGCTTCAAAAAAAAATTTCAGAGATGCTCACGATAACCCTGGATGGGACAGAAGAGACCTCGCCTTAAGTATCAAACAGCATGCCGCAACAGCTGGAAATGTATCCGCCATTTGCAGCGCCCTGAACATGAGCCGAGCGACTTTCTATCGTCTTACCAGGCCTCCTTCGAAAGGAGGTGTCCAGTCGGTCCGCAGGACCCGTTCGCGGCGAGCTCTTGGAGCCAGAGAGATTGAACAGATTCTCGATATCCTTCATGAAATTCGTTATGTCGACAAATCACCCGCGCAAATTTATGCAGCCTTGCTAGATGAAGGAATTTACCTCTGTTCTATCAGCACGATGTATCGAATTCTACGCTCGAGAAAAGAAGTTCGCGAAAGAAGAGCGCAAGTTCGCCGAGCGATTTTCGCTAAACCTGAACTCTTAGCCACGCGCCCAAATCAAGTCTGGTCGTGGGATATCACAAAATTGCGAGGACAAAAAAAATGGACTTATTATTATCTCTACGTCATCATCGATATCTACAGTCGAAACGTTGTTGGATGGATGTTAGCTGATAGAGAAAGCGCAGGTTTGGCGAGAGAGCTGATAGAAAAAACCTGCCGGCG
CP064963.1_gap59	2657550	2661502	3952	GAAAGCTATACCGCCGCAGATAACAGACTGCGCCTGGCTCGCGAACAAACACGCAAAGCGCTTGAAAAAATCGATCAAGCTATTCGCATACTGGAATAAGGCTTCTCGCACTTGCGCTAGCTATTAATCATGAACAAATGCTTATTTTCGTGCAGCAGCGGGAATGAAATTTTTCTGTGCCCTAAAAGAGAGCATCAAAGTGAAAATAGATGAAAATCCGGACCACAATTTCAAAACTCTAACTGTCGATGGTGGCAAAGCGCCCATCAAGCTTTGGACCAAAGGCGTCGATATTGAATCTGAAGCTCAAAAACAACTGGTCAATATTGCTATGATGCCGTTTATTCATAACCATGTGGCTGTCATGCCTGACGTTCATCTTGGTCGTGGCGCCACTATTGGTAGTGTCATTCCTACCAAGGGTGCCATTATTCCGGCAGCCGTAGGTGTCGACATAGGATGCGGCATGGTAGCCATTAGAACCACTTTAACAGCTACCGATTTGCCCGATGATTTGAGCAAACTGAGATCTGCCATCGAGCAAGCAGTTCCTCATGGTCGCACAAATGATGGTGGCTCTGGAGACAAAGGCGCCTGGTCAGTTTCGAGCTTACCCAAAAGTGTTGAAAATGGCTGGAGCGACATTCTACCAGGATACAAAAAAATCATCAAAAAATATCCCAAACTAGCCAAGGGCAACGATTCTAATCACCTGGGCACACTTGGCACCGGAAACCATTTTATCGAAGTATGCCTGGATCAAGAAAATCGAGTCTGGTTCATGCTTCACTCGGGCTCTCGTGGTGTCGGAAACAGAATTGGAATGTTTTTTATAACGCTTGCTAAAGAAGATATGCAAAAACATCACGGCAACCTGCCCGATGCAGACCTGGCCTATTTAAGCGAAGGCACAGACTATTTCGACGACTATATCGATGCAGTTGGTTGGGCCCAAAATTATGCCAAACTTAATCGTAAAATCATGCTCGAATCAGTAATTGAAGCAGCAGCGAAAAGCGGCTTGCCACCATTTCAAAGCGATGTTGAAGCGATTAACTGCCACCACAATTACGTCCAAAAGGAGGACCATTTCGGTGCTTCTGTTTGGGTCACTCGCAAAGGCGCAGTGAAGGCTGGTTTGGGCGATATGGGTATTATTCCAGGCTCTATGGGTGCCAAATCTTTTATAGTGCGCGGCAAAGGTAATCCCGAAAGTTTCGAAAGTTGCTCGCATGGCGCAGGTAGAGCGATGTCTCGCACCGAAGCCAAACGACGTTTTAGTGTCGAAGATCATATAGAAGCTACCAAAGGCATAGAATGTCGCAAAGACAAAGATGTCGTGGATGAGACTCCAGCTGCCTATAAAGATATCGATGCGGTCATGAACGCCCAAAGCGATCTGGTCGAAATAGTGCACACTTTGCGTCAGGTAGTCTGCGTCAAAGGTTGATTGCGCTATAATAAAATGCGTTATCGAATTTACCATTTTATTGACAGAAAGTAGACCGTTTTGAAATTTAGACTAGCAAAACTTCAAGTGGCTTTTTGCCTTTCTGCATTCTTGCTCTCATCTGAGTTGGCTTTTGCGGCTGATTCCAATCAAGATAAATGGCAGAAAATCTATACTACTGGCAAAGAATCACTGCGTTTAGCCGAATACGGCAAAGCCGAGCGCCAGCTCAATCAGGCAGTAATTTTATCTGCGTCATTTGGCGAAGGCGATAAAAGATTTGCTGACAGTCTTGGATCGTATGGCGAATATCTAACCATTCGTGGGCGCTTCGGTGAAGCAGAACCAATTTTAGAAGAAGAATTGCACGCCAGAGAACTTTGCACCGATACTACTAGTGGTGCTATATTGCCCTCGATGAGTTCTCTTGTCGGATTTTATATTAACAATGGAACCCAAGCAAAAGCCGCTCCATTAGCCGAACGTCTTCTTGCTTTTGTAGAGGGAAAAATGTCCGAGCACAGACAAGCTCAAAGCGGTCCGCTCACTTTGAAAAAAGGTCAACCCCTAACAGGATGGGCTGGCTCTGCGGCAAAATCGATGGTTACACCAGTAATTGAATGGGCAATCGCGCTTGACGCTATCGGCAATGATTTTAAATCCATAAAAAACTTCGACATGGCTGAGCGTTTATTTGATGCTGCTCTTGAAGTAAAAGAAACAGTGCTTGGCAAAGATCATTTATCTCTTGCAAATAGTTTCGACAATCTAGCGGCGGTCTATCAAGAACGTCAGGATGAGGCACGCGCTGAGCAATACTATCGCTATGCGCTAGAAACTACTATTAGAGTTTTAGGTGAAAAAGAACCACTTGCGTATGCACAAGTTTATAACCGATTAGACAAACTGGCTAAGTGCCTGGTTAAACAGCAGAAATACGAAGAAGCCGAAAATTTATATCTAAGCGCCATCAAACGCGATTTCTGGAAAGACGATCCATCCAAAGCCGGTGTTGAAGCCAGACTGTATTACTCGCTTGGAAATGTGTATGTGCTCGAAAAGAAATTTGAGTTAGCTGAGCCCGTGCTTAAAAAGGCTCTAGAAGTGGCTGAAGGCTATTTTGGTTCCGAGTCAATTTCGCTGGTTCCTTTCTTTCAAAGAAATGCCGACAACATGTATTACCTCAAGAAAGACGATTTGAGAGTGCAATACAAGAGTCGAGCAAATGCCATCACAGACACCACGATGTGAGTTTGGCAAAAGCCAAATTAGCAGGGATTAATCCTGGTGCCATTCTCGGACGGTCTCATCTAGTCAGCGCTTAGAGCCTCTCACCCAACTATGCTAGGTGGTTTTCTTTAAGGTCCGCTTACAAAGCTTGAATAGAAAATATCTAGTTAAGTAAGGTGAGCTTATCCTCCGATGCATTCACTTAACTGAAAAAACCAAAAACATCCAGTCCACGATAACTTCCCGATTCTTGTAGCTCTTCAACAGAGGGCAGGAAAGGTTCGTGCGTGTGAATAATTAGAGGAAGCCACATCAATCAAAATGAGCGAAAGGACAATAATGGCACGCTCCTACAAAAACACTCCCATCTCAGGCATCACCACCTGCCAGTCCGACAAGAAGGACAAGCAGAAGGCCAACCGCACCACCCGTCGGCGTGAACGCGTTTCTCTCAATGTCGTCTCTCTTCATGACGCCGGCGAAGAACACCTTGGCACCCACCGCTTCGAAGATAATCCCAGCTATTTCAGCAAGGATGGCAAACAGTTTCACCACGGACGCAGCGTCAAGTACTCGCGTGGCAACCGTTTCCGCCGTCACTTCTGGAGGGACCTTCGTAAGTAATCTTTCCTGAGGATAAAACTTGGTGCCATCATTTTTGGTGGCACCCTTTTTCCTTTTGTATTGCTTATGCTACTTGATATAGTATAACAAGATGCCGAAATGAACAGACCAAATTCAATCTCTCACCAAGCAAAAACGTATGATATTTGCGATCTTTGAAGCTGAAAATGAAAATATGATGGGGCCGACATAATTTTCGCTTAAAAATTTGTTGTGGCCATCATATTTTCATAAGTCGTACCCGGAAAGCCTCTATTTGCGTTAAAGGAGTTAATACTTGATATAGTAGGACTTCGTGAAGAAAGAGAAGAAGTGTCCTGTTTTTAAACAGAAACACTTCTTCTCAAGTCAGTGCCTTACTTCTTGAGCACAGGCCACATGGGTGACTTGGGCGTGCGCTTCATCACCCAAATCTGAAGTCCCCAGATCAGGGCGACGTTCAGCAGGGCAAGAGGCAGACCAAGCCAGAAGCTCGAGAACAAGACAGTGCCAGGCACCACTCGCCCTACAAGCCAGATGCCTACCATGCAAGAAAGCACAGCAATGCCTGTTGGCACGGCCAGACCCGGATGTTCGGGCTTGACCAGCTTCCAGCCAGCGTAACCCAGCACCATGAAACTGATACCAGATACGATGCTGAGCGTGAGC
CP064963.1_gap60	2673526	2676934	3408	GGTCTATTTAAAATAATAGAATTTAACTTGTTTTACTAACCAATAAATCTTTAGTTTAGGGTCTAAGTATCCGCACTTTTTTTATCAGGACAAAGTCCAACCCATCTTCTTTTGCTAATTTCGATTCTTTTTTGACAGTCCAAGACTGCCGAAAAGGGGCTCGACAAAGCAATAGAAATCTTTGTAGAAAACAAAAACGAAAGGTTGAATGCAATGAAAATGCGAATTCTCTTCTCGGCAATGCTTACTCTGGCTCTCGCTCCCGAGCTCGCAATTGCTCAAGTTGCAACCAAACCTGCTGACGAAACATTGAATCCAATAATCGAAGAACTCGGAGTTCCAATCGGAAATCCCGCTCTGATCACTCAGGTTCTGGGACTGCAAGCAAAGCCACGCGGAGCGTGTGATCGTGCCCGTTTTGCGCCTAGCGTCACTGGTGTGGCGTTAGAGACTAATTGTGGCATCGATCTTGCACTGCACTATTTGCAAGCAAAAGAATCGACCGCACAAATTTTCGTTCGCACTCGCGGCACTGTTCTCTTCGGCACAGCCTTCAAAATCTGCCATGACGTGAGCAAACAATGCTTTTACGCAAGCAGCCTTCACGTCGCTGAAGTGGAAGATTATGTTGGCGTAGTCGCTTCGGACAATCAGACCGTTCAGTACACCAAAGTATTAGGGCGCAAGAAGGCGAAAGATGTTGTTCTTCTCGCCGTGCCCGATGGCGACACGCGTCCGGCATTCAAAATCGGCGCCCGTCCCAAACTCAATGAACCTGTTTTTCTCGTCGGTCATCCCTATGGATTTCCAGGCGACGTGATAACTACTGGGCAAGTAGCCTTTGAGAAGGCAAAAGCCTCGGCAACGCTACCGCAAGACGGGTCGTTACTCACCATCGACGACCTTTTCGTCATCGATGCTTATGTGCTTGAAGGCAATTCCGGTGGCCCGGCAATTAATGCCGCTGGCGAAGTTGTCGGAATCGATTGCATGGCATTTAATGCCCAGCCGACTTTGCCTAACGGCGGCGCGGTGATTGTTCCCATTGAGGAAGCAGTCAGTCTGATGAACGACGTCGTGGCATCACTGGCGGTGCCAGCAAAATAATAGAAGTTGAGAGTTGAAGCATCGAAAGATGTTTCGACTCTCACTTTTATTACGTAAAGAGTATTTACTATACGTATTAATAAAACAGGTTTTTGAAAAAAGTGAAGGAGTGCTTTAACTAAGCATCTCCCTCACCCTTTTAGTTCAGTAGTTTGCGGTCACTGCTGATTTTGAGTGGCCATACTATCCAGGTAATTCGTCACCACCTGGAAAATGGCTTGCATTTCCATCTGACGCGTCACAGTTTGTTTCTGCGCCAGGGGAGTGAGAATGGCTTCAGTAGCCTGAAAAACCGCCTGCATGAAAGACTGAGCCTGATTGACAGGACCTAGTTTTTCCATTACCGGTGCCACCACCAAATCGAGTTCGGTAGTGTCGATTCTGAGGCCGCTGCTCATCGCTTTTGAAAGCGCATTCAGACTTGCTTGAAAAGCCTTATGCTCAGGCTCGACCAACTTAATTACGGTCTTAGCCGCGATGTTAGAGGTTTTGAGAGCGTCCATGAAATGACGCACCACATTGGCCTCTTTAATCGCTTCGTCTCCCGATGTGGTCTTGAGGTGGACATAAAGCTGAGCTTGGTTGTCCATCTCTTTGACACCAGCCTGGACTTTTGCAAGATTAGCCGCGACTTCCGGAGCCTGCAGAGCTTTATCCAGAGCCTCGGTTGACCATTTCAGATCTTGCGAAAGCTTAGAAACGAGCGTCTGATTTTCATACTTGAAAAAACGCTGCTCCAGAGATGGTGCCGATTTGCCGAAAGCAAACGAGACACCACTCGCGATGGCGACGGTGAGCAGAGCATAGCCGACCGCCTGTTTCCAGTTCGTTGCAAAAGCAGCTTCGGCACTAGCTTCCCGGCTGGATCGGCTTAGATGAAAACCGACCGCCCAACCAAGAGCAGTGCTAGCCAGATGCACAACCACGCCCATTTGAGCCGAACTTGTGATGACGTCGGACATGAGTCCAAGTGCAGCCAAAATATTCGGGGTCAAGAGCACAAGGGTGAATGCAAGCAGGCACCAGCCCCAGTTCGACCATTGAATCGTTCTGGTGGCATACAGCACTTGATACATGCCGACAATGGTCATGATACCGCCGCTGGCACCAAAGACCAGAAGCGGTGCGCTTGGATCGGTGACCGACCACTGCACAAGCGTTCCAAAGGCGCCGCCGACCAGGAACCAGAGCCAGAGGGCTTTGGCACCGAATCGTTTTTCGAGCGCATAACCAACCAGTCCAAGCGACAACATATTCGATGCAAGATGCATCATGTTGCCGTGCAAGAACTGGTTAGATAGCGTAGTGAAGGCAGCGTAACCAATGCCAAGTAGGTCGAAATTGGCGATGCTGCGATTGGCCACTTCGTTGCTGAAAGCAAGAAAGCGCAGACTATTCATATCAGGCTCGATGCCGGCAGCGATGAGACCAAATGCATAGGCAAAGTTGACGAAAACGGCGCTTACCGCAATCGCCCAAACAGCCCAGACGGCTGATTTGCTTGAGTTCATTGAACTTCCTTTCTAGTTATAATTTTGATTGAATCGGCGAAAGACACCGTCAGTGCCGATTACACCTTGAAATGAGTCGATGCTGGTTATTTTTTTTCAGTGGGACGTTGTATGCACCGACGGGAAGAAAAGGGGGAGTGATAATTGACCGTAGAGAATTGCGGTTATACATAACAAGCACTTATTACTTATTACGCCTTACCACTTGACATTATAAGCGCGATATTATATTTAGACGCTAGCGCAACTCTCACAGCTTTAATATGAAAGCTTTGAAGAAATCGCTTAAAGACATCTTTGACCGGGAAATTTCAATATATGACCGTAAATAAGTAGCAAGATAGAGAGACCTAAGGCTCAATGGGAACTGATTTCGAAAAGTTTAAACTGGACGCTGGCCAGGCTTTCAGCCGAGGAGACTACGCTATGGCGTCGTCTACCTGGCTTAAGGCACTAGAAGAACTGGACCACACCGACGACAAAGACCCTCGCGTGGCGCTTACTCTAGACCAGTTAGCCGAGTCCTTGGCCAAGGAAAACCGGCAAGTAGAGGCTATTCCGGTCCTCAATCACTGTTTAGATTTAAAAGAAAAGACACTAGGTCCAGATCATCTGGAAGTGGCTAATACTCTTAATAATTTGGCTGAGCTTTATTACTCTGTGGGCAATTTTGAAGACGCTCCTCCGCTTTCTGAGCGAATTATGGGCATCTACGAGAAAATTTTTGGCAGCGATCATTTAGGCCTCGCCATGATTTCGACCTCTCTGGCACTTATTTATCACGGTCAGA
CP064963.1_gap61	2679417	2681432	2015	GGCATCGGCATTTCGTTTGTCTGGGTGAAACAGGTCGGCTCGAGCGGCCTCACCATCAGCGAAGTTGCCGAGGGTAGTCCGGCATTCAAGGCTGGCTTGCAGATTGGCGATCGAATTACCGCGATCGAAGGCAAAATCATTCTGGGAATGGAAGAAGAAATTGCGTCTAAGCTGCTTCGCGCCGACACCGGTCTGCCCCAGAGGTTCACCTACGTCCGCGACGGCGTCTACAAAGACGTCGCGCTGACGCGCGAAGATGGTTTGCTAGGCATAGGCTTCGCCAACGCGACACCCAGCTTCTATGCTCGAATCGAGCAGGTACTCAAGGGGCTTCCGGCCCAGCGAGCAGGACTCATGGAAGGCGATTTGCTGCTTGCAGTCGATAATATGACACTTGCAAGGTTCGGCAACTCAGATGAACTGCAGAGCTATCTCAGCCAGGGTGAACTGGGATCGCCGGTCACTCTCACCATTTCGCGCAACATGGAGGTCTTCCAGATCAAGATGCTGCGCGATATCGTCCCCAACGTCTACGCGAAATACGGCGTTCAAATCTTCGCCAGCAGGCTGCGGACCAGCCGCTTCGCCACTCACGACTGGGCAGAGCTCAGCCTCTGGAATCTGGACTGGGTCGACCTTCTCAATCCGGACCTCAAGAACTTCGAGGGTAAGAAATACAACGCGCTGGATGAAGCACTCCTTCGTCTTTCAGACGAGAAATACGTGGTCTGGAATCTTCAGAATAATGTTTGGGCAAATGACCCGGAGCAGACCGCACGCATCACAGCGCGCTTCATGAAGTCCGACGGATGGGTTCTTTCCTACAAAGACGACTCGACCGGCGCACTTACCACCTACAGGCGTAATGGCAGCGTTTTGAGCAAAGAAGTCAAAATCGGAGGCAAGACCGAAACCAGCGTGGTCGAGCAAGAACTCACAACCTTCGATGCAAAACTGGTCATTCTGGTCAACGACAAGACAGAAAGCGGAGCGGTAGCTCTTGCCTATGCGCTCAGACTGTCGAAGTCTGCGCTCGTCGTAGGACAACAACCATTTGGTTCGACCAGAATCACGCGCAACGTGAATCTCCAGCCAAACTTGTACGAGAAGATGGTTGTCGGCTCCTACAGGATGGAGAACGGCGGCGGCATCGGCGTAAGTGTCGACATCACAATCGACAGTCTTTCGTCCTTCAACACAACGACCGCCTTCAAACTGCTCGTCAAGCCTGACTTGCAGTGGTGGGAAAACGAGGAAAGTCTTGCCAATATCACCTTCAACGTGATTGGCGGAATCGTCCTTTTCTCATTCATCTGCATTGCCGTGCTCTTCACCCCCAAGTCGAATGGCTTCCCTGGTCTTAGACTGCGGAACGTTGCCTTTGGATTTCTGGTGGTGGAGGTGACGGTGATAGCAGCGGTGGCTTTCGTCGTCATGCTGACCCAGATGTTCTGGCCGACAATGATCGTCTTCACCCTAGCGGTGGGCGTCATGGTTGGGCGCAGTATGCCGTCGAAATAATTTTCTGATGCATTGACTGGAATTTGATAGTTCACCATATATGGTGGCTATCATTTTCCAGTCCTTGCGTTTTTAAAAGTTATTACTATAAGTTTTAGTAAAACTAGATTTCAAAAAAGAACGGTAACCGCTGCAGAGCAATTAAGCTCCACAGCGGCACCGCCTTAGTTCGATTCAGCAAAGCGAAGTTGCGCTTATGCCGACGCCGAGATTACTTCTTGGCGTTGGCAGCACACTTCGGGCAGCCGGCCTTCTTCTGGCACGTGCCGGACTTGTCGCCCTTGCACTTGTCGCCGCAGGCATGATCGCTCTTCGACTGGTCGCCTTCAGACGCACCCTTGCCGGACTTGTCCTTCAGCTTGTCGAGGGCGTCCTTGTTCTGCTTGTGAGCCCAGGCTTCCTCGGCGTTGTAGCCGTTGCCGTTCTTCGCATCCTTCATGTCGGACATGATGTATTCCTTTCGTTTGCTGTATCAGCAGTTTGGGATGATTGAA
CP064963.1_gap62	2719107	2723172	4065	GAATACGACACCGATTTAACAAAAATGGAAATAACAATGACGCAAGGTGCTCATTCAAGTTGAATCCCAATTTGCGCAATTCTCATTTCGCCTAGACCTACTAAACTTTTTGTTCTACTTACCATAGTTATCAAAAGGCTTAGCGTCCACATCCTCATGGGATCTCCTCAAATGCAGCCCAATACAACCCCTCTTGCCCATCCTGATATGATAGTTTGGTCTTCGCGAGGAATCACTATGCAACTCTTGGTCGACCGCATCAAATCTGACGCTAAACACCTTGGAAAAGGAGTTATCAAAGTTGATTCATTCATGAATCACCAAATCGATCCAGTGCTCATGAAAGCGATAGGTGAAGAGTTCGCCAAAAGATTTTCAGATACAAATCCCACTCTCATATTAACTGCAGAGACAAGCGGAATAGCACCAGCTGTTGCTGCTGGAATGTTTTTAAAAATACCAGTTGTGTTTGCCCGAAAACACCAGCCAATAACAATGGCTCAGGAACCTTATCGCGAGGTCTCAGTCTCGCCTACACATAATAAAGAAGTCGAATTCGTAGTTTCCACCGAATATCTAAAAGCAACCGACAGAGTGCTTATCATCGACGATTTCCTTGCTTCCGCCAAAACTATTGTGGCTTTGTCATTGATGGTGCAAAAAAGCGGTGCTGAGCTTGTAGGCATTGGAGCCGTAATAGAAAAAGTATATGCCAACGGTCGCGAACAAATTCGTCATCTTACTGTGCCAGTTGAGACACTTGCTAAAGTGCTTGAATGCAAGGATGACTTAATTATTCTTGGACTCTAATAAGTTACTCTAATGATGCCAAAACTTCTGACACAATGAGCTTATGCATAGCTACGCTAGTCAAATGCATTTTGAATCTCTAGGTGGATATCGACAATAGCCAAATATTAATTGACTTACCTGACCACTTTTTTCTAAATTAAAAACATCCTTCGTTAAGCACACATTTTTCTCTCTAAAGAACAAAGCATCGCTAATATCTTCAACCATAACAATGACTCAAGTCATTTCATTGGTTATTGTCGAAATTAGCGATACAGTCAAACTTAACAGCCATGGAAGGTGTTTAATGACCGCACTTAAACACACTACCGATCAAGCTGCTACTGTGAATACACTGACGGCTAGCTTCAAAAGAAGCACCAGAGATAAAACCACAGTCTTCACTTACGTGATGGGCAGGGTTGCTTTTTTGGAGGACAGAAAGCTTTGGGGTATTCACTCTGGAGACCTGTGGGAATTACAAGTTCGATCTTCAAATCCCGCAGGAACAGTTTATTTTGTTCGGCCTATCAAGATTATCGCAGCCGCTCAGGACGGGGATGTGCTAAACGGTCTCGACTACGAGGCGGTGAGGGACTCACGTCTTGCACTATCTCACTTGCGTACCTGGAAAAAACTTTTGTCCAGTGATCAATTTTTAAATGGAAATATGAATCTATGCTTGCATCATCTGAAACTGCTTTCGAGTTACTTGAGGAACAATTCACTATCCTCCAAACTCAAAGTAAATCTTTCCAAAACTATCATGCATTCATTGTCCCAGCTGAAAATCACTCAAGAGCCCGTTTCACTTGAGTTGCTCTGGGAATCTCTTGAAACGATCGCATCTTGCACCAGTAGTAACCCTGATAGGATTCATTCTCTTCGCCGACTAATTAAACTCTACGATTCAGGTTTCAATCAGCATGCCAAATTATCCAGCGACACTAAAGTCAGGCTTCTTTTAGACCTGCAAAACGCCCTTCAACCCAAAGCGGGGAAAAGGGACGCGCTGTGAGATTTCTATTCAGGCATTCTCGTTGAAATCGCAGCAAGACTAAAACTAAATACATGCAAAATTAGAGAGAGGAGAAATACAAATCTCAATCTCCTCTCTCTTTTATCCTATCCACCAAAGTACTCAGTTTGAATTGAACTTCAATCAAAAATCTGAAAGGAAACACAATGGCAATGGTCTCCTTGACTGTTGTTTGCTGGCTTGTCACCATTGGTTTGTTCATGGCAATAATGTCCAAGATGACCAAATTCAGCATCTATAAACATTTGAGAACGCTTGAAACCAAATTAGAGCTACCTGGTTTCTGGGCTCCAGAATACATCATCATTTTTCTAGGGCTTCCCGCAGGTGTTAGCCTATGCACAGCCTTACTGGCAACTGCAAAACTGGGCAACTTACTAAGCCTCCGTTGAGTTTCAGCGAAATATATACCTAGCTGACATGTGGAGTAGTGGACTCAGCCAGAAAATTGACCAGGGAGCATAAATAATGCTCCTTGGTTGATCGATGAAGTCTTCTCAAAAAAAAGGTGTAAGTATTCGTTTAACACTGGAGAGTAAGTTTTCCTGTAAAACCGTCTATTTTTGCCGATTTTCATACTTTTTCTGACCTTTTTGCCACTTTAAATCGCTTTGCACAGGTGGAGGTACGATTTTGGAAAGGCAAAACGTGCCACGTTGTTTCATCTGCACTCCACAACGAGGCTCACAGCATTGAGGTGTTCGCCGTGTCTCTTCAAAGACAAAGTTTTTATTATAGATTATAGTAAAACAATTTAACCTGCATAATTCACGAGAGTGATACTAAAGTAAGTTGAAATGCCCTGTCATTTGGCTGATTATCTGTGTTTACCACAACCCAGACGCAGCAAAAAAGCAAGGCAATTCAGATGACAGAGTGTACAAAACCAGACGCCAACCTTCAACTTAAGTTTGACTTCGAAATCGGTAAACCGGTAATAGGGGCGTTTGATGGCGGATTAATTAGTACTGATGGAGGTCTTGGTCTGCTACGGTTTGCAGACGATGCGTTAAAATTGACTGAGTTTGCAAGTATTTGCATCAAAGAAAAGCGCCGTCCAGACGTCCTCAAGCACTCGTTGCAAGATTTACTGAGGCAAAGAATTTATGCCATAGCCGCTGGATACGAAGACGCAAATGACGCCAGCAGTCTACGTTATGACCCAATGCACAAGCTGGTGCTAGGGCGCGCAACAAGCGATCGAAATCTAGCATCCCAGCCCACAATCAGTCGTCTAGAGAATTCCGTCACTTCTGAAGAGCTGAGTTTTTTACAAGATTTACTGGTGCACACATATATCAAGAAACACAAAAAGCCGCCAAAGAAGCTGGTTTTAGACTTAGATACGACGTGCGATCCGGTGCATGGTTATCAGCAGCTTTCTTTCTACAATGCTTTCTATTCTACGTTTTGCTATATTCCGATGTTTGTTTTTGACCAGCACGGTTATCCTTTAGCGTCCCTGCTGAGACCTGGAAATGCTGATGTTGGCGGTGATGCGGCAAGAGTACTTCGAAATTTATTCAAGATATTACGTTCAACGTGGAAAAACGTTCCAATTGAATTCCGTGCTGACGCTGCATTTTGCCGTCGGGAAGTTTATCAAGTTTGCGAAGAATTCAAAGTCGTTTATTTTATCGGGCTCAAATCAAATCACAATCTTCGCTGTCTAGCAAAGGATTTGAGTGATTCAACCAAGCACGAGTTTGAATCAATTTACGGAGTTTTGCCACAGCAAGACAAAACCGCTTGGCGCAGAAAGCAAGAAAAGATGCGGTTCTCCAGCAAAGCAGAAGGTCGCGTTCAAGAAATTAAAGAGTCTGAGGCCTACATCCGAAAAGTAGGAGAACTGGCTTGGAGAGGCAGAGGATACACTCACGATATGCGCGTAATTTGCCGAGCTGATTACTCCGAAGACGGGCTGGATCTTCGTTTTGTGGTGACCAACCACTCGGGTGGTAATCCTAGGTGGTTGTATGAAACCAAGTATTGTCGCCGAGGACAGTGTGAAAACTGGATTAAAGAATTGAAAATGGTAGAGGTAGATCGGCTTAGCTGCCAGGAGTTCAATGCCAACCAATTTCGTCTTTTAGAATATACTTTTGCCTATATTCTTCTAAGAGAGCTTAGGGAGCGACTTTCAAAAAATGAGTCTAGAATTTCAATTCAAACCTTCGTGTTGCAATTCATCAAAATCGGAGTGTTAGTGCGGGAATCGGTCCGCAGAATTTCAC
CP064963.1_gap63	2734731	2738154	3423	TTTTCATCTCAGTAATGTCAAAATTTTCTATCTGTAGCGTTTTGATAATAGCGTTTCGATATCGCCACGCCTCTTCTTCTTTTACAGTTTTATTCAAATCCATTGTGAACGCAGACGGGATTTTCTTTTTAATCGCCGCTTCCAACGCCTGTTGTGGAATGTCGATGGCGCATTTTTTTACGTCAACCAACATGTCACCATCTTTAAAATTGACATTCAAACTATCAGCAGAAACATCTGCATCATATCCATCGAGCATGCTCGACTGTCCCAAAGCAAATTTTAAGTCACTTGAAATATTGACCGAAGAGCCAGTAGTTATGAGGAATTCGCCACTCAGTTTTTCTAGTTCAATTTTTCTATTCTTAGTTTTGAGAGTGGCATTACCCACCTTAAGTGAAATGGGAAGCCTAACTTCAGTTGGTTGATTTTTATTTTGAGGATCGTTCTTTTCCAGCAACATTTCAGCAGGAAGCTTAATTGTGCTTCCATTGCCGCATTTCAAAGCAAAGCTGGAATTCTTAGCATCACAAATGAATTCGTTCAATTTAGCGTTACCGCCTGCTAAATTAAAATCGAGACTGTCTGCTTTTCCGTAAACAACTTTGCCCACATTTACATCGGACAAAAGAAATGCAAGATGAGCTGTTTTGGTGTTGATCTCGATTTTTCCAGTAGATGCTTTGGCTGCACCAGTAGTTACAAACTTTGTAGGACGGCTGTCATCTTTGATATCAACATTGAGCATTCCTGGGATTCGACCTGGAAAATGTCCCGTTGTTTGATGAATATCTGTCTTTAAAGTGAGGTCGGTATCAGTCATATCCATTGATGAGTAAAGATGCATATTGGGATGGCTACCACGTTTCTTTTCCCACCAGAATTCTTTGAGATCCATTTCGCCAATCTTACTTAAAGTATGCGAACGTTTATTTTTACCAAAACGAAAAGCGCAATTTTCCAGTTTCACCGGCTCAAGTTTGGAGCCCTTAATTAAGGACAAACGCATTTTGTCGGTGAGTCGTTCGATTGCCAAATTCATTTGCAGCTGTCCGCCGTCAAACTCACAGTCTACTTTCTCGCCGATCCATTTACAGTCTGGCAAAAAATGCAAATCGAAAATGCTTGTGCCACGAAAGCTCAAATCACTCTTGACCAGCGCATCTTTGATTTGAATACTCGAATGTTCGCCAAGATGTAATTTCTTTTTGCCGAAAGTCATGATTGAATCGGGACGCATATCAAGCTTGATTTCGTCGATTTTCAAAGATTCGACCATGCCAGAAATTCCGCCATTGGGGACATCGAGCTGAATCAAATTAAAGAAGAACGCAGCCAATGCGCGTCCCAAGTTAAACTGCCCTTTCAGTTTTCCATCCTGCAAAGAAATATCTATCGGCACAGGTAAGTTCGCCACACTCAATTGTTTTGATGTATGCAAACTGCCCTGCGCGTTTTCAGTGTTAATTACGTCAGGATTATCGACTGGGATTATAAGATCCAATCTAAACGAAGTTGCGTCTTTAACCGAGACCGGAACATTGTTCAGCAAGTAAGTACCCGCTTTGAATTTACCGTTTGCTTTTATATGACAGCGAGAAGTTACTTCTGTAAGTCTACGAATGGTTGGGTCTTTAACCGGAATGTCAAAATTGGCTGCAATGGTCTGCTCTTTCTTAATTGGACTGAAAAAGCTGCAACTAGATAGTGGCACTACCATTGATAGTGCCACTACATTTAATATCATTACAAGATTAGGTTTTAGCTTCACTGTCCAGGAATCGGTGTTATCTCTTTAAGCAAAGTGCTTACCATCAAGTGTGTTTTGTGTTGCGATGGCAAGAGATCGCTCTCTAAAACACTCAGTACTGGTGGCGGAACGATTTTACGTTGCGCTTCATATCTTACCAGACGTTCTGCTTCAGCTTGCTCTAATAAAGCAATTGCATCAGTAGGAGTGCTGGCACTATTTTCTACTGCCACATTGAAACCACCAAAAATGCCAGCGTCCTTTCTAGGTTCGCCAGATAATTGAGTGACACAGGTGCGTAGCTTTTTGACCAGCTCTGCGTGGGCTTGACGGCACTCTCCAAGAGCATCTTTATGTTCCGAGTTTACTTGTTTGTCTAATGCAGAGTCGTATGACTTCACGGCTGAAATTTCGTCTTCCAAAAATTCATTGAATTCGTTTGCGTATTCGCTGCTCATGCCCAATTCTCCTTATATGAATAGGTCCTCTCCAGGAATACTTTTTTAAATAGCACGCCAGCAAACAATTAACGCTACTATAACAAATAGCAGTATCACTACAAAAGAAAAGGAAAACGCATTAAGGCGTTTTGTTTTCCCTTTTTTGTAGTGGAAGCCCACAGGTTTTTTAGACCCGTGGGCTCCAGTTGCGTTTCTTACTTCGAGTCCGGCTTGACCAGGTTCATGGCATCTGGAGTGATACCACCCATGGTTACGACAGCCCGAATAGTTTCTTGCGAAGTCATGCCGGTATCCCAAACTTCGTCTTCTGGAATAACGAGCTGAAAGCCGCTTGGCGGAACGAACTGCAAGGGCATGAAGACGACGACGAACTTCTTGCCTGTCACCTTATCGGTGATATAGCTCGAAGCAAAGCCATACGCAATCTGCCCGGCGTAGCGAAAAGCCACGCTGCGAGTAAACTTGGGCTTGTCGCTGTCGAAGATTTCCAGCACATTCTTCACATTGGTGAAGATGAAACGAATGCCGGGGATCGCAAAGAAGATGTAATCGATCACTCGAAGACCTTCTTTGCCGATTCGATATGATGCCAGGATACCAAACCATGTGGCAACACCGGCAGCCAACGCAAGACTTAGATACGGAAACAACATCTGCACAAACGGTGAGTTGTACAGAAAGTCAGGCAGAAGCAAATCGGCGACGAAGCGGACGAACTGCCCAAGAAGAGCAAATTGGTCAGCAAAGTTCGCAGCGTACTGCACCGCCCATAGGGTCACTGCCGGAGCTGCCAGAAAGACGACACCCCGGAAAAGATACCCTGAGAACTTGGATGATTTCGACATATTCGAACTCCATGGTTCGTGTTTACGAGAAAGAAAATGGGAAGGAGACGAAGCAGAACGGTTGACCGCTCATCCCCTTCCAGCAAAAGTGCAATCAGTTGCGAACCGGCTTGGTCCGCTTGATTGCAGTGGCAGGCCAGTTATTGCTTTCGTTTGCGAGGCTTTCGATGGAGCGGACCAGCCAGGCTTTGGTGAATGTGCCCATGCCGGTTCCGCTGCCCTTGCCTTCGACCGGCTTGCCGTCGGAGTCGTAATAGATGCGCCGAATCCAGACTGTGGACGGGCGCAACTGGTGAACACCTGCCTTCCAGAAACCGTCCGAACTCTTTTCGAGAACGTCGGGACCGTCACTGAAATTCAAGACCTT
CP064963.1_gap64	2741020	2742213	1193	AACTTCTTCGCCGGATGGGCTATGCTCGTCACTTCCAACGTGATCGCAACGTACATTATCACCGCATTCGGCTCCACGCTCTTTCCTTACCCGGATATCGTATCGACAATTATTCTGAGCTTCACGATGAGCCTCTTCTCGCTCCTCGTTATGTGGGCGCTCCTCGTGGCGACCTACCTCACCTTCTTCAGCAAGGTGAATGAGCCGGGCTTTGCAATCCCCCTATTACTCGGCGTCATCTCTGGCACGGTCGGCATCTGGCTGACCGCGAACATCCTTCCCCAAGCCATTTCGCTGGCTCACATCTGGGACGGACTGCTCTTCTCCCTCGTCAACACGCCGATCACGGCAGCAATGCTCATGCTCGTCTTTCCCAAGATGCGCACCAAGCAGCTCTGGCCGTCGAAGTAAAAGACTGACCCCTTAAAAACTTGAATACAAACTGAAAGAAGAAGTGCCCCGCAACCAGGGATACTTCTTCTTTTTTTGTTTTTACCCGGTCTATTCATGCATATAGTATGACAAGCTAATTTATTTGAACAATTAGTCAGGTGTTTAGTTTCCGAGGCGATATTTTGTAAGCTCTTCTAAGTTTTGTTCTGAGACTTTGTGTACAAGCCATTTTTACTCAGACATCAGACGCTGTGAAACCAGCCTTTGAGATGGGCAGGGCAGTTTTGCAGATAGATTTTTTGAAGTTCAAATAAAACCGAGATTTAATGCGGCGAACGATTGTTGCCGCGGGTAAGCGCTAGTCCAATGAAGTGAAATTCTGCGGACCGATTCCCGCACTAACACTCCGATTTTGATGAATTGCAACACGAAGGTTTGAATTGAAATTCTAGACTCATTTTTTGAAAGTCGCTCCCTAAGCTCTCTTAGAAGAATATAGGCAAAAGTATATTCTAAAAGACGAAATTGGTTGGCATTGAACTCCTGGCAGCTAAGCCGATCTACCTCTACCATTTTCAATTCTTTAATCCAGTTTTCACACTGTCCTCGGCGACAATACTTGGTTTCATACAACCACCTAGGATTACCACCCGAGTGGTTGGTCACCACAAAACGAAGATCCAGCCCGTCTTCGGAGTAATCAGCTCGGCAAATTACGCGCATATCGTGAGTGTATCCTCTGCCTCTCCAAGCCAGTTCTCCTACTTTTCGGATGTAGGCTCAGACTCTTTAATTTCTTG
CP064963.1_gap65	2760343	2762249	1906	CGGGTCGAGCGACGGCTCTTGGTGGCAAGCACCCTGGCCATTGCATCAACTACGAGATCACCGCCGCCCGATGTAGGCTTGCCGCGGTTGGAGCGAACAGGGAAAAGACCGCCAAATGCCGAGATTGCCGGAAGAACCGGGCCAGCCTTGTCGATTTCTTCCTCGGTGTTGACACCGAACATGAAGGTCATGCTTCCCAGATGGCGGAAGGCATCCGGCAGAGCCGAGCCCATCACCATGAAGTCGCAGCCGCGCTGATGCGTCGGCACCACGGCTACACGAGCCTTGATTCGAGCATAGTGGCGGTTGACCGTAACGACCTGGCCGACAGTGAACCAGGCAAGAGCTGAGGTGAAGAGCTTCTGAAACGCGCGTCCGAAAACGGACGGATAGGGAGGCAGATAGCCGTCCTGTTTCATACGCTGACCTTCATTCAACCAGAACTTGACGCGCAGGCCGATGAAGCCGACGAGCGAAAGAGAAGCGATAACGCCTCCGATGGTTGGCACGTAACCAAGAGCCCATGCCAGAATGACTGCAGTTAGTCCGACTATGATTGGAGTAACGAACATCAGATTTTCCTTTTAGCTGGTGTTTTCAGTCCCAAACCCAGTGCCACTCAGAACCCGACAAAGGTATGTCCGTACGGCAAGCTTGCGCATGCAGTACTCGATAACTTTTTAGGGCAGAGAAATAGAAACTTAGAGTTTTGTTCTCAGGGGAGTGGAGAGAAATGGGTACGTATAGATACCAATTTCCAAGAGGTGACTTCCAGCTCTTTCTGCTCTTATGAGAAACCCCTTAAGATTGAACTTTGAGTATTAGTGAGAACAGACCAGTGCAGAAAACTCTTTTCAACAGAGACTTTCGCGTGTCATGACCTTTTATCTAAGCTTACTAGTTAAGCTCAATATTATTATTCAAACCTCTTTTCGAGACCTAGCGCAACTGAGTGAAGGCGGTCTTGGAGCGCGAAATTTAGATTAACGACCACTCACGATCGAGGTAATTCCGAATAATTTTTGACTCTATATTTGGTGTCATTCCGGTTTCGCATTTGGTATCATTTTTGGTACCAAAAATTCAGTTTTTAAAACGAAAATAGAATTTTTGATTATTAGACACCACTAATCAAGCCTCTTTTCGCCAATTCTTAGCGTCGCTGCGCTAGGATTGCTTTGCCACCAATTTTCAGTATCTAGAGAATAATAAGCCCTTGTTTAAGTATGTGATGGTTGTATGACGATCACACTTCTGTCACAACTGGTTATCTATTTTTATCTTTCCAAATAAGCACCTAGTACACAGGCTCAAGCATCTAAACAACCGCCAACAATTTATGCAATCACTTAGCGGTGACCTGAGCTTGGCCCGGTGCCAATTTGGAATTCACTACCATAGAGTCAACCACCTTCACATGAAAGGGAATTAGATGGCTGACAAGCCGACTCCACTCGAAAACTACTTCGAGCAGCTCCTCACTTCGCAGATCTCTCTCTTCGAACAAGTCCTGCTGCGCGCCTCGGCGAACGACGACCACTGGCTCAAGCGCATCGAGACCTTCAAACGGCTCGGCATGCTCGAATTCCTCGTTCCGTCCAAGTTCAAGGCGCCCAAGATCGAAATCGATCAGGATCGCATGGAACACGACGGCCGATATCGCCAGACCGTTTCGAACAAGCTCAAGCGCCGGCGTCCGGGCAAGTGGACCCGTCACATCATCACGATCAACCAGGACGAGCTCGACGACGAGACCTATCGCAAGGACATCTCCAAGGTCCTGGCGATGAAGTTCCTCGCTCTGGTCATCCCGACCGGCGACACCACCAACGAGAGCTCCGCGGTGATTCTTCCGCTGCTTCGCATGAACGCCGATCAGCTCGAACTCGTGCTCGACTCCATCCCG
CP064963.1_gap66	2764100	2766650	2550	CCAAATGGGATCATGATACTCATGTGAAAACATTGCCCAGAGCTAGAACAAAGAAGATCGACAAGGTCGCATCGCACGACAAAGTTAGTGTTGAGCAAACGATCCAAACGCTAAGGGACGAGAACTCAGAACTTAAGCGAAAGAACATCGAATTAGCCAAAGAGAATCTAACCCTCAAGAAAACCCGCTGGGGAAGCGAGGAATTACTAAATGCGACGATTAGAAAGCTTGAGAAGAAACTAGCTGATACTAAGAGCAAACTAGTATCGATGAAGAAAACCCTGGCTTGGTTTCGAAAGAACATGTTTGGACAAAAGAGCGAAAAGAATGATGTGAATTTAGACGAGGAGCTTGAAACCGACGAGATCGACACTGCAAGCGAGACAGAATCCGAACTAGAAGAACAAGCGCAGACAAAGAGAAGCAAAGGTCAACAGTCTGGTTCAAAAGGACACGGCAACAAAAATCTTAGTGATGTGCCCGTATCTCAAGTGATACCGGTAGAGATTCCAGATTGTCGTTGTTCTGAGTGCGGGACCCTGTACAGAATGCTTTCTGCGGTTGAGAAATCGCCACTGCTAGAAATTACGACCGAGTTGTATCAAGACGTGTATGAGCTTTCTAAATACGTGTCACAGTGTGATTGCCAGGGTCGAAAAATACTCACAGCTCCACCACCTGCCAAACTTTACCCCAGGACAAGATTTGGAAATTCGCTCTGGATCTACCTTTTGGTCCAGAAGTATCTTCACGGAACACCAACCAACAGGACCATCAAAGAGCTTGATTTGCTTGGGTTCAGCTTACCTGAAGGGACAATAGCAGGTGGATTTAAAAACATCGAAGGGCTGCTAGAGCCTTGGTATCAAGGAATAATCAATCACTGCCGTGGAGCCTCGTTGTGGAATGCCGATGAGACTACATGGCGTGTATTTGGCTCAGGCAAGAAGACTTGGTGGTTCTGGGTCGTAGCTAGCAGTGATGCAGTAGTGCACTTGTTGGATGAAAGTCGCTCAAAGAAAGTGCCACAAGAATTCTTTGCTGGTTCTGTCGGGACACTCATGACAGACCGATTGGCATCGTACAAATCGCTGCCGTCTTCAATCAAAAAAGCTTGGTGCTGGGTACATGTGCGCAGAGACTTTCTGAAGATATTCAACGGAGTTAAAAGCTGAAAAAATGGTCAAAATCATGGCTGAAGAAAATCGCCAAGCTCTTTGTCCTGACTCACAATCGCTTTGTAGCGTGGCAGAAAGAATCGGACATCTCACCAAAATACAGCAGTACTGATAGCGCACTAAGAGAGCATGTCAAAGAAATGCAAGCCTCTTTTGAACAAGAATTGAAAACGCCAAACGCGCTAAGTAAGCAGCAACTGACCGTGTTGAATAGCCTGAAAAGACATTGGCAAGGACTAACGCTTTTCTTGAGCGATCCAAGAATTCCACTGCACAACAACCGCGCCGAGAGACTTTTGAGAAACACAGTGATCATCAGAAAAGGCAGTTACGGCTCAGGTGCAGAATGGTCTGGCAAGCTTGCCGCGAAGCTCTTCTCCATATTTCAAACATGCCTGATTAATGGGCTGGATCCCCAAGCGGTGCTTGCAGACTATTTCGAAGAGTGTTCAAAAAATCCTGGTCCTCCACTTGCAGATGTGTCTCAATTTTTGCCCTGGACAATGTCCGAAGACCGAAAAACCGCTTTTGCTTTGCCAAAATCCTACACCCCGCCTGGGTAAAGCAATTTAAAGCGGCAAAAAGGTCAGAAAAAGGTAGAAAATCGGCAAAAGTCGGCGGTTTTACAGGAAAACTCGCTTACATGTGCTCACCGAATACTTACAAAAAACATAAATAAATATCAGTCAAATAACTAACACCCGGAAAAACAGCTTTGTAAGCTGTTCTCCCGAGTGCTTCTTAGTTAAGCTCTGACAAGTTCGACCTTATCGCCAAGTTCGATGCTGATTGTGCGCGCCTCGGCGTCCTTGTGGACAACCTTGAACAGAGGCGGACAATCTCCAAATGGATAATCGATTTCTTCGGGAACTCGCGAAAAATCGTGAGTATCACCGGAGGAACCATTAGGCGAAGGCGCCAGATATTCGATGTCCAAAACAAGCGGGTGCGGATGAACGAACTCGCGAGTAATATTCACTTTGATATCTGGAAACGCTCTTGGAGTCTGGTTCGAGCGAAGAGTCACGCTCCGATTATACGTTAAGATTTCTTGCCTCACTTGCTCTCCTCTGGCTTTGAATCGGCAGTACCGATGCCGGCGAAAAACATGGCGCACACAAGCGCGACGCTAGAAGCTGTGTAGCTGGCTGCTACAAAAGCGATTAGCATCGCCACGAGAAACGCAGCCGATGTGAACTCGCTTTTACGCTGGAGCGTCGCACGGTCAGTGAATTTGAGCAGGTAGGAACCCAGTCCGCATCCGCCAACGAAGACGAAAAGCAGAATGAGAAACATGCCCAGAAGTGGATCTTGTGACATTGTTTTATTTCCTTCTGTTGATTTAGCTTCTAAAACTATTGTCTGCCAAAAG
CP064963.1_gap67	2792480	2793123	643	CACCGAAGTGAGACCCGCAAGCGCTCCCACCGAAAGCAGTGGCACAATCGAATTGTATCCAATTGCGTTAAGTACACTGGCTATGGGAGCGGCATTAACCAGTCCGGTGTAATGAACTGCACCAACGCCAACTGCTGCCACTGCCATGTAAATAGCAGTGCAAACCCAGAGACTGCCTAGCACACCGCGCGGCATGTCTGTCTGAGGATTTTTGCATTCTTCAGCCAGAGTGGTTACTGCATCAAAGCCAATGAAGGCGAAGAACACAACACCGGCCCCGCCAAGCACGCCCCAGAAGCCCATCGGCATAAGGGGAGTGAAATTTTCGGTCTTGAAGTACCAAACTGCACATCCGAGGAAAACGACGATAACAGCCACTTTCACCCAGACGAAAATTTCAGTCATGCGCGCTGTGTGGTGCACGCCAAGATAGAGGCAGAGACTGAGAAAACCGATGATAAGAAACGCCGGCAAGTTGATCGAGTGTAACTGAGTTGCCACCATAGCCGCTTCCTTCAAACCGGCTAGGCAAGCAACTCCGCCCCCAAACAGAACGAGACCGCGAAGGGCACCCGACTGTTTGTGTTTATCGCTAAGCGACCAAATTAGTGCAGCGACGCCCGAAACAAGCAGCATGGCTGTG
CP064963.1_gap68	2806888	2809114	2226	AGATCTTCGCCTTTTTCTACTTCAGGCAAGTGGACAGCTTCGTCGTTGACATCGTCATCACTATCGCTATCGCCTTCGCCTTTTTGTTGAACTTTGTCATATACTTCCAGGAAGCCTGCGAATTTGCGCGATGTAGCGGATGCTCTGAAAATTGCCTCACCACTTTTGACTTCGACCGTACGAGTCAAAAGCTCAGCTGAAGCCATTTGGCTTGCAATGAAACGCTCCCAAATAAGTTTATACAACTTAAATTGATCCGCGCTCAAATAGCTCTTCAAGCGCTCGGGCGTCTTGTCGGGATAGGTAGGACGAATAGCTTCGTGAGCGTCTTGCACCCCTTTGTTTCGGGACACGTAAACAGGCGCCGCTTCAGGAAGATACTGCTTGCCATATTTTTGCTTGATAAATACTCTGGCTTCATCCTGCGCTTGTGTGGCCACGCGGGTTGAATCTGTACGCATATAAGTAATAAGACCGGTAGGTCCTTCTGCGCCAAGCTCAATACCTTCATACAATGTTTGAGCCACTTGCATGGTTTTCTTGACTGGATAACCAAGATGGTTGGCCGCTTCGCGTTGCATGGTCGAGGTGATGAAAGGTGCTTGCGGTTTGCGTGTGCTTGCCTTTTCTTTAACGGACGAGACTTTGAATTCGCCGTCCTTAACAGCTTTGACCACTTCATTAGCCATCTTTGAATTTTCGATGACTACTGTTTTTGGTCCAGACTTGTCAGACGCGGCAATAACTCTTTTGCCTTTCCACTCAACAAGCGATGCGATGAAAGTCTTTTTCGATTTACTTTTGTGCAAAGTCGCTTTAACCGACCAGTACTCGACTGGATTGAAAGCAACCACATCAACTTCACGCTCACAGATAAGTCTTACAGCCACAGACTGCACACGACCTGCCGAACGACCGTTTACTTTTCTCCAAAGCAACGGACTGATTTTATATCCCACCAATCTATCAAGCACACGGCGAGCCTGCTGGGCATCTACTAGACGCTTATCGATTTGACGTGGAGACTTTAGAGCGGCTTGAATAGCCTCTTTTGTAATTTCGTTGAACTCTATTCTATGCAATTTGTTTTTAGGCAAATCGAGTAATTCAGATAAGTGCCAGGCAATGGCTTCACCTTCGCGGTCAGGGTCGGGCGCCAGATAGACTCTGTCTGCCTCAAGGGCAGCTTCTCTAAGCTCCGCCACGATAGGCTCTTTCTCCCTCAATATTTCATACTGAGGCTCGAAGTTTTTTCGCACGTTCACGCCCAGGCGATTGCGGGGCAAGTCACGAACGTGGCCCACGCTAGCTTTGACCTGGTAGTCGCGACCGAGAATGCGACTGATGGTTTTGGCTTTGGCGGGGGACTCTACGATTACAAGCGATTTTTTCATGCGATGGTTTTTTTCCTGATTGCTGTCAAGATATTGAAGCGAGCGATTACTATAACATGGTCATACTATATAAAGATAAAACTATATATATCGAATTAGACCCCCTCCGTTTCGAGTTCAGACGTGCTTTCATTTTTCCATATACAAGGAAGGGGATTTATTTACACAAAGTGTTAAGCAGGCTTTGGAAGACAATATCCGAAAGTGCGCCACAGGACTTAATTTCAGCGAGTCTTTCTTCGTTATCCAACGTTTGCAATCTTATAGTTATGCGATCCAAATCCTCAAAATAGTTTTTCTGATTAATTAAGAATGCCTCGGGCCATTCGATCATAGAGAGCATCTTTTTCAGACTCATAATTTCGTCGATTTCCATTGCCAAGGTCTCAACTGGCGAACCAGTAGCCATCAAGTTTTCATTTAACCTATAGAAATCAAAATGATAGAAGGGCAGGCGCCCGCTTTCATATTCGTTGCAAACGCTAAAGGTAGGACTGCTAATTACTTCTGGGATACCAAGCGCCTTTCCAGTGGACTTTACCAAGTGCGTCTTACCTGCCCCCAGATTCCCGGACAGACAAATGATTGCTTTCTCTGCTACTGCATCTGCAATGGCGCGACCGAACGCGTCAGTAGCAGCCAGATTAGGCAGACGCAGAGAATAAGTATTTTTAGACATGTTTAAAATTTGGTCTCAGTCCAGGGACTGATAAGCGAGTTTTGACCCGGTATTACCAGGGCGGGGAACCACCTTACCACTTTCCCGTTTCCTAACTCTCTTAGATACTAAAAGGACATAGGCGTACGTCAGCGGGTCGAGCGGGCTCTCCTT
CP064963.1_gap69	2811844	2812400	556	TGAAAACTACACAGTCTAAAGGGATGCGTGGTCAGTGCGACTTGTTCCGCTGGTTCCGCACCACAGTAAGCGTACAACTCGTCGACCTACCTGCACAAAGTGTCTCAACGGCACGCTTCAATTCCACTATCCGGGCGGTTCAGAGGTTGTTGCAGTCTGGTTGGACGCTTGAAATGTCTGGCGAAAATTCTCCGGCAGACAAAGCGGGCGTCGACTTCGTTTGGGCAAACAAGCGCCTTGGCGTTTGGTTCCCTCTCGATACGACGTACAAAGACAAGGTCGGCACGCCGTCCTTGATTCACTTGGTCAAACTGGCTGATGCTAACGACATCGTCGGTGGTCGTCTTTCGTTCCAAGCGAACATCTCATTTCTGGAGCTGCTTGTTCAGCTCGCACAGAAACCTGCTGTTCTGCGCTTTGACGAGCTGCCTCCTCCAGAAATGGCGGCGGTCGCGAATCTTCGTCAATCGCTCGAGTCCTTCAAGACTCGGCTTACGAACATCGGCGCACGACCTGGAAAGACCGAGTTCCTGGAGTGGGCGCACTACATGACTGG
CP064963.1_gap70	2831545	2832356	811	GTTTATGACCATTCTGGCTTTGTATGCCCGCTCAAAAAGAGACTGACGGCGCAACCGCTCGGCTGAGGGAAGCACAAATACTTTTCCAGTCCTGCCTTAAACAACTGCCAGACGCTGACGACCTTTCGCTCTGCGACGGCTAATAACTCTTCTGCCAGCTTTGGAAGACATTCTAGCCATAAAGCCGCTGTCTTTTTTAGCTTTCAATTTGGAACCACGCAACGTACGTTTCATTATTCACTCCTGAGCGGTCTCGGATTTGAACGATCGATTTGCCTTAAAAATTCTGGCTTATCCGGACCAAACAAGCCATGTTATCATTCGACGCTCTTAATTAATATCCGTCCGTTATTGAATTAAGACTAAAAGTTTACCAATCGTAGATTTTTTTCTCCTACCTGCCAATATATTTTCGTGCGCTCAGATAACGACATTCGTATACTCAAGTCGTCTTCCCAACTTTGGGATGATGCTCGCGCTATTCTGGAAAAGAAATTAGCGCAACCAAGCTTCGAGAGCTGGATTAAGCCTGTTAAATTATTGATGTTGGAAGATCGCGAAGTTGTCCTTGCTGTGCAAAACGACTTTATGCGCACAATGGTCACCAATTACAAAACTCAGATTCTGTCTGCTTTTCAAGAGCTACTGGACACAAGCGAACCGCTCAGCATGCGAGTTGAGATTCAGCAAGATCTAGAACCTTCCACATATACAAGTTCCATTGCCAATATTCAGCCTGACGCCATAAGCCAATCTTCACCCGCCAAAGTAACTTCTGTTTCTATTGCCTCCGCACCTAAACCGCCTCCAC
CP064963.1_gap71	2897970	2902104	4134	GAGCCATGCAGTGTCAGTAACGGCATGGTATTTTCCTTCTTGTGCGAGTCTCATATGAGACAAGTTGAAAGTGAGAATAGTGCTTATTTCAGTATTGTTTTGGAATTTAATTGGCAAGTAACAATATGGATAATTTAGCCTAACTACTTATCCGCCTGAATCCAAGTTAAACCATCGAAGATTATTACTTTCTGGTCTAGCGCAGTTAAGTTAGCTCTCTATTTTAAATACAAGTGCTACCCTATAAGTCTCTTATCAAATGAGCCTTCCAGGAGACTTTCATGGGCAATAAATCAACGCTGCGATCTAACCCTGTGCGCGGCATGCGCGACATTCTTCCAGACGAAGTACAAGTGCGCGATTGGGCGCAAACAATCATTCAAAGAGTCTATGAAAGCTATGGGTTTTCAAGGATAGAAACACCTGCCATGGAAAATATTGAGCTTTTAAAGCGCGGCGAAGGTGGCGAAAATCAGAAGCTCATTTTTGAAGTATTAAAACGTGGCGACAAATTGCAAGATGCAGTCAAATCTCTGGTCGATCATTTTGAAGCTCCAAATACCGTGTGGGCGAGCAAAAGCGAAGGCGGAATCGTAGACGAAAACGAACACGCCGATAGGCTGAAACGTGAATGGCTCAGTACTGAAGGCAAAGTGAAACCGGCACTTCAAGATGTTGCCCAAAAAGAATTGGAGGCGCAAAAAGGTGAATCTGAAGATAGAATCACGCGCGAATGGCAGGTTATTCCTCAAGATATTCAAACTGAAGCGGACCCCGAACAAGTGAACGCATCGTTATTGAATAATTTGTGCGACTCGGGAATGCGCTTCGATCTTACTGTTCCACTTGTTAGATATTACGCAGACAACATGAACAGTTTGCCTAACCCGTTCAAAGCGTTGCAAATCGGCTCTGTCTGGAGAGCTGAGCGTCCTCAAAAAGGTCGTTTTCGTCAATTTACTCAGTGCGACATTGATATCATAGGTGATGGCACCGTTTTCGCCGAGCTTGAACTTATAAGCGCAACAACCGAAGCTCTTCTTGAGATGGGATTTGAAAATTTTATAGTGCGAATAAATGATCGTAGATTGCTCACTCGTTTTCTAGAAAACTGCGGAATTCCGAAAAGTAAGATGCAGCCTGTAAGCGAGATTTTAGATAACAAAGACAAAATTGGTTGGGACGGTGTTAAACAAAAACTGAACGACATTTTGAGTAGCTCGTCTATAGATGAGTTGATGAAAATTGTATCCATGCAGGAAGAAGTGAATAAGTCGATGAATAGCTCTTCTGATCCTGTAATAAAGGACTTGAGCACCATTATTAATACACTTAAAAAAGTGCGCGAAAATTCCGGTGGAAAAAAATTCGATATTGTATTCGATCCACTTCTGATTCGGGGAATGGGCTATTACACCGGTCCGGTTTTTGAAGTGGCAGTGCCTGAATACGGCTCTTCTGTAGCTGGTGGTGGGCGTTATGACAGAATGATTGAAAAGTTTTTAGACCGTTCAATTCCGGCTTGCGGTTTTTCGATTGGATTTGAGCGCATTATTCAAATACTGATGGAAAGAGGTTCTGCCTCTGCTCATGCCAAAGAAAAAATTGCGCTTCTTTATGATAACTCTCAAGACGATCCGGCTCTGGTAATGCAAAAAGCATCTGAACTGCGCGATGGCAAAAAAGCAGTTACGCTTATGCCAAAGAAAAAAGATATGCGCAAACAATTGGATTTGCTTATGAGTCAGGGCTTTACCGCGTTTGGCGTCTACAAAAATGAAGGCTGCGAAATTAAAGCGCTAAGTTCAAAATAATTACTGCCACCAACTGTAGTGGCGAGTGCAAAAATAAGCAACGACCGCAATAACTGCTCCAAGGCAGCCACCAATGGCGCCGCCAGTCCAGCCGTTATCATCACTTGAGCGAGCGACTACCACTCCACCTATTGCAAGCACCGCTGTGCAAGATAGAACAAAAAAGCCTGCTAGTGTCGTTCCCTTTAAGGCAAATGCCTGAGCTACCATCAACGCTGTTACCACTGCCCCTCCGACGAACATCAGCAGACAGAGCACTTGAACTACGGGAGCAGCAGATTTTTCGCCTTTCATTTTAACATTAGTATGTTGCAAAGCTGTTTCGGGTCTCTTAGCTAGTATACTTGGGAAATGATTCTCGACTACCAAACTGCATACGAAAAAGTGAAATCGGGTGAGCGCATTAGTGTCAAAGACGCTGAATGGCTCTGGAACTGTGCGTCCGATGACCAATTGCAGAGTCTGGCGCAACTAGTGCGGGATCGTTATCACAAGCCAAAAACAGCCACTTATCTCTTGATGCGGATTGTTAATTACACCAATGTTTGTGTGGCAAAGTGTGACTATTGCTCGTTTTACAGACTTCCCAACGCCCCTGATGGGTATGTGAGAGAGAAGTCATGGATTTTTGAAAAAATCGACGAACTGGTTTCGGTCGGCGGGGTGTTATTTGGTTTCAACGGCGGCTTCAATCCCAAGCTTAAGCTTGATTATTACACTGACTTGTTTTCTTCGATTCGCGCGCGCTACGGCGACACCATTGAATTTTATGCCCTGACAATTGTAGAGCTGTTGTACGTGGCAAAATTGTCAAAGATGTCTGTGCCAGACACCATTAAAGTTTTGAAAGAGGCAGGCGTTCGCTGGATTACAGGTGGTGGTGCCGAGATTTTGGCTGATTCTTTTCGCAAAAGACACAGCCCGCTCAAGTACACAGTGGACGAATACTTCGACACCCAGCGCCACGTTATTGAAGGCGGTTTGAATACTACCGCCACTATGGTCATAGGTTTTGATGAAACCATGGAAGAGAGACTCAGTCACTTAGAGCGATTGCGACAATTCCAAGACGAAGTGAATGGTGGTATTTTCAGCTTCCTGTGCTGGACATACAAACCTTACAATAACGAACTTGGTGGTACCGAGATTGGTGCCAACGAATATTTGAGACATCTTGCTTTGTGTCGCATTTTCCTCGATAACATAGTGCACGTGCGAGCTTCGGTTCTCACTCAAAATCAAAATGCACTCAAAGGACTTGTTTATGGTGCCAACGATTTTGACATTCCCTGGGAAGACGAAGTTACTCAAATGGCAGGCGCGGTAATCGAACAAGACGTCGAAAAGGTGCTCAGTTATGCTCGTCAAGAGGGGTTTGAGCCAAGCTATAGACACGTTGCCTTGTCACCACAAAATGGCGGCTTACAGTTAGCGTAACTAACCGACCGCTTGACATTAAAGCTCAAATAGTACAGCCTGTCATGCCGTTTTTGCGCAACTTTCAATAAAGCCTTTTGTCAAGCGAAAGCTTTAAAGCTAATTAGTCTTACTTTCTGTTTTAAGCAAGCTTATGGCTTGTTTTAGATATAAGCGTTTTATTAGGCTCAGAGTCCCTTTTTCTCCTCTTTTTCAAAGTTTCTAAATCCACTCACTACGCACTTTTCCAAAGCAGCATTACTCAGTAAATAAGCCCTGGCGCTTGTATGGCTGAATTGGCTCAAGAAGTGTAGAGGAGAAAACTGCGAACAGCGCGACCAAAAATCGCGTCTTTGCTCAGTTCATCGCGATTTCGTGATGGACCCATTCAACCTTCAACAATCAAAAATGGGAGACAAAAATGTTTCCACTCAAAGACAACTTGGAGTGCAAGACGTTTCCTTACGTCACTGTCGCTCTGATTCTGCTCAACTGCCTTGTCACCATCTGGCAGACCACGATGCAGGCTTACACGGGAAGCGAAGCTTTCCATGGGCCGTTCTGGCTGATTCCGTCTGAACTGATTCAGTCGTTTGGCTCGGGCGACGGTCTTGCGGTCGTTCGCGAGACTTTCACCCTCTTCAGCTATCAGTTCCTCCACGGTGGGCTCATGCACCTCGTGGGCAATATGTTCTTCCTCTACGTCGTCGGCCGGGCGACTGAAGCGCGTTTCGGGTGGCCTGTCTACCTGGCGTTCTATCTCATCGGCGGCGTAGTGGCAGGCTTAGCCCACGTCTACTTCAACCTTGACGCAGCGATTCCGCTCGTCGGCGCCAGCGGCTCGGTGGCTGCGGTCATGGGAGCTTACATGCTCTTCTGGCCGAAGGCTCAAATCTGGGTCGTG
CP064963.1_gap72	2970849	2973838	2989	CAGGCGATTTTAAGCAATAGTGACGACTGATTAAACAGTCGTTTGCATTCGAAAAACTCAACCAAACACCGAAAGGAAATACTATGCAGAATGAGACCAATAAGCTTCCGAAGGGCTTTGTTCGCACCATCGTCTGCGGCTTCTTCCTCCTCTTTGCGGTCACCGTCGCCGGTGGCTTTCTGTCGCAACTTGCGATGGGAGGCGGCATGCAGCCTTAAAGGCTGCATTTTTCGCTGAAAACTCTCTGAGCCTACAAACAAAGAAAGGAAACATCCATGAATAAAGAAATCTCGCCCCAGCAGAAGCCCAATAAGACCTCGATGCTTGTGCGTTCCATTAATCTGGCCATGATGCTTTTCGTCCTGGCTGGCGTTTTCGCCAAGCTTTATTCGGTGGCGGCGCAGAATGCAAAGGCTGTCTCCAAGCTCGACGATATCAATCCCGAAGCACTTTCGGGACCATTGTTGCTTGCGTCCGGTCTTTTGCCGATTCTGACCGTTGTCGGTTTTGTTGCCATCGCCGGGCTTCTGATCTGGCGTTACAAAATCAAGGGCTGAAAGGAGAAATCGATGAATCTTCGATTTTGGAAAGATCAAAGTCTTGGTGTAAAAGCGCCGGAGCAAATCAATGGTGAATAATCCGGTCAAAGCTCAGATTATATTCTTCAGCTCCGCTCTTTCAAGCGGTCTGGTGGTTTTATCTCTGGCTCTTGCAAGCGCCTATATGGTCTGCGACCAGAGTCTGCTTTTGTTTGGCTTAAAGCCGTTCGCAAGTGTCGGATGGTGTTTTCTGGGTGTCTTTCAAGTCGCATTCGGCGCCATAATTGGTCTCGACTACGCCCGACTAAGTAATATGTCTTTGTCGCCGTACCGATATTTACCGGCAATTATTGGCGCATTTTTTGCCGCAATGATCGCGCCGGCTGCCTTCATGGCGGCTCAGCTCACAGGCCTCGCGCTTGGACTGGTTTATGTTCTCAACGTCTTGCTCTGGATGCTCCTGGGTCTAATCATCCTTTGTTTTAAGGAATGAGCGATGATTGTCTGCAGTTGTAAAATCAAATCCGATCGGCAAATTGCCGATGCGGTCCAGACTGGGGTGGAAACCTTCGCCGACCTCTGCGATCATGTGGATATTTCCAACGATTGCGGACAGTGCGCAAGATTGACCAAAACCATCTTCGAGCAATGTCTTGAAACTAGCGGCAAAAAGACAAAAGCGAAGAAGAAAGAGAAAAGGAGAAAACCTTGAAACTAAAAGACAAAGTGGTGTTGATCTCTGGCGCTTCACGCGGCATCGGTCTTGCTATCGCCCAACGAGTGGCAGTGGATGGCGCGAAAGTCGCCATTCTTGCCAAATCTACAATGGAAGACCCCCGTATTCCGGGCACCATATTTAGTGCGCGAGATGCAGTGATCGCTTCCGGTGGTGACGCCATCGCCATATCTTGCGATGTTCGTGAAGAAGCGCAAGTCGTGGACGCTGTCAATCAGACAGTTGCAGCCTTCGGTGGCATCGATATCGTGGTCAACTGTGCCGGCGCCATTCAGTTGACTAACATCGAGAAGACCGACATGAAGCGCTTTGATTTGATGCACGCACTCAATGCGCGCGCACCTTATATGGTGGCGAAACACGCGCTGCCTTGGCTAAAGAAGGGCTCAGGTGGTCATATTCTAAATATGTCCCCACCTATCAATCTTCATCCTGGCTGGCTCGGACCGCATCTTGCATACACCATGTCCAAGTATGCGATGTCGATGGTTACTATGGGGCTTGCCGCCGAGCTTGCTGGGACCAAGATCTCGGTCAATTCGCTCTGGCCCGAAACTTTGATCAAGACGGCCGCTGTGCAAAATTTGCTTGGCGGCGATCAAATGATCAAAGCGTCGCGCGCACCCCAAATCGTGGCTGATGCGGCATACCTCATTTTCACCGAGACTCCGCCTAATGGCGGCAAAGCCTCGGGCAATTTCTATATCGATTCAGAAGTTCTGATTTCTCATGGTCAGACCGATCTGGATCGTTATGCCGTCGATCCGACGGTTAAGCTGCGTCCGGACATCTTTCTGGGCGAGCCGTAAGAAAGGATAATCACATGAAAAATTCCTACCGTCTCGCCTCTATATGGCAGGCGCTGAGCCAGATTTTGCATTACCGGATGCCGGTGATGTTTTTGATTCTGACCTTTATCTCTCTCTTCTTAGGCGCTATGGAAGCGGCCAAGCTTGGACTGACACAAACAAATGCCGGTCCGATCGATGCTCACACTTTGTTCTGGTTCAGTTTTGCCAGTGCGTGGAATCTGTTCTGGCATGCTGGTCTTATTATTGTTGCTGCCATTTTGTTCGTGGCCGCAATTTTGTTTTCGATCATGGTAAGTGTCCTGGCCAATGCGCAGGACACAGTGCAAAACGAAGGCTATCTGGGCTTCGACGAACCTGATACGTCTTCGACTTCTTCGATACACCAAGAAAAGTGAGCAAGGAAGCTGGGGATAGCAATCTCCAGCTTTCATAAACATAATTAGAAAGGGGTTTGAACATGATTCAGATTGAAGTCTCGCAATTGAATTTGCAAGCCAAACTTGGCGATCAAATCGAGCTGTCTTTCAACAGGATAGCTTCAGGAAAATTTTTGGCCGAAGAAAGAATCAATGGCCATGTTTGTTTTCTCGATCGAGAAAGCGAGCTAATTCGTTCTGGCGACCGCTGTTTAGCTCGTCTCAAGAATAGGTGTCCAAAGGGCGAGGTTTATTACGCCTCTGTGCTCGGGATATTGGAGGCAGGGGACGGAAAAAATACGTTGCTCAAAAGAGTGATGGAGCTTTCTCGTCCTACATTTGTGAAATGTCCTTATTATGTGCGCGCTGGTATGAAAAAAGCCCGGGCTTATTTCAAGCATCGTCATCTCGACCTTCTAAGGTTTCATTTTCGCTATATCGAGCGATTGAAGCTAGAGCAAACCCTGTGCTCTGCCCAAATAGAAT
CP064963.1_gap73	3127157	3127876	719	AATTATCGCTTTTGAGTATTTCATACGATTGAAACTCGAGTGGTAGTTTGCTAATTTGACAGGGAATTAAAAGCTTAACCGTTGTTTGAAATTAATGCCCGAATGAATTTGGATCAAAACATGCAAGAAACCTGGCGCGAATTTTTTGAAGATAAGTCATCATGGAAAGGTCCATCGTACAACCTGACTATGATTATGCGAGACTCGGCTTCTCGTCGTGATCTTGAGCGAGCACTTACTAACGATCTAGGATTCGAAATATTGAAGGGGACGATAGAGCGCGGAATCAAGTATTCTATTTTTAAGTTCGGACCTGACCAGCAGCCAATCGGCGTTGGGCATACTTATATGAAAGAAGATAATATGCTTTGTTCGATGCAACTTTCTTTTTATCCTGCTCAAATGCAGCGCATTATTGACTCTCCTGAAAAAAGCAAACAGTTACATCAGGCGCTTATAGAGCTGGTTCGTAAAGTTGGCAAAAAGTTTCCAGTTCTATGTGCCACCATATGCGATGAAGCATATTCTTTTGTTTATCCACCCGAAGTGGCTGGTCGTTCAATATGTTTCGAGAAATCGGCCTTCGAAAAGTCGGGTATCGACAAGCCGAAAACCGAGCTTAAAGACCCATGGCAGGGCTATTACGCAATCGCGATGGATAGTTAGCGAGTATAAACTATGTGGCAAGTCTGGCGACGCGACGACAACGGCAATGATTT
CP064963.1_gap74	3139175	3140022	847	TCAACGGTGGTAATTGTGTCTGCTAGCACAGATGGTGCCATGGAGAGTACAGAAATGGCAGTTAGAGTAAAGCTTGTTAATGTTTTAAAGTGCATGGTTAAACTCCTTGTAAGTTGTCCACGATTTTTGATCCGTTAAAAATATTACGCTCGGTTTCAAGCATTACTGGGGTGGGGACAGGAATGTAGTTGACATTGCGCTGAAAAATAACGCACGGCCAAAAAAGCGCATCCTCGAAGGTCCCTGCTACTTGCCAGCCTTCATCAGTTCTTTCTTCTATTAATTCTGCAAGCGAGGTAACTTGATTTCTGAAAATTCCGCCCTTGGCGTGCTCTACAAGATACTCGTAGTGTACGTTTGGGTCTTTGGCAATCATTATAAGAGTTGGGTCTATGCCACCATGCATTACGCAAGCTAATTCCAAATTGTCTTTCATCTGATGAATCAAAAGTTCGTAAACAAGAGTGTCTTCCAGGCTTGCAAACAAATCGGCTCCCACTTTTATCGCTCTTACATCGGTGCAAGGGCGCTCAATCTTTTTCATGACCACAATTGGTGGCGAAAAAAGTTTATCCAGGACGCACGCAGGGACCCATGAAGTGTTTAAATATTGAACGAATTTTTCATTCACTGCCTGCTCGTCGCTTTGACCGTCGGTACTAGTCTCTTCCACAATATATTGGGGGACATAACCAGTACGCTCGGATCTATGGAAAATGAGCTTGGGCATATGCACTTCGTCGCCGCATATATCAATTATTTCCCAGCCTTCAAGGGCTGAGTGGCTCAATATGCGTCTTAAAGCATCCGCATCGCTTTCGTCGTGAGCTTTGGTGAAAGACTCAAC
CP064963.1_gap75	3209811	3211217	1406	ACTGCGTGCTGATTTTAAACTTGTAGAGCCGCGAGTTTTGGCGCGCTCGTAAATGTAGCAATCGCTGCCATAGAGTCGTCCAGGCAGTTCAGCCAAATTAAGTGCTTCTGATTCCTCATTCAATTCGTCGGCAGACTCTGGCCATTTATCTATCATGTTTGGAGATATGTTAAATGTGGCATTAGCCTCAATTAGTTGTTTGCGAATATGCACCGGTAAGCCAGCCAAGCCATCCTTTACTGCTTTTATTGATGCTGCACTAACGGCTGGATGTCCCATTTTAGGAGCGATTACAGATACGCGATCTGCCAGACTGGGTCCGTCATCTTTAACAGCGGCGGTCTTAACCCCTTTGGCAGGTTCGGTTTGGGCTTCTGCCGCGGGTGCAGGAGTGCCACCACCTGCAATTTTTGCGTTGACCGATTCTAGTCCAGTTGCTGCGATGTCCGCTTCTGGAGACTTTTTGAACATGGTGGTGACCATCTCATATGTCTGTTTCGCTTGAGCGTATTGACCTGATGCAAAAAATGTATGCGCAGCGTAAAGCCAGGCTGCAGGTGTTTTATTGCCCTGCTCGATCGATTTGCGAAAATGCAATTCGGCACCTTTGTAATTTTTTTTGCCGTAAGCTTCGATACCTGCTCGATATTCTTCCATGCCTTTTGGTTTTGCTGCCGCTTCTTCAGCGCCTGTTTTAGCCGAAGAAGCCATAAAGGAGCTTAACGACAGTGCAATACTTAAAGCCAAAAAAGAATTTGCAATCGAATTTTTCTTGTTAGTCATTCCAATCGCCTTTTTGAAGTGTCACCATATGTGGTGCTCGCGTTACCACTGACCAGATTCGTAATTGATGCCAGTGCTATCAGGTCTTGCATCGCCCATATAGCCGAATTTGGTGTTATTGACCTTGTACCCACCACCGGCTGTTTTGGCTACGGTTGTTACACTTTGGTCTGGTCTGTAAATGGTTATTGTGCCTGTGTTGTCCTTGACCATGCGTCCGCGGGCGCCGTTGGGGTATTTGACCAGATAATCGTCTTTATCTCGTCTTGGAATGAGCACGGTACCGTTGGCAAATCCTTCTTCAATGGCGTAACTACCGTCGGGAAAGCGGCGCAGATAAGCATTTGAGCCGTCTACCATGGTGAATTTTAAAATAATGGCCGGGCGTTTAGTTGGTACACCTTTCTGCTCATAGGGGTCTATATCTTGGACCGAAAAGACCAAAACCATGTCTTTGGCGAAATCTTCAGCACTTGTGCCCAGTTCTTTGGCTGTGCCTTTGGCTACAGCTTTGATGAAATTGCGCACCGAGCCTTTATGCTTTTTCTTTTCGGTCTCGCCGTCCTCAGGTGTAAGCCATGGAGAATTTTTAGACTTGACCCACTCTTCAGCCTGCCAGACTT
CP064963.1_gap76	3301498	3302508	1010	TGACCAACAGCAATCACTTCTACGTCGGAGAGAACTGGTGCGACTTTAGTTTCAGCACCCGAACCAACCATAGCGTAGATGTCTACTCGACTTTCAGGGGTCACGAATCCAGAGACACCAGAATTGGTGTCGATTGCAAATGTGATGGCGCGCATGCCTTCACGCAATCTGGATTCAAAACCGAGGGAAATGCCTTGAGGAGCTAAGTCGTGTTGTGACACGATTTGTCCTTGAGCGATCCCGTATTTTGCAACACGACCGGCAGCCAGTGAAGCGGAAGTAAGAGCGTCCATTGGAATTTTGGATTGCTCAACTTCTTTTTCTTCCAGGGCGTCGGAAGGTATCGTTTGGCCTTCAGAAATGTCTTTTACTGCGTAAACGACTTTTCCTTTAGCTTGTAGTTTGGCTTCTAAGTCTTTCTTCTTTTCAGCCAATTCTTGTTCTTGCGAAGTCATCTTGCCGGTCACCATCATAGTGACGAGCACCGCCAGACCAATGATGATCAAGAGCATCAATGCTGGAGGCATTCGTGACAGTTGTAAGAACAATGCTCGTAATGGATTCATTACGCTTCCCCCTTCTTTCTAAGTGAGAAAGATTAACCATTTACTATTAACGCACATCGGCGATACAAGGACAACAGCATCGCCTCTTCACGCCCAGAGTGTTTGTACCCTAGAACGCGAATTCCCACACGCTTGCAAGATTCTACAGGGTTAAACTAGGCTTGATATCTGTGCGTGGGCGCTTGATTACGTGTGCAAAGCGGCATGGTTTATACCTTTATAGATTGTCGAAAGTGGCATTGCTTGAACATGTCATGACTTGCTTTTGCGTCGTCTTCTCGATTGAAACCGGCATGAATACTGAGTTTTGAGCAATGGTTCCCGAACTTCTCATATTTTTTTTCAGAGACCGATATTGCATTTCTTGGCAAGCCCGCAAACCCAGATAAATGAATGGTCGGCGGATAAATAAAATCCCGTTAATCTCTGTGGGCGGCCTTCTCT
CP064963.1_gap77	3306188	3310650	4462	TACGAACTGATAAGCAAAACCAGCATTGGGAGCGACTATGCCTTGATCTTTGCGAGGTAATCCACTAACTGAATGCGGTAATTTTAGTCCGTGTAAATAAAGACTGGTAGCTGCTTTGCTATTGTTGTGCAAAATAATGCGAACAGGCTCACCTTGCATAACCCGAATGGTTGGACCAGGAAGACGCTCATTGTAAGTGAGGGAGTGAGCCGTTTTTCCTCCACCAATATCTAATTCTTTTTCTTTTACAAGTAAATGAAATTCGCGACAATTTAGTTCACTGTTAGTTGCTTTGCGCTGAATCTCGCCCATCTTTTTCATAGCATCATCAATTTCTGAATTGATGTCTTTCATCTCGTTGCGCATTTTGTGCAACTCTTCTTTCTCTGCCGCCTGCTCTTCTGCCAGGTCTCCGTCGATGAGCTGTGCCAGAGCTGCATTTGGTTGGATTTGAAGTAAAAATAAAGTCGATAAGAGCAAAAATCTTTTCAAGTTAAGTACCATTTGTTTTCACTTTTCCCCTGACAACGGAACTCTGATGCGATGATGCAGTAAGATCCTAGCCTAAATCTGTTGATTAATGAGCCGGATGGAGGCATTCTTTGTGATCCCGCGATATACACGACCGCAAATGGGAGATATTTGGACCGAAGAGTCCAAGTACCAGACTTGGTTAGAAGTAGAGCTTGCAGTGTGTGAAGCTCAACACCAGGCAGGTGAAGTGCCTGATGAAGTTATGGCTGAAATTAAGTCTAAGGCTAAATTCGACATCAATCGCATATACGAAATTGAAACTGAAGTTAAGCACGATGTCATTGCGTTTGTTACTAGCGTCAACGAATTCGTTGGCGACTCGGGTCGCTATATCCATAAAGGTCTAACAAGCTCTGATGTAGTCGACACCGCTTTAGCGCTCAATATGCGCAAAGCAGGCAAACTGATAGAAGTAGAGCTGCAAAATCTGCACGATGCAATTCTAGAAAAAGTGCGCTTGCACAAAGACACCGTAACCATCGGCAGATCGCATGGCATACACGCCGAGCCCACTACTTTTGGTTTTAAACTTTCAATCTGGCTAGAAGAAGTACGACGTCATCAAGGACGACTCAAAGACGCAATCGACATGATTTCGGTCGGGAAAATGAGTGGTCCGGTCGGCACTTTTTCGAATATATCTCCTGCCATAGAAGAAAAAGCTTGTCAGATTTTGGAGCTTGTACCGGCTCCCATTTCTACTCAAGTAGTGCAGCGAGACAGGCATGCACAGTTCATTTGGACCCTTGCAGTTATAGGGTCTAGTCTGGAAAAATTTGCCACAGAAATTAGGCATTTGCAAAGAACAGATGTTTTAGAAGCGGAGGAACCTTTCACTCAAGGACAGAAAGGAAGTTCAGCCATGCCGCATAAGCGCAATCCGGTTGGTAGCGAAAATATCACTGGACTGGCTCGTATTCTCAGAGCAAACTCACTTGCGGCACTTGAAAATATTCCGCTATGGCATGAGCGTGATATTTCACATAGTTCAGTAGAGCGTGTAATAGTGCCAGATTCGACTATCCTTTTAGATTATATGCTCAGTCGTTTTACTGGCATCGTCAAAGGATTAGTTGTTTATCCTGAAAATATGAAACGTAATATGGACGTTTTTGGTGGCATCATTTATTCTCAAGCAGTATTGCTCAAATTAGTCGAAAAGGGCATGAGCAGGGAGGATGCATACGCCTTAGTGCAATCGCACGCTATGAGCGTATTTAATCAGGAAGGCAAAAGCTTTAAAGAGGCTTTGTTGAGTGATACCAAAGTTAGTGATAAATTATCCAAAAATGAAGTGGAAGAATGTCTCAGTTCTAAAAACTATTTGCAGAATCTAGAGCAAGTCTTCACGCGTTTAGGTGTATAAAATGAGTATAGATCCAGAGAAGAAACTAGCCGGTATCCTCCTTCCTGTTTTTGCCATCAGGCGCAAAAACGACTTGGGAATCGGGGACACGAAAGCAGTAAAAGATGCGATAGATTTTTGTAACAATAACAAACTAACTGTTTTGCAAACTTTGCCAATAAACGAAACTGGCGGAGACAATAGCCCTTACAACGCAATAAGCGCTATGGCTCTTGATCCTGTTTACACAAATATGTCACCGGATGTAGTGCCAGGTTTGACACAGGCTGAATATGATAAAGTCAAAAACTCAATCGATCAAGCCACTCTTTTTGCCGAAGATGTTGATTATCAAGTAGTGAAAAAACTAAAGCTTGATTTGTTTAGAGCTGCATTCAAAAATTTTAAAACAACTAAAGAGTTTGAAGCATTCAAACAAGAGGATGGCTGGTGGTTGACACCATATGCGGTGTTTCGCTCCTTGCTGGACACGCGCTTGGGCGATACCAATTGGACTCGTTGGCCTGAAGAATTGCAGACTTTCGAATCGGCTAAAAAATATCTTGAATCAAATGGACAGTCAGATGAAATCGAATTCTGGTCTTATGTCCAGTGGGTAGCAAATGAGCAATGGCTTGACGTGCGCAAGTACGCAGACAAGCACGGTGTTCGAATTATGGGTGATATCCCATTTGGTGTCAGTCGCTACAGTGCAGATGTCTGGCAAAACAAAAAACTATTCGATCTCGAAATGTCTGGAGGAGCACCTCCCGAGCCGCTTTTCTTCAACGATTTGTTCACCAAAAACTGGGGACAAAACTGGGGTATTCCACTTTATGATTGGGCCGAGCATAAAAAAGAAAATTTTGCCTGGTGGAAAAATCGGATCAAACGACTAACAGCACATTTCCATGATTTTCGAATCGATCATATTCTTGGATTTTTCCGCATTTATGCCTTTCCCTGGATTCCAGAGCGCAATCATGAATTTGTCGAATTGACAGAAGATGAAGCCAAAGAATTGACCGGTGGTAAATTGCCTGGATTTCTTCCCCGCCCAGATGAGCCGGAAGAATACGCCGAACTTAATCATGAAGAAGGCAAAGCAATTTTGAAAGTAATTGCAGATGCTGCCTCCAAATCTGGTGCTTTCATTGTGGCTGAAGATCTTGGTCTTGTGGTGCCAGATTATGTAAGAGAAACAATTCATGAGCTTGGAATGGCAGGATTTGCAATTCCTATTTTCGAACATATTCCAGACACGCAAGATTTCAAGCCTGTTTCAACTCTTCATCCTTTGTCGCTTGCAACTTATGCCACGCATGATCATCAGACCATTGCTCAGTATTATCGCGATTTAGTTGAGCGCTGGCACGGACCAAACGGACATGAAAGTTGGCTTGAGATGCGACGATTGATGGGTCTCATAAATCTGGACCCTGACAACCCGCCGGTCACATATGACGAGAAAGTGCAGTATGCGTTTGAGAAAACTCTTGCAGAAAGCCCATGCTGGCTAATTGTAATGATGATTTCTGATTTGCTTGGCTCTGAAGATCGGTTTAACCAACCTGGTTTGAGCGGAAAAGGTTGCTGGTCAAAAAGACTGCAAGCTCCTCTTTGCGACCTCGAAAAAGATTCTTCTTTTAAAGATAAAATTTCGGATTTTTCCAAATTGGTCGAGAAAAGTGGTCGTTTTCAATTGGTTGGCTCTAAATAGTAGTGGTGAAAATTGCTTTGCTTTAGTAAAGTGAATAATCATGATTCCAGCTTTTTTAATTCGAGCCGCTATTGATTATGTCCGCCATTCAAAGGCGCTGAGCGACTCCAATCCATATTCGCGTTGTGAAGAGGCAATACTTGCCGCAACTGGATTGGCTAAAGACAAGCTTGGTGATTATGACGAGAATTTGCTCGAAATCGCAGTTGCTACTAACTACTGGGAAGAATTTTTCCATGCCGAGGATCCGCTAGCCGACGAAAAGGACTGGCGCGAGGGTCTTGCCAAACGCTCGAGTAATTATGACAACTTTGATGCCTGGCAAACCTGGTTCAAAGACTCATACAAACAGGTTTATCGCGAAAACAACATCTGGACAAGCGTGCTCATGACCGCCTGGGCGCACACTCACCAGTATCAACTGAACTATAGCGACAATAAGTGGAGCTTTGTGCCATCACGCTCTTACTTGCCCACCAGTCAAATTTGGAGACTGGAGCCGCATCTAGAAACCATTCAGGAAGTGATTCTTGATTGTTGGTACAAAGAATTGCGTGCTTATTTTGAACTTGGTTTTCGAATTGAAACTCGCTCCATTCCTTACTTTGGCAAAGTGGAGTGTCTCAATTTCGACACCACTGAAAATATTGTGCACTGGCCAGCGCGCTCAAACAAAATGCACAACGAAAAAATCGACTTGGGCAAATTAGTCGCAGACATCGTATTTCCAGTATCAGACAGTTGGTACAGACATTTGGACAATATGATTTTTGCTCACGAGCATTTAGACATTTCGGCCCTAATCAACCGAACAAGCTATGTTTTTGAGAGTAAGCGCCATGTGTTAGAGCTTTCGGTTGAAA
CP064963.1_gap78	3314671	3317296	2625	AGTTTGGCCCTGTTTTGTTCGGCCAGGTCGTATTGTCCATTTTTAATTAGAACTGCACAAACAAAAAAGTGCGGACGATTACTTATTGGATAAATCTGGCTTGCAGTCTTCATTCGCCATAGTGCGCTTTGAGTATCGCCAAGCTTTAAATGACAATGTGCAGCATAAAAATTGGCGATGTATTGCAGCGGATTTATTTCGAGTGATTTTTCAAATTGAGCTAGGCAATCGCTTGGATTTGAACCATTTCGAAAATTACTAAAAGCCTTGTAAGTAATCGATGCGGGCGAGTCTGGCGGTCCAAATAAGCTTGAATCTAAATTGTTTGGATAAACTTCGCTGAGAGTTTCAGGTTCAACTTTAGAAAGTAAATAATAGTCAGATGCGCAGGTGTAGAGCGGCATTTCGCGTGCGATGCGTGAATATTTCAACTGATTTTTTAGTTTGGGTAATGGATCAGATAAATTGGATCGAAGGTAGAGTTCTAATTCTTTTATTTGCTTTTCGTTTGCTGGTTTTTTGCGAGCACAGTTCAGTTCAACTTTTAAATTGTCATCTGTATTGGGAAATACAAGTTTTTGAGCATTCGTTCTGCCTACGAAATTGGCTAGAAGATCGGACGGAGTGTTGATTCCAATTGAATACAATTGCTGTTTGAAATCGACAAAGTCAAAAATGTTTTTTAATCTGGTTACTAAAAGTTCAGGATTTTGGCAAGAAATTAAAATAACCTCCCCTGCTCCTCTTGGTTGAAATGCAACACATCGATTTTCAGTTCCATTATTTTCGAACGTAATCGAGAAGGCATCTAAGAGGCTGCGTAAATCCGTTTCATTCAAGCCATAAAGCTGGATCCATTGAACAAAAGTTCCATCATCTTTCAGTTTGCTCTTAGCCAATTTAAAAAATTCAGTAGTATACAGATTGGCAGAACCAGAGTTAGATGGCTCTCCTGGCTGCGATACAATCCAATCGTATTTTTCTTTAGTATTGCTTAGAAACTGTCTTGCGTCGGCAATTTTGATTTTGCATTTGGGAGAATCCCATGGCGTGTGGTTATACGCTGCGAACTCTTTGGCTGCTTCAAGAACTGTTTTTTCGATTTCGACGACAGTACATTCTTTGGCGTCGTTCAGTCCAATTGCAGTACCGCATGTCATTCCTGTTCCCATACCAATTACTAGTCCTGAACTTTGCTTGGTGCCATTTAATGCCTGAGGTAAAAGTCCTAGCAAAACTTGGGTGGGCATGTCTGACATTAGTGGTGGGATGTCGGATGGGACGGGGTCTGGAATCGAGCCCTCGGTCTTTCCATTTGTTTTGAGCACAAATAGACCATTCACATTTTCGACGCTCACCACCGAATTTTGTCCTTCCTTAAAAAAGCGTAGACTGTTTGGAGCGCTATGAGTCATTGCTTCTTTGGACCATTGAGTTCTCAGCATGATGAGAGGCGCAGAAAGTACTATAAGTGTCAAACAAACACCGCTAATAATTGTGATTCTTGCTTTGCTGATTTGAAAGATAAGAACTAGCGAGCAGACATATAGAGTGCCGAGAATAACGAGAAAACACATTTCGGTAGTTGTGTTTCCTGTTTTCGAGCTATAGCCCTCAAACAAAGCCCAGAGCGATATATAGCCTGATACACATCCGACTGTATTGTAGGCAAGAAGTTTTGCTGTTCGTTTGGACAATGATAGTACAAGAGGAAATATGGTGCCGCATATGGTGCAAGGAGTAAGCACTAGTAAATTCATGCAGATAGCCAATAGCATCATTTTGATAGGAAAATAGTTGGTTTGACCAAAGATTGCAAGCGATTGTTCAAGTAGGCTTGGGAAATAATTTGGAAGTAAGGACAAGCCAAAAATGCTTGCCATCAAGCAAAGCGCAGCAAAAGTAAAAATCACCACCAGAGCTTGCATTGCGTTTGTTGCTTGTATTTCTTTGCGTGAGTTGACTGCAGAAACTATCCAGGCGCCGCAGCTTAAGCCGCCAAGACAAAAGGCGACCACTAATCCAAATGTGTAAGTATTGGTACCAGCGATTAAACTGAAATATCGAGTCCAACAGACTTCCAGCATCATTATTAGCCAACCCGAAATAAAGGCAATGGAAGGTAAGAGCTGATGGGAAGATTCTGATTCTAAATCTTCTTGTGTATCGGAAAGGATTTTGTTTCTGGACCAAAATAGTGCTGCGCCAATAAGCAAATTTATTGCTGCTGCAAAAAATAGAGTTACTGAGATTCCAAAGAGAGGAAGGCACAAGAAGCTTGTGCAAATCACACCCGCAAGAGCGCCTGTAGTATTCAGGGCGTAACTTGCCAAAACTGCCTTTGTGTTGCCGTTTTGGCGGAACAGATCAATTGCTATGGGCAAAGTAGCTCCCATACAAATGGTCGGAATTAATAATAAGAATATTGAAATGGCAGTAGTAAGTGTCGGGTCAGGAATAGGTGAAGCTGTAAGCCGGGACAGAGCGATCGACGCTATTGCGCTTGCTCCGAGTAGCAATTCAAGTAGCGCCCAGACCTTGCCTGGATTCTTGATTTTGTTCTTACTTTGAGCAATTGAGACGAGCATGGCACCTATTGCCATTCCGCCAAGAAAAACGCATACA
CP064963.1_gap79	3324089	3327928	3839	CGCTATTTCGACCTTGCAAAAGGAAGTCTCTCTCGTTCAAGACGATCGCGGCATTCCTGCTATTCAAGCAACAAGCGACAAAGACGCTTACGCTGCGCAAGGCTGGTGGGTTGCCTCGGAGCGCTTCTTCCAGATGGATATGTTGCGACGTGCGGCTAAGGGAACTCTTTCTGAAATATTTGGCTCAGGCACTCTTGCCCAAGACAAACTAATGCGTCAGATTGGAATAACTCGCGCTGCAAAAGCGCAGTTGAAAATCGCTTCTCCCGAAGTAAAAGCAGCGTTGCAAGCTTATAGTGATGGCGTAAATTCTTATATGCGTTTGAGTCGCAGCAAAAGACAATTAGAATTTTGGCTAATGATGGATGATCCCGCTCCATGGACTGCTGAAGACAGTCTTGCTGTGATGAAATATCTAGAGTATTTGCAAGGCGAATCCTGGAGTCTGGATGATTTGCGTCAACGAGCAGTGAACACTGCTGGAGCTAAAGCTGCGTCTGAGATTTTTGAACAGCCTTTGTTTGAAGGCAAAGAAGAAGTCAAAGAAGTTAAAGATACCAAAGCACTGTTGCCTGTGTTTGATTTTAACGCGGTACCAGATACAGTGCGCCACCTTGTATCTAGTCTTCCCGGTATTGGCAGTAACGCTTGGGTGGTTTCGGGCAAAATGACCGACACCAAGGGCTGTTTGCTTGCACTTGACAGGCATAATATTTTTACCGATCCAAATCTCTGGTATGTAGCCACACTGATTACACCTTCTAACAAAGTATCAGGCATGAGCATTCCGGGAGTGCCGGGTATTCTGTTTGGTCGCAACGATTATATTAGTTGGGGCGCGACGGCACTCAAAGCCGACACCCAAGACCTTTATATAGAGTCGTTTTCGCAAAATATTGCCAACAAGTATAAAACTCCAACCGGCTGGGCACCAGTTGAAGAAATAATTGAAGAAGTAGGATGCCGCGGTCCTGTGGGCAATAAAATATTCCAACAAAAGGTGCTTCTAACAAGACATGGTCCAGTTTTAACGCAGTCTGGCGATTCTGCCGTAGTGCTTGCCTGGAGTGGACACGACAATGTCATTCCCTCTCTTGATTCCTATTTGAAAATAAACAAAGCTAAGAACTGGTCAGAGTTTCAAACTGCTCTTCAAAGCTATAAGGGTGAGCCGCAGAATTTTCTTTTCGCTGATAAAAATGGCAATATTGCAATGCAAGTGGCAGGAAATGTTCCGGTGCGGAGCCTTTCTGCTTATACGCACAAACTCAATGCTGGTCAGATTCTTCCAGGTTGGACCGGTAACTGCGATTGGATAGCGCGATTGAATTTTAACGAACTGCCAAGCGTGTTGAATCCGCCCAAAGGTTATCTAGTAGGCAAGACGGATAATTTAAATGGCACCATGCTTGATGTCACACCCTATCCACAGTCAAGAGTACAAGCATTGCTCGACGCAAGCATCGCATCTACTCGCCGCCCCGGATTGCCAGAGATGGCATCGTTTCAAGCGGACGATTATGGTGCATTGTCTAAGCTGGTCAAAGACATGCTCAAAGATTCAGTCACTAAGCTTGAAAACATAGATAAGACTCAACTGGTTTTGTTAGACAAGTTTGAAGAATGGGACGGCATGCTCTCATCTGATAGTATCCCGGCTACTGCTTATGAAGCATTCATGCGTATGGCTGCCAGACGTATTCTAATTCCCAAGATTGGTGAAGACCTTACGAACCAATACATCAATAAATATCCTCGCTGGACTCATTTCCTGGAAGGTGTGTTAAGGCGCAAAGATACTGCCTGGTTGCCGCCTGAAGAGCGTACTTTTGATACTTTTATGGTGAGCACTTTTTCGCAAGCATTGAAAGAAATCAGAGTAGTGACTGAAAATGAAAATCCAGACGCCTGGAGTTGGAAAAATCTGCATCAAATTCATTTCCAGAGTGTAGTCCTAAACGGGCTTCCTGACTGGCAGAATCAACTGGGCAAAGTGATAAATATCGCACCTGTTGGCGTGCCGGGTGATGGTGATGCGCTCAATGCTTGCAATGTTTCGTACAGTGCAAAAGGCGAATACAATTGCACTGTGGGTCCGGTGCAACGTTTACTCGTCGATATGTCCGACTCAGATAAGTACTATGAAACTCAGCCTTTGGGACAGTCGGGGCATTTACTTTCTAGCAACAGGCTCGATCAGCTTAAAGCCTGGCTAACGCAAAAGCCATTGCCGGTGTCATTTTCCGAGCAACAAATAGATAAGTACAAGCATAAACTGATTTTTGCACGGGAGATCTAAAATGGCATCCTTGAAGAAAGTATTGGTCGCTGACGAGATTAGCGACGAAGGTATAAACGTTTTATCCAAAGATCTGGATGTTACATACGATCCCAAAATTACTCAGGAAGAAATTTTAAAAATCATTCCAGACTTCGACGCCATCCTGGTTAGAAGCCGGACTCAAGTTACGCCCGATGTGATTAATGCTGGCAAAAAGCTCAAAGTGATTGGACGTGCCGGCGTAGGTGTCGACAACATAGATTTGAAAGTTGCCACCGAATCTGGTGTATTAGTAGTCAACTCTCCCGAGGGTAATACTGCGTCTGCCGCAGAGCATACGCTGGCATTGATGTTTGCACTTGCTCGCATGGTTCCTCAAGCTGACTCATCGATGAAAGAAGGAAAATGGCAACGCAATAAATTTATTGGGGTTGAGTTATTCAACAAAGTACTTGGTATCATCGGGCTTGGCAAAATCGGCTCGAGAGTTGCTCAAGTGGCAAAAGCCATAGGCATGAAAGTGCTTGTGTACGATCCTTTTATAAGCAAACAAAGAGCCGAAGAGCTGGATTTAAGAACAGTTGGTCTGGAAGAAATCTGGCGTCAGGCTGATTTCATTACTTTGCACATACCAAAAACAAACGAGACCACAAATCTTATAAGCGGAACCGTTCTTTCTCGTATCAAACCAGGTGTGCGTATTATAAACGCTTCGCGTGGTGGAGTAATTGATGAGGCGGCGCTTGCTCGCGCTATCTCAGATGGTCGAGTGGCTGGAGCTGCACTAGACGTGTTCGATACAGAGCCTCCCAAAGATTCTCCTCTCCTTGCAGTAAAAGATAAAATAATAATGACACCACACCTTGGTGCATCGACAGTTGAGGCACAGTACAACGTCGCTATCGACCTTGCTGAGCAGATTCGCGACTATCTAATAGATGGCGTTTGCAGAAGTCCGGTCAATCTTCCATTCATGCGTCCGGACATATTGAAAAACCTGGGCAAATATTTTGGACTGGCAGAAGCTATGGGTGCTATCGCCGGAGGGCTTATCACAGGCTCTGTTCGCGGTGTCGAGATTTTAAACTATGGCGCACTTGCAGTAAAAGACACCACACCACTTACAGTGGCTGCACTAACTGGACTTTTTAGAAGTAGAATTGAAAGCGTCACATATGTCAATGCTCAAATTATTGCAAAATCTCATGGCATAAGCGTGCGCGAGAGCCGGCTTGAAGATAGTGGCGCAGGCAATTATCGCGAAGAGTTAGGACTTATTATTTCGTCCGATGAAGGCATTGTGTCGATGACCGGCACCGTTCTTGCTCATAACGAAGCGATAATTACCAAAATCAATGACCATCCTATAAACCTGACACCATCTAAGTTTATGCTCTTCACCATGCACCAGGATAGACCAGGTATGGTGGCGAAAGTAGCAACTATTCTTGGCGACAAAGACATTAACATAAGCACTATGAGCGTCGGGCGAGTCGATATTCGACAGCACGCCATCATGGTTCTCACTCTAGACGACCCAATTGAGCACACAGTAGTG
CP064963.1_gap80	3330532	3331428	896	CGCAGTCTAATACAAACAGAGTGACACCACATATAGAGCAGCAAGCAATCACTGAATGGGATACCCCATTCAACCGCCCAGCCTATGAAGATTCCGAAGCGCTAGGATATTCAAGACAAGCTTCGCAGTATTACCAGCAAGGTCGTACCAGAGAAGCAGAAGCTCTTTATAAGCAAGCTTTGCAAATTGCAGAGCAAACAGGCGGCCAAGACACTCCTGCACTGATTACCTGCCTTGAAGACTTAAGCGGATTCTATGTATCGTGTCGTCAATTAGAAGATGCAGAGCCTTTGGTTTCAAGACTCGTATCTATTAGAGCCCGCGTTTCACAAGCCGACGATTCTTTGCTGATGGCTGCTGTCGACAAGCTTGCCGAAATATATAAAGCAACAGATCGCGTTGGCGATGCAGTGACTCTCTACAAATTTATGCTCGCAAGACAATCAGACAAATTGGGCTCAGGCTCAGTATCTTTGATTGGAACAATGTCGCGTTTGTCTTATTGCTATCGCGATCAAGGCAACTGGGAAGCGGCTGAAACGATGCTGCTCAAATGTCGCGAGATTGAAGAAACAACTTACGGACGCTTCTCTCTAGAAGTAACGACTACGCTCGAAGATCTTGCCGAAGTATATTTGAAGCAAGAAAAATTCGATAAGACTGCCGAATCGTTAGAGCGCAAGATTCACATATATGAAGGTATTTACGGTGCCGATTCTTTAGAAGTCGCTACCTGTGTTTTGAAGTTAGCTGAATTGTTATCGAAGGTGAATATGGTATTGCAAGCAGAGCCTCTGTACAGAAGAGTTGTCGAAATCTATAAAACCGCTCGTTCCAAAGATGAATTCATGGGACTTGCTCGTTCTAAGACCGGCGAATTTCCTGCCAATGCTCCT
CP064963.1_gap81	3451433	3454467	3034	GCAATTATTCGCTCATAAAAGCGACCAGCACGAATCTTATTATTGCTGGCTTAAACGACATCGCCAGTTACAGTATCGAAGGCGGAGAACCGCAAGCCGGAGCGTTTAAGCCAACTTCTAAATATCATTTAGACAATCTTGCCATCAGAGACTTTTGTTTAGAAGGCGATTTAATTCTTGCCACTTGTGTTGACCCAAATTCTTTTGGTTTCTTGGTCGTGCTCAAAATAGACAATGGCGAAATCAAACTATCTGCCAAATTTGATTTGAAACACGATGGCATGTCTGTCACATCTAATGCAAATACTGTGGTTTGTGTGGGCAAAGACAAAACTGGCGCCGACTTGGTTTCAATAATCGACATCTCGTCGCCGCACACACCACAGGAAATTAAAACCATTTCTACAATCGAGCAGGCCTCTGCCACGATTATTCAACCTCAAAAGAATCTTGCCGTTGTAGTTGGGCGAGGACTCGAAGTGTTCTCTTTAAGTTAAATATGGGGTTGACCCGGAGGTTTTGCTTTTACTTCTCGGGTAGAACTTAAATAGGACTTTTATGAGGACTCGCAAAATATGACTTCTGCCATTACCAAGAAGAAATTCCCACGCATCTCTTCTGCCGCGTTCGAGCATCCAGCCGACAAAGCTGCCCTTGAAGCTGTGCGCAAGATTCCGGTTCTGGACAAAGTCTTTTCGCGACTGACCGAGCTTGGTTTTGAGCGCGTCGTGCGTATTTCTCTTTTAGGTCAGGCAGTGCATGTGACGCCTAAACAGTGCGGCAAAATTTACAAGCTCTATAAAGAAGCTGCCGAAATTCTCGATATGCATGAGCCCGATTTATTTATTGCGTCGAATCCCGTGCCAAATGCCGTTACGATGGGGGTTGAGCGTCCGGTGATTATTCTCTACTCCGGGCTTGTGGAAATGCTTACCGAAGAAGAATTGATGGCTGTGATGGGTCATGAGCTGGGTCACGTTAAAGCTGGACACGTTTTATACAAAACAATTGCTTATTTCTTGGTGAGAATGGCGCAGCAATTGCTTGGCGTTGGTGCAGGCGGTGTGGCTGGAGCCTTGTTGCAAGCGGCTCTATTCGATTGGTCACGCAAATCAGAATTGACTGCTGACCGCGCCGAGATGCTTGTGGCGCAGGACCTAGATGTCTGTATTCGCTTGCATATGAAACTCGCTTGCGGATCGGGCAAAATTTATGACCAGATGGACACCAAAGAATTTTTGCGTCAAGCAGATAGTTATGAAGATCTCGATCACAGCACTTTGAATAAGTTCTACAAGATTTTGCAGGAAGCATCGCTTTCGCATCCGTTGTCTGTGTTTAGAGCCAAAGAAGTAAAAGCCTGGTCTGAGAGCAAACAGTTCAAAGAAATCATGGAAGGTCGCTACCCAACTACAGATCAAGATTTGGGATTGCGTGTATGCCCGCACTGTGAGGCAAAAGTGAGCCCATCATTCTTCTTCTGTCCTGATTGTGGAAAGAGCACCAGAGTTTAAAGTGCAAAAATAAGCTGAGTTTTCGGACTGTGTCAATTTTTTGCCATCGCTAATGGTGGCACCAGTTTATGTGTTTGGAATTGCTAGCATAAATATAATTCGATCATGACTAATGTTTATTTTTATGCCACCAAAGAAGATTTGCCACAAATTCTGGATTTTTTAATAGAAAAAGGCTGTCAGATTTTCGACTCCAAATCTGAAATCAACCAAGCTGTTAAACAATTCAATTCAGTAGATGATGCTTTGTCATCCAAGCTTTTACAAACAAGTCAATCTGCACAATTTAGAATTTGGTATCCTCCCGGAAAAGGCAAGGTCTTATTCAAGAAAAGAGAACTATCGCCTCCTACATATAAATCGGGAGATTTTTATTACACCACAGAAGGATGGGGATTATTCAATTTAGACATTTCGGGCTGCTGGGAGCAGAGAAAAAACTTAGGACCATCAGCATTTGGTGTTAATTCTGAGAAGAGGGCACTGGCATGGCAAGAAACCTATTTTGATAGTCTTGGTTTAGCGTCAGATTGGGATTGGGTTCAAAATAGAAAACTGTTGAATGAAGTCAGATATCACATAGATAAACGTCTATCCATAGAGAAGTACGAATCTCGCTCGGTATTACCTGGAGCTATAAATTTGAGAAACGCAGGTTACACATTGATCGGCTGATACGATCAATTCAAATTTCGATAAAGAGGCACTTTTGTTCGATGGAGAAGCTCTATGTTTCGGTTGTTTCTACATCCACATCTATAGGTTCGTCAGAATCAGATTCATTTTTAAAATTGTGTCCACACGATGGACAGAATTTCTTTTCTTTGCTTGCAGGAGTCTGACACTTGGGACAGTTAAATCCTGGAGTTGGCTTGTAGCCAGCTTTGGCAGCAGATTTTCTTGACGATGGTGCCTTTGGATCGGACTGAACTTTTATATTGTCCATTTCTGCAGACACAAGTGCAATTTCGTCGTCGATTGCAATAACTTCTTCGGCTAATGCTTTTAATTTATCGTCTGAAACGTCTTTGCCATAACCATATTTTTCGACGGCTAATCTGCCGACCTCAACTAATTTGGATGCTTTCTTGCGCTCCAATTCTTTGACCTGGGTGCCCAAATTGTAATTTTGCAAATGCTCTTGAGCTTTTTCCTGGATATTGCTCACTTCTTTGCTGAGGTTTTTTACGATGTCGTTGAACACTTATGTCTCTCCTATGGTTTGCGGCGAAGCCGAAGCTATCTCAGTTGTAACAGCGGGCAAAGGAATTCCATCGGGTCCCATATTTGACACCCTAACACAGTTGCGACCTTCTTGCTTTGCTTTGTAGAGGGCTTCGTCTGCCCGCAAAAAGAGCGCGTCTGCGGAATCTGCATGAATAGGAAAACAGGACACGCCAAGGCTTGCAGAGATGTTGAATGAGAAGTCTTGTCCTTCAATTTTACAATCGTTAATGCGCCTGCGCAGGCGCTCTGCAAGTTCAACTGCCATCACAGCTCCGGTGTTCGGCAAAAGAACG
CP064963.1_gap82	3473520	3477014	3494	AGGTCGCTTTTACTCGTGGAGATGCGAAATTTGCAGCGTGAAATCGACCAGCTTGACTCCCACGCTAAGAGCTTACAACGCGCAGGCGATTATGAAGGAAATCAATCTATAAATCTCGAACTGGATAGATTGAGAATAAAACATGCTCTCATTTCAAGAGAAATTGCCGAAATAGCCCAGCAGCGTATGGCCATTTTGCAACGAGTAAGCGACGAACTCATGGATGAGATGCGACTTCCACGAGTGCACTACAAAGCCGAAATGTTCTCTCATTCGGGCGGAGGGTATATGCCCGGACGAGGAGAAGTAACAATACGCTATGACATGCTTTTGAAGTCGCATGGTCATGAGGGACTGGCTACTATCTTGCACCATGAACAGGTCATGCATAACTGGCAAGATATGAATGTGGTGCGACTTGCAATCGAATCTGTAATTCCTAAGTTTGAAAAATTGCAAGATGTCTCGCGTCAAATACTTTCTGACAATGGTTTATTTGGCTCTATTGCAAGCAAATACAAAGAGTTAACTGGTCGGGATCTTTCTCAGGAATACCTGGCTCGAGTTTTGATGGCTGCAAGAGACCAGGGACCATTGAGTCAAAAGCCCAATTTTGGAAAGAGCGAAAATTTGTCTATTGTTCATATAGTTGATGGCATGAAGAGACTTGCTACAAATGAATATCAGCTGGCTGAAATTTTCGCTGATTCATTTAAGTCTGTGGGTAATTTTCTTGAAAATTCAACTCAATTGTTCAACTTGCATCGCAAGTTGACTCTTTTGATTTCCGACCTTGTAAATCCTGATCCAAATATTGCTATCAATGCCCTTCATGAACTCAGTGAGCAATTGAATATGAAGGGCTCTACTGCACTAGACAGACGAATTCATGCTGCCACAATCGCTCAATCTTATTTTGATCGCTTCGGGGTGCCTCCTTCTCTGCGAAAATTCGTTGATTTGCCAGCGGGCACAAGTGAAGCAAATGCGCAGGCTCAAGAGTACGCTCGTGAAGTAGCAAATATACTGGAGAGAACAAGAGCCAAGACAGCCCACAGACTTGTGCATGAAGCACGTCAGTATTACGCGAGCGCTATTGAAGAATGGGCGTACTCTGGAAGTGATTTACAGGCTTATCTATATTCTAAGAAACTAGCTGAGCAGTTGGGTTTGGAAACTAGACCTATTACGTCAGGTGCCGATGCGGCTGCGGGCGGTTTGAGTGTGTCCCAAATAATTGCTTCGAGCACAAGAGATAATTTTGCCCGAGAAAGTTCAAATCTCGATTCAATGTTTGCTGAAATTTATGCGGCTTTGCAAGTAGTCGATAGTTTCAGAGGTCGTGATAGCTTTGACGAAATGCTTAATCACGCAACTCGCATGAAGGAGCCTGAAGTTCAACGAACTCTGGAGCAAATTTATGTAAGCGGAATTGGCTTTGCACCTGTAGCTCCTGAAGTGAAGCGGCTCCAAACTATTTTAAGCAAGCCTGAATTGGTCAGATCTCTTCTTTTACTTTCTGAGTTTCCTGAGCATGTAAAAACTGTTAGAAGTATTCTCGACGACCAGAATCTCTGGCAGACTGATGGACAGTATTCATACGTTCGATTTGGACAAAGAATGGCTCGCTCAGACAGTGAGTTGGCGGACTTTTCACCATCTGCGGTGCAAGATGATGGTAATGTAATTACCCCAGACTTTTTCTCGAATAGAAATTCTACCAGAAATACAAGTGGAGCAACGGCTGTAACTGCGCCTAGTTCGAATGCTCAACTCTTCAATCTTGCCGACGCTAAAGCCCAAGCAAATGCTAATCAGGCTCGTGCTCGCAACTCAATGAAACCTCAGACAGTCGAGGGGATTTTGAGCGAGATTGAAAATGCGGGAGTAAGTCCAGATGTTTTAGTTCGCTTTAGAGAGCATCAAAAACGCGCTGAAATTCTGGATCTTTCACAAGAACAAGTAGTTGCTGATTTGCAATATGCACTAGAGTATGTCCAGACGAAAGTCAGCAAAGAAGTCGACGAAGCGTATGCTGGACTTGCAGGTGATGTGAATCCTCAACTGCAAGCAAAACTGGTCGCCGACTTGCTTGAGCGTGTACAGAATTTTTATGTGGATCTTGCAGATGCAGGACTTTCTATGAAAAAAGTATCTGTCGACTATTCTTTGAGCAGTTCGCCAGCAAGCATTATAGATAACAAGCCAGCACAATTCGTAGCCAACACTCCAGAAAAAGGACAAGTCCATTACGCAAGAGACAGCCAAGGCAGAGTAGTTTTACGTGAGAATTATCATCATCTTGAAAGTGATGGTGTCATTTTCTATTCAAGACAAGGTCAGCGCTCACCCTTCATTTTCGTTCGCCGAGATGGCGAAATTATACAAGTCAGGAGTGCTCCGCTAAACGCCGGTGATTCACCTGGATCTGTCATTTGGCCTCGCTCAAGCGAAGTCGAAAACGTGGTAAGTATTTCCAAAGTACAGAAAGTGGAAGTTCTAAATGATGGAAGCTTCGTCGTTTTTGCTAATGGTCAGCCACTGGAAATACACAGTATTTCAGGTGATCATGCTCGTGTCGAAAATGGTGGACTCAGATATAGTCGCATAAATGTAGTTGATGAAATCAATCGAGTTCTCGATTTGTATCGCGATGAACGTGGCGGAGAGGTTGCTTTAGCTACCATCTTGGAACATCCACTGAGAAAATTTTTGGGCTTGCTCAGCTTAGACAATCCAATAGTTTCTGACTCGATGGTCGTGCCGTTTTTGGAAAAATATTTAAATCTGTTCCGAAATCCAGCGGCGCTAACTGGAAACAGTGGCTTGATTCCGAATTATAGTTTTCTTTTGAAAACGCAAGAGGCGTTAGGAGCAACTCTTCGTCATGTGAGAGCTCTATACGAGGGTGTTTATACACCAGGTGTCGAGCAAGCTCACTCAGCTGTGCGTAGCGATGCTGTAAGATCATTTTTGAACATTTCTGGTCAAATTACTCAAGTCTTGCACGCCGCACGTCAGCTCGAGCCAGGTCTGGTAGCAGAGCAAGCGTACTTCACTCCACATTTCGATTGGCAGAAGCTTGTGCTGGTCGATGACTCTAAATTTGTCGAGTTTGCAACAAGTGATCCGACTGTCAAAGTTAGACGAGATGCTGGTGGTAACTGGATCTTGCTCAAAAACGGAGTGACCCGGTTTATTCAAGGTCGAAACAACTCCGGGCATTTACTGCTTTCGGCTGACCCTTTGAATCCGAGCATCTTGAAACATTCTTTCAATCAAAGCTCAGGCATATGGTCGAGCGTGACTCGCGCCTTAAGAAGTCGCAGCCAGGAGATACTCGAAGGATATCCTCCTTCTGGAACTGTGTTTCAAATTGGTGAGTTCAATCGAGTAATCTTCAACGAATTGGCAGATGCGAATCAAACAAGAATAGTCTGGTCAGCCGATGGTGTTCGAGAAGTAAGTGGCAGAGACTCAATTGTCACCTATCA
CP064963.1_gap83	3482738	3487688	4950	CGGTTTTAGAATTCAAAATGTTATAGATGGTGCCACCGAAATGGCCCTTTCACTAGATGATCAGACGAATTCTTACATCTTCAGAAATCGCATTTCGTCTAATCTTCAGGACGAGAATTTAGGACCAGGCAAATTGACTCTGGTCAATAATCGATATTTTCAATTTGAACCAGAATCTGGAGGCGTAGTTAGAATATTTGGATTGGATGCATCTCGTGAAACATTCACAGTCAAAAGGGATGGCGTTCGCCAGGTTAGAGTTGAACGACTGGCTCATACGCTTGAACAAGAGCGGCTGGAGCAGGTGTTGAAGCAATTATGGTCAACTGATGAAGTAGTGGACACTTATGCCACGGTTCGCCAGAATCTGCTTAAAGTTGCAATTCCGCGCTTTATAAAGGAATTGCAAAACGCTGGGATTCCCGATTACAAAATTTTCGAGTTTTTGTATCAGGCTAGAAGAATCGCTTTTGGAGACAAGACTTATTTCGATCCTCTAATGGTCAGAAAGGCTGCGGCTAGCAATCAGCCTCTTGTTGCGCATCCTAGCGAACAAGTGCAAATGTTCCTACAAAATATTCAAGACACAGTCGGTCGCCGATTCCGGGCTAATCCTGATGACCCGATAATGAATTCACCGGTCTTTAAAATTGCTGAAGGATCCAGGTTGGAAATATTAGGCAACGAAATTAAAGACGCTCAAGTATTGAGTTTCAGACAGACCGCAGAGAGAGTCGAAAGCCAACGACAAAAATCAGTTTTACCAGAAATTCTCGAAGTCGACGAGCCGTTGACTAATCCTTTTGTTTCAAGGCTGGTGCCAGAAGGTTCGACAAAGCGCTGGGATCAGTATACACCTGCAGTTTTGGAGCTAGCGCGCAGTGCTCAACTAGAGGCTTTGCAGCGACAGTTCAAAGAGTTCTATCCGGATGCTCCAGGCGTCATTGCTAGATTGGAAGACGCCGCAAATCACATAGCTAGAGAGCTACAAGACGAGTCATGGGCGAAACTCGAGCGTAAAGATCTATTTGGAAGTTCAAAAGATAAGTGGCTTGCATTTGTTTCTGCTATGCAAAGTGCTCATGATTACTTGAGTACGTCTACCAGAGATTTTTGGCGTTCTGAAATTGGTCTTCGATTTTTAGAAGAGCCAGGTGTTGGCGAAGCACCATATTTGAAAAAGGGAGAACGAAATCCCGAATCGATTCAAAAGGCAATCGACGCTTACATAGAACGAACAATCATAAGCGCAATCGAGGGAAATGGAGCGAGCACCACAGGCATTGCCGATGATTTTGCGAGCATAATCAATCAGCAATTCAACTTGGCTGGATTAGACAGGGGCATGACCCAGGCACGTCTTGAATATATGAGAAGTGCACGCGCCCAGCATCTTGAAATGAGCCGAGTCGCTCGCGAAAAGATTGCAATTGAGTTTAATCAAATACTGCAAGATGCGGGCTATCCGCCTGCTGATTTTTCAATACAGTACTCTGCTCATAACTGGGGAACTTATTTACCCGGAGAAGGCAAATTCAACTTAAACGCATTAATGTTCATGAGACCAGAAATCATGCCGATGGCACTTGCTATTGTGTCTCATGAGAATGTCCATATGCTGCAAGATTTGTTGCATGTTCGATTGGCTATAGAGAGCCATTTTGCAGGCTCTGCTGATACAGTTGCAAGTATTGGCAAATTACTCGATGATACAAGCGCTGCACGTCAGATGTTAAGGTCTACAGCAGATGAACAAGAGCTGCAAAGAGTAATTGCCGATATATCTGCTCAACCTGCAATTAGTGGAATCATTGCAAAATACATCGAACTACAGGGCAAGCAAGGAGCGCTTCCCCCAACCCAATTGTCTGTTAAGTGGCTGCTTAGAGCGCTTGATTCGCTTGAGAAAATCAGAAAAGATTCTCAAGACTCATCTGACAAATTGCTTTTAAGTGCAAAACAAAAAGAACACGCAAAAGAAATTGCGCTGTTGCGCAGACAATCGCATGAAATGCTGGAGCTGGAGCGTGAACTGTTCAACTCTTCTAGAGTTGCATCTTCATTTGGTGCGGCTCTGGAGCGCGAGTTATTAGCTGTACAGCAAGGTGGCGAACCTAATTGGTTGACTTTGAAGAATCTGCTTGGACGCCTGGTTGAACCAAGTTCAAATCCGAGTTCGGCAGCGTCAGCTGGTACAGTTCCTTTGACAAAACTGGCTAAAAGATTGTTTGGTGATCAGGCAGTGGAGCTCTTGCTTAGAGACTCTTCGATGCGCTCGATTATACAAAGAGCAATGAGCGATGGCGATACAAACTGGTCGTTTAAAGTTGGAGAAGACCCAGCCGCCATTTCCGGTCGATTGATGCAAGCAATCGAAAACAATAGGCAATCTTTGCATCACGAACTGGACGGTTTGCATCAAGCCGCATTGAGGGATGGAAATAGTCCTGGATACTGGACTCGACGCTCTGAAATTCTGGCATATTTTGGTCAATCGCAATTGCCAGAGGGTCACAAACAATTTATAGAAATCTGGCGTAATCCCAAGAAGATGGAAGGACTGGTTGCCGAATATAGAGCAAGAGTTGGCGAAGAACAGTTCCAGAAAGAGGCTTATTTAGACAATCTAAATAGAAATCGCGGTGAAGCGGCTGCCGCTAAATCTGGTGGCAACAATGACGATGGCAAAGTAGTCTCATTCACCGGAAAAAGAGTAAGAGATGTTCCAATCGTTCAAGATACCGGAATAGTAAAACCCGGCAGACCACAAGAAGTGCAGGCGCAAAAGCCAGAAGATTTAGATGACAATCTTTTGACTGCCCAAAGGCGTCTTGCCAAGTTTTACGAAAAGGTCGAAACTCAAAAATCGATCGCTCGCTCTACTGATACAGTGCAACCGCTCGAGCAAAGCTTGCGCGATGTCAACGAGGCACTAGAATATTTCTTTGAAGTTACAGGATTGAACAAACTAGAAAATGGGTCAATCAATAATTTTGAAAGACTGAACGATTTAAATGCCATTCTTGCCCACTTCAATTTCTTGATGGGTGAGCGCGGAGTCAAGTCGGACATGAATACTTTGTCTCAAGCATACAAATATTTGAAGCTTGAAACAGACGCGTGGCAGATGTTGCAGCGCGCTAATGAACAAACTAACGGAATCTATAATGGTACTCGTCTCAATAAATTGAACGATTATAACGTCTCTCCAGAAGAGCGTCATCTCGCCGCTGAGTTTGAAACAGATCGAAGCAAAGTAAGTGTCATTATCGATGCGCGTGATAATTCAAGACTAATAGACAGTTACCGAGTAATTCAATCAATATCGGCTGACAATCAGACTCACATTGGTTTTGTTTTTGACAAAGATTTTGACGTAATTCAAAAACTAGTTGTAAACGAACATGAGTTCGTTCCGGTTGAACCAAACTCAAATATGTTTAAGCGCGCCGGGACAGGAAACAGTGACGATTTGTCATACGTGACTGTTGATTCGGATCATCAATTCATGACTTTCTTGCCGGATTCAGACCAAAGAGCTCGAAATGTTCAAAAGCTTGTAGTAAGGCTCGATAGCGTAGTTGAAGAACATCGCGGTTTCGACGAAATCACTTATTATCATCTAGATGGTTTTGATCAAAACGGCAGACCTCGCTATTCAGATCTCAATTTGTCTGAGGCAAAAGAGGCCGTTGAGCGCTCTATCGCATCTTTGCCCGACGAAGGATTAGTGGTGCAATATGTTCCAGATGAAGCACCCGTTCAAAAGTCCGCTCAAAAAGTCGTGCATCTGGAAAGCGAGTTTGAAAGTGGCAGACTGAGAGACGACCACATAAGTCAATACAACCATTATGTACAAAACGAAAATGCTTTGCTTCAAAGAGACGCCAAGCAAATCATGCAGCGCATCTTGGATGGACCTTATTCCGATGAATTGAAGACACAGTATTTCTTCCATTTTCAATCAATGATGAGCAGTTTGCGCAGCGAGTTCAGGCAAGATGGATTATTCATGGGAATCTCTCACGCTCAAAGCGTTTGGGATCCGCTTTTTGCTGCAGTAAGTCTCTTGCATGGCGCTGCGGATTCGTTAGAGAAGCTTGGTATTAAAGATATTCCAAGTATCCACATTTCAGAACGTGATTTTGCTGGCGAATCGACATATATTGGCGGTACCAGACGCTTTATCACTACTAACCCAGATGTAGTGATGGAAGTAACGCGTGATGGTTCTGCAAGACTGATAGTTAACGATGAGCTTGTGGCAAGCCAGTCGGCTACAGCAGCTAAATTAATCGAAATAGAGCGCAGTGATGGACAGATCACTTCGGTAAATCTATGGCATGAGGGTAAAGCACAGAAAATCGAGGGATACTTCGAGCCTATTTATGAAGCAGACGGAACTTTGATTTCCTTACGCAAGTATGGAAGCGATGGTAATTCTCAATCGATTATTCGACTTGATGGCAGTATTGAAGAAATCGGTCATTTAAGTGATGGAAACTCTTTAGTCAAAGAAGTTAAGACCACTCTAGATGATGAAAGATTGGCTTTGGATCATCTGGTACGCAAGCTTTATGTTCAAGCCGATCAATTTATCGGGCGAGATTTAGATCATATTCGCGACACCATACTCGATGGCTTGAGCGATATCCAATTTCTAGCAAGCCCATTTTTCCAGCCAGGACGCATTGACCCGCGTGTTACTCCAGAGGTGCATGCTTATCACCTTCATCAAATGCGAATGATTTTGTCTGGTTCTCGAAGAAATGTGGAAGTTTCAACGCTCATCCAAGATGCAATGTCGTACTATCGCAGCACTTTGGGCAATAGAAACAGATCGACAGACCCGCGAATACAAAAGGCTCTTCTTTTGAGCGACGATACTGTAACAGTAAGCCGAGCGCCGGATGCCGACCAGATGTCCAGAGATTCTTCGAGAAGGGTGCA
CP064963.1_gap84	3488707	3490092	1385	TAGAATCCAGACGAAATGAGCTGGTAGGTGCCATAAATAATTTCCGCCGCAAACATGGACTCAATGACATTTCTATTGCATTTGAGTATCAATTTTCTACGAGTGCTGCTTGGTCTGAGTTTGATCATGTGATGTATTTACATCCAAAGATGCTTGGCGCTGAAGGTAATATCAAAAGATTGCCGGGAGTGGCAGCACACGAACAATTGCACAATTTACAAATAGGCGGACATTTGGCTCTCTATTTGCTTCTTCAGCTAAAATTAGCCGGGCGATCATTGACTGGTAAAGAAAATACTCTCTTCAAATATGCTGTTTCAAAATTGCATGACATGGGGCTGATCAATGGTGCAAACGCAATTCATAACCTAATAGGCTACAGCGATGTGTTCAATCGTTCATCTATGAACAAGCTGTCCAGGATGGTAAGAAAAAATCCGGAGCTTTTGCAGTTAAGCGAAAAGGAAATTGCAAGAGCGCAGGACTATTTTGACACTATGTTTGATTATACAGCAGAAGGAAATTCGGTCTCGGCTGGTAGTCAAATCTTTTGGTACAAACATTTTTCTAATCGAAATCTTGTTGAATTGTTTGAACATCTGAATAATAGTCGCTTTGGTGCAAATTTGACTAATTTACTTTTTGGCGGACGGCAGAATATTCCGCCTTCCGTTCTTGCTGCTCAGCAAGCCTGGCGCCGCAATAAACCGGTTTACCCCGAAGCACGGTCGAAATTTGAAAGTGAGAACAAAGCAGCTATTGATGATCTAAATGCATTTTTCGCTAAAAAATACCAGGAAGCCTTAGAGAGCAGAAGAGAGAATTATCGTGAAACTCTTCTGGAAGATGAAGCTCATCTGGTGCAATCTTTGGTTGACAACGATCGGGCAAGGCTTGGGGAGTTTACTCAGTCACCAGGCGTATCTGTAAGACCGGCTCCAACGGCTACAGGTAAAGCAGGACAGATGCCGACTTCGGCATTGAGCAGCGCTGTAGATCGATCTCTTCGTTCATTAGAGATACCCCCAAGTGCAATTGGTATTGCTAGTGGTGACACCGTATTGGCTGCGAATCCGACCGAGCAAGCTATGTCTGCTTTTCACAAGGCATTGACTACTGGGTCTATCAAAGACTCGAAACAAGGTGCGAATTTCCATCTGCTTTCAACCGAGCAAATCACTATAGCTTCTCAAAAGCTATTGCCGATTGTTTGCTAGAAGGGCGAATGGTTCGCGTAAGTAAAATCATCGAATCAATGGCGAGCAAGGAAAATCTGCTCGACTCACAAGAAATTTTGAATGCAGCAAGAAGCTGGCTCGTTAAATCTTTGCTCAAAGGCGATATCAAAGATTTAGAACAAATGCTAGAGCTTAAGCTGCTCGATG
CP064963.1_gap85	3494634	3496217	1583	ACCAAAAGGCGTGCGCGCGCTGGACGGCATGTCTTCAATTGCGTCCATGTCCAGCTCGATTGCGACCGGGTGCACATCTTGAATATATTTACTTGCTTCTTTTAGACAATCATCAAATGTAGTATTTTTTCGAATGGCAAAATCTTCCCACGAAAGGGTTATGAATCCGGCGTCGTCTAAGCGTTTGAGCATATCGAGCGAGTTATAATTTTCGTGCGATCCAAATACACAGTATTTTTTTAGATAGCCAGCAGCATGAGCATAGGTGAAACCATTGCCACTATGTCGACCTTCCATCAAGCGAAAATCGGCATGAGGGTCGCAATTTATAACTGACAAGCCTAGATCTTTTCGGCCGGTTCTTTTGCGTAGCGATTTTAAAACGCCTTCTATAATAGGAAAGGAGTTATTGTTTCCACCGCCAATTACAATTGGCTCAAGACCAGCATCGGCAATTGCTTCAATTATTGGTGCCACACGCTCGTCTAATTTTTTACATAATTGGCGCAAGCCATCAATGTCGTCACTGCTTGCTTCAAGCATTAAATCTTCGACTGCTATCTCGCCGAGTATGAGCACTTTGCCTGCATCCATAAAGGCATTGTGTTGCATATTGAGAAAATATTGAAGAAAGGCCTCTGGTCCTTTGTTAGACCCGGCGCGTCCAAGATTGGCTCTGGGTCCAATGTCTTCTGGAATGAGCAAAATGCAGTGAAGGGCGCCTTCTTTATGTGCCGCGTCTAGACGCGCTTGCAGTGTCTCTAGCTCTTGGGTAACTTTGACCCCTTCGCCTAATTTGCTTTCACCAAGGCGAGAACTGGTGTATTTAGCCAGGTCGGCTTTGGTGTAGAGTTTTGCTGTGATACTTGATTGCATGCCGATCTCCGTTAATTTAAAAATTTGAGTCTAATCTATTGCTTTGGCAGCAAAAATTAGCGAAATGTTTTTGATGATCGAAGCCACTTCTTCCATATCTTCTTTGTCTAAGCCAAAGTGTGTAACTGCGCGTGCCATGCGGTTGGGCATCGATGATACAAGCACGCCTTGAGCTTTTAATTGTTTGTGAAAGTCGATTTTTAAATCTGCTGGTAAATTTACATCAAAGAAAATCATGTTGGTCTGCACACAGGCTAAATCTATTTTGATGCCAGGTATTTCAGCCAGGCACGAAGCCAGATATCGAGCGTTTTGATGGTCTTCTTCGAGTCGAGTAAACATATTATCGAGTGCATAGTTGCATGCTGCAGCTAAAATACCTGCCTGACGCATTCCACCACCAAGGGCTTTACGGGCGCGTTTAGCTTTGTGTATAAAAGATTTGGTACCACAAACAATTGAACCAACTGGTGCTGCCAGTCCCTTAGAAAAGCATAGCTGCACGCTGTCTACATATTTGGTGAAGGCTTGAAGCGGCTGATTTAACGCGATAGCTGCATTGAAAAGTCTGGCTCCATCTAGATGTGTCGCCATTTTGTGATTGTAGGCAATCTCTCGCACTTCGCTTAAATACTCGGGTTTGAGTACTTTGCCGTCTTGAGTATTTTCCAGACAAACAAGTTTAGACACAGGACAATGCACATCGT
CP064963.1_gap86	3514665	3517092	2427	GAGGCGGTGAAGACTTTGCTTATGCCTTTCTCGCGTGCCCAGCCAAGCACATTGAGTGCCCCACGTAACTTGAAGGAGCCTGTATTTTGAATGTTTTCAAGCTTGAGCCAGACTTCAGACTTTGAAACTTCACTGAGCCACTGGCTCTTGGCAAGCGGCGTTTCAAGGGCGAAACCTTTTATACGTTTTCGAGCAACGAGCACATCACTGATACTTACTCTGTTGCTTGTCACCGGTCTTGGTATATGCCTTGGGTATGGGGGCGATTAAAAAAATTGGAGCGGGTAGCGGGAATCGAACCCGCGTGTGCAGCTTGGAAGGCTACCGTTCTACCATTGAACTACACCCGCAATAATCGAAATTATAACACATGAATATAAGTACATGATTTAGCACGCTTTTCCGGCGCTTTTTGCCTTGAAAGCAAGAAGTCTCAATGATATCTTAATGATGTTGTTAAGATGTCGACGCCATTTCTTGTAAGAGGAATCCGGTTGGCGACGTAAGGGTGGGAATCTGCGGGATCATGAGCGAAAGTTTGGCGGTTAACAATCTCAATGTTTCGATACTATCTAATAAGGATGCAGCCAGTAATTCTCTGAATCAGACAATTGACATGGCGCCACCTTTTCAAATTCAGGTAGCTCCACACATCGAAGCACTGCAGCCATACAAGCCAGGTCGCCCACCAACAGAACTGATGCAAGAGCTCGGAATCGATCGTCTCGTCAATCTCGCCTCTAACGAAAACTCTTTTGCTCCTCCATTGACGGTCCAGCAAGCCATTGCTGATGCCACTATGAATTTGAATCGCTATCCCGATGCTGGCGGACTTTTGCTCAAAACTAAACTGGCTGACATGTATGACTTGAAGCCAGAAAACGTTTGTCTTGGCGCAGGTTCAGAAAGCATTTTAGGCAGTATCATCCGCGCATTTTTGCACGAAGATGAAGAGATACTCACTTCGCAAGGCACTTTCATTGGTCTATACGTTCTAGTTAGTGCCAAAGGCGCGAAACTAAATACGGTGCCACTAAACGATTATTCTTTCGATCTCGATGCGATTTTGAAAGCAGTAAACGCTCGCACCAAAATAATTTATTTGTGCAATCCCAATAATCCCTCGGGAACTATCTTTACTCGCGATCAATTCGAAAAATTCATCGCAAAAGTTCCGCAAAATATTCTGGTTATTGTGGACGAGGCGTATCACGAATTTGCTGAGAGCACTCCTGATTTTCCAAGTACTGTTGGGTACAAATTGCCCAACGTTCTTACTCTGCGTACGTTTTCTAAAGCCTACGCGATGGCTGGAATTCGCGTTGGTTATGGTTTTGGACACGAAAATGTTATTAGCTATATAAATAGAGTCAAGCTGCCCTTTGAACCAAACATATTGGCTCAAGCTGCTGGTCTTGCGGCACTTGATGACACTGTTTTTCCAGAAATTACGCAGGAAAATAATCGTCAGGGTATTCAATATTTGACGTCCGCGTTTTCCGATCTGGGTTTGAAATTTGTCCCATCCCATGCCAATTTCATTCTTATTGAAATGGGATCGGAAGCCGCTGCGCAGGATTTAACCGAAAAACTTTTGTATAAAGGAATAGCTATTCGCCACTTGAAAGCATTTGGTTTGGAAACTTGCGTTCGAGTCACCATCGGCATTCCCGAAGAAAATACCAAGTTAGTCGATGCATTAAAAATGATCCTTGCTGTTTGATTTTCCAAGTCGGAAAGTCTCGAAACTCAAGCATTATCGTTTGCTAAGAATTGCCAAGTTGAAATCAGATCTTAGTCTTAAGTCTGGCTAATTTGCTCGATTTCGCGCATATACTGGTCCCAGTTTCACCCCCACCAAGATCAAGGACAGTGCTATGACAACACTTCAAAAAACTCTTATCAAGCCCACATGGAAAGCTGAAGAAATTCACGCTATCAATTCCAAAATGGCTGCCAAACAAATGATGGTCACCATGAAAGTTCTTGCCAAACACGGCGAAGAAATCAAAAAAGAATGGGAAACCGAAATGCGCGATTCAATGAAGCAATACTTCGTTGAGAAGAACGTCAAAACACCTATCGAATTCGCACAAGCTAAAGCTGAACTCGAAGCCAATCTTTATGGCAGCGAAGTAGAAGTATGGGGCGACGACAAAGAAGCTCACTTCACCTACAAAACCTGTGGAATGTGGAAAGCTATGGAAGCTTGTGGCGTAACCAAAGAACAAATGGAAAAAATGTCTTCCGGTTTTGAATCATGTGTCAAAAACATGGCTCAAGAATTCGGCTTCCAAGGCGAACTCAAATTCGAAGGCGAAATCCCAACAATCACATATCGCAAGTAATTTCAGAATCTAACCAGAAACTGAATGCTTCCAAAACGCCTCTCTTGTAGGGGCGTTTTGTTTTTGTCCCTTGCCTTTC
CP064963.1_gap87	3559675	3562191	2516	TTGCAGAGCGACTTGCCGATTGCAACCAGGGTTCAGCGCATTGTTGCTAGCCTAATTTTTAACCTGGAGCGAGTTTATGGAAAAAAAGCGATTGGAGATCGGCTCGATCAACGCCTACTTTCTATTTGCGCTCAGGTAGCTACTTCTATTGCGAAAATGAATGGTTTACCTGCGAATCAAATTTGTGATTTGAGTAATGATACGCTTGAAAAGGTGCTTAGCCATTCTAATCCCGAGCATGCAGCTGAAGAAGTTATGGTCTATTTGCATTCTGTGAGAAACCAGTTGTGGCGTTCACTTGAATGCGATCGCAAGGCCATAAAACATGAAGGAACAGAGAATCAAGCTAACGATTACGAGGTGAAGTTGCGAAGCGAAATTTTAGTGCGCAAGCAAAACTTGTTTCAGGAGTTAGACAAGCTTGAGCAGTTACTTATTCTTGCTCACAGTGTGCAACAAGAAATTTCTACGCTAAATCATGCTTGGCGAGTTATCGATCGACTGGAACAGGAGATAACAGGTAAAACAACTTTGAAAGGGCACAGAATCGCATATATCGAAGCGGGACCGGTGTTGAATTTATTGCAGTTTATGCCAGCATATCGTGGTAGCGAAGATGGTGCTGTCACGATGGTCGATGAAAGTGTTCGTCAGAAGATTCTGGCTGTGTTAAATCGAATGAAAGCAAAACATGCCATTGCTTAGACTCTCTTTCTCTGATTTCGTTCAGCCAATTTATCACTAACTAAGACTTCCAGCACCAGAGCAAATCCGCATATAGCAGCGGCCATGAAACACAAAATGGCAAGTCCTGGATAGCCCCAAATTTGAAATTTAGTCTGAACTTGCATAAGCTGTGCTGCGCCCATTATCAATGCGGCTAAAATCAAACCAACTGTAATTCTATTTGCAATTTTTTGAAATCCTGAAATGAGAATTCTTTCGTCAATGGCTTGCACTGTTATCTTGAATTCGTTTTCAGCGGCTGAATCCAATATCTTGCCAATTTTTGATGGCATTTTTTCAAGTAGGCGAATTGATTCTACGAGCCCTTCAAAGAAGTGTGCGACAGAAAATGATTTTATAGCGTTGTCTCGCAGAATATTTGAGATATTCTTTTTTAGAAAAGTTCGTGAATCAAAGTTGGGATCGATGATATCTGAAACCTTATCCATTGCGATAAGAGCATTGCTGAAAAAGGCTAGCTCGGATGGTAGAGTGATGCCAAACTTCGCCACTGCTTGTCCAATTCCCACGAAGACGCGCGCTATTTCAAGACGGTCTTCTGCAGTAGAGTGATTGATCATGACCAGTTCTTCAATTAATTGGCGAAAAGCAACGCTGTCGAAGTTTTCTTTAGTCAAACCTATTTGAGGCAGCAGACTGGCAAGAGCATCTCCGCGCCCTTCGTTTAACGCGACGAGTAATTTTAAAATATCTTCTTGAACTCTCTTCGAAACATGAATAACTGAACCCATGTCGAGCAGGGCAATGTTGCCGGAATTCGTGAAATAGATATTTTCCAGTTTGAATGAAGAGTGAACAAAACCATCTACCAAGAATTGTCTTAAAAAAGCGTGGAAAACTTGCTGTGCAAGTGCCGCACGCTCACTCGACAATAATCCAGATAAATTGGCTCTAGCAAGGGGAATGCCTTCGATAAATTCAGTAGTCAAAATTTGTTGGGTGCACAAATGTTCGACAGGCGAAGGAACAATTATGTTATTTAGCTCGGACAAATTTTCTTTTAAAACTTTGAGATTCTGAACTTCTTGTCTAAAATCTAACTCGCCATGAATCTGGTTTTGTAATTCGCTATAGATGCTTTTGTAGTCGAATTGTTTAGCTGCACCCGTTTTGTCGATAAAATCCACTACTTGTGCAAGATCTTGCAGATCGGCAGTGATTGACTCGAATAGACCCGGGCGCATCACCTTAACTACAACCCGCTTTCCACTAGATTTGGTGGCGCGATGAGTTTGAAAAAATATCGAACTTGATATTGGGTAGTAGTCAAAATTGCTGAATAGTGAATCAATTGTTTTTCCAAATTCACCAAGAAATATTTTGTTTAATTCTTCGCGATTCATTTGCGGACGAGATTCATCCAATGTATTAAGCGCTTCGATGTAATTAGCAGGCATTAGACCTGGACGTTTAGCTAAATGCTGGGCCATTCTAACGAAAGTGGGTCCGGCCTTTTCTAAATCGGCGCACAATTCGTCTAGTTGTTGACCGTTAGAATTAGAATCAAGTTCTGCACCGCTTTTTGTGAAACTATCAGGATGTAGTATTTCGGTTATTCCAAGTTGACATAGCGTTTCTGGATTGCCGTATTTCAATAGAAAAAAACCTAAATCCTTAAATCGTTTCAGCTGACTAGCAGGAAAAGTGATTTGCATATTGTGCCTTACAAAAAATTGAAGTTCTTGTGTCGTTTATAGCCCGAACCACGTTTTTTAAGGTCACATTCAAAAACCATATCCGTTAACGGATATGGTTTTAAAAGGAGACTA
CP064963.1_gap88	3607366	3608022	656	CATTGCGGGCCATTCGTCTTCTACAACAGCTAAAACTAATTCGTGACTAAGGTTACGGATGTCGTCACGGTCTTTTGCTTCGAATACTTTGGAGCATAAATAAATATTGGCAATTCCGTTTGCTTCTTGCTCTACCAATACTCGCAAATCTTGCACATGCTGCATGGTGTCCACCACTACAAATCCAAGAAGTACTGCGTATAAAGTGCCGATAATTGAAAGCAGGTAGCCAGCGACTTCATGATACTCTCTCAGTTTTGCAACGCCCACTTTCTTGCGCACATAGAGCATGCCTAAAACGCACAAAACGGTGGTGAGGACTACAAAGAAAAAACCAATGATAAAAGAACTCATTTTTTCCTCATGATTTGCTGTTAGTTAAACTAATTACTTCTGCCGGTATAACCGCTCTAAATGAAAGTTTGCGAGATAAAAGAAATGATAAAAGCATCATGGCTGAACATCCAGCTAATAGCCCCAAGCCTGCAGTTAACCCCAGTTTGTCTATAAAACTTCCGGTTAAATAAGGGAAAAATGCCCCTCCCACTGCTCCAGCTGAAATCACCACAGACGATACCAGTGCTGGGCTGGACGAAAAGCGACTATTTGCAGATCCTAATGTGTTCGGAAAAATGGGTCCAAATGCAAGCCCCAGC
CP064963.1_gap89	3773570	3774285	715	TGGTTGAAGCGTCGAGTCATCTTTAGTTCGTGTTGAAATCGCGTAAAAATATTCGTGCTTTCAAAACTGTCCGGGTGCATAATTTTGATCGCGGACATGGTTTTATTCTTGCAATGCCGAGCTTTATATACTTTGCTCAGGTGCCCTTCGCCTAGAAGCTCAGTTATTTCATAGCGGTTATTGAAAACTGAACCGACCATTTGCTCGGATATATTTGTATCGATAAATTTTTTTGCCGAAATCAATTTGGCACAACCGAGAATTACTAGCACACCTTTACTATATACATGCCCGTTAATTTTGTCGAATCACAATGCCACAATATATGGTGGCATTAAAAAACTTAAGTAAAGTTAGTTTGGCGTTTTCACCCAGTATTCACAATGCTCGAAGTACTGTAAGAATCTATATTTTAGGAGCTCTCTATGAATCGCCAGTCTTTAATACTATCACTACTAGCAAGTTCTTTCGCCTTATGCGGCACTGCTAGTTTGGCTGATACCATCGAAACCACAACGACGCAGACAACTACAAGTACTGTCGCTGCACCTGTGTTTAATCTTTCTGCAAATGGAACATATCAGGTCGTAGATCCAATTTCGGGACAGCTAATAGGAAGATACGATCAGTCTGCCAGATTAGTCGATGGAAGAACTCTTCAAAGCGGTGTTGTGATTGTTGATAAAGCTAATGGCGGACTCGTTGCTACCGTTGA
CP064963.1_gap90	3775811	3780011	4200	TGAAAAATAGGCTACTGAAATGAGAGCATGTCGCAAAAGCCTTGCCCCAAGTCCTTTGCCTTGATGACTGGAAGCGACAGCTAATCTTGCTATAAGAAAAACTGGAATAGAATGTTTTACTAAACCTTGTTGTTCGATAGAGACTACGTTAAAGGTGTAATATCCAATGACGTTTCTACTATCGCCTTTTGTTACTACCATTGTTTTAGTATGACTTGAATTTTGACTCTGTAATGCGTACTTCTTAAGCCAGATAGAAAGCGCTTCTTTGCCACAATCAAATCTATCTAAGAGGTGATCTTTGGTCAATGATTCGGGCTTACCAATCAATCTACTTGTCCCAATCGTCGGAGTCGGAGAGCCTTTTGCGCAGGTTGGGGAGTATCTTTGCTTTACGATTGAGCACTTGCTCCATAATTTGCCATTGTTCATCGCTAATTACAAAGCGGTTGTTCTCGTGAATTACGGTTTGAGCCGCTACAACAGCTTGTTGACGTATAAAAGATGTTGGGCTAGTACTTTGCATGGAGGCGGCAAGCCTTATTAACTCTTGCTCTTCAAAGCTGAGTCGAATATCAAATTTTTCAGTTTTGGGATTGTTTTTTTGCATATTGAAACCCCTTCCTCTCTTTCGAGTATATCATTTGTCATGACAATGTCCAGACATTTTCTTGAGATTAAGACGACGGTATGTTAGACACTGAAATTTCTTTTTAGTGCTAGATGAACCTATATTTGTGCGTAAAGCTAGATGCAAATTGCTTCTTCGTTCCTGGGAAAACTCGATTATGGTTTTAAAATTTAAATTGCTCTCTTTAGGGTTGTGCGTTTGTCTTATGAATTTTTGTGCCAACCTGTCCTGCCTGGCGGAAACCGCTAAAACCTACGAGCGCTCCAAAGACACGCACGCCATAGAAGATAAGCCGACGGAGGTGGTCGAAAAGGAAGCTCAGCGCCAGATAGAAGAAAGTGCCGATTTACCCGATAAGTCAAAGACCGCAGCTGGCACAGGTAAAGTCATTTCAAGCCAGGCTGAAAAGAAAGAAACCGCGGTAGAGTCGACATTTGTAGGCAAAGACGATCCCTCTGTAGATGCAAGCGTGCGTCAATCAAGTTCTCTCAAACGCCCAACGGTTGCACTTGCTTTGGGTGGTGGCGGCGCCAGGGGAGCTGCGCACATAGGTGTTCTTCGAGTTCTAAAGGAAAACAAAATCCAAATAGACTATATCGTCGGAAACAGCATGGGCTCAATTGTCGGTGGCTTGTATGCAGCGGGAGTTCCGCTTGAAGACATTGAAAAAATGGTGTTGGATAATTCATTGAAAAGAGCCTATATTCCAGGGTTAATATTGCCTACGTTGATTCTTAACCCGCTCGAAAAAGTGTTTCATCCCTTTAGAAAACATTATGCCGGAATTTTTTCAGGTAAAAAATTTGGTAAGTTCTTAGAGGAAAAATTGCCCGAAGGCGTTGAAAACGTAGAAGATACGCCAATCCCGTTCTCTGCTGTTGCCACTAATCTCATAGATGGCAAAGCGTATAGAATTAGTGACGGCAGGCTGTCTACGGCTATTAGAGCCAGTTCTACCATTCCAAGTGTGTTGCAACCAGTGGCAATTGGCGACAAAGTTTATGTCGATGGTGGTGTGAGAGCGAATATGCCTGCATCAGCAGCGCGTGATACCGGTGCTGATGTCGTTATTGCAGTGCTTGTAGACGAACCGTTGAAAGATTTACCAGCGAAAAGATTCAGGAAGTTGAGCGCTATAGTAAGTCGTCTGGGCGATGTAATGCTAGGTGTTTCAGATGCGCGTCAAATGCCGTTTGCCGACATTATCATAAATCCTGATGTGAGTGGAATCCCCGTGGTGAAAGGCAAACCTGAAGACGCTGAAAGAGCCATTAAAGCAGGAGAAGATGCAACTAGAAAAGCTCTTCCTGTTATTAAAAAGAGACTGAGTTTGAAAAGTAGCTGATCTGACTCATGTCTAATTAAATGCTGCATTATTCTCTTCATGGGCTATATAATAAAAATAGATAAGGCGATGTTTCCGCCTGCATTACCGTAGTTGCATAAGAATTGCCGTTAATCACCTCATCTGGCTAATTAGAAGATGAGACGGATGAGGCTCGAATGTCCAGGGTATTACTAGGTGAATCGCAAGAGGACCTTGCAATCGCTCTTAGAGAAGGTTTTACCGCCGAACATTTCACTGTGGAAATAGAAAACAATGGTCTTCGCATCCTTGAGTGCCTCCGCCACAAACAATACGAAGTTATTATTTTAGAAATTGCTCTTGCTGGATTGGATGGAATAAGTGTCGTGCGCGATTATCGAGCTAGTGGAGGAAACATTCCTATCCTGTTACTTGCAAGTAAGCACTCTTCAAAAGAACTGCAAACCGGTCTTGATGCAGGTGCCGACGGTTATTTGGTCAAACCGTTTTTATTGAGCGATTTATACGCACTTTTGCGGGCGCTCATGCGCAGACCATCTCTTCATAACATGAAAATTCTGAAATCGGGCAATATTGAGATGGACACTGTCGCTGGCACAGTTACCAAAGACGAAGCTCTCATTCACTTGTATCCAATGGAGTATAAGCTTTTACGGTTTTTACTGCGACACCCAAATCAGGTTTTCAATACTCATGCCATTTTTGAAAGAGTCTGGCAGAAAGATCTTGGCCAAACTGAAGATACTGTTCGCACGCACGTGAGAACTTTGAGAAGAAAAATCGATTCGGAAGGTAAACCTTCAATCATTACTACTGTTCGTGGACTGGGTTATAAAACCGAGAATCCATAGATTTTTTAGCTTTTATGCTTTTTGTCTTTTTCTAGCATTGGCATTTCTGGCAACAGCTTGCTAATTTCAGATATTAATTGAGCGGCGTTGAATTCAGGCATGCTCACAAATGCATCTGCACCAAAGAGTTGTGAAGCTTTTTCAGTGAAAGTGTTCAGCCTATGTCCAATGGGACCGGGAGCCAGAGCTAGAGTCATAACCATCGAGTGTCTATGAACTGGATTCTTGCGCAGCTCTTGTAAGAATTCAACCATTGATTCGTTTTCTAGATAAGCTGCACAAATAATCACATCTGCATGGTTTTCGTTATTCAAGAAAGCGAATGCATCTTTGATTGTTTGAGCCGACACTACGCTGTGCCCGACATCCTTGCACGCAGATTTTAAAAGATCTGAATTTTCAACAGTGTCTATTATCAAAATGCGAAAGGTGTTTTTTGCTGCAAGCTGTTTTTCTGGGTAGGCGGGCTCTACCTTCGGTTCGTGTTTCTTAGTCATCATTTAAATTATTCTTGTGGAGCTGGATTTTGTCTGCTTCCGCGATTTCGCGATAAAAAATTACGTTGATCATTGCACCGTATATGGTGTATAAAACACACTACTGCAATGGCAAAAGTGGCAATGGTTGTTACTTTCAATCCCGTGTAAAACATGGTGTGCTCCTCTGGCAACGCCAGACACAAAACAGCCGCTGTTTAATTCTGTTTCTTCCGATGTGAAAACTGGATGAAAATTTGAACAACTTAACTCAAGAGCAAAAGACAAGCTTAAAAACTTGTTTTTCAGTCTTGAATCCCGTGATGCTCAGTTGTCCGTGTTGCAGCTTTGCCATAGCCGCAATCGTAGCAAGTCCGATTCCGTCGCCATTGGAAGGTATCAAACGCAACTCTCCCAGACGCCACGGAATGTAATCTGTAACTGTTGGAATGGGATTAGCGCTGAATGTCATGGAAACGCATCGCTTTTTTTCTTGTCCCGTGATGTTGATGTTATCCAATTTTTTGCAACCATGAAGGATGTTGTAAATGATTTCTGTGAGCATATGCTTCATTTGAATAGCATTGCCAATTAAGACAGTCCCTTTTTTGATATTCCAAGATAAAGACACTTCTTTTTCACTAAATTCAGGCTGGGTGCTAATTTCGATTTCTTTGAGCAAGTCTTCCAGCACTAGCTTTTGTTTCTGGGGTTCTGCTATAGCTTGTTGCGAAACTGATGTCAGCGATTCGATGTCGCTTATCAATCTTATAATTGAGCGGTTTAAAATAACAAACCTAGATAGTGGCTGAGAGTTGCGAGCAAGTTCGTCTTGCATCAAATCTAAATGAGCTTTCAATGCCGTAATAACTGACAGCTCCTCGTGTTCAGTGTCCATTATGTATGACGTGAGAG
CP064963.1_gap91	3814055	3816169	2114	GACAAAGCTCCATGCCTCTCTTGTGTCGCCGCCAGGAAGCTTGTGCAAATAGAACTGCACGGATAATTCATTGGGCACCACTTCTATGCTCTGCGGAAACTCTTTGATGCCAGCTGCCTCTTTGTAGGCAGTGACTTTGGGCGTCCCGCATGGCAATGGCTCTGGTTTGTCCGACGCCTGTGATGACGGCGCCCACAAGCCTGCTGCAATCAAAAGGGCTGCGATTTGATTAATTGATTTTTTCACAGACCGCGTGCAACTTGCCTCGTCAGAATTACCTATAGTTACACTTTTATACCCCGACAAAAGAGTTTTGCCGCTTGCTTTGTGCGTCAATTTGGCGTACAATGCAAGAGCGGGTCCGATCCATTGGAGTTTCACGGACGGAGATGAATAAAAAAACTAAAAAAGAATCCGTTGAAAGATTGGCTATGAGGGTACCGACTGCTTTGAAAGATAAGTACAATCGGGCAGCTGAACTTCGGGGAGAAACCTTTAGCGGTTGGGCTAAAAATGTGTTGGATGAAGCGGCAGAGCGTCAGATTAGGGAGCATGAGTTCACCAGTATGGCGCTTGCCGACCGTATAGCTTTCATGGAAGCTGTAGCTAATCCACCCGAGCCGACTGCCCACGCAATCAAAGCTGCTAAACGGTATAAGAAGATCTTTGGTTTGTAAGTGACGGACCATTTCACCTTCAATCCTATTGAACTGTTAGACGTTGCTCGACACAATCGAAAGACATTCAGTTGCGGCGTTGAAGTTCTCGATATTTTCATTCAGCAAAAGGCAAGAAGAGAATCGCCTGAACTTTCGCGGACTTTCGTATTGACTTGCAGTGAATTGCCGGGAGAGATATTTGGATACTACAGCCTCAGTGCAACACGCCTCAGCAGTAATGATCTTCCTGATCACATAAAGAAGAAAATCGGACAATATGGTGCTATTCCTGCAACATTGCTGAGTCGGCTTGCGACCTCAAGCAAGTATCAGAATAGCAAGCTACGAGTAGGTGAGACGTTGTTGATTGATGCAATTCATCGTTCTTATCGCGTGTCGCATGATGTTGCATCTTACGGAATTGTAGTTGATATTTTAAAATCTCCAACCTCCGATCCAACCAAATTTTATGAGCGATATGGCTTTTGTCTGTGTGTTGAAACGCCGGGCAGAGCGTACTTGCCGATGCACACAGTAAGAACACTTTTGGAGAGGGCAGAACTAATTTGATGTCAAATTTTCTTTGTAGGCGAGTCGTGATTTTGCTTGCGACAATTATTGCTCACAACTTATGCTTGAGCAATCCCGTCCATGCTCAAGCATCCGTCGCTCCTCGCAAAAATTCTGCCGACTACAAGCTTGTTATGACATTGCCGGGGCTGACATCGCTGCAAATAGAGCGAATAAACGTCATCTATGATAGTTGCGTTGCGAAGCTAAATATGGGTGTCCCATTGCAGCCGGTCAGGAAAGATTTTTATACCAGAATTCGTCCCATCTTAAATGCAAAACAGCTGAAGGCGCTTCATCCAACCGCTCATCTGCACTCGATTCCAAAACAAGGAGACCGTGGTTTGTACAAAGTCACTGTAGATGTTCCATATATAACGCCACCAGATGCGGTGCGTAAAGGCGACGTTTATTTACCTAAGAATGAAAAGGACAAACTTCGTCCCGCGGTACTTTATATTCATGGTGGTGGCTGGTCAGGCGGCGACAAACAAGAATCCAGCATGATGCCCGAGGCGCTTGCTGCCCAGGGTTTCGTAGTCTTCAATATCAATTATCGATTGGTGCATAGAGGTGGCGAATTCCCCGCCAACTTTACGGATGTAAAAGATGCCTTTGCGTTCTTGGCTAGTAAGTCAGATGAATGGCGCATCGACAAAGCTAAGATAGCGGTCATGGGCGGCTCGGCTGGTGCGCATCTGGCAATGCTTTTGGGTTATTGCAACAATCCTAAGTTCAAAGCTGAGCATTATCCAAACTCAATTGCACGACCAGTTGCTGTGGTCAGTTGGTATGGACCATGCGATTTTGTCAAAGGGCGAAGCGGCATGGTGGACGAGATGCTCGCCAAAAGTGACTCGACGGGTTATGCGGACGCCGCACCAA
CP064963.1_gap92	3819116	3820008	892	GACCCAGCCTGAAGTTGCTGTGTTTTTTACTAGATAAGCAATGGTCACTGCCATCAAGAAACCGGCATAGAGACCGGCGCTTACATAGACGTGCATCAAGTTGATACCGGTCATATTGCTGTTATAAGTAAACACAAATGCTTCGAGCATTGCTTTAGCCAGCCAGAAGAATCCGGCGATAGCAGCGTATTTGTGTTTGTAGCCGACCGAAATTATGGTGGTCGATGCAAGCACAATTAAGCCAGCTGTTCCAAATAATCTGCTTACTACAAGAGTGAAGATGCCGATGAAAAGCAGGGCTTTGAAAGACTTGAGCGATGAGGGTGCGTTTAGTGAATTCTTTTTGTCGAGCGAGTCGAGCAAATAAGTCATCATGAATCCGGCGCCGCCAACTATTGCAAGCTTAGACATGTCCAGTGCCACCATCATTTTGGTGACTAATATAAGTAGAAGCAATCCGCCGGTTGCTGCAAGGGTCAAACGCTTCACGTACAGATTATCTTGTTTGATGAATGGACCCTGAAGCCAGCGCAAGACAAGTGCAGATGTGATGCTAACTAGAAATAGTTTTTGGTGAGTAAGGTACCAGGTTGCGTTGTCTACTTTGTTCATTACAAATAGACCGATGAGCCAGATCAGTGCGGGAAGAATATCTACAAAGCTGCGATCGGCGCGATGTTCGTCGCTTATTGCAAAAGTTTCGATAAACGAAGATAACACTAGAGCTAGTGCCATCGCCGGTAGTGCTATTGGTTGAGAGTTTGGAATCGCCATTGTGGCTATGACCGATCCAATCAATAGAATCAAAGCGCGAAGCCATGAGTTCATACCAAGTGAGGTCAAAATAAAGGGAAGGATAAATCCGCCGGCTATAAACATGCGGCTCGATGAT
CP064963.1_gap93	3833267	3836863	3596	TCGCCACCCTGCAAATTCTCTATGGAACCTACAATTGCTTCTTTGTTTTGATATTTGCACAAACTTTTTACTATGCTCAGCAAATTGCCTTGAACCATCTGCGCATTGTTTATTACGCCTTCTGGAAAAACAAGCATGAGCACTCCCAGATTGCGACTGAGTGCGTTGTAGCGTTTGGCAATGTGATCTGGTTTGGTAACTTGTAAGCGCTCTTCCTCAGCCGAGACATTGCCTTGCACCACCCCGACAGTAACAGGCGGGGTTTGAGGATCTTGTAATCGAACAGTTGCTACATCAATATAGTCTTGAATGCGTGCGATTCGCCCTTCGCCCCAAGCACTGAGGCTGAATACAAGTAGTGCAATAAACGCCAGATCTAAAAAGGCACCAAATCCGGTGGTGAGCTGATCTGTTCTGCGTCCCATTTTCTTGGCTAATCTAAAACATTGAATGACACTACAGGCAATGACTGCGTTCGACATCACAATTAAGTAATCGAGGCAGCCGCTGCCAAGAAAGGCAGACATCTGCACCAGAGGCAAATTGCGATACTGCGAATAAACTAACTGATTTATTGGCAAGCCAATGAAAAATTCGGACGGTGCCACAAACCATTGCAAAAAGACCCAGATGAGCGGGACCGAAATTATATAGGGAAAAAATGGTCGCTCTATATTAGGTATGAATCCGGCTCGAAGCGGTAGACAAAAAACAATCAGGGCAAAGGCTGCGTATAAAAGAGATTGGTGCAAACATTCAATCATCCAAATAAGACCACTAAAAGCGGTACCAAGCCAGTGAGGCAAACCAAGGGCAGTCATTGGTGCAAGACCCAGATAAAAACTCAACGCGACGCTGTTATATCCAAGCCCGAAGATGAGCCCACTTATTGCTGCTTCCCATTTGCCCGAGGCTCCGCGAATGAGCACTAAAAGTGGTGCCAGTCCAATCCAGGCAAGCCAGGAAAAATTGATATTGCCCACATCGAAGGCTGGGCAGCTCAATCCAAGCACGATGCCCAATAAAAAAATAACTGGTCCTTTGTATAGAAAGGACGCGCGCTCAAGCCAGGTTGGTTGATCAAAGACGGAATGCGTCTGAAAAATCACGAATAATCACCAAAAACACTTACATTTGCCTTGCAAGAGACTTATTATATAAGCATGAGAATCTTCGGCATAGACCCCGGGACACAAACTACAGGTTATGGGGTAATAGACCTAGAAGGCGCTAGCCGCCTGTCCTATGTCGCTTCTGGCGTTGTCCACACCTCAAAAGATATGCCATTTCCCAAGAGGTTGAGCACTATCCGGATAGATATCATTGAGCTTATTAATGAATATGCTCCGGATGTGGTGGCGGTCGAGTCTATATTCTTTTTCAAGAATGCCAAAACAGTTATTCCGGTTTCACAAGCACGCGGAGTTTTAATCGAAGCGGCAAGTTCAGTTGGACTTGATTCAAAAGAATATACGCCGATGCAAGTGAAGCAGTGTCTAACCGGTTTTGGACGTGCCGACAAAAAAGATATCCAAATAGCAGTGCAAGCGCTATTGCAACTTCCATCGATAATAAAGCCCGATGATGCTTCAGACGCTCTGGCAATTGCCATATGTCATGCCCGAATGGATTTAAGCGCACGCCAATTAGCGGCTGGATCCCAGATTGGAAATTCCGCACTCGCTCACTAGATGATTTAAAAACATGGTGGCGCCTGCTGGTCCCATGTGCACAGTGTCCAGATAATCTTTGTCTTGGATTAAATCGTTCTTCTCGAAGTTGAGATATTTGATACCATATTTAGTACTGATGCTTTGCAGTATATCTAAATATTTTGCTCGCATCTCTGTGCTGGATAAAGCTTGATGCCCACTTGAGACAGGCATATTAATCAATACCAGTTCCACTCTTTTGTCTTTGCACAACTGACATATTCTATCTAGTGCTTGAGCTTCTAAATCCATTTGTTTGTAATTGGGCGGCATATAACGTTTTTCATATCCAAGTGAATCAAGCACCGGCTTTTCTTCCATAGAAGCAGTTTCCAATTTAGATGCTTCTATTTCGGTTGGAAGTTTGACGGTTACTGCTTTTGTCTCAGCTTTAGCTTCTTGTTTTGGAGCTATTTTAGAATCTGTTTTTTTGAATAATTTTTCGCTTTCATAAGTCATCGCTAGACCGATTTCACTATGACTTCTATACATAGGAAGAGTGGCATAGAGACTTAATTCTTGCTGTATGGGTTTTGATGCGTGTGAAAAAATAAAGGGTAAATTATCACCGCTAAATGCATAAGGTAAATCGAATAAGGCTTGAAATGTTGGTGTGCCTGCAAACGAGCAATTTATATTGTCTGCAAAATCGCGCAGTCCTACGCAAAGAATTATTTTGCCTGGTGATTTGTCAATTATTTTGCTTACTATTAAGTGAACATCAGAAATCATGCTGGCAGCCACAGTTGCGTTAAAAACAGAGCTTTTAGAAAGCTTGGAAAAATACTGTGCCGATGTGTAGGCTTGCAACGGATTTAAATTCTTTTCTTTCATCAGTTGTATTACGCTTTGATCTTTTGGATCGTCTGCGTAATACAAACAGCACATGGGAAGCGACGAGCCCACTACCACTACATCTGTTTTGCCTGCAATTTTTTTGAACTGTTCAAGTTTGAATGCGACCGATGCTTTGGTAATTAAAGCGGGAGTCATCTTTTCTTGTGGGACGTTTTTTAAATAATTGATGTTGCCCGAAGCAAAGGCAGAAACAAGCATCAAAGCAAGTAACCAACATGTGAAACTTTTCCACGGCGCAAATTTCTTTGTGCCAGTGGTGGCATCTTCAGGCGCCATGGGCTTTGACTCGGTCTTTGTGGTCATGGTTGCAAGGATATCAAAGGGACAGGCTTTGGACCTTAAATTTGAATAAAACCGCTGTCTTTGAGCCCTGAGCTGTAATTTTCTGGGTAAAGCATTTCAGCAATCATTTGCATTGATTCGACTATTCGCGGTCCAGGTCTATTGAAATACTGATTTCCATCGGCAACATAGACCCGTTTGTTTTTGACGCAAGACATTGATTTAAACTGGTCATTATCGAGCAATAGATGCATTTCGCTCATGGTGCGATTTATATCAAATCCACACGGTGTCACAAGTACTACATCTGGATCTGAATTTACTAAATCAGACATGTTCATCCAGGGCGAGTGTTTACCGGCTTCTCCAAAGAGATTTTGGCCACAGGCAAATTCAATTAACTCAGGCACCCAGTTTCCAGCTGCCATTAAGGGGTCGATCCACTCGATACACGCGATGCTTGGAGTTTTTTCTGAAGCTAATTTAAAAGACTGGCACTGTCTGTGCAAACTTTCTATTTTTTCGGTGATTTCGCCAATCAAGTCTAGCCCGCGCTGTTCGATATTTAACTCAATGCCCAGAGTGTCTATATCACTCAAAATATCAGTGAAACAATCGGGCTTTAGCGAAATGATTTTGACGTTCTCGCCCAAAGTTAATGAGCAAGCATCGACTACATCTTTTTCGCTTACAGCGCAGACTTCGCACTGTATTTGAGTGACAATGTGAGTAGGATTAAGAGAC
CP064963.1_gap94	3839577	3844399	4822	CTAAGCAGTGGTATACCACCTTAAATATCGAAGATAAATTTGGCAAGGTTATTAAAACTGGCGAATTATCTGTAAATAATCCGCTCACTTACGATGGTGTTGATATTTATCAATCCAGCTGGGGCATTGATTCAATCGCACTTAAATTCAACGGACAAAAACAACAAATACCTGTAAATCCAATGGGCAAGCGCTTCGCTGCCTTTCTTCCACTCGATCAAGATTCGGTCATGATTTTTTCAGTAATGGATCAAAAATCAGACTTGAGAATTTTTGCCAAGCGCGGTGATTGGGAAGCACCAAAAATATTGACCGAAATCAAACCCGGAAATGAAGCCACTCTTGGTGGTGTCAAGCTCACATACGAAGGTATTGTTCCGCGCACCGGTTTGCAATACAAAAGAGACCCGGGAATTTTTGTAGTCTATACAGCCTTTGGTTTCATCATGCTTGGTGTCATGCTTGCATTTATTCCGCACAGACACGTTTGGGTCTGTGAAGAAGTTGATGGTAAGCGCAAATACCTTGCTATTGGCGGAAGATCTCCTAAAGCAAAAATTGCTTTCGAGCGAATGGTCTTGAAAATATTAGAGCCTTACGAATTGCAAGAAGCTAAATTGCAAGCACAAAGAGAGACAGAAAAAGTTTTCGACTCACCAAAAGATGATCATAAAAGAGAAGAGATATGTCAGACCTCCAAGTAGCACTAACCAACACCGCGGGCGTTACGTCCATTCTTTCCTTCTGGATTTTTGTGGCTTCAAACGCCTTCAAAAACTGGAAGCCCAAAATACTCGGTTCTGCTTTCTTTGTTCTGCTCATCGGATTTATTGCACTTACATGCGCAATTGTTGCGCGCGGTATTGAAGCACAGAGATTTCCACTTTCCAATTTGTATGAAAGCTTGCTTTGGTTCGCCTGGGCAATTATGGGAGCTTATTTGTGGCTGGCTGCGACGCTAAATCATGCAGGGGTCTGGCATTTGGGCTGGCTTGCTAGTTTGACTGCGGCATCATTCTTCTTATATGGAAGTTGGTTGCCCCAAAGTCAGCACGACATTCAACCGCTCGTTCCGGCTCTGGTCAGTTACTGGCGCCAGATTCACGTTCCGCCATTAATAGTTTCGTACGCCATGTTTTTCTTGTCTGGCTTAAGTGGACTTGTGCAGTTGTGGTGGGCCGGACGCAGAGTGTCTGTTTTTGGACTTATCGCCACTATAGTTTTAGCCTGTACGGCAATTGCCCTTGGTACTTTCAGCCAGGTGGCTGTCTATTATTTGCAGGCGCTTTTTGTAGGCGGAAGTATTTTGGGTGTCATTTTCAGTTGGCTCAGTCTCAAAAAAGTGAAGACTCAAGCTATAAATGCCTCACGCGAAGAGTTGTATGACGATATTTCGTACAGATGCATTTCTGTCGGGTTTCCGCTGCTAACAATAGGCATAATCACGGGCGGCTTGTGGGCGAATCATGCCTGGGGCAGTTATTGGTCCTGGGACCCCAAAGAGTCCATGGCGCTTGTAACCTGGCTCAGTTACGCTGCTTACATACATTTGCGCATTCACCGTGAAATTGCATCAGACAAATTAGCGGTTGTTTCTTGTATCGGTTTATTGCTCACGCTGCTCACGTATTTAGGATTTAACACTCTGGGCTTTGGCGGGCTACACAGTTACGGGCAGCTCAAATAGCGCTTCGATATTGGTCGAATAAGTCATATATAGGTATAAGCGGGTCAAAAGACTAGGGTTTATCCCGTTATTAAGATTGCCTTTGGAACTTTTAATAGTGAGAGTCGTCTCATTACCAAGAAGCACGACATAACCAGATATTACAAATTCAACGCCCACAAGGCGGCGTTTTTACTTCGCTAAGGCAACAAAAAAACTATGAGAAAAGTGAACACTAATTTTGCTTATACAGATGTGGAAGAGTCCTATACCGGACCTTACATGGGTCAGGGCGAATTCAATTTCAGTCCAACTGAAGCAGAATTCGGTGTAGACGAAGCACGTGGTGTCGGACGTCCAGTCGCGCCCAAAGAAGACCCAATTCAGCTCTATTTGCGCTCTATTGGCAGAGTGAAACTGCTTGGTGGACCAGAAGAAATCGAGTTGGCTCGCCGTGCTCTCAAAGGCGATGAGTTTGCTCGCAAACGCTTGATTCAAGCCAACTTGCGTCTAGTTGTAAGCGTTGCCAAACGATATCAGAACAAAGGCATGCCGTTGCTAGATTTGATTCAAGAAGGTAACGTAGGTCTTATTAAAGCTGTCGAAAAGTTCGACCCTGAGCGCGGTTACAAGTTTTCTACTTATGCCACGTGGTGGATTCGACAGGGCATTACACGAGCTCTTGCTGATAAGTCACGCACCATTCGTGTTCCTGTGCACATGGTCGAAAACATAAACAATTTGCGCAGAGCAACATCCAAGCTTTCACTAAAGCTTGATCGCAAGCCATCTCTAGAAGAACTGGCACGCGAAGTTGGTCTGTCGCTCAAAAAGATCAGGATGATTCTTCAAGCCAACCGTTCATTGTTATCACTCGATACGCAATACGGTGAAGATGAAGACAACACCCTGGCCGAGCTTGTCGAAGACGAAAGATCTCGCACACCTGAAATATCGACTGCCACAAGATTGTTGGCAGAAGATGTACGCCGGGTGCTTGCAGTTCTCACTCCTCGTGAGCGCGAAGTGCTTATATTGCGCTTTGGACTCAACGACGACAAGCCAAGAACGTTAGAGCAAGTCGGTAAAATGGTCGGCATCACTCGTGAGCGGACCAGACAAATCGAAATCAAAGCTCTGCGTTTTCTCAAACAATCGAAAGAAGGCGAAGAATTGAAAGATTATCTTTCTTCTTAAGATTGCAAGAAAAATAAAGGCGGTATCAGTCCCGGATTTCCTGGATGATGCCGTCTTTTACTAGTATCTCTCCGCCTTCAAGACGCTGAAAAATATTTTCTCCCAGTCTTACTTCTACTGGATTTTCTACGGTGAACTGTGTCACCACACTTCCCAGAGGTAAATCTGACAAAGCCTGACTTTGAGCAAGCATTTCTTCTTGCATTTGCAATAAGCGCAATTTTTCCATATCTACTTGCTGGCGAATCGATTCAATTTGAATACGAGCGTCTGTAGATAGAGCCCCCATGGTTTGGCGCTCCAAATCTGCGATGGCACGTTTGCCCTTAAAATCGAGTTGTTGAATCTCGGCTTCAATTTGTTGCAAGTTACGCTGGATTTCTCCGCCCACCTGATTTTTGAAGTTCTCGGTCACGATTGCTCGGACCGGAATCATCCGAATAAGTCTTATGGAATTGGCCATGCTAAAGAATCCCCTTAGTATTTTTCGGCAATTGATTTAGCCTGAGTAAATAGTAGCAAGTAATCCCTGCCGCCGGCTTTTGAATCAGTTCCAGACATATTGAATCCACCAAATGGATGGACGCCAACTAAAGCACCCGTGCATTTTCGATTTATGTATAAGTTACCCACGTGAAATTCGCGCCTGGCTTGTTCTAAATTATCTCGATTGCCTGAATAAACTGCACCGGTTAAACCAAATTCGGTGTTGTTTGCAATTTTAAGTGCGTCGCTCCAGTCTTTTGCTTTAATAAATGCAAGCACTGGTCCAAAAATTTCTTCTTGCGAAATGCGAGCCATCGGGTCGATGCCCGAAATGATTGTGGGCTCAATATAAAAGCCATCTTTGCCATCAGTTGCAAAACTACCAGCACCACCGCCAGTTTCGAGTTTGCCTTCTTTGGAGCCGATTTCAATATATTCTTTGACGCTTGCATACTGAGATTTGGATGCAACTGGTCCCATATTTGTTTCTTTTTTCTCGGGTGAGCCAAGTTGTAATTTTTTGGTTTTTTCAACCACTTTTTTCAACACTTCATCGTAAACATTGGCGTGAATAATGGCTCTAGAACATGCGCTACATTTTTGACCCTGAAAACCAAAGGCACTAGCGACGATACCATCAACAGCGCTGTCGATATCGGCAGAATCATCTACCACGATAGAATCTTTTCCACCCATTTCAGCAATAACACGCTTAATCCACAATTGACCTTTCTGTGGTTTGGCGGCAAGCTCGTTTATGCGCAGACCAACTTCTTTTGATCCTGTGAAAGCAATAAATCTTGTTTTGGCATTTTGGACTAGATGATCACCAACGCTCGATCCAGGACCGGGCAAGAAATTCAAAACACCTTTGGGCAAACCAGTTTCTTCCATTACTTTGTAGAACTGATATGCAATGCCTGGAGTTTCACTCGATGGTTTTAAAATGACAGTATTACCAGCCACAATTGCAGCTGTGGTCATACCAACTAATATGGCAAGCGGAAAATTCCACGGCGGCACTACAAGACCAACACCAAGTGGAATGTATTGCAATTCATTTTCTTCGCCCAAAGATGGAGTCAGTGGTTGCGGTCCGCTCAAGCGAATCATTTCTCTTGCATAGAACTCGCAAAAATCAATTGCTTCAGCTACATCACCATCTGCTTCAGCCCAGTTCTTGCCGATTTCGACTACAAGCCAGGCAGAAAATTCAAATTTGCGTCTGCGCATAATTGCTGCTGCTTTGAATAAATGACGTGCACGTTTTTGAGGGCAGACTGTTTTCCAAGTTTCAAATGCTGTAACTGCAGCGCTCATAGCATCGTCTGCTTCTTTTACTGAAGCTTGTGAAAAATTGCCTACAATTTCACTTGGGTTACTTGGATTGGTGGAGGACAACTTTTTTTCTGTCTCCACTGCTTGGCCATTTATATGTAGAGGATAATCTTGTCCAAGTTTAGATCGCACTAA
CP064963.1_gap95	3914541	3917791	3250	TTTAGCCAAGCTCAATATGAGCGCGCTCAAGCGTCTTGATTTTAGAGTAGAAGGTGCGTCTTGTGCCATTTGTCTTGGACGCATTAGAAAGCGTATTGAAGCATCGAAAGGCATCGCTAAAGTGGCTGTAGCAATACAAAAGCCCTATGGCGTGGCTGTCATTTTTGATTCGACTAAGACTGAAAAACAAAAAATATTTCAAGCTGGTCTTAAAGGCGAAAAAGAGAAAGTGCTTTTTCTCGACGAGCAAGAAGAAAAGCTGGACAAAATGCCCTTTATCTTAATTCCAAAATTCAATAGTCTGGTAAAAAGCTAATTAGATAGTTTTCCGACTACAGGCTCGGTTGCTGTGGCTCCAAATTCTTGTGTAGACACGCCAAACATCGGAATCTGCACAGGAAATGTGAAAGTGGCATTAGTCACCACAGTGACAGTTTCGTCGCTGTAAGCTGTGACATTTACTGAATTGATTCTTAAAACTGGCGATGAGAAATTGACTTTGACTTGATTGCAAGCGGTTTGTGCCGCAGCTTGATCCACTTCTTCTGCCGAAGCGCGAGCACAATCCTTGGCCAGAGCATCGTTTGCTGTTTGAGCCATCACCATGGCGATTACATCGATCAAGAACAAAACAACAGGCACGAAAATGAACAATCCCACGATGGTCTCGATCAGAGCTTGTCCTCTTTTTCGTTTCAACCGCATTTACTTACGACCTCTAAATAATTCCGCGCTCTTCAATGGGGCGCTCACCTTTGAAAGTAAATGGGTAGGGACCAAGCGGAACAAAAGGTATCTGCACAAAAGGCTGAATTTCAACAACGGTTGTGACGCGAACCACGTCGTCACCAGGTTTTCCATTAATGTCAGCCCGCACAGCAGTATTTGAAACTATGCGTGCACCAGTGAATTTGGCAAGCCCAGAAGCCTTCCAGGCGTTTTCCTGACTGGTTAATGCCGTCGGCATATCCTGACTTCGAACTACGGCTACAGAACGAGTGCACATATGATTTAAAAACCACCCGCAACCAACCCCCATGCCCATGTAAATCAAGGCAGCAAGAGGAAAGAGCACCACAACAAGCAGAATGAACAGAGCTGGTCCTAGCTCGGTAATCTGGTTACCCTTTTTTCTCTGAGTTTTATAAAGCCTGATTGCCATCTAGAGCCCCTGACTGAAAATTTTGCCCGCTTATCGATTGTTATCGCGGTTAGTGGGATAATCTGCTTATCTCTATGAGTTGTTCCCTAGACTTAGCTATGGACTACTAACCTAAATAAAGCTTAACAATTACTATCTTAGCAGTTCGCTACTACTGTTCAGGAAAAAATGAAAAAACAAATTTGGATAGCCGCATCTACAGCCCTTTTTTTATCAGCCAATTGCCAAAATTATGGTCTTGCCCAAGTGTCAAGCGAGCTAGTTAAAAGGGCTCAGTCCGAAATTGATAACAACAAATTGACCGAGCAGACTCTTGCACAGTTACAGTCGGCAGTGCAGAGCAACGACCGCGACGCCGATGCGCATCTATACCTGGGATTGGCGCTTGAGCGTATGGGACTGAAAGACGAAGCGTATGCACAGTACGCCCTGGCGGTTAAGTATGGACCTCAAAATCCAGATGCACTGGTTGCTCTGGTCAAGAAAGAAATAAAGCAAGGTCACATTCCCTCGGCAATTCAGATGTTGCGAAGCGGGCTCGATAAATTTCCCAACAATCCAGAAATGCTTTTGATTGTGGGTGACTATCTCATTCAGAACAAGCAAATGGACGAAGCAAGACAGGTGCTTGAGACCGCTTTCAAAGTCAAAGAAGACATTTTTGGTTTGCCAACGTCGCTTGGCCAAATTTATCTAAACGGGCACCAATCAAGAGCCGTCAAGCTTGCCACGATGGATTTGGAAAAAGACCCAAAATTCGATCGAGCACTGAGAGTGCGAGGCGTCGCCTACATGATGCTTGGTGATTATCAAAGAGCAATTGTCGATCTGAAGCCTGTATTTGAGAATGCGCCGAACGTACCGGCTATTGCTGAGGGCATATTCGAGTCTTATATGTCGTGCAAAAATTATAAAGAAGCCCTTCGTCCGGGCGTATTCATGGTTGCGTTCACTGCTCAGCCAGATATTGCAAATGCTCGTTTGCAAGACAAGTTGGTCAAGCTGATTGAGAAATTGCCGCTTGATTTTGTTCAAACCCAAGTAGCTTCTATTGAAAAAGAGATTGACACCAAGTCGCCTATGCCTGCTTTCCATCTGCAATTAGGTCAGGTTTATGACAAAGCCGGTCAGTATAAGCTGGCTATGGCTCAGTACAAACGTGCCATTGAAATGGATGCAAGATACGTCCAGGCTTATTATCAGTTGGGACTTGATTATGAATCAAAAACTAACGATTGGACCAAAGCGCTCCAGTGTTATCAAACAGCCCATTTTTTGCGCTCGTGGGACGAAAAAATCTATCTTTCGTACTTGCGTATGTTGGACCGAATGCACCATCGTCAAAATGACCTGGCGCAAAAGACCAAATCTTTGATCCGTGGACTCTAAACTCAATTGCTTACTGGCTTGTTTACTTGATTTGCGATAAAAGTTCGAAGTATTGGATGAACAGCCTGATTCCAAAGGCGGCTTGAGTCCAATCGAAGTTTTCGTTCACAGCGTGATAACCATGCTCTGGTAGTGACAGTCCCAAAAATGTGATTGGAACATTCAACACCTCTTGCATGCTCACCACTGCACCAATACTTCCACCTTCACGCACGAATGCGGGCTCTTTGCCAAAAGCTTGAAGCATAGCTTGTTTTGCCGCTTGCTGGAATTTGTCGGTAGAAGGTCCTGAGTAGGGTTTTAAACTTCCTTCTAGTTCAACTGTGGCATCGGGACATTTTTCTTTGACGAATTTGGTGAAGATTTCAATCATGCGCTCAGGGGTTTGGTCGGGCACAAGTCGCATACTTATTTTGGCTTCAGCATAGTGTGGAACAATTGTTTTCACGCCAGGTCCTGAGTAACCACCGGTGATACCGTGCACTTCAAATGTTGGTTTAGCCCAAATTCTAGTAGTTGCTTCTTTGGTGTCGCGGGTGCGCAAAGACTTGAGTTCATGCGCTTTTTGAAAGGCGTCTAAATTAAAACCAGAATCAACAAAGTCTTGTTTTTCTTTGTCTGAGGGTGCAACATAATCGTCATAGAAGCCGGGAATCTTGACCTCGCCTGTTTTGGCGTCAAAACATTCACTAATTAATT
CP064963.1_gap96	3928251	3933092	4841	CAACACCCAATCAGTGGGATTGAGAATTTCATCTACTGAAAACTGTGCAGCATCAGCTTTGTCGACGGCTGTCATCATCTCTTGCCAGCGAGATGGAAAAGTTTTGAGCCCACCATAATAGTCCCAGACCACCCGAGCAGCCGACATGGCGTTTGCATCGATGATGTGATTGTCATGTCTGTCTTTGTTGCGCAGAGTTTCTGACAAGTGGTGGTCGAAGGCCAGATGCACTCCGTTCACATAAGGCAGGTTGGTGGTGATGTCTCTATCGGTGCATTCGATGCGACCGTCTTGCATGTCCTTGGGATGAACGAAAAGAATGTCGTCGATCATATTCATATGTTTGAGCATTACGGCGCAAACCAGACCATCAAAATCGCTACGGGTTACCAGTCTGTATTTTCCTGGACTTTGAACTGATGTCATCTTTTCGAGCTTGCCTCTCTCGTGACTATTTTCCTACTTATATATGTACGAGAAATGAGAGGTTCAAACCTGATAACGACTTATATTATATGCGTTGGATATTCGTCTGCGATCTATTGTCTATAGTGGGTTTGCAGGATCGGCTGCATGGTTTATAGCCATTATTGTTCGGGCGCTTGTTAATCTAAAATCTATATCTAGGAGGGCTGTCTAAAGGCTTCTGAGTGTTGCCATTGGTATAGATATTAAATCACTAAAGGGGTACTTCCATTCGTTTTTTAAATTGCTAAACTTGTATGCATAAACGGTGAATGCACACACGAGTTGAGCATTTCGAGCCGAGGGGCCTTGCGGAAACGTCAGGTTAGCGCTAACCAGATACGGTAGCAAGTGAGCCCGCAACGAGTTCTTTTTTAACAGAGACTCGCTGAAATACTAAGCTCCCCGCAAGGGGCTTGTTAAATAGTAGCCGAAACACCATCGCAGTTAATTCTGGATGGTGTTTCCGTTTGGAGTGGTACTAAATATGGTGATTTAATATGTGCGACTGATCACTGAGATTGCGTGGTTCGAGCGCTTGGGATCCGGTCTTGATGCGGCAATCGCTCATAGGCTGATGAGTGCGAAGTAGACATGATGTTAGAGATTAAATCAATTCTGGGGGACTTCCATAAAGTTTTTCGTTTGATAGACTAAATACATTAACGGTGAATGCCACATGAGTTGAGCATTTCGAGCCGAGGGGCCTTGCGGAAACGCCAGGAAAGCGCAAACCAGAAACGGTAGCAAGAGAGCCCGCTTTGTGAAGCATTTAACAGCGACACAATGAATTACTGAGCTCATCGCAAGGAGCTTGTTAAACAGTAGTCAAAACACCACCGCAGTTAAGTCTGGGTGGTGTTTTGGTTTTTATATTTATTTGAATTTACTCCAGATCGTGTCCTGTTTTATAAGATCTCTGTTTGAGCAAACTGCTCCAGGCGTCTCCACCCCCGGCTTTAGCGCTTGGGGCGGGACTACTAGATCTTGACGGAGTGGAGTTGACTCTAGGTGGTTTTTTCGCCACTCTTGGTTTTGGTGCAGGTGTTGGTGCCACTTTAACTTCTTTTGGGGTCTCTTTTACTACTGGTGTTTCTGCAACGGGAGTCGACTCGTTTTTCTTCGGAAAATCGGACTTGTCTTCGTGTGATGTTTTTACTAGCGTACCGTTATCGGAAGACGAATTTGTTGATGATGGCGCCTGGTCGTTAGATTTTTCGCCCGTTTTTGCACTAGTCGTATTACTTGGTGTGGTCGCAGGATTTGTGGTTGCGTCTTTAGTAACTATTGGAGCTGCAGTTGCCGGTTTATTCTGATTTTGCAAAGCGAAAAATCCAATTACCCCACCGATTGCCAAAACACCAATAACAACAGCTACAGCAACTGCAGCAACTTTCTTGTTATCTGCGGGTGCTTTTTGTGGGCGATCAATCTCGGAAAACGAACTTATAGTAAAGCTCTTTCCTCGCTTTGGAATTGCCATGTCAATTTCGGTGGCAAGCTCTTTCATGCTCTGCTGACGGTCGTCTGGATTTTTAGATAGAGCCTTGAAAATTACTTGTTCGACACGCTCAGGAATATAAAGATCTGGTCTTGATTCTGAAAATGGAGTAGGTGCTTCCATTATGTGTTTGTGCATAGTTTCGACCAATGTTTTGCCTAAAAGAGGCAATTTGTTGGTCAAGGTTTCGTACATGACTATGCCCATCGAATAAATGTCGGATCTGGGATCAAGTGGCATGCCCTGACATTGCTCAGGCGACATATAGACCGGGCTACCGCAAACTTCTCCCATCTGGGTTAGTCGTTGTAGCTCGGTTCCTGCATCTTCAATTAATTTGGCAACACCAAAGTCCACTACTTTTACGTAGTCTTTATTGCCGTCAAAATCTATCAGGACGATGTTGCTTGGTTTTAAATCTCGATGGATTACACCTTGGGAGTGCGCATGTTCAAGTGCAAGAGCAGACTGTTTGAAAATTGACATTGATCTATCGACGCCAATTTGCCCCTCTTTGCGGATTTGATCCGACAAGGGAACTCCTTCAAGGAAGTCCATGACTATATACGGTTGTCCTTGAGGCGAGACGCCATAATCGTAAACAGTGATTATATGCGGGTGTTTGAGTTTGCACGTGGCTTTGCCTTCGTGCAAGAAGCGTTTAACGCTATGTGTGTCGTTTAAATGGTGAGCAAGCAACATCTTGATGGCGACGATGCGATCCATCAATTCTTGTTTGCCTTTATAAACAACCCCCATGCCACCCGTTCCAAGAACGGATAGGATTTCATACTTGCCGTCCAGTTTAGTTCCGACCAGTGGGTCCTGAGCAACCGGAACAAGGGCAGTATTGTCGTGCGGACATGAGGCAACCAGACCAGTAAACTGGCGGTGGCATTCAAGACAGACCTTTTTGTCCAGGTCGCCATGGACATTAGTGTGATCAGTAGATCGGGTCATTTTTTGATTTTTCGAGGCGGGGAATCAGAAACGGTTACTAATGGTTTAAGAAACTATTAAACAATGTTAATTTACCCGTCCCTACCAAGAAATAACCTGACATCAGCATGAAATCTTTTCTTTTATATATCCGCCGACCACCTCATAAAACGAAGCGCCTGTAAGCCAGTTCTTCTGAAAAGCGTCAATATGGGTAGTGGTAATGATAGTCTGCATGTCCGACCGGTTGGCGACTTCTTGCATCAGAAAGTTTTGTCTATAGAGGTCTAATTCGGCTAAAACATCGTCCAATAATAAAATTGGCGGCTCGTGCAAATGGTTACTGACTAAATCTAGCTCTGCAATTTTTAATGATAAAACCAATGTCCTGGTTTGACCTTGGCTGCCGTAATTTTTGGCAGGCAGATCATTTAAGCAGAAAACTATATCGTCTCGGTGGGGACCGCTCAGGGTTTGTTTGCGTGCAAGTTCCTCGTTGAAGCGCGATTTGTATAAACCCATCAGTCTGGATTCGAGTTCTGATTCGCTAGTTTCATTCCAGTTTGCGCCAAGCTGGTCTTCGCTTTGATCAAAATTTTCGGTCGATTCTGGGTCTTCGTCACTGCTGGTTTGAAAGTAGCGTACCGTTATCGGTTCGCTTTTTCCCGATATCTTCTCTTGATAGGCTTCGATTAACGGGCGCAGGCGATCGAGCAATTTCAATCTTTCTTTGGTCACTTTGGCGCCTAGCGAGGCGGCTTGACGGCTCCACGCGCGCAATTGCTCTTTGTCTGTGTCAGAAAGGTTGTAGCGCCCACCCTTTTCAGCAATAGTCTTAAGCAGGCGATTGCGCTGAATAATACATTTGTTGTATCGGTTTGAAGTTTCGCGATAACCAAGATCGATTGAGCTAAGCAAATTATCAATCCAGTCGCGTCGATATTTGGGACCGCCGCGTGCCAGATTCAAATCTTCGCTTTTAAAAGAAACAACGCACAAACTGCCTTTTAGATTGCGTGTAGTTGAATAAGTGGCGCCGTTTATTTTGACCTTTTTTTCAAGCTTGGGATTTTTCGATTTGCCCTCAGCTTGAATTGATTTGAAATCGATTGAAATATTTTGCAAGTTTGCACGATTGTCCCAGTCAATAAAATATTGAACTGCAATTGATGCTAGATTTTTTCCGCGCGAAATCAGCTCGACATCATGAGTTGAGCGATATGATCTGCCGGTGCTTAAATACTCAACTGCTTCAAGTAGGTTGGATTTACCCTGGGCATTTGCTCCAAGGATAATATTCAGACCTGGCTTGAATTCTACGTCTTGCTCAATGTAATTGCGAAAATTGCTTAGCTTTAGATTTTTAAGTAGCATGCGAAAGTGAGGAGTTGGGCGCTTGCAATTTCTCCTTTTCGCGCGCTGAAAAGGCAATCTTGGCTTGGTCTATGTCAATGTTGATCTGGTTTTTCAATTCATCAATGGAGCCGAATTTTTTTTCGTCACGTAATTGCTGGAAGAATTTGACTTCAATTTTTTGGTCGTAAATGTCTTGATTGAAATCTAGAAGATGCGCTTCGACAAGGGGTCTTGCTGCTTTGTCTGGATTTTTGAAAGTTGGTCTGAATCCAACATTTATGACGCAATATTTGCTCTCGCCATTTTGTAATTTGGCAAGACCGGCATAAACACCGGTTTTGGGTAGAACTTGATATTGATATGTTTCAAGATTGGCAGTGGGAAAACCTAGTTGTCTGCCTCGGCCATCTCCGCGAATAATCCCAGCCCATAAGGCAAAAGAACGTCCAAGCAAATCTTCGGCGTTTTTGACATTTCCTGCTTGAATCTCGTCGCGGATGCGTGAGCTAGAAACTTCGCGTCCTTTGAATTCGAGCATGTGTGCGCTGTGAACAGTAAACTCGTGTGCTTTTTCTTGTCC
CP064963.1_gap97	3999503	4003577	4074	GCATCAAATACGGTGGCATCTCCAAAGGTATCGGCGTCTGAATTACAAGCCATCACTACAACCACTGCCGAATCGAATATCAACGTAAAATGGGCGAACAAGCATCTGGAGCGCGCCGACGAGTTGCTCAAAATCAAACAATATCAAGAAGCCGAAATTGCCATGAAAGAGGCAATTAGACTCGTGCCTAAAGATCCTAAGTATCACAACAAACTAGCCGAAGTTTATCAAGCTCGCGGCTGGTACACTCTGGCTATGACAGAAGTGCAGACTGCTCTTCGCATGGACCCACGCGATACGCAAGCGCGAAATTTAGAAACTCAGATAAAATCTAAAATAAAAGAGCAAGAAATTACCCGCGCCGACAATAAAGCAAAACAAACTCTGATGGGCAAAATCAAAGGTCTTTTCAGCAAGAAATGAAAAAATCAAGCTCGCCGAAATCTTTAGCGCTTGCATTGGCGATTTTTTCAATCGCGAGCCAGACTGCAGCACCTGCGTTAAGCGCACCAGAAAAAAATTCATTCACTACACCAAAAATAAAGTCAGACCTCAATTTGTTAAAGGGTTCAGTCGAAGTAGGAGCGCGTCCTTCGCCGTTCTTGTCTGGATCTGTACAGACTATTCCGGCAGAGACAACAATCAATTTAATTGTGCCGGATAACATGTATATAAATTCTGAAACCACACAAAAAGGCGATGAGTTGTGGTTCAAAGTGGGCCAAGACGTAAGCAATGGCTCGGGTCTTGGTATACCCGGCGGCTGGTATATGCGCGGACTTGTCACTAATTCACAAGGCAAAAAACGCTTTCACCGCGACGGTCATATGGAAATCGAATTCGACAAAATAGTGAGCCCTGACGGTCAGTACGAAATAGATTTTCCAGCCAAATATTCAAGCAAAGACGGCACCGTTAAAATGATCGCCAAACAAGTCGCTATAAGCAGCGCTTATATGGGAGCCGGAGCCGGAGCTGGGGCGTTACTTGCGTGGCAATTGACCGGCATTCAAACAACTATTGCCACTTATGGTATCAATATTGGTGCAGGCGCTGCAGTAGGCGCGGCTATTGGAGCCTTTGGTTTTGGCAAAAGCAAAGGCAAAGTGCGAAGTTTTAACTCGGACGACATGATTCAAATGCGTACAGCAGAGCCGATAACAACAGTGGCATTTAATCCCAATGAAGCACAATCGGCCAAGCCCGCCCCAAGACTGGCAGGACTTGAGCTTACAATCGATAAATATAAGTTTGTCAAAAATACTTGGGAAGATAAGTCGACCAAACTATTGGAAGTAGATATCAGTGTCGAGAATAACTCTGACCAGCCTTTCCATTTCTTCGACGTGGCAGCTGTTTCAGAAAACGGTCAGCGATGCCTACCTGTGCCGATGTCGACCAAGAGTGGGGTAGTTCCGCCTAAAAAATCAGGCAAAGCCCACTTCTTATTCTTTTCTAGCGGAACCAAGCAGAAGTACTTTTTACTTTTTAAAAGTAGAAGAACAGATAAGATCCTTTCCAAGGTTCCTATTAACTGATTGGTGAAATGACCAAATTAAGGAACTAGATTAAGTTTGAGAATTTATCTCATTGCATCTAGTAAAGATTACTAATTTGTACTAATATAACTGCACTGGTGGAACAGTGGCTGTTCTTCCAAGTATTTAAGGGAAAGCCATAATACACTTCCTGGCTCCATTTCGAACCCCCAAGTTCAGGTCGAGTCAACATCAAAAGAGACAAGCATTGCTCCACATGCTTGTGAGCTCGTTTTTAAACCTACCCCAAATCCCATTAAAAGCCAGCTCGGGAGAGACTAATGAAAGCCCATCTAACGCTTATGTGGCAAACAATTCACGGAAACGGATCTCAGGGACGTTATCGTAACGGCGAGCCTCAAGCATCTAATAATCAATTACAAACTCGCAATCTTCAGTTAGAACGTCTTCTAAAAGAGAAAGAACGCGAAATTGACAGGTTAAGACATCAACTGGCCAACTCAGAAGCAAGGCTACAAGAGCTTGTCGGAACTGACGTATTAACCGGACTTCCCAATCGTCACATATTCAAAGAACATCTTATTCACTCACTCAAGCGCGCTTTGCGTCTTGGTTATTCACTTTCACTTATGATTGTAGACATTGATCACCTGCGCGATATCAATCTTAAATACGGTCATGAAGTGGGCGACTTGGTCCTTATTGAAGTAGGCAAAATCGTCAAAAGTTCGGTGCGCGAAATTGACATGCCGGCACGTTGGGGTGGCGAAGAGTTAGTTGCTGTCCTGCACGAGACCGATGCTGAAGGGGCTGCAGTAGTTGCTGAGCGTGTGCGTCGGAGAGTTTCGATGCTCGAAGTAGAAGATCCCAAAACCGGCAATTTAGTCCGAGTTACAGCCACTGTGGCTGTTTCGAGCTATCCTGTGCACGGCAATGACCCTCAAGAATTACTTGAAGCGGCGAATAGCGCTCTGGTAAAAGCCAAAGAAAAGGGAGTGAACAAAGTTCACATCGCTCCCTGAGCCCCCTCTAAAGACTCAGAATCGACTTTTCTTAGCCTCGACCGGCTTTGACAGCAATCAACTGAACGTCAAACTTCAAAGTCGAATTTGGAGGAATGGCACCGGGCATTCCATTTGGGCCATAACCAAGATTTGGTGGAATGAGCAATACTCTTCTACCGCCTACTCGCATCGACATCACGCCTTCGTCCCAACCTTTAATCACTTGTCCATATCCAATAGTGAAAGAAAAAGGTTGACCTTTATCAACTGAGCTATCAAATTTTTGATTTGAAGGATGTAACCAACCTGTGTAATGCACAGTAACGGTTGCCCCTGGAGATGGCGAGGCGCCATTGCCAACTTTCATATCACGATAAACAAGACCGGATGGGGTTCTTACAGCTTGACCGCCCATCGTCTTTTTAGTGACTTCTTTTTCACCGACGAATTTTTTCTGGGCGTGAGCACCATAAGTACTTGATGCAAACAGGGTCAAAAGTGATACCACTGCAAGTGAAAATCGCGGCGAAAACATTTTCATGATTAAAAGAACTCCTTCTATTTCATAGGACATTATATCCAAATAGAAGGAGTACTATATTTTTATTTGTCTTGTAGGCAGATTAAGCTTCTAAGTGCGGGTCTGGAGTTGGTGGCCATACGCCGCCAAGAGCCTGTTGCGCCAATTTAGAAATTAATTTGTGAGTGGCTTTTTGTTTGGGCCACAATTCATCGCGAATTAAATTGCGATTCTCGCCTTTCATATCGCGAAGCTTCCATTCATAAGTATTGGAGCCGATATCCTCGCCTTCTTCTAAGGCTGAAATTATTGCTTTGTCTCCAGCGGTTCCGGCTGCAGATGTTACCATTTTGGCAAAACTGCCCCAGGGACCAGCGTCACAGATAGGCTCTCCGCCACTTTCAGAAATGGTGGAGCGCAATTTTTCTGCTCTAAAATTATGTGATTCGCGGCACTGTTGCAAAATATCCGCAACAGACGATTCGTTTACTTTGAAAAGAGCTGCGTCATAAGATTCTACAGCGCTGATTTCGCCCTTCAATAAAACATTGAGCAATTCGATTTCTGGTTCTTGCATTTGATGTTGCATTTCTAGGCCTCCTTAGCGTTGCATTTCGGTCTGAAAATTCTTGTTCATCGTTGACAAATCCTTTTCCGACGCGCACTCTTCCACTTTGGGATAAAGCTCTTCTTTGTCGAATCGCGCCAAATTATCAATTAGTTTGGACAAGCGCATCAACGTGTCTTCAAATCCAGGCTCATCAACGTGGATCATTACTAGTCCATCGATTATTTCTTTTATTTCTGCTTTTTTAGTGTTCCAGCGAGCCATGACCGATTCCATTTCGGGGTCATTTTCATTAAAGCGAGTGAGAAGCAGTGTCTCCACTCGTGTCATGTGTTTTTGCACAGCCTCAATTAGCCTTTTGACACTTTCAAAGACTCTATCTTGAGGCCAGTCGGCATAATGTTCGACGATTTCAGCCGCCAACTCTTTTACGCGTTTATCGTCATCTCTAAAATACTCAAATATGTTCATATCAGCCGCCTC
CP064963.1_gap98	4073007	4074959	1952	GTAAGCGTGCGACTGCAATTATCATGGACCCAAGCAATGGCGATATTCTAGCTTGGGCTAACTATCCGTCTTACGATCCAAATAACTACGCCAAATATCCTTTTTCAATTACCAAAAACTGGGGCATGGTCGACGTCTATCAACCCGGCTCCACCTTCAAAGTTCTCACTGTATCTGCTGGTCTTGAAACTAAAGCAATCAGTCCTAATTTCACTATTCATGACGGTGGTGCGCTCACCATCGGTAGAGCCACAATCCACAATAGTCATGGTGGCAATGGCACGATAGACTTATTGCATCTATTCATTCACTCCAGTAACATCGGCGCCGCTACAGTGGCTATGCGCATGTCGCCCGAACAGTTTTACAATAAACTAAAAGGCTTTGGTATGGGTGGCAAAACCGGTATCGAGCTTCAAGGCGAATCGCGCGGATTACTTTTGCGCTGGCAGAAATGGAAACAAATTGACCAAGCCACTACCGGATTTGGACAGGGCGCAATTGCTGTGACACCACTTCAGCTAATTGCTGGTATCAACACGGTGGCAAACAAAGGCGAATGGGTTCAGCCACATTTAATTAGACGAACATATGACCCACGCACAGGCGTTACCGAGAAATGGGCAGACCCCGAGCGTCGTCGAGTAATTAGCCCTGAAGTTGCAAAACTAGTCTCAGGCTTGCTTGCACAAAACATCCAGCAAGGATCTCAAATCGCAGGCAAAGTTCCCGGCTACAGAGTGGCTGGCAAAACTGGAACCGCACAAAAAGTGCGTGAAGGCGGAAGAGGCTATGTGGCTGGAGAAACAATTGCTTCGTTTATAGGATTTCTTCCCGCCGAAGATCCGCAATTGATTTGTCTGGTCGTTGTGGACGCTCCTCAAACAGACGGGCGCTGGGGAAACACAGTTGCCGGACCAGTCTTTAATGGCATCATGACTGAAGCGGCAAGACTGATGGCCATCACACCATCTTATGAGCTTAAGAAAATCAATGGAAAACTGGTCGACCCAGAAGGCAAAGTAGTACCGCCAGTGATTCCGCCATCTATAAAATACGCAGCCGAACTACCTAACTCAAAACCACTCTAGGCGAAGGCCTTAAATCCAATTGGCAGATTCTGTAGGTCCCAATCCTAATTACGAAGGCGACGAGCTCAAGAATCAAGAGAATGCTGAGCTTATAGAACAAGCTGTAAACGCGTCCGATTTGCCAGATGGACCTGGTTTACCTAAAGAACCTAAAGATCCCAAAAAGCCTGAACCTCCAAAAGAGCGACTCGGTAAAACTGTCGGCAAAGTCGCTTTTCTGAACATAATTTCCAAAGCTTTTGGACTGGCTCGAGACATAGTGGTGATGCAGACTTTTGGCACATCGCGCATCACCGACGCTTACTATTTTGCCTATATGTTCACCGGCAATATTTTTGTTTTGTTTGGTGGTCTTGGTGGACCGTTTCATCAAAACACAGTCACCGCCATAGGTGCGCTCGATGACAAAAAGAAAGTGTCTGTTCTAACTGGGCAAATTTTGCTCACTACTTTTGCTTTTCTTGGATTGATCTCGCTTTTAATTTATTTTCTTGCACCATTCATAGTATCAATTGTAGTTCCAGGCACTGGACTGCCCGAACCTGAACGTCTAAAGCTCTGGGATGAGGTGTTGATGCAGTTTCGCATCATGATTCCACTTGTTGTTCTTGCCGGACTAGTTGGTATTGGATGTGGCATCTCGAATACATATAACGAACATATTGGTCCATCGATTGGACCGGCGTTTGCGTCAGTGGCAATTATCATATTTCTCTGGCTCTTCCCTAATTCGACAGGATTCTATCTTGCGCTTGGCACCACAGTTGGAGCCTTTATGCAATTTGCTGTGCAGTGGTTTGGTATCAGTAAAGCCAATCCCGAATTCAAACTAGAATTCAAACTGGCTCCGGAAGTGAAAAA
CP064963.1_gap99	4079949	4082322	2373	AATCTATATCGAGCAAAGTCTGGGCAAAGCAAATTACCGAATCTAAAACTGGAGTAGATAGACCAGCTTTGCGAGCCAGTCCTTGAATAGGAACGTGAGAGCAGGAAACGTCTTCAATAATATAGCGATGATGCAATTCCATCGGCGCTTGACTGTATCTGTAGTTCGGCACCGTCCGCAGTGCGTTGTATAGAGACGAAGTGTCACAGCCATAATATCTGTTTAAAAGCTCTGGCATCGGTATAAGAGTGGTGCCGTAAGCTTCTGCCACTGAGCGAAATTCTGATTCGAGCTTTTCCATCAATTTAATAGTCCGCTCGGTAAAACCTTCGTGATAGAAAAGAAAAGGCTCTGCGCGATCTACTTTATTCATGTTGGCGAGCATTGTGATTGTATGTGCCACTGCACCAAAATCGGTCAGTCCGCGCTGAATGATGTTATCTGCTTGCTCAAGACGTGGAAAGAAACGTTGGATAATCTTGCGACCAGAAATAGTTTGACTAAGGGTAGGAGCAGAAAATAAAGTCCAATCTTTAAATCCACGAATCCAGACACAGCCATCTTCTTGTATGCGACAAGCAAATAGTGCGTCTGTTTCAATCACAGTTATATTGCGTCTTTTGCAATCAACTCCGCATTGAGCAAGCACATTTGAAAATTCGACTGAGCCTGCAAATTTGCTTGAGAATAAAACAATTTCCTGTCCATCTTTAAGATGTGGAGCGAGCATACGTGCGATGTCGGCATAAACTGTAGTTACGGTCGCTATAAAAATAGTGCGCGACTTTGCCACAGACTCTGCAGGCGATGTTGTGACTGAGGCTAATTCGAATTCGCCTTCGACTTTGCCTACACTTTTTACAGACATGTTTTCGGCCAGACTTGAGACTTTATCCAGAGAGCGTGCAAGCAAATGCACTGGATAGCCTTGCTGAGCCAAATAGCTCGATAATGCCAAACCCGAATTTCCAGAGCCAACTATGGCTACAGGATGATTGGCGGGAGAAAAAGACTTTTCTAAAACTGGCTCAAAAGTAGTAATGGAGCCGCTTGTGACAAGCTTCAGGGTGGGCGTGCTAAATGCCGGATTTAGATAAATGGACATAGCAGCAGGACCCCCGTGATTCGGTCATTAATCATACGAAAGGATCATGAAAAAATCATTAAATTCATCATTAAGAGATTCTTCTTTGACATCGGTTTGCCCCGGTAAGAGAGGTCTTCCGGATATCTACTCAGGCGCTGGCGCCTTCTCTTTGACATTCTATTAAGCGCACAAGAGATTCATCTCCTGACTTTAAACACAAATCCAAAGTCTCTTTGGCTTCCCTTTGATCGAGTCAATAAGCCAGGCTGTCATTTTTACTAAAGCTGTCGCCTTCTGCTGCGTAAGCTAAAAACAGGTCTATATCATTTAAATTCTCAGAGTCGGTCAATCCCCAGATTTCAGGCAAATTGTATTTGTCTTTTTTAAGTTCGATACTAGAACTAAATGCGGTGGCAATGGATTTTGCGACTTGGTTCTTTCATTATTTCTCTTTGATGGCGTCTGCCACTTCGGCAGCACCGCGCGCGCTGTCATAATAAACTTGAATCCACGGGTGACCCGATTCGTCATTACCCACGTATTTTGCCGGCTTCAATTTCCAACCATCAGGCATACCGACTAGTCCTTTGGAGAAAACCATTTCCTTCGCCCCGTTAAGTGTGAAAGGCTGGAAAGATCCTTCTGCCACCAAACCGCGATAGGTGTTTCCCTTGATTTCGAGGGTTCCTATATGAATGTAGCTAGAACCTGAAATCTTGTTGACTTCGTATAGTCCATTTGGCGGAGCGCCTTTAGCGGCTTGTTTGCTATCGCCAAGCGATGGAGCGGGGAAAATCGTAACAAGACCCAACACCAGAAAACTCAAGGCAAATGTGCCTTGAGCGCTGATTTTAGGTAGAAATGTCAGGTTTGATTTCATTGGTTCAGGCTCCTTAAGGGGTATTTTTCCAGGAGACTAATTTACCACCTGGGAGCCTGAAAAAAATTAGGCGGTCTTGCTTAAAAGGCGGCAACACCGGCTTCTGCGACTTTATGGTCTTGCTCGCCTGAGCCACCACTTACGCCAACAGCGCCAACGACTCTGCCATCTTTTTTGAGTGGAATGCCACCGGCAAAAATCATTACGCGACCATCGTTCGATGCGTTGATACCAAAAAATTGTCCGCCAGATTGACTATGATCAGCTAAATCTTTTGTAGCGATATCAAACGCGCGAGAAGTCCACGCCTTCTTGATTGAAATATCAATGCTGCCCATCCAGGCATTGTCCATTCGAACATGTGCCACCAGATTGCCACCACAATCGGCAACGGCAATATTCATTG
CP064963.1_gap100	4088413	4089133	720	CGCGAATAGTAAAATCTGATTGCGATCCTTTTATAGCGTTTTTAATTGGACTGTGCAGCGGAACTAAATCTGTTTTGCGCACCGTGATTTTGTCTGTGATTTTGAGCTTACCTTGATCGGCCAGGCGAAGTACCGCAATTGACAGCGGCATTTTGCAAACGCTTTGCATTGGAAATGGTTTGGTTTCATTTAATAAGTATTTCTTTTTAGTGGTGGCATCAACCACCGCAATTCCTACTTCGCCTTTGACTGAATCAAGATCTTTCTGATCAAGAAAAGACCAGGCGGGTGCGGCACTAGTGAAAAACACTGACCCAAACGTAAGTATAAGCATGCAATTATTCATATGAGTATGAAAACAAGGACTGTGCGAAAAGAAATTAGGTCGAATTCATTTTCGGAATTGAACTTTTTGAAGAGAGATGTCGTCTTACCTAATAGAGGCACCCCCAAGAGGAAATATTTATGAAATTTGCAAATATGTTGGCAGCATCCATGGTTTTAGCCGTGGCTGGTCTCTCTTTAGACATGCAGCCGGCGCATGCATGGAAGCATGGTGTCAACAATCGTCAACAGCGCCAACAGGCGAGAATTCAGAGAGGCGCACAGTACGGTTCATTGACTCCAGTTGAAGCTCGCCGACTGTCTAATCAGCAAAATGCCCTTGCAGCTCAAGAAGCGCGTTTTCGAGCAAGTGGCAATGGTCTCAATAGTTGGGAG
CP064963.1_gap101	4200637	4203031	2394	TGAGTCATTTAGAGTTTAAGTGAAATTGCCTGGCTAGCTTTAATAATAGCGATAATTGCACACATTAGCGATTCGCCAGCTATTGCGCCGGATGCGACAGGTATCAAATAGACATCTGCATTTTTTTGACGTAATTTAGTCCAGATTAAACCAAGTAGGGCGCCAACGAAAAATCCAAAGCTATTTGCAAAAACCATAACCCATGAAAGACCCAGACCCATGGCAGAGGGGAGAAATTTCTTTATGCTTTTTGGGGCGTACATATCGGCTATGGCTAGGGCTATACCAATGAATGCGCCAATTAAAATTCCCATTTGAGCTGAAGGAGGAATTACTTTACTCAGCTGGTCAGCACCTTGAGTGATGACCGAAAGTGCCTCAGCCATTGCTTTCCACATCATAGTGGAAGGTGGATGATAATAATTCTCCAGAACTTCTTTGTTGGGAACCATTGCAAACCAGGCTGGGACAATGGCAATAGTTCCGAAGAAAACTCCGATGAATTGAGCCCAGAATTGTTTTCTTGGATTAGCGCCTAACAGATATCCACTTTTCAAATCGGTTAATAAATCTGCTGAAGCAACTGCTGCATTGGCTGTGACACTGGCAGCCATTAAGTTTGTAGTGATATTGCTTGGAGCTAAAAATGCGTATGTAAGCTGAGTGATTTTGCCCATCGCACCAATAGGAGTGATATTTGTTTCGCCGGTTGCACGACAAGCTACAAGCGCCAGAACAAAGCTCATTACTACAGTGAGAATGCCTAGTGGAACCGAAATATTGAAAGCAATCACTTCGAGCACCACCATCAATATAGATGATGGAATGAGACCAATGATGAGCCATTTTATTGGTACTTCAATCTGGTCATTTTTTGCATTTGTTTCAGACTCACCCGCTTTGACGCTGCCGGCTGTTTGAAAGGCTCTGGCAATTGTTTTCCATTGCAGTGCAAAAGCCGCAAGTCCGTTTGCCACTAAAATAGATGTTCCAGTCCAGACTGCCCAGCGAAGAATCGTTCCTTCACTGGCTGTTTCGTGCATACTTATGATTGTGGGTGCGAAGAAAAAGTAAAGTAGAACCGAGCCCAAAAACATAGAAGCGCAGACACGCATGCCTATAATCATGCCAGCGCCGATCATAAGTAAACCAGGCTCAAAGCCAAATCCGGGCATTTTAGCTAAATCAGCGCCCCTGATTAACATACTGCTAAAGGGAATCATTTCTGGCAATTTTAAATGCATTGTTATCTGCCAGGCGAAATCGCCTTTGCTCAAAAATCCTGCTATCGCGCCTGCCACCATGGTGATGACTAGTGACCACGCCTTTTGCACTGCTTCTTTAGAATGACTGTAAAGACTGCGAAGAGTGGTGGCACAGGCAATACCATCTGGAAAAGCGAGGAACTCTCTATTTATAAGTTGGCGTTTTAATGGAACAGCAATAAACACTCCAAGACATGCTGTGGCAATGGTCCACCAGAAAACTATCCAACCATCCACATGCACTCCAGTTATTAAAAGATAAGCACCAAAAGCCATACCAATCGTAGAGCCGGTTGAATAGCCCGCAGCAGATGCAGTCGATTGCATGCAAGCATTTTCCAGAATACTCATTTGAGTCAATTTGGGCATGAGCACGCGCATACTGTTCCAAATGCAATATGACAAAACGCAGGCTGTAAGCGCTACTCCAAACGCCCATCCAAGTTTTAGTGTGGTATACAAGTTTGAAATAGACATAAGCATGCCTAAAAGTCCGCCCATGATAATGGCGCGCACTGTCAGTTGCGGAACATGATCGCCCTGATAAATCTTTTCCAACCAGATTTTATGACGAATATCTGGATCTTCTTCATTTTCAAAAGCAGCAATGTCACTTGCTTTTGTATCTTCATTCACTTGTGGGTCTTCCATTGTGCTCTTTATGTGCTCAATGAACAAAAAGTGCCAAAGAGGCCAAGGCGGGAGGCGTGTAGACAACTTCGCTCACTATGCACAAAAGGCAAGCCAGTACGATGGTCTCAGTAATTTCTTTGGAAGAACGAAGGCGCATAAATCTAAGATACTACATTTAAAGGCATGGCTGCCTGATATATTGAAATTTTGCGAACGGGAGCTGCAACGGGTGTTCTGTGGCTTTTCTTGGCTGCTTTCAGCTTTTTGAGCACAAAATTTAAGCGCTCTTCGGGGCTTGCTGCAGGCACTCGTACTACTTCTATTCCACGACGAGCATAAGCTGCTTCAAGCTGGTCTGTAATTTGCTGAGTGAATTCAAGACTTTCCCAGCGCACCGAATTAATTTCAAAAAATGACAATGGTTCGATTAGAAAAGCAAGTTCGTAGCGTTTGGGATCTATTGAATTGAAAATGGGAGGTACAGCCATTCCATCAA
CP064963.1_gap102	4248713	4252283	3570	ACCGCCCTGGCTTGTGGCAAGGACTGTATTCTTTTTGGCAATTTCAAAGGCTTCATCGAGTGAAACTAAGCCATTGTTTTGACGCAGAGCCGAAACCAGATTGGTTGAAAAAACATTTCCCCAGCTCATCTGGTCAGGCTGACTGGATGAGACTATGACAAAACCTGTTCCAGACACAAACTTGGTTGGGTCCACATTGAAATTTTTTGTCAGAGCTTTAGACCCGGCAGACAACTCCGCCGCTCCACTGTAACCTGATTGAAGTATAAGTACGATTCGCTCGGCCTTTACGTTCTTGCGCAAAACACCCATCAAATCTTTGATGGACACGCATGTTCCATAAATATTATCGAGTGCGCAGTTGTAACTACATAAGTAAGCGTCACCATCTGTGGTGGGAAAGCTACTTGTAGAAACAAACACAAGTACCAGGTCTTCTGGCTTTGCTAAAGAGCCTAGCCAACTTGAACCAAGCGTGCTCAGAATGTTTTCTCTTGTCGCTTTGGAGTTGTTTAGCACTCGCACATGTTTAGGAGAAAACCGTCCACCGTTTGGATCGAGCAAATATTTGTTGAATTCAACTGCCGCTTTTTCCATTTCGGGACTGTCTGGATTAAGACGCGATTCGGCAAATTGAGATACGCCCACTACTACAGCCCATTTTTGTCCGACTGGTTTTAAATCGGATTTTTTATTGGGGTCGAGGTCCTCAGTTTTGGTCCATTGAATTCCTGCCACACCAGGTTGTTGCTCAGCTGCGCTTGCACCAGGAATACTCAATGTCTGGCTTAGAGCAATGATACTTGCAAGTGCAACGCCTATTGTTTTGTTTGTCTTTAATTTCATTGTTCAGATTTCTCGATTTCGATTTATTGATGCAACAAAGCTACGTCTACAGCCATTACACCACCTGTATCCTCAAAGGTGAGGCGCACCTGACTGTTATGACCTTGCTGACGTGCCGCTGTTTGAGCTTTGACGTCGTCAGGCATCATAACAGGGTTTGGATCGTCCCAGGTCAATTGCAGACCGGTGCCAATTAGGTCTTTGGCTCCGTCTGAGTCGGCTGAAACAAAAGCTACTTTGTCTTTCATCGAGCGCTCTATTTGAGACAGCGAGACTTGTTTTTGTGAAAAGAAAATGCGAATCTTTTCTAGTCCTGGGTTTTTATCGAATGCTAACCAGTCATCATAGGGAAGTGGATAATCGATACCGCGACGCAGATAATTTTTGTCGCCCGTAGAAGCTGATGGAAAGAGAATAGCGCTGTTTCCAGTTGAGCCTTGTTTAAGCACTAGATAAGCGTAACCGTCGCTGTCGGGTGCAAGGTGAAATCTAATCGAGTCTCCAGATTTGAAAGACATTTTGTTGTTACAGCGAAATGTCTTTCCGTCGCGTCTTAGCTCAATCCAATATGTAAGAGCTTTTTTGGGACGATTGACCTTTTTGACTTCTGAAGTTGTGGTACCAGATGTGGTATTGGCGGCGACATTGCTTTTCAGGTTTGGAATGATATGTTTGGTGATCCAATTGGAAACGAAACCAAGGTCTTCGTTGTTGAACTGCCCATCTTCGAAGATTAAGTGTTCGGCAGTTTTGCTCAAAACAATTTGTCTGTCAGGAGTACCGATACTGCCAAATAATTTCCAGGTTCCAGCCGGTCTAACCAGTTTGTCGTTAGAGCCTTGAATGAAGAGAACTGGTGTAGTTTTGATGTTTGGAGCAAAGTTATAGCTGTTGTTCATGTAATCACGAAAAGCAATTAGCTCTTTGGGTTTTACATACGTTCTTGTTAGAGGATCTTTGAGCCAGGTATTTTGCAAATCTTTTTTCTTGGTGGCAGCTTTTACGATTGCCGGACCAACATCTATTGGAGCGTTGAATCCATGCAGTAAAACGTGTTTGACGATACCCATTTCAGAATTGGCTTTGTCATAACGATCGCCTGCAGGTACTGATGAAATCAAGCCGTTAACCATGTCTGGATAAGTGGCTGCCGTCTTCATGGCGATGGCACCTCCCATCGATTCTCCAAGCACAATGACTGGAACGCCAGGATTTAGACGTTTAATTTCTTTGAGTGTAAGACCGATGTCTTCCATGGTGCCTTCGAAATCAATTTCGTTTACACCTTTTTGCACCCAAGAACCAAATCCGCGCACATCGATGGCATAGACAGCAATATTGTTTTTGACCATTTCTCTGGCGAAGGCATCGTAAGTGCCTTTGTGCATTCCAAAGCCGTGAAGACAGAGCATAATTGCTTGTGGATTGCCTGCATTCCAAATCATGCACGGGATTTTTTGCGAAGCTGTAAGCTTTTTGGGGGCGCTTGGTTTGCCAAATAACGATTTTCCGCCATCTTCCTCGTCAAAATCGGATTCTGAGAACTCAACAATTTCTCCTTTGGCCCCATCAGAAGCTGCAAATGCACCCGCCATCAAGGGACCGCTTAATAGCAGAGTTGATGCAAGTAAGAAGGCAATGTTTTTTAGATTATTCATTTTGAGTACCAATGGGCGACGAATTGATTTCTTGTAGGTCGGGCTTTGTGCTTTGACCTTTAAACCAATTATTTTTAGGAAGAATCCTCATTTTACTGTACAAAGCTTTGCAGGGGCTTAAAAGCAGCAAGGCACTTAGAGAAAATAAAAACTGGTCCCTCAAACGAAGGACCAGCCTTAAATTTTGTTTGAAACCCCAAAACTAACGATAACAGCCGTTATTGCGGAATTTTTTGAAAACTACTTTGCCAGCACCTGGGGGATTATAAACCCAACCTTTGCCTGGACCACCTCGGCGCCCAGCTGGGTTGCGGTGCCAGAAGCGACCGTGTCCAACTCCACCTGATGGACCTGGAGGATTAATCTGTGCTCCATTATAAGGATAAGCCTCTGCTTCTTGACCACATATTGCGGCGCCCGCCGCCAAAGCCAGACCTATAATCATTGTTTTTACTATTTTCATTTTGAAGTCTCCCTCTCTTCGTTGGGTGTTGGTTCCTACTTGTTAAGACGACTAAAAGTAGTAAAGAGTTCAAACAAATCCAATTTAACTCTGAAATTTTAATAATGCCGCTTCAATAAATAGGTATATATAACCCTGATGGGGTGTTAACGCGAGGGGACATTAATGTCTGGACTAAAAAACTTACTTCTTAGTTTGAGTATTGTGGGCGGCTTAAGCGCATTGCCTGCTTATAGTCAGGTGGCTGGAGCCAACCAATCAATATTTAATGACGAAGAACAAATGATGGGCTTGAATCAAGCACAAGTTAGACAATACGAGCAGCAAAAAGTTCAGGCTGAAACCGAACTTTCAGAAGAGCAGAGAAAAAATGCTCCTTACAGACTTTTTGTTGAAAAGCAAATTTCAGTTTTGAGCGCTCCATCAAAAAATCCAAAAACAAACACTGCCAATGTGGCTAAGCTCAAGCAGCTCCAGGATTGGGTAAAGCGTGACAACGATTATATTGCCAGACAGCAGAGTTATATCAATCAGCTCACAGGCACAATTCAAAACTTGCAGCGTTCGCAAAGCACCCAGATAGGCAATTTGCAGAACGACATC
CP064963.1_gap103	4258890	4261573	2683	CGGTTGTGACCTCTCCATTTTGGATGGTCGTTTTGGCATTGGGATAACGCTTAGCGTCGCTGGGATTTTCAATAGTTACTACTGATTTTCCATCAACCATGCGGGTTGTTACGGTTGCACCCTGATCGAATTCTTTGTTGACTAACGGATAGTTAGCCGGGAGCAATCCCTTTATTTGATCTCGGGTACCCGGTGGGAAAACCTCAACCTTGGCACCTTTTAGATTTGCAGGTTCGCCTTTCCATGTATCACCGTACTGAGTTGTGACCTTCCCGTCAGCGCCTAAGGTTTGGGTGCGACCATCGGTGAATGTTCGGACAACTCCAGCTGCTGTAGTGCTTTCCTGATATTGCAAATCAGGAACTAATGTTGCCAACTTGCGAGCAGCAGCTTCAGGAGAATCTGAGCCTACAGCTTTGGCAAGATTCTGTTTGTTTATTCGATAGCCATTGCCAAGGTCGTTGACTCCATTTGTGCCGCTCCAGTTTTGCTGAAGTGTTTTAAGAGAAGAAAGCTGCTCGGGTGAAAGTTTGTGAGGGTTTGAACTATGCAGTGCCATCCTAAGATTGTTCTGGTCGACATAACCTCCCATTTTGTCTATAACTGATTGGTTTGTTCCTGGAACCTTATCCAACAGTGCCGCCGCAATCTTAAATTTAGGGTCTGTAGCACCATCTGTTCTGGCTCTTTGAGCGGCCGAATCACGAAAGGCTTTGATCTGAGCTGTTACATCTCCAGATTGGAGGACATCTCCATTCCCTCTCGCTTTAAGTTCGGCTAACAGTTGTGGATTTCTATCGAGCGCAGCAAGAAGTGCACGATCAAGAGCTCTTTGAGGGTCCGCTTTGACATCAGCACCTGGTGCGACTAACTGATCAGCCGCTTTGGCGCGAAATGCATTCAGGTCTACCGGTCCACCCATCGCGTCTTGATTCATTCTAGTCAGAGCTACGTATGGCAACAGACCAGACCTTTCCAGGTTACTTACCAACTGACTTGCAGTGGCATTTACGTCGGCAGTACTACCTATAAGAGGTATTGCATCTTGCAGGAATTTGGTAGCGGGAGCCGTATCCAACGTTTGCGTCGAATCCGCCACATCAGCCTTAAGGTTCTCTACCGGCTTATCCGTCTCTCCAGCCATCTCAAATCCCTCCCGGGCGTGTGTTCACATTACTTGGTAATAAGATTGACCTGTAAAAAGTCCAAGAAACCAACTGCATAGGCTTTTTATTCCCTTTGGGCTTACATTGCAAACCGATAGACATGCGCTGGTGCACCTTTTGACAGTTGTATGGAACAATTATGCGAATTACTTGGCAAGGTGTCACTGGGGAAACTACGTAGTAGACCGGAAAATGTTGTCTACAATACAAGTTGCCAAGAGGGCGCTCGGCGCAGATTAAATTCTTGCATCAGCATATAAAGGATATATAGATATAAGACGCGCGCGACTAAAGACCGTTTTTCTTGATTGCTTCTGCACGCTCAATTATCTCGTGGGCTTCAAGCAAAACCAAAGCTTCGTTAATCGAATCTACTCCCGCTTCGTTTTCGTTGCTGTGAGTGGCGTAGACAGGTTGAAGAGCCAGGTTTTGAAATGCCATACCAATCTCTTCGGCTGTTGCTAAAACGAAATTTTCCATTTGATTGCGCGTTGCTTTTATAGAAATTGCAAGGTCAACCGCTGCCGAATTATTGACGAGCGCCTTAACAGATTCGGAAAGAGAAACACCCTGAGTCAGTTTGCTCGTTAGATTTTTGACTTTGTCTGTGATTCTAGAGGCTGCTGTGCTGAATTTCTTTTTCATTTCTACTTGAATTAATTCATTCAATACTGCATTTAAAAATTCAGGCGCTTCTGGTTGGCCGCCATACTTTTCGCCAGTCGATTGCACCACTTGTTTGATTTCATCAGGTGTTAGATTTTTGAAAGTGGTGGCAAGTTTAGATGTGACTATGTCGCAAGTCGCGTTCCAGGCTGAGGCTTTGTGTAAGACTTGAGTTACTGAATTTAGTGGCAAGTCCATTGCCATTTCAAATGCGGCTTCTCTCAAATCACTGTTCGAACAAAGAGCAGCAATCATTGGACGCAAGCTCGCAGAAGATGAGGCAGGGCTTTGCAAGAAAATTTTCAAGTCTTCTTGTGCCAGACTTTTTTCTAGAGCGTGATCTGTTTGTGCTCGCTTAATTATCGATTTAAGTGTTGCTACCAGGTCGAAGTCTTCGTCTATATCGACTTTGAAAGATACTAAACCGTCTTGTTCTTTTTGTTGAGTCCAGGTGCTTGAAGGAATGTAAGCGACAATTTCTGCATCGTCTTTTTCGAATTTTACGACCAGACTTCCTGAATTCAAAAGTGCACTACCAAGAAGTATTTTGTTGAGCGAAACAACATTTTCATCGTCGCAAACGCGTACATCTATATGGCGACCGTTTACAACCAAATCGTTCACGCCAAGAGTGCTTGCTAAAGATTGAATGTGACTGAGTGATTCCCATTGTTCACATACTACGTTTAACTTAGGATCGAGTTCAGATACTATGGCTTCGGCGCTGAGCAATGCAAGGTCGAGTTTCTGGTTGACTCCCTGCACCATAGCGTTGCTCGAGGAGAGAATCTCCATTTCTTTGGTCAGCGCGATTTTTCTTTCGGTTGCCATCTTCTACCTCGTTACCGCCC
CP064963.1_gap104	4411592	4414706	3114	ATTACCTTTCTCGTCTGGGACTGGCTGAGGCGGATGCGGTTTCGGGATTGAAAAAAGTTGCTCGCGCTGCTGGCTGGTGGTGGCCCTATAAAAACCTATGCATATTGACTGAGCGACCCAAACAACTGAACCGTGAAAATAGACTTTACTTGCACAGTGAAAGCGGCGCGGCCATTGAATATCCTGATGGCTGGGGCATTTACTCTTACCGCGGCATAGTTGTTCCTGAATATGTCATCAACCTATCTGAACCGATATCGGTAGAGATGATTGAAGCAGAGCCCAATGTAGAGGTGCGTCGCGTTTTAATTGAACGCTTTGGGCTTGAAAATTATTTAAAAACCGGCAATTTAGTCAAAATACATCAAGACGACTGCGGCATCTTGTATCGGATGAACTTGCAAGGTGATGAGCCGATGCTTGTTGTTCGGGTTATTAATTCCACGCCAGAGCCTGACGGAACACGTAAAAATTATTTTCTTCGAGTGCCACCAAATATGATGCGGGCACGTCAAGCGGTGGCTTGGACTTTTGGCTTGACCGAAGATGAATATCACCCTTTGCAAGAAACTTAAAATTAACCAAGCGCTTGACTAATTTTGAACGTAATCCGATATCGGTTTACGTTCAAAAATGCATCTCAAATTTTCCAAGGTGTCGCCTATTTTGACGGTTTGCCAGGTGCTGTTAGAGAAGCGGGCAGCGGATCGTCATGAATATATCGAGCAGGTGTGTCGGGAGTATTGAAGACATTTTCTTTCAGCAATTCAAACATGTCTGGATTAATCTTCAAATCGCCACTAAATGGCGTGCTGTAGACCGCAAGGAGCCACATATTCAATCCCAGGGTAGCAGCTACTAGCGAGGTCATTAACGCCTGAATTGCTGCCCATTTGGAAGAAAAAACGAAAGTAAAGCCAATAGTGATAAATGCACCTATACCAAGCACAATCCACAAGGTTGTGGAGGGTCCAGTTTTGGCTATCAAGATGCGTGTGCGTCTGTTCATCCCCACATCTTCCATTGCCTGAACTGCAGCTGCATGAAGATTGATTTGTCGCTCATTTAATGGGTTTACAGAAACAACTGCTTCCCATAGTTTTTGATAGGCTTGCCAGTTGTGGTTGATTTTACCCCGAGATTCCATAATGGGCCATTCAATTGTCACCACTTCATTTGAATAATCACGACAGAGGTTACGCAATCTGAGTCGGTCTTCTTGTTCAAGACCGCGAGCTAGTCTGAAGATATTTGCTACTCCATTGGCTTCCATTTCTGTGTGCATTTTGGCTTCAGCATATTTTTCCATGGCGCCTGCAACTAGAAAGCCTAGAAGTACAGAGTAAAGAGTGCCAACAACACCAAGCATAGCTTCGGCTGGTCCGTGATGTTCGACCAGTGAATCTTCCTTGACGAACAACCGAAAAACAATTTGACCACTAATAGCCACTCCGACGAGGACGGTGACCAAAATAACTGCGCTTGCAATTGTGTTCATTAATCTGTCCTAGCCAAGGTGGTTGAAGCCAATTTCGGGGAATATTTTTGTCCATGATAGTATGGTTAAAGATTAAATGATAGGTGCCCCCAGGCAATATTCAGGCTACCCGAGTATTTTAGGTGAGGTCCGATAATGCGCATAGTGAGGATACTTTCCATCGATGCAGGCGGTGTGCGCGCTATTGTTCCGTCAGTTGTTTTAAGCCAAATGGAGCGTCAGGCTGGCAAGCCGATTAGTGAGCTTTTTGATTTGATTGTAGGCACTTCAACTGGTGGCTTGCTTGCATTATGTTTGACTAAACCTAGCTCAACCAGTTCGCTCACTCCCCAATTCTCTGCATCGGATATGGTGCGTTTTTTCGAAGACAACGCACGCAGTATTTTTCCGCAAAACAGTTTTATGGACGGGTGGCTTCGTCCCAAATATGACAGAAAGAGTTTGGATAGATCGTTAGATGAGTTGTTGGGTGACTTTCGATTGAAACAAAGTCTAACCAAAATAGCAGTCACCGGATATGATACCGAACTGAAATCACCGACCATGTTCAAAAGCTGGTTGGCAAAAAATCATGAAGAGTTCGATTTGGCAGCAAGAGACGTTGCACGCGCTGCTTGTTCAATTCCAACTTATTTTGAACCAGTTAATTTGAATAAAAATGAACATTTTAAATCGATGGTTGATGGCATGATATTTGCAAGCAATCCTGCTCTGACAGCTTATTGCGAGGCATCATCCATTTTCGGAAATGAACCGTGTGATTACATGCTCGTCTCTCTTGGGACCGGCCGATGTTCCAGAGGGCTTGCTTATGACAGTATTCGCACTTGGGGACAGTTTCATTGGATGAAAGAAATTGTGAGCGTTTACGCCGATAGTAATATTGACGCTATCGATCAGCAAATGCATTCGGTTTTGCCTATTGCCACCGATGGGCGGCAGCGATATTTTCGAATACAACAAAATATCCACGATGAAAACATTGGTACTATGGACAATGCCTCAGAAAAAAACATTTTGGGATTGAAAAATTTCGCTCAAGAGATGATTGCTGACCCAGTTATCAATGACACTTTAGATAGACTTTTGTATCAATTGCATATTTTAGCCTCTGCAGGGTCCAAAAGGCAGCTGCCGCGAGCACGTAAGAGTAGTACATTTACGAAGTTGCAAGCACTATCAACTGCCACTGCGACATCGGATGTGATACCAACCGTTTCGGAAAGACCACCGGTTGCGGTGGCTGAGGCTAGCCTTATTTCCAAATATGATTCAGAAGCTACGGTGCCGCCTGCCTCTTTCAGCAGCGGAGAATCTCAGTTGCCATTGCGCGGTTTGAATTTAGTTTATTCCTCGCCAATACCAGGTCCTGAATTTTTATCTAAAGCGTTTCTAGTCTTTTGTGATGACAACAAAGAAATCGGAGCTTGCAATCTTATTCACTCGCTTAATGAAGCCAAAATTGCCACCATATATAATGACACCTCGCTGAATAAAGATAATATGTGCTGGCTGGTGGATAGAGCAAAAGGACTTGCCGACTGTATTGTTTTTTTAGTTACGCCAGACTTTGTGCGACAAATTATTGATAATCGAATTATTCAATGGTTGCAAAA
CP064963.1_gap105	4416752	4417845	1093	CTTTTTCAGTTTGTCACAGAGTCTTGTGTTTTGATGATGTAAGAGCAGTCGCATCGACTAAGCCATATTCGAAATCTTTCCAGTGTCGTCTACTTTTATTTCGCAAGCAGAAGGACGCTTGGGCAGACCCGGCATGGCCATTAATTCTCCGGTTAATGCCACCACGAATCCTGCACCAGCAGAAAGTTTGAATTCTCTTACTTCAATTTTAAAATCTTTTGGTGCATTCAATAAGTTTGGATTGTCACTAAAAGAATATTGAGTCTTAGAAACGCAAACCGGCAATAAATCAAAACCGTGCTTTTTCAGCCATTCAAGCTGTTTTTGAGCCTTTGGCATATAGACAACGCCATTTCCTCCATATACATTCTTCACTAGCAATTCGAGCTTTTCTTGAATCGGTGCATTGTAATCATAAAATGGTTTGAAAAGACCAGGATTTTCTAACTCTTTCAAAACTAGGACGCCTAAGTCTTTTAGACCCTCCCCGCCTTGGTCGAATGGATTACCAATGGCTGCAGGCCAGGCGTTATCTTTGCAGAAATCCAAAATTGCATTAGTTTCACTTTCAGTATCTGTTGCAAACCTGTTTATGCCGATGACAAATGGTAGACCAGATTTTTTCACAATCGCAACATGTCTTTCGAGATTTGAAAGTCCCAACTTAAGCGCGTCTACATTTTCTTTATCTAGTTCCTTTGCGTTGGCGCCGCCATGTAACTTTAGTGCTCGAGCGGTTGTTACCAACACAACAGCGTCGGGAGTCAGTTCTTTTTGTCTTGGGGCTGCAACAATATCGCAAAACTTTTCAAATCCTAGGTCCGCGCCAAAGCCGCATTCAGTCACCACTATATCTGCAAGCCTGCGAGCCACTTTGCTAGCAATCAAGCTAGATGTACCATGTGCGATATTTCCAAATGGACCACCATGTAGAAAAGCTGGTGTACCTTCAATAGTTTGGACCAAATTAGGTTTAATGGCATGAGCCAAAATCGCCAGTAATGCATCGACTATATCAAGATCGTAAACCGATATCGGATTACCTTCTAAACTCATGCCAACAATAATTTTTCCAAGTCGCGATCTCAATTCG
CP064963.1_gap106	4424780	4429111	4331	CTTCAATTATCCAGGATATGATGAAGCGCGAAGGTTCGATTTGTTTGCTCGCTCGCAGACCAGGCGGTACTGATTACAGCAAGAAAGAAGCAGCCACTCGTCGAATTCACAAATTGACCCTTAGCGAAGCACATTTCATTTTTCTTGAAGTAGAACTTTCAGACCCTTCTGAATTTGCGGAGGATTGTTTAGATGTTCAAGGTCGAATTGTTGATGGGCATTGTGTCTTGTATTGTCAAAGCCCGGCAATTCCAAATGCAATTGCTGCCGTGTTGTTGCATCTGCGCGACAAAACTCAGGCACTTCCACGTGCTTATTTCGGCTGGACTGAGGGCAGTCCGCTTTCTTATGTATTTAAATATATCTTTCTAGGCGAAGGCGAAACAGCTCCTGTAACTCGGGAAGTTTTGCGAATAGCTGAACCAGACCCGCTTAAGCGACCTGAAGTGATAGTAGGCTGATTGTCCAAACAGAAACTGGATTAAATTTGTTGCTTGCATTGAACTTTTTTGCACTCAAAGTCGTCTATCTTAGTGTGAGGGGATTTCGTCAAGGACTTGCCAATTACTATGCAAAAAAAAGTCATTTCCGCCCTGCTTGCCATTTCGTTTTTGACTTTTGGCTTTGAAGCTAATGCTCTGCCTCAAAAGTCTGAAACCCAGTCGGATTCTGAAAAAATACAACATTTGCTCAATCGCATAACCTTTGGCAAAACGTATTCCGATATCGGATTAGTTTCAAAAATGGGAATCGAAAATTACATAAAATCTCAACTTCATCCCCAGGATCTTGTCGTTTCAGAGGATTTGATCGAATTGTCTAAGGCTGAAGCATTGCAAGCAAGTCCTTCTCAATTATTTATTAAATATGGTCGACCAGCAATTAAGGCGGCTGTTCAGAACCAGAACCAGAACCAGAATCAGAACCAAAGTTTGAAGGGTAACAAAGCCAAAGTAACGGAGCAAAACAAAAAGCAGTTCAACAAAATTGCGAGAGAGGCGAATCAAGTAATTTATGGAGATACAGCTTTAAACAGAATAGCAAGAGCTGTCGAAAGTCCAAGACAATTGGAAGAGGTGATGACTGATTTTTGGTTCAATCATTTCAACGTTTCTTCTGACAAAGGTTTAGACAAAATCTGGATTGGCGCCTACGAAGAAAAAGCCATTCGCCCATATGTGCTTGGAAGATTTAGAGATTTGTTGGGTGCAACAGCCCATCATGCTGCCATGCTCTTCTATTTGGACAACTGGCAAAATAGTGCACCACAAGCGGTTGAGCAAAACATTCAAGCAAATAACAAAAAGAAGAATAATAAAGGCATAAATGAAAATTACGCCCGCGAGCTTATGGAGTTGCACACACTTGGAGTTGATGGCGGATACACTCAAAAAGATGTAACTGAGCTTGCTCGAGTTTTGACTGGTTTGGGCACCCCAAATAGAGGCTCTATGATGGGCAAACTAAATAGACAAATGAAAAACGCAGTGGATCGCAATCCTTCTATGAAAAACAGGTTCGTTAGAAATTACGGTCAATTCGTTTCTGCCGACATGTTGCCTGGTGACAGTATGCTTGGATCTTATTTCGATGAGAGAAGACATGATTTTGGCAACAAAGTAATTATGAAAGTCACTATAAAAGGAGAAGGCGAAAAGGAAATTGAGCAAGTGTTGGATCTGCTTGCGAAGCACCCTTCCACAGCTAAGCATATAAGTTATAAGCTGGCACAATATTTTGTCTGTGATAAACCGCCACAAAGTCTTGTTGAAAATCTAAGTCAGATTTATTTAAAATCAGACGGAAACATCGCAACAGTATTGGATGCATTGTTTCACTCCAATGAGTTTTGGGACGTGAAAAATCAGAATGCTAAGTTCAAATCGCCATATAGATTTTTAATTTCGACTCTGCGTGCGACGGACACACGAGTGGAAGACGTTCAACCAGCTGTAAATTATTTGCGACAAGCAGGTATGCCTTTATATAAATGTCTTACTCCAGACGGATATAAAAACACCCAAGAAGCCTGGCTCAATCCAGATAATCTTGTAAACAGGTTAAACTTTGTCACCGCTTTTAGTTCCGGACGGCTCAAAGGAATGCAACCACAAATCAAAGAGCCAGAACTCATTGCATATTCAATTCCCGGCAAATTGAGCGAAAAAACTAGTAACGCAATTAAAAAAGCACCACCCGCGATGCAAATGCCATTGCTTTTAGGATCGCCTGAGTTCATGAAATATTGATAGTGAGTGAGGTCTAATTATGAATCGTCGTGAATTTCTAAAATCTGCTGCTTTAGCCTCCTGCTCACTCATGGCTCCAGGAATGGAAGCTTGGGCGCTTGAGTCCAAGTCTGCAATGAAAAGCGGAAGCAAGCTTGTGGTGGTCTTTTTGCGAGGAGCGATAGACGGATTATCTGTCCTGCCTCCAATAGCTGATTCGCGATACTATTCACTGAGACCAAGAATTGCCATTCCCGGGTCGCAAAGTGAAAATGGTGCATTATATTTAGATGGACATTTTGGTATGCATCCTGCATTGGCGCCAATCATGCCACTTTGGAAAAGCAAAAAACTGGCATTCGTTTTAAACGCAGGTTCGCCCAATCCTACAAGGTCACATTTCGATGCACAAGACTACATGGAATCTGGAGTGCCTGGAAGCAAGAGTGTAAGCACTGGTTGGCTCAATCGATTATTGTCTCAACTTCCAACAAACGATTCTCCGGTTCGAGCAATTAACATCGGTGCCACCACGCCTCGCATATTATCTGGTCCTGTTGCTGTTGCCACTTATGCACCAACTGCCAAACGAAGAATGGCTCCTTTAGACCAACCGCAGGTTTCGGCTGCGTTTTCTGACATGTATTCGGGACGCAACGATATATTAGGTAAAACTTTCGAACAGGGAATGGCTGCACGTGGCGAATTTAATCAAGCCTTCGAAAATTCAGCCATGCAAGAAATGGTGGCAGCTGATGGTGGCGCCCTCCCCGCAAATAAATTTAACGGATTTGGGCGTCAATTGGGCAGACTAATGAAAGAAGAGCCGAAAGTGCAGGTAGCATTTCTTGCTCTTGGCGGCTTTGATACGCACGTAAATCAAGGTGCAAGTCAGGGACAATTGTCAAATCAATTAAGTACAGTTGCAAAAGGATTATCGGAGCTTACAGCAGCTCTTGATACTGCCTTTAATAACACAATGATTGTGGTGGTTTCCGAATTTGGACGCACCGTGAAAGAGAATGGAAACGGTGGCACAGATCATGGACATGGCAATCTCATTTGGTTAATGGGCAATAGAGTAAACGGTGGCAAACTCTACGGTAACTGGAGCGGACTGGATCAGAACTCTTTGTTTGAAGGGCGAGATTTGCCTGTGATGACCGATTTTCGAAATGTGCTTGCATCGGGCATCGGCAACCATATGGGGCTTGCTGCCAAACAAAAAGAAATCGTTTTTCCAGGCTACCAGCCTAATGATAAGACAGTAACTGGAATTTTTGCCTGATACCGCTCTGGGGTAAACCCTATTTGCATTTTTTTTCTCCGGCTCTAATCTACTAGAACCCTTACTACGTTTCGCCCTCAGGTTGCCTTCTTTCGTTGAGGCAAGTTGTTTTTGCCGGAGAAAAATCTATGAATACTTGCGAATCACAAGGCGCTCAAACGCCACCAGAAAATCTAGAGAATCAAAATAAAGGAACTATTCCATTGATTGGATTTCCTCAGCACGTGCACATCTATCATCATCACGATTACTCTGGTAGAGAGGCTGATACACAAAAAGAAAGCGAAAAAAACAAAAATAAGAATAAGGACAACGACCAAAATAAACTTGAAGACGCGCGCAAATCGCTCACTTCCATAAATAGTACAGTTATGTCGACTGTTGAAGCTTTGCAGCAGCTGATGCGCAAACATGTCAATTTAAAAAAGACTGAGACTAAAAATAAGCAAGAATCCACTAATTGGACAGATGATCCAAACGAAATTGATGAGCCAGCTCCGCCAGTAAAGAAAATCTGGCACGGATTGGATGGCGTGGCGGTAATGTCTTTTGGTGTTGCCATTCCGACTTTGATGATCGCTCTTATGACAATGACATGTTGTCAGCGCATGACACTTATGTTGTTGAATAATCCACTTGAGACCATGCTTGAACTGTTAATGGTGGCAATGATACCTTTTGCCATTTTGAATTGCTGGAAGTTTTATTGTAAAAATAACTACCACTTCAATATATTGCGTGGTTCATTACTAGGCGTAGCCATAGCTTCAAGTGCTATAACTGCACTTGTAAGCGGGGCAGCTTTATTTGTAGGA
CP064963.1_gap107	4439851	4443842	3991	ATTTGCCACCTAATTCAAGAGTGACTTTTTTCAAGTTACCCAGAGCAGCTTGAGCGATGGCTTTACCCGTACGAACTGATCCTGTGAAAGCAACTTTGTCTACCAATTTGCTTTCTGACAAAGGCGCGCCAGCTGTTTTGCCATCTCCTAGAACGATATTCAAAACACCAGAAGGAAGTCCACATTCGTGCATTAATTCAACTAGACGAATAGTGGAAAGAGGCGTGTATTCACTTGGTTTCAAGACGACTGTGTTGCCTGCACCAAGAGATGGAGCGAATTTCCAGCAAGCCATGAGCATTGGAAAATTCCAGGGAACGATTTGTCCGCATACACCAATCGGTTCGCGAACTACTGTTGTTTCTGAATTGGCTGGAACTGGAACGTGTTGTCCGTTTGGTTTGGTGATGAGTCCTGCATAGTAGCGGAAGCAGTTGGCGGCATCTGAAACGTCGTACTGAGCTTCGCGCAATGGTTTGCCCTGGTTCAGTGATTCAAGCTCGGCTAATTCTTCTTGGTGTTCTTCGATTTTGTCAGCAATAGCAAACAATACTTTGGCGCGATCGTAAGCGGTCATTCTAGGCCATGGACCTTCGTCAAAAGCTTTGCGTGCGACTTTGATAGCTTTCTCGACCATTTTGGTGTCTGCTTCTGAAACTTTGCAAAGAGGGCTTCCATCGGCAGGATTGTAGAGTTGACGCTCGGTTGCGCCTTTTTCTGCTTTTCCATCTATAAATGATTGCCATTGACGGTCAACATTGACCTTCGATTTAGCGACAGTACTTACCATTGAGATTAAATCCCCCTTTGAAATAAGGTTTGGAACAAGGATTGAAACAGGGCTGGAGCCGAGTTCCATCATATATGTGATAAATAGTAACATCTCTGTTATGCTGAAAATTAGTCGTTTCTAATACGTTCCTTATATATAGTGGATTGGTCGGTATGAAAAATGGAACTCAATGGGATCTATCTGGGCTTCAGCACAGTTTTGTCGTCCAGGGTTTGCGCTATTTAATTGGCGGATTTTTTCTACTTGCCATTCCATTTTGGACTTATGCTCGCGCCGCTACTATTCAATTCAGCTTTGCAGGCGGAGCACTTGACGCACAGATATTGATTTTGCTCGTTTACATGCTCGTTTGTGTTCATGGCATTCTTTTCGCCACGCTTGGACCTTTAATTTTGGCTGGTGGACTTGCGTATGTTAAACGTGCACAGATGCTAATCAACTCGAGTGCGCCTGCTAAGGTCTTGTTAGACTTAAAAATGCGCCAGAGCAAACTGAGTTTAAATGGTGGCACACTCTTAGACGGCACTGTCACTTACGATGATGGCAGCCAGGAAAGTTTCAAGCTCGTCTGTCGCCATAAGCCAATGGAGCTGCGCAATTTGATTGCTCAAAGCACGCAGGTGGACATGTACGGCGAGCCAAAGTCTAATCCAAAGCCAAGAGTGTTCGATACACCTTGCGGCTTATTGCTCGAACAACCAAACGAACTAGGTTTAATGCAATCTATCTTTGGATTTAGCGATAAAACAAAATTTTTAGAGCGTCGCGTAAAAGGAAAAGTGACGTCGCTTGCAATAATGACTTTTGTATATCTTGTGTTCTTGTCGCCGATTAGTTTAAACCTGGGCATGTTCCCAGCGCATGCCAAGCCGATTCTGTCTATTACTGTCATTGCATCGCTTGTGTTTTTGTTGGCGGATTTTTTAGAAAGTATGAAATTAGCTCGTATGAAAGAATCGCTTCAAAAAGTCGATTGTCAGTTCACTTTGCTCAAACGTGGCATTCTGGGATTCTTAAATCCTAAAATTTCCAAAGTCAATGTCATTTTTAAAGATGACCGAGAATCATTGCAATCAATTCTATTGCTTGAATCATTCAACAAAGTTCCTGATGGCGAGCCCGTTTATGGAAGTGCATATATCGACGATTCAGGACGGGTGGTTGGTATTGTTAATGGTGCCACCAGTTTGGTTAAATCGAAAGTGGCAAGCTGGGCAATTGCGCCGGTGGTGTTATATTTGGTGACAATGCCTTTCTGTATTTCATCCATGCAGCCGGATATAACGAAACAGCACAAATTCAACAATGGCAACGAATACTATCAGCAAGGTGTTTTATATAAAGCTTATGGGTGGACCGAGAAAGCAAGAGAAGCCATGATTGAAGCGCAGCGCTTCGAGCCTAATACAGCCAAGAAGGCTCAAATTTATATTCGCACTCATCTGCCTTTGAATCCAGTTTCAAAAGATGCTGAGCGAATGAACATCAAAGGATACAATTTAATGGCTTCGCGTAAAACGAAAGAGGCAATCGAAGCTTTCAAAAATTGTATGGCAAAATACCCTGAGTTCGAGTGGCCTTATGGAAATTTGGGTTCGCTCTACATAAAACTTGGAGAATTTGATCAAGCCAGAATCTATCTCGATAAGGCAATTGCAATCAATCCTGACTATGTAAACGCGCTTCGACACCTGGCTGAGCTTGAGCTTCGTCAAGGACACCGAAAAGAGGCTCTTATGTATCTGGATAAAATTTCAGCACTGGATAATGGCGATTTTAATCAGTCTGGTGTCGAGATACAGAAATTTGCTATCAAAGCATCTCTTTAGTATCGCTTTCTTGATCTGAATTTAGGTGTTTGAACATTACAAAAGCATCCACCGCTCCAAGCATGCTGTGGTCAAAGACCTGAGGAAGTGTGCCTACGATATTAAAACCAAGGCTTTTCCAGAGATTGACGGCTGGTGTGTTGGTTGCAATTACATAATTGAACTGCATCGATTTATAACCTGCATCTTTTGCAATTTCAAAAGAATGAATGCCCAATTGTCTGCCAAGACCACAGCCTCGGGCATGTTTTGCCACCATATAAGTAGCAGTTGCTACATGAGCACCCCTTCCTGGCCATTGAGGCTTGATCAAGTAAGCACCACCTATGGTGTTTGATTCGACGTCGAATGCGACGTGGCTGATGCTATCTTGTTGATGCCAAATTTGCTTAAATTTTTCAAGGCTGGTATCGGCAGGATAAGGAAACGAGTCGCCTTGCGCATTTATCTCTAAAAATATTCTGTGCAGTGAGGCGAAGTCTTCTTCAGTTTTGGAGAATGGCACAATTTTAAATGACATTTTATAACTGACCAAAAAGTAAGTTATCCAGACCGCGAACCAGTCCTTTTGTTTTGGTGACCATACGCGCAGCTAAAAGAGTTCCGTCCACATAAGGCCTGGCGCTTGAACCTGCGTCGTGTCTAATTGTAAGTCTTTCGTCGGGTAGTCCAAAAATTGATTCGAAAGATAATACAAATCCAGGCAAGCGCAAACTGTGAACTGGAGTCCCTTTTATTTGAGCGCCGCGAGCTTCTTTGTAGCCGGCGGTTTCATCTACAGAGATAGCCATTTTGTTTATTTGTACTTGCGATAATTCTTCTGCCAGTTCGCGCGCGGTTCCGCTGGGTGCATCGATTTTTTCAGCGTGCGAATAATCAATCACTTCAAAATGAGGAATGTGATTTGCTGCCATGAGCGAAAAACGCTTGGCTAGGGCCGCTGTGATGGAAAAATTGCCACTTGCTATCACTCCTAGATCTTTTTTGCGGGCTTTTTTTTCTATCTCCTCGAAATCTTCACTTGAAAGTCCTGAACTTCCCACCACCACATTTACGTTTCTATCGAGTGCCTGGTGCACGTGATCTTTGATTGAAAGAGCGCTTGTATAGTCAATTAAGACATCAACTGGATCTAGATTCAGAGCTTCTTCGACAGTGGCATAGACCGATGCGTGTTCGAATTTTTGACCTGCACTTTTGCGTGAAACTGCACTTGCAAGCTCAAAGTCGCGCGATAAAATCACTGCTTTTCCGATTTCACTTCCTGTCCATCCGGTGATTCCGGCAATGCAAAGGCGAATTTTATTCTCTGTCATTTTAGCTCTTGTATTCTTGGTCCAGTTTAGTTATTTCGTCTTGACGCCCTAAT
CP064963.1_gap108	4448354	4451395	3041	ATGTTTATTACAACGACCAGCCTGTAGCAACAGCCGATCAGTATTATTCGCAAGCTCAGACTTTGGCTACTCAAGGACCGACCGCAACAAATTATACAAGTCCGATGCTTACGTCGGGTTCTGGAGCGGTAGCGCCAGCGGTACCAGCTGACTTTAATCCTAAAACTACAGCCAAACTTGATGCTAATGCAAAGAAAGCAGAATATAAACCACTTGGTGTATTTTCTCTGGTTCAAGGCGATCAAACTAATTCGACCACGATGTTCCAGCTTGCAATCAATGCCAAAGGCGATATTGCCGGCAACTACTACGACATGCTTACCGATCAAGATCAGCAAGTGCATGGTCATTTAGATAAGAAAACTCAGCGTGTCGCATTTACGGTGGGCAAAAATACCGCCGTAGTTTATGACTGTGGTCTGGGTAACTTGATGCAAGAGCAAGCGCCTATTCTGGTCCATTTCGACAAGAGCAGAACTGAGCAATTCTTGCTTGTTCGCCTGAAACATTCTGATGCTCAAGGGCAAGCTGGCAAAAGCTAAATTTTACTAGCTAGTTGATTAGATATCGGTCAAATTTCTCACTACAGATCAGTAGTGTCTTTTGATCCTGCGGACATCACCACGGGGGACCCATCAAATTAATCACACCGCCCATCGGCACTGGTGAGCAAACTGATTTGAGCATTGGTAGATTAAATGTGAATTTGTCTATCTTGCCTTTTTGAGACACTAAGACTTCTCCTTCATAAGTTTGCCATCCCATCCGTTCGTAAAGTGGAACGAGGTTCGATTCACAGACAAGCAATGCAAAGTCAACTCTTTGCTCCTTGAAAAAATCGAGTGTCTTTTCAATCGTCTGTGATGCCAATCCTAGTTTCCTGGCGCTTGTGTGAGTTTTGACTCCGCCTATTCCACCAATCTTTACTTTGACATCATTCATCATTGCAATTCGAATGATTGCGCCTACGTAAGACAAAGCTTGTTCGTCAGAGTCCCAACATATCGAGCACCATTGAGGGGAAGCCCACTCAATTGACTTCCCTTTCCAATCAGCAATTTCATTAGGGGGATAGACATTTATTGAAAGAACATTGAGAGCGGATTTTTGCTTTTCTGTTAGCTCAGTTAGGCTATGTAGGCTGAATGTACCGATGTTATGTGTAGGCTCTATAGCAGACATGTTTTTTTACTTAATTTTTCTCGGCGTATTCTTTTACTGCTCCCGATAGTTTTACAAACTTGGGAGTGAACCAGTATTTGCGCATTTCTTTGTAGGTGTCATCGTAATTCCAATTTTCTTGGCTTACGCGCCAGATGCCAATCATGCAACCCGTACGATCTGAGCCGTGTGCGCAATGAACGAGAATTTTTCCATTAGTAGGATCTTTTTCGGCTTTTTTGATTGTATTCAAAAGCGTGTCGACTTGCTCTTTTGTTGGCGGTGCCGATGTCATAACCAATCTTATGTATTTTAATCCAAGCTCAGAAGCCGCTACTTTTTCATCGAATTTTTGCTCCGATGGCGCGCGTAAATCTATAAGCGTATCGAATCCCATTTCTTTGAGCTTGTGCAATCCTTTCATTGTCGGCTCGCCGCTGCGATATAAAAATGGATGCACTTCATGAAAATTGGGCAGGTCTTCGATCGCTTTTTTCTTATGCGCATTGGCTGGCGTAAGCTCTTTAGGCGAGCTTTTGGCTGAACAGCTAATTGGATATGAGAGGATAGCCGATAAAAGAAGGTAGTGAACGAATCGCTGATGTTTCATGATCTATTTAACGCGTTTCCAGTCGCCACCACAATAATGGAGTTTTTTCCAGTCACCATCACGTTTTACAAACACATCAGTGACATGTGATTCAAAAACGGCTGGATTGGCACCACCGACTTCTTTTTTCAATACGAAAGTAACTACAGCTTTGTCGCCAGTTATTTTTGCAAAGGGCTGGTCGATAGTGAAGGCGATGGCCGGAACTTTTAGTCGCTTTTCTTCTGCTGCAATTTTAGCTTTTACGTTTGCGATGATATTTTCTCTTCCCACCACTGTTTTTTTTGTGCAGACATCATATGTGGTGCAATTTTCATCGAGATATTTGGCAAGTTCGACATAATCCTTTTCAGCTACGGCTCTTGTGGTTGCTTTTAGGACTGCAATTATAGTTTCACAAGTATTTTCCATGGGCTGAGAACAACTGATGGCACAATTTGCAGATTTTGTGATTTCGTTGGAATTCTCACCAGCAACCGCAGGACCAGTAATTGAAACCAGTACCATACTGAAAAATAGTAGGTTCGAAAGTTGGTTTTTCACTTTATCGTCCTCTTAGGGCTGCGTCTACACTGCTCAGGGCGTGATCTGTATCGCGAAGATAAGCACGTAGGCGATCAATTTCTGATTGTAAATTAGCTACCTGACCGCCTTTCTTGTCGATGGCTTCTTCAATATCAGCTCTTTGTTTAATTAGTGCGTCGCGTGTAGATTTGAGATCCGACTCAACGCCACTGCTGTGGGCATTTACCCCTGTTAGCAAGCTAGTGAACAGAACGGACAGCATTAATGAAAAGCCCGTCCAAGCTAGTAATTGTGACCTCTTTGCGCTCATTTTGCAACCTCAAGACTGCTCGCTGTTTGCTTTTGAGTAGTATTAAGGCTAAATTTTAACCCTAAGTGGGCGTTTTCTCTAGTCTTTTATCTTCTAATGCCCCCTTGATAAAAGTCGAAAGCTTCAATTTTTATTTTCTTCTTCCAGATATTTCGAAAATCCCTGGCAAAATCTTCCGCCGCATCTGTAGATAGGTTCTCACAGTCTCTTAAAATGAGCCTTTCTAAGCTCTTGAGCTTAATCAACTTGCGTAGTTGTTTGTCGTTAATAGATGTGTTGCGTAAATCTAGGTTGACCAAATGAGTTTTGGCCAATTCTTCCATCATTTCATCAGTGATAACTCGAGCGCCTGTTAAGTCTAGGGCGTATAGCTTGGGAAGATTTATTATGTGTTTTAAGTTGTGTGAGGTACACGGACTCTGCGCCAAATCGAGA
CP064963.1_gap109	4480771	4483564	2793	TTCTGGTCTTGATTTAGTTTGAGTTGAGAAATCGAGGTATCGACTGCTCGAATTCGAACTTGCAAAATGGCTTCTTGCAATAATAAATCATAATAAAGTCTTGTCGCCTGCAATAGTGCATCATTTATGGTGGCACGACTAGAATGTTGAGCGGCTTTGTAAAGATTGCGGTCTCTCAGCGTTGAGTAGAGCACCTTGCCACCGCGCCAAAGGTACCACCTTAATCCGGCTTGGGCAATGATTAGTGAATTATCAAAACGCAAAGGTTCGGCTGTGGTGCCAAAGGGAACATTGGCGGTGCCATATAGATAATTGTATCTGTATCCAAGATTCGGGTCGGGAAGAAATTGTCCCATGCTGGACAATAATTTTCCTTTGCGGATTTTTTGCTCCATATTGGATATGCCAATATCCAAATTGGAGTCGATTGTTTTTCTAGCCACATCCGCTAGCGACATAATTCTAGAAGAACTAGAATCTAAGCCATATGGGTCGAGTCTTTTATCGAGCGTAATGAGAGCGCTAAGTCGTGGGCTTGAGATTTGAATTTTTTCGGGATTGTCGGGCTCATCGAAAAGTTTGGTGATTGATTCTGTCTCCTGTTTTAAATTGATAGGAGTTTCCAAATTAATAGGGCCGCGTAATTGTGCATCTTGAGCCACACCAGGCTGTGAGCTTGTACTAACAAACGTAAGAATCAAGAGAGTTTTAGAGATTGTTCGATTGTATTTCATGCCAGTTGCTTCCTGAAACGAGCCGAGCTTAAAGATAAAAATACGATGGCAAATATTGCTAATATCAGTACATTTGGCCAGATAGTTTGAAAACCCACTCCTTTTAGCATTATTGCTTTCACACAAGTAACGTAGTAACGAAGCGGATCTAGCAATGATAAGTCTTGCCAAAACTGAGGCATGCTCTCAATAGGCGAGAGAGCACCCGATAGTTGGATCACAGGTAGATTGATAAAAAAGGAAGTGAGCAACGATTGTCTTTGATTGGCGGAGAATGCAGCAAGTGCAATTCCAATTGAAATACCCACGATAATCGCTAGAAATGAAATTCCAAGAAAGAGGAAGAAATTACCGCGAAAAGGCACACCATAAAATACTACTGCCACCAAAAGACTAATGAGGACATTGACCATTAAAACGGCTGATAGTGGTATTACTTTAGCTGCTAGAATTTGAAAAGAGCTGACTGGTGTCATAAGTAGTTGCTCAAGTGTGCCTGTATCTTTTTCTCTCACCACCGCGGCACTGGAAACTAGGGTACTGACCAAATTTAATACCAATGCCAGAACACCAGGCACAAAGAACCAACGACTTTCCAATCCGGCATTATATACATATGTTACTTTCGGCTCTACCGCGCTCTTTTCTGATGCCGATTTGTTTTCTAGTTTGCCATTGAAAGCGCTCAGAATTTGAGTTAAATAACCACCGGTAATACCGGCAGTATTGGCGTCAACACCATCTAAAAATACTTGTATTTTGGTTGGAATTCCCGATCGAATATGGCGTTCTAGCTCGGGGGGAATTATCATACCGGCTTCCAGCTTGCCCCCCTTTACTTTATTGGATAGTTCTTGTTCGTTTGCTCCTGCTGGTTTTAGATCAAAAACCATATTGCTTGTCAGCCTACCCACCAATTCTCTACTAGTCGATGAATTGGCATAATCGATCACACCTAAGCGCAAATGTTCTACTTCAGGGCTTAGAGCGAAACTGTATAGTGTTATCTGCATTACCGGCATGAATAGAAGAAGAAAGAGCAACTCCCTGTCTCGAAAAATCTGTCGAAGCTCTTTTCTAATTAATGCTTTTAATTGAATGGCGTAGTCCATAATTTATATTTGTACCTTCAATTATTTAGCTGCATTTTTGACATGACCGAGCGGGCACCATTGAAAATGATGATGGTTGCTAATCCAAGTGCAAAAATAATGTAAAGCTGATCAAAAAAACCGCTTCCACGAACAAAGAAATTTCGACAAGCTTCCACGTAATAGCGGGCAGGAAGAATGTTAGAAAGAAGTGAAAGAGGAAAAAGAATATTTCTTTGTGGATATAAAAATCCGGAAAGTAAAAGTGAGGTGGTGAATCCGGTGGTGGCAACGAGCTGCACCGCGGCACTTTGTGAATTGGTGCGCGAACCTCCTAGAAGTCCAAAACATACAGATGAGGCAAGGAATAGTACAGTAGCTAGAGCGAAGATTAACCAGTTACCTACAAAAGAAAGTTGGAACAACAAACAAGATGAGCTTATCAAAACAATCGCCTGCGAAATTCCAATTAATATATATGCAAGTGCCTTTCCTCCCATTAGCTCAAAAGCGGTTATAGATGAGGCGTAAAGTTGTAAGACGGTTCCTTGTTCTTTTTCTCTAGATATGCAAAGAGTCGATAAAAGACAAGGAAAAATCCAGAGAAAAACGGCTATAGAACCGGGCGCTACAGACAGACTCTCTTTTCTTCCAGGATTGAACCACAGTCTTATCTGGGGAACAATTAAGTTTTTTTTGCTATCTATAGCTTTGCTACGTAAGAAAAATTGTGAAGTGGCGATGATACTGTTTTTGATTACTCTTGCATTGTTGACGTCGGTGGCATCAACCAAAACTTGCACGCTTGCTGTATGACCATTTCGTATGTCTCTGGAGAAGTCTGGAGGTATGATTATGACTGCACGCGCGTTGCCTGAATCAAGTGGATCAATATCTTTTTTGCCGGACCATGGAACTGATACCATTTGTCCGTTGTTGAAAATAGTGTGAATGTATTCTCTGCTGTA
CP064963.1_gap110	4498069	4501446	3377	ATGGCGTTTTTGACCAAGCTCAGTAAACTCATATTACCGGCTGGTCACTGGGGAGGAATCGACAGGAGTGCAGGAAATCAAGACCCTGAGCAAACCTCTAAACCCCCTCTATACCTGACATTTGATGACGGTCCGCACCCTAATACCACTCCTTATTTGATCGAATTGCTCGAAGCGGCAGGTGTAAAGGGAACCTTCTTCCTGATAGGAGAGAACGTCGAGCGTTATCCGGACCTGGTGAAACAGCTCCATGATGCCGGGCACGTGATTGCCAACCATAGTTATGGGCACAAATTTATGCCCGCGCTGAAAACGAGCACTATTGAGAGAGAAATAGTGAAAATGAATGATTCGGTCGCCGCGATAACCGAAGGCGCGCCAACTTTGTTTCGCCCTCCTTACGGTCTTATGGACAAGCGCGTAGCTGCCTGTCTGCGTGAGCAAGAAATGACCGCTGTCTATTGGGGCTCTGCCTCTGAAGATTGGCTGCTTCCAGGAGCCGACAGCGTCGTTCGGCGGGTGATGAGAAACATGAGACCAGGCTTGCTGATAGTGTTGCACGAGGGCGCTTTGCTGAAAAATCAAACCGTTACCGCTGCCAAAGAAATAATGTTCAGAAGTCGTGACCTTGGTTACCAAATGCAGAAGGTAGAAGTGCCTGCTTGATTTCCTACGCAAGGTTTTCGCTGCGTTAAGTATCCGCAGTAGATTCGACATTTCGAAATTCATAATAAACTTTATCGACTTCTACAAATCCGTTTTTACCCTCTAGTTCTGGAAACTCGGCTGATTTGAGAATTTTGAAGCTTACACACTCTTTTTCAGCAGGAATGAAATAATCTCTAAACAGTAAAACAAAATCGCTCGAAGAAAAACATTCACTATTACTTCCAGCGAATAAACCTATCGGAAGATACTTGGGCTTTACTTCAATTCCTTGGTGCGCTTTGCCATATTCAAAATGTTCAAGTGCACAAGGGAAGCAGACTAATCGATCAAACAAAAGTTTTTGAATCTCATCCCAACCTTCCGAAATATTGTGTTCATGTCCTCTAAAATCTGACGCAGCTGAAAAGTGTTTGCGGAGGTCACTAGAAGCCTGCCTGAAGCGATTCATCGCTTCGTTTAATTCTTTTGTGTCTTCACTTAGTTCAATCATCTATTTCTCGATAATCGAAGCGTATTTGTTAATTGCTTCATGTAAGTCGTTCTCTTCATTTTCTTCGTCGGAAGTGCTCACTCAAATTTCCATCCCAGATATTGAAACAGCAAAACTCTAGGATAACAGACTGTATATAAATATCCACCCGAGAAACCACTCCTCGATTGTATAGAGCCTAAAATTCAATTTTTCATCTCCAAAATATTTTCATATTAACTTGCTGAATAGTACGCAACCGTCAAGTAGGCAGGGAGCGAATCGATTGGCAGAATGAAATTCCAAAGCTTACTTGACACTCGTTCGCAATTATGCGAACAATAAAAGAGAGGCATCCATGCCGCAAACAAAGGTGATTTCCTACCCCCGAAAGGAAATAGTAAAGGCATTGGCTAGAAAGAAAAAGTTTGAGAAAAATCCGTTTGTACATACACATCGAGATACTCAACAATGACAAAGAAAACTAAATATATAACCGACGCGGTTGAAATCTTGCACAATAGATACATCAAGGGACGACCTGACATGATGGCACTTCTTGAAGAAGAGCGGGCCAACGCCGAGGTTGCTAGAAAAATTTATGATCTTCGCGAAGACGCTGGTCTAACTCAAAGACAATTGGCAAAATTAGTTGGAACAACTGCGTCCGTAATCTGCCGTCTTGAAGATGCGGATTACAATGGTCATTCACTTGCTATGCTATTTCGAATTGCAGCCGCTCTAAATAAGCGATTAGAAATTCGTTTTGTCAATTTGAAGAAACAAGGATAAATGTTCAAGTCAAACACGGCTGCTTTAGCGGTGAGCAGAGACGCTGCTGCTTGGACGCTGATCAATTCAATTTCAGATCTTTCAAGAATGGTTTGTATTCAGGATGTTTTTTCAGTTCGTCTATGCAAATTTGTTTGACCAGAGCATGTTGCTTCACATTGGCTGAAAGCGACCATTGCGCTGCACCGCCCATAATAATGCGCTCTCCGCTGCCGTTGATTTCAGGCAATACCGACATAACGCGCTCAACATAAATACGATCGCCTGATGCTACAAAAGCAGACCAGAGCTTGTCCAGATCCGCCGGTGTCCTTATAGGCATCGTTTTCAAATTATCCGGCTTCTTGTCGACTAGAGCGAGAATGGCTTCTTTACGTTTTCCTTCCATTCCTTGTGCCACCACTTTCAGTTGTTCGCGGCAAACATTATTGTTTGCAATCCAAAGTGCATAACAAATTACCCCTCGGTCAGTTTGTTCTTTGAAAGTCATTTCTTTTATCCAACCTGGAACCTTCTCAGGATGCTTGCTCATAAGAACGCCTAAGAAGGCCGCAAATGGTGCACTGGCATTAGGCTTCAATGAAGCGTCTAAGTCCGAAAAATCTCGCATAGCCTTGCCTACAAGCGAAGGAGTCGGCTTCTGGTAGTAGTGCGACATAAAGTTTGAAAGGTCCATTGCCTTTTGCGATATTGCAGCAGACTTTTTATCGGCTCCAAGACAAGAAGAACTGGGAAGCAAACTAAAAGTAAGTAAAAACAGTGATAAAAAGAACTTGAGATTCATTACCGCGCGCATTTCATCTCCCCAAAATTTGAACTGGGCTTAATTCTGTCACGCTTTGCTAATTAAGTTAAGTAGTACGCCAAGAAAAGGCGCCAAATTCTTATGATGGGTTCATTACTTAGTGCCACCGTGGGTAGAGTCATAATTGACACCAAGGTTGAAAAGCGTCAGTCATAAGCTGATATAATGCGAGATATGATTCGTAGATGAAAGGAGCTGCATATGTCTGACGGCACAACAGACAGAACAAAATCATCATCACTTGCAATCATCGGTCTGCTGATGGGACTTTGTTTATTTCTTGCTGCGCTCTTTCGTGCAGATATCGCGGCCTTCTACTCGCGAATACCGCGCGATGAATTTGGATTTTGTGCCGTTGCAACCATAATTATCTTGCCTGTGTATACTCTTGGAGCGCTACTTGTGTGTATTTTATCTAAATTACAGAAGAAGAATGCGAGTAAGTCGAAATGACAAACGGCATAAGAGATTGAATTTAGTTCCGAAAAAAGGATTTTATTCATGATTCGATTAATTTCATCAATTGTTATATTTTATCAATTGTTTTGCTTTCCTGTTTTTGCTGGTTCTAAAAACGTTTTGTTGGCACATAGAGAGCCGGCGGTAACAGGAACACAACCCATAGGAAATTTAGTCGTCGCA
CP064963.1_gap111	4506813	4510154	3341	TAAAACCACCAGGATCCATAAGACCAATAGTGTCCATGGTCAGCACCACTCGTCCGTGTCTCTTCAATGCTTCGGTCCGTTGTGTCAGTCCGGCTCCAGCCATATCTAGACTGCCGTTTTCAGTCGCAAGCAGACCTTCGTTTAAGGTGGTATCAACTATATTCAAAGCCGAAAGTTTGATGCCGACTTTATTAGCCAGTATCCACAACAACATGTGATTCGGCGAAAATTTTTGGTTGCCAAATTTAAAGCTCAAGAACTTCTTCACCGTCTCTGGGTCTTTAACGTTCTCTTTGTTTAGTTCTGGAACTTTGTCATTGAAAGTGATGTATCCGCCACCATGAAAAGTCCATGCCGGAAACAAGTATAGAATCGGGTCGTCCTTTTGGCTGTTTAAGCGTTCAGCTTTTGCCAGATAGTCAGACAAGCTAGCAAAGGCTACATCGACAGTTTGACCGGCACTTGCAACCGAGGGTAGGTTTTCTTCCCATGGTATTGTGATCAATTCTAGGTTTACGCCATATTTCTTTTCCAGACCGAGCGGCTTTTCGTTTACCAGCAGGGCAATTTCCTGATAAGGCGATATTGCCATTCTGAGTGGCGCCTGTTCAGTTTTTTGAGCGCCTCGCTCGGGTGCGTTTTCTGAGGTTTTTGGCGAACATCCCGCCAGTGCAATTAGCCCCAATGCAAGACAGAGAGTCGTTACTCGATTAAGCAAGTTCTTTTCCTTTGGATAGTACTGGGCGATTTTGTCCACTCATGGGAATCTTACCATTCACATTAAGTCCAATCTTTGGAACAATTTATAAGGAAAGGACCTTGCAAAAGTGAATAGTGGGGATGCACATTGGCTGTATCAATTCAATCATGCATAATTTTGACCTCTGAAGGTTTGCAAGTCGTCGGACTGTCTTATATTCGCGATGGCGTCCAGGTTTTCAAAGACTTTTCGTTGCAATCTGCAGCTTCATTGATAGTGCTAAGAGGTGCATCTGGTTGCGGAAAAACAACGCTACTGAAATTGTTATCCGGTCATCTTCAGCCGCAAAGAGTTGAATATATGCCAAGCGCCAAAGGGAGCTGTCTGGTTCTTCAAGAAGACAGTCTTCTACCCTGGATGACAGGCATGGAAAACATTTGCAAATTTGCAAAAATCTCTTCGTGTGAAGTTTGCCAACATCCTATGTATAAGTTGATTTCTAGATTCGTCGATAAAAAAGCGTACCAAATGTCTTATGGTCAGCGCCGTATGGTCGAGCTATTTCGAGCGATTATTCATCGTCCGCCTTATCTTTACTTAGACGAACCGTTTAACTTTTTAGACGAAATCAATATAAATGCAGTTGCACCATTTTTGGTCGAATTATCTTTGACAGGAACGACTGTGGTGCTAAGTAATCACCACAAAGAAGACATCGAAATTCAACGCTCTGCCGATGTGTTCAAATTTGACGGAAAGTTTCCAGTAAATTCCATTGATTGTTTGAGTAGGCAGGTCTGATGCAAACTTTAAATCACAAGAAAATTGCTCAAGAAGAAGAGCAACTTCCAGTTTTAGCAAAGCCAAATAAAAAGGCGCCTAGGATTTCTGCTTCGCTCAAATTGAAAATACTGACAGCTATTGGATGTCTAGCTGGGCCAGCTATATGGATATGTTTGAAGCATTTTGACATCGTGAGCGATCGTTATTTGCCGGCACCAATAGCGGTGCTAGATGCGTTTCGTGAAGTTGAGCCTAACATCTTAGTTCATTTTGCCTATACATCTTTTCGCCTTGTCGCTGGCTTTATCGCGGGTGCTGTTGCAGGCATAATGATCGGGATTTTCATAAACAGATCAGAATCGATAAACCGTCTACTTTCGCCTTCTTTGCAGTCTATGCGCTCGATCCCTGCAATAGCCACTGTGCCATTTTTTCTCTTATGGTTTGGATTCTCAGAATGGGGAAAAATCATACTGGTGGTCACAGGAATCGCATTTAACGTAGCCATCGCGACCCATCAGGTATTGAGGGACATTCCAGAAAAGGATAGAATTCTATTTAAAAGTTTTGACATCGACCCTACCACATTCGTGGTCCAGTACAGCCTGCCTCGTATATTTGAGGCGCTGCTACCTACGTTGAGATTTTCGCTGACAACCGCCGTGGGCGTAGTCATTGTTTCAGAATTGCTCGGTGCTCAAATTGGTTTAGGGTATCTTATTCAAACTTCTCGGTCTACATTTTCGATACATGTAATCTTCCTTTGTATGCTGCTTCTAGGAGTTTTAAATTCACTTTTAGATATTGCACTCACCAAAGGCTGGTCGAGATTGGTTTACTGGAAAAGTAACTAGACTCGCACATCATGACACCAGATGAGGTGGCGAAAAGCGTTTGCGGCGGCATTTCCTCTATTTGAAGGGCGTGGTGCTTTTCCTCATACTTTTCGATTAAAAACCCAAGTCACCTGTATGGATCGTATAATAGCTGAAAAAGAAAAGAAACTGCATGGAAAACTGTTATAGACCAAATGAGTGAAAGTCAATTCTGGGCTGAAACTGAAAAGATGAACAAGTTATAAAATATGCACGCCATCACTTCACACGACCTACATTCATACAGCCGTTGGTTCTTGAGCGTGCTGGAACCAATTTGGCACCCATTCAAAGCTCTGCCCAATCCAAAACTACCTCCCAACCCTGATTTAAGATTTTTGAGCAGCCAGTATCAATGGAGAGTTGAAATATCAGATTCAGTAGATTCAATCAAAAATATTGAAGAAGAAAAGCATCTTATTCAAACAACCAATCTACTTAGATTACTGGTCGAAGCGTCGATCGTGATGACCCCGGCAGCTTCTCCATTCAACGACTTTCGCGCCGGTAACTCGGCATTGCGTTACAGTCAGTACTTCAAACCGCTTCAATTAGAGAACAAGAACAAACTTATATTAAACAGTGACCCTTCGCTTCGAAGTATTCGCTTGCGCGCATTGATGGCAGAGGAATTAGCTCTTGGTATCGCGGCATTTTTGGCTCGCGAATATTTCGACGTAGTGCACCTGGCTGATTATAAGCTATGGCAAATGGTCGGCATCGACAAAACAAGTATTGAATATCCAGATCTAGCTTGTTTGGATGAACTCGGCCAGACCATTTTATTAGAATCAAAAGGCAGCATCAGTTCGCGCTGCTCGTCTATGAATTTGCAAAGGAAAAGAGCCGCCGCGCGTTTGCTCAATACTCAGATTCCTGCTCAAAGAATTATTGTTGCCACCTGTTTATTACACGACAATTTTGAGCAAGACAGTATTTCACTCATTGAAAAAGTAAAGCAAGAAGACATCGAAGATCTAGAT
CP064963.1_gap112	4532894	4537111	4217	AGATTTTTTTTCTCTACAGATGCAATGGCAGGAATATTCTGCCCTGCAGCATGTAAAACCGCTTTTTCACCGTCGAACATCAATGGCGTATTTGAGTTGTTTTGCACTTCTATTTTGATGCCCACAAGATCTGGCTCTCGTTTAACCGGCTCGCTTACCGCACTAAATTGAATCACTTGGCGCAATTCGTCCAGACTTGGCGGCGGGGGCACTTTATCGCGTCCGATTGGTGTAATGGTCGCGCTTGAGTCAGTGTCTTTTATGAGCGGTGTTTTGACTGATTCTGAGGGTTTATTAGTGTCGATGGCAGGGCGCAAAAGCGGAGCGTCATCCTGGGACAATGCAGGCTTGCAAAGGCTGAGAGCCATAAGTGCGCTAATAGTGAGACTTGATGCTAACTTGGTATTGAACATGAGATTCCGGGGAACAAAGTCGTTTCAGTAAATGTCTAGTTTATACTAGGTTAGGACAAATCTTGAAAGAGCGGTTGTTTCACTAAATTGAGTCAAGAAATAATTACTAAATCGGGCAAAATGACGAAGCCAAAGTCGAAAAAATTGAAGCTCGGCCTCACTATCGCCGTTGTCAGTATATTGGTTGTAGGAGGCGGATATTTCGCTTATGACCAATTTGCTAAACCCAAAGATTCAGGCAAACGCAACGCCATAGCCGTTAAGCGCGCTGATGTTGACCTTGCTGTATTAGCCACAGGAACCATTCGTCCTGAACAAGATGTAAAAATTAGTCCCAAGCAAACCGGGCTTTTGAAGTCACTTTTAGTAAAGCAAGGCGACAGAGTTAAAAAGGCGAAATTATCGCCACGATGGATGACAGCAATTTAGTTGGTCAAGTCGAGGCTGCTCGCGGCGCTTATAACTCGGCCCACGAAAATTATCTCAAAATGAAAAATGGAAACAGACCTCAAGAAGTGGCCGCTTCGCATTTTCAACAGCAACGTGCTTCAAAAGTGGTGCAAGGTGGACATCAAAACGTTCGGCGGCTGGAAGCGCAAATTTCAGCAATGGAAAGCCAGTTGAAGCGCGATGAAATGTTTGCACAAAGACAAGCCGCTCTTGCCAAAGAAGGAGCAGTGGCAGATCAAGCGCGAATGGATGCTTTTACCGCCGCTGAGGTTACGCGCTCAAACTTGAATGCTGCAAGACGCGAAATTCAACAAGCTAAATCTACTGCTGCTCAAAACGAGTCTGAGTTTAATGCGTCCAAAGAACAATTCCAAATGATGAAATCCGGTTTTCGCAAAGAAGAAATTGCCGGAGCCAGATACGCCGCTGATCAAGCTCGCGGGAATCTTATCTATCAAGAAAGTCTGCTTGCTGATACCAAAATTAGAGCCCCCTTTGATGGTGTCATTACCCAAAAGTATGCAGATGCAGGATCGATTGTGACCCCGACTACTTCGGCTGCTACTACATCTGCAACATCGAGTTCGATTGTTTCGCTTGCAGGACGGCTTGAAATGGTGGCACAAGTTTCAGAATCGAATATTCCAAAAATAAAAATCGGTCAAGAAGTGGACATCACAGCCACAGCTCATCCAGGAAAAGTTTTTCACGGAAAAGTAACTCAAATAGCTCCTGCTGCAATTGTTACTCAAAACGTTACCACGTTTGAAGTGCATGCAAGTCTAGATAAAGAATCGGAAGGACATTTGCTTGCCGGAATGAATATTAGCTCTAGATTTTCGATGGGCAAACTGCACGATGTGTTGACTGTGCCAACTGCTGCAATTGTGTCCAAAGAAGGCAAAATGGGTGTTTATGTTCCATCTGAAGATGGTGATTCAAAGTTCAAAGAATTGAAACTTGGTCCCAGCGTCGATGAAATTACAGTTGTAGAAAAGGGTTTGTCTGATGGAGACAAAATTCTGCTTGGTTTATCTAAAGCACAGCTGGCTAAAGAAGGTTATGCCGCACAAGATCCGATGAAACGTGGCGGCGCTGGATTAAGTGGAGGCGCTGGCATGATGGGCGGCGGCAGAGGAATGCGCGGTCTAGGGAGATAGGTGAAGATTGAGCTTCTTTGAACTACTTCAGGTCTCCTGGCAGGGGATAATGAGCAATCGCCTGAGGAGTTTACTTACAGTCCTTGGTATCGTAATTGGTATTGCCTCAGTTATTACTTTGCTTGGCATAGGTAAGGGTGCTCAGTTAGAAGCAGAAAAGCAAGTCCAGTCTCTTGGTACCAATTTGATTTTTATTCGTCCCGGCTCGCAGAGCAGTTCGAGCATATCATTCGGACAAGGCACTATTCAGACACTTACTTATGAAGATGCTCTGGCTGTCAAAAAAAATTGTCCGGCAGTTTTAAATATTGCTCCGCAATATTCAAGTCAGTTGCAAGTGCAGTATGGAGAGAAAAATACACTCACGACTATAAATGCAACTGAGCCCAGTTACACCACAATTAGAAATTTCAATCCTGCTCAGGGTCGTTTCTTCAACGATTCTGAATCGCGCGAAGAGGCGCGAGTATGCGTTCTTGGTGATACTGTTGCGGCGGACTTGTTTGGTTTTTCAGATCCGCTCAAAAAGAAAATTTTGATTCGAGGCGAATTATTCGACGTCATTGGAGTAATGGAACACAAAGGTGCTAACTCCGCAGTTGATATGGACGACCAGATTTTCATTCCGCTTTCAACTGGTTATTCTGCTTTATTTGGTCTCAGTCAAGTAACAGGTAGAACGGTCAAAAGTATTCTGGTAGAAGCAAAACCACAAGAAGATGATCTTGCTCAATTTCAGATTACTAATTTGCTCAGATTCAGACATCATATTACCGCTCCGGGAGAAGATGATTTTACCCTTCGCACCCAATCAGACATCATGCAGGCTGCACAATCTATCACTGGTGTTTTTTCTCTTTTGCTTGGCACCACAGCTGGTATCTCCTTAGTAGTAGGGGGAATTGGTATCATGAATATAATGCTTGTTTCAGTCACTGAGCGCACAAGAGAAATTGGAGTGCGCAAAGCAATTGGTGCTAAATATAGTCAAATTCTTTCTCAGTTTGTTATAGAAGCAACAGTAATGTCGCTTTCAGGAGGGATAGTCGGAATTATTTTAGGCATAGTCTGCTCGAATGCATTGAGTAGTTTTGCCAATTGGAAAGCGGTTGTGAGCCTCGACTCCATTTTTCTGAGCTTTTTCGTTTCGCTTGGTATCGGATTGTTTTTTGGAATATATCCAGCTCGCACTGCCGCAAAATTAGATCCAATCGTGGCCTTGAGGTCTGATTAAGAAAAACCATGTCTGAATTTTTAGTGGAGTTAAAAGATGTCTGGCGCACTTACAATCAAGGTGTTGAGCCTGTTCACGCACTTCAAGGTGTGAGCTTGAAAATCAAAGAGTCAGAGTATGTTGCAATCATGGGCACATCGGGCTCGGGTAAATCGACTTTGATGAATTTGCTTGGTTGTCTTGATCGTCCAAGTCAAGGGCAATATTTACTTGATGGAACAGACATAAGCACAAGAAGCGAAGACGAGCTTGCCGAAATAAGAAACAAAAGTGTCGGTTTTGTTTTTCAGCAGTTCAACTTGTTGCCAAGTATGTCTGCACTCGATAACGTTATGCTTCCTCTTGTATACGCAGGCATGGGGAAAGAGCAAAGAACGATGCGTGCCGAGCAGGCGCTCAAAGATTTAGGACTTGGAAACAGGATACATCACAAACCAAGCGAATTGTCTGGCGGTCAGCAACAGCGCGTGGCAATTGCTCGAAGCATCGTGAATAGACCAAGAATTCTGCTTGCAGATGAGCCCACAGGCGCTCTTGATAGTCATACAGCCAAAGAGATAATGAGTTTGTTTACCAAACTGACAGAAGAAGGAATAACGGTTATTCTTGTTACGCACGATCCAGAAACGGCAGCTTGCGCCAGACGAATTGTCAAAGTCAGAGACGGGCGAATACTTGAAGATTTGATTATAGGCAAGGTTCAGTAAAAACTAAAATGACCAGACTGTCTCGCTTCATTCGATTTCTCGCTCCCGGACAATCGGCATTTTGGCTTTTGATGCTTTTCATGGTGATTTACACTTCATGTGTAGTCTGGTTTGACGACCATTATTTTCCAGCTAAGAAAATAGTGGAGGCTGATGCGGTTTTATACACTTCTTCCATTATTGGTTTGTTGCTTATTTTTAGAAATAACAGTGCCTACGAGCGCTGGTGGGAAGCACGCAAGTTGTGGGGACA
CP064963.1_gap113	4555641	4557335	1694	AGCCGTGCCAATTTTACAAAGTATTGTTCGAAAATATGCGCTACCTGAAGGTACATGGTTGCTTTTTTATGATAGCCATCTTTGTGACGAATGGGTTGGTTTGACACCTCATGCGAAGTCACCATTTTAGATTGGTGCAAATACTAAGATGCAGTTACTCGTTGCGCGATGTGCTAGCTAGTACAAAGGGGCACTCAAGGAAAAGCAGTGATTTCAGGTAATGCTGAGCAATTAATTCAAGTCGTGGTCGATAAATACGCGACATGCCGTACTTATCGAGATTCAGGCATGGCGTTTTCGAGAGATTTTGTTATCGAATTCGAGACTTACTATGTGCGACCGGACAGATTTTCATTCAGGTGGAGAAGTGAAAATTTCACTGACGAAAAGCATATTCATTTTGAAGATGGCAAAGTTGAGCTTTTTCTCCAGGGGGAGCACGTTGAGATTCCCAAGCTGGAACAAGCACTTGCGATGGCAAATGGATCTTCGCTTTTGACTTCTAGTTTGCTTGGAAGTTTGTTATTGCCCGAATTGGTCCACACGCGTGTGGACTTTATGCCGATTATGTCTTACGACATGGCGGAAACCGAGCACGATGGAAAGAGTTTTATTACTTTGGTATCAAATGAACCAAATCCAGACTTTATTCAAAAACTTTCTATAGACATTGATGAATGCGCGATTTCTGAATGGGAACAGTTAGTTAAAGCTGAACATGCAGATCGAATTTATTTGCAGATGGAAAACTATTTGGTTGCGCAAACAGAAGAAGTTATTGCTCGTGATGCAGAGATCGGTACAAGAGTAATATTTAAGCACGTTGCTTTTGATCAGTAGGCCATCTACCTAGGTTCTTTAAAGGGTCAAGTTCACTCCCGGATTTTAGATTATCAATAAAGACATTTAAGCATCTTCCCGTAGGTCTTTGAGATGATGGTGCCACTATTCCTTCTGAACCACGATTATGAATGTGTTCTCCAATTCCACTTGCTGTCCAATGATCACCTAACTTGGTTATATCAAGACTCGTTATACCAATTTCGTTTAAGGTATCATCCTTATCGAGTCGAAGAACTTCCTGTAAATTTGCTTTGTATCGCCAAACGGTAAATGCACCAGTTTTAAATGGAACACCAGCTGCGATACCGCTGCTTATTTCAGCTTCGCAGGTTTGACGGTCAAATCCCAGGTATAAAGCAGCAAAAAGTTTGGCTACATTGTAGCGCCCACCATTTTGGAATGCGCCTTCTGTAGACAAAGGTTCATTTGCATATTTAGTGCGAATGTACCGGAAAAACTCGCCTTTAATTTCTTCGGTTTTAACCGAATAAAGTCTTTTAGTATCGAGAGCCATATTATCGACCTAGATTGCCTAATAAATGTCCCATCAAGAAAATGCCACCAGGCCTTTTGACAAAGTCTTTGGGGCGTTCACCTTGTAGAGCTGGATTAGGTCTTTCTACCCAAACCTTGATCATATCAGGCTCGAATAAGTCGCCCAAGCTTTCGGCAATAGTGACTAAAGTGTCAATGGCTTGTCTGTTTCCGCTGCTAGAAGGCGTTTCGTTTAACTCGTCTTCCCAGCGTTGGATGGTTTTGGTATTAACACCAAGAATTTCTGCGAACTCAGTTTTGTTAAAACCGAAAAGCTTTCTGAGCGTGGCAACCTGAGAGCCAAAAGGCATTTCAGA
CP064963.1_gap114	4620686	4621953	1267	ATCTGAGCAATAATCAGAAATTAAATAATCTGAGCCTTGCTGGCACCAGAGTGACTGATGAAGGCTTGATTCAACTTAGTAAATTATCCCAGTTACGCAATCTCAATCTGGCTAACACGCAAGTGACCGACCAGGGGCTAACCTCCTTGTCTAACTTAACCAGACTCGAATCGCTCAATCTCGAAAACTGCACACGCTTTCATAATCGCGGACTAGCTTGTCTGAGATTAATGACCTCTTTGCGTTGGCTCAATCTATCCAATAGTAGTGTCGGTAACGCCGGTCTTATTCACGTTCGTGGATTGTTAGAAATGCGCACTCTGCGGCTTGCCTTTTCGCTTTTGTCAGACAATGGACTTGAAAATCTAAGTCGCCTCACAAATCTTGAAGTGCTCGATATTGAAAGCACCGAAGTGACTGGCACTGGTTTGATGTTCTTAAATGCATTGCAAAATCTGCATGAATTGCGCCTGGCAAATACATACGTAGATGACACCACAACAGTTCATTTGACTGAGTTAAAAGGCTTGCGCAATCTGGATTTGTCTAATACAAAAATCTCGTGGAAGACTCTCAAGATTTTGCCTCAATTGACTCGTCTAAATTATTTGAATATAAGCGGCTGCAACGTCGCCTACAAAGATCTGATTTCGCTTTCTGAAATGCAACAATTGCGCAGAGTGACATTGAGCAATGGTTGGATCGATCCCGAAGATGTAGATCGCGTGATAGAAGCGCTGCCGCATCTGGAAGTTGACTTAATCTAGAAGTTTCTGGGAGGTGATTTGGTGTCTTTATACAGACCCACCCATTCGTCGCGTAAATTGCTGTCATAGAACAAAAGCCAGCTATCTAGAGGTAGTTTGAATTTCTCCGCCATTTTGCGCAACAAAGGAATGGTTTTCTCTATATCCGTAAGCGCCAGATCGAAATAGAATTTTTCATTACCTGAGCCATATCCGACTACGCATCCCAGATTGTTTTCACGCAAAACAACGTCGATTTTTTTCATAAATTCGTCGCGTGTATCGAAATCCAGATTGCCATCATCTGTAAAAAACAGATCTGTTTCGATATAACAAAATTTTTCTCCCATTTTCGAATGGCAATGCGAGTGAAAATATATTCCAGCCAGAAGTCCTATTAACAGTTTTTGACTGGCTAAATAAAAATTGCGTCTCGATTTCCTTGCTTCAGGCACATTCTCTTCGTCGTGATCGCGATTGAACATGAAGAGCGGCGCATCTTCATCCACTGCCGGGGATAT
CP064963.1_gap115	4626305	4630221	3916	TCTTGAGATAGACGCAATTAGTCGCCGACCAAAGCCAGGATACTTTTCGTCTTTGGATCTTTGAGCGATGGCGATGTCTGCGCCTTCTTCGATTGCTTCGATAAACTGGTTCAATATATTTGGCAAGTAAGATAAGTCAGAGTCTGTATAAACTACGAGATCTTGAGCTGCTTTTAGGACACCTGTTTGAACAGCCTTTCCTTTGCCTTGATTTATTGGCAGTTCAATCACTTCAAGTGTACAGTTTGAAGAGGCTTGCAAACTGCTTCTAGCCATTTCTGCTGTATTGTCTGTGCAACCGTCGCAAACGAGAATAATTTCTGAGTTAGGATAGTTTTCGTTTAAATAGCTGGACCAGGCCGTGATGGTGCCACCGATTCTGCCCGATTCTTGAAAAGCAGGAATAATAACTGAAATTCTGCGATAATCGCTCATAAGTCAATTCACTTGGAAGACATGGACAAGGATCGAATTCCTCTACAGTATAAGTTGGCGGCGATACTATCGGTATTCATGCTTGCAGTGCCAATTATTATAGGCTTAAGATACCAGGAAATCATGCAAGCCAGCGACTTCTCCATGACATTTTATGTTGTGGGAAACATGATTGCGCATGGCAAGCTTCAGGACATTTATCCGCCCCTGCAAGCGACATCGCTCATTCATACTCCGTTTGATAATTATGCCCACCAATTGCTCGAAAAGCTGCCTGCGCGAAATGTCGCCATTTACATGTATAGTCCGCTTACAGCCATTTTGTTTGCACCTTTTGGTCTCCTTAATCCGGTTGTGGCGCTGGCTCTCTGGCAGAGCATAATCGTGGTCTGTGCGCTTGCTTGCATCCCACTGCTTGTGCCGTTTGAGTCTCTAAAGAGTGCTTTGACCAAGACCAAACATTTAGGCTGGGTGGCACTTTTCGCTCCGGTAATTCAACAAATCCTGATTGGACATCTGAGTATTCCTCTTGGAATGTTGCCTTTGTGTCTGGGATATTTTTTCCTTGCAAAAGGAAAAGATTTTTTCGCCGGTTGTATATGGGCGCTTTTGTTTTTAAAGCCGCAGTTTTTGCCTGCGGCTCTTTTATTTGTTGGTTGCTTTACTCTTACAAAAAGATGGCATTTGCTTTTAGGCTTTGCATCAGGTTCTGTGGCTATAACTTTGTTGACTGTTTTATCTTTAGGACCAGAAGCGCTCATGCACTGGTATCAAAGTCTAAAATTTAGCGATACTATTTTTACAAATCCTGTCTACAACTATCCGCATTATTTAGCTGTCTCAATACCATCTGTGGTGCTACAGCTTTTGCCTACGGCACAGACTGGAGTGGCTAAAATAGTGCTTTATTCTATTGCTGCCTTGCTTGGAGTTTTTACTTTGATAGTTTGCACCAAGTTACTCAGTAAGCTTGGTAAAGAGCAGGCCTTACCCATGATTTTGATACTTTCGGTGCTGGTACTACCTCTGGTGTTACCGCATTTTCTCTATTATGATCTTTGTTGTTTTGTCGCAGTAGCCTTAATTGTTCAAAGCGACGCCCTGCCAAAATCCATTGAGCCGCAGTTCAAGCGCCTAATGCTCGGTTTGTACGCAGCTATAAATTTGTATTTTGTCTACTTTTTTGCAACAAATTTAAAAGGCACACACTCGATTGCGCCTGTGATACTTGTTTTAATTTTGACTCTAGCTTTCGCTTATGCTGTAGCAAAATTCTCCAAACTTAGTTCTAATTCTAAAAGCGACAAATCTAACATTATTTAGATGTCTTTTACAAAGTTAGTGCCGGAGGCCGGCCTGCGGCCTGCGGCACTATGCAATGAGCTAGACTCGGATCTTGTTAGAAAGAAGCTTGTCTTGGAGACTCGTTAAATGCTTTGACTAACTCGCTGACGTTTGGCGAGTCTTCGCCATAAATGGCTTTGGCTGTTTCGATTGCGCTTTCGCGATAAATTTCGCTTTCCACTTTGTTGTTTTGCAAAGACGAAAGTTTAGCTAATTCCATTAATGATTCCACAATGTCTGGATGTTCGCTTCCAAGAATCTTATATCTTATTTCAAGTACACGCTTATAGATGTGTTCGGTCTCTTCGAAATGTCCAGCTTTTCGAATCAAGTGCCCAAGCTGCATAAGCAAGTTCAATGTCTCTGGGTGTTCTTCACCAAACAAGACTTCGGTTATACGCAATGCTCTTCTTAGTGCCGCTTCCGATTTTTCGTAGTCTTCTATTTGAGCGCAAAGAGTTCCTGTTTTTCTAAGTAAGCCAATAATTGCTTTCTTTGGTGGATCTTTCAATTTTTCCATTGATGCAAGCGATTGCTGATACAGCTCGTCTGCAGCGTCAAACTTTTTGATTTCAACTAATTGCTCAGCAAGTGATTTGATTCGCCCAAGCATTCGTCTAAACGGGTCAGACTGTGGATTGTGCAGTGTCAGCTTAAATGCTCTGAGTACATAAGGACATGCTTCTTCCAATAATTTGTGTTCAAGAAGATCGTCTGTAAGCTCATCAAGCATATTGAAATAATTTTCAATATTATCTCCAAACTCTGCTTCAGCTTTTTGCAAGAAACTTTGCGAAATGCGCTCACGCCCTTCTAAAGTTTCTTCTTTAGAAATAGCAATGATGACTTTAGCTTGACCTCGTGTTCTTCCTGCACTTCCCGATGGATTGCAAATCAGTCTTACTGCCGATGTGAATTCATCTGTTGGAATTACTGGCAAGGCATCGGATGAATTCATTTCAGGTAAATTGGGAGCAAAATCACTTCTGATTTCTTGAAATGGTTGAGGTTTTGGTTGCGGCTTCTGCGGTTGTTGCTGAATCTGTTGGGGTGCTGGCTTGGGTGGTGTCTGTTGTGGCAATGACTGCTGCGATTGCCTTTGTTCTTCAGAGATGGTTTCGAATTTTTTGTTTACTTCTTCTTGAGTTTCTTTCAACAAATCAGTGAGCGATGCTAGTTGATGGAAAGTGGTGGCACCCACTTTTTTGGATAATTCCTGTTGCATATTATCCAGGCTTTTCAACAAATCCTGGCGCATCTTACTTATTTCTTCGTACGTACGTTGGTTGCGTTTGGTTGATACTACGTACAATACCACTGCCACTGAGACTGATATTACACTTAGAACCAACGCCGACAACTCTACAAAATTCATTCCAGATAGTGCCCCAAAAACTCCTCGGTTTCAGTGAAGGCTTGACTCAGTTCAGGTAGTCGAATCTTGACATCGTCGACTTTTCCGGTTGATACTAAAACCTCAATGTCTGAAGCTATTTTTTCACATTTATTCGCCATAATCACGCGACAACAACCTTTTAACATATGGGCGTGTTTGCGACAGGCTTCTAGATCGCCTGATGTCAAAGCATTTGCGATTTTAGCCACGATATCATTGGTATCTTCTAAGAAGGCCGCAGCAAGTTCTTTAGCCGTTTCGACATCAAACTCTTCTTCCAGTTTTTCTATTTCAACATGAGCCTGTGATGGTGAATTCATTGTTATTTAGCCAGTAGAGAGTCGTCAGGGCAGACCTTTTTCAATTCTTCTCTCGTTTGTACAAAGACAGCTTTGAGACGCATGTACTTAACGCGCACCTGGGTCCAGTCTTTGGCTTCTGAGTAGGAAATTATATCGGTGGTCAATCTGGTCATGAGCTTCATACCAAGGGCTGCACACGGTCCTTTGACCGCATTGGCAAAATGCACGACCGAATCGGCATCTTTTTCATCTATAGCCAATTGCATGCATTCGATATATGTCCCCATGTTGCTCAAGAAGAGTCGGCTGATTTCTTCCACTTCTTCTTTACCGTAGAGTTTGAGCATCGCCTTGATGTCAAGCGGCGCGATGTCTGCCTGGATATCATCCAGATTGAACTCGCCGGATTGAACTTGACCTTTCTCACGGGCGGATACAA
CP064963.1_gap116	4655922	4659516	3594	AAACTCAGACATGATTGATGCACGCGGCAATGTGCGAATTTATCGCGATGGTCAAGTAACCACCGGTAGTGCATTCAAATTTGACGTCAACAAAGAAGAATATTTGATTACGTCGCCTGATACCGCTGTTAATGGCACCACTATCGTGGCGAAAAGAATGCTTGGCGCAAATGATGGTCTGCGTTTCTCGAAAGGGAACATGACCATGAACAAGCCATTCTATTATGCTCGTCAACAAAACGTAATCGGCATGCCCGGCGTGTTCGATGATATGTGGAAAATTAAAGCTCACCCCGAGGCTTATTTGCCTGCCAAACAAAGCTTTAAATTCAAAGCCGATAAAATGGTTTATGAAAAATACAAAGAAGAAGGCAACCTGACCGTCTTTGGCGGCAGAATGATGTTTGGTCAGAAAGACAAATTCGGTATTCCGCTTGGTAAATTTACAGCCACAGTAGACAAGGAATCGAATAACGTCGTCTTTCCTGTCACACCGGCTCTAGGTAATAACCTTCAAATAGGTGGTGTTCACCTTGGTCCTAGCTTCAATAAGATTGTGGGCAAAGGCGTTTTGTCCTGGTCACCAATGCTTCAGTTCGGTGGAAAATCGCTTGACGGCTCCGCTTCAAGTGGTGGCATAGGACTTTCAGGACGTGCCTCTTACACCGGCAAAAAGTTGATGGCAAACGTTGCGGCAGGTTCTGTAAACAACTTGCTTGTTGCCGACTTGCACTACAAAATCAACGACCATATGAAATTTCAATCTGGTATCAACCGATACTTAGATGATGGTATGTTCGGCTTTAGAAGAGCCAGGTTGGCTGCTGAAGTTGTGGATGGACATATTTATACCAAAGTCCCATTCATGAGCAGCGTCGTATGGCGTAACTCAGGTGGTTGGTTCCAAGATAATCCGCAGCTTGTTAATCAATCTGCCGATTATGCCAAATTGTTTGGCGGTACTCAGACCAGCAAAGTGATGCCCAGTGGATTTAGATTGCAGACTCAAATGCAGTTTGCCACCAAGCCCATATTTGCAGTTGGCGACGACAAATATGGTATGCGCGGATTTCTTTATGGTGGTGTGGCTGCTAGAGCATACTCATCTGGAGATGCAAGCTTGATTGGACAGTTAGGTCCAGTTTTAGACATTCGCTTGAACAAAGTGAGATTGCAAGCCAATTACAACCAATCCGCCGTTCGTGGCGATTCGCCGTTTGTATTCGACCAATTCATCCAGGGCACGCGCTCAATGAACTTGATGGGCGATGTAAAAGTGCACAAGTACCTGACGCTTGGTGCTGGTGCTGGATACAACTTGACTAATAGTTTGTTCTTCTCACGTACTGTTAGTGCTGCAATTGGACCTGAAGATTTCAAAGTGATAGTCTCAAGAGAAATGGTGCGAGGAATCAACAGGGTTGGCTTCAACGTTTTGTACGGAAGTGCGATACCATTTAACAAACTTGTCCTCAAGGGCAATCCCGACCATGGTCAATTGGGTGGTATTTAAATGGCTTCTGGCTTAACCAAAGATTCCAACAAAGACGCACAAGTAGATCAAGCCAAACTGGATAAGTTCGCCAAAGAAAATATCACCGCCATTGGTATCGATATTGGTGGCACTAAAATTCGCTCAGCCGTAGTGCAGAATCGCAAATTAGTCTGCGAACCGGTTCAAATTTCCACTCCGCAAGGTGCCGATGCCATTGTGGATGACCTGCTCAAATTAATTGGCGATTTTCAAAAGAAGTACGGTAACGCCATTCAAGGTGTTGGTATTGCTACAGCAGGTGTAGTAGATACCTCGACAGGCAAAGTAATTGGATCGACTGGAAACTTGCCTGGTTGGGCTGGAACCGACCTTAAATCAATAATTGAAAGCAAGACCTTATTGCCTGTCCATGTAGAAAATGACGCTAACGCCGCAGGCTTTGGCGAAGCAAGCACAGAGCAAATTCAAGGCAAAAAATGTGTCATGGCTGTCACCTTGGGAACAGGCATAGGCGGAGGCATAATAATTGATGGCGAACTTTATCGCGGCGCCAGCTGGGCAGCCGGTGAAGTCGGTCACTTAAAAATAGCCAATAGCAACGAGCGTCTGTGCACCTGTGGATTATTTGACTGTTGGGAAGCTTTTGGAGCAGGACGCGGCATAATCATGACCGCCAAAGAGATGCTCAAAGGCGTTACTCCGCAACAATCACCGCTTGCAATGCGCCCAGAATCGGTGTCAACCCATGCTATTTTTGCTGCAGCCGGCGAAGACGACATCATTGCCAAGAAAGTAGTGGAAAAATGGCACGAACACCTGGCTATCGGGATGTCTTCGCTCATTCATGTTTTGAATCCAGACTGTTTTATCCTGGCAGGCGGTCTTGTTCGCTTCGTCCAGCTTGAAATGCTCAAAGAAATGACGATGGACCGGACTATACCGGGTCTGAAAGAAAAGTTTGAAATACATTTGGCTTCACTTGGCTCAGATGCTGGCGTAATTGGCGTTTCTCAGCTTGTCATAAACAAACTTGCAAAGTCTGGTAACTCGAAATAGATTTTCGGGTATAGTCGAATTATCAGGTTATTTTGTTTGTTGTGTTTTTGAGGACAAGCTATGACTTCTAACGAAGAAAACGGACCAATTGAAGGCGAACCAATGGAACAAAGTTCTAGTTCCAGTTCTAAATCATCTCTTGACCCAAATAACATGGCAGGCGCATTCACGAATGCTTTTGGTCATGCGCTGGTCCAGACACCTTTTGATATTACGCGCGAAGTTGTGAACGGACTTGTGGGCAAGAAAATTGTGCCCAAGATAGAACTGGTCAAAGCTCCCGAAAAGCAAGAAGACGTCACAACCGCCGAGTGGCAAGCTCAAAAAGTGGGCTCGGCTGCTGGCATGATTGGTGCTGGAATGATCGTTACTAAAATCATTTCCAAAATCTTGATCAGACGCTAGTCTTTAGATTTGGATTTTAGATTTTAACTTTTAACTTCAACTTCGTATTGGATTTTGACTTCCGCTCCGGCTGGCACGGTTACGGGAAATTCAAAAGTGTTCGAGTCGACTTTCTTGTATTTATGACTGGACGAATTTATTTTCCAGTCTCCATATGAGTGCTCGACAGCGGTGATTGTGACGTCACCTTCTTTTTTGCGATTGCGCAGACTTATCTCATAATTGGCTTTGAATTTTCTGTCGCTCACTTGAGTGTAAGTCATTTGTTTGCGCTCGCCGACAAGATCAAAAGCGTCGCCGATATAGAGCCTGATTTTTTCATCACTTGGAGTGTGATCGATTAAGTCTTCGCCAATGAATTGAAGCGAGCCGTCCGAATCTTTTTTATAAACGCGCACTTTGCCCTTGGGAAGCGCCATTCCAAGATTGTTTGCTTTGGTGTTAGCTACTTCGATTTTGACATTCACTTTTTGAGGGTTGCGCTGCGGCGACCAGCCACCATAAGTTTGCGACATCTCGGGCTCATAAATATAGAGCTTTCTTGTGGGAACTGCGGCTGCGTTAAACAGGCTCATTTGCTTGGTTTCGTGATTATTTAAATCAGTAGTGCCAGCAAGAGTATATAAATGATATTCGGC
CP064963.1_gap117	4817338	4820087	2749	AAAAACAATATCTCTTTTCGGGTTTGCCTGGTTTTCTGAGGAAAGTGATCCTCAACCTTGCCATCAAGATTCCATCATCCAGACTGGCTTTCCAGAAATCAACATTTGGACTGACTTCGCTTGGGAAATACGGAATTCAAACTGTCTTCAGTCCTTGCATTTGCACGTCAACTTTTACAGTTGGTTCACAGGAAGATCGAGTTGTAGCAAACGACGGCGTGCTCTGTATAAGACCAATGATTACAATGGTATTGAGTTTCGATCAGCGAGTGCTGGACCCAATAATTGCTCTTGGGTTTCTAAACGACGTAAAAGCGTTGATGGAAGGTGGCATGAGTAGCCACATCCCAAGCGAAGCGAGTTAGAAATTACCAGCGATATTTTGATCTGTCTGGTTTATCTGAAGAGTTGACTGCAATTCTTTTGCCTTCCAGATGTGTGCCATCAAGGATGGTGATTGCATCGGCAGCTGAATACTGTGAGTTCATTTCTACAAAGGCAAACCCACGTTGCTTTCCTGTTTCGCGATCAAAAGGTATTGCAACCGATGAGACAGGTCCTGCTTGTTCGAAATGCTTCTGAAGGCGTTCTTCGGACACGTTGGAAGGTAGATTGCCCACGTAGAGCTTCTTGGATTGGTTATACATTAATATTTCTTTTGACACTAATAACGGTAACTAACAGATTCGACCGCTTTGCCCCAGTGCCGGGAGCTATATCTATTATGGGCGTATTCTGGAGCTTTTAAACAAAGCATTAATCGGTTTGTGACAATTATTATTGGTCAGGCGGCGATCGCCTACCATTGTTCATATCCCTTGGGCGGCGCTACGTTTTCGAACTCAGAGGCGTTCAAATTTATCAGTTCGACCGCAGTTTTCATTCCTTTTCCGGCTTTCAAATCGCGTTTACAACATCTGAAAATGCCACCATTTTTGGCAAATAACAAGTCGCCATTCTGATCCCAATCAGCCCAATCGGTTCGATCAAGATCAATTAAGATGTCGCCCGCAGTATCACTAACTCGATAGTGCATGTGATACCACGGAAATGGTGGCTCGCTGGAAATATTTACGATTTTCATTTGGAGTGAAATTGCATTTTTCGGTGAAGGCTTACTATAAGAGTACATTTCATCATGACCTTCACCTGTATAAGTCCAACCATCACGCGCAAGTCGCATTCCCCATATAGGCTGATCTTCACCCCGGCCTGAATGTTCATGCAATGGTTCCAGTTGGAAATGCCTTATGACACTTGAGTCATTTCCTGGCGCAAACTCTTCCATCCTGTGATTGAGCCGAATAGTTTTATTTTCACCAAATAATGCACCGCCTCCCCAGGCATCACCTTTTGGCCAGTATGTTAGCGCAGTCAAATACGGTGGCTTGCTTAAAACAGTCCAGGTGTATGGTGCTCTTCCATAATCTTGTAAAAAACTGAGCAGAAATTTTCCGTCAGGCGAGATGTCACAGCGCCTCTCGTAAATACGACCTTTAAACCATTGTCCTGGTGTAAAAGTGTCGTCCTGGCGATTCCACGAAATTAACTGCACTTGTTTCGACGGACCTCGACGGTAAATTAAGGCTTGGCGGGATTCGCGAGCCAAAAGTACGAAAAGTCTTGCAGGAGGTTTTTGGGGCATTGGTATATTATATTTGCATGTCACAAGATCTAGACTTAGACGAAACCTGTCAGACCCTTTTTGATGATGTCATGCGCATGGCGTGCCAATTTCTGGAAGAGTTGGGTAGTTTTTTTCCAGTTGCTGAAGCACTCACTAAAGAGGGGGAGTACGCATATTTTGCTATAGAGTCAGAAACTGAAAAGGCAAATGAGTTTAACGCCGAGTTTTTCAGGCTTTTCAAGGAAACAATCGAAGAAGAAAAATTCCAAGCCACTGCGGTCGCTATAAACGTTTCAGTTAAATCAGGTGTATTTAAAAAAGAAGACGCCATTCATGTAAACATACAAACTCGCATGGGCGAATTTATCGACATAATCACTTCATACAAATTGAATAAAGGAAAAGTGGAACTAGGTGCATCAATACTGAGCAATCCTGTTACAAATCAGGTTGGGCATTTATTTCCCGTTCTATGCGAATTCTCCTGGGACAATTCTTGTTTGTTTTTGTGTGTGGGTTTGGCGCAAAATCTTTTCTCTACACGAAAAGTCGAACATCTAAAAACGCAAATGAAAGCAATAGACCTTTTGCTGAAAAAGTCATCACTTCCTGGCTTTAAAGAACCTATCAATGGAGATGGTCCATTAGCTTTAATTTTGCAAATGCCTGGATATTCAGGAATTCACTATTTAAGACATTTTGCAGCTTATGTTTGGGCTGGCGAAACTAATATCCCACCTTATTCCAAAGAAAATAAAAGTGAATGGAGCAAACTCTATACTGAGAGTATGGGTAAAGCTAAAGACGGTGAGCGTTTTGATCATCTGATGTTTCATAGTGACTGTCAGGGGTTTTATGCACCAATAGAATTTGTTGAAGTTATTTTTGGTGGCGAAGAAGGGAGTGCCACCAAGATTGATGGCGATATGTTAGGCTCAAGTCAGCGCTTATTGGCAGAGTGTGAGAGTTTAGCGAAGCATTTGAAAATTCCTTCAGAACTAAAATATGACAGCGACGAACTAGTCGAAATCTTGAATGCTGAAGAATCTGAGAACGACTCTGAGACTGAATGGAAGCGCTATGCCACCGAAATTTATGTTTGTTTGAATCTGATTGAAGCGT
CP064963.1_gap118	4831531	4836189	4658	ATTGAACAGATGCTTGTTGCTGTGTTTCTGTCAGCACCATCTGCTCGATTGTGGTGCCTGTCTCAGACAAGCGCTGTTCGATCCAATTTAAACTAAGCGCAAGTGCGCTATTTTGTCCTTGTAACCGCCTGGTAAATTCAGCCACAAATGAGCTAACCATGGGGGGATTGGAGCGTGCCATATCGGCAATGACAATAATTAGATTCTTTGGATCGTTTAGTGAAACATCGAGCATTTTGTCTGCCCAAATGTCTGCCTGGTTGCGCTCGTCCATTTGTTTGGCAATACGCAAACTGATACGACGCAAATTCTCAATCAAAGCTAGGCGCAGCATAATTGGAAACGCCCATAGTTCGCCCATTTTCAATTCGGCCACTTCTTGATATGCATTGATGAAGCGACTCAAGCTCTCAGGCTCGATTCTGCCGTCACCGTGGCTGATGGCAGACAGGGCAAGCTCATAAACACGTGGAATGCCAGGCGTAGAGCCATTGACCAGTCGAGGCAACTCTCTGCTATAACCTGTGGGCAAGTGGCGTCTGGCTAAGCGAATCTGTTCTTCAATAAGATAAAAATTGTCCAGCAGCCATTCAGCAGCTGGTGTAATGCGCTCATTCGACTCGACTACTTGAGTGAGACGCGCGCATATTGTGGTTAAAATATGTTCATTGTCGTCCAGCCTATCTAAAATTCGATAGGGTTCGCCACCCGCGGCTAGCTTGTGCGATGCAGCAAATGCTTTTCCATGCCTGTACATTTGCTCCAAGCTAAATAGCTCGGAGTGAAGCGGTGCTTCATCAGCGTCATGCTCCAGAAGCAAAGTCTTCGCGATATCGGACGCCAACGCATTGACCTTAAAGAAGACGATTAATCACAGAAACAACCATAGCAGATTCTGCCTGACCCTATGCCCGTATGGCAATTGAGCCAGTTGACATCAGCCGCCGCTTATTGTTTCTGGTTCTGGTTGAAAATGCCTTCCGTTTGCTTACATTTTTTTGAAAGTGCTATGGCTTCGTCGTTTTTTCCTTCATGCAATTTCACTATTGCATTGCAGATGTCTACGGTCCAGCCATGAGTGGGATCTTTGCAATATGGCTGTTCAGATTCTTCTTTTGCCTCTTTTAAAACAGGCTCGGCATCAGCAAAACGCTTGGCTGCAATGCAGTTTGTTATATAAATTATTTGCAGACCATGAAGCATATCCAAAGTTTCAGGCTCAGTTTCAGTCCATTTTTTTACCAAGTCTGCACGAACTTTGTTTGCCTTCTCATATTCACCGTTGTAAGAGTAAGCCATGCTGAGCGCGCCATATGACTTGAGAATATCGATGTTCTTGATAGTTGGACTGGTTGTAATTTGCGAAAGTCTGGCTTCATAAGCGGTTGGATTATCGTCCGCAATTTTCATAAATGTTGGTTTGTTCTCGACCGAGATACGAACGAACTCATTCTCGTGAGTTTTAATATAGGCAGTCGGATCGAAGGCTTCATCGGGCTTTGCGTAGGCAGGAGCGAAAGTGAATAGAACTGTCGCAAGCGCTAATGTGTACTTCCTAATTAATTGCTTTGTGGTGATCACTTATTCGTACTCTTTTTTGTGGGAAGTAAATGTTCTATCTGGTAGTTTAAGGCATTTCATCTTGTTTTTTCTGCAAATTTCTTTAAACAAAATGCTTCCGCCTGCATCACCTACCATGGGGCAGTCACTTCGGATTTGATCAAGAGCTTCTTGTGCTTCTGGTGTTCGGAAGCTTGCGATTTTATTTATCGTAAAAAAGAAACTTCTTTCAAGTGGCTCGTATAAATGTTGAAGCCCTGCTTCACTATTATTTTGCATCATAGTCTGAAGAATAAACACAAGTTTTTTTAAGTCTTCTATGCGTGCTATTTTTTTGATTGCGGCCTTAAAAGCCCATGGAATCCCACCTTTACGCAACTCATTATCACTTTGAGGAATTGCTGCTAACTTTGCTGCATCTAAAACTAATTGAAGTTGTCTCGCTTCGCGAATTGTGTTTCTGTTCAATTCGCTTGCAGATGCCTGGGAGAAACTCAACAGTATTGTAAAAGCGAATACTAGTTTTTTGCTTATTACCATAGTATCAATCCCTTCCATCAAGCCATTTCTTCACACCCATTCCTGCAGCACGTCCAGTGGCGAAGCATGCTGTAAGCAAGTATCCACCCGTTGGTGCTTCCCAATCTAACATTTCTCCTGCCACAAAAATACCGGGCATAGATTTAAGCATAAGATTGTCATCCACCGATGCAAAAGTAACACCACCGGCACTACTTATGGCTTCTTCAATTGGACGCGGTCGCAGCAATCTAATCGGTAATGATTTAATTGTTTTGGCAAGAATTTGCATATCGGCAATTTGGTCTTTACTCAAAGTCTCAAACAGCAATGCTTTTTTCAATGCATTGTCGCCGATACAGTTTTGTAAATGACGCGAAATAGATCGCGACCCACGTGGACGCATTAAAGCTTTCAAAACATTGTTGAATGATTTTTCAGGTAGTAGATCAATGTTGATGACCGCCTCTTTCTGTGTATTCATATATTCGCGAATTTGCTTTGAGAAGGCGTATATCAAACTTCCTTCCACGCCATATTCTTTAATAAGTAATTCGCCTTTTTTAGACTGAGTGACACCATCGAGTCCGGTAAAAGTGAGTGATATCGCTTTTAGTGGCTCACCTGCAAATTTATCTTGCATAAGTTTTGTCCACGCAACTTCGAAACCACAATTGGCACTTTGCCACATCGCGACATCGATTCCACGCTCTTTTAGCCATGGTGCCCACGCACCAGTCGAGCCAAGCTGCGGCCAACTGGCACCACCAAGGGCAAGAATAAAAGCATCAGATTTGATACCATTCAAGCCAGTAGGTGTTTCAAAATTCAAAACTGTATCATTGCCAAATTCGCCACTAAATCCGCACCACCTGTGGTTAAAATAAAAATTAACACCTGCATTGCGTAATCTGTGAATCCACGCTCTAAGCAATGGTGCTGCCTTCATTTCGGTGGGAAAAACGCGCCCTGATGTTCCTACAAAAGTTTTGATACCAAGGTTGTGCACCCAATCGCGCAATGCATCTGGCGGAAATGAGTCTAGATATTTTTGTAGCATTTTTTGCTTATCGTCGTAGCGCGTACAAAATCTCTCGTAAGGTTCACTATGGGTGATGTTCAATCCGCCAAGTCCTGCACGTAAAAATTTGCGCCCAAGCGTGGGCATTGATTCGTAAACATCGACGCTCAAGCCAGCCTCGATTAAAACCTCAGCAGCCATCAGTCCAGCGGGACCGCCGCCCACTATTGCGACGTTTTTACAATTAATTTTCAGGTCATTTCCCATTTCGCGCAATTAAACCATGAAACCAAAAGCACTTGCCAACTTCATCCTTATATAATGACTATTTCCCATTGAACTGGCGCCGATATGAAAAGTAAGACGGACAAGCCCGAAAAAGCTGAAAAGACCACTCGCTCCAAAGCCAAGTCTAAAACCATGGAGCATAATCTGGAAATGGTTCGTGTTTGCTACGAGCACAGCCTCACTACAATCGATTATGCAGTCGTAAGCGCCATGATTGCAGGCGTCGCCCCCGCTGCTTTCACAGCTGCCCTTTCCTATTGGTTCTTGCAATGCGCCGCCATGTCGCGAGATAAGACAGAGCTTGAATTCATGCGCTGGTCGCGAGACTTCGACCTGGTTTGGAATCCGATTATTGAAGCAACTCTTGATTTTGTCGATGAATTTGAAGGCGACGTCGATTACAGCTCAATGGAAACAATTTTGATGCTGCAACACAAGTTTGGTATCAAGCATCAAGAGCTCGACGACGACGAGCTAAGCGGGCATTGTGATAAGGCAATTGCAGTGGTTGATTTTCTATTTGAAAAATTAAGCCACGAAGAAATGATTTCAGTCTCAGTTGAGATGGCAATTCTTGTAATGTGGCTCAAGGTCGCAGCGTTAGACGATCACGTAGACCCCGAGGCTTATCCCATTGTGGAGCAGAACATCTCGGCAGTGGTCGAGCGTTATAGCAAAGTACTCAGCGGCGCCCAAACTGAGTCGTAAATTCCCTCTCACGGCATCTAATGCGAAAACGGTGCTAAGGATCTTTTATCCCTTGGGAGAGGCATCATGGCTTACTTATATCGAAATTTCCTTGTGATTTTAACTGTCATAGCGGTTGTAAGTCCGCTTGGTGCAAGTGCTCAGCCTTCGGCTAACTCTAAGTTAGACACCGAGGTGGCAGATGCTATAAGCGAATCGACCGGCATTTCTGCCAAAAAGTCGCTGGAGCCCAAGAAAGCGCCTGCCATGCCCAAAAATGTGGAAAGTTCGGCTTTTGGAATCAATCCCCTAAAGTGGTTCTACGGTCCAATTACACAGATGCAAGAGACCATAGTAAAACTCGAGCAACAAATAATGCGCCTGGAGGGACCAATCGCTGGCATTCGCCAACCAATGCTCGACCTGCGCAAAGATGTTCGCACGGTTGATGCGCGTTTATTGCACGTCAACAGAGACATGCGCTCCATTGAAGCAAACATGCTAACTACTGCCGACAAAATTGCATCTTCTAATACCAAACTCGATGCCACCAACCAGGCCATTGAAGATACAAAAGAAGTGA
CP064963.1_gap119	4843769	4845610	1841	GTGGCAGCGTGGGGAGCGAAAACTTCAAACAGTGGAAGAAGCAACGCGAAGTGCAGGCATCGGGGAGGAATTGCTTCAATTCTATGTATTGCCCATGATGTCGTCGTTGTGGTCGGCCACACCCGATGTCGTTTGCAAGTTTCCCATTATTCTGTTGGCTAAATTTATGCATTCGCATGGACTACTTAGTGTTTATGGCAAACTAGACTGGTATACCGTCAAAGGTGGCTCCCAAACTTATGTCAAAAAAATGATTGAACCATTTGCTGAATGTGTCCAGCTTAAAAGTCCAGTCGACTCGGTTTTTTTACAAGATAATGGTGTCACGCTGAACATAAAGGGTAAGGAAAGTCGTTTTGATTTGTGCATCTTCGCTTGTCATGCCGATCAGGCTTTGCGTCTTTTGCCACTACCTTTGACATCAGAGCGAAAGTTATTGTCCAAATTTGAATACAGCGACAACCTAGCTACGCTACACTGTGATCAAAGCGTGATGCCAAAAACCAAAGGCAACTGGGCATCCTGGAATTACAGAATAAAAGCTCAGTCAGGCAAATTGTGTTCGTCAACACATTATTGGATGAACAGTCTGCAAAAGCTATCCAGCAAGCAAAACTATTTTGTCACTCTAGACCAAAACCCTGATATCAATCCCGAGTCAATAAAGGCACAAATTAACTACACCCATCCTATTTTTACTACTGAATCAATTCAAGCTCAAGATGAGCTTTTTCGATTGAATCAGTGTGAGACCAATCGATTGTTTTTTGTCGGTAGCTACCACGGCTACGGGTTTCATGAAGATGCCTATGCCTCGAGTGTGAATCTTTGTCAGTCAATATTGCGAAGATCGATTGCATGAAGTCAGCAATCTACGAGTTTTCCATAGAACATCACCGATTGTCACCCAAGCGACACAGCTTCAAAAATAAGCATTACATGTTTTTGTTTGATCTAGACGAATTAGACGAGCTAGATCGTAATTTAAAATTATTTTCGCATCATGGGCGTGCACTGTTTAATTTCAGAAATAGCGACTATTCCTATGCAGGCGATGATTCGGCAAGAAGTAAACTCAATCGTTTTTTACTGAACGAAAGTGCAATGTGCCGGTTGAAAAAGTATTACTACTCACAAGTCCCAGACATTTGGGATACGTTTTCAATCCGCTTTCTGTTTACTACTGCTTTGACAAGAATGAAAAACTCAGTCTAGTGGTACCAGAAATTTGCAACACTTTTCACGAGCGAAAGTCATATTTGATCTGTCAAAATGACGATGCACAGACTAGTTTTAAAGCATGCTTTGCTAAAGAGTTTTATATCAGCCCTTTTACTAACTTGGACGATATATTGCATTTTGAATTCAGCGAGCCTGGCGAATTGCTAAATGTTCAAGTCACCACCAAGCGAAATGATCAGACTATTCTCATTGCTTCAATGAGCGGGCGGCGTCGAGAACTAACTGATAGTGCGCTTTTAGATTGTATGCGCAAATATCCATTTAGTAATTTTTTGGTTTCAGCAGGCATTCATGCTCATGCACTCCTGTTATGGTTAAAAGGTGTTCCTCACTTGAGAAAAGAATTGAACCCTCATTTGCAGACTAATATCTTGAGGAGAATGTCCAAGTGAAAATGCTTCGACAACTGGTGCTGCAATCTCTGATTTCTATGCCGCAAGGAAATCTGGTGCTAACATTGCCCGATGGATCTGTTCATAAAAACGAGTCGCAAAGCCCCGGAGCAGATATTGAAGTTAATGTGAATTCTTGGACCTTTTTTGATCGGTGCATCAAATTTGGTGCCATAGGTTTTGCCGAATCATACATTAATGGAGAGT
CP064963.1_gap120	4849537	4851171	1634	AAAGGTCGCGCAAATGAAGGGCGCGCTCAAGTGCGCCCGAGGTAATAGGTGTAATCATTATACTCTCCGGAATTAATCGAATTAATGTGATTTAGGTGCAAACAAAAAATCCCCGCTTCTCAGTAGCTGGGGAGTATGTTCAGACATCAATTCGCAAATTCGTGCGCTAGAGCCGACGATAACTAACACCCAGACTTCAGGAGTCGGGGTTTCTAAATCGTTTTGTGATCGGCAATAACAAATTCATGACTGGTCTCAAAATGGTGACTATTTAAACATACCCAAACTTTACCGATTTGGCAACATAAATCTGCGATACAATTTTAGGCAACTAAAGCACGCCAAAGGAAAAAACAATGAATAGCAAAGGTGAATTCCTTCCTTCCAATACGTTCAGGATTGAGCGCCTTGTGCCGGGTCCTATCGAGCTGGTCTTTGACCATTTTGCTAAATCAGAATTATTTAGTAAATGGCTGATGAAATGCTCAATTCAGCCTGAGCTTGGCGGACTCATTACGCTTCAAGTTGACCCAGTTCCTCCTGGCACCCACGACACAGACCAGATAGAACCGCATGTATGCTGGATTCGCGGACTCATAAATGAATTCGATCCGCCGCATGTTCTTGCATTCTCCTGGAATGAATCAAGTTACAACGCTGCGACGCACTTCAAAATTGAATTAGCCGAGCGCGACGGGCAGGTTCATCTTGTATTGACGCATAGCCACCTCAATCCCGAGGTGATGGCTGCTGTTGCTGCTGGTTGGCATACGCATCTTGAGTCGATGATCGCTCTGGTCAAAGGCGAAGAGATACCTGACTTCACCAAAACTTTCGAGCGCCTTTTGGCAGAGTATCGTGTGATATTGGCTGGTGCATCAGTTGTTGTCGTCACCGCTACCGCGACACCAGCGGTGGCATCAGATTTGAGCAGCGATGCTTACAAAGCTGTCAGCACTCATCGACAAGAGTTATTGATCAAATACGATTCTGTATGGAAAGACGCTGACCATCTGCAGTCGGACATAAATATTCTTGAGCGAGCAAATGAGCGCGACGAAAAATCTATAGATATTTTGTATCGCGACTTGAAAGAGAAGAAAGATTCTTTGCGAAAGATCGAATTGGATATTCGCGATTTAGATAAGGTGCTGAGTTAGTTCTCCCGCAAAACAGGAAATACCCTATAGCCCCAGGCGGGTTGCTCTGCCAATATGTCATTGGACATCAAATGCGGGTGAGCCGGTATGAGACTGATCAGGTTATGGTTACTGACCGCTTTTGCTTTGGCAACAAGCTTTGCGAGCAGTTCTCTCGCCCAGGTGAAGGCCGATGGTAATCTGCTAGAAGCTTATAAAGCTGACTTACAAAGGCGGGTTATGCGCAGCTATTTTCCCCCTAAGTGTATGTCGCCTGGATTGACCCAAGTGGCATTCAGCATCGAGAAAAACGGTGGGATAACATGTGTCAAACTGAAGAAGAGTTCGGGTTGTCCTTTATACGATAGATCGGCTCTGGAGGCTGTTGAGCGTGCGGTGCCCTACAAGCCTTTGCCCGACGACCGTGCTAATTTAAATGTGGCAGTCAATTTCGACATGGGCAGGATTTGGAGCAAGAAATCGGTGGTCACAATT
CP064963.1_gap121	4948352	4951821	3469	TGGCGGCGTAATTGCAGTCAAGCTCGGACCACCTGAGCCCTCAATCGCCGGCGTCGCTATTCTGCCTGTGGCAATGGGTTCCATCATCATGGTTGTGTGTTTGGCACTTATGGGAAACAGCCAGAAGAGATACCGAAAAAAGGCATGACAAGCCAAGCGGTGAGAACGATTTAATCTCGTGTGCTCATGAATTCTTCATTACTTACGGTTGTTGTTCTTGCTCTTTTTCTTTTAATTGCTTTTCCAGTGCTTTCATTTGTGGATATACAGATGGCTTGTAGAGCGTGTATCTGACACCACCGAAAATACGAAAGTCGAAGCCACTAAGACCTGGTGCGCTGTGTGATTGTGTGTTCCAGATTGGTTCTGCGCGGACGAAGGCATCGAGCCCAGGAAGTCGTTTGCGCGAGACAGGTCTTGCTGCCTCGAAATCACAAATAATAGAAGAGTTTGGAGTTGGCGGGATGGCATGCCTGTTTCTGAAGTTATTCACCATCGTGCAAGTCGATGTGAAAGACCAATCACCTTTTCTATATAAAAGACCAAGTGTATAAAATGGGTCGATTTCGCGCGTTGGTCCTTGAAAAATGTAATGACTTCGCATCTGTAATTGAGAGTTGAAGAATCCGATGAAACGCGGACTAAAGTAATGTGTTAGTGTCAACCCCGGTATCATGTCAGCCTGGTTGACACCACGTCCTTGAAATAATTGTCGAATTTGATAATTGAGCTGCAAATTGGTTTTCTTGCCCAGTGCAATGTCGTGTTGGATGCCACCAGATACTGACTGAAAAGTAATTGGATTCAAAAACGCTGTGTTAGCAAAGACGTCTTTAACTACGAAATAGTTGGCGTAGACACTTGTTTTAGGTAGAAGGTTATAACCTAAAGTGACATTGGGCAATGCGCGAAAAACATAGTCGCGGTGCGGATTATTGACTGTGCTGAGCACGTTACTTTCGAAACGTTGCGAGACTTCAGTAACCGAGGAGAAATACATGCGTGCAGGTAATTTCTCAAGTATAGTCGCTTTCCACGGTGATGATAAAAGCTCGCGCTCATCGCCAATATGAGTCGGTGTTTGGTCTGTAGAAATAATGGACGGGTTGCCCACCGGATTTGCTGCTAATTGAAACGCAGTGTTTTGCAATGTAATTGGCAATAAGCTTGGTTGTGGGCGCAAGAAGATGCCATCGGGTGTGGTGCTTTGCGCATATACGGGTGCTGCTAAAAGTCCTGCGATCATTGCGCTTACAAATAGTTTTAAACTAAAGGAGTGAATTGCCATTAGTTTCTTAACCCGGCATTTGGTGCTATTGCTTTCTCGTTGAATCGAGGCGCTCTATAAAAATCGTCGAAGCTGGGCGAAACTGCAGCATGAGCTGCTGCTGTTTTTAAAATGCCTTTGGTGGCACGTTTGTCGAATGCGCTTTTTCTTTGCCATGCACCTAAATACATCGGACTTATCAAAAGTGATACCACCGAAAAACTATTACTGGTGGCGGTCATTGAATTGCCATCGATATCGTGCATGGTGACTTCTTTTCTGCCTATGCCATCGCGTGGAAGAACTTCGAACTGGGCAGGACGATGATCGAATACGGCAAACTCTTGCGAAGGTCTTATTCGTCTATATTTATTTGCGTGATGGAAAGTAAGTCCATTGCCTGAGCAGCATAAAATGCGCACTTCGCCTGGTGTACATTTCACTAGAAAGCGACTTCCTGCTTTAGAATGAATAGAGCCAAGCGGTGTTTGAATAGTGAGATCACGGTCTGGAAAAAAGAAATCTTTGCCTTCCGCCAGTGAAACCTCATTGTTTCGACCTACCGATTGAAGACCATAACAGTCTCCGATTATCATCAGTGGTTTAGACTGGGATGAAGAATTTAAATTGTTTGCAGTAACACCTGAGTTGTTAAGGGGCTCTTCTTCAAGTTGAACGCTCGACAAAGATTGAGTGGGCACCACGCTGACACCATTGCCACAATCTATAGAAACTGGACTGTTTGCAGTCTTAATCAGAGCAGACCCTCTGACCAAACGAAAGTTATTGCCGGTATCTTCTATCACTGTTCCGGCGGAGCCAGTGATTGTTGCAGCGCCTTTGGTCTTGAGGACTTGGTTGTTTGAGCTGAAAAAATAGGAGTCATAGAGTTCGGTCGACTGAGCAAAAACGGCACCAACACCTATTTGCGCCAAAGCGGACGCAATCGCCAATGTTAGAAACCTTTTTCGCAAGTAGGGTCCCCCCAGAAGCCAAACAAGCATAGTAGTCAGCGCTTATTTTAACTTCTTGAAGAGTGGTCTATGAGAGGAATGTTTTACAGTCGCCCATTTCCTGAACTCTGAGTTTATCTTCCGCTGCTTTTTCGGGCTCTTTTAATGCGATATAAGTTTCTGCTCTAAAGTGATACGCTTCGACGTTATACGGATTTAAATCAATTGCCTTTTGAATAAGCTCCAAGCCCTGTTCGGGTTGATTCATTCTAGTTTTTATCAGTCCGGCGATTGCAAAATTGCCACTGACTTTACTTGTGTGGAGGGCCATATTGCTTGATTCCAACGCTTTATCTAGTTTGTCCTGTTTGAGCAGAATGCGCGCGTTTATTGCTTGAGCGGATGCTAAATAAGCAGGCGGCATACGCATTTTAAGCAATTTAGTCATACTTTCAGATGCTTTTTCAATTTCTCCATTAAGGAGGAAAATATAGGAATCCATAAGTAAGAAGTAGAACGGGTGAAAATGTTTGCCAATACCGACATCTTTTAAAAACGCCATCGAATCATCTTTGTTGTTTTGCATTGCTGATATCAATGATTGAGTTTCTTTGAAAGCAGACTTAAAATACGCATCAAAAAATCTGAAACGAGTTGCACCACTCTTAAGTTCGTCACAAGCTTCGTTCAGTTTATTCATGCCGAGGAACGCAAGAGCTTTAAGTTGATAACCTAGTGGGTTCGAGGACCTTATTGCGATGCATTTTTCGCTATACTCAAGAGCTTTTTCGTATTTGCTTAGTGAGTTATAAAACGTGGATGCTAGGCTCAGAAGATCAAAATCATTGGGACGTTTTTCAAGCTCAGCAAGAGTTTCCTTGAGCGCTGCTTCGACATCTCCTTGGTTGTATTTTAGTACTGGTTTATTTAGTCTTATCGATTTAATTAAAAGCGGTATTCCAGCGATAAGACAAAAGATTGGAATTGATAACGAACGCGTTAGGCTTAACCAGTAGCTTGGGTTTTCAGGTTGCCACAGGTTTAACAGAAATACCAACAAGCAGCAGATCACAGGCAAGTAATTTCGCTGCAGTAATAGTATCCAGCAAAAGGTTGAGACAATAAAGGCTGGCATAACTATTTTAAGTACTAGCTCTAAATTTGCTCCTGGACTTGATGATTCGATTTGCCACCATAAATGCCACCATCTGAATTGATTAGCTTTCTTCGCCTTCTTTAGCATTTTAAT
CP064963.1_gap122	5037410	5037910	500	ACAGGCACCATTACTCGATTGATTTTTCTGACTATGCAATCACGGCAAAAAATAAACTTGGTCGCTCGGCTGAGATACCGGAAGTTTAGCCAAAGTTGAGGAGTTACTTGGAATTACATTTTCAGAAGATAGAACTTTGCGCGTTCCGCTGAGAATTTTTGATGAACATCAAAAGAAATGGATTTAACAGTGAAAATATGCTGGTCGCCACAAACGCAGAGTTTCATCAACCAAGACTGGATGGAACGATACGTCACACGAATTGGCACAAGCATTGGGTGAGATTCGCAATTGGACATATAGGAAAGGAGCGTCACCAATGGGCGAAAAACGCACTCGCAGAAATATCTTTACGATGAAGAAATCGAACTGATAAAAACCGCAGAGGTACGTCTTTTGCAAGCTGTAAAACTCAAAAATCTAAAGAGCTTGAATTATCTGGACTTTCGTATAGACAAATTAACTCAAATAAAGAATATTTGACGCTTTGGGCACGATTA
