gap_id	start	end	length	sequence
CP063375.1_gap1	45427	50421	4994	TTGGCTATCTGAAAATCCCTATTGTTGTCCATAATCAAAATGGTGATATCATATTGACAAATGACACCGCCAAGTCGGTTATAGATGAAAAAAACATAAATGAATTAATTAATAACAAGTCCAATGAAGCTCAATCTCAAAAAATTGTCATTATAAAAACACAAAAAGGCTTAAAGAAATTCAATATAGATACGGTGGCTATTGAAAAGGATAAATCGCTAAGCTATTTTACGGATATTTCAGAGCTCAATGAACTAAAAAAACAAATTTATATGGCTCAAAATCAGGCTGCGATAGGACTTTTGACCTCCGGGCTGAGTCATGATTTCAAAAATATACTTCAAAATATAAACATTTATCTATCTTTAATAAAACAAAGTAAAAACTATGAAGATATAGCCGCATACTGCAATACTATAAAGCAGCTTGTGGATGACTCCAATTCATTTATAAAAAGTATTCTTGATCTTTCAAAAAACCAAAATAAAGAATTTGAAAAGATTAACTTAAACAATTTTTTAAAAGAAACCATGTCTATCATTGAAAAAACTTCAACCGTTAAGACAACTATTTCTTATATGAACTTTGCTACGGAAGTAAACATTACCACCATCCCTTCAATGCTCAGACAGATACTCATAAATCTTTCTCAAAATGCCCTTGAGGCTCTCAAAGATTCAGAGTCAGGCCTGATAAGTATTACTGTTGAAAAAATAAGTATTAAATTGATTGATTTTATTAGAATCGACTTAAAAGATAACGGTAAAGGGATAAAAAAAGAAGACCTCGATAAAATTTTCAGCCCATTTTATACTACTAACAAAATCTCTGGCACTGGGCTTGGCCTTACAATGGCAAAGATTCTTATAAAAGAGCTTGGAGGATTTATCGAGGCGGACAGCAAAATTGGAGAGTGGACATGTTTCTCAATATATCTGCCGATACGCTAAGAGCAAATTTCGATAGCTATATCAATACGGTTTTCAAGCATTCCCTTTTTTTAAAAAATTTCTTTAATAAATATAAATTATATAAAGAGATAGTCATTGAAAAGCTTATTAAGGAAAGGTCTGTAAAAGAAATTTTAGATGACTTTAAAAGTGTTGACTATTTAAATTTGAATGAAAATGAATTTCTAAGCTTTATCAGAAAAATTAAATATCAAGAATACCTTGTTATTGCCATTAAGGATTTGTGTTTATCTTGTCCCATAAAAGAGTTAACCGCTCATATCTCATCGTTTGCCAAGGCTGCCTTAGAAGTGGCATATGAGTATGCTCTCAACCAATTAAAACTTGAATACGGGAATCCTCTTGATGAAAATGGAAATGAGATCGGCTTTTGCGTACTTGCCCTTGGGAAATTCGGAGGATGGGAGCTGAATTTTAGCTCTGATATTGACATTATTTATGTTTATGAAACAGAAAAAGGGAATTGCAGCAAAGCTAACATATCTGTCCATGAGTTTTTCTGTAAACTCGGAGAAAAGATAAAATATCTTCTTAACGAAAGGACGGAAGACGGAATAGTATACAGGGTTGATTTAAGATTAAGACCAGACGGTGATATCGGGGATATAGCTCTCCCTTTGAGAAGCTATGAAATATATTATGAAACATACGGACAAAGCTGGGAAAGGATGATGCTACTAAAAGCTTTACCTGTAGCTGGAAGTGCGGAATTGGGCTTAAAGTTTCTTGATAGTGTGAAACCTTTTGTTTTCAGAAGAAGTATAGACACAAGACTGATAGATGACCTTATCAACATTAAATCAAAAATTAACAGCAGAGTAAAATTTAAAAAACAAGATAAAAATGTAAAATTGGGCTATGGCGGGATAAGAGAGATAGAGTTTGTTGTCCAGAGTACGCAAATATTATATTACCCTAAAGACAATAACATCTTTAATCGCAACACACTTACTTCCCTTGAGATATTTAAAGAGAAAAAAGTATTCCCTGACAAAGATATCGATGATTTGATAAAAAGTTACAACTTTTTAAGAAAGCTCGAGCACATGGCTCAAATAGAGCTTGAGCAGCAAACACATGTTGTCCCGGAAAAATCGGAAAATTATCAAAATTATCTCGAGAGGTGCGGTTTTAAAACCAAAGATGAATTTGAAAAAAAGTATACGGAAGTAACCTCAAGGGTAAACAGTATTTTCGAAAACATCTTAAAAAATGAGTCAGGTGACTCAAACGATTTGTTTCTATTTGACGAAGAATTGCAGCTTTCTGACATGGCAGCCATTTTAAAAGGTTTAAATATTAATAAACCTCAGGAGTGTGCCGAAATATTGGATAATATAATAAAAGGGAAAGGGAGAAAAAAGAGATTTGCAAAAGATAGAGAATTGCTAAAAAAAATATTAAGCCTTCTCGTAAAAGAGCTTGCCGATATAAAAGATCCGGTAGAAACTTTAAAAAATTTTGAAAGATTTTTTTCAGTCACCACTTCAATATATCTATTTTATGATATTTTTTCCGAGTCAGGCACATTTTTAAAGAAACTCGTAAATATTTTTTCCCTAAGTCCGTATCTTTCAAATACTATTATTCGAAATAACAATGTGCTTGATTACATTTACGACCCCAAACCATACAGTTACAACCACCATGAGCTTTGTGGCCAACTTTTCCAAATAGCTGAAAATGCCGGAAATATTGAGTATGAATATGAACTAATAAGAAGAGCACACCAAGAGCTTGTCTTTAATCTCGGATATGCTTACATAAATAAAGATGTAAACGTAATTCAGCTGACAACAAACCTTACAAACCTTGCAAAAGCCTGCATATGCCTGGCTTTAAGAAGGGAGTTTGATATCCTTAAGGAAAAGTATGGCAACCCTGCCATAAATGATAAATTTTGTGATTTCTTGGTCATAGGGATGGGGAAACTTGGAAGCTATGAAATGAGCTTTGGTTCTGACCTTGATATTATCGTACTTTATGAAGATAAAGGCTACACTGACGGAAAAATATCTATCACCAACCAAGAGTTCTACTCAAAGCTTATTCAAAGAGCAATTTCATATCTGAGCACTCAGACAGTGTTTGGATATTTATACAAAATAGATATGAGATTGCGTCCAAGCGGCTCTTCAGGGACGTTGGTAACGACATTGGACTCTTTTAGAGAATACCAAAAAAATAAAGCTATGTTGTGGGAAAAACAGGCACTTATTCGAGCCAGTGTAATCAATGAAGATTCTGCAATTTCCAATACTTTCAAAGAGATAAAAGATGAGACCCTTTACAGTGGTAGTATCACAAGCGAGCAAATCGAAGAAATATACGACATGAGACTCAGAATAGAAAGGGAAAAAGGCTCACCGGCCACAAAAAACGATATTAAATCAGGCTACGGAGGGTTGATTGATATTGAGTTTGCTGTTCAAATGCTGCTATTAAAATACGGTCATGCTTTTCCACAAATAAGAAAAACAAATACTCATAGTGCATTACATGAGCTGAAAAAAGCAGAGCTGATAAAAAGTAGAGATTTTTATGCACTTCACAACAGCTACTTATTTTTTAGAAATCTTGAAAATTTGATAAGAGTTTATAAAAACTCATCATCTTCGGTATTGCCCAAAGATGATGAAACCCTTGAAAAATTAAGTACATTTTTCGGTTATAAGCAAAATGGAGCAGAAAAGTTAATGAACGAATATCTCACGGCGAGAAAATCTGTCAGAGCGGCATTTAACAGGCTATTTGGCAAATGATTATGAATGAAGTTATTTTTATTCTTAATTATGAGTCATTTAAAGATAGACTCTTTGATATTGCACTCAAGGCAGCGCCTTACGCCGATAAGATTTGGTTTAGAATCAAGTCTGAAAGTACGGCTGTAATCTTCAAATTGGCAAAAGAGCTTAGAAATATTTTACCTGATAAGTATCTTATCCTCTCAGAGAGACCGGAAATAGCGCATATTTTAAACTATAATGCAGTTCATCTTAATCACACCTGTTCAAAACTGATTTGTCTAAAAAAGATATTTACCAAATTGGATTTTGGCTATTCTGCCCACACTATTGCTGAAATTAAAGAAAAACAAGAGTTTGATTACTTTACATTGAGTCCCATTTTTATGACAGATAAACCATACGAAGTAAAACCTTTAGGGGTAATAGATGTGAGTAGTATAAACAAAAAAATTTATGCGCTCGGTGGTATTAACATTTCAAACGTAAATAGCTTAAAAAATAAGGGATACTCAGGCATTGCCGGAATATCCCTTTATAAGTATATTGAAAGTATTAAAAAATAGTTGACTTAACCGTGAAAACCAAGTCTCTTTGAAATCTCCCTCGCATATTTCTGAACAACAGGGAGGATTTCATTATTCATCCTTTCATAGCTCATTCTACAAGCCGGGCCTGTAACACTAAGAGCTGCAACAGGGACACCCAAATAGTCCTTAACTGGGACAGCTATACATCTGACAGAATCTTCAAATTCTTCATCATCAAAAGCGTAGTCCTTTTCCGCTACAATTTTGAGATGTTTTTTAAGCTCAGGTAAAGATGTAATAGTATTGTCTGTATATCTCTTTAATCTTGCGCCCATGTAGACTTTGTTTATCTCCTCTTCTGAGGCATAGGCAAGCTGAATTTTACCAATAGCGGTGCAGTAAGCAGGCGCATCTTTGCCTACCCTGGAAACAATCCTTACTGTCTGGTCAGCCTCAACTATATCAAGATATATTACGGCACCTTCACGCAAAATACCTATATAAACAGACTCCTTTGTCTCAGCTACAATCTTTTCCATAAAAGGTTTTGCAAGCTTCAACAGCCCAAGCTTATTGACAAACTTCTGCCCAAGATTAAAAATCCCGATACCAAGCCTGTAGTTTTCGGTAAACTGATTTTGCTCGATATAGCCGCGAGACTCAAGAGTAGCAAGAAGTCTAAAAACGTTATTTTTATGCAGCCCCAAAGTCTTACTCAGCTCAGTCACTCCGTATTCTTCCCTCTTCTC
CP063375.1_gap2	62745	65788	3043	CGGCTCATAACCGGTAGGTCCCAGGTTCGATTCCTGGTTGGCCCATTTTTTGAGTCACAATTAAAGTCGACTCATTTTGGATTGATATGTCAGTTGATATTATAAATATATTAAATTTCTTTGAAAAAAGTTTCTCGGATATTACAAGACAGTATGAATGGGATAACAGTAATCGACAGATTATTGTTGATTACGGCAAGGTCAAAAAAGTTGCTTTGGCTTTAGACCCTACTAAACAGGTAATTAAAAAAGCAATAGATAAGGGGTGTGAGTTGCTTATAACTCATCACCCCCTTTTTTTTGGCAAAATCAACTCGATAACAAAAGGTAACTTACTTTCCGACAAAATAATTGTTGCCATTCAAAACAAGCTTAATATAGCCTCATACCATACAAACCTCGACTTGGCTGATTTCAGTCTAAACGATTATCTTGCAGAAAAACTGGATGCACAAGTGATAGATGGGTTTATAAAAGAAGGGAGTGAAAAATATTATAAATTTGTCGTTTATACTCCTGTAGGCTACGAAAATAGAATAATCGAAGCATTTGACTTATCAGGCGCAGGGCATATTGGGAATTATAAAAAATGTACATTTTCAACAATCGGCACTGGGACATTTGAGCCGGGTGATAATACAAAGCCTTTTATAGGGGAGCACGGTGTTTTTGAAGAGGTAAAGGAAGCACGAATTGAGACAATAGTCCCTGAAAAAAACTTAAGCAGACTTGTCAAAAACGTTATCAATGCCCACCCTTACGAAGAAGTTGCATATGATATTTATCCTATAGAAATCAGTAAAACTTACAGCCTTGGAAGGGTATGCAAACTCAGCAATAAAACTGATTTGAAGAGCTTTATCGGTCATATTTCTCAAAAATTGGACTGTGAAATTAAATACAATTTTTTTGACGACAACTTAATTTTTGACGAATTTGCCGTAGTGACAGGTAGCGGAGCATCACTTTGGAAACATTGCAAACAAAAAGGTATAAAGGTATTTTTGACAGGAGATTTAAAGCACCATGATGCACTCGACGCAAAGGAGGAAGGGGTTGTAATACTTGATGCAGGGCACTATTCTACTGAAAAAATATTTATGGAATACATACAAAAGGTATTAGAAACGAAATTTGGAATAGAAGTTATAATAATCGATGAAGAAGAAAGCATAAAAATTTGGAGGTAGGTATGCTACAAGAGCTTGAAAATTTAAGAATTTTACAAAAGATTGACAATCAAATCAATGATATAGAGGTATTTTTATCCGTTGTCCCTAAATCTATCCTTGATTTGCAACAAGCATTTGAAGAAAAAAACAGTAAGTTTGAAGAGATCAACAATCAGATGGTTTCTACAAAAGAGGAAAAATTGATATCAGAAAAGGAGTACGAAGAGAAAAAGAGTCTTCTCTCAAACGCTCAAAAAAAGCTCTCAACCGTAAAAAATAACAAGGAATATGAAGCTGTATTAAAAGAGCTTGATACCCTTAAAAAAGAGATAAACAATCTTGAGTATAAAGTATTGGAATTATCTGATAACCTTGAAAAATATACAAAAGAAACAGAAGAGCTAAAAGTAGAGGTATCCAAAATAGAAGAAGAGCTTAATAAACTAAAAACTGAAAAAGACGAAGCAAACAAAGACAAAATCAATGAGCTGAGCAAACTCAAAGAAGAAAGGGATGAAGCGGCAGGAAAAATAAAGAAGCAACTTTTGTCAAAATATGAAACTATCAGAAAAGTAAGAAATAACCTTGCAATCGTCCGTGTAGAAAATGAAACATGCACAGGATGTTACATGAAAGTACCACCTCAACTTTTTGTTGAAGTAAAGAAAAATACAAATATTCAACAGTGTCCTAACTGTCAAAGATTTTTATATTATATTGAAGAAAGCGAATAATAGTGAAGTACAAAATTTTTTCTGACGGCGCATCAAGTGGCAACCCTGGGCCTGCGGGGTGCGGATACGTTATTTATGACGAAAATGGCAATATAGTTGTTGATGAATCAAGACCGCTTGGTATAGCCACGAATAATGTAGCCGAATATTCAGGACTTTTATACGCTCTTCAAAAGGTATTGACATTTAACCCCGAATCTATTGAAATTTACCTTGACTCTGAGCTCATTGTTAAACAAATTAAAGGGGAATATAAAGTTAAAAACCTTGTACTAAAAGAGTATTACGATAAGGTAAATCATTTGCTAAAAAACCTGAAATATGAAATAAAACATATCCCAAGGGAAATGAACAAGTATGCTGACAAACTTGCTAAAAATGCTTGCGAGGTAAGTATTTAAATGATTCCCATTTTACTCTTGTCAAACAATATTGACGAGATAAAGACAGTTTCAAAGATATGTCAAAATAATGAGTTAATGTTTATCTTTGTTGATAATGAAGAACAATTTAGAAATATACTCTTAAATGAAAAAATTATAGTTTCTATAGTCAGCTCTTCATTAAGTAAAGACCCTAAAAAATTAATTGAAGACTTGAGAGAATCAGGTTGTAACACTTCATTTATATACATTGGAGACAAATCATTTGAAAAAGCAAGACTGCTTTTGAAGGCCGGATATTATGATTATTTATCTCACGATTATGAAGAATATGAGCTTGAAAGCTCTATAAATGAGGCAGTGGAAAATGTATTCGCTTTTGAAAAGATTAAAAGTCTCAGTGAAAATCTTGAGCAAACCAACAAAGATTTGCTAAAAAAAACCGAAGAGCTTGAAAACGAAAAGAAAAATCTTGGACTACATATCGAAACATTAAACAAAATACAGCAGTTTGTTAAAGAAATCAGTATAAATAAAGACATTAATCAAATAGTTTCAATAACACTAAAATATCTAAACGAAAAATTCGGTGACAGAATAATATTTTTTACTCTAATTGAAGATTTCACTGAAACCATTGCCGGCACTTGTAATATTAGTAAAAGTGTGGTGGAAAATATTACATTCGACTTAAAAGACTTAAAGGCTTCACCATGGGCAACCATTATTTTAGAGCAAAAGTCAAACATTTATA
CP063375.1_gap3	175458	179083	3625	TACATACAAATTTTACAAAACTTACTTCATTTTTAAAACAGTTATCACACAGATAATCAAGAGATGAGATTTTGCAACCGCAAGCTGCACATTCGGAATAAAAAACTTCATCTAATAATGAGTGATTCACCTGTCATCTGCTCTGGCTTACTTATACCCATTATATCCAAAATAGTCGGAGCTATGTCAGCTAATTTTACATCTTTATGCTGTTTTAGTTTACAGTCGTAATTATAGACAATAAAATGAACGGGATTTGTCGTATGGGCAGTGTGTGGCTGATTATTTTCAAAATCCCACATCTGCTCACAATTACCATGATCAGCAGTAACAATCAAAACGGAATCGGTCTTATCGGCAATCTTTATTACCTTTCCGAGGGCATTATCAACAGCCTTGCAAGCCTTTATGGCAGCCTCTTCAACCCCAGTGTGGCCAACCATATCGGGATTTGCAAAATTCATTACAACCAATTGAATATTTTCATTGAGATAGATATTTTCAAACTCTTGAACCACTTTATCAACACTCATCTCAGGTTTTTTATCGTAAGTAGCGACTTCCTTCGGAGAAGGTATTAATATCCTCTTTTCATTATCAAACTCAACCTCACGCCCACCGTTAAAGAAAAAGGTAACGTGAGCATATTTTTCCGTCTCCGCAATTCTAAGCTGAGTAAGTCCATCATTACTAATCACTTCGCCAAGTGTATTTTTCAAATCTTCCGGCGGAAACGCTATATCAAAGTTAAAGTTTTCATCATACTCGGTCATTGTAATATATTCGACTTTGACAACCTTATCTCTCACAAAACCATTAAAATCCTTATCTGTTATAGCCGTAGTAAGCTCTCTTGCCCTATCAGCTCTAAAATTAAAGAAAAATATCCCGTCGCCATCTTCAAGCCCTTTATAGTTTACCATAGAGGCAGGCTCAATAAACTCATCCGTGATATCATTTCCATAAGATTTTAAAATATATTCAGAAGGGGTTTCTAAAACCTTTCCTTCAGCCCCAACTATTGCGCTATAAGCCTTTTGAACCCTGTCCCATCTTTTGTCTCTGTCCATCGCATAATATCTGCCTGATATGGTAGCAATCTCGCCGTAACCGATAGTATTAAGATATTCTTGCAATTCACTTATATAATTTTTACCGCTTTTAGGAGGAGTATCCCTACCATCCATAAAAGGGTGGATATAGCTTTTTTCAACACCAAAATCTTTTGCCATTTTTACAAGTGCCTTTAGGTGGTCGATATGGCTGTGGACTCCACCGTTACTTAAAAGTCCAAGAAAATGTGCACTTTTACCTTTACTTTTAAGTTTTTCAAAAAATTTTACAATGTTTGTATTTTCATATATCTGATTAGTCTCAACAGCTTTGTTAATCCTTAAAAAATCCTGATAGACCACTCTTCCCGCACCAATATTCGTATGCCCGACTTCAGAGTTGCCCATCTGCCCTTTCGGCAAACCAACCCACTCTTCGCTGGCATTCATAATGGTCCATGAAGCATTTGCCAAAAGAAAGTTATAATTTACGGGATTTGACAATTTTATGGCATTATGCTCGCTACTTTCTCTGACACCCCAACCGTCAAGGATTAACAAAATAACTTTTCTCATGAAAGCTACATCCTTATTACACCTTTTTTCTCAAGCTCACTTTTACAATCGGTGCAATATCTTGCAAAAGGCACATATTCGAGTCTCTTCTCTTCAATATCTTCGCCACACTCAATACAAACTCCGTAAGTACCTTCTTCAAGCCTTTTCAAAGCCTGCTGCACCAATCTTAATTTAAGGGCATCCGTTTCAACTCTACCCAACATCAAATTTTTATTGTATAAATTATAAGCTTCGTCAGCCGAGTCATTCCCATCATTGTCTTCGCCCAAGCTGATGGCTTCTTCATATCTTGATTTTAAAGACGCCAATAGCTCTTTTTTCATCTTTAGTAATCTTTCACGGTACATCTCTGTTTTTTTAGGATCCATTTGTTCCTCCTAATAGTCTTAAGATCTGTCTGCTACTTATGATAGGGATGACCAAACTTAATTGTCATTCCCCTATATATCTGTTCAGTTAACACCACAAGTGCCAACTGATGTGCCAACGTTAGCTTTGATAATGAAATTACTTCATCACAATTTTCTGTCAAGGTATTATCGTGCCCGTGAGAGCCGCCAATCAAAAAAGCCAGTTTCTTTTTATTTTCCAACAAATTGTTAAGCCATTTTGAAAACTCGAAAGAGTCAAAAACTTTTCCTGTTTCATCAAGAAGTATCCTGTAAAATCCGTTTGAAGCATCTTTCAATCTCTTGCCATCTTCACGCTTTACAATAGCCGGGTCACTGAAATTTGAGCTTTTGAAGTCGGTAAAATCAATTTTTACATATCCCGACAATCTTTTAGCATATTCTTTGAACATATTTTGAGCCGCCTTATCACTCAATTTAGAGGCCATTACAATCTTAATTTCCATAAATTGCGGTAACATATATATGACAATGGGTATGGTGTCAATATCTTTATTGTCTGACCATATATTTGTAATAATTAAAATTTATAAAAACCTATTACCTTTAAGCTCTTGAATTAAATTTTGAAGTATATTTTCCGGTATCCCTGTTTTCTGAGAAACATCTTTCAAGTCTGTGCTTAAAACATTTTTTATATCTGGATATTCAATTAAAAGTTTCTTAGCACGTTTTTCCCCGATACCCTTGATTTCCGTCAAACCTGACTTTTTCAAGTTGCTCAATGCACTTTTTCTTGCATACTCTATTACAAAACGGTGGGCTTCATCCCTTATCTTTTGCACAAACAAAAGAAAAGCGTCATTTTTTTTAAAATTTAACGGATTTTTTCTATTGTGTATAAAAATATATTCGGGGGAAACATCGCTTTCAATCTTTTCATCAAATCCTTTACTTCTCCCCTTAGCAATCGCTATAATTGATGCAGCAATATTGCATTCTTCAAACCCCTTAATCGCTGCGTTAAGCTGCCCAAGTCCGCCATCAATTACATAAAGGTCACTTTTCTCCTCTTCACCAGCTACTATCTTTTCCCCTTTTCTTTTCATAACCTGATAAATACTCTCAAAGTCATTATTGGTTATATCTCTTATTTTATACCTTCTATACCTGCTCTTATCAAATTTCTGTTCGTTAAAATCAAAACATACGGAAGCCCCGACAGTAAAATTCCCGTAGATATGCGAAATATCAATACACTCTATGTTTTTAACATCTTTTTCTCCGACAATCTTCTTAAAAGCGGATTTAATTTTATCTATTCCAAGCTCACTCTCCAAAAACTGCTTAACGGCAAGCTCGCTGTTTTTCTTCAAGATTTCAATCATCCCTACAGGTATCTTTTTTCTTAATTCTACTTTTTTACCTTTAAGCTCTGAAACGGCTTCTGCTACCATATCCTCTGAAAAGTCATCATCATATTCAAGCAGCGATATACTGTCAGGTATTTGTCCCGTATTCTTATAAAAATTCAACACTATTTCTGAGCAAGACAACAGATCATTACCCCCAAAACACTCCGAATCTATCCCGGTAATATTGCCATTTCTGACAAACATCTTTGTTACACTGAATATATCTTTA
CP063375.1_gap4	190664	192758	2094	TCTTTTGGTAAAAACCTCAAATAACAATTAAGCTCCTTTGCAGCTTCGATTAGTCCTATCTCACCTTTTTTATGCCAGCAAGAAGCAATTACCCTTATATTGTTAGTTGATATATTTACAATTTCTGTTGCACGATTTAATGCATCAAGGATTTTCTCTTTTTTAACCCCTTGTCTGCAACCTACTCCAGCCACATAGATTTTATTTGCTTCACTTGCCGTAGTAATAATAGGTTCAGCCCCCGTAATCGAGGCGACTAAAAAGGTAAGCTCATTTGCTCCCCCTTCATGCCCGGAAAGCATGCTTATTGCAAATCTACCCACTTCATCACAAACTACAACCGCAGGGTCTACATATTTATTTTTTATCAAACCATTAACCATTCTTGCTACTATCCCTTGGGCCATTATTGCAACTATACCTTCGTAATTTTTAAAACAGTAACTAAAAATATCTTGCAATGAATCAAAATATTTAGCCTGCACTAAGTTTTTACATTTATCAGGTAAATAAAGAGTAGCTGTTAATTCATTAACTATTTTTTCAGCTAAACGGGCTCCTTTTTCAGTTATCGCTATTACAGAAATTCTTTTTCCTAAACTCATGTTCAAAATCCTTATCATATAATTTTGAGTATGTTATTATATTTTTTTTATCAATAACTTCCCCTATTAGTATAATTGCATGTTTATTAATTTTGTTTTCTTCTAAAATTTCTGTCAGCTTTTCTAATGTTGTAATAATAATTTTTTCATCCTCCCACGAAACTTTATAACATATAGCCACAGGGGTATCTTTATCCCACCCATGTTTTAAAAAGGTATCTTTCAATCTATCCCCGCCGGTTGCAGATAGATAAAAAGCAAAAGTGCCACCATGTGATGCAAGCATGTCAATAGATTCGTTTTTTGGGACTGGAGTTCTCCCTTCCGTACGCGAAATAGTTACCGTTTGTGCAATTTCAGGAGCAGTCAATTCTATTTTTAATTTTGCAGCTGCTGCAAAAAGTGATGTTACTCCAGGAATTATCTCATAAGGTATCCCCCTTTTATCAAGCTCCAACATCTGCTCATATATTGCACCATAGATGGAAGGATCACCTGTATGTAATCTTGTGACAACTTTCCCCTTTTTGTAGTATTTTTCAATTGTATCTACAATTTCTAAAAGATTCATTTTTGAAGAATCATAAAATTTGCACATATTAGATGCATAATTTAAGATATCTTTGTTAACGAGTGAGCCGGCATAAATAATAACATCAGATTTAGCTATTATTTTCATCCCTTTAACCGTAATTAATTCCGGATCTCCGGGCCCGGCTCCAATAAAATAAACTTTATTCATCTAACTTTTTACCTCCAAATAAATAGCGTATAAACTTAATATTAATTTATTTATATCTTGCAAAGATTCTATTTTATAGATTGATTCGTCTGGCAAACCCAGATTATTCAAAATGTATATTTGAAAATTTGCTAAAATATTATTTAACTTTGGTAGAAAATCGAAAATTTTATGATTGTAATCGCTTATTATATAAAGATTTTTATTGTAATGTAAACAAAACTCCAATTTTTTTTCAAACTCTTCAAATGGTATCTCTTTGCCGTGAAAAGATAAAAATTCAACATTATCATAAGATTTAAAAAGCCTTGCCATACCAAGTTGAATGCTTGATATCCCGGGGATTACTTCGATAATCCTTTCTTTAAATCTCGCATAAAGAAGTTTTGAGAGTGAAAAAAAACCCGCATCACCGGAAACTACAACACCGATTATTCTACTTTGTTCGTTTGACAAAATTTCTATTGCATCTTTAACAGTATTTTTTAAGACTACATATCTGTTCTCAGAAAAAAGATTTTTAAATCTTTCAGCACCGATTAGAAAGTCAACTTTTTCTGCTGTCTTTAAAGCCTTTACAGTCAAATAATCTTTATTTCCACAACCGGCTGAAATTATATAAATATTCTTATTCACAATATTCACCCACTTTATTACACTTCATATCATACAATTTGACATAAACTTTATTGAAATAAAAAACATCTTTTATCTTTTTACTTACAAGATACGCTATTTTATCAAAAG
CP063375.1_gap5	195893	197398	1505	AGTCCCTTTAAATGATGCGAAGACACCGCCTCTATCAATATCTCCAACGATATAAACGTTTGAATTTGAGATTTCTGCCATTTTCATATTAACCAAATCAAATTTTTGCAGGTTAATCTCAGCAGGTGATCCTGCACCTTCCAAGACTATAATATCAAACTCCTTCGAAAGTGAAAAAAATGCTTCTTTTACCACATTTAGATTTTCATCATATAGTTTGTAGTAATCTTTATATGAAACAGTTTTGTATGGTCTTCCAAGTCTGATAACATGGGATTTACCTTTTTCAGTGGGCTTTATTAAAATGGGATTCATTCTCACATCAGGTAAAATTTTGCATGCTTCAGCTTGCAAAATTTGTGCTCTTCCCATCTCCAGTCCATCATATGTAACACCGGAGTTAAGTGCCATATTTTGAGCCTTAAATGGTGCTACTTTATAACCTTTATTTGCAAGCATTCTACAAATACCTGCGACAATAACACTTTTGCCAACTCCGGAACCGGTCCCCTGTATCATTATATTTTTATTTATCACACTCAATTATCCCCCTAAAAATATTAATAAACCTTTTCATAGCTTCTAATTCCTTTATTGAAATTCTGACAAATGAATTATCAAGCCCTCTTATATTGTGACAGTTTCGTATTAATATTTTGTGCGATAAAAAACGGTTAAATAATTCGTCACTATTTAATTTATCCAACTTTATCAAAATAAAATTCGTAACAGATGGATAAGTATGTACTTTATTGCATGAAGCTAACTTATCAAGAACATACCCCTTTATTTTGTGTATCTTTAAGGCAATCTCATCTGTATCCATCTCAATGAGATACCTTCCGACTGCTTCACTTAGACTGCTTACCCCCCATTCAAGACAATGTTTTTCAATCTCAGAAATTAAATGTTTATTTTGAGAATAAGCATATCCAAGTCTTAGGCCGGCCAAACCGTATATCTTTGAAAATGACCTTAAAACAACAATGTTCTCTTTTTCCGAAAAGAGTAAAGTGGCTTTGTTACTATCCGACATAAAAGGGAGATAGGATTCATCTATTATGAATATACAATTTTTAAAATGTTCAGCGGATTTTATAATTTCATCTTTGGGGATATAATAGCCGGTAGGATTATTTGGGTTGCATATAAATGCCAAATCATAATTTGTAAAATCTATTTCATTTAATTTGATCTCAAAATTCTTCGATTTATCAGGAAAATAAAAAGATAAGCCAAGATTATACAAATTACAATATTTCTCATAATCTATATAGGTCGGCCCAATTATCAATGCTTTTTTGGCTCTATTTATTAGACATATATTTTTTATGATTTCGCTTGTACCAACACCAACTACAAAATTTTCACAACTTTTATTAAATTTATCAGCCAAAGTTTCTTTTAAAAAAGTGGAATGTGGTGATGGGAGCAACCTCAATGTATCTAACTTATCTTTAATTAAACTAAAAACCTTTTGTCCGACAAAAGGGGAGATGTTACTG
CP063375.1_gap6	200620	204519	3899	AAAGGGCCTTGTATTGCGATTATCTGATTATAATCAAAGCCTGATGCCAATACATCTTTTATGGATTGTTCAAAAGGTAAAATTCTCACATAGGCATTTTCTTTTACAAATGAAAAATGCTTTATCATCTTGCTACCTATTGTGAATAAAATTTTACTAAAATTATTTTCTTCTAAATATGAGATTGCTTCCCTTAAGGAATTTACACATATCAATCTGTTATAATGCACATCAACTTCATTGTTTCTAATAAAAGACTCATATGGGATGTTTAAAGAACGTGCCACCTTTTGTGCCAGGTCAGTAATCTCTTTTGCAAAAGGGTGAGTCGTATCTACAATCTTTTTAATTTTATACTGACATATAAACTCTTCTAACCTCTTTTCATCAAATCGAATTAAAACAACCTTATCTTGACCAAATTTTCTGTAAAATTGCTTATACCCATACTCTGTGGCTACGGATATTACAAAATCATCTAAATAGTGTTTGTTTATAAAGCGCTCAGTATCGGAAGTCCCGCCCAATATTAAAACTTTTTCAGACATCAAAGCATACCTTTATCATAGCGTTAAAAGCTGCAGCAGCAATACCGCTACCACCTTTTGTCCCACGATTTGTTACAAAAGGGATTTCAGATTTTGCCAACAAATCTTTTGATTCGGCAGCCTTAACAAATCCTACCGGAAATCCAACAACAAAAATATTCTGCAGTGGTTTTTGTTTTTGTATTTCTACTATTTTGAGTAGTGCAGTTGGAGCATTACCTACAACAAAAATAATATTCTCAAATTTATCAAAGGCATACTCTATAGAAATCTCAGCCCGAGTTTTATTAAGCTCATTTGCTTTTCTCACAACTTCGTTATCAGAAATAAAGCAATAAGTATTTAGCCCACTGATTCTTAAATACTTTTCCGTAATTCCGGCCTTTACCATATTTACATCACAAATCACAGGGGGATTTTTTCCTAAAATATTTTTAAAATCTGTTAACCACTTTTTTGAAAAATGTATCAACTTTGCAAACTCAAAGTCTCCACAAGCATGAATAACCCTTTTTACGACGACTTTCTCTTCTTCACTAAATTTCGATAAATCAACATTTCTATCAATAATATCAAAACTTTCTTTTTCTATTCTTACACCTTTATTCATTTTTTGCCTCACTATATAAAATTGCTGTGGATAGATAACCTGCATTTTCGGGGATTTCGTCCGACAAAAGATCAAAAACCCTTTCTTCAGGCAGTGATGCCCTTTCTATTAAAAACCCTTTTTTAATTTTCTTACAATTTTTGACAAACTCTTTCAGACAATTTAACTTTTTATGAACCTTCATAATAACTATAGTGGAGAAATTTTCCAAAAGAGAATCAAGCTTGTTTATGCTATTTGGCATTTCCACTACACAAAACGATTCTTCTTTCACTACTATATTTTCATCTATTCTATTTGCCGCAGCAATAAAAGATGGAATTCCAGGAACCTTTTCTACTTTGATTCCAATGGGTTGTAACTTTTTTTCGAGATAATTAAATGTGCTGTAAATAGAAAGGTCACCGATTGTAACATAAGAAACTTTTTTATTTTCTTTTAAGAATTGTTCAATAGTTATTGCTAACTCAGAGTATTTTTCGTCAAGCAAATCTTTATTGTTGTTCATAGGGAAATAGTACATATAAATTTTTGATAACGGGACATATCCGCTTATGATATCTTTTGCAAGACTTCTACCGTTTTTATCCGATTGAGGAGTAACAATTATATCTGAGTTTTTTAAAACATTTAGAGCTTTTAAAGTAATCAGCTCTGGGTCTCCTGGGCCAATACCTAAAGCATAAATCATTTTTTGCATTTTACACATACCTCACTTTTTAATGAGTAACTATTTGAAAACAAATTAGAAAATCTTACCACTTCTCCAATAAGCATAATTGCAGGAAATTTAATTTTTGGCTTGTTACAAAGTAAGTTATCAACATTTGATATTATAATTTGTTCGTCTTCATATTCCAACCTCTCACCTATTGCTACAGGTGTATTTTTATTAAGTCCGTTTGCTACTAATGAGTTTAGTATTTTTAAAAAATTCTTAACTCCCATGTAGACCACAATGCTCATATTCAAATCTACAATAGCTTTCCAGTTGTAAGCTTTATCAAGTTCCGAATCTTTTTTATGACCTGTAATAAAAACCACACCGGATGAGACATCTCTTGCCGTAAGAGCTGTTTCTATTTTTGCAACAAAGTGTGAGATTGTAGTAATCCCTGGAATAATTTCAACCAATGCATTACATTTTCTTGCTATTTCAATTTCCTCAAGGCTTCTTGAATAAATTGATGCATCACCACTTTTTAATCTAACAACTGTTTTATTTTCTAAAAGTGCTTTTTCTATCAAACTGTTTATTTGACATTGAGAACAGCTTGGTTTGTAGGGTATTTTACCTACATATATTTTTTCGCAATCAATACTTTCTATCAATTTGTTATCAACTAATCTATCATACAAAATAAGATCAGCTTCTTTAAGTTTATGCAAACCTTTTAAAGCTATTAAATCATCACCCAGTCCTGCCCCGATTATTATGAGTTTTCTCATTGTAAACTCCATTTATAAAAAATATTGTTAAGATATAATATGGCATCGATGGTTTTTGTATTGGCTCTTGAAAAAGTAAGCTCATTTACCTGTATAAACACAGAATCCATATCTTTAAAACCGATTCTATCTTTTGGAGGAGTAGGATTCTTATTCATAGGTCCAATCTGATAGATATAAATATCAGGTTTCAATGAAATCGTTTTTTCTACTGAAAATTTAATGAGCTTTTTATCGATATTTATTATATTTATTCCACCGGCTTTTTCTATTATATCGGAGATTACGCTATTCTTCCCTGCCACGATATATGGTGCTTGTGTTATTTCGTAGATAACCTTTGCTGTTCTTTTAGGTTCTTTCAAATTAGTTAATTTATGCTTTAGCTGATTTATAAGTGCCTCACCTTTTTCGGATACATTCATTATGGAGGCAATTGTCTTAATATTTTCAAATATTTCATTAACATTTGTCGGATCATATTCATATGTCTTGATATTTTCTAAACTTTTCAGATAATCAGAGATAAATTTGTTATTAGAATATATGATAAAGTCCGGTTTTAGAGATAGAATCAGCTCTAAATTAGGTTTTAGATGTGAGCCAACCTTAATTGCATTTTCAAATCCATTTACGTGCTTTGTAACCCCCACAACTTTATCGTTAAGTCCAAGTTTAATAAATATATCAGCAGCAGCAGGGGATAAAATAATTACCCTGTCGTATGCATAACATATATTAATCGACAAAATAAAAGCCGCTGATACACTTAAAATCCACTTCAAAAACTTCATTTAGAATCTCCTCATTTAATTCATCAATGCTTATTTGGCAAAAAAGCTCACCTTTTTTCAAAAAAACCACTTCATCCACAAGACTTTTTAAAATATTCAAATCGTGAGACGACAAAATAATACTTTTATTAAGATTACTTAAAGTTTCTTTAATAGTTTGCATATGTTTTACATCAAGCATTGCAAAAGGCTCATCTAATAAAATAATTTCAGTATCTTGATTTAAGACCCTTGCAAGCATTACTCGTTTTTTCTCACCACCGGATAGCTCATTAAACTTTCTGTATTTCAAATGATATATATCAAGCGCTTTTAACCACTCAGAAGTTTTCTCATAATCACAATCCGTATATTTCCCGGCCGTTTTTGGATATCTTCCAAAAAGAACAGAGTCAAAAACATTATATCCGAATATAATTTCAGAAAATTGTGGCAAATAAGATATAATATTAGCAAGCTCTATGGGGTTATAGGTATTAATGTCTTTTTCTAATATAT
CP063375.1_gap7	323926	324716	790	GATATTGCTATCTTCCAGCTTGCATACCGCCATATGAAAATAGCCCTTTGAATTAATTTCTTGTATAAAGACTTTATTTTGACTTTCCTTCTTGGTTATTTTTAAGTCTGTTGAGTAATATTTAGCCAACGTATTGCCAAGATGCATAAACTCAAATACCAGACCATATTTATCATTTTTATAAAATCTAAGCGTAAAAGGGGACATCTTATCTGTAACAAATTTTCCTGTCCTCTTTATTGCTCCATTAATCTCTTCTATTATATACTTGTCAATATTGTAATACTCTGTATTTACAGCAATAGGATAGTCGATCTCTATATAGTCACCGACACTAATATTATCCCCTTCCAGTAATCTGGCAGTACTATATTTTTCATATACATCCTTGATTATTCCACTACCAACCTTCTCTTTCGTTTCTGCAACAATTTCCCCCGTAATGGGATGAACTATTTTTTTACCCTGCTTAAAAATAGTAAAATTTAACCCGGTAAATACATTATCCTGTTTTCCAAAATCTGTTAGGATAACTCCGTTATCTTCTTTCGCTATAACATAACCTTGCTTAGCAGAAAGCTTGTTTATAAAGTCTTCAAAGAAATCAACATTTGAAGCAAAAACCAAATTTGAAAAAATGAAAAATATAAAAATAAACCTTATTAGCATCCTTACCTCTTAATTAAACTTTATTATAATTAAATTACTTTTATCATTTTTCAGTAGAAATGATTCTTTAAGCTTTATCATTGCAAGGTATATTTCCCCCGATTCTGGTGAGGTATAAATG
CP063375.1_gap8	326192	327979	1787	AATAATTTTCTAATTAACATACACAACCCCGTTATAATTTTTTGAAAGTATTACATCATACAAAAAAAAAATCAAATCATTTATAGACTACATTTACTGATAGAATATTTAATTAGAAGTTCATTCGGTATTTGAAATCAATATGAGACTTATACTTTATAAAAAAAGGGAGCCCGCAAGCTCCCATATATTACTTAATCTGAAAACCTTCAAATTAGAAGTTCATCTGCCATTTAGCACCAAAGTAGGTAAGTTTACCTTCTTTGTTATCATTAGAATCTTTCATATAATCTAAAACGCCAACTTCAGGTACTATATAATAACCTTTTCCAACAGTTATCATAGCATTTGCATAGTATGACTGCTGAGCATCTTTTTTATTATAATCATCGCGGTCTGTCTGCTGGTAACCATAGCCAACGTTAAAGCTTAACATATCATTTGCTTCAAATCCTAATTCTATAGCACCACCAAAATCTTTTGAATTTTCATCTGCAGCTATATCATAAGTGCCATTTGAAGTAAGACCGTAGTCGCCGGTATTCTGACCATACCATAATACAAAATTAACTGTTGCAGGTTTAATAGCATAAGTACCACCAAAACCAACAATGTAATTTGTAGCAGTATTATCAGTTGCCTCAACTTTCTTTGTTTCTAATCCACCAAAAACTCTTGCATCAAGACCTGCAACTGAAAATCCATATCCTAATTCTAATTTTGGGAAAAGTGTATCATAATTATCCGGATCACCAGTAGTGCTGTTTCTTACAAGTGCAACTTCAAAACCACCAGCCATAAGCTTAATCTGTTCACTTCTTCCAATAGAAACACCACCAAAACCATCAAGAGCATTATCACCAAAATAAACTTGATTAAACGGTTCAAAATCTGTAGGAGTGTAATCCTGCCCTACTCTAAATTTAAAATTACCAAAGTCATATGTACCATAAATAAGTCTAGTTTTTACAGCATTTGCATTACTTGCACCTGCAATACCAAGCTCTACATTTGCAGAAAACTTGTCACTTACTTTTACATTTGCCCCTACACGGCTGTTCCCCTGAAGTCCAAAATTAAGATCTGTGTCACTTTTGCCAATGCCACTTAAATCTTTACTTTGATTTTCATAAAAAGTTTGAAGCCTTACACTTCCATAAAGCCCCCAGTCAGAAGCAAGTGCTGAAACTGCAAAAAGTGTTACAAAGAATAACACTAAAACTTTTTTCATGTTTCCTCCTAAAATTGCTTTTCCTACCATGATATGGTGTCTCTTAATTGCCAAATTTCCTGCTAATTTCTTAAAAATTATTACTGCTATATACCAACTAAATAATATTTGCAAACAAAAATTATCACTGTTCAAATTAAAAATTTTGCACAAAAATCTGACAAGAGCGAAAACATCTTACTCAAAAAAAAAGGGGAGCTGTAAGCCCCCTTTTTATCAATTCTTCTAAAATTTTATTAGAAGTTCATCTGCCATTTAGCGCCAAAATATGTCTCTTTACCTTGCTTAACTTTTGCACTGTCTTCCATATAGTCATAAAGTGCTATTTCTGGCTGCACAAAGAAACCTTTAGCAAACATATATTGTAAGTTAGCATATACTGACTGCTGAGTATCAGCTTGAGCTAAGTCACTTCTATCAGAGCTGGCATAACCATAACCAACTTCAAATTTCATATTATCTACTGGTTTAAAATTAACTGCAAGAGCTACACCAAAATCTTTTGTGTCTTTTGATTGTGTTGCAGCAAGGTTAGGACCAGAAGCTCCCATAGCTT
CP063375.1_gap9	329265	332235	2970	ACCGCGAAAAGATATGTATTTACGGCGATTATGATGTGGACGGGATTACTTCCACCTCACTTCTTTATCTCTTTTTGAAAGAATTAAACGCAAGGGTCATATATTATGTCCCAAACAGGCTTGAAGAGGGGTATGGACTTAACAAAGAGGCAATTGACGATATTGCCGGACAAAATGTCGACCTGATGATTACTGTCGACTGTGGAATAACAGCCGTCAGTGAAGTGGCTTATGCCGCAAGTAAAGGGATTGACATCATTGTTACCGACCATCATCAGCAAGGGGATGAACTCCCTGTAAAGGCGTATGCTATCGTCAATCCGATGCAATTTGACGACAACTACCCATTCAAACATTTATCCGGAGTCGGAGTAGCCTTCAAGCTTTTGATGGCTTTAAGATACCATCTGCATAATTCTACTGACTACAAATACAGTCTGCCAAATTTGAAAAAATACCTTGATATTGTGACACTTGGCACCATTGCCGATGTAGTCCCTCTAATCGGCGAAAATAGGATATTTGTAAAACACGGCCTCAAGATGCTTAGCGAAAAAAGCTCAAGAGTGGGGCTTGAAGAGCTTAAAAAGATTACCGGGCTTACAAATGTCAACCTGAATGCCTCTCATATTGGATTTGTAATTGCACCAAGGATAAATGCAGTAGGACGGATGGGCTGTAGCGACAGAGGGGTAAGACTGTTAATAACTGACGATAGAAATGAAGCTCGCTGGCTTGCCGAAGAGCTCGATATGGAAAACAGATACAGACAGGGGATAGAAAAGACCATTCTCGCCGAATCCTATGCAAAGATAGAAAGGCATAGGCTTCATGAAAAATATCGTGGCATCGTGCTGTATTCGGAAGATTGGCACCCTGGGGTAATCGGAATCGTAGCTTCGAGAGTGGTGGAAAAATATTTCAGACCCACAATCGTAATTACGATGGAAAACGGCCTTGGAAAAGGCTCTGCAAGAAGTATTCCTGCCTTTCACCTTTATGACGGGCTGAAAGATATTTCAGAGCTTTTGGTCAGCTTTGGGGGGCATAAATATGCTGCAGGGCTTAAAATTGTTGCAGAAAATATAAAGACACTTCAAAAGGAGTTTCACAACATAATCTCTTCTCAATTGACTGATGAAGATTTTATCCCTGAAATTAACATTGATGCGATTGTCACTGAAAATCAGGTGGATGATGAGCTGATTGAGTGGCTTAACAAGATGAGGCCTTTTGGAAGTGGTAACAGTGAGCCTATTTTCCTGATGAAAGGGCTTAGGAAATATCAACAATTTTTTTACATCGGAAAAGATAAAAAACATATAAAAGGCTTTTTGGAGAAAAACGGTAAAGTATTTCAGGTAATCGGCTACAACATGCCTGAATATGAAAAAATCCTTAAAAAAAGTGAGTATTTTGATATAGCATTTATCCCGGAATACAATACTTGGCTTGGCGAAAAAACAGTCCAACTAAAATTGAAAGACATAAGAGAATCGGATGAGTGTTAAGACAAGAAATATTCGAATAATGGATATTCAGGAAAAAGTATTGCAGAGCAGTGAAAATGCCCAAGCAGACCTTGAAAAGCTGCATAAAGCATACGTGTATGCTGCTCAAAAACATAGAGGTCAGCTAAGACAAAGCGGCGAGCCGTATTTGTCACACCCTCTTTGCGTAAGCTATATCCTTGCAGAAATGAATATGGATATAGACACTGTAATAGCAGGACTGCTTCACGATACCCTTGAAGACACCGACGCTACTTTCGAAGAGTTGGAAGAGCTTTTTGGCAGAGATGTGGCTTTTCTCGTAGACGGTGTATCAAAAATCGGAAAAATAAAGTTTAAATCATCCGAGCAAAAGATGGCGGAAAATTTCCGCAAGATGCTCATTTCGATGTCTCAAGATGTAAGAGTCATAGTAATAAAACTTGCCGACCGACTTCACAACATGCGCACAATTGACTATTTGAGAGAGGACAAACAACAAAGAATCGCACAAGAGACAATGGAAATTTACGCTCCCCTTGCCCACAGGCTCGGTATCGCATGGATAAAGTGGGAGCTTGAAGATATGTCTTTTCGCATACTCGATAAAGAAAAATATTATGAAATCTACAACAAAGTTAAGCTAAAGAGAAGTGAGAGGGAAGAATACTTAAATGATATTCTCAAAGTTGTTAAAGAGCAGCTTAAAAAGAATAATATAGATGCGGATGTATCCGGCAGGCCAAAGCATTTTTATTCAATTTATAAAAAGATGGTCATAAAAAAGACAAGCTTTGATGAAATCTACGACTTGTTGGCTTTAAGAATTATAGTAAAAACATTGCCTGAGTGTTATTCGGTATTGGGTCTTATTCACAGTATCTGGAAACCTTTGCCCGGCAGATTTAAAGATTATATAGCAATGCCCAAAGCTAACCTTTATCAGTCACTTCATACGACGGTAATCGGTCCTAAAGGGATGACGGTAGAGTTTCAGATACGCACGGAAGAGATGCACAGGATTGCAGAAGAAGGGATTGCGGCTCACTGGCGATACAAGGAAGGGAAAAAGTTTGACCCGAAAGAGGACAAGGCTTTTGTATGGTTGAGGCAACTTCTTGACCAAAAAGAGCTGAAAAATCCCGAAGAGCTTGTAGAAGCCTTAAAAGAAGATGTCCTACCTGCACAAATCTATGTATTTACCCCCGCAGGTGACGTGGTAGAGCTTCCAAGAGGCTCAACCCCTATAGATTTTGCCTACGCAATCCACTCGGAAGTAGGTAACAAATGCGTAGGAGCAAAGATTGACGGCAGGATTGTCCCTTTAAAATACAAATTAAAAGGCGGGGAAAAGATAGAAGTATTAACATCCCCAAACCAAGAGCCAAGAAGAGATTGGCTTAATTTTGTCAAGACAAACAGGGCAAAGTCGAGAATCAGGGCATATTTGAGAAAGAAAGAGGACGAAAGGGCAATCAAT
CP063375.1_gap10	349773	352875	3102	TAGTCCCATATTCATTTGACGAAACATTTATCTGCCCGTTTAAGGCATTTATTATAGACTCAATATAAAAGAGTCCAAGTCCTGTCCCCGTCTTTTTGGTAGTATAAAACGGTAAAAATATTTTATCAATATTCTCTTCATCTATTCCAAATCCATTGTCACGAAAACCGATTAATATGTGACTGTCCTGCTCATCAAAAACTATTTCAATATTTGTGGCAGCTGCTTCAAAACTGTTATTTAAAAGATTGATAAGTATTTCAATTACTTTTTCCGCATCTGTAAATATGCTATCATTTTGTATGTTATTAATAAATAACAGCTCAAGTTTGTTTGAGTAATTAATGTATACATAATCTTCCAATACCTTTTGTATCTCACTTACTTTTACACCACTCTTTTTAATGCTTATAGGCTTTGCAATGTCTAAAAAGTCATTTACTATTTTGACAATCTTGTTCGTTTCACGAATAAGATATTCGGTATCTTTTGAATATCTTTCATCCAATTCTTTGGCAAGAGTCTGAGCAAGCAAAAGTACGGTCATTGCAGGATTCTTTAATTCGTGAGCAAGCCCGGAAGACATCATACCGATTGAAGCCATTTTTGAATTTGCCATAATCTTTTTTTCCTGCTCCATATTTTTTTCTATCGCATCTGCAAGCCTTTTAGAAATATCTGTTAGGTTTTTTGCAATATCTCTAACCTCTCTTGAAGAATACCAAGGCAATTTAATATCTTTTGTCAGATTGGACAAATCCATCTTTTGAACATACTCATTTAAAACCTGCATCGGGGTAATAAGTAAATTTGTAAAAAAGATTACAACTATAAGCAGAAAAATAAACGTAAATATTTCCGTTATACCTATCTTCAAACTGTCTTTTATTGCCACTGCTACAATATATTCGGGATTTATTTCATAAATGATATGACCTACAACACCTTGATTACCCCCAATAGTTATGGGAAATTTTATCAAATCGGCTTTATTCATTTTTTCAGGATATTTTTTAACCGCAAGTGCATCTGTGATATAATTCATATCTTTATCAAACAAATAAACATTTTTTAAATAATCTGAGGACTTTTGAATAGACTCCACAATTGTAAACATCGTGTAGATATCTTTATAAATAATTGCCTCTCCAAGTTTTATATTCAATATGGATATATTTTGCTTTATGGAATTATTTACTGTTTCGGTTAAAAATCTTTTGCTGTAACTATACGACAATGTAATTGTAACCAATAAGGTAAAAAAAGATGCAAAGATGGTAAGAAGAATTACCCTTGTCCTAAAGCTATTTGGTATTAATAATCTTATAATTTTCGACTTCACGGCTAATCTTTATCACATTTGAATAATCGTAACCAAGGCCATCTTCAAATCTGTCAATATTCAACTGGCTCAAAATCTTTCTCCCCTCTTCATCCTTGTCCATATTAATCAAAATATCTTTTATCCTTTTCAATAGTCTTTCGTTTAATTTTTTTGAAGCGACAATAGGTGGGATAGGGAAATCAGGAGATTTAAATACAACCTTAGTATTGCCAATAATTTCAGGAGAAACTATCTTTTCATGCTCATAAATCAGACTGTCAACCGGTGCAACATCTACCACCCCTTTACTTACCAAATATATAGATTTATCGTGACTGCCTGTAAAATACACCTTTGAAAAATATTTCTCCACATCAATGTTATTGTTATTAAAAAAATACAGCGGATAGATAGTGCCGCTAAATGAAAGCTTATCTGTGAAGGCTATTGTCTTGCCTTTTAATGAATTTAGGCCGTTATACTCAAAATCCTTTTTAACAATAAGATAAGACTGATATTTAGGTTTACCGTTTACCACAGGAATTGCCAAAAGCACGTATGAATCATCTTTCAAAAATGCGATTGCACCAGAGCAAACACTTGCAATGTCAACTTCTGCATTTTCTATTAATTCGTTCATTTCCGAATAGTTTTTTTTGCTTACAAGCTCAACATTCTGCCCAAGCTTTTTAGAAATATACTCATTAAGCCTTTCATACAAATAAACGGTATTCCCTGCGGAAATAACCGAGGAAACACCAAATTTCAAGGCTTCAGCAAAAGAATATGTATAAATAAGCAAGCTAAATATTACAAGACAACTAACTTTCTTCATATCTGCTCAAAGTAAACTCTCTTTTTTCTTGCAAAGATACATCTACAAGCGCCTTTACCAAGATTTCTTTACTAAAACCATCTTCCGTCTCCATACTAAATGTACGGGAATTAACGTCAAAGTCTACATTTTTAACACCCTGCAACCCGGCAAGATGCTGCACTATGGCATCAGGACACCCCATTCATAAAAAACCGCCTTTTATCCCCATGCCGTCTACTTCAAATAAAATATTTTTCATAAAACACCTCTGAATATTATTTGAAATTTTCGACCTCATACAATTTAGTCATTTTATTCAGATTTGTCCACTCTATTAGGCTGCCATCATACATTGAGATATTCTTCTTACCAAGCAATTCGTGGATTAACATCCACCCTTCGGTTGAATGATTCCCCGTATTGCAATAGATTATTATTTTCTTATCAAGGTCAATATTCAAAGCATGAAAAGTATTTAAAGCAGTAGTCTTATCCACAAAGCTTCCATCCTTTTTACAAAAAAGCTCTTCAGGGGCTACAAAGGCACCGGGGATATGACCGGGATAAGGAATATAGCTTGCTTTATTTGACCCCAAATATGACTGAAAATCTCTGAAATCTACAAGGATATAACTTTTATCTTTCAATGCCTTTTCTACATCTTCAGTGGTAGCTATCATTGAATTATCAGCATCTTTTAAGATAACATCCCCTTCTGCGACATTCCGCTGATCTCCCTTTTCAATAGGCTTTGACTCTTTAAGCCATTTTAAATATCCACCTTCCATTAAAGTAACATTTTGAAATCCATAGAGCTTAAATTGCCAATAAAGTCTTGTTGCATATTTAAGATTTTTAATACCATACTGAATAGTATATATAACCACTTTTGAATTATTATTTATACCGTAACTTCTGAGTAAATTTTGAAAATAGGCTTTATCCGGCAAGTAACCTTCCA
CP063375.1_gap11	432146	436248	4102	CTGGTCCTGGGAAGGGGTGTCTGCCAATTATCTCAGCAGGCAAGCCAAGCTGCAGGCCAACCTGTCTTACCTCATCTTTGAAAAGCTCTCTCAACGGCTCTATCAGCTGAAACTTCATATCTTCAGGCAAACCGCCCACATTGTGATGGGTCTTGATAGTAGCTGAAGGTCCTTTAAATGAAACAGACTCAATCACATCAGGGTATAGTGTACCTTGAGCCAAAAAGTCAAAATCGCCTAACTTTTTTGTTTCCTCTTCAAATACCTGTACAAACAAATTCCCTATTTTTTTACGCTTGGTCTCAGGATCGCTCACACCCTTTAAAGCCTCAAGGAATTTTTCTTCAGCATCAACATAGACAAGATTAATTTTGAAGTGATTTTTAAATGTGTCTATTACCTGCTCAGCCTCATTAAGCCTCAATAATCCGTTATTAACAAAAATACATGTAAGATTTTCACCGATTGCCTGGTGCAACAATACCGCAACAACGGATGAATCTACTCCACCGCTAAGAGCACACAAAACCTTTTTATCCCCAACTTTTTCTCTTACCCTTTCTATTTCAGAATGAATAAAGTTGCCCGGCGTCCAAACCTGAAGACATCCGCAAACATCAACAATAAAGTTTTTTATAATCTTTGAACCATTTACAGTATGAACAACTTCAGGGTGAAACTGTATCGCATAGATTGGCTTATCTTTATGCTTCATAGCCGCAACAGGGGCATTTTCAGTGTAGCCAATTACCTCAAAACCGTCAGGTTTTTTCTCCAATCTATCCCCGTGACTCATCCACACAGTAAGTTTGTTATCATTTGATACACCTTTAAAAATATCTTTGTTATCCGTGATGTTTAAGATACTCCTGCCGTATTCTCTGTGGTCAGCTTTTGCCACTATACCGCCAAAGTGTTTGCATATAAGCTGCATACCGTAGCATATGCCTAATATAGGGACATTCAGCTCAAAAACCTTAGGATCAACATCCGGTGAATTTGCGTCATAAACACTTGATGGACCACCTGATAATATAATCCCCTTAGCACCAAACCCCTCTATCTTTTCAAAATCTGCATTACATGGAAATATTTCGCAGTAAACCTGATTTTCTCTTACCCTTCTTGCAATAAGCTGTGTGTACTGAGAGCCAAAATCCAATATTAAAATTTTTTCAGAATGTATATCCACTGCCCACCTCTATAAATATAATTAATTCCTATGTATTAACCCAATAATTCGGAGCTTCTTTTGTAATTATTACATCATGCACGTGACTTTCTCTAAGTCCGGCATTAGAAATTCTGACAAATTTTGCATTATTTCTGACCTCATCGATCGTTCTACAACCTAAATATCCCATACCTGACCTAAGTCCACCAACTAACTGATAAATCGTCTGACTTAAATCCCCTTTGTAGTGTACTCTACCTTCAATCCCTTCTGGGACAAATTTGCTTTCTATCTCGGTTTCATCCTGAAAATATCTATCTTTACTCCCTTTTTTCATTGCACCTACACTGCCCATACCTCTGTACACCTTGTAGCTTCTCCCCTGATAAAGTTCAATTTCTCCGGGGGACTCGGTAGTCCCTGCAAAAAGAGAGCCTATCATCACTACATTTGCACCTGCTGCTATCGCTTTTACCACATCACCTGAATACTTGACACCACCGTCAGCAATAATCGGTATGTCGTACTTTTCTGCCATCTGTGCACAATCCATAATAGCGGTAATTTGAGGTACACCGACACCTGCAACAACTCTTGTCGTACATATCGAACCAGGACCTATCCCCACTTTAACACAATCAACCCCAGCTTTTATCAAATCTTCCACAGCTTCGGCAGTTGCCACATTACCAGCCACAAGTTGAAGCTCAGGGTATTTTGCTCTCAATGTTTTCACCATATCTATAACTTTTTTGGAGTGTCCATGAGCGGTATCCACAACTATGACGTCCACCCCTTTGTCAATAAGAGCAGCAACCCTTTCCAAAGTTTCAGGGGTAACACCAACAGCAGCACCTACCCTTAGCCTGCCAAATTCATCTTTGGTGGCATTTGGATATTTTAGCTTTTTATTAATATCTTTAATTGTAATTAAACCCTTTAAATTATAGTCTTCATCAACTACCAAAAGTTTTTCAATCCTGTGTTCCTGTAAATGCTCTTTTGCTTCTTCCAAAGATGTCCCCACCGGAACAGTGACAAGGTTCTCTTTCGTCATATATTTTTCTATCGGGTCTGAAATATTTTTCACAAACCTTAAATCTCTGTTTGTAAGAATCCCATAAAGCTTTCCATTTTTGGTCACAGGAATACCTGAAATCTTATACTTGGACATCAAAGCAAGTGCATCTTCAACATTCTTACCATGCTCAATGGTTATAGGGTCAACAATCATGCCGCTTTCAGACCTTTTGACCTTATCCACTTCTTCTGCCTGCTCTTCGATACTCATATTTTTATGGATAAATCCTATACCGCCCTCTTGAGCTATAGCAATCGCAAGCTTTGCCTCAGTAACCGTATCCATCGCAGCACTTACAAGGGGAATATTTAGGGTAATCTTCTTTGTAAGATTCGTCTTTGTGGAAACCTCATGTGGCAGCACATCACTTTTTCTCGGAATTAATAACACATCATCAAAAGTTAAAGCTTCTTTAATTATTTTATTGCTCATCTTTGTCTCCTAAACTTTAATATCCCCAATCTCTACTATATCTAAAGTCTCTGTCTATTGTCCTTAGACTTATTTTTGCTATCATAGGTAATTGTCTTTTAAATTGGTTTTTTCTGATTCTCTCGGAAATATTTGTCACAAAATCTTCCTTAAAACCGTCTTCTATCAACTCTTTTACGGAATATCTCTCATCTATCATCTTATACAGCAATTGGTCAACTTCCTTGTAACTAAAACCTAACTCCTGCTCATCAGTCTGACCTTCCCAAAGATCTGCCGTAGGTTTTTTTTCAACTACTTGCTTAGGGATATTTAAATATTCTGAGAGTTTCCAGACCTGTGTCTTGTATAAATCACCGATAGGATTTATTGCTGAAGCCAAATCACCATACCATGTCCCGTAACCTAAGAGTAGCTCGGTTTTATTACTTGTGCCTAAAACTATTCCTCCAACCTCTGCAGACTTATCAAAAAGCACTATCATTCTCATTCTTGCCATTACATTACCTTTTCTAAGCTTACTCATCTCGAGCTGAGATTCAAAGTAAGGCTCCACAAAGTTTGTAATTTCTATCTCTTCAAGCTTCACACCCAAAAAATCTGCTACAGCAATAGCATCTTTTTTACTCTGCTCACTACTTGATTTATAGGGAAGATAATATAAGAATACTCTCTCTTTACCTAAAGCTCTCACCGCCAGCGTAGCTGACAGTGCGGAATCTATTCCTCCGCTCAAACCAACGACAACATTTTTGACACCTATCTTTTCTGTTTCTTCTTTAATAAAATTGCACAGTATTTTAGTTACAAGTTCAACATTAATATTCATAATTTTCTCCGCAGCTATCAAGAAACCTTTTCAAGATTTTAAAATCTTCATCTCTAAAAAATGGTGAACTAATTCTTGCCCTTCGAAGCTCTTTTTTATCAATTCGTATATCCTCAATTTTTTGTTCAAATAATTCCGATTCAAGCAGACTTTTCCCATTTGGGCTAAACGCTGCCGAGCCACCCCAGAATGTTATCCCCTCTTCTACTCCAACTCTGTTTGCAAAAACAACATTAACGGTCAAATTGGTGGCAATATATTTTAGCGTGTTGTACCAAAGCTCTTTTGGATAAAAACTATCCTCAAAAAGTCCTCTTGCCGGGCTGTTGGATACCACATAAATAGTTTCAACATTTTGCTTGCTGAGTGTTAAAACTGAAGATATATGCAAAGCATCTTCACATATTAAAATTCCACTCTTACAAAATTTGGTATTGAAAGTCTCAAATCTGTCCCCTTTGGCAAAATATCTTGACTCTTCAAACATTGTATAATTCGGTAAAAATACTTTTTTGTGCAAATGCAATAAATTTCCGGTTTCAAAATAGCCGCTGGCATTATAAAAAAGGTGCTGTTTATCTTCATA
CP063375.1_gap12	465529	466042	513	CCTGACAAGCCACCTGTTGCAAATAGGTAAATCCCCCTTTAAAAAACTTTTCATCCGTAAGCACACTTACGGCACCTGCACCGGCTTTTTCATATATTTTTGCCTGCTCTACAACATTAATATCGGTATTAATGTCTCCAAGACTCGGTGAAGCCTTTTTTACTTCGGCGATAATCGGTCTATTTCTCAAAAACTCCAAAGGGGAAAATATCTCTTTTTGCCTCTCAAAAGTTGGCACTTCCAATGTATCTATTTCCAACAGCTTATTTTCAAGAATCTTCGACAACATCTAATTACCCCTCAAGCTTTCAAAATATTTTCTGACTTCACCGTTTTTAAGTTTATTTTTTATCCTTTCAAAAATATCATTTAAATCTTCATTCTCAATAAGTTGAAAAGCATATGCGGTATTTATGGCAATCAGGTTATTTAAGTCTTCATCCCCGCCTTCAATAGCCCTTTTAAAAAGCTCGGTTGCCTCATCACTGTTTTCAACACGTGGCATGTCAAACG
CP063375.1_gap13	576503	578204	1701	CCAAATTCCCAAGATCCAACGAAACCAATCTTTTCCCACGTAAATATTCAGGGACTTCATCATTGGCCATTCTAAGCGCCAAACCCTCGACGATTGCTGTTTTCCCTACACCCGGTTCACCTATCAAAATTGTGTTATTTTTTATCCTTCTGCACAGAATCTGCACCATCCTCTCGATTTCATTCTCTCTTCCTATTACAGGATCTATCTTTTCTTCTTTGGCAAGCTGAGTCAAATCCCTCCCATATTCATCAAGATTGGGTGTAGACATATTCTGTGTCTGGGAAAAATTTCTGGACAATATTCTAATTTCATCTCTCAAAGAGATAAGGTCAAAACCTACCTTTCTCAACACAAGAGACGCTTTCCCCCTTTTCTCCTTTAAAAGTCCCAATAACAAATGCTCTGGATTTATATATTTACTGTTTAAAATCCTGCACTCTTCCATGGCAAATTCAAGGGCATTTTTTGCAAGAGGGCTGAAAGGCAAACTCCCTTTAATAGCAAAATTTTTATTCTCCTCGCTAAGATTCTGAATATCGTTTATTAAATTTTGGACATTTATCCCTTTCCTTGCAAAAAGCTCAATTATCAGGCTATTCTTTTCTTTTAGTATACCAACCAAAATATGCTCGGTATCAATATATGGATGCAGCAGCCTCTCTGCCTCTTCTCGGGAATAAAGAATAACCCTTCTTGCTCTGTCAGTAAAAAGCTCAAACATAAAATCTTCCTTTATTTTTTATTAATACTTAATTATAATAGATTAAAGTAGTTTCTTGTCAAGTGAAGGAGTAAAGGATATATTTTAAATGCAAAAAATCTTGCTTGAACACCTAACCCCAGATATGAAAATAATCAAAACGGATAAGCCTTGGATAAAGGTATCATTTTTACCAGACGAAACCCCTTTTGAAGAAAAAATTAAATTATTAAGGAATTATGGTGTTAAAGAGGTTTATATAAAGTTGGACAAAGATAAATCTAAATTTAAGCCTCTATCTTCTAAGTTCGAGTCCGAATTTACAGATTTTCTCACAAAACAAGCTGATGACAATATTGAGTTAGATAACTACTACCCTACCATTGAAGAGGTCGTCGAGCTTCAGCAACTTCACAGTGAAGCAAAAAAGCGGACAAAAGCTTTGCTTGAAGAAGCAAGAGTCGGCAATACTGTGGATACTTCTGCTGGTATGGATATCGTTGAAGACTTTGTTCAAGCTTGCTTCAAAAACTCAAACTTAGTGGCAAGTCTCTCCAGACTAAAGGATTTTGATGATTATACATTTACGCACTCACTTAATGTCAGTGTACTTTCCATATCATTGGGTAAAAGGCTCGGTATGAACGCTAACGAGCTTAGAGAGCTTGGAATCGGTGCCCTTTTTCACGACCTTGGAAAAATGAAAGTCCCCCAATCTATACTAAATAAACCTGGGAAACTTACTGACGAAGAGTTTGAAGTAATGAAATCACACCCACAGTTAGGTTATGAAATACTAAAGAATGACAAAATCATTCCTAAGAATGCTTTAAACTGTGTACTTCAACATCATGAAAGAGCCGATGGAAGCGGCTATCCAAATAAACTTTCTGAAAGCAATATCTCAAAGCTCGGTAAAATTACCTCTATTGTTGATGTCTACGATGCAATAACAAGCGACAGAGTATACCACAAAGGGATGGCAGCTCATGAGGCGA
CP063375.1_gap14	635760	640710	4950	TCACTACAGATAAATCAATTTTTGCCACTTTTGGCATTATTCCTATTTTTAACGTTTCTGTTTTTATATCTCACCGTTACATTCGGAAGGATATGGTGCGGCTGGCTTTGCCCCCAGTCCGTTTCAATGGAGCTGACTTCATTTATGCAAAATCTTAATAAAGGTAGCCTACCGATAAAGACCTTCAAAATATTGTTTTTATACCTTTTATCTGTATTGATAGCAGCAAATATCCTACTTTACTTTATACCATACGAAATATTTTTTGACCGTTTATTCGGCAACGAATTTAGTAAAGGGATTCTTACTGCACTTCTAACGTTAGGCACACTTCTGTTTTTAAACTTCTGGCTTGTAAGGTATAGATTTTGTGCAACTGTTTGTCCTTATTCAATGCTTCAATCGATGTTATTTGACAAACATACGTTGGCAGTATGGATGATCCCTGAGAGAAGGGCTGAATGCATCAACTGTCTAAGCTGTGTCAAGGTATGCTCAACCGAAATAGATATCAGGCAAGGGCAAAACTCCGCATGCATAAACTGCGCAAAGTGTATAGATGCTTGTGCCAAAGTAATGGGGAAATTAGGGAAAAAATCTCTCTTTGCATACAGATTTGGTGAGGGGAACAAAAAAAGATTTACACGGTTTTCTTCCGCCGTGTCACTTGTGCTTACTTTAGTGTCTTTTTTTATCTTTATTTTGGTGGCCCTTTCCACGAAAAATGTACAAGTGGAAGTAATACCTTACCAGAAATTTTTACCAAGGAATATCGATGATTTCGCGGCTAATGGATATGTGCTTGTAGTTGAAAACGGGGACAACAAAGATAAAACTATTGCTATTGAAATAGAAGATTTAAGCGGATACGAAATAACGCCGAATAGCATCTTTAAAGTAAAGCCAAAGTCAAAAAATGACTTTACCTTCTTTATCAAACTAAAGAAAGATTTACTTGAAAATAGTCCTATACTTAATTTAAAATTAAAAATAGTTAACAAGGAAGATAATGCTATACAGATAAAAACTATAAGTTTTAGAAGACCTATTACATCAAGGAGAAGTAAAAAATGAGAATGATGATGGCGTTACTAATTGTCGGATTTGCACTGCTTGGGTCTTCATTTTATTTTGGCAACAAATATTTTGATGGCAAAGTAACTGACAAGCCATACATTGAAGCTTCACAATATGACCAAAAGAAAAAAATCATAAATCAACACTCGCTAAGCCTTGAAATATTAAATGTAGCAAAGGTGGATGACAAATATAAAATCTGCTTTACTATAAACGGCGAGGTAAGCAGACCTTTTCCCATTGAAAGAGTTGAAATATTCAGACCCGGCGGTGGTGAAACAATCAGACCCGAAATAAATATTAAAAACAGAGTTTGCACTGTGAATGTCGGATTAAAACAAGGGTATTATATTTTAAAGGTACTTTTAAAAATGCAGCAGATAGTCGAGCTCGAAAAGACACTTTATATAAAGTAGGAGGTTTTTATGAAAAAAGGTACAATAGTTATGATTTTATCTCTTATAGCAATGCTACTTATCCCACTTTTGCTTGCAATGTACATAAAATGAGTTCCCTTTTCTTTTTAGTGCCAATAAGTCTTATTTTAGGGATTATTGCACTGTTACTCTTTTTCTGGGCGGCTAAGGATAAGCAATTTGATGATATTGAGGGACCAAAGTATAGAATGTTAGATGACGACGACGAATAGTACCGTTGAATGCAGCCACTGCTTATTAAAATTCAATAAAAATACCGCTATTACCGAAACAGAAAAAGGGGAAACTCTTCACTTCTGCTGCCCGGGGTGTCAAAGTGTTTACCATATTATTAAAGATGGAGGGTTTGATAGCTTTTATAAAAAAAGACGAGATTACAGGCCTGGCCCACCTGAGCTTGCTCTCATAAGTGATGAGCTTTTTTTAGATGATATAATTGAGCATGAAAGTTACTCCGAAATAGAATTTATTGCCACAAATATAAGATGTGCTGCATGTATCTGGCTTATAGAAAATTATCTTTCAAAACTTAGCGGCATAAGATATGTAAGGGCAAACTACGCTACTCACAAAGTAAAAATTCAATGGGATAAGACCGCAATAACCCTTAATGAAATACTAAACGGCATCGCAAATCTTGGTTATACACCTGTGCCTGTGTCAGCTATGTCATCCTCAGATTATTTTGAAAAATTGAAAAAATCTTACTTCTATAAATTCAGCATAGGCGCCTTTTTTACAATGCAGATTATGATTTATTCTGTCGCCCTTTATGCCGGATATTTTCAAGGGATTGACGAAAGTTTAAAAGAGATGTTTAAATTTATAGCTATGCTCCTTGCTACCCCTGTAGTATTTTACTCGGGGCTCCCCTTTGCCAGCAACTCAATAAAATCTCTGAAAACAAAGACTCTAAATATGGATACACTCGTATTTTTAGGGTCATATTCAGCTTACTTTTACAGTGTATTTGGGGTTTTTACACAAGGAGAGATATATTTTGACACGTCTGCGATGATAATAACATTAATATTGCTTGGAAGATATATCGAAACGGAAGCCAAAATAAAGGCGTCAAAAGAGATTAGTTTACTGTTCAACCTGCAGCCAAAGCAAGCTAAACTGTTCAAATATTTTAATAAAAATGACTATATCTGTGGAAAATTAAAACCTATGATTGTAAAAGTTTCATCCATTAAAAAAGGGGATATTTTGGAAGTACTGCCAGGTGAGAATATCCCTGTTGACGGTAAGGTTATCTATGGTGAAAGCGAAGTAAATGAGGCTATGTTTACCGGAGAAAGTGTGCCTGTTTTGAAAAAGCAGGAAAGTGATGTTATTAGTGGCACAAACAATTTAAACGGGACACTTATAATTGAAGCGACAAAAAGCAGCAAAGAATCTTCCTTAAGTAAAATAGCAGAGGCTATAAAATCGGCTCAGGAAAGTAAATTTTACTTTCAAAAGCTTGCCGATAAAATAACTGTTTTCTTTGTCCCTACGGTAATAGCAATTGCCTTTGCTACATTTTTATACTGGTTTAACCACAGTAGCAGTTTTGTCACATCTTTTATGAATGCAGTGTCCGTATTGGTTATTGCCTGCCCATGCGCAATGGGGCTTGCCACGCCACTTGCAATTTTAGTCGCAACATCAACGGCATTTAAAAAAGGTATCCTTATCAAAGAAGGCTCCATATTGGAAAATGCCTCAAGGGTAAAAGCAGTCTTTTTCGACAAAACAGGCACCATTACGGAAGGGGTGCCAAAGATTGTCAATATAAAGTCTTATGACAATAATTTTGATACCCTAAAAATTGCCGCATCGTTAGAAAGATTTTCTAAGCATATCCTGGCCAAAAGTATAGTCTCGCAATATACCGAAGGGTTTGAAAAGGTAACTGACGTAAAGGAGATACCGGGGCAAGGGATGTTAGGAAATATTAATACAAATATTCAGGCTGCTGTTGGGAATATGCTTCTTTTTAACAACTTGGGGATAAATATTGATACTACAGTCAAAAACGATTTGGAGTCTCTTACTTCAAAAGGGTATACAAATATTTTGGTTGCTTACGATAAAAAAATTATCGGTATCATTTCACTGTTTGACAATGTAAAAGAGTCTTTCGGAGAAATTTACACTTTTCTCACCAAAAAGCATATTGAAATTAATGTAATAACCGGGGATACCAAGGAAACATCCGAGAACGTATTGAGAGGTTTTCCAAATATTAAAATATTAAGCTCTTTAAGCCCCTTAGAAAAGGTTGAAGTAATAAAGAATAACTTGCACAAATTTCCCATAATGATTGGGGACGGGATAAACGATGCACCTTCACTCAAGCAGGCATTTATCGGAATAGGTATGGGAAAAGGTACAGAGATTGCCCTTGAAAGCTCCGATGCTGTCTTTGTCAACAGCAACCTTTTGCTGCTTAAAGATTTTCTTATCTTGTCAAAAAAAACAAGAAGTATTATTATTGAAAATCTGTTTTGGGCTTTTTCATATAATTTTGTAACCATCCCTTTGGCAATATCCGGGAAAATTCATCCTGTTTTCTCAGCAGTCTTAATGAGTATTAGTTCACTTATTGTTGTCTTTAATTCTCTCCGAATCAAAACCTTATCCCGCTGACAATAAAAAATATCCCAAGTGTTACCATTATTAAAAAACTTATCACTCTAAATAGCGTTCTGTATTTTAAAACTATATTCCCGAATACCGAAACCAAGAGTAGTGAAGCAGATGTGCCTACCCCAAAAAGTACCATAGAAAACATAGATTTTAACGGATTATTCAATGAGGTGACCCCGATTAATGCTCCATATAATAGCCCACAAGGGAGAAAACCCAAAATGAGTCCGGTAAGAAAAGGTGAATTAAACTTGAACAATGAAATCATTTTGCTTATTTTTTTTGTGACAACATTATTTTCCAACATAGAAACGATTTTTAGCCCCAAAATATCAAAAGTCGCATACGCTATGAGAAATATCCCCGCAAAGATGGCAAGTATTTTTTGAAAATGTATAATATTTCCGAAAAGCTCGCCCGCACTGCTTACACTTCCAAAAATTAACCCTAAACAGCCGTAAGTTATAATTCTTCCAAGATTGTACTTTATTTGGGGAAGAAAAAATCTTACATATCCGGGAGAGTTTGGTGCGAACTTGCTTGCGACATATATTACAAAGGGGTTACACATAAATATACAATGCCCAAACCCGCCAAAAAAACCCAATGAGAAAAAGCCCAATAATTCACCCATGCCTAACAAGTATCATTATTTTTTTAAAATTACAATCTACTCAATCTGCAGGCTACCGGCAAGCAGCAGCAAAAGTTTTACGTACTAAAACTTTAATTTGCAGTCTCCCCGTTTTTTTAATGGAATTATGTAACTGATTGGTTTTATGTAAGAAATTGTAATAAA
CP063375.1_gap15	646761	651740	4979	ACCCATTTTGTGTAAAAAAGTAACAATTAGTTTCATTATTACACAACTGAAGTTTAGCTTTTAAAAGATAAAACCATATATATCAATCAATTATAACAATTAATAATGATGGCACACTTACTGCTCTTATATTGTCATCACATAATAAAGGAGGTAGCTATGAAAAAGTTAGCTTTAGTTTTAGGAACACTGGCAATAACCACAGCCCTTGCATTTGCTCAAGGCGGCTGGGGTGGTCAAGGGATGGGACCCGGTTACGGAATGAGAGGGCAAGGATTTGGCCCTGGCGGTTGCTATGGCGGCTACAATCAAAATGTTCAGGTAAAACAGCTTACTGAGGAAGAAGCCGTTAAAGCGGTACAGGATGTTATAGCTCAAAACTACAAAGGGTATGAAATTGTAAAAACTGAAAAATTTAACATGCCAAGAGGCACCGTTTATCAGGTTGAGGCTAAAGATGCCGCAGGCAACCTGTTTACTTTTCATGTAAATCCATTTGGAAATGTAAGAGGACCATTTTTAGCACAGTAAATTCTCATGACAAGCGGGGTTAAGCCCCGCTTTTTTATTTTCAGACCATTCGGCAAATTAAACTCTATTATATACCGAAAAATTAATATTTTTATAAAATATTTCTAATCTTAATCATTTCTTAACAAAAGCTGCCTATATTGTAACTCGGAAAGCAACAAAAAAACAAATAACTCATTAGGAGGAAATTATGAAAAAAGCACTAACAGCAATTTTAGTAGCAGGAGCATTGGTAGTAGGAGCAGGAAGCTTAAAATCAGCAAAAGCTGATTCTGAGGATGGTAAGACCTTAAACGGGACAATAAAAATTAGTAGAGTACAAGAGTCTGACTATCCATTTATGGCAAATATAAGTATGGCTGAGGCAATTCAATATGCAAAGAAGAGTAATTCAGGCGGGAAAATTTTAAAAGCTGAATTGGAAGAAGAAAATGGTTTTTTAGTTTATGACGTTGAAGTTGTACAAAAAAATGGTGATACCGTGAAGCTTTCTATTGATGCAGGAAATGGAAAAGTTTTAAACATTAAAAAAGATAAATCTGACAGCGACCACGAACATGATGATGAAAACGATGATGAAGAAAATGACAATGAAAAAGATTCATAACATATAACATACTATGTAAATTCACAAAATAGTAAAATTACCACCTCCTGTAGGATGCCGGATGTCATATGTAGACATCCGGTTTCTTTGAAACCATTTAAAGAGGTTTGACATGAAAAATAAAAAACATATCGTAATATTTGTGTTAATTGTTTTCACACTAATAACAGGAAGATTAATATATCTCGAAGAACAAGGAAACTTTTGGGAAATAAGCAAAAATCGTTTTTATCGTTCCGCACAATTGGATAGCGACGAGCTAGAGAAATACATCAAACAATATAAAATTAGAACCATTATTAATTTAAGAGGCGACTCAAATGCTCAATGGTACAAAGATGAAATAAATATTTGCAATAAATTTAACATAAATCATATAGATTTATCTCTTAGTGCCACATCTGAACCCTCGGAGTCTAAAATAAACAAATTAATATCAATACTGCAAAAAGCATCTTTTCCGATATTGGTTCATTGTAAAGCAGGAGCGGATAGGTCAGGACTTGCTACGGCCATATGGCTTGTCACATTTGAAAATAAACCTTATTATATTGCCAAACAGCAGTTATCACTAATATATGGTCATTTCTCTATAGGCCCGACAAAGGTAATGGATAATTATCTAAAAAAGTGGTATGAAAAATATAAGAAAAAAGATGTAATATAATACACCATTTTTTTACTGACTAACTTTGAATGGGATAAATAAAATGCGTATACTAATAGTTGATGATGATACTTTTTTACTTGAACAAATCTTACTGGTCTTGAAAAAACAAAGATATTCTGTTGACACAGCTAAAAACGGGGAGGAAGCTCTATATAAAAGTTTTGAATACACTTACGACGCTATAATTTTAGACATAATGATGCCTAAAGTTGATGGCTTTACCGTTCTTAAAGAACTTAGAAATGCCAAAATAAATACACCAGTCATATTGCTTACTGCAAAAGGTGATGTCCAAAGTAAAATAAAAGGGCTTGATATTGGTGCGGATGATTATCTTGCAAAGCCATTTTCCATGGATGAGCTTTTAGCCAGACTCAGAGCTATTTTAAGAAGATTTTCCTCACAAGCAGAGTCAATCTTGACAATCGGAGGTTTAAAACTTGATACTGTGAGTAGGACAGTGGCAATAAATAATAAATCAGTTGAATTAACTATAAAAGAATTCTCGATACTAGAGTTTCTGCTTTATAATAAAAATAGAGTAGTTTCACGTTTTAGCTTAGCCGAACATGTTTGGGGTGATGAATTTGACCCGTTTAATATGTCAAACTTTATGGATGTTCATATAAAAAATCTGCGGGATAAACTTGCTGCAGCTGGCTGTAACAATTTCATTAAGACTAAAAGAGGTATAGGCTATATAATAGAGGAAGAAATTTGAAAAAGATTAATGTAAAAACAAAAATTGCTCTATTAATATCATTTGCAGGTTTTTTAACTAGTCTGTTCTTTTCCTTAATCCTATATTTTGAGCTTGCCGAACAACCTTTTGACCTTTTGGATTCTATTCTAAAAGAGGAAGCTACAAGAGTCATAGAATATATTGATAGTGATTTGAAAACGGAACAAGATTTATTAAGAGACTTTAATCGTTATTGGGTTAAGATTTTCGATACTCAAAGTGGAAAAGTCATTTTTAAGTCTGAACTCGCAAAAAGAGTAAACATAAAACTTCTATCACCAGGCAAGAAAATAACATTCAAAAATGAAATTTCCAACAATCTAACTGCCTATACCACCGAAGAAAAAAAAGATGTTATAATCAGAGTTAACTCATATAATATTACTACCCCAAAAGGCACTTATATAGTTCAAATCGGTAGACATATTGAAGGTTTGGAAAATGAAGTTTTAAATCTTTTATCTGTTTTAGTGTATGGATTGATACTATCAATGTTTTTATTATTTGTAATAAGTTGGGTTATAGCTGGAAAAATTCTAAAACCTGTTTCAATAATGAAGAATTTAACTCAAGAGATATCTGAAAAAAATATTGGAGTTAGAGTGCCTGTAGGAGAAGCTGATGATGAATTTTCTCAACTGGCAAAAACTATTAATAAAATGCTTGACAGACTTCAATATTCTTTTAAAAAGCAAAAAGATTTTTTATATAATACGTCTCACGAGTTAAAAACACCTTTAAGTACAATAAGGATAGGTATTGATGAGTCTCTTTTAAATACCAGCGAAGAAATACCTGACAAAATAAAATATAATCTTACTATAATGAGAAAAAGAATCTTAAAATTAGAAAAACTAATTAAAGATCTTCTAAATCTCTCCGCACTTGAAGCAGAAAATGTTATTGATAAAAAGTCTATAAACATAGCTAACCTTTTAAAATCTCTTATCGATGATTATGAAATTTTGACAAAAGCTAAAAATATAAAGATAAATTGTAATATTGAATATGAAAAAGATATTTTGTGCGATGAAAAAAAGATATATAGAGCATTGTCTAATCTAATTGACAATGCCATAAAATATAATATTGAGAATGGTACAATAGAAATTTCTATTAAAAAATCAGGTAAATTTTTACTTATTTCTATATCTAATACCAGCATGGAGATTTCGAAAGAAGAACTGCCCCTTATTTTTGAACAATTTTACAGAATAGAAAAGTCGAGATCAGAAGATGAAGGTGGCTCAGGGCTGGGGCTTGCAATCGTAAAAAAAATTATTGAACTTCATAATGGCAATATTAAGGTTGAAAGTAAAAATGGCTGGACAACAATAAGTATATCTCTACCGATAAGCAATTAAGCAATTTTTAACTAACAACAAGCCAATAATATGGAGGCTGTAATGAAATTAGGTTTGGCACTTGGTGGTGGAGCAGCTCGAGGTTGGGCTCACATAGGTGTAATTAGAGAATTAGAAGCGCACGGTATTATCCCAGATATAATTTGCGGGACATCTATAGGCGCATTAGTAGGTGGCTCATATGCAGCCAATAATCTCGACAAGCTTGAAAATGTGGTTTGTTCTTTGACGAAAATAAATATTATAAAATATATTGGGCTAAATATTCATAAGTCAGGCATTATAAATATGAGCAGATTAGAGGAATTTTTAAAAGAAAATGTCGCAGATGAAAGTATATCAATTGAGGATTTGTCAAAGACATATGGTGCGGTTGCTACAGATATAAGAAATGGCAAAGAGGTCATACTTACCAAAGGTTCCCTTCTAAAAGCAATTTGTGCATCCATCTCTTTCCCCGGCCTTTTCCCACCAACAAATCACAAAGACAAATGGCTCATTGACGGAGGGTTAGTAAATCCCATACCTATATCTTTATGTAGATATTTAGGTGCAGATATTGTCATTGCCGTTAATTTGAATGAATATATTATTTCAAAATCTATTCTGGATTCTGATTTAGAAATTTATACAGATAATAATTTCTTAAATAAAATGGCTGCTTTTTTTGAGAACGTTACCAATCATATATACATACAAAATAACGGAGATAAATCACCATCGCTTTTTGAAACAGTTGAAAATGCGGTAAATATTACTCAAAACACAATCGCAAAATGTAATATGGTTGCTTATCCGCCAAACATATTATTATCACCAAAGCTAACCAATATTGGGTTATTGGATTTTCATTATGCAACGCAAGCAATAGAGGGAGGGAGACGAATCACAAAAAGTAAAATAAATGAAATAAAAAAAGTTTGCTCCAAGTGGCAAATAAATTAGGATAACTACCCAATTACTTTTTTATGGTATCTGTTGTAAGATAATATTCATTAAAAAAGAATAAGATAATTCCAAAAGCAAGAGGTATCAAAAAATAAACTAATCTGAATATCAACAGTG
CP063375.1_gap16	653038	655732	2694	GAACATGCATAAAAATAAATCTATATTTTAAATTCTGAGAATTTTTTAACTGCTCCTCAAGCCAAAACAATTGCTCATCAGATATGTTTCTTTCATTACTATTATCAAGCATAATAAATTTTGAATTCCCCAACGTAAAACTATAATAGAATTTTCCAAAAATCGTATGATAAAAATAGTGATTTTCAAAAGCTACATCGTGATTGCCAGGTAATACCAAAGTAGGTATCTGAATATTTTTCCACTGATTTAAAAAAGCCTGATAAGTTTCTTTAGTCGGATACATTACCAAATCACCGCCAATTATTGTAAAAAGTAGCCTTTCATCCTTATTTATCTTTTCTATAACATAATTAAAAATTGAAGAATTTTTATTATCTCCCAAAACTGCAAAAGAAAACTCTCCACCTTTGTACCTATCATTTATTTCCTGCAAAGATTTGAAGTTTAAATCGTGCTCTTCTATCTTTTTCAAATCACCTAATTCTGTCCAACCCCAAAATATAATTATTAAAAAAATTAAAATTAGTCTTAGATATTTTCTTTTACTGAAATAACCTGTAATTATTTCACCTGTCTTCATAATTTACCTCATTTTGGCTGATAATTTTTACTATTTCTTCAGAAGCAAATGGCTTTTTTATGTTATTTATATTTTCTCTCATTAACATTAACTTAGATTCATTATACAACAGTCCTAACACTTTTTGCACTAGCTCATGTGAATCTTCTTCAGAAAATTCTGCACAACCATTTTTAGTTAAATATAATGCATTATTTGTTTCCTGATAAGGAATAGGATCAATCAGAAACATCGGCACTCCACAAGCTAAAGCCTCACTGACAGTCAAGCCGCCTGGCTTGGTAATAACCAAATCCGAAGCAGTTAAGTACTCCTCAATATTATTTACAAAACCTAATTTCTGTAAATTTATATATTCGTTGCTTTCAAAATATTTAATTTTTGCTAATAAGTTTTTATTTCGTCCGGCAATCACTATTAAGTTTAGGTATTTATTAGAAATAAATACCTCTTGAATTATATCAAATATTTTCTTTTCGTTAATAGCACTCCCAATGAGAATCAAAGTTTTTCTTGAGTCATCAATACCTAATCTCAATTTAAGCTCTTCAGGCTTTAATGATTTACTAAATTTATTCGCAATAGGGATACCGGTTATATAAATTTTATCGCTACTGACTCCGATCTTTATTAACTCATTTTTTACTTCATTATTTGCTACAAAGTAGTAATCAACATTTTTATCATACCACATCTTATGTAATCCATAGTCGGTAATGGTTACATATATCTTTCCATGGAATACCCCGTTATCTTTCATCCTAGATAAAATATTAGCCGGGAGAAAATGTGTGCAAACTGCTATTTCCACTGCATTGTCTTCAATAAAAGATACAAAACCTTCAACGTTATCAAGACTTAACTTATCTATAATATTAAGTATTTTGCTTTTATCCCTATTCCTATCAGTGATTTTATAAATTGCCTTACAAGCTAAATGGGAATGCTCACCGATAAAATCATACACAGTACTATACGACCAGTTGAACAACTTATTTGTAAAAAAAAGTACATCGGTAACATAGTAGCAGATATTATGTTTAGCAAAACCCTCGGCTAGAGCTTTAGCAGCAATTTTATGACCGTTACCTGCCGTTACATAAAATAACCCAATTGGTTTACTAGCAACCATAACCATTCTCCATAATTATTTAGTATTTACAATATGATTAGACGAACTGAATTTTAGTTCCAAGATTTTCCCATCAAAATAACTTTCTCTGTCATTATATTTGAATTTTGTAGGTGTACTTATTTGTAGCTCTTCAATATTTATTTTTTCTGACAGTATCTTTTTTATATCATTGTACACATTTACACTTGAAGCTTCATAATCGACTATTGGAATGGTAATTTTATCCCCTATTTTCTTAAATCCGATCTCTTTTACAATTGATATCACATATACGTTATTATTCTCAAATATCTTATGTGTATCCCACAATTTTATTACAATCCTTGGCAAAGATTTGTTATTATCAAACAAATATACAAATACATAATCTTGTGGCCTGTTATCATAAAAATCATAAAACACGGGGAGGTATTTAATATCATTTTTAAGATATGAATTTATTGTTTGCCCAATCTTTTTTGCGGATTTCCTCTCATATTCTCTAAAACCAGAGTTAATCAAAACATGCTCAAACAAATTTATATCGCCGATAAACACGGCCGAAACAGGCTTTTTATCTGTCCCAAAAATATCACTGGAAAAAAGCTTCAATTTTCCATTTTGAAAACTTTCTAATAAATTATTGCTCAAATGCTCATATTTTACGCCAATAATCTCAGTCTTTTCTTTTAATACCCCTTCTGTTTTAAAATATGAATAAGCAAAATTAACGGATATGGCTAATATTAAAATCAAAGAACACAGTATTGATTTTACACTATTCTCACTTTCACTCAATTCCCTAATTTGCAATTTTATATTATAATATTCATATGCAGTTATCACAACCGACAACCATAACATTCCTAAAACATACGCACCAACTACATCGCTAAACCAATGCACTCCTAAATAAATTCTACTTAGCCCAATAAATATAGCAAATGTTATTGCAAGAATCATATAAGTATTTCTTAAAAATTTCTTTTTAAAAAAC
CP063375.1_gap17	659449	660951	1502	GTAATAAGCACAAAAACATGATCTAATATAGCACTCCCATTTAATCCATTAATTAGCAAGAATAATTCAATATTATACTTTTCCATGTTTGTTATTTATCACATCATTTATGAAGAAATTATGAAGCTTGTAATTATTTACACCTATACAATACGGACAATTTAAAAGTGAAATAATCCACTAAAAATAAAAAGAATCTTAAAATATTTACCCCATATGTATAATAAATTCAGCTAAAAAACAAAATGCCATTATTGAAATAGACATAGATGCACCAATGATATTTGAATGATACTGCTGATTAAGTAAAACAAAAATTACTATCACACAAAGAAAAAAGCCTATAACTGGAATAGTCTTATTGCTGTTTAATTGCTGGTGCAATCTAAATCCCGTAAAATTTACAGTAGCAAATATAAGCAAAAAACCAACACTACCAGCTGTTGAAATGCTCTCTAAATCAAGAATATTCACCAATATAAAAGTTACATCTGCTGTGATCATTAATCCTGTAGGCTTATCCCAAAGTCGAGCAAGAAAATGATGTGGGAGCTCATCATCTTCGGCTATTTCGAAATTTACTCTGCTAGCGCCTAGTAAAGATGCATTTATAGCTGAAAATGTTGAAATCAATGCAGTAATAGTAATGGCTGTAAAACCAATTTTACCCAACATAGGTTTGGTTGCTTCAGCCAAGACATAATCCCCCGAGCTAATGCTATTTTTGAAAGTGGTAGCGAACCTACGGTGACTAATGGTATAGCTATATAAAGCAATATGGCGAAACTTACTGAAACATAATATGCCATGGGAATATTTTTCTCGGGGTTAATACTATCAGGAGCTGCATTGGCTATCAGTTCAAACCCCCCATATGCCACAAAAATAACCATTCCTCTTGTAAATAGCTTTAAGGGTGATTCCCATTTGTACAGGTATAATTGATCACTATGTAAGAGCTTCCAATCAAACCATAGAAGCCAATAAAAATAAACACAGTTAAAATAATCAATTTGATAATTACAGCATATGCTTCTATTTACCTACCACAGTAATACTAAAATAGTTTATAAATGTAGCTAAAATGATTACAAAACTGGCATAAATATGAAAATCAACTGGTCTGCAATTTGTAATACTAATTAAATTGAGTGTATAAAAACCAAATGCCGAAGCATAAAGTGAAAGCACTATTATATAGCTTACTCACAGCTGATTACTAATAGCTCCACTAAATGCTGTTTTGTCAAAAGCTTAATTATAAACTTTACTGTACCTCCTCTATCGGGATATCTTGTGGAAAGTTTTGAATAGCTGTAAGAAGTTATTAACGCTAAAATACCTGCAAATAAAAAAAACAATTGGTGTTCCCCCTTTTGCTAAGGAAACAGCCAGTCCAAGTACCGCAAAAATCCCACCACCAACCATCCCCCCAATACCTATAGAAACTGCCTCTTTTAACCCTATTCTTTTATCCATTTTTCCATTTTATGTTTATCTAA
CP063375.1_gap18	673796	675202	1406	ATATATCTTTTACTTTAACTTCAATTTCTTCTACCTTAAATCTGACAGCCGCCTTTTCTCCTCCGGCAATCCTTTTTCTTGCTTCTTCCAAAGTGATATTGCGACATTTCCCGCTGTATATCGGATTCTTCCCTTCGCTTAAATTTTTCTCCCTTTCCTTATCAAGCTCTTCTTTAGAGCAAAAACAGTAATAAGCAGCACCTTTTTCAAGAAGCTCATCTATATACTTTTTATAGATATCAACCCGCTCAGTCTGTTTGTAAGGAGCATAGTCCCCCCCCTTGTTAGGGCCTTCATCCCAATTAAGACCAAGCCAGTTTAAATCTTCATATATAATATTCTCATTTTCAACACTTGAACGCTCAAGGTCTGTATCTTCAATTCTCAGCACAAATACACCTTTTTGATTTTTCGCAAAAAGGTAGTTGAAAAGAGCTGTCCTTACATTTCCCACATGGATATGCCCGGTAGGGCTGGGGGCAAATCTAACTCTTACTATTGACATTTATCCTCCAAAGCGTTTATACTATCTCACTTTATTTAAAATGGGGTTATTTTGAAAAAGTATATCCTTATAGCAGACCCGTCAAAGCTGTCAAGGTTTCTTTTAGAAAGTCTATTACAGGAGAAATATGGGATACTTTCGGTATCTTCTTACTCTGAGGCCATAGATGTCCTAAAGGAGACACTCCCGTCTCTTGCCATTGTTTCATACGAACTTAAAGACGGGCAAGGGGTTGAGCTTTGCAAATATATGAAGAATGACGATAAGTTAAAAAATGTTCCGGTTATCGTTCTAAGCTCAAATGAGGACGAAAAGACAAGGATTACCGTATATGAAGACGGAGCAATCGATTTTGTCCCTAAGAGCAAAATCAATGAAGAGTTTGCAAAATATATAGATGAGCTGATGGATTTGCTTTCTTTAATTGATGTTAGGTCTGCCACGGCATTTGTGGTGGATGACAGTATAGTCCAATTAAAGTTTATTGAAAATATCCTAAAATCGGTAGGTGTTGATGTCACCCTTTTCACCGACCCAAAGGAGCTTATTGCTTCACTTGAAAATACCATTCCGGATGTTATTATATCAGACCTTTATATGGATGATATAGACGGCATAAAACTGACCAAATTTTTAAGAAAAAATAAAAAGCTTAAGCATGTCCCGATTATCATCCAAACATCATCAAGGGACGGCGGTATATTAAGAACGTTGATGATTCACGGTGCCAATGATTATGTGCTGAAGCCATACTCTGCCGAAGAGCTTTTACTAAAATTTACCACAGCATACAAATCAAAAAAGCTATACGATGAACTTGAAGAAACAAATCGTAAGCTCTTTACAAAAGCCACCATTGATGGATTGACAGGGATATATAACAGACGTTTTTTTATGGAGC
CP063375.1_gap19	682681	685122	2441	ATAAAAACTATGCTAAGTCTTTACAACCTTTATAAATTATATCAAAAAGCTCTTGCACCTGTTCGACCTCTATACAAGAAAATGCTATTCTCAAGTCGGTCTTATTCACAGAAATAGTACCTACTCCATACTTATCGAGCAGATGGACTCTTAACTTTTCAGCGTCTACATTTTTCAGTTTTAAACACATAAAGTAGCCAGAGTTAAAAGGGTAGTAGGTAAACTCATCCGAATAATCGGTATTGTTTAACACCTCTTTTACCTTCAAACCTCTTGCTTTCATTATTTCATACTTTTTCTGCTTGTCAGCATAAAAGTTAGGATGCTCCAAAGCCTTTAATACAAATGTCTGAGATGGGTGAGGACAGTTTGAAATAGTCCCTCTGATAAGACCTGCGACCTTTTTCTCAAGCGCAGTCAAAAGATTTACCTGCGGAGTGTTGTTTGTAGAGCCAAAAGTGATAAATCCTACTCTGAATCCCCATACATATTCTTCCTTGGTAGCACCGTCAAGTTTAACAGCCAACAGATTATCACTTTGTCCCGCTAGATAGCCGAAAAGTGATTCTGTCATACTATCTTCATAAAAAAGTCCAAAATAGGCATCATCAGTTACAACTACAAGCTTTGTACCAGCATTAGCAATTTCAATTAAGCCTTTTGCAATCTTTTCCCCTTCATCCAATGTCGGCATGTAGCCTGCAGGGTTATTTGGAAAATTCAATATAATAACGACTTTATCTTTCAAAGTGCTACACTCTTTGACTTTTGCAAGCAGTGCATCCACATCAAATTTTCCATCTTCCGTGAAAGTATTAAAGGTGCTTATTTCAGCCCCTCTTCTAACGGAAAATGTCAACCTGTAATTCCCCCAAAACATGTCAGGCATAACCACATAATCCCCGTTATCTAAAAATAGATCCGCTACAATGCTAAGTCCGTGAGTCAAAGCATTGGTAACAATTGGTGTACTTATATATTTACCTTGCATAGTAGGGTTTTCTTTCAACATTTTCTCCTTCCATTTTGCTCGAAGCTCAGGCTTACCCGTAGCAGGGGCATATGGAAAAAGGTCTTTAGGGTCATATGAATTAAGCCCTTCATAAATACAATCAAGGTACATTGGCTTGCCGTTTTCTGTAGCAGTACCTATAGTAGCGTTAAATTTATAGGCTTTCTCCTTTGCCTCTGCAGATTGTGTCAATATCCCTTTTGGCATAAACAGATTTTTACCAAGATCGGAAAGCATTTCATATACTTTCGGATTTTCCTTTTTGATTAGCTCATTGAGCTCCAAAGCAATTGGGTTCATAACAACCTCCTAAAGTGTTAAGTTCTCCTTTATTTAGTTTATTAATAATTTTATTTCAATATGTATTGTAAATTTCCAAAAAAAAGTTATAATTAATAACAATTCAAAATAAGGGGGATACTATGGCAGAGAGATTATTAGAAGCACTAAAACTTGCTTATGAAGCAGAAAAAGAAGGATTAAGAAGTTACTTAAAATACGCCAAGCAGACTAAGGTAGGCGTTGGTAAGGATATGTTTATTCAGCTGGCGGCTGATGAGATTGATCACATGGAGCTTATCGACAAATTTAAAGACAAAATTTTGGCTGGTCAGCCGATTGAAGCGGTTGAAGTCCCTAAAGGGAGACTTTCCAAATTTATGCCAAATGCAAACGATGCAAGTTTGCAGCCTGTAGATAAAGGTAGCTTAGGGGATGAAGAGGCTTTAAAAATTGCCCTTGAACATGAGAAAAAGGCTATGGAATTTTACAAAAAAGAGGCTGCAGCTGCAACTGATCCTAAAGTAAAAGAGTTTTTTGAAAAGCTTGCTGATGTCGAGTCTAAACACTATAGTATTATTGAAGCTGAACTCGGTTTTTTAACAAAAGACGGGTTCTGGTTTGACACAAAAGAATTTTCAGTAGAAATGTAATACAAAGCGGTCATCAGGACCGCTTTTTTTTATAAGTTTCTTCAATAGCATTAAAAAAGCCCTGTTTGTCGTTTAAAATGATTTCTATTTTGGCATAGTAAAACTTTTCTTTTAGATTATCCGGTATTTTTACATAATCTTTTTCGGTAGTAATAATATATTTTACACCTTTTTCTTTTGCACTCTCAAGTATGCCAAGCAATTCTTTTTCCTTGTAAATATGATGGTCTTTAAAAGAAAATGTTTTTACTACATCAGCACCTATACTTTTTAACATACGAAAGAAATGTTTGTTTTTTGCGATACCACTAAAGGCCAATACCTTCTCACCATTCATATAATTTATAGGTATTTCCTTCCCCTCACAGGCAATGGAGACAAATCTGTAGTCAGAGAAAAATACCGGTTTGCCTTCAACATATCGTCTTGCTTTTTCCGGAATAATATTTTTGCCATTTGACTTAGTAAACACAATTATATCGGCTCTTTTAATGGCA
CP063375.1_gap20	691230	692233	1003	TTATGGCAACAAGTTGGAAGCTGCAGCTGCAGATTATCAAAGAATAGCAATAGCCCATACAGAGTTTGAAGAGGAGTTTTCTGATGAATTTCTAATAAACATACCAAAAAGGACAATAATTGAAGTAATTAAGATTATCGACGGCAATGACACAGTTACGATAGAAACGGACAAAAAACAGATAGTTTTTAAAATAGGAAATACCCAAATATATTCCAAGTTGATAGAAAAATACATTAAAAGTATTGCTTCCCTTTTTAATGCTGAATATCCGACAGTGGCAAAACTTCCAAAAAATGAGTTTATAGATGTACTTAAAAGAGTTTCTTCTATTACAAGTGAGATAACTCACGGTGTAGTTTTATCTTTCAGTAATGGTAAATTATCCGTATACAGCCTTGAAACCGAATACGGTTTAGGTCATGATTTTATTGAAAACCTTGAATTTACCGGGGAAGATTTGGATATAATATTTAACTCAAAGCAGTTAATAGAAATTTTAAATGCTGTTGATACAGATTTTGTAGAACTAAAAATGAATGGCAGAAAAAGTCCTGCAATTATTGTGCCTCAGGATAATTGGTATAAATATTTGGTAGTGCCTCTTACTATTGAACAGTTTTAATGTTTATAAAAAAATTAAGAATAGTTAACTTTAGAAACCACAAAGATAGTATTTTTGCGTTTGACAAAATTAATTATGTATCCGGTAAGAACGGTACAGGTAAAACGAGCCTTGCCGAAGCAATTTCAGTTATTCTTACTTTAAAAAGTTTCAGACAACATAATTTTAAAAAAATTATCTCATTTGATTCAGATTTTTTATATTTAAATGCCAAATTAGTTGATGATAAAGACAATTTTACTGATATAAAGTTTAAGTACGATAAAAAAAAAGAGCTTTTTATTAATGACAATAAAGAACCTTTTGATAGCTATATAAAGGATAAACTTTTATTTACATATTCACCTGAGAATGAAGGTATTCTTTCAAAAAATCAAA
CP063375.1_gap21	761953	766411	4458	CTTAAATGCAGATGATAAGTGTTGCCGAGAATAATTTCAGCACCTATTTCATATAGGTCGTGTGGAGAAATGGCTTTTACCGAGCCAACGGTTCCAACGGGCATAAAAATAGGAGTGTGTATTTCCCCGTGAGATGTTTTTATCAAGCCTGCCCTGGCTTTTGTCCTTGTATCTTTGTGTTCAAGTGTAAAACTAAACATGGTCCCTCTTTAAAATTTAATTTATAAACATTGCATCACCGTAACTGAAAAAACGGTAGCGATTATTTACCGCGTGCTTGTAAGCATTCATCGTAGGTTCATAGCCGGCAAATGCACTGACCAGCATCAGTAGTGTTGATTTTGGAAGGTGAAAGTTTGTTATCAGTTTATCCACAATTTTAAATTTGTACCCCGGGGTGATGAATATGTTTGTAGAAAAAGAACCCGATTTGTCGATAAATCCGGTATTTGTTGCTATCGATTCAAGGGCTCTTACTGATGTTGTTCCTACTGCCACAAGTTTTTTCCCTTTATTTTTGAGGTCGTTTATTTTTTTTCTTGCTTCTTCCGATATAAAATATTTTTCTGAGTGCATCTTGTGATCTTCTATATAATCTGTCTTTACAGGTTTAAATGTGCCTATTCCAACATTTAGAGTAATTTCAACAACTTCGACACCTTTATTTTTAATCTTTTCCATCAATTCTGTTGTAAAATGAAGTCCCGCTGTCGGAGCAGCTACAGAACCTCCGTTTTTTGAATAAACAGTCTGATATCTTGAGTGATCCTCTTTTGTATCTATGCGTCTAATGTATGGAGGTAGTGGAATGTGCCCAAATTGTTCCATTAGCTCGTAAGGGTCACATTCAAACTCTAAAATTCTTACTTCGTCAATAAGTTCTTTTACTGTGATTAGCCTGTCTTCTACAATAATTGAATCCCCTTTTTTGACTTTCCCTCTGATCATACCTTTAAAAGTTCGATTATCGATTTCATCTGTCAAAAGGATTTCGATTTTACCACCGGACTCTTTTTTGCCGTAAAGCCTTGCTTTGAGGACTTTTGTATTATTGACAACAAGGAAATCGTCCGTATTAAGAAGATCTACTATGTCTTTAAATTGAAGGTCTACAATGGTATTATCTACCCTTTTTAGATAGAGGAGCCTTGATTCATCCCTCTTTTGTGCTGGGGATTGAGCAATAAGCTCATCGGGCAGGACAAAATCAAACTTGTCGATTGGGGTTTTTTGCATTTAACTTAACTTTTCTATAAGGAAATCTTTTACCTTTCCGGTATCGTTTTCAATTTCATGTAATTTTTTCGGCAACTGTTTTAACTTTTTTATATTTTCCGGCTCTTCTGGAAATTTTCCTATTGCCTTATATATTGCATCATAAAATTTCGCCGGATGTGCCGTAGCAAGACAAATATTTAACCCTTTGGTCCCCAATTTATTGGCAGCATTGACGCCACAAGCTGTATGCGGGTCCAAGATATAGCTAAAGTTTTCGTAAAAAGTTTTAATTGTGGCAAGTGTTTCTTCGTTGCTAGTGGAATATGCCGCAAAGTCTTTTTTAACAATTGTCATATCTTCATTTGTAAATGTTATTTTTTTGTTCAATTTCAACTCATCCATTTTTTCGACTACTTTTTCATGCGAGCCATAGAGATAAAATAAGTATCTTTCAAAGTTGCTTGCGATTTGGATATCCATTGAAGGGCTGTATGTCTCGCATACGTTTTTTATGCTATAGTCCCCATTATTAACAAATCGTGAAAGGATGTTGTTTTCATTTGTGGCAAGGATAAGTTTATCTATAGGCAGCCCCATTAGTTTGGCAAAATAACCGGCAAATATATTTCCAAAATTTCCGGTAGGAACCACCATATTGACTTTGTCACCTTTTGCCGCTTTGAAATAGCAGTGGAAATAATATACTATTTGAGCAAGTATCCTTGCCCAATTTATTGAATTTACGGCACCGAGGCTATACTGTTTCTTAAAATCCACATCCGAAAAGATTTCTTTTACTATGAATTGACAGTCATCAAAAGTCCCGTCAACCGCCAGATTAAAGACATTATTGTCGGTTACCGTTGTCATTTGAAGTTCTTGAATAGGGCTAACTTTACCTTTCGGATGAAGTATAAAGATATTGATGTTTTTCTTTCCTCTTACTCCATATATCGCTGCACTACCGGTATCACCGCTTGTAGCACCTAAAATATTTAGTTTTTGTCCGGTTTCTTCAAGGATGTATTCAAAAAGATTACCCAAAAATTGAAGAGCGATATCCTTAAAAGCATAAGTAGGTCCGTGAAATATTTCTGCAATATAAATATCCCCTTTTTTCACAACAGGTATAACATCCCTGCTTTCAAAAGTGGAGTAGCTTTTATTAATTATGTTTTTAAGGGTATCTCTCTTAATATCATCGGTAAATTTTGAAATTATTTCAAAAGCAAGCTCTTGGTAGCTAAGGGATGAAAGTTTAATCAATTCACTGTTTGAAATGTGAGGTATTTCCTGCGGGATTAGCAGACCTCCGTCTTCGGCAAGCCCCATCATTACAGCTTCTTTAAATTTTATATTGTTGACTTTTCCCCTTGTACTTTTATAAAGCATCCTTTTCTCCTTTTAAAAAGAAGGTACTCCGCTAAGGGAGTACCTATTAGATTAAACCATTTCGATATCAGCAAAGAAATATCTTGTTTCCTGAGCAGCAGTTTCAGGGGCATCGGAGCCATGAACTGCATTGTTGTCAATATTTGCACCAAACTCTTTTCTCAAAGTGCCCTCTTCTGCATTTGCAGGATTAGTTGCACCCATTAACTTTCTCCAGTCGAGGATTGCATTCTCTTTTTCAAGAATCATAACCACACAAGGGCCGCTGCTCATAAATGTGGTAAGGTCATTAAAGAAAGGTTTTTCTTTGTGCACAGCATAAAAACCTTCTGCGACCTTTTTAGTCATATGAATTTTTTTCATTGCTACAATCTTAAATCCGTTGCTTTCAATACGGTCGATTATTTTTCCTGTATACCCTTTTGCAACGGCATCAGGTTTAATTATTGCAAATGTTTTTTCCATGTAAATTACCTCCGTTTTTGTTTAAACCTGAACTATTAGCATTATTTTATAATCATTGCAAGAAAAGTTATGTCTACCCCGGATTTATTTTCAATGGAATGTCCTTCACCTTTTTTGGTAATCAAGAGGTCTCCGGGATAAAGGATATCTTCTTGCCCGTTATCACTTACTATGCCTGAGCCGTCGAGCATAAAGTATATCTCCATATCATCTTCATGAGTGTGGTAACCGATAAGTGAATCGGGCTTTAAATTGACAACGGAAAACATTTTTATATTTCCTGAAAATTGGCTCATGGCTTCATACCCCATATTTATTAGGCTACCTCTCCCACCTCTTGGGTTTTCTACTTTTTTGGCATCAATATCTTTTCCTCTGACAATCATAAGGCCTCCTTAGTAAGATGGGATTTATTTAATAATGCAGAGATAAAAAAGTCAATAAATGAATTGACTGAAAATGTTAAAAATACTAAAATTGGCTGGTTATATCTTCAAGCAGGTATGTTAAAGAGGGTAAGATGGGGAATCTGTTTGTTTTTTTGGTTGATTTTTTTAAAGAGGTGGAAAACCCAAAAGATTACGATGATTTTATTGAAAAGTATCTTATATTTAGAACTCTAACATATCTTTTTTTGTCAATCTTTTTAATGCTTTTGTGGGGTTTGTTTGATTATTTTATAGACTACGAAAATTTCAGATATTTTATTAAGTTAAGGGTTGGTTATGCCTTAATTGTTTTTATCATTCTTATTATTTATTCACTTAAAAATATGCCTTATAAGTATTATAGGATTGTAGGATTTATAAACTATGCCCTTCTTATTTCATCGGTGTTTCCTATGTTGTTGGCTACAAATGAAAAGCTTTCATATTTTCTCGGATTTAGTGTAATATTTTTTGGCACATCCATTATTATGGTATGGCCGATTATTTATATGATTGTCCCTATGGTAATTAGCTTTGTCCTATATATGTTTGTTTTTGACATAAATCTGTTTGCAAAAGAAAGTATAGTGGTAACAATATTCATGCCCACCGTTTTTTTGGTATCATTGGCTGCCAATATCTTGGTTTACAATGAATTTATGTTAACAAACTATCTTATAAAAAAACTTAATTCCAAATTGGAATAATCATAACCGACATAACCTTCATAAATATTCTTGGCAGTTTCATAAGGTTAAATTATATTTGACTATAAAGTTTAATTTTGCTAAAAAAAGTAAAACTGTAGAGGTGTCGAATATGATTTGGAATGAAGAGTTTGAAACCCTGCCAAGAGAGGCATTAGAGGCTTTACAGCTAAGGAGATTGCAAAATCTTGTGGAGAGAGTTTACGCTACAGTCCCTTTTTACAAAGAAGCCTTTGATAAAAAAGGGG
CP063375.1_gap22	767455	769342	1887	GTATAGAGAAGGATATTAAAGATATTATAGGTGTTTCGGCAAAAGTTAAGCTCGTGGAGCCTAAGACTATTCAAAGGAGTGAAGGTAAGGCAAAAAGGGTTATTGATAAGAGAGTTATGAAATAGTTTAGGAGGATGAACTATGAAGATTTTACAGATTTCGGTGTTTATTGAAAATCAGTCAGGAAGGCTTTATGAAGTAACAAATTTGCTTGGTAAAAATGGAATAAATATCAGAGCGCTGTCATTGGCAGACACTTCGGATTTCGGAATATTGAGACTTATCGTTAATGACCCGGAAAAGGCGCACTCTATGTTAAGGGAAAACGGTTTTACCGTAGGTAGAACAGAGGTGATAGCTGTTGAGGTGCCGGATAAACCGGGGGGGCTTGCCAGTGTCCTTAAAGTATTAGATGAAAATAAAATTAATGTTGAGTACATGTATGCTTTTGTTGAAATGAGTGGTGATTGTGCAGTAATGATATTCAGGTTTGATGAGACGGATAAGGCGTTAAAGGTGCTTTCAGACAATGGGATTAACACTATAGAAGGGAAAAAAATATACGGGATGTAGAGATGAAAATTATGATAAAAAATTTTTTAATAATACTTGTGTTATTGGTTAGCAGTGTTTCTTATGCGGAAGTAAAGATTGGAGCTCTTTTTGCCGTAACAGGTCCTGCTTCATTTCTCGGTTTGCCTGAAAAACAGACACTTGAAATGCTTGTGGATGAGGTTAATGCTAATGGCGGAATCAACGGCGAAAAGATAGAGCTTGTTGTTTATGACACTAAAGGGAGCGACCAGGAGGCGAGAAAGAAATTTTTAAGATTAGTCAAAAAAGACAGAGTCATTGCAGTGATAGGTCCTACAAGGAGCGGATCTACACTTGCGATAAAAGATTTGGCAGATAGCGAAAAGGTGCCGGTTTTAAGCTGTGCTGCAAGTGCAAGGATAGTCGACCCATTATCAAAGTATATGTTTAAAGTTGCACCTTCAGACAGCCATGCAGTTGAAAAAATTTTTGAGTTTTTGTCTGAAAAGGGGAAAAATAAAATCGCTGTGCTGACCGCTCAAAATGGTTTTGGTGATTCGGGGCGTGCAGCTCTTGAACAGCTTGCTCCTCAATATAAAGTTGAAATTGTGGCAAATGAAAAGTTTAGGGATACGGATAAAGATATGACATCTCAGCTCAGCAAGATTGCATCACAAAACCCTGATGCAGTAATTGTGTGGGGTGTTGGACCCGCACCTGCGATAGTTGCCAAAAATTTCAGACAGCTTAATATGAAAGGTTATCTTATAATGAGTCACGGTGTTGCTTCCAAGAAATTTATAGAGCTTGCAAGGGATGCTGCCGAAGGTGTTATTTTGCCTGCCGGCAGACTTTTAGTGGCTGATAAGTTGTCTGATAATGATAAGTTTAAAAAGCTTTTGGTTGAATACAAGAACAAATATGAATCAAAATTTAACTCACCTGTTTCCACATTTGGCGGTCATGCTTATGATGCACTTATGATTTTTAAGACAGCTTATGCAGGGAGTAAGAATAATTTAATATCAGGGATCGAAGGGATAAAAGGATATTTAGGCACATACGGGGAATTTAATTTTGATAGTGTAAACCATGATGGACTTAGTAAGGATGCATTTGTAATGGTGGAGATTAAAAATGGGGATTGGGAGTTAATAAAATAAATACAAACTTAGGAGGATGTATTATGAAGTTCAAAATTTTGGTTTGTGCAATAGTTTTGGTAAGTGCCTCGGCATTTGCGGAAATTAGGCTTGGAGCACTTTTTGCGGTGACAGGTCCTGCATCATTTCTCGGCCTGCCTGAAAAACAGACACTTGAGATGCTTGTGGATGAGGTTAATGCAAGCGGTGG
CP063375.1_gap23	782294	784283	1989	TCAGGATTATAGTTTTCCCTTATAATCCATTCTTCTGTATCTACAATGATATCTTGCTTAATTGTGTATTCACAAGCAAGTCTGTATCCTGCATCCAAGTTAACGATAGCAATCATTAACCTGTCTTTTTTAGTGGGTTTGTTAATCTCTTTGCCGTCAACGGCTGTGACTTTTACCTTGCATTTGCCACATTGACCGTCACCTGAGCAGAGAGATTGTATAGGAATATTATTATCTTTTAGTACTTGAAAAAGTTTGGCACCAGATTTTGCTTCTACGGTAATGTTTTTATTCTTAACAATTACCTTATATTTTTTAGAAAAAAACATACTATAATATTTGCCCTAAAAATTGCCTTAACCTTTCATTTTTAGGATTTGCAAAAAGCTCCATCGGTGTCCCTGTCTCAACAATTTCGCCAAGGTCCATAAATACAACCCTGTCTGCCACTTCTCTTGCAAACCCCATTTCGTGGGTGACAACTACCATAGTCATCCCTTCTTTTGCAAGGGTTTTCATAACGTCAAGTACTTCACCAATCATTTCAGGGTCAAGTGCACTTGTCGGCTCATCAAAAAGCATTATTTTTGGCCTCATTGCAAGTGCTCTTGCAATAGCAATTCTTTGTTGCTGTCCACCAGACAGTTGGCTTGGGTAGCTGTTTGCCCTGTCAGCAAGTCCAACTTTTTCCAGTAGGGTCATTGCTATTTCGGTAGCTTCCTTTTCATTCATTTTCCTTACTTTCATAGGTGCTAATGTAATATTATCCAAAGCAGTCATATGGGGGAACAGGTTAAACTGTTGAAAGACCATTCCGACTTCTTCTCTGACTTTGTTAATGTTTGTCTTTTTGTCAGTAAGCGGGATGCCGTCTATTATAATTCTACCTTTGTTTATTGTTTCAAGGAGATTTAATGTCCTTAAAAATGTTGATTTACCTGATCCACTTGGCCCGATAACGACCACAACTTCGCCTTTATTTACATTTAAGGATACGCCTTTTAACGCTTTTACACCGTTAGGATAAATTTTAACAACGTTTTCTGCAATAATAATAGGTTCATTCATATTAATCACTCTCTGCCAATCTTCTTTCTAATAATTGTACTACAAATGATAACCCTGATGTCAAGACCAAATATAAAAGTGCGACTGTAAACCATACTTCAAATGGGCTAAAAGTAGAAGTAACAACTTCCCGACCTGCTTTTGTCAAATCAGTAATTGAAATAACAGACACAAGTGAAGAATCTTTTATCAAAGATATGAACTGTCCTGCCATAGGTGGGAGAGTCCTTTTTAATGCCTGAGGTAAGACAATATATCTCATTGCCTGATAGTAGTTCATCCCTAGACTTCTGGCTGCCTCCATCTGCCCTTTTGGGATAGATTGAATACCTGCTCTAACTATCTCGGCAATATACGCTCCAGCAAAAATTGATAATGCTGCAACGCCAGCGGTAAATCTGTCGAGATTTAATACGGTACCTATAAAGAAGTAAAAGATGAATATTTGTACCAAAAGAGGGGTTCCCCTGATAAGCTCAATGTATGTTATTGTCAGCTTTTTTAGGACAGGGTTATTTGAAATTCTGAAAATGCCTGCAATAATGCCAATGATAATTGCAAAGAAAATAGATATGACGGAAATTTTTAAGGTTACATATAGCCCTACCAATAAAGGTCCAGGCTTTATCTGTTTTACTTTTGCAATAACATCTCCTTCAAAAACCAAATCACCATCCATGACGGATACTTCGTTAAATTTCTTAAATGTTTTAGTCTCACCGGTGTCAGAAGTAACAATTATCTCTTTGCCCTTAATTTTAATAGTGCCGTCAAATGGTGCTCTGATTACGGAAGCAGATGTATTTACAATAAACTGAGTAAGCCTGTTCCATCTCCAGATATAGTCTACCTTTTTGGTTGTGGCATAAAGGCCATAACCTATGCCGATTAAAATCAAAACAAACGCTACATTCCATAAAA
CP063375.1_gap24	787461	792364	4903	CGGTGTTGAAGCTTTAAATTCAATTAAGAGTATGGTGTCATTTAATGAAAAATTAACAGCCCGTCTGGAAGAATTGCTGGCTCTTTATGAAAATTTGACGAATATAGGGATACCGGAAGATAAGATTGTCTTTGACTTGGCAGAGGTAAATGGGATTAATTATTATACCGGTATAAATGTCAGATTTGTTACAGATGGTGGCAATGTGTTAATTTCGGGCGGCAGGTATGATAACCTTATGCATAATTTTGGGGTAGATGTTTCAGCCTGTGGTTTAGCGTTTAATTTGGAAGAGATTTTGCCTGTGTATGAATTAAAGGATGAAAGAATTGAGATAGATTATTTGGTTATAGGCAGGGAGAATTTTGCTAAGGCTGAAGAATTGAGAAAAAAAGACTTTAAAGTTTTATGGGTTAGTGATAAAGGTAAATTACAAAATTTGGAAGTAATGTACAGCATAAAAAATATATTTCCGTGAGGTAGCTTATGAGTTGTTCTTTGGTGTTAGGTGCCCAATGGGGCGATGAAGGTAAAGGTAAGGTAGTAGATTTATTTACTGAAGAAGCAGATGTAGTTGTTAGATTTTCCGGAGGCCACAATGCTGGGCATACGGTAGTTATAAAAGGTGAGAAATATATCCTACACTTAATTCCATCCGGTATTATGCACGACGGGAAAATAAATATAATTGGTAACGGTGTTGTTATCGATCCTGAAGCATTGATTGAGGAGATAAATGATTTAAAAGCAAGAGGGATTTCATTTGAAGGGAGATTCTTTGTCAGTAAAAGAGCCCATCTTATTATGCCATATCATAAAATTTTTGATAAACACAGTGAGGCCAAAAAAGGGAGCAAGAAGATAGGGACTACAGGGCGAGGTATAGGTCCAAGTTATGCCGACAAGATGGCACGTGTGGGTCTTAGAATATGCGACCTTTATGACGAAGAGGTTTTGAAAGAAAAAGTCTATCAAAATGTTGAAGAGGTAAATCTTATAGCAGAGAGGATACATGGTCTTGATCCACTTAATCCGCAAGAGGTATTTGAAAGCTACAAAAATTATGGTGAGATTATCAAGCCATATGTAGCTGAGACAAGCTATATGATAAACAAACTTTACAGTGAGGGTAAGAATATAATGCTTGAAGGAGCTCAAGGGACACTTCTTGATGTTGATCATGGTACATACCCTTTTGTTACCTCAAGTAACCCAACGGCAGGCGGAGCGTTTACAGGAACAGGTCTGGCACCACAATCCTTAAATAATGTGGTTGGCGTATTAAAAGCCTATACTACAAGAGTTGGCAGTGGCCCTTTCCCTACAGAGCTTGAGGATGAAACCGGACAGAAGTTAAGGGATATAGGCGGTGAATATGGAGCTACGACAGGCAGGCCAAGGCGTTGTGGCTGGCTTGATTTGGTGGCAACAAAATATGCTAAAATGTTGAGTGGTATCAACTATATCGCGTTAACAAAGTTAGACGTATTGACAGGTTTTGATAAAATTAAGGTTTGCGTAGGTTATGAGTATAATGGGAAGGTGTTTGAAACTTTTCCACCTGAAATAAAGATACTTGAAAACTTGACTCCTGTTTATAAAGAATTTGACGGGTGGTCTGAAGATATAACAAAGGTCAAAAAGTATGACGACTTACCTGAGAATGCCAAAAAATATGTGGAGTTTATAAGAAAAGAGCTTGATGTAGAGTACGCTCTTATCTCCCTTGGAACAGATAGAGAGGAGACTATAATTTTAAATAAAGTTTTTTAAAAAAACTTGTTGACAAGGTAGCAACCTTTTGCTATATAGTCCTTCCCTTTTGGGAAAAACAGTGAGCCGTTAGCTCAGTAGGTAGAGCAACTGCCTTTTAAGCAGTGGGTCGTAGGTTCGATCCCTACACGGCTCATTTTAAGTGTCCCTATCGTCTAGCCTGGCCTAGGACACCGGCCTTTCACGCCGGCAACAGGGGTTCAAATCCCCTTAGGGACGTTAGACGGGCGGTTAGCTCAGCTGGGAGAGCATCGGCCTTACAAGCCGAGGGTCGTAGGTTCGATCCCTGCACCGCCCATTTTTGGGGGCGTAGTTCAGTTGGTTAGAACGCTGGCCTGTCACGTCAGAGGTCGCGAGTTCAAGTCTCGTCGTCCCCGTCTAAAGCCACCTTTTAGGTGGCTTTTTTTAATTAAAACGGATATTATGACATATGAAGATATTAGCTCAGAATAAAAAAGCCTTTTATGACTACGAAATAATTGAAACTTTTGAAGCAGGTATAGAATTAAAGGGCACAGAAGTTAAATCCTGCAAATCCGGCAAAGTGAATTTGAGGGATTCTTTCATCAAAGTAAAAGATGGCGAAGCCTTTTTATTAAATACACATATTTCTGAATATGAGAAAGGAAATATTGCAAATCATGAGCCTACGAGGACAAGAAAGCTCCTTTTACATAAGAGAGAAATAAATAGATTGATTGGTAAAGCTCAGGAAAAAGGACTGACAATTGTTCCTCTTAAAATTTATTTGAAGAAGAATTTGGTAAAGGTTGAAATTGCCCTTGTTAAGGGCAAACAATCCCACGATAAAAGGAACACTATAAAAGAAAAAGATTTGAAGAAAGAGATTTCTCGAGATTTTAAAAATAAATTTAGAATAAAATAGCCTTTACAAATTGTATGTGGTATATATATTAGAATCCCCATGAATTAAGGGGGCGCTAAGGTTTCGACGGGGAGCTGTAGGCTCTAAGGTGCATGCCGAGGTTCGGTACCTCGTAAAACAGCCGAACAATAATAATTGCAAACGACGAATTAGCACTCGCTGCTTAATTGACGGCGACGTCCCTGTAGGGTTTGCCTACGATCTTGCAGAGGGCGACAACTTAGTAGGCTGGCCGAATGTGACGCCTTTAAGCATTCGGTAAGACTTAAAAGGCTTACCAAACTCTAAGCCGGCCTGTGGGCATTGGGTTTGGGAAATTTAATCGCAGGATAAGCATGTAGTACCTGGGGAAGAAGGCTTTTCGGACGCGGGTTCGATTCCCGCCGCCTCCATTCTTTATTCTCTATAATTACATAGTCTAACTTTTTCTATGTTTTAAATTCTGATTATTTTCTGCAATAAGAAATTTGGTAATATTAATTTGATTGTGCCACCTGGGAGATACCGGGGGAATTGGGAATCAGTGACTGTTATTCTGGAATCGTGACCCTGAATACGAATAACACATAACGAAAATCACAAATTACGCTTTACAATTTATCTTTATAGGTCTTAGACCTTATCCCCCTTGCCTAATTCAATATTTTCACTTATATTTTATGTAAGAAGTATTATTTACTGCGGAGACAATTATGCAAAAGCTAAAAAAGCTCCCTATAGGTATTCAAACCTTTAGTGAAATAATTGAAGGGGACTACATTTATATTGACAAGACAAAAGAAGCCTTTGAATTAATTGAAAGTTATAAATACGCCTTCTTATCCCGTCCTCGCAGATTTGGTAAATCTTTATTTCTTGATACATTAAAAGAATTATTTGAAGGGAACAAAAAGCTTTTTGAAGGTCTGTATATTTATGACAAGTGGAATTGGGATGAAAAATACCCAGTAATAAAAATCAGTTGGGCAGGTAATTTCCAAACGCTTGAGGGTCTAAAGCAAGTTGCTTTTGATGTATTTAAAACAAATCAAGAGAGTTTAGGTGTCATCTGTGATAATGTAAACGATCCTGCAAGCTGCTTTAGAGATTTAATCCATAGAGCATATAAAAAATACAATCAAAAGGTAGTAATATTGATAGACGAATATGACAAACCTATTCTTGATGTGATTGAAAATATTGAACAGGCTAAGATAAATAGAGAGTTTATCAAGGGTTTGTATTCTATAATCAAAGATAATGATGCCTATATCAAATTTGCATTTTTGACAGGCGTGAGTAAATTTTCCAAGGCATCTATCTTTAGCGGGCTCAATATGCTCACGGATATCTCTCTCAATCCGAAGTATGGCAATATCTGCGGCTATACTCAAAAAGATATAGAAACCTCATTTATGCCTTATTTTAAAGATGTGGATTTGGAGAAGGTAAAAAAATGGTATAATGGTTATAATTTCCTAAAAGATAATGTTTATAATCCCTTTGATATTTTACAATTTATAAGTAATGAATTTGTATTTGATAATTATTGGTTTGAAAGCGGCACACCATCTTTTTTGATTAAGCTCATAAAAGAGAGAAATTATTTTTTGCCGAGTTTAACTAATCTGATATTAGATAAAAAAATACTTTCCAGCTTTGATATAGAAAATATTGATTTGGAAGTGATACTTTATCAATCGGGTTATTTGACAATTGAAAAGATGATAGAAGATGAATTGCTTAGTTCAATAGAGTACAAGCTAAAAATACCAAACCTTGAAGTCCAAATATCTTTGAATGATTATATTATAAATTATCTGTTTAAAGGTGATAATAGACTAAAAAGTCCCCTAATCAAGTCTCTTTATTATGAAAAGTTAGAAGATTTTAAAGTAGCGTTGACTTCTTTGTTTTCGTCAATCCCTTACACCAATTTTACCAAAAATGACCTTAATTTATACGAAGGTTTTTATGCCAGCGTAATTTATGCATATCTTGCATCCCTTGGGATAGATATAATCGGTGAGGATATTACAAACAAGGGCAGGATAGATTTGACACTTTTTGTAGGGGATAAGATTTATATCTTGGAGTTTAAGGTTGACGGGCAACAAGGTGAAGCTTTAAGGCAAATCAAAGAGAGAAATTATGCTGAGAAATATTTAAATGAAGGTAAGCAGGTATACCTTATCGGCATCGAATTTAGCTCTGAACAAAAGAACGTGGTAAATTTTGAGTGGGAGAAGATTTGAGAGGTAAGGC
CP063375.1_gap25	829949	831912	1963	GGTATTTACCTTGTGGATAGCCAAGGGAAAACCCTCTGGGTAAATAAGGCATTTGAAGAGATGTCTGGTTTTTCCTTGGACGAGCTTGAAGGGAAGACGCTTTATGATCTTGTCAATGTTTACAAATATTTTAGTGGCTCTGCCAGTATACTTGTCCTTGAAAATAAGAAGCCTGCAACGGTAACTTACAGGACAAGCAAAGGTAAAAACTTTCTCGTCAAAGGGAAACCGATATTTGATGATAATGGCAACCTAAAGTACGTGGTAAATACAATATGGGATTTGACGGTAATTAACTATACCGATGTGGTGGATAAGGATACTTTGAGAGAGTTTAAGCTTCAAGAGTCAGATATTATTACTACCAGTAGCAGTATGAATAGTGTCATTGATATGGCCATGAAAGTTGCGCCCACGGATGCCAATATCCTTATTACGGGGGAATCGGGTGTAGGGAAAAGTCTTCTTGCAGGGCTTATTCACAAGATGAGTGACCGTAAAAATGGCAAATTTCTCAAAATAAACTGTGCCTCAATCCCCGAAACACTTTTGGAGTCGGAGCTGTTTGGTTATGAGTCAGGGGCATTTACAGGTGCCAGCACAAGAGGGAAAATGGGGTTGGTTGAAGCCGCAGAAGGGGGGACAATTTTTTTGGATGAGATTTCCGAGCTCTCATTGAATGTTCAGGCAAAAGTTTTGACACTTATTCAGGAAAAAGAGTTTGTGAAAGTAGGAGGCACAAAGTCGATAAAGAGCAATGTGAGGATAATTGCTGCTACCAATAAAAATCTTTACACACTTGTCAATGAAGGGCGTTTTAGGGAAGATTTATATTACAGATTAAACGTTATTCCGATAAATATTCCGCCCCTAAGGGAAAGGTTGGACGATATCCCCATTTTGTGCGAATATTTTTTGAAAAAGTTTAATGAAAAGTATAATAGTTACAAATATATTTCCGATAGTGTGATTGAGTATTTCAAGACGTATAATTGGCGGGGCAATGTGAGGGAGCTTGAAAATACCATAGAGCGTCTTGTGGTTACCACAAAGTCAAATAATATTACCCTTTCAGACCTTAACCAGCTCTTTGACGAAGATTTTAGCGGCAACAAGTTAAATTTTGAGGAGCAGATTGCACTGTTTGAAAAAAATATCTTGCTGAAAGCTAAGAAAAAATTTGGCTCTACAAGACAGATAGCCAAACATTTAAACCTTTCTCAGACAAAAGTGGTCAGGCTTTTGAAAAAACACAAAATTGTATGAGTTGAATATAACTCATTTGAATTATTTATAACTCACTTATTTTCTTTAAATGTCTGCATATTGAGTTGAATATAACTCAGACAGTCTTGCATGTATTTGTAACTTATTAATAGTTAGACTTAAAAATTTTATTGATATAGGCATACAAATTGCAACAATGTATTATCAAATAAAAATGGGGGTATGTTTATGAAAAATGTTTACATTGTAGAAGCTTTAAGGACACCTTTTGGTTCATATGGCGGAAGTTTGGCAGATGTCCATGTTGCAGACTTGGGGGCAACTGTAATCAAAGGGCTTGTGGAAAAAACAGGGATTGATGTTGATGCTATTGATGAAGTTATTTTAGGGCAAGTACTTATGGGTGGCAGCGGACAAGCACCTGCAAGGCAGGCGATGAGAAAGGCTGGATTAAAAGATAAGACTCACGCAATGACAATTAATAAAGTATGTGGAAGCGGTATGAAAGCAATTATGCTTGCTGCTCAGTCAATAATGCTTGGTGATAGCGAAGTGGCGATTGCAGGCGGTATGGAAAATATGTCAAATACACCTTATGCTCTTGATAAAGCAAGATTTGGCTATAGGATGGGCAATGGCAATATCCTCGATTTGATGATTTTTGATGCCCTTCTTGACCCTTATTCCGGCAGACATATGGGGGAAATCACTGAGGAAAGTATAGCAAAAAATAATG
CP063375.1_gap26	840797	844215	3418	AAATATTATCATTAACTCAAGATCATATTTTTCCATATGCTGTAGAAAAATATATAGATTATAAGTATGAATTGCAGCCATGGTTTAAGAGTATGCCAAAGGAAATGTTTAAAGCTTTAGAAAAAAAACTTGGGTGGCATACTTTAATAGTTGCTAAACTGAGGTGAGTTTATGAAAAAATCTATGAATATATCGGTAATAGGACTTGGCAAACTTGGTGCATGTACTGCAGCATGCTTTGCATATAAAGGTTATAATGTTATTGGGGTAGATATTAATACTAAAGTCGTAGAGTTAATTAATGCGGAATGTTCACCTTATATTGAACCAGGACTAGAAAAGTTGTTAAAAAATTGTGATGGGAGATTAAAAGCTGTAACCAATTATGAAGAAGCTATAAATAATACAAATATTACTTTTTTGATCTTACCAACTCCTAGTGAACCTAATGGTGAATTTTCAGATAAGTATCTTAAAAATGCACTTTATGAACTGTCTAAAATTTTTAGAGAAAAAAACAGTTACCATACATTTGTTGTAGTATCCACTGTATCACCGGGTACTAATAAGAATTCTATTATTCCCTTTATAGAGTTGGCTTCTGGTAAAAAATTGAACAAAGATTTTGGGGTTGTTTATAATCCGGAATTTATTGCACTTGGTAGTGTTATAAAAGACTTTTTAAATCCAGATATGGTTCTTATTGGAGAAAGTAGCAAAAAAGATGGTGATCTTGTCGAAAGTATTTATAGAAATGTTTGTGAAAATAGTCCATATTTTGCAAGAATGAATATTATTAGCGCAGAGATTACTAAAATAAGTTTGAATTCTTTTGTGACAATGAAAATTAGTTTTGCGAATACTTTGGGGAATATATGTGAAAAGGTGCCTGATGCAAATGTCGATAATATTACAAATGCATTAGGATCAGATAAGAGAATTTCACCGTATTACCTCAAAGCTGGTTCTCCATACGGTGGTCCATGTTTTCCAAGGGATAATAGAGCTTTTGCAGCTTTTACTGAAAAATTTGGAATAGATGCCAAGCTTGCGAAAGCAACTGATGAGATAAATGATTTTCAAACGGACAAAATTGTAAAAAGTATACTAATGAATTTACCAGTTGATAGAAAAATTTCTATAATTGGTCTTACTTATAAGGAAGGGACACCTGTATTAGATGAATCTTTAGGAATGAAATTAATAAATAAGTTAAGCAATAATATAGCAATTTATGTTTTTGATGACTTCAGCCATATATACGATAATAGTATTAATTTTCCGAATAATGTTATTTTATGTGATTCTCTAGAAAAATGCCTAAACAGCACATCACTGCATATTCCTATCATAATAAAAAACAATTATGAAATAATTAAGTATTATTACTCTACTATTGGTAGAGAAATAAAGATTTTAGATATTTGGAGAATTTTTGATAATATTAATAATAAGTTAATGATAATATAAACGGAGTCAATTATGGAACATTATCTAATATTTTATATATTTAGAAAGTGGAATGGAAATGTTGAAAACAAATATTTTATTAATTTTATAGGTTCTAAAATCAATGGAAATTTTTATGAGGAAAAGATTTTTAATTATAATAAAAATCATTATGTTTTTAAAAAAAATTTCCACTTTTGATAAAGAGTATTTTGAGTGGATTGATTTATTAGAAGCTGTTTATGATGCAAATAATAAAGTTTTTACTATGTTAGAGCTAGGGACAGAATATGGAACGTGGCCTTTGAATGATGCACGTGCTTGTAATTTATGAACAAAAATTATAATCTTTGTGGTATTGAAGCAGAACCTTCACATTACAAAGTGATGTTAGAACATTTGATTGATAATTTAGGGAGCACTAGAAATGTTAGTATTTTAAATTTTGCGGTATCAGACACAGAAGATGAAGAAGTTCTGTTTGTTGTTGGACATCCAAAATTATGGCATGGACAATCAATTGTTAATAACCCAAATTTAGAAATAAAAGATTTTCCAGACTCAAAAGTTATTCCAATAAAAGTAGTCACTATGAGTGAATTATGAAATTCTTAAATAGAAACCATTATGCTTTGATATTTGGAGAAAAGTGTAACTTAGCATGTTCATATTGTAGTTATGGGTTAAACAAAAAAAATGCTGATAAATTCCAAAGTAGCGCAATAGAAAATAATATAAGTATGTTAGTAAAGATATTAGAAAATTTGGGGAATGTTGCGGTTACTGTTTCAGGCGGTGAACCAGCTTTATTTAGTAATTTTCCTCAGTTAATTAAAAAATTACCAAAAATTAAATGGATAGTTTTTACTAATTTAACCATTCTACCTGAATGGTATTTTGATGATAACATTTCATTGTTGGTTCCATCTTATCACAATATTGTTGATAAATTAAATTTTCTAAAAAATATAAAACTCTTAAAAAGAGAAGGTAAAAGAATGCATTGTAAAATTATAGTTCATCCTAACAACGAATATAGAGATTTGGATCTATTCGAAAAACTATGGGAAATCAGTATTCCAACAAGTTTTGTGCCTCTAGAATATACTTATTTTTTTAGGGAAGAGTTTTTAAAAAGCTTAATTACAAAATACAGAACATCTCTTCTTTATAATTCAAGATTTTTTAGGTTAGACTATTTATGTTCAAGGAAGTGTAAAGCAGGAACTTTGGATGGTTTTCAAATTAATTCTGATTGTACAATAGTTAGATGTTCAACAAATCAGATTAAAATTTCAGATATTTTTAATTTTCACCTCTATAGTAAGAAAGTTCAATGTAATGTTAATAGTAGTTGTTATTGTGAATGGCATCATTGGAATGAATGGACACTGGCAAATGATAATGAGATTTGGAGTGACTATGTAACTAAAGGTATTTATAAAAAACCAACAATTAAAGAATTGTATGAATTTATAATAAAAATGAGGTGGTTAGAATCGGGAAGAAATTTAGAAAGCAAAACTACTTCACTATTTGAGGGGGTTTTATAGTAATGAAAAATGTTATTTATACAAAAGTACCAAATTTTGGAAATATTGAGTTAATAGACTACTATGATGAGTTTTTGTGGTATTATCCTGATTGTGAGCTTGAAACCAAGAAATGGGTAACAGATAATTGTAAAGATGATTGGATTATTTTAGACTGTGGAGCAAATATAGGTTATTATACAATATTATTTGCTAAACTTGCGAATAAAGGCTATGTTTATGCTTTTGAACCTACCGATACTATTGTAAAGTTAAAGAACAACTTAGAATACCATAAGATAACTAATGTTAAGATTATTCACAAGGCTTTAGCTGATACAACATGTGTAAAAAGAGACAAAATCTACAAGATTTGGGGTAAAGAGGCTGAATTTAAGAGTTTCGAATTTATAACCATTGATGATTTTATCGAGGGA
CP063375.1_gap27	1013962	1016514	2552	GCAACTCTTAGGTGCAGATATATCACTTTATTTACCATTTCTTAAAAAGACAGGATTTTTAAAGGGCGGAAAATTGTATACGGAATATTCATGGACAGACATAACTGCACCTTGGCAGACAGAGGATAAAGGGAAAGATTTTGCACTTTTGGGAGCAAGTTATATACAGGGTTTGTATTTGACTACAGGGAAGACAGATTTGCATTTTGAATACACTAAAATCTCGAAAGTAAATTACAATAACCACAATTTTGGAAGGGATGGTTATACAGATGAAGGGTATATAATCGGTCATTATTCTGGTAGAGACTCTAAAAGCTTTTTCGGAGAGATATATCACGAATTTAACGACAAAGTGCATGCAGTTATTGGCGGTGCATATGTTAAACGCGGTCTAAACATGCCTGAACAACAAAAAGTTAAAATTGGTTATATTGGGGGGAAATATTTTGTTAGTCAAAATATGTTCATTAATATCAAAATAAATTATGTGACTGAAAGCATGATTGATGTTGATTCTTCACCTGTCTTCTACAATTTTAAAGATGAAAGCAGAGAATATACACAATTTATGTTTAACATCAAATATCTGAGGTAATATGAAACTATTTAAATTATTTGCTTTCGGATTATTAATAAATATTTTTATCTCTTCATATTGTTTTGCTTTGGATGATGTTGAGTTGGCAGGTGATATTGTACTTGCCGGATTAGTTGGTGCCACCTCGGGGTCAATTGTGTACATGAAGGATAAAGATGGTGCTGTACAGTATGGAGAAAGTGCTTTGTCAAATTTAGGTCTGACTTACGGATTAAAAACTACAATAGACAAAAAAAGACCAAATGGAAAGAAAGGCTCTTTCCCATCGGCACATACATCGGTAGCATTTCAAAATGCAGTTTTCGTGCATAAAAGATACGGACTTAAAAAGGCAATCCCTTTATATTTAGGGGCATCTTTTGTTGGATTTAGCAGGGTTGAGTCCAAACAGCACTATGTGGAGGACGTGCTCGCTGGGGCAGGCTTAGGCGCTTTATGTAGTATGTATTTCACTAAACCAACAAATGTAATATCAGTTGTTCCGGTGGTAGAAAGCAAATTTTATGGTGTTTTTGTTAATTTAAAATGGTAAATGCGATTCTTGTAAAGCGAGAAACGTGTGAACGCTAAAACGTATAAACGTGCAAACGTTAAGGTAATGTGAACCGAATCAAGGATATAACTTCTTGACAGGTTTAACGAAAAGTGAAATCACTTAGAACTTAGAACTTAGAACTTAGAACTTAGAACTTAGAACTTAGAACTTATTTCTACTTCCTTTGCAATCGTACAATTTCTCGGGTAAAATTTGCTATTGAGTGATGTTTTGGATGGAGGGTAAGAATGTTGATTAAAAAGATAGCTAAGATACTTCGTGGAAATTTAAGTTTTTTGCAGATAATGTTTGCCTGTATTTTGGGTGCGGTATTAGGATTTACGCCTGGATTTGACAGGGCACCGGGGTTATCTGTCTTTATAATTTTGCTTTTTATTGTGCTCAATGCAAATTTGGGGATATTTCTTTTTGTCTTTTCTATCTCAAAGCTGGTTTTGTATCTTACAACACCGGCTGTTTTTTATTTTGGTGGGGTATTGCTTGATAATATAGCGACCGGTTTGTTTACAAAAATCATAAATGCCCCGGTGCTTGCATTTTTCGGGTTTGAATATTACTTGACTTCCGGTGGAGCCCTTGTCGGGCTTATTGTTGGTATTTTGATGGGGATGATTATCTTTTACCTTTCAAAGATATATAGAGCTTCAATGAGTATGGCTGACAGCAATGTTACATGGTTTGCCAAATTTAAAAATTCATTTGTCGGCAAAGCTCTTGTTTGGATTTTGTTTGGAAAAGGGAGTGATGGAGAAATTAAAAAATCAGTGTTACCTGTCAGAATCAGCGGGATTGTGTTGGTAGGAATAATAGTTGGCGGAGTGTTAGTATTTCAACAATATTTTGCAGGAAACTTGGCGAAAAAATATATAAAAATGGGGCTTGAAAAAGCGAATGGCGCTACCGTTGATATTCAAAAAGTATCTGCAAGCATAACCGGCGGCAAGTTGGTAATTGACGGACTTGCAATTGCAAATTCTGACGAATTAAATAAAAATATTTTTGCGGCAGATAAGGTTATAGCCGATCTTAACACAATGGAATTGATGAAAAAGAGGCTAAGGGTAAAAAATGTATCTGTATTGGGCGGTAATTTTTCAGGAAAAAGGGCAGTTGCCGGCAGCTTGTTGGTATTTGCCAAATCTGAAAAGGAAAAGGAACAAACACAAGAGCCCCCTGCACAGGTTAATCCGCAGAGTGGAGAAGATATTGGGAAGTATGTTGATAATGCAAATGAGTGGAAAGAGAGATTGAAAAGTATCAAAAAGTGGTATGAAAGGCTTCCTAAATCTGCCGATAAAGGGGAAAAAGTAAAAGATGAAAAAGGGGAGTCTTTGCGTGACAGGCTTAAAAGGGAGGCCTTGGCGTTAGGGTATCAGAATGTTAAGGCGAGTCACC
CP063375.1_gap28	1133888	1136098	2210	GAGAAACCCCGGCTGCTCTATGTGTCTTGCCATGAATCCTGACAAGCTTGTAGGGGATCAGATATGCGCTTCTACTTCCAATAGGAATTTTAAAGGAAGACAAGGTTCATCTTCTGGAAGGACTATTTTGATGAGTCCGGCGATGGCTGCAGCAGCAGCGGTTACCGGTGAAGTTAGTGATGTCAGAGAAGTTTTCGGGTTAAATTAAGGGGGAAAATATGTCAATTAAACCTATAAAAAAAGTAATGGGAAAAGGTGTACCAATTTTAGGGGATGATATTGATACTGATAGAATAATTCCTGCAAGGTATCTCAAATGTGTTACCTTTGACGGTATCGGAGAATTTGCATTTTATGATGAAAGGTTTGACAGTGACGGTAAGCCTAAAAATCATCCTTTAAATGACAACAGGTTTAAAGATGCATCAATAATAATAGCCGGTAATAATTTTGGTTGCGGCTCTTCCAGAGAGCACGCTCCCCAGTCTATTAAAAGGGCAGGTTTTAGTGCTATTATTGCAGAAAGTTTTGCTGAAATTTTTTATGGCAATTCCACAACTTTAGGGCTTGTATGTGTAACTTTGTCAAATGATGAAATCGTAGAATTGGCAAAAACCGTTGAGGCAAACCCAAATATTCAGATTGAGATTGATATTGAAGGGGAAGTAATTAGAGCCGGAGATAAGGTATACAAATGCGGAATAAAACCTTCCACAAAGAAATCGTTGTTGGACGGGGAATATGACAGCCTTGGAGTGCTTTTGAAAAATATGGATAAAGTCAAGGAAGTTGAAAAAAATCTGCCATATAGTTTTGCGTAAAAGGTTACTTCGGCAATTGTGTTATTGATTGCCGAAGTAACCTTTTTTTATGAGTAAAAAAAGATTAATAGACAGATGCCAAATTAAACTTTCCCTTGAAAATATGCTCTCTTGAGGTTATAAGTTTTCAGCAAAATGTGGATTAAAATGCATATTGATTGTGTTTTTAATCCTTTTAACAGAATATGGAGGCATTATGTCGTTTTATCTGCTTGAAATAGGGATTGAAGAGATTCCTGCCGGGTTATTAAAACCTGCATATACTTTTTTAAAGGAAGAGTTTGAAAGGCTTTTCAAACAAAACAATATAAATTTTACTCAAATAATTTCTAACGGTACACCGAGAAGACTTTTTGTTTATATTGATGGACTCCCTGAAAAGCAAAGTGACAGGGATGAAATTATTATAGGACCTCCTGCTTCGATTGCATTTGACGAAAATGGCAAACTTACCAAAGTTGCTTTGGGGTTTGCAAAATCTAAAGGGATTGATGAGGCAGATTTGTTTAAAGTTTCAACTGACAAAGGGGAGTATCTGCAAGGGATAAAACGTATAAAAGGGATACCGACCTCTGAGTTTATTCTTAATCATATAGAAGAAATTGTTTTAAAAGTTCCTTTTAAAAAGTCTATGCGTTGGGGGGATAAAAATATCAGATTTGCAAGGCCTATACATTGGTTTTTGTCAATATTTGACGGGGAAATATTACCGTTTGAAATAGATGGCATCAAAGCATCAAACATTTCTTACGGTCACAGATTTATGGCAAAAGATTCTTTTGCTGTGACTGATTTTGATTCCTATATCGATAGTCTTAAGAAAATGTATGTTTTTGCTACATTTGAAGATAGAAAGAATGAGATATTAAACCAGATTAAAAATATTGAAAAAGAAAAAGGGTTTATTGTCCCGGTGGATGAAGAGTTATTAGATACTGTCGCTAATCTTGTTGAGTACCCTTATGCAGTGATGGGCAGTTTTTCCGAAGAGTTTTTGAAGCTTCCTAAGGAAGTTTTGGTCACTTCTATGAAAGTACACCAAAAATATTTTTATATTCTTGATGTTGCCGGCAATATACTAAATTATTTTATCGGTATTTCCAATACAAAGCCTGTGAATGACAATATCAGAAATGGCTATGAAAGAGTTTTAAGGGCAAGACTTACCGATGCAATTTTCTTTTATGAAAATGATAAGAATGTTCCTCTTGAAGAAAGAGCGAATGAACTTAAAAAAGTTGTTTATCAAGAAAAGCTTGGTACATCATGGGAAAAGGTGGAAAGATTTACTAAAATTGCCGAAAAGATTACATCGGATGTTGATAAATCCAAAATAGATACTGTTAAGAGAGCTTGTCAACTTTGTAAAGCTGATTTGATGACAGAAAT
CP063375.1_gap29	1137296	1139634	2338	TCTATGCCGGGGATGATGGATACAGTCCTTAATCTTGGTCTTAATGATGAGACTGTAAAAGGTCTTGCCAAGGCTTCAGGAAATGAAAGATTTGCTTATGATTCATACAGAAGATTTATTCAAATGTTTGGTGATGTTGTTTTGGGAGTAGACCATCACAAGTTTGAAAAAGTCTTGAGAAAAATGAAGGAAGATAGAAAAGTTGAAAATGATACTGAACTTAATGCGGAAGATTTAAAGCAACTTGTGGTAGAATATACTAAGATAGTTGAAGATGAAACAGGGAAGCCATTCCCTCAGGATACAACAAAACAGTTAGAGCTTGCAATAAATGCCGTTTTTAATTCATGGGATAATCAAAGAGCAAAAACTTACAGAAAGTTAAACAAGATTCCTGACGATTGGGGGACAGCAGTAAATATTGTGGCAATGGTATTTGGCAATATGGGCGATGATTGCGGTACCGGTGTTGCTTTTACAAGAAATCCATCTACTGGTGAAAAAGAATTTTTTGGTGAGTTTTTGATAAATGCTCAAGGGGAAGATGTCGTTGCAGGTATCAGGACTCCTGAGCCGATTGCAAGGCTGAAAGATGAAATGCCGGAGGTTTTTGCCCAGCTTGAAGATGTGTATAAGAAACTTGAGACTCACTATAAAGATATGCAGGATATTGAGTTTACCGTTGAGCGGAAGAAGCTTTATATGCTTCAAACTCGAAGCGGTAAAAGAACTGCAAAAGCAGCTGTTAAAATAGCTTACGATATGTATAAAGAAGGGCTTATTGATAAAAAGACTGCAGTGCTTAGGGTATTGCCGGAGCAGGTAGATCAGCTTTTGCACCCAATGATTGACCCGAAAGAAAAGTATGCCACTATAGCAAAAGGGCTTCCTGCATCTCCGGGGGCTGCTGTAGGTAAGGTTGTATTTTCTGCTGAAGATGCCGAAAAAATGGCTGCTGCCGGGGAAAAGGTAATTCTGGTAAGGAACGAAACTTCCCCTGAAGATATTGGCGGTATGCATGCGTCTGAAGGGATATTGACTGCTACCGGCGGTATGACAAGCCATGCAGCAGTTGTGGCAAGGGGTATGGGAAAGTGTTGTGTTGCTGGTTGCGGTGCTTTGAAAATAGATGAAGCCAAAAAAGTATTTACCGTTGGTGATAATATAGTTAAAGAGGGTGATTTCATAACCATAAATGGTAGTACAGGAGAAGTTATCCTCGGAAAAGTTACACTTATTGAGCCTGAATTGTCAGGTGAATTTGCAGAAATTTTGAAGTGGGCTGACGAGTTTAGAACTCTTGGCGTAAGGACAAATGCGGACACACCTCACGATTCAAAAATTGCCAGAGATTTTGGGGCAGAAGGGATAGGACTTTGCAGAACTGAGCACATGTTTTTTGACGGAGATAGAATTGACGCGGTGCGCGAGATGATTTTGGCTGAAAGTGAAGAGGGAAGAAGAAGAGCTCTTGAAAAGGTCAAACCGTATCAAAAAGAAGATTTTATAGGTATCTTCAAGGCTATGGACGGCTTGCCGGTAACAATCAGGTTACTCGACCCGCCACTTCATGAATTTATTCCTCATACTGATGAAGATATTCAAAAGGTTGCAGATGCGTCAGGTATACCTTTTGATAGGTTGCAGAAAAAGGCTGAGGAGCTTAAAGAGTTTAACCCTATGCTTGGTCATAGAGGCTGTAGACTTGGAATCACTTTCCCTGAGATTTATGAGATGCAAGTATATGCTATAATGGAAGCTGCTTGTGAAGTTAAAAAGGAAGGGGTAAAAGTATTGCCTGAAATAATGATTCCGCTTGTGGGACATTTTAAAGAGCTTTCAATATTGAAAGAGATGGTAAACAGAGTTGCCGAAGAGGTAATGAAATCATACAATGATAAAATTAATTACCTTGTCGGAACGATGATTGAATTGCCAAGAGCTGCTTTAACTGCGGATGAGATAGCTGAATATGCTGAATTTTTCTCATTCGGTACAAACGACCTTACTCAGACAACCCTTGGACTGAGCAGGGATGACTCAGGAAAATTTTTGCCTGAATATGTAGATAAGGGGATTTACAAGGAAGACCCTTTTGTTTCTATAGATGTTTCAGGGGTAGGGCAGTTAGTTGAGCTTGGTGTTACTAAAGGTAGAAAAACACGTCCTAATTTAAAAACAGGGATATGTGGTGAGCATGGTGGTGACCCTGAGTCAATATATTTCTGCCAGAAGGTTGGACTGAATTATGTGAGCTGTTCACCTTACAGGGTTCCGGTTGCAAGACTTGCAGCTGCTCACGCTGCTTTAAAAAATATATAAATTAAAGGGGGGCTAT
CP063375.1_gap30	1144375	1147944	3569	TGTGAGCATATACGCACCTTTATTAAGCCTTTTTTGCTTTTATCTCATGAATAAACACAAAAGTCAAAAAGGAAAGTCCAAAAATTCCAAAATATCCTGCATGCCTGAATACATCTTGAAAGGCATGGCTTAAAGCTTGAACGGACATGGCTTTGCCAAGCAGCACACCTATTTTCAAATCTATAATATCAGGGCTTAAAAGACCCGAAAGCTGCTCTTTTAGAGTAGTAAAGTAATAATAAGTGTGAGACTTATTTTGAATATTTCCAATTTCTTCAAAATGGAAGTTAAATTTAGATTGCAAGGTGTTAGTCGCGATTGCAGTTCCAAATGAGCCACCCATAAACCTCAAGTAATGAAGCAACCCTACCCCGAGACTTGTTTTTTCCTTCAGATGTCTCATGGCAAGTGTGGTGATTGGTGCAAAGAAACTACCCAATGAAAATCCGAGAGGAACTGTCAGTAAAATGGTTTGCACGGATGGGGTATAGTAATTTAATTGAGGCATAAGGAATACACTCGTTAAAATATATAATACTGCATTGAAAAGTAAAACATAATGTTCGCCAATTTTGTCAGAAAGTATCCCCGCTATAGGGGAGGTGAGTCCTATAAATATGGCAAACCCCAACATATGTAGGCCTGTTTGCAGAGTAGTGAAATGTCTTAAGTTTTCATAATAAAGCGGTATCAGATAGAATAGCTGGTATATTGAAAGCCCCAATGTAAAGAAAAATATCAAAGAGGCATACCTATATTGCGGAATCTTGAAAATTGAAAAATCTATCAATTTATTTTTAGAACTAATTTCAAATATAATATAAAGTAAAAGAGAAATGATACTTATAAAAAAAAGTGTGAAGATATAGTCGGACTGAAACCATCCTTTTTGCTGCCCTTTAGACAACATTATGAGTAGCGATATTGTGAAAGATGCAAGAAAAAAATAGTTGGTAAAGTTAAATTTAAATTTTTCATTAAATTTTGAATAGTTTGGCAGTAGTAGCAAACCTAATATTATAACCATGGCACCAATAGGAAGATTTACAAAAAAAACGCTTCTCCAAGAAAGGTGCTCGGTGAGCCAACCACCGAGTGTCGGGCCAAGTGCCGGAGCGAAACTTACACCCATTCCGTAAATCCCCATGGCGAGCCCTTTCATATGAGGAGGGTAAAGGGAAAACAAAATTGCTTGAGCTGAAGCTACTACAAAAGCTTCCCCGGTGCCTTGCATGCATCTAAAAATTATCATCTGCGTCAAGTCTGAAGAGATACCGCATAAGTAGCTTGATATTGTAAAAATTGTTATTCCAATAATAAAAAGCCTGCTAAGCCCTAATACTTTATCAAGAGATTCTACCAATAATAAAGCTGTGGCAGCTGAAGCCATATAGGAAGTAATAACCCATTGTACGCCATATAAATCAGTTTTTAGTGGTGCCATCATTTTAGGCACTACTACATCCACTATTGTGGTGTCTAAAATTGCCATAAATGTACCGGTCATTACCACAAAAGTGATTAAAAGGCGTCCGACTAAGCTAATCTGTTCATATATAGGTTTTTCGTTATCAATAACCATATGTTACCTTTTTATTTTTATTTCTCCACTAAGCCCAACTCTTAAAAGTCGCAAGTTGCCAGAAGTAAATTTAACCCTTATCGGAATTCTTTGAGATACTTTAGTGAACTCTCCGGCAGAAATATCTCTTGGCACAAGAGCATAAGTGGCGGCTGAAGCAGGGAATATTTCCACTACTTCACCTTCAAATTTTTCATCAGGGTAAGCGTCAATTTTTATTTCAGCTATGTCTCCGGGATTTACTCCATTGATTTTTTCCTCTTCCATCAATACATAGCCATAGAGATTACTAGTATCGACCAATGAATAAATATAGCTGCCTGCTTTTACCACACCCCCTTCTTCAGCATATTTTTGCCCTATAACTCCATCAAACGGGGCAACTAACTTACAATATTCAATCATTTTGGTTATATCTTCCCTGTCCTTTTGTAGAGCACTAATCTGCTCAGCCAGTGATTCCAGCTTTTTTTCAATTTCAAAAAGTACTTTTAGCTTTACATCCACAAGAGCAAGGTCTTTTTCAGCGATCTGTTTTGAATAATATAGTGACTTAAGCTTTTCTGACAGTGATGCTTTTTTAGCCTTAAGCCTTTGAAGATTTGTTTGGATATCTTCAAAGCTTTTTTCTGATACTGCTTTTTCTTCTCGTAACTTTTTATACCTGTTATAATCTTTTTCAAGCTGACTTAGCTGTATGTCAATTTCATTGATATTTTGCTTAAAAGACTCAATCTCTTTCTCTACAGATTTCAGTGTGTCACTCTTTATATTTTTTTCTATTTTAAGTGATTTCTCTGTTTTATCTTTATTAACCTTCAAGGCATCTCTTTCGGCTAAAAGTGCATTTATGCTGTGATTAATTTTTTCAAGTTGGGTTTGGTAATCGGTGTTATCAATTTCGGCCAGAATATCGCCGGCTTTTACACTATCCCCTTCCTTAAAGTTCATTCTGACTATTTTCCCCGCAATTCTTTTAAATGATACATTGGCAATACGGTCACTTTTAACAAAGAAAGCATCTGTGCTGGCATACAGTTTTCTGTTTTCAAGCCACTTATAACCGATTAAAACGGCGGCAATAAGTCCAATGATGAGTAGTACAAGAGCAATTTTTACCTGTTTCTTCATATAATCACCTCAAGTTTTTTCCGATTGTTTTCTCTATTTGAAAGTATGCTATAAATAATTCGTAATAGGCATTTTTCTCGTTACTAAGTGCTGTTGTGAGCAGTGCTTGTCCATCCAATACGTCAGAGTTGGAAGCAAGCCCGTTGTCGTATTTGAGCTTAATTATTCTGTTATATTCATTAGCTTCATCCACCGCACTTTTAGCCACTTCAAGATTTAAAAGTGCAGTTTGGAACATTTCGTAAGCCTCTTTAACTTCAAGTTTTACTTTTAATATTGTATTTAACCTCTGTTGATTTAGAGCGATTAATTTTTCATTGACTGACTTAAGTTTTTTTGTCGGGTAATCCCAGTCAATATTCATTTGAATACCGACTTTTCCAAAAAAACCACCTTTAGGGGAGATTTCATCATTTTGATTGTTGTAAGTATACCCGCCGGCAGCGTAAATTTTTGGTAAGTAGTCTGATTTGATAGTTTTTTTAGATTCGCTTAGCGCACTAATCTCCGATTCAATCTGCTTTATTATAGGTCTGTTTTTGACAGCTTTTTCGTAAAGAGTGTCTATGTTTATTGTTTTGTCGATAATATTTTGGCTTAATTCTTCCAGAGAAAATTCAGAATTTTCAACATCACTGTTTATTAAAAGGCTTAGGGCAGACTTAGCGACTTTGATATAATTATCGACTTTGGTAAGAGACTGTTTGGCTTCTTTCAGTTTTACGTCAGTTTGCAGTAAATCCAATTCGGCTACTATCCCTTGTTTATAAAAATTTTGCACATCCGAATAATGACTATTTAGGGCATCAAGATGTCTTTGTGCTATCTCTTTTTGTGCTAAGAGTTTAAGTATTTC
CP063375.1_gap31	1262053	1265445	3392	AACTGCTGCGGATATTAAGGGTAATCCTAATGTGGAAGTATTAAATCCTGAGCAGCATATTGCTACGATAACTGACCCTAATACTAAAATCTACATGGAGCTGATTGTAGAAAGAGGTATCGGGTATTTACCTGCCGAAGAGATGAAAGATAAGTTTGATGAGGTAGATATTATACCAATAGATGCAATATTCAGTCCAATCAAGCGTGTTAACTATCATGTTGACAATGCAAGGGTTGGTCAAAGCACTGATTATGACAAGCTTATACTTGAGGTGGAAACTGATGGCTCAATAAAGCCGGAAGATGCAATAGCATTTGCAGCGAAGATTTTGAAAGATCAAATGGAACTTTTTATCAATTTTGATGAGCCTGAGTACGAAGATGTTCAGGTAAAAGAGACTAAGGATAATAGTGAGATTTTGGATCTTCTTGATAAGAGCATTGAAGAGCTTGAGCTGTCTGTTAGAGCTTACAATTGCCTTAAAAATGCTAACATAAAGACATTGTCAGAGCTTTGTTCTAAAACAGATTCTGAAATGCTTAAAACTAAAAACTTTGGCAGGAAGTCTCTTGAAGAGATCAAAAAAGTCCTTAATGATATGGGGCTGAGCTTAGGAATGGATTTAGAAGCTATTGGCTATAATAAAGAAACTGAGGGAGAAGAGAACGATGCGTCATAGAAAAGGTGGAAAAAAGTTAGGTAGACCTACATATGCAAGGGTTGCTATGCTTAGAAATATGGCACACTCTCTTGTTGAAAATGGTAGGATTGAAACTACCATAGATAGAGCCAAAACACTTAGGGGTTTTATTGAGCCTCTTATTACTCTTGGTAAGAAGAACACACTTGCTGCCAGAAGGCTTGCTCTCAGAAAGCTTCCTAATAAGCAAACTGTTCACAAAATATTTGAAGAAATAGCTCCGCTCTTTAAAGATAGAAATGGCGGATATACAAGAGTTTTGAAAACTTCTGTCAGAAGAGGGGATAATGCTCAGCTGGCTATTATAGAATTTGTTGACAAACCGGAAAAGACTCAAGAACAAAAAGTAAATGAATAGAGAAAAAAAGGGGGTAACCCCTTTTTTTTTATCTTTTAACCAATTAACCTACTCAATAAACAGTAAGAAAATAATAGATATTGAAAGCTACGAAACTGAGTTTTCTAATATTTTATTAATTAAAGGTAAGGTTGGCTCAGGAAAGACTACGCTGCTTAAAATTTTATCTGATATTTTAGTACCATCATCAGGTAGTTTTTCATTAAAATGTAAAGATGATTTTAGAAAGATATTTATTCACTCATTTCCATACTTTAATTTTATTACCGGAAGAGTTCAGGATGAAGTAAACTTACTCAGCTCAGATAGTATAGAGTACAATTTAAATTTAGATAAAAATATTGATGAATATTCGGGTGGCGAGCTAAAAAAGATGTCGATATTGATGAGTATCAATGCAGGTTATAATCTGATTTTAGCAGATGAACCGTTTAATATGCTTGATGACTTTGAGATTGAAAATTTAAAAAATACAATTATTGAGTCATCAAAAAATGCTTGTTTTATAATAACTACCCATGAAGATTTGCTTGACGATTATTCCGATAATATTATATGGCTTGAAAATGGCAATATCTGTTAGAAGTTTATCTTTTGGTTATGATAAATTAATCTTTGATGATATAAATGTTTCATTCAATGAAAGTAGTATTAGCTGCATATTTGGTTTAAATGGGAGTGGTAAATCGACTCTGATTGAGCTAATTATAGGCAATCTAAAACCAATTAATGGTGAAATTACTGTTAAAATTGATGCTAAATTGGGGGTTGTTTTGCAGTTTCCGGAAAACCTTATATTTTGTAATACAGTTTACGATGAGATTTTATCTATTGCTAAGAGTAAATATGTTGCTGAACAAATAATTAAAAAATTGAATTTTGATGATTTAAAAGGTATAAATCCTCACAATCTAAGTGACGGGCAAAAGAGGATGATGTTTATCATGAGTATATTATACTGTTATGATATTTGTATATTTGATGAGCCCTTTACAAGTATGGATCATGAAACGAAAAATAATATAAAAAAAATGTTTAAAGATTTTAAAAATGAAGGTAAAACTATTGTATATACAACTAATAGAAGGATGGATACAGATATAGCGGATTTTGTATTGGAGATAAAATGAGTGAAATAGCTTATTGGGGTAAAAAAGTAGTTGAGGCAGGTCTTTGCACGTCCTTTTTTGGTAATATTTCATATAGGGTTCAGGATTCAATTTTTATAACAAAGACAGGGGTCATGCTCGATGAAATTAATGAGAAGGATATTATTGAAGTTTCATTAACTAAAAAAAATAGCTCTGACAAATTAGCTTCATCAGAGCTAATAGTGCATAGAATGATCTATGAAAAAACTATTTACACCAATGTGATACATACTCATAGCCTCTACTCAACATTTATGGATGTTTTTCAGGATTATGTTACTTTTAATTATTCTGAAGTACTGCCATTTTTAAAATTAGTTCCAATTGTAGGTGGTAAAAGTGGGAGTTTTGAGCTTGCGGAAAATGTAGCAGGTGCTCTGAATGAGAATCCTATAGTAATTGTTATGGGGCATGGAGTTTTCGCTGCCGGTAAAAATTTTAAGGAATGCTTTGTTTATTTAACTGCTCTTGAACACTATGCCAAAGATAAATATTATAGAGAGTTAATAAAAAATGGATAATATATATTTAAAAGCAGATATGTCTACATTTAAAAAAATTGTTGAGTTTGCTAATATAAATTCTGTTGGGATAGAATACCTGATGAGCTTTGATGATTATAAAAGCTTACAATTTTTAAAACATTCAGGCATTAAATATACTATACATTCAGTATTTTTTGATGTGGAATTGGGCTCATTGAACCCTTATGTAAGAAATGAGTCGAAAAAAATACTTCGTGATGTTATCGCTATGTGCAACGAGCTTAGCCCTGAAAATTTGGTTATACATCACAATTACAATCCATATAAATATGCATTTAAAGAAGATTCGTTTGTAGAAAGGTTTGTTGATACATTTTTAGATGTAATAGATGGTAAAAATAGTTATCCTATAAGTTTTGAAAATGTATTTGAATTTGATTCCAATATAGGATTAAAAATTGTAGATAAAATTGGAAGAGATGACATAGGTCTGTGTTTTGACTGTGGACACTTTAATATGTTTTCTGAAGAGTATATCCATTCGTGGATTCAAAAGTGGAGTAAAAAATTATTCAGTTTTCATTTGCATAACAATTACGGTAAATATGATGAGCATAATGTTTTACCTGATGGAAGCTTCGATATTTACGAACTGAAAGATTATTTTGCAAATAGAATTCTAACAATTGAGAATA
CP063375.1_gap32	1288257	1289242	985	ATCAAATTATCCAAGACCTCCGGTGAATCTGTTGACTTTTTGGTAAATAAAAAACCTGTAGCCGTTGGAGAAGTAATGGTCATCGATGAAAAGTTTGCTATCAGGATAACTGATGTTTTGACAAAAGCAATACTTTTTGAATTAAGTAAAGATGGGTTGTATGATTAAAAAGGTAATACTTTTTTTACTTTTTTCAGTTTTTGCTTTTACTTCACAATATAAGCTTGACCTTAGTGATGACCATATAAAGCTTGTTATTCCTGCAAACTCTAACTTATTTGTGTCTGATTCTTTGCAAGAAAATGTATATTCTCTTGTACTAAAAGGGAATATTTCTGTGAATGAGGATATTTGGGGGTATAACATATCAAAAATCACTTCTCAGTATGACGGGAAAAATACAAAATTGGATTTTTATTTTGAAAAAAAAGGGTTAAAGCCAGAAATAGAATATAAAGACGGAAAAATGGAAATTGATTTTATATTTTCAAGTGTGCCAACTAAAGAAAAAAGTGTATACTTGAGAATGTTTTTAGGCATACTGATAATTCTTGTCTTGATTCTGGTACTTTATTGGTTTTTAAAGCTTATGCTAAAAAGAAATATCTCTTCTGATATACCTGGGATAGGTAGGCTACTTGGAAAAGTGGATATTATGCCTGGCAAAACGCTTGCGTTTTATGAGTTACTTAATACTATTTATCTTGTTGGTATTACTACTGATAATATTACTTTGTTAGATAAAATTGAGGATGAAATAGTGTGTGATAGGATAAAGGAAGGATTTTCAAGAAAAAAAGACTTCTCAAGTTATTTAAAGTTTTTTGGAAAAGAGATAGATAGCACTGAAATTGATATGACGCAAGAAATTATTAAAGAGAAGGTGGAAAAATTAAAAAGAAAATAGTATTTTTTCTTCTTTTCTGTTTACCTATTTTTGCCTTGGCTGCTGATTCTATACCTTTGCCTACAATCAATATAGGTG
CP063375.1_gap33	1292161	1295759	3598	GGGCAACAAAATTGATGATATATTTTTCAAATTGCCTTACATCTCTAAGTTCACCGCTTTCTTCTTTAAGAAAGTCTTCAGCTGATTTTTCATATTTACTTACCATGATAATCCTCTTTTTGCTTTTATAAAAAAACAAAGCCCTCTTAGATTATAAGAGAGCTTTGCTGTATGTAGATATATTGCTTGATAATTACTTAAGAAGAGCTGGGTTTACATACTTAAGAAGTCCAGCTTCCTTATAGTATTTAATTGCACCAGGGTGAAGTGGAGCTGAAAGTCCCTGAAGCATATCTTCTTTTGTTAATACAGAATAAGCAGGGTGTAATGTTTTAAACTCTTCAAAGTTTTCAAAAACTTCTTTGGTTACAGCATAAACTACATCTTCAGGCACATTTGCACTTGTTACAAGTGTGGCTTTTACACCTATAGTTGTAACAAATTCTGCATCAGCATTAGCTGCATTAGGATAATTTTTCATATCAATTTTGCCAACAGCGTAATATGGTTTTTCGGCAATGAGTTTCTGAACACCTTTACCTTCGATAGGCACTATGCTTACCTTAACTCTGCCTGATGTGGCTTCTTTAATGTTACCGTTAGGGTGACCAACTGTGTAGAAGAATCCGTCAATCCTTCCGTCCTGAATAAGGCCAGGCCCTTCGACAGCCTTTACATAAAATGGTACAACATCTTTTTCAGTTAAACCAACAGCTTCCAATACATCTTTTGAGTTTTGAAGCTGACCTGACCCAGGGTTACCAAGGTTGATTTTTTTACCTTTGATATCTGCAATAGTTTTGATGCCGCTGTCTACAGAAGCAATAAGTGTAATAGCTTCAGGGTGAATAGAAAATACAGACCTTAAATCTTTTTGAGGTTTACCCTCCCACTCAGCAAGGCCGTTATATGCCTGATACTGTCTGTCAGACTGAGCAATGCCGAACTCAAGGTTGCCACTTACAACTGCGTTAATGTTGAAAACAGAACCACCTGTTGATTCAACAGTAGCCTTAATGCCGTATTCTTTAGATTTTTGGTTTACCATCTTAGAAATTGCTCCGCCTGTAGGGTAATATACTCCGGTTACTCCACCTGTTCCGATTGTTACAAATGTTTTTGAATGAGCAGGTGCTACTACAAGAATAAAAGCAGCAAAAACTGCCAACAATGTTAGAAATTTTTTCATAAATTCCTCCTATAATATTTTGTTGTTACATTGTAGATGATATATAAAAAAGCATTTTATGTCAACGTTAAGTTAATTATTCATTTAAGGGAGTATTTGCTAAATAGTTAATATATAGTTTTAAAAAAAATACTCAAAAAAATATTATATTAGATATTAAGAAATAGTTAAAGTGTTCCCAAACTTTTTTAAACTAAATTTAATATTTACCAAATAATATTAGTCGATTTCTTTTAAGTTTACACAGAGCCTCTATTTTTAATTGCATTACTATTTGATATAATGAAACATAATTTTGTAAACAAACTACATTTTTAGTCCATTGGGATAAAAGCATAGCCCTGATTTTGATAACCGGCGATTGAAATATAGCCATTTTCAACTACATTTATGATATCATAGACTTCTTTAGGCTCAATCCCTCTAAAACCAAGTGCCACTGCACACTGCTCCAAAGTTACACCATATTTTTCTTTTAAGTTTAAAAGAGTAAAGTAAATTTTTTCTTTTGTTTTTATGTCATCTTTTTTTATATGGTCATTGTTTTTTGTCATGTAATCTGAAGCTTGCCCCCTGATTGCAACTACTGCTTTATATGTTGAGTATTTTGAGATCCCTTCGAGTGTTTTTTCTATAAGGTTAAGCCTTGTTAATAAAAGATTAGGGTTACCAACATTTACATCAAATATAACTTTTACCTCTTTCAAACCTTTTAATGAGGCAGGACTATTTTCGCTAACTGCAGGTAAACAATAAAATACCATAAAAGTAAAAGCGATGATAATGGAAAAGTATTTTTTCATAGGAATCCCCTTTCGTAAGTGTTTACATATATATATTATAGCATACCGAAAGGGGAAAGCAAGGTAATTGATTAAATTATAATGATTTAATTTTGACTATCTCTCCAATATAAAGTCTATGATAATCCTTTTTAGGATAAAGTTTGTCTAATTCAGCATCCAGAAAGTTGTTGGGATTGAAATCTGTGAAATAAAGTTTTTTACTAAATATGGCAAGGCTGCACTCATTATAATAAACAAAGTTGTCCTCAATAATCGGGTTAAGCCCTGATTCTTTGACTTTATCGATGTCACGGCCGGATTTTGAGCCGCATAGACTTAGAGTCTTTCTATATTCTTCTTCAAAAAAAGTAAGTGTAAAATTTCTTGTTTTTTCAATCAACTCATAGGTATATCTTGTTGGTCTTATTACAATATAAGCGACGTTTTTGTTCCACATTACACCGAAACCGCCCCAGCTTGCAGTCATTGGATTAATAATTCCATCACTGTTTGATGGGGTAATGAGCATCCACTTCTTGCCAATTGCTTCAAAAGCATTTTCCCTTAAATCTTCAGGTTTTATATTTTTAAACATATTGACCTCCATTTTTTTAACTATTTTATATGGCTTGGTATTTAAAAGTAAAGCTTTATTGTAAAAAAAATAATCCGATGTTAATATTTGCTAATTTTATTGAGAGGGATATTATGAAAATTTTTAAAAAATATCAAAAAAATATCAAAGAAGATATTAGCGAAGTTAAGACATCAAAGCTTGGCTATTTTTTATTAATTTTGATGGTAATTTTTGGTTTGACAGCAGGTAATACTATCTTGAGGGATTTGAGCCGAATACCTAAAAGACCTATCCCACCTTCTTATTGTATATCAGGGATTTCTAAATATTCCTTAAAGAATATCCAAACAATGCCTCGATGTAATTTTAATGAAATAGACAAAAAGTTTGAAATAGATAAAATATATCAAGAAATTTTGCCTGATTTATCAAAACTGGTAAATTTAAATAAACAGATATCAACAAACTATAGCCTTATTTCCAAGCAGCAGAATGAAAGAGATAAAATACTCAGAGAGTATGATGTATCACTGCAGGAAAAGATGGCAAAAGAACAAAAAATTATAGACAAAGATGATTTGAAGCTGAGAGTTACAAATATTGATAAAAATATAGAAGTCTTTAATGATGAGATTCGTAAGCTGACTGTTGAAAGGGATAATCTTGCAAACCTGCTTTCCTCAAAAGTAACAGAGTTGCAGTATAGATATAACAACGCTCAGAAAAAATATGATAGAGATGTCAGTATTTATAAAGTTAAAATTTTCTTTATTCAATTTTTATTTGTACTGCCACTTTTTATCTTTGTTTTCAGATACTATCTAAAGCTCAAACGGGAAAACAGTAAATATACTATCATCTGGACGGCAATAAATATAACTGTCGCACTGCTACTTGCTAAGATATTGCTGATTTTTATTTGGATGATTTTACCTAAAAATATTTTTAAACTGATATTGAGTTTTATTAATAAAATTCCATTTATAAAATATGTTATATATTATGTTGCCATAGGAATTATTTTTAGTTTTTTTGGTGGCCTTGTAT
CP063375.1_gap34	1315285	1317326	2041	GGTTTGCAAAGTGTGATAATTGCGGTGAGTTAAAACTTACTCACAGGGTTTGCCCATCATGTGGACACTATTCTAAAAAACAAGTTTTAAAAATAGAAGAAATTTAATCTGAATGAGAATTGTTGTTGATGCAATGGGGGGCGATTTCGCCCCCGCTGAAGTAGTCCAGGGTACTGTAGCTGCCGTCAAGGAGTATGGTTACAATATTGTCCTTGTGGGTGATGAAAGATTAATCAACAAAGAGCTTTCCAAATATTCCAATGCATTAAAAGATAAAATTTTTGTTGTTCACACGGAAGAAGCCATTACTATGGAGGACAGTCCATCACAGATAGTAAGGGGGAAAAGAAACTCCTCCGTTCATGTGGCACTTAAAATGCTTAAAAATGGCGAGGCTTCCGGGTTTTTTAGTGCGGGCAATACCGGTGCAATTATGGCAGTTGCGAAGCTTTTTCTGAGGACTATTGAAGGGGTTGACAGGCCGGCGATTGGAGCCGTACTACCTACTATGAAGGGGCATACGGTAATGCTTGACGTGGGAGCAAATGTAGATTGTAAGCCTATACACTATTTGCAGTTTGCGATAATGGGTGCTGCTTATGCCAAAATAGTTTTAAATGTTGAGAATCCTACTGTTAAGCTTTTGAGTATAGGTGAAGAGGACATTAAGGGGAATGAAGTCACAAAGTCGGTTTTTAAGTTGCTGCAAAATTTTAGTGGAATAAACTTTAAAGGGAATGTGGAAGGGAAGGAGATTTTTAAGGGTGTTTGTGATGTAATTGTCTGTGATGGATTTGCAGGGAATATTGCTCTAAAATCCAGTGAATCCGCAGCCGGTTATATTTCAAAGCTTTTAAAAGAAGAGCTTACACGGACACTTCTTTCTAAAATAGGTGCACTACTTGCCAAGGGTGCATTTGAAAGGATAAAAAAGCGTGCCGATTATACAGAGTATGGTGGTGCTCCTCTACTTGGAGTAAACGGTGTAGTTATTATCGGGCATGGGAGTTCTAACGCAAATGCCGTTAAAAACGGCATAAGAGTAGCTCATGAACTTGCTGAGCAAAAGATCGTAGGTGTTATTGAGCAAAACATCAGAGACGGCTATTCAGTGATGAAAGTTGACAAAGGTGAAAGTTTTTGGAACAATATCAAAGAGAAATTAAAAAAGCTTAATAAAACCGAAGACGATTAAGTAAGAAGGTGTTTATGGTCTACTCAAGAATTGCCGGTACTGGATCTTATTTTCCTAAAAAGGTCCTTACAAATGCTGATTTGGAAAAATTTGTTGATACCTCTGATGATTGGATTACATCAAGGACTGGGATTAAAGAGAGGAGAATTTCAGAGGGTGAAACCACAAGCGATATGGCTTATAATGCTTCTATTGAGGCAATTAAGTCAGCAGGTATTTCAAATAGCGACATTGACGGCGTAATACTTGCTACGTGTACCCCGGATTATCTAATTCCTTCGGCCGCTTGTTTGCTGGCTTCAAAATTGGGAGTTAAAACTCCGTATTCTTTTGATATTAATGCTGCCTGTTCCGGCTTTATTTATGCTTTAGGAATAGCAGATTCTTTAATAAAAAATAATTTAGGTAAAAACATTTTGGTAGTGGGTGCCGAGAGGCTAAGCTCCATAATAAATTGGGAAGATAGAAATACTTGCATATTATTAGGTGACGGTGCAGGTGCCGTCGTGTTATCAAAGAGTGATGAGCCAGGCATACGCTCTGTTTGTATGCAGGCCGATGGGGAATATGCTGAAATCTTAACTTGTAAAGCCGGTGGCAGTAATGCTCTTTATGAAAGGGATAATTTCGATATAAATTCAAATCTTTTTACTATGAAAGGGAATGAAGTATTTAAAATTGCAGTGAGATCTATGGCGGAAATAGCTGTTGAGGCGGTAGAGAAAAGCGGTTTATCTTTTGAAGATATAGACTTTTTTATTCCTCATCAGGCTAATGTGAGGATTATAGATGCTGCTGCTAAGAGGCTTAATCTTGAACACGACAAGGTTATAATAACTCTTGATA
CP063375.1_gap35	1490847	1495313	4466	TGTTTTAGTTTATTTTTCTTTCGTCGCCTGTGAAGATATAATGTCTTAACTCCAGCAAAAATATTTCTTACACCCCTTAAAAGTGTATAATAAATAAACTGAGGTCGTTTCTTCTTTTCGGGTTTTGAGGCAAGAACTACTTCTTCTCGTAATATTTCATCTTCATTAATATCAACCAGTACAGACCAAGCAAGCATTACTGCACCAAGCATTGACCTTATTGAATTAAAATTTCTTATTATTGATTTCTCTATGCCAAAGCCTTGCTTTTCAAATCTATAACTTTCTTCTACTCCCCAACGTCTATAATAGCCACGTATTCTCCTCTTAATTTCTTCTGATTTACTTAAATGTCCATTGGTTAAAAATATATGGGATTCTTTATTAAATTCTCCTTTATGTGATATTAGGGTGACAGGATATAATTTTGATTTAATTTCTATAAAGCATTTCAAATATCCATATCTAAAATGTTTTCCGTTTTTATATCTTCTATTTATAGATTTATTTAACTCTTCAATATTTACGCTTTTCCCTTTATAAATTAAATGACGGTTGGTCTTCATTCTCACAATAAAACTTAAACATTCTTTTAGGAAATAGCCAAGATAAGCTCCATTATCATAGCCCCTATCCATTACCCATAAGCCTTTTTTACCAACATTAGTTACAAAACTTTCTACACTTTTTAAGCCTTCTGTATTAGCACTCTTAAAATCTTTACTCTCTGTGCTGTACATCCCAAGATAAGCAGGATAAGTTTGATTACTTTTGTCATCAAATAAACTTATCTGATTCAAATAATAACCCTCGAGATATTTACCTGTGCTACCATCTCTCACTTTACAGGACTGCTCAAAATTATTAGCAAATAAATGGCTTATATCTCCATCATCAAGGGCTATTATTGTACTATCATCTACTTTAGTAGATGCTTGTGATAATAAATAATCATTAGCTAATTCAAGTAAATTAGTCTTACCCTCAAGATGATTAAACAAACGTTTCATAGTGTTTTAAGTTTTATTTTCTCATTCAGGCTTCTTGATATTTCAGTAATGTTACAATTTCCTGTTATTAATACCCCTGATACTAGTTCCAGAATGAATTTACCATATGGTAGACTTACCTTACCTTCAAAGTTATGGACCATTACTCTAATTTTTCCCTTCACTTTTTTTAATAATTCAGTCATAATTAAACACCTCTTTTTGTTTGGTTGTTAGTTGTTTATGCAAATTCAACTATACCAGCGAAAAGAGGTACTTACAACTATTTTATTACAATTTCTTACATAAAACCAATCAGTTACATAATTCCATTAAAAAAACGGGGAGACTGCAATAATAGAAAAACTTGCTTACTTTTTTATACACATGTTTCGGAGAGACCTTACTATTTTGCAAAACAGAGGGAAATAGAAAATCTATAAGAGTTAACATTTGATAAATAAAAATAATTGGCGGGAGTGTGAAGGAATCGAACCTCCCTCCCAACCAAAAAGGCGGGACAGTCGGCTTTGAAGGCCGCGGGGGACACCAGAGCCCCATCCACTCCCATATAGTAAGCATACTTCAACTTCATAAAAAATTCAATTTGTAAAATGTTTGTTTTGTATATATAGTACCTTTTTTAAAAAATGATTCAACGGGAGCTTATTATGTATAATGTTTTGGTGATTGGGGCTGGTGCAATGGGGATTTTGTATGCCGCCCAACTTTCAAGCTCTGAAAAAATAAATGTATATTTTGGAGCAAGTGGTGAGAGATATAAAAGGCTAAAAGATCACATATTTATATTTAACGAAAAAAAATATGATTTTAAAGTAATCGATATTGAAAACTATTCGGACAAGCCGTTTGATTTGGTAATAGTTGCAGTGAAGTTTTTTCAGTTGGATGAATCAATCAGGAACCTTCATAAGTTAATTGGAGAAAATACCGTCTTTGTGTCTCTTTTAAATGGCCTTGATAGTGAAGATATTATAGCAAACATTTACGGAGAAGAAAGGGTCGTATATTCAATGACAGTTGGTATGGATTCCGTTAGAAATGCTGATGGGTCTGTAACTTGTAAAAATTTCGGGAAATTGGTGTTTGGTGCAAAAAATGTCAATCAGAGAAAAAATGTTGAGTTGGTAAAAAATATTTTTGAAACTGCCAATGTTGCTTACGAAATACCTGAAAATATAATGAAATCTATATGGTGGAAATTTATGGTAAATGTAGGGATTAATCAGGCATCTGCGGTACTTGGCCTTAATTATGGTGGGTTTCAGAAAAGTGAAGCTGCAAGGGCACCTATGCTTGGCCTTATGAAAGAGGTAATTTTGATTTCTCAATATGAAAATATTAATCTTAATGAAGACGAAGACTTGAATGTCAAATGGTTTAAGGTGCTTCACAGCCTTTCTCCTACTGCAAAGACATCTATGCTTCAAGATATTGAGGCAAAAAGGAAAACTGAAGTGGAAATTTTTGCAGGCAAAGTTATTCAGCTGGCAAATAAATATGGTGTGGATACCCCTTACAATAAAATCTTTTTTGAGGTTATCAAAGGGATAGAGAGCAATTATTTATGACATATTTAAAATTGCTTCTTGCTGCTTTGTTTTGGGGTAGCTCATTTACAGCCGGTAAAGTGGCGGTAGCATATTTGCCTGTATATACCGTAGCATTTTATAGATTTTTTATTAGTTCAGTTTTATTGATAGCAATCTTTTATTTTTATAATTACAGGTTTAAGCTCAAGGAGTTTGTTTTTTGTATATTTGGAGGATTGACCGGGATATTTGCTTATAATTATTTTTTCCTTAAAGGGCTTTCAATCACTATGGCGTCCAAAGCATCAATTATTGTTGCTATCAATCCCGTCTTATCGGTAATAGGCGCAGTTTTTTTATTTAAAGAGAAGATAAATATTAAGCAAATTGTTGGCATTATATTGGCATTTTTGGGGATAATACTGCTTATTACCAAAGGGAGAATTGATTTGATTTTGACAGGCGGATTTAATAAAGGGGATATTTTTATACTATTTGCGGCGGTTTCTTGGTCGTGTTATACATTATTTGGTAAAAAGGTATTGACTAATATCTCTGCAATAGAGTCGACAACATATTCGGTTATATGGGGGACATTTATATTATTCCCTTTATTTTTAAGTGAAAATATTGAAAATTTTTATCATATTAATGCTAAATCTTTGCTTAGCATTTTGGTGCTTTCAGTTTTGGCTACAGTTTTGGGGTTTATATGGTTTTACGATGGGATAAAGAAAATTGGAGCATCAAAAACAGTTGTTTTTATATACCTTGTGCCTCTGTTTGGGGTGTTGATAGGTTTTTTACTCTTGGGAGAAAGACTTAGTTTGGCTGCTTTAGTCGGAGGTATGGTTACAATTACAGGTGTTTTTATTGTTAACAAGTTTAGTGAAAAATAAAGTTGCCAAATTATTTGATAAAAAAGAACAAGTCATACTACATTAACTGCTATCACCCCATTTTTATATAAGAAGTTATATTTGACAGTTATTTACGATTGATAATGCCTCCAAAATGTTGTATGTTATTTTTACCAAAAAAAGCAACAATAACAACAAAATGGAGGCAGTTTATGATAGGTGAAATTGCTAAAAATGTGAAGGAAAAAATGCTTAACATCACAAGAAATCTTCATGATTATATTACAAAGCCCCAACAAAAGTATTTGCTTGAGATGTTATCCGGATGTTTTGCAACCAAGAGTTTGAACCTTACGCAAATATCAGGCTATCTCAATGAAAAAAGCGGAGTGAAACATACACTTAAGCGACTGCAAAGGAATACATTTTCTTATTCGAATTTGGGTTTTATTTCTAATGTTTATAATATTGATTATGTATACGAAGAGACTAAGTCAGAAGATAAATTATTAATATCAATTGACGGTGGAGATTTGAGCCATTCATATGGTAAGAGCTTTGAGCTAATATCTAATGTGAGGGATGGTAGTAGTGGTCGTATTTCTCCAGGCTATCATTTAAATCATGCAGTATGCTATAGCCCATTATCAGGGAGGACATTTTCACTGTATCTTGATGTATACAGCAGCAATTCTAATGAGTTTACAAGTGAGAATTCGGAGACATTTAAGATGCTTGATATGTTGAGGGATAAGTATATTTCTAAAGGCTTATTTTTGTTTGACCGTGGTTACGATCGTGGAATTATTTTAAGATATCTTCTTCGGCATGGATTAAATTTTATTGTAAGGAGTGTAGGTGTAAGACATGTAGATTATAAGGGTAAAGGTGTGTCGGTATCGGAACTTTGTGAGAATTATATTAACAGGCGTTACAAGAATGGCGGTATTTCTTACGGTTATGCCCAGTGTTTTATAAAGGTATGGCCGTTACCGTTGTCAGTGTTAAATGTAGTAGAGATAAGAATATGTTATATTTTCTTTGTAATGGTCATATGAGTAAGA
CP063375.1_gap36	1520123	1523143	3020	AGATTGTCGGCTTACTTGGCCCAAATGGTGCCGGTAAAACGACGACTTTTTATATGGTAGTGGGAATTGTGCGCCCTGACTCAGGGGATGTTTATTTGGAAGATAAAAAGATTACAAATTTACCGATACATGAAAGGGCAAAATATGGCATAGGTTATCTTCCTCAAGAGGCCTCCGTTTTTAGAAAATTAACTGTTGAAGAGAATATCCTTGCTGCACTTCAGATAATAAAATATCCGAAAAACTCTATAAAAGAGCGATGCCATGAACTTATTGACGAATTTGGACTTGAAAAGGTTAGAAAATCATATGGTTATGCGCTCAGTGGTGGTGAAAGGAGAAGGGTTGAAATAGCCAGATGCTTGGCGGTCAATCCGAAATATATTTTACTTGATGAGCCATTTGCAGGTATTGACCCCATTTCGGTTACCGATATACAAAATATGGTTTTTACTCTTAAGAAGAGAGGGATAGGAGTGTTAATTACTGATCACAATGTCAGAGAGACATTGAAAATTACAGATAGAAGTTATATCGTATTTGAAGGGAAAGTCTTGGCAGAAGGGGACAAAGATCATATAATTAACCATCGGGAAGTTGTAAATAGATATTTAGGTGAGGGGTTCACTTTGCAATGAATAAAATGAAGATAAATTTGGAAACAAAATTAGGGCAAAAGCTTCTGATTACCCCCCAGATGAAACAATCATTAAAAATCTTGCAAATGCCATATATGGAGCTAATTACCGAATTGAATAATGTGTTGGAAGAAAACCCTGTCCTTGAAGAAGTTGAAGTGCAAGAGGTTAAGGAAGATAAAAATACAGATGAGTTTTTAAGGGAGTTGCAAAAGGTTGACTGGCAGGATTATTTTAGTGATCTTTCAGAAAGTTTGTCTTATATTCCAGATGATGAAGATTCTGTCAATTTTGACAAATTCGTAGGGAAGAAAGAAAATCTGTATGAACATTTACTTTTTCAGTTGAATATTTTAGGACTGGATGATTATTTGCTTGATATAGGCAAATATATAATTGGCAATATTGATGAAAATGGATATTTGACGATTTCGATAAGTGAAATAGTTAGTTATTTTGACGGGGATGAAGAAAATGTATTGAAAGTACTGTCCTATGTGAGAGAATTTGACCCTTCGGGTGTTGGAAGCGTCAGCCTAATAGAGTGTCTTCTAAAGCAACTGGAGCACATGGGGGTTGACCCTATAGATATTGAAATTGCCGAGACAATCCTAAAAGAATGTTATGAGGAGATTGCTTTTGGTAACCATAAAATGATTGCAGAAAAGCTGGGACTTAGCGAAGAATATGTAGGTGAAATTATTGATTTTATAAAAAGGACAGACCCGAAACCGGGGCTTAAATTTTCTCCCGAAGGTAAGTTTGTGGTGCCTGATGTTTATATTTTGGAAAAGGATGGCAAATATGAAGCTGTTTTAAATGAAAATGAAGTGCCGGCCATAAAGCTAAACAGCTATTATATAAAAATGCTTAAGGGGGAAAGCCTTGATTCTGCTTCTAAAGAGTTTATTGAAGATAAGGTAAAAAATGCCATCTGGTTTATAAAAAGTATGAATCAGAGGAAAAAGGCAATACTAAAAGTAGTAGAAGCTCTTATAAAACATCAAAAAGATTTTTTGGACAAAGGGTTAAAGTTTATAAAGCCGTTAAGGTTGAAAGATATAGCTCAGGAAACGGGTCTTCACGAATCAACTGTAAGCAGAGTTACTTCAAATAAATATGCAATGTGCAAGTATGGGGTTATTGAACTGAAATCATTTTTTATGAAAGGGCTTTCCGGGCACGACGGAAGTGAAGTAAGTGTTTCGAAAATAAAAGATTTAATAAACGATTTGATAGAGCAAGAACCCAAAGATGAGCCTTATTCCGACCAGAAAATTGTGGAAATTTTGTCAAAAAAAGGTATAAAGATTGCAAGAAGGACTGTTGCTAAGTATAGGGATGAGCTAAATATCCCCGGTACGTCAGTAAGAAAAAAAATGAGGAGGTAGTATGAATATTCAGATTACAGTAAAAAATGTCGAACTTACGGATGCTATTAGAAGTTATGTTGAAAAAAAAGTTTCAAAAGTGAAAAAGTATTTTGACCAAGTGGTTGATGTACATGTGGTGTTGGATGTTCAAAAGAATGTTCATATGGCTGAAATTTTAGTTAATGCCAAAGGGGTATTTTTGAAAGGTATTGAAAAATCTGAAGATTTGTATGCTTCAATCGATTTGGCTATTGATAAAATTGAGAGGCAGCTTGTTAAGTATAAGGAGAAGTTAAAGTCTAAAAAGCTTATAGATAAAAAGTTTGAAGCACCTTTGAAGTTGGACGTTTATGAAAGTGAAAGCTTCGATGATAAACCTGTTTCAATTATTACAAAAGAGATACCTGTTAAGCCTATGGATATTGAAGAGGCTGTTATGCAAATGGATTTGTTGAATAAAAATTTCTTTGTTTTCAGAAATGCCAAAAACTCTGAAGTTAATGTTGTTTACAGAAGGGATGACGGAAATATAGGCTTAATTCAGCCATAGGTGAAGGATTGATGGTGATATCAGAAATAGTAGAAAAAAATGATATAATTTTTCTTGACGGTGATTTTACAAAAGATGATATTTTTAAAAAATTTTCGGAGATTTTTGTAGAAAGAGGGAAAATTAATAATTTTGATGAAGTTTATAACTCTTTGCTTGAAAGGGAAAAATTAGGAAGTACTGCCGTGGGGGAAGAGATTGCTATCCCCCACGCAAAGTTTAAGGATATTGACAACACATGTATAGTCATTTCCATATCTAAAAATGGTATTTTATTTGATGCTCCCGATAAGCTGCCTGTGAAAGTTTTTTTCGTAGTTTTGTCACCTGAATCAAATATAGCCGGGCACTTAAAAACATTGGCAAAAATATCAAGACTTGCAAAACTGACTGATTTTAAAAATAGGGCTGTTAATGCCGAAAATGCTGAAGAAGTATTGAAAATATTGGTCGAAGAGG
CP063375.1_gap37	1534849	1536175	1326	TGTAGGTTTGTTAAAAAGTCCTGATTCCCCCGGGAATGGAGGCTTTCTTCGAGGCTGTCCCCTTTTACCTTCAATCGACTCCATTAGTGCAGTTTCTTCGCCGCAGATATAAGCACCGGCACCGGAAACAACTGTAAAATTAAATTCTTTAAACTGATTTTGGAATATTTCTACAGTTTCTTTTAATATCTCTTTTTGCCTTATGTATTCCCCTCTGATATAAATATAAATATCTTTGGCATTAACCATATAGGCTGTCAAAATAATGCCTGAAAGGACAGCAAAAGGGTTGTTGTCAATTATCCCTCTGTCTTTAAATACAAATGGCTCTGACTCATCAGCATTACATATTACAACTTTTTCCCCTTTGCTTTTTTTTGTAAATTGCAATTTTTTACCTGTAGGAAATCCGGCACCGCCTCTTCCGGTAAGATTTGAGGAGATTATTTTATCTATAAGAATATCCGGATTTGCCTTTAGAAAATAATTGAGCTTGTTCAAATAATATTGAATGTCGTTACTATTTAGTAAGTAAAGCTTTTTAATTTCGTTGTTTAAAATTTTTGTTTTGCCTATTTTTAATATTTTATCTTGATAAAAAGAAACCTGCTCCCCTTTATAAATCCCGGGATTATTATTATCACAAAGCCCTAAGCAATTTACAAAAGAGCAGTTTTTTCTATCAGAAAGATTCGTATTGCAGCCTGGTGCTTTACAAGCATACTTTTCTTTATTTTTTCCAAATTTTATCATTTCATAAAAGCTTAATATTGAAATTGCCGTTGAATCGGCAATACCGTAAGTATTGGCTATGCTTTTAATATTATCAGTATTAAGAAAACCTTGTTCTTTTTGAATATTTTTTGCCGCATCTAAAAAATGTGTTAAATTTTTGTTATTTTTTAAGGATGAAAGAAATTTTATCTTTTTTTGGGTAATTGGCATGTTGTATCCTTAAGACTTTTTTACATTATAGACAATATTTGTTGATTTTTAAATAAAAATAAGTTTGAAATAAAATCTCGAATCTGGTATCACCCTCTAAACAATAGGAGAATTACGTGAATTTGATATCTGTTGACAAAATTTCAAAATCTGTTGGAAGTAAAATACTCTTTGAAAATATTTCATTTGGTGTAAATGAAGGTGAAAAGATTGCTCTAATCGGTATAAATGGTTCCGGTAAAACGACATTATTGAATATTTTGGCAGGCGTGGAGAAACCTGATAGCGGTAAAGTTTCCATAAATAATGATTGTTATATAAATTATCTTAAGCAGTTTCCGAAGTTTGACCCGGAAGAGAGGATTATAGATCACATATTTA
CP063375.1_gap38	1538443	1541876	3433	ATTATTGTTGATGAGTATATAAACAGTAGTATTCCTGTAGGGTCAAGATTTATATCCAAAAACAGTGACTTGAACCTTAGTCCCGCATCAATCAGGAATATAATGAGTGATTTAGAGGAAAAGGGTTTTATTTCGCAGACTCATATATCTTCAGGAAGGATTCCGACCGACAAAGGTTTTAGATATTATGTTGACCAATTTGTTACATTTAATAAGGGTCTGATAGAAAAGATAAAGGAAATTGAAAATGTCAGCCCTTTAAATATGGAATTTCTTTTTAAGGAGATTAGTAAAAAACTTGGAGAAGTTTCTCATTCCGTAGGCTTTGTTGTCTCTCCTAAAATCAATAGTATGTATTTGAAGCATATTGAGTTTTTAAGACTCAATCGTGAGCGTGTGCTTTGTATAGTTGTTACCAAGTCAGGTATAGTTCATAACTTAATTATGAATTTAGGTGAAAACTATACTGAGTCAGATTTACAAAAGGTTTCTAACTATTTAAACACACATTTCCAAAATCAAAGTTTGATGGATATAAAAAATAATCTTTTTCAAGATATTGCTTCTAAAAAAAGTGAGTTTGATGAAGTGGCAGAAAAGGCGAAAGAGATAGCCGGGGATTATTTGTTTACTCATGATTTTGGTGGCGAATTGGTAATTTATGGGACTAAAAATGTGCTGAGTTTGCCTGAATTTAAGGATGCTGACAGCCTTAAAAACTTACTTGACTTTTTTGAAGAGAAAACCTTGATATATGAAATTATTGATAAGTGTATCCATGAGCCGACTGTGAAAATTTTCATAGGTTCGGAAATTAACGATGAGAATCTAAATATTAGTCTTGTTGCAAAACCTTATAAAAGGGATGAAAACGTAATAGGGACACTTGGAGTAATCGGGCCCAAAAGGATGAGATATCCGGAAATAATACCGATAGTGGATTACACCGCTGAAATAATGTCAAAACTTATGAATAAAATTGGAGGGACAGATGAGTAAAAAGAAAAGGGATGAGGCTTTGCAAGAAGAACAAAACATTCCTGAAGAAAACATTCAAGAGGAAGATATTGTAGTTGATGAAAATGAGGATACGGAGAAAATTTTGTTAAAAAAAGAGATAGAGTCATTAAAAAAAGAGGTTGAGGAGAAGAAAGAGCATTCTCTCAGACTTGCTGCCGAGCTTGATAATTTTAGAAAGAGGCTTTCAAAAGAGACTGAGGAAAAGTTAAAATATGCCAATCAACAAATAATATTGGACTTTTTGGTGATTATTGACAATTTGGAGATGGCGTTGTCTCATATTAAAGAATCCGAAGAGATAAAGGCTCTAAAAGAAGGTGTGGAGCTTACACTTAAACAATTTAAGGATACTCTGGCCAAATATGGCGCTAAAGAGATTGAAACAAACATTGGGGATGAGTTTAACCCCAATTTGCATGATGCATTGATGTTAGATGCAGATCAAAATCATAAGAATAACGCGATTACGCTTGTTATGCAAAAAGGTTACACTCTGCATGACAGGGTTATTAGACCCACAAAAGTTAGAGTAAATAAAGTAGAAAATATAGAGAAGGAGGACTCAAATGGGTAACAGTTCAAAGGTAATCGGTATCGATTTAGGTACTACAAACTCAGTTGTTGCAGTAATGGAAGGTGGACAGCCTAAGGTAATTATAAATTCAGAAGGTATGGCCACAACCCCGTCTGTTGTTGCATTTACTGATAGCGGTGAAAAATTGGTAGGTATGCTTGCCAAAAGGCAGGCAATTACAAATCCTGAAAATACTATTTTTAGTATTAAAAGGTTGATAGGTAGAAAGTTTGACTCTGACCAGGTTGAAAAAGGGAAGAAAATACTCCCTTATAAGATAGTTCCATCCGATAATAACGATGCTTGGGTAGAGGTAAAGGGCAAAAAGTATGCCCCTCAAGAGATTTCTGCCATGATATTGCAAAAGCTTAAAAAGACTGCCGAAGAGTATCTCGGAGAAACTGTAACAGATGCTGTAATTACAGTGCCTGCTTATTTCAACGATGCTCAGCGTCAGGCTACTAAGGATGCTGGAAAAATCGCAGGGCTTAATGTGTTAAGGATTATAAATGAGCCGACAGCTGCAGCTCTTGCTTATGGATTGGATAAGAAAAAGGATGAGAAGATAGCGGTTTACGACCTTGGTGGTGGTACGTTTGATATTTCTATTCTTGAGCTTGGTGATGGAGTATTTGAAGTAAAATCTACAAACGGTGATACTTTCCTCGGCGGGGACGATTTTGACCTTAGGATAGTAAACTGGTTAATTGACGAATTTAAAAAAGAGAATGGTATCGACCTTAAAAATGATAAAATGGCATTGCAGCGTTTGAAAGAGGCTGCTGAGAAGGCTAAACATGAGCTTTCAACTGCACTTGAGACAGAAATTAATTTGCCATTTATTACTGCTGACCAGACTGGTCCTAAACACCTTGTTAAAAAGCTTTCAAGGGCAAAGCTTGAAAGTTTGGTAATGGATCTTGTCGAGGGTACTTTGGAACCTTGCAAACAGGCTCTTAAAGATGCTGGTCTTACTGCTGCTGATATAGATGAAGTTATATTGGTCGGTGGTATGACAAGAATGCCTCTTGTTCAGCAAAAGGTTAAAGAATTTTTTGGTAAAGAGCCTCATAAGGGGATTAACCCTGATGAAGTTGTTGCTATCGGTGCTGCAATTCAGGGTGGTGTTTTAAGAGGTGATGTTAAAGATGTGCTTCTTTTGGACGTTACTCCACTTTCACTTGGTATTGAGACCCTTGGTGGAGTAATGACAAAAATTATTAACAGAAATACAACAATCCCAACTAAAAAGAGTCAGGTATTTACTACCGCACAGGATAATCAGACATCCGTTACTATTCACGTACTTCAAGGCGAACGTGAGATGGCTCAGGACAACAAATCTATCGGAAGATTTGACCTTGTAGGGATAGCACCTGCTCCGCGTGGTGTACCTCAGATTGAAGTAACATTTGACATAGATGCAAACGGTATTTTGAGTGTTTATGCGAAAGACCTCGGCACAGGCAAGGAGCAGTCAATAAGAATTACACCAAGTAGCGGTTTGAGTGAAGAAGAGATAGAAAAGATGGTTAAGGATGCTGAGCTAAATGCTGAAGCTGACAGGAAGAAGAAAGAGCTAATAGAAGTGAAAAACCAAGCTGACACTTTGATATACTCAACCGAAAAATCTCTTAAAGAGCATGGTGATAAGGTAGATGCTGCTACTAAAGAGAGCATTGAAAAGGCTTTGGAAGAGTTGAAACAGCTACAAGCCGGAGAAGACGCAGAAAAAATAAAGGCTGGTATTGAAAAGCTTGCCAATGCTTCTCATAAACTTGCCGAAGAGATTTACAAGACAGCAGGGGCACAGCAGGGGCAAAATTCTGGAGCCGGTGC
CP063375.1_gap39	1544882	1546966	2084	TGCTCCGACCGATGCCTCTGTTATGATTTACGGAGAATCAGGGACTGGTAAAGAATTGGTAGCTAAGGCTATTCACAATAACTCGCTTAGAAGAAAAAATCAATTTCTTGCGGTAAACTGTGCGGCTTTAAATGAAAACTTGATAGAAAGCGAGCTTTTTGGACATGAAAAAGGTGCTTTTACCGGAGCAACAAACTTAAAGAAAGGGAAGTTTGAGCTGGCTGATGGTGGCACTATATTTTTGGACGAAATAGGCGAGATGCCTCTTTCAACTCAGGCAAAATTGCTAAGAGTCTTGCAGGAGAGGGAATTTGAAAGGGTTGGTGGTGTTAAGACCATAAAAACGGACACAAGGGTAATTGCCGCTACCAACAGAGATTTGGAAGCGATGGTTAAGAGCGGTGATTTTAGAGAGGATCTTTACTTTAGGTTAAATGTATTTCCTGTTAAGTTGCCCCCTTTGAGGGAAAGAAAGACGGAAATACCGCTTTTAGTTAACTTTTTTTTGGAAAAGTATGCGTCGAGGTTTTCAAAGGTAATAAAGGGATATACAAAGGAATTTATTGAGAAGCTTAGCAGTTATAATTTCCCCGGCAATATAAGAGAGCTTGAAAACATTATAGAAAGAAGTATAATTCTTTGTACTTCGGATAAATTAAGTGCAGATGTTTTACCTGAACTTAAAATTGAGGATAACGAGGATATTGACACTTTAGACGTAAAGGAAAATGAGAAACAGTTAATTATAAAAGCATTGAAAGAAACAAATAATAATAAGTCAAATGCAGCTAAAATACTTGGTATTTCAAGAAAGACTTTGCACAACAAAATAAAGGAATATGAGATTGAGGTGTAAGATGAGTGAGAAACCGTGGGCTGGAAGATTTTCACTTCCTACAGATAAATTTGTTGAAGAGTTTAATGCATCAATACATTTTGATAAAAGATTTGCTGAATATGATATCAAAGGGAGTATGGCTCATGTAAGGATGTTGGCAAAGCAAGGAATAATCCTTGAAAGTGAGTCCGAGCAAATATTGGAAGGTTTAAAAACGGTACTGGAAGAGATTGAATCAGGAAAATTTGAATTTAAAACTGAAGATGAAGATATACATATGGCAGTTGAAAAAAGATTGAGGGAGCTTATTGGGCAAGTGGCAGGAAAGCTTCATACTGCAAGGAGTAGAAATGACCAAGTAGCTGTTGATTTTAGAATGTATTTGAGACAGGAAATATTTGAGATAAAAAATTACCTCAAACTTTTGTTAGAAACTATTTTGAATAAAGCAAAAAATGAAATTGACGCTGTCATGCCTGGATATACCCATCTTCAGACCGCTCAGCCTATACTTTTTTCTCACTATATGATGGCTTATTTTGAAATGTTTAAAAGGGATTATCAAAGGTTTTCGGATATTATAGGCAGATTAAATTATTCACCACTTGGTGCGGGTGCTTTGGCAGGCACCACTTTTAATATAGACAGGGAATTTACTGCGAAAGAGCTCGGATTTATAGCTCCTACGTTAAATAGTTTGGACTCTGTCAGTGATAGGGACTTTGCCCTTGAATTTTTGTCAGCCGCTTCCATATGTCAAATGCATCTTTCAAGGATGTCGGAAGAGTTTATTATATTTTCAACGTCAGAATTTGCTTTTATAGAGCTTAGTGATGATTATTGCACTGGCAGTAGCATAATGCCTCAAAAGAAAAATCCGGATATTCCTGAGTTAATAAGGGGCAAAACAGGCAGAGTGTATGGAAATATGATTAGCCTTTTTACTACGATGAAAGGGCTGCCACTTGCATACAATAAGGATATGCAAGAGGACAAAGAGCCCGTATTTGACACGGTTGACACTTTAAAGGCGTCATTAAAGATATTTTCCCCTATGATAGAAAAGATGAAACTTAATAAAAATAAAATGTATTCTTCTGCCAAATTAGGATTCTCAACTGCAACGGATTTGGCTGATTATTTGGTAAGAAGGGGGCTGCCTTTTAGAGATGCGCATCATGTTGTCGGCAAGGCTGTTGCTTACTGCCTTGACAAAAGGGTAGACCTGTCTGAATTAACTATAGAA
CP063375.1_gap40	1555717	1556478	761	AGCGTTAAATTTCATAAGTTCCTCCTTTTATTTTTTTTGAAATGTATTATAATTGTAGTTTAAAAAAAGTTTAATTTCAACAACAACAGGAGGCTATTATGTTTTTAGGTCATGAGAAAGATGTTGAGAAAATAAGATACGATGGCGACAATATTAAGAGTGTAATAAAGCAGTCACTAATTGGACCGGATCAAGGTTGGGATGGTCATGTAATGCGGCTATTTACCGTTGAGGAAGGTGGTTTTACCCCGAGGCATTCTCATCCATGGCCACATATAAACTATGTGGTTAGTGGTAAAGGGACACTTTATTTAAGTGGTAAAGAGTATGAGATTAGTGCCGGCTCAATAGCGTATGTCCCTAATAATACCGCTCATCAGTTTATGGCAAATAAGGGTGAAACTATTAAATTTATCTGCATTGTCCCAGAGGAAGGTGATAAGTAAGTATGTTTGAGTATTTTTTGAGTTTGCCACATACTGCTCAGGCGCTTTTGGCGACACTTTTTACATGGTTTTTAACTGCTCTTGGGGCAGCAATGGTTTTCTTTTTTAAGACAATTAATAAGAGAATTTTAAATCTGATGCTTGGATTTGCTTCAGGTGTAATGATTGCCGCAAGTTTCTGGTCGTTACTTGCTCCTGCAATTACAATGGTTGAGGAAGAAGGTGGAATCATTTGGTTGCCTCCGGTAATTGGATTTTTATCAGGTGGGGCTTTTTTATGGATAGTTGATAAATTTTTACCTCATATGCATATGG
CP063375.1_gap41	1618050	1620496	2446	ATTGTCTTTTAAGTGTTCGATATCTTTTATTTTAATTATCTCTTTACCAAATATGGAAAAATACCCGGAGTCAAATTTCAAAACGCCAGCAAGTATTTTTAAAAGAGTAGATTTTCCAGCTCCATCAGGGCCGACTATGCAGGTCAAAGATTTTTTTTGTATCTTGACAGATACATTATCAAGAGCTACGGATTTTTTGTATCTTTTGGTAATATTTGTTGCTTCTATTATATTCATTGAATGTTCAGTAAGAAGTCAGCCGGCATTCCGGGTTTTAAGATATTTTCAGTGTCGTTAACGAACACTTTGATTAAAAATACTTGCTTAACTCTTTCCCCCTGAGTTTGCACCTCCTTCGGAGTAAACTCTGACTTGTCACTTATGTAAACAATCTTTCCTTTAAAGGCCTTATTTTCAAAGCTATCTATAGTTAGTGTACCTTCCATGCCGATTTTGACTTTTTCAAGATATGGCTCAGGCAGATAACCCCTGAAGTATATTTTTGACGGCTCATATGCCGTGATAATCGGTTGGCCAGCCGCTATTACTTCTGAAGGTTGTGAAAGTTTTTTTAATATCAAAAGATTTGAATGTGCGTATATTTTTGAGTCATTAAGGTACGTATTAAGTTCATTGATAAATTCTTTTATTTTCTGACTATTATTCTCAGCAATTTTTAAATCCAATTCCGCAATTTTTAGGCTCGATTCAAGAGATTTTATCTCTTCAGATATAATGTCTACTTCTTTTTTATTTTCAATGGCCACTTTAAGTGCATTTTCGGCATTTTGCTGGTCTTTAACCGATAAGTTGTAAGCAGTCTTTATCTCTTCGTATTTTTGTTCGGAAATCGCTTTTTCTTTAAATAGTTTTTCATATCTTTTGTAATCACTTTCAATTTTTTCTAAATTTGCTTTAGCCTTTTCAAGATTATTTTCAGATATCAAAATATTACTGTTTAGATTTTTTTCTGTAATATTTTTTTTGATGATTAGTTGCTGTAACTTATTCTTTAAAATGTCAATATTTGATTTTTTTACGTTTATATTACTTAGGCTTGATTTTTCATCTATTTTTGCCTGATTAATTTTAGACGTTATATCTTCACAGTAAAGCTCGGCAATAAGCTCCCCGCTTTTTACATTGTCACCCTCTTCAATATATATACCCTTTATTTTCCCGGGCATTTTAAATGCAAGGTTTATTTCATCGGCTTCAATGCGCCCGCTTATTTTTAACCCTGGAGAGCCACTGTTAGTGCAGCCAAAAAGCATGAGTGCGGATAATAAAGAAAAAATAAGTTTATACATATTATCTCCTTGCACTATTTTATAAAAGAATTTCGGAAATGACAATTAAAGAATTGGGAATATAAGTTAAAATTTTATATTTGAGTTAACTAAGAGGGAAAACCCTCTTAGTTTAATTTCCTTCTAAGACTTTTAAGGCAAATTCTCTGCCCCAATCGTAAGCTTTCTTTAGCTCTTCTTCACTCGGAGTCATTTGGACTTTTAAGGATTCCAAAGGTAATTTCATTCTCATGGTTTTTAATATATCTTCACACATTTTGACACCTTCTCCGCTCCATCCGTATGAGCCGAAAGCACCGGCTTTTCTGTTTGATACATTAAGGACGACGAGCTGAGCAAAAATGTTAAAAATTGGTTTTGGAGCTTTGGCGTTTATTGTTGCCGTCCCCATTAATAGACCATGAGAAATCTCAATTTCATCTATTATTTTTGAAGCATCAGTTTCGGCAGCATCATACATTTTGACAATTATTCCCGTTTCCTCGGCACCTTTTTTAATTTGTTCGGCAAGTAATTTTGTATTTCCATATGCAGTGGCATAAACCACTGTTATCTGTCGGTTGTGATTATTTTGATAATATCTGTTTGCTTGCTCTTTGTAAAAATTGATATAAAAATCTATATTTTCACGTAAAATCGGTCCGTGCGACGGGCAAACCATTTTTATGGTAATATTTTCAATTTTTTTAAATGCCGTTAAAATGTGTTCTTTGTAGGGTCTCATGATAGCATTGTAATAAAACTTAAATGCTTCTTGTGTATCTTTTTTTTCTTTTATTTCATCGTTAAAAATACCTGTTTCAGGGCAATAATGCGCACCCAAAAAGTCACAAGGGAATAAGATTTCATCTTCTACCAAGTATGTAAACATTGTGTCAGGCCAGTGAAGGAAAGGGGTGTGAAAAAACCTTAATGTTTTACCGCCTAAGTCTATCGTATCGGCATCTCCGACAGCCCTGCCGTTGAATTCTTTGTTTACAATATTTTGCACAAAATTTTTGCCTGTCTTTGAATATATTACTTCAATATTAGGGTTTATTTCCAAAATTTTAGGAAGCGCACCCGAATGGTCAGGTTCGTTATGATTTAATATAATGTAATCTATCTCTTTGATGGGGCAAATCTCTTCAATAGTT
CP063375.1_gap42	1653898	1655780	1882	TTACTTGGGTATAAAAAAAGCCTTACTTTTGGAATCAGAGCAGAAACTAAAATCACGACCTTATTATTATGGTTGGTACTGCCTAATATGGATGAGTATACCAGCCTTTTTATTTTATGTAATTTTATCGATTTTGTCATTTTATAAGATATTTTATTTTTCCCCCTTTTTAACATATGTCTTTACCTTTTTGTTTGTGGTTATCGGTCTTTTATTAAGTTTGAAAAATATTACTCCCAAATTAAATGCAAGAGTTAAAGTGGAAAAGTTTATAGATATTTTGCTTCTTGTATGTGCTGGCATTACAATATTGGTTACAATAGGGATTGTTCTTTCAATATTTTTCGAATCGCTGAAATTTTTCAAAAATATCAATATATTTGACTTTATTTTTGGCACAAAGTGGGAGCCTGATACAGCATTTTTGGGGGGTGCTGGCAGAGGTGATGAGATGGTTGCCGAGCCTAAGTTTGGCTCTGTCCCACTATTTGCAGGTACTGTAATGATTACGTTGATAGCAATGTTTGTAGCTGTTCCTACTGGACTATTTAGTGCAATATATCTTTCCGAATATGCATCTAAAAATATTAGAAAAAAGATTAAACCTTTATTGGAAATTTTGGCAGGGATACCTACGGTTGTTTACGGTTTTTTCGCAGCAATAACCGTTAGCCCTTTGGTAGTCAAAATTGCAGAATCATTAGGTCTTAAGGCAGAATATACTAATGCTCTTGCCCCGGGGATTGTTATGGGGATAATGATAATCCCTTACATTTCATCTTTGTCTGATGATGTTATAAATGCAGTACCAAAAAGTTTAAGAGAAGGGTCATTGGCACTTGGAACAACAAAGTCCGAAACGATAAAACATGTGGTTTTGCCTGCTGCATTACCAGGAATTTTTTCTGCCATAATATTAGCTGTTTCAAGAGCAATAGGGGAAACAATGATTGTAGTGATGGCGGCAGGTCTTAGGCCTAATCTTACGTTAAATCCTTTGGAAGGGATGACAACGGTAACAGTCAGGATTGTGGATGCCTTGGTAGGTGATCAAGAGTTTGGCAGTCTTGAAACTTTGTCTGCATTCGGATTGGGATTTGTTTTGTTGTTGATAACTCTGATTTTAAACATTTTTTCTATGAAAATTGTTAGGCGTTTTAGAGAAAAGTATGAATAAGGTGGTTGTTAATGTCCGTTAAAAATATTCATAGTAAGATAAATAGAAAAAGATATTTGAAAGAAAAGGTTTTCAAAATCTATGGCATAATTGCTCTTATGATTTCATTTCTATTTTTGCTTACATTTTTTGGCAATATGATTGGCAAGGGTTATTCGGCATTAAGGCAAGCTAAAATATATACTACAATAACTATTACGCCCGAAGTGCTGGAAGACCCCGCTTACGCATTCCCTGAAGAAGATTATTATTTTGTAAGTCGCGATGAAATAAGAAGATTGCCGTTAATGATACAGGATTCCAAAGGGATGATGAATAAAACATTTAAGGAGTGGGTAACAGCAGACTCTGAAGTGGATCAATATTTAAAAGGGAAACCTTCAAGACTTAAAAATACTGACAAGAAGTACATTGATAAGCTAAAAGAGGAGGGGAGAGTCAGACTATTTTTTAACTGGGGTTTTTTTACAAACGGGGATTCTAATCTCCCGGAAATAGCAGGTATAAAAGCTGCTATGTTTGGAACTATTTATGTGATGATTATCACAATTTTGGTAAGTGTGCCAATCGGTATTGCCACTGCAATTTATTTGGAGGAATATGCCAAAGATAATTTTCTGACAAGGATAATTGAGGTCAATATTAATAATTTGGCAGCTATCCCTTCAATCATTTACGGTCTTTTGGGCCTTGCTATATTTATAA
CP063375.1_gap43	1657544	1658945	1401	CTTCAATAAGATTATTTAATCTGATAGAAGAGTCATAAATTTTTTTTGAAAATTTGTTTAGTGTTGGTCTATCCAAATCACTATTTTCTACAATGGTTTCCGCATAGCTTAAAATCATTGCGACAGGGGTTTTGAGTTCGTGAGATATGTTTCCGACAAGCTCTGTTTTGAATGTTTCATACGATATCTTTTCCGATATATCTTTAATTACTATCAGCTTATAGTCTTCAATCGTCTTAACATATACCTCCACAACTAAGTTTTTATATTTTTCTACAATTATATTATTTTCGAAAAGATTGCTTATTTTTCTGAAAAAGTTTATTGTTTCCATATCGGAGCTAAGGTTAAGTAAATTTTTATTTAATCCTTTAATATCAAACATTTTTACGGCTGATTCATTTATATGCAGCAGTTCGTTTTTTTGGTTCAAAAGCATTATAGATTCGTTCATTATGGAAAGTATAAAGTTTAGTCTTTGTTCTGAGTCAGCAAGCTCTTTTTGTTTATTTAGCATTATATGGTAAATTTTATATATTAATGAAGATATTCTTGACATTGTTTTATCTTTAAAGTCTGGGAAATGGATAACTTTTTCCCCTTTTTCAATATGATCGGCAATATAATCAAGCTTTTGAACCGGTACACTTATTAATTTGGCCAGATAAAGTGCAATTATTAAAATGGCAAGTATTAATAAGATAATAAAATTGATAAACGGTAAGGTAAACTTTTCTGAAAAGTCTGTCAAAAATTCAAACGGGTAAGCTATTCTGATAATTTTATCGTCGATTGTTTTGGCATAATAGATTAGACTCTTGTTAATTGTGTTGCTGTATCTTTGATAGCTTCCGACCCCTTTTAACAGTGCAGCCCTTACTTCAGGTCTGTTTAGGTGATTATCAAGATTTTTTATCTCCTCATATTTTACGCTGTTATCAAGGAGCACTTTTCCCGACATTTTATCAATGATTGTAATTCTGATTAACGATTTTTTATAAAGTGTCGCTAACTTTTCATAAGTTTGTTTATTCAAATTATGTATGTCCAAATCGTTTGTTATTAGTGCCAAATTTGTCTCAAGCTCAGCTTCTATCTGTTCTGTTGAGAGTTTTTTAATTTTTTGAGTTGTAAAATAGAATCCCGTAAAAATTACAAGGAATATAGGGAGAGAAATGATGAGAAAAACTTTTAAAAAAGATTTCATTATTCTACCTTATAGCCGACTTTTGGGACAGATTTGATTATATCCCCTTTACTTTTTAATTTTTTTCTAAGGGATGAAATGTGGGAATCAACTGTCCTCGTATATACATCGGCATCATACCCCCAGATATTCGTTAGTAGCTGATTTCTGGTAAACACCCTTTTCGGATTTGATATAAGAAGTTGTAAAAGTTC
CP063375.1_gap44	1668498	1670398	1900	AAGATTCGATTATGACAGTATAGTTGCCGGCAACAATTTTATCTGTTTCCACGACCGCCTTCATCTGCTGTGGCGCTTTTTTCTTAGGTTTCGGCTTACTTGTAGTCAGATATCTCACTGTAAAAAAAGTAAGAGCTATGATAACTATTATCATTGTAAAGGCGAGAAGCCTTTCCCACCATTTTTTCTTTGGAAGGTAATCCATATTATTATTTTCCATTTTTAACTCCGGTTAAAATATCGTTAAGTGATGTGTCAATCCACTTACCGCCAATTGATTTGTAAAAGGTTATTCTGTTTTTAATAATGTTATATTTTAAATCTACAAGCTCTTTTCTCTTAGAATAAAGTGAAATTTGATCGTTTAGGTAGATTGAAAAATCTGTTTCCCCGTTAAGATATTTTACTTGCTGCTTTTTTAATACTTCATCTATCAGAGATATTTCATTATTTAGATACTGCAAAGCTTCGAAATATTTTTTTTCGGTAATGACAGTATTTGATATTTCGTTATAGGCCGTAAGAAGAGTATTTTTATAATTTAATACCTTTTCTTCCAATATTTTTTTTGCCTTTTCCACTTCAAGCTTTCTTTTACCCGCATCAAAAATAGGCGCCAATAAATTTGCCAAAAGATTTAAAGACCAGTTTTCAAATAGACTGTTTATTTCGGCAGATGAATATGTGAAGGATGAAGATAGGGTAAGGGAAGGGAGTCTATTTGCTTTCGCGAAGGAAACATTCCATGCGGCCGATTCTATTTCGTAATATTTGCTTAAAACATCAGGTCTGTTTAAGGCGATTTCAAAATTAATTTTATTAAAGTTAAAAGGCTCAAGCATGATAGTGTTTTCTATATCTATTTTTCCTGTTTCTGCCCCTCCTGTTAAAATTTTAAGTTTGTTTTCAAAAAGCTGTCTCGTAAGTTGTAGGGAAGAAAGGGAGTCTTTTATGTTTTCAATATTTTGTTTTTGTTTTAAAACATCGGTGATAGAAATAGTGCTATTTTTATATCTTTCTATCAATACTTTTAAGATAGCTTCATTTGCAATTAGCTGCTCTTCTGTAATTTTAATTTTTTCATTAGTTGAAATTATCCCATAATAGTTTTCTGCAATTTGTGATGTGACGGACACAAGTATTGTTTTTAAATTTTCTTTTGATGTTAAAAATGAATATTCTGCACTTTTTTCTGCGGATTTTATTTTATTAAAGAGGTCTATTTCGTAGCTTAATGTTAGACCCAATGAGTAAGAATCTGTAGAAGACTGTCCAGTCTTTTGATTGTCACTCTTGGTAAGTGTAGTGCCTGCTGTCAAGTTTAAATTGGGGTATTTTGATGTTGAGCTTTGTCTGTAAGTTATGTTTGCCTGCTCGAGACGCTTTATCCCGGATTGTATGTCAAAATTGTTTTTTACTGCATTTTCAATGATGTTATTTAAAGTATCATCGCTAAACGATTGCCACCAGTTTGTTTCAAGGAAGCTACTGTTATCGTTTGGTTTTTGGATTTCAATGTTAGGCTTAAATGATACGCAAGATATAATAAAAATGCTCAAAATACCGACTATTATTTTTTTCATTTATTCACCGTATGTGTTTAAAAACCCTTAATTTTATGTTACTTAATCAGATTTCATATAATATTAAAAGTTCACAATGTAAAGATAATTGTATTTTGAGTTAATTTAGATATAAAAAAAGCCCCATAAAAGGGGCTTTGAACTAATCTACAGTTACAAATTTTTCCCTGCCTACACCACAGACAGGACATTTTTCAGGGATATCTCCTACTGCAATATAGCCACATACCGGACAAAGATAAATATCATCGGTATCAATATCTTTACCGTTTTTTACTGCATCAAGTGCCTTGGCATAAAGCTCTGCATGAACTTTT
CP063375.1_gap45	1792540	1793649	1109	TTACACCTTCAATTTCAAAGATATCACCATCGTTGACATCCTTGTCTATTGTTGGCGCTTTTCGTGGAGGAAGGCCAAAAATGACTGCTTGTTTTGCGGAGTCTTCCATAATTTGTTCATCCTTTTTTGAAACATAAAAAGGTATATTATATTTTTTCTTTAAATCATTGACTGCACCGATATGATCAAAATGGCCATGTGTATTCAGAATGAATAAAGGTGTTAGTTTGTTTTTTTCAATGTACTCGTCTATCTCCGTAAAATCATCACCCGGGTCAAAAATTATACATTTGTCATTAACTGAAAAGATGGAGCAGTTTACATAAAGTGGCCCCACATTTAAAATCTGAAGTTTCATCTTTTCTCCCATAAAAAAATATTTTTATTGTTTCTCTAAAATTATAGTTACAGGGCCGTTATTTACAAGGCCGATTTTCATTTTTGCTCCAAATACTCCTGTTTTAACTTTACTGTCTCCGAGTATATTTTTGCATTTTTCTATAAATTTTTCATAATATTTTATGGCTTTCTCCGGATGCATGGCGTTCATAAAATCGGGTCTCATCCCCTTTTTAGATTCACCAGCCAAAGTAAACTGACTTACTATCAGTAACTCTCCGTCAATATCCTGAACAGATAAATCCATTTTACCAGAATCATTTTCAAAAATACGAAGTCCGCATACCTTTTTAGACATAAAATCTATATATGATTCTTCGTCATCATTAAAGAAACCTACAAGGACTAAAAGGCCTTTTCCTATTTGGGAATATATTTTTTCATCTATTTCAACGTAAGCAGAATCAGCTCTTTGGATACAACATTTCACTTGAGCACTCTCCTTATATTGACTTTCAGTACTGCTAAACAAAGAAAGTAAGTCATAGCAGAAATTAAAATTACAATCAATAGGTTTAAAGTGTAATATTTTAATATTATTACGACAGTGGCCATTACTGTCGAAGCGAATACTATTTTCAAAACAACTGTAAAATTATTTTTAAGATTAAACTTATAATCTCTGATATTTATATACAAAAGAATTGTATTTATTGCTGCGGCACAAGAAGATGCAAGTGCGATACCTGCATGAGAAAACCATTTTATAA
CP063375.1_gap46	1811210	1814015	2805	TTCCACTTAAGTGTTTTGAAAAATAAAACATTTATAAGCGGAGTTTACGATACAGGGTTTATAGATAATAAGTTTGATATGGAAGAGATGAAAAGAAGAGCAAATGAAGATGTGGATGTCCCTGTGATTGCGGCAGCTATAAAGCAGCTTCTATCGGAAAAAATTTCTGCCTCTCGTGCCGTTACAAGACCTGAAGTGGGTGATTCAAACTGGAAACGATTTGGTAGAAGTGTTAATTTTGCAAAAACATTAGGATAAGGGGTGAGATATGGCTGTAAAAAGAAAATATTTTGCTACTGTTGAGGGGCATGAAGAAGAATTGTTGGTAGATCTTACCGAAGAAGCGCCTTCTAACTATACAGTTTTAATAAATGACAAAGAGTATAAGGTAGATTTTGAGCAGATTAATGAGACAATTTATTCAATAATAATAAACGGCAAATCTTATGCCATCGATATGAGCGAAAAAGGCGATAAATATGAAGTACTTGTCAATGGGGATACTTTTCACGTAGAAATACTTGATGAAATGAAAAAACTCATGAGGATGAGGACTTCTTCAACAGTCGAAGGAAGACAGGTTATCGAAGCTCCAATGCCAGGATATATTTGGAAAATGCTTAAAGATCCGGGTGATGAAGTCAAAGCCGGTGAGCCTATAATGATTTTGGTTGCAATGAAAATGGAGAATGAAATCAAAGCTCCAAAAGATGGTGTTGTAACTGAAATATTTGTCAAAGCAAGTGAAGACCCAAATGAAAGTACCGTTGCAATGGGAGATAAATTAGCAATTGTTGAGTAATATTAAAAGAGCCTGTTTATAATGCAGGCTCTTTTTTCTTTTTTGTTTAATAATAAATAAATTTTTAAAGTAATATTCAAAAGGGGATTTTATGAAAAAATATACTATTAAAGATTGGGAAAATCTGGCAAAAAAAGAGCTAAAAAGTGATGATTTGTCGCAGCTTATTTGGAATACTCCCGAAGGATTTCCCGTAAAACCTCTTTATACTCTGGAAGATATAGAAAATTTGGAAACAATAAACACTTTCCCAGGCCTTGAACCTTTTATAAGGGGACCAAGGGCAACTATGTATGCGGTCAAACCGTGGACAATCAGACAATATGCGGGATTTTCTACGGCGGAAGAGTCCAACGCTTTTTACAGGAAAAATCTTGCTGCAGGTCAGCAAGGCTTATCAGTCGCTTTTGACCTCCCCACTCACAGAGGTTATGACTCTGACCACCCAAGGGTTGTAGGTGATGTTGGTAAAGCAGGAGTGGCAATTGATTCCGTAGAAGATATGAAAATACTTTTTGATGGTATACCACTTGACAAGGTTTCTGTTTCGATGACAATGAACGGCGCAGTAATACCAATTATGGCAAATTTTATTGTAGCGGCAGAAGAGCAGGGTGTATCTCAGGATAAGCTTGCAGGCACAATCCAGAATGATATTTTAAAAGAGTTTATGGTTAGAAATACTTATATTTATCCTCCAGAGCCATCAATGAGGATTATTGCGGATATTATTGAGTATACAAGTAAATATATGCCAAAATTTAATTCGATTAGTATCAGCGGGTATCATATTCAGGAAGCCGGTGCAAACTGTGCGTTAGAGCTTGCTTTTACTTTGGCGGATGGTCTTGAATATATAAGAGCTGCGCTTTCAAAAGGGCTGCATATTGATAAATTTGCGCCAAGGCTTTCATTCTTTTTCGGAATAGGGATGAACTTTTTTATGGAGATAGCGAAATTAAGAGCAGCAAGACTGCTTTGGTCAAAAATTGTTAAAGAGTTTAACCCGTCTGATCCAAGGTCTATGGCACTTAGGACTCACTGCCAGACTTCCGGTTGGAGTTTGACTGAGCAAGATCCATACAATAATGTTATAAGGACAACTATTGAAGCGATGGCTGCAGTCCTTGGCGGTACCCAATCACTTCACACAAATGCTCTTGATGAAGCGATAGCCCTTCCTACCGAATTTTCTGCAAGGATAGCAAGAAACACACAGATTATTATTCAGGAAGAAACAAATATTTGTAATGTAATTGACCCGCTTGGTGGTTCATATTACATAGAAAGTCTTACAAATACATTGGCAGAAAAGGCATGGGAAATTATCGAAGAGGTTGAAGAGCTCGGTGGTATGACCAAAGCTATTGAGTCTGGCATGCCAAAACTTAGGATTGAAGAATCGGCTGCAAGAAAGCAGGCAAGGATAGATTCTGGGATTGATACAATTGTAGGAGTAAATAAATACAAACTTGAAAATGAAGTACCAGTCGAAATTTTAGAAATTGATAACACTGCCGTTAGAGAGTCACAAATTAAAAGACTTAATAAAATTAAGGCTGAAAGGGACAATAATGCTGTAAAAAATGCCCTTGAAAAGTTAACAAAAGCCTGCGAAAATAAAGTTCAAAATCTACTTGAGATTGCTGTTGAAGCTGCGAGGTTTAGGGCAACTGTCGGTGAGATTTCAGATGCAATGGAGAAGGTTTTTGGCAGGCATAAAGCTGAAATTAGGCTTCAGTCAGGGGTTTATATGAGTGAGGTACAAGATAAACAAGATTTTATTCAGGTAAAAGAGCTGGTCGATAATTTTGCTCATGAGCTTGGCAGAAGGCCGAGAATTTTGATAGCCAAAATGGGGCAGGACGGTCATGACAGAGGTGCTAAAGTAGTGGCTACCGGTTATGCTGATTTAGGATTTGATGTGGATGTAGGTCCATTATTCCAGACCCCTGAGGAGACTGCCAAAATGGCAGTTGAAAATGATGTGCATGTAATAGGGG
CP063375.1_gap47	1878016	1882890	4874	AAACGGAGCATCAAAATGGATTACCAGTGAATCTTCGAGAATATATACGCATTATTTGAGAAGTATTTCAGATGCCGTGCTTGTAGGGATTGATACTGTGATAAATGATAATCCAGGTTTGAATGTAAGGCTGTTTCCTTCTGACAATGAGCCTACAAAAATAATACTTGATTCAAACCTTAAAATCCCTTTAGAAAGTGAACTTGTGACGAAATTTTCAAAAAATCTTGTGATATTTACCAAAGAAGAGGGCTTAAACTTTGAGAAATGTAGGATTCTAACAGACTTAGGGGTACAGATTTTTCCTTGCGACACTATGGATAGCGGATTAAACCTTAAGACTATTTCAAGACAACTTCTTGAATTAAATATTATGAATGTTCTTGTGGAGGGTGGTTCAAAAATTTTTGGAAGCTTTATAAGGCAAAAATGTGCTGACAAGTTAAACCTTTTTATAGCTCCATTAATAATAGGTGACGGGATTAGCTCAATTCAGGGTGTAAGCTTTGACAATATTGCAGATTGTATAAAAATTAATAATTATACTCAAAAACAATTTGAAAATGACATACTGATTACCGCAAGTCTTTCTGACTTTAAAAAATATGTATTGGAATTGACTGAAAGGGTAAGAAACAGATGTTCACTGGGATTATAGAAGAGCTTGGTAAAATTAAAAATTTGAGCATTAAAGGGAAAGATGCATCTATTTGTATTGAAGCTCATAAGGTAATCGAAGATACAAAAATAGGTGACTCAATTGCAGTTAATGGAGTTTGCTTGACAGTAGTTAAATTGGATAAAAATATATTTTGGGCTGACTTAAGTTTTGAAACTTTAAACAAAAGCTCTTTGAAAAACTTGAAACCTTCAAATTTTGTAAACCTTGAGAGGGCATTAACTTTAAATACAAGGCTTGGTGGACATCTTGTGTCAGGTCATGTAGATTGTGTAGGTAAAATAGCAGGGATAGACAGAAAAGGAGATTCCTATGAATTAAAGGTTTCATACAGCAAAGATATTGACAGATTTATTGCCATAAAAGGCTCTGTCACTTTGGATGGAATCAGCCTTACAGTCTCAGATATAAAAAATAATACACTCAGTGTTGCGGTTATTCCACACACCTTCGAAAATACAAATCTTAAATTTAAAAGAGCGGGTGATTTAATAAATTTAGAAGTAGATGTAATCGCAAGATATTTGGAAAAGTTGATGAATAAAAGTGATTATGGCGGTAATTTAAAGGGTGGGCTTTCTGGGCTGTATTTAGATTAATTATACCAAATTTTTTACTTGATAGTTTCGAATAATAAAGATAGTTTAATAAGAATAAATTATAATTTTAGGGAGATTTTATGGATAAAAGCGTCAGATATTCGGTGGAAGAAGCTATTGAAGATTTTAAAAAAGGTAAAATGATTATTTTAGTAGACGATGAGGATAGAGAAAATGAAGGGGATTTGGTTATTGCTGCTGATTTTGTAACAGCCGAAGCCATCAATTTTATGGCAAAATATGGCAGAGGGCTAATTTGTCTTAGCATGTCTGAAGAGATGTGTGACAGACTCGATTTACCTTTAATGGTTGATAATAGAAGCAACTCTGCAAGATTTGGTACTGCTTTTACTGTTTCTATTGAAGCTAAAGAGGGGGTTACCACCGGTATCTCCGCTTATGACAGGGCACACACTATCAAAGTTGCCATCAATCCTAACTCAAAACCTGAAGATCTTGCAAGACCTGGGCATATTTTCCCATTAAGAGCCAGAAATGGCGGTGTACTTGTAAGAGCAGGCCAAACTGAAGGTTCAGTAGATTTGGCAAGGATGGCTGGACTTACTCCTGCTGCAGTTATATGTGAAATCATGAATGATGATGGCTCTATGGCCAGAATGCCGCAATTGGAAGAATTTGCAAAAAAACATGATATAAAAATCTTAACCATTGCCGATTTAATAGCTTATAGGACAGATCATGAGACTATTGTGGAAGAGGTCGCTGTTGCCAAAATGCCGACCCTTTTCGGTGAATTCAATATTAAGGGTTTTAGAAGTAAAGTGGATGGACAAGAAGCTGTAGCCCTTATCAAGGGTGATCCTGAGTCTGTGGATAAGGTTATGGTGAGAGTGCACTCTCAATGTTTAACAGGAGATGTTTTTGGCTCTCTGAGGTGTGATTGTAGAGATCAACTTCAGGCATCTATGGAGATGATCGAAAAAGAAGGTGTTGGCGTAATCTTGTATATGTTTCAGGAAGGAAGAGGGATTGGAATATTGAATAAAATTAAGGCGTATAAGCTCCAGGAAGAAGGATATGACACTGTAGAAGCCAACTTACACCTTGGATTTGGTGCAGACCTTAGAGATTACGGCTTTGGGGCTCAAATTTTAAAATTTTTGGGCATAAAAAAACTTAGACTTTTAACAAACAATCCGAAAAAGATACACTGTTTGTCCGGTTATGGGCTTGAAGTTGTCGAACGTGTGCCTGTAGTGTGCGGTGTAAGACCGGAAAATGAACGCTATATAAAAACAAAAGTGGAAAAAATGGGGCATGAAATATAAATATAATTAGATAGGAGAGTAACTTATGAATTACTTAATAAAAGAAGGAAATTATAACGGAAAAGGGTTTAAGTTTGCGATAGTTTGCTCAAGGTTTAATGATTTTATCGTAAAAAGTTTGGTTTCTGGTGCGTATGACGCACTGATAAGGCACGAAGTAAATCCTGAAGATATTTGTGTTTATAAAGTTCCCGGTGCTTTTGAAATACCTTTGATGTGCAAAAAGTTGGCGGATACAAAAAAGTTTGATGCGGTAATAGCTGTTGGTGCGGTAATAAGAGGCTCAACCCCTCATTTTGAATATGTTTCCTCTGAAGTCGCAAAAGGGGTTGCTAAGGCCGGATACGATACGGGCATCCCTGTTATTTTTGGGGTATTAACTACGGATACAATAGAGCAAGCTGTTGAAAGGGCAGGGACAAAGGCTGGAAATAAAGGTGCAGAAGCAGCTATGTCGGCTCTTGAATTTGTAAATTTATTAAAAGACGAGAGTTTATAAAACGTGAAAAAACAATTTAGAACCATAATTAGGGAACATGTGTTTAAAATGATTTATCAGTATGAATTTTTAGGTGATAACTACAATAATATCACTAAAACTTACTGGTTAAGTGAAGAAGAAAATAATAAAAATATTGTAAACGAAGCCAATGAACTCTTCTTAAATATTGCTAAAAATAAAGATTTATTGGACAATCTTTATAAAGATAAATTAAAAGACGGTTGGGCTTTTGAAAGAATTGGTACAATAGAAAAGTGTATTTTGAGGGCAGCGCTGTATGAGCTACTTAATACCAAAACCCCTATTTATGCCATAAATAATGATTATGGCCAGATTGCAAAGGATTATACCGATGACAAGATAGCCTCGTTTATAAGAGGGATAATAGCCGCTGTTGAAGAAGAGGAAAAGGTGAAGAATAAATGAGCTTCCAGGAAATCTATAAGGTTGATTTTTCCCCAATTAAACCTTTAAAGGAGTTTCCTGTTTTCATTGATTATGATTTTCAAAATAGAATACCAAGAGGTCTTTCTATTATTTTGGATATTTTTTACGGTAATTTTGTGTATGATACTGTGAATTCTTTTGAAAGAATAACCGAGCCCGTTTTTATAAAAAAACAAGGTTTTTTTTTGCCTGAGGGATTTTTTTTAGTCGATTTTAAAAATATAAAGTCAAATAGCTCTATTGTAAATTTTATAAATTCTCTAAAAGGCGACTCAGTTTATTTTGAACATAGCAGTTTGTTAAATAATGATTTTCTTAATTTGATAACTAAAGACGTTTATTTAATGGAGTTTGTTTAATGAAGTTTGAAACCGTTAAGATAAAATTTAAAATAAATATTAAAGACATTGTTTATATTAACAGTATAATTGATTCATATGAAGGTGTTGGGATTGTTAGAACTATTGACCCGAATATGGGTCTGGTAGCCGTTTATACCAATGAGTTTATGAAAAAATATATGTATGAAATCATTGATGCTTTAAAAGCTGAGGGTTTTTATATTGATAATATTGAAGAAGAAAAAACAGAGTGTGTTGATAAATGGTAAGGAGTAATGATGGAATTAAGTATTAATAAGAAGTATTTAATATTTGAGCTTGTTAAGAGTTTTACAAAAGATGACAGACCTTACATAAGAGTCGTGCTTTTAGACTCAAAAGGGGACCAATATAATGGAATAATGTTTGACAGTAACAAATTGGATTTTGAGCCTGAAAAAGGGGATATAGTCGAGATAAATGGCAGTTTGCAAAACTATAACGGACAAATGCAGATAAAAATTAACAATATGATAAAAGGATCTTTAGATGATCTTTATGATTTTTTGCCAAAATCGAAATATGACCCAGATGTAATGCTCAATGAATTGATGGATATTGTTTATAAAAATTTGGATTGCGAGTATACTATAAAACTAATGGATATGTTTTTTAATGATGATGCTACAATAAAACAATTTATAAAACATCCTGCAGCTAAAAATGTCCACCACGCTTATGTAGGCGGACTTTTGGAGCATACTTTATCCGTAGTAAAGCTTGCTATCATTCTTTCAGATTATTATAGCGAACAAGTTGATAAAAATATTTTAATTGCCGGAGCTATTTTCCATGATTTGGGAAAAATTTATGAATTGGATATTAGTAAGGGGTTTGATTATACCGATTCCGGGAAGCTCCTTGGCCATTTAATATTGGGAATAGATTTGGTAAGAGGATACATATCAAAGATAGAGAATTTCCCTGAAAATAAAGCCAATCTTATACTGCATCTTATTGCAAGTCACCATGGTTATA
CP063375.1_gap48	1887647	1891335	3688	AATAGCCATTAAAGCGGCTTTAACGGGTCACTTGGTTTTGTCTACACTGCACACCAATGATGCACCAAGCACAATAAACAGATTATTGAATATGGGTATAGAGCCCTTCTTGGTAGCCTCATCTACCGTAGTAATATTGGCACAAAGGCTTGCAAGAAAGATATGTAAAAATTGTGCTGAAAAAATAAAACTTCCTCAAGAAGCACTCTTGACCGTTGGTTTTAAAAAAGAGGAATTAAATGATTTTACACCTTACAGAGGTAAAGGTTGCGATGCTTGCAACGGCACAGGGTATAAAGGAAGGGTAGCACTTTATGAGGTAATGGGTGTAACAGACTCCATAAAAGAATTAATTTTAAGAGGTGCTACAGCAGCAGAAATAAAAGAACAAGCAGTAAAAGAGGGGATGCTGACTCTCAGAAGAAGTGGTCTTGAAAAAGTGAAAACAGGGCTTACTTCCATAGAAGAGGTAGTAAGGGTAACATTTGCAGATTAGAAGGGGGTAATATGTATTCATTACAGGATTTATTGCAAAAGATGATTGAGATGAACGCCAGTGACTTGCACCTTACCGTTGGTACGCCGCCTGTATTTAGGGTGAATGGCGAACTGGTTAAAATTGAAGGGGAGAAGCTTACTCCGAATGTAATTAAAAGTATGTGCTACAGCATTATGAGTGAAGCTCAGAAAAAACGATTTGAAGAGGAGTTGGAGCTTGATTCCTCATTTGGGATAAAAGGGATAAGCAGATTTAGAGCAAACTTTTTTATGCAAAGAGGGGCTGTGGCTGCTGCATTCAGAAAAATCCCTTATGAAGTGCTGGGTTTCAGTGAGCTTGGGTTACCTGAAATTATATCCACACTATGTGACAAACCTCGTGGCATGGTATTGGTCACAGGTCCAACAGGTAGTGGTAAATCAACTACTTTGGCTGCTATGATTGATAAAATAAACAGTGAAAAGAAAGTTCATATTATTACCATAGAAGATCCTATTGAATATTTACATCACCATAAAATGGCTATGGTCAACCAACGAGAGGTCAAAGCTGATACCAGAACATTTACAACTGCCTTAAAATATATCTTAAGGCAAGACCCTGATGTTGTTTTGATTGGTGAGATGAGAGATTTGGAAACTATAGAAGCTGCGCTAACTGTTTCTGAAACAGGTCACTTAACTTTTGGTACATTACATACTAATAGTGCAATACAGACCATTAATAGAATTGTCGATGTCTTTCCTCCGCATCAACAATCACAAATTAGAGCTCAACTTTCATTTGTATTGGAAGGGATTGTTTGTCAGCAACTTATTCAAAGAGCAGATAATCTTGGAAGGGTAGTTGCTTGCGAGGTAATGATACCAAATTCGGCAATCAGAAACCTTATCAGAGAGGACAAACTTCATCAAATTTATTCTATGATGCAATCGGGGCAAAGTGAACATGGTATGATAACGATGAGTCAATCCTTATTCAATCTCTATTCAAAAGGTCTTATCACTTATGATGATGCAATCAATAAAGCGGTTTATCCTGATGAAGTAAGGCAAATGATTGATAGAGCAGGACTTAATAGAGGGAAAACCAGGAGGATTTGATGGGAAAATATCTATATAAAGGTAAGGACGATAAGGGGAACTTTGTCGATGGAATTATTGAAGCGAGCAGCAAAGAGGAAGCTCTCAGCACGCTGAAAAGCAGAAGAATAAATGTTCAAGAGTTAAAGTATGATTGGAAACATGTTGAACTTTCCTTTGGGGAAAAAATTACTGATGAAGACTTGGTTATTGCTACGAGGCAGCTTGCCACAATGATTAGTGCAGGTCTTTCACTTGTAAAAGCACTTGATATACTTGCATCCCAATCATCTAAGAAGAAAATGCGCAACATGTTTGAAGATATTAAAAACCAGATTGAGCAGGGTGCCCAATTTAATAAGGCATTGCAAAAGTATAAAAGAGTATTTGGGGATTTATACATTAACATGGTTGCAGCAGGTGAAGCAGGTGGACTTTTGGATAATGTCCTTGACAGACTTGCAATTTATATGGAAAAAGCTATATCGTTAAAAAGAAAAGTAAAAGCCGCTATGATGTATCCATCGATAGTGCTTACTGTTGCAGTTGCTGTTGTATGGGGTCTGTTGGTCTTTATTATACCCAAATTTAAGGAGATGTACGAAGGGTTTGGCGGGTCTTTACCTGCATTGACACAATTTACGATAAACCTAAGTGAATTTTTAGGCAGTTGGTATGGCGGTGGCGTTATCCTTGCTGTTATTGTAATTGCTTCGGTAACCATCAGCACACTTTATAAAAGAACAGAAAAAGGGAAATTGATTATAGATAGAATGTTATTAAGAATTCCTAAAATTGGTGATTTACTTAGAAAAGTTGCAGTGGCAAAATTTTCAAGGACATTCGGCACACTTTTAAATAGTGGGGTACCTATCCTTGAGGCTTTGGATATAGTTGCAAAAACAAGTGGGAACAAATATATAGAAAAACATTTGATAAAAAGTAAATCGGATATTGAGCAAGGTAAAAATATTGTTTACCCACTGGAGAAGTCAGGTATATTCCCACCAATGGTTACACAGATGATTTCTGTTGGAGAAGAAACAGGTGCTCTGGATCAGATGTTGTCTAAGATTGCTGATTTCTACGATGATGAGGTAGACAGGGCTGTTGAAGGGCTTACCAAAATGATTGAGCCTATGCTTATGTTAGTTGTTGGTGGGTCTGTTGGTTTTATTATTATTGCCATGTACTTACCAATATTTAAACTCGGTGATGTTGTTCAATAGACACTCGGACTAAAACATGATAAATAGCAAAACAAACAACCTTATCCTTTTGATAAGGTTGTTTTTGTTTTTTTCAATTGTTTTTATAAATATTTTTTTAGGATATTATTCAAGCGCGACAACGCCATTTTTTCTAAACCTTTCAATAGTGATAATTGTATTTTCACTAATGATTTTTATCGGACAAAGTTTTATTAATCCTGCAATATTATTTTATATTCAAGGGCTGTTTGACTTATGCATTATTTCATATTTAATTACGATAACAGGTTTTTTTGATAGTCCTTATATCGTTTTTTATTCTATTGTAATAATTTATATGTGTTTTTTTGATGGTTTTAAAGCGGGTTCATTTTCAATATTTATATTTTTTATAATTTTTGCGGCATTTTCAATGAATATTTACATTAAAAATAAGTCAATTAGCATTAATGAATTTATTGTAAGATCATTTCAATATGGACTCTCCTTTTTAATAGTTATGCTTCTAACTTCATATCTTCATAAAGTTTATTCCGTAAAAAACAGAGAAAAAGAAGATATTGAAGAAAGGCTTAAATATCTGGAAAAATTATATAAAAGTATTTTAGATAACATCGATATCGGGATAATTTTGATGAGTAAAAAGGGGGTTATTATATCTTGTAATATTGCCGGTTTAAAAATACTTGATATGGGTGGAAGTATTATAGGTAAAAAATTGAGTGATATTTTAGCTATTAAAGCTGAGGATGAAATAATAATTCATAATAACAAATATTTGGGATATAAGTTTCAACCATTTATCTACGATACAAATTTGTCAGGAGAGCTTTTTATATTTCAAGATGTTACTGAAAAAGAAAATTTAAAATCAAAACTTCATGAACAGCAGCGGC
CP063375.1_gap49	1894263	1898483	4220	TTAACAAAAGCTCCCCGGTTTGTTCATCCCTGGAAACTCTAATACCCGGATCTTCTTCCATTAGTCTGTGAAGTCCGCTACTTACTTTATCTTCATCATCTTTTGATTTTGGTACGAGTGAGAAAGCAAGCACCGGTTCAGGTAATTCAACCGGTGTGACTTCAATTTGATATTTTTTATTATTGGTAAATGTATCGAAAGTTTCCGTATATTTTAATTTATTTACCATACCGATTTGACCGGCAATTAATTTGTCTACTTTTACAAAATTTTTACCTTGTAGCAAATAAAGTTGATTTATTTTTTCAGTTTCGCCTTTATTGACATTATATATTTCGCTGTCACCTGTCAGCTCACCTGAATATAATCTAATAAGGGAAAGCTTCCCTGCAAAAGGGTCTATAAAAGTTTTAAAAACAAACCCTACTAATTCTTTATCCTGAGGGTCGATGAATATCGTTTCACCTGTTTTTTTATCAATAGCTTCCCTTCTTTCTCTTTGCAGTGGAGAAGGGAGGTAATTTATTACGGCTTCAAGCAAAAGCTTTGAACCGATATTTTTAGTTGCCGAGCCACAAATTACAGGTATAAACCTCTTTGAAATTGTTCCCTCTCTAACACCTTTTAAAATCTCTTCTTCTGTAAATTCTTCACCTTCAAGAAATTTTTCTATTAAGCTATCATCCGTTTCACTTATTGCTTCAAGTAGCTTATTTCTATATTCTTCCGCTTCATCTAACATATCTGCAGGAATGTCTACCACCTGAAATTCAGCGGTTGCATCACTTGGGTAAAGATAAGCTTTCATTTTAATTAAATCTATCAACCCATTAAAGTCATCCTCTTTGCCAATCGGAAGAAATAAAGGCACGGGATTAATACCAAATGACTTTTCAATATCCGTGAGTGATCTGTAGAAATCAGCCCTTTCTTTATCCATTTTATTTATAAAAATAATCTTAGCCAAGTCATATTGGTCTGCAAATTTCCAAACTCTTTCTGTCTCAGCCTTAACACCTGTAATGGCACTGGCAATAACAACGGCTCCACCAACAGCAGAAAGAGCAGCTTTTGTTTCATGTAAAAAATTTGAATATCCCGGAGTGTCAACAATATTTAACAAACATTTATTCCATTCAACAGAACAAACTTTACTGTTAATAGATATTTTTCTTTCGATTTCTACTGGGTCAAAATCCATAACGCTTGTTCCTGCATCAACACTACCTATCTTTTTTGTTACTTTGGCATTAAAAAGTATTGCCTCAATAAGACTGGTTTTTCCTGCACCACCATGTGAAATAAAAGCAACATTGCGTATTTTGTTGATATCAGTTACATTCATAGACGCCCTCCATCTTTGATTTAAGTAATTCTAACAAATTAAATTATCATTTTCAATCAATTGTAGAAAAATCTTTATTTTTTTTCTAAGTACCTTATAATGTCACATAGTAATTAAGTAGAAATTAACTTTTAATTAATGGACTTTTTCTTAAACAAATCAAAAGGAGGTCAAAGTGGAAAATAATCCATGGGGCGATCAAAAGCTAAATATCAAATTGCCAAAGTTTAAAATTCAAATATCGGGAACAATTATTTTTGTTATATTATTTTTGTTATGGTGTTTGAGCGGTTTTTACATCGTCAGAGCAAATGAACAGGCTGTAGTGATGAGGTTTGGGAAGATTGTAAATGTAGTAGGAGCCGGGCCTCATTTTCATTTACCTTTTCCTATCGAAAGGATTGACAAAGCAGAAGTGACCAAAATACACCGAATAGAAATTGGTTTTAGGACAGCAAGGGATGGGAATATAAAATCCATACCCAAAGAGGCTTTGATGCTGACAGGTGATGAAAATATTGTAAGTATTGACCTTATTGTCCAATACAAAATAGGTGATATAATAAAATACCTCTATAATGTCCTGAATGTGGAAAAAGTGATAAAAGATGCCGCTGAGTCTGCTATCAGAGAGGTGGCAGGTAAAGAAAAAATTGACGATATATTAACTACCGGCAAAAGCAGAATACAGCAGGAGACTCAAGTAATTTTGCAAGATATACTAAATCTCTACAATTCAGGAATCGATATTGTCGCAGTACAATTACAAGATGTCGAGCCTCCAAAAGCTGTTGTGGCTGCTTTTAAAGATGTTGCCAGTGCTAAGGAAGATAAAAACAGATTTATCAATGAGGCTGAAGCCTACAGAAATGAAGTGATACCAAGGGCAAGAGCTGAGGCGGCTGAAATGATATTGGATGCGGAAGCTTATGAAGTTGAAAAAATAGAAAGAGCTAAGGGTGAAACCACAAGGTTTTTAAATATTTACGAGAGCTATAAAATGGCTCCAACTATAACTAAAAAAAGATTATATCTCGAAAAAATGGCAGAAATTTTGAAAGGTGGACAAATATTTATATTTGATGAAAATATTAAAAATATAAGTCCGTTAATGGGCCTTGACGGAATGATAAATAAAGGGGATGAAAAATGAAAAAGACTTTTGTCGCAGTAGCAATAGTCGTTGCCATCTTGGCAGTAGCTCCTTTTACAGGGGTGTTTTACACGGTTAAAGTTAATGAACAGGCAATAGTTACTTATCTTGGGAAAGTAGTAAAAGTTATAGATAAGCCCGGACTGTATGTCAAAATCCCTTTTTTATACAATGTTTCCTATTTAAGTAAAATGTTATTAGAATACGATGCACCTGTCTCAGAAATATTGACCAAAGACAAAAAAACACTTTTGCTTGATAATTATTGCAGGTGGAAAATTAATGATCCGTTAAAATTTTATCTGAGTGTTAGGGATGTTTATGGAGCTATGTCAAGGATTGATGACATAATATATTCAGAAATGAGGATTGAGTTAGGGCAGCATACATTAACCGAAGTTGTAAGTATAAACAGAAATGAAATTATGGCTAACGTTACAAAGGCGGCTAAAGAAAAGGCTAAAGTGTATGGTATAGATATACACGACATCAGGATAAAGCGGGCAGATTTGCCACCGGAAAATGAAAAAGCAGTGTATGAAAGAATGAGGGCAGAAAGAATCAGAATAGCCAAACAGTACCGTTCTGAAGGTATTGAAGAAGGACGTAAGATAAAAGCCAAAACTGAAAAAGAAAAGAAAATAATTTTAGCTGAAGCCTATAAAAAAGTTCAGGAAATTAAAGGTGCCACTGATGCTAAGGTCGTAAAAATTTATGCCGATGCTTTTAAACAAGACCCTAACTTTTTCGAGTTTATCAAAACATTAGATGTGTATTCAGACGTATTGACCAAAAATAGCAAATACTTCCTCTCTACAAATACGAAACTTTTAAAGCTTTTAAATAAAGGTGATACCGAATAATTAAAAAGCCCTGAATTCAGGGCTTTTTTTACATCCAACCTTTCTTTTTGAAAATTAAAATCGGCAGAATAGATGAAATCAGCATCAATATTAAAGAGAAAGGATACCCAAAATGCCAATCTAGTTCAGGAAAAAACTTAAAGTTCATTCCATAAATACTTGCCACAAGGGTAGGGGGGAGGAAAATTACATTAACAATTGTGAAAATCTTAATAATATTGTTTTGCTCTATCCCTAATTGACCAAGGAATATGTTTTGTATGTAATCAAGCCTGTCAAAATTAAACCTTGTATAATCGATTAGTGAATTTACGTCTTTAATCATTATTTTAAAATTATTTTCCAAGTTTGATGGAAGTTTGGGAGATTTCAGGATTGCAGAGAGGAGCCTTTGTTTATCAATTAAACTTTCTCTTAATCTTGTATTATGATCCTCGTTCATAGATATTGACTCCAATAAATCTTCACTGTCCATATCTTCGTTTAAAAGGTTTTTTCTTAAGTTGGAAATCCCCTTAGCAATATTTTCAAGGATATCTGCATCCATATCAATTCTCATTTCGAGTATATTGCTAAAAATATAAAAACCCGAATTGAACAGATTAGGCAAAGAGATTATCTTCTTTATACATTCATCAAATGTCCTTAACTCTCTATAACGTATTGTCACCAAAAAATTATCTTGCAAAATAAAAGATACCGTTTCGTTGTGGGGTGTATTGTCAATAAGTGTAAAAAAATATGTGTTTACTGTAATATCTTTTGATGTTTCCCAATATCTTGATGAAATCTCAATCTCTTCAGTTTCCTGTTTTGTAGGAAATTCAACATTGTATATGGTGGAAATTGCCTTAAATTC
CP063375.1_gap50	1991896	1993736	1840	GTTAAATGCAAGCAAATATACGCTCCAACCAATAACAATTCACCTTGAGCGAAATTAACAACTCCGGTTGATTTATAAATTAATGTAAATCCAAGAGCGACAATTGCATAAATACTTCCCATAACTATCCCTGCTACAATTAGCTGAAGGAAAAATTCCATATCTACTCCATAAAATATATTTTCATGACGGTATTTATAGTTTTCTCTCTCCCATCTTGCAGTTTGATGGTAGCAGTAATCTGTTTTTCCCTGACATCTTCATAAAGTGCATCCACTAACCCTTTATACTTTTCAGAAATAAACCCTCGCCTCACCTTCCTTGTCCTAGTAAGCTCACCATCATCAGGGTCAAGTTCCTTATACAAGAGCAAAAACTTCTTTACCACATGCTCTTTTTTAAGGTCAGCATTCACTTTTCTTACTTCTCCGGCAACAAGTTCATAAACTTCATCTTTCGATGACAAATCTGTAAATGTAGAATAAGTTATTTTATTTTCTTCCGCCCATTTGCCAACTATCCCCATATCTATGTTTAAGATTGCAGTAATATAATCCCTTTTATCTCCAATTATAACTGCCTCTTTCACAAACGGACTAAATTTTAATTTATTCTCAATAAATTGAGGCGAAAACATTGAACCGTCAGACAAATACATTAAGTCCTTCTTCCTATCGATTACTACAAGTTTGCCATTTTCATCAAAATATCCCGCATCCCCAGAGTATAACCAACCATCCTTAAGGGTAGCCTTCGTAGCCTCTTCATCCTTGTAATAACCAAGAAAAACAGCATCACTTTTTGAAATAATCTCATTTTCTTCAGTAATTTTAATTTCAGTCCCCTCTATTGGTAATCCTACGGAAGTAAAATCAACATCATCCACTCTATGGATACAAGAAATACCAGAAATCTCTGTTTGCCCATATATCTGTTTAAGATTAATCCCTAAAGCATGGAAAAATTTGAATGTGTCAGGGCCTAAAGCCGCACCACCGGTAATCGCACTTCTTACATTGGTAAATCCAAGTCTTTCCTTTAATTTTCTAAATACGGCATAATATGCTATTTTGTATTTCAATTTCTCAAAAAATGTTAAATTACTTTTATTGAATTTACTGTCGGCATAATTATAACCAATAGGTAGACATTTATTGTAAACCCATTTTTTAAGCCTTGAGGAATCCATTATATTCATCTGAACGGTTGCCGCCAAATTTTCCCAAACTCTTGGAGGAGAAAAAATCAAATTAGGACCAATCTCTTTCATATCGTTTTGGACAGTATCATGATTTTCAGGAAAATTTACCTTAAATCCATACATCAGGGCACTTGCAATACACATCATTTGCTCCCCTATCCATGGCAAAGGTAAAAAAGAGACAAATTCATCCTTTTCAAATTTAGGGTCAGCTTTTCCAAGGCTTCTTGACATGAAGGAGAGATTTTTGTGGCTCAACATAGCAATTTTAGGGAACCCGGTTGTACCCGATGTCGTGCACATAACTGCAACGTCATCTAATGTAATAAATTTAAGTTTTTCCTTATAATATTTATCTAAGTCACTATCATAATTATTTTTTATAATCTCATCAAAATATACCAATCTGTCGTCATCATACTGGTACATCCCTTTTTTGTCATAATATATAATTTTTAAAATAGACGGGACATTATCTATAATCTCAAGAATTTTATCCACTTGCTCTTGATCTTCCGCCACTACTATCTTAGCATTCGTTTTTTTTAAAATATACTCCACTTCACTAACTATAGAATCTTGATAAATTCCTACTGGATAGGCTCTAAGAAGTTGTGAAGCAAGTTCTGAAATAACCCA
CP063375.1_gap51	2040560	2042024	1464	TTTTATCATCAACAGGGACATATGTTGTACCTATCCTGTCAGTAACCTTAGTAATAAGATAAGGCTTCCTGTTAGGTGGTAATTCGGTAGAAACTATATCATGAATACCTTCAAAAGATGGCACACCGGTATTTATCTCAACTATAATTCTATCAGCTACATCAATAATTTCAGGAGCTGCTCCAATAGAGCCGGCAAGGACTATACCACCATCCTCAGTAATTGCAGAAGCTTCAATTAAAGCAAAGTCAAGTTTACCACCTTCATCTTTTGTATAAAAACCGTATTTTAAATCTTGAGCAAACATAGATAAGTGTTTGTCACCAAATCTAATTTTACCTGAATTAATACTTTTTTGAATGTTTTTACCGGTTTGATATGGCCACCTTCTGTCAATCATATCAAGTGTAGCCCATCTGTCTTCAGTTTCTACACCAACAGATGCACCTATAAACAGATTGAATTTCCATTTACCCTGCAAACCGTTTTGCTCAACATAATCAGCCAAAGCTATTGGCACTACTTTCGGATAACCAACCGGAGTAAAACCTGACCACCCAAGATTTAAAACTTTTTTACCGGCACCAGCCTCAGCAAAAAACTTAACAGTATCTTCCGGCTTCATTACTTTGGATAAAAGACTTTTCTTTCTAATACGCTTTTCTAATTCTGACATACATTCCTCCTTATTTGCCACTAATGGACATCTTTGCTTTTATTTATTTTGAAAAATTTTTTCGCATCGTTAAGGCTCGGAATAGCCTGTCTTACTTCAGTGACCTTCTCTTTTACAATCTCCACTATCAACCTACTTGAGCCTTTTTCAATATACCCCACAGACTCACCCCATGAATCAAACACGGCAGAATTACCGCATACAATCGTTTTCGCATCATTAATGACCTCAGCAGCATTACAACCAACAACATATGACTGATTTTCAATAGCCCTTGCCCTTAAAAGTGTTAACCAATGATATTTTTTAAACTCGGGCCATATGGCCGGAACTATCATCAAATCAGCTCCATTATAAGCAGCAATTCTAAAAACTTCGGGGAATCTTATCTCATAGCAAGTATGTAACGATATATTAAAATCGCTGAAGTTAAACACAGGGATGTCCATATCCCCCCTGGAGAAATAGATATCTTCTTTTAAAGGGGAAAAAAGAAAAGTTTTTCTATATTTTACAACGATTCCATTATTTGTAACTGCAAAGATAGTGTTGTAAACTTTGTCTGCGGATTTTTCAGGTAACGATAATACTGCCAACTGATTATTGCTAAGCTTTTTAGAAACTTGCTCAACTATATTCTCTGACGCTTCCGCATGAGTTACAATATTCTTATAATCAAACCCAGTTGCCCACATTTCAGGGAAAACGACAAGGTTCACACCTTCATCGCTATAAAACGATAAGTCATTAACAAAATGGGTCAAGTTATCCTCGACAAACCCTGTTTT
CP063375.1_gap52	2048469	2053035	4566	TCTTAACTGTACTATATGAGCCTTAGCTGAAAAATAATCGGAAAAAGCAGGCTTTATATCATCAACTGATTCAGCCATAGCTTTTTTTGCGGCAGTAACTACCAGTTCAGGATTAAAACCTGGTTGAGTGCCGCCAAGCTCCCTTCCGCTTACCTTCTTAGATAAAATTATCTTTCCAGTAGCAACATCAAGCAGCTGAACAGTCATATCAGTAGTAACGTTCCACCCTTCTGTCATAGATTTACCAGCTGCAAGTGCAAGGTTTAGCCAAACATTGCCCGTATCTTGACTGCTAGTCTTTGGCACATACTTGGCATTAATATTATCAACAGTACCGGTAATAACATAGCTGACACCAGCAATCTTTCCAAATTGTGCTACGGTATTAGGATCTGCCACATTCATTTGAAAACCTTGCTCTTGTAATATCTTTTCCATTTGAGAGCGACTGAAAACTTCGGCTCCGCCAATATTTACTATTGTATCTTCCACGGCTGATTGGGCAAATTCACCTAACTGTGGAGAAATTTGCCTGTAAAATGTGTTGATGTCTTTAGAATAGTTAATCTTAGTCTTACTGGCACCCACATAACCGACACCTACAGCTCCGGGAGCAGCAACTATACCAGCAGCACCCGCTGAAGTGTGAGTCCTTGTAGCTTCACCTTGTATTTGAGTGTTGACCCCTTCCATTTTACCAAATGTCGTGTTGTTGGTAAAAGGTAAAATAGCAACTGTAATCTTTTTGTTTTCATATTGAGGCATACATATTTGAGGTATATTTACCTGCTCAGTGTCAGCAGGAGTAACCTGCATACTACCCGGGTCGATCTTTGGTGGTGCACACGCAAACATCATAAAAGACAGAGATGAGACTATAACAAAAATTTTGAAATACTTCATTTGAAACCCCCTTCATTTTTAATAATAACTCTTAGGTAATAAATTATACCACTGTATAAAAAAAAATCACTTCAAATTTAAAAATTCAATAACTTTTTTTAAATCTTCCCAAGTTTCCTTTTTTTTGGAGGGGTTTCTTAATAAATAGGCAGGATGAAATGTAGGCATGACCTTAATATCATTAAAATTAGTAAATTGGCCTCGAAGTTTTGAAATCTGTTTTTCAGTGTTTAAAAGATAAGTAGCAGCTACACTGCCAAGACAAATAATAACTTTTGGTCTTACAATTTTTATCTGCTCCATCAGGTATTCAATACAAGACTGAGCTTCTTCCTTGAAAGGGTTTCTATTATCCGGAGGTCTGCACTTAACAATGTTAGCTATGTACACATCTTCCCTTTTAAGCCCCATAGCTTGAATCATTTTTGTTAAAAGTTGGCCTGCTCGCCCTACAAACGGTCTCCCTTGTTTATCCTCTTCAGCCCCTGGCCCTTCTCCAATAAACATCAAATCTGCGCTCACATTTCCTTCACCAAATACAATGTTTTGACGCGATTTTGCCAATTGGCATTTTTGGCAAGATTTTACTCTTTCAATAAGTGCATCAAAAGGGCCTGATTCGATATTGGCACATCTGTCTATTAAGATTTCGTCCACACCATAAACGTCTTTTATAAAATTTTCTTCTATAAATTTGCTCATTGCAAGTATTCTACTATTTCAGAAAGAATTATCTCAGATATTTTTTCTTTTCTTTCTTTTAATATATGCTTTTTACTACCATCTTTTTTAAAAACAAAAACCTCATTAAAATCAGAGTCAAATGCGATATCCTTTCTTGAAATATCGTTTGCGACAATCATATCAAGCTTTTTCCTTTCAAGCTTATCTTTGGCATATCTTTCTAAATCGTTGGATTCAGCTGCAAATCCCACAAATATTTGACCTTCCTTTTTTAATTTAGAAAGCTCTGTAAGAATATCAGGATTTTTGACAAGTTTGATAAGTAACTCATCTCCGTCTTTTTTTATTTTCTCAACGGAAACATTTTCAACTCTATAGTCTGCTACGGCAGCAGCCATAATTAAAATATCATAGTCAAATATTTTATCCTTCAAAACAGTCAACATTTCAACTGCACTTTTCACATGTACAATAGGAAGAGAAGTTTTAATATTAACGGGACCAGAAACAAGCAATACTTCAGCACCAAACTTCTTGGCTGTTTCGGCCAGAGAATAGCCCATTTTCCCACTACTTCTGTTTGAAATATACCTTACAGGGTCAATATCTTCAACAGTTGGGCCAGCAGTGACAATCACTTTTTTACCCTTTAAAATTTGCCCTTTAGTCAAACTGGAAAGCACAAACTCAAAAATTTTGTCAGGCTCCTGCATCTTACCTATACCAACGTCTTTACACGCAAGCTCGCCCTCAACGGGAGGAATTATCACAAACCCTCTATCTTTAAGTTTATTAATATTATCAGTAGTGATAGGATTTATATACATATTAGTATTCATAGCTGGGCAAATATATACCGGCTTATTTTTTTCATAAGCTAAAATTGTAGATGTCAGAAGGTTATCTGCAATACCATAAGCAATTTTAGCAATCGTGTTGGCAGTTGCCGGTGCAATAATAAACAGATCAGCCCAAGTAGCTAAATCTATGTGTTCAATATCTTTCGGGCTGACATCAACCTTAAAATCGTCAATGTAAACTCTATTTTTTGTTAAAGTCTCAAGTGTAATAGGTGTGACAAACTTTGCAGCATTCTCTGTCAGAATAACTTTAACGCTGTCTCCATTTTGAATAAATTTTCTGCAAAGAAGGGGAATTTTATAGGCGGCAATACCGCCCGTTACCCCTATTAAAATATTACTCATCTGCCTCTTCAATCTTCTCTATCTTTATCTTATTTTCAACCAGCTCAAAGATAGCTTTTGTGGTTGGCTTAGTGCCACACTCTACTTGAGGCGGCAAAGTGCCTTCTCTTGCCTCAATAATTTCTCTTGCCCTCAGGCTTAAAATACGGTTAAGCCTATACTTACCTTTGATATCTTCTCTTTCAACAAGTTGTTCAATATTAATAAGTGCCACTTTAAACCTCCAGGTTCATTATATCTTCTATTTTTTTCACATCTTTAGATCTTAAATGTTCAGCAATGTAAATTGCATTAAGCTCGTTAAATGCCTTTTTAAAATTTTTGTTTATTATAATATAATCATAGTCCTTATAATATCTAACCTCTTTTTTGGCATTTTCAAGTCTTAATCTGAGTTTTTCTTCTGACTCTGTTCTTCTGTTTCTAAGCCGCTCTTCCAAATCTTTTAAGCTTGGGGCAATTATAAAAACATATATTCCAAAATTCAGCTTACTTTTCAACTGCCTTGCCCCCTGAGGGTCTATATCAAGTAAAATATTAACCCCTGACTCCAACTTTTCATTTATAAATTTTTTAGGCGTACCATAAAGATTTCCGTGTACCTCTGCCCATTCTAAAAACTCATCATCCTGAATCATTTTTCTAAAAGTATCCTCATTTACAAAAAAGTAATCTTTACCTTCAATTTCATCTGCTCTTGGTTTTCTTGTCGTAACAGAAATAGAATACTCAAGGTTATCATATGTTTTTAGTAGCTCATTACACAAAGAGGTCTTGCCTGCACCGCTTGGTGCACTTATTACAAAAAGCTTACCTAAATCATTCATATTATATTCTGAACCTGTTCTCTTATTTTGTCAATTTCAGTTTTGGCATTTACCACACTGTTGATGACTTCGATTTGAGATGACTTCGACCCAATAGTATTAAACTCCCTGTTAAGCTCCTGACAAAAAAAGTCAAGCTTTTTACCACATGGGAACTCATTTTCAATAACATTCTTCATCTGCTGCAAATGCGAATTAATCCTTTCCACCTCTTCTGAAATATCAAGTCGCTCGGATATTATCCCGGCTTCGGTAATGATCCTGTCTTCATTTACTTTAGATACCAACTCTTCGATTCTCTTTTTGTATTTTTCAAAATTAATTTTATAGACCTCTTCCCTAAAAGTGTTGATTGATTGGTTTAATTGCGCGAGCTTATTTAAAGAATCCATAATGGCCAACTGTAAATTATTCCCTTCAGCATTTCGCATTTCTTTTACTGAATTTAGGGCTTCCATCAATACGGCAACTACTTCTTTGTCTACAAAATCGGTAACATCGGACTCATCAACATAATCAATAATATTTTCAAATTTAAGAATATGCTCAATCTTTATATCATCTAAAATCTCACTTTTAATCTGTATCTCCCTTAAAACATCCATATACATATTAAAATATTCTGTATTGAGCTTTGCTTTCTTCAATGGTTTACGAAGAAAGACATCTATCATTACATCAATCTTACCCCTTAAAAGCTCATTTTTAATGATATTAGTCAGCTCCACTTCTTTAAGATATAAAAATTTAGGCAATTTAATCTTTATATCGGAATATTTGCTGTTAACCGCCTTTACAGAAACAGTGATATCAAACAGCTCAAAGTGCCTGGTTACACTCCCGTAACCTGTCATGCTCACAATCATAAAATTCCTCTTTATCTTTATGTAAAATAGTATAATATTCTGTATTATATAAAATTGAACCGAATAATACATAAATAAATC
CP063375.1_gap53	2083484	2087965	4481	TGCTGCCGGTGGTAAAACGGGGCTTACCGCCGTAGTTACCGGAATATTATTTTTACTGTCAATGTTTATCTCCCCTCTTGCCGAATCTATTCCAGTATTTGCAACCGCACCCGCACTTATAATCGTAGGTGTATTAATGCTAAAATCTGTAACCACAATAGATTGGAATGACTTTACCGAAAGTCTTCCTGCATTTATCGTAATTGTTTCAATGCCTTTCACCTACAGCATTGCAACAGGAATATCATTAGGCTTTATCTTCTACCCTGTCATAAAACTTCTTGCCGGAAGACACAAGGAGGTCAGTATTCCGGTTTGGGTATTAGCAGTATTATTCATTTTAAGATTTATTTATCTTGGCGGAAATTAAATAAAAAAAAGGGGGCAGATAAGCCTGCCCCTTTTCTATTTCAATAATTCTTTTATAGATTCAGCAACACTTGCAGGGTCAATTTTAAGAAGCTTAAAGATTTCTTCAGGTTTTCCTGAATAAGCATAATTTGTAGGACCAAAAGTCTTCAACTTAAAAGACAGCCCATTCTCCATAGCTAAAAGAGATAATGTCGCGGCGACACCACTATATGACAAATGATCTTCATAAGTAAAAGCAAACCCGCTATCTAAATATTTTTTAATCTCGAAAATATCAAAGCTGAGTGGAGATGCAATATTTATAACGGCAAGCTCAATCCCGTCTTTCAAAAGTAGATCTCTTACCTTCAAGGCGTAAGATGTCATTGTGCCATATGTAATCAGCGGATACTTACCATCCCTTACAATATCTATCTTACCATAAGAATATTCGTAATCTTCATCAAAATATACGCTACCATCTTCTTTCGTAATCACAGGAAGTTTTGACCTGCCCATAGCCACAAGATAGTTTCCGTATTCAGAAACCGCATATCTTACAAGCCTGTCGGTCTGATTAGGGTCGGCAGGCACCAACACTTTAAAATTAGGGATATTTCTCATTGTGCCGACATAATCTACGCACTGATGAGTTTTCCCGTCTTCTCCTACATCAATACCTACATGGGTAGTAACAACCTTCACGTTGCCATCATTTATATCCGTAAGCCTTTGTTGGTTATATGTTTCATCCACACCAAAAACACCAAAATCAGCAAATACGGCAACTACTCCATTTACACTTGCAGCTCCTGCAGCCACAGCAGTATGGTGCTCCTGAATACCGGATTGCACAAATCTTTCAGGAAACTCTTTCATCACCTTATCAAGCTTTACAGAACCAGCCAAATCGCAATCAAACGTAACTATAGGAGTAAATGATTTATCCGTAACTGAAAGATGCACCAAATCCGCAATGGCATTTCCAAAAGCAGACCTGTTGTCAGTCTTTGTATCGGCAGAGTATACTTTTGGCATACCCTTGCCAATCTTAACACTGTTTCTGATAATTTTATGCTCATCTTTATTGTATACAAAACCTTTTCTTTTCTCTTCATATTTTTCGATATCATTTTCAACGCCCAGCTCTTTCAATGCGTCAGCCAGCTGCTCTTTTGACAAAGGTTTACCATGATAATCAGCTATATTTTCCATAAAAGATACGCCTTTGCCCATTACGGTATTTGCCAAAATCATAACCGGCCTGTCTATTGTTTGAGCTTTAGAAAAGGCATCGTAAATTTCATCAAAATTATGCCCGTCAATCTCAAGGACTACCCAACCATCTGCGATATATTCATCTTTTATGTTTTGAGGCATCACCTTGCCTATATCTCCGCTAATTTGAAGTCTGTTATAATCCACAACCGCTGTAATATTTTTTAGATTGTATTTGACAGCAAACCTTCTTGCCTCACTTATCTGACCTTTCTGCTGCTCACCATCCCCCATAAATACGTAGATATTATAATCAAGATTATTTGCTCTTCCTGCAATTGCCATACCGCACGCAGCTGAAAGCCCTTGCCCTAAATTACCTGTAGTCCACTCAACCCCTTTGACCATCCTTTCGATATGCCCTTCATAAATACTTCCTGCAAGCCTGAAATAAGCAATAGCATCATCAATATTAAAAAAACCGTTTCTACCAAGTGCAGAGTACACACCAGGAGAAGTGTGCCCGTGAGATACGACAACCCTATCTCTATCCAAAGCGTTAACATTGCCAGGATTAATATTGGCAAATTTGTAAACAGTAAGATACAAGTCGATAGATGACATTGAACCGCCGGGGTGCCCACTTGCAGCCAGTGTTGTCATTTTTAAAATATCACCTCTGCAAGTAGTAGCTAAATTTTCCAGGTATTTCTTATCTTCTGCGCTTAATTTACCGCTAAAACCTCTATTGCTCATACTTTCCCCTTGTGTTTTTGGCGAACTATACATTAAAAACAACCCAAGGTCAATATTTGTTAACCTCAGGCAGATTTGGAAATCGCAAAGTAACTTTAAGATAAGAAAAAAGGTAAAATTCCCCTTGTCATTTTTTGCCGATAATATAATAAGTGTAGTATGTTGGAAACTACAATAGATACAATTTTAAATAAAGAGATAAAAGTTTGTCAGCCCAAAAATGGCTTTAGATTTTCTCTTGATTCTGTGTTACTTGCCAGATTTGTTGCAAAAAAGAAAGCTAAAAACATTATCGATATCGGCTCTGGTAGCGGAATAATTGCCCTGCTTCTTCACAAACTACATAATTTTACAAATATAGATGCACTTGAATATCAGGAAAGTATGTATCATTGTCTCAACAAAACAATAAAGCTCAACTTATGTGAAAATATAATAAACCCGCTAAATATTGACCTAAAACAATATAAACCTCACAAGAAATATAATATAATGGTCTCAAATCCACCTTATCGTAAAAGCAGCAGCGGGCGAATATGCAACACTGTCGCTGAAAATATAGCAAGATTTGATGATGAGCTTGGAATTATCGATATTTTTAAATTTGCCAGAAGCTACCTTGAAAACTTAGGAAGTCTCTACATATCTTACGATGCTGATTTAACTGCTGAGCTTTTAGGAAATTGCAGAAAATTTAATCTTGAACCAAAAAGAATGCGATTTTTTCACCCGGATTCAGACAGGCCTGCACGCCTTGTCTTTGTGGAATTTAAAAAAGGGGCAAATATTGAACTTATTGTAGAGCCACCCATATTTCAAAAAATTAATGGGCAAAAAAATGATAAATTTGATATACTCTTTACAGAGGAGGCAAATATATGAAAGCGATGGCATATGTAAGCATTACTCCCCTTGATAAAGGCGAAAGTGTATCTCAATACGTATCAAAAGCTGTCAAAGTAATAAAAGAGAGCGGGCTTGAGTGGCAGCTTACTCCTATGGGGACCATTGTGGCAGGTGAAACCACCAAAGAGGTACTTAATGTAATCAACGATGCTGTTGAAGCACTTGAAGATTGCAACAGAATCTCTATTTCGATTAAAATTGATTACAGAAAAAACAGAGAGGGGAAATTGACTGATAAAGTTGACTCAGTAATGAAAAAATTATGAAAATATTAATTATCGAAGACGATACCATATTAGCAGAATCTTTAAAGGATTATCTGCAAGATTTTTTTAGTGTCGATATCTGCTTTCCTGTGGATGAAAGCTTGTACTATCAACTGGAAAAATATGACATAATTCTGCTTGACTTGATGCTAAAAGATAAAAAAGGGGAGCATATCCTTAAAAATATCAGAAAGAAAAATATTAATATACCCGTAATAATAATTACCGCAAAAGATGACATAGCTTCAAAAGAGGTATGTTTTAAGACAGGAGCAGATGACTATATCGTCAAACCTTTTGACCCTAAGGAGCTGATTTTACGGATTGAAGCTTTGGCAAAAAGGGTTTACTGTGAAGATTGTGTAACCATCGGCAATGTTATAATAAATTTAAAAGAAAAAACACTCTACAGCGGTGAAACAGAGGTCAATTTAACAAAAATTGAGTGGGAGCTTTTGTCCCTTTTGTTAAAATATAAAGGGGAAATAGTGGAGTTTGAAAAAATTCTTACCAATGTATGGGGGGACAAGCCTGTCGGCACAGAGTCAGTTAGGACATATATTAAAAATTTAAGAAAAATACTGCCTGAAGATTCAATAATCACTTACAAAGGAAGGGGTTATAAATTAAAAATCTAAGATTTGAATTAAAATTTTTTATTTTCCTGATTATTGTAATATCAATAGGTCTTTCAATGATTAATATTATATTTATTCAGGCATTCAAGACTCAGGCTGAGGAAAATCTAAAAAAAGAGATTACCCTTTATCAAAAGATGATACAGAATAAAATAAAAATAGATCTCCCCGATTATATGAGAATCACGGACAAAACCTTCGGACAAGAAAAATATATTCTATTTGAAATCAAAAAACCCAATTACTTTTATGTCAAATCCACATACATTAGGGACTTAGTAAAAGACAAACTATTTTTAATGCTGTATTGGGATATGATAATAATCTTCTCTGTCGCCCTGCTCTA
CP063375.1_gap54	2089768	2094312	4544	GGAACAGTGGTGGCAGCATATTATGGTGGACACGGATTTTGTAATTGTAATAACCACAATGGGTCTATTAATCTTGCAGCAGGAGTTCATACAGTAATAGTCAGGCTCAGGGAAAACACTGGAGAGGATGGTGCAACACTGTATTTCAAAAATCCAAAAACATCAACAACTTGGAGAGAATTTACAAAAGATAATTTAAAACAATATAAAAAAAATACCTTAGTTGCTCCATACATAGATAATACTTGCAGAGTAAAAGTAACCTCCTTTATTAATACTGGCATACCCGGAAAAGCAGGTGACGGGAATCTCGATTTAGATAATGATTCTATCAAAGAAACTGTTGGTGGCGCTTCAGGAGGTAGAAATTTATTTTGTATGACTTCCACTTCTGCCGACACACCACACAAGATAAGAGTCCTGACAAACAGACAAAACAGAATTTGGGAATGGGCGTCCAAAGAAAGGCCAGTATGTGATAATTCACTTGGCACGCCTACTGAATTTTATGTAAGGGTGAAAGTATGTGATGAAACAGTTGGGCTTGAAGATAACTGTAAACAGTATGGATCAAGCTATAAACCTGTGGGACTGCTTCAAAAATATGGAGCAAGTGACGGTTCAAAAGTATGCACTCAATCGCTATCACCCTGTACTAATGATGCAAGTTGTGGGACAGGAGAAGGGGTATGTGTTGAAAAAAGTGCCATTTATTTTGGACTTTTAACCGGCTCCTACGGTAAAAACCTAAGTGGTGGAGTAGTCAGGAAACTTTTTGGGCCCATTGATAACGAACTTGACATAACAAACGGTATTATTCAAAGTGTTTCATCTACAAAAGGCAGTATTATTAATACAATAAATAATCTTAACGTAAGGGGATTTGATTATAGTAACCATACTTATTCAAGTTGCGGATGGATTACTGATGGTCCGATTGACGAATCAGACGATTGTGTTATGTGGGGAAATCCATTAGCAGAAATAATGTACGAAGCAGTGAGATATATGGCAGGAAAAGGCTCCCCTACATCTGACTATAATGTAGATGATGCAAATCTTCCAGAGCCTACTTGGGATAAACCTTATGATACGTATCCTGTATGCTCAAAACCTTTTATTATAGCAATAAGTGATGTGAATAGCAGCTATGATGCGGACCAAATACCTGGAAGTAAATATAATACTTATAGTGGTGACTTAACTGACTTTGATGTGGGAAGTGAAACAGCTTCTATAAGCACAAATGAGTCAATTAACGGAGACTACTTCATAGGAGTTGCTGGTACAAATACAGACTTTTTATGCTCTGCAAAAACAGTTTCTACGCTTGCCGAAGTGCTTGGCATATGCCCGGAAGAGCCTACAAAAGGTGGATCTTATTATTCCGCCGGTGTGGCACTATATGCAAAAACAAAATTTTCATCAAACTTTGACAATTCTACTACAGTGCCATCTGAGATTACTACCTACTCAGTAGCCCTTGCATCCCCGATTCCAAATATTGAGATTGATACTGACAATGACGGTAATACTGATGTAACCCTTACCCCTCTAGGTAAATCGGTAAGTGGCTGTTATGGTGTTTATAATAGTTGCGCAGCTAAAACTACTTTATCTTACGATAATTCTTCAGGATTAACTATTACTAATGCATCTACAGGTGCTTTCTGCCCTACTAATCAGATTGTTGACGTATATCTTGACTATATTAATCCTAATGAAGGACAATTTAGTATCAACTTTGAAGACGTAGAGCAAGGTGCTGACCATGATATGGATGCAATAGTTAAATATGAGTATACTGTTAATGATAATGGCACAATAACTGTAACATTAAACTCTAACTATGCTTCAGGTTGTATAGATCAAGCAATGGGGTTTTCAATTAGCGGAACAACAGAAGATGGTGTTTACCTTGCAGTAAGAGATGCTGATTCTTCAATTTCTGACGAAGACACACCATCAGTAGTTAGCGATATGCCTACCAGCTGGAGTAAAACTTTTACTGTAAATACAAGTATTGCTGCCGCAAAAAACTTAAAAGATCCATTATGGTATGTAGCTAAATATGGAGGATTTAATGATTATAATGGCGATGGACTCCCAAGCTCTGATAGTGAGTGGGATGCCGATGGTGACGGCGTGCCAGATAAATACTTCTATGTTGTAAACCCTCTAAAGCTTGAACAAGAGCTTGATAAAGTGTTTAAAAATATTCTGAAAGAAACTTCCTCCGGTACCTCTATTTCAGTTCTTTCTGAACGTAAAAAACAAGGTTCTATAATTAGTCAAGCAGTTTTTTATCCATCAAAAGATTTTGATAACACAAGTCTTGATTGGACAGGGCAGTTATTTTCATATTGGTTTTATAATACACTAACGGCTCAAAATATTAGGGAAGATACAAATGAAAATAAATATTTAGATGTTTGTTCCGGTAGTAGTTATGGAGTAGATAATATATTAGATTTTCAGGTAAACAATGCCGGAGATTTACAAATAGATAAATATGACAGTAATTGTATTGATGGAACACCTGACAATAAAACTGGTACAATTGATAAGCTTGACGATATTAAATACTTATGGGAAGCTGGAGAAAAATTAAAACAAAGATCATATGATAACAGGACAATTTACACGGTTGCTGATAACAATTCTGCTCTTGTAGAATTTACAACTACCAATAGTACTGAATTTGTTGACTATTTAGGTACAGCTACATATACTGGTTCTTCAACTGCGTTTCCAAAAAATATTAGCGCTGATGATTTAATTGACTATGTCAGAGGTAACGATATTTCAGGATGTAGAAATAGAGATACCGGAAATGGAATATGGAAGCTTGGTGATATTGTATATTCGACTCCACAAATAACAGAATATGCTGACTATGCTATGGTATTTACCGGCTCAAATGATGGTATGCTCCACGCTTTTAGAGCAGGAAAAATTTCAGCAAGTGGTCTTGGGCCCTACCAGGTTGCAAAACTTTGTAACAGTAGCGGAGACTGTAACTTCGATGAGCTCGGTAAAGAAGAGTGGGCATTTATTCCTAAAAATGCGTTGCCATATTTAAGATATTTGGCTGACCCAGATTATTGCCATGTGTATTCTGTTGACCTTGCTCCTTATATAGTTGAGCTTGATACAGACAACAATGATATTATTGATAAAAGAATTTTAATTGGCGGGATGAGATTTGGCGGTGGGGTTGCAGGTTGCACTGATACAGACGACGGTGAGGACACTGATGATTGTGTTAACCCGCCTAAAGATACATGCTCAGATTTAGATGCAGACAACTGTACAGGTAGATCTTCATACTTTGCGCTTGATATTACAGACCCTAAGTCGCCAAAGTTCTTATGGGAGTTTACTGATAAATATCTTGGATTTAGTTATTCTGGCCCTGCTTTCATTCAGAGAAATGGAATTAGCTATGTAATGTTTCTCTCTGGACCTACTGACTACGATGGACAAGCTGGACAAGATCTTAGGATGTATGTGCTAACCCTTGATTCAAACTATAAAATTTCTGCTGTCAATAAATTTGATGGTAATGGAAGTGGTGATTGGATCAAAGTAAATAACTTTACTGACGCTAATAATGCTTTTGGTGGAAGACTATTTACCAATGGTGTTGATTATAACAATGATGGTAATACGGACGCAGTATTTTTCGGTATAAACCAAAAAAATGGTACTTCATGGCAGGGAAACTTATATATGTTATATATTAATAACGATAACCCAGCAAATTGGCATGTAGAAAAAATATTTAATAATGGTACCGGTGTAGTTACTTCAAAAGTAGAATATATGAAATGCTTTGATAATGACTATATTTACTTTGGAACAGGGAGATGGTTTTATAAAGGTGATGATATGGGGCAAAATGTAAATGATACCGAAGAGCTTTACGGCGTTAGAGTTACAGGTTGTCTTGACGATGGTAATTGTAGTATTAATTCTGCAAAAAATACCAACGATTCCTGCACTGAGCTTGGGAGTAACAATTCAGTTTGGGCATACAAAATTGATCTTGACCCAAAATCAGGCAGTTATGGCAAAGAAAGGTTAATTTCCGACCCTGCAGTAACTAATGATTTGAATATAGTTTTCTACTCTACTACTGAACCATCAACAAATGTTTGTGACTTTGGAGGCCGTTCAAGGATTTGGGGAATTAACTGTGCTACGGGCGGAAGTATTTTCGAAGGGTGTCCAGATGGAAGTTATACCCCTGAAGAGTTTAACCAAACTTTATATTTACAACTTTCCAAAGGTAATATAGAAGACATAACCAAAGGTACTTTTAATAATGGCAAAACTACTGATTGGTATAAAGGTATTACACCTGAGACACCACCTATATTGCCACCTCCGTACTCTGGTAAAAAAGGTAAGATACTGTTATGGATAGAAAAATAATGAATAAAAAGGGAATTACACTTATTGAGCTTATGGTTACAATAACGGTTATGGCGGTGCTTATCGCCATAGCCATTCCATCTTTTAATAAATGGCTGAGCAAGTAT
CP063375.1_gap55	2164533	2166292	1759	GCAAGTAGTACATGAACCATCAGCAACAGGTGCATGAACATATTTACCATCAACTTTATTATCATGACACATAATACATACAGGCTGGTCACCTGTCGGTGAAGCAAAATCAATAAAGCTCTTTGGCTTCTCTGAATGCTTCTTATAATTTTCCTCACTTGCAGCATGGCATACATTGCACTGACCAGCAGATACCGGACCATGAGTAAACTGATTTTTCATAATATCAGTATGGCAGTTTCCGGTAGTACATGTCACTGCGTATGCATTAAAAGTAAGCAACATAAAAACAAATAAATAGCCTAACAACTTCATTGACTTCATTAAAATCCTCCAGCAATTTTTAAGAACGAATTAAGCAATTTATATACCAAATTAATTTCCAATTAGTAACTCCATAAAAGTTTTCTTTCGTTTCTTTTTATCATTATATTTTTCTTTTCTTAACTTATCAGTATGATAGTACTTGTATCTTAGCATTGTTTCTTCCCCATGACAAGTTGAACAAAAAGTAATAATCCCTTTATACTTCAAAAAACTATTCAAAACATTTCCTTCAGTATTTTCTGTAACCTTATAATCGTGACTTTCACTCCACTTATGAACATCATGACATGTAGCACAAGTAATATTCCCCGTTAAAGACTTTTCTCCATTCTTCTTAAAAAGAAATTTATTTGGCAAATCTTTTTCAAGTTTAAACGTCATAGGAATCTCAGGGTGACCATAAATATTAATCGCCTTAGTCTTGGCGATTCCATTTTCGCTATGGCAACCTAAACATATTTCTTTTACAAAATCTTTATTCGCATCGACATCTTTCTTATAAAAATACTTGTTATTCTCTGGATAATTGTGAACAGTGTGGCATGCATCGCATACGGAATCTTTATCTTTGAAGATAAGACTCATATTGTGCTCCGAATAAAGCACATCTCTCTCTTTCTGATGACATGAAAGACATAATTGATATGGTTTTAGAATATTTGACGGGAATAAATATTTAGTATTGATGTGTGGCTCATGGCACGTTTTACATACTACTTCCCCATTGCGAGTATAAAAATCTTTAATTTTTTCATCTTTCATCCCAATATGACTGGTCATTATGGTTTTGTCTCCAAAAATACTTTTGTCACTGTGACAGCTTTCACAATTGTGAATTAATTTAGCATTTTTACTTTCTCCTTTTTTGTGTATATCATGGCACAAGTAACAATTTCGCTTTTCAAATTTGCTTGACATATCTTTGAAGTGCGTTGAATTATGAGGCGAATCCAAAAAATCCTTCTTATCCTTATGACATTGAAAACAAAACTTATCTTCTTCAAATTTAAGAAATCTGTTTTCTGCCTTCTGCTGATTGTGCGGGTTATGACATGAAATACAGCTAAGATTTTCCTTAATACCATTCTTTTTGTCAACAATGGTGCCAAACGGATGCAATACTTTAACAATATTGTTTTTTGCAACACCATTAGTATTATGGCAAACTTCACAATAATCATTATCATTATTATAATCCCACTTAATAGACATCAAATATTTATTGCTAAAGGAATTATGAACCACATGACAATTTTCGCATAAACCTTTTTTCTTTTGATCATGGTGTTTTGAATTAAAAATACCATTTTTTTCAATATGGCAACTTATACAAAAATCATCCTTATTGCTAAAGTTAATCCTCAAAAACTTTTTATTCTTACCGGGTTGATGAGGGTCATGACATGTGGCACATTGAATTTTTGAATCGTAA
CP063375.1_gap56	2173401	2175315	1914	GCTGTTGCCAGATAAAATCAAAGAATTTACATACGGATTCCTTTTTACATCCGATATCATACAAAAAAGTAGCGATATTGTCCACTTTAGGACATGCGAACAAAACAATATCTATACCTATCTCGAAGATATGTATTTTGACGTAAGCACAAAAAAGGAATGGACGGTAACTTCAGGCTGCGGAGGCGGGAAAGTATTGGAGAAAACTTACTCAACCAGCGACAAAATAATATTTGACACTAAATTTGCTTTTGAGGAGATAATAACATTATTCACAAGATTGGAAAGTGAGTCTGAGCTTCATACACATACAAGGTGCGTTCACAAGGCCTACTTTAAGTCTGTCGACGGGTTTGTGTTTACATGTGAAGACATCGGAAGGCATAACACCATAGATAAAACCATAGGTGCTGTCTTACTCAACAATGCCTCTTTTGACGGAATCATACTTTCAACAGGAAGGCTTACCTCTGAAATGATTTTAAAGTGCGCCAAAGCAAAAATTCCTGTAGTGGTGTCAAGGACTGCACCGAGTGAGGAAGGGATAAAAATCGCAAAAAAATCAAACATGACATTGATTGGGCTAACTACCAAAAAAGGGTTTACAGTATTTACCGGAGAAGAAAGAATAATGTAAATATCTTTATATGTTATCTTCTGGCTTTACCGCTGATATCTTCTATACTAAGTCTAAACACTTTTGTCACATCTATTAGTCTTTCAATATATTCAACTCCGCTTTCAATAAATTCTGATGAATATTTTTTTATCAAGCCTACCAAAGCACCTTTTTTTTCTGCTCCGCAGACCTCATTAATCTTGCCAAACACTATTACACTTTCATAAGAGGTAGCAAATTTATCAGGTAAAATTTTTGCACTTTTAACCACGCAAAACGAAGCATTTGGATTTTTAGCAAGATACTCAATCTTTTTCCCCTCTACTGCACAATGAAAATATATATTATTCTCTATGACACAATAATTAAGAGGAATGCCGTAAGGATTATTTTCACAACATAATGACAATACCCCATACTCTCCATCAGATAAAAATTTTAACGCTTCATCCGTACCCACCTTTCTATCTACCCTTCTCATCATAAAACTCCAATACTTTTTCATAAAAATTATCAATTTGCTTGCAAGGTGTAGCCCAAGAAGTAACAAGCCTCACCACCGAACAATCTTTGTCTATATTTTCCCACACATAAAAGTCAAAAAATCTCAACAACTGCTCAATTAAATCATTTGAAAATATTGGAAAAATCTGGTTAGTCTGAGGTTTGTACCTAAAAGTGACCCCCAAACTTTTCAATTTATCAGCCAAGCTAATGGCATTTTCCACTGCAATTTTACCAAGCTCAAAAAATAAATTATCCCTAAAAAGTTCCAAAAACTGTACCCCCAAAAGCCTTCCCTTTGCAAGCAATGCACCGCTTTGCTTTATATAATATCTAAAATTTTCTTTAAATTTATCATTATTGATAATTAATGCTTCACCAATAAGACAGCCGTTTTTTGTCCCGCCAATATAATAAGCATCAAAAAAATTGTGAATCTCAGCTAGAGAATAATCGCAATCAGGGGACGACAAAGCCTGTGCAAGCCTGGCACCGTCCATATATAAGAGGAGATCATTAGCTTTGCAATATTCACTCAAATTTTTTAACTCACCATAGCTGTATATTGTGCCACATTCAGTCGCATTTGAAATATACACAAGCTTAGGTTTGACCATATGCTCATCTGTATGTGCTTTAACAATATTGCCTATACACTCGGGGGTCAATTTTTCACTATCAGAGTTAACAATATTTATTTTATGCCCTGTAGCCTCAATTGCTCCCGTCTCATGAACATTAATATGCCCTGTTTTGGCAGAAACAGCTGATTCATAAGGCTTTAAAAAGCT
CP063375.1_gap57	2228359	2230948	2589	ATGATATTGAAGACGCAACAAATAAAATACTTCAAGAGTCAAGTGAAATAAATAAAAAATTAAATTCAAAATTAGAAGAAGCAAAGAAAATAGTAAATATTATTGGGAATATTGGCGTTACTGGAGGTTACCAAAAAAATGCAGAATATCACAAAAAACAAGCTAATTTATGGAGATGGATAGCAATAATTATTATGCTATTGTCTATTGCCTATTTAGGATATTCAGTATTTACAATATCACAATATGAATGGCATATTTCCTTATTAAGAATTATTTCAACGGCATTATTTATATACCCTGCTCAATATGCAGCCAGTCAATCAAGTAAACATCGTGAACAGGAGTTTTATAATAAAAAGATGGAATTAGACCTTTCCGCCATTAATCCATTTATAGAATTGTTTGATGACAAGAAGAAGCAAGAAATTAAAGAAAAATTAGTAGAAAAATATTTTAATAGTAATAACTTAAGCATTAATAAAACAGAATCTGATGTGCCTATTACAATTTATGAAAAAATAGTTAATCAGTTCATAAGCATTATCAAATCTATCAAATAAAAGTAGTAAAATGCATAGAGGAGCTGGTGGATAAGATTTTGGCGGCAAAGAAAGAGAACACGCAGACGTATACAAGCCAGTAGGAGAGGAAAATTGATGATATTGTGTATAAGTTGTATGATTTAACAGAGGAAGAAACTAAAATAATTGAAAATAATAAATAAAGGAGAGGTTATGAGCGAGATAAAATATGAAATCGTGGAAAGAATCGCTATTCTTTCTGAAAAAGGTAACTGGACTAAAGAGCTGAATAAGGTGAGTTGGAATGGTCGGTCTGCAAAGTTTGATTTAAGAGACTGGAATCACAAAGATGGTAAAATCGGCAAAGGTGTAACTCTTACTGAAGAAGAAATTGCAAACCTAAAAGAAGTACTAAATACTCTTGGAGCATAAAAGACCGTTCATAATCCCATCTCAAAGTGACGAAAATACCTTATAAATAAATACGTGCACAGGCAATTCAGGAAACTTACTAAGACTAAAGGTGGTTTTCCGAATGAAAACAGTTTATTAAAACTATTATATATGGGTATCTTAAATGCTCAGAAGAAATGGACAATGCCTATAAGAAACTGGAGCCTTACCCTTTCTCAGTTATCTATATTTTTTGAGGGAAGGCTCGACAAATATTTAAACCTGTAGTAATGTAATAAAAGGATAACTAAGGTGACACGGAATTATGAACACTACCATAATGGTAGAAGATAATTAAGTTGACACGGAATTGTGAATACTACCTAATTTTAAGTTTTCTCTCAAAGTCTCAGAGTATTTTTTCCAATCCGTATTAATTAATGTATCTTCATCGACAGGCTTGGAAAATAAATAGCCTTGTAAAATGTCACATCCGTTTCTTTTTAAATACTCAAATTGCTCAAGATTTTCTACACCCTCAGCCAAAGTGTTATAACCAAATTTGCTGGCAAGTTCAAGTATGGCTTGAACAAATACAGTATCTTTCTGTGACTTAAATAAATCTCTTACAAAAGAAATATCGATTTTAATAACATCGCATGGTATTTGTTTTAATCTAACCAAAGATGAATAACCTGTACCAAAATCATCAATAGCAATTTTAAAGTTTTTTCTGTGCTTATATTTTTCAAACTCTGTCGATAAAAGTAAAAAATTATTGTTTACTTCCCTTTCAGTAATTTCGATTGTCAACTTGCTGCAAATTTCAATAGAAACATCATCTAATAGATTTTTTAAATGTTCTAAATTTAAATTTTTTGCAGATATATTAATACCGATAGGAACGTTTAATTTGCCAATAATGCTACCCGCTTTATTTATGAGCCAATGTTCAAACTTGTTAATATAAATGGATTGTTCAAGGTAATCAATAAAGATATTCGGATAAATTATGTTACCATTACTATCCTTTATTCTCACTAAAGCCTCAAAACCTGCAAGCTCGAGGGAATTAGCATAAAAGTAGGGCTGATAAAAAAGAACAAATCTTTCATAAAGAAAAGTATCATTTATAAGTTTGCACACATAAATCGATTTCTCCGCTTCTGCTGTAAGTTTTTCATTATAAAAACCAACATCATTATCACTTTTTTTAAGTTTGCCAAGAGTTAACGCCGATTTATTTAAGAGCTCATCAATATTTTCGCCATCAAATGGATATACTACAACACATATTTTAAAATTTAAGACTATTTCTACTCCGTTTATTTCAATCTTCCTTTTAAATCTTTCTCTTATTCGTTCAAGTATTTTAATTATATTTTCTTTTTCCTTAATATTCGAAGCAAAAATTCCAAAGTCATCGCCTGCAACTCTTGCAATTATATCTCTTTCTTTAACACATTTTCTTAATATTTTTGAGACTGAACGCAAAACCTCATTTCCAAACTCATACCCATACTCACTATTTATATAACTCATATTTTGAATGTCGCATATTATTATAGCTGACACATTTTCAGGATTAAGTCCTATCAATTTTGATATATTTATTTTATAGCCTATATAATTTAGCAATCCTGTAAGATAGTCTTGGTATTTTGCTTTATTT
CP063375.1_gap58	2233676	2237794	4118	AAAACCTTCGTATAAACTGATATTATTTTTTGTGAAATTTGTATACGGTATTGAGGCAAATAGTGAAATTAGATTATTTTTTACTATGTTAAAATCAGCGTTATGTAAAGCATTAAAAGTTTGATTTTGAATATATGTTACTTCCTTATGATTAAAAAAGTAGCGAAGAATATAATCATTTAATGATATCTGGACTTCAAGGTTTGGTATCTTTAGCTTATATTCTATAGACCTGCCTGTATCAATCATCTTCTCAATCGTCAAATAACCCGATTGATAAAGTATCACTTCCAAATCAATATTTTCTATATCAAAGCTGGAAAGTATTTTTTTATCTAATATCAGATTAGTTAAACTCGGTAAAAAATAATTTCTCTCTTTTATGAGCTTAATCAAAAAAGATGGTGTGCCGCTTTCAAACCAATAATTATCAAATACAAATTCATTACTTATAAATTGCAAAATATCAAAGGGATTATAAACATTATCTTTTAAAAAATTATAACCATTGTACCATTTTTTTACCTTTTCCAAATCCACATCTTTAAAATAAGGCATAAATGATGTTTCTATATCTTTTTGAGTATAGCCGCATATATTGCCATACTTTGGATTGAGGGATATGTCAGTGAGCATATTGAGCCCGCTAAAGATAGATGCCTTGGAAAATTTACTCACGCCTGTCAAAAATGCAAATTTGACATAGGCATCATTATCTTTGATTATAGAATACAACCCCTTGATAAACTCCCTATTTATCTTAGCCTGATCAATATTTTCAATCACATCAAGAATAGGTTTGTCATATTCGTCTATTAATATTACTACCTTTTGATTGTATTTTTCGTAAGATTTTTGAATAAGCTCATTGAAACAAGATGATGCATTGTCTGCATTTTCACAATCTATTTCAAGTATCCTTTGGTTGGCTTTAAATATATCAAATGCTCTATCTTTTAGGCTTTCAAGTGAACTCAAATCACCAGCCCAGCTTATCTTTATTACCGGATATTTTTCATCCCAATTCCACTTGTCATAAATATACAGACCTTCAAAAAACTTTTTGTTGCCTTCAAACAATTCCTTTAATGTATCAAGAAATAAAGATTTACCAAATCTGCGGGGGCGGGATAGAAATACATATTTGTATTCTTGAATTAGCTTATAAGCTTCTTCAGTCTTATCGATATAAACGTAGTTTCCTTCAATTATTTCACTGAATGTTTGTATTCCGATTGGGAGCTTTTTCATAATCGTCTCCGAAACATTTATGGCAATATAATCTTTTTACAAATATAAGATAAATTATAACTTTTAGCAAGTGGGGTTTACCCGATATCAAACTGTTTTTGGTATCTTTTACATTTAGGAAAGTTTTTTTATTTTCTAATTTGCTCTAATATAATGTTTGCTATTTAAACAAAATTTTAATCCTCTATTTTTGCATTAAGTATTAACAAATATTGTATAACAGGAAATAGTAAGCAATTACCTATAACAAATATTTTAATTTGGTTAACAGTACTTAATTTCTACCACAGCACTTTTTGTATTTTTTACCACTGCCACAGGGGCATAAATCATTACGTCCAATTTTTTCTTTTTTCTTTTTAGTTTTATTTAAGTTTTCTTTAAACTTTTTCTTTCTTTCATCCAAAAACATTTCCCCGACTGCTTTTATACCTTCAACAGCACTTGGTATTATTTTATAAATCAATTTTCTATCAACATTTTTATCATTTTTTAAATGTTTATTCACAATATCTGGATACGCAGCACTATATAAAATCCCAAAAAAATAGACATAACTGTCTAACCCTTCTAAATCGTTCTTTATTAGCTCTCGGTCAGGATACCAAATTTCAGGTCTCATTTTAAATGCAGAAAAAAGACCCTTTGCCCAATCTGAAATTTCAGCCATATATTCATCAGTTAAATCTTCATCTTTTATTACGTCGACAAGTATCTTAAACTTTTGATTTTCTGCAGCATAGATATAAGCATTATAAGCTTTCATAAGATTATCTACAAAAAGGCTCATTTCTTCTTGAGATTCAAATATCGGTTCTTCATTTCCAAATATTTCAGGCATATATTCACTTAGAAATATAACATCAGGCGTTAATGCAATACCGAAAAGAAACCCTTCAAGCTCAGCAACATTCATCGCTCCATCTGTTTTTTCAAGAATCTTTTTAAAAACCTCTTTTTGCTTTTTGTTAAGAATATCTACCATAAACGCCGGCATTTCAACATCTCCTATAACATATTTGGCAGTGCTTAAGGATATTTACTATAGATTTAAGTGTTTGTCGAGTATTCAAAGACTGCCGTCAGCTATTTCTTATACATCTAAACTACAATTTAACTTTTCTTCATTTATTCAAACCTGTGCTTCTCTGCAGTCTCTGTGATTAAAAAACTGTGAACAGTGAAAAGTGAATAGTGAATAGTGAATAGTGAATAGTAAACTGTGAGTCTTGGACAAAAAATAAATTGTGTAAGTTAATATGAGGTGTAAAGGTTGTAAAGGGTATGAAGGTGTAAAGGTTATAAAAGTTGTAAAGGTTTTAGAGACTAAAACATAATACTTAATACTTAATACTAAATTCTAACCTCTGCGTCCTCTATTGCAAAAACTATCTCTCTCAACAAATAATATGCATTAAACTTAAACTTTTGCTCGAAACCTATATATTATTCATAAATTATAATATACAAAAATTTGCATAAATTACTGATAATAAAGTATTTTAAAAATAGAAAAACCCTTATATAAGATAAAATTTCAAAAAAATCATACATAGTAGATATGAGATATGTTGTTTAATTTTATTTAAACTACAATAAGATACAGACAAGCATTAATTTAAAACTAAGTTCTCTTTTATCTTAAATCTAAATAAATATTGCATTTGTTTTTTTCTTTGTTTATAAATAGTTACCGGCAACAGTAACATAATTTTTTATTAGGAGGTTAGTATGCCTTGTTTAAACAGGAGGAACTTCTTAAAGCTAAGTGCAGGGGCTGCACTGTCAGGAAGTTTACTTTCACTAAAAGAGTCGCACGCAAAGGTTACACCTTTGGATTTTGGTGTAGAAAAAAAAGTACCTGTTTTGTGTAGGATGTGTGCCCAATTCTGCCCAATGATAGCAGTAGTTAGAGACTCGAGAGTAATAAGAATAGAGTCAAATAAAAACACACCACATTCAGGTATTTGTGCCAGAGGGAGGGCAGCAACAGCTGCGTTGTACAACCCAAACAGGATTAAACAGCCTTTAATCAGAGTAGGTAAAAGGGGAGAAGGAAAGTTCAAACCGATTTCTTGGGATGATGCTTTAAAAATTATTTCAGATAAACTTATCAACTTAAAAAATAACGGTGAAGAGCACCTGGTTGCTTTTTTACCAAGATTTAATAGTGCACCAGGAATGGATAAAGAATTTTTTACCATTTACGGCACCCCAAATATTGTAGGATACGGGGATACATGTTTTGGCAACTCATTAATTGTAAGCTATGGTTCAATTATGGGTGGTAAGGAAGATAAAGGTGTACCTGGGGGCGGAACGGGCGCATTAAGTCCTGATTATGAAAATGCTAAATACGGGATTCTTATCGGCAGAAATCCAGGTGGCGGACTTGTAACTTTCCCTTGGGGAATTATGTATGGAAAAGGTAGAAGAAATGGTTTAAAAGTTACAGTTATTGATCCAAGAAAGCCATCAGAGGCAGGGGAAAGTCTTACCGAATGGCTACCGATAAGCCCCGGTACAGATTTAGCCCTTTTACTTGCTATAGCAAACACAATTTTGACCTCCGGAAAATTTAACAAAGAGTATCTAAAAAAGTATACAAATGCATCTATGCTTATTGATAGTGAAGGCAAACCGATCCACATTGAAAACATAGATGAAAACCATATAGATTTTCTCGTATATGACGAAGATGACAAACAATTTAAACTCTCTAAAGATGCATCAAGCCCGTCATTGATAGGAGAGTTTGAATATAACGGAGTTAAAGTTACAACTGCTTTAAGTGCACTGATTAAATCCTCAAAGCAATTTACACCTGAATGGGCGGAAAAAGTTACAAGTGTGCCTGCCAATAAAAT
CP063375.1_gap59	2266660	2271233	4573	TCTGTTCTCATTGTTTTTAATTTCCTTTGGTACGCCAATAATCATCAAATACTCCTTTCAATAATTTAATTATATTGCCGAGTTTATATAATTTACCATCGTTACAAAATCAAAAACTGGTTTGTCTGTTACTTTCCTAATTGATTCTGCAAAAGGTGGTAAATCCGTACACTCTAAAACAAGTGCACTAATATTTTGATTTTCATTTATAGCCTTTAGTGCTGTACCAATAACTTCTTTTTCAATAATATCAAGATTCACATCTTCCTGAGGTGCCTCAAAAATCTTATTCCACTCATGGCATTCTTCCATACCATAAATACTTAAAGAAATATCAGAAGATATACCGACTGCATGTAAATGCTCCTCTTTCAATGCTCTTTTTTTTGCAGTAATAACCGCAATAGTTTTATTTTTTCCAAACATGTTACTTATAAAAGGAATTTGCAATAAACTTGAAGTAAAAACTGGTACATTTAGTGCCTCAGCCATTTCCCTTTGAAATATAGCATTAAAACCACAGCTAGTTGTTATCGCTTTGACACCTTTTTCGACCATTTCTTTAGCTTCTTCAATCATCTTTTTCATAATATCATGGTCTGGATTTTCAAGTATTGTGTGGATATTAGCGCCTTCTACCCGACGAAACATAACTGGGAAGTTATAAGTTTCAGGATTAGTGCTGTTACCTTTTAAGTATTCTAACTGCTCTAAACCTCGAGGTGATTGCCCTGCTTCCCAACATAAAATCCCTATTCTTGCATTCTTACCTGAACTCATATGTTAACCTCTTTTTAATTACATGGTTAAATAACCAAATGCGAAAAAACCAATTGTAGCTAAAACACCTGCTAAAATTGCGTAAGGAACCTGTGTTGAAACATGATCCATATGATCACAACCTGCTCCAAATGAAGACAAACAAGTAGTATCTGAAATTGGAGAACAGTGATCACCAAATATACCTCCGCTAACTACAGAGCCTATTGTAACTAAAACAAACGTATTAATATCTCCACCTGACAAGTTTAATGCAATTGGCATAACAAATGGCATTAGCATTGCAAATGTTCCCCATGATGTACCAGTAAAAAAAGATATAAAAGAGCCTGTAATAAATGCTATAGCAGGTAGTAAGCCAGCTGTCATCCACCCTTCTGTCAATGATAATATATATTGCTGCGCGCCAAGTTTTTTAGATATTGTATTAATCGCATATGCTCCAGCTAAAATAAGTATAGCAGTAGTTACACCCTTTATACCTTTTATAGCCACGTCCATTGCATCTTTAATACCATTAAAGTATCCTCCTACTGTTAAAGCAATTATTTGATAAATTATTGCAGCAAAAAATGACTCCAATATTTTTACACTGCCTAATTTTACAAAAGTGCCAATTGCAACTATAACTATAATCAAAACGGGTAAAAATAAATAAACAAATAGATTAGTTTTTTTACCCTCTATAGGCTTAATCATATCTAACTCTTCTCCGGTCAAAGGAGTAGCTCCATCTCTTAATAATTTACCTTCTTCTGAAGCTCTTTTTTCTGCTTTTTTCATGGAGCCAAAATCAGGTATAATTTTAAATGCAATTAGACCAGATAATATGACAGCAAACCATCCATAGAAATTATAAGGTATTGATTTTATAAAATATGTCATTCCTGCATCTACATCTTTTATTGGTCCATACCCTTTAAGAAGTCCTGCTATGTAAACTGCCCAACCTGTTAAAGGGATCAAGGTACAAACAGGTGCACTCCCCGAATCCAAAAGATATGCCAGCTTTTCTCTTGAAACTTTGTGCTTATCTGTTATAGGTCTAGCTATTGGTCCGGAAAATAAAGTACTAAAATAATCACTTATGAAAATAAAAATTCCTAATATCCAAGCAAAAGCAGTGGCACCTCTTTGGGTTTTAATCTTAGTACTTGCCCAGTCAGCAAAAGCTGAAATAACACCACTTCTTAAATAAAAAGCAATCATTAAACCTACAGAAACTTCAATCATTACAATCCAAATGAAATCAGCATTGCCTAAAGACAGCTGAAATAACTTAGAAAGTCCTGTAGCAGGATCAAACCCAGCAATTATTACCCCAACAACACAACCAAGCAATAAAGAAAAAATTGCATCTTTTGTTAAAAATGCCAATACTAAAGCCACTAATACTGGGACTACAGATAAAAAACCTTTTGCAGCAATATGTTCCATATTTTCCTCCTAATATGTAATTAGCCTATGGCTCTAAACTACCATCCCATTTCTCTTCAAAACTATCTAAAACTATATTTCTTTTACCAAGTTCAGACATGAAATCCTCAAAAGGAACGTCAAAAGGAGTTAAAACTCCACTTTTTGAAATTCTGCCATCTAATATCATTTGGACACCGATAGAAACAGTAAAGCCTACTGTCCTTTGCATTGAAGTAAAACCAGTTTCAAGGTCTCTCTTATCAATAATTTGGTTAATAAATCTTACTGGTTTATTATTTTTGAATCCCCTTGCATCAACTCGAATTAAAGCGACATCTCTTTCATTTTCACCATAGAAAAATTTACTATTGTTACCTAATAAGCTTGCACAAAATTGTACTGGAGAAACTTTTAAACCATTACAATCAATAGGGTCCTCATTAAGAAAACCACACTTGGCCATTTTGCTCCAAAATGAAGCATGTCCAGGCCACCTACAAATATACCTACCCATACTTTTGACATTATTTTTGATTCCCAATAAATCAGCATAATGAACAGAATCACCATTAGGAAAACATTCTAAGTAATCTTTTAAAGATTCTATATTTAGCGTATGCGTATGTTCAGGTAAAAAAACTTCATCAGCCTGAACATTCACTACATCGTTATTTTTTATATACTTGGCAGGCCTAAGATAAGACCTCATAACACCAATAACTGACCAAGTAAACTTATATAGCAATGGACTTGTTTCTGCGGATTCCCTTTCTGGAAAACCTGCTCCATACGAATGTAAAGCTTCAACAGTGTCAAGTTTATCTATAACATTTTTAGTCAAAACTAAATCTATACCAGGATCCATACCAAATTCTTGAAGAATGGTAATATTTTTAGATTTTGAAATTTTATTTATTTGTTCAACCTCATACATTTGCTTTTTACGTTTACTAATATCCTGTTCGCCAGGATTAACTAAATACATTGAGCTAACAAGACTCACCCCAACTTCACTTGCAAGCTTTGCTACAGGCAATGCAAAAGGTCCAGGCAACACTTCTGCAACAATATCAACCTTTTCCATTAGCTTTTTTATTGATTCAAAATCAGAAGCATCTAACAATACAACTTCTAACTTCTCTTTACCATATATCTCTTGTAATTTTGAAATTTCAGAAGATATATCCGCAAGAATAACTTTTGATATACAATCATTCTTAATAAGGTCGTATAGAACTGCTTTACCTTGCATTCCATACCCTAACTGTAATACTTTCTTACCATTCATTAAATTTACCTCCTTATGAAAACATTAATGCATGCATTAACAAGTTCTTTAAAAAATACCAAACACATGCAACTTTGTCAATAAAACTTTATTTTAATTAGAAAATAATTTATGATAAAATATGAAGTGCTTATTACAAATTTCTTATTTTACAACAAGATACATACAATAATTTAACTCAAAAATAAAACTTGATTTTTATTACTTTAACACAAAGAATAAAAATTTACTTGAATAAAAATTTAGTATATTTTACTTATGAAGCAACAAATTAACTATTTTATGGTGAACAATGAATGCTGAGAAAAAAGCTTACCAATCAATAATAAACCTTATACTTAGTGGAGAATATTCTCCGGGTGATTTTTTACTTGAAACCGACATTTCTGTAAAGCTTGGAATGAGTAGAACGCCTGTTAGTAAAGCTCTTTCCATGCTAGTTAATGAAGGTTTTTTAAACAAAATGCCTAAAAAAGGTTGCTATATTCCCTTACCAACACCTCAGGATGCAGAACAAGTTTTTTATGCTAGAAAATCTGTTGAATCTTTTGCAGCTGAGGCAGCAGCGTTAAATGCAAGTGAAAACGAAATCATAGAATTAAGTGAAATAGTAAGAAATGATGAAGTTGCCTTATCATTAAATAATAAAGACCTTTACTTTAACACAAATGAAGACTTTCATATTCGGGTTGCCATGGCCTCTCATAATATATACATTGAAAAGTGGGTCAGGAATATCTTCCTGCGTTCACATATCTACATTTTCTTCTTTGATAGTTTCTACAGATTTGGAAAAAATGATATTCCACAAAAAACTCCGGTGCAACACAGATCAATAGTTGAAGCAATAAAAGAAAGAAATCCTAAAAAGGCATCAGAATTAATGAAAGAACACATAGAATGGACTTATACTTCCCTAATTCAGAAGATATAACTATCAATGGATTAATAAAAGAAATTTAACTCAGGTACACTCTTTATTTCACCAATTTCGTTGGCAAGCCTGTAAAATTCTTTTAATCCTGCAATATGTGTATCTGTCAGACTGTAGTCTATTGTTTCCCAATAATCTATAATCTGGTATGA
CP063375.1_gap60	2347974	2349520	1546	CTGAATTTACGATGATAGAGTGGTACATGGCCTATGCCAACTACCACGATTTGATGGATATGACCGAAAGGTTGATTACAGGGCTTGCAAACAAAATACTTAATACAGATAAAATTACCTTTGCCGGTAACGAAATTGACCTCAAATCCCCTTGGCCAAGATTAACCCTTGAAGATGCTATTGAAAAATATACGGATATCAAACGCAGCGACATAGATACTTTTGATAAAGCTAAAGCTGTGGCAAAATCAAAAGGGATTAAAGTAGAAGATGGCTGGGGGAGAGGTAAAATTGTACTTGAGATATTTGAGGCGTTTGTAGAAGACAAGCTTATCAACCCTACATTCATAATAGACTATCCAAAAGAGGTTTCCCCGCTTGCCAAGTCTAACTTTGAAAACCCCGAAGTAACGGAAAGATTTGAGCTCTTTATCGCCGGTTTTGAAATTGCAAACGGTTTTAACGAGCTTAACGACCCAATTGATCAATTTGAACGTTTTGAAAAGCAGGTAGAAGCAAAAAACAGAGGGGATGAAGAAGCAAGCATGATGGATAAAGATTATGTAAGGGCACTTGAATACGGACTTCCGCCTACTGCGGGCGAAGGCCTTGGAGTGGACAGACTGGTTATGCTTCTGACTGACAAACAGTCTATAAGAGAAGTTATACTATTTCCACACCTAAGACCCGAAGATTTGGATGAGTAGCGTAAAGCGTTATTATAAAATTATTGATAATGAACTTAATGAATTAATTCTTAATATTTTAGGGGATACCATTATCCCCTATTCAAACAGCAAAATCAGGCATGCTATAGTGCTTTTAGAAGATGGTAGTGTGTCCGAAGATGAGATTACCTTGCTCATAAGAGAAAATTTGGTAATTATTTTAAAAGACGAAATTAATGCACTGCCTGAAAATAATCTTAAGTATCTTACCCTTTGCAAAAATTTTATTGCAAACAATCAGCAGCAATTTAAGCATATCATATACTTTTTATCTGATTTGTATCAAAGTCACGCTACAAAGTTAACTGAAATTGAGGAGCAAGTGTTTCACCTTGCACTTTCTTCAACCGATATGCTTGAATCTCACGAAATACTCTCGGAAAAACTTGCCAAAGACGGGCTAACTGGGCTTTATAACCACACGGCATTTCAAGATAGGCTAAAAATACTTTTTGATAATTACAAAAATAATAGAGAGATATTCAGTATAGCCATATTAGACCTTGATTTTTTCAAAAAGGTTAATGACACATTTGGTCATTTAAAGGGGGATGAGGTTTTAAAAAGTTTCGCTTCAGTAATTAATGATTCAGTAAGAGTAAACGATTTCCCTGCCAGATACGGTGGCGAGGAATTTGCCATTATTTTCCCTAAAATAAATAAATATCAGGCTGAAAAAATACTTGAAAGATTAAGAACAAACTTCAAAGAAGTTGAATTTTTATCGGGAGAAGAAAAATTTTTCGTAACCTTTAGTGCTGGTGTTGCTGAAATTAATGACAATATTACAAGCACTACCGAATTAATCAAACTGGCCG
CP063375.1_gap61	2352238	2354143	1905	ATTTCCAATTAGTATGGTATTGAGCACTTTGTTTGGGTGCATAAGCCAAAGTTCCAAATCTTTCGCTTTTTCCCCTTTTTCCTGAAGCAAGTGCTTGACCTTTAACTCACTTAAAGAAGTAAGTGCAGTCTCCGAAGAAGAAAAAAATCCTGAAAAAACGATACATACTCCGATGGTAATCAGCTCACCTAACAGACTATCCAACTCTTCACCTCACGAGAATATTTTATATAATATAAAAGTTGTAAACGCACCCAAAGCCCCTCCGAAAATAACCTCACCTACAGTGTGTATTTTCATCTGAACTCTTGAAATACTTATCAACAAACTTAAAAGTAAAACCAATATGCTTAACACAAAATTTTTAGATATAAAAATAACCGAAACAAGTACGGAAAAAGATACGGCTGCATGACCTGACGGCATCCCCCCGTGCAATGGCTCACCTTTATTGAAATAACTTTTAATTAACACCACAAGGAAAACAACAATCGCAATGGAAACAATAGCCACATGCTCCGAAAAATCGGGCGTATCCTTTAATAACAGGTGTGTGTTATCTTTTAATCTTTTAAATACCGTAAAATAGCCAATATAGACCGCCCCAAATGCTGCCATCAGCACGGCACCTGCCGCAATATCCTTAATCCTCTTTGCCTCTTCACACCTTTCCTTAAAAATAGCATCTGTAATCTTTTCGATAGCAGTATTAAAAAGCTCAAATGAAATAACTAAAGTTATTGTGATGGCTAATATAATATACTCAAGAGGGGTAATATTCAAAAACAGTGCAATAATTAAAACAGCAATAGAAATCAGAATATGTATTTTTAAATTTCTTTCGCTTTTAACGGCATATAATATGCCTTCAATAGCAACACTTATACTTTTCGACCAACTATCCGATTTCATGTTATCTTTTTATACAAAATTCGTGAAAAATCATATTATGAAAATAACACATTATTAAACTAAAATCCATAATATTTGCACGCACTATGGAATAAATCCATCATCCACCAAAGACTTTAAAATATTTTCCTGCAAATCAAACATCACCTCTTCCTGCTTTTCATCCATATGGTCGTACCCCAAAAGATGTAAAAAACCGTGAATTATCAAAAATGCAGCCTCTCGTTTTGCATCTATTTCATTCTCATTGGCTTGCTTTTTTAATGTATCTATTGAAATTACTATATCCCCCAATAATGAGCCATCCTCAATGTCTTCAATCTTCTCAAATTGAGGAAACGATAACACATCGGTAGGCTTATCAATGTCGCGATAATCCCTGTTAATAGCTTGAATCTCACTGTCATTTGTAACTAAAACGGAGACTTTTAGGTTTTTATCTATCTGTAATTTCTCAAGCACCCTTTCGGATATTTTTTTTATAAAACCTTCCGAAAAATCCGATTCAACTTCGTCAGTCAAATAAATTTCAATTCCCATTTTTTTTAGCCTCATACTCTTCGTAAGCATTAATTATCCTTTGCACCAACGGATGCCTTATAACGTCACTTTTGGTAAAATCAACAAATCTCAGCCCATCTACGTCCTTTAAAATATCTCTGACCACTATCAGCCCCGATTTTTTATCCGAAGGCAAATCTACCTGCGTAATATCGCCGGTAATAACGGCTTTTGAATTAAAACCAAGCCTCGTCAAAAACATTTTCATCTGTTCCACGGTCGTATTTTGAGCTTCATCAAGAATAATAAAAGCATCGTTAAGTGTCCTGCCCCTCATAAATGCAAGTGGTGCGAGCTCTATTACCCCTTTTTCAATAAGGCCGCCAACCTTCTCAAAATCCATCATGTTGTAAAGGGCATCATACAAAGGTCTCAAATAAGGGTTAATCTTGTCGGCAATATCTCCCGGCAAAAAGCCAAGCCTTTCACCTG
CP063375.1_gap62	2357833	2358333	500	AACTTCCTCAAAATTTAAAAACTTCGGTAATTTATCCCACCCCTTTGGTTTACTGATAAAAGATATGGGATTTTTTTCAATTAATCTTTCTTTTATTAAAAAGTCAAAATAAGCCGAAAGCCCGGATAGACGCCTTAAAATCGTTTCTATGGAATAGCCATCACTCTTTAATTTATTCATATAATTGACTATATCCGTACTTTTAATTTGTATGCTTTTGTTGCCAAAATACTCAAAAAAATGATTTATATCATTTAGATATGCCATTACCGTATTGTCAGCAAGCCCCAATTCATGGGAAAGGTAAAGTTTGAAATCGTCTATTTTGTTATTCATACACTATATACTTTTTCACTGCTATATTTTAACATTTAATATTCTAAAATCAACATACTTTACATATCTGATAAAAAAATATAATAAAACAATAGATTTCATGGTAAAAACTCTATATAATTAAAGGTTATATGATTTTGTAACAAAGATAAATTGGAGAAAAA
