gap_id	start	end	length	sequence
CP080651.2_gap1	3949	5968	2019	GGTCAGTAGAGCCGATATACATGCCCGGTCTTTTGCGGACAGCGGCCAGACCTTCCAGTACCTGGATATCACTGGCGGTATAGTTTTCTGAATTTGCACCCGGTTTGGCTTTATTTACATCTAACATAATTTCATTTCATCCTGTGGCTTAAAATACATAAAGGAGAGGAGGCAGAGACAAAGGCTCCGTGAAAAGAGACAAAAAAAGAGAGGTTTCAGAGGTGGATTTTGACAGACTCTAAAAGCTTTCATTAGATATCCAATTATAGCACAGAGGGTTAAAGGGGTAAAGAAATCAGCTACAGGCCAGCTTTGGACGGCAGCTGAAAATCAACCGGACCTTGAGCCGTCAGTACCCACCCGGTTGATACTGATTATGCCGCGTATACCCTCCAGTTTGGCCATTAATCTGGTCAGCTGGGAAAGGCTTTTTATCTGGGCTGTCATGGAAAGAGTGGTAGTTTTATCGTCATTTTCAGTTACGGTCATGGAAAGGATACTGATTTTCTCTTCGGCTACCACAGTAGAGACATCCCGTACCAGACCTACCCTGTCCCATGCCTGAATACGCATAGATGCCGGATAAAGTTCCTCTTTGGGCATACCCCAGTCTACGCTCACCAGTCTCTCCCTTTCTTCCTCGTGGAGAATATTGTGGCAGTCTTGGCGGTGTACTGTAACACCCCGGTTACGGGTTACATAACCTATTATATCGTCACCGGGTACAGGGTTGCAGCATTTGGCAATATTGGTTAAAAGAGAACCGGTGCCCATCACTGAAACACTGCTCTGGGAGGAAGGCTTGGCCGTCTGGAGAGGGGGTGCGACCACCCGCGGCTGCTCCTGCTGGCTGAGGAGTTTCATGGATACCTGATGAACTGAAACTGCTCCGTAGCCTATAGCTGCCAGAAATTCATCTGCATTTTCGTATTTGAAGGCTTTGGCCAAAGCCTCACGGTCAACTGTTTTTATGCCGATATGCTTAAGCTCTTTTTCCAGCAGCTCCCGTCCGCGTTCCAGGTTTTCAGTCCGTTCCTGTTTCTTGAACCAGGCCAGTATCTTTTCGCGGGCGTGATGGGTTTTTATATAACCCATATTGGCATTCAGCCAGTCACGGCTTGGGCCGCGGTCCTTTTTGGTGGTGACTATTTCCACTACCTCACCGTTTTTAAGCTGGTAGTCCAGCGGTACCAGCCGCCCGTTTGCTTTGGCACCTATACAGCGGTTGCCCAGTTCGGTATGGATACGGTAGGCAAAGTCTATGGGGGTAGCCCCTTTGGCCAGGTCTTTTATTTCGCCTTTGGGGGTAAAGACAAAGACCTGGTCGTTGAAAATATCGGTCTTGACGGATTCCAGAAATTCTTCGGCACCGCGCATATCCCTATGCCACTCAATAAGCTGTCTCAGCCAGCCGATACGGTCTTCAAAGTTTACGTCTTCTTTACCGGCGGTTTTATAACGCCAGTGGGCGGCCACACCGTATTCGGCAATATGGTGCATCTGGTAAGTGCGTACCTGAACTTCAAGCGGGGTAGTGCCTAAACTCATAACGGCGGTATGCAGGGACTGATAGCCGTTCGGTTTGGGGTTGGCTATATAATCATCAAACGCACCCGGTATGGGGTGCCACAAACTGTGCACAATGCCTATGGCATGGTAACAGTCCGGGATGTCATTTACCAGCACCCTCAGGGCGAGTACGTCATAAATATCTTCAAACTGTTTGCCCTGGGAGGCATATTTTTCCATTTTCTGATAAATGCTGTAAAGGTGTTTGGGGCGGCCGGAAAGTTCCACCTTCAGCCCGTTTTTCTCAAATTCGCTCTGGAGAATGGCACTTACATGTTCAATATAATTTTTACGCTGGGCAAGTTTTGAATCTACCAGATTGGCTACCTGGCGGTAATGGCGGGGGTCAAGGTAACGGAAGGCCAGGTCTTCAAGCTGCCATTTCAGTTCCCATATGCCTAGGCGGTGAGCAAGGGGGGCGTAGATTTCCATAGTTTCTTTGGCAATACT
CP080651.2_gap2	9072	10237	1165	AGGCTTTTCCTGTTATCCAGTACGAACTTGATGCCTATCATCAAAAAGAGCAAAACGGATATCAGGGTAGCAAATTCGGAATAGCTGCCGTACCAGACTAAAAATGGCAGGCTGAAAAGAGCTATTCCTGTGGCCAAAGCTACGTTTCGGGTAATGGCTAAAGGTATAAAAACTAAAAGTGCCAGTATAAGCAGTTGTTGGGGAAGCCCGTACACAGGCAGTAAAAAGAGCATTGCCCCGAAGGCCGGCCCCAAACCTTTGCCGCCTTTGAAATCCAGCCAGATGGGCCAGTTATGACCAATTACCGCTATAAGTCCGGTCAGGATAACCCACTGGGCGTTTTGGGCAAGCAGGTAATAAGAAACTGAAACCGCCAAAGCGCCTTTGGCCATATCCATCAGCGCTACAGTAATGCCGGCTCCCGCGCCTACTTCGCGGAAGGTATTTAAGCCGCCCACATTCCCCCCGCCCATTTGGCGTATATCCCGCCCGGCTATACGGCGGGTGACCAGATAAGCAGAGGGGATAGAACCCAGCAAATATCCTATCAGGAGTGACAGAACGGTATACATAGTGCCCTCCCAAGGGTTATTTACAGGTTATAAACCGGGGTGCACCAGCTTGAATATTTGGCTATATTGCCCTTTATGGCTTCAAAATATAAATCTTTAAGTTTAGCGGTTAAAGGCCCGATTTCGCCGTTACCCACCTTGCGGTGGTCAATTTCGGAAACGGGGGTTAAATGGGCAGCTGTGCCGGTCAGGAAACATTCCTCCGCCATATAAAGCTCTACCCGGTCAATGCTTCTTTCAAGCACCTCCAGCCCCAGCTCTTTTTCGGCCAGTTCCATAACAGAGTTACGGGTAATGCCGTCCAGTATGCTGTCACAGATGGGCGGGGTGATAAGCTTTCCCTTTCGGACTATAAACAGGTTTTCGCCGCTGCCTTCGGAGACATGCCCGTCAGGGGTCAGCATGATACCTTCGTCAAAGCCGTTTTCCACGGCTTCGGTCTTGGTAAAAGCGTTATTCAAGTAGATGCCGGTTGATTTCAGCTGGGGAGGCATGACGTTATCGTCAGGGCGGCGCCAGGTTGAGACACAGCAGTGGCAGGTGTCCTTGTCTATATATCTGCCCCAGGGTATGGCCACAATCAGCAAATCACA
CP080651.2_gap3	14214	16218	2004	AGGTGCTTCCGAGGCTGTTGTAAGCGGATTCAATTCAGTGAATGATTTTACGGCTCTGGTTACCGGCGCTAGCCGCCTTGCTCTGCGTAATATGAGGGTAGGGCAAAGCAGTTTTTACATAAACGGTGCCAGTGTTGCCAGCGGAGATTTGGTTTGCGGCAATGCCGGTATAGAGGTGTCCGGGGCTTCCCGCTTGGAACTTTCGGGGCAAGGCGGTGATATAAATGTGCTGGCTGAGGGTGCCAGCACTGTTAATCTGGAAAAGTTTCTGGCGGCAAGTGCCATAGTTGAGGCTGCCGGTGTAAGCAATATACGGGTATACACCAACGGTGATTTGTACATAAAGGCCAGCGGTGTCTCTTCGGTAAAATATTTCGGTACTCCGGTTATCAAAAATATAGATATCTCGGATATTTCTTCAGCAGGCAAAGGTTAGGGGGATACTCTGGAAGAGAGTTACCGGCAGGCTTTAAACTTTATACTGGGGTTGACAGATTATGAATCTGCCACCAGCCGGGCGGCTGCCAATTATGATCTCCGGCGGGTGGTGGAGCTTTTAATGAGGCTCAGAAACCCTCATATGGGTATTCCGGCTGTTCATCTGGCCGGTACCAAGGGCAAAGGCAGTACGGCTGCCCTGATTGCTTCGGTTATGTCTGTGGCCGGTTACCGTACCGGTCTGTACACTTCGCCCCATCTGCTGGATTTCCGCGAACGTATTCGTCTGGATGGCAAGATAATTTCCAAAGCCCATTTGGTGCGGCTGATGGCTTCCATCAGCCCTCTGGTAGAAGAAATGAATGACCATGCCTATCTGGGTAAGATAACTTCGTTTGAGGTTATGACTGCGCTGGCGTTTGAATTTTTCCACCGCCAGCAGGCTACTTTTCAGGTAATTGAAACCGGGCTGGGTGGCAGGCTGGATGCTACCAATGTTATTACCCCCAGCCTTTCTGTTATCACCCCTATAAGTCTGGACCATACCGAAGTGCTGGGTGATAGCTTGGAAAAAATATCTGCTGAGAAAGCCGGCATTATTAAACAATCTGTGCCGGTGGTGTCTGCCGCCCAAAGACCGGAAGTTATGGCAGTTATCCGCGAACGCTGCTGTAAAACCGGCTCAAAACTTATTGAGGTGACTGACGGCTACAAGGCCGAACTTTTAGGTTACACTGCCCAAGGTCAGTCACTCAAACTTAGCGGTCGTCAGGCTGAATACCGGCTGTGTCTGCCGCTTTTAGGGCATTACCAGCGTCAAAACGCCCTTACCGCCCTGGCATCTCTGGAGGCGCTGGTAGAAGAGGGCTTTAAAATAAGCCCCGAAGATATAACCGAGGGGTTCGGGCAGGCCAGATGGCCGGGGCGGTTTGAGGTTATCAAGGGCAATCCTCTGCTGATTATTGACGGCGCCCACAATCAGGAAGCCGCTGCCGAACTCCTGCTTTCACTGCAAGAATATCCCCCGGCTGCCAAAGTAGAAAAAGAAAAAAGGGTGCTGGTCTTCGGCACTTCCTTTGATAAAGATGCCGGTGCTATGGCGGATTTGCTTTCCGGGTATTTTGGAACAGTGATACTGACCCATTCCCTCCACCCGCGGGCTATGAAACCGGATTTGCTGAGGAAAGCCTTTGACGGGCGTGGGCTTAAGGTACTTGAGGCAGACAGCGTGCCTAAAGCTTTGGAACTGGCAGGCAGGATAGCTCTGGCAGATGGTCTGGTATGTGTTGCCGGTTCTCTCTTTGTTGCCGCCGAGGCTTTAAAAGGGTAGAGCCAGCCCCGCTCAGGAACTGGCTCTGAGTAACTCTATCAGTTTACTTTTCTTGTCCGGATAGGGGATAACCTCTTCCTTCAGTTTTTTCCAGGTCTCCGGGCAGCTTTTGTATTCTATTCCCAGAAACTGGTGGATTATTTTATCCAGTTCCTTTCGTTTTTCTCCCTGCGGGTCTACCCCGGCGGCCAGAAAAATATCCCCTATATGCCTGAAATAGCAGGACATGGTTTGCT
CP080651.2_gap4	41830	43585	1755	AAACTGCTGGTCAGCCGCATGACTTCGGTCAATGCGGATACCCTGCGTGAAACGGCTGATTTCCTGCGGGACAAGCTGGGCAGCGGGGTAATAGTGCTGGGTACGGTTACTGAAGACAAGCCTTTTTTCCTGTGCATGGTAACGCCGGACCTTATTGAGAAAGGTTATCATGCCGGCAATATAGTCAAAAAACTTTCCCAGATAGCCGGCGGCGGCGGCGGCGGCAAGCCGAATATGGCTCAGGGCGGCGGGCGTGACAAAGCCAAACTGGACGAAGCCCTGCAGGCTGTAAAGGGAATGCTATAAAGAACTGCTGCGGAGGGCTAAAATAGGCCGTATACTGGCTCTGGACGTGGGCGACAAGTGGATAGGGGTGGCTTTGAGCGACCCCTTGCGGATACTGGCTTCGCCTTTGGTTATCCTCCGGCGTGACAATGATGTAAAGACAGTGGAAAACATTGAAGCTTTAATCAAAACCCACCAGCCGGATTTGCTTGTTGTCGGCTTGCCAGTATCTCTGAACGGGACTATCGGGCCTCAGGCGGAAAAGGTAAAGGCCTTTAGCGGGCTGCTTTCGCAGAGTTTAAATACCGAAATTGTTTTCCGGGATGAACGCTTTTCCACAGACGAAGCCCGCCGCAAAATGAATGACAGCGGCAAAAATAATAAAACTGTCCGGGATGATGCGGCCGCGGCCGCAGTTATTTTGCAGGACTATCTGGACGAGACTAATCCGCCCTGCTTCCAGCCTTAAATATTCAAGGAGCATAATTTTTGGATAAATCCTTTATATTAAATAAAACCAGCCCCCGCAGTTCTGCCCGCCGCGGCCAGCTGCTCACAGCCCACGGCAAGGTGGAGACGCCTGTTTTCTGCCCGGTAGGCAGCCAGGCCACTGTAAAAACCCTTACCCCCGAAGACTTAAAATCTGTTAACGTAAATATGATATTGTCCAATACTTACCACCTGTATCTCCGCCCCGGCATACCCGTGGTCAAAGAGATGGGGGGACTGCACAAATTTATGAACTGGGACGGGGTTATTCTGACTGACAGCGGTGGCTACCAGATATTTTCACTGGCCAATCTGCGAAAGCTGGATGAGGGCGGAGTCAGTTTCCGTTCCCATATAGACGGCAGCACCCGTTACATCACCCCCGAAGATGCGGTCAGCTTCCAGCAGGACTTGGGTTCGGATATTGCCATGGTGCTGGACGAATGTCCCCATTCCGAAGCCTCCGAGAATGAGGTTTTGGCGGCTATGGAACGTACCCACCAGTGGGCAAAACGCTGTCTTGCCGCCCATACCCTGAAAAGCCAGCACCTTTTTGCCATTGTTCAGGGGGGGCTTTCCCCCGTACTCAGGCAGCAGTCTGCCGAATATCTGGCTTCGCTGGATTTCCCCGGTTATGCCCTGGGCGGGCTTTCTTTGGGTGAGCCTAAGGATATTACCTTTGAAACAGTCCGCCATACCCTGCGTTTTCTGCCCGGAAACAAGCCCCGCTACCTGATGGGAGTGGGTGCGCCGGAAGATTTGCTGGAAGGGGTAAGCTGCGGGATAGATATATTTGACTGTGTACTGCCTACCAGAGTGGCCCGCAACGGGGCTTTTTTCAGCCGCCTGGGCAGGCTTAATATCCGCAATGCCTCTTTTGCCACCCAAAAAGGGCCGGTTGACCCGGAGTGTAACTGCTATACCTGCCGCAATTATTCGGCGGCCTACCTGCATCACCTGTTCCGCTGTGAAGAAATTCTG
CP080651.2_gap5	59282	60550	1268	CCTTGCGATTCCAGGATATGTCCTGCTTCGATTCGCCGCTCTGTCACCGTGTTCCTGCAATACATTATGCAAGTAACCTTCTCTGCCGCTGAATTCGGCCATCAGCGGAGGAACACCCTTAAGCCATAAACAAGTTGCTTTCCGTGCGGCATCTCCATAATGATATGGCTGAATGATTTGGTCATAATGAAGACCAATCTGTTTTAATGCGTAGCTGCTGGGTATCGGATTTTCTACAACCAGCCTCTTGCATGGCAAGCCTAAACACCAACGAAAGAATTCAGCAGCTATTTGAAGCTGTTTCCATCTGTCTGGATATCTATGCAGCCACCTTACGCCTGCATTACAAAGGTAAGTGCAGGGCGGATGTGCAATAACCAGGTCGTAATCATGCCAATCATAGTCTCGTATGTCCCCCTGAATATGATTACCCGGTTGTTCAGCCGGTAAAATATCGCAGCTGACGGCGTCATGGCCAAGTGCTTCAAATGCACTGGCAACACGTCTGGATTTTTCACAAAGAACTGCTACCTTCATTTTGCATTCCTTTTTAAACTGTTCCCCCGACCTGAGTTTTCCAGTCTAGCCCTTGGTCAAGGCCTCGCCGCCCTGATCGGCTATCGCCGGATCTGGCGGCTTGTTACACAGCCTTGACTGGCAGGGCAACAGTAAAAACTGTTCAAGTCGGGGGATGTTCATTTTTAATAGACTGTCTGCTTCGTGTCATATAGCTTGAACACTTCAGAGGCCGGTGCGATTTCAAGCAAATAAGGATCTCCGCCAAACCGGCCATCTATGGTATAGATGACTATCCGGTCTCCGGTTATTTCGGGAAGAAGTGACATTATGGTTGCTTCACGGAATATCAGGTCTACGCCCAGGCCTTCGTGCATGGTGTATATAATGAGGTTATCCAGCTTCATGGTCTGCCAAATGTTAACCAGTACCTGGCTTTGCTGCTTACCGGTGTATCCCCGGTGGCTGAACAGCTGATCTGCTTCGTCTATAAGTATCAGCCAGCTTCGCAGCTCTTCTTCTTTCATTCGGGCCAGGAAGTCTATTATTTCCGAGTTGCGCTTCTGCTCTATGCCGTAAGAGGGAATAGAAACGTTAGAGATAACTTTGTCAGGTCTGAAATGGCCAAGTTTTATCTCATTAACAGCCAGGGCTACCATGCTGGCAGTCTTGCCGCAACGCATATAGCCCCGGATTTTTACTACTCCCTCTATCAGGCGGTCAGTTTCCATTTTTTACACCTTGCCGATTCC
CP080651.2_gap6	157628	159892	2264	CAAGCAGCTTGGCAATGATGGTGGTTGTTACCCAGATAGCCATAAGTACCAGCAGGAAAGCGATTATATTTGCCCACTCCGGGCTGGATATAAAACTGAGCCATTCGGCAACTGTAGGGTAGAAGCGGCCTGCCAGTATAATACCTATTATCAGCCCCACCAGATGCAGGAAATTGCGTATTAGGCCGGTAAAAAAGCCGCTTACGGTTTGAGCGCCCAGTGCTATCAGTAAAACTATATCTAACCAGTTCATGGCTTTGATTAAAGCATATCCGCAGGGATAAACGCAATAGCCGGATTGGCCGGGATTTGCCAGCTGTATTTAAACAGGTCTTGAACTAAGGGCAGCTTAACCCTTACCCAGCTCTACCGAACGGTCAAAAGCCGCTTTTGCAGCCTTAATTACGGTTGTTTCCAGTCCTGCTTCCTCAAATACCTTTATAGCTTCGGCGGTAGTGCCGCCGGGAGAGGTTACGTTTTTGCGGAGCTGGGCTAGCGGCAGGCCGGATTTCCCGGCATAAACAGCCGAACCGGCGGCTGTCTGGGATACCAGTATAGAGGCTTCCTCAGGGGTAAAACCCATTTCCAGGGCTGCTTTTTCTAAACTTTCCATAAACAGGAAGAAATAAGCCGGGCCTGAACCTGAGATGGCGGTAGCCGCATCCAGCATATTTTCTTTGTCTGTGTATATTTCCTTGCCCATGGCGGAAAGTATGCTTTTAGCTTGTTCTTTCTGGGTGGGGTTTACCGCCGGCAGGGCAGTCCAGATGCTCATGCCCATGCCTATCATAGCCGGGGTATTGGGCATAACCCGTACTACGGCTTTGTGCTCAAGCCCGCCGGACAGTTTACTTAGAGTTGCCCCGGCAATAATGGATATCACCATCTGTGTCTCTGCCAGTTTGCCTTTCAGTCCGGCGCTCAGTTCGGCCAGGTTCTGGGGTTTTATAGCCAGCAGAACTACTTCGGCGTTTTTTATGGCTTCCGGATTTGCGGCGGTGGTCTTTATGCCATAGGTGTTTTCAAGGAAAGCGCGGCGTTCGGCTTTAATCTCACTTACGGTAATATCCTGCGGCGGGCAGATATTTTTCCGGATAAGGGCACCCAAAATGGCCTCGCCCATATTCCCCCCGCCGATAAATGCTATTTTCATATTATTTCACCACAATATTTACTAATTTGCCGGGTACATATATGACAGACGCCGGGGTTTTGCCCTGAAGATGGGGCTTGACTCTGGCGCTGTTTAAGGCAGTTTCCTTAGCTTCGTCCTCCGAGATACCGGCCGGCATTTCCAGCCTTTCGCGGAGTTTGCCGTTTACCTGGATAATCAGGGTAATTACTTCGTCTTTGGCCAGTTCTTCGTCCCACTTAGGCCAGCTCTGGTTGTGAATGGAATATTCCACGCCTAGATTTGTCCAGAGTTCCTCGGCAATATGGGGGGCAACCGGGGCAAGCATAAGGGCAAAAGTTTTAAGGCTGTTTTGCCAGCTTTCTGCCGAAATGGCGGCAGCCTCTTTAAACTTGGCCAGGCTGTTTGAAAGTTCCATCAGGGCGGCCACTACCGTATTGAAACGCAACCGTTCAATATCCATAGTTATTTTTTTGATAGTCTGGTGGAGGGTGCGCTTAAGTTCGCGTTCCGCTTCAGCCGAGGCGGTGTTTGGGGTGTATTCCTCTGTAAACAAATTCCAGACCCGGTTCAGCCAGCGGCTCATGCCCGAAAGGCCGGAATCATTCCATTCCCCGCCCTGATCCCACGGGCCCACAAACATCAGGTAAGCCCTGACGGCGTCTGTGCCTACCTCTGCCACCAAATTATCCGGGGTAACTACATTTCCCTTTGATTTGCTCATTTTCTGGTGGTTGCTGACGATAATGCCCTGATTAAAAAGCTTTTTAAAAGGTTCGCCGAAGTCTATTATGCCCATATCCCGCAGGGCTTTGGTGAAGAAACGGGAATAAAAAAGGTGCATAACGGCGTGTTCGGCACCGCCGGTATAAAGGTCTACCGGCATCCAGTACCGCAGTTTTTCCGGGTCAAACGGCCCTTTGTCATAACCGGGGCTGGTATAACGCAGGAAATACCACGAAGAACACATGAAAGTATCCATGGTATCTGTTTCGCGTTTAGCCTTACCCCCGCAGACCGGGCAGGTGGTATTTACAAAGCCTTCATTATATTTCAGGGGGGATTCGCCCCCGATGCGGAACTCTACATCTTCCGGCAGAAGCACCGGCAGGTCTTTTTCGGGTACGGGTAC
CP080651.2_gap7	207415	210806	3391	CTGTCACTCTGGAGAATGTCCTACGAGACTGCCAACGTTGGCAAACGCTCTGCAGTAGAGAAGAGCTTCCTGATCGAAAGGAATCCCCCAGAGGAGGTGCAAAATCCCCGCGAGAAAGAATGGACGGAAAAGGCAGTTAAAAAGTATGCCGCTGCCCAGGAAAAGAAATGGCAGCGCTGGAACGAAGCCATGTTTGAGAGGTCCGATTAATGCCACTCTTGGTGGAACGGAAGCTTTTCAAGATTGGCGAAGGTGGCTTTGCAGTCACCTTGCCTAAAGCCTGGATAAACTATCACCAGCTTAAACCCGGTGATACGGTCGAGGTCGTGGTAGACGGAGATCTTATTATCCGGGTCAAGGTGAAGCCGGAAGAGAAGCTTATATAAGCGTTTATAGACTTGTCAGGCAAGCCAGGACGCGGTACGCTCTTAATGAAGCCCTGCGAGCTTGTCGGTGAAAGTCGGCTCGCAGGGCTTGCTTTTTACCGGTAGCTTCAGGACTTCAGAAAAGGGGTTAGCAACCTGGACCGGAAGGGTTCAAGGCTAACCCCTTTTCCCTTTTCGGACAGGTTGCACCCCGCCATTACCCGGCCGCGACCGGGTACGAATGAAAGAGGAGGTGCCCACATGGGTAAGTACGCAAGCTGGAACGAATTCGAGAAGAACGTCCCCATCACCTACAAGGAAAAAGCCACTCCCGAGGCTTTCCGCACCGGAATGAACGGTATTGCACCGTCCGGGCTGAAGGTAAAAGAGGGGCGGGTAAATCACTACCGCGATGGTGTGGATGGTAAGGGTGAGGTCATGGTCTCCGGCTACAAACGGGCCATGTTCGAATAGTAATCTGGCCGCTTGATGTCTATCCAGACGAGGGCACAGCCCCAATTGGTTTAACCGCTGTCGCGGCAGCGGTAAACCTGATAAAGCGGACCGACATCAGGCTCCAACTTAGAAATTGAGGAGGAAAAGATGTTCAAAACACAGCAACTGACCGGGCCGGTGGCACCAGGACAATTCAGCCCAACGCAGGTGAGTGGTCCTTCTAGTTATTATCCCACCCAGACGACTGGGACCGACTGGACGAGTATGTTCTCGGCGATGATGCCAATGATCATGATGATCATGATGATGGCCATCCTTATGCCCATGTTGAAGGGCGTCACCGCGTCTGCCAAAGACTAAAAATCTGACTTATCGTAAAAGACTTTGAGGAGGTAATCTAAAAATGTTCACAGCGCAGCAGTTCGCCGGCCAGCAAATCAGGCCGCAGCAATACCAGTACGGTACCGTCTCGGGTTATTACCCGGCACAAACCACCGATATGACCAGCATGTTCTCAGCCATGATGCCGATGATTATGATGATCATGATGATGGCTATCCTTATGCCCATGATGAAGGGCATGACCAGTTCCAGCAAATAGCAGGCACTTGAAATCTAGTGAGGGGGTTTTATTATGACCGAAAAAATTGTAACACAACAATATCCGGGGTATCCCGGCACGCGGCCTCCGAAAGGATGGGTGCCTCCCCTGGGACAATCGTTGACCCTACTCGGCGTCTATGACAATGAGTCGGGCTACTGGATGGGCTTGCCTCTCCAGGTGCTCAGGGAAGCTTTGCTTAATGCTGAGGCTCTTCAAACCGAGGACCGCATTGACGAACGAGATAAAATCGAAGTCACTGTACCGAATGTTTCCGCACAAGATGTGGTAAAAACCACCGAATTTGAGGTACCTTCCGGTGAGGTTTGGTTCCTTAACCGTCTCAACCTAGTGACCGAGCCCGAGGTATCCGGCAATATCCGTATCTCGAAGTTCCCGAAGGTCAGCGATATCGACAAGAAATATCTGGGCACGGATCAGGCAGCTGGATCCAACAATGATTACGATCTTGCTGCACCGGGAGAACTCGGAGCCGACCTAAGGCTCGTAGGTGGGGATAAAATCACGGTGGTGGCCACAGTAACTGCAGTCGGCGGCACGACAGCAGATCGCAAAGTCACCCTGAATCCTTACGGTCGAAAAGCGAATCGGCTGGTATAAGCCATGGGAGGTGCGGGATGCCCTATACCATGGCACCGGAGGGATACCGGGCATTACTGATTGGCTCAGCCACAAGCATTGAAGACCTGGGCACCTTCGCTCCGCTTGAAGAAAGTTCGGCTGAAGGTGCTCTTTTTTTAATGCGGCTCGATTTTAGCGAATTTCCCTCTGAGGAATCGCTAAACCAGCTTGAACAGGCGTGCTTTGACGCCGGAGTCGAATTGTGGCCGGGTTATAACTACGTTGTCTATGCCGATCTGGATCAGCCCAGCATCTTCCTTGCCTGGCAAAAAGGACTTGCCTGGCTGCCGATTATTATCGGTCTCTTGGTTACTACCGTTTTGCCGCCGCTGTTGGGTTCACTGGTCTGGTGGCTCATGCCGGAAGACTTGAAGAACCTGATTAGCGGCATTGTCAATTTGGGAATCATGCTGGTTGTCATGCTCCTCGTTACAAAGCTCATGCCTTCGTTCACCCCGGAGAAAGAAAAGGTGAAGAAAGTGAAACCAGCAGAACCTGAGAAATTAGAAGAGGCAAAGGCATGAACCAGTACCCGCAAGATTATTACTACACACTAGCAAAGTATCAGGCTGCCCAATGGCAGGGTGTCCTGGGTACGTTGATGGGAGTCGCCGTGCTGATAGCGATGGCTGCCTGGGCTTTTTCACTGGTGAAGAAAGCTATCAAGGGTGAGGAGGTGAAGTACCCGCTATGACCACTTCACTTTCAATCTTGAGCGGTGAATTAGGTGACATCTTCTGGGATCTGCCTCCGGTAGTTTCCTATTTAACCGGAATGGATCTTGGTTGCAGTATCTATGTGGCAAATCCTACCGAGGTAGAAAAAGAATATGTCCTGATGGCTCGGCTAACCAGGAACGAAACCCTGATCAGTGAAGAGGCTCTGCCGGTGTTTGGTTTTACCTGGTTTAAGGTAGCACCCGGAGAATTCATCAAGCTTAACGGAGCGTTACGTTTTACTGAAAGTGATGCCAGCCTTGCGGTATTGCTGGTTGAAAAGGAGACCGAGGAGGTTACCGATTCGGTTTCAACTTATCTAGCAAAGGTGTCCAGTAGTGTTTTACCACCCTGGTTGGGAGGATCGACGACTACCACAACGGATTGGAGTTCACTGCTGGGGATGATGTTCCCGTTCTTGATGCTGGGAATCATGGCGGTTGCTATGAAACCACAATCTGAAAAGAAAGAGAACATTTCTCAGACCAAAGAAGAGAGAAAGCTCTTACCTGAGGGGAGGCAAGGCTAATGCCGGGCGAGTTTTATATTGAGAACAAAGCGGAGAGGCTTAGCCTTAAAGGCATAGAGGATGCCGTTGCTGCACTTGAAGC
CP080651.2_gap8	219580	221370	1790	CCGATTTCAAGACTTCTGCTCGGTGGCATAAGAATTTTGATCTGGCAATGTTCGGCGGCTCGGATATAGGCACTTCAAATTATGAGTCAAATCAAATGAGTTTGGAAGGGAAAATTAACGGGGTTAAGCGAATACCCGGGAGGCACTAATGGCAGGACAGGTCAAAATAACGATTGGAGATAAAGAATGGCTGGCTTCGCTAGCCAGCACACATTGGGAGCTGGTGCAGGGACTTGGTGATATTCCTGGGATAGATGCAGCTACAGGCATGCTATTTGACCTTGGTTATACCCAGGACATCACCGTAACCACCGAGCCAATGCTTTTCCCGCTGGATATAGCTTTCCTATCCGAAGATTTGGTAATCACCGAGATTTATCGCGATGTTCAACCCGGATATTTAGTACATTCAACTGTACCCTCTCGCTATTTCATTGAGGTTAATGCCGGCGAGATGGAAGGAATTGAAATTAGTGAACAAGTATCCGTAGAGCTATTAACTCTTCAGGATATGCCAACTGAACCAGACTGGGTCACGCTGATGATTTCCTTTATGGGCTTTACTTTGTTGGGTTTCCTGGTGGTAGATGTTGCCAAAGGCCTGGTTTATGAGGTATCTAATAATCCAACAAGTACTTCACTGGTACGTAGTTATCAGAATTCTCCTGTGTTCCATAAGGTTAGTAAGCAAGTTACTCATGGAGAGTGTTCCTTCTGCTCTAACTCAGGTCATCAATGCGAGGTGTGCGAGAAGATTTCACCGCAGGATTATCATCTGCTCAGCTGGGTCGGAACGCCGGTCCCGGATTACAGTTTCTCCGCAGAGCCGGAAACAAAAGAACGCAAGATTGACGATGTTCTGAAGAGACTCAAGGAAGGTGTGGATGGAATCCAGCAGAGTGAGAATTTCCGAACGTTCCTGCTTACTATGTCCAAGTTTCATGAATACAGCATCGGTAACTTGATACTTATCATGCTGCAGAAGCCTGACGCTACCCGGGTCGCCGGTTTCAGTACCTGGAAAGATTTATATCGCTGGGTTAAGAAAGGCGAAAAGGGAATTGCCATTTTGGCACCCTGCATGCCGCCAAAGAAAAAACAACTCGAACCATCTGAAGTTGGGAATGCACCAGATGAAGAAGAAAAGCCCGAAGATGAAACCGAAATTCGCCCAATCTATTTCAAGGTGGTATACGTTTTTGATGTTAGCCAGACAGAAGGAAAACCTCTGCCTGAATTTGAAGTACCACCCCTCACCGGTGAGGCTAATGAAGAGCTATTCGAGCGCGTTATGCGCCTGGCAGAATCACAAGGGCTTGAAGTCAGTTTTGAGGCAAAGCCAAACCAAGATCCGGATATCAAGGGTTTTTACACGGGGAAGAATATCTGGATTCGACCGGAAGAATCGCACGCCCAGCAATTAAAAACTCTGCTACACGAAGTGGCTCATTATTATTCCGAGGGAGTATTTCGTATCCCGAGGAGCGATGCCGAAACCATCGCCGAAAGTGTGGCATTTACTATCGGCGCTCATTATGGTTTTGACACCGGTGCCCGCTCGTTCCCTTATGTTGCTGTCTGGTCCAAGGATAAGAAGGTCCTTGAAGCTAACCTGGCTGCTATACGTAAGGTATCAGAAAAGATATTCGATGGCCTCGAACAAACTATCAAGAAACCAGTGGGAGTAGCCTAACCAATGGTAATTCGGCTGACACCCACTAGAGGAGGCTTCCTTCGGCCGTTTGGTTGCGGCTGGTTTATCCGAGAATATCTTCTTGGGAACGGACCTG
CP080651.2_gap9	222557	226696	4139	CGTTATCCATTGTTGAGTTTTAACTAAAATAGGAGTCTCGTTGACTTCGGCATCAGGAATTGTAGCAGTCGATCGACTAGCAGTTACGTCCGAAGCTGGGAAACCTTCCCACAAGGCTGTTACTAGCACTTCAATTTTTTCAATCTGGCTTTTAATTACTATGTTATCCCATATCAGTTCGCCGGCAGAACCTGCTTGAAGTTCAACTTGTATTTCTGCGCCTTCAGCCCCGAAGTTCGTTGGTGTTACTTTAAATCGATCATTCTGAATAACCACATTACCCGGTCCACCGGTTACTTTAAGTGATACATTACCACCATTACCCGGTTTCAAAAGACCAAAATATATGTTTTCCGGTTCAACTCTAATTGTTGAGTGGTTCCCTAATTCTGTTTCAGACTCCAATTTATCATTCTCCGTATAAATAGTGTTTTAATACGACTAATGGTGTTTGTTGTTATAATCCGTTACTTCTTTACTTGGATACGGATATATTTCCTTACCATAAAAACACTCATACCTATTTGTGTATTTGTTATAGAAGAGACATGGTTTTTTAACCACTGCATCATGCTTAGGGCACCGTGATAATAGTGGTGGCTCTTTAAATGCGGTTACTTCTGTTTGCTCTGCAATTTCTGTTTTCTCTACTATAATCGATATTGGTATTGGTGTTATCGATCCCCGATTGGTTACAATTGTAATGTAGTCATCTAGCGATTTACCGGGTAATCGTCCAATTACTTGAATCCTAACAGCAGTGCTACTATCTTTAGCTGTAATCCAATTTATTGTGATTGCGACACCCAGACGTTCGATAAAATATTCCTTGCTTTTATCATCAAGTTTAGCACCTGAACAGCCGTATAGCTCTTTTAATCGCTTCGGGTCGCTAAACGATATATCTAAGACGCTCCCCCGGTCACTTTTAATGTAAAATTTTCTCCTATCCCTAGTTTGAGCTTAAGAAAATCAATACGTTGCTGATTTGATGAAGGGGGCTTCGATTTGGCTTTATCATAAGTAAGTATAGCTGGAAATTTCTTAATTCCAAGACGTTCTAGTTCAGCAATAATTACTTCCTTTTCGACACTATGGATATCGTTATGGGCTTTCTCAAGAATAGGGCAAGCACACTCTAAAATATTGTTTATCCAATCATGATGATTATTTAAACCTACTTTGAGAACTATTTCTTCCAAAACTGACTTATTTGGCTTAACTTCCTCACTTATTAAGTCAGCCAAATACGATATAGCTTCTTGCAGTTTGTTCAATTCGTTTTCTGTTGGTTCGATATTCACGATAGCATCTTCATTAGAACAACATTTAACATTTTTTATTTATTCGGTTACGACAAATAGGCGCCTGTTAGCACCAGTATTTATTATTGTTCCTGGTATAAGCGGTAATGATTCACCTTTTCCTGCTTTTAAGAGGGTGCCATTATCTCCTGATTGAGCACGCCATATTTCACCCTCTTCGTTTACAAGATGGTATAATCCACGTTTTCTATCTTTTAGGGCATGTGCCGCATTCTTTTCTTTTTTTCTGCTCATGGGAGGAGTGGGGGCATCGAGTACATCTGCCTTTAATTGCCAACCATCGCTCATGACTAAATAGCGCTGTGTAGCTAAATATTTCCCATTAGTGTTTGGTTCATATAACGAGATAACGGCCGGAAGGTCCACGCCAACCTGTTGTCCACAGAAGGGACACTTCCTTTCCTTGGTATTTTGAATCCAATGAGGATATGGGAAATGAAGATGACAACGTTGACACAAGTACAGTTCATCAAGCGCGTAACTTAGAGCATTAATCCACTCTTGTGCCGATGGGCGTTTTGACGGATTTCGAACTCCGTCTATACATGCACGCTCTGTGAGATTTTGTAGATTTGGGGTAAGCATCTTATAGCTGAGTGAGCCGCCTGGAATAAACGGTAGAGCGAGATTCTTGGGACGATGGCGCTTATCTTTGGGGTCTTCGCTAAACATTAGATAAGGCCCATAACCTAGATCGTCGTCTCTTTCAAGATTAGTTTCATCGTATGTTATAGTAGGTGCGAAAACGTTTCGGAACAAAAGAGTTTGGAGAACTTGAACAGCCAAACTGTGCCTTTCAGAGAATTCGTCTGGTTGAGCCGATTTGCCAGCTATTTTATCCATCATAAGCTCTCTGGCAATTATCCCTTTTGTACCCAGTACACCTCCATGAGTATGTCCGCCTTCAACTATTAGACCATCTAGGTCGAATAAGATAACGTCACAATTCTCCGGGTTAACAAAAAAATTATTGTTAGATAAGTCAGCATGCACAGCTCCATTTTTATGAAGAAATGTAACTGTTCGTGCGACTCCTCTTGCTATTTGAAGATAATGCGACCATGATTTACCTGATTTGACATACCTTTCTACACAGTATTGACTTTGATTCAGATCACATAATTTAGGTAATGGAATAAACTTAGTCAAGCATCCAATTTCAGCTTTGCCGTTTACTGTCTGAACCACAGCTTGTGGCCATAATAGAAACTGCTTTTCCTCTCTGGACAAGTAAGGATAGAGTCTAGTTATTTTCTCTAGGAAAGCACGTTTCTCCGGTTTTACCTTTTCAGAATGATATATTTTTACTACCCAAAGTCCATCTTTACTACGGAAAACTATTCCTTCCCCACCACTTTTCAAGGGCTTGTCTTCTATTTCTACTCTATCCGGAGCACCTTCAACATTAAGATAAAGATTTACGATAGCCATATCTATTATTCAACCTTTTTTGTTCTATATCCGATGACTAACGTTCTATCATCGAAGCTACCTTGAGCTTGATAGCTATTTAAAAATGCCTTCAAATCGTTTTCAGCTTCTTCAAGTGACGTTATCGAACTGGCTCTTATTTCCCTGTCTATGTCTTTGGCCCACAAGGTTAATATATCGGCAGGTGGTCCGTATTGGCAGTCATCTGCCACACCATCCGTCATTAAATAAAACGTGCTGAGGTTGGCTACTTCTCCCTTAGCTATTTCTTTTATACTCAAGTACTTTCCCCAATCAGGTTGAGTCAGAAAATAACTCACACCAACTTCACCAGGACTGGGAGGATCCACAAGTGAACTTGCTTCTCCTTTATCGTTCAATCCCGAAATCAATCCATCTCCAATTTGTCCTACGCAAGCATTCTCAGTCGCAGTGTTTAATACTAAACCTAGTAACGTGCAATGCAGATCTTCTGGTTTGACCCCATGTTGAGAACAAAACTGGTCTATATGCGTTCTTGTGTCTTTAAAAGCCTGCAAAACAATTTCTTTCAATCCATCCTGAAAGATAAATCCATCACGTGAAGTGATATCCATAATCGCAGAACAAAAAGAATTAACCGCGTACGCCGCTCCATAACGTGACAGTTCCCGCGAACCAGCTCCATCGGATACAGCTATGACTAACCAATTATTGCTTTGGTACACTGCAAAAGCATCATCACGGTGGTTATGGTTTTCTGACCTCGCATGCAATTTACCCCTCACGCTAGCACCGACTACGGAATATTGTTTGATTTGAAGGGAATCGCTATTTTCGTCTTTTAGCTCATCGTTCAGGCTAGATGGGCACACATCGCCAAAACGAGAAACTGGCTCAATATTCATTTTCACCTACTCACTTATTAAGGGATATATTGGAAAGGAGGTTGGTCTATGTCAGTGGGCTTATCCCCACCATCCGGTTGACTAACCGATTTTGCTATTTTCGATGTTGTTTGACTAACCCAATCGAAGAATTTTTTGAATGCTTCGCTGTCATTACCCATGATGAAAGTCGACCCTTTTGGAGATCCCATAGATATTTCTTTTAGAGTTTGCTGATTAATTCGGGGGCCGCAGCCTACAGTGATAAGATTTATCACTTTCTTTTGCTGTCGGCTAAGAATAGCTTCGCGAGGTTTTCGCCATTCATCGGTAGGCTCGCCGTCAGTCAAAATGAATATTAACGGCTTCCAATCGCCCTTGTCACCACCTTTAACTGGAGCCTTAATGTCTTTGTCGAGGGACTCCTCAAGAAGCCATAATGCCTGTCCTAACGGAGTTTGACCATTCGCTATGAGGGATTCGGTGTTAAACTCATCACGAAATTTCGCAATGGGAA
CP080651.2_gap10	238255	238795	540	TCGGAAAGATTTTTATATTCCCTGTAAATACGCGGAGTCATCACAGGGATTTCAATATCAAGTTCCTCAATATCCTTTTTAACATTTTCATTATCAATTTCAACGACCAGCGGCGTCTTGGGACCAGTACCTTCGCCCATAGGCTTACGTTCTAACACCACGCCTTCAGCTTGAATGGATTCAACGAAGTCCATGAAAGCATCAGTGCCTACTACACTAACGTATTCTTCCATCCCGCCAGGATACATTTTGCGCAAGCCGCGCCCCAGGGTTTGCTCGGGCAGAATATTGCTCTTAGCTGAATACGGGCGCAGTCCCACTATCGTAGTAACATTGCGCACGTCCCAGCCTTCCTTAAGTACCATCACGGAGATAACAGCCTTGTACGGACTTTCCAGGCTGTCTATTAGGTTAGCTTGTTTTCGCAGTTCGTCTAATTCTTCTTTACTTTTCCCTGTAACCGATTCAGAGATTTCACCGTTTTCCTTGGTATGTATCACCAGCACAGCATCCTTTAAATCTGGGTAGTTACCCTCAAGA
CP080651.2_gap11	254716	256098	1382	GCAAAGCCTGTACATTGGACTATGCGGCAGCTTTGAGGGTAAAGAACTCTGTTTCGATGTGTTGAGTGGAGATCTTTCTGCCCCAGATGAAATTAAGTATAAATTCAGGTTCTGCTATGCGGCAGAAATTATGTTTCCCTGGGTAAAGTTCAAGGACTTAATTTTCACGACGAAGAAGAAACGTGAAATGTTGGATAACCTTAAGACCTCTGCCGGACGAGCGCTTAGTGAAAAGGAACAAAATAAACTGGATGATCATCTTGATATAATTGACCGCACTTTTAAGATGGATGAGGCGGTGACATATCAAGAATTGGATAGCATTGATAACCCTGCCCTCTATAAAGAAGATGACGTAGTAGAGGTATTTATCCGGGCTAATTCAGGTGGAACGAAGCTGGGCAAATCAGACCTGCTTTTTTCCCTTCTCAGTTCAAGCTGGGAAGAAGCCGACAAAAAGATGGAGGTTTTGCTTGACTCATTGAATACACACGGTTTTGAATTTGACCGTGATTTTGTGTTGAAAACTTGCCTGGTACTGATAGGACAGGGTGCTAAATATGAAGTGGAGAAGTTTAGGAAAGAGGGAGTTCGTGAAAGTATAGAAGCCAAGTGGAATGAAATAGCCGGCGCAATACAGGCCGTTTTAGACTTTGTGCGTGAAAAAACATTTATCCAGTGTGACAAAGCGCTACCAAGTTACAACGTACTTGTACCGTTGGTTTACTTAAGGTATCAGTATGAAGACAGTTGGAAGAAAGCGAAAGACGTAGATACTTACTTGTTACGGTGTTTATTGGGAGGAGCTTTTAGCGGTGTCCCGGATAATATCATAGATGCGTTGGTTAAAAAACTAACTGAAACAAAAACTTTTGATGTTAACGAAATATTCAGCGTAATTCGTACCCAAAACCGCAGCCTGGAGGTACCTGAAGAACGTTTTTGGCAAATGGGCTATGGTTCGAGTACTATCCATCTGCTTTTTAACGTATGGTACCGAAGCTTCAACTACACTCCAGCTTATATAAATAACATGCCTCAGATAGACCATGTCTTCCCTCAAAGTATTTTAAAGGATATTAAAGTACTAAATCCTGAAACAAACAGAATGATTATGAAATACGATGCATCTCGACGTAACCAACTCGCTAACTGTATGTTGCTTAGTCGCGAGGAGAATGGCGCCGGAGGTAAAAGCGATATGCCTCCGGAAGAATGGTTTCCTAAAAGAATCGCTGAAGAAGGTCCGGATTACCTTAAGAAACACTTAATCCCTCCAGACGAAGCCCTATGGAAGATAGACCGGTTTGAGGACTTTATTGTAGCCCGCCGTAAGCTTATCCAGGAACGGTTTAAATCGTTAATAGTGCCGGCCGTTAAAG
CP080651.2_gap12	258437	263308	4871	GTTTGTTATTGTCGTCCCCTCCGTCGCTATCAAGGAAGGGGTTTATAAAACCCTCCAGATGACTGAAGAGCACTTTCGTAGCCTTTATACTAATACTCCCTATGAGTATTTCCTTTATGATTCCAGCAAGCTCGGGCTGGTGCGTAACTTTGCCACCAGCCCTAATATACAGGTAATGGTGGTGACCGTTGGCGCTATAAACAAAAAAGACGTGAATAACCTGTATAAGGATAGTGAAAACACCGGTGGAGAAAAACCCATTGATCTTATCAAAGCTACTCGGCCGGTCCTTATCGTGGATGAACCCCAAAGTGTCGATGGTGGTTTGGAAGGGCGCGGCAAGGAAGCTTTAGGCGCCATGAATCCACTTTGTACCCTGCGTTACTCTGCTACTCACGTTGATAAGCATAATATGGTTTATCGCCTGGATGCTGTAGATGCTTATGAACGGAAATTGGTTAAACAAATTGAAGTCGCTTCTCTCCAGGTTGAAGGTGGCCACAACAAAGGCTATGTTAAATTACTTTCCACCAGTAATAAACGTGGCTCCATTACTGCAAAAATAGAGCTTGATGTACAGCAGCTTACAATAGTGAATCGTATGGCAGTTACTGTAAAAGCAGGTGATGATCTTCAGCAGGTTTCCAATGGTCGTGTTGTTTATGCCGATTGTCTGGTCCAGAATATCAGTTGCAAAGCCGGCGAAGAATTTCTTGAACTAAGCAATCTGGAGAAGCCGTTACGTCCTGGCGAAGTTATCGGTGATGTTGCTAGCGATGAAATCAAACGGTTAATGATTCGCCGTACCATCGAAGAACATTTGGATAAAGAGCTACGTTTACGACCGCGGGGTATAAAAGTTTTGTCTCTGTTCTTTATCGATAGAGTTGAATATTACCGCAGTTACAATGAACAAGGTGAAGCGGTTAAAGGTAAATATGCCCTCATGTTCGAGGAAGAATACCGCAAATCTGCCGTCAAGCCGAAATACCATACCCTCTTCCATGAAATAGATTTGAAATCTGATGCTACTGAAGTCCATAACGGTTATTTTTCTATTGATAAAAAAGGCGCTTGGACTGATACCGCCGAAAATAACCAGAGTAACCGCGAAAATGCTGAACGTGCTTATAACCTTATCATGAAGGAAAAAGAGAAGCTGCTAAGCCTTGAGACTAAGCTCAAATTCATCTTCTCACATTCCGCTTTGCGTGAAGGTTGGGATAACCCGAATGTCTTCCAGATTTGCGCCATACGTGACATCGGCACCGAGCGAGAACGCCGTCAAACCATCGGGCGAGGATTACGGTTGTGTGTTAACCAGTTGGGAGAACGTTTACGTGGTTTTGATATCAATACCCTAACCGTTATAGCTACCGAAGGGTATGAGCAATTCGCCGAAAACCTCCAAAAGGAGATTGAGCAGGATACCGGCATACGGTTTGGTATCGTGGAAAAACATCAATTCGCTGTTATTCCGGTAAAAGACGAACAAGGCGGAACAACGGCGTTAGGAATAACTCAATCTGAAGCTATTTGGACATACTTGAAAGAAGCTGGATACGTTGATGCCAAAGGGAAAGTCCAGGATGCTTTACGCACCGTCCTTAAAGAAGACACTTTACAACTTCCTAAAGAGTTCGAAAATCAACTACCAGAAGTAAAAAGTATTCTTAAAAAACTTGCTGGCAAACTAGATATTAAAAATGCCGATGAACGTATCCTCATCAAGACTCGGCAAGCAATACTCCATAGTGAAGAATTTCAGGCTCTTTGGGATCGCATTAAGCACAAGACTACCTATCGTGTACAATTTGATAACGAAAATTTAATAATTCAATGCATAAAGGCTATCAGAGATTGTCCGCCTATCACCAAAACTCGTGTGCAAATAAGAAAAGCCGATTTGGCTATTGGTCGGGGTGGAGTATTATCGGAAGAAACCGCCGCCGCGGCCCCGATTACTATTGAAGAGACTGATATTGAATTACCTGATTTGTTGACAGACTTACAGGATAAAACACATCTTACTCGTCGTAGTTTGGTACGTATTTTAACTGGTTGTAGTAGGCTTGATGACTTCAAACATAATCCCCAGCAATTTATAGAAATAGCTTCTGAATCAATCAACCGAGTTAAACGTCTTGCCTTAGTAGATGGAATAAAATACCAGAGATTAGGTAATGAATATTATTATGCTCAAGAACTTTTTGAACAAGAAGAATTAACTGGATACCTGAAAAATTGTCTTGAAGTTAAAAAATCGGTTTACGAGCATGTTGTTTATGACTCCCCTGGGGTTGAACGCACTTTTGCCGAAGACCTTGAGAAGAATGAAGCGGTGAAGGTTTACGCTAAGCTTCCCAGCTGGTTTAAAGTCCCTACACCGCTGGGCAGCTACAACCCAGACTGGGCTGTACTGGTTGATAAAGACGGTGAAGAACGCCTCTATTTTGTAGTTGAGACAAAAGGAAGCATGTTCACCGAAGATCTCCGTGACAAAGAGAGTGCAAAAATCGAATGTGGTAAGGTTCATTTTAAGGCGATTGCTGTTGGAGAAGACCCCGCCAAATATGTTGTGGCGCGAACGGTTGATGATCTGATGACTAGATGTTGAAACTAGGGAATCCCCAACAGAGGAGATAGCTAGGGTGAGAAGTGACAAGTAAGGTAGGTGACACAAATGATAGATGATCCAGAGACTATTACAAATGAACTTCTTCAATGCCTAATACAAGACAAGAAGCCAATAGGTATCTTACTTGGCGCCGGATGCCCATATTCAATAAAAAACACCGCGGGTGAACCTCTGATCCCAGATATTTGCGGATTGACTAATGCGGTCAAGAATAAGCTTACTGGCGATAATTGTGCAGAATCTTGGCAGAATGTCTGTCAGCAATATCACGACGACTTTGGCAGGGATCCTAATATTGAGGAGATACTTAGCCGTGTGCGCGGGCTAAAAGATCTTGCAGGAGGAGGTCAAGTCAGGGGTCTTGACAAAACAAAACTAGAAAGTCTTGAATCAAATATTTGTAGAGAAATTACAAATTGCGCTAATAGAAAACTTGCCAACAGCTCAACCCCTTATCATAATTTAGCTTCTTGGATAGGTACTGTAGACAGGTCAGAACCTGTCGAGATATTCACGCCCAACTACGACCTATTGGTTGAACAAGCGTTCGAAGAATTGCGTCTACCTTATTTTGATGGTTTTGTGGGCGCCCATGAGCCATTTTTTGACCCTTATGCGATTGAGTTTGACAAGCTACCACCTCGTTGGACTAGGTTATGGAAATTACACGGTTCGATAAACTGGAGGAGTCGTGAGGTAGATGGTGGAGTCAATGTCTGGCGTTCTGGCGTTGCTGAAGGCGGAGATGTCGTTATCCATCCATCTCACCTTAAATACGAACAGAGCAGAAAGATGCCTTATTTAGCTCTTATGGACCGTTTGAAAAGGTTCTTAAGCACACCATCAGCAGCCTTGGTAATTATTGGCTATTCATTTGCGGACCAGCATTTGAACGATGTTATTCTTCAAAGTCTCCAAGGGACTCCTTCAGCAATCGCTTTTGCACTAATGTTCGGGCCGTTGGGACCATACCAAAACGTGGTGAGATCTGCCAAGAATCGGGCTAATCTCAGTCTCATTGCTGAAGACGGAGCAATAATAGGAACAAAGCAGATAGTGTGGAAGGAATCTAACGAGAAGCCTGAAACATTGTTTCCGGGAGTTATTGAATGGACGTCTGGTGAAGGAGAAGGTGCTTTATGGAAGGTTCACTGTAATCTTGGTGACTTTCGATGCTTCGGGGCATTTCTTCAAGGGATATCTGGCTCCAAAGGTTTAAGGGGAAAAACTCAATGAATAATGATCCTACTAAATTAGGAACAGTCGAGGATGTCAACGGCGCTAGCATCAGTGTCGTATTGGATGATGATGCCGTCAAGGGGTTGGCATTCGTTGACGGTCGAGCCTATAGGATTGGTCAGTTGGGTAGTTTCGTTAGGATACCTATAGGTTATGTATCTCTATTTGGGATTGTCTCCCAGGTTGGTGCAAGTGCTATTCCGGAGCGCATCGCAGCCGAAACAGACAAGATCGGGCGTCGATGGATGTCTGTCCAATTAGTGGGAGAGGGGAGCCACAAAGGAGAATTTAGGCGAGGCTTATCCCAATATCCTACGGTTGGCGACGCAGTTCACTTGGTTACAGAAGAAGATCTCACGCATATTTATGGACGACCAGATTCGCCGAAATTCTTAAAAATAGGTTATCTTGCAAGTGCAGAGTCTATTCCTGCGTTAGTCGATATAGATTCTCTGATTACCAGACACTCTGCAATCGTTGGAAGTACAGGAACAGGAAAGTCGACAACTGTAGCTGGTTTACTTAGTGCGATATCTGATCCCGGCCGATTTAAATCAGCTAGAGTCATAGTATTCGACATCCATGGCGAATATGCACAAGCTATGCGAGACCAATCTAATGTATTTAAGATTAACCCGGATAAGAAACGAAGCGAATTGCCGCTCTATGTCCCGTATTGGGCTCTTAATTTTGAGGAATTGTTATCAGTGACCTTTGGGGACTCGGTTGGTGAGTCTGAACGAGGTGGAATAATTGAGAGGATAACAGAGAAAAAACTCGAAGCCTTAAAAAATAAGCCGAGGAAAGGTGTTAGCGAGAGCACTCTCAACGTGGATACCCCGGTTCCTTTTAGCTTGCATCAACTGTGGTATGAATTGCATCTTCTTATAATATCCACACATCTTCAGACTGGTAACCAATCCCTCAGCACAGTGGCGTTCGAAACTGATCAGAACGGGACTCCGGTTGACATAGGAGACGCCATGCAAGTTAG
CP080651.2_gap13	289858	292834	2976	TTGCCGTTGTTACCAAGCCCTTCACTTTTGAAGGTGCTCACCGTGCCTCTACCGCCAAAGAAGGCATTAATCGCCTGCTGGGCAAGGTAGATACCCTGATTATTATCCCTAATGACCGTTTGCTGGATTTGTGCGACCAGAAGACCGGCGTTGATGCTGCCTTCAAAATGGCTGATGATGTACTGCGCCATGGCGTACAGGCTATTTCCGAGGTAATCACCGTTCCCGGTTTGATCAACCTGGACTTTGCTGATGTGCGTGCCGTTATGCGGGATGCCGGCCCGGCCTGGATGTCTATCGGTTATGGTTCCGGCAAAAACAGGGCTTCAGATGCTGCCAAGAGCGCTCTGGCCAGCCCCTTGCTGGATGTTTCCATCACCGGCTCCAAGGGTGTTCTTTTCAATATAGTGGGCGGTCCTGACCTGAGCCTTATGGAAGTTAACGAAGCAGCGGATGTTATTAAGCAGGCAGTTGATCCTGACGCCAACATCATTTTCGGTGTGGCTTCAGACTCATCCATGGGTTCAAATGTAAAGATAACCCTGATTGCTACCGGTTTTGTTTCCAAGATTGGTATGGCCGAAGAAGAGGGTGATGATGCCATTACCCGCCAGCTGAAAGGTATCAAGACCGAAGACGAGCTGGATGTACCTTCCTTCCTGCGGAGACCGTTATTCAATCGGGCTCGCCCGGTTGCACCGCCGGTGGATACCCGCTCTAACAAGCCCTCTTCCAGGATTTCCTGGTAAGTCTGGTATAGATAATATAGCAGGGCTGCAGTTTATAAACTGCAGCCCTGTTTCTTTGTAAAAAATAGGACTATATACGTATTGACTACCACTATCCCTTGTGTTAATCTATCTGCGCAACACAATATACAGTGTTGGAGGGCGTAGTGGATTGTCCTTATTGCAGTCACCCTGATTCCAAGGTGATAGATTCCAGAGATGTAGATGACGGGGTCCGCCGAAGACGTGAATGTGTGGTTTGCGGGCAGCGCTTTACTACTTATGAACGTTTTCAGCCGGCCGGTCTTTTTGTAGTTAAGAAAGATCAGCGCCGTGAAGAGTTTAACAAAGAAAAATTGCTGAGCGGTCTCAGACGTGCTTGTGAAAAACGCCCCTTGCCAGCCGGAGCGGTGGATAAAATAGCTGGTGATATAGAAGCTGAAATTTACAATATGGGCAAGGCCGAAATACCCAGTACCCTTTTGGGGGATATGGTTATGGAAAAGCTTAAGGCACTGGATAATATTGCCTATGTGCGTTTTGCCAGTGTTTATCGTGAGTTTACCGATATTACCCAGCTTAAAAAAGTGGTGGACAATCTGGTAAGCGGGCAGGATGAGGGCATACATAAAGGGCAGCTTAGCCTGTTGCCTGAAGATAAGATTTCCCCCAAGACCAGATATCAGAGGAGATGACATGGTAAATCACGTAAGCGGTAAGAAACCAACTCCGGTTAATCGCAACCGCGTGGCCCGCGCTATGTTTGTAGCCGCAGCCTCAATGGGTATTTCCGATAGAGTCCAGATAGAAACGCTTATCAGCCAGCTTATAAAGAAGCTGGAAAAACCGGTAGGTTTACCTGGTATGGAAGATTTGCTGCCCAGTGATTTAAAAGCACCTGCGGTACTGGCCACAGATGATGAGATAGATATAATGGTCAAAGAGGTGCTGGAGGAAGGCAACAAGGACAAACAGACCCAAATTAATATCCAAGCCAAGGAGGAAGAACCTATGCCGGTAAAAGTACAAGTTAAATCTGAAATTATGGCTGATGCCAAAGCTGAAGGGCTGAAGCTTACAGATAATGCCGTGTGCGTGCTGGAACGCCGCTATCTGAAAAAAGACAAGCAGGGGAAGCCCACCGAAACTGTGGAAGATATGTTCCGCAGGGTGGCTCGTACTATTGCCATGGGTGAGCTTATTTATAACCCCAAGGCAGACGTAAGAAGCCGTGAGGACGAGTTTTATAACCTGATGACCCGTCTGGAGTTTTTACCCAATTCTCCCACCCTGATGAATGCCGGGCGTGAGCTGGGTCAGCTTTCGGCTTGTTTCGTTCTGCCGGTAGATGATTCCATTGAGTCTATTTTTGATGCCGTAAAGCATACCGCTATGATACATAAAAGCGGCGGCGGCACCGGCTTTTCATTTTCCCGCCTGCGTCCCGAACAGGACCGGGTGGGTACTACCGGAGGGGTTGCCAGCGGGCCTGTGTCCTTTATGCGCGCCTTTGATGTGGCAACTGATGTTATCAAGCAGGGCGGCACCAGACGGGGCGCCAATATGGCTATATTGAGTATTGACCACCCTGATATCATGAAGTTTATCCATGCTAAAGATAAGGCCGGGGTGCTGACTAACTTTAATTTGTCGGTGGCTATTACCGATAAATTTATGCAGGCGGTGAAAGACGGGGTTGATTATGATTTGCTTAATCCCCACAATGGTGAGGTTGTTTCCCGTCTGAATGCTACCGAAGTGTTTAACAAGATTGTTCACATGGCCTGGAAGACAGGTGATCCGGGTATTGTGTTTATAGACCGCATAAATGCTTATAATCCCACTCCCCAGCTGGGGCGGATTGAAAGCACCAATCCCTGCGGTGAACAGCCGCTGCTGCCTTATGAGTCATGCAATCTGGGGTCTATAAACCTGTCACGCATGGTGACTGTAAGCGGCGGTAAAAGTACGGTTGATTATAAGAAACTCAGCCGGGTGATAAAGAGTGCGGTTCGTTTCCTGGATAATGTCATAGACGTAAATAAATTTCCTCTGCCACAGACTGAAGAGATGACCAAGAAGAGCCGCAAGATTGGCCTGGGAGTTATGGGTTTTGCGGATATGCTTTTAGAACTGGGCATACCTTACAATTCGGAAAACTCTATCAAGCTGGCAGAGGAAATAATGTGCTTTGTAAATGACGAAGCACACAAATTCTCTTCAGAACTGGCAGTGGAGAGGGGTGTGT
CP080651.2_gap14	303355	306392	3037	GGGGCTATGATACGTATCCGTCTGGGAGATAACCCGGATAACTACAAGCTCTATTTTCAGCGGGTTGCCCAGCCGGGGCCTGGGGCTGATTTTGGGCAGTGGACATATAGCGGTTCATATTTTTTCAGCCGGGCGGATGTGGCTAGCTTTGGCAGCAAAGTTTACGTGGTGGCCATAGATTATTATCGCAATATATTTATCTTTGAAAGTACAAATAACGGCCAGACCTGGTTAGCCCCGGTAAAGATAGGCACCAGTAATAACTCACAGGTTTACGGGTTATCCATAGCCTTTAAGCCCAGCGGGGATATGGTGGTATTTTATATTGAGTTTAATACGCTGTGTTATAAAAAACGGGTGAATGGCAACTGGCAGTCGCGCCAGCAGTGGGATAAATCTACGGGTGCACTCTCAGGAGTGAGCGCGGTGTATGATGGTGACTGGCGGCTGGTAGTTTCGGGTAATGATACCTCGGGTTGCTCCAAGGTTTGGAGTTTGAGTTTGGGTGACGGGGCTGATTTCGGAGTTGGGATCTGGTCTTCCCTGTACGAATTTGCATCTGCCCCGGCCGGAGGGCTTTACAGCTACAGTGCGGTCTCTATGGACTGTCCGGATGTATTTAGGGTGTGTTATCTGGAAAATTATACCGGAAATGTGGCAGATAAACGGGCATTTCTGAGCCATCTGGTAGTGGATAACAGTTTTAGCGATAACATCTGGTGTGAAAGCGTGCCTACCAGCATGAACAGCGAATTTGGCTTCGCGATGGAACATGACGGTCAATACGTATATCTGGCGGGAGTAAACCGTATTTACCGTGCCAAAATTGCCCAGAACAGCCTGGAAATAGGGGCGGATATACTGAAGTTGGAATCTATTTGCGGCAGCCTGAAAGGGAGTTTGGCGGCAGAGCTGGATAATTCAAGCGGCCGTTATAACTCAGCTGGCAGCGGCGAACTGGATATGCTCTCACCTGGCAGTGAAATTGAATTCGCCCCTGGTTATGAAACCGTAAATGGGGCTGAACACGGTCCGGGGCAGTTATATATTATCCAGAGTCTGGAAAGACGTATTTCAGAAGGCAAGTCCAGCCTGCTGATATGGGCTGAAGACTCTTTTTGCCGTTTGAAAAGGTGGCGGGCAACCAACCAGATGCGCTGGAACCGCAGCTCTTCCCAGCTTTCGGTCAGAGGGATAATGGGGTATGTCTTAAGCAAAGCGGGTATCCGCATGGACGTGCTGAGTGCATCCGCCCAGCTGGATAATTTCTACCCTGATTTTACTATACATGTGGGTGATGACGGGTTTGGACTTTTGGGTAAACTGCTTAGTTTTGTGCCTGATTTGGTGTTTCTACAGGGGCACTGTGTTTATTCACTTTATCCGCAGGAAGCAGATAGTCCGGTTTACAGTTACGGGTTTAATCATCCGGTATATAGCGGGATTTACGCAGATACTTTTACTGAAGTAAATAGAGTGGTGCTGGAAGGGATGGACTCTTCTTCCCATCTGTTTATGGTGCAAGGGTTTCTTTGGGATGAGATTTACCAGAATCATGACCTGACTCTAAGGCTCTATGACCGGAATATAAATACTTTGGCCCAGGCAGAAGAGAGACTGGACAGCTGTTTCAGAAAGGCGGTTTTAAAACAGCAAATGGGGCAGATAGTTGTGCCTATGAATTGCGGGCAGCAGCTTTTTGATGTGGTAAATATAAATCAGTTGGAAAGTGGTTTGGAAACGTTTGTCCGCCGTATAAACGGCATCCGTATGGTTTACGAGCCGGGCAAAGGTATATACCGGCAGGAATTAAGTTTGGGTAGGGTATAAGGAGATATAAATGGAGATTAAACGGGCAGTACTCAAAGGTTTTAATTCTGCAGCTTATACCGCTTCTATCCAGCTGGCGGGTGATTATAAGTCTATGTTGGAAGAGGTGAAGGTTGCTAAAAATATCCCTTCGGTTGAAATGCTGGCCGGGCGGAACTTGGGGGTCTGGTTTCTTGATGACCATAATACCAAAGATATTCTGGTGATAGCGGTGTATTTATAACCGGGGCAGGTATAGTCTAGCTTTAGTATGTGCAATAAAGGTGCAAGCCATTTCCCCGGCTTGCACCTTTTATATTTATCGGGTAAGAGCGGATGGCAGGGTGATATCAGTTTGAGCCTTTGGCACTTCTGGGGGAATAGGCTTCGGCTGCCTCCAGGCAGAGCGCCAGACTCATCAGGTAGTCATCGTGCCCGCGGGTGGTTTCTACGTAAAAATTCATCTGCTGGCTTTGGCGGTAGTCTGCCCGTGCTAGCTCCATTTCCTGCCAGAACAGGGCATATTCGGCACTGCCATTGGATGCATACATCTTCAACCTGCCTGAATTTACAGCCGAAAGCAAATTAAAGCCCAGCCGTGATTTTGAAGACGACTGGAAAACAAACGGCAGAATACGGCTGCCCAGGGATTCCCTCAGGAAGGAAGCTACCGGCTGTCCCAACCCGGTGGCATCTACTGCCACTTTGCGGCATTTCCAGACCTTGCCCAGCAGTTCCACCAGTTTTTCATAAAGCAAGGCATGGCGCGCTCCCTGCCAGCTATAGTGGCAGACCAGCTTTAGTTGAGGCAGATTACAGCGCTCTTTGGCAAATGTATAATCCAGCTCTGCAATGGTAAGCACGCTTGAGTCCCGCCGCAGGTTTACAGTTGCAGGCAAATCACCATCTATTTGTCCATCTTCACCTGCTAGGTCCAGCCCGGCTACATATACCTTGCCATTTTCGGGGTAGATTTGGCAGGGGTGGCGGCCTTTAAGCAAATCAAGCTGTTCGCTGCTGAACATGCCCCCGCCGCCGCTTACCGGAAGCAAGCGGTACTGGGTGAGGAACAGGGGGTGATTTTCTCCCAGCCGGTCTTTTTCAGACAGGGCATATGCCAGATAAGCCGGGTTGTGGGCGGCAACTTCTTCCCAGTCATAACGGAAATGCCGTTTAAGCCCGTCTTTTTGTTCTTTTTCTATATTCTGCCTTTTTATTTCTTCAAGCA
CP080651.2_gap15	307953	309906	1953	TTGAAACTTACGGCTGCTTGGATTCAACGTGCTAGAGCCGGTACTCTGGTGCAGTGCAGCGGCTGCCAGCGAATATTATATTTGGACTGAAAGAAAGGTATCTGAAAGATTAGCAAAATCATTATAAACACAGACGGGGCATCAAGGGGTAATCCCGGCCCGGCTTCCATTGGAGTAACCCTCAAAGACGAAAAATATAATCTGGTTGCCTGTATATCCAAGGCTATCGGCAATACCACCAACAATCAGGCCGAATATCAGGCCCTATTGGCCGGGCTGGAAAAGGCCTTTTCTCTGGGCGCAAAGGAACTGGAAATACGTTCGGACTCCGAGCTTCTGGTAAAACAGATAAAAGGTGAATACCGCATGAAGAATGAGGGGCTTAAACCCTTATTCAGCAAGGCGGTTTCCTTGCTGGGGCGGTTTGAGAGCTACCACATAAAGTATATACCCCGCGCCCAAAACTCCGAGGCGGATGCTCTGGCAAACAAGGCACTTGACGGTGGGAATTAAGAATTAGCTCAAACTAAGGGAGTAACTCCCCCTTGTTATTTGCATAGAATCTGTTTGTGCGGGTGGGGTATATCTCTGCTATACTAAGCTTGCCAAGCAGACCGGATGGCTGCCCGCTTTTATGGCGGGAGGAAAGTCCGAGCTCCTCCAGACAGGATGCTGGGTAACACCCAGGAGGGGCGACCCTACGGAAAGTGCAACAGAAACATACCGCCTGTGCAAACAGGTAAGGGCGAAATGGTGAGGTAAGAGCTCACCGGCAGTCCGGGTGACCGGCTGGCCGGGTAAACCCCGTCCGGAGCAAGGCCAAATAGGGGAACTTAAGGCAGTCTGGCCTGTTCCCGGGTTGGCCGCATGAACCAGCTGGTAACAGCTGGTCTAGATAGATGGTCATCGCCCTTGCCTTCGGGTAAGGGTACAGAACTCGGCTTACAGGTCTGCTTGGCTTAAATCTTATTAGTAAACCACTCCTTTTTAAGGGGTGGTTTTGTTATTTAAAGACTATCCAGGCCGGATTCAGCTGGTATATTTAAGCCGGGTGTTTAGATAGGAAAATAGCAAAAGGCTGCTTTCGCTTGCAGCCATTACCGTCATTGCCGTAAACAGGTTGGCTACGTATTCTCTGGCCGGAGCGGAGTCAGGCAGTAAAAGAGATAATACCTGGGGTAAAATAAAGAAGGTAACTGCCAGTAGACAGAGTATCCACCAGATTTTAGGCAGCAAATTTATTTTATATTCAGGCAGGTTATTTTGGGCTTCGGGTGGCAGTTTGCTTAGCTGCCATGTTTCGGCAGTAAACAGCAGCGGAAATACCACATTTACCACGGGTATCAAAAATCCTGGAAATGCCCGTCTGGATCTGTATCTGGGGGTGATAAGGTACAGGTTTACATAATAGGCGTGGCTCAGATGCAGGTAAAATATACCGCATACAAAGCTGGCGGCCAGCAGTATGTCTAAGCCCGCAATAGTCCGGTCCATGCCTTCTTCACAGAGATGCACATGTAACGGAATAATAATATCAGCCGGGCTGATATCGTCCAGATAGCTGCTCAGGTTTGCCTGCTGGATAGGCAAAGATATGCCGCCTAACATAGATAACCCCAGCAGCGACGGCAAGACCCAAACCCGTACTTTCAGCCGGGGGTTCTTTTTGTCTTGAGCAGTAATCAGCAGGGTAGGGCCTGTTTATTTGGAAATATATATAAATGTACGATAAAAAGACAAATATAGCAATCAATATCAGTTTATCCAGATTTTGGCTGCCGCTAAATGGTTTTCTTTAGTAATAAAATCAGCTGCTCTTAAGGCTTCAAACAGGCTGGCTTTCAAGGCTTAAGAGGCTCAAAATACAAAGATATCAGCCATTATTGAGGTTAGCCAAGGGGTTTGACTGGTTATAAATTATCCCCGGCAACCCTCCTCAGGCGGTTTGCTGCT
CP080651.2_gap16	505820	509938	4118	CCGTCCGGCATCACGGGGGTCAATTTTCAGGGAAAGCTCGCTTACGGCTTCATCCATAGCCCGGATGCCCTTGTAGTTGGAAACGCTCTTCATCCGGAAATGGTCAGTTTTATCAAAGGGCAGGGTCAGAGTGCGGACGCGGGCCTTGCCGTGTCCGATAACGGTCCAGCCTGAAATGGTCTGGATGATATCACCGGCATCCATGGTCTTGGCACCAATGTACTTGGAATTCTTTTCTTCACCGGCACACAGCAAATCCCAAAAGGGCTCAACAATCAGGGAGTTTATCTTGGAGAGGTTGTAGCGGAGTGAAAAATCCTTGCGGACATAACGCTGGTTTTCCACCAGTATAACCGCATCTGCAACCGAACTGATGGATTTTAAGCAGACAGCGGTATTGTAAACGGTGCGTTCTTCGGTTTTCTCCTCATGCTCAAAGGGCAGGGCTATCAGGGCATAAACCGGTTTGTCCATATAGCGCTCTTTGATATGCTGGGCGATAATGGAAACCGAACCCGAACCGGTACCGCCGGCCGCACCGGCAATAACCAGAAAACCGTCTGCATCATAAAAACGCTTGGTGGTGCGCAGGGCATCTATAACCTTGTCGGCATCTGCTCTGGCAATTTCAGCACCCAGTTCATTTATTTTACCTACCCCATGGCCGCCGGTTTTACGCCCGCCGATAAGTATGCGGTGTTGGTGGTCAGGTTTGATGGTAACCAGACCTGAAAGGTCAGCTTGGTCTGTGTTCACGGCAAATACTCCCGGGCAGATGCTTACGTTACGCTGGGAGCGGGCCCTTTTATCCATACGGGCAAACTCATCCGCTATGCGGCTGCCGCATTGCCCAAGACCTATTACAATTAATTTCATTTTGTCCTCCGTTAATCGGGCTAAATTCTAAACTAATAGCTTTAGCATGTCAACAACTTACGTTTAAATCTATCCTAGTTATTAGTTTAAAAATCTATTTGGAAATATAAGCTATCAAATCTCCCAGGCGGGTGGAGTAACCCCATTCATTGTCATACCATGAAAGTACTTTTACCATATTGCCGTCCAGCACCATAGTACTGGGGGCATCTATGATGGAACTGGCAGGGTTGCCCTTGAAATCACTGCTGACCAGCTCTTCTTCGCAGTATTCCAGTATGCCGGCCAGCTTGCCCTGGGCGGCTTCCTTGAAAGCGGCGTTTACTTCCTCTACGGTTACATTTCTGCCCAGTTCACCTACAAAATCCACCAGTGAAACGCTGGCAGAGGGTATGCGGAATGAAATACCGTCCAGTTTGCCTTTAAGTTCGGGCAGCACCAAAGCTACCGCTTTAGCGGCACCGGTAGTGGTGGGGATAACATTGACCGCGGCGGCTCTGGCCCGGCGGATATCCTTATGGAACATATCCTGTATCTTCTGGTCATTGGTATAGGCATGGCAGGTAGTCATGAAGCCTTTTTTAACACCGAATTTATCATGGAGAACTTTGATAAGGGGGGCGACACAGTTGGTGGTGCAGGATGCATTGGAGATAATACGGTGAGTATTGCAGTTGTATTTTTCTTCGTTTACACCCATAACTACGGTGATATCTTCACCCTTGGCCGGGGCGGAAATGACCACAGTCTTAACACTGCCGCGAAGGTGGGCGGAGGCTTTGGCGGCATCGGTAAATAAACCGGTAGATTCAATCACCAAATCCACCCCGGCGGTCTCCCAGGGGATTTGCATGGGGTCACGTTCGCTGAAAACTTTAATGGGTTTGCCATCTACTATTATAGAGCAGTCATCAGATTCAACTGTACCGGGATATTTGCCGTAGGTTGAGTCCCATTTTAAAAGGTGGGCGTTGGATTTATTGTCTGCCAGGTCATTTACCGCTACTACTTCAAGTTCGCCGCGGTGGTACTGGTTAATAGTCCTTAGGGTAATACGCCCGATTCGTCCGAACCCGTTAATGCCGATTCTGGTTACCATAATAATCCCCCTTCAAGTAAATTATAGATTTATCTGTTTTTTGGCCTTAAGCATATCCAAAAAGGCCTCAAGCCGGGTTTTCTGATGCTGGTTTAAATGAAAATCTGCGTTGCCTTCCAGGGTGAGTATGGGAAGCGGCAGCTTTTGCCTCAATATAATATCACCGATAGCCCGATGACAGAAAGCTTGGGTGTAATGGATTATGCCGTCTATGCGGCGCTCAGTGAGCTGGATCTGAATATCCCTTAAGCGGTATTCCATGGGGTAGGGGTAGGTATAAGCGGTGTAAGACTGGGAGATATCAGCACCGCCTTCGGGCAGGCTGAACTGCCTCTGAATTTCATTAAACACCACTCTGGCTCCGTTTTGCTCAAGGTAAGGGTAAAGCTCCTGCCCGAATACCGAAGGAACGCCCAGATATGCCAGCCTTAGTTCTGTTGAGGGGTAAGGGGTGCGGCTTTTCGCTGTATTCAGAAGTTTCTGAAGGTCAGCTTGGTACTTTACATAATCACTATTAAAATCTGAACTGGATACCAGCCAGTAGTGGTCTTCAAAACCGGATACTTTGTTTTCGGCATAACACAGGTAGTCCAGTCTGTGTGCCAGCTCTCTGGCGGGACTAAGTGTTTTCCGCCATTCTTCCGCCGCCTCAAGAGTAGTACCCAGCCTAATGGCCAGCTTTGACAGAGATGCTTTTACCTCCGCGGGGTTGGGTTCGGTGGGGAAGTCAAAGGGAATAGTGCGGATACCTTTTAGGTTCAAAACTTCCCTTAGCATCTGGGTGTTTGAGCAGTCACCGCTGGTTACACAGATAACCTCGCTTATGCCTTTATCCAGGCAGACACCGTAAATGCCTTTTATCCAGGCACAGCAGTTTAAGGGGAAGCCGTCTTTTTCAGCCAAGCGGATAAGCCTGTCAGGATTGGGGTCTGAAACGAAAATATTATTCAGGTCCAGCGGGCTGTAACCGGCTGAAAGCAGTATTTCTATGGGTACGGTGGTGGTAATGCCGATGTATTTGGGGTGCCCGTTATTTTTCAAAACAGCTCACATTTTATGAAAAATTTTTTATCCCATATGGCATCTGGCATATCTTTAAAACTTCACCCTGCGGATGCAGTGTGGGCGGGTTTTCACCGGCTGCCGGCTGCATCCAGAGGGTTTCTATATCCTTTTGTAATTATTTTAAGTTGAAAAAGGCCTCTTTGCCGGGGTATTTGGCCTTTCCGCCCAGTTCCTCTTCAATGCGGAGCAGGCGGTTATATTTGGCAGTGCGTTCCGCGCGGCAGGGAGCGCCGGTTTTTATCTGGCCGGCATTCATGGCCACAGCCAAATCTGCAATAGTAGTATCTTCGGTTTCTCCGCTGCGGTGGCTGACCACTGCCGTCCAGGCGGAATTATTTGCCATTTTGATAGCGGCAATAGTCTCAGACAAAGTGCCTATCTGGTTAAGTTTAATAAGTATGGAGTTGGAGGCATTTTCTTTTATGCCCCTTTCCAGCCGCTTTATATTGGTGACATAAAAATCATCACCCACCAGCTGCACCTTGCCGCCAAGTTTCCGGGTAAGCATTTTCCAGCCGTCCCAGTCATCTTCAAAAAGGCCGTCTTCAATACTGATTATGGGGTATTTTTCCACCCAGCCGCACCAGTAATCCACCATTTCGGCACTGCTGAGGGTTTTATTTTCAGTTGCCAGGGTGTATTTGCCTTCCTGATAAAGTTCGCTTGAGGCCGGGTCAAGGGCTATGAATATATCTTCACCGGGGCGGTAGCCGGCTTTTTCGATGGCTTGCAGTATGACTTCCACCGCATCTTTATTGGTGGGTAGGGAAGGGGCAAAACCTCCTTCATCACCTACAGTAGTATTCTGGTTCATACCTTTCAACACTTTTTTCAGGCTGTGGTAAACCTCGGTACCCATCCGGAGTGCCTCGGCAAAGCTTTTGGCACCTGTGGGCATCACCATAAACTCCTGAAAGTCAGTGGAGTTTGAGGCGTGTTTGCCGCCGTTTAATATATTGAACATGGGTACGGGCAGGATGTATTCGTCACAGTTGTTCAGGTAACGGTAAAGAGGCATATGGCAGGATGCGGCTGCGGCATGGGCAACTGCCAGTGAAGTGGCCAGCATGGCGTTAGC
CP080651.2_gap17	511723	515144	3421	TCTTGGCACCTATATCCGGTATGGTTTGCAGTTTATCAAGACCTGCCCCAACCAGTGCCCATATATCCCCGTAGCGGCTGGATAGCAAAGCGGCTGTCTCATTCCCCACGTGGCGGATACCCAGCCCGAATATTACCCTGTCCAGCGGGCGGCTTTTGCTGTCTGCAATAGCTTTTATTATATTATCCGCACTTTTTTCACCCATGCGCGGCAGTTTCAGTAAATCAGCCGCAGTTAGGTAGTAAAGGTCTGATACGTTTTTGACCAATCCCTCTTGTGCCAGTATCACGCTCAGGCTTTCGCCGATGCCGCGGATATCCATAGCCCCTCTGGAAACAAAGTGTTCCAGCTGGCGTTCAAACTGGGCGGGGCAGGAAACGTTGGCACAGTAGTGCATAGCCTCGCCTGCGGGGCGGTATATTTCCCCTCCGCACACCGGGCAGGCCGGGCGGTTAAGTTTGGGGTTAAACAGGGTTTCCTCCATGCTGAAGGGTTTTGATTCGGGGCTGCGTTTAGCCGGCACCGGGGCAACTACCTCAGGTATTACTTCGCCTGCCCGCTGGATTACTACCGTATCCCCTTCACGGATATCCTTGCGGAGGATATCATCTTCGTTATGCAAACTGGCTTGTTTTACCACTACCCCGCCTACATTTACCGGTTCAAGGATGGCATACGGGTTTAAAGTGCCGGTACGGCCTACCGATATGCCTATTTTTCTAAGGAGGGTAGTGACCTGTTCGGCCGGAAATTTATAGGCGATAGCCCAGCGGGGTTCACGTCCCGCATCCCCCAGTTTTTGCTGCAGGGATACGGAATCTACCTTGAAGACTACCCCGTCTGCTTCGTAGGGCAGGGAATCCCGGTTTTCCGCCATCTCACGGTAGTATTCTTTGGCTTCTTCCAGGGTGTTTACCAGACGGTTACGCGGGTTTATCCTGAAACCCAGGCGGCTGAAGTACTCCAGTATCTGCCAGTGGCTGTCAGGCAGCAGGCTGTCTTCCGCATACCCCAGAGCATAAATAAATATATCCAGCGGTCTTTCGGCCGTTACTGACGGGTCAAGCTGGCGGAGCGAACCGGCGGCGGCATTGCGGGGGTTGGCAAAAAGGGATAGCCCTTTATCAGCCCTTTCACGGTTGAGTTTGGCGAAGCCTTCTTTTGGAAGATACACTTCACCCCTTATTTCAAAAACAGGGGGGGCACCTTCCTTGGTATTTAAGGGTATAGAATGGATAGTTCTCAGGTTTCGGGTAATATTTTCGCCCTGAAAGCCGTCACCCCGGGTAGCACCGGTGGTAAACTTGCTGTTTCGGTAGGTAAGTGCAACTGCCAGCCCGTCCATTTTGGGTTCGCAGTCTATCTGAAAAGCGGCATTCCCCAGCAGTTTCTTTACCCGCAGGTACCAGGCTTCCAGTTCCGTATCTGAAAAGGCATTTGCCAGAGAAAGCAGCGGATAAGGGTGATTGACAATGCCGAAGGCCTTTAGCGGCTCAGCACCTACTCTTTGGGTGGGTGAGTCCGCCGTAACAAGCTCAGGGTGGGCTTCTTCCAGTTCTTTCAGACGGCGGAGCAAGGCATCATATTCGGAATCAGAGATTTCAGGGTTATCCTGAACGTAATACAATTGGTTATGGCGGTTTATTTCACGCCTCAGGTTTTCTATTTCAGTTCGGGGGGAAAACATATCTTCCATACAGGTTATTAGTATATCACAGCCCCTGTTTAGAGCAAGTACAAAAGTATAACCGCTTACGTTTGACAGGGGCTTGCGTCAGACGCCGTTCTAAGTTAAACTAAAACCAGAATTTTGTGAGAGGAAGCTAGAAAAATGGCTGAAGTTCGGGCTTTTCATGGATTACGTTACAACCCTATGTTTGTGGACGATATGGCAGATGTTATCTGTCCGCCTTATGACATTATCAGCCCTGAACAGGAAAAAGCCCTTAAAGAACGCAGCCCTTACAACTATATACGTTTGGAATATAGCCAGCCTACCCCTCAAGATAATGTTGTAGACAACCGCTATACCCGTGCCGCCGCCATACTGGAAAAATGGATAGGTGAACGGGTAATAACTGCTGAAAAGAAGGCAGCTATATATATACATGACCATTACTTCAGTGTGTTCGGCAAACAGTATAAAAGACGGGGAATTATTGCCAGAGTGCGGCTTGAGGAATGGGACAGGATGGTTATCCGCCCCCACGAGGGCACACTTTCCGAACCTAAAAGGGATAGGATTAATCTTATTTCAGCCGTCCGCGCCAATACCAGCCCGGTGTACGGGCTGTATCAGGATATTGAAAAAGATATAAACCGGGTATTGGAAATCCAAACAGGCGGCAAGCCGGCTGTCAGCATGAATATTGAAGGCGAACGCCACGAACTTTGGGTAGTCACCGATGATTCTGCTATAGCCAAGGTGACAGCTTTGTTTGACAAGAAACCCATCTATATAGCTGACGGGCATCACCGCTATGAAAGTGCCTTGACTTATAGGCGTGAACGTCTGGCCGGCAACCCTCAGCTGCCCTCTGATGACCCGGTTAATTTTGTAATGATGACCTTGGTAGATTTTGCCGATCCCGGTCTGGTAGTTTTGCCGGCACACCGCCTGCTGGGTGGTATGGATGCAAATACCTTGTCAAACCTTAAGACTAAACTGGCTTCCTTCTTTGATGTAACTACTATACCTGCCAAACTGCCTGGTGCTTGGGATACTCTGGATAAGGCTCTTAGAGAAGAGGGTAAAATCCGCTTGGCTATGTATGGTTTGGGCGGCACAGAGAATTTTACCTTGCTGACCCTGCGTGAGGTTGAGACCGCCAGTAATCTTATGCCGTATTTCCATTCTGATATATATAAGAAACTGGATGTTAGTGTACTTGACCATATTATCCTTGAGGAGCTGATGGGGCTGAAGACGGTGGAGGACCCACGCATATCTTTCAATTTTGACCGTAATGATGTGGTTTCAAGGGTGAAATCTGGTGAATTCCAGATGGCTTTTATTCTGAATCCTATGAAGGCGGAAATTATCAAGGCTATTTCAGATGTATCTGACCGCATGCCCCGCAAATCCACTTACTTCTTCCCCAAGCTGCCTTCGGGCTTGGTAGTTTACCGTTTTGACTCTGAGGCAAGTACTAAAAAGTAAACCACATAGGTTTATAAAACAAAGAAGGGGAGGTGAAAACCTCCCCTTTATGATTTTACCTAAATATTTTAATCAGGGCTTATAATCTTTGGCCATCTGGATAAAGTACCGGTGAAAGCGGTTATCCGCAGAGAGTTCGGGGTGGAACGATGTTGCCAGAAGGTTATTCTCCCTTACTGCCACTATAATCCCATCAGGCAGCTTGGCCAGTATGTCAACATCTTTGCCGGTTTTTTCTACCAAAGGAGCGCGGATAAATAC
CP080651.2_gap18	517904	520978	3074	TTTATTTCGGGGTGTTCCGCCAGAGCCTTTTTGACCAGAGCGGGGTCAGCCGCTTTGCCGTGCTCAAAATTAAGGGCAATTATCTTAGCCCCGAAAATGGAGGCAATCTTGGCAAAGCGTTCGCCGAATACACCTATGGAAACGCTTAGTACGGTTTCACCGGGAGATAAAAAGTTGACAGCCGCGGCCTCAAGGCCGCCAGTACCTGAGCCAGTGAGCACCAAGACATCATTCTTTGTCTGGAAGAAATACTTCAGTTTTTCAGCTACCTCTTTCATGATAGCTGCCATTTCGGGTCCGCGGTGGTTTATCATCTGCTGGCCCATGGCGGTTAAGACTTCTTCAGGACAGGGGGTAGGTCCGGGGATTCTCAGGTTTTGCATACTGGCTCCTTTTCAAATATTACCTTTAGTATATAAAAAATATTGCTTTTAGCAAAATTCTAAACAGCTTTGGAGTAGCGTCTCTTGCCGGCTTTTATTATATCACCGCATTTTACAGTTGTACCGGGGTCTGATATTTTAGCGGAATTTATTTCCACCCCGCCCTGTTCCAGCAGGCGGCGGGCTTCGCTTTTGCTCTTGGCAAGGTCCGCCTTGATAATAAAATCTATCACGCAGATGCCCTCACCGTTTTCCAGGCGGCATTCCGGCATATCTTCCGGTATTTCACCCCGCTGCACCACCCGGGTAAACTGGGCATCCGCCTCTTCGGCGGCAGCTGTGCTGTAAAGCTGAGTTATCAGCTCGCGGGCAAGGCGTTTTTTAAGTACCATGGGGTTTATCAGACCGTTTGCCATCTGGTTTTTAAAATCAGCTATTTCGGTTGCGGGTATGTCGGTCACCAGTTCAAAATACTGGAGTATCAGCTCATCCGGGATAGACATACACTTGCCGAATATTTCAGTGGGCTCTTCGGCTACGCCGATATAGTTGCCCAGACTCTTGCTCATTTTGTGGACGCCGTCAGTGCCTACCAGTATAGGTACCATTAGCACCTGCTGGGGTTTCTGCCCCAGCATTTCCTGCAGTTCGCGCCCTACCAGCAAATTAAACTTCTGGTCTGTCCCCCCGAACTCCACGTCAGATTTCACCATGACAGAGTCATAGGCCTGAAGCATGGGGTAGAGCAGTTCGGTTACGCTGATGGGTTTGCCGGCGGCATATCTTTTGGCAAAATCGTCTCTGGCCAGCATTTGGGCTACGGTAAATTTGGAAGAAAGGCGGACTACGTCTTCCAGTTTAAAGTTACCGTACCATTCGCTTTGCCAGCGGACTTCGGTTTTATCTTTATCTACAATCTTGAAAAACTGCTCCAGATAGGTTTTGGCATTTGCCTTTACCTGCTCGGCCGAAAGCATGGGGCGGGTGACAGAAGCGCCGGAAGGGTCACCAATCTGGGCGGTCCAGTCTCCCACTATCAAAACTACCTGATGCCCCAAGTCTTGAAGCTGGCGGAGTTTCCTAAGGGCTACCATGTGTCCCAGATGGATATCCGGCGAACTGGGGTCAAAGCCTTCTTTCAGGCGGAGCTTTTTACCCGAAAGAAGCAGTTTTTTAAAGTCTTCTTCTACAATTACCTCGGCTACGCCCCGTTTCAAAATCTGGTCTATCCGGTTTTCCGCTTGGTTCATCTGGTATTACCTCAGTATATCTCTGGCTTTTGATATATCAGCTGAAATCTGGGTTTTCAGGGCTTCGGCATCTGCGAAGCAGATTTCAGGCCGTAAAAATTCTACAAATTCCACCTTAAGTACTTGCCCTCTTATATCACCTGCAAAATCCAGCAGGTGGACTTCAAGGCGGTGTTCCTCCTGCCCGAAAGTTGGGCATGAGCCTATATTTGCTACCGCGTTATACTCTTTTTCGCCTAAAAATGCTTTGGCGGCATAAACACCGTCTGCCGGCAAGGCCAGATAACCGGGCAGGGTAAGGTTGGCGGTCGGGAAGCCCAGCTTCGTACCCCGGTTTGCCCCGTTTTGAACAGTCCCGCGGAGGTGATAGTTTCTTCCCAGCATCAGGCGGGCTTTGCTGACATTGCCGGAAAGTAGTGCCCGGCGGATGGCAGTAGAGCTGACTATCTGGTTTTCTATAACTACCGGCGATACTACCGAAACGCTAAAATCCATAATATGGCTAAACCGCCTAAGAGCAGTGGTATCTCCAGCCCGGTTTCTGCCCAAAGCAAAATCCGAACCTACCACAATACCTTTCATATGCAGGTGGTCCAGTAGATAGCCTACAAAGTCGGTGGCGGAGACAGTGGAGATTTCAGGGGTGAAAGAGAGCATTATTATCTGGTCGAGCCCCATTTGCGAAAGCGCCAGATTGCGTTCTTCCAAACTTAGTATCAGTTTAATATCATCCTGTCCAAGCACTTTGCTGGGGTGGTCTTTAAAGGTGATAAGGCAGCTTTGCAGATTACGTTCTTTGGCCTGTTTTTTAAGCTCATTTATAAGGTGCTGATGCCCCAGGTGGACACCGTCAAAAACGCCTATGGTAACAAGGGTATCTTGGTCTGAGGAATGGCGGATAATTTCTTCTTCAAGGAGTGTCATACAGTTGCCAACCTCTTGCTAAGTATTTCATTCTAGTATCTGATAAAGAAAAAGGGGCTTTCCCCAATATGAAACCCCTGCCAAAACATAACTTTTAAACCTGTTTTATACTAACACAAGGCTATAGGTACGTCAATTTTGTTATATATATAAGGAAAATAGGTGCGTAAATAAAATATTTTCATTGTTGGTATTTTTTCAGGTTAAACAGACTATTTATATTACATAAAAACTGGTATAATGCTTGACAAACTGTGCTTACAGGAGTACCATTATTATTTGCAAATTATGCCTCCAAAAAAAATGTCAAACCAAAAACAGCGATTTTTTCTTCTAGCCGCATTATTGTGCGCTTTCGTTTTTTAGCGCAACGACGTCCCTTGAGATTATAATAAGGAGCAGACATGGTATCTATGTTACCTAAGGCCGACGCCGCCACTGGTGTAATCCGCAAATCTTATGCCCAATTACCCGAGGTTGTCAATGTACCTAACCTGATAGAGATGCAACTGCAGTC
CP080651.2_gap19	525598	527476	1878	AGCTTGACGGCGGCCGTTTTGCCACCAGTGACTTAAATGACCTTTACCGCAGGGTTATTAACCGCAATAACCGTCTCCAGCACCTGATGGAAATCGGGGCTCCGGAGATTATTATCCGCAACGAAAAACGTATGCTCCAGGAAGCGGTGGATTCACTGATTGATAACGGACGCCGCGGCAAGAGCGTAGCTGTAAATGGTGACCACAAAGCCAAGTCGCTTTCTGATTTGCTTCGCGGTAAACAGGGACGCTTCCGCCAGAATCTGCTGGGTAAACGTGTTGACTACTCAGGCCGTTCGGTTATTGTGGTAGGCCCTTCACTCAAACTTTCACAGTGCGGTCTGCCCCGTCGTATGGCACTTGAGCTCTTTAAACCCTTTGTCATGCACCGTTTGGTACGAGACGGGTTAGCCCCTAATATCAAGAGTGCCCGCCGTTTGGTAGAGCGTGCCCGCCCTGAGGTTTACGATATTTTGGAAGAGGTGGTCAAGGAGAGGCCGGTTATGCTTAACCGTGCTCCTACTCTGCATCGCCTTAGTATCCAGGCCTTTGAGCCGGTACTCATTGACGGCAGTGCCCTCAGGCTTCACCCGCTGGTTTGTTCAGCATTTAACGCTGACTTTGATGGTGACCAGATGGCTGTCCACGTGCCTCTTTCCAAGGCGGCCGTGAAAGAAGCCCGTGAAACCATGCTGTCCATTCATAATATGATGCTTCCCTCCAGCGGTGAGCCGGTGGTCTCCCCCAGTCTTGATATGGTCTTTGGTTGTTATTACCTGACAACCACCCGTCCGGGCGCAAAAGGTGAGGGTAAAGTCTTCAGTGACTTTGAAGAAGCCAAACATTATTACGAAATGGGTATTATTGACCTCCGTGCCATTATCAAGGTACGTGACAGCAAAGGGAATATGCTGGAAACCACTACCGGGCGGATTATATTCAATGATGTCCTGCCCAAGGCTGTAGAGTTTCAGAATATGGACATACCCAAATCCGCCATTAAAAAGATAATCGGACGTTGTTACAAGATACTTTCCAGCCAGGATATGGCTATCATGCTGGACAAGATTAAACAGCTTGGTTTCAAATACGCCACCAGTTCAGGCATTTCTATTGCCATGAGTGATATTTCAGTACCGCGTGAAAAAGCTAAACTGGTAGCCGCTGCTGATGAGCGGACTGCAATCTCCGAAGGGCAGTTTGCCCGCGGTCTTATCACCGAGGATGAACGTTACAATAGTATTATTGAAACGTGGATGGAAACGACTGACCGCATTACGGACGCCATTCAGGCTGGCTTTGACAAACAGGGTTCTGTTTACATGATGGCTAACTCTGGTGCTAAAGGTAACATTTCCCAGATACGCCAGATGGCTGGTCTGCGCGGCCTTATGACTAACCCTTCCGGCCGTATTATCGACTTCCCCATCAAGTCTTCCCTGCGTGAGGGTTTGACTGCCCTGGAGTACTTTATATCTACTCATGGTGCCCGCAAAGGTCTGGCTGATACCGCTTTGCGTACGTCCGGTTCAGGTTATCTGACCCGCCGTCTTATAGACGTAACACAGGATGTTATTATTCTTCAGGAAGACTGCGGCACTTCAAACGGCACCTGGATAGTAGAGCCCAAAGAAAAGGGTATGCTGCCACCGCTGGTTGATCGTGTACTTGGCCGCTGGGCTGCTCATAATGTGGTTCACCCCCAAACCGGCGAAATTATTGTGGAAAACAATGAAGAGATTGACGAAGCTAAGGCCAAGGCTATCGGCGAGGCTGGTATTACCGAGGTCTTTGTGCGTTCTCCTCTTACCTGCGAAGCTACTCACGGCATGTGCCGCCGCTGTTACGGGCGTGACCTTGGCCGTGTCCGTCTGGTAG
CP080651.2_gap20	532801	534696	1895	AAACAGGTTGCCCTTCGCCTGCGGATAATACAGGATATGGGTCACCCTACAGATAAGGTTGAGCTTATAGTTATGGGTGGTACTTTCCTTTCAGCAGATACCGCCTACCAGTATGGTTTCATTAAAGACTGCTATGATGCGTTGAATGGGATAGTGGCTGGCAGTCTGGAGGAAGCTAAGACTATAAATGAAACTGCTCAGCACCGCTGCGTAGGCTTATGCATTGAGACCCGCCCGGATATCTGCGGTGAGACCGAAATACAACGGATGATAGATTTCGGAACTACCAGAGTGGAACTTGGCGTCCAGATGCTGGATGATGATATTTATAAACTGGTTGAACGGGGACATACAGTTGCGGATGTGGCTGAGGCCACCCGCCTTTTGCGTGAATACGGCCTAAAAGTGCATTACCACTGGATGCCCGGACTTCCCGGTTCAGCCCCTGAAAAAGATCTGGCACTTTCCCGCATGGTGTTTGAAGATCCCCGGTTTTGCCCTGACGGGCTTAAGCTTTATCCCACTATGGTAGTGGAGGGGACTGTACTTGAGGAGTGGTGGAAAGAAGGCAGATATACACCGTACCCAAGTGACATCATGACCGGGCTTATTGCGGATATTAAAGCTCTGGTGCCGCCTTATGTGCGTATCTCACGGGTTCTTCGGGATATACCGGCGGTATTTATCAGCGCGGGACTCAAAGACTCCCTGAGAGATGGTGTTCGGCAGATACTGGAAAGCCGCCACCAGAAGTGCAGGTGTATACGCTGTCGTGAATACGGCCACCGCCAGCGGAAAGGACAAACCAGTGGTGAACCCACCTTAAGGCGACTTGATTATCCTGCTTCGGAGGGCAACGAGATATTCCTTAGCTTTGAGGATTCTTCCGATACCCTTTATGGTTTGCTCAGGTTGCGTATACCCTGTTTATCCCTGCCTGTTCCGGATAAAAAATACGGCGGTAAAATAGGACTGGTACGTGAACTGCATGTATATGGCATAGAACTCTCACTGGGTGAACAGGGAGACCAGTCTGCCCAGCACCGGGGTCTTGGCAGAAAGCTGGTGGCCGAGGCAGAACGGCTTGCCCATGACGAATACGGCCTTAGCTCACTGGCAATACTAAGCGGTGTGGGCGCCAGAGAGTATTACCGTTCACTCGGGTATGAACTTTCGGCAGGGTATATGTGTAAGCGTCTGGCTTGATATTAAAGCGGATTTGGCTGATTTTGCCCTGTATGGTGACAAATGTTAAACTACAGGTGTAAACTCTGCTGATGTGTCAGTGAATGCAACTTGAACTGAATGGTAAAAACGTTTTTTAGGTGCTAGAATATAAACAGTTATTTTATACAGTAACTTGTGTGTATTACCAGTATATATGGTGACGGGAAAACAAAAGACATGGCTAGGAGGATAAAATGGTCCGTGTTGCTGAAGAATGGTTTGCAGTATGCGGAGGGTGTGAACTCTCTATACTGGATATAGGTGAGCCGCTGCTGGATGTTTTACCCAACTTGGAAATAGTTCATATGCCTGTTCTTATGGATCATAAACTTCTCGGACAGAAGGGTGATGGTATTAAATACGAAATCCCAGAAGCTGATCTTGGTATAATTACAGGCGGTATCCGAAATGAGGAAAACAGGGAACTTGCTCTGGAAATGCGCAAGAAATGCAAGCTAATCGTAGCCCTTGGCACTTGTGCCTGTTTCGGCGGTATTCCGGCTCTGGCAAACCTTTCTACTACCGAAGATATGTTGAAACAGGTTTTCAGTAAGGAGAAAGGTACTGATCCTGCTTCTCCTCCCGGTGACAAATCCCTCCCCAAAATGCTTGACCGTGTTTATGCCGTAGATGAAATAATAACAGTAGATATTCACCTGCCCGGTTGT
CP080651.2_gap21	550715	552750	2035	AGAGGTTAAGCGCAACTGGCGGCAGATGGTGGAATATGAAGTTCCGGCGGCTTTACCCGGGGAAACTCTGGCGCGGATTGAAAAAGCCACCTTGGATGCGTATAAAGTATTGGAATGTCGTGACCTGTGCCGTATGGATTTCAGAATAAGCCCTGACGGCGTGCCGTATTTTCTGGAGGTAAACCCGTTGCCCGGTCTTAACCCTGTCAGCGGGGATTTGCCGATTATGGTATCTAAACTGGGTATCAGCCATGCAGAGTTGGTGTTAAAAATACTTAACACGGCAATGGTTCGCCACAATCTGTTAGCGGAGAACTGCCTGCTCTAAGTTTGCTATAGCGGTTATGTCCAAGCCTCCTTCGGGAGGCTTTTTAATTGGGGACCATTATGTTGGCATGTCTTGATATTTCAAAAAGCCGAAGCTATAATTGAGAAAAGGTATCATTTAGAAGGATTTACGTGTCAACTATTCAAAGCCGCATACGCCAAAATAAATATAAGATAACTCCCCAGAGGCAGGCCGTTTTGAAGGTGCTTTCCAGCGCAAACCAGCCGCTAAGTCCAGCCGAAGTGCATAAATTGGTACAGTCAGATAAACCGTCAACTGGTATGGCTACTGTGTACCGTTCATTGCAGCTTCTTGCTGAGCTGGGCCTTATTTGTGAGCTCCATACCGCCGGAAATTGTCATCGTTACCTGCTTAAACGTATAGATTCCCACCATCATCATCTGATATGTTCCGGTTGCGGCCAAGTTGTTCATGTAGAGGGTTGCGGGCTTCAAGAAATTACAGAAAATTTATCCCGGCAGACAGGATTTGCCATTGATACCCATTTGCTGGAGTTTATAGGGCGGTGCCGGAATTGTCAGAAGGAGACTGGTAAGGTATGAAATACAGGACATTATTTTTGGGTGTGGCTTTGGGGGTTACACTTCTGAGCAGTTTCCTTTTGGCTGGCTGTCAGGAAGAATCATCTTCTGCAGATAAATTGAAAATTGCAGTCAGCATAGTACCGCTTAAAGAGTTTACCCAGCAAATTGCCGGGGATAAGGCAGAAGTAGTGCTCATGGTTCCTCCCGGAGCCGAGCCCCATACATATCAGCCGCTTCCTTCGCAGATGGTAGATATCAGTCAGTCAGATATGTACGTGAAATTGGGTTCTGATTTTGGTTTTGAACAAAACTGGCTTTCAAAGATATTGTCGTTAAATAACTCTATGCTGGTTGTAGACAGCTCGGTAAATATTACCCTGGAGCGTAGTTCCGAAGACGGTGGGGCGGACCCGCATATCTGGCTTTCACCCCGTAACGCTATCCAGATGGTTAAAAATATCACTTTGGGATTGATGAGTCTGGATCCTGAAAATCAGAGTTATTACGCAGCCAACCGAGATGCTTATCTGGCAAAGCTTGGGCAGCTGGATAACGAAATAACCCTGGCCCTCAGTAACCTTTACAACCGCACTTTTTTGGTCTTTCATCCAGCTTGGGTTTATTTTGCCAGAGATTATAATTTGGAAGAACTTTCCATTGAGATAGAGGGAAAAGAACCCACCCCCCAGCAGATGATAGAAATAATAGATTTGGCTATACAAAACAATATCAGTATTGTTTTTGCTTCGCCCCAGTTTTCCAGCCGAAGTGCAGAGTCAATTGCCTCTGAAATAGACGGGCAGGTGATAATGATAGACCCGCTGGCCCAAGATTACATAAAGAATATGGAATTTGTTTACAAGCAAATGCAAGAGGTTATGAGCTAAAAATGTCTGACACACCAGCCCTGGTGTTTAGGGGAGTTAGTGCCGGTTTTGACGGCCTTACGGTACTGGAAGATATTACTTTTTCCCAGCCCGCAGGACGGATGCTGGGGATTATAGGCCCGAATGGCGGGGGGAAAACTACTCTTTTGAAGCTGATTTTGAGGCTCATCCAGCCTGATTCCGGCACTATACAGGTGCTTGGCAAGAGCCCTGAAGATGCAAGGCCGGAAATAGGTTATGTTTCCCAATACCATCTTTTTGACCGTGATTTTCCC
CP080651.2_gap22	572280	573443	1163	TCCTTTCCAGACAGGTGGGGGCGCGTAATGTGGTGGTTGCTTTGGGGGTGGCCACCCCCATGGCGGAAGACCCGAATATAATCAACCGCAATATTGCCCCCGGTACCAATAACATGGTTTACGGCCCGGCTATGACCCGCGAGCAGGCGGTAAAAGCTATTGAAACCGGTATAGAGATTGTAAACGCCGAGGTTAAAAAAGGGCTGGATTTGGTAGGTACCGGTGATATGGGTATCGGCAATACTTCCCCCTCCGCCGCTATCTGCTCTGTCATTACCGGGCGGTCACTTGAAGAGGTAACCGGGCGGGGTACCGGTGCGTCAGACGAGCAGATGAAGCTGAAACGCAATGCCATTGCCAAGGCAATTGCCCTTAACAAACCCAATGCCCAAGATGCGCTGGATGTGCTGTCCAAGGTGGGCGGCTATGAAATAGGCGGTCTGGCAGGGGTAATACTGGGTGCGGCAGCTAACAGAGTGGGGGTGGTTGTAGACGGCTTTATTTCAGGTGCGGCGGCACTTATTGCGTATACTATCTGCCCGCAGGCAAAGGACTTTATGTTTGCCGCTCACCAGTCGGTAGAGCCGGGACACCGTATTTTGCTTGAACACATGGGGCTGGATGCTATTTTGAAAATGGATATGCGGCTGGGTGAAGGCACTGGTGCCGCCCTTGCCATGAATATTATCGAAGCATCCAACCGTATCCAGCACGAGATGGCCTCTTTTGCAGATGCCGGGGTTTCCGAAAAGCAAAGTTAGGTGTATTCTGGTATAATCCCGGTTTGAGGAAATATATATGGGTTCATTCTTAGCGGCTTTCCGCTTTCTTACCAATATACCTGTACCCTGGCTGAAAGAAGACTGGCAGGGGGAGAAGTCACATCTGGATTTTGCCCGCTCACTTGGCTTCTACCCCCTGGTGGGTTTAATTGTCGGGTTGATACTGGCTGGTTTGAGTTGGGTTTTCACCCTTTTTTTACCTGATGTACTCACGGCCGCTTTGCTGACAGTAAGCCTGGTGGTGATTACCGGCGGTTTGCATCTTGACGGCTTGACAGATACTTTTGACGGTATTGCCGCCGGCCACAAGTCATTTGAACGTGCCCAGGAGGTAATGCACCTGCCGGGGGTGGGGGCTATCGGGGTACTTGCGGCAATCTG
CP080651.2_gap23	576592	577269	677	GGTAACCGGCAGCAGCATTATAAGCCGTCCTACCGAATGGCGGGTTAGGTACAGAAATGAATCAGGGTCTATCTGGCCGATAAAGGGCAGCAGCTGGGGGTAATGCAGGAAAAATCCCCCGGTAAACAGAAGTATCAGTATCCAGATATGCACATTGGCAAGTAATCTGGGCAGGCGGCGAATCTGGCTGTAGAGGAAACTAAATACTTTTTTCATAAGGTCATATGGTTTCAGGGTAAATCTTCCATGATGAACCAGCCGCGTTTCAACCCGTAGAGAATAGCTTCTGTCCGCGAACCTACAGATAACTTTTTGCAAATATTGGAAAGATGCGTCTGGATGGTACGGTTGGATAAATATAACTGGTCGGCAATATCCTTGTTGCTGACGCCCCGTGCCGCCATTTTAAGCACCTCTATTTCACGTTCGGTAAGCGGGTTTACGGCTGATACTTCCTCTGTTTTAGCAGCTTTATTAATCAGCTGGTCAATAACCCGGCGGGTGGTAGAGGGCTGCAGTACCGATTCTCCGGCATATACGGAACGGATAGCTTCCAGCAACTGGGTGCCTTTAACGTTTTTAAGCAGAAAACCGGCGGCGCCTGCTTCCAGTATGGCCAGAATATACTGTTCAGATTCGTAAGCGGTAAGTATGAGTATGGCAGTGGTAGGCAGGAG
CP080651.2_gap24	583557	588243	4686	TTTTATTTTGGAGTCTACATAAGAGTGCGAAGCAGGGTCATCTCCCACCAGTACGGTGGCCAGACCGGGTACTATGCCGTGCTTGGCTTTAAGTGCAGTTACTTCACTGCGTATCTCTTCGCGGATGGCGGCGGCTATTTCTGTGCCGTTTATAATATGTGCGCTCATTATTCTGATACCTCTGTGCGGTTTTTAATGCCAAGCCGGGTTGAAAGTATTTTGGCCACTGCCTGCACTGCCGGAGAGTTGTCAGGCAATTTAAGCAGGGGGGTTTGCTTCAGGTCAAATTCACGTATCATTTCATCTGCCGGTACGGTATCTGTATAGGCTATGCCCAGTTTATTAATCTCCGCTTCCAGGCGCGGGTCAAGCGTTCCGGTGACCATGTTTATAATAACAGAAATCTGGCTGACATTAAGTTTCATTTCATCTACCAGCTGGCGTATCCGCCCCAGTGTCCGCACCCCTTTGACCGAGTGGTCAGATACTATAAAAAGGTGGTCTACATTCTGGGTGGTGTGGCGGGACAGGTGTTCCATACCGGCCTCGTTATCCATAACCACATAGCGGTAGTTCTGGCTGAGCTTGTCTATATAGCTGCGCAGGATGCTGTTAGGGTAGCAGTAACAGCCGTCACCTTCGCCCCGGCCCATGCTTATCATATCCAGCCCTTTGCTTTCCGCCAGAGTGGTATTCAGCTGATACTCCAGATAAGCTTCTTTGGTCATGCCGGGTGGCAGGTTTAATTTTACATTGTTAAAGCTGGCTATCAGCCCGCCCACAGTCTGCGGCACGTCTAAACCCAGGCTTTCCCCCAGATTGGCATTGGCATCAGCATCTACCGCCAGCACCGGGGTGAGAGAGTTTTTTAAAAGCTGGCGTATAATCAGACTGGAAACGGATGTTTTGCCTACCCCGCCCTTGCCTGCCAGTGCAATAGTATAGGTCAAGTATTGCCTCCGTTGAATTTACTTAAAGCGGCATATACCTCAGGGAAATCACTGGATTTGGTATGAGGCAGGAACATGGCCGCCATATAGTTATCCATAAAGCTGGTGCTTTCAGATAGCTCTACATTGGTCATCATTTTGGCGGCGGCAGCAGCCTGGGTCTGGGCATTTGCATCAAAAGCACACAACCTGGCACCAGCCAAAGAGCCGTTGCCTACAAAGATGAAACGTTCTTCGGAAAGTTCGGGTAGCAAGCCTATATTGATAGCTTTTTTAATATTCAGTTTGGCACCGAAAGTCCCGGCAATAATCACCTTTTCAAGGTTGTCAAAACCGGCGCCGGCACTTTCCAGCAGTGTCTGGTAACCGGCATACATGGCAGCCTTGGCCCGGATAAGGTTATCTATATCTACTTCTGAAAGGGTTATATCTTGTCCCTGCCCGAATTCGCGGCCAAAGGCCAGCACATATTCGCAGCCGTCAGCACCTTTGCGAAGGCGGCTGGTTTTAATATTTGAGTTGTATTTGCCGTTTTGCCCCAGCAGGCCGCATTTGAGCAGGGCGGATGCCGTATTTATAAGACCTGCACCGCAGATACCCTTGGGACTGCCGCCGCCTATAATGCTAAGTTTGGGTTCAAAATTTTGGGTATCCAGTTCAATATCTTCTACCGCCCCCGGTTTGGCCAGCATGCCGTTTTTTATACCGCCGCCCTCAAAGGCCGGTCCGGCAGAGCAGGAAGCAGTTAACATAAAGTCTTTGTTGCCGACTACTATTTCCCCGTTGGTGCCAATATCTATATACAGCACCAAACCTTCCCGGCGGGGGATATTGGTGCTTATTACTCCGGCCACTATATCACCGCCCACATAGCTGGCAACACAGGGCAGGGTGTATATATATGCCTGCGGGCAGATGCTCAGATTTATATGGCGGGCGGGTATCAGCGGCAGTTCATTTGCCGCGGGTACATACGGGGCAAGCCTGAGGTGTTTGGGGTCAAGCCCGTAAAGCAGCTGGGTAATGGTGGTATTGGCGGCTATGGTTGCAAACGAAATATCATCCGCTTCAAGTCCGTATTCGGAAAGCATGGCGTTACCCAGATTGTTAAGGGTGTTTACTACTACCCGCTGAAGCTGAATAAGCCCGCCCTCTCTGGCGGCATAGTTTATCCGGCTGATAACGTCTTCCCCAAGGGGTATCTGACCGTTATATTCGGTTGCCTGTGCCAGCACCCTAGATTCGGTAAGCTCCACTAGCTGTCCGCGGACACCGGTAGTGCCTATATCAAAAGCAAAAGCGTATGTTGCCTTAGTCTGGTCTCCCGGTTGGATATTTATTATCTTTTCCCCGCCGGGGGTTTTAAGCAAACTTAGGGTTACTTCCCAGTTCTTTTCCCGCAAGGTTTCGGAAAGACCTGAGAGAAGGTGATAATCTATATCAGGCTCTGCCGGACACACAGGTTTAAGAAAACGTTTTAATCTGGCAAGGTCACTTGCGTTATCCGTACCGGACGGGGGGGTAAGTTTCAGAAAAACCTTTCGGAGAGGCAAAACGGCTTTATTTTCAGAAAGTTCAGGCTGGCTTTGCAGGGTGCAGCTTATAGTATCACCGCTTAGGGCGGTATCAAAACGTGATTCAGCCAGAATCTCCACTGTTACGCTTGATATAAGACGGCTCTGGCAGGCCAGCCGTATTCCCTGGGCAAACTCTTCAGCGCTTATCTGGAGGTGGTCTTCGCACTCCAGTTCGCCTTCCACCAGTTTTATACGGCAGCGTCCGCATACGCCTTCGCCCCCGCAGGAGGCACACAGCCCTGTTCCGGCGGCAATAGCCAAATCCAGCAGGCTGTCCCCCTTCTGGCCATTTATAATTTTATGGCCGGGCTCAAAGCAGACGCTAAATTTCTTCTCGGTCATCTTACCATTTTATCAGCTTTAAACAGATTAGACCAATTTAGAACAGGCCCTTAACCTTGCCGGTATGAGTATCTATATCTATCCGCCTGAAATTGGGGTCAGACGAAGTACCGGGCATAAGTTTGATATCCCCCGCCACCGGCACTACCAGGCCTGCCCCCATATAGGTGAGTATATCACGTATAGGCAGGGTAAAGCCGCCGGGACGTCCTTTAAGTGCGGGGTCATGCGAGAGGCTGAGGTGGGTTTTTACCATGCAGCTGGGCATAAACTGGGTGTTGCCTGTGTTTTCTAGGCGGGTAAGCTTTTCTAGGGCTGTCTGGCTGTAGGAAACGCCGTCTGCCCCGTAAACCTTACGGGCAATGGTTTCAATCCGTTCCCTCAGCGGCATATCTTCGGGGTAAAGGAAATGAAAGTCATTAGGTTCGTTACAGGCATCTATCACTGCTTCGGCCAGTTCGGCTGCTCCTTCACCACCGTTTGCCCAGTGATAGGAAACAGCTACTCTGGCACCTGCCTGCTCGGCTGTGCGGCGGATAATATTTATTTCCTGAGGTGTGTCTGAGGCGAAGTGGTTTATGCAGACCACAGGGTTTATGCCTGCCATTTTTACAGTCTGGATGTGGGCAAGCATATTCTGGCAGCCCTTTTCCACCAGCGCCGCATTGGGAGTGGTATAGGCAGGGTCAAGGGGGGCGCCGGGAGTTACTTTGGGCCCGCCGCCGTGCATCTTTAAAGCCCTGACCGTAGCCACAATAACTGCACAATCCGGTTTTAAGCCGCTTAAGCGGCACTTTATATTCCAGAACTTTTCAAAACCGATATCCGCCCCGAAACCGCTTTCGGTTACATGGTAATCAGCCAGTTTAAGTGCCAGCCGGTCAGCCACAATAGATGACTGCCCGATAGCAATATTGGCAAAAGGCCCGGCATGGACAAATACCGGCTGACCTTCTATAGTTTGAAGCAAATTCGGGTTTACCGCCCGAAGGAGCAGGGCGGTCATGGCGCCATCTACCTCAAGGTCTGCGGTGGTAACCGGTTCGCTGTTTTGGCGGTAGGCTACAATTATCTTGCTCATACGTTCCCGCAGGTCTGCCAAGCCGGTAAAAACCGAAAGTATGGCCATCACCTCGGAGCTTACGGATATGCCGAAGCCGGAGCGCATCTGGTAGCCGTTTGTTTTACCGCCTATGCCCATAATGATTTCCCTGAGGGACTGGGCGCAAAAGTCTATTGCCCATTTCAGTTCCACTCTGGCGGGGTCTATATCCAGCCGTTTTAAATTGCGGCTGGACAGAAATTCATCTGTATTATTCGCTTCATGCTGAAGCCTGGCCTGAAGGGCGACCATGGCCAGGTTGTGGGAATTGGTAACAGCATCTATATCCCCGGTCAGCCCCAGAGTAAAAGGTGAAAGCGGCAGGCATTGGGAGCGTCCTCCCCCGGCTGCCGAGCCTTTTATATTGAAGGTAGGGCCGCTGGAAGGCTGGCGGATTGCCCCGGTTACTTTCTTGCCCAGATTTCCCAGCCCCTGCACCAGCCCCATAGTGGTAGTGCTTTTACCTTCACCCAGTGGGGTGGGGGTAATGGCGGTTACATCTATATACTTGCCGTTTGGTCTGTCTTTCAGGCGGGTAAGTACCCCGGCAAAATCCACTTTGGCAACATATTTGCCGTGGGGGATTATCTCATCTTCGGTCAGGCCCAGTTCCTCAGCCAGCAATTTTGATGGCTTCAGGAATTCTTCGGCCTTTTCGGCTATTTCCCAGTCTTTCATCAGGCCGGGGTCAAGGTCTTTTAAGTGGGATTTGCGG
CP080651.2_gap25	595412	598592	3180	GCTGGGTATGCTCTCCTTGAGAAACATACCCATAATCTCTCCGTGGGGGGTAAGCACTTCCTCAGAGACTATTATTTTGATGGGGCTGTTTTTAGCCAGCATTAAAGCTCCCTCGGCTGTGCCGTGGTCACACAAAGAAATGCAGTTTATGCCTTTTTCAAGACATCTCTTTATCAAATCTTCGGGTTTGGTATTTGAGTCCATAGAGTAATTCGTATGGACGTGTAAATCAGCTTTTAACATTATTAAGCGGTTGCCTTTCCCAGATACTGGCCGCTACGGGTGTCTACCCGGATTAAGTCTTCGTTATTTATAAATAAGGGCACCTGTACCACCAGTCCCGTTTCCAAAGTAGCCGGTTTGGTAGTGGTGGCAGCGGTGTCACCCTTAAAACCCGGTTCGGTATGGGCAATTTTCAGGTTAACCGATGCCGGCAGCTCAACCCCGATGGCTTCTTCCTGAAAGGTCATTACCCTGACACTGCCGTTTTCCAGCAGGTAGTTGACAGCGTCACCCAATACACTTTTATTTAGAGCTATCTGCTCAAAAGTTTTGTCATCCATGAAATGGTAAACGTTTTCGTCATTATATAAAAATTGCATATGGCGGTATTCCAGGTTTACCAGATTGAACTTTTCGTCTGACTGAAAGGTTTGTTCCATAGTATGCCCGTCCCGTATATCTTTAAGTTTCAGACGGAGCAGGGCGGTGTGTTTCATCTTGACATGTTGGATATCCATGACCTGAAACAGGCCGTTTTCCTGTTGGATGATGCAGCTTTTCTTTAATTCGTTTCCAGTGGCCATATAAACCTTTCTTCTTTAAATATAGGGGTTTTGTTTATCTGATTTTGAGAGCAATTCTATTTTACCATTTTTAAGGGTGCAGGTATCTTCTATACGGATGCCCCCCCAGCCCGGCAGGTATATGCCCGGCTCTATGCTGAAAACCATTCCGTCTTCAAGTATATCCGCACTTCTGGGGCTTAGGCGGGGTGCTTCATGCACCTCCAGCCCCACCCCATGTCCCAGACTATGCCCGAAATTGGCACCGTAGCCGGCTTTTTCAATAACCTCTCTGGCTATAGAATCAGCCTCCTGCCCGGTCATTCCAGAGGTGATTTGGTCTATGGCTTTTTGCTGGGCGGCCAGAACTATATCATATATTTTCTTAAATTGGCTATCCGGTTTTCCGGGTAATACCGTCCTGGTCATGTCACTGACGTACCAGCTTGCTTTTGCCCCGTAATCCATAAGCAGGGGTTGTCCGTATGCTATAGTTACAGGGCGGGTTTGAGCATGAGGCAGGGCGGAATTTGCCCCGGTAGCGGCAATAATCTCAAACGGCATAGACTGGCTGCCGCGGTTTCGCATAAATTTCTCAAGTTCCCAGGCCAGCTGCTGTTCGGTTATACCCGGTTTTAGCAGGGAGGGCAGGGCGGAGAAAGCGGCATCGCCAATGGCGGCGGCCTGTTTGATATCGTCTATTTCTTTTTCAGATTTTATCTGCCGCAGTTTGCCTGCCAAGTCTGCTGTTTCTGTAAGTAAAATATCTAAACCGCCTTCGCTGAGTGCGGTCTTTAGTTTGCTGTATTCTTCAAAAGTAATATAGAAAGATTCAAAACCCAAACGGCGGATATGTTCGGAGCTTAACAGTTCAGGCAGCCAGCGGGACATTCCGTTAGTAACTTTACATAAGGTATATTCAAGGGATTCATTTTCCGCTTGCTCGTAGTAGCGGAAATCTACCGCAATAAAAGATTGTGTTTGGGTGATAAGCAGGTGACCTTCGCCGCCGGTAAAGCTGGACAGATAAAACATATTTTCAGGTTTGGATACCAGCAGACCGTCCAGTTCATTTTCAGCCATGAGCTTTCGCAGGAGTGCAAGCCGGGTGTTTGGCTGTTTCATTCGTCTTCACTCCTTGGAGTATCATTCTGCGGTTTGGCCAGCGGGTGGCTGGACATATAGACTTTGCGGGCTTGGCTTTTGGTAACGTGGGTATATATCTGGGTAGTAGAAAGGTTTGAGTGGCCGAGTAGCTCCTGTACTACCCTTAAGTCTGCCCCGCCGTCCAGCAGGTGAGTGGCAAAGGTATGGCGCAGCATGTGGGGGTGTACGTGTTTTTCAATACCGGCTTGGTGTGCCAGCTTATCCAGTCTTTCCTGAAAACTGCGGGCACTCAGTCTGCCGCCGTTTGGATTAAGGAATAAAGCCGGAGTATTCCGCTTACCTTTCAGCAAGGGCCTGCCCAGGTTTAGATAAGTTTGGATAGACTGGATTGCCGGCAGACCCATCAGAACTATGCGTTCTTTAGACCCTTTGCCCCAGACCCGTATCTGGTGGGAGTGCAAATCCAGGTTTTCTATATCCAGTTTGACCAGTTCACTCACCCGCAGGCCACTGGCATAAAGCAGCTCCATAAATGCTTTATCCCGCAAACCCTGGGGGGTGGAAAAATCAGGTATCCGCAGCAGTTTATTAACTTCAGCGGTAGTCAGAAACTCCGGCAGGCGTTTATCCAGACGGGGGCTGGAGGCATTTAGGGTGGGGTTTTTCTGGATAAGGCCTTCCCGCATAAGGTAACGGTAAAAAGAACGTACAGCCGAAAGTTTGCGGGCGATACTGCCCTTAACAATCCCTTTTTCTATCAGGCTGGACATATAGTCCCGCAAAATATAGCGGTCTACCTTGTCAAAAGAGCTTACCTTTTTTTCAATCAGGTAGTTAACAAAACCAATTAAATCTGTGCGGTAGTTTCTAAGGGTATAAGCCGAAACATTTTTTTCTACCGTCAGATATTCAAGGTATTTGTTAAAATTCTCCTGCATTTAGCTTTCATCTTCAAGTTTTTTGCGTTTACCGCACTTGGTGCATTTGGCCCAGTTCTTGCCGCTCTTGGTCATAAGGGCGCCGCATTCCGGACAGGGTTTGCTTAGCGGCTTGTAGAAAGATACAAATTTGCAGTTCGGGTAACCGGCACAGCCGTAAAATATCTTGCCCTTTTTGCTGTATTTTTCAACTATATCCGAATTGCACTCAGGGCATTTGGCACCTGTTTTTATCTGGTATGAGCGGGTATAACGGCAGCCGCCCTCTTCTTTGGTATAACGTGAGCAGGCAATAAATTTACCGAAACGCCCCCGTTTTACTACCAGCTTGGCATTGCATTCGGGGCAAA
CP080651.2_gap26	600174	603901	3727	CTTGGCTTTTAAGGAGACATACTTGGGGGTAAAACTGTTTTCAACATCTACACCCAGGGTGCTTTTAGGTAAATCCCGTATATGCCCCATGGTGGCCATAATATTAAAGTCTTTGCCCAGCATTTTACTGATAGTTCGGGCTTTGGCAGGTGACTCAACGATAACAAGTTTTTCTTTCATGACAGCTTAATTCATCTCCAGCTGGTAGATTTCTTTCTTTTCACGGGTGCGTACATAATGCATGCCTCCGGCAGAGCGGACCTGACCTTTCAGTTCCATTATGGCCAATGTACCGCTAACCAAGGCTATATTTAGCCCACACTCACGGCAAATATGGTCAATATGTATTGGCTCATAGCCTAATTTATCCAGTATCAGGCTTTCGGTCTGGTTTTCAGGGGCTGGGGCAAGGGTGTTATCCGGCACTGAAAACAGGCCTATATTTAGTTCTTCAAGTACATCTTTAGCCGAACTAACCAGCTTTGCGCCTTCCTGAATAAGGCGGTTAGTTCCCAATGAAGCCGCTGATAGTATACTCCCCGGAACGGCAAAAATCTCGCGGTTTTGTTCAAGTGCAAAATTGGCGGTTATCACAGCCCCGCTGTTTTCTCCCGCTTCGGTTACCAGTATGCCGCGGCATAGGCCTGAGAGTATACGGTTGCGGCGGGGGAAAAATTCGGGTCGGGGACGTATTCCGGGTGGGTGTTCACTCACCAGGGCTCCGTTTTCAGCTATCTGGCGGGCAAGGCAGCTGTTTTCAGATGGATAAATTATATCCAGTCCGCAGCCGAAAACCGCAATACTTCTGCCTCCGGCTTTAAGGGCTGCAGTATGGGCAACTGTATCTATTCCTCTGGCCAGACCGGAAACTATAGTCAGGCCTGATCGTGCCAGTGATTCGGCCAGTTCTTCGGTTACCAGTTTGCCGTAGATGGTGGGCTGGCGGGTGCCCACTATCCCCAAACACAGTTCATCATTCCCCAAAAGCTGTCCCTTTACAAAAATAAGGGGAGGGTAATCATGTATTTGCTTAAGTCTGGCAGGGTAATCACTATCTGTATGGGTATATACCTGAATATCGTGCCGCTTCAAGGTTTCAAGGGTTTTAGGCAGGTCTATTTTGGGGCGGGAAGTAACTATATTTTCCGCCAGAGAGTTATCAAGCCCGGCTGATACCAGTGCTGCCTTACCGGCGTGCCAGGCACTTTCCAGATTGCCGAAATAGCTTTCCAGCAGGTTCAGGCGCACCCGGCCGACCCCGTTTATATAACTGAATCCTATGGCGTATTTGCAGTCTTGGTTTTGCATCTTGTTCTTTTGGAATTCTAGCACAGGCACAGTATCCAAACAATAAAACATTATTAAGGAAGAAATGCACTGTCCGGACGGCAAAAAAATAGCCTTCAATTTTGAAGGCTTCAGTTGTTTAAAACTTAATGGCGGAGAAGGTGGGATTCGAACCCACGGTCACCTTGCGGCGACACACGCTTTCCAGGCGTGCCTGATAGACCACTCCAGCACCTCTCCGTATATTACCCTATATTCCTTTATTAAGATTTGTGGCGGAGAGGGTGGGATTCGAACCCACGCTCCGCTTTCACGGAGACCGCTTTTCGAGAGCAGCACCATCAACCACTCGGACACCTCTCCAGAGGCTATATTTTACTTGAATGCAAGTAAAATTAAAAGCCAATCAGGAATGTATCCAAGCCTGCAGGAGTAATAATATAATGAAACCCGCCCTGAATTCAAATTTACCTGAAAGTGTCTTTATAAGGTGCTGTCCTGCCGGATAAACAATATTCAGATTGTCCGGGTGGAAAAATTAGTTTATACGCCAAATATCTGCGTGTATGGGTATTCTCCATGGCACTAAAATATGTTTACATAACGATTACTGTTTTATAATAGAAAAACATCACCCCGGCGAAGCGGCATCGAAGTCTCTAAAACATGAATACAGGATAATTTATTGTTTTAAAATATATTTTTCAGCCGCCACCTTGCTATAGCAATCAGTAAATTAGATTATCGGGCGTATTTTTGCTAGAATAGGTCAAATTATTCTTAAGCGGCTGGTATGGAAACAGAAATATATTTTAAATTTATACTTTCATTCGGCCTCATACTGCTTGTTGCTCGTTTGGGCGGCGCTATTGCCGAGCGTTTTCTGAAGCAACCGGCGGTTATTGGTGAGCTTTTGGCCGGTATTATCATTTCACCCTTTCTAGTTGGGCAATTCCTTTTTGCCAATGACCCTATCATTATGAATTTTGCCCTTATTGATGGGGTGTTCAGTCAGAATGGCGAACATCTGAGTGAATTTGCCCCTATGGAAATTATTTCACAGATAGCGGTAGTGGTGCTGCTGTTTGTGGCGGGGCTGGAAACAAACGTTGCTTCGTTTATTAAAAACAGTTTTACTGGTGCCATGGTTGCCATAGGCGGAGTGATTGTCCCCTTTGCGCTGGGGGTGTTTAGCGCCATGTACTTTTTCCCTGATTTGCACATGGCCGGCTGGCTTTTCATCGGTGCTATTCTGACCGCTACCAGCATTGGCATAACGGTGCGTATCCTGATGGATATGGGTAAACTTAGTTCCCGTGAAGGCACTATTATTCTGGTAGCTGCGGTTGTGGATGATATCATCGGTTTGGTTATCCTTTCTGTGGTTATCTCCATGGCTCAGAGCGGCAGTATCAATGCCTTAAGTGCTATCGGCACCGGTGTTATCGGTTTCGCTGTCTGGCTGGGTATACTTTTGCTGGGTGTGTACGGACATAAATATATATCAAAATATATACTTACTCCGTTCAAGGCCTCCGGTACTATGCCGGTTATGGCTTTGATTGTGGGTTTACTGGTTTCTTATCTGGTTACTCTGGTAGGCTTGCACCCGGTGGTGGGTGCTTATGTAGCCGGGCTTATGTTTGCTTCCACTATGGAAAAAGAAGAAATACTTCACCAGACACGCCCTATAATGCTTTTTATCGCCCCGTTCTTCTTTGCGTACCTGGGTATGCAGGTGGATTTAAAAGAAGTCTGGGCAGTGATTGTGCCGGCACTCGTTATAGTTGTGCTGGCCATTGTCGGCAAGATTGTCGGCTGTTATTTTCCTGCCCGGTTTGTGGGCAAAACCAGCCATAATGGTGCTTTGATTGTCGGCGTAGGTATGGTACCCCGAGGTGAGGTTGGACTTATCGTAGCTGGGGCTGGACTTATTGCCGGGGCTATTACCCGTGACCTTTTCGGCATTGCGGTAGCTGTCAGTATACTGACTACCCTCGTTATGCCCCTAATGATAAACCCTTTATTTAAACCAAAGGCTGAAGCTAACGGCAAGCGGCTTCCTTGAGGAAAAACATAGCTTAAGGTAAAATTGGGTACTATGCCTCTGTAGCTCAGTGGATAGAGCACCAGCCTCCGAAGCTGGTGGCGAGAGTTCGAGTCTCTCCAGGGGCACTTTTATAAAACGGGGAGGACTACCACCATAGACATGAAACATTTTATTGAAATCAGATGGCATGGGCGTGGCGGTCAGGGTGCGGTAACCTCAGCCGAGCTTATCGCCCAGGCGGCAATTGGCAAGGGGAAATATGCTCAGGCTTTTCCCAGTTTCGGGCCTGAACGCAGAGGTGCCCCGGTTCAATCTTTCAACCGTATCAGTGACAATAATCCTATCCGTGAGCGTTCCGGCATAAGCCAGCCGGATATTGTGGTAGTACTT
CP080651.2_gap27	634090	638931	4841	GTGTTTGTATCGGTAAACTATAAGCATACCGGATTAACATTTCAGGTTTGGGTTTCGTGGTGGGGAAGCGGGGACTCGAACCCCGACGCCTTTCGACACATGATCCTAAGTCATGCCCGTCTGCCAATTCCGGCACTCCCCCGCTTTGAGAGTACATATTAACATTTTGGGCTTAGCCTCTCAAGCTAATAACAGATAATCAGTTTGACAAGCCGGTATTTCCATTATAACATCACTGTATGATTGTGCTATTTGGAAACAAAGCCTACTTCGATATCTTGGGGTACATGGTTACTACCTGCCCCGGTTGCAAGACTACTTCGGTAATGACAGTCGAACAGCAGCGCAAAAAACTTACGGTTTATTTTATCCCCACCTTCGATTTTTCCCGCAGGCAATATATGTATTGCGGTCATTGCCATGAGCGGTTTGAAATTGATAAAAGCCTCCAATCCACAGTGAAAGCCCGCCTGTTGAGCAAAAAACAGATGGAGAACTTAATGCTGAAGCTGGAGATGGAAAACCCCCGCTACGAATGTGCCAATTGCGAATCTGGGGTGGAGGCAGGTATGCATTTCTGTCCTCAATGCGGAAATTGTTTGGATTGAGGGTGAACGTATGTACGAAAATATTACCCGAAGCGTAAAAGATATTTTGGCTGAATTGCCGCCTGACGTGGTGCTTGAAGCGGCTGTCAAGAAACGCCAGCCGTCTGAAATATTGGCTGCCATAGATGCCGGTATAAAGATAATCGGTCATAACTATTTAACCGAGGCTGAAGAAACCTACCCGCTTATCGGAGACAAGGCTGAGTGGCACTTTATAGGGAAGGTCCAGTCAAATAAATGCAAAAAGATAGTCCACCGTTTCTCAGTTGTGGAAACAGTGGATAGTATTGAAATAGCCTCTGAATTAAATCGGCGGGCAGCTGAGATTGATAAAATCCTGTCGGTTTTTATTGAGATAAACAGCGGGCGGGAAAAACAAAAGTCAGGGGTATTGCCAGAAGAGACTGTGGAATTGGCCAAACGTATATCTTGCTTATCAAACCTTAAACTGACGGGGTTGATGACTATGGGGCCGGCACTGGAAGCTCCTGAGGAACTGCGTACCATATTCCGCCTGACCAAAATTAAGTTTGATGAGATAGCCGCTATGGGTTTACCAAATACTGAGCTTCAGTTTCTCTCCATGGGTATGTCAGGCTCTTACAAAGTGGCTGTTCAGGAAGGTGCTAATCTGGTTAGGCTGGGTACCCGCATCTTTGGACCTCGCCCCTAATGGGGTATTGTTTTCAGACGGGCCACAATATCGTGCAGATCTTGAAACGGGTAGCAGGGTAAATTGCTCTTTTTGAAACGGTCAAGCAGCATATCTGTGGCAAAGGCATAATCGCAAAGTTTGGCAGGCGGAAAATCCGAAGGGCCATTTCCTGCATAAATCACCTTATAGTTTTGCGACCGGTAATGGTTAGTGTAGCTTTCCTTAAAACCGTTATCCACCATTTTGCCGTCAGGACCGTAATAGCGGGCGTCAAGCCCTTCACTGGTAAAAAGTGTACGGGCGGCATTGATCTCGATATCCTTAAATCCCAGTTCTTCCAGCATGGTATGGATATAAAAATCCAGTCCGTTACTTACTACTGAAAAACGGATATTTTCCTGCTTGCAGTAGTTGATAAGTTCATGGATGCCTTTCTTGGGTACAGCATTTTCCCGAATAAAATCAACTAGTGTCTTTTGGTCTTCTTTTACTAGTGCAAAAGCCCGGTAATTGAAATCACCTACGCTTATTTTGCCCTGTTGGTATTCGCGCAAAATGGCACACCAGTCACCTTGAGCATATTTCTCCAGTATTAAAAAGCTTACGTCTCCTTCAGTAAGGGTGCCGTCAAAATCACTCTGGAACATCAGCTTAGGGTTATGAGTAAGGGGCATATATATTTATCCTGTTCGTCTGGCTAGTCACGGATTTCTTCGGGCAGTTCATCATCCACCCCTATCTCGTGCAGCTTTTCTTCACTTTCAAGGTGGTCTATGTAAAGTATGCCATCCAGATGTTCGGTTTCATGTTCCAGCAACTGGGCGACAATACCGGTTCCTTTTATGCGGCAAGCCTTACCATGGCGGTCAAGCCCCTTAGCGGTAACAGTTTCGGCTCTGGTAAGTTCACCAAAATACCCCGGAATGGAAAGGCAGCCTTCAGTAACCTGTCTCTGCCCTTCTTTTTTCACAATCTCCGGGTTAATAAGTACGGTTGCTTCTTTGGCATCCGGTTCGCGGAAAACTACCAGCCTGAGAGATACGCCCACTTGAGGGGCAGCTAATCCCGCTCCATCAGCGCTACTCATAGTTTCAATCATATCATCAATGAGCGTTTGAATTGAGCTGTCAATGGAAGGTACTTTTTTGGCTTTCTTCCGTAAAACCGGCTCAGGCAGCTCACAGATGCGGCGTATTGCCATGGAATTTTTCTCCGTTTGCGAATTAGTTTATAAAATTACACTATAACTATAGCATATTTAGCTTTGGCGGACAAAAATTCAGACTTGCTCAAAGTCAAGCACTATGCTACCATATCTTGCACAGTCGGGGTGTAGCGCAGCCTGGTAGCGCACCTGAATGGGGTTCAGGTGGTCGGAGGTTCAAATCCTCTCACCCCGACCATTTTCTTTAAACTAAAGCCCTCTTTCAAAGAGGGCTTTTTATTTATCGGATAAATAAGTTTAGTATGTTTATACAGTCTGAGTTACGAACCGCCCGCCAGTGCTCCGCCAAATACCTGCCAGGCCAGAGCTGTCTTGGCTGTAAGGCTTAGAAATACGTAAACCCGCTCGCCAAACAGATAATCCCGCCACTTGCCTGATTTCTTGTATTGCAGCCACATGTTTAGAGCAAAGCTGAAAAAGAAAACGAACAGAGTAGGCAGGATGAAATAAACAAATGTGGGTATATTTTCGCTGGCTTGTGATATTGCCCCGAAGAAATAAATACTTATAGCCACCCAAGGTATGAATCCGGCAAAACACCCGAAAGTGTATGAAAGCCAGTTGGTTTTGGATGTGGTCTGGTTATGAAGCTCCATCATCAGGCCAAACAGATTCATAGCAGCATTTGCCCCAAAAATAGCAATTAAAGTTGCTACATCATATATGCCGCTGAGCATAGCAATCAGGACAATCATTATAGATGAACTTAAAGCATACTCGTACCAGCGGGCGTAGTTAATCCCTTTTGATAAATTAGTTTTGTACCATTCAAATATACCTGGTAAAGACAGCAAGAAATGGGCTGTGGCTGAAAGCAATAGGAAGATGGCAACCATAGGGCCTACTGGCAGGTCAAATAGTACTTCGGGTGGTTTAAAAGTAATCCCGCCGGGGCCGCCGCCGATAAAGTTGGTGGTAACCGGAAGCGAGAAACTGTTGCTGAGGAATAAGATAAGTATTGATTGGGCTAAATGGAAACTGCCCATGACAAGGTTATAAACCCGCAGTTTCCTAAACGCTTGTGGCTGATTCAGCTCAGGCTGTTTTACTTTTTGTTAGCCATATTACCTCCCGTCACCATTTACAGGTAAAAACAGGTAAACTCTCAAAAAAAGTTACAGGCTGTACAGAATGCCGCCTGTCAGTCCGGCGGCAGCACCCAGGAAAACCCCCCAGCCCATATCTACCAAAGCCATCTTCAGGCTGAAACTATTTAAAGTGGAATAATTGGTCAGGTCATGAATACCGTAAGTGATAAATCCGAAAAGACCACCGTAAGCCAGAGCGGCAAAAATATTATCTCCGGCTAGCGGCAAAGCCATAGCTACTATACCTAAACTTATAAGCAGGTAGACCAGTATTGCCGATGGCCAGTCCGGTGACATACTCCCTCCGCTCCAGCGGGCAATCGGAGAAAGTTCGGTAACGTAAAATTTTTTGGCAATCAAGCCAATCCAGACGATATCCAGAACAAAGATAAGCACCAATACTATAAGGTAGACCAGTATACCGCTCATCTTTCCTCCTTAGGCGTTCTTTCCATGTATTCTATAAACCAGCCACCTGCCAGTTCAGCCACTTTCTCCAGCGCCCCCGGCTCTTCAAAAAGGTGGCCGGCTCCGGGTAGTATGCAAAGATGATTGAGGGCGCGCATTTGCTTTTGAGCTTGGGTATTAAGCTTTAATACTTGGGAGTCATTTTCACCGACTATAAATAAAGTTGGAGATTCCACCATTGGCAGCAGTTCTCTGGCAAGGTCAGGCCGCCCTCCTCTAGATACAACCGCCTTTATCTGCCCGGGCAGTAGCGAAGAAGCATAAAGCGCGGCGGCAGCCCCGGTGCTTGCCCCGAAATAACCTAACGGCAGGTTTTTGGTTTCTTCTTTGGTTTTCAGCATTTCAGTTACTTTAATAACTCTGTCTGCCAGAAAACGGAAATTGTAGCGGGTATTGGCTATTAGAATATCTACCATATCTTCTTGGGGTGTCAGCAAATCAAATAGAAAGGTAGCTAATCCATAACTATTTAGCTGGTGGGCAACCTGACGGTTGCGGGGACTCTGGCGGTTTGAGCCTGAGCCATGTACAAATATCACTAGCCCTATGGGTTCCGGCGGTATAGCCAGCTCACCGGGCAATTTGGTAGTGCCTATCACAACATTTATAGTTTTTTCGTATATCTGCATAAAAATTCCTGGCTATAGTATAGGATATTACTTTACCAAAGTCATTATAAATAAAGCAAAATTATTAAACTAAATTTAAAAATAGGTGTTTTCCCATAGGGCAAATAAGTACTAATACGCATTATTTTTGATGGTCAATTATTGTAACCTTCTAACACGGACAGACTC
CP080651.2_gap28	665805	669385	3580	TTTCGGCTGGTTAAACTTTAGTTCCATAAATACAAAGTTTAAAGCTAAATGGTATGCTTCGGGGAAAAAGAGTGTTATAATTTGCCAACTAAAATTGATAGATAACGAGGATTTTATGAAGTGTCTTAATTGTTCCCGTGATTTTGATGATAATCTGGTAGAATCCGGTTTGCTGTTTTGCCCTTTCTGCGGTGTCGGACAACCCCGGGGTTCGCAAAACCCCGATATAGATAATATGACCTTTTGCAGCTGCGGACAGGGCATTGTGGGGAAGGTTAACTATTGCCCAAGCTGCGGCCAGATGTTAAACCCTGACGCTCCCCCTCTTGAGCGAACCGGCCGTCTTTATAAGAATACCATCCGCCGTGAGTCATCCGAAAAGTTTTCACCGCCAGTACCGCCTGCTATCGAAGATGACGAATATGAAAATGATGAAGAATTGGAATCAACTGCCAGGCCGCGGAATTACCGTGATGAAGATGATACTACCCCTGCCGCTAGACCTGCCAGGCAGGCTTATCCTTATTATGACCAGTACGAAGAACGTCCCCGCAGCCGCACCTCCCGCCGTTATGCTGCTGAAGATGATTATTACGAAGATGAAGAACCCCGCTACCGTACTCCCCGCCGCCCTGCCAAGGCTTACCATGAGGAGCGCAGTTACCGTCCTAACCGCCGCAATGATGTAATGCCCCTTCTGGTGGTGCTCCTGATTGCTGCGGTGGCTGTGCTGGGCTATGGTGTTTATCTGCTCATCCAAAACTTTACAGGCAGTTAACCCGTCTTCCTTAATCTAGCCTTAATATTGCTGCTGTATAGTTAGTGCACGTGCAGTCTTGATTATGCCTTTTCACTGCATACAGAGAAAGGAAACAGATGGTTATTCAAGTGCAAGACTTGGTAAAGGTCTACGGTCCAATAAGGGCGGTGGATGGTATCAGTTTTAAGGTCAAAAAAGGTGAGGTCTTCGGTATGCTGGGCCCGAACGGTGCCGGTAAGACTACCACAACCGAAATTATTGAGGGTCTGCGGGATGCGGATTCAGGCAGTGTCACGGTGATGGGCATGGATGTACGCAAACAGCGTGAACAGATTAAACAGCTTATCGGCATCCAGCTTCAGGCTCCGGCTCTTTTGCCGCTGTTAAATGTAGAAGAAATATTAAAACTTTTCACCTCTTTCTACCGTAATTCTCTGCCGGTTGATAAACTATTGGAAATGGTAGCACTGACCGAAAGCCGCAAGGTACTTTCTAAGAATCTCTCCGGCGGTCAGCAGCAGCGCTTATCGGTAGCTATGGCTATGGTCAATAACCCGGAGATTACCTTTCTGGACGAACCCACCACCGGGCTTGACCCTCAGGCCAGACGGGGTTTGTGGTCGGTTATTGAAGAGCTGCGCGTACAGGGTAAAACAGTCTTCCTCACCACCCATTATATGGACGAAGCAGAACGGCTTTGTGACCGGATTGCGGTAGTAGACCATGGCAAGATTATTGCTTTGGATACACCTAAAAAACTTATCTCAGGCAACTTTAAAGAAAGCGCCATTGAGTTTGAAATGGAACCTGTGCCCTCCGGTGAACTTCTGGGGTCTTTTCCGTGTGTGACCAGTGCTTCGGTAGAAGGTTTTGAGGTTATTTTATATTCGGCTGATGTCCCGAAAACTATGGGCGCCATACTGGATTATGCGGATAAAAACAAGGGTAATACCGAACTGCGTAATCTGCATGTCCGCCAGGCCACTCTGGAAGACGTATTCTTGAAACTGACCGGCAGGAAGATAAGAGAATGAACTCGTTTTTAAATATGCTAAATGCCAATTTCAAGCAATTTCTCCGGGACAAGACTGCTTTGTTTTTTACCCTGGCTTTCCCGGTACTCTTTATCATTATGTTCGGGCTGGTTTTCAGCGGTACAGACAAGATTAATTATGATGTTGCCCTGGTAAACGAAGACGATTCGCAGATAAGTCAGGGTATAGTTCAAGCTTTCAGCCAGGTAAGCATATTTTCAGTGCAAGATAACCCACGGGATGAAAGTCTGCAACTTCTTACAGATGGTAAACTCAAGGCGGTTATAATATTGCCGGAGGGTTTGGGGCAGGCAGCTCTGTCCGGGCAGACTACTGAGGTGCAGGTTTATTATGACGGCTCTCAGACCAGCGTAAACCAGATTATTTTGCCGGTGGTCAAGGAGATACTTCAGAGTATAAACCGTGAGATAACCCAGACTCCTGTTTTGTTTCAGATAACCGAAGAGACTATCCAAACCAAAGATATGAGCATGATGAGTTTCTTTATCCCCGGTGTGCTGGCCATGTCTATCATGTTCCTGGGAATTTATTCGGCTATGCCGCTTATTCAGCAGCGGGAAAAGAAGATTTTGAAACGGTTGGGTGCTTCCCCTATTTCTCGCTCCACTATTATATTCAGCCAGGTGGTGCTCAGGCTGGGGCTGGCTGTGCTTCAGACCGTTATCATTATAGTCATCGGGCAGCTTATGTTCGGCGTTGAGATTTTAGGCAACTGGTGGCTGCTGTTAGGGCTGGTGATGCTGGGAACGCTGTCATTTATAAGTTTGGGGTTTCTGGTGGCTTCACTGGCCAAGACCGAAGAGGGTGCTATGCCCATTGTGCAGCTTATTCAGTTCCCCATGATGTTCCTTTCCGGCATTTTCTTTCCGCTGGAATATATGCCGGATTTCATGCGCCCGGTGGTAAATGCTTTACCGCTGACCTATTTGGGTGATGCCTTCAGACAGGTAATGGTAGATGGAGCTCCCGCTTTCCCGCTGGGGGTTGATTTGCTGGTAGTCACAGGCTGGCTGGTAGTCTGTATGGCTATCTCAGTCCGCTTTTTCCGCTGGGAATGACCAGTTTTTGCGAATAATAAAACTAAAGGCCGGGAATTAAACCCGGCCTTTGTTATTTATGGGTAGTTTTGGGGGGTGTTTTATAAAACCAGCATGGCATCACCAAAACTGTAAAAACGGTAATGCTCATGTATAGCTTTTTCATAAGCTTTTTTTAGAAATGGCCAGCCGGCAAAAGCGGCTGTCAGCATAAGGGGGGTGGAACGGGGCAGATGAAAGTTCGTAATAAAACAGTCAACCACTCTAAATTTATACCCGGGCAAGATAAATAAATCCGCCCAGCCCGAATATGGTTCAATAATCCCGTTCTGACTTAGACTGGAAGCCTGCTCCACCAGTCTGGTGGCCGAAGTACCCACACAAAATACCCGTTTGCCGTTTGCCTTGGCCTGGCAGATAGTCGCGGCAGTTTCCGCACTTAGTATTCCGTATTCGCGGTGGATTATATGGTCATTTGGGTCTTCCTCTTTCACAGGTCGGAAGGTATCTAGTCCTATATGCAGAGTTACATAGGTGCAGATTACGCCTATCTCGCTCAAACATTTTAACAAATCTGTGGTGAAATGAAGCCCTGCGGTGGGGGCAGCTACACTGCCGTTAGTCAGTGCGTAAACTGTCTGGTAGCGTTCCGGGTCTGAAACTGGCGTGTGAATATATGGCGGCAAGGGTACTTCGCCCAGTTTCATAAGGTGTGTTTCATCTGAAAA
CP080651.2_gap29	725706	730584	4878	GTTGCCGGGCTTTAGGTTCAGTAAAATTGGTAGACGCTTTCCGAAATGAGCTTGCCAAGCAAGAGCTGGACAATCAGGTTGATATCAAAGAGACCGGTTGTCATGGTTTTTGTGAAAAAGGTTCGGTAGTTGTTATCTATCCCCAAAATATCTGCTATTTCCATGTAAAACCTGAAGACGCCGCAGACGTTGTTGCTAAAACAATAAAAACCGGCGAACTGGTAGACCATTTGCTTTACAAAGACCCTGCCAGCGGCGAAAGGCTGGTTTATCATCAGGATATCCCCTTTTACAAGTACCAGGAACGGACTGTACTGGGCGATAACGAGCATATAAACCCCCAGAATATAGAGGATTATATCCAGCGGGGCGGTTATTCCGCCTTGGTTAAAGCCCTTTTCCAGATGAACCCGGAATCTGTACTGGAAGAAGTAGATACAGCCAATCTGCGCGGACGCGGCGGCGGCGGTTTCCCTGCCGGTAAAAAGTGGCGCACCACCCGTGATGCCGCAGACCCGGTCAAATACGTGCTGGTTAACTGTGACGAAGGTGACCCGGGGGCATTTATGGACCGTTCCATCATGGAGGGGAATCCTCACTGTGTATTGGAAGGTCTAGCTATCGGGGCTTTTGCAATCGGTGCAAAAGAAGGTTATATATATGTCCGTGCTGAATATCCTCTGGCGGTGGAAAACCTGTATGCTGCCATAAGGCAGGCAGAGGAGTATGGTCTGCTTGGTAAAAATATACTTGGCTCCGGCTTTGATTTTATTGTCAAAGTCCACGAAGGCGCAGGCGCTTTTGTTTCCGGCGAATCTTCGGCCCTAATGACTGCCATTGAAGGACGGGTCGGTGAACCCCGCCCCAAATATATCCGCACTGCTATCAAGGGGCTCTGGGATAAACCCTCAAATCTAAATAACGTGGAAACCTGGGCTAATGTCCCCCATATTATAAACAAAGGGGCGGAGTGGTTTAGGTCTATCGGTACCGAAGGCAGCAAAGGCACCAAAATATTTGCTTTGGTTGGCAAGGTTAACAATACCGGATTGGTAGAAGTGCCTATGGGTACTACCCTCCGGGACATTATATTTAAAATAGGCGGCGGCCTGCGTGACGGTAAAAAAATAAAAGCTGTACAGACAGGCGGCCCGTCAGGCGGCTGCATACCCGAAAACCTGCTGGATTCGCCTGTTGATTATGATGTGCTGAGTAAACTGGGTTCTATGGTAGGTTCAGGCGGGCTTATCATAATGGACGAAGAAACCTGCATGGTAGATATTGCCCGCTATTTTATAAACTTTCTTTCAGACGAATCCTGCGGAAAATGCCTGCCCTGCCGCGAAGGGCTTCGCCAGCTGGTAGATATACTTACCCGTATCACTGAAGGCAACGGCACTATGGCAGATATGGATACGCTTGAAGACCTGAGCGGGGTGATGAGTGAAGCCTGCCTGTGCGCTTTGGGACAGCAAGCCCCCAATCCTTTGCTGACCACCCTTAAATATTTCCGCCATGAATACATTGACCATATTAAAAACAAACATTGCGAAGCCGGTGTCTGCAAAGCCTTGCTTACTTTCTATATTGACCCTGACAAATGCAAAGCCTGTATGATCTGCGCCCGAAACTGCCCCACTGATGCCATCAAGGGCGGCAAAGGGCTTATTCATACTATAGAACAGGATAAATGCATCAAATGCGGTGCCTGTCTTGATACCTGCCCCGCCAAATTTGATGCGGTCAGGAAAATATCCGGCATACCTATACCGGAAAATGTACCATCTGGACCTATTCCTTTAAACCGGAAGGCAGAATAATGGAAGAAATCAAGCTTACCATAGATGGCAGGGAAATTACTGCTCAAAACGGGCAAACTGTTTTTCAGGCAGCGGCCGCAGCCGGTATTCATATACCTTCGCTTTGCTTTCATGAGCAGCTTGAACCATATGGCGGATGCCGTGTATGCAGCGTGGAGGTAATAACAGGCTCGCGCTCCAAGGTGGTAGCTTCGTGTGTTTATCCGGCATCAAACGGCCTGGTAGTAAATACCAATACCGAAAAAATACGCCATATCCGCAAGGTACTTATAGAGTTGCTGCTTACTAAAGCCCCCGCTTCAAAACCCATACGAGACCTGGCTGAAGAATACGGTGCGGATACCGCCCGCTTCAGTCATGATGCTTCTTTTTGTATACTCTGCGGCTTATGCGTGCGCTACTGTGCCGAGGTTAAAAAGGCCAATGCTTTGTGCTTTATCAGCCGGGGTACTCAGCGTGAAGTAACGTTTGTACCTGAAATTGCCAACCGTGAATGTGAAAAGTGCCAGCAATGTTTTGATATTTGTCCCACAAACTTTATCCGGGCTAATTTTGAAATGGCCAAAGCTCTCACTTTCGGGACTGAGGAATAGTTATGTTAGAAAATGCTGAATATATAAAAACCGAAGAACTGCTTGACCAAACCCAAAAGCTCTATGACGAAGGGGCAATATTCTGTACGGCTTCCTGTATAGACTTGGGTGATGAATTTGAAGTTATTTACCACTACAATCTGGAAAATGGCCTTAGGATGAAGCATCTTCGGTTAAAAATAGATAAAAATGAAACTGTTCCCAGTATTTCAAATATATATCTATGTGCTTCGCTTATTGAAAACGAAATGCAGGAGCTTTACCAGCTCAAACTCAGCAAAATTGCTATAGATTTCAGCGGCGGTTTTCTGGTCACCAAAGAAACCCCCAAAAGCTACATGATAAAAGCCCCTGATTACAAGCTTATTCCGGTAGAACGCCTGACTGCCCCCTGCCAGAGGACTTGCCCGGCAGGTATCGATGTATCCCGTTATGTCCGCCTTTGCGGCGAAGGGAACTATGATGCGGCCTTAGCTGTAATCAAACAGGCCATGCCTTTCCCCGGAATACTGGGCCGGGTTTGCTTAGCCCCCTGTGAATCTGCCTGCCGCCAGGGCAAGTGCGGAGAAGCTATAAGCATCAAACAGCTTAAACGGGCGGCCTATGAATACGGCCATTATACAGATATCCTCACCGCCAAAGCCACTGGCAAAAAAGTGGCCGTGGTTGGCTCTGGTCCGGCTGGCTTGGCAGCAGCTTATTTTCTGGCCAAAAAGGGGCATAAGGTAACTGTGTTTGAGGCTTTGCCGAAAGCCGGCGGCTATATGCGGGTAGGCATACCTGAATATGCACTGCCCCGCCAGATACTGGATGCCGAAATTGAAAACGTTGCCAAACTGGGTGTTGAGTTCAAGCTGGGTACAGCCGTAAATTCGCTGAGTAGCCTCAAAGAAATGGGGTTTGATGCCACTTTGCTGGCGCTGGGTGCCAATCAGGGAGTACGCCGCTCTAACATAATAGCCGCTTTCAGCGGAGCTACAGACGTATTTAAAAAATTCGGGCTGGCAGTTGAAAATATAAACGGCAGCAATGTGTTTAAGGTTGACGATGATACGCTTAGTACTTCGCAGGAGGGTGTTTTTGCCTGCGGAGACGCCGTAAACGGGCCTACTTCGGTAATTCATGCCGTTGCCTCCGGTAAAAAAGCGGCCGCCAGTATAGACCAATATCTGGGCAGTGACGGCAAGTGGGTGTATGAAAATATTGTAGCCCACGAGCCGATATCCCGTGATACTTTCCTTGAACGGATTTTGCCCAAGAGCAAACCTTTAAGTGTTAAATATGATATTAAGCAAGCCAAAGAGCGAAATGAAGAAACTGCCGGCTATAGCCGTGAAGTTGCCGCCGCCGAGGGCAAACGCTGCTGGCGCTGTGATTTGGAGGAATAAATGGCACGAACAGTAATACCCTTCGGGCCACAGCATCCGGTATTCCCTGAGCCGGTACAACTTAAACTGGAATGCGAAGACGAAACGGTAGTCGGGGTTACGCCGGTTATCGGTTACGTACACCGCGGGGTAGAAAAGGCCTGTGAGATAAATACCCTGCGGCAGAATATCTTTCTGGTAGAACGTATCTGCGGCATCTGTTCAATCCAGCACGCCCTTTGCTATTGTCAGGGCATAGAGGAACTGGCTGGTATTGAAGTTCCCCAACGGGCACATTATCTGCGCACTGTCTGGGCTGAGCTTTCCCGTCTTCACAGCCATAGCCTCTGGCTGGGTTTGTTGGCGGATGCACTCGGTTTTGAAAGCCTGTTCATGCAAATCTGGCGTGCCCGTGAGATTATCCTGGATATACTGGAGATGACTGCCGGACACCGGGTGATTACCTCTGCCTGTGTGGTGGGCGGAGTGCGCCGTGACATAGACACCGAAATGCTGAAAAAAACGTCCGATATGCTGGGTGAGTTTAGAAAGATGATGGATAAAACTATCCTGCCCACCCTGCTGAATGACCCCACCTTGAAAAAACGGACTGTAGGCAAAGGTATTTTATCCTATGACCAGGCTATTACTTTAGGATCTTGCGGCCCTACCATGCGCGGCAGCGGCGTTTCGTCTGATGTCCGTTCCACCGGGTATGCCGCTTTTAAGGAGTTGGGCTTTGAACCGGTAGTGGAAACTGCCGGAGACAGCTATGCCCGTACTTTAGTACGCACCCGTGAATTATATCAATCTATAGACCTTACTCTGGCGGCTCTCCATCAGATGCCTGCCGGTGAAATAATGGTTAAGGCAGATGCCTATCCCGAAGGGGAAGTATTCACCCGGGTGGAACAACCCCGAGGTGAACTTACTTACTATATAAAGGCTAATGGCACTAACCACCTGGACAGGTGCAAAATACGCACTCCCACTTTTGCAAATATCCCTACCCTATTGGTAATGCTGCCGGGGTGTGAACTGGCAGATGTGCCTGTTATTACTTTATCTATAGACCCATGTATATCCTGCACGGAGCGT
CP080651.2_gap30	862908	864492	1584	CCAGCTGCCCTTCTCTGACTAAAGGTCTGGACGCTTATGACTTCGGAGACGAAGCCGGTATGACACCCATGATGAAAATGTTTACCTTGGGTCACCGGTTCATGCCCCCTCCGGTACATGCCGGCGGTTTGCGCTATCATGGTATGTCACCCTTACTGTCTCACCTCAGCCGCCTGAAGCTGATTGAGGCCACAGCTGTTAACCAGGTAGAAACCTTTGAAGCTGGCATGCAGTTTGCCCAAACCGAAGGCTTCATAAGCGCACCTGAAACCAATCACGCCATTAGGGCGACCATTGATGAAGCTTTGAAATGCCGTGAAACCGGCGAAGCCAAAACCATACTCTTCTGCCACAGCGGCCATGGCCATGTGGACATGGCTTCTTATGACCTGTATCTGCGCGGTAAGTTGAGCAATTATGAATATCCTGCAGAACTGGTAAAAGAGGCTCAGAAGGGTTTACCCAAAGTAAACGTCAAGTAATATTTCTGTCTAAACGTTTTTTTGGAGGGAGGGGCTAAAAGCCCCTCCCTCTTTTTATCAATAATTTCTACACAATTTCCTGCTATAATGAGCACAATAACTCCTTACAGGAAGATGCTATGAAAAAAATTTTCAATAATTTCTTCGGGCTGTTTATTTCAATCAGTCTGGTACTATCCATGCTTCTGGCACAGGGCTGCGACATACTTCAGGATTTCAACAATTCCCCTGAAGATAACACCCAAAACCAGACTAATGAACAAAATTTGCCGGACTACAGCGATGAATTTGGGAGTGTACAAAGTCCAGTTAATTTCGTAAATGCAGTAAAAGCGGTAAAACCCTCGGTAGTGGCTATAAATGTAGAGCTGGTCACCCGTGATATTTTCGGGCGGACAGTAGTAGAACAGGCTGCCGGCTCCGGCTGGATTATAGATTCAAACGGGATTATCGTAACTAATAACCACGTGGTGGAGGACGCCACCAGCATAACAGTAACCCTGGATGACGGGCGCACCTTTAACTCGGTAGCGGTACGCACTTACCCGGCCAACGACCTGGCGGTGATAAAGATAGATGCCACCAATCTGCCCGCAGTCAAGCTGGGTGATGCATCTAAACTGGCGGTAGGAGAACCGGTGGCCGCCATAGGTAATGCACTGGGTATGGGTATTTCCATGACCGGCGGCTGGATAAGCCGGCTAAATACCACTGTTCAGTTTAGCGATACCGAAAGCCTGACCGGGCTTATAGAAACCGATGCCGCTATAAATCCGGGTAACTCCGGCGGTCCGCTGGTTAACTATTTGGGTGAAGTGATAGGCATAACCAGTGCTAAAATACAGGAGATAGGAGTGGAGGGTATTGGCTATGCTATCAGCCTTTACATAGCTTTGCCCATTATCAATAACCTTATCTCCCAGCTGCCTGCTTGAGAAAAACCATGAAAAAGAACCAAAAATTGCTAAGCCTGTTTCTAAGCATACTGCTTGCTGCTACCGTCTTTACGGGTGGGGGCTGCGATTACTTGTCCCAGCCTATAAACTCTGACAATACGAACGATACCAATAACACTTCCCTCCCTATTGACACAGACTGGACT
CP080651.2_gap31	865605	869787	4182	CATCTGGATAACACTATCCAGATATTCATCAGCCTGATAATAAGTATTTATATAATCTGCAATCTCAAATCCGGCAGATTTCCGCATGGTCTGCAAACGGTGGACAATCTCGCGGGCAGTGCCTTCTGCCAGCAGTTCGGGTGAAAGCCCGGTATAAACGGCTACTGTATAAGCCCCTTCGGTACTGGCGGCATAGTTTTTCTCCGGTATAACTGTGCCCGGCTCTTCCACTGCCAAAGCCTTTACGTTCAGCTCTTCCAGCACCTGTTCGGCCAGACGCATAAGTCCTGTTCTTTCACCGGCGGAAGCCAGTACCACCCGCACCTCAGCCAGAGGCTGGCGGACTTTGAGAGCCGCTTTGCTTCGGGCAGAACGCCCCATACTGGAAACCTTCATTACCAGCCGTATTTCGTTATCCAGCTGTTCGTCTATAAGCGCTGTGTCCGCCACCGGAAAATTCGTCAGGTGGACACTTTCCAAAGCAGACGGGTCTACCGAAAGCACCAGGTTCTGGTAGAGTTCTTCGGCTACAAACGGGGTAAAGGGAGCCAGTAGTCTGGAAAGGGTAACCAGACAGGTATACAAAGCCTGATAGGCCGAAAGTTTGTCGGCATCATTTTCGCTCTTCCAGAAACGGCGACGGCTGCGGCGGACATACCAGTTGGAAAGGTATCCCACAAAATCTTCAATCCGCCGTCCGGCCTGAGTGGGGTCATAATTATCCAGCCCCTTATCCACATCCAGCACCAGCTGGTTAAGCTCGGATAAAATCCATCTGTCCAGTTCGGGCACTTCGCCTTCCAGATACTTTTCCGAAGGGGTAAAGCTGTCTATATTGGCGTAGGTAACGAAAAATGAATATACGTTCCAGAGCATCAGCAGGAACTGGCGGGTTACCTCACCCACCAGTTTTTCGGAAAAGCGTCTGGCATTTCCGGGAGGGGCCGCAGTATAGAAATACCAGCGGACAGCGTCTGCCCCGTATTTATCCAGCACCGTAGCCGGCTGAATAACATTATTTCTGGACTTGCTCATTTTTTCGCCGCGCTCATCCAGTATATGCCCCAGACAGATTACATTCTGATAACAGGGGCGGTTGAATATCAGGGTAGAAATAGCATGCAAACTGTAAAACCAGCCGCGTGTTTGGTCTACAGCCTCACAGATATAGTCAGCAGGGAAACGCCCGTCTTTGGCAATAGACCTGCTTTCGGGCTCAAAGGGGTAATGGTACTGGGCAACCGGCATAGCCCCGGAGTCATACCAGCAGTCCATAACCTCGGTAACCCGTTTCATATTCCCGCCGCATTTATCACAGTCATAAGTCCACTCGTCTACATATGGGCGGTGGATATCCAGTTTTTCCTGCATGCCCTTGAAATTCGGTTTGGCTTTGAGTTCATCAATGCCGCCGACACACTCCGTCCGGCCGCACTTTTCACACCGCCAGATGGGTACAGGCGTTCCCCAGTAACGTTCGCGGGAAAAAGCCCAGTCAATATTATTTTCCAGCCAGTCGCCAAAACGGCCGTCTTTTATATGTTCGGGATACCAGTTTATCTGCTGGTTGCCCTTTATCAGTTCGTCTCTGACCGCGGTAGTCCGTATGTACCAGCTTTGCTTGGCATAATAAATAAGCGGGGAATCACACCGCCAGCAGAACGGATAGGTATGGTGCATACGTTCATTACGGAACATCAGCCCACGCTCTTTAAGGTTGCGGGAGATATCCTTGTCCGCTTCTTTAACGAATTTGCCGGCAAACGGGTAACTGCCGGTTATCCTGCCCTGCAAATCCACGTGGTGGACAAATTTTAGCCCGTACTTCACCCCGGATTCATAGTCCAGTTCACCATAAGCCGGAGCAGTATGGACTATACCCGTGCCATCATCCATGGATACATAGCTGGTGGTTATTACCGGATAAAGCAGTTCTTCAGAAACACCTGTCTCAGAGTTATCCTTCATATTTCTTACAGGAATACCGAATTCCCGCGGGTCAAACAGCGGCTTATAAAAAAGCCCACTAAGGTCACTGCCCAGGCATTCCCCCGCTACGGGATTTTCTGCCAGTTTAAGGGCTGACAGACGTGGTTTGGCCAGTATCATATAGTAGTCCGTCATATCCAGTATGACATACTGGTCCGCAGCGGATACCGCCAGCGCGGTATTGGCGGGTAAAGTCCAGGGGGTAGTAGTCCAGGCCAGCAGATAAAGCGGCTTGTCAGCCGGGTAAGCCCATTTCTTTGCCAAACCTGCCTTAGCCAGACTTTCTTTGGCTATTTCAAATTTCACAAATACGGAAGGGTCTTCGGTATTATCCTTATATCCCTGCGCCACCTCATGAGAGCTTAGCGAAGTGCCGCAGCGCGGGCAATGTGGGGTAACCCTATGCCCCTGATACACTAGTCCCTTGTCCCACATTTGCTTAAGCGCCCACCAGCCGCTCTCTATATAGTTGTTATCCATAGTTATATAGGCATTGTCCAGATCCACCCAGTAGGCAATCCGTTCGGTCAGCTTGTTCCATTCGGACACATATTTAAAAACGCTGGAACGGCAACGGGCATTAAACTCAGCAATGCCGTACTTTTCAATATCATTTTTGCTAGTAAATCCCAGTTCTTTTTCCACCTCAAGCTCAACCGGCAAACCATGGGTATCCCAGCCGCCAATCCTGGGGGCATAATAACCCTTCATAACCTTGTAGCGGGGTATTACGTCCTTAAAAACCCGTGAAAGAACATGGTGAATACCCGGACGTCCGTTGGCAGTGGGCGGCCCTTCGTACAGGGTAAAACGCTTGCCGTCACGGCGGTTTTCAATGCTCTTTTTGAATACGCCCTTGTCCTGCCAAAGTTTCAGGATATCTTCTTCCATCTGGGGGAAGTTTTGTCTGGGATTCACAGCCTTAAACATTCATCACCTCTTAAAAAAGAAAATCCCGTCCTTATCAGGGACGGGACAAATAAGCCCGCGGTACCACCCCGCTTCCCCTGCCATAAAGCAGAGGCTCTCATAAGGGCACTAACATGCCCCGCCCATTATAACGGGTGGCGAACCCGGCCAGGTCTACTTGGCCGAAAGGCTTTTCGGCTGGCGGCTCAGGAGTGATTTTCGGGATAACCGCGGGAAGGTCTGCTTTCACCGTACCAGACTCGCTGCTGCACCGCAGATAACCTACTCTTCTCCGTCAAGGCCTTTTGTAAGGTTTATTGTACTATTCTTTTAAGACTACCACAACTTTTCTTGATTCACCAAAGCCAACGCTCTGGGTAGTCACTTCGTCATCATCAGCTAATGCCAGATGAATAATCCGCCGTTCATAAGCAGGCATAGGCTCAAGTGAAAAAGGCATACGCCGCAATTTTACCTGTTCGGCTGTTCTCCAAGCCAAAGCCTGAAGGGAACTTAGGCGGCGTTGCCGGTAACCATTTACGTCAACTACCACCGGTTCAAATCTGCCCAACTGGTGGGAAAGCATTAGCCTCACCACTTGCTGCAAACTTATGAGAGTCTGACCCTTGCGTCCTATCAGGATACCCAAGTCTTCGCCCACAATGTTCAAAACAGTACTCGGCTGTGATTCCTCATCGGTAACCATCTTTTCAGGCAGGATATCTACATAGGCTTCGATATCCATCTTGTCCAGCAGGGTTTCCAGAATATTTTGTGCTAGATCGCCTGCATCCATCTGGTTGCCCGGCGCAATATCATCATCGTATTCATTTTCAATAAGATGCAGGCAGACCCTGGCATCTTCCCCGCGCAGACCCAGTAACCCATGCCTGCCTTCAGACAATACCTCTATCTCAACTTCGTCTCGGCTTACGTTTAGCTGATTTAGCCCCAGTTTTATTGCTTCCTCCACCGTCTTGGCGCTCGTCTCGACCTTTTTCATCTATACTACCTTCCATCTGCTTACCTTTGGCCGAAGAATCAATCAACTGACCAGACGGAGTTGCAGTTCTTTTTTCAGTTTTATATGTGTTTCCCGGCCGTACCTGCCGGCCGCCGCGGAAATAGGAAATAACTTTTTCGGCCATAGGTTCAAGCTGTCCCCAACCAGTAATGAAATACTGCATTATGATACCCACTATGGCAGAAACGAACCAGTAGAAAGCCAGACCACTGGGGAAAGAGAGCGAGAAGAAGAAGAACATGAACGGCATCATGAAACTC
CP080651.2_gap32	906234	906846	612	GGGTATATTCAAGCGGGAACTGATTTCCCGGTTAAGCTCATTGTCATATCCGGTATTTTTACCGTCGGCATCAATACTGGTCAGGAGTATTTCTCCAGCACCCAGTGCTTCTGCCTTAATAGCCCACTCCACCGCATCCAGCCCGGCGGGTTTCTTTCCGCTATGGGTATAAACCTGCCAGCCGTTGCCTTCACGTTTGGCATCAACAGCCACTACAATACACTGCCGGCCGAATTTTTCAGCTCCCCGGCTTATCAAATCCGGGGTAGATACGGCTGCCGAATTTATAGAGACCTTGTCAGCGCCGGCCCGAAGCAGAGTATTCATATCCGCAATGCTCCGCAAACCACCGCCCACACACAGAGGTATAAAAACCTCCTTAGATACCTGCTCTACCACCTCGGCCATAGTCTTGCGTTCTTCGGTAGTAGCTGAAATATCTAAAAACACCAGTTCGTCAGCACCTTCGCGGTAGTAACGCGCCGCCAGTTCCACCGGGTCACCGGCATCACGCAGATTTACAAAACTGGTACCTTTAACTACCCGTCCGTTATTCACATCTAAACATGGAATAACCCGTTTATTCAGCATGCAGTAGTTTCCTTTTGCGCC
CP080651.2_gap33	909429	910563	1134	TCAGCAGGGCTGGCATAATAACTGTGGACAAAATAAAAATCAGCCCCGTCAGGTATACCCTCAAATATGGAGTGTGAAACCCGCTGCTTGAGCTGATTCCAACCCATCTGGGGTATCTTTACCCCGTCAGGCAGGCGTTTTACTTCGCCTTTCAAAATACCAAGACACTTTGTTTTATTCCCCTCTTCGGTGGAGTCAAAAAGCACCTGCATACCCACGCATATAGCCAGCAGGGGGATATCTCTCTTTACCAGCTCTTTTATAGCTTCATCCAGTCCCTTTGCCTTCAGCCCGGTAACCGTATCAGCCGCCGCACCCACTCCGGGCAGGATAACTGCCTGAGCAGAAAGAAGCTCCTTTGGGTCTGAAGTCAGGGTAAACTCATATCCCAAAGCATGTATGGCATTCGCCACACTCTTCAGGTTACCCCCACCGTAATCTACAAGCGCAATCATCGTTTTACCAGCCTTTTAGCCGTCAACCAGCCCCAAGGCTTCATTCGGGCAGTTAGCTACACAGGCGGGTATTTCTTTACCGCCGCACAGATCACACTTGAGAATCACATGGTTTGCCTTGTCTTTTATAAGAGCACTGTTCGGGCAGGCCACAATGCATGTCCAACAGCCGATACATCTTTCAGGATCACTGGACACAATACCCGTTATAGGGTCACGGGTCATAGCCCCGCTGATGCAGGAATAAGCGCACCATGGCTCGTCACAGTGACGGCAGGGAACGGAGAAACTTATCTCACCCTTGCGTTCAACCCGTATTCTGGGTTTCTGATTTTCCTTTTTGACGGCCTTTATAACGTCATGGGAGACTGAGTGTTCGGTCTGACAGGCTACACGGCACAGGCCGCAGCCCATACAAAGTTCTTCTTTAATTTGTACCCTTTTCATACTTACCCCTACATACGGTATATAACTTCCGTATTTATATAAATTAGCACTTAGATAATCGCTTGTCAAATATCACGCAAGCTAAATCAATGTAATTAATACATTATTATTTCGCAATCATTTCGCCTGTATTACACCAGTAGTTCCCAGCCAAGAGTATGTTCTGCTAGTATTTTTAAGCCTATTAAGACCAGCACCAACCCGCCTGCTATACCAACCCAACGGCTGGCCA
CP080651.2_gap34	940114	943255	3141	CCGTATCCCCCGACTTAAGCAGCCCCAGATTGGTTGATTTACGGCTCAGGTTTACCAGAGAAATGGAAAAGCGTCTTTCCTGCAAACTTGTGATAGTCAGACTAACCCCGTTTACCGCTACAAAACCCTTGTGAACCATATAACGAGTCAAGTTTGCTTCGCCTTCAAAGGTAAGCACATAGGCATTACCCTCAGGCACTGAGGAAATTAACCTGGCAGTGCCGTCTACGTGCCCCTGCACCAGATGCCCACCCATTCGGCTGTTAGTAGTAAGGGCACGTTCCAGATTTAGAGGGGAATTAGAGGGCAATTTGCCCAGATTTGAAAGACGCAGGGTTTCGGGCATGATATCCGCATGAAAAGAAGAGCTATCAAAACGGGTGACTGTCAGGCAGACGCCATTAACCGCTATGCTGTCACCTACTTTCAGCGATTCCAGCACCAGCTTTGCCCCAATATGTAAACCGGCGGGGCTTTGGGTTTTGAAAAACCCAAGTTCCTCAACTATGCCTGTAAACACGGTTACTCCTTAATAACGTAACCGGAAATCAAAACGTCCTGTCCAAAGGCAGTGGTGGTAATATCCCGAAGTTTGGCCGAATCTGTAATTAGCTCTGCTCCCAAACCCGCAACCGGAATCTTGGCATCCTTGCCGCCTATGATGATAGGAGCGACAAATACCAAAACCTTGTCTACCAGTTTCAGGTCAAAAAGCGAACCCAGCACAATGCCGCCGCCTTCCACCAACACACTGGTTACCCCATTTTGCCCCAGATAACGCAGCAGGGCTTTTAAATCTACCAGCCCCCGTTCATCAGGCAGCTCCACCACTTTCGCCCCAACTTCATCATACGCCTGTTTTTCCTCAGGGGTAAGCCCCTTGGCTACAGCTACAATGGTATTGCCGGGAACATGAAAAACGTTTGAACTCAAAGGCGCCCGGCCGTTATCGTCAATAATTACCCTGGTAGGCTGACTGTGTGAAGTACCACCCCGCCCGCAGTTTACTCTGGCTGTCAGATGGGGATCATCTTTGAGTATGGTATTAAGCCCGGCCATAATCACATCAGATATATGGCGGATATAATGAGCAAAATGACGGGATTCTTCGTTGGAAATCCATTTGGAATCACCGGTGCGCGTACCTGTCTTGCCGTCAAGGCTCATGGCATATTTGGCAGTAACAAAGGGCATGCCAGTGGTAATATGCTTGAAATATGCTTCGTTCATCTGGCGGGCTTCACGTTCCATCATACCCAGATGCACCTTGATACCGGCATTTTCCAGCTCTTTTTTACCTTTCCCGGAAACCAAAGGATTATCATCCAGCGTAGCAATATAAACTTCTTTTATACCTGATTCTATAATAGAGCCGGTGCATGGCGGGGTTCGCCCCTGATGGCAACATGGCTCCAAAGTCACATATAAAGCAGCTCCTTTGGCTTTTTCGGCAGCCTGTTTCAAGGCCACTATCTCAGCATGGTCACCGCCTGGCGGCTGGGTGAAACCTTGACCGACCACTTCGCCGTTTTTAACAATAACAGCCCCCACCGACGGATTGGGGCTAACCTGACCAATGGCCAGCTTGGCAAGTGATAAAGCTTGAGACATATATTTCATAATGCTGGCATTCTAGCATCAAATCTTCATTTTTTGCAAACCTGCACTGGTATTAATGCATTGCCGAATATCCATACAATATACACTAAAAACCCGGAGCCGCCTTTGAGGGCGGCTCCGAATCAGCTAGTTGGATATTCCGAATTTATTTTATACTGTAAACGGCCTGAACAGTTACCGTTACCGTGGTTTCCCCTGAAGTAATCGGGGTGATTTCGGGAGCAGAGCTTACCATACCTGCATCTTTAGTGTAGTCCCAGCGGGGTATATAATTGCTGGTTTCAGAGATGTAAATAAGTTTGCCCAAGCTTATGCCAGCCACGGAAGCCATTTGTTCAGCCTTGGCCTTGGCATCCTGAATGGCAAGGGCACGAGCCTGTTCATAGGCAGCAGAGGGGTCATCTATTGAGAAATACAGACCGTTTACCCGGCTGTCATTTCCACCAGCTCGGACTGCGTCATCAAGAATACTGCCAGTCTGGGCAATCTCGCGGATTTTTACTTCTGCCTGATTGCTTACCCTATAACCCACAATAGTAGACTTGTTATCAACCCATTCGGTAACAGGGTAGATATAATAGCTGCTGGTTTTGATATCTTTTTCCAGCACACCGTTGGCCTTAAGGGAGTTTATCATGGCATTCATGGCCTGAGCGGCCTGAGCCTGGGCTGTCTCTATGCTGATACCCGTGCTTTCTACTCCAAGAGTCAAAATGGCTACATCAGGGCTGACGGTGACCGCACCGCTTCCGTTTACCCAAACACCGGTATTTTGCTGGCTCCAGATAACGCCGGGGCTGTCTGTATTATCTGTTTCGTCAGTGGTAGTAGAAGCACACCCTGCTATGCCTCCGGCCAGTGAAACTACCAGTAAACCGCTTACTATGGGCAATAATATTTTTTTGTTCATCTTTACCTCCTTGATATTCAAATAATATAACGCCCCCATCAAAAAGAAGTTAGCACCGTTTTAAAAAATGGATGGATTTTTTGTAGAATGAATATGAGAAAGGTTGTATAATTTGCCCCAGATGAATATTGCGAACGTGAAAAGCCTCCTGCTGGAACTAGCCGGTATAATTTTGGTTGCCATGGTTATATTCGGAATATCCAAAGCTACCCTGTCCTACTCTATTGTAGACGGAAGCAGCATGGACCCCACCCTGAAAGATGAACAACGCCTGCTGGTAAACAAGGTTTCCTATTTATTCGGGGAACCCCAGCGGGGTGATATTATTGTCTTTCCCCCTCCCGCCCAGTATCCCTATGAAAATGACTTTATCAAACGGATTATAGGGCTGCCTGGTGAATCTGTAGAAGTAAAGGCAGACGGCACGGTATATATAAATGACCAGCCCCTGTCAGAACCTTATGTTGTTTATCCTAAAGCCTTCCCCACTGCCAAGGTATATGTGCCGGAAGGACAGTACTATGTAATGGGAGACAACCGTGTGGTAAGCCTTGACTCCCGTTACGGATTTTTCGTTTCCCGGGAGGATATTGTCGGCAAAGCCTGGGTAT
CP080651.2_gap35	952242	954516	2274	AATCCCGACGGGGTGCTTCTTTCACCCGGCCCCGGCAACCCGGAACTGCTGGACTATCTGGTAAATACAGTCAGATACGCCTGTGAAAAATACCCGGTTATGGGCATCTGTCTGGGAAACCAGCTGATAGGCAAAGCCTTCGGGGCTAAAACATTCAAGCTGAAGTTCGGCCACCGGGGCGGAAACCACCCGGTTAAAGACCTTGCCAGCGGGCGGGTATATATAACCTCGCAAAACCACGGCTACTCCCTTGACCCCGCCACCCTGAAAGAAGGGCTGGAGGTCAGCCACATAAACCTGAATGACGGCACGGTGGAAGGGCTTCGCCACCGCGAACTGCCGGTGTTCTCCATACAGTACCACTCCGAAGCTTCACCCGGACCGATGGATTCCACCTACCTGTTCAAACAGTTTGTGGAAATGATAAAACAAGCCAAAAAGTAGCTGACACCACTCGGAGATGGATTAGTTGAGAAAGCAAAAAGGAATATGCGAAGTGATGAATAAACCCAAAAAAGTTCTTATTATCGGCTCCGGCCCGATTATCATAGGCCAGGCTGCCGAATTTGATTACGCCGGTACCCAGGCCTGCAAAGCCATGCGCGAAGAGGGAGTGGAATCCATACTGGTAAACTCCAACCCGGCTACTATTATGACTGACGAAAATGTTGCGGACAGGGTGTATATTGAACCCCTGACCGTTGAATCTATAACCAAAATCATTGAAAAAGAACGGCCTGACGGTTTGCTGCCTACTTTGGGCGGGCAGACCGGGCTTAACCTGGCGGTAGACCTGGCAGATGCGGGCGTGCTTGCCAAGTACAATGTACGTTCCCTGGGCACTCCCATAAATACCATCCGCACCGCCGAAGACCGCGAACTTTTTAAAGAACTGCTGGCCGAAATAGGCGAACCTGTCCCCCCTTCTGAGACAGTAACCACCGCCGAAGACGCACTCAAAGTCGCCCGTAAAATAGGCCTGCCGGTAGTAATACGCCCGGCTTATACCCTAGGCGGTACAGGCGGCGGTTTTGCCCACAATTGGGATGAAGTTGAGGAAGTAGCCCAAACGGGACTGAATGCCTCCCCCATCCACCAAATACTGGTAGAAAAATCGGTTGCCGGCTGGAAGGAAATTGAATACGAAGTAATGCGTGACGGGGCGGACAATTGCATTACCATATGCAACATGGAAAATTTTGACCCCATGGGAGTCCATACCGGAGACAGCATTGTAGTTGTCCCGGTGCAAACCCTTACCAACAAAGAATCCCAGATGCTGCGCACCGCTTCCATAAAGATAATACGGGCACTGGGTATTGAAGGAGGCTGTAACGTACAGCTTTCTTTAAACCCGAACGGCAATGAATATTATGTAATTGAAGTTAATCCCAGAGTATCCCGTTCATCAGCCCTGGCCAGCAAGGCTACCGGCTACCCCATTGCCAGAGTGGCATCCAAGATAGCCATTGGCAAACGGCTGGACGAAATACCAAACGCGGTTACCGGCAAGACTCTGGCCTGCTTTGAGCCGGCGGTAGATTATATAGTAGCCAAAATCCCCCGCTTCCCCTTTGACAAGTTTGCACTTGGTGACCGCGGACTTGGCACCCAGATGAAAGCCACCGGTGAAGTAATGGCCATTGACCGCAGCTTTGAAGCGGCTATCCACAAATCTATCCGCTCTCTGGAATTCGGCAAGAAAACCATACTCTGGGAAGACCGAAGCTGGATAATGGGAGATGACCTTTCCACCTACCCCCTGCACGCCCATGATACCCGCTTATGGGCAATACTGGCCGCTCTGCGCCGCGGGCATACACCCGAAGCTATCCACGAAAAAACCAAGATAGACAACTGGTTTTTATACAAACTTAGAAATATTACCGACATGGAAAAACGCCTGCTTAAGGAAAACCTAACCCCGGAGCTGATGCTTCAAGCCAAAAAACTGGGTTTCTCTGATGAAGAAATAGCCACCCTGTCAGGCAAACTGGCCGAACAGATACGCCAGACACGCCTGGAGTGGAATATCAAGCCGGTGTTTAAAATGGTAGACACCTGTGCCGCCGAATTTGATGCCGCCACCCCTTACTTCTACTCTACTTATGAAGAAGAAAATGAAGCTCTGCCTGAGAATATTAAAAAGGCCGTAGTTATAGGTTCAGGGCCTATCCGCATAGGTCAGGGTATAGAGTTTGACTACTGCTCGGTGCATGCCGCCTGGGCTTTGGAAAAGGCCGGCTTGCAGAGCATTATGATAAACTCCAACCC
CP080651.2_gap36	1041401	1042156	755	AGTTCCGGCAATTTTTCATACAAAGCGGATAAACGCCCTACATAATTATCCGGGGAAGTAAAATCCAGCTTTAAAGACTCACTCTCCCGCCCGAAGGAGGCCATAATAAGCCGTTTTCTGGTTTTCAGCATGGCGGATATCTCTGCCCAGTTAAAATACGGACGGGGATAGACGGAAGGAAGTTCACCATGTGACAGACGATCAGAGCGCAGTTCTTCGGCTTCTTTATCCAGATGAAAAGCTGCCTGCTCTATGGAGGCAGGTTCATCCAGCACTACCAGAGCATTTGACGGAAGGTAATCAAGTATGCTTGAGGTATTAAAAAGAGGAGCGAAAAATTCGGGGTATTCGGGTTTCAGGCCCTCGTTAAGATGGTTTATATCTGCTGACAGAGTACGGCTGAATTCGGGATTTAGATTATCTGTGAGCAAAATATCCAGCCGGTTATTAATGTCCTTACGGGTCAGCTGCCCCAGATGAAAAAGCTCACTTGCGGGGCTTATAGTAAGCTCATTTACCGCTTTTCCCGAACGCTGGCTCTTGGGATCAAAATTACGCAGACTTTCCAGAGTATTACCGAAAAATTCCAGTCTTACCGGATTATCTTCGGTATGAGGAAAAATATCCAATATGCCGCCCCGATGGGAATATGTACCCGGTATCTCCACTATGCTTTCCTGGCGGTATCCCAACTGCTGAAAACGGCTGATTAAGTCCTGGGGTTCTATTTCCAACCCGGCCCAGACTTGTATAAA
CP080651.2_gap37	1049157	1050285	1128	CCCGGTCATTCATAACCAGGTTAAAATCCACTTCGGCCTGAAAATCCTCATCGTAACAGGGGTCAAGCACAATATTGCCTTTAAAAATACTGACGCTGACCGCCGCCACCTGAGAAGTAAAAGGCATTTTGGAGAGAATACCCATATCTACCATCTTCTTAAATGCCAGATACAAGGCTATATATGAACCGGTTATGGAAGCGGTGCGGGTACCGGCATCTGCCTGAATAACATCACAGTCTATAATAAAAGACCGCTCGCCCAGAGCCGCTAAATCCACGCAGGAACGCAGGGAGCGGCCTATAAGACGCTGAATTTCCTGGCTTCGGCCGGATATCTTGCCAGCAGATGAATCCCTCTGGGTGCGGGTAACAGTAGAACGGGGCAGCATGGAATACTCAGCCGTAACCCAGCCGGTACCGCTGTTTCGCAGAAACTGGGGGACTTTATCTTCCATACTGACCGAGCAGATTACCCGGGTCTTACCCTGCTCTATCAAAACCGAACCCTCGGCAAAGCTCTGGAAACCGGGAGTAATTGTTATCGGCCTTAGCTGGTTGAAGTTGCGGCCATCACCTCTTTGCATGAATACAGACTCCATTTCTAAACTAGTTTATACCCGCAAGTATAACACCCTGAAGTAAACGGGGACAACGCAGCCGTTTATCCGCTCAGGCTTTCAAATGCCTCTTTAAGCAGGGGAACAGTAACAATGGAAGCTATTTCAGCAGGCAAAACCCAGCAAAAATCAGTATGCTCCCAGTCTATCTTAGGCGGCCTGTCAATTTTCAGGTGAAAAAGGAAGGGGTGTATCTGCCAGAGGATACCCAGCGCAGTATCATGGTACTCAAATACCTGTCCTTCTTTGAGCAGCACCAGTTCTTCGGGATTGTAACCGGTTTCCTCAGCTATTTCAGTGTAAACCTGTTCAAGGGATGTGGTATCCATATGGCCGGATATAGCTGCCCAAAACCCCCTGTAGCTTCCCACCCGCTGGCTGCGTTTAAATAAAAGCACTTTGCCATTTTTTATAAGAAAAGCGGTCACCACCGGCTGTAAACGGGGCAATTTATCCACCCGAAATACCTTTCAGGTATTCCTTCAATATCTCCAGAACAGCAATAGCCG
CP080651.2_gap38	1051566	1054223	2657	TCTTTTCCTGCTCATAGCTACGGGCAAAGGTACGCAGATTATCTACCACCTTGGCCGCCCGCAAGGCTTCTGTATGAATACGCTCGATATCACGGTGCTGTTCTTCACTGGTACATTTTCGGGCTAATCTCTCTGAAAAACCCAGTATGCTGGTCAGGGGGCTGTTTATTTCATGAGCCACTCCAGCCGTAAGTGCACCTACCGAAGCCAGCCGGCTGGAAAGATTAAGGTCTTTTTCCAATCTCCGCTGGTTTTCTTCAGCTTTTTTACGTTCTGAAATATCCCTGATTGTTAAAAATATCAGATTCCTGCCATCCAGCTGGAAGAAATGATAATGTATCTCTATGGGTACGGATACATTATCTTTGGTCTTATATACGTATTCATTCAAAAGATAGCGGACTTCCAGCAGTTCCTGCCACAAGGCTGGAGTAATATTAAAACATTCAAAACGAATATCAGCAGGCTGCATTCTCAAAAATTCTTCATGGGTATAACCAATATAGCGGCACATTTGCTCATTGGCCTCCATGAATTTCAGCGGTTTTCCTTCCTGTGACACTTCGTAGACCGCCACTGCATCCAACATATTATCTAAAAATAAATGAAAAAGTTCTTCTTGTTTCATCATCTATTCCCGTATATCTTGTACCCGAACATAGCCCGCAGCGTGTTTTGACAGGTATCCTTATTGCACATAGGTTTTACCCTGTATTCAATTCGGGAAAATACTCCGCTATCCATGCCATTTACTGCAGGGAATCGGCAAAGCTTATCCACCGGTATGTATCTGACGGCATCCGGTATAGATGGCATAATAAAACAACTGTGTGCATTCCCGGCTCCGTAACGGAAATGCACAGACGGTTTGTTAGTTCTAGAATTTACCCGCCCGGCATATCCCCGGGGATAACTGAAATCAATAGTAACAAAGGTATTCTCAAATATTGCCGAATACCCAATACCTGTTTTCTGGGATTCCGGACTGATATTATTTATCATATCAACACCCGAATTTTCTGCTTCCACCTGATTTTCTTCGGATATCTTCTTCCCCGCTATTCAAATTATTACATCCTTTATTATACATGTTTAAAAATGCCTAATAAAGTACAGGATTGAAAATAAAAAGACCAACCTGAGGTTGGTCTTCTTTTAGAAAGCTAAAATTAAACTGTTTTAGGCTTCAGGGGAAATACGCAGGAAATTCTTGGTAGCGTTGATGATATCTATCTCACCGAAGGGTTTATTCATAACGCCGAAAGGGCCTTGGGCAAGCACTTTGGTCATGGTATCACTATCCGGATAGCCGGTTATGATGGTAACGGGGAGTTTGGGTTTAATTGCCCGAATTTTCTGGTAAAGCTCCGCTCCGTTCAAACCGGGCATTTTGAGGTCAAGAAATACCAGGTCAAAATCCTTGCTTTGAAGCTGTTCCAAGGCTTCTTCACCATTCTTAGCCATGCAGACTACATGACCTTGCTCTTCCAGCGTTTCTTTAAACAGACTGCGAACGGTGATTTCATCATCAATCACCAGTACGTTTGCCCTTACACCGACTGCACTCTTGCGCAGCCACTCGTCAATAGATGACTTGTCAAAACGCCAACTGTGGCTTACCTTCAACGCAGGTATGGCATTACGCTGGAGAAGACGGTAAATTGTTTTCTGGGTTACTCTGAGATATTCGGCTACTTCGCGAACAGTCATTAAATCAGCCATGATATTCTCCTAATCCTCTATAACAATATATTTAAACTCTTACAAGATACCTTTTATATTATAGCAATTCACTATACAAAGGACAAATAGGGACAAAATCTTGAACATTTTATATATACACTATAATAACCTAATTACTGTATCTTTCAGGCCTATACACATCCCCCAATCGTATAAAACTCCAACTGTTTGGTTATATTTTTAGTTTGAAATCAGCCGCCAGTATACCAAAAACACATAGCCCCATACCCAAACCAAAGCTGGCGTTACGTTTTTTAACGGCATGTGTTATTATTGTAACATAGCAAGGTATTGTAAAATAATACCCATATTAGATACAAGTTAAGTACACTGATATATCGAGGTTGTAATATATTGATTCGCAATATTACGATAAGTCAGACGTCAAAAACTATTTTCCGCTGGGGGATGGTGCTGGCCGGGATTGCTTTGCTGGGATTGCCTATGATTATCAGTGCTGCCATAGTACCTTATGTAGATTCGAGTCTGGTAGCTAAGTATCAGGTGGGCAATACCCAGGGGCAGATAACCTGCTATCAGGCAGGTAAAGACCCTGAAGTGCTGGAGATATCAATTTGGTATCCGACAAGCGGCGAAGGCAATTTTTCTTATGAGGGATTCAGCGGTACGCTGGCAGATTTCAGTGGCGGGCCGTATCCGCTTGTTATTTTCAACCACGGGTTAAATGCCAATGATATTGACCCTCTTTACCTTAAAGAAAGCCTGGTTGGACAGGGATATGTGGTAGCTTCTGTCCAGTTTAATGATATGTCTTCAATCAGTTTTTCAGATTATCTTTCCACTACTCCCAGAACAGACTGGGATAACCGCACAGATAACCTCTTTTCTGCAGTAGACAATTTTTTCCGTGATAATTATCTGAACTATCTGGAAAATTTCCGCATAAACCAGTC
CP080651.2_gap39	1129060	1133518	4458	TTCTCGGCCTTGACCGCCGTCAGCCCGCCGCTCATCTTCAAATGCACACTGATAAACAGCCCGCCGCTTAAGCTGATGATAATATACTTACCGCGGCGGCTAAGCCCGGTTACCTGCAAACCTGAGACCAGTTTGTTAAACTCGGTTTCAGGCGGGCAGAGCGTTTTTGCCCACAACGCTTCCATGCGGGTTATCTTTTTGCCCAGCAAATGGGGCATTATTTCGTTTTTTACCGTTTCCACTTCAGGCAGTTCAGGCATGATTTACTCCTTTGGTTAATTTGTGCTTCAGATAGGTCAGCCCTATTCCCAGCACTGCCCCCGAAAGCAGGTATGCCCCCAGCACATCACTTGGCCAGTGGGCATTTAAATATACTCTGGAAATACCCATAAAGACTACCGGCACAAGGCAAAGCAGCCGGAGTATAAACCTGAGTACAGGGCGGCGGATAAATTTGGGTATGATAAAAAATATCACCCCGTAACAGGCCAGAGCATAAGCGGTATGGCCTGAGGGGAAACTGGTGCCGCCGTCTTCCAGACTGCCGGGACGGGGGCGGTCAATAAGCCATTTGAATATATACCCCAGGAGGGCGGCAATGCCGGGCACCAGAGCACAGATTACGGACTGTAAACGGTAGCCTTTGCACCACAGCCAGATTACCGCCGCCCCCGGCGGAATAATCCAGACCGGAAAACTGCCCAAGCAGGAAATAAACTCCATAAACCCGTCAAAACCGGGCAGTGAAATGTCCTGAATAAACCCTGAGATAGATGAATCCGTGGCTAAAACAGGGTTTAAAAATACCAGCCATGCCAAAAGGATAAACACACCCAGCAGTATCAGATACGGCAGGTAATCACGCAGTTTTGCCAAGTCCGGTTTTACTCCATATCTCCCCAGTTAGCCCCGGACTTAAGCTCAACCTTGAGCGGTATTTCAAAGGCAACTGCACCTGACATGGTTTCTACAAGCAAATCACGCATCCGCCCAAGCTCTGCTGTGGGCACTTCAAATATAAGCTCATCATGCACCTGAAGCAGCAGGCGGCTTTTCAGCTTTTCTTCTTTAATCTTTTCGTCCAGCCGGACCATAGCCAGCTTGATAATGTCAGCAGATGTCCCCTGTACCGGCATATTGATAGCCATACGCTCGGCTGATTCACGCAGAATACGGTTGGGTGAATTGATTTCCGGAATATAGCGGCGTCTGCCCAGCAGGGTTTCCACATAACCCTGAGTACGTGCCTGCTGCTTAATTTCCGCAAAGTAAACAGCCACCCGCGGATATTTTTCAAAATAAGCCTTTATAAACTTGTCAGCTTCTTCCAGCGAAAGCTCGGTAGCCTGTTCCAGCCCGTAGCTGCTCATGCCGTATATCACCCCGAAATTTACGGTTTTAGCCAAGCGGCGTTGTTCTTTAGTCACTTTGGACGGGGAAATGTTAAGCAATCTGGCGGCGGTAGCGGTGTGAATATCCTGGTCACTTTGGAAAGCCTCTATCAGGGCGGGGTCTTGGGAAAGATGGGCCAGCACCCTGAGGTCTATTTGGGAATAGTCTCCAGCCAGCAGCACTGTGCATGGAGGTGCAATAAATGCCCGCCGTATCTCCCTGCCCATTTCCCCCCTGACAGGTATGTTTTGCAGATTAGGCTCGGAAGAAGATAACCTGCCGGTAGCTGTACGGGTCTGGTTGAAACTGGTATGCAGCCGCCGGGTATGCAGGTTTACCATACGCGGCAAGGTATCCAGATAGGTAGATTTCAGCTTTACCAGCATACGGTATTCCAGTATCAGGTCTACAATACGGTGCTTGCCCTTCAGCTCTTCAAGCACCTCTGCCCCGGTGGAATAACCAGTTTTGGTCTTTTTGATAACCGGCAGTTTCAGTTCGTCAAAGAGTATCCGCCCCAGCTGCTGGGGGGAGCCTATGTTAAAGCTATGCCCTGCCTGGGCATAGATATCTTCTTCCAGTTTAAATATCTGCCTGCCTGTCTTTTCAGCCATAGCCTTCAGCAAATCTGTATCCAGCATAATGCCTGTGCGTTCCATACCCAGCAGAATGGGCAAAAGGGGCATCTCCACCCTGGCAAATAAATCCATCAGCTTGGTTTCGGCAAGCTGGGCGGCAAAGATACCTTTGAGGCGGAAAGTGTAATCAGCCGCAAGCTGGGCTGCTTCTGAAAGCTGAACCTCGCTGAAAATGGTTTTTTTGCCGTTTCGGGTCAGTATATTTTCAATATCCGCAATCTCTATGCCGAAATGCTCAAAGATAAGATCTTTGATAGCCAGATTTTTTTCACCCAGCAGATGGGCGGCAATCATGGTATCAAAATCCAGCCCTTTTACTTCTTGCCCGGCAGATAAAAGCAAATTCATAAGGTACTTGGCGTTATGGGCGGTTTTACATATTTTTTCATCACCAAGCAGAGCTGCCAAGCCGGAATGCCCTTCGGTGGTAAACATCTGCCCTTCTGAAGCACTGCCGATAAACTCAGCGGGTACAAAACAAGCATCACCCGCCACACTTGAAAGTGCCAGTGCCGTCAGGCGGGCATCCATAGCTTCTTCGGGAGTACCAGAAACCGCCAGCGCCAGCTCTTTGGCATTTGCCAGGCGTTTAACGATGCTGTCTATATTTTGGCTGTCTGCCACCGTATAGCGGGTTTCAACCTTTGGAGCGGCAGCGAACATATCCGGCGTACCCTGAAGCTGGTTTTCCCCTCCCGGCAGGCGGTCAATCAGCCTGAAAAACTCCAGCTCGCGGAATAGGTCTACCACTTTCTGGCGGTTATAGTGCTCTGCCCGGCATTCCTCAATACTGAAATCAAGCGGCAAATCACGCACGATAGTTGTCAGTATTTTACTGTCACGGGCTACTTCGGCATTGTCTGCCAGCTTTTTCTGAAGACCGGGCGGGCTTATTTTATCCAGATTTTTATAAATATCTTCTATGCCGCCGTACTCTTCTATAAGTTTCTGGGCGGTTTTCGGGCCTATGCCGGGTACTCCAGGGATATTGTCAGACGGGTCACCCATAAGGGCTTTGTAATCTGCAATATGCTCCGGCCCCAAACCGTATTTTGCCCTTACCGCCGCCTCGTCATACAAACTGGTGCTGGCAAAAGAACCTGCCGGACCGGGATACAAAATGCGGATATCCGGCCCGACCAGCTGCATGGAATCTGCGTCTCCGGAGGCTATAATAACCTCCATACCTGCGGCAGCGGCTCTGGTTGCCAGCGTACCCAGCACATCATCAGCCTCAAAGCCGCTCTGTTCGTATACCGGCATATTAAAAGCATCTACAATCTGGCGTACCCGCCCCAGCTGGCTGACCAGTTCGTCAGGCATAGGCGGACGCTGGGCTTTGTAATCTTTGAACATTTCATGGCGGAAGGTTGGGCCTTTTCTGTCAAAGGATATGGCGTAACAATCCGGTTTAAGGTCTGTTAAGACTTTAATCAGTATGGAGGCGAAACCAAAAGCGGCACCCACTACTTCACCTGTTTTGCGGATTGCAAGCGGAGGAAGTACATGATACGCGCGGTGGACCAGATTAGTACCGTCAAAGAGGACTATTACAGGTTTATTCATAAACACATTATAGCAGATGAGACCAAAAGAGGTTCAGGTATTTTAGCCACTGTGAAGAAGCCTGAGCTAGGTTTCCAGCTGCAGTCCGCCGGATATCCAGACGTTTATGCCACCCTGCATGTTATATATGCTGGTAAAACTGTTCTCCAGCATAAGCTGGGCAGCAGATATAGAGCGGTTGCCTGAACGGCAGTAAACCAGGTAAGTTTTATTTTTATCCAGCAGGAAAAGCGAATTTTCAAAGGAAGCGTAATAATCCAGATTTACCGCACCCGGAATATGCCCCTGGGCATATTCGGATGGGGTACGCACATCCAGAATGACAAAGTCCGCAGAGCCGGAATTCTGGTCTATAAGGGCTTTGGCTTCGGCAACAGATATATTCTGTACAGCGGGCAGATTTACATCATCAACAGGAGAACCGGTAGCACAGCCTGTCAAAATCCCGGTACATACCAGCATAAATGCCAACAAGGCGGTTAAACCACGTTTGAAAGACACAGAGCTAAACACCGATAAAATTAGGCTGGAGCTTAACCCCGGAATAACCTGCCATAGTCTGCAAACAGGTTTCTTCCCGTTGGGTAATCCAGGTAGATACGCTTGTCAGCCCGAAATCAGACAACTGGCAGAAAGTAACCATAAGCTCATTGCAATAGCCGTAATAACGTGAAGAACGGTTGTCAAAGCTGACATTTCCCGTATCTGCCATCTGCTCTATTAAAGTGCGCAGTTTCAGGCGATTATAATAGGCCGCCCGCATTCCCGCCAGCATACCTTCGAAAAAAAGCTGAGCACGGAAGTTTATCATCTGACCTTCATTATTGAAAACCACATCAAAAGAGCCTCCAGTAGCACCGGA
CP080651.2_gap40	1147989	1151120	3131	ATAAGAGCAGCACCATCAACTGTGGTTATGCTGCTTACCTGAGCGGTAAATATTTGACCCAATTTACCAGTAGTCTGATCAACCAGTGAGCGCCAAACCATAGTACCATTAATGGTCGCTACGAATAAAGCATCACCTGCGGGTGAAACAGCTACATCAATAGTAGAACCATCTTCAACAACCATAGAGGTTGAGAAGACACGCTCGTAAACACCATCAGAGAAACGCCAAACGCTCTCTTCGAGATAGTCACTGGTAACAATAAATAAATTACCAGCCATATTGTCAACGCTGACAATAGCCTGACGCATCATGGAAATAGTATTCCAAGTTTTGCCAAAATCAGCTGTGTAAGAAACGCCACAATCCCAGCCAGCAGTGCCAGCAAGAGCCTTGCCGGAAGTATTATAGTCACCCATGGCAAGTACGGTTACAGTAGCAACAGAAAGACCCCAAGAGCTTGCAGCACCGGTAGGGGCTTTAACATTAGCTGAGAAGGTAAGGCGATCAGAAGAATACCAAGTAAGAGGTGCAGAAGCAGCTGCGATATTATAACCACCAATAATCAGTCTGGCATCAGCAATACCGCCAATACCATCAATATCGGTTACTTCTGTAGCAGTGCCAACACCGGCAGAATAACCACGGACGTTAAGGTCTATGGTTGTTAAGGTATTACCATACCACAAATACACATCACCTTGACCACCAGAAGTCTGCAGAGCAAGCCAACCCTGGAATTTGCCGGAGGCTATGTTGGAGTTGAAGTCAGAGGGCAGCCAGAGTTCGGCATGGTAAATACCGGTGATAGAATCAGTGTTGTTTTCTTCGACTGCGGTATCAATGCAGGTCGAAGGCATATTCCATTGGTTACCAAAATATTTGGCGGTTATGTAAGTAGCTTCGGAACCCATAGTGGTGTCTTCAGCAACAGCAATAACACCCTGTTTGGTGGCGAAGTCAGTGGGATCAACAACTACATCCCAAACATTACAACCACCCCAAGCGGTTTCACGTTGATTAATAACATCAAGATCGGTCCAAGGCATACCGAAGGCGGTTTCCTGGCACATATACACGCCGTTAGCGCCCGGAGCTACGCCAAGTGAAGCAGTACCAACAAAGACGTATTTAGTAGCACCAACTACAGCGGTATCCAAAGTTACAATGATACCAGCAGGAGTAGCTGTTACAAAATTGGAAGCCGCATAAGTATAAAGGTTTGACATTTTGTTCCAAGTTGCACCACCATCTTTGGTGGTAAAGATGTCATGACCGTCAGTGAAGTAAACTTCATTGGCATTAACGCTAGAAGCGACCATATCAAAAATACGGCCACTAGCTGCCAAAGTATAAACATCACCGTCTTCAAAGACCATCTTCCAAGAGCGACCGGAGTCAGTAGATTTAAATACACACATAACTCCATTATACTCGGCAGTGGCATAGACAGCAGATTTATCTGCGTTCCATTCCAAAATGCCGATGTTGTCAAAGCGAACGCTAGGAGTGCTGACTACATAGCCGCCGGTTGCGCCGGAGCCGGGCAGGGAGATTTTGCTCCAATCCTGGTTGGCAGCAGCTACGGGGGTAGCGACTGCGAACATGGAAAGAACCATGGCAGCAGTCAGGACTACGCCCAGAACTTTACTTATTTTTGTCTTAAACATCGACCTATAAATTTCCTTTTAAAATTATTTTATGCAAATGTCTTCATATTATATATGTATATATGAAGACCAAGAGTGGTCCAATTCAGCATCAATCAAAGACGCTTCCCCTTACGGGTGCATACCAATTACACCACCTCCTTTCAAGGTTTAACCTATCTTATATAATAACACAGCCTGTCAATAGTTTACGGGCATTTTAACTTAATTTGGCTGAAAGTACTATAGTTTTCAGGTACTTTACGTTCAAAAATATTTTTTATCCCTTTTGGTTTACATTTCTTTCTGGAGGTTAGCCAAAAATTCAGCATTGTTCTTGGAGCGGCGCAGGCGGTCCAGCAGGCGCTCATTAACCTCTGTATAGTGGTTAGCGTCATCAGCGATAATGGCAACCATCCTCCGCAAAAGCTGTACCTGCTTGTAGTTATCACCCAGCAGAAGCTCTTCACGGCGGGTGCTTGAGCGGGGTATATCCAAAGCCGGGAATACACGGCGTTCGGCCAAACGGCGTTCCAGATGAAGTTCCATATTGCCGGTGCCCTTGAACTCTTCGTAAATAAGGTCATCCATGCGGCTGCCGGTTTCCACCAGACAGGTGGCAATGATGGTAAGCGAACCGCCCTCTTCGGTATTGCGGGCAGCCCCGAAGAATTTCTTGGCAGGGTGAAGGGCTACCGGGTCAATACCGCCGGAAAGGGTGCGGCCTGATGAAGGCATAGCCAGATTGTAGGCGCGGGTAAGGCGGGTAATGCCGTCCAGCAGGATAAAGACGTCTTTGCCGCTTTCCACCATACGCTTTGCCCGTTCCAGTGCCAGTTCGGCTACCCGGGTCTGGTTTTCCACCGGTTCATCAAAGGTGGCGGCCATAACTTCGCCCCGTACGTGGCGGCGCATGTCGGTTACTTCTTCAGGGCGTTCACCTATAAGGACTACCATTATATGTATATCGTTATAATTGGTAGCGGTTGCATTCGCTATGTTTTTAAGAATAGTGGTCTTGCCGGCTTTGGGCGGGGAAACAATAAGCCCGCGCTGTCCCCGGCCTATGGGGGCTATCAGGTTTATGAGGCGGGTGGCAAGTTCGGTGGGAGAGGTCTCCAGATTTATCAGGCGGTCAGGAAAAGTGGGAACTAAAGCACCAAAATTCGGGCGGCGTTTGGCCATTTCGGGGTTAAGGTCATTTATGGCTTCCACCCGCAGAAGGCTGTAATATTTTTCACCCGGCTTGGCAGGCCGTCCCTGCCCTATTACCATATCACCGGTACGAAGCCCAAAACGGCGTATCTGGGACTGAGACACATATATGTCTGACGAGCTGGGCAATAAAGAGGCCTGCCGCAGAAAGCCGTATCCGTCCGGCATTATTTCCAGAATACCCGAACAGAATACATTCCCCTGTGATTCGGTATAAACCTGAATAAGGCGCATCACCAGGTCCTGCTTTTTAAGGGCAGTCACCCC
CP080651.2_gap41	1206542	1208655	2113	TAATGCCCTGGGGCAGGGTCTGCTGGCACAGCACATGGGCAAAAAAAGGGTGATTGCCGAAACCGGGGCGGGGCAGCACGGGGTAGCCACTGCGGCTGTCTGCGCCATGCTGGGGCTGGAATGTATTGTCTACATGGGCGAAGATGATATCAAACGCCAGGCCTTAAATGTGTTTCGCATGAAGCTGATGGGAACGGAAGTCAGGAGCGTTTCTTCGGGCAGCCGCACCCTGAAAGACGCCATCAACGAAGCCATGCGTGACTGGGTAAGCAACCCGGAAACCACTTATTACATAATCGGCTCGGTAGTCGGCCCGCGCCCTTACCCGGCCATGGTACGGGATTTTCAGGCCGTTATCGGGCAGGAAACCAAAGACCAGTCACTAAAACAGCTGGGGGGGCTGCCGGACTGTATAGTGGCCTGCGTAGGCGGCGGCAGCAATGCCATGGGCATTTTTTATGATTTCATACCTGACCAAAGCGTACGCCTTATCGGGGTGGAAGCCGCCGGCAGCGGCATAAGCACCGGCAAACATTCGGCTACCCTGAGTGCCGGCAAAGTGGGAATACTTCACGGAGCCATGTCTTACCTGCTGCAGGATGAGCATGGGCAGGTGATTGAAACCCACAGCATTTCGGCAGGACTGGATTACCCCGGCGTAGGCCCGGAGCACAGCCATCTGAAAGACAGCAAACGGGTGGAATACGTTTCGGTAACAGATGACGAAGCCCTGAATGGCTTTAAACTCCTTTGTTCACTGGAAGGGATTGTACCCGCTCTGGAATCATCCCACGCCATTGCTCACGCCCTGAAAATAGCGGGTAATATGCCCAAAGATAAAAATATAGTCATAAACCTGTCCGGCAGGGGAGATAAAGATATGGATATTGTCCAGAAAGCAATGGGGGTGAACCTATGAGCCGCATCAGTGACGCATTTTGCAAACGCAAACCCCTTATAGCTTACATAACAGTCGGCTATCCGGATATTGAAACCACCTTGAAACTGGTGCCTATGCTGGAAGCAAACGGGGTGGATATTATAGAGCTGGGTATTCCCTTTTCAGACCCCTTGGCAGACGGAGTCACTATTCAAAACGCCAGCTACCAGGCACTTCAGAACGGGGTAACCCCTGAAGTCTGTTTGTCAGTTGCCGCCCGTCTAAAAGAAAAAACCTCTATACCCATGGTATTTATGGGGTATTACAACCCCGTTTACAATTACGGCCTGAGCGAATTCTGCAATAAGGCGGCCGCCGCCGGTATAAGCGGGCTTATTATTCCTGACCTGCCGCCGGGTGAGGCCGAAGATATGGAAGCAGCCGCCAAAGAAGCCGGGCTGGATATAATCTTCCTGTTAGCCCCCACCAGCACAGACGAACGGATTAAACTGGTAGCCGCCAAATCAGGGGGGTTTATCTACCTTGTTTCCCACTCAGGCGTTACCGGGGCAACTGCCAACCTTCCGGCTGACCTCGGCAGTTTTGTAAGCAGGGTAAGAAAGGCCGCCCGCCAGCCTCTGGCAGTTGGTTTCGGCATTTCCACCCCCGAACAGGCCGCCGATATCTCAAAATATGCTGATGGGATAATAGTAGGCAGCCGCATTATCCAGCTGGTACAGGCAGACCCTTCACTTGAAAAGGTAAGCGGCTTTGTCAGGCAGCTAAGAAAGGCACTTGGCTAGTTCGTAAAACCTTTAAAATACGTAATAAAGGGGGAGGTTAAACCTCCCCCTTTTAAGCTGATAAACTAAGCTTTACTAGGCTGTCTTTTTGTGGCGGATAATAAGCTGCCAGTCCAGTGCGGCCAGTATAAGAAAGATAATACCGAATATCAACGCACCCATCCAGGCTGAAGTCGGTTCGTTCTCTTCAAGCGAACTGAAATAATGCTGGACGGTGGCAAACAAGGATGAGACCGCCAAAAGACCGATAACCCATTCGTACCACTTTATACCAAGCTGCCGGCGCACAAGCCAGACAACAAACAGGGTCAAAGCGACTGCTACTGCCAGTCCTACGAAAAACATATTTCCTACCTCCAATTCCTTAAGCTTTTAGTAACTGGTGTCAATACCGTAGGTAAAGTCATTGTCCAAATCCCAGAATTCTTCA
CP080651.2_gap42	1211121	1212085	964	TTACCGGACAGGCATCAGCACACTTGGTACAGGTCTGACAGAACCTCCAGATACCGGCATCTATAGGATTGGTAGGCTCAAGAGGCATATCGGTCACCAAACTGAACACCCCAAGTACAGGTCCGTATTCAGGGCTGGTGCAAAAACCGTTGTTGCGGTTTCCTTCGGTAATACCGGTCAGCTGGGCGCTGGCAATAGCAGGCATAATACCCGAAAAGGGTGAGGCATAACCGTAACAGGTATAGCCAAGTGAACGGATAAATTCCTGAATAGAATTCTGGATATTACCGAAGAGCCGATAACGCGACAGATTGGCAGCATACATTATCTGGGATTCATTTGCTGTCCTGAACATGTCTTTGGACATAGGCACGGTGAAGCAAAATTCATAAAGCTGTTTATTGGCCGGCAGAACAAAAGTAGTCGCCCCTTCGTAACCTACATCCACATCTTCAAATACATATGCTTTGCCCAGCGCCGGAGGCGGTGGGAAATTTTCCACGAAACCTATAGAGTTCGCAGCCCCTTTATGGTTGGTGAACACCAGTTTATCCTTGATTTTCTGGTCTATAACACCAAAACCGACCTGCCCGCCGCCGTAAAAGATTACCGCTGAACGCAGCATACGGCTGTTTTCCTCAGGAGTACCCTGCCAGACAGGTACATTCATACTTTGGGGAGTAGCCACCTTCTGGGGACCCATAAAAGTGGTCACATAAGGCAAATTCATAAAAAAGCCTGCGCCGGATGAAAGGGCATAATCCTTCAGTGTCTGACCAGGAGTTTCACTGGTAATAGCATTTACTTTATTGGTCAGGACATTGGCATATCGTTTCTTTATTTCGTCCACACCCAAATACTTAGCCTGGATACCGGGTGCCTGCCCTGTCTGGCGTCCATCCCATCTATTCATCAATGACCAGTCAATTTCAGTAGTGGGATTATCCAACTCACGGTATTTCAC
CP080651.2_gap43	1213122	1215763	2641	CCGCTTGTGAAAATACTCCCGAATTGGTATCCTTTCGGCATAAGGAGACACCTCTTATGGAATATAATGTAGAAGTAAAACTGCTGGCTATGACCCCTGATGCCGAAAATCTGGCCGAACAGGCCGGGCGGCTGTGTTACGCCAGCGGCAGTAAACAGGGCAGCAGCCAGGACTGGCTTCAAACCCGTATCAAACAGGGGCATGAAAGTCTGCTTGAACATGTGTCTGCCACTTTTTATATAAAGGCATCACGGGTGGTTACCCACGAACTAGTCAGACACCGCATTGGCAGTTACTCCCAGCGGAGCCAGCGTTACGTGAAGGAAAATCAGGCCGAGTTTATCACCCCGCCTGAAATAGCCGAAGGAAACGACGCCAAACTGGATTTATTTAAAGAGGCCATGGAAAGTGCCTGGGATTCATACCGCAAACTGCTTGAGGTAGGTATAAAAGCAGAAATTGCCCGTTACGTACTGCCTAATGCCTGCGCCACTGAGATTATCTGCACCTGGAATTTCCGCGAACTGCGGCATATCTTGAAACTGCGTACCGCCCCATCCGCCCAGCCGGAAATGCGGGCCGTAGCCGGCCGTATAAAAGAGATACTACAAAAAGAAGCCCCCAAAATATTCGGAGACCTCTAAACAGCGCTTAATAATATTTTACCCTGCCTGTATCAGATTAAATGGCAGGCACAGAGGTGATTTTCGGAAACCATCTTCAAAGGCGGCGCTTCCTGATGGCAAACCGGCAGATGCAACGGGCAGCGCCCAGCAAAACCGCAGCCGCATCCGTCTTCGTCATGGTGATGCAGGTCGTGCCCATCTTCAAGCTCCAGTGCCAGCCCTGCCATAAGCATTTTGGTATAAGGGTGAACAGCCTGGGATATATTTTCTTTCCCCATCACTTCAACCAGCTTGCCTCGGTACATAACCGCCAAACGGCTGCAAACCGAACTAACCATTTGCAGGTCATGTGAAATAAGCAGATAACTCAAACCATATTCTTCTTTAAGCTCCAGCATAAGCCTGAGCAGCTGGTAACGCAAAATAGTATCCAGCCCGCTTAAAGGTTCATCAGCAATTATTATTTCAGGTCTTACCAATATAGTTCTGGCCAGTGACACCCGCTGACGCTGCCCGCCGGATAGTTCTACCGGGTAGCGGCCAGAAAGCGAAGGCGGAATAAAAGTTTTCTCCATAACGGCTGAAACCGATTGCTGCATTTCAGCCTTGTTTAAGTGACGGTTTATCTTTAGAGGTTCTTCCAGAAGCCCTGTAACCCTCATGCGGGGGTCTAAAGTGGCGTCCGAGTCCTGCAGCATTAACTGGACTTCACGGCGGTACTTTTTGAACTCAGGGTCTTCCATCTTTTGCAGATCCTGCCCTTTATATTCAACCACACCGGCAGAAGGGCGAACCAATCCTGCCAAAGCTCTGGCCAGAGTAGTTTTACCGGAGCCGCTTTCACCTACCAGCCCCAGTATTTCACCCTTTTCCAGTGTGATACTCACATCTGAAACAGCCTTGATAGTATGGTCCGGGTGCTTAAGGCGTACCAAAGGGTTATGTCTGACTACAAAATTAACTGACAGGTTTTCAGCTTTTAACACGTTTGCACCCCATTTCGGGTATACAAATGACAAACCACCCTGCCGCTCTCCAGACAAACTTCCTGCGGTATTTCTTTTAAACAAATTGCGGTTGCCTGGGGACAGAACAGGGCAAAGCTGCAACCCTTGTCATCACCTAATAAATCCCGGCTTTCAAAACCTGTCAAAGGCATATTCAAAAAACCTGCGGACTGCTGATATTTCATAAGCATACGGCTATATGGGTGGCGGGGGTTTTCCATCAGACTTTCAGTATCACTGTACTCTACAACCCTGCCGGCATACATTACCGCTAGTTTCGGGCAAAGGGTTTTCAACGCAGGCAGGTCATGGCTGATAACAAGCAAACTGGTTTTACTTGAGGACTTTTTCAGTATATTCAAAGCGGTAGTACGGGTACTTGCGTCAAGGGCGGTAGTGGGTTCATCTGCCACCAGCAAGTCAGGCTCGGCAAGCAGAGCCATAGCAGTCAGCACCCTCTGGCGCATACCCCCGGACAACTGGTGGGGATAGCTTTTCAAGATATGTTCAACCGAATGTATATCCCCCAGTCCCAATTCAGCAAGCAGATGTTTTGCGTTGTCCAGCCCTGTGTCAGGAATTTTCAGGGCGGTTTCAATTTCACTAATCTGCTCACCCACCTTTAAAAGCGGGTTCAGGGCAGTAGACTGGTTTTGGGGAATAAGGGCAATCTGTCTGCCCCTTATATTGTTCAGCTCAGCTTCGGGCAGATTTACCAACTCCCTGCCTTTAAAAAGTATGCTGCCATTCATGATTTTGCCGGGTTGCTGCAGCCCCAGCAAGGTATAGACAAGCACCGTTTTGCCGCAGCCGCTCTCACCCATAATGCCCAGACTGCCACCCGCTTCAAGCTGCAGATCAAGCCCGTTATTAGCCCGCACCAGCCCGGCCGGAGTCTCAAAATATACGTGCAGGTTGGAAACTTCAAGCAGGTTTTTCATCTGTCCAGTATCCTCTGCAGCCGCGGGTCAGTACGGTCTTCAAAGCTCATATTAATAAATGTCAACC
CP080651.2_gap44	1227189	1231413	4224	CATATCAGCTTACCAGTGCAGCGGACATACCAGCCATGAACCTTTGCGGGAACGCAAACTGCTTATGCACCGCAAAGAAATAGCCCTGCTTATGTCAAAGGTCAAGGAAAAAGGGCTGACTCTCGTACCGGTGCGTATCTACCTTAAAAACGATGTTGCCAAGGTAGAGCTGTCACTGGGGCGGGGTAAAAAGCTATATGACAAACGGGATACCATTACTAAGCGGGATACCGAGCGTGAACTGAAGCGGGAAATAAAACACCGCAATTTCCGCCGTTAATACCAATATTATGGGGACGCGTGGTTTCGACAGGGAAGGTAGGCTACTGGATTGCAGGCTGAGGTGCCATCCACCTCATTAAACAGGTGGCAAAAAACAACTGGCGAACGTGAACTCGTTCTTGCTGGCTAGATAAAACCAGCACATCCTGCCTGGCCCCACCTCAACGGGCCGGGTTTGGGTGCCGATTAGTTGAGGTGCCGTTTCCCCAACGCCGATGAGGGGAACGAAAGAAATATCGGCTGGTTTGGCTAAATTAGGCCGGCAAAAGCTAGCCAGACAAGATTAAATAGACGGCTAATCCTGTAGTAGATCCTGGGTCATCTTTTCTGGACGGGGAGTTCGACCCTCCCCCGTCTCCACCAGAAACAAAGACGAGCCGTTTGGTTTATTACTGAATGGCTCATTTACAATACGTATCTTAGATTCCTTCTTAGATACCGCTACCTGAAAGATAGGTTTAAAAGGTGGTTTCGGTTTCACTGCAATAATAGATTTGCTCTTCTTAAAGTCGATATATACAGCATCAAGCATGTTAACAAGTAGCTTCCTCTGTTCAGATAAAGTAGCCTTATTCCATAGAGACGGCAGATTCATAATGAGCTTACCTGCTTCCTCAGAGGCGTTATAATCAGGTACTACCAGCGATTCTAGATTTAGTTCTAGAAGCTTCTTCTGGCGTGAGTATTCACTATCGGGAAGTAGACCATCTATGTAAGCTCTAGCCATACGCTTAAGTTTGACAGTTACCTGCTCCCTCTCTTTCGCTACCCTATTCACTTCATCCTTTAGACTAATAATAGATAGTACCTCTTCAAGCCATGTTCCTTTTAGCTCTATAGCACTAACCAGTTCTATCATTTGCTTATCTACTATCTCACAAGGGATGGTACCCCCATGGGCGATACATTGGTCTATGCTTCTTGAGCCTTTATGTTCTCTATAATACTTCCTACCGTTATGGTAAGTCTGAGCCCACATCGGCATACCGCAATAGGCACATCTGGCAAGTCCTTTAAGCAGGTATTCCCTTTGGGGTTTAGATTGAAGTGTTTCTGATCTTCCTGAGTTCTTCTTCATGGTATCTTGAACCATATTAAAGAGCTTCTTAGTAACTAGCGGTTTATGTAGTCCGGGAAGCAGTTTGTCTCTATGCTTTATCTTGCCCGTATAGAAGGGATTATGCAGAATACCCCTTACTGAAGCCCCTGTAAAGAGCTTTGGTCCTGAAGTGAGGTTACCACAAGCATCCTCTATCTTCTTGGTATTGCGGGTCTTAAAACCACTATCGTTAAGATATTTAGCCAATTGCGACAAGGTAACAGTTCCTATGGCATAACGCTTGAATAATTCTTTGACTGCCTTGCCTTCCTTTCGGTGGATATGGATACCTCCCGGGTGTTCGGGATTACAACGGCGTCTCTTCTCACCATTTTCACTCTTTTCCCAACATGACTCATAACCAAAGGGGATAGTGCCGTTATGTTTGCCTTCCACTGCCCTTTGTTCTATGCCTTTCTTAACGTGGACACTAAGTGATTCACTGCCGTATTGAGCAAAGGCTCCCATCATCTGCATTTGAAACATTCCCTGGGGTGTAGAGTAATCGATGTTGCTTTCGCTAACAGATACCAACCCTACCCCAAATTCCCCTAGTATCCCCAATGATTCAAGGGCTATCCTCAAGTTACGTGACCAACGATCCAAGGTATGAACGACAACCAGATCGAACTGCCCTTTCTTTACATCATCAAGCAGCTTCCTAAATACAGGACGCTTATTGATGCTGTCTACATGGGCTGATCTTCCTTCTTCTCGGTAGATATTTATTATCTGCCACCCTCTGTTCTTGCAGAGTTCTTTGAATAAACGTTCTTGAGCATCAAGCGAGTACCCATCTATCTGTGATACTGAAGATACCCTAAGATATGCAACTACCCTCTTTGCCTCATTCATCAGCACGCCCCTTCCTCACGTCCCTTGAGGCAACAGCTATTGATACCTCGGCTAGATTCTTAATAAATTCGCGTGTCATTAGTTTGTCAACCTCACCCTCGGAAGAATTGGCAGGCATTGTATACTTCTGTTGTATACCCGTCAACGAGTTTTCTTCCTGCTTGAGGTTTTCGTTTTCCATGTTATAGAGACTCCGCCAGTACTTTTTCAGCGTCTAAAAGTCTTTTCAAAGTTGCATAACCAATGCCGAGTTTCTTGGCAGCTTGACTCCTTGAAAGGTTTCCTTTGCTAAGCCCCTCCAAAATGTCTCCATAAGCCTGAGAGAAGCCTTCCCTATCGATTACCTTAGGTCTGCCTGTTTTACTGCCTAATTTTCGAGATCTCTCCATGCCCAGCATGAGACGCTCATGTATCATTTCTTTTTCTAACCGGGCATAAGAAGCAGCGATTTCATAAGGGGTCTCTTTGGAAGTTACAGTATCAAGCCACGCATCAGAAACTGACTTTACTCCAACTCCCCATTCTCTAAACTTCTCCAAAGAGATGGAGACATGGGTAACTGAATAAAAGGCTCTGTCCATGCTCTGAATAATCAGTACATCAAAACGTTTGTTAATTGCGTCTTCCAGCAACCTCTGCCAGTCTTTTCTTTGTCTTAAGTTATCTGCTTGTGCCTGATCAGAGTATTCCTTATAGACCTTCCAACGCCTTTCTTTGACAAAGCGCCTTAATAACTCTAACTGATCATTAAGCTTTTCAACTTTGTCTGTTATCGATACCCTGGCGTAGATTACGGCTCTCACTATTCTTCCTCAAAACCCCTTAATTTCATTTCAAGTCTCTCTTCTTCATCAGTTAAATCAAAGACTTCCTTAAGGCGGTCAAGAAGCGTAAGTACCCTGGTATTCAAATCTTCATAAGTTTCAAGGGAGTCCTCAAGTCTATCTGCCATTTCTTCACATTCGGCTTCAGCTGCCTTGCAGATTCTCTCCAGTTCACTTACGTTAAGTACGTATCTAACCTTGCCGTGTGAAACTACTGATTTGATGCCGATAGCGCAAAAAGCCTGCCCTACATTGGAGGGTGTTATATCCATATCAAATTCCTTTTTCTCTCTTGCCGATATCTCTCCGGCAGAAGCCCTGGTTGTCCCTTCAAGCGCCATAACATAGGCAGTTTGAAAAACTGCTAAGATATTCCTTGCTCTCATCATTTCTCTTGCTTTTTCCAGTGTCTCCCTCATATCATCTTTCATTTTCCAGTTCCTCCTTTCCCCTGTTGTACAACAACATACATATGTTTTTCCGATTTAAGAGCCCTCACCACCCTCGCTACCCTTTCTAAGCTAAACCCTTCTCTGCTATCACCTTGGCGATATAGTCCTGGTCCGATATAAAGGCTCTAAAATGCCTGCCATCCTCAGGGCAAACCAGCAGTATAAAAGGCTTGTTGGACCTTCTTCCCCTTGCCATGCGTACAGATAATGGTTTGGAACATATCGGGCACTTTACGTCATTCATTCTTCATCCCTCCTATCAAGATAGAACTTACACAGTAAAAAGATGGCGGTGCTCCTGGTATTGGGGTTATCCTGCTTGGACCCTTTAGCTACCGGCATGATAGAACTTAACGCTTCCCTTACCAGATCAAGCTGGGGGCGGGTAAACTGAAGCTGCATATGGTTTAACTTGGCGCTTTGTGCCTCTTCCCAAGCCCTTAGGTGGCTTGCCAGATCACCTTCATCTATTTGGGATAAAGAGTTTAAACTGCCTGCGGTCTCCGGGAGTATCGAAAGCACTTCACTTTCTGATACCTCGGATAGCACCTTCTTTAAGAGTGCTCCTTTCAGCGCCTGGTCATCTTCACCCTTTAAGTCATTAAGTGCTTGTGCCAGTAGCATCGCCTCGGTATCGTTAAGATTAAGGACAATGCAGGGTACGCTCCCCCAACCCGTTTCCTTAAGTACCTTAAGCCTTTGGTTGCCGGAC
CP080651.2_gap45	1233952	1237651	3699	TCCCTTTTCCCCTTCAGCAATAAAGACCAGTTCATCAAGTAGAGCCTTAAGCAGTTCAGGAAGTCGGTAAAGAACAGGACTGATACCTTTGAGATTATAGATCCAACTACCATTTCCATCAGGTCTTCTCTGTTTGAAGGCTTTGGGAGTATAGCGAACTACTTGGAAGATGAGCTTTCCGCTCTCATCTCTATAGTCGTAGACTACTTCTATACTTTTCTTAATAGTAGATCTGGTGTTTGATTCGATACCCAATTTGTCAGCTAGTTTATGAGTATCTCCCTTTTCTCCACAAGCCAGGCAATAGAACCCCTTCTCAGTAAATCTCAGGTTAGGGGTATGCTGATCATTGTGGAATGGACAGAGTGAAGTGTACCAGCCGTTTTTGTCCGGTCCTGATACTTTGCGTAGATGTTTTTTTATTTCGTTTAGTTGTTCAATCATAAGATCCACTCTGGGTGCATGCCGGTGATAATTGGTATACTAAATATAAGCACGGCACTTCAGATGCCGTCATCATGCCGAAAGGGCATTTTCAAACGTAAAAAGGATGCCTTTTCATGCCTTTTAGGCACTTTGGAGGTTTTATATGGAAAGAAGGAATCACCGAGATGAGAAAATTGTACAGTTCGTTATCAATTGTGCAAACAGGAAGCCCAAACCAATAAGACGTGCGATTGCTCTGGAGGTGGAGAAGGAATTTGGGGTTACCATCTCTGAGCGTACAATTGGAAGATATTGTAACAAAGCCAATGAATCTACTGATATCGATCAAACAGTTAGCTCGAATGTGGATATATGCAAGGCATCTCCAGAGGGTCTTGATACTCTAATGCTTATTAAATGGGGTGTTCCAAAAGAAGCGGCGCCAGACATCTTAGGTGATTGGAGGAAGCATCATGAGAGAGGAGAGCATGAAATTTGCAATGCCTACGGGAAACTGAAAAGAAACCTTATGGATAGAGAAATCCCGTATGAACAAGCTAATGCCCTTCTGGAATATGAGAAGGGAGCCATAGAATTTGATGATAGTGAAACCCATACGAGTATTGAAATCATAGAAGCGTTACGTCCTTGGGAGGATTCTAAGAATACAAAATTAGCATTTAAGGAGATACGCAGGAAAAATAAAAGTACGTGGGAAGATATGGAGAACTCGTATGAATGTGGATTCTGTGAGAAATGTTATAGCCCCATGAGTGGTGACCCTTCACATGGGATAGAGCCGAATACCCCTTTTGAGGATCTGCCTGAAAGTTGGACTTGTCCTGCTTGTGGGCGAAGGAAAGAACAGTTTAAAAAGATGGGTGAATAATCAGCCTGTCGTAATAGTGTGTGCTTATCAAATGGTTTAAGCGTATTTAAAGCTTGGAGCGCCTTCCGAAACCCTACCCCCTAAATCAGGCAAAATCTACGAACAAAAATCTTATAAAATGAGTCTTCCGAAACCATATGGTTTGTAAAGGTGAAAAGGCAGTGAAATTTAGATAATAAATAGAATGTTTTGAATATCTTCATCTTATTTTGCAAAAAGGAAAGATAATTCACTGTAGTCACTTGTTTTCATAACAAACAACAAAATGGTCAAAATACTTTGAGGGTGATTGTAGTAATACTAAGAATGAATACTATAAATACTGCAATTACTATAAAGATATCTTTTTTGCTAAAACTATTTTTGTTTTGCATTAATCTTTTTACTCCAAGTTCTAAGAAATAACTTGCGCGCTTTCAAAGTGAGATCCATTACCGCCCCAACCGGACACAAATAGGAACACCAAAAGTTATAGATAAGGGCACTGAATAAAAGCGTGGCAATTAAAAGAACCCAATCTACGGCAGGACCAGACATTGCGAATAGTGTTGCCCATGGTTCAAAAACAGATACTGAAGGGTCACCGGTTGCTAGTACCATAAATACTGCAAACAATAAAACAATATATCTTACTGGTTTTAGACGTTTACTTAGTTTTGAGCTTGGCTTGATACCGCCACGCCCAACTGAATAGGCAACTTCTTGAACGGCTGCAAATGGACAAAGCCAGAAGCAATATATATTTTTACCAAAAAAGATAGCGATGCCTAATATGCTAAAAACCAGTATATATATAAATAAAGTAGTCTGTAGATGTGGGGCTATTCCCACGATCCAAGTTGTGAAGTTGGTAAGGCTAAGTGGGCGAGAAAGAATAATGCCTAAGAATACCAGTCCGTAACCAAGTGTTATGTAACGACGCCATTTAATGCGTTTTAATATAGGTACATTTCTTAGCGCAATGGTACCTAAAAGTCCAATTATAAGTAAGATTTCTCCGAATCCGAAGTTGATGCTTTCTTTTTCCTGCGGATAAGGGTTCCCCAAGTATTCTGATAATACCTGTCTGCCGTTTTGCACACCGACAGCAACGCCGTTTGAAGATATGGTGGCACCTGATATTGCATCTACATCTTCACCAAGGGTTAATGGTACACAGTAATTTAGCCCGATATATTGTTCAAAGAATCCGTATTGATAGAGGGTATCAAACCAAACTTCACTCTCTTTGTTTTTAGGAACGGTTATTGCTGCGATTGTGCCATCTGTACTATAGGTTGTAACAACCGTAAGAGGGCCACCATAACCATAGCCTTCTGATACAGCAACATAACCTAATATATTAGCATCATATCCGCCATATAAATAGTTGTCCCCGTTCGAACCTTCAAGCAAAAGAGAAAACTCTTGCGCTTCAGGTAAAGCTTCAGCTAGATACGCATCAATATCTTGATCGCCGCCGGTATTTCCATATATGCCGGCGCCCAATAAGACCAGCGCAATAATTGCAATAATAAACTTCTTCACTGTCTATTTGTATCCATTTTCTCGTTATATTTGCACATAAAAGAAAACTATAATCCCCCGAGTTGCCACGGGTAATACAACTCGGGGGTTAACTTTTATGAAATAGCTCTTGATTGCTTTATTAAGCGTGCAACCCAAGCGACTTACTACCTTATCTACTTAAAGATACCCGTTATTTGTCTACCCTGCGTCTTACTGATCTTGCCGCAAATAACAACGGTACTACAGCTAACAATAACACTATGACGCCCATTATCCATGCTGACGTATATTCAAATTCATATGTAGCACTGGCATATGTGTGTTGAATAGCAAACAAAGCTAGTAACAGCCCCAATATGCCAAGTACCCACTCATTCCACTTTAAAGTGATATTATTCTTTTTAAACCAGGTAAATAGCATAGTTAGTCCAACTGCTAATGCAATTGTTAAGAAAAAATATATAGCATCCATTTCAATTTCCTTTATTTTCTATCGAATTTAGTATCTATTTCTAAGTACCGGGATCAAAGCCGTATATCGGTCCTTCTTCTTTCCACCAGTTAGAATTTTCCATGGTTAAATCACCATATCCTAATGCTTTCTCCATATTGGTAAAAAAACTATTAAAAACAGTCGTGTTAGCAACAACACCTTTTACTATTTTGTGCACTAATGAAGCATTTTCCAAACCTAAATAAGTAAAAGGGCAGGTGGATTGACACATACCGCACTGGTTATGGCAACCACTCCAATCCGTTCGGTAGCCGAGATATCCTTGTACATTCCACCAATTACCTGAATCCCAAGTTGGTTCGTCTTCTTGGTGCACACCCCCAGAGACGCAAACGTCACGGCATATATGACAGGTTTTGCA
CP080651.2_gap46	1349580	1352475	2895	ACCAGTACCGCCAGAATACCGCCCACAACCGCCTTTTCCTCAAGCTGGCTGATGCTGGTATCAATGAAATCTGACTGGTCAAAAACAGTGCTGATACTAACGCCGTCACCCAGTGTCCCCTGCAGCCCCGCTATTTTTTCATTTATGGCATTGGCAGTTTCAACTGTATTGGCAGATTCTGTTTTTACTACGGATATACCTACACTGGGTTTGCCGTTAGTACGGGTAATAGCTGAAGAAGGTGAAGGGCTGAGACTAACTGTGGCAATATCTGACAGCTTAATGCCGTTTATCCCCAGCGAAATCTGTTCAATATCACTCAGGGAAGAATAACCGGCTGAAAGTATGCCGGCAATCTGGGAAATGGTTATGCCGTACTGGGTCATCTTGGCAGGGTTGGGGGAGATTACAATATAATCCTTTTCCCCGCCCTCGGTATCCACCCGTAGTACTCCATCAATCTGGGAAAGCAACGGGACTATCTGGCTGTCTGCAATCTGTTTCAGCTGGTCTGGAGGTAAATCCCCGGACAAACTCAGGCTTATCATCGGCATAATATTCATATTGATAGGAATAATCTGGGGGTTATTGGCATTAGCCCCCATCATGGCGGCGAAATTGGTAACAGCCTGAGGGAAGGTGATTTTACTGATGCCCTCGCTCAAGCTTTCACCGACCGCCGTCATATCTGTGCCGTATTCGAATTCGGCCATGATTACTGACATTCCTTCGGAAGAGGTGGAGGTAAGGTGTTTTAGTCCTTTATCTGCCCACTCATCCCAGACAAATCTTTCAATAGGGGTAGTAACATCCCTGACCACCGCATCCGGAGTAGCCTGAGGGTACACGGTAACCACAGTGGTATAGGGCAGGCTGATATCAGGCATCAATTCTACTTTGATGCCCATAAATGCCCACAAGGAAGCACCGGCAACTGCCAGCGCCAAAAGAATGGTAACCAGTCTGCTACGTAATGCCAATTTGGTAATATGCCACATTTAGAAATGCTCCTTCATACTGTTAACCAAGCTCCTGCTGATGTGTTTTTATAGAAGAAATAAGCTCCTGAAGACCTTTCCTCAAGGATTCCAATCCATCTAAACTCATATGTTCCAAAATATCTGCCATATGTTCAGACTTGCTCTCTACCAGATTGGTTACCAGTTCACGCCCCTTGTCTGTAGCTGAAAGCCAAGTGACCCGTCTGTCTTCAGCACCGGGTTTACGGATAACCAGCCCCTGTTCAACCAAACGTTCTACAATGCCGGTTACATCCCCAGGGGTAACCCCTAAACCCTGTGCCAGAGCACTCAGATTTGTTTCACCCTTGCCCATGATAATAAATAAACTTTTCATCTGGGCAAGAGGAACATCCAGTTTGCACCATGAATTCATAGCATAGGGCAGGATAGTCTGGCCCATCTGGCTTTCAAGTGCAATTATATCCTCAATAATTCCGGCTTTATCCACATTCCTTAAACCTTTCTTTTTGCCGAAAGCAGATTTATCCCTGTAATTTGTAAGCTTCAGTGTTGAGAAACTTTTACCGATAAATACTTTACTTTATGTATATAATTTATCTGGTATATAATATATTGTCAAATCTGCATGGCTCTTTCAGCTTCGTGTATAACTGTGGCAGAGTAGTGTCTATCCCCCTAAAAATAAAAAACGGGGGATTCCTCCCCCGTTTCGGCTTAACGTTTAAGCTTCAGCTATGCCTTTTTGATTCTCCTTACAGTCAGCTGCCAAGTGAGCGCCAGCAGAATAACTGCCGGCAGACCGAGCACCAAGAGGAACATAGTTCCTGCTTTGGGTTCAGTTTCTCCCAGAGCATCTGTAAAGAACAGAATAGTAAAGAGCAGCAGAGCCAGCCCGATAATACCCAACAACCATTCATACCAGGTCAGGGATACATGGCTGGTTCTAAGCCACATGATCAAAGCAAGCGCCAATGCTCCTAATACAAAACTTATTATTAACCACATATTATCCTCCCTTGTATTTTAGTAATCTTTGCCCATGGTAACGTGTGCGGTGTCAAAGCCAAGTGTCGGCTGTGACATATCCCACCAGGCCTCTTTGTTTTCGTGTACACCATAACCGAAGAATTTATCCGCCTGCCACAGGAAGCTGTTAAAGATCGGCGTGGTTGACAGGGTTGCCCTGACAAACGAATGGATATTGGCAATGTCAGTATTGAAAGTACAGGTACCCATACAAGCACCGCAACCGCCGATGGTAGCTTTATACGACCAGCAGGCAACACCATCCGTCCAGAACTGTTTGCGTCCGGGAATGTGGGTGGTATCTTCCTTGCCATAAATCTTCGGTACATCCCAGGTTGGTTCATGCTCATGGGAAATACACTGGGCGGGACATTCGTCGGCACATTTGGTGCAGGTTTGGCAGAAGCGCCACATACCGGCATCAATGGGAGGTGTAGGTTCAAGAGGAAGGTCAGTAACCAAGCTGAATAGACCAACGCAGGGACCAAACTCCGGGCTTATAAAAGCACCATTGTTACGCGCTCCCTCACCCAAACCGGTAAGGGTAGCAGTGGCAATGGTAGGGATAGCCCCGTTAAACGGCCGGGTATAACCATAACAGGTATAGCCCAAAACCTGCATAAATGTTTGAACACGGGGCTGCATAATAGAGAACTGGCTGTAGCGCATACTGTTTCCGGCACTCATAAGGTCTGAACTGGGAGATGAACGGAACATCTCTTTGTTTAAGGGGTGAGTAAAAGCAAAGTCATAAAGCTGTACTTTGTCAGGAAATACCAGCTTATCAGAGCCTTCATAGCCTTTGGGTACATCCTCAAATATATATTTTTTATGGGCGGCATCTTTGTCATATTCCCGTATAAGCTTTGTTTTCACCAGATCAGTA
CP080651.2_gap47	1354853	1355497	644	ACTGGCCGTTATACCCCTGTTTATAAGTTCCTCTGAAAGTTTGTTTGCCAGAGAGGGAGCTAAACCTTCATCAGCAAAGGCAAATTTATCAATCTGATGCTTTGCTGAGAGCACCCGCATATCCTCTGCAATTTTAACGGCGTCTCTTTTCTGGTAGCGCCAGCCATAGGCCTCGTTATGGGAGCAGAAAGCACACTTGCCCCAGTAACACCCACGGGAAGCAAGCAGGGGCAGAACCGGCTCCGGCGAAAGGTAATCACCCAGATTCAATCCGTCAAAACAGGGGGCAGGCAGGGAATTTATTTTCACCGAAGGTTTATTTGGATTTACCTGTATATGGCCGTCAAAATAGATAAGGTTAGGTACTTCGGAAAGACTTCGCCCGCTTTCAAGGCATTTAACCAGCTCAAGCAGGGGCTGTTCACCCTCGTTGACCACTGCACTGTCAAAGAAAAGTTTAAAAAGCTCTTCATGGCGGGCAATCACATCTCCAAGCAGGGTAACAATATACCCACCGATTACTATATGCACCTTGGGGTTCGCCGCTTTGAGCTGACGGGCCAATGTGAGTGACGGAAGCAGCTGACTGTCACCTGCAATTGAGATGCCGATAATATCCGGCCGGCACTCAGCTATAAAAGGCA
CP080651.2_gap48	1439115	1439615	500	CTGATCTGGCCGCCAGAGCCCTTTCAGATATCGGCTCACGCCCGATCAGGGAAAACAGCCCTCTCCGTCCCGGTAATATAATTTCAGCCGTATCCCAGGTATTTCAAGTACCGACAACCGAACTTTTGGGTGCCGCCCGTGACAAAGATACGGCTCTGGCTCGTCAGTTTGCCATGTTTATGCTCAAGCAGCAAAATTCGGCCTCTCTGGTAGAAATAGGCCAGTCCCTGGGGGGAAGAAGCGCTTCCACCGTCAGCCACGCCTGCGATAAAATCCAGCTGGAGCTGGAAAACAGCACTTTTCTTCGCCTGAAAATGTCCGAGGTTCAAAACCACCTTTCCCAGCAGCGCCTTTCTCGCTGATATTAACCCTTTTCGCCGTACCGCTTTTCCTTATCCTTATATTTTTCTTTATTTTCATTCTGCCAGCAGGGTGCTTTTGCCGGTTTTTTCTATTCTTTTTAGACAGTCTTTCTATAACTTTGTTATATTTTTCGATAA
