gap_id	start	end	length	sequence
CP179892.1_gap1	106892	108495	1603	TAGAGATTTTGATATTAGATTTTAATAATATGAGCAAATTTTTAAAAACAACAGCAATAGCCCCTCCACGGTCGGGAAAATCAGGAAAGTTCCTATTTACTTCCGAATCGGTAACGGAGGGGCATCCCTGACAAGGTCTGTGATCAAATAGCAGATTCTATCTTAGACAATCTTATAAAAAAAGATAAATATTCCAGGGTAGCCTGTGAAGTAATGACAGGAATGGGTTATGTAATCGTAGGAGGAGAAATAACGACCCGTAGCTGGATAGACGTTTCTCAGATTGCCAGGGATGTGGTGGGAGATATAGGTTATACAAAGCCTGAATATGGAGTTGATTCTCATACCCTGGCTGTTTTTAATACAGTTCATTCCCAGTCACCGGATATTGCCAGGGGAGTGAAGAAAGCAGGGACCAAAAAACAAGGAGCAGGAGACCAGGGATTTGTAATTGGCTATGCTTGTAAAGAAACCCCTGAATTAATGCCTTTGCCAATAATGTTGGCTCACAAATTAGTTAGAAGATTAGCTCAAGTTCGGAAAAAGAAAATTATACCTTATTTGAGGCCTGACGGTAAAAGTCAGGTAAGCGTTGAATATAGAAACGGGATTGCTAAAAGATTAAATAACGTGGTGATTGCAGCCCAGCACGACCCTGATGTTTCTTTAAAAAAGATTAAACAGGATATCAAAAAACACGTAATTAGACCTGTTTGCCAGAGGTTTCTGGATAGAAGAACGAGATATTACATAAATAATACAGGTCGATTTGTTATTGGAGGACCTGTGGCTGATACAGGGGCTACCGGGAGAAAAACAGTTGTTGATTCTTATGGAGGAGTAGTTCCTATCGGAGGTGGCTCATTCAGCGGCAAGGACCCGACTAAAGTTGATAGGTCTGGAGCTTATATGTCTCGCTATATTGCAAAGAATATTGTAGCTGCAGGTTTGGCAGAAAAATGTGAAGTTCAAATAGGTTATGTAATAGGGGGAGTAGAACATTTGTCCTTAAAAATAGAAACTTTTGGAACGGGAAAAGTTTCTAATGAAAAATTGGTAAAAGTAATTCCCAGGGTTTTTGAGTTAACCCCGGGGGGAATTATTAAACAGCTTAAACTTTTAAGACCTATTTACCGCAATACAGCAGCTTACGGACATTTTGGGAGAGAAGAACCAGGTTTTACTTGGGAAAAAATAGATAGAGTAAAACAACTCTTGAAATTATTTCCTTAAAATGGTTCATCTGAGCAAAACCTATGACAAGGTTAATCAAAAAAACATTTAAGCTATTTAAGAAAGTAGTTAAAAGATTGTTTGGTTTAGTTGAACTTTTCTTATTCTTAAGATTATTGCTTAAATTCTTAAACGCCAATCCAAAAACTATTGTAATTAGTTTTATTTATAAATATAGTGATGTTTTAATTTCTCCTTTTAATTTTATTTTCTCAGATATTTATTGGAATGGTAAACTCATTGAAACAGCCACCATTTCAGCAATGATAGGTTATGCTTTAATAGTTTTTGTATTCTTGAGACTTTTACATCTCTTTAGCAGAGATTAATTGTCTCAAATTTGAATTGGTTAGTTTTTTAGCCCGCTTTA
CP179892.1_gap2	117867	121224	3357	AAAAGAACTACCCAATTTGTCTTCTAAAAAAGGAGTAGCTTTTTGTACTATGCATGCTTTCGGAGATAAAAGAGCCTTTAGAATTATAAAAGAAAATTTTGAAGCTAAGGGGATTTCTTTTATTGATGGCTTTTCTTGTATAGGATTGAGTAGGATTGTTGGAAACTTTGGACCTAGAATTTTTAACAGAGGCAGACCGAATAAAAAAGATCTAAAAAATGCAGAAGCTTTTGGGAAAAAGATTTTAGATAGTATCAAAAGTTATTAGTATTGTACGATATTTAATACATGGAAGAGAACCGTTAGGGTTCTTCTTCGTCATCACCAGCTGGTGAAACTACGGAAGGACGAGGGAGGGAACTAGCGGTTTTTTCTTGAATTTTTTAAGAAATAGAGCTATTTTAAAGATAGGAGGAAAGAAAAAAGTTAAAATTTCGGAAGTTTAATTTTAAAATATAAAAAATTATGGTGCAATTTTTAATAGAAAATCAATGGGTGATTTTGTTGATTATTTTGTGGGTTTTACCTTGGAAAGGAGTAGCTTTATGGAAAGCAGCCAGAAATAACCATAAAAAGTGGTTTATAGTCTTGTTCCTGCTTAATGACCTGGCTATATTAGAGATTCTTTATATTTTTATTTTTAGCAAAAAGAAAGAAAAGGAAATCATTGAAAAATAAAAACAATTCGAAAATCACTGATTTTATTTAGCTTGAATTTTTAATTCAATTATATTAAAAAGGAAGTATATGATAATAAGGCCTGTAAAAACAAGACTTTTTATTCCTCCCAAAGACGATATATTCTCTCTGATTAAAGAAGGTTTTTCAGATATAGAATTAAAAGAAAAATCAGTCATAATTATTACCTCTAAAGTAGTTTCTATCTGGCAAGGAAGATGTATTTTGAGAGAAAAAGTTAACAATAAAGACGGATTAATTACTAAAGAAGCAGATTTTTACATTGAAAGGGAAAAAATCCCAGGAAAACGAGTGATACTCACTATAAAAGATAACCTTTTAGTTCCTACTGCTGGCATTGATGAAAGTAATGGAAAAGGTTATTTTATTTTGTGGCCAAAGAACCCTTTTAAGGCAGCAAGAGATATCTATGATTTTATTCAAAAAGAATATGGACTGAAAGATTTTGGTGTTATTATCACTGATAGCAGATGCGTTCCTTCAAGAAGGGGAACAATTGGTTTTGCTCTCGGCTATTATGGTTTTTATCCTTTAAAAGATTATCGAAAAACAAAAGATGTTTTTGGTAGGAAATACAAAATAAGTCAGGCTAATCTGGTTGATTCTTTAGCTTCTTCGGGTGTTTTAGTGATAGGAGAGGGAAACGAACAAACTCCCATTGCCATTATTGAAGATGTTAGTTTTATAGATTTTGAAAGACCTGAACCATTAAAAGAAGACCCCTTAAGAATCAAGGGGGATGATGACTTTTATTCACCTTTAATAAAAGGGGTTAAATGGCGTAAAGGAGGCGGAGGAGTTTAGTTGAATATAATCTATATTTTATATGAAATATCTAAACAAAACAGATCCTCAAATGGATGAAATTATAAAGAAAGAGATAGAGAGACAGGAAAATAGCTTAATGATGATTCCTTCAGAAAATCATACCTCTGAAGCTGTAAGAACAGCTGTGGGCTCTATACTACAAGATAAATATTGTGAAGGCTATCCCTACAAACGCTATTATCAGGGCCAGGAGAACTTCGATAAATTAGAAGAACTTTGCCAAGAAAGGGCTAAAAAAGTTTTTGGGGTGCCTTTTGTTAATGTCCAACCCCATTCTGGAAGCCCGGCTAATTATGCGGTTTATTTTGCCCTTTTAGAACCAGGAGATAAAATTATGGCACTAAGATTAGACCAAGGAGGACATATCAGCCATGGCTTAAATATTAATTTTTCTGGAAGGTTTTTCAAAAGTATATTCTATGGAGTAAATAAAGATGGTCTAATTGATTATGAAGCCATGGAAAGAATGGCCACAAAAGAAAATCCCAGGATTATTATTGCAGGCATTACCTCCCATCCCATGGCTTTAGACTTTTCTCGTTTCTCTGATGTCGCTGAAAAATGCGGAGCTTATTTAATGGCTGATATAGCTCATATTGCAGGTTTAATTGTAGCTAAAGCTTATCCCAATCCAGCACCATATTGTCATATTATCACCACAACAACCCATAAAACCCTCAGAGGGCCAAGAGGCGCTTTGATTATGGTAACAGACAAAGGAATTGAAAAAGATCCTCAACTGCCCCAAAAAATTAACAAGGCTGTGTTCCCGGGGCTTCAGGGAGGACCTCATGAAAATAACATTGCTGGCATTGCAGTGGCCTTAAAAGAAGCTCAAAAACCTGAATTTGCTGAATATGGAAAGCAAGTTGTTAAAAATGCCAAAGTGTTAGCTGAGACCTTAAGAGAAGAAGGGATTAACCTTTGTGCTGGTGGAACCAATACCCATCTTATAATGATTGACCTGAGAAATCTTGAAATCTTAGGAAATACAGCTGCTGAAGCCTTAGAACAAGCTGGAATTGTAACCAATAAAAACGCAATTCCTGACGACCCTAATCCACCATTTTATCCTTCTGGTTTAAGATTGGGAACTCCCGGGATAACAAGCAGGGGAATGAAAGAAGAAGAAATGAAACAAATAGGTGTTTCAATGGTTAGGGTTTTAAAAGATATTTCTCGCTTAAAAAAAGAAATGGATATTTCTTTGGAAAAAGAGAAAAAATCTAAAATAAGAAAGGAGATTATTTCCAAAAGCGAAGAGATAAAAAGGATTAGAGAAAAGATAAAAAACCTTTGTTCAAGCTTTCCTCTCAAAAAAGAGTACTAAAATGCAACAATATCTTCAGGCTTTAAAATACATAATGGAAAGTGGGGTGGATAAACCAAATCGCACTGGAATTGATAGCCGGGCAGTGTTCGGTCTACCAATGCGCTTTAATCTTAAAGATGGTTTTCCTGCACTAACCACTAAAAAATTAGCTTTCAAATCCGTAAAAGCTGAACTGATTTGGTTTTTAATGGGAACTAGCGATATTAAAAAATTGCAGGAAATGGATTGTCATATCTGGGATGCCAATGCAAATGCTGATTATTGGAAACCAAAAGCAAGATTTGAGGGGGATTTGGGCCGCATTTACGGAGTCCAATGGAGAAGATGGAAATCTCCCTATTCTGAAAAGCCCATTGACCAAATTGCTGAGGTGATTGAAAAAATAAAGAAAGACCCTTACAACCGAAGGTTGATTGTAAGTGCTTGGAATCCGGCTGAATTAGATAAAATGGCTTTACCACCTTGCCATCTTCTTTTTCACTTTTTTGTGGCTGACA
CP179892.1_gap3	123196	126241	3045	CTTTAAAAAGAGAAAAAAATAAGGAATAAGATTTTATTGACAAATAGTTTAATTTTATTAAACTTAATTTAGTTATTTAGATTAAAGAATATGTATAATTAAGAAAAAAGGTTGGAAGATTATGTCATGTGAGATTTGTGGAAAAGATTCAGAAGAGATTGTAATACTGCCTATAAAGAGACAAGACGGAAGTTTGTGTACTTTAGCTTGTTTGGAATGTGCAAGGAAATCGCCTACATATTGTAAAAAACATAATAGGCCACACAGAGGGTTTAAAGATGGTACCAGTGCCTGCATTGTCTGCATTGAAGAAATGTTGGTTAAAATCAAGTCTGAAAAAGATAAGGTTTGGGATAGTCTTAAAAAAGAACTACCAGTAGAAGAATTAATACGTCTCTTAGAGTGGGCAGAGTTTTCTGCTTTCTGTACAAGAGATCCTGAAGAAGTCTGCATCTTAAGGGCTATAATAACGAGAGCCTTGCGGTTTAGTAAAAGAACTGAAGAAATTCTACAAGAAATTATTAATACCCAATCCGTTAGTTCAGTCGTTCCTCTTGAATTCTGAGTTATAAAGCAGATACTGGAGAGCATAATGCATCTCCTTTTTTTATTTAGGAGTTTTTCTCGGACTTGATTTTTTTATAGAGCTTGTTAGGGTAAGAATAGAACACTTATAAAAATAGAAGGAAATTAGAAAAAAATATAAAAAGAGAGGAATTGAAATGAAATTATTGTATGAATTTATCAAAGGAGAAAGGAAAGAGCATCTATGGCGAGAAAAGATAGAGGTATATGATGATAAAAAAATAAAATACTCCATTTTTTTACCATTTCCTATTTGTAAAGATGGATCCAAACATAAAGTATGTGAGGAGTTGGAAAAGAAAGGCTGGAAGTGCGAAAACGGGAGATTAAAATACGGGGGATTAATATACAAAGAAGGATTAACCTACCCAGAAGTAATAAACTGTATAGAGTATATCAAAGTGTATAAAAAGACCTACGATTTTCTAACTGAACAAAGTCCTTACGTTGATATTCCTTTAAAGATAGCTAAATTTTTCGGTATAGTAGATGTCAAAATGAATATGGAAAGAAAATACGGAAGATATTCTTTATCTTTAAAAAACATAAGTTGGGTAAATCTAGTGCAATTTTTAAGAAAAGAGGGATTTACTTTGGTTTCTACTTGAGAAAGATGGCCTATAAACTTTAAAAGCCGAAAGGTTCTTATACCAAGTAGGCATTTTTTATTTTTTTAAATAAATTGAAGCAATAAATCGCCCTTTCACCTTCGCTGAAGCTTCGGCGGACAAGCGGGCGATTTTTTGATAAGATAGAATAATGAAAAATTATCCGAAAATAGTTTTTAAATATTCTTGGATTTATGACCAAAATTGGAAAGAATGGATAAAGATTTATAAGAAAAAAGTTAAGAATTACCCTTCTACAAGGAAGATTTTAAATTACATTAAAAAGATAGAGAGATTATGGAGAAAGGAAGAGAAAAAAGTTCTACAAGAACTTTCTAAGATTACCCATCTGCAATGGAAAGAAAAATCTATTATCTGTTATGTGGTAGGGAAGTGCAGGCCTTTTTCTGTTCCTTTAACTATGTCTGTTTATGAAAATTATCCAGAAGATTATTTTATTGATGTTTTAATTCATGAACTAATTCACAATCTTTTTTATCAGAATTATAAGAGAACGGAAAAAGGCTGGGAATATATTTACCGAAAATATAAAAAAGAGTCAGGAAAAACAAAGCATCATATACTTTTACACGCAATTCATTCTCACATTTATCTAAAATTCTATGATAAAAAAAGATTGAAAAGAGATATTGATTTTCTTCCCATCAGTGATTATAAAAGATCGTGGCAAATTGTTCAGAAAGAAGGCTATCAAAATATAATTACTGAGTTTGTAAAAAGAATAAAATAATTTTGATTGTTTCCTGGGCGATTTTGGTAAAATATAAAATCTAGTAAAGCTATGAAAAAACTTCTAATTGCAACTCATAATATTGGAAAATTTAAAGAGTATCAAATCATATTTGGTGCTTTTTTGAATGGTTTAAAAGTTGAGTTAGTTGCATTAAAAGATTTAGGAATTAAAGAAAAAGTTGAAGAGTCTGGAAAGAGTTATAAAGAGAACGCTGTTTTGAAGGCAAAATTTTACTCTCAATTTTCAGATTTGCCAATTTTGGCTGATGACTCTGGGTTAGAGATTGAAGCTTTAGGTGGCTGGCCGGGAGTAAAGAGTAGAAGAGCTAATGGATACGAAGCTTCAGATAAAAAACTAATTGAGATTGTCCTGAATCAATTAGAAGGTATTCCTTTTAAGGAAAGAGTGGCTAAGTACAAGGTAGTAATAGCTTTAGCTTATAAAGATAAAATTTATACGTACGAGGGAAAAAGGAGAGGATTTATTTCAGAAAATAGGCAGAGGGTGATTTGGAGAGGTTTTCCATTTGACTCTATTTTTTATCTTCCAGAAAAAAAGAAGGTTTTTGTAAAATTAACCAGAGAGGAGAAGGCGGAGTTTTCCCATAGAACTATAGCTTTAAAAAAAGCTTTACCAATTTTAAAGGAAATTTTAGCTTAGAAACTGTATGACAATTAAAGAGTTCAAGGGAGTAGTAATTGCTATCATACATAGAATAGATAATAATGAGGATAAATTGGTAATAGCGCCTAAAGGAAAAGGTTTTAGTGATGAGGAAATTAAAAACTTAACGAACTTTCAGGAAAGATACTTTAAATCAAAAATAATTAGATAGTTAAATTTAAAAATTAGAATAAATTTCTCGGGAAATAGAGATATTTTTTGATTTTCAAAAACCTTGACTTCATTTTTTTCAAAAGCTACTATGGAATTGGTTCTTAAGGAATCTTCTTGTCGTGTAAGGGAATAATAATGAAAACCTCAACCTTTAACCTGATTTACTTTTTTTCTATCTTTATTTCTTTGAGCTTTTATTGTTAAAGTGGATGCTTTGTTTTCTAATCTTATTGGCTCAATTTGAGCCTTTCGCACAAAAAC
CP179892.1_gap4	279556	283904	4348	TCCATCAATACCATCAGCATCAAGAGTTAATCCCTTAATTGTTATATTTGCTGAGTTTATAACATCAACAAGAACTTTGTAATCATTTGAATCCACAGTGTGTATAACTGGATTTTCTGATATCACAACATTGTTCTCGCCCTCTTCACCTTGGATAGTAAGGTTATCTTTTTCTTCTATTTTGAAACCGTCATAAATTCCCGTGGCAACATTCACCGTTCCGCCTTCATCAGCAACCGCGTTAATCCCTTCTTGAATAGTAGCAAAAGCATTATATCCAAAGTAATGTCCTTCAGGCACTTCTACTATTTCTGAATAATCATCATCAACATAAATCGTACTGATTGGGTCAGTGCTTAAAATTGTTTTTTCTTCATTTACCCAGTAAGGTTCAAAACTTACTGGCCCAGAAATTTTACTTTCGATTGCAACGACCACAGCTGTTCCCCAATAGTTTTTGGTGGCATCGACTTCCTCTGCAGAAATGTTACCAGTATCGCTCCCCCAGAGCCCACTCTTCACGCCATATTCGTTGCCAACTATGTTGTTGAAGTGGACTTCTGTGCCTGAGGGGACACTGTGCTCCCAGGAGTAATCGATTGCCATGACCGCGATTCCTTCATCATTATTCAACACATCGTTGTACCTGATGATAGTGCCTATCGAGTTCATTTGGGGAACTATCCCGCTTTCATTGTCTTCCACCAAGTTGTACTCGATGATATTGTTTTCTGCAGGTGCATCACGGTACTCTAAGTATCCTATAATCTGTATGCCTCCCTCACTGTTGTGCACGTAGTTATACGAGACCAAGACATTGCTCGAGCCAGCCACGATAATCCCCGACCCTGACCAGTCTTCAGATCCAAGCAATGCCCCACTGACCTCGTTTCCAATTATAGTTCCCGTGGTTCCGTCACCTATTTGAATGTTATTGTTGTGGGGCGGTTCTACCGTGGGCGGCTTGACGATGTTGTTCAGTATGTGGACTGCGATGGGGTCGTCTCCCAACGTGACACCTTCCAACACATCTCTGAATGCTCCTCCCAAGATCCCTATGGTATCGTAGTTTTCAACTGTGAAGCCGTCGAAAGTTGCGACAGTTTCTGCCCCATTGATGAGAACTGCAAACTCAGCCAATTGGGCGTTTATGATAGACTCAGGACCGCGTGTCTCTGTTGCTGGAACTCCAGCGTTAGCCCCTCTGAGCGTCAATTGCTTATCAATTACAATATTTTCATTATATGTTCCAGCAGCAACATTAATTGTTCCATTTTCAGCAACTGCATCAATACCTTCTTGAATTGTGGCAAAAGCGTCATAACCGAAATAATCTGCTCCTGAATCACCATCTGGGTATGTCCATACCGTTGTTCCAACCCAGTTATCATTTACATATACTATTGTTGGGATCGGGAGAATATTTCCTGTTCCTGTCGCTTCACCATTATAAGAGTAATTGACAGCGTCGGTGCCAGTAATAGAAATGCCAGTAGCACTAACTATTTTATCGTTACCAATATTTGCATCTGCAAAGGTTGCTGTACCACCTTCTGCAGCAACATCATCACGCAGAACTACCCCGATAAGGTTACGATCAGTAATTGTTGCAGAAGTGTTTCCATCAACAACCTTATTTGAAACAGTAACAGTAGCAGTAAGTGGGGCTTGGGTGATTTCTCCAGTCACATCTGGCTCATAAGTATAACTGTAGTTAAGTCCGCTATTTCCATCATTCACTGTTCCGCTTGGCGTAAGCGTTTTACCTGTGCCTACGTTTTTATTATCGTAAGTTTGTATAAAACCAGCAGTATCTTCAAATGCTAATAATCCTGTGATTGTTGGTATCGCGGATGACGTAGTGTCACCGTCATAGGTCTTGGTATCCGTTACAGCAGTTACAGTAAGTGCTTTTTTATTGATTGTAAGATTATCACTTACGAAAGTAATATCGTAGTTACTGTTGCTTAAATCACCTATCGTGATGGCATAGGTGCCAACATTCTCGCCAGTATCACGAGAAAGCGAGCCAATAAGAACATCATCGTTAATAAGAGCACCAGAAGTAATTACATATGTTAATGCTGGATCATCTTCACCATAAGTTTTACTTTGAGCATCAGCTGTTACGGTAAGTGGCGCAGGAGTGACTGTTAATGTTCCATTCTCAAAAGTAATATCATAATTAATAGCAGTAGCTGCAGAGGCAATAATATCATATTCGCCCACTGAACTCGTCTCATCCGCAGATACATTAAGTATTGTCGGTGTTTCAAGAATAGACTCATCCTCACCTTCAATAAAACCGACGTAGCTTGCAGTTAAATCTGGATTGTCCGTACCATATACTTTAGTTCTGTCATCAGCAGTGATTGCAAGCGCTTTCTTGGTTATTGTAAAATGTTCACTATCTGCGGATGTAAGACTATCTGCGGATGCGGTTAATATTTTATCTATACTAAATTGGTCCACCGTCAAATCAGTAAAAGCTGCGGTTCCGTTGCCTGCGCCTGTTCCAATATCAAGTAAAGCCGTTCCATGTAATATCCCGCTACCAGCGGTCAATGTAAGCGTTACCGTCTTACTAATACCAAGTCCGCTTATGGAATCGTTACCAAATTGGTCTTGGGTTTTTACCTCTGGCTGTGGACTCAAATTCGAGCCATATTCTGCATCACCCGGCTGTATATAAAACGCAAGTTGCGTAACCGTTCCGGCAACAGTAGATAACGTTCCAAAATTTGTATTTTCATTCACGCCTACAATTCCCACTCCAGAATAAGTCATATTGCCAGTACCAAGATCAGTGCCAGTCGGTCGAACTTTAAGACTGCTAAAACCTAATACAGTGGGAGAAATTGACATATCATTTACTGTAAAGGAAAAAGAAGTTTGGCTAGGAGTAATACTGGTTGAATCTAATACTATATCCCCGCCGACATAGATACCAATAACAGAAGCTGTATCAAACTCCCAACCCATAGGCAGAAAAATTGTGTGGGTTCCAGCTACTATATCTCCTGGGTTGATTTCTGTTATACTGGGACCATTTAATGATTTAAAAGTTCCGCTTCCTCCCAGGACAGAGGTCGTATCAATAGAGATGTTTGTGCCTCCGCTGGCGGGCGTAACCGTAGCCGCCGCCAAAGCAGAACCAGCGACAAAAAAACCGCTTACTACTAAAGTTGCGGTTAAAATAACTGAAGAAACTTTTCTTAAATTGTTTATAGAAATACTGTTTGTCATGTTTTTTGTTTTATTAATTAATTAATAATTTTTAGTTAATAAATTAAAGCAGCAACGACCATTGCCCTTTTTATTTAGCTATATTCAAATTATATAATGTAAATTCATTTGTCAAGCAAGGGCAAACAAAAAAGCCACCGCTCCATTCGTTCCCTCCAATTCGGTTTTTATTCCCAAATTTTTCATCCCAACACTCTTTATCCCGTAGGGTCGCCCAAGGGCGATTCCTATGAGGCTTTCGTGGCTTAATATTTTTAATAGTTCAAATTAGCAAACCAAGAAATCCTGTCAAGTCCCTCAGATAAGTTTGTTGAGGATCGACCTCAACAGACAAATATCAATAGATGTCCTACCTAATATATGATGTCCTAATATATGATGTCCTACTGCTTTTTCCCTGTCCTACCTATTTCAATTCTCTAACCCTAAATGAGAATTTTCCACGATGTAAACCCCACTCTTTAATTAAGGGGCGAGGCGGAAAAATGGGGAAAGACACTAATGTGGACCTGAGCGGACTCGAACCGCTGACCTCCGCTATGCAAAAGCGGCGTTCTAGCCAACTGAACTACAGGCCCTTATTTATCTGTGGGCGCGCGTGGACTCGAACCACGGACCTTCGCTTTATCAGAGCGATGCTCCAACCATCTGAGCTACGCGCCCCTTATTCTTTTCTTAATACAAATAATTTTTTTCTTATTGGAGTTAATCTTGAAGAAACTTCTTTTTGAAAAATTACTTTTAGTTTCAAATTTTTAAAAATATTCCCCCACTCTTTTTCTCTTTTAAAAGTAGTTTTATCTCTATTATGAAATAACTTATCAAATGAAAATCCGTGAAGTTTACAAAAAAACGATGAAATAATTCCTTCTGGTAAATCTTCGTAAATAAAAATTTTATCTTTTGTAACCCTTTTAGCTTCTTTTAAAAGAACTATAGGATCTTGACTGTGGTGTAAAACATAGGCTATTAGTACGGCATCAAAATTATTACCGGAGAAAGGAAGCGATTTTCCATTAATTATTTTAAAAGGTATGGGAAATATCCTTCTATCTAAAATATCAACTCCTACAATCTCTGCCTGAAAAAAATTTTGAAAAAC
CP179892.1_gap5	290727	292796	2069	ACTGAATATCATAAATTAAGACCAAGAATTTTTCTTTTTGACCTTCAACATTAAGCGAAACTAAAGAACTTTCTCCTGCCTCTTTGTAGACCTTCTCAAATTCTTTTAAATTAAGTTCTAAGTTCAAATTCTTAATCTTTGACCCATACAAAACAGCAGGAAGAATCTCCTTTTCCCTCAAGTTTTTTAATACTTTTTTAGTGTCTTTTCGAATTTTAGCTGAAAGCAAAAGCATAAAATCAAGAACTTATGTTATAGATTTTTAGGGCTTCGTCTAGACTTTTACCCTCCACAGTTATCGCATATATTGCATTACACATAGATACTGCCTCCTTAAAACTTTTTTGATGAATGTTCCTTCCCGTAGCATTACCTGCTATACCAATTTGAATCTGTTCATATAATCTTTTAAGAAAGGCTTTAATATCTACCGAAGAACCCCCTGCACAAACAACTTTAGTTCTACCAGCTGCCAGAACCGCTTCCTTTAAGGCTTCTGTTACATACTCTCCATCTTTTTTGGGAGGATTAATTTTAACAAAATCTGTGCCAAGACAAGCTGCCACTCCTGTTGCTCCCGCAATTAAATGGGCATCCTTCTCATCCTTTACTGCCTTCCCTCTGGGATACATCCAAAGAACTGTTAAAAGACCGTTCTTGTGAGCTTCATATACCATTCTTGATGCTTCTCTTAACATTTCAACTTCATACTCACTACCCAAATAAACAGTGTAACCCACAGCTAATATTTTTAAACCAGAGAGCTTCTTGAATTCAATAGCTTCCTTAATATCAGTAATTTTCCCATTAAGGGGATCTCTTTGTTCAGTTTTTACAAGGTTCGTTTTAGAGTTGAGTTTTATCAAATATTGAACATCTTTATAATCAGCTCCATATTTAGCAATAAGACCTCGTTGAGTGGCTAATACTCCAATTTTAGCTTTGTTAGCTACTCTAAAAAGATGTTCTGGGTCAGCATCATCAGGATGAATTCCCTTTCCGTAGAAATCATTATTAAGGTGTTCTATCTTCTGGTCGCCAGCAAAAAGCATTAATCTACCAGAGTTCCGCGTCATATTCAAATAATTTTCAATATATTCCTTTTTCATCGTCTTTGGCACATCTAATGGAATAAGGACATCATCTTTGTTTATTTTAGGTTTTTCCGCCAATCGGCGGATTGTTTTTTTCATAGTTTTATTTATTGGTATTTATTCTAATGTTTTCTCTAATTTTTCAATAAGGTCTTTATTTCCAACATAAGTTGGAGTTCTCTGTTGTAAGGAAGTATATTTTATATCTAATATCGATTTTTTCCCATTAGAAGAGCGACCGCCGGCCTGTTCTATAATAAAAGATACAGGATTTGACTCAGATACTAATCTGAGCTTACCATCTGGTTTGCCTACTAAAGAAGGGTAAGCAAAAATTCCACCATAATGGAGAATCTGGTTTGAATCGCCAACAAAAGAACCACCGTACCTTAATTTATAACCTTTTTCTTCCACTCCTTCAACAAATTCTTTAAACTCAGGAAGCCAATCCTTTCTCAGTCCACCCATACTATACAGTTTACCTTTTTGGGGAAGTTTTATGTTCTGTTTTGTTAAAATGAATCCTTCATTCGTCAGTAAAAACTCATTAACGCCTTTCTTAGTTGCATAAACTAACGTATCGAGCGGACCATACAGCATATACATAGCAGCTATTTGATTCTTTCCTGGCGTAGGAAACTCTTTCTTGGATACCCCTATTATAGTACCAACTAAATTATTACTTTCTATATTAGAAGAACCGTCTAATGGATCGATGCTTATGTTGAAAATTCCATTTTTACTCATCTGAACAACATCTGCTTCCTCTTCAGAAATTAGAGTTTTTACTAAATTAGTTTTCCTAAGCTCTTCTATTATAAATTGATTGGCCCAATCATCAATAACCAACTGAACCTCTCCAAAAACATTCCTCATCTTTGTCTTACCTCTTCTGTAAGGAAGTTCTCTTCTTATCAATTCACACATTTTACTTATTTCAAAAATCAAAGATGCTAATTTTTTGTCTAAATTTTT
CP179892.1_gap6	294549	296369	1820	CATCGGGCGTAATCCTTCCCTTAACAATCATCTCCCCTATTCCAAAAATAGAGTTGATTAAAACTACATTTTTAAAACCCGTCTCCGTATCAAGAGTAAATATCACCCCTGAAGAAGCTAAATCTGACCTTACCATCTTTTGAACTCCTACAGATAAAGCAATTTTTAAATGCTCAAACCCTTTTTCTTCTCGATAGGAAATACCCCTGTCAGTAAACAAAGAAGCCATGCATTTTTTAATGGCTTTTAGAAGCTCCTTTTCACTCCTAACATTTAAAAAGGTTTCCATCTGTCCTGCAAAAGAAGCAGTCTTTAGGTCTTCAGCAGTTGCTGAAGACCTTACTGCAACATCTGTCTCTTTTTCACCATATTTTCGGGATAATTTTTTGTAATTTTTTAGGATTTGTTCTCTTAAGTCTTCAGGAAACCTGCCTTTTAAAATAGCTTGGCGGGCGGCCTTTCCTGTTTGTTTTAAGCTATTCAAATTCTTTGGATTAAATCTCTTAAAAATATTTTTTAATTTTTTATCAATTCCGTTCTTTTTTAAAAAGTACCAATAAGCCCTAGACGTTGAAACAAAACCATCTGGAATATCTATTCCTTTCTTAGTTAGCTGAGAGAACATCTCTCCTAAAGAAGAATTTTTACCACCTACCAAAGGGGTATCTTTTTCTGAAATATCTTTTAACCAAAGGATGAATTTTTTAGCTCTTTTTCTCATTTTTTTGGATTATTTGTTTAATACGTTTTACAGACTCAGGATTGGATAGAGTAGAAAGGTCTCCGAGATTCTCAGCAATAAACAATCTTTTTAAAATCCTCCTCATAATTTTACCGCTCCTTGTCTTTGGAAGGTCTTCAACTAAATAAATCTCTTTTGGTTTAACAATAGGTCCAATTTCTTCTCTAATCTTTTTTATTAATTCTTTTTTCACTTTCTCTAAAGACATTTTTTTCTTTAAAACTACAAATACTACGGGTACTTCTCCTTTTATCTCATGCGGCACTCCCACCACTGCACATTCAACAACATTTGAATGTTTTGAAAGTATATTTTCCAACTCCCCGGTAGATATCCTATGTCCCGCTACTTTAATAATATCATCAACTCTTCCTACAATTCTAATTAAGCCGTTTTTATCTTTATAGGCAACATCTGAGGTAAAATAAATTTTATTTCCGTACTGACTCCAGTATGTTTTTTTATATTTCTTTGGATTCTTATAAATTCCTCTTAACAATCCAGGAGCAAAAGGTGGAAGCATTACTAAATTTCCTTCTTTATTTAGGGGCAAGGAGTTACCCTTCTCGTCTAAAATATCAAATCTTACTCCTGGAAAAGGTAAACCAGTAAAAGCAGGTTTGAAAGGACCGACACCCGGCAAAGAAGAAATAAGAATTCCCCCTGTTTCAGTCTGCCACCATGTATCAACTAAAGGACATCTCCCTTTTCCAACATTTTGAAAATACCAGTGCCAGGTAGCTTCATTAATTGGTTCACCAACTGAGCCTAAAATTCGTAAACTTTCAAATTTGTATTTTTTAGAAATTTTACCATTATATTTCTCAAACATTCGAATTGCGGTAGGGGCAGTATAGAAAGTTGTTACTCCATATTTTTCAATGATTTGAGCCCACCTGTGGGGCTCTGGCCAATCCGGCGCTCCTTCAAATATCAAAAAAGTAACTCCATTAAGTAAAGGCGAGTAAATCCCGTAAGTATGGCCTGTTGCCCAACCAACATCAGCCATACACCAGAAGATATCTTCATCTTTGAAATCAAACACCCATTTACCGGTAATGTAAGCTTGAACTGTATA
CP179892.1_gap7	370853	374804	3951	ATCTTGATGGAACTGATAAGAGTAAAAACCTTGTAAGAGGGCAGCAAAAATTCTTTTCAAATCTTAAAAATGATGGTTTTATTATTAAACGCGGTAGAATAATGCCAATTGATAAAACCTATAAAGAAAAAGGTACGGATGTTAAAATCGCAGTAGATTTAATTGTTGGTGCTGTTGATGATTTATATGATACAGCTATTTTAGTAAGTTCTGATACCGATTTAATTCCAGCCATAAGATATGTAAAATACAAAGGTAAAAAGATTGAATATGTCGGCTTTGCTCACTCTCCGTCTCTAGGAATACAAAAATACGCTAATCTATCAAGACTTTTGTTGCCAGAAGATATAGAAAAATTTAAAGAGAAGACTTTATTATAATTTCAAGCAAACAGGTTCTAACAGCATCCAGCCAGCGGAGCACAGCTCCTGTTAACCGTCCTTTCTGGGAGGTTTTGAGTTCATTTTTGGCTAAAATAGCTGGTTCTAAAATTTCAGCAGGCGAAATTTAATCGGTTTCACCTTTTTAAAACAAAAAAGTCCATCACTGGGCAATTTTTATTTTTGCTTGAATCTTTCAAAAAATAGGGTTATGTTTAAAATAGACATTAAATTTTTGTAAACGAGAAAACATACAATAAATAAGCGAGCAGGGCTTGAAACAAAATCATTAAAAGGGAATTTAAAAAAGAAAAAAAGCTTCTAAATATGCGTTAATTAGGCGAAGATGATACAGTAACAAATTGAGTTTTCCACAGCTTTAGAGTTGTTTTTTTGTTTAAGGTTTGTAAGATTAAGAAAATATGGGTAGGTTTAAAAAACTTATTATCCCGGTTGTTGTTATTTTACTCCTCATTATTGGAGGGGTTTTTTATTGGCAAAACCAAAAGGATGTAAAAGATTTAAATAAAAATTTACCCGAGGGGATAAAAGTAATAAAAACCTTAACCGGTAATTATAAATTGGTGAACAAAATAGATGGATATGAGTTTGAAGTACCGAAGGAATGGGAAGGAATAGAAGAAATTAAATACGTACCGGAAGCTACAGAAAAAGGATACACATCATCAAGTATTTGTTTTGAAGGAAAAAAAGGAGAGTCTAGAATTATGGCTATCGACAGATTTAAAACAGAAAATTTAAAGAATTTAGATTTAGAAATATGGACAAAAAATAACTTTGAGACTTTTGGTCTCATAGGTGATTTCCGTAAAGACAAAGTTGGAAAATTAGATGTAATTAAAAGTTACGAGAACGTACCTTTGCTTGGTATGTCTGCATATTTTTTCAAAAAAGATTCTGTAATTTATGCAATAGCAGGTGGTTCGGAAGAATTTATTGAAAATATTATTGATAATGGAAAGTGGTAAAAAAGAACAATATTAAAGAAGTTAAATCTTATCTAAAAAAAAGCTTTGTTTTAGCGATTACGCTATCAATAATCGCTAATTTTGTATTTGGAAGTCTTGTTTTTGCTAAAAGAATAAAAATTACTGATAAGCAGGTAGAAAAAATCAAAACAGGTTTAGATTTAATGAAAACATTAACGAATTTTACCATTACTGAAGATAAACTAAAAAGCATTTTAAATACAACAATTGGCATTGGGGAAGTATCGACAAATGTCACCTATGGCTTGCTTATTTTAAGCGCCCTAAATGAGATGGAATTAATAGATTTAGTGGTTTCTCAAAGATACAAAACAGAAGCAAGAAATTACTTTAACAGCGTTTTAAACGAACGCTTAAATCTTATTAATTTTTACACAAATATAGGTTACGATATTCCACGCGTAATATCAGGGGCAATTACGGGACCAACAGCAGCCCTTACCTTAAATACGTTCTCAATTACTAATAAAGTTATTAATATCTTTACTGTCTTTGAAAATATAAGAACAGTAAAATTGTATGATAGTTTATGGTTTTATTTTGATATGAGAAGAAATAATGAATCTCATGAAACAGCTTGGGAAGACGCAAAAATTGTTATGGGTTGGGCAGCTAAACCATTATTTGCTTTCCACTCTTTTAATGAGAAAAAAGAAAAAAATGAGTCCTACATAGAATCTCAATTTGCTACTCTTTTTGACAAATGGGGTCCTCATATTACTAATCATGGAATTAGTGAGGAATTCAAACAACAAGCTCAAGTAGAGCTCAGAGAGAATCTTGTTTATGCAATTAAAAAATATGAATTAGTTGAAAAAGAAGCTGGACCTTCCTTGTTTGATAAAACAAAGCTGTCTTTAGCGAATTTATTAAAAGGAGCAAAAAATGTGAGTAGTTTTATTTCTAATGTTGGTAAGAAGTCTCAAAGTGCAATTAAAAAAGGATTTAGTAGAATTAGTTTAGCAACTCAAAAATTAAGTCATTTTATAATTAGTTTTCGTTCAGGAACAACGGCCCAGTTAGAAAAAGCAACAGAAAAACCAACCAGATTAGATACTGATAATTTAGATGAAAAAGACGAGTATATCAAAGAAGCTGATTCTTTAAAAGAATTAAAGGAACAGAGAATAGAATCAGAACAAAAAACAACCCTAACTTTAGAAAAAATACAAAAACTATTAGGTGATATTTCTGAAAGAATTGATATCTTTTCTCAAAAAGAAAATAGTATTAAACAAGACATTGAAAAATTAGGTAGTATTGTTGAAAAATTTTTAGAGAAAATTAAAAAATTAGAAAATGAAATTAAAGAACCAGAAAAAGAGGAGCAAGAGCAAATTACTCAAGAAAAAGTAGAACAAAAAGAGGGCGAACAAGAAACCGAACAAATATTGTGTCAAAAAATTCCCAGTAGCTCTCCTGTAAAAGATAAAGTAATTATAAACGAAATAGCTTGGATGGGAACTGTTAATTCAGCGAATAATGAGTGGATTGAGTTAAAAAATATTTCCGGAAATGAGATCAACTTAAACAAATGGCAACTTTTAGATAAAGATAAAAAGATTAAAATTATTTTCAATAATCAACATACCATTCAGCCAGGTGGATTTTTGCTTTTAGAGAGAACAAATGACGACTCTGTACCCGGACTATCAGCTGATTTAATTTATACTGGAGCCATTGGTAACACAAATGAAGCATTATATCTTTTTGATGAAAATTGTCATCTCCAAGATGAAGCTTTAGCTGTCTCGAATTGGCAAGCTGGAGATAATTCTTCAAAGAGAACAATGGAACGAAAACATAACTTAGAATGGCAAACAAGTAGCAATATTGGGGGTACACCAAAAATGGAAAATAGCAGCGGCTCTTATGTATATTATGGTGGAGGCGGCGGAGGTACAACTCCAACCCCTCCGCCTCCGCCCCCACCTTCTTTACCTCCACCAAAAATTTTAATTAATGAAATTGCCTGGATGGGGACCGCACCTTCTTCAGCCAATGAGTGGATAGAATTTTACAATACAAGTAGCTCAACTATTGATATTGCCAATTGGTCGATTTATGGAGCTGATAGTGGAAAATGTTTAAATTTTTCAGCAGCTGATGGTACATCAACCACAATTATTTCTCCTCAGGGTTATTTAATTTATGCTAATCACTCAAGCGATGTTAATGATATTAACGGTTCGAGATTAGTTGATATTTGGGATACTACAATAGGAATGAACAATACCTCTCCTGGCCAATTGATTCTTTATGATGCTACAAGCTGTCAGGGCAACGTTATAGATATTGCTAATCAGTTTACGGGAGATTGGTTTGCCGGCAAAACTACTCCCGCTTATATTTCAATGGAAAGAATCAAAGCAGATATTTCAGGGATAGACTCTACTAATTGGGCCAGTAATAATTTAATTACCAGAAATGGACTCGACGCAAAAGGAAATAGAATCAATGGTACCCCAAAAGCAGAAAATAGTGTTTCTAAGTCTGAGACTGAGATTTCTTCATCTAATATATTACCTTTTAGCGAATTTGAAGAAATCACTCTTACTTAT
CP179892.1_gap8	377335	382246	4911	AGAAAACATCTTTTGTCATTGTTTTCTGCTAAATTATTTAATTACCCACTACCTTTATTATACCTTCTTATAAGTTATTATATCAAATTATGTCAAGTCATACTACCAACGGTTCCAGCTTAAATAGTTTTAATCACAAGACATAAGCGTTACACTGTAATTTCCATCTTAAACTTCAAGAACTTATTCGACTATTGTCCGTGGTCTTTCTAAGACACCACAACCAAAACAAACATCTCACTTATCCTGTTTGTCCTTAATTGTTGTTGTAAATTAAAAAGGAAAGTGTTAATTATTCTTTTTACTTGAAACTACCTGATTGCAAAATAAAACATTACTACAAGCAAGATTAAACTAAACATTAAATCAATTAGGAAAAAGTGATTTCCTTTTTGGTGATTAATTAATTTCATAATTCTATAATTTTAATCTTTAGAAACCGGCAAAGGTTTTTACTTGAGCGAAGCGAAAGCAAGGTTCTTCGCGGTTAAAATCCCGCGAAGGTTCTTATTTCGGTAACGGGAATAGCAATGACTCTTCCCAAAGAATCAACCGTATTCAATCCCAGAACCTCACCCTCTATATTAAAGAGAGGGCTGCCTGATAAAGAAGCTCTCTCAAAGATATTTGTTCGAATGGAATCTTTGTCAAAGTATTTTACAATTCCTTCATTAGTTTCTTTTTTAACTTCTGTCTCCTCAAAAGTTGCACCAACTAAAAAAACTCTTTCTCCTAATTTTATTTTCTCAAATGCGGCAAAACCCACTGTCGGTAAATTATCTTTCTCAACCTTTATTAAAGCTAAATTATTATTTAAATCTCTCTTCAAAATTTGAAAAGGGATTGATTTTCCATCAAGAAAAAGACTGACATTAGCACCTTTGGGAACTAAGTCTGCCAGGGTTACCACCAAACCATCTGAGGTTAAAATTAAACCTGAACCGTACAGGATTTCTTCTTTTGTTTTTGTTTCAATTCCAACGACCGTCCTTTCTACTTTTTCAATAGCATTTTTTAAAGCAGTATTTTCTTGAATAGTTATTTCTTTTTTTTCAGTTATATAAACGGGTCTTTCTGCAAAATAGGGCCACAGGACCTGGTTAGTAAAAATTCCGCCACCAATACCTATTAAAAAAATCGCTAAAATCTTAAAAATAGTTTTTTTCATTTCATATTTAAGATTAGCTCTAAACAGCTACTTTTTGTTTTTTAACTCTTTTGGTTCTAGTTAGACTTCTCAAATTTTCAAAAATTATTTTTTTGTCTTTTAGGTCAATCATAATTCTGTCTCCTTCTTTTACTTCTCCAGAAACAATCTCAAGAGAAAGAGGGTCCAGTAGTTTTTTTTGTATTACCCGCTTTAAAGGTCTGGCTCCGAGGTTAGAATCAAAACCTTTTTCTGCAATAAGGTCCTTCACTTTTTCTGTAACCTTAATTGTAATCTTTTTTTCCATCAATCTTTCAGCAACTTTCTGAAGTTCTAAATTGGTTATTTGTTTAATTTCAGCTCTTGTTAAATAGTCAAAAATAATAATTTCATCTATTCTGTTTAGAAATTCTGGTCTGAAACTTTCTTTTAAAGCTGTTAATAGCTTCTCTCTTAAATTTTCTCTTTGACTCTTTTCTTTATCACCGCCGACAAAACCTAAAGAAGCTTCTTTTGCAATAATCTCTGAACCAACATTTGAAGTCATAATCAAAATTGTATTTTTAAAAGAAGCTACCCTGCCTTTGGCGTCGGTTAATCTACCATCTTCTAAAATCTGAAGTAAAATATTAAAGACTTCTGAATTGGCTTTTTCAATCTCGTCTAATAAAACCACGCTATATGGCCTTCTCCGTATCTTTTCGGTTAATTGGCCTCCTTCATCGTAACCTACATAACCTGGAGGAGAACCAATCATCTTGGAAACAGTATGTTTTTCCATATACTCTGACATATCAAGACGAATCATAGCATTCTCATCATTGAATAAGAATTTAGCCAGTGCCTTGGCGGTCTCGGTTTTTCCTACGCCGGTTGGTCCTAAAAACATAAAAGAGCCCATCGGTCTGTTCTCCTCAGAAATGCCTGCTCTTGCCCTACGAACAGCATTGGAGATGGCTGCAATAGCTTCTCTCTGGCCTATTATTCTTTTGGCAATAATGCTTTCCATCTTTTCCAACTTCTTAATTTCTTCTTCTAATAATCTTGTAACAGGAATACCTGTCCAACGAGAAACTACTCCTGCTACATCTTCTTCAGAAACTTCTTCTTTTAAAATAGAATGTTTTTTCTGAGCTCTGGCTAATTTTCTTTCAAATGTTTTCAATTCTTTCAGAAGATTTGGGATTTTTTCATATTTTATTTCAGCTACTTTCTGCAAATCAGCTCCGGCAATACCTTTTTCAGCTTCAAATCGAGCCCGTTCAATATCTTTTTTTAGATTTTTTATTTTCGCGATTAACTCTTTTTCTGTCTGCCATTTAGTTTGAATTACCTTTTCTTTTTCTTTTAAATCAGAAAGTTGTCTTGAAATTACTTTTAATCTTCTTTCAACTCCTTTTTCTTTTTTAATTCCCTCTTTTTCAATTTTTAATTTTTTGATTTCTTTTCTTAAATTCTCCAATTCAGGAGGTTCTGATTCAATTTCCAACCTTAAAGCACTCATTGATTCATCCATCAAATCAACAGCTTTGTCGGGTAAAAATCTATCAGTGATATACCTTGATGCTAACTGAGCGCAGGTGACTAAAACAGAATCTCCTATCTTTATTCCGTGATGCAATTCATATTTTTCTTTAATGCCTCTTAAAATTTCAATTGTATCTTCAATGGAAGGTTCTGCAACATAAATTGGCTGGAATCTTCTTTCCAAGGCCTGGTCTCTTTCGATGTATTTTTGATATTCTCTTAAAGTGGTAGCTCCTATCGCTTTTAATTCTCCTCTTGATAAAGCGGGCTTTAATAAATTTGAAGCATCAATTGCCCCTTCGGCAGCTCCAGCCCCCACCAAGGTATGAAGTTCATCAATAAATAATAGATACCTACCCTTTGCCCTATTAATTTCTCTCAAGAGAGCTTTTACCCTGTCTTCAAATTCTCCCCTGTATCTTGTTCCTGCTACTAAAGCTCCTAAATCCAAAGCTATTATTTCTTTGTCTTTTAAGCTTTCCGGAACCTGTCCCGAAACAATCCTTTGAGCCAAACCTTCAACAATAGCTGTTTTACCCACTCCAGCTTCCCCAATCAAAACAGGATTGTTTTTTGTTCTCCGAGAAAGAATTTGCATCAGTCTTTTTATTTCATTCTCCCTGCCAATAACAGGATCTAATTTTCCCTTTTTGGCTAAGGACGTTAAATTCCTGGCATATTTTTCAATTACCTGATATTTTGTCTCAGGTTTTGGGTCGGTAATTCTCTGTCCACCCCTGATTTTAGCTAATTCTTTCAAGACAGCATCATAATCTAATTTTCCAAACTCAAGTGAGCTACTTTTGCTCTCTGGTTTTAAAAAAGTAGCTTTATCTAAAATTCCTTTTGCTTTTGTGTCGGTAGATAAAAGGGCTAAAAATAAATGTTCAACTGAAATATAGTCATCTCCCATCCTTATAGATTCTTTCTTTGCCTTATCTAAAATCTTTGCCATATCTTGCGTTAAATAAAACTGTCCAAAGGTATGAGGAGTAATAATGGTTGTAATTTTGTCTAAGGTTAATTCTGTTTTTCTTTTTAAGCTATCGACATTTACACCTATTCTATCGAGCAAACTTAAAACAATGCTTTCCTCTTGATTTAACAAAGCATAAAGTAAATGTAAGGCATCTATTTGCTGCTGATCCCTTTTTCTGCTTAATTCCTGGGCAGTAATTATTGCTTCTTGAGCTTTATGAGTAAATTGACCTCCGTTCATCGTATTTAATTTTACCCTAAAAATTTAAAAAATCAAGTTTAAAAAACAAACAAAATTACCTTTATTTGTCCAAACTAATAAGAAAACGGGTTGCTTACATTTCTCCCAGAGTCGCATTAATAAGCTTTTCTGTATTGTCTCTTAAGATTTTCAAAGAAACTTTATCCCCCGGATTATAGTTTATAATGATTTTTGCTAAACTATTCTCCATAGTAATTTTCTCTCCGTTAAACTCCAAAATTATATCTCTTTCTTTTAAACCCGCCTTTTCTGCAGCTGAGTCTGGAAAAATAGCAGGCTTACCTTGATATGATACTACCCAGGCTCCGTAATCAACCCCAAGATTATTTTCTCTTTGAACATCTTCATTAATTAAGATGTACCTTACTCCTAAAAAGGGATAAACGATTTTACCTAAAGCTTTAACCTGTTCAATATCTCTCTTTGCTTTATTAATGGGAATAGCAAAGCCAATATTTTGCCCTTCAATATCAATGGCTGTATTAATACCTATTACTTCGCCTTTTAAATTTAAGAGAGGACCTCCTGAATTTCCCATGTTAATAGCAGCATCTGTCTGAATTATACCTTCAAGGGTCTCATAAAACCCTCCGCCTGAAGCTGTAATTGTTCTGCCCAAACCAGAAACAACACCAACTGAAACTGCATTTTGATATTTCCCTAAAACGTAACCTATGGCAATTGCCGTCTGACCAATCTTTATTTCATCTGAATCTCCCATGTTTATTTTTGGAAAAGGTTTTATTTCTTCTGGAGCAGATTCTTCCTGTCCAATCCTCAATATTGCTATATCTTGAATAGGATCTCTTGCTAAAACTTCAGCCGGAAATTTTTTATTATCTAATGTTAAAACTGTATATTCAGCTGTTTCATCCAAAACCACATGTTTATTGGTTAAAACCATTCCATCTTCAGAAATAATAAATCCTGTTCCTCCCCCAACCTGTTTTTTTTCAAACACTGGTTGTTCTTTAGTGATAATAATACTGACAACGGC
CP179892.1_gap9	444428	448245	3817	ATCTTTCCTTCACTCGGATTAGCTTCTAAGGTACCGACAATCATAAACTCATTTATTCGACCACCTGCCTCTTCCAGAGTAACAGTAGCTCCTAAACTTACAATATTTCTTTTTCTTTTCTGAGGAAGTCTGATTAACTCAACGTTTTTTAAAATATAGTCAAGTTCAGCTATTCTTGTTTCCAAAAAACTGAGGTCTTCTCTAAAAGAAAGATATTCCGGGTTTAAATCTTCGGAATGTAAAACCTTAGGTGATTCTCCTTTTGTTTTAGCTGTCTTAATTCTTTTTAAATCCTGATATTCTTTTTTTATTTTTTCTAAACCTTTTTTAGTTAAATAGAATTTATCTGTCATATTAAATATCGAAATATTAGATAAAAATAACCTCTTTTATAGAGAGGTCTAGTAGTCTATATTATTATTTATTATTTATTATTTTTGTTTTCTCTTTAGCGTACTAAGCCTCTCGTTTCTTCCCTTAGAATTAACAGGGGAAATACCATAATCCAAACACTTTTTAGTGTCCTCGGTTAATATCAAAAAATCAATTCCTATAATTACAATAATATTAGTATTTTTCTGCATACTTTAATTTTGTTCTCTATTTTGGATTTTTCCATTATAGCCAAAGGAGAATTCTTGTCAAGGTTTTCAATTAACGATAGATATTATCTTTTTAGGAAACCAGTCGCTTCGCTCCTTGTAATTGTTCTACAATTAAGAAAATTCTCTTTTTATTTTTTTAAAATTAATTTAAAATTAACTAAAGTAAAGAGGTTTTTAAAAATCTCAAAAAAAATTATGTTAGAGCTCGACGGTTCAAAATATGAAGGCGGTGGAGCTATATTGAGAGTGGCAACTGCTTTAGCAGCAATTACTAAAAGAAATTGCCGTGTTTTTAATATTCGAAAAAAAAGACCAAAGCCCGGTTTGAGATACCAGCATCTTCTGGGACTTCAAGCTTTAGCCCACTTTTGTAATGGAAAATTGGAAGATGATTATTTAGGGTCAACTGAAATAAAATTCTATCCCGGCTCAAATTATCGAGAACATATCTCAATAAGCATTCCAACAGCAGGAAGTATTACTTTACTTTTACAAACATTAATTCCTCCTTCTATTTTTGCCCATTCGACAGTTCCAGGGCAAACTCCCAAATATATAAAAATTACTTTCAACGGTGGTGCCACTGATACCTTTTTCTCTCCAACTATTGATTATTTTCAATATGTTTTTTTAAAATTATTAGAAAAAATGGGAGTTAAAGTAGAAATTAATATTTTAAAAAGAGGCTACTATCCAGAAGGTGGAGCAAAAGTTGAGGTGAAAATTTATCCTTCGAAATTAAAACCACTCCATTTAATTAAAAGAGGTCAACTTCAAAAAATTTCAGTAATTTCCGGAGCTTCTGAATCTTTAAAAAGCAAAAAAGTGGCAGAGCGTCAAGTTGCCGGGGTAAGAGAAATTTTTGGGAAATTAAAATTACCTATTGAGGAAAAAGTAGAATATTATCAACCCCAATGTCCTGGTAGTCAGATTTCTCTAATAGCCGAATTTGAAAACACGATTATTGGAGCTGATAATTTAGGGAAATTGGGAAAAAGGGCAGAAGATGTTGGTAGAGAAGCAGCTTTGGAATTATTAAAAGAAGAAAAAAGCAAAGCTTGTCTGGATAAACATTTAGGTGACCAAATTTTACCCTACTTAGCCTTATCTCCTAAAAAATCTCAGGTTACAGTTTCAGAAATTACAAGTCATTGTAAAACTAACATCTGGGTAATAGAAAAATTTATTAATGGGAAATTTGAAACAAAGGAAAATTTAATTGTTTGGCTACCACCAAAATAATTCTTTTTTCTCTATCAAAGCTTTTTTGCAATCTCTGGTTGGAAGAATTTGTTAATTTTAATTTCAATTGGAGTTACCTCCTTTATTTCATTATCTTCGATTATAACTCTCAATAAGAGACTTTTCATTGTTTTTTCAGAAAATCCCTGATCAAAAATAAAATTTCCTAAAGAGTAAGCTATGTATCTACTTTTGTATTTCTTTATTGGCTGAATTACATGGGGGTGATGACCAACTACCAAATCAACTCCAGCATCAATTGCTGTTTGGCTAATAGAGATTTGGAAAGAAGTTGGTTCTAAGAAATATTCCTCACCGTAATGAAAAGAAACAATTACTATATCAGCTAAATTTTTAGCTTTTTTTATTTCTTCTATCATTCTTTCTTTCTCTAACCATGAAATTCCCGACCTCTCATCTGTTGCTTTCCAATATTCTGAACCTAAATTAGTATAGGCTAAAAAAGCAATCTTAGTGTTATCTTGTGGTAAGTTTGTCGAACCATTTATTTCTTTTATTATTGGGGAATAAGCCTCTTTTTCATTAAATCCAGCCCCAACATAATCTATTCCAGCTTTCTTCAATCTTAAAAATGTATCTTCCATTGCTTCTCTTCCATAATCAAAAATATGATTATTAGCCATCGATAAAACATCAAAGCCAGCAAAAACTAATCCATTAATAGTTTCAGGATTTGACCTAAAAGAATAAATACTGCCCACTTTTCTTCCTTTGTCTGAGATTGGTCCTTCAAAATTTCCAAATAAGATTTCTGCCTCCTTTAGATAATCAGCGATTTTCAAAAAAGGAAATTTGTAATCACCCTTTCCCTCTTTTAAAATTATATGTTCTATTCCTCTGTCAAACATTATATCGCCGACAAAAATTAAAGTTACAGATTTTTTAAAGGGCTTTTTGGGTATTATTAATTGGCTAGAGATAACTCTAAAATAAAGACTATCTATTTCAGTATTAAAATCAAAAAAATAAATAGAAAAGAAAAATAATAATACAAATAATAGAAAGAGAGAGTACTGATTTTTAACCTTTGAATTTTTCATTTTAATTTCTATAAAGTCTTTTAAGGCCTGCTTCTTTGGCTAATTTTATTGCTTCTTGATATTCCTTATCTGTAATTCTTCGGGAAAGTTCAGGATATTGAAAAGCTTTAAAATTGGGGTGATATTGATCCATAACGTTCAAAAAAGTGTTTTTTGAAATCTCTTTTGATAAGAATTCAAAAATCTTTTCAGAACCTGCCAAATCATTGGGCAAAACCAAATGCCTGACTAATAAACCTCGTATAGCTATTCTTTCTTCATCTAAAACTAAATCTCCAACTTGCTGGTGCATCTCTCTAACAGCTTCTTTCATTATTTCAAAATATTTTGGAGCATTAGAATATTTCAAAGCAATCTTATCATCAGAATATTTAACATCTGGCATATAAATATCGACAATTCCATCCAATAATTTTAAAACCTCAATTGAATCATAAGAATTGGTATTATAAACAAGAGGAATTTTAAGACCGTGCTTAATTGCTATTGAAAGCGATTTTAAAATCTGGGGAACCTGAGGAGTTGGGGTAACTAAATTAATATTGTGGCAGCCCCGATTTTGAAGTTCTAACATCATTTTTGCTAATCTTTCAAAAGAAACTTCTTCTCCTCTTCTTAATTGAGAAATTTCATAATTTTGGCAGTAAACACAAGATAGATTACAAGAAGTGAAAAAAATTGTTCCAGACCCGCCTCGACTCGCCCATGAGTCGGGACCAAACCTTCCAACCAAAGGACTTTCTTCACCAAAATGGGGGTGAAAAGCAGAAACTACTGGTAGAAAATCTAATTGACAATATCCTTTTTCTCCTTTTATCCTATTTACATAACATTTCCTTGGACAAATCTCACAGTTTTCTAAGACTTTAAAAAGTTTTTCTATGCTCTGATTTAAATCTTCTTTAGATA
CP179892.1_gap10	469255	469955	700	TGGATGGGAACAGAAACCTCTTATAATGACGAGTGGATTGAATTATATAATAATACCGATTTATCAATAAATCTTGATGGATGGTCGCTAAAAGCCGCTGACGGCACTCCAGAGATTAACCTTACAGGAACAATCGCCGGTAAGGGTTTTTACTTATTAGAAAGAACTGATGATACTACTCTTCCTGATATAGTGGCTGACCAAACATATACCGGGGCTTTAAATAATAAAGGAGAGTATCTAAAGCTTCTTGATAAACAAAATAATCTAATTGACGAGGTAAGTTGTACTAATGGCTGGTTTGCTGGCGATAATTCTACCAAACAAACAATGGAAAGAAAAAATCCTCAGCTTACTGGGAATAATTCTAAAAATTGGCAAATCTCCCAAAATTCTGGCGGTACACCAAAAACAAAAAACAGCTTAAAATCCATAGAAACAGGGTTTCTGGAAATTGTGAAGGAAACCGAACAGCCGAAAGATAAAAAAGAGGAAGAAACTGAAAAAGAGGGATTAGCCGCTGTCGGTAAACAGGTTTTTGAAGAGAAGCCTGGTTCTTCTGATGTTTTTTTAATTGCCCTGGCCTTAGCTGTATTCTCCGCTATAACAATTTTATTTTTAAAAAAGAAAATAAAAAAATTTGATTTATTATCAAAAATAAGATAAGGTTAATTTAGAAAAATACTTATTAACTCACTAA
CP179892.1_gap11	471080	473391	2311	AAAATAAAGAAAATGCTTAAACTAAAAGAGGTTCCAAAACCAAGCCATGCTGCTGACGCCCTGGCAATTGCCATCACTTATCTTCTAAAGGAGGCTTAAAACAAACTTCTATTCTTAAATTATTTTTATAAACTTTTTTTTACCGATTTTAATTACAGAACCTTTTTTTATTTTAACCGTCTCTCGCCAATTTTCCTTTAAAACCTTATCAATTTTAATTGCTCTTTGTAAAATTAATCTTTTTGCCTCAGATTTTGAAGCAACTTTTTTTGTTTTTAATAAAAGCTCCAAGATATTAAGCTCTTTTTCTTTTATTTTTATTCGCTCGATTTTTAATGGCAGTTTCTTTTCCTTAAAAACTCTATTAAAATCTTGTTCAGCTTTTTTTGCTGCTCTTGTCCCATAATAAATTCTAACAATTTCTTTGGCTAATTTAGCTTTTAAATCTCTTGGGTTAACTTTCTTTAATTTCAACATTTTTTCCATTTTTTTAATCTCGGTAATCGGCACATCAGTACATAATTCATAGTAATGAGTAATTAAATTATCTTTCAAAGACATAATTTTTCCATACATCTCGTTTGGTTTATCGGTTAAATTAACAACATTGTCATAACTTTTACTCATTTTCCTACCATCTAAACCGGTTAGTAAAGGAACTGTTAAAATAAATTTTTCTTTCTTATTATAAATCCTTTGTAATTTCCTCCCCACCAACATATTAAAAGTTTGCTCGGTGCCACCTATCTCCAAATCAACGTTCATTGCTACCGAATCATAACCTTGCATTAAAGGATATAATAATTCACTTAGCCATACCTCTCTTCCTTGTTTTAATCTTTTTTGAAACATATCTCTTTCTAATAACCGGGAGGTGGTAAAATGGGAAGCTAAGGCTATTAAATCTTTAAATTTAAGTTTTGTTAACCAATTAGAATTGTATTTAACTTTAACTTTTGAAATATCAAGTATTTTTGCTACCTGTTTTTCGTAAGCAGTCATGTTTTCTTTTATCTGAGTTAAGGTTAAAGGCTTCCTTTTTTTATCTCTTTCTGAAGGGTCACCAACCCGGGCAGTAAAACTTCCAATAAGAAAAATTATTTCATGCCCAAGGTTTTGAAATTCTTTTAATTTTCTTAAACAAACAGCATTCCCAAGATGAATGTCGGGAGACGTCGGATCAATCCCAAGATAAAGCTTAATTTTGCGTTTTCTCATCAAGCTCTTTAATCCTTTTTTGCCCGGCAAAATCTGGCTTACTCCTTTACTTAAAACTTCTTCTATTTTTTTGGGGTTGGTGTTAACCATATTTTTATCATAAATTAAAATTTAAAAAATTCAACCCTCTTTTTGAAAAAAAATAAAAAGTAATTATAATGATTAGATAATATGCCAAAAAGAAAATATTATAGAAAAACCTATAAAAAAACCAAAAAGAAAAAGAGAGGTATAAATTTAATCATTAAGCTTATTTTTTTCTGTTTTCTGTTTTCTGCTTTTTGTTTTCTCTTCCTGTTTATCTATTATGCCAAAGACTTCCCAAGACCTGAAATATTTACCGAAAGACAACTTGCTCAATCTACTAAAATTTATGATAAAACGGGCCAAATCCTCTTATATGAGATTTACGGTGAGGAAAAGAGGACCTGGGTTTCTTTAGACTCCATACCTTACTATTTAAAACAGGCTGTAATTTCAGCTGAAGATGCGAATTTTTATAATCATTTTGGAGTTGATTTGAAAGGAATTATTAGAGCTGTTTTAGCTGATTTAAAAATCGGAAGGCTTGTTTATGGAGGTTCCACAATCCCCCAACAGTTGATTAGGTCCACCTTTCTATCGTTAGAAAAAACGCCCGAGAGAAAATTCCGTGAAATTATTTTATCTCTTGAATTGGACCGCCGCTACTCTAAAAATGAAATTCTTGAATGGTATTTAAACCAGGTTCCGTTTGGTCAAAACGCCTATGGGGCGGAGGCAGCAAGTCAAACCTATTTTAACAAATCTGTATCTGAAATTTCAGTTTCTGAATCAGCTGTTTTAGCTGCCTTGGTTCAAGCTCCTTACCGTCTTTCTCCCTATGGAGAAAATAAGGATAATCTTTTAGTTAGAAAAGATTATGTTTTAGATAGAATGGTGAAAGAAGGTTTTTTATCTAAAGAAAAAGCTGATGAATCTAAAAAAGAAGAGATAAGTTTTATTGAAAAATCAGTTCAAATTAAAGCTCCTTATTTCACCTTATGGGTAAAACAACAGTTAGAAAAAAAATATAGTGAAGAGTTTTTAAGGAAAAAGGGGTTAAAAATATATA
CP179892.1_gap12	535260	539783	4523	TAAAAATTAAGAGCTTAATAAAAAAACCACCCCCGCCAACTGGCGTAGGTGGTTTTTTAGTTTGTGCCGCGGGTGGGACTCGAACCCACACGGGATATAATCCCAAGTGATTTTAAGTCACTCGCGTAATGCCAATTCCGCCACCGCGGCAAAATTTGAGGCCTGGGTCGGACTTGCACCGACGTATAACAGTTTTGCAAACTGTCGCCTTAAGCTACTTGGCTACCAGGCCACAACTCCTATTTTATTTCATTTCATTACCTCTAGTCGATACAATATCTCACTTTTCTTTCTTTTTCAACTCTGCTAAAATTTCCTCAATTCGAGATATCTCGCGTTTTATTAATTAATTAACTCGTTTGATACGTCTTGACATTTACAGTTCCATTTTCTTTTTTTCTTTTGTATAGAATATTAGGGTATCTCCCTTTTCGATTTTTTTATTTCCTTCGTATAATATTCCAGCCTCTTCACCTTTCGCCACACTTTCAACATCTTTTTTATTTCTCTGAAGATTAATCATTTTCCCTCGGTCAATCAATTCTTCATCTCTCAAAACCTCAATTAAGGTTCCCCTTTTTGTTTCTCCTTCAATAATTCTTCCTCCAACAATCTGGCGATTCTTTTTACTCCAAAAGGTTACCAAAACTTTCATCTTTCCAATGTCGGTTCTAATAGTTTTATACTCTAAGGTCTTTTCCATAAATTTTCTAACTCTTTCCACCAAATCATAAATTATATCAAAGTTCATTACATCAACCTTAGTCTCCTCTCTCTGGAGCAGTTTTTTAGCAACAGGATTTATTTTCACTCTAAAACCCAAAATTAGAGCCTTCGAGCTTTTTGCTAACTTAACGTCATTTTCATTAATATCTCCAACATCTGATTTTAAAATCCTTAAGACAATTTTTTCTTGAGGCAGTTTTTTTAAAACTTCATTAACTGCTTCAATTGACCCTAAAACATCAGTTTTTAAGATTAGGTTTAGAACTTTTTGTTCAGGTTTTAATTCAAATCTTTCCTGTATCACCTTTTCTTTTAGTGAAGGTTGAATATAGCTTTTTGCTTCTTCTAAATTAGAGAAAACCATAATATTTTCTCCCACCTTTGGTACATCTTCTAAACCCAAAAAGACCGCAGGGTCTGCCGGAAAGACCTCAAAGATTTGTTTCCCTTGAAAATCTTCTAAACTTTTAACTTTTCCAAATACTGAAAGAGTAGCTATAGCATCTCCTAACCTTAATACCCCTTCGTTTAAAATTAAGGTGGCTGTTGGACCTCTCTGGCTGTCTAAATAAGATTCAATAATTACTCCCGTAGCTTTCTTTAAGATGTCTGCTTTTAGGTTTTCCATCTCTGCCACAAGCAGAATTAAGTCTAAAAGATCTTCGACTCCTTGTCCTGTTTTTGCCGAAATTTCAACTGAAGGCACTTTTCCTCCTAATGATTCAACTGAAATACCTTCTTTTTGCAATTCTCTTTTTCCCTTTTCAGGATTAGCTTCTGGTCTATCGGTTTTATTAAAGGCAACTATTGGTGGAACTTTAGCTTCTTTAATGTGAGAAATAACTTCTTCTGTTTGCTTTTCCACTCCTTTACAGCTATCGATTACCAGAATAGCAATATCAGCTATTTTAGCTCCTCTTGACCTCATTTGAGAAAAAGCTTCATGACCAGGGGTATCAATAAAGGTAATTTTTTTTCCTTGTTTTTCAATCTGGTATGCACCGATATGTTGGGTAATGCCGCCGGATTCCTTTTCGGCAACCTTCGTTTTTCTGACCTGGTCAAGAAGAGTTGTTTTCCCGCTGTCAATATGACCTAATACTACCACCACCGGAGGACGATTAATTAAGTTTTTATTTGTTTTTACCATTTTTTTTTGCTTGTTCTATTGCCCTTTTTTCTTCTTCGGTCAGTAAATATTCTGACCTACCATTTTTTATTGGCTTTGCAAAAACTCTATTTCCCTCTCTCCCATAGAGACTACTGATGACCACTCCATCCTTATTGCCATCTAAAAGGGCAATTGAGAAACTTTGGTCTCCGCCGCTTTCTTTAAAAGGATTAAATCTGACTACACCTATTCCTTGAATCGAAAATTTATTCTTGTTCTCCAAATCTTTCAGCTTTTTGGAGATTCTACTAAAACTTCCCTTTATATCATTAAATTGAGATAAAATTTCTTTTAAGTTCTTGGGTTCTTTTTTCTTTTTTAAAAACTTAAACATAGATTTATAGATTACTTATATTATATATAATGTAGCCTCTTCCCATCCCAAGTCCTGCTTCGCAGGGCAGGCAGGCGGGCAAAAATTCATTATTAAAATCCATTGTTCCTCCGGGTAATTGTTGCGGTTGTTGATTCGGCAACTGAAAGCCTGGTCCGAGGTTCTATAAACCATCGCCAAATAATCCACCAAACAATTCACCCAGAATTTCTTCCAGTGTTTTTACGGATGTCGGAATATCTATTTGTACAGCTTTATTATAGTTTTTAAATTGGACTGTCATAGTGATTTTACCTTCAGATTTTGTCTTTTCTGTTTCTTTGATATTCAAACTTAAGAGAATTTTATAGAGCAGCAAATCTTTTTTCCCGATCCAAATTTCTCCTTCGGACCTTTCTATTGCCTGTAATGACTCGTTTAATTCTTGTAATTCCTTTTCGGTCAGAGATTTATTCTGTATTATTTTACTTATTTCTGTAAATAACTCTATGAGTCCCTCTTTGTCTATTACGAATTTATAGTGGTGAGTATTTGCTTCGTCGATTTTTTCGCTTGGCAATTTCTCTGTAATTTCGAAGATCTTTATAGAAGCAACAACTTCCCTTATCTGTTCTATCTGCTCAGGCGATAATTCTTGTTCTTTCTGTACTTCTTTAAGTTGTTCATCTAATTTTTCTAATCCGAATTGCTTTTTTATTGCTTCAGGATCAACTTTTATCCATTGATTTTTTAAGAACGATAAATCAAAAAATCCCAAATCAGGAACATTACTTAGTCTCAAATAGGTGATATTCTCAATAGTTCTTACTTCTAATCCAAAACTTTGCGGCAAAACATCTGTGTTTATATCAAACTTGAAAAGTGCCTTCGGATTATTTAAATCGTGCAAATCTGAAGCACCGCTAAAATCTATCGAAAACTTACCCGTTTGTTTGAGCGATGATGGTTCTTTCGGTTGTTGAAGGTTGCCATTTCCTAACGGAGAAAGCGCAGGAAGATTACTGGTTTCAATTTCAACTGTGATTTGTCCTGTATATTCCAGAGATTTTATTTCGGTCATCTTTTCAGTCATTTTCTGGACAATTCTTTCCGGTGACTGGAAATAATAAAAATAGCCGAATACTCCGCCTCCTATAATAATGACTCCCAAAATCACAGAGATAATCAAAGCCAGTTTCTTTTTTTGGGGCTTTACAGAAGAAATGTCCGATTGCGGAAAAGTGGTTCCTGGTGCACCATACGATTCTGGTTGCTCTAGCTGTCCTATTGAATTAAAAGCTTCATCAATATCTTTTGCCTGCCGACCATTAGTTAAAAGAGAATTTTTAATTTCTTCTTTGCTTACACCCTGTCGTAATTGTTGCTTGATGTAATCAAGCAGTTGTTGGTTAATCATATTTTTGTTCTTAAAAATTAGTTAATTATTTTTTACGCGACCTTTACTTATATTCCCCCCCCGCAAAATAAGCAAGGGTTTATTTTGTTAAATCGTCATTTCTAAAAAATATCGGCTCGAACCATATTTTACTTAATCAACAATTTTCTTTTTTGCCTCAAAGTGAGTATAAATTGGTGACCGAGCGCCGAGCCGCAGTGAGACGCGAGGCGAATAAATCCTTGAAAAATCCTGACTGGCGGAGAGGGTGGGATTCGAACCCACGTGTCGTTTTAAGCGACCATCGGTTTTCGAGACCGTGCCGTTATAGCCAACTTCGGTACCTCTCCTTTGTTATTTTTCAAAATATCATTTTTTTAGATTAAAATCAATCCTCCAACAGGCTCAGGATTAATGTTTATTGGAATTATTATTTACCATTGGTGAGTATATCGAAATGTTAAGCAATGATATAATAGAGATATGCCAAAGAAAGTAGCCATAATCGGAGTTGGAGGAAGAACAGGGACAATGTTTGCTTTTGAACTCAGGAATTCAGCTGATATTTTGAGTATTGGCAGAGAAAGAGAGGTAAAGTTGGTTAAGCAGAAGAAGCTTTTTATTGAGAGGAAGAAAAAAATACCTCAGGTTTTTGAAGAAAATATTATTAAAGATACCGAATTTAAACCTAAACTTGAACCAGATATTATTTTTTTAACAACCAAAAATCCGGTTTCTCCTCCAATAAAATATTACTTTACAAGATGTAGAAGAAAACCACCCTCTCTCTTAATTTCTCAAAATGGTATTGCAGCTATTTCTGAAGCAAAAGAAGCTCTCAGACAAGTTTTAGGGAAAGAGGCAGAAAAAGTAAGAATAGTTAGAATTGCCCTTTTTAATCCAATAGATAAAAGAGA
CP179892.1_gap13	543903	548688	4785	GGACTCCCGGATTTTCTGGAGCAGATTTAGCAAACATTGCTAACGAAGCAGCAATTTTCGCTGCAAGAAGGAATAAAACCCAAATTTTTCAAGAAGAATTTTTAGAGTCTATTGAAAAAGTTTTATTGGGCCCTGAAAGAAAAAGCCATATCTTATCAAAAAAGGAGAAAGAAATAGCTGCTTTTCATGAAGCAGGTCATGCTTTGGTTTCTTCTTTTCTTTTAGAAGCAGAACCTATTAGAAAGATTTCAATTATTGCCAGGGGATTTGCGGCTGGTTATACCTTAAAAATGCCCAAAGAGGAAAAGAGGATTAAAACAAAAACAGAATTTTTAGCAGAGATGGCAACTTTGCTTGGAGGATATGTTGCTGAGAAATTAAAATTCGGCCAGATCACAACTGGAGCTGCCGATGATTTAAAAAAAGCTTCTGGTTTAGCTAGAAGATTGGTTAAAAAATATGGAATGTCTAAGTTAGGGCCAGTTTCTTTTGGTGAAAAAGAAGAATTAATTTTTTTAGGAAGAGAGATTTCAGAACAAAGGAACTATTCTGAAAAAGTCGCTGCTTTAATTGATAAAGAAGTAGAAAAATTTATCAAGGATGCTGAAAAAAGAGCCAAAAAAATCTTATTGAAAAAGAAAAAATTATTAGAAAAGATTGCAAAAACCTTAATTGAGAAAGAAACAATTGAAAAAGAGGAGTTTGAAAAATTAATTAAAAAGAAAGAGGTAAAAACATTCAAAACTTCAAAACCAACCAGAAAAAAAGAAAAATCAATTAAAGTAAAAGTTAAAAGTTTATAAGTTTATAGTTTGAGGTTTATAATTTAATTACGGGCGTGTAGCTCAGTGGTGGAGCATGTCTCTTATAAAGACAAGGTCCGTGGTTCGAATCCACGCACGCCCACAAATTTGTCGCAGGCAAATATGGGCGATTGGCGCAGTTGGTTAGCGCGTCACACTGACATTGTGGAGGTCACAGGTTCAAGTCCTGTATCGCCCACAAAAAATAGAATATATGAAATTGAAAATTATCTACCAAGATAAAAATCTTTTAATAATAGATAAACCAGTTAATATTATTGTTTTTCCAGAAAAAGAGACTACTGAAAGAACATTAATTGACCTACTTTTAAAACAATTTCCTTATTTAAGAAAAGTAGGTAAACCCCCAAGATATGGAATAGTTCATAGGTTAGATAAAGATACTTCAGGAATCTTATTGATAGCTAAAAATAATAAAAGTTTATCTTTTCTACAAAAACAATTCAAAAACAGGAAAGTAGTTAAAAGATACATTGCTTTACTTTCAGGGAAATTAAAAGAAACCCAAGGAGAGATTAAAACCTTGATTGGCCGCTCACCAAAAAACAGAGTAAAACAAAAAGTTTATCTTCCACTTGAGCCGGGTTCTGAAGGGAAAAGAACAGCTGTTACAAAATATAGAGTTTTATTACCCCTCCGAAGCATTAGTAAGGGAGGGCGAAGAAATTATTATACTTTAGTCGGAGTTACATTAAGAACCGGTAGAAAGCATCAGATTAGGACTCATTTTAGTTATTTAGGTCATCCGGTTGCAGGAGATAGATTATACTCTTTTAAGAATCAAGTCCATCCAGAAAGTTTAAAAAGACAATTCTTGCACGCTGGTTTTTTGAAAATAAAACTTTTAAATGATAAAGAAAAAGAATTTAAATCCGAAATACCAAGGGATTTAAAAAAAGTTTTAGAAAAAATGGAGGAGGATTCTCAATAACCTTTATAGATTATTAAATGAAAAAAGATAAAAAAGAACCAAATAAGGAACTTGCTAAAGTACAAACAAGAGAGATTACCAAAGAGATGAAAGAATCATATATTGATTATGCTATGTCAGTGATTATCTCTCGAGCTTTGCCCGATGTTAGAGACGGCTTAAAACCTGTCCAGAGAAGAATTTTGTATGCCATGTATGATATGGGATTGCGTCATGATGCAAAATCCAGAAAATCAGCAACTGTCGTAGGAAACACCTTGGGCCGCTATCATCCCCACGGTGACCAGGCAGTGTATGGAGCTGCGGTAAGAATGGCACAAGATTTTTCCCTGAGATATCCTTTAATCCAGGGTCAAGGGAACATGGGCTCAATTGATGACCCAGGTGAATATGCGGCGATGAGATATTGTATTACTGGTGATTCTATTATAGTGACCAATCGTTGTTTGGAAAGAATTGATGAAATTTCTGATAAAGAGAATATTTCTTTAAATGTTTTGTCCTTTGCTCAAAAAATAAATTCAGCATCAAAGTGGTTTGATTCAGGTGTTCATCCTGTTTTAGAAGTGAAAACATTTAGGGGTTATAAATTGAAAGGAACGAATAATCATCCAATCTTAACTCTTCAAAAAGATAACGAGGGCAGACCTATATTTAAATGGAAATTATTAAAAGAAATTAAAAAGGGCAATTTTGCAGTTATTGATAGAAACAACAATACTTTATGGCAGCGAAAAGAACCAAGTCTTAAGAAATATTATCCCAAAATAAAAAACAGACATTTTGTTATTCACAAACTACCCTCTCGGATGAATTCTGATTTAGCTTTTCTGCTGGGAGCAATTTTATCAGAGGGCTATGTTTCCCATAAGAAATCTAAAGAAAAATGCTTTGGTTTCGCAAACACAGACAAAGAATTCATAAATGCTTTTAAAAATAGTTTTAAAAAAGTTTTTCCTACTTGCCGATTACATGAATTTAAGAGGGGGCCTTTAGGTTACGGAAAACAGGACCATACAGCTTTAGAAGTTCATTCAAATTATATTACTGAATTTCTGGAAAGTTTAGGATTAAAAAGAGCTCGTGCTTCTAAAAAACAAATCCCTGAAATTATATTTCATGCAAGCAAAAAATCAACATCTGCTTTTCTGAAAGGACTTTTTGAGGGAGATGGATCTATCTATCTTTGTAAGCACCGCAATAAAGATAAAAAACAAAGATCAATAGAAATAGTCTATACTTCTTGTAGTAAGAAATTACTTGAGCAGTTACAAATCATATTTTTAAGATTTGGCATAGATTCATTTTTAAGACCCGAAAGAACAAGAACAACATTAAGATTATTTATTCATGGGCATAACAATTTTGGTTTATTTAAAAAACAAATTGGTTTTATTTCAAGACGAAAGAAACAAAGATTAGAGGAATTTTCAAAACTTAATTCCGATCACAGAATAATGTCTAAAACTGATTATATTCCGTATCTTGCCCAGTATATAAGGGAAAAGTATCAGGGATTGAACATAAAGCGAGCAGATAAAGTTTGGCTTAAAACCCACAATTTGGATAGATATCCAAAACTTAGAAAATATTATAATCGTTTGGAACAAATACTGGACCAATTCGATTTAAAGCTTGTTAAGAATTTCTTAAAAAACCATTATTTATTTGAGCAGATTGTTTCTGTAAAACAACAAGGAGAGGAACGAGTTTATTCTTTAAGAGTAGATAGTACATGTCATTCTTTTATTTCTAATGGATTTATTAGTCACAATACAGAAATGCGGCTTTCAAAAGAGGGTCAAGAAATGTTAAAAGATATTGGAAAAGATACGGTTAATTTTATTGATAATTATGACGGTACGAGAAAAGAACCCGTTGTTTTACCCTCTCCTCTTCCCCAACTTTTATTAAATGGTTGTTTGGGAATTGCGGTTGGGATGGCAACTAATATTCCTCCTCATAATTTAAATGAAATCTGTGATGCTTTAATTTATTTAGTCGAACATTCAAAAGCTGATGTCGAGGATGTTTTTCAATTTGTTCAGGGTCCGGATTTTCCAACGGGAGGTTTCATTTATGACCAGAGAGGGATAATGGAAGTTTATTCTCAAGGTAAAGGACCTATTTTAGTAAGAGGTAAAACAGAAATTATTGAAGATGAAAAAGGAAAACAAAAGATTTTAATTACTGAAATTCCGTTTCAGGTTCAAAAATCAACTTTGCTTGCCAAATTTGCTAAATTGGTTTCAGAAAAAAGAATTAAAGGAATAAAAGACATTAGAGATGAATCAGACAAAGAAGGAATGAGAATTGTCATAGAACTCCAAAAAGACGTAATAGCTAATAGGATTTTGAATCGTCTTTTTAAATTTAGCGACTTACAGAGAACTTTTCATTTAAATACGGTAGCTTTGGTTGATGGAATTCAACCCAAAATTTTAAATTTTGTTGAGGTTTTAGAATATTTTATTTCACACAGGAAAGAAGTTGTCTTAAGGAGGATTAAACATGAATTAGAAAAGGCAAAAGAGAGAACCCATATTTTAGAAGGTTTACACAAGTGTTTGCAAAAAATTGACGCGGTAATATCAACGATTAAAAAATCAATAGATAGAGAAAACGCAAAGAAAAACTTAATGAAGCGTTTTAAACTAACAGAAATTCAGGCTAACGCAATTTTAGATACAAAACTGGCAGCTTTAGCAAGGTTAGAAAGGAAAAAAATTGAAGATGAACTGAAAGAATTGCGTGCTAAAATCAAAGAACTAACAGCTGTTTTGAAGAGTCCCCAAAAGATAAAAAGCGTTATTAAAAAAGAATTAAAAGAAGTGAAAGAAAACTTTGGAGATGAGAGAAGAACAAAAGTTTTTAAAAGGAAAATAGGTGAAATATCAGAAGAAGATTTAATTCCCAGAGAAGAAACGATTATTACTCTAACTCAGGGTGGTTACATAAAGAGAATAAACCCTAAGACATATAAGCTTCAAAGAAGAGGAGGGAAAGGAATTTTAGGAATGAAAACAGTAG
CP179892.1_gap14	554053	557342	3289	CTATAGGGATTTTTTATTGTTAAATAATGAAATGTTAAACAAGCAAAATATTGGGGATAAGGTTTAGTATCAATATCAAAGCTCGACACAATAATATTTTCTTTTTTAATTTTTAAAGGTTCAATTATTTTTTTCTTCACCGTTTTTATTGCCCAGGCGGCATTTGAACCTTTACCTTTTATTTCTCCCGGAATGTTTTTAGGATGAACGGTGATTAAAAACCTTAAGAATTTTTTGGAAAATCGTTTCTCTATTTCTTTTGTCATTTTTTGAACGCTTTTACCTGCTCTCTCTTCTATTGCTAAAACCACAATCATTCTATCTTTTGGATATTGACAATCAGATATTGCCTGACAAGAACTTTCAACTATTTCCTTACTTTCATTATACATAGGCAAAACTATCAAATGATAAATCTTATTCCATTCCTCATTAAGCTGCTCAAGCTTTTCTAACCAGTCAGTCTTGAGGTTTTTTCTCATTTGTTTAAAACTTGCTATTTGATGAAAAGATAAATAGACAATCTTTAATAGCCAATAGAGGTCAAATAAAATAATGAAAATGGCCACCGTTGTCGGGGTCAACCAGGATAGGAAAAAAGCTCCAATTAGAGTTATCCAAGATAAAAACCCTGGGATGATTTCCAGGAAACGATATAAGAATTTTTCTTTAGAATCTTTTAGACTTTCAGCTTTTGAAATATCTAAATAGTTTTTCATATGGCCCCAAGGGGAGTCGAACCCCTGTCGGTAGGTTGAAAACCTACTGTCCTAACCATTAGACGATGGGGCCAAAAACTGGTTTTAAGCTTGTTTAATTCTTAATTTTATCTCAAAATTGGAAAAAGGCAAGTCATTTTAAGTTTTAGAGAAAAAATAATGAAAAATAAAAACATAATCATTCTCGCTATTGAAACCTCATGTGATGACACTTGCGTAGCTTTAATAAAAGGCGGCGAGAAAAAGAAGTTAAAGATTAAAGTATTATCAAACCTTATTTCTTCACAGGTGGAGATTCATCAAAAATACGGTGGCGTTTATCCTTTTTTAGCAAAGAGAGAACATCAGAAAAATCTTCCCTTACTATTTGAAAAAGCAAAAAAAGAGGCTGAATCCGCCGGCCGGCGGAGCAAGATTGATTTGATTGCTGTTACCGTGGGTCCGGGGTTGGAACCCTGTCTTTGGGTAGGGGTGAATTTTGCCAAAGGTTTGGCTAAAAAATTAAAGTTACCAATTATCCCTATCAATCACATTGAATCTCATATTTTTGCCAGTTTGCTTGTGCCAACCGGTTCAAATTCCAAATTTGACTGTTGTTTAAAACCCGGCTTTAAACACTTAAATAATATGTTTCCGATAGTTTGCTTGGTGGTAAGTGGAGGACACACTCAATTAATACTGATGAAAGAATTTGGTAAATACAAAATTCTTGGGGAAACCAGGGATGATGCTGCCGGTGAATGCTTTGATAAAATCGCAAGAATGTTGGGGTTAGGTTATCCGGGAGGACCCGCCATAGAAGTTGAGGCTTCTAAAAAGGTTAAAGGTTTAAAGTTCAAAGTTACTCTACCTCGACCAATGATACATCAGAAAAATTATGATTTTAGTTTTTCTGGGTTAAAAACAGCAGCTTTGTATAATTATAAGAAACAAAAACCAAACGTTAGGAAATCAATAGATTATATCTGGGCAATGTCGGCTGAAACGCAACAGGCAGTTATTGATGTTTTAATTTATAAGACCATTAAGGCAGCCAAAGACCACAAGGCAAAAACAATAATTTTGGGAGGAGGAGTGGCTGCCAATGATGAATTGCGTAAGCAATTCAACCATAAACTAAAAACTCTAAAGCATAAAGTGAAATTTTTGGTTCCGTCAAAAATTTTCTGTACTGACAACGCATTGATGGTGGCTATAACAGCTTATTATCATTGGGTTTTGGGGATTAAAAAAGACTGGAAAAAAATAACCGTAAATGCTAATCTTAGAATTGAAAATGAAATCTGAAATCCCAAAAGTCCACAATCCAAAAACTGTAGAAAATCGCATTTATAAGCTTTGGCTAAAGAGCGGTTTTTTTAATCCCGATAAACTCTTGGGAAAAAGAAAAAAGCCATTTACTATTATGCTGCCTCCTCCTAATGTTACAGGAAGACTTCATATGGGACAGGCTTTAAATGCAGTTATTAATGATATTTTAATTCGTTGGAAAAGACTTAAAGGATATAGAACCCTATGGCTGCCCGGAACCGACCACGCTGGAATAGCTACCCAGGTTCAGGTTGAGAAAGAGCTAAAAAGAGAAGGTAAAACTCGTTTTGATTTGGGTGAAAAACTATTTATAAAAAGGGTTTGGCAATGGAAACGAAAATACGGGAATGCTATCTTAGAACAATTTGAAAAATTAGGCTCTTCTTTAGATTGGTCAAGAACAAGATTTACGATGGACAAAGAATATTCAGCAGCCGTGAAAAAAGCTTTTTTGAATTATTACAAGAAGGGTTTAGTTTATAAAAAAGAACGGCCAATTAATTGGTGTTCAAGATGCCAAACCAGTTTATCAGATTTAGAAGTAGATTATAAAGAAGAACAAGGAAAATTATGGTACATAAGATATCCGCTTAAAAATACAAATTACAAAACACAAACTAAAAAATATATTGTAGTTGCGACGACAAGACCCGAAACAATGTTAGGCGATACGGCAGTAGCCGTAAATCCAAAAGATAAAAGACACAAAAAATTAATTGGCAAGTATGCAGTTTTACCTTTGGTGGGAAGGGAAATTCAAATTATCACAAACAGACTTGTTGATTTGGAATTTGGGACAGGAGCTGTAAAAGTTACTCCAGCCCACGATTTAAAAGATTACGAAATTGGTATTTCTCATAACTTGGATATTATTCAAGTTATTGATGAAGAGGGTAAAATTAAAAAAAATGCACCGGCTGCTTATCAAGGTCTGTCAATTTTAAAAGCAAGAGAAGCAATTGTTAAAGACTTAAAGAAATTAGGATTAATAGAAAAGATTGAAGATTTTTCTCATCAGGTTCCTTTTTGTGACCGCTGTAAGACAAAAATTGAGATTTTACCTTCTAAACAATGGTTTGTGAAGATGGAAAAATTAGCAAAGATGGCTGAAAAGGAAGTCAGGTCAGGGAGAATAAAATTTCATCCAAAAAGATTTGAGAAGATTTATTTCGATTGGATTTCAAATATAAAAGATTGGTGTATCTCAAGACAAATTTGGTGGGGCCATAAAATTCCTATAGAGGGCTCTGAAGATGTTT
CP179892.1_gap15	561555	564002	2447	TCTGGAAAACTATGGCGAGGTTTCGGCTGAGTTTCTTTATAAAAAACCATTCAGGACATTTGAAAAAAGTACTCTTTTACTTTCCACCAAAGATGTTTCCAGAGCAATTAAAGCCATTATTGAAGAGGCTAATATTAAATCACAAAAAGTCGCTTTTTCCATTCCAGATTTTTCTAGTTTTTTTACCACTTTTGAATTACCATCAATGAGTAAAGAAGAAGTTTCTCAAGCAGTGAGAGCAGAAGCGAGGCGACATGTTCCCCTTCCTTTAGCAGAGGTGATATTAGATTGGCAGATAATAAACAGACCTGGAAGAAACAAAGCTGAAAATTTAGAAATCCTTTTAGTTGCGGTTCCTAATGAAGTTGTTAATCAGTATCAAAACATTGCTACTAATTTAAACCTTAAACTTTCAGTTCTGGAGGCAGAAGTATTTGGCCTGGTCAGGTCTCTGGTAAAAAGTGAAGAAAAAGGAATTGTTGGTTTAGTTGATATTGGCGCTAGAAGCACAAGTTGTAGTATAATTGAGAAAAGAGTTTTAAAGGTCTCGCGCAGCTTTGATATTTCCGGAGACAGTTTGACAGAGAGAATATCTAAAGGATTATCAGTGGACTATAAAAAAGCAGAAGAGCTTAAGAAAAAATATGGAATATTATCTTTGGGAGGAGCTGGAAAAGAAGATGAAAATCATGTAAGAGATATTTTGATTCCACTGATTGATTTAATTATTAGTGAGATTGATAAAATTTTTATGAATTTTTATTTAAAAGAAAAAAAGGAGGTGGAAAAGATTATTTTAGCTGGAGGAAATGCTTTTTTGCCCGGTTTATTTGAATATTTTAAAGACCATTTTACTAAAAGAGAAGTAGTGATTGCTAATCCCTTTTCAAAAATTTTCTTTCCTCCAATTCTTGATAAAACATTAAAAGAGATAGGACCCTCTTATGCGATTGCAGTAGGAATGGCTTTAAGAGGAGTGGAATAAGAAAAACATCCCCTACCAATATGGTTGAAATAATACCAAAATCATTTGAGGAAATACCTTCTTGGCAAAGAAATTTACTTTACTTTTTGATTTTTTTGCTTATAGCAATTATTGTAAGTTTTTTCGTATTACGTAATTTTAAAGAAAAGTCAGAAAAAGACCTTGATGCTCTGGAAGAAAGATTGTCTCAAGAAGGAGTCTTCAGAGTAGTTGATTTAGAAAAAGAGATTCTTGATTACAAGAGAAAACTTGAAGATTTTTCTTTTCTTTTTGAAAATCACATTCTAAACACAAAATTTTTTGATTTTATGGAGAGCAAAACCCATCCTCAGGTTTTCTTTTCTGAAACTAACTTAAAATCTAAAAGCTCAAGGGTTTCTCTTTATGGGCTGGCTGATAGTTTTTTATCTTTAGGACAGCAAATTTCGATTTTTAAACAAGAGGAATTAGTTAAGGACGTGATTTTATCTGATGTTTCCATCTCTAAAAAAGGAGGGATTGAGTTTAATTTAGATATTTTATTTAAAGAGGAGCTTTTTAGATATTCAATAACAACACCAATAAATAAAGACTAACATGAGAAACTATCCACTTTATATTGTAATTACTTTTTCTTTATCTCTTTTACTTATATTTGCTTTATTATTGCCCGAATACAGGGCTTTAAATTATTTAAAGCAAAAGATTTTTAAGAAAGATTTTGAACTTCGGTCTTACGAAAAGCACTTTCAAGAACTTCAAGGAATTTTAGATGAAATTAAAGAGAAAGAAGAGTCCTTTTTAAAAATTGAATCTGCCCTGCCTAAAGATTCTTCCTCGACAGAGCTTTTGAATCTCTTTCAAAAAACAGCTTCCCGGTCAGGGCTCATTTTAGAAAGAGTATCTCCAGGCTCAACTCCTTCTACTGAAGAAGAGAAAATTAAAACCAGAAAGATTAATCTTTTTTTAAAGGGTGATTACTCTGATTTTAAAAACTTTCTTTCAATTATAGAAAGGTCAACCAGATTAATTGAAGTTGATAATATTTCATTTTCTTACTCAGAAGGAAAAAAGTTATTTAGTTTTAATATAATAACAGGAGTTCATTCCTATTAATTGCGAAGCAATTACAAGGAGCGAAGCGACTGGTTCCTTCTTTTAATTGCGAAGCAATTACAAGGAGCGAAGCGACTGGTTCCTTCTTAATATGGCTATAGTATTTAAAAAACAAATAAAGAAACAAAAAAATTTGATTTTAGTTTTTTTAGTCTTAGTCTTAATTACTATTTCCATTGTTTGGTGGAGTCAACATATTGAAGAAGAACTTTTTGTCGAACCAATAATGCACTTTAGGAAAATAAAGATAGATTTTAAAATTTTCGAAAATTCTTTTTTTAAAGAACTTCAACCAATAGAGAAGATACCTGAGTTTGAAGGAGAGATGGGACGGGAAAACCCATTTATCCCTAAACCTAAATAAACC
CP179892.1_gap16	571166	573602	2436	ACCCTAAACTCTACCCTTTTCAAGCTCTATATGGCGCAGCTTATGTTTTTTTGGATAGAGCTTATGTTTATTTGGATGGTGACCCTAAAAAAGAAATTCATATTCATCTAAAAGGAAAGAAGAAACTTACAAAGAAAGAAATAAAGACTTTGGCAGATGAATTTCTTAATGAACTTTTAAATTATAGTTTGCGGTATCATATCTCAAAAGATAACCGCAAAATCAGAGAGTATATAGTGGGAGCTGCTTTAATAGGCGCGTCGGGAGAAGACACCAAGAAATTAATACAATCAGATAAGAAAGATTGGCAAAAAGACCCTCTGGGAATTGCAATTCCTTGGGAAGAAAAGTATGGAAAAAAAGCATTATGACTATTTTTTTTAACAAAAAATTTTATTCGCTTGAAGCCATAAAAAAAACCATTAAAGCCTATAAAAAAGTGGCTGTTTTTAAACTTAAAGAAAAAAAGAACAATTTTGAGGTTAATATAGATGAGGTAGACAAGGATATTAAAGCTCTTATTAAAGATGAATTCTGCAACTATGTTTTAGCAGAAAACAAAAGACTTAATAGTAGCTTTTAAATATTTTTTATAATTATTATGTTATTAGACTTAAATAAAATTAAGTTGAATACTAAAAAGGTAGCATTTTGCCGTTTTAAGAAATTAGATGATAAATATTTATTAACTAATGATGTAGGATTTTATAAATTTTTAAAACCTGCTCAATTTAAAGATTTTATAGAGGGAAAATTGAAGGAAGAAAGCGAGATTTATCAAGAATTAAAAGAAAAAGGATTTATCAAAGATGATTTTGATATAGACAAAATGGTTGATACCTGCCGTTCCTGTAGTATTTCTTCAATTGGCGGTCCTTCTCTTCATATAATAGTTGTTACCTTAAGGTGTAATTTTAAGTGTATTTATTGTCAGGCAAGTCGCCGCTCAATGAAAGAAAAGCAGTACGATATGAGCATAAAAACAGCAAGGAAGATTGTTGATACAATATTTAAAAGCCCGAGCAAAGTTATTACTATAGAGTTTCAAGGTGGAGAACCATTAGTTAATTGGCCGGTGGTTAAATTTATTGCTAAATATGCAAGAGAAAAAAACAAAACGGAAAAAAAGAAACTTTTTATTTCTTTGGTTTCTAATTTCAGCTTGATGACAGACAAAAGGTATAAATTTTTAACTGAAAAAGAAGTAAGTCTCTGTACTTCTTTAGACGGTCCTAAAGAGCTTCATAATAGAAATCGACCCTTACCAAATGGAAACAGTTATCGCGCTACTACATTATGGATAAATAAAATAAAAAAAGAGGAAAAGGAAAAAGAACGAAAGGGCAAGTCCTATTATCATTTATCTGCCCTTACCACAATATCCAAATTTTCTCTTAAAGAGCCAAAGGAGATTGTAGAAGAATATTACAAGTGGGGTTTTAGGGGTATTCATTTAAGGCCCTTGAGCTTTTTAGGTTTTGCCGGCGGACCGGCTAAGGAAAAGATTGGTTATACAGCCGAGAAATTTATACAATTTTGGCGGGAAGCAATGGACTATATTATAGAAATCAACCTCAGGGGAAAATTCTTTTTTGAACGAGGAGCTAGGATAATGCTTACAAAGATTTTATTAAATAAAGACCCTGGTTTTCTTGACTTACGTTCGCCTTGCGGAGCGGCAATCGGCCAATTAGTTTATAACCATGATGGTAAAGTTTATACCTGTGATGAAGGAAGAATGGTAAAAGATGATACTTTTATGCTCGGAGACGTAAATAAAGATAATTATGAAAAGATAATTTCTAATCCAAAAGTCAAAACAATGATTACGGCTTCAACCCTGGATAATTTATCATGCGACTATTGTGTTTATAAACCGTATTGCGGAGTTTGCCCGGTTTTGGCTTATGCGCTTTACGGAAATCTTTTTCCGCAAATAATAAATACTGACCGATGTAAGATACATAAGGAAATGCTTGACTATCTTTTTAGAAAGTTAGAAAATGAAAGAATCAAGGAAGTTTTCCACAACTGGTTAATATTATGAAGAAATTACCATCTATAAAAAAGAATATTGAAGCATTTCTCACAAGCGAGGAAGGAAAGATAAGTAAGAAAAGTGTTTTAGACTTAGGAATAGGAGTGGCAATGTTAGGAACAATGTTAGCTCAAACAGTTTCTGCTACCCATCAAAGCTTTTTTGAAAACATATCTGGACATGATATTCCTCAGTCAGGTCTTGGCAAGCCCGTATCTCCTCCAGCCAGTCATACAAGTTATTTCTCAAATAAGTTAGCTGCTCATACTTCCCACAGCTCCCACAGCTCCCATACTTCCCATGGTTCCCACGGTTCCCACGGCTCCCATAGTTCCCACGGTTCTCACAGCTCCCACGGCTCCCATACTTCCCATGGCTCCCATGGTTCTCACAGTTCC
CP179892.1_gap17	574852	576619	1767	AGGGAAGAAAGTGATGTTTTTCTTTTGCGGTATTGATAAAGGATAAGTATAATATAAGCTATTTTATATAGCTATTTTTTATAAATGGCACAGATTAACCTTACATATTCTTGCAATAGAAACTGTAGCTATTGTTATGCTAAAGGGTTTTCAAAGAGATGGCCTGGGGAGATTACCTTGGAGGGGTTAGAATATATTTTTAAATGGACTACTAAACAAGGAAAAAAAGACATAGCTTTTACTGGAGGAGAGCCTACTTTATTTAGTAAAATTAATTCTGCTCTAAAATTGGCTGAAAAGTATAAGCTGAAAGTAATATTTTGCAGTAATGGAACTACTGTTATTGAAGAAATCAACATTGAATCTCCAGCCATAAATCTTTTTCTGGTTAATTTTAATTCGCCCTCTGAATATTCTCCCCAAGAATTAGAGATTTTACATTCTAATTTAAAAACTTTGAGAAAAGCTAAGAAGGTAATTCTTAGATTTAACATCACTTCTCCTGATGTTTCTTATGGCCACCTTATTAATGTCTGCGAGAGATTAAATATTCGCCGAGTAGATTTCGTTTTAGTTTTACCTTCAGTCCTCAATCAAAACGAATATATTAAAAAGGAAAAACTGAAGGATTTCACTCAATATATTTTAAAGTTAGCGAAAAGCCTGGTAGAACATGATATCCGAGGCTGTTTTGCTCAACCGTTTCCTCGGTGTCTTTTTTCCGAAAAAGAGAGAGCATTCTTAATGAAAAATAGCGATTTTCACAGCATTTGTTGGATAGGAGAACGTTGCATAGTAACTCCTGATTTGACAATATTACCCTGTCCTCTTTTAGCTGTGGAGGGTCCTTCCTTAAAGAAATTTAAGAACCAAAAAGAGATAACAAATTATTATAAAGATGTTGTTAATAGACTAAAATGGGAGATAGATTTATTTCCTCAGTGCAAAGATTGTGTTTTTAAAAAGAATAAACAGTGTCAAGGTGGCTGTTTAATTTATAAATTTCTTCAGGCTAAGAACTTAGGAAAGTTAACAGACAAAGATTTAAGACCGCCAAGCATAGATTAATTTCAAACTTGCCGAGTTTTATTAAAAGTGTTATTTTTAATAAAGAGATTTATATTTTTCTAAAGGTCAAAGAAAAAATATTAAGTCAATAAAAAAGTATGAATAAAAAATTAATATTTTTAATAGGCGCTGTCTTTGTAATAGGGATAACCTTTTTCTTCTTTCTTAGGTATTCCAAAGAAATTAAGATACCACGATTCACGGGCGACGAAAGAATTGATAAGATATTTTTTGATAGCGCTCAGGATCTTACAGAATTATATGGTCCTTTGGAATTAAATGAGAACTCTTTGATTAATTTAGTCCATATTGTAAAAAAAGATTCTGATTATGAAATTTCTTGTCAGTTCGGTCCTTCTTATGAAACCGCCAATCTGTATGAACTCTTTCCTGAGGAACCGGTCTCTATGGGTCAAATAAGAGAATGCAACGTTGAAACTGCTATAGCTATAGATGAGGCAATAAGGTCTTCTGAAATGGATTGCAGAGTTTTCTTAGAATCTTTCCCCCTCTTTCTTAATGATTATTATTTACTTACTTTAGCCATAGGAGAGAGGGAAATAACTCCAGAATGGATTGTTTTTAATCAAGAAATAAAGTGTTTAGAGCCTTTCAAAAATTTTGTAGGAGAAACGGTGGGCAAATTTGTAACAATGATAATAGATCTAAATGAAAACGTTATTTATTACTAAAAGTGTA
CP179892.1_gap18	589857	590946	1089	AAAAAAATAGTTGTTTCTTTGATAGAAATAATAATTTTTGTCTTGGTCGGAGTAAACATTGGTGGGTTAACCCAGAAAGTGTATGCAGTTCCAATTCCTAATGTCTATGATTTTTCTTCAGGTTCAGGAGTGAATAAATGGTTTTATTATGGGAAAGATTACGCTAATGATGTCCCGGTGGCTGTCAATCGTTCCACTTGGGCAGAGCCTGGTGTTGAGCTCGCTTCTTACACTAACATTGAATCAGCAAACGATGTTCATGAAATCATCAGCGATACCACTGAGGTTTTTAAAGAGGTTGTGCATGATTTTGTAATTACTATTAATGAAAATCCAGTTGACATTAATTCAATAGAGCTTTACTGGGAGGGTTATGCCGGACAAAACATTGAAAGCCTTGAAGATAATGACTTAAGAATGTATTTATATAATGTTACTACTGGCTGGGAAGAAGTTGCTTTCAGCTTAAATAATAGCTGTCCAGGTCCTTCGGATTGCACCCTGACTCATACTATCAGTACCAATTTTTCAGATTATATTGATGGGAGCGGTCATCTCAGATACCTAGTGCAGAAGTTTGAACAGGGTGATGTCTGTGATGCTACTTGTCATAAAGTGGCTGACAGGGGTACTTATTACCCCCCAGGCTGTACCTATGTTGATGCTGGTACTGATCCTAAAGACAACTGTGAAGTTGATGAAGAAACCGAGTTTTGTCGGCAAAGAGGCGCAGATGGTGATTGTGACGGCTTAGGTTCTTGTAATTATGTAGACTGGCAAAATATAAATGAAGGTGAAGTTTGCCTCTCTGGCGAAGCTCATTGCAGCGGCAACACTTATTATTCAGGATATGCCTGTAGTGCCGGAGTTTGTAATGCAAACTATGGTGATTCAGGTTGTTGTCAAGGCAGTAAGTGTGCTGCCGGTTATTACTGTAAGGAGTCAAATCATACCTGTACTGGTGTCCCAGTTTGCCAGAATAAAGTTGAAGCTGGTTATGGAACCACCAAGGTAACCAATAATACCCAAGTTTCCGGTTGTAATGGCACCTGTCAGGCTTGCCAGAATGGCGGTTGTGCTTATGCTAAT
CP179892.1_gap19	611314	614342	3028	TCAAGGTTCTGAGCGAAGCGAATGGTTCTTAATTCGAAGAATCAAGGTTCTTCTGCTTCGCAGAAGGTTCTTAAATCTTGAATTCAATAACGTCACCGTCTTGAATGAGATAATCTTTGCCAACAATTGCTATTAATCCTTTTTCTCTGGCTTTCGACCAAGAGCCACTTGAAACTAATTCTTTCCAATTAACAACTTCGGCTTTTATGAATTTTTCTTTGAAGTCAGAATGAACAGTTTTTCCAGCCTCTAAAGCGTCAGAACCCTTAGTTATTGTCCAGGCTCTTGCTTCTTTTCCACCCGAGACCGTGAAAAAAGTAATTAAGTCTAAAATATCATAGCAAGCTCTAACTAAACCATCAAGATGGAGTTCTAAACAGAGCTCTTTTTTGTCTGATTCTGAAAGTTCTGATATTTCTTCCTCATCTTTTAGGTTTATTTGCAAGTATTTAGATTTCATCTGTAATGACCTTTTTTTAGTGTTAGTATTTAATACAAATAAAGTTGGTTTTGTTGTTAGAAACTGATATTCTTTAATTTTTAAATTTTCTTTATCGGTTAAATTTATCTCTGAGATTAATTCTCCACGAGAAACTCCTTCTTTAATTTTTTGAAAGACTTTAACTTTTTCTAAAGTTTTTTTTTCTAATTTTGAGATTATTTTTTCTAAGGTTTCAAGGTCTTTCATTAAAAGTTCAATCTTTATCACTTCTATTTCTTTTTCTGGGTTAATTTCTCTTAAAACATTTTCTACCTCTTGATTTTCAAAAGCCCTTATTACTTCTAAAATAGCGTCACAATTTCTGATTTGAGCTAAGAACTGATTTCCAAGACCCTCTCCTTTATGAGCTCCTTTAACTAATCCTGCAATGTCAATGAATTCAATAACAGTCGGAGTTACCTTTTCAGGTTTAATAATTTCAGCTAATTTATCTAATCTTTCGTCCGGAACAGAAACTATTCCTAAATTGGGTTTTATAGTTGTGAAAGGACGGGGAGCAATATTAACTTTCTTTTTAGTTAAAGCCTTAAATAATGTGGATTTACCAACATTTGGTAAACCGACAATACCTACTGAAAAACTCATAAGGTTATGATATAATAAAACTATATGAAAATCAACCCTGTCATCTTTAGAGCATATGATATTCGGGGAATTTATCTTGATGATTTTAATGAGGACTTTGCCTTTAAAATTGGGCAGGCCCTAGTTAAATTTTTGAGACAAAAAAAATCTAAAATTAAAAGGAAGACAAGACTTAAAATTGTGGTAGGTCAAGATAATCGTCTTTCCTCTCCTACCTTATTTAAAAGCTTGAGCAAAGGAATTACTAATGCCGGAGCTGATATTATTGATATAGGGCTTTCTACTACCCCTATGTTTTATTTTGCTGTAGCTTTTTATAGATTTGATGGAGGAATAGTAATTACAAGCTCCCATAATCCTCCAGAGTACAATGGTTTTAAATTGGTTAGAGAAAAAGCAATTCCTATTAGTGGAAAAACAGGATTAAAAAGAATAAGAACCTTGTGTGCGACAAGAACCTTGATTTCTCCGAAATTAAGAACCTTGTGTGCGACAAGAACCTTAGCTGAAAAAACTACAGTTAAAAAAAAAGGCAGAATAATAAAAAAGAAAGTTCTTCAAGATTATGTGAAATTTAATCTTAGAGAATTTTATATTAATAAGCTTTATCCTTTTAAAATAGTTGTAGATACTGCCAACAGCGTTTCAGGTATTATAATTCCAAGTATTTTTAAAAAATCTCCTCTTAAAATCTATCATCTTTTTCAAGAACTTGACGGTTCTTTCCCTAATCATAATCCTGACCCATTAAAAAAAGAAAATTTAAAATCTCTAAGAAAAGAGGTTTTAAAAAGAAAAAGCGATTTAGGAATAGCTTTCGACGGAGATGGAGATAGGATTGTTTTTATCACCGAGAGGGGAGAGATTGTCCCGGGAGATATTGTTACTGCTTTAATAGTTAATATAATTCTAAAAGGAAGCTCAGGAAAAAAAGTTATATACGATGTTCGTTCAAGCAATATTGTTAGGGAAACAATAGAGAAGAACAAAGGTCTTCCTTTAGAAAACAGAATAGGACATTCTTTCATAAAAGAAAGGATGAGAAAAGAAAATGTTTTCTTTGCCGGAGAATTCTCAGGTCATTATTATTCAAGAAAGCATTATTTTTGTGAGTGTCCCTTCTTAATTTTGTTTTCTATTTTAAAAGAAATGTCTGAGACTAAAAAGACTCTTTCTCAACTGATTAAACCTTTCAAGAAATATTATCATTCAGGGGAAATAAACTTTAAAGTCAAAGATAAAAAAAAGATTTTAAAAATCTTAGAAAAAAAGTTTGGAAAAAAAGGAAAGATATTAAAAATTGATGGTTTAAAAATTAATTTTCCAAATTGGTGGTTTAATTTCCGTCCTTCCAATACAGAGCCTGTTTTGAGACTGGTGGCTGAAGCTAAGACAAAAAAAATATTAGAGAAAAAGAAAAAAGAACTTATTTCTCTTATAAAAAAAAGGAGCTAAGCTCCTTCAACTCTAAAGCTCCTTCAACTATTAGATTAAACCCATTTTTTGCTTGACTTCTTGCATTGTAAATTGAGCAATAACTTCTGCTTTTTTTTGCCCTTGCTTTAAAATTTCTCTAATATAAACTTCTCTAGCGAGAAGTTCTTTTCTTTTCTGTCTAAAGGGTTCGAAAGAATTAATTAATAATCTTGCGAGGGATTTTTTAAATTCTGCATAACCCTTACCTTTAAATTTCTTTTCCAATTCTTTGATTGATTTTCCAGAAAATAAAGAATAGATAGTTAAGAGATTGGATATTCCTGGTTTTTTCTTTAGATCATAAGTAATTTTTCTTCCAGGGTCTGTAACAGCAGACATTATTTTTTTTCTAATTTCTTTAGGTTCATTAAACAAACCAATATAACCTTTAGGGTTATCGGTTTTTGACATTTTTTTCTTAGAATTTTGCAGGGACATGATTTTAGAACCTGTTTTTGATAAAAG
CP179892.1_gap20	619505	624083	4578	TTCCTGAAATCTAATTACGGCAGCTTTTGTTTGTGAACCAAAATATCCGGTAATCTTTCCCTCAGGATAAATGTCAGCTCCGCCAGCTGGCGGATTAGCTAAACATTTTTGCAGCTCCGTTACTTCTGTCCCTCTTGAGCCTACAGAAAGATTACTTTTGAAAGTGAAAGCTGGGCTTTTCTTTATAATCTTTTCTCTAAGACCATTTTCTTTTTTTAGATATCCAGCTTTTTCTAATATATCGTTTGCTTTTTCTAAGTCATATTCATAAATATTAGATGGCTCCTTTAAACCATAAACATCAGATATAATTGGGGAGTGAACAATCTTTCCTTGTCCGGAAAGCACATTGTTTAGAATCTCTTCTTTATTTGTTCCATGATTTAAGGCTAATCTTACTTTTTTATCTGAGAGAGCTTTAGATTCTTCTGGATTAAAAAAGACAGTGAAATATCTTGGAATAGTAAAATTATAAACATTACCCTGTTCTGGAAGACTTTTAAGTGAATTTAAAGAAAAACCATCAATTTCTCCTTTTTGATAAGAGGTTATTAATTGTCTTTCTGCTTCTTCTCTTTCCTTTGATTCAAAAAATCGAAAAGAGATTTTAGAAAGATAGGGAAGTTTGGAAAAGTAGAAAGGGTTTTTAACTAAATCCAGAGAAATTATTCTTCCGCCAATATCTTTTGATAAACTTTCTAATCTATATGGTCCTGTACCTATAGGCGTAAGGTTTGCTTGAGATAGTAGAAAGTTTTTAGGAAGAATTTTTTCCCAAATATGTTTTGGCATTATTTTTAAAGTGCAATTTTCTAAAAAAACAGAGGATTTATTTTTTAATTCAAAACGCAAGCTAAGAGCAGATATCTTCTCCACTGTTACCCCCAGCCACATAGCTCTTAGCGGGCTTTTAACTTCTGAATTTTGGATTGCTTCAATAGTAAAGATTATATCATCTGCTGTTAGAGGTTCCGAGTCCTGCCAGACTACATTTTCTTTAAGATTAAATTCATAAATCCTTCCATTTTCAAGAATCTTATACTCTTTTGCCAAATCTGTTTGTATATTGCCTTCAGAATCATATTTCATTAAACCGGAAAAAATAAGCTCTATTAAATCTCTATCAACATCTGAAGCTGCAGCATAAAGGGGATTGATAAATCTTGGAGAACCTATTACTCCTTCAATATATACTCCGCTTTCAGCGGGTATTATTTTTGTTCTTTCAAGGTAAAAATCAATTAAAAGGAAAGAAAGAGAACCGACAAATAAGATAAGGAAGATAAAAAAAGAAACCCTTTCTTTTTTACTTAGAACTTTTAAAAATTGTCGCCATTGTTTTTTTGAAGGCCACCGATAATACATAAGAAATTAGATGAGAAGGTTGAGTAGGGCTAAAGTTATAAAAAAGGCTCCGAATACAACCGTTGCCCAAAATATCTTTTTCTCCATACCACGTCTTGCGGCATAAAATTCACCTATTCCTCCAAAAGCAGAACCCAAAGAACTTCCTCTTTGTTGTAAGAGAATTAATATAGCCAAGATTATACTTACTACGATTTGTGCGATGAATAAATATTTTTTCATCTTTTAAGTCCCAAAAAAAAGTTTACTATCCAGATAATTACCGTTGTAAGGAATAAAGGAATAATACCTAAAATCTCAAATTCTTCAAAGAGAATATCCAAAAGCCAAATAAATGCCATGTTAAGTATTAAGGAAAACAAACCCAGGGTTAAAATCTTTAATGGTAAGGTAATTTTATCTAAAATTGGTTTAATAAAAAAATTAATGAGTCCTAAGATGCCTCCTACCAAAAGCAACAATTTCCATTCCTGGTTAAATTCTATTCCAAAGTAAATACTTCTATCGGGAATAATTTCTAAATTCACTCCAGAGATAAATTTTGTTGCCAGGAATATTGCCAGAATTCCAGCAGCAATATGCCAGAATAGCCGTTTCATATTATTTAAGAATAATACCAGAAAATAATTAACTTAGCAAACCAGTCGCTTCGCTCATTGTAATTACTTCGTAATTAAGAGCAAGTCTCTTTGTCTCATTTGGCTTGACAAATTTCAAAAATTGGAGAGAATAGATTAGGAGGTGATAGAACATTTCAAACTTGGAAGAAGATTTTTTTCGGGTAAAGTATCTTATACCTCAGAATCCGGACGATAAGAAACTGATAGAAATATCAAAAGAGATTGAAGAAATACTTAAGGACTTAACTAATAAGGACTTAACTAATAAGGACTTAACTAATAAGGACTTAACTAATAAGGACTTAACTAAAGACTTAACTTTTTTTTATAAGAAGATTGTACTGAAGTTTTACAGAGTAGTGAAAAGAACGAAGGGAGAAAAAAAAGAATTTTCCTTCAATGAAACCGAAACAAGTATTCTCACTAGCCGCATAAGGGAGCTGCCCATAGAAATAATCGTTGTTTTCGCCGAAGAGTATATCTATTAATAATTTTTTATCTATCTAAAGCCGACTCAAATTGCCATATTTGGTAATTCAGAGTTGGCTTATTTTTTTTGAAATCAGGAGAGGGACAGTCCCATAAATTTGACAACGCTCTCTTGTTGTGGTATCAGGTAAGTAGATATTTTAAAATAAAATATCTCTTTTAAAAATAAATAAGTGATAAGATTGAAAGCAATAACAAAGACGATTGGAATCTTTCTTCTTTTCTTATTGATTGGCGCAAACGTTCTTTTCCTGGGACAAAACGGAGAATCTCAGAGAGGAAATTTGAAGGTGGAAATTATTGCTGCTGCTATTGATACTGACCCTAAGGTTCACGTAAACAACAACTGGGCAGAAACTGCCGTAATGTACGATTGGTGTACGGGCTCGGGAACTTATGAGGATCCATATGTAATTAAAGATTTAATTATAGACGCAAACCAGGCAGGTGACTGTATTCTCATTGAAAACACAGGAGAATATTTCGTAATTGAAAACTGTACGGTTTATAACGCTAGTAGAATGGGAATTCGACTTAACTATGTGATAAATGGAAAGATAGTCAATAATCACTGTTTGAATAATAGTTATGGCAACGGCATTTTTTTATATTACTCTTCCAATAACACTATAACCGGGAACGACTGCATGGGAAATTATGGGACTGGTATCCGTCTCTGTTCCTCCCATCACAACACTGTAACCGGGAACAACTGCACGGGAAATAAATATGGTATTGATCTTGGCCTTAACAACAACACCATAACGGGGAACAACTGTACGGGAAACCGGTATGGCATTCGTCTCTCCCCCTTTTCCTACAACAACACCATAATCGGGAACAACTGCACAAACAATGATTACGTCGGTATTTATCTGGGTGACTACTCCCAGCACAACACCATAACCGAGAACAACTGTAAGAGAAATTATTGGTATGGTATCTTTCTTCGCTACTCTAATAACAACACCATAATTGGGAACAACTGTACGGACAATGATCACAACGGCATCTATCTCGATGACTACTCCCACAACAACACCATAACCGGGAACACCTGTACGAGAAATTGGGACGGTATCCGTCTCTCCTCTTCCCACCACAACACTATAACCGGGAATAACTGCACGGGAAATGGGCATGGTATCGTTCTCTCTTCCCCTAACAGCTCTAACAACAACACCATAATCGGGAACAACTGCACAGACAATGATTACTACGGTATCTATCTTGACTCCTCCAACAACACCATAACGGGGAACAACTGCACAAACAATGAATACGGTATCTATCTTGACTCCCCCCACCACAACACCATAATTGGGAACAACTGCACAGACAATGATTACGCCGGTATTTGTCTCGATGACTACTCTTCCAACAACACCATAATTGGGAACAACTGCACATACAATGATAACTACGGTATCTATCTCTGCGGGGATTCCGACAGTAACGAGGTTGCCAACAATTTTCTGATAAAAAACGGTTACGGATGCATTAAGGATGAAGGAACAAACAACATTATATACAACAATACCTGTATTTTAGTGCTGAATACCCTTTTTCAAGCTAATGTCACTGAAATTATTGAGGGAGGGAGTATTCAATTTACAGATAAGACTGCCAGCGGAAGATATCCCTTGACCTATCAGTGGAACTTCGGAGACGGCTCATTAAATTCTACTGTTCAAAATCCTATCCATAAGTATAATTCAGCTGGAACATATCTAGTTGTGCTGATGGTAACGGATGCTGACGGAGATGTGTCGGTTTACTCTATAGAAATCAGTGTCCAAGATGTCACTAACCCAATCTTAGATAGTCCTGATGATGTTACTTACGAAGAGGGAACAACAACCAACAGTATTTCCTGGACAGCTACAGACAACAACCCAGATACCTATATTATCTACAGAGATGGATTAGAGATTGACTCAGGCACCTGGACATCAGGTGTCGCCATAACAATCAATGTAGATGGATTAGCCGTAGGTTCTTACAACTACACCATTGTAGTTACAGATGCCTTTGATAACGCAGCTTTTGATACAGTGTGGGTTACGGTTGAAAGCGATATTATACCAGATGACGTTCCACCAGA
CP179892.1_gap21	650909	653831	2922	AACAATCACCTCAATTAAAATTACCGAAACAGGAACAGTTGCAGCAGATACTTATTTGTCTAATTTAGCCTTATTTTATGATACAGACGACAATTTTTCTAATGGTACAACCGGTCAATATGGTACAACCGTTGCAAATTTTGCTGCTGACCAGACAGCTAATGTTAGTGGTTCTTTAGTAGTTTCCTCTGACACCACCTATTATTTCTATGTTCGTTTTGATGTAGTAAATGGAGCAAATTATCCTACTGGCGGCCAAACGGTTAATTTCCAAATTGCCGTTGATGCTGATGTTGGCACAACCGGTACACCAAATAAAACAGGAGCGCCCGCAACACTGGCCGGTATCACTTCCATTCGTCCCGATGTTACTTCCATTGCCTATCCTCAATCTCCCGATGGCGGCAGAAATGGAGATACTTTTACCATCAGCGGTGTCGGATTTGCAACGAGCTGTGCTGATGTCTCTGTTCAGATTCAGACCACAGATTTAACCTGCAACAGTGCTGCCACAACCTCTCTCTCGGTGACTATTCCTGTTGCTCAAACAACTACATTTGGCGGTACAGGATCAAATGGTCTTTTGGTTACAGTCGGCGGGACTGCTGATGATGCGCGTCAAGACTTCTTTATCTATCCTAAAATAGACTCTATCACCGTGCCAACTGGTTTTGCTTCAAGTACTGCTCGAGAATTTCAAACTGGTGATACAGATGGCATAATCACTCTTAATGGTTCACGATTCGGGACTAATGGAACTGTTACAGTCTTGGGTCAAAGCGCCATTACAACCAGCTATGCAGATACGGCAGTTGAATTGCAAATTCCGACCAGTATACCAGATAATGTTTATACCGGTGATATTGTTCTTACTCGAACTAATCCTTCAGATAATAAAACTGTTACCTCAACCGGTTTCAGGATTTTGCCTCGCATCATTTCCCTTATTCCCAATAACGGACTGGAGGGCGATGCAGTGACCATTAGCGGTAATCATTTTTGCCAGACAGGTACCTGCCCGCCATCGGGGCAAAGAAATACTTCTACTTCGACCATAACTTTTAATGGTGTTAATGTTCCTGACAGCGATGTTACGGCCTGGTCTGATGCTTCAATTGAAGTTGAGGTGCCGACAGGTGCTACTACCGGACTAGTAATAATAAAAAGTAATAACTTTACATCAAATGGCGTTACTTTTTCTGTCGGTGTACCAGATGCCACTTCATTTATTAATAATACAGAGGGTGGTTTACTTGACGGTGGCCGGCCGGGTCAAAGCATTACTGTTACTGGCACCTATTTTGCTTCTGCCTGTTTTGCTCCATCAACCGAGGTAAAGATTGGCACTTACAGCGTGCCCTGCTCTGATGTTTCTAATTGGACCGCCACATCTATCACTTTTACAATTCCAACTTCTACTACAGCCTATGGCGGAAGTGGTTCTGACGGACTTATTATTAGAGCCAATGATCAGGATGATCTGACCCCTCTTACTTTCTTTGTTTACCCTAAGGTTACAAATATCGTCACTCCTTTAATTAGTGGGGCAGCTCGTGAGGGAGAAACTATAACCCTAACTGGTCTGCGCTTTGGTACTACAGGTACAGTTACTATTCTGGGAGAGAATGCCACTATTTCTTCCTGGCAAGATACAAGTGTGAGTGTCGCTGTACCTTCAAGCATTGCTGACAATAATTATACAGGAACAGTTATTCTTATGCGAAGTTCGCCCAGCGGTAATAAATCTCATACTGCTACTTCATCGTTTAGAATCCTGCCCAGGATTGCCAGTCTTAATCCTAATTCTGGTGATATCGGAGATCCTGTTCAAATCTTGGGCAATCACTTTTGTCAAACAGGAACCTGTCCTGCTGGTTCAAAAAGTACCTCAACAGACAATGTTAAATTTTACAATGCTATTCAAGTATCTGATGCCAATGTTACTGCCTGGTCTGATACTCAGATTGACGTCAAGGTGCCCAGTGGTGCTGAGACAGGTAATGTTGTAATTAGAAGCAATGATTATGATAGTAATGGGGTTAGTTTTACAGTTTCTGAAGCCGAGGAACCTCCACCTGCTGCGCCACCCCCTAGTGGAGGAATCTATATTTACATTGGAGCCCCTATTGTTGCTACTCCAAAGGCCATCTCGCAAGAGACTATTAGATGGTATTTTATTGATACTGCTACAGGTGAAACTGGATTTAAATTATATATTAAACAGAATGGTTATTATAAAGAGATTGTATCTTCCTCAACCCCAGATTTAGAATTTCTGAATGAAACAGGCCTTTTTCCAAATACAAGGTATTCCAAAAGATATGTCAGAGCTTTTAGAGACTCCTGGTATAGTAACCTTTCTGGAGAGTTTTCAGCAGTTTATACTTTAATTGAAGAGCCTACAGTCTTAAAGCTAAAACAGAGAACCGGAAATAGTATTACAGTAGAACTGGTTGATACCTTATCTAATCTTACTTCTGGAAATTCTGGCCTTTTCTTTGAAAATGTTACTTCAGGTAGAAATTCTGGCTGGATTCAAGTTGATTTTTGGACTTCAGACAATTTAAAGCCAGGAACTGCTTATAATTTTAGAGTCAAAGCGAGAAATGGTGATGGGATAGAGACATCGTTCTCTCCTATTTATTCACTTTCTAGTTTAGAAGAAGAGATTATTCCTGTTCCTGAAGAAGAGGTACCGCCAGTGGTTCCACCGCCTCCTCCAGAAGAAGAAATTATTCCTCCTGAGGTCCCGCCAGAAGAAGTGGTTCTTCCGCCTTCTCCTCTGCAGCGAGTGCGGGAAATCACAGAAGATACTTTAGATTTAATAAAAGATGTAATTTTAAAAACCATAGAGACTGTACAAGATATTGAGTCCTTCATAAAAGAGACTTTTACTCAAACAACACAAGACATATCTGATAC
