gap_id	start	end	length	sequence
CP179887.1_gap1	31472	36122	4650	AAGATTGTGCCTTCTTCTTCGTTGTTGCCAAAGGATTCTTCGGTTTTATTTACCACTGCTGGAATGCAGCAGTTTACCTCATATTTACAGGGAGAAAAAGACCCTTTAAAGGATTTTGGAACCAGACATCTAGCTTCCTGCCAAAAATGTTTCAGGACAGATGATATTGATGAGGTAGGGGATGACCATCATCATACCTTTTTTGAAATGCTGGGAAATTGGTCAGTTGGTCAGGATCCTGAAAAAGGTTATTTTAGAGAAGGAGCTATTGAATATGCCCTGGAGTTTTTTGTGGATATTCTGGAGCTGGATAAAAATAGGCTTTGGGCAACTATTTTTAAGGGAGAAAAAGGTATACTTAAAGACAAAGACTCTCAGAGGATTTGGCAGGAAAATGGAATTCCAAAAGAAAGAATAAGGGAATTCGGGATAAAGGATAATTTTTGGGGTCCGGTTGGAAACACAGGTCCCTGCGGTCCTTGTTCAGAAATATTTTATGACAGAGGAGAGACATTTGGTTGCAAGGCTCCTGACTGCGGACCCAACTGTAATGATTGCAGCCGTTTTATAGAGTTGTGGAATCTGGTCTTTATGGAATATGTTAAAAAAGAAAATGGGGAATATCAACTTCTTTCCCAAAAAAATGTAGACACAGGAGCAGGTCTTGAAAGATTGGCATCTGTCTTACAAAACAAACCCTCAGCTTATGAGACAGATCTTTTTTTTCCAATCCTCCAGGAATTGGAAAGACTTTCTTTAAGAAATTATGATAAAGAGAAAAGGATTTTCAGGATTTTAGCTGATCATATCAGGGGGGCAGTTTTTTTAGCCTCTGAAGGAGTTTTTCCCTCTAATGTGGAACAAGGATATATCTTGAGACGGCTTTTGAGAAGAATAATAAGGTTTGGAAAGTTGCTCAATTTACCTCCAGATTTTTTAATCTCTTTAGCCAAAAAAGTGGTGGAAATTTACAGAGATATTTATCCTGAAGTAAAATCCAAAGAAACAGATGTTTTAACTATTATCCAGAGAGAACAGGAAAAGTTTGAGAAAACCCTGGAAAAAGGTTTAAAACAGTTTGAGAAGGTTTTAATAAAAGGAGAAATCTCAGGTATTGATGCTTTTCATCTTTATGACACCTATGGATTTCCTTTGGAATTGACAGAGGAATTGGCAAAGGAAAAAGGAGTAAAGGTTGATAAACAAGGATTTAAACAAGCATTTAAAAAACACCAGGAGGTTTCAAGGGCCGGGGCTGAAAAGAAATTTGGTGGAATCGGAAAGGATGCTACGTTAGCTGTCACCAGGCTTCATACAGCTACCCATTTACTCCACCAATCTTTAAGAGAGGTTTTAGGTTCTAATGTTAAACAAATGGGTTCTGATGCCACTCCTAAACGTTTGAGATTTGATTTTTCCCATTTACAGAAACTGACAGCTGAAGAACTGGAGAAGATTGAGGGCCTGGTAAATAAAAAGATAGAAGAAGATTTAGAGGTTAAAAAACAAGAGATGGGTTATCAAGAAGCAATAAAATCAGGAGCTTTGGCTTTTTTTAAAGACAAATATCCTGATAAGGTTACTATTTATTCTATTGTGGATGCTTCAGGAAAGGTTTTCTCAAAAGAGATTTGTGCAGGTCCCCATGTCAGTCGTACCAGTGAATTAGGTCATTTTAAGATTATTAAAGAAGAGTCAGTTGGGGCAGGAGTAAGAAGAATCCGGGCAGTGGTTAAATAGATTCTTTTTTATTATGAATCCTTTGTTTTAAAATAAAGGATTTTTTGATATAATTCAGGTATGAGAAAGAAAATATTGGATATTTTACCCAAGGAGCCTTCTGTCCCTTCTTGTGAAATAAAAGAGCCACTGGTAAGGGATAAAGAGCTTCCTACAAAAAGCAATAAAAAAGGGTTATGGTTTTTAATCCTTTTATTGCTCATATTGACTGTCATGTTTGGCTTTAAGATATCAAGAGCTGAGATTAAGATCTGGCCAGATACTGAAACCACTGTTTTGGAAACAGAATTATCCATAGACACGTCAATTCAATATCTCGACTTTAAAAATAAGGTTATTCCAGGACAGGTTTTTGAGGTTGAAGAAAGCATTTCTAGAATCTTTTCCTCTTCTGGCAAGACCTTAAAAAAGGCAGAAGGTGTTATCAGGCTTTATAATGCTTATACCACAAAGTCTGAAATATGGTTGAAAGGAACCAGGTTTGTGTCGGCTGAAGGAAAGTTATTTAAGTCAAAAGACAGGATATATGTGCCAGGAGCTGAGATTAAAGACGGAAAGATTATTCCCAGATATATTGATGTTCCGGTGATAGCTGCTGAATTTGGTGAAGATTATAACATTGGTCCTTCTCATTTTTCCATCTTTGTTTACAGGGGCACGCCAAGATACACCAAGTTTTACGGGGAGTCTCTTGAATCCATGAAAGGAGGAGGAGAATCACCTCAGGTTACGGCAGAGGATTTAACAGAAGCTGAGGAAATTTTAACAGAGGAGGCAAAGGCAAAATCTGTCAGGAGTTTGAGAGAAAAGGTGGGAGATGAATTTATTTTTTTAACTGATATTTCTAAAACAGAAATCACAGAGAAAATATCTTTGGCAAAGGCTGGTGATGAAATGAGCGGATTTACTTTTAAGGTAGAGACAAAAGCCATTGCCCTTATTTTCAAGAAACAGGAGATTGAAAGATTTACCAGAGACTTTATTGTTTCTAGACTCCCTGAACAGAAATTGCTTTATACAGAAAGTTTAAAAATAGATTATACTCCTCAGCTTGTTGATTGGGAATCTGGAAAGGTTAACCTTTCTTTGAAGCTTTCTTGTAAAATCTATCCTAAAACCGATTTGCAGGCTCTGAAAAGGGGTTTGATGGGAAAAACTTTGTCTGAAACAAAGATTTTTCTGGAAAATCAACCAGAATTTATCAGTACAGAGATTAAGTTTTGGCCTTTTTGGGTAAAAAGCATTCCTAAAGATTTGGATAAGATTGAAATTAAGTATCCTATTATTGATGTTTTAAGAGAGATTTAGCATTATTCCTTAAGCTGTTAAAGGATTGACTAAATCCTAAATCTTTGATACATTAACTCATTATTAGTGAAAAAAGATAAAATTAGAAAATCAGGAGTAGTTTTAGAGGCTCTACCAGCTGGTAATTTCCGTATACAATTGGAAGATGGAAAGGAAGCCTTATGTCATCTTGCCGGGAAGTTAAGAATTTATAGAATCAGGATTTTACCCGGAGACAAGGTAACGGTAGAAATGAGTCCCTATGATGATAAAAGGGGAAGAATAGTTTATCGTAACCGCTAATAACATTACCATTGAAATGTTAAGCCTAGTATCTAGGTTGTTCGTTGTAGTTTTTTGATTCCTAGATATCAGGCTGCTTAATATGAAAGTAAGGTCATCTGTTAAAAAAATTTGTAGACACTGTAAAATTGTTCGGAGAAAAGGACGGGTTTATGTTGTTTGCAAAAAGAATCCAAAACACAAACAAAGACAAGGATAAGTCAGGAGCTACTATTTAGTTTTGGGGTTATAATAACACCCCAATTTCTAAATCATAGGTTCTAGTAATATGCCAAGGATTGCAGGGGTTAATATACCCGAAGAAAAAAAAATAAAGATAGCTTTGACCTATATTTATGGAATAGGTCTTTCTTTGAGTAGTAAAATCCTTCTTGAGACTGGAATAAATCCTTCAACTAAAGCAAAGGATATTAAACCTGATGAGATAAACCGTTTAAAAGAGATAATTGAAAAGAATTATAAAGTAGAAGGGGAGGCAAAGAGAAAAGTAATGATGGCTATTAAAAGACTGAAGGATATCGGGACCTGGAGAGGACTTCGTCATATTAAAAGATTACCGGTAAGGGGTCAAAGAACCAAGACAAATACCAGGACAGTAAGGGGGAACGTAAGGAAAACAGTGGGGTCTGGAAGAAAGCCAGCTCCTACTTCTAAATAATATTTTATTTAAGGTTTTAAAAAAATGGGTAAAAAACGTGTTATTACCAAAACCAAAGAAGAGTTGCTAAAGGAAAGAGAAAGGGTAGAGGCAGCAGTAAAAAAAGAAATTAAATTGAGAGCTCCTCAGAAAGTAAAAGAGGGGAGGATTTATATTTATTCTTCATACAACAATACTATTCTAACCTTAACCGATAATCAGGGAAATGTTTTATACTGGACTTCAGCTGGCAGGATTGGTTTCAAAGGTACCAAGAAAGGCACTCCCTTTGCTGCTTCCAGGGTGGCTGAAGCCATGGCTCAGGCAGCTTATAAGCTAAAGGTTAAGAAGATTAAGGTTTTTATTAAAGGAATAGGTTCTGGCAGGAATTCAGCCATAAAGAGCTTGGCAGCCCGGGATCTGGATATAGTGTCTGTTAAAGATGTAACGCCTATTCCTCACAATGGTTGCAGACCTAAAAAGCCCAGAAGGGTATAAAACACAATGAAAGGATCAAAATGTAAAATTTGTCGGAGAGTAGGGGAAAAGCTTTTTTTAAAAGGTGAACGTTGTGTTTCACCCAAATGTGCCATGGTCAAGAGGCCCTATCCCCCTGGTCAAAGGGCAAAAAAGAGAAGGAAAGGTCGTCCTTCTGAATATGCAAAGGAGTTAAGGGAAAAACA
CP179887.1_gap2	39162	43006	3844	TACTGTTATTATACACAATAAATTTCAATTTGTCAAACAAATAACATATGTACATATTACTATATTCTCTCGACAACTAATTATAAATTGATTATAATGATTGTATATAAAGACATGCTTAAAGAACTCATAAACCAATTTTATTTAGATCGCCAAAGAGATAGACAAAGAACTCATTTTTATATTACTGATGCTGGAAAGTGTCCCAGGGCAATATTTTATAAATTCAAGAAGGTCCCCAAGGCGGAAATGGAAGCTAGAATCTTGAGATTGTTTGATCACGGTAACCATATTCATCAACTCATTATGAAACCCTTATTGAGTTTGAAACAAATTCATGTGGTTGCTTCTGAAGTGAATATTCCTCCCAAGGAATTAATCGGGGGGAGGGCTGATGCCATCATCAGTGACGGTAAGCAATTGTATGTAGTTGATATTAAAAGCATGAACAGCATGATATTTAAGAATATGGTTATACCCAAAGAGGAAAACGTTGATCAACTCCAACTCTATTTGCATTTTTTTAAAATCTCAAAGGGAATTTTGCTCTATGTGAACAAAGACAACCAGAAGTTAAAAGAGTTTTTATTTGATTATGATGCTGCTCGAGTCCAGAGGCTTTTAAAGGGCTTAACTGAACTTAAAAGGAAAATTGATTCAAACATTATTCCTGCCAGACTTGCTGATTGGTCGGAAAACTGGCAATGTCGTTATTGTCAGTATGCCCAGGTTTGTCAGATGACGGGAGAAGGAAATGTTAATTGGGAGGAATTCAAAAAAAGAATCCAGATGCAAAATAAAGCTGTTTAAACTTGTTATATTATTTTTATTTAATGAGGATTTAGGGGTTTGAGTCTTATGTGGGGAGTTGTGAACTCGAGATATTATCTCGGGTTTTTTAGTTGACAAACTCTTTAAATAATATAGTAAGATAATATGACGCTCTTTAAAGATTTTCAAGATATTGACGAAAAAGAAGAAAAGGAGAAGGAAGAAGAAAAAGAAGAAATAAAAAAAGGAGTTAAGAAAATAAAGAAAGCATTGGAAACTCCTTCTGATTGAACTTTTCTTTTTCTATTTCTCAGTGGTTTTAATTATAATTTTAACCACTTTTTTATTTCATAGCCTCTAAGACCAATGTTTTTATATGGTCGCACAGACTTCAAACTTGAAACAGGAACATTTTGGATTATTTCTAACATCGTCCGTTCCCTTGGAATATTTTAGCCCGAAAGTTTTTCTCAGGGCTTTATTTTGTGGATAATTAATGCTTGACACGATATAGTTACGGGTATATACTCATAACATAGAAGTCAGAATGTAAGTTTTTTTTTCAAAAATATTATAGTAAATAAAAATAACAAATTCAGGTATAATAGTATAATAAATAATGTTATCAAAAAATAGTTATGAAAATCTGTATTGTTTCTTTCGGTAAAACCCTAAGTTCTTCAATTAGCCCTCGATTTGGTAGGGCACCATATTTTTTAATTTTAGATAAACAAGGAAATTTAAAAGATGTTTTATCTAACCAGGGAGTGGAAACTATGAGGGGAGCGGGTATTGCAGCTGCCCAACAGATTGTTTCTAAAGGAATTGAAGTTTTAATAACAGGCAACATTGGCCCCAATGCATTTGGTGTTTTGGGAACAGCAGGAATTAGAGTTTTTTCAGCACCCTTTGATCTTACGGTAAAGGAGGTTTTTTTAATGTGGAAAAGAGACAAATTAACCCAGGTTAAGCTTCCTTCAGGTCCAGGACGCTTTGGACAGAGAGGATTTGGAAAGGGTTTTGGACCAGATCCTAAAAGACGTAGATACAGAAATAGAGGAAGATAATTTAAAATATGCAAAAAAAAGAGATTTTAAAAATAGGGGAAGTTACAGCAAAAAAAGTCAGCATAATTGTTTTTTTATTAGCTTTTCTAAAAGCCCTGATTGGATATATTTCTGGAAGCATCGCTCTTTTATCTGATGCTTTTCATAGTATTGGAGATGCCTTTGCTGTTCTTTTTGTGTGGGTTGGTTTTAAAATATCTCAAAGGGAGCCCACTGAAAAATTTCCTTACGGCTTTTATAAAGTAGAAAATATTGTTTCTTTGATTGTTTCTATTTTAATTATTTTTGCTGGCTATGAGATTGCTCAAGAAAGTTATAAAAGAATATTCATCTCTTATGACTTAAAGATTCCTTTATTGGCTATAGCTGTGGCGGTTTTAGACGCAATAATCATTTTTCTACTGGGTAGTTATGAAGTGAAGGTTGGGGAAAAAATAAACTCCCAGAGTTTGATTATTGACGGAAAAGAATCGAGATTACATATTATTTCTTCTTTATTGGTGGCAGTTGGAATTATTTCTTCTTTTTTTGGAATTTTGGGAGTAGAAGGAATTGTGGGTCTTTTACTCTCTTTACTTATTTTTAAGGTTGGTATCGAGTCAGTTAAAGATTCAGTTTATGCTCTAATGGATGTTAGTCCGAGCAAAGAAATAGAGCAGGCAGTTAAAGATGTTTTAAACTCTATGCCGGACATTAAGGATTTTTCAGGTTTAAGATTGAGGAAATCAGGTCCTTTTATTTTTGGAGAGACAAATATTAAGATTAAAAAATTTGTAGAAGTGGAGAGAGCTCACGGAATTGCAGATAAAGCAGAGAAAAAAGTGAAAGACATTGTTCCTCAAATAGACTCTTTTATTGTTCATGTAGAACCTTTTAGTCCGCTCGAGAAAAAAATCATCATCCCGGTAAAAGAAAAACATGGTCTCAATTCTCAAATTGATAAACGTTTTGCCAGGGCAGAATTCTTTGCTGTTTTAAAATTAAAAAAAGATAAGATTGAATCCTTTGATTTTAAAGAAAATCCCTTTAAGGAAAAAGAAATAAGGGCAGGTTTGGTTGTGGCTAAATATTTATTGGAGGAAAAACCAGATATCTTAATTACAATGGAAATCGGTCCCATATCTTTTCACTCTTTAAGGGATAATTTAATAGAGGTTTATCAGGCAGAACAAGGAACAATAAGACAAATAATAAAAGATTTTTCAGAGAACCAATTGATTAAGTTGGAAAAGCCGACAAAAGAAAAAGAGTAATTAAAAATATTAATATGCAAATTGCTTTTCCTACAAACGGAGAAAAATTAGAAGCAGAAATAAGTTTTCATTTTGGTCGTGTTCAAAATTATTTAATTTATAATACCCAAACAAAGGAATTTAAGATTTATTCAAACCCTGAGGTTACAGGTAAACAAGAGCCGCCGCCAGATTTTTTAAATCGCTTAGGAGTAAATGTTGTTATAGTATTTAGTTTGGGTCCAAAAGCTTTTGATAAATTCAGGAAATATGGAATTGAACTATATAAAGCTATTAATAAAAATATTAAAGAAAACATTAAAGAATTCCAAAAAGGCAATCTCTCACCTTTGGAAGAAAAAAGTCCTTTTTATTAAAATATGAATGAAATGAAAAAAATCGCCATAACAGGAGGAAAGGGGGGTACTGGAAAATCAACATTTTCTGTTTTAATGGTAAATAGACTAATAAAAGAAAGAAAAAGAGTTGTTCTTTGTGATTGTGATGTAGAATGCCCTAATGATTATTTGTTGCTGGGACAAAAGTTAAAAAAAGCCAGAAAAAACATCTATGCTGAATATCCCAGATTAATTAAACAAAAATGCAAAAAATGTGGATTGTGTGTTAAAAAGTGCAGGAGTAACGCTGTGTTTCAGCCACCAAAGAAATTTCCAATATTTATTAAAGAATTGTGTTCTTCTTGCGGAGCATGCTGGATAGTTTGTCCTCATAATGCTATAAAACAAAAAAGAGAAAAAGTAGGCCAAGTTTTTA
CP179887.1_gap3	44947	49374	4427	GTCTATATTTGCAATTTACTTAAATGCCGGCCTGTAACTTCTGATTTTAAGAATAGAGCTCCAAATTTAAATGAGATTGAAGCTTGTTCTCCATATTTAGATAGACAGATAAAAATCATAAAACCCAAAGTAATTTGCACCCTGGGGAATCATTCTACAAAATATATTTTTGAAAAATACGGACTAAAAGAGCAAATTCAGGGAATAAGCAAAATCCACGGAAAAGTTTTTGAGGTTAAAAGTCTCTTTCAGACTATTAAAATTATTCCTCTTTATCATCCGGCTGTAGCTACCTATAACATCAACATGAAAGGAATTTTAAAAAAAGATTTTTATTTTCTTCAAACAATATGCCAAAAGATTTAATTTTAAAAGTAAAAAATTTAAATGTGGAGTTGGGAAGAGAACAGGTACTTGAAGGTTTGGATTTTGATTTGAGAGAAAAAGAAATTTTAGTCATTTTAGGACCAAATGGAGCTGGCAAGAGTATTTTGTTGCGGACTTTGTTAGGATTACTTCCCTTTAAGGGTGAAATCAGTTGGAGAAAAAATACACATATTGGTTATGTTCCGGAAGAATTTACTGTTTCCAAAAACCTGCCTTTGAGCGTAAAAGAATTCTTTGAATTTAAACAAGTAGGTCCTTCAGAGATTTTTCAATCTTTCAAATGGGTAGGAATAGAGGCTTCATTAAAGTTTTTAGAGAAAAGATTAGGCACACTTTCTTCAGGTCAGTTGCGTCGGACACTTATTGCCTGGGTTTTGGCTGATACGCCTGATGTTATTCTTTTGGATGAGCCGATGGTTGGAATTGATATCCATGGTCGAGAAACGATTTACGATTCTTTAGTGAGGCTTTGGCAGGAGAAAAATCAGGCAATTATTTTGGTTAGCCATGAGATAGGCGAGGTTTGCAAAAAAGCGGATAAGATATTGGCTCTAAATAAAAGAAAACTATTTTATGGTTTACCACAAAACGTTATTACCCCTCAAAATTTAGCCAAAATTTATGGAGCTTCAATTTATCTATAGTTTAATAGTGAGTATTTTCATTGGCGGGGTGGCAGGTTTCTTGGGCTCTTTGATGATTACCAAACGAATGGCTTTAGTTGGCGATGCTTTAGGGCATGTTGCTTTGCCTGGCGTAGCCTTAGCCCTTATTTATGGATTTAATGTTTCCTGGGGAGCTTTAGTTTGTTTATTTTTTGGAATTTTACTGATTTGGCTCTTTGAAATTCACACCAAGCTGCCAATGGAAGCCTTAACTGGAATTGTTTTTACTGCTTCAGTAGCCATTGCCTTTTTGTTTTTACCTGAAACAAAAGTTTCAACTGCGCTAATCGGCGATATTTCTCAAATAGGGCTTTGGGATACTTTAGTTTCAGTAATATTTTGCATTGTTACCTTTTTGGTTTTAAAAAAGATTTTTTCAAAAATGATTTTATCTAATCTCTCAGAGAATTTAGCTAAGGTAGAAGGAGTAGATGTTGAAAAATATAATCTTATTTATCTGGTTTGTGTTGCAATTGTCGTTGCTTTAGGAATTAAGGTAACAGGTTCTCTTTTAATGGGTGCTTTAGTAATTACTCCAGCTGCAGCCGCTCGCAATATTGCTCGTAATTTATCTCAATATTCCTACGGAGCACTCTTGATAGGTAGTTTTTCTTGTTCTCTAGGCGTTTTAATCTTCAAGGTCTTTGGTTTACCTGCAGGTCCATTAATTATTTTAGTTGCTTTCCTAATATTTCTAATTTCATTAGTATTTAAACAAAAATGAAGCTCGTAATTGCAAGTGGAAAAGGGGGAGTAGGAAAATCAATGTTAGCTTCAAGTCTGGCAATACTTTTTGCTAAATCCAAAAAAATAGCAGCTGTAGATTGTGATGTTGATGCTCCCAATTTAGCTATTTGGTTAAATGAAATTAAAAATTCAGGGAAGAAAACCCCAATAGTTACTTCAGCTAAACCAGTAATTGATTATAAAAAATGTAATGGTTGTGGTTTATGTGTTGAGAAATGTCGTTTTGGAGCAATAAAAATGATAAATGGAAAACCCCGTACCAGAACAAGTTCGGTACGGGGCAGGCCTCAACTAAATCCATTTTTATGTGAGGGGTGCGGTGTTTGTGAAATTGTCTGTCCTCAAGGGGCCATTAAATTAAAACCTGTTCAAAACGGGGAGATTATAATAAAGAATACAAAATACGGTTTTCCTTTAATCATTGGAAATCTTTTACCTGGAGAAACAGGTTCGGGAAAAATAATAACAGAACTTAAAAAACAGGCAGACAAATCTGGCTGTAAGCTTCAAATCTTAGATTCTTCTCCAGGAACAGGTTGTCCGGTTATAGCTGCCTTACAGGATTCAAATTTTGCTATTTTGATTACAGAGCCTACTCCTTCAGCTTTTTCTGATTTAAAAAGGATTTTGAAAGTGATAAATCATTTCAATCTTCCTTACGAGATAGTAATTAATAAGTGGGATATTAATTCTGAAATGGCTGATAAAATTGAAAAATGGGCCCTTGGGCATGGCTCAGGACAGACAGGTAAAAGAATTTTAGGTAAAATTTCTTACGATAAAAAGATATTTAAAGCAGTTTCTAACTTAAAGCCAATTGTAGAAACTAAACTTAAAGCCAAAACCGAAATTAAAAGAATTTTTAAAAAATTAGAGACTATTCTATGGCAAGACCAATAAAACCAAGAAAAATTTTATTTAATCCAAATGTCACTTATTTTAAACCAAGAGCTATACCTCTTTCTGTGTTAGAAGAAGTGGATTTAAAAGTAGATGAGTTGGAAGCAATTAGACTTTGTGATTTAAGAGGATTAAGTCAAACCGAGGCTGCAAAGAGAATGAGAATTTCTCAAAGTACTTTAGGTCGAATTTTATCCTCGGCTCGCAGAAAAGTAGCTGAAGCTCTTGTTAAAGGAAAAGCAATTACAATAAGGAAGAAATAGCAAGTATCAAGGTTGCCATATCCGAAATATTGGATAGTGAACAATCTATCAAAAAAGAGATTTAACCTGTTTTAACAGGATTTTTATTTAAAGAAACTTAGGGAATTAAGTTCTTGGAAGCCCATAGATTTTCTCCCTCCAGCACATACAGCTTTTTATCAACAGGATTCCAGAATATTTCAGAATTTTCAAATTCAGCTAAATCAATAATGTTTATTCTGTCTCGGTTGTCAATCTCAGCAATCTTTATTTTGTTTTCAGTGTTGAATATTAAATATCTTGACATTAACCAGAAGACATCCTTGATTTTTTCTGAGAGTCTGACCAAAAAGATGCTCTCTCCCATTTTTCTTGTTGGCCGGGTTGTTTTTTCTTTGAGAAACAGAACCCGGATTTCAGAATCTGAACAATAGACTAATTTCTTGCTGTCAGATGAAATCTTCAAGGAATTGATTCCTTCAAAAAACCTTTCAAATATTTTTGTTTCTTGATTCAATAAATAGAGGATTTCTCCTCCTTCTTCTAAAAAGATAAAGTCAGGAAAAACATATAATTCATATCCTGTTTCTTTTTTTAGTGGAAAGGATGCTGTTGTAACCTTTTCTTTTAGAGAAAAAGAAGCATCTGTTTTATAAAGATAACCCAGGTTATCCAGATAATAGATGTCATTATTAAATTCTTCATAGGTTATGATATTTTCAGGGAGGAGTGAGGATTCTTTGGTTTCTTTTAAAACAGGAGGAATCTTGTCGATTTCCAGGGCAAAGCTCTTTAATTGTTCTGCTGTAATTACCTTAAAATATATTTCCTTTCCATCCTTGGAAAACTCCAAATCAAAAAATTCAGCTCCTTTTTTCGAAACATCGCTTTCTTTCAAGAGGTGACTTTTTAGGTTTTTATTCAAATCATAGAGTTTCAGGGTCCAAAGATTTCCTTCTTTTTCTTCCCACACCATTCTTTTTCCGTCAGGAGAAAACCAGAGATTCTTTATTCCATTGGATAATAAACTGAAATCAGCATCTTTTGGAAAAAGGATAATTTCTTTTGCTTCCACCACCTCTTTCTCTTTTACTTCTAAATTCTTTTCCCACTCAAAGTATCCCTCTTTCTTTACCTTGATATTGTATTTTTTGGGCAATAGCTCCTCAATAAGGATTGAGCCAAAGAAGAAATCTGTTTTTCTGGAGAACCCTCCATCTATATATATCTCTGCTTGCCTGGGTACAGCTTTTAAGAAGATACCGCCTGTCTGGGTTAGTTTCTTGTTTTCAAAATCAAATCTATATCCCTGAAAGTAAAGCACCACCAGAGGGGCTGACAAAAGGAATATGAAGACAAAGATGAAAAATATGATTCTGCGGGTTTTTTTCTCCATTCTTAATATTATATTTATTTAATAGCTTGTCTGCAAGTTTTTGGGGTTTAACCTCATACAAAGATTTGCAAACTTTAAGACTTTAAATTA
CP179887.1_gap4	83299	87059	3760	CACAAGGAGAAGAGTTAAGGCTGTTAAAGCCAAAAGGTATTTGGTTGTTTTTCGCATAGTATTATTATGTTATTTTTTCTTATCAATTTCTATTTTCGCCTTTTTGATAAAACCTGTCAACTTTATTTTCCCCAAGTCTTTTCCTTTATATCTTGGTCTTACTGATTTTGTTTTCATTTCTTTGTCGCCCACTACCAAAAGGTAAGGTATTTTTTTGAGTTCTCCGTTTCTGATTTTCTTGGATACGGTTTCATTCTCATCTTTAAGTTTACATCGGAAGCTATCTGATAGAAGTTTTTTTGCAACCTCTTTTGAGTATTTTCTATGTTGGGAGCCTACTGGTATTACCCATATCTGTTCAGGAGCCAACCACAAAGGCAAATTACCTGCCCAATTTTCCAATAAGACCCCGATAAATCTTTCAAAAGATCCAAGCAGAGCCCGATGGATCATATAGGGTCTTTTTTTCTTTCCTTTTTTATTAATATATGACATGTCAAATCTTTCAGGCAGATTGAAATCAACCTGGATTGTTGTACACTGCCATTCTCTTCCCAAAGAGTCCTTTATCTTAATATCTATCTTGGGTCCATAAAATGATCCTCCTCCTTTGTCAAGGTAGTGTTTTAACCCCTCTTTTTTTAATACGTATTTTAAAGCATTCGTTGCTTTTTCCCAGCCCTTTTTTGTTCCGACATATTTTATAGGACGGGTGGAAAGATAAATATCAAACTCTTTAAAACCAAAAGCCCTTAAGATTTTTAGACTGTGTTTCAAGAGTTTTATAACCTCTTCAGCTAACTGATCTTGGGTGCACCAGACATGGGCGTCATCCTGGGTAAAACCCCTTACCCTTGTCAAACCATGCAAGACTCCAGATTTCTCATAACGGTAAACCGTACCAAATTCTGCGTATTTAATGGGTAGTTCTTTATAGCTTCTGATTTCAGATTGATAGATTTTTATATGAAAAGGACAATTCATGGGTTTTAATATGTATTGTTCTTTCTCAACCTTCATTGGGGAGTACATATTTTCTCTATAAAAGTCCCAGTGACCAGATTTTTTCCAGAGCTCTAATTTTCCGATATGGGGCGAGACCAGCCATTGATATCCTTGAGAGGTTAATTCTTTGTACATATAGTCTTGAATAATCTTTATCAAGATAGCTCCATTGGGATACCATATATGGAGTCCAGCCCCAACCTCCTCGTCAGAGTAAAACAGCTTTAATTTCTGACCCAAAATCCGGTGGTCTCTTTTTTCAGCTTCCTTTAATTTGAAAACATGATTGTCTAATTCTTTCTTTGTTTTGAAAGCGATTCCGTAAATCCGGGTCAGCATGGGATTCTTTTCATTTCCTTTCCAGTAAGCCCCTGCAATCTTTGTTATCTTGAAAGCATTGGGATTGATTTCTTTTGTTGATTTAACATGGGGACCCTGGCATAAATCTATGAAATTACCACTTTCATAAAAGGTTAACTTACCTTTTGCTAATTTTTTCATCAACTCTCGTTTATATGGTTGTTTCTTGAAGATTTTATTGATTTCTTGTTTTGACAATCTTCTCTTCTTAAAGGAGATATTTTTTTTAATGAGTTCTTTCATCTTTTTTTCAATCTTTGGTAAATCATCTGGGGTTAAAGCTTCTCTGGGGAAACCAAAATCATAATAAAATCCATTTTCAATTGCAGGTCCTATGCCAAATCTCACCCCAGGGAATAATTCCTGGACAGCATGAGCCATTACATGGGAGAGTGAATGACGGATTGTTTCAATTTTAGCCATGATTTTATTAGTTTATTTTACTATAAAAATTGACCTTTTAAAAATAAAAACCTCTTTTTTTCAAGAGTCTAGCTTAAAGAATTGTTTAAAATTCCCAAACCAGACCTTTAAGAGGTTGTAGTGGTAGTTGTAATTCTATTGCTTAGATTCTTTGACATCCTGATTTTAATTTTAGAGGGAATAAAAATCTTGTCAAGCATCAGGCTTCCATAATCTCTTCAATGTTTTCACAGATGAGCTTTGGGGTTTCGCTTCGTCTATCAACCCTTCCTGAAACCAGAACGATTTTATTTTCCTTGAAAGCAGTAGGATTCTTTTCAATTATTGTTGGAAATACCACAACCTCAATTCTATCGGATAAATCCTCCAAAGTCATAAAAAACATGAGTCTTCCGGTTTTGGTAATAATCTTTTTTATCCTTGAAATAATTCCTCCAATCCTAACGTGACGGTTTGTTAAAGCAGGGACCAGGCTGGAAATTTTAGTTGCCTTTTTTTCTAAGATATCCTGGAAATCTTCCAAAGGATGGGAACTGACAAAAAGTCCTAACAGTTCTTTTTCCCAGGCCAGTTTTTGTCTTTTGGTAGCAGCCTCAATAGGTTGAAGATGAAGCTTATTGTTAAACTTCATTCCCTCAAAAAGCCCTTTTTGACCTGTGGTTAATATTTTTTGATTTTCCCGGCTGCAATCTAGAATCTTTTCTATGTTGAATAAAAGCAGGTTTCTTTCAACCAGTTTGTCAAAGGCACCGGCTTTAATAAGGCTTTGCAGGGATTTTTTGTTTAAATCAGTTGAACTTATCCTTAAGATAAAGTCATCTATTGACTGGAAGAGACCTTTATTTTTTCTCTCCTGGACTATGGATTCCACAATATTTGAACCAACATTTTTAATGGCCAATAATCCGAAACGAATTTGTTTTTTATTAGGAATAACCGTGAAGTTTCTCCAGCTCTGGTTTATATCAGGAGCCAGGATTTCAATGTCCATTCTTTTGCATTCCTGCATTAAAAATCCAATCCTTTCCACATCAGCCTTGCTTGAGGTTAAAAGAGCAGCCATAAATTCTACTGGAAAATGGGCTTTAAGATAAGCTGTTTGATAAGCAATAGTGGAATAGGCGCAGGAGTGGCTTCTGTTAAATCCGTAGCTGGCAAAGGGTAAAATCCATTGCCATATCTTCTGGGCAATCCTTTGTTCTATTCCGTTTTTCATCATTCCCTGGATTAGTTTTTCTTTTTGAGCCATAAGCAGGGATTTAATCTTTTTTCCAACAGCCTTTCTCAAGATGTCTGCTTCAGAAAGAGTGAAGCCTGCCAATTTTTGGGCAATGAGCATTAGGTCTTCCTGGTATATGAGAAGGCCATAGGTTTTTCCCAGGATCTCTTTTAAGCTAGGATGTAAATATTCCACCTGTTTTTTTCCTTTTTTTCTGGCAATATATTCAGGAATAAGAGACATGGGACCTGGTCTATAAAGAGCAACCATGGTTATGATGTCTTCAAATTCAGTTGGTTTTAATTGTTTTAAGTATCGTTGAAAACCAGCTGATTCTAATTGAAAAACTCCGACTGTTTTTCCTTTTTGCAATAATTGATAGGTTTTTTTGTCGTTGAGAGGGATATTCTCAATGTCAATCTTCTTTTTCTTTCTAACAACATAGATTCTTGTTAAGGTATCTTCAATAATGGTTAGATTCTTCAGTCCCAGGAAATCCATTTTCAGGAAACCCAGATCCTCTATTGAATGCATTTCATATTGGGTAACAATAGTTGAATCATTCTGAGTGGGATGCTGTAAGGGAATGTCATTATCTAAGGATTCTTTTGAAATTACCACTCCGCAGGCATGGGTTGAGGCATGTCTGGCTACACCCTCCATTTTTTTTGCAAAATCAATAAGTTTTGTTGCTTTAGGATCTGTTTCATAAAGTTGTCTGAATTCAGGAATCTTTGCCAGGGTTTCATCCAG
CP179887.1_gap5	91543	95265	3722	CTCCTATTACTATTCCTGCTGCTACTCCCACTACTAATGTTGATAAGCCAACGCCAAGTAGTATTTTTTTAATTTCCATGAGTTTGTTTCTTTTAATCTTTCTTCGACCTTTGTGGTTTCCCCCTATCGCTTCGAGCCAATCCTCGCTTCGATAGTTTGTTGGGGATTCCTATCTTTTATTTTCACTTTTCCTTGAAATCAAGTCAAGGGGGTTTCTTTTTTCCCCGTGTTCGATTCTGTTGTCTCTATTCTGAATGCGTAGCCATCTTGGATGAAAATTGTAATCCTGCCAAATTTCAATTTTCGGGCATCTTGGTATGCCTTCTTAATGATTCGCCTTGCTCTTTTTTCTCTGTTTTCTTTTTTTATCGGTTTGGTTCATACTTTAGCCGTTTTTTTAATGCGATGTGCCAGTAAATAAGTGCAGTCCAGAAGTGGTCTGCTCCCGAGTTCGCCCATTCTCTTTTTTCCTGCCCGTATTTGTCGGTGACGGTTCTGGCGTAAATGGTCTGGGCATGTTTGATTAATAATTGAAAGGTTGGTGCTTCTTTTGGCATTGCGAAGGTAATGTCCCCTCTCATTAAGGCAGAGATGGTATCGTCGTAGATTCTGTTTCTTGAGGTGAACACTTTCATTAGTTTCAAATTTTAATATAATTAAGAAATGAAATACCCAAATTTTTCTGAAGAAAAAAAGTTATGCAAAAAGGGATTTAAAAGAGTGGTTGGATTAGACGAGGCAGGAAGAGGACCCTTGGCAGGACCTGTGCTGGCTGGAGCAGTTATGGTCAATTCAAAATTCAGAATTAAAAATTCAAAATTAAAAGTAAACGATTCAAAAAAGCTTTCAGAGAAAAAAAGAAGAGAACTGTATAAAATTTTAGTGAATCATTCCCAGATAGAGTGGGGAATAGGCAGGGTTTCAGAAAAAGTCATTGATAGAATCAATATCCTGGAAGCCACCAAATTGGCAATGAAAAGAGCTATTAAGAATCTGGGAAAGAAATTAAAAAAGAAACAACAGAAAAAATCAGATTCAGTTGGTTTTTTAATTTTAGACGGGAGAATAAAGCTTGATTTGGATATTCCTCAGAAATCAATCATTAAAGCTGATAACAAGGTTTTTTCCTGTGCCGCGGCATCCATTATAGCTAAGGTAAGCAGGGACAGGATAATGCAAAGGTGGGATAAAAAATACGTTAGATATGGATTCTTAAAACATAAGGGATATGCTACCAAGCTTCACCTTAAGATGTTAAAGAAATACAAACCCTGTAAGATTCACAGAAAGAGTTTCAAACCAGTGCAGAGATTGCTTCATTAAATTGAGAAGCTTGATTTTTATAAAAAATAATGTAAGAATATAAAATTAACTTTTAATTTAATGGCTGTACCCAAGAAGAGAACGACAAAGTCAAAACGGGATAAAAGAAGGCTCCATATTTTTTTAAAGAAACCTGTTTTAGCCAGATGTCCAAAATGTGGTAAGTTATTATTACCCCATACCCTTTGTTCTTATTGCGGGTATTATAAAGGGAGGGAGATTGTAAACATTCTTGGTAAAATGACCAAAAAAGAAAGGAAGAAAAGAGAAAAAGAAATGAAGGAAAAAGACAAAGAAACCCAAAAGAAGAAACCCTTGGACTGGAAGCAGTTATCTAAAAGATAAATCACATATGGCTTCAAGACACTTATCACGAAGTATCGCTATGCAATCCCTTTATGAATGGGATTTTAGCAATAAAGAACTGGATTTGGACAAAATCGTTGAAAAGAATTTAAAGGAGTTTGGTCCAGGATTAGAGGATCAAGGATTTGTCTGGGAGCTGGTAACAGGAGTGGTTGAACATTTAAAAGAGATTAATGAGATTATTACAAAGGCTGCTCCTCAATGGCCTCTGCAGCAGATTTCCATTGTTGATAGAAATATCCTGAGAATCGGGATTTACGAGTTGTTATACGAAGATAGAAAAGCTGTTCCTCCCAAGGTAGCCATTAATGAGGCAATTGAATTGGCAAAATCCTTTGGAGGTGAAAATTCAGGAAAATTTATAAACGGGGTCCTGGGAACGGTCTTTGAACTTATTTCTTCTTCTGAAAAAGAACAAAAACCCAAGAAATAACAATGAACAACAAGATGAAAGATTTCTCCCTTTTTGAAAAAAAATTAAAGATTAAATTTAAAAACAAGGATCTCTTGACTCAGGCTTTTGTCCACCGTTCTTATTTAAACGAAAATCCAGATTTTCCTTTGTTTCACAATGAAAGACTGGAGTTTTTAGGAGATGCTGTATTGGAGTTGGTTGTGACCGAAGAGCTTTACAAAGAATATCCTAAAAAATCAGAAGGAGAACTAACCAATTGGCGGGCAGCCCTGGTCAATTCAAAGATACTTTCAGAGATTGCCGACGAATTGGGTTTGAATGATTTTTTACTGTTATCCAGGGGGGAGACAAAAGAACTTGGTAAGTCCAGGAAATATATTTTAGCCAATACCTTTGAAGCCATGATTGGAGCCATTTATCTTGACCAGGGATATGGAGTCTGTCGGGATTTAATTAAAAAACATTTAATAAAGGAATTACCTTTAATTATTGAAAAAGGTCTTTATAAAGATGCCAAATCCCTTTTTCAGGAGGAAGCACAGGAAAAGGTGGAAATTACCCCTACTTACAAAGTATTGAAAGAGTGGGGACCTGACCATGCCAAACATTTCATTATCGGGGTTTTTCTGGAAAAAGAATTAATAGCAGAAGGTGAGGGTTCTTCAAAGCAGGAAGCAGAGGATGAGGCAGCTAAAAAAGCTTTAGAAGTTAAAAAATGGTAATATGCTTGTTATTCGTTTGTTTCGTGTCGGTAAAAAAAATCAGCCTTCTTTCAAGATTGTGGTAATTGACAAAAGGAAACCTCCCAGACGAGGCCGCTTTATAGAAGAGGTTGGTTTTTTAAATCCTTTAACTAAAGAAAAGGTGTTGAGAAAGGAAAGGATTGATTACTGGATGTCGGTGGGAGCCAAACCCTCAGATACGGTTCATAATTTATTGGTTGAAGAAAAGATTATTGAAGGAAAGAAAATTGTAAAACATAAGAAAGCAAAAAAGAAAGAGAAAAAAGAGGAAGGGAAGATTCCATCTCAAGAAGAGAAACCCAAAGAACAAAAGAAGGAAGAGAAAAAAGAAATTCAAGTCCCAGAGGAAAAAGTAAAAGAAGTTTCAATCTCAAAGAAACCAGAGGAGGTTTCAGCTCCAGGAGAAAAAAAAGAGAGGCAAAAACAGACTAAAGAAGCATCTAATACAAAGAAAGAAGAAGATAAAAAGGAAAAAACAGAATAATTTTTGGAGAGGAGAAGAATCAGACAGTTCTTTATAAAAAAAGAGAAGGAAATCCTTGGATGATGGAATTTGTCAGCTATAAATTAGTAGATAGATTCCACTATCCAAGGAGCTGATTAAAATTAAAATAAAAATTAAAGTATTTCCAGAACAAGAAATTTTTAAAAAACCTGGAATAGAAGATATGGCAGAGAGAATAAAGGATGTATATATAGATTTGGACGTACATACAGCAGGGATCTTTCAAAAAGCATCACCAGAATTAAAAAGGAGGATAAAAAATGAATTTGAAAATCTTTTCCGCCATTTTGGAAAATTAGGATTTACATCTTTTTTAGTAACGGCTGAAACAGACGATTGGAGTATGGTGAATAAGATGAAAGAAGCTCTA
CP179887.1_gap6	100580	104531	3951	AACTGGAGAAAAAAGAGGAAGTGCTCAAATGGCAATGGTTAAAATTGAAGAAGGTGCTCCTCTAGATGAAACAGCTGATAATATTAGGGAGAATTTACAAAAAACAAGAAAAAGAAGAGCTGGAACTGATGAAGCTGACTTTAGCGTTATTACTTCAGATACCATCGGTGATATTGCAGGTAACATATTAGCTGTTATTCAATTAGCCATCATGGCTTTCGCTAGTATTGCTATTATTGTTGGAGGTATTGGAATAATGAATACAATGTTTACTTCAGTTAGAGAAAGAACTAAAGAAATAGGGGTTATGAAAGCTGTAGGCGCTAAAAATTCAGCAGTATTATCTATTTTCCTAACTGAAGCTGCAGTTATTGGTTTGATTGGTGGAATAGGAGGAACATTTTTAGGTGCTATTTTTGCAAAGTTTATTGAGCTTTATGGGCAGCTTCACCCCATGTTTTATTTTAAAGCCTCTGTAAGTCCTGAATTAGTTATTTTTGGCTTGTTTTTTTCTTTTTTAGTTGGTTGTTTGTCAGGATTTTTTCCAGCTAGAAAAGCAGCTAGCTTGAAACCAGTTGAGGCCCTGAGAAGACTTGAATAAAGTGTTTAATGTATTATAAAATAAAAAAAGGATTAATTTAAATCTTTAAAATTATGACTTATTTAATATTAGGTGCAGGTTTTTTAGGAGGAGTAGTGAGGGGATTAATGGGATTCGTAAAACACCAGTTTTCATATAAAAACGTGCCTTTTAAATTAGGGTATTTTTTAACAATGGTTTTTCTGTCTGGCGTGATCGGGTTTTTATCAGTTTGTGCAGTTAAAAATACTGGTTTTACCTTAGAGGGAGTGTTTAGTCCAGCTTTAAGTTTTATTGTAGGTTATGCAGGAGGTGATTTTATAGAGAATATTTATAAAATCATTATTAAAAAATCATCATTGTATTCTGAAAAATAATTGCTTTTTAGCTTTATTATTTTTCCTCTGTCCACTTTTTTGCCTTTTCCACAGTAGGAAATAATTCTACTTCTATTGATGGTTTGTTTAACTTTAAGAAAAACGAACCAATTATTCTTGCCATTGGATTTTTATAAACTAACGCAACTTTTTTTCTAACATGTTTCGCAATCTCTGGACTTTCATTAACAAATCTTCTTGCTTCCAGACTTACTTTTTCTATCTCTGAAATATCTACAATTATTCCTCGTCTTTGGAGATTCTTCGTTATTTTAATTCCTGCTTCAGTTATTCGTTCTACTTCTTCTTTGTCTATTTTCCCCCACATTCTTATCATCATTATATTGTCTTCAATCCAAGTTTCGCTACTCCTTGTTTTAATTGATTCTTTTTTCATATTTTTATAAATCCGTTTGACTGTTTTCATTTCGACATCTTTAATAACGACAAACAATTAATTTTAAAAAATCTTCCTTTTAAAGAAAGGAAAAGTTCGAGTCCTACTACCGGAGCAAATTAAGTTCAAAAATCGCCAATCAGGCGGTTTTTTGATAAAATGAACTATAATGACAAGAAGAATTGCTATTTTTGCCCCTTCTGGAGTTGGTAAATCAACACTAATTAAGATTGCCTTAAAACAAGGGATAAAGGCTTATGATTTTGAAGATTTCTCTTCTCAAGAAAGAATAAAAAAAGCTCAAGAAATTCTCAAGAAGGATTTTAATGACATTGTATTGTTTAATGCGGGAGATTTACAAACTAAAGATTTCCCGTTTGATGTTGAACTGGTATTGCTTTTACCTCCTAAAGATATTTATTTGAAGCGTTTAAAAAAGCGCGACAAATTAAATCCAGAGAAAAAAGGCCAACAAGGGAATATGAAGTATGAGATATTTTTTTAAAAAAAGAACATTTTTCATAGAATTATTAAAGATACAGGAACAGCGGATGAAATTTTAGATAAGATATTAAAAAGTTTATGAACATAAAAGTTTTTATTGAGAATAAAGCAGGGTCTAATCAAAAAAATATCTATGATGAAAAAACCTTGCAATATAAGAAAACTGTAATAATCTCAAGGAAATATCCATATCCCTATGGTTTCGTTTTGAATACCACAAGTGGGGATGGTGATAATGTAGATTGTTTTGTGTTAACAAACAAAAAACTTAAAACTGGTGAAATCGTTGAGTGTAAACCTATTGCCATGATGGAGCAAATAGAGTCTTATTCTGCAGAGCCAGGAATAGAGGAAGAAGACCACAATGTCTTAGCTGTTTTAGAGGGTGAAAGTTTTGAAATAGACGATATATTAAAGAATAAACTGTCTGAATTTGTTTCACATGCCTTTGACCATTTACCAGATAAAAAAGTTAAAGTAGGAAATTTCTTAGATGAAAAAAAGACTATAGAGTATATAGAAAAATGTAGAGATGCTATTAATCTTTAAATTCAGGTTCGAACATTATCCTATTAAATTAGGTTAATCCTTGAAATAGTCTTTAAATCTCTAAGCTTTTTCTCAATTTCTATCCAATCAATAGTTCTAAATTGGTAAATTTTCCCAAAACCAAGTTCTAATATTGTACCACCCCCGGAGCAGGCTAGTGCTCGGTTCAAGTGACCGAGACGCATCAAATCGCCTTATAGGCGGTTTTTTGGTAAAATCGAAATATGAAAAGAAGAATTGCCATCTTTGGTCCTCCTGGTGTTGGTAAGTCAACCCTAATTAAGCTCGCTATAAAAAGAGGAATAAAGGCCTTTGATTTCGAAGATTTTCCTGAGGAAGAAACATTAAGGCGAGTCAAAGAAATCTTCAAAAAAGTTCCTGATGACATTGTATTGTATGGTGCGGCTGGCTTACAGACTTATGATTTCCCACAGGATGTAGAACTGGTGTTGGTTCTGCCACCTAAAGATATTTATTTAGAGCGTATAAAGGAGCGGGATACAGTAAATCCAGCTAAAGTAGGCCAGAACCATTTGGAATGGTATGATGGCTATACAAGTACTAAGAATCGTTATCATAAAGTTATTAGTGAGACAGGAAGTCCCAATGAAGTTTTAGATAAAATATTAGAAGATTTATGAAAAGTGTTACCCCATCAAAACTTAGAAAAGGAGATGAGATAAGAGTCATAGCTCCTGCTAAAAGTTTCAAGACCTCCTTCACAGAAGAGAGAATGGCAACCGCAATGAAAAGGTTTGAAGAAATGGGTCTGAAAGTTAGTTTTGGAAAACATGTCTACGAACGGAATGAATTTGAATCCACAACTATTGAACATCGACTAGAAGATTTACATGATGCTTTTTCAGACAACAACGTAAAAGGGATTTTAACTGTTCTTGGAGGTACCCATTCCAATCAGCTTTTGAAGTATATAGATTACGACCTCATCAGTAATAATCCTAAAATCTTATGCGGACTATCGGACATCACTTCCTTGGCAAATGCAATACATGCTAAAACAGGACTGGTGACATATTCTGGACCACACTTCACGTTGTTTGGTGTAAATAAAGCAATTGACTATACTGTCGATTATTTTAAGCAATGTTTTTTTACAAACGAATCAATAGACGTACAAGCTTCGGAGCATTTTTGTAATGATAGATGGGACAGTGAAGAAATTCCAAACGATGGAATGTGGCTCATCAATCGTGGTGAAGCTCAAGGAAAAGTTCTCGGCGGTAATATGGTCACTTTCAATCTTCTGCAAGGGAGTGAATACTTTCCTGATATCTCTGATTCAATCATCTTTGTGGAAGACAACGCAAAAGAAAGTATTCGCGCCTTTGAAAATCACTTACAATCACTTATCAACCAACCAAATTTTTCCAAAGTGATAGGGTTAGTAATTGGCAGGTTTCAAGAAGGTACTGGAATGACAAAAAAGTTACTTACACAAATCGTTCAAACAAAAAAAGAATTTAACAATTTACCTGTTATTGCAAATGTGGATTTTGGACATACAATCCCAATGATTACTTTCC
CP179887.1_gap7	106639	110354	3715	TTTTTTTATATTTATCTGGCAACAGATTTATCTGCCTTTAAATTCTTCTGATACTGAAGATAGATTATTTTTAATTGAAAGAGGTCAGAATCTTTTTCAAATTTCTGGAAATCTGGAAAAACAAGTGATAAAGGACAGGTTTTCGTTTAATCTTTATGTGTTTTTAAAAGGCGGTGCAGGAAGGCTTCAGGCAGGGGAATATGTTTTTAATCCTTCAATGAGCATTGCAAGGATTGCTGATAAAATAATTTCTGGTGATGTTGCAAAAGAAACCATATTGATTCCCGAAGGATGGAATTTAAAAGACATTGCCTGGTATCTGGAAAACAAAGGAATGTTTCAGGCAGAAGAACTTTTTGAATTAGTGGGTTTTCGCTTGATTGATTACTCCCACAATAGTGATTTGCCAGAACTCAAGGATTTTAGTTCAGATCATGATTTTTTAACTGATAAACCCAAGAATATAGGATTGGAGGGTTATCTTTTTCCTGACACCTATGAAATAAAAAGGAATAGCAGTTTGGAAGAGATTGTTAGGAAAATACTGGATAATTTTGGCAAGAAATTAAGTGGAGAATTAAGGGAAGAAATAAAAAGACAGGAAAAAACAATCTTTGAAATAATAACAATAGCTTCTTTAATAGAAAAAGAAGTTAAAACACCTGAAGAGAAAAAAATAGTTTCTGGAATCTTATGGAAAAGATTGAAAAACAAAATACCTTTGCAGGTTGACGCTACCATAAACTATATTACTGGTAAAAAAACAACAAAGGTTTTAATACAAGAAACCAAGATTGATTCTCCTTATAACACCTATAAATATGGAGGATTACCTTTGGGTCCCATCTGCAACCCTGGAATTGAAAGCATTATATCAGCCCTCTATCCTGAAAGCAGTGAATATTCTTATTATCTGTCTACTTCTGAAGGAGAAACCCTTTTTAGTAAAACCCTGGAAGAACATAATTTAAAAAAAGCTCAGTATCTTAAATAAAATCATGAATAGAGTTTTGGTATTATTTATCATTGCTGCTATAATAATAACAGGATTTTTAGCTTATAATCACTTAATCAAAAAACAAGTTTATATGCCACAGGATAATAAAAAAGCTGTAATAATTATATCTTTTCGTAATTTTAGAGACGCAGAATATTTCATTCCTAAAGAAATTTTAGAAGAAGCAGGTGTTGAGATAAAGACTGCTTCAAATAAAATAGGATTAGCTATCGGGTCAGATGGAGGAGAGGTAAACATAGATTTGCTGGTTTCTGACATAAATATAGGTGAATTTGATGCAGTGGTATTTATTGGGGGTCCTGGCTGTCTTACCAGTTTGGATAATGAACAATCATATAACATAGCAAGAGAGGCAGTTTCTCAAAACAAACTTCTTGCCTCAATTTGTATTTCCCCTGTTATCTTAGCTAAGGCTGGTGTGTTGGAAGGGAAAAAGGCTACTGTATGGAGTTCTCCTATGGATAAAAGTGCGGTTAAGACCCTGGAAGAAAAAGGTGTCCTTTACCAGACAGAGCCTGTGGTTGTTGATGGAAAGATTATTACTGCTAATGGTCCTGCTGCTGCCAAGGGTTTTGGCCAGGCTATAATTGAAGGGTTGACAAAAAGTTATTAAAAATATATATTGAAATATCCACAGACAGCAGGTTTATCCTCTTAGATAGGAGAGGATATCTAATGAGTAAAGTAAATCCTGCCGAGGATACCAGATATCTCTGGTAGAGTAGGTAATAGGTAAGAGATAAAATCCTTAAGTCTGTGATATGCACAGATTTTTGTTTTTTTAATATCATGGCAAAATCTAAAGAACAAAAGAAAAAAATATTAGAGGAATTAAAAGAAAATATATCTAAACAAAAAACACTGGTTTTTATTGATTTTACGGGTTTGAAAATGGAAGATATGTTTGGCTTAAGAAAGAAATTAAAGAAAGCTGATGCTCAATTAAAGGTTGCTAAAAAAACCTTAATTCAGTTAGCTTTAAAACAAAGCGGTTTAAAAACAGATGTAAAAAAAATAAAGGGAGAATTGGGTTTGGTGTTTGGATATAAAGATGAGATATCTCCTGTAAAGGTGGTTCATGAGTTTTCCAGAGAAAATCCTTGTTTGAAGATTTTAGGAGGATTCTTTGAAAATGAATTCAAAGAAGCTGAAGATTTTATAGCTTTAGCTCAGCTTCCTTCAAAACAAGAGCTTTTAGCAAGATTATCTGGGAGTTTGGCAGCTCCAGTAGTAAATTTTGTTAGGGCTTTACAATACAATTTAAAAGGTCTAGTTTATATATTATCAACAATTAAAGAGTAATAATTAAAATATGGCTGAAGAAACAAAAAAAGAAGAAATAAAAGAGGAAATAAAGAAAGAAGAAAAAAAGGAAGAGGTAAAGAAAGAAGAAATAAAAGAAAAAGCTAAAGAAGAAAAGAAAGAAAAAAAAGAAACTCCTGTTAAGGTTCCTGCAAAATTTAAAAAGCTCATAGAAGAGATTGAAAAAATGAGTGTTTTAGATTTAGCAGAACTGGTCAAAATTTTAGAAAAGAAATTCGGCGTTTCAGCTGCTCCTCAGGTAGTGGCTGTAGCTGCCCCTGCTGGAGCTAAAGCTGCCCCTGTGGAAGAAAAGAGTGTTGTCAATATTGTTCTTACTGCTGTAGGAGCCAAGAAGATTGAAGTTATTAAAGCTGTAAGAGACGCAACTCAAAAAGGATTGAAAGATTCAAAAGATTTGGTTGATGCCGTGGCTTCAGGTCCCCAGACAGTTAAAGAGAATGTAAAGAAAGAAGAGGCTGAAGAGATTAAAAAGAAATTTGAGGCAGCTGGTGCAAAAGTTGAGTTGAAATAAATCCTTATAAAATCTCCTAGAAAAGAACTCTTTTTGAAGGGTTCTTTTTCAGTTTAAATGTGTTAAGCTAAAAGAATGAGAAAAATGTCTTTGCGTGAGCTTTTCGAAAAGGAAAGAGAGGTTTTTGAGGGTTATAAAAAGACAAATCCTGAGTTGTTTGTATCTCCAGAGACCCAAGAAACGGAACTCCTCTTTCATATTGGAATTGGAATAGATTTTAAATCACGTCTGAAAGGGTATTTACGTCTCTATTTCCATGATTTCATTGTTGAAGAATTATCAGTTAATAGAGAGATTTCTGAGATAGAACCAAGGGAGAGGAGGATAAAGGTTCCTTCAGACCCTTTTACCCTTTATTGTGGTTTGATTAAGGTAGGAATTTCCACTAAAGCTGCTATTTCAAGCTTGGCTAACGAGCTTGGAATTGGAGCTAATAAGATAGGGTATGCTGGTCTAAAGGATGTAAAAGCCCTTACCTCTCAAAGAATAGCCTTTCCCAATATTGATTCAGAGATATTTGAGAAGATTAAGGGTTTGTCTTTTCAAAACATCTTTTTGACCAATTTCAGTATTGGCAAAGGATCCTTGCAACCAGGCCAGATGCTTGGTAATAGGTTTACCATTTTGGTGAGAACAAAACCTGGAGCTGGTAAAAAGAAGGTTATCGAAAATATTAAAAAGATGGAAAAGGAGGGCTTTTTGAATCTTTACTATTTTCAGAGATTTGGTACTCCTCGTTTGTTGAGTCACCAGTTGGGCAAATTAATTTTAGAGGGAAAGTATAAGGAAGCAGTCTTTTCTTTTTTGTTTGAAAGGGGAATGAAAGGACTTCCCTTAATAGATAAGATAAGAAAAGAGGCTGA
CP179887.1_gap8	115572	116752	1180	ACAGGAATGGGTTATGTAATAGTAGGAGGAGAAATTACAACCCGTAGCTGGATAGACGTTTCTCAGATTGCCAGGGATGTGATGGGAGATATAGGTTATACAAAGCCTGAATATGGAGTTGATTCTCATACCCTGGCTGTTTTTAATACAGTTCATTCCCAGTCACCGGATATTGCAAGAGGAGTGAAGAAAGCAGGGACCCAAAAACAAGGAGCAGGAGACCAGGGATTTGTAGTTGGTTATGCTTGCAATGAAACCCCTGAATTAATGCCTTTGCCAATAATGTTGGCTCACAAATTAGTTAGAAGATTAGCTCAAGTTCGGAAAAAGAAAATTATACCTTATTTGAGGCCTGACGGTAAAAGTCAGGTAAGCGTTGAATATAGAAACGGGATTGCTAAAAGATTAAATAACGTGGTGATTGCAGCCCAGCATGACCCTGATGTTTCTTTAAAAAAGATTAAACAGGATATCAAAAAACACGTAATTAGACCTGTTTGCCAGAGGTTTTTGGATAGAAGAACGAGATATTATATAAATAATACAGGTCGATTTGTTATTGGAGGACCTGTGGCTGACACAGGGGCTACCGGGAGAAAAACAGTTGTTGATTCTTATGGAGGAGTAGTTCCTATCGGAGGTGGTAGTTTTTCAGGCAAGGACCCGACTAAAGTTGATAGGTCAGGTGCTTATATGTCTCGCTATATTGCAAAGAATATTGTAGCTGCAGGTCTGGCAGAAAAATGTGAAGTTCAAATAGGTTATGTAATAGGGGGAGTAGAACCTTTGTCCTTAAAAATAGAAACTTTTGGAACGGGAAAAGTTTCTAATGAAAAATTGGTAAAAGTAGTTCCTAGGGTTTTTGAGTTAAACCCGGGAGGAATTATTAAACAGCTTAAACTTTTAAGACCTATTTACCGCAATACAGCAGCTTACGGACATTTTGGGAGAGAAGAACCGGGTTTTACTTGGGAAAAAATAGATAGAGTAAAACAACTCTTGAAATTATTCCCTTAAAATGGTTCATCTGAGCAAAACCCATGACAAGGTTAATCAAAAAAACATTTAAGCTATTTAAGAAAGTAGTTAAAAGATTGTTTGGTTTAGTTGAACTTTTCTTATTCTTAAGATTATTGCTTAAATTCTTAAATGCCAATCCAAAAGCTATTGTGATTAGTTT
CP179887.1_gap9	168924	173190	4266	CAGCGATAAAATCAATTTTATGAGTTTTATCAACAACTTTCGATGCCAAGTTCTTGCTAAGAAATTTTATTGTTTTCTTCTGACCAACTGTGCCTTTAACACTAATATAACCAGGCCCCCAATTTCCACTAGCATATAGAAAGGGCTGTCTCTTCTTAGGAAGTTTATCTATATTCTTTACCATCGGCGGAACATCTCTTATTTCTACGGCTCCTGCCTCTATTATCACTAAAGCAATCTCTTCTTTCGAGACAACTTCTTCTTTACTCATTTTTAATATCCATCTCTTTACAAGTTTTTTATTTAATTTTAAAAGAGCTATATTAAACTCCTTCGTTTCTTTATTATCATAGCTAATAGAATTTGTAAATAATAAACATTTTTAGGGTTTTCAAATCAGAAAATTTGGTTTAAAATAATATATTAAATACTATGAAACAAAAACAACTTAAAAATCTGGTTTCCTTTTTTTACGAAATCGGGACATTGAGAAAGATACTTAGGATGCATCAACAACCCCTTCTTGCCTTTGATCCAACCGATAACATCTCTTCCCATTCTTTTCGGACAACCTTTATTGGTTATTTTTTGGCAAAAGCATTAAAGGCTGATGGTGATAAAGTTATTAAGATGTGTCTCTTGCACGACATTGAAGAAACAAGATCAGGTGACCAAAACTGGATTCATAAAAGATACATAAAGGTGTTTGAAGATGAAATCAGGAAAGGACAGCTTAAAGATATTCCTCATTCCCAAGAATTATTGGAACTCTCAGAAGAATATCAGGAAAGGAAAAGCCTGGAAGCTAAGATTGCCAAAGATGCCGATATCCTTGACGAACTGTTTCTTTTAAAGGAATACGAATTACAGGGAAATAAAGAAGCTACCCGTTGGTTAAGAGGAGATTATAAAAAGGCGTCGATTCAAGAAAACGAGCAAGAAAAAAGACTGTCCACTAAATTGGCCAAGGAAATTGCCAGAGAGATAAAAAAACAAAATCCCAGTCTCTGGTGGGATAATTTATGGACATCTAATAGACGCAAATAATTATTCAATCCTTTTTACGTATTCCCCGGTTTCAGTATTAATCTCTATTATATCTCCAACTTCAATAAAAATGGGGACATTTATTTTGGCTCCACTCTCCAAAGTAGCTGGTTTTGTTCCTGCTTCAGCCCGGCCACCCCTTATTCCTGGAGGGGTTTCAGTAACCTTCAAATTAATCTTAATCGGCAAAACAATATTAATGATCTTCCCTTGAAAAACCAGAGCTTCAATAATCTGGTTTTGTTTTAGAAAGTCTTTTTTTTGACCAATTTGTTCTGCTGTTAAATCAAATCTTTTGGAAGGATCATTTTCTTCAGAGAAAAAATATCTTTCTTTGTGGGAGTATAGAAACTTAACTTTTCTTTTTGAAATTTCAGCTTCTTCAAAGGTATCTGAAGGCCGAAAGGTTCTGGAAATAACATTGCCTGTTTTTAAGTTTTTAATTCTTGTCTTTAACACTGATTTACCCCTTGCTTTAAACATAGGAGCAGACTCAATGATTTCATAAGGTTCTCCCTCTAAAATAATCTTTACTCCTGTTTTTAATTCAGAATAGGAAATCATATATTTAAAATATATATAAGTTATTTAATGGTCCGCCACTCAATATCAGATTCTTTTCCAGCAAACTCCAACCAGGTGCCTGTCTCGTCAATAACATACCATCTTTTTTTGGTTTCTGACCAGACCATTGGGTTTTCGTAATAATAGGGTTTTTTAACAATTTCTTTTGGTTTCAGTCTGTCTAATTCCAGCCATTTTTTAAAGACTGTCTCAATGGCATAGTCTAAATTTCTTGACTTCGCCCATTTAGCCACCTTATCAATTGCAGACTTTGCCTTTCTCACAGAGCCAGCCAGAATCAACAGTTGTTTGGCAGGTCTGGTAAACCTTGAATAAATAATCTTTTTCTTTTTGGCATTGTCTTTAATCTTTTTTAAACTCAAGCCCTTGGTGTAAAAATAATGGTTTACAATTTGCTGGATGGCGGTTTCTTCCCGAATCTGCTTTTTTGTTTTTTTTCTTTTTTTTCTGATTTTCTTTTTCTTTTCCATTGGTTATCTTAGTTTATTTAAAACCTTTTTATAAAACTCCTTGGCTTGTTCTAATTCTCTTTCTCCTTTTTTGGTAATGTGATAAACCCTTCTCCTTTGTTCCATTTTGCTTTTAACAAAACCATTCTTTTGTAATCTGTAAAGCACCCTGTAGGGAGTAATCTTCCCTGGTTTGAAATTGAATTTTTTTTCAATAATATCTGGAATTTCCCAACCATAAATCTCCCTCTTTTTCAACAGGGAAAGGATGTATATCCATAGATTTTCTTTGGTGTTGGATTTTTGAAGACGTTCTATGGGAAGCATATTTTTCCACAGTTCCTCTCTTGACAGGTTATTTTACCAGCGTAAAATAGTTTATAATAACCTATGAAAAAAGAAATAAGAATTGCTATTGTGGGACTGGGCAATTGTGCCTCATCTCTAATCCAGGGTATCTTTTATTACAAAGACATTAAAAGCGATGATGAATTAATACCCGGGCTCATGCATAACCTAGTAGGGGGGTATAAGATCTCTAATATAAAGGTGGTAGCTGTATTCGATGTGGATAAAAGAAAGGTGGGAAAGGATGTTTCTAAAGCAATGTTCGCCAAGCCCAACTGCACAAAGACCTTTTATTCCAAAATACCAAATTTAAGAACAAAAGTAAAAATGGGGCCTGTCTTAGACGGAGTGGCTCCACATTTGAAAGATTTTCCAAAAGAAAAGAGATTTGTTGTGGCTAAAAAAAAGCCTGTGAACGTTGCTCGAGAATTGAAAAAATCAGGAGCTGAAATATTAATAAATTATTGTCCTGTTGGTTCCCAGAAAGCAACTGAATTTTATGTTAAAGCTGCCTTAGATGCCAGATGTGCTTTTATCAACTGCATGCCTGTATTCATTGTTTCTGAAAAAAGATGGGTAGAAAAATTTAAAAAGAAAAACCTGCCCTGCATCGGAGATGACATCAAATCCCAAGTGGGAGCTACCATTGTCCACCGGGTATTGACTCATATCTTTTCAAAAAGGGGAGTGAAAATAGACAAATCCTATCAGCTGAACGTAGGCGGGAATACTGATTTTTTAAATATGCTTTCCAGAGAAAGACTGAAATCTAAAAAGGTTTCAAAAACAGAAAGCGTTGAATCTCAGCTTTCAAAAAGACTGAGTTATGATAACTTACATATAGGACCTTCTGATTACATTCCCTGGTTAAAAGACAACAAGATTTGTTTTATCAGGATTGAGGGAAGGAAATTTGGTAATGTGCCTGTTGAACTTGAATTAAGGCTTTCAGTGCAAGACTCCCCAAATTCAGCTGGTTGCGTCATTGATGCTGTTCGTCTGGCAAAGATTGCCTTGGACAGAAAGATAAAGGGTTCCTTAATTTCAGCTTCAGCTTATTTTATGAAGCATCCTCCCCAGCAGTTTACCGATGAAAAAGCAAGGGAAATGGTCGAAGAATTTATCCTGGGAAAAAGAGAAAGGTAAAAATATATGGAGCCTTTTAAGAGATTTAAAAAATCAAATACTGAAAATAATATATGGATATATATTCTCTATCTGGGAAAAGAAAGAGAAATTGCCAATGATGAAGTTCGGAAATTAATCTTTGAAAAATTTGGATTTTTGCCTGGAAGATTAATAACCTCAAGGGTGCTATTCAGTCTCAGGAATCAAGGATACATTAAAAAGGAAAAATTCAAAGGAAAACCTGCTTTCAGTACAACAAAAAAAGGAATGGAAGAACTTGAGAAAATGAAAGGTTTTTTTAAAGAGTTAATAAAGAAGGTGTAAAATCAAGCGAGGGAATCTTTATTTAAAACGGTCTGAATGAACCGTTTTTTTTATTGATGTTTTTCAACCTTAAACTTATATATAATAAATTTTTCTGTCTTTGGATTGACTCTTCCTTTCTGACAGGCGATTGATACTTGTTTTTCTACTGTATCTACCCCTTCCAGATTGGGGAGTAAAAGTCCTGTTTTATGGGGTAAATGCCCGTTAAAGAATACATCCTTTGCTTTTGAAAGTGTTTTTATAATTATGCCGTATCTTTTAGGATTCAATTCTTTTATGTCTTTAATCAGTTCAGGCTGGCTCAACACATAAACCTTATAAGAAAGATGGGGGAGTTCTTGTTCTTTAATAGGATTGAATCTGTAATCCCTGGTGGAAGCTG
CP179887.1_gap10	312446	315155	2709	ATAAAAACTCAAAGTTTCAGACAACATTTTAGACCTCTTTTATTCTATATCTACCTTCAGGATCTTTTAAAAAATATTGTTTATTGCTCAGGTTTAACAACACGGTGTTTTTCCTGACCAGTCTCTGTTTTAAAACCTTATTCAAAACATCTTCTCTGGTTAAGGGCTTTTCAGCTTCCTTTAAAATCTTTAAGATTATATCCTTTACCTGGCCTGGATAATATCCCCATTCAGATAAGGCATAAATCCCCCTGCCCACCAAAACGAATCTCTTATCCTTAATCAATTCGTTATGAACGGTTTGAATATGACTGTCTTCAATCAAGCTGGCTGCCTCGCTGAAATGAAGGGGTTTTCCAGCTTTTTTGAAAGCTAGATAAGCCTTGTCCTTTATTCCCCGGGGATTGATTTCCGGCCAATCTGAAAGCCCATATAAATCTTCCTGGTTTTTCTGAATCTTCTTGGATGCTTCAAGGTAAGAAATCAAGCCTTTTTCCCCCAGGGAAACATAAGAATTCAGACTTTCCAAAGACAGAGGTTTTTTTCTTTTGTTAAGCTTGCCACCAAGAGTGGTAATGATTTTTTTAGCCAACAGATAAGAATCCTTGTTTATTGTCCATAAAGAATGAAAGTCCTCATTCTCGTTAAATCTTTGAAAGGGTTCCCTAAGATTCAATAAAAAATAAACCTCATTCTTTTGATCTTTTCCTCCCAGTCCTTCCAATAAAACATCTTCTCTTCTCAAACCTCCAAAACCCTTAAGGTATTGTATAAAATAACAGAAAGCTTTTTGATGCTTTTCTGTTTTGGGCTTTATCTTTTCTAAACTAACCTTTTGTATCTGACGGACCCTCTCCCGGCAAATACCAAAATCCTTGCCAATGAACTCTAAGGTTTCCCTTTCCTTTCTTTTTAAACCAAAGCGGCGGGAAATAACTTCCTTTTGCCTTTTATTTAAATCAGAAAGTAAATGAGAACATATTTTTTGGTAATTAATATTCTTCATGTTGTTTTATTTAACCATTTCTTAAAAATATCGTCAAGCTCCTGTTTTCCTCAAATGCCAAATATTTTTAAAAAATAATTAATATCTTTTTAAAAACCAGAAATTAAAGCTGAAACAATTCCAACCAAGAATATCCCGTCAAACAAACCTGCTCCCCCAATAGAAAGATACCCCCTATAATGTCTTATCTTGTGTAAATTCAAGAGATCAGCCCCTATCAAGCTTCCCAGAACCCCGGAGATGAAAGCACAAGGGGCTGCAAAACCAGGGGCCAAGATTAAAGCAAAGATGGCAGAAAAAACAGGAGGAATAAAAGCTGGTAAAACAATTCCTTTTCCAGGAATAACCTTGGAAAAAAGTTTAGAAACAACAATCATTAAAGCAACAGCTGTAAAAATAGGTTTTAATTCAAAACCCTGAATCTTGGCAAAAAGCAAAAAATAAAGAGAGAGTAAAATAGGAATTACAGCTCCACCTACATTAATAGCCAAGTAATGGGCTTGTACTCTTGGCACAGAAAAGAGACCGAAAAAACGGGGTTGCTGGACTAAGATTAATTTTTTCTTGGTTATAGGGATATTAATCAAAGAACCTGCCAAGATACAGAATAAAATTAACAGGGTTGCTTCAGGAGAAATCCCCAGGTTTTCAAAACCAATGATGATAACCTGAAAATAACCCAGGATAAACAAAAAGGGTAAAAATAAAATGAATAGGATAAAAACCAAAAAGGCAATGGGTAAAAAAAACATGTATGCTAATTATTATTTTAACTTAAAAACAAATATATTAATATTTTGAATGTCTCTATGCTCTTTTGTTTTTAAGCCCTTAACCATACTTTGGATAGCAGCACTTTTTGTATTTTATTGGCCTGCCTGTTTCTGGATGAACCTTACCGCAGGGACAGGGATCGTTTCTCCCAACCTTTTTTCTGGCTTGAGCTGGCTTATAATTTCTAACCGGCAAACCACCCTTAGCTTGGCTTTGGGGGGCGAGCCTTACCTTAAGAATGGTATTTACAACACTTGACTCTATGTTTGAAAGCAGTTTCTGAAACATTTTATAACCTTCCTTTTTATATTCAATCAAAGGATCTCTTCTTCCATAAGCCCTTAATCTCACCGAGCCTCTTAAATATTCCATGTTTTCCAAATGGCTCATCCAAAGCATGTCCAAGATTCTTAAAGAAATAATCTTTTCAATTTTAGCCATATTCTCTTGTCCCACTTCTTTTATTTTTTTATCGTAATCTTCTTTTGAATATCCAGCTTTCTTAAGCATGTCTAAGATTAAAGAACCTAATTCTCCTTTCTGGGATTTTTCTAAAATCTCTCTTCTTTTTTTATAAATCACCTCCCTGTGTTTGTTCATTATGTTGTCGTATTCCAACACGTGCTTCCTTATATCAAAGTTTATCCCTTCAATCCTTGACTGAGCTTCTTCAATGGCTTTGGAAACCATACCAGCTTCAATGGGCTGATCTTCTGGAAGCTTCAACATGGTGGTCAAAGACTTCATTCTTTCTCCGCCAAAGATTCTCATTAAATCATCTTCCAAGGAAAGGAAAAACTGGCTGGAACCTGGATCCCCCTGTCTGCCAGACCTTCCCCGGAGCTGATTATCAATCCTTCTGGCTTCATGCCTTTCTGTTCCTATTACATGGAGGCCTCCCAGTTTTTTAACTTTCTCTGCCTCCTCTA
CP179887.1_gap11	317275	319921	2646	TCAAAGAAAGTCTTTTTGTGATTTCTTTGTCCTCTTTGTGAAGCATAATATAGGGATAATAAATTTTATTTAGAATCAACTCCTCTATAATCAAATTATTTTTAGTAAAGAAATCCTGCAAAAACAAGAATCTGTTTCCTATCGTCCCTTCCCCTACTTCCAAAAATACTATTCCTCCATCTTCACTCAATTGATTTTTTCCAAATTTAACAAACTCTTTCACCCCAGCTGCCGTATACATAGGGTTTGTTAAAAACCCGATAAATTTTTCTCCCAAGAATTTTTGCTTTCTTATATCAACTTTCCGGGTTTCAATTTTCAAATTGAATCTCAAAGCAAGGTTATCAATGCAGGAAAGCAACTCTTCATCTGCATCAATAACAAGAGATTCTATTTTCGGATTAACTAAACTTAAAATTATTGAAATGAAATCATCGTCTCCAACAAATAAAAACTTCTTATTTTTAGGAAGATATCTTAATATCTTTTCAACAACAAAAAAAGCAGATTCTGTAGAAATTGGCATCTGGTCCCATTTACCTTTTATTTTAAAAGCCTGAAACTTTTTAAATAAATTAACAACGGGTCCTTTGTCTCTAATCTTTAACTTTAATTTTATTTCAATCTTTCTTTTTATCTCCTTGCTATTTTGAGGTCTGGGAATTATTTCCTCAATTTCTTTTTTAACTAAAGAAACCTTACCGTTTTTTTTAATCTTAATTATCTTTTCCTTTTCTAAAAACTTTAGATAATACCAAAGATTCCAATCTTCTTCTGATTTTTTAACAATGAAATCAAAAACATTTCTGGAATAAATTATGTCTTTAACATAACTTAAAAATCCTAAAAAGGGAGTTTTTTGATAATTTTCATAAAATTCCTTAAGAATTTTTTTATTTAACTTAAGTTCTCCTACTCCAATCCAAATTTTTGCATCACAAAGAAAGTAATTTCTATCAAATTTTAAAAATTTCTTATAAAGATTTTTCAAGAATTTTTCCATATTATTTCAATCTTTTTCTATAAAATTTAGGTAGAATTCCTGAAGCTAAATGTATTTCAGGAGAATAGTATTTAATATCTTTGATCTTTTTAAATCTCTTTTCTATCTTTTTAATACCAAAACCTTCCAGATTTATCTTTTTAGAAGCTAAAGTAAAACTAAAATCCGAGCCTTGATAATCAGGAGTAAATATCCGGTGTACTTTTACATAGGGGAAAAAAGGTTTTAGGTTTTTAATAGCTGTCTTGATTTCTGAGATTTGGTCTAAAAAATTTCCACTTTGGGTAATAAAAATTCCTTGTTTTTTTAAAGCCGAAAAACTATTCTTATAAAATCTTTTTTGAAACAAAGGAAAAGAAAAACCCATTGGATCGGTAGAGTCAACAATTATTACATCAAAGAAATCTTTAAATTTTTTAATAAAGGTTGTCCCGTCTTCAAAAAACAATCTCACTTTTTTTTGCTTTAAAGAATTCTTGAGATTTAGAAATGGAAGATATTTTTTTGAAACTTCCACTACTTTTGAATCCAATTCTGCTAAAAAAATTTCTTTTAAGGAGTGTTTTAAAACCTCGCGGAGGACGCCACCATCCCCTCCCCCTATAATCAAAATTCTTTTTGGATTTGGGTGATAAAATAAAGGCAGGTGAGAAATCATTTCATGATAGATAAATTCATATTTTTCTGACAACTGTAAAATACCATCTAAAACAAAAATCCTTCCTAAAGCGAAGGTATCTAAGATTTCAATTTTCTGATATTTACTTTTTCCAAGATAAACCCTCTTTTTTAATCGCAAACCAGTTCTATAATTCTGAACAGTATTGGGAAGTTTTTTTTCAAAAAACCATTCTTTCATATTCTCAGCGAGTGAGTGTTCTATTTTTAACTCTTTTTGCTTTAAAAAATTTCTTAGTAAAATCCTTGGCTATTTTATCGTCAAATGATTTACAAGAAAAGATATTAATGAATGCCCTGTTCCATTGCTCGGAAAAATGACCTGAAACCAAACTGGTTTCTATTAACTGAACCAAAGAGAAGCCAGCTGTAAAACCTGTTCCAAATCTTATGACAATCGCTTTGCCGTATTTTTTAACTTTAATCAATTTACAGATTTTATCTGAATATTCTGAAATTTTCTTCTTTGATTTTAAAATCTTTGGATCACAGTCATAAAGATCCATAATCAATTCCTGCCCAAAAATTTTCGATTGATTTCCTTTCATATCTTTCCTCTTTTTATATTCTTTATTTCAACTTTTTTTGGTTTAAATTCCTTTTTAAAATAATCCAAGGCTTTGGCAGGAATAGACTTATCACCACAGGTAAAAATATCTATTGCCAAATAATTGTACTCAGGCCAAGAATGAAAAGCAATGTGGCTTTCAGCTAACAAAACAACCCCAGTAATACCATGGGGTGAGAATTTATAAATATCTACTTTTAAAGGAGTGCTGTTTGCCTTTTTAGCAGCTGTAATCAAAATCTTTTTTAATTCTTCTTTGTCTTCCACAATCTTCCCATACCAAAACTCGGCAATCAGATGAATGCCTGCATATCTTGTTTTTTCTTTGGCGTTTATGACCCATCTTATGGATCTCTTTGTTTTTTGGAACATTTTTTTTGACAACCGCTTTATCTTT
CP179887.1_gap12	439297	441545	2248	AAAAAGGCAACAATCAAAGAATTAAAAATTCCTGAAGGAATTAAAGAAGAACAAAGGAGTAATGGAAAAACCATATCTCCTCCGCCTAAAATTAAAAATCTGCCACCGGGCTTAATCTCTTTTAAACTCTCCTGGAAGCCAGAAAGGTCAGGGGGAATAATCATTCCCAAGATAGCTTTACTCTTTATCATCTCTTTTGCCATCTCAACCATGTGTTTTGTTTTATAAACAGCAATAAGGTCGTAAATTGAAAAAATGATTAAAAAGATTATTACTGCCTCAGGAGAGAAGGCTAAACCCAACATGCTCCCTGCCCCGGCTATCCCCAACATTATACAGAGGTCTTGAATTAAAATTAATGGTTTTTTCCACCACCAGATGATTAAGAACCCCATTAAAAGGAAAGAGGGTGTGACTGGAATCCAGCTATTGATAACCAGCATTCCGCCCCAGAAAACAGCTAACACAAAAAGGGCCTTAAAGATTGTACTTTTTTGTTTCTTTAATTTTATAAAATGGATTAAAAAATAGATAAATAAGGTAGCTAAAAAAAATTGAATTATGAATTGCAAAAAAGGAATTTGAGGAATGTCAATTTTTTTAACAGTAACAATTTCATTAATTCTAAAAGCAGTGACAATTCCCAGTCCCAGGGTTAAAAAAAATAAAAAGGCTTCGATAATAAAAACCTTCCATATGTTTTGAAGAAAGCTTTTCCTTTCCTCATTTATTTGTGCCTGGGTCTGTTCTGGCATTTTACAGAAAGAAGAAATTCAAAAAACCAAACTCTTTTTTAAAAAAGTGTTTCATTTTTTCAATTTTAAAATTTCCTCTATTGGATAATTAGGAGATTTTCTTTTTATCTTTTCAATGATTTTTTTCTTTTTTTCTTTGGTTTTTGCTGCCAAATATTCTTTTTTTAGCTTTTTGACTTTCTCCTTTCTTTTTCGCTTAATTTTTATCTTAAACCGTCTCCTCTTTACAGAAATTTTGCTCATATTATCTCTTAATTAATTTTTTGTCTCGACTTTTTTAAACATTATCTTTTATTCTTGAAAATCTAGTCAACCCAGAACAAGAAACAATTTCAATACCTCTTTTCTCAAGCTCATCTAAAAACAAATTAACGCCTAAAGAATCAGAACTCATATGTCCTGCAATCACCACGTTTAAATTGGCAGCTTCAGCTTCTTTTTTATGCTCCTCTGAAATATGCATTCCAATAATGGTGCCGATACCTGCTATTGCCATTTTTTCGTAAAGCTTTGGTGAGCCTTCAGTCCCTCCGGTTATTTCAGTAAGGGCTATCTTACCGCAACGGTTTTCTTTATTTCCCACGAAAATCTTGGGCCCCACACCAAGCTTCATTGCCTCTTTATATTCTGGAATCTGTTCCAAAAACTCTATTAAATCCTCAAGCCTCATCAAGCCATTTTCTTTTGTAATCTTTTCTCTAAGAAATTTTGCTGCCAGGTTGTCACAGGCAGTATGAAGACACATTAAGTTAAATCCCAACAGTTTGGCTGCATCAACCGTCCTTTGATGATTGAATCTGTTCGTTCCCCTGGCCACCTCTGAGATTCTTTCTCTCATCAAACCCTCAGCAACATTTATGGGCACTCCATACTGATTTAAAACATCGCACTGAAGCTCCATTACCTCGTGTAAATTAGCTAAAGCCTTTCCCAAAGGATGGTGAGAAATAATTAAATCAATATTGCCTATTTCTTTGGCCAATAAGATTTCAGCAGGATCAATATCAATTCCAACCAAAACCCTTTTTATCTCTTTGTCCTCTGATATATTTAAGATTCTTGAATCCAAATAAGGATTTTTTAAGGATTCTATATCAAAGTGTTTTTTCTCTTCCTCTGACATCTTTTCGTACTTTTTCTGTTTTCTTTTCAAAAAACCCTCTACCCCCTGCCTTTTCCTGAAATCAGCTTCTATTGCTTTTTGTATTGCTATATTGTAAATCTCTTTGGTTTTCATTTTTTCTCACTGATATTAGAGTTTTTCTTAATAATGTATCTTTTGAAAATCTTCTGATATAGCTGTTCAATTAATTTTTCCTGTTCTTTCAAATCCCAAACCTCTCGGCGAATCCGAGCCTTTTCCCGACGAACATATTTGCGTAATGATTTTGGTAATCTTTTTCTCTCCATAACCAAAAAATAATTTAACCGTGTAACAATTTAATAGTTTTCTCATTTTAATTCAAAGAATCAAGGTTCTGAAACGCAAAGCG
CP179887.1_gap13	502333	503940	1607	TTTAAACCAGTCTCTCCGTCAAGAGCTGGAATTGTCTCGTACCCCTCTGTCTTTAAAATATCACCAAGGGTTTTTTGGAGGGCAGATTCGTCTTCAATAAAGAGAATTGTTTTCATATTATTATTTTTTTATTGGTAAGGTAAACCAAAATGTCGACCCCACACCTTCTTTAGATTTAAAAAATATTTTTCCTCCCAATCTTTTAATGATAGCTTTTGAAATATACAGGCCCAAGCCAGCACCCTGGGTTTGATACTTTAAGACATTTCTTGAACGGAAAAATTTTGTAAAGATATATTTTTTGTCCATTTCCGGAATACCAACACCAGTATCTTTTATTGAAAAACAGATGTTTTTACCTTTTTTAAAAAGTTCTATCTCAACCCTTCCCCTGTCTTTTATATATCTAATGGCATTATCCAGGAGATTCTCTATTACCAGTCTGAGATGGAGGGGATCAGAAAAGACCTGTGGTAAATTTCCACGGGCATTAAAAGATATTTTTACGTTGGAGGCTTCAATAAACGGTCTGTATTCAGAGATTAAATCTTCAATCAATTCCTTTATGGAAAAATCCTTTTTCCTTACAGGCAGTTTAGCAGCTTCAATCCTGGAAACAGTTAACAGTTCGGAAATCAAATCCTGCATTCTATTGATATTTTCTTTCAATATCCCAAAATAGTCTGTCTGCTCTTTTTTTGTTTGTCCTGACTTTCCAGACATTAACAATTCAATTACCCATCTTAGATTTGAGAGAGGGGACCTTAATTGATGGGTTGCCACACTAATGAATTCTGATTTCATTCGGTTTGCTTCAGCCAATCTTTCATAACCTTGGGTTATCACAAAGGTAAGAACAAATAAGACTGCCACAAGCACAAGAACAATTAAACTAACTATCAGAGGATCTTCAATATGACGGGTACCAATGTTATAGGCTGTTAAAGCTGAAACAATAATAACTATTCCCATTATTAAAAAAAGAAACTGAGGACACTGCCAAAGAGAAAGATTGTATTTTTTGCACTGGGCAGAAATATTTAATTGATCTAAAACTTCTTTGAACAACATTATTATTTTAGTATAACACACGAATTAACCGAAGAAAACAAATACATTTTACAGAGATTATACAACCTGTTTTTTGTTTTTATTGATTGACGGAAGGAAAATAAATTGATAAAATGAGTCATAATTTTTCCAGAACTGATTTTATAATGACGCTTCCTTTGCCAGGCCAAAAAAACAGGTTTGGCCCAGTAAATTTTTATCTGCAGTCACTAATTGAGTTTCCAAAGAAAAGTTAGATGGTAATAAAATTGTATATCGGGGTGTAGTATACCGGTAGTACGCGTCCTTTGGGAGGATGAAGACTGGGTTCAATTCCCGGCACCCCGATAATGAATATTAATTGCGGGCGTCGTATAATGGTTATTATCTAGCCCTTCCAAGGCTATGATGAGGGTTCGATTCCCTTCGCCCGCTCAAACAAAAACCCCCTGCCAGATTTGGTAGGGGCTGTTTGTTTACTTTGCGTACTCTATCGTCCTTTTTTCCCTGATTACCGTGACCTTAATTTCTCCAGGATATCTTAACTCTTCTTGGAT
CP179887.1_gap14	527063	528747	1684	TCAATACCCCTTCTTTCTTTTCTTGTTTGTTGGGCCAGGGAAGCTAATTCTTTTTCATTTGTTTTTCCCAGTTTTTCTATTTCTTTTTTTAAAACTTCTTTTTTGTTCTTTTTAGGGTCTTTTAAAACATAACCCAAAAGAATGTCTAAAACCTGTCCTACCCTTGGCCCTGATTTTATTTTTAAAATCCTCATTACATCTTTCCCGTTAACCTCAAGCATCTTGGTTGAAATAGGATCCTGGGAAACCTTTTCAATAACATATCTTAGATGACGGAGCTTATATGGTTCAGCCTTTGGCACGCCTGAACCAATCCTGTCTGACATTCTGACCTGCAGCAATTCTTCTGTATTTTCCGGTCCCACCTGGCGGACCAGTCTCCTGACAGAACTTTCACCCACCTCTTCTGGGTTATAATAAAAAAGATGATACCTGACAAGCTTGGCAATTTTTTCAATGTCTTTTTTGGGAAACTTTAACCGATTAAGAATCTGAAGCGTCATTTTAGCCCCAATTACTTCATGACCGTAAAAAGTGGCATCTTTTCCTTCTCCTCTTTTTGATCTTGGTTTTCCCACATCATGAAGCAGGGATGCCAATCTAACATATTTATTAAACTTTTTTTTAGCTGCATAAGCCAGAGAGCGTAAAGAATGTTCATAACAATCATATATATGATGCTTGTTCTGACTGATGCCGTAACCTTCTTCTATTTCAGGAATAATATATCTTAACAAACCCAGTGTTCTTAATAGCTCAATACCTTCTGCTGCTCTTTCTGCTATGATAATTTTCATAAATTCATCTCTGACTCTTTCTTTGGAAATAGCCTGCAGCCAGATTGAATTATTCTTAATGGCTTTGGATGTTTTTTGTTCGATTTTCCAGCCCTTGCCCAAAACTATGGCAAACCTTACTCCCCTCATCATTCTTAAAGAGTCTTCTGAAAATCTTTCCTCTGGATTTCCTACAGCTCGGATTGTTTTGTTTTTTAAATCTTTCTGACCTCTAAAAGGATCAATAATTATTTCTTGTTTTTTCTTATCTGTAGTTATATCAAGGGCCATTGCATTGACCGTAAAATCCCTTCTGGCTAAATCCTCTTTGATGGTCTTTGCAAATTTAACTTCGCTGGGATGACGTTTGTCAGTGTATTTTGTTTCCAGACGGTAAGTGGTAATCTCAATTTCTTTTAATTTAGGATCTTTACTGTCTGTTTGAACGGTTACTGTCAGGAATTTATTTTTATAAAAACTATTGGGAAATATTTCCTGGATTTCTTCTGGCTTGGCATTTGTTGTTATATCCCAGTCTTCAGGTTCCACATCCCTTAAAAAATCCCTAACACAGCCTCCAACAATATAGGCTTCAAAGTTTTTTTTCTTTAATTCATCAATAACAGCTTTTACTTGCTTTGGAATGTCCATATCTAAATTTTAGTTTAAAACCTTGTTTTTTTCAATTGTTTTGATAAAATTAAGAAGCCCCCGTGGTCTAATGGATATGGCGCTGCGCTTCGGACGCAGAAATTGTGGGTTCGACTCCTGCCGGGGGCACTGAATCGTTCTTTTTAAGAATGATTTAGTTGATAATTATTGGTTAATAATTTACAATAAAACTGATGAACAAAATACCTTTTATAACCTTTTTAATGGTTTTGTCCTTGTTTTTATTTCCTTTTCAG
CP179887.1_gap15	571026	571714	688	CTGTAATATTTCCTCAATTGGTGGCCCTTCCCTTCATATCATAGTTGTTACCTTGAGGTGTAATTTTAAGTGCATCTATTGTCAGGCAAGTCGTCGTTCAATAGAAGAGAAGCAATATGACATGGATGTAAAAACAGCAAAAAGGGTTGTTGATACAATATTTGAAAGCCCGAGCAATGTTATTACAATAGAGTTTCAGGGTGGAGAACCATTGGTCAACTGGCCGGTGGTTAAATTCATTGCTGAATACGCAAGAGAAAAAAACAAAACGGAAAAAAAGAAACTTTTAATTTCTCTGGTTTCTAATTTCAGCTTGATGACAGAGGAAAAATACAAATTCTTAACTGAAAAAGAGGTCAGTCTCTGTACTTCTCTGGATGGCCCTGAAGAGCTTCAGAATAGAAATCGGCCTTTGCTCAATGGAAATGGTTATCGGCTTACTACCTCGTGGATTAATAAAATAAAAAAAGATGAGCAGGATAAAGCAAAAAAAGGTCATACCTGTTATTATTTATCTGCCCTCGCTACCATATCCAGGTTTTCTCTTAAATATCCAAAAGAGATTATAGACGAATATGTTAAATGGGGATTCAGGGGCATACATTTACGACCCTTAAGCTTTTTAGGTTTTTCTGGCGGCCCAGCTAAGGAAAAGATTGGTTATTCACCTGAAGAATTTATGGAATTT
CP179887.1_gap16	573582	575287	1705	GTTTTGTTGGTCTGACAGACACAGAGGGCTTATCTGAAGTTTCTAATATCAGCCAGGAATCTATTAAATTATCCTGTCTTAAACATTCAGAGAACAAAAATATTGACAAAACTTATTTAAAGAAGGGAAAGGTAGAACTGATTCCCGGGCAATACATCAAGTTGGAGTTCCCTGCCAAAAAGGAGAAAGCTGAATCTAATCAGAGAACATCCTTTGTCCTGAAGTCTAAGGGATACTATACTCCTTTTTAATAAACTTGGCTATGTTAAGGGCAGAAAGTGATACTTTTCTTTTGCGGTATTAATAAAGGATAAGTATAATAAATATAAGCTATTTTATATAGCTATTTTTTATAAATGGCACAGATTAACCTTACATATTCTTGCAATAGAAACTGTAGCTATTGTTATGCTAAAGGGTTTTTAAAGAGATGGCCTAGGGAGATTACCCTGGAGGGGTTGGAATATATTTTTAAGTGGACTACTAAACAAGGAAAAAGAGACGTAGCTTTCACGGGAGGGGAACCTACTTTATTTAGCAAAATTAATGATGCCCTAAAACTGGCGGAGAGTTATGGCTTGAAGGTAATCGTACCTACTAATGGGACCTCTGATTTAAAAGGGATTAATATTAATTCTCCGGCTATAAATGTTTTTTTGATTAATTTCAATCCGCCTTCAGAATATTCCAACCGAGAATTAGAGGTTTTGTACTCAAACTTGAAAACCTTAAGGAGAATTAAGAAGGTAATCTTTAGATTTAACATCACTTCTCCCGATATTTCTTATGACTATCTTATTGATGCCTGTGAGAGATTAGATATCCGCCGGGTAAATTTTGCATTGGTTTTACCCTCATCCCTCAATCAAAACGAATATATTAAAAAGGAAAAACTGAAGGATTTCACTCAATATATTTTAAAGTTAGCGAAGAGCCTGGTAGAACATGATATCCGAGGCTGTTTTGCTCAACCGTTTCCTCGGTGTCTTTTTTCCGAAAAAGAGAGAGCATTCTTGATTAAAAATAGCGATTTTCACAGCATTTGTTGGATGGGAGAACGTTGCATAGTAACTCCTGATTTGACAATATTACCCTGTCCTCTTTTAGGTGTGGAGGGCCATTCCTTGAAGAAATTTAAGAACCAAAAAGAGATAACAAATTATTATAAAGATGTTGTTAATAGACTAAAATGGGAGATAGATTTATTTCCAGAGTGTAAAGACTGCGCTTTTAAAAGAAATAAACAATGTCAGGGTGGTTGCCTGATTTATAAATTCCTCCAGGCAAAGTACTCTGGAAAGTTAACAGACAAAGATTTAAGACCGCCAAGCATAGATTAATTTCAAACTTGCCGAGTTTTATTAAATATGTTATTCTTAATTATGAGCAAAGCGAGAAATCAAGGTTCTTGCTGAAAGCAAGGTTCTTACTAAAGAGATTTATATTTTTCTAAAGGTCAAAAAAATATTCAGTCAATAAAAAAGTATGAATAAAAAATTAATATTTTTAATAGGCGCTGTCTTTGTAATAGGGATAACCTTTTTCTTCTTTCTTAGGTATTCCAAAGAAATTGAGATACCACGATTCACGGGCGACGAAAGAATTGATAAGATATTTTTTGATAGCACTCAATATCTTACAGAATTATATGGTCCCTTGGAATTAAATGAAGACTCTTTGATTAATTTAGTTCATATTGTAAAAG
CP179887.1_gap17	612224	616639	4415	TGGTGGTAAATGCTGGTAATGGTACAGCAGGGCCTATTGTTCCATTGATTTTAAAGAGGGCTGGTTGTGAGGTTGTGGAACAATACTGTGATATTGATTTTACCTTTCCTCATCACGAACCTAATCCAGCCAGTTTAGAGGCTCTTAAAGCTTTGTCATCTAAGGTTAGGGAAACCAAGGCTGATATAGGGCTTGGTTTTGATGGCGATGGAGATCGTTTGGGGATGGTTGATGAAAAAGGAGGAATCATCTGGCCTGACCGCTTTATGATATTGCTGGTTCGTCAGGTGCTTAAAGAAAAACCAGGTTCTAGTATTGTTTTTGATGTTAAATGCTCTCAGGCTTTAATTGAAGAAATTGAGAAAAACAAGGGTAATCCTGTTATGTGGAAGACAGGACATTCATATATAAAGGAAAAAGCCAAAGAGGTTGATGCAGGCTTGGCAGGAGAGAGGAGCGGTCACATCTTTTACAGACACGGATATTATGGTTATGATGATGCTGTTTTTGCCTCTTTAAAGCTGCTGGAATATCTGACAGCTCAGGACAAACCCTTATCAGAGATAATGCTGGAGACCCCTCAATACTTTACTTCTCCTGCCTGGCAGGTGGATTGTGCCGATGAAGTAAAATACCAGGTGGTAGAGAGATTAACAGAAGAATTGAAAAAAGAATATGGTTCAGACAAGATTATTGATATCAGTGGTGCCCGGGTTAAATTTGATGACGGCTGGGGATTGGTCAGGGCTTCTTCTAATTTACCTGTTCTTGTTTTAGTATTTGAGTCAAAAACCAAAGAAGGTCTTAAAAGGATTGAGGATATCTTCCGCCAAAAACTGTCTCAATATCCAGAGATAGGAAAAGAGTGGAAGAGCGGTTAAAGGAGACCCATGTTCTTCTTGACCTCCTTGATGGTAGATTGAGCAATAATCTCTGCTTTTCTTTTACCCTGGTTTAAAATCTCATTCACATAAACTTCTCTATTAAGGAGTTCTTTTCTTTTTTGTCTGAGGGGTTCCAAAGATTTTATTAAGACCTTAACAAGGGATTCTTTGAATTGTACATAGTTTTGGTCTTTAAACTCTGTTTCCAGCTGTTTAATTGGTTTTTCTGAGAACAATGAATAGATGGTCAAAAGATTAGAAATACCTGGTTTTTTTTGAGGATTGTATACAATTTCTTTTCCAGTGTCTGTAACAGCAGCCATTACTTTTGATTTAATGATTCTTGGTTTGTCGAACAGACCAATATATCCTCTGGGATTGCCGGTCTTTGACATCTTTTTTGTCGGATTTTGTAGAGACATGATCTTAGCTCCTGTTTTGGAAAGAAGGGTCTGGGGTAATTTAAAGGTCTTGCCGAATTGCTGGTTAAATCTTCTGGCAATAGTCCTGGTTAATTCCACATGCTGCTGCTGATCCTTGCCCACAGGGACTAATTGGGTTTGATAGAGTAAGATGTCAGCTGCCATTAAAACAGGATAATTCAACAGGCCGGCATTGACATATTTGGGATGTTTCTTGGTTTTTTCTTTAAACTGAGTCATTCTCTGCAGTTCTCCCACCGGGATAATGGTGCCCAGCAACCAGGCTAATTCAGAGTGTTCTTTTATTTTGGATTGGACAAAGATAATGGATTTTTCAGGATTCAAACCAGCTGTCAGATAAGTGACTGTTGTTTCCAGGATGTTTTTTTGTAATTGCTCTTTTTTATATGGAGTAGTGATGGCATGTAAATCAACGATACAGAAAATACATTCATTTTTTTCCTGAAGTTTGACCCATTGCTTGATTGCTCCTAAATAATTCCCGATGTGAACATCTCCTGTTGGTCTGACACCGCTAAAGATTCTCATGGTTTTATACTTCTATTACTACTGGAAGAATCATGGGACGACGTTGAGTGCGGGAAAAAAGAAACCCGCCTATCTTGTTCCTTAACTCGTCTTTAATATAGCTCCAGTTGACAGCTCCTCCGCTTCCAGTAGCTTTGTTGACAATCCTTATTACCCTTTTTCTTGTATCCCTGAGCAATCCCTTGGATTCCCTGAGATAAACAAACCCTCTTGATATGATGTCTGGAGACCCCTTTACCTTGCCTGTTTGTCTGTCAACAATGGCGATGATGACAAACATCCCGTCTTTTGCCAGCATTTGTCTGTCTCTCAGGACTATTTCACCTACGTCACCCACTCCCAGTCCGTCAACCATAATATAACTGGAAGGCACCTTCTTTTTTTCAACAAAGATATTTTTTTTGTTTAAACTAATAACCTGTCCGTTTTCAGCTACTATAATATTTTTTTCATTAATACCTATTTCTTTCGCCAATTCAGCATGGGCAAACAGCATAGAGTGCTGTCCATGGATGGGCAGGAAGAACTTGGGCTTCATAATCTTCAGCATCTTTTTTAACTCTTCTTTTTTGGCATGACCTCCGGCATGGATATCCATCATCTTATAATGATAGACCTTGGCTCCCTGACGCAAAATCTCATCTTTCATAATCTGGACAGTCCTTTCATTGCCTGGAATAACAGATGAAGAAAATACTACGGTATCATTCTTTTTCAGCTTCAAAAACCGATGGTCCCTATTGGCAATCCTCATTAATGCAGCTCCAGTTTCTCCCTGAGCTCCTGTGCACAAGACAGTGACCCTTGAATCTGGATAATTCTTTATCTCTTTGGCTTTAATAAACGTTCCTTTTTTTGCCTTAACATAACCTAAAATCTTGGAGATATCAATGTTTGTTCTCATTGAATATCCTTCAATACATACCTTTCTTTTGTATTTTTCAGAAATGGTAATCATCTGCTGGATTCTGTTTATTAAAGAGGCAAAGGTAGCTGCAATTACTCTGCCTGGAGCTGTCTTAAAGATTTTTTCCAGATTCTCGGAAATCTCTTTTTCTGATAATGAAGAACCTTCTTGTTCAGCTCCGGTAGAATCAGAAAGCAAGAGTAAGATATTTCTTTTTCCAAGCTGTTTTAATTTTTCAAAATTAGTCGGCAGATCGTTGATGGGATTTTTATCAAACTTAAAATCTGAGGTATGCAGGATATTTCCTACAGGCGTCTCAATAAACAAGCCCAGATTATCCGGAATATTATGGTTTTGCTTAAAAAACTCTATATTGAAACACCCTAATTTTATCTTTGAACCATCTTTAACCTCATTTATATTTAATTTTGGTTGACGAGAGAATTCTTCTTGTCTCTTTAAGATTATTCCTTTGGTCAGGGGACTGGCAAATAATTTCAAATCCTTTCTGAAGATATGTTCGATTAAATAAGGAACAGCTCCGATATGGTCATAGTGACCGTGGGTAAAGACGATTCCCAAGATATCTTTCTTTCTTTTTTTAATGTATTCGATGTTTGGAATAATGTAATCAATTCCCGGCATATTTTCTTCTGGCATGCGAAAACCAGCATCAATAATTAAAATCTGATGTTTGTATTCCAACAAGGTCATATTGCGGCCTACTTCTCCCAGGCCGCCAAGGGGAATAAGGTGAAGATAAGGAGCTCGCTTTGGACGAGAATGCTTATACTTGCCTTCTTCGAATTTAGATTGTTTTTTGAACATATATTAAATATTAATTATATTAATTAATAGATAAAGGAGAGATACAAATTTCCTTTATTTTAAGATTATTATTAGTTATGATTTTGTGCCCCCGACTGGACTTGAACCAGTACGACCTTACGGTCCTTGACTCCTGAAGCCAAGGTGTCTGCCAATTCCACCACGGGGGCATGGATATTAAGACATTCAAGGAGTCTAACTGTTATTCCAATTTCTAATAGCTTGTTCCCATCTTTTCCAGGTTCCCACATCCTGCCATTTTCCTTTCCACTTGTATCCAAAGAGTTTTCTTTCTTTGGCCAATATTGGGAAGAGATTTGTTTCTAACATGGAGAATCTTGCTCTCTTGGGTAAATATTTTCTAATCCCGGGATTCATTATATAGAGACCGGAATTAATGTATAGAGAAAGAGGATTCTTTGATTTTTCGCCAAACTGTATAATCCTATCTCCTTTCATTTTAACAGAACCATAGGATTGGGGATTTTTTACCTTGACCAGGCCTACTGTTACCAAGGCTTTCTTTTTTTTATGCCATCTGATTATCCTTTTAAGGTTTAGTTCTTTTAATTCGTCTCCATTGGAAACTATTATTGATTTAGAGAACCATTCAGGTTTTAACTTTCTGGCAACAGGGATAAAGGTGCCCGAGGGCTTTGACTCGATGATAAATTCAATCTTTTCCCTGGGGAAATAGGTAGCCTTCCATTTGTAGAAATCTTCGATATGTTTTTTTTGAATATTGATTTTAATGTCATTGATTCCATATTTTAGATAAAGGTCAACCAAATAGGTAATCACAGGTATCTTTCCTACTGGCAACAG
CP179887.1_gap18	622040	625883	3843	TATCAAATTTTACTTTAAAGTTGTTAAATTTTCAATTAAAGATTTGACAAATCAAACAATCAGGAGGTTTATCTCTTTACCTTCCTTTATTACTTATTGAAAAATCTTGAAATTTTAAGTATAATAGCAGTTATGGTTAAAAACTTCATTAAAATCAGGGGAGCTAAAGTCCACAACCTAAAGAATATCAATCTGGATATACCAAAGAACAAACTGATTGTTGTTACCGGTGTTTCAGGTTCAGGCAAGAGTTCTTTGGCTTTTGATACCCTTTATGCTGAAGGGCAGAGGAGGTACGTGGAATCCCTTTCTGCTTATGCCAGGCAATTTTTAGGAGTGATGCAAAAGCCCAATGTTGATAAGATTGAAGGGATATCGCCAGCTATCTCAATTGATCAGAGAAAGGTGACTCATAATCCCAGGTCTACTGTTGGAACAATCACTGAGATATATGATTATATGAGGTTGCTTTTTGCCAGAATCGGAACCCCTCATTGTCCGAAATGCGGGAAAAAGATCTGGCGGCAGACAATCGATCAAATCACAGAACAGGTTTTAAAGTTACCCAAGAATAATGAGATTATAATCTTGGGGCCTGTAATAAGGGATAAGAAAGGACAATATCACGGAGTTTTAGAAGAAATTCAAAGGAGTGGATTTATCAGGGTAAGAATTGATGGAATCATTTATAGGACAGAAGAAGCTCTGGAGTTAAAATTAGCAAGGTATAAAAAGCACAATATTGAGGTGGTGGTGGATAGATTAATTTTAGGCAAAGATTTAGACAGGACAAGATTGGTTGATTCTCTGGAAACAGCCTTAAAATTGGGAAAAGGAATTGTAATTGTTTGGGTTGTAGGAAGGTTAAATCGTTCGCTTCGGTCACTTGTAAGACAGGGAAAGATAAAACAATCCAATAAAAGCAAGCGTTCTGATATTTCAGACATCATATTCAGTGAACACTTTGCCTGCGAGGAATGTGGGATTTCTCTGCCAGAATTAGAACCCCGGCTCTTTTCTTTCAATTCTCCTTATGGAGCTTGTCCTGCTTGTCAGGGTTTGGGTGAAAAATTAGAGGTGGATCCAAAACAGGTATTACCCAATCCCAATCTGTCAATTGCAGAAGGAGCCATCTTTCCCTGGGCTCATGCATCCCATAAAGTTGGCAGGCAGGGATACTTTATGTGGCAATTGGAAGACCTGGCAGACAGGCATGAATTTTCTTTACAGGTACCGGTTAAAGATTTATCTAAAAAAATAATTAATTTAATTTTATATGGTGATAATGATTTCCCTGGTGTAATTCCTCAATTGGAAAAAAGGTATCATGAGACTGAATCAGAATATACCAGAGAGGAAATTAAAAAATATATGGTTGAGAAAAGGTGTAACGTGTGCAATGGAAAAAGGTTAAAACCTGAGGTATTGGCAGTAAAGGTAGCAGGAAAATCAATTGACCAGATGGTTGAAATACCCATTGATGAGACAAAAGTGTTTTTTAAGAAACTGTTACTTTCCAAAACCCATATTTTAAAGACCAATGAGTTAAAGATAGGTCAGCCAATTATTAAAGAGATTGTAAACAGGCTCCAGTTTTTAATTGATGTGGGTTTGAATTATTTAACCTTAAATAGAAAGGCAGCCACCCTATCTGGCGGAGAAGGAGAGAGGATAAGGCTGGCCACCCAGATTGGCTCAAAATTAACCGGTGTCATATATATTCTAGACGAACCCTCAATCGGTCTCCATTCCAGGGACCAGAAAAGATTGATTGAGACCTTAAAGAAATTAAAAGAACTGGGAAATACGGTCCTGGTGGTAGAGCATGACCCCCAGACAGTTTTGGCTGCAGATTGGGTAATAGATATTGGTCCTGGAGCAGGAAAAAAAGGAGGAAAGGTTATGTTTCAGGGAACACCCAGAAAACTGCTTAAAGCTAATACCCTGACAGGAGAATATCTTTCAGGAAGAAAAAAGGTTGAGATTAATAAATCCCAGATTCCCAATCCAAAATCCCAAAAGTATTTAATAATCAAAAAAGCAGCAGAGAATAATCTTAAAAACATTAATGTTAAGATTCCTTTGAGCAGATTTGTTTGTATTACCGGTGTTTCAGGTTCAGGAAAATCATCTTTAATGAATGATATCTTAGCCAGAGCTTTAAAAAGGAGGTTCTATAAATCAAAAGAAGAACCAGGAAAACACAAAGAAATTGTAGGGGTGGAAAATTTAGACAAGGTTGTTTTAATTGATCAGTCTCCTATTGGCAGAACTCCCAGGTCTAACCCTGCAACATACACAGGAGCCTTTACATATATCAGAGACCTTTTTAGCAGGACAAAACAAGCTAAGATCAGAGGATATCAGCCGGGCAGATTCTCTTTTAATGTAAAAGGAGGTCGTTGTGAGAATTGTCAGGGTCAAGGCCAGATTAAGATTGAGATGTATTTTTTACCAGATATATATATTCAGTGTTCAGAATGTAAAGGAAAGAGATTTAATAAGGAAACCCTGTCTGTTGAATATAAGGGCAAGAATATTGCTGAAACCCTAGAAATGACGCTTGAAGAAGCTCTGGAGTTTTTCAAAAATATCCCTGGCTTATTCCACAAATTAAAGACCTTAAATGAAGTGGGTTTGGGTTATCTTGAGCTGGGTCAGCCAGCTCCTTCCCTGTCTGGAGGGGAGGCTCAGAGAATAAAGCTGTCAGCTGAACTTTCAAAGAAAGCAACCAGAAAGACATTATATATTTTAGATGAACCTACAACAGGGCTTCATCCTGACGATATTAGGAAATTAGTTTTGGTCTTAAGAAGATTGGTAGATAAAGGAAACAGTGTTGTAACAGTTGAACACAACCTTGATTTTATCAAAAATTCAGATTGGATAATTGATTTGGGTCCTGAAGGAGGGGAGGAAGGCGGATATATTGTGGCTGAAGGCACCCCTTTTGAAATTGCAAAAAATAGAAAAAGTTATACAGGAAAATATTTAGCCAGAATCTAAGGAACGGTTAATAGAGTACCATTTTTTAAAAAAAGAACCTTAATAGGTTCTTAGAGGTTAAAACTTAAATTTTAACCTTTTTTTATTTCACTAATTTTTCTTTTATACCTAAACGGCAATTTTCCAGAAATTTTTGTGATCAAAGAAAAGAAGGATTAAAGGAATAACAAAAATAAATTTAACAGAAAGAGCACTCCCTACTGAAGTTATTAAGAGAATGATTATTGCCAAGTACCAAGCTCTTCTTTTCCGCTTTAAAAGAAAATACCCAGAAACAAAAATTAAAATTCCTTGAAAAATTACGAATAACATTATCAATATAAATCCTTTGCCTAACGATTTGATAATTATATCCTGTAATAACTCTAATCCCACTAAACTGGCTAATACAGGTAATCCTATTCCTATCATTCCTCCCACTACTATCATCCACCAGGCAGCAATTTTTGTTTTTATTGGCAGAATAATTTTTTCCATGATTTTATGTAAACTATTTTCTGTTCTAATTTATGTTGTTTTATTATACCATATTTGGAAATAAAAAAAGAAATGGTTTTAAAGCTCTCTTTGTTGACAAACCTTCTGTTATTGGATAATCTAACAACAGCTCTTTTGAGCTCTTTAAAAATAAAAAAAACGAGTTGATTTGATTGAAAACAATAAAAAAGACTATTGGAATCTTTGTTCTTCTTTTCTTATTGATTGGCGTAACAAACGTTCTTTTCCTGGGACAAAACGGAGAATCTCAGAGAGGAAATTTGAAGGTAGAAATTATTGCTGCTGCTATTGATACTGATCCCAAGGTTCACGTAAACAACAACTGGACAGAGACAGCTG
CP179887.1_gap19	688929	689429	500	TTCAAGACCCAGATAAAGATGGAATTTACACCGCCTCTATATCAATCCCTCCGGTACCAGGAGACTACATTATAAAGACATCTCTCTCTTATATTGATGGCGAGCTCAAAGAAATAGAAAACCAGACCCTTGTTGACCCTAGGGGATACATATACAGGCTGGACCCAGACGGACTTAAGGCCAGGATTATTAATGCGATTGTAACCATTCACTATTTCAATCCTTATACTGAACAATATGAATTATGGTCTGCTTCTGCTTATGACCAGAAGAATCCTCAGATTACTGACGATACTGGAGAATATGCCTTTTTTGTGCCTGAAGGAAAATATTATCTTACTGTTTCAGCTAAAAACTATTCCTTTTATCAATCGGAAGAATTCTTTATATCAGAGGGAGTGTTTATTCACAAGAACATTGAATTAAAACATGAAGGTGGATTTTGGAATATGATAAAGAGAGGTTTTAATAGATAAAATCAAGAAGATATTTGAACTGAA
