gap_id	start	end	length	sequence
NZ_AP024926.1_gap1	7834	10167	2333	CACGTCCAGGTAGCGCTCCGGGTGCTCCAAGGAGTAGCGCACGAGCCCCGAGCCCTCCCGCATGGCCGGGGTGAGGACGAAGAGCCTGGGCTCCATGTGGGCGAGCTCGGTGACGGCGTCCCCAAAGGCCTGGCTCCAGGTGTACCCTTTGGACACCTTCTCCGGCTTCTTGGGGTCAAAGCCCGGGGGGCCGTGCCAGTAGATGGGGTCGGCCTCGGCCACCTTGTACCCCTTCCCCTTCTTCGTGACCACGTGGAGGAGGGTGGGGCCGTCCAGGGCCTTGAGGTGCTCCAGGATGTGGACCAGCCCCTTGAGGTCGTGGCCGTCCACCGGGCCCACGTAGCGGATCCCCCAGGCGTAGAAGGGGTTTTCCTGGTGCAAAAGGAGCTTCGCCGCCTCCTTGGCCCGGTCCACGAGGCCGAAAAGCTGGGGGGAGATGCGCTCCAGGATGTTCTTCCCCAGCTTCTCCGCGTCTTGGACCCACTTTCTGATCTGAAGCTCCTTGAAGTACTTGTTGAGGGCCCCCACGTTCTCGGAGATGCTCATCTCGTTGTCGTTGAGGACGATGAGCATCCTCTTTTGGAGTTCCCCGATCTTGTTGAGGGCGGCGAGGGCCATCCCCCCCGTCAAGGCCCCGTCCCCGATCACCGCCACCACGTGGTAGTCCTCCCCCATGAGGTCCCGGGCGAGGACCATCCCCAAGGCGTTGGCGAGGGAGGTGGAGGCGTGGCCCGCGGTGATGGCGTCGTGGGGGGACTCGGAGACCTTGGTGAACCCGGAGATCCCCCCTTCCTTCCGCAGGGTGTGGAAGCGGTCCTTGCGCCCCGTGACGAGCTTGTGGGCGTAGGCCTGGTGCCCCACGTCAAAGAGGATCCGGTCCCTGGGGGAGTCAAAGACCCGGTGCAGGGCGAGGACGAGTTCCACCGCCCCCAGGGAGCTTGCCAAGTGCCCGCCGTTTTGCGCCGTGACCCGGATGATCTCGCTCCGGATCTCCTCGGCCAGGAGGAGAAGCTCCTCCAGGCTCAGGCGCTTCAGGTCCTCGGGGCTGTTCACCTTGTCCAAGATCATGGCGCACCTCACCGGAAGTTGCGGTCCGTAAGAAGCCTCCCCTCCCGGGTCCGGACCTCCCCCACCTTGGGGGCGAACCAGACCTCGTAGAGGGCCTCGCCCTTTTCGTCCCGGTAGCGTTGCCGGATGCGGAAGACGCGGAACACCCCTGCGGGCACCCGCACCTCCTTCTCCTCCAGGACCTCAAAGGTGTAGGCGAGCCGCCCCGAGGCCAAAGGCTTCTCCCCCTGGGGGGTGAGGAGGGTGGCCCTGACCTCGCTTTCCCCGCCCCAGCGGTAGCCCACGGCGAGGAGCCCCTCCGGGGGGTACTCGGGGATGGGCGGGGCGAAGACCACCCGGGCCGAGGGGTCCTCAAAGCCGAAAAGGCGCACGCCGAAGGGCCCCACCCCTCGATAGTAGACCCGGTTCTCCCCCCGGCCGAAGCTCCGGAACCTCAAGACCTCCTCCCCCTGGAACACGGCGGGGCCCTCCACCCGGACCCGGTAGGGGGGATTGGAGAGGGGCTCGCCTTCCGGGAGGTAGCTCCACTCCAGCCCCGTGGCTGCGGGGTAAAACGCCTCCACCCGAAGCTCGGGCCGCACCTCCGGGGCCTGGGTGACCTGGGGGGCGCAGGCGGCGACGAGAAGGGCGAGGGCCATAAGGTACCGCTTCATCCTAGGGAAGTTTACTCCCTGGGTCTTGGGTCTGGGCCACGGTCTACGCCTGTCCGAGCTCCCGCTTCAGACGAAGGAGGTCTTCCTCCACCTCCTTTTCGGCGGAGAGGGCCTGGAACTCCTTCTCCAGGTCGGCCTGGTCCAGGGCCTCGAGGGCCTGGTGCCGGTCCTCCATGGCCAGGATCCTCGCCTCCATCTCCTCAAAGGCCTCCAGGGCCGGGTGCTGGTCCAGGCGCGACTCCATCCGCCGTACCGTTTCGGCGGCCTCCACCCCCTTCTTCCGGGCGAGGAGGAGTTTTTTGCGGGCCTCGGCCTCGTCGATTTTGGCCTCGAGGGCCTTGAGCTGGGTCATGAGGCGCTCGGTGAGGGCCTTGTGCTCGGAAAGCTGCGCTTTGAAGCCCTCCGCCAGATCCAAGGCCCGCTTCTTCCGCCTTAGCGCCTCCCGGGCGAGGTCCTCGCGGCCCGCCTTCAGGGCCTCCCTGGCCTTCTCCTCCCAGAGGGCCGCTTCCCGCTCGTGGCTCTCCACTTCCCGCTCTAGGCGCTTTTGCTCCGCCAGGGCCTCCGCCACCTGCTCCCGGGCCTCCCGGAGGGCCTGCTTCATGTCCAAAAGGG
NZ_AP024926.1_gap2	98599	99472	873	AAGTTGTAGGGGATGCTTACCGTTCCTTGGGTGGTGTCCACGGGCACCTGGTTGGGCTTTGTGGGGTCTACAATTCCAGCGGTATCGGTGAAGAAGACCAGGGCGTTTGTGGGGGGATGGAAGCCATAGACCAGGGCCTCCCCGCTGGGGATGCCGTTGTCCGGCGTGCCGAACTCCACCAAGAGGTTGTACCCGGCCAGGCTCTGCCAGGCCACGCTGTCCCCAGTGAGGGTGTCCCAGAGGACCAGGTTGTAGGCGGCGCCGTCGGCCCCGATCTGAAGCTGGGGATGGCCGATCACGAAGTCCGGGGTTTTGGACACGCCCACGCTCTCGTCGGCGGGGGAGAGGAGGGGGGCGAAGAAGGGCGGAAGGGGTGTGGTGGAGCTGGGTTGGCTTTCGGCCGAGTTCGCGCCCCGGGCCACCACCCGGTAGTAGTAGGTCTGGCCGGGGGTCAGGTCTGCCGAGGCGTCGCGGAAGAAGAAGGGCCGGTTGAGGGGGTTGGTGGGGCAACTACTGTTTCTGTTCCCACCTACCGTGCCCACCCGGGTCCAGTTGGTCCCGTCGGTGGAGCGCTCAATGTCAAAAGCGAAGGGGGTGGCAGTGGCGGTGTAGCACCAGCGCACCTCCACGTAGAGGTTGCTTCCCTCCGGTACCGCCTCAGGGTCCAGGGTGAGCTCGCCCATTGTGCCCTTGGCTACCGGCACCTTAAGGGTAGTTGGGCTCTTGACGCTGAAGAAGCCCACCGCCTGGCCCAGGGTGATGGCCGTGGCGGCTACCCCGGTGGGGGCGCTCACGTTGTTGTTCTGGTTGGCCGAGGTGTTTTTGAAAGTGATGGGGATGAGGTAGTGGCTGCGGTTCAGGTTGAAGTCGTAG
NZ_AP024926.1_gap3	113432	114684	1252	GGAAAGGCGGGGGGAAAGGTACGGGCTTTCCGCCTCGGAGGTCCTGCCCCTGGGCCGGGGGAAGGCCCACTTAAGGCGGGCCCTCGAGCTCCTCGCCCGCCTCGCCCCAAGCCCCGCAGCCCCCCTCCCGCCCCCCGCCCCCTGGGGGAGCACCTACGTGCTACTGACCCAGGTGGCGGGGGAGGCTTTCCTAAAGGCGGCGCTCAAGGGGGCGCGCCGCGCCCGGGAGGGGCTTTTGGTCCTCCTTCCCGAGGGCTACTTCCTCTTCCCCGGGGAGAAGGGAAGGCCCGTCCACGGCAAGCCCCCCGGCCTGGAAAGGGCCCTCCGCTACCGGGCCCTTCTTTTGGCCCACGGGGTCCAGCTCCTGGTGGTGCGGGGGCACGAGCCCTTTAGGGGAAAATAGGGGCATGGGCTACGTCCCGCCCCCCACCCCCCAGTACGGCCTCGAGGAGGGCCCCGTCCTCCTCAAGGACGGGCGCACCGCCCTCCTAAGGCGGGCCACGAAGAAGGACCTCCCCCTCTTCGTGGACTTCCTAAAGCGGCTTTCCCCGGAGTCCTTGCGCCTGCGCTTCTTCTCCCCCATCTCCCCGGAGAAGGCCGCCGAGCTCCTCCTCTCGGCCAAGCCCGAGGAGGAGAAGGTGACCCTGGTGGTCCTCCTGGGGGAGCCCCCCAGGATCGTGGCCACCGGGGAGTACGTCCGGGTCAAGGGGGAGGACACCGCCGAGGTGGCCTTCCTGGTGGACGACGCCTTCCAGGGGAAGGGTCTCGGCACCCTCCTTCTGGAAAGGCTCGCCCTCATCGCCGCCAAGCGGGGGGTGCGCCGCTTCCAGGCCTTCGTCCTGGCGGAGAACAAGCAGATGCTAAGCGTCTTTATGGAAAGCGGCTTCCGGGTGCGGGCCCACCGGGAGGGCGGGGAGGTGGAGGTGGAGTTTGAGATCCTCATGGAGGAGGAAACGGCACGGCGCTTTGAGTGGCGGGAGAAGGTCTCCACCATCGCCAGCCTCCACCCCTTCTTCTTCCCCCGGGGGGTGGCGGTGGTGGGGGCGAGCCGCGACCCGGAGAGCATCGGCTACCGCGTCCTGGAGAACCTCATCTTCGGCCGCTTCCAGGGGCCGGTCTTCCCGGTGAACGAGGCTATCGGGAGGGAGGGGGGGACCGTGGGGCCCCTTCTTGCCTACCCCAGCCTGGAGAGCGTCCCCGGGCCCGTGAACCTCGTGGTGGTGGCCGTGCCCAAGGAGCGGGTCCCGGAGGC
NZ_AP024926.1_gap4	198523	203158	4635	CTTCAACACCCCCGAGCTCAAGAAGCTCATTGAGGGGATGACGGACGAGGAGCTCACCGAGCTCACCCGGTCCCGGGGCGGCCACGACATGGTCAAGATCTACGCTGCCTACAAGGCCGCGGTGGAGCACAAGGGAAGCCCCGTGGTCATCCTCGCCCGGACCATCAAGGGCTACGGGATGGGCCCCACGGTCATGGCCAAGAACGTGGCCCACCAGGTGAAGAAGCTCACCGAGGAGGACCTGAAGGAGGCGAGGCGCTTCCTCGGCATCCCCATCCCCGAGGAGAAGCTTCCCGAGCTCCCCTACTACCACCCGGGGCCGGACTCCCCCGAGGTCCGCTACCTCCTGGAAAGGAGGAAAGCCCTGGGCGGCTTCGTGCCCGAAAGGAGGGTGCGCTTCAAGGGGGGCCTCGAGGTCCCGGAGGAGGAGTTCTTCCGGGAGTTCTACGAGGGCTCGGGGGGGCGGGAGATCTCCACCACCATGGCCTTCGTGCGCATCCTCGCCAAGCTCCTCCGCCACCCCAAGATCGGCAAGTACATCGTCCCCATCGTCCCCGACGAGGCCCGCACCTTCGGCATGGAGGCCCTGATCGCCCAGGTGGGCGTCTACTCCCCCCAGGGGCAGCTTTACGTCCCCGTGGACGCGGGCACCCTCACCGCCTACAAGGAGAGCCAGAAGGGGCAGATCCTGGAGGAGGGGATCACCGAGGCCGGGGCCATGGCCGAGTTCATCGCCGCCGGGACCGCCTACGCCCACTGGGGCATCCCCACCATCCCCTTCTTCATCACCTACTCCATGTTCGGCCTGCAAAGGATCGGGGACCTGGTCTGGGCCGCCGCCGACCAGCGCACCCGGGGCTTCTTCCTCGGGGCCACGGCGGGGCGCACCACCCTGGCGGGGGAGGGCCTTCAGCACCAGGACGGCCAAAGCCACGTCTACGCCCTGGCCGCCCCCAACCTCCTCGCCTACGACCCCGCTTTCGCCTACGAGTTCGCCGTGATCCTGGAGGATGGCCTTCGCCGCATGTATGGCCGGGGGGAGGACGTCTTCTACTACATCACCATTGAGAACGAGAACTACGTCCACCCCCCCATGCCCGAGCCCCGGGAAAAGGTCAAGGAGGGGATCCTAAAAGGGCTTTACCTCTTCCGGGCGGGGGAGGGGAAGGGCCCGAAGGTGCAGCTTTTCGGCACCGGGCCCATCCTCAACGAGGCCCTGAAGGCCCAGGAGCTTTTGGCCAAGTACGGCGTGGTGGCGGACGTCTGGAGCGCTACCAGCTACAAGGCCCTCTACGTGGACGCCATTGAGGCCGAGCGGGAGACCCGCCTTTTGGGCAAGGCCCGGAGGCCCTACGTGCAGGAGGTCCTCGAGGGCCACGAGGGGCCCATCGTGGCCGCCACCGACTACCTCAAGGCCCTACCCAACCTCATCCGGGGGTACGTGGACCGGCCCTTCGCCGTCCTCGGCACGGACGGCTTCGGCCGCTCCGACACCCGGGAGGCCCTTAGGGACTTCTTTGAGGTGGACGCCCGGCACATCGCCTACACCGCCCTGGCCCTGCTCCACGAGGAGGGCAAGGTGACGAAGAGGACCCTGAACCAGGCGAGGAAGGACCTGGGCCTTAAGCTGGAGGAGGTGCCGCCCCACCGGCGGTAGGGGGAGAGCATGGAGGTCAAGCTACCCGAACTCGGCGACAACGTAACGCAGGCGACCGTGGTGGGCGTCCTGGTGAAGGAAGGGGACCGGGTGGAGCCGGGCCAGCCCCTTCTGGAGCTGGAGACGGACAAGGCGGTGGTGGAGGTGCCCGCGGAGGCGGGCGGCGTGGTGAAGCGGGTTTTGGTCAAGGTGGGGGACGAGGTGCGCCCCGGACAGCCCTTCCTGGAGCTCGCCGAGGCCGAGGGCGGGGCGGAAGCGCCTCCCCTTAAGGCGGAGGAAAGGCCGGAAGCGCCCGCCCCCAAGGCCGAGGAGGCGCCCCGTCCCGCCCCCAAGGAAGCCCCTCCCGCCCCCCAGGAGGCGCCCTCCGAGCGCCGCCTCATCCCGGCGGCCCCCTCCATCAGGCGGCTTGCCCGGGAGCTCGGGGTGGACCTCACCCGGCTCCGGGGCACGGGGCTTGCCGGGCGCATCACCGAGGAGGACGTGCGCCGGGCGGCGGGCCTTGGGGAGGCGGCCCCGGCGGCCCTTCCGGCGGCCCCCGCGCCCAGGCTTCCCGACTTCACCAAGTGGGGCCCCGTGCGCCGGGAGCCCATGAGCGGGGTGCGCAAGGCCACGGTGCGCTCCATGAGCCAGGCCTGGGCCCAGGTGCCCATGGTCACCCACTTCGACGAGGCGGACATCACCGAGCTGGAGGCTTTGCGCAAGCAGTACGCCAAGAAGGCCGAGGAGAAGGGGTTCCGCCTCACCCTCACCGCCTTCCTCCTCAAGGCCCTGGCCCTGACCCTGAAGGCCTTCCCCAAGTTCAACGCCTCCCTGGACGTGGAGGCCCAGGAGATCGTCTACAAGGACTACATCCACATCGGGGTGGCGGTGGACACGCCCCACGGCCTTTTGGTCCCGGTGATCCGCGACGTGGACCGGAAAGGGGTCTTGCGCCTGGCGGAGGAGCTTCAGGAGATCTCCCAAAGGGCCCGGGAGCGGAAGCTCTCCCCCGAGGAGATGCAGGGGGCCACGTTCAGCCTCTCCAACCTGGGGGGGATCGGCGGCACCGGCTTCACCCCCATCGTCAACTGGCCGGAGGTGGCCATCCTCGGGGTCTCCCGCTCCCAGATGAAACCCCTTTGGGACCCCGAGAAGGAGGCCTTTGTGCCCCGGCTCGTGATGCCCTTCAGCCTCACCTATGACCACCGCCTGATTGACGGGGCGGACGCCGCCCGCTTCTGCCGCCACCTTGCGGGGATTCTGGAGGACCCCCTGGGCCTCGCCCTAGCCTAGCCGGAGGAGGCGCTGGGGCGTGGCGATGAGGTCCACCCGCCTTTCCGGGGGCACGGGAAGGCGGGGGTAGACCATCACCGGGTGGGCCAGGGTAGCGAAGGGGGCCTCTACCCGGAGCCAGCTTTGGGGGAAGCCGTAGCCCTTGCCCACCCACCCCCCCTCCTCGTCCACGGCCACCGCTCCGATGAGGACGAGGTCCGGCGGGGCCTCCTCCAGGGCCACCCGGACCCCGAAGCGGTAGGCCTCCCGCACCCGCTTGAGCTTCCTCGGGTCCAGGTCCTTGAGGAGGAGGAACTCCCCCGGGCGGTCGGGGTGGGGGAGGAGGAGCTCCTTTCCCTGGCGCAGGGCCTCCTCCCTTAGGGGCTTGAGGACGGCGTCCATCCCCGCGAGAACCCGCCTTGCCCCCTGGAACTCGGGGGTCTTGAGGAGCCTCTCGGCCGCCCTTCTGGCCCCCAGGAAGTTGGGGTGGTGGCCGTGGGGGGGCGTGGGGTGGAGGGCGAGGTCGTAGCGGGCCAGGGCGTTCCAGACCTCTTCCCGGAGCTCGCCCAGGGTCATGTTTCCCGGATGACCGCCTGCGGCCTGCCCCGCCCCTCCACCACGATCCCCTCCCCTTCCTCCACCCGCCTCAGCACCTCGCCGAAGTGGACGCGGGCCTCGGTGGCGCTTAAGACGCGCTTGCGATGCATCATTTCACATTAGTTTAGCCGCCCCGGTCCCTTCCTGCAGGCTAAACTGGGGACCATGGGCCGCAAGCTCCGCTTCGCCCACCTCCACCAGCACACCCAGTTCTCCCTCCTGGACGGGGCGGCGAAGCTTTCCGACCTCCTCAAGTGGGTCAAGGAGACGACCCCCGAGGACCCTGCCCTGGCCATGACCGACCACGGCAACCTCTTCGGGGCCGTGGAGTTCTACAAGAAGGCCACCGAAATGGGCATCAAGCCCATCCTGGGCTACGAGGCCTACGTGGCGGCGGAAAGCCGCTTTGACCGCAAGCGGGGCAAGGGTTTGGACGGGGGCTACTTCCACCTCACCCTTCTCGCCAAGGACTTCACGGGGTACCAGAACCTGGTCCGCCTGGCAAGCCGGGCTTATCTGGAGGGGTTTTACGAAAAACCCAGGATTGACCGGGAGATCCTGCGCGAGCACGCCGAGGGCCTCATCGCCCTCTCGGGGTGCCTCGGGGCGGAGATCCCCCAGTTCATCCTCCAGGACCGCCTGGACCTGGCCGAGGCCCGGCTCAACGAGTACCTCTCCATCTTCAAGGACCGCTTCTTCATTGAGATCCAGAACCACGGCCTCCCCGAGCAGAGGAAGGTCAACGAGGTCCTCAAGGAGTTCGCCCGGAAGTATGGCCTCGGGATGGTGGCCACCAACGACGGCCACTACGTGAGGAAGGAGGACGCCCGGGCCCACGAGGTCCTCCTCGCCATCCAGTCCAAGAGCACCCTGGACGACCCCGGGCGCTGGCGCTTCCCCTGCGACGAGTTTTACGTGAAGACCCCCGAGGAGATGCGGGCCATGCTCCCCGAGGAGGAGTGGGGGGACGAGCCCTTTGACAACACCGTGGAGATCGCCCACATGTGCAATGTGGAGCTGCCCATCGGGGACAAGATGGTCTACCGCATCCCCCGCTTCCCCCTCCCCGAGGGGCGGACCGAGGCCCAGTACCTCATGGAGCTCACCTTCAAGGGGCTCCTCCGCCGCTA
NZ_AP024926.1_gap5	268378	272891	4513	TGCCCGAGGACGCGGGGGCCGAGGAGGACTCCGACGACTTCGTGGGCCTCATCCGCTACGTGGAGGGGAGCGTGGTCTCGGTCTTCCTGCGCAAGCGGGAAGAGGGGGTGAAGGTCTCCATCCGCTCCCGGGGCGGGGTCTCGGCCCAGAACATCGCCCTGAAGCTCGGGGGCGGCGGGCATGTCCCCGCCGCCGGGGCCACCCTGAAGGGCCTGGACCTGGACCAGGCCTACGAAAGGGTCCTCGAGGCCGTCAAGGAGGAGCTCACGCGGGCGGGGTACCTCTAGGGGGGTCCCAGAGGAGAGGGGGGTGGGAGAGGAGGAGGGGGGCCACCTCCTCCCCGGGCTCCACAAGGAGGCGGTGGCGGTAACGGTTGCCCCGGGGCTCCCGGTACGCCTCCAGGCTTCCCCCTTCCTCCACGAGCCACACCTCGGGGACGCCTCCTTGGGCGTAGAGGGCGAGCTTCTTAAGGTCCATTTCCCGGGTGGAGAAGCTGACCTCCACCACCAAGAGGGTGTCCGCGGCTTCGGGGAGCCTTTCCCGGTAAAAATCCTCCCGCGGCCGGAGCAGGGCGAGGTCCGGTTGGGGCAGGGAGTGGGGGGAAAGGCGAAGGGGGTTTTGCACGTAGACCAGGGCCCGGTCCCCGTAGAGCCTTTCCAGCTGCTTGGCCAGGTAGGTCACCAGGCTGGCGTGTCCGCTGCCGATGGGGGCCATCTCGTAGACCTCACCGTCCAAGAGCTCCAGGCGAAGCCCTTCTGGGGCCTTCTCCAGAAGGGCCTGGAACTCCTCGAGGCTCAAGCGGTGGCGGATCATCTCCCCATTTTAGGCCCCGTACTTCAAGAGCTTCCCCGCATGGGCGAGGAGGAGGGGCATGAGCTCCACCCCTCGGAGGTGGCCGAGGCTGCCCTTTAGGGCTTCCTTCTCCGTGAAGCGCCTCGCCTCGTCCGCCCGCAGGTAGGGGGCCTTCAGGAGGAGGGGAACGGGGTGCCAGGAGTGGGCCTTGAGGAGGGCGGGGGTGGAGTGGTCTCCCGTGATGGCGAGGACGTCCGGGCCTAGGGCCAGGATCTCGGGGAGGAGGGTGTCAAAGAGCTCCACCTTCTCCACCTTTCCGCGGAAATTCCCGTCCTCCCCCATGGCGTCCGTCTTCTTCACGTGGAAGTAGAAGAAGTCGTACCGCCCCCAGTTCTCCTTTAGGGCCTTGAGCTTCCCCTCCAGGGCGTCCCCCTCCCCCTCCACGGGAAGGACCTCCATGCCCACCAGGCTGGCCAGACCCTTGTACATGGGGTAGCTGGCGATGGCGGCGGGGGTAAGCTTGTAGACCTCCTGCATCCGGGGGAAGCTTGGCTTCTTGGAGGCCCCCCGGAAGAGGGCCCCGTTCATGCGGGGCTCGTCCCTGAGGACCTCCCGGATCCTCTCCGAGAGCAGGTTGACGATCCTGGCCGTCTTCTCCGAGGCCTCGTCCAGGGCCTTGGCCTTTAGGGGGGGCAGGCCCGTCTTCTGGGGGTCGGTGTCCGTCACCTTGTCCTCCAGCCCCTCCCCCCGGAGGATGACCAGGAAGCGGTGCTCGCTTTCCGTGTAGAAGTGGACCTCCACGTCCTCTATGCGGGGGATGGCCTCCTTTAGTTTGGTCACGACCCTCTGGTTCTCCTCCGTGGGGGGCCTTCCCGCCCTGCGGTCCACCACCTTGCCCTCAGGGTCTAAGGTGGCGAAGTTTCCCCTCAGGGCCACGTCCCCCTCCCGGAAGTCGGCCCCGAGGCCCAAGGCGCTCAAAGCCCCCCGGCCCACCACGTAGCGGAAGGGGTCGTAGCCGAAAAGGGCGAGGTGGCCTGGGCCGGAGCCCGGGGCGAGGCCGGGGTAGACGGGGGTGAGGAGGCCCAGGGCGCTTTCCTCCGCCAGGCGGTCCAGGTTGGGCGTCTTGGCGGCCTCGAGCTCCGTGGGGCCCCCCGGCTCCAAGGGAAGCCCCCCCACACCGTCCAAGACGATGAGGAGGATTTTGCTCGGGGTTTTCTGGGCGAGTTCCTTGAGAACGGGGAAGAGGTCCATGCCTAAAGTTTACCCCCGGGGCGGGGAGGCCCCGGGGGAAGCCGGCTAAGGCTTAGCGGGCGGCGCGGTCGGCATCCACCAGGCCGTGGCCGAAGAGCTGGCGGCTTCCAATGTCCTCGGCGGTGGCCTTGAGGTGGGCCCGGACCTGCCCCGGGGTCCAGTCCTTGTGGAGGGCCTTGACCAGGGCGGCCACTGCGGCCACGTGGGGGCTCGCCATGGAGGTGCCCGCGTACCAGGCGTAGGCGGGGGTGTTCTCGTCCACGATGAAGGTGGAGAGGATCAGGTGGTAGCGGTAGCCCGCGGGCCGCTCGTTCCGCGGGCGGAAGCACCAGCTCTGGCCGTTTTCGTCCAGGCCGCAGTCGCCCCCGGGGGCGGCGAGGTCCACCGCTACCCCGTAGTTGGAGTAGAAGGCGAGGACGTCCTCACCGGGGGCGGCGTTAAGGGTGTTGTCCGTGGGGTAGGGCTCCTGCCAGAGGGGCGTGGCCGTGCCCGTGGCGGAGACGGAGATCACCGTGGGCAGGTCCGAGGGAATGTGCACCACGGGGCCGTTGGCGTTTTGGGCGCTATTCCCTGCCGAGGCCACGATGACGGTGCCCATGCGGTTGGCGTACTTCATCACCCGGTCCCAGGCCACCATGGCGGCCACGTCCTCGCGGCTTTGCATGTACAAGGTGCCTCCCAGGCTCATGTTGATGACGTCAAAGCCTCGGTCTGCCGCATCGAGGATGGCCTCAAAGATGGGCCCGTCCCAGGCGCCCACGTCGTCGTACTCCTTGCCTGTCTCGGGGTCGGTGTAGTGGTAGCGGTCAAACACCTTGTAGGCGGCGAGGCGCACCCCCGGGGCCACCCCCACCACCCGGCCCCCGCCGAAGGCCGCCGCCACGGTGCCGGAGACGTGGGTGCCGTGGGCCTCGTACATCACGTAAGGTGCGGGGGTGCATAGGCTATTGGGGTCAAAATTATCAAAGTCAATCCAGAGGCTGTACTTGGGGTAGCTCGGCGTGTTGTTGGGGCCGCCCGTTTCCTGGCAGTAGTTGGTGGCGGCGAAGTGGGTGATCTGGCCCTCCAGGTCGGGGTGGTTGTCCATCACCCCCGTGTCCAGGACGGCCACCGTGGCCCGGGCCTGGACCTCGAGGGGCACCCGGCGCCAAACCTCGGGCGCCTTGATGCGGCGGATGTCCCACTGGTACTTGTAGAGGCTGTCCGCCGCCGTGGGGGCCCCGTAGGTGTCCTCCACCAGGACCCGCTCCGTCTTGGGGAGGCTGTAGCGGTGCTCCTTGCCCACGGCGAGGACCTCGGGCCGCCGCGCCAGGCGCTCCGCCGCGGCCTTGTCGGCCACGACCACCAGGGTGCCGATGGGCTCCAGGGCCTTCAGCACGCGGGCGCCTTCCCTTTCCACCTGGGCCCTGGCCCCGGGGGGCAGGGTCTCCGACTTGAAGACCACCAAATAGCGCTCGGTGCCCCCAGCCCGCACCCCCTGGGTGGAGAGGGCGCTTGGGGCGGTTTGGGAGGTCTGCTGGTTGCAGGCAAAAAGCCCCAGGGCCAGCCCGATGAGAATCCCATACCTCCACTTGCGCATAGGCACCTCCTTGCGGAATCCTGCGGCTCCAGTCTACCGCGAAAGGGTCCTTTGGCAAGTATGATGGGCGGGTATGGCGAAGGAGAAGGGCCTAACCCCCCAGAGCCAGGACTTCAGCGAGTGGTACCTCGAGGTCATCCAAAAGGCCGAGCTCGCCGACTACGGTCCGGTGCGAGGCACCATCGTGGTCCGCCCCTACGGGTACGCCCTCTGGGAGAACATCCAGCAGGTTCTGGACCGCATGTTCAAGGAGACCGGCCACCAGAACGCCTACTTCCCCCTCTTCATCCCCATGAGCTTTCTCAAGAAGGAGGCCGAGCACGTGGAGGGGTTCTCTCCCGAGCTCGCCGTGGTCACCCACGCGGGGGGCGAGGCGCTGGAGGAGCCCCTGGCGGTCCGCCCCACCTCGGAGACGGTGATCGGCTACATGTGGTCCAAGTGGATCAAGAGCTGGCGCGATCTGCCCCAGCTCTTGAACCAGTGGGGCAACGTGGTGCGCTGGGAGATGCGCACCAGGCCTTTCCTCCGCACGAGCGAGTTTCTGTGGCAGGAGGGGCACACCGCCCACGCCACCCGGGAGGAGGCGGAGGAGGAGGTGCGGAGGATGCTCTCCATCTACGCCCGCCTCGCCCGGGAGTACGCCGCCATCCCCGTGATTGAGGGCCTGAAGACTGAGAAGGAGAAGTTCGCCGGGGCCGTCTACACCACCACCATTGAGGCCATGATGAAGGACGGCAAGGCCCTCCAGGCGGGCACCAGCCACTACCTGGGGGAGAACTTCGCCCGCGCCTTTGACATCAAGTTCCAGGACAGGGACCTTCAGGTGAAGTACGTCCACACCACGAGCTGGGGCCTCTCCTGGCGCTTCATCGGGGCCATCATCATGACCCA
NZ_AP024926.1_gap6	288937	293195	4258	GCCCGCATGGGCCTACATTACCTCAGGCGCGGGGATGCCGAGGAGGTCCAGGCCCGTGGCCAGGGTCCTTTGCAGGCTCTGGACGAGGCTTAGGCGGAGCTCCCTCAGCCCCTCAGGGGCGGTGAGGACGGGGGTGGCGGGCTGGCCGTTTTCCCGGGCGTTGTAGTAGGCGTTCCAGCTCGCCGCGAGGTCCAGGAGGTACTGGGCGAGGACGTGGGGGGTCCTCTCCTCGGCCGCCTCCAGCACCGCCTCCTCAAAGTCCAGGAGGTCCAGGGCCAGGGCCCGCTCGTAAGGGGTCGCCTGGGAGAGGTCCGGCGCTCCCCACTCCCCCGCCTTGCGCAGGATGCTGTGGGCACGGGCGTGGGCGTACTGGACGTAGGGGCCGGTGTCCCCTTCAAAGGAGAGGGCCTCCTGGTAGCGGAAGTCAATCTGCTTTTTAGGCTCGGTCTTGACCATGCTGAAGCGGATCGCCCCCAGGGCCACCATCCGCGCCGCCTCCTCCTTGTCGGGGTGGTCGGGGTTCTTCTCCTCCACGATGGCCCGGGCCCTCCGGGTGGCCTCCTCCAGCACCTCGTCCACGCTCACGGCGAGCCCCTTCCGCCCCGACATCTGCCGTCCCTCCAGGAGGACGGTCTCGTAGGCCAGGTGGTGGGCTTTCTCCGCGAGCGCGGGGTAGCCCGCAAGGGCCAGGGCGGCCCGCACCAGGGCCTGGGGGTGGCTTTGGCGCACGTCAATGACGTTGATGGTCTCCTCCGCCTTGGGGGTGTAGGCCTCCCCCTCGGGGGCGCTCGTACGGAGGCCAGGATAGTAGGGGTTCTCGTAGGGGCGGAAGCGGAGGCCCTCCAGGATGCCCATCTTCCAGAACTGGAAGGCGATGTCCTTGGCGTAGTAGGTGGCCGTGCCGTTGGAGCGCAGGAGGACGAAGAAGGGGTCCTCGAGGCCCGGGATCACGGGGCTCGCGTCCATGACCAGGGCCCCGGCGTACTTCCCCTCCCGGGGGCGGAAGACGTGGGGGCTTTGCTCCAGGAGGGCGAGGGCCTTCTGGAGGAGCCCCGCCCGGACGATGTCGGACTCCCAGACGAGGAGGTCGTAGCGGGCGTTCAGGGCGTGCATCGTGGCCATTTGGGCGAGGAGGATCCGGTTCACCTCCTCCCTGAGCTCCCCCCGCTCCAGGGCGTGGAGGACCTCCTCAATGCCCGCCTGGAGCCTCTCGTACTCGGGGTCCTGGTGCAGGCGGACGTAGGCCCGGCCGGCGAAGTGGTCGTACTTCTCCTTCCCGTCCCAGGTGAGGCCGTAGTGGCGGAGGGCGAAGAGGGTCTCCGCTGCCTGGCGGCCCGTGTCGTCAATGTAGTTGAGGACCAGGACCTCCCGCCCCGCGTAGGCCAGGATGCGGGCGATGGCGTCCCCCAGGGCGATGTTGCGCAGGTGGCCCACGTGGAGCTCCTTGTTGGGGTTCACCGAGGTGTGCTCCACCAGGACCACCCCGGGCCGCCTGGGGAAGGGGGCCTTGGGGCGGAGGGCCTCCCGGAGGAGGGCCTCGGTGCGGAGGCGGAAGTTCAGGTACCCCCCCACGGGGATGGCCTCCTCCACGAACTCGGGCAGGGGAAGCCGGTCCTTAAGCTCCTGGGCGATGGCCTGGGGAGGCTTCCGCAGCTCCTTGGCCAAGGCGAAAAGGGGGACACCGTAGTCCCCCGGTTTGTCCTTGGGGGCCCGGGCCACCTTGAGGCGGACCGGAACCCCCATCTCCTTTAGGGCCTGGGCGATGGCCTCTTCCAGAGCGCGCCGCAGCATCAGGGGGTTATCTTAACCCCCCGCGGCCAGGGCAGGGAGGGCGAGGCTGGGGAGGAGCCCCAAGGCGAGGAGGAGGACCCCGGCGGCCACGACCGCGGCCCGGGCCCAGGGAGGGCCTGGGCGGAAGGGGGTCTCCTCGGGCCGCGCGAAGACGGCGAGCCCGAGCCCGAGGTAGTAGTAGGCGCTCACGGCGCTGGTGACGAGGGCCAGGACCAAGACCCCCCAGGCCCCGGCCCGGGCCGCCTCGGCGAAGGCCAGGTACTTGCCCCAAAAGCCCGCGAGGGGCGGCAGGCCCAGCAGGGAAAGCATGGCCACCAGGAAGGCGAGGCCCAGGAGGGGGTCTTTCCGGTAGAGGCCCCGGAGGGCCTCCAGGGGCACCCGGTCCGGGGAGATCTGGCTTAGGACGGCGAAGGCGAGGCCCGTGGCCAGGACGTAGGTGAGGAGGTAGAAGCCCAGGGCCTGGGCGTTTCCGGTGTAGAGGGCGAGGGCCATGTACCCGGCGTGGGCGATGGAGGAGTAGGCGAGAAGCCGCTTGGCCTCCTTCTGCGCCAGGGCCGCCAGGTTCCCCACCACCACGGAGAGGGCCACGAGGAGGGCGAGGGCCTCGGGGGGTGCGGCCACCCGGAGGAGGGCGGCGAAGGCCGCGGCCTTCACCGAGGTGGCCATGAAGAGGACCACGGGGGTGGGGCTTCCCTGGTAGACGTCGGGGGTCCAGAAGTGGAAGGGGGCGAGGGCCGCCTTAAAGCCCAGGCCCACGAGGAGCAGGCCCAGGGCCAGGGCGTAGAGGGGGCCTTCCCCGGGGGCGCCCAGGACGAGGCTCCCCGTGGCCCCGTAGAAGAGGGCCGCCCCGTAGAGGAAGAAGGCGGCGGCCAAGGCCCCCAGGAGGAAGTACTTGAGGGCGGCCTCGAGGCCCTGCCCCCGGCGCCAGGTGGCGAGGGCGTAGAGGGGGAGGGAGAGGGCCTCGAGGGCCACGAGCATCAGGAGGAGGTGCCGGGTGGAGGCGAGGAGGTGCATGCCCAAGGCGGCGTAGAGGACGAGGAGGTAGAACTCAAACCGCCCCGAGCGCACGAGGCCCACGGTCCACAAGGCCCCCAGGAGGGCGAGGAGGGTGAAGACCTGGGAGACGCCGTCCACCGCGTAGGGCCCGAAGGCGAAGGGCCTCCCCCAGGTGAGGAGGAGGCTTACGAGGGCCAAGGCCAGGCCCAGGAGCGTGGCCCGCTTCACGCCCTGGGGCGGGAGGACGAAGCCGAGAAGGGTCAAGGCCACGGAGAAGACCGCGAGGATCGCCAGGGTCATGCGCCACCTCCAAGAAGCTTGGCGAAGGCCTCCGCCAGGGGGTGGAGCCCCCGGGCGAAGTAGCCGGGGAAGACCCCCATGAGGAGGAGGGCGAGGACGCTAAGCAGGGCGAAGCCCCACTCCGCCCCCGCGAGGTCCTTCACCCCAGACCCTCCCTCCTCCCAGAAGGTCTTCTGGAAGGCGGTGAGGGCGTAGGCCGCGGAGGCGATCACGGAGAGGAAGGCCAAGGCGGCAAGCCAGGGGCTTGCCTTGTAGGCCCCGAGGAGGGTCAGAAACTCCCCGGGGAAGCCGGAAAGCCCGGGGAGGCCCACCATGGCGAGGAAGAGGATGAGGGCCAAGGCGGCGAGGCCCGGGGCGCTCTCTGCCAGGCCCCGGTAGCGCCCGATCTCCAGGGTGCCCGTCCGCTCGTAAAGCCTTCCCGCGAGGAGGAAGAGCCCCCCGGTGTAGACCCCGCTGGCCGCCAGGAGGTATAGCCCCCCCATGGCCCCTTCCGGCGTGCCCGAGAAGACCCCCAGGGCCGCCACCCCCATGTGGGAAAGCCCGGCGTAGGCCAGGAGGGTCTTGAAGTCCTTGGCGGCGAAGGCCACCCAGGCGCCGTAGAGGGCGGAAAGGGCCGCCAGGAAGAGGAGGAGGCCCTGGGCCTGGGCGAAGCCCTCGGGGGCCAAGGGGATGGCGAAGCGGAAGAAGGCGAAGACCCCCACCTTGTAAAGGGTGCCGAGGGCGTCGGCGAGGCCCGAAGGGTGGTTTTCCTGGTGGAAGGGGGGAAGCCAGGCGTGGAGGGGGAAGAGGGGCGTCTTGATGGCGAAGGCCAGGGCGAAGCCCAGGAAGACCCAGAAGGCGGCCTCTTCCTGGAGGGGGTGGGCGAGGAGGTCCTCCAGGAGGAAGGTGGGGCTGCCCGAGAGGAGCCTGGCCCCGAGGACGGCGGCGAGCATGGGCAAGGAGCCCACCAGGGTGAAGAGGACGAAGGTGTAGAGGGCCCGCGTCCGCCCCTCCCCCCCGTAGAGGTAGAGCATGAGGAGGGCGGGGATGAGGGCGGCCTCAAAGAAGACGTAGAAGACGAGGAGGTCCCGGGCGGCGAAGAGGCCGAGGAGAAGCCCCTCCATGAGGAGGGCGAGGCCCAGGAAGCGCCCTTCCACCCTCGCCACCAAAGCCCCTAAGAAAACGGTGAGGG
NZ_AP024926.1_gap7	341459	345492	4033	TAGGCCATGCGCGGCCTTTCCCGAAGGGTCCAGGCCATGAAGCCCTCGGCCACGGTGGCGGTGAACGCCAAGGCCCTGGAGCTAAGGCGCCAAGGGGTGGACCTTGTGATCCTCACCGCCGGCGAGCCCGACTTTGACACCCCCGAGCACGTGAAGGAGGCGGCGAGGCGCGCCCTCGCCCAGGGGAAGACCAAGTACGCCCCCCCTGCGGGGATCCCCGAGCTTCGGGAGGCCCTGGCGGAGAAGTTCCGCCGGGAAAACGGCCTCTCCGTGACCCCTGAGGAGACCATCGTCACCGTGGGGGGGAAGCAGGCCCTCTTCAACCTCTTCCAGGCCATCCTGGACCCGGGGGACGAGGTCATCGTCCTGAGCCCCTACTGGGTGAGCTACCCGGAGATGGTGCGCTTCGCCGGGGGGGTGGTGGTGGAGGTGGAAACCCTCCCCGAGGAAGGCTTCGTCCCCGACCCCGAGAGGGTCCGGCGGGCCATCACCCCCCGCACCAAGGCCCTTGTGGTCAACTCCCCCAACAACCCCACGGGGGCGGTCTACCCGAAGGAGGTCCTCGAGGCCCTGGCGAGGCTTGCGGTGGAGCACGACTTCTACCTGGTCTCCGACGAGATCTACGAGCACCTCCTCTACGAGGGGGAGCACTTCTCCCCTGGGCGCGTGGCCCCCGAGCACACCATCACCGTGAACGGGGCGGCCAAGGCCTTCGCCATGACCGGATGGCGCATCGGCTACGCCTGCGGGCCCAAGGAGGTCATCAAGGCCATGGCCTCCGTCTCCAGCCAGTCCACCACGAGCCCCGACACCATCGCCCAGTGGGCCACCCTGGAGGCCCTCACCAACCAGGAGGCCTCCCGCGCCTTCGTGGAGATGGCCAGGGAGGCCTACCGCAGGAGGCGGGACCTGTTGCTTGAGGGCCTGGCCGCCCTGGGCCTCAAGGCGGTGCGCCCGAGCGGGGCCTTCTACGTCCTCATGGACACCTCCCCCATCGCCCCCGACGAGGTGCGGGCGGCGGAGAGGCTCCTTGAGGCGGGGGTGGCGGTGGTCCCGGGCACGGACTTCGCCGCCTTTGGCCACGTCCGCCTCTCCTACGCCACCAGCGAGGAGAACCTCAGGAAGGCCCTGGAGCGCTTCGCCCGGGTGCTGGAGCGCGCCTAGCCGGGGTTTTCCTGGGGTATAGTCTAGCGGCGCGGGGCGGCCCCGCGCCCTGGGGGTCTTTATGAGCGTGATCCTCCTCGGCCTAGGCCGGTACGTGGAAGAGATCGTGGAGGTGGTCTCCGCCATCTCCGACGTGGTCCTGGTGGAGCGGGACGAGGCGCGGCTTAGGGCCTTTTTGGAGAAGGCGCCCGTGGCCAACCTCCGGGCCCTCCCAGGGAGCGCCACGGACGTGGGGCTCTGGAAGGAGGTGGACCTCGAGGCGGCGGAGGCCGTCATCTCCTTCCTCTCCGTGGAGGCCACCTTGGACGTGGCCCGGCTTCTGCGCAAGGCCCTGGGCTACCGGGGCAAGATCGTCCACGTCTCCAAGGCCCGGCCGGACCCCCAGGCCGTGCGGGAGCTGGACCTGGAGGTGGTCTCCATCCCCGAGGTCCTGGGGGCCATCCTGCGCAACCTCCTCCAGGGGCAGGGGATCGTCCGCTACCCGGTGGGCATCGGCCTGAGGAAGGGGGAGGTGGTGGAGGTCCTCATCACCGAGTCTTCCCCTGCGGTCTACGCCCGGCTCCGGGAGCTCCGCCAGCCGGGGGCCCGGGTGGCCTTGGTCTACCGGGAGGGGAGCCCCATCCTGCCCCGGGCCGACTTCCGGGTCCAGCCGGGGGACCGGCTCCTCGTGGTGGGCGACCCCCGGGGGGTGGAGATCTTCGTGGGGGCGGTGATCCGGGGAGAGCCCACGTTTCCCCGGCGCTTCGGGAGCGTGGGCGCCCTTTGCCGGGCGGAGGACGAGGAGGCCCTTTACCTCAAGGAGCGCCTCAAGGTGCGGGACTGGGTGGAGGCCTGCGAGGACCCGAAGGGGGTGGCGGAGGTGGGGGTTTTCCTGGCCCGGGACCGGGACTGGGTACGGCGGGCCTTCCAGGAAGGGTACCCGTTTCCCTCCTTCCACCTCCGGGGGACCCACCCCTACCGGAGCATCCTCGTTTCCGCCAACACCGAGGCCCTAAGCCCCCTCCTGGCCTCGGCCATGGACCTGGCCCGGATCTTCGGCAGCGAGGTCTACGTCCTCTTCGTGAGCCGGGTGGAGGCCTTCATGCCCCCTGAGGAGAAGGAGCTTCTGGAGAACCTGAAGCTTCTGGTGGAGCGGGCGCGGAAGACCTCGGGCCTCGAGGTCCACCTCATCCGCAAGGAGGGGAACCCCGTGCGGGAGACCCTGAGGCTCCTCAAGGGGAAGTTCAACCTCCTGGCCCTGGGCTATACCCCGGGGCGCCGCACCGCCTTCTTCCGCCCCTACGTCCCCCAGCTTTTGGCCCAGGCGAGCCCGGTGTCCACCCTCTTGGTGCCGGAGGTCAACCTTGAGCGGTAGCCTCCTTTTGCTTTTCGTCTTTCTGGCGGCCTTCCTGGCCCCGCCCCTCTCCCGCCTCCTCAGGATGCCCGTGCCCGTGGGGGAGCTCGTCATCGGCCTCCTCCTCGGCCATTTCCTCGCCCAAGGGGTGGCCCTCCCCGAGATCCTGGGGTTTTTGGCGGACTTCGGCTTCCTCCTCCTCATGTTCCTCGCGGGGCTAGAGGTGGACTTCAACCTCCTCCGCCAGTTGGAGCGCCGCCACTTCGTCTTCTACGCCCTTTACGTGGTGGGCATGTTCCTCGGCGCCGGGCTTCTCGCGGGCCTTTTGGGCGTGGGGCTCGCCCAGGCCCTGATCCTCGCCCTGGTTTCCATCGGCCTTATGGTGGCCACCCTGAGGGACATGGGCATCCTGGGCCGGGCCTTCGCCAAGCGGGTCCTGATCCTCGGCGTCCTGGGGGAGGTGGCGAGCCTCTTCGGCCTCACCGCCATGGAGAAGGCGGCCCACTACCAGGGCCTCCTTCCCCTGCTGGAGGAGGTCGGGATCATCGCCCTCTTTTTCCTCCTCCTTTTCCTCGCCTTCCGCCTGGCGGGCCTCTTCCTCTGGTGGTACCCGGAGGTGGGCCGCAGGCTGGTCTACGAGGAGGACCCGAGCGCCATGGGCATCCGGCTGAGCCTGGCCCTCATGTTCGCCGCCGCCGTCATGAGCGGTCTGGTGGGGCTGGAGAGCGTCCTCGGGGCCTTCCTCGCCGGGATGATCCTCTCCTACTTCCTGCAGAAGAAGCACGACCTCGAGGCCAAGCTCAGCGCCATGGGCTACGGCTTTCTCATTCCCATCTTCTTCATCCGCACGGGGATGGGGATTGACCTCTCGGGCCTGGACGGCCGCCTCCTCCTGGAGGTGGGCCAGGCCCTCCTCCTCATGCTCCTCATCCGCCTCCTCCCCGCGCCCTTTCTCCTTTTGAGCGGATTCCGCCTGCGGGAGGCCTTCCTCGCGGCCCTCCTCCTCGCCTACCCTTTCACCCTGATGATCGCGGGGACGGAGATCGCCAGGGGCGCCCACCTCCTGGACGAGCGGGCCGCCCTCGTCCTCCTACTCGCCGCCGCCCTCTCCTCCCTCCTCTTCCCGTGGGCGGCCAAGATGCTCCTGCGCTTCCTGCGCTGAGGCTTTTGGGGGGTCCCCTTTAGATCCAGCGCCGCCTCCGCCTCGGGGCGAGGAGAAGGAGGACCGCCCCCAGGGTCACGCACACGTCCGCCAGGTTGAAGACGGGGAAGTTGGCGATGAGGGGGATGGAGGTGCCGAGGTCCAGGTAGTCCACCACCCACCCCCGGCCCAGGCGGTCCACCCCGTTCCCCAGGGCCCCCGCCGCCAGGAGGGAGAGGGCGAGGGCGGGGAGGGGGGGGTAGCGCCGCCTGGCGAGGAGGAGGAGGAGGCCCGCGCCCACCAGGAAGGAGAGGAGGCCGAGGAGGGAAGCCTGGCCCTGGAAGAGGCCGAAGCCCGCCCCCGTGTTCCGGACCAGGGTGAGGTAGAGGAGGTCG
NZ_AP024926.1_gap8	529161	532270	3109	TCCACCTCGTGGTGCGCCACCGCCTCCTTCACCGTGTCGTAGACGGGGACCCCTAGGACCTCCATTCCCCCTTTGCCCGGGGTGACCCCGGCGACGATCTTGGTGCCGTAGTCCAGCATCTGCTTGGTGTGGAACTGCCCCTCCCGGCCGGTGATGCCCTGGACCAGGACGCGGGTCTCGCGGTTCACCAGGATCACGCCGCACCTCCCACCATGGCCACGATGGCCTTGGCCGCCTCAATGGACGTGGGGTACATGTAGATGGGCTTCCCCTCCAAAAGCTTCTTGGCCTCCTCCTCGGCGGTGCCCGCCACCCGCATGACCACGGGCTTGGTGAGGAGGCCCTCCTCCAGGGCGCGGATCACCCCCTTGGCCACCTCGTCCGCCCGGGTGATGCCGCCGAAGATGTTGATGAAGACCCCCTTGACGTCGGGGTCCTTGAGGACCACCTTGAGGGCGTTGTAGACCACATCCGCCTTGGCCCCGCCGCCGATGTCCAGGAAGTTGGCGGGCTTGCCCCCTACCCGGTTCACCAGATCCAGGGTGTACATCACGAGGCCCGCCCCGTTGCCGATGATGCCGATGTTGCCATCAAGCTTCACGTAGGCGAAGCCGTAGTTGCTGGCCTCCACCTCCAAGGGGTGCTCGGCCTCCACCTCCCTGAGCTCGGCCAGGTCGGGGTGGCGGAAGAGGGCGTTGTCGTCCAGGACGATCTTGGCGTCGGCGGCGACGATCTGGCCGTCCGTGGTCACCACCAGGGGGTTGATCTCGGCGATGGAGGCGTCCACGCCCTCGTAGGCCCGGTAGAGGGCCACCAGGACCTGGGCGAGCTTGTTGAGGTTGCCCTCCAGCCCCGCCCGCTTCACCATCTCCCGGGCCTCAAAGGGGCGGAACCCCTTGTGGGGGTCAATCCAGAACTTGTGGATGGCCTCGGGGCGCTCCGCGGCCACCTCTTCAATGTCCACGCCCCCCTCCTTGGAGAGCATCAGGACCACCCGCTTCTTGGCCCGGTCCAGGATGAGGCCCGCGTAGTACTCCTTGGCGATGTCCACCGCCTCGGCCACCAGGACCTTCTTCACGGTGAGGCCCTTGATGTTCATGCCCAGGATGGCCTGGGCCTTCTCGTAGGCCTCCTGGGGGGTGTCGGCGAGCTTGACGCCCCCCGCCTTTCCTCTCCCTCCCACGTGCACCTGGGCCTTGATGACCACCCGCTTGCCGAACTCTTCGGCGATCCGTTTGGCCTCCTCGGGGGTGTAGGCCACCTTTCCCGGCGGCACGGGCACCCCATAGCGGGCCAGGATCTCCTTCGCTTGATACTCGTGCAGGTTCAAGACCCACCTCCCTTGCCGGGCGACCCCGGTCAAGGGCATTATATAGGCCTTGGGCCGTGGAAACGGCCGGAAAGGGGGTGAGCGTGAACAAGGAAGCGCTGGTCCAGGTGGCGGAAGAGGTGCGCCGGGCCACGGGCCTTCCCGTGGGCTGGCGGGACGTGGAGAGGACCCTTGGGGCGCTCCGGGCAACCCGGGACCTTTGGGAGGCCGTGCGGCTTTCCCGCGTGCCCTTGCGCTTCCTCGTGCCCATCTGGGAGAGCCTCGCCCGGCGGGGGCTTCTCCGGGTGGAGGAGGGGCTTGACCTCCTGGCGGAGGTCCCGGCGCCCCGCCCTGGGGAGGCGGCCTGCCCCGCCTGCGAGGGCCGGGGGCTTGTGGGGGAGAGGCTTCCGGGGCGGGCGGCGGAGCGGTTTTTGGCCTGGGCCAAGGAGCGGCCCGAGGCCATCCAGGACTTTGACCAGGGGTACGTGACCCCGGAGTCCACCCTGGCCCGGGTGGCCTTGGCCTGGAACTGGGGCGACCTCGAGGGCAAGGAGGTCCTGGTCCTGGGGGACGACGACCTCACGGGCCTCGCCGCCGCCCTCACGGGCCTGCCCAAGCGGGTGGTGGTCCTGGACGCCGACCCCAGGATCGTCCGCTTCCTGGAGCGGGCGGCCAAGGCCGAGGGGCTTCCCCTCGAGGCCCACGTCCACGACCTCCGGGAGCCTCTGCCCGAGGCCTGGGTCCACGCCTTCCACACCTTCTTCACCGACCCGGTGGAGGGGCCTTTGGGCCTCCAGGCCTTCGTGGGCCGGGGGCTTCTGGCCCTTGAGGGGGAGGGGTGCGCCGGCTACGTGGGCCTGACCCACGTGGAGGCGAGCCTCGCCAAGTGGGCCGACTTCCAGCGCTTCCTCCTGGAAAACGGGGCCGTGATCACCGAGCTTCGGGACGGGTTCCACGTCTACGAGAACTGGGGGTACATCGAGCAGATGCGGGCCTGGCCCTGGCTTCCCGTCAAGCGCCGCCCCGAGAAGCCCTGGTACACCTCGGCCCTGATCCGGCTGGAGCTCCTCCGCCGGGCGGACCTGGAGAACGCACGGGTGGAGGGGGACCTCCAGGACGAGGAGGCCACCACCTACTGAGCCCCTTGGGCGGGGCGGGCGAAGAAGAGGCGGCCCACCTGGGTCTGGATGGCCTGGGTGACCACCACCTCAATCTCCTGGCCCCGGTAGCGGCTCCCCCCGTCCACCACCACCATGGAGCCGTCCTCCAGGTAGCCCACCCCCTGGTGGGGCTCCTTCCCCTCCTTGAGGATGAGGAGCTTCAGGGTGTCCCCCACCTGGAGCTGGGGCCTTAGGGCCTGGGCCAGGGCCTGGATGGAGAGGGCCTTCACCCCGTAGATCCGGGCCATCTGCAGGAGGGCGTGGTCGTTGGTGACCAGGGCGGCCTCGAGGTCCCGGGCCAGGAAGAGGAGCTTCTCGTCCACGGACTCCCCCTTGGGGGTCGTCTCCAGGACCTCGAGGGGGGCGGCCTCCCTGAGGCGCTCCAGGGTTTCCAGCCCCCGCCTCCCCTTGGCCCGCCTTAAGGGGTCTTGGCTGTCGGCGAAGTGCTGGAGCTCCTTCAGGACGAAGTGGGGCACCCACAGGGGCCCCTCCAGAAACCCCACGGCCGCCACCTCGGCCACGCGGCCGTCCACCAGGACGCTGGTGTCCAGCACCTTCCCCCCCCGGGGGGCGGGCTTGGGCTCGGGCAGCCGGAAGTAGGCGCGGTAGCCCAAAGCCAGGTAGACGAAGAGGGCCACGA
NZ_AP024926.1_gap9	533986	536709	2723	CGACGGCCAAGGGGTCCTCTATGCGCTCCCTTAGGACGCTCCGCAGGGCGCGGGCGCTCCCCGTCTTGGGGGCCTGGTCCACCAAGAAGCGGGCCAATTCGGGGGCGAAGCTCACCTGGACGTCCCGGGCCTGGAGCTCCTTACGGATGTCCTCCAGCATCATCTCGGCCACCCGCACCAGCTCCTCCTCCGTGAGGGGCCGGAAGCGGATGACCTCGTCCAGCCGGTCCAGAAACTCGGGGGTGAAGAGGGCCTTCAGGGGGGACTCCGTGTCCACCTCCTTGGAGGTGAAGCCGATGGCGGGGCCCACGTTGTAGCCGGTGTTGGAGGTCATGATGAGGATGACCCGGCGGAAGTCCACGGTGCGGCCCATGCCGTCCGTGAGGCGGCCCTCGTCCAGCACCTGGAGGAAGGTGTTGTAGATGTCGGGGTGGGCCTTCTCAATCTCGTCCAGGAGGACCACGCTGAAGGGCTGGCGGCGCACGGCCTCGGTGAGGCGGCCCCCCTGCTCGTAGCCCACATAGCCCGGCGGGGCCCCGATGAGCTTGGAGATGGAGTGGGGCTCCTGGAACTCGGACATGTCAAAGCGGATGAGGGCCCTCTCCGAACCGAAGAGGACCTCGGCCAGGGCCTTGGCGAGCTGGGTCTTGCCCACGCCGCTTTGCCCCACGAAGAGGAAGCTCGCCGCCACCCGGGTCCTTCCCCCAAGCCCCACCCGGGCCCGGCGGAGGGCGTTCGCCAGGGCGCGGATGGCCTCCTCCTGGCCCACCACCCGCTTCCTGAGCTCCTCCTCCAGGCGCATGAGCTTCTCGTCGTCCTTGTCGTCCACGTAGACCCCGCCCCAGGAGTCCACCACCGCCTCCACGTCCTCCCGGGTGACGATGGGGGTGCCGTCCTCTTCCTCCGCCACGGGGAGGCCCAAGGAGGCGTTGAGGCGCACCCTCGAGGCCGCCTCGTCAATGAGGTCAATGGCCTTGTCGGGGAAGTTGCGCCCGGGAAGCGAGCGGATCCCGATCTTCACCGCAAGCTCCAGGATCTCGTCGGGGATGATCACCCCGTGGTGGGCCTCGTACCGGGGGCGGAGGCCCTTGAGGATCTCCAGGGTCTCCTCCGGGGAAGGCTCGAGGACGATCACCGGCTGGAAGCGCCGTTCCAGGGCGGCGTCCTTCTCTATGTAGCGGTGGTACTCCCCGGTGGTGGTGGCCCCGATCACCTGGATCTCCCCGCGGGCCAGGGCGGGCTTGAGGATGTTGGCGGCGTCCAGGGTGCCCTCGGCCCCGCCCGCCCCGATCAGGGTGTGGAGCTCGTCAATGAAGGCGATGACCTTGGCGTTCTTGAGCTCCTCAATGATCTGCCGCAGGCGCTCCTCAAACTCGCCCCGGTACTTGGTCCCCGCCACCACCCCGGCGAGGTCAATGGCCACCACCCGGGCCCCCTTGAGGATAGGGGGGACCCGGCCCTCCACGATGGCCTGGGCCAGGCCCTCCACGATGGCCGTCTTGCCCACCCCGGGGTCGCCGATGAGCACGGGGTTGTTCTTGGTGCGCCGGGCGAGGATCTGGATCACCCGGTTGATCTCCTCCTGGCGGCCGATCACCGGGTCCAGCTTTCCTTCCCGGGCCTCCTTGGTGAGGTCGCGGCCGTACTCGTCCAGGAAGGGGGTGTTCACAGGCTTTTCCCGCTCGCGGCCCTCGGCCATGGCCAGGACCCTCCAGCGGATGGCGTCCACGTCCTTGGCGAAGTGGCTGAGGATGCGGTAGGCGATCCCGTCCCCCTCCCGGATGATGCCGAGGAGGATGTGCTCCGTGCCGATGACGGGGGAGCCCATGTTGCGGGCCTCGGCGCTGGCGAGCTCCATAACCCGCCTTGCCCTCGGGGTGATGGCGGGGGGCTCCCCGGTGCGCCCGCCCTCCCCCCGGCCCACCAGCTCCTCCACCATGCGGCGCATGGCCTCGAGGCTCGCGCCGTACTCCTGGAGGATGCGGGCCGCCGTCCCCCCCTCGCGCATCAGGCCCAGGAGGAGGTGCTCCGGGCCGATCATGGAGTGGCCTAAGCGGCTCCCCTCCTCTCTTGCGTAGTGAAAGACCAGCCTGGCGCGATCGTCGTACCTGTTCATGCTCCCCTCTACCTCACATTCTAGCCTAGGGGGAGGGCGGCTTGGCGTTTGCGCCCCGGCTCACCTTAGGGGGGCCTTTGGGTAAGATGCCTGGTAATCGGGGCTTGGCCCCGGTGGGGAGGATTGGGATGCCTGCGAGCAGCCTGGACGAACTGGTGGCGCTGTGCAAGCGGCGCGGCTTCATCTTCCAAAGCTCCGAGATCTACGGGGGGCTTCAGGGCGTCTACGACTACGGGCCCTTGGGCGTGGAGCTTAAGAACAACCTCAAGCAGGCCTGGTGGCGAAGGAACGTCTACGAGCGGGACGACATGGAGGGCCTGGACGCCAGCGTCCTCACCCACCGCCTCGTCCTCCACTACTCCGGGCACGAGGCCACCTTCGCCGACCCCATGGTGGACAACCGCATCACCAAGAAGCGCTACCGCCTGGACCACCTCCTCAAGGAGCAGCCGGAGGAGGTCCTCAAGAGGCTTTACCGGGCCATGGAGGTGGAGGAGGGGAACCTTCACGCCCTGGTCCAGGCGATGATGCAGGCCCCCGAAAGGGCCGGGGGGGCGATGACGGCGGCCGGGGTTTTAGACCCCGCAAGCGGGGAGCCCGGGGACTG
NZ_AP024926.1_gap10	582444	583813	1369	GGAAAGCCTCAGGGGCACGGCCACGGGGCGGAGGTGCATGCCGATGAGGACGCCCCCGATGTCCATCCCCCCGTGGGCCTGGGCCTTGAGGGACTCCACCATGACGGGGTCTTGAAAGCGCAGGAAGGCCGCCGTGGCCAAGGCCCCCCCCGCCTTGGGGTGGGGGAAGACGGTGACCTCCTCCAGGCCAAAGGCCCGGGCGGTCTCCCGCTCCACCACCAGGGCCCGGTTCAGGTGCTCGCAGGCCTGGACGGCCACGTGGACCCCCCTTTCCAGGAGGGGCGGGAGGAGGCCTTCCAGGAGGGCGTGGGCGGCCTCGAGGCTCGGCCTCGTTCCCACCCTCTCCCCCAGGACCTCGCTGGTGGAGCCCCCGAGGACGAAGAGGCTCCCGGGCCCCATGGGGAAGGCCTGGAGAAACTCTTCCACGGCCCGCTGCGCCGCGCGCCGGATGCCTTCCATGTCCTTCAGCCTAGCGCAGGCATCCGGTTCCTACTAGGGAAGCGTAATTGAGGATGAAAGGAGGTCCGGGATGAAGCGGGTTGCGGCAATGGGGTTGATGGCGGTCCTCGCGATGTGGGGTGCGCTCGGCCAGATGGTCCGGCCCAAGGAGGTCTACTACGCGGCCCTGAGTGGTCAAGGGTTGCGGGGTACGGCAGTGGTACTGGTCCTGCCGGAGGGTCTTGAGGTCTTCGTCTACCTGGAGGGCTTGAAGCCCGGCTCGGGGGCCTACGCCAACCACATCCACTTCAACCGGGCGGGCAACGCCAACTGCCGGGAGCAAAACGGGGACCAGATCCTCGGCTTGACCTCCCTGGTGGCTGACGCCAACGGTCGGGCTGTGGCCTTCACCCGCCTGCCGGGGGTTCGGCTACCCGAGGGCTCCACCTACGTGAACGTCCACGCCAACACCCCTACCCCGGTGGGCGCAAGCATCGCCTGCGGCGACCTGAAGGAGATAGTGGGGGGTTACTGAGGAGGCGGGATGCGTAGGTTTCTTTGGCTCGGTCTTCTGGTTCTCGGGGCCTGCTATCCGCAAAGAGGCCCCGTTGAGGAGAGCGTCGGACCCTGCCCTGGGGTTATCCAGATTCAGGGCTTCGCCTTCCACCCTACCCGCTGCTACACCACGGCAGGGGCCAGCCTGCGGTTTCAAAACCTGGATTCTGTCCCACACACGGCCACGGCCGAAGGCGGTAGCTTTGATACGGGTACCCTAAACCCGGGGGACACCTCGGCTCCCATCGCCCTCACCCAACCGGGCACCTACGCCTACTTCTGCCGCATCCACCCCAGCATGCGGGGGGTCATTGAGGTGCGCTAGGGCAGGGTGAGGCGAACAAGGACGCGTCCCGGGGCCCGGCCTAAGGAGGGG
NZ_AP024926.1_gap11	599797	601537	1740	GCCGCCGCCGCCAACCGGCTCCGGGGCCTCGAGGTGGTCCAGGTCTGAGGCCGCCCTGTGCGGCGAAGCCCACGCGCGGATTAGGACCGGGCGGCGAAGCGGGCCACCTCCTCCTTAGGCCCGAGGAGGAGGACCCGGTCCCCGGGCTCCAGCCGGTCCTGCCCCCGGGGGGCGAGGAGGTGGGCTTGGCGGAAGACGAGGCCCACCAGGACCCCGGGGGGCAGGGCGGTGTCCTTGAGGGGCTTTCCCGCCCAGGGATGCCCTTCCCGCACCTCGAGGAGGACCGCCCCCAGGTCCCCGAGGAGGAGGGGCCGGCCCGGGGGGAGCTGGGCCAGGCCCCGGAGGAGGTCCTCGGCGTGGGCGAGGCTCGCCTCGGGGCCCGGAGGCTGGAGGGGGAAGAGGGTCTCCCGGTTGAGGGCGAAGGCCCCGAAGGCCACGAGGAGGCCCGGGACCAGGAGGGCGTAGGAGCCCGTGATCTCCACCATCTGCACCACGGCGGCGAAGGGGGTGCGGGCCGCGGCGCTCACCAGGGCCACGAGGCCGAGGAGGATGGGCCCCGGCCCCCCGATCCCAAAGAGGGCCCCTAAGGCCGCCCCCAAGGCCCCTCCGAGGACCACGCTGGGCCCAAAGAGGCCCACGCTGGCCCCGCTTCCCGCCGAGAGGAGGACGGCGAGGGCCTTGGCCAGGAGGAAGAGGAAGGGGTTGGGGCCCTCCCCTTGGAGGAGGGCGGCGAGGCCCTCGTAGCTCGTCCCCCGCGCGGGAGGGAAGAGGAGGGCGAGGGTCCCCGAGGCGGCCAAGGCGAGGGGGAGGGCGGCCGGGCCCTGGAGCCGGGTCCGGCTCCAGGCGAGCCCGCGGGCCAGGGCCCAGGCCCCGAGGGCGGCCAGGGGGGCGAGGGCCAGGGCGAACCCCAGGGGCGGGGCCTCGAGGCCCTGCACGGGAAGGAGGGGGCGGGTGCCGAAGAAGAGGCTCTGCAGGCCGTAGCCGGAGATGGCCGCCACCGCCAGGTAGCCAAGGAGGCGCCCCTCCAGGGCCGAGCCCCGGTAGAGGACCTCCGCGGCGAAGAAGGCCGCCCCCAAGGGGGTGTGGAAGAGGGCGGCGATGGCCGCCGCCCCCCCGGCGAGGAGGACGGCCCGGGCCTCGGCGGGGTTGCGGGGGCGGAGGGCCTGGGCCAGGGCGCCCCCGGCGTAGAGGAGGGGCCCTTCCTGCCCCCCGCTTCCCCCGAGGCCCAGGGTGAGGGCGGTGAGGAGGGCCTTCAGGGGGCCGAGGCGGGGAGGGAGGCGGCCTTGGCCCAGGTGGTAGGCGAGGAGGACCCGGTCCACCCCGCCCCCGCGGAGGTCGGGGAGCCTGCGGTAAAGCCAGGCGCTGAAAAGCCCCACCGCCCCGCCCGCGAGGGGCAGGGCGAGGGGAGGGACCAGGAGGAGGAGGTCCAGGAGGAGGCGGAAGGCCACCGCGAGCCCCCCGCCCAGGAGGCCGGGAAGGAGGCCGAGCCGAAGAAGCCTTCTTCCCTCCTCACCGAGAAGCTCCATGGGCCTCGCCTAGGGAGAGGTGGGCCAGGGCCCTTTGCGCCGCCCGCCTCCCCGAGCGCACCACCTCGGGCAGGCCCACCCCCTGGAGGTAGTTCCCCGCGAGGAAGAGGCCGGGCGCCTTGACCAGGGCCATCTCCAGCCGCTCCACCCGGTCCAGGTGGCCCACCCGGTAGGCGGGCATCCCCTCGGGGAAGCGGAAGGCCCAGGCCCGGTG
NZ_AP024926.1_gap12	605325	606944	1619	GGCACCTACGTCCCCGCCTTTGAGGAGGCCCTCGTGCGCCTCCGGCCCGGGGAGGTCTCGGGCCCCGTGCGGACGGAGTTCGGCTACCACCTGATCCTCCTGGAGCGGGTGGTTCCCCCGGGCCGCTACCCCTTGGAGGAGGTGGCCCCGCTTCTGGAGAAGGAGGTGGCGGACCGGGCCTGGGAGCGGCTCGAGGAGGCCCTGGTCCGGGCCGTGCCCGTGCGCCTCTACCCCGAGCGCCTAGAGGCGGAGGAGTAGGGCCTCGTCCCCGGTGGGGGCCTGGGCCAGGCGGAGGGCCTCCCCGGGGGCGTAGATCCCGCTTCGCCCCTGGAAGCCAAGGCCCGCCACCTCCCCGTTCAGCATGGGGTTGAGGAGGAGGCGAAGGTGCTCCCGGCCGAGGAGGCGCGCTTGGGCCGAGGCCACCCACACCTCCCCCTCCTTGCGGGCGGGGTCGGGGGGCCAGGGCCTTTCCCAGGGGGCGGGGTTGGCGGAGGGCTGGAGGAGGATTTCCGCCCCCAGGGCGTCCAGGCGGGCGAGGTGCCGCTCGTAAAAGCCGTCCAGGCAGATGAGGATCCCCACCTTCCCCGCCTCGGTCTCCACCAGGTGGGGGCCGAAGCGGCCCCGCCGGAGCCACCTTTCCGGGGGGGTGAGCTCCATCTTGGGCACCTGGGCGAGGAGGCGGCCCTTGGGGTTGAAGAAGAGGGCGAGGTTTTGGAAGAAGGGGGTGCGGCTGAACCGGCCCCGGGCGAGCTCTTCCTCGTAGGGGGGGGAGAAGAGGGAGCCTGCGAGGAGGTAGGCGCCGAAGGCCCGTGCGGCCTCGGCCATGACCTCGAGGAAGACGCCGTAGGCCCGCCGGGCCCGCCGCCAGGGGAGGAGGGGGTCCAAGAGGAGGGCCTTGGGGGCGAGCCCGCCGTCCAGGTGGAGGAGGAGGGGGAGGCCGAAGAGCTCGGGGAAGGCGGCGAGCCTCGGGGCGGGGGTGCCGCTTAGGGGCTCGAGGAGGGCGAAGACCCGCTCCCTGAAGGCCTCCGCCGTGCGGTAATGCTCCGGCCTGGCCTCGGCCTGGACGGCGAGCAGGGTGCGGAAGGGCATGGCTAGAGGGCCGTGGCCCCGCCGTCCACGGGGAGGACGGCCCCGGTGACGTAGTCCGAGGCGGGGCTCGCCAGGAAGAGGACCGCCCCCCCAAGCTCCCCCGGGGCCCCGGGGCGGCCCAGGGGCAGGGTGGCCTTGAGGAAGGCTTCCGCCCGGGGGAGGACCTTCTCCGTCATCCGCGTGGGGAAGAACCCTGGGGCGAGGGCGTTCACCCTAATCCCCCACCTTCCCCACTTCACCGCCAGGTCCCGGGTGAGGGCGATGAGGCCTCCTTTGGAGGCGGAGTAGCCCACGGCGTCCAGGACCTCGGGGTACTCCCCCTTGAGCCCGGCCACGGAGGCGATGTGAATGATCTTGCCATAGCCCCTTTCCTTCATGCGCCGGGCCGCCACCCGGCTCGCCAGGAAGGCCCCCACCAGGTTTACCTCCAGGACCTCCCGGACCTTCTCCACGGGCATCTCCAGGGAAGGGGCCCCCCAGGTGATCCCGGCGGCGTTCACCAGGATGGTGAGGGGCCCGAGCTTCTCCTC
NZ_AP024926.1_gap13	659137	659821	684	CCCGCCATAGACGGTAGGCCCAGGGGACGCGGAGGTCCCCGTAGACGAGGTAAAGGACCACGAGGTGGAGGCCCCACTTGCCGTGAAAGAAGGAGAGGGGTAGGGCCGGAAAGCGGCCCCGCTTCTCCAGGGTGACCAGGTCCAGGACCACCAGGAGGCGGGGCTTGGGGCCCTTTCTCCGCCTGGCCCGGTCCAGGGCTTTCTGGGCCTCCTCGCGGGCCAGGCGGATGAGGGCGCGGGTGGGCCAGGGGTAGCGGTTGAGGAAGCGGGAGAGGGCGGAGGGGGACTTGGTCTTGCTGTGCTGGGGTCTAGCCTTGCCGTGACCGGTGAGGAAAAGGAACAACAGGGCCTTCAAGGATTCCCGCAGGTGGGGGGTTGGCATGAGGGCCAGGATGGTCCAAAGTAGGGACAGGGCCGCTTGGTTCATGGCACCCGTCATCAGACGGGAAACCGGCGGCCCCTTTCAAGTGGTCCCCCGAGCATAACTATCCCCAGGGTGCATAAGTGCAAGTTTTGAGTCGAATAAGCTCTAGAGTATACCGCTGAACACCTGTGAGGGGAAAGCGGAGCGTGCGCGCATTTACCACTATACGGGCTCTTGCTACCACGTTCATCATGCTCATTTCTGCCATATCATTGAACGTGCGCCTTCCTTTGGGCTAACAGCCCGCTTCTCTGACATCT
NZ_AP024926.1_gap14	707630	711490	3860	GAGACCTGGCCGGCGTAGCCCATGAGGAGGTTGAGCCCCATGGCCGCCAGGCCCCAGATGAGGATGTAGCTTCCCAAGGCAGCGTAACTTCCCGCGGTCTTGAGGAGCCAGGGCAGAAGGAGGAGAAAGAGGAGGAAAAGGGTGAGCTTCGCTTTCATTCGAAGAACCCCTCCTGTCCGAAAAGTCCCCTGGGTCTGAGAAGGAGAACCAGGGCTAAGATGACGTATATGGCGAACTCACTAGCGGCGGCGGCGAACTGACCTGCGAGGCCTGCGGCCATGCCAACCAGAAGTCCGCCAAGATAGCTCCCTCCTAAGCTTCCCACCCCGCCCAGGATTAGAGCCACGAAGCTCGGCATGAGGAGGCCCGTGCCCATGGTGGGGGAAAGGCCAAGTTGCCCTGCGGCCAAGACTCCTGCCAGGCCTGCCAGGTAGACCCCGAGGGCGAAGGCCAGAGTATAGAGCCGCCGTACGTCTGTGCCTAAGGTGGAGAGTGTCTCCCGGTCCTGGGCTCCGGCCCGCAGATAGAGGCCGAGCCGGGTAAAGCGGAGAAGGAGGAAGATGAGAAGCCCGGCGAGGGCTGCTACCCCCAGGACAAAGACACGATAACGGGTGAGGAAAAAGAAGGGTGTGCCGGGAAAGAGAGGTGAAGCCAGCTCCTCGGGGATGCGAAAGGGGACCCCCACCGGACCGAAGATAGCCCTAACTGCCTCCTCCAGGACTAAGGCTAGGCCAAAGGTGAGGAGGAGGCTCTCCAGGGGATCACGGGTGTAGAGGGGGCGAAGGAGGAGGACCTCGAGGAGGATCCCGAGGAGGGCAAGAAGGAGAGGGGCAAGGAGGAGGGCAGGGTAGAAGCCGAGAAGGCCTGCGAGAACATAGCCCAGGTAGGCTCCTACTACCAGGAACCCTCCGTGGGCCAAGTTGATGATTCGAGTGAGGGAAAGGATAAGGGCAAGGCCCAGGGCTAGAAGGGCGTAGAAGGCCCCGCTTACCAAGCCGTTCAGGAGCTGGAGGAGAAGGAGGTCCATACTACCCGGGGTAGGCGATGCGGCAGCCCGTGTCTTTGGGGTCAGGTGCAGCTTCCTCCCCTGGCACAACCCGCACTACCTCAAAGAGGTCGTCCGGGTCTTGGCCTTGGCGCACGTAACCTACAAAGACACCGGTCATGAGTTGGTGATCTTCTTTGCGGTAGTAAACCCTCCCAGGCTGCAAGGCCACGTTCCGAGGGAGCTCCAGGCCCTCGAGGGCCTGAGCCACCTTGATGGAGTCCAGGCTCCTTGCCTTTTGAATGGCCAAGGCCAGACTCCAGATGGCGGCATAGCCGAACCAGCTCCGGGCTGTGGGCACCTTGCGGTAGCGGCGGCGGTACCGGTCCACGAAGGCCTTGACTTCGGGAACGTTCGGCTGGATCCAGTACCACTCAAAGGTCCACCAGCCGATGCGGGCTTCCTTGGGCAGGGCAGCAATGTTTTCCCACTCCTGGAGCCCCCCAGCGATGGCCATTTGCTTGTCCAAGCCAAACTGGACAATCTGCTTGAGGATGGCCACCGCATCGTCCCCCGCCTGGAAGGTAAGGAGCACGTCAGGCTTGGCCTGGGCAGCTTTCACCAGAACCGCAGAGTAGTCTGAAGTTCCCAAGGGTACCCGATCTGCGCCCAAGACCCTGCCCCCAAGCCGTTCTACCACCCGGGTAAACGACTCTTGGAGAGACCACCCGTAAGCGTAATCCGGGGTAATGATGTACCAGTTTTTGCCAAATCGTTCGGCGAGAATGCGGCCAATAGCGTTGGCCTCCATGGTGGCGCTCGTGGGGATGCGGAAGGTGTTCCAGCGGCAGCTTTTGCCGGTGATGTCGTCGGCGTGACCGCCAGTGACGATATGGAGCATCTTGTATTCGGCTGCGGTCTGGCTTAGGGCAAGGGAAACTCCGCTGGAAACCTCACCCAGGGAGAACTGGATCCGATCTCGTTCTACGAGCTTCCTGAGCTTCTGTACCCCCACATCGGTTTTGGCGGCGGAGTCCTCGGCGAGGAGTTCCAGCCTCCGCCCTAAAACACCCCCCTGGGCGTTGACGTCGTCCACCGCCATCCTGGCCCCCTCCAGCTCGTTCCGGCCCAGGGCGGCGTAGACCCCAGAAAAGGGGTCCACCAGCCCCACTCGAATGGTTTCCCCCTGCGCCCGTCCAGTGAAGGCCAGGGCCGCTGAACCCAGGCCCAGCTTCAAAACCCCCCTGCGCGTAAGCCTGTACCTAAGCATACCCACCTCCCATCACCACCACCGCCCGACCCACTACCTCGCCTTGGCTCAGGCGACGATAGGCCAGGTCGGCTTCCTCCAATGGATGCCTTTCCGTTACCTCCGCCCCTACTCCGATGACCCCGGCTTGAGCCAACTTCAGGAGGAGGGGCATATCTCTTCGAGGCTTGGCTCCGTAGGAGCCTAAGATCCTGAGCTTGCGCCGCACCAATCGGGTGATTTCCACTCCGGCTTCTACTCCCTGGGGGGCGATGCCCACGGGCACCATCCGCCCCCCGTCCCGGAGGAGGTCCAGGGCTAAGCGGAAGGTTTCGGGGTGCCCTAAGGCCTCAAAGGCTACGTCCACGCCACGCCCTCCTGTGAGGTCCCGCACCGCTTGGGAGGCTTCGGCGGGGGTGAAGGCGTGGGTGGCCCCCAGGGCCTTGGCCTTTTCCAGCTTCCCAGACTTTATGTCCACGGCCACAATGGGGTAAGCCCCAAAGGCTCGGGCCAACTGGATGATCCCAAGGCCTACTCCCCCTGTGGCCACCACAGCTACAGCCTCGCCCCCCTCAAGCCCTGCTGTCCGCACTGCCCCCAAGGCGGTAAAGAGGGCACAGCCCAGGATGGCGGCCTCCTCCAGGGGAAGCCCTTCGGGCAGGGGAAAGACATCCGTAGCCGGGACCACGGCGTACTCTGCCAACCCTCCCATGGAGTACATCCAGAGGGGTGTACCATCCTTGCGGAAGAGGCGGGTGGTGCCGTCGTAGAGCACCCCCTTTAGGCGGTTGAAGGCGAAGAACTTCTCGCAGAGATCCTCTTCCCCCCGCACACAGTAGTAGCATTGCCCGCAGGGCATGACGAAGCTTGCCACTACCCTTTGCCCAGGGGCTAGGCCTTCTACTCCAGGACCCACTTCGGCCACTACTCCGGAGATCTCGTGGCCCAGGACGCATGGGGTGGGAAAGGCCACCTCACCCTTCATCACATGGAGGTCGGTGTGACAGACCCCGCAAGCGGCTACCTTAAGCAAGACTTCACCTTGCTTTGGTTTTGGGATGGGGACTTCCTCCACCTCGAGGGGGCCCCCTACCTGGTTCAGCACTGCCACCCGCATTACCACCGTTCCACCACCACCTTTCTCTGGGTGTAGAAGAGGAAGGCGTCGGGCCCGTGGGGGTGGAGGTCGCCGAAGAAGGAGTTTTTCCATCCGGAGAAGGGGTAGAAGGCGAAGGGCTGGGCCACGCCCACGTTCACCCCCACCATTCCTGCCTGGACCCTTTCCCTGAACTCCCGGGCCGCCTTGCCGCTCGTGGTGAAGATGCAGGCCATGTTGCCGTAGGGGACGGCGTTGGCCTGCCGGATGGCCTCCTCCAGGGTGTTGGCGTAGGAGACGGAGAGGACGGGGCCGAAGATCTCCTCCCGGCCCACGGCCATCCTGGGGGAAACCCGGTCCAAAACCGTGGGCCCCAGGAAGAAGCCCGGCCCCTCCACCCCCCGGCCGTCCAGGGCGAGGCCCGCTCCCTCCTCCAGGCCCCTCTGGATGTAGGCCACGACCTTCCGCCGGTGCTCCTCCCGGATCAGGGGCCCCACCTGGACCCCTTCCTCCCAGCCGGGGCCCACCTT
NZ_AP024926.1_gap15	740476	741354	878	GGGGCTGTACTCCACCTGGACCTCCACCACCCCGGGGTTGCCCAGGTGGTGCCCCTGGTAGACGGTGAGGAGGACCTTTCCCTCCCGCCTCGGCACCACCCCGGCCCGGGCGAGGAGGGCCCCCAGGGCGGCGTTGGCGGAGCCCGTGACCGGGTCCTCGGGGATGCCGAGGAGGGGGGCGAAGTCCCGGGCGTAGAAGCTCCTCGGGCCCATGGGGGCGTAGGCGTGGACCGTGGCCACGTCCAGCCGGAAGCAAAGCGCCTTGAGCCGTTCCATCTCCGGCTCCAGGGCGTCCACCACCCCCGGGGCGATGAGGGGCACGAAGAGGCTCCAAAGCCCGGTGAAGGCCACCCCGTAGGGGAGGCCCCGGTGGAGGTAGCGCTCGTCGGAGCCCAGGGCCTCGAGGACCTCCCTCAGGGCCCGGTAGGGGGGAAGGTCCCGGAACCTAGGGGCGGGGCCCCGGACCCAGGCCTTGCGGGGCTCCCCCGCTTCCAAGACGAGCTCCACGGGCAGCACCTCCGTGGGCGTGTGGAGGTAAAGGCGCGTCGTCCCTTCCGGCACCAGGCCGGTGCGGGCCGCGGTGAGGCCCACGGCCACGGCGGCGTGCCCGGAGAACTCCACCTCCCCCCCCGGGGCGAAGAAGCGGACGGAGAGGGCCGCGCCGGTGCGCTCCAGGAGGAAGGCGGCCTCGGCCGCCCCCAGGCTTTGGGCCACCGCCCGCATCTCCTCCGGGGACATCCCCCGGGCGTCCAGGACCACGGCCACCCGGTTGCCCGCCCCGGGGGCGGGGGCGAAGACGTCCACCAGGGCGTAGGGGATCCGCTTCATGGCCGGACCACCATAAGGCCAAGCTCCCTAAGCTGCTCCTCGGGCACGGG
NZ_AP024926.1_gap16	743495	745368	1873	ACTGGGCCCCGATCTCCTCGTGGTGCACCTCAAAGGCGGTGCGCACGTAGTAGTCCAGCCCCCGCACCAAGGCGGGCTCCAGCTCGTAGGGGACGGAAAGCCTTTCCAGGTGGCGCTCCACCTTGTGCAGGTGGGCCCGGGCCTCCTCCCCCAGGAAGTCCAGCATGGGCCTCACCCCGAGCTCCTTGAGGAGGGCCTGGTCCTTCTCGCTTTTGGAGTCCAGGATGCGCATGGGGTTGAGCTCCAAGCGCTCCTTGGAGTCCTCGGAGAGGGCCTCCCGGTGGGGGGAGAGGACCTCCCGCAGGTAGGCGTTGTAGCGCGCCCGGTCCTCGGGATCCCCCACGGAGGAGAGCTTGACCTTGAGGCGCCTGAGGCCGAGCTCCTTCAGGCACTCGTAGAGGAGGACGATGGCCTCGGCGTCCAGGATGGGGTTTTCCGAGCCCAGGGCCTCGTAGTTCACCTGGTGGAACTGGCGGTACCGGCCCTTTTGGGGGCGCTCGGCCCGGAACATGGGCCCCGCCATCCAGAGCCTCACGGGCTGGGGCCAGACCTTCATCCCGTGCTCCAGGTAGGCCCGGACCATGGCGGCCGTGCCCTCGGGGCGCAGGGTGAGGGAGCGCCCGCCCCGGTCCTGGAAGGTGAACATCTCCTTGCGCACGATGTCCGTGGCCGCCCCCACGCCCTTCTCAAAGACCTGGGTTTCCTCAAAGATGGGGGTGACGAGCTCCAGGGCCCCCGCCGCCTCCAAGACCTTGCGGGCGGTGGCCACGATGCGCTGGTGCATCCTGAGCTCTTTGCCGAAAAGATCCTTGGTGCCCCGCACGGCCCGAGCGGTCATACCCTTCCACTTTACGGGAAAGGGGGCCTTGGTATCCTGAGGCCGTGCCGGGGCGGAAGAGGCTCGGGCTCCTCGCCCTTTACGTCCTCCTCACCCTGGTGGCCTCCACCGGGGTGGCCCTCCAGCTCCACCTCATGGAGCGGCAGAACCCCGCCCTCCAGGCGGACTGCCGCGCCCCGGGAGAGGAGGTGCACCACAGCCTCCTCTGCGGCCTCCAGCTCGCCCCGGGCCTCCCCCCCGTGGACCCGCCCGCCCCGCCGGGGCCCATGGCCTTCTTTAGCGTCCGGCCGGAGGCCCGGGCGGGTTTTCCCCCGCCTTTCCCGCTTCCCGGCCCCCCGCGCGCCCCGCCCTTCCTCGCCTAAAGGCCAGGACGGAGGACTTTCGGCCTTGGACGAAAGGAGGTGCGCGGTGCGCGTGGTGGTGTGGACGGACGATCTTTCCCTTTACGCCCGGCTCGCCCCGGTGCTTTGGGCGGCGGGCGTGGCGGTGTCCTGGCGCGAGGGGGAGGGGCTCACTCTGGCCGACCTCGCCCACCTGGAGCGGGGGGAGGTCTTCTTCTGGCCCACCCCGTGGGGCCTGCGGGTCTACGACCCCAGGCGGCGGGCCTTCCTCACCCGCAAGGACGACCCCAAGACCCTGGCCGAGGGGCTTCGCGGTCGGCTCGGCCTGCGGCTCACCGGGCGGGAGGCCGGGGTCCTGGAGGCCCTCGGTCGGGGGGTGGAGCCTAGGCCTTCCGCCTTGGGCCGGGCCCTGGGCCTCGCCCCCTGGCAGGCCCGCTTCGCCCTCCAGGGGCTTGCACGGAAGTTCGGCCTGAGCCTAGAGGCCCTCCTCCGCCTCGCCCGGCATCAGGTGCAGGTAGCGGGGCTTCAGGACCACCTTGATCCGCCTCCCGGGCGCGAGGTGGAGCCTGGCCTGCACGTGCCGGGGGAGGAGGAGGGTGAGGGCGAGGGGGCCCTGGAAGCGCCCCCGGTAGGCCAGGCCCTGGGGGTAGAGGCTTTCCAGTAGGCCTTCCAGGACGTTTTCCGGGGGTGGGGG
NZ_AP024926.1_gap17	871720	875131	3411	CCAGGGAGAGGATCCCCTGGGTCACCACGTCGTCCAGCTCTTCCACGTCCTTCAGGCGCACCAGGGCCACGAGATCGTAGGGCCCCGTTACCGAGTAGACCTCGGCCACCTGGGGCAGCTCGGCGATGGCCTCCCCCAGGGCCTGGACGCGGTTCCCCCGGGCCCGGATGAGGACGAAGGCGGGGATCATGACTCCATCATAAGGGCCTCCACGAAGGCGAGGCGGCTCATCTCCCCGCCGGAGAGGAGGGCCAAGGGGCTTTCCCCTCCGAAGAGGCGCCGGAGGACCTCTTTGGGGGTGAGGCCTCGGGCCTTGAGGCGGAGGGCCTCTTCCCGCTTCCGTTCCAGAAAGTCCAGCTTGGCCTGAAGGGCTTCCAGGGGGGCTTGGAGGGCCCCTGCGTGGGCACAGTAGAAGGCGCGGGGCTTTAGGGCAAGGATCCTTCGGAGGCTTTGGAGGAGGGCCTGGAGGTCAAACCCCGGGGTGGCGAGGCTCGCCCGCACCCCCAGGAAGAGGTCCCCCCCGAAGAGGAGACCGGCCCCGGGGTCGTAGAGGGCCACGTGGTCGGGGGCGTGGCCCGGGGTGGGGAGGAGGTGGAGGGGGCCCACCCGCTCGGCCACCTCCACCCGTGCGGGGCGGGGGTTTCCCCAGACCAGGCGGCGGTAGAGGCGGAGGGGCTTGGGGGCGGCGACCAGGGCGGCCGTCAGGGCGCTTCCGTAGACGGGGAGGCCGAGCCGGGAGGCCCCCCCGGCGTGGTCCTCGTGGGCGTGGGTGAGGAGGGCGGCCTCGGCCTCGGGGGCGAAGGGGCGGGCCTTAGGGGGGCCCGTGTCCACCAGGAGCCCCCGGTAGCGGTACACGTAGACCCCGTACCCCACCCGCCGTCCCAGGGGCGTGGCCAGATAGAGGGCCTCCACCCCGTGCCCCACGGGCCGCCAAAGCATGTACTTAGTATAACCTCAGTCCGCTTCCAGAACCAGCTTGGGCCGGAAGCGGAGGGCGTCCGCCGCCACCAGGTGGAGGGGGATGCCCTGGTAGCTTTGCGGGAGCTTCCCGGGGTCGGCCCCGTGGAGGTGGCCGTAGACGATGGCCTGAGGGTGGGCCCCTGCGGCGAGCTCCAGGAGGGGCGAGGCCTCCCCCCCGGGGCCGAAGGGGGGGAAGTGGAAGGCCACCACCAGGTGGCGGTAGGGCTGGCCCTCGAGGGCCTTCAGGGAGAGCTTCAGGCGCTCCACCTCCCGGGCGAAGACCTTCTCGTCCTCCGGGGTCTGGGGCGGGTACTGCCAGCCCCGCGTCCCGGCCACCGCCACCCCGTCCACCACCAGGGCGTCGTTTTGGAGGGCGTACATCCCCGGGGGCAGGGCGGCCCGGAGGCGGCTGATGGAGGGCCACCAGTAGTCGTGGTTGCCCTTGAGGAGGACCTTCCTCCCGGGCAGGCGGGCGAGGTCCAAGAGGTCCGGGATCGCCTCGGAAAGGCGCATGGCCCAGGAGATGTCCCCGGGGACCACCACCAGGTCCTCCTCGCCCACCACCTCCCGCCACCCCCGGAAGAAGGCCTCCGGGTGCCCCTCCCAGCCCGCTCCGAAGACGGTCATGGGCTTGGGGTGGACCCGGGAGAGGTGGGGGTCGGCGATGGCGTAGACGCGCATGGCCCTAAGATTATCCCATGGGGAACGAGGCTTTGGCGTACGCCCTCCGCCTTCTCGCCCGCAAGGGGTACAGCCGGGCGGCCCTGAGGGCGAAGCTTGCCGCCCGCTTCGGCGAGGCGGAGGCCGAGGCGGCCCTCGGGCGCCTGGAGGCCATGGGCTACCTGGACGACCGGGCCTACGCCCGCGCCTTCGTGGAGACCCGGGCCCGGCGGTACGGCCCGAGGAAGCTTAGGGCCCTTCTCCTCGCCCGGGGGGTGCCGGAGGAGGTGGTGGAGGAGGTCCTGCCCGAGGCCCGGGTGGAGGAGGCCTTGGCGGTCCTCCGCCGCTACCGCCACCGGGAAGACAAGGCCCGGGCGGTCCGCTTCCTCGAGGGGCGGGGCTTTCCCCTGGGGGTGGCCCTGGAGGCCTGGCGGCTTGCCCAGGAGGAGGAGGAAGGGTATAAGTAGGCCATGCCCGAGGTACGCGCCGAGCGCTACATCCCGGCCCCGCCCGAGCGGGTCTACCGGCTCGCCAAGGACCTGGAGGGGCTCAAGCCCTACCTGAAGGAGGTGGAGAGCCTCGAGGTGGTGGCCCGGGAAGGCACCCGCACGAGGAGCCGGTGGGTGGCGGTGGCCATGGGGAAGAAGGTCCGCTGGCTGGAGGAGGAGGAGTGGGATGACGAGAACCTCAGGAACCGCTTCTTCTCCCCCGAGGGGGACTTTGACCGCTACGAGGGCACCTGGGTCTTCCTCCCGGAAGGGGAGGGGACCCGGGTGGTCCTCACCCTCACCTACGAGCTTAACATCCCCATCTTCGGCGGGCTTTTGCAGAAGCTTGTGCAGAAGCTCATGCAGGAGAACGTGGAAAGCCTTCTCAAGGGATTGGAGGAGCGGGTACTGGCCGCTTCCTCTTGAACCGGGAGGGCCTCTGCTCTAGGATGGACCTGAGCCGCCCCAAGACGCTTTGAGGGTGGCCGGGAGTTCATAGGAGGTCAAAGTGGAAACGCTGCGCGTCTCTTCCAAGTCCCGCCCCAACTCCGTGGCCGGCGCCATCGCGGCGCTTCTCCGCACCAAGGGCGAGGTGGAGGTCCAGGCCATCGGGCCCCAGGCGGTGAACCAGGCGGTGAAGGCCATCGCCATCGCCCGGGGCTACATCGCCCCCGACAACCTGGACCTGGTGGTGAAGCCCGCCTTCGTCAAGCTGGAGCTGGAGAACGAGGAGCGGACCGCCCTGAAGTTCAGCATCAAGGCCCACCCCCTGGAAACTTGAGGGCCGGGACGCCTCGAGCCTTGGCGGTGGCCGTCCTCCTCGAGGTGGATCGGGGAGGGCGGGCCCAGCATCTTCTGGACCGCGCCTTGAGGCGGGCCCCCTGGCCCGAGCGGGACCGGGCCTACGCCACCTTCCTGGTCTACGGGGCCCTCCGCCGCCTCCGCCTTCTGGACCACCTCCTCGCCCCCCTCTTGCCCCGGCCCGAGGGCCTGCCCCCCGAGGTGCGCTGGATCCTCCGCCTGGGGGCCCTGGAGTGGCTTGAGGGCAAGCCGGACCACGCCCGGGTGAGCCCCTGGGTGGAGGAGGCGAAGCGCCGCTATTCGGGCCTCGCCGGGCTGGTGAACGCCGTTTTGCGGCGGCTGGCCCCTAGGGAGGCCCCGGAGTGCGTGCGCCTTTCCCTCCCCGACTGGCTCTGCGAGGCCTGGCGGGGCTTCTTCGGGGACGTGGCCTTCGCCGAGGGCTTCAACGAGCCCGCCCCCCTCTTCGTCACCGCCTACCGGGAGGTGGACCTAAGGCCCGGCC
NZ_AP024926.1_gap18	1045070	1049210	4140	CAACCCAGAGGGGGAAGCTTCTGAGGAGGAGGCGAGCATGAGGCTACTCCGGCTGGCGAAGGAACTGGGGAAGCTGGCGAAGGACAACTCGGGGAGGGTGGTCATCTGGGCTGTGTATGACGGGGACGAGCCCCCGGACCCCGCCACACGCCGCCGCGTGGTGGAGGGGGCCAGGGCCAGGAACCCGAGGACCCGGCACCTGGTCATCTACTGGCCCGAGGAGGGGGAGGGATGAGGCTCAACAAGCACCGCGCGGCCCTCATCTTGGCGGAAGCGGAAGTGCTAGGGGACGGCCCCGCGTGCGCCAAGCACGGCGTGAGCGACCGCACCCTGAGGAACTACCGCCGCAGGCTGGCCGAAGACCCCGAACTTGCCGCACTTTTCCGCGAGAGGCTTGGGGCGCTGGGGAAGCGGTGGGAGGAGGAGCTTGCCCCGGCCATCCTGGAGGCGGTCAGCTTCCTCCGAAAGGCCGCGCGGGAGGCTAACCCCAAGGACCCCAAGGCCATTGAGGCGGTGGCAAACGCCCTCAAGGTCCTGGCCGAGCTTGACCTTACCCGCATGGTCCTGGAGGCCCGGCTAGAGGGGGACGCGCCCGGGCTAGGGGTGCTGAACTAGCCCGGGTTGCCCCTTGAACCGGAAGCGGAACACTTGGGCGTTTCGGCTCATAGCGGCGCAAAACCGGGTTTTGGCCGAAACGGGACATAGCGAGACACTTGGCGTTTTCGTTTCGGAACATAGCGGAACGCTTTCGCGTTCCGTTCCGTTTCGGAACACCGGGGCGTTCTCATCAAAGTTGAGTGTGGAGGCGAAGGGCTAGCGGTCAACTTGACCGCTAGCCCTTCATCACCACGCTCAAGTCTGTTGCTTCGGCTTCCGAAGAACCAGCGGACACCGTGTCCGCTGGTTCTTCATCACCAGACTCAACTTTGGTGAGAGCCCCCACCCGTTGCCGCACCCCGTCCTTGGCCGTGGGTTTCCTGGAAAGCGGCACGGGTTAGGAGGCTTTTTCCGCCGCCACGCTAGGAGGGAGGTAGAGAACCCTACCCATCCTCACCGCGTGGCCGGGGGGAGGGGGGGAACCCGATAACGGACCATAGCGGTCCAAAACCGGGGTTTTGCGGCCACCGGGAAACCTCTAGCCTACCCCTCCTCCCCGTCAAGGGCTGACGGGTTGCCCCGGGGCCTCGAGGCCGCCCTGCTATCTTCGCGAAAGATCGGTTTCGCGCACGAATACCCACCACTATCCTCCCACGGGCTTCTGTGGTATCTTACGGGCATGCAAGGAGAAGTCTTGACCGTGGCGGAGGTGGCCAAGCTCCTCCGGGTTAGCCGCAAGACGGTGGAAAAGCTCATCTACGCCAAGAAGCTCCACGCGGTGAAGGTGGGCCGGGTTTGGCGTATCCCGAGGGCCGCCGTGGAGGCGTTCCTGGAGGGGAAGGAGTACCGTGAACCTTAGGAAGCTCTGGTCCTGGCTTCGCTTCGCCAAAGCCCTCTCCCGGGGCCGGGTGGGCAAGCGGTGGGCCCTACGCCGGGCCAGGTGGCTTTGGCGCAAGGGAAGGAAGCGTAGGAGGTGGTGATGAGAAGGCGCGGCAAAGGGGGTGGAAGCGTCTTCTATCACGAGGGCAAGGGGAAGTGGGTGGCCCAGCTCACCTGGATAGACCCCGCCACGGGCCGGAAGGTCAAGCGGGAGAAGCATTGCGAAACCCGCAAGGAGGCCGAAAGGGCCCTGGCGGATATGGTGGCCGCCCAGGCCAAGGGGCTTCTCACCGACCCCTCCAGGCTCACCACGCGGGACTTCGCCCTGGACTACCTGAAGCGCCTGGAGCGGGAGGGGCTTAGGCCGAACTCCATCCGCCTGGCCCTGGACGAGCTGGCCCACGCCCTCCCCTCCCTCAAGGATCCCAAGGCCCACGACCCCCTGGGCCGCATGCGGCTCCAGGAGGTGAAGCCGGTCCATGTGCGGGCCGCCGTGGACCGGGTGGCGGAAGCTGGCTACGCCCCCCGCACCGTGGGCCGGGTGCTCATGCGGCTCAAGGCCCTCTTCCGGGAAGCCCTACGGCTGGAGCTGGTGGCCAGAAACCCCGCCGAAGCCGTGAGGTTGCGCCTTCCCAAGGGGGAGAAGGCGGCCCGGGCCCTGGAGCCCCACGAGGTGGCCCGGCTTCTGGAGGCCGCCGAAGCCTCCCGGTCCAAGGACATGGCCCTCCTCCTCCGGCTCATGCTGGAAACCGGGCTCCGCCGGGGAGAGGCCCTGGCCCTGCAATGGCGGGACATAGACCTGGAGGCCGGGGAGCTTACCGTGTGGCGGGCTTGGGTAAAGGTGGCCGGAAGGGGGGCCTTCTCCGAGCCCAAGACCCCCACGGCCAAGCGCAAGGTGCCCTTGCCCCGCGGCCTACTCCTTCGCCTGAAGGCCCGGAGGGAGGAGCTTCTGGAACGGCTCACCCCGGAGGAGGTGGACGGGCTCTTCCTGGTGGGCGGGGTGAAGCCCGTGGACCCGGACGCGTTCAACCACTACCTGCGCCGCCTGGCGGAAAGGGCGGGCTTGGGCCGGGTGAGGGTGCACGACCTTCGCCACACCTGGGCCACCCTGGCCCTCTCCCGAGGCGTGCCCCTGGAGGTGGTGAGCGAGCGGCTGGGCCACGCCAGCCCCACCATCACCCTGAATGTGTACCGCCACCTTCTGGAGGAGGAGCGCCGGGGGTGGGTGCTGGACCTGGAAGAACTCCTCTACCCCGCCCCCCGCGCCCAAGCCTGAACGGATAGACCGGCTGATAAACCGGCTAAAGCAATTCCCCCCACGCTACCGTGGGGGGAAGCTTTGTGTTCTGATGCTGGTGGGCGGCGTAGGACTTGAACCTACGACCTCTCGCGTGTGAGGCGAGCGCTCTTCCACTGAGCTAGCCGCCCGCAGCCGCTAGATAGCCTAGCATGGCCCCTTCCCCCTGTCAAGCAAACCGGGGCTTGCCTTGCAAAGGTCAGGAGGACGGGTGTATATCTCTCTCCTGATGGGCAAGCGAGGCTTCCTTTGCAGGGAGGCAAGCCCCAAGGAGGTCCTGGAACACTGCCTGCGCCTGGCCCGGGAGGTGGCCCCTCCCACCCCCAAAGGCAAGCGGGGCCGCCCCTGGCGCTACAGCCACGCCCTTTACCTGGCCCTCCTTCTCTTCCGCGCCTTCTTCCACCTCACCTACCGCGAGACGGAGGCCTCACTCCAGGACCTGATGGAAGGCCCCTTCCCTTCCCACCAGTCCCTGGCCCGCTACGCCCTCAAGCACCTGGACCCCAAACTCCTTGAGGCCCTCCTGGAGAGGCTTTCCCGGGAACTGGAGGCCCATCTCGCCCCGGAGTCCTCGCCGGAAGGCGAAGCGGCTTCGGACGAGGCGCCGGCACACCTGGCGGCGCTTTCCCCCCCTCTACCTCATGGACACCACGGGGCTGGCCTACCGGAGCAAGGACCGGCTTCTCCGCTTTCGTCGGGGGAAGGAGGTGCGGCGGGTGCGGGGGCACGCGCGGCTTCTGGCCCTGATGCGGTGGGATAGGGAGAGGCGGCTCTTGTGGCCCTGGGGTGGAGTGGTGGGGGAGGGCTACGCCCCGGACCCCCGGCTTGGGGGGGAGGTGCTGAGGCGGTTTCCTCCTTCCGGGGGGTGGCTTTTGGCGGACGCGGGGTTTGACGGGAAGGAGGTGTGGGGGGTTTTGGGGGAGGCGGGGGTGCGGCCGGTGATCCGGCTTCGGGGCGGGGGCGAGGCCAGGGAGGAGGCGCGGGTGCGGGCGCGGGAGGGGTGGGACCCTGAGGTGTACCGGTTTCGCGGGGTGGTGGAGGGGGTGTTTGGGGGGATGAAGACGCGGCTGGGTGGGGGGTACCTTTGGGAGCGGAAGCCTTGGACGGCCATGGCGCGGGCGCTTTTGGAGCTCATCGCCTACGGCCTTAGGGTTCTTCTCTCCCTTCTCCCGCCCCCTCCGGGGTACAAGGCAATTTACTAGGCAAGCCCAGCAAACCGGCGTGGCCAGGCGCCTTTCCAAAGGGCACATTGTGTCCTCCGTCCTTTAATATCTACAGGCTCAAGGGTATAGTGCCCCCGGGAGGTGGTTATGGGATACGCCCACCCGGAGGTTTTGGTGAGCACCGACTGGGTCCAGGAGCACCTG
NZ_AP024926.1_gap19	1076213	1077175	962	CCCTCCATGCTTCCCGAAACGTCCAGGACGAGGACCAAGGCCGCCCCCTCCCGGCCTAAGGGCTTCAGGGGAAGCTCCTCGGGCAAAGCCCTATCCCAGCCTCCGAAGAAGAGGCCCTTCGGGGTGGCGGTGAAGAGGAGGCCGCCCCCCCGGCGGAGGAAGGCCTTAAGGGCCTCGGGCGCCCCCTCGGGGAGGTCCAAAACCCCCGTGCCCACGACCACCAGGTCCGCCTCCAGGGGAAGCGTAAAGCCCTCCTCCACCTGGAAGCCCTGGGCCTCGAGGTAGCGGGCCGCGGCCGGGTCGCCCAGCACCACGGCCTTCGCCCGGTCGGCGGGGGCCACCTCCACCTCCGCCTCGCTCCGCCCCCAAGGGCCTTCCGCCACCGCCTGGACCACTGCCTTCTCCGTGAGGGGAAAGGTATAGACGAGGGCCTTCCTCCCCTCCACCCTCAACGCCCTCTCCAGGACCCCCCCAGGCCCCTCCACCCGGAGCCTGGCCTCTGCGGGCACGGGGGCTTCCAGCACCACCCCCACCCCCACGGTCTCCCCGTAGAGGGGGTAGGCCGGGGGGACAAGGCGCACCGCCACGTAAGGCCTTGGAGGGACGTAAAGCGCGTCCAGGGGAAAGGGCGGAGGGATGGGCTCCAAAAGCCCGTCGGAGACCAGAACCGCCCGGCTTGGCCGGTGGCGGAGCGCCTCCTTGTAGGCCTCCCGGAGGTCCGTCCCCTCCCCAAGGTCCAGCCTTCTCGCCGTGGGCGAGGGCAGGGTGGCGGCCCGCTCGGCGAAGGCCACGTAGACCCCGTCTTTGAGAAGCCTCGCGGCCAGGGCGAAGACGGCCTCCCGGGCCGAGGGGGAGAAGTCCAGGAGGTAGACCACCCGCCCCTTAAGGGGCCACCTAGGGTCCAGGAAGGCGAGGAGGAGCAAGAGGAGGACCAGGACCCTGAGGGGGAGCATGCCCCTATG
NZ_AP024926.1_gap20	1078514	1079108	594	CCCAGGTTGGTCACCTCGAGGGTGTGGGGAATGAGGGTGACCCAGAAAACCTCCCCGGCAAGCCCCGCCACCGTGAGGGAGACCCCGTTTAGGGCCACGCTCCCCTTCTCGGCGATGTAGGGGGCGAGCGCCTTGGGGGGGAGGAAGTAGAAGTCCTTGGCCCCCGGGGCCTCCCGAACCTCCCAAAGCCTCGCCACCCCGTCCACGTGCCCGGTGACGAAGTGCCCCCCAAGCCTGTCCCCCACCCTCAGGGCCCGCTCCAGGTTGGGCCGGTGCCCCACCCGCCAGGTGGGGGCGGTGCGGCGCAGGGTCTCCTGGGCGAGCTCCACCCAAAACCCCCCCTCCTCCACCCCCACCGCCGTGAGGCAGGCCCCGTCCACGGCCACGGAGTCCCCCACCTTGAGGTCCTCCAGCACCTTCCGGGCGGCGATGTAGACCCGGAGGAAGGGCCCTTCCTCCACCTTCAGGATCTCCCCCGTTTCCTCCACGAGTCCCGTGAACATCTATCCCTCCGGGTAGGCCTCGAGCCAGAGGTCCTCCCCCAGCCACTCCCTGCGGGCAAGGCGAAGGCGGAGGGCCTCCGCCACCTGCTCC
NZ_AP024926.1_gap21	1113159	1117955	4796	TCCGGGCCAAGACCTCCCCCACCCCGGGAAGCCCCAAGGCGTAGAGGAGGCGCTCCAGGCCTCTTTTTTTGCTCTCCTCTATCTGGCGGAGGAGGTTTTGGGCGCTCTTCTCCCCCATGCGCTCTAGGCCCACCAGGTCTTCCTTTCTCAAGCGGTAGAGGTCGGCCACGTCCTTGACCAGCCCTTTTTCCAAAAGCCTCTCAATGAGTTTTTCCCCCAGGCCCTGGATGTCCATGGCCTTGCGGGAGGCGAAGTGGCGGATGGCCTCAAATCGCTTGGCGGGGCACAAGGGGTTGGGGCACCGGTGGACTTTCCCCTCCTTGAGGAGGCGGTGGCCGCACTCGGGGCAGGTCTCAGGCCAGCGAACGGGCCGCTCCTCTCCCGTGCGCCTCTCCTTGAGGACCCGGAGGATCTCGGGGATGACCCCGCCCGCCTTGTGCACCAAAACCCAGTCCCCGATGCGGATGTCCAGCTCCTCTATGTAGCTCTCGTTGTGCAGGGTGACCCGGGAAACCTCGCTGCCCTCTATGAAGACGGGCTCGAGGATCCCCACGGGGGTCACCCGCCCGGTGCGCCCCACTTGGAAGACCACGTCCAAAAGCCGGGTCTCCTTCTCCTCGGCGGGGAACTTGTAGGCGATGGCGAACCGGGGGGCGCGGGCGGTGTAGCCGAGCTCCCGCCAAAGGGCAAGCTCGTCCAGCTTCACCACCACCCCGTCCGCCTCAAAGGGAAGGGCCCGCCGCTTCTTGAGCCAGTCCTGGTAGGCCGCCTCCACCCCTTCCGCCCCCACGGCCCGCGCGTAGCCGTGCTCCACGGGGAAGCCTTTTTCCTTGAGCCAGTGGAGGAGGGCAAACTGGGTCGCCACCCCTTCCCTCTCCACCTCTTCCAGCCCAAGCCCTAAGGCGTAGAAGGTGGCCCTGAGGCCCCGCTTGGCGGTGATGCGGGGGTCTTTTTGCCTTAAGGAACCCGCCGCCGCGTTCCTGGGGTTTTTGAAGATCTTCTCCCCCCGCTCCTCCAGCTCCTCGTTGAGCCGGAGGAAGGCCTCTATGGGCATGTAGACTTCGCCCCGGACCTCGAGGCGCTCCGGCACCCCCTTGAGCCTTCTCGGGATGGTGGGAATGGTGAGGAGGTTCTGGGTCACCTCCTCCCCCACCTCCCCGTCCCCCCGGGTGGCCCCGTAGACCAGGACCCCGTCCTCGTAGTAAAGGTTGACGGAGAGGCCGTCCACCTTGTGCTCCACGGTGTAGGCGAAGGGGCCCTTCCGCCCCAGGGCCCGCTCTATCCGTTCCTCAAAGGCCTTGAGCTCGTCAAAGTTAAAGGCGTTGTCCAAGGAGTACATGCGGGTGGGGTGGCGGACGGGGCGGAAGGTGGACTCCAAAGGCCTTGCCCCCACCTGCTCCGTGGGGGAGTCCGGGCTTTTGAGCTCGGGGAAGCGCTCCTCAAGCTCCTTGAGCTCCCTAAGAAGCCGGTCGTACTCGGCGTCGGAAATCTCCGGGTCCGCCAGGACGTAGTAGCGGTAGTTGTGGTAGCGGATGAGGTCCCGTAGCTCGTTTACCCGCTTCCTCGCCTCTTCCAGGGTCATGACCCTAGTGTACCTCTGGGTTATACTTTCCCTTGGACTAGGGGCGCATCCCCTATCCCGAAAGGAGGCGCTATGAGGAGGCTTTTGTGGTTGCTCACCCTAGGCGCGCTCGCCGTGGCCCTCACGGCCTGCCCCAGGAAAGCGGAGGAGCAGGCCGCCACGGAGACGGCTCCGGCCGAGGAAACGAGCCTTCCCGGGGCCAACGTCCGGGTGGGGCTCGCCTTTGACGCCGGCGGCAAGTTTGACCGCTCCTTCAACCAGTCCGCCTGGGAAGGGGCGCAGCGGGCGGCCCAGGAGCTCGGCGTCCAGATCTTTGACTTTGAGCCCGCCGACCCCTCCCAGGTGGGCCAGGGCATCCGTACCTTCGCCGAGGAGGGGTTTGACCTGGTGATCGGGGTGGGCTTCGCCAACGAGCCCGCCATCACCGCCACCGCCAAGGAGTTCCCCAACGTGAAGTTCGCCGTGATTGACGCCGTGCCCGGGGAAGGGCAGCTGCCCAACGCCTTGGGCGTGGTCTTCCGAGAGCACGAGGGGAGCTTCCTCGTGGGCTACGTGGCGGGCAAGCTCTCCCGCACCGGCGTGGTGGGGTTCATCGGCGGCATGGACATCCCCCTCATCCACAAGTTTGAGGCGGGCTTCCGCGCCGGGGCGGAGTACGCCTTCCAGGAGGACGGGATCCAGGGTCGGGTCCTGGTGGGCTACGTGGGCAACACCCCCGCCGCTTGGAACGACCCCGCCAAGGCCAAGGAGATCGCCTCCAGCCAGGCCCGTCAGGGGGCGGACATCATCTACGCCGCCGCCGGGGGCTCCGGCCTCGGCCTCATTGACTTCGTGAAGGAGGAGATGTGCCTCAGGGAAGGCGGGGCCGTGCGCTTCGTCCGCGAGGACCGCTTTGCCGATGTGCCTAAGTACCCCGCCTACGAGGAGAAGTGCGGCGAGGGCACCACGCCCCTCTTCTTCATCGGCGTGGACTCCAACCAGAACTACCTCGGCGACACCGACAACGATCCCACCACCCTCAACCACGGCCTGACCTCCATGGTCAAGCGGGTGGACGTGGCCGTGTACGACACCATCAAGAGCGTCGTGGACGGCACCTTCCAGGGCGGGGTCAAGGACTTGGGCCTCGCCGAGGAGGGCGTGGGCTACGCCTTGGACGAGTACAACCAGGCCCTGATCCCGGAGGAGGTGAAGGCCCGCCTCGAGGAGCTGAAGCAGGCCATCATCAACGGGGAGATCCAGGTGCCCGAAACCCGCTAACGGGCAGGGGCCCAAAGGCCGGGGCCTTCTGGCCCCGGTTTTCCCGTATACTCCTCCCGTGGCGAAGGCGCTGGTCCTCAAGGACATCACCAAGCGTTTCCCCCTGGTCCTGGCGAACGACCGCATCAGCCTGGACCTGGAGTGGGGCGAGGTCCTGGCCCTGGTGGGGGAGAACGGGGCGGGCAAGTCCACCCTGATGAAGATCGTCTACGGCCTCCAGCCCCCGGACGCTGGGGAGATGTGGGTGGACGGGAAGCCCTACCGGCCCCAAAGCCCCCTGGACGCCATAAGGGCGGGCATCGGCATGGTCCACCAGCACTTCATGCTGGTGGAGCCCTTCACCGTCTTGGAGAACCTGGTCCTGGGCCTCGAGCCCGGAAGCCCCCTCTTTCTGGACCTGGAGGCCGCCCGCAGGAAGGCCACGGCGCTCATGGAGGCCCTGGGCTTTGAGGTGCCCCTGGACGAGAAGGTGGAGAACCTCCCCGTGGGCCTGCAGCAGCGGGTGGAGATCCTCAAGGCCCTCTACCGGGAGGCCAGGATCCTCATCCTGGACGAGCCCACCGCCGTCCTCACCCCCCAGGAGGCCGAGGAGCTCTTCCGCTTCCTCCGGGAGTACGTGGCGAGGGGGAACGCCGCCATCTTCATCAGCCACAAGCTCAAGGAGGTGCTCGCGGTCTCGGACCGCGTCACCGTGATCCGGGACGGCAAGGTGGTGGGGACGGTGCGGACGCGGGAGACCTCCCTGGAAGCCCTCGCCCGGATGATGGTGGGCCGGGAGGTGGTGCTCAGGGTGGAGAAGACCCCGGCAAGGCCTGGGGAGGTGGTCCTGGAGGTGGAGGGCCTCGAGGCCCCGCCCCGCCTCAAGGGGGTGAGCTTCCAGGTGCGGGCCGGGGAGATCGTGGGCATCGCCGGGGTGGAAGGAAACGGCCAGACCGAGCTCGTGGAAGCCCTCACCGGCCTTAGGCCCTTTAGGGGCAAGGCCCTCCTTCTGGGCCGGTCCCTCCCCGCCTCGGCCCGGGGGGTCAGGGACCTGGGGGTAAGCCACGTGCCCGAGGACCGGCTCGCCCGCGGCCTCGTCCTGGACTTCTCCGTGAAGGAGAACGCCGTCCTCGGGGACCAGCACCGCCCCCCCTTCCGGGGCTTTTTGGGCTTCCTGGACGACCGGGCGGCCGAGGCCCACGCGAGAACCCTCGTGGAGGCCTACGACGTCCGCCCCCGCTCCACCGCCCTCTCCGCCCGGCGCTTCTCCGGGGGGAACCAGCAGAAGATCGTGGTGGGGCGGGAGCTCCTAAAGGGCCCCAGGCTCCTCGTGGCCGCCCAGCCCACCCGGGGCGTGGACGTGGGCGCCATTGAGTTCATCCACAAGGAGCTCGTCAAGGCCAGGGACCAGGGGCTTGCCGTCCTTCTCGTCTCCGCCGACCTCTCCGAGATCCTCGCCCTCTCCGACCGGATCCTGGTGATGCACGGAGGGCGCATCGTGGGGGAGCTCACCCCGGAGGAGGCCACGGAGGAAAGGCTCGGCCTCCTCATGGCCGGGGTCACCGCCTGATGCCCTCCCTCCCCGTTCCCGCCTGGAAGCCCTACTCGCGAAGCTCCCCGGCCACCCGGCCGAGGACCACCACCTCCCCCGTCTTGAGGGCGTAGCGCACCCGCTCGCCCCGGACGAACCCCTTCTCGTCCCGGCTCTCCACGCCGCCGTAAAGGTAGGCGTACCCCTCCTTCTCCCGAAGAAGGGCCCGCTCCGCCCGGGTGGTGCGGCCTCCCTGGACGAACTCCACGCCCCCAAGAAGCCAGAGGGCGTCCTCGTCCAGGAGGTAGCGGAGGGTCTGGGCCTTGCCCTTTAGGGGCTTCTCCCCTTCCCGGCTCAAGGCCAAGGGCCCTTCCAGAAAGGCCTCCCCGGTGTCGTTGCGGTAGCGGAGCCTCACCCCCTCCACCCGGGTCGCCCCCTGGGCGA
NZ_AP024926.1_gap22	1126400	1128982	2582	TGGCCGAGGTGGTCACCCCCGAGGTGGGCCGGCTCGTGGAGCTCGGCGACCTGGAGGCCCTGGCGGAGGCCGCCTTGGACCTCCTGGGAAGCCCCCGCCTCCCCGAGATAAGGAGGAGGGCCCGGGAGTGGGCCCTCCTGCGCTTCCACCCGGAAAGGATCACCCGGGCTTACCTGGAGGTCTACGCCAAGGCCCTGGGCTAGGCGTGGGCCACGAGCTCCTTCTTCCTCCGGGCGCTCCTAGAACGCCTGCCCCGCTCCTCCAAGGCCTTGAGGCCGCCCACCAGGGCCAGGTCCAGGACCTGGTCCAGGTGCTCCACGAAGTGGAAGGTCATGTTCTGCCGGAGGGGCTTGGGGATGTCGGAGAGGTCAGGCTCGTTGAGCTTGGGCAGGATCACCTCCCGGATCCCGGCCCGCCTCGCCCCCAGCACCTTCTCCTTCACCCCGCCGATGGGGAGGACCCTGCCCGTGAGGGTGATCTCCCCGGTCATGGCGATGTCGTGCCGCACCGGCACCTCGGTGAGGGCGGAGACCAAGGCGCTCACGAGGGCCACCCCGGCGGAGGGGCCTTCCTTGGGAATGGCCCCGGCGGGGACGTGGATGTGGATGTCGGACTTGTCAAACTTCTCCAGAGGAATGCCGAAGCGGAGGGCGTTCTTCTTGGCGTAGGAGAGGGCGGCCCTGGCCGACTCCTTCATCACGTCGCCGAGCTGCCCGGTGAGGATGAGGTTGCCCTTGCCGGGCATCACGGAGACCTCCACGAACATGATGTCCCCGCCCACGGGGGTGTAGTACATCCCCGTGGCCACCCCCACCTGGGGCTCCCGGGCCTCGGTCTCGGGGAGGAAGCGGGGCGGGCCGAGGTAGGCCTCCAGGTCCTTCTCCGTGATCCGCACCCGCTTCTTGCCCTCCTCCAGGATCCTGCGAGCGGCCTTGCGGAGGAGGGCCCCGATCTCCCGCTCCAGCTGCCGCACCCCCGCCTCCCGGGTGTAGTGGGTGATGAGGCGCGTGAGGGCGGCCTCGGTCACCACCACCTGCTCGGGCTCGAGGCCGTTTTCCCGAAGCTGCCTGGGCAGGAGGTAGCGCTTGGCGATCTCCAGCTTCTCCTGCTCGGTGTAGCTGGTGAACTCAATGGGCTCCATCCGGTCGTAGAGGGGGGCGGGGATGTTCTGGGGAAAGTTGGCGGTGCAGATGAACATCACCTCGCTGAGGTCAAAGGGCACCCCCAGGTAGTGGTCCACGAACTCCTTGTTCTGGGCGGGGTCCAAGACCTCGAGGAGGGCCGCCGCCGGGTCCCCCTGGTAGGAGATGCCCAGCTTGTCCACCTCGTCCAGGAGGAAGACGGGGTTCTTGGTCCCGGCTTGCCTCAGGCCCTGGATGATCCGGCCCGGCATGGCCCCGATGTAGGTGCGGCGGTGGCCCCGGATGTCCGACTCGTCCCGGACGCCGCCCAAGGAAACGCGCACGTACTTGCGGCCCAGGGCCTCGGCGATGCTCTTGGCGATGGAGGTCTTCCCTACCCCCGGCGGCCCCACGAAGAGGAGGATGGGGCCCTTGTTCACCTCGTCGGGCGGGATCTCCCCCCGCTTGGCCCGCTCCGCCTTGAGCTTGCGCACCGCCAGGTACTCCAGGACCCGGTCCTTCACCTTCTCCAGGCCGTAGTGGTCCCGCTCCAGGATCTCCTTGGCCCGCTCCAGGTCCAGGTTGTCCTCGGTGCGGGTGTTCCAGGGGAGGTTGACGATCCAGTCCAGGTAGGTGCGGATGACGCTGGCCTCGGCGGAATCGGGGTGCATGCGGGCGAAGCGGTTGAGCTCCCGCTCCGCTTCCTGGCGCACCACGGGGGGGAGGTCCAGGGCCTCAAGCTTTCTGCGGAACTCCTCCACCTCCTGCTCCCCCTCCTCCCCGTGGAGCTCCCGCTGGATGGCCTTCATCTGCTCCCGGAGGAAGTATTCCCGCTGGTTGCGGTCAATCTCCTCCTTGACCTGCTGCTGGATGCGCCGCTGGGTCTCAATGAGGGCGAGCTCCGCCTCCAGGAGCACCAAAACCGCCCGCAGGCGCTCGGCCACGTTCGCCGTCTCCAGGACCTTCTGCTTGTCCTCGAGGCGGAAGTCCATGTGGAAAGCGACGTAGTCGGCGAGCTGCGAGGGGTCCTCCAGGTTCAGGATGAACTGGGCTACCTCCGGGGCCAGGTACTTCCCCTCCTTGAGGAGGGCCTGGAACTTGTCCTTGACCTCCCGGACCAGGGCCTTGACCAGAATGGGCTCCCCGGGCTCGTCGGCGAGGACCTCGCCGCGGGCCTCGAGGTGGTCCCCCAGGTCCAGCCACTCCTTCACCCGGACCCGGGCGAAGGCCTGCACCAGGACCTGGACGGAGCCGTCCGGGTTCTTGCGCATCTTCAGGATGTTGCAGGCCGTGCCCACCTCAAAGAGGTCCGAGGGCTTGGGGGTCTCCACCTCCTTGTCCCTCTGGCTCACGATGAGGAGGACCCGGTCGCGGGCCAGGGCCTCGTCAATGGCCCGGATGGAGATGGGCCTCCCGGCGTCTATGGGCATCACCATGGTGGGGTAGATGACCGAGCCCCGC
NZ_AP024926.1_gap23	1160240	1161729	1489	GCTCCTGGAAGAGGGCGCGGGCCCGCTCCTGGTCCTCGGGGTAGACGAAGGCCAAGGCGTTGAGGGCGGCACGGCGGTACCCCTCGGGATCGTAGCCGAGGACGCTGCGAACGCTCGGGCTCACGAAGCGGATGCGGGCCTCCTCGTCCAGCACGTAGACCACGTCCTGGGAGTGCTCAAGGAGGGCCCGAAGCCGCTCCTCCTCCGCCTCCAGGTAGGCGAGCAGCCGGGCCTTCTCCAGGACCAAGGCGAGGAGAAGCCCCACCTGGGCGAGCCTCCCTTCCCACCCCGAGGACCAACGCCGCGGCCGCCTATATCCGAGGAGGAGCCCCCCTTTGAACCCCCGGGTCTGGAAGGGGATCACGAGGGCGCTTTTTAGCCCCCAGGCCTCCGCCAAAGCGCAACTCCCCTCCAGGGTCTCCAGGACGAGGGGCTTTCCCTCCTCCAGGGCCCGCTCCAGGAGGTTGGGCCGGGGAAGAGGACCCTCCAAAGGCCTGGTGGCGTAAAGCAGCCTGAGCTCCGCCTCGGCCATGCCCACCAGGGCCTCCTCGGCCCCGAAGAGGGCCTGGAGGCGGCGGGCGATGGCCGAGGCCAGGGCCTCGAGGCCGGGCGCGGACAAGGCCTCCTGGGCCAGGTCCACCAGGGCCTGGGTGAAGGCGGCCTGCTCCCTGAGGGCCCGCTCCATCCGGACCCGCTCGGTGATCTCGTGCAAGACCAAGACCCGCATCTCCCCCAGGCGGCGCCCCCGGACGCTGTAGGTCCGCCCCCCGAGATGCACCTCCGTGCGCCCCCCCTCCAGGGCCGGGGCCAGGGCGGCGGGCAGGTCGCCAAGCCCCACCTCGGCCCCCACGCCGAGAACCTCCCGGGCCCGGGTGTTGGCGAAGCCCCGCTCCCCCAAGAGGACCACCACCCCGTCGGGAAGCTCCTCCAGCACCTCGGAAAGCCGCTTCCTCTCGGCGGCCAGGGCCAGGGAGAGGGCCGTCCTTTCCCGGTAAAACTGGGCGTTCCGCAAGGCGACCCCCGCCACCCCGGCGAGGAGCTCCACGTACTCCACCTCCTCCTCCGTTACGGGAGGTCCTCCCGGGCCGTGGTCCACGGCCACGCACCCCAACGCCTCCTCCTCCACGAGGACGGGCACATAGGCCACGCTGGCGCCCACGCTTTCCGCCAGGTGGGGGGGAAGGGCTTCCCGGGGCACGATCCGCGTCCGCCGCTCCCGCACCGCCTGGGCCATGGGGTCCGAGGAGGTGGCCACGGGCAAACGGATCCGGCTCCGCCCCTCGGTCCAGTAGAGGTCCTGCCCCCGGTGGGTCAGGTGCCCCACGAGCGCCCCCTCCCGCACCAAGGCCACCGTGACCCGGTAGAAGCCCAGGCGCTCCCTCAGGATCCCCGCGAGGACGGCCATCACCGCATCGGGCTCCAGGGCCCGGGCGAGCTCCCGGGACGCGGCGCTCACGTGGGCCAGGCGCTCCGCGTGCTGGGAAAGCCG
NZ_AP024926.1_gap24	1179107	1181907	2800	GGGCGGGGGTGGGCCTCGGGTTCCTCAAGGGGGGAAGGCTTCTCCTAGAGGGCCTCGAGGCGGGCGCCCGAGGCATGGTGGGCATCGCCCTGGCCACAGCCTCCGCCGGCGTCATCGTGGGCATCGTCACCATGACGGGCATCGGCTTCGGGCTCACGGACATCGTGGAGAGGCTTTCCGGGGGGAACCTCCTCTTGGTCCTCCTCCTCGCCCAGCTCACGAGCCTCCTCCTCGGCATGGGCCTCCCCACCACCGCCAACTACATCGTCATGGCCTCCTTGGTGGTGCCGGTGATCCTGAACTTGGCGGAGAAGGCGGGGTACGCCGTGCCCCCGGTGGCGGCCCACATGTTCGCCTTCTACTTCGGCATCATGGCCGACTCCACGCCCCCCGTGGCCCTCGCCGCCTACGCCGCGAGCGCCATCGCCCGCTCCGACTTCTGGAAGACGGCGGTCCAGGGCTTCGTGTACGAGCTCAGGACCGCCCTCCTCGCCTACATGTTCTTCTTCAACCCCAAGCTCCTCCTCCTCGGGGTGGGCTCGGTGGCGGAAGGCGTCCTGATCGTGGCCACCGCCTTCGCGGGGATGGTGGCCTTCAGCGCCGCCCTGGTGGGGTTCTTCCACAAGCGGACCACCCTTTGGGAGCGGGGCCTCCTCCTCCTCGCCGCCTTCACCCTCGTGGTCCCGGGGCTCGCCACCGACCTTTTGGGCCTCGGGCTCTTGGGCCTTGTCTACCTGGTCCAGCGGGTGCGAAAATAGCCGGAAGTGGAGCCCATCATCCGAATCCGCAACCTGCACAAGTGGTTCGGCCCCCTGCACGTGCTCAAGGGGATCCACCTCGAGGTGGCCCCGGGGGAAAAGCTCGTCATCATCGGGCCCTCGGGCTCGGGAAAGAGCACCCTCATCCGCACCATTAACCGCCTGGAGGACTTCCAGGAGGGCGAGGTGGTGGTGGACGGCCTCAACGTCAAGGACGACCGGGCCCTCCGGGAGGTCAGGCGGGAGGTGGGGATGGTCTTCCAGCAGTTCAACCTCTTCCCCCACATGACCGTCTTGGAGAACGTCACCTTGGCGCCCATGAGGGTGCGGCGCTGGCCCCGGGAGAAGGCGGAGAAGAAAGCCCTAGAGCTTCTGGAGCGGGTGGGGATATTGGACCAGGCGAGGAAGTACCCGGCGCAGCTTTCCGGGGGGCAGCAGCAACGGGTGGCCATCGCCAGGGCCCTCGCCATGGAGCCCAAGATCATGCTCTTTGACGAGCCCACGAGCGCCCTGGACCCCGAGATGGTGGGAGAGGTCTTGGACGTGATGCGGGACCTGGCCCAAGGGGGCATGACCATGGTGGTGGTGACCCACGAGATGGGCTTCGCCCGGGAGGTGGCGGACCGGGTGGTCTTCATGGACGGGGGGCAGATCGTGGAGGAAGGGAGGCCGGAGGAGATCTTCACGCGCCCCAAGGAGGAGCGCACCCGAAGCTTCCTCCAGAGGGTGCTCCACCACTAAACCCCCATGGCCCCCAACGCCCTGCAAGGCCTCCTCAAGGCCCTCGCCGACCCCGAGGCCGACCCTAACCTCCGGCGCCGGGCCTTGAGGGCCTATGGCCTCTTCCTCCTCGGGCTCAAGGGGGGCCTCCTCCTCCTCCTCGCCCCCTTTTTGCCCCCGGCCCCTTACCCGCCCCTCCTCCTCCTCGCTGTCCTCGGGGTGGCCTGGCTCTACCTCCAGGCCCGCTCCGCCCTGGAGGAGGAGGCGCCCCTCGGACCCTTGGTGGCGGTGGGGCTTGGGGCGGGGGCCTTTTTCTTCCTGGGGGTTTTGGGCCTCCTCCTGAGACCCCTGGGCCTCCTCCTTCTTCCCTTGGGCCTCGGCGCCTTCTGGGGCTTCCTCCGCCGGGGGGAAGAGGGGCTCAACGCCGGGGCAAGAGGTCCCTAAGCCGGGTCCTCGCCAGGGCTAAGACCTCGGGAAGGCGCTCCTTGGCCCGGTGCTTTCCCAGCTCGTAGACGAACTCCAGCCGCTCGTGGTCAAAGGTGTCTATGGGGAAGGGAGGGTCCAGGGAGATGACCACGTCTGCCTCCTTGAGGGCCAGGGCTTTGAGCCGCCTCCGGCTCGCCTCGCCCGCCAGGAGGGCGGCCTCGAGGGCCGTCCTGGGCAGTTCCTTGGGCGGAGGGTTGGAGACGTCCACGGCCACCACCTTGGGGAAGAGGGCCTTGGCCGCCCGCACCGGCACCTTCTCCGCCACGTCCCCGTCCACGAGGAGCCGCCCCATGAGGGCCACCGGGGGGAAGAGGCCCGGGATGGCCATGCTGGCGAGGACCGCCTTCCACACCGGCCCTTCCCTCAGGACCACCGCCTCGCCCGTGAGGAGGTCGGCCGCCTGGAGGGCGAGGGGAATGGGGCTCTCCTCCAGCCGCGCCTCGCCAAAGAGGACCTTAAGCCCCTCCTCTATCCGGTCCGTGTCCACCACGGCCGGGCGCCTGAAGGCGATGAAGAGCCGGGCCAAGGCCCGGAGGCTTCCCGCCCGGGAAAGCTCCGCCACCTCCCGGTCAAAGATGGCCTCGTGCACCCTCCAGGGGTCCTTGTGGCCGAAGGCCCAGGCGGCCGCCGCCAGGGCCCCGGCGGAGCTCCCCGCAAGGCCCCGGATGGGGACGCCCGCCTCCTCCAAGACGGCGAGCACCCCGAGGTGGGCGTACCCCCGGACGCCGCCTCCCCCTAAGGCCAAGGCCACGCCGCGCATACCACCAGCATAAAATGGCCCCATGCGGCCCGACCTTTCCCGCGTCCCCGGGGTCCTGGGGGAGATCGCCCGGAAG
NZ_AP024926.1_gap25	1214936	1217323	2387	TTTTCCGCGGCGTCCACGGCGATGAGGACGCTCCCCGGCGAGGCCACCACGGCGAAGGGGACCGAGGTGCCCTTGGGCAAGGAAAGGGGCAGGTAGCGCCCCTTCTCCAAAAGCACCACCCGCTCCACCCCCACGTTGTCCTCCACCCGCCCGTAGACCCGGACGAGCCCCCCTTCCAGGGGCTCGGTGCGCTCCAGTTGGATCCTCGGGGGATCGTTGTCCAGGGTGAAGGCGACCCGCCGCGTCGCCCGGTTGCCCACCCCGTCCTCGGCCTCGAGGACGATCTCCGCCGTGCCCGAGGAGGGGGCCTCCAGGCGGAAGCGGAAGGCCACCAGGGGCTTGCCCCGGGAGGGGGCCTCGAGGACCTCCCGTCCGTTGACCCGGACGGAGACCACCCCGGAGGGGTCAAAGGCGTACCCCTCCGCGAGCAGGCTCCGGCCAGGGGCCACGCCGCCCCCTTGGGGATAGACGAGGCCCACCTCGGGCGGCAGGGTGTCGGGCCGGGCGCAGGCGGAGAGGAGGAAAAGCAAAAGGAGGGGACGCCAGCGCATCCCCCCCATCATAGCCTCCCCCTACCTGAGGATCACCCCCAGGCGGCCGGCGAAGTGGGGCAGGAATACGGAAAAGTTAGCGAAGCTCACCCCGAGCTGGACCTCAAAGTAAGGGTTGATGGCGGGATCGGGGAGCCGGAGCTCCACCCCGGCAAGCCCGTGGGGGTAGACGAGGAACCCGCCGCCCCAGTAAATCCCCGCCCCGAGGCCCGCCCCGTAGTACCAGCTCATGGGAAGCTCGCCCGACTGCAAGGGATTCTTCTGCAGGATCAGGGCCGCGTCCCCGGCGACCCCGAAATAGGAAAGGCCGACGCCAAAGCGCAGGGTGTCGCTTTGGAACTGGGCCCCGAGGTAAGTGGGGTAGCCGCTATAAACCCCCACGCCCGGGCTCTGCGCCAAACCAAGCCCCAACAACACCACGAATAGACCCAAAAACCGCTTCATCGCTTCACCTCCAAGCTCATCCTAGCATGACCTCGGCTCAAGTGGTGTAAAGGGCGTTGATGCGCACGTAGTCCTCGGTGAGGTCGCAACCATAGGCCTCCCCTTCCCCTTGCCCCTCCCGGAGGTCCACCAGGACCTCCACCTCTTCGGCCCGCATGGCCCGGCCCGCCTCCTCCCGGTCAAAGGGAAGAACCCCGCCCTCGTAGAGGGGAATCCCCTGGAGAACGATGCGCACCCGCAAGGGGTCAAACCGGGCTCCCGAGTTGCCGAGGGCGGCCAGGATTCTCCCCCAGTTGGGGTCGTTGCCGTAGAGGGCGCTCTTCCAGAGGGTGCTTCCCGCAATGGCCCTCGCCGCCCGCCGCGCCTCCTCCTCCGTGGCCGCCCCCACCACCCGCACCACCATGAGCTTGGTGGCCCCCTCCCCGTCCCGGGCGATCATGCGGGCAAGCTCTTGGGCCACGGCCTCCACCCCCTCAAAGAAGGCCTCGAGGGGCACCTCCCCGTAGGCCCCGTTGGCCATGAGGAGGGCGAGGTCGTTGGTGGAGGTGTCCCCGTCCACCGTCACCTGGTTGAAGGTGCGCTCCACCACCCGCCCCCACCCGGCCCTCAAGGCCTCCTGGGGGACCAGGGCGTCCGTGACCAGGAAGGCGAGCATGGTGGCCATGTTGGGGTGGATCATGCCGCTTCCCTTGGCGAGTCCCACGATCCTGGCCCCCGCCACCTCGGCCTCGGCCACCTTGGGGCGGGTGTCCGTGGTGAGGATGGCCTCGGCGAAGGCCTCGGCGAAGGGGGTGAGGCCGATCTCGGGCAAGCCCTTCTCAATCTTTTCCACGGGCAAGGGCACCCCGATCACCCCGGTGGAGGCGGTGAGGACCTCCTCCGGGGAAAGCCCGAGGCGCAAGGCGGCGAGCTCGGCCATGCGCCGGTCGTCCTCGTAGCCTCTTTCCCCGGTGGCGCAGTTGGCGTTGCCGGCGTTCACCACCACGGCCCTCAAGGGCTTCCCCGAGGCGTAAAGCGCCCTTCCCCGGTGGATGGAGGGCGCGGCCGCCCGGTTCTGCGTGGCGGCGTAGGCCCAGGCCGCGGGCAAGCCGGAGACCAAAAGGGCGAGGTCGGGCCTTCCCGAGGGCTTGATCCCCGCCCGGGTGGCCCCCGCCCTAAAGCCCCTGGGAAGCCTCACGGCCATAACCCCTCCTTGGGAAGCGCCGTCTCCTCGGGAAGGCCCAGCATGAGGTTGAGGTTCTGCACCGCCTGCCCCGCCATGCCCTTCACCAGGTTGTCCAGGGCGGCGAAGACCAAAACCCGCCCCGTCCTCTCCTCGTAGAGGGGCCTCACGTCCACCCGGTTGCTCCCCAGGGTGGCCTTGGTCTCGGGAAGCCGCTTAAGGACCCGCAC
NZ_AP024926.1_gap26	1247713	1251800	4087	CACCCGGGGCCCCTCCTCTTTGAACTCGCGGAAGAGCTCTTCCTGGAAGTCCTCGAGGCCAACCTCATCGCCGGCTACCAGCTCGCCCGCTTCGCCTACCCCGTCCTCAGGCGCAAAGGGGAAGGCCTCGCCGTGTACGTGGGCTCGGGGGCGGCGGAGAGCAACCTGCCGGGCATCGGGGCCTACGCCGTGGCCAAGGCGGCGGAGGAGCACCTGGCGAGGCAGCTCGCCGCCGAGGCCCCGGAGGTCACCTGCTTCGTCTACCGCCCCGGGGTGGTGGAGACGGAGATGCAGCGCCAGGCCCGGGAGGCCCAGGGAAGCGCCGCGGCCGTGCTCCACCGGGTCTTCAGGAGCTACAAGGAGGAAGGCCTCCTCCTCACCCCGGAAGAGGCCGCGAGGGCTCTGGTGCGGCTTCTCCCCAAGGCCAGGGCCTTCCACGGAAAGATCGCCACCTGGAGGGACGCATGAGGTCGGACCAGATCAAGAAGGGACTCAAGCAGGCCCCCGCCCGCGCCATGCTCCGGGCGGTGGGGGTGGGGGACGAGGACTTCGGAAGGGCCTTCGTGGGGGTGGTGAACACCTTCACCGACGGGATGCCCTGCAACTTCCACCTGCGAAGCCTGGCCCTCCACCTCAAGGCCGGGCTCAAGGAGGCGGGGCTTTTCCCCTTTGAGTTCGGGGCCCCCGCCATCTCCGACGGGATCAGCATGGGCACCCCGGGCATGCGGGCGAGCCTCGTAAGCCGCGAGGTCATCGCCGACAGCGTGGAGCTCATCGCCCAGGGCTACCTCTACGACGGCATGGTGGGGCTTTCCGCCTGCGACAAGACCATCCCGGGAACGGCCATGGGGGTGATCCGCAGCGGCGTCCCCGGCATGGTCCTCTACGGGGGGACGATCGCCCCCGGGGAGTGGCAAGGCCGGAAGCTCACCATCGTGGAGGTCTTTGAGGCGGTGGGGCAGAGGGCTGCGGGGAAGACCTCCGAGGAAGAGCTTCTGGAGATTGAACGCCGGGCCATCCCCGGCCCCGGGGCCTGCGGCGGCCAGTACACCGCCAACACCATGGCCATGGCCCTCGAGGCCCTGGGCCTCTCCCCCGTGGGCTACAACGCCATCCCCGCCGTCCACCCTGAAAAGGAGCGGGCCACCAAGGAGGCGGGGAAAATCCTCGCCTGGGCCATAGAAAAGGACTGGAAGCCCAAGGACTTCCTCACCCGGAAAAGCTTCCTCAACGCCATCGCCGCCGTGGCCGCCACGGGGGGGAGCACCAACGCCGTCCTCCACCTCCTCGCCCTGGCCAAGGAAGCGGGGGTGGAGCTCAGCCTGGACGACTTTGACCAGATCTCCCGCAAGACCCCGGTGATCGCGGACCTCCGCCCTTGGGGCACCTACACCGCCTGGGAGCTCTACGAAGCCGGGGGGACGGCCCTCGTCTTCAAGCGGCTTCTGGAGGCGGGGCTCCTCTACGGGGAGGAGAAAACCCTCACGGGCCGCACCCTGGCGGAGGAGGTGGAAAGGGCCTACCGGGAACAAGAGGGGCAGAAGGTGGTCTTCCCCGTGGAGAAGGCCCTCAAGCCCCACGGGGGGCTCGTGGTGCTCAAGGGGAACCTCGCCCCTAAAGGCGCCGTCCTCAAGCTCGCGGGGACGGAGCGCACCTACTTTGAGGGCCCGGCCCGGGTCTTTGACTCCGAGGAGGCGGCCATGGAGAAGGTCCTGAAGGGGGAGATCCGGCCCGGGGACGTGGTGGTCATCCGCTACGTGGGCCCCAAGGGGGCGCCGGGGATGCCCGAGATGCTCTCGGTGACGAGCGCCATCGTGGGGGAAGGCCTAGGGCCGGAGGTGGCCCTCCTCACCGACGGCCGCTTCTCCGGGGGCACCCGCGGCCTCATGATCGGCCACATCGCCCCCGAGGCCTTCGTGGGCGGGCCCATCGCCCTCCTGGAGGAGGGGGACCGCATCCGGATTGACGTGGAAGGCCGCCGCCTCGAGGTCCTCCTTCCCGAGGAGGAGCTGGAAAGGCGGAGGGCCCGCTGGCGGCCCCGACCCCCCGCCTTCACCCACGGCCTCTTCGCCCGCTACGCCGCCCTGGTGCGCCAGGCGGACGAGGGGGCGGTGCTGGAAGACCCGCTCTAGGGCCTCTGGATCCGGTCCGGGGCCAGGTTCTGGCCCCGCTCTCTTTTGATGTCCTCGGAATTGAAGGGCTCGGCCCGCACCTTGAGGAGGGCCATGAGGTGGTTGAGCAGGGCGGCGAGCTCCTCGTCCCCAAGCTGGGGGAAGCCCGGCATGAGGCCCGCCTCCCCCCGCTTTCCATAGAGGAGCACGAGGACGAGGTAGCGCCGGCCCTCGGGGGTCTTGAAGAGGGGGGCCGCCGCCTCGAGGCCCGGGTAGGGCCGCGCCCCCTGGGCCCGCTCCCCGTGGCACTGGGCGCAGAGGCGCTTCCAAAGGGCTTCCCCTTGGACCGCCTGCCCCTGGGCGAAAAGGCCCAGGAGGAGGGCCAGGACCAGGGCCTTCTTCATGGGCCCAGTATACGCCCGCCCCCCCGGCCCCGGGTTTAGTGGGCCTTAACCTCGGTCCAAATCTGGTCGTAGAGGACGATGTCGGGGCCCAGATCCTTGAGGTACTCAAGCCTAGAGCGCACCTCCTCCGGCGGGAAGACCACGGGGTCGTTCCGCATCTCCTCGGGCAGGAGGGGGATGGCCTTGGCCACGGGGGTGGCGTAGTAGGTGTACTCCGCCAAGGCCGCAGCGTTTTCCGGCTCCAGGAGGAAGTCAATGAAGCGGTAGGCCAGCTCCTGGGCCGGGCCCCGCTTCAGCACCACCATGGCGTCCGTCCAGAGCGTCCCCCCCTCCTTGGCCAGGGTGTAGCGGAGGCGCTCGTCCTCTTCCCGGGCCTGGAGGACGTCCCCCGAGTAGGCGAGGCTTAAGGCGGCGTCCCCCGCCAGGATGCGGTTCAGGGCCTCGAGGCCCCCGGCGAAGCCCACGGAGCGCTCCTTGGCGGCGAGGAGGAGCTCCTTGGCCTTCGCTAGGGCCTCGGGGTCGGTGGTGTTCACCGAGTAGCCCAGGTACTTCAGGGCCGCCCCGATGGTCTCCCGCATCTCGTCCAGGAGGAGGAAGGGCCCCACCTGGGCCTCCGGATCAAAGAAGACGGCGTAGGAGTCCACGGGGCCCGTCACCAGGTCCTCCCGGTAGGCGATCCCCGTGGTGCCCCAGAGGTAGGGCACGGAGTACTGCAGGCCGGGGTCGTAAGGAGGGTCTAGGAAGAAGGGGTCCAGGTTGGCGAGGTTCTTCAGCTTCCCCTTGTCCAAGGGGGCGATGAGGCCGTCCCGGGCCATCTGCAGGACGTAGTAGTCGGGGGCCACCACCAGGGAGAACTCCTGGTCCGCCCCCGCCTTGAGCTTCGCCAGCATGGCCTCGGGGGACTCAAAGGTGTCCAGGACCACCTTGGCCCCGGTCTCCGCCTCAAACTTCTGGATAAGCTCCTCGGGGATGTAGTCGGCCCAGTTGAGGAAGTAGAGGGTGCCCGCGCCCGAAGGCGCCTTGGGCCGAAGCCAAAGCCACCCTAGGAGCACCACCGCGACGAGCAGGAGCAACACCGCAATCCGCCTCATAACCTCCTCCGGCTAAGAGCATACCCCAGGGCGAGGAAGAAGGCGCTGAGCCCCACGATCAGGCTGGAGAGGGCGTGGACCTTGGGGCTCACCCCGAGCTTCACGCTGGAGTAGATGTAAAGGGGCAAGGTGGTGGCCCCAGGCCCCGCGGTGAAGAAGGTGACCACGAAGTCGTCCAGGGAGAGGGTGAGGGCGAGGAGCACCCCCGCCGCCACCCCCGGCCAGGCCAGGGGGAGGGTCACGTGGAGGAAGGTCTGGAACCCCCTCGCTCCCAGGTCCCGGGCGGCCTCCTCCAGGGCGGGGTCCAGGAGGAGGAGCCGGGAGCGCACCACCAGGGTCACGAAGGCCACCTGGAAGGTGATGTGCCCCAGGATCACCGTGAGGAGGGAAAGCCGGGGAAAGCCCAAAAGCTCGCGGGAGAAGGCGAAGAGGAGGAGGAGGGAGATCCCCATGACCACGTCGGGCACCACCACGGGGACGT
NZ_AP024926.1_gap27	1293356	1294301	945	GCCCCACCCCCAAGGGGTCCTGCACCCCCTTCTTCGCCTCCTTGAGGAGGACGCACCGAAGCCCCCGCTCCAAAGCCTTCAGGTCCCGAACCCCGGAAAGCCCGGAAAAGGGCGTGCCGGAAAGCTCGTCCAATACGGCGTAGTCCCCCTCCATGAGCCGGGCGAACCGGACCCGGTCCACGAACCGCCCCCCCTTGAGGAAGAAGGCGTCCGGGGCCAGCCCCGAGCCCTGAAGCTTGAAGGCGGTGCGCAGGTTCTCCGCGTCCACCTCCAGGGCCAGGTAGTCCCGCAAAGCGGGCTGGTCCAGCCCCTTGGCCGCCTTGGCCACGTCCTCAAAGAAGCGCTTGGCGAGGAGCGCCTCCACCCGGGCGAGGTCCTGCGTCTCCCGCAGGACCGCCCTCAAGGCGCGGGCCAAGGGGTGGCCGGGCACGGCGAGCACCTGGGCCATCCCCGCGGGGTCCTGGGCCTCGTAGGCCTGGCGCCAAACCTCCTCCCGCAGGGTCCCGGGGAGGAGGAGAACCTCCTCAAAGGGGCGGCCCGTGGCCTTGGCCCGGAGGAGGGCCTGGAGGTTGTGGAGGTCGTTCCGCAGGAGGAGGAGCCGCACCGCCTCCCGCGCCTCCCCGGTGACGAGCCGCGGCAGGTCCCCGACCAGCTTGGCCTGGGTGCGGAGCACGGCCTGGTCCACATCGGGAAGGCCCTGCCCCGCAAGCTCCCCGCCGTAAACCGTCTCCGAGAGGAGGCGGAGGAAGTCGGCGAAGGAGAGGTCCAGGGCCTCTTGGAAGAAGCTCTCCTTGAGGAGGGTCCCCCTCCGCACCCGCACCCGGGCGTTGAGGTAGGCGAAGTCGTCCGCCATCGTCTAGCCCCAAAGCGCCTGGGCCACCTTGGAGGAAAGGGCGTCCCAGGCGCGGTCAAGCCGGGCGAGGAGGCTGTTTTCCACCTGGGTCT
NZ_AP024926.1_gap28	1383190	1384845	1655	CACCGTCTTAAGACCCTTCAGGTACTCCCAGGCCTCGAGGTTCCCCTCAATGTTGGGGCGCACGCCGAAAAGCCGGGCGACGACCTCCTCGGCCTTGGCCACCGAGTCCACCACCCCGGGGTTGAGGCGCTGCAACTGCTCCACCAGCACCCTCCGCAAAAAGGGGGAGTCCTCACCCCCCCGCAGGCGCAAGGCCTCCTCACGGGGCAGGTAGGTCCAGCCCGCTTCCTCGGCGTAGCGGATAAAGGGGTTTTGCACGCTCCCGCGCTCGCTACCCAGTCCCATGGCCTCCCCTCAAGCGTTCAAAGCCTTCCCGAATGACGGCGGCCATAAGGCGCCGCCGCTCCTCCAAAAACTCGGGGTAGTCCATGGCGTACCAACCCTCCGGTAGGGCGTGGTACCGGTACATTTCCTTAAGCTCCTGGGGAGAAAAACGGCGCTCGTACTCGGGCGCGTATTCGGCGGGAGGGCGGTCGTTGATCCTGATGTTGTCGTGCCACTCCACCAGGGCGTAGTTGGCCACCTGGTTGATGTCCCTCTTGTCGGCGATGCCCTGCCGCATCAGGTACTTGCGGGGGAAAAGGTGGTGCCGCTCCAGGGCCGACTTGTAGGCCTGCGCGTTGGGGTCCAGCAGGTCCCGCACCTTCATGGAGGAGTAAAGCACCGGCGCGTCCAGCAGGCAGAGGGAAGCAAAAAAGGCCGCTTGTCCGGGGCTTTGCGCCGAGGCTGTGGCGAGCTCGTTAGGCAAGGTCACTTCCCAGTAGTCCGGCGTGAGCACCGCGGCCATTTCCTGCTCCAGCACCCGGACGAACTCCTCGGGACGAGAGAGGCCGCGCAACAGAGCAAGGTCCTGGTCCATGCGGGTCTCCGGGGAGCTGGTATAGCGGCCGGTGAGGGCGCTCATGAAAAACCAACGGGCCATGAGGTCGCGCAAGGCGTGGGGATCCAGCCCAAAATCCAGCTTGCCGATGAGCCAGAGGGCGTAGGTATACACCAAAGACGTCCGGGAAGTGATGAGGCTCGGATGGATGTACCCAGCCCGCTTGACGACCTTCAGGAAATCGTGCCAGTGTTGGAGGTTAAGGACTTGGGTCTGCGCCTCCTGCAGGAGGGCAAACTGGGCGTCCCGGCGCTCCGGGGAAAACTCGCCCGTTTGCAGGTCCTTCCCCCGCAGGATGGAATAGATTTGCTCCAACCTGGCGCGGCGGAAGGCCAGGGCCACGCTCACCCGCAAAAGCTGGTCGGGCTGGGGCTGGAAGTAGGGGTTGTAAGGTGAAGGGCTCCCGTCCGGCGAGGGTTGCTTGGCCCGGCGGGAAAAGTCTTCCAGCTGTTTGCGCCCCTCGTCCCAAAACACGGACATCAGGGTGAGGATAAAATCGGCCTGGTTCAGAGAACGACCGCGGCTGTTGATGCGCACGAAAATCTCGGAAACCTGCTCTTCCGTGGCCTGGACGGAAATTTCCAGGGCGGTCATGGGGTAGTTGATGAGGTTGACCAGCCGCTGAACGGCTTGGGGTATGCGCTTGCGCACCTCCGGGGTCAGCTCCCGGCGCTCCCCCAAACGCTCCAGGTAGAGGGAGACGAAGGCGTACTGGTCAAAATCCGGCCGCCAAAGGAGGCTGATGTCCGGCACCCAGTTGGGGTCGCGCTCAATG
NZ_AP024926.1_gap29	1386466	1389205	2739	AGGGAGAACTCACTCTTCGCAGCCCGGAAGAAGTGCTCTACCGTGAACCGCCTCCTTCCCCAGGTGAGCATGGTCCGGGGCGTGGCGGGAAAGGTGGCCACCACGTACCGCCACTCCCAGCCCCCTTGGGGCAGGGGGTAGCGGTACCAGGCCACCCAGACCGGGAAGGAAAGCCCCCACAGGTAGACCCGGCTCCCCTGCCGCCTGAGGTCCAAAAGCCTTCCCCCTCCCCGCAGCCTCCGGTCCCGCCGCATCCCCACCACCGTTTCCAAGCCCAACCGCCTCACCCCAAAGAGGAACCAGGCCGTACCAAAGGCCGCGTCCGCGGCCACCCGTATCCGGAAGGTCCGGCGCATCCAGAGGGGCAGAGAGGCCAGGAGGCTCAGGGCCAGGAGGGAGAGGCCTTTCTCCCCCTTGCCCCGCCATAGACGGTAGGCCCAGGGGACGCGGAGGTCCCCGTAGACGAGGTAAAGGACCACGAGGTGGAGGCCCCACTTGCCGTGAAAGAAGGAGAGGGGGAGGTGGGGGAAGTGGCCCCGCTTTTCCAGGGTGACCAGGTCCAGGACCACCAGGAGGCGGGGCTTGGGGCCCTTTCTCCGCCTGGCCCGGTCCAGGGCTTTCTGGGCCTCCTCGCGGGCCAGGCGGATGAGGGCGCGGGTGGGCCAGGGGTAGCGGTTGAGGAAGCGGGAGAGGGCGGAGGGGGACTTGGTCTTGCTGTGCTGGGGTCTAGCCTTGCCGTGACCGGTGAGGAAAAGGAACAACAGGGCCTTCAAGGATTCCCGCAGGTGGGGGGTTGGCATGAGGGCCAGGATGGTCCAAAGTAGGGATAGGGCTACTGGTCTCATGGCACCCCTCATAAGAGGGGAAACCAGTAGCCCTCTTCAAGTGGTCCCCAAGCATACTCATGCCCGCGGTGAATAAGTGCAAGTTTTGAGAGGGGATAAACTTCTGTAGTGGCAAATGCCCGCTTTATTTCTGGCGGGACCATTGCCTGCTTACCATTCTCTAGTGAGGGGGTTATTTTCGCAAACAAGATATCCCCCGCCTCACAATAAACACCACTACGAACATCCTCGCTCGCTCTCCACTCTACTCTCAGGGGATAAATCGCCCCATCGTCCGGAATAGCGTCCATCGGAATAAAAGGCACCTTCTCAGTCCAAAACAGTTTCCTTGGCTTCTTAGAAATCTCCACAACCTCCCCCAACCGCACCACCCGCCACTCCTCTGGCAAGGGGCCGAGCTCGGTCATGCGGTAACCCTCGGGAAGCGCTTCGGAAAGCATCAGGGCCTCGCTCATGCTTTGGGAGCCTCCAAACCCAAAACGCGCAAAACCTCGGCCAGGGCACGGTCTGCCTCGGCACGCTCCTCTTCGGCCTCGCGCAAGCGCACCACGGCCTCCTCCAGGGGTAGCACCTCCTCCTGGTGGTTGCCAGCCACGTAGCGGCTTGGGGAAAGGTTGTAGTCGTTGCGGGCGGCCTCGTCGGCGGTGATGACCGCCGAAAGCCCCTCCTCGGCCCGCCACTCGCGGTAGAGGCGGGCGATGGTCTCCACGTGCTCCTCGGTCAAGTAGTTCTTGGGGCGTCCTTTGGCGAAGAGTTTGGAGGCGTTGATGAGCAAGATTTCACCGGGATGGCGCTTGCGGCGGTTGACCACCAGGATGATGCCCGGCGCGGTGGTGTTGTAGAAGAGGTTTTCCGGAAGAAGCACCACCGCCTCAATCAGGTCCGCCTCCACAAACGCCTTGCGAATGTCCCGCTCGCGGTTGCTGCCCTGCGTGCCGCTTCCGCGGCTCACCGCGCCCGTGTCCAGCACCACCGCCATGCGGCCGGTGTCGTTCAGGGAGGCCAGCATGTGCTGGAGCCAACCCCAGTCGGCCGAGGAGGAGGGCGGGATGCCCAGGCGGAAGCGCTCGTAGGGGTCGTTCTCGTAAACCTCGGTGGGGAAGTTCTGGTTCCACATGGGGTTGGCGGTCACCAGGTCAAAGCGCATAAGCCGCCCGGCGGCGTCGCGGAAGGCGGGGTTGCGCATGGTGTCGCCCAGGCGGATGTCGGCCTCCATGTCGTGGATGACCGCGTTCATGCGCGCCATGGCGAAGGTGGCGGGGTTGATCTCCTGGCCGAAAAGCCGCAAGGGGGCGTACTGGGGAGGCAGGCGCAGGTGGCCGTTTTCCCGCACCCCGTGGGTTTCCAGAAGGCGCAGGTGGCACTTGATGAGGAGCCCCCCGGAGCCGCAGGCAGGATCGTAGACCGTCATGCCGGGTTCGGGCTCCAGAAGGCGCGCCATCAGCACCGCCACCTCGCGGGGGGTGTAGAACTCGCCCGCGCTCTGCCCCTGCCCCTCGGCGAACTTGCGCAGCAGGTATTCGTAGGCGCGGCCGAGGATGTCGGGCTCCACGTCCTCCAGCCCCAGCCGATGGCGCGAAAGAACGTCCACCAGCCTGGCCAGGTACTCGTCGGGCACGATGCGCTGCCCGGCGGCGGTGGCGTTGAAGTCCACCATGTCAATCACGCCCTGGAGGGAAGGGTTTTCCCGGGCCACCGCCCGCACCGCGTCCGTCAGGTACTGACCTAGACCCCTGGTCTGCTGGCGGATGGCAGGCCAGCGGGCCTCCGGAGGGATGTAAAAGCGCACCACCCCCTTCCCCTGCCGGATGACCCCTTCCTGCCGCTCCTGCTCCACGATGGACTCGGCGGCGGCCGGGCTTCCGTACTCCTCGGCAAGCCGGGCCAGCTCGTC
NZ_AP024926.1_gap30	1415738	1418684	2946	GGGGGGTAAGGGGGGTGGGCTCGGGGTTCACCTCCACCAGGTAGGCCCCCGAGGCGAAGGCGATCCGGCCCAAGGAGGCCGCGGGCTCCACCTCGGCGCTGGTGCCGATGACCAGGGCGAAGTCGGCCTCGGCGAAGGCCCTTTCCGCCCTCTCCCAAGCCCCTTCCGGCAGAAGCTCCCCGAACCAGACCACGTCGGGCCGGGCCCGGTGGCCGCAGGCCGGGCAGAAGGGGGGCGGGGCGAAGGCCTCCGGCAAGGGAAACCGCTTCCCGCAGGCCTCGCACCTGGCCCTGAGGATGTTGCCGTGGAGCTCCACCAGGTTCTGGCTTCCCGCGAGGGCGTGAAGGCCGTCCACGTTCTGGGTGACGAGGAGGAAGCTTCCCCCCCGGGAGAGGATGCGCCTCTCCAGCTCCACAAGGGCGTAGTGGGCCGGGTTGGGCTTGGCCTCCCGCACCTTCTGGATGCGCCAGGCGTACCAGGCCCAGACCTTCTCCGGGTCCCGGGCGTAAGCCTCGGGGGTAGCGTAGTCCAGGGGGTTGAAGTTCTTCCAAAGCCCCTCGGCGTCCCGGAAGGTGGGGATGCCCGAGGGCTTGGAGATGCCCGCCCCCGTGAGGACCGCCACCCGCCTCGCCTCCTGCAGGCGCTTCCGGGCTTCCTCCAAGCGCTCCATGGCCCCATCGTATCCTTAACCCATGAGGCTCTTCACCCCCGAGGCCATGCGGGAGGCGGACCGGAAGGCCGTGGAGCGGGGCTACCCGAGCCTCCTTCTCATGGAGTGGGCGGGGATGAAGGCGGCAAGGGTCTACCTGGAGCTCTTCGGCAAGGCCCCCGCCCTCGTCCTCGCGGGCAAGGGGAATAACGGCGGGGACGGCCTGGTTCTCGCCCGGCACCTCCTCCTGGAGGGGGTAGGGGTGCGGGTCTATGCCGCAAAAGGCCAAACCGGGGACGCCCTCCTCGCCCTCCAGGCCCTCCTCGCCCACGGGGTGGAGGTAGGGCCCCTGGAGGAAGCCTCCTTCCGGGAGGGGGAGGTGGTGGTGGACGCCCTCTTCGGCACCGGTCTTAAGGGGCCCCTCACGGACTTTTACGCCGAACTCGTGGAGCAGGTGAACCGGGCAGGCCTTCCCGTCCTCGCCCTGGACCTCCCCTCGGGCCTCCCCTTTAGCCCCCACGTGCGGGCCACGGCCACCGTGGCCTTCGCCGCCCTCAAGACCCCGCACCTCCTCCAGAGGGAGGCCTGTGGGAAGCTTTACCTGGCGGAGATCGGCCTGCCCAAGCCCCTCCTGGAAAGGGAGGACCTCCCCGAGGTGGCGAGTCCCGAAGCCCTAAGGCCCCTCCTCCCCAGGCGCCCCCTCACCGCCCACAAGGGAAGCGTGGGCCGGGTGGGGGTCCTGGGGGGGTATAAGGGGGAGGGCCTCCGCTACGCCGGGGCGCCCCTCCTCGCCGCCCTTGGGGCCTACCGCATGGGGGCGGGGCTCGTGCACCTGGTGGCGCCGGAGGGCACGCCTCTAGAGCCCCTCGAGGCCGTCTTCCACCCCGTCCCCTCCCCAACCCTTCCCCCCCTCAAGGCGGAGGCCCTGGCCGTGGGGATGGGCGGGGGGCCCTGGGGGAGGGCGTGGGCCCTAAAGACCCTGGAGGCCCGCCTTCCCACCGTCTTGGACGCGGACGCCCTCCACCCGGAGGTGGCCGAGGCCTACCGGAAGGCGGGCGTCCCCGCCGTCCTTACCCCCCACGCAGGGGAGGCGGGGAGGCTCCTTGGGATTTCCCCTGAGGAGGTGGCCAAAGACCCCCTGGGGGCGGCCCGGGCCCTCGCCGAGCGGACGGGGCTTGCCGTGGTCCTCAAGGGGAACCCCACGGTGGTGGCGGAAGGGGAAAGGCTTTCCGTGAACCCCACGGGAAACCCCGCCCTGGCCACGGGGGGGACGGGGGACGTGCTTTCGGGAGCCATCGCCGCCCTCTTGGCCGCGGGGCTTTCCCCCTTTGACGCGGCCAGGCTTGGGGTTTTTCTCCACGGCCTCGCCGGGGACCTCCTCGCCGAAGAGAAGGGGGTGGGGCTCCTCGCCCGGGAGGTGGCGGAAGCCCTCCCCCGGGCAAGGAGGCTCCTCCAGGAGGGAAGGGTGCCCCCGGCCTTTTTCCTCCGCTAGGGAAGGCTCACACAAAGGACGGGCCCCGGTCCCGGCCAGGCCAGGGTCCTAGGCGCCCCCAGGGCTTCAACCCCAGGAAAGCCACAGTTTTGAGGTCTAGGCAACCCCTGCTTTAAGGGCCTTGCTCCAAGTGGCCCAGACCGAGAGCAAGGCCATTCCGATGCCCACACCCCCGATCACCCCGGAAAGCCCCTCCAGGCCTACCCCGGCCAGCAGAGCCCCGAGAACATAGCCCCCGTCCCGGAAGAACCGGTAAAGGCCCAAGGCGGTTGCCCGTTCCTCGAGGGGAGCCCGGTCGGCCACCCAGGCGATCAGGGTAGGATAGGCCATGCTGGTGCCGAGGCCCAGAAGGAAAGCGGCAAGAAGTACCCCCCCGAACCCCAAGGGCAAGGCCAGAAGGAGGAGGCCAAGCCCCTGGAGGGCTATTCCCCCCACGATCAGGGGAGCACGCCCATTGCGGTCGGAAAGGGGCCCGAAGACGAGCTGCCCCCCGGCCCAGACCAGGGGATAAAGCCCGGCCACCAGGCCAATCTCCGCCGGGCCAAAGCCCCGGTAAGCCAGGAGGAGGGGGAGGGCGAGCCAGACCAGCCCATCCTTGAGGTTGGTCAAAAGGCCCAACAGGCTCGCCACGCCTATTCCCGGGACCCAGCGGAGCCTTAAAGGGGTAAGGGGTCGGTAGGTCTCCCGTACCCCCAGGGAAAGGGCGAAGGCCAGGAGGGCAACCCCAAGGCCCAGGTAAAAGGGAGCAGGGCGGAGGCCCTGGACCTCGGCCACCACCCCGGTAAGAAAGGCGAGGAGGCTTACC
NZ_AP024926.1_gap31	1448603	1451547	2944	CCACCCGGTCCAGGAAGTCCTGCAGGTCCTCCGCCTCCTTGGCCGCCCTGAGGAGCTCCTCCACGTTCTCCAGGCGGTCCTCGGCGTCCTCGGGGTAGGCCTCCCGGAGGTAGGTGGGGTAGTCGGTGGCCTCGAGGAGGTGGCGGAAGAAGGCCTCGGCGGGGCCGAAGACCAGGTCCTGAAGCTCCTCCACCAGGGCCACGAAGTGCCTCAGGGGCTCGGCGCGGGGGAAGGTCCTGGCCGCCTCCTTCAGGGCCTCCCAGGGAGGAAGCCCCTTCTCCTGGGCGAGGAGCTGCACCCTGGCCCAGGTGGCCGGGCCGATGCCCCGAGGGGGGGTGTTCAGGACCCGCTTCAGGTTCACGGCGTCCAGGGGGTTGAGGGCGAGGCGGGCGTAGGCCAGGAGGTCCTTGACCTCGGCCCTTTCAAAGAAGCCCACGCCGCCCACCACCCGCGCCGGGATCCCCCGCCCCGCCAACGCCTGCTCCAGAAGGCGGCTTTGGGCGTTGGTGCGGTAGAGGACGGCATACCGGTCCCAGGGGGGGCCGAGCCGGGCGATCTCCTCGGCCACGAAGCGGGCCTCCTCCCGGGCGTCCTCCGCCCGGTAGAGGCGCACGGGCTCCCCGCCCCGCTTCACCGGGCGCAGGGCCTTCTCCAGGCGGAGGGCGTTCTTCACGATCACGGCGTTGGCGAAGCGGAGGATGGCCTCGGTGGAGCGGTAGTTCTCCTCCAGGCGGTAGACCCGGGCCTCGGGGTAGTCCCGGGTGAAGTCCAGGATGTTCTTGATGTCCGCCGCCCGGAAGGAGTAGATCCCCTGGTCGGGGTCGCCCACGGCCATGAGGTTGGCCTCCTCCCCAGCGAGAAGCCGGGTGAAGCGGTACTGGACGGGGCTCGTGTCCTGGTACTCGTCCACGTGGATGAAGCGGGCCCGCTTGCGCACGAGCCTGAGGACCTCCTCGTCCTCCTCTAAAAGCCTCAGGGCGTAGAGGAGGATGTCCCCAAAGTCCAAGGCCCCCTGGGCCTTAAGGGCCTCCTGGTAGCGCATCAGGACGTCCCCAAGCCTTCCCCGGGAAAGCCCGGCATAGTACTCGGGAAGCTCGCCGAGGAGGGCCTCGAGGCCCACACCCCGGTTCTTCGCCCGGTCCAAAAGGGCCTTGATGGGGCCGGGCCGGGCCGAGAGGGCGAGCTCCTTCAGGACCTCCTTGAGGAGGGCGGTCTGGTCGTCCTCGTCGTAGACCACGAAGCCGGGCCTGAGGCCCACCCGCTCCCCGTAGACGCGGAGGATCCTCAAGGCGGCGGCGTGGAAGGTGGAGACCCAGACCTCCCCCGCCCCCGGGACCAGCCCCCGGAGGCGCTCCCGCATCTCCTCGGCGGCCTTGTTGGTGAAGGTGACGGCCAGGATCTCCGAGGGGAAGACCCCCCGGCGGGCGACGAGGTAGGCCACCCGGTGGACCACGGTGCGGGTCTTCCCGCTCCCCGCCCCGGCCACCACCAGAGCGGGCCCCTCAAAGTGGAGGACCGCCTGGCGCTGGGCCTCGTTGAGGGGGGCTAGGAGGGCGTCGCTCACGGGGAGAGTCTACCACGCGCGGGGTAGACTTTAGGGCATGGAGCTTGTGGCCACGCAGGACGGCTTCGTAGGGGAGATGGCCCGGGGCTTCACCTTCCAGGCCCTGGGGGAGGTGGCGGCGGGCTTCGGGAAGCGCCTCCAGGCGGAGGGGATCCCTCGGGTGGTGGTGGGGCACGACGCCCGCTTCCTCGCCCGGGAGATGGCGGAGCACGCCGCCGGGGTGCTCGGGGGGCTCGGCCTCGAGGTCCACCTCCTCCAGGGCCCCGCCCCCCTGCCCCTCTTCGGCTTCGCCCTCCGGGCGAAGAAGGCCGCAGGGCTCTACCTCACGGGAAGCCGCAGGCCCTTCGCCTTCCAAGGGGTGAAGCTCCGCCTGGGCCCGGGGAGGCCCCTCCCCGGGAAGGAGGTGGCCCCCGCACCCCCCCCTCCCCCGGGGCCCTTCACCCCGCTGGAGGCGCGCCGGGACTACCTGGACCACCTCCGGAAGAGCACCCAGGGCCTCGCCCTCAAGCGGGGCGTGGTCTACCTGGACGCCATGGGCGGGGCGGGCGGTGGGATCCTGGGCCAGGTCCTGAAGCGCCTCGAGGCCCCCGTGGAGCTCAGGGAGCTCCACCCCCTCCCCCACCCCCTCTTCTACGGGGTGGCCCCGGACCCGAGGCCGGAGCACCTCAGGACCCTCCGCCTCCTCCTCCGCGAGGCCAAACCCCCCGCCTTGGGCCTCGCCCTGGACGGGGACGCCGACCGGCTCGGGGTCTACCTCCCCGGGGGGGAGGCCCTCCCTGGGGACCAGGCCCTGGCCCGCCTCCGGGAAGCGGCCCAGGGCCGGGAGGTGGAGGCCCTGGGGGAGGGGGCCTACCGCTTCCCCTGGCACCTGGAGGAGCCCGACCCCTTCCTCGCCGCCCTCCTCCTCATGGGGGTGCTCCTGTGAAGGCCCTCCTGCCCGGCCTTTACCTCCTTCCCGTCCCCATCCCCTACCCCCTGAAGACGGTCAACCTCTACCTCCTCCAGGGGGCGGGGGAGGTGGCCCTCGTGGACACCGCCCTCGGCACCCGGGCCGCCCGGGGGGCCTTGGAGCTCTACCTGGCGGAGCTCGGCCTCTGCTTCCAGGACGTGAAGACCGTCCTCCTCACCCACCACCACCCCGACCACTACGGCCTCTCCGGCTTCTTTGAGGGCCTGGGGGCCAGGGTCTTCCTCCACGAGGAGGAGTTCGCCCGGGGCCACCGCTTCTGGCGGGAACCCGAGGCCTTCGCCGCGGCCTCTTGGCGGCTCTTCCTGGACCACGGCACCCCGGAAGGCGCCCTCCAGGGCATCCGGGAGACGGTGGAGAAGACGAGGGAGCGGGTCCACCCGCCGCAAAACCCCCTCCCCCTGAGGGACGGG
NZ_AP024926.1_gap32	1504447	1508653	4206	CTGGTGCACGCCCGGCTCGGCATCGGCCCCCGGGCCATGATCCCCGCCATGGGCCTCGTCCAGGAGCTTTCCCTAGAGCACATGCGCATGGCCCTCAGGGGGCACGAGGTCTACAGCGCCGTGGAGGCCTTTGAGAAGATCGTGGCCATGGAGGTCGCCCTGATTGAGGAGAGCTACCTCGAGGCCCTCTCCTTAGGCCTTTCCCTGGGGCACCGGGACCTCGCCCAAGCCCTCAAGGAGGGGGCCTCGGCCCTCCTCTCCCGGGCCTAGGGCTCCTTGGCCAGGTCGTTGAAGCGCACGTGCTGGGCGTGGAACTGGAGCTCCACGGTCCCCGTGGGGCCGTTGCGCTGCTTGCCCACGATGATCTCGGCGATCCCCGCCTTCTCCGAGTGGGGGTTGTAGTATTCGTCCCGGTAGATGAACATCACCAGGTCGGCGTCCTGTTCAATGGAGCCCGACTCCCTGAGGTCGGAAAGCATGGGGCGCTTGTTGGGCCGCGCCTCCACCGCCCGGGAGAGCTGGCTCAAGGCGATCACCGGCACGCCGAGCTCCCGGGCCAAGGCCTTGAGCCCCCTGGAGATGGCGGCGATCTCCTGCTGCCGGTTCTCCCCCCTCTGCCCCCCTCCGGGCCCCGACATGAGCTGGAGGTAGTCTATGATGATCAGGCCCACGCTGTGCTGGCTCCTGAGCCTCCGGGCCCGGGCGCGGAGTTCCATGAGGGTCAGGTCGGGGGTGTCGTCAATGAAGATGGGGGCCTCGGAAAGCCGGCCCGCCACGTCCACGAGGCGGGAGAAGTCCCGGTCGGAAAGCTGGCCGAGCCGGACCCGGTTCATGTCAATGCGAGCCTCGGAGCACATCATCCGGAGGACGAGCTGGGCCGCGGGCATCTCCAGGGAGTAGATCCCCACCCCCACCCCCTCCTTGAGGGCGGCGTGCTGGGCGATGGTGAGGGCGAAGGCGGTCTTCCCCATGGCGGGGCGGGCGGCGATGATGTTGAGGGAGCCGGGAGCGAGGGTACCGATGAGCTGGTCCAGCTCCTTGAAGCCCGTGCGCACCCCGGCGGTCTCCCCCTTGTTCTGGAAGAGGGCCTCAATGTGCTCAAAGGTCTCGTGGACGAGCTCCCGCATGGAGCGGGCCTCCACCTCCGTCTGGGCCAGGGCCACCTCCAGGATCCGCTTCCCCGCCTGGTCCAGGATCTCGTCCAGGCTTCCCGCCTCCTCGTAGGCGAGGCGCATGGCCTCCCCGGCCGCCTGGATGAGCCTGCGCAGGGTCCACTTCTCCGCCACGATGCGGGCGTAGTGCTCGGCGTAGGCGGCGGTGGGGGTGGCCTCGGAAAGCTGCATCAGGTAGCTGATCCCCCCCACCCCGTCCAGCTCCCCCCGGCGGGAAAGCTCCTCGGCGAGGGTCACCAGGTCCACGGGGCTGCCCTCGGCCCTCAGGCCCTGCATGGCGGCGTAGATCTTGCGGTGGGCCTCGGCGTAAAAGGCCTCGGGGGTGGGGAGCAGGCCCTCAATCTCGTCCAGGACTTGATAGTCCAGGAGGATCGCCCCCAGGACGCTCTGCTCCGCCTCGAGGCTGTGGGGGGGGATACGGCCTTCCATAAGCCTCCCCAGGTTAAGCCCGCCTCCCCTCCTTCCGCCAGAGGCCTTTCCTTGTGGGAAGGATTGGCTCTTTTCCGCTTCTCAGGGGAGGGGCCTAAGCTCTAAGGCGTGCGCTGGCTCCTTCTCCTCCTCCTTGCCGCCTGCCGGGCCCAGGGCCTGCCCGAGCCCTACGCCACCCTGGAAAGGGGTGGGAAGGAAGCCCTCCGCCAGGTGGCCCTCGAGGCCCCGGGGTACGCGGGCCTCCTCGCGGGCTGGCTCCTCATAGGCGAGGAAGACCTTCCCCTCGCCGAACGGGCGGAGTACGCCTGGCGCTACGCCCTCTTCCTGGAAGAGGTGCGGGCCTTTGAGCCGGGCTGGGAGGCGGAGGCGGCCTGGCGGGTGGCGGCGCCCCTCCTGGAAAGGGCGGGGGACGCGAGGGCCTTCTCCGCCTGGGCGAGGCTCCTTCCCAAGGAGGAGGCCGTCCAGGCCCTTCTGCGCCTCGGCCAGGGGGAAAGGCTCTGGGAGGCCCTCTTCCGCGGCCGGGCGTACGAACCCCTCCTAAAGGCCCTCCCCGAGGGGGAAAGGCCCGACCTCCGCGCCCAGGCCCTCTACCGCCTGGGGCGCTACGAAGAGGCCCTTCCCCACTACCGGGCCTGGGCGGAAGCGGACCCGAGGGGCTACCTGGGCCTGGGCTACGCCCTCTGGCGGCTTGGGCGGCGGGAGGAGGCCCTGGAGGCCTTCGCCCGCTACGACCACCCGGAAAGCCGCCTGGCCCAAGGCCGCCTCCTGGAAGAGATGGGGCGGGTGGAGGAGGCCCTTTCCCACTACCTGGCGAGCACCCCGGAGGGGCTTTGGCGGGCCACGGCCCTGCTTGAGCGCCTGGGGCGGAAGGAGGAGGCCTTAGGGGTCTACCTCCGCCTCGCCCGGGGGGAAAGCCCCTACGCCGACGACGCTGCCCTCCGCGCCTACCTCCTCGCCGGGGAGCTTGGGAATGGAGAGGCGCGGCAAGAGGCCTACGCCCGCCTCGAGGGGGGCCTGGGCCTCCTCGTGGGCAAGAGGCCGAGCCCGCCCCCCCAGGCCCCCGAGGCCCCCCCGCCCCCGCTTACCCCCCTGGTGGAGGCCCTGGTCCGGGCGGGCAAGGCGGCCTGGGCCCGGGGGGAGGTGCGCTACGCCCTCTGGCGGCGCCCAAAGGACTGGTCCGCCCTCGTCCCTCTCCTCTACCGCCTGGGGGCCTATAGGGAGGGGATCCGGGCCGCCTGGCCCACGGCCCTCGCTTACCCCCGGGCCTACCGGGAATGGGTGGAGGGCTACGCGGGGAAGGAGGCGCTGGACCCCGACCTCCTTTTCGCCCTCCTCCACGTGGAAAGCCGCTTTGACCCTAAGGCGGTGAGCCCCACGGGGGCCTTGGGCCTCGCCCAGTTCCTACGGAGCACCTGGGCGGACGTGGCGCGGATGCTGGGAGAACCCCCCGCCGACCCCTTTGACCCGGAAAGCGCCATCCGCTACGCCGCCCGCTACCTCCGCTGGCTCATGGAGCGGTGCGCCGCCTTTTCCGGCGTGGAGCGGCTCGCCTGCGCCGTCACCGCCTACAACGGGGGCATCGGCTACACCCTAAGGGGCATCGCCCGGGAGGGGGGCCTCTACGCCTTCCTCCGCTTCCAGGAGCGGGACGAGCCCCGGGAGTACCTCGCCAAGGTGCTCTCCGCCTACGCCGCCTACAAGGCTATTCCTTAGCGGCGCGCTCCCTCTCCGTCCAGGCGATGAGGGGCTTCAGGGCGAAGGGGGCGAAGAGGGTCGTGAAGACCACCATGAAGAGGACGATGGCGTACTCCTCCTCGTTCACCGCCCCCGCCTTGAGGCCCAAGGCGGCCACGATGAGGCCCACCTCCCCCCGGGGGGCCATGCCCACCCCCACGGTGAGGGCGCTCCGCACCCCTTGGGTGAGGGCGCCGAGGAAGCCGCCCAGGACCTTGCCCAGGATGGCGACGACCGTGACCACCGTCCCCGCCACCAGCACCACGGGGCTCGCCAAGGCGGAAAGCTCCAGCCTCACCCCCACCATGGCGAAGAAGATGGGGGCGAGGAAGCTCTCTATGGCGAAGATGGGCTCCTCCAGACGGTACCTCTCCCGCACCTCGGAGAGGAGCATTCCCCCGAGGAAGGCCCCCACGATGGGGGCAAGGCCGATGCTGGCCGCCAGGGCCGCCATCCCCACGCCCAAGGTGAGGGCGAAGCCCAAGGGGCTCCCCACGGGAAGCCGCTCTAGGGGCAGGCGGGCGATGAGGGTGGAGAGGAAGACGGCAAGCCCCACGAAAACCACGGAGAGGACGATGAGCCGGGTGATGGCCCCCACCTCCACCTGGCCCGTCTCCGCCACGCCGTTCACCACCGCGAGGACGATAAGGCCCAGGACATCGTCAATCACCGCCGCCCCCAGGATGATCCGGGAGTAGGGGCGGGAAAGGACCCCGAGCTCCTGGAGGACCCGCGCGGTGATGCCCACGCTGGTGGCCACCAAAGCGGTGCCGAGGAAGAGGGCGGGGAGGGTTTCAAACCCGATCTGTAGGCCGTAGAGGTACCCCCCCAGGAAGGGCAGGGCTACCCCCAAAACGGCCACCAAGAAGGC
NZ_AP024926.1_gap33	1541343	1545838	4495	CCTAAGCCGGGGCCGGTCCCAAAGGGTCTTTCCCCGGAGGGCGAGGAGCCCCCCCAGGACCAAGGCCACCTGGGCGGGCCCGGCGAAGGGCCCTTCGGCCAGGGCGTGGAAGAGGGCCCCAAGGAGGAGGAAGGCCCCGCCCCAGGAAAGCCCCGCGGGGAGAAAGACCCCAAAGGCCACCCCCACCACCCCGAGAAAGGCCAGGGCCAGGGTCATGTCCGGGAAAGCCGGTAGAGGAGGCAGTCCTCCGGGCAGGGAGGCCCCCCCACCCGGTCCAGGGCGCGGCGCTTCAGCCCCAGGATGAAGGGGTGGGCCAGACGCCCCGCCGCCTTTTCCAGCTCCACAGGCCCGGCCTCCGGCTGGGCCTTGGCCGCCTGGACCCGGGCCCAGGCCTCGAGGGCCCGGATGGCCTCCCGCACCCGGTGGCCCGCGTACCACTCCATGTAGTCCCCCAGGGCCTTCTCAATGAGGGCTTCCACCTTGGGGATCTCCCCCGCACGGGCCCTTAGGTTCCGGTCCACCACCCGCTTGAGGTCGTCCAGGTTGTAGAGGTAGGCGTGGGGGAGGTCCCCCACCCGGGGGTCAATGTTCCGGGGAAGGGCGATGTCTATGAGGAAGAGGGGCTTGGCCCGCTTGGGCAGGTCCTCGGGGCCCACCAGGTAGTGGGGGGCGGCGGCCGAGGCCACCACCAGGTCCGCCTGGCGCAAGACCTGGGGAAGGGCGGGAAGGCCAAAGGCCTCGCCGCCAAAGCGCTCCGCCAGGGCCCGGGCCTTTTCCTCCGTCCGGTTCACGACCAGGATCCGCCCCACCCCGTGAGCCTTCAGGTGGGTGAGGAAAAGCTCCGCCATCTCCCCCGCCCCCAGCACGGCCACGGAAAGCCCGGAAAGGTCCCCGTAGACGGCGAGGGCCAGGTCCAAGGCGGCGTAGGCCACGCTCACCGCCCCCATGCCGATGCCCGTTTCGCTCCGGGCCCGTTTGCCCAAGGCGATGGCCGACTGAAAGGCCTTCTCCAGAAGGCTTTCCGTGGCGCCCTGCCTCCTGGCCAGGAAGAGGGCCTCCCGCACCTGGCCCAGGATCTGGGCCTCCCCCACCACCAGGGAGTCCAGCCCGGCGGCCACCCGGTAGAGGTGGCGCAGGGCCTCCACCCCCTCCTTCACGTAGAGGTGCCGGGGGGCCACCCCCCTTGAGAGGAGGAGGGCCCTGGCCTTCTCGGGGCTTCCCACCCCGTAGAGCTCCGTGCGGTTGCAGGTGGAGAGGACCACCCCCTTGCCCAAGGCCATAAGGGCGGCGGGGAGGGCCACCACGGGGTCCAAGGCGGCCTTCTCCCGCACCTCCAGGGGGGCGGTCTTGTGGGAGAGGCCCACCAGGTAGAGGGGCAAGGCCATACGCTCCCCTGAGTATACGCCACCGGGGTAGGGACGTTTGCCCTACCGCCCGAGGGCCCGGAGAAGGGCGGCAAAAAGCCCTTCTAGCCCTGGGCTTTCCGCCTCCACCACGGGAAAGCCAAGCCTACGGGCCTCCTCCCCGGTGCTCGGGCCGATGGCGGCCGCCTTGGGGCGCTTAGCGGTCCAGCGGGCGAAGGCCCGCACCCCGCTCGGGCTGAAGAAGGCCACCACCTCCGCCCGCTCCAAAAGGGCCACCTCCTCGGGGGCAAGGACCCTTTCCCGGGTGGCGTAGACCGGAAGGCGCACCACCTCCACCCCCCGCGCCCGAAGGCCCGCCTCCAGGTCCTTTCCCGCCAGGTCCCCGGCCACAAAGAGGACCCTTTCCGCCTGGGGAAAGCTTTGGGCCAGGTCCTTGGCCGTGGCCCGTGGGGGCAGGAAGGCCGGGGGAAGCCCCCCTGCCCTCAGGACCCCCGCCGTGCCCTCCCCCACGGCCGCCACCCTCAGAAAGGGGCGGCCCGCCTCCTCCCAGGCAAGGAGGAGGCGCTTTGCCCCCTCCTTGGAGGTCACGGCCACGTAGTCCCACCCTTCCTTGAGCTTTTCGGGGAGGAGGGCGCGGGCGGGAAGGTCCACCTGCTCCAAAAGGGCCACCTCCGCCGCCTCTATCCCGAGGGCGGCGAGCCTCGTAAGAAGCACCCTATCCTTCCCCCTCGTGAGGAGCACCACGGCCCTTAAGCACCTTCTGGAAAAGCTTCATGGCGGCCAGGGCCCGGGGAAAGCCGAGGAAGAGGGCGGACTGCAGGATGGTCTCCCGCACCTCCCGTTCCGTGGCCCCCACCCTCAAGGCCCCCTCCAGGTGGGTGGCAAGCTCCTTGGGGCTACCCAGGGCGATGAGGGCGGTGATGGCGAGAAGCTCCCGGGTCTTCAGGTCCAGGCCCGGCCTCGCCAGGACCTCCTCGTAGGCGAAGTCCCGGATGTAGCGGAAGAGGTCCTCGTCCACCGCCTTGAGGCTCTCCTCAATGACCTCGGCCTTCTCCCCCCAGATGGCGGCCCGGACGCTCATGGGAGGTAGTCTAGCACCCTTTCCAGCCGGGGAAGGGCCTTGGGGTTCTCCCCAAGGGGGTCAAAGAGGAGGGCCCGCATCCCCACGGCCTCCGCCCCCAAAAGGTCCGCCTCCGCGTCCCCCACGTGCACCGCCTCCTCCGGGGGCACCCTGAGGGCCTCCAGGGCCTCCCGGAAGAGCCTCGGATCGGGCTTGGCGTAGCCGGAGAGGGCGCTCACCGAGAGGTGATCAAAGTAGCGCCTCAGGCCCACCACCTCCAGGATCTCCGGCAGGGTGGCGTCCCAGTTGGAGACCACGGCCAGGGGGTACCCCTTCGCCTTCAGGGCCTTCAGGGTGGCCTCCGCCCCGGGGACGAGGGGCCAGGTGGCGGGGTCCTTCCAGCGGGCCACGAGCTCTCGGGAAAAGGCCTCGGCGTGGTCCTCGAGGCCCATCCCCACGAGGAGCCTCCGGTGGAACTCCCGCCAAAGGCCCAAGGCGGTCTCCAGGTCCCGGGCCTTCAGGTGGTTTTCCTCGTAGAAGCGGAAGGCCTCGAGGGCCGCCTTGCGCACATCCCCCCGCGGCCTCAGACCCCGCGCCTCTAAAAAGGGCAGGAGCCAGAAGCGGGGGCTCGCCAGGATCAGGGTGTTCCCCACGTCAAAGGTCAGGGCCCGGACCATGGCCTCAGTCTATACCGCTTCTAACCCAAGCCTAACCCCCTCCCGCTATACTGCGCAAAGCGTCCTAGGGAGGTAGGAACATGAAAGGATGGCTCTTCGCGGCGGCGCTTTTCGCCCTCACGGCCCTGGCCCAGACCTTCCAGGTGGCCTCGGGGGAGGCCCGCTACCGGGTGCGGGAGGAGCTTTTGCAGGTGGGCCTCAACGAGGCCGTGGGCACCACCAAGGCGGTGCGGGGGGAGGTCCGGCTGCAGGCCGGGCGGGTGAGCGGGGAGTTCGCGGTGGACCTGAGGGAGCTAAAAAGCGACCAGGCCCGGCGGGACAACTACCTGCGGCAGAACACGCTAGAAACCGGCCGCTTCCCCACCGCCACCTTCCGGCCCAAGGAGGTGAGGGGCCTCCCGAACCCCCTGCCAGGGCAGGGCAAGGTGCCCATCCAGGTGGTGGGGGACCTCACCCTAAAAGGGGTGACGGAGGAGGTGGTCTGGGAAGGGGAAGCGGAGTTCCGGGGCGAGGAGGTGCGGGTCTTCTTGAGGACGGAGTTTCCCTTTGAGAAGTTCCGCCTCACCCAGCCCCGGGTCTCCGTGGTCCTGAGCGTGGAAAACCGGATCCGCCTGGAGGTGGAGCTCCTCCTAAGGAGGCCATGATGCAAAGACGGGCAGTATTCGGCCTCTTCCTCCTCCCCTTGGCCCGGGGCCAAGGGACCTGCACCCCCACGCCCGCCCTCACCCAGGGCCCCTACTCCCTTCGGGACGTGCCCCAAAGGGAAGACCTGAGGGAGGGGCTTCCCGGGGTGCCCTTGCGCCTCCTCCTTCGCGTGCGGGACCGGGCCTGCAGGCCCCTAGAAGGCGCCCGGGTGGACCTCTGGCACACCGACGCCCTCGGCCGCTACTCCGGGGTCAACGCCCCCGGGACCTTCTGCCGGGGCTGGCAAGCCACGGACGAACGGGGGGAGGTGGCCTTCCTCACCCTCTTTCCCGGCTGGTACCCGAGCCGCACCCCCCACCTGCACCTGCGGGTGGAAGTGGAAGGGCGGGTCTTCGCCACCCAGCTCTTCTTCCCCGAGGAAGTCCAGCGCCAGGTCTACGCCCTCCCGCCCTACCGGGAAAGGGGGATGCCCCGGGTGAACAACCGCCAGGACGGCCTCTTCCGGGCGGACCTCCTCCTCCGCCTGGAACGGGAGGGGGAAGGGTACCGGGGAGGCTTCGTCCTCACCCTACCCTTTTAGGCTACCCTTAGGGCATGATCGCCCGCTACCAGACGCCGGAGATGGCCCGCCTCTGGTCGGAGGAAAGCCGCTACCGGATGTGGGCCCAGGTGGAGGCCTACGCCCTCGAGGCCTGGGAGGCCTTAGGGGAGGTGCCCAAGGGCCTTTCGGCGAGGCTCCTTGGGAAGCT
NZ_AP024926.1_gap34	1555051	1559523	4472	CCAAGAAGCGGTGGCCCCGTTCCTCCACCTCGCGGAAGACCCGCTCCACCAAAGCCACCTGCCCGGCGAAGTCGCGCCGCACCCGGGCCACGTGCCGCCTGAGGAGGTCCTCCAGGGCCTCGCAGGTGGCGAGGCCCTGGCCCACCTCCTCGGCCTCCGCCTCCAGGGCCCGCTCCCCCTCCACGAGGAGGCGCCGCAGGACCCCGAGGGCGGCGGAGAGCTTGAGGGGGAGGGCCTTCAGAGCGATGACCCGCGCCACGTGGTCCCGGAGGCCCAGAAGCCCCTCGTCCCTCCCCTCCTTCCCCCGCCGGGCGGAGACCAGGAAAAGGGGCACCTCCTCCCCCAGGACGGCCCTCGCCCCCTCGGCCACGTAGCGGGCCACGGCCTCCCGGTCCTCCTCGGAGAGGAGGTCCGCCTTGTTCACCACCAGGACCACCTTCTTCCCCCAGTCGCGGATGAGGCGGAGGAACTCGGCCTCGGAGCGGGTGAGGGGGCGGTCGGCGCTGGTGACGAAGAGGATGAGGTCCGCCCGGGGGAGGAAGGTCCGGGTCAGGACCTCGTGGTGCTCCAGAAGGGCGTTGGTGCCCGGGGTGTCCACCAGGGCCAGGGTCCGGAGGAGGGGGTGGGGCTTGCGGAGCCTAAGGAAGCCTTCCCCTTCCTCCCTCCCCTCCTCCCCGTACTCCAGAAGCTGGATCCGGTCCGTGGTGGGGGTGGGGCCCTCGGGGAGGAGGTCCTCGCCCAAGAGGGCGTTCACCAGGCTGGACTTGCCGCTGTTGAACTCCCCCACCACCACGAGGAGGAAGGGCCCCTCCAGGTCCAGAAGGGCCTGGCGCAGGGGGGCGGGGTCAACGGGGGTGCGGGCGAGGGCCTCGAGGCCCCGGGCGAGGAGGGCCCGGACCTGCGCCCGCTTGCCCTCAAGCCCTTCTAGGCGCATTGCGCTTCAGGTAAAGCCCCAGCCCCAAGCCCAGGAGGAAGCCGAGCAGGAGGACCACGAGGAAAAAGGTCCCCGTGCCCACCCCCCGCCAGCCGAAGAACCAGTAGCTGCACCGCCCCGGGGCCAAGGCCCCGGCCGGGGCGGCCGGGACGAAGAGGAAGTTGAAAAGCAGCACCAAGAGGACGAGGGCCCCGAATAGGGCCAGGGCCCAGCGCAGCCCGGTTTGCGCCTTCTCCCTCATGCCGCGATTTTACCCGGCTATAATCGCCCTATGGTGAGCACCCTCAAGCGGGACGAGGCCCTCTTTGAGCTCATCGCCTTAGAGGAGAAAAGGCAGCGGGAAGGCCTGGAGCTCATCGCCAGCGAAAACTTCGTCTCCAAGCAGGTGCGGGAGGCGGTGGGGAGCGTCCTCACCAACAAGTACGCCGAGGGCTACCCCGGGGCCCGGTACTACGGGGGGTGCGAGGTCATTGACCGGGTGGAGTCCCTGGCCATAGAGCGGGCCAAGGCCCTCTTCGGGGCGGCCTGGGCCAACGTCCAGCCCCACTCCGGCTCCCAGGCCAACATGGCCGTCTACATGGCCCTGATGGAGCCGGGGGACACCCTCATGGGCATGGACCTCGCGGCCGGCGGCCACCTCACCCACGGCTCCCGGGTGAACTTCTCCGGGAAGCTCTACAAGGTGGTCTCCTACGGGGTCCGTCCCGACACGGAGCTCATAGACCTGGAGGAGGTCCGCCGCCTCGCCCTGGAGCACCGCCCCAAGGTGATCGTGGCCGGGGCCAGCGCCTACCCCCGCTTCTGGGACTTTAAGGCCTTCCGGGAGATCGCCGACGAGGTGGGGGCCTACCTCGTGGTGGACATGGCCCACTTCGCCGGGCTCGTGGCCGCGGGCCTCCACCCGAACCCCCTGCCTTACGCCCACGTGGTGACGAGCACCACCCACAAAACCCTCCGGGGCCCGAGGGGCGGCCTCATCCTCTCCAACGACCCCGAGCTCGGCAAGAGGATTGACAAGCTCATCTTCCCCGGGATCCAGGGGGGGCCCTTGGAGCACGTGATCGCCGGGAAGGCTGTGGCCTTCTTTGAGGCCCTACAGCCCGAGTTCAAGGAGTACAGCCGCCTGGTGGTGGAAAACGCCAAGCGCCTGGCGGAGGAGCTTGCCCGCCGGGGCTACCGCATCGTCACCGGGGGGACGGACAACCACCTCTTCCTCGTGGACCTGCGCCCCAAGGGCCTCACCGGGAAGGAGGCGGAGGAGAGGCTGGACGCCGTGGGGATCACGGTGAACAAGAACGCCATCCCCTTTGACCCCAAGCCCCCCCGGGTCACCTCGGGGATCCGCATCGGCACCCCGGCCATCACCACCCGGGGCTTCACCCCCGAGGAGATGCCCCTCGTCGCCGAGCTCATAGACCGGGCCCTTCTGGAGGGCCCCTCGGAGGCCCTGCGGGAAGAGGTGCGCAGGCTCGCCCTGGCCCACCCCATGCCCTGAAGGCCCCCGCGGGGCCCCCTTAAAATGGGGGGGATGCTCCGCCGCCTCGAGGTCCAAAACCTCGCCGTCATCCGCGAGGCCGCCTTGGACTTCGCCCCCGGCCTCAACGTCCTCACCGGGGAGACGGGCGCGGGGAAAAGCCTCCTCGTGGACGCCCTCGCCCTCCTCCTCGGGGGGCGGGCGGAAGGGCTTATCGGGCCCTACGGGGAAAGCCTCCTCGTGACCGCCTTCTTTGAGGGCCCCCCCGGGGAGGCGGTGCTCTCCCGCCGCGTGGGGGCCCGCTCCACCCCCAGGGTGGACGGGGAGGTGGTCACCCTAAAAGAACTCCAGGCGGAAGCGGAAAGGCGCCTCTCCCTCCACGCCCAGCACACCGCCTTGGCCCTCCTCTCCCCCAGGCGCCAGCGGGAAGCCCTGGACGCCCTCCTCCCCGAGGGCCTCCTCACCGCCTACCAGGAGGCCTACGCCCGCCGCGAGGCCCTCCTCAAGGAAAAGGAGGCCCTGGAGGAAAGCCTGAGGGCCCGGGCGGAGCGGGAGGACCTCCTCCGCTACCAGATCCGGGAGATTGAGGAGGCCCGGGTGCGGCCCGGGGAGGAGGAGGAGCTTTCGGCGCTGGCGGAGCGCCTCCGCCACCTGGAGACCATCCGGGAAAGGCTCGCCCGGGCCCTCGCCCTCCTCACGGAGCGGGAAGCCCAGGACCTCCTGGCCCTGGCGGCGAAGGAGGTGCGGGCGGCGGCCCGGCACGACCCGGCCCTCGAGGCCCTGGCCGAGGAGCTTTCGGGGGCGGCCGAGGCGGTCCGGGCCGTGGGCCGGGAGCTGGAGGACCACCTGGAGGGCTTGGACCTAGACCCCGAGGAGCTGGACCGGGTGGAGGCCCGCCTCAGCCTCCTGGAGCGCCTGAAGCGGAAGTACGGCCCCACCTTAGCAGACGTCCTGGCCCACGCCCAAAAGGCCCGGGAGGAGCTCGCCCGGATGGAAGGAGGGGAGGAGCGGCTTTCGGAGGTGGAGCGCCTCCTTAAGGCCCTCCACGAGGAGGTGGAGGCCCGGGGGCAGGCCCTGAGGCGGGCCCGGGAGGAGGCGGTGCGAAGGCTTACGGAAGGGATGGAGCGGGAGCTTCCCGCCCTAGGCCTCGCCGGGGCCCGGTTCGCGGTGGCCCTGGAGCCCCTCTCCGAGCCTGGGCCCCACGGCCTCGAGGCGGTGGCCTTCCGGGTGGCCCCGAACCCCAACCTGCCCCCGGCCCCCCTCGAGGCCCTAAGCGGCGGGGAGCTCTCCCGCGTGGCCCTGGCCCTCGCCCTCCTCACGGGGACCGAGGCGCCCACCGTGGTCTTTGACGAGGTGGACGCCGGGGTGGGCGGGGAGACCGCCTGGCGGCTCGCCGAAAGGCTCCGGCGCCTCGCCGAGAAGCGGCAGGTCCTGGTGGTGACCCACCTACCCCAGGTGGCCGCCGTGGCCCAGCGCCACTTCCGGGTGACCAAGACCCCCGAGGGCGTGCGGGTGGAGCCCTTGGCGGGCGAGGCCCGGGTGCAGGAGATCGCCCGCCTCCTCTCCGGAGCCTACACCCAGGCGGCTTTGGCCCACGCCCGGGAGCTTCTGGAGGCCCAGGGCGCCCTTTAGGAGGTGGAAGCGTGAAGGCGAGCGTGCGGTGGGTGGAGTGCCCCAGGGACGCCTGGCAGGGCTTCTCCCGCTTCATCCCCACGGAGGAGAAGGTGGCCTTCCTCAACAAGCTCCTGGAGGCCGGGTTCGCCCACCTGGACCTCACGAGCTTCGTCTCCCCCAAGTGGGTGCCCCAGATGCAAGACGCCGAGGAGGTGCTCAAGGCCCTCCCCCCGCCCAACGGGCGCACCTACCTCGCCATCGTGGCCAACGAGAAGGGCCTGGAAAGGGCCCTCGCCGCCCCCAACCTCACCCACGTGGGCTACCCCTTCTCCCTCTCCGAGACCTTCCAGCGGAGGAACACCAACCGCTCCATAGAGGCCTCCTGGCCCCTGGTAGCGGCCATGGTGGAGAGGACAGAGGGGCGGCTCGGCCTCGTGGTCTACCTCTCCA
NZ_AP024926.1_gap35	1571204	1576038	4834	CCCAGGAAGAGGCCCTAAGGGTGCAGAAGGCCCTGGGGGTCCCCGTGGAAAGGCTTTCCCTGGCGGAGGCCCAAAGGAAGGTGCCCTTTAGGGAGGAGGGCCTGGCCTACGCCACCTTCGGCCCCATGGACGGGACCATAGACCCCCACGGGGCCACGGCCTATTACCTCAGGGAGGCCAGGCACCTGGGAGCGGAGTTGCGCTTTTCCGAGCCCCTCCTTAGGGCCGAGCGCCGGGAGGGTGTGTGGCGGGTGGAGACCCCGAAAGGGCGGTACGAGGCCCCTTTCCTCCTCCTGTGCACCGGGGCCTGGACGGGGGAGGTGGGGCGAACCTTGGGCCTGGAGATCCCCGTACAGCCGGTGCGCCGCATGGTCTTCGCCACCGCCCCGACGCCATTTCCCCACGCCTTTCCCCTCACCGTGGACCTCGGCACGGGCTTCTACTTCCGCTCCGAGGGAAGCCGCCTCCTCTTCGGCCGCTCCAACCCCGAGGAGCCCCCGGGCTTCCGGGAGGGGATGGACTGGGGCTGGCTTGGGCCCACCCTCGAGGCGGGCCTCGCCCGCTTCCCCTTCCTGGAAGGGCTCGCCCTGGACCGGAAGGCCAGCTGGTGGGGCTACTACGAGGTCACCCCGGACCACAACCCCATCCTGGGTTTCGTGGAGGAGGGGCTTCTGGTGGCCGCGGGCTTCTCGGGGCACGGGGTACAGCAGGCGGCCATGGTGGGCCGCCTCATGGCGGAGGAGGTGGCCTTCGGAAAGGCGCAAAGCCTGGACCTCACCCCCTTCCGCCTAAGGCGCTTCTGGGAGGGAAAGCCCTTGCGGGAGCGGGGCATTGTGTAGGGGCTTGCGTTCACACGAGGGCCCCGGCAAAAGGTCCTTGGGGAAACTCCCCGGGCCAATGGCGAAACGATTGACCAGAGGCCCGGCCTCCCCTATGATGGGGGTTGCCTGGCGCCTGGCGGCGTAGCTCAGGTGGTCAGAGCACACGACTCATAATCGTGGTGTCGTGGGTTCGAGTCCCACCGCCGCCACCAGGAGGCCCCCCGGGAAACCGGGGGGCCGTGGCATCATGGAAGGCGCATGGACGTCCCAGCCTTCCGCGAGCGCCTTCTTCGCCTCGCCCCCAAAGACCCCCTCGTCCTCGCCGTCTCCGGGGGCGGGGACTCCGTGGCCCTGGCCCTCCTGGTGAAGGAAGCGGGGCGCCAGGCGGTGGTGGCCCACCTGGACCACGGCCTGCGCCCGGAGAGCCCCTTGGACCAGGCCTTCGTCCGGGCCCTGGCGGAAAGGTTGGGCTTCCCCTTCTTCACCGAGCGGGTGGAGGTGGCCCGGATCGCCCAGGCCCGGGGCGAGAACCTGGAGGCGGTGGCCCGGGAGGTGCGCTACGCCTTCCTCCACCGGGTGGCCCGGGAGGTGGGGGCCCGGGCGATCCTCACCGCCCACACCCTGGACGACCAGGCGGAGACCGTGCTCCTCCAGCTCCTCCAAGGGACCGCCCGGGCCACGGGCATCCGGGAGCGGGAGGGGATCGTGGTCCGCCCCCTTTTGGCCCACACCCGGGAGGAGCTCCGGGCCTACCTCCGGGCCCGAGGAGAGGCCTGGCGCGAGGACCCCACGAACCAGGACCCCGCCCTGGACCGGAACTTCCTCCGGCTCTTCGTCTTTCCCCTCTTGGAGGAGCGCTTTCCCGCGGCCAAGCGCGCCCTGGCCCGCTTCGCCGAGGCCCGGGCCGAGGAGGAAGGGGTCCTGGAGCGCCAGGCCGAGGCCCGGCTCCTCCCCGACCCCCGCTTCTTCGTCCCCGCCTTCCGGGCGGCGCCCCTCCTCGAGGCCCCCCTGGCGGTGCGCCGCCGGGCCTTGAGGCGGCTTCTGGAAAAGCTCGGCCTCAGGCCGGAAGCCCGCCTCGTCCTCCTCCTGGAGGAGGCCCTCCGCGGCCGGCCCCAGACCCTCCCGGGGGGCGTCCTGGCCCGGCGCAAGGGGGGCACCCTCTTCCTCCTCCCCCCAAGGCCCCGCCTGCCCCTGCCCCCGGGATTCCGCCGCCCCGCGCCCGGGGACTATCTGGAGCGGCCTTCCGGGAGGAAGCGCCTCGTGGACTTCCTGGCGGAAAAAGGAGTCCCCCGGGAGCTCAAGCCCCTCTGGCCCGTGCGCGCCGAGGGCAGCCGGGTGGTGGAGGTCCTGGGCCTTTACCCGCCCCCTCCCGAGGAGACCCACATGGCGGAGGCCTTGGCGGAGGCGGCCTCGGCCTTCCGGGAAGGGGAGGTGCCGGTGGGGGCGGTCCTCGTCCTCCCGGGCCGCGTCCTCCGGGCCCACAACCGGGTGGAAGGGCTAAGGGACCCCACGGCCCACGCGGAGATGCTCCTCCTTAGGGAGGCGGGGCCTGAGGCCCGGGGCGGGCGGCTTTACGTGACCCTCGAGCCCTGCCTCATGTGCCACCACGCCCTGGCCCAGGCGGGGGTGGAGGTGGTCTACGGGGCGGAAAACCTCAAGGAAGGCGCCCTCACCCGCTTCGGCCTCCCCACCCGGGCCCGGGGTGGTGTGCGGGAAAGGGAGTGTGCTAAGCTCTTAAGGGACTTCTTCGCCCGGCTCAGGGAGGGGTGCCGGAGCGGTTGAACGGGCCGGTCTCGAAAACCGGTAGGCTCCTCGCGGGGCCTCGCGGGTTCGAATCCCGCCCCCTCCGCCAAAAGGGATGGAGGCGGCCAGAAGCCGCCTCCATCCCTTTTCCCTCGTCCCGCTTGGGCTTTTGCGGGGCGCTCAGAAGCGGTAGCCCACCTTGAACTGGGCGGCGAGCCTCCCGCCCGCAAGGCCCAGGTCGGCGCCCACGAAGGCGGGCGCGTTCAGGAACTGGGCCAGGTCGTACTCGGCGTCGGCGCGGAAGTAGAGGCCCAGGTTGGCGAAGCTGAAGCCGGGAAGCGCCACCCCAAGGCCGGCCCCCGCCTTAAGCCCTTCGGCCACCGGATAGAGGTAGCGGAAGAGGAAGGCGCCGTTCAGGTTCCCGTTGACATCGTAAGCCAGGTCCAAGGCGGGGCGCACCTCCCCCACGGGGGGCTGGAAGAGGAGGCAGTGCCAGGAAAGCTCCCCGCCAAACCCTTGGGTCCCGCCCACGAGGGCGAAGGAGGGCTTCAGGTTCTCCACCGAGAACTGGGCCGAGGCCAGGCCCAAAAGCAGAACCGCGGTCGCCAAAAGCTTCCTCATAGGTTACCTCCCGGGTCTATGCTACCATGGCTAAGTTTACTTGACAAGACCTCTGCAACCTCCACCCCCTCCGCCGGGAGGACGCGGAGGCCCAGGGCCTCGAGGTGAGGCCCGAGGGCAAGCCCCAAGCCCCGGAGGAGGACCCAGGGGGAGCCCAGGTTCATCATGACCGCGAAGCCCGCAACGAAGTGGGCGAGCTCCTCGGGGGCCATCCTCGGCCCCTCGGTCCTGCCGTACCCGGGCAGGTCCAGGAGGTAGAAGGCGTACCCCTCGGGGAGGGCCTCGGGCCAGCGGGAGGCTTCCTCGGCCACCAGGAGGACGGGAGGCCCCTTCCCCACCCGGTCAAAGACCAGGTTCAGGCCGTAGAGGTGGAGGTAGCCCACACGCCTCATAAGGCGAGCCCCCCGGGCAGGGGCCTGAACCCCTCCCCCAGGAGGAAGTCCGCCACCAGGTCCCGGACCTCCTCCTGGGCCTCCCAGGGCACGAGGTGCCCGGCCTCGTCCACCACGAAACGGAGGGCCTCCCCCTTGGCGAAGTCGGCCACCTTGGCCCCGTGAAGGGGCGGGGTAAAGGCGTCCAGGGCCCCCTGGACCACGAGGACCCGGGCCGCGGTGCCCCGAAGCCAGCGCCTTTCGTCGGCGAGGGCCTCGAGGCGCCCAAGCCACCGCCAAAGCCCCGCCTCGCTCAGGCCCTCCTTCCAGGCCTCGTAGATCTCCTCGCTCCCCGCGCTTAAGGCCCCGAAGAAGAGGGCCCGGCCCACCCGGGCAAACCCCTCCACCCCACCCCGCTCCAGGCCGAAGCGCAAGGCGCCAAGCCGCGCCGAAAGCAGCGCGTCCCGGAAGAGGACCGGGGAGAGGAGGACGAGGCTTCTCGCCCCCTCCTGGAAGGCCACCTTTAGCGCGTCCAAGGCCCCCTCGGCGAAGGCCACGAGGTGGAGCCCTTCCTCCGAGGGGAGGTCCAAGAGGAAGTCCAGCCCCGCCGGGGGGGCGAGGAGGCCGGGAAAGAGCCGGATCTCGCCCACGGCCCCTTTATACTCCAGGGCATGGAGGTCAAGGCCTTCCTGGAGCGGGAAACCCTGGACCGGACCCTGGGGGTCCGCTACCTCAAGGCGGAGAAGGACGAGGTGGTGGCGGAGCTTATGGTGACGCCCAAGATCCACCAGCCCTTCGGCTTCCTCCACGGCGGGGCCACGGTGGCCCTGGCGGAGAGCGTGGCGAGCGTGGGGGGGTTCCTGAACTGCCCCCCGGGGCACGCCGCCTTCGGGCTGGAGATCAACTGCAACCACATCCGCAAGAAGCGGGAAGGGACGATCCGGGCCGTGGGCCGTCCCCTCCACGTGGGCCGCACCACCCAGGTCTGGGAGGTGAAGGTCTACGACGAGGAGGGGCGCCTCGTGGCCGCGAGCCGCTGCACCCTGGCCGTGGTCCCCCTAGAACCAGCCAAGGAGCCAGCGTAGCCAGTTCCCGCCCAAGAACCCCTCGTCCCCTAAGGCGCGGAGGTCCCGGTGCCGGTCCAGGCCCTGGGGCACGGCCTCGAGGCCGAACCCCCCGTCCCAGTCCGTGCCCAGGCCCACCCGCCCCCCGCCCATGAGGGCCTGGGCGTGGGCCTTGTGCCGGAAAAAGGCCTCCAGGGGAAGCCGCGCCATCCCC
NZ_AP024926.1_gap36	1606643	1611023	4380	CTCAATGGGCTCGTTCCGGAAAGGTTCCACCGTCATCCTCCTCCACCTCCTCTAGCCGGAGACCAGGCTCCTCAGGACGAGGAGGAGGTTCTCCGGCCTCTCCGCGATCCTCCGGGTGAGGTAGGGGTACCAGTCCCGGCCGTAGGGCACGTAGGCCCGCACCGTGTACCCCTCTCGGGCGAGCCGCCTCTGCTCCTCGGGGCGCACCCCGTAGAGGAACTGGAACTCAAAGCGCGACCTGGGGATCCCCATGGCCTCGGTGTAGCGCTTGAGCTCGGCGATGATCCTGGGGTCGTGGGTGGCGAAGGCCACGTAAAGCCCCTCCTTAAGGGCGAGCTTCCCCAGGTGCAGGTACTCGGCGTCAATGAGGCGCTTGTCCGGGAAGGCCACCTCCTTGGGCTCCCGGTAGGCCCCCTTGACCAGGCGGAGGTTGGGCCGGTAGGGCAGGAGGTCCCAGAAGTCCTTCTCCGTGCGGTAAAGGTAGCTTTGCAGGACGACCCCCACCTGGGAGAAGCCCTCCTCCCTCAGGGCCTTGTAGAGGCGCAAGGTGGCCTCCACCCGGGGCGAGTCCTCCATGTCCAGGCGCACGAAGACCCCCCGGGGCTCGGCCTCCCTCAAGACCTCGCGCAAAAGGGCGAGGGCGAGGGCTTCGGAGAGGTCCAGGCCGAGCTGGGTGAGCTTCAGGGAGATGTACTTGGGCCAGGGCTTCTCCGCAAGGGCCCAGACGAGCTCAAGGAGCCCTCTTTGGAAGGCTTTGGCCTCCTCCTCGGTGCGCACCATCTCCCCCAAGAGGTCCAGGATGGCGTGGACGCCCTCCCGCTCCAGGGCTTCTGCCGCTTTAAGGGCCTCCTCCAGGGTCTCCCCCGCCACGTAGCGCCGCACCAGGCCCTTCGCCCGGTGCTTGATGAGACGCTCCACCTGAGGGTGGCCCGCCACACCGAGCACGAAGGAACGGTAAGCCAGGTCTAGGTTCATCCTCCCCCCTTCCGAAGCCGCCCCACCACCAGGTCGCGGAAGCGGAAGACGTGGACCTCCACCGCCCGCCTCGCCCCCTCGGGGTCCCTGTGGAGGAGGGCCTCGAGGATCGCCCGGTGCTCCCGCCTCGTGGCCTCGTCCTGGGAGAGGGTGGGAAGGGCGCTCCGGGCCAAGGCCAGGGTGGCGAGGAGGTCCTCGTAGAGGCGGTAGAGGGTGCGGTTCCCGGATAGCCGCACCAAGGCGCGGTGGAACTCCAGGTCGCGGCGCATCTGCTCCGGGTAGTCCTCCCGGGGAGCCTCGTCTATGGCCCGAAGGAGGCGCTCAAGCTCGGCGAGCTCCCAGGGCGTGGCCCTCAAGGCCGCCTCCCGCGCCGCCTCCCCCTCCAAAAGGGCCCGCACCCCGTAGACCTCCTCCACCTCCTCGGGGGCGAAGACCCTCACCCTTGCCCCCTTCCCCGGGACGAGCTCCACCAGGCCCTCCTCGGCGAGGCGCATCAGGGCCTCCCGCACGGGGGTGCGGGAGACGCCGAGCTCCTGGGCCAAAAGGGGCTCGGAAAGCCTCTCCCCCGGGGAGAAACGCCCCGAGAGGAGGAGGTCCTTGAGGTGGCGGTAGACCGCCTCGCGCACCTGGTTGGGGCGGCGGAAGCCCAGGGTCTGCATCCTGTATACAGGATAAAGCAAGGGTCCACGCCCCGCAAGCCTCCCGGCTAGCGCCCGGTAAGGAGGCGCTTCAGCGCTCCGCCGAGCCGCTTCCACACGCCCCCGAAGTGGGCTTCGTAGCTCTTCGCCGCCCCCTCGGGGCCGGGGTCCACCCCGAGCTCCTGGGCCAGGAAGTAGCGGTGGTCCATGACCCAGAGGTAGAGGTCGGCCTCGGTGCGCCCCGGGAAGTCCTTGAGGAGGCCCAGGCGGCGGATGGCCTCCACCGTGGGCTTGTAGAGGTTTTGGTACCAGTCCACCACCGCCTCCTCCCAGGGGATCTCCCGCCCCTCCTCCAGCCCCTTGAAGTACCGCCGGGTGGCGATGTGGTCCAGGAGGCGGTCGTACCGGCCCAAGGCGGTGAAGCGGATCTCCTCCGCCCCGGGGACGAGGTCTTTGAGCCGCGTCTTCTCCAGGAAGTGGGCGTACTCCGCCTTGAGGAGGAGGTCTTTGGGCGTGTCCCCAGGCTCTAGGGGCACGGGGACGTCCAAGGCGATGACGTGGGCGTCAATGAACTTCTGCCCCGTGGCCTTGGCCAGGGCCACCCGGTGGTTCCCGTCCTTCACGAAGTAGGCCTCCCCCACCTGGTAGACCTCTATGGGGGGGAACTCCGCCCCCGCAAGCTGGAGGGCGCGGAGGCGCTTCCAGCGCTCCAGGGTGTGGGGGGTCTTGGGGAGGAAGCGGTGGTCGAAGTCCTCGTAGCGGTCCACGGAGCCCACCACCTTGTCCACCTCGATGGTCCTGAGGCCCAGATGGCGCTCCCCTCTGGGCCTCAGCGCCAGGGCCTGGTGGAAGGGAAGGAGGACGTTCGGCTCCCCCCGCAAGCGGTGGAGGAGCTCGTGGAGCTTCGCCCGGCGTTCCAGGCGCTCGGCTTCGGTTTCGGCTTGCAGCTCGGCCCTCATGGAACCGCTACCACCCCCATCCCTAGGGTAGCGCCTTTCGGTCAGAGGAAGGTGAGGCCCTGGACAGCCCGGGGCCCAGGCGGTTAGATAAGGCCATGAACCTGGATCTGCGCGCACGCGTCCGCGAGGAGCTGGAAAGGCTCAAGCGGGAGGGGCTTTACATCTCCCCCAAGGTCCTCGAGGCCCCCCAGGAGCCCGTGACCCGGGTGGAGGGGCGGGAGGTGGTGAACCTCGCCTCCAACAACTACCTCGGCTTCGCCAACCACCCCTACCTCAAGGAGAAGGCCCGCCAGTACCTGGAAAAGTGGGGGGCGGGAAGCGGGGCGGTGCGCACCATCGCCGGCACCTTCACCTACCACGTGGAGCTGGAGGAGGCCCTGGCCCGCTTCAAGGGGACGGAAAGCGCCCTCGTCCTCCAGTCGGGCTTCACCGCCAACCAGGGAGTGCTGGGGGCCCTCCTCAAAGAGGGGGACGTGGTCTTCTCCGACGAGCTGAACCACGCCAGCATCATCGACGGCCTCCGCCTCACCAAGGCCACCCGGCTGGTCTTTCGCCACGCGGACGTGGCCCACCTGGAGGAGCTCCTCAAGGCCCACGACACCGACGGGCTCAAGCTCATCGTCACCGACGGAGTCTTCTCCATGGACGGGGACATCGCCCCCCTGGACAAAATCGTTCCCCTGGCCAAGAAGTACGGAGCGGTGGTCTACGTGGACGACGCCCACGGCTCGGGCGTCCTCGGGGAAAAGGGGAAGGGCACGGTCCACCACTTTGGCTTCCACCAGGACCCCGACGTCATCCAGGTGGCCACCCTCTCCAAGGCCTGGGCGGTGATCGGGGGGTATGCCGCGGGGGCCCGGGAGCTCAAGGACCTCCTCATCAACAAGGCCAGGCCCTTCCTCTTCTCCACGAGCCACCCCCCGGCGGTGGTGGGGGCGCTTCTTGGGGCCTTGGAGCTGATCGAGAAGGAGCCCGAGCGGGTGGAGAGGCTCTGGGAGAACACCCGCTACTTCAAGCGGGAGCTCGCCCGTCTGGGCTACGACACCCTGGGGAGCCAGACCCCCATCACCCCCGTCCTCTTCGGGGAGGCCCCCCTGGCCTTTGAGGCGAGCCGCCTCCTCCTGGAGGAGGGGGTCTTCGCCGTGGGCATCGGCTTCCCCACCGTGCCCAGGGGGAAGGCGAGGATCCGCAACATCGTCACCGCCGCCCACACGAAGGAGATGCTGGACAAGGCCCTCGAGGCCTACGAGAAGGTGGGCAAGAGGCTCGGCGTCATCCGCTAGATGGCCACCCCCCGCGACCGGACCCTGGGGCGGGTCCCCACCCCCCCCGGGCTGGTGCGCTTCATGGTGGGGCTCGCCGAAGCCCCGAAAGGGGGAAGGGTCCTGGAGCCCGCCTGCGCGGACGGGCCCTTCCTCCGGGCCTTCCGGGAGGCCCACGGCACCGGCTACCGCTTCGTGGGGGTGGAGATCGACCCACACGCCCTGGACCTCCCCCCTTGGGCGGAAGGGGTGGTGGCGGACTTCCTCCTCTGGGAGCCCGGGGAAGCTTTTGACCTCATCTTGGGCAACCCGCCCTACGGGGCCCTCGGGGCGGGGGCGAGGCTTCCCGCCCCCTTACGGGCGGCCTACCGCCAGCGCTTTTCCACCTGGCGGGGGCGGTACAACCTCTACGGGGCCTTCCTGGAAAAGGGGGTGCGCCTCCTCCGCGAGGGCGGGACGCTTTGCTTCGTGGTCCCGGCGGGCTGGATGGTGCTGGAGGAGTTCGCCCTCCTTCGCACCTTTTTGGCCCGGGAGGGCGCCCTCGAG
NZ_AP024926.1_gap37	1796822	1800047	3225	GCCGCCTGAGGGAGGCCGGGGCCCTCCTCTTCGCCAAGACCAACATGCACGAGATCGCTTTGGGCATCACCGGGGAGAACCCCTGGACAGGCCCGGTGCGGAACGCCGTGGACCCCAGCCGCCAGGCCGGGGGGTCTAGCGGCGGGAGCGCCGTGGCCGTGGCCTTAGGGATCGGCCTCGCCTCCCTGGGCACGGACACCGGGGGGTCCATCCGCATCCCCGCGGGCTTCAACGGGGTGGTGGGCTTCAAGCCCTCCTACGGCCGGGTGAGCCTGGAAGGGGCCCTTCCCCTCTCCCGCTCCACGGACCACGCCGGGCCCCTCACCAGGAGCGTGCGGGACGCCCACTTCCTCACGGAGATCCTGGCCGGGGAGAGCATCCCCTTGGAGGCCGTCCAGAACCCCGTCTTCGGGGTCCCCCTGGACTTTCTGGAGGGGAGGCTTGGGGTGGAGGTGCGGAAGGCCTTCACCCGGCTCTTGGAAGACCTCCCCGCCCTGCGGGCCGAGGTGAGAGAGGTCTCCCTTCCCCTTGAAGGCGTCTACGAGGTCTACACCCGCCTGGTGCGCTACGAGGCGGCCCGGATCCACGAGAAGGCCCTGAAGGAGCATCCCGAAGGCTTCTCCCCCCAGGTGCGGGAAGCCCTCCTCGCGGGCCTCGCCCTCACGGAGAAGGACTACCGGGACGCCGTGGCCGAGCGGGAGGTGCTGCGCCTGGAACTCGCCAAGGCCCTAAGGGGGGTGGACGCCCTCCTCCTCCCCGTCCAGCCCCTCCCCGCCCCTCCCTTGGGCACGGAGGAGGTGGAGCTGGAGTCCGGCAGGAAGGGCCACCGGGAGGCCTTCATCACCCTCACCCTCCCCTTCAGCCTCCTCGGGGTCCCCACCCTCGCCCTCCCCTTCGCCAAGGTGGAGGGGATGCCGGTGGGGCTCCAGGTGGTGGGGGCGTACGGGGAGGACGGGAAGGTCCTGGCCCTCGGGGGGTGGCTCGAGGCCCGCCTCAAGTGAGCCAGAGGTAGAGGGCGGCCAAGGAGAGGAGGGCGAGGGGAAGGCCCAGGCGGAGGTGCTCCAGGAGGCCCACCTGCACGCCCTCGCGTTCGGCCCCCTCCGCCACGATGAGGTTCGCTACGCTGGCGAGCAGGGTGAGGTTGCCCGCCAAGGTGCTCCCCCCGGCGAGGAGGAGCCACTCCTCCGGGGTCTTGGCCATGGGGGCGAGGAGGAGGACCGCGGGCACGTTGGAGATGAGGAGGGAGAGGAGGGTGGCGGCGAGGAGGAGCCCGAGGGGGCTAGAGGCGAGGGGCAAAAGGGCCTCCGCCACCCCCAGGCGGCGCACCCCTTCCGTGAGGACGAAGAGCCCGCCGAACATCACCAAAAGCTCCCAGTCCACCCGGGTGAAGTACCGCTCCGAGCGGAGCCTCCGGGTGAAGAGGAGAAGCCCCGCCGCCACCAAGGCCCCCTGGGCCATGGGGTAGCCGAGGAGGAAGGCGAGGAGGAGCCCCGAGGCCACGAGAAGCCCTTTGCGGAGAAGCCCGGGGTGGAGCCGGTAGCGCAAAGGGGGAGGGGGCGGGAGGGGCCTTAGGGAGCGGGTCTCGGGGTAGAGGAGGGCGAGGAGGCCCACCTGCAGGGCGAGGCCCAGGAAGGCCACGGGGAAAAGGGCCCGGAGGAAGTCCAGGTAGGCCATCCCGGAGAGGCTCGCCACCAGGATGTTCTGGGGGTTTCCCGTGGGGGTCATGAGGCTTCCCGTGTTCACCCCCGCCATGAGGGCGAGGAGGTAGGGCACGGGGTTCAGGCCCAGGCCCCGGGCAAGGCGGAGGACGAGGGGGGTGAGGAGGAGGGCCATGGTGTCGTTGAGGAAGAGGGCGGAAAGGAGGCCCGAGCCCAGGCTGAGGAGGACGAGGAGGGCGAAGGGGGTCCTGGCCCTTTTCCAAAGCCCCTCGGCCACCCAGCCGAAGAAGCCCGCGTAGCCCAGGTGGGCGTTCAGGACCATGACCCCGAAGAGGAAGACCAGGGTGGAGGGGTCCAGGGCCCGCCAGGCCTCCTCGAGGTCCAAGGCGCCGAGGAGCACGAGGAGGCTTGCCCCCACCAGGGCCACCCCCGCCCGGTTCATGCGGTAGCCGGGAAGCCCCCCCAGGGCGAGGCCCAGGTAGGCGAGGAGGAGGGCGAGAAGGCTAAGGGTTTCCCGAAGCGCCATAGAGCCTGGCCTCTAACCTCGCCTTCACCCCCGGCCACTCCTCCTTGAGGACGCTGTAGACCACGTCGTCCCGGAAGGTGCCGTCGGGAAGCCTGCGGTTTTTCCGCAAGACCCCTTCCCGCACCGCTCCCAGGGCCTCCAGGGCCCTTTGGCTCCTTTCGTTCCTCCGGTCCACCTTGAACTGGACCCTCTCCGCCCGGAGGACCTCAAAGGCGTGGCGGAGGAGGAGGTACTTGGCCTCCTTGTTGGCGGGGCTTCCCCAGAAGGGCTTGAAGAGCATGGTGCCGAGCTCAAGCTTCCTGTGCTCGGGCTCGGGGGCGATCACGGAGATCCGCCCCGCCACCTCCTCCCCGAGGAGGATGGCCCAGTTCACCCGGCCGGGTTCCCCAAGGAGCCCTTCCAGGTGGGCCCGCAGGGCCGCTTCCAGGGGCTCCTCCGCCCTTGGGGCGCGGCTGAGGAAGCGGTAGACCTCCGGGTCAAAGTGGCGGAGGAAGTGGGGAAGGTGGGCGAGGCTTAGGGGCTCCAAGCGCACGTACCGCCCGGTGAAGACCTCGGGGAAGGTCCACATGGCGCCATTATCCTGGAAGGGTGGACCCCCTGGAAGAGGTTTTGGAGCTCCTCAAGCTGCCCCACCGGGGAAGCGCCACCCCCCTCGAGGCCGAGGCCTTCCGCAGGCTGGCCGGCTTCCTGGAGGCGCGGGGCCTTAAGCCCTCGGAGATCCCCTTTCGGGGGGTGCGAAGCTATGGCCCCGAGCTTTTGGCCCTAAGCCTCCTCCTGGGCCTCGGCTTCCTCTCTCCCCTTTTCCCCCTGGCGGGGGCCTTGGGCTTCTACCTCTACTTCACGGGCAGGAGGCCCTGGGGGCGGCTTTTGGACCGCCACCCCTCGCGAAACCTCCTTGCCTGGAAGGGGGAGGGAACAAGGGCCCTCGTCCTCATGGCCCACGTGGACACGGCCAAGACCTACTTCCTCTACCACCCCAAGCGGGTGAAGGGCTTCCGGAGGAGCTTCCTCCTCAACGCCTTCCTCGCCCTTCTCTCCCCC
NZ_AP024926.1_gap38	1887516	1888620	1104	CGGCCACCACGGGGATGCCCGCCTCCTTCAGGGCCTTTTCAAACTCCGGGTGGCGGATCCCGAGCTGGAGCCAGACCAGGCCGGGCCTCAGGGCAAGGACCTCCGGAAGGTGGTCCATGAGGGCGGAAGGGGGACGGAAGACGTCCAGGATGTCCACGGGCTCCTTTAGGTCCAAGAGGCTCGCCACCGCCTCCTCCCCGAAAAGCTCCTCCCCCTGGAACCTAGGGTTCACGGGGAGGACGCGGTAGCCCTGTTCCCGAAGGTATCTGGGCACGTAGTGGGCGGGGCGGGAAGGGTCCTTGTGGGCCCCGAGGACGGCGATGGTCTTGGCCTGGCTCAGGTAAGCTCTGAGTTCCTGGTCGTTCATGGCCGGTAGTCCAAGGGCCTCAGGTAGAACTCCCCGATGGCGGTGGAGGAAAGGAGGGCCACCGTGGGCAGGGCCCTTTTCCAGTGGGTGCGGTTCACCCGCTCCTTCACCCGCCTAAGCTCCTCCTCGGTAAAGCCCAGGCCCAGGATGTACTGGTCGGAGTAGCCCTTCAGGTAGTGCTCCAGGATCACGTCGGCCCGGAGGTAGCGCAACCCCAAATCGGCCTCGTCCGTCTGGCCGGGGATGAGGTCGGCGGTGGGGGGCTTCCTCACCACCTCCTCCGGCACCCCGAGGTACTCGGCGAGCCGCCAGACCTGGGTCTTGTAGAGGTCTCCCAGGGGGTTCACAGGGGGCGTGTCGTCCCCGTGCCAGGTGAAGTAGCCGAAAAGCCTTTCCGTCTTGTTGCCCGTGCCCAAGGGGAGGGCCCTGTAGGCCTCGGACTTGTCAAAGAGGACGATCATCCGCGCCCGGGCCATGACGTTTCCCTTGCGGTGGGGAGTGAGGTCCGGGGTGAGGGCGGCGTAGCCCTCCACCATGGGGGTGATGTCCACCTCCTCCAGGGCGACGCCGAAGGTTTCGGCCACCAGGTAGGCGTGTTCCCGGGAGGTGGGGCTACTCTCCCGGTGGGGCAGGAAGAGGGCGTGGACCCTTTCCGCCCCCAAGGCCCGCACCGCCAAGGCCAGGGTGGTGGCCGAGTCCACCCCGCCGGAGACGGCCACGATGGCCTTCTCGTAGCC
NZ_AP024926.1_gap39	1953652	1954152	500	CCACCGCCTTGGCGGGGAGGGCCCGCCCGTCCACGGTGCGGACGCCGAGAAGCCTCCCCCCCTCCACCCAGAGGGCCGCCACCTCGCCCCGCAGCACCTCCACGGGCCTCTCCGCGAGGATCTCCTGGGCCTTGAGGGCGTAGAGGTCCCGGTCCACCTGGACCCTAAGGCTTTGCACCGCGGGCCCCTTGGAGCGGTTCAGGACCCGGGTGTGGATGGCGGCGGCGTCCGCCGCCCGGCCCATGAGCCCGCCCAGGGCCACCACCTCCGCCACGAGCTGGCTCTTCCCCGGCCCCCCCACGGCGGGGTTACAGGGCATCATGCCGATCCGGTCGGGGTTCACCGTCACCAGGGCCACCCGGACCCCCAGGGCAGCCGCCGCCCAGGCCGCCTCGAGGCCCGCGTGGCCCCCTCCCACCACCACCACGTCGTAGCCCGCCATCCCATCTCACTCTAGCGGGTCCCGGGGTTAAAATGGGGGACCGGGACGACGGAGGGGG
