gap_id	start	end	length	sequence
NZ_CP177357.1_gap1	33429	36338	2909	CGCCACGGCCGCCTCCGCCCAGACCGAGTGGCGCGAGACGCCCGCCGCCGGGTTCTCCATCGACGCCCTCACCGCCGTCGGCGGCGAGGCGATGGTGGCGACCGACGAGACCGGGGAGCTCGTGGGGTCCATCGACGTGCGGTCGTCGGTGCTGCTGGTCGCGGGCCGGGTGCCCGTCGGGGCCGGCTGGGCGGTGCGGGCCGAGCTCCCGCTCGCGTACGCCAGCTTCCGTGGCCCCGACGGGGTCGGTGGGCGGTACGACGAGTCCGACGCGGCGATCGGCAACCCGTACCTCGGCGTCGAGGTCGACGTGCGGCCGGGGCTGGTGCTGGGCGCGGGCGTCCGGCTCCCGCTCGCCAACGACGTGAACACCACCGAGGGCTTCGGCTGGCAGGGCGGGCTCGGCGCCGACATCGAGCGGTTCGAGGCGTACGTCCCGGAGGTCCTGACCGTCTCCGGCGCGGCTGACGTCGTCCGCGCGCTGAGCCCGTCGGCCCGGCTGCGGCTGCGGCTCGCGCCGGCCATCGTGGTGGACGTGGCCGACGGCGAGAACGTGAGCGGGCAGAGCGGGACCGGGGTCCTGCTCGGCTACGGCGTGCAGGGCGAGGTCGACGTCCGGCCGGTCACGCTGCGCGCGGGGCTCGTCGGGCGGCCGCACCTGACGGGCGACCGGTTCGAGGTGTTCGAGACGACGGCGACGGCGCTCGCGGGCGCGACGGTCTCGGTGGCCGGCGTCCACCCGGGCGTGTCGGTCCGCGTCCCGCTCGACCGCGACCGGTTCTACCTCGACCCCGCCGCGACGGTCGGGGTCACCCTCGACGTGCCGATCCGCTAGGCGGGCGCCTCGGCCTTGGCCTTGGCGATCGTCGTGCGGATGGACCGGGCGGTGCTCCACGCGCCGAACGCCACGAGCAGGGCGACGAAGCCGTAGACCCACAGCGGCACGTTCTCGCCCGCGATGATCAGGTAGACGTAGGCCGAGACGAAGCACGCCCCGGCCGCCAGGATCGGCAGGACGGGGCTCTTCCTGGCGCGGACGTTGCGCCCCAGCCACGCCAGCGACGCGAAAAAGAGCGGGATGGCGCCGACGTAGATCCCGCCGAAGACGAGGGGGTCGACGCCGTACGCGGCGCCGAGGCCGAAGAACCACTCACGGAGACCGTCGAACATCAGGGGGCTTGGGGCGCGAGCCCGTAGACTACCCACCCTGCCGCCGTCTTTCGCCGATGCCCTCCCTCGCCGACTTTCCCGACCGCCAGACTCTGGGCGACACGCTGGGCATCGAGGTGACCGAGGCCGGGCCGGAGCGGTGCGTGGCGACCATGCCCGTCGACGGCCGGCACCACCAGCCGCTCGGCTACCTCCACGGCGGGGCGACCGTCGCACTCGCGGAGACGGTCGCGAGCGTCGGCGCGTACCTCGCCGCGCCGGAGGGCCACACGGCGTTCGGGCAGGAGATCAACGCCAACCACCTGCGGTCGCTGAGGGAGGGGCTGCTGACGGCCGTCGGGACGCCGGTCTACGTGGGGCGGACGAGCCAGGTCTGGGGGATCGAGGTGACGGACCAGGACGGGCGGCTGATCTGCGTCAGCCGGTGCACGCTGGCGGTCGTGCCGGTGCGGGCGGAGTGAGCGCGGCGGAGATGCTGGCGCGGCTCGCGCGCGCGGCGACGGCTCGCGTGGAGGTGTCGTCGGAGGCCGGCGTGTCGGGGACGGGCGCGGGGACCGTCCAGGCGACCCGGGAGGGCGGCGTGGTCGTGCTGGCGGAGGCGGGCGAGTGGGCGCCAGCGGGGGGGCGGGCGATGCGGTGGCGGGCGTCGTCGCGGTGGCGGGCCCAAGGCGCGGCGCTGGCCGTCGAGCACGTCCGGCAGGGGACGCCCGCGCGGGCGGTGCTGGACTGGGCGGACGGGGCGTGGGTGGGGAGGGAGCCGCACGTGTGTGGGCAGGATCTCTACTCGTGCACGGTCCGGCCGGACGGCGACGCGCTGGCGGTCGCGTGGACGATCTCGGGCCCGTGCAAGGCGGCCCGCGTGGTGACGCGGTACGCCGGGTAGCGCGGTCGGTACCTTGCGCCCCCCCCTCCGAACAACATGCTCCTCGGCCAGGTCATCGGCACCGTCTGGGCCACCCGGAAAGACCCCGGGCTGGTCGGGATGACGTTCCTGATCGTCCGCGAGGTGGACCTCGACGGCGTGCCGCTGGCGACGGTCGTGGTGGCCGCCGACGCCGTCGGCGCGGGCGTCGGCGAGACCGTGCTGGTGGCCCAGGGCTCGTCGGGGCGGCAGACCGAGGTGACGACGGGCAAGGCCGTCGACGCGGTCATCATGGCGATCGTGGACCGGCTCGACGTGGCGGACCCGGCGTCGCTGCCCCAAGCGACGGCGCAGGCGTGAGGCTGGGCCGCGTCATCGGGAGCCTGTGGGCGACCCGCAAGGACGCCTCGCTGGAGGGCCGGCGGATGCTGCTCGTCCAGCCCCTGCGCGCCGACGGCTCGGACGCGGGCCGCCCCACGACCGCACTCGACACCTGCGACGCGGGGCCCGGCGACACCGTCCTGTTCGTGACCTCGTCGGAGGCGGCGATCCCGTTCCAACCCGAGCACGCGCTGACGGCGACGGACGCGACGATCGTAGGCGTGGTGGATCCGACGGCGTCGGGCGCATAGTCTTTGCACACCAGGGGTTGGCCCATCAGGCGGAGGACGGATGGGGGACCGGACGCAGAGCGATTGAGGCGTGGGGCATGGGGGATTGCACTGTGTGTGGAATAGTGTGTGGTCCGTCCCCGGCCACACGGGCCGAGGGGTGACTTCCCCCTTTCCCCTCTCACATGTTTAGAGGACTCCCTGCTTTCCACGCGTGGCCGCTGGCGGCCGCGCTCGTACTGGGGCTCGCCGCGTGCGACACCGCC
NZ_CP177357.1_gap2	61314	63097	1783	CGAGGCGGCCCGCAAGCAGGCGGCGGGGCCGGGCGTGCTCGCGGCCGCGCGCGCGCTCGACGACACCGGGGCGGTCTCGCGCGTGGTCGACCCGCCCGAGCCCGACGGCCGGCGGCTGGCGACGCCGCCCGCGCCGGAGGTGACGCTCGCGGCCCGGGCGATGACCGACGCCGGGCGCGAGCGCGTCGGCGACGCGTGGCGCCGCGCCAGCTTTAGCGCGTGGTCGCGGAGCGCCCACGCCGACACCGACGTGTCCACACTCGCGGCGTCGGACGAGGCCGACGAGGAGACGGCGCGGACCGACGTGATCCCGACGGGCCTGCACGCCTTTGCCGCTGGGACCGGGCCGGGGACCTGCCTCCACGGTGTCCTGCAGCACGCCGACTGGCGCGAGGGTGACGAGGCCGCGCTCGCGGTCGAGCGCAACAAGGAGACCGTCGCGCAGTGGCTGGCGACGTACGGGCTGGCTCGGCGGGGCCGCCCGCACCGCGCCCCGCTCGACCCCGCCGCCGAGGTGCTCGCGATGCTCGGCCGCGTCGCCCAAGCCCCCCTCTTCCGCGACGCCGAGGGTGGCCCGCTCCGCCTGGCCGACGCGGACGCGCGGATGCCCGAGTGGAGCTTTTCCGTTCCGCTCGGCCGGGTCGCCCCCCGCGCCTTGGCCGCCGCTTTCCGCGAGCACGGCACGGCCCCCTTCGGCGCCGACTACGCCGACGCCATTGCGAGCCTCAGCCGCGACGCCGTCGACGGCCTGATGGTCGGCGAGATCGACCTCGTGGCCCGCGCCGACGGCCGGTGGTGGGTGGTGGATTGGAAAAGCAACCGCCTCGGCGACGACGCGGCGGCGTACACACCGCATGCGCTCGCGGCGACGATGCACGGCCACCACTACGGCCTGCAACTCCACCTCTACCTCTACGGCCTGCACCGTTTTCTGGACTCGCGCCTCGCCGACTACGCCTACGACACGCACATCGGCGGTGCGACGTACGCCTTCCTGCGCGGGCTGGCGGGGGAGGACGACGGACCGCGGACGGCGGACGACGGGTCGGCGCAAGCAGGGGGGCTGGCGCAAGCCATTGAATCAGCGCAAGCCACTCCAATGACGTCCCCTCTCCCCCTGGGAGAGGGACAGGGTGAGGGTGCACCGAGCAGCCCGCCTTCTGGCGCCGCCGCCGCCGGCCTCATCCACCACCGCCCGTCCGCCGCCCTCATCGCCGCGCTCGACGCCCTCCTCGCACCCGATGCGTAGGCTGCCCCCCGACACCGTCCGCGCGCTCGACGCGCTCGCCGAGGCCGAGGCCGTCGCGCCCATCGACCTCGCGCTGGCGCGGCTCGTCGCCGGGCTCGACGCCGAGCACGCCGACGCCGACCCGGCGCGGCAGCGAACGCTCGCGCTCTCGGCCGCCCTCGTCTCGCGCGAGACGCGCGACGGGCACAGCGCCGTCGACCTCGCCGCGCACGCCGGCCACGCCTTCCCCGAGGACGAACACGCGCGTGCCGTTTTTCGAGGCGTCCCCGAGATGCCCGCGCTCGACGTATGGCGCGCGCACCTCGCCGCCAGCCCGACCGTCGGCGGTGCCGACACGTCGTGCCCGCTCGTCCTCGTCGGCGACCACCTCGCGCTCCGCCGCCACTGGGACGCCGAGCGCCGCGTCGCGCGCGCGATCACCGACCGGCTGGCGGCAAGCGACGAGCCGCCGACAGCGGCCGCCCGCGCCGCGCTCGCGCGCCTCTTCCCGCCCCGCGCCGACGGCGCGCTCGATCGGCAGGCGCTCGCCGCCGC
NZ_CP177357.1_gap3	112489	116733	4244	ATCCACCGGTCCAACCTGGTCGGCATGGGCGTCCTGCCGCTGCTGTTCAAGGCCGGCGAGTCGCTGGCGACGTACGGGCTCGACGGCACGGAGACGTTCGACATCCCGGTCTCGGACGACCTCGCGCCCGGCGAGACGCTGGCGGTGTCGGTCACCAAGGCCGACGGCTCCCAGGCCTCGTTCGACGTGACCGTCGCGCTCAACACGCCGGTCGAGGTCGAGTACTACCGCCACGGCGGGATCTTGAACTACGTGCTCCGCGACTTCCTCAACAATGAGCTGGAGATGGCGTAGCGAGTGATGGGTGACGGGCACAGGGTGATGAGCCCTCGGCCCCACCGACCCCGCCCGCCCTGGCCTCGCGCCGGGGCGGGCGGTTTTTTTCGTCGGTGATCAGTGGTCGGTGATCGGTTGTCGGAGGGGCAACGCCAACCCCGGGCCGCCCGCATCTTCCCGTCCCCCGTCCCCCGTCCCCCGTCCACGTGCTCTTCGAGACCGCCCGCCTCGTCGTCCGCCGTCTCACGCTGGCGGACGCCCCGTTCATCCGCGGCTTGGTTACCGAGCCCGGGTGGCTGCGCTGGATCGGGAGCCGCGACGTCGAGAGCACGGCCGACGCCGAGCGCTACCTCCGCGAGGGGCCGCTCGCGAGCTACGCCGCGCACGGCCACGGGCTCTATCTGGTGGCTCTCAAGACCGGCGAGCCCGTCGGCATCTGCGGAGTCCTGCGCCGCCCGACGCTCGACGCGCCCGACCTCGGCTACGCCATCGCTGCCCGGCACGCGGGCCACGGCTACGCGACCGAGGCGGCCCGGGCCACGCTCGCGCACGCCCGCCGCGACCTGAGAATGGCCCGCGTCGTCGCCATCAGCGACACCGACCACGCCGCGTCGCACCGCGTGCTGGAAAAGGCCGGGATGCGCCGGGCGGGCACGGTCGCCGGTGACGATGGGGTTCGGCTGGCGCTGTTCGAGACGGGCTGGGGAGATCCCGCACCGACCGGTCCGGCCTGAACCGCAGGGCCGGGCCCGCGTCGGACCCGGCATGACTGACCAGGACACCCCGATCGACACGCCGGAGGCGTTCCGGCAGCGCGCGCGCTATGTGGCGTCGCTGGCCGTCCTCGCCATCGTCGGGATGTTCGTCCTGTGGACGACCCGGCACGCCGTGCTGCTGGTCTTTCTGGGGGTGTCGCTCGGCGTCCTGTTCTACGGCGCGAGCCGGTGGCTGACCCGGCGCACCGGCGTGCCCCGGGGCGCGACGCTGGCCGTCGTCGTGGTCGCTGTCGTCGGGGTGGCCGGTGCGGCGGGCGCGCTGGCCGGGCCCCGGTTCGTCACGGAGGCGTCGGAGCTGTGGGCACAGGCACCGGAGCTCCTGGAGACCGCGCGGGAGCGGCTGAGCTTGCCCGAGGGCGTGCTCACCGTGCCCGCCGCGGTCGGGTCCATCGGCGGCCAGCTGTTCGGCTGGTTCTCGACCGCCGCCGGCGTGCTCTCGGGGCTGTTGGTCGTGCTCGTGGTGGCCGTCTACACGGCCGCCGCCCCGGCCCAGTACACGAGCGCCGTCGTCCGCTTGTTCGACCGCGAGCACCAGCCGTTCGTGCGCCGCATGATGGGCGAGATGGGCGCGGTGCTGCTGGCGTGGCTCAAGGGCGTCGGGGTCGCCGTGGTGGTGCTCGGCGGGATGGCGCTGGCCGGGCTGACCCTGATTGGCGTGCCCGGGGCGTTGGCGCTGGCGGCCTTCGCGGCGGCCCTTACCGTCATCCCGACGTTCGGGCCGTTTATCGGGTGGGCCCCGGCCGTCGTCGTCGGCTTCGCGTCCGGCACCACGACCGGTCTGTGGACGCTCGCGCTGGCCGTGGTCGCCCAGCAGATCGAGGGGAGCATCATCACGCCCAAGGTGCAGGGCGCGATGGTCCGCGTCGCGCCGGCCTTCGTGGTCGCGGGCCAGATCGTGCTCGGCGCGCTGACGGGCTTCCTGGGCATCCTGCTCGTGGTCCCGATCCTGGGCGTCGGCCGCGTGCTCCTCCAGCAGCTCTACATCGGCCCGTTCGTGGCCGGCGAGGTGGCCGACCCGGACGCCGAGACGGCAGGCTAACCCTGCGGCGGCCCCGAGGCGGGCACGGCCGCTCGCGGCGCCCGCGCCTTTGCGACCGGTGCCGCCAGCGGCGCCAGCGTCTGCTTCTCGGTCAGGTACGGCCAGTACCGCTTCGGGACGTGCCGGAGGTGGAGCTTCAGGTTCCGCCGCTCCGGGATGGTGACGGCCTGGAAGTACGCCTTCCACATCGTCTGGTACGCCGCCTCGTCGGGCGCCGCGTCGGCCAGCCCCAGCGTGACGGCCGGGACGATGCGGCTGGCCGGGTCGCCCGGCGCGCGGTCCGGCTCTGGCGTGTGGACGAGCGCCAGCCCGCGCCGCGCGTCGACGATGCGCCACGCGAGTGTCGGGTACCGCGCCTCGAAGTGGGGGTGCAAGATGGGCAGCACGTGGTACTCCGGCCGCGCCGTCGCCGTCCACGTCTCGACGCCGTCCGCGACGTGTTCTTCGAACCGGACGAACGCCTCCATCCGGTGCGCCTCGCGCCCAACGCGTCCGCTCCACCGTCCGACCTCGCGGGCCGGATCAAACGTCCAGTCCTCGGCGACCGCCGCGCCCTCGGCCCGGACCGCGTCCGCCAGCCGGAGCGCGGCGACCTCGATGCCGGGCCGCTCGCTCAGCACGGCGCGCCGGAGCCGCCCCACGAGCCCGGGCACGAGCCGGTCCAGCCCCCGCTCGACGCGGTCCGCGATGGCCGCCTCGGTCTCGACGCGGATCGGCGCGCCAAACAGGGCGCCGTCGGCCGGCGCGCCGATCAGGCCGACCGAGGCGGGCAGGGCGCCTTGCCGGTACGCCGCGGCGTACGCGCACAGCAAGCCGGCAAACGTCCCGTCAGTCTCGACGGCGAGGTGCGGGTCGACGGGCAGGGCGGGCGGCTGGCTCACGCGGCGAGGGCGACCGGCGCGGCGGGGGGCGTCGCGAGCGCGACCGGCGTTGGCGCGAAGAGGGAGAGCTGCGGGGCTCCGGCCTTGCCGCCGACGATGCGCCGACGGACCGCCCCTGGGTCCTGGCCGATGAGGTGGGGCTTGTGGTCGGGCGTCGTCAAAAAGTGCTGGGCGCGCTTCAGGACGACGCCCATCGCGCGCAGGTCGTCCCAGCGGACCGTCCCGCGGCGCCGGGCCGCGACGATCCGGCGCGCACTCCGCAAGCCCAGCCCGGGCACGCGCTGGAGCCACTCGACCGGCGCCTTGTTGACGTCGACCGGGAAAAGGGACGGGTAGCGCAAGGCGTACGCGGTCTTCGGGTCGATGTCGGAGTCGAGGTTCGCCGAGCCAGGCGGCGCGACCTCGTCGAGGTCGAAGCCGTACTTGCGGAGCAGCCAGTCGGCCTGGTAGAGGCGGTGCTCGCGGTGGAGCGGGGCGCGGTACGACTCGGGGTCCGGCACGCGACTGTCGCCGCCGAGCGGGACGAAGCCGGAGAAGTAGACGCGCCGGAGCTTCTGCTCCGAGTACAGCCCGTCGGTCAGCTCCAGGATCTGGCGGTCGGTCTCCGGCGTCGCCCCGATGACGAGCTGGGTCGACTGGCCGCCCGCGGCGAACCGGGGCGCGCGGCGGTCGGTCTTGCGCTCCTCCTTGGCTGCGTCGATCCGGTCGCGGACGTGGCCCATCGGCGCGAACACCTGGTTGTAGTCCTTCTCGGGCGCGACCTGCTTGAGCCCCGCCTCGCTCGGGATCTCGACGTTGACGCTCAGCCGGTCCGCTAGCCGGCCGGCCTCCGTCAGGAGCTCGGGGCTGGCGCCCGGGATCACCTTGAGGTGGATGTAGCCGTTGAACGCGTGGTCGTGGCGGAGCGAGCGGGCCACGGCGACCAGCTTCTCCGTCGTCGTGTCGGCGTCGCCGAAGATGCCCGACGACAGGAACAGCCCCTCGATGTAGTTCCGCTTGTAGAACCCCATCGTCAACTCGACGACCTCCTTGACGGTGAACGCCACGCGCTCGACCTCCTCGTTGGAGCGGCGGCTCACGCAGTACGCGCAGTCGTAGATGCAGACGTTCGAGAACAAGACCTTGAGGAGGGACACGCACCGGCCGTCCTCGGTGTACGAGTGGCAGATGCCGGCGCCGGTGCTGTTGCCGATGCCGGTCTTGGAGTTCTCGCGCTTGCCGCCCGACGACGCGCACGAGGCGTCGTATTTGGCCGCGTCGGCCAGGATTTCG
NZ_CP177357.1_gap4	119153	120350	1197	ACCACTTCCGTCACGCCCTGGGCCAAGTCGTCGACGACGACCGCCAGCTGGTAGGCATAGACGCCGTCGCGGCGGCGCAGCACGAAGTCGCCGACCGAGGCCGACACGTCCTCGGCCACTGGGCCGACGATGCGGTCGACGAACGAGACGGTGCCGGGCTCGACGCGGAAGCGGAGCGCGGCGTCGGCCGTCGCCGCGTGGTCGTCGAACCAGCCGGGCGCGAGCGCGGTCGGGCGGAGCGCGGCGGGATACGGCGGCACGCCCGGGGCGCCGTGCGGCGCGCTCGCCAGCTCGCGCAAGTCGCGCCGCGAGACGCGGCAGGGGAAGAGGTGCCCGGCGTCTGCCAACTGGCGCAGGGCGTTCTCGTAGAGGTCGAACCGCTCGGACTGGCGGTACGGGCCGTTCGGGCCGCCGACGTCGGGCCCCTCGTCCCAGTCGAGCCCGAGCCAGCGCGCGTCGTCGAGCTGTCGCTCGGCCGAGCCGGGCACGGCGCGCGGCCCGTCGAGGTCCTCGACCCGGTATACGAACCGGCCGCCGGCGGAGCGGGCGCTGGCGTACGCCGCGAGCGCCGCGAGCGCGCTCCCGAGGTGGAGGTCGCCGGTCGGGCTCGGCGCAAAGCGGCCGACGGCGCCGCTCACGCCAGCTCGCGCAGCACGCGGTCGTTGAGCCGGTGCTCGCCCGCGAAGGAGATCGACTCGAACGGGATGTCGGCGTCGCGCAGGCGGGCCTCCTGCTCGAGCACCCGGGCGGGCGTCGCGAACCCGTCGCGGTCGCCGGCGACGAGCGTCACGCCGGCGTCGGCGAGCCAGCCCGCATGGGCGGCCAGGTCGAGGTCGGGCGGGAGGCCGCCGCCCCAGAGCACCAGCCGCCGCGCCCGCCGCTCGCGCCGCGCGACGAGCGGGCTCAGCGCCAGCCACCGGGCGACGGCGGCGGTCCCCTGGCTAAAGCCGACCCCGACGAGCGGGACCGTGAGCGGGTCGGCGTCGGCACGGGTGCAGGCCGCCACGAACACGTCGTCGAGGTAGCGGACCACGTCCGCGATGTCGTGCTGGCGGTCCTCGCGCGTCATCCAGGTCGCCCCGACGCGGCGCTCGCGCGAGCCGCGCGTGCTCGCGCCCGGCCCGCCGACGTAAAACCGGCTCAGCGCCTCAGGCACCACGACGAGGCGGCCCGGCCGCTGGACCGCGCGGAAGTGGC
NZ_CP177357.1_gap5	220717	224184	3467	GAGGGGCCAGAAGGCGGGCCACGCCATCGGCCCGGCCGCCATCCGCTCGTGGAGGTCGCCGCCGTCGACGTACTCCATGACGATGAACAGGCCGTGCTCGGTCTCGCGCAGCGCCATCACGCGCACGATGTGGGGGCTCGCGACACGCGCCATCGCCCGGGCCTCGGTCCGGAAGCGGCGGACGAACGAGGCGTCCGAGGCGAGCTGGGCCGAGATCGACTTGAGGGCGACCGGGATGCCGAGCGCGGTGTCCTCGGCCTGATAGACCACGCCCATCCCGCCGCGCCCTAGGACGCGGTCGACGCGGTACTCGCCGATGGAGACGCCGACGAGCGGGTCGGCCGGGGTGGGGGCTGCCATGGCTAGGTCGGAGTGACCGTCACGAGGTCAGACGCTCGTGCGGTCAGGTTGTGTGCTCGCAAGGCGCGTGAGGAGTGCGGGGCTATAGCCCCGGACGACGAATGCAACGCAGCGAGCGCGAAACCTGGGCCACGAGGGGCGATCGGGTGGACGGTCACTGCGGCTTAGGGGACGATGTGGACGACGACGGCCGTGGCGTTGTCGCGGCTGCCGAGCGTGCTGGCGAGCGCGACGAGCCAGTCGGCGGCCTCCTGAGGCCCGTAGGCGTCGACCGCCCGGGCGATCTCGTCCAAACCGACCGGCGCGAGCCCGTCGGAGCAGAGCACGAAGCGGTCGCCAGGGAGCAGCGGGCCCGCCGAGGCGGCGTCGACCTCGACGCGCTCGCGGAAGCCGACGGCGCGCGTCAAGTGGTGGCCGCGCGTCTTGGCGAGGCTCGCGAGCGACGGGTCGCGGCGGGCGGCCTCGCCGATCGTGTGGTCGACGGTGAGCTGCTCGACGTGGGGGCCGCGGACGCGGTAGGCCCGGCTGTCGCCGACGTGGCCGAGATAGGCCTGGCCGTCGGCGAGCAGGAGCGTGGTGCAGGTCGTGCCCATCTCGCGGGGAAACGGGCCCGCGTGCGCGCGCGCCCAGACGGCCGCGTTCGCGGCCACCAGGGCCTGCCGCAGCAGGGCCGGGCGGTCGCGCTGGCGCTGGAAGCCGGGCCCGAACGAGCCGAGCACGGCGTCGACGGCGACGTCGCTGGCCTCGCCGCCCGCCTCGTGGCCTCCCATCCCGTCGGCGACCACGACGACGGCGGGCTGGGGGACCGGGCGGCCGGGCACGTCGCCCGAGGCGACGGCGACGGCCGGGAGCACGCCGAGCGCGTCCTGGTTCTCGGAGCGGACGGCGCCGACGTCGGTCCGGGCCCCGGCCACGATGCGGAGCGTGGCGGCGGCGGGCGGCGCGTGGGAGCGGACGGGGTGGGCGTCGGGCATGGCGTCGTGAGCTAGTCCGAAGGGGCGGCCGCGCGGCGGCGCTCGAGGGCGTCGGAGCCGAGCCGCTGGACCGGGCCGCTAGGCTGGCCGTCGGTCCGGATCCCGCCGCGGCCGCCCGCGAGCGCGACCTGCACCGGGGGGTCCATGTCGATCCCGAAGGAGCGCGGCGACTGGCCGATGACGGCGGCGGCGAAGATGTTCATCACGTAGTCGCGCGTCTCGTTCGGCATCCGGCTGCGGTACTCCGTCAGGAACCGCCAGTACGTGCGGTGGGCCGGGTCGTTGGCGATCCCCCGCATCCGGGGCCGGATGTTGCCCTCCCCCCAGTTGTAGCTGGCGCACACCAGCAGCCCGCTGGCCTGGGCGAGGTGGACGTAGATGTCGCGGAGGTAGCGGGCCGCCGCGTCGGCCGCGAGCGGGAAGTCGTGGCGCTCGTCGAGCGGGTCGAACACGCGCTCGCTCACGAGCGGGCCCGGCTCGAGCCCGTAGCGCCGGCCGGTCTCGGGGATAAACTGCCACGCGCCCTTGGCGAACCCGTACCGCGTCGGCGGGCCGACGGCCCGGGTGTCGAAGTTGCTCTCCTGGAGCGACAGGTAGAAAAACTCGGTCGGCATCCCGTGGCGCCGCAGCGCCGTCACCGCCGCCACGTCGAACCCGTTGACCTGGGCGTGGCGGACGGCCCGCTGGAACCGCCCGCTCCGCCGCCACCGCGCCACGTACGTCTTGACCTCGGCCACGAACGCGTCGGGGATCGCCAGCTCGGACTCGCCGAACGCCCGGGCCACCTTGTAGATGGCCTCCTCCTCGGTCGTCAGCCCGTCGTAGACGCCCAGGCGGCGGACGAACCGGTCGTAGCGGGCGGCCGTCGCGCGCCGCGCCGCGAGCGCCCGGTCGAGGTCGACCTCGAGGCTGTCGGCGGCCTCGGGGTTGGCGTCCATCTCCGCGCGGATCTGCCCCACCTGCTGGGCGACGGCCACCTCGGAGGTCTTCAGCAGCAGGAACAGCTCGGCCGCCTCGGCGCGGTACTGCACGGCCTGGTACTGGAGGTAGCCCGCGTACGCCAGCGCCACGATGCTCACGGCGACCGCCGCCAGGATCAGCGTCCTGAGCTTCGACCGCTCACGGACGTGCGTCTCGGCCTGCGCCGTCTTGAGGTCGACGTAGGCCCGGCGGATAAACTTGGTCCGCTCCCCGGCCTCGGGGTCGTCGGGGTCGCCGGTGAAGTAGCGGTCCACGACGGCGTCGTACGAGATCGCGCCGGGCGCCGCGGCGGGCGCCGGCGACGGCGGGGCGCCCGGGGCGTCGGCGAACGCGGCGTCGGCCGGGCGGAACGGGTCGTGGGAGCCGCTCGGCCCCACGTCGGCGGGGTCGGGTGGCGGGAGCGCGTCGGGGAGGACCGACGCCTGCGGGCGGTCGGCGGCTAGGTCGGCCGCGTCGTCGGCGTGCGGGACCAGCCGCACGACCGGGCCGCCCTCGCCGACGGTCACCTCTGCGCCGTTGCCGATGGCCGCCTGCGACACGCGCGCGCCGTCGACGAGCAGGCCGTTCGCGCTCCCGAGGTCGGTGACCTGCCAACTCCCGCCGACCGGCGCCGCTTCGAGGTGCCGCCGGCTCACGCGCGCGTGGTCGAGCACCACGTCGCACCCGGGGTCGCGGCCGATCACGAACGGCGCGCGGAAGGTCCACGCGCCGTCCTCCCCCTCGACGTGAAGCGGGGGCGGGCCGGGGGCGCGGCCGTTATCCGCCATCCGTCGGGACCTCGACGCCGAACACGATCCCGACCGAGCGCGGCAAGACGGTCGACGGCGGGCGGAGCCGGACGCCCAGCATCCGGAACGTCTCGGTGTCGTGCTCCTCGAGGTGCTGCACCGTGACCGCGTCCTCAGCGGCGCCCTCAGGTCCGAAAAAGGCACGGAAGCGCTGCTCTACGAGCGCCACGGCGTCTTCGGTCGCCATGCCGGCAGCCTCTTCGCCGACGGCGACGGCGCGCGAGCCCGCCAGCGCCGACAGCACGGCGGCGCCCCACGTCGGCTGCTCGCCGGTCGGGGCGGCCGCCATCGCCGACGAGCCGAGCACGGCGCGGTCGGACCGGAGCGGGCCCGCGAACGCGAGCACGCCGGCGCGCGCGAGGTC
NZ_CP177357.1_gap6	398889	402732	3843	CTCTCGCGCGCGAACGTGGTCGGGCTGGGGCTGGCGGGCGTCGCGCTGGTGCTGTTGGCCGGATAAAGGCCTGTGCCTGTATCGTTTGTGTGCCCATCGTCGGCGCCGGACAACACGGAGCGGCCTCTCCGCGTACGTCGCCCATGACTCCCGACGACTCCTCTCGCTCGTTCCGTTGGTGGGCCCTCCTCGGGCTCGGCTTGGTCGCCGCGCTCGTCACTGCCGCCGCCGTGCTGATCACCCAGGGCGGGATCAGCGAGGACGAGATCCGGTCGACGGTGCGCACGACGATCGCGGCCGAGGCGGCCGAGGGCTTCGTCGTGACCGGGCGGCTGTCGTCGACGCTGTCCGGCTCGAGCGCGCGGCGCTGGCGGATCCGGCTGCTCGACATCGAGACGGGCCGGGCCGAGGTGGCCGTCCGCGTCCCGGCGACGATGACGTACGGGTTCTCGCTCGACGACTTCGGCCCCGACGACATCCGGTTCCGCCAAGACGGCGTCGTCGAGGTCGTGCTGCCGCCGCTGTCCGTGTTCTCGGTCGAGCCCGAGCTGGAGGACGCCGAGGTCGACATCGACCTGAGCGGGCAGGCGCGGCTGACGCCGTCGCTCACCGCGCGGACCGTCGAGCAGACGTTGCGCCGCGTCCGGCCCGCGCTCCGCGAGCAGGCCGAGGCCCACCTCCAGGCCTCCGACCAGCCCGCGGTCAACTCGGCGCGCGCCCTGCGCCGCGTGCTCGCGGCCCCCCTCGAGGCCGCCGGCGTCGATCTTGCGGACGTGCGCTTCCGGTTTGTCGTCGCGCCAGGCGACACGCTCGACGTCCAGCCCGAGGGCGAGCGCCGCTCCATCCCCGCCGAGTAAGTGAACCTGCCCTGGACGCGCGCCGCGCGCGAGACCCCCGCCTACGTCGACACCCGCGCCGGCCTTCTGGCGGCCGACGGCACGCGCTACCGCACGACGGAGCCGCTCCTGCGCGACTACGCCGGGCCCGTCGTCGAGGCGGTCGGGCTGGGGGCGCTCCTGGCCCGCGCGGGCATCTGGCTCCGCTCCCCGGCGACGTTGGCGGCGCTCGCGCTCCCGGCCCTGCTGGCGGTCCTGCCGTGGTGGACGGCGGCCGGCGTCGCGCTGGTGCTGTTCGCGCTGTGGGCGGCCATCGCGCCCGGCGTCGTCGCGCCTGGCCTGATCGGCACGCTGCGCGTGCTGGAGCACCCCATCGTCCAAGGGCTGCTCTACATCGTCGTGCTGAGCGCGTTCGCGAACGCGGGCCAGTTTGCCGCCGTGTGGACCGGCGTCGTCGGGTTCATCGCGCTCCGGCTGGGCCTCGTCGGCATCCTGCTCGGGCCGGTCGTCGATCCGATCCAGCAGATGTGGTACCCGCTCCCGCCCGCCGACCAGACGCTGCGCTCGCTGATCGTCCGCGAGGCGCTGCGCCGGGGCGTCAACCTGGCGGGGATGGAGGCCATCGAGGACCGCGTCCGCGCGTTCTGGCGCCGGGGGAAGTAGCGCTCAGCCGCCGCGCAGCTTCGCGAGCATGTCGGGGTCGAGCAGGTCCGCCAGTGACGAGCCCGAAGAGGCGGGCGCCTTGCCCTGGTCACGGCGGCCCGAGTCGCCCCGGTTGCCGCGGTCGTTCCGGTCGTCGCGCCGACGGGGCCCGCTCCCGGAACGGGGCTCCGACCGTGGCTCGCGCTCGGGCGGGGCGGCCGCCGGGGGCATCGGCGACGAAAAGTCGACCGTCTCGCGGATCACGGGGCCCGCCCCGAGCGAGCCGATCGACGGCTTGCGCGGCGGCCCGCTCGGCGGGCGGCCGGTCGACAGGTCGAGCGCCTGGCCCACGCGGACGGCGGGGTCGGGCACGGCCGGGGGGCGCGGCGTCGGGGCGGGCGGCGGCGGGGCCGCGGGGCCGGTCGAGAGGTCGAGGACGCCCTTGGGGAGGTCCGGGCGGGAGGCGGAATCGTCGGCCATCATCTTCAGGGGAACGGCGCCAAGCTAGCGCCCCGGCGCGCCCTACTGCGGGGCCGGGGCGCTGGCGCCGCCGACGACGTCGAACCCGGCCGCTTCGACGGCCTCGATCAGGATCTCGCGCGTGGCCTCGGGCCCGGCGTCGACGCGCGCGGAGCCGATCTCGACGGACTCGACGATGGCGTTCTGCACACCCGCCAGCGCGTCGCGGACGGCGCCGACGCAGTGCTGGCACGTCATCCCGTCGATCTCGAGCGTTTCGGTGTGGCGGTCGGGGGCGAGGTTGAACATGGGCGGAGGGGAAGAGAGAGGAGGGAAGGGGCGAGGGGCCCCGTGAATCACGCTGCGCGGAGGCGCAGGGCGTTGCCGATCACGAACAGGTCCGAGAAGACCATCGCGAGCGCGGCAAGCATGGGGGAAAGCAGGATGCCGAAGGCGGGGAAGAGCACGCCGGCGGCGACCGGGATCAGGACCACGTTGTAGGCGAAGGCCCAGAACAGGTTCTGGCGGATGTTGCGAAGGGTCGCGCGCGCCACGCCGACCGCCCGGCCGACCGCCTCGATGTCGCCGCCCGCGAGGACCACGTCGCCGGCCTCAATGGCCACGTCGGTGCCCGTCCCCATCGCCAGCCCGGCATCCGCGACCGCGAGCGCGGGCGCGTCGTTGATGCCGTCGCCGACGAACGCGACGGTCCGGCCCCCGGCCTGGAACGCGGCGACGGCGGCGGCCTTCTCGTCGGGCAGCACCTCGGCGCGGACCGTCTCGATGCCCAGCGTCTTGGCGACCGCTCGCGCCGTGGCCTCGGCGTCGCCCGAGATCAGCGCCAGCTCCAGGCCCTGCGCGCGCAGGGCGTCGAGGGCGGCCCGGGCGCCGGGCTTGATGGGGTCAGAGACGGCCACGAGTGCCGCCGCCACGCCGTCGACGGCGACGATGAGAGGCGTCTTCCCCTCCGAGGCGAGGTCGTCGGCCCGCTGGCGGTCGGCATCCGAGAGCGCGATCCCGAGCCGGTCCAGCAGGCGCGGGGCGCCGACGGCGACCGCCCGGCCCTCGACGGTGCCCGTGACGCCGAAGCCGGGCACGGCCTCGACCTCCGACGCCTCCGGCGCGTCGGCCACGTGCGCGAGCAGGGCACGGGCGATCGGGTGCTCGCTCTGGCGCTCGACGCCCGCCGCCAGCCGCAGCGCCTCAGCCCCGTTCGCCCCGCCCAGCCCGACCACGTCGGTGACCGCCGGGCGGCCCAGCGTCAGCGTGCCGGTCTTGTCGAACACGACGAGGTCGGCCTCGGCGAGCGCCTGGAGCCCGGCGCCCTCGCGCACGAACGCGCCCTTCTGCGCCGCCCGACCGGTCCCGACGAGCACGGAGATCGGCGTGGCGATGCCCATCGCGCAGGGACACGCGATGATCAAGACGGAGACGGCCGCGACGAGCGCGTACGTCAGCCGGGGCTCGGGACCCACCAGCATCCAGACCGCGAACGTGACGGCGGCAGTCGCCAGCACGACCGGCACGAACACGGCGACCACGCGGTCGGCGAGCGCCTGGATCGGCGGCTTCGAGCCCTGCGCGTCCTCGACCATCCGGACGATCCGCGCGAGCGCCGTCGCGCCCCCGACGGCGCCGGCCTCGACCGTCAGCGCACCCGTCCCGTTGACGGTCCCCGCCGCGACCGACGCCTCTTCCTCCTTCTCGACCGGGACGGGCTCGCCCGTCATCGCCGACTCGTCGACGAACGAGCGGCCCGCGACCACGACGCCGTCGACCGGGATGCGCGCGCCGGGGCGGACGAGCACGCGGTCGCCGACGGAGACGGCCGCCAGCGGGACCTCCTGCTCGCGGCCGTCGCGCACGACGATCGCCGTCGCGGGCTGCAGGTCGAGAAGCGCGCGGA
NZ_CP177357.1_gap7	485276	488477	3201	CCGGGCGCTGGCGGGGGCGCGGCGCAGCAGGCGCGCGGCGAGCATGGCGACGAGCAGGACCAGGAGGCCCTTGAGGGCGAGCGTCAGCAGGAGAGCGGTCATCGTCCTTGGGAGCGTGCACTCCGGATGAGGGAATCGAGACGGTCGAGGTCGTCGTCCGAGAGGTCGTCGGAGGCCTCGAGAAGCGCGGCGACGGCCCGCTCGGGCGCGCCGTCGAAGAACGTCGTCATCAGGTGGCGCAGGGCCGAGCGGCCGGCCGCGTCGCGCGCCTCGACGGGGAGGTAGACGTAGCGGGGGCCGTCCTGCTCGTGGCGCACGTGGCCCTTCTCCTCCAGGATGCGGAGGTGGGTGCGGACGGCGGAGTCGCTGGGGGGGTCGGCGAGCGCCTCACGGACGTCGGCGGCGCTCGCGCGGCCCAGGCGGTGGAGGACATCGAGCACCTGGCGCTCGCGACGGGACAGGGAGGGGACAGGCATGAGCGTGTGCTAAAAAGTTAGCGGAGTGTAGGGCGCACGCGGCATCAAGTCAAGCGGAGTGCCAATTTTTTAACAGTCGGGTCCCTCGGCTCGGGCTGGGCCCTCTTCGGACGCAGCGGCCGAAGGTTGCACCACCTGCGCGAGCCACCCGCCTGCGCGAGGCCGGACCCCCCGCCTGCCGGCCGCCCCCCTCATCCGAGGGGGGCTCCTTCGTTTCTGGCGCCACGTCCCTCCCAGACCTCCTACTTAGCTCGTGGAGTCCCACCTCCTCGAGAAAGGAGGGGGGCAACCCGAAGGGTCGGCGAAGCCAAGGGGTGGTCCCCTAGTTGGCGCAGGCCGGCCTGCTGGCGCAAGCCCGGTCGCCCTCCGTCTCCTGTCGAGAGCCACGTGGCCGCCCGCTCCTCGGTGGCGGGTTCCGTCCCGCGGCAATGGGAGGCGCGCCCCGCGCCGCCGTAGCTTCGTCCCGCAGACGGACGCGCCCGTCGCCCGCGTTTCCCGGACCTCCCGCCTCGACCATGGCCTTGCCCGCACAGACCTCCCTCCTCCGCAAGCTGCTCCTCGGCGTCGCCCTCTTGGGCATCGTCGTGGTGACTCACCTCGCGCTCCAGAAGGCGAACGGGTTCGCCGCCGGCTGCACCGGGCTCGGCGGCGTCGACTACTCGGCGGGCGCCGCCGTCACGGGCGAGGGCTCGGGCTGCGCGACCGTCACCGAGGGCGAGTACGCCGACTTTCTCGGCATCCCGAACGTGACGTTGGGCCTGCTGTTCTACGTCCTGATCGCCGGGCTCCGGCTGGCCTACATCGCCGTGCGCGACGACCGGCTGCGGCTGGCGTCGTTCGGCGTGGTCGGCGTGGGCGCCGCGTACACGGCCTACCTCGTCTACCTCCAGGCCGCCGTCATCGGCTCGTTCTGCGCGCTGTGCATGACCTCGGCCGCAATTGTCCTGACCCTCCTCGTCCTCCACGTGCTCGAGCACCGCCGCATGCCCTCCGACGCCCCCGCCCCCGCCGACGTCCCACGCCGCCGCCGGGCCACCGAGCCGACCGGCCTCGCCCTGTTCCGCCCGTACCTCCCCGTGCTGGGCGGCTTCGTGGTCCTGCTGCTGGGCGCGTTCGCCCTGGCCGCCCGCACCGCCCCCGACGACGGCCCGAGCTCCGCGCTGGCGTCCGCCTCCGGCGACACACCGACCGTCCCGACGCCCCGCATCCAGGACGTCACCGGCGAGTGCACGTACGACCCCGAGTACGATCCGATCGCGGACCTTTCCGCCTTCACGACGGGCCCGTACCTCGGCAGCGCCGACGCGCCGGTGACGGTCGTCAAGGTGTTCGACCCGAACTGCCCGCACTGCCGCGACCTGTCGGAGACGCTGGACGGCGTGATCGCGGAGAACGGCGAGGCTGCCAAGTTCTACTACGTGCCGTTCCCGCTGCGCCAGCAGTCGCTCGGCCAGGTCGTCGCGCTCAAGATGGCCCAGCAGGAGGGCAAGTTCTTCGACCTGATGCACGAGATGTTCGAGCGCCAGGACGCGACCTGGGGCATGACGCTGCCCGAGCTGGTGGCGACCGTCAACGCGGTCGGCATGGACGGCGCGGCGTTCGAGGCGGCGCTCAACGACGACGCCCAGCTCCAGGTCTACCTCACCGACATCCAGGCCCAGGCCGACGCCGTGACCGGCGCCTTCGCCCGGGAGGATGGCGGCATCTCCGTCCCCAAGCTGGCCGTCAACGGCCGGGTCGTTGCGTCGACGTTCGCGTCGTACAGCGAGCGCTGCCTCGGCCAGTTTATCGCCGAGGCCGAGTAGCCCGTGGCCCAGGCCACCGACGCCTTGGGCGACCGCGCAGGCGAGGCGCTCTCCGAGCTGACCGGGCTCGGGTCCGCGCTCACGACCGACCTGGTCTGGTCGGCCGTCCTGATCGTCGCCGTGTGGGCCGTCCGCCAGCTCGTCCTGCGGGGCATCCGCCAGCGGGCGCCCGACGATTCGCGCCGGATCTACCGCTGGCGCAAGGTCACGACCTACATCGCGACGGCCGTGCTGACGGTCGGGCTGTTCTCGATCTGGCTGTCGGAAGCCGGCGGGCTCGGGACCTTCCTGGGGCTGCTGACGGCGGGCGTGGCGATTGCGCTCAAGGACCCGCTCGTCGACCTCGCCGGCTGGGCGTTCGTCCTGTGGCGCCGCCCGTTCTCGACCGGCGACCGCGTCACGATCCGCCAGCACACCGGCGACGTGATCGACCAGCGCGTCTTCCAGTTCACGCTCCTGGAAGTCGGGACGCGGACGGGCGCGGGGCAGTCGACCGGCCGCATCATCCACGTCCCCAACGGCTGGGTGTTTTCGGACTCGGTCGTCAACCACACCGGCGCGTTCGCCTACGTGTGGCATGAGATCGCCGTCGTGGTCACGTTCGAGAGCGACTGGCGGGCGGCGAAGACGCTGCTCGAGGAAGTCGGCGAGGAGACGGCGGGGCACCTGTCCGACGACGCCGAGCGGACGCTGCGCCGGGCGGCCCGGGAGTACTTCATCTTCTACTCCAAGCTCACGCCGGTCGTGTACACGACGGTCGTGGGGGAGGGCGTCCAGCTCACGCTGCGCTACCTCGTCGAGCCCCGGCGCGTGCGCGGGAGCGAGCAGGACGTGTGGGAGGCGATCTTGGACCGGCTCGCGGTCCGCGACGACATCGACCTCGCGTACCCGACCTCGCGGCTCTTCCGCAACGACCTCGA
NZ_CP177357.1_gap8	509586	514125	4539	CGCGCCCAGCTCGGGACGGCGCTCGTCGCCGTCGCCGGCATGTTCGGGTTCGGGCCCCTCCAGAACACGGACTTCGTGGGGGCCATCGGGATGTGGGCCGTCGCCGTGGTGGGGGTGGCGGTCGTCGTGGCCGCGAGCGCGCTGCCCCTCGTGACGAGCGCGCTGGTCCGGTTCCCCGACGGCCGGTACGGGCCGCCGTGGACGCGGCGGACGGGGCGGATCGCGGCGGCGGGCCTGGCCGCGGTCTTGGGCATGGTGATCGCGGCCGACCTTCTCGACCTGCCCCGGGCCGCGTTCGACCTGGTGGGGCAGGGGCTCCTCATCGGGATCGTCGGGCTCCCGGTCTTGGGGCTCGTCCAGAAGTACCGCCGCTCGGCGGCGGCCGACGTCCGCCAGCAGATGAAGTGGGTCGTGCTCCCGCTCGGCGTGTTCGTCGCGATGCTGGTGGTCGTCCCGTACGCCCACGAGGTCGTGCCGGCGCTCGACCCCGCCCGCCGGGCGACGGGGTACCTGTTCCAGAAGGGCACGACGATCCTGCTCAACCTGGGGCTGGCGGCCGTTCCGCTCGGCGTGCTCGCGGGCGCGCTCAAGTTCCGGCCGTGGGACGCCGACCTGTGGATCGCGCGGTCCGCCGCCGTCGGCGCGGCGACGCTGGGGCTGGCGGCCGTCTTCGCGGGCGGGGCTGAGGCGCTCCGCGTCGGGCTCCGGGCCTCGATGGGCGACGGCGCCGACTCGGTCGCCGCGGCGCTCGCGGCCGTCGTGGCGCTCGCCGTGTTCAACCCTGTGAGAGAGTGGCTCACGAACCGGGCCGACGCGGACCTCGCGCGGGCGCGCGAGCGGATTACGGAGCGGCTGCCGCTCCTGCTGGCGGGACGCCAGGTCGTCGCGTCGCCGGGCGAGATCGGGCGCGTCGCGATCGCCGCCGTCCGCGAGGCGCTCCAGACGGACCGCGCCGCCGTGCTCGACCTCGACCCCCAAGGCTGGGAGGCCGTCGCCGTCGAGGGCGTGACGCGCGCCGAGGCGCTGGCGTGGGCCGAGACCACGCTCGACGCGGCCGCGCTGCCGGCGTGCTCGGAGCAGGTCTGGGAGGACCCCACGTTCGTGCTCCGCGTGCCGCTGCGGTCGGCCGAGGACGAGGTCGTCGGCGTGCTGGCGCTGGGGACCCACGGGCGCGGGCGCGGCTACAGCACCGAGGAGCGCCGGGCGCTCGATGCGGCCTCGCGGTCGCTGGCGGAGGCGCTCCGGGTGGCCGAGCGGCGCGAGGAGGCGCAGGCGCGGCAGTACGCGCGGCTGGCGACGCTCGTCGACCGGTTCGAGGGCGCGAGCGGGGACGGGGCGCCGCCCGAGCGCTGAGCGGACCGCTTGCGGGCATCTGGAGGTACACGTACTATTCGAGTCGTACCCTGTCGTTGCTCATGCGCGCGCTCCTCGCCTTTTGCCTCCTCGTCCCCGCGGTCATCGCGCAGCCGGCCGTCGGCGACCCCGCCCCGGAGATCGCCTTGGAGGCCGTGCTGGGCAGCGACGGCCCCGCGACGCTGGCGGCGCTGAGGGGGCGGGCCGTCGTGCTGGAGCTGTGGGCGACGTGGTGCCTGCCGTGCATCCCGGCGCTCGACCACCTCGCCGAGGTCGCCGCCGAGGTCGCTGACGAGCCCGTCTCGTTTCTCGCCGTCACCGACGAGGACCTCGCCACCGTCGAGCGCTTCCGGGCCCGCCGCCCGTCGCCGCTGCCCATGGGCGTCGACGCCGACTCGTCCGTGTTCGACGCGTACCGCCCCGGGGCGCGGCCCCAGACGATCCTGATCGCGCCGGACGGCCGCATCGCCGCGCGGACGATGCCGGACCAGGTGACGGCCGACGTGCTCCGCCGCCTGGTGGCCGGCGAGCCCCTTTCCGAGTTGGAGCAGGCCCCCGTGCGCCCGGACCGCGAGCGCGCGGGCGACCTCGTGGGCCGGATCGCCTACGACGTGATCGAGCGCGGCGAGCTCGACCGGCTCGACGAGGGCACGGTCTACAAAGCCATCATGCGGCCGTTCGCCGGGCGCGGCGGCGGCGGCATCTCGATCTACGACCGCGCCGACCGGCCGTTCGCGCACCGTCGGGTGACGTCGCGGGCCAACCCGACGGCGCTGCTGCTGTGGGCCGAGAACGCCTTCTCGCTCCGCCTCGACGACCGCGCCGGCCTCCCCCAGGTCCCGTGGTTCGCGGACGTCATCGTGCCCGAGGCGGAGGCCGAGCCGACGATGGCGGCCGTCCGCGCCGAGGCCGTCCGGCTCGTCGAGCGCACGTTCGGGATCCGCGTCCGGCGCGAGCTCCGCCCGACCAACGTGCTCCGGCTGGAGCGGATCGAGGGGGCGCCGTCCGGCGTCACGCTGGCGCGCGAGCGGGGGACCCTCGAGATGCGGGGCACGACGGTCGAGGCCGTCGGCCGCCCGTTCTCGGAGTTCGTGCGCTACCTCCAGTGGCAGGTCGACCGCCCGATCGTCGACCTCACCGGGTTCGACGACGGCCCTCTCCGTCTCTACGATTTCGAGATGGACGTGGTGGCCGGGGTCGACGGCGAGATCGAGCGCGGCCTGCGCGCGCTGGGCTTGCGGCTGGTCCCGGAGGACGCCCGCCCGCTCGACACACTCGTGATCGAGCCGACGGCCGACTAGCGGCGCTTACCCGGCGGCTTTCGCCTGCACCGACGCGTCCATCCCGGCGACCTGGTCGCGCAGGTCGGCCTTGTAGGCCTCGAGCGCGTCCACCAGCCCGGCGTCGGCCGTCGCCAGGATCTGGACCGCCAGCAGCGCCGCGTTCTTGGCCTGCCCGATCGCGACCGTCGCGACCGGCACGCCGCCCGGCATCTGGACGATCGACAGCAGCGAGTCCATCCCGTCGAGCGCGCGCGTCTGGACGGGCACGCCGACGACGGGGAGCGTGGTCGAGGCGGCGATCATGCCCGGGAGATGGGCCGCGCCGCCGGCCCCGGCGACGATCACCTGGAGGCCGCGCCCCCGCGCCGTCCGGGCATAGTCGGCCATCGCGTCGGGCGTGCGGTGGGCCGAGAGCACGCGGGCCTCGAACGGGACGCCGAAGGCGCGCAGCACGTCGGCGGCGGCCTCCATGGTGGGCCAGTCGGACTCGGAGCCCATGGCGAGGCCGACGAGGGGGGACGAAGACATGGGAGTGGAGGCGGGAGACCGACAAAATCGACACGCGTGCTGTCGGGAGGGAGCCAATTTGCCCCGTGCCTCAGAGCCGGATGGCGGCGGCGGCGGCCTCGGCGCGCTGGCGGGCCGTCGCGGCGTCGTCGGCCGTGACGGTCACGTGGCCCATCTTGCGCTGGGGCCGGACGGTGTCCTTGCCGTAGAGGTGGACGCTCGCGCCGGGCACCGCGAGCGCGTCGCCGATCTCGGGGGTCGTGTCGCCCTCGCGGTCGCCGAGCACGTTGACCATGCAGGCCGCCGGCACGCGCAGGCCCGGCTCGCCGAGCGGCCAGTCGAGGACGGCGCGGACGTGGTTCTCGAACTGCGAGGTGTGGCTCGCGTCGATCGTCAGGTGCGCCGTGTTGTGGGGCCGGGGCGCCGTCTCGTTGACGAGGACGGTGTCGCCGACGACGAACAGCTCGACGGTCGCCACGCCGGTCAGGTCGAGCGCGGCGACGGTCGCGAGGGCGACGCGCCGGGCCTCGGCCTCGGCGGCGTCGCCGAGGTCGGCCGGCGCGCTCGCGGCCCACAACCGGTGGTCGCGGTGCTCGCTGCGGACGGCCGGATACACGACGGCTTGGCCGCCGGGCCGCCGCGCGACCGTCACGGCCGCCTCGGCGCGGAAGTCGACGAACGACTCGACGAGGAGCCCGTCGTCGGCCGCGAGCGCCGCCCACGCCGCGTCGACGTCGGCGGGCGTGCGGCATGTGGCGTTGCCGTAGCCGTCGTACGAGCCTTCAAATCGCTTGAGGACGGCGGCCCCGTAGCTCGCGACCGCCGCCTGGGCCTCGCCTGCCGTCCGCGCCCAGGCGTGGTCGGGTTGGGGAAGGCCCGCGTCGGCGAACGCCGCCCGCTGACGCCCCTTGTGCCGGATCGTGACGAGCGGCGCGACGCCCGGCCGGACGACGGCGCCCGGCGCCGCCTCGACGAGCGCGTCGGCCGGGGCCCACTCACTTTCGACCGTGATCGCGTCGCACCCGCCCGCCCACTCGGCGAGGACGCCAGCGTCGCACCAGTCGGCGACGGTGATGTCGGCGAAGGCGCGGCCCGTCCCGCTCTCGTGGTCGGCGAGCACGCGGACCGAGACGCCCAGGCGGTTCGCCGCGAGCGCGGTCATGCGGGCGAGCTGGCCGCCGCCGAGGATTCCGAGGGTGGGGAGCACGGGCACACGAGGGGAGACCCCGCAAGCTACCGGCAGTCTCACGCCCCGCCCGCCTAGCTTGGCCGGACCCCGCCGCCCCTCCGATGTCCGACCTCCTCGACACCGCCATCGCCGCGCACGGCGGCGCCGAGAGGTGGCGCACGGTCGACACGCTCCACTTCCGGCTGCGTGTGTGGCGGCCCATCGTAC
NZ_CP177357.1_gap9	523407	528066	4659	GACCACCGCTATCGCGAGCCCTACGCCTACTACAACCGCTACGGCGGCACGCGCTACACCGAGTACTACCGCCACCGCCGCTACGACGCGCGCCGCGGCTGGTACGACACGCGCCGGGGCTATGACAATGGATACCGCGACGGCCGCCGCGCCGACGCCCGCCAGGACCGCCGCGCCCAGGAGCGTCGCGCCGATCGCCGTGAGGACCGTCGCGACGACCGTGCCGACCGCCGCGAGGACCGCCGCGAGGATCAGGCGGACCGCCGCCGCGCCGAGGCCCGCCGCGATGCTCAGCGCCGCCAGCAGGCCGAGCGCCGCCGCGAGGTCCAGCGGCGCGACGCCCGCCGTAGCAACGATCGTCGCGATCGCGATCGCGACCGCCGGACCGAGCGCAACCGCGACGACGACCGCCGCGACCGTGACCGCCGGACCGAGCGCGACCGCGACGACGACGACCGGGCCGAGTCGCGCCGCTCCTCGCGCCGCAACGACCGCCGCCGCGGCAACAACGACGACTAGGCCTCGGCCTCCGTCCCCCCCGCACGCGCCCGCTCCCCGGAGTGGGCGCGTGCGGGGGGGACGGTCTTGGACCCCGCCACCCCGCCCACTGGCGCGAGCCTGAGACCCCCCGCATGCCGGCCGCCCCCTCCTCCAAGGGAGGCTCTGTTGTCCGTGGCGCCTCGCTCGTCAGTAGCCGCGGCCCTTCTTTGAAGGCCCCGATCCTCAGATGAGGGGGGGGGGGGCTGCTGGCGCGACCCGGCGCAGGCCGAGCGCAAGCCCTCCTGCAGGCGCTCGCCCCCTGCCTGCTACGGCAGCCGCTCGCCTGCCGGCACGTCGGTCGAGAGCGTGTTCTCCGCCGGCGGCAACGGGCACGAGTACGAGGCGTTGTAGACGCAGTACGGGTGGTAGGCCCGGTTGAGGTCGAGCGCGTAGCGGCCCGTCGGCTCCAGCTCCAAGTCGAGGTAGCGCCCGCCGCCATACGTCGCGTCGCCGCTCGTCGCGTCGCGGAAGGGGACGAACAGGCGCGTGTCGCCGACCGACTCGAACGCCTCCAGCCGCCGCTGCACGCCGTCGAGCGTGAACACGAGGTGCCCTGCCGTGACGTGGCGCTGCAGCGCGCCGGTCGTCGTCGGGAAGGCGACCGTGTCGCGCGTCATCGACGGGACGAGCACGGCCGGGACGGCGTACGCCGGGTCGTAGTCGAAGTACGGGACGCCCTCGAAGTCGGGCAGGTCCTGGGGGAGGAGCGGGGAGACCTCGGAGCGGAACAGCGAGTCGCGCGCGGCGACCCACTCGGCCCAGCCGGTCCGGAGCGCGGTGTGGTCGAGCTCGGCCGCCGGGTCGGGGCCGCACGCGGCGACCGCGCTCAAGGCGCAGACAGTCAGCAGAAGGCGGAGCCGGGGCACGAGGTCTAGGGGCGACCCCCGCAAGCTACGCCCCTAGATTGGCTGGCCCGCCACGTCCGACGCCATGCTCCGCCCCGTCCTCGCCGCCGTGCTGCTGGTGGCCGTCGCCGCCCCAGGCGCCGCCCAGATCGCGCTCGTCGAGCCCGCCGTGCCCGGCGTCACCTTCCGCAACCCCGTCGGCGTCGAGATCGCGCCCGGCCAGCCGGACCGCCTCTACGTCATCGAGCAGGGGGGGGGCTCGGCCCCCTCGCGCATCCAGACCGTCGTCCCCGGCGACCCCGCCCCGACCGTCTTCCTCGACGTCTCGGACCGCGCCGTCGCCGGCGGGGAGGCCGGGCTACTGGGGCTCGCGTTCCACCCCGACTACGCCACGAACGGCCGCCTCTTCATCTCGTACACCGCCGACGTCCCCGGCGTGCCCGTCTTCGTCTCGCGCCTCTCCGAGGTCACTCGCTCGACGACAGACCCCCTGCTCGCGGACCCGGGCAGCGAGCGGGTCATCCTGGAGGTCGAGCAGCCCGACGACAACCACAACGGCGGGACGGTCCGGATCGGCCCCGACGGCCTGCTCTACTGGTCGCTCGGCGACGGCGGCGGCGGCGGCGACCCCTTCGAGAACGGCCAGGACCCGACGACCCTGCTCGGCACGATCGTCCGGATCGACATCGACGACGTGCCCGACGGCGAGCCGTACGGCATCCCCGACGACAACCCGTTCGCGGCGACCGATGGGCCCGAGCGCGACGAGATCTTCGCCTACGGTTTCCGCAACCCCTACAAGTTCTCGGTCCAGCAGAGCGGCCTTTGGGTCGGCGACGTAGGGCAAGACCGATGGGAAGAGGTCGACCTCGTGGTGTCCGGCGGCAACTACGGGTGGAACGAGGTGGAGGGCCCCGTGTGCTTCCGCCCCAGTTGCGACCTCTCGGCGTATGAGCCGCCCGTGGTCTTCTACGACCACGGCCCGCTCGGCGGCTTCTCCATCACGGGCGGTTACGTCGTCGAGGCGACCGACCTCGCGCTCTCCTTCCACTACCTCTACGGCGACTTCGTCACGGGACGCCTGTGGGGGCTGCCCCTCGGCTCCGACGAGCCCGTCCTGCTCCTCGACCCAGGAAACGACGACCTCCGCACGTACATCTCGTCCATCGACCCCGGCCCCGACGCCAACGACATTCTGCTGACGGATTACGTCGGCCAAACGATTTACCGGCTCGTCATTGCTGGAACCGGTGGGGAGGGGGCTCCCCGCACCGGCCCTGCGCTCGCGCTCGCGGGCCCGAGCCCGTTCCGCGACGCGACGGCCGTCCGCGTCGAGGGCCCGGGCGCCGTGCGCGTGTCGGTCGTCGACGTGCGGGGCCGCGAGGTCGCCGTCCTCCACGACGGCCCCGCCCCGGGGCGGCTCGCGGTCGACGGCCGGGCGCTGGCGCCGGGCGCGTACGCCGTCGTCGCCCGGAGCGCGAGCGGCACGGCGGTTCGCTGGGTCGTGCGCGCCCGGTAACCCGGTTGATCCGCCGGCCGTCCCGTCGATACCCCCCACCCGCCACCCCCCGACGATGCTGCGCCCGACCGTTCTCGCCACCCTCGCCCTGGCCGCCCTGGCCGTCGTCGTCGGGGTGCCGGCCCCGGCCGTGGCCAACTCGTCGGGCGCCAACCCCGGCTTCGCGGGCAACCTGACGCGCGGCGACGGCTCGCCCCAGGCCTGCACCGTGTGCCACTCGGGCGCGGACCTCAACGCGGGCACCGGCGCGGTCGCCATCGACGCGCCCTCCGCGGCCACCAGCGCGGACGTGGTGCGGATCACCGTGACGGTCGACAACCAGACCGACCCGGCCTCGGCCGGCTCGCGGCGCCAGGGCTTCCAGGCGACCGTCCGCGACCCCGCCGACCCGAGCGGGGCCGTCTGGGGCACGCTGGCGCTCGTCAACGCCGCCAGCACCCGCTTTTCCAGCTCGGCTGAGGAGCACGTTACCCACACCTCGGGCGGCACCGGCCAGACGGCGTGGCAGTTCGACTGGGCGCCGGGCGGCGAGCGCGAGGGCACGGCCCGGATCTACGTGGCGGGGAACGCCGCGAACGGCAACGGCAGCTCGTCGGGCGACCTCGTCTACACCGCGACGGCCGACGTGCTCGTGACCGCCGTCGCCACCGGCGACGGGCCCGACGCCGCGCGGCTCGGCACCGCGCACCCCAACCCAGCCCGCCGGGGCACACCGGTCCGCTTCGATGCGGCCGCGCTGGGCGACGCCACGGCCCGCGTGGTCGACGCGACGGGCCGGACGGTCGCGACGGTCGCGGTCGGCACGGGCCCGCTCGTGGTCGAGACCGGGGCGCTGGCGCCCGGGACGTACGCGCTCGTGGTCGACGGGACGATTCGGCGGACCCGGGCGCTCACCGTCGTCCGCTAGCGCGCGCTGGGGGCACGCACGGATTCCCCTAGGGATCGCTGACCGCGCGCGCTTCAGACCGGGCGGCGACCGGCCGATACGCGCCGTCCACCCCGCATCGACCCCTGACCCCCGCTCCCGACCTGCGGCCCTCTGCCCCGGCGGAGGCCGGCTTGCGCCTCATCGCCGACCGCCTGGGCGTGCCGGCCGCGCTGCTGTTTGCGACGGGCGCGGGCGGCGCGCTCCGGGCCGTCGCGGGCGTGGGCGGCTGGCGGGGCGACGCGGCCGCCTTGCACGACCTGGTCGAGGCGCTGGCCGCCGGCGAGGGCGACCTCACCGACGCCATCGAGGGGGCCCGCTTCGCGGCCGGCGCCCGGCTCGGCGACGGCGAGGGGGCGCTCGTGGTGCTCGCGCCCGATCCCCGGACGCCCGACGACGCCTGGAACGCGGCGTTTGGGGAATCGGCCCAGGCCGCGCTCGCGCTCATCCGGGCGGCCCCGGGCGCCGCCGAGCCCGGCCGCCTGCTCCACGAGGTCTCGGTCTACCCCGGGCCGTTCGACGCCCGCCTTGCCCTGGCGCTCGAGCGCATGGCCGGCTCGCTCGGCCTCGACGCCGCCGTGCTCGCCTGGATCGAGGACGGGACCTGGGCGCCGCACGCCGCCTTCGACCCCTCGGGCGCGCTCGTCCCTCGCGGCCCGGTCCCGCTCGCCGACACGTTCTGCGCCGTGACCTCCCAGGCCGACGGCCCGTACGCCGTCGAGGACGCGGCCCAGAGCCCGCTCGGCGTGGACGGGGCCGCCTGCTACCTCGGGGCCCCCGTGTTCGTGGGCGGCCGGTGCGCGGGGACGCTCAGCGCCGTCGCCGCCCGG
NZ_CP177357.1_gap10	555187	558076	2889	GGAAGGGGCGGGCGGTGGGGGAGGGCGCTCGCACGCGGCGAGCGCCAGCAGGGCGGCGGCGACGAGAATGGCGGGCATGGCCCGAGTCTACGCTGGGGCCATTCCGAGCGCCCCCGCTCAGCGCGTGGAGAGTCGCTCTATGATGTCGTGTCAGACCCGATGCCGATGTCGCCCGTCCGTCTCTGCTCCTCCGTGTGTCTCCTGCTCACGCTGGCGGCGGTCGCGCGGGCGCAGGCCGTGCCGGTAGGCACCTGCGAGCCGGGGACGGCCCGGACGGTGCTGGAGACCGCGTCCCTACAGGTCCCCCTCTGGAACCATCAGTCGCTGTTTTTAGACCGTACCGCTCCTTGGTCTAGCCCCCAGAGGCTCCGGTACCTCGTCCCGAAGGCGGGCGGGGTGTCGCCTGTGTTTAGTGCCGACCTCCTCCTTTCGGGGTTCGTCGAGGACTCGCTCCGAACGGCGGGCTGGCTCTACGGGCCGAGCAACCTGTGGCCCGGACCCCTCCCCGACGCCGACGCGCCGCCTACCGACTGCGTCGCGTTCGACCGGATCTGGACGGTCTCCCGCGCCGACATCGAGCGGTATTACGCAACCGGCGAGGCGACGGCTGACCTCACCGAGTGGCCCGCCCACCTCGGCGCCCCGGTGCTCGACGGCGACGGGATCCCGGACAACTACGACCTCGCCGCAGGCGACCAGCCCGACCTCCTGGGTGACGTGGCGGCGTGGTGGGTGATGAACGATGCCGGCAACACGCACGACCTTGGAGGGAGCGTCCGAGGGACCGCGCCGCTCGGCGTCGAGGTCCGCGTGCTCGCGTTTGCGTTCGAGACGTCCCCGTTCCCCGGCGTCCCGCTGGACCCGCTCCGCCTCGCCTCGTTCGTCCAGTTCGATGTCGTCAACCGGCGGAGCACCCCGTTGGACAGCCTCCGGCTGAGCCTGTACGTCGACGCCGACATCGGCAACCCCAACGACGACTACGCTGGGGTCGACACGCTCCGGCACCTCGTCTACACATACAACGGGCAGGCCGTGGACGCGGACAACGGGGCGTACGACCCCGGGTACGGGCCGGCTCCGCCCGCGTGGGGCGTCCAGATGTTGCGTGGGCCCGTCGCCCTGCCCAACGGCCGAGACGACGACTACGACGGGGCCATCGACGAGCCCGGCGAACGCGCACGGCTGGCAACGGCCCCCCTCATGGAAGACGACTACGGGACGGGCAGCCCGTTCCACCCGGTGCAGGTGTACAACGTGCAGCGCGGGCTCACCGTGAGGGGGGAGGCGCTCAGGGGGCATGGCGTGGGGTACCCCTGCTACAGCCTGGCGTGTGAGCGCGCGCCAGCCACCGTCTTCGGGTTCACTGGCGACCCGGCCGAGCACGCGTTTTGGTCGGAGCTCAACGCCGACGGCCAGGGGACCGCCATGATCCCCGGCGACCGCCCGTCGATCGCGACGACGGGCCCGGCCCGTCTAGCCCCAGGCGAACGCGCCACGGTCCTGGTGGCTTTCCCGTTCGCCCGAGGGCCGGACTACCTCGCCTCCGTGTCGGCGCTGCGGGCGGTGGCGGCCGGGTTGCTCGCCGCCTTCGGCGACGGTGTCCCGTCCCGCCGCGTGGAGGGCCCACCGGCCCCGCCGGTGCCGATCGTGCGGGGCATCTCCGCCGTCCGCCCCAACCCCGGCGCCGGTGGCCAAGCGGCCCTGCTCGCGCTCCCCGGTGCCGCCTTCGTCGAGGCCGTCGTGATCGATGCCCTCGGCCGCCGCGTCGCCGTGGTCGCCCGCGGGGCGTGGGCGCCGGGCGAGCACCGGCTGGCGGTCCCCGACGGGCTCCCGCCCGGGGCCTACGTGCTCCGCGTGGCCGTCGAGCGCGGCCAGCCGGCGAGCGTGCCGTTCACCGTCGTCGGCCGCTGACTACTCGATGGTCCACGTGTCGCCGGACGCCAGCAACTCGGCCAGCTGGCCTGGGCCCTTCCGCTGGCGGACCTCCTCGACCTGCGCGTTCAGCATCGCGTCGTACGTCGGCCGGTCCTCCTGATAGAGCACGCCGAAGGGGCGCGGGAGGTCGGCGCTCCAGAACGTCTGGTCGGCGACCAAGAGCGCGAGCCCCTTGTCGGTCGAGTCGTAGACGAGGCAGTCGTCGGCGGTGCGGTCGCCGTCGAGATCAACCGCGCGCAACGTCAGGCCGTCGAGGACCAAGCCCTTCGTGCCGTTCGCGAACGTCATCGGCTGGCCGTCCTCGACCATCACCGTCCGCAGCGCCTTCGTGTCGCGCTCGGTGAACTCGAAAAAGGCGCCGTCGTTGAAGATGTTGCAGTTCTGGTAGATCTCGATAAACGAGGTGCCCCGGTGGGCGTGGCCCGCCTTGAGCACCGCCTGCATGTGCTTGGGGTCGCGGTCGAGCGTCCGCGCCACGAACGAGCCGTCGGAGCCCAGCGCGAGGGCGGCCGGGTTGAACGGGTGGTCGAGCGAGCCGTACGGGCTCGACTTGGTGACCTTCCCGACCTCGGACGTCGGCGAGTACTGGCCCTTCGTGAGCCCGTAGATCTGGTTGTTAAAGAGCAGCACCTGGAGATCGACGTTGCGGCGCAGCATGTGCGCCGTGTGCCCGGCACCGATGCTCAGCGCGTCGCCGTCGCCGGTGACGACCCACACGTCGAGCTCGGGGCGCGTCGACTTGAGACCGGTCGCCACGGCCGGCGCGCGGCCGTGGATGCTGTGGAAGCCGTACGTGTTCATGTAGTACGGGAAGCGCGACGAGCACCCGATCCCGGAGATGAACACGACGTTCTCCCGCGTCTCGGCGAGGTCGGGGAGGGCGCGCTGGACGGCCGCGAGCACGGCGTAGTCGCCACACCCAGGGCACCACCGCACGTCGGAGCCCGAGACGAA
NZ_CP177357.1_gap11	623134	627297	4163	AAGCAAACGAGCCCGTCGCGATCTGGCTCGTCGAGGGGACCGGCACGGCGGTCGACCAGCTGTTCATGCGCCGCGTCCTCGACGGGTCGTACTCCGACGCCTGGGTCCGCGAGCGGGCCGGCCGCGTGGGCGGGACCGAGATCGAGGGCTGGGTCCACGTCGAGACCGACTTCACGGGCGAGTGACGCTCGACCTCGTGCCCGGCCGGCTGGCGGTCGGCCGCCTGGCCCCCGACGCACCCGTCTCGGACTGGATGACGACCGGCGCCGTGTCGAGCGTTACCCGGACGGCCGCCGAGCTGTCGGTCGTCTGCGCCGAAGCTGCCGTGCCCCCGGACGTGGTCGCCGAGCGCGGCTGGCGGGCGCTCACCGTTCGCGGCCCGCTCGACTTTGCCCTCACCGGCATCCTGGCCGGGCTGGCGGCGCCGCTCGCCCAGGCGGGCGTCTCCATCTTTGCGCTCTCGACCTACGACACCGACGTGCTGCTCGTCCGCGACCGCCAGCTGGCGCAAGCCGTCGCGGCGCTCCGGGCGGCGGGGCACGAGGTGGAGGAGAGCAGAGGAGACGATGCGTAGAGGAGACGAGGAGGCTTGTGACGTGGCCTCTGCTCTTCTTCTCGTCTGATCCTCTTCTCCCAAACCCTCAGCGGCGCCGGATGGCCTCCGGGACGGCCGCCAGCCAGCCCGCGTCGAGCACGCCCCACAGGCCGATGGCGATGGCCTCGGCGGCGTCGTGGCGCAGGCTCCCCTTGGGCCGCTTGGCCCCGCTCCACTCGATGACGGCGCGCGCCAGCCCGTCGGCCGCCTCCTTGGCGCCCGCGCCCGACCGCTGCTCGCGGGGAAGGAGGAGCGCCTGCCGCCAGACGTGGGCGTCGATCACGCGCGCCCGCCGCCCGGCCTTCTCGGCGGCCCGCTGCCAGATCTCGGCGATGTCGCCGCCGCCCTCGAGCACGACGCGCTGGGCCTCGGCGTGGTCGTGGAGCAGCGACCCGGCGGCGCGCCGCAAGCGGGCGCGGCTGCCCAGGTTCTGCGAGCGGTACGAGACGAGCCGCCCGTCGCGGCCGTAGAGCGCGAAGCCGGTGCGGAGCCCGAGGTCGACGGCGAGGAGCAAGGCGGGCGGGGGAGGGGGAGCACGGCGTCGCCGCAGAGAGCGGGTAGCGCGCGAGGGCAGCGAGGGTTCCGACGCGCGCACCGTGGCGGGCCGAGTCGTGATTTCGCAGGGGGCGATGGCACGACGCTACGGTCTGAGGCCACCTTCCGTCCCCCGTCCCCCGTCCCCCGTCCCCCGTCCCCCGTCCCCCGTCCCCCGTCCCCCGTCCCCCGTCCCCCGTCCCCCGTCCCCCGTCCCCCGTCCCCCGTCCCCCTGACCTCCCGCCCCCTCGTCCCGGCCCTCGCCGTCGCCGCCGCGCTCATATGGGGCTATGGCGCGCTCGACCCGGTCGCCTTCGCCGAGGCCGGCGTGAAGTACTACGGCCCGATGGCCGAGGCCGCGCCCGGGCTCGACCTGGGCCAGAACCAGCCGTACGTCTTCCGCTGGCTGGGCCCGTGGCTGGCGGGGCTGCTCCCGCTCGCGGTGCCGACCGCGTTTTACGCGTGGGCCGTCGTCGGCTCCCTCGCGCTCGCGGCGCTGACGTACGCCGTCTGCCGGGCGAATGGCGCGACCGCCGGCGCCTCGGCGCTGGCGGTGCTCCTCCTCGCGGCGAACCCGTACCTGTTCGGGTTCAACGTCTTCAACATGTACCAGCTCGGCGACCTGCTGGCGCAGCTCGGGCTGGGCGCGGGGCTGTGGCTGCTGTGGCAGCGCCGCTACGCCGCGCTCGCCGTCGTCCTCGCCGTGACCGTGCTGGCGCGCGAGCCGGCGATCTTGATGGCGCCCGTCGCGGCCGTTCACCTGTGGGAGCGGGGGCGGCTGAGAGAGGACGGCTGGCGGCTGGCGCTGGCGCTCGTCCCGGTCGTGGTGCTGTTCGCCGTCCCGCGCCTACTGCTGACCGAGCAGGAGGGCCCACACCTGGTCCAGACGTTCCTCAACGCCAGCGGGAAGGCCGCCGACCCCGGCACGTGGGCGCGGCTGTTGGTGAACGCCTGGGTGCCGGTCGTGGCCGTGCTGGCGGTCTTCCCGCGCGAGACCGTGGGGTGGCTGCGCGGCCACCTCCACCTCGTCGCCCTCTTTGGCCTGACGCTCGGGAGCGCCTTTTTCGGCGGCGACCAGGAGCGCCTGATGCAGCCCGCGATCTGGGCCGTCTACCCCGCCGCCGCCGCCGTTTTTTCGGATCGCTGGCGGGCCCGACCCGTCGCGACGGCCGTGTTGCTGGCGGCGGCCGCGCTCACGAGCCTGCACCACATCACCGCCCGCTTCCCGCTGCCCGACCGACGGCTGACCGCCGTGCTCGCGGCCGTGGCGCTGGCGCTGGCGTTGGGCGCCGCGCTCTGGGTCCGCCGGCGCCCGTCCCCGGCCGCCGCGCGCTGAGCGGCCTAGGCGAACAGGACGGGAGCGAGGAGGCCGAGCGCGAAGAGGATCGGCGTCCAGGACCGGACGGGGATGAGCATGAACGTGTGGACGGTCCCCTTCACGGTGAACGGCTCGCCCGTCTCGGCGTCGACCACCGCCCGGCCGGGCGAGTCGGGGAACCGCTTGGCCAGCGCGGCGACCAGCGCCCCGGCCACGATGAACCCGAGGGCCATCGGCCACGTGTGCTCCTGGTAGTAGGCGGGGTCGCCGGTGGCCCCCTCGACCGCCGCCTCGGCCGCGATCAGGCAGCCGAAAGCGATGAGCGGGACGAGCAACCCGTGTCCGGTCCAGGCGATCATGGCCGGCGCTTAGCCGAGCAGCACGCCGGCGATCGTCGCCGTCATCAGGTTCGCGAGCGTGCCCGCAAAGACGGCCTTGACGCCGAGGCTCGCGATCTCGCCGGTCCGCTCCGGCGCGAGCGGCCCGATCCCGCCGATCTGGATGCCGATCGACGACAGGTTCGCAAACCCGCACAGCGCGAACGTGGCCATCACGATCGTCTTGGGTTGGAGCGAGCCCGCGCCGAGCGCGTCCGCGAACAGGCTATAGGCCACGAACTCATTCGCGATCACCTTCGTCCCCAGAAAGCTGCCGAACGTGGTGATGTCGACGGTCGGGACGCCGATGAGCCAGGCGATGGGGGAGAGGACGACGCCCAGGATGCCCTCCAGCGTCAGCTCGGCGCCGAACAGGCCGGCGCCCCAGCCCAGGATGCCGTTGAGCATCGCGATGAGGGCGAGGAACGCGATGAGCATCGCGCCGATGTTGAGCGCGAGGTGGAGCCCGTCGGCGGCGCCCGTTGCGGCCGCGTCGATGACGTTCTTGGGGCCCTCGTCGACCAGGTCTTCGATCGTGGCCTCGGTCGCGAGGTCGCTGGCGGTCGAGGGCTGCGTGGCCTCGCCGGCGTCTGTCACCGGGACGACCGTCTTTTTTGTGTCGAGGTGGTCGGGGGCGGTGAGCCGGGCCTTTTCAGGGACCAGGATCTTGGCCAGCACAAGCGCGGCCGGCGCGGCCATCACGCTCGCGCCCAGCAGCTGCTCAGCGAAGAGCTGCTGCCCGGCCTCGACGGCGATCCCGGCGACGCTCGCGTAGCGCTCGCCCAGGAACGCGACGTAGCTCGCGAGCACGCCGCCGGCGATCGTCGCCATCCCGCCGGTCATCACGGCCATCAGCTCCGAGCGCGTCAGGTTCTTGATGTAGGGCTTGATGACGAGGGGCGCTTCGGTCTGCCCCACGAAGATGTTGGCGCTCACCGACAGCGACTCCGGGCCGGACGTGCCGAGGGCTCGCTGGACCACGAAGGCCACGCCCCGGACCACCCACTGCATGATGCCGAGGTAGTAGAGGATCGACATCAGCGCCGCGAACACGATGACGGTCGGGAGCACGTAGGCGAAAAAGAAGAACCCCAGCGAGCCCTCGGCGCCGGGCGACAGCGCCAGCGACCCGAACACGAACGTCGCGCCGGCCTCGACGGCGGACAGGAACGCCACGAACAGCCCGGCGACCGCCGCAAACGCGGCCTTCGGCCACCCGAACGGCGAGAACACCTCGGCGAGCGCCTCGCCCTTGAGGAACAGGACCGCAAACACGAGCTGGAGCGCCAGCCCGGCCCCCACGGTCCGCCAGCGGATGGCGCGGCGGTCGGAGGAGAAG
NZ_CP177357.1_gap12	630695	633962	3267	CGGCGCCGCAGACGTCCGAGGAGAACTGCGTGGCCCACAACGGCTCGCTCATCCCGGTCCCCGGCCGCGACATCATGGTCCAGAGCTGGTACCAGGGCGGCATCTCGGTCTTCGACTGGACCGACGCGTCGAACCCCATCGAGATCGCGTTCCACGACCGCGGCCCGGCCGACGCCGAGCAGATGGCCTCCGGCGGCAGCTGGTCGGTCTACTGGTACAACGGCGACCTGGTCAGCTCCGAGATCTCGCGCGGCCTGGACGTCTTCCAGCTCACGCCGAGCCCGTACCTGACGCAGAACGAGATCGACGCGGCCAACTCGGTCGAGCTCGACTACCTCAACGCGCAGGGCCAGCCGGTCTACGAGTGGCCCGCCACGTTCGCCCTGGCGCGCGCCTACGCCGACCAGCTCGACCGCACCGACGCGATGTCGGACGCCGAGCTCCTCCTGGTGCGGACGGCGCTCTACAACGCCGAGATGGCGTCCGGCGCCACGCGCGCCCGGACGCTGACCGAGCTGGCCGACGGCATCTCGGGCATGGCCGCCGCCTCGGGCGACCCGGCCAAGGCGCGGATGCTGGCCGACGCCGTGCGCATGCTCGCGCAGGGCTAGCCCGCAGGCTCCGTTCGGACGCTTCCGCCCCGTTGGCACGCGCCAGCGGGGCGGAGTGCGTTTGGGATGGCGAGTCGGCGGCACGTCCCGCCAGCGGGGAGTGGCGACGCGTTTGAGTTCGCGAGCGTTTGGATCACATGTGGCTTCCCTTCCCCGTGAGGAGAGGGCGTGCGTGAGCCGCCGCTCGCGGGTCGGGCTCGCCGGCGAGGCCGCGTGCCCTACGATGCAGGGCCGCGCTGTTCGCGAGCGTCTCCGTAGCCCCTCCCGATATGCCTCCAGGACCCTGGGACGACCCGACCATTCAGGCCTATCTCCGCGAGTGGCGCCGCAACGTCGAGCAGTGCATCCGGGCGGTCCACCCCCGGTGCACCGTCGACCCGTTCGGGCGGATGATCGGGGTGACGAACGCGGGCGGCGTGATCACCCTCAACCGCGACCCGGACCCGATCCCCGACACCGTGATCCCGACCTCGCGGGAGTATTACTACATGTACTTCCACGCGGCGACGGGCACGCGCTTCTACCCACTCACGGGCAGCCAGTACGTCCAGTCGCGCATCGAGGGGGCGTCGCCGGGGGCGCTCACGGGGTGCACGCCGTAGCGAGGACCATTTGGCCGTGCAGGGCGTGCGCCGTACCCTGTCCTGCACATCCGGCGTGCAGTCGGAATCGGCGGTCGTTGAGTCCGTGCCGCCGATGCGATGATCGATTCGAAACAGAAGCCGGGGCGCAAGGCCCCCGCACCGCCGCCGCCCGCCGCCGCGCCCGCGCCCACCGACGGGGGCGGAAGTGCGGCCCAGGAGCGCGAGGTGAGCCTCGCGATTCCGGCCGCCCCGGGCGCCGAGCCGGAGGGGGCCGAGCTCGTAGCGACCGGCCCCGACGAGGAGGAGACGTTCGCCCTGCCGGACCGGGTCGGCGCCGCCGTGGCCACCTCGGAGGACGCGGTGAAAGCGGCGCTCTCGAAGGCCCACTCGATCGCTCGGGGCGGCTCGGCGCCGTCCGGGTTCGGCGTGACGAGGTCGTCGGTGAGCGTGACCAACACCACGGTCACGCACAAGCGCACCCCGACCCCCGTCTTCCGGGTCCGGGCGAAGCTGAAGAACACGATCACGTGGCAGGTCCGGACGGGGGCCGGGCCCGGCGGCGAGACTCACATCGGCTCGGCGCGGGACCCTGGGCTGACGGCGGCCGACTACGCCACGGCCGTCTCCGACCTCACGCCGGACATGAGCGACCTCAACGGCCGCCCCGGTCCCAGTTCTGGGCGCGCGACCTGACCCGGCGGCACGAGAAGTTCCACATGGGCGACCACAAGACGGAGGGGCGGCCGACACGGACGCCGTGTTCGAGGCGGCCGGTCTTGCGCTCACGCACCGCGCCGAGCCGGTGCGGGCAGAGGCGCAGCGGCAACTCACGGACGAGCTGGCGGAGCGGGCGCGCGCGGCAGTCCGCTAGGCGCCCGCGCTACGCCAGCCGGCCGGCGCGCAGCGAGCGCTCCAGCCAGACCCGCTTTTTGTCGAGCGCGACGATGCTGGCGTCGGCCTGCGCCTGCCCGCGGACCTGCCGCTTCCACGCCGCGTGGACCTCGCGGACCGAGACGTCGGCCGCGTACGACAGCTCCTTGGCGAGGTCGGCGCAGGCCTGACGAAGCTCGCGCTCGCGCGCGGCCACGTCGATGGCGACCGGGCGGGCCTGCTCCTTGGGCACCTCGCGGTGGAACTGGTCCGACGACCGGTAGCCCGGCATCTGGTCGAGCGACAGCGTCTGGCTGGTCCCCTGGCGGACCGACTTGAGCTCCCACACCGACGCCTCCGACGGCTCGACGGTCGCGCCCTCGCCGCCGCCCGTCCCGTTCTTCGACTTCTTCGTGCCCATCGTCTCCTCGGCCGCGATCCAGCGCAGCGTCTCGGCCACGCCCGAGTCCTCGGCGGCGTAGAGGTCGCAGGCATTCGCCGCCTCGGGCCAGTCGGGCACGTAGCGCATCCCGCGGAAGACCTGCTGCATCGTCTTGCCGACCGCGCGGACCAGGTCGGCCTTGACGAGCACGGAGATCGGCTTGATGTCGGTCCCCTCGCCGATCATGTCGACCTGGACCATCACGTCGAGGTCGCCGCCCCGGTAGGCGTCCAAGAGCTGCTGGCGCTCGGCGGCGGGCACGTCCTGGCCGATCCGGGCGGAGCGCACATCGGGGTGGCGGCGGCGCACGAAGTCGAGGATCGCGGCGGCGTGCGCGTTGCTCATCGCGATGACCAGCATCTGGTGGTCGCGGTAGCCGGCCCACCCGCCCGACCGTGCCATCTGCCGGGCGAGGGCGCCGCGCTTTTCGGCGAACCGCGTGAACGCCGGCCCGAGCAAGGTTTCGAGGTAGACCTCGTGGAAGCGGAGCTTGCGCCGCGCGAGGTACGCGTCGACGTCGCGGGACGCCTCGGGGTCGTCGCGGAGGTCGGTGAGCGAGACCTCGACCTCCTCGCCCGTGTCGGTCCGCACCATCCGGACGGCGTAGTCGACGACGTGCGCCTCGACGCGCTTCAGGATGCCGCCCTCGGCGTGCGCCTCGCGCATCCCGACCTCGTGGAGCGCGTCGTAGTACTCGAACCCCTCGGCGTCGGTCGTCGTCGGGACGCCGAAGAGCGACTTCGAGTCGCCCCTCATCGGG
NZ_CP177357.1_gap13	654038	655159	1121	CTCCTGGACAGGAGGGGTGCCGGTAGGCGGGGTGGTGGACCGGGTGGGGCGTCGGCGCTCGGTCGGTCCACCACCCCTGGCCCCTCCTGTCCAGGAGAGGGACTGGCGTCTTTGCGCGTCGTGCTTGCGCTGGCGCTCGCACTCGCCGCGTGTGTGCCCGCACCGCCGTCGTCCGAGCCGCCCAGCGCGAGCGTCGAGGCCGGGCTCGCGAGCGTCGGGTTCAACCTGGCCCACCTCGACTTTTTAGGCGAGGACGTCGTCGTCGACGGCGACACGCTCCGCTTGGTCCACATCTACGCCGAGGCGCCCGACTGGCGGTTCGTCGGCGACGACGACGAGGGGATCGCGTGCGTCGACGACGCGGCGCGAGCGGCGGTCGTGTACCTCCGCCATTTCGAGCGGACCGGCGACGAGCGCTCGCGCCAGCAGGCGGTCAAGCTGCTCCGGTTCGTCCGACGACTGCAGGCGCCCAGCGGGCTGTTCTACAACTTCGTCTGGGACCGCGCGCTCCGGATCAACACGACGCACCCTAACAGCGTCGCCGACGAGGTCTCGTGGTGGACGGCGCGGGCGGTGTGGGCGCTCGGCGAGGGCGCGCGCGTGCTGGGGGCGACCGACCCTGACGAGGCCGCCCTCGCCGTCGCCGCGCTCGACCGCGTTGCGCCCCACCTCGACCGGCTGCTGGCGCGGCACCCCGAGACGGTCGACGTGACCGGCGACGGCTCGCGCGTCTTCCCCGCGTGGCTCATTCAAGAAACCGCCGCCGACGCGACGAGCGAGCTGCTGCTCGGGCTGACCGCGCTCGCGGACACGGCCCCGACGCCGGCGCGAGCCCGCCGGGTGCGCCTGTTTGCCGACGGGCTCGCGGGCCTGCGCTTCGGCGACCTCGCGACCGCCCCGTACGGCGGGCACGCCTCGTGGAGCGGCGGCTGGCACGGGTGGGGCAACAGCCAGACGCAGGCGCTCGCGGAGGCGGCGCACCTGGGTCTCGCGGGGCCTGACGCGCTCGCGAGCGCCCGGGGCGAGGCCGAATCACTCTACGCGCACCTGCTCGTCGAGGGCTGGCTCCACCACCTCGACGACGAGACCGGCGAGGCCGTGCGGTTCGAGCAGATTGCCTA
NZ_CP177357.1_gap14	702012	705904	3892	GACCGTCCGCTACGACGGGTTGACCGTTGACGTGGGGGGGGCGGAGCGCCCTGCGGACCTGCGCGAGCGCGTCGCGGCCGTGCTCCGCCACCACGCCGAGGCCGTGCGCGATGAGGCGCCCGAGGTCCGCCGCGCCGTCGTCCGGCTGACGCTGGCGGGCCGGACCGCCGCGTACCGCTCCGTCGAGGCCGTCGCCGCCGAGCTGCTCGACGCAGGCGAGACCGCCGCCTCCGGGTTGGTCGTCGCCGTCGACCGCGTGGTCGACCGCGCGCGCCCTGCGCTCGACTTGGTGCGGCTGGCGGCCGGGAGCGGGCCCGTCGCGACGCTCGCCGGTCTGGCGCGGCGGCTCGAGTCCGGCACGCCGTCGGAGAGCGACCTGGGGCTGATCCGCCAGTCCGTCGAGGCGCTGCAGCAGGCGCGGCGCGCGCGCGTGTTCGATCCGCTCGCGCGCGACGGCCGGCTCGACGGCCCGCTCGAAACGGAGGCCGTCGCCCGGCTCCAGCGGCAGACGTATCGCTTGCTCGACGAGGCCCTCGCCCAGCGGCCCCACGACGCCATCGATGTGCCCGCCGCCGACGCCAGCGGGGACGGCGTGGCGTCGGGCGCCCCCCCCGCCGCTCCGTCCTCATGATCGCCCGCGCGTTCCGGTCCGCCCGGCAGGCCCCGCTCCCCGCCCAGGCGTGCTACGCGCTCGCCGCGCTCGCGGCCGGTGGGCTCCTCGTGATGGGTGCGGTAGTCGCTGTGGCGGTGAGCCCGCTCGAAGGGCTCGGCGTCCTCATCGCGTCGCCTCCGGCCCTCGCCGCCGCCGCCGCGTTGTGGGCGCTGGGTCGGATCTGCCAGGACGTGGCGGCGCTCGTCGCACGGGGCTCGGCCGACGCCAGCGACGACCTCGATCCGCCCGAATCCCCTCACCCCATCCCTCTCCCGCGGGAAGAGGGGACGCCTTAGACAGGCACTGCCTCGCTGACTGACCCACTGACGGACCGACCCACCGACCGCCCGGCTCCCATGGACCGCTTCGACCTGACCGCCCTGTCCGTCCGGACGTTCTACGGCCACCCGCAGCCCGGGCTGGCGGCGCCCGCGCTGGGGCCCGGCGTCAACGTGGTCTACGGGCCGAACGGGCAGGGCAAGACGACGATGGCGCGGGCCATCCACGGCGTGCTGTGGCCCGAGACCGTCGCGGCCGCGCGTCCGACCTATACGGCCGCGTTCACCTTCGGCGGCGACCCCTGGAGCGTCGACGTCGAGGGCGGCGTGGCGCGGTACCTCCGCGACGGCCAGCCCGCCGACCGGATCCCGCTCCCCGACAGCTCGTTCCGCGACCGCTACGCGTTCTCGCTCGGCGACCTGCTGGCGGCCGACGGCGACGCCTTCGCGGATGTGATCCGCCGCGACGCCGCCGGGGGCGTCGACCTCGACGCGGCGCGCGAGGCGCTCGGCTTCCGCGCCGCGCCGATGCAGCGGCTCAAGCTGACCGGCGAGGCCGAGGAGGCCGCGCGCGCCGTCCAGCGCCGCCGCCAGGCGCTCGACGGCTTGCGTGCGCGTGAGGACCGCCTCGGCGAACTGGCCGACCGCGCGACTGACGCCGCGGACGCCGCCGAGCTCGCCGACCTCTACCGCCAGCTCGACGAGGCCGCCGCCCGGACCGAGGCCGCCCAGGCCGCCGACCGCGTCGTGGGCTCGTTCGACCCGGCGCTGGCGGCCGTCCAAGAGGACACACTCGATCGATACCACGCGCTCGGCGCGGCCGTCCGCAAGGCGGAGGCCCGGCGCCAGGAGGTCGAGGAGGACCGGGCCGAGGCGCGCGCGGCGCTCGCCGAGCACGGCTGGGACGCGGTCGAGGTGCCCGAGCCGGCCGAGCTGCGCGCCCGGGCCGCCGAGGCCGACGCCGCCGCGCGGGTGCTGGAGACGGCCGAGGGCGCCCGCGCGACGGCCGCCGAGCGCGAGCGCCGGGCGCGCGAGACGCTGGGCGGCCACATCGAGACGGCCCCAACTGTCGACGTGACGGCGCTGGGCGACATCGCGGCGTTCGCCCAGAAGGCGGGCAAGCTGCGGAGCCGGGTCGACGAGTACCAGGCCCGGAAGTCGGCCGCCAAGGCACGCCTCAACGCGGTCCGCTTCCACGACGCCGACGAGCTCCGCCGCGCGGCCGACCTCTTGCGCCGGTGGCTCGCGCACACCACCGAGGCCGAGGCGCGGCCGCCCGGCCTCGCGCCGACCCCGATCTGGATCGCCGCCGGCGTCGTGGCCGTCGCCGCTGTCGCGCTCGCCCTCCTGCTGACGCCGTCGGCGTGGTGGCTGCTGGGCGCCGCGCTCGCGCTCGCCGTCGTCGCCGTCGTGCTGGGCCGCGCCGTCGACCCGCCCGAGAGCCCGGCCGTCGCCGCGCGCGACGCGTTCGGCGCGCTGCCCGTCGCGGCCCCGGCCGAGTGGTCGATCCCGGTCGTCCAGAAGCTGCTGGACACGATCGAGCGCCAGGCCGTCGACCAGAAGGAGCGGGCGATGTGGCAGGACGCCGTCGACGAACTCGACCGGGCGCTCTTGCTGCTCGAGGACGAGAGCCGCCGCCTGGAGGCCGAGGCCGCCGCGATCGGGGCCGAGCTCGGCATCGGGACGCCCGACACGCCGGAGGCGCTCCACCTGTTGACGCGGTCCGTGCTCGCGTGGCAGGAGGCCGCCCGCGACCTCGGCGTCGCGGACGCCGCCCGCGACGCCGCGCGTGGCGCACTCGCGACGGCGCTCGACCTGTTCAACCACGCCCTCGACGGCGTCCCCGTCGAGCCCGCCGTCGACGCGGCTGGGGCGGCCGGCGCCGTCGCTCGGGTCGAGCGCGAGACGGCCGAGCGCGACCGCCTGCGCGCAAACGCGGCCCGCCTCGACGACGCGGCCGGCGCCGCCGACGCCGCCCTCGACGAGGCGACCGCCGAGCGCGACGCGTTCCTGTCCGGGCTCGGGCTGGCGGAGCCCGCCGCCGAGGGCGTCGCGTCGTTGTGCGCGGCCCGGCCCGCGTATCGCGCCGCGCTCGACGAGGCCGCGCGCGCGCACGCGCTCGCCGACGAGGCGGCGACGCGCGCCCACTCGCACGCCCGGTGCACGCCCGAGGCGGCGGCCCTCGGCCGTGCGGCGCTGGCGGAAATGCTGGCCTCGGCGCAAGCCCGCGCCGCCCGGCGCGACGAGTGGATCGAAGAGAAGACCCAAATCCAAACCCTCGTCGCCCAGGCCCGGACGGCCGACGAACTGGGCGCGGCCCACGCCGAGCACGCCCGCGCGCTCGACGCGCTCGAGCGGACGTATGAGGAGCAGGCCGACGCGCTCGTGGGCCACGCCCTCGCCGACCACGTCGCCGCCGAGACGCGCGACCAGCACCTGCCGCAGGTGTTCAAGCGCGCCCGCGAGGTCCTCGCCGACATCACCGACGACCGGTTCCGGCTCGACTTCGACGCCGCGTCGACGGCCTTCCGCGCCTTCGACGCCCGCAAGGGCCGCGCGTTCGGGCTCGACGAGCTGTCGTCGGGGACCCGCCTTCAGTTGCTCCTCGCGGTGCGCCTCGCGTTCGCCGAGCAGCAGGAGGTCGGCGTGCGGCTGCCGCTCCTGCTCGACGAGGCGCTCGCGAACTCCGACGACGACCGCGCCGGGGCGATCGTCGAGGCCGTGCTGCGGCTGTGCCGCCAGGGCCGGCAGGTCTTCTACTTCACGGCGCAAGCCGAAGAGGTCGCCAAGTGGCGCCGGCTGGCGGCCGACCATTCGGACGTCGAGTGCCGCTTTCTGGCGCTCCCCGACACGTCGGCGCTCGTCGCCGTCGACCTCGACGCGACGCCCGCCCCGGCGGCGTCGCGCCCCGTGCCCGACCCGGACGGCGCCACGCACGCCGACTACGCCGACGCCGTGGGCG
NZ_CP177357.1_gap15	710621	713717	3096	CGGACGGTGCAGGCGATGGTCGGCCGGAGCGTCGTGCTGCGCGGGCTCGTCGCCAGCGGGGCGCTTGCGATCGTCGGCGCGATGCACGACGTGGCCACGGGCGCGGTGACCTTCTACGAGGACGCGATGCTGACGGCAGAGACGCTGGTGGGCTGACCCGAGCGCGCGTGCGAGGGGAGGGCGGCTCGCACGCGCTTCACGGCACACAGGCGCCGGTCGGGCGTAGGCCCGGCCCCCTCCGCACGCCGATGCCGACCGACACTGCCCGCGCCGCCGCGACCGCCGCCGACTTGCCCGCCGACCTCGACGCCCGCCTGGGCGAGCCCGGCGCGTTCCCGTTCACGCGCGGCGTCTACCCCGAGATGTACCGGACGCGGCTGTGGACGATGCGCCAGTACGCCGGCTTCTCGACGGCCGAGGCCTCGAACGAGCGGTACCACGCCCTGCTTGCGGCCGGCGCGCGCGGCCTCAGCGTCGCCTTCGACCTGCCGACCCAGATCGGCTACGACCCCGATGATCCTATTGCCGAGGGCGAGGTCGGCAAGGTGGGCGTGAGCATCGCGTCGATCGAGGACATGCGACGCTTGTTCGACGGGATCGAACTCGACAAGGTCACGACCTCGATGACCATCAACGCGACCGCGCCGATCCTGCTCGCGCTTTACGTGGCCGTCGCCAAGGAGCAGGGGGCGGACCCGAAAAAGCTCGGGGGCACGATCCAGAACGACATCCTGAAGGAGTACGCCGCGCGGGGGACCTACATCTACCCGCCGCGCCCGTCGATGCGGTTTATCACCGACACGTTCGCGTGGTGCGCCGAGCACACGCCGCGCTGGAATACGATCTCGATCTCGGGCTACCACATTCGCGAGGCCGGCGCGACGGCCGTCGAGGAGCTCGCGTTCACGCTCGCCGACGGCATCGCCTACGTCCAGGCCGCGCTCGACGCGGGGCTCGAGGTGAACTCGTTCGGCAAGCGCCTGAGCTTCTTCTTCAACGCCCACAACGACTTTTTCGAGGAGGTCGCCAAGTTCCGCGCGGCCCGGCGGATGTGGGCCACCATCATGCGCGACCGCTTCGGGGCGACCGACCCCAAGGCCCAGATGCTGCGCTTCCACACGCAGACGGCCGGCTCGACGCTCGCGGCCCAGCAGCCGCTCGTCAACGTGCCCCGCGTGACCCTGCAGGCGCTCGCGGCGGTCTTAGGCGGGACCCAGTCGCTGCACACGAACGGCTACGACGAGGCGCTCGCGCTCCCGTCCGAGCAGGCGGCCACGCTCGCGCTGCGGACCCAGCAGGTCGTCGGCTACGAGTCCGGCGTGACGGACGCCGTCGACCCGCTCGCGGGCTCGTACCACGTCGAGCGGCTGACGGCCGAGATCGAGGCGGCGGCGACCCGGTTGATCGAGGAGGTCGACGCGCTCGGCGGGGCGGTCGCGGCCATCGAGGAGGGCTTTTTCCAGGACCGCATCGCGCGCTCGGCGTACCAAGCGCAGCAGGCCATCGAGTCGGGCGAGGCCGTGGTCGTCGGCGTCAACCGCTTCCAGAGCGACGGGGACGAGGCGGAGATCGACTTGCTCCGCGTGCCGGACTCGGTCCGCCAGGAGCAGGTGGCCCGGATCCAGGCCTTGCGCGAGCGCCGCGACGCGGGCGCGTGGGCGTCGGCGATGGACGGCGTCGAGCGGGCGGCGCGGGGCGACGAGAACGTGGTGCCCCACGTGCTGGCGGCCGTCGAGGCGCAGGCGACGGTCGGCGAGATCGCTGGGCGCCTGCGCGAGGTCTGGGGCGAGTTCGAGGGCTGACCGTCCCGGGCGTCAGGCCCCACCGCGAGGAGGGCCGAGGGCGTCGGCGAGCGCGCGCCGGAGCCGCGCGTTCCGCGTCGTCCGCGACGTGGCCGCGCGCGCGTAGACCACGAGCACGCCTCGGGCGAACACCTCCTGCCCCACGCGCGGCCGGATCTCGGCGCGGAGGCGGGTCAGCCCGCCCGCCGCCTCCGCCTCGGTGTCGAACTCGAAGACCTCGAGCACGGCGGGGCTCGCGTCGCCGATCACGCGGTACGTCGCGGCGGTCACGAGCGGGATCGTCGACGTGGTCAGCCCGGCGGGCTCGACGAGGAAGCCCTGGTCGGCGAGGTAGCCGAGGAGGGCCTCGGTGCCGTCGAGGTCGACGGGGTCGGCGACCGGGCTGGACGTGGCGCAGCCGGCCAGCAGGACGGCGAGAGCGAAGAGGCGCATGGGTCGGGGAAGCGACGTGGATGACAGCCGCGGCATCTATGCGCAAAGCAACGCGCGCACCGAGATCGGCGCCACCCCCGTTTCGGTCAGAGTCCGACCGCCAGCGCCAGACCGGTCGGCGTCGGCCGGAGTCGGGCGCGGCGGGCGTGGGCGCCTGCCGAGACGAGGTCGAACGCCGTCCCGCCGAGGGAGATCAGGGCGCCGTTGGCAAGCAGGACGATGGCGACCGTCCGGTCCTCGGTGATCACGTACCCCGCGGTCGCGCTGGCCACCCCGACCGCGCCGCCGAGCAGCCGGAGCCCGATGCCGAGCAGCGCCCCCCGCGCGTTGCCCACCGCCACGTTCCCCGCCGACGGGCCGAGGACCACCCCTGCCCCGACCAGCGCGGCCGTCCGGGCATCGGTCCCCTCCGGCTCGGTCGACTGCAGGGCCCCGCCGATCAGCGCCCCGGTCACGCCGATCGAGATCAGCACGGCACCGGTCGGGGACACCGTGGCCCGCCGTGACGGCGCGAACTCCCCCACCGAATGCAAGCGGGCACCGGCGTCCCCCACGTCGACGCCCTCGGGCGACCGGATCGCGGTCGGCTGCGCGGACGCGGAACCCGTCGCCAGCAGAAGGCCGAGCACGGCGAGGGGTGAGAGGAGCACGGGTGGGGGAGAGGGAAAGGGGCGCGAGCGGCGGCTTAGAGCCCGACGCGGACCGCCAGCCCGGCGCCTGCCGGGGCCACCTCGACGCGGCGGCGTGTCGACGGCCGGGCGGCCGTGACGAGGTCGTAGCCGGTCCCGGCGACGAACGCCGCTCCCCCGGCGATCGCGAGCCCCGTGCTCAGCGCGTCCCCGCCGTTGTCGCTGAAGGCCCG
NZ_CP177357.1_gap16	764233	767415	3182	ACCTGCTCGGTCGAGGCGTCGTGCTGGACGGAGATGGCCTTGATGACGGGCACGTCGACGGCCGCGCAGACCTCAGGCGGCTCGTGGCCGTGGAGCTGGGCGAGCGTGAACCCGACGCGCGCACAGACCTCGTTGACCGCCTCCGCACTTTCGTTGACGAACACGCCGACCGGCTCCGGCCCGCGCACCCAGCCGATGATCTCCTGGGCGACGTCGGGCTTGACGTAGCGCGGGCTCTCGGGGTGCTGGATAAAGCCGAGGAAGTCGGCCCCGGCGACCGCCGCCGTCCGGGCGTCGTGGAGCTGGGTGATGCCGCAGATTTTGACTTTGGTCATGGGATCGGAACGCGTGGAGCGTGGGCCCGTGTGGGAAGGCACGTGGCTCGCGCGCTAGGCCTCGGCGGGGCGGGGGGTAGGCTGCTGGGCGATCAGGACGGCGGTCTCCCGGCGCAGGGCCGCGAGCGCTCGGCCGGGGTCGGGCTGGCGCATGAAGTGGGTGCCGACGAGGAACGCGTCGGCGCCGGCGGCGCGCAGGCGAGCCGCGTCGGCGGGCGTCCGGATCCCGCTCTCGGCGACGCGGACGATCCGGTCGGGGAGGTCGGCGAACACGCGCTCGGCGCGGCCGAGGTCGACGTCGAACGTCCGAAGGTCGCGGCTGTTGACGCCCAGCACGTCGACGGCGTCGAGGTCGAGCGCGTCCACCTCGGCCGGGTCGTGGACCTCGACGAGCACGCCCAGGCCGAGCTCACCGGCTTGCGCCAGCAGGTCGGCGAGCTCGGCCGGGTCGAGCGCAGCGGCGATCAGCAGCACGGCGTCCGCCCCGTAGGCGCGCGCCTCGATCAGCTGGTAGCCGTCGACAACGAAGTCCTTCCGCAGGACCGGCAGATCGACCGACTGGCGGACCGTCACCAGGTCGTCGAGCGAGCCGCCAAAGTGCGCCGGCTCGGTCAGGATCGAGATGGCGGCGGCGGCGGCGTTCTTGTAGCTCCGCGCGATCTCGGCCGGGTGGTACTCGGCGCGGATGGTCCCCTCGGAGGGGCTGGCGCGCTTGCACTCGGCGATAAAGGCGGGGCCGTCGGGGCGGCGGAGCGCGCGCGCGAGCGACAGCGTCGGCGCGTGGAACGCCGGGCGCCGCTCAAGGGCGGCGGCCGGGACGAGCGTCTTGCGGTCGGCGACGAGCGCGCGCGTGTCGGCCAGGATGGCGTCGAGGATGGTCGCCATCAGACCGTGGCGAGGTCGCTGGACACGGCGACGAGCGCGTCCAGCTTGGCGAGGGCAGCCCCGGAGCCGATGCTCTCGCGCGCGGCCTCGAGGCAGTCGTCGAGGTCGCCAAAGTCGGCCGACGCGAGCAAGGCGTAGGCGGCGTTCAAGAGCACGATGTCGGCCTGGGGGCCGCCCGTCCCGGACAGCACGCCGCGTACGATCTCGGCGTTCTCCTCGGGCGTCCCACCCTGGAGCGCGGCCGCGGAGACGCGCGCCAGCCCGAACCGCTCGGGCACGACCTCCTGCTCCAAGAGCCCGCCGTCGTAGGCGTGGCTCCCGGTCTGGTAGATCGTCGTCGGGCTCGTGGTCGAGAGCTCGTCGAGCCCGTCGTGCGCGTAGACGACCACGACGTGCTCGCTGCCGAGCCGCATCAGGATCCGCGCCATCTGCTTGGCGACGGGGTCCGAAAACGCGCCGACGAGCTGGCGCTTGACGCTGGCCGGGTTGCACAGCGGGCCCAGGATGTTGAAGAAGGTCCGGACCCCGAGCGCGCGGCGGACGGGGCCAACATGCTTCAGCGCGGGGTGGAACTGGGGCGCGAACAGGAACGCGATCCCGGCCTCGCGCAAGCACTGACCGGCGGCCTCGGCGTCGAGGTCGGCGCGGACGCCGAGCGCGGACAACACGTCGGCCGAGCCGCTCGACGACGAGACGCCCTTGTTGCCGTGCTTGGCGACGGGCACGCCCGCGCCGGCGGCCACGAAGCTGGCGGCCGTCGAGATGTTGAACGAGCCCGAGTGGTCGCCGCCGGTCCCGCACAGGTCGATCGGGTCGAGGTCGCCCGTCTCGACCGGGATGGCGAACGCGCGCATGACGCGCGTAAAGCCGGTGAGCTCGTCGAGCGTCTCGCCGCGCGAGCGGAGCCCCATCAGCAGCCCGGCCACCTGCGCCGGGTCGGCGTCGCCCGAGAGCATGACGTGCATCGCGGAGGCGGCCTGCGCCTCGGTCAGCGTCTCGCCCTCGGCGACGGCTTGAAGGATCGGTTTGAGCGTGGTCATGAGGGGGCGGTGGTGGGGTACTCGGTACGGGGTACGAGGTACGGGTCGTAGGGCTCGCGCGTGGTATCGGCGTGCGCCCGGTTGTGACGAGCCAGGGCGACGGTTGCCCGCGAGATGCGGGTTGCGAGCGCGTAGAGGTCGTCGAAGGTGTCCTGCTCGATGGAGCCGAGGTCGAGTGGCGCGTAGAGTTGGGAGCGGACCTCCCCGGCAGATCCCCGTGCGATCAGGAGGATGCGGGCGAAGTCTTGTGGCGAGCGACGCTCGAACCCCTCCGCGATGTTCGAGGTGATCGGCACGGACGCCCGCTGAATCTGGTCGCGGAGCCCGAAGTCGCGCGCGAACGAGCTCCCCCGTGTCGCTTCGTAGACGCGACGGGTCAGCTCGCGGCCGAGCTGCCAGGCGTCGATGTCCTCGAATCGGCGGATCGCGCTCATCCTTCTGTACCCCGTACCTCGTACCCCGTACCCCGCGCTGCAAGCGCGGAGCGCACCCAGTTGCGGACGAGCCGCGGCCCCTCCGTCGTCAGGATCGACTCGGGATGGAACTGGACGCCCTCGATGGGGAATGAGCGGTGGCGCAGGCCCATCACGACGCCGTCAGCGGTCTCAGCGGACACCTCGAGGACGTCGGGCAGGCTGGCGCGGTCGAGCACGAGCGAGTGGTAGCGGGTGGCGACGAAGTCTTGCTCGACGCCGTCGAAGACGGTCCGGCCGTCGTGGTGGACGCGCGAGGTCTTGCCGTGCATCAGCGTCGGCGCGTGGACGACGCGGCCACCGAAGACCTCGCCAATCGCCTGGTGGCCGAGGCACACGCCCAGGATCGGGGTCGCCTCGCCGAACCGCTCGATGACGGCCTCGCTGACGCCCGCCGCGTCCGGCCGCCCGGGCCCGGGCGAGATCAGCACGCCCGCCGGCGCCAGCGC
NZ_CP177357.1_gap17	813901	815118	1217	CTCAGCTCGGGCCGCCTGACGGTCAACCTGCTGACGACCTCGACCCAGTCGCTCCAGCTCATCGGCATCGGCGGCGTCGACTTCTACGCGCTCGACCAGGTCAACCTGTTCCCGGTCGAGCTCCAGTTCGAGGACGACGACGGCCTGCCGGGCACGTCGGTGCTGGGCCGGACGACGAACCTCAACACGAACATCCAGGCGCTCGCGGTCCACGGGTTCGCGCCCGAAGGGCAGGACTTCTCGTTCACGACCCAGGTCGGGCTGACGGCCTTCGACCAGGACTTCAACAACGTGTCGAGCGTGGCGCAGGGGCTGATCCCGAACCAGCAGAACCTCGACCAGGCCGCGTCGCTGCAGACGAACCAGGGCCGCCTGTTCCAGAACGACCGGGCCGTCTTCGCCCAGGAGGAGGTCAACTGGCGCAACGCCGTCGTGGGCACGATCGGCGTCCGCGCCGAGAAGTCGTCGGCGAACGGCGACGTGGACCAGCTCTACGCCTACCCTAAGGCCGGGCTCTCGGTCAACCTCAACAACCTCGGCCTCTTCCAGAACTCGATCGTCGACCTGCTCAAGCTGCGCGCGGCGTTCGGCCAAACCGGCAACACGGCGCCGTTCGGCTCCAAGTTCACGACGTTCGGGACGCTGGCGGTCGGCGGCAACATCGGCCTCAACATCGGCGGCCAGCGCGGGCTGGCCGACGTGGCGCCGGAGCGCGCGAGCGAGATCGAGGGCGGCTTCGACCTGACGTTGCTCGGCGGCCGCGTCAACCTCGAGGCCACGGCCTACTCCAAGACGGTCAACGACCTCTTGCTGACGCGCCAGGTCCCGCTGTCGTCCGGCTTCGCCGTCGAGACGTTCAACGGCGGGCAGCTCCAGAACAACGGCGTCGAGCTCGGCCTGAGCCTGATCCCGGTCGACGGCCCGATGGTCCGCTGGATCTCGCGGACGAGCTTCTGGCTCAACGACGCCGAGGTCACGCAGCTCGACGTGCCAGCCTTCCAGGCGGCCGGCGGCGGGTTCGGGACGACGCTGGGCTCGATCCGCATCGAGGAGGGCAAGAGCCCGACCCAGATCGTCGGCATCGACGACGGGGCCGTGGTCGCGCTCGGCGACGCCTCGCCGGACTTCCAGATGTCGTTCTTCAACGACGTCACGATCGCCCGGCGCCTGCGCGCGACGGCCTTCCTCCACTGGAAGCAGGGCGGCGACATCATCAA
NZ_CP177357.1_gap18	819085	820069	984	GCGGGCGAGTCGACGTTCCTGGTCGAGATGAATGAGACGGCCAACATCCTGAACAACGCGACCGAACGGAGCCTCATCCTGCTCGACGAAGTCGGCCGCGGCACGAGCACGTTCGACGGGCTGTCGCTGGCGTGGGCGATTGTCGAGCACCTGCACGAGACGCCGGCGTGCGCGGCGCGGACGCTCTTTGCGACGCACTACCACGAGCTCGACGCGCTCTCGGAGCGGCTCGACCGGGTCGCCAGCTACAGCGTCCGCGTCCGCGAGCACGAGGGCCGCGTGGTGTTTTTGCGAACGCTGGTGCCGGGCGGCGCCGACCACAGCTACGGCATCGAGGTGGCCCGGATGGCCGGCCTGCCGACGTCAGTCGTCGACCGCGCCAAGTCGGTCCTGCGGCACCTCGAAGCGCACGACGTGGCGGCCGAAGTGGGCGTCGGCGGGGCGCCCTCCGGCGACGGGCTGCCCGGCGCGAACCGGCCGTCCGTCGGCGCCCTCCCGGCGCCGTCGGCGGTGCCCGTGGCGCTCGCGGCGCCCGACCCCATCGCAACCGAGATCCTCGACCACCTCGCCGCGCTGGAGCCGGACCGGATGACGCCCATCGAGGCGCTCATGGCCCTCGCCGACCTGAAGAAAACGGCCGAGCGATAAGCGACGCGCGCGGCGGCTGGAGCTGGCCCGACTGGTGCGCGGGATCCCGCTTCGGGCGCTATCGGCCCTGCGCGGCCATCGGGAAGCGCCTGTTCTGACGGCAGGGTGTGGCGCTCACTTCACAATAGGGGCCACTAAACGGGCGATTCCGGAGCGGAATGGGCGTCGTGCCCCGAATGTGTGAACACCGTGTGGAGAGCTTGTGATTGTGCGCGGTCCAGATCGGGGTATGTTGTGAGCGCTCCCGTCGGGAGCCCGGCAGTCGCCGCATATCGCTCGCGTCGCCCGCCGGTTGGTTCACCCCACACCCCTATCACAATGCGCGCATTCATTCTG
NZ_CP177357.1_gap19	987732	992479	4747	GCTCGATGCCGCGCTCGCCCGCTCGCCCGGCGACGCCGACGCGCTCGTGGCGCGCGGTCTGTGCCACTGGGCCGCCTGGGCCGAGGACGAGGACACGGACGCCGCCGCCCGCGCCTACGACGACCTCACGGCCGCCATCGCCGCCATCGAGGCCGGCGCCGACGCGCAGACCCCGCTCGACGTGGTGTACAGCCACCGCGCGTTCGTGGCCCACGCCCTCGACGGCGCCTGGGTCCGCACGCTCGAAGACCTCGACCGCGCCGCCGCGCTCGACCCCGACGAGCCGCGCCACGCGCTCGACCGGGGCGTCGTCCGCTCGTACGCCGGTGACACGGCGCTCGCGCGCGCCGCCCTGCGCGAGTACCTCGCCCTGGCCGACTCCGCCGGCATCGCCGCCAGCGACGCCCGCCGCGACGTGGTGGAGGCGCTGCTCAACGACCTGGCGCCAGCCGGCGCGAAGGAGGAGTAGGCGGAACCTGCTGGCGGTCGAGTCGGAGGAGAGTCTCCTCCCAGCGGGCTGGCGGGAGTAGGTACCGCTCGCAGACCCCACCCGCCGTCATTCCCGCCTTTGTGGGAATGACGGCATTTGTACGATTCTGGCCGACACCTGCCCTTTCAGTGTGGGAGAGGGGACGCACTTGGAGGCTAGCGCCGTCTCCAATCAGTCACTTGGGATACGGGGTGTCGAGCTCCCGGCCCACGAAGGTGGCCGGCGCACCGTCCCGAGAACGTGACGGCGCCGCCGTAGGGAGCGGCCCTATCTTCGACGCCCTCACACGCCCACGCCCGACGCCGCCCCATGGAGCTCCTCTCCGTCGTTATCGACGCCATCAACAACGTGCTCCGGTACCCGCTGGTTATCGGGCTGCTCGGGACCGGCCTGTTCCTGACCATCAAGCTCGGGTTCGTCCAGTTCCGCCGCTTGGGCCACGGGTTCGCCGTCGCCACGGGCCGCTACGACGACCCCGACGAGCCCGGCGACGTGAGCCACTTCCAGGCGCTCACGACGGCCCTGAGCGCGACGGTCGGTGTCGGCAACATCGCTGGCGTCGCCCTCGCGATCCACATCGGCGGGCCCGGCGCGCTGTTCTGGATGTGGGTGACGGCCCTGCTCGGCATGGCCACCAAGTACTCCGAGGTCACGCTCGCCCAGCAGTTCCGCGACGTCCACGTCGACCAGGACGGGAAGGCCTGGGAGGGCTCCGTCTCCGGCGGCCCGATGTACTACATCGAGCGCGGGCTGGGCAAAAACTGGAAGCCCGTCGCCATGTTCTTCGCGTTCGCGCTGATGCTCACGTCGTTCATGACGGGCAACGCGGTGCAGGCCAACACGGTCGCCACCCAGGTCTTCGACTCGTTCGGCACGCCCGTCTGGATCACCGGCCTCATCACGGCCAGCATCGTCGGCGTCGTGATCCTGGGCGGGATCCAGCGCATCGGCAAGGTGACCTCGATCGTCGCCCCGATCATGGCGGCCATCTACGTGGCCGGCGCCCTCCTCATCCTGGTCCTCAACGTCGGCGACATCCCGGCCGCCTTCGGCCGCATCTTCGGCGAGGCCTTCAACCCCACCTCCGGCGTCGCCGGGACGGGCGCGGGCGTCTTCCTGCTGACGATGCTCTACGGCGTCCAGCGCGGGCTCTTCTCGAACGAGGCCGGCCAGGGGTCGGCCCCGATCGCGCACTCGGCCGCCAAGACCGACGAGCCCGTCTCCGAGGGTGCCGTGGCGCTCCTCGAGCCGTTTATCGACACCATCATCATCTGCACGATGACGGGCCTCGTCCTCATCACGACGGGCGCCTTCGAGGCGACGGCGCCGGCCTCGTTCGACCTCACGAATAGCAACATCTCGGTCGTCGAGGGCGACCGCGAGGTCGGCTACTCGACGGTCCTGGGCGCCGAGCCGCTCGCCTACAACGAGGGCGTCCCGGCGACCGCCGACGGCCCGCGCATCGGCCGGTTCAGCGTCGGCATCGACACGCTGTTCGTCGACGAGGCCCAGACGGTCCCGTTCACGGGCACGATTGACGCCGACACGCGCGCGGCGCTCGACGCCGACGGCAACGTCCTGCAGACGTTCTACGGCAACACCGTCCGCACCTCGGCGCCCCTTACCACGCTCGCGTTCGAGCGCGGGCTCGCGCCGATCGGGTGGGGCGGGCTCGGCCGCTACATCGTGCTGCTCTCGGTCGTCCTGTTCGCCATCTCGACGTCGATCTCGTGGAGCTACTACGGCGACCGCTGCGCGAACTACCTCTTCGGCACGAAGGCCATCCTGCCCTACAAGGCCGTCTTTGTGGTGATGCACTTTGTCGGCGCCGTCCTCGCGGTGACGACGATCTGGGACCTCGGCGACGTGGCGCTCTCGCTCGTGACGCTCCCCAACGTGCTCGCGCTGCTCCTGCTCTCGGGCACGCTCAAGAAGCTGACCGACAGCTACTTCGAGCGCAAGCCGTGGGTCGAGAACGAGGAGGCCCACAAAAAGGCCAAGGCCGAAGGCCGCCTCTGAGGGAGGAGGAACGGGTGACGGGCGATGAGCCCGTCGCCCGCCTGTCCCCCATCACTCCGACCCCATCCCCGCCTTGCTCACCGTCGTCGACCACCCGCTCCTCCGCCGGGCCCTCTCCACGCTCCGCACCGCGTCGACGCCGTACGGCGACTTCCGGCGGACGCTCACCGACGTGTCGTCCATCCTGGCCTACGAGGCCCTGCGGACGCTGCCCGTCGAGGAGACCCGGATCCAGACCCCGCTCGAGGAGACGGCCGGCTACCGGCTGGCCCGCGAGGTCGTGGTGATCCCCGTGCTCCGCGCCGGGCTCGGGCTCGTCGACGGGTTCGTCCGCTACGTGCCGGAGGCCCGCGTCGGCCACCTCGGGATGTACCGCGACGAGCAGAGCCACGAGCCGGTCGACTACTACTCGAACGTGCCGCCCCAGGTGCGGGACGCCCGCGTGTTCGTGGTCGACCCCATGCTGGCGACGGGCGGGAGCGCCTCGGGCGCCATCAACCACCTCAAGAGCCGGGGCGCGCGGGACATCACGTTCGTGTGCCTGGTGGCCGCGCCCGAGGGCGTGGCCCGGCTGGAGGAGTACCACCCCGACGTCCAGATCGTCACGGCCGCCCTGGACCGCGAACTGGACGAGAACGCGTTCATCCGGCCCGGCCTCGGGGACGCCGGCGACCGCATCTTTGGGACGGAATGACGCTCGCACCGTGTAGGGGACTGGGGACTGGAAACGGCGGATGGTGGGCGCGCTCCCGATCCGTGTGTGCTCGGCTCGCGCTCGCCGTCTTGCTGGCGATCGGCGCCGGCGGCGTGCAGGCGCAGGACACGGTCGCCGAGCCGAACGCGTCCGCCGCGACGACGCTCGCGCAAGACGTCGGGGCGCCCCAGCCCGACTCGTCGGCCGCCGACGCGCCCGTCCTGCTCGACGCGCCCGCCGACGCGTACGGGGAGCCGTCGGTCGTGGAGGCCGCGCCGGCGGAGGACGCCCCGCCCGACGTCGGCTGGCTCTCGATCTTGCCCGCCCTCCTCGCGATCGCGGCGGCGCTCGTCTTCCGCCAGGTCATCGTGGCGCTGTTCCTGGGCGTCTGGCTGGGCGCCTGGATCGTCACCGGCGACCCCTTGATGGGCTGGGCGACCGGCCTGTTCGCCACCATCCAGACCTACATCCTGGCGGCGCTCGCCGACGACGACCACGCGGCCATCATCCTGTTCTCGATGATGATCGGCGGGACGGTCGGGCTCATCCAGAAAAACGGCGGGACGGCGGCGATTGTCGACACCGTCACCAAGTGGGCCCGGACGGCCGGGCGCGGCCAGTTCGCCACGGCCCTGCTCGGCGTGCTCGTCTTTTTCGACGACTACGCCAACACCCTGATCGTCGGCGGAACCATGCGGCCCATCACCGACCGCTTGCGCATCAGCCGGGAGAAGCTGGCGTACCTCGTCGACTCGACGGCAGCGCCCGTCGCCTGCCTTGCCTTTGTGACGACCTGGATCGGCTACGAGGTCGGGCTCATCGGCGACGCCGTCGACAAGCTGCCGGGCTACAACGAGGCGGCGTACTCGGTCTTCCTCGGGTCCATCCCATACTCGTTCTACCCCATCCTGGCCCTCTTCTTCGTGTTCACGATCGCGCTCACCAAGCGCGACTTCGGGCCGATGCTCAAGGCCGAGCGCCGCGCCCGCCAGACCGGCCAGCTGTTCCGCCCGGGCTCGTCGGCCGAGGCCGCCGAGGCCGAGAACGAGCTGCTGGAGCCACCCCCGGAGGCCCCCAAGCGGCTGATCAATGCGCTCCTGCCCATCGCCGTGCTCGTGGTCGGCGTCCTCGTCGGGCTGTGGATCACCGGGCGCGCGGCGGTCCTGGAGGGCGGCGGCGAGATGACCATCAAGAACGTGATCGGCGAGGCCAACTCGTACACGGCCATGATGTGGGCGTCGCTGGCGTCGGTCGTCGTGGCCGTCGCGCTGTCCGTCGGGCAGGGGATCTTGTCGCTGGAGCAGGCCATGGAGGCGTGGTTCGCGGGGATGCGCTCGATGCTGCTGGCGATCATCATCCTGATCCTGGCGTGGTCGCTCTCGAACGTCAACGACGCGCTCGGCACCTCGCAGTGGCTCATCGACCGGCTGTCGGGCACGCTGTCGCCCGGCATCGTCCCGGCGCTGGTGTTCCTGCTGGCCGCCGCGACCGCCTTCGCGACGGGCTCGTCGTGGGGCACGATGGGGATCCTGATGCCGCTCGTC
NZ_CP177357.1_gap20	1003556	1004680	1124	TCGTCATCCCGTTCGCCCTCCTGCTGGGGATGATCGCGACCGGCCCGCTGTTCTACCCGCACTTCTGGCACCACCACTACCCCAAGGTGGCCGGCGGGCTCGGCATCCTGGTGGCTGTGTACTACCTCGCCGTTTTGAACAACGGGACGCCCATCCTGCACGCGGCCGAGGAGTACTTCGCCTTTATCGCGCTCCTGGGTTCGCTGTACGTCGCCTCGGGCTGCATTCTGATCAAGACGGACTACGCCGGGACGCCCAAGGCGAACGTGATCCTGCTCTTGGTCGGGGCCGTGCTGAGCAACTTTATCGGCACCACGGGCGCCTCGATGCTCCTGATCCGCCCCTTTATGCGGCTCAACGCCGGGCGGCTAAAGGCGTACCACATCATGTTCTTCATCTTCATCGTCTCGAACGTCGGCGGGGCGCTGACGCCGATCGGTGACCCGCCCCTCTTCCTGGGCTTCTTGCGCGGCGTCCCGTTCTTCTGGACGGTCGTCCACATCTGGTACATCTGGCTGCCGACGGTCCTGCTGCTGGCGGTCGTGTTCTACGTGATCGACAGCCGCAACAAGGACGTCAGCCTGCGCGGCGCGGCCGAGGCCAGGGGAGCGGACGTGGTCCCCGGCGACCTGCCCGGCGTCGACGCCGTCCCGGAGGCCCCGGGCGTGCAGGACGTCGACGACATCCACGCCGACGAGGCGACCATCGACCTGACCCAAGGTGGGGCCAACCCCAAGCAGCTCGAGATCGAGGGGAAGGTGGGCTTCGCCTGGCTCGCGGTCATCATCGCGGCCGTCTTTATCGACCCCAAGGTGATCCCCTCGCTCAGCGGCACCGCGATCGACCTCCACCACTTTGGCGTCCCGTTCGGGATCCGCGAGGTGATCATGGGGCTCGTCGCGTTCGGCGCCTACAAGACGGCCGACCGCGCGATTCTGACGGGCAACGATTTCAACTTCGAGCCCATCAAGGAGGTCGGCTTCCTGTTTATCGGCATCTTCCTGACGATGCAGCCCGCGCTCACGCTCATCGGCGCGTTCGCCGCCGAAAACGCCGACGCGCTCGGCGTCTCGGCGTTCTACTTCGGGACCGGCATCCTGTCGGGCGTGCTCGACAACGCCCCG
NZ_CP177357.1_gap21	1015564	1016781	1217	CCCGGATGCGCAAGCCGCTGGGATAGGGGCTACCGCGCGTGCTCGGGGAAGAGCTCGGCGAAGCGGGCGACCATGCGCGCGGCCTCGTCGGCGTCGGCGCCGGTCTCGGAGGCGTACGTGGCGGGGTCGCCGCCGGTGCGCGCGAGTGTCCAGTAGTCGTCGGCCCGAGCCAAGGCGCTCTCGAAGGCGTCGGCGTCGAGCAGGACCTCCGGGTCGTCCAGGAGCGGCTGGCCAAAGAGGGCACGGGCCTCGGTTTCGGAGAGGCCGTCGGGGCCGTAGCCGGCGTGCGAGGCGTCGTCCTCCTCGACGCCGACGCGGAACGCCGGGTGGTGCAGGAGGTCCTCAAAGCCCACGACCGGGTGGCCGGTCTGCTGCGCCATCTCGATCTCCTCCGGGAGCATGGCCTGCCAGTGGATCTCAGCCGTCTCGAGCAGCCCGTCGAGCCCCATCATCTCGTCGTCGCCGACCTCGTCGCCGACGAGCTGGGCCGCGAGCGCCGAGCGTTGGTGCGCGCGCTGGGCGGGCGGGAGCGAGAAGAAGGCCCACAGCACGCGCGCCGTCTCCAACAACGCGACCGTGTCGTCGCCGACGGACTCGGGGTCGGCCCGCAGCCGGAAGGCGTCGCCGGCGTCGAGGTCGTAGAGCCCGAACAGGGGCTCGGCGAACAGCGCCAGCGACTCGTAGAGCACGCCGGTCTCGCCTTCGACGAGCACGCGGCTCAGGCGGGCCTTACGGGTGGCGAACGCCTCGGCGGCGGCCCCGTCGAAGGCGGCGACGGTGTCGGGGTCGAGAGGGGCCTGGTCTGCGTCGGACACGGGGGAGGGGTCGTCGGGAAGAGGGGGCGGACTAGACGCTAATCCCGCGTTCGGGGGTTCCGGGCGCCGGGAGAACCTCCGGCGAGGTCGGCGGCCACGCGCGCCAACGCGGCGGCGGGGTCGTCGGTGAGCCCGGTCCGGACGGGCAGTGTTTGGAGCGCCGTCGACCGCGTGGCCGTCAGAAAGTGGAACCGCTCCGACGGTGGGAGCCGCCCGATCGGCCCGGCCCCAGCGCCGCCCCGGGCGACGGTCTCAAACGCAGCGACGGCGCGCGCCAGCAGGTCGGGGTCGAGGCTCAACCGAGCCGCAGCCTCACTTGTCTCCCCGAGCGCGCAGTCCAGAAACCCGGCCTGGCGGCAGCTCAGCACGGCGCCGACCGTCACCGCGTCGCCGGTCGGGACG
NZ_CP177357.1_gap22	1020855	1024840	3985	GGAAGGCCCGCGTTTCGGCCGCCGCACGGCCGAAACTATGGCGGCGGAGGCGTTACGATTCGTACCATCTACCCTTGCCCTGGACGCCTCCTTCCCCCCGGATATGAGCCAGAAACGCATTTTCGTCGTCGACGACGACCCCAAGATCGGCGAGCTGTTCGCCAAGGTCCTCACCCGGGATGGCTACGCGACGCAGGGGTTTACCTCCGCCGAGCCCCTCCTTCAGGCCATCGACGACGGCAAGACGCCGGACCTCGTCCTGACGGACCTCATGATGCCCGACGTGTCGGGGATGGAGCTGATCGAGACCCTGCGCGAGCGGGGCATCACGATCCCCGTCATCGTGATGACGGCGCACTCGTCGGTGCAGACCGCCGTCGAGGCGATGCGGCTGGGCGCGTTCCACTACCTCCAGAAGCCCGTCAACTTGGAAGAGATGCGGGCGCTTCTGGCGAAGGCGCTCGACCTCTACGAGGATAGGAAGGAGCTCCAGGAGATCAAGAAGACGCGGAAGAAGCAGCACGACGTCGGCAAGATCCTGGGCACGAGCGACGAGGTCCAGGTCGTCCGCGACACGATCCAGACGCTGGCCGACATCCCCAACACGACCGTGCTCGTGCGCGGCGAGACCGGGACGGGCAAGAACCTGGTCGCCCAGACGCTCCACTACGCCTCGAAGTGGTCGGGCGGGCGGTTCATGGAGATCAACTGCGCCGCGCTCCCCGACAACCTGCTCGAGTCCGAGCTGTTCGGCTACGAGAAGGGCGCCTTCACCGACGCCCGCGCCGCCAAGCCGGGGCTCCTGGAGATCGCCGACGGCGGGACCCTCTTCCTGGACGAGATCGACTCGATGTCGCTCCCGCTCCAGTCGAAGCTGCTGAGCTTTCTGGAGAGCCGCCAGTTCCGCCGGCTCGGCGGGACCGACGAGATCAAGGTGACGACGCGGATCGTGTGCGCGACGAACGCGAACCTGCAGGAGAAGGTGGCCGAGAAGGCGTTCCGCAAGGACCTCCTCTTCCGGATCAACGTGGTCTCGATCGAGCTCCCACCACTCCGTCGGATGGGCCGCGACGCGCTCACGATCGCCCAGAAGGTGGCGACGGGCTTTGCCGGCGAGTTCGCCAAGCCCTTCGACGGGTTCACCGAGGCCGCCGAGACCAAGCTCGTGGGCCACTCGTGGCCGGGCAACGTCCGCGAGCTCCGCAACGTCCTGGAGCGGGCCATGATCTTCGCCACGTCCGCGACGCTCGATGCCAGCGACCTCGTCCTCCTGCAGACCGACGCCTTCGACGGCGCGGCGAGCGACGCGGACACCTTCCGCTTCCGTGCCAGCGCCAGCCTCGAGGACCTCGAGTACGAGTACATCAAGCACACGCTCGCCAACAACCGCAACTCGTCGTACTCCGACGTCGCCAAGCTCCTGGGCATCTCGAAAAAGACGCTCTGGGAAAAGCGCAAGCGCTACAACCTCGACGCCGAGATCGAAGAGATGACGGCGTAGGGGGACGAGGGGCTGGGGGGCGCCCGATGGGCCGGGCGTCTCGTGCGGATTGACGGCGGAGACGGAGCCCCGGAGTGAACCGGGATGGGGGCAGAGGTCCAGGAGGGGTATCCTTCCCCACGCCCCCAGTCCCCATCGCCCCCGCCGTGACCGACACGCAGAAAGCCGCGCTCGCCGACCGTCTCTCCGGGGCGTCCCGCGCCCCCGCCCCGCCCGCCTCGGGCGACCTGTCCGCCGCACTGGAGCGCATGGTCGGCGCCGGTGCCGCCCGCTTCGGCCTCCGCGCCGACGCGACGGGGCCCGCCGACGCGTGCGCGCTCGCGCCGCCGCTCGCCCGGCTGATCGACCACACGGTCCTGAAGCCCGACACGACGGAGCACGCCATCCGCGAGCTGTGCGCCGAGGCGCGCGAGTACTGCTTCGCGAGCGTCTGCGTGAGCCCGGTCTGGGTGCCCGTCGCGGCCGCCGAGCTGGCGGGCACGACGCCCATGGTGTGCACGGTCATCGGCTTCCCGCACGGCGCCAACCGGACCGCCGTCAAGGCCTTCGAGACCCAGCAGGCCGTCCGCGACGGGGCCGAGGAGATCGACATGGTCATCGCCATCGCGCTCCTCAAGAGCGAGCGCTACGCCGAGGTCGAGGCCGACATCCGGGCGGTCGTCGAGGCGGCCCAGGGCCGGACCGTCAAGGTGATCCTGGAGACGGCGCTGCTGACGGACGAGGAGAAGGTGATCGCCTGCGTGCTCTCGCAGAACGCGGGCGCCGACTTTGTCAAGACGTCGACGGGCTTCGCGTCGTCGGGGGCCAGCCCCCAGGACGTGGCGCTGATGCGGCGCGTCGTCGGCCCGACGATGGGCGTCAAGGCGTCGGGCGGCGTGCGCTCGGCCGAGGACGCCTATGCGATGGTCGAGGCCGGCGCGACGCGGCTCGGCGCGAGCGCGGGCGTCGCTATTTTGAAGGGCCTCACGTCGGACGCCTCGTACTAACTCGGGCGACGGGGTGGCCTCCGCCCCACGCTTCCCCCGCCATGCGCACCGCTCTCCTCGTCGTCCTCAGCCTGTCGTTCGCGGCGTGCTCCGCCGTCGGCCCCGCCGCGCCCGAGGCGCCGCCCGAGACGGGCGAGACGCCCGCGCCGGGCTACCCGGCGTATGAGACCTTCGACCCGACGGGCTACGACGCCGAGCCGGAGCCGGCCGCCGAGGTCGTCCACGACGTGCCGGCGGGCATCATGGCGGGCCGCGTGGTCGTGCCGACCGAGGCGGGGCCGCCGGCGCCGCAAGACCCGCAGCCGCGGCAGGTCGAGGGCTTCCGCGTCCAGATCTTCTCCGGCGCGACGCGCGCCGCCGCCGAGCGCGTCCGCGACGACGCCGTCTCGTGGTGGACCGAGCAGGGCGGCAACCCGCGCGAGCTGGGCGCCATCGTGGCGTACCTCCAGCCGTACTACCGCGTCCGCCTCGGGGCGTTCGCCACGCGCGAGCAGGCCGAGGCGGCGCTGGCGACGGTTCGTCGCCAGTTCCCCGAGGCGTTCTTGGTACCGGATCTTGTGACGATCAACGACTGAGTGCCCTCGCCGGCACCCCTGGGGTGCCGGGAGGCGCGGCTAGAGGTCGATCCGGTCGCCGTCGTGGCCCCAGGCCGTCCTCGTGAATCGCGCCCGGGCGTCGCCGAGCCCGTCGTCGCTGGCGTCGTGGGGGGCGTGGACGAGGACCAGGCGCCCCACGCCCGCTCGGGCCGCCACGTCCGCCGCCTCCTCGGGCGAGCTGTGGACGCCCGTCAGCGAGCCGGTGGCCTCGTGGACCAGCACGTCGGCGCCGGCCGCGAGCGCGACGACGGCATCGGAATGGGCGGTGTCGCACGAGTACGCGAGCACGGCGCCGTCGGCCTCGAACCGCAGACCGATGGTCGGGACGGGGTGGTCGACGGGCGTCGCGGTGACCGCCAGCGGGCCCAGGCGGAGCACGTCGGCGCCGGGCGCGAGGGCGACGGGGTGGAAGGTGCGCGCGGGGAGGTCGTCCCACTTGCACGTGTCGAAGACGGCGAAGAGGGCGCGAGCCTTTTCCAGCGTCGCCGCCGGGCCGTAGACCGGGATCGGCGCGCGGCGCCCCTGCAGCCACAGCTTCTCGATCAAGAGGGGGAAGCCCGCAATGTGGTCGGGGTGCTCGTGCGTCAGGATGACGGCGTCGAGCGCGGCGGGGTCGAGGCCGGAGACCTCGAGGCGCTGCACGGCGTCGGCCCCGCAATCGACGAGGACGGTCCGGCCGTCGTGCTCGATGGCGAGCATCGTCGTGGTCCGGGAGGGGCCGGCGTTTGCGGAGCCGGTGCCGAGGAGGTGGGCCGTCATCGAGTCGGGGGGGAGCGGCTGGAACGTAGCGCCCCCGGCCGGTCCGCGGAGGACTGATCTAGCGCTTCCGGGCGACGACGTAGGCGCACAGCCCGACGAGCGCGTCGCGCGCGTCGGAGGGGGGGAACGCGAGGAGGCCGTCG
NZ_CP177357.1_gap23	1069097	1072006	2909	TCGTGCTCGGCAGCCGGTCGCCGGCCTCATCGCGCGCGACGGCGATGCGGAGTGCTCGCGCGAACGCCTTGAACAGCGCCTCGACGCGGTGGTGGTCGTTGCGGCCTCGGAGCACGTCGAGGTGCAGCGTCATCCGCGCCTGTTCAGCGAGGCTCCAGAAAAAGTGCTCCACCAGTTCCGTCGACAGGTCGCCGACGCGCTCGCGGTCGAAGGCGGCCTCGAACGTGAGGTGCGCGCGGCCCGACAGGTCGATGGCGGCGCGCGCGAGCGCCTCGTCCATCGGGATCGTCGCCGTGCCGTAGCGCGCGATGTAGGCCTTGTCGCCGAGCGCCTGGGCCAGCGCCTGCCCGATCGTGATGCCCACGTCCTCGACCGTGTGGTGGTCGTCGACGTGGAGGTCGCCGTCGGCATGGACCGTTAGCGCGAGGCGGCCGTGCCGCGCCAGCAGGTCCAGCATGTGGTCGAGAAAGCCGACGCCGGTCGCGTTCGAGTAGGTCGGCGAGGCGTCGTCGAGGCCCAGCGTCACGGTGACGCGCGTCTCGGCGGTCTGGCGCTCGACGCGGGCGGTGCGGGGGGGGAGGCTCATGCCGGAAGCTAGCCCGATCGCGCGTGACCTTGGGGAGACGGGGCACGGCTTCCTCCGTAGCGTCCCCGTCCCCCCAACGCCCCGCTCCGATGCGCGCCCTGCTCCTCCTCGCCGCCGTCCTCACGCTCGCCGCCTGCGACACGAACGGCGACGGCGTCCCCCGCACGGCCGTGATCTCGCGCGTCGTCGTCGAGACGGCGCCGCTCGCGGACCCGAATGGCGACGGCTGGGACGGCTCGACCCCGCTCGCCGACGGCCCCGAGGTCTACTTCCGCCTGTTCGACGCCTTCGTCGACTACCAGACCGACCCCGGCGCCGACCGCCTCAACCCTCGCGACGACGTCGACGTGTTCGCCCTGGGGTCGGACCAGCCGTGGTACGAGTCGGTCGACGAGCGCGACCTGCCGCTGATCTGGGACGTCGAGCCGGGCTACATCGTCCGCGACCTCGGCAACCCCCTCTACGTCGCCTTGTTCGACTACGACCCGACGACGGGCGACGACCCGATGGGGGAGACCGAGGTGTTCACCCTGTTCGACCTCGCGCCCGCTCGCGTGACCGGCCGGGCCCAGACGATCCGGCTCGCGGGCTTCGACCGGACCGGCGCGGCGACCGGCGAGGTGTCGGTCCGCCTCACCGTCGAGTTTTTCGACTAGCGGTGGCTGGAAGCAGGCTCGCGCGATCAGGTTGTCATCCTGAGCGAGCGCAGCGAGTCGAAGGATCTCAGCCGAGCAACGTCGGGCTCCAGCGCGAACGCGACGCAGTGCGCGACGGAGATCCTTCGACTCCGGTCTGCGCCCTCCGCTCAAGATGGCACGGTGAAAGGCGGGAGCGCGAGTCGACAAGCAACACGTTGGGTAGGGACACACCGATGGTGTGTCCGTCCTACGTTGGGGAGCGCTCGGGCCGCTCGCGCCCGGCCGGTACCTTGGCGTCTCTGACACCCGACCTGTCAGCCGCCCGGGCCGATCCTGGGCCGACCCGCCGCCCCCGACCGTGCCCGCCCTGATGTCCGCCCCCGCCGCCCCGCCCTCCGCCGCCGTCCGCGACGCCCTGCGCGAGCACTTCGGGTTCGAGGGCCTGCGCCAGGGGCAGGCCGAGGCGATTGCGCCCGTCCTCGACGGCCGCGACACGCTCGTGGTGATGCCGACCGGCGCCGGCAAAAGCCTCGTCTACCAGCTCGCGGCGCTCCTCAAGCCCGAGGGCGTCACCGTCGTGGTGTCGCCGCTGATCGCGCTGATGAAGGACCAGGTCGACGCGCTCCGGGCGCGCGGCATCTCGGCCGCCTACGTCAACTCGTCGCAGAGCCAGACCGAGCAGCGCGAGGTGCTCACCCAGCTCCGCAACGGCGACCTCCGGATGGTCTACGCCGCGCCCGAGCGGCTGCGGCTGGCGTCGTTCCAGCGGCGCCTGCGCGAGGTCGGCGTGGCTCTCCTCGCGGTCGACGAGGCGCACTGCGTGAGCCAGTGGGGCCACGACTTCCGGCCCGACTACCTCGCCCTCGCCTCCGCCCGCCAGGGCATCGGCGACCCGCCGTGCGTGGCCCTCACCGCGACGGCCACCCCGCGCGTCCAGGGCGACATCGCCGAGCAGCTCGACTTGCGCGAGCCCGCCCGCGTCGTCACCGGCTTCAACCGCCCCAACCTCGCCTTCGTCGTCAAGTCGACCGCCTCGGCCGACCAGAAGCGCCAGGTGCTCCACCGGTTTCTGAATGAGCACGAGGATCAGGCGGGATTGATCTACGTCGCCACCCGCAAGGACTGCGAGGCGCTGGCGCGGTTCGTCCGCGAGGAGGTCGGCCGCCCGTGCGAGGCGTACCACGCCGGCCTCCCCGACGCCGAGCGCGCCCACGTCCAGGAGCAGTTCGTCGCCGGGCGTCTGGACACCGTCGTCGCCACCAACGCCTTCGGCATGGGCGTCGACCGCGGCGACGTGCGCTTCGTGGCCCACTGGTCGATTCCGTCGACGCTCGAGAGCTACTACCAGGAGGCCGGCCGCGCAGGTCGCGACGGGGCCCCGGCGACGGCGCTCCTGCTCTACGCTCCGCAAGACCGTCAGCTCAAGGAGTGGTTTATCGAGCAGGGCGCGCCGACAATGGACGACCTGCGCAAGGTGCACGGCCACGTCCGCCGCGCCGCCGAGATGCTGCCGCCCAACCCCGAGGACGAGATCCGGGTCTCCGACGCCGACTTCCAGCTCCGCATGGCCGAGGCGACAGGCGTCCACGCGGGCAAGCTCCCGAATGTGCTTCGTCGCCTCGTCCTCGCGAACGCGCTCGATGAGCGCGCCGAGGGCGTCGGGCCCTCGCGGTGGGCGCCGCGCG
NZ_CP177357.1_gap24	1080196	1083582	3386	CGTCCTGGCCCTCTCCGCGTTCACGTTGCCCGACTACGTCGTGGCCTCGTTTTCCAACATGCGCCCCGGGGGCGCTGTCAACGGCTGGGAGCCGATGCGGCTCGGCGACGCCCGTCCCAGCGACTACCGGCTCGTCCGCGACGGCCGCACGACGGTCGTCCGTGCCGACGCGAACGCCTCAGCCTCCGGCCTCGTCCGTCGGTTCGACGTCGACGCCGACCGCTTCCCCGTCCTGCGCTGGCGCTGGAAGGTCGACAACGTGGTCGAGGGCGGGGACCTCCGGCGCAAGAGCGGCGACGACTACGCGGCACGGATCTACGTCCTGTTCGACTACGACCCCGCCGACCTGGGCTTTGCCGACCGCGTCAAGTACCGCGCGCTCCGCGCCCTGGGCTACGACAACGTCCCGGTCCGCGCGTTGAGCTACGTCTGGGCGAGCCAGCCTGGCGCGTCCGGTATCTCGCCCAACCCGTTCACCGACTGGGTCCAGATGATCCCCGTCGAGGCCGGGCCTGCGAACGTGGGGACGTGGCGGTCGGCGTCGCGCGACCTCGTCCGCGACTACCGCGCCGCCTTCGGCGAGGCGCCCCCGCCGATCGCCGGCATCGCCATCATGACCGACGCCGACAACACCGGCAACCGCGCGACGGCCTACTACGGCGACATCCGGATGACGGGCCGCTAGCCGTTTGCGGTGTCGCCACTAAGTTGGCGCCGTGGCCGAGTTGTTTGCCCGCGAATCCGACCGAGGGCTCGACGCCGACGCGCGCCGGGCCCTCGTTGCGTTGTCGCTCGTCCCGGGCGTGGGGGGCACGCGCGCCCGGGCGATCGTGGCGGCCTTCGGCGACGCCGCCGCCGCGTTCCGGGCCTCGGCCGCCGCGCTGAGGCGCGTCGAGGGCGTCGGCCCCCAGACCGCCGCCGCCATCCGGGCCTGGGACGACGGGCCCGCCGTCGACGCCCAGTTCGCGCGCGCCGACGCCGTCGGCGCCGAGCTGGTCGCCTTCGACGACGACGCGTACCCGGCGCGACTCCGCGAGGTCTACGACCCGCCCGCGCATCTGTGGGTCCGGGGCCGCCTGGATCCGGCCGACACGCTCGCGGTCGCCGTCGTCGGCACGCGGAAGGCGAGCGACTACGGGAAGCGCGTCGCGAGCGCGTTCGCCGAGGAGCTCGCCCGAGCCGGTGTGACCGTCGTCAGCGGGCTCGCGTACGGGATCGACATCGCCGCGCACCGGGCGGCTGTCGCGGCCGGGGGGCGGACGGTCGCCGTGCTCGGCTCCGGGGTCGACGTGCTGTACCCGGCGCGCCACGCGGGCACGGTCCGCGAGATCCTCGACCGGGACCTGGGCGCGGTCGTCTCCGAGCTCCCGCTCGGCGCCGCGCCCGACGCGGCCAACTTTCCCCGCCGCAACCGGATCGTCTCGGGCATGAGCCTCGCCACCGTGGTCGCCGAGGCGCGCGAGACGGGCGGCGCGCTGCTGACGGCGGCGCTGGCGCTGGAGCAGAACCGGGGCGTCTTCGCCGTCCCGGGCTCCGTCTTCGCCGACGCGCCGGGCGCGAACCGGCTGATCCAGGCGGGCGCCGCCGCCCTGGTCATGTCGGCGGCCGACGTGCTGGCGGAGGTGGCCCCACAAGCGGGGATCGCGCCGGCCGCCGAGCCGGTCTCGCTGCCCGCCGACCTCACCGCCATCGAGCGCCGCTTGCTCGACGCGCTCTCGGCCGAGCCCCGCCCGCTCGACGCCGTGTGCGCCGACGCCGACCTCGACACCTCGTCAGCACTCGTGTACCTCCTGCAGCTCGAATTCCGGGGGCTCGTGCGCCAGCTCCAGGGCAAGCAGTTTTTCCGCACCTGAGCCGCTCGCCAGCCGTGCGGGACCGCGGCGGCGGCGGCGCGCGTTGGCACGGCCCCACCCGTCGCCCGCGTGCTCCAGACCGTCCTCCTCATCCTCGCCGCGCTCTTCGTCGTGGTGACGGTCTTGCCGCTCTCCCGGTCGCACGCGTGGTGGGTGCGGATGTTCGACTTCCCGCGCTTGCAGATCGCCAGCGCGGCGGCCGTCGTGTGGGTGGCACTCGTGGCCGTCGCCGTGGTGGCGGGCGGCCTGGGTCTCTGGGGCTGGGTGCTGGTGGCGGCGCTGGGCGTCGCCGTCGCCCTCCAGGCCGTCCAGATGCTCCCGTATTCGCCGGTGTGGAGGGTCCAGACCCGGGATGCGGAGCCGATGCTCGCCAGCCCCGACCGCCGCCTGCGGCTCGTCGCCAGCAACGTGCTCATGCAGAACCGAGACGGCGAACGCTGGCTGTCGGTGATCCGCGACGCCGACCCCGACGTCGTGGTCGCCGTCGAGGCCGACGACTGGTGGGCCATGACCGCCGGCGCGCTGACCGAGACGCATCCGCATACCGTGCTCGTGCCCCAAGACGACACGTATGGGATGCTGGTCTTTTCGAAGCTGCCGCTGACGCAGACCGAGGTCCGCCACCTCGTCGAGCCCGAGGTCCCGAGCCTGTACCTGACCGCCGAGCTCCGCTCCGGCGAGCCGGTCTCGCTCGTCTTTCTGCACCCGCGCCCCCCGCGCCCCGACATCGCCCAGGACTCGACGCTGCGCGACGCCGAGCTCGTGCTCGCGGGCCGCGACGTGGCACAGATCGACGGGCCCGTCGTGGTCGCGGGCGACCTCAACGACGTGGCGTGGAGCCACACGACGCGCCTCTTCCAGACGCTCTCCGGCCTGCTCGACCCCCGCGTTGGCCGCGGGCCGTTCTCGACGTTCCACGCCGAGCACTGGTGGCTGCGCTACCCGCTCGACCACGTGTTCCACTCCCACCACTTTTCGCTCGTCGAGCTCCGCCGCCTCGACGCCGTCGGCAGCGACCACTTCCCGATCCTGATCGAGCTCGAGATGGACCCGGCCGCCGCGCCGCTCCAGTCCGGCCCCGACGCGGAGACCGCCGAGCTCGACGCGGGGCGCGAGATGGTGGAGGACGCCGCCGAGGCGAAAGCGGACGAGTCGGAGGCCGAGCACCAGGAGCGGGTCGAAGAGGACCAGTAGGGCAGGGGAGAGGCCCGCGCCCGCGCCAATCCGCGTTCTCCTCACGCCTGGCCCCCAGTGGCCGGAAGGGGCGCACGTACTTTTCCAGGCCCCCCGACACGCTCCCGCTATGTGGTCCGACTCCATCCTCGACACGATCGGCAACACGCCGCTCGTCAAGCTTCGCGCCCTCGGTGCCGACCTCCCGTGCACCGTGCTCGCGAAGGTCGAGTTTTTTAACCCCGGCGGCTCGGTCAAGGACCGGATCGGCGTCGCGATGATCGAGGACGCCGAGGCCAAGGGGCAGCTCCAGCCCGGCGGGACCATCATCGAGGGGACGAGCGGCAACACGGGCGCCGG
NZ_CP177357.1_gap25	1176247	1179979	3732	GATGGTGGCGTAGCGGGGCATGGGGTCGGGGAGAGGGGAGAAGCGAAGGCCGAAGGTAGATCCGTCAGGGGACGCCCGGGGCTCGGGGCGGTCCGGAACCGGGCGTGCGGGATCGCGTGGCGTGCGACCGCCGCCGTCCCCCTCGATCCGCGCCGTGCCCCGCCCCGCCCCTCCCGACCCGTCCGTGTCGCTCGCGACCCCCCGCGGGCTCGTCACCATCACCTCGGCGCCGGCCCGCTCGCGCCGCCGTCGGGCCCGGGCCGAGGCCCACCGCGCCTTTCTCGCCGACCACTGGCCCGAGCTCTCGGCGGCGGCGTTCGAGGGCTTCGCCCGCCACGGCGCCGGGGCGGTCGCGCTGATTCGCGCCAGAGGAGCCCGCTGGTTCCGACCGGCGCCGTTCGAGCCGGAGCGCCTCCTCTACACGACCCAGATCCACCGCCTGCCCGGCGCGACCGAGGCCGACTTCGACGGGTGGGAGGCCTGCCAGCTGGAGACCTACGACCCCCGGTCCTCGGCGCTCGTGGTCTTCGTCGAGGGCCGGGCGCTGGCGGGGTACCGCGTGGCCGGGCAGCCCTCGCCGCCCGTCGCGCTGCGCGAGGCGCGGGCGCGGGACAACTGATCTGGGCCTCGGCCCGCGGGGCGGGCGGAACGGCGGCGCAGGGGGGCCGGTAGCACGGGCCCTTTCTCCAACCCCCCACTCATGGCCCGCTTCCTCTGCGCCGTCCACGCCCCCAACGCCACGCCCCGCGCGTACGCCCTCGTCGAGGTCATGGACGGCCCGACGTACGCCGTCCGCGACCTCCGCCGGGTCTCGGGCGACGACCCCATCCAGTCCGTCCTGAAGGCGCTGAACTCCGAGCGGCAGTACGCCGGCCAGACGACGGTCGTCACGACGGGCGGGCAGAAGGCGGCCGACGCGATCCACGCCGTCGGCCCGAGCGCCGTCGCCGTCCACGTCGGGTCCGGCAACAACGACGCGCACGACGTCTCGGCGCAGGTCCTGGTCGACACGTTCGAGGGGCTCTACCGCGCCGGCGCCGTCGACGCGCCCGGCTCGATCGACGCGGCCAGCGAGGCGGTCGAGGCGATGTACGCCGCCGCCGACCTCGAGGCCGCCGCGCCCGACTCCGACCGCAACGGCGACGGCGACATCGACGCGAGCGAGGACGGCGCCTCGACCACGCTGGCCGGCACGTCGGTCGCCGGCTCCGGTCCCTCGCGCGCCGTCATCGAGCAGTCCGGGAACGCGGCGAACGTGTCGACCGAGGTGATCGACGCGCCGCTCAGCCCCGACGAGGCCACGGCCATGCGTATCGCGGCGATGGAGAACCAGGGCCGCGTCGCCGCCGACACCGGCGCCACCGTCGACCTCGGCGACCACGAGGACGTGTCGCTCGCGCTGGCGCTCGCGTGCTGGTACGGCGAGGTCTCGCGCGACGGCCTGCCCCAGACCGACCAGGCCGACCGGGCGATGGCGAACCGCGTCAACCGCCGCAAGCGGAAGAACTAGGCGGCCCCCACGAATGCCGCGAGCGGCCACTTCCGAGTCGGGGGTGGCCGCTCGTCGGTTGGCCGGCCGCCGCTAGACGCGAGCCGCGGCCGGGTCGATCGGAAATTCCGGCGCCGGCGAGGGCCGCTCGGCCGGCTGGCGGACGATCTCGCACACCAGGTGCTGGAGCTCGGGCAGCAAGAGCCGGTCGAGCGCCAGCCGGACGGCGTCGACGGCGCCGGGGCAGCAGAAGAGGAGCGTCTCCGGCGGGCCGTCCTCGTGCCCGTAGACGCCGGCCGTCGCGCGCGACAGCATCGCCGCCGCGCCGACCTCCTGGAACGACAGCATCCGGAACAGCTCGCCGAAGCCGGGGAGTCGCTTCTGGATGAGGCGCTCGGCGACCTCCACGGTCCGGTCGCGGCGGCCGATGCCGGTGCCGCCCGTCGTGACGACGACCTCGACGCGGCCGGCGAGGTGGAGGAGCACGGCGCGGATGGCCTCGGGGTCGTCGGGGACGATGCGGTAGAACTCGAGCGTGTGGCCCGCCGCGCGGAGCCCGTCGGCGAGCGCCTTGCCACTGGCGTCCGTCTCCTCGGTCCGCGTGTCGGAGACCGTGATGACGGCGCAGCCGACCGGCATGTCGCGGGAGAGGAGTCGGTGGGCGTCGGCGGACATGGGCCTGGGGAAGGGGCCAGTCAGACCCTCAGCCCGTCCGTTCCGTTCCGGGCGCGGGCTCGCCAAACCAGCGGGGCGGGTCGTGCCCGTGCCCGCCCCACGGGTTGCACCGGAGGATCCGCCAGACCGCGAGGATGGACCCCTTCAGCGCCCCGTACTTCCGGAGCGCCAGCACGGCGTACTGCGAGCACGTCGGCGAGTACCGGCACGTCGCCGGGAGCCAGGGCGAGACCGCGCCCTGGTACAGCCGGACGACGCCGACGAGGGCGAGGCGGGGGAGGCGCCAGAGTCCCGACGACAGACGACGGACGACGGACGACGGGTCTGGGCGCCGCGCGGGCAACCCGGGGTCCGTCGTCCGAGGTCCGTCGTCCATCGGCTTAGGCGTAGATGCCGCGCAGCTTGAGCGCCCCGGCCACCTTCTCGATGGCGATCACGTAGGCGCCGATGCGCATCGACGTGTCGTACTTCTCGGCGGCGTCGTAGACGCGGTCGAAGGCCGCCCGCATCATCCGGTCGAGCCGGCGGTTGACGCGGTCCTTGCTCCAGAAGTAGCCCTGGCGGTCCTGGACCCACTCGAAGTACGAAACCGTCACGCCGCCCGCGTTCGCCAGGATGTCCGGGATGACGAGCACGCCGTTCTCGTTCAAGATGGTGTCGGCGCCCGGCGTCGTCGGGCCGTTGGCGCCCTCGGCCACGATCTTGGCCTTGACCTCGTGGGCGTTCTCGGCCGTGATCTGGTTCTCCTTGGCGCACGGCGCCAGCACGTCGACGTCGAGCGCGAGCAGCTCGGCGTTCGAGATCTCCTCGGCGCCGGGGAAGCCCTTGAGCGAGCGGTTGTGCTCGTCGGCGTAGGCGATGGCCGCGTCGATGTCGATCCCGTCGGCGTTGTAGTAGCCGCCGGAGACGTCGGAGACCGCGACGATCTTGCAGCCCTGCTCGCGCAGCAGCTGCGCGGCGACCGAGCCGACGTTCCCGAAGCCCTGGACGGCGACCGTCGACTGGGCGGGCTTAAGGCCGAGCCGGTTCATCGCGCCGATCGTCGTCGTCATGACGCCCCGGCCGGTCGCCTCGCGGCGGCCCTCGGAGCCGCCGATGAGGAGCGGCTTGCCCGTCACGACGGCCGTCTCGGTCCGCTTGGCGTGCATCGAGTACGTGTCGAGCAGCCAGGCCATCACCTGCTCGTTGGTGTTCATGTCCGGGGCCGGGATGTCCTTGTCCGGGCCGAACACGTCGAGCAGGTTCGCCGTGTAGCGGCGCGTCAGCCGCTCGACCTCGCCGGCCGACATCGTCGACGGGTCGCAGGCGACGCCGCCCTTGGCCCCGCCGAACGGGACGCCGACGACGGCGCACTTCCAGGTCATCCAGGCCGCGAGCGCCTTGACCTCGTCGACGTGGACGTCGGGCGCGAAGCGGATGCCGCCCTTCGAGGGCCCGAGCACCTCGGAGTGGATCACGCGGTAGCCCTCGAAGACCTTGAGCGTGCCGTCGTCCATGACGACGGGGATGCTGGTGATGTGGATGCGCGAGGGCGAGCGCAGCACTTCGTAGAGCCCGGGGTCGAGCCG
NZ_CP177357.1_gap26	1194476	1198444	3968	GCGAGGACGTCGGCGGCGGCAAGGGCGGCGTGTTCACGGCGACGCGCGGGCTGGCGGCCAAGCACGGCCGGGACCGGTGCTTCAACAGCCCGCTCGCGGAGCACTCCATCGTGGGGAGCGCCGTCGGGCTGGCGTGCGCCGGCTACAAGCCGGTCGTCGAGATCCAGTTTGCCGACTACATCTGGCCGGCGATGCAGCAGATCCGCAACCAGGTGGCCTCGATGCGCTACCGCTCGAACGGCGAGTGGGCGTGCCCGATGGTGCTCCGCGTGCCGGCGGGCGGCTACATCCACGGCGGCCTGTGCCACAGCCAGAACGTCGAGGCCATCTTCGGCCACTTCCCGGGCTTGCACGTCGTGATGCCCTCGAACGCGGCCGACGCCAAGGGCCTGCTCAAGGCGGCCATTCGGGGCGAGGACCCCGTCCTGTTCCTGGAGCACAAGGCGCTCTACCGCCAGGGCCCGGCGCGCCGCCCCGAGCCCCACGCCGACTACCTCGTCCCGCTCGGCAAGGCGGCCGTCACGCGGGAGGGCACCGACCTCACGATCGTGACGTGGGGCGCGATCGTCTACAAGGCGCTCAACGTGGCCAAGGCGCTGGAGAAGGAGGGCATCTCCGTCGAGGTGGTCGACGTCCGCTCGTTCCTGCCGTTCGACACGGAGACCGTGCTGGCGTCCGCCCGCAAGACGGGCCGCGTGCTCGTCGCCTACGAGGACCACGAGTTCATGGGCTTCGGCGCCGAGATCGCCGCCCAGATCTCCGACGCGGCCTTCGGCGCGCTCGACGCGCCCGTCAAGCGGGTCGCGGGCGCGTTCTCCTCGATCCCCTACGCCGACGTGCTCGAATCGGAGGTGCTCCCCCAGGACGACGACGTGCTGGCGGCAGCGCGCGAGGTGCTTAGTTTTTAGACGCTAAGGGAAGAAACGGAATCGCCGCCGGGGGGGTGCCCCCGGCGGCTGGCGGGCCCCCGGCGTGCACGTCGCCTGTGGGGAATGGGGCCGTGACGAACGGGAGGGGGTATTGCGCCGGGCGCGTCAAACCGACGGGTTGGACAGGTGTGTGCGGGCCGCACGGGAGCCCCGCGCCACCCCATGAGCCAAACGCTGTTCGCCGTCTTCGCGCTCGCGCTCCTGTCGTTCCTGATGCTGGGCACGCTGGGCGACCGGAACGACACCCAGGCCGACCGCCTCGAGACGATCGTCGCCGACCACGCCCGGGCGCACGCCTCGGGCGTCATCGACCGCGCGATGCGGTTGCCGTTCGACGGCAACGACGGCCCGCGCACCCTGCCCGGCGCGTTCGGGATCCCGGCCTACCTCCCTATCCCGGCCGTGCTGGACTCGGCCTGGGCCCATCACGTCGGCGACCTCGACGACCTCGACAGGCTGAGCGGCCGGGCCGTGACGCTCGTCGGGGACCCGGTATCGGGGGCCGACCGGCCGCTCGTGCTCGACACCCAGATCGCGGTCCATTACGTCGCTCCGACGGCCGGCGGGTGGGCGGTGACCTCCGACACGACCGGCCAGAAGCGCGTCGTGGTCCGGACCTCGCACGCCGACACTGGCACCGAGGTCGAGCTCCAGCGCATCGTCTCCGACCTCCGCACCCGCTGACCCATGCACTGGTTCGATCACTTGTCGTCGGTCGTCGTCGCCGGAGGGGCCGTGCTCCTCGGCGCGGCGCTGCTGTGGGTGCGGGCGGACGTGGCCACCTCGGGCACGCGCCTGTTCGCGGCCCAGACGCACCACCGGTCGTTTACCGAGCAGCTCGCGCTCGACCTCGACAACCTGGGCGTGCAGCGGCCCGTCGGGGCCCCGGCGATCGTCGAGGCGTCGCCGACGCGGCTGGCGTTCCACGGCCTGGCCGACACGCTCGGGACGCCCGCCATCATCGCCTACGAGATGGGCCCCGCCGCCGCCGACGGCACGCGCGACATGCGCCGGACCGTCGACGGCGACACGCACGGCGGGACGCACGGCGTCACCGTCTTCGACGTGACGTTGCTCGACGGCGCCGACGCGCCGACGGCGGACCCCGCGGCGGCGGTCGCGGTGCAGGTCCGCGTCGAACGGCTGACGCCTTTCCAGAACGCCTCCGCCGCCGCGCTCCCCGGGGCGACCCCCGACCCCCGCGTGGGCTGGACGACGACCGTCCGCCCGCTCGCCCTCCGCTACACCTACTGACATGGGACGTGCTCTCCTGCTGATCGTCGCCGGCCTCAGCGTCGCCGGCTCCGCGTACGCCGTGCTCGGCTCGGACACCCAGACCGAGTCGGCCCGCCGCCAGGCCTCCTCCCAAGAGATCACGCTGGCCCGCCAGGCCGCCCAGAGCGGCCTCGAGGTCGGCCTCGGCGCGCTCGCCGCCGACTTCGACGCACGGCCCTCGGCGGACCGCCAGCCGCTCGATGCCTCGGGCGCCCACGGGACGTACTCCTTGGAGACGACGGACACGGCCCAGGCCACCGTCGGCATCGAGGCGCGGGGCTACGTCGGGGCCGCGGAGCACGTCGTGACGGCCGAGGTGCTGGAGCTTCTTCCGATCGGGGCCGCGCTGACGGTGCAGGCCGAGGGCGTGAAGCTCGAGCTCAAGGACAACGGCCACATCGACGGCACCGACCGCCGCGCGGGCGCCCTCGACCACCAGGCCGGGCCGGCCGGCGGCAACGCCGGGGTCCGCGTCTCGGCGGCCGACGTGGCCGTCGAGTGGAAGGGGGCGGGGACGGCGAACGTGACGGGGGACCCGGCCACGTCGACGGGCCCGACGCCGCGCGTGGTCCGAGAGATCGTCGAGGCCGCGCTGGCGGCCGGTCCGACGATCACGGCGGCCACCTACACCCTCAAGAAGGACCAGGTCGGCACGCCGCTGGCGCCAGTCGTGGTCCATGCGACCGACAAGGCAGCGCTCCAGGAGGGCGCCGTCGGCTACGGCCTGCTCATCGTCGACGGCGACTTCAAGATGGAGAAGGACGCCCGGTGGGAGGGGCTCATCGTGGTCCGCGCCGAGTCCGCCGACAAGCGCAAGGTGGAGCTCAAGGACGACGCCGAGATCGTCGGGGCGCTCGTGCTGCTCGGGGCGGAGTACACGTCCGAGTCGGGCGGCGGGGAGGGCTTCCCCGGCGGCCACATGGACCTCGACATCTTCGAGGGGGCCGGCGCCCCGCTCGACCGGAGCTACCACCAGCACGAGTGGGACGACCGCTACGACCTCACCTACATCGACTTTTTCACCGCGCCCGACATCGGGCCCTCGTTCCAGGACTTCCTAGCCGCGAACGCCCACAAGACCCTGACCGTCCGGTTCGACAACGCCTTCAACTCGGCGGGGACGTACACCATCACCCAGGGCGCGACGTCGGCGGCCGGGCGGACCGAGGACGGGTTCACCGGGGCCGTCGACATGGGCGCGCTCACGGCGTTCCGCGTCTCCTTCGACGCGCTGTGCTCGCTCCGAGGCACCTCGCCCGGACGCGTCAAGGACGACGGGTCGAACCGCGACCGGTCCTTCACGGTCCGCTTTTTCGACGGCCCGACGCTGGTCTACGCCGTCTCGGCGTACGAGCACGCCAAGGAGCTGCGCGACGGGGACCCGTTGTGCGCCACGTCGGGGACCGGGACCGGGACCCCGGCCGAGGACACCGCCGTGTACGGGCGGTTCGAGGTGAAGGTCGAAAACCGCGCGGCGGTCTCGTACTCCGAGGAGGCCGCCGGGCGCATCGGGCGGGCGCTCTCCGTCGCCCGCGACCAGACCCGCAAGCTGCCCCTCATCATCCGGTCCGTCCCGACCGAGTAGGGCGCTAGCTTCCCGACATGACACGCCGCCTCCTCCCGCTCGCCGCCCTCCTCGCGCTCCTGAGCGCCCCCGCCAGCGCCCAGGGCCGGCTGGCGTTCGAGGCCGCGACGGCCGACCTCGGCCGGTTCGCCGAGACCGGCGGGCCGGTCACCCACACGTTCCGGTTCACGAACGCCGGC
NZ_CP177357.1_gap27	1201196	1203216	2020	CCGACCGCTGGGGGCGCTCGGGGAGGGCGGTGAAGGCCTGGGCGATCTCGAGCATCATGGCGACGCCGGAGGCGTTGTCGATGGCGCCGTTGTAGATGCCGTCTTCGCCGGCGGCCACCTTCTGCTCGTCGGTGCCGAGGTGGTCGTGGTGGGCGCCGAAGACGACGGCCTGCTCGGCGAGCCCGCGCCCGGTGAGCTTGGCGACGACGTTCTGGCCGACGAGGTCGGCGGTCTGCTCGACCGACATGGTCACGTCCGCGACGACGGGGAGCTCGATGGGCGCGAAGTCGCGCCGGGCGGCGAGCGAGCGCCACTCTTCGAGCGAGGAGCCGGTCATCTCGGCGAGCGCGCGGCCGGCGGATTCGGAGATCCAGCCCCGGACCTCGAGCGCGCCCTCGGGCACGTCGGCGCCGGAGGGGTGGGCGCCGAAGGCGTCGGAGGCGATGACGGCGAACGGGTAGCCGGCCATCTCGTCGGTGTGGATGAGGAGCATCCCGCGCGCGCCGCGGCGGCGGGCCTCCTCGTACTTGTAGGTCCAGCGGCCGTTGTAGGTAAGCGTGTCGGCCTGGAAGAGGGTGGGCTCCTCGGCGGTCGCGGGCGGGTCGTTGACGAAGGAGACGAGGACCTTGCCGGTCACGTCGAGGTCGCCGTAGTCGTCCCAGTCGTAGCCGGGCGCGGTGATGCCGTAGCCAACGAAGACGAGGTCGGCGCCGTCGAGCGTGATGTCGCCCGCGTCGGTGTCCGTTGTGAGGGCGGCGTCGTCGACGAAGGTGAAGCTGGCCGGCTCGCCGCTGTCGGGGCGGAACGTGAGGGGGGTGGCCTCGGTGACCCGGACGCTGCGCAAGGGGACGTCCTGGGTCCAGGAGCCGTCGGGCATGCCGCCCTCGAGACCGATGGCCTGGAACTGGGCGACGAGGTAGTCGACCGTCATCTGCTCGCCCTCGGTGCCAGTGCCGCGGCCGCCGTAGGCGTCGGAGGCGAGCTCGGCGACGTGGGCGCGCAAGTCGGTCGAGTCGATGGCGGCGAGGGCGGCGTTGGGGGGCGCGGGGGCCGCGGTGGCGTCGAACGGCGCGGGGGCGTCGGTGGCGGGGGCGTCGGCGCAGGCGGCGAGGGCGAGGGCGGCGACCAGGGCGAGGTGCCGGGGCGAGAGCGGGGACATGGGGCGGGAGGGGAGGGGGCTCAAGTCTACGGCGCCCGACGGCCCCCCCTTCGCCTACAACGCGACGCCGACGCCGACGAGCGGCTGGACGTGGACCAGGGTCAGGTCGGTGAGCGCCGCGCCCACGCGGAGGTGGGCGCGGCCCAGCCCGGCCCGCACGGCGGCCGACCCGTAGGGCACGGCGATCCAGGTCCCGGACTCGCCGTGCGTGAGGAGCACGCCGGAGCGCCGCGCGAGCGCGCCGCCGACCTCGCCGTCGAGGGCCAGCCCGACGCGCCCGAGCCTGGCGACGGGCACCACGCCGGCGACGCCCGCCAGCAGGACGCTCCGGCTGCCGTCGACCCCGGCGATCTGGTTGGGGTCGTGCGACGCGCCGACGCGGACGCCCACGACGGAGGAGGCGCCGAGGCGGGCCATGTCGCGAGCGACGCCGAGGGTGTAGGCGCCGGTGGGACCCCACGCCTCGGCGAACACGGCGGTACGGAGAGGGGTGGGCTGGGCGGAAGCGGCCGTGCCGAGCGCGAGGGCCGCGGCGAGGACAAAGGCGAGGCGGATCATGACGACGTGAGCGTGGGTGGGATAGGGTGGCGTCAATCCGAAACATAATTCGGATGCACCCTCCGCTGCTACGTGGGTGGTCGATGTTGGGTATTCCGTGGGCGCTGAAGAACGATGCAGGGAGCGAGCCATCCGTAGGCTGGGCTTCGGCGGCCGGCCTCCCCCGGCCCTTCCCATTCGGGGATGGGTTGTCGGAGGAGGGCGCAGATGGACCTTTGGGGCTCAGTCGCCGGGGATCTGGCGGGCTTCGCGGTACTGGGCGACGAAGGCGGGGTCGGGGATCTGGGCGGGGACGAGGTCGTC
NZ_CP177357.1_gap28	1345808	1346748	940	GAGGGCGTGCTCGCGGCGACGGCCGGCCCGGCGGCCGGCACCAGCTCCAGCGACATCGGCGTCGCCGAGACCAGCTCGACGCCAAGCGGCTGGAGCCTCCAGCTCGTCGGAGCCGGGAGCGCGGCGGCGGACTTTGCGTGGCAGGCCCCCGAGGCGGCGTCGCCGGGCGCTCCGAACGCGGGGCAAACGCTCGGCAACGGGCGCACGCCCGTCGCCGCATGGATCAACGAGGTCCACTATGACGACGGCGGCTCGGATCAGAATGAGGGGATCGAGGTCGCCGGCACGGCCGGGCTCGACCTGGGCGGCTGGTCTGTTGCCCTGTACAACGGGTCGAACGGCACCGTCTACGACACGATCGCCCTGTCCGGCGCGATCGACGACGAGGGCGCCGGGTTCGGGGCGTTGTGGTTTTCGCGCGCGGGGATCCAGAACGGATCGCCCGACGGGTTCGCGCTCGTCGACGACTCAGGCGCCGTCGTCCAGTTCCTGTCCTATGAGGGGGTGCTGACCGCGACGGCCGGCCCGGCAGCCGGCACGACGTCCGAGGACATCGGCGTTTCGGAGTCGGGCTCGGGCGGCAAGAACGACTCGATCCAGCTGGTCGGGACCGGGACGGCGGCCGCTGACTTTTCGTGGTCGGCGAACGTCCGACACACGCGGGGCTCCAAGAACCGGGGCCAGACGTTCGGGGCCGCCGGGGCGTTCACGGCCACGGCCGACGCGCCGGGGCGGGGCCGCGCGGCGGCCCTCGACGTCGTGCTGTATCCCAACCCGGCCCGCGACCGGACCACGCTGGCGCTCTCGCTGACCGAGGCGACGGACGTCCGCGCCGACGTATTCGACACACTCGGGCGCTTGGTGACGACCGTCGAGGCGGGCCGCCTCGGCACGGGCTTCCAGTCGCTGGCGCTCGACCTCGCCGGCGCCCCGGCCGGCG
NZ_CP177357.1_gap29	1436154	1437801	1647	GAGACGCGGGCGTTCTTTGTCATGCGGGACCCCCGGGACCTGCTCGTGTCGTGGTACTTCTCCGCGCGCAAGAACCACGTCGTCGGGCCCGACCCGACGGCCCCGTTGGCGACGGCGCGCGCGGCGCTGGCGGCCCTCGACCCCGAGGCCGGCCTGAAGTACGCCGTCGACTACTTTGCCGAGCGGGGCCGCTTCGACGCGCTCGCGTCCTGGGCCGACCGCGGCGCCGCCGACCCCGACGTGCTGCTCGTCCGCTACGAGGACTTCGTCGGCCCCGACTCGCAGGGCGCCTTCCGTCGCTTGTTCGACCACCTCGACATCCAGATCCCCGCCGACACGCTGGCCGCCCTGCTCGAGGCCTACAGCTTCGAGCGCTTGTCGGGGCGCAAGCGGGGGGCCTCGGACCCGAACTCGCACCTCCGCAGCGGGCGAGCCGGCGACTGGACGACGCACTTCACGCCCGACGTGCTCGCGCACTACCACGCCGTCGCCGGCGACCTCGCCGAGCGCCTCGGCTACGCCCCGGCCGATGCCTGACACCCGCCCTCGTCTCGACTTCGTCGTAGTCGGCGCCCAGAAGTCGGCCACCTCGTGGCTGTACTTGTGTTTGCGCGATCACCCCGGCATCCACCTCCCACCGGTCAAGCGCGAGCGGGAGTACGTCGGCAGCGCGGAGTACCGGCGCCGCGGCGCCGACTGGTTTTTCGAGCAGGTCGGGACGCCTGGGGCCGGGCAGGTCGTCGGCGACGTGTCCGTCGAGTACCTCGTCGACCCGTGCGCGCCCCAGCACGTGGCGGCGCTCGCGCCGTCCGCGCGGGCCGTGGCGCTCGTCCGGCACCCGGTCGATCGGGCGCTCTCGGCGCACGGCTGGCTGCTCCGCCGGGGCGACATCGACGAGCGCGACGCCGCCGACGCGCTGCGCCGGGCGCTCGACGACGAGGCGGCGGGCCGCGACACCGTCCACACGGGGCTGCTGACGACCGGCGACTACGACGTCCAACTGGCGCGTTGGGTCGAAGCGCTCGGAGCAGCGCACGTCTACGTGGACCGGTTCGACCGGGTCGCCTCCAATCCGACCTCCGTGCTCGAGGGGATCTACGGGTTCTTGGAGGTCGACCAGGCGTTTGAGCCGCCGTCGCGGACGGAGCGGCCCAAGCAGAACGCGCGGTCGCGCCTGCTGGTGGCGGCCGAGCGGCTGGCCCCGCGCTCCCGGCTCGTGCGGTACGCCACGAACCGCCTCAACCAGCTCGCCGCCCGCGTCGCCGGGCCTGCGCCGCCCCCTGACCTTCCTGCCGACCTCCGCGCCGCGCTCGACGCCCGGTTCGCGCCCCACGTCGCCGGGCTCGACCGGCTCGTCCGCCAGCTCCCCGCCGCGAACCGCCCGGCCCAGACCTTCGAGGACGCATGGCCGCGCTAGGCCCGCTCCCCACGTTCGTCGGCATCGGCGCCCCGAAGGCGGGGACCACCTGGCTGTACGAGATGCTCGACGCCCACCCCGACATCGGAATGTCGCCGCGGCGCAAGGAGGTCCATTTTTTCCGCCGCCACTACGACCGCGGGCCGGACTGGTACCGGACCTTTTTCGAGGGGCTCGACGGGTGCGCCGCCATCGGCGAGTTCACGACGCACTACCTCTACAACCCCGCG
NZ_CP177357.1_gap30	1439855	1441961	2106	CTCGCAGAGGGGGGCGCGGACGTGGAGCGGCACGACCTCGTCGACCCAGCCCGTCACGCGCGCGCCTCGGGCGCCTTCCGCGTCGGCCGCGCCCTCGACGTGCTCCGCGTGGCGCGCGCCCTGCGCCGCCGGCTCCGCGACGCCCCCGCCGACGTGCTCTACCTGACGCCCTCCGCCAGCGCCGTCGGTCACCTGCGCGACCGGGCCGTGCTGTGGGCCGGGCGTGCCCACGCCCAGCGCGTCGTCGGCCACGTCCACAACGGCAACTGGGCCGAGCTGTTCGACGGCCCGCTGGCGGGGTCTGCCCGGTCGCTGGTTCGCCAACTCGACGCGGTCTGCTTTCTGAGCCCGGCCCTCGCGAGCCGCGCCCGCGCGCACGTGCCGGCGGGGAAAACCCAGATCGTCCCGAACACCCCGGCGCCGGACCTCCTGTTCAGCGAGGCGGAGGTCGAAGCCCGGATTCGCCAGCGGACCGAGCGGTCGTCGTTTCGAGTCGCGTTCATCAGCAACATGATGCCGTCGAAAGGCTACGCCGTTCTCGCGGACGCGCTGGAGCGGCTGGCTGCCGGTGGGCTCGCGGTCGAGGCCGACTTTGTCGGCGGGTGGCCAGCCGCAGAAGAGCGAGACGCGTTCGAACACCGTCTCGCGAGCGCCGGGCTGGCGGCCCGCGTCCACGGCCCGGTCACCGACCGGCGCGCGATCCGGGCGGTGCTGGCGGAGGCCGACGCGTTCGTGCTCCCGACGACGTACCCGCACGAGGCGCAGCCGCTGTCGATCATCGAGGCGCTGAACGCGGGCGTGCCCGTCGTCGCCACGGCGCACGCCTCGATCCCCGACATGGTGGGCGAGGGCGGGGCCCTCGTCGAACCGACGGCCGACGCGGTCGCCGGCGCCATCGAGGCGCTCGTCGACCCCGACGCCTGGGCGGTCGTCGCGCGCGCGGCGCGCGCCGACTTCGAGCGCCAGTTCTCGGCCACGGCGGTGTCGGCCGCCCTCCACTCCGCACTGCTCGGCGAGAGGGGAGAGGCATGAGCGACACCCTCGACCGCCCCATCGTCGTGCTCGGCGCCGCCCGCTCCGGGACGACGATGCTCGCGACCACGCTCGCGGCGCACCCCGACCTCGCGTACTGGGTCGAGCCCAAGTACGTCTGGCGCTACGGCCGCCCGCTCGCGCCCGACGACCGCCGCGGCGCCGACGAGGCCAGGCCACGCGTGCGCCGCTACATCCGGCGGGCGTTCGCCCGGTTCACCAAGCGCGCCGGCGTGCCTCGGTTCATGGAGAAGACGCCCAGCAACTGCTTCCGCGTCCCGTTCGTCCACGCCGTCCTGCCCGACGCCCGCTTTCTCCACGTCGTCCGCGACGGGCGAGCCGTGACCCGGTCGGCCGTCAAAAAGTGGACGACGCCGCCCGACCCGACGGCCATCCGCCGGCGGCTGACCTCGTTCGAGATCCCGCTCCGCGACGTCCCGTTCTACGTCGGCGCCGGGATCCGCGACTCCATCGGACGCCAGCTGATGCCGGAGCAGGCGTTTCTGTGGGGCCCGCAGTTCCCGGGGATCCGTGAGGTCCGGGCCGAACACGGGGTCGAGGTGGCGTGCGCGGTGCAGTGGCGCGAGAGCGTGCTCGCAGCCCGTGCCGGTCTCGCGCAGATCCCCGCAGCGCAGCGGTACGAGGTCCGCTTCGAGGACCTCGTCGCCGACCCCGACGGCGTGCTCCCGGGCGTCCTGGCCTTTCTCGGACTCGGCCCCGGAGAGCCCGTGCTCGCGCACGCGCGCCAGCACTTCGACGCCGCCGCCGCCCATCGCACCGGCGGCAAGGCGTTAGCGAGCGCCCCGTACCTTCAGCCTTTGCTCGCCGACCTCGGCTACCGCTAGCCTGTGGACCGCACCGTCCTTCTCGAGTCCGTCTACCCCGAGGCCCGGTTCGGCGGCTTCTCCCGCGTCGACGGCACGGTCGCATTCTACACCCGGGTCCGGGCCCTGCTCGACCCGTCGCACGTCGTTCTCGACGTCGGCTGCGGGCGGGGAAAGAGCGAGGACGACCCGTCGCCGACGCGCCGCCAGCTCCAGAACCTGCGCGGCGACGTCGCGACGGTGATCGGGA
NZ_CP177357.1_gap31	1450814	1454405	3591	ATCGAGCGGCAGGCAGGCGCCGAGCCGCTGCTCCTGGCCGCGGCGCTCGCGCTGCCCGTCTTTCCCCACCTCGCCGCCTACGTGGGGGACGGCAACCGGCGCGGCATCTCCGTCGGGCTCGTCGGGCTGATGGCGACGGGCCTGGTGTACCCGGCCGTCGGGGCGCTGCTGGCGGCGCTCGTCGGCCTGCACGTGCTGGCGATCGTGGTGCAGGTCCGGGTGCGCCGGGCCCTCGGCGGGCAGCGACGGGGCCACTACCGCGACCGGGGACTCGTCCGCCGCGCGGGACTGCTGCTGGGGGCGGGGGCTGCGTTTGCCGGCGCGTGGCGTGGGTACGTGCTCCTGCTCGACACCCTGGGCCTCGAGGGGTCCGTGTTCTTTTTCGAGAACGCGGACGTCGCCGTCGCCCTCCCCGGGGCGGTCGCGCTGGTGCTGGGCGGGCTGCTGGTGGTGGCGCCCATCGTGCCCGGCCGGTCCATCTACTCGGAGATGCTCCCCCGGCCCGGCGCGCTGGTCCGGAACGGGGCCCAGACGCTCGGCCTGCTGGCGGTGTGGGTGGGCACCGGCGGCGACCTCGTGGGCGTCTCCGGCGGCGCCGCGGTGCTGTTGACGTGCTCGGTGGCCATCGCCGCGGGGCTCCTCGTCAACGAGGTCTACATCCGCGTCGTGGAGCCGCTCCGGATTCTGGTCCTGGGCGTCGGGCGGGCCCCCGTCTGGGCCCCGTCGGCGGTGGCGCTCGCCGCGGCGTTTGTGGTCGTGACGACCGGCTGGGGCGTGCCGGTGCCCGGGCCGCCCGTCGAGCCGGCCGGCTTCGTCGAAGCGTTTCAGGACATCGCCGACCATTCGATCCCTTACACCTGGACCGTCGTCTCCCACAACGGGATCGGCCTCCGGGCCCGGCACCGAGGCCGCTTCATGGACTACGAGTACTTCCTCCAGAACTTCGACGCCGGTTGGTACTCGCACCACGGCCGCGACGCGATCCCGACGCCCGACGTCTACCTCTTCCTCGAGCGCGGCCGCGGCCCCTCACTCGTGCGGGAAGAGCTGAGGCCCTCGGGGCGCCGCCATTCGGAGCGGTTGCGCACGTGGGTCGACACCTACGCCCGTCGCGACGACCTGCCGGCCACGCTGACCGTCGTCTACCGCGACGACGAGGTCGAGGTGCTCCGCCTCGGTCGCCCGGCCGGCACGCTGCTCGAAGTGCCCGCCGACCTCGTCATCCCCGGCGCGCCCGCGCCGATCGCTCGCGCCGACGCCCGATGACCGCCCTCCGCGCCCTGCTCGCCGTCGTCGGCATCGCGGCCACCGTCCTCGTCGGGTCCCGGATGCTCGCGGCCGACGCGGACGCCCGCTTCGTGGCGGTCGTCGACCGGCCGGTGGCTGCACGCGCCGCCGAGGTGCTCCTGCTCGTCGACGGAACGGACCCCTACGCCGCGCCCGTCGTCGAGCACGTGCGGACGGCCCTGGGGCGGACCCGCGTCGCGTTCGCGGAACACGACCTCGCGTCCGGCCAGCCGCTCCCGCCGCTCGGCTCGATGCAGGCGGTGCTGACCGTCGTCGAACGCTTGGGCCAGATGTCCGACGAGGACGCCCGCGAGCTGTCCGCGTTCGTGCGCGGCGGAGGCGGGCTGGCGGTGTTGTACCGGGGGCACGACGCCCGTCTCGCCGGTCTTCTAGGGGTCGAGCTGACAGGGGCGCCTCGGTTTTCGACCGCCCCGGAGCCCCTGACGTTCACAGACGCCCTGATGCCTGGGGGCGACGACCTCACGCTCCAGCCGGTGGCGCTGTCCGCCCTCGACGTGCGCGCCGCGTCCGACTGCGACGTGTTCGCCGAGCGCGAGCAGGGCCGGCCGCTGGCGTGGACGTGCGCCCGGGGCGCAGGCCGCGTCGTGTTCTGGAACACGGTCGCGCTCGGGGCGAAGGCGTTCCGAGGGCACCTGCTGCAGTCGCTGGCGCTCGTCCACCCCGCGCACGTCCGCCCGATGGCGGGGTGGGCGACCGTCTACCTCGACGACTTCCCGTCGCCGGCCTCGAACCAGCGCGTCGAGCCGATCTGGAGTGCGCACGGGGAGTCGCCCGCGACGTTCTACGCCCATCGGTGGTACCCGGACATGGTGGCGATCGGGGAGCGCTACGACCTCCCCTACACGAGCACAGTCATCTATTCCTACAACGGCCGCACGACCCCGCCCTTCGATCTCGGGGAGTGGCTGACCGGCCGGGTCCAGAGCTTCGGCGGGCTGGTCCCGTACGCGCCCTACATCATGGCGGAGGACGCAGGGCGCTCGGAGCTGGCGCTCCACGGCTACAACCACGAGCCGCTCCGCCTTGACGTCTGGGGCACGCAAGCGCCCATGATCGACGCGCTCCGGGTCGCGCGGCGTCGCTGGGTCTCGGAGGACGCCGCACCGCTGCCCACAACGTACGTCCCGCCGATGAACCGCATCGACTCGGTCGGCGTGGCGGCGCTGCGGGCGGCGTTCCCGGAGACCCGCACCATCGCCGGCCTGTACTTCGGGCCGTCGGAGCTCGGGCAGGACCGGGAGTTCGGGCCCGAGCCGTGGGCCCCCGAGGTGTACGCGCTCCCCCGCAACACCGCCGGCTACGTAATGGGCGACGAGGCCCGCCTGCGGACCCTGACCCTGCTGACCTCGCTCGGCGTCTGGTCCCACTTCGTCCACCCCGACGACGTGTACCCCAACGCGGACCGCGCGACCTCGTACCGCGAGATGGGCCTCGACGACCCCGCGGCGTTGGGGTGGGAGGGGGGCGACGGGCTCCGCGCCGCCTTCGAGCGCTGGGTCCGCTTCGTCCAGCTGCGCTACCCCTGGATCGATTTCGTGACCGCCCGCCAGGCCGCCGACCGGATGCACGCCTTCGACCGCCTGTCGCTGGCGTCGACCCCGCGCGACGAGGCGGACGGGCGGGCGCTCGCTCTCCGGCTCAGCCAGCCCCGCCAGACGGTCGTGACCTGGGCCCGGCCGGGCGAGGCGCTGGTCGAGGTCGACGGCGGCACAATCGTTGACGTGTGGGAGGGCCCGCTCCTCACCCAGTACACCGTGCGCGCGTCGGGCCTCGACGTGTCGCTGCGGTTCCGCGATCTCCCGACCCCATGACGTTCCGTGCCGCCGGCCTCGCGCTCGCCCTCGCCCTGTCGGCAGGGGCGTCCGCCCAGGACCGCCCCTCGCTCGACGCCCTCGCCGCCCGCGTGGCGGAGGCGCCCGACGACGCCCAGGCGCGGCGCGCGCTGGCCGCCCGCTACACCGAGGCCGGTCGGCCCGAGGCCGCCGTGCCCCACCTCGCGTGGCTCGCCGACAGCCGGCCCGCCGACCCTGACGTGCTCCGGCAGCTCGTCCAGCACCTGCTCTGGACCGACCGCGCGTCGGAGGCCGTGCCCGTCCTCGACCGCCTGGTGGCCGTCGACCCCGCCGACGACGACGCCCGCGTCCGGCTCGCGGGCCTGCTGACGTGGGACGGCGGGGCCGCCCGGGCCGTCGACCTGCTGGCGCCGATCGCCGAGCGCCGGCCCGCCGACCCGGCCGTCCAGCGCGCCTTCGCCTTCGCCCTGCTCGCCGCCGGCGACGACCG
NZ_CP177357.1_gap32	1455626	1456678	1052	GCAGAGCTGGACGCCCTGGCAAGCTTCGACGTCGTCATCCTCGACCCCGACACCTACGAGGCCGACGACGTGGTCGCGCTCCGGGACGCCGGGGTGGCCACGCTGGGCTACGTCAACATCGGCGAGATCGAGGACTGGCGCTCGCACGCGCCCACCGTGGATCCGTTGTGGGTGCTCGGGGAAAACCCCGCGTGGCCCGGCCACCAGTTTATCGACGCCCGCCAGCCGGGTTGGCGCGAGCTCATCGTCGGGACGGTCGCGCGGCTCGTCGTCGCCAAGGGATTCGACGGCCTGTTCCTCGACATGGCCGACGTCGCCGCACCCGCCCTGTTTCCCGAGACGGCTGACGGGGTCGTCGCGCTCGTCGAGGCGCTCCGCGAGGCGTACCCGATGCACGCGATCGTGATGAACCGGGGGCTCTTCCTCCTCGACCGGGTGGAGCCCGCGCTCGACGGCCTGCTGGTCGAGGGCGTGTGGGCCCGACTCTCGCCGGACGGCGCGTACGTTCGGACGCCGGCCGACGAGACCGACCGATTGGTCGCCGCCCTACGCCGCATGCGCCAAGCCGGCGGCGGCGCCTTCGCCGTCGATTATGCCGACACCGACCGCCTCCGCGCCCATGCCCTCGACGCCGCCCGCCGTGCCCGACTCCCCATCTACGTCGGCCGGCGAGCCCTCGGTGGGCCCGAACTGGACGGACGAACAGGCTGGTAGCGCCGACGTCGCGCTCGTCCTCGAAGGCACGTATCCCTACGCCATCGGCGGGGTGTCGACCTGGCTGGACGGCCTGATCCGGGCGTCGCCGGATGTCTCATTCGGTGTGTGTCATCTATATGCAGGACAGCGGCCGGGCGCCCCGGCGTTCGAGCGTCCGGACAACGTGGTCTGGCACACCGACCTGCGTCTTCCGGACGCGCTCGACGCGATCGACCCCGACGAGTTGGCGGCCCAGTTGCCCGCGTGCGACGTGGTCCACGCCTTGTCGACGGGGTTTGCCGGGCTCGTCGGGCGTTCGATCAAGCGCCAGCGCGGCGTCCCACTCGTCGTGACCG
NZ_CP177357.1_gap33	1466368	1468873	2505	GAGGAGCTGCTCCGCGTCGGCCACCGCTCGATGGAGGTCGACTTCGCGTTCCGCGTCGACGCGACCGACTACCGCGTCGTCCGGAGCTACCAGGTGTCCGCGAGCGGCAAGACCTCGAAGCCGGGGCTGGAATTCCAGGTCCTCGACGGCGAGACGTGGCAGGCGCTCACCGCCGAGTCGGTCCGGGCGACGCAAGCCCTCATCGAGGGGCGCGTCGGGATCGACTACGAGACGTTTATCAACTCGACGTTCCTGCTCCAGGGGCGCAGCGACGAGTTCACCAAGAAGCGGCCCGGCGAACGGAAGGAGATCCTGGGTAAGATCCTGGCGCTCGGCCGCTACGACCAGCTGGCGGCGCGCGCGGGCGACCGGTGGTCCCGGCTCCGCGAGCGGGCGACGGCGCTCGAGGCCGAGGCCGCGCGGCTCGACGACGCGCTCGAGCACGTCGGCGCCTGGGAGGCGGACCGCGACGCAGCACAGGCCGGGGTCGCCGAGGCGACGGCGGAGGTCGAGGCGGCCGCGAAGGCCGTGGCCGATGCCACCGCCACGCTGAGCGCGCTCGACGCGACGGCGCGCGAGGCCGAAGCGCTCCAGCGGTCGCTGGCGGAGGCGGCCAACCGGCTGGCGCGGCTCGACACCGACGACGCCCGCGTCGCGGCCCAGATCGAGTCGGCCGACGCCCTCATCGCCCAGGCCGAGACTATCGAGGCGGCGCACGCCGAGTACGAGGCGCTGCGCGCCCGCCGCGCCGCGCTCGACGAGAAGGCCACGCTGCACCGCGGCGTCGACGACCAGCGCCACGCGCTGCGGCTGGAGATCCAGCAGTCGCGAGCGGCGGCCGAGGCCGAGGTGACGAAGCTGGCGGGGCAGGTCGAGACGCTCGACCGACAGATCGCGGCCGACACCGAGGCGATTGCCGGGCGTGCCGAGGCCGAGGCCGCGCTCGCCCGCGCCGAGACGGCGCGCGCCGCCCTCGACCGCCTCGACGCCGCCGCCAAGGAGCGCGACACCATCGCCGCGCGCATCGACGCGCTCGACAAGCGGCTCGCGGCCGACAAGGGCGCGCTCGAAGGCCGGTACGCGAGCGTCGTCGACGAAGGCAAGCGGCTGGCGGGCGAGGTCAAGGACTCGGCCGCGCCGGACCTGGCGGCGCTGACGGCAGCGGTCGCCGAGGGCGAGGCGGCCGTGGCCCGGCGCCTGGCCATCCAGACCGAGGGCGGCGAGGCGTCGCGGACCGTCGGCGCGCTCGACGGGCGGCTCCAGTCGCTGGCGGCCGACCGCGAGCGCATCGAGGCGCGGCGCCGCAAGCTTGCTGAGAGCGATGAGGACGCGTGTCCGACGTGCGGCTCCGACCTGAGCGACGCCCACCGCGCGGACGTCCTCGCGGGCTACGACGCCGAGCTCGCGGAGATCGCCCGCCAGCGGGCGGTCGCCGAGCGCGAGCGGGGCGAGGCCGTCGCGGCTCGCGACGCACTCCGGGCCGAGTTCTCCGCCCTCGGACCCGCCATCGACGCCGGCGAGGCGGCGGCCCGAACGCTCGCGTCGGCCGCCGACGAGGCGACCCGCCGGGCGGCGGCCGAGTCGCGCCTGGAGGCCCTGCGCGAAGAGGCCCGCCAGATCAAGCACCAGATCGACCGCGAAACCTTCAGCCCCGATGTGCGCGCCGAGCGGACCGGGCTGGCCGACACGCTCGCGGCCGTCGCCTACGACGCCCCCGCTCACGACGCCGCCCGCTCGGATGCCGCCCTCCGCGACCACTGGGCCGGGCGGCTCCGCCAGCTCACCGTGGCCGCGGAGCGGCTCGAGGGCGCTCGCGCGGATCACAAGCGCCGTACAGTCGACCTCGCCGCCGCTCGCGCGGCTCTCGACCGCGGAGACGCCGGGGCGGAGCTGAAAACCCGGATGGCCGCGCTCGACCAGCAAGTCGAGGCCATCGGCTACCGCGCCGACGAGCACGAGCGCGTGTCGCGCGCCCTCGACGCCCTCGCCGACGCCCCGGCCCGGCTGGCGAGCTTGCTCGACGCCCGCCGGCAGCGTGCCGACCTCTCCGAGCGCCGCGCGGCCATCGCCGCCGACCGCCGCGCCATTGCGGAGCGGACCGCCGAGCAGCGGACGGCCCTCGACGCCTTGCAAGCCTCGCTCGCGGCGCGCGACGCGGCGGTCACCGCGCGCGACGCGGCGGCCGAGGCGCGAGCGACGGCGCAGTCGAGGCTGGCAGCCGCCCAGAGCCGGCTCGGCGGGCTCACCGAGCGGCTCGACCGCGCGGCCAAGGACCGCGAGCGCCGGACGGCCACCAAGGCCGAGCTCCGCGACGTCAAAAAGGAGCGCGCGCTCTACGGCCACCTCCGGCGGGCGTTTGGCAAAAACGGCATCCCGTCGCTCATCATCGAGGAAACACTGCCCGAGATCGAGGCGCGTGCCAACACCTTGCTCGACCGGCTCTCGCGGGGGCGCACTCGCGTGGCCCTGGAGACGCTCAAGGACAAGAAGACCGGCGGCGGCACG
NZ_CP177357.1_gap34	1526214	1529519	3305	TCGCGGCCCTCGACGACGCCCTCGCCCCAGACGCTGGCGCGCCAGTCGGCGTCGCGCGCGTAGATGAAGGTCCGCTCCGCATCGGGGTCGAGGAGCCGGGCGCCCCCGTCGCCCACAAAACTGTGGACCCGGTCGAGCGGCTCGAAGAACTCGCGGCGGAACTCGCCGAGCCAGAACCGTCCCCCCGGCCCCAGGCGGTCGGCCCGGGCCGCCAGCGAGTCGAGGTGCGTCCGGACGACGCGGCGGTCGACGGGGCGCGTCTCGTGGCGGTATTCGGGGAGCGCGCCGGCGACCCGCTGGATGACGAGCCAGTCGTAGACGCGGTGCTCGGCGGGGACGATCTCGGGCTGTGCGGCCACCGCGCTCGCCAGCGACGCGAGAAGAAGGAGGCCAAGCGTGCGGTGCATGCCCAAAGCTAGCCGTCCACCGAAGCCGGTTGCGCGCCCCCGGACGGGCGCCTACCTTCTCGGGGTCACCCCACCCCTTTGCCCGAGACCCTTTCGTTACGCGCACCACGCCTGCCGCGCTTGTCTCGTCGCATTGAGATCCTCGCCCTCACCCTGGGGGACGCCCTCGCCTCCGTCGTCGCGCTCAGCGTCGCCGCCTGGGGCCCGGCGGCCGTGTCGTGGCTGCCGCCCGTGGTCGGGTCGGTCCCGCTCGCGAGCGCCCTGCTGGTGGCCGCGTGGGTGTTGCTGTTCGCCTTTTCCGGGCTCTACGCCGAACGCTACGCCCGCGGCCGTCTCGACGAGCTGGTGACGCTCGCCAAGGTGGTCGCCTTCGGCTGCCTCGCCCTCCTCTTTGGCGTCGTCATCGACCGGGTGCAGGGCGGCGACGTGCGGACGGCGATCGGCTCCTACGCGCTGGCGCAGTTCGTGGCCGTCGGCGGCGTGCGGCTCGTGCTCCGCGCCATCCAGCGCGCGCTCGTGGTCCGGGGCTACGGCCGCCACCGCGCCGTCGTGGTCGGGTGGTCCGACCGCGTCGAGCCGCTGTACCACGATCTCGCGCGGTACCCGGCGGCCAACATCGAGATCGTGGGCGCGCTCCGCCTGCGAGCTCCGTCCGACGTGCCCGTGCTGGCGGACGGGACGCCTGCGCCGGTGACGTTCACCGAGCGGTTTCCCGGCGGCGACGCCCTGCCCGACGGGGCCATCGAGGTGACGGCCGCCGGCGCGCCCGAGGCGGCCGTCGCTGAGTTGCCCGGCCTGATCGACCGGCTCAACGTCCAGGACGTCATCATCGCGATCGGCTCCGAGGACCACGCGACGCTCGACGAGGTGCTCCGCGTCTGCGACGGGAAGGCGGTAACGCTCAAGCTGGTGCCCGACTTCTACGCGGCGGTCGGCGGGATGGCGCGAACGGAGCACACGTACGGCCTGCCGCTGATCGAGGTGCTGCCGGAGCCGATGCCGGCCTGGGAGCGGCGCACCAAGCGCATCGCCGACGTGGTCGTGAGCGCGCTCGTGCTCCTGCTCGGGGCGCCGGTCTGGCTCGCGGTCGCCGGCCTCGTCCGGGCCACGTCGCCGGGCCCGGCGATCTACCGGCAGACACGGGTGGGTCGCCTCGGCAAGCCGTTCACGATGCTCAAGTTCCGGACGATGGTGGACGACGCCGAACGCCACACCGGGCCGGTCTGGGCCGAAAAGCGCGACGACCGCGTGACCCCCATCGGCCGGTGGCTCCGCCGCCTGCGCATCGACGAGATCCCCCAGATGTGGAACGTGTTCGTCGGCCACATGAGCCTGGTCGGCCCGCGCCCCGAGCGGCCCTACTTCGTCGACAAGCTGGCCGATCGGATCCCGCTCTACAGCCGCCGCCACCGCGTCCAACCGGGCGTCACCGGGCTCGCGCAGGTCAAGTGGCGCTACGATACCGACCTCGACGACGTCCGCCAGAAGCTCAAGTACGACCTGTTCTACATCGAGACCATGAGCCTCGGCCTGGACACCAAGATCCTGTTCCGGACGATCCGCACCGCGCTCGCGGGCAGCGGGCACTAGGCCGAAGGCTGGCGCACGCCGGGGGCGGGCCCGCGGAGTCCGGGCGGGTACCTTCGGGGGCCCCTCCCCGGACCCATGCCCCGCCCGACCGAAACCGCCGCCCCGACGGCCGTCGACCTCGACCTGTACCGCGCGCTCCAGCTGCCGCGCACGGTCGAGGACAAGATGCTCCGCCTGATCCGCCAGAGCCGGATCTCAAAGTGGTTCAGCGGCTACGGGCAGGAGGCGATTGCCGTCGGCTGCGCATACGCTCTCGAGGAGCGCGACTGGCTGCTCCCGATGCACCGCAACCTGGGGGTGTGGACCACGCGGGGCGTGCCGCTCCGCCCGCTGTTCTGTCAGATGATGGGGCGCGAGGGCGGGTTCACGAAGGGCCGCGACCGGACCTTCCACTTCGGTCTCCCCGAGCGCCGCATCGTGGGCATGATCTCGCATCTTGCGGCCATGCTCCCCGTCGCCGACGGGCTCGGCCTGGCGTCGACGCTGCGCGGCGAGGACGCCGTCGCGCTCGCGTTCACCGGCGAGGGGGCCACGCGAGAGGGCGACTTCCACGAGGCCCTCAACCTCGCCGCCGTCTGGCAGCTGCCCGTCGTGTTCGTGGTCGAGAACAACGGCTACGGGCTCTCGACGCCGACGGCTGACGCGCTGCCCGTCGAGGACATCGCGGATGCGGCGGCGGGCTACGGGATGCCCGGCGTCGTCGTCGCCGGGAACGACGTCGACGCCGTGATCGCGGCGGTTCGCGACGCCGCGGCCCGCGCGCGCGCCGGCGACGGGCCGACCCTACTCGAGATGAAGACGTTCCGCGTGCGCGGCCACGAAGAGGCGTCGGGCACCAAGTACGTCCCGGACGCCCTGATCGCCGAGTGGGAGGCGCGCGATCCGGTCGCCGCGTATCGCCAGCGTCTCCTCGCCGCCGGCGTCGCCCAAGCCACGCTCGACGCCATCGACGCCGAGCTCGCGGACGAGATCGAGGCCGTCGCCGAGTGGGCGCTGACCCAGCCGGAGGTGACGTCCACCGACGACCGCGAGCACGGCGACCTGTTCGCGCCCTCCCCCTTCGAGCCGGCGCCCGCGAGCCCCGCCGAGGACGGCGTCCGGTTTATCGACGCGGTCACCGCCGGGCTCCGCGACGCCTTCGTCGGCGACGACACCGTGTTGCTGATGGGCCAAGACGTGGCCGACTACGGCGGCGTCTTCAAGGTGACCGCCGGGTTCGTCGAGCAGTTCGGCGCCGACCGCGTCCGCAACACGCCCATCATCGAGAGCGGCGCGCTCGGGTGCGCGCTCGGGCTCGCGCTCGACGGG
NZ_CP177357.1_gap35	1531298	1534893	3595	GCCCGTGGGCTTGTAGCCGTCGCCACGAAGCAGGTCCCGGACCGCCAGCCGCACCGCCTCGCTCCGCTTAAGGGGAGCCGGTCCGTCGAGCCGGAGGGCGTCGACCGCCTCCGCCGGCGAGCGCGTCTCGGCCAGCGGCCGGGAATAGGTCGCCGCGAGCAGGCCGACCGCGAGCCCTGGGATCTCGCTTGCGGAGGCGAGCAGGGCGTCGAGGTCGGGGGCGGTCATGGGCGGGCGTCGGTCGTGTCGGGGGCGTCTGCTTCAGGGGGACCGAAGAAGCCGCCCTCGGAGAACGTGTCGCCGAAAAGATCGCTCTCCGAGCCGTACGCGAGGGCGTCGAGCACGAGGGCCGAGAGGTCACCTCGGAGCCGGGTCACCATCAGCTCGCCGTCGCCGACGACGACCGCGACGAGGTCGGTGATGGGCCCATCCTCTCGCTCGCGCGTCATCACCCAGACGGCCTCCGACGAGTCCCGAGCCGTGACGAGGGGGATCCACCCGTCACGCTCGTAGTCGGTCAGAAACGAGGGGCGCTGGATGGCGAGGGCGTCGACGGTCCCCTCGATGGGCGCGCGGGCGACCTTGATCTGGCGGACGTGGCTCGAGATGCGGCGGTACGGCTCCGTCGCGCTCGGCGCGACCAGCCTCGTCAGAAACCGGGACGAGCCGATCGTGCCCCGGCCGAACGCGACGGCGAACCCGCGCCCGACCGTCGCGTCGCCGGTCCGCTCGATCTCGGCGGCGACCTCGCGCTTGGCGCGGCCCATCTCGATGGAAACGCACCCCGACAGGCCGAGGCCCATCGCCAGCGCGAGCGCGAGCAAGCGGCTACTGGTCATCGTCGTCCTCGTCGTCGCTGCCCCAGTCGCTGTCGATGTCGACGCGGCCGAAGCGCTGGCTGAGGGCGCCGACCTGCGTCGGGTCGATGGTCCCGTCGATCAGCACGAACACGGCGTTGTTGTCGTCGGGGTCGACCGCGAGCACGGCCATCCCGTCGAAGACGTCGCCCGCGTCGCGGACGTAGACCCACACGTCGCCATCGTCCTCGACGGACGTCCCGGGGAGAGAGCGGACGCGGACGAGCGTGAGCCAGCCGTCGGCTTCGAAGCGGCGGCCGACGTCGGCGAAGTGGGTGACCGCGAGGGACCGCTCGGCCTCGGCGGCGGGGTACACGCGGACGGTCACGCGGCGCAGGCCATCGAGCATGAGGGCGGCCTCGGGCTCGTCCGTCCGCGCGGCGGCGGCGGCGAGCCGCAAGAGCGACCCCTGGAGGTTGATCTCGACCTGGGGCTCCGACCCGAACAGGGCGTCGAGGTCGGCGCCCGAGATGGGCTGGGCGGACAGCGGGAGGGCGAAGGCCGCGAGCGCGGCGAGGATGAGGGGGCGCATGGCTAAAAGGGGAGGGCGGTGTCGAGGGTGGAGGTCAGGGCGCTCGCGTCGTCGCGGATGGCGTCCCTGGCTTGCGTTTGGGCGTCGGCGACGAGGGCGAAAGCGAGCGCGAGGTCGCGCCGCGCGGCGGCCACGTCGTCGGGGGAAGGCTCGGGCTCGGCGACCTCGTCGGGCGGGGAGTCCGCATCCGGCTCGGTGGCCGCGACCAGGTCGGGGCTCGGAGCGGTGGGCGTCGTCGCGGGCACCGGTCGGGGCAAAGGCGTGGGTCGGGGGGGCTGGTCCGCAGCAGGGGCGAGTGTCGAATCGGGAGCCGGCCGCGAGGCCTCCGGGATCTCGGACGAGTCCGACGAGGCGAGGGACGGTGAGGGCTCAGCCTCCGGCGCGGGCGCCTCAACGCGAGCGATGTCGGGGGCCGGGGCCTCATCTCGCGGGAGTAGCCAGATCGTCGTCGACAGCGCGAGCGCGGCAGCGAGCGCCAGCGGGACGAGCCGCAAGCGGCGCAGCGTCCGCCCGGCCCGGCTCGCGGGGACGGCGGCGCGGTCGCCGGTGCGGCGCGACGGGCGGCCGACGCTGGCGAGCGCGGCGTCGAGCACGGCGGGCGGGCACGCCACGTCGGCGAGCGCGGACAGGCCGACGTCGTCGGCCAGGAGCTCGGCGTCGCAGGCGGCGCAGCTTGCGGCGTGAGTTTCGAAGGCCTGGGCGTCGGGCTCGGCGAGCCGGCCGTCGCGGTAGGCGTCGAGTCGGGTGCAGTCGGTCGTCATGGGACCAGCTCGGGGGCGGAGGCGGTGAGGGCGTCGCGGACCCGGCGGCGGGCGCGGTGGAGGTAGACCTTGAGCGTGTTGAGCGGGAGGTCGAGGGCGTCGCAGATCTCGTGGTAGCTGAGCCCTTCGATCTCGCGGAGCACGAGGATCGAGCGGTACGGCTCGGCGAGTGTGTCGACGGCGCGCGCCAGCTCGACCCGGAGGTCGCCGGCCTCGGCGTGGTCGTCGGGCAGCGGCTCGTCGCACGAGGGTTCGGCAATGGCTTCGGCCATCCCGGGCTCGGGCCGGACGCGCCGCTTGCGCAGCAGGTCGAGCGCCGCGTTCCGGGCGACACGCGCGCACCACGCGCGGCGGCGGGCATCGGGGATCTCCGCCACACCCCTCCACACCTTGACGAGCGCGTTCTGCGTGGCGTCGGCGGCGTCGGCCGGGGTCCCGGTCACGCGGAGCGCGACGCGGTAGACGAGGTCGGCGTGCTGACGGACGAGGGCGTCGGGGGACATGGACGTGCGGGGTGCGCCTTCCCGACGCGGGGCCTCGCAGGAAGGTTACAGGCCGTCGGCCGCCCAGATGTGCCCTCGCCCTTGGGCACCTGAGCCCCGGGATCAGGCTTTTGCCAGCGAGTCGGCGAGCCGCTCGGCGGCCTCGCGCGCCGCCGTGGCGTAGTCGGCGCCGGATGACGCGTAGAGAATGCCACGGCTGGAGTTCACCAGGATGGGCCCGCCCGCATTCGCCTCTAAGGTGTCGGCCGCCGACCCGCCCTGGGCGCCGACGCCGGGCACGAGGAACGGCACCTCGGGATGCGCCTCGCGGAGCGCCGCCAGCAGCGCGGGCCGCGTCGCGCCGACGACGAAGCCGGCCTCGCCGGGGAGCCCCGCGGCGGCCTCCGACGCCAGCCGTGCAACGTGCCGATACAGCGGGGCCCCGTCGACGGACAAGGCCTGGAGGTCGGCACCGCCGGGATTCGAGGTGGCCACGAGCACGAAGGCGCACCGGCCGGGGTGTTCGAGGAACGGCGCGACGCTGTCGGTCCCCATGTAGGGCGCGACGGTCGCGGCGTCGCCGCCCAAGGCGTCGTAGAGCGACGCAGCGTAGCGTCGGCCCGTGTTGCCGATGTCTCCGCGCTTGCCGTCCAAAATGAGCAGCCGTCCCGTCTTGCGGACGGCGTCGCAGACCTCCGCGAGCGCGTCCCAGCCGTCGGGGCCGTAGGCCTCGAAAAAGGCCAGGTTCGGCTTGAAGGCGGCGGCAACGCCCGCCGTTGATTCCGTTATTGCAATGCAAAACTGGGCCGCGTCCCCGGCAGAGGCGCCGAACGAGGCGGGCATCCGGTTGGGGTCCGGATCGAGACCGACGCACAGCGGCGCGCCGGCCTCCGCGACGGCGGCGGCGAGGCGAGTGGAGAAGGAGAGGGGCGAGGCCCCATCAGCGGGGAGAGCAGCGTCATC
NZ_CP177357.1_gap36	1537859	1542156	4297	CATGCCGAGCCACATCTACCTCGCGCTCGGGCTGTGGGACGACGTGGCGGCGATGAACGAGCGGAGCTACCTCGCCGCCAAAGCCGGCACGGACCGTCGAGGCGAGGCGCTCAACGGTCATGGCTGGCACGCGCTCTGGTGGTGGCACTACGCCGCGCTCCAACTCGGCGATGTCCCGCTCGCGGACCGCCTTCTTGCCCTCGCCCGCGACCTCGACGACGGGTCGGGCACGGCGACCGCCCACCGCGTCCGGATCGGGGCCCAGCACGCGATGGCGACGGCGGACGACTCGGGGCTCGGCGACCCGCCCTCGTTGGACGTAGGCGTGTCGACCCTCGCCGTCGATGCCCTTCCCCGGGTGACGATGGCGCTGGTGCGTGGGGAGGAGGGCCGAGCGCGCGAGGTTCTGGCCACGCTCGCAGCGGCGGTGCGGGCGGCCGGCGACGTGCCCTGGCATGCGGAGGCGACCCTGTGGATGGTCCGGTCCGCGCTCGACACGTACGCGGGCAACGAGCCGGCGGCGATCGAGAAGCTGGAGCGAGCGGCCCAGCTTGAGCGCGAGGCCCCGCTCACCTTTGGCCCCCCGGCCCCCGTGAAGATGGCCAACGAGATGCTGGGTGCCGCCTGGGCAATGGGGGGGCGCTGGGCGGAGGCCAGGGGCGCGCTCGAGGCCGCGCTCGCCCGTGCCCCCGAGCGCCGGTCGGTGATCGAGTGGCTCGACGCGGTGGAGGAAGGCGAGCGGGCGGCGGCGACCGGCGGCGAGTAATCGCGGCGAATCGGGCCGAGCGGTGGAACGGGGCCGCGCGCCAGCGATACCGACGGGACAACTGTCTATCAACCGAATGGAATTGACCCCCGCCGTCGAGCGGACGCGCCTGGACTCGGGCGTCCGCGTCCTGACTGAAACCGTTCCCTCCGTCGGGTCCGTCGCCGTCGGCGCGTTCGTCGACGCCGGCAGCCGAGACGAGGCCGCCGCGGAGGGCGGCATCACGCACTTTATCGAACACATGGTGTTCAAGGGGACCGGGCGCCGCGCCGGGTACCTCATCAACCAGCGGATGGAGTCGGTGGGCGGCTACATGAACGCCTTCACGACCAAGGAGCACACGTGCTTCTACGCACGCGGCTTGCGCGAGCACCTCGGCCGCAGCTTGGAGTCTGTCCTCGACCTGGTGACGCAGCCAACGCTGCCGGCCAAGGAGATCGAGAAGGAGAAGGACGTCGTGGTCGAGGAGATCAAGATGTACGAGGACGCGCCCGAGGACCACATCTTCGACCACTACGAGGCGCTACTCTACCCGGACCACCCGCTCGGCCGCCCGGTCATCGGCACGCCCGAATCCGTCCGCTCGTTTTCGCGCGACGACCTCGCGGGCTTTATCGGCCGCCACTACGTGCCCGACCGCCTCGTCGTCTCCGTCGCCGGCGCCGTCCGCCACAGCGACGTGGTGCGCCGCGTCGAGACCTTGCTGGCCGACTTCGACCGCGCGCCCGCGCCCGCCGACCGCGCCCCGGCGAACGGGTACACGCCAGGCGACGTCGTGATCGAGCGGCCCGTGCAGCAGGCGCACCTCGTCATGGGCACGCGCTCGTTCGGCATCGAGGACCCGCGCCGGACCGTGCTCTCCGTGCTCAATACGATCCTGGGCGGCGGGATGTCGAGCCGGCTCAACCAGAACATCCGCGAGAAGTACGGCTGGTGCTACTCCGTGTACTCGTTCACGAACGTCCAGACCGACTCGGGCGACGTGGGCGTCTACATCGGGACCGACGCCAGCCGCGTCGACCGCTCGCGCGTGCTCATCGAGCGCGAGCTGACCAAGCTGGCGGAGACGGAGGTCAGCCCGCGAATGCTGTCGCGCGCCAAGCACCAGCTCAAGGGCTCCATCATCCTGGGCCTGGAGAGCACGTCGAACCGGATGCAGCGGCTCGGCCGCGTCGAGCTGGCGTTCGACCGGATCGTGCCCATCGCCGAGGTCGTCGGCGAGATCGACGCCGTGACGGCCGCCGAGGTGCGCGACCTCGCCGCCGAGCTGTTCGCGCCCGGCCGCCTGTCCTCGGCCGTCCTGCTTCCCTCCGACCGCTAGACGATCTCGGGAGCGATCCCCGATTCGCTCAAGCCGCACGGCGCTCCGCCGATGCCCTGCACGCCCTCCGCCTCCACTGATCCCGCACCCATGGCTTTCCGCTTTGCCGGCCGTCCCGTCCTCGTCACCGGCGCCGCCGGCTTTATCGGCTCGCACGTCGCCGACCGCCTCGTCGCCGAGGGCTGCCAGGTCCACGTGCTCGATGACCTGTCAGGCGGCGTCCGTTCGAACGTGCCCGACGGCGCGGTCTTTCACAAGCTCGACGTCCGGTCGGACGAGGCCGCCGCGCTCTTCGAGGAGCACCGCTTTGCCGCGTTGTGCCACCTCGCGGCCCAGATGGACGTCCGCAAGTCGGTCGCCGACCCCAAGTTCGACGCCGAGGTCAACGTGCTCGGGTTTTTGAACCTGCTGGAGGCGGGGCGCCAGAACGGCTTGGAGAAGGTGACGTTCGCCTCGACCGGCGGCGCCATCTACGGCGAGCCCGACCCGACGGTCAACGACGGCGGCCCGCAGCCCGAATCGCACCCGACGCAGCCGCTGTCGCCGTACGGCATCACAAAGCTCGTCAGCGAGCACTACCTCAGGTTTTACGCCAACACGTACGGTCTGGAGACGGCGGCGCTGCGCTTTGGCAACGTCTACGGCCCGCGCCAGAACCCGCACGGCGAGGCCGGCGTGGTCGCCATCTTCGCCCAGCGCCTGATGCGCGGCGAGCCGGTCCAGATCAACGGCGACGGCACGCAGACGCGCGACTACGTGTACGTCAAGGACGTCGTGCGCGCGTTCGTGGCCGCGCTCGCGAACGAGGGCTCGGGCATCTACAACGTGGGCACCGGCGTCGAGACCGACGTCAACGAGCTGTTCCACCACATCAACCGGCTGACGGGCGCGGGCGCCGACGAGGTCCACGGGCCCGGGATGCCCGGCGAGCAGAAGCGGAGCGTGCTCGACGTGACGCACACCGGCGAGGCGCTCGGCTGGGCGCCCACGGTCAACGTCGCGGACGGGCTCGCGGAGACCGTCGAGTGGTTCCGCCAGCGGGAAGGGTAGGGGAGGGGCGGACGGAGGCAGGACGGCCGTAGCTTCGGCAAAGCCGTCCCCCCATGCATCGCGTCCACCTCGATCAGTTCGAAGGGCCTCTCGACCTGCTGCTCTTCTTTATCCGGCGGGACGAGATCGACGTCCACGACATCCCGATCGCCCGGATCGCGGACGAGTACCTCGAGGCCGTTCGCGTCCTCGAGCACGTGGACCTCGACGCCGCCGCGGACTTCATCTTCACGGCCGCCCTGCTGATTCAGATCAAGGCGCGGATGCTGATGCCGCGGCCGGAGCTCGACGAGACCGGCGAGCCGATCGACCCCCGCCAGGAACTGGTCGACCGACTCCTGGAGTACGTCCGGTACAAGGAGGCCGCGGGCGCGCTCGCCGGGCGCTTCGAGGCCCGCCAGCGCTTGCGCACCCGGTCTGACGCGTCTGAGCGCGCGCGGCTCGGCCCGACCGAGATCACGTACCGCGCGACCATCTTTGACCTCGTCAAAGCGCTCGGCGCGGCCGTCGATCGGGCCGCGCCCGTCGAGCCGCTCCGCCACGAGGTCGAGCGCGAGACGTTCGCCCTCGACGTGCAACGCGCCTGGGTGCTCGGCCGCATCGCCGCCGGCGGCGCCTCGTTCCGCGCGCTTGTCGACCGGCGGAGCAAGCCGTTCGTCATTGTGACGTTCCTGGCCGTGCTCGACCTCGCGCAGCGCCAGTCGATCCGCCTCGTCTTCGGGCTCGACCCCCAGGACTTCGCCGTCGAGCCGATCCCCCAAGCCACCGAATCCCTCGCCGCCTAGTGGAGTCGCTCACCCCCGACACGTTCGAGCAGGCCGTCGAAGCGCTCGTCTTCGCCAGCGACGTCGCGCTGCGGCCCGAGGACGTGGCGCGGGCGTACGGCGAGGTGACGGGCGCCGAGGTCGGGCCGGAGGCCGTGACGGCCGCCGTGGAGCGCCTCAACGCGGCGTATCAGTCGGGCGGCCGCGCCTTCCGGATCGAGCGGCTCGCGGGAGGCCTGCGGATGGCGACGATCGCCGAGATGCACCCGTTCGTCCGCGCCCTCTTCGCCGACGACGAGTCGAAGCGGCTGTCGCGGTCGCTGCTCGAGACCCTCGCGGTGATCGCGTACAAGCAGCCCGTTACCCGGCCCGAGATCGACCACGTCCGCGGCGTGG
NZ_CP177357.1_gap37	1609338	1610929	1591	CGCTGGGCGTCCAGGCCGTAGTCGGTCTGCTGGATCGAGAAGTAGCCCACGCGCGGGTCGTACCGGCGCGGCCGCATCGGGACCTCGGGGAGCTGGACCATCGAGTGCGCCATCTCGACCGACAGCGTGCCCGTCGAGCTGTTCGCGGGCGGCTCGGACGCGTTGTAGGTCAGGACCGAGCGGATCTCGACGTTCTCCGGGAACGCCATCGCGCGCGCCAGGAACGAGCGGTCCTTATCGAGGCTGCGCACCTTGAACTGCTCGCGCGCGCCGCTCGGCAGCCCGAAGACCGGCGTGTCGCCGGTGAACGTGCTCGTCACGTCGACGACGACGGCCGTCGAGTCGGCGTTCTCGGCCTCGATCTTGAGCCGCGCGATGATGGGCTCGAACTGGGCGTCGGCGACGGCGCGCGCGATCGGGAGGTTCGGGTCGGCGACCGAGCTGTACTGGACGGTCCGGAGCAGCACGTGGTCGGCCTGGCGCTCCCACCGCACGGCCTGCGTGTTGACCTTGATGCCGCCGTACTGGTAGCCCTCGGTCGTCCGCGCGAGGCGGCTGACGACGAGCATTTCTTTGCCTAGCAGACTGTTCGGGATCTCGAAGAGCAGCTTGGCGCCGTCGTCTTCGAGGTGGACGTCGAACATCCCCTCGTCGGTCACGGCGTCGTCGGTGACGACCGAGGCGTAGCCGTCCTCGTCCTCCTTCTCGGTGTCGGAGTCAGGCGGCGTGGCGAGGGGTTGGGTCGAGGAACAACCGGCGGCGAGGAGCGCCAGCAGGAGGAGCAAGCGAGGCATGGGCGTGGGCAGGGTGAGAGACTAGCGGGCGACAGCGCTGCGCACGGCGATGAGCCGGTCGGTAAAGCGCCGGGGGTCGTCGAGGTAGACGAAGGCGGTGAAGACGGAGGGCGTGCCGAGGCCGGGCGACTGAGCGGTCGGGCCGTCGTAGCCGTAAACGTACCGCCCCTGCTTCAACAAGAGCGTGGCCACGTAGCGGCCCTCGGTGCCGACCCATTCCATCTCGGCGTCCGGCCGGCGCTGCCAGCCGTTGAACGGGCCGACCACATACACGCGGCGCGGCGACTGGCGACTGTTCGGCGGGACGTACTGGAAGGTCGTGGCGACGTACTGCCCGTCGGTGTCGGCCCGGCCGACGTCACGGTAGGCGGACTCGATGAGCGGGATCGACGCGAGCGTGGGCTGGCGGACGTCGCCGCCGAACTCGGCGTAGTCGAGGTCGAGCAGGGCGGTCGGCGGGTTGGCCGAGCGGTCGACTTCGAGCACGTCGAGGTTGGTGCCGAGAAAGCCGAGGTCGAGCTCGAACAGGGCCTCCTGCTCGGCGAAGGCCTGGCTGCGTGGGAGGTAAAACTGGAACAGCGCCAGGTCGACGAGCGACGGCTCAGGCGCGCAGCGGAGCTGGTCCGTCCGCCCGTTGCGCCCGAAGCAGACCGTGTACATCGAGCCGTCGAACTCGGACAGCCGCCGGTCCGGGGTCACGCGCGCGGCGGGCTGGACGGCGAAGCCGACCGAGCCGCCCTGGACGGTCGCCCCGAACGCGAGCTGTACATCCGCCAGCTCTTCGCTGATGTAAAACG
NZ_CP177357.1_gap38	1621081	1621816	735	GCGTCGTCGGCGACCGTGCGGGGATGGTGATCGGGCAGCACGGCTCGTGGAACCGCAAGCCGCGCTCCGGCTACCGCGTCGTCTTTGTGCCCTTCGCCGACGGCCGCCCCGACGGAATGCCGGTCGACGTCTTGACAGGCTTCCTGTCGCACGACGAGGAGACCGCGTACGGCCGCCCGGTCGGCGTGGCGGTCGCGGGGGATGGCGCGCTGTTAGTGGCCGACGACGTGGGCAACGTGGTCTGGCGTGTAATGCGCCGCTAGCGGGCGCGCAGCCGCGCTCCGGCTACCGGACGACGACGGCCTGCCGCGCGAGGACGGCGCCGCCCGCCTGGAGACGGACCACGTAGACCCCCGCCGCCAGCCCCGCGGGGAGCGTGGCGACGTGCTCGCCGGCGGGCGCGACGCCCTCGGCGAGCACGACCACCACTCGGCCCTGGACGTCGACGACGGAAAGGGTCCGAGGGCCGGGCGACGCGAGCGCATAGGCGATGGTCGCCCGACCGCGGGAGGGGTTCGGCGCGGGAGCAGCGAGGTCCAGCGCTGTCGGGATGTCCAGAGGCGTGACGGCGACCGGCCCCTGGGGTTGCGACGCGAGCCCGTCCGCCCACGGGACCACGTCGGCCTCCCGACATGTCGCCCCCGCACACACGGCGAGCGCGCCCAGCACACCGTCGAGCGAGTCGCGCAAGCTCGGGGCGAGCCGGTCGACGTGGTTGTCGAGCTCGTAAGGGTC
NZ_CP177357.1_gap39	1652142	1655006	2864	GCATGCGTCTGTGGCCCCTCCTGCTCGTCCTCGTCGTCGCCGGGTGCGCGACGGCCACCCCCCCGATCGTCGCGACGCCGGCCCCCGAGGTGCGGGCCGAGCCGCCCCCGCCGCCCCCGGTCCGAGTCGTCGAGGCGCCGGTCGTCGAGGAGATCCTCCCGCCTGAGCCGCCCGTCGCGCCGCGCTTGCGCATCGACCGCCGGGCCGTGTACCCGGATGCCCGGGCGACGGAGTGGACGCTGGCGAACGGGCTCGTCGTGGTCTACGTGCAGAGCGAGGTGGAGGGCTACTGGATCCGGGTCGACGGCCCGGGCGGGCTCGCGAGCCTGTCGCCCGACGTCGCTGCTGGCGTCGCTGCTAGTGGTCACCCCCAATGGGGGCAGCTGACGGGTCGGGTCGGCCTCGACCGCCGAGTTGCGACCGGGCGCGCTGACGGCCTGACCGACGCGCTCGGCGCCGTCCGCGCCCTGTTCGACCAGGCGCCCACCGCTTTCGTTCAGCCGCGAGCCGGTGACCTCGCACTCCCATCCTTGGGCCTCCCACCCGGCGGGACACAAGGCGCCACTGCGGCAGACGCTTTCGACCGGCCGAGCACCTTTCGCGTGTTCCTCAGCGGTTCTGCGGGAGCTGAGTGGGTGGAGGCCGCCATCGCCAACGACCTGGCCCCGACCCGAGGCCGCCGCGCGCTGGCGATGCTGGATCGGCCCCGGTTCGTCCGCCTCGACACGCTCGACACCCGTGGCCCGGCCGTCCTCGAGGCCGCCGTCGACGCCGACTGGGACGACCTCGCCGCCACCCGCATTCTCGAGCAGGCCCTGGCCGACCGTGCTGACGTCACGCTCTCGCTCACAGGCGGGCGCCTGACGCTGCGCGCCGTCGACGGCCCCTCCCCTGCCGACCTGTTCGCCCCACTCGCGGACACCGCCGTCCGCGCCGCTCGCGACGCGGCCGAAGTCGAGGCCCGCTCGCCAGCAGCCCGGCTCGCGGCCTTTGCCGACCTGTACGCCGTACCCGGGCGGTACCGCCCGGCCCGGCGTCCGCACGACGCGGCGGCGCTCGCCGACCAGATCGCGCGGACCCCACCCGCGCGTGTCGCCGCCCTTCTCCGCCGGTTCGCCGCCACCCCCGACCTCGCCGTCCTCCGACATGAGTAAGCGCCCCCTGTTTTCCGACGCCGAGCGCGAGATGATCCGCGCGGCCGTCGCCGAGGCCGAGACCCGGACGTCGGGCGAGATCGTGCCCTACGTCGTCCGCCAGAGCGGCGACTACCCGGTCGCCGTGTGGCGGGCCGCGTCCGTCGTCGCTCTTGGCGCGGGAGTGGTCGCCCTCGCCGTCGCCTGGCTCTACGACGGGTGGGGGCTCGGCTGGCTCTACTCCGCGTGGGCGCTCGCGCTCGTCATGACCCTCGGCGGCGTCGCAGGCGTGCTCGCGACGATGGCCGACCCCGTACGCCGCCTGTTCGCGGGCGCCGACACCCTCGACACGACGGTCCACCGCCGCTCGGCGGTCGCCTTTATCGAGGAAGAGGTGTTCGACACGCGCGACCGGACGGGCATCCTGCTCTTCGTCTCCCTCTTCGAGCACCGCATCGAGGTCGTCGGCGACGCCGGGATCAACGCGAAAGTGGAGCAGGCCGAGTGGGTCGAGCTCGTGGACCTGATCCGGAACGGGATCCGCGAGGGGTCGCTGGCGGCCGGCCTCGTGGCCGCCGTCGCGCGGTGCGGCGACCTCTTGGAGCGGCGGGGCGTCGCCATCCGCGAGGACGACACGGACGAGCTGTCGGACGACGTCCGCGTCCGGGACGAATGAGGGCCGCGGCGCTCGTGCTCGCTCTGCTGGCGGCGCCGACGGTCGGCGCCCAGCCTGCGGTCCCGCCGCTGACCGGCCGCGTCGTCGACCTCGCGGACGTCGTCTCGCCCTCGACCGAGGCCGCCCTCACCGCCCGCCTCGCGGCGCACGAGGACTCGACGGGCAACCAGATCGCCGTGCTGACCGTCCCGTCGCTCGAGGGCGCCGTGCTGGAGCAGTACGCGACGGAGGTGTTCCGGACGTGGGGGCTCGGGCAGGCCGCGCGCAACAACGGCGTGCTGCTGCTGGTGGCCGTCGGCGACCGCGAGCTGCGGATCGAGGTCGGCTACGGGCTCGAGGGGGCGCTGACCGACGCGACGGCCGGCTCCATCATCCGCAACGACATCACGCCCCGCTTCCGCGACGGCGACTTCGACGCCGGCATTCTGGCGGGCGTCGACGCGATTCTGGCCGCCATCGATGGCGAATACGTCGCCAGCGACGGGCCGGAGGACATGGACGCGGGCGAGCGGCTACTGATCGGGCTCCTGCTCCTCGTCGTTCCGTTCGCCGCGACCAGCACGCCCATCCTGACCGTCGGGGGCACCGGCCTCAAAGGGGACGCAGGCGCGGGCTGCCTCGGCCTCGTCGGCGGCCTGTTCGGGGGCGTCGGCCTAATGTTGCTCACGTACTGGGGCTACGCGTTCCTGGTCGTGGCGCTGCTGGCGCCTCTCCTGCTGATCGTGCTCAACCGCTGGCTCGAGCGTCACCCGACGTGGGGCCCGAAGCGGCGGCACAACCGCGCCAAGCAGGCGGCCTTCAAGAAAGCCCGCAAGCGGGGCGCGACGACCGTCGTCGTCGACGGGCGCTCGTACTCGGTGCCCGTCGCGTCGAGCTCCTCGGGCGGCGGGTTCAGCGGCGGCGGCGGCTCGTCGGGCGGCGGCGGCGCGTCCGGCAGCTGGTGAGGGCGGGGTCGCGGGCCGGCTCCAGTCCCCCCACGGGCAGCGCCGGCCCGGCGACCGCACCCCCTACAGCCCCTCGATGCGGAGGAGCGTGTGGTCGACGTCGCGGAGGTA
NZ_CP177357.1_gap40	1659318	1661826	2508	TCCAGGATCTCCTGGGGCACGTCGTCGATCGAGTCGTACTTGACGCGGTCGCCGGGCGCCGCGAAGTAGTAGGCGTCCTGGTAGTCGATGGGGTCGACGTTGAGGTGGGCCCAGTTGGGCTCCTTGCCTTCGTCCAAGAGCGTAAAGAAGTGGCGGAGCGCCTTGAGGCGGTACTCCAGGAGCCACTCGGGCTCCTCCTTCTGCGCGGAGATGTAGCGGACGGTGTCCTCCGACAGGCCCTTCGGCGCCTTGGCGCTGGGCGTGTCGGTGACGAAGCCGTACTTGTAGCCCTGCTCGGCGACGTCCTCGAAGAAATCGTGCTCGGTGTAGGTAGCCATGGTGCTGCTCTGTGTGCGGGGCGAACCGGGGCGGGTGGGGGCTGTTCCAGGAAGACGAGCCGAAGCCGACCCGCCGTACCCGCCGCTCGATGAACTCGGCCGTAAGGCGGACCGGGCCCCGCTCGTCGGAAGTTCGGGACGGGCCGCCCGAGGCGCCCCCAGGCCCGGTGAAGACTCCCGAAAACGCACGCCCCATGACCGACTCCCCCGCCACCGCCGCCTTCGCGATCACCGAGCGCGCCCGCCAGCGGCTGGCGGCCGTCGCCGCCGGTGAGGGTGTCGACCTCGCGACCACCTTCCTGCGCGTCGCCGTCGTTCCCGGCGGCTGCTCCGGGCTGACGTATGACCTCGGATGGGACACGACGGTCGGCCCCGCTGACGAGACCGTCGTGGTCGACGGGCTCCGGCTCGTGCTCGACCCGCGCAGCCTGGTCACCGTCGAGGGCACGACGCTCGACTTTACCGACGGCCTCGACGGCCAGGGCTTCCACTTTCACAACCCGCAGGCCGTCCGGACGTGCGCGTGTGGCGAGTCGTTCAGCTTGTAGGCCGGACCTCAGTGGTCAGCGACGCTGGTGTCCGAGCGCACGGGCTTGACTCGGCGTTTGATACCTGAGGTCGGTGGCCCGTCGCCCCCGTCATCCTGACGCCGGCGGCCTTACGCAACACCACAGCGCAGCGCCCCTGCATCCGCCCTACCTTTGCGGGTCCCCCCACCGCCTGCTATGACCACGCGCCTGCGCCGCCGCGCGCTCCTCGTCGGGCTCGTCGGGCTGGCCCTCTGGGTCGCCTTCTTCGACAGCCACAGCGTCCTGCGGCGCATCGGCTACGCCCGCGAGCTGGACCGGCTGACCGAAGAGAACGCCGCGCTCGAGGCCGAGAACGCCACCCTATCCGACAAGCTCGAGGACGGCCTCGACGACGCCACGCTGGAGCGCGTCGCCCGCGAGGAGTACGGGATGCGGCGTCCAGGGGAGCGCGTCTACCGCGTCGAGGCGGCCGACTAGCGTGGCTGCTGAGTACGCCGTCGGCGTCGACCTGGGGGGCACCAACCTGAAGGTGGCCCTCGTCGAGCGCGAGGTCGGGATCGTCCGCCAGGTGCGCCTGCCGACGGACGCCAACCGAGGGCCGGAGCACGTCCTGGACCAGATCGCCGACGGCATCGGGCGCGTCGTGGCCGCGGCCGACGGGCCCGTGCGCGGCGTCGGCGTCGGGGCCCCGGGGATCGTGTCGCTGGATCGGACGACCGTGACGACGCCGCCCAACTTCGTCAACTGGGACGTGGTCCACGTGCCCGACGCGGTCGGCGGGCGGCTCGACGGCCTGGGCCTCGGCGGCCTCGTGATCGTCGAGAACGACGCGAATGTCGCCGCGCTCGGGTCGGCCTTCTACGGCGCCGGGCGGCCGTTCGACTCGTTCGTCATGCTCACGCTCGGGACCGGCGTCGGCGGCGCGATCATCGTCGACAACCGGCTGTTCCGGGGCGCGACGGGCGCGGCGGGCGAGATCGGCCACATGTCGATCGACTACGAAGGGCCGTACGACCGGGCCGGCGTGCCCGGGGCCATCGAGGCGTACCTCGGCCAGCGGTACCTCTCGCGCCACGCGCAGTACCGGCTCCGGACTCGGGAGACCAGCCTGCACGCCACGTCGGGCGAGGACCTGGAGGACCTGACGCCCGAGCGCGTCCACGCGGCGGCGGCGGCCGGCGACCAGGCGGCCCTCGATGTGCTGGCGTGGGCGGGCCACAAACTGGGCGTGCTGCTCGGCTCGGTCGTCAGCCTGCTCGACATTCGCAAGGTGGTCGTCGGCGGCGGCGTGTCGCGCGCGGGCGACCTGCTCCTCGACTCAGCCCGGGACACACTCCGCCGCTCGGTGATGCCGTCGATGGCCGAGGGGATCGAGATCGTGCAGGAGCCGCGGGGCAACGACGTGGCGCTGCTGGGCGGGGCGCGGTTGGTGTTCGAGCGGATCGACGACGGCGCCTGAGCCGTGCCTACCCGCCCGCCCCCCTCATCGCGGCCAGGCCGGCTCGCGGCGTCTGTGCCCCTCGCTGGCGCACGAAGCTCGGGTCCGCACCGTTGGCGGGGCGTGGTCCGCGCCCTCCTTCTGCTCCTTCTCTCAGCGGCGTCCGCCAGCGCCCAGCGCGCCGACTCGCTGGCGGTCCGGC
NZ_CP177357.1_gap41	1663369	1664319	950	AGGCACGGCGTCCGGGTTCACCGCCTTCCGGCGGGTCTCCGCCAGCGCGAGCGCCTCGACGGAGCTCTACGGCACGTTCCCGATCCGCGTCGGCGCGCTCGACGGCGTCCGCCACACGCTCACGCCGTCTGTGTCGATGTCGTTCGAGCCCGACTATGAGGCGTTCGGCTACGTCCGTGAGGTGCAGAGTGACTCGCTAGGCGGGACCGAGCGGTACGCCATCAACCCGTCGATTCCGATAGACCCCACGCGGACGCTGTCGTTCTCGGTCCAAAACGCCTTCACGGGCCGCTTCGTCCGCGCCGACTCGACGGGCGAAGAGACCCGGCAGACGCGCCAGCTGTTGTCCCTCAGCCTGACCGGCGGGTACAATTTCGGGGCGGAGACCAACCCGCTGAGCCCAGTCAGCGCGCGGTTCACGACGTCGCTCTTCGGGCTCAACGCGAGCGGCAGCGCAGCGTTCAATCCCTACGGGCTCGACTCGCTCGGCCGCCTGTCGCCGCTGACGTACTACGAAACCGCCGGCCGGCCGCTCCGGCTGACGAACGTCAACCTGCAGGTCAACCGCACCTTCCAGTCGGGCCGGAGGACGGGCGGGCGCGACGTGCGGCCGGTCTACAACCCGTCGCTCGGCGACCTCTACGACGCGACTTCGACGGTCCCCCGCAGCGCCGCCATCGGCTACGTCGACTACTCCGCCCCGTGGTCCGCCGCGCTCGGCCTGACGCTGAACCGCTCGACGAGCGGGATCGGCGAGCCCCGGACCGTCGCCACGCTCGACGTGTCGCAACTCAACGCGCGGCTGACCCAGAACTGGTCGGTGACCGGCAGCACGGGCGTGGACCTCACCTCGATGGAGCTGACGACGACGCGGCTGGGCTTGCGCCGCGACCTCCACTGCTGGGAGATGGCCATCAACTGGCAGCCGATCGGGATCACCAAGCTGTTCT
NZ_CP177357.1_gap42	1666037	1668677	2640	CGAGCCCGTCGAGCGCGTCGTCGAGGGCCCGGAGGACGCCGATCTCGTAGATGGCGCCCTCCGGGCCCCCGCCGGCGAGAGCGAGGCCGATGGATCCGGTGCTGTTGTGGTCGGCGACTTTCATAACGTGTAGACATGAAACGGGCGAGCGCGGAAGGCCGCGCCCGCCCGGTGCGGTAGAGGCGAGCCTGAGACTTAGCCCCGCTGCTCCTGGATCCGGATGAGCGCGGCCTGCGCGTCCTCCTTGCCCTGGACCTTCTCGACGACGACGTCGCCCAGGCGGATCTCGTACCAGCCCCCACCGACGGCCTCGAGGACGAGCTCGTTGCTCGTCGCGCGCTCGACCTTGAGCTTCTCGATGTTGTCGGTCAGCCGCTCGACGCTCTTGGTGAGGTCGGAGATCTCCTTGCGGGTCGGGACGCCGAGCTTGGTCATCACGGCCGTGACGGCCTCGCTGAGCTGGCCCTCGGCCTTGTCAGCCGTCTCGCCGGCCATGTACTTGGCGTCCTGGACGCGGCCCTTGGCGGCGGCGGTCGCCTCGTCGGCCTTCTCCTCGACGGCCTCGCGGATGGCCTTGACGCGGTCGGCGCCGAAGCCCGGGAGGTCGATCTTCTCGCCGCGCTTGACGAGCTTCTTGAAGGTCTTCGAGCCCTCCTCCTCGGCGACCACGAGGGCGCCGAGGCCCGCGAGGAATACCTTGTTCACGGCGTCGCGGACGTCGCCGGCGGCGTCGGTGAGGTCGCGCTGGACGGTCTCGACCGTCGTCTTGACGGTGGAGACGGCGTCGGTGGCGGTCTTCTTGAACTCGCTCTGGAGCTCGTTGGCCTGCTTCTTGGCGTTGGTCTTGGTGGCGGTTGCCATGGTCGTTGGGGTCTGGGTGGGTTGGGAAATCCGTGCGTCGCGGGACGCGCAGGGTCTACTGGTCGCTGGTCGGTGCGGGGTTGTCCAAGCTTTCGAGCGTGCGCTCCAAGCCATCGAGGCGGGCGCGCAAGCGCTCCATCTCGTCGCGGACCTCGCCGATCGGGCCGGCGGGCCGGATCTTGTCGACGGCCCGGCGAGCCAGGTCGTCGACGCTCTTGCGAGCCTGGCTGATGCCCGTCTCGACGGCGCCCTCGCCAACCTTGTAAACGCGCTCTCCGGCGCGCAGCAGGTCGTGGAGGAAGCCGGCGGAGAGCACGCCGTTGCCGGACCGACCTTCCTCGGAGATGATCTGCGTGAGGACGGCGGCCGTCACGCTCTCGCCCGTCTTGTTGTCGACGACCGACACCTCGTGTCCGTCGCGGACGAATCCGGCGACCTCTTCGAGGCTGACGTAGCGGCTTTCGGCCGTGTCGTAGAGCTTGCGGCTCCCGTAGCGCTTGATGAGACGAGGCATGGGTCTGGGCGGGTTCAGGCCCTATGACGCAATGCGGCAAAGCCGGTTTCCGCATTGCGTCATTTCCCCCTCATTTCACATCGCCGTTGTAGCGACGAGTGCCTCGATTCGGGGCCCGCGAGGTGCCGCACCGCGTCAGATTCGCCCCACGCCTCTGCCCTCCTCGTAGCGGATGGCGCTGCCGCCCAGTGCTGGCGGTGTCTGCAGGCAGGGCGCCCGTCCTACGCCGCACCTCGCGGCTACAGTAAGCCGCGTGTCAGGTGGAAGTACAGGACGACCACCGGCACGGCCACCAGCGTCGCGTCGACGCGGTCGAGGAGGCCACCGTGGCCGGGCAACCACGACGCCGAGTCCTTGACGCCGACAGACCGCTTGAACTGGCTCTCGGACAAGTCACCAAGTGGGCCGAGCACGCCGCTGGCGAGTGCGATCATGGCCACGTCGAGCCACGACACGGCGTCGCCGAGCGCGCCGAGCTTGAAGGCGGCGACCATCGCAAACGCGCCCACGGCCCCGCCGATGGCGCCCTCCCACGTTTTCTTGGGCGAGATCCGTTCGAAGAGGGGCGTCTTCCCGAACGCGCGGCCCGCGAGGTACGCGAACGAGTCGGCCGACCACACGGCGAACAACACGGCCGCCGTCAGCCAGAACGCCTCGTCGCCCCGGAGCCCGATGTCGCCGACGCGGAGCAGCACGATGCTGCTCGCGAGCAGAGCCGGATAGACCACGCCGAAGACGGTCGCGGCGGCGTCGAGGAGTGGCGAGTTGCGGCGCTTGAACAGGACGGCCACCTGAATCATGGGCACGCCGGCGACCAGCACCAGCAGGGTCACCGGCGCGAGAGGCCACACGACGGCCGCGAGCCCCAGCACCAAGCCGAGGCCGACGACCGGCGCCGCGCCGCCGGCCTGAAGCATCTTGTACAGCTCGAACTGGGCCGCGAGCGCAACGGCCGTCATCAGGGCGCCAAACCACCAGCCGCCCGCCCACATGGCCGCGACGACGAGCGTGGCGCCGACCAGCCCGGTGAGAATGCGCTGGGTAAAGTTCGACACCTAGGCGTCGTTGTCGTCGTCGGGCACGTCGAGGCTGATTTCGTCGATGCCGGAGTCGAGGCGGGCCTCGGCGATGGGGTCGTGCGCGTCGGGCGCGTCGACGTCAGCGGCCATGGCGGCGGCCTCGAGGTCGGCGTCGGAGATCGGCGCCTCGTTGAGGACCCCGCGGGCGCGGCCCTCGTCCTCGGGCTTCACCATCACGTGGACGGG
NZ_CP177357.1_gap43	1683542	1684256	714	GACGCGGCCCTGGCGGCGCTCGCGAGCGTCGGCTATACCCCCGGCCTCGTCGCCGACGCGGCGGTCCCGACACGGGTGAGCCTGCCGCTCCGGTTCGTCCTCCCGGAGCCTGTGGCGGACGCCGGGCCGGAGGGGGTCGAACTGGACGCCGGGCTCGGGTCGTCGCCGGCCGTCCCGATCGGCGGGTGGGAGCGGCTCTTCCGTACCATCGACTGGCCCGACGAGGCGGCCGGCAGCGGCGTCGAGGGCGTGTTCACGATCGCCGTTGACGTGGACGAGCAGGGCCACGTGGCGAACGCCGAGATCGTCGCCTCTGACGTCACGCGCGACGAGGGCCGTCTCGACGTCATCGCCCGCCCCCGGCGCAACCCGGCCGGCCAGCTCCGCAACGTCGACTCGCGCCCGACGGTGTCGTCGGTGCAGCGCGCGATGGAGCAGGCCATCTTGCGGACCGTGATCCCCCAGCGGTTCGTGCCCGAGGTCCGCGACGGCGATGTGGTCGCCGGGCGCGCCCTCTACACCTTCGAACTCTACATCCCCGGTCGCTGATTATGCGCTTCGTCCTCGTTCTTCTTCTGGCCGCTCCCGCCCTCAGCGCGCAGGTGCTGGGCGACGACGGGGTGTACGTACTCGCGGAGACCGCCCCCGCACCGGTCGGCGGGATGGCGGCCATCGCCGACGCGCTCGTCTACCCCGAGGCGGCCCTCGCCTCCG
NZ_CP177357.1_gap44	1690851	1694682	3831	CCCTTGCGCTTGGCGTACCACAGAATCGCGACGCTGCCCAGCAGGATGCCGCCGTAGACCGTCAGCCCGGAGCCCGAGAAGAACATCCCGACGGGGTCGGCGGTGAACTCGTCCCAGTAGTCGAGGATGTGGAACAGCTTGGCGCCGAGGACGCCGAAGCAGCCGGCCATCAGCGCCATGTTCCACAGCAGCGCCGAGGGGCTCGTGCTGGCGACGCGCTCGCGCCCCTTGGCATCCTTCACCTTGGCCTTGACCGACGCCATCCACCCCAGCGCGTACCGGCGGTCGACCTCGATCCGCGTCATGGCCGTGGCGACCAGGATCGCGATCGCGACCATCAGCCCGAACGAGTACATCGGGATCGGGAACTCGAACCCGAACAGGTCGCGGGTGATGTCGCTGATGCGGGGGTACATGCGCGTCGGTGGGTGAGCCGGAAGGTAACGGGCTACGCCTGGCGCTCGCGCACCAGCACGGCAGCCAGCTCGGCGATCGGGACGGGCCGCTGCTCGCCGGCCACGAGATCGCGGAGCTGGGCCACGCCCTCGGCCAACTCGTCCTCGCCGACGACGACCGCTTGCGCGGCGCCGGAGCGGTCGGCGGCCTTCATCTGGGCCTTCATCGAGCGCCCGCCGAGCGCGAAGTCGACCGCCAGCCCCGCCTTGCGCAAGGTTTGCGCGATGCCGAACGTGGCCGCCTCGGCCGCCTCGCCAAGCGCGACCACGAACACGTCGGGCGCCGTCTCCTCGGGCAGCGCGTAGCTCTGCGCCTCGAGGGCGATAAACAGCCGCTCGATGCCGGCCGCGTACCCGACCGCCGGGACGCGCTTTTTGGAGCCGACGTCTTCCGCCAACCCGTCGTACCGGCCGCCCGCCGCGAGCGCGCCCTGGGCGCCCAGCGCCCCGTGCTCCAGCTCGAAGACGGTCCGCGTGTAGTAGTCCAGCCCGCGCACGAGCAGCGGGTCCTCGATGTAGGGCACGCCGAGCCCGTCGAGCAGCGCCTTGACGCGCGCGTAGTGGTCGCCCGCCTCGGCGCCGACGAAGTCGGTCAGACGCGGCGCGTCCGCGAGCAGGGCCTGCTCGCGCTCGTCCTTGGTGTCCAAGATGCGGAGCGGGTTGGTGTCGAGCCGCTGGCGGCTGGTCTCCGAGAGGTCGGCGGCGTGCGGCTCGAAGTACTGGCGGAGCGCGTCGCGAAAGGCCGGGCGGTCGGCGGGGTCGCCCAACGTGTTGAGGCGGAGCCGCGTGTCGGCGATCCCGAAGGCGTCGTAGACCGCGCGCAGGTTGGCGATGGTCTCGGCGTCGGCGCGGGCGTCGTCGGAGCCGATGAGCTCGGTCCCGAACTGGTGGAACTGCCGAAAGCGCCCCTTCTGCGGGCGCTCGGCGCGGAAGCACGGCCCGATGTAAAACAACCGCTGCGCGCCGCCGCGCTGCTCGAGGTGATGCTGGAGGTACGCCCGCATCACCGGCGCCGTGACCTCGGGTCGGAGCACGTACGTCTCCTTCGTCCGCTCTACGGTGAACATCTCCTTGCTGACGATGTCGGTCGTCGCCCCGACGCCGCGCGCGACGAGGTCGAGCGGCTCCAGGATCGGCGTGCGGATCTCCTCGAACGCGAACCGGTGCATCACCCCGCGCACGACGCCCTCAACGTGGCGCCACGCGGCGCTGGCGGGCACGGTGCTCCCGCCGGTGTCGTGGGCGTCGGGGAGGACGTCGAAGGTGCCGCGGATCGTCTGGAAGGCCATCGTGCCGGTGCGAGAGGAGGCCGAAAGGTGCCCACGGCCCTGCGCCCTCAGGGCGTGCACTCTGCGAAATCCCCTACTCGGCGGCCAGCAGCACTGCCAGCAGCGCCTCGGCCGTGTCCGCGTCCGCCATCTCGCGTCGCACGTGGGCCCGGCTGAGCACGCGCGAGACGTGCGCCATCAGCCGCACGTGGCCCGTGCGGGCCGCTTCCGGCCCGGCGAACAGCACGATCAGGCGAACGGGCTCGCCGTCGATGGCGTCCCAGGCCACGGGCTCGGCCAGGGTGCACACCGCCATCACGGTCTCGGTGACCGCCGTCGTCCGCGCGTGGGGCAACGCGAGCCCGCCGCCGACGCCGGTCGACAGCAACGCCTCGCGGGCCGCCACATCGGCCGCCAGCCGGTCCGGATCGGCGACGCCGGGCTGGCAGGTGACGAGCGCCAACACGGCGTCGAGCGCCTCGGCCTTCGAGGAGGCCGGGACGCCGACGCCGACGCGGTCGGAGCGGAGGAGCTGGGCGAGCAGGGCGGGCACCGGGAGACGAGCGACGGGACAGAGCCGAAGGTAGCCGTGCGGACCGACGGCCCCGGCGTTCCCTCGTCGGCGGGCTAGGCCTGCCCCGCGCCCTCGACGCGGCGCAGTCGGTCGACCACGTGCTGCATGTCGTCGGGCAGGGGCGCCTCGAACGACAGGTGCTCCCCCGTCGTCGGGTGCACGAAGCCCAACGTCGCCGCGTGCAGGGCCTGGCGGGGGCCGAGGGCGTTGAACAGGTTGCGCATGAACGCCTTGCGCGAGCCCTCGGCCGAGCCGTAGACGATGCTGTCGCCGCCGTACGTGGTGTCGCCGAAGACCGGGTGGCCGACCGACTTCGCGTGCACGCGGATCTGGTGGGTCCGGCCCGTCTCCAGCTGGAACCGGACGAGGGACGTGAACCCGAACCGCTCGACGGGCTCGTACGTCGTCGCCGCCCACTTTCCCTCGCCCTCCGGCCGGACCGAGATCTTTTTGCGGTCGCGGGGGCTCCGGCCGAGCCACCCCTCGACGCGGCCCGCCTCCTCGACGTCGCCCCACACGAGCGCGAGGTATTGGCGCGAAATCGTGCGATTCGCGAACTGGTCGCCGAGGTGCGCGGCCGCCACGTCCGTTTTGGCGACCACCATCAGGCCCGTCGTGTCCTTGTCAAGGCGGTGCACCAAGCCTGGCCGGACCGTCGGATCGCCCTCGTAGCGCGGCCCGGCCGCGGCGACCGCCAGCCCGATGTCGTCGTCGTCCGCGTCCTCGATCTCGTCGCCCGCGAGCGGCCCCGCGCCGACGTGTTGCAAAAGCGCGTTGATGAGCGTCCCCGAGCGGTGGCCGTACGCGGGGTGGACCACCATCCCGGCGGGCTTGACGACGACGAGCAGCGTGTCGTCCTCGTAGACCACGTCGAGCGGGATGTCCTCGGGCTCGATCTCGATCGGCGGCGGGCGCATCACGCGGCACACGACGGTGTCGCCGGGCTGGAGCTGCGTCGAGACCTTGGTGATCGTCTTGCCATTGAGGTCGACGCGGCCCTCCTTGATGGCGCGCTGCACCTTCGAGCGCGTCGCGTTCGCCGTTTTCTCGGTGAGGTAGAGGTCGACCCGGATGGGCGACTGGCCAGGCGGGACGTCGAGCGTGAGCACGACCTCGATCTTGTCGGGTTCGGTACTCATGCAATCTGGGGGGTGAAGGCGGCGACGGTGTCGAGGGCGCGGTCGATGGCCTCGGGGCGCGTCTGGGCGTGGACGGCGAACCGGAGCTTGCGGTCGCGGAGCGAGGCGAAGATGCCGGACGCGGCGAGATGGGCGTGGAGTGGCACTGGATCGTCCGCGTGCACGGTCACGATCCCGGAGGCCGGTGTGCCGAGCGGGCCGTAGCGGCGGAAGCCGAGCGCGTCGAGGCCGCTGGCGAGTCGGGCGGCGTTGGCGAGTACGGCGCGCTCCAGTTCGTCCAGCCCGAGCGCCAGCATCGCGCCGAGCGCGGCGTCGAGGGCGTAGAGCGCGGCGGTCGGAAACGTGCCGAGGTGGAACCGGCTGGCGTCCGGGTGGAGGTCGAGCGAGACGGCCTC
NZ_CP177357.1_gap45	1697112	1701073	3961	TGCGGCAGCCCAGACCTTTCAGTCGTCACCGATCGACCTCACGGCGGGCGGCGCGCTCGATCCGGAGATCGCGTGCGCGGCGACCGCCAGCAACATCGACGGGCCCGTCCTCTTCTGGTTCGACCGGGGGACGCAGACCCTGTACCTCGCGCGGACCGACTCCGGCACGCCGGTCACCTTCGAGTTCGTCGATGCCGCGACGCTCGACGCCGAGACGGGGGTCGACGTGGAGGACTGCCAGGCGGCGGCGTTCGACGAGAACGGCGAGGTGCTTTACGTCGCCCTGACTGCCGCGGACCAGGACTTTGTGCTGGCGCTTCCGTTTACGGAGACAGGCGTGGACTACGAACTCATCACCGACCCGGCGACCGGCGCGGGCGACGGGATCGTCGGACTGGCGCCGGTCGAGGGGCAGCTCTACGTGGCCGTCCGGTCCGACCGGAACAACCCGCCTGCTGGCGGGGCCTTGCCACTGGCGGACGGGTTTTACCGATTCGACGCGCGCGGCGAGGGACAGACGGCAACCCTGCTCGCGGCCGACGCCGACCTTAGCCTCCGTGGCCTCACCGCGACGGCGACCGAGAACGCGCCGCAGCCCGGCCTGTTCGCCCTACTCGCGATCTCGGACGGCGACGGGACGCCTCCGCTGCAAGACGTCGTCGTCGCACTCACCGACCCGACCGGATCGCCCGGGATCGGTGTGTTCGCGAACCCCTACGTCGGCACGGTCGCCGACGGCTCGGTTTTGCCCGCCTCGTGTGCGGCGGGCGGGCTCGTGGACGTCGTCTCGGCCGTCGAGGCCGTGAGCAAGGGCCCGGGCAGCGTCTCGCGCACCGAGGGCATCTTCGTGGTCGCGGAGTGCACCGACGGCGTCGTGATCGTGCGGTACGAGCCGGGTGAGCTTGGGGAGATCTCGGCGACCGAGGCCACGATCCTCGACGACCTCGGGCGGACGTCGCCTGGGATCACCCCGACCGGCACATCCACCCTCCTCTACTCGAACAACGTCGACGACGACCTCGACACGCTCGTGTTCATCGGGAGCAGCGAGGACGGCGGGGCCGACGAGGTTCTCATCGCGACCGGCGCGTTCGTGACCCCGCTGGAGGCGGACCCGGACGCCGGCCTCCACCTTGCCGTCGGGCCCAACCCCGCCGGCTCCCGGCTGACGGTGACAGCGAGCGCGTCCGGAGCGTCCGAGGCCGAGGTCGTCCTCCTCGACGTGCTCGGCCGGCGCGTGGCCGACCTGTACCAGGGTCCCCTCTCACCGAGCGGCCGGGCGCTCACGCTCGACACGGCCGCGTTCGCGCCGGGGATCTACGTCCTCCACCTCCGGACCCCCGACGGCGTCCTCACCCGGACCGTCACGCTCGCGCACTAGCCGCGCCAGCGCCGCGCGGCCCAGCTGGCGCCGTGCTCGACCTCGCCCTCGTCGGGCGGCGTGTAGCCGTAGAAGGCGACGAGCGCCTCGAACAGCTCGTCGTGGTGGTTCCGCAAGCGGGCGGGCCGCTCGAAAAACTGCTCGGTCGCCACGGCGAACAGCTCGGCGGGCGCGCTCCCGGCGTACGACCGCAGGATCCCGTCGCCGCGCTGCGCCCGGCGCATCTCGCGGCGGACGAGGTCCGACCACGCGTCGGCGGAGCGGGCGTCTAAAAAGTGGGGCACGCCGTCAGCCTCCCAGCCCTCGAAGTCGAACACGTGCGCGAGTTCGTGGAGCACGACGTTGCTCCCGTCGTCGCGCGCCCACCCGCGCTCGACGGCCCGCGTGGACAGCACGATCGGGCCCTGGGAGTGGACCATCCCGTCGAACACGCCGTCCTCCTCGTCGCCGTACGCCTCGTCGAAGGTGTCGGGCACGAACAGGACCGTCCGCTCGGTCGGCAGCTCCCAGTCGGGGTGGCCGTGGAGCAGGACGGCGGCGCCAGCGGCGACCGCGAGCCGGAGCGCGTCGGTCGCCTCGGCGCCCCCCGCGCCCTCGAACTGGAGGCCCTCCAGCGCGAACGCCACGTCGCGCTCGAACCGCTGGCGGTCCGGCACGGCGGCGGCGGCGTAGACCGAGACGTTCTCCGCCAGCCACGCCTTCGACGACGCGGGCAGCGGGCGTCCAGCGACGGCCAGGCGGCGGAGCGGCTTGCGCAGCGCGGCGCCCAGCACGACGAGCCACACCGCCAGCCCGACGAGCGCGCCCGACACGGCGCCCGCCCCGCGCGCGACGGCCAGGCCGACGATCATCGCCACCACGGCGCCGCCCAGGGCAGGGGTCACGAGATCAGAGGGCCGGAGTGCGCGCATGGGGAGCCGGAACGGGACGGGAGTCTACGGGTGCGCGCCGACCGGCCGATGCCCCGCGACCGCAGACCGCCCCGGATCGCGGTGCGACCTTTGGCGTCCCACCCTGCCCGCTCCCTCCGATCGAATGCGCCCGCTCTCCCTGCTCCCCGACGACCCCGAGCAGTCGATCCCCCTGCTCACGCCCGACGAGGAGCGCGAGATGCACTCGGCCTCGCTGCCGGACTCGCTCCCCATCCTGACACTGCGCAACACGGTGCTCTACCCCGGCGTCGTGCTGCCCATCACCGTCGGGCGCGACGCCAGCCTCAAGCTGGTCAAGGACGCGTACGCGGGCAACCGGATGGTCGGCGTGGTCGCCCAGAAGCGCGCCGAGGTCGAGAACCCCGGGCCGGACGACCTGTACCGCATCGGGTCAGCCGCGACCATCCTGAAACTGATCAAGATGCCCGACGGCTCGGTGAGCATCGTCATCCAGGGCAAGCGGCGGATCGAGGTCGAGGAGTACGACCAGCTCGAGCCATACCTCACGGCCACCATCAAGGCCATCCCCGAGTCCCCGCCCGAGAGCGACGACGAGGTCGAGCTCGACGCGCGCGTCCGGTCGATCAAGGAGCTGGCGGTCCAGATCGTCAACCTGTCGCCGAATCTGCCGAGTGAGGCGGCGTACGCGATCCAGAACATCGAGAGCCCCGGTTTCCTCGTCCACTTTATCGCCTCGAACCTGCAGATCGACGTCGAGAAAAAGCAGTCGTTGCTGGAGACGCGCCCGCTCCTCGACCGCTCCCAACTCGTCCTCGACTTTTTGAATCAGGAGGTGCGCGTGCTGGAGATCTCGGAGGAGATCCGCTCGAAGGTCAAGACGGACGTCGACCAGCAGCAGCGGGAGTTTTTCCTGCGCCAGCAGCTCAAGGCGATCCAGGACGAGCTGGGCGAGACCGAGGGGTCCTCGCGCGACGCCGACGAGCTGCGCGACAAGCTAAACGAGCGCCGAGACGAGCTGCCGGAGGCCGTCATCGAGACGCTCACCAAGGAGCTCACGAAGCTGGCGCGCACGAACCCCGCCAGCCCCGAGTACGGCGTCGTCCGCAACTACGCCGAGACGATCCTCGACCTGCCGTGGGGCCACACGTCCGACGACAAGCTGGACATCGCGCGCGCCGAGGACGTGCTCGACGAGGACCACTACGGGCTCGAGGAGGTCAAAAAGCGGATCCTGGAGTACCTCGCCGTCCTCAAGCTGAAGGGCGACATGAAGGCGCCCATCCTGCTCTTCTACGGCCCGCCCGGCGTCGGCAAGACGTCGCTCGGCAAGAGCATCGCGCGGTCGCTCGGGCGCGAGTTCCACCGCATCTCGCTGGGCGGCGTCCGCGACGAGGCCGAGATCCGGGGCCACCGGCGGACCTACATCGGTGCGCTCCCGGGCCGCATCATCCAGGGCTTGAAAAAATCGGGCACGAGCAACCCGGTGTTCATGCTCGACGAGGTCGACAAGCTGGGCACCGACTTCCGGGGCGACCCCGCGAGCGCCCTGCTCGAAGTCCTCGACCCGGAGCAGAACGACTCGTTCAACGACCACTACCTCGAGCTCGACTACGACCTCTCGAAAGTCCTCTTTATCGCGACGGCCAACTACCTCGACTCGATCCCGGCGCCCCTCCGTGACCGCATG
NZ_CP177357.1_gap46	1705741	1708600	2859	GGTCGGCCTCGACGCGGGCGTTCAACCCCTGGATGGCGCCGAGCGCCACGCCGTCGGCGTCGATCGTCGCAATTGTCGTGTCGTTAAAGCCGAGGCCGAAGGCCCGAGCGAAGTCCTGGGCCATCGGGCCCATGTGGAGCGCGTCGTTCGAGTCGGCGATGTACTCCCACGTCGAGATCGGCATCGAGAGGACGCCGTCGAGCACGGCCTCCGGGTCCACCGGGAGCACGTTCTCCTTGACGTTGGCGTCCGACGGTGGGCTGTAGGTGCCGCTGATGGTCAGGTTGCCGTTGTTGTCGAGGACCATGAGGTCCGTAGCCGTATCGAGGTTGCGGACCCGGATCACTTGGGTGATGGCGCCGCCCGGGTTGGTGTCGTAGTTGCCCCGCATGAAGACGTCCTTGCGGTACTCGGCCTGTTCGTCGTAGCGAGTCTCGGCGCGGAACCGGGCGATCTTGTCGAAGATGCCGTCGCCGTCGGGGTCGCCGTTCACCTCGAAGATGGTGTTGGTCGCCTGGCCGTCGTCGTCGTCGTCGTATCCGATGCTCAGACGGTCCCGGGAAGTCATTGGATCAAACATGATTACCGGAACCGATTCAAATTGAATTCTATTGTTGTACATACGAAGCGCACTCGTAGGTGTGCCGGGCTGGATCCGGAACGGGAGGGCGCTCCCGCTGGTGACGTCGCGGATGAAGAAGTTGGTCTCGTTGCCGGCCACGTCCCACGTATGGGCCGAGAAGCCGCTCGACCCGTCCTGCTCGAAGCGCACGGTCGGCGTGTCGCCGTCCACGATGTGGTTCTCGACGACGGGGGTTTGGGTCCCGAACCCGATGCGCCCGCCGTCGTCGACGTAGAGCGAATGGTTGGGAGCGTTCCCCTCAATCGTGAACGGGGTCCGGCTGGCGTCAACGTCGAAGATCGAGAACTTCTCCTGCCCGCCGTTCGTGGTCTCGTTGAACTGGATCTCCCAGTCGCGTGTCGGGAAGCTCGCCGTGCTCGAGGTGTCGACGGCCCGGATGCGGAGGTTGTTCTCCTTGAGCCGGATCGTTTCGAACCCGAAGACCTCACCGTTGACGCAGTCGAAGCCGATGCAGGCGCTGCCGTCGACGATGAGGTCGTCGGCGATGACGAAGTCCATCATCTCGGTCTCGACGGCGACCCCGCCGCGGACCTCGAACCCGCCGCTCTGGGTCTGCCCGGAGGCGGCGGCCTCGCCCTCGGCGGAGACCGTCTCGGTCATCACGGAGAGGTGGTAGATGTAGATGCCGTCGGCCGCGTCGAGCGCGACCGGGGCGAAGGCGATGGCCTGGCCGGGCGTGAAGGCGCGCCGGTACTCGAGGCCGTTCGGGCCGCGGACGGCGAGCGTCGCCGAGGTGAAGGCCGCATCCGGCGACCACACGATGGCGCCGTCGGCGACGTCGACCGGGACCGGCGTCGGGGCGTCCGCAAGCGCGGCCGGGGCGACCAGGAGGAGGGTGAGGAGGGCCAAGACTGGCCGGAAGAGTGCGGGCATGGGAGGCAGTGCCAGGTGAAGGTGCTCGGAAGCTAGAGGGCCCCGCGTGCACGGCAGGCACCGGCCGGAAAGAATCGTGTCGACGCACGAGGAGCGCGCTCGGCGGCACTCCAAACGGCTGGAAAGTCACCACCTACTCCGACGCCCCTCCGGCACGGACCCCTCTCGAGAGGCGGAAGTACCACGCCGATGGCCGACCTCCGCCGCTTCCGCTCCCGCGTCCCTTTCGGCCTGGTCGCGACGTTCGCCCGAAACCTGCAGGCCGGCGTCGCCCGGCTCGATGCGATCGGGGGCGACCTCGTCGAGGCCCGGGTCCCCGGCCTGCCCCCCGTGGTCCTGGTCCGCCACCCGGACGTGCTCCGCGAGCTGCTGATCGACCGCGACGCCGACTTCACCAAAGCGCGCGGCCTACGGCTGGCGCGGCAGATCCTCGGCGACGGGCTGCTCACCAGCGAGCCGCCCGACCACACGCGGCGGCGACGCCTCGTGCTCCCGGCCTTCCACCACGGCCGGCTGGTCGGCTACGGCGAGACGATGGTCGCGCTCGCCAACGCCGAGGCCGCAGGTTGGACCGACGGCGCGCCGTTCGACGCCGTCGCCGCGATGAGCCGGCTGGCGCTGGCGATCGCCGGACGCACGCTGTTCGGCGCCGACGTGCTGTCCGACGCCGACCGCGTGAGCGCGGCTGTCCACAACGCGATGGCCGCCTTCGACGGCGCCCAGTTCCCGTTCGCCGACAAGCTGACGTGGCTGCCGCTGCCCGCCAACCGCACCTCGCGCCGCGCCCGCGCCGTCCTCGACGAGGTCGTGTACCGCGTGATCGCCGAGCACCGGTCGTCGGGCCCTACTGATGACCTGCTGGGCATCCTGCTGGAAGCGCGCGACGAGGACTCGGGGGAGGCCTTGACCGACCTCGAACTCCGCGATGAGGCCATGACGCTGTTGCTGGCCGGGCACGAGACGACGGCGACGGCGCTGGCGTGGACGTGGCTCCTGCTGGCGCAGCACCCCGACGCCGAGGCCCGCCTGCACGCCGAGGTCGACGCGGTCGACGGCGACTTGTCGCTCGCGTCGCTCGCGGACCTGCCGTACACCCGAGCCGTCTTTGCGGAGTCGTTGCGGTTGTACCCGCCTGCCTGGGCGGTCGGTCGGGAGGCCGCGCGCGACACGTCGCTCGGCGGGCACCCCGTCCCGCGGCGCTCGACGGTCCTGTTCGCGCCGCTGCACCTCCACCGGGATGAACAGTTCTGGGACGCGCCCGACGCGTTCCTCCCCCAGCGGCACCTGAGGGCCAACGACCGGCACAAGTTTGCCTTCGTCCCATTCAGCGTCGGCCGGAGGGG
NZ_CP177357.1_gap47	1715572	1719064	3492	ACCGAGACGGGGCGCCAGCCACCCGGTTGCAGGCCCCTCCCCTGCCAGCCAGTCTCAGCCCTTGTCGAGGGTGTCGGCCGCGTGCTCGGCCGCCTCGGCGTCCGGCCGCTGGGGCTCGACCGTCTCGCGCTCGGGCGCCTCGACCCCGGCAGCCCGCGCGGCCAGTTCCTCGCCGACGAACCGCTGCATCCGCTCGATCGCGGTGTGCGCGAACTTGAGCTGCAGGCGGCGCCCGAAGAGCTTGAAGCCGATCCGGTAGAACGGATTCCGGATCCGGTCGGGCTTCGAGAACGCGTCGATGTGGAAGTCGACGGCGCCGGTCTGGGCGTACTTGCGGACCTCGAAGGTGATCTGCCCCCGTTCGAAGTGGCCCTCGAGTGTCGCGTAGCTGTAGCCGTAGACGTGCACCGGCCCGTCGTCGGTCTCGCGGACCTCGTCGGTCTCGTCGCTGAGGCGGACGCCGAACCAGAACGTGAACCCCAGAAACCGCGCCCGGAGCAGCATCGGGCGGCCGGAGATCGGGGCGTCAGGCGAAAAGATGCCGGTGATGAGCGTCGGGTCCGGGAAGGCGTAATTGCGGACCAGCTCGCAGGCGACGGCCCAGGAGGCTCCGGGCGCGTCGGGCGCGAGCGGCGGGCCGGGCGGCTCCGGCGGCAGCTCGCCGACGTGGTGGTCGAGCCGCCAGCCGTCGGCCTCGGTCGCCTGGTGCCCTTCGTCGAGCTCGAAGTTGGTCGCCGCCGTCTCGACGGCCTTGAGCCGGTCCTCGTATTCCCGCCAGTCGGGGCGGCGGACGCCAGCGCGGTCGAGGACGCTCACTCCGCCTCGCGTTCGGTCAGCACGCGGATCTCGTCGATGGTGTGGCCGCCGCACGCTTCGGAGACGCGCTCGCAGAAAAACGTCCACATCGCCTGCTGGGCCTTTTTCGCCAGCCCCAGCTCGTCGTAGACGAAGTCGACCACGTCGTCGCGGCTCCGGGCCCACGACTCGATGGAGAACGCCAGGGCGTCGGGGCGCGAGGGGTGCTCGCGGGCCTCGAACCGGATCTGACCCGCCTCGAGGTGGCCGTCGAGCGTCGCCAGCGTGAACCGGGTCGGCTCCGCCTCGACGACACGCACGGGCCCGTCCCACGGCGACCGGATCGTGATGTCGAACTCGTCGCCGACCGCCAGCCGCTCCGGGGCGCCCTTCACCTTCTCGAACACGGCTAGTTCGTCTGGGACGAAGGCCTGTATGTCGCGGCCGATCTCAGCGATCAGCTCGGTGGGCGTCTGGGTCGACTCGGCGACGTCGACCGCGTAGCGGCGGTGGAAGCGGGCGCCGACGCCGGCCTCTTCGGGCTGCAGGTCGCGCTCGCCCTCGGGGGCGTCGTCGACGGGAGGATCCGGGACGTGGGCGACCTCACGCTCGACCTCACGGACGGGGTAGGCCCAGCGGCGCCAGGCAGCCCAGCCCGCCGCGATCACGGCGGAGACTCCTGCGACGGCGGCGAGCACAGAAAGAAAACGTCCCATGCCCGATCTACGCCGGGCATGGGACGGGGGTCCGAGAGCGGGTCCGAGAACTAGTCGCGGCTCATGAACAGGCGCAGGACGTACCAGAACATCAGGGCGACCGACGCGAACAGCTGGAGCGCGGCCGAGACGTAGCGGTCCTCGGGGTAGTTGTTCAAGATCTTCGACGTGTCGTACAAGATGGCCGCGCCGGCGAGCCCGACCATCGCGACCGAGAACCAGGTGCCGAGCTCGAAGCCGAACAGGACGCCCGCGATGATGGCGACAATCGCCAGGCCCATCCCCCACTTGAGCATCCCACCCAAGAAGGAGAAGTCCTTGCCGGTAAAGAAGACGATGGCGGTGAGCGCGGAGAACCCCAGGACGGTGACCCAGGCGGCGCTGCCGACGACGCTGCTGCCCGACTGCTGGGCGTAGATCTCGGCCATCACGAGCAGCGGCACGAAGATGATGGCCTCCGCCAGCACGAACGCGGCCAGCGCGCCGTACTGGGCGGCCTTCGACTCGGCTTGCGCCGCGGCGCGGCTGGCGAACCAGCTCACGATCATGAACCCGCCGAGCACGGCGAGCCAGCTGACGCTCAGCATGGCCTCCGCCATCGGGAGGGCCAGGCCGGAGGCGAAGAAGAAGACCTCGATGCCAGCGAAGAGCAGGATTGCGCCCAAGAGGTGCGTGTAGGTGCGCGTCAGGAAGGCGGCGCGGGCGTCGTCGCCGAGCGCCGCGACGGGCGTTCCGTAGAGGGTGTCCATGGGGGTGGGGTCGTGTCCGGGGAAGGGTCTAACGCCGGCAGGCGTGCGGGAGTGCCGGGCCGTCGGTGAGGAATTCGGGCCTGCTGGCGGCGATCAGTCGTCCTCCCGCCAGAGGAGGTCGACCACGACGCGGCCGACCTGGCCCAAGCTCTCGGCGCTCACGTTCTCGGGCGTGTCGGCGGTCGTGTGCCAGGTGTCCGGGAACGGGGCGTGGATGAGGTCGACGACGGGGATGCCGGCGCGCAGGAAGGGGACGTGGTCGTCCTGGATGGCGGGACCGAGCTCGTCGACGAAGGCCGTGGCGCCGGTCCGCTCGGCGGCGGCGAACACGCGGTCGAGCACGTCGGGCGCGTGTTGCTGGGAGAACCCCTCGCGGGGGATCCGCAAGTTGCGGTCGCCGACCATGTCGAGCAGGACGCCCCAGACTGGCCGGTACGTCGGGTTGTTGAGCACGAACATCTCGGACCCCATGGCGAACGGGACACGGAGTTCGTCGGCGACGGGCCCGTTCGTGCCGAGGTCCTCGAGGTCGAAGAGGATGATGTCGACGCCGACGGCGCGCCCGATCGGGTGGACGTCGAGCAGGCGGGCGATCTCGAGCAAAACGGCGACACCGCTGGCGCCATCGTTCGCGCCGAGGACGGGCTCCAGGCGCCGCGTGGGGTCGGGATCGTTGTCGGCCTGGGGGCGGGTGTCCCAATGCGCCGCGAGCAGGATGCGGCGGCGAAGCTCAGGCTGCCACGAGGCGACGATGTTTGTGCCCGCAAACTGGCGCGCGGTGTCGCCGGGGACCGGGATCCGGATCTGCTGCTCGACGACCTGGTCGGCGTGCGCCTGCAGTCGTCGGATCAGAAACCGGCGAGTCGAGTCGTGGGCGGCGGTGCCAGGGATGCGGGGGCCGAAGTCGGTCTGGGCCTCGACGAGCGTGTAAGCGCGGGCGGCGTCGAACGCGGGGAGCGGGTCGGGGCGCGTCATCCACCACCAGGCGAGGCCGCCGACGACGAGGAGGGCGAGGGCGGCGAGGAGAAGGCGGGTCACGCGGGCACGGCGAAAAACTGGAGGTCAGCGATGGAGCCGTCGAGGGCGACGGTCTCGGGGTCGGGCAGGGTGTCGGCGATTCGGGCCGCCTCAGCGAGGGCGTCGTCCATGAGCCGCTGGCGCTCGGCGCCGGCGGCGCGGCGCAGGCCGTAGGGGGCGGCGCCCGCGAGCACGTCGTCGAGGCGCAAGCCCAG
NZ_CP177357.1_gap48	1823790	1824700	910	GACCACCGGTGATGTCTCGCGTGCCGGCCGACTGGCGCGGCAACTTCGCGAGCACGGCGCCCGCGTCGATCGTGTCGCCGGCGTTGACCTGGAGACGCGCCCGAACGGGCATCGTGTACTCCCGCCCGCCCTTGCCCTCGACGACGAGCGCCGGGGTGAGCGAGCGCTCGCGCGACTCGGTGATGACCTTCTCGCGGAAGCCGGTCTGCTCGTCCGACTCCTCGCGGTACGTCGTCCCTTCGATGACGTCCTGGAAGCGGATGGTGCCCGCCGTCTCGGCCACGATGACCGAGTTGTAGGGGTCCCACGTGGCGATCACGTCGCCCTTCTCGATCGTCGAGCCTTCCTTGACGGTCACGTCGGCGCCGTAGGGGATCGTGTAGGCGATCCGCTGCTTGCCGTCGGCGTCCAGGATGCGGACCTCGCCGGAGCGCCCGAGGGCGATCGTCTTGGCGTCCTTGCCCGTGCCGGACTTGACCGTCCGCAGGTTCTCGAAGGTCACCTTGCCGCCGAACTTCGACTCGATGGTCGACTCGGCCGCGATGCGGCTGGCGGTGCCACCGATGTGGAAGGTGCGCAACGTGAGCTGCGTGCCGGGCTCGCCGATGGACTGCGCCGCGATAACGCCCACGGCCTCGCCGCGCTGCACCATCCGGCCGTTCGCGAGGTCCTGGCCGTAGCACAGGGCGCACACGCCGCGCGTGGCCTCACATGCCAGCACCGAACGGATCTCGACGACCTCGAGGGCCGTGGCCGCGATCTGGTCGGCGATCTCATCCGTGATCCGGTCGTCCCGACGCACGATGATCTCCTCGGTCTCCGGGTCGCGCACGTCGTGGACCGACACGCGGCCGACGATGCGGTCGCGGAGCGACTCGACGATGTCCTCGTTGTCCTTGAGCGCCTCCAT
NZ_CP177357.1_gap49	1842194	1845442	3248	TCTGCGGCGGGCGTCATGGGGGGCGGGAGCGCGGAGGGCGGCCGGGCGGCGGACCCCGGCGCTAGTTTCGGCGTGGAAGGGTACGACCCTCCGCGAGCGCCCGGTGATCCCCGCCGGCGCCCCCCGCCACCTCCCCGCCAGTCCCAACCGCACATGCCGTCCCGCTTCCTGACCCTCGCCCTTACGCTCGTCGTCGCGCTCCTCGTGGGCGGGGCCGACGGGTGCTCCTCCGACCCGAACGTCGAGGGCGCCAAGCTCGATCTCCGCAACGGCGACTACGAGCAGGCGCTCCAGAACCTCGACACGGCGCTCGAGACCAACCCCGACAACACGGAGGCCTTGCTGCTCCGCGTCGAGGTGCTCCGCCAGCAGTACGAGAACACGCCCGGCACCCAGCCCAAGGCCGCCTTCCTGGCGGCCAACTACGACGCGATGGTCGAGTCGCTGATGCGTGCCGAGCGGCTCGCGCCGGACGACCCCGCCGTCGACCAGGCCAAGCTGGCGCTGTGGGCGCTCGCCGTCAACGCCGGCAACGACGTCATCCGCAACCCCGACGCCGACGTCGCCGACGCCATCAACTACTTCGAGCAGTCGACGACGCTAATGCCCGACTCGACGCAGGGCTACCTCGGCCTCGGCCTGGCCTACCTCCGCGAGGGCGAGTCGACCCAGGCGCTCGCGCCGTTCCAGCGCGGGACCGAGATCAACGACGCCGACCCCGTGCTCGCCTACTACTACGGCCGCACGCTCGTGCTCGCCGACCGGGCGACCGACGCCGTCGCCTACCTCGAGGACGCCCAGACCCGCTTCCCGGCCGACGAGGACATCCAGACCATGCTCCTCAACGCGTACACCCTGTCGGGCCAGAACGACCGCGCCATCGAGCGCTACGAGGACGCCATCCAGCGCCAGCCGGACAACCCGGCCTTCCGCTACAACTACGGCGCGCTCCTCCTCCAGTCCGAGCGCTACGACGACGCCATCGTCCAGCTCCAGCGCGCGACCGAGCTCGACCCGACCAACTCGGACGCGTTCTACAACCTCGGCGCGGCCTACCAGAACCTCGCCGCGGCGCTCAACGAGCGCGCCAACGCGACTGAGGACGTCGACGAGGCCAACGACCTCATCGACCAGCGCAACGTGAACCTCGAGACCTCGCTCGGCCCGCTCATGCAGGCCAAGACGCTCTCGACCGGCACGGCCGACGAGGCCGGCGTCTACACGCAGCTCGGCCGCGTCGACGACGCCGAGGGCGTCGCCGAGTGCGCCGGCATCTCGATGGACTAGGGGGCCCGCGCTCCACTCCCCAGCGGGGGCGCGGCTGGTCCGCGCCCCCGCTTTCTTTTTGAGTCTCCCGCGAATGCGGAAGGCGCCGGCCCCGCGCCGCGTCTCTGTTCTCTCCCCTCCCCCCGACCCCATGCTCGACGCATCCCCCGACCTCGGCTTCGGCACGCGCGCCATCCACGCCGGCCAGCAGCCCGACCCCTCGACGGGCGCCATCATGACGCCCGTGTACCAGACCAGCACCTACGTCCAGGAGGCGCCGGACGTCCACCAGGGCTACGACTACGCGCGCGTCGGCAACCCGACCCGGACGGCGCTCGAGGGCAACCTCGCCTCGCTCGAAGGCGCGGCGCATGGCATCGCGTTTGCCTCGGGCATCGTCGCCATCGACTCGGTCCTGCGGCGCTTGCGCCCCGGCGACCACGTCGTCGCCGGCGACGACCTCTATGGCGGCACGTACCGGCTGATGACGCAGGTCCACGAGCCAATGGGGATCTCGTTCACGTTCGTCGACCTCAGCCAGCCCGGCGCCGCGGAGGCCGCCCTTACCGACGCCACCAAGCTGGTCTGGGTCGAGACGCCCACGAACCCGCTCCTGCGCGTCACCGACATCGCCGCACTCGCCGATGTCGCGCACGCCCGTGGGATCCCGGTCGCCGTCGACAACACGTTCGCGAGCCCCTACCTCCAGCGCCCGCTCGAGCTCGGCGCCGACCTCGTCGTCCACTCCACGACGAAGTACATCGGCGGCCACTCCGACGTGGTCGGCGGCGCCGTGATGACGAGCGACGACGGGTGGATGGAGCACCTCCGGTTCCAGATCAAGGCCGTCGGCGCGGCCCCAGCCCCCCAGGACTGCTATCTGCTGCTCCGGTCCACGAAGACGCTGCACCTGCGGATGGAGCGGCACTGCGCGAACGCCCGGGCCGTTGCCGAACACCTGCGCGGCCACGACAAGGTGGCCCGGGTGATCTACCCCGGCTTCGCGGACCACCCCGGACACGACGTCGCGGCCCGGCAGATGGACGGATTCGGCGGGATGGTGTCGATCGTGCTCGCCGACCCCGGATCGAGTCCGGGGCAGGCTATCGAGACGGCCACGCGCTTTATGCAGAACACGCGCCTATTCCAGCTCGCCGAGAGCCTGGGAGGCGTCGAGAGCCTGGTGTCGCACCCGGCGACGATGACGCACGGCTCGATCCCCGCCGAGGTCCGCCACGCAGCGGGCCTGCCCGACGGGCTCGTCCGGCTGAGCGTCGGGGTCGAGGACGCGGCCGACCTGCTCGCCGACCTCGACCGCGCGCTCGACGCGCTCGCGGCGCCAGCCTCGCATGTCGAGGAGGCCGTCGCGGCGTAGCGCGGGAACGGTGCGGCCCGGTCGCCCCCCCAGCCGATTCGCCCTTCAGCGACAGAGTGGACGATCGGCGAGGGGGGGCCGGCCCGTCGAGCGGCCGGGGCCGGTACCTTTCGGCCTCGCTTCCGCCGTGCCGTGTCCGCCCCCGCTCCTCCCCCCGCCGACCCGGCCGCGCCCACGCCTCCGAAGGTGGCCAAGCGTCGCGTCAACGACATCCTGCTCGGGCGCTTCGAGCGGTGGGCGCTGCCCCGAATGGCCACCCGCTTGCCGGCGTGGATGACGCCCGACGGGCTCACCGCGATCGCCCTGGCCGGCGCCCTGCTCTCGTCAGTCGCCTACGCCCTCAGCGGCGAGAACCTGGCGTGGCTCCACGTCGCCTCGTTCGGGCTCGTCGTCCACTGGTGGGGCGACTCGCTCGACGGCACGCTCGCGCGCGTCCGCCAGATCCGCCGCGAGCGGTACGGGTTCTTCGTCGACCACCAGGCCGACGCCATCGCCGCCGTGTTGCTGACGGTCGGGCTCGGCGCCGGGTCGCTGATGCGGCTCGACATCGCCATGCTGATCTGCGTCGGCGTGCTGATGATGATGCTGCTGGTCAACATGGTGACGA
NZ_CP177357.1_gap50	1973423	1976411	2988	GCCCGAGCACCAGGCCGGGCCGGAACCGGGCGACCACGAAGAACACGGCCGCCGCCGCGTACACGAACAGTTTGTCGGACAGGGCCTCCCCGATCTGCGTCGCCGAGTCGCCCACGTCGCCGACGCCGCCGCCCCCGACCATGCTCGTCACCACGACGGCCATTCCGACGCCAACCAGCGCCACGATCCCGAACAAGCCGGCGACGCGGAGCCCGATGACCGTCGCCCCGTCGAGCACGGCGCGGAACCCGGGGTCGTGCTCGGCGCGCGACGGGGCGACGTAGCGCTCCCAGAGGACGCGCAAGCGGACAGATGGAGACATCGGCGAGGGTGGGGCGGCGGGGGATACTCGGGCCGTCCGGCTTTGTCCCCGACGGCCCGAGCGGCCGCGAGCGGGGGCCGCGGGCCGGCAATCAGCGAGCGGGGCGGAACGGAGGCGAGCGGAAAGCGCCCTCCGACGCCCATCTCCTCCCTCGGCTCCCCTGCCCCCCAACTCAGGGTGCCTTTTTGCGGGCGCGGCTGCGCGGCGGCGGCGCGGCCTCCACGACGAGAGGTGCCGTCGCCGTCGCCCCGCCGACATCGACCTCGACGACGTACTCGCCGGGGACGAGGTAGAACGCGCCCGTGTCCTCGCCCGCCTCGGCGTCGTCCGACAACGCCCGGTCCGCGCGCAGGGCATACATCGTCAGGTTGAGGCCCGGGTCGGCGGCGTCGGTGAACGAGTGGACCGCGGTGCCAGCGGCGTCGAGGATGCGGACCGTGGCGGTCCCGCTGTCGGCGGACCAGTACGCGATCTCGACCTCGGGCTCGCGGGGGTCGGACCACGTGTAGCCGATCGTCCCCCAGTCGTCGCGGTGGCGCGTCGTGTCGGGCGCGAAGACGTGGACGGCGCGCGCGCGGACCGCGGCGGTCAGGTCCGCGATGTGCCCGGTGTCGGCGATCCAGATCGACCGTCCGTGCGTGCCGACGACCAGGTCGCGCTCGCGCGCCTGGACCACGAGGTCGTGGACGGGAGCGCGGGGGAGCGTCACGCCCTCCCCCACAGTGTCGAACGGGCCGGGCGCCTCGGGCGCGGCGGCGCGCTGGCCATGGAACGGCGCGAAGCTCGCGCCGCGGTCGAGCGACACGTAGAGCCCGCCGTCGGTCCCGACGTAGAGCACGTCGGGGTTGTGCGGGTCCTCCTTCGCCACATTCACCGGCTCGGCGGGCAGGTCGGTGCCGAGCCGGGTCCACGTGCGGCCGAGGTCGTCGGAGGCGAAGACGTGGGACGCGAAGTGGTCCCAGCGGTAGCCGTTGAGGGCGACGACGAGCCGGTCGCGATCGTGGCCGGAGAGCTCGACGCGGCTCACCCACAGGTCGGCGGGCAGGCCGACCGAGCGGTCCTGCCAGCTTTTGCCGCCGTCGCGGCTCGTCCACACCCGGCCGTCGTCGGTGCCCGCCGCCAGCAGGCCGAACTCGAGGGGTGACTCGTGGAGCGAGGTCAACGTGCCGTAGGGGACGTCGCCGGGGCGGCCGCCGCCGGTCAGGTCGGCGGACATGGTCTCCCACGTCTCGCCCCGGTCGAGCGAGCGGTGGACCTTGTTGGACCCGAAGTACAGCACGTCCGGGGCGTGGCGCGAGAGCCAGATCGGGGCCTGCCAATTCCAGCGGTACGGGCGCTCGCCGAGCTCGTGCTGCGGCACGATCCGCTCCGCCCGGCCCTCGCCGCTCCGGTTCGTGCGGAAGTAGTTGCCGAACTGGAAGCCGGTGTAGACCGTCCCGTCGCGGTCGTCGATCTGGACCTGCATCCCGTCGCCGCCGAGCAGGCGCCGGTACGGGTACTCGCCCTCGGCGCGCCAGCCCTCGCCAGCGTCGTAGTCGCTCGGGCCGACCCAGACGCCGTTGTCCTGGAGCCCGCCGTAGACGTTGTACGGCTCGGCGTCGTCAACGGCGACCGTGTAAAACTGCCCGACAGCCGGGCGGTTGAGCTTGGTCCACGAGGCGCCGCCGTCGTACGTCACGTTGAGGCCGCCGTCGTTGCCCGAGATGGCGTAGCCCGGGCGCGTGGGGTCGAGCCACAGGTCGTGATGGTCGACGTGGACGTGCGCGTCGTCGGCGCGCTGCCACGTCGCGCCGCCATCGACGGAGGCGACGAGCGGGACACCCATCACGTAAAGGCGGTCGGCGTCGTGCGGGTCGACGCGCAGGACCGAGAAATAGTAGCCGTAGGAGTAGAACAGGTCGTCGAGCGGGCCCTCGTGCGTGCGCGTCCACGACCGGCCGCTGTCGTCGGAGCGGTACACCTCAGCGCCGACGACGGGCGTGTCGAAGAGTTGGGCGTTCGCGTCTTCCAGGAAGGCCACCAGGTCGGCGGGCGTGATGCGGCCCTCGCGGACGTCGTCGAGGATGCTCTCGGCGGTGTAGCTGTACGGGACGTTGTTGGCGTCCAGGAAGGCGTTGAGGTCGTCTTCGGCGAGCGCGAGGAAGGCGTCGCGCGAGATCGTCCGGAGCACGTCGCGCGTGACGGCCGGGGCGTCGGGGTCGTCCTCGTCCGGCCGCCGCGCCTGGTTGTCGACGACGGCCCAGACGGTCGTCCCGTGCGTCGCCACGCCGATGCGGCCGACGGTCGCGCCGGTCGGGAAGCCCGAGCCTTCGATCGTCAGGCGGCTCCACGAGGCGCCGTCGTCGTCGGACGCCCAGATCGCCGAGCCGGGCCCGCCTTCGCGGAAGTCCCAGGCCCGGCGCGAGCGCGTCCACGTCGCTGCGTAGAGGCGGCCGTCGGCGTCCTGGGCGAGGTCGATGGCGCCCGTGTCGGCGTCGAGCGCGAGGGTGTGCGCCCACGTCGCGCCGCCGTCGGTCGTGCGGAAGACGCCGCGCTCGGGGTTCGGGGAGTACAGGTGGCCGACGGCCGCGACGACGGCGTGCCCGGGCGCGGCGCCGAGCACGATCTTGCCGATGTGGTGGGTCTCCGCCAGCCCGAGGTGCGCCCACGAGTCGCCGCCGTCGGTG
NZ_CP177357.1_gap51	1991395	1993663	2268	TGTTCCAGTGCTACGCATTCCTCGGGTCGTCTACGGGGCCGGGTTCTCGCTGGTGGTCGACGAGGGGCTGAGCCCGCTGCTCGAGTTCTCGCCCGGGCCGCTCGCGTTCCCGTGGCAGACGCACGCCCGGGGGTTCATCGGGCACCTCGTGTACGGCGGCGTCATAGAGGCGGCCATGCGGGTCCAGGGCCGGGCAGGGTGAGGGGGGCGTCAGGCCGCAGAGTCAGGGCCTGCGGCCGGGCTCTGAACGCCCCGCGCCTCGCTCGTTCCGGTTGCGGCATTTCCGGTAGCGGCCAGAATGAGGCGGACCGCCTCCTCCGGGCGGTCCCACTGGGGGAAGTGCCCGCACCGGTCGAGCCACTCGAGCCGCGCGCCGGGGAACCGCGCCGTCGCCCGCTCGGCCTGCGAGGGGAAGCACACCCGGTCCTGACGGCCCCACACGATGAGGACCGGCCCGCGCTGCTCGTCGGCCGGCATCCCCTCCTGCGTCGGCCCCGTGATGAGCGCGCGGAGGGCCGCGTCGAACGAGGGCGCGGCGACGTAGCCCCGGAGCTCGTGGAGGGCGACCCCCGGGTCCAGCGCCCAAGGGCGGGCTGAGAACTGGAGGAGCAGGGCCGTGCGGCCGGCCGGGCTCGCGAGGACGCGCGGGAGCACGGGGTCGAGCACGCGCAAGAGCCGGACCGAGAGGGCGATCGAGGCCCCGAAGACGAGCCGCTCGGGGCCGTTCCAGAACCCGCCCGGGTCGAGCGCGACGGTCGCGCCGACGGCCCGCCGCCGCGCCAGTTCCAGCACGAGCCGGGCGCCCATCGACGTGCCGACGGCGTCGACGCCCCGGAGGCCGTGCCCGTCCAGGAACCCTTCGAGGGCGTCGGCGAGCGTGGCGATGGAGACCTCGCCGTCGAGCGGCGGCGTCTCGCCGAAGCCGGGGAGGTCCGGGGCGATCACGTCGCGCTCGGCGGCGAGGGCGTCGAGGACCGTCTCCCAGGAGCGCCACGTGCCGCCGAGCCCGTGGACGAGGAGGAGCGGGGGGCCGGTCCCCTTACGGACGTAGTTCATGTTGATGGGGGTGTCGAGCAGGACCTGAGCTAGCAGTTGTGGCAACAAGCTTTTACGCAGAGGCCGTGCGGGCCGTTCCTGGAGGGCGGGCGGCCCCCGAAGATGACGCGGGCGAAGGTGCGCCAGGCGGCCGTACTCCTCGCGGACCCTGAGGAGGGTGCCGGGCCGATCCGTGCAATTTTATACGGTAGCCGACCGCTGCCGACTTCGCACAACACGGAGAGAGCGCCGGCCGACGGCCTCCCGAGTGCCCGTATGGGCTCGAAGCGCCGTTCTGATCCAGGACTCCCATCACTTCTGCGTGGTCGTCGAGCGAACACGAAGCCGGGTCGCAGTCGATAGAAGTTCGCTAGGATCAACCTTTGGAGGGCTCCAGACCTGATGTGGGACGGCTACCGTACCTCATTGCACGAATCTGCCCCCTTCCCTAACTAGAGGAGCACTCCTCGGCTTGCTTCTCATACTCCTCCGTCAAACTGGCGATGCGCGCCGTAGAACCCGCCAATGCAGGCGGACCTGCGGCGGTGCTTAGTGCGAGGCTTTGGGGACGCTTTGTGTCCATTGTGCTCTGGGTTAGGTTCGGTATCCGCAGGCCGCTGATCGGCCCTTCGTTCTACGGCGCTGCGACTGCCTTGCCATCCTTCGATCACGTCGTCCAGTTGCTCCGAGAAGCCGCGACCGACTCAGCGCGACTCGGCCCTGCTCTCGCGGCTGCCGAGGACCTCGCGTTCAACGATGAGGCCGAGCGTCAGCGGCTGCCGGAGTCCGTCCTGAACGCGCTCGATGAGTTAACCGACGGCCTCGACCTCTTCGAACCACGGCCGGACTGGCGGGGCGAGGACGCAGGGCTTTTCGGTCCGGTCGAGGCCCAATCGCGGATCGAATCGTTCTTGTCCCGTATCCGCGAAGGGGCGCCGTAGAACCCGCCGCTGTAGGCCGACACGGGGCGCCAGCGTTCTCGGCTCGTCTGGGCGTCGGCGCTCCAGTAGCTTCGTCCACACATCCCGCCCTCAGCCCCGTGCGGCTAAGCGGCAAACTGTTCTACGGCGCTCCACCTCAGTCTCAACTCACTATCCAGTCGAACGCGATGACCCCGGCAGCCCTTTGCATCCTGTCAGCCGTGTTAATGTTCTCCGGCTGTCAGGCAGGCACTTCTGTTCAAGTTCCAATGGCAAGCGCAGACACCTTGGAATTGGGTGACGCAAGGTTTCT
NZ_CP177357.1_gap52	2020809	2023376	2567	ATCGCGTTCTTGGCGCCCGAGATCGCGTTGCGGACCGAGCGCGGGGTGACCTTCTTGGGGTCGATCCCGAACCGCCGCATCTGCTCCTTGATCAACCGCTCCGAGTCGTCGGAGTCGTAGATCGTGAAGTCGCGCGAGAACCCGATCTTGTCGGCCTCGCGGCGGAGCACGCGGGCAAAGATGCTGTGGAACGTCCCGATCCACATCCCCTTGGCCTCGTCGCCGACGAGCTCGACGACGCGCTGGCGCATCTCCTTGGCGGCCTTGTTGGTGAACGTGAGCGCCAGGATCTGGCTCGGCCACGCCTTTTTGGCCGCCAGCAGGTACGCGATCCGGTGCGTCAGCGTGCGGGTCTTGCCCGAACCGGGCCCGGCGATGATCATGACGGGCCCGTCCGTCGTGCTCGCGGCCTCGGCCTGCGTCGGGTTGAGGCCCGCCAGCAGGTCCTGAGCGGCGGCGGTGTCGGGGGCGCGGTCGGGCGTGTCGCCGGCGTCGGGGCCGGGGCGGAGCGTGAACGTCTTCATCGGTGGATCGGCGTTTTGCGCAACCTAGCGAAGCGGGCGGACGCGATTGGGGGTCGGGCGTTGGGGATCGAGGGAATCCGGGGCCGAGGCACAGGGCCGTATGCCCGGTCTCCGTCCGCGGTCTCCCGTCCCCGGTCGCCGGTCCCATCCACGGAAACCCCGTGGAGAGCCGCCAGCGGGGATCAGCGGGCGGCGCCGTCTGGTTTACCTCTCCCCTCCTCCCTCCCCTCCCATGGCCGACAAGACCGCTCAGACCCCGTACCGCACGCGCCTCGGCATCCCCGCCGACGACCGCCACAAGCTCGTCGCGCTGATGAACACGACGCTCGCGGCGACCTCCGATTTGTACTCCCAGACGAAGCAGGCCCACTGGAACGTCAAGGGCAAGGACTTCTACCAGCTCCACCTCCTCTACGACGAGCTGGCCGAGAAGCTGGAGGAGCCGGCCGACCTCCTGGCCGAGCGGATCGTGCTGCTCGGCGGGTACGCCTTCGGGACCGTCCGGATGGCCGCCAAGAACAGCCTGATCGACCCGTTCCCGGGCACCGACCAGGACGACGCCGAGGACGGCCTCAACGACCCCTCGTTCCTGACCGTCCTGGCCGACCGCTGGGCCCAGTACGCCGACCACATTCGCGAGGCGAACGGCACCGCCGACGAGATCGGCGACCCGGGCACGACGGACCTCTACGACCAGATCGTCCACATCGCCGAGCGCGGCACGTGGTTTATCGAGGGCCACCTCCAGCGCTACGACGGCGGCCTGACCGGCGAAGGCCAGGACCCCAAGTAGGCCGCATCGACCCATCGCGCGGGCCGACCTTTCTCGGTCGGCCCGCTTGCATGCCTGCATCTGAGGGAGCGTTCTGGGAAGGCCCCCCGTCCTACAACGTCATCCCGAGCTTGCGAGGGATCTCAGCAAAAGCCTCCGAGTGGCGACCCACGGAAAGATGGGCGAGCGGGCCGTGCTGAGATCCCTCGCATGCGTTGGCTGGCGCCTTTCGGGTGCGGGATGACGCTGTAGGATGAGCTTGGTGCTCCCCGAGCCGTCTCTGAGCCTCACGCAAGCCTCTCTCGTTCGGAGCGATAGCCGACCTATCCCTCAGTCGTCGTCCTCGCCCTCGACGTTCGCGCTCGGGGAGATGAGCCCGAACAGGCTGATCCCGATGCCGTCCTGGGGCTTGAGCAGGTCCGCCAGCTCGGCCCGGCGGATCCAGTCCGACTCGTTGGCGACGACTTCCAGGCTGTCGAGCGGGAGCGCCGCGCGGCCGGCGCGGAACGTCTCCCTCCCAGCGTAGACGCGGCGCGGGTTCCGGTACCGTCGCGCGGAGGCGGCGACCTGTCCGCGGACACCGGGGAGCACCAGGTCCAACAGCGTCGTCTGGCGAAAGCGGACCGTCGGGATCCGGTTGCCGGGCAGGTTGACGGTCACGGTCCCCTCGCGACTGAACCGGCGGGGCAGCCAGACCGAGTCGCGCAAGGCGTCGCTCGCCCAGACGGGCGCAAAGTCCCAGCGGTAGCTCGCGTCGAAGTAGTCGACGGCGCCGCCGGGCTGGAAGTCGGCCCGCAAGTCGGCCTCGGCGATGACGTAAAGCGAGTCGACCACGCGGATGCGGCCGGCCACCAGGCCCCCGCGCCGGGGGATGACGGCGAGGTCGAGGTAGCGGAGCCCGTCCATCTCGACGGTCTCACCCAAGCGGAAGGCGTAGTCGCGCAAGGCGTCGGGCCGCGTCGGCGACGGGATCGGGCGGCCGTCGAGCCACAGCACGTCCTCGAAGTACAGGTCGGGCAGCGGCTCGAGCCCGGCCCACCGGAACGGTCCGCCCTCGGGCAGGCGCCGCCGCGCGACCACCTCCTCGCGCAGGCCGGCGCCGCGCGACCACGACAGGTTCGAGACGGCCTCGGTCAGCGAGATCGCGACCGGCCGCACGTCCGTCACGCCGTCGCGCGTCAAGAGCAGCCGCGCGTAGCCTTCGGCGGCGTATGCCCCGAGCCCGACCGCCAGCCGCTGGCGCCGCGCCAGCACGCGCCTCCACAGCACCT
NZ_CP177357.1_gap53	2030954	2035532	4578	TGCTCCGTCTCCTTTCTCTCGCCCTGCTGATCGCCGCCGCCGGCTGCGCGCCCACCGGCCCGCTCGTCGCCGACCCGCCGACCGGGCCCGCCGCGGGCTACCCCGACCACACGGTCGCCCAGATCCTGGCGGCCGTCGAGGCCTCCGTCGCGCCCGTCCTCTCGGTCGCCGCCGACGGCGAGGTCCGCGCCGTCCAGCCCGACGGGACCGACCAGTCGGCGTCGTACAGCCTGCGCGCGCGGCTGGCGGACAGCGCCTCAGTGACCGTGCGCGGCCCGCTCGGCATCATCGCCGCGCGCGGGCTGCTCACGCCGGACTCGCTGTTTCTCGCGAACGTGATCCAGGACGAACTGGTGATCGGCCCGCTGGGCGCCGCCGACGCCGTCGTGCCGGGCGCCAGCCGCGACGGCCGCGTCGTCCGCGCCGCGCTCGGTCTCCTCGTCCCCGACGCCGACGTGGCGTGGACGCGGGTCGCGAGCGACGGGATGTACACGCTCGCCGGCCGCCTTCCGAACGCCCCCGGCAACCGCTCGTACACCGTCGACCCGTCGATCTGGCGTGTCGTGCGCGTGGTCGAGTTCGATGCCGACGGCCGTCAGGTCGGTCTCCAGACCGCGAGCGAGTTCGACACCGTCGACGGCGCCGTGCTGCCCCGCCGCGTGCATCTCGAAGGCGCGGGCACGACGGTCGACCTCGAGCACCGCCGCCTCGTCGTGAACCCCCCAGACCTGCGCATCCGGTTTGTCCGGCCGGACGGCTATGAGGTCATCGTCCTCCGCTGAGGGCTCGCGCCTTTACCTTCCCCGCCGGTCGCCGACACCGTCCCCCCATGCGTTGCGTCGTCCTTCTCGCTGCCCTCATCGCGCTCCCGGCCCTCTCGCAGGACCGGGCGGCCACCGAGCGCCGCCTGACCGGGCTGCAACGCCAGATCGCAGCGACGGAGCAACAGGTCCAGCGCACGCGGGGGCAGGAGACGTCGGCGCTGCAAGCGCTCGAAAGCATGGACGCCGAGGTCCAGCTCCGCGAGGAGCTCGTGTCGGGCTACCGCAGCCAGATCGGCACGATCCGGACGGAGACCGAGACGCTGCGGCGGTCGATCGAGCGGCTGGAGACGGAGATCGAGGAGGCCAAGCGGTCGTATCGGCGCCGCGCGCGGCACGCCTACGTCCACGGCCGGCGAAACGGGCTGGCGCTGATCCTGGCGTCGGGCTCGGTGAACCAGATGCTGGTGAGGGCGCGGTACCTCCAGCAGTTCGCCCAGCGGCGGCGCGGGCAGGTCGAGCAGGTGGCCCGGAAGTCGGCCGAGATGCAGGGCCGCGAGCGCGAGGTGCGAGTCTCGCTCGAAGAGACGCAGCGGCTGCTCCAGCAGAGCGAGGTCGAGCGTGGGCGCATCGCCGCGCGGCGGTCGGAGCGGGCGGCGCTCGTGACGGACCTCCGGAGCCAGCGCGGCCGGCTCGAGCGCGAGCTCGACCAGCGGCGCACGGACGCCCAGCAGTTGGCCGGCGTCGTCCAGGACCTCGTCGCTCAGGAACGGCGCCGGGCCGAGGCCGAGCGCCAGCGCCAGGAGGCGGCGGCCGCCGAGGCGGCCCGCGTCGCCGCGGCGCAGGCCGAGGCCGAGCGCCGCGCCCGTGTCCAGCGCGAGGCCGACCAGGCCGCCGAGCGCGCCCGGATCGCGCGCGAGCGGCGCACGACGCCCGAGCCCCGAACAGCGCCCGTGCCCGCGCCCGCTCCGACGCCCACGCCCGAGGCCACCCCGACGCCGCCCGAGGCCGCGCCCTCCCCCCCCATCGCCGAGGCCCGACCAACGCCCGCGCCGGAGCCGCGCCCGGCGCCTCCGACGCCGCCCGCTCCGCGAGCGACGCCGACCCCGCCGCCGGCGGCGGACCGCCCGGTCAATCTTACGGGCTCGTTCCGCGCCAACCGGGGCCGCCTGCCCCGCCCCGTCGAGGGCACCATCACCGGAAGCTTCGGCTCGCGTCGCGACCCCGTCACCGGTACGACGACCTCGTCGGACGGCGTCGACTACTCGACGGCGCCGGGCGCGCCGGTCCGCTCTGTCTTTGAAGGGGTCGTCCGGCGCATCGGCACGATTCCGACGTACGGGACCTACATCATGGTCACGCACGGCGAGTTCGTGACGCTCTACGGCAACCTCTCGAACGTGGCCGTTCGGCAGGGCGAGACGGTCCGCGCGGGGCAGGTTGTCGGGCGATCCGGCACGAGCGCCCAGCGGCGCGGCGCCAAGCTGTTCTTCGCGCTCTACGACGGCGGCCAGGCAGTCAACCCCTCGGGCTGGCTGCGGTAGGCCGCGCCCTCCGCCCCGCGCGGGCCTGCGTGCGGGCGATGGCGTCTACGCGTCCGGTGACCCGCTCCCCTCGTCGGCCGGGTCGAGGGCGAGCGCGGCTGAGTTGATGCAATAACGGAGCCCGCCCGCCTCGCGCGGCCCGTCGTCGAACAGGTGCCCGAGGTGGCCGCCGCACGCCACGCACACGGCCTCGATGCGGACCATCCCGTGCGTCCGGTCGTCGCGGAGGTGGACCGCCCCGCCGACGGCGTCGGTAAAGCTCGGCCACCCGCTCCGGCTGTCGTACTTGTCGGCGCTCTGGAACAGACCCGCGCCGCAGCCCGCGCAGCGGTAGAGCCCGGCGCGCTGTTCGTCGTGGTAGGCGCCCGTGAACGCCCGCTCCGTCCCGCCCTCGCGCAAGACGCGGTACTGCTCCGGCGTGAGGCGCCGGCGCCAGTCGTCGGGGGCCTCATGGTCGGTCACGGTCTTGCGGTGTGGTTGGAGGGGCGACGCGTTGGGGCACGGCCGAGTGCCGACCGGGCCAGTGCTCGTGACCGTCGGACTCAGAGCATGAACAGGGCCGCGATCACGAGGAGGACGAGAACGGCGATCCCCCACAGGACGGCGGATCGAGCCCCCCCTGCTTCCTCGGGCGGGGCTGCCGCAGGCGCAGCGATGGGTGCGCGCTCAGGTTTAGGTGCGAGCGTCTCGACGGCAGCCGGCTCCGCGATCGGCTCCGCGACGGGCTCCACGATCGGTTCCGGAACGGGCTCCGCGACGGGTACGGGTACGGGCTCGTCAACCGGCTCCGGGGTGGGCTCGACGACCGGCTCCGCAACAGGCTCGGCAACCGGATCGGCGGCCTGCGCCTTGGCGGGCTCGGCCACCGGCTCCTCGCCAGCAGCCTCCGGGCCCGACGCCTGGTCCGGCTCGGGAGCGACCGGCTCCGAGGGCGCCTCGGCCTCGCGCTGGGCCCGCTCTTGCTGATCCCGCGCCGCTTGCGCGCGGCGCTCGCGCTCCTCCCGCTCGGCGTCGTTCTCGGCCAGCGAGTACCGGAGCAGCGCCGCCACCCCGCCCACCTTGGCGAGGGCCTCGAACGGGTCCGCGAAGTCGACGTCGGCGCCGGTCCGCGTGGCCTGCTCGGTGAGCACTTCGACCAGGTCGACGCGGAACACGTCGGACGAGCCGCAGACGCCGCACGTGTCGGGCGTGCCGTGGGCGACGGCCTCGCACGCGCGGCATTTGGTGCCGTCGAGGTCGGCGTCGCGGGCGATGAGGAGGGCATCGGCGCGGGCGGCCTGGAGCGCCGCCAGCACCGAGGTCGCGCCGAACGCCGCCAGACCGGGCCCCATCCCCTGCTCGCGGATGGCCGCCCACAGGTCCTGCTCGGCCTGCCGCTCCCCTTCCTCGGCGAGGTCGGCCGCCGCCTCCAGCGCCTGGGCGTCGCTGGCGTTCCCGTCGACGGAGCGCGAGCCGACGAGCTTGTCCTGGAGGTCCTGCCGGAGCGCCGCCGTCAGCGCGCGGGCGGGCTCGTCGGAGCCGACGATCACCAGGCGGGCGAAGGGGCGCTCGGCGTCGAGCGTGGCGAGGTCGGTCGCCAGCTGCGTTGCGTACGTCTCGATCTGCTTGTCGCGGCGGCGCGCGTACCGCTTCTGGCTCCAGCCCCCCTTTTTGACCCGGTTCTTGACGTCGCCCCGGACGCGGCCCTCCTCGTCGACCTCGTCGGCCGAGACGAGGTAGATCCGCGCCTTCTCGTTGTCGAGGACGACGGCCGCGTACGTCTCGTTCTCGTCGAGCAGCTCGGCGGCCGGGCGGAGGTAGGGCGCGTCGCCCATCCAAACCTTGGTGCCGACCGCCTCGGGGAGGGCGTACGCCTTGCGGAGGTCGCCAGCCCACGACGAGAAGACGGCCAGCGAGCCCTCGCCGACGGCGTGCTCCTCGATGAGCGGCCGCGCCAACGCCAGGCTCTCCTCGAAGTGCTCGGCCTCGGCGGGCTGGTCGGCCAGCAGGGCGCGGACGCGCTCGAACCGGGACTCCAGGACGCTCGGCTCGTCGTGCGCGTCGAGGTAGACGGTCAGGAAGGCGCGCTCCGGCCCGGCGAGGTCGGCGAGCTGGCGGAGGGTGGCGGCGTCGAGCATGGGTCCGGGAGAGTGGCCCCCCTCAACGCCGTGGCGGCACGGCGGCTCCCACCGGCCTGGTAGGGAGTCGCCCCGTCGTCCCTTCCCGGTCCTGCGTGGCGCCGGGCGGGCGGCCACCCCGCGCGGGCGCACAGAAAAGGGCGGCGGCCTCCGGAG
NZ_CP177357.1_gap54	2036786	2039948	3162	GAGATCCGCTGGCGCTCCTTGTCGTAGTCGAGGACGACGACGTTGAGCTTCATGTCGAGCTCCAGGACCTCGCTCGGATGGCCGACCCGGCCCCACGAGATGTCCGTGATGTGGAGCAGGCCGTCGACGCCGCCCAAGTCGACGAAGGCGCCGAAGTTGACGATGTTCTTGACCTGGCCCTCGAGGACCTGGCCGACTTCGAGCGAGTCCAGGATGTGCTTGCGCTGCTCCTGGAGGTCCTTCTCGATGAGCGCCTTGTGCGAGATGACGACGTTGCCGTTCTGGGGATTCGTCTTGACCACCTTGAACTCCATCGTCTTGCCGATGTAGACGTCGAAGTCGCGCACGGGGCGGACGTCGACCTGGGAGCCCGGGAGGAAGGCCTCCGAGCCGAGCAGGTTGACGATCATGCCGCCCTTGATCCGCTTGACGATCTCGCCCTCGATGACGGCGCCGGACTCCAGCGCGCCCTCGAAGATGTTCCAGCGGAGCTTGTGGTTGGCCTTGTCGTAGCTCAGCGTGAGCTGGCCGCGGCGGTCCTCCAGGCGCTCGACGTAGACGTCGATCTGCTCGCCCATCTCGGGGACCTCGGCGAACTCGTTCTTGGCGACGACGCCGTCGGACTTGAACCCGATGTCGACGACGATCTCCTTGTCGGTCATCCCGACGACCGTGCCGGTCACGATCTGGTCGGCCTCGACGGCCGAGAGCGAGCCCGAGTAGAGCTCGGTCATCTCGTCGGACGAGGCGCCCGTGTCGGAGACCTGCGACGAGGCGCCGATGCCGGACACGCCAGCGTTCGCGGAGTCGACCTCGTTGAGCTCGTCGATCGAGATCGTGCGGCCGAGCGACTTGCCGGTGTAGCCGAGCTGGGCGGCCGAGTCGGCGCCGTCGCCGGCGACGGCGTCGGCGACCGAGCCGGTGACAGCAGCGGCAGCGTCGCCCGCCGCGTGAGCGACGGTCGAGGCCACCTTCTTGGCGGTCTCGGTGACGGCCTCGGCGGCGTCTTTGGCGGTCTCGGAGACGGCCTCAGCGGCGTCGGAGACGGCGTGGGTGATCGTGCCGAGGAGGCCCTCCTTGGGTTCCTCGGTCTCCTTGGGCTCGTCGTCCGCCGGCGGGTCGGTCGGGGCCATCGGGTCGTCCGGGTTGGGGCCGGAGTCCTCTTCGCCGGTCGTGCCGCCCTCGTGGGACGCGTCCGTGGCGGTCTCGGAGGTCGGCTCGGGGGCCGTGGGCGTCGTGGCGCCGTCGCCGGTGCCGGTCGTGGCCTCGGGGGCCGGGGTCGAGTCGACGTCGGTCGTCTCGGGGGTTTGGGGGTTGTCAGCCATAGGGCGTGCTCGGTCGCTCACCGCCCCGAGGGGCCTGAAGCGTGGCGGCGACCGGAGAGAGTCTGGAGGAAAAACAGGCGCCTCGAACGGTGCTTCGACCCGGAGTGGGCCGCGCGAGGCGAAGGGTCAGGCGGCCGGGCTCGTGGTGGCGCGGCGGACCGCGTGCAAAACGTGCTCGACCTGCTGGTCGATGTCGAGGGTCGTCGTGTCGAGCGTGACGGCGTCGGGCGCGGCGCGCAGAGGCGCAATCGCCCGGCCCTCGTCGCGCGCGTCACGCGCGGCGAGCTCGGCCCGAACGGTGTCGAACGCCGCGTCGGCGCCGTCGGGTCCGCCGAAGTCGGCGAGCCGGCGGGCGGCGCGGGCGTCGAGGTCGGCGACGAGAAAGAACTTGACGTCGGCGTCGGGGAAGACGACGGTGCCGATGTCGCGCCCCTCGACGACGACGCCGCCGCCGTGGGAGGCGACGTAGTCGGCTGCGGCCCGCCGCTGGAGCGCGACCATGGCCGCGCGGACGGGCCCGAGCGCACTGGCTTGCGACGCGTCGACGGCGGCCTCGGGCGTCCGGATGCGGGCGGTCACGTCGTCGCCGTCGAGGGCAACGCGCGTGCCGTCCGGGCCGGGCCGGAGGGCGACGTCGAGGGTGTCGACAAGGGCGGCGGCGGCGGTCTCGGTAAACGGGAGGCTCCGCTCGCGGAAGGCGAGCCCGACGGCCCGGTACATGGCACCGGTGTCGAGGTAGAGCCACCCGAGCCGGTCGGCCACCTGCCGCGCCGTCGTGCTCTTGCCGGACCCGGCGGGCCCGTCGATCGCGACGATCACAGTGTGGTGCTCAGGGGAGCCACCCAGTATAGGCCCCTGGGCCCCGCGTTCGCGTGCGGGCGGTGTGAGGAAGCGGTGAGGCCCATCGCGTTCTGTGGGCTCCGTTTGCAGGCGGGCCCCGCTGCGATCCGCCCCCGGTGGCGGCGCCTCTCCCCTTACGCCCCGACGGTGGACTCGGCCCGCACCGCCCGTTTCCCCAACAGGTGCACCTCTCGATGCGCTCACCACGTCCTGTTCTGAGTCATCGCCTCCGCAGCTCGCGCCCTTCCTGGCGGACACCGGTCCCCAGCCCGACCTCGACGACCCCGTCGCGTGGCTGCGTGCGTCGACCGGATGCAACAGCGCCCCGCCAGCCAGAAGCCGACGGGGCGCTTGCGCGAGCCTGGGACGCCTAGCGCTCGGCCATCAGTTCCGTGCCCGCGAGCGTCTCGGCGACGTAGCGCGTGAGCATCGTGAACAGGTGGCGGCGCGTGTTGCCGCCGTAGATGCCGTGGTTGCGGCCGGGGTAGAGCATCATGTCGAACTGCTTGCCCTCGGCCTGCAGCGCGTCGACCATCACCATCGTGTTCTGGACGTGGACGTTGTCGTCGGCGTCGCCGTGGACGAGCAGGAGCCGCTGGTCGTCTTCGAGGTTGGCCGCGTACGTGACCGGGCTGCCGGCGTCGTAGCCGGTCGGGTTCTTCTGGGGCGTCGAGAGGTAGCGCTCGGTGTAGATCGTGTCGTACTGGCGCCAGTTGGTGACGGGCGCGACGGCCATGCCCATCGAGAAGGTCTCCGGCCCCTCGCCGTACGTCATGGCCAGCAGCGTCAGGTAGCCGCCGTAGCTCCAGCCCCAGATGCCCATCCGGTCCTCGTCGACGTACGCCATCTCGCCAAAGTGCTGGGCCGCGGCGATCTGATCCTCGGCCTCCAGGATGCCGAGCCGGTTCTGGGTCGCCGTCTTGAAGGCCTGGCCGCGCCCGCCGGTGCCCCGGTTGTCGACGCCGGCCACGAGCACGCCGTACGTGTCGGCGAGGTA
NZ_CP177357.1_gap55	2069142	2074094	4952	CGCCCCCCACTCCTCGTTCCTTCACCCCGCGAGCCGCCGTCTTCGACAAATCCCCAGATCCCTGGGCGCGCGAGCCCCCTAGATTCCCCGGCTCTGCCCTGCGCTCCTCGGACGGCCGCACCTGCCGTCGCCCGGGGGACTTCCCAAGCCCGCACACCCCATGTACGCAATCGTCGAGATCGCCGGCAAGCAGTTCAAGGTCTCCGAAGGCCTCCGCCTCTTCGTGCCCCGCCTCAAGGGCGAGGTCGGCGACTCCCTCACGTTCGACAAGGTCCTCCTCGTCTCCGGCGACGACGGCGTCTCCGTCGGGGCCCCGACCGTCGATGGCGCCAGCGTCCCCGCCGAGGTGCTCGCGCACGTCAAGGGCGACAAGGTCATCGTCTTCAAGAAGAAGCGCCGCAAGGGCTACAAGGTCAAGAATGGCCACCGCCAGCCGTACACGCAGATCAAGATCGGCGCGCTCTCCGTCAACTAGCGCGCTCGCGCTCCCAGACCCCCACCTGAGATGGCACACAAAAAAGGCGTCGGCTCGTCGAAGAACGGCCGCGACTCCAACCCCAACATGCTCGGCGTGAAGTCGCCGGGCGGCGCCACGATCCACGCCGGCACGATCATCGTCCGCCAGCGCGGGACCAAGTTCCACCCCGGCCTCAACGTCGGCCGTGGCAACGACGACACGCTGTTCGCCACCTCGAACGGCCGCGTCCGCTTCCAGACGTCGCGCGGCGGCCGCAAGACGGTCCACATCGACCCGGTCGAGGGCTAGCCTCGCGGATCGACTCGATCTCGGCGCCCCTGCTGCTTCGGCGGCGGGGGCGCTTTTTTTTGGTTTCAGGAATGGCTCGCTGGCGCTGGCTGGCGCCGACCTCCGGTTCGCGGGAACAGGGAGTGAGGAACGAGCGGAGTGCAGACAACGCGCTCGCGTCGGCCGGTGGCGGTCGGCATCTTGGCTCTCCCCTCTTGCCCCTCTCCCCGTGCCCCTGTCCCCCCCTGCCCTCGTCGTCTTCGACCTCGACGACACCCTCCTCGATCACAAAGCGGCCGAGGCTGCGGCGCTGGCGGACGTCCACCGGCTGCACGGCGCGCACCTCGGGCACCACACGTTCGACCACGTCCACGCCTCGTACCGGGCCTGCAACATCCCGCTCTGGCGCGACTTCGGCCGGGGCGAGATCACCGGCGAGCAACTCCGCCAGCTCCGCTCGGAGCGCCTTCTCGCGGCGCTCGAGTGCGACACGATCGAGCCGGCGACACTCGACCGCGACTACCTCGCGCGGTACGCCGCGCACTGGCGCTGGGCCGAGGGCGCGCGCGAGGCCTACCGCGCCGTCGCGGACGCCGTGCCCGTCGGAATCCTGACGAACGGGTTCTCGGCGCAGCAGCGCGGCAAGCTGGCGGCGCTCCCCGAGATCGCCGAGCGCGCGGCGTTCGTGGTCATCTCCGAGGAGGTCGGCGTGATGAAGCCCGACCCCGGCATCTTCGAGCACGTCCGCCAGCAGGCCGCCAGCACGTTGGGCTGGGACGTGCCCGCGGGCGACTTGCTCTACGTCGGCGACTCCTACCACTCCGACGTGCTGGGCGGGACCGGCGCCGGGTGGCCCGTCGCGTGGTACCGGGGCGACGCCGAGCGCGCGCCCGAGGGCGCCGTCGCCTTCGACGACTGGGCCGACCTGCTGGCGCGGGTGCGCTAGCCCAGCCCGAGCTGGGCGAGGAAGATGGAGACGGCGGCCGGGTACAGCAGGATCGTCAGCGCCAGCCCGCCGAGCGCGCCGCCGAGGTGCGCCTCGTGCGCCACGCGGCCGATCTCGCGCTTCGAGGCGTAGATCGAGAGCACGACGTAGAGGACGGCGAACAGGATGGCGGGCATCGGGATGATGAACATGATGCCCAGCATCGCGAACGGCTCGAACAGGCAGAAGGCGAACAGCACGCCCGAGATGGCGCCCGAGGCGCCGACGGCCGAGTACTGCGGCGCGTCGCGGTGCTTCCAGAACGTGAGCGCGTTCGCGGTCAGCTCTGAGCCGAGGTAGACGATCAGGAAGCTCCACGGGCCCATCACCGCCTCGACGTACGGCCCAAAAAAGTAGAGCGTGATCATGTTGAACGCGAGGTGCATCCCGTTCACGTGGACGAAGCCCGCGGTGAGCCACCGGCTCCACTCGCGCTCGCGCACGACGCGGTACGGCTTGAACGCCCAGCGGTCGATGAGCTCGGGGTTGACCAGCAGCGTGTACGCGCCGATGGCGACGTTGAGCACCAGCATGGTCTGGGTGACGGGCGGGAGCGAGAGGAGGCCTTCGAGCATGGGCGTGGGGGCGGGTACCTTCGCGTACTCGCTGCCGCCGCCGATGTCCCGCCTGCCCCTCCTCTTCGCCATCGCCGCGCTCGCGCTTGCCGGGTGCGACGGGTCGGGCGGCTACGTGGGCACCTGGCGCGCGGCCGGGCCGGACTCGCTCGGCATGCGCTACCAGTTTTTCGCCGACGGCACGGCCCGCATCGTCGAGCGCGCGCCGGGCGCCGAGCCCGTCGTCTACGGGGCGACGTACGAGATCGTCGGCGACTCCATCCTGTGGCTCCGCGACGACACCCAGGACGGCCGCTTCCGCGTCGCGCTCGACGGCGACACGCTGCGGCTCGAGAACCCCGCCAGCGGCCAGCGCACGGTCTGGGTGAGGCTCTGAGGGTTGGGACCGCGGACCGCGGACCGGGGCCATGCCGGCCCGGTGGCCGTCTTTCCGAGTTCCCCCCAATCCCCAATCCCGCGAACCGGAGGTCGGCGCCAGCCAGCGGAGCGAGCCAGTCCCTAGTCCCGCGAGCGCCGGCGAGCCTACAGCACCGCGTCGATCCAGCCCCAGAGCTCGGCCAGGCCCTGCTTTTTCTCCGACGACGTCAGCACGATCGGCAGCTCCAGGCCGAACGGCGCGAGCTCGGCCTGGATGCCCGCGACGGCCTTTTTGCGGGCGTTCGCGCCCAGCTTGTCCGCCTTCGTCATGGCGATGAGGTGCGGGGCCGGGCTCTCCAGCATCACCGCCAGCAGCTCGGCGTCCATCTTCGTCATCCCGTGGCGGCTGTCGATCAGTTGGACGACCGCGCGCAGCGTCCCCTCCTCGGCGCGCTGGGTGATGTACTGCCCGATAAACTGCTGCCACCGCGCCCGCTGCTTTTGCGACACCTTGGCGTAGCCGTAGCCCGGGAGGTCGACCAGGAACACGTCCGGGTGGCCCTGCGGGTTGGGGTTGACCGCGTAGAAGTTGAGCGCCTGCGTCTTGCCCGGCGTGCCCGACGTCTTCGCGAGCTGCTTGCGGCCGAGGAGCGCGTTCAGCAGCGAGCTCTTGCCCACGTTCGAGCGCCCCACGAAGGCGACCTCGGGCGCGATCGGGGGCGGCAGCGTCCGCCAGCTGGGGGCGGAAAGGACGAACTCGGCGTGCTTGACCTTCATGGGCAAGGGGGATGTGGCAAGGGGCAAGAGGCGGGGGCTCCAAGCCCCTTGCCTCTTGCCCCTTGACGCGTGCCCGGGAGCCGCTAGGCGACCGCGCTAAAGTGGTCGGCGACCGTCTGGCCCAGCTCGGCGAGGTTCTCAACGGCCGTGATGCCGGCGGCGCGCATGGCCTCGAGCTTGGCCTCGGCCGTGCCCTTGCCGCCGGAGACGATGGCGCCGGCGTGGCCCATGCGGCGGCCGGGAGGCGCCGTGCGGCCGGCGATAAACCCGAAGACCGGCTTCTGGACGTGCTGGCGGACGTACTCGGCGGCCTCCTCCTCGGCCGACCCGCCGATCTCGCCGATCATCACGATCGCCTCGGTCTCGGGGTCCTCGTTGAACAGCTTGATGGCGTCGGTGTGCGTGGTCCCGATGATGGGGTCGCCGCCGATGCCGATGGCCGTCGTCTGGCCGAGGCCGGCGCGCGTGAGCTGGTCGACGGCCTCGTAGGTCAGCGTGCCGGAGCGCGAGACGACGCCGACGGCGCCGGGCTTGAAGATCATGGTCGGCATGATGCCCACCTTGACGTTCGCGCCCGGGGTCAGCAGACCGGGGCAGTTCGGGCCCACCAAGCGGACGCCGCGCGTGTCGACGAACGACTTGATGGGCAGCATGTCCTTGACCGGGATCCCCTCGGTGATGCAGACGACCGTCTGGACGCCGGCGTCGGCGGCCTCCAGGATGGCGTCGGCGGCGAAGGGCGGCGGGACGAAGATGACGGACACGTTCGCGCCCTCCTTCTCGACGGCCTCGGCGACCGAGTTGTAGACGGGCCGGTCGAGGTGGGACGAGCCGCCCTTGCCAGGCGTGACGCCGGCGACGACGTTCGTGCCGTACTCGATCATCTGCTCGGCGTGGAAGGAACCTTCCTTGCCAGTGATGCCCTGGACGACGAGGCGGGTGTCGGAATCGATGAGGATGCTCATGCGGAAAGGCGGGGGTCGGGGAGATGCGCGGGGCGCGGTCGGGGTCGAAGTGAAGGGCGGCGGGGTCGCGGGACCCCGGGCCTTTAAGCCTGCGTGTCGGGCGGCGGCTGGGGGGCCGGCGCGGGGGGCGGCGTGGCCTGCGTGGCGACCGGCTGCGAGGCTTGCGCCTGGGCCGGCGGCGCGGGCGGGATCTGCGTCCGCGGCGGCTCGACGGTCAGTTCGTGCTTGATGTCGTTGGTGGCGTCCTTGAACTCACGGATGCCCTTGCCCAGGCCGCGCGCGATCTCGGGGATCCGCTTGGCGCCGAAGAGGAGGAGCACGACGAGAAGGATCGCGAGGATCTCAAACGGTCCGAGGCTGCCCATGACGGTAGGATCTGTGGGAGGGGAGGCGCCACCTGCGGAAGGCCGGTGCGCACGAAGAATCTACGGGCCACCCCCGCCGAGGTGCCCCGCGCGCGCCGAGTTCGCCGGATCTCACGCCACACGCGGCCCGTGGCGCCCGGCGCCGGGGCGGGGGGCCCGTAGCTTCACGGACGCCCCCCGCCC
NZ_CP177357.1_gap56	2265474	2269814	4340	CTCGAAGCCGTTCGTCGTGCCCGCCCTGCGCGATCGGCTGATGGAGGTCGGCCGCCGGTTCCAGGCCCGGCTCGCTGACGCCGGGCTGCCGCCCTACCGCTTCACGATCTCCTCCGCGCTCCGCACCTCCGACCTGCAGCGCGCGCTCGGCCAGAGCAACCGGAACGCGACGTCGGGGACGTCGAGCCACGAATACGGCGCCTCGGCCGACATCGTCTACACCCGCTACGCCGCGTGGCCGACCGCCGCCGACACGCTCGACGTCCCCTTTGCCGACCCCGCGCACGCCACGGCGCAGCGGCTGGCGACGCGCTGGGCGAACGACCTGGCTGGCACATACGACGACCGCCTGTTCGGCGCGCTCACGCGCGTGCTCGGCGAGATGCAGGACGAGGACCGGTTGCTGGTGCTGCTGGAGAACGAGCAGCCCGTCTTCCACGTCACCATCGACGGCGAGTAGCGGCCCGCCTGAGACCGTAGGCGGCGGGATCCACGCGCCCCGCCGCCCATACGTGCCCGCAGCGATCCCCTCCGACGTCTCCCCTCTCTGTGTCCGACGCTCCGCTCCCCCCCTTCCTCCCGCTCCTCCCCCCGTCCGGCGACGGCGAGGACGCCAAGACACCAACGCCCGCCCCCCCGGACGCAAGCGCGGGGACGTCGGCGCCTCCCGCCGACCCGTCGCCGATCGCGGAGCCCGCTCCGTCCGAACGGGAGCCCGATGCCTCCCGCCCGACGCCCCGCTTGCGTCGTGGCTGGCGCTGGCTCGCGCTCTTCATCGTCGTCACTGTCCCCGCGCTCGGGATCCTGGGCGTGCGGACGAACGCGGGCGTCGAGGCCACGTACGCGCACCAGGCGCGGTTCGTCGCCCAGGCCGAGGCGGCGTTCTCGTCGATCCCCCTCTTGACCGACGACGAGGTGGCACTGCTGCGGCGCTCGCGGAACGCGCGCCACGTCGAGCTGGCAGAGGCGCTCGGCGCCGGGCCGCCCGCGTCGCGCGCCGAGCTTGACAGCCTGCGCCTAGCCGTCGGCGCCGTCTCGATCCTCAACGACTCGCTCTACGCCGTCCTGCCCGGCCAGTACTCCGTGCCGGTGCTCACGCCCAGCGGCGCCGCCTCGCTCGACAGCGTCGCCGCCCGATTCCGCGACCGGCTGGCGACCAAGGGGCTCCCGCCGTTCCGCTTTTCGGTCTCGTCGGTCTGGCGGTCCGCCGCTGACCAGGCCGCGCTCCGCGGCGGCAACGTCAACGCCGCCGCCGGGCACTCCAGCCACGAGTACGGCACGACCTACGACATCACGTACAACCCGACGCGCTACTCGCCCGCGCCCGACGCGCTCCCGCCGCCGCCGCCCATCGACGACCGCGTGCCGGGCTTCATGCGCGAGATGGTCGAGGCCGCCCTCGTCCGCGAGCAGATCGCCGACCTCAACCGGCTCGCCGCCGAGTACCCGTCGCGCCTGACGGCGCTCCTCGGCCGCGCCCTCATCGACCTCGAAGACGAGGGCGTGCTCGTGGTCGTCCGCGAGCGCCTCCAGCCGGTCTATCACATCACCGTCGCGCGGGAGTTGGTGCCGTAGGTTCGCCCGACCTCCCGCCATCGAATCTGTGCGCACACTCCTCGTGGGCCTCCTGCTGGCGACCGCCGCCGCCGCCCAGCCCTCCGCCGCCGACTCCGCCCTCGTCGAGCGCTTCCTCGCGGCCAACGACTTTGCCGAGGTCCAGACGCAGGTGGACCGGGTGCGCGAGCAGTTCATCGCCACGGCCCCGTCGCCCGAGGCCGCGGCGATGCTGGCGGAGATCTTCGCCATGGACTTTGGCGTCATGCGCGACTCGATCCGAGCCGAGCTCTTGCGCGACGTCCGGCCCGACCTGCTGCGCCACGCGACAGCCTTTCTCGAGGGCCCCGTCCTGCCCCGCGTGACGGAGGCCGCCCGCGACGTGGCCGACCTCGACCCGCTCGCGCTGACCGCCCTCGCCCACGATCCCGGCGACCGGCCGCTCGCGGACTCGACGCTGGCCGCTCGCTACGGCCGCGCGGTCATGGCCGCCAACCAGCCGGAGGATGTGCACACGATGGTGCTGACGGCGATGGTCGAGCTGTTCCCCCCCGCCCTGCGCGAGCAGATCGACGCGCTCGGCGGGCCTCAGGCGTTCGCCGAGATGTCCCGCCAGGCGGCCGGCGGCGAGGATGCCGTCGCGGCCATGATGACGGGCATCGCCCGCGTCGTGCTCGCCGAGGTCGCCCCCGACGACATCCGGGCCGTGACCGCGTACTACGAGTCCGAGGCCGGCCTCTACGTCAGCCACGCCGCCGCCCGAGCCGCCATGGCAGCCATGTTGCCCCGCATGATCGAGGCGATGCGGCCGATGTTTGAGTCGGTGGGCAAGGCCCCCGACGGCGCGCACCCCGAGCTCGCGACGCAATCTGCCAGCGATGCCGCCATTCGGGCCGTGGAGGCCGTCCAAGCCGCCGTGGACTATCCGGAGTCCGCGCTCGCGGAGGGCGTCGAGGGCGTCGTGCTTCTCGCCGTGACGCTCGACGCCGACGGGACTGTGCTCGGCGCCGAGGTCACGGACTCCCCAGACAGCCGGCTGTCCACAGCGGCGCTCGCGGCTGTCGATGCCACCGCGTTTCCCGCACCCGACTGGGTCACGCCCGAGGGAACGTCCCCAATTTCGTTCCCGGTCGTGTTCCGCCTCCCGCAGCCTCACTCCGGTGGCGAGATCCTCGAAGTTGCCGAGGTACAGCCGATGCTGATCGGCGGAATGGAGGGGCTCCAGCGCCGCGTCGTCTACCCCGAGTCCGCCCGCCGCGAGGGCGTCCAGGGCCAGGTCGTCCTCCAGTTCGTCGTCGACGAAGAGGGCCGGGTCGTGGACCCCGAGGTGCTCCGGTCGCCGGCGCCCGTGCTCGCTCGCGCCGCGCTGGAGGCGGTGCGCGGCTCTCGCTTCACGCCCGGCTCCCACAGGGGACGGCCCGTCAAGGTTCGCTTTGCGGTCCCCATTACGTTCCGTCTGACGGACCCGGCGCCCGACGAACCCGAGATCCTCGAGATCGCCGCGCCCGACGCGTATGTCGTTGAGCCCGATGTCTACGAGGTCGCCGATGTGGCGCCGAAGTTGCTCGGCGGGCTTGCGGGGCTGCAGCGCCGCGTCGAGTACCCTGAGGCCGCCCGGCTCTAGGGCATCGAGGGGCAGGTCGTCGTCCAGTTCGTCGTCGGGACCGACGGCCGCGTCGAGAACCCGGTCGTGCTCCGCTCGGCGCACGCCCTCCTCGACCCCGCCGCCCTGACCGCCGTCCGCACGAGCCGCTTTACGCCGGGGCTGCAGGACGGCACGCCCGTCCGCGTCCTGTTCGCCGTGCCCATCACGTTCCGGCTCCGCTAGCGGCGGAGACAACGCGTTCGCGGGTCCCGTGTCTCGTGAGGACACCACCGCTCGCCCGATACGACCCCTCCTGCTGGCGGCCCTCGTCCTCACCGCCGCCGACGCGCTGGCGCGAGCCCCGCCGCCCCCGCCTCCGCCACAAGCGGACGACAACACGTTCATCTGCCGAATCGAGACTCAACCCGTGCTGATCGGCGGGATCGACGCGCTCCAGTCGGCCGTCGTGTACCCGGAGGCGGCGCGGGCAGAGCGCATCGAAGGCCAAGTGGTCGTCCAGGTTATCGTCGAGCTCGATGGGCAGACCTCCGATCGCCAGATCGTGCGGTCGCCCGAGGACCGGCTGTCGCCCGCGGCGCTCGCGGCCGTCCGCCAGATGCGGTTCGAGCCGGGGCGCCAGCGCGGCGAGCCCGTCCGTGTGCGCTTGGCCGTGCCCGTCACGTTCCGCCTTCCCGACGCCGAGCGGTGGTGACGGAGCGTCGTCGCTCGTGCCGGGTACACTGGCCGAGATGCCCGACTTCGACTCCTCGGATGATGCCCTCCTCTACGGCCACGACCCGGCCGAGGGCCTCGTCGCGCTCCACCCGGTCGGCCCGGCGACCATGCGGCTCTACCGCCGCCGCGGTCCCGAGACCGTCGAGACCGAGGACGTCCGCGTCCACCCCTTCGTGTTCCTGTCGGACATCGAGCTGCTGAAGGGCTTCCCGCGCGACCGGTTCCAGTTCCAGGAGCTCGCGGGCCCCGGCTACTACCGCTACGCCGTCGCCTTCCCCGACCGCGGCGCGTACTTCGACGCGCTCCGCCACGTCCAGCGCACGACGGGGTCGGAGAAGACGCGGCCCGACGAGGTCTACACGCCCGGCGGGCCGGAGCAGCAGTACCTCATGCAGTCGGGCCGGACGCTCTTCAAGGGGATGGCCTTCGAGGACCTGAAACGCCTCCAGCTCGACCTCGAGGTCTA
NZ_CP177357.1_gap57	2271555	2273182	1627	CGCTTCGCGCCGTTCTTCGAGACCGAGGCCCAGTTCCGGCTCGTGTTCTCTGAGGAGGACTTGTTCGGCTTCGACCCCGCCGCCGTGCGGCTCGTCGTCCGCGAGCGGGCGCCCGACGAGGTCGAGGACGACGTGCCGTTTTAGCGTGCAGATACGGGTTTCGAGGGTCGACGTAGGACAACGCCTGAGCGCGACGTACGAAGGGCCCGCAGCCTGCGCTCGGCGCCGAACACTTGTGGCAACGAGGAATGCAAGGGCTCCCCCTTCCCCCCCCGGATATGACCCGCTTCCTCTCCCTCGTGGCCCTCTCGGCCGTCCTCCTCGCGGCCCCCGGCTGCATGTCGTCGGCGTCGATGAACGCCGATGCCGACCTCGGCGGCACCTCCGCCGGTGTCATGGTCGGCGGCGAGATGATGCTCCCGACGCGCACGCTCCCCGACAACGCCTCGCGCGCCTCCAACCTGACGACGTTGGTCTCGGCCGTCCAGGCCGCCGACTTGGTCGAGACGCTCGCGGGCCCCGGCCCGTTCACCGTCTTCGCCCCGACGAACGCCGCCTTCGCCGCCGTCCCGGCGGCGACGCTGAACAGCTTGCTGGAGCCCGCCAACAAGGCCCAGCTCCAGGCCGTACTGACCTACCACGTGGTCCCCGGCCGCCTGAGCGCGGCCGACCTCCGCGACGGCCAGATGCTGACGACCGTCAACGGCGCCCAGCTCCGCGTCCGCAAGCACGACGGCATGGTGATGGTCGGCGGCGCGACGGTCACGCAGGCGAATGTGTACGCCTCGAACGGCGTCGCGCACGTCATCGACACCGTCCTGGTCCCGTAGGACCTCGATGCCAGGGTCTGCAGGGAGCCTTCGGGCAATCTGCGGCGTCCCACCAGCGGGAGTCGTCTTCGGGCGGCTCCCGTTTTTTTTCGTTTTCCCCCGAGCCCATGTCCGACCGCACAGCCTTGATTCTCGGCGCCTCCGGCCTGGTCGGCGGCCACGTCCTGCGCCGCCTCGCGGCCGATGCTCGCTGGACCCGCGTCGTCACGCTGGGCCGCCGCCCGCTCCCGACCGCCGGCCCCAGCCACGAGGACCACGTCGTCGACTTCGACCGGCTCGACGAGCAGGCCGAGCTGTTCGCCTGCGACGACCTCGTCTGCTGCCTGGGCACGACGATCAAGACCGCCGGGTCGCAAGCCGCCTTCCGCCGCGTCGACCTCGAGATCCCGTTCGAAGCCGCCCAGCTGGCCCACTCGGCGGGCGCCACCCAGGTCGCGCTCGTGAGCGCGCTCGGCGCCGACCCGAGCTCGCGGATCTTCTACAACCGGACCAAGGGCGAGGCCGAGGCGGCCGTCGGGCAGGTCGGGTTCGAGGGCGTGCAGTTGTTTCGACCGTCGCTGCTGGCGGGCGACCGCGACGAGGTGCGCGTCGGCGAGCGGATCGGGCAGGTCGTGCTCGGGGCGCTCGCGCCGGTCCTGCGCGGCCCGCTCGCGCCGCTCCGCCCGACCGCGGCCGACGACGTGGCCGCCGCCCTCGTCGCCGTGCTCGCCCTGCGGCCGTCGGGGACGCACGTCTACGAGCCGGACGCCATCCGCCAGCAGGCAAGGGAGGTCGCCATCGGGCCGTAAGGGGCGGCC
NZ_CP177357.1_gap58	2372279	2376533	4254	GTCGGGCATCGCGGGCTCAACGCGCGAGCGGCGGGCGGGCTTCCGCGTGGCAGGCGAAGTCAGGCCGAAACCGATGGGCTAGGCCTCCGGCCCGACCGTCGCGTGGTCGCCGATGTTGAGCGTCCCCGCGAAGCCGCGGACGTCGGCCGAGTGGCCGACCATCGACCCGTCGAGCGCCGAGCCCTCGATCGTCGCGTCGCCGAACACGATCGTGTTGCGGACGGCCGACTCGGTGATCGTCGCGCCCCCGTGGACGGCCGCGAACGGGCCGACGACGGAGTCCTTGACGACGGCGCCGGGGCCGATAAAGACCGGCTCGATGATGCGGCTGTTCTCGACCGTCCCCTCGGTCCGCGACTCGCCGTCGTGGCCGAGCACGATCTGGGACGTCTCCTTGATGGCCGGGATGGTCCCGCAGTCGAGCCACTCGGTGACCTTCGCCGTCTTGAACGTCGCGCCGTCCTTGAGCATCCGGTCGAGCGCGTCGGTGAGCTGGAACTCGTCGCCCTTGCCCGTCACGTCGTTGTCCATGAGGTACTGGATCTCGCGCCCGAGCCGCTGGCCCTCCTTGACGTAGTAGATCCCGACGATGGCCTCGTTCGAGATCGGCGTGTCGGGCTTCTCGACGAAGTCTGTGATCCGCGCGCCGTCCTTGACGACGACGCCGAACCGCGAGGGGTCCTCGACCTCCATCACCCAGACGACGGCGTCCGCGTCGAGGTCGGGCGCGGCGTCCATCGTAAACAGGGTGTCGGCGAAGACGAGGACGCACTCGCCGTCGAGCTTGTCGCCGGCCTGGGCAATGGCGTGGGCCGTGCCGAGCGCCGTGGCCTGGACGCCGAACGAGGCCTCGATCCCGAACCGGCTGCAGATCTCCGTGAGCTGCTCGCGGACGTCGTCGCCGAAGTCGGGGCCCAGGATGAAGACGGCCTCCTCGAAGTCGCCGATGGCCGTCGCGAACGTCTCGACGATGCGCTCGACCATCGTGCGGCCGACGACGGGCAGGAGCGGCTTGGGGGTGACGTGCGTGTGAGGGCGGAGCCGCGTGCCGCGGCCGGCCATGGGGACGATGAGCTTCATGTCGGGCGTGCTGGAGAGGGGGCGGGAAGCTACGGGGGGCGGGCGTCGGCGATCCCGCTGGGCGGCCTCTTGGACGAGAGAAGAGGAGAAGAGGGCCGGACGAGAAGAGGACGCAGGGGAGGAATAACGAGGCTCGTCGGTGGGGCCAGACCCGGCGTGGTAATCGCGAGCCCTGCTCCTCACTTCCTCCCCTCCTCCCCTCCTCATCTCGTCCCTCCGTGACCTTGCGGCCGCTCACAGCGGCTCTGTCGGGGTGTCCACCCTGGGCGCCGCGCCGTCCACCGCCGAGCCCGCCCCATCGCCCCCTCCGCGCCGTTTTCGGCGGTCTGGAGCACCGGGCACGGAACTTGGAAGCCGGATGGCACCGTATCAGGGTCGGCTCTTCTCCCGACCCCTCCCCCCACCCCACCACCCCCATGTCCCTCTACTCCCTTCGCTACACGCTGGCCGCCGGGCTGATGCTCGTGTTCGGCCTCACCGCCCTCCCCGCCTGCTCCAACATGGGCCGCGGCGCGGCCGTCGGCGCCGGCGCCGGCGCCGTCGTCGGCGGCGTCATCGGCCGGGCTACCGGCTCGACCGCCCGCGGCGCCATCATCGGCGCGGCCGTCGGCGGCACCGCCGGCGCCGTCATCGGCCGCCAGATGGACAAGCAGGCCGAGGAGCTCGACCGCGAGCTCGAGAACGCCACCGTCACGCCCGTCCCGGGCGAGGACGGCGAGACGGCCGGCATCGCCATCCGCTTCGACAACGACTTGCTGTTCGACCTCGGGCAGGCGACCCTGCGCTCCGGCGTCCAGGCCGACTTGCGCGACCTCGCGTCGAGCCTGCGGACGTACTCCGACCACGACGCGGTCATCGTCGGCCACGCCTCCACGGACGGCCCGACGGACTTTAACCAGTCGCTCTCCGAGCGTCGCGCCCGCGCGGTCTCCGACTTCCTGATCGCTCAGGGCGTGCGCGCGTCGAGCCTCGACGCCTACGGCCGCGGTGAGATGGAGCCGCTCGCCGGCATCCCGGGCGAGTCGCCGCTCAACCGTCGCGTCGAGATCGCGATCTACCCGAGCGCGCAGTACCGGCAGGACGTCCAGTCGCAGTACAACTAGGCGGACCTACAGGCCGGCGCCCCTGCGGCGCTAGTTTCGCGGCCCCCGATGCTTCGGCGTCGGGGGCCGCTTTTTTGTGTCCCCGATCCCCTGCCGCCATGCCCGAGACCACCCGCACCGAGACGCCCTTCGAGGCCGACCGCCAGATGTCGCCCCTCGAGATGGCGCGGTGGCAGAACGAGCGCATCAAGGACACGTGGCGCATCTTCCGGGTGATGAGCGAGTTCGTCGAGGGGTTCGAGCGGCTGGGCTCGGTGGGCCCGAGCGTGTCGGTCTTCGGCTCGGCCCGGACGCCCCAGGACCACGAGTACTACGCGCTCGGCATCGCCGTCGGGAAGGAGCTCGCCGACCGGGGGTACGCCGTCATCACCGGCGGCGGGCCGGGCATCATGCAGGCGGCGAACGAGGGGGCCCACCGCGCGGGCGGGGTCTCGGTCGGGCTCAACATCGCGCTCCCCCACGAGCAGCACGTCAACCCCTACGTCGACGCGCCGCACAACCTGACCTTCGAGTTCTTCTTCGTCCGCAAGACGATGTTCGTCAAGTACGCCCAGGGCTACATCGTGCTGCCGGGCGGGTTCGGGACGATGGATGAGCTGTTCGAGAGCCTGACGCTGATCCAGACCAAGAAGACGGCCCGCTTCCCGGTCGTCCTGATGGGGACGGCGTACTGGGCCGGGCTCATCACCTGGATTCAAGAGACGCTGCTGGACGGCGGCTACATCTCGCCCGAGGACCCCGACCTCTTTGTCCTGACGGACGACCCCGTTGAGGCGGTCGACGTGATCGACCGGTTCTGCGCCGAGGCCGGCATCGCGCCGAACTTCTAAGCGATCGGGGCTCGGCGATCGGCCGTCGGGGACAGGTCCGAACGCAGGCCGCCCCGCCGACGGCTCGCGTCAGCGGGGCGGGTGGAGCCGGGGGCCGCCCCGATCCCGGATGGCCGGGGGCCGGTCGCCTAGAGGATGAACTCCAGCGCGAGCGGGAGCAGGTAGAACAGGCCCAGGATGTAGGCGATGGCGTAGAGCCGGTTCTTGAACGCCAGCTCGCCGACGAACTCGGCCATCCGGATCGGGATCTCGCGGATGAACGGGATCGGGTAGACGATCAGGATGCCGAACACATTGAACAGCGTGTGGCACAGCGCGATCGTGAGGCCCGCGAGCGCGGCCTCCTCGCCGCCCGAGATGGCCACGGCCGCCGCGAACAGGCCCGTCGCCGTCGTGCCGACGTTGGAGCCCAGCATGTACGGGAAGACCTTGCGCACGCTCAGCACGCCGGCGCCGACGAGCGGGATCACCAGGCTCGTCGTGACGGACGACGACTGGACCAGGAACGTGAGCACCATCCCGAAGAGCATCGCCATCATCGGGTTGCCGAAGACGTACTTGTCGAGCGCGCCCTCCGACCGCCCGAGCACGAGCGACTTCAGCACGACCACGAGGTAGCGGAGCGCCGTGAACAGCAGGACGATGCCGACGAGCGCCGTCACCCAGGCGTTCTCCGCCAGGACCGTCTCGCCGATCCACTTGGCGAACTGGTCGAAGGGCGTCTTGCCCATCCCGCCGGAGTCGACGCCCGGGATGGCGTTCGCGAGGGCGATCGCCGGCTTCGAGATGACGCCGAAGAACAGCTCGAGGGGCAGCAGGATGGCGACGGCGATCCAGTTAAAAAAATCGTGGACGGTCGCCCCGGCCATGGCGCGGCGGAACTCGTCGGGCCGTGTGATGTGGCCCATCGAGACGATCGTGTTGGTCACCGTCGTGCCGATGTTGGCGCCCATGATGACCGGGATCGCGTTCGCCACCCCGAGCGTGCCGGTCGCCACGAGGCCGACGACGATCGAGGTCGTGGTCGAGGAGGACTGGACCAGGCTGGTGGCCAGGATGCCCAAGATGAGGCCGAGAAGCGGGCTGGCGGTGGCGTCGGCGAGCAGGCCTTCCAGGTCGAAGGAGCCCTTGCCGAGCCCCTTGATGCCGTCGCCCATGAGCTCGAGCGCGAGCACGAACAGGCTCATGATGGCGACCAGCAGGACCAGCCGGACCCACAGGGGCTGCTTGGCGGGCGTGGC
NZ_CP177357.1_gap59	2378819	2383347	4528	CGCGGGCGACGAACGCGCCCGTCGGGCGGCCCGGCCCCGCGAGCGCGTCCGTCCGGGTCGACAGCGTGGGCGCGACGGACACCTCGACGCGCGGCGACGGCGCCCACCGAACCGAGCCCTCGGCGCCAACGCTCCCGATGTCGAACGTTCGGCTGGCGAACGCCTCGCTCAGCGTGCGGCGGCGGCTGGCGACGGCCGCGAGCCGAGCGTCGAGCGTCGGCGCGAGGGGGGCGAACGCCTCGGCGCGGGCGGTCTGAACGAGGCGGCGCTCCAGCCCGGCTGCGAGGCGGGCCGTCGACTGAGCGTGGGAGAGGGCGAGCCGCCCACCCCGGTCGGCGAGGTCCGGAAACAAAATCACGTCCTGATCGACGCGGAACCGGCCGTCGACCGTCCCCGCGTCGAGGTCGGGCTGCTGCAGGACGGCGGGGTCGAGCAGGAGGACGCGGAGCACGTCGCGCTCGCGCGTCGTCTCGCGCACGTCGACGACGGTCCGCAAGGCCACGGCGCGGAAGACGCTCGCGAGCGGGCCGTCGCCCGTCGTGAGGCGGCCGGGGCGGGCGTCCATGCGGAGTCCCAGGCCCACGCCGACGGTCGGGACGAGGTCGGTGCCGGGGACGAACGTGCGGAGGTAGGTGCCTTCGAGCGGCGTGGTCTCGGGGAAGAACTCGTCGAGCTGGGCGACGCCATCCGGCTCTCCCGCACGGGGCTCCCCCTCGCCGTCTCGCCAGACGTACTCGCCCAGGTCCTGCCCGACGCGCACGAACGTCTCCTGCAGGATCGGCGCACGCTCCGTCAGCGCGTCGTAGACGACCCGGCCATCGAGGGCGCCTCTGGCGACGGAGCCGCGCGAGGCGAGTCGCAAGGCGACCGACTCGGCGTCCGAGCGCCCCTGCTCACGGAAGGCGTCGGTGTAGCGCTTGCGGCGGTAGCCGAGGCGCCCCTCGGTCTGGAACGTGCCACCGACGGCCCGGCCCGAGGCCTCGACCGTCAGCGCCGTTGCGGCGTCCGCGAAGCTCTCCCCGCCGTCGAGGGCGAGGGGCTCCGACTCGCGACGCAGCTCGACGAAGGCCTGCGCGTCCGACCCGCCGGAGGCGACCCCCAAGCCCGGCCGGATGGCCAGAAAGGAATACGACGCCGAGAGCAGCGAGTCCTGAGGGAAGACGCCGGACTGGCTCCGGCGCTCGTGCTCGAATCCCAGGCTGGGGCGGAAGGCCCCGAGCGTGACCGCGCCGACGGTCTGGGCACGGCGAAACGCACCCGTCCCGATCTGGCTCGCGATGGGCCCGTCGCCCGAGGTCGCCGTCGCCGCCCCTTCGAGCACCAGCGACCGCCGCTCGTCGCCGATCGTCGCCGCAAGGGCGGCGCGCGACGAGGTCAGGTCCGCGAGCACCAGCCGGCCCGCTTGCGCCTCGGCGGTCACGCCCTCGCGAGCCCACGCCAGCACGCCCTCCGTCGTCGACTCGCCGAGCGTGTCGAGGGCGCTGCCGAAGGGCGTCCCGCCGCGCGCGAGGTTCCAGCGGCGGTTGAAGTCGACGCCGCGAACGCGGTCGAGCGGACGGAAGTCGTCGGCGCGCTGGCGCAGGGCGAGCTGGCCGGTGAGCGCGCCGCCCCCGAGGGGGACGGCCGCGAGACGGAGCCCGGTCTCGAAGGCGCCCGCGCCGTCGTCGCCGTCGCCCACGTCGGACAGCGTGTTGCCGTCGTCGACGGACCGCGCGAGCTCGCCGAAGGCCTGCACGCCGGGGACAAGCGTGACCGCACCGCGCGCGTCGACGAGCGTGCGGCTGGCGGGGCGCGGCAGGATCCGGAAGGGCACGAAGTCGCCCCGGCCGGGCCCGACGTACTCGTACAGGATGCCGTTGAGCGCGGCGCCGCCCCGGCGGTAGTCGCCCTGCCCGGCCCCGACACGGGTGAATCGGACGCGGAAGACCTCGGCGTCGCCGGGGCGGGCGGGGACGAAGATGGTGACGGGCTGCCCGACCTCGGTCGTGTCGCGCCGGGTGTAGAGCACGAACGGGCTCTCGGCGTCGAACGGGACGGGCTGCTCGCCGGGGACGAGCACGGGCGCGTCGCCCGCGGCGCGGATCAGGTCGAGCTCGGCGTCGCCCAGGCCCAGGTCCGTCGCGCTGCCGATCGCGTCGGCCTCGCGGTAGACCCGGACGCCGACCGAGCCGCGCGCCTGGTCTCCCCTCCCCAACTCTAGGTCCACGCCCGAGGCCACAAGCGTTTGGGTAAACCCGCCCGAGGAGTACTCGAAGTCGACGGTGATCCGGCGCTCGGCGGTGATCAGGTGGGCCGGAGTAAAGGTGACCTCGCCCGTCCCGTAGTCGATGGTGTAGTCGGCGCTGGCGCCCCTCGCCAGCAGGCGGCCGTCCAAAAACACGCGTTCGCTGCCGGGCACGACGATCACGAATGCCTCCCCGGCCTCGCCCTCCAGCCGGTACGGGCCCTGCACGCCCTCGGCGGGCGCGAGGTCCTGGCTCCGGAACCGGCCGCGCGTGGCGCTCGCGGAGCCGAGCACGCGCCCCCCACGCACGACCCCGGCCGCCGGGATCCGGGTCTCGACGACGGCCCCCTGCACCTGGCGCGAGAGCGGCGCGAAGGCGGTCCCGGGGAGCGCGAGGTCGACATCCCCCAGGCGCGCGCGGACGCCCGGCCCGTCGACCTCGACGTAGACGCGGTCGAGGTCGGACAGCTGGCGCGTCGTCCCCTCGGGCAGGATTGGCGTGTCCTCGTCGGTGAGCGCGGCGCGGAGCGCGACGCCGGGCGCGACCTCGCCCTCGAGCGACAGGCGGAGCGCGGAGGTGACCGACACGTCGCGGTTCGACCCTGCCACGACGCCCCGCGTGATGGAGCCGGACGTGCGGATGGCGGGCGGCGGGCGCGTGCTCGGCGGCGCGCGGCGGCGCCCGGTCGTGTCGGGCGCGTACAGCGCGCGCAGCGAGTCGACCGACGGGATCTGGGCGCGGACCGGCCCAACGACGGGCGCGGCGCGGTACGCGATGGCCACGTAGCGGACGGTGTCGGACGGCGCCAGTTCCAGCCGCCCCGTTCCGTCGAGCGTGTAGTCGGCCGGCGCGAGCGGGACGAACACGGAGTCGCGGAAGAGCGCGACCGTCTCGGTCCCGACGATCGGCCGGGCGCTCAAGAGCGCGGCCCGCTGGCCGGGCCCGAGCGCGAGCGTGTCGCGGCGGACCTGGGCGGCGGGCGCGGCGGCGCCGACGAGCAGGAGGACGAGCAGGACCCTCATCGGGGGGGAAGCCGGGGTGGCGGGGTCGCGGTGCTCGGGGACGTCGTCGGGGCGGGAGCGGCAACCTAGCGCCGCCGGGGGCGCGGGGCGGGTCACTCTGGGGTGGGACGGGACGGCGAAAGGGCGCTCTGGGTGCCCGCCGCAGGCGTCGAGGAGCATCGAGATCGCGTTTGGACGCACCGAGACGGCGTCTGGGCGTACCGAGATGGCATCTGGACGCACCGCGATGTCGTCTGGGCGCATCGCGTCGACACCTTGGCAGATCGCGAGGGCTTCTGGGCGCACTCCGGGGGCGGGGTGCTCGGCAGTCCCCCCGTCCGCGCGACGGTAGGATTTGAGACTGGCGTCCACCGTGGGGCGGCTCCGCTGGTGTGGCACGACGCCACGGGGACTGTCCCCCTTGCCAGGGGGGACAGCTTGGACGCGCAACGCCAGCCCCTACGGTGTCCGCCGCGTGTGCGCGTCCGAGCGGGGGTCTGCCGAGCGCCGCGCCTCCCATCCCCTGCTAGCGCGGCGGGATCGCGAGCAGGCCCATCTCGCTGGTGGCGGGCCCGTCGAAGGCGGTGGCGGTGAGGAGCAGCGTCTGTCCTCGCCACGCGACCGCGCCCCGGAGCGTGCCGGAGGCGCCCGCCTCTGTCCGAGCGACAACCTCTCCCCCGACCGTGCGCACCGCCGCGTCGGTGCCGACGATCAGCAGACCGGCGCGGTCGGTCGCCACGCCCACCAGCCGCCCCAAGTCGCCCGCTTCGACGAAGGCGCCGGGCGACCCGAAGGCGTCGAAGGGCTGGACGCCGCCGCGCCCGGCGTCGGCGACCCAGAGCGTGCCGTCGTCGGCGAGCGCGAGATCGATGGGGGCTGCGAGCGTGCCTGCGCCGAGCACGCGCTCGACGGTCCCCTCGCTGCTGAGGCGCAGGACGTGGCCGCGCCCACCGTCGATCACGAAGACGATACCGTCGGGCGCCGCGGCGACCGCGACGGGCTGGCCTCGTGGGGCCTCGCGGCCGAAGTCGCCGGCGGGCTGGCGGGCGGACGCGCCGTCGAGGTCGGGGACGACGAGCGTACCGGCGCGCCGCCCCTCGGCGGTGTACTGGGCGACGAGCCCAGCGGCGCGGTCGGCGACGTAGATGGCCTGGCCGTTCGTGGGGTCGAGGTCGACGGGGTCAAGAAAGGCGTCGTCCCCGGTGCCGACGCCGCCGAGCCGCTGGACGACGGCGCCGTCCCGGATCGCGAGCACGGTCCCGTCGGCGCCCTCGATCACCCAGATCGTGCCGTCGGGCGTGA
NZ_CP177357.1_gap60	2386243	2388791	2548	CATCCGGTTCCGAGGGCTCGACACGCTGGCGTTGAGATCCTTCGCTCTGCTCAGGATGACAGGTAAGGGGGGGCACGTCCAGCACTCAACGGCCCTGCCCCGCTGAGTGGAGGAGACCTCAGTACTGTCGGCCCGCCAGCAGAGCTTCGCCAACGTTGAACCGCGAACGTGGAACGGGGCAGGCTAGATTGGCGCGTCCCCCCGGTCGCCCGTGCCCCTTCCGCAAGCTCCCCGCTGGTTGTTCGCCCTCAAGGGCGTGCTCGCGCTGGCGGCCGTCGGCGCGCTGGTGTGGCTGGCGGACCCGCGCGCGGTCGCCACGGCGCTCGCGCACGCGAACGTGGGCTGGATGCTGGCGGCGCTTGCCCTCGTGCCCGTCAACATCGGGCTGGAGGCGTACCGCTGGGGGCGGCTGGTGCGGCGGCTGGCGCCGGACGTCCGCCACCGCGACGTGCTCCGCGCCGTCGTCGGCTCGTACCCGCTCGGCCTGCTGACGCCGGGCCGGATCGGCGACTACGTGGGCCGGGCGGTCTACCTCCGCGACATCCCGCCGGGCGCCTCGGCCGCGCTCACGTTCGGCGAGCGGATGGCGACGCTCGCGGCGTGCCTGGTCGGCGGGCTCGTCGCGCTCGGGCCGTACCTCCGCGCGGAGGTCGCCCCGTCGCCGCTGTGGTCGGCCGTTCTCGCCGTCGGGCTGGCGGCGACGGGCGGGCTGGTCGGGCTCATCCTGTTCCCGTCGCTGGCGCGGACGGTCGTCTCGACGCTCGTGCCGTTCGCACCCGTCCGTCGCGCAGCCGCGGCGTTTAGCCAGATCCCCCAAGAGGAGGGCGCGACGCTGCTCGGGCTGTCGGCGCTGCGCTACGTCGTGTTCTCGGGCCAGTTCGTGCTGCTCGCGCACGCGCTCGCGCCGCAGGCACCCGTGGCGGGGCTGTGGGCGGGCGTGGCGCTGGTCTTCTTCGCCAAGAGCGCCATCCCCCAGGTGACGTTGGGCGACCTTGGCGTGCGCGAGGGCGCGGCCGTGTTTTTCCTGGGCAGCTACGGCGTCGCCCCCGCCGCCGCGCTCGACGCCTCGCTGGCGCTGTTCGCGATCAACCTGCTGCTCCCCGCGATCGTCGGCGCGCCGCTCCTGGTCCAGCTCCGGCTCCGCCGCTCGGCGGACCGGATCGCGCGGACGGAGGTGTCGGCATGATCCCGACCGTCTTCGCCGCGCTCCTGCTGGCGTTCGGCGTCGCGTACGCCGTGCAGCTTGGGATGTGGGCGCGCGGGTTCGCCCGGGAGGCCGCCCGCACCGACGCCCTGGCGCCGCTCGCGGAGGACGCGCTCCCCACCATCACCGTCGTCGTCGCCGCGCGCGACGAGGAGGACACGATCGGCCCGTGCGTCGACTCGATCCTGGCGACGGACTACCCGGCGGGCAAGCTCGAGGTCATCGTCGTCGACGACGACAGCGCCGATGCCACGGCGGACGTGGTCCGCCAGCGGATGACGGCGCGCCACGCGCTCGCGCCCGCCGGCGACGAGCTCCACCCCGACGACTGGGACGAGGCCGAGGGCGGCGGGCGGCTCCGGCTCATCCACATCCCCGAGGACCGCCGCCGGGACCGGGCCCACAAGAAGGCCGCGATCGAGAAGGCCGTCGCGCACGCGCGCGGCGAGCTCATCCTGACGACCGACGCCGACTGCATCGTGCCCCCGGGCTGGCCCCGGGCGCTCGCGGCGCAGTTCGAGGGCCCCGAGATCGCGTTCGTCTCCGGGCCGGTCGCCTACACCGTCCGGCCGACCGACGGGCTGTTCGTCAAGCTCCAGGCGATGGACTTTTTCGGCGTCATGGCGTGCGGCGCCGGCGCCATCGGGTGCGGCCGCCCCCACCTCGCGAACGGCGCGAACGTCGGCTACCGGCGCGAGACGTTTCAAGCGCTGGGCGGCTTCTCGGGGATCGACCACGTGACCAGCGGCGACGACGAGCTGCTGATGCAGAAAATCGCGTACACCACGCCGCTCGACATCCGCTTCTGCGCCGACCCGGGCGCCGTCGTGACGACCGAGCCGGTGCGCACGGTCAAGGCGTTCGTCCACCAGCGCAAGCGGTGGGCCTCAAAAAGCCTCAACTACCGGCCGTCGCTCCAGCGGATGATCCTGACGATCGGGGCGTTCTACTTTCTGATCACGGCGGCGTACCTCGCCGTCTGGGTGTGGCCCGTGCTCGTGCCCGCCTTGCTGGCGGGGCTGGGGCTGAAGGCGCTCGGCGACCTGGCGGCGATGGCCCCGGCCGCGCGCCGCTTCGGCCGGCTCCGCCTGCTCTGGGTGTACCCGCTCCACCTGCTCTTGCACTCGCCGCACTCGCTGATGGTCGGCATCCTGGGGCCGCTGGGCGGCTTCGAGTGGAAAGGGCGCGAGCTGGACCAGTGACGCCAGACGCAGGGAGCACGGGGCTCCGGGCCCTCGGCACGCTGGCGACCCGCTTGCGCGATTCCCTCGCGCCCCGCGTGCTGGGTCCCATCGTCGGCGGGATGGTGCACGGGCCAGAGAGGGTCGGGGGCCACCCGGCGCT
NZ_CP177357.1_gap61	2421261	2425193	3932	TGCGTGTAGGTGTGGTCGACCGTCTTGCGGATGGCCTCGCGGTACGAGACCTGCGGGTCGCCGACGTTCGCCTCGACCTTGAACTCGCGCTTGAGGCGGTCCACGATGATCTCGAGGTGGAGCTCGCCCATCCCGGCGATCAGGGTCTGGCCTGTCTCGTCGTCGGAGGTCACCTTGAAGGTGGGGTCCTCCTCGGCGAGTTTCTGGAGCCCGACGCCGAGCTTGTCGATGTCAGCCTTGGTCTTGGGCTCGATCGCGATCTTGATGACCGGCTCGGGGAAGTCCATGGCCTCCAGCACGACGGGCGCGTTGGGGTCGCAGAGCGTGTCGCCCGTCTTGGTGTCCTTGAGCCCCACGATCGCGCAGATGTCGCCGGCCTTGACCGACTCGACGTCCTCGCGCGTGTTGGCGTGCATGAACAGGAGGCGACCGGCGCGCTCCTTCTTCTCCGTCGTCGCGTTGATCAGCGCGTCGCCCTTGTTGAGCGTGCCCGAGTAGACGCGCGCGAACGTGATGCGGCCGACGTAGGGGTCGGTCGCGATCTTGAAGGCGATGGCCGCGAACGGCGCCTCCGGGTCGGCCTCGCGCGTGACGATCTCCTCGGTCCGCGGCTTGTGGCCCTCCATCGGCGGCACGTCGTGCGGCGAGGGGAGGTAGTCGATGATGCCGTCGAGCAGCTGCTGGACGCCCTTGTTCTTGAAGGCGGACCCGCAGAAGACCGGCGTGATGTCCATCGAGATGACGGCCTCGCGGACGGTCGCCTTGACGACGTCGACCGGGAGCTCCTCGCCCTCGAGGTACATCATCAGGAGCTCGTCGTTGTGCTCGGCGACCGCCTCCAGCAGCACGATGCGCGCCTTCTTGGCCGTCGGCTTGAGGTCCTCGGGGATGTCGACCTCGTCCCAGGTCGAGCCCTGCGTGGCGTCGTCGAAGATGAACGCCTTGTTGGAGATCAGGTCGATGTGGCCGCGGAAGAGCTCGCCGTCGCCGATCGGGATCTGGACGGGCACGGCGTTCGCGCCGAGCCGGTCCTTCATCATCTGGACGGCGTTCTCAAAGTTGGCGCCCGTCCGGTCCATCTTGTTGACGAACGCGACGCGGGGGACGTGGTACTTGTCCATCTGGCGCCAGACCGTCTCGGACTGGGGCTCGACGCCGCCGACCGAGCAGAACAGCGCGACGGCCCCGTCGAGCACGCGGAGCGAGCGCTCGACCTCGACCGTGAAGTCGACGTGGCCGGGCGTGTCGATGATGTTGATGCGGTGGTCCTTCCACTCGGCCGTGGTCGCGGCCGAGGTGATGGTGATGCCGCGCTCCTTCTCCTGCTCCATCCAGTCCATCGTGGCGCCGCCCTCGTGGACCTCGCCGATCCGGTGCGTCTTGCCGGTGTAGTACAGGATGCGCTCGGTCGTCGTGGTCTTGCCCGCGTCGATGTGCGCCGAGATCCCGATGTTGCGGGTCTTGGTGAGCGAGTAGGTCTTGCCGGTGATGTCGGACATGAGGGTCGTCGGTTCGGTGGGGGGAGCCGAGAGAACGGGCCGGCCTCTGCCGGGGGCAGAAGGGCCCGTGACGGTCTGGTTAGAAGCGGGCGAAGTGGGCGAACGCCTTGTTGGCCTCGGCCATGCGGTGCGTGTCGTCCTTCTTCTTGACGGCGCCGCCCTCGCCGCGCGAGGCGGCGATGAGCTCGGCCGCCAAGCGGTTGGCCATCGACTTGTCGCCGCGCGACTTGGCGTACTGGAGGAGCCAGCGGAACGCCAGCGACGTGCGGCGCTCGGGGCGGACCTCGATCGGCACCTGGTAGGTCGCGCCGCCGACGCGGCGGCTGCGGACCTCCACGAGGGGGGCCGCATTCGTCAGCGCCTGGCGGAAGACCTCGACGCCGGGCTCGCCGATGCGCTCCTCGACCAGGTCGAAGGCGCCGTAGACGAGGCCCTGGGCCACGGACTTCTTGCCGTCACGCATGACGGCGGCGATGAACTTGGCGACGGTGACGTCGCCGTAGATCGGGTCCGGCGTGGGGATCCGCTTTTCTGCTTGCTTCCTGCGCATGGGGTCGGGAGGTCGGTAGGTCGGGTATTCGGTGGGTCCGCGAGCGGGGCGGCGCAGAGCGCGCCGCGCCTCCGTCCGCGGGGGAAACCGACGTACTACTTGGGCTTCTTGGCGCCGTACTTCGAGCGGCTCTGGCGACGGTCGGCGACGCCGGCCGTGTCGAGCGCGCCACGGACGATGTGGTACTTGACGCCCGGGAGGTCCTTGGCGCCGCCGCCACGGACGAGCACGATGGAGTGCTCCTGGAGGTTGTGGCCCTCGCCCGGGATGTAGGCGATGACTTCGTAGCCGTTGGTGAGGCGGACCTTGGCGACCTTGCGGAGCGCGGAGTTCGGCTTCTTCGGCGTCGTCGTGTACACGCGGGTGCAGACGCCACGGCGCTGCGGGTTGCCCTGGAGCGCGATGGCCCCGGAGGTCTTGCGCTTCGGGGTGCGGCCCTTGCGGACGAGTTGGTTGATCGTAGGCACGGCGGTGCGGGCGGGTGGGGCGCGGGGCAATCCCGCGCGGCGAGTCAGGACCCACAAAGTACCCGGCACCAGGGCCGACCCCAATGCCGGGACCTTCACAAAGGCGAGGCGGAACGGCTCCAGCGCCCTCCAAAGGGCGAAGCTTCTGTGCAGACCGACCACTGGTCTAGTTCAGAGTACCAGGTTTACCATTGCCTCCACACGGAGCTCGCCAGCCCTCCGCCCTCTCCTCTCAGCCGCCGCGGCCTGCCCCTTTTGCGTCACGCCATAGGGTAGTCCGTTTGCACCAAGACCCCCTGGGGAGGGAGGCCTATGTTTTCACGCACACACCGCGCACATCCACGCGCGCGCGACGTACTCTGTCCTTGATGTCTTTGCGCCTCCTCCGACTCGCCCTGTCTCTGGCCGTCGTGGCCGCCCCGCAGGCGGTGCGTGCGCAGTCGCCGAGCGACTTCGACGCCCCCTACGAGCGGCTGGCGCTTTCGGAAACCCAGACGCGGGTGCTGGCCAACCGCCGGGCCATCTTCCTCGACCCGGGGCGGCAGGACGGCACGCCCGAGGCCGATCCGCTGCGACCGCTCCAGTGGGAGGTGCTCTACGGTCAGATGCGGACGGCCGCCGAGGACGTCCGCTCGATGCCCTCGGCGGAGGCGCTCGCGGCCACGGCGGCCACCTTCCGGGCCCGCCGCCAGCTCCCGATCGCGGTCGTCTGGCAGCCGTTCGACTTTATCGATCAAGCGGCGGTCGACGACGGCCGGCTGCTCGTCGACGAGTCCGGCCCCACGCCCCAGCTCTACCGCCCCGACACCGACGGCTTCTCGGCCGCGAGCCCCTACCAGCAGGCGTCCGTCTTTGCGGCGGGCGCGCTCTACGGCGGCGACCTCTCGGCCGCTCTCCACGGGCCCGTGGCGGTCGGCGCCACGCTCACGCTCGTCCTCCCGCGCAACCTGTTCGTGGTGCCGGCGGGCTGGGCCCGCCCCGCGTTTGTGGAGGTGTTGGCCGGGAAGCGAGGCGCGACCCAAACCGTCGCGCTCGACCAGCCGTTCACGGTCTCGTTTGCGACGCCGGGCACCAAGTGGATCCGCTTGACCGCCGTCGTCGGCGGGGCCACGCGCCATGCGGCCTTCCAACTGGAGGTCCGCGAGCCCGGGCCGGCCCGGGCAGGGGCGCTGGAGAGCAGCGTGGGTGCGAGCCCGGCCGAGGCCTGTGCCACTCGGGCGGTCGAGTTCGCGTGGTCCCGCATCGTGTGCGGGGTCACCCCGGAGCCGTCTCTCCGCTGGCGCCCCCGGCGCCGCTACGCGACGATCAACGACCACTACCACGGGCGAAAGTCGGCGGACTACGACTACGGCGTCGTCTACTCCCCGTACAACTTCTCGGGTCGGCTCCGCCGCCCGATCGTGATCGTCGGCGGGT
NZ_CP177357.1_gap62	2436431	2441056	4625	CGGAGCTGGCGGAAGCCGTCGAGGCGGAAGGGGACGTAGGGCTCGCTGAGGCAGCCGTCGATGTCGGCCAGGAAGAGTCGGATCACGGGTCGATCGGGGGGGCACCCACAAGGTCGCCGGTCTCGGCGACGGGTAGTGCGAACGGACCAGGGATCCGCGCGCCACGCCGCCTCACTTTGGGCATCCCCCTTAGCCGATGCGCACCCCTCTCCTGCTCGCCCTCGTGCTCCTCACAGGCTGCACCACCTCGCGCGTGGTCGACCTGTCCGCGACGTCGACGCGTGCGGAGGTGAACGGCCGCGCGGAGCGGGGGTATCCGGTCGTCCACCTCGTCGGCGAGCGGGGCCGCCAGGTCCGGTCGCTCCACGTCGCCCCGGACGTCACCACCTGGGTCGACAAAAAGACGGGCGAGTCCCGGTCGGCGCCGACGGCGGATGTGGAGGCGATCGCGTTCCGCCGAGATGGCCTGGGCGCGTTGCAGGGGACTGGCATCGGGGTCGCCGTGGGCGGGTTCCTCGGGGCGTGGATGGGCACGCTCGACGGGAACGGAACCCTCACCTACACGCCCCTCTTTGGGGCCGTCTTGGGCGCGGTGGCTGGCGTCGAGATCGGCGCGATCGCCGGGGCCATCCGCTCCGACCGGTTCGTGTACGAGGCCGATCGGTGCCCCGGCGTGCCGCTGGCGTGCGCCGCCGGTCCGTGAGGGCGGCGGTTCAGCGCCGGACCTTGAGCAGCACACCGACAGGCTCGACATCCGGGCGGCGGTCGCCGGAGGGCGTGAACACGCCGTCGGTCACGGGGACGAACCAGACGTCGTCGCCCTGGGCGATGCGGAGCTCGAAGGGCAGGTTTGCGAGTGAGTCGTCGTCGCCCTCGATCTCCCACGCGAGCGTGCGCGTGTCGCGGTCCCAGCGCGTGCGCAGCGTCGGGCGGCCCTCGCCCCACACCCAGTAGTCGAAGATCGGCCCGAGGTCCCGGCCCGACGTCTGCTCCAGCGACGCCTGGAAGGCCTCGGTCGAGAGCGGGCGGTCGGCGAAATCGGCGGCGGCGGCGCGGAGGGCGGGGTAAAACACGTCCTCGCCGAGCGCCAGCGACAGGAGGTAGAAGACGGACCCGCCCTTCTGGTAGACCGTCGGGGAGAGCACGTCGGCGGGGTCGGCGTAGGCCTCGGGCACCAGCCTCGCGTCGGCGTCGTCGCCGCCGATGGCGCGCGACATCAGCGTGAGGTACGCGCGGCCCGCGTCGCGGCCGTCGAGCGTGTCGTAGAGCGCCGTCGTCAGGAAGGTGGCCGCGCCCTCGGCGATCCACAGGTCGCGCCAGTCGGCCGGCACGACGGCGTTCCCCCACCACTGGTGCACGATCTCGTGGACGTTGACCTCCTCGACAACCACGCGGCCCGGCAGCGTCTCGCCGTAGAGGTCGGCGCGCAAGAACGCGGCGGTGGCGTTCTCCATCCCCGCGTAGACCATCGGCACCTGGACCGTCGCGTACGAGGCGTACGGGTAGTCGCCCAGCATCCCCTCGAGCGTCGCGAGGATCTCGGGCGTCCGGGCCAGCCGGCTCGCGTACGCCGCGTCGCCCGCCAGCAGGGCGTGGCGGATGGGCACGACGCCGGCCTGCTCGGTGATCGAGAAGTCGCCGACGGCGAAGGCGAAGGTGTAGACGGGCGCGTCGCCGTCGAGCACGAACCGGGCGCGGCGGCGGCCGTCGGCCACGTCGTCGGAGACGAGCGCCCCACTGGCGACGACCTCGTATTCGGAGGGCACGTCGAGCGTGAGGTCGAGACGCGCGGGGTCGGAGGGGTGGTGCACGCCGGGGAGCCAGCCGGCCGTGCGGTCGGGCCAGCCGTCGGTAAAGACGACGCGGGCGCCACTGACGTCGTCGGCGTAGAGCCCGGCGTTCGGGGTGCCCGAGTAGACGACCTCCACGACCGACGTGCTGTCGCCGACCGTCACCGCCGGGTCGAAGAGGGGGACGTGGAGCGCGTCCCCGTCGTGGACGAACAGCACGCCCTCGCCGTCGACGCGGACGGTCGCCACCTCCAGCACGTCGTCGAGCCCGAGCACGAGCGACACCAGCGACGGCGGGTGGGCGACGGTGAGCGCGACCGTGCCGTCGAGCGCGAGCGTGGCGGGGTCGAGCGTGATCTCGGCGCGGACTTCGCGCACGTCGACGTCGGCCTGCGGGCCGGGCGCCTCGACGCCGTCGCTGGGGGCGTCGCCGCCGCACGCGGCGAGGAGCAGGAACAGCGTGAGAGCGGAGAGGCGGGGCATGGGCGATCGGGCCGGGGCGCGACCAGACCCGCCAGCGATGGGCGGGGGTCCCGCGGTTCGGGAGGGCAGGGAACCCCTCACCCTGGCTTCGCCGACGCTGCGCGTTGTCCCTCTCCCGGCCGGGAGAGGGGACGGCGTAGGAGTGGCCGTGCTTCTTCCCTCTCGTCGGGCTCACCCCCACACGCCGGCGGCCCACAGCACCGCCGCGATCAGCACGGGCTGGAGCGGGAGCCGCGCCAGCAGCGCCCACCGCGGCGCGAGCCCCGCGAACCGCGGCCAGTCGCGCGCCATCTCGACGTTGGCCGGGAAGACCGCCACGAGCAGCGCCGCCAGCCCCCACGCGGCCGCCACCCGCACGCCGGGGATCAACAGCCCGACGCCCCCGGCGATCTCGGCGACCCCGCTGATGAGCACGAGCGTGCGCGCCGACGGCAGCCACGCGGGCAGCCAGCGCGGCACGATCGCGTCGAACATCCGGGGCTTGACCAGGTGCAGCACGCCGGCGCCGACGAACACCGCCGCCAGCGCCACGAGCGCGGCTGCCCGCCAGACGTCGTCGGGCAGCCCAGGCATCGGCTAGGCGTCCTCGCGGATCTTCATGTCGGTCAGGCCCTCGACGAGCGCGTCCGAGATGCCCATCGACGAGAAGCCGCCGTCGTGGTAGAGCGTCTGCATCGTCACCATGCGCGTGTAGTCGCTGAGCAGCGTCACGCAGTAGTCGGCGCAGCTGGCGGCGTCGGCGTTGCCGAGCGGGGCCACCTTTTCGGCGAAGTCGAACATGGCGTCGAAGCCTGCGATGCCGCCGCCGGCCGTCGTCTTGGTGGGGCTTTGCGAGACGGCGTTGATGCGGATCCCGCGCCGGCCGAGCCGGTAGCCGTAGGACCGGACGATCGACTCCAGGAGCGCCTTGGCGTCGCCCATCTCGGAGTACTCCGAAAAGACGCGCTGGGCGCCGATGTAGCTCATCGCGAGGACGGAGGCGCCGTCGGCGACGGCGTCGGCTTCGAGGGCCGCGGCCACCATGCGGTGGAGCGAGATCGCCGAAATGTCGAGCGAGCGGTGGTACCAGTCGTAGTTGAGCGCCTCGTAGGGCTTGCCCTTGCGGACGTTCATGCCCATCCCGATGGAGTGGACCACGAAGTCGAGCGGGCCGCCGAGCGCGTCGGTGGCCTGCGTGAACAGGTCGGTCAGCTCGTCGCCCTTGGTGGCGTCGGCGTAGACGACGGGGCTTCCGCCGGTCTTTTCGGCGAGCTCGTCGAGCCGGCCGAAGCGGCTGGCGACGGGGGCGTTCGTGAGCACGAACCGGGCGCCCTCGCGGTGGGCGGCTTCGGCGAGCGCCCAGGCGATGGAGTCGGGGTCGAGGGCGCCGGAGATGACGCCGGTCTTGCCGGCGAGGAGCCCGTTGGAGTCGGCCATGTGAGATCGGAAGAGAGGGCCCGCAAGCTACGGGCGTCCGCCGACCGCGGGCCCCGCTACCCACTCACCCCCTCGGCCCCGAGGCGAGCGGATCGCTCGTCTTATGGGGCCGCGAGCGAGCTTCGCCGCTCTTGGCCCTTGAAGGGCTTGCCGCCGTGCGGTTACGCCAGCAGCTCCTCGACGGCCGCCAGCATCTCCTTGCGCATGACCGGCTTCGAGAGGTAGGCGTCGAAGCCGGCGTCGATGTACTGCTGGCGGTCGCTGGGGGCCGCGTGCGCCGTCAGCGCCATGGTCGGCAGGGCCGCCATCGTGGGCGTCTGGCGGATCTTCTGGACGAGGTCGACGCCCGACATGCCGCCCTGGTAGTTGATGTCGAGCAGGGCCGCGGCGATCCCGCCCTGGCCGAGCCGCTCGAACGCCGCCTCGGCCGAGGCGACGGACACGACATCGTAGGCCCGTCCGAGGTAGATCTCGAACAGCTTGCGGTTTTCAGGATAGTCGTCGGCGACGAGCAGGAGGGGTCGGTCGGACATGTGCACGGTGGGAGTCGCCTGTGTATCGGCGGTCCGGCGCGTGTCCAAAGGGCGGGCGGATTATCCCCCGGCTCCATCGAGGGCCGCGCGGTAGGCGAGGCCGAGCGGCGCGACCGCGTGCGCCAGCGCCTCCGCGATGCCCGGCCCGCTGGCGACGAGCCCGCCCGTCGTCACGGGGTCGGCGCCGTCCCACAGGCCGCGGACCGTGCCGCCGGCGGCCTCGACCAGCACGACGCCCGCCGCCACGTCCCAGGGCGCGAGCCCGGCCTCGAAAAACCCGTCGAAGCGCCCGGCGGCCACCCAGGCGAGGTCGACCGCGGCGGCGCCGTGGCGACGGATCCCGCGCGTCGACCGCATCACGGCCTCGAACGCGGCGAGGTAGCCGTCGACGTAGCGGTAGTCG
NZ_CP177357.1_gap63	2531461	2533505	2044	CCGACACGTAGGGCACGATCGGGAGCTGGTCGACGCGGCGCCCCCGAAAGACGTCGTAGTAGAAGACGTTGGCCCGGTTGTAAGCGTTGACGGCGCCCGCCCGGACGTCGAGCGCGGCGCGCGAGCCGAGGTCGAACGCGGTCCCGGCCGAGAGGTCGAGGCGGTGGTACGCGGGCAGGCGCCCGTTGAACGGCCGCTCGAACACGACGCGCGGGAAGCCGGGCTGGAAGACGACCTCGGGGAGCCCGAACGGCGGGACGACGGTGTCGTAGCCGTACGGCCGCGTGTACGGCAAGCCCGACCCGATCTGCCACCGCGCGCCCACGTTGACGGCCCCCACGTCCGCGCTGACCGCGAGTTGGACCTGGTGACGCCGGTCGTGCGCGGGGTTGTACTCGGTGTACGAGGTCCCGCCGCGCACCAGAAACGCGCCGTCGACGGCTTCGTACGTCGTGACTCCGAAGGCGTACGAGAGATAGGTATAGACCGGGCCGGCGGTCCACTCCAGCCGTGCGTCGGCGCCGTACGAGGTGCTCCGGGCCTCGGTCGGCAACAGCGTGAACTGGGTCCGCGCGCTCCAGATCGGCACCGGCAGCCCGTCGATGCGGCGGCCGTACGCCTCGGCGCCGATGCGCAGATTCCGGGTGACCGGGACGGTCGCCCCGCCCAGGACGTGGACGGCGCGCTGCTCGTCGAAACCGGGCGGCGGGCCGGTCCAGGCGATAAAGGGGCTGGCGGCGTCGCGCTCGTCGGTGAGCCCGACGAGCGACTGGCGGTAGAGCCCGGCGGCGGCGGAGATCTCGGGCCCGAGCCGCCCCGACGGCAGGTACGAGGCGCGGAGGCGGGGCTCGAGGCCGGCCCCCGTCGAATACGGCCGGAGCACAGCCGCGACGCCCGGCGTCAGCGTGAGCGCCCCGAGCGGGAGGTCCAGCTCGACGTGCGCCGCGCCGCCCAGCAGGAAGTCCCCGTCCTCGCGCGCCGACGACGCGTCGCCGAGTTGGAACTCGGTGACGACGAGCGAGGCCCGAGCGCCGGCGCGTAGGCGGACCGCGCCGAGCGAACGGGTCAGCTCGGCCGAAAAGCGGCCTTCGGTCAGCTTCGAGGACCGCTCGCGGCCCTCGCTGAAGAGGAAGTCGGCCTCCTCGCCGATGCCGCTGCGGAGGTGGCTCAGGCTGGCGGCCACGTCGACCCGGCCGTCGAGGCCGGGCGGGGCCGAGATGCAGCGCCCGCCGAGCACGACGTTGCGCCACTCGAAGGCGTCGGGCGAGTCTTCCGCCAATCGCCCCCGGTCGTAGGTCGTCAGCGCCATCGCCGAGCACCGCGAGGCGTCGGTCGCCGTCGCCAGCTTGACGAGCCCGTCGGAAAACTGGAGCGGCACGGTCGCGCCGACGAGCGCCGCGAGCGGCTCCACGACCGACGTGCGCGCCGAGGCGATCCACGACGAGCGGCCCCTCGCGAGCGGGCCCTCCGCTTGCGCCGAGACCACGAACGGCCCGGCCGTCCCGGCGGCCTTGAACGACTCGGTGCTCCCCTCGCGCAGCGTCACGTCGAGCACGGACGACACCCGGCCGGAGTACTTCGCGCCGAACCCGCCCGCGTAGAAGTCGGCCGCGCCGACCAGGTCCTCGGGGAACGCGGAGAAGAACCCCACAACGTGGAACGGCTGGAAGACCGGCGCGCCGTCGACGAGGACGAGGTTTTGCGCCGGCGTGCCGCCGCGCACGAACAGCCCCCCGCCCCGGTCGCCGACGGTCACGACGCCGGGCAGCGACTGGAGGTAGACCGCGAGGTCGCCCGCCACGTCGGGCGACGGGATCCGCGCGAGGTCGGCCGGGCGGATCCGCTGGAGCCCGCCCGACACGTCGGCCGCGCCGCCGCCGGCCTGGACGACGACCTCGTCGAGCGCGTCGCCGGCCACCAGCACCGGGCTCCACGTCGTGGGCCCCTCGCCCACCGCCAGCGTGTCCTGGACCGCCGCGTACCCGACGTAGCTGGCGCGCACGACGTAGCGGCCCGGCGCCAGCCCGCCGACCTCATAAAACCC
NZ_CP177357.1_gap64	2540484	2544697	4213	GACGCCGTGATTTACGGGCTGTTCGCCAACTACGGCCTGACCGACCGCGTCGAGGTCGGTGTCGCGATCCCGGTCGTGACGGTCGCGCTGGAGGGCCGGGCGGAGGCCGAGATCTTCGCCTACTCCGGCGGCGACCCGTCGGTCCACTTTTTCGGGGGGACCTCCGAGGAGCCGCTGCTCGAGGAGGACTACCGCTACGAGATGTCCGAGACGTTCGTCCCGGCCGTCGAGCTCCGGACCAAGGTGCACGTGCCCGCCCAGGGCTCGTCGCTGGGCGTGCTCGGCGTGCTCTCCGTCCCGACCTCGGCCGCCGGCAGCCTGCTCGGCGAGCGCGAGTTCGGCGGCCGCCTGGCCGTGCTCGGCTCGACGCGCGTCGGCCCCGTCGGCGCGCACGTCAACCTCGGCTACGACCGGCGCGGCACGGCCGGCGACCCCGACGCGGCGCTGGCGACGGTCGGTCTCGACGCCAACCTCTCGCCCACGGTCAACGTCGCGGCGTCGCTCCTGGGGGCGCTCACCGTCGGCGAGCCGACCCGGTTCTACGATGTCGACGCGGAGCTCGGCGCGCCGGGCGCGGTCGTCCAGTACGTGATCGACGACACCGCCGGCGCGCTCGGCCGCGTCGAGGAGCCGTTCAGCTCCATCGACGACGGGACCGACACGACGGTCCTGCTCTCGCTCGGCTCGCGGTTCGCACCGACGGAGACGGTCCAGGGCTTTTTCAACGTGCTCGTCCCGGTCGTCCGGGGCGGCCTTCAGTCGACGCTGGTGCCCACCTTCGGCGTGTCGTTCGACGTTTAGAGCAATGTGCACGTGGGTCCAGGGCATGGGCGCGATGTGGAGACGCGGCACGCTCTCGGCCCGGCCGGTCGCCGTGCTCGGCCCGACATCCCCCGGCGTCGCTCCGCTCCGCGTCCCCCTTCGAAGGGGGACTCCCGAGAGGCCACCCGAGACGAAAAAGTCCCCCTTCGAAGGGGGTGCCCCGGAGGGGTGGGGGATGTCCGAACGGGAGGCAACGTCGGGCTTGACCGCGTCCCTCGGCCTCGGAGCCCCAGAGCACCCGGCAGGTTGCTCTAGGCGGCGTCCCGGCTGGTGGGCCCTCGCTTCCACGCCAGCACCTGCACGACGGCCGCGTCGCCCCGGTGGTACGGCCCCTCGACGACCGCACGCTCGGCCTCGCGCAGGATCTCGGCGTCGAGCCCGACCAGCTCGTCCGCCAGCCCCGCCGCCGTCATCGTGATATCGACGGCTTCCGGGCCCGACGGCCCGCCGGTGTCGCGCGCGGTCTGCGCGGGCGTGTAGGCCTCCAGGATGAACAGCCCGCCCGGCCGGAGCGCCGCCACCACGCGCCGGTGGAGCGGGCGCCGCACGTCGGGCGGGAGGTGCGCGAAGATGGACACGACGGCGTCCCACGCCGCCTCGCCCGGCTCAAAGTCTGCGAGGTCGGCCACGACGGTCTCGATCTCGACGCCGCGCGCGGCCGCCAGCGCGTCGGCTCGCGCGAGCCCCACGGCTGAGCGGTCGACGGCGGTGACGGCGTGGCCCTGCTCGGCGAGCCAGACCGCGTTGCGGCCCTGCCCCTCGGCCAGGCACAGCACGCGGCTGTTGAACGCCAGCCGGTCGGCGACGGCGGCGAGAAAGTCGTTGGGGGCGTCGCCGTACGCGAGCGCGGGCTCGGCGTAGCGGGCGTCCCAGAAGTCGGGCGGAGGGCCGGGCATCGGTCGGGGCGGAGGCGGGATCGGTGTACGCGCGCGCGGCGCCCCCGCTCCGCCGCTCGCGCCCCTCCCCCACTCAAAAAAAGCGGGCCCGCCAGCCGAAGCCGACGGGCCCGAACGGGGCACCTGCTGGCGCAAGCGCCTAGTTGAAGCGGTACCGGATGCCGACCTGGGCGCGCCAGCGCGAGAACTCGCTGGGGTCGTCGACGAACGTCTCGGCCGGGCCCGTGAAGTTGAACAGCGGCTCGCCGCTGCCGTCGAACCCGACGAGGGAGAGCGGCGACGTGGCAGCCGGGCTGGCGACCTTGCGCACGCCCCAGTCGGAGCTGATCAGGTTCGCCACGTTCTGCACGTCGAGGCTGAGCTGCAACGTGTTGCGGGCGTCGCCGGTCAGGAACGAGAGGTCCTGCAGGAGGCGGAGGTCGACCGACGAGTACCACGGGTTGACGGCCCCGTTGCGCTCGGCGATGCTTCCCCGGTTGGCGCTGAGGTACGCGTCCTGCCGGATAAACCGGTCGAGCGCCGCATACTGATCGGCGGCGGTCCCCACGAAGGCGCCGTTGCCGTCGGTCTCGGAAAACCGGATCTCGCCGGCCGAGGCCGGGATGTAGATCAGGTCGTTGCCGCCCGAGCCGTCGCCGTTGACGTCGCCGGAGTACGTGAACGAGTAGCGGTTGCCGCCCGCGTACAAGAACTGGTTGCCCTTGGCGAGCGTCGCGAACACGCCGACGCTGGTCGAGGCGGCCTCGCTCCAGTCCATCCGGTAGAGCGCCGTGCCGATAATCCGGTGCGGCTGGCCAAACTGGGCCGGCGCCAGCTGCGGGCGGTTGGGGTCGCCCTGGACCGGGTTCGAGCCCCACAGGACCGAGGCGATCTCGGTCGTCGAAAACAGGTTCTCGGCCTGCGTGTAGGCGTAGGCGCCGGACAGGTTGAGATTGTCCCCGAACGCCTTCCGGAGCTGGGCCGTCAGGCTCAGGTTGTAGCCCTCCGACGAGCTGTCGATGACGTAGATGCCCGCGCCGCCGTCGGGGTTGAGCTCCTGCTCGCCGGCACCGGTCCCGCCGAAGTAGGGGCGCCCGTCGGCGAGCGTCCGGACCGGCGTCCGCAAGTCGGCGTTGCGGATGTAGACGGCGTTGAGGTCCTTCCCGAAGATCCCCTCCAGCGTCAGGAGCGCGTCGCCGGGCAGGCGCTGGTCGACGGCGAGGTTCGTGGTCCAGACCTGCGGGTAGCGGAAATCGTCGTCCATCGCGTTGAGGTCGAACGACTGCTGGAGCGTGGCCTCGTCGCTCGTGCGCAGGTCCTCGGGGATCGAGGCGTAGGGCTCGGCGCCCGGCAGGTTCGGGTTCGCGCCCGGGTTCGAGATCACGTTCCCGATCCAGACGAAGGGCACGCGGCCGGTGAAGATGCCGGTCCCGCCCCGGACCTGGGTCGAGCGCTCCGTGCCCGGGGCGTAGTTGAACCCGAGGCGCGGCGAGAACAGCAGCGCCGCGCCCGGGAGCTCGGCCTGGTCGACGGTCTCGGCCGCGTCGTTCTCGTCGAGGGCCGTCAGGCCCGTCGAGAACGGATTCGCGACCGGCTCGGTGACGTAGAACGGCGCGTCGACACGCAACCCCAGCGTCAGGCTGAGCTGGGGCGAGACGAGCCACTCGTCCTGCACGTAGACGCCCACCTGGCCGACGTCAATCGTCTCGCCCTTGAACGCCAGCGACTCCGAGGTCACCATCCCGTTGAGGTCGACGCGGCACGACGTGCCGGCCTCGAGGAAGAGGTCCGCGCCCGGGCCGCAGAGCGGGAGGTCGGGGTCGGTGACGGCCAGGAACTGGTCGACCCCGAAAAAGGTGGAGCCGTTCGGGATGCCGTCGCCCTCGAAGTCGAGGAAGTACGGGAGCTGGAAGAGCCCGTGGCGGAAGAGGTTGAAGGAGTTGAAGAACGAGAAGTACTCAAAGTTGGCGCCGCCCGTCACGATGTGCTGGCCGAGGGGGAGCGTCAGGTTGTTCGTGATCTGGAGCACGTCCTGATCCAGGATGTTGCGGATCGAGAAGGGCTCGTGGCCGGCCGTCGTGTAGGTCACGCCGCCCTCGACGATCTCGATCGTCGGGAAGGGGGCGCTCTTGGGCTCGCGGAAGTCGCGAAAGCGGCTGTAGCTGGCGAAAAAGCGGTTCGAGTTGACCCCGAAGCGGCTGTTGAGCTCGAGCGCGACGGAGTGCAGCTCGTTGTTGATGCGGTAGCCCGCGTTCTCGAACGGCAGGCTCGACTCGTTCGGCCCCCGCCCCGCGTTCGCGAACGAGATGGCCGCCGGGTTGACGGTCAGGTCGCGGAAGGCGTCGAGGTAGTTGTACCGGAGCGACAGCTCGTTCGAGTCGTTGACGTTCCAGTTCAGCTTCGCGAGCAGCTTGTCGTTGTCGGTCGCGCGGAGGTAGTCGTCGTAGCCGCCGGTCTCGTAGCCGTAGCCGTCGCGAAGGCGCGCCGAGATGGCGTCGAGGTCGCTTGCCTGGACG
NZ_CP177357.1_gap65	2548093	2550693	2600	CGCCGGGGCGCACGTCGCGCGAGCGGCCGTTCGCGTCGACGCGGTCCGCGAGCAGGTCGCCGTCGGCGAAGGCGCGCTCGAACTGGCGGACGAGCACGGCGGACGTGTCGGCGTACCACACGGCCGACGACCGCTGGGAGACGCCCATGATGCGGGCAAACTGGGTGGCCGTCCCGAGCGCGCGGTACAGCGCCCCCTGGTTCTCGGCGACGGCGCCGCGCCGGCGAACGCCGCCCCGCTCGGGGTCGCCTTCAAGCCACGTGCCGCGCCGGTCACGGGCCACCAGGAACCCGAGGGAGTCGGTCGCGCCGCCGTTGCGGCTGTCGGGCTCGTAGATGCCGCGGAGCGCGAAGACGGTCTTGAACCAGAAGTTGGCCCCGCCGGTCACGAGCGAGCGGTCGCCGGTCGTGCGGACGTAGTCGCCGGCGGCGCCCAGGAAGACGGCCGTGCCGTCGGCGGTCGAGAACACGTCGTCGGAGCCGTCGAGCCGGACGAGGTCCGGGGCGCGGCCGAGCAGGTCGGCGCGGCGGTCGAAGATCTGGCCGGCGCCCGTCGTGCGGATGAGGTCGCCAGCGGTCTCCCACCGGCCGGTGCTCAGGAACGCCGGGACGGTCCACGCGGCGGAGGGATACGAGGCCGGCTCGGCGCCGGGCAGGCCGGGCCGGATCGAGACGCGCGCGCTGTCGCGGACGGTCAGCGTCTCCAGCGACACGACGGCCCAGCGGTAGGCGGCGTTGAGCGTCGCGTCGTCGGTCTCGAAGACGACGTCGTCGACGATGGCCGCGAGCCGGGCGCTGCGGGCCTCGCGGCGGGCATCGCCGGTCGCCAGCGCCTCCCGAGCGGCGGCGGCGGCGGCTTGGGGCGTCGCGCCGGTCGCGACGGCGACGGCGCCGGGCGTCTCGACGAGCACCTCGCCGAGGCGGAAGGCCTGGTCGCGCCCGCCCTCGGGCGTGTCGTCGGCGGCGCTCGTGGAGCGGACGCCGTCGCCCGCGACGGCCGTCCAGATCGGGCCCTCGGGGACCACGGTCGAGTCGGTCGGCACGTCGGCGGCGGCGGCGAACACCAACGTTCCGCCCACGTCCTGAATGCGGTAGTCGCCCGCCGCGCGGCGCTCGCTGCGGACCGGCCGGAAGCCGACCACGCCCACCGAGTCGGCGACCTCGACGTAGAGCGCGGCCTGCCCCTCGGCGGCGCCGTCGAGGAGCGTCACGCGCTCGCTCAGGCGCGAGGGGCGCTCGCCCTGGATCTGGCCGATGATTTTGGCGACGAAGCCGGTCGTGTCCTGCTCCAGGTACGTCCGCACGGCCACGTCGGGCCGGGCGACGCCCCGGATGCGGTCGCGCGGGCCGAGCCCGATGGAGTCGGCGTCGGACCACCAGCGCCAGCCGTGCAGCGCCGTCCGGCCGCCGACGGACAGCCCCATCGCGGGGTCCCGGCCGGGCCCGGCCAGCGCGTCGTACCACGTCGCCCCGCCGGGGTCGGCCTGGAACGTCGACCGGGTCGCCCCGGTCGAGTCGGCTTCGTCGAGCGCCTCGGCCTCGACCGCGAGCGCGACCAGCGACGCGGGCCCCTCCCCGACGAGCTGGCTCTCGGGCGGTTCGCCGCCGCACGCGCCGAGCACGACGAGCGCCGCCAGCAGCGCAGCCGCGGAGCGGAAGCGCGAGCGCCCCCCCCCCCTGGGTGACGACTCTCCTCCACCCGAGTCATCCCCGCGCAGGCGGGGATCCATGCGACCTGCCCCAATGCCTCCACCCGCTCCGGGCTGGCGGTCGAGGTCGATGGCGAGGTCTCGCCACGTCGGGTTCTGCCCACGGATCAGCTGCAGCTTCCACTCCCGATTCCATTTCTTCAGGCGCCGCTCGCGCTCGACCGCATCGCGGATGGCGTCGTGCGGCTCGACGTAGACCAACCGAGCCACGCCGTGCTCGGCCACAAACGCGGACCCCTCTCCTCGCCGATGTTCATCGAGGCGCCGGGCGAGATCGGTCGTCACGCCGATGTAGAGCGTGCCGTTGGGCTTGCTGGCGAGGATGTAGACGAAGCCGGAGCGAGGCAAGCGGATGGGAGGCTGTATGGATCCCCGCCTGCGCGGGGATGACTCAATGTGGAATGGGCGGCCCATCACTCGGGCGCCAGCGGGGCTAATACACCGACTCGGCGGCCTGGGTCCGGTTGAGGAAGGCCTGCGTAAACACGAACAGCACGCCGAAGATGACCATCGACAGCGCGGCCGCCCAGCCGAAGCGGTACATCGAGAACGCGGCCTCGTAGACGTAGCTCACCAGGATGTGCGTCTGGTCGTTGGGCTCGCCCCCGTTCGAGACGAGCCACACCACGTTGATGTTGTTGAACGTCCAGATGGCGCCGAGCGTGATGGCCGGGGCCATGACGGGCTTGAGGAGCGGCATCGTGATCGTCCGAAACTGCACCCAGGCGTTCGCGCCGTCGACGCGCGCGGCCTCGTAGAGCTCCGTCGGGATCGACTGCAGGCCGCCGAGCGCGATGACCATCATGAACGGGAAGCCGAGCCAGACGTTCGTGATGATGGCCGCGACGAACGCCGTCGTCGGGTCGCTCAGCCACGAGACCGCGCTCCCGCC
NZ_CP177357.1_gap66	2565921	2567471	1550	GTCACCACCAGGTCGCCGGGCGCGGCCTCAGGCGACGCCAGCCGCGATGGCCCGCCCGCCCGCCACAGCACGATCACCAGCAGCAGCGCGTGGACGGCGAGGGCCCGCCAGCGCCGGCCGAGCAGCCACGGCAGCGTCGCCGCCGCCAGCGCCCACGCCGCGTACGGCAGGCCGATGGCCACCAGTTGTGCCCACCAGAAGGCGCGCGGCGGCAGGTACGGCGACGCCACCCCGACCGCCACGGCGGCCACGACCGGCGCCTCGACCAGGGCGTACAGGACCCAGCCGACGGTCCATCGAGGCCGGGAGCGGGCGTCGTGCATCTAGTCCCGACTCGCGCGGTCGAGCGCGTCGCGCTCGTCGGCCGTCAGGCTGTCGTAGCCCTTTTCCAGGATCTTGTCCAGGATCTCGTCCACGCTGAGCGTCGGGCCCGACCCCTTCCGCTCGGCCCGGCCGGGCTTCCCGACCGTCCGCATGGTCGCCGGGGGCGTGCGGGCGAACGGGTTGCGCGAGGCCGTCGGGGCGGACCGCTTCCTGCGGCGGCCACCGAACAGCCCCGACGCCCACCCGCCCGGGTTGCGCCCAGCGATCTGGGCCCGGGCGAAGCCGTACCCCGCCAGCGCCGCGCCGAGCACGGTCAGGTCTTGCGAAAAGGCGAAGCTGAGGACGACGAACCCGATCGCGATCCACTTCATGGGGACGACGCCCAGCAAAAACAGCCCGACGCCCCGGTTCGGCTGCAGCGTGCCGACGGCGCACAGCACGGCCGTCACGGGCGTCCACAGGCCGAAATAGGCGCGGAGCGGGGCCGTCGGCAGGATCAGGCCGAGCGCGATCGCGAGGAGCGCGCCGCCCAGCGCGCCGAACAGGTAGACCGCCAGCAGCCCGCCCGAGCCGTACGTCTCCTCGAAATCGCGGCCCATCCAGTTCAGCCAGTACATCCCGAAGGCAAACGAGATCAGCCCGAAAAAGCCGAGGAAGGCGTTCACGAACCCGTACGTCAGGACCGTCCACGGCCGCGCGAGCGCGACCTCCGGCACCGGCGACAGCGTCAGCCAGTCGAGCAGCGCCAGCCCGGGCACGCCGAACGCCGCCAGCAGGCCGAGCACGATCACCGCGAGGTAGCTCACGGCGTTGACCGTCAGCAGCAGGCGGAGCGCGGGCGGGAGCGCGGCGCGCCAGATCTGGAAGCGGAACGCGGGGGAGTCGGCGGACACGGACGTCAGGTGAGGCGGGTGCGGGGCTGGACGGGCAGGCGGCCCAGCCAGTAGAGCACCAAGATCGCACCCGTGACCATCCCGCCGAGGTGCGCAAAGTGGGCCACCCCCGCCTGCACCGCCGTGAACCCGGCGAACAGGCTGAAGGCGGCGTACCCGAGCACGAACCACTTGGCCGGGATCGGCACGGGGAAGAACAGCAGGAAGATCGGCGAGTTGGGGTGGAGCAGCCCGAACGCAGCCATCACGCCGAGCACGCCGCCCGAGGCCCCGAGCGTCGGGACCGGGATGCCGACGTCGGGGCCGCCCGTCAAGAAGGGCCACGAGGTGACG
NZ_CP177357.1_gap67	2663140	2666582	3442	CGTGGGCGTCGTCCGCAGCGGCGCGCCCGCGGCCGGGTTCGCGGGCGCCGAGGCGCAAGCGAGGCTCGAAGACTCCCTCGTGTTCGGCGTCGAGGAGATGGGACGCGGGCAGGTCGTGTACCTCGTCGACAGCCCCCTCTTCCGCGGCTTCTGGGCCGACGGCCAGCTGCTGTTCGCGAACGCCGTCTTTGGACTGAGCGCGATGTAGCCCCGATCTTGCGGTCTCCGCCCCGCCCTCCCATGCCCGACCCGACGCCCTCCTCGCGCACCGCCGGCACCGTCGCCCTCGTGCTGGGCGTCATCGCCCTGGTCGGCTACGGCGTGCTCGGCGCCTCGCCCGAGTCGCCCGACCTCCCGACGGAGCGGTTGCTGCTGGCGGCCGTGCTGGTCGTGGCGGGCGCGGCGCTGCGCCAGGGGCGCGGGCCGTCGTGGGGGCAGTTCGTGGTCGGCCTGCTGGCGGGGCTCGTCGCGACGGACCTCATCCTGCGGCTGCTGGGCTGATCGGTGGGGTCGGCGGCCGGCGCGCGAAGACGGGAGGAACACGGGCCTCCGGGGGTGGCCCACGCCCGGATGCCCACTAGATTCGGGGTTCTGTCCAAAGCGGCCCCGCCCGAACATGCAGTCCGACATCCACCCCGACTACCCGCTCATCACCGTCACCTTGGCTGACGGCACGGAGTTCCAGACGCGCTCGACAACGGGCAAGGACCTCAAGTCCGAGGTCGACTCGTCGAACCACCCGTTCTACACGGGCAAGAAGACGATGGTCGACACCGCCGGCCGCGTCGAGAAGTTTATGCGCCGCTACGGCAAGTCGCAGGCCAAGCAGGCCGTCGCCGCCCAGGAGGAGGCCGACGCCGACGAGGCCGCCCGCGAGGCGGCCAAGGCTGCCGAGGCCGGAGCGGAGGCGTAAGCCGCCCCCGACGACCCAGTCCGCGAGGCGGGCGGCCGCGTGCCGTCCGCCTCGTCTCGTTTGGGCCGCCCGCCCGATCTTCTCCCCCTCCGCCCCCCGCCCCGTGCCCGACTTCAACGCCGTCCGCCTCATCACCGCCAAGCGCGACGGCGGCGCGCTCGCTCCCGAATCGATCGTCGACCTCATCGACGCCTACACCGCCGGCGACGTGCCCGACTACCAGATGGCGGCGTTCCTGATGGCCGGCTTTCTCCAGGGCTTCGACGACGACGAGGCGCTCGCGCTGACCGAGGCGATGCTCCACAGCGGGACCGTCCTCGACCTCAGCGACGTGCCCGGCGTCAAGGTCGATAAGCACTCGACGGGCGGCGTCGGCGACAAGGTGTCGCTCGTGCTCGCGCCGCTCGTGGCCGCGTGCGGCGTGCCCGTCCCGATGATCTCGGGCCGCGGGCTCGGCCACACCGGCGGGACGCTCGACAAGCTCGAGGCCATCCCCGGCTTCGACGTCAACCTCGACATCCCGCGCTACCGCGAAGTACTCGGCGAGGTCGGCGCCGTCCTGATCGGGCAGACCGCCGAGATCGCCCCGGCCGACAAGAAGCTCTACGCCCTGCGCGACGTGACGGCGACCGTCGAGTCGATCCCGTTCATCGCCGCCAGCATCCTGTCCAAAAAGCTCGCCGAGGGCATCGACGCGCTCGTGCTCGACGTCAAGACCGGCCGCGGCGCGTTCATGAAGAGCGAGGCGCGCGCGCGCGAGCTGGCCGAAACACTCGTCCGCGTCGGCCGCCAGTTCGGGACGCCGACGGTCGCGCTCCTCACCCAGATGGACGTGCCGCTCGGCCGGGCGATTGGCAACGGCCCCGAGACCGCCGAGGCCATCCGCATCCTGCGCAACGAGACGCCCGCGGGTGGGCTGTGCCCCGACGTGATCGACGTGACGCTCGCGCTCGCGGGCGAGATGCTGTGGCTCGGGAAGGCCGCCGAGTCGCCCGAGGCAGGCCGCCGCATGGCGAGCGTGGCCCTCCGTGACGGCTGGGCGTTCGGGATCTTCCGGGAGATCGTCGAGGCCCAGTCCGGCGACGCCTCCGTGCTCGACGACCCCGACCGTCTCATGGGCGAGCCCGTCGCAACGGTCGCCGCCGACGCGACCGGCTTCGTGGCCGACATCGACCCGCTCGCGCTCGGCTACGCGGCCGTGGACCTGGGCGCGGGCCGCGCGAAGAAGGAGGACGACGTCGACCCTCGGGCCGGGTTCGTGCTCCACGCGACGGTCGGCGAGCGCGTCGAGGCCGGCCAGCCGCTCGCCCAGATCTTCGCTTCTGACCCCGACCGCGCAGATGTCGACGCCGTCCGCGCCGCGTTCACGCTCGCCGACGCCCCGCCCGCCGCCACGCCCCTCCTGCTCGACCGCTTCGACGGGGCGGCCTGGGCGGGCGAGACCGGAGACGACGCGTAGCCACGGGCGACTCCGGTGGGTCGGGCCTCGATCCTCGCGTCAACCCGTTGTCCCGGCTCGCACTGCGCGCCCGGCACAACCAATTCGCCGGTCGCACCGTAGGAGCCGTCTCCCGTGCCGGCCCGTACCTTTCGGCGCCCGACCCCACCCGCCCCGTCTCTGCCATGTGGAAGCGTTTCTCCCGTCTCATGAAGTCGCTGTTCGGCGGCGCCATCTCCGCCATGGAGGACCCCCGTCTCATCCTCGAGCAGAACATGCGCGAGCTGAACGACCAGGTCCCCAAGATGAACGAGAACATCGCGACGGTGAAAGCCAACGTGATGCTTCTCCAGAAGGAGCACCGCAAGTACACCGCCGAGCAGTCCTCGATCACGAGCAAGATCAAGGCGGCCATCCAGGCCGGGCGCGACGACATCGCCCAGCGCTACGCCGTCCAGCTCCAGGGCATCAAGGAGGCCCAGGGCCGGACCGGCGAGCAGCTCGAGTTCGCCGAGCAGGCCTACGACAAGGCGCTCCAGGTCAAGAAGGCCTTTATGCGCGAGCGCGAAAAGAAGATCGGTGAGGCCAAGGAGGCCTTGCGCGCGCACGAGCGCGCCAAGTGGCAGGCCAAGATCGCCGACACGCTCGAGCAGTTCGAGGTCGCCGGCGTCGACTCGACGCACGACGAGATGGTCCGCCGCGTCAACGAGCAGTCGGCCAAGAACGAGGCGCGCATGGAGATGGCCCTCGACTCCATCGACACCGAGTCGATGCAGATCGAGGAGGATGCGCAGGAGCTCCAGGCCGCCGAGCTCGTCAAGCAGTTCAAGCTGGAGATGGGCATGAACGAGCCGGCCGAGGCCGCGCCCGCCCCCCAGATTCAGATCCCCGAGGCCGACGCCCCCGTCGACGCCCCGGCCGAGCGCGACCGCCAGCGGACCCAGTAGACCCGAGGGGTGGAGGGATACAGGACGGAGGGGTCGGCGTACGTCCCCTCGGCCCACCCCTCGATCCCACATCCCACACCCCTATGGACAAGTCCGAATTCGAACGGCTCAAGGCCGAAGAGAAGGCGCACCTCCAGCAGCTCC
NZ_CP177357.1_gap68	2671791	2672436	645	CGATGACGATCGACGCCTCGGTCCGCCGCAACTGGACGCTGGCGGCGGCCGGCGTCATCTCGGGCATCGGGACCGTGTTGATCGGGCTCGGCCCGCTCGCGCTCTTGGGCATCCCCGTGCTCATCCTGAGCGGCCTCGTCGGCCTGCTCGGGCTCGTCGAGGCGATCTTGGTCGTGGTCAACGACGAGGGCCGGCGGATCGGCGACAAGACGGGCGGGACGCAGGTGATCGAGGAGGCGCCCGTCGCCGAGGCCGTGTAGCCTGCGGCCGCTGCGGGTTGTCCACACGGCCCGCGAGGGCCGGAGCGCGGCGGTACCTTGGCAGGGCCGGTCGAGACCGGGCGAGGGCCCCTCGCCTCGCGGTCTCCCGGCGCTCCCCGGACCCGCGACCCTGATGGCCGACACGCCCCCCGACCAGGCCCCCCGCTTTACCGTCACCGCCCGGAAGTACCGGCCGCAGACGTTCGACGACCTCGTCGCCCAGGAGCACGTGGCCGAGACGCTGCGCAACGCGATCACGCGGAAGCGGCTGGCGCACGCCTACCTCTTTAGCGGGCCGCGCGGCGTCGGCAAGACGACCGCCGCGCGCATCCTGGCCAAGGCCGTCAACTGCCAGACGCCGCTCGCCGAGCGCGAGCGCGCCGAG
NZ_CP177357.1_gap69	2679582	2683022	3440	GCGCTCGCGACGGCCGCGAACGTGGTGTTCGGCGTGGCGACGGCGGTCGTGATCGTCAAGGGCAAGGTGCCCGGGCGCGGTCTGCTGCGGGGGCTGGCGCTGTTGCCGTTCGCGATCCCCGGGACGGTGATGGCGCTCGGCCTCTTGGTCGCCTTCGACGAGCCGTCGATGCTGGCGGGTGGGGCGCTCCTGATCGGGACGGTCTGGCTCCTGCCCCTCGCCTACTTCGTGCGCCACATCCCGCTCGTGGTCCGCGCCGCGCAGGCCTCGCTGGAGGGGTTCGACGACCGGCTCGGCGAGGCCTCCGCGGATCTCGGCGCGAGCGGGGCGACGACGTTCCGCCGGGTCGTGCTGCCGGCGATCGCGCCGGGCGTCATCGCCGGCGCCCTGCTGACGTTCGTGACGGCGCTCGGCGAGTTCGTCGCCTCGATCATGCTCTACGTCTACGCCAACCGCCCGATCGCAGTCGAGGTGTTCGCTCAGCTCCGCATCTTCGAGTTCGGCCAGGCCGCCGCGTATAGCGTGCTGCTGATGGGGCTCGTCGCCCTCGCGGTCGGCGCCAGCCGGCTGATGGGCGGGGCGCGCGTGGGCGGGTAGAGCGGAATGCAACGGGCGCTCAGAGTCGGCGTCAAGCCAACTTCCGAGCGTCCGCTCTACGTGCTCTCATTCTCTACATGCTCTCGCCGCGCCAGCGGCGGGCTCTACGCCTCGCCCTGCAGGTCCTCCCAGTCGGCGAGGAATTTCTCCAGGCCGGAGTCCGTGAGCGGGTGCTTCAGGAGCTTCTTGATCACGTCGAGCGGCATCGTCGCCACGTCCGCGCCGGCCACCGCGCAGTCGACGACGTGCATCGGGTGGCGGATGGAGGCCGCCAGCACCTCGGTCTCGTACTCGTAGGTGTCGTAGATCTGGACGATCTGCCGGATAAGCTCCATGCCGTTCGACGAGATGTCGTCGAGCCGGCCGATAAAGGGGCTGATGTAGGTCGCGCCCGCCTTCGCCGCGATGAGCGCCTGCGTCGGCGAGAAGCACAGCGTGCAGTTCGTCTTGATGCCCTCCTCGGACAGCGACCGGATCGCCTTGATGCCGTCCAGGATGAGCGGCACCTTGACGACCACGTTGTCGGCGATCTCGGCGACCTCGTGGGCCTCGGCCATGATGCCGTCGTAGTCGGTCGCCGTGACCTCGGCCGAGACGTCGCCGTCGACGATGTCGCAGATCTCGGCGATGTGGCCGTGAAAGTCCTTGACGCCGACCTTCTTCATCAGCGACGGGTTCGTGGTGACGCCGTCGAGGACGCCCATGTCGGCGGCCTCCTGGATCTCGTCGAGGACGGCGGTGTCGATGAAGAACTTCATGGGTGCGGGTCGGGGGTGGGTGCGCGGTGGCCGGGTGTACGACCGCGGGCGGGGCCGGGTCCACCGGGCCGTGCGAGATTGGGCGGCCCCCGCTCCCGCTCGATCCCCCATGGCCCTCTGCCTCTTCGAAGACGACCGCGTCGCCTCGCTCGCCCCGCTCGCGCTCACGCGCGGCGTCTACGACCTGCGCGCCGGGGCGCGGACGCTGGCGGAGGCGGCCGTCGACGTGTTTCCGCCGAGCCGGCTCGTGCTCCACGCGCGGGCGGCCGTCGCCGGGATGGTGGCGGACGAGCACCCCGAGTCGGCAGTGAATGAGGCGCCCGAGACGGGGACGCTGTTTCTGAACGGGCGGTGGCTGGCCCGGGACGGCGACCTGGCGCAGGCGATCCGGGACGCCGGGCGAAGTGGCGAGGCGCGGGCCTTCGTGCAGGACGGCACGTTGCTGGCGCTGTGGCACCCCGACCCACCCGCACGCCTGGTCGCCGGCGACGCGGTCACGGCAGCGGACGCCGAGGGCATCCCGACCGAGACCGTCACCGGGGAGACGCTGGTCACGCACCTGTGGGATCTGATCGACGACCTGGGCGCCCGGATCGCGCACGACGCGGGACGCCTGGGCGGGCTGGGCGCGATCGAGGGGACGGTCGAGGGCGGCGCGGTCGTCGTCGACCGGGGGAACGTGCACGTCGCCAGCGGGGCCATCGTTCGGGCCGGGGCGGTCGTGAGCGGCGCGAGCGGGCCGGTCTGGATCGGCGAGGGCGCTGAGGTGGGCGAGAACGCCGTGGTAAAGGGGCCCGTCTACCTCGGACCAAAGGCAACCGTCAACCCGGCCGCGCGCGTCGACGAGAGCGCCATCGGGTACTGGTCGAAGGTGGGCGGCGAGGTCCACGGGAGCGTGGTCCACAGCCTGTCGTCGAAGGGCCACGACGGGTACCTCGGCAACAGCTACCTCGGGCGGTGGTGCAACCTGGGCGCCGACACGAACACGTCGAACCTCAAGAACGACTACGGCGAGGTGACGGTCTGGGACGCCGCCGCGGGCGACTATGTCGCGAGCGGGCGCCAGTTCGTGGGCCTGTTTATGGGCGACCACTCCAAGTGCTCGATCAACACCATGTTCAACACGGGGACGGTCGTGGGCGTGTTCTGCAACCTGTTCGGGTCGGGCTTCCCGCCCCGCCACGTCCCCGACTTCTCGTGGGGCGGCGCCGAGGGGATGGCCGAGTACCGGACCGAGAAGGCGTTCCGCGTGGCCGAGGCGGTGATGGCCCGGCGCGGGCGCGCGCTGACGGACGCCGAGCGGGCCACGCTGGCGGGAATCGCGGCGGGGCGCTGAGGGCCGGCGCAAGCTGGTGGACTTGCGCCAGCAACGAGGACCACCCCTGTCCCCCTCCTCATCCGAGGAGGGGGGACGTCGCGAGCAGGGTCGGCGGGGACTTGCGGGCGGCGGCCTACAAAGACGCCCCCATCGGATGAGGGGGGCGGGCGGCAGGCGGGGGTCCCTGCTGGCGCCAGCAGGTGGGCGGGGTAGCCGGTTCCTCCTGGGCACGCGGTCCGGCCTGTTCGTGTGGGCCAGGCGCCGCTACTTTCGCGCCGCCCCTCGCCCCCGCCTGTCACATGCGCCGATTGCTCCTCGCCGCCGCCCTCCTCCTCACCGCCGCCCCGGCGGTCGCGCAGGCCGGCCTCCGCGGCTTCGTCACGGGCGCCGACGACAGCCAGCCGCTCATCGGCGCGACCGTGCTCGCCCAGCGCGTCGGGCCCGACGGCGCGCCCGTCGGCGACCCGCGCGGCGGGGCGACCGACCTCGACGGCCTGTACGTCGTCCCCCGGCTCGACACCGGACGCTACCTCGTCCGCGTCAGCTACGTCGGCTACGAGACGCGGATCGACACGCTGACGCTCGCGGCCGAGATCCGCTCCTACGACGTGGCGCTCCGCGTGGCAACGGGCGACTTCGAGGTCGTCGTCGAGAGCGAGCGGACGACGGGCGGCGCGCGCGTGACGGCCGGCGTCCAGGCCATCGACCCCAAGGACATCGACGTGGTCCCGGCGCCCGACGTCTCGGGCGACCTCGCCAGCTACCTC
NZ_CP177357.1_gap70	2777261	2780013	2752	GATCCTCGCGTGCGAGGCCGGGGCCACCTCCCACGGCGACTTCGTCTCGTGCGTCTCGCACGCCACCAACGAGTGGAAGCGCGCAGGGCTGATCTCGGGCAACGAGAAGAGCCGGATCGTCCGGGCCGCCGCCCAGTCGGACGTGGGGAAGTAGCTCCGCCTTCCTGACCCCCTGGCGCCCCCGTCGGTCTCGGCCGGCGGGGGCGTTGTGCGTCCGGCCCCTACTTTCGCTGACACGCCCCTTCCGGCCTCTATGTCCGACGCCTGGCCCGCCCTCCCGCCCTTCGCCGACTGGCAACCGACCGCCGACGCGGTCCATCGGTGGACACAGATCGTGGGCAAGGTGCGGCTGGCGGGCACGCCCTGGGTCAACCACGCCTGGCACACTCCGCTCTATGTGACGGCGCGCGGGCTGTCGACGGGGCTGATCCCCGGGCCCGGGGTCGAGCTGGCGTTCGACTTCGTGGACCACCGGCTCGCGGTCTCGTCCACCTCGGGCGCGCAGTCGGCCGTCGCCCTGGCCCCGATGTCGGTCGCCGAGTTCGACCGGCAGCTCGCGGCAGCGCTGGCGGCGGTCGGCGCGAGCGTCGAGGTCTGGCCCCAGCCTGTCGAGATCCCGGGCGAGATCGTGCCCTTCCCCGACGACACCGCCCCACGACCGTATGACGCCGACGCCGTGACGGCGTACTGGCGGGCGCTCGTGGCCGCGCACCGCGTGATGACGGCGTTCCGCGCCCGGTTTATCGGAAAGGCGAGCCCGGTCCACTTTTTCTGGGGCGCCTTCGACTTGGCCGCGACGCGCTTTTCGGGCCGGACGGCGCCCCGGCACCCCGGCGGCGCGCCCAACCTCGCGGACTGGGTGATGGCCGAGGCGTACTCGCACGAGGTCTCGAGCGCCGGGCTGTGGCCGGGCGGCGGCGTCGGCGAGGCCATGTTCTACGCCTACGCCTACCCCGAGCCCGACGGGTTTCGAGAGGCGCCCGTCGAGCCAGAGGCGGCGCGCTACGACGAGGCCCTCGGCGAATACCTGTTGCCGTACGAAGTGGTCCGCTCGGCACCCGACCCCGACGCGGCCCTGCTGGCGTTCTTGCAGTCGACGTACCAAGCGGCGGCCGACGCGGGCGACTGGGACCGCGCGGCGCTGGAGGCCGACCTCCCCGCCGACGCGCGGTAGCGCTCGCGGGCCGCAAACGGCGGCTCCCCCCGTCCGACCGCCCATCTCGACGCGCGCCAACACGCGCGATCCTCGGGGGTCGCCCGTTGGCCGCCCTACCTTGCGCCGTCTCTCCCCGGACCCATGCCCCGCTCCCCCGTCCTCCCGTGGCTGATCGCCGCCGCCGTCGGCGTGGCGCTGACGGCGCCGCAGGCCTGCCACACGAACGTGGGCGCGGCCCCGCCCGAGCCGCCCGCGCAGGCCGAGCCGCTCCCCGAGCCGGCCCCGCCCGTTCCGACGACGGCGACCGCCCGCTCGGCCGACACAACGTCGACCGTCGCCACCGACACGACCGAGCGCCCTCCCCGTCCGGATCTCCCCGACGGCTTCGTCCGCCTCCGCGACGTCGCCCCGGGGATCGCGCAGGAGATGCGGTACACGACGGCCTACAACTTTGTCGGGGCGCCCATCGACGGGTACCTCGCGCCCGAGTGCATCCTGACCGAGCGCGCGGCCCAAGCGCTGGCCGACGTCGCCGCGTCGCTGGCGGGGTCCGGGCTGGGGCTCAAGGTCTACGACTGCTACCGCCCCCAGCAGGCCGTGACGCACTTCGTCCGCTGGGCGAACGACCCCGGCGCGTTGGCGATGCGGGACGCGTTCTACCCCGAGGAGCCGAAGGGGCGCCTGTTCTCGCGCGGCTACATCGCCACGCGCAGCGGCCACAGCCGCGGCTCGACGGTCGACCTCACGCTCGTCCGCCTGCCCGTTGCGCGCTCGGTCCGCACCGACTTCCCGACGCCCGACGCCCCCCTCCCCCGCTGCGACCGCCCGTTGTCGACGCCGACCGGCCCGGACCTGCAAGGCGGCGGCCGGTTCTACGAGGGCGACCTCGACATGGGCACGGCCTACGACTGCCTCTCCCCGCTCGCGGCGACCGACCACCCCCGGTTTAGCGGCGAGGTGCGGCGCAACCGCCAGCGCCTGCGGGCGGCCATGAGCGAGGGCGGGTTTCGGAACTACTCGAAGGAGTGGTGGCACTTCACCCTGCGCGGCGAGCCTCACACGGGGACGTACTTCGATTTCCCCGTCGAGTAGCGGAGACTGCATCGCTCGCGGAGCGCGTGCCGTCGAACGTCTGTCCAGAGGAGGGCCGTGACGAGGCGAGGGCGTGTTATCCGAACGCGCGCCTGATAACGCGCAGAGGTAGGTGCTAGACGGTTGTGAGACAAGGGGGAGCCTCGTATCCTGCGAGCGTTATCCGGATCCGCGCCGCGCGTTATGCCGAGCTGGATCGGCATAACCCCTGTTCTAAAGCCCTCACACCTCAAATGCAGTTGAAACCGCTCGTCGGTTGGTTCTCGTTCTTGGAGGACCGAGGCTTTGAGGAGCCGCGCCTCATGTTCGAGGAGCCGGGGAACTACCCGTACGCTGTCTGGCGAGGTGGGCGGCGCGAGGTCCGGGTCAGCTTCCAGAACAAGTGGCCAACGCTACAACTGGTGGACGCCGACGACACGACCGAGATCGAGCCGGACTTCTCGGAGTTGCCCGCCCTGAGCCAGGCGCGCGGTCTAGACCGCCGGCTGTTCCGCGTGCCGCTGA
NZ_CP177357.1_gap71	2781107	2782315	1208	GCGGGCGCGAGTGCGGTCGTCGAGGCAATGCGGCACGGGCGCTCAGCGCAGTCGGCGGCTCGGTCGCTCGTCGAGCGCGTCGCGCGCGTCACGCCGGCCGACCCGGCGATGATTCAGGTCGGCGTGCTGGCGCTGGGGCCGAACGGCGAGGTCGGCGCGGCCGGGCTGCAGCCCGGGTTCGTCTACGTCGTCACGCGGCCCGCAGGCACGGCACCGGACGCGGCGGGGACGGTGACGGCCGAGACGCCGGTCGACGGCGGGGTGACCTACACCGTCGAGGCGCCGTCGGTGCTGTAGCGCGCGCTGCTGGCGAGGACGGGCCCTTGCAGGGGCACGCCCGCAACGTCTCCCGCGGACCCGCCGGCGCCCGGGGCGCTCAGTCGATGGGCATCGCGACGACCGCGAGCGCGACGGTCTCCGTGTCGAGGCAGTCGGGGTCGCCCTCGCACGAGGCCGCCAGGATGGTGTCGGGCACGTACTCGATCTGGACGCGGCGGCCCTTGATGACGTTCGTGTCGCAGACCGAATAGTCGGCGTGGACGGTCTCCGTGGCGCCGGTGTCGGTGCGGAGCGTGATGTAGCACGAGCGGTCGCCGCTCTCGATGTCGGTCACGACGCCGCGCGCCGGGACCGTCGTGCCGGCGACGGTGACGCGGGGCGGGCCCGTCGTGTCGGCCTCGGCACGCAGGTCCGGGTTGTCGATGGCCCCGAGGTCGTCGGTCTCGTTCGAGCGGACGTCGACCTCGCCGGCGCGCGCGGCCTCGGCCTCCGCCCCGGAGGTGTCGGAGGCGCAGCCGGCGAGGGCGAGAGCGAGGAGGAGCGGGCAGAGCCGCAGGGTCGACGGGGAGAGCATGCGGTCGGGGGTCGAGGGTGGACTCTACGTCTCGGGCGGCGGCGGCGATCCCGCGCGAGCGGGGCACGCGGTCGTACCCTCTTCGGGCTCGTCCCCCGCCCCGCCCCGCCGTGCCCGTCCGTCCGCCCCGCGCCTCCGTCGTCACCGCCAGCCCGACGGGGCTCGGCACCTTCGGCGGCGTCTTCACGCCCTCGATCCTGACGATCCTGGGCGTCATCATGTACCTCCGGTTCGGGTGGGTGGTCGGGAACGTGGGGCTCGGCGGCACGCTCCTGATCGTCACGCTCGCGACCTCGATCACGTTTCTGACGTCGCTCTCGATCGCCGCCATCGCGACGGACACGCGCGTGCGGAC
NZ_CP177357.1_gap72	2786081	2789862	3781	CGCCGTCGATCGCGTCCGGGTGCTGGGCTGGGCGCTGGTGGCGATCCCCTTCGGGCTCGCGCTCGCGCTCGGCGTCCTCATCGCGCGGACGCTGGGCCGGCGGCTGGGCCGGATCGCCGCGGGCGTCGAGGCCGTCGGCGCCGGCGACCTCGACGCCCGCATCGGCGACACCTCGTCCGACGAGGTCGGCGACCTCGCGCGCGCCTTCGACGCGACGGCCGCCGCGCTCGGCCGGAGCACCGTCTCCCGCGCCCACCTCGACGCCGTCATCGAGTCGATCCCCGACCCCCTCGCGGTCGTCGACGGGGACGGCCGGCTCGTCCGGGTCAACCAGGCCGGGGCCGACCTGATCGGGCGCGAGGCCGACGAGGTCGTCGGCGAGCCCGTGTTCTCGCTGTTCGTCCCCGAGGCCGACGAGGTCGCCCGGTTCGGCGCCGCGATCGCCGGGGCGCCGTCGTTCACGGGTCTCGAGACGCGCTTCCAGCGGGCCGACGGGGCGACGCTCCCGGTCCGCCTGTCGGCCGCCAAGCTGCCCTCTCACGACAGCGCGCGCAGCGGCCTGGTCGTCGTCGCCCAGGACATCTCGGCCACGCACGCCGCCCACCGGGCGCTCGTCGCCGCTCGCGACCAGGCCGAGCGGGCGAACCGGGCCAAGTCGGACTTCCTGGCCTCGATGAGCCACGAGATCCGGACCCCGCTCAACGGCGTGATCGGGATGACCGACCACCTGCTCCGCTCCGACCTCGGCGACGACCAGCGCGAGGTGGCCGGGGTCATCCGGTCCTCGGGCCAGGCCCTGCTCGACGTCGTCAACGACGTCCTGGACTTCTCGAAGATCGAGGCGGGCTTGTTGGAGCTAGAGGCCGCCCCATTCGGGGTCCAGGCCTGCCTCGGCGGCGCGTGCGACGTGGTCGCGTACCGGGCCGAGCAGAAGGGGCTCGCGCTGCGCTGCGACATCGACCCGGCGCTGCCCTCGCACGTCGTCGGCGACGGGACGCGGCTGCGGCAGGTCGTGCTGAACCTGCTCGCGAACGCCGTCAAGTTCACCGAGGCGGGGACGGTCACGCTCGCCGCTGAGCCGTGCGACCCCGCGGCCCTGCCCGAGGCGCTCCGCCCCGACGGCCCGTGCGAGCGCGGGCTCCACGTCCGCGTCTCGGACACCGGGATCGGGATCCGCGCCGACGCGCTGGACGGCCTGTTCGACCCGTTCACCCAAGCCGACGCGTCTACGACGCGGCGCTACGGCGGGACGGGGCTGGGGCTGGCCATCTCGAAGCAGCTCGTCGACGCGATGGGCGGCCGGCTCTGGGCCGAGAGCGAGGTCGGCGCCGGGTCCACCTTCCACGTGATCGTCCCGGCGGAGCCCGCGCCCGCCGCCCCGCCCGGGCCCCCCGACCTGTCTCCCCCCGCCGACATGCCCTCTCCCCGCCACCCCGACGCCCCCCACGTCCTCGTCGCCGAAGACAACGCCGTCAACCGGCGCGTCGTCGGGCTGATGCTGGGGCGCCTCGGCATCGACCCCGTCATCGTCGAGGACGGCGACGCCGTGCTCCCGGCGCTGCGCCGCGCCGAGGCCGACGGCCAGCCCTTCGACGTGGCCTTCCTCGACGTGCGGATGCCGCGTGTCGGCGGCGTCGAGGCGGCCCAGGCCATCCGCGCCGACGACGCCCTCCGCCAGCCGATGCTGGTCGCCCTCACGGCGGACGTGACGCACGAGCAGCGCGAGGCCTGCCTCGCCGCCGGCATGGACGCCTTCCTGACCAAGCCGCTCGCCCCCGACGCGCTGGCGTCGGTGCTGGCGTCGGTCGCGCGCGCGACCCCCGAGCGCGACGGAACGCCGCCCGCGGACGCCGACTTCCCGACACTCGACCGCCTCACGGCCGGCGACCCGGAGGTGCGCACCGAGCTGCTGGTGCAAGCCCGCGAGGAGTTGGGCGACGGGCTGGCCGTTCTGAAAGAGGCCCTGCGGAACGAGGACCTGCGGACGACCGCCCTCACCGCTCACTCCCTCCGATCGGTCGCCGACGTGCTCGACGACACGCCGCTCGCCGACGCCTGCGCCGACACCGAGGACGCCGCCGACGCGGGCCGGCTGGTCGAGGCCGTCCGCGCGTTTCTGCCGCTCCATGCCCACGCCCACGCCGCCATCGCCCGCCTCGACGCGGCGCTGCCGGCGTCGCTCGACGCCGAGGCGGCGATGGCCTAGACGGACGGGCGCCACGCCTCTGCACCCTGACAGCGCGTCAGTGCGAGGAGGCGTCGCGGCACTGCGAGGAGGCTCCGCGGCACTGCGAGGGAATGTCGCGGCACTGCGCGGAGGCTCCGCGGTGCGCTAGACGATCGCCAGCAGGGCCGCGAACCCGAACGCGCCGGCCGCGAACGGCCAGAACCGACTCTCCCGCTCGTCGGGCAGCTCCTCCTTGAGCACGTTGAGCACGACGCTCCCCGCCAGGAACGCGACGAGCCCGGCGACCACGGACTCGGGCACCCGGACGGCCAGCCCCAGGGCCGTCCCGCCCACGACCGCCGCCCCCAGCACGTAGCGCCCGACCCGGCGGTACCGCGCCTTGTGATGGTCACGCAGGCCGACGTCGTTAACCAGGAAGTGCAGGGCCATCGCCCCCGCGAACGCCAGCCGCGCGCCCCGCTCGACGTCGGCCGGGTCGGCCGCCAAGAGGTAGCCCACGAGCACGTTGTACAGCCCGTAGCTCGCCATGTGGAGCCAGAACACGCCGGGCTCGGTCTGGTCGCCGCCCTCGGCATTCTCCTCGCGCGAGGTCAGCGCGGCGCGTTCGAGTCCGTAGAACACGACCAAGCCCAGGAGCGCGAGCAGCCAGGTGTGCGACCCGTCGAGCACGCCGCCCCGGAGCCCGGCCTCGGCGAGCGCCTCCTGCCCGGCCGCCACCTCGGGCAGCAGGTGGGCGAACACGTAGGCGACCGAGATCCCGCCGGCGGCCGACAGCGCCCGGCTTCGCGGCGTCCCGTCCATGAACCGGAGCCGCCCCGCCAGCAGGTGGACGAGCGCGAGGCCGGCGGACAGGGCGAGCGGGAGCATCCGCCGAACCTAGCGCCGGGCTGGCGTTTGTTCTGGCGGAGGGCGCAAGTCCCGCCAGCCGGGGTTGTGGGCGGTGATGAGGGCCACCTTCTTCGCCCGCCGCCAGCCCTTGAGCTGCTTTTCCCTAGCGATGGCGTCGCGCGCGGTCGGGTACGGCTCGACGTGGATCAGTCGGTCGAGTGCGTAGCGCGCGGAGAATGCGGACGGATCGCTTCCGCTCGCGTGCTCCGCCAGCCGCCGGCCGAGGTCGTTCGTCACGCCCACGTAGAGCGTCCCCGACCGGTTGGTCAGAACGTAGACCCAGTACGTCCCCGCCTCGCGCATGGGGAACGATAGGGCAGCGCGCCTCCGCAAGCGGGCGTTCAATCGCAGGACCCATCCGTCATCCTGAGCGGAGCGAGCGTCAGCGAGCGCAGTCGAAGGATCTCTGGTGCGACGGGGTCTCGCGCTGGCGCCGGTAGCGCTGGTCGGAGCGACCCGCCCGCCAGAGATCCTCGGCTCCGCCGACGCTCCGCGTTCGACTCCGGGCTCCGCCCTCCGCTCAGGATGACAGTGAGGAGGGATCGCCGCCAGCAGTGGGACGCCAACGGCTCAGGCGAAGTGGAGGCGCCGCCCCTTCAGGACCGGGACCTCGCGGCCCAGCTCGCGCGCCGTCTCGATCCACGCGCGCATAGCGTCCTCCGCGCTCGCCCCGGCCTCCGCGTGGGTGTCACCGTCGGACAGGCA
NZ_CP177357.1_gap73	2799836	2800595	759	CGAGCACCACCTCGCGGGCGTCGTCGCCCTCGCCGAAGGTGAGGCGGGCGTCGATGGCGTCGCGCGTCGTCCCGGCGACCTCGGTCACGATCGAGCGCGTCCGGCCCAGGAGCTTGTTGGTGAGCGACGACTTGCCCACGTTCGGGCGGCCCAGGAAGGCGATGCGCGGGGCCGTGTCCTCCTCGTCGACCTCGGGCTCCTCGGGGAGCGCGGCGACGACGGCGTCGAGGAAGTCGCCCGTACCCGTGCCGTTGACGGCGCTGAGCGCGAAGACCTGCTCGAACCCGAGCGACCAGAACTCGGCCGCGTCGAGCGCACGCGCCTGGTTGTCGGCCTTGTTGGCGACGACGATGACGGGCTGCTCGGCGCGGCGCAAGCGCTGGGCCACCTCCTGGTCGAGGTCCGAGATCCCGGTCAGCGTGTCGACCACGAACAGGATGACGTCGGCCTCGTCGAGCGTCAGCATGACCTGCTCGCGGATGGCGGCGTCGAACTGCTCAGCCGAGCGCGGCACGAGCCCGCCGGTGTCGACCAAGTCGAACGTGCGGCCGGTCCACTCGACGGTGCCGAACAGGCGGTCGCGCGTGACGCCCGGCTGGTCGTCGACGATGGCGCGGCGCTCCTCGGTGAGGCGGTTGAAGAGGGTCGACTTGCCCACATTCGGGCGGCCGACGATGGCGACGAGGGCCATGGGGTCCAGGGCGGGTGACCGGCCAAGCTAGCCGGGCCGCACGGCCCGGGGGGCGAGGACGGCATGGA
NZ_CP177357.1_gap74	2827449	2829098	1649	ACGCGGCGGCCGTTTGCGCGCGCCAGCACGTCCGCCGTGTTGCGGCGCTGGCGCGAGGTGCCGGGCGTGCGGAAAAGGAGCGGCCGGGCCGGGTCGCAGACGACGCGCAGCGAGGTCGGGCCGTCGGGCGCGTCGAGGGCGACGGTTAATTCGCGCGCCGTCTGGCTCCACGCGGCCTCGACGACGGCGCCCGCGAGCGCGTCGTCCCACTCGGCGGCCAGGGCGTGGAGGGTGAAGTAGTCCATGCCCCAAGATCGACGCCAGCCAGCCGGCCAGCGGCACTCGTTGGGCCCCGGACGGCGCTAGCGGTCGACGGCGTACTGGTCGCCCGCGTGGATCGGCTCGCAGAACTCGGGCTGATCGACAAAGGAGACCACGCGAGCGGCGTAGACGCCCGGCAGCGTGACCGACCGGTAGGCGCACGTCCAGCACTCGATGATCTCCCCTGCCACCAGCGTCGGGTCGAAGCGGACGGTCTCCCCCGCCCCGACCGTCACCGTCGTCTCGACGTACTCGTAGCCCACGTAGCTGGCGCGGACGGCGTGCGTCCCGACGGGGACCTCGAACGAGAACCGCCCGTCGAGGTCGGTCGCCGCGCCGATCGTCGTCTCGACCAGCCAGACGGTCGCGCTGATCAGCACGTCGCCGGTCTCGGCGTCGGTGACGGTCCCGGTGATCCGGCCCGTTGCCGTCGAGTCCTGGGCGCTGGCGCCCGCCGCGAGGCACAGGGCGAGCAGAACGAGGCGCATGGATCGACGGGCGGGTAGGACGTCAAACACGGCCCCGCGCGCACACGCCGCAAGCCGTTTACGAACCCCCCTCCGAGTCGTCCGGGCGCTCCATGTGGCTCCCGTCCTCGCCGTGCTCGTGGACGACCGCGCACCCGACGCCCGCGCCCGGCGCCAGCACCACGTCCAGCGTCGTCGGCCCGTCGACGGTCGCCGCCAGCGTCGCGAGGTGGTAGCGGTACGCCCCGGTGCGGACGGCGTGCGTGCCGGCCGGGACACCTTCGATGCGGAACGAGCCGTCGCGCTGCGAGACGGCGCCGATGCCGAGGTCCGCGAGGACCACGCCCGCGCCGACGACCGGCATCCCCGTGTCGGCATCGGTGACGGTCCCGGTGACGACCGCGAGCGCCGGGGCGGGGTCGGCGGACTGGGCGGCCACGGCGGGCACGAGCAGGAGAGCGAGGGCGGCGATGAGCGGGCGCATGGCGGGGGCGATCGGGAGGCGGTCGGGTCCAACGACAGGCCCGTCCAAGTGTTTTAACGCCCACCCCCTATGTTGCCCCTGTCCAGACCCCGCTTGCCATGACCCTCGCCCCCATCCTCGACCGCTCCGGCGGCCCCCTCGTCACCATCGGCCCCGACGCCACGGTCTTCGAGGCCATCGGCCGGATGGTCGAGCACAACGTCGGCTCCATCCTGGTCCTCGACGACGGCGCCTTGCGGGGCATCTTTACCGAGCGCGACTACCTCCGCCGCATCGCCCTCCAGGGCCGGACCTCGCGCGAGACGCTCGTTCGCGACGCGATGACCTCGGACCTGGTGACCGTCGAGCCGAGCGCGACCGTCGACGCGTGCCTGGCGCTGATGACCGAGCGCAAGATCCGCCACCTGCCCGTCCTGCGCGACGGCGCGCTGGCCGGC
NZ_CP177357.1_gap75	2937229	2939315	2086	CGGCTCCCCGGCGGCCGGATGCGGTTCGAGCCCGTCTCGGTCGGCGCGACGATCAACGTGATGCTGGCGGCCGTCACCGCGAGCGGCGAGTCGGTCCTGGAAAACTGCGCCGCCGAGCCCGACGTCGTCGTCTTCGGCGAGATGCTGCAGGCGATGGGCGCCCAGATCGACGGGCTCGGCACGGACACGATCACGATCCAGGGCGTCGAGACCATGTCCCCGGTCACGTTCACCAACTGCCCCGACCGGATCGAGCTCGGCACCTACATGATGGCCGCCGCGATGGCGACGCCGGCCGGCGAGACGTTCCGCATCACCGGCGCCAACCCCGACCACCTCGGCCCCGCGTTCACCGACTACTTCCGCGCGACCGGCGTCCCGTTCGCGTTCAAGGGCGACGTGGTCGAGGTCACGGGCGTCGACACGATCCAGGCCGTGTCCATCGAAACGGCCCCGTTCCCCGGCTTCGCGACCGACCTCCAGGCCCAGTGGACCGTCATGATGACGCAGGCCGACGGCCCGTCGACGGTCCGCGACACGGTCTACACCGACCGCTTCAAGCACGTCCCTGAGCTGCGCCGCCTGGGCGCGGACCTCAAGGTCGAGGGCGACACGGTCCACATCGCCGGCAACACGCGCCCGCTCTCGGGCGCGACCGTGATGAGCACCGACCTCCGCGCCAGCGTCTCGCTCGTGATGGCGGGCATGGTGGCCGAGGGCGAGACCGACGTGCTCCGCATCTACCACCTCGACCGCGGCTACGAGCGCCTGGAGGGCAAGCTCCGGGGCGCCGGCATCGACGTGGTCCGCGAGACGTACGACGAGGCCCACGCCGAGGGCGTCGCGGCGTAACTCGGCTCGCTTCTGACGGATTCCCCGCCCGTCTCGGCCTTGAGCCGAGGCGGGCGGCGTTCGTTCGGAGGTGGTTCATATGCGGTAGTCCGATCGTCTCAGGAAGGAGGGCGTGGAGCCCACGAGATTGCAGGCCCGACCTGCATCGCAGATGCGCTATCTCCTTGTCGCCCTCATCGTCGTCGTCGCCGACGCTCGCGCGCAGCCGGTCCGGTTCGCCCTCCCTCAACTCGTGGGCGCCGACGCCTCGCTGGCGGTCGAGCCGGTTCTCGTCCCTGTGGATGACGAGTCGGATGCCTACGTCGCCGGCATCGTGGTCGATGTCGTGGGCGTCGTGGGGGGCTCCGCACTCGCCATCCGCACCGCGATCGCTGTCCGCGACGCGGTGACGCCAGCCGGCCTGTTCGCTCCGATGATCTTCGGGGCCGGAGCCATCGTCGTCATCATTGGAGCTGCCGTGGCAGTCGCCAGCGGCGTGGACCTCGTCCACGTCATCCGCGGCGGCGACCCGTGGCTGGCGCGGCGCTTTGATTCATCTCGCTCGAGCCCAATCCCTCCGAGGGCGCCGACCCTCTATTGACTCGCCACTGGCGTCGGGTCCGGCACGACGGTGTCGAGCACGCGCGCCGACGACAGCACGCCCGGCATCCCCGCGCCCGGGTGCGTCCCGGCGCCGACCAGGAACAGCCCGTCGACGTCCTCGCTGGCGTTGTGGGGCCGCATGTACGCGCTCTGCGTCAGCTGCGGCTCGAGCGAGAACGCGGCGCCCTTGACCGAGAGGTAGTCGTCGAGGAAGCCCTGCGGCGTCAGCGTCAGGCTGGCCGTGAGGTGGTCGCCGAGACCAGGCAGGGCCGTCTCCGAGAGATACGCCTCGATCTTCTGGCGGTAGCGCTCGGTCTCGGTGCTCCAGTCCGTGCCGGAGTCGAGGTGCGGGACGGGCGACAGGACGTAGAACGTGTCGTGGCCGTCGGGCGCCATGCCTGGGTCGGTCGCCGTCGGGCGGTGGAGGTAGAGCGAGAAGTCGTCCGCGAGCACCTTCTTGTGGAAGATGTCGTCGAGCAGCGCCTTGTAGCGGGGCCCGAGCAGGATCGTGTGGTGGGCGACGTCGTCGTAGGTCGTGTCGGTCCCGAAGTACCACACGAACAGGCTCATCGAGTGCTTGGACTTGGCCAGCCGAGCGTCGGTCCACGTCGTCCGGTGCTCGGGCGCGATCAGCCGTTTGTAGGTCCACGCC
NZ_CP177357.1_gap76	3047528	3049073	1545	CGGGCCTGCACAACGCGCTCTCGGGCTTGCAAAGCCGCTGGGGCGACGGCGAGCTGGCGGTCGTCCGCGCGGCGGGCTACCCCGACGCGAGCCTCTCCCACTTCCGCTCGACGGACCACTGGCTGACCGCCAGCGACGGGACCGGCGACCTCCCGACGACCGGCTGGGCCGGCCGCACGTTGGCTCTCGAGGCCGCGGGCGAGACCGAGCCCCCGTCGTCGCCGCCGGGCCTGCAGATCGGCACGGCCGCGCCCCTGCTGTTCCAGGGCGACGGCACCGGCTACGGGACGGCGCTCTTCGACGTCGACCTCTTCTTGCAGATCGCGGCGGGCGGCGAGCCGTTCCCGACCGACGGCCTCCCCGACACGCCCGCGGGCGCCGAGCTGGGGTTCGTCCGCACGACGGCGAACGAGTCGTTCCGCTACCGCGACGCGATCGCCGAGGCCGCGCAGGCGGGCCGGAACGACGTCGCGTACCCCGGCGGGCGGTTCGGCGCCGAGCTCGCGGCGGTCGCCCAGATGATCAAGGGGCGGCTCGGCACGCGCGTCTACCTCGTCTCGCTCGGCTCCTTCGACACGCACGCGAACCAGCTCGGCTCTCACGCGAATCTGCTCCGCCAGCTCGGCGACGGGCTCGCGTCGTTCTTCGACGACCTCGGCGTCACCGGCGACGCCGACCGGGTGCTGGCGATGACGTTCTCGGAGTTCGGCCGCCGCGTCGAGCAGAACGGCTCGAACGGGACCGACCACGGCACGTCGGCGCCGCTCTTCCTGGCGGGCCCCGCCGTCGCGGGCGGGCTCCACGGCGACGCCCCCGACCTGGGCGCGCTCGACCCGGCCGGCAACCTGCGCTACACGACCGACTTCCGGCGCGTCTACGCGAGCCTGCTCACCGGCTGGTTCGGCCTCTCCGCCGACGAGGCCGCGTCCGTGCTCGGCGCCGCGTACGAGCCGCTGGGCCTGCTGGCGTCGCCCGTGTCGACGGGCACAAGCCCGGCGCTGGCGCTGGCGCTCGACCCGGTCCGCCCGAACCCGACGCGGGGGCTGGCGCGCGTCCGCTACCACGTCCCCGGTACCAGTCGCGCGCGCGTGTCGGTGTACGACGTGCTCGGCCGGCGCATTGCCCAGCTCGCCGACGGCGTGCACCGGGGCGGGGCGCACGAGGTGATCTGGGACGCGGGCGCGCTCCCGGCCGGCGCGTACGTGCTCCGCCTGGAGACGCCCGCCGGCCAGCGCTCTCAGACGGCGACCGTCGTGCGGTAGATTCGGGCCCCATTGCCCCTCAGGTGCGCGCCGCCGCGCCGCGCACTCGAGCCACCGCCGAGACATGTCCGACCCCGCCGAGATCGTTGGCCTCGAGCCCGACCCGCTCCACGCCGTCGCCTACCTCTCGACCCCGACCGTCCCGTTCTCGGACCGCGACCTGTCGGACCTGCTCCTCGCCTCCCGCCACTGGAACGCGGCGAACGGGCTGACCGGCAAGCTGGTCGTGCTCGAGGACGACTCGGGAATCGTCCGGTTTGCCCAGTGGATCGAGGGGCCGCGC
NZ_CP177357.1_gap77	3201169	3205706	4537	CGGCGACGAGCTTGAGCTGGTGGCGCAGGACGACGACGGCGGCGAGGGCACGAGCTCGCGGATCCGGGCGACGCTCGACGCGAGCGGGACGTACGTCGTCGTGGCCAACTCGTACGCCGCCGGCGCGACGGGCGCGTACACCGTCTCCATCGGGCGGCCCGGCGCCGTCGCCCAGCAAGAGGCGGAGGAGGCGGGTTACGCGACGCTGGAGCTGGGCCGGGTCACCTCGGGCCGGCTGGAGCCCGGCGACACGGTCCTGGACGACGACTCGTTCGCCGACCTCTACGTCTTCGAGGGGACGCCGGGCGACGCCGTCACCGTGACCATGCGGTCGACCGACCTCGACGCGTACCTGTCGATCGGCACCATCGAGGGGTCGGAGCTGGCGGTCGTCGGGCGCGACAACGACAGCGGCGGCGGGCGCGACGCACGCGTCCGGTTCACGGTCGGGGCGTCCGGCCTGTACGCCGTCCAGGCCAACTCGCTCTCGGGCGGCGAGACGGGCGCGTACACCGTCCTGGTGGAGCGGGCCGAGGCACCGCCACCGACGGCCGAGGGCCCGGCGCGGCGCGGCGCGGAGACCGCGCGGTTCGCGGGCAAGTGGGCCCCGCTCTCGTACGAGACGACGGCCAACTACGACGCGTACCGCACGCTCGTCCGCGACGGCCGCCACCTCGAGCGGATCTCGGAGCGCCTGGGCGCCGAGTATCCCGTCCCGAAGAACATCCCGATCCGGTTCTCGGAGTGCACCGAGCCTGGCGCCGACTTCCCGTACATCAACGCCTACTACCGACCGACGCCCGGCGACATCACGTTCTGCTACGAGCTCATGGCCGACATCGTGGGGCGGCTCGGGCAGGCCTACCCCCAGGACCAGCTGGCAGGCGTGGTCGACGGGGCCTACGACTTCGTGATGCTCCACGAGGTCGGCCACGCGCTGACGGACCAGCTCGAGATCCCGATCACCGGGCGCGAGGAGGACGTGGCCGACCAGTTCGCCACGCTCGCGCTCTTGCGCCAGGGCGACCGCGGCGCGCTCGCGGCACTCCACGGCGTCGACTACCTGTACCGGCTCGGCGGCGGGCGCGAGGGCGGCAGCGGCGGGCGCCCGATGCTGGCCGACGAGCACTCGCTCGGCCCGCAGCGCCTGTACAACGTCCAGTGCTGGGTGCTCGGCTCGGACGTCGACAAGTACGCCTGGCTCGTCTTCGACGAGGACGGCAACGAGCGGACCGACGAATACGGCCTCCCGCTCGACCGCGCGCGCCGGTGCGCGGCGGAGTACGCCCAGATGGAGAAGTCCTTCGAGGTGCTGATGGAGTTCGTCTACCGCGAGCGCGACTAGCGGTACGGATCCGCCGGATCCATCGCCGCGAGCTCGACCAGGAACGACGCGACGCGCTCGGCGACGGCGTCGACGAAGGCCGCACCCTTGGCGGCCGTCGCCGCGCGGGGGTCGCCGACGCCGGTGTCGGCCGTCATCCGGCGCCAGTCGCGGGGGGCCCAGGCCCAGCCCTCGCGGAGCGCGGCGACCCGGAACGGCCGCTCGGCCCCGTCGCCCGCCTCCCCCAGCGGACGCACCAGGTCGGGCCGGAGGTGGAGCATCGCGCTCGTCTCCAGCTCGCCGGCGTGGTCGCCCGGGGCGTCGAAGTGGTCGTCGGCCGGGGCCGCGCGCCACCAGTCGAGGGTCGCCAGAAACAGGTCGGTCCGGCCCTGGAGCTCGCGGACCATCGGCTTGAAGTCGTTGCCGCCGTGCCCGTTGAGGAGCACCAGACGAGGCACGCCCGCCGCCTCCAGGCTCCGGACCACGTCGCCCAAGACGGCCGCTTGCGTCGTCGGGCTCAGGTCGATGACGGGCCCCAGCCCGAGCTGCATCGCGTTCGCCCCGAACGGGATCGCCGGCAGGACGAGCGCACGCGCGCCCCGCGCCCACGCCCGCCGCACGGCCTCGGCGGCGACGGCCGCCGCCTGGATGGTGTCCGTCGCGTACGGGAGGTGGAGGTTGTGGGGCTCGGTCGCGCCCCAGGGCAGGACCGCCACGTCGTACGACGCGTCGCGGACGGTGGACCAGGGGAGATCGGCGAGGACGTAGGGACGCATCGGGCGGCAGGCGGGGCCCCGGCTACGCGCGACCGGCTGGCGGCGGTCCGGCCCGACCCCGCGTAGCTTGCGCGCCCGCACCGCCGACCTGCCACCCGTGGCCGACGACAAAACGCTGTTCCAGAAGATCGCCGACGGCGACATCCCGGCCGACCTCGTCTACCAAGACGAGCGGGCGATCGCGTTCCGCGACATCGCGCCCCAGGCGCCCGTCCACATCCTGGTCGTCCCGCGCAAGCCGATCCCGCGCGCCGACGCCATCGAGCCCGAGGACGAGGCGCTCGTCGGGCACCTCTTTACGGTCGCCCGCCAGGTGGCCGACGCCGAGGGGCTCAGCGACTACCGACTCGTCGTCAACAACGGCGCGGGCGCGGGCCAGACCGTCTTCCACCTCCACGTCCACCTGCTCGGCGGGCGCGGCCTGCAGTGGCCTCCTGGCTGAGAGGGATACCGAGGGTGCGGGATGGAGGCATCCGGGCCCTCTCTCTGCCCATCCCTCCTCACCTCGACCCCTCCTTCCCTCTTCCGATGATCTCTGTCCAGGACGTCCACGTCGCCATCGACGGCACGCCCATCCTGCACGGGGTCACGTTCGAGGTCGAGGCCGGGTCCGTGGCGGGGTACGTCGGGCCGAACGGGGCGGGCAAGACGACCACGATGCGGCTGCTCACCGGCGCGCTCCCGCCCGACACCGGGCGCGTGATCGTCGGTGGCGTCGACGTGGTGGCGGACCCGCTGGCGGCCAAGCGGCGGTTCGGGTACGTCCCCGAGCATGGCCACGTCTACGAGAGCTTCACCCCGGACGAGTACCTCACCTTCATCGGCCGGATGCACCGCCTGGACGAGGCAACGATCCGCGCCCGCGCCGCCGCGCACCTCGCCTTCTGGGGGCTCGCCGACGACGGCGACCGCTCGATGACGGGGTTTTCGAAGGGCATGAAACAGAAGGTCCTGATCTCGGCCGCGCTTCTGCACGATCCCGCCGTGCTCCTGCTCGACGAGCCGCTCGGCGGGCTCGACGCGCATGCCGTGCTCCAGACGCGCGCCCTCCTCCGGACGCTCGCGCTGAAGGGCCGGTCCGTGTTCTACTCGTCGCACCTGCTCGACGCCGTCGAGAAGGTGGCTGACCTGGTCGTCGTGGTCCGCGACGGGCGGATTCTGCAGACCGGCTCGCCCGAGGAGATCTCGGCGGCCGGCGGGGGCGGCTCGCTCGAGAGCGCCTTCGGCAAGCTGACCGCCGCCGCCGACGCCTACGACGAGGCCGAAACGCTTGTCGCCCAGGCGTTCGACTAAGCAAAGGACGGCGCGTACCCTGTCCCGCCCCCTCCCGCCCCACGCATGGACACCCCCGTCGCTCTCGTCACCGGCGCCGCCAGCGGGATCGGCCGCGCGGTCGCCCTCGCGCTCGCCGCACCCGCCCCTGGCCGCCCCGCGCACGCCATCGTCGTCGCCGACTGCGACGAGGCCGGCGCGCTCGCGACCGTCCGCCAGCTCGAAGACCTCGGCGCCGTCGCCCGGTTCGCGCCGTGCGACGTGGCCGTCGAGGACGAGGTGGCCGCGGCGGTCCACACGGCCACGGAGACGTTCGGGCGGCTCGACGTGTTGGTCAACAACGCGGGCATTGAGGGGCCCGTCCGGCCCGTCCACGCGGTCTCCGCGGATGATTGGCGCAGGGTGTTCGAGGTCAACGTCCACGGCGTGTTTTATGGGATCCGCCACGCGCTCCCGCACCTGCTGGCAGCCGGCCGTGGGTCGATCGTGACCATCGCCAGCGTGGCCGGGGTCAAGGGCTTCCCGCTCCACGCGGCGTACTCGGCGGCCAAACACGCCGTCGTGGGGCTGACGCGGACGACGGCGCTGGAAACGGCCCGGACCGGCGTCCGCGTCAACGCCGTCTGCCCCGGCTTTACCGAGACGCCGATGCTCACGGGGGGCTTGGACGCGATGGACCAGGCGCCTGCCGACCTCGCGCGCCGCATCCCCGCCGGGCGCCTCGGCCAGCCCGACGAGATCGCCGCCGCCGTGGCCTACCTGTGCTCCGACGCCGCCGCCTACGTCACCGGCCAGACGTTGGTCGTCGACGGCGGCCTCAGCGCGGCCTGATGCGAGAAGAGGAGTGGACGAGAAGAGGAACGGAGGCCCTCCGGGCATAGCCTCTTCTCCTCTCGCCCTCTTCTCTTCTCTTCCGGTGGGCCAGGCGGCGGAAGCCCGAACGCGACCTGATCCTGTCCTAGCCGGCCGCCGTCTCCTCGTCCTCTAGCAGCGGGTTCTCGTCGCCGGGCCCGAACGTCATCGTCAGGTCGCGGACGGCCGCGTAGATCAGGAGCATCACCCCGACGGCCAGCCCGCCGATCACGGCCGAGAGCAGGGTCGTCGCGTAGAAGATGGCGCTGTACCACCGGTGCGCGATGCCCGTCGCCTCGCCGAGCGGGATGAT
NZ_CP177357.1_gap78	3239530	3241979	2449	GCAGGGTCTTGCCCGTGCCCGACGGCCCGAGCAGCAGGATGTTGGACTTTTCGAGCTCGACGTCGTCGTAGGCGTGGAGATACTCTTCGGCCTCGATCCGCTTGTAGTGGTTGTAGACGGCGACCGAGAGCGTCCGCTTGGCGCCGTCCTGGCCGATCACGTGCTCGTCGAGGGCGCCCTTGATCTCGCGCGGGGTCATCCGGCGCGGGCGGCCGGACCGGCGGGCCGCGGCGACGGCGGCGCTCGGCGGGACGTAGGCCTGGAGGTCGCCGCGCACGATGCCCGAGGCGTCGTGGATGCAGCGGTCGCAGATGTACACGTCGGGGCCCGCGACCATCGAGGTGACCTCGTGGGCGGTGCGGCTGCAGAAGGAGCAGCGGATGACGTCGTCGCCGCCAGTAGGCATGGCGTGGGTCTCGGGTGCGCCGAGAATGTAGGCCCTCGGCGCCGCCCCGTCGGGCGCCCCGAAGGGATGGGGAGTATCGAGCGCCCCGGCGCGGGCTTCAGGCCGGGCTCGATCCACCGCCCCGACGACCGTGACCTGCCTGTCATGTCGTCCCCAGCGAGAGTCCGCCCCGCGTGCGGCGAGGGAGCTCCGTCGCGCACCGCCCGGCGACAGCGCGGAGGAGCGACCGGCGGCGGGCGCCCGCGGGTCGGAAACCGGCGCGCGCGGCGCGCCGGGTATCTTCGGCCGCGCCCGCCCCCGTCGCCCATGAAGCCGCCCCTCGCCGCCCTCGCCCTCGTCCTCGCGCTCGGCGCCTGCCAGCTCTCCGACGCCGCCGACGGCCCCTCGCCGACGGCCACGACCGACGGGCTCGCCGCCGCCAGCGCCGCCGACTCGGTCCTGCTCGACAAGCTGGCGCAGTACACGACGGTCCGCCTCACCTCCGACCTCTCGGGCCTGAGCGACTCGACGCGCGCCATGATCCCGCACCTGATCGCCGCGGCGCGCGCCATGGACGACGTGTTCTGGCTGCAGACCTACGGCGACCGCGACTCGCTCCTGGCCGGCCTCTCGCCCCCCGCCCGGCGCTACGTCGAGGTCAACTACGGGCCCTACGACCGGCTCGACGGCGACGCGGCGTTCCTGCCGGGCATCGACCCGAAGCCGCCGGGCGCGGGCCTCTACCCCGCCGACCTCGGCAAGGACGAGCTGCTGGCGGCGGCCGACCTCTACCCGGAGCGGAATCTGACCGGGCTGTACACGATCGTCCGCCGCGACGACGCGGGGCAGCTACAGGGCGTGCCGTACCACCAGGCCTTCGCGAGCGCGCACAAGACGGCCGCGCGGCACCTGCGGATGGCGGCGGACCTCGCGCAAGACGAGGGCCTCGCGACGTTCCTGCGCCTGCGCGCCGACGCGCTTCTGACCGACGACTACCGCGCCAGCGACCTCGCGTGGATGGACATGCGGACGAACCCGCTCGACATCGTGATCGGGCCCATCGAGACGTACGAGGACGGGCTCGCGGGCTTCAAGGCGGCGCACGAGGCGTTCGTGCTCGTCAAGGACCAGGCGTGGAGCGCGCGGCTCGGGGCGTACGCGGCGCTCCTGCCCGAGCTGCAGCGCGGGCTGCCGGTCGACAGCGTCTACCGCGCCGAGTCGCCCGGGGCCGACGCCGACCTGGGCGCGTACGACGTGGTGTTCGTGGCCGGCGACGCCAACGCGGGCTCCAAGACGATCGCCATCAACCTGCCCAACGACGAGTCGGTGCAGCTGGAGAAGGGCTCGCGGCGGCTCCAGCTCCAGAACGTGATGCGGGCCAAGTTCGACCGCATCCTGGTGCCGATCGCCGACGTGCTCCTCGCCGAAGACCAGCGGGACCTCGTCACCTTCGAGGCCTTTTTCGGCAACACCATGTTCCACGAGGTGGCGCACGGGCTGGGCATCAAGACCACGGTCGACGGGCGCGGGACGGTCCGCGAGGCGCTGCAGGACCGCGCGAGCGCGCTCGAAGAGGGGAAGGCCGACGTGCTCGGCCTCTACATGGTGCAGCAGCTGATCTCGCGCGGCGACTGGGCCGAGGCGGGGCTCGACGAGCACTACGTGACGTTCGTGGCCTCCATCTTCCGCTCCATCCGATTCGGCGCCTCGAGCGCGCACGGGCGGGCGAACCTCGTCCGGTTCAATTTCTTCCGCGAGCAGGGCGCCATCGAGCCCGAGGCGACGTCCGAGGGCCAGGTCTGGCGCGTGGTCCCGGCGCGGATGGGCCCGGCCATCGAGGCGCTCGCGCGCCGCATCCTGACGTTGCAGGGCGACGGCGACTACGACGCCGTCGACGCCTTCGTGCAGCAGTACGGCCGGATGTCGCCCGCGCTCTCGGAGAGCCTGGACCGCGTCGCCGAGGCGGGCATCCCGGTCGACGTCGTCTTCGAGCAGGGCGAGGCCGTGCTCGGGCTGCGGCCGGTGAGGAACGGGTGAGAGGCGCCGGGGCTCGCCCCGCCCCCA
NZ_CP177357.1_gap79	3249556	3251966	2410	TACTGGCGCTCGGCGGGCACCGCCAGCGCGAGCGCCGGATCCGGGTGGCGACCGAGCGCGCTGTCGAGCGGGACGAGCCCGTCGCCGACGGTCCGGTCGCGCACGCCGTTTTTCCCGTCGCCCAGCGTCGCGGCCACGAGGTACACAGCGACCCCGTCCGGGAGCGGGAGCGGCTCGCGGTGGTCCGGGCCGCGGGCAAAGCGGTCGAGCCCGACCCAGTCCGCCTCGGCCACGCTCCCGAACCGCAGGTCGGTAACGCCCGCGCTCCGCGCCTGCCCGAGCGCCGCGTACGGCGCCGTCCACCGCGTCGCCCCCAAGAGGGTGTCGACCACGTTCCCGACGCGCTCCAGGGGCGACCCGTGGTGGGGCGTCCCCAGGCACACCAGCGACACGTTTTTCGAGGGCCACCCGTGCCCGGCATCGACGGCGTGCCCCAGCGCGCTCCGCATCACCAGCCCGCCCATGCTGTGTGCGACCACGACGATCCGCCGCACCGGGACGGGCCACGCCCTGACAACCGCCTCCAGCGCCTCCGCCGCCTCCGCCCCGTTGTCCGAGACGTGGCGCCCGCTGTTGTAGCGGAGCCCGAGCCGGCTCGCGCCGAGCGCCTCCGCCAGCACCGCGCCGGGGTCGTGGGCGTCGTCGCCCCACTGCCCGTCGTGCATGCACAGGCCGTGGACGAACACGAGCACCGTCTCGGACGGGTCGGCGACCGCGCCGGTGTCGACGGGCCGTCCGTCATAGCGGATCTGGGTGGCCGTCGCCAGTTCGTTGCCTGTCCTCGCGAGCGTGTCGCCAAAGGCCCCGTTGAGCGCCGCGACCGCCGCCTCGCGGATCTCGCCGCGCGCGCCGTCGAGCGCGTCGGGCCGGACCCGCTCGGCCACCGCCAGCCCGCCGTCGGCCGCCCGCGCCGCACCGCGTGTGATCGCCCGGATCATCCGGTACACAAAGCCCGCGATCCCCCGCTTGCGGTCACCGACTTTGCGCCGCCGCGTGACGGCCGCGTGCGCGGCCTCAACGACGTCGGTGGTGCCGGTGACGGCGTCGGCGAGGAGCCGGACGGCGCCGCGGAGGTCGGACAAGAGGGACACCGGGACTCGGGCGCGGGTACACGGCCGGGCGGCGGCGTGGGTCCCCTGACTGCGCTCGCGCCCCCTCAGAGCGCCGCGTGGATGGGTGAAGTCTCCACCCCGAACGAGACACGGGCCGCCCCCCGAGGGAGCGGCCCGTGCGCACATCCGGCCGGCTTGCGCCCTAGCCCTCCTCGTTCTTGCGCGCGTTGTTGGCCCGCTTGCGCTCGTGGGGGTCGAGGTGCCGCTTGCGCAGGCGCATCGAGGTCGGCGTGATCTCGATGAGCTCGTCGTCGCGGATAAACTCGATGGCCTCCTCCAGCGACATCTTCTTGCTCGGGTTCATCTTGAGGAAGTTGTCCGAGCCCGACGCGCGCATGTTGGTCAGCTTCTTCTCCTTGGTCGCGTTGACCTCCATGTCCTCGTCGCGCGCGTTCTCGCCGACGATCATCCCGTTGTAGACCTCGTCGCCGGGCTCCACGAAGAGCTGGCCGCGCTCCTGCAGGTTGACGATGGTGTACGGCGTGACCTTGCCGTTGCGGTCGGCGACGATGGCGCCCGTCGCGCGGTGCGTGATGGGCCCGGCCCACGGCTTGTAGCCGTCGAACAGGTGGGTCAGCAGCCCGGTCCCCTTGGTGTCGGTCAGGAACTCTGTCCGGTAGCCGATGAGCCCGCGCGCCGGGATCTCGAACGTCATCCGAATCCGTCCCGACCCGTTGTTCTTCATCTCGACCATCATGCCCTTGCGCGTGCCGAGCGTCTCGATGACGACGCCCATGAACTCCTCGGCCACGTCGATCGTCGCCCGCTCGTACGGCTCGTGCGTCTTGCCGTTCACCTGCTTGGTGATGACTTGGGGCGTGCCGACGGCGAACTCGTAGCCCTCGCGGCGCATCTGCTCGATGAGGATCGCCATCTGGAGCTCGCCGCGGCCGAAGACGAGGTAGCGGTCGGTGCTCTCGGTCTCGTCGATGCGGAGTGCCAGGTTCGCCTCACCCTCCTTCATCAAGCGGTCGCGCAGGTTGCGCGAGGTCACGTACTTGCCGTCCTTGCCGACGAACGGCGAGTCGTTGACGCGGAACTCCATCGACAGCGTCGGCTCGTCGATGTCGAGCGCCGCGAGCGGCTGCGGGTCCTCGACGTCGGTGATCGACTCGCCCAGGCCGATGCCCGTCAGGCCGCCGACGTAGACGATGTCGCCGGCCGTCGCCGTCTCGGCCTCCACGCGGTCCAGGCCCTCCGAGACGAACAGGCTCGTGACCTGGGTCGCCTTCTGCTCGCCGGTCCGGTGGCACATCAGCACGCGCTGCTTCATCTTGAGCGTGCCGTTGACGACGCGC
NZ_CP177357.1_gap80	3270153	3274513	4360	CGTCTGGAGCGGCGGCAGGAGGTCCGAGTAGATGACGGCGGCGTCGAGCCCGAACCGGCGGATCGGCTGGAGCGTGATCTCGGCCGCGATCTCGGGCGTCTTGACCATCGTCAGGAAGTCGTGCTTCTCGCGGATGGCGCGGTACTCGGGGAGGTAGCGCCCGGCCTGGCGCATGAACCACACGGGCGTGGCGTCGACGGGCTTGCCCGCGAGGGCGTCGAGGAATCGGGACATGAGCGGGTGATGCGTAAAGAGTGATGCGTGAGTCTCCGTCGGGGCCCTCACGCATCACGACTCACGGATCCCTCCGCGAGTGGCGAGCGCGAGGTCGGTCGCCTAGTGCCCCGTGCCCTCGTGGTCGAGCGCCCAGGCGTAGTCGCCGGCGCTCTGCCAGACGGCGCGGCCGACGAAGAAGGGGCCGAGGTTGTCGATGAACTCGGCGGTCTGCCGCGTCGACCGCATCCGCTGGACGACGGCGGACAGCGGGTGCAGGTCTTTCCCGACGAGCCCGGCGACGAAGTCGTTGTCGTTGGGGTCGAGCCCGTGGCACGCCAGCCGGACGTCGCGCGCCAGCCCGGCGCGGCCGAACGACTTGCCGATGCCGCCGTGCTCCATCAGCATCTTGCGCTGCTCCTCGCGAGGCTCGCGCTCGAACCGGCCGCTCCGGCGCAGCGGGTACCACACGGCCCACGGCCACTCGGGGTCGGTCATCGTCTGGACCGGCTTGGCGACGAGCGCGCCGACCAGGTCCTGCTCGTAGCCGATCGAGTACGTCCGGCCGAGCATCGTCAGCGCCGGGAGGGGAGTGAGCTCGGCGAAGGCGGGCGAGGTGTGGAGCGCGCGGCCGTCGGTGACGAAAAAGTCGGGGTCCTCGCTGAACGTGACGACGGCGACGCCGCGCGGGTCCTGGGCGCTCTGGTAGATCACGCCCGCGACGCCGGCCGCCTCAGCGGCGTCCGCGAGCGGGGCGGTGTCGGCGCAGTCGGTGTACGCGAGCAGTTGGACGAACAGTCGGCGGTCGAGCGACTGCGGCGCGCCGTCGGCGGTCTTGCCGCGCTCGGCCAGGCTGAGGCCAGGGCTGGCGTCGCCGGCGGACGCGGGGCGGTCGGCGGGCTGGATGTCGAGGGCCATTTTCAGGTTCGGTTGAAAGTTGTCTACGCGGCTCGGCTTGCGGGGATCACGTCAGGCTGGCGATCGCGAGCGGCTTCACGGAGAGTGCGCCGGGGCGCTCCCCCCGTCCGACCGCCCATCGCTCCGCTCCCAGCCCGACACGCGGGGGGAGCCGGTCGGGCACCGCTTCATTCGCCCTCCGCCAGCCAGCGCGCGGCTTGCGCGGCGTAGTAGGTGATGACGACGTCGGCGCCCGCGCGGCGGATGCCGGTGAGCGCCTCCAGCACGGCGCGGCGCTCGTCGAGCCAGCCGCGCTCGGCGGCGGCCTTGAGCATGGCGTACTCGCCCGAGACGTGGTACGCGCCGAGCGGCCGGTCCGGGAACGCGTCGCGGAGGTCGCGCAGGATGTCGAGGTAGGCGACGGCGGGCTTGACCATCAGCATGTCGGCGCCCTGGGCGACGTCGAGCGCCGCCTCGCGGAGGGCCTCGCGGCGGTTCGCCGGGTCCATCTGGTGCGTCCGGCGGTCGCCGAAGACAGGCGCGCTGTCGGCGGCGTCGCGGAAGGGGCCGTAGAAGGCGGACGCGTACTTGACGGCATAGCTGAAAATGCCGACGTGCCCGAAGCCCGCCGCGTCGAGCCCGGCGCGGATCTCGCCCACGACCCCGTCGATCATCGACGACGGCGCGACCAGGTCGGCCCCGGCGCGCGCGTGGCTGACGGCGGCGGCGACGTGCGCGGGCAGCGAGGCCTCCAGCTCGATCTCGCCGTCGGTGCCCAGGAAGCCGCAGTGCCCGTGGTCGGTGTACTCGCACAGGCACACGTCGGTGATCACGGCGATCTCGGGCACCTCGGCCTTGAGCGCGCGCACGGCCCGCTGGACCGCCTCGCCGTCGTCGGACGCGGCCGACCCCTCGGCGTCCTTGTGCGCCGGGATCCCGAACAGCAGGACGCCGCCGACGCCGAGCGCGGACGCCTCGGACGCCTCTTTGACGGCCTCGTCGACCGACAGCTGAAACACGCCCGGCATCGAGACGATCTCGTCGCGCAGCCCCTCGCCGTCCTTGACGAAGAGCGGGAGGACGAAGCCGGCGGGGTCGAGCCGCGTCTCGCGGACAAGCCGGCGGAGCGGGGCCGAGGCGCGCAGCCGCATCGGGCGGTCGGCGCCGAGCGGTGGGGACGGGAGGAGGTCAGTCATCAGCGTAGAGGTCGCTACGGCGTCCCCTCTCCCTCGGGGAGAGGGACAGGGTGAGGGGTCGCATCGGCGGCAAACAGGTGGCCGAGCGTGTCCAGCAGACCGGGGACCGTGTGCGGCTCGGCGACGGCGGTCGGTGTGAGCCCGAACGGCGCCAGCGCGGCGGCGGTGACGGGGCCGATGGCGACGAGCGCGACGCCCGCCAGCGCTCCGGGGTCAGCGGCGTCCAAAAACCCGCGAGCGGTCGAGGGAGAGGTAAACGCGACGGCGTCGGGGCTCTGCGCCAGCGCGTCGGCGACCGCGTCCGGGTCGGCGCCGACGACGGTGCGGTACGCGGTCACGTCGTCGACCTCGGCGCCCCGGTCGGCCAGGCCCGTCGCGATCGCCTCGCGGCCGATGTGGGACCGGAGCAGCACGACGCGGTCGCCGGGCGCGAGGGGGAGGTCGCGGACGAGCGCGTCGCCGACGAACTGGTCGGGGACGAAGTCGACGGGCGCACCCCGCTGGCGGAGCGCGTCGGCCGTGCCGGAGCCGACAGCGGCGACCCGCACGCCGTCGGGCAGCCCACCCGCCGCCCTGATGGCGGTCCAGCCGAAGGCCACGCCGGTCGCGCTCGTAAACACGACCCAGGCGGCGCCGTCGAGCGACCGGGCCGCGCGCGCGAGTGGTGCCGGGTCGGCGGGCTCGAAGCGGATGGCGGGGACGAGAAGCGGCGTCGCACCCCGCGCGCGGAGCCCGTCCAAAAACCCGTCGGCCTGCTCCTCGGCCCGGGTCACGACGATGGTGCGGCCGGGCGTCATGGCAAGAGCGCGGCGGCGCCGTCGCCCAGGGCGAGGGCGGCGGCTTGGGCGCCGAGCGCGGTGCCGGACGCAAGCGCATCGGCCGGGTCGAACGGGCCGTCCGTGCGGGTCTCGACCGTCCGTGCGCCGTCCGTCGAGACGACACGCGTCCACAGGTGCAGGCGGTCGCCGTCGACCGTCCCGAGCGCGGCGATGGGCGCGGAGCAGCCGCCGCCGAGTCCAGAGAGAAACGCCCGCTCAGCGGTGACGGTCGCCCGGGTCTCGGGGTGGTCGAGCGCGGCGACCAGGCGCGCGGCGTCGCCGCCGGCGCGGACCTGGACGCCGAGCGCGGCCTGGCCAGGCGCGGGTAGCATCGTGTCGAGATCGAGAGTCGAGTGCGCGGCGTCGGCCAGCCCGAGGCGGTCGAGGCCGGCTTGTGCGAGCACGCCCGCGTCGTAGTCGTCGCCCGAGACCTTGCGGATCCGCGTCTCGACGTTGCCGCGAATGGACTGGATCACCAGGTCCGGCCGGAGGCGCAACAGCTGGGCGCCGCGCCGCAGGCTGCTGGTGCCGACGGTCGCGCCGAGCGGCAGGTCGTGGAGGCCGTGGCCGTCGGGGCAAATCCAGGCGTCGCGAGCGTCAGCGCGGGCCGTCGTGGCGCCGAGCGCGAGCCCGTCGGGGTCGGCCGTCGGCAGGTCCTTGAGCGAGTGGACGGCGAGGTCGATGGCGCCGCCGAGCAGGTCCTGTTCGAGTTCGAGGGTAAAGAGACCCTTGCCGCCGATCTCGGGGAGCGGCTGGTCGAGCGTCCGGTCACCCTTGGTGACGAACGGGACGAGCGCCACGTCGAGCCCGGGCCACGCGGCGCGGAGCGCGGCGGCGACGTGCTCGGCCTGCCACAGGGCGAGGCGGGAGGTGCGCGTCCCCAGGCGCAGGCGATCAGTCATCGCGGTCGAGCGCGAGCAGGCGGCGGACGGTCTCGTCGTCGCCCTCGCCGGAGCGAATCGCGGCCGTGACGTCGTGGAGCAGGCGCGTGGTGAGCGTGCGCGACAGCGTCTCGGGGTCGGAGCACAGCCCGTCGCCCGGGGCCGCGCCGTCGCCGCCACACGTGCGGTCGTCGCACTTGCCACAGACGTACGCGAGCGTCTCCTGCCGCGTCGCCTCGGCGCGGCGCCGGAAGTCGCCGACGAGCTGCTCGCGCGCGAGCCCGTCGAGCGCGTCGCGGAGCGCGACGAGCGCCTGCTCCACCCTGGCCTCGACGCGCGGCACAGCAGCTTGCCT
NZ_CP177357.1_gap81	3276586	3279090	2504	CGCCCCTCGCGCGTAGGGAGCCGGCGCGTCGGGCGATCTGGCGCGCGTCCCCTCCACGCCCCGCCTCCCCCCATGAGCCTCGCCTCCCGCGCGGTCTACCCCTCGCAGCCGGCCCCGCTTCGCAGCCAGCTCGACGGCCTGCTCGCCGCCGCGCCCGCCAGCGACCTCCCCGCCGACGCCGTCGTCGGGCTCATCGTCCCGGACTCCAACCGGACGTCGGGCGGGCCCGCCGCCGCCGCCGCGTACACGCTGCTCGCCGGCGCCGCCATCGACACCGCGCTCGTCATCTCGCCGAGCCACCACGGCGCCTTCGGCCGCCTGTCGATCTGCCAGACCGACGCCTACCACACGCCGCTTGGCGAGGTCGCCGTCAACGACCACCTCCGCAACGAGCTCTGCGACGAGGACGACGACATCTTCCTCGACGACACGGGCCACTACCACACCGAGGGCGCCGACGTGCAGCTCCCGTTCTTGCAGTGCGTGCTCGGCGACGCCTTCGACACGGTCCCGATCGTGATGGGCGACGAGAGCCCGGCCTCGTGCTTCGAGCTCGGCCGCGCGGTCGGCGAGATCATGTACGGCAAGCGCGCCGTCGTCGTCGGCTCGTGCGACGTGATCGACGGGGACGCCCCAGCGCTGGCCGCGCTCCGCGCCGCCGTCGAGGCCCTCGATCCGCACGCCGTCCTGCGGCTGATGGCCGACGACGCCGTCAAGGTGGAGGGCATGGGCGCGATCGCGACGACGCTGATCGCCGCGACGGAGCGCGGGGCCACGGCCGGCCGCGTGCTCGTGCTCGACGCCGCCACCGACGCCGCCCCCGGCACCCTCGCCGCCGTTTTCTGGAAGGGCTAGCGCCCGCTCCCCCCGCCCCATGGACACCTACTCTTCGGCCTTCGACTCCTCCCGCCCGGCCGTCGCCATCGTCGGCGCCGGCGCCATGGGGCGCGCGCTGGGGCTCCGGCTGGTCGAGAGCGGGTATCCCGTCGAGATGGTGATCAGCCGGTCGCTGAGCTCCGCCGAGGCGCTCGCGGCCAAGCTCGGCGCGCGCGCCTCGGACCGCCTGGGCGACCTGCCCGCCGTCCCGCTCGTGTTGCTGACCGTCCCGGACGACCAGATCGCGGACCTGGCCGAGACGCTCGTCGACGCGCCGCGCCCGTGGCGCGGCGCCGTCGTGCTCCACACCTCGGGCGCGCAGACGGCCTCGGCGCTGGAGCCGCTCCGGGCCGAGGGCGCGCGGACGCTGTCGTTCCACCCGCTCCAGGCCGTCACCCGCGACGCCGACGCCGACACCCTCGCGGGCGTGGCCGTCGGCATCGAGGGCGAGGAGCCGGGCCGCGCCGCCGGCATCGAGCTGGCGGTCGGGCTCGGGATGCGCTACCTCATCGTCGCCGCCGACGCCAAGCCGCGCTACCACCTCGCCGCCGCGATGGCCTCGAACCTGCTCGTCACGCTGATGGGCATGGTGCAGGAGGTGCTGGCGTCGATCGACGTCGACCGCCGCCAGGCGATGGCCATTCTCGGGCCGCTCGTCCAGGGCACGCTCGACAACCTGTCGTCGGGATCCGTCGAGGAGGCGCTCACCGGCCCCGTCGCCCGGGGCGACCTGGGCACGCTGCGGATGCACGGGCTCGCGCTCCGCAAGCACCTCCCCCACCTCGTGCCCGCGTACGCCGCGCTGTCGGTCGAGACGGTCCGTCTCGCGGTCCGCGCCGGGACGCTGTCGCCGTCGCGCGCCGAGGACGTGCTGACGCTGATGGAGCGGATGGTGACGATGCCGCTCCCCCAGGCGACACCTACGCCCGACACGCCCCGCCCGCCCGCCCCGTCGCGCGCGACGGCGTAGGGCGTGAAGAGAAGAGGCGTAGAGGAGCAGAGGACACTATTCAGGCTCCTCGATTCCTCTTCTCGTCCCCTCCTCTTCTCGCATGTCACCCCGGGCCGGGCACGTATGCCCTCGGTTTGCGAAGGCCTCGCGAAGGCCCTGTGCAGCTCGTGCGCCGGAACGGCCAAGCGTCGATGGGATCGCACGGTGTACGCCTCGTCTCCTTCATGTGGCGCGTTTCTTCGCCGATTCTGATGCCAGCGGGCCCCGGTCCGCGTGCTTATGACCCCGATTGATTCTCCCGTCTGTCCCGACACGTTGACCCCCGAGGCCGTCGCTGCGCTCGCCGAGCGGAGCGTCGCTCGGGAGTCCGCTGCCGCGTTCCAGTCGCTGCTGGCAGCGGCGGCGTGCGCGGTCCGCGAGACGCACGGGGCCGTCGGCCTGGCACGCGACGCGGCGCTGAGCGCGGGCCAGCGCGACCGGCTCGCGGCCGTGGCGACCGGCCTCGACGGCGTCGTGGCGGCGCTCGGCGCCGGCGTCTCGGCCCAGGCGCGGTGCCTCGACCGCCGGAGCCCGGCCGACCTCGCGCGCGCTGTGCTCCGCCCGGCTCCGGGCTGGCTCCCCCGCCTGCGCGAGCGGGCCGCCGAGGCCGCCGGCCGGCCCGGCCCCTCACCGACCT
NZ_CP177357.1_gap82	3322135	3326975	4840	ACCTGGGAGAACTGCGCCAGCTGGGCGGCGAACTCGTGGCCGTCCTGTGGGTTCGTCGGGTCCTGGTTGCGGAGCTGGGCGACGAGCAGTTGGAGGAACTCGTCGCGCCCGAGATCGGGGCCGCCAAGGGCGCCGGCCGAGCTCGCGGAGCCCGCTTGCTGGGCGGCGGAGGCAGAGGAAACGGTCATGGGGGGGCGGGGCTTAGCCGAACCACTCGTACCGGCCGGTGACGACCGGAGCGGGCGAGGGGGTGGCGGGGGACGAGGACGGGTCCGAAGAGACCGAGGGCTGGCCGGTGGAGCGGTCGCCGGACGCGGTGTCGCCGTCGGCGCGGCCGTCGGCCGAGGCCGAGGTCGCGTCGGCGATGGTGAGGTGGACCGGCTCGCCGAAGTGGGCGTCGAGCACCTCGCGGAGCTGGGCGGCGTGCGCGCCCGCCAGCGCCTGGAGGTCGGGGTCGCTAAAGCGGACCGAGACGGCGACGCCGTCGGCGCCGGAGGCGGCCTGCAGGCGGACCGAGCCGCCGTCGGGGAGGTCGAGCCGGACGGCACGGCCGCCGGCGGCGTCGAGCGCGCGGCCCCACGCGGGGGCGGCGAGCCGGGCCACGGCGGGCGACCGCGTCGGGGCGGAGGGCGAGGCCGGCGCGGCGCTGGCGGCGACGCTCTCGGGCGTGTCGGCCAGACCGGCGTCCGGCGCGCCCAGCTCGGCCTCGTCGCTGGCGACGGCCGCGAGCGCGGCGGCGACTTCGGCGGCAGGAAAGGGCCCGGGCGCGAAGCCTGCCGCTAGCGTCGACGCAGCGGTCGGCGCGGCGATCGGCATGGCGGTCGGCGTGGCGGTCGGCGCGGCCGGGGCGGCCGGGGCGGTCGGGGGCGGCGGCCCGGGCGGCGTCTCGCTGGCGGAGGGGTCGGGCGGGAGCGCGGTCGGCGGCTTGGCGACGGGGATTCCACGGCCACCCAGCCGGAGCGGCCCGGCAGGCGGGTCGGGCGCAGCAGGCACGTCAGGCGCGCCGGGACGGGAGGGGGCCGGCGGCGCCTCGGTCGCCGGCGTGTCGGTGGGGACGGGCCCCGGGTCGACGGGCGCCGGCGGCACCGGGCGAGAAGGGGCCGGGCCGATCGGCCGAGAGGGCGCTGCCAGCGGCGCGCGGGCCGTGCCGCGCGGGTCGGCGGAGGGCGGGCGCTCTGTCAGCGGCGTGCGCGCCGTGCCGCGGGGGTCGGCGGGGACCGGGCGCTCTGTCAGCGGCGTGCGCGCCGTGCCGCGCGGGTCCGTCGCGATCGGGGCCAGGGGCCGCGTGCCCGGGTCGGGGTCGTCGGGACCTGCGAGAGGGCGGCGCGTCGGGTCCGGCGCCGAGACGGGCTTGGCCGAGGGGGCCTCCCCCCCCGCGGTCCGTACCGACGGCCCGGCGGCGTCCGACGGGGCCTCGGGGGCGGGCGTTTCGCGGTCGGGCGAGGCGGCGGCGGGTACGCCCCCCCGGTCAGTCGCGGGGACCGGGGCATCTGCGGAGTCGCCAGCGGGCCGCGGAGGGAGCTTCGCCAGGGGGATCCCCGGCCGGTCCTCCCCGGTCGTCCTGCCGGATCCCGAGGCGCCATCGGCCGGTGTCGTATCGCGCGCCCCGGAGGGGCTCAGCGCCCGAAGAGCCGGGCCAACGTCCGAGGCTGGCGCGTCCTCACCGACGGCGGTGAGCGCCGCGGGCTCGCCCTCTGCAGGACCGCCAGTCGGCGCCCCTTCCGTCCCTTCCGGCTCGGCAGCCGCAGCGGCCACCTCCTCGTCGGCCGGTGTGGACCTGGCGGTGAGCCCGGTCACCGAGGTCGAGAGCCCCTCCAGCGGAAGGGAGACCGACGCCGAGTGGAGGCCGAGCCCGTCCAGCGGATAGGCCTCGATCGCGGGCGCGTCGGCCGACGGCGCGGCCGGCCCCGACGAGGCCGACAGCAGGTCGCCAAAGCCCGGCGCGGGAGCGGGGGCGTTGGCGGGCGCGCCAGCGGCGGCGCCGAGCGCGGACACGGTGTCGAGGGGAGGCATCATCGGGAGGCGGTGGTGTCGGCGGCCGAGGCGAGGTGGACGGGGGCGGCGCCGGGCAGGCGGTGGCGCACGAAGGCGGCGGCCTGGGCCGGCGTCAGCGCGTCGAGCAGGCGGCCCCGGTTGCGGGCGCTCGCGGCGTCGTAGAGGCGCACGAACGAGCGGCCGTCGAGCCGCTGCACGACCGCCGCGAGCGGGTCGTCGTCCATCTTGGCCAGCGTCGTCGCCAGCTCGGTTGTGACCTGGGCGGCGGCGGCGGTGGCCTCGGCATCCTCGGCAGAGACGGCCACGTCACGCTCGTCGATCACACGACGGAGCGAGTCGGCCTGGGACTCGGCGTGGGCGAGCCGGCGCTGGAGCACGGCCAGCTCGTCGGCGAGCGCGTCGACGGGGTCGGCCGCGGCGGGGCCGGCGGCCGACGAGTCGGGGGGCGTCTCGGCGTCGGCGCTCTGGCCGGGCAGCCCGCCCTTGAGGAACAGGACGCCGACGGCGAAGAACATGCCGGTCAGGCCGACCGTGAGCAGGAGCGTCTTCATCGGGCACGGAGGGTGGCGAGATCGTCGAGCTCGGCGATCTCGGCGCGGGCGGCGTCGGCACGGTGGGCGTCGGCGGCCTCGTCGCGGAGCGCGTCGACAGCCTGGTGCTGGCGGAGCGCGGCGGCGAGCGCGGTGCGCGTGGCGCTCTCCTGGATGCGGGCGCGCTCGGCGGCGGCGACGGCGGCGGCCTCGGCGCGGCGCAGGCGGTCGCGGTGGGCGGCGTGCCCGCCAAAGGCCGCGACGGTCGTCGTGTCGGCCGGGGCGAGCGCGGCGTCGATGGCCTGGGCGGCCCGGGCGGCCCGGGCCTCGGCCTCGGCGCGCGTGGAGACGGCGGCGCCCAACGCCTCGCGCGCGGTGTCGACCGACCGCTCGCGCAAGCGCAGGACGGGGTCGAGGGGAAACTGGAATCGGGAGCGGGCCATGGGGTCGAGGGGGGGCTATGCCGGAGAGGGCAACGACCGGGCCACGAGTGCCGAGAGCGCGCCGGCCACGTCGTCGGCGGCCTCGTCCGGGCCCTGCTGCAGGAAGGCGGTGAGCGCCGGCTGCAAGGCGACGGCGCGGTCGGCGGCGGGGTCCTGGCCGGGGGCGAAGGCGCCAACGCGGACGAGCGGCTCGACGTCGCGGTAGTCGGCGATCAGCGCGCGTGCGTCGCGGGCGGCCTGCCGGTGGGCGTCGGTCGTCACGCGGGGCATCACGCGCGACACGCTGGCGGGCACGTCGATGGCCGGAAAGTGGCCTGAATCGGCCAGTTTGCGCGACAGCACGATGTGCCCGTCCAAGATGCCGCGGACGGCGTCGGCGATCGGCTCGTCGAGGTCGCCGCCGTCGACGAGGACCGTGAACAGGCCCGTGATGGTGCCGACGGCGCCGGGCCCGGCACGCTCGAGGATGCGGGGCAGCAGGGCGAAGACGCTGGGCGTGTAGCCGCGCGTGGTCGGGGGCTCGCCGGCGGCCAGCCCGATTTCGCGCTGGGCCTGGGCCACGCGCGTCACGGAGTCCATCATCAGGAGGACATCCTTTCCGGCATCCCGGAAATGCTCGGCGATGGCCGTCGCCACGAGCGCGCCGTTGACGCGCGCCAGCGCCGCCTGGTCGCCGGTGACGGCGACGACGACGGACCGCGCCAGCACCTCGGGGGCGAGCGTGTCGTGGACGAACTCGCGGACCTCGCGCCCGCGCTCGCCGATCAGCGCGATCACGTTGACGTCGGCCTCGGACCGCGCGGCGATCGTGCCCAGCAGCGTGCTCTTGCCGACGCCGGACCCGGCGAAGATCCCGACGCGCTGGCCCTTGGCCATCGTCAGCAGCCCGTCGATGGCGCGGACGCCGGTCGCCAGCGGGGCGTCGATAAGCTGGCGGTCGAGCGGGGCCGGCGGGTCGGCCCGGACGGCGCGGTTCTCGGTCAGGCGGAGCGGGCCGAGCCCGTCGATCGGCTGGCCGCCCCCGTCGACGACGCGGCCCAGCAGCCCGTCGCCGACGGGGACGGCGTGCTCGCGCGCGCCGCGCTCGACCAGGCTCCCGGCGCGGAGGCCGGCCGCCTCGCCGAGCGGCATCAGCAGCGCGGCCTCGCCCCGGATCCCGATCACCTGGGCCGGGACGGTCGCGCCGGAGGCGCCGTCGGGGCGGATCGTGCACATCTCGCCGATGGCGGCCTCCAGGCCGGTCGCCTCGATGACCAGGCCGGTCGCCGACACGACGCGCCCAAAGTGGATGGGCCCGGGCGGCGACTGGCGGAGCGTGCGGAGGGCGTCGGCGATCATGACGTGGGGACGGACAGGCGGGCGCGGAGCGCCGTCATCATGTCGGCGCGGATGTGCTGGATGGCGGCGGCCGAGGTCGAGACGCCCCAGTCGCCCTCGGCGAGCCCAGGGTCGGCCTCCCACCGCAGGCCGGCGTGCGTGGCCTCGATGGAGGCGGCGAGCCCGGTCTCTTGGACGTGGAGCAGGTCGACGGGGTGGAGCGCGACGGTCACCGGGGCCTTGCCGCCGACGGCGTCGATGGCGCCGGCGAGCGCGGCGTCGGCGGCCGCCCTCTGGGCCGCGCTGAGCGGCGCGTCGAGGACGGCCTCGGCGACCTCGACCGCCAGCCCGATCAGCGGGGCTTCGAGCCCGCGGACCGCCTCGTCCCACCGGGTGCGGAGCGCGCCGGCGGCGGTCTCGGCAAAGGCGGCGCGCTTGGCGGCGACGGCCCGGGCGTCGTCGAGGGCGGCGGACAGCCGGTCGACCTCGGCCTGGAGCGCCGTCACCTGGGCCTCGCGCTCGGCGAGGCCGTCGGCCTGGCCCGCGGCGTACGAC
NZ_CP177357.1_gap83	3354725	3357963	3238	CTCCGCCCGGACCCGTCGGGTTCTGGACGAGAAGTTGTCCCGGAGCTTCCGGTAGACGTGATCCACCGGGCCGTCCGACGGATGTTCGAGGGCGACGACCCTACCGCACCTACGGTCAAGGTCATCAATCTCTCTGTTGGCGAGGAGTACCGCCCTTTTCTAGGGACGATGAGCCCGCTCGCTCGGCTCATCGATTGGCTCTCCTACGAGTATGAGGTACTCTTCGTTGTCAGCGCAGGCAACTACCGAGAGGACCCGACGCCCCTCGGAGCCTCCGCCGACGTAGACATTTTTGGGGAACTCACCGAACCTGAGAGTTTGGAGCGCGCTCTGGTAGCAGAGTCGCACAGGGATCAACGAAACCGGAGGATCCTTGCACCAGCGGAGGCTCTCAACGCACTATCTGTCGGAGCACTCTCACACGACTACTCTGGAGACGACTTTGCCCCCCGCACGTACCCAGGCTACCGGACGACTGGGCTCCCTGCCACGTATTCCCGGCGAGGACCGGGGCCCGATCGATCCATCAAGCCGGACGTGATTCATTCCGGGGGGCGAGTTGCTCTACACCGCCCGTACTGCTCCGACGATCCTAGGTGGAGGGTTGCTCATGCCTCGGGAAGGCCACCGGGACACTTGGTGGCTAGCCCGGGTGCTGGGCTCCAGGGCAGTGCGTACACCGCCGGAACGAGCAACGCCGCCGCGCTCACAAGCAGGGAGACAGAGTCCATCATAGACGTGCTGCAGGAACTCCGTGCGACCGACCGGGGAGGGACGCTGGACGACGCCCCCGTCGCTCTCTGGGTGAAGGCCATGCTCGTCCACAGTGCTTCATGGCCTAGTGAGGCGGCTCAGTTGGTCGACGAGGTCTACCAGGAGGAAGGCGTCTCTAAGAGGAGAGTCAAAAGCGCCTTGGCGTCCACTTTTGGGTTTGGGGCGGTCCAGCCGCATCGTGTGCTCGCCAGTGACGACCACCGCGCGACGTTACTAGGCGCGGGTGTTATGCACCACGACGGCGACGACGTGTGGGATCTTCCGTTGCCAGGTTCGCTACAAGGCAAGGAGGGAAAGAGACGACTCACGATCACGTTAGCCTGGTTTATTCCTCCACCGCTCCGGGTCCGCACTGTGCGTAGTGCGAAGCTGTTCTTCGAGGCGCCAGACTCCAAGTGGATCATACGCGACGCCCGCGCTCGTCAGGCTGACTACTACGGCGTGAGGAAGGGGACCGTACATCACGAGGTGCTCGAAGGAGACAAGGTCACCTTGTTCACCGGTGGGGACTCCTTGACGGTCCACGTTAAGTGCGACGACCGAGAAAAGAAGGACCGAGTTGATCCACTTGTCGTGCCGTACGCGCTCGTCGCGACGATCGAGGCGGCTCCGGAGATGGAAGTTCCCGTTTACCAAGAGGTACAGGCCGGCGTACGAGCCCGGACTAAGGTCAGAGCATAACAGGCTCATATGGCGAATGAGACCGAACATGCTATCTGCATCGGTTGCTGGGCATCGCACTCGGGCTGGACACTTGACCGCCGCCGTGCGAGCCGGATTGCTCGAGCGTAATGGTTGACAGCGACCGATGGGATGCCCTGTTTGGCTGCCAGAGCGGTAAACCCGGTCGCAGATGTCCCCGTCCGACCTCCCAGCCGGCGCCCGGAAGTCAGGACACGACGAAGAGGCGGGCGCCCGGGCACCGCGGCCCGTCCAGCCCGAACGCCCCGTCGTCGGCGACGCCCCCCCCCGCCGACCCAGAGCTCGTCGCCGAGCCCGTAGGACTGGCCGCCGTACGTCAGCCGGCGGCCCGCGTCGTCCCAGGTCGCCTCGTCGGCCGGGAACACCGGCTGGTGCGTCTGGCCGCCCTCGATCTCGATGACGAGGCAGCCGTCTCGCAAGGCGAGAGCGCCCCACAGCCGGGCCGTCGCGGAGGTATGGATGCCCCCGACGGGGTCCGCCCGTCGGTAGGTGGCGAGGGGCGTGGTGCGGGTAGCGCCGTCTGGGTGGCGCGCGGAGTCGGAGCGGGCCGGCACGGGGTCGGGGGCGGCCTCGGGGGCAGCGACCTCGGGGGGCGGCGTGCTCACGCTCGTCTGGCAGCCGCCGAGGAGCGCGAGGAGCACTGGGGTGAGGAGCGGGTTACTGGACAAGGATGGAGGATCCGGCTTGGCCCACGACGTCGAGGCTCGTGTAGAGGGAGAGGATGGCCCGGTCGGGGTGGGTGACGCCGCCGTCCCAGACACCCCACGCGAAGTCAACATTCCACGTCCAGCCCGAGACATCAGTTCGGGGGTTCAGGTCCCAGAGACCGAGTACGGACCGATTGATTCCATATCGTAGGATGCATCGCCTCACCCTGTGACGTTTCCCGCCGTGCGCCCCCTCGTTCTCCTCGTCTCGATGTGTGCCGTGGTCGCCGCTTGCGACCCCGTCGTGCCGCTTGACGCCGGCCCGCCCACCGGGCATGAGGCCGCCCGGCTCGTTACGCTCTCAGCCTTCGTCAACGGGGTGCTGTGGTCCGACAGCGCGTACGTCGCGCGCGACCAACACGCCCCTTATTACAACGTGTATGGGGCCGTCCTGTCTGAGCGTTCCTCCCACTACACCGACCCCGTCTCGTTCAAGCTCGACACGGTCGCGGTGGGCACGTTCGGCCTTGGCACGGCGCGGTTCCACCAAGGGCTGTACGTGTCTGAGGTGCAGGGAGACGCGGTCGCCGCCCGCTACCGTTCTGTCGGCGGCGAGGTCGTCCTCGTCGAGAGCGACGGCGGGGGACTCCATGGCACGTTCGAGGCGACCGTCGTCGTGGACGACTCTTTCCGAGACAGTCCGTACCGAGCGCTTGCCGACACGCTCCGGTTCGAGCGCGGCCAGCTGAACATCCACGCGCTGGGCGACTGAGGGGGGGCGCCGAACGCCGGTGCGTGCTGCCAGCCGAACTGTCGATGCCTCGGAGGAGCGATTGTGACTGGCGGCGTGCGAACGGCCCATGAGATGAGGACTCGCTCTTCGCTCGACGTAAGCCGGCTAGAGGACGAGGTGGGCCTGGTAGGATTTGAACCTACGATCGTTCGGTTATGAGCCGACTGCATTCAACCGCTATGCTACAGGCCCGCGGCGCGGCCGCAAGCTAACGCGGCCCGGCGTCTCCCTGCCTGCCGTGGGCGCTGTGCCGGTCACCCTCCCCCGGCCCCTCCCGTCTGGGAGGGGAGGATCGCGTGGGGATCTCGCCAGCCTGGAGCGC
NZ_CP177357.1_gap84	3402544	3405245	2701	CGACGTAGAGGTCGAGCGCGCCGTCGCCGTCGGCATCGAAGAACAGCGCGTCGACGGCTTCGGGCTCGGTGTCGGCCGCGAACGCGGGCACGTCCGCTTCGACAAACGCGCCGCTGGCGGTCTGGATGAAGAGGGCATTCGCTTGCGCGCGCGCGCCACCGAGGAACACGTCGTCGCGCCCGTCGCCGGTCACATCCGCGACGGCGAGGGCGGGCCCCAGCCGCGACAGCATGTGGGGCATCAGCCGCTCGCGGTTGAAGTCCACGAAGACGTTCTCGACGTGCGTCCAGTCGAGCGCGTCGGCGGCTTGCGCGAGCCGGACGGCCGGGGCGGGCGTGGGGGCTTCGGAGGCGGGCCCGGCGTCGCGCTGGCGGAGGGTCAGCGGCCCGGCGGGCACGTCGGTCAACGTCTGCACCCGGCCGTCGGCCCACGTGACGCGGACCCGGTCGGCGCGGTCGGCACCCGCCAACCCGACGACGAGCCTCGGATCCACAGACGACAGAAAGCCGCGCGTAGGCTGGGCCTCGGTCGTCTGCGCCAGCCCCCCGGCCTCGACGACCACGCGCGCGCCGATCCCGCCGGTGTTGGCGTCGTCGCCGTCGAGCGTGATCACCAACGACCGCCCGCCCCGGTCGGCGGCGGTGTTCAGAAAGATCCCCGCGGGCGCGTTGACGTTGTTGACAACCACGTCGAGGTCGCCGTCGTTGTCGAGGTCGACGGTCGCGGCGCCGTTCGAAAAGCCCGGCGCACCGAGGCCCCAGTCGACCTCTTGGAACCGGACGCCGCCGAGCCCGCGGAACGTCTCGTTCGGGATCTCCACCTGGGGCATCTGCTCCAGCAGCGCCACCTCGTCCTCCCCGATCCCCAGCGCCAGCGACTGCTGGATCTGGGCGTCGGAGACGTAGTTGATGTAGTCGAGGTCGTTGGGCCGCCGCCAGATGCCGTTCGTGACGAACAGGTCGCGGTGGCCGTCGAGGTCGAGGTCCGCCAGCAGGGCCGTCCAGCTCCAGTCCGTCGCCTCGATTCCCGAGAGCGTGGCCACATCCGAAAAACGGGGCGTGCCGTCGGCGCCGAGCCCGCGGTTGATCTGGAGCGAGTTCCGGGCGACCTGGGGGCCGTAGCCGATCTGGCGCTTGAGCTCGGCGAGGTCGTAGGTGTCGTCGCCGCCGGCGGTCTGGCGGATGGCCTCGTCGCGGGGCATCATGTCGAGCACGACGACGTCCGCGTCGCCGTCGTGGTCCACGTCCGCCACGTCGGCGCCCATCGAGAAGCGCGAGGCGTGCGCGAGTGCGGTCTGGGCGACCTCGCGGAAGGTGCCGTCGGCGTTGTTGAGGTAGACGAAGTCGTTCTCGTGGAAGTCGTTGCCGACGTAGAGGTCGGTCCACCCGTCGCCGTCGAGGTCGCTGGCGACGACCGAGAGCCCGTAGCCGCTGATGCCGGACACGATGCCCGCCTCCTCGGTGACCTCCACGAAGACGGGCGTCTGGCCTGGCTCGCCGTCGTTGCGGTACAGGCGGTCGCCGGAGCGCTCGTCGCGGGCGCGCGTCTCGACCGGTCGCTTGTACGTCCGCGCGGTGTGGACGGCGTGGTTCAAGAGGTACGCGTCGAGGTCGCCGTCGCGGTCGTAGTCGAAGAACGTCGCTTGCGTGCCGAACCCCTCGAAGTCGAGGCCGACCTCGGCGGCGGCCTCGCGGAAGCGCGGGACGCCGTCGGGCCCGGGGCCCTGGTTCAGAAAGAGCTCGTTGCGGCCGCGTCGCCCCTGGTGGGCGCCGAGCGCGGCGACGTAGATGTCGAGGAGCCCGTCGCCGTCGACGTCGGCCATCGTGGTGCCGGTCGTCCAGTCCGACGTGCCCGCAACGCCCGCCGCCTCGGTGACGTCTTGGAAGCGGACGCCCGTCTCGTCGGAGCGGTTGAGGTAGAGCCGGTTGGGCTGCTCGTTGGCGGTGAAGTAGAGGTCCGGGCGGCCGTCGCCGTCCACGTCGCCCGCGGCCACGCCGCCGCCGTTGTAGTAGTAGAGGTAGCTCAGGATGTTGAACTCGGCGCTCTCCTCCAGGCTGTTTTGGAATGTGACACCGGAGGCCTCGGGCGCGAGCGCCTCGAACAGGGGCGCCTCTCCCCCACCGCCGCACCCGGCGAGCGCGAGCGCGAGCGTGGCGACGGCGACCCGCCAGCCTCGCGTCCCCTCTCCCCGAGGAAGAGGGGACGTCGTAGAGACGCTTGCGGCTGGTAGAGAATCAGACGTGAGCACAGGCTTCCAGAGGGCGTCCCCTCTCCCACCGGGAGAGGGACAGGGTGAGGGGTCAGACTACTCGCGCGACGCGCCGACGGGCGCGAACACGGCGGGCGCAGCGCCATTGCGGACGGCGACGACGACCGCGCCGGCCGCGCCGTTGAGGCGCACGAGGTGGCGGACCTCGCCGCGCACGCGGAAGCCGCCGGGCACAGATGCGAACCCGCCGCCGGTCCCGCGCAGCAGCGCGCCGACGCCCGACATCTGGCGGCCGAGGTCGGGCTTGAGGTCGTCGCGGTTGCCGGCCGCCAGCAGGTCGAGCGTGCCGTCGGCGTCGGCGTCGAGCGCGAGCGGGGCGGCGAGGGGGGCGAGCTGGGCCTCGAACGGGAGTCGCTGCACGCGCCACGCGCCGCCGTCGTTGACCAGCACGACCGACGCCAGCTCGGCCGCCTCGTACACGTCCGCGCGCTC
NZ_CP177357.1_gap85	3410939	3412068	1129	ACCGTGACCTCCTCCTTCTCCTCCCACTGGAGGTCGGGGTTGGCGAGCTGTGTCGGGGCGTAGCCCGGCACGATGACGCCGTTGAGGACGGCCGAGTTGGCCGGGTTGGCGCCGAGCAGCGGCAGGAACAGGTAGTCGCCGATGGCCTGGTTGCCGACGACGCCGTAGCCGGCGCGCAGGCGCAAGTCGGTGACGGCCGTGCCGCCGTCGAAGAACGGCTCCTCGGTGATGCGCCAGGCACCCGAGACGGCCGGGAAGAGGGCGTACCGGTTGTCCTCCGAAAAGCGCGAGGACCCGTCGTAGCGGAGCGAGCCCGTCAGGTAGTAGCGGTCGCCGTAGTTGAGGTTCGTCCGGGTAAAGAACGACGCCAGCAGGTTCTCCCCGCGGTACGAGAAGGTGCCCGGCCCGGCGGCGTTGCCGTTGACCTGGATGAGCGCGCCCGACTGCAACAGGTCGTCGGCCGTCACGTCGGTCACGAAGCCCGAGGCCTGGACCGAGGTCTCGCTGACGTTGAACGACTGGTACTCGTAGCCGCCCAGGATGTCGAAGTTGGTGTCCTGGCCCAGGCGCGAGGCGTAGGTCAGGTAGGTCGACAGCGTCGCCGAGGTCCGCTCCAGCGTCCGCCGGTAGCCGGAGCCGCCGTTCGTGGTGGCGCTGGCGTAGGGCTCGCCGAGCGGGCTGGCGCCCGGGATGTACGAGCGGCGCGTGCCGACCGAGCGGTCGCCGCCGACGTTGAGCGAGGCCGTGAGCCCGTCGACCAGCTCGAGCTCGGCCGAGATGTTGCCGAGCGTCCGGACGGTCCGGGCCGTCTCGTCGATCTGCTCGGCGAGCGCGACCGGGTTGCGGAACGAGCGCTGGTTGGGGACCTCGTAGAACCCGTCGCCCGACGCGTCCGAGTAGATCGGGGCGACCGGGCGGTACTGCAGGGCGTTCTGGAACAGGCCGCCCTCGAACCCGCCGACGTCGTTGGCCGGGACGAAGTCGTCGTCGGTCAGCGCGGACGTCAGGTTGAGGCCGAGCCGGAGCTTGTTGTCGAACAGCTGGTTGTTGGCGTTGAGCCGCGCGGTCACGCGCTCCAGGCCCGACGAGATCACGATGCCCTGCTGGTCGAGGTAGCTGAGGCTGGCGC
NZ_CP177357.1_gap86	3477090	3480512	3422	CGGTGATGGCGATGCGGAGGGAGTCGTCGCGGATGAGCCCGATGTCGCCGGTCGAGACGAGGGCCTCGGCGGTGCCCAGGACGGGGCTGATCTCCCAGTACGCGGGCGCGACGGCGGCCCAGTGGACGACGGAATCGCGAGGCGGCGGCTCGGGGTGGAAGTAGGCCTGGGCCAGCCGGCGCGGCGCTCGTTCGAGCGGGGCCATCGTCCGAGCGAGGTCGACCGCCAGCCGCTCGGTCTCGGCGAGGTCGCGCGAGAGCTGGCGGAGGTAGGTCTGCTCCTTGTCTTGGTCCGCGCGCTCTTGCCCCCAGGCCGTCACCTGAAAGCCGATGACGACGCCGAGCACGACGATCACCAGCTCCAGCCCCACGGCGAACCAGTTCTGCTCGCGGATCGCTTTGGACAGCCGCCCGAGGATGGTCCACGGCCGCCCCGGGCGCGGAGGCGGCGGAGCCGGGTCGGTCGGCGGCGAGACCGAGGCGGGAGGGGTGGGGGCGTCGGTCATCGCTCGATGTAGGCGTCGACCTGCTCGCGCAGGGCGGTGGTCTCGCGGAGCAGCCACGCGCGTTGGCCCCTCAGCTGGATGCGGACGTTGCGCATGATCTCGGCGTCGTTGTAGGCGTCCTGGTCGTTCAGGAACGCGCCCACGTCGAAGGGGAACCGGGCGCGGGGGGTGGCGGGGATCGGCCAGAGCGGGTCCCCGCGGAGCGAGTCGACCTGGGCCGGCGTCCGGCCGTGGGCGTCGAACGCGACCGGGTCGAGCCGCGAGATCAGCGCCGTGAACGGGACGGCCCACCGGGCGAGCATGTCGTCCTGGACGTAGAGGGCGCGGCGGACGACTCCGAGGTGAGCGGTGATGGCGCTCCGGAGCGAGTCGTCGCGGATGAGCGTCAGGTCGCCCGTCGACACGAGCGCCTCCTCCGTCGCCACGACCGGGCGGACGTAGAGGGTCCGGGTGGCCCCCCGGAACCACGCGATCACCGAGTCCTCGGGCGGCTCCTCGGGGAGGAAGAACGCGCGCACGAGCCGGGTCCCCGAGCGGGCCTGCGGGGCCATCAGCGAGTCGACCGTGCGGATGTCTCGCTCGGTCTCGACGAGGTCGGCGTGGAGCTGGCGGAGGTACCGGCCCTCGCGGTCGGCGTCGGCGCGGGCCTGCCCCCACGCGGTCACCTGGAACCCGATGACGACGCCGACGATGACGACGACGACCTCGAGGGCGACGGCGACCCAGTTCTGCTCGCGGACGGCCTGCGCCAGCCGCCCCAGGATGGTCCACGCCCGCTGGGGTCGCATCGTGGGCGGAGGCGCCGAGGAGGGCAGGTCGTCCATTCGCAAAGGGTTGGCATCCGTCCGTAAGGTCGCCGCTAGAGCGCGAACGTGGTCGTGTACTTTGCCAGCACGGCCCGCTGGGCGGTGAGCGGCCGCCCGGCCGACGCCCGCAGCCTGTCGGTGTGGAAGCCCCAGTTGACCACGAGGTAGAGGTCGTTCCCCTCGCGCGGGTTGTAGCGCAGCCGGACGTTCGCGAGCCCCGCGCGGGCCGCGCTGTTGAGCTGGAGGAAGGACGCCAGCGACCACTGCGTGTCGAGCGCCGCCCGCACCCGGAGCCGCCCGACGTGCGCCGTGAACGTCTGGTCGCGGTCCGGGAAGCCGATCCGGTTGACCTCGTAGTCGCCGCTCAGCGTCAGGTGCTTCGAGACCACCCAGGTCGGGGCGACGCCCGCCGTGGCCCGCCAGCCGTCGTAGAAGGCGCCGCCGCTCGCGAAGACGGTGCCCGCCTGCGGGCGCCCGCCGGGCGTGTCGTAGGACAGGCTCGCCGCGGCGTACGTGTACTCGCCCGCCGGGACGGCCGCGTCGTCCGAGAGCGAGAAGCCGTCCCGGAGGTCGTCGTAGGTCACGTCCAGGCCGGCGCGGAGGGACGCGGCCGACGTGAAGGTGCCCTCCCACGAGGCGCTCGACTCGACCGTCTCGACGGTCCCGTCGGCGTTGCGGAAGTACGTCCCGCTGCCGACGAGCACCTGGTGCCGGGCGAGCGGCGACCCCGGCCGCGGGCCCCAGCCGCGCCAGAGCTTCGCGCCGCCCACCGTGAAGTCCTCCCGGAGCTCGAACCCGAGGTCCGGGCGGTAGGCCCGGCCCGCCCGCTCGACCTTGGCCGCGTAGCCGAGCCCCGTGTACTGGCGGCTCTCGATGGACGCCCGCACGCGCGTGTGGTCCAGGAGGCCGCCGCCGTCGACCGCGTCGTCGAACGTCTGCGCCCAGCGGAGCTCGGCGAAGGCGTCTCGGCCCAGGCGGAGGTCGCCGTCCAGGCCGTAGGCGACGTTCGTCGTCCCGTCGTCGCCGAGCCGGCTCGTCAGCATCCCGCCGACCGTCGACTGCGAGTTGAGGACCTGGCGCCGCAGGCGGAGCACGCCGACGTTCTCGGACGGCAGCGCGGCCCCGTCGAGCGGCGTCCGCCGCGCCGTCTGCAGGTTGATCAGGCCCACGTCCCACCCGCCGACGCGGCCGACCGCCCGGCCCCCGCCCAGCAGCCGCACCGCCTGGCCGTCGTTGAGCCCGATCCGGCGGCTGTAGAACAACCGGTTCGAGCCGCCCAGGTCGAAGTCAAACAGGCTCGCGCGCTCGAGGAAGAACTGCCGCTTCTCGGGGAAGAACAGCGAGAACCGCGTGAGGTTGACCTGCTGGTTGTCGGCCTCGACCTGGGCGAAGTCCGTGTTGAGCGTCAGGTCGAGCGTGAGGTTGTCCGACAGGCTCATCTTGACGTCCGCGCCTAGTTCGGTGACGGTGTCGTCGGTGCGGACGACCGCCGCCCCGGGATCGTCGAGGTCGAACGACTGGCCCAGCCCGCCCAAGACGTAGGGCGTGACGTAGACCGGCCGCCGGGCCTCGATGTCCTGGAACACGACCTTCTGGAACTGGGAGGGCTTGTTGAAGCTCCAGAACCCCCAGTTCGGCTCGATGGCCGGGTAGATGTCGAGCTCGTTCTTTTTGCCGAGGTACCGCCACGCGCTCAGCCCCATCGTCACGCGCCCGTCGGCGTCGGGCTGGAAGCGCAGGCTGGAGAACGGGATCCGCATCTCGGCAAACCAGCCCTCGGGCGTGATCGTCGCCTGGGCGTCCCAGTAGGTGTTCCACGTGTCGTCGTTGGCGCCGGTGTCGCCCGCGTGGGTGGCGTCGGTGCGCGAGCCCGTCGGGGTCGTGTGGAAGGCGACGCCGGTCGTGTTGTCGTTGTAGGTGTCGAGGCTGAGGTTGAGGTAGTCCGTGGCGAGCGTGCTGAGGTCGCGCGCGAACGAGGCGGCGAAGACGGCCTCGGGCGGGGCGTAGCACCGGCACGAGAGGTAGACCGCCTCGTCGTCGTAGGCCAGCCGGATCTCGGTCGGCTCCGACGGCGCGTCGCCGAACGTCGGCCAGTGCGTCACCAGGTCGAG
NZ_CP177357.1_gap87	3606403	3608831	2428	CCGGACGAACGTGCAGCGGATGCAGGTCGCCTCGCTGCCGGGCTCGAGCCGGATCGCCCCGCCGCGCGCGTAGCCCCGCGTCGCCCCGTTGCCCCGGAACGCGGTGTCCCGGAATGTCGCCGAGCCGCTGAGGACGAAGACGGCCCCGCCGCCCCCCGCCGCCTGGCTGTTCGCCGCCACGTTGTCGACGAACGCCCCGCCCTCGGCGACCAGCGCGCCGCCGTCGCGAACGAAGACGGCCCCGCCCGAACTGGTCTTGCCCTCCCGGAGCGTCAGCCCGAGAAGCGTCAGCGTCCCACCGTCGACCGTGAACAGCCGGTCCTCACCGGCCCCGGCGACCACGACGCCGTCGGCCCCGCCCCCGATTGTCATCCGCCGGTTGACCACGAGCTCGGTCGCCAGCACGATCTCGCCGTTCGCCAGCGACGCGTCGAACACGATCTCGTCGGTCCCGTTCTCCCCCGCCACACACCCGTCGACGGCCACGTCGGTGTCGGCCGCCTCGACGGCCTCGCGCAGCGAGCAATCCCCGTCGGCGTTGAGCTCGTCGTCGAGCGTGTCGACGGTGATGGTGGCCGCCGCCACGGCGTCGGCGCAGAGGAGGGCCGCGCCGAGCGCGAGGACGCGAGACAGAGGGGCGAGGGGCATCGGTCCGAGGGGAGGAGACGTAGGGAATGGAACGGCTGCACAGGGCGGCCGATACGCAACTTAAACGCAATCCTTTTAAGGACCTATGCCCGACCCCGCCCCTCGCCGAGCCCCAAAAAAGCGCCCCCGCCGGCCAGAGCCAGCGGGGGCGCGAACAAGCCCTGGGGATGCGCTAGCGCACGACCGTGAGCTGGCGCGTGGCGACGCCCTGCGCGCCCGCCAGCCGCACCACGTAGACGCCCGACGCCAGGCCCGACACGTCGACCGGAACGGTCTGCACGTCCGACGCGGCGGCGAGGCCGTCGAAGACGGTCAGCACGCGCTGGCCGAGCACGTTGAACACGGCCACCTCGACGCGCTCCGCCGTAGCGACGGAGAACGACAGCGTGGTCCGGCTCGTCGTCGGGTTCGGCGCCGGGGCCGCCAGCGCGAACGCGCCGGCCTCAGGGCCGTCGCCGATGGCGACCGGCGAGGCGCCGGCCTCGAACGCACCGATGTCGTCGGCCGAGAACCGGCGCTGGCGGTTCCGCTGGTCGACCTCGAAGGCCGAGTCGCCCGCGTTGAGCGCCGCGCTCGACGGCAGCAGCGCGTGCGTCTGCGTGAACCCGCCGTTGTCGGCCAGCGCCGCCACGCCCGGGTTGACGCCCGAGATGTTGCTCGCGGTCTCGCCGGTGACGGTGCAGTCGTTGAGCGACTCGATCAAGTTGTTGCCGGTCGAGACGAACGTGCCGTCGCAGTCCGCGCCGGTGCCGCCCGCCGTGTTGTCGCCGAGGAGCACGTTGTCGAGCGTGAACTTGGCGGTGCTCGCCGAGAGCAGCCCGCCGCCGTCGCCGCCGGCCGTGTTGTTCACGACCGTCACGCTCGAGAGCGCGAGGCTGCCGCCGTTGTGGTCGTAGACGCCGCCGCCGTCCTCGTCGGACGTGTTGCCCGAGACGGTCGAGTTGTCGAGCGTCAGGCGCGCGCTCACGTTGATCCAGAGCCCGCCGCCCTCGGTCGCCGTGTTGCCCGAGAACGTGCTCTGCTCCACGCGGACCACCGAGCCGCCGCCGGCGTGCAGGCCGCCGCCGTTGCCCGGCGCCGCCGTGTCGATGGCGTTGTCGGCGACGGTCACCTGGCGGAGCGTCACTGTGGCCACGTCGTCGGCGTCGGTCGTCAGCACGTCGTCGAACAGCTCGATCCCCGCGCCAGCGCGGTTGGCCGTGTTCTCAGTGATCTCGCTGAACGCCAGCGAGGCCACGGCGCCGTCGGCGACGAGGAGGCCGCCGCCCGAGCCCGACGCGCCGGTCGCCGCGTTCCGCGCGATCCGCGCGTAGCGGACGCTCGCGTCGCCGCCGGTCTCGACGTAGATCCCGCCGCCGCCCGTCCCAGCGTCGCCGCCGGTCGCGGTGTTGTCAACGATCGTCGTGAAGGCCGTCCGGTCGCCGTCCTCGGCGTCGTCGTCCTCCGGGTCGTCGCCGTCGGCCCCGCCGTTGATCGTCAGCGTGCCGTTGCTCCACAGCCCGCCGCCCTCGACGGCCGTGTTCTCATTGACGGTGCTGCGCGTGATCGTCACGTCGCCGCCGCCGCTGTGCAGGCCGCCGCCGTTGCCCGGCGCCGCCACGTCGATCGTGTTGCGCGTCAGGCGCACGTCCGTCAGCACGACCGTCCCGCCCGCGTCCTCGATGCCGCCCCCGGCACGGTTGGCCGTGTTGTTCGAGACCAGCGTCCCGTTCAGCGTCAGCGCGCCGGCCGAGAAGAGGCCGCCGCCCGAGCCCGAGGCCCCGCTGGCGACGTTGTTGGA
NZ_CP177357.1_gap88	3617016	3618190	1174	CCGCGACGCCGCCCGCCCACGACAGGCTGACCAAGAGCGGCAGCGTCAGCAGGATGGCTGTCACCGGCGTCCGTAGCAGCTCCGCGCCGACGACGCGCCACACGAACCGCCCGCCCGTCCGCGCCTGGATCGACTTGTACAAGAAGTACAGCACGACCGCCAGGATCACCGACAGCACACCCGCGCCAAACGAGTTGCGGACGTCGTTCGTGATCGACTGGACTTCGATGGTCTGGCGCAGCAGCCGGCCCGCCGCCGTCACCTTCATCTCGGGGTGGAAGCGGGTCGGGTCCACCTCGGCAATCGTCGCGTCGAGGTCGGCGTAGAGCTGCTCGACGAATGCGATGTCGGTCTGCGAGCCGGTCGGGTAGAACTTGACGACCAACGTTGTCGAGTCGGGGCTGACCGAGTACTCCGTCAGCGCGAGCTGGGCGAGGTCAGCACGCAATCGGTCGCCTTCCTGCTGGCGGGCCATCCGCGCGCTGTCGGAGGCCACGCTGAACAGGTCCATCCGGAGCGGGTCGGTCGCGGAACGGACCTGGAGCGCCTGGTCTCTCAGAAACCGTTCGAGTCGGTCGAGCTCGTCGTAGGTCGCGAAGTAGAGCGCGTTCTCCGAGATGAACCGGATGTCGCGGCGGAATTCGCTCCGGGTGAAGTAGTCGCCTTCCCCGTCGGGCCGCTCCATCGCCATCACGGCCGGCACGAAGGCCTCGGCGAAGGCGACATTCCGAGCGAACGACGGACTGTAGATCGCCACGTCGACCGTCGTCTCGGCACCGACCGTTTGCTGCAGCCGCTGGATCGCCTGGACGCTCGTGTACTCGGGCGGGAGCAGCGTGATGATGTCCGCGTCGACGCGCAGGTCGGTCGCCTTCCACATCCCGAGCGCCGCCAGCACGAGCGCCACAGCCAGCACCAACACAGGGTGCGAGACCGTCCACCGGGGGATGACGCGGAGCTTCTCAAACACGGGCAACGCAGCGCCTCAGCGCCGAAAAAGGCAGAATCGGTTTCACGTGGAACGCTAGACGGCGACGCCCACGAGGTGGAGCAGCCCGCCAGCGGCGGCGGCCCCGACGACGAGCGCGACGACGTTGACGCCACGCCAGAAGACGAGGCCCGCTGCCGCGACGGAGATCAAGATCGCGCCGGGCGTGTCGATGGCACCGACCGC
NZ_CP177357.1_gap89	3620775	3625718	4943	GGAGCTCGGGGTGCAGGAAGGTGTTCCCCTCGACGAACCCCTGGCGCGGGTCCTCGCCCAGCACGATCCCGTCGATCTGGCCGAGGTACGGCTCCGCGAGCACGCGCTTCTCGCCCTGGTACTGGGCCGCCAGCTGGGGGATCGTCTGGGCCCGCTCCGCCGGGTTCGGGTGCGTCGACAGGAAGTTGGGGACGGCAGAGCCCGAGTTCTCGCTGAGCCGCTGCAGGGCGACGAAGAAGCGAGCTGCTTGCGCCGCGTCGTAGTTGGCGAACTCCGCGTACGCCACGCCGGCTTGGTCGGCCTCGCGCTCGGCGCCGCGTCCGTACTTGAACTGGAGCAGCTGAAGCCCCGTCCCGCCGTACTCCAGGATCCCCTGCGCGACGTTCCCGCCGCCGACGACGCCGCCGAGCACGGCCGCGCCGATCAGCCCAAACTGGCTGAGCTGCGCGCGCGCCGCCTGCTCCGACGAGTGCCGCCCGAGCACGTGCCCGATCTCGTGACCGAGGACGACCGCCAGCTGGGCCTCGTTTTCGAGGTACGCCAGCAGGCCGCGCGTGACGTAGATGTAGCCACCCGGGAGGGCGAACGCGTTCGGCACGTGCGAGTCGAGGATGCGGAAGTAGAACGGCGTGTTCCGGATCTCCGACGGTGTGTTCGGGTCGGTGTAGGCGCTCGTCTCAAGCACCTCGCGGGCGATCCGCTCGACGTAGGCGTTCAGCGCCTGGTCGGAGTCGTAGAGGCCAAACTGGCTGGAGATCTGGCCGTCGGCCTCAGTGCCGAGCTGGACTTCTTGGGCCCACGTGTAGGCCCCGCGCTGCTCTTCGCCGGTGACGTAGTTGACGTTCGTGGTGCCGCAGGCGGCGACCACGAGCAGAAGGGGCGCCGCGAGGAGCGTGCGCATGCGATGGGAGAGGGTCATGGCGAAACGGGCGTGGTGAGAGAGGAATCCGCGAGAGAGAGGGCGCCCCGTTCCACGTGGAACGCGCGATGGGCGTCGGCATCGAACGGCACGACCCCGCCGAAGGGTTCTTCGCGTGCGGCCGTGACAAACGACTGACCGAGGGTTTGTGACGCGAGCAGCTCCAAGACAACGTCGGAGCGAGCCGGGTCGAGCGGGCCGAACACGTCGTCGAGCAGGAGGATCGGCGGCTCCTCCGTCCGGGCGCGGAGGTACAGCGCCTGCGCGACGCGGACCGCGAGGGCGAACGTCCGGTGCTGACCCTGCGAGGCGTACGGCCGCAGGTCGAACCCGTCGATCTGGAACAGGACCTCGTCGAGGTGGGGGCCGACAAGCGTGCGGCCGAGGTCGCGGCTGCGGCGGCGCGTCCGCGCGAGCGCCCGGCGCAGGGCCTCCGTGTCGTCGGGCTCGGGCTCCCCGCTCGACGGCTGATACGCCAGGCTCAGGTCGCCGCCGGGCTCGCCGAGGAGGGTGTACGCCTCGACGAGGAGCCCGGCGAACAGGTCGAGGAACGCGCGGCGGCGCTCGACCACGCGCCCCCCGAGCAAGGCCAACTCCTCGTCCCACGCGTCGACGGAGCCGGGCGCGAGCGGGCGGCCCCGACGGGCTTGCTGGAGGAGCGCGTTCTTTTGCTTCAGCGCGCGGCGGTACTTCAGGAGGTCATCGAGGTAGACCGGATACGCCTGACTGAGCGTCGCGTCGAGGAGTTTGCGGCGCTCGACGGGGCCGCCCGCCGTCAGATCGCGGTCGTCGGGTGAGAGCACGACGCAGGGAACGCGGCCTACCAGTTCCGCAAGCCGCTCGGCGGGGGCCCCATTGATGAAGGCCCGCTTCCCCTCCCCCGGCACGAACGCGACGCGAATCTTGACGTCCGCACGGGTCTCGCCTTCGAAGTGGCCCTCGACCGTGAAATGCCCCGCTCCCCGCTGCACGACCGTTGAGTCCTGCGCACCGAGCACGCTTTTTCCAAAACACAGGTAGGCGAGGGCTTCCAGCACATTCGTCTTCCCGGCTCCGTTGGGCCCGACCAACAGGTTCACGCCCGGGGCCGCATCGAAGGCCGACGAGGAATGGGCCCTAAACTGGGTCAACGAGAGGTGACGAAGGCGCACGAAGAGGATCGAAATGGTGACTGAGTACCCGTCCGCGGTACCGCTTGTTCGCTACCCTGCAGCGGCCGCCCCACCCCGCCATGTCGCCCTTCCCCGCTCGACTCCTTGCCGTGGTGCTGCTCACGGGCGCGGCCTTCGTCATGGCTCAAACCGACGAGGAGGGAGCGTGCGAGGCCGACCGCGAGCTTTTTTCGGAGGCCTACCGCACCGATCGGATGACGGGAACGCCTGAGCGGCGTGCTCTCCTGCGCCGACTAGGGCCCCTCATCGACCGATACGAGGCGATCGCGCCGGTGTGCGGGGGGAGACTTCGTGGCCACGAGGCGTTTCTCTACGTCATGGACGAGGAGTACGAGACGCTGATCGACACAGCCGAGCGGTACCTCGCCGGGCCCGGTCAACGGACCTCGGCCAAGTCCCAGGTGGCACTCTACCACCAAATCGCCTACGCCTACTCGCGCCTGGACGAACCCATCCTGAGCGTGCAGGCCTATTTCGACGGCGCCGCTCGCGCCCACGACGCGCCTGCCTACGACGGCTCGCGCGCGCTGATCGTGGCGGCGTCGGCGGCCCGCCAGCTGGGGGATGCCACTGCCGCTGAACGGTACCTCGACGCGGCCTTCTCGCTGATCGCCGACAGCCTGGAGTCCGACCCGAACCTGGCCCCGATCCTCGGGCAGGCCCTCGTCGGCCAAGGGTTTCTCACCGAGACCCGGCTCGAGGAGGCCCCGGCCGGACAGCGGCCAGCACTGATCGCCGACCTCGAGTCAACCTCACGGGAGGCGTTCGAACTTCTGCCCGAATACAGCCAGTGGGCGGGCTTCAAGGCGCTCGCGGCCAACCAGTTCGCACTCGCCGCCGCGCACGACGGCCGCCACGACGAGGCGCTCCGGAGGCTGGCGCCCTCGTTCGAGTTGGCCCGCCGGACCGGGGGATTCCTGCCGTCGGCCCGGTACGAGGCGCTCGTCACGAGGGGCGAGATCCAGTCTATGGCGGGGGATGCGCCAGGGGCGGCCCAGTCGTTCCGGAGCGCCCTCGACGACGCTCGCGGCCGGGGCGCCACCGCCGGGCTGGCGTCCGCGCTGGAGCGATTGGGCGGGCTCGCCGAGCAGCGGGGCGATTTGCGGGAGGCCCGTGCCGAATACCAAGAGGCGATCGCCCTCATCGACGCCCGGCGAAGCGTGCTGGGCCTGAGCGACTGGAGCACCTCGGCGTTCGTCACCGACCAGGGGCCGTACCGGGGGCTGGCGCGGATCCAGATCGCCGAGGGCGACGTGGCGGGCGCCTTCGCCACGATCGAGCAGACGCGCGCACGCTACCTCCTGGACCTCCGCCGCCACCTTGCCGTCCGGCGGACGCTCGGCCCCCACCAGCGCGCCGAGGCTGACAGCCTCAGCGCGCGGCTTGCCGAGGTTCGACTGGCGGCCATCGATACGCCCGACGCCGCCGCACAGGCTGCCCTCGCCCGAGAGGCGTCGACCCTGAGGCAGGTGCTGGCGGAGCTCGCGCCCCTGTCCAACGCGGCCCTCGACTCTCTCGACGTCCCCGCGCTCCAGGCCGAGCTCGGCGAGCGGACACTGCTCTCGTATGCCTTGGGCGAGACCGCCAGCACGGTCTTCGTCCTGCGCGCCGACACCCTGTTGGCGATCCCCCTTGACGCGACGGTCCCGACCGTGCGCGCCTTGCTGCGCGAGGCGGGGTCGGTGTGGCGGGGCGCCGCGCCCGGCCCGGCGTTTGCGCTCGGGCCCCTCCACGAGTTGTACCAGCGCTTGGTCGGCCCCGTGCGCCCACACGTCACCGGCGCCACGGTCACCGTCATCCCCGACGCCGAGATCGCGAGTCTCCCGTTCGCCCTCCTGCCGACGGCGCCGGCACAAGACTACGCGTCCGCCGACTACCTGCTGCACGACTGGACGCTGTCGACGGAGCTGTCGGCGTCGCTCGTCGCGACGGCGCCGGCGCCCCGGGCGGGCGGCCCTGTGCTTGCGCTGGGCCGGAGCACGTTTGAGGGTTTCACGTGGAACGATGCGCCGCTCGACGCGCTTGCCCACGTCGACACCGAGCTCGACGCCGTGGGGCGCTACGGGACGGCGATCCGCGACGCGACCGAAGCCACCTTCGACAGCCTGGCCGCGGGCGCGCGCGTGATCCACCTCGCCTCGCACGCACAAGCCGCGTCGGAACAGCCGCTGTACTCCCGGATTGCGCTCGGCGCTGGCGACGGCGAAGACGGGACCCTCCACCTCTACGAGATCCTGGAGACCCCGCTCGCAGCCGACCTCGTCGTGCTGAGCGGCTGCGACACTGGCGGCGGGAGCGTGCGCGGAGGCGAGGGCGTCGTCGGCTTGGAGTATGGCGTCCGGGCTGCCGGAGCGGCAGCGGCGATCGCGACCCGGTGGGCCGTCGCCGACCGGGCGACCGCCACCATCATGTCGACGTTCTACGAGAAGCTCGCCGACGGCTTGCCCAAGGACGAGGCGCTCCGCCAGGCGCAGTTGCTCTACCTCGCCTCGAGCGAGGGACTGTTGGCGAGCCCGTTCTACTGGGCCGCGCCAGTGCTGTCGGGCAGCCCCGCGCCGATCCCCCTCGACGGCGGGACAAACTGGTGGCCCCTTCTCATCATCGTGGCCACCCTCGGAAGCGGGCTAGCTTGGCGCTACAAACGAACCCGCCCCCATGCCTGACGACCGCCCCGCCCTCTTCGACGAACTCCAGACGCTCACGACGGAGACGCGCAACCCGCGCACGATGGGGATCGACACCGCCCCCCTCGCGGAGGTCGTGCGGCTGCTCCACGAGGAAGATCAGATCGCGGTCGACGCCGTAACCCCAGAGCTCCCGTACCTCGCGCAAGCGGTCGAGATCATCGAGGA
NZ_CP177357.1_gap90	3701824	3705797	3973	GGCCGTCCGCTGCCACGGCGCGGCCACGAACGTCCACCCGATCTCGACGCGGCGGTGGGCGGCGACGTAGTTGCCGAACCGCGTGCTGCCGACGACGCGCCCGCTGGCGACGTCGATGGTGGCGAACGGGAGCGCCGTGCCGTCGGCCTGCATGGCGAGCGCCGTGTCGACGTAGGCCTCCAGGTCGGCGCGCGAGCGGACCGTCGAGGCGGTCCAGGCCCAGAGATCGGGGTCGAGGGCGACCTCGGCCAAGGCGTCGAGGTGATCGCGGGTGAGCGGCTCCAGGCGGACGTGGGCCCCTTCGAGGACGGTCGGGGTCATGGGGCGGCGGGCAGCCCGTGGCGGTCGAGCCGGGCGCAGAGGTGCCACGCCCGCGCGCGGACCGACGGGGCCGGATGGTCGAGTGCGATGTGGAGACTGGGGACGATGCCGGGCGCGAGGCCCGGGTGCGCCACGGCGACGGCCGCTAGCGCGCCGAGCAGGTTCGCCTGGTCGGCGGGGCGCGAGCGGTCGAGCCGGCCGAGCGCCCAGCCGGTCGCGCGCCGGGCCTGGGCCGGGGTGAGGGGCACTCGGGACACGAGCCGCGGAAGCAGGCGCCGGAGCATCCCGCCGGTCCGGTCCGCGTCGGCGACGGCCAGGAGCGCGTCGGCGTGCGGCGCTAAGCGACTCGGGGTCGACCGGGTCGCCACGTCGAGCGCCCACGCGCTCCGGTTGCGGACGCCCTCGTCGGGATGCGCCAGCCCGTCGACGACGACGGCCACCGCGTCCGGATCGTGCGCGATCTCGGCGGCCACCTCGCGAGCGGCGCCGATGGGCCCCAGCGAGCGGTCGGCCAGGCGGAGGTGGAGCGGGTGCACGGCCTCAGCGGTAGCGGCCCTCGGAAAAGACGGCGCGGATGTCGGCGAGCACCTCGCGGTCGATGCGCAGCGTCTCGCCCGCCCCGAGGTCCACGTCGGCCACCTCGTCGATACGGAGGTCGTAGTTCTCCCACCCCATGTAGTCGGTCAGGATGCGCTGGAATTCGGCGTCGACCACGCCGTCGGCCGGGCCGTCGTACTGGAAGCTCCGGGCGATCCAGATCTCCTGGAGCTCGCGTGCGATCGCCGGCGTCACCTCGATCATGTCGGCGGGGTCGGAGTCGGTGAAGTACAGGTCGTTGAGGGCCACGAGCCGCGCGAGCTCGGCGAGCGGCGTGAGGTGGTCGTAGACCGAGATGTCGACGATCACGTCGGACCCGTCGTAGCCGGCGCCCTTGCGGTGGACGACGAGCGCGGCCGACTGCTCGCCCCGCTTGTCGCCGCCGGCGCGCCCGCCCGCCAGCAGCGCCTCGGTGAGCCGCAGGGCGAGCGTGCCCGTGCTGGCCTCGAACGTCTCCGCGATGGCGTCGACGGTCGCCTGGGACACCAGGATGTTGCCCTGGGCCGCGTACCCGTGCCCGACGGCGACCACGCCTGGCGCGGCGACCGCGTCGCTGCCGCCGACACGCCCGCCGCGCCACGCGAAGGCGTCGGCGCCGGTGAAGGTGGCCGCGTTCCCGCGTGCGTCGACCATCCCGACCTGGCGGGCGCCCGTGTCGGGGTCGTTGCGCATCGAGACGCGGAGGGCCTCTTGGGCCGTCGCGCCCTGGCGCATCAGCGCGATGCCCTCCGGCCCGTACGCGAGGCGGGCAAACGACTGGGTGGCGACGGCGCCGACGCCGGCCACGACGGTCGGGACCATGAACCGGACGTTGGGGAACTTGCTCTGGACCGCGACCCCGATTTCGCCCGTGGTCGTGTCGACGGCGACGATGGAGAACGTCGACACGAGCGGGTCGCCCGCCGCATTCCGGACGACCTCGGGCTCGCCCGAGGACGGCGCGCAGCCGCTGGCGACGAGGACGGCGAGCGCGGCGAGGGAGACGAAGCGGGCGGGGTGCAGCGTTCGCTGCGCGGTCACCTTCCGTGTGGGCATCGGCGTGGGCGGTGTGTCCACGTATTCTACCCGCCATGCCTGCCGTGCGCTCTCTTCTTCTCTGCCTTCTGGTCGCCGTCTCGGGCGCCGCCTCCGCCCAGGGCGACCTCCAGGTGGCGCGCCTGCAGTACGGCGGCGGCGGCGACTGGTACTCCGGCGACCCGCTCCCGAATCTGCTCGCGTACGCCCGCCAGCACACCCTCCTCGATGTCGACGTGGAGCCGGTCACGGTCGACCTCGCCAGCGACCGGCTGTTCCGGGTCCCCATCTTGTACATGAACGGGCACGGCAACGTCGCCTTTACCGAGGGCGAGGCCGCGCGGCTGCGGCGCTACCTCGAAGGCGGCGGCTTCCTGATCGTCAACGACGACTATGGGCTGGACGACGCCGTCCGCCGCGAGCTGGCGAAGGTGTTTCCGGGGCAGGCGCTCCAGCCGCTCCCCGCCAGCCACCCCGTCTACCGCGCCCACTTCGCGATGCCGGACGGGCTGCCCAAGATCCACGAGCACGACGGCGAGCCGGCCGTCGGCTACGGGCTGTTCCACGAGGGCCGCCTAGTCGTCTTCTACGCGCACGAGAGCGATCTCGGCGACGGCTGGGAGCCCGCGGGCGTCCACCCGGACCCGCCGGCCGTCCGCGAGCAGGCGCTGCGGATGGGCGTCAACCTGCTCGTCTACGCCATGACCCAGGGCGTTCAGTAGTCGCCGACGGCCGGTGCCGCGCCGGATCCGCGCGGTGAACCGGCCGCCGCCGTGGCCGGCGCCGCCGACGCCTAGCTTGCGGCCGTCGCCTCTCCCCTGCCATGACGCCCGGACGCATCCTCTTCGTCGGCCTCCTCCTCCTCGCGGGGCTGCTCTTCGTGCTCAACCCGGGCCCGGACCGGTTCCAGGAATACCTCCAGGAAGAGGCCGCCGAGCGGGCCGGCCGGCGCGGCTCGACGGGCTTCCTCAACGAGCGGCTCGGCCGCGTGGCCGGCGGGCTCGCCGACGACGCCTTCGAGCGCGAGGACCTCTACCTCGCCAGCATCTACGAGGCCGACCTCAACGGCCGGATGCCGGGCGGCGAGTGGCGCTACCTGGGCGTCGCGGGCTGGTTCTTCGTGCTCGACTCGCCGGTCGACGAGGAGTAGGCGTCGCCCCGCTGGCGGACCCGCCGCCGCGACGGTTTTCACTCGGCGCGAAACGGGAGACGCGGACCGAGGCGCGCGCGGCCGGGTACTTTCTGCGATCCACCGATGCCGCCCCCGATGACCGCCCTCCAAGAGACCGACCCCGCCGTCTACGACATCGTTCGCCGCGAGGTCGAGCGCCAGAACGACGGCATCGAGCTCATCGCGTCCGAGAACTTCGTGAGCCCCGCCGTGCTCCAGGCGAACGGCAGCCCGCTCACCAACAAGTACGCCGAGGGCCTGCCCGGCAAGCGCTACTACGGCGGCTGCGCGGTCGTCGACGAGGTCGAGACGCTGGCGATCGAGCGCGCCAAAGAGCTTTTCGGGGCCGACTGGGTCAACGTCCAGCCGCACTCCGGGGCGACGGCCAACAGCGCGGTCTACCTGGCCTTCATGAACCCCGGCGACCGGCTGCTGGGCCTGGACCTCGCGCACGGCGGCCACCTCACGCACGGCTCGCCGGTCAACTTCTCGGGCAAGCTCTACGAGCCGCACTTCTACGGCGTCCAGACGGAGGGCCCGAACGCCGGCACCATCGACCTCGACGACGTCCGCGCCAAGGCGCTCGACGTCCGCCCGACGATGCTCTCGGTCGGCGCCAGCGCCTACAGCCGCGACTTCGACTACGCCGCGCTCCGGTCGATCGCCGACGAGGCCGGCGCGATCCTGTGGGTCGACATGGCGCACACGGCCGGCCTTATCGCGGCCGGCCTGCTCAACGACCCGCTCCCCCACGCCCACGTCGTCACGACCACGACGCACAAGACGCTGCGCGGCCCGCGCGGCGGGATGATCCTGGTCGGGACCGACGCGCCGAGCCCGACGGGCGAGACGTGGGTCAAGTCCGGCAAC
NZ_CP177357.1_gap91	3826745	3830534	3789	TCCATCCCCACCACGTCCGGCACCGTCACCTCGCGCCGGGTGTCGACGCCCGGGCTGATCCACAGCGTCACGCGCGTCCCGACAGGTACGCGGCTCTCCGCCTCAGGCAACTGCCGGGTCACCGTGTTCTCGTACGGCGTCCGCACCGAGTCCGTCTCGACCCGTTCGACCACGAGCCCTCGGTCGCCGATGTCCTCGCGCGCCTTCCCCTCTGACAGCGACACGACCGACGGCACGACCGCCAGCTGCTTGGGGCTCTCGTTGACGTAGTAGTAGATGCGCCGGCCGGGCTTCACCGTCGTCCCGGCAGCCGGACTCTGGTCCACCACTACGTCGGCCGCGACGTTCGGGTTGAACGGCTGGACCTGCTCCTCCCAATCGAGACCCGCCAACAGGAGTGTACTCTGCGCGTCGTCCGGCGCCAGCTCGCGGACGTCGGGCACGGTGACGGCCGCGTCGTGTCGGGTCCAGATCGGCATCACGGCCAAGTTGAACAGGAGAGCGAAAGCCACGAGCCCAGCGACGATCGCGCCGAGGCCGAGCCAGAAGGCACGGTCGGTCAGCGTCGCGCGGAGGCCCTTCGAATCGGAGCGTGCCATGCGGTACAGGGGGTTAGCCCACGCGGCGATCGCGCGGGCCCAAAGATAGCCGGAGGGCGACCCTGTTCAGCCTCACACCCGCCTCACGTCGTCTCCTTCGCGTGTGCATGGACACCCCCCGACCGGACCGGTATCATGGCATCCGCAGCAGGGACGGCGTCGTCCGCGACTCGCCCCGCTGCTCTGTTCTATACCGGATGACGGACCGCGATCGACCGCCGATGCGCACCGCAACGAAGGGTTTGTGAACCCGACCGCGCGGCTTGCCAAGGCCCCGTTCGCACCCGTACCATGGGCTCCCCTCGAAACGGGGGCTGGGGCTTCGCACTCGCCGACTCGTTCGGCGCTCGACTCAACCGAGAAGAGAAAACGAAGCGCTTGACGCCCGGCTGCGGAGTCCGTAGTTTGGCAGGACGCCCCGGAGGCAAGGCTGGTTCGCCAGCGCCGCCTCCATCGGCACCGTTCCTTGAGAGATTGGAAGCATAGCGAGCCCTCGTCGGCCGCTCGATCACTGGCTCCGCCAGCGGTCAGCGGACAGACGAGACAAGTCAAAACCGGATCTCTTCGGAGATCCAAACACAAGCTCAACAGCAGGCGATGTCTGAGAGGATATCGCAACTCGGACTTTCGGTTCGGTCTTCGGACCGGTCGAAAGGCCACTCGATCCCTGAATTGGTCTTCGGACCAGGCAGGAGATCAGATTCTTCTACTACGGAGAGTTTGATCCTGGCTCAGGACGAACGCTGGCGGCGGGCTTAACACATGCAAGTCGAACGAGAAAGGGGCCTTCGGGCCCTGAGTAAAGTGGCGCACGGGTGAGTAACGCGTAGGCAATCTGCCCTCAGGCGGGGAATAACCACGGGAAACCGTGGCTAATACCACATAACGTCGGATGTCCGCATGGACGACCGATCAAAGGCTTCGGCCACCTGGGGATGAGCCTGCGTCGGATTAGCTAGTTGGTGGGGTAACGGCCCACCAAGGCCACGATCCGTAGCGGGTCTGAGAGGATGATCCGCCACACTGGCACTGAGACACGGGCCAGACTCCTACGGGAGGCAGCAGTGAGGAATATTGCGCAATGGAGGAAACTCTGACGCAGCCACGCCGCGTGCAGGAAGACACCCCTCAGGGGCGTAAACTGCTTTTATACGGGAAGAACACCTCCTTCTGGGAGGCCTGACGGTACCGTACGAATAAGGACCGGCTAACTCCGTGCCAGCAGCCGCGGTAATACGGAGGGTCCAAGCGTTGTCCGGAATCACTGGGTGTAAAGGGTGCGCAGGCGGGCGTGTAAGTCAGGGGTGAAAGCCACCGGCCCAACCGGTGAACTGCCCTTGATACTGCACGTCTTGAGTCCCGGAGAGGCTATCGGAATTCGTGGTGTAGCGGTGAAATGCGTAAATATCACGAGGAACACCTAATGCGTAGGCAGATAGCTGGACGGGTACTGACGCTCAGGCACGAAAGCGTGGGGAGCGAACAGGATTAGATACCCTGGTAGTCCACGCCGTAAACGATGGATGCTCGATGTTGCACCGCTTCAGGTGCAGTGTCCAAGCTAACGCGTTAAGCATCCCACCTGGGGAGTACGATCGCAAGGTTGAAACTCAAAGGAATTGACGGGGGCCCGCACAAGCGGTGGAGCATGTGGATTAATTCGATGCAACGCGAAGAACCTTACCCAGGCTCGAACGCTACCGGACAGGCCCTGAAAGGGGCCCTTCTTCGGACTGGTAGCGAGGTGCTGCATGGCTGTCGTCAGTTCGTGTCGTGAGATGTTGGGTTAAGTCCCGCAACGAACGCAACCCCTATCGCTAGTTACCAGCGGGTAATGCCGGGGACTCTAGCGAGACTGCCTGCGCAAGCAGTGAGGAAGGTGGGGACGACGTCAAGTCATCATGGCCCTTACGCCTGGGGCTTCACACGTGCTACAATGGCCGGTACAATGGGCAGCCACTCCGCGAGGAGGAGCGAATCCACAAAGCCGGTCTCAGTTCGGATCGGAGTCTGCAACTCGACTCCGTGAAGCTGGAATCGCTAGTAATCGCGTATCAGCAATGACGCGGTGAATACGTTCCCGGGCCTTGTACACACCGCCCGTCAAGCCATGGAAGTTGAGGGCGCCCGAAGTCCGTGACCCAACCTTAGGGAGGGAGCGGCCGAAGGTGAACTCAGTGACTGGGGCTAAGTCGTAACAAGGTAGCCGTACCGGAAGGTGCGGCTGGATTACCTCTCATAGAGCTCGACAGCTCCTCTATCCGCAGCCTCGCGCTGGCGGTCGACATGGGCTCGCTATGCTTCTCTCTCTCAATCCGGTGCCACAGGGCATTCGGCGGCGTTTCACAGTGACGGCTCTTGGGCCTCGCTATGTTCGTCTCCCGGACGGTTCGCCGTCCACGAGGCCTCGGCCTCTGTTCTTTTAGACCGTTGTTGGTCCGCTCCCACCGGAGCGACCGTCCAGCCCACGCCGATGGTGTGACGCGGGACTGTAGCTCAGGTGGTTAGAGCGCACGCCTGATAAGCGTGAGGTCGGAGGTTCAACTCCTCCCAGTCCCACCGCTGGTTTGCTTTCGAGCTTCCAGTCACGCTTATCGGGGCCATAGCTCAGTTGGTAGAGCGCCTGCTTTGCAAGCAGGATGTCGGGGGTTCGATTCCCTCTGGCTCCACTCCCTGACGCCCGACTCCCTCAATGGGGTCATGACCTTCGGGTCGGGGCGGCAGACTGGGTCTCTTGAGACCCGGACGGTTCCTTGACATGTTGATAGCCGTAGCAAAATTGTATTAGGTCGAGTCGACCTCCTTCGGGAAGTTGGCTCGTCTCGCTGAGAAAGATCATCGAGCGCTCTGGAACATCTCCAGATCGTACGTAGACTCATATGAGGTCGCATCAAGCGACTAAGAGCACACGGTGGATGCCTTGGCACAAGAAGGCGATGAAGGACGTGATAAGCTGCGATAAGCGACGGGGAGAGGCAAATACTCTGCGATCCGTCGATTTCCGAATGGGAAAACCCAGCAGGCTGAAGGCCTGTTACCTGCACCTGAAAACATAGGGTGTAGGGGCTAACCCGGGGAACTGAAACATCTAAGTACCCGGAGGAAGAGAAAACAATAGTGACTCCCTAAGTAGTGGCGAGCGAACGGGGATTAGCCCAAACCGGTGGCATTTCGGTGCCGCCGGGGTTGT
NZ_CP177357.1_gap92	3838438	3840163	1725	TCATCGGCATCACCGCCAGCCGCGTCGCCGAGAAGTTCCACCGCCCGACCGTCTTGCTCACGTCCGGCGGGGCCACGGGCCGGGCCAAGGGCTCCGCGCGGTCGGTCAAGGGCATCTCGATCTACGACGCGCTCGCGCAGTGCTCGGACCTGCTCGACCGGTTCGGCGGCCACGCCTTCGCCGCAGGCCTCGCGCTCCCCATCGGCCAGGTCGACGCCCTCCGCGAGCAGCTCCAGACGGCCGTCGGCCGCGCGGTCACCGAGGCCGACCTGGTCCCGGAGATCGAGTTCGACGCGCCGCTCCACTTGGGCGACGTGTCGCCCCGGTTCTGGAGCGTCCTCAAGCAGTTCGGGCCGCACGGCCCGGACAACCTGCGCCCGATGTTTTGGGGCCGCGGCCTGCGCGTCGTCGGGCAGCCGTCGTGCGTCGGCGCCCAGAAGCAGCACTTGCGGATGCGCGTGGCCCAGATCGACGGCGGGCCCGTGTTCTCGGTGATCGGGTTCGGGCTGGCCGAGAAGCACGAGGCCGCGCTCACCAGCGTCCGCCGCGGGCAGCCGCTGGAGCTGGCGTACCAGGTCGACGAGAACACGTGGAACGGGCGGACGACGCTCCAACTCCGCGCCCAAGACCTCCGGCTGCAAACTGGGGAATAACAGAGGGGCGGTCGGGAACGCCCTTGAAAGAGGGGAGGGAAGTCGGTGCCCGACCTGTAGGACGGGCCCGCACGTTGCCGCAAGCGGGGACTTCGGGTGGGCCAGGGGGAGTTCGAGCGGGTCTCCACTCCTCTCCCCCCACTCCATGTCCACGACCCTCTCTCAGGCTGGCGTCTCGCCGACCAGCCGGCGCGAGTTTTTCAAGCGCGCCGGGTTCGGTGCCGTCGCCGTCGCCGCCGCCTCCACGCTGGCCGCGTGCGACTCCGACGACCCGACCGACGGCGACGTCGTCACGCTCGACTTCTCGAACGACTTCGGCGTCCTCAACTACGCCTACGCCCTCGAGCAGCTCGAAGCCGGGTTTTACGCCACCGTCATCGGCGCGTCCGGCTTCACGTCGACGTTCTCGGCAGACGAGCAGGCCATCCTCCGGGATCTCGCAGCCCACGAGGGCATCCACCGCGACTTTTTCGAGGCGGCCATCCGGGGCGCCAACGGGATGCCGATCCCCGACCTGACGCCCGACTTCGACAGCATCGACTTTTCGAGCCGAAGCAACGTGCTCGCCGTCGCCCAGACGTTCGAGGACCTCGGTGTGAGCGCGTACAACGGCGCCGGGAAGTACATCGAGAGCGAGGCCTACCTCCTGCTCGCGGGCAAGATCGTGTCCGTCGAGGCCCGCCACGCCTCGGTCATCGCGGGGCTGATCACGCCCAACACGATCGCCGCGTCCGGCGTCATCGACGCCAACGGCCTGGACCGGGCCCTCGAGCCGTCCGCCGTGCTCGCCGCCGCCGCCCCCTTCATTCGCGACACGATCCGGGTGACGAACGTCCCGACGGTTTAAGCGCCGCCCCTCTCGTTCGCCTCCGACCTAATCGACTCCCCCCTCCAATGACCTCCCTCCTTTCCCTCTTCGACGCCGACACGAGCGCCCCGGCCTCGCGCCGCAACGCCCTCGGCACCGTCGGCCGGCTGGGCCTCGGCGCTGCCGTCGCCGCCGTCCCGTTCCTCGACCCCCGCAAGGCCTTCGCCCAGGGCATGGGCCCGAACCAAGTCGACATCGACGGCG
NZ_CP177357.1_gap93	3848193	3851642	3449	GGCCGAGTATCTGGAGGACCTCCTGCAGCGCAAGCACCGCGGCGACGTCCGTGTCCGCTACGACAAGCTGGTCTCGCAGAACGACGGCCACCAGTTCGCCGACCGCGTCACGGACCTCCTCCAGCACGACCTCTCGGCCGTCGTCGTCAACTTCGTCGACATCCTGGCGCACAGCCGCTCCGACACGCGCATCCTCAAGGAGATCGCGCCCGACGTGCCCGCCTACCGCGCCCTCTCGGCGACGTGGTTCGACCACAGCTGGCTCCGGTCGGTCTTCGAGGAACTCGCGCGCCACGACTGCACGGTCGTCGTGAGCACCGACCACGGGGCCGTCCGCGCGCTCCACCCGGCCAAGGTGATCGGCGACCGCGAGGCCTCGACGTCGCTCCGCTACAAGCACGGCCGCAACCTAAAGGTCGACGACGCCGACGCCATCTTTATCAAGGACCCCGAGAGCTACGGCCTGCCGCGGCTGGGCATCAACGAGACGTACATCTTCGCCCGCGGCGACAGCTACTTCGTCTACCCGACGAACTACAACCGCTACGCCAACCAGTACCGCGACACCTTCCAGCACGGCGGCGTGACGATGGAGGAGTGCCTGTTGCCCGTCGTGACGCTGCGGCCGAAGGGGTAAAGCCCCAAAGCCCGTTGACGGCTCCGCCATGTCCCTTGGTCTCACACTCCACGCCGTCCCCCTCGGGACCTGCGATCGCACCGCGCAACCTGGTTTCGGGTTAGATCACGACGCAATTTCTGCGTTGGACCTCCGGTCCGAATATGTCCCTGGCATCCGTCGGGTGGACAAGCTGTATGAGATCCTGCACGGCGAACCCTGGGACCACTCCACACGCGGCCCCTTCTCCGACCCGCCTGTCGCGACCGACCCGCTCCAAGTCGCGTTGGTCGGGAAACGACACCTCGCCGAAGTCGGGGACTACTTCGGAGAGGTTCGGGGGAGCGGCCCTGAGGTCGCCCAGCGCTCGGCGCTGCTGTTCGAGGAAGTGGCGGCGCTGGGCGGGCCCGGAGCCGACGCGGAGGCGATGGCGGAGCTCCGAGCCGAGCGAGGTTATATGCTCGACGCATACCTCCTTTTTTTCCGCCAGCTCCAGCCGGGTGAGGAGGTCGTATACACGTTGACGTGAGCGCGCCGGCATCACGTACCAGCACGGCAGGGTCACGATGGAGGAGTGCCTGCTTCCCGTCGTCACGCTCCGGCCAAAGGGGTAATCCCGCTCGCAGCCGACATGACGCGCCGGCAACCTCCGGTCCGCCCTGTCGTTCGGTAGACCCCGCCCCAGCATACCCATGCGCACCTACACGTTTGTCGTCGAGCGCGCCCCCGAGACCTCGCAGCTGGTCGGCTATGTCCCCGGCTTCCCGGGCGCGCACTCGCAGGCGGAGACGATGGACGAGCTCCGCGAGAACATGCAGGAGGTGCTAGCGATGCTCTTGGAAGACGGCGAGCCGACAATGGAGGGCGAGTTCGTCGGGACGCAGCTTATCTCGGTCGCCGCATAGGCCACAGTTTTCAGCGAGGCTGCGGAGCCGGAGTTGAAGGGTCGCCGACCGAAAACCGGCAACCGAGAATCGAAAACCGACCGCCGTGCCCTACGTTGTGGCATGGACGCTCCTCCGAAAGGCTACCTCGCGGCGACCGTCGAGCGGCGGCTGGACGTCGTCGACGATCTCGCGGTCTTCTGGCTCCGCCCACCCCAGCCGCTCACCTTCCGCCCGGGTCAGTACGTCACGCTCGCGGCGCCCGACGCCAGCGGGCGCGTCGTCAAGCGGGCGTACTCCGTCGTCAGCGCGCCGCACGAGCCGCTCGTCGAGCTCGTGATCGAGCTGGTCGACGAGGGCGAGCTGACGCCGCTCCTGTGGCCGCTCCGCCCCGGCGACACGGTCTGGGTCCGCAAAAAGGTCGTCGGCCACTTCCTGCTCGACGCCGAGCGGACGCGCCACGTGATGGCGTGCACCGTGACCGGCATCGCGCCCTTCCTGTCGATGATCCGCGCGCACGCGGCGGCCCAGGGGGCGGGCGAGACGGTGCCCGACCACCGCTTTCTCGTGGTCCACGGCGCCAGCCATGCCGCCGAGTTCGGGCCGTACCTCGACGAGCTGGCGGCGCTCGCCGAGGCCGACTGGGTCGAGGCCGTGTCGACGGTGTCCCGCCCGTGGAGCGATCTGGACTGGGCCGGCGAGACGGGCCGCGTCGAGGACGTGCTCCGCAAGCACCTCGACCGGCTGGCGTGGGCGCCCGATGCCGTGGCGGGCTACGCTTGCGGCAACCCCCAGATGATCGAGACGGTCCGCGGCATTCTGGCCCGCGCCCGCGTCGACGACGCCCACGTCCACGAGGAGAAGTACTTCACCGTCGGGGAGGCGGGGACGCTGGCGGAGGCACCCACGCCCGCGCCGGCCGCCGCGTTCAAGCGCCCGCCCGTGCTCCCGGGGCGCCGGCCCGGCAGCGTCGTGCTGAAGACGGCGCCGCGCCCGCCAAAGTCGAACGCGTAGGCAGGCGCCTAGAGATGTCGTAGCCAAGCACGACGTCGTCAGGCAGTTGGAAGGCCCGGAGCGGACGTCCCCCTTTAGAGGGGGACAGCGGAGCGGAGCGACGCAGGGGGGCGTTCGGTCGAGCACTTCGTCCCGCCCCGCGCGGACATCCCTCACCCCTTCGGGGCACCCCCTTCGAAGGGGGGGCACGAGGGAGTGGCGCCCCTTCGCGATGCTCCCCATGCTAGGGCGCGCTCGATTGGGGTGCGCGTGCGACCTTGCGGCCTCACCCACCCCGCTCGCTGTGTCTCCGACCCGCCTTCTCGCCGCCCTCTTGTTCGTGGCACTCCCGCTCGCGGCCCAGGCCCAGCCCGCCGCCGACTCGTCCGACGTGGCGACCATCGACGACGTGATCCGCGCCTATTACGAAGTCGTCTCCGGCCCCGCCGGCCAGCCGCGCGACTGGGCCCGCGACAGCACGCTCCACCACCCCGACGCGATCGTCACCGTCGTCCAGTCGGGCCCGGACGGGACGGTGATCGCGCCGACGGATCTGGCGGGCTACCACGCGGGCGCCTCCGAGCTAGCGGAGGTCGGCTTTTTCGAGGTCGAGATCGCGCGCGTCGTCCAGCAGCACGGGGCCGTGGCGCACGTCTGGAGCACGTACGAGTGGCGCCGCGAGCCCGACGGCCCGGTCGGCGGGCAGGGCGTCAACACGATCCAACTGGCGCACGACGGCGCGCGCTGGTGGATCATCTCGTGGATGTTCGACGGCCGCAGCGACGCGCCGCCGGTGCCGGACGCGTACCTGCCCGAGTAGTCAGCGGCCGGGCGAGGCGGGGCCTAGGCGCCAGCCCGCGGCCGTCCGCTGGAGCGAGCGGCCGGGCGGTGTGCTCCCGCCCTGGGCCACGCCGACGTCGGTCGAGCGCTGGCCCTGGGCGGGCCCGTCGCTCGCG
NZ_CP177357.1_gap94	3852942	3856728	3786	GCGAGCGCATGAGTGGCACGACGCCGCGCGAACTGTCCCCCTTGCCAAGGGGGACAGCCGGGTCGCGCGCTGAGCGGAGCGATGCGCGATCCGGCGGGGGGTCTGCCGGGCAACCCGCTCGTGGACGACTTTGCCTCGCCTACGTCTCCTCGTCCACATACGCCACGTGGCGGAAGTAGGTCTGGTCCTCGAAGGACGCGCCGAGCGCGCCGACGCCGATCCCCAGCGCCGACACGAACCCGGCGAACGCGAGCACCTCGTCGGGCCCGACGGACCGGCCCAGCGAGCCCGCCCAGCCGTCCAGGATCGCGCCGTCGAAAAACAGGATCCGGAGCACGAGCGTGGCCCCGAACAGCAACGCCCACGTGGTCGACATCCCGAGCCCGAGCGCGAGCAGGATCGAGGCCGACTGCACGACCTGCTGCTCGGTCCGCACCTGCCCGTGCCGCCGCGCCAGCAGGCCCTGCTTGCGGACGAGGTACCCGCTCGTCCCGACGATTGCCAGCACCGACAGCGCAATGACGAGCGGGATCGGCTGGCGCGCCCCGAGGTCCCACGCCTCGGCCGTCATCACGAGCACGATCAGCGTCGAGGCCGCCGCCGTGGTCAGCTTCGAGAGCTGGAACGGGAAGCGCCACGGGCGGATCTGCAGGACCGTGTCGGCCACGTCGGGCCAGTTGAGCAGGAGCGCCTTGGCGGCGAAGGCCACGTTCCCAAGCCGCTCGAACGCCGACTCCTCCTCCATGCGCACGTCGGCGACGTCGGCGACCTCGGCCTCGATCTCGGTCCGATTGGGCTCGGAGAACGAGAGCGACGAGCGGTCGAGGTCGGCGGGCGAGCGGGGCGGGTACATCACGGCGTCCTCGCGCGTCTCGTGGTCGAGCCCGTTGAGGTGGCCGAAGGCGTGGAGCGCGAGCGCCGCGAGGCGGTGCGCGAAGCGCTCGGTCTGCTCGGCGTCGCTGAGGTCGGGCTGGCGCGTGCTCGGGTCCAGCCGCGCCAGCGACAGCGCGGCCACGTCGAGCGCCTGCGACGGCGTCGCGAGCGTGAACGGCCGGAACCGGGCGCGCAAGTCGGCGCCGGTGACGACGAGCGCGAAGTCCCACCCGGCCACGCGCCGCTCGGTGGCCCCGGCGTCGAGGAGGTCGACCGGCTCGACCTCCTGGCCGCCCGCGTGCAGGTCGGTCCGCCGGACGATCGGGAACGACCACGCGAAGCCGGGGAGTTCGGACCGGAGCGCCTGCCGGACGAGCACGCGGGCGCGCTTGAGAGCCGCCTCCTGCGCCTCGTCGAGCGGGCCCGCCTGCACCCAGCCGACGACGACGGCGGGGACGTGGGGCTCGGCGCCGGTGTCGGGGTCGGGCGGCGGGGCGTCGGTGGCGGGCGGCGTCTCGGGCATGGGCCGAAGGTCGCACCGGGGCGGGCGCGTGTCGAGGGACCCTTCCGGAGGGGCACACCGGCGGTGTGTCCCTACCCGGCGGCGCGGCCTTCGGCCAAGGCGCTGCATCCCTCGGAAATGACGGGGCGCCCCTCGGACATGGGAGCGCGACCCTCGCCAGAGGCGCTGCGACCCTCGGAAGGAGCGGAGCGTGCCTCGGAAATGATTCTGTATGCCTCGGAAACTCCGTTGCATGCCTCGGACGAGGCGCTGCACCTCCGCCTGGTTGCAGGGCATCCGCGCCCGCCGATGGCGAATGAACCGCCGGACACGGCCCCCGCCCCGGCGTACGTTCTGTCCGCCTCCGATCGACTGCCCATGCCCATGCTCCCGCTTGCGGGGCGCCGCCTCGCGCTCCTCCTCCTCGCCCTGCCGCTGGCGGTCGCCGCCCAGCCGCTCACCGTCGACTACGAGCGGTTCCGGCTCGACAACGGGCTCGACGTGATCCTGCACCGCGACGCGTCGGTGCCCGTCGTCACCGTCAACACGTGGTACCACGTCGGCAGCGCGCGCGAGGCGCCGGGGCGGACCGGCTTCGCGCACCTGTTCGAGCACCTGATGTTCGAGGGCTCCGGCCACGTCCCCGAGGGCGCCATCGACACCTGGCTGGAGGAGGCCGGCGGCGGCGCGAACGGCTCGACCACGCGCGACCGGACGAACTACACGACCGACGCGGCCTCGAACGGGCTGGAGACGGCGATCTACCTCGACGCCGACCGCATGGCGTCCCTCTTGGACGCGATGTCGCCCGAGAGCGTCGACGGCCAGCGCGACGTGGTCAAGAACGAGCGGCGCCAGAGCGTCGAGAACCGGCCCTACGGGTACGCCTTCTCGGTCCTGGGCCAGACGCTCTTCCCCGAGACGCACCCCTACCACTGGCCCGTCATCGGCTCGATGGAGGACCTCACGGCCGCCAGCTACGACGACGTCGTGAGCTTCTACCGGACCTACTACACGCCCAACAACGCGAGCGTCGTCATCGCGGGCGACCTCGACCTGGCGCAAGCGCGGGCGTGGGTGACGGAGTGGTACGGGGCCATCCCGCGCGGGCCCGAGCCGCCGCTCCAGCCCGTCGCCCGGCCGACGCTCGACCGCGAGCACCGGCTGGTGCTGGAGGACGACGTCCAGCTGCCGCGCCTCTACCTCGCGTGGCACAGCCCGGCTCGGTACGCCGCGGGCGACGCGACGATGGAGGCGCTCGCGGGCGTGCTCGCGGGTGGCAAGACCTCGCGCCTGTACCGCGCGCTCGTCTACGAGCAGGAGATCGCCCAGGACGTGGCGGCCTTCCAGTCCGGCGACCTGGCCGGCGGCACGTTCTACGTGATGGCGACGGCCCGGCCGGGCGTCGACCTCGACACGATCGAGGCGGCGATCGCGGCCGAGCTCGACGCCCTCCGCGCCGAGTCCCCGGACGCGCGCGAGCTGGAGCGCGTCGTCAACGGCGTCGAGGCGCAGTTCCTCGACAACCTCGAGACCGTTGACGGCTTCCGCGGCAAGGCCGACCAGCTCAACAGCTACCTCTTCTTTACCGGCACGCCGGACTACTTCGAGGAGGACCTCGCCCGCTACCGCGCGCTCGCGCCCCGCGACCTCTCGGACGCCGCGCTCACGTTCCTCCGTGACGACGCCCGCGTGGCGCTCTCCATCGTCCCCGCTGGCGAGCCGGCCCTGGCGCTCGACGGCGCCGACCCCGTCACGCCCAAATTCTAGAGTCGTCGGTCGTCGGTGATCGGTCCTCCGTGTGGGGAGCGGTCGGGACCGACCACCGACAACGGACCACCGACCACCGACTCCGATGCGCATTCTCCTCCTCGCCCTGCTCGCGCTCGCCGCCGTCGCGCCGTCTGCCCAGACCGCCGCGCCGGACTGGGGGACGCGCCCCGCGCTGGCGGCCCCGCCCGCGTTCACGCCGCCCGCCGTCGAGCGGCACGCGTTGTCGAACGGGCTGCCCGTGCTGTTCGTCGAGAAGCCCGGCGTGCCACTGGCGCAGATCGACCTGCTCGTCCGCGCGGGCTCCGTCGACGACGGCGACCAGGGCGGGCTGGCGTCCGTCACGGCCGACCTGATGGACGAGGGGGCCGGGGACCTCGACGCGCTCGCGCTGGCCGACGCCATCGACTTTCTGGGCATCGACCTGGGCGTCGGGGCCGGGCTCCACAGCCTGAGCGTGCGCCTGCACACGCCGCTCTCGAAGCTCGACGCCGCGCTCGCGCTGATGGCGGACGTGGCCCTGCGGCCGACGTTTCCCCACGCCGACATTGAGCGCGTCCGCACGAGCCGGCTGACGGCGCTGGCGCAGCGCCGCGACGAGGCCCGGTCGATCGCCGGGGTCGCGCTCGCGCGCGCGGTCT
NZ_CP177357.1_gap95	3896313	3897218	905	GTACACGCGTGTCGTCGGCGCGTACCGCGAGGTCGGGTCCGGGCGCGACCCCCTCGAGACCGCCGGCGAGCCGGTCGTCGTCCTCGACCCCGAGCCGTACGGCGCGCGGACGCCCGCCTACGCCCGCCTCGACCTGTCTGTCGACTACACGGCGCGCCTGCCGCGCGCCCGGCTCGTGCTCCAGGCCGCCGTGCTCAACGCGACGGACCGCACGAACGTCTTCTACTACGACCCCGTCCGGGCCGAGCGCGTCGACCAGCTCCCGTTCCTCCCGACGATCGGGCTCCGCCTCGAGGCCGAATGACCCCGCGCCTGCTCCTGCTCGCGGCGCTCGTGCTCGGCGCCTGCGCCGACGCCTTCGACCCGACCGCCGCCGGCGGCCCGGCCTTCGCCATCGACGGCACGCTCGACGGCACCACGACGCGCCAGCGGGTCCGCGTCCAGGACCTCCGCGACTCCGTGGTCGACCCCGCCGACACGCTCGCGGCGACCGTCACCTCGACCGAGCTGGTCTCGGGCACCACGACGACGTGGCGCGACTCGCTGGCGACGCTCGCCGACGGCACGCGCACCCACATCGCCGTCGCCGACCTCGCCATCGCCGCCGGCCAGACGCACCGGATCCGCGTCGCCGGTGCCGACGGCCGCGCGTCGACGGTCAGCGTCCGCCTGCCCGCCCCGGTCGCCACGCCGGGCCCGGTCGCCACGGCCCCCGCCACCTCCATCCGCATCGACCTCGACGACGTGAGCGGGCGGCCCGGCGAGTCGCTCGTCCGGTTCCGCGTCCGCCGCACCGACGGCGGCGGCGAGCAGACGCTGGTGTCGACCGTCGCGCTCCAGCCGAGCGGGGACGGCGCGTCGTTCCTGATCTTCCTGAGCCAGGCCGTCTTCCGCGCGCGCACCCT
NZ_CP177357.1_gap96	3902438	3904696	2258	TCGAGACGGCAAGGTCGCCCCTGGTCGCGCCCGAGAGGCCCGTCCATCCCCCCTCCGCCAGTTGGGCGTCGTAGTGGGACGCGAGCGCGGCGGGGGGGAGGTCCGAGTCGAGCTCGGCCCGGAGGATCTGGTAGTCGCCCGACCCGCCGCCACCCGTCGCCCGCTGCCGGTCGCCTGGCGGTGAGGTGAGCCGGGGGACGTGCGCCTTGAGGCGATCGTGCGCGTCGAAGGCCTCGTCCGGGTCGAGCCCATACGGCGTCCCCTCCTGCATCCGCACGACGACAAAGGCCCCACCCGCAGACCGTGGCAGCACGCCCACGAACCCGAACTGCTCGGGTCCCTCGCCCCGGACGAACAGGACCTCAGACACGAGCGCGGGCTCCGTTACGAACCCGCCTCGGGCCTCCGGTCGCCTCGGGTCCGGGTGCACGTCCCACCCGTCCACCGTCGACGCTCGAATTGTCGCCGCGACGGCTGCGGCGTCTCCGTCGACGCGGGCGACGGTCATCACGTAGGGCGCGCGGTAGTCGGTGCTCGCGATCGTGCCGAGCACGTCGGCGCCCTCCGGCAGGAGCACGCGCACGCTGTCCGGCGCCTCGCCGACCAGAAGCGCCCCGTCCGACTCGGTGATTCCGAGAACGGCCTCGACGAACTCGGTGTCGATGGTGGCGGGCTGGGCGTGCGCCCCAGCGGCGAGGGCGAAGAGGGCGAGGCAGAGGACGCGCATGGCAGGGAGCGGCTAGCGATCGGCGGCGATCATGTGGATGTGGAGCACGTAGGCCTGGGGCCGCACACGCCGGGCATAGAACATGGCGGCAACCGTCCCGCCATCGCGCTCGCGCGTCCATGCCGACGTGGCGACCTCGTCGGACGCCGCAGCCCCGCCCGCCGTCCAGCCTCCGGCCGCCAGCAGCGTCGCGTAGTGGGCAGCAACCTCCTCGGGCGTGAGATCGATCTCCAGCAGGGCTTTCGTTGTGTACTCGGTGTCGCCCCCGCCACCGCCCGTCCGGGTCTGCCGGCCCCCAGGAGGCGGGGTCAGCCACGGCAACTTCGCGTCGAGCCCCTGCCGCCGTTCCTGGGGCGGTTGGGCCCGCGCCCTGATCTCCAGGGGGTAGAGGCGTCGGTACTCGACCTCGGCAAACAGGCCGCCCTCGCCACGGTCCCGGAAGTGGATGCGGACGACCGCCTGGGGCTCGCCATCCGAGTCGAACGTGAGCGTCCGGGGCCCGCTCCCCACGGCGTCTGTCACGAAACCGCCCTCGTCGTCGTCCCGTGGCTCGTAGCGTGAGCGCAGCGTCCACCCAGGCACCTCGGGCTCGCCGTAGGCCTCGCGCGCCGCCTCCATCGACCCCGCGAGCCGGGCGAACACGGTGACGGTCGGGGTCCTCTGAAACCCGGGGCGCGTCACCGTCGCGAGCACGTCTGCGCCTGGAGGAACGAACGGGAGAAGCGAGGCGGGCGCCTCGCCAACCATGAGGTCCTCATCGCCCCGCACGCCGGTCAGCGCGTACACCAGCTCGGCGTCGTAGCTGTCCGGCTGGGCGACGGCGGGCGCGACGAATCCGAGGAGGGCGGCGGCGAGAAAAAGACGGTGCATGGCACGAGGCAATCCGGGTGCCGGAGGGTACGCGCCGCCCGCGCCGGCGTCAAGGCGACGGGCGCTGCCCGGCCCCGCCGACTGGCGCTAGCTTGCGGGCCGTCCCGCCCTGTGTCCATGTCCCAGCCGTCGTCCGCCCCCCCGTCCGCGTCGTCCGAGCAGGACCGCGCGACGGTCGAGCGCGCGCTCGGCGGCGACCAGCGGGCGTACGAGACGCTCGTCGAGAAGTACCAAGGCCCGCTCCGGCGCCACGTCGGCAAGATGGTCCGCGACGACGGCCAGGTCGACGACCTCGTGCAGGAGGCGTTCGTGAAGGCCTTCGCCAACATCACGAGCTACAACCCGGCCTACGCCTTCTCGACCTGGCTCTACCGGATCGCGACGAACCACTCGATCGACTACATCCGCAAGAAGAAGCTGCCGACGTTCTCGATCGACAAGCCGCTCCAGACGCGCGACGGCGAGCTCCAGATGGAGCTCCCGGACTCGACCTACCGCCCCGACCGCGCCGTCGTGGCCGACCAGCGCAACGAGATCTTGACGGCGGCCATCGACGCGCTCCCGCCCAAGTACCACCGCGTCATCGTGATGCGGCACCAGCAGGAGATGAGCTACGACGAGATCGCGACCGAGCTCGACCTCCCGCTCGGCACCGTCAAGG
NZ_CP177357.1_gap97	3908514	3912303	3789	GCGCAAGCGGCCGAGCTGGCGTTCCTGCTCCGCGCCGTCCTCGCGGGCGACTGGGCCGAGGCCGGGCGCCGGATGATGCGCGACCGACTCGCGGAGCCGTTCCGCGCGCCGCTCGTGCCGGTCTACGACGCCGTCAAGCAGGCCGCGCTCGACGCGGGCGCGGCCGGGTGCGCCCTGTCCGGCTCGGGCCCTGCGATGGTGGCCGTCTGCCCCGACGGCGACGCCCCAGCCGTTCTCACGGCGATGACGACCGCCAGCCGCCACGCGGGCGTCGGCGCGCACGGCTGGCTGGCGACCGTCGACCCGGTCGGCGTGCGCGAGGGACTCCGATGAGCGCACCGATGTACGTCAGCACCCGCGGGGGCGGCGCGCCCGTCCCGTTCGAGGCGGCCCTGCTGCGCGGGCTCGCGCCCGACGGCGGGCTCTACGTCCCGACCGCCGTCCCCGCGATGCCCGACGGCTGGGACGCGCCGGGCTCGTTCGCCGACCTCGCCGCCCGCGTGCTCGCGCCGTGGCTCCCCGACGTCGACGGCCTCGATGCGCTCGTCGCGGACGCGCTCCCGTTCCCGATCCCGGTCGTCGATCTCGACTGGAACGGCGTGTCCGTCGCCGAGCTGTTCCACGGCCCGACGCTGTCGTTCAAGGACGTCGGCGCGCGGACGATGGCGCGGCTCGTCGGCCGGGCCCAGCGCGAGCCGGTCACCATTCTGGTCGCCACCTCGGGCGACACGGGCAGCGCGGTCGCCGACGGGTTCGCGGGCGTGCCCGGCGTCCGCGTCGTGCTGATGTACCCCGACGGCGGCGTCAGCGACGTGCAGGCGCGCCAGCTCACGGCGCCCCGGCCAGGCGTCGTCGCGCTCGCCGTGCAGGGCACCTTCGACGACTGCCAGCGGCTGGCGAAAGAGGCGTTCGCGGCCGGGATCCCCGGCCTGTCGTCGGCGAACTCGATCAACGTGGGGCGGCTGCTGCCGCAGATGACGTACCACGCGCTCGCGGCGCGCGAGCGGCCGGGCGCCGTCGTGGTCGTGCCGAGCGGGAATCTGGGCAACCTGACGGCCGGCGTCCTCGCGCGCACGATGGGCGCGCCGATCTCTGCGTTTGTCGCCGCCCACAACGCGAACGACGGCTTCGCCCGCTTCCTGGCCGACGGCACCGCGCCCACTGGTCCGTCGCGGCAAACGCTCTCGAACGCGATGGATGTGGGCGCGCCGAGCAACCTGGAGCGCCTTCGCGCGCTCGTCCCCGACCTCGCCGGCCTCGTCCGCGCCGAGACCGTCACGGACGACGAGACGCTGGCGACGATGCGGGCCGTGCACGACGCGACGGGCTACGTCGCCGACCCCCACACGGCCGTCGGGCTGACGGCTGCGCGCCGCCTGCGCGAGCGGGGGGATGCGCGCCCGGTCGTCGTGCTGGCGACGGCGCACCCGGCCAAGTTCCCCGAGGCCGTCGCCCGGGCGACCGGCGCCGCGCCGCCCGTCCCGCCCGCGCTCGACCTGCCCGCCGCGGACCCCGAGGCCGTCATCGCCCCGACGCTCGACACGCTGGTGGACTGGCTGTAGGGGCGGGATCCCGCGCAATCAGGCGGAGAGCCCGCTCCTCTATCCGGCCATCCGCCTCAGCCGCCGACGCACGCGGGCGTAGCGCCCCACGCCGATCGCGCCGACGACGGCGGCCAGCGGGAGCGCGGCCGTGCCCATGATGACGCCCCACGCGTCGTCGACGAACTGCAAGAGGGCGAGGCCGCCCGCGAGAAGGGCGAGGGCGGTCCGGGCATACGCGAGCAGCGTCCGCTCATTCGCGAGGGCGGTCCGGTCGAGCGCGAGGGCCGTCCGTTGGGCGGCGAGGTCGTCGCGGAGCGTGGCGTCGGGGGGCATGAATCCGGGTGAGAGGGCGCCTTTTACGACCCCGCCCCGCCATGCTTCCCGATGGGCCCGCGTCCGCTAGGTCCCCGAGGGGGCGTCCGGGGCGACGCCGTCCGTCGCCGTCTGCGTGCGGATCGACTCGGGCCGCTGCCCGGTCACGTCGACGCGGACGCGGTTGTTGTTGACGGCCACGCCGTCGAACCCGACGCCCTGGATGACGCCGTCGGCGATCGCGTAGCAGCCGTTCTCGGTCAGGTACGAGCCCGTCGTGCAAGTGCCGGTCGCATCAACGGGGGGCGGGTAGCCGAGGCGCTGGAACGTGGCGTCGGTCCAGTCTTCTCCCGTGCCGGGTCCCCCGAAGGTCGACGGCTTCAAGCTCCAGGCCTGCACGTCGGCCGCGATCCGGACACCGTCGACGACGAGGGAGTCGAGGTTGGCCTGGACCTTGTTTTCGGCGAATGCCTGGATGCCGACGACGACGGCGAGGCCGACGATGACGATGCCGAGGACGAGGAGGAGGAGCTGTTGCTGGCCCATGTGAGCGGAAGGTTAGAAGAGAGAGGAGGGTAGCCGGTGCATCACCACGGGCCAGATTCAGAGACAGGGGGAGCGGATGCAAAGGCCGGACCAGGCCCCGCCGCCGCCGCCGCCTCGGTCCCTCCTCGCCGATGGGTGGCGTGAGCGACACGTCGGTGCACCATCGGGGCGGGGTGGTGGGCGGGCCGGCGGGCAGCTGCGCGGGGCCCCGTTTCGTTTCGGGCCTGCGTCCGCTTCCAAACGCCCCCAGCTCAGTACAGCCCGACCGGGTCCACGTCGAGGTTGACCCGGTGGCCGCCAGGCACCGTCACGCGCGATTCGGCCGTCCGCACCATCGCCGCCAGCACCGCCATCGGCAGGGTCGCCGGGCCCTGGAGCAGGATCTGGTAGCGCCACCACCGCTTGACGCGGCCGATGAGCGCCGGGATGGGCCCGAGCACGCGGACGCCCGCCACCTTGCCCGCCTCGGCGCCGAGCGCGTCGCCCCACCGCTGCGCGAGCGCCCTCGTCGTGCTCTCGTGCGGGCCCTTGATCTCGACGCCGACGAGCCGCCCGTGGGGTGGGTAGCCGAGCGCGAGCCGCTCCGCCAGCTCGCCGAGCGCGAAGCCGTGGAAGTCGTGCCGGAGCGCGAACGTGATGGCGGGGTGCTCGGGGTTGCGGGTCTGCAGGATGACCTCGCCCTGGAGCTCGTGCCGCCCGGCTCGCCCGCCGACCTGCGCCAGCAGCTGGAACGTCCGCTCGGCGGCGCGGAAGTCGGGCAAGAGCATCCCCGTGTCCGCCTCGACGACGCCGACGAGCGTGACGCGCGGGAAGTCGAGCCCCTTGGCGACCATCTGGGTGCCCAGAAGGAGGTCGGCGTCGCCCCGGCCGAAGGCGTCCAAGATCTTGCGGTGGGCGCCCTTGCGCGAGGTCGTGTCGAGGTCCATCCGCAGGACGCGGGCGCTCGGGAAGACCTCGGCGATCTCCTCCTCGACGCGCTGCGTGCCCGCGCCGAGTCGCCGGAGGTCGGTGCCGTGGCACTCGGGGCAGGCGTGGGGGATGCGTTCGGACCGCCCGCAGTAGTGGCACCGGAGGTTGTGCGCCGGCTTGTGGACCGTGAGCGAGACGGCGCAGTCGCGGCAGGTCGGCGTCCAGCCGCAGTCCTGGCAGCTGAGCACGGGCGCGTAGCCGCGCCGGTTTTGCAGCAGGATGGTCTGCTCGCCCTTGTCCAGCCGGTCCTCGATGGCGAGGCGGAGGTCGTGCGAGAGCGCCCCTTTGAGGCGCCGCACCGTCCGCTCGCGGCCCAGGTCCACGACGCGGACGGGCGGGAGCGGGGCGGGCGCGCGCGTCGTCCCGTCGGGCCCGCGGACGGGCACGCGCTCGGGCATCTCGAGCCGCGTGTACTTGC
NZ_CP177357.1_gap98	3918728	3921526	2798	GGGCCGGTCGAGCACGTTGCGCGCCGTCTCGATGGCTGCGGCGACGGCCTCGTTGTCGTGCCCATCGATCTCGCGGATGACGTGCCAGCCGAGCGCCTCATAACGCCCGGCGCGGTCCTCGGTAAACGAGAGGTTCGTGTCGCCGTCGATGGAGACGTGGTTGTCGTCGTAGAGCACGATGAGGCGGCCCAGCCCGAGGTGCCCCGCCAGCGACGACGCCTCGTTCGTGACGCCCTCCTGCAGGTCGCCGTCCGACGCGATGACGTAGGTGTAGTGGCCGACGACGGTGTGCCCGTCGGTGTTGAACCGGGCCTCGAGGTGCTTCTCGGCGATCGCCATGCCGACGGCCGTCGCCAGCCCCTGCCCCAGCGGTCCGGTCGTGGTCTCGACGCCGGGCGTGTGGTGGACTTCGGGGTGGCCGGGCGTCTTCGAGTTCAGCTGGCGGAAGTTCTTGAGGTCGTCGAGCGAGACGTCGTAGCCGGCGAGGTGGAGCAGGCTGTAGATCAGCATCGAGCCGTGGCCGGCCGAGAGCACGAACCGGTCGCGGTCGAACCACTGCGGGTCCTTCGGGTTGTGCTTCAGGAAGCGGCCCCACAGGACGGTCGCCACGTCCGCCATACCCATCGGCAGGCCCGGGTGGCCCGAGTTGGCGGCCTCGACGGCGTCGATGGTGAGCCCGCGGATGGTGTCGGCCGTCGCCTTTTCGAGGCGGGCGCGGTCGGCGGCGGAGCGGGCCGGGGCGGGGTCTTCCATCTCGGTAGCGGGGGCGGGCGTTTCGGCCATGACGGGCGGGGTGGGGAGGGGGCCGCAAGCTACGGGGTGCGGCCGCGTTCGATCCCCCGGGGCCGGGCGGCTTGCGCTCGTTGGGACGCGCTCGAGGCCCGCTCTGGATGGTGGCGTGCAGGTCGCGCCATCCATCGAAGTCTCCCGGCCTCATCCTGAGCGTGCGAACGCGAAGCGTCGGCGGAGCCAACGAGCTCAGCGCCGACGGTGGTGGCCGTCGGGACCGGCGCCTACGACGAACGCCTCGCGTCGAGATCCGTCGCGTTCGCTCAGGATGACAGATCGGGTGGGGCACGCTCATCACGGACCGGTCCTGCAGGCCCTCGGGGAGCCCCGTGGACCGGTGGGGCCGAAGCACTCGCCCGCGAGCGGAGGGGCTCGCGCCGGCAGGGGCGGCCTGTAACCCGTGTCGGGCGTGGCGCGTCGGGGTCTCGACACCCACCTCCCCCGTCATGCGTCTCTCGCTCCTCGCCGCCGTCCTGCTCGCGCCCGCCGCCCTGGCCCAGTCCAACTCCCAAGGCTTGTACCTCCACGCCGGCGTGGGGGGGCAGAGCGTCGCCTACGACGGCGACGGTTTCGACGACACCGACGAGGGCGGCCTGCTGGCGCTCCGCGCGGGCTACGGGGTCTCGCCGCTGGTGACGCTCTACGTCGGCGCGACGGGCGCCCGCCTCGACGGCTCGCGCGGGACCGGCAGCTACGACCTGAGCACGGGCGAGCTGGGCGCGCGGTTCACGTTCCGCGACGGCCGCCGCGTCCGCCCCGTGCTCGACGTCGCCCTGCGCGGGCTCACCGCGCGCGACGACGAGACCGACTTCGAGGTCCGTGGCGGCGGCGTGTCGGTCGGCGGCGGGGTCCTGGTCTCGGTCAGCCCGGCGCTGTCGCTGGGCGCGGCGCTCCACGTCGGCGGGGGCCGGTTCGACGAGGTCGAGTTCGGCCGGGTGACGGTCGACGTGCGCGACGAGGCCCTCGACTTTGTCGAGTCGCGGGTGACGGTCGGGCTGACGGCGTACCCGTTCCGCTAGCGGCGGGCGTGGGGGAATCCCCGGGCTGAGGAAAGCAGGGGGGCGGGGGGTTAGAACGGGGCCGCGCCCATCGATAGGTCTGGGGCCCCCCTCTCGCCGTGCGCGCCCCGTTCGCCTTCGCGTCGTCTGTCCTCGACGGGTTCCTGCCCCCTGGCGGGGACCCGGTCGAGCGCGTGCGGGCGCGGTTCTTCGTCGCCGGGTCCGGGGCGATCGCGTCGGCGATCGCCGTCGTGGTGGCGATGTACGCGTCGTCGTCGGACGTGGGGCTGGGGACCGCGCTGCCGCTGGCGGGCCTGCTGGTGCCGGTGCTGGCGTTCCCGTTCCTCCTGCGCCGAGGCGTGTCGCTGACGCTGCTGGGGGCCGGACTCATCATCCTGCTCCAGTTTGGGCTGGCGTGGTCGGCCGTGCTGGACCGGGGCGTTCAGGACGTGGCCTTCTTGTGGTTCGTGGCCTCGCCGCTGTTCGCGGCGCTGGTGGGGGGGGCGCGGCTGGCGTTCGTGTCGGTCGGCTCCACGATCGTGAGCGGGCTGGGGGTGCTGATGCTGGCCGAGACGGGGTACGTCTTTCCGGACCTGATGTCGCCCGCGTTCGCCCAGCGCTACCACATGGCGAATGTGATCGCCGCGGCGGCGGTCGTGGCGACGTTCGCCTTGCTCTACGAGGGGCCGATGCTGGCGCGCGCGCAAGCCCTGGCCGCCCGGCTGGGCGTGGCGAACGCCGACCTCCGCCGCGAACTCGTCGCCCGGCGCGAGGCGCAGGACCGCGCCGAGGCCGCCAGCCGCGCCAAGGACGTCCTGCTCGCCAACCTCAACCACGAGTTCCGGACGCCGCTCACGGCCGTCTTGAGCGGTGTCGAGATCCTGGGGCTGGAGGCGGCCGACGCGGACCGCGAGGTGCTCGACTCCATCGACCGCGGCGCGCGGCGCCTGCTCACCACGCTCACGGGCGTGCTCGACCTGATGGAGGCCGAGAGCCGCGAGGCGCCCCTCC
NZ_CP177357.1_gap99	3935693	3940692	4999	TGCGGTCGATCCAGATGCGGTTGCGGTTGAGGAGCTTTTTCCAGTCGGCGATCTGCTGCTCGAACTCGTCGCAGAACGAGTCGATCATCGCCAGCGCCGTGTCCGAAAAGTCGAACGCGAGCCCGCCGATGCGGGAGTGCGAGACCGTGAAGCGGGCGCCGGCGACCTCGTCGAAGATGGAGTAGATCTCCTCGCGGTACTTGAAGGTCCACAGGAAGACCGAGAGCGCGCCGGCGTCCATCACCATCGTCCCCGCCCACAACAGGTGCGACGAGATCCGCGCCAGCTCGCAGCCGATCGTGCGGAGCCAGGTCGCCCGCTCGGGCGCCTCGATGCCCGCCAGCTTCTCGACCGCGAGGCACCACGCCACGTTGTTCGAGTACGGCGACATGTAGTCCATGCGGTCCGTGTAGGGCATGAACTCCTGGTAGGTCTTGACCTCCGCGAGCTTCTCGATGCCCCGGTGCAGGTACCCGATGTCGAGCAGGCACTTCTCGATGGACTCGCCGTCGAGCTGGCAGACCACGCGGAGCGCGCCGTGCGTGGCCGGGTGCTGCGGGCCCAGGTTCAGGACCATCCGGCTCTCCAGCGGGTCCTCGGCGATCATCGGGACGGCCGACGTGTCGGCGCCGTCGCCAGCCACGAGCACCTCCGTGCCCGCGTCAGCGGCCTCGCGGGCGGTCTTGATCGCCTGCTGTTCGACCTCGGCCTGGATCTCGACCTGGGTGTGGCGGTCGGCCAGGGCCTGGTACAGCGCCGCGTTGTGGCGGGGCCAGAACGTGAACAGGTCCTCGGACGTGCCGGGCGCGGCGGCGTGGCCGCGGGGCGTGCTCTGATCGGTGACGGACATGGTCGGGTGATGAGTGATGGGCGATGGGTGATGAGCAGAGCCCAGCACGGCGTCCCCCTCAGCTCAGTCGGTGTCGGGGGCCTGGTCGGCGAAAAAGAGGGGGGTGGAGCTCATCACTCGGTACTCATCACGCATCACTCTCCAGGTCCTTGGGGATCTGGCCGTGGGCGCGCGGGTACGGGTCGGCCTGGAGCTCGCCGTCGGGGCGGTTGGCCGGGAGCGGGAGCGAGCCCGGGATGCCCAGCGTCGGGAATTCCTTGCGCAGCGGGTGGTACTCGAAGTCCTCCGGCATGTAGATGCGGCGGTGGTCCTCCAGCCCCAGAAAGCGGATGCCCATCATGTCCCAGGCCTCGCGCTCGTGCCAGTTGGCGCCGGGGTGGATGTGCGTGATGGTCGGGACCGTCGGGTCGTCCTCGCCGACGCGCACCTTGAGGCGGATCCGCTTTTTGGCGTCGATGGCGCACAGGTTGTAGAACACCTCGAAGCGGTCGTCCTCGGTGAACCGGTCGATGGTGCCGATGTCGGTGAGGTAGTCGAAGCCGACCTCGTCGAAGAGGAACTGCACGACGTCCGCCAGCCGCGCCGTCTCCACGAAGACCGTCGTCTCGCCGGCGTAGCCGACCGTCTCCAGGATGGCGTCGCCAAAGTGCTCGGTCAGCGCCGCCAGCACGTTGGGGACGACCCAGGTGGCCTTGGCGTGGGGGTTCTCCGTCTGCAACCGCTCCATCTCGCCGGCGAGCGCGTGGCGCGGCGAAAAGTGGAAGTTGAGCGTCTGCGTCTGGGCGGCCGGGTCGAGGAACGGGGCGTCGTCGGGGCCGCCGACGAGCGCGCCGGCGATCGGCGCCAGCGCGGCGGACGGCGGGGGCGTGGCCTCGGGGGCGGTCTCGGGCGTGTCGGGGGTCTCGGGCATCGGGGTGGGGCTACGCGGAGACGAGGGGCGACCCGTCGGGCGCGACGATGCGGCCCTCGACCAGCTGGTTCGGGGCGTCGGTAAAGCGGACGTCCTTGGCCACCGACTCGGTCACGCGGATCTTCTCCTGGATGTCCATCAGCGCGTGCAAGATGGCTTCCGGCCGCGGCGGGCAGCCGGGGATGTAGACGTCGACCGGCAGGAAGTTGTCGATCCCCTGCACGACGCCGTAGCAGCGGTGCATCCCACCCGTGGACGCGCAGGCGCCCTGGGCGATGACCCACTTGGGCTCGGCCATCTGGTCCCAGATCCGGCGGACCGTGTGGGCCATCTTGTAGGAGCACCACCCGGCCACGATCATCAGGTCGGCCTGGCGCGGGCTGAACCGCATGGCCTCCGACCCGAACCGCGCCGCGTCGTACTTCGGCCCGGCAAACCCCATCATCTCAATGGCGCAGCACGCCAAGCCCATCGGCATGGGCATGAGGGAGTTGGACCGGGCCCAGTTGACGACCGAGTCGACGGTCGTGGTAAGAAAGCCGCCTTCTTCGCTGAACATGGGGGTTGGAGGTCGTGCTCGGAGTCAACGGGGCGGGCCCCGCGGGGTTCGCCGGTCGTCCCGTTTTCAAATCAAACTGAAAGGGCTCAGTCCCAGTCGAGGCCGCCCTTTTTGACGTCGTAGAGCAGGCCCACGAGCAGGATCAGGATGAACACCCCGATGATGCTCATCGACGCGAGTGCGGCGCCGCCGCCGGCCTCCAGGAACGTCCCGTACGAGACGGCCCACGGATACAGGAACACCAGCTCGACGTCGAACACGATGAAGATCATCGCGACGAGGTAGAACTTGACCGAGTACCGGTCGCGAGCGCTCCCCACGGGGTCCTGGCCGGACTCGTAGGGGCTCTCCTTGACGGCGTTCGGCTGGTGGGGTCCGATCAGCTCGGCGATCTTGAGCAGGCTCATCGCCAGCCCGAGCGCGAGCAGGACCATCAGGAACAGCGGGAAGAACTCGACGAACATCGGCCGGCGCGGGAGAGGGCCCGAAAGCTACGACGCCGCCCCCCCGACGCGGGTCCGGCCCGGCCCGGTCCCGGTGGACATCGTGGGAAGCCCGCGCCCTGCCGCCTCGGCGCCGAGGCCGGCCGTCAAAAAGGCGCCCCGCCGACTCCGGGTCGGCGGGGCGCGAGCGGACCGCGACCGCGCGGGCTACTCCAGGTCGAAGGCGTCGGCGGCGACCGTCGGCGAGAAGTCGTAGGCCTCGACGGTCGTCGTCTGGGCGACCTCGCCGCCCTGGCTCTGGACGGTCCGGAAGGGCAGCATCAGCCCCCCCACCGAGCGGTAGTCGCTGAACGCGACGGTGGCCTCGGTCGGCCCCTCGGCCCCGACCTGGGTGGTCGTCGCCCGGACCGGCCGGCCGTCGGCGCCGAGCACGAGCGTGATCGGGGCCGAGAGCCCCGGGGCGCGGACGCGGACACGGTCCAGGCCGTCCTCGGGCGCCAGCGCCTCGGCCTCCAGGTCGTCGAGGCGCGCCATCAGGTACGGCAGGTCGAGAAACAGCTGGTCGCGGATGCTGGCGGCGACCGGCGGCGGGGCCGGCTGCGACTGGCCGCCCGGCAAGACGAGCAGCCCGCGCCCATCGTTGAGCACGACCGTGATCTCGCCGAACGGCGTCTGCTGCGTCGAGCGGACGCGGCCCGGCAGCTCCACCAGCGTCGTCCCGGCGATCGTCGCGCCCGCCATCTGGCCCTGCGCCACGTCCGTCGACGAGGTCGACTGGTAGGCGGTCAGGGCGGCGAACCGGTCGGCGCCGCCCAGGGCCTCGGCGGCGCGGCGGAGCGCGGCCCGCCCGGCGACAGGGTCCCCGGCGGGGCCGTCGTCGGCGCCGGACGGGATCGAGATGTCGATGGTCACCGGCGTGCCCAAGGCCGTCAGCGGCTGGTCGAAGTCGGCCGCCCGGCCGAGCACGAGCACCTTGGCCTCGTCGGGCTTGAGGTAGCGCTGGGCGACGCGCTGCACGTCGGCGGCGGTGACGGCCTCGACGCGGTCCTTGAGCGTCTGGAGGTAGTCCGTCGGGTAGCCGTAGCGCTCGTACGTGAGCACCCGGTTGAGCACCTCGCTCTTGGTGTCGAAGTTGAACACGAACGAGTTGAGGTAGCTGGCCTTGGCGAGCGAGAGCTCCTGGTCGGTCGGCGCCGTCGTCCGCATCGACTCGATCACCTCGCGCACGGCCTGAGCCGCCTGGACCGTGCTCTCCGACTTGGTGAACGTGCCGCTGAAGAAGATGCCCGGGCGGTCGTAGTCGGCGGCGTAGCGGCCGAAGACGGCGTACGCCAGCCCGAGGTCGGTGCGGACGGTCTGGAACAGGCGGCTCGCGAAGCCGCCGCCGAGCACCTCGTTCATCACCAAGACGGCCGGGTAGTCCGGGCTGTCGAGCCGAAGCTCGCCGGGGTGCCCGATCAAGATCGTGCTCTGGTTGACGTCGTCCTTAGGAATGAAGTAGAGGCCGGGTCCCGACTGGAACGTCTGCGCGGGCGGCGCGGGCGCGTCGGCGCCGCGCGCCCAGCCTGCGAACGTGGACCGCAGCGTGGCCGCCATCTCGTCGGCGTCGAAGTCGCCCGAGACCGCCATCACCGTCGCGTTGGGGTGGACGTAGCGGCCGTGGAAGGCGCGCACGTCGTCGAGGTCGATGGCGTCGAGCGTCGCGTACTCGACGTCGCGGGCGTACGGGCTGTCCTCGCCCAGCAGGAGCTGCTGCATCTCGCGCTGGGCGATGCTCTGCGCGTCGTCGTTGCGGCTGGCGATCGCCGTCCGGAGCTGGGTCTTGACCAGGCCCACCTGCTCCTCGTCGAACGCGGGCGCCATCAGGACGTCGGCGAAGATGGGCAGGATGTCGGAGACGAACACGTCCGACAGGCCCGAGGCGATCGCGGTCGTCTGGTCGTCGCCGGCGAAGACCTCGACGGTCGCGCCGACGTTTTCCAAGGCCAGGTTGACCTCGTCGGGCGTGCGGCCGCCGGCGCCGCCGGTCCGCATCGCGGAGGCCGTGACGGCGGCGAGCCCGGCCTCGTCGGCCGGGTCGAACACGGAGCCGGTCGCGACGAGCGCGCGGGCCTCGATGAGCGGGAGCGCGCGGTCTTCGACCAGGAACACGGTCAGGCCGTTCGCGAACTCGACGCGCTCGATGTCGGGCAGCGCCACGTCGCGCAAGGCGGGGTACTCGAGGTCGCGGACGTCGT
NZ_CP177357.1_gap100	4039683	4040689	1006	ACAGACCACGGCGCAAGGCGCCACCCGCCGCGCTCGCCACCGATGGCGCGCGTGTCACTCACCCTCACCCTCACCCTTACCCATGAAGACCACCCTTCTCGCTCTCGCTGCCGCCCTCCTCCTCCTCCCGGCGTGTGGCGACACGTCCACAGACGGCGCTCCCGATCGGGAGGCGATGCCCGACGCCGTGTCCGGCGTGACCGACCAGATCTCCGACGAGGTCTCGGACGCCGTCTCGATGGATGACGAGCCCGGCGCCCCCGTCGTGACCGTCGACGACTACCTCGGCACCTACTCCGTCACGGAGACGTGTAGCCAGATGGGCACCGACGTCAACGGCAACCCCCGCTCCGGCACCGTCAGCGACGCCTACTCGGCCACCATCGTGCGCGGGTCGGGGGACGGCCGGGTGACCGTGGAGAACCTGTTCAACTCGCCCGGTGACGCGGTCAGTTCGCCAGCCACCGTCGACGCGAACGCGATTACGCTCGTCGGCGACGACGTGAGCCAGAGAGACGGCATGGCCATCACATTCTCCGGGACCGGAACGCGAGACGAGGGGGGCACCGTGTCCCTCACGTACACCATGGATGTCCAGAGCACGACAGGCGGCCCGATCGACGCCCAGACCACCTGCGAAGCGACCCTGACGCCGACCGGCTGATCCCGCTCGCCCAGTCCCGTCTTCGCAGGCCGCCGTCAGGCTCTGGTGGCGGCCTGCGACCTCGCCTCCCTGACCTCCCGCTGGCCCGTGCGTCCCTGCCAGCCCGACCGACGCCCCGATGAACGCAGCCCTCGAGCGGACCCTCCTCCATTCCTACGCCGACCGGCCCTACAAGCACAGCGCGCTCGTCAACCACCGCGGGACCGTCGTCGCGTTCGCGATGGACGACCGGCGTCGGATCTACTACAGCGTCCTCGACCTGGCCGCGGGCGACATGTCCCAAGCCGACACCAGCGAGATCGACGCCGACTTCTGGCTCCCCAACCCGAAGCCGGTCGCGTT
NZ_CP177357.1_gap101	4045259	4048459	3200	GCTGAGAAGGACGGGAAGAAAACGTCGGAGGTCAACACGTACACCACCATCACCTTCTACATCGACGGCGAGGAGGCAGGTGCCCACAAGATCGACGAGGTGTCGTCGCAGGGGAACCGCTCTCCAGTCCTCATCGGCCAAGCCCGGCTGCCGAACAACAAGGTCGCACAGTTCACCGGCGCGATCAGCGAGGTCCGGCTTTACGGCCAAGCGCTCAAGTCGAACCAGATTGGCCAAAAGGTCGGTAAAGACCGACACGGCATCGTCGCATGGTGGCGGTTCGAAGAGAATGAGGGACTCGTCGCCTACGACAGCAAGGGAGACGCCCATGCGCGCCTTCACGGGCCGACGTGGATCAAGACGCCCCAGCCGAACGGATCGACGTACAGGCTCTATGTCAACGGCGCTCCCGTCGAGACGAAACCGAGCGCGGAGTCTGACCTCGAGGCTGGGGGGGGCTCCCCTCGGTTCACGATCGGGGGCCACGACGGCGGCCGTCACTTCGAAGGGATTCTCGAAGAGGTACGGATTTGGAAGACGGCACGCAGCCAGGAGCAGATCCTCGACAATGTGTTCACGCGGCTCCGCGGCGAGAAGCGTGACTTGATCGCGTATTACACCTTCGACGACGTGGAACGGGCGGGGGACGGCCAGCCGACTCGCGTCGAGGACTCAGGACCCAAGGGCAATCACCTCGAGTGGGCGACCGGGGACACGCCGACCGAGGTCTTGTCGACCGCGCCGATCTCGGTCGACACCGCCGAAGTCCGCTCGGCGCTGGCGGGCGTCCGAACCGACTTCCACGCGACGATCGACGGCCGGCCCGCCGCGGCCGAGTACGCCGACCTCCAGCGCGACGCCGAGGGCCACCTCCACGGCGTCCACAAGCGCTGCTACGCCTACGTCCAGGACGGCCGCTGGATGCTCGTGACCGGCTACAAGGTCGGCAACATCAAGACCGAGTGGATCGGCCAGGCGCAGTTCAACCCGCAGGTGATGGGCTACATCGAGGGCGGGCCGCCCGTCCCCAGCGAGAACTTTACCGAGGGGGCCATCGAGCTGAACTACGGAGGTACGAACGAGGTCACCCTCGTCGAGTCCAACAACGTCACGGCCACCGTCTCGTCGTCGCACGAGGACAGCATCCAGACCGGCTTCGAGGTCGAGGCCTCGGCGGGAATGACGTTCAAAACGAGCCTGGTCGCGGCGCCCCTAGGCGCGGGCATCAGCACCGAGCTGCCCGAGGTGACCGTCAAGGGCGAGGTCACGGGCGGCGCCAACGCGAACGGCGCGTGGTCCGGCGGCGAGTCGCTCGGGTCCGGCGTCAACAGGAGCACCGCGAAGTCGGTGGCCGTCGGCGGCGGGTGGGACCAAGCGAAGGACCCCACCGCCTGGGCCAACCCCGACTACACGCGGCGCTGGGTCCCGTCCAACGTGGGGTTCGCCTTCGTCCAGTCGGAGACGGCCGACGTGTTCGCGCTCCGCCTGGAGCACACCGGCACGCTCGTCGGGCTCCGGATGCTGCCCAACCCGGACATCCCGAAGGACACCAACATCATCCCGTTCCCGATCAACAACCGCTATACGAAGCAGGGCACGCTCGACGGGCGGCTCGGCATCAAGAAGGGAGGCAACGCGTACGACCCGGACTACGCGACCAGCGGCGACTACGGCGAGGACAGCTACTTCAAGCCGCGTCAGGCGTACCAGCTCAAGCGTCGCATTCAGGAGGAGGAGGAGAAGCTGAAGGCGTACTTCGCCAGCTTCGACACGACCCCGCAGGAGACGCACGCCATGCAGACGGTGATGAAGGGGGTCGGCGTGGCCGCGGGCGCGGCGACGATGTTGGGCGGCCCCGGCGTCGGCCTGATCGGCGGCGCGCTGGCGGGCGGGATCGGCGGGACGGTCGCGAGCGCGGTCTCCCACCTCGCGGCCGGCGACGACCGGCTGGCCGAGAAGTTTGCGCGCCGCAACCTCGTCAACACCTACGTCTGGACGGCCGACGGCGGGTTCTACGAGGAGTCGACGCAGATCAGCGAGGTCCGCAGCGAGTCCGCCAGCGGGAGCTACGAGCTCTCGGGCCAGCTCTCGGGCGGCGTGTCGTTCGAGATCGACAGCCCCGTCAGCGTCAGCGCTGGCATCACCGGGACGGTCGGTGGCGGCGTGAGCACGGCGCTCTCGAAGGACAAGGAGGAGGAGACGTCGTTCGAGCTTGACCTGTCGCTCGACGTGCCAGACGACCTGGGGCAGTACGAGTACGAGAAGCCCGGCGACCTGACGAGTGGCGTCCAGCCGGTCTACGACAAGGACGGCAACGGCGTCAACCAGCCCGGCAAGGTCGACGCGTACCGCTTTATGACGTTCTACCTCGAGCCCAAGCGGGACAACTTCGAGGACCTGTTCGAGACCGTCGTCGACCCGATCTGGCTGGAGCAGAGCCAGCACCCCAACGCGGCCGCGCTCCGCCAGGCGAACCAGGCCGAGCAGAAGCCGCTCTGCTGGCGGGTCTTCCACCGCGTCACGTTCGTCAGCCGCCTCCTTCCGGACGTCGCGACCGGGACCGAGCCCCACGCCGAAGCGCTTAGGCAGGTCGACATCGGGAGCAGCTACGAGCTGGTGCGCCGTCTTGAACCGGACGTGAAGGACCACACAGCGGACTGGCCCACATTCCGGGACGCGGTCCGCAAGGCCGTCCACAAGCGGCTTCCCGAGCTGGCGGACGAGAACGACCTGGAGCAGATCGTCGACATCCTCGCCGGCTACTTCGAGGTGACGGAGTAACCCCTCCGGCACGCGACCCTGAGCGCAGCGGTCGGAGAACCGCCGCTGCGCTTCGATCCACACCTTCTGACAACAGACGCACAGCACCATGGAAGCCATCGTCGGCGCATTCGGCGGTCTCACAGCTGGCTGGTTGATCCAGTGGCTGATCGACCTCTTCTACTGGCGCAACAAGCGCATCTGCTCGGAGGGCGAGAGCAAGCTCCGTGACGCCCTCGCCGAGATGACGTCCGAGCGCGATGGGCTGCGCCGTCAGGCCGAGGACCTGGCGGCTCGGGCCAAGCGGATCCCAGAGCTGGAGGCTGAGCTCGACAAGGAGCGGGCCCAGCTCGGCACCATCCGTGACCAGTTCCGCGCCCAAGAGGTCCAGCTGAACGACCTCCAGCGGGAGACCGCCAACCTGCGCCCGATGGGGGATG
NZ_CP177357.1_gap102	4052026	4056286	4260	ACACCAACGTGCTCCTCCCGTTCATCCGGCGGGGGAGTCGGCTGAGGTGGCTGTTCGACGGGCTCATCGAAGGCCACTTCACGCTCGTCGTCTCGACTCCGATCCTCTTCGAGTACGAGGAGGTCATCGGCCGACGGACGCGGCCGGAGGTCGCCCGGAACGTGGTCGGCGCGCTCCTCGCCCTCCCCACCGTCGAGCGCGTCGAGCCCCGGTTCCGCTGGCGGCTCCCGCCCGGCGACCCCGACGACGAGAAGTTCGTCGACGCCGCGCTCGCGGCCGGGGCCGACGCCGTCGTCACCAACGACGCCCACTTCGACGCGCTCGCAGCCCTCGACTTCCCGGCCGTCCGCGTCCTCACGCCCGAGGCGTTCCGGGAGGCGCTGGGCGACTCGGCGGCTTGACGCTCACCCCTTCCGATACACGACCGCCCGGACGCGCTCCTCGCTGAGGTAGTACGGCCGCCCGTCGACGTCCTGGTAGGGCCCGAGCAGGGCCTCCACCGCCTTGGCCACGTTCGCGCCCTCCGCCCGGAGCGCCGCGAACCGCAGCCGTACCCGGCGGTCGCGCACGACGAGGTGGACGGCCCTCTGCACGCGCCGGTCGTCGAGGGCCGCCTGGACCTCGGCCGCGCCGGGCCGCCCGGTCGTCGGCCACACCCGCCGGACGGCGACTCGGGGCTCGGCCATGGGTCTCGGAAAAAAGTGGTACCCATCGTGGTACCCACAAAAACAAAACCGGCTCCCGCGCGGTGCAGGAGCCGGTTTCGGGCCGATTCGGGTGGGCTCTACTGGATTCGAACCAGTGACCTCGTCGATGTCAACGACGCGCTCTAACCAACTGAGCTAAGAGCCCGCAGCGCGGCACTCGGCCGACGCGGGGCGTCAACATAGCGCCCCGCCCGAGCGGCGGGCAAGGCGCCGCCGCCCGGAGCGTGTGAAGGCGTCCGGAAGGTTGCGCCGGGCCCCCGCCCGCCTCCGCGTTACGAATCGGGATCCGGCCGGGCAGTCGCGCGCCTCGTCGGGAGGTGCCCGCACGAGCCGGGAGCGATTCAGGCGACGCTGGCGGACGCGCCCGAGGACAATCCGGCGTGCAGAACCGGCCGCGACGGTCCGAGCCGACGGCGCGGCGCTCGGCCGGCCGGCCGCTGGCACGCGCTTTGGGAATCGCAGGGGACCCCCCGGACCGTCCCCGTGCCCGCTCTCAGCGTCCAGTCGCCCTTTTCCTTGCCCCCCGCCGCGCCCGACGGCGGGGCTGTGGACCGCGCGCTGGCAGAGGCCGGGACCGTCTCCGGCGCCTACGTCCGGTCGCCGTGCCGCTTCCGCCGGCTCGGGCCGGCCGCCGAGGCGCTCGTGCAGCCGCTCCGGGCCGGCGGCGCCTGGGTGCTCGTGACCGTCAGCGGGAGCCGCGGGAGCGCCGAGGACGGCCACCGGGTCCACCTCCGCGAGCGGTGCCTGACGGCCGTCCAGCGCTTTATGCTGGCGCTCTCGTGCGAGGGCGTCGACAACTGCTGGGTCGACGCGGCCCTCCCCACCCCCGCTGCGTTCCGCGCGGCCGGCCTCGACCTGGGCGCGGACGTCCCCGTCGGGCTCGTGTGGTGCGCCGAGGGCTGAGTCATTCGCGAGGGGGCCCCGGCGCGCGGTACGTTGGTCCGTCCCCCTTCGCGCCCGCCGTGCCGACTCTCCGCCTCCTGCTGCTCGCTGCGCTCGCGGCCGCCGCGCCGTTCGCCCAGACTGCCGACTCGCTGGCGGCCGACTCGTTCGCGGTCCCCGCCCTCCCCGATAGCGGCTCGCGGGCACTCCCGGACTCCGTCCGGTCCGGCGTCGTCAGCCTGGGCGACTCGGCCGCCGCCCGGCTCGACTCCGCCGCCGTCGCCGCGCTCGCCGACACGACGACGACGCTCGCGGACGCGCTCGGCGACGGCGTCGCGGTGACCCTGCTGGGCCGGACGCTGTTCACCGTCTGGGGCGGGCTCGGCGACGTCTCGCCGGTCGAGCGGGCGGCCCGGCTCTCGGCGCGGCTGGCGGACCTCGCCCAGAACCGAGAGGTCGACGCCGACCGCATCCGCATCGTCGACGGTAACACGCTGACCACGCTCCAACTCGGCGACTTCATCGTGATGACGGTCACCGACGAGGACGCCCGCGCGCTCGCGCGCTCGCGGACGGAGGCCGCCCAGCACTACCGCGCGCTCATCATCGACGGCCTGGCGGCGTACCGTGAGCAGGCCACGATCAAGGGCGTGCTGTGGGGACTGGCGTACTCCGTGTTGGCGCTCGGCGTGCTCGTGCTGGCGCTGCGCCTGCTGGGGCGCCTGTACCTGTGGCTCGACGAGCGGACGGCGCGCATGCGGGCCCAGTACCTGCGCGGCATCAAGATCGGGACGCTGGAGGTGGTCGGCCGCAATCAGGTGGCCCGGTTTGGCCGCGCGCTCGTCAGCCTGACGCGGCTCAGCCTGTCGCTCATCCTGGTCTACTTTTTCCTGACGTTCGCCTTCGGGCAGTTTGTCTGGACCCAGAGCTGGAGCGAGAACCTCCTCGACGCCGCGCTCTCGCCGCTCCGCCAGCTCGGCGCCGTCCTCCTGAGCTCGATCGACAACGTCATCGCCATCCTGGTGACCGTCGTCGTCGTCCGCTACGTCATGCGGATCTCGGACTACCTCTTCTCGCGCGTCGCCAGCGGCGAGGCCGAGATCGCCGGGTTCCACGCCGAGCTGGCCGACCCGACGCGCAAGATCGTCAAGTTCTTCCTGATCATGATGGGCCTCATGCTCATCTATCCGTACACGCCGATCGCCGACAACCGGGGTTTCCAGGGGCTGACGGTCTTCTTCGGACTGCTCCTGTCGCTCGGGTCCTCGACGGCCATCTCGAACATGGTGGCCGGCGTGGTCCTCACCTACACCCGCGCCTTCCGCGTCGGCGACCGCGTCCGCGTGGGCGACGTGTTCGGGGACGTGGTCGAAAAGACGTTCCTGGTCACCCGGATCCGGACGACGAAGAACGAGGACGTGTCGGTGCCGAACGCGAACGTGCTCTCGAACCACATCGTCAACTACTCGCGGATGGCGCGCGAGGGGAGCGGCGTCATCCTGCACACCTCGGTCACGATCGGCTACGACGTGCCGTGGCCGCGCGTCCACGCGCTGCTGATCGGGGCGGCCAAGGCGACGGACTGCGTCGAGTCGGAGCCGCCGCCGTTCGTGCTCCAGACCGGGCTCGGCGACTTTTCGGTCGCCTACGAGCTCAACGCCTACACCAAGGAGGTGACGCGGATGGCGCGGATCTACAGCGACCTCCACCAGCACGTCCAGGACGCGTTCGGGGATGCGGGCGTCGAGATCCTGAGCCCGACGTACCAGGCCTTCCGCGACGGGCCGTCGACGGTCCCCGACGCCGAGGCCCTCCACGACCGCGCCGACCGCCGCGCCGCCGAGACGCCGGCCACGGCGACGGACGGCGCCGACGTGACGCCGCTGCCGGAGACCATGGTCCCGCCCGTCGAGCTACCCAGCTTCTTGCGCGACGAGAAGGGCGAGGAGTCGTAGAGGCCGAGAGGAATCGAGAAGAAGAGGGTGGCGGGGCGGCCGAATCCGGGCGTTCCTGCTGGCGCCGGGCGCCGCGGCCCGCAAGCTTGGAGGCCTGTCCACCGCTGCTTGCGCCGTGCCCGACCTGACGCTCCACCACGCCCACCGCTGGGACCTCACGCCGACCGAGGCGGTCGCCTTGCAACGCGAGCTGGCGCCGCTCGTCCGGGAAGCGCCGCTCGACCTCGCCGCCGTCCGCACGGTCGCCGGGCTCGACGTATCGGTCCGCGACGACCGCGTCCGCGCCGCCGTCGTCGTCTACGACGTGCGCGAGCGCGCCGCCGTCGACCACGCGATCTGGGAGGGCCCGACGCCGTTTCCCTACGTGCCCGGGCTGCTCAGCTTCCGCGAGGTGCCTGCGATCCTGCCCGCACTGGAGCAGCTGGAGGCGCTGCCCGACGTGTACATGCTCGACGCGCAAGGGCTGGCGCATCCGCGCCGGTTTGGGCTCGCGTGCCACCTCGGCGTGCTGCTCGACGCGCCCGCGCTGGGCGTCGCCAAGTCGATTCTGGTGGGGCGGGTGGACGGGCCGTTGAGAGAGGTCAAGGGGAGCGGCGCGCCGCTCGTCCACCGCGGCGAGACGGTCGGGCAGGCGCTCCGGACGCGCGAGGGCGTCAAGCCCGTCTACGTCTCGGTCGGCCACCGGGTCACGCTGCGCGACGCGGCCCGGCTCGCGC
NZ_CP177357.1_gap103	4166868	4167368	500	CGGGGCAAGGCCCGCAGAGAGAGCATCCGCCCTCGGGAGCCCGCGAAGGTAGGTCGCCGCAGGAGCGCGCGACAAGGGCCTCACGCGATGTTGACACGTCCCCCACGCGCCCTCCTCAGGGGGTGACGTCCCGGGCATCGCCTGGCCCGACGGGGAGCGCCGGCCGGCCCACCGGCCCCCCACAGGGCCCGTTCTCGCGCCGTGTCCATCCCATCGGGGAGGGCACTCCCGTGTGCATCGGGATTCTCCGGGGGGAACCTCACCCTTCACTCGAAGCCGTTCGTTGACACGGTGTGGATAACCCGATTGCGAAACCGCGACGAGGACGGCCGTGCCCACCACCTCGGCGGAATCTGGCCGGTCCTGACTCTACGGGCTGTGACTATCTCGTTGTCGCCCATCGACGTCGAAAGTTTTGGCGCAGGCGACTCGCGCGTGGACAACCAAATCCGGGAACCCGCCCCTAGGGGCCGTGCGAGGGGGAGACACCCGTTTGGCAT
