gap_id	start	end	length	sequence
NZ_CP166122.1_gap1	44067	46467	2400	TATTGCGAATACTTATATGACTCATAAAATTTCTGTTTTACATCAGGATAAAAAGTTTGATTTTTCTTTAAGGCCAAAGAAACTAACAGAGTTTTGTGGGCAAAAACAATTGAAAGAGCGATTGGATTTATTTCTTCGAGCTGCTGTCCAACGGAATGAAGTCCCCGGACATTGTTTATTTTATGGTCCCCCAGGTTTGGGTAAGACTTCGCTAGCACATATTATGGCTAACACGATAGGAAAAGGCTTGGTAATTGCTTCCGGGCCGCAGTTGTTAAAGCCTTCCGATCTCATAGGACTATTGACCGGTCTACAAGAGGGAGATATTTTTTTCATCGATGAAATCCATCGCATGGGGAAAGCTGCTGAAGAGTATCTCTATCCTGCCATGGAAGATTTTAAAGTAGATATTACCTTGGATTCTGGTCCCGGAGCTCGCTCAGTGCGTCTCGATTTAGCTCCATTTACTTTGGTAGGTGCGACCACTCGCGCTGGAATGTTAAGCGAGCCTTTGCGTACGCGTTTTGCTTTTACTGGGCGTGTAGATTACTATACTGATGAAGATCTTGTTTCCATTCTTTCTCGTTCCTCTCAGTTGCTCTCCATAGAAGCCAATCAGGAAACTCTATTAGAGATTGCTAGAAGGGCTCGAGGGACACCACGTTTGGCTAATAATTTACTTCGATGGGTGCGTGATTTTGCTCAAATGCGAGAGGGAAATTGTATTAATAGCGCCGTAGCAGAAAAAGCTTTAGCTATGTTATTAATAGATAACTTAGGGTTAAACGAGATTGACATTAAGCTTCTCTCCGTGATGATTGATTTTTATCAAGGAGGCCCCGTTGGAATGAAAACGCTCGCAATGGCGGTAGGGGAAGATGTCAGAACTCTGGAAGATATGTACGAGCCCTTTTTGATTTTGAAGGGTTTGGTTCAGCGAACCGCAAGAGGACGGGTTGCAACCCCTTTGGCATATGAACATCTTAACAGGAACCCTAAGGACAGGTGGGGAGAAGAATAAAGTGAAAAAATTAAATCTACTCGTACTGCTAGGAGTTTTTTGTGGTGTAAGCGGTGTTGGAGATGCAGATGTTAAAGTATCCGATGCCCTATCGCAATCTATTCTTGTCGAACCAAAAATCCGAGTTCTTTTGCTCAGTGAAAGTACTACAGCTTTGATTGAGGCTAAGGGAGCTTTTTCAGTATTCGGAGATGGTGAGCTTTTACGGGTTTCTTCTCAAGGACAACGTTGTGCGGCGCATGCTTTGTATGGAGGCATTCGTTGGGGAGAGAATTATCCCAACGTTGAGTGTCTAAAAATCGAACCTCTTGATGGAGCAGCCTCGCTGTTTGTTAATGGTATTCAATACAAGGGTGCTATCTATATTCATAGAACGGATCGCAGCTGTTTGTTCATAGTGAACGAGCTCGCGGTAGAAGACTATCTAAAGTCCACTCTTTCCGTAAAATATTTGAAGGAATTAGATAAGGAAGCTTTGTCAGCTTGTGTGATTTTAGAGAGAACGGCTCTTTATGAGCGTCTTCTTGCTGGAAATTCTCATAGCTTCTGGCATGTCAATGCTCAAGAGGATCGTTATGGAGGATTTGGTGTTACGTCGCAGTTTTATGGTGTAGAGGAGGCTGTAGACTGGACCTCTCGATTGGTTCTCGATAATCCGGAAGGGCTAGTGTTTAATGCAGACTATCTATTGCGAGCAAATGTAGACCGCTTAGCTATAGAAGGCTACAATGCTCGGCAGATTTTAGAAAAATTCTATAAAGATGCAGATCTCGTAGTGATTGAGTCTTGGGAAGATGATTGTAAAGGTGCTTAGAGGCATATCCCAAGAAGCTTGGTAGCAAAAAGACCCATCTCTAATGAGCTGGGTCTTTTTTTTTATCTAGATTCCAAGGAGGTTTTTCTTCTGCTGATGGCTACCAAAGAGCTATAAGGTTCAAGAGAGAGTTTGGGAGATAATATCTGAGAAAAGAATCCTGTTGTGCTATCTACAATTTTTTCATAGGCCAAATGTTCTTTTCTAGGTTTAGGTAAAGAGATTTCAATACGTTCATTCCCACTATAAAACGCTACGAATAAACTGTAGTTCAGGTGTTTCAACTCAAAAGCTAGATAATGATCGGCTCCCCACTCTCTGGGAGAACCTTTTGTATTTAGCCAGATAATCGTATCTTCTGATAAGAAAGAGGTATTGAATAATTCGGTATAAGCTTTGCGCAGAGCAACGACTTGGCATAAGAAAGAAAACAGTTCTTTCCTTTCAGCTAATCGATCCCAAAGAAAGTAATTGATCTTTGTGTCTAAGCACCAGTGATTATTATTTCCATAAGCTGTGTGCCCATATTCATCTCCGGATTGTATCATGGGAATTCCTTGAGATA
NZ_CP166122.1_gap2	51809	53167	1358	AAAGCTAAAAAGGCTCCAGTAAGAAAAGTTGCAGCTAAGAAGACTGTAGCTCGCAAAACAGTAGCTAAAAAAACTGTAGCAGCTCTTAAGCCTGTAGCTAAGAAAGCAACGCAACAGCTAAAAAGGCTCCAGTAAGAAAAGTTGCAGCTAAGAAGACTGTAGCCCGCAAAACAGTAGCTAAAAAAACTGTAGCAGCTCTTAAGCCTGTAGCAAAAAGAGTAGCTTCAACAAAAAAATCTTCCGTAGCAGTAAAAGCTGGAGTTTGTATGAAAAAACATAAACATACTGCAGCTTGTGGACGTGTAGCTGCTTCTGGTGTAAAGGTTTGCGCTTCTGCAGCTAAAAGAAAAACGAATCCTAACCGTTCTCGTACAGCTCACAGCTGGCGTCAACAATTAATGAAATTAGTCGCTAGATAGTCGTATCGCTTTCGATGATTTTCTAAGTAGCCGGGAATAAGAATTCTCTTTTCCCGGTTTTTTGTATTTATTGGCTGAGTCGAAATGCCTTAAGAAGATAAAATCTGGGAACAAAAAGAATAATCCCAGAATTATTGGGTTTTGGCGATGGATTATGGGAAACAGCCAGAATAGTATTCACATAACGTCTACTAAAGATTTTGTTCAGTATATTGAACGTGAACGATTTAGAGTGATTGTGATTGGCTCTTCATCTCTTGAGGACAAAGATATCTTTTCGGAACTTTATATTTCTGGAAGGAAGAGCTTTTTTGACGGACAGCGTTTGTTGCAACAAGAGCTCTTATCTTGGACGGATCATTTTGGTTTGTTCGCTTCCCAAGAGACTATAGGCATTTATCAAGCAGAGAAAATGAGCTCTTCTCTACAAGAGTTTATTATAGATTACACTCAGCATCCTAACCCGAATCTTACGTTGTTCCTTTTCACAAATAAAGCAGAGCTGTTCTCTTCTTTATCTTCGAAGCTTTCTAATGCTCTTTGTTTATCTTTATTTGGGGAGTATTTTGCTGAGCGAGATGCTCGCATAGCTCAGGTTTTGATAAAACGTTCTAAAGAGTCGCAGCTTTCTTGCTCTTTAGGAGTTGCAAAGATTTTTGTGAGTAAGTTTCCTCAGACAGGTTTATTTGAAATTCTTAGTGAATTTCAAAAGTTGATTTGTCAGATGGGAGACAAGGAATCTATAGAAGCTTCGGATATTCAATCATTTGTAGAGAAAAAAGAGGCGATCTCTCTGTGGAAGTTGCGAGATGCTCTTCTTCGTAAAGACCGTGTCGCTGCACACAGTCTGATGAGATTTTTGGTGTCTGATATGGGAGAGGAGCCTCTGGCGATTCTCAACTTTTTACGTAGTCAGTACCTCTTAGGACTGAGGGCAGT
NZ_CP166122.1_gap3	67305	71167	3862	TGTTTTTTCGCGGTTTTTTCTACGGCATGGAGTAAGGATAGTTTAGCAGACTCGATCCATTTTGGCTGTTTGCTTAGCGCTCTTGGAACAAAATCTCCGAAAGCAGCGATTAAAGGAATTTGGATCATACGACAACCACAACGAATAGCCTCTTCGAAACAAGCTGTGTAAGCTCGTAAGGTTATCTCATAGCAAGATTTAGAGTCATCTTGATACATAGAAGCTTTAGGAGCTAGCATTTGGATGAACAATAGAGGCTTGTTATAGGTCTTTGTTTCCTCATCCCAGCAAGGCACTAGATGATTTTTGTCTTCCCAGGTGGCAGAAGAGCATTCTCCTGGAAGTAGGATGCCTGAGTCGGGTTTCGATTCTTCCCAGCACTTGTCGGTAAGCACAGCAGGGAATGCATCGTTCACTCCTAATCCTCCTTGGCCTCTCTTCGCGAAGGCTGCCGATTGCGTGGCATTTGCAATCGCAGCAGGTAGATTCGATTGCATTCTCAAAGAAGAAAATTGGCCTGAAGTAGAGACAAAAATAGTATGAGTGGAAGGAATATTCCAGGCTCTAAATCTTGCTGAAGGATTTCTGAAGGACAGAGGCGTTTTGTCATTAGCAAGGAAAAACGGCATCTGTCTTATCGATCCTATGCAGTTCCATCCAAAAAGCATTTCACCGATCGTTCTTCTCAGTGGTCTTGGAGGTATGAAATCTGGAGGAGGAGGAGCTATAGGTTTAGGTCTTTTGATTTCAGGCAGCTCGGGAGTAGGTTCAGCAGGGAGTTCGGTAGAAGGTCCTCGGGACACAATTTTTGGGGGACAAACATATCGACAGAGAAATAGTCCTGAAGCAAAAAGACTGACACCTAAAATAACAGCAGAAACGGCGATTAGGGCAGGAAGGGAGGCTAAAACGCCAATCACGCAACCAGCAAGTCCTAAAATGATTCCAGACGCAAGAGAAGTAATGAGAGCGCGTCTAGGAGTCAAAACAGGAAGTTGACAAGAAGGACGTATAGCATTCTGTATTGCGGACAGCGATGTAAACATAAACTCTTAACTTTTAAAATTTTTGCCCAAGAGCAAAGGACAACACACCGTGTTGCGCAAGAACGCAAGTGTCCGGAGGCTAGAAAGTTATCTTAACGCAGCCACCTTTAATGCAGCATTGACAAGCCAAACGTTCATTAGAATCTTCAGGATCACCTAAAAAATCATACTCAGCCTCAGAAAAGTCAGATAGGTTATCCGCGCCTTCCAAGACCTCAATCACGCAAGTCCCACAAACTCCTTCCGTACAAGCCAAAGGCACGCCAGAATGTTCGCAAACCTCTGCTATAGAGGAACCGTCTTCTAAATGGAACTCTTGATTCTCGTCATCTGCTGAAATGATGAGCTTAGCCATAGGACTCCAGAAGGAAAAAGAAAAGATTAGTTAAGAATCGGAGTAGAGGGATTCGAACCCCCGACCTATTGCTCCCAAAGCAACCGCGCTAACCAGGCTGCGCTATACTCCGATTTAAAAAAGTAGGAGCTAAGGAAGTTAGCATATTGCCTACATACTAGACAAGAGAAAGATACTGTAAATGCAAAATATTCTTCGAACTTCTTCTTGCAGATATATGTTTTTGCTGGGTATTCGTTCGGTGTGGAATCGGGTGGCTGTTGTGAATAACTTTAGAGGAAGTTCATGGAAAATTGTAGCAATCCCCAGTTGTATACTGTTTACTTTGATATTCCATTTGCCTAGATGGCTGATTGATTTTGGGGTATGTACAAATTTAGCGTGCTCCTTGTCGATCATTTTTTGGGTGTTTTCTCTACGCTCTTCAGCTTCGGCTCGTATTTTCCCTTCGCTCCTTTTGTATCTTTGTCTATTGCGACTTGGCCTGAATTTAGCCTCCACCCGATGGATTTTATCTTCTGGATGGGCTTCTCCTTTAATTTTTGCGTTAGGGAATTTCTTTTCCCTTGGGAGCATCCCGGTTGCTCTTACGGTATGTTTACTCCTGTTTTTAGTGAATTTTCTCGTCATAACTAAAGGAGCGGAGCGTATTGCGGAAGTGCGAGCTCGTTTTTCATTAGAAGCGCTCCCAGGTAAACAAATGTCTTTAGATGCTGATATTGCTGCTGGAAGGATCGGGTATAGCAGAGCGTCTGTTAAAAAAAGCTCTCTTTTAGAAGAGAGTGATTACTTCTCCGCCATGGAGGGCGTATTCCGCTTTGTAAAAGGCGATGCGATAATGAGTTGGGTGTTGTTAGGAGTGAATATCCTAGCTGCTCTGTTTTTAGGACGAGCTACTCATGTTGGCGATTTGTGGTTAACTGTATTAGGCGATGCTTTGGTGAGTCAAATTCCAGCATTGCTTACATCGTGTGCAGCAGCAACGCTTATAGCTAAAGTTGGGGAAAAAGAAAGTCTAGCGCAGCATCTGCTAGATTATTATGAGCAGAGTCGCCAGAGTTTTCTTTTTATCGCTTTGATCCTATGTGGGATGGCTTGTATTCCAGGAGCTCCTAAAGCTCTGATCCTAGGTTTTTCAGTTTTATTATTCTTAGGGTATAAGAATCCTTCTTCAGGAGAGACTCTTCTCTTCCAGAAAGAACGGGTAGAGTTTGTATTGCCTGATGAGGGAGTGGGAAATCCTGCTAATTTGTACAAGGACGCCCGCAATCAGATTTATCAAGAGTTAGGCGTAGTTTTCCCGGAAGCTATTGTTGTACGTTATGTAACAGGATCTTCTCCACGTTTAATCTTTTCTGGGCAAGAGGTCGCTTTGAGAGAGCTGTCTTGCCCAGCTATACTAGAATCGATTAGGCAGCTAGCTCCAGAAACGATCAGTGAACGCTTCGTTGCTCACTTAGTTGATGAGTTTCGAGAGCATGCATTCTTATCGATAGAAGAGATCCTTCCGTTAAAAATATCAGAGAATTCTTTGATTTTCTTATTGAGAGCTCTTGTTAGAGAACGAGTGTCTTTGCATTTATTCCCTAAGATTCTCGAAGCTATAGATGTATATGGCTCTCAATCAAAGAATTCTCAGGAATTGGTAGAGTGTGTACGAAAATATCTTGGGAAGCAAATTGGTTTATCCTTATGGAATCGCCAAGATGTCTTAGAGGTAATTACGATAGACTCTCTGGTTGAGCAGTTTGTGAGAGATTCACAAGAAAAGGTTGTGTTGGATTTAAATGAAAAAGTAGTTGCTCAGGTGAAGCATTTATTGCGGGTAGGGGAGGGGAATTTTCGAGCTATCGTAACGGGATCCGAAACAAGAAAAGAACTGAAACGCATAGTGGATCCTTATTTCCCAGATTTATTGGTTTTAGCACATAGCGAACTTCCAGAAGAGATCCCTATAACTTTGTTAGGAGCGGTGTCTGATGAGGTTTTATTATCATAAAAGAGTTATTGATTAGGAGTTATGTGTTAGTTGTGTAAGGGTAGATATTGTTTAAAAATTTTATTTGATTTAGCCTTATTTTTTAGTTTGTAAAAGAAATTTTTTTTGTGAAGACTCACGATCTCGCAGATACTTGGCAGCTATATTGGTCGACAAAAGAAATCCATCATAGGGATGTTTTGATCGAATCCTACCTTCCTTTAGTAAAGAATGTAGCGCATCGGCTTGCTTCAGGAATGCCTTCTCATGTAAAGATGGAAGATCTTTATGCTCTGGGGGTTGAAGGGTTGATTCGTGCTGTCGAACGTTTTGATCCAGAAAAAAGCAAGCGATTCGAGAGCTATGCTCTTTTTATCATAAAAGCTGCGATTATTGATGGATTGCGCAAACAGGATTGGGTACCACGCAGTGTTTATCAAAGAGCCAATCGATTAGCTGATGCGATGGATTCTTTGAGACAGA
NZ_CP166122.1_gap4	74329	76432	2103	CTTTGGAGCTCATGGTTATGAGCGTCGAGACTGTCCTCGAGGGGAGTTTTATCATACGGATTGGCTAGAAACCAAGAAAACTTTTAGAGTATAAAACAAGAAGGCCCAGTAAACTACTGGGTCTTTTTTATGAAGCAATATAGCTAGAAGTAGTCTACTCCATTTTAAGGACTTCAACAAACGCCGTGTTCGGAATGGATACTTTTCCGAATTCTTTCATTCGTTTCTTCCCTTTTTTCTGTTTGTCCCACAACTTGCGTTTTCTTGTGATATCTCCACCATAGCACTTAGCAGTTACATTTTTCGCTAAAGCTCGAATCGTCTCTCTGGCAATAATCTTTTTATTGATGGCCGCCTGAATAGGGATTTTAAAGAGCTGAGGAGGGATAACATCTACGAGTTTCTCGCAGATGCTTCTGCCTTTTGATTCTGCTTTGTCTCTGTGTACAAGGCAGGAAAAGGCATCAACAGCCTCATCATTAATTAGAATTTCCAGCTTAATGATAGCACCCTTTTTATAATCTCCTAACCGGTAATCAAAGGAGCCGTATCCTTTCGTCACAGATTTGAGTTTATCATTGAAATCAGAAACAATCTCATTGAGAGGCAGCTCATATGAAAGCACCAGTCTGTGTTGGTCAAGCATATCTGTTTTTAGACAGATCCCACGCTTATCCATACAAAGGCTCATAATATTGCTGAGATACTCTTGAGGCGTAATGATATTAACATGGACCCAAGGCTCCTCCATGTGTTCAATAAGAGCTGGGTCAGGATATGCTGTTGGGTTATCAATAAAAAGGGTTTTACCATTTTTTAAGACGACTTTGTAGATAACGCTAGGAGCTGTAGCAATAATATCGAGATCAAATTCTCTAGAGATTCTCTCAAAGATGATTTCTAAGTGCAGCAGTCCTAAAAATCCACAGCGGAACCCAAATCCGAGAGAGTGACTGCTCTCTTGTTCAATCGTAAGAGCTGAGTCGTTTAGCTGCAATCGGCCTAGAGCATCTTTCAGGGTATAAAAGTCAGAAGAATCTATAGGATAGATACCAGCAAACACTACAGGTTTGATTTCTTTAAAGCCTTCTAAAGGCTCTTTAGCAGGATGTTTAACAGTAGTGACTGTATCGCCAATTTTTACATCCTTTACTTTTTTTAGGTTGGCAATGAAGTATCCCACTTGTCCGGCTCGTAAGGATCCTTCTATGAGAGTAGCTTCCGGTAAGAAAGCTCCTATTCCTAAGACCTCAAAAGAGGAGCCTTTGGTTGCCATGAAGGTAATGCGATCTCCCTTTTTGATTTCTCCACTGATCACGCGTACATAAACCATGATTCCTACATAAGGATCGTAGTGAGAATCAAAGATCAAAGCTTTAAGTTCTGTTTCCTGTGGAGGTTTTGGTGGGGGAACGAGTCGTATAATAGACTCTAAAATTTCAGGGATACCCTGACCTGTTTTCGCTGAGCAAGCAATGGTGTTTGAAGTATCTAATCCGATGAACTCTTCGATTTGTTTTTTTATAGCTTCTGGTTGAGCAGCAGGTAAGTCTATTTTATTTAAAACAGGAATGATTTCTAAATCTCGTTCTAGAGCCCGATATACATTAGCTAAGCTTTGAGCTTGAACACCTTGGGCAGCATCTACTATAAGCAGCGCTCCTTCACAAGCTGCTAGTGATCGGGATACTTCATAAGAGAAATCTACGTGTCCAGGAGTATCTATTAGATTGAGTTCGTAAGTCTCCCCTTCGTATTCATAGGTCATAGTGACCGGATGCGCTTTGATGGTAATCCCGCGTTCTCTTTCTAGATCCATAGAATCTAAAAGTTGTTCGCGCATCTCTCTTTGTTCGATAGTACTAGTACTTTCTAACAAACGATCTGCGATCGTAGATTTCCCGTGGTCGATATGAGCAATGATAGAAAAATTACGAATGTTCTCAATTTTATACGGTTTCAATGTTTTTAACCGAGTTTTTGCTTCGAAAAGGACATGTTAACGGAATTGTGAGTTGTCTATCTAGAGAAAAGTAATCTAGATCTAGAAGAGTTTATAAAAAAGGCGAGGGGATTTTTAAAGACAAAAGAAAAGCCCCGTCC
NZ_CP166122.1_gap5	77582	81757	4175	CTTCCCCAAAGTTCAGAAAGCACGTAGAACACAGCAAATGTCCAGTTGCGTAGCATCGCAATGAATCCCATAAATCCGGAAGGAAGAATGGATTGTAGAGTATCAGCGAAAGCTGTTGGGTGAAGAATATGACGGCAAGGGTAGATCACCACAGGGAACAGTGCGAAGAATACAACGAATGGTGAGAGCACTACGAAGAAAAGAGCCTGTTTGTTCAAAATATTGCTTAGCTTGGCGTAGATAAGCATGAACACAACAGCAGAAGGGACGACTAGCCACAACTTAATGAAAGGAATGGCCTCTGCTCCAGATCCCGGTGCTGTAACGATAAGAGTATCTTTTGTATCTCTCAAAATCGTGTAATTGAATGAAATACAGAAGAACATTAGGAACATTGGCAGAACTTTCTTCAGCTCATGCATGTGTATCGGCCAAAGGAAAGAGCGCAATTTTCCAAAAGGTTTTTCCGCGGTTTGAGTCATATTTCACCCTCTGAAAAGCTTATGTTTATTGTTAAGTTTTCTTTGTTGATCAAATCAACGAAGATTTAAAGTATTTCTTTAAAAAGTCGTGAAAAAATTTTGATTTCACAACTCCCTATTCCGGCTGAATCTTCGATTACGTGAGGAGGAGATGCCCTCCACTCAAGGAGCCCAGGAGGGCGGAATAAAAAATGGCAGAAATCCAACCTTTAGGAAAAGAGTATACCACCAAAGGTCTAGGAAGGCAATAGAAAAGGGCTGTATGCTGAACAAGCAGAAGGGCCCACTGAGAACGAGCCTCTGAGAAAAAAAGCTTTTATTAAAAAATTAAAAAAATACTTTACAAAACTTATTCTGTAGGTTGAGAAAGAGCTTCAACGTAAGCATTCCAAAGCTCCGTACTTACAATATTATTGCGGATAGAGCGAATTAATTCTCTTTTTAGTGATGGAAGAGGTTTTTTGGGGCTGAAGCGAGCCAAAAGATCTTTATCGCCAACTTGACGAGCTAACTCTAACACCCGTTCGATATCGGTTTTTGTGAAATTCACAAAGTCTCTGCGCTTTTTAGAACCTCGAGGAGCTCGTGGTTTAGGGCTAATGGATCTGGGAGTGATAGAATCGATCACAAACGTCTTTAACATTTTTAACAGTTGCTCAGGAGCAGAGTTCTTCATTTTTTTTAAAGTAAAATGATGCATGTAGCCGCCTGTTGGCCCTGGGAGATAACGACAAAGATCATTTTCTTTACTTCCTCCGACTTTGCTAATCGCTTTAGTTATGAGCTGCTCTATTTCTTCTTGGATAGTAATCTGTGCCGTAGCCATGAATAGCTCCTTAGTGGGTAGTCTAGTTCTACAGATGGTAGTTTTTGCTTTATTAATTGTAATAGTCAACTAAGTCTGTTTTTTTCGATTTAATGTTCAGTCGAAATAAAAATCAATTAGTGTTTATCTTTTGGTGAATTCTATAGTGGTTTTTGCTTTTTTCGCAATCTCATTTTAGAGATTTTTTTGATTTGGACAAAAGAAAATAAAGTACTTCAGATTGTTTTCTAAGTTTGTTTGCATAAACAGCCATCATTTATGCAGGTTAGTAGCAGAAATCTGTTTGGAACAATTTTACTTTTCTTCAGACTTTTTATAGTTGTTTGCTTAGAAAACACGTATTAGTATGCATTTTTCTTAGTTGTTAAAATTATTTAGAATTGTCTCTTCGAGATGAGAAACGCGCTAGATTTTCCTTTCGGTTGAGGATATAAATTCATTCTGTTAAAAGTATCTTTGCGATAAGCGAGGTTCTTTTTTTGGAGGGGGAGCTCCTTACAGGAGGCTTGTATCCTTTAAAATAGAGTTTTGCTTATGACCCCATGTGGCGATAGGCCGGGTCTAGCGCCGATAGTAGAAATATCGGTTGGTTTTTGTCCTTAAGGGGATCGTATACTTTTTCAAAGTATGGTCCCCGTATCGATTATCTGGAGGCTCTTATGTCTTTTTTTCATACTAGAAAATATAAGCTTATCCTCAGAGGACTCTTGTGTTTAGCAGGCTGTTTCTTAATGAACAGCTGTTCCTCTAGTCGAGGAAATCAACCCGCTGATGAAAGCATCTATGTCTTGTCTATGAATCGCATGATTTGTGATTGCGTGTCTCGCATAACTGGGGATCGAGTCAAGAATATTGTTCTGATTGATGGAGCGATTGATCCTCATTCATATGAGATGGTGAAGGGGGATGAAGACCGAATGGCTATGAGCCAGCTGATTTTTTGCAATGGTTTAGGTTTAGAGCATTCAGCTAGTTTACGTAAACATTTAGAGGGTAACCCAAAAGTCGTTGATTTAGGTCAACGTTTGCTTAACAAAAACTGTTTTGATCTTCTGAGTGAAGAAGGATTCCCTGACCCACATATTTGGACGGATATGAGAGTATGGGGTGCTGCTGTAAAAGAGATGGCTGCGGCATTAATTCAACAATTTCCTCAATATGAAGAAGATTTTCAAAAGAATGCGGATCAGATCTTATCAGAGATGGAGGAACTTGATCGTTGGGCAGCGCGTTCTCTCTCTACGATTCCTGAAAAAAATCGCTATTTAGTCACAGGCCACAATGCGTTCAGTTACTTTACTCGTCGGTATCTATCCTCTGATGCGGAGAGAGTGTCTGGGGAATGGAGATCGCGTTGCATTTCTCCAGAAGGGTTGGCTCCTGAGGCTCAGATTAGTATCCGAGATATTATGCGTGTAGTGGAGTATATCTCTGCAAACGATGTAGAAGTTGTCTTTTTAGAGGATACGTTAAATCAAGATGCTTTGAGAAAGATTGTTTCTTGCTCTAAGAGTGGACAAAAGATTCGTCTCGCTAAGTCTCCTTTGTATAGCGATAATGTCTGTGATAACTATTTTAGCACGTTCCAGCACAATGTTCGCACAATTACAGAAGAATTGGGAGGGACTGTTCTTGAATAGAGATAATGCAATTGCTTGGTCCGTAGAGGATCTTTGTGTTAATTATGATCACTCAGACGTCTTATGTCACATTACTTTTTCTCTGCCTGCAGGGGCAATGGCTGCTATTATTGGGCCGAATGGAGCTGGTAAAAGTACTTTGCTTAAGGCTTCTTTAGGACTGATTCGTGCTTCTTCTGGCCAAAGCTTGTTCTTTGGTCAGAGATTTTCCAAGGTACATCATAGAATAGCCTATATGCCTCAAAGAGCGAGTGTGGATTGGGATTTCCCAATGACTGTTCTTGATCTCGTGTTGATGGGGTGTTACGGCTATAAAGGAATATGGAATCGTATTTCCACTGATGATCGTCAGGAGGCTATGCGTATTTTAGAGCGGGTTGGTTTGGAAGCTTTTGCAAGTCGTCAAATAGGTAAGCTCTCTGGAGGACAACAACAGAGAGCTTTTTTAGCGCGGTCATTAATGCAAAAAGCAGATTTGTATCTCATGGATGAGCTGTTCTCTGCGATCGATATGGCCTCTTATCAGATGGTTGTAGATGTTTTGCAAGAGCTTAAAAGCGAAGGGAAGACTATTGTGGTCATTCATCATGATTTGAGTAATGTCCGGAAGCTTTTTGATCATGTGATTTTATTAAATAAGCATCTTGTGTGCTCTGGAAGCGTAGAAGAATGCTTGACTAAAGAAGCCATTTTTCAGGCTTATGGGTGTGAACTTGAGCTTTTGGATTACACACTCAAATTGTCTAGAGGCAAGTACCAAGGATCGTGCTAGATGCTGAGTTGTATATTTCAGGACACTATCTTTCTATCCAGTTTTTTGGCAGTTTCGCTGATTTGCATGACGACTGCCTTGTGGGGGACTATTCTTTTAGTTGAGAGACAGCCCTTATTAAGTGAGAGCCTTTCTCATGCTTGTTATCCAGGGCTTTTAATAGGTGCCCTTCTTTCTTATAAAGTTCCTGCATTTTCAGATTCTTTGTGGGTTATTATCTTTTTTGGTTGCCTAGCTTCTGTCTTGGGATGTTTAGGAATCTCATTTTTAGAAAAGAAATTAGCTATGCATAAAGATTCAGCTTTATGTTTAGTTTTGGTTTCATTTTTTGGCGTAGGGGTGATTCTTGTTAGTTACGTCAAAGATTGCTGTCCTCTTTTATACAACAAGATTAATGCATATTTGTACGGCCAAGCGGCGACTTTAGGGTATACAGAAGCCAAGCTTGCATTGAT
NZ_CP166122.1_gap6	84456	85183	727	GTAGCCCTGCAATAGGTCCAGGATTCGATTTTCTTTCAAATCGCACTCTAGAGTTTTTCCCGATAGATGAAGATAGATTCCCTAGTGTTCATCTAGCGAAGCGAGTGCTTCTTGAAAAGGGGTCTATGGGGTGTTTTTTCAATGGCGCCAATGAGGCTTTGGTTCATCGATTTTTAGCAGGCGAGATTTCTTGGCATCAAATAGTTCCTAAATTACAAGCTCTTGTGGATCAGCATCGCGTGCAATCCTGTTTATCCCTGGAAGAAATTCTATCGGTAGATGCTGAGGCCAGAGCTCGTGCTCAAGAGTGTTAACTATTTCTATGTTCGTGGGATGTCAGTTTTTTCGATAGTGGTGCGGAAAAAAATGATTCGTGTAGTATAGGGACGGCTCTTTGTTTTGTTGAGCGTCTTATAGTATCTTAGGCTTCCTGATAGAGGCTTGTATAGCAGCTGTTTTAAGTAGAGTATAGTCTGGCTTAGAACAAAGATCATTCAGGTATATAGAGTATGACAATAATATATTTTGTTCTTGCAGCCCTGGCTTTAGGTTTTCTGATTTTAATTCATGAACTTGGCCATTTATTAGCAGCAAAAGCTGTCGGAATGTCTGTAGAGAGTTTCAGTATAGGGTTTGGCCCAGCTCTTGTTCGAAAGAAAATGGGGAGCGTTGAGTACCGGATAGGAGCGATTCCTTTTGGGGGATATGTTCGTATCAAAGGTATGGA
NZ_CP166122.1_gap7	176375	178586	2211	CTGTGCTGCTGGATACAGAACCTTTTAATAGAGAGTTGGCTGCTGCGGTTTCTAAGGAGATCTTTTTGCTATGTAGATCCTCCACCTGTTCAAAAGATAGTTTGAGCACTTGGAAACCTATCCCTCCAAAAGTTGCTGATGCAATATAGTGTGTTCCGAATTTTTGAATAAACGCTAACCAGGAATCTGGAGAATTGGCGCTTAGTTTGTTTTCAATCCAATTGCGGAAACAACTATCTAATCGTTTTTCAGAGGGGTTCGAGCTGTCATCTTCTTTGAGTGTGTATAGGGAATGAGCGGCTGTGGAACATGTGACGGTATTCTTGGCATGTTGAGTGCTTTTTTTTACAAACTCGCAGGTAAGACTTCCTGAAAAGGCGGCTGCTTCAGAAAGATCCAAATCAGAATCTTCGGAATGGGATGTGGATGAGAGGCTGCGATGCTTCGGAGAAAAAGAAAAGGTTTGTTTTCTTTCAATTTGATAAATATGATAGTCATCCAAGCTGCGTTGAAAGCCTGATTTGATTTTCCTAATTGCATAAGCTTGTTCTGATTTGGATTGAATCTTGGAAATATCCATATCGATTAATACAGCTGCAATCGTATGGGATCCTACTTGAATCTGGTAATTGTACTTCGATTCTGTGAATCCTTGTAAGTCTAGACGGACGCTTCCCTCGGTGAGGATTTGGCTTTTAGCCCGATGTCGCCATAACATTCCAAAGGCAAGCTTGTTAATCAAGATCTTAGCCTCTCTTTTGTATCGTTTAACAATATCGACTAGTTTAGGAGAGTAGCTTGGGAATAAGTGTTTTTGAATAACACAAATTTCTTTTTGACCATTTTCTACCATGGGAGGGCTTTGAAGAGGCATAGTCGCCGCGAGGTCTGGTACACTAAAAGTAACCGATGCAGAAAAACTTCGAGTAAATGAAGTTGTTTCTTCGAAAATGGAGGTACTGATTTCTACATCAAAAGAAGGTTTAGGGAATAGCTTAGTCCCTGGAGGAATACCAAAACGACCATCCGCGCTCAGCTGAGCCGTTTCTCTTGTAAAAGAGTAATCTAGAATATTCTCTTCGCTTACGGTATTCAGAATATTAATGGGGTCTAATTTGACAATGTCAACAGCTCTACCCAAAAAGTCGACATTGCGAATCAATTCAATATCGTCATCGACTAGAGCAACCTTAGGAGTTTTCTTTTCTGGAGAGAAGGATTCTCTGGTGATGCGATATTTCACACCGTCATGAGAGCTGCGTAATAACGCTTGCTTAATTTCTTCTAGGAGCTCCGCATCGGATTTCATTTGTATAGAAGGGGCTACCAGGCAAGTGGCTGCGCAAGCTGAGAGTTTGGGTTCAAGAATAGTGAACAGAGCGCCGTCTTTAGTTGTCTCCCAAGATAAAATATAGGGGCTATTGGAAATCGCGGTTTCCATGAAAGAAGGTATATCGAAGATCTCCAGTGGCAAACTCTCAATGAACGATGCTAGGCGGTTTTCTTCTTCGATATAAGTATCTGAGTCTATAGAGAAACGTCCTAATCGTGGATTAAATACGGAAAAAGGTTGAATAACGTATAAGAAAGAAGGCTTAGTCATTAAAAACTCTCCGGGCTGGACAGTGATTGACACCCTATAATGGAAGGAACTTGCTTTAAAGAAAAGCAAAGAAACTGATGAGGAGCTTAGCCTCTATTCAATCACTTCCCTATTAGGAGAGTCGATCACTGTTTGCCGTAATGGGTTTATAATGTGTGGTTTGCTGTCGTTTTGTTTCCCTAATCCTATTTTCTCATACGGATAGCTTGCTGGCTGGTACTCGGTTGTTCGTCATCAGAATCAGAATCTGTATCTTGTTGAGTAGGTCTACTTGAAGGAGTAGGAGCCGTAAGCACGCTCTCTGGGGACAGATAGGAGCTATTTGTTTCTAGAAGAGACCAGACGTCCATAAAGGCCTGAAGCTGTGTCTCTGTAATTGGGCGAAGGATGAATAGGTCTTCAAAGTTTTTAATCATACCAGCACCGCTCCAGTTAGCAGAGCCAAAGATTAGAGTTTTATTGTCGATGCAACAAATCTTGGTATGGAGAACGCCTTCCGTTTTTCTTTCGTAAATAGGAAGTTGGATACCCAATTTGCTCAGTAGTTTGCATGTATCTTGTTTGGAATGGTTGTCGATGATTACTTTTAATCGAACTCCTCTTCGCAT
NZ_CP166122.1_gap8	185626	186854	1228	AGATTTCGTGTTGTCGTCGTATTGCAAACATTGTGATCTGTATTCTCACAGGGCCTCTGATGTTATTGGCCACTGTGTTAGGATTATTAGCGTATAGGTTTTCTTCTACTTACCAGACTTCTTTACAAGAACGCTTTCGTTATAAATATGAACAAAAGCAAGCTTTAGATGAATACCGTGATAGGGAAGAAAAAGTCATTACGCTTCAGAAGTTTTGTAGAGGATTTCTAGTTAGAAATCATTTGCTCAACCAAGAAACTTTAACAACGTGTAAGCAATGGGGGCAAAAACTATTAGAAGGAGAAAAATTCCCAAGGGTCCCAGAAGGACGGTCTCTTGTATATATTTCAAAACAGTTTCCTTCTTTAGTAGCAAAACACGTTGGGGCTCAAGATGCCAGGTCTCGTTGGCATCATATTTTTTCTATGCGCAAAGCGCTTGCTTATTTAGATATTAAGCGCATACGAGCACCACGCGCTAGAGTTTATCAAAACTTTATATTCGAAGAAAAACTTCCTGTTTCACGAATTTCTGTAGATTCAATGTGTCTCTATAAAGAAAATCCACAAGCTTTCGATGAGGCGATCAAAGAACTCTTATTTCTATTTAAAGAAGTGCATTTCAGGGATTTTGTTGTAGAAACAGAGTCTCCAACAGACGATTTCCCCTTAGCCGTGAAAGTACACAACTATTGGGTATGCCCACGATACGATAATTTACCTTTATTTATTCAAGAAGGAAAAGATGGCTCTCCAGAAGGGCGTATAGGACTGGTCGATCTAGAAACTTTTTCTTGGTCTCCACATCCATACCCCGTAGAAGAACTAGCTGTGATGTTTCCTATGCATAAAGAGCTTCTTATGACAGAGGCGAAAAAACTACAAATCCCTTTCTCTACAAAGGAGGTCGAGCGCTCTGTAGAGAAAGGGCTTGCTTTTTTTGAACATATGCTAGGGCATCAAGATTTTTGTTCCCAAAAAAGCGTAACGCCATTGCGTAATTGTGCCCCTTATATTCATCTAGAAGTATGGAGATTCTCACTGAAAATTTTTGATATTTTAAAAGCTGCTATTCAACTAAATGGAGCACTCAATGTTCTGTTATCTCCAGATATTCGAGAGCGGTTGAGTGCTATTTCGGATAAGCAATGGTTGGCTATTAGCTCCCAGGTTACGTCATCGTTACTCGAGCAAGTTTCTACAAACATCTATCAGTCTCATACTGAAGA
NZ_CP166122.1_gap9	188916	192827	3911	TTATGAAGGTTTTGACTTCTACTTCTGGGTAGATGAGAATGCTTATGCAGCAGCTAAATTTTCTAGCATTTTGAAGAAGGTCGCTTTCGATGCGGCTATTCAAGATCTACGATCTGCCACAGATGAGTCTACGAAGGCCTTTGTTAAAGACTACGATGAATTAAAACAGAAATATGAAAAGAAAGTTGCGGAGACGACTTCTCAAGCAGAAAAAGACCAATATCTCAAAGATCTAAAGGATCTTTTAGAGAAATTTACAAAAATCAGTGATGAGATTCGTGGAAAATTTGATCGGCTGTTTCTTAAGAATGTGATTGTTGCTCAGAACGGATTCTTTAATTTCTGCTTGCTGAAAGGCCTCGGCAATATCAATGACGAAACGCGTGCAGAGTATTTAGAGAAAGAACTCAAACTTCCTACTGAGGAGATCGAACAGTATAAAAAGCTTAAAGAGACGAACAAAGAGAAGATAGCCGCTATTGTAAAACAACTAAACGAGAAACTTGGATCGGATCGGGTAAAAATCAAAGACATTAAAGAGCTGCAATCTATGAAGCAAGCTCGAAATGTCTACAATTATGAACAGGAAATGTTTCTGCGCTGGAACTATGCAGCCGCAACAGATCAGATTCGTATGTATATGTTGGAGGAACTTGGAGGTCTTTATACTGATCTGGATATGATGCCTTCATACTCTCAGGAAGTATTGGAGCTTATCAAAAAGCACAGTGATGGAAACCGAATGTTTGAGGATATGAGCTCTAGACGGGCGATTTCTGATGCGGTTTTAAAGATGGCTGTAGGTAAGGCGACAACAGTTTCCATGGAAGAGGTAGCAAAGGATATCGATGTTTCTCGCTTAACAGAAGAGGATAAGACAAAATTAAACGCTCTATTTAAGGATCTAGAGCCATTTGCAAAACCGGATTCTAAAGGAGCTGAAGCAGAAGGGGGTGAAGGAGCAAAAGGTATGAAAAAGAGCTTTTTCCAGCCCATAGATCTGAATATTGTCAGAAATACCATGCCTATCTTGAGACGCTATCATCACTATCCTGAGTTAGGATGGTTTATTCGAGGATTGAACGGATTGATGGTCTCTCATAAGGGAAGCACTGCGGTTTCTGCTGTCATTGTAGGGCAACAGGCTGCCTACCAGGAACTAGCAGCACTTAGACAAGATGTCCTTTCAGGGGAGTTTTTCCATTCTTTAGAAAATTTGACACATAGAAACCATAAGGAGCGTATTGGAAATCATCTCGTCGCTAATTATTTGGCTAAAAGTCTCTTTTTTGATTACTGCCAAGATTCAGTGATGCCGGAGGCTGTAAGTACCTTAGGTATTAGATGAACATATTTTAGGAGTAGAAAACAGAGGAAGCATCAATCTTAAGGTAGATGGAGACATGTATGCTGGGCATATTAAAGGTGCTATGGAGCATCGGCACTGGCATGAGTTCCCACATCTTTTATCGAAATTTGATATCACCGTCCATGCAAGGACGATTAAATATTTCGCATTCAAAGGAAGTCTAGCAACAAACGATACGATTCTGTTCCGGAGCTATCTTGAACCAGCGATTTTAGATATCTATAACAGTACACCGGTTGATTTACATGTCTGGTCTCAATACGATCAGATTCGTATACATAAGGCAACCTTGAAGCTAGAAGGTTTCCAAGTATACAATGTAACTACTGCAACGGATGCCTTGAATAGACAACTGATGTACGCGCAAAACTTCGTGAACATCCGTGGAAGAGATCTTTCTATAAAACCATTTTATATTCGAACAGGATCTGGAATTGGTGCTATCCAATTAGTGTTCAAAGATCTATTCGTAAATGATTTAAGTGATATTACGGATAGGACTTTCGAAAAAGAAGCCAAACCTCTGTTAGCTAAAAAACCTCATTCACTTATAGATCCTACATATAAAGAGTTCCTGAAATTCTTCTTAGGAGAAACCTCTTGTGATTTAACACAATATATTCAAGAATTTGGCGATACCTCCCATATCATAAAAATGATTCGGGATCCAAAAACACATGAATTGCAGGAGCCTGCTCATCTACCAGTAAATCCTGTTGTTCTTACATATACAATTGATCCTAAGGAAGAAGAGGTTCGGCAGGACAAATTGTTGTTCTTAGACAAGTTGATGAAAGAGTATCGCTTCCCTCAACCTACACAAGCCGAAAGTTATTACTACATCGATCCAGTCAGCGGAGATTTATATATCACTCGTGTAGCTCTCACGCGACCAACAGAAAAAGCCTTTTTATTAAGACTAGCTCAGTTCAAATCGAGATGGTTAGATTTCCAAAATATCTTTATTTCTGGAGTGCGTGCATCTACTGGCACATCGAAGAGTTTAGAAGCTTCAGGAACTGGAGTGATGTTTATCGGTCCAGAAATTCGACACATTGAATTAGACTTCTTCCGACACATAGCAGGACGAGCATTACCAGAGAGAGTTTCATCACGATCCAGCGTTGTATTCCCAACGAATGATCAAGTTGTATTGTATAATCCAGCCTTAGCAATGAAATTCTATACTTACACTGCATTCATGCTTTGGAATCTTCGGGATAGAGCAAGAGGAGAGTCGAAGAGAGCGAAGGCTTATGATAATTACCTTCTCGAAGCTTGTATGTCCTTGGATACAGCTGGGAAGCCTCACTGGAAAATCCCTGAAGGATTCTTGCAATTTGCATTTGCTTCCGTTCTTGGGTAGAGCATTGGGTGAAAAAGTCTCTAAGAAGAGGATCTCTCATTCGGCTCCCTGCACGAGGCATTCAGGTGTCGTTGATTACAACGCAAACAGGATACTTTGCTCGGCAGAACAGACGAGGAGGGTTCCAAGTCTTCTATAGTATTTACGGATTAGAAGGGAAAGTGCAACCACACCAAGCTCCTGGAGATATGCTATGCGACATTACTGAAGACGTAGTGTTAACGGTCAAAGATGTGGATGAAAGCGACTACCAACAGAAACGAATTTATGTGGTTTTAGATTTAGCGACGGAAGAAGAGCGTAGGTTGCGAGCAGATAAGAACGTGATCCTTATTCCTAGAGGGGAGAATTCTAAGAAAAGAAAATAATGTAGCATATATTTATGAAATGTTGTAATATTATAGCATTACAAAAAGGTGCGATATGAAAAATCAAGAGGAGTCTGGCTGGCAAGCTTTTCTGACATTATGCTCTAAAATGCAAAAAGAAAAGTTTTTACAAGACCTTTTTTCGCTGTTTTTGTCTTTTAGCGAACGTAAAGATGTCGCTTCTCGCTATCATATCATTCGAGCTCTTTTAGAAGGGGAGCTCACTCAAAGAGAGATAGCAGAGAAATACGGAGTCAGTATCGCACAAATTACCAGAGGATCTAATGCCCTTAAAGGATTAGATCCTCAATTTAAAGAGTTTTTACAAAAAGAGATCTGATCTTCTTTTGTAAAATACAAATAAGATTAAAAGTATTTGTATGCATGCGTTGTTAATGAACAAATATTCTGTTTTAGCAGTTTTGGTACATAAGTATAGCTGCAGCATGCCATGCAAATCAGCTTTTCAAGCTGATTGCTTCCAAGATATTCAAAAATTCATCCTCTTACAGCGTGCCTGGCTTTCTTTTGAAAGCTGGCGCTTATCTACTTGGCGATAGGCCTAATTAAGAAGCCTTTTATTTGATTAAGAGATGTTCTTATAGAAGTAAGAGCGTCTTTTTTGCGCAGGATTATTCTGTCGCCAGTTTTTTCTATGATTTTAACACTATAATTTTATGGAGAAAAGATGTTCAAACATAAACATCCTTTTGGGGGAGCGTTCCTTCCCGAAGAACTATTAGCCCCTATACAGAATCTAAAAGCGGAATGGGAGATTCTCAAAACTCAGCAAAGTTTTTTATCTGAA
NZ_CP166122.1_gap10	194978	197163	2185	AACAAAAATAACGATTCTTGATAAATAATCTCGTTGATCAAAGCTTCTAATAATACAGATTTTTCGAAAATTGGAGAACGCATAAGCACTATATCTCCAACAGTGACTTGATTGGATAACGTCATTGCTTGCTCGGCTTCGAGCTGTTTTTGCAACAAAGCTTTGCATATTGGATTTGCTAGTTTTTGTAATAAAGGTCGCCCAAATTCCATGTTATAATCAGATATATAATTATTCTCGTCTATAGAATAACCTTCCCACATTTTAAGTTGTCGTTCGAATATAAAAAGAACCGTTGTTTCTGAAAACTTTTTGAGTAAGAAAGGATTTTTATTTAACTGAACTAGTCTTTTTGCCAAGAAAAACATGCTGGTTTTTACAAAAGTGTTGTGATAATTCATTCTAAGAAGAATCGTGTTTGGTAGAGGAATCGCAGTCTCCTCTGTATAATTAGAAATATCACCACCCAATACTCGTGTTATAAAAGCCTGTCCTCTAGCGGCTACTTCGTCCAAGCTGGGATGCAACCTCAATACTTTTTGTAATGTTATCTTTTCTTGTTCGATATTGTTTTTATATTTTGGGAATTGCAGTTTCATCTTTTCCACTAATAACTCTGGAGTCTCTAAAGAATCCATCTTAGGAATAACTCCTAAAAAATAAGCTTGTCGACGAATAAAATCCTTATGTAGAGGGAAAAGAGTTACCATTTTCTCAACCAAATTCGGTAGAGGTTTTAAAGTAAAATGGTCTACCCCCCTATTGCTAGATTGACAACACATGCTCCCTCACCCATTACTACGGTTTTTTCTACAAACAGTTTATTGTAAATAAGATCTTCTAATAGATTTTTTTGTTTTTCGAATAACTGAGGGAAATATCCTAAACAAAATAGCCGGAGCATGTCTAAGATGGCTTGATCAAATTGTTTTGGATTTCTCTGATAAGAGATAAGATGTTTACTCCTCCCCTCAAATTACCAATCTTTTGTATAGCAAACTGTTTATAAATGGATAGCGGAGGAATGATTAAGTGTTTCAATCATAACGTTGCTACAGCTTGTCGTAATTCTTCTTGGTTGTGTAAAATTGCCTCTGCCTGATCTCCAATTTCTCGGATTTCTACTCCAGGACATTGTCTAGAAGTATAGACGATACTCCCATTTTTATATGTTCGTTCTATTTCGAAAGTCGCAAAATCTCTCTTAAGTATAGCATCACAGATTTCCCTACAAATTTTCATTGTGTCTGGACTGATCAACCGTTTTCTTACTAAGTGTCCCCCTACTACTTTTTGTGCGGTAATTAGATCCTTTAATTTATTTTTAAAGTAACTTTCTGATTGACGACACATCTCCTGGTATTCTTTTTGTTTCTCAACATCTGCAATATGTTTTTTTTCTAAAACTTTTCGAAAGTTTCTTTGTAAACGAGTAATTTGTTTGTTTTTCCCTTTCATAGCTTTTTCTACTTCCGAACACATATTTCGATGCTCGCGGAAGAGGTAAAGAGCGTTCTGATAGGAATTTGATAGTTTGTAAGCAATGGTTCCTATCAAAGCTCCTAACAAACAAAATGGAGCAAGTACAATACATAAAACAATACAAGCAATACGTTTGCATACAGAGATCATCTTCTCAGAAAAGAAAATATGCCCAGACTGAACAGAAGTTACTTTTATTTGAGAGGCCATCCCCCTATTTACAGCAAATCTCAGAAGATTCCCAGCGCGTTCTAATCTATCAGGTAGCGCACCTGATTGTGATTTATCGAAAAAAATAAGCATTTATCACCCCCTTTATGAAAAAAATGCCCAGAATCCTATAGAGAGGTTGAATAATTATTAAGGTTTTTCTTTTTTTTTATTGGTAACAGAAAAACAGTTTTGGCTTTTTGCTATGGTTTTTTGTACAATCCCCTGGCCAGGTAATTGACGTTATTGAAAGTACTACAACATTATTTGATTGTTTGCTGAAACTCTATGCATCACAGGAAGTTTTTAGCAGTTTCCATTGCTTTCGTAAGTTTAGCTTTTGGGCTAACATCTTGTTATCATAAAAAAGAAGAACCAAAAGATGTTTTGCGGATTGCGATCTGTCATGATCCAATGTCTTTAGATCCGCGTCAGGTTTTTTTAAGCAAAGATGTTTCTATCGTAAAAGCTCTCTATGAAGGGTTAGTCCGGG
NZ_CP166122.1_gap11	198381	200103	1722	CAAGCGACCTACAGCTTATGGCAGAGCAGTTGTTGCTTAAAGAAAGTCCTCTTATTCCTCTATACCACCTCGATTATGTGTATGCGAAACAGCCTCGGGTGGCTGATCTCCAAACCTCTTCTCTTGGAGAAATTGATTTAAAAAGAGTTTCATTAGCTGAAGGATAGACGTCCCAAGATAGCAACGAGATGTATTATTTTGATTTCGTTGCTAACACAAGCAGACAAGCAATAGCGCAAAAGGCTGCAGCTGAAGCCATAGGCATTGTGATGAAACCTAATAGAAATAGCTTCGTAGAGCAAGATACTTTACCGCAAATATCCAGAGTCATCCCAGGTATTTCCTGCAAGCACACTTGATAAATAGCAATGCCGAAACCAACAAGAGCCAATGGAAGCGTATATATCTTAATTGAAATATCTTCACGATATGCGGCAATACCTAGAATTACAACTAAAGGAAACAAGCAGATTCTTTGGTAATAGCAAAGAAGACATGGCTCTACATTCAGAATATAGCTGTAATAAACACTCATAAGCGTTCCTATACAAGAAAACAGCCAAGCAAGATATAAACAATAAGAACGTAAGTGTTTGATCACCGGACCTCCTCTTCTATCGCTTGTAGATGACGCAGTTGAGTAATCACTCTCTCGATCTCATCAAAAGTGGGATCTTCAATAAGATAATCTCCTACGACTGCAGTAGGTGTTGCAAGTTGCCCACCCATGATTTGAGATCCATAGATATTGTTCTTTTTAAGTTGCTCCGTAAATCTTTGAGAATTTATGCACTGTATTAAACCTTTGGGATTAATTTCTCTTCCGGAATGCGTAGGGATCTTTTCTGCTAATTTTGCAAGCACTTCAAGAGTTGCCCAGTGTGATCCTTTCGTTTTTTTATATGTGAGAATTCTGTGGAAATATTCCATATATGCTTCTGGATCTGGACGCTTCGGATCGTGATGGTAAACGCACAGTAATGCTTGTGCAGCAGGCATTGAGCCACGAATAAAACATACAGGAACTAAAGTCAGAGAAGCTTCACCAGTGTCAACAAAATGTTTTTTAATCAAAGGAAATACTTCCGAAGAAAACTCTTCACAGGCAGAACAAGATGGTTCTTCAAAAACGGTGATATTAATAGGTGCATAAGGATCCCCTATCGTAGGGAAATACTTTGCTGTGGTTGGAATATGCGTCTTTGGTGGCATAATCGAACGCTTAGTGTGTATCATTAATCCTACACACAAAACAAATCCTAGTGCCGTAGAAATAATAAGGATCTTCTTTCTCAAGGGAGTTCTCGTATCCATCCTTCCGTTAAGGATTGAGATAAGACAAAAATAAAAAAAACGAAACCGTTTTCTTGCTGAAATAAAAGAAGCTTCTTTATTAAAAAAAACTTTCTCTTTTCTCTCAGACTTCTTATGAGTCAAGAAACTCAACGAGTCTTGGTGTATGGAGAAGGATTTTTTAGAAAATGTTTATCGTCATTTCCGTTACCGTTTTTTTAAATTAAGTGTACTTCCAGCTCTTCTCGGACTCTGGCTATTTTTTACTCCTAATATTCTTAACTATTTGGATTCTTCTGTTATTTTATCAGATAAAATTTGCGGCGTCCTTTTAATTTTATTATCAGCTTTATCCTTTTATAATCCTGTTATTTTGCAACTAGGCATTTTTATTGGGCTCTGGGTTTCTTTCTTTTCTTGTTCTTCCGA
NZ_CP166122.1_gap12	206050	207860	1810	GAATTTTTATCAAAATTAGCTAAGCCTCATCCACTATTTATAGAATTCATTCGCGCTGCTAAAGCCTATTCTTTGGAGAAAGCGAATCATGAACATCGCTAAGCAACAACAAGCTTTTTTAGGGATCGATTATGGGAAAAAACGTATTGGCCTAGCTTTTGCCAGTTCCCCTCTTCTGATCCCTTTGCCTATAGGGAATGTAGAAGCCCGTTCCTCTCTTACTTTGACAGCTCAAGCGCTCGTCTCTATTATCAAAGAGCGTGCTGTTACGACAGTAGTTTTCGGGAATCCATTACCTATGCAAAAAGCTTATGCTTCAAGCGTGCAATCAGAAATTCAAGAACTAGCCGCACTCATCCAAGAAATGACTGCTATAGAAGTCATTCTTTGGGATGAGCGGCTATCTTCAGCACAAGCAGAACGCATGTTAAAAAGCGATTGTGGACTTAATCGAAAACAGCGGAAAAATTCTTCGGATAGTCTAGCTGCCACTTTAATCCTTTCTAGCTTTTTAGATTCTCGAAAACTATACTAGGATCCCTCATGGCAAAGCCATGTTTTATGAGAGAGAAATCTTTTTAGGCACATATTCGTTTTTTTGGTATTGTGGGCTCTCTCTTAAAAAATTAACACTCTATACTAGGTTGTACCTTGGAAGAAATTAAAGACTTTGGCCCCACATTACCAGCCTGTCCTCCCTGTATCGTGGTCATTTTTGGTGCTACAGGAGACTTGACCTCTAGGAAGCTCTTTCCTGCTTTATACAATTTAACAAAGGAAGGACGTCTATGCGAAAACTTTGTTTGTGTTGGGTTTGCTAGGCGACCTAAGTCTCATGAGCAATTTCGCGAAGAAATGAAGCTTGCCGTTCAGCATTTCTCTCACTCATCGGAAATAGATATTCGAGTTTGGGAAAGTCTGGAAAATAGAATCTTTTACCACCAAGCTAATTTTTCTGATGCCGAAGGCTACTCTGCTCTGAAAGCTTATTTGGAGCAACTAGATCAACAATATGGAACACAAGGGAATCGTCTTTTTTATTTATCAACACCACCAGATTATTTCCAGGAAATCATCCGCAATTTAAATCGGCATCAGCTATTCTATCATGAACAAGGAGCACAACAGCCTTGGTCTCGGCTAATTATAGAAAAGCCTTTTGGAGTTAATTTAGAAACAGCTCGAGAGCTTCAACAATGCATTGATGCCAATATTGATGAAGAGTCGGTTTATCGAATAGACCATTATTTAGGAAAAGAAACGGTTCAAAACATTCTGACTATTCGTTTTGCTAATACTCTCTTTGAGTCTTGCTGGAATTCTCAGTACATAGATCATGTGCAAATCAGCGTTAGCGAATCAATTGGTATAGGATCTCGAGGGAATTTCTTCGAAAAGTCGGGCATGCTACGAGACATGGTACAGAATCATTTGACGCAGCTGCTATGTCTACTGACTATGGAACCTCCTTCTGAATTTTCTTCCGAAGAAATAAAAAAAGAAAAAATTAAAATTCTAAAGAAAATTCTTCCTATCCGCGAAGAAGATGCTGTTCGTGGCCAATATGGTGAAGGGATTGTGCAAGATGTTTCAGTTCTGGGCTATCGGGAGGAAGAAAATGTCGATCCGAATTCTTCAGTAGAAACCTACGTTGCGTTAAAATTATTTATCGACAATCCTCGCTGGAAAGGGGTTCCCTTTTACTTACAAGCAGGGAAACGTCTTCCTAAAAGAACAACAGATATCGCTGTGATCTTTAAAAAATCCAGCTACAATTTATTCAATGCAGAGAATTGTCCTTTGTGTCCGT
NZ_CP166122.1_gap13	215169	218748	3579	TTTCGTGTCCTTGCTTGGCAGATTCTTTTTCGTGAATCTGAATAGGAATTCCTCGACCGTTATCCGAAATAGAAATACCTCCGTCTTCCAATATGCGAACAACGACCTCGGTACAAAAACCCGCCATTGCCTCATCGATACTGTTATCCACCACTTCATAAACCAAGTGATGCAATCCGGTAACTCCTGTATCACCAATGTACATTCCAGGACGCTCACGAACAGCTTGCAATCCTTCTAAAACGGTGATGGCTGATGCGTCGTATTTCTTTTCTTGTGCGTCCATAACTATCCTAATAAAAAGCGTATCTCTTTAACTTTGGCACCGGGAACTGCTGAATGAATTCGGGATACCAACTCTTTTTGAGAGCTTTGTTTTAATACAGCATATAACGAAGCATTGCGGACTTTAATCGATAAAATTCCGTCCTTAAGCCCTATAGCCTGAGTCATCCCATTGTACTTCTTTCCTAGAATTTCATACCACGCCTCTATGACCTCTTGTGGCTTGCCCGCAAGAATTTTTCGCAAATGAGACAAATGGTCTCGGAGAAAATGTTTTGCATGCTTAATGGGAGAATCTGTTCGACTTGGTTTTCTACGACGAAAACTAGGTAGATTTTGAGGATAAAAAGACACAACGCTCCTTCGATATGCGCAAGCACACCTTCCTTCGCAGAAGGCTCTTATACTTGTTGCGAACTAAAAAAGTCAAAGTATCAGCGCTAAGTTCTAGTAAATCCTTGGATTCTTAAAATGGGTAGTTAACTGATTAACAATCATTGGAAACTAAATCATTAATCGACTCACTTTTAGATGTCTTAGGCAAAACTTTACAACAGAAACCATCTAAACGAACCACTTCACCTCTTTGTCCTAGAATAAATAATTCATCCCAAACGCGAACAAAATTTTGATCCGTATCGATTCCTTCTTCTAACAGCCGTTCTCCATTACGGCCTATTTTACCAGCTTTGACTAGTTCAACTACATGGCTGCCCACAGCGATGTATTTAGGAGCATGACTAAGATCTAAATCTTTCTGCAGAATGACTGGACGCTCTTGTTGGACTTCCTCCAGACCAGACAAGGGAATCCCTGGCTCACAAATATAAGAAGCTTCTTCAATAAGAGGAGTCGCCTGCTCTTCTTGGATAACAGGTTCTTTAAACAGATCCTGTTTTGTTAGAATCACGTATTTCTCCATGCTGCTTCGGATGTGACAAAATTCTAAAACAGCTAATAGAAGCCCGGTGGCTAATACAACCCCACCAAGAAACAAAGCTCCCAAACAAACAGAAAAAGCTCCACCAATAGCCAAAACTGTGCCCAGCACAAATAAAGCTAACGAGACCTCTTTACTACCTTGAACTATACTGGGTATTCGCGGTCGAATTGTCCAAGACAATGTATTCTGTGAAGCTTCTTGTCCAACCGATTGCACAAACTCCTCCTTTCTTGTTTTTTTTGAGATCAAACAAGTAGATGGCGGAAGGGTTTCTACTAAACCCGAGAAAAACACAAAAAGAATCTCATAATCGCGCCGTTTTATATACGGTCATTTAAAATTCCCTCTCGAATTTCTCGCATGACTTTTTGCATATGATGCATGTTGTGAATGGACGCCCAGATACCCGCATTTGGCTCATGTACTTTAAACAAGTGTCTTAAGTAGGCGCGCGTTATGCCTTGAGAGCATGCAAGACATGAACACCCAGGCTCTATAGGATTTAGGTCAGAAGAGTACCGTTGATTATTAATTTTTAGAGGGCCTTGTGATGTCAAAATCATGCCATGTCGCGCAGCTTTAGTCGGATAAGAGCTATCAAAAGAATCTATTCCGAAACCAACAGTGGCCCAAATAGAGGGCAAATCTCCTATCCCTAGCAGATGTCTAGGTCTTTCTGCTGAAAGATTTGCAGCGGTAACGCCCACCACCTCTACGATATCTTGAAGATTTTTCCCCAAACTGCCTCCAATAGCAGAGCCATCGAAAGGCAAATCTTCTACGAATTTACAGCCAAGTTTTCTTTGATCAGGGAAAGTCCCCCCATGAATGACTCCGTACATGGACTGAATTCCAGGATTTTTTAAATGATAATCCAAAGAACGTTTCTCCCAAACGTAAGTGCGTTGAGATGACTGGTGAAAATATGTGGGATCTGCATGAAAGGGCAGCAGCTCATCTAAAGGAAGAATGATATCAGCACCCAAATCTTTCTGCGCTTGTACAGAAATTTCTGGAGAAAGAAATAGCTTACGGCCATCTCGGTAGGATTTAAAGTGTACCCCGTCATCATTAACTTTAATGATGGTGTTTCCTCCTTTTTTCTTCCCGCAACTTTTAATCTCTTCAGCTACAGAACCATATGCCAAGCTAAAAATTTGAAATCCCCCGGAATCTGTAATAATAGGCGCATTGCGACCAATAAATTGGTGTAATCCACCCACAGCAGCAATAGCTTCTGCTCCCGGATGCACTATCAGATGATAGGTATTGCAAAACATTAGCGGGATATTGCTATGATCTAAAACTCCTTTTAGAGCTCCATTTGTAGCCACAGGAACAAAAGCCGGTGTATCAATATACCCATGCGCCGTCTCTATCCGACCTACTCTAGCCCTAGATTTTTTTGATTGATGCAGAATCTCAAAACGTAAAGCCACAAATCCACTCCTTTATCTAAGCGAATTCTAAAAAAATAATAAAATTCATGAATCATTCTAAAGAGAGAGGGAGAAAAGACATAGTGAAAAAAGCCCAAAGAAAACCTTTGTCTTCGGACTCACACACTATTTGAAAAATAAAACATTTAGAGTGCCGGTGATCAATAGGAAGATGACCATCGACACGATATCGTTAAGAGCTGTAACAATCGGACCAGAAGCTAAAGCCGGATCAACGCCGATTTTTGCAAAGAAGAAAGGAGAAAGAACTCCTAGAGTAGTAGCAGTTAACGAAGCACCGAGTATCCCCACAGAAACGGTAACCCCTAACTGGACTCCTCCCGTAGCAAACAACCCAAGTCCCAAGCATCCCATACAACAGACAACTAAACCACAAAGAATCCCTAAAGCAACCCCTGTTAACAATCCAATGCTCATTTCTTTAAGAATGGTCTCTCTTCTTCTACCAAAAGAAAGCGTTCCTGTTGCCATACTACGAACAAGAATCGTGCTGCACTGCACTCCCACGTTTCCCGAAAGACCATTCACTAAAGGAATGAAGAAAATGACCATGGCTAAAAGAGTAGGGGCAATTTTTTGAAAATATGCCATTACCGAAGCGCTGACAAGTCCCGCACATAAGGTAATAAGTAACCAAGGTGCCCGCAATAAAAATCGTTGCACAACATGGCAGTCGTGATATCCAACATCTTCTGTTGTCCCCGCCATTCTAGCAATTGTTTCGTCTGCGATATCTTCTATTGTTTCAACCACATCTTCATATGTGATAGCCCCTATCAAAAAGTTTTCTTCGTCCACTACAGGTAAAACAGCGACTTTATACCGCTCCACAAGGTCCACAACTTCTTCTCTAGTTGTATCAGCTAATACCTTATGTTCTATAGGACGCAT
NZ_CP166122.1_gap14	220191	221349	1158	CAAAGAGCGAGTCATTTCTCGAACGATATCAGAACAAACAAACCTTTCCTCTTTAGGGATGTCTGTCTGATAGTTTTGACGCACCATCTGGAATAGGATATAGAAGGGAACAATGAAAAAGCGGAAAATATTGTACAGCATCCGCACTATGGAAAAGATAGGTAATAGAATACTGGTAACGACGCAAATAACGGTCCGAGCGTCCATGGGAGGATATGTATAAACGGGTGCAATCCCTGACCCTGTTCTATCTAAAAGCGAAACATCCATATACATATCGGGCTCTTGGATCGGCCGGATGAATTCTCCTTCTTTTTCACACAGGATAACCCGCTCCCATTGCCGAGAGATAAAAGGTTGTATCTTCTTCCCGTATAAAACATCCACTTTACCAGCGATTCTAAAAAGAATAGCTAGCCCCCCTCCAAATAAAATAAAGGGAAGAATCGCTATAGCAAACATTTTAGGAAAGGTCAGCACTCTTGAATTAGCTAGATAGGCTATCCGAAAACAAATCCACCCTAAAACAACAAGAACCCCTACAACAAAACTAATAACACGAGCCGAAGATGGTCGATAAGAAGAAGCGTTTAAACTACACCCGGTTATACGTTTCTGAGTAGCTCTCCAAGCTGAGCTATTAGGGAAAGATTTCGCGGTCACAGGACGCAATCTAACCTCCGCAGGAGGGAGATTTAGAGACATAGAAACCATTTTAATTCTAACCTTCTAAAAATTTTACTTTTACAAAGTTGAAGCCATTCTTTTGTCCCAAGTTTAGACTAGATTTTACTAATTAAAAAAACCGTTTTATTTCTAAGTCGACTAATCAAGAAATATCAACCGCTGGTTTAATAAAACCCAACTAGTTATAATGCTATTTCATTTCTTTTGCAAAAACTCTCTACTTTAAATTAATTTGGACTTTAAAACCTTTATGGCAACAACAGTTAATCCTAATTACTCTCTTCCTTTTTGTGAGAAAATGGTTTCCTCAGCTACGTTAGCTGCTCATTCTTTTTTTAATCATATCAAACTTTTGATTCCGCTTCTTGTAGGATATTTTTGCATATTATTAGGAGCTCTAATCTTAACAGGTGTGATTACGACTATACCCTCTATTGCAGCAAGCTACTTTCTTTCTCTGGGAGTTACTTT
NZ_CP166122.1_gap15	228780	233395	4615	GCCCGCATTCTGATCTCATCGACTCCAAAGCGTGGCACTTATTTGCGATATTTACTACGACTATTATCGGAATCATTGTACAACCCGCTCCTATGGGAGCCATTGTTATCATGGGCATTTCTCTTCTGCTTGTGACCAAAACATTAACTCTAGATCAAGCTTTGTCCGGATTTCATAGCCCTATTACTTGGCTTGTATTTCTTTCGTTTTCCATAGCAAAAGGCGTGATTAAAACAGGTCTTGGAGAGCGAGTTGCTTACTTCTTTGTAAAAATATTGGGTAAAAGTCCTTTAGGATTGAGCTATGGCTTAGTTCTTACAGACTTTTTATTAGCACCGGCAATCCCTAGTTTGACAGCTCGCGCTGGAGGCATTCTTTTCCCTGTTGTTATGGGATTATCAGAGTCTTTCGGTAGTTCTGTAGAAAAAGGCACGGAAAAACTTCTCGGATCTTTTTTAATCAAAGTAGCTTATCAAAGCTCTGTAATTACAAGTGCTATGTTTTTAACTGCTATGGCTGGAAACCCTATTATTTCTGCCTTAGCAAGTCATTCTGGAGTAACGTTAACATGGGCAATTTGGGCTAAAACCGCAATCCTTCCAGGGATTATTAGCTTAGCCTGTATGCCTTTTGTACTCTTTAAACTATTCCCACCACAAATAACTAGCTGTGAAGAAGCTGTAGCAACTGCCAAAACTCGCTTAAAAGAAATGGGACCTTTAAATCAAGGCGAACGCATTATTCTTTTAATCTTTTCTCTTTTAATATCTTTATGGACTTTCGGAGATTCCATCGGCATCTCAGCAACAACCACAACATTTATAGGACTATCCCTACTCATTCTTACGAATATTCTTGATTGGCAAAAAGATGTTCTTTCTAACACTACTGCATGGGAAACCTTTTTCTGGTTCGGAGCTTTAATTATGATGGCTTCCTTCCTAAGCGCTTTTGGGTTTATTCATTTTGTAGGAGATTCTGTTATTGGGAGCGTTCAAGGTCTATCTTGGAAAATAGGGTTCCCTATACTCTTTCTTATTTATTTCTACTCTCACTATCTATTTGCGAGTAATACAGCACATATTGCAGCCATGTACCCTATCTTTCTTACAGTATCCATCTCCTTAGGCGCGAATCCTATGTTTGCTGCCTTAGCCTTAGCTTTTGCTAGTAATTTATTCGGAGGACTCACACACTACGGATCTGGTCCAGCTCCGTTATACTTTGGATCCCATTTCGTCTCCGTGCAAGAATGGTGGCGCTCTGGCTTTATTCTTAGCATAGTCAATCTAACCATTTGGTTGGGATTAGGAAGTTGGTGGTGGTACTGTTTAGGATTAATTCGCTAACGTGTTTGAGCAAAAGCTTATGTCGTCGAATAAACATGCTTCTCTTTGTCAAAAGACGCCTTCTTTGTGTCGGGAGCTTCAAAAAGCTCCTGCTCTTCTATTAACAGAAGACATAAGGTTTAAAGCTCTTCTTAATGAACGCATTGACTCTGTTGCAGAACTATTTCCATGCACTTATAACTCTCCCTACTACAAATTTATTTCGAAGTCCGATCTTTCCGCTGAGACCTCTCCCCTTAAAGTGGGCGTTATGCTTTCTGGAGGCCCAGCTCCTGGTGGGCACAATGTCATCTTAGGATTGCTACACAGTATTAAAAAGCTCCATCCGAATAGTCAGCTTTTAGGATTTATTCGCAATGGAGAAGGACTTCTCAATAATAATACTGTAGAAATCACAGATGAATTCATTGAAGAGTTTCGTAACTCTGGAGGCTTTAATTGCATAGGAACAGGTCGCACTAATATCATAACCGAAGAAAATAAAGCGCGCTGTTTACAAACAGCAAATGAACTCGATTTAGATGGATTAGTGATTATTGGAGGCGATGGTTCGAATACAGCCACGGCGATTCTTGCTGAATATTTTGCTAAGCATCAAGCAAAAACGGTATTAGTTGGTGTTCCCAAAACTATTGATGGAGATTTGCAGCACCTATTTTTAGACCTCACATTTGGGTTTGATACTGCTACTAAATTTTATTCATCCATCATCAGCAACATTTCTAGAGACGCATTATCGTGTAAAGGCCACTATCATTTTATTAAACTAATGGGCCGGTCTTCTTCTCATATCACGCTAGAATGCGCACTACAGACTCACCCAAATATTGCTCTTATAGGCGAAGAGATTGCAGAAAAAAGCATCTCCTTAGAAACATTAATCCATGATATTTGTGAAACAATAGCAGATCGAGCTGCTATGGGGAAATACCATGGCGTTATTCTCATCCCTGAAGGAGTCATTGAGTTTATTCCTGAAATACAGTCTCTGGTTAAAGAAATTGAATCCATTCCAGAGCAGGAGAATCTTTACCAAGCTTTATCCTTATCTTCTCAGCAACTTTTATGCCAATTTCCGGAAGATATTTGCCATCAGCTCTTGTATAATAGAGATGCTCATGGCAACGTCTATGTATCAAAAATTAGTGTTGATAAACTTCTGATTCATCTAGTTCGTCAACATTTAGAAACACATTTTAGACAAGTTCCCTTCAATGCAATCTCCCATTTTTTAGGTTATGAAGGGCGTTCAGGAACTCCTACACATTTTGATAATGTGTATAGCTATAACTTAGGATATGGTGCTGGGGTTCTCGTTTTTAACCGCTGTAATGGGTATTTATCCACGATCGAAGGTCTAACTAGCCCTATTGAAAAATGGCGATTGCGCGCTTTACCCATTGTTCGAATGTTGACGACCAAGCAGGGGAAAGACAGTAAACATTATCCTCTGATAAAAAAAAGATTGGTAGATATTGCTAGTCCTGTTTTTAATAAGTTCTCACTGTATCGGAAAATCTGGGCTTTAGAAGACTCCTATCGCTTTGTAGGGCCATTACAAATACATTCTCCGGAGGATGCTCATTCTGATGATTTTCCTCCTTTAATTTTGTTTTTGAATCATAATGAATGGCAAAAACGCTGTTCTATTTGTTTAGAAATCCCCGATCAGGATTATTAACCATCTCAATGGATATAACTAAAGAGCTTCCCTTCATTATGATGCAACAACCTCATTACTTCCCTCATTCAAAAAAGATCTTTGAAATACCTCTATTAGATAATGTGACTTCTCTAGGGGTTCTGCATATTCCTCACTCTCAAGAAAAAACCTTTCCTCTTGTTATCGTGTTGCATGGGTTAGCTTCTAGCAAAATTGGAACCAAACGTTCCTATCTCCATCTAGCTAATCAACTAGTACAAGAAGGTATCGGAGTATTACGAGTTGATCTCCCAGGGCATGGTGATTCGGAAGGATTTATCCATGAATTTTCCCTTACCGATTATATTCAAGCCTCTCAAAAAATCATTCAGTTTGGTCTTTCTCTGCCTCAAGCCAATCATTCTGTTGCCTTGTTTGGCTCGTCTTTAGGAGGTAGCTTATCCCTACTGAACCTTCCCTACTTCCCAGAGATTCAACATGCTGCTATTTGGACTCCTACAATCCAAGGGGCTTTATGGTTAGAAGACACTATGCAGTCTATGTCGCCCTCTCTCCAACTCCCCCCTGATAATTTTTCTTATCAAGGTATTCCTCTTGGGAAAAAATTCTGCTCACAATTTATCGAGCTCGATACCGTAGATGCGCTTTCCAAAATCACGCAAGAAGTTTCTATTCTTTACTTACAAGGCGAAGACGATGCCGTTGTATCCTTACGTCATCAAGCTCTTTTTGCAAAAACTTTCACAGGCAAAGCTTCCTATCGCATATATCCTAAAATGACTCATCAGCTTTGCATATACTCCGAAGCTTTTCAAGACCTTGTCGATTGGCTAAAACATCAATTATTGGGCACACCATGGAGCTACTCTCTGTAAATAAGAGCTACTTTGAACTACAAAGACTACACTATCGTCCAGATACTCTGAGTCTATTGAATAGCTTGTGTTCGATGCATATTCAGGAAAAGCCTTCTTCCGAACCGGCTTCAGATTTGCTAGCTAAGCATATTCCTCACCTATGTGCTCTCCCAGACCTCACTCTTCAAAAAGATGCTCCTTCTTCTTCTGAGCCTTTACGTATCGGAGTTTTACTGTCAGGAGGACAGGCTCCTGGCGGTCATAACGTAGTCATCGGATTATTTGAAGGATTACGCGCCTTTAATAAAGAAACAAAGCTCTTCGGTTTTATTAAAGGCCCTCTTGGACTTATTCGAGGATTATATAAGGATCTAGATATCTCTGTTATCTATGATTATTACAATGCTGGAGGGTTTGATATGCTCTCTTCTAGCAGAGAAAAAATCAAAACAAAAGAACAGAAGAGCGCTATTCTTGCTACAGTAAAAAAAATGAAACTCCACGGTCTGCTCATTGTAGGAGGAGATAACTCCAATACAGACACTGCAATGCTAGCAGAATATTTTATCGAGCATAATTGCCCTACAGCAGTTATTGGTGTCCCTAAGACTATCGACGGGGATTTAAAAAACGCTTGGATAGAAACTCCTTTAGGATTTCATACATCTTGCCGCACTTATTCTGAAATGATCGGAAATTTGGAAAAAGATGTTCTTTCTACTCGCAAATACCATCATTTTGTCAAA
NZ_CP166122.1_gap16	251508	255512	4004	AGATTAATGAGCTCTCCTCGTTCGTGACAAATACGAGAGTAGTGCTCTAACATAGCTTTAAGCTCTTCTATCTGTTTCTCTTTAGCAGGCAGGACTTTTAGTCTTTCTTGATACCCCCCCAGCTTCGTTAGAAGATCTCGCACCTCTTTTTCAAGATTCAGACAACAAGATTGCCACGCCTTTAAATTTTCTCGTAAATCACGTCTCTCTAAAAGACTTGCAGGATACTTAGTATTCAATTCTTTTAGAGCTTTAGCCAATTGTTGCTCTAATTGTGAGATTTCTTCTTTTTGCTGAAGGATGAGTTGCTTGTGAGCTTCTATTTTTCTAGATCTCAAGCAACAACTACATGTATTCGAAACTCCTACCCCTAAAATAACAGCTCCCAAAGCAACCAGAGCGACTCCTGCATAGAAGAAGAGAGGCGGCGCAAAGGTACAGAATAAAGCCAATACAACAGCACCACCAGCAGCTGCTAAAAGCCCTAAAACCAACGCAGCGACAGCACTAATTTTATAACACAACCCAGAACCGGTTTTTTTTGCTTCAGGTGCTGGCGATAGATCATTAATTCCGTTATTCGCTTCTACTCCATTAGAAGTCCCTAATGCTAAACTCACCATTTTTCCTCCTTTCCGTTAAAACAGGAAAGAAATTGTACAGAAACATTTTTTTAAAGAAATCAAAAAGCCATTTGCAGGCAGATATCAGGCCATTTATATCAAAAACAGAAAGAATGATTAGGATAAAACTTTGTCTTGCCATCGTTCCAGAGAGCATTGAGAAGCCGTTTTTATTATAAATACATTGCACTAAGAATCTTAAAATCGAACAGACAACACAATGGCTCGAACAGACTGATCCACACGCACTAATTCAAATGCAAAAAACTTCTAAAATGAACACAGCAAGCTTGATAAAAACATATAAAAGAATTGGATCATAGAGCTTTACGAGAAGGGGCGCACTGCAATCTGTCTCGACCAAATAGCAATGCAAACAGATAAATACCCCTAATCATTGGGAAAAATTGAGTGTAGAATAGCCTCTTTCTCTTCCTCTATTTGTTGCTTAGCTAACGCGATTTCTTCTTTAGAGATATCTGCAAGTCTCTGCTTATCCAAAAAGCCTTGTCTCTCATTTTCCAATACAAATCTGTCCAGAGAAACTTTTTTTGGCTCTCCACCATAGCTAGAAATTCTAGTAAGAACAGCACCTAGCATCACAGATCCAAAAACAACCAGGGTAACCACTACGTCAATCATAGGAAGCGTAGTCCAACCTGCCCCAATAAATAAGGCTGCTCCTGTAACTATGAATAAAATACTAAGAATACCGAGCGCAAGCACAGCAATACGTTCGCTACAACAAGAAACTCTCGCTTTAGAAGCGCTATCCACCAAAGGAGCCTCTGGCATATAACTTCTAAGAGGTACACTATCTCCAACAAAACTCATGGCATCCCCCTTAAGGTAAAAGAGAAGCTTTCCTCTAAATAGAAAAGCGTATCGTCAACTCTTTTATAGATCTAAAAAGTCTTGCTTTCCTTAATCCCACCCATGAAATTTAGCATAAAAACCATCCAACATATTCACACGCTCTTCTAAAAGGCCTATTTCCCTATTTTTCTGAGTCTCTAAAACCCTATAATGGCTGGAAATTTTCCGCGCACTTTCCTTGGCTTCTTGTAATAGCTGATCTGAATTGCGTATCACAGATAACAGGTAAGAAACTAATCCAAAAGCTCCTATACAAGAACCAATAATTGCAGCTCCTCCCACTACTCCTAAAACTAAGGAAGAATAGACTCCCCCAAGACAAAGAAAAACTCCTCCTAAAGCTGCAAGCAAACTTGTTAGAACAACTACAAATAACTGGTATGTTTTAGAACGGTGAATAAAGGAGTTGTTAGCCACATTTTCACTGTACCTCAGTTTTTGCTGAACAACAATTCCCTAAAAAATTGGTAGGACGCCAAACGTTCATAATTACTCTACTTGGAAACCATTAATAATTATATCAGACTTTCTTCCAATACACATTTCAACCCACTTTGAAGCTGTTCTATTTTTTTCTGAGCAAGCTCTAAATCTTTGCTCTTTTGAGCAAGCAATCCTTCAACTTCTTTCAAATCTTCTTCTGCTTCATATAGAAGTTCTTGATAAGATAACACTAATCCAGGAGTCACGGCCTCTGGAGCTAACTCAGATGACTCTGAAGGGAGTCTCGTCGGTTTTAAAGAAAACCCATACATATAAACTAGACTTCCTCCTATACAGGCAGAACCCAGTGTCATTGCTAATAAGCTAAGAATAGGAGCAAAAAGAGAGACCACACTTCCTGAAAAAAGAAGCAGAAGAGCACCACCTAAAACTGCTAGTACCCCTAATACCAAGGCACCTATTGCCAACAATTGCTCTTTACGGCTTGTAGTAGTCTGAGCACCGATAGTTTCAGTATGATCGGCACGCAATGGTTTGCTGGAATTACAACAAAAAGAAATATTAAACATGGCGCCTCTATTTCGCAAAAAAAAGGCCAACATGCTACAGGAAAGCTAATTAAAGTAAAAATTTTTATATATTTCAATGGTAGTTAAATACCTAATCTACCCAACCAAAAGATGTCTAAATGACAAAAAAATAATCGTATTTATATTATCATGAGACACTTATAGTCACGTCTGCTTCATTCAGCTCAAATTCTAATGAAAAATCGGATTTAGAAGAAAATAGACTCGAAGAGTCAGAACTAGCCAAAATGTTTGTTCTAATTCTATTTTGCAATCCCCGACTACAAGACCAATAGAGAAACGTTAACCCTACTCCTAAAGCCACAGAACCAATCATAATCGCTCCAATACCTAAACCGGCAAACACAAGCGACGATCCCCCGCAAAGCAAACAAAGCAAGGCTACACAACTTAAAATAGCAAAAATTCCTAAGGAAACGGCAAATTCTATATTTCCTCTTCGTTTGCAATAAATATGCGTCTTATACAGACACAACTCTGCGGGGCTCTCCAGAGTTGGAGCGCAAGAGGAACAAAAAAGATAAGACATTGTCGACTCCGGACCAAAAAAAGGCGAGATAATACGCGAGATGGTAAAAATACAGAAATATTTTTGACATAGAAAACCCTAACCCTCCTTTCATCGCGTGAGACTAGAGTGTAAAACAAGATGCGAAAGCAAGGTTCGCTATGTTTGGAAACAAACCTCCACACGGTCCCGGATTATCAAAACAAGTCTTCCAGGGATATGTTAGAGAACGTCCTATCCATACCAAAGCAACATATAGACGTCTTTTGTGAAAAGACTGAATAGAGGAATCTAAGAAGCTTGGTTAGCGTCTATAGATGCTTTAAGAGCAGCTTTTTCCTTTTCAGCACTATCCAACCATCTTGTGTAGCTAGATAAAACTAAGCGCACATCGGACAATAAAGCTTGCTCATTTTTCTCTAATCTGTCCAAACAATCAATCTCAACTTCTATTGCCTTAGCTTCCAAAGCTTGGAGATCGTCCGTAAGACCTCGCAGAAACATCTTATTAATGAAAGAGACGGAGACCAAAGCGTCCTTCTCTTCTGAAAGATTACGCAAACGTTGCTCAGCCAAAACATTTTTTGCTTCTAAGCTAGCATAAGAGGATCGACACATAAGACGAGATATTCCCGCACCCACACAAGCAGATCCAATAATTAATGCAGCAATACCTATTGCAGTAAATATGACATTGCTAGCGCACAAAACCAAAGCTAATACCCCAGCGACAACAACTAAAGCGCCTACGATAGCTAAAGCTATATCCAAAATTTTGGAACAAGTATTCCCTTTTGTTGAAGACGAAGTAGATTTTATCTCTACGCAGGAAGCTGTTGGCAATGGTAAAGAAGAAGCGTCTCCGCTAATAGTAGTACTCATTTTTCCACATTTTTATTTTTAAAACGGAAAAACTGTATCAGAACGGCGCTTTATTCGCAAATCATTATAAATCCGCAACAT
NZ_CP166122.1_gap17	263829	266776	2947	TCTTCAGAAATTTCAAAAGCAAATTTCTCTTCTAAAGTCATAATCAACTCTGTCAAATCCAAGCTGTCTGCATTTAGATCTTCTATGAAAGAAGAGTCTACTTTGACATCCTCAGGACTTACTCCGAGCTGATCAACTATAATTGCCTTTACATCATCTTCTAAACTCATCCTATGATCCTTACTTTCATTTCAAAATGAAGCGCCTTCCATCTTAAGCAGACGGTCGACTTATGGCCATTTAAAATGGGCCATTGGGTTTCTCGCAGAGTCTATAGCAAAAAAAATCTAGCTTTAAATAAAACTAGAGTAACCAATCCCTACAAGTCTACTCTTTCGCACATTCTATGCGTAAGGGTTTTAGCATACTGAGCATCCTGCACAGCTACTATATCTCGACTGTATATACAGCCAACAAAATGCCTTCTAAATCAAAAACTCAGAAGGGCTTAGGGCGAGAAGCATAAACCGCTCGCGAAGATAGAGAAGAAATTACCATGAAAAAACTTAATTTTTCAAGATAACCTTTCCCCAACTACTTAAGCCATACCTCCGTCAACACTCAAAACTTGCCCTGTGATGTACGAAGATCCGTCAGAAGCTAAGAACAAAGCGGCCTTAGCAATTTCTTCAGGCATACCAACTCTTCCCAAAGGAACTCCTTTCAACCACTCATTTTTCAAATTATCATTCAAGCTCTTGGTCATATCAGTATCTATGAAACCAGGAGCAATACAATTGACTCGTATATTCTTACTTCCAACTTCTTTGGATAACGCTTTACTGAATCCAATAATTCCAGCCTTAGCTGCTGCATAATTCGTCTGACCTGGGCTCCCTCTAAGTCCTACAATAGAACTAATATTAATAATTGCCCCAGATCTAGCTTTAATCATAGGTCTTATAACTGCTGAGCAAACGTTGTATATAGAACCTAAGTTGGTGTTAATCACCGAAGACCATTCTTCTTCAGACATTCGCATAAGAAGAGCATCACGCGTAATCCCCGCATTGTTAACTATAACATCGATAGTGTTATACTCCGAAAGAAAGTTCTGAACTTGTGCGGAAACCATATCATTCTTGCTGACATCAACAAGAGCAAAGGATACTTGTCTTCCAGTTTGCTCAGAGAGAGTCTGAGCAGCCGCCTGCCCCGCTTCCCCATTAATTCCCCAGATTTGGACATTAGCCCCTTGCTCAGCGAATAACTTCGCTATACTGAACCCTATGCCTCTAGAACCGCCAGTCACAATTGCAGTCTTGTTTACCAATAAACCACTCATTCACAACTCCGACAAAAATTCTCTATATCTTCCATAGACCCTAAATGTTTACAAGGGGAACTCAGTCCTATAGATCGGCTCAGCCCTGTGAGAACATTCCCTGGACCCAGCTCAAGGAATAAATCTACTTTAGGATCAATTTGAAAACAGGTTTGGTACCATAACGTTGGAGAAGTCATTTGTCTGACCATTAAAGAACGGATAGCCTCGCTCTCATACACTAACTCCCCTATTACATTAGAAGCAAAAGCTACATTAGAATCTTTAATTGCTAACTGGTACAGATAAGGAGCTAATTCGTCCTGAGCAGTTTGCATAAGCGGTGTATGAAAAGCTCCAGCAACCTTTAACATAACTACTTTTTTAGCCTCTAGTTCTCGAAGAATTACAGAAGCCTCCTCCACCTTATTTCTAATCCCAGCAATTACGATCTGCTTGGGAGCATTGTAATTTGCCACCCAAATCCCCTTTCCTAAAGACTCCAAAGCAGGTAATACAACATCCGCAGTTAATCCTAAAACTGCAGCCATTGCTCCCGAAGACTCTTCACAAGCAGCATTCATCAGCTCCGCTCTCTTTTGTACGATGCGAAGCCCGTCTTCTAAGCTAATACGTTTTGATGCTGTTAAAGCAGTATATTCGCCTAAACTAAGGCCTGAAACCAAAATAGGCTCGAAAGGACAGTGTGTAGATAAAACTTCTAAAACAGCTAAACTATGTAGATAAATGGCTAACTGACTATTCGATGTCTTTAATAGAACTTCTTCAGGTCCTTCGAACATAATAGAAGATAAAGAAAACCCTAGAAACTCATCAGCCTGAGAAAACAACCTTGCGACTTCCGAGGATTGTTGATAGAGATCTCTTCCCATGCCTACGAACTGGCTCCCTTGCCCAGGGAACAACAAGCCCACACGATCCATCACACAGTCTCCTCTGTTACACTTGCTGTAAAATTACTGCTCCCCAAGATAAGCCTCCCCCAAAAGCTACTAACAACAACCGCTCTGCAACATGGATATCATGTGTACGTAAGAGTTCGTCTAAAGCAATCCCCACAGAAGAGGCTGCTGTGTTACCATACTTAGCAAGAGTTTTAAATACCCGAGAGTCTTTAACAGCAAAACGTTTTGCAATAGCATCGATAATACGCTCATTTGCCTGATGAGGAACTAACCAATCTATATCTTTTTCTTGCAGCCCAGCTTCTGTAATGCAAGTCTTGGCAGCAAACTCCATTCGTCGCACTGCGTGCTTAAACACTTCTTTACCTTCCATAGTAATGAAATGTTGATGATTCTGTACGGTATCCTGAGAAGCCGGACAACGACTACCTCCTGCTGGCAACCGTAAAAGATCTCCTTGTTTTCCATCCGCTCCTAAATTCACTTTAGAGATTTCTAAAGCTCCTGGTCTAGAATGACCAACAATACACGCAGCCCCTCCATCCCCGAATAACACACAAGTATTACGATCCTGATAGTTAACAAAGGAAGACAATTTGTCGGCCGCAATCACAAGCACACACTGATACATCCCAGATTCGACATATGCCTTGGCTATGGACAATCCGTAAAGAAACCCTGTACACGCGGCCAAGCAATCAAAGGCTGGAATTTCCTTAATTCCCAAATAGGCTTGAGCTAAGGCAGCACTGGAAGG
NZ_CP166122.1_gap18	325808	328073	2265	CCATCGATTTTCCCATGAGGAATAGCTACTCCCATACCGATACCTGTAGACATAATATTCTCTCTTGCCAATAGAGCACGAAAGAAAGCCTCCCTATCTTCCAGTAACCCAGCTCTGGCAGCTAGATCCGAAAGTTCAAAAAGGATATCTTCTCTAGTATCTGAATGTAAGAAAGTGATTAAATCTGATGAAAGTAACGAACTTAAAGTAACAGCTTGCTTATGGTCAGCAACGCAAGTCATCTTAACATTCCCCAGTATGCCCAAATCCACCGGTTCCCCGCGCTGTAGCGGTTAACTCTTCCTGAGTTTCGACAAAAGACACTTGTTCAACCTTTGCTACAACAAGCTGTGCTATACGCATTCCGGGTTCTACAATGAATGTAGCTTCGCCAAGATTTGCTAAAATAACCCGAATTTCTCCCCGATAATCTGCATCGACAGTTCCAGGAGATTGAAGAACAATAACGCCGTACTTGCTAGCTAATCCACTACGAGAACGAACTTGAATCTCGTACCCATGAGGAATTTCCACAGAAATCCCAGTAGGAATCAGGGCTCTCTGCCCTGGCAAAATAGCTATAGGCTCATTGATATTTGCACGGACATCTGCGCCAGAAGCGCCAGAAGTAGCATACTCGGGCAAGGAGCTTCCAGACTCCAATTTACAGAAAAATTTCATAGAAGGCCCTCTTTTTGAAGAGCCTCCTATGATCTTTTATTCGTTATCATCTGTCAACAAAAAAATCTCTTTAAGGGTCTTAGAGATATCTCTGGGGCAATTACCTTTGCCTCCAGAATATGCCTGACAGCTGAAAAAACTTAACAAACTTTCTAAAGTTGTTTTGAGCTGTTTTCTCTCTACTACCTTATCAATCATCCCATGTTCTAATAGGAATTCAGATTTTTGAGCTCCTTCTGGCAGATCTTCCCCTATCACCTGAGATACCACTCGAGGTCCAGCGAAACAAATTAAAGCTTTAGGCTCTGCAATAATTACATCTCCTAAAGAAGCAAAAGAAGCAGTAACTCCTCCAGAAGTAGGGTTTGTCAAAACAGAAATATAAGGTAGCTTGGCTTCATGTAACTTAGCCAAAGCTGCAGATGTTTTTGCCATCTGCATTAAGGAAAAAACAGACTCCTGCATCCTAGCTCCCCCTGAAGCAGAGACAATGATAACAGGCAACCGAGAGTCTATAGCCTTCTCTATCAAACGAGTAAGCTTCTCTCCCACAACAGCTCCCATGGAACCAGCCATGAAACTGAAATCCATAACAGCTAAAGCAACAGGATGACTTCCGATTGTACAGACCCCGACTAAAACCCCTTCGCTGTCAGGATTATCTTTACGAGCCTTCTCCAGACGGTTGGGATAAGTATCTGTATCAACAAAATTCAAAGGGTCTTGCGAACGTAAATCCGAAAATAAAGGATTCCATGAATCTTTATCTGCCAACAGCGCTATCCGTTCCGAAACACTAATCCGATAGTGGTACGAACATTTGGGACAGCAATTAAAGTTCTGTCCCAACTCATTGGCATGAATCATTTCGCTACAATGCGTACATTTCAGCCAGCCACTGAAGCCATCAGCTTTTATTTTTTGCACTTTGATCTTTGGTTTATCATAGGAAAATAAACGCACAAAACCATCCTCTTTACAAAAAATTGAGCAATAATTTTATTGTAATTTTTTTTAACCAATCAATAATAAAATTATTGCTTGCTCATTTCTACAAAGCGATTCTCTATATAATCCCAATTAATTATGCTGGGGAAACTTTTTAGATAGCCCATTCTCGCATTTTTATACTGGAGATAATATGCGTGCTCCCACACATCTACTCCTAGGAGAGGGATCATCCCAGTCGTCGCCTCCAGAGGATCCTGGTTTGCTGTAGTCTGTACCATAAGCTCTTGTTTTTGGGGACAAAAAGCTAACCATCCCCAGCCAGATCCTTGCACCGCAGCAGAAGAAGTAATAAAATTTTTTAAAAAGTTATCGAAAGAGCCCCAGAATTTTTCGATTAATTTTAACAATTCATGACGAGGAGGAACTCCCCCCCCTTTCCCTTGAGGCGCAAGCATCTCCCAGAAAAGAGAGTGGTTAATATGGCTTCCACCATTGAAACGCAGAGCAGGATTGATTGCGATTAACCTTGTTAAATCTTGAGTAGCGTTTGCTACATCTAAACTTTTTAAGGCCTCATTCAAATTATTTATATATCCTTGGTGATGCTTTTGATGATGCAGTTGCATAATCTCA
NZ_CP166122.1_gap19	361213	364199	2986	CCATAACGCTAAGCCGCCCTTTGTCGTGGAACACTTCCGACACAACCCCAACAAAGTTAACAAACACGCCGTCATTAATTTTAACCTGAGATCCCACTTCAAACTTATGTTTTTGAACAATCCCAGATTTTTTCTCTTCTAGATCTGCTAAAATATTTTTTACTTCTTCTTCAGACAGAGCAACGGGAGCGCCTCCCCCTAAAAATTCAACTACACCCTGCGTCTTCTTCACATAAGACCAAGATTCATCTGTTAAATGCATCTTGACTAAGAGGTAGCCTGGCCAAATATACTTCTCAACGATCTTATGTTCACCTTTCTTCACTTCCATAACATTCTCGGAAGGCAGGATGATCTGCTGAATAAAATCAGACATCCCTGAGGCTTCTTTAAAATCTTCTAAAGACTTTTTCACTTTCTTTTCTTGAGCCGTAAAAACTTGGACTACATACCACTTAAACATGAATCAACCAAAGAAAAAGCTTGTTACTTTACCGAACAATGAAAGGGACTTTCGAAGAGCTAAATCCACACAATAGATGGAAAATCCAAAGCCAAAAATATTCATCAAAACAATCTTGACGTATCTTTTAAGATTTCGCTTATTTACCCACTCAATCTTCTTAATTTCTTCGATAAAGTTACCCGCAAAAGCTGCTTGTTTTTTTGCAAAAGATACTTTCTTAAGAAATTTTCTTCGGTGATCTTGCCCCATAAGCGAATTCTTCTTTCAGTTACCTAATACGAGTGCGGAGGGATTCGAACCCCCGACCGGCGGCTTTGGAGGCCACTGCTCTACCATCTAAGCTACACACCCAAAGGCAAGGCTTTTCAGCCTCGCCAACACATCACTTAATTTATGCAATGATCTTAGAAATAGTTCCAGCACCGATTGTACGACCACCTTCACGAATCGCAAATCTCATACCTTCTTCTAAAGCCACAGGGCTAATCAATTGCACTTCAAACTCAACGTTATCCCCAGGCATGACCATCTCAACTCCCTCAGGCAGAGTTACCACACCTGTAACGTCTGTTGTACGGAAGAAGAATTGAGGTCTATATCCTGTGAAGAAAGGCTTATGTCGTCCACCTTCTTCTTTTTGCAGAACGTAAACAGCACACTTAAACTGTGTATGAGGTTTAACACTGTTTGGCAAGCAAACAACCATTCCTCTTTCCACATCGTTCTTACCAATACCTCTGAGGAGCAATCCAACGTTCTCTCCTGCACGACCTTCTGGGAGTTCTTTTCTGAACATTTCAACCCCAGTAACAATCGTTTCTTTAGTATCTCTAAGACCGACCAACTGAACTTTATCGGAAACTTTAACAATTCCACGCTCAATACGTCCAGTTACTACAGTTCCTCGTCCGGAGATAGAGAACACGTCCTCAATAGGCATTAAGAAAGGCTTGTCAATTTCTCTTTCTGGAGTAGGGATATTATCATCGACGGCTTGCATTAGCTCTCGAACTTTCTCTATGTATGCAGCATCCCCTTCCAAAGCTTTCAGAGCAGAACCTCTGATGATTGGACACCCTTTGTATCCTTTCTCTTCAAGAAGCTCAGCCAACTCCATCTCAACCAAGTCGACCAATTCAGCGTCTTCTTCGGAAATCATGTCAATTTTATTGAGAAAAACAACGATGTAAGGAACCCCAACTTGTCTTGCCAAAAGAATATGCTCTTTAGTTTGAGGCATAGCTCCGTCTGTTGCAGAAACTACTAGAATAGCCCCGTCCATTTGAGCCGCACCGGTGATCATGTTTTTAACATAGTCAGCGTGACCAGGGCAGTCCACGTGAGCGTAGTGACGATTAGCTGTTTCGTACTCAACGTGGGAAGCGTTAATTGTAATACCGCGAGCTTTTTCTTCAGGAGTGTTGTCAATAGAGCTATAATCACGAAAATCAGCCAACCCATCTCCAGACAACGCACGCGTAATAGCAGCTGTCAACGTAGTCTTACCATGGTCAACGTGGCCAATGGTCCCTATGTTGATATGAGGCTTATTACGTTGAAAAGTTTCTTTTGACATCTCAAAAATCCTCAAATTAAAAATTAGTTTGCTACCGATATCTTTTGCCCAGAATAGGAATTGAACCTACGGCCACTTGCTTACCATGCAAGTGCTCTACCACTGAGCTACCTGGGCTTAGCACAAAAGAGGAAGCAACCTAATTAGCATCGCAATTTTCCCGCAATCAAACTTTCAACCAGCCTCAACTAGTTTTCTCAACCCCTCAGCCGCAGACAAAAGTGGTGCAGAATACAACTGAAGATAATCTCGGTCTCGACACGAGCATAGTAACTTCAGACGCGGATTATTATCAAGCTTTCCTCTTAAAACTGCATGACTTTATTTATAAGGATAGCAAAACAACCTTAACGATGTCTGTAGACAACACGAGCCTTCGTCAAATCATAAGTAGACATTTCGACGGTCACGCGATCTCCAACGAGCAAGCGGATATTACTCATACGCATTTTACCGCACAGATGCGCTGTAATGGGAACCCCATTCTCTAACATCACCCTAAAATGCATGCCGGGCAACAACTCTTCCACTCTACCTTCTAGAACGATCGTATCTTCTTTTTTTGCCATTCCTAAAAAAACCTAAAAAATATTCTATCTCTTGATCCCAGCATTCAAACAAAAAAAAACAGGCTTGGGCACCCAATGAAGCTGCAGCACCTATTGTCCTCCGGAAACTCGAGAGAGCGATTATATCGACTAAACAGAAAATGTCAAACAACTTGTCAAAAAACAGAAGGAAAAGTATCTTTTGACATTCTCTCTTGAGTTTTTGCGGGAATAACAAATATTTTTTTAATTTGTTTACAAGCAAAAACCCAATACCTTAAACTTGTTCTCCTTAGACTCAATACTTCACAGTAAAACTCCCCATTCTTCCGAATGAGAAGCTTCGCTTCTGTTTTTAGAAAAACATTTTGAGACACTCTAGTTAGTCCTTACCTG
NZ_CP166122.1_gap20	368396	369485	1089	AAAACGACTTTTAGGCGTTCATCATAATAAATAAAAAAGAAACCAAGGGAATAGTATCGATTTCAAAGAAAAGGCGCAACGATAAAACAAAACCGTCTTAAATAAAAATTATAATACCTTGATAAGCTTTGTTCTTGTCAAACATTAGCCACCTATGATAAGCTTCCCTTTCTATCCTGGGGCAATAGCTCAGCGGTTAGAGCTGCGGACTCATAACCCGTAGGTCCCTGGTTCAAATCCAGGTTGCCCCATTCTTGTCTCCCGGTCTATAAAAACTCTCCCTCTAAAACACTAAAGTGTTGAACTCGACAGTTCCTTAGCTGAGTTTATCAATGCCTGCATCAAAAAAATATCTTTGCGCAAAATGCCTGGGCACTCTACCCCAGAAGACACATCAATTCCCCTGGGATTGAGAAGACTGATACCTTCTTTGATATTCCAAAGGTTGACTCCTCCACCCAACATCCAATTATTATGTTGAAAAGGAGAGAATGCTTTCCAATCAAAAGGAGAGCCTCTTTCTCCGCCAATGTGGTCGTATACAACAGTTACTGCATCGTTCATTGGGGGCAGTGCTGCAGAGGGCTGCCCATTAGAATAAACGGATACAACATAGAAAATAGAAAAATGCTCTCGTAACTGAGAAAATTTGAATAGAATATCCTCTCCAGACAACTGGATACTGGTAATCCCTGTCGTCTCAGTAATAGCTAAAATTTCTTCTACTGAATGCTCTGGGAATACTCCAACAGGTTCCGAATTCCCTTCCTGTATAGCCTCTACGATATACTTTGCTTTTTCTTCACTCACACATCTTCGAGAATCTTTAGCAAAAATCATGCCAATGTAATCGGCTCCCGCTTTGGCAGCTTCCCGAGCATCATCAGGATGCGTAATACCACAAATTTTCACCTTCATATAACAAAGGGGCTAAAACCAACTATTTAAGCAAATTCACAGAAAAAAGTAAGACAGGAAGATTAGCATATCCAAGAGATTTATATCAAAGCAATAGAAAATAAATCATATAAAAATAAGCCTTCCTTGCAAGAAATCGAGTATTACGCTTTGATCTATCTTACAAACAAA
NZ_CP166122.1_gap21	470960	472668	1708	TCATATTGTTCCTTCCCAGTTTCGTTATGAATTAATGAGAGAATGTGATTTTGCCCTCGCCAAATGTGGAACTATCGTCCTAGAAACGGCTCTCAATCTAACTCCTACGATCGTCACTTGCCAGCTCCGACCTTTGGATACTTTTTTAGCTAAGTATATCTTTAATATTATCCTTCCAGCCTACTCGCTCCCTAATATCATTCTAGGCAGAACGATTTTTCCTGAATTCATAGGTGGGAAAAAAGATTTTCAATATGAAGATGTTGCTGCTGCTCTAAACATTCTGAAAACATCTCAAGCTCAAGAAAAACAAAAAGACTCTTGCAGAGATGTGTATCAAGCAATCAATGAATCTGCATCCTCTATGAAAGAGTGTCTTTCTCTCATATTCGAAACAGCTTCCTAATAGATTATCAAAGACTTATAAAAAATCTTGGATCGCTAGAAAAGCGCTTTCTGTTTATAGTTCCCGTTCAAAACAATGTCTTAAGATGTTTATAACAAAGGAACTTATGAATCGAGTTATAGAAATCCATGCTCACTACGATCAAAGACAACTTTCTCAATCTCCAAATACAAACTTCTTAGTACATCATCCTTATCTTACTCTTATTCCCAAGTTTCTACTAGGAGCTCTAATCGTCTATGCTCCTTATTCGTTTGCAGAAATGGAATTAGCTATTTCTGGACATAAACAAGGTAAAGATCGAGATACCTTTACCATGATCTCTTCCTGTCCTGAAGGCACTAATTACATCATCAATCGCAAACTCATACTCAGTGATTTCTCGTTACTAAATAAAGTTTCATCAGGGGGAGCCTTTCGGAATCTAGCAGGGAAAATTTCCTTCTTAGGAAAAAATTCTTCTGCGTCCATTCATTTTAAACACATTAATATCAATGGTTTTGGAGCCGGAGTCTTTTCTGAATCCTCTATTGAATTTACTGATTTACGAAAACTTGTTGCTTTTGGATCTGAAAGCACAGGAGGAATTTTTACTGCGAAAGAGGACATCTCTTTTAAAAACAACCACCACATTGCCTTCCGCAATAATATCACCAAAGGGAATGGTGGCGTTATCCAGCTCCAAGGAGATATGAAAGGAAGCGTATCCTTTGTAGATCAACGTGGAGCTATCATCTTTACCAATAACCAAGCTGTAACTTCTTCATCAATGAAACATAGTGGTCGTGGAGGAGCAATTAGCGGTGACTTCGCAGGATCCAGAATTCTTTTTCTTAATAACCAACAAATTACTTTCGAAGGCAATAGCGCTGTGCATGGAGGTGCTATCTACAATAAGAATGGCCTTGTCGAGTTCTTAGGAAATGCAGGACCTCTTGCCTTTAAAGAGAACACAACAATAGCTAACGGGGGAGCTATATACACAAGTAATTTCAAAGCGAATCAACAAACATCCCCCATTCTATTCTCTCAAAATCATGCGAATAAGAAAGGCGGAGCGATTTACGCGCAATATGTGAACTTAGAACAGAATCAAGATACTATTCGCTTTGAAAAAAATACCGCTAAAGAAGGCGGTGGAGCCATCACCTCTTCTCAATGCTCAATTACTGCTCATAATACCATCACTTTTTCCGATAATGCTGCCGGAGATCTTGGAGGAGGAGCAATTCTTCTAGAAGGGAAAAAACCTTCTCTAACCTTGATTGCTCATAGTGGTAATATTGCATTTAGCGGCAATAC
NZ_CP166122.1_gap22	474573	479155	4582	TGTTCTCCCCTCAGTTTCAGGGTTTTGCTTCCCAGAACCTAAAGAATTAAATTTCTCTCGCGTAGAAACTTCTTCCTCTACCACTTTTACTGAAACAATTGGAGAAGCTGGGGCAGAATATATCGTCTCTGGTAACGCATCTTTCACAAAATTTACCAACATTCCTACTACCGATACAACAACTCCCACGAACTCAAACTCCTCTAGCTCTAGCGGAGAAACTGCTTCCGTTTCTGAGGATAGTGACTCTACAACAACGACTCCTGATCCTAAAGGTGGCGGCGCCTTTTATAACGCGCACTCCGGAGTTTTGTCCTTTATGACACGATCAGGAACAGAAGGTTCCTTAACTCTGTCTGAGATAAAAATGACTGGTGAAGGCGGTGCTATCTTCTCTCAAGGAGAGCTGCTATTTACAGATCTGACAAGTCTAACCATCCAAAATAACTTATCCCAGCTATCCGGAGGAGCGATTTTTGGAGGATCTACAATCTCCCTATCAGGGATTACTAAAGCGACTTTCTCCTGCAACTCTGCAGAAGTTCCTGCTCCTGTTAAGAAACCTACAGAACCTAAAGCTCAAACAGCAAGCGAAACGTCGGGTTCTAGTAGTTCTAGCGGAAATGATTCGGTGTCTTCCCCCAGTTCCAGTAGAGCTGAACCCGCAGCAGCTAATCTTCAAAGTCACTTTATTTGTGCTACAGCTACTCCTGCTGCTCAAACCGATACAGAAACATCAACTCCCTCTCATAAGCCAGGATCTGGGGGAGCTATCTATGCTAAAGGCGACCTTACTATCGCAGACTCTCAAGAGGTACTATTCTCAATAAATAAAGCTACTAAAGATGGAGGAGCGATCTTTGCTGAGAAAGATGTTTCTTTCGAGAATATTACATCATTAAAAGTACAAACTAACGGTGCTGAAGAAAAGGGAGGAGCTATCTATGCTAAAGGTGACCTCTCAATTCAATCTTCTAAACAGAGTCTTTTTAATTCTAACTACAGTAAACAAGGTGGGGGGGCTCTATATGTTGAAGGAGGTATAAACTTCCAAGATCTTGAAGAAATTCGCATTAAGTACAATAAAGCTGGAACGTTCGAAACAAAAAAAATCACTTTACCTTCTTTAAAAGCTCAAGCATCTGCAGGAAATGCAGATGCTTGGGCCTCTTCCTCTCCTCAATCTGGTTCTGGAGCAACTACAGTCTCCGACTCAGGAGACTCTAGCTCTGGCTCAGACTCGGATACCTCAGAAACAGTTCCAGTCACAGCTAAAGGCGGTGGGCTTTATACTGATAAGAATCTTTCGATTACTAACATCACAGGAATTATCGAAATTGCAAATAACAAAGCGACAGATGTTGGAGGTGGTGCTTACGTAAAAGGAACCCTTACTTGTGAAAACTCTCACCGTCTACAATTTTTGAAAAACTCTTCCGATAAACAAGGTGGAGGAATCTACGGAGAAGACAACATCACCCTATCTAATTTGACAGGGAAGACTCTATTCCAAGAGAATACTGCCAAAGAAGAGGGCGGTGGACTCTTCATAAAAGGTACAGATAAAGCTCTTACAATGACAGGACTGGATAGTTTCTGTTTAATTAATAACACATCAGAAAAACATGGTGGTGGAGCCTTTGTTACCAAAGAAATCTCTCAGACTTACACCTCTGATGTGGAAACAATTCCAGGAATCACGCCTGTACATGGTGAAACAGTCATTACTGGCAATAAATCTACAGGAGGTAATGGTGGAGGCGTGTGTACAAAACGTCTTGCCTTATCTAACCTTCAAAGCATTTCTATATCCGGGAATTCTGCAGCAGAAAATGGTGGTGGAGCCCACACATGCCCAGATAGCTTCCCAACGGCGGATACTGCAGAACAGCCCGCAGCAGCTTCTGCCGCGACGTCTACTCCCAAATCTGCCCCGGTCTCAACTGCTCTAAGCACACCTTCATCTTCTACCGTCTCTTCATTAACCTTACTAGCAGCCTCTTCACAAGCCTCTCCTGCAACCTCTAATAAGGAAACTCAAGATCCTAATGCTGATACAGACTTATTGATCGATTATGTAGTTGATACGACTATCAGCAAAAACACTGCTAAGAAAGGCGGTGGAATCTATGCTAAAAAAGCCAAGATGTCCCGCATAGACCAACTGAATATCTCTGAGAACTCCGCTACAGAGATAGGTGGAGGTATCTGCTGTAAAGAATCTTTAGAACTAGATGCTCTAGTCTCCTTATCTGTAACAGAGAACCTTGTTGGGAAAGAAGGTGGAGGCTTACATGCTAAAACTGTAAATATTTCTAATCTGAAATCAGGCTTCTCTTTCTCGAACAACAAAGCAAACTCCTCATCCACAGGAGTCGCAACAACAGCTTCAGCACCTGCTGCAGCTGCTGCTTCCCTACAAGCAGCCGCAGCAGCCGCACCATCATCTCCAGCAACACCAACTTATTCAGGTGTAGTAGGAGGAGCTATCTATGGAGAAAAGGTTACATTCTCTCAATGTAGCGGGACTTGTCAGTTCTCTGGGAACCAAGCTATCGATAACAATCCCTCCCAATCATCGTTGAACGTACAAGGAGGAGCCATCTATGCCAAAACCTCTTTGTCTATTGGATCTTCCGATGCTGGAACCTCCTATATTTTCTCGGGGAACAGTGTCTCCACTGGGAAATCTCAAACAACAGGGCAAATAGCGGGAGGAGCGATCTACTCCCCTACTGTTACATTGAATTGTCCTGCGACATTCTCTAACAATACAGCCTCTATAGCTACACCGAAGACTTCTTCTGAAGATGGATCCTCAGGAAATTCTATTAAAGATACCATTGGAGGAGCCATTGCAGGGACAGCCATTACCCTATCTGGAGTCTCTCGATTTTCAGGGAATACGGCTGATTTAGGAGCTGCAATAGGAACTCTAGCTAATGCAAATACACCCAGTGCAACTAGCGGATCTCAAAATAGCATTACAGAAAAAATTACTTTAGAAAACGGTTCTTTTATTTTTGAAAGAAACCAAGCTAATAAACGTGGAGCGATTTACTCTCCTAGCGTTTCCATTAAAGGGAATAATATTACCTTCAATCAAAATACATCCACTCATGATGGAAGCGCTATCTACTTTACAAAAGATGCTACGATTGAGTCTTTAGGATCTGTTCTTTTTACAGGAAATAACGTTACAGCTACACAAGCTAGTTCTGCAACATCTGGACAAAATACAAATACTGCCAACTATGGGGCAGCCATCTTTGGAGATCCAGGAACCACTCAATCGTCTCAAACAGATGCCATTTTAACCCTTCTTGCTTCTTCTGGAAACATTACTTTTAGCAACAACAGTTTACAGAATAACCAAGGTGATACTCCCGCTAGCAAGTTTTGTAGTATTGCAGGATACGTCAAACTCTCTCTACAAGCCGCTAAAGGGAAGACTATTAGCTTTTTCGATTGTGTGCACACCTCTACCAAAAAAACAGGTTCAACACAAAACGTTTATGAAACTTTAGATATTAATAAAGAAGAGAACAGTAATCCATATACAGGAACTATTGTGTTCTCTTCTGAATTACATGAAAACAAATCTTACATCCCACAGAATGCAATCCTTCACAACGGAACTTTAGTTCTTAAAGAGAAAACAGAACTCCACGTAGTCTCTTTTGAGCAGAAAGAAGGGTCTAAATTAATTATGGAACCCGGAGCTGTGTTATCTAACCAAAACATAGCTAACGGAGCTCTAGCTATCAATGGGTTAACGATTGATCTTTCCAGTATGGGGACTCCTCAAGCAGGGGAAATCTTCTCTCCTCCAGAATTACGTATCGTTGCCACGACCTCTAGTGCATCCGGAGGAAGCGGGGTCAGCAGTAGTATACCAACAAATCCTAAAAGGATTTCTGCAGCAGTGCCTTCAGGTTCTGCCGCAACTACTCCAACTATGAGCGAGAACAAAGTTTTCCTAACAGGAGACCTTACTTTAATAGATCCTAATGGAAACTTTTACCAAAACCCTATGTTAGGAAGCGATCTAGATGTACCACTAATTAAGCTTCCGACTAACACAAGTGACGTCCAAGTCTATGATTTAACTTTATCTGGGGATCTTTTCCCTCAGAAAGGGTACATGGGAACCTGGACATTAGATTCTAATCCACAAACAGGGAAACTTCAAGCCAGATGGACATTCGATACCTATCGTCGCTGGGTATACATACCTAGGGATAATCATTTTTATGCGAACTCTATCTTAGGCTCCCAAAACTCAATGATTGTTGTGAAGCAAGGGCTTATCAACAACATGTTGAATAATGCCCGCTTCGATGATATCGCTTACAATAACTTCTGGGTTTCAGGAGTAGGAACTTTCTTAGCTCAACAAGGAACTCCTCTTTCCGAAGAATTCAGTTACTACAGCCGCGGAACTTCAGTTGCCATCGATGCCAAACCTAGACAAGATTTTATCCTAGGAGCTGCATTTAGTAAGATAGTGGGGAAAACCAAAGCCATCAAAAAAATGCATAATTACTTCCATAAGGGCTCTGAGTACTCTTACCAAGCTTCT
NZ_CP166122.1_gap23	490090	492931	2841	AACAACACAAGCGGCTTGTAGAAATCTTCTAACTCTTTTGCGCAAATGTGAAATCTGTCACAAAAAAATTTAGAGAGTTCTCCGTCAAAACTCTCTAAACGCCATTAGCGGACATACCCGCATACTCATGGGATGGCCAGAGCCGGGATCGAACCGACGACACAAGGATCTTCAGTCCTCTGCTCTACCAGCTGAGCTATCTAGCCATACACGGGGCTATTCTAGAGAAATACCCGCTTTAAATCAATGATATTTCTTAACATGCACCTTTTCTTTGAAACTCGTTTAAAAATTCCTCGTGAGAAAAACCCTCTTCTATAGACCGTTCCAAAAACGCATTACAAGTTATAGAGGATTTAGCTATAGTTGCGCCTAGGATTCCAAGAGAGCGGGAATTCCCCTGCCAAAGGAGCTTGTGTTATGAAAAAGCATTTTATTACCGGCCTAGTTATTCTTCTCCCTTTAGCGATTACCATTGCAGTCGTAGGGATGATTATGAATTTTCTTACACAACCCTTCGTTGGCATGGTATCCGATGTGTTCGAAAAATTTAGTTTCTATACCAAATACCGAGCTTTCCTTAGATTTGGTCTACAAATTGTACTTCTATTCGGACTTTTCTTTACCACAGTTCTCCTAGGCTTCCTTGCTCGCCTTATGATTTTCAAATCTTTGTTGTCCGTGTACGACAAAATCCTGCACAGAATCCCAATCATCAAAACAGTGTATAAGGCTGCTCAACAGGTCATGACAACAATCTTTGGGTCTCAATCAGGATCCTTTAAACAAGTGGTTATGGTGCCTTTCCCTAATAGGGAGGTCTTATGCATTGGTCTTGTGGCCGGAGAAGCTCCAACCATATGCTCACGGGATGCTGACGATCCTATGATTACCGTATTTATCCCAACTACTCCGAATCCTACTTCAGGGTTTCTCACGCTATTCAAAAAATCTGACATTACTTTTTTGGATATGAAAATCGAAGACGCCTTTAAATATGTAATCTCTTGTGGAGTATTAAACTCAGATCCCTGCGCCACCTCACCTTTCATACACCCACAGTCTTAGTCCCCCTAATCATTATCTTCTTTTTAAAAAGAAGGGAATTTAGTGGGAACCAGACTCATAGCTCTATTGAAAAAAAAACGGCGCTCTACTATTCTGTTCCTTTTATAAGCAACAGCAGAGTTGCTATTTTCTTTTTAAATCCCTTCCCATTCAGGAAGGCAGAAGGATCTTGTTGGGTTATTTTATGACACGAATGAGTAAACAAGCTCGCCGTAGAGCTCAAAGTCCAAAAAAACGCAAGCCCGTTTATGCTGTTCAGCATCCACAAGATGCTCCAAGAATTGCTTTTAAGGCCCACACTAACACAGCAAAAGGTGTTGGCGTTTTTGTTCCTCAAATTGGTTAATTATTAGAGAAATAACATGTCTAGACATCGTAGTTACGGGAAGTCCGTCAAGGGAGAGACTAAGAGAAACGTTCTTAAGCGTTTTGAGCGCATCGAAGTGTTACGTAAATTAGGACGCTGGGACGATGCTACTGCTAAAAAAGCCACAGGGCTTCTTAAGACTCCTGTAATCAAGTAAGTTATATTTTTTTTGCTTATTTTGGATCGATCTTCTCCTCAAATTTTTATTTCTAACGAACAACAAGATGTTAGCATAGATTTACAATCTGCTCAGCGTCTTGTTGTTCTGTTTTTGGAACTACAAAAAGTTTCTACAGATCAGGTGTATGTTTATTTTCTAGACGACACAGCTCTTGCTCAGCTCCATGACGAGCAATTTTCTGATCCTTCCCTAACAGATACCATTACTCTTCCCATAGATAAGCCTGGAATTGCTTCCTTTCCTCATGTTTTAGGAGAGGCTTTTGTAAGCCCCAAAGCAGCTATGCGATTCTTGGAACAATATACCGAAGACCAATTGTATCATGAAATCTCGCGCTATGTCGTCCACTCCTTACTGCATATGCTAGGGTATGATGATCAAACCGATGAAGACAAACGCATCATGCAAGAACAGGAAGATGTATCCCTTTCCTTTTTAGCTGAACACCAGGCGTTATTACGTCCTGCAGTATAAAAGTCTTCGCTTCCCTCTAGAAATCTCTATATCGATAAAAATTTTTATCGTAACATGCAAGTAAACCTCGAGTCTTTTTGTGGACTCTCCCAATAATTTCTTTTACAGGAGCTGGCTTTTTCGCCCCTCATCATGCTATATATTCTGCTGGCTATTATCGTTCTTTTTCTTTTCCTCGGCTCAGCAACTCACCGCAGAGCCTCTATTTCAGCATACGGAGGAGAAGGCCTTCCCCCTTTCTCTTCTTGTCCTAAAGTTCTTCCTCTCCTTTGTTTAATTTACGGAATGCTTGGAGCCCCAGTCTACCAGTACATCCATAACTTCTTCTCTCTGTCTCCCTCAATTTTTTGGCTCATTTTCCTATCTTTGGCTCTAGTTATTTACAAATTCTTACCCCTTTGCCCAGGCTATTCGGACGACTCCTTCAGCTACAAAGTTTCCTCATCTACAGTTAAAACCTTGGAAAACTGTCTTGCTGGCTTTAAAACACCTTCTATCACTGCTATGCAACAGACTCCTCCTCCAGAACCTCCCAATGAGCTATCCACGAATATCTCCTGTCTCGATCATATGATCGCTCGAGAAATTATGACTCCCAAAGCTGACATCTTTGCTTTACAAGGAGATACCCCGATTTCTCAAGCATTCCCTCTAATCATAGACGAAGGTTATAGCCGCATTCCTCTATTCACAAAGAGTATTGATGACATCACAGGAATGGTTCTCGTAAAAGATCTGTCACCTGTTTACT
NZ_CP166122.1_gap24	610688	615599	4911	CATATAAATTACAAATACGATGGGCTGCATGCTCAACACGTTTCCATAGAGAAGAATTTCTCCAAAGATTTTTTGGGCTTGTTACATAGGGAAAAATATCAAAAACGCCTTTTGGCAATGCATTACTCATTGTGTATAACCGGACTATTCTCACGAAAAATGTTTCGTGATCTCACCTTTTTAAAGTTCTTTTTTTTGCGCAAAGAACGAGACCACCATGTTACACCAAAAGAGTTTTCAGGACTACTCGAAAACCTGCTCCTTTTCTCTCCATTATTTCTTTTATTTGACACACCTTACTCTCCGCTTATCCATCCACAATCGCCGCATCCTCACCCCTACTCCCTCTCTTTACACAGCAAACGTATTGTCTTCTAAAAGCTATTAAGCTAAATGAAAGGAGTATTGACGACATTACTACAATTGTCCAATATGATGCCCGGGCTGGTCTAGCCTAGACTGATAGCAAAAAACGAGGTCTTAGAAGCTGATACTTTCGTCTCAGTATGCATTTGTATTTTTCTTAAGCTTCTAGAGCAAACACACTTGAATCGAGCTAACACCTATGAATCTATGGACCAAAATTTTTCAGCCTCCTTGCCACATTAAAGAAATCAGTGACCCGGAGTTGGTTAAAAAGCAGTACAAGTACTGGAGAATGCGTATCTTCTACAGCATGTTCTTAGGATACGTGTTCTTCTACTTTACAAGGAAAAGCTTTACTTTTGCCATGCCAACCTTGATCGCTGATCTCGGGTTTGATAAAGCTCAGCTAGGGATTATCGGTAGTACTCTCTATATCACTTACGGCATTAGTAAATTTGTAAGCGGTGTCATGTCTGACCAGTCCAATCCTCGCTATTTCATGGCTATTGGATTGATTATTACTGGTATCTCTAACATCTTCTTTGGTCTCTCTTCTACAATCCCTCTGTTTGTATTGTTCTGGGGAATTAACGGTTGGTTCCAAGGATGGGGATGGCCTCCATGCGCACGATTGTTAACTCACTGGTATTCCAAATCAGAGAGAGGAACCTGGTGGAGCGTTTGGAGCACTTCTCATAATATAGGGGGAGCGTTGATCCCTGTTCTTACCGGAGTTGCTATTGACTACACGGGGTGGCGCGGCGCTATGTTTATCCCAGGGATTATTTGTATTATCATGGGATTTATCTTAATCGATCGTTTGCGAGACACTCCGCAATCACTCGGGCTCCCCGCTATAGAAAAATTTAGAAAAGAAGAGGATGCGCATCCACATGAAGAAACAACTGCAGATATCTTAGAGGAAGAGGCAGAAAGAGAGCTCTCTACAAAAGAAATCTTGTTTACTTACGTACTATCTAATAAATGGCTATGGTTTCTGTCTTTTGCCTCCTTCTTTATTTATGTGGTTCGCATGGCAGTAAATGATTGGAGCGCTCTCTATCTAATCGAAACAAAAGATTATTCCACAGTAAAAGCAAATCTCTGCGTATCTTTGTTTGAAATTGGCGGATTATTTGGTATGCTATTAGCGGGCTGGCTATCCGACACGATTTCCAAAGGAAAACGTGGACCAATGAACGTAGTCTTCTCGCTAGGATTATTAGTTTCCATCTTGGGATTATGGGGTACTCGTGATTACTTCGTTTGGTGGATAGATGGAACATTCCTATTTATCATTGGTTTTTTCCTTTTTGGACCACAAATGATGATTGGATTGGCAGCTGCAGAATTGTCTCATAAAAAAGCAGCTGGAACGGCCAGCGGCTTTACAGGATGGTTCGCCTACTTCGGAGCAGCTTTCGCCGGATATCCTTTAGGGAAGGTGGCTCAGGATTGGGGCTGGCACGGATTCTTTGTTGCGCTCTTAGCTTGTGCTTTGATTGCGCTGATCCTTTTCTTGCCAACATGGAATGCATCCGAACAGAGTTTGAGAAAACATAGTCACTAAGTGAAGAGCTGTTTTGACCTGGATTCCATTACATTGCCACTCTCAGTATTCCATCTTGGATGCAACATGCTCAATCAAGAAGTTTGTTGCCAAAGCAGTGGAATATCAAATTCCCGCGCTCGCTCTTACCGATCACGGGAATTTGTTTGGCGCGGTCGAATTTTATAAGACCTGTAAACAAAACGCGATTAAACCTATCATCGGGTGTGAGCTATACGTCGCACCCTCTTCTCGTTTCGATAAAAAAAAAGAACGAAAAAGCCGAGTTGCCAACCATCTCATCCTTCTTTGTAAAGATGAAGAAGGGTATCGCAACCTTTGTTTGCTCTCCTCTCTTGCTTACACAGAAGGTTTTTACTATGTGCCTCGCATAGATAGAGATCTTTTGAGCCAACACTCCAAAGGACTTATCTGCTTATCAGCCTGTTTATCCGGATCGGTTGCTCAAGCTGCATTGGAATCTGAAGAAGATTTAGAAAAAGATCTTTTATGGTATCAAGATCTGTTTCAAGAAGACTTTTTCAGTGAAGTACAACTCCACAAATCCTCAGAAGAAAAAGTTGCTCTATTTGAAGAAGCTTGGTTAAAACAAAACTACTATCAATTCATTGAGAAACAACTTAAAGTAAATGAAGCTGTTTTAGCTACTTCTAAACGCCTTGGTATTCCTTCAGTTGCTACAAATGATATTCACTATTTGAATCCGGACGATTGGCTCGCTCATGAAATTTTACTCAATGTTCAGTCTAGAGAGCCTATTCGGACAGCTAAACAAAATACTTACATTCCCAATCCTAAACGCAAAACCTATCCTAGTAGGGAATTTTATTTTAAATCCCCTCAAGAGATCGCAGAGCTATTTGCAGCACATCCAGAGACTATTACCAATACGTGTATCGTTGCCGAGCGCTGCCACCTAGAGCTTGATTTTGAAACCAAACACTATCCTATCTACGTCCCAGAAGCTTTACAAAAAAAAGGATCCTACACAGAAGAGGAGCGCTACAAAGCATCCTCAGCCTTCTTAGAAGAACTTTGCGAGCAAGGATTAACCAGCAAATACACACCCGAGCTTCTAGGACACATTGCAAAGAAATTCCCTGGGGAAGACCCTCTTACGCTGGTTAAAGAACGTCTCAAATTGGAATCCTCTATTATTATCTCCAAAGGGATGTGCGATTACTTGCTCATTGTCTGGGATATTATTAACTGGGCAAAAGATCATGGGATTCCTGTTGGCCCCGGTCGAGGCTCTGGAGCAGGCTCTGTCATGCTTTTCCTTCTGGGGATTACTGAAATAGAACCGATTCGCTTCGACCTTTTCTTCGAACGTTTCATCAACCCGGAACGGATATCGTATCCCGATATCGATATCGATATCTGTATGATTGGCAGAGAGCGCGTTATTAACTATGCTATAGAACGTCATGGTAAAGATAATGTAGCCCAAATTATTACATTTGGCACCATGAAAGCCAAAATGGCTATTAAGGATGTGGGTAGAACTTTAGATACCCCCTTAGCTAAAGTGAACTTCATCGCGAAACATATTCCCGATCTTAATGCTACCATTACTTCGGCATTAGAGGCTGATCCAGAATTAAGGCAACTGTATGTAGATGACGCTGAAGCTGCAGAAGTTATTGATATGGCTAAAAAACTAGAGGGATCTATCCGCAATACTGGAGTGCATGCTGCGGGAGTGATTATCTGTGGAGATCCTCTCACTAACCATATCCCGATTTGTGTCCCTAAAGACTCATCCATGATTTCTACTCAGTACTCAATGAAGCCAGTAGAAAGCGTTGGCATGCTTAAAGTGGATTTTTTGGGTCTAAAAACCTTAACCGGCATTCACATCGCCACACAGGCGATCTATAAAAAAACAGGCATTCTACTCCGGGCTGCCACGATTCCTCTAGATGACCAGAATACTTTCTCTCTTCTTCATCAAGGTAAAACCATGGGGATCTTCCAAATGGAATCTCGTGGCATGCAAGACCTTGCTAAAAACTTACGCCCAGATGCGTTTGAAGAAATTATAGCGATCGGAGCCCTCTATCGCCCTGGCCCTATGGATATGATCCCATCATTTATCAATAGGAAGCATGGTAAAGAGAATATTGAATACGACCATCCTCTCATGGAACCTATTCTAAAAGAAACTTTTGGAATTATGGTTTACCAAGAACAAGTCATGCAGATTGCCGGTTCATTAGCAAAATACTCTTTGGGAGAAGGGGATGTTTTACGCCGCGCTATGGGGAAAAAGGACCATGAACAGATGGTCAAGGAACGAGAGAAATTTTGTTCAAGAGCCGCAGCGAATGGCATCGACCCTTCCATAGCAACGACTATCTTCGATAAGATGGAAAAGTTTGCTTCCTATGGATTTAATAAGTCCCATGCCGCAGCTTACGGTCTTATAACCTACACAACAGCATATCTTAAAGCCAACTACCCCAAAGAATGGCTTGCCGCCCTTCTCACTTGCGATTATGACGATATTGAGAAAGTCGGGAAGCTAATTCAAGAAGCTCACAGTATGAACATTCTCGTTCTGCCTCCTGATATTAATGAGTCTGGACAAGATTTTGAAGCCACTCAGGAAGGGATTCGCTTTTCTCTAGGGGCTGTCAAAGGCGTTGGAATGAGCATTGTGGATAGTATTGTTGAAGAGAGAGAAAAAAACGGCCCCTATAAAAGTCTGCAGGATTTCGTTCAACGCGCAGATTTTAAAAAAGTCACTAAGAAACAGCTTGAAAATTTGGTGGATGCAGGAACCTTTGACTGCTTCGAACCTAATAAAGATCTTGCGCTGGCTATCCTTAATGACCTTTACGACACGTTCTCTAGAGAAAAAAAAGAAGCTGCTACAGGAGTCCTAACCTTTTTTTCACTAGATAGCATGGCTAGAGATCCTGTTAAAATTACTGTCTCTCCTGAAAATGTTATCCAACGCTCTCCTAAGGAGT
NZ_CP166122.1_gap25	720195	723792	3597	CTTTTTGTTCTAAACAATTTAAACAAGCTGTGAACAAAGTTATGAACATTATTTTCACAGCTTTTTCTCTCGAAACAACAATGTTATAAACAATTTCCACACCCCCTAAAGAAGAAGAAACTAATAAATATCTCTACGAATCTTCTTCTAGGGGGGTGGAAACTTTCGATAAGTGTACAACTTTATGACAAGGCTTCCATTACTAAAACGACCTCGCAGAAACCGAAAAAGTGCAGCCGTTCGATCTATAATTCAAGAAACCCAACTCTGTTCTAGTGACTTGATCTGGCCCATCTTTCTTAAAGATGGCTCTGGAATTCGAGAAGAAATAGAGAGTATGCCTGGAGTATACAGATGGAGTTTAGACATGGTCTCTAAAGAGTTAGAGAGACTTTGTACGATAGGATTGAAAGCAGTTATCCTCTTTCCTGTAATTGATGCTAATAAAAAAGAACAATTTGGATCCTATGCGTCCCATCCTTACAACATTGTTTGTAAAGGGATTCAAGCGATAAAAAAATCTTTTCCAGAATTATGTGTCATCAGTGACATAGCTTTAGATCCTTTTACAACCAGTGGTCACGATGGGATTTTTCATAATAACTACGTTATCAATGATGAAAGTGTCCGTGTATATGGGGGTATCGCTGTCATGCATGCGGAAATGGGAGCAGATATTGTTGCTCCTAGCGATATGATGGATGGGAGAGTGAAGCATATTCGAGAGCAGATGGATCAGATGGGGTTTGTCAACACGGGTATTCTCTCGTACAGTGCAAAATATGCATCTGCATTGTATGGCCCATTTCGGGATGCTCTTTCTTCACATCTTCAGTCTGGAGATAAGCGTACATATCAAATGGATCCTGCCAATGTTCAAGAAGCGTTGCTAGAGTGTCAGTTAGATGAAGAAGAAGGCGCTGATATGGTGATGATAAAACCCGCAGGTTTTTATCTAGATGTAATCGTTAAAGCGAGAGAAAACACCCATCTTCCGGTGGTAGCCTATCAAGTCAGCGGGGAATTTTCTATGATTATGGCTGCTTGCCTTCATGGGTGGTTAAACAAAGAAAGTGTAATAAAAGAATCTTTATTAGCGATTAAGAGAGCTGGTGCAACAGCTATAATTAGTTACGCAACACCATGGGTTTTAGAATGGCTAGCTAAAGATGCTCTTCCCTTTGAGAGAAGTGTTCTTTGAAGAACTTTGTGCAGCACCGAGATGTTTACGAGGAGGTTACCACATTCTCTTTTGCGTAGCGTAAAAGAGATTCTTTGACGATAGAGAACATCTCGGTCTTAGAAGGATCTATGAATGTGGGGAGAGCAAAATCTTCTGGAGCAACTTCTAAGAGCCCTAGGCGACACGCTTCTTCAAAGTTTTGTGTTTCCAAAGCTTTAATAATAAGAGCTACAGGAACCGGGATTGCTGAAACACGCTCATAGATTTCAGCATCAATAATGGGCCGTTTTTCTCCATGCATGTTGGTATCCATATCCATGAAGACCCGTTTTCTCTTGAAAAAACCAGATAGATAGGTTCGTGTGACTGTAAGTTTATTCCAACCTAAGCGCAAGAAACTGAAAGATTCACGAGTTTTAGGATTAGGAAGAAGTGTTATGGTATGGTCTCTCATACCTAAACAAGGATTTTCTTCTTTTTTACATAATCTTCCTGTAAGAGGATCTCCAGAAATAAGGGTAATCTCATCGGAAGAGAAAATGTCTTTAGGAAGAAGATCAGAGAAACTAGCGCCTTTCGCAGTAATGAGATATTTTCTTTGAGAAGGAGGAAGAGCTGATCCTGCTAAGGCAACGATTTGTTGTCCTAAAATAAAGCCTTTTAAAAATAGATGCCCTATAGATAACACCTCTTGGAAGCTAATAGTAAACACAACATCTCTTTCGTTTCGAATACGAGCGATGTGATGAATGTGCGTTGAAGGAGATCCTGATGGGAAGGGGCCATCTATTGTGTGTAAGTGGGCTATGGATACGAGATCCTGGGTTGGGAGAGTTAGTCTGTCTGTAGAAATGATATGAGGCTTCAGTCCAAATAGTTTTGCTATTGCCTGAACTCCCACAACAAAAATGTAATAACCATCTTCTTTTGAAGAAAAAAGACTGAGATGTTTTTCCACAGAAGGGGTGAAAGGGCGATTATCCGCTAAGTTAATAAAAACATCTCGAGGAGATTGTGTTGGAAGAGCTGGGATATCAAAAGGTCTTTGTTTGAAAAGAGCGAAAAGACCTTCCTTTTTAAAAACTTCTAAAAGATCTTTTTGAGTCAAAGATTGAAGATCATAAGAAAACTTAGTTTGAGAAATACCAGGCTTCTTCTTGATGACGATCTCTAAAAGAGCACGTTTGTTTCCTCTACGGATCTCTACAACCTCTCCATCAACAGGAGAGGTAATAAACACTCCTGAAAAAAGCTTGTACTCAGCCAGGGGAGAACCAGCAGTAACTTGGTCTCCTGGAGTAACCTTTACCCCTAAAGGAAGGGGAGCGAAAGGCCTCAAATCCACGGAAACATAGGTGGGGTCCACCTTACCGCAAAAACCCGATTCCTTCGGAGCTCCCTTTAAAGACAGATCTAATCCGCGAGAAACAACTATTTTCATATCTCGGGATTATAGAAGTTTTTATAAGGGAATCCAATTTTTTTTCTTACTTTTTTTCTGAGAGGAGGATTTTGTCTTTTTTGGCGTTGGAGATTTGTGGGATGAGTGACCAATATCATTGGTTACTTCTTTGATAAGCTCTTCAGTTTCTTTTTTGTATTCATTGCAAGAGGAACGAATGTTTTCTAGAGCTCGCCACTCTTCAGGAGAAAAGTTATCTGGATTATTAGCAAAGACTTCCATTTGTTCGCGAGTCATTCCCGTCTGTTGGAGAATTTCCTGCGATCTTTTGTCTAATTCTTGGATTTTTTCCTGTGTTTTTTCGATCAGCATTTGGTAGTCCAGATCGTTGTCGTCAGTAAGAGTTGCTCCAAAGGAGGGGTCGAAGTCTATTTTATAAATAGAGAGAATTTGTTTTATAGAATCTATAATTTTTTGAGCAGAATTATTTTTCATAACAAAAATCTCGATCTTTTATTTAATAATAAAATTTTTCTTGTTTTTTGTGATGTAATATTGCTCTTTTTTGTTATTCGGCGTATATTTCCGGACTAAAAAGGGGAGCCATCGTGGATTATCTAGAAAAGCTGCAGTCCTTAATGGAAAATCATCCTTCGGATTTTTTTAGTTTGTGGGAAGAGTACTGTTTTAATGATGTCGTTAAGGGGGACGAGCTAGTTGTCTTACTGGAAAAAATCAAGGGCTCAACTATAGCCCCAGCATTTGGGAAGATTGCTGAAAGTGTAATTCCTTTATGGGAACAACTTCCTGAAGGAGAAGAGAAAGATAAAGTACTCTCTCTGGTTTTTGATGTCCAAACAACAAACAGTAAGAATCTGCTAGAAATAGCTCTTCAACAGGTAAAAAAATACGAAGACTCAGCCAATTACAAGGAAGCTTTACGAATAGTTGGTTTGCGAGACGGGATCACCTTTTCTCATTGTCTCGGACGTTTTGCTTTGCTTATGCACCT
NZ_CP166122.1_gap26	888945	890133	1188	ATGAGGATTTTTTACTTCTAGAGATGGGAGTTTCTGAACCTAATAACATGAAGAATCTTTTGGAAATCATTGAGCCTACAATCGGTGTGATCACACATATCGACGTGCAGCATGCTATGCATTTTCTGGATAAAGGGGCTCAAGGTATCGTCGAGGAAAAAAGCTTGCTGTTGGAAAGATGTGGGTTGCAGCTCATTCCTAAAGACTCTTCTTGGTTTCAGTTTTTTGCAAAAAAGAATTCTGCAGCAGAGCGGTTTTCTTTTTCTATGAGCAATGAAACGGCAGATTTTTATTATCGAGCGATTCATTCCGAAGGAGTCCTTATTAGTGCTCCTGATGGGGACATTGAGTTGCCTGCCGTATTTCCGTATTCTCCAGCGTATATGAATTTTATTATTGCAGTAGCTTTGGCTTGGATTACGAATGTTCCCATGGATCGTTTAGAGCAGGTGAGTCAGTCTCTGTTTTTGCCTGCCATGCGTTTCGAACAGCAAGAGCACAATGGTATCCGAGTGATTAATGATGCATATAATGCTAGTCCTGATGCAATGCTAGCTGCTTTAGATGCTGTTCCTGTTCCTCCAGAGGGAGGTAAGATCATTTTTATCCTTGGGCATATGGCGGAGTTAGGACGATATTCCGATGAATGCCATATTGCTGTAGCTAGGAAAGCTGTGACAAAAGCTCACATCATCTTTTTTGTTGGAGAGAAATGGTTCCCTGTTAGGGATATAGTTCGTGATGCGGATTGCCAGATTGGGTTTTATAGCGCAGTGAGCGAGATTATGGATGCCGTGAAAGCTCTCGTTCAACAGGGAGATGTTGTGTTGTTAAAAGGGTCTCGTAGTTTAGAACTAGAGACTTTATTACCATGCTTTTCGATTTCATAGGTAAAAGATCAGAATTTCTTTTTAGAATAGAAATAGTTAACTTTCAAGTCGCTGTAAGATGCTCTTTTTAACTTGCCTTTTGAAAGCTTAAGTTTAAGATAGAGAATTTCTTATAGGAGCTTCCCATAATAAAACGAGAAAACAGATGCTGCCCCTAACGTATGTTGTGAAAGCCTTTTCTATTGGCTTGTTTTTTAGCCTTTTTTTGATGAAACCTTTGATTTCTTGGTTAAAAAAACAAGGTTTTCAAGATCATATTCACAAAGATCACTGCGAAAAATTAGAAGAGTTACATAAA
NZ_CP166122.1_gap27	897192	900185	2993	TTAAGTGGTAAGTCTAGTGCGCAGATCGTATTTGATACAGATCTCTCTAAAGAAATACAGGAACAAATACTAGAAGCTGCGGATAAAATTTACCGTTTATTGCTAGGGAAAGGGTCGTGTCGTATTGACTTTTTTGTAGATGAAGAAGGAAATTTCTGGTTATCTGAGATGAACCCCATTCCTGGAATGACAGAAACGAGCCCATTTCTTACATCTTTCATTCGTAAAGGGTGGAGTTATGAACAGATAGTCCATCAACTTATTATTGATGGGCTGCAACGATTTAACCAACGCCAACGCTTGATATCGACGTCTTTTGTAGATCAAGCGTTCGCTATTCAGTAAGCTCCAACAAGAGAGACTCTTTGTTGGGCAATCAAGCTAATCATGATGATGAGAGCAGCTACAACCTGGGCATACACCTGCAAGAGATCGTACAATGACCGAAGGTTCTTCTTCGATGCTATTTTCAGCAAAAGAAGAATCTTCTTCGAAATCTTCGGCAGAAGCTGCAGAGATATAATCTAAAGACAAAACTTCTTCATCTGTGAGAGAGCCGTTTTCAGGTTGAGCAAGCTCAACAAGGATTTTTTTCTGCAATCTAGCGCCTACACGTTTTAGAATGGTTCTTAGCGCTTGTATGGTTTGTCCTTTTCTCCCGATGATCTTTCCAATATCTTCAGAAGCGGCATGGATCTCCAGCTTAAGGGTTGCGCTGGCTTTGTCCTCGGATGACCGAATCTCAACGGTGTTGGGATCGGTAACTAAATTTTTAACGATGTACGCTGCAAAATCTTCCATAAAATCCAATGTAAAATGAGAAATAAAAACCTTGATAAGAGTCTCTTGCCCAAGATTGTGGGAAGAATATATGAAATTCTAAAAAAGCGTCAATATTTTCGCTTATAGGCCACTATGGGCTAATTTATGGTGAAAAATTCTAGAGATAGAAACCTCTTCATTTGCGTTTAAGTAAAAGATAGTCTTCGCAACGAAGGTCGCAAATGACAGCTTGTTGAGGAGAGAAGGCTCCTAGAGAGAGTGCTTGTTGATAGTGTTGGATTCCAGGGAGGAAAGAGTCTTTACGAAAACGTAAGAGTGTTCCAGAAGATAAGGATACCACAAATTCTCCCGGATAATGATCGATTTGAGATAAGTCAATGATGCTAGGAGGATCCATCTGTAGTTGATCTATTAGGCTCGTGACAATAGACAGTGTTTGATGTGGAATGCGTGTTTGGGAAAGAGCTTGTTGCGAAAAGAAGACTGTAGGTAGTTCTAAGGATTGAAAAAAGGGCAAAGCTGGGAAGGTTTGTCCTTCATAACCTATGAATGTATGAGTTTGATTTCCTAAAAAAGCTAACGGAGTATGCAAAGCATAGGAAATAGCTAAGCCTTTATGATCAGGAACCTTCTCAATAGAAATAACAGAAAAAACTCCTAATTCATTTAAAAAGTGCTCGGCGGACTTCGTGGAAAATGTCTGTAAAGCTGGAGGGGAATCAGCAGAAAGATGCAAGATATCCGAGAAAAAAGGCTCAGGAAGGCAAGGAGGCTCCGTACAGGTAAGAAACAATGTCTTAATAGGCGTTAGGGAGTGCTTGAAATTTAAAAAACTAGGCAGAGTCAGCCATAATCCGATGGGTAAAAAGACGAGAACGCTAACGAAGATACACAGGAAAGCGTAGGGAAGAGAATAATTCGGCCCTTTAGCAAAAAAAAGACGCCATATATGTACTAAAAAAGAGGGGGAGCGGGGGGGCAAAATAACCTCTAACGTGCATCTAGAAGAATCTAAAAAGAATTGCTTTTTTAAATAGAAAAAAAGTGAGAGACCCTTATTGGAAGATAAAAGGTAGAGACTTCTTCCGTCAAGAATTTCATCATTAGATTACAAGCTGAATTAGAAGGCGAGATTATGGAATGGATAGCAAGAGAATACAAAAATATTTTTATCGTTTCTTTAAAAGGGGATATGGATGCTGTGACGGTTCCTGCTTTAGAAGAGTTTCTAACAAAATCCATTGCAAAAGGACGTGTTAATGTTTTGTTAAATATGGAGAAAGTTTTTTATATGAGTAGTGCAGGTTTACGCACACTGCTCTCATTAGCAAAATTAACACAAAATCATAATGGGAAGCTTTGTATCTGTTGTCTTAGAGATGAAGTTGCTGATATTATTCGTATCGCAGGATTGGATAAAGTAATCACCATCCGTAAAGCAGAACAAGAATCTTTTAGCGATTTTTAAACTATGTCCTCATCATCCTCTTCGGGAGCTGCAACTGGATTCGCTGTATGTTCGGATCCGCAAAAATCTTTTTCAAAAATGTTTAAGCGGACAGTGATTCTGTTGGCTGGGCCAACAGGATCTGGTAAAACAGCGGTTTCTCTTAAATTGGCACCTCTTGTGGACGGAGAGATTATCTCCGTAGATTCTATGCAGGTGTATCAGGGAATGGATATTGGAACAGCAAAAGTTTCCCTAGCAGACCGTAAGGAGGTTCCGCATCACTTGATAGATGTGTGTCATGTCCAAGAGTCTTTTAATGCTGTTGATTTCTATTATCATGCAGTGCAGGCATGTCAAGATATCTTGTCGCGTAATAAAGTCCCCATTCTCGTAGGAGGGACAGGTTTTTATTTCCATACTTTTCTATCAGGTCCGCCATCTGGGCCTTCTCCAGATTTTGTATTGCGGGAGCAGCTTACATTAGAAGCGCAGGAACGAGGAATAAGCGCTCTATATCAAGAATTAGAGCTTTTGGATCCTGTTTATGCAGCCACTATTACCAAGCATGATAAGAATAAAATTATTCGTGCTTTAGAAATTATTCGAAAAACGGGGAGTAAGGTATCTAGTTATGCCTGGCAATCTACCGTAAATGAATCAAAAGAGTATCATTGTCGGGGGTGGCTTTTATCTCCAGATCCAGAGTTATTGCGCCATAATATTTTAGAACGATGTGATCAGATGTTAGAAGAAGGGCTTT
NZ_CP166122.1_gap28	901753	902968	1215	TCAATGGAAGCTTTTGAGCAAGTGGTTGCAGAACGCAGCTCAATTGAAGAAAAGATTTTATTTGCATTAGAGCAGATGGGAGCTTTGCTAAAAGGTGCGGATCAGAATAGCGATTTGAAGCTGTTCTGGAATGTGAGAAAGTTTTGTCTACCTTTATTCCAGCAGTTGGAGGATCCTGTTCAGCGAGCCAATCTTTGGGGGCGTTACACTGAACTAACAAGGGAAGGGCGTCATATCAAGACTTTGCAAGATGAAGAAGGCGCTTTCCTAGTAGGACAGATTGAGCTGGCTATTTCTTGTTTGGAATCTGGTGTTCAGGGATTTTTCTCAAAAACAGAGAAAGAAGAAATCTCTGAGGAGGATCGAGCTGCGTTAGAAATTCCTAGTTTGTCTGCATATAAAGATTTCTATTTGTCTACGCATGCAGATCTGCGTTGGTTAGGAAGTTTCTCTTCTCAAATTATCAATTTGAGAAAAGAGCTTATGAATATTAGCATGCGTATGCGGCTGAAAAGCCAGTTTTTTCAGAAGTTATCCGTTTTAGGGAATAAGGTATTTCCTCGTAGAAAAGAATTAACCGAGAAGGTAAGTGAACTATTTGCTCAAGATGTGGAAGCTTTTGTAGAAAGATATTTTTCAAGAGCCTCTAGAGAGTCTCTTAAGAAGTCCGTCTTTTTCTTAAGAAAAGAAATTAAGAGATTGCAGCAGGCTGCTAAGTATCTATCTATTTCTTCTGGAGTTTTTTCTTCGACACGTTTGGGACTGAGTCAGTGTTGGGATCAGCTTAAAGGCTTAGAAAAAGAAATCCGCCAGGAACAAAGCCGTTTGGCTGCTACTTCCGCTGAGAATATGAAGGAAGTTCAAGGGCGTTTAGATCAGGTAGAAGTCCTTTTACAGGAGAACGAAGAGGTCCATAAGATCCGTAAGGAGATAGAGGCAATTTCTAAACATATTCGAGGAATCTCTCTGGTTCATGATGATGTTGTTCTATTGAAGGGCCGTATTCAGACTTTGTTAGGAGAGGTCCGAGAGAGAGAAGCTGTCATTGAGAAAGAAATGAAGGAGTTGCAAGCTAAAGCAGAGCGGGCTAGGGCAGAAGCAATTCAAGCACTGGAAAACGAAGTGCAAAGTTTCTGTGATCAATGTAATGAAGGAGATCTTCCTGAAGGGGCTAAAGAGCGTTGTCAGGAGCTGAAAGAAGCTGTGAAGAAGATG
NZ_CP166122.1_gap29	916309	918416	2107	TGAGTCTGCTTGAGACTTTAGTGATTGTCGTAAGAAGAAAAATATTGCTACTATTTTTGAGCCAAAGGACGGTTGATGTCTGTAGAAGTTGAATACTTGCAACACGAAGATTATTTGTATAGAACAAGCAAGCTAAAGGAAATCAGAGATTTGGGCATAAATCCTTACCCTTATCAATACACTGATTGTCTTGAAGTACAGGAAATTCGTAATCAGTTTGTAGATAACGAATTAGGAGATAGCGAAGCGGCTTTTCGTAAAGAGACACCTAAGGTGCGTTTTGCCGGACGACTTGTTCTTTTCCGTTCTATGGGGAAAAATGCTTTTGGGCAGATCCTCGATAATGATGCAAAGATTCAAGTGATGTTCAATCGAAATTTTTCTGCAGTGGCAGGGTTAGCCGCGGATGCTGGGATTTCTCCGATTAAATTTATTGAGAAGAAACTTGATCTAGGAGACATCTTGGGTCTCGAAGGGTATCTTTTCTTTACTCACTCAGGAGAATTAACGGTTCTCGTTGAAACGGTAACGTTGTTATGTAAATCCTTAATTTCTTTGCCTGATAAGCATGCAGGATTAGCAGATAAAGAAATTCGCTATCGCAAACGTTGGGCAGATCTGATTTCCTCAGAGGATGTGCGTAAGACTTTCTTAACAAGAAGCCGGATTCTTAAGTTGATTCGTGAGTACATGGATCAGCAGAGCTTTTTAGAGGTGGAAACTCCTATCCTGCAAACCATCTACGGAGGAGCAGAAGCAACTCCTTTTGTTACCACGCTGCAAGCGCTACATGCAGAAATGTTCCTAAGAATTTCTCTAGAGATTGCTTTGAAAAAACTCCTTGTTGGAGGAATGTCCCGAGTTTATGAAATCGGCAAAGTTTTCCGTAACGAAGGAATCGATAGAACGCATAATCCAGAGTTTACCATGATAGAGGCTTATGCGGCTTATTGGGATTACAATGATGTAATGAAATGTGTGGAAAACCTTGTTGAGTATATCGTACGTGCTTTGAATAACGGGGAAACTCAGGTTCAGTATTCACATTTAAAATCAGGACCTCAGGTTGTTGATTTTAAAGCTCCATGGATCCGTATGACGATGAAAGAAAGTATCTCTGTCTATGGCGGCGTCGATGTAGACTTACATGCAGATCATGAATTACGTAAAATTTTAGAAACACAAACATCTCTTCCAGAGAAAACGTATGTTCATGCCTCACGAGGAGAGCTGATCGCTTTGCTATTTGATGAGCTGGTTTGTGATAAGCTCATCGCTCCGCATCACATTACAGATCATCCATTAGAAACAACGCCACTTTGTAAAACATTGCGTTCTGGGGATGAAACTCTGGTAGAACGATTTGAGAGTTTTTGTTTAGGAAAAGAGTTGTGTAATGCTTATTCGGAACTCAATGATCCTTTACAACAACGAAAATTGTTGGAAGAGCAAATGCGTAAAAAGGCTTTAAATCCTGACAGCGAATACCATCCTATAGATGAAGAATTTCTAGAAGCTCTTTGCCAAGGAATGCCTCCTGCAGGAGGATTTGGAATAGGTATCGATCGATTGGTTATGATGTTGACAGACGCCGCATCCATTCGGGATGTCCTGTTTTTCCCTGTTATGCGGCGTATAGAAGCAAAAAAAGATTAAAGTTTTTTCACTTTCATCCCGGTTTTGCCATCTTCAATGGCAAAACCTCGGGATAAGATCTCATCACGTAGACGATCCGCTTCCTGCCAGTTCTTCACTTTTCTAGCAGCCTCTCTTTGCTCCACAAGAAGTAACACCTCTTCTGGAATATCTGGTTGTGAAAAGGGCAAAACTCCAAGCACTTGATCTATCTTTCTTAGTAAGGCGAGAATATGTTGCGCGTCTTGTTTAGAAAATACGGAAGAGTCTGTTTCTATCTGGATACCAGTATGTTGGTCAATGCTGCTGTTTATTTTCCGAATAAAATCAAATAAAGCGGCTAAAGAAGAGGAGATATTCAGGTCATTCGTCAAAGAAGTAATGAAGGTTTCTAAAAAACTTTGACAAGCTGTAGCTACTTCAGGGTGTATGATGTCATCAGGATACGAAGGATCTTCCAGCCTACAAATAA
NZ_CP166122.1_gap30	931483	936167	4684	AACTTGTTATTCTTACAGAACATCCCAAGCATAGAAACCGAAACACTTTTGAGCTGCTATCAGCAGAGCAATACGTTGGTTTCGAGTGCTTTCATCATCGCTAGCGACACGCACAGAGTCTAAAAAGAGTTCGGTGCTTTGTGCCAACTCTTTCAATAGATGTAAGTAGTCTTTCGAGCTTATTGGTAAAGCAGCAGTTTCCTCTACAAAACGATCCAGAGCCTGTTTGAATAACAAATCTTCGGCAGATTGTAAGGAAAACATCTGCTCTGTAACGGAGAAGGATAGTGAGGCAAGAATTTTCTTTAGCCTGTTGTGCGTTGCAGCAATGGTTTTCAGTATCTGAGTATTCTTCAGTTCTTGGATAGACTGAGCACTTTGAATGATAGTTAAAGGATTTTTAGGGCAGTTATCTGTAAGGACTGTTGCTATAACCTCTTTATCAAATCCTAGTGAGGATAAGATCGTTCTCAACCGTCCCCAAACAAATGTATTGAGTTTACTTAAGACTTCTTCTGGAGACCATACTGTATTAGGAATAGAGCTCGGGAAGTGTCGAATAAGCCGTGCAAATAAGTCTTCTATATCTACAGAGCTTTGAGTGGTGTAGAGAAGAGTAAGGATTTCCAAAGACTGGCGTCGTAGGGCATAAGGATCATGAGAGGAGGTGGGGAGAAGCCCTAGAATGAAGCAAGAGAGCAGGTTATCTATTCTATCTAAAATACTTAATAAAGCCCCTGTAGTGGAGATGCTGGAACCTAAAGTAATGTGTTGCAGATGTTCTCCAATAGCTAATGCAGCTGCTCGGGATAGAGAAGCATTTTGTAAGTAATATCTTCCCATAATTCCCTGTAGTTCTGGGAATTCATTGACAACCGAAGATACAAGATCTGCTTTGCAGTAATGTATAGCGGTATCAATATCCTCTTTAGCGCATAAGGGGAGGAGTGCATAAGCCTCTTCTAAGTGTAACTTCAAACGAGAAGTTTTATCCGCTAAACTACCTAAGGATTCAAAATAGGTGACAGATTTAAGTTTCTCTACGAATGAGGAAAGAGGGGTAAGCAAATCTTGTTTGAATAAGAAATTCCCATCCGTAAGTCGTGGAGCTAAAGCTTTTTCATTGCCCTCAACGATACTGTCTGTAGGAGAATTATCACACACGATTAAGAATCGATTGGTGATTTCTCCTTGCATATTTTGTGTTGGGAAGTACCGTTGATGCTGAATCATTTCAGCTATTAGTAGTTCTTTAGGAAGAGAACAAAAAGCTGGGTCAAATTGCGCACTAATAACAAACGGATGCTCTGTAAGGAAGACTGTTTCGTCAACGAGGTGTTCAGGAGCAATCGCCACGATTTGATCCCCTGTCAAATTCTGCAGCCCTTGTTTAATGATTGCCCGACGTTCTTTTTGTGACACGATAACACAAGCACTACGCAACGTATCGACATACATGTTGCTGGATGGGATCGTCAATTGACGATTGTCCAGCTGACGATGTCCCCAAGAAGTACTGCCTGATGATACGAATCCTAAAGATATAGGGAGAATTTGATCCCCATATAGCGCAACCAACCAGCGGATAGGGCGAGCATATTCCACGCCACCATTATCCCAGGTCATTTTTTGGGGGAAACGGATAGATCGAATCAATTGAGGGAGCTCATTAACAAGAATGGCTGCAGTTTCTTTGCGTTCTTCTGGAATAACAAGAAATAGGTAATCAGTACCATTGATAGAACGAACACGACAAATCGCAGAAGGTTGATCCAAAGCACTTCGTTGAGAGATCGATAATCCATGTGAGGAGAAGAATTGTTCTCCTTGAGGAGACACGGAGCCATCTGTCATAAATAATAAGGAAAGAGGGGGGCCTTTTTTCTCAGATTCCGGACGAATCGTTACATGACTAAGACCTTCTATGCACAATGCCAATCGTCGTGGAGTACCTAATACTTCGAGATGTTTGTAAGCAATGCCATAGTCGGCAAGGAGTTTCTTTGCGAGCGATTCGAGTTGTTGAATTCCAGTAGGGACAAAGGTCGCTGGCAACTCCTCGCTTCCAATTTCGAGCAGAAAGTCTTCTGGCTGGCAAATTGTTGGGATTTTCTTTGGTGTTACTGTTGGTGTGGAAGGAGGAGTTTTAAGGAGAGGAAACCCTAATGACTCCCGCCATGCCACATACTTATCTGCAGCAGCTCGTGCTAGTTGCCGTATCTTGGCAATATACCGCGTGCGTTCTGTCACAGAAATTACCCCTCGGGAATCTAGCATATTAAAGGCATGGGAAGCTTTGATGACGAAATCATATGCTGGGAGAGGGAGGCCTTGGTCTAGAGTTGCCAACGCTTCTGCAGAGAAGTCATCAAAATGTTTCAACCACATGGTAGTGTTGGCAGTCTCAAAATTGTATTGGCTCCAGGCCTGTTCTGCATACTGTGTGATGTCTCCATAAGTAAGAGAATCATTCCACATCACATCGTAGACGGAGTTCTTTTTCTGAAGATACATAGCGATTCGCTCAACACCATAAGTAATTTCGCCGCTAATTGCATCTAAAGGTTTACTTCCTACAGCTTGGAAGTAGGTCAGTTGTGTAATTTCCATACCATTTAACCATACTTCCCAGCCTAGCCCCCAAGCTCCAATAGTAGGATTTTCCCAGTCATCGTGAACGAAACGGATGTCATGATCTACTAAATTTAATCCGATGACTTTGAGAGATTCTAAGTAAAGGGAAAGAAAATTTTCAGGGACAGGTTTGAGGATCACCTGTAACTGGTGGTACTTTTGTAATCGATTAGGGTGTTGTCCATAACGACCATCTTGCGGGCGCCGAGAAGGTTCGATATAAGCTGTTCTAAAAGGTTCGGGGCCTAAAGATTGCAGAAAGGTTGCTGGGTTAAATGTCCCGGCTCCAACTTCTAAATCATATCCTTGATGAATGATGCAGCCTTGTTCGCTCCAAAAGTTTAGAATAGCTGCCATCATGGCTTGAAGAGTTAAAGGTTGTGAGGACATAAAAACTCCTGGATATCTGAGAAAAAGAAGAGCCTTACGGACACGGAATACGGCTTGAAATAGGAGCCGGGCTCTGCAGAACAAGGATTAAGAAATCCTTGATATTCCTAGAGGAACATACTAGTGGAAGCTGTATTAATTGAACAAGGCGAGAAATGCCCTGTTTATAAGAGAAATCGATATTGCAATAGAGAGAACTAGTGCTAAGTTTTTTGAAAAAGGATTTAGAATGTATTTATTCCAAATATAGATGGGAAAGACTGGCGATAAATTCTAGAAATGCTAAGAATGAGAGAACTAAGAAAGTGAGCAGTCACGAGAGGGATTTTTGCCGTTTTTACAGAGAGGAGGAGAGAAGGAGCCGGATAGGTCATAACATGTGGCGCTGACTTTTTCAAAAAGAAAATATCTGGTGTGAAGCACTAGACTTGGGAATTCAAAAAAGATTTCTTGGGGAACAGATGAGAGTGAGCTTACCAAACTTCCTGACAGTTTTTCGTCTATTTATCACACCGATTTTTATGATTCTTTACTTAAAAGGTCGGTGGTTCGGGTTGTCTGCCGCATTCCTGCCTTACGTTCTCCTCTTTTTGCTGATCATTACGGAAATCACGGATGCTGTAGATGGATATATTGCGAGAAAGTTTTCCCAGGTAACAGATCTGGGAAAACTTCTAGATCCCATGGCTGATAGTGTATACCGTATTTCGCTGTACCTCACGTTCACACAACCTCCCGTGAATCTTCCTCTCATACTTGTGTTTATTTTCTTAGCTCGAGATTCCGTTATTAGCACTTTGCGTACGCTATGCGCTAGTAGGGGACAAGTATTAGCTGCTAGGATGAGTGGGAAGTTAAAAGCTATTCTTCAAGCTATTAGCTTCTTTTTCATCATTTTCGCGATGTTCCTTTGTGCAAAAGGCATTATCTCCACAGACGATTTAGAGTTTTTCTCAACAGTGATAGTGTCTTTAGTAGCCTTTTATTCTATTTGCTCTGGAGTTGAGTATATTTGGGTGAATAAAAGTCACTTATTACAGAAAAATGACTCGCCGGATGGCGAGTCATAGGGAAGTTTATTGTTTATAAATTTCTAAATATTTATTGGCGGCAGTTTCTAGGTCTGAAGAAAAATCTAGACAAGCACGTACAATATGTTGCCACTTGTCGTGGTTGGTGCGGTAGGTTGTCACTGCTTCCGAAAGCATGTTTCGGAATTCATAGAAGTCATGCGGATTAAAGAAGGAAAATCCATTGATTCCATTTGCTACAGTATCTGCTAGTCCTCCTGTAGCTCTTACTAACGGTACAGTCCCGTAACGCATTCCAATCATTTGTGTGAGTCCACATGGTTCAAACATAGAAGGAATGCAGATCATATCTGCAGCGGCGAAAATTTGTCGTGCCAGCACATCACTATAAGTCAAAAGAATCCTTACATTAGGGGAATTCGCTAATGATTCTTGAAGATTTGCAAATTCTTCATGCAATTGATTCCCGTAGCAGGTACCTATAATAATGAGCGTGTAAGCGTTTTCTAGTGCATGGAGAATGGCCTGTTTCATAAAGTGAGGACCTTTCTGCTCAGCAATTCTAGAAATAATGCACACGCAAGGAGAGTGTTCTAAAGAGAGGCCTAATCTTTCGTACAAGGCTTTTT
NZ_CP166122.1_gap31	1042185	1042685	500	AGTTGAAGATCGAGTTTGTTCTCTATATTCATCTCGTAGTAACGAAAATAGAGAATCTCCTTATGCAGTAGTAGACGTCAGCTCTATGATCGAGAGCACCCCAACGAGTGGAGAGACGACAAGAGCTTCGCGTGGAGTGTTCAGTCGTTTCCAAAGAGGTTTAGTACGAATAGCTGACAAAGTAAGACGAGCTGTTCAGTGTGCGTGGAGTTCAGTCTCTACAAGCAGATCGTCTGCAACAAGAGCCGCAGAATCCGGATCAAGTAGTCGTACTGCTCGTGGTGCAAGTTCTGGGTATAGGGAGTATTCTCCTTCAGCAGCTAGAGGGCTGCGTCTTATGTTCACAGATTTCTGGAGAACTCGGGTTTTACGCCAGACCTCTCCTATGGCTGGAGTTTTTGGGAATCTTGATGTGAACGAGGCTCGTTTGATGGCTGCGTACACAAGTGAGTGCGCGGATCATTTAGAAGCGAAGGAGTTGGCTGGCCCTGACGGGGTAG
