gap_id	start	end	length	sequence
NZ_CP041698.1_gap1	5300	10287	4987	CGAGAACCCGTTCATTGCGGGGGGAGAGGGTGTGGATGGCACGGGCGAACAGCTCTTTGCCGGTACCGGTTTCGCCTTGAATCAGAACGGTGGCGTCGGTTGGGGCCACCTGGCTGACCCGCCTCAGAACGGCTGCAAGGGGGGCGCTGGTGCCAATGATTTCTTCAAAGTTATGAACGGCGCGGATTTCTTCCTTGAGGTAGGTGCGTTCCCCCTCCAGCCTCTGGCGGAGAGTGTCAATTTCTTCAAAGGCGAGCAGGTTCTGCAGAGCAAGGGAGAGCTGGGGAATGATGAGGTTGAGGGTAGCGAGTTCCGCCTCTTCAAAGGGTCTCCGGCTGCTGGAGATAATAAGGCCCGCATGGCTTCCGGGTGCGTCCCAGAGCTGTGCGCTGATAATGGTACAGATTCCGTAGCGCTCCTGTACTTCGGCAACAAGCCGCGACTCACGGGCAAGCTGAAGGAATCTGTCGCCGGAGTATACACCCGGATGAGCAATAAGCTCGCGGCTTTCACGCATGGCATCTTCATCTCCTGTGTGGCTCAGGCGCTCCTCCGTACTGACCGAAATGAACCGCCCCTCCTCATCATGCATGAAGTTGTCTGCCAGGCGGGGGGTACCGTCATCACCAAACACCCTTATGCCGAGATAGACGACCGGCAGAAGCTTGCTGATCTGCTCGCAGACGGCAAGAAGCATCTGGCCGCGGTCGCGGATGGTCATCAGGGCGTTGTTGACGGCAAGCTGCATGGCAGTTTCTGCCTCCCTTTGACGGAGTTCGTCATAGGCAAGGGCGTTGCTCACAGCCATGGAGATGGGGGAGGTGACGGAAGCAAGCAGGTCGCGTTCTGCCTCACTCCATGCCTTTTCATCACGCGATACAAAGTTGAGGAACCCGATGACCTCGCCTCCCGAAAGGAGGGGAGAGAGCACAATCTGGCGCATCCCGGCGTCGTAGAAGATTTTCAGAATCGGATAGGAATCGTTGCCATGGCGGCGCAGCTCGTCGCCGATGCTGACGGTTGCCACGGCTGGCTTTGTGAGAAATGGCTCAAACCATGAGCCGGCAAGTAGCCGTTTCTCGTTTGCGAACCCCTGAGCTATGGGGAAGAGGAACATCTCGAAAAAAACGCTGACATACCGGCGGTCTTTATCAATGGTGACGATGACGGCTGAATCAAACTTGAACATCAGCCTGAGCTTGTCGGTAAGGGTGTGGAAAAGCTCTTGCGGGTCGCGCACGCTTCCGACTGCATCGCTGATGTACTGGGTCAGCCGGCGGGACTCAATGAGGGAGGGATCAGTCATGGGCGGAGGCAAGATCTATTTTTTCCGGATTTTCAGGAACACCTTTTACAGAATATTCCGAATATTCCAGACTTTTCATAACAGTAAGAATATCAGAAAAAGTATCAACTGCTTTCTAATGAATATGTTATATTAATACTTCGGATGTGGCAGGTATGGCACGGGAATTGCACCGTATCTACTGCACCCTTAACAACGCAGAGGCCATGAAGCTACGATTCACTACGGCACTGATACTGATTGCGGCATTCGCCCTTCCAACGGCGTCTCATGCCGCCACCCTCACCCTCAATAATGCATTGCAGCGGGTTCGGGAGAACAGTCCCCGCCTGCGCCAGGCACGCGAAAACCTCAATGCCGCAGAAGCACGAACTGAAGGGAGCAGAAGCGGCTGGTACCCTCACCTTTCAGCAATTGCCGATTACAGCTATCGCGACCCGATTTCCGAGTACCAGGGGATGAAGTTCATGCCCGCCAACAGCTACAACGCCCGAGTTGGCGCGGAGATGACGCTGCTTGATTTCGGCCGTACAGCCAAGGGCGTCTCCATAGCGCGCTCGAGTGAAAAAGCAGCCGGCCTTTCCCTCTCCCTCACTGAACGGGACCTCGCCTATACAACCATTCAGGTGTTCCATACCATGCTCTTCCTCCGCGAAGCTGTGCTTGTGCAGGAGAAAGAGATTGCCGCGCTTGAGAAAAACCTTGAGTATACGCGGACGCGGTACCGCGAAGGGGTGGCAACACGCTTTGATTTGCTCTCCACAGAGGTTCGGCTGGCCTCGGCTTTGACAAAAAAAACAGATCTGGAGAGCGAGCTGGCCAATCAGTCCATAGCCCTCAGCCGGCTTTGCGGCTTACCTGAAGATGAGCCCGTCGGGGTTGAAGGATCGTTTGCTTCCGTTGAACAGGGAGAGGAGGAATCGTCGTTTGTTGTCTCCGCTCTCGAAAAACGCCTTGAACTGAGGCTTGCCGGGGAACATGAGCGCACGGCCATCAGAAAGACTGAGCTTGCAGAAAGGGCCTGTCTTCCCGTTATCACCGGGAACCTCTCCTGGGGAACCGCCAACGGCTTTCTGCCCGACCTTGAGGAGATGCGCCCGAATACAGCGGCAGGCGTGAGAATGGAGCTCCCGCTTTTTACCGGGTTCGCCAGCCGTTCTGAAAAACGCGCAGCACTTGCCATGCAGCGGGCAGCCGGGGCCGAACGGCTCGATACCGACCAGCAGATCCGCCAGGAGGTTCGCCAGTCACTGAACTCCCTGAGGGCAAGCCGCCAGAACATTGCCACCACAACCCTGCAGGTGAAGCAGGCTGAACTTGCCGCAGAGCACGCCCGCACCCGGTACCGCAACGGACTTGCCACTGCGCTTGACCTGCTTGATACAGAGGCCTCGCTTGCCGAGGCGGAACTCTCCAACCTGCAGGCCCGCTACACTTTAGTCATGAACACCTATGCCCTTAAACGGGCGGCGGGAGAACCGCTTGAACCCATTCAGCAACCCGACCAGAAAACACCATGAAACCTCAGGAAAAACGAATACTTGCTCCGGTTGATTTTTCAGCCGACTCGCTCCATACAATACGATACCTTGCCGAGCACCATTCCACAGGAACACGGCTGACCGTGCTTCATGTGGTTCCCGATGAGATGCGGGGTGACGAAGATACGATGCTCAGAGAGCATCTTCTTATGTTCTCGCAATACTCAGGAATCCTTGCGGATTCAGGGTGTGATGTGCGTTTTGCAGTTGCCTATGGCAATCCCGCAAAGATGATTCTGGAGACGCCCGCAACGGGGGCGCCGGAATGATTGTTCTGGGGTCGCACGGAAGCAGCCGCCTGCTCCGCCTTCTTGTGGGAAGCACAACCGAATCAGTCATGCGCCACTCTCCCTGCCCTGTTCTGGTACTGAAAACGCCGGAACTTGAGACAGAAGAGGACGACTGCCCGGACGAGGAGACGCGCGCAACCATCAACGCATAAACACCTATGGAAGAAGTACCTGCCGGCAAAGGTTCCGGCTCAAAGCCCCCCGTCAATCCCATGCGGTATCTGGTTCTTGGGATACTGCTTGCAATAGGGCTTGTGTTTGGGGGAATGAAGCTCTACCACTCATTTCTCTATGAAGAGACCGACAACGCCCAGATTGAGGGGGACATCTATCCTGTAATTTCCCGCGTGCCGGGCAAGGTTATTGAGGTCATGGCGGAGGACAACGGGAAGGTTGCCCGGGGAGACGCCCTCATCAGGCTTGACTCGCTTGATTTTGTGGTGCGGCGCGACGCTGCCGTGGCTGCACTTGAAAGCGCAAAAGCCTCTGCCGAGCCGCACGGGCGGCAATAACGGCAGCAAAGGCCAATGAGCGAAAACTCCAGGCCGATCTTCGCCGAAGCCGGAACCTGCAGGAGCAGGATGTTATTTCAAAAGCGGAGCTGGACGCGGTCACTGCGGGAGCAACCGGCTCTTCAGCAGAGCATGCTGGAGCTTCAGGGCAATACCGGGCAGCGCTTGCTTTGGTGAAGGTGCGCGAGGCGGAGCTTCAGAACGCACGCCTGCAGCTTTCCTATACAACCATCACCGCTCCGGCAGATGGCCATGTTGCCAGAAAGAATGTGCAGCCCGGGCAGTTCGTGCAGCCGGGTCAATGGCTCATCGGGCTTGTAGGCAGCAGTGAGCTCTGGGTGGTGGCCAATTTCAAGGAGACGCAGCTCACCAACATACGCCCCGGCCAGAAGGTCGACATCAGGGTTGATGCATTCCCCTCCAAATCATTCAAGGGACGGGTGGAGTCTATCTCATCGGGCACCGGCTCAAAGTTCTCCCTTCTCCCCCCCGACAATGCAAGCGGCAACTTCGTGAAGGTTGCCCAGCGGGTGCCGGTGAAAATTGTGTTTACGGAAACACCCGATCAGTCTCTTGCCGCAGGAATGAGTGTGGTAGCGGATGTCAGGGTGAAGTGAGGACTCAGCCATGAGCGGAGCAGCTGCAGCCGGGGCATACGAAGACGGACACACTTACGAAACCGGGTTCCGGAAGGCAATCATCACCATTACGGTGATTGTGGCCGCAATGCTGGAACTAATCGACACCACAATCGTCAATGTGGCAATCAGCCACATCAGCGGCAACCTCGGCGCCAGCATTGAGGATGTTTCGTGGGTTATCATCAGCTACGCAATAGCCAATGTCATTGTCATCCCTCTCTCCGGGTTTCTCGGAAACCTGCTCGGGCGGCGCACCTACTTCATTGGCTCCATCCTTCTCTTTACTTTGGCATCGCTGCTCTGCGGCATAGCCGACAACATCTGGACGCTGGTCTTTTTCCGCTTTATTCAGGGCATAGGGGGCGGGGCGCTTCTGCCCACATCCCAGGCCATTCTCTATGAGACCTTCCGGCCTGAGGAGCGGGGAGCGGCCACAGGCATATTCTCAATGGGCCTTGTGCTCGGCCCCACCATCGGGCCGCTTCTCGGAGGGTATCTGGTTGATTACCTGAGCTGGGAGTGGTGCTTTTTCGTGAACATTCCTGTGGGGCTTCTGGCCTCATGGGCAGCCTTCACCTTTATCCGTGAACCGAAGGTATCGCACAAGGTTAAAAAAATCGACTGGGCAGGAATAGGGCTGCTGGCGGTGGGCATCGGGTCTCTGCAGTTCATTCTTGAGCGGGGGGAATCAAAAGAC
NZ_CP041698.1_gap2	158414	160739	2325	TGCCGTGCTTCCAGGCCTTGGGGTTGGCGAAGATGTCAAGCAGGCCGTATGCGAAGCCCATGCCGGGGCGTTCGACAGGCAGGAGGTCCTTGTCGCTCTTGCCCTGCTGCATGTTGTGCCAGGACTTCTCTGCCTTGTGGTGCAGTTCGCCGTTCATCATCCAGCCGCCGGGACGGTCAATGCCGCCGACGAGGGTCTGTATGATGGCCTGCAGACGCCGCTGGCCGATAAGGTGGTGATACCTGGCGCCCATCCAGCCGGGGTCGACCACGGCTGGTCGTGCCTGACCGAACTCGATGGCAATTCTTTTGATTGTTGCCGCAGGGATGTCGGTAATTTCGGCTGCCCATTCGGGGGTGTACTGTTCCGATTCCGCAATGAAACGGTCAAAAACGGTTGTGACCGCACGGCCTTCCCAGGTCAGGTTTTTCGGGGCGTTGAGGCCCGGCTGTATCCGTGCGCCTGATTTGGTGCGTTCGTTGGTGTTGGTGTACGCTGGTACAGCGCGGACCTCCTGGCTGATGAGGTCAAAAACATAATATGCTGAAGGGTTGCCGTCTTCGCCCTTGTCTGCAGCGAGTTGTACTGCGCCTTTTTCGTCCACAAAAGAAAGGAACGGGGCGTTGGTATGCTTTGAAACAAAGGGCCCGTCATAGAGCCTTTCGCGCAGCAGGGTGTGGAGCAATGCGAGGAAGAAGGCGTGGTCTGTGCCGGGTTTTACCGGAATCCATTCGTCAGCCTTTGATGCCAGTTCGCCCATGCGCGGGTCGAGGCATACCACTTTCGCTCCGTTTTTTTTCGCCTGACCGAACCGGACGGCACGGGCTGTGGAAATTGCCGCTACTGAGGCGTTGTTGAGGCTGAAAAGAATATAGCGGGCGTTTTCAAAGTCTACGAGAATTTCGTCGTGCACATTGAAGTTGCCGGTCACCAGATCAGTGCCGAGGTGTCCCGCCGTTACACAGTGCTGAAGGGGGGATGCTACAATATTTGGTATCTGAAGGGACTGGCAGAACGGGAGACTGAAATGCATGTATGAGACGCACGCCGTCCATCCTCCGACAAGGCTGATCTCCCAGGGGTTGACCTTCTTCATTTTGCCGATGATGTGGCTGTAAGCTTCATCCCATGTAGCAGCTCTGAAGTTCCATTCCCCGCGTTTGCTTCCCTCAACCCTTATGAGAGGCTGCTTGAGGCGGTCAGGGTCGTAGGTCTGGTAGAGGCCTGCCTGCCCGCGTGCGCATATCCGTCCGCGGTTGAGAGGGCTCTCTTTATTGCCTTCAATTTTGACGGCTCGCTTGACCCCGTCAATCTCCTTCGTGGCAACATGAATGTCACAGAACGAGGAGCAGAAATTGCAGATGCTTGGAACCCAGGTGACGGTGCCCGAAACGGCGCCACCGTTTTCAGGTGCTCCCGCCTGGCTGAGGCTCCATACGGGACGAAGCAGCGACATGCCCCCCAGAACACCGGTAACTTTCAGGAACTGGCGGCGTGAAATAGTTTTTTGCATAGAATTTTCTCTTCAGACAGATGAAAAAATAGCAGTGATTTCCTTGTGGAAAAGGAAGGGAGATGGGAAAACGGAGGATAGCCACTGCCGTTCTGCTGTTTTCGCCATGAAACGAAAAGACAGAAATATAACCCCGGGGGCCCGTTTCTCCAATTGTTAAATCCCGGATTCTCTCGACTTCCGCTCCATAGAGCACATGCATTGCGTGCTGCTCTCGTGTTTTCATAATGGAGTCAAATGTGTACATTTCATTCATGCAACAGATGTTTTTGCTCATCTTTCAAACGCTTTTTGCGCATGAATCCGATGTACTATTTTATTGGGGCGACGCTTTCCATCCTGCTCTCGATTTATGTGTTCATTTTTGGCACCGGGGGTAACCATGAGCTGGTCGGTATTTTTATTGGTCTCTGGGCCCCGACCATCATTGCTATAGGTATTTTCAACACTCTTCTTGGGATCCATGATGAGATGTGTTGTGCACACCGGCGCATTGAGGGTCGCCAGAAGGGTGATGATGAGCAGTAGGAGCGGCTTATGATGCAGTTCTCTTCTGTTCTGCTTGCAGGGGCCGGGGGTTTTCTTGGTACGGTTGCCCGTTACCTGGTGGCTTTGGCGTTCAGTCCCTCCATGCCGGGGTTTCCGTTTGCTACTTTTACGGTCAATATCCTTGGGAGCTTTCTGATTGGTTTTATCAGCGAGCTTGCCGTTTCCTCCACGATGGTCTCTCCCCAGGCGCGTCTTTTTCTCGTGACAGGTTTCTGTGGGGGGTTTACTACATTTTCGTCGTATATGTATGAAGGCGCGTCGCT
NZ_CP041698.1_gap3	170627	174394	3767	GGAGTATCTGGATTCCGAAAAATATGAGATACGGGAGTGGGACCTTGACCGTCCGGGCAACATCCGCGCTGAAATTACCCGTATCAACCGTATCCGCCGCGACAATCCCGCGATGCATGAAACGGCAAACATCTCCTTTGTCCGCATTGAGGATTCCCCCGGCCATGAGCATGAATGGCTGATGGGCTATGTCAAGCGAACTGCTGATGACTCGAATGTGGTGCTTACCGTGGTCAATCTCGACCACAGAAGAGTGCGCAGTGGATGGATGCGTTTTCCTCTTGAACAGTTCGGCCTTTCTCATGAGCATACCTTCAGTGTTGAAGATCTCTTCAGCGGCATGAAGTACGAGTGGAACGGGGAGTGGAACTTTGTGGAGCTCAACCCTGCAGCCATGCCGGCCCATATTTTCCGCGTCACCTTTGGCTGATGCGGCTCTTTTTTGTTTCCCTGAAAATTCCAGTCACTTTACCCGTTCAACCCCACCATGTATCAACCTGAACCGCTCTGGTACAAAGACGCCATTATCTACGAGGCTCATGTCAAGACGTTCTTCGACAGCAACAATGACGGAATCGGCGACTTCCAGGGGCTTCGCCAGAAGCTCGCCTATCTGGAAAGTCTCGGCGTGACCGCCATCTGGCTGCTCCCTTTCTACCCCTCGCCCCTGCGCGACGACGGATACGACATTGCCGACTATATGACGGTCAACCCTGATTACGGGACGCTGGAGGATTTCAGGGAGTTTCTTGAGGAGGCCCATAACCGCGGGTTGAAGGTGATCACCGAGCTTGTGGTCAACCACACCTCCGACCAGCACGCATGGTTCCAGCGGGCCCGCAAAGCGCCGGCCGGCTCACCCGAGCGGGATTTCTATGTCTGGAGCGACGATCCGAATAAATATTCCGAGACCCGTATCATCTTCCAGGACTTCGAGGCTTCGAACTGGACCTGGGATCCGGTTGCGGGCCAGTATTACTGGCACCGTTTCTTCCATCACCAGCCCGATCTGAACTTTGAAAACCCCGAGGTCCAGCAGGCGCTCTTCAGCGTGCTTGACTTCTGGCTCGGCATGGGCGTTGACGGCCTGCGGCTTGACGCAGTTCCCTACCTCTACGAAGCGGAGGGGACAAACTGCGAGAACCTGCCCCAGACCTTCGAGTTCCTCCGGAGTATGCGAAAGCATGTTGATGAGCACTATCCCAACAGGATGCTGCTTGCCGAGGCCAACCAGTGGCCGGAAGACTCCGCAGCCTACCTTGGCGATGGTGACATGTGCCACATGAACTTCCACTTTCCCCTCATGCCGAGGATGTACATGGCCCTTGCCACCGAGGACCGTTTCCCCATTCTCGACATTCTTGAACAGACCCCGGAGATCCCCGAGGAGTGCCAGTGGGCATCGTTCCTTCGCAACCATGATGAACTGACGCTTGAGATGGTGACCGATGAGGAGCGCGACTACATGCGCCGCGTCTACGCCAATGACCCCAAGGCCCGCATCAACCTTGGTATCCGCCGCCGCCTCGCCCCTTTGATGAACAACGACCGGCGCCGCATAGAGCTGATGAACATCATGCTCCTTTCGCTGCCTGGCACCCCGGTGCTCTACTATGGCGACGAAATCGGCATGGGTGACAACTACTACCTCGGCGATAGGGACGGTGTCCGTACCCCGATGCAGTGGAATGGCGACCGTAATGCGGGCTTCTCGCGCTCGAACCCCCAGCAGCTGCTTCTTCCGGTCATCATTGATCCGGAATACCACTACGAGGCGGTCAATGTGGAGGTGCAGGAGAGCAATGTGAACTCGCTGCTCTGGTGGACGCGCCACGCCATCTCCACCGCTCGCCGTTACAAGTCGCTCAGCCGCGGAACAATAGAGTTCCTGCAGGTAAGCAACCCGAAAGTGCTGATTTTCATCCGCCGCTTTGAGGATGAAACCGTGTTGTCGGTCATCAACCTTTCCCGCAATGCCCAGGCCGTTGCCATAGACCTTGCTGACTTTGAGGGATACACTCCCGAAGAGGTGTTCAGCATGAACCGGTTCCCTAAAATCCGGAAAGCCCCTTATATGGTGGCTCTGGGTTCTTACGGATATTTCTGGTTGAACCTTGTTCCCGAAGTGGACGGAGCCCTCGCACGGCCCTGCATGGACACCCCTTTCGCAGAAGTCGCAAAATGGCCCTCCCTGTTTGCCGGCAGGAGCCGCGAGCGACTTGAAACCTCCATTCTTCCCGGTTACTTCCGTGCAAGCCGCTGGTTTGGCGGCAAGGCCCGTAATGTCATGCGAATCACCATCATCGACACCATGCCGGTTGCGGGGATGGATATGTCCAAGCTGCTTGTGACCGAAGTCCGTTACTCAAGCGGTGAGAACGATCTCTATCAGCTTCCCGTCTGTTTCACTCCTCTCGCAGTGGTTTCTCCTTCCGATGACAACTTCGCCAAACGGGTCATTGCCCGTGTGGTTGTGGGCGGTGAAGAGGGTTACCTGTGCGATGCAACCTTTGAGAACGAGTTCCTCAGCCGCCTCTTCAGCCTCATGGTTGGCTCTGGCAAATGGCAGGGCAAGGCCGGTGTTGTTTCAGGCCTGAAAGGTTCCGCAATTGAGGCCTTCCTTGACATGACAGATGATAAAGAGCCGGAGCCGGTTCTGATGGGTGTGGAGCAGACCAACACTTCAGTCCGTTTTCACGATTCCCTCTGCCTCAAGCTCTATCGCCGCATTGAGGTTGGTGTTTCGCCCGAAATCGAGATGTGCGGTGCTCTGACTGAAAAAACTTCATTTGAAAGTCTCCCCAAATACCTCGGTTCGCTGAACTACGATCAGGGCCGTTCCTCCCGCTACTCCATAGGCATTCTCCAGAACTTCGTGCAGAACGAAGGGGACGCCTGGCAACTGTCGCTTGGTCAGGTACAGCGGTACTATGCCGATGTGCTCACCAGGATAGCTGCGGGTATTGAACTGCCCGAAATGGCGCGCCTCAGCGGCACACCCGTCGCTGTTCCCGAAATCATGTATGAACTGATCGGTGACGCCTATCTCGGTATGATTGAAAAACTTGCAGAGCGGACGGCCGAGATGCACCTCTCTCTTGCTTCACTGACTGCCGAACCTGCCTTTGCTCCTGAAGCGTTCACCACGCTCTACCAGCGTTCCATCTATCAGGCGATGTGCGAGCAGGTCAAGCGGGCAATGATTCTCATTGGTCAGCTTATGCCTTCCATGGAGCCGGAACAACGGGAACTCTGCTCTCTTCTGGTCAAAAACCAGAAAACGATACTCCAGCAGTTCGAGCCGATCCGCAAGGAGAAGATCGATACGCTGAAGATTCGTATCCATGGCGACTACCATCTCGGTCAGGTGCTCTTTACCGGTAAGGATTTTGTGATCATTGATTTTGAAGGCGAGCCGGCCAGGCCGATTTCCGAACGCAAAATCAAGCGCTCTGTCTTCCGCGACATTTCAGGAATGCTTCGTTCGTTCGACTATGCGGCCTTCAATGTGCTTCATTTGAATGAATCAGTGGTGCGACCCGAAAACCGCCACGAGCTTGAGCCATGGGCAGACCGCTGGAGCAACGCCGTTGGGCAGCATTTCCTCGACACCTACTTCGAGAAAACTGCCGGCAGCGACATTGTGCCGCAGAACCCCCGGCAACGGGAACATCTGATGAACGCCTACCTGATGAACAAGGCGGTTTACGAACTCAATTACGAGCTCAACAACCGGCCGCAGTGGGTGGGTATTCCCATACGGGGCA
NZ_CP041698.1_gap4	175544	179391	3847	CTCTGTATCGCCGAACACATGGGGGTGGCGGTTGATGAGCTTACTACAGAGGGCATCGCATACATCGCCAAACGAAAACTTTCCCGCCTCTTCAGCAAGAACTGCCTGAAAGGTGACATGAAGAAAAAGATCCCCGATCTCCTTTTTCAGCTCTTCATCCTCTCCCTTGTCAATGGCATCAACCAGTTCATAGCTTTCCTCAAGCAGAAGGTGGACGAGCGACTCCGGGGTCTGCTTTCTGTCCCATGGGCACTCGGTCCGCAGCAGTTTTACCAGATTCGTTACGCGAAGGAACTGCTCGGTCAGCGTCCGCTGACGCCGGGTGGTTATGTCGGTCTTCAGAGCCTCAAGTGAAGTCTTCTCATTCATGCGTCAAGGGGTTTGCGGGGGAGAGTGCGTACAGTTGAGCTGAAGTTACCATTTCTTGACGGTATATTCCTTATACTTGACAAGGGAAGGGCTCCTTCCCGTCGCGCGTTCTCTCTGTAAACCCGAACTTTGCAGCAGCCATGCATATTGAGGATGCAGTCATTGTGCTTACCGGATCAAGCTCCGGCATCGGGCTCGCACTTTCGCTGGCACTTCTTGCCAAAGGTGCGGTGGTATACGGCATCAGCCGGAGGAAAACCCCGATTCAGGACCCCCGCTTCCTCTCAATAGAGGCGGATCTCGGCATCCCGGAAGAACTATCGGCCGCCTTCAGTCGCATCCGCCGGGGAATGATTGTCAACATCGCTTCCATTGCCGACTGCATTGCATGCTCCATTGAGCTTCCCGACACCGTGCTTCTTGATCAGATTATTCTCCGACCCTTATGACCGAACGACCACTTACCCCCGAAGCCGGTGAGGCCATTGCCGCCATTGCAACCCCTGTAGGGGTGGGAGCACTTGCTATTGTCAGAATGAGCGGTCGTGGGGTGCTGGAAATCGCTGACCGGGTGTTCCGGAAAAAAGGCGGTACAGCGTTCAGTTTCAAGGAAGCCGAAGGGTTCAGCGCCCATTTCGGCACCCTCTCAGACAGCCGTGGAATGGTGGATGAAGTCATCGCCCTCGTTTTTCGGGCTCCCTCCTCCTTCACCATGGAAGATATGGTCGAGTTCACCTGCCACGGCGGTCCCGTTGTTGTGCGCCACCTTCTGCAGGCCCTTCTCGACAGCGGATGCCGGCTCGCCGAACCCGGAGAATTCACCCGCCGTGCTTTCCTCAGCGGCCGAATCGACCTTCTGCAGGCCGAAGCCATTGGTGAAATGATCCACGCCCGAACCGAATCCGCCTTTCGAACTGCCGTTACCCAGATGCAGGGCAACCTCTCCCGCCATCTTCAGGAAATGCGCGCAGGCCTCCTGCAGTCGTGCGCTCTGCTTGAGCTTGAGCTGGATTTCAGCGAAGACGATGTGGAGTTCCAGAGCCGCGACGCTCTTCGTCTTGAGGTTGGGCGCCTGCAAGGCGAAATCTTGCGTCTCGTAGAGTCATACCGCGAAGGACACCTCCTCACAGAAGGCGTTGCTACTGTTATTGCCGGCAGGCCAAACGCCGGAAAATCCACTCTTCTCAATGCCCTTCTCGGTCATGAACGGGCCATAGTCAGCCACATGCCCGGCACCACCCGCGACTATATTGAAGAGTGCTTCATTCACGAAAAAACCATGTTCCGCCTCACCGATACCGCCGGTCTTCGGGAATCTGACGAAGCGGTGGAGCACGAGGGAATTAAACGAAGCTACCGCAAAATCTCCGAAGCGGACCTGATGCTCTACATGATTGATAGCTCCTCCGGCGATTTCCTGAAGGAAGCCGCCGCCGCTCGTGAGCTTCGCCAGCGCCATCCAGAGTCTGGAATGATCGTGGTCGCCAACAAAACCGATCTTGCACCCGATGCAGGAGGAAGGATTGCGCAGCTTCAGTCCGAAACGGCCTGCCCCGTCATTGCCATGGCTGCGTCAAAAGGCGATGGTCTCAACGAGCTCAAAAGCACCATGGCCGGAATGGTTGAAGGGCTCGATAAACTTCATGAAGCCAGCGTCCTCGTTACCAGCCTCCGCCATTACGAAGCCCTCCGCAACGCCGCCGATTCGCTTGACAACGCTCTCCAGCTCATCAGTGCCAGAGAGCCCGCCGAACTCATAGCCTTCGAACTCCGTTCTGCCCTCGACTATGTAGGGGAAATCACCGGCAAGGTAGTCAGTGAAGAACTGCTCAATACCATCTTCGACCAGTTCTGCATCGGAAAGTGAGTGCTCCATTGCCAACCACAGCCAGAACTGAAAAGCTTGCCCCCAACTCGTTACTTGTCGTTGATGAGCATCGAGGCGTTGTTGCTGTCGCCGAGGATGATGACTTTTGAGTTGTTGGTCTTGACAAGGTTCTGCATCACTTTTATCTGCTCGTATTTCAGGAGCCTGTCGTTGAGTGACGCCGAGATGGTGCGCTGGTAGTCGGAGATGCCTCTTGCCTCAACGCGCTTGCGCTCGGCTTCCTGGGTCTCTTTCTGCAGGACGAACTGCATTTTCTGGGCTTCCTGTTCGGCGTTGATCTTGGCTTCAATGGCCATCTTGACGGATTCGGGCAGGGAAACATTGCGTACCAGCAGGTTTTCAAGAACAATGCCGCGGGTTCGAAATCCGAGCGGATGCTTTCGAAGATGTTTGCCTGGAACTCATCGCGTTTTTTCGAGTACAGGTCGATGGCGTTGTACATCACTGCGTTGTCGCGGATTCTGGTTCTGGCGGTTGGACGGACGATTTTATCGATGTATGTGTCTCCCGGACCGATCTCGCGGCGAATGGCCGGGGCCTGCCGGGGGTTGACGTGGTAGAGTACGGTCATGTCTATGGTGACCTCAAGGCCGTCGGCACTCAGCACCCTGATCGGTCCGTCACTCTGCTGCGAACGCTCCTGTTCCGAGCCGGACATGGTATAGCTCTGGGTTGTAATGTCGAACAGCTCGACTTTTGCCAGAGGGTTGATGATGTTGAGCCCGCTGCTGAGGGTTGCGGGCTGTACCTTTCCGAAGAGGCTTTTCACTCCAACCTTGCCGGGCTCCACCATTCTGATGGCGGAAGAAAAGATCCCAAGGATGACAACCAGTATTCCTGCGATCCGCAGGATGCCCGCCATCCTTTTTACTGCAATGTTGTTTGTCGGGTTTGTCATGCCGAGAACAAGAAGGGTTATTCCGATAATGATGAGAAGGCTCATGAGGTGCAGGGGGTTTGGGTTTGAATGAACGAGGTGCAGGGTTCTGATCAATGTAGCTTTTAACAGCAATAAAGGCGATTTCGTTCAGAGGATTGGCTGATGAGCTTATGCGTTTGCTTTCATTGTCCGATGCTCCACTGGCTTCAGGAACGGTCAATCTGGTGCAGGATTTCACGAAGTGTTTCTGTGGCCGTCAGTTTGTCTTCATCGGATGCGGCATTATAGAAGCTTATGATGGCTCTCTGGCCAATGCCGATTGGCGGATACTCCTTCCGGGTGAGCATTGGCATGAGCTCAAGGAGTTTTTGGACCGCCTCCATCTCCATGCCGTTGATTCTGCCGATCACCTCTTCGGAGATTGCTTGTGCGTCTTCTTTTTCCAGCCCGGCAGCATAGGCGGCGCTCTGCACGGCGCCGTACTGGAACCCCACAACTGCGAACACCACATCCCTTTCCGTGCTTTTTTCCAGTTCAGCCGGGCATTGACCAATCACTTCGGCGAGGAACTGCAGCGCCAGTTTTGTTACGGAATCTCTGCTCTCCTGTTGATTTTTCTGCATGGGTGTTGAGGGTTGCGGATTACATGCCGTTCAAGAGGTTGTGGACCTCCAGGAGGCCGGTGTCGATGCTGTGGTTCATTTTGACCG
NZ_CP041698.1_gap5	183316	187767	4451	ATTGAATGAGAGTGAGGGTGGTGGAGCGGAGCGGGAATTGGGCTGTTTTGAGTGTGGTACTCTGAATTGTTACCGTCGCGCGGGGGAGTTTCCTCCGTTCTGTCCGGGGGAGGCATTGGATGACGGGGTTCTTCAGGGGGTGGTTGCTGAGTATGGAGGAGATAGCATTGACGCGCGGGTTTCTCGTGCGGCGGCTGAGGTGGAGGGGGTGTTTTATGGCAAGCTGACCCGTGTGGAGGAGACGATAGAGTTTGCCCGGCGTATTGGGGCCAGAAGGGTTGGTCTGGCGACTTGCGTGGGGCTTATCGGGGAGACTCGATTGTTCGGGAAGATGCTGAAGGCCAATGGTTTCGAGTATCGTGCAGTTCTCTGTAAGGCGGGTTCGGTGGATAAGACGGCGGTTGGGATTCCTGAAGAGCTGAAGCTGAAGCCGGGGAGTTTTGAGGGGTCGTGCAACCCGATTTTGCAGGCCCGGATGCTGAACGAATGGAAGTCGGACATAAATGTGGTGATAGGGCTCTGCGTTGGCCATGACGCACTCTTCTGTCGTCATTCAGATGCGCCGGCCATAACACTCATTGTCAAGGATAGGGTGCTTGGGCATAATCCTGCTGCGGCACTGTATACAAGCGGATCGTATTACAAGAAGGTGATGGAGCGGCGGGGGGAGTCGACGCCGGCTTCTTCTTCAATGAGCAGAAGCCGTGAGTGAAGTGCAGGGCGTCGCCCGGGTGGTCAGCCGCTGATGGATGTGTCGGGGTTTTCTTCGAAGGCCTCAAGCTTGACTTCTCCTGTGCCCGGCTTGATCAGTCCGATGACTTTTGCGGCTTCGCGGGAGAGATCGATGATGCGCTGGCCGACATAGGGCCCGCGGTCGTTGATGCGTACTGTCACCTCACGGCCGTTTTCCATATTGGTTACCCGTACCCAGGTGCCGAACGGCAGGGATTTATGGGCGGCGGTAAGGTCGTTCATGTCAAAGGTTTCGCCGTTCGCCGTTGTTCTTCCGTGAAATCGGTCGGCATAGTAGGATGCAATCCCCGTGGTCATCAGAAAGCATTCGGGTTGGCAGTCAACGGAAGTGCCGTCCTGCATGGCTGCATTGTCTGCAAGGGTGCTGTCGCTGGAAGATGGAGTGTTTCGGGAAAGCTGAAGAGAGTTCTGGCAGGAGGTGATGGTGCCGGTGGCCATGATGGCCAAAAAGGCGGCAATAACAATTTTTTTGCGAGTCATATTGTTCGGGTTTCGTTAAGGGCCTGTGTGCTATGGCACTGCAGACCTTCGGAATGAATAACTATTCGCAATTGATTCATCCGGATTCTGTTCTCAATATATAAAAAAAAGTGAAACCCAAAGAGAGTTGCTTTGGGTTGACGGCGGGGTTTCTGCAAGTTGTTTTTTTTCTGTGACTTGTTGTCTTTGTTTTTTGTGCCTCTTCATTTTGTAATTGTCTTTGTTATGTAAAGCCTGGTGCGGGTGAGGGGCCTTTGTGATTCTTTCGGGTGAATAAAATGCATGAATGGTTTTCCGGCCCGGGGGCTTCGGATGCCTTTTGAGCCGGGGCTCAAGGGGTAAAAGGGTTGGCAGGGTTCGGGGTTAAGGAACAATTGGCTATATTACCCGCTGCAAATTGGAGTTTTGCAACGAACGCTTATTTATGTTGAACGCCTCATTTCCCTTTCTCTTTCCGTCCTTCAGCAGTGCAGGCTGCGCTGTGTGCTTTTTCCCAATGAGTGGCGGCTTTGATCACTTTTCCTCACAGTCATGACGGTAAATGCACGAGACCCTGAAGGTCGCACTGATGGCGCAGTTCCTGAAGGTGCAGGCGGGATGAAAAAGCTGGCCGGGATTTCGCTTGCTGCTCTCGGGGTGGTGTTTGGCGATATCGGGACAAGTCCGCTGTATGCAATCCGCGAGTGTTTCCATGGCGATTACGGTATAGCGGCTTCAAACGCCAATATCCTCGGGGTTCTTTCCCTTCTTTTCTGGGCATTGATCCTGATCGTCAGTCTGAAGTATCTCACATTCATCATGCGTGCCGATAATGAGGGTGAAGGGGGAATTCTTGCCCTTACGGCTCTCATCATAGGTCAGTCCATCAAGAAAAAAAAAGATCGTTGGGTGCTGGTCTCAATCGGTCTCTTCGGTGCTTCCGTTCTCTTGGGGGAGGCTATGATAACCCCGGCCATTTCAGTGTTGAGTGCCACGGAGGGGCTCCAGATCATTGCGCCGGCTTTTGCCGATATGGTCATTCCGGCAACGGTGGTCATCCTTGCCGGCCTCTTTCTCTTTCAGCACAATGGAACTGCTCGTCTTGGGGCTCTTTTCGGTCCCATCATTCTGCTCTGGTTTTTCTGTCTCGGCACCCTTGGCATTATTCAGATCATACAATACCCGCAGATTCTTGAGGCGGTCATGCCGTGGTACGGAATCAATTTTCTTCTCAACAACCAGCTTCACGGTTTTCTGGTACTGGGCGCGGTATTTCTGGCTGTTACCGGTGCGGAGGCGCTGTATGCCGATATGGGCCATTTCGGCCGCCGTCCCATCCGGTTGACCTGGGTGCTTTTTGTGCTTCCGGCGCTGCTCTTGAACTATTTCGGGCAGGGGGCTTTTCTTCTCGCTTCGCCTGAGGCCTCAAGCCATCCCTTTTATGCTCTGGTGCCTTCATGGGCAATGATTCCAATGGTTCTCCTTGCCACGGTGGCTACAGTCATTGCTTCGCAGGCGCTGATTACGGGCGTGTACTCCATAACCCAGCAGGCAATGCAGCTTGGCTATCTTCCCCGTCTGACGGTGACCCATACCTCAGCCAGCCATATTGGTCAGATTTATGTGCCGGCCGCCAATTGGGCGCTTATGGTGGCCACTATCGGTCTTGTGCTGGGATTTGGCTCTTCCAGCCGGCTTGCGGCGGCCTATGGCGCAAGCATGACAACCACCATGCTGATTTCCACCATACTCTTTTTCTTTGTTGCCCGCGATCTCTGGAAGTGGCGCCCGCCAGTGCTCTGGGCGTTGGTAAGCCTTTTTGCCGTTGTTGACCTTTCGTTTTTCGGGGCCAGTATGAGCAAGCTGTTCCACGGAGCCTGGTTCCCGCTGGCGGTCGGTCTGCTTATGTTTACGCTGATGAACACCTGGAAGCAGGGGAGGCAGCTGCTTATGCGTCAGCTTCAGGACCACACGCTGACGGTTGATGAATTCATGAACAGTCTTGCCCTTCAGGAGCCGCAACGGGTGCCGGGCCAGGCGGTCTACCTGACGGCAAATCCTGACATTGTGCCCATAGCCCTTCTGCATAATCTCCGCCACAACAAGGTGCTGCATTCAGAGGTGGCCCTCTTCCATTTCAGCAGTGAACGGGTTCCGAGGGTTCCGAACAGCAAAAAGGTCGAGTTTGTCAGGCTGAAGGACGGGTTTACCCAGGTTGTGGCCCGTTACGGTTTCCTTGAGTATCCAAATATCCGTCAGGTGCTTGACCTCGCCAATGCTCTTGGGCTGAACTTCAAGCCAGAGGCCATCAGCTTCTTCCTGAGCAGGGAGAAGATTGTTGCTGATGAAAAGACGAAAATCCTGCCATCCCGCAAGAAGATGTTTGCGCTTATGGCCAGAAATGCCTTGAGTGCGACGGCGTATTACGGACTTCCCTCGGGCCAGGTGATAGAAATTGGCGTACAGGTGCAGATCTGAACGCTTTATCTGGTTGAGTCGGGGGGGGTTATGGAACTTTTGTGCGCTGTGGTTTGTTATAGTAGCTGTATTATTTTCCGGGAGTGTGAACAATCAGTTTTCTCTCCTCTCCCTACACACAATGTCCCCATTTACCATGTTGCAAAATGTATCCGATTCGTCGCGACAGGGCTTTCAGAGTAGGCTCAGGGAGTATATTCTTCGGAAGCATGGATCGGTGAATGCTTTCTGCCGGGCGGCAGGAATCAAGTATCCTGCACAGATGACTCCCTATCTGAAAGGGAAGTGTATGCCTGGAAAAAAAATGCTGATGCGCCTGGAAAATGACGGTGCGGATATTGAGTGGCTGCTGAACGGATATTCCTCCGGTACTTCGTCGGATCAGCTTGGAGGAACCCTCATGCTGTCGCGGTACCGTATGGATGTTGAGCGCCTGCTTCGTGAAGTACGGCTGCATATGGTGCGCCATGATGGAATATATTCCCGGGGTATTGAAGCATATGCGGTTCTTGACAGTGAGTGCCGGATTGTGGAGCTGACTGGTTCGCTTGAGAAGTTCCTGCTGTATGAGAAGAATTCGCTTGTTGAAGCGCAGCTTCGGTCGCTCATTCATCCTGATGATTATGCCGATGTTGAGAGTGCCATGAGCGGCGGGCGTATTGATGAAGAAATCCTCTCTTTCAACTCCAAGTTTGTGACTGGAGCGGGGGGATATATGCAGGTGGACTGGAGCCTGTTGATCAAGAGCAAGCCGATGTCTG
NZ_CP041698.1_gap6	384634	388272	3638	GCGTTTTATGGTAAGGCCGGGCTGGGTTATGGCATCATGGTCGACCAGTTCGGCTCGTTTATGGTGCTCTCCACTCTGGGCATTACGGTTGCGGGATTCTATTCGGATGGTGCGCCTTCAGCCGGTGCTATCCTTAAGCGGATTGTCCTGTTTCCCCCTTTTATCTCTCTTCTCGCTGCTCTGCTTCTTATTGGGGTGGACTATCCTTCATGGCTTACGGCAGTTCTCCAGCGGCTGGGTGATACGCTTGCTCCGCTGGCCCTTCTTTCTGTGGGGTTCGCTTTCCAGCCGGGCCATCTTGCGGGTAATGGGAGAAGACTCGCCCTTGGGCTTGGGTTCAAGCTGATACTTGCTCCGCTCATTCTCGCCCTGTTCTATGTTTACGGTCTGGGCGCTCATGGCTTTTCGGCTCAGATTATGCTGTTTGAGGCAGCCATGCCCCCCATGATTACGGCGGGTATCATTGCTTCAGAGCATGATATCGATCCACCCCTTGCCGGACTGATGGTGGCGTTCGGGGTGGTCTTTTCCTTTGTGACGCTTCCTCTCTGGCGCCTCGTTCTCGGCGGGCTATAAAGCCGCCCTCAACCTTACCATTCGTCGTATCCTGCCGTGGTTCCCATCAGTTTTTCATGAATGGCTTTTGCTGCCGTGCGCCCTGCGCCCATGGCGAGGATGACGGTTGCCCCTCCTGTCACAATATCGCCGCCGGCATAGACGCCATCTTTTGATGTTGCCATGGTGTTGATGTCTACAATGATGGTGTCGCGTTTGCTGGTTTCAATCTCCGGAGTGGTCTGCTTGATAAGCGGATTGGAGCCGTTGCCGATGGATATGACGGCCATATCGATGGGAAGAACGAATTCGGAACCTTCAATGGGAACAGGGCGGCGGCGTCCTGAATCGTCGGGTTCGCCAAGCTCCATTTTGATGCATTTGACGCCGGTAAGCCAATGGCGGTCGTTGCCAAGGAATTCAAGCGGGTTCATGAGCAGGAGAAATTCAATTCCCTCCTCTTTGGCGTGGTGGATCTCTTCAACGCGGGCGGGCATTTCGGCTTCCGAGCGGCGGTAGACGATGTATGCGTGATCGGCACCGAGCCGTTTTGCTGTACGGACGGCATCCATGGCTGTGTTGCCTCCGCCGAAGACGGCGACATTTTTCCCTTTGCAGTCGAAGACGGGGGTGTCGCTTTTTGCGGGGAAGTCGTAGGCCTTCATGAGGTTGACGCGGGTGAGGAATTCGTTTGCTGCAAGCACGCCGACAAGGCTTTCGCCCGGAATACCCATGAACCAGGGGAGTCCTGCGCCGACACCGATGAAGACGGCGTCGAAGCCCTCTTCCTGCATCAGTTCGTCAATGGTGACGGAGCGGCCGACAACGACATCGGTTCTGAATTCAACCCCCATGTTTTTCATCCCCTCTATTTCCTTGCTGACAATATCCTTTGGAAGGCGGAATTCGGGTACACCGTACATGAGTACGCCGCCAAGTTCGTGAAGGGCTTCGAAGACGACTACCTCGTGGCCATGGCGGACAAGGTCGTTGGCGCAGCTGAGGCCGGCGGGACCGCTGCCGATGACTGCTGCTTTTTTGCCTGTTGCTGCTTTGATCGGGGGGAGCTCCATGGTGCCGTGCTCCCGTTCCCAGTCGGCAACAAAGCGTTCAAGGTTGCCGATTGCAACAGGCTCGTGTTTCCGTCCGATGATGCACTCTTTCTCGCACTGGTCTTCCTGAGGGCAGACACGGCCGCAGACGGCGGGCAATACATTGTCTTCTTTTATCTTTTTTGCGGCACCGAGGAAATCACCTTCAGCTATCTTCAAAATGAACTGGTCAATTTTGATGTTGACCGGGCAGCCTTTGATACAGACAGGATCTTTACACTGGATGCAGCGGAGTGCTTCCTTCATTGCAAGTTCAGGAGTGTAGCCGAGGTTGACCTCCTGAAAATTTCTGCTGCGTTCTGTCGGGTCCTGTGCAGGCATGGGCTGGCGCGGAATGGCCATTCGTTCTTTGTTGGTGATGTTCTTTGCGTCCATGATGATCCTTCTGTTAGGGAGATGGTTGAATTTCAGCTGAAGCCCTGCCCAAGACGACCTGTTTGATGAAGTTGCCCCGGGATGGGAATGAACTATGAGATGTCAGCTCAATGGCTTCCATGCAGGCGGCACTGGTGGTCGCCCGCTTCTGAAGATGTTTTCTCTTCGGTCTGGTAGATTCTGTTCCGGTCGGCAAGGTTGCTGAAGTCCACCTGATGGGCATCGAATTCGGGACCGTCAACGCAGGCGAATTTTGTTTCGTTGTTGACGGTCACTCTGCAGCCGCCGCACATGCCTGTGCCGTCAACCATGATGGGATTCAGGCTGACAACGGTATGAATGCCATAGGGCCGGGTGACTTCGGCAATTGCCTTCATCATGGGGATGGGGCCGATGGCCAGGACGAAGTCAATTTTCTTTCCTGAGTCAATCAGCTCCTGGAGCTTCTGGGTGACGAAGCCATGGTAGCCGTAGGAGCCGTCATCGGTGGTGATGTATGCTTCGTCGGATACCGATTTCATCTCTTTTTCAAGGATGACCAGTTCTTTTGTGCGCGCACCGTTGATGGTGATGACATGGTTGCCGGCCTTTTTGAGGGCGACGGCGGTGGGGTAGGCGATTGCCGTGCCGACGCCACCGCCTATGCTGACGGCCGTTCCGAAGTTTTCAATGTGCGACGGGGTGCCGAGCGGGCCGACAATGTCGGGGATGGAGCTGCCCTCGGCAAGACTGTTCAGCTCTTTTGTTGATTTGCCCATGCCTTGAACAATCAGGCTGATAGTGCCTGCTTCAGCATCTGAACCGGCAATGGTGAGCGGGATGCGCTCGCCGGTCGGGTTGACCCGCAGCATGACGAACTGTCCGGCTTGTTGTTTCTTTGCTATCCTCGGGGCCTCGATTTCAATTTTTTTAATATTTTCTGCTAACGGCTTTGATGAAACAATTCTATACATTGGTTCGTCGGTTTCGTGTGTTGGTGGAGATCTGTCTGATGACTTCGGCTTGAGGGCAAAGCTCACATAATACGGAAATTAAATGCAATTTAAAAATCGGATTCGCCGGGGGCTCCCCCGTTCAAAGCACTGCAGCGCTTGCGATTTCGTGGTTCAGAGGTGTAGTGCACATGGTATTTATAGCTGATTATGGCGCCGGAAATCTCCGTTCCGTAAAAAAGGCGTTCGACTATCTCGGCATCAAGGCTTCAGTCAGCAGCAATCCGGCGGATATGGCAGGGTGCCAGAAAGTTGTGCTTCCTGGTGTGGGTGCTTTCGGTCAGGCAATCGATTCGCTTGATGCTTCGGGTTTCAGTGATGCAATCCGCGAGCATGTTGACCGGGGGGGGCACCTGCTTGGCATCTGCCTTGGTATGCAGCTGATGCTCACCAGCAGTGAAGAGATGGGCAGCCATCGGGGAATGGATCTTGTGCCGGGTAAAGTGCTCCGGTTCAGGAGCGAGACTGACAAAATCCCCCAGATCGGCTGGAATTCCATTACCATGAAGAAGGACAGCGTGTTGTTCCGCTCACTTCCCGACAACTCCTTTTTCTATTTCGTACACTCCTATTACTGTGAGCCCGAGAGCACCGGGGATGTAGC
NZ_CP041698.1_gap7	389473	392734	3261	GCTCAGCAGGGAGGAATTCGCCCCTCTGCTACGGAAACTTCAGGCGCCTAAAATCCGCAGGCGGCTTTCACGCTCCATTCTTGAAGTGCTTTCTGTTGTTGCCTATCATCAGCCGGTGACACGGGGGGAGATTCAGCAGATTCGTGGTGTCAGCCCTGATTATGCAATCGACCGGCTTATGGAGCGTGGGTTCATTGAGGTTCAAGGTCGCGCTGATACTCCGGGAAGGCCGCTTCAGTACGGAACAACAAAGGAGTTTCTGGACCTTTTTCATCTCTCTTCATTGAAAGATCTTCCCAAGCTTCGTGAAATCAAGGAGATTCTTCGCGAGCATGAGGAGCAGGAGTATTTATCACAATCAGGCGGAGAGAAGCTATCTCCGGCCGCAACAGGACAGGAGTCCGGAGCAGGGGATTATGACAGAGAAGAGAAGGGGTGAAGAGGTCCGTATCAATCGGTATCTGGCGATGTGCGGCATTGCGTCGCGCCGGGCGGCCGACCAGATGGTGATTGAGGGGCGGGTGATGGTCAACGGTCAGGTTGTGATTGAGCCGGGGCTTCAGATAAAGATGGGTAAAGATGAGGTGATTGTGGACGGGCAGAAGTATGCTCTTCCTGAAGAGCGTAAGGTCTACATTCTTTTCAATAAGCCGCGCAATGTCATTACCACCAGCAGCGATGAACGCGATCGTGAGATGGTTCTGGACTACATCAAAGTAAAAGAACGGGTTTTTCCTGTTGGCCGGCTTGACAGGAAAACGACGGGGGTGCTGCTCTTTACCAATGATGGCATTCTTGCAAACAAACTCATGCACCCTTCATCAAATGTGAAAAAAGAGTACCTTGCAGTGCTGGATACTGCTTTTCCACAGAGTTCCCTCCCGCTTCTTACGGGGGGAATGCGGTTAAAGGATACCGGAGAGAAGGTACGCCCCTGCCAGGCGAAAATTCTTGATGGAGGCATGCAGGTTTGGATGAGCCTTCATGAAGGGAAAAACCATCAGGTGCGCAGGATGTTCTGGACCCTCGGTTTTGAAGTTACACGGCTTGAACGGGTTACCTATGCCGGCCTTAAAACCGGTGACCTCAGGCGCGGCGAGTGGCGTTATCTGAACAGAGAGGAGGTGCGGCAGCTTCAGGAGCTTGCCGGAAGCTCGTAGGCCGGTTTTGTTCATGCAGGACCAACCCCCATTCCCATGAACCAGTCACTGCTTTTACGGCTTCGACATGCCATGCCTCTCGTGGCGTCGTTTTTTCTTCTTATCTGTCTCGCCCGTCCGCCTGAGGTCGGACACTGTGCAACGGATGGAGTAGAGTCCGTTTTCAGTACCTTTGAACCTGAAGGTAATATTGACGCTTTGCTTGATGATCTTGCGGATTTGAAAAAGCAGAAGCTCTACCTGAATGAATCCTCCTCCGAAGACCTGCTGCAGCTCCCCTGGCTGACTTTTTCCGATGTCAGCACCATCATTTCCACACGAACAGATACCGGTCCGATTGCCAACCAAGCTGCCCTTGCCGAGATTATAGGCGAGGAAAAAGCTGCGTGGACTCTGCCCTACATTTATTTCAGCCGTGATCTGCAGCTGCGCCGCAAAGCGCTTCGAGATCAGATTGAGGGTTCTCTCTACACCCGCTACTTTACGGAAATGCCCGAGCGGGCAGGCATTGCCACAGGGGCTTACGCCGGCGAGAACTACAAACTCTACAACCGGCTGCAGCTTACCATTCCGCACCTGAAGGCGAGTGTTGTTCAGGAAAAGGATGTAGTCGAGCCGGATCTTGATGACTTTACCTCCTTCAGTCTGAATGCCTATGACTTCGGTGTGCTGAAAAGCGCCGTAATCGGCAACTATACCCTCAATTTCGGTGAGGGGCTCCTGATGGGCCAGAACCGCTATTTTTCAAAGGGTTCCGATCCTGCAGGGAGTGTGCGGTTGAAATCCCGACGGCTGAAGCCCTATTCCTCAAGCGGGGAGTACGGATTTCTGCAGGGGGCCGCCTTTTCCCTTCGGCCGGCCGTTTGAAGTGACGGTGTTCACCTCGTCCAATCGGGTGGACGGGAGGGTGGACGGTGACGGGCTCATCACCAGTTTTGACGAGAGTGGTTATCACCGGACGGAGACTGAACTGGAACGGAGAGACGGGGTGACTGAAACAGTTGAGGGTGCGAATATTCTCTGGAATTTCGGCGCTTCAGGTGTGAGGGGACGGGTTGGCGGCAGCATGATCCATTACGGTTACTCGGCGCCGCTGGAAACACTTGTGGAGTCGGGGATTGAGCGGGGAGACGCTTCCTCGGCTGATCTTGTGGGGCTGGAGGCTGTTGTTACCTCCGGGAATGCAGGAATTTTCGTTGAGACGGTGTTTTCACAAAAACCCGACGACTCCTCCTGGATTGCGGGGGCGTCGTATGAGCCGACCCGTGGAGTGAGTACTGTGGTCGCTGTTCGGCAGTATGGTGAACACTACTATTCTCCTTTTGCCGGTGCGTTTGCCGAGCGGGGAGACGGGGCATCGAATGAAGAGGGGTATTATGCGGGCATTGACGCCAGGCTCAGCCGGAAGGTGAGGGTTGGGGCTTATTACGATTGGTTCCGCTTTCCGCTGCTCAGCCCTTCGTCTTATCCCTATCCGTCCGAAGGTCACGACATGCGGCTTTTTGCTTCATGGAAAGCATCATCCTCAATTGTCTGGAGCCTGCAGCTGCAGCACAAGAAAAAAGAGGAGGCCTCATTGGCTCAGGGGGCTCTGGGAGGAGCGGGGACCGTGAACGGTTATGCGCCGCTACCGTCTCTTACAGACAGGGTCAGGCTTGATTCTGACATCAAGCTTTCCAGGGTACTGAGCATACGCACACGGGGAGAAGTCAAGCGTGTGACTCAGAAGTTTTTTCGGGTGATGTGTCCTATAACGGGTGGCTGGTGTATGAACAACTGAACTATAAGAGCGGGCGGTTGAGTCTGAAGTGGCGCGGTACTGTGTTCAATACCGATGATTATGATTCACAGCTGTATGCATATGAAGATGGTCTGCCGATGCAGTTTGACCTTGGAACTTACAATGGCCGTGGAAAGTCGATGTTTTTCCTTGCTTCATGGAAGGCGGCGGAGAACTTGAAGATTGCCGCCCGGTATGAAGTTACATACTACACTGATCGTGAGGTATACAGCAGCGGGTCTGACTTGCGCCTGACCGATTCACCTGCTTCGTTCCATGTGGGCTGCCTGTGGTCGTTTTGAAGCTTGCGCACCTTTCGGG
NZ_CP041698.1_gap8	398577	402362	3785	CCCCAACTCTTTGCAACTCTACGATGTTGTTTTGCCGGTGGATGGGCAGATTGTGGCGAGGGGGCAGGTGGAGCAGTCTGGTTTTTTTGCTTTGCAGGTGTAGCGGCCGTGGAGGAGGAGGTAGTGGTGAAAGTCGACGACCCAGGGTTCGGGAATAATTGCTATGAGGGCGGCTTCGGTTTCTTCAACTTTGGATGTATGGCAGAGGCCGAGGCGGTTGGAGACGCGGTGGACATGGGTGTCGACGGGCATGACGGGCTGGTGGAAGGCGGCGGCGAGGACGACATTGGCGGTTTTTCTGCCGACTCCGGGGAGCTTTTCGAGCTCTTCTCGTGTTTCGGGGACTTTCCCTGCGTATTGCCCGGTGAGGATGATGCTGACGCTGCGGATGTTCTTGGCTTTGTTGTTGCAGTAGTTGATGCTGCGGACAAGCTTGAGAATGCTTTCGGGCTCAAGGCGGCTGAGGCTCTTTGCGTCGGGGGCTGCACGGAAGAGTTCGCGGGTGATGATATTGACCTGACGGTCGGTTGCCTGTGCGGCGAGGATAGTTGCTATGAGCAGCTGGAAGGGGGATTCGAAGAGGAGTTCGCTTCGGGGTTCGGGGTAGCGGGTACCAAGCACTTCTTTGAGAAACTTGATTTTTTCTTTCGGGGTCTGTTTCATGCGGTTGTCTCGATATTCTTCTGCTGGATAATGGTGCGTTCTGGGAGGATGAGGGCGGTCAGTTTTCCAAGCAGGGGGTTTCGGGTGTAGACACAGCCGGTGTCTATGGCAATGAGCCGGTCGAGCATGATGGGTTCTGCGGTCGGGGTGTGTCCGCAGACGAGGGTCTTTTCCCAGGGGTAGCTGCCGGTACTGAGGTATGCTTCGCGCATGTGTTCGCGTTGCCAGCCGAGTTCTTCGGGGTCGTGAAAGGCAAGGTTTTCCTCTATTGAAAGTTCCGGGTCAAGCCCTCCGTGCGTGAAGAACCAGTTCCGGGTGGCGGTGTGGCTCATGCAGCCGGCAAAGAATTTCATGTGTTCGGGAGGGAGGTTGATTCCTCCCTGTTCTCCATAAGAGTCCATGGTTGCTCTTCCTCCGTTGAGTAACCATGGACCGGGTTCGCCGGTTTTAAGGTATTCAATCAGCATCAGTTCATGATTGCCCAGAATGAAATGGCAGAGGAACTGCTGGCTGAGCTCTATGAGGTAGTCAACCACCTCTTTTGAGTTTTCGCCACGATCAATGAAGTCGCCGAGGAACACAAATTGATCGTCGGGACGGGGGTTGATTTTTTCAATGAGAGCCCTGAGGGTGTTGATGCAGCCGTGTATGTCGCCGATGGCTATGATCCTATGCTCTTCACTGAGTGAAGTCTGCATGTGTCCCCTCCTTTCCTGTTGACGCAATCAGCTCTTGGCGTCGGTTTTTGCCGCGCGGGGAGGGGTGTGGTCAATGAGTCCCCGTCCGTTTTTGTTGATTTTTCCTTCCTCTTTGAGGGCATTGAAGATGGCGTCAAGGATACCGTTGACGAACTTGCTGCTTTTGTCGGTGCTGCTGAATTTTTTGGCGATTTCAATGGCCTCGTTGATGGAGACTTTGGGTGGAATGTCGTCGCAGTAAAGAAGCTCTGCCATTGCCATGCGCAGGATGTTCTTGTCTATGATGGCTATGCGGCTCATGTCCCAGTTGAAGGTGTGTGCGGCTATGTAGCGGTCGATTTCCTCCATGTGCTCTTTGATGTTGCCAAGCAGAAGGTTGAAGAACTTCATGGCTTTCGGGTCGGCCAGAATTTCGGGCGTGAGGAGCCACCCGGCGGCTGAGTCTATGTCGGTATCACGGAGTTCAAGGGTGTAGAGCGCCTGTAATATTTTTTCGCGGATCTGTCGTCTATAGGTTTTCATTCGAGGGACTGTTAGGTGGTAGAGGTCTTGAGTATCTCCCTGAGGACCGTTTCCGGCTGGCTGAGATCCTCCAGAAGGACATCCGGCTGGTGTTTCCGAAGCTCCCTCATGGAGTATGTGCCGGTAGCAACCGCTATGGATCGGGCATTGAGCACCCGGGCACAGGTAATGTCGTGTTCAGTGTCGCCTATAATGACTATGTTTTTTTCGGTAAATGTTTTTCCGGTAAGGCTGTATGCTTTTTCAACAGCGACGGGGGGTAGTTCGTTTCGATGGTAGCCGTCATCGGCAAATGCTCCAAACGGGAAGTAGTGGTTGAGTCCTGGAAGCGTGAGCTTGTGGCGACCGGATTCTTCGAAATTCCCTGTCAGGAGCCCGAGCAAAAGATCTGTGTGAAGGGAAAGCTGCTGGAGCAGTTCGTGCACTCCGGCCATGAGGGTGATGTCAGAGAGGCTTGCGTGCTGACGAAAGAGGTCGCAGTAGGTTTGCCTTGCCTGGTTGAATTTCCGGCCGATCTCTTCGTCGTCGAGACCTGCGGGGCGGAGTGCTTCATAGATGATTCCGCTGTCCATTTTGCCTGCGAAGTTGCAGGAGCAGGCGGTTCCTTCGGTTCCGTAGACCTCCCGAAGCGCGTCGCATAGAACACGGCGGTTGATGCTCCCTACTGAGAGGAGAGTTCCATCGATGTCAAACAGCACAAGTTTCTTGGTCATAGTAGGCAACGGGCATGTTTTCAATGCCTGATTTTTTCAAGACGGACAGGGATCAGTTTTGATACCCCTTCTTCTTCCATGGTGACTCCGTAAAGTGCCTGGCAGGAGGCCATGGTGTTCTTGTTGTGCGTAACAATAATGAATTGGGTGTTATTCTCAAATTTTTTCAAGAGTTTAATGAACCTGCCGACATTTCCGTCGTCGAGTGGGGCGTCAACTTCGTCAAGAATACAGAATGGGCTGGGTTTGACGAGATAGATGGAAAAGAGCAGGGAGAGGGCGGTGAGAGCTTTTTCTCCGCCGCTGAGCTGTTCGATTGAGAGGGGTTTTTGCCTTTTGGTTTGGCGACTATTTCAATATGGGATTCGAGCGGGTCGTCGGCGGTGTGGATGAGAAGGTCGGCTTCGTCTTCGGGGTCGAAGAGTTCCTGAAAAATTGTGGTGAAGTTTTTCCGTACGGCGTGGAATGTTGCTTCGAATTTCTCCAGGGCGGTCCGGTTGATCTCTTCTATTGTTTCGCGAAGCTGCGTTTCAGCGGCGTAGAGGTCGTTTTTCTGTTCTGTGAGGAAGTCGAGCCGTTCTTTTTCGGCTTGATATTCATCGAGGGCAAGTTCGTTGACGGCTCCGAACTGGTCGCACTGAGCCTCAAGGGAGGCGAGTGTTTCGGTCGCTTCGTTGAAGTTGAATGGCTCTTCTTTTATAGGCCGCTCCATGGTGGCGAGTTCACAGTTGTATTTGAGTTTGATTGAGGTGAAGATTCGTTCAAGCTCCTGGTGCATTGTTGAGCGTTCAGTGGCTAATGCGGTTTGCAGCTGGCGTCCGACATCAAGCTTTCTGTTCATTTCGCGCACAGTGTTTCGGGCGTCCTGCTGTTGTGCCTGCTGCTGATGGTACCTTGATTCTTTTTCGTTGAGCTTTTTCTGGTGTTCTGCTGCCCGGATGCGTCTGGTTTCAAGCTCTTTTTTCAGTGTTGCGGCAGCTTCATTGCATAGCGTGAGGTTTTCGGCTGCCGATGCTGCTTCAGTATGGAGTGTTGTGATTTCTTCATGGAGGGCTGTGCGGGCTATGCGGCAGTTTTCAATTGCAATGCGCAGCTTGTCGAGTTCCTGAAGGGCGTCGCGGTAGCTGCTCTGGCGTTGCTGTACCTCTTTTCCGAGTTCGTGGTGCCGTGTTTCCAGCCCGCTGAGATT
NZ_CP041698.1_gap9	488039	492795	4756	GAGGCCGATTGCATTGACCATTCCGCAAGGGGTTTCGGCAATTCGCTGGGGCGGGTTGCCGGTTCGGGGTTCAAGCGAAATTGCCTTGGTGACCAGGCCACCGATGGCTGAAAGGTCGGTAAGGCGGCTGAGTTCTTCTCCGTAGGATACGGTGCCTGAGGCCAGAAGAACTGGTGACTTCAGTGTGAGACCCCTTCCGAGATTGATTGCCGGGGCTTGTGTGCTGCTGTTCTTCATGCTGGTCAATTTGCGGTTTCAATGCAGAAAGGGGCTGCCGGAATTTCTGCCGGCAGCCCCTTGTGCTCTTTTTTGTTCACTGCCTGTTCAGCGCTCGCTTACTTCCCTCCGCCGGTGAGGTAGTATTTGGTTGCGTAGTCGCGAACCATCCTGTGGGTGTTGTATTCGGGTGCAATGGTTGCAATTGCATTCCGGATTTTTTTGATCCACCGTGTGGGGATGTTGTGTTCGTTGCGTTCGTAGAATGTGGGCAGAATCTGGTTTTCCAGTACGGAGTAGATCTGTTCAGCGTCAAAGCGGTCCTGCTCTTCGTGGTTGTCGAAGATTTCTCCGTTGCCGATGGACCAGCCGTTTTCGCCATTGTAGGCTTCAGGCCACCATCCGTCAAGAACGCTGAAGTTCAGGCCACCGTGCAGGACAGTTTTTTCTCCGGAAGTTCCGCTGGCCTCCATGGGACGGACAGGGTTGTTGAGCCAGATGTCACGCCCGATACCATGCGTTTTGCAACACCGAGGTTGTAGTTCTCCAGGAAAATGACCCGTCCGGTGAACTCGGGACGGCGGGAGTGCTGTACAATCTGGCGGATGAAGTCCTTGCCTGCATCATCATGCGGATGGGCTTTGCCGGCAAAAATGATCTGCATCGGCATTTTCGGATTATTGATGATCCGGTTGAGCCGCTCAAGGTCGCTGAAAATCATCGGTGCCCGCTTGTAGGTTGCAAAGCGGCGGGCAAAGCCTATGGTCAGGATGTCAGGTGAAAGGGTGTTTTTTTCCGAGCGCATGGCGTCATATTCGTTTGAACGCGATGGGCTGTGCTGATGGAAGAGCTGGTTGTCGATATAGCGATGGATGAAGTCCATCAGGTTGCGTTTGAGTGTGTAACGCAGTGACCAGAGCTCTTCGTCAGAAACTTTTGCAAGCGCCTCCTCCGCAGCTTCGCGCGAGAGGGTCATTGCTTCAAGATCTTCGGTGAATTTCTTCCAGAACGAGTCTGTGTAGCCGCAGCCCCAGCTGGGTGCGTGGACGCCGTTGGTGATGTGGCCGATGGGTACCTCTTCAATTTTTTTGCCGGGGAAGAGGTGCTGCCACATTTCCCGTGACACTTCGCCGTGCAGTTTTGAAACACCGTTGGCCGCGCGTGAGAGGTTGAGAGAGAGCACGGTCATGGTGAAGAGCCCCTGGGTGTTTTTCGGGTCTTCGGAGCCAAGCAGCATCAGATCCTCAAAATCCATCCCCGTTTTGGAGAGGTATTTGTCGAAGGTGTAATGCATCATGTCGCGCGAGAAGCGGTCGTGTCCTGCCGGCACCGGGGTGTGTGTGGTAAAGACGCAGCGCTTTTTCACCGCTTCCATGGCCTCTTCCTTCTTTTTTCCTGCTGCGAGTTCGCCGGCGAGGAGCTCAAGGGTGAGGAATGCCGAGTGGCCTTCATTCATATGGTAGACGGCCGGTTTCACACCAAGGCTGTCGAGCAGCTTCGCGCCTCCTATACCGAGCACGATCTCCTGGTTGATGCGCATGTTCTGGTCGCCGCCGTAGACCCTGCAGCAGATGTCGCGGTAGTGCGACTCGTTTGCAGGAATGTTTGTGTCGAGCAGATAGAGGGTTGCACGGCCGACTTTGAGCTTCCATGCCTGTGCGAACACTTCGCTCTGGGCAATATTGACGGAAATGACAAGGTCCTTGCCGTCGGGGCCGGTCACTTTTTCAATGGGAAGGCTTTCTGCATACTGCAGAGGATAGTCCTCCATCTGCCATCCATCCTCGTTGAGGTACTGGCGGAAGTAGCCCTCTTTGTAGAACAGCGTGATGCCGATGAAGTTGATGCCGAGGTCACTGGCCGATTTGATGTGGTCACCGGCAAGGACGCCGAGGCTCCTGAATAGATTCTTACACTTTCATGAATGCCGAACTCGGCGCTGAAGTATGCAACAGGATTTTTGGTGAGCTCCGGCGCATCCTTCAGTGCCCAGGTTTCTTTGCTGTTCAGGTAGTCCTGAAAACGGCTGTGGACATTGAGGATTCTCTCACCCAGTTCGCACTGGCAACGGGCCGCAAGTTCTTCATTGGATATGTGGCGGAGCAGTTCTACCGGATTATGGTTGTTTCGTTCCCAGAGGAGGGGAGAAAGATCTTCGAATATCTGCTTGGCTTCGGTGTCCCATGACCACCAGAGGTTGTTGGAAAGATCTTTAAGGGCGCTTATTGTTTTCTGCATGATAAGAAGAGGTCTCTTGGGCATGCCCATAGGGCAGCGGATTGAAATGAATGGGAGAAAGAAGGTATCTTGCTGAAGTCTTCCTGTGCTCCTGATTTATTACGGCTTTTTTATCGCCGGTGAATTGTGTTTGCACAATTTACTCTTTTAGAGCTCAAAACCGCAAAATTCTCTCCAAGATGAAACACGATGTACACATTGCCCATATTTCCGATCTGCATATTGCAGGTTCAGGTGAGGGACGGCAGCTTCAGGATCTTGACCGGATGCTTGAGTATCTGAATGTTTCGGGCTATGATCATCTGGTTATTTCCGGGGATCTTTCGGATCGTGGACGCACGGAGGATTGGGCGATTGTGAAGGATAAACTTGTCCGTCATGGCTGGTATCATTGGGAGCGGACAACTGTTGTTGCTGGAAATCATGACCTGATAAGGCTGGAGGAGGAGATGCGTTTCTACAATGCCATGAACCCTCTGCAGGGTCTTCGGGAGAGGGCGTGCCGCCAGCGGGCGGAATCATTCTGCAGGTTTTTCCGTGAGCTGGTTACTGCCGGGGATGATACTGAACCGGCTTTTCCCTTCATCAAGGTGATGCGTTTTCCGGCTGCCACCCTTTCCATTGTAGCGTGCAACTCCGTTCATGCCTGGTCACCGACCGATAACCCGCTGGGGGCACGCGGGGTCATTGACCCTTCAGAGCTTCGCGCCATCGCTTCCCCGGCGGTGAGGAAGGCTCTTTCAGGGTCGTTTGTCATAGGGCTGTGCCATCATGCATTGAAGGTGTATGGAACCGACCGTCTGCTTGACCAGGCGTTCGACTGGACAATGGAGCTGAAAAACAGGGATGATTTTCTTCAAGTGATGCGGGAAATAGATGCCAGAGTTGTGCTGCATGGTCATTTCCATCGCTTCCAGACCTATACAAGCGGAGGCATAGAGTTTATCAACGGGGGCAGTTTCCGGTATGCGTCAAAGCGCTTCAGTGCTCTCTGGATAGCTGAAGATGGTTCATTCACTCAGGAGTTTTCCGATATCCCATTGTGAGGGGGGCTCAGTTCCTGATGCCTGATTCCGTCATATAGCTGCGGATTCTTTCAGCATGGTCCCTGTCTTCCTGGTTCAGCTGCTTGAAAATGTTTGCGGTTGCTGATTCCGAAGGGCTGTCCAGAAATTCCTGGTAGTGAGATTCTCCTGCTGAGAGTTCAAGCTCGAGAGCTATATCAAAAGCCTCTCTGCGAGTGGGAGGGTTTTGCCTGAACTGAGTGACAAGAGCGGTGATTCGTCCATTCGACTCATTGAGGGCCAGCAGGTCTTTGGCGAGAAGGTTTTCGGGGAAAACGACCGAAGGATCCTTTTTTTCCTGCTGCAGAAGAGCGGCATGCCCCCGTTCTTCCATAGACAGCTGCCACCAGAATTCCTCGTCCTCTTCAAACAGGTCGTTGAAGAGGGTGTAGAGTTTAGCCAGATTCAATTCGAGCTGTATCGATGCGTCAAGGAGCTGGTCAAGTGATGCCGTCATTGTGCTGCGTTCCGGTTATGGTTTGTTCCTGTAGGCGGCATATTCCTGAAGGCTTTTGACACCGAACTCCTCGTGGCGGATGCAGTCGATTGCCTGAACTGATGCTTCTGCGGCCTCTATTGTGGTTACAAAAGGGACATTCGAAAGGACAGAGGCCGCACCGATTGCCTCTTCGTCATGCAGTGCCTGCCTCCCCCGGGGGGTGTTGATGACGAAGTCGATTTTCCGTGTTTGATGATGTCGAAAATGTTCGGCCTCCCCTCTTCGCCAACCTTGAATACTTTTTTGCACTCAATCCCGTTTTCACAGAGGAACCGGTGTGTTCCTTCGGTTGCCACAAGATCAAAGTCCATGCGGTAGAGCGAACGGGCAATATCAAGAATCCTGTTGTTCTTGTCCTGGTTGTTGACGCTGATGAACACCGATCCTGACAGGGGGAGATGCATGTTGGCGGCCTGATAGGCTTTTGCGAAAGCTTCAGGGAACTTTTCGGCAAGGCTCATTGCCTCTCCGGTTGAGCGCATTTCCGGGCCCAGGTAGACGCCTGATTTGACGAATTTTGAGAAGGGGAAGACCGGTTCTTTTATGGCCATGTGTTTCAGGCCAAGCTCATCGCAGTCTTTCAGGTCGAATTCGCGTCGCAGGTCGCTGAGTTTTTCTCCGAGCATGATGCGTGTGGCTATCTTGACGACGGGAATTGCCGTTGCCTTGCCGACGAACGGGACGGTGCGGCTGGCTCTCGGGTTTACCTCAATCACATAGACGCTGTTGTTCTGAACGG
NZ_CP041698.1_gap10	570333	572934	2601	GTGCGAGGGTTTTGGGATCGCACAGGTCGTTGATGGCAACGATTTCAAATTTCGGGTTGTCCATGGCCTGGCGGAACACAAGACGCCCGATACGCCCGAATCCGTTGATGCCAACTTTCACTTTAGTCATAGTTTCCTTCCGTGATGAGATGAGTTAGAGGTGTTGTCTGAAGAATACCTGATGCACATGAGCATACAAATGCAATGCAAAAAATATGAATGAAGATATACTTTCATTCTTGAAATATTCAGTCCTTCACCGTTTTTTTGAAAACTTTCCGTTAATGCGGTTTTGAGTCCGGCAAAACTGCCGTTCGTGAGCATGAGCACAACATCATCCTTTTTCCTGCAGCTTTCAAGGAACCCGACGATGTCTGCCGGATAATTCTTTGGATCCGATCCACCCAGAAAGACGGTTTTGCCCTGCTCTTCAAGTTCTTTTTTAAGCCGTGCCGTATCAAGGCGCCTTCCGGCCCGTAACGCTCCGGACGGTGGACCTTTCCCAAAACCACAATGTCTGCCGGCCCGAAACATTCAGCCAGCTCTTTCTGGAAAATATTCCGTGTCGTCGTGTTTGAGCGAGCCTCGAAGCAGGTGATGATGCGCCTTTCGGGCCAGCGTTCCTTTATGGCCTCAAGCGTGACCCTGATGGCGGTAGGGTGGTGGGCAAAATCCTCAATCACGGTGATGTTTCCCTCATAGGTGCCAACAGTTTCCATCCGGCGTTTCGGCCGGAGAAACTCCCTCAGCCCTTCAGCAGTCATGTCCAGCGTCATGCCCGAAAGGGTGGCAACAGCAATGGAGGCAAGCGTATTGAGGATATTATAGCTGCCGAACAGCGGAGCATTGAAGCGGCGCTCAAAACCCCCTTTATAATAAAGGTCGAACGACGAGCCGTTTTCCTCCACCCGAATATTCTGTGCCGTCCAGTCGCAACCATCAGTGAGGCCGAATGTTTCCACCCTGCACAGCGCTTTGCTGCTGACCTCCATTGCAACCGGATCGTCACCATTGACAATAAGCGCTCCGTTGGAAGGGATGAGATTCACCAGAAGACGGAAGCTCCGTTTGATCTCCTCAAGGGAGCTGAAGATGTCGGCATGGTCAAACTCAATATTATTGATAATCGCAATGTCGGGGCGGTAGAGCATGAACTTGCTCCTCTTGTCAAAAAACGCCGTATCGTACTCGTCACCCTCGCTGACAAAGAACCCCTCATCACTGCGCCCCGACGGCCGGCACCCGATCCCGAAATTCTCCGGAATCCCCCCACAAGGAACCCCGGCCTCAGTCCGCCCGACTCCAGCAGCCAGGCCACAATTGAAGTTGTCGTCGTCTTCCCATGCGTACCGGCAACCACGATGGAAGTATTCTTTCCTATCAGCTCCCGGCGAACCAGGTCAGGCATCGCCACCAGCTCCATTTTCTCATTCAGGGCATATTCCAGCTCCTCGTTTCCACGGCTCACCGCATTGCCAACCACCACCATATCAGGCTTCACACTCTGCAGATTATCAGCACTGAACCCGCTGAAATACCGGATATGATGTTCATCAAGGTAGGTACTCATGGGAGGGTAGAGTCCCGTATCGGAGCCCGTAATGGCATGGCCAAGGTGAGAAAGCGCAACAGCCACCGAAGCCATTGCCGTACCGCCAATACCAATGAAATAAAGAGAGCTCATGATCAGGTTTTCACAAGGTTTCCGAACAGAATCCCGATATATACAAAAAACTCTCCAAAAAGTTGGGGACACTCATGACTGAGTGTACTTGTTGCATCTAACTTCATTTTTTATAATGAGAAAGCGATTTTCGGCTTTTGGCCGTAAGTACAGATAGTCATGAGTGTCCCCAACATTCCAACTTTTATCAAGGCTCGTTTCTCTATGCCTGATGTGGCGGGCTTGCTTTATGGCAATGGCATCATTATTGAGTGAACTTTTTTCCTCGTGCATAAGAAAGGGGGAATCTGTATTTTGGGTGAGTTTCGTTCATCATTTTTAACCCGTTGCCGTTATGCAGTTTATTGATCTGATTACCCAGAAAGATCGCATCCGGGGTGCTGTTATGGCTCGCCTGGAGTCCATCGTGGACCGTGCTCAGTTCATCATGGGTGCTGAAGTGGCTGAGCTTGAATCTCAGCTTGCCGCATTTGCAGGAACCAGGCATTGTCTTTCGTGCTCTTCCGGGACGGATGCGCTGCTGATTGCGTTGATGGCGAAGGGTATCGGGCCGGGAGATGCTGTATTGACGACTCCGTTTACCTTTGTGGCAACAGCCGAGGTAGTGAGCCTTACCGGTGCTACGCCGGTGTTTGTTGACATCGATCCCGTTTCTTTCAATATCGATCCGGACGGTATTGCTGACGCTGTGAAAGAGGCTGAGGCAAAAGGTTTGAGGCCAAAGGCCCTTATTCCTGTTGACCTGTTCGGGCTTCCAGCTGATTATGATAGACTGGAGAGTGTTGCCCGGAACCATGGACTCTGGATTCTTGAGGATGCATGCCAGGGGTTTGGTGGCGCGCTGAACGGCAGAAAAGCCGGCAGTTTCGGCCTTGTGGGCGCAACCTCATTTTTCCCTGCCAAGCCGCTTGGTTGCT
NZ_CP041698.1_gap11	574825	578806	3981	TGCGGCATAGAGAAAGGTCCATCCGTGCTGAGGAAGCACTCCTGGAGAAAGGATGACCGGGCCGAGGTGGTGCTGCTCAGTTGATGATTTCAATGGTGACTGGGTTTATGATTATGGGGTGCATGGATAGAGGTGGCCGCTTTCCATGTTCAGGCAGCGGTCGGCGACTCTTGCGTACTCTTCGTTATGGGTGACAATGATGAAGGATGTCTGGTGCTCTTTGGAGAGGGATGCCATCAGTTCATAGAGCAGATGGCTGTTGCGGCTGTCGAGGTTGCCGCTGGGTTCGTCGGCAAGAACCAGTTTCGGACGGTTCATGAGGGCTCGGGCTATGGCGACGCGCTGCTGTTCACCTCCGGAAAGTTCCGAGGGGAGGTGGTGGAGCCGTTCGCTGAGGCCGAGCTCCAGAAGGAGTTCTTCCGCCCTTGTTTTGGCTGGTTTGAGCCGGCCGGTGGCTATGTATTCCGGCATGGCCACATTCTCCAGAGCGGTGAAGTCGGAGAGCAGGTGGTGGAACTGGAAGACAAAGCCGATTTTGCGGTTTCTGAACGCGGCCAGCTCTTTCTGTTTCTGGCTGTACCGGCCGTTATGAAAGAGGCGTTCTCCTTCAAAGGTGATTGTGCCGCTGTCGGGCGTGTCGAGCGTGCCCAGCAGGTTGAGGAGCGTTGTTTTTCCGCTGCCCGATGAGCCGATGATGGTCACCATCTCTCCTTCGCCGGCCTCAAGACTCACGCTGTGGAGGATGGGAATCGGGGCTTTGCCGGGCAGTGCGTAGGACTTGCTTATGTCGCGGGCTTCCATGAGCATTTTCATGCGGGCCGTGTCTGTCCGTCGCCTTCAATCATCCACTTGTATGTGGTGAGTTCACGGAGGGCCATCGGTCCTCTTGCGTGGAGTTTCTGGGTGCTTATGCCTATTTCCGCGCCAAGTCCGAACTGTGCCCCGTCGGTGAATGCGGTGGAGGTGTTTGCGTAGACAACAGCCGCGTCAACGCGCTTGAAAAACTCCGCTTTTACTGCCGGGTCCTCTGTTATGACTGCTTCGCTGTGCTGTGAGCTGTATGCGGCGATGTGTTCGAGTGCATCGTCGAGTGTGTCGACGGTTTTTACCGAGAGTTTCAGCGAGAGGAACTCTGTTCCGAAATGTTCCGGTTCTGCGTGCTGGAGCAGTTGTTCAGGATAGGAGGCGAGTAGAGAAAGGTATGCCCGTTCGTCTGCGAAAATGATGACCTGGTGCTCCGCAAGCGGCCGGCAGAGTTCCGAAAGGTCGCCGAGCCGTTCGCTGTGGATTATGAGGGTGTCGAGGGCGTTGCAGACACTGGGTCGGCGGGTTTTTGCGTTCAGGACTATCTCTTTTCCCATTTCCAGTTCGCCGCTTTTATCGAAATAGGTGTGCACGATGCCTGCTCCGGTTTCAATTACCGGTACTTTTGCCGTGTTGCGCACATGGTTGATGAGCGCCTGGCTTCCGCGTGGGATGATCATGTCTATTTTGCCGACTGCCCCCATCATGACTGTGGCGGCTTCCCGCTCGGAGGGCAGGAGGTAGAGGGTGTCGGGGCTCAGGTTGTGGTCTGAGAGAACCGAGTGAATGAGCTCCACAATGGCGCGGTTGGATGCGTCTGCATCGCTGCCGCCTTTGAGGACGGTGGCGTTGCCGGATTTCAGTGAGAGCGCGAAGACATCGAAGGTGACATTTGGCCGTGCTTCATAGATGATGCCGATTACCCCCATGGGAACAGAGGCTTTTCGCAGCCTGAGGCCGTTCTCAAGTGTCCGTTCTTCAAGCGTCATGTCGAGCGGAGAGGGGAGCGATGCCACATTTCGAATATCAGCAGCAATCCCTTCAAGCCTTTTCTCATTGAGGAGCAGGCGGTCGTACATCGGGTTGGTTTTCTCCATCCGCTCCAGATCCTTGTGGTTGGCTTCAAGGATGGCCGCAGCGTTTGGTGCAATCCTGCCGGCCAGGTCGAGCAGCACTTCGTTGATTGTGCTGTCTGTTAGCGTTACAAGTGTCCGGCTGGCCGTTCTGACCTCGTCGAGTTTCAGTATGATGGTTTCCTTCAGGTTCATGCTCATATCGTGTCGGTTGTGTTGGCTGATTCAGGCTTTTTTGACGAATTCGGATTTCAGCTCCATTGCGCCGAACCCTTCTATTTTGCAGTCAATGTCGTGATCGCCCTCAATAAGACGGATGTTCTTGACTTTTGTGCCGCCTTTGATGGGGGAGGAGGCTCCCTTGACCTTCAGATCCTTGATGATGGTAACCGTATCGCCGTCGTGCAGTTCGTTGCCGTTGGCGTCTTTCCACACGCGGGCGGTCGCCTCCAGAGCGGCTTCGCTCTTCGTCCACTCGTGGCCGCATTCGGGGCAGACGAGAAGGGTCCCGTTTTCATAGGTGTATTCGGAGTTGCATTTCGGACAGTTAGGCAGATTGCTCATGATAGTGTTGTATTGAGTCGATCAGACTGGTTTTATATAAAGGTAATCGTAATGAACCAGAGGTTTCTGGTCTTTCAGGCCGATGAGCGGTAGGGTTTTTTCTGAGCTGTACTGCGCCATGCCGTAGCCGATGATGTGGCCGTCGGAGGAGCAGATTTTGATGATGTCGCCCTTGTGAAAGGAGCCGGTAATGGATTCTATGCCCACAGGCAGGAGGCTGTTGGCACGCTCTGTGGAGAGGAGTGCTGCTTCGGCGCCCTGGTTGACTGTGACGGCTCCTTTTTCAAGCCCTTCACTGTTTGCAATCCACTTTTTTGGCCCGTGTGCGGCTTTTGCGGGCAGGAATCTGGTGCCAACCGCTTCGCCCTGGAAAATCCGGGTGAGAATGCCGGGGGCGCGTCCGTTGGCGATGTGGACTGTAATGCCGAGTTTGGAGAGTTTTTGTGCAATATGGCATTTGGTCAGCATTCCTCCCCGTCCGAATTCGGATTTGGTGGGGGTGATGTACTGATGAAAATGTTTTGCTGAAGGATCAATTTCCGTGATGAGGGTTTCCTTGCCTTCTGACATGTCGAACAGTCCGTCTACATGGGAGAGGATGATGTGCCCTTCGGCATCCATCATGGAGGCTATCAGCCCCGAGAGTTCGTCGTTGTCGGTAAACATGAGTTCAGTGACCGATACTGCATCGTTTTCGTTGACGACGGGGATGATTCCCTGCTGCAGGAGTGCTGAGAAACAGGTGCGCATGTTGCTGTAATGCAGCCGGTCGCGGAAGTCGCTTTTTGTTACCAGAATCTGTGCCGTAACTAGGCCGTGCCGGGCGAACAGATCGTTGTAGGTGTTGATGAGCCGTATCTGCCCGGTTGAAGAGAGGACCTGACGGACGGCAACGGGCGAAAGGTTCTGCGGCTGCTTGATGATGGCGCGGCCTGCGCCGACGGCACCCGAGGAGACCAGGATGACCTGTACCCCTTGGCGGCGGAGAGCTGCGAGCTGATCGGTGAGGCTTGCAAGTACCTCGAAATCAAGCTGGCCATCTTTTCGGGTAATGACATTGGTGCCGATTTTGACGACCGTTTTTCTGTAGAGCGGATGTGCCTGTTTCATGATGCTGTTACGCTGCTGTGTGCTGGGAGAGTTGCAGACCAACGACGCCGATGATGATGAGCGCCAGGGAGAAGAGCTTGACGGGAGTCAATGTTTCTGCAAACCAGATGACGCCGATCATTGATACGACAGCTGTTCCAAGGCCGGCCCATATGGCATAGGTCATGCCTATGGGCAGTACCTTCAGCGCCTGTGAGAGCAAGGTAAAGCTAAGTCCGTAAAAAATAAAGACCAAAACTGCCGGGAGTGGTTTGCTGAAGCCGTCTGAGAGTTTCAGAAAGGTTGTTCCGATGACTTCAGTGGCGATGGCCATGAAAAGTGCTATCCAGTGCATGTTCCTGCAGTGAGGTGGTTGAAAGGCCTGTGGTCGTTTCCGTGCTCAATATACAAACTCTCCGCTGGAGCAGGAGCCTGTTTTCCGGCCCGTCGT
NZ_CP041698.1_gap12	581860	585371	3511	CAGACAGCAAAACCACTCAAGGGGGTGGATGGAGCGGTGGATGAACTTATAGATTCAATGTTCGAGTCTATGGAGAACGCTTCCGGCATAGGCCTGGCTGCTCCGCAGGTTGGCCATTCACTCCGTCTTCTTGTGCTTGACATTTCATGTATGAAGTCATACGAGGATGTGGCTCCGATGGTGGTCATCAACCCCCATATTCTGTCGGTAAAGGGGAAGAATTTGATGGAAGAGGGTTGTCTCAGCGTACCGGGTGTGCAGGGCGATGTGCAGCGGCCATCCTCCATTACCCTGAAATATCGTGACCGTAATTTCCTGGAGCAGACCGAAGAGTTTTCGGGGATGCTTGCCCGTGTGCTTCAGCATGAAATAGATCATCTCAGCGGCACTCTTTTCATAGACCGTATGGAAAAGCGCGACCGCCGTAAAATCCAGAAAGAGCTTGATGACATAGCCAAAGGAAATATTGAGGTAGACTACCCACTTGCACGCGCCTGTTCGCGCGACGGCGGGGGTGCGATATGCATGTGACCCCGTTGAGGCTTATTTTTATGGGGACTCCCGACTTTGCAGTCCCTTCCCTTCAGGCCATTGTTGATGCCAGCCTTCCTGTTGAGGTTGTGCAGGTGGTGACTGCTCCCGACCGCCCTCGCCGCAAAAAGACGCCGAGGCGGAACCGACCCCGGTCAAGAGTCTTGCCCTGCAACTTGGTCTGCCGGTGCTTGAGGTTGAGGATGTGAAAGATCCCGGCTTTGCTGAAGCTGTCCGGAGGCTTCAGCCGGATGTGATTGTGGTTGCGGCTTTCCGCATTCTTCCTCCTGCGGTTTACGGGGCAGCGCGTCTCGGCGCATTCAATCTGCACGCTTCACTTCTTCCGGCATATCGCGGGGCGGCTCCCATCAACCATGCGCTGATAGAGGGCGAACGGGAGAGTGGTGTCACCACATTTTTCCTTCAGCGGCAGGTAGATACGGGTAATATCATTCTGAAAAAGAGCACTCCAATCAACAGTATGGAGAACGCCACACAACTTGCGGAACGGCTCTCGCAAATCGGTGCAGAGGCTGTTGTTGAAACGCTTCGCCTGATTGCTGAAGGTACTGTTGAGGTTTCAGCACAGGATGAGTCGCTGGTATCGAAAGCCCCGAAGCTGACGCGTGAAAACACCAGGATAGACTGGAACCAAAGCGCGGAAGATCTGCACAACTTCATCAGGGGGCTTGCCATGCGCCCCACCGCATGGACTACGCTTGGAGGGAAAAACTTCAAGATTTTCCAATCTGCTCCAGCTCCCGCAGTGCCCGCCACTTCCTGCGGCAAACCGGGAACCATGCTGATTGAGGGTGGTTGCCTCTATGCCAGTGGGACCGACGGCTGGATTGAAATTCTCTCCCTCCAGCTTGAAGGCAAACGGCCGATGGATGCGGGGGAGTTCCTTCGCGGATTTCGGGCGGAGAGCGGCACGATACTCGGGGGCTGAGCTGTGTTTGGACGTCCAGAGGTTAAGACTATTGGCCATAGTGAGTCATTGCCTCTTGCTGGAGTGAGGGTGGCTCTTGCAGCACCGTAAGCGGTGAGAGGAATTTTTGTTTATATTCCCGATCTTGACTTTCAACCAGAATTTAACGCTTTTTTTATGGCCCCGTCCAGTCCGGAAGTAAGCCGCATCAGGAACTTCTGCATCATTGCCCATATTGATCACGGCAAGTCGACTCTTGCCGACCGCCTTCTTGAGATGACCCATACCCTTGACCGCACGCAGATGGATTCTGCGCAGGTTCTTGACGACATGGATCTGGAGCGTGAGCGGGGCATTACCATCAAAAGCCATGCGGTTCAGATGAAGTACTGTTCGGTGGCAGGAGACGACTATACGCTGAACCTGATTGATACCCCGGGCCATGTGGATTTCAGTTACGAAGTGTCCCGTTCGCTTGCCGCCTGCGAAGGCGCGCTTCTCGTGGTGGATGCCACACAGGGTGTTGAGGCGCAGACCATCGCCAACCTCTACCTTGCCATAGAGGCTGGCCTGGAGATTATTCCGGTCATCAACAAGATTGACCTTCCCTCTTCGGATGTTGAGGGGGTTGCCAGTCAGATCATTGATCTCATCGGTATTGAGCGGGAGGAAATCCTGCAGGTCTCTGCAAAAGCCGGTCTTGGAGTACCGGAACTGATGGAGGCAATTATCGCCCGTGTTCCCTCACCGGCCGACAACGGCCATCTGCCGCTCCGTGCACTTATTTTTGATTCCGTGTTCGACGCATACCGTGGTGCGGTGGTCTATCTCCGCATTGTTGACGGGGTACTGAGAAAAGGGGACAAGGTCCGTTTCTTTGCCAACAACAAGGTGTTTCTTGCTGATGAAATAGGCACCATGAGCATGAAACGCCAGCCAAAGCAGGTTTTGGAGGCGGGCGATGTCGGCTATCTGATATGCTCCATCAAGGATGTGAAAGATGCAAAGGTCGGCGACACGGTAACTCATGCCGATGCCCCCGCTGACAAGCGGCTTGCCGGGTACAAGGATGTGAAACCCATGGTTTTCAGTGGTCTCTATCCGGTTAACTCGAACGAGTTCGAGGATCTGCGGGAGTCGCTTGAGAAACTTTCCCTGAACGATGCCTCGCTGGTCTATACGCCCGAGACCTCCGTTGCTCTCGGCTTCGGGTTCCGCTGCGGCTTCCTCGGGCTTCTGCACATGGAGATCATCCAGGAGCGGCTTGAGCGGGAGTACAACATGAACATCATCACCACCGTGCCCAATGTGGAGTACCGGGTGCTGATGACCAACGGCGAGACCGTTATTGTTGACAACCCTTCCAAGATGCCTGATACGGCGCGCATCACCAATGTGGAGGAGCCCTATGTCAGCATGCAGATCATTACCCTTGCGACTATATCGGCAACATCATGAAACTTGGCATGGAGCGGCGCGGCGAGTACCGTAACACCGACTATCTCGACACCAAGAGGGTATGTATGCATTTCGAGTTTCCTCTTTCTGAAATAGTCTTTGATTTCCACGACCGGCTGAAGTCCATTTCAAAAGGCTACGCCTCAATGGATTACGAGTACATCGGCTACCGGGAATCGGAGCTGGTAAAGCTTGATGTGCTTCTCAATGGTGAGCCGGTTGATGCGCTTTCCATCATTGTACACCGCTCAAAAGCATACGACTGGGGCCGCAAGCTCTGCGGCAAGCTCAAGGGCATCATACCCAAGCAGATGTACGAAGTGGCAATCCAGGCTGCCATCGGCAGCAGAATCATTTCGCGCGAGACCATTTCGGCCATGCGCAAGAATGTGCTTGCGAAATGTTATGGGGGCGATATCAGCCGGAAAAGAAAGCTCATTGAAAAGCAGAAAGAGGGAAAGAAGCGAATGAAGCAGGTGGGCCGCGTCGAGGTTCCCCAGGAGGCGTTTCTGGCGATTCTCAATATTGATGAATAAACATCCTGGTGCAGAGGCAGCACATGGAACTGGCGTCAAACCAACAACACCAAAACGA
NZ_CP041698.1_gap13	625855	627623	1768	GCTGTCGTTGATGCCGATGACCGGAACGCCAACCTTGAGAGCCTGGTCCATAATTTTGCAGATCTTATCGGCGTATGTTTCCGAGAGGGAACCGCCGAAGACGGTGAAGTCCTGTGAGAAGATGTAAACGGGGCGTCCGTCAATGGTGCCGTATCCGGTAACCACGCCGTCAGACAGGTAGTGCTGTTTGTCAAGGCCAAAGTCTGTGGTGCGGTGGGTGACAAACATGTCGTACTCTTCGAAGCTGCCTTCATCCAGAAGCATGGCAATGCGCTCACGGGCAGTATTCTTGCCTTTATTGTGCTGCGCTTCTATGCGTTTTTCTCCGCCGCCAAGACGGGCTTTTTCGCGTTCGGCAATCAAGCGTTTCATGATGTGGGTCGATAGGGTTTTGCGGGAATGCCTGGAGAGGTTAGCTGAAAAGCGGGACCAGAGGCCTTGATTATTGATGCCATCAGCGTTTCTGGGCTTTGCAGGCTATGCTGCATGAGGGTTTGACGGCTTCAGTTACCGCCGTGATAGGTTGAATATTCAAAAAAAAGGGGAATATCCTTCCATGTTATGCAGAGAGGCGTTAATAATCGCTATTTTTCTTTTTTTTGCAGTCATTTAGATGAAAAAACCTATGAGTGGGGACCTGGAACTTGCGCTTGATCTTGCCCACAGGGCAGGGTTGCTGACACTTGAGTATTATTCCCGGAAATCATTGAGGGTTGAAACCAAACGGGACCGCTCTCCGGTGACCGAGGCCGATCGGAAGGCTGAGCAGCTGATCCGTCAGGGGATTCTATGCGCCAATCCACAGGATGGCTGTTGGGCGAGGAATTTGAGGAACACCTCTCTACGAATGGACGGCGGTGGATCATCGATCCTATTGACGGCACCCGCTCATTTATCCATGGAGTTCCCTTTTACGGGGTGATGGTAGCTCTTGAGGTGAAGGGGAGTGTGGAGGTGGGTGTTGTCAATTTCCCCGCTCTGCATGAGATGTATCATGCTGAATCTGGAGAGGGCGCCTTCATGAACGGCTCTCCAATTGGTGTTTCTTCTATTGCGGATAGTAAGGATGCAACGGTGGTCTTTACCGAAAAAGAGTATCTCATGGACGAAGTTTCGGGTCATCCGGTTGATCGGCTGCGCCATGATGCCGGCCTTGTAAGAGGATGGGGAGACTGCTACGGCCACATGCTGGTTGCTTCCGGGAGGGCCGAGGTTGCTGTGGACAAGATAATGAGCCCGTGGGATTGCGCAGCCCTGATTCCAATTGTGAGGGAGGCCGGGGGGTGCTGTTTTGATTACCGGGGAGAGACGACAATATCGGGGGCAGGGTTGGTCAGTGCCAATATGGTGATGGGGCGGCAGCTGCTTGAGGATATTGCCGCAGGCAGGTGATCAGCGGAGAGCTTCGGCTATCGCTCTGGCGAAGTTGGGGCCGTCGAAGTATTCGGGGATGATGTCGGTTTTTATGCCGATTTTTTCAAGGGCGCGGGCTGTTGTTGTGCCGATGGCTGCAATTTTTACCCCATCGGGCAGGCCGGTTGTCCCCATGGCTTCAAAAAAGTTGGTGGCCGTTGAGGGGCTGGTGAAGGAGAGGCAGTCAAGTCTGCCCTCTGCAAGCATTGCCTTGATGGCAGCGGTGTCTTCAAGAGAGGGAGGACGGTTTTCATAGACAGTCAACTCTGTGCACTGCCCTCCCCGTTTGCCGATGACATCGGGGATGACACCGAGCGAGAGGTTTCCGCGCAGAAAGAGAAAGTTTTTCCCTGCA
NZ_CP041698.1_gap14	705684	709746	4062	CTTCAGTGATTTCATCGACTGCAATGATGCCGTTCATCCCGCCGCCCTCTATTGCCATGTTGGTGAGGGTCATGCGTTCCTCCATTGGCAGCGAGTGGATAGCTTCGCCGTTGAATTCCATAGCCCGGTAGGTGGCTCCGTCGGTGCCGATATCTCCGAGAATCTGCAGAATGAGATCTTTGGCGGAAAGGTATTCGGGCATTTCTCCATCAAAGGTGAAAAGCATCGATTCGGGCACTTTTTCCCAGAGTTTTCCTGTGCCGAGAATGAAGGCTGCATCGGTGTTGCCGATGCCTGAACCGAACATGCCGAACGCGCCCGAGGTGCAGGTATGCGAATCTGTGCCGAAGAGCACGGTGCCGGGGAGGTTGAATCCCTCTTCGGCAAGCGCCACATGGCATACCCCGCGGTAGCGGTCTGTTCCAACATCGTAATAGTGGGGAAGGTTCTGCTCTTTGGCGAACTTCCGGAGCAGGTCAATATTTCTGTGTGCGTGTTCGTTTGCCGTAAAGATGTAATGGTCTGGCAGAACAACAACTTTTTCCGGGTCCCATACGCGGGCACCTTCGCCGAACTCCTGGTTGAAAATGTCAAAAGTCGGTGGTCCGCACACATCATGCGTGAGAAGGACATCGACATTCAGCCAGACATTTTCACCAGTATTGACAAATTTTCTGTTTGCCGCCCGTGCAAGGATTTTCTGGGTAATTGTTTGTTCCATAGTGTCGTTAAACCCCGTGATCGATTGTTTCAGGTGTGTTGTTTTCAAAATGTTCGAGTCGAAGACCCAGAGCCTGAATGTAGGCCCGGGCGCTTGCCTCTATGATGTCTGTAGAGATTCCCCTTCCGTTGAAGGAGACGCTCCCGTCGCTGATTCTTACCAGAGCCTCTCCGAGCGCCTCGCGTCCCGCGGTTGCTGAACGCACCGAGTAGGTTGAGACCATGGACTCTATGCCAAGAGCTCTCTCAATCGCCCTGAAGCAGGCATCAATTGGGCCGTCACCCGTGGCAGACTCTTCAAAGACCTTCTCGCGGTGCCGGATGCGGACGGTGGCGGTAGGTATGGACGCGGTTCCGCTGTTGATATGCAGGTAGTCGAGAACAAAAGCGGTTGAGGGTTTTCCGAGTTCATCGCCCATCAGTACCCTGAGGTCATCATCATACACCTCTTTTTTCTTGTCAGCTATCTCCATGAAGCGGCGATAGACCGATTCAAGTTCTGCGTCAGCAAGGGTGTACCCAAGGGCTTCAAGGCGGGCCTTCAGGCCGTGCTTCCCGGAATGGCGGCCGAGCACAATACTGGTTTTTGGAACGCCGACCGATTCGGGGGTCATGACCTCGTAAGTCTGACGGTTTTTCAGCATGCCGTCCTGATGGATTCCGGATTCATGTGAAAAAGCGTTTTCGCCCACAATCGCCTTGTTCGGCTGGACGATGATTCCCGTAAAGCCCGATACCATACGGCTGGTCCTGTAAATCTCTTCGGTAACAATGCCGGTCTGAAAATTATGCAGGTCACTGCGCACTTTCAAGGCCATGACAATCTCCTCAAGCGAAGCATTGCCCGCCCGTTCCCCGATGCCGTTGATTGAACACTCCACCTGCCGTGCACCGTTCTCAAGAGCGCTGAGGGAGTTGGCAACCGCAAGGCCAAGGTCGTTGTGGCAGTGGACGCTGATGATGGCATTCCCGGAATTGGGAACGCGGCTTATGAGGTCGGCAATTTTGCGGCCGAACTCCGAGGGCCAGGTGTATCCTGTTGTGTCGGGGATGTTGACCGTTGTGGCGCCGGCTGAAATAACCGCTTCGGTTATTTCAGCAAGATATCCGGGATCGGTCCGGCCGGCATCTTCAGCTGAAAACTCAATGTCGGAGGTGAAGGTTTTTGCAAAGGCAACCGCATCCACGGCCATTTTAAGAATGGTCCGTCGTTTTTCTTCAAGCGTACGGCCATACCGGTCGCCGGCAAATTTGCCTGCAATGTGTATGTCGGAGGTGCTGATGAAGGTGTGGATACGCGGCTTTTTCGCTCCCTTAAGCGCCGTCCATGAAGCCTTGATGTCGTTTTCAACGGCTCTCGACAAGGCGGCTATTACCGTACCCGACTCGTCGCTGATTCTCTGTACTGCTTCAAGCTGGAGAGGGGAGGAAGCGGGGAAGCCGGCCTCGATGATGTCGACACCGAGTTTTTCCAGCTGACGGGCTATTTCAACCTTTTCCTGGACATTAAGGGATGCACCGGGCGACTGTTCACCATCACGGAGGGTTGTGTCAAATACCAGGATGTTTTCTTTCACCGTTTTTTTCCGAGTCTGTTTGCTCAGGCGCCAAGGTGCCTGATGATTGCTGCTGTCATTTCTGTTGTTGAGACTGTTTTCTCACCAGGCGCGGCAATGTCTGCAGTTCTCATGCCTTCAGCCAGTGCGGCCTCAATTGCTTCGTGTATCTGTGCAGACATTTCGGGCATACAGAAACTGTGCTCGAACATCATTGCAACGGAGGCAATGGTGGCAATCGGGTTTGCTATGTTCTTCCCTGCAATATCAGGAGCGCTGCCGTGAATGGGTTCATACATTGCATGAATCCTTCCAATGCTTGCCGAGGGGAGCATGCCGAGGCTTCCGGTAATCATGCCTGCGATGTCACTGAGAATGTCGCCGAAAAGGTTTCCTGTTACAATAACATCAAACTGTTTCGGGTTGCGCACTATCTGCATGGCGGCATTGTCCACATACATGTCGCCAAGTTCAATATCCCCGAAGTCGCGGTGCACGCGGTGCACTTCATTGCGCCAGAACTGCGATACCTCAAGCACATTTGCCTTGTCGATGGACATGACTTTTTTGCTTCCTCTTTTCTGTGCAGCTTCAAACGCAAGGCGGGCAATGCGCTCGACCTCGTGTTTTTCGTAGACCATGGTGTTCCAGCCCTTCCCTTCGTCGTAACCGCGGGGCTCGCCGAAGTATATCCCTCCGGTCAGCTCCCTGAAAACGATGAAATCGGTTCCTCGAACCACATCAGCTTTCAGGCTGGAAGCGTCAATAAGAGCGTCATAGACCTTTGCGGGCCGGAGATTTGCGAAGAGTCCCAGTTCCCTGCGGATTTTCAGCAGGGCAGCTTCCGGTTTGTGCTCATGGGGCAGGTTTTCCCATTTCGGGCCACCTACTGCACCAAGCAGCACCGCATCGCACTCTTTGCATGCGGCAAGCGTTTCATCTGTCAGCATACTTCCGTGGAGGTCGTATGAGGCTCCACCGAACGGGTGCTCCTCAATCACGATTTCAAAGCCATGCTTTTTCGACAGATGCCTGAGAACATCAACCGCACCGGCCACCACTTCGGGGCCGATACCGTCACCGGGAATAGAAACAATCTTATACATAGTCCGACCCTCGCGGGAATTTATTTTTTAATCAGCCAGCTCATCATGTTGCGCAGTTTGGCACCAACGGTTTCAATCGGGTGGCTGCTGTTCTCTTTGCGGAGCCTGTTGAGGTTCTTGTATCCTCCGTTGCACTCGTCAATGAACTCTTTGGCAAACCGTCCGTCCTGAACTCTTCGAGGATTTTCTTCATTTCAGCCTTCACTGCAGGTGTAATGAGGCGCGGTCCACGGGTCATGCCGCCATATTCGGCCGTATCACTGACCGAGTAGTTCATTCTGGAAAGCCCGCCTTCATAGAAAAGGTCGACAATGAGTTTCAGCTCATGCATGCACTCAAAGTAGGCAAGCTCTTCAGGGTATCCAGCTTCAACAAGGGTTTCAAAGCCGGCCTTGATAAGCTCTGCCGAACCGCCGCAAAGTACAGCCTGTTCGCCGAACAGATCGGTTTCGGTCTCATTCTTGATGGTGGTTTCAATACGCCCGCTTTTGCACCGCCCAGGCCTTTTGCCCATGCAAGCGCCTGCTGTTTTGCCTCTCCGGTTGCATCGTGATGGATTGCGATGAGGCAGGGTACGCCGTTGCCTTCGGTGAATGTGCGCCGAACAAGATGTCCCGGGCTTTTCGGGGCAATCATGATGACATTGATGGTATCGGGCGGAACAATCTGTTTGTAGTGGA
NZ_CP041698.1_gap15	716631	719025	2394	CCGGAAAAGGCAGCCTCATGAGCGACATCAATGTCACTCCGCTGGTTGATGTGATGCTGGTGCTGCTGATTATTTTCATGGTGACGGCGCCAATGATGACGCATGGTGTCAAGGTTGAAACCCCGGAGACAACCCATGAAAAACTTGATGTTGACCCGAAGGGGCTGATGATCAGTATTGACGCATCCCGGCGGGTGTTTGTGAACCAGTATGAACTTCGTGCTTCTGAAGTCCGCGAGAAGCTCCCGACATTGCTGGATGTTGGTGAAACCCGTGAGGTGTATCTCAAGGCTGACAAGAGCCTTCCCTACGGTCTGGTGATGGATGTCATGGCGCAGATCAGGGATGCGGGAATAGAAAACATCGGTATGGTGACTGAGCCCGTTTCTCTGGCAGGAAAAGACGAAAAGGGCTCTGGTTTATGAGAAAAAGCGGTGCTCCGGGTGGACAGGATAAAACATTCTCCTTCTGGCTTGCTGTTGCGGCGGGCATCCATGTGGTTGTGCTTTTCGGGCTTGTTGGACTTCAGTCACTCAATCGTGTGCAGAGCTTCAAGCCCCGGGTTGTCAGTGTGAGCCTGCTGTCACTTCCCGGGACGGGCGGTTCATCGGAGAAGGCGGGGAAAAAGGTACCTGCGGCAGCGAAACCTGCGCCCCGAAAGCCTGCGGCAAAGAAGGTTCCTGAGCCTGCTCCGGTACCGGTTCCGAAGCCGACAGCAGCCAAAAAAGTACCGGTTGAGCCTGTGAGTAAACCAAAGCCGGTAAAGCCAAAGAAAGAGGATGCACTTGCCAGCGCTCTTGACCGGTTGAAAAAAGGGGTGGAGCAGAAAAAAAGCCCTTCTGCTGATGACAATCTCAAAAGCGCGCTTTCCCGACTCAAGGCGGGTGCGGCAACATCGGCATCGGGAACTGGAGGAGAGGCCGCGGGCTCTGGTACAAAGGGTGCGGGTTCAGGCACCGGCGGATTGGCCGACCCCTATGAAGCCGCTGTGGCCGGCATCATACAGGAGAATTGGGAGTTTTCAGGTTCACTTCTTCGCAATACCAGCGGGATGAAGGTATATGTCCGGATTCGTGTGCAGGCAAACGGGACGATAGCGCAGATAGTGTTTGACCAAAGGTCGCCAAGTGAATATCTTAACAACTCAGTAAAGAAGGCACTGGAGAAATCCTCTCCATTGCCTCCGTTTCCGCCGGAATACGGTTCACCTCAGGAGTGGATAGGCTTTGAGTTTACTCCGTCCGGTATTGAGCAGTAATTGCAGGGGTAACTGAGGACAGGTCCGGTCATCTGAATGTTCTTGTGGCTCTCGTATTATCACTATATTTCATATATATTATGATGATGAAGAGCTGGTTTTGATTATATGAAAATCCATAATGATGCATTGTGTGGCTATGAGGTATTGCAAAGAGATTTTTTCCGGTGTTTTTCTTGTTATGGCTCTTCTCCTGTTGCCCGGGCAGGTTCAGGCAAACGGTGATGATTATATCGCCATACGAAAAGAGGGGTCGGGGAAAATAGCCCTTGTTCTCAGTAAACCGGCGGCTTCAGGAGGAAAGGAGTCTGGCTGGGCGGAGCGGTTGGATGTTGAGTCTCGTTCAGGTCTGGATTTTACCGGTCTTTTTTCACTGATTCCGCCTCCGTTGAATGTTGCGGGGCCGAGAGGCAGCAGCAGTCAGAGCATCAATTTCGGGGCACTGAATTCGGTGGGCGCAGAATTTTATGCCGGAGGTGCAGTGGTACAGAAATCCGGAAATGTTGTTCTCTCCATGGAGGTATACGATACTCTGGGAGGTCGCCCGATTCTCAGAAAAACCTACACGGGAAAAGAGAGCGACCTTCGTTCCATTGCCCATGCGTTCTGTGCCGATCTTGTGGAACTGCTTACAGGCCGGCCTTCCGTGTTCGGCAGCAAGGTGGTGTTTGTGTCGAACAGAAGCGGGTTCAAGGAGATATACATGTGTGATTATGACGGTCACGGCATGCGTCAGATGACAAACACCCGCTCACTGGCCCTGACGCCGGTTCTTTCGCCCGATGGCCAACACCTTGCCTATACTGACTATGCTTCTGGCCGTCCCCGTCTTTCCATTCTTGATCTGGCTGGTGGAAAACGCCGTTCAGTTGCCCGATCAGGCAACAGTATTGATCCCGGCTGGAGAAGCAATGCGGAGGTAGCTACAACGCTCTCTTTCCAGGGAGACCAGGAAATTTACCTTGTACGGCCGGATGGCTCTCTGGCCCGGCGGGTCACAAACAGCCGCGGTATTGACCTTTCTCCATCTTTTTCGCCCGATGGAAATAAAATGGCTTTTGTTTCATCACGAACTTCAGCTCCACAGATCTTCATTCTTGATCTTCAGACCGGACAAACAAAGCGGTTGACCTATA
NZ_CP041698.1_gap16	726380	731055	4675	AAGCGGACAATCTTTTCCTGTATGATCTGTTTTGTTTTTTTAGCCTCTTCAAATTCCGCCGTGCACGCCGGGCATTCCTGCAGATGCAGCGTAAACGCCTGATTTTCACGGTTGGTCAGCTCGCCATCAACAGCGGCACTCATAAGTTCGCGGGCTTTATCGCACTTCATAAACTAAAAAGATTTGTTCGTCGTCCTGTTACCGGTCTTTTTCGGTATTGAATCCGAATTTCTTTGCATACTCTTCCAGCTGCACCCGTAGCAGCTTCCGTCCGCGGTACAGCCTTGAACGAACAGTTCCTATAGGGCTTTCAACCATATTGGCAATCTCTTCATAGGTAAACCCTTCAATGTCACAAAGCTGAATGACCTCTCTGAACTCTTCCGGAAGGGACTGCATGGCCATATACACCTCTTCATGCAACAGTGAATGAAAGTAATCAGTTTCAGTTTCAGTGCTGTCGCGTCTTGTGTCCTTTATGGTATGATAAAAGTCCTTGATGAGGTCGTAATCAACCTTGCCTGGTTCTCTGGCGTTTTTTCTGTACCGATTGATATAATTGTTCTTCAGGATTTTGAACAGCCATGCCTTGCAGTTTGTTCCCTTTTCAAATGAGCCGAAGAATTTATAGGCTTTCAGATAGGTCTCCTGAACCAGGTCGTTGGCGTCGTGCGGGTTAAGGGTCAGATGCAGGGCGTAATTATAGAGGGCGTTGATGTGGACTATCGCTTCGTCCTGAAATTCTCGCTGTTTCAGCTGCTCTTCAGTTGAGAGTGGGTTTTTTTTTGTGTCAGGGGAGCTTTTGCGAATCGGATCGGGTCTGCTCATGAGATTTGGTGCGTCGTGGTTCAGATGTAGGTTCGGTCGTCATGCGGAACAGCTTCATTATAAAATAAGGAATTAAATGGTTTTATTTTTATTCATGAGTTTCAATACAATGCTAAAAACAGTAGTGCAATGCCCATTCAGGATGAATTGCTTGATGTTCTTGTTGTCGGGTCTGGAATCGGTGGACTGACTACAGCCGCTCTTCTGCAGCAGCAGGGGTTTCAAGTCGCTGTTTTTGAGAAGAATCGGTTTCCGGGGGGGAGTTGTTCGTCATTCAGCCGTTCGGGATATACCTTTGATGCCGGAGCATCTGTCTTTTACGGGTTTGCCGGGGATGGGCAAAGCGGCACCCTGAACCTTCATGAAAAGATTTTCAGGAAACTCGGGGTCACTGTTCCAACGGTGCCTGATCCTGTGCAGATACACTATCATCTTCCCGGAGGGTTCAGTCTTGCGGCATGTTATGACCGCACTCTGTTTCTTGAACGCCTTCAGGCGGCTTTTCCCCATGAACGGGAGGGAATCCTGAAATTTTATGCCGAGCTTGAAGATGTGTATGACATTCTCAGCTCACTGCCTGCCGGTTCACTTGAGGATATCCGCCATCTGCTGAGGGTGGGCGGTTCTTTTCCACTGAAAACGGCAGCGCTTGCCGTGAAAACATTTCAGTCTATGGGAAAGAGGGCCCGTCAGCATATCAGTGATCCTGCGCTTCTCCATTTTATTGACATCGAGGCCTATTCATGGGCGCTGCAGGACGCGGTTTCAACCCCTCTTGTCAATGCCGGGATTTGTCTTGCCGACCGTCATCACGGTGGAATCAATTATCCTCTCGGGGGATCGGGTTCTATTGCCAGAGGTCTTGTTGAGGGGTTTGAGGCGTGCGGAGGAGAAATGCGGTATGGGACGGAGGTTTCTGAAATACTGGTAGACAAGGGTTCGGCAATGGGCGTGAGGCTGGCTGATGGTTCGGTTGTTCGTGCCCGGGCGGTTGTAAGCAATGCGACTGTCTGGGATACTTTCAACCGTCTCGTTGATGACAACCGTTACCGGATTCCAATGGATCGGTTCATTGAGGCGCCAAGTTGGTTCCAGCTCTATCTCGGTGTTGAGGGTTCTGTTGTTCCGGAGGGGATGGATGTGCACCATGTCCTTGTTGATGACTGGAGCAGGTTCAGTGATTCGGGCGGAACCCTTTACTGTTCGGTGCCTTCTCTGCTTGACCCATCGCTTGCCCCTTCCGGCCGGCACTGCGTGCATGCGTTTGTGACCGACAGGGCTGATGAGTGGGTCGGGTTGGAGCCGGGCAGCGCTGAGTACAGGGCCAGGAAGGATGAGCGTGCCCGTGAATTGCTGGAGCGCCTTGAGTCTCTGATGCCGGGGATTTCCGCGGGGTGTGAGCTGACGATTTCAGCAACTCCTCTTACCCACCAGCGGTATCTGAACAGGTACAAAGGTTCCTATGGCCCTCTTCTGAGGCCCGGTCAGAATATTCTCTTGAAGCCGCAGAATACAACACCGGTCAAGAACCTGTTTGCGACCGGAGACAGTACCTTTCCCGGTCAGGGGGTTATTGCGGTTACCTATTCGGGCGTCTCCTGCGCATCCTTCATTGCGGCAAAATTCGGCAGGCCGATGGAGCCTCTGGGCTCAGCCCCGGAAGGTCAGGATGCAGCCAGCAGCATGTCAATTTCGCGGTAGGGGCAGTCGGTTATTTCCGAAAGAATTTTTTTTGTGACATAGCCCCGGTAGACATAGGTTCCTTTTCTGAGGCTGTGGCTTTTCCAGAGCATCTCCTGAATGGTTTCGTGTGCGTTGATTTTCAGGAGAAAGGGGAGAAGCGTATTGGTCAGTGCGAACGATGCGGTTTTGGCAACGGCCGAGGGGATGTTGGGGACGCAGTAGTGGGTGACCCCGTGGGTGACATAAATTGGGTTGGTGTGCGATGTCCTGCGGCTGGTGGCGAAACAAGCCCCCTGGTCTATCGACACATCGATAATGACCGAGCCGGGCTTCATGGTTCTGACAACCTGTTCTGTTACAAGCGGTTTGTTGATTTTCTGTTTCGGACTCAGCGCCCCTATCATGACATCCGATGTTTTGGCGATTTCGGCAATGTAATGGTCGTTTGCTATCGCCGTTACCAGATGGCGGTTGAAGAATGCTTCGAACCGGCGGAGCCTGTTGATTTCCCTGTCGATGACTGTAACCTGTGCGCCAAGTCCCAGCGCGTCCTGTGCGGCAAAGAGCCCTACGGTTCCTGCCCCGATGATGGTGACATGGGCCGGTGGAACTCCGGCTATTCCTCCTAGGAGAATGCCGCTCCCTCCGTATCCTGTTTCAAGGTATTTTGCGGCGGTCTGAATGGCCAGTGAACCGGCAATTTCGCTGAGGGTTCTGACGATTGGCAGTTCGCCGTCACGGGTTTCAATGAACTCGAAGCCAAGCGCCGTGATGTTTTTTTCGAGCAGCGTTTTCAGAAGGCTGGCGCTGAGTGATGCAAGATGCAGGGCTGAGAGAAGAATCTGTCCGGGTTTGAACAGCTGGTGTTCTTCGGGTTGAGGAGGAGAAACCTTGACAATGATGCTTGACTGACTGAAGAGCTCTTCGGGGGATTCAGCAATGGCAGCGCCAGCTTCGGCATAGTCGGTATCGGAGAAATTGCAGAACCTTCCGGCAGCGGTTTCCACCACAACCTTTATGCCGTTTTCAACGAGAATCTGCACCCCGGCAGGTGAAAGAGCTACCCGTCTTTCGTCCTGAGCACGCTCCTTGGGAATGCCCAGGACTATATTGAGGTTTTTCCCTGGCTTGATAAGCCACCGTTCAAGCGTTTTGGCTCCGAGCTCAAACTCCAGACTGTCTATATCCGACGCATACCCCATCAGCAGCCCCTTCTCTTTTGTCCCTTTCCCTTCATCGGGAAAAGGGTCCTGTTACCTGGATGTAATGGTGACATTCTGTCTGCTCTCGGGTTCTTGAGGTCTGTGGAGGGTGCATTGTGTTCCCGGCAGATGAAGAGCGCCGCCTGAAATGCTGCAGAGCGCACCCGATGCCCCGCCATAGACTGTTTTTGCTCCTTCGGTTACCATGGAAACCGGGTACTGAAGGAATGAGAAGGCTTCCATGAAGTTTGAGGCGGCCAGCTGTGATGCGTCTCCTATTCCGCTGCCGATTTTTGAGAGGGCCTCTCCCGGGTTGATTCTTCCGTCCCGTACTCTTTCAACGACGCTGCCTGCTCCTTCCGGGAGTTTTTTGAGAACATTGTATCCAATGGTCTGGGCGTAAGTGATGAAGCCGGGTACATTCAGGCCGAGAACAATCCTTTTGAGGTTTTCTGTTCGCGAAAGCAGTCTGATGGTGCCTTTTTCTCCGGTGACCCGGGTTCGGCAGGCAAGCCGTCCACCCGCCTCGAACAGTCTGTCGGAAATGAAGGCTTTTTCATCGCTTCCCGGTTTGGAAAGATGCTCCATTCCTTCCGATACTGTCACAAAACAGCTTTGGCATATGCCGTTTCCACCGCAGATGTATCCGATATGGCATTTGTTGCGGCGTGCCACCTCAAGGAGTATGTCGCCTTTTTGAGCTTCGCACGCTTTGTCGTTGATGTAGATGATCATGGTTGTCTCCGGATGTCATTATGTAAATGTCGGATCGCTTGCTTTCGTATCACTGCTCCTATGAATATAGATAAAATTGCATTGTCCGCGTCTTACTGTTGAGCCTCTGATTTCTTCTCTTCAGGGCTTTCCTCCGGTCCGGGGAGTAGGAGCTGGAATACTGATGCAACCACCTCCGTGAGCGCTTCTGTCATATCCCTGCCGAGTTCCTCGAGATTGAGTTTTCC
NZ_CP041698.1_gap17	750553	754804	4251	AAAACGGATGAAGCAGCACTTCCTGAAATTGAAACATCTGCAAACGCACAAGCTGAGACTCTCCGGGCTTCCGAGCAGTTCACCCTCAAAACCAAAGAGGAGCTGAAAACGGCAGCCCCGCTGATCCAGAAAATCCGGTCACTGGATCAAAAGATTTCGGAACAGACAAAGGCTGTATCGGAAGGCGCTGATGCCTGTGCCAAGGAGGCCGCAAAGGTTGAGATCGAAAAGCAGACCCGGGTGAAGGAGCTGGAAAAACGGACCGCCGCAGAGAAAACACTGGAGGCCGCAGAGCTGTACCTCAAAGAAAATGCGCGGGATGAATGGTTGATCAGTGGGCTGGCCGGTGTTGAAGAACAACTCGGCAACCTGCTCGCCAAACAGCAGGAGATCACGCAGAAAGAAGCCGATCTCAAAAAAGCCGATACTGCCGTAGCAGATTCCGCAAAGAAACTGGAGGAAGCATCCAGGCAATGTGGGCTCAAGAAACAGGAGCTGGAGACCGCCGGAAAAAATCTTCAGCAAGGCAAGGGTGCTCTGAGCCAATTGCTGGGTGACAAACTGCTCCGGGAGTATCGCGCCGAGAAGGAAACACTTCTTCGTGAAATGGCTTTCATCAGGAAAATTGAGGAGCTTGAAGACCACCGGGCTAAACTGGAAGACGGCAAGCCCTGTCCACTCTGTGGTTCGACCGAGCATCCTTTTGCCGAGGGTAATGTTCGGGTTCCCGATGAGATCGAGCAAAAGATAAAATCACTGACCAGGCTGATCGACAAGGCTGACGAACAGGAAGCGGCCATCAAAAAACTGGAACAGGCGGAAACCACCGCCCGTAAAAATCTGAATGACAGTGAGAAGCTGGAAACCGAAGCCGCCAATAACAAGAAGGCTGCAGAAAAAACGCTCACGGAATTGAAGGATGCCCTCACAAAGCTTCAAGCCGGCTTTGATGAACTCAAGCTTGCCATAACACAAAAGCTTGAGCCCTTGGGATACAGCATTGATTGCGCAGATCCGCAATCCGCAATCCGTCATCTGAAATCAAAAATCCAATTATGGCAGGAACAGGCAAAACTAAAGACCGACATCGAAAAACAGATTGCTGACATCAACAGCGAGGTGAAGCGTCTTGATGCCGTGATTGATACGCAGGTCAAGGCTCTCACTGAAAAGCGGGAAACTCTGGAGCGACTGAAAAAGGGAGTGGCCGACGGCAGAGAAGAGCGAAAGCAATTGTATGGCGACAAAAAGCCTGATGAGGAAGAAGCCCGACTGAACAAAGCCATTGCCGACGCTGAAAAAGCCGAGAAAAAATCCAGAGAGATGAACACCGGGTTGCAACAGAAGCTGACAACGGCCAAGACCCATATTGAATTCCTGAAGAAGCGCACCCTGCAAAGAACGCCTGAACTGGAAAAAGCGGAAGCGGACTTTTCAGCAGCTCTGACTCCGGCAGGCTTTGCAGATGAGAAATCCTTCCTCGAAGCCCGGCTGCCTCATGAAGAGCGGGAATCTTTATCCTCCCGGGCCAGGGAGCTGGATAATGAAGGGACAGAGCTCAATGCCAGACAAAAAGACCAGGAGACGCGTCTGGCCAAGGAGGTCTCCAAAAAGCTCACGGATAAAACGCTTGAGGAGCTGGAGTCAGGGTTCAAAGAATATGAAGGTTCCTTGAATGAATTGCGCAATGCCGTTGCCGGTCTCAAACACAAGCTGAGTGAAAATACGGCTGCCAAAGAACGGATAAAGGAAAAGCAGACTGCCATTGAGGCCCAGAAAAAGGAGTGTCATCGCTGGGAGCGGCTGCATGGCCTTATCGGGTCAGCTGACGGGAAAAAATATCGCAACTTTGCTCAGGGGCTGACCTTTGAGTTGATGGTTTCCCACGCCAACAGACAGCTGGAAAAAATGACTGATCGCTATCTGCTGATTCGTGATGAACAGCAGCCTCTGGAGCTGAATGTTGTTGATGATTATCAGGGCGGTGAAATTCGCTCGACCAGAAACCTTTCGGGCGGTGAGAGTTTCATTGTGAGCCTGACGCTTGCACTGGGGCTGTCAAAAATGGCCAGCCGGAAAGTGCGCGTGGACTCCCTGTTCCTTGACGAGGGCTTCGGTACTCTGGATGAAGAAACGCTGGAAACCGCTCTTGAAACCTTGTCGGGACTTCAGCAGGATGGCAAGCTGATAGGAGTCATATCACATGTGCCTGCGCTCAAGGAGCGCATCAGCACGCGTATTGCAATTCTGCCGCAGTCGGGCGGGAAAAGTATCCTCAAGGGGCCTGGCTGTTCCTCTGTGAAGGCAGGAGAAGAGAGGGCATGAGCGACATTTCCTATACCCTCAAGGTCAGCCGCCGCTCAAAGTATGCGCGCCTGAAAATGGTGCCCCGCGAAGGGCTGGTTGTTGTGGTTCCTGAGGGGTATGACCGGAAGCAGATTCCTGTTCTTCTTAAGCGTTATGAGGACTGGATTCGGCGCGCAGCAGGGCGTTTGGAACGCCAGCAGCCTGATGAGCATCCGTTGCTGCCTGGTGGTCTGCCCTCTTCTGTTGTGTTCCGCTCTGTGGGAGAGGAGTGGCGTGTGGAGTATGATCCCGCACTCAGAAAGCGTGTTGAAAGAAATGGGGATGGGGGCAGTTCCGTTCTGCTTCCGGTTGAGGATGCCCGGCGTGACGACGCTCGCGACCATCTGCTGTTGTGGTTGCGTAAAAGGGCGGCGGTCATTCTTTTGCCAATGCTTGAAGAACGCTCTCGGGCTCTTGGCCTGCGGTATGCCTCAGCAGGAGTGAGGCTGCAGAAATCCCGATGGGGAAGCTGCTCTGGCCGGGGAAGAATAACCCTGAACACAAAACTGTTGTTTCTTCCTCCGGAACTTGCCCGCTACATTATGACGCATGAGCTCTGCCATACGGCTGAAATGAACCATTCAGGCTCTTTCTGGCGGCTGGTGCAACGCCACGATCCTGATTTTCGCCAGCATGATCGCGCAATGCGCGATGCCTGGAAATATGTGCCCGGCTGGGTGAGCGGGCATTACCTGTAACGGCTGTTGGCCATCCCTTTGATTCCGCTGAAGAATATGGTGATGCCGAGAAGGAGTGCGCCCATGGCTACAGAGAGCGCTATGGAGGCAAGAGTTGCGGCAGTGCCGTAGAGGATTGCTGTGGCAGTGATGGCTCCCGCCCATATGAGTGTTGCCGGCACAACTGCCCGGGGACGCAGCGTGCGGAAAATGGCCGGCAGCGCAGCACCGCATGAAGCTATTGCCAGGGTCAGCCACCAGAGTGTGTCAGCGAGAAAATCCATCAGGGAATGAGCAGCTCAAACCCGGTTGCAGCGTCCGGCAAGCGTTTTGCCTCGTTCTGGAGCAGTTCTGTCATGACCACTTCCATCACATGCCATACTTTGACTCCGGCCCGTGCACATCCGGTGACTGAATTCTCTTCACGGCCGCATGCAATATGCAGATGGAGTATCGGCCTGCCATCTGCATTGGGAAAAATGGTGCCGGTCCCGGTTATTTCATGAGCGTCATAGAGCTCAAGGGTCATAGGGTTGATGACTGCTGCGCGGCTCTCTTCAGGCCCCACTACAAGCCGGCTGCCCTTGTCTGCTCCTCCCAGTACCGTCAGTGATGCCCGCTGAACGCCTTGTTCGGTGGCAAATGCCTCAAGTGTTTCGTGCACACTCTCCCCATCCTCAAGCCGGATGACAAAGGTTCTGCCTGGTCGGGCTTCGGAGTATTTCATTGCTGTTGCAATTGTGTTCGTTGAGAGCCTTTCTTTAAGTCAATGTACGCAACCCCGAACAACAGCTCAAAAACTCCCTGCAGCCCTCAGGCGTCAAAAAAGTGAAGCTGCATGGTTTCATCCTGCTCTCCAACCAGCTTGTACTTCCCCTTCCGTATGATGGAAAGTCCCTTGCTTTCGGCTGCGGGGATGATGCTCTCTTCAATCCCGGATGCAGTGTTTTTGTTGCAGTCGTGATTGAAGAAGAGGTGCAGTTCAGGCCCGGACGAGGCGAACTGGATCAGGAAATCGTTGTTGTTGATGAAAACGAGATCATCGTATGCATAGGTCACTTCATGTCCAAGCTCTTCAAGAAGCTGCATCAGTGGTCCGAGCGGGCGGAATGGTATGTTCATGGTTCTCTCCGGATATATGAGTCTGTTGTCAGAGTTCGCAAGTATTATTACGGCTATTTGGTCTTATTAGTTCAAAAAGTAAGATAAATATTATTTCCGGCAATAA
NZ_CP041698.1_gap18	940102	943781	3679	GTACTGACTTCATCAAATTCATGGATGTGACCCGTGTTGAGAAGGTGCTTGAGGTTTTTCACAATACTCCGGAGTCGAACTTTCTTGTGACCAATGAAGAGAACCAGTTTGTAGGGATGATTCGCCTTGAGGAAATGAGCATTCTGCTTCGTGACGGTACTTTTGCGGGTTTGATAGCTGAAGATGTGGTCAAAAAAGAGGTGCCGGTGCTCTATGATTCATCGAAGTTGATGAGGCGCTTAAATTCTTTGAGGTTGCCGATTATACCAATGTTCTCCCGGTGATTTCAAAACGGTCGGGTAAACTGCTCGGCATTGTCCGGCAGGAGGAGGCCTTTTCCTATTATCGCAAGCAGATGAACCTCTATGGTTCCGATACGGTCGAGCCTGCCCGTCCTCTCTGACTGGCGCAGTTCAATGATGGTTCTGTTCAGCTGTTCCGACGGTTGAGTGCAGTTGCTGAAATGACGAGCAGGATGGTGACGGCTGTCATGACCTGAAAGATCTCTTTGGGCACAAGAGAGTTGACTGCGAGTCCTCCATAGTCAAGCAGCCCCATGAAGAGCGCTGAGCCCATGATCCAGAGAGGATGGGCTGCTGCGAGCAGTGCTGTGGCAATCCCTGAAAAGCCGGCACCGGCAGTCATTCCTGCTTCATAATATCCTTTGTAGCCAAGTACCAGATTAGCGGCTCCAAGGCCGGCTGAAGCGCCACCCATTGCCATTGCAAGAAGTGTGTGCCGCGCCGGGTTTATGCCCGCCCTCTTTGCCGCAAGGGGCTGAAGCCCCGATGCCCTCATCTCAAATCCGTGTCGGGTTCTGTAGAGGAGGGCCCAGAAGCCGAGTGATAGCGCTATTGCGGCATAGAGAGAGGGATTTGCCGGGGATGAAGGGAACCATCCATAGAGCTCGGAGAAAGAGGCAATCCGGGCATTTTCGGCAATAGGCGCACTGTGTGCGGTGGAGGGAAGTGCGAAGTGGTTGAAAAGGAGGTATCCGCTTACCCCCTGGGCTATGAAGTTCAGCATGATGGTTGAGATGACTTCGTTTACCCTGAATCGGATTTTGAGGATTGCGGCAATTGACGCCCATCCTGCCCCTGCAGTCATTGCAGCGAGTACTGCGAGTGGTATGGCTGCCCAGGGTGTCAGACTTGGGGGGAGTGATGCTGCAGAGATGGCTGCGGCAATGGCTCCAACCTGGAGCTGCCCTTCAGCTCCGATGTTGAAGAGTCTGAGGTGAAAGGGTATGGCGACAGCAAGCGCCGAGAAGAGCAGCGTGGTTGCCTTGAAGAGGACCTGCCCTGTGCCGTAGGGGGAACCGAGGGTTGAGCGCACAATGCGTTCGGCCACCATGAGGGGATCTGTTCCCGTTGCGCTGATGATGGCGGCATTGAGCAGGATTGCCAGCAGGATGGAGAGGGCGGGGACAAGCGCCCGCTGAAGGGGATGGTTCATGGTCCTGCTCTTTCAGGTGATGTAAAGACCGATCTCTTTCTGGAATGCCGCTCCCTCAAGCCGCTTCAGCTCGCACTCCTTTGCGGTGAATTCATGGGAAATGGCGCCATTGTAGATGCATCCGATTCGGGTGGACAGGGTGATGAGCTCTTCGAGTTCCGCTGAGATGAGCAGAATTGCCACTCCCCGGCTGCGCGCCTCGATTATTTTGCGGTGGATGGTTTCAATAGCCCCGATATCAACACCGCGCGTTGGCTGTGCCAGTATCAGCAGCTTGAGGTCGGGGCGGGTCATTTCGCGTGCAACGACCACTTTCTGCTGGTTCCCTCCTGATAGAGCACCGAGTTGTTGCTTTGCCGGGTTCTGGCACAGGACGCCGTAGTCGGGTATGAGACGGCTTTCAAGCTGCTGCAGTGCTTTATGGCTGAATCCTGCGCCTCTATGGAGAGAGGGTTCACGGTGCCGCCCGAAGATGAGGTTGTCGGTCACGCTGAAGGAGGTGATGACGGCTTCGGTGTGACGGTTTTGGGGGACTGCGCCAACCCCGCAGTCGGTAATCTGTCGGGGTGAGAGCTCCAGGAGTGAGCGGCCTTCAAGCTGTATTGAGCCTTTGATGCCTTTCTGCCCTTGCAGCATTCCTGAAAGTGCCTGCAGGAGTTCGCTCTGTCCGTTGCCCTCAACACCGGCAATGCCGTAAATCTCTCCCGCCTTGATGGAGAGGGAGAGGTTGCGGAGTTTCTGGGCCCCTCTCGTGTCGGCAAGGCACAGGTTGCTTACCCGCAACCGCTCAGCTCCGGGGGTGGCGGGCGGATTGTCAACACTGAGGAGCACGCCCCGTTCCACCATCCTCCCGGCCAGCTGTTCTTTTGTTGCTCCTGCGGCCGGCATGGTGCAGACAATTTCTCCTTTGCGCATGACGCTGATGGTGTCGGCAAAGGAGAGCACTTCGTCAAGTTTGTGGCTGATGAAGAGAACGGTGTGGCCGTTTTCGGCGAGCGTGCGTAGCGTGGTGAAGAGTTTTGTGCTCTCCATGGGGGTGAGTACGGCGGTCGGTTCGTCAAGAATCATGATTGAGGCATTGCGCAGAAGCAGCTTCATGATTTCAACACGCTGGGCCTCTCCTACGCTGAGATTGCTGACTCTGGCATCGGGATTGAGGGCAAGAGAGTACTTTTCGGCGCACTCCCGTATGCGGTTGTTGACAGCCTTTCTGTTCAGCGGACTGAAGAGTCTGCACTCTTCATAGCCGAGCATGATGTTTTCGGCAACCCTCAGTTCCCCTGCAAGCATGAAGTGCTGGTGAACCATCCCGATGCCCTCTTCTGCAGCATCTTTTGGGGAGGTGAAGCGTACTGGTTTTCCTCTGATGATCAGCTCCCCGCCGGTGGGGGGAAGCATGCCGGAGATGATGTTGGTGAGTGTGCTTTTGCCTGCGCCGTTTTCACCCACAATGGCATGAACAGTCCCCTTTTCAATGGCGAGGCTGACATTTCGAACGGCCGTGAGGGTGCCGAATTTTCTGGTGATGTTCTGAATCTTTACTGCTGCTGCCATTGTTAGCCTTTCCTCAGAGCCAGATCATGACGGTTTTGATGCTCTCCTTGCTGTCGAGGGCTTTGCGGTATGCGCGTTCATATTCGGCAACGGGGAAGATGTCGGTGAAAAACTTTTCACTCTCGATCCGCTCTTCTTCAAGCTCCTTTGCGGCTTTTTCAAGATGTGCATGCGAAGTGACACTGGAGCAGATGATGACCGGCTCTTTATGCTGGAGCAGGCGGTAGTCGTAGGCGAGAACCTCATAACTGCCCATCAGGAGAATTCCGGCCCCCTGTTTCATCAGCCGGGCCGCTTTTTCAAGGAGCAGGATTCTTCCGGTTGTTTCAACAATAAGGTCATAGCTGCTGTTGAACCCTTCGTCAAAATCCTCTATGTCAAGGGCAATGTTCTCGGCATGGGAGAGCTGACCCCTGATGCCGAAGGTCTCAACGGCGTCAATGCGGGTGACGCCCAGCCGGCGGAGGTATTCCGTGACCATCAGCCCAACGGAGCCGAGTCCGAGTACAAGGACTCTGGATGATGAGTTGAGGGAGGTTTTGTCTATTCCGCTTATTGCATATCCTGCAAGTCCGATAAGTAGATCGCGATGGGTGGATTGGCGGCGGAGAGGGAGCAGGTTTTTTCTTGAGGTTGGAATGATTTCCGCATGGCATCCGTAGTAGGGCTC
NZ_CP041698.1_gap19	1081304	1084942	3638	GAGATCACCCGCTCCCTTGTTGAAAAGGTAAAGCGCAACAACGAACTCCAGCCTATTGAGGTGCCAGTGACCAGAAGAGCGCTTGTTATAGGAGGTGGAATTGCAGGCATACAGGCAGCGCTTGACATTGCCAACGCCGGAGGAGATGTTGTTCTTGTTGAGCGCGAGGCTTCACTTGGCGGTCACATGGCTCAGCTATCTGAAACCTTCCCGACCCTGGATTGTTCACAGTGCATCATGACGCCAAGAATGGTTGAGGCTGCCCGACACCCTAAAATCCGCCTGCTCACCTATTCGGAAATCGAAAAAGTTGAAGGCTTTATCGGCAATTTCAATGTTACCGTTCGCCAAAAAGCCCGTTATGTTGACATGAACCTCTGCACGGGATGCGGTGAGTGTATCATTAAATGCCCGGCAAAAAAATTTCGGGAGAATTTGACTGCGGGCTGGCAAACCGTACGGCAATCTATACTCCCTTTGCACAGGCTGTTCCCAATAAACCCGTCATAGACAGCGGGCACTGCATCTACTTTAAAAACGGAAAGTGCAAGGCATGCCAGAGAGTATGCCCGACAGGGGCAATCAACTTTGACATGGAAGATGAGCTGGTTGAACTTGAAATAGGCGCCATTGTGGTGGCTACCGGTTTTCAGGTACAGAATACAGCTCTCTATGGAGAGTATGGCTATGGCCGCTACCCTGATGTTCTCACAGGACTTCAGTTTGAACGGCTTGCCTCTGCAAGCGGCCCGACAGGGGGCAAGATTCAGCGCCCTTCGGACGGCAAAGAGCCGGAAACAATCGTTTTCATTCAGTGCGCCGGATCGCGCGACCCATCCAAAGGAATACCCTACTGTTCAAAAATATGCTGCATGTACACTGCAAAGCATGCCATGCTTTATCACCATAAGAACCATGAGGGCAACAGCCGCATTTTCTATATGGATATCCGCGCTGCAGGCAAGGGCTATGACGAATTCACCCGTCGGGCAATTGAGGAGGATGGGGCAGGATATGTTCGTGGGAGAGTAAGCAAACTCTGGCAGGAAAATGGAAAACTGATGGTTCGTGGTGCAGATACTCTGCTGGGCCGCCCGGTTGAGGTTGCCGCAGACATGGTGGTGCTGGCCACGGCAATGGTTCCAAAGTCTGATTCGAAAGAGCTTGGCAAAACCCTCGGCATCGGTTATGATGAATACGGCTTTTTCAATGAAGCACATCTGAAACTCCGCCCCGTTGAAACTGCCACTGCCGGCATTTTCCTTGCCGGAGCCTGCCAGTCACCCAAAGACATTCCTGATTCTGTTGCCCAGGCCTCCGCCTGCGCTTCAAAAGTGCTGGCACTTTTCAGCCGCGAAAAACTTGAAAGGGAACCTGTCATTGCACAGAACAATGAGGCAACCTGTTCCGGTTGCTGGGGATGCGTGCTTGCATGCCCTTACAACGCAATAGAGAAAAAAGACCTTACCGACCGTGCCGGCAACCTCATACGGCGGGTAGCATCGGTCAATGCAGGGCTCTGCCAGGGTTGCGGCACCTGTGTCACCTTCTGTCGTTCCAACAGCATCGACCTTGCAGGCTTTACAGAAAAGCAGATTTTTGCCGAAGTGATGGGACTCTGATCCTCTCACCCTGACGCCAACAGTCAAATCATCATTATGAGCGAACCCTTCGAGCCTAAAATAGTTGCCTTTGTCTGCACCTACTGTACATATGCGGGCGCAGATCTTGCAGGCACAAGCCGTCTGAAATATCCACCAAATGTGCGCATTGTCCGACTTCCCTGCACCGGCAGAATCAGCCCTATGTTCATTCTCAAAGCCTTTCAGAAAGGGGCAGACGGCGTGCTGGTCAGCGGGTGCCATCCCGGCGACTGCCATTTCGACCATGGGAATTACCATGCCCGTCGGCGCTGGACCGCCTTCAACGCCCTCCTGCAGTTTACAGGGGTACCTGAAGAACGGGTCAAGTTCTCCTGGATCAGCGCAGCTGAGGGGATTAAATTCGCCGAACTTATTGAGAGCATCACCGAAGAAATCCGCACAGCGGGACCATTTGAACAGTATCACAAGCTGATTGCGGAAACCGGGTCTGCAGCTTCAGTCTAAACATATTTTCATGAGCATTCAGGAACAATACAGGTCACGAGCCAAGGAACTCCTCCGGGAGGGTACAGTAAAAATGGTGATCGGCTACGGCGCGGGAACAACGCCTCTCCGCCGCAGGCCCATTTTCATAACCAGCCCCGACGATGCTGACCGGCTTGTGCTCGACGCTGCCTGCAGAACTAACCTTGCCGGCTATCTTCTACGCGAAGGCCTTCTTGCTGATCAGAAAAGCGTTGCCGTTTTCCTTACGCCCGATGGCGTTCGGACCATCAACATTCTTGCGGCCGAGTCGCAGCTTGCAACGGAGCAGGTTATCGTTCTCGGGTTTCAAATTGATGGGGAGAATGCCAGACAGCTCGAAGGAACAAGGGTTGCCGATTTTTCAGGAATCATTGCCGAGAGAAAGAAAAAACGCAAGGAACAGCCATCACACGAAGTAGCCCGGAAACTCGAACAGATGACTTCCGTTGAACGATTCTCATTCTGGGAAGGCGAGTTTTCGCGCTGCATCAAATGTTACGCATGCCGTGCCGCATGCCCGATGTGCTGGTGCCGACGATGCGTTGTTGACAACAACCAGCCGCAGTGGGTAAACACATCCTCCCATACGCTTGGGAATCTGGAATGGAATCTTGTTCGCGCGTTTCACCTTGCAGGCCGCTGTGTGGAATGTGGCAACTGCAGTGAAGCATGCCCCGTCAATATTCCGCTCCACCTGCTCAATCGCAGGATGACTGAAGAGGTACTCACAGCGTTCGACTATTATCCCGGCGCGACGAACATCAGGAACCGGTACTCGCCAGTTTCAGAAAAGACGACCCTGAGACTTTCATTCTCTAAGTACTCATACGCATGACAAAAATACTCTACTCCAACGACCTCACCGCCTGCTTCTCACTATGGAGAAAGGAGGGGATGAGGGTATTGGGCCCCGTATCCAAAGCCAAAACATCTGGTTTCGGCGAAGTTCAGGACGCACATGAGCTTGACCTCAATCTTGTTCTGACAGCCCGGACGCTCAAGGAGCTTTTTTTTCCGAGAACCGAACCGATGTTCAGTTACAGTATTGGCAAACAGAAGATTGAAACAGGCGAATTTCTGCCTTCAGAAAATCCATGCATCATTTTTGGCGCCCGTCCTTGTGACGCAGCCGGCATGGCGATTGACGATGAACTCTTCAACTGGGACTACCGGGATGAATACTGGTTCCGGCGCAGAGACCGTTCGGTCATCATGACCATTGCCTGTAAAGAGTCGGACGACTTCTGCATGTGCACTTCACTCGGCCTTGCGCCCGACAGTGCGAAGGGCTCCGATGTCCTTCTCCGCCCACTTGCCTCCGGCAACGGGTGGAGGGTGGAGGAACTGACCCCGAAAGGCGGTAAAGCGCTTCAGCCCATAGCCTCACTTCTGAAAGAGGGCTCAGAGGCGGCTGCCCCGACGGCAGAAGTCCCTCTACTCTTTGACCTTGAAGCCTGCACCACCTGGCTTGCCGACCCGGAAAATTTTGAGAGTCACTTCTGGAAAGAG
NZ_CP041698.1_gap20	1088668	1091195	2527	GAAAGTTGAGGGAACATGTTTGACAGCATGCCGCACTATCTCCGTTACCCGCTCCCTTCCTGTAAGAATATCTCCTCCTATCGCATAGACGCTCCGCCTGTGCTCTACCGCTTCAAGAAAATTCTTCTTCATGGCAGCTGCAGTATCAAAAGATTGCTGAATTCCTTTTATCCACTAATAGTAATAACTCCCCCGCAGGCCTGGTCGTTCCATCACGCCTGTTGAGTTATCTGTAAAAATCCCTACCTTGTCAATAAGCTTTATTCTCCTTGTAACCATATGTATCTCAACTATGTCAGAAACCGCTGCACGGCAGGTCAATTTTGTTCTTGCCGGAATCACGACCGATCGATGTGAACTTTCAGACACCGCCCCTCTTGCGCAACAACCAGTCAAAATCAATGCCGGACTGAATTTTGGCATTGACAGCACGAAAAAGCTTCTCAAAGTTCTTTTCAGGAATGTTTTTCTTCAGGACGAAATCCCCTTTATCACCATTGAAGCCGGCTGTATTTTTGCCATTGATGAGGAGTCCTGGAACAATTTCATCAATGAGGAGAAAAGGCTGTTCACCCTGCCAAAACCTTTTGCCGGACATCTGGCACAGATGACAGCCGGAACTGCCCGGGGGATTCTGCATGCTAAAACCCAAAACACCCCCCTGAACCGTTTTATGATTCCCGCAACCAATGTTGAGGAGATGATCCGTGAGCATGTTGTCCTCAGCCTTGAACAACACGAGAACAATGGCCATGAATAAAATACTTCTCACTGCAGCACTGCTGCTTTCATCCCCCCTGGTGATGGCGGATGCTCCGCAGCCGGACAGCAGGGCCGTAACCGGCGAGACCTGCCGCATAACAGTTCGTGTAGCTGAACTGCATCAGCCGGAAGGACTTCTGGGCGTCGCACTCTACACAACAAAGAAAGGATTCCCCGACAAGCCGGAACGGGCATGGCAGTCAACAGTCAAGAAGCTTGACGGAAAACAGCCGGTTTTCGTTTTCGACAATATCCCCTACGGAACCTACGCCGTCAGTGTGCTCCACGATAAAAACAGCAACGGGAAAATGGACAAGACCTTCATCGGCATACCCAAAGAAGGGTTTGGCGTATCCAATAATCCCAAAATCAAATACGGCCCTCCGAGTTTCAGTGAGGCTGAATTCAGTGTAAAGGGAAAAAAGGTTGAATTGATTGTGGCCATGAACTATTTTAATAAAGACAAGGGAACTGAAAACAGCAGCATTGAGCAAAAGGAACTCCAATGAAACAGCAGCGTACCGCACTCTTTGCCATTCTCGTGGCAGGACTGTTCATGACCGGCTGCAATCCGACTGTCCGTGTTGAAGCTCCGGACAAACCGATTGTGATCAACATGAACATAAAGATCGACCATGAAATCCGGGTCAAAGTCGACAAGGAACTTGATTCGCTTCTTGACACCAAACAGGGATTATTCTAAACAGGAGGAACAGGGTGATGAAAAGATTACAGACTATATTTGTCCGCTTGAGCGCAATAATGCTTCTGGTTGTTGCCATGACGGCATCGGCATCTGCACTTGATCTTGATGCTGCAGCTGCACGGGCTAAAGGCCTTGCAGGAGAGGTTGACAACGGGTTCCTGGCTGTGCCTCCCGGTGCATCGAATGAAGCGGCGCCCGTCATTGCTGCAATAAACAACCAGCGGAGGGCAGAGTATGCTAAAATTGCCGCCCAGAACAATCTCGAGCTTCAAGTTGTCGGAACCATGATGTTCCAGAAAATATACCCTCGATTTCCGGCAGGAACCTGGGTTCAGATACAGGGCACCTGGAAACAGAAGGCTCCCTGATCGCCCGCAAATGTTTCAACAGTGAAATGGGCCGGAAGAATTCTTATTGCTCTGCTGCTGCTGTCGGTCATGGTAGTGACGGCAGCATGGCTTGCGTTTCCGATGTATGCCCCCGCACTTCTTCGAGGGGCGCTGCATGGCCCGTCACACACCATTGAGCTGAATGGACTCGGCAGGCCGGGACCCGGCGGAATTGGATTTACATCCATAACGGCCACAATTACCACCCCACCCGGCCCCTGCTCCCCTGACTCGGCTCCTTCCATATACAGAGCCTCACTCGGCAAAGGGAGAATTGGATGGAAGCTGAATCTTTCCTCACTGTTCGGTTCAGCCTTACTCAACGCCGATCTCTCGTTACAATCAGACTCCCTTGCCGTTCAGCCAGAATCGGGACAATTTGTTTTTACTGACCGCAATCCGGCTCTTTCAGCAACCCTTGCCGTTGCCCTTCAAAGAGGAGCTGCCCCAACCCTGACGCCAACATCTCTCTCCTACTCCATAGATGATGCTTCGCTACAGAGCGGTGCATTATCGGCAAAGGAGATACATTTCCCGCTGCTGTTGAACCCTCAAAAAGGGCTGACCCCAAGAGGAGGAACAATCCGTATCGGCAGTATCCAGAGCGGCCCGGACAGATTGCCTGTCGCCAACATTTCAGCCTCATTTCCTCTCCGGGCCGACAGCCTGC
NZ_CP041698.1_gap21	1096386	1098741	2355	AGATCCTCAACACAACGGCAACGGACCGGCCTCCCGGCTCTGATGTTTTTCATTGCAGGCAATTTCTGCCGCTCAGTCTTCAACACAGATTTCACCTCGTACCACCGCCATCAGTGTCCGAATCAGCAGCACCACAATAATGAGTATGAGAAATCCGAGTTCAAAAATCGCAATGCTCTTGAAAAACGGATTCATTGTCAGGTGGTACATCAGAAGCGTTGCAAGGGCCTTGGCTGCCACCGGGAATGAATAGGCCCACCATGAAAGGTAAAAATTGATTTTTGAGAGCATGGGAAGCTGAAACAGTACCAGCACAAACATGAAGAGCGAGAAATAATAAAGGATGCGGGCAAAGGCATCAAGCTCACCGCCGCCAAGCTTTACATACGCAATGAAGCCGATGGCAGGGGGAGCGAAAAGAATGAAGAGAGTAGGCAGCAGACGGTCTGGAATGGATGCGTGGAAAATCATCCGGTACATGACAATGGTAAACAGCGCGATCCAAAAAATTATACCCACCGCAAAGAAAAACCAGGAAACTTCAATAAAGCCATGTTTTACGCCGGCGATAGGGACTATAATGGCGCCAACAATTGGAATGAACCAACCGGGAGTCATATGCTCAATCTTGAAATGCGACTGATTGATCCAGCTGGAAATAATGAACACAGAGGCAAGAAGTTGAAGCACCACACCAGTTACCCACAGATAGTAGGAAACCTGCATACTGCGATCAAGATAGACAACGCTGAGGACAAGGCAGATTTTAGCTATAAGAGGAAAGAAGTTGACCTTGACCGGGTGGTTCCACTCCTTGACTATGGTATCGGGATGAGTTACTGCTTTTACCAGATAGACAAGACTGACAAGGCCGAAAAGGGCGAGAGTGAAATACAGAAGCCAGGCGTTTGCTGGTTCCAGCACTGGAAAAAGTCCGCTGCCTTTCTGGATGGCAAGAGTAAAACCTGCCATACCAAGAATGATGGCAAAAAATGTAATGTGAAAATTACGCAGCCGTAATGGCTGTTCTTCATATCCTGCTTGAGTAGTCATGTCTGAAGGATGGTGAATGTGAGGGGTTGATGTTGATGGAAAAAGTGGTCGTTCAGCCTTCTGCGATTGTGGCCGCAACTTCAAAAACAGGAGGGTCGAGAATGTGCTTTTTCACTGCGCAGAGATTGGCTGCAGAAATGACGGCAGTCCGATATTTTGCAGGGAAATCAGAGGGAAGATCTATGGAAAGAGAAATTTTGCCTACTCCTGTCCCGTCCTCCCGGGGTTCGTGCGACTGCACAATACGGATATTGTCGGTTGGAATCCCCCGCTGCTCACAGAACAGAAAAACATAGATTCCGGCACAGGTGCCGATTGAAGCGAGAAAAAGCGCAAACGGCTCTGGTGCTGAACCCTCACCTCCGCCATTGACCGACTGGTCTGTCTGGATAGTGAATCCGCGGTAACTGGCGTTTACTTTTTTACCGCCGCCAAAGGAGATGACCATATTGTCGCCCATAGCCGTACACTTCAGATAAAATTAAGAGAAAGTAACGGCATATGCCGTGCTGATGGGCAAATTATAAGCATATGCTCATAAGCAACCAAATAACCGATGAAAAATCACAAAATAAAAGAGGTCGGCGGGAGCTGTGGAACTTTCAGAATGCAGTGAAAGCAACGCCGGCTGCAAGCCAGACGAACAGCTCCGTGACTTCACTCACCGCGCCCAGAACATCGCCCGTTATGCCGCCAATTTTTTTCATGCTCAAAAAACCGATGAGCGCGGCTGCAGTCAATGCCGCACCGAAGAGGAGGAAGAGCAAAAACGGGTCACGATAAAAGAAAGGAAGAGTCATCATCAACGAGAGAGCCAGGGCCACTGCTGCATGAGTTCGGCCAGCACCCCCGACAAAACCTGAAGCCGTTCCCCCTTCCTTCCGGGCATACGGAAGCGATGCGGCCAGCAGCACCTGCGACAACCGACCAAGCAGCACACCAGAGGCAATGAGGGCGAACGCACCATGTTCGGTAAGCCGGAGAATCGCAACCCACTTCAACAGCATGAGAGAGAGAAGGGCAAGAGCACCAAAAGAACCGACAGTGGGATCTTTCATGATGGAGAGAGTCCTCTCACGGTCACCTCCACCCCAGAAGCCGTCAGCCATGTCGGCCAGGCCGTCAGCATGCATCCCACGGCTTACAATAAAACCGCCCACAACCACCACAGCAGAGGCAAGCTCACTCCAGCCAATGCTGAGCGGGAGCCAGGCGCAGGCGGCGAGAAGGGTGCCAAGAAATGCGCCGACAACTGGGAACCAGTAGAGGGAACTGCTGAAATTCTCCGCATCTTTTCCGGGA
NZ_CP041698.1_gap22	1189957	1193358	3401	CTGAAATCACCATTGCGGGAACGGCGGATGAAGTCCGATTACTTGGAAAGGTTCTCAGCGAAATGATGCTTCTTGCCACCCGGGACGGGGAAATATCAGAAAACGACTTCAAAACAATTGTGAACCTCGCCATTTCACCAGTTTCAAAAGAAAAAGCAGAGGGAATTCCGATTGACGACGATGTGATTGTTGCCTCCCGGGATTATGTTGTCCGTGCCAAAACAAACGGGCAGCGCCGTATGGTTGCCGAAGCCAAAACAAACGACATTGTGTTCGCCATCGGTCCCGCCGGCACAGGGAAAACCTACACGGCCGTTGCCGTTGCAGTGGCCGCATGGAAAGCCAAGACAGTCAAACGCATTGTCCTTGCCCGCCCCGCCGTTGAGGCTGGCGAAAGCCTGGGATTCCTTCCCGGCGACCTTGCACAGAAAATCGATCCATACCTTCGGCCGCTGTATGATGCATTGCAGGACATGCTGACCTCAGAAAAGCTGAAAATGCTGACCGAACGGCGCATCATTGAAATTGTTCCCCTCGCCTATATGCGCGGACGGACTCTGAACAACGCCTTCATCATTCTTGACGAAGCCCAGAACGCCTCAACCAAGCAGATGAAAATGTGCCTCACTCGACTCGGTATCAACTCCCGGGCCATCATCACCGGCGATGTCACCCAGATTGACCTGCCAAAAGAGGTGGAATCCGGCCTTGAAAACTCCCGCACCATCCTTAAAAACATCAAAGGAATCAGCTTTGTCGATCTCGACAAATCCGATGTGGTCCGTCACAAGCTTGTGCGCGACATCGTCAATGCTTACGAAATTCACGAAAGCAGATAGCAGAGTACAGACTATTTACTACATTGTCACGAAAGGGATTTCCCCTGAGCAAAGCAACCATAAACAATAAACCAAAGGAGCCGCCATGGCACATAGAATTACAGACGAATGCACCTACTGCGGAGCATGCGAGCCCGAATGCCCTGTCAGCGCCATCACACCAGGCGATGACCTCTATGTCATCAATGAAAGCGTATGCGTTGACTGCGTCGGCCACCACGATGAACCCGCTTGCGTGGCCATCTGCCCGGTCGACTGTATCATCAAGGTCTGAAGAACACATCGGTTCTAAAAAAAACCTCCGCCCCTTTATCTGTAATGGGGCTGGAGGTTTTTTTTTCAGCTTTGAAATATTGTATATTGCTCAACTTGTTCTGAGCTGAATCGTTCTTTTATTTTTTTTATCAACACATAAGCGAGAAAGTCAATATGGCACTCTACATTACCGAAGAATGCACCTACTGCGGAGCCTGCGAGCCCGAATGCCCGGTTACCGCTATTTCCGCCGGCGACGACATCTATGTCATCGATGCAGCAACCTGCACCGAATGCGCAGGTTATGCTGATGCACCTGCATGCGTTGCTGTCTGCCCTGCAGAATGCATCGTTCAGGGATAAGCTGACCCCGAAAAACAGCCGATTTCTTAAGCTGTCTGAACCAACAGACAGCTTTTTTTATGCCGTTTCAAAATCAACAACCGCCCGACCGGCCGCTGCAGTAACAATAAAATCCCTGACAGCCTCATGCAGGGGATGTATCTGATAGAGGGCAAGCGCCTGCATATCGGTAAACTCGGAGAGAAGCACGACATCATAGCCACCCTCTGAAACCTCATCGCTACGCCGGCCTCTATTCTCAACAAACCCGGAATCTTTCCTGAAAGCCCCTCAAGACGCCCTTTGATGGCCAGGGCATTTTCCCTTCGCCCCATTCCGTTTGCCTCTTCGCGGAGCCTCCACATGACAATGTGTTTCACCATACCTTTACTGCTCCCTGATATTTTTTTTCTCTTACTGCAGCTTGCTCTTCCCTCCCCACGCCGAGTGATCAAGACGACGCAAGCCACCCTCACCAGCCTCCGCAAAACGGCGGAAGGTCGACTCCGAAGTTGAAAACGCCTTTTCAAACATCTCCTCAGCTATGCCCCACCGGTCTCCGCGCGCGTTGAGCATCACAAGAAGCATATCCCGGCCATTTTTCTGCGCTCTTGCAATAAGGCACTTTCCGGCACGACGCGTAAACCCTGTTTTAATACCGACAGCATAGGGATACCGGGCAAGCAGTTTGTTATGGGTGCGAAGCAGAAACATTTTCCCGGTTCGATATTCAGGCACAATGACCGAACCAAGCATTGCCATATCATTGAAATGAGGCAGCCTGATGGCATATTCTGTCAGCACTAGAAGGTCTTCTGCCGTTGAGAGATTTCCCGAATACTCCCCGGTATCAAATCCGGCCGGGTTGGTAAAGGAGGAATGTTTCATTCCGATTGCCCTTGCCCTGTAGTTCATCGCCGCAGCAAAACCCTTCACACTGCCGCTCAGATGCATTGCAATGGCAAAGGCGGCATCATTGCTGGAACTGACCATAGATGCCTTGACCAGATCAATCAACCGAATCCGGTCCCCTGTCCTGAAACCAGCCTTTGAGGGCTCCACAAGGGTCGCCTCACGGGGAATTACGACAATCTGGTCAAGCTTTCCGCTCTCAATGGCAAGAACACAGGTAAGGATCTTTGTCAGACTTGCCGGCCTGATGAGCCGATCGCTGTCTTTGGACATAAACACCCGGGAATAACCAAGGTCCTTGATGATATAGGAATCGATCAACACTGGTACTGCAGCATCTGCAGTACCGGCCCGAAAGAAAAGGGAAAACAGGAGTATAACTGACACCGCCGTCATAGAAAACATGCGTTTAACGCGGCCAGACCCATTATGCATCATCCCTTCTTCTCCAATGTGAAATTCATTTTCAGCAGCCAACCCTTTCATCACGCACTCTCTTTTCCACCGCCTGCCGGCTTTGCGGGTCGTGGCTGTGAAGCGAGTTTTCCTCCATAATGTCCAAGCAGGGTTACCACGGGAAGCATTGAAAGGAGAATCCCGATATAAAGCCAGCGCAGAATACCGGCTTCTGCCATAACATCGGGAAGAGCAAGACGCAATCCCACCCCGGCGAAACAGAGAACAAACAGAATGATGGAAAGGCGTATCTTTTTCATGAATACAGGAGCTTGGCTCCCCTGTATTTTGTTTTCCAATCATGAATGCCTGAAGCAAAAGAGACTGGAATGGCCAGCAGCGTTATGATGATGATATGCTTGACAGTATGTTCAAAAAAACATTGCCGCCTGGTATGGCAAGCAGAAGATAGAGAACTGCCACGGGAATCAGTCCATTGCTGAAATGGGCGGCAATAGCGTGGAGCATGAAAGTTTTTTTCATCTCCTTGAAAAGGCTCTGTTTAGCCATAGAATATCCGTCTTCGGTGATTACATGATTGCATAGGATTGCTGAGCTGTAAGATAACAGCTATGAACCAATACAGAAAACCCGCTG
NZ_CP041698.1_gap23	1198144	1202229	4085	GCCTGTTCCCGACTCGAACTTGTCTTCAGAGCGGAACAGAGGCGCATCGCAACGACGACAGAGATACACTCCAGCTTCTTTATTGAGATAATATTTACCCGAAAACGCCCTCTCCGTTCCCTTATTCTCTATAACCCTCTTCTCGTCCGGTGAAAGATCATTATAGCTCACGCCATCCTCCTTTTGTGTTGGTGCAGTGCAGCCATATGCCGCAGTCAAAAACAAAATCATCAGTATAAGGTTCATACCAATTAAAACAGGATTAAAAGGAACTTGGTTCCTTGCACCATAAAAAAAGCCGCATCGCTGCGGCTTTGACAATGAAAAGGAATTGGAAATTCAATTAGTCCTCTCCCTTTCTTTCCGGAGCAGTGGAAGATCCAGGCCCGTTTGATATAAACCCGGCGACCTTGCCAACCAGCGAACCAACAGCAAAAGCGCCAAGTCCGAGAACAGCAATACCGGCAACCCCGCTCAATACCGGACCCACAACTGGAGCGGCAAGCGGAGCGATAGCAACAGCCCCACCAGCACCTATGGTCTTTTTCACCATATCAATCTGACTCTCATTCATCATTTCAGGATTTAAATATTCTTGAAAACCCAGCCTATGGATGAATATATCACAAGACCCATCATCAATACAAATCCCCACGCACTCCATTCCCCTCGCTCGTGCCGGATTCAAACAAGCATTTTGCCAAATCATTTCCAATCATTACCTTGACAGGCTGTTTTCATGAGGGCAATTAGCTCAGTTGGTTAGAGCGCTTGCTTCACACGCAAGAGGTCAGTGGTTCGAATCCACTATTGCCCACAACAACCTCACCCGCCAGATCTCGCTCTCCCCTCCCCGTTCTCCCCGCCAGCCGGAATCATGAAAAAAACTGCCAGGTTGGCAAAGCATCCCATGACCAGACCATCAATCCCGTAAGGAGCCTGAAACACACTGTTCCATAAAAGAGCCGTTGCAATTCCAGCTGATGCTCCTCCAATGAACCTGCTTTTCGTAGCCCTGAATCCAAGGATGGCAGCACCAAGAGGAACCACTACGGTAGGAGCCCAGAAGTTATAGGCATAGATGAGAATATCAAGAACGCTTTCAATTGAGAGCGCGAAAACAACAGCGGCGACCCCCACAATAAGCGTCGTTGCCCTGGCCAGAAACAGTTCGGCAGAAGGCGCCAGAGGCGTTCTTCGCAGAGGGGCCACAAGATCATTGCTGAACGCTATTGCCGCCCCATTGAGGAAAGAGTCGGCTGAAGACATGATGATGGAAATGATTGCTGCAATGACGATACCCTGCAGCACCGGGTGCAATGAAGCCTGCACAACAAACGGCAGGGCAAGATTTGGATTGATTCCCGGGTCGAGCGAGAGAGCAACAATGCCTATCAGTCCGGTCACGGCGAAAAAAGGGATGGAAAACAGGCCGCTGAAAAGCGTTCCTTTAACAACATCTTGATCGGTCCTGCCGATAAGAAGTCGCTGTACATAGGGAGGAACCAGAGTTTCACCGAGGACGAATGTCAAAAAAAGAGAAACAAGGGCTGTAATCGCCCCCGGGCTTGAGGGCAGCTGCAGATGGGTCGGTGGAATGCGCTGGATCATGCTCTCCCATCCTCCGGCGAACTGGATTCCATAGAACAGGGTAAGAGGGATGCCTACCGAAAGCACAATAAACTGCATCACATCGGTCCAGATAACCGAACGCATGCCGCCAATGGTGGCATACGCTATGACAATGCCGCATCCGATGAGAATGCCGCTGGTGCGGTCAATGCCGAGAAAAAGATTGAAGATGTATCCCATGGCGCCAACCTGTGCGCCAAGAATTCCCGCGCAGAGAACAACACCGAACAGCCCGCTGAATATCCTCGCCCCCTTTCCGTAATGGGGCTCCATAATATCGCCAACGGAAATGGCGTCAGGATAGTGTTTCATTCTTGGAGCAATGAAAAGCGCAACAAGAACTTCCTTGAGGCTGAACCCCCAGAGAGCAACAATATTGGCAATGCCGATCAGGAAAACCTTTTCAGCATTGCCCATGGAAAACCCGCCACCGATGAATGATGCTGAAAGGGTGGCAAAAATAACCATAGCCCCGAAAGATTTTCCGGCAACAGCATACTCCTTGAGCCCGGTTATCTTACGACCGGCAAGAATACCGACAAGAAGGACGGCTGAAAGATAGATGATGACGATACTGTTCTGCATAGGGGGAGAAGAGAGAAGTTAAGGCATCGAAAACACATCAAGAGAAAGAATATAGTAAACTGATGACAGCTTTACCTCTCTTCCCCCCCCGGTGTGTTGACATGCCGCACCACTCGTTCACCGGCCTCTTTCGCTGCAGAAGGGTTCCGGCTTGCATCCACTACCTGCCCATTAAGCTTCAATGGGCACCATATCATAGGAGCACGATTCAGGAACGGTCATCAGTATTGAACCATTCATCTTCGCTCCTGCGTTGACATTGATGGTCCCAATGAGAAGATCGCCGAATATTTTTCCTGTTGAGGAAACAAGAAACTCTCCTGTAACCTCGGCATTTCCTCTGAATGTTCCAGCTACTTCCATACCGGCAGCCTTGACATTGCCTTCCACAAGACCTGATTCCCCGATGATCACACTTGATGAGGAAATGATGTCGCCAAGCACTTTACCGTAGATTTTCAGTTCCCCGTCAACCGTTATGTTTCCAGTGAGTGCAGCACCCTGTGCAAGAATATTCATTGATGAAGCATTGTCTTTGTGCACAATATCCGAAGCAAAAACCTCTGTCTGCAGATCTTCCACAGATGGAATATCAAAATCAAGATCCAGCTCCTCTCCACGCCCATTCAGCTCTGCCAATCCCTCCCGTAAAAACGCTTTTTCAGGAGGCCTTTTGTTTGAAGAGAATAACTGTTTCAACACCACTATGATCGTTTACTTGTGATTGGGAAACTGATTCTCCAATCCCTGATCAATACAACAGTAAGGGATCGCTTTTTGACAACAGCAATTCCTGTACCAATGCCGGCAACGCCCGGCTCAGAATGGTGCGTATAAAACCGACAGCCGCTGGAACGGCCCATTCTGAAACAGAAGGGTTCCATTATGAAGCACTATCCTGCAGTGGAAGCGGGCATACTTGAGAGCTCCGGTGACTCAGTACTCTTCTATATAATACTCACCCGGGTCATCAGACTGGTGGCGCCTGTAACCGAACTGTTCCAGCCAGCGGGATATGCTGCTGACCATGTCCGGCTTACCGGAAATGAAAAAGTGGGTCCATTCCGGGTCGGGGGTAATGTTGAACTCGTTCTGGAGAAAATCGTTTTCCAGCAGGTCCTCTATTCTGGAGCGCTTCCCCTCCCAGCCATCATCAGCATCAGTAAGGGTCGGAACATAGAAAAAGTTGGGATAACTTTTCTCAAGGAACACCAGCTCGCTGAAATACCCCAGATCCTCACGGTGCGCAGCGCCCTGAATCACAATCATCTTGCTTTCTGGCCGCTCAGCAATGTGCGTACGCAGAAAACTGATATATGGGGCAATACCGGTTCCCGTAGCCACCATGATAATATCGCTCCCATCCGGAGTTTCATTGAGCAGAAATCCGCCTCTGATGGTTTCACCCGCATGCAGGCGATCAGCAACTTTCAGATTGAACAGGCGGGGGCTTAGCTGGCCTGACTTGACCTGAGAAATGTAGAACTCAAAAAGTGAGGTCTCCGTGGAGTGTGAAGCTATTGCGTAAGGACGGCGAAGGAGCTGTTCATGCGGCACAGGATTGGCTTCCGGCTCTGAATTCAGAGAACGCCCTTCATTGCCGTAAAGACCCAGCAGCATGTTCTGACCGGCAAGAAACCCCTGCCGGGGTTCATCAGTAGCAATCTGCAGAATCATCAAGTCGGGTGTCACCACTGTGACAGCCCTTACAGTGGCGTTGTAGGGAATACGCTCCATCATGATCTCCTTCTGTTACCTGTTGACCCATACCACAAGACTACCCGGCATATACCAACTCCGATGCGACAAAAACCGTTCACGATTGTGAATGCACCCAGCCACCACCAAGGGCCCGGTAGAGTTCGGCC
NZ_CP041698.1_gap24	1368523	1372989	4466	ACAATATATGATTATGAAATGTAACAGGTATATTGTGAATAAAAATCATCATGAAAGCATCAGCAGCAGAGCGGTATTTCCAATGGGAACTTGATCAGGGAGTAACTGCCAAAATCCGTTACACAGAGCAGGGCACAGAGCAGGCCGGCAAACCGCCCATCCTTTTTCTGCACGGTTATGGCGGCATGATAGAACATTGGGACCTGAACATCCCGGAGTTCGCTTCGAACCATAAAATCTATGCCATGGATCTTATAGGGTTCGGACAATCCGAAAAACCCAATGTCCGCTACAGCCTGGAACTGTTTGCCACACAGATAGATGCTTTTCTGGAGCTCAAAAAAATCAGCCGGGTGGTCATTGTAGGCCATTCCATGGGGGCAGCAAGCGCAATTTTCTATGCCCACTACAAACCCGGCAATGTAGCGGCTCTTATTCTTGCCAATCCGTCGGGTCTTTTTGGCGACACCATGGACGGCATGAACAGCGTTTTTTTCGGACTTGTCGCCTCCCCGCTCATCGGCGAAGCGCTGTTTTCGGCTTTCGCCAATCCTCTTGGCGTTGGACAGAGCCTGGCTCCTACCTACTACAACCAGAGCAAGGTTGACAGCAAACTGGTTACTCAGTTCACCCGCCCCCTTCAGGACCGTGGAGCATCATGGTCATACCTCTCTCCATCACGGCGTCCGAATGACTTCAAGCTCAACCATCTGGAAAAACCCTCTCACTACAAGGGGAAAACCTTTCTGATATGGGGAGCTGAAGATGTGGCTCTGCCGCCACATAAAATCATTCCTGAGTTTCAGGAACTTCTGCCGGAAGCTGCTGCATTCATTATACCTAAAGCGTCACACTGCGTCCACCACGATGCTCATGAAGCATTCAACCAGCGGCTCCGCCAGATTCTCAACACGCTCTGAATAGTGCCGTCAAGAGCCGCCGCCAAGTGATGTCCCGCTTTGTTTGAAACGGATGTCGCGAAGCTGCGGCGCCTTCAGGCCAATCTGAAGTGAGTAACTCTTGAACTCGCCGAACGGGACCCACTGAAACGCCAGCTGCCAGCAGTGGAGGTCGCGATGGATTTGCACCATCGGAAACGCCATCTCGTTTTTCTGAAGGTCATAGCCGGCATTGAGCCACAGCTGCCAATGGCTGGAAAGGCCGAGTTTCACCATGGCGTTGAGCAGCGACATTGTTTCTGCCGAATCTGTCCGGCCCGGATAGTTTGAATCAGTCCTGTCTTTGCTGAGGAGCAGCGACATCTGGATCTGCCACGGCAGGGTGTAATCAATGTCACTGAAATCACCCATGTTCATGCTTTCAAGAAATGTCGACTGATTGGCATTCATGACAAGCGGAGCCGCGGAGCTCCTTGAAGTGCCCGATACTTCCCCCCCGGGCCTGTCTCCTTCAAAACTCAGACTCATGTTGACAAACCCTTTCACAAAACGCATGATGCCATACCCTTCAGAACTGCTTGAACGGTCGATTCTTTCTCCGGTTGAGGAGTTGTAGCTGTAAGGGTCATACATCCCGCCCGCGCTCAACAGGAAATGATCAGAAAAAGGAGTGACCTCGGCTCTGAGGGTGAGGGGGGCCCACTTCAGTGAATCCGCTGCTGCATTGTATTCCGTTCTTGCTGTCAAGGAGAGGAGTTCCCGGCTCCTGTCGCTCCCTTCTTCTCCTTCAATACCGGGATACTCGCTGCCACGGAATTTCCCGTGAAGAAGGTTCTTGAGCGAAATGCCCAGTGTACTCTGGCCAGCAGGCACTCCGGTGAAGGAGGGGGCCTCGAACCTGCCGAAAAAGAGGGGGTTGTACCAGCCGTAGGGGTCATAGGAAAAATCAGTGCCCGAAAACGACGGGTTCCATGTATAGCTCACCGTCGGCACAATGGTATGGCGCAGGGCTTTCAGCCCCATAAGATGCTCAAGCCAGGGAGTGTCAACCGTGCCATAGAGCCGGGTGCTGATATCGGTGGAAAACACCACAGTTGACGAGGTGGTGGCGGAATCGGATTCGGGCTCGTAGTGGACAAAAGTCAGCGACGGGTTCACATTGAAATGACGGTAGAGGGTAGACTGCATCCGCAGCGGCATCACGACTCTTGCTCCCGTATAGGCTGTGGGGTAAAGGGTGGTATCGGGCTCGGCATTCTGAATGCTCAGCCCCTGGGTGAAGAGTGCGGTGAAGTTGTCGGAATAGCGTTTGTAATAGCCAACATCCACATTGGCATTGATGGCATTGCCGGTTGACTCGGTGTCGCCGGATGAAATGAAGTCTCCGGCATAGGAAACTCCGGTTGCGACGGAAACATTCGAGCGCCAGTCATTGGAGGTCAAAAAGGGATATATCCTGTTCTGGAAATACGAGGAGGCCACCCTCTGTGATGAGTTGTTGTTGCGCAGATCCTCTGACCGGTTGTATGAGAGCTCGGCAACACTGTTGTTGTCATGGAATGTTCGTGAAAGTGAGGCTGAAGCATTCGACTGTTCAGTGACAATGGTCTCCGAATCAATGGAGTTCAGGTCGGTCTCCCGCTCTCCTCCAATAAACTGCATGTTTGCGTTGAGGGTGGTCTTTGCGTCAATTGCCTGACTGTGGATGATCCGTGCGTTCCAGCTGCTGCCTGCCTCCTCTTCACTGTATTCTCCTGTCAGTGAGCCCGAATAGTCTCCGCTCTTCACATACCGGAACCGCTCGCCGATCCTCCAGTCGCCACCTGCACCTATATCTCCCTCAAGGCGGAGATCCATGTAATCATTGATGGCCCAGAAATACCCGAGATTCGAGAGCATGAATCCGTCGCCATCCACCCCCGGCCGGGCAATCAGGAACCCTGACTTCCTGCCTGATGAAATGGGAAAGACCATGTAGGGAAGTGGAAGGAGGGGAATGACGGGAAGACGGTAGGAAAAAATTTCAGGGCGGACATACATCACAATCGGCCAGGCTGAAATCCAGCTGTCGGGCGCAATATGTGCACGGGAGGCTGAAAACCAGTAATGTGGTTCTTCAAGGTCACAGGTAGTGAACGAACACCCTTTGATGCTTAAATCGCCGTCGGGAAGGCGGGTAACATCATCGCCGTCAAAAATAATTCCATTGGACGATGAACTCGCCTCAAAGGTGCGACCCTTTCTGGTATCAAAATTATAGGTAATTACCTCACCGCTGAACCCCCCGCCGGAATCCGAAAATGCTGCCGGGTCGACAAGGGTTTTGGCTGAATCCGTTTTCCCGTATGCCGTCAGGGTTGAGGAGGCGTTGTTGATGATGATTTTCGGCGCTTTGATGGTAGCCCCTTCATGCGTCACAACTCCTTTTCCCCATAGTTCAAGCTTCTTGGAGTCAAGCAGGTATACCATAGAATCCCGGGCAGCATAGACCACAGGACCTGAAACCCCTCCCCCGCTGCCGGAAAGGGTATCGGGCTGTGCTTTAAACAGCCCGCTGAATGGCTTGACTGGAGAGGAACTGCTGCTATCAGCTGCTGCAGGCTCCTGCCCCGAAGCCGCAGGAGACAAGCCGAGGCTTGAAAACGCCGGAAGAAAAAGGGTCAGGAGAAGTATCCTTATGGATTGTTGCAAGCTCTTCACGGAATGGCTGTCGGCAGTCTTTGGTTGTGATATTCTTGAGGAAATTATTAAATATAATTTTTATTGCCGTATGATACGGTACTTTCTGACAATCAGGGCTCTCCAGCCTGCTGCTGCAACCACTCGCATACAACTCATGTCGCCATCAACCTACTCTGCTCCCGATCACGCTGGAAAATTCGGTGAATTTGGCGGGAAATTCATACCCGAAACCCTTGTCCAGAACGCAGCGGCACTGGAAGAGGCATACATTCAGGCAAAAAATGACCCGAAGTTCCAGCAGACGCTTGACCGTCTTCTGGCCGATTATGTCGGCCGCCCGACACCCCTGTACCATGCCGAAGGGCTGTCAGCAAAATGTGGAGGCGCACGGATTTACCTCAAACGGGAAGATCTCTGCCACACCGGTGCCCATAAAATAAATAACGCTCTCGGGCAGGTTCTTCTCGCCAGGCGCATGAACAGAAAACGGGTTATCGCTGAAACCGGCGCAGGGCAGCATGGCGTTGCCACTGCTACCGTCTGCGCGCTCTTCAACCTTGAGTGCGTCGTCTACATGGGAGAGGAGGATATCCGCCGCCAGGCTCCTAATGTTGCCCGCATGAAGCTCCTTGGTGCCGAAGTCCGTCCTGTGACGAGTGGCTCAAGAACCCTCAAAGATGCCACCAGCGAAGCCATCCGCGACTGGATGAACAACCCCGAAGAGACATTCTACATCATCGGCTCCGTCGTCGGCATGCACCCCTACCCCATGATTGTGCGCGATTTCCAGGCAGTCATAGGCCGCGAAACCCGTCGCCAGATTCTCGAGCAGGAAGGCCGTCTCCCTGACCTCATCACTGCATGCATAGGGGGCGGAAGCAACGC
NZ_CP041698.1_gap25	1374243	1378559	4316	TCTCCTGTTGCTTCTTTCGGGGTTTCTGGTCTGGGTGTTCGAACGGCGCAACAATCCCGACAACTTCGGTGGCGGGCCCGTGGAAGGCATCTGGTCGGGATTCTGGTGGGCTGCTGTAACCATGACCACCGTGGGATATGGCGACAAAGCACCCAAAACCCCTCCCGGACGGATTGTTGCTCTTATCTGGATGTTCACCAGCCTTGTTGTCATTTCCGGCTTCACCGCTGCAATGACAACCTCCCTGACCGTCGGCTCCCTCGGTACCGGAATCCGGCAGGTTGACGACCTGTACGGAAAAAAAATTGGCACAGTCAAAGCATCAACCAGCAGCAGATTTCTGGATGAACTGGCAATCAGAGGCCAGAACTTCCCAACAGTCAACGATGCGCTCCACCTGCTTGAACAAGGAAAACTCGACGCCGTCGTCTACGATGAACCCATCCTGCGCTATCTCATCACAACAGGAGAAATCCACGGAATCAAGGTTGTCAACCGATCGTTCCGGCATGAATATTATGCCCTCGCCCTTCCCCCAAGAAGCACGGAAAGAGAAACGCTCAACCGGAACCTGCTCGAAATAATCAATTCGAAAGACTGGAAGGAGATCAGGTTCAAATACCTCCACAACGAGTAACCCGCTGACTCTTTGGGAATATCCCCCCATTTGTTAAATTCAAACCCCCCGAACTCCCTCAAAAAAAACACCCCGGAGAGGTGGCAGAGTGGTTGAATGTGGCGGTCTCGAAAACCGTTGTGCGCGCAAGTGCACCGAGGGTTCGAATCCCTCCCTCTCCGCAAAACCCTTCCGCAAGGCAGGGTTTTGGCTTTCTGGGAGGGATTTGAACCCGAAAAGAGGGTTCGAAAACGGCCAAAGGCCGTTTAGACGGCGAGCGAATGCGAGACCGCCCCTTTAGGGGTGGAGGCCAAAGGCCGGAATCAATCCCTCCCTCTCCGCCAAATCGTCTTGAACGACGCGATTGCCGCGTTTGGCGGTGCTCAGAATCCTCGCGTACTCTCAGTACGCTCCGGGTCCTCCGCTCCGTCCGCCTTGCACTCACATCGTTCAACACAATTTGATCTGTGCATCAAGGGTATCCGGGAGGGATTTGAACCCGAAAAGAGGGTTCGAAAACGGCCAAAGGCCGTTTAGACAGAGCGCGAAGCGTCTCTGCCCCGAAGGGGTGAAGGCCAAAGGCCGGAATCAATCCCTCCCTCTCCGCCAAATCGTCTTGAACGACGCGATTGCCGCGTTGGGCGGTGCTCAGAATCCTCGCGTACTCTCAGTACGCTCCGGGTCCTCCACTCCGTCCGCCTTGCACTCACATCGTTCAACACAATTTGATCTGTGCATCAAGGGTATCCGGGAGAGAATTGTGTATTATCCCCCTACGCCACTCAATAAACAAGTATATGACTATATGACGAAGGTTAAAGATATCGACCCAACTGCTGCTTTTGCGATGACTAAAAAAGGTGCGCTGCTCATTGATGTGCGCGAAGCCCGTGAAGTGAAGAGAACGGCTTTTGATGTTGATGAAGTGATGCTGGTGCCCATGAGCCGGTTTTCGGGCATGATGAAGGAAATACCCACCAACCGCAAAGTGATTCTTGCCTGCCATACAGGAAGCCGCAGCATTATGGCAGCCCGCATGCTGGAGAAGCATGGGCACAAAAGAGTGCTCAACATGCAGTATGGCATTGCAAAATGGGAACGCACAGGTCTGCCTGTCAAAAAAGCACCGAAACAGCCTCCGTTCGCCTGGCTGAAAAAGCTGTTCGGTAAACAGTCCTAAGCATCCTGTTCCAATGCCAAATAAACTGCTTATTGTCCAAAACATCCGGCATGAAGGCCCCGGGCTTCTTGAAGAACTCGTGCTTCGCCGCAACATTGCCACCCGACGGGTTGATCTCTCCCTCGGCGACAGCGTTCCTGATCCCCTGCATTTCAGCGGCATGGTGGTGCTCGGCGGGCCCCAGAGCGTCAATGACGACACGCCGGCCATGCGCCAGCAGCTGAGGCAGATTGAGCAGGCTCTCTCTCACGGAATCCCTTATCTGGGCATCTGCCTCGGTATGCAGGCTCTGGTGAAGGCGGCAGGCGGCAGGGTTGTTCAATGCCCTGTGCCTGAAACCGGCTTTCTTTCCCCATCGGGTGAACCCTACCGGATGGTGGTAACAGAAACGGGGGCCGGGGATGCGCTTTTTGATGGCCTTGGCCAGAGGTTCAGGGTGTTTCAGCTGCATGGTGAAACTGTTGAACTGGCGGCAGGAACCGAGCTGATCGGACGGGGAACAGAGTGCCCGAATCAGGCGGTAAAAGTGGGTTCAAAGGCGTATGGTCTCCAGTGCCATTTTGAGATGACTCCCGCCTCGTTCAGCCAATGGATGGAGATTGACCCTTCGCTGAAGGCGATGGAGAGGGCGCTGCTTTTCAAACAGTTCAATGAAGTGGCCGATGAGTACCGGGCAACAGGGCTTCGGCTTCTTGGCAACTTTCTTGATAGTGCGGGATTCGGGGAGAACAGGAAACAATGATCGATCCACGATGCATTTCAAGACTGAACGAAGCAGAAGAGAAGCGGGGCCCGGTCATCTACTGGATGTCGCGCGACCAGCGGGTGCAGCATAACCGCGCGCTGCTCTTTGCGCAAATGAAGGCGAAGGCTCTCGGCCAGCCTTTGAGGGTCGTCTTTACTCTTGCGTCCTCTTTTATCGGGGCAACCTATCGTCAGTACCATTTCATGCTTGAGGGGCTCCGCGAGATTGAGCTCCTCCTGGGTGAGATGAACATCGGGTTCGTCCTGCTGCAGTGCAGCCCGCAAAGCGGTGGTCCGGGAAAGGAACTTGAAGGGTACGCCGGCAGTTCCGGGGCAGGATGCGTTGTGACCGATTACTCCCCTCTCAGAATCAGCCGGCAGTGGAAGCAGCAGGCAGCTGCCTCACTCAAGGTTCCGCTCTACGAAGTTGACGCTCACAACATTGTCCCCTGCCATGCCGCATCAGGAAAACAGGAGTATGCCGCACGCACCTTCCGCCCGAAAATCAACCGGCTGCTCGAGGAGTTCCTGCAGCCGCTGCAGGCAGTTGAAGCAATGCCGCATAGGGCCGAGCTGCAGAAGGTGAACTGGAGGGAGGTTTTGCCAACCTTTCAGTCGACAGAACGGTTGAGCCGATCGACTGGCTGAAACCCGGAGAGAGAGCCGCCGGTGAACATCTCAGGCGCTTCATCAGCGAGAAGCTTCCCCGATACTCCGAGCTTCGCAACGACCCCACGGCCGAAGGTACATCACTTCTCTCCGCCTACCTGCATTTTGGTCAGCTCAGCGCAGCGCAGGTTGCCCTTGAAGTTCAGAGCAGCGGTGCCCCGGAAGAGTCGAAAGCTGCCTTTCTTGAGGAGCTGATTGTCCGGAGGGAACTGTCGGACAATTACTGCGCACATCAGGAGCAGTACGATGCCTACGAGGGGCTTCCAGGATGGGCCCGTCAGAGTCTGGAACAGCATTCCCTTGACCCGAGGGAGGCTCTCTACTCCCCACAGGAATTTGAAACGGCAGCAACGCACGACCGTCTCTGGAATGCCGCCCAGAAGGAACTGCTGCACACGGGGAGAATCCACGGTTACATGCGGATGTACTGGGCAAAAAAAATTCTTGAGTGGAGCCCGTCTCCACGGGAGGCATTTGAGACGGCACTATGGCTGAACGACCGGTACGCACTTGATGGAAGGGACCCGAACGGGTACAGTGGAGTGGCTTGGTCAATCGGCGGCCTGCATGACCGGCCGTGGTTTGAGCGGCCGGTTTACGGGAAAATCAGGTACATGAACGCTTCAGGGTGCAGAAGGAAGTTCAATGTGGAGCGCTACATTGCGAAGCAGGGGGCTGGTTAGCCAAGTGTAAGGTCTATGGTGCGGCGCTGCATGTCTACTTCATGCACCTTCACTTTTACTTTCTGGCCAATCTGCAGGCGCTTTTTACGGCGTTTGCCGACAAGTGAGTAGGATTTCTCATCAAATTCGTAGTAGTCGTCTGTGAGGTTGCGCATATGCACCAGCCCTTCAATGGCAAAGTCGACCATACGGACATAGATGCCGTATTCGGTTGCTCCTGAGATGACACCGGGATAAACCTTGCCGGTATGGCTCTGCATATACTCCACCTGCTTCAGCTTGATTGATTCCCGCTCGGCTTCAACGGCAATCTTTTCCCGTTCATTGGAAATGCGGCAGACCGTCTCGATTTTCTGGGTCAGTTCAGCAATCCTTGCAGGGGTAATCTTGCGGCGCTTTTTACGGAATGCTTCGTACTCAAAGA
NZ_CP041698.1_gap26	1380566	1384979	4413	GATGGACAGTTCAGCAAAAAATCAGCAAATGAATGGGTCAGCGGAATGCGGGATTCCGGAGAAAATCTTCTGGAGGAACAAACCCCACCACCCTGCTGCCGGGAATTTCCGTTCCGGCTTGATCAAAAAAACAATGGCGGGAGGGCCGAAAACACTGAACCGTTTCATCAAAAGGCGGTCATCCTCACTGTTGGCGGTTACATCAGCCTGCAGCAGCGCCATTGAACCAAGCTGCTTCATGACTGCCGGGTCACCAAAGGTGACATGCTCAAGCTCCTTGCAGGAGACGCACCAATCCGCATAAAAATCAAGCATCACCGGGCCGGTGGTGGAGTTGAGCAGGCTGTCAAGCTCGGCCGACGAACGAACCGGAGAAAACTGCAGTGTTGCAATCTCTTTCCTTTCGCTGGATGAAACGGGGCGGATTTCCGAGAGTGGCTGCAGCGGGTTCCTGGCTCCCGATAGAGACCCGGCAATTTCCAGAATGCCAATTGCAAGCATGACAATGCCAAGGGCATGACGAAACCTGCTGCCGGTGGTGGGCTTTTCTGGCAGCCGGCTCATCACTCCCAGAAACACCGCAGAAAGAATGGCGAGAGCTCCCCATAGAAACAGAAGTACCTGTGCCGGCAGCACCGGAGTCACCATCCAGATGGCAACGGCAATGAGAAGGATGCCGAACACATATTTCACCCCCTGCATCCACGCCCCTGCCCTCGGCAGGAGCCACCCGGCGGAAAGACCGATAAGCAGAAGCGGCACACTGATGCCAGCCGCCATTGAAAACAGTGCAAGGCCGCCAATCACCACATTTTTCGTCTGGCTGATATAGACCAGCGTGCCAGCCAGCGGTGCCGCTACACAGGGGCCGATAACCAGGGCGGAGATTGCTCCCATGAGAAACACCCCGAGAATACGACCGCCCTTCAGTTTGCCTGAGGCTGCGCTCAGCCTGTTCTGCATGGACGAGGGAACCTGCAGCTGGTATACATCGAACATTGAGAGGGAGAGCACAACGAGAAGAGCGGCAAAACCTGCAAGAACGGCAGGCTGCTGAAGGAAACCGGCAAGTCCCTCGCCGGCAAGTCCCGCCGCAATGCCCAGAAGGGTGTAGACCAGAGCCATGCCGCCGCTGTAGACAAGAGAGAGCAGAAAACTTCGCATCCTCGTACTCTCCCCTTCTCCGGCAATGATGGAGGAAAGGATGGGGAGCATCGGAAGAACGCAGGGGGTAAAGGCAATCAGCAAACCGAACACAAAAAATGCCAGAGCTATTTTCCAGAGACTCCCCTCCATAAGGGTAGCCGTTGCCAGAGAGCCTTCTTCACCCTGAAAGGAAGCCACGGCCGGTTCAGCCGGGAGTGTGGGCTCAGGGTTTATGCCAAAGAAGCCCGTTTGATGAACCGCAGCAAGAGACCCCGGCTTTGCGGGATCCACAGTGAATTTCGTTGTTGAGGGGGGATAACAGAGCCCCTCTTCGGAACACCCTTGATGGGTAACACTGAGCCTGAAGGGTCCCGGTGCGGCACTGAAGGGAACAGAAACATCAAGCCGGTCATGATAGATGACAGAGGGCCCGCCCGTTTCGGAATCGACTGTTGCTATCCCTTCGGGCAGTTCGGGAACGCCGATCTCCGCGGAGCCGCCCTCGACCACAATCCTGATCTGGTCACGATAGAGCTTGTATCCTTCGGCTATCTCCCAATGGAGGGACACCGAACCGTCAGTTTCAAGAGATGCGCGGAGCCTGAAGGCTGAATCGGGATCCAGAAAATCGGCTGCCCTTAGAGAAACGGCACCAACGAGAAGGCCAAGAAGCGCCAGAAGCGGCAAGAGGATACGCCGAAAGCCGGCACCGGTGGAAGTAAAGGTTTTCATGCAGGTAAAGTACGCTTTTTCCAACTTTTCCATAACCCATAGAGACGAGCCGAAAGTGAAGATTTCTTCTCACCAGAAAAATAAACACATTATTCGTCATAGAACACGAGATCAACACTCAAGAACACAGCCCTTATGCAGAATATTTTTTCCGGGTTTCAGGCAACGCCGACTCATGAAGCGGTTGAAGAGCTGCTTCGCTCGCCTCATGTGCGGATTGAACGCATTGTTTCAAACGGCCAGGCCTCTCCTGAGGGTTTCTGGTACGATCAGGATGAGTCGGAATGGGTGGCCGTTCTGGAAGGCAGAGCTGCAATAGGATTCGAAAACGGAGAAGCCGTCGAGCTTTCAGCCGGAGACGCCATCACCATTCCGGCTCACACAAGGCACAGGGTGCTGTGGACCCACAGCGAACAACGAACCGTGTGGCTGGCGGTCTTTTACCAGAGCTAAAAAAAAGTAGGGGACGTTGTTGAATAACGCAAATAAAAAATGAAGAGGCACAGGGCCTCCACTCAATGCATCAAATTGATAGTTATTCACGATATTCAACAACGTCCCCTAGTTTTAGAGGACAAAGGAAAGCCCTGTAAGTCGTTATCTTACAGGGCTTTATGTGGGGTGTGGGCGATAGAAGATTCGAACTTCTGACCTCTACAGTGTCAGTGTAGCGCTCTAACCAACTGAGCTAATCGCCCTTCCTTGGTGAAGGGCTGTTAATATATGACACACTGCGTACATTTGCAACGCAAAACGGGTTCGCGCTGCTCTTTTATGCAGTTTTTTTCTTCTTCCCGTCCTCTGTGAGGTAGGTTGGGGAACCGGTGCCGTCAATGGTATCGGCAGTAATGATGCATTTGCCGATCCCTTTCATTGAGGGAAGTTCGAACATGATGTCAATCATCACATTTTCAAGGACGGAGCGCAGGGCACGGGCTCCGGTACCCCGCTCCAGAGCTATGGCAACAACCCTGTCAAGGGATTCGGGAGCAAATTCGAGCTCAACGCCATCCATTTCAAACAGCTTGGCATACTGCTTGATGAGAGCGTTCTTCGGCTCAACGAGAATGCTGCGCAGAGCGTGTTCATCAAGTGGCTCCAGGGAAGAGAGAACAGGAAGACGGCCGATGAATTCGGGAATGAGGCCATATTCGTGCAGATCGTCCTGCATCACGAATTTTAGGATTCCGGGGTCGTATCCAGCCTTTTTATCTGCAACGCCGGCACCAAATCCCATTGATGATTTCGACATCCGACGGGCTATGAGACGGTCAAGCCCTTCAAATGCCCCTCCGCAGATGAAGAGGATGTTTTTTGTGTTGATGTTGATGAGCTGCTGCTCGGGATGCTTCCGTCCCCCTTTGGGAGGAACACCGACAACGGCACCTTCAAGAATTTTCAGAAGCGCCTGCTGGACACCTTCTCCCGATACATCGCGGGTAATGGAGACATTGGCGGATTTGCGGGCAATCTTGTCAATTTCATCGACATAGATAATGCCCCGTTCAGCCCGCTCAAGATTGAAGTCGGAGGCGTGAAGCAGTCGGGCGAGAATGGTTTCAACATCGTCTCCCACATACCCTGCCTCGGTAAGGGATGTGGCGTCAACAATGGAGAAAGGAACTTCAAGCAGATTGGCAAGCGTCTGGGCAAGCAGGGTTTTTCCTGTACCGGTGGGACCGATAAGCATGATGTTGCTCTTTTCAATGACAACCTCGTCATCGTCATGCTGCCATTCCTGGGAATCAATCCGCTTATAATGGTTATAGACGGCTACTGAGAGGGCTTTTTTAGCCCGCTCCTGGCCGACCACATACTGGTCTAGCGACTCCATGAGTGCTTTCGGGCTGACCAGCTTGACAGGAAACGGCTGATCTGCTACCGGTTCGGGGTGCTGTATGGCGCTGAGTTCTTTGCGGAGAATATCATGGGATGTTCTAATGCAGCGGTCACAGATAAAGGCATTCGGGCCGGCAACCATACTGTCTACCTCCTGCGAACTTCTTCCGCAGAATGAGCAGTACACAGGTTCGCCAGGACCGCCGGATGTTCTTGCTTTTCCTTTCGCCGGAACTTTTTCTCTTGTCATCTAATTCTTGTGCGTCAACGGTTTATTGAAATCTGACAGGGCTCACAGCCCCATATTGGCCAGGCTGTCGAGCAGATGTTTGATGGTCATGCTGAGCTTGGGATGGTCCGCCTCGAAGTGCCCGACGGCGTCACTCATGCGTTCCATCAGCGGCTCGTCTTCAGCTGAGGGACATTCGGTCTGTTTTTCGCTTATGTTACGAATGTCATCGCGAAGGGTGGAAAGAACTCTGGCGGTAGTGTCATCAACACATTCAACCTTTTCCAGCTCGCGATGAAGCGCCTGAAGCTGTTCCCTCAATTTTTCCTGTTCCATATCCTGTTTCTGAGTTCTGAGTGCCTGGTTCTTAACGGCTCTGGTTTGGTGGAGAGATACCTTGTATAACTGCTGGAATGTGCAGATAGTTTAGGGTAGTGAGGTTTCTCCCATGAGAAAACGATCGCACT
NZ_CP041698.1_gap27	1461022	1464585	3563	TTCTCAAGCAGCTGATCACCTTCGGTCTTGACGGGATTGAAATCATCCATCCCTCTCACGACAGCTACAAGCAGAACTACTATCGTGAAATAGCCAATGAGTATTTCCTGCTCTTTTCCGGAGGCTCCGACTTTCATGGCCTCAAAGACCGTGAGGATGAGATATTCGGAAAACTCACCATCCCCATGGACTGGGTAACAAAAATGAAAAGCCGGCTGGTCAAGGCCTGAGCATTGAGCAGCCAGCACTCATGATTGGTGAATTGATGAACATTTGCTATACTCACGACTCTCGTTTCAAGCCGCACTGCAGAGGCAGTGCGCACCCCAACACACACTGCACATGCCGGTAACTCTCATACGGAACATCGAAAAAGACCTTGTCTACAGGCTCAAGGACTTTTTCCTCACCATGCAGGATTTTTTCCTCTTTGGAGTGCGCTCATTCCTTACCATTCCCAAAATCAGACGATACTGGAGAGACTTTCTCGACCAGGCAAAAATATGCGGGGCCGACTCCATTCCAATCGTGCTGGTCAGCGCAATCTCCATCGGATCGCTCCTGGCCATTGAAGTAGGCAACCTGCTTGAGGATTTTGGCGCCAAACCATGCTTGGCCGCTCAACCTCCATCTCCGTCATCCGTGAACTCGGCCCCCTGCTTATGGGTCTGATGCTTTCAGCCCGCTTCGGCTCACGGAACGGAGCAGAGCTCGGAGCCATGAAAATATCAGAACAGATTGATGCCCTCAGAGCGTTCGGAACGGACCCCATAGCAAAACTGGTCATGCCGCGCCTCGTCGCCGCGCTCATCATGTTCCTGCCGCTCACCGCCCTCTCCGACTTTGCCGGCCTCTACAGTGCAGCATACATGGCCGAACATTACCACCATCTCGACCCGGGAATCTTCTGGAACTCGGTCTACCCCCGCCTTGCACTGAAAGACTTTGTGGTAGGCTTTGCCAAGGCTCCGGTGTTTGCCGTCATCATCACCCTTGTCAGCAGTTTCAACGGCTTTTCGGCAAGCGGAGGCACCGCGGGAGTGGGCCGCTCAACCATCAAGGGAATCGTCGTCTCCTCGGGGCTGGTTCTGATTGCCAACTTCTATGTTTCAAAGATCGTGCTGGAAAACATGTAACTGAATGATTGAATTACGCAATGTCAGCCTGAAATATGGCGAGAAAGAGATACTGCACAGCGTCTCGCTCACCATTGAGGACAACACAATCAAGGCCATTCTCGGCCCAAGCGGCGTAGGGAAAAGCACCATCCTGAAGCTGATGCTTGGTCTCATGCGTCCCACATCGGGCCAGGTGTTTGTTGACGGTGTTGAAATTTCCAGCCTGTCGGAGGCAGAACTCTTCCCGATACGCCGGAAAATGGGCATGGTCTTTCAGGGCAACGCACTGTTCGACTCCATGACAATCAGCCAGAACCTCGGGTTCTTTCTGCGTGAAAACCTCAATCTACCTGAAGAAGAGATACTGCGCCGGGTTCAGGAACAGATCCGCTTCGCCGGCCTTGAGGGATATGAAGAGCAGCTTCCGGAAAGCCTCAGCGGCGGTATGCGCAAACGGGTTGCAATCGGACGGGCCCTGATTTTCAAACCGCACATGATTCTCTTTGACGAGCCGACTGCTGGACTTGACCCCGTCAGCTCGAAAAAAATTCTTTCCCTGATCAGCTCATTGCGTCAACACAACAACCTGGGAGCCGTCATCGTCACCCATATCATTGACGATGTCTTCAATGTTGCCGACTGTGCCGCAGTGCTGTATAAAGGGGAAATCATTTTTGACGATGCCGCCCCGAAACTTCATGAATCGGAACATCCGTTCATCCGATCCATCCTCTCCGACAAAATTCTCGAATTGTAAACGACTAAAGAACGCCACAGGTATGAGAAACCCCAACGCGCTGAAATGGAGCGATCTGAAAACCGGAATATTTTTCATTTTCGGCATAGGCTTTGCCGCCTATCTCGGGCTGGTCATAGGCAAAAACAGCAGCCTCTTCACCGGAGTCACCACAGTCAAGGTGCTTGCCGGCAACATGCATGGCCTGGCTGAAAACAACTTTGTCTCCGTATCAGGCAAAAAAGTAGGTACGGTATCCAAAATGGAATTTGTCGGAAGCCATGACTCACTCTATGTCGTAGCCGACCTCCGGCTTCGCAAGGAATTTGCGGGGCTGGTCACCAAAGACTCGAAAGCCACAATCAAATCTCTTGGCGTTCTGGGTGACAAATATGTTGACATCACCACAGGAAAAGGAGCTTCAGTTGTGGATGGCGACTTCATAGCCCTCAATACCGAAGACGGCATGGCAGGGCTGACCAGCGGCGCCAAACAGGCAGTAGACCGCCTCAACACCCTCCTTGAACAACTCAACAGCGGAAAGGGAGTTGCCGGACGGCTTATTTCCGATGAAGCAATGGGCGAAGAGCTTGCCGGCACCATCAAAAGCCTCAGCACGACAGCTGAAGAGCTTGCCGCAATGTCGAAAAAAGCCGCCCATGGAAACGGACTGCTCGCAAAACTCATCAATGACAAAAAGCTTGCCGACAACACAGAAAACACAATTGCCCGCCTGAACCATGCCGCACTGCAGGCCGACTCAGTCATGATGCGCATCAACAGCGGCGAAGGCACACTCGGACAGCTTCAGGAGAACCCTGCACTCTACAACAACCTGACCAAATCGCTCGGAACACTCGACACCCTTCTTGCTGACTTGAAAAAGAACCCCGAACGCTATGTCCGATTCACGCTTTTTTAAGCGTCGGCAGGTCGGCCACCCATCACCCGCCGGCAGAGGAGTCAAGACACTGCTGCTTCTGCTCTGCCTTGCAGCACTCCCCTCCATTGCCCCCGGTCATGATTTTACGCCTGTTGAAAAGCTTCTGCAGGAAGGGGTAAAAAAACAGGTCTTTCCCGGAGCATCCATTGCCGTTTTCCATAAAGGAGAAACTGTTTTCCACCAGGCATTCGGCAACACCAGATGCACCCGTCACCCCACTCCGGCCGACACAACCACCATCTATGACCTGGCCTCCCTTACCAAGGTCATAGCCACAACAGCCATTGCAATGCAGCTGGCTGAGCGCGACTCGCTTGACATCGACCGTCCAGCCTCCCGCTACCTTCCGGAGTTCGGGAACCACGGAAAAGAGAGCATTACCGTTCGACAGCTCCTGACACACACCTCAGGCCTTCGCTCCCACGCCGACTATATCGACTCCTGCCGAACCCAAAGTGAGCTCTTCAGGGCAGTCATAAACGACACACCTGTCACTGAACCGGGAACACTTACCGCCTATAGTGACAACGGGTTCATCGTACTCGGTAAAATCATTGAAGCCATTACAAGAAGAAGCCTCGCCGACAACTTCAGAACGCGGTTTTCCGGCCCCCTCAGCCTACACTCCACCTGCTTCACCCCTGGCCGGGAACTTCAGTCGAGAGTAGCACCAACAAGCCGCACCAACGCCTGGAACCTCAACTGGAAACGCCCGCTGGTCAACGACCTCAACGCCGCAATCATGGGGGGAGTGGCCGGCCATGCC
NZ_CP041698.1_gap28	1543774	1548093	4319	CGCTCCGCCGCTCAGGACATCCATCCCTTCAAGACCGGAGAGTACATTCGCATCTGCGCTTCCAGTAATGGAGTCCCCCTGTGCTGTACCGGTGATGTTCTCGATTGCCGTTGAAATGTATACGGTCCCCTCACCAAGTTCTCCGACAACATAGGTAGTAAAGGTGCCGTCACTGTCAAGGTCAAGGGCAAGGGTGGACCCGCTGGTCATGTCCAGAGTCAGGCCGTAATCGTCCTGCTGGAACACAACCGTATCATCAGTGGCTGTAGTGCCATCCACAACATAGTTGCTGGCACTCTCCATGGCAGTGTTGCCGTCATTGGTGATGGCTTCGCCGTCAATATGGTCCGCCTCCGCTTTAGCCAGAACATAGGTATTCAAGGGGAGGGTGGCCAGAAGTTCTGTCTGGAGAGCACCGGTGAAGGACACCCCGTCGGCGTCCACACCAACATGATCGACAGGAACATCGAAACGGTTGTACTCTACCGCCAGTGACGCAGCGGCATTGTAATCGGCGCCCTCCTTATCGAGAAGGAGGGCGGTATCGTTGCTGTCGAAACTGTTATTCGTGACCGTGACATCTGCCGCGGCAGCGAGACCATTGATATCGATGCCAACCGTAGACGATGCAATGGTATTGCCGGTAATCACCGCCGCCGCTCCATAGGTGTCTGCAAGCGCAATGGCAGTGTCAAGGTTGGTGAAATCACTGCCCGTGATTGAGACGCCAATTGCGGCACCGACAGCCACACCAACCGAGCTGGTGGCTGCATCTGTACCGGTGAAACTCACGTCCGCGATTGTTGCGCCGGATGCGCTGACCGTAACCGCAGCCACGTTGCCGACCGTCTCGAACCGCACACCCTGGAGCGTGACGTTGGCCTCGGCGATGGTGAGTGCACCGGTGAAGGTCGCCGCATCGTCCGTTCCGGAGCCGATGATGGTGAGGCCGCTGACGAGACCTTCGCCCGAGCCGTCAAGCACCACAGCAGCGCCGTCTGCAACAGCAATGGTCAGGCCGGTGTTAGTAGCTGCAGCAAGAGCAGCATCGAACGAGCTGTATGTGCTGAGCAGCTCTCCCGTGCTGGCAATCAGTCGGAAATCCATTGCCAAATCGACAGCAGTGCCACCTGAAACCGTGACCGCACCGGGACTGACAGCAACGGCACCGCCTTTGCTGACAACCTCGACCCCTTCATAGGTATCGGTCCCGTCTGCGTTACTGGTGACCGTGACTGAAGCCGTGGCCTCGAAACGCGCGTCACCCGAGAGGTAGATTTTGGCATCAGCCGCAACCACCGCCATGTCGACGCCGGAATCAACAGCAGAACTATCGACATACTCGGACGCCTTGCTTCCCGAGAAATAATCATTCCCGGCCCCTCCGATGAAGATGTCGCTGCCGAGGTCGCCGAACGCACGGTCGTCTCCGGTGCCACCGACGATCACATCATCTCCAGCTCCGCCGAAGATCTGGTCGTTGCCGCCCTCACCGAAGATGTAGTCGTTGCCGCCCTGTCCATACAGTCCGTCGGCACCCTCGCCGCCAAGAATGACATCCGAGTATGCGGAACCTTTCAGGGTATTGGCCGCAGCGTTGCCGATGACTTCAGCGCCGTCGAAAACAAGATCCGTGCCGGCTGGAGCAGTGCTGTTATCGGCAAGGGTGCTGACTCCGGAAATCGAACCGTTCGTTGACGTAAAGGTGACCGCGAAATCATCATCGTCGTCGCTCAGTGCGCTCGCATCAAGATCAAGCGCATAGGAAGTGTATCCCGGAATATTGACGACCTTGAAGACTTCGATACCAGTGGTCGTGCTGCTGATGATCAGGTTCTGGTTATTTGCCGTCCCCTGGAACTGCAGGGTATCGATACCTGCGCCACCGTCGACACTGTCGCCGGCGTAATCATCGACCGGATCAGTATTCGCCGAAGCGGTTGTCGTATATGAACCGTTATAGTAAGCAACAGCTATCCTGTCAGTGCCGATGATGATTGTATCGTTGCCGATGCCACCACTGAGGGTATCGGCTCCTGCTCCACCCCAGAGCACATCGTCGCCTGCGCCACCGGTCAGGGTATCGTTATATGCACCGCCATAAATGCGGTTTGCGATGTCGTTGCCGGTTCCCGTAAAGCCGGCGTTCACCGTCGTTCCGGTATAGCGGAGTATGTCGACATCATCGGTAAGCGTGTAGGTACCGAGTGAAGTACGAACTTCGTCAGTGCCTTCGCCCGGATCCTCAAGGACGAAATCGTTTGCCCCGGTAACGATGTAGATATCATCGCCTGCATCACCCTGCAAGAGATCGGTACCGCCACCGATCAGGTAGTCATGACCCTCTCCGCCTATCAGATAATCGGTAACGAGGGCATCGGACGAAGTCGCAACCGAGGTACCTGAAATCCTGTCATTTCCTGCAAGGCCGTCAATGATCTGGCCACTGATGATGTAGGTAGTCGAATTGGAAGTATTAGCATCAGCGAGAGTAACGCTCTTCTCCACATTCGTTGCAAGCGCATAGCCCGTCTCGGTTGAACTGAACGCGTCCAGAGTATCACCATACGCAGTCGAATTCGACCCGATCTGGGTGACGTCGCCGTTTGGATTGAGCAGGGTCACGCTGGAACTGGTCGAGAATGCCGCAATCTGATCAGCGGTCAGTGAGATATCACCATTACCGACAAACGCGTCAACCCCATAGGTACTCTTCAGTGTGGCAATCTGTGTGGGCGTGAGCGCGGCCAGATTAGCCGAACTGTCCTGAATGGTGAGAACATCAATGCTTCTGGCCGTCGCCGGATCAAGATTGAGAACTTCAAGGTAGGTGCCCGTAACCCGGAAATCGCCCGTCAGCGTAAAGGCCCGGCCGCCCAATACCGAAGCGTCCATGTAAGCAGTACCGCTATCGGATACTTCGATGGTGGTGTAGTTGGGGTAGCCGTACTGGTCACCCGTATAACCGGATGCCGTCATGTCCAGCACCGCGGTATTCGAGGTACCTATGGCGTTGATGGTGGAAACGCTGCTGAGGTTTGTCCCGGTATCCTTAAGGGTCGTGATCGGCACATTCAGCCAGAGGTCCTTGTCGGCAATGACCTTCGATTCAGCGTAGTTGACCGCAACGGAAGCAGCCATCATGATGAGATCACCCGTCGATGCAACCGCAATGGCATCACTAAGCGCTGCGTATCCGCCTGCACCGATAAGACGAGCCGACATGGTAACCGTCGTGGGAGCGGCCTCGGTGACAAAATTGATGACTTCGATGCCACGAAGCGTATGATCTACTCCATAGGTGTCGGAAACGATTTTAACATAGGTGCCCGGAGATCCAGAGAACGAGTAATCAGAAACGGAGCCGTAGTATGTGATTGTATCAATGCCCGTACCGCCATTGAACTCGGAATGGTCCCCGAACTCGTAACCCGTGATGTTGATTGTCCCCTGTGTAAGGCTCGTGGCGTGGAGAATGATGTTTTCCGTACCGTCGGCGCTGGCAGAAGAGACATTGAGCACCTCACCGGCACCGACAAGCTTGTTGTCGATGATGACTGTCGGCGTGGCAGTTCCCGCATCAATAACGAGTTTTTCGATGCCTGATGCTGAAGCTATGTCGGTGAAATCATACGAGCCACTCGTCTTGACCATAATTGTATCGGACCCATCTCCGCCGCTGATGGAGTCACCCGTCACCTCATCAATTGCGCTGGAAGTTGCATCCGAGAATGCGCTGTATGCGAACACATCATCTCCATCGCCACCAAGCAGGCTGTCCGCACCAGTCCCACCGGCAAGCACATCATTGCCGAGGCCGGCATCAAGCGTATCGGCACCGGCACCACCGCTCAGGGTGTCGTTGCCACTGCCGGCAACCAGGCTGTCGTCACCATCACCGCCCGACAGTGTATCGTTCAGAGAAGTGCCGGTGAGGGTATTATCGCCATCATTGCCGGTAATGCTGACTGCAGCAGTCTCGAGTGAAGCGTCGACATCCAGGCTAACCGAACTGTCCGGAAGCACGAAGGTGGAAACCGTGTTGTCGGTAGCTATTTTAACGACCTGTCCTGCCGTACCTGCAGCAGTAGCATCAGCAAACGTTGCATAGGCCGCAAGCTGGGTTGTGCCGTCGGTATCGAACAGCGCATAATCGTAAACATTGACCGCTACCAGCTTGTCGACACTGGTTGCATCACCTTCCGAACCAGTGTCGGTCACCCTGACCGTAATATTCCCACCATCAACCACATCGGCCACCGTGAAGGTGATCTTGCCGTTCGTCGCATCAGTAGTCGCAGTTGCAAACTCCGCTCCGG
NZ_CP041698.1_gap29	1560547	1562904	2357	TGCAGCCCGAAACATCATTGAGCAGTACGGAGGGGAGGTGACGATGACAAAGACAGGGGAACTTTCGATCACAGTAACAATCAGCATACCTGTTGCCCGAAATAAAGAGTATAAAAACAACACCGAATAGGGATGAAAAACATACACACTGAAAAACAGGGGAAAAGCATTCTTATCGTGGAGGATGACAGGGACCTGGCAGAAAGCATAGAAATGTACCTCTCTCTTGACGGCTACCAGGTTACCATGGTCGCCAACGCAATCAGCTGCTATATGGAACTCAGCAGATCTACATACGATCTTGCGTTGCTCGACCTCTCCCTTCCCGATCAGGACGGGCTTGTACTGGTCCGCTACCTCCGCGCCAATACCCCGACCGCCATCATGGTTCTCTCAGCCCGTTCCACCATTGACGACCGGCGAATGGGATACGATGCAGGGGCACATGTTTTCATTGCCAAACCGGTTGACTTCAAGGAGCTCGTTCAGTTGATAGCAGCACTTCTTGATTCCATGGCCAATGACAGTCAGACCCGGGAGGTCGCTGAAACGGAGCCTCAGGAAGAGCCATGGCTGATGCTTCGCAGTGACTGGGATCTGGTCTCACCCTCCGGATCGCATACGCATCTGACAGCAAAAGAGCGGGACCTGATTATTCTGTTCTCCGCACACTGCAATGAAATGATATCGAGAGAAAAAATTCTGAAGGCGCTTGGCTACACCAACAACGAATATGGCCACCGCTCACTGGAGTCCATACTGTACCGCCTGCGCAAAAAAACCTCGGATACGGGCACAAACCCAATCAAAACCTTTCACGGCAACGGGTACGGGTTCATGGCACCGCTGGTGGTTATTTGAGCAATCGGCAATGGAGGGGACCGGCAGGTCTCACATCTTCTTCCCCTCTCCCTTCGCCAATTCACCGATAAGGGAAAGAATCACGAAATGCTGGCGGTGGAGCTCCGCCTTGTAATCGAGGGTCCTGATGGCGGTATCGATCACCTGCTGCTGGGCCGCAACCAGGTCATTGAGGGGCCTGCGGCCTGCGAGGAACTGCTCCTCATAGGCTCGTTGTGTTTCCCGCTTGTGGTCAAGCTGGGCCTGCAGCGCCTTGTACTGCGGGATGAGCGCCTCGCGGTTGGCATACGCCCGCCTCAGGGCAAGTTCGACTGCACGCTGGGTGTTGTCGTACTCGGAACGGGCCCGCTCCATCTGGCTGCGGGTGCGGGCCTTGGTTGAGCTTTTCAGACCGCCGTCGAGAATATTGTGGCTCAGCTTCAGCCCCACGAACGAATCGTAATAATCACTCTCATTGCGCGTGACATCGTAGACTGTGAGGTTGGCCTCCACCTCAAGGCGGGGGTAGAGCGCGCCCCAGGCCGCCTTGTAGTCCGCGGCAGCCGCATCAACCAGAGCCTTCGAGCTCAAAAGGTCGGGGTTCTTTCGCAGGGCCGCATCCATCCCGCCCGACATGCTCATCGGGATGGGAGCGAAGACATCAGGAAACGCGAGGACGACCGGCGTGCCACCGAACACCTCCTCATAGCGGGCACCAGCCTCTGCCCGCCGTCCTTCAAGCAGGACCACCTCGTTGCGAGCCTCGAAGACCCGGCTGTTCATCTGAAGCATTTCGCTCGGTGCGTCCCGCCCTGCATCAACTCTCGCGCGGATCATGTCGCGCAGCCGGCGCACCTCGGACAGGTTCTCCCTGGCGAACTCAAGCTGTTCCTGGAGCTTTGCAAGCTCGATCATCGTAGCCACCGCGCGCAGCGCAACCCCCTCCTCGGTCGATACCCGCCGCTCACGTGCCGCCAGAGAGCGGGCCATAGCGGCTTTTCCCCGCGACGAGGTCGCTCCACCGTCGAAAACCAGCTGACGCACTGTCAGGTTCGGGTTCAGGCGCACCTCGTCGTCAACCGGAAGATCTGAGACCGTCGCATAGGGTTTGCCGTCACGGATCGAGCGGCGCAGGTCGGTGTTCAGACCGAGCGACACCTGGGGATAGAGCTGAGCCTTTGCCTCCCCGATTGAAGAGATGCTCTCCTGCTCGGCATACTCCGCAGCACGCACCGAAGGGTGCCTGGCGACAGCCTCACCCACATGCCGGCGCCACTCTTCAAGCTGCAGGCGGGCCACCTCGTTGCGTATGACGGGCATGCTTGAATCAAACACCGGAAGGGCGCCGTCCTCTGACTCGACAAGGGCCCAGGGGGCAAGGTCATGCGGCGGAGGCATCCCGGGGCCTCGCGGGAACGGCTCGGGAGCCGGAGCTCGGGGCCGGGCTCCTCCGCAAGTGATTCGTCCTTGATGAGGATCTCCCGGGAAGGCGCTTCCTGCAATGAAGACGGAGGCTC
NZ_CP041698.1_gap30	1565434	1569792	4358	CGGAAAGCGAAAACTCTCCCGTCCATACCGGTCCGGAGGGTGAGCCAGGGCGTCCTGTCCGGGGTCCGGAAACCACCTCTTCACGGTATGCCGCCCGTTGGGCAACGGCTGCCTGTTCCTCGGAAAGTTTGGCAAGACGATTCTGCTCGGCAACATACTCCCTCATCTCGGGGCTTTGCGTAATATCAAGAGCCTCCTTCCATGCCTTTTTGGCTCCGTCAAAATCGCCAGAGCTGGAAAGTTGGACTCCGCGCTCATAAGCCTCCCTGGCCTGAGCTTCGTTGGCGGCATTTCGTTCAGCTATTTTACGCTCCCTGATGAGGGCTTCAACATTCTGAAGCTTTTCCCCGGCAAGTCTGCTCAGGTTTTCCAGCGTCATTGCCGAATCGTCATGCGTCCCCACCCGCTCAACGGCATGAACCGCGGAAAAAGCGGTCAGGGATATAAAACAGGCACTCAGGACGGCCCTGTAAACAAACAATTTCATCTCTGCAACTCCGGTTTTGATATCCATGATAACAGCTTTGCCTTGTGTTCTGTGAGGCATGTCATTGTGACTGCCACAGAACCGTTATGTTGGCTTCAAGCGCATTCTGTGCATACAGCAGCAGAAGGTGCACCGAAAGAAAAACGACCTCTATCAGAACAGGTCTGATCCATAGCCTATCCGGGCCTTTAATGTAAGTGGTTCAGTACGGGGGATTGCGCGTATGAACTCCGGAAACATACCATACTCAAGTTAATAAATATACTCTTTACATATTTAAATCAGAAGCCTGCCCCTCAATTTCACAACCCCTCAGTAAATCAGGGGGACTGTCTAAAACCCTGTTTCACGGATAACAACGCCCACTGCTGTTCGCCAGAGGCGCCAGAGGAAGCTTTCCGGACTGGCCTCAACGACCAGCGTGCCGCGGAACTGCCCTTTGGTCTGCAGGCTTTTGCTATCGGGCTGCCAGAACATCCTGTAGAGTGCCTGTTCGGGAACAAGTGCGCCGCTCCTCATTATTCTGGCCGGTATACTGCCGCCATAAAGCGAAGCAAGCTCCGGCCGTGCAAGAACGGCAGCCCCCAACCCCTCAATCTCCCTGATCCTTCCACGGACAGGACGCATGTCGGGGTTTTCAGGATAAAAAATACAGGAAGCACCTGCCTTGATGCGCTCCTCATCACCCTCAAAAAGATAGCCTTCGCCGACGGCACCGCCCATGCCAACAAGACTGAGCAACGGAGAATCGGCTCCAACCCACTGACCGGGAAGCAGGTCGAGCGCAACCCGCTCAACCCTGCCGCTGAAGGGGGCTATTGCAACAAGCTCCCTTTCCAACTTACGATACCCTGCCAACTCTTTTTCAGCCGTCTCCAGCGCCCTGTATGCCACAAGGCGCTTTGAGTAGAGCTGTTCATCGGCTGAAGACGCTGCAATTTCCCAGCGCATCATCTGTACCTGCCGTTCAGCCTGCCCTGTCCTGAACTCAAGTTCGGGGGAACGAAGCCGCACAAGGAGGTCCCCCTTCCGGACCCTGTCTCCGCGGCGTACACTGAAGGTATCGACAATGGCATTCTCTGGTGCATAGAAAACGGAATGCTCCCCGGGAAGAAGCAGAGCAGGAGCATGCACCGAAAAACTCAAGGGAAGAGCGGTTCCTGCAAGGAAAGCAGCCAGAACAGCCGCCACCACCTTCGTTCGAAAGTTCCACTGCATCCGTTCCCGCAAGGCCCACCATGCCTTCAGCTCCTTGAGAACCGGCAGGAGAACAAACCACCCTATTTCCACACAAAAGAGCAGAATCCCGAGGAGCTTGAAGACGAAATGGTAGACGAGCAGCGCAATGCCGAGAAAAAGGATCAGGCGGTACACCCACACCCCGACGGCAAAAACGATAAGCAGCCATTCGGTCCGGCGGTCCCACTCCTCCGGCGGAGGATCGCCAAAGCCGAACAGGGTCTCGCGCAGCCACCAGCGGCCCATGGCAAAACTCTTGTCGAACAGGTTCGGGATGCCGACCCAGTCGGAAAACAGGTAGTATCCATCAAAACGCATGTAGGGCATGAGGTTGATGAACAGGGTATGGACCCATGAGGTTGTAGCAAGCATCAGCGCCGCACTGCGCAAAGCTCCGTCAGGAAGAAACCCCCAGAAAAATGTAGCCAGCACGGCAAGGCCGAGCTCAGCAACTATACCGGCAGCACCGATGGCCATCCGCCTCTTCCTGGAGGTAAGCAGCCATGCCTCGCTCGCATCGGTGTAAAGCATCGGGGTCAAAACGATGAATACCACCCCGATGCTGCCGACCCGACAACCATAACGGTAGGCTGTATAGCTGTGGCCAAGTTCATGGACCGCTTTGGAGATAAACAGGGCAAGGCCGAAAAGAATGAAGCCCGGAAACGAAAAAAAGTAGTTCAGGGAGTGGGTGAACGCCTCCCACTGGCGGCTGGCAAGCCAGATGCCCATAAGAGCAATTGCCCCCATAAGCGGAACCATCCACGATGAATAGAGCCAGCTCACAAAGGGATAAGTTCTGGCAAGAAACCGTTCAGGACTGAAAAGATGTAGGCGAAAATAGAGATAGTTATGGAACAGCCACTTGAGCTTTGACCACCGCCCCTTCAAGGTAGCCGCCTTCAGCTTCGAACGCCCTGCCTCACCACGGACCTGCACGAGTTCATGCATAGAGAGGAAACGGCCCATTTCCTCTATATCGGAAGGTTCCGCATCGAACATGGTCTCATCAGTGATGGAAGCTGCAATAGCCTCCGGCTCACCACTGCCCCATCGCGACAGGATTTCAAAACCGAGCGGGTCTATCTGGAAAAAACGGTTGCGCCCTGGATCGTGCAGAATCCAGGCTGGAGAACCATCACGCGACGAAGGGCCTGGATGGAGAGAAATGTCTTCGCGGAGCGATGGAAGCTGCGCCGGGGCTGATAGGTCCATAGCTATACCCCCAGCCATTGTCGGATGGCTGCCAGCGGCCTTCGGAGCAGGTAATAGGACATCGCCACATGCCTGCCATACACCTTCGCAGTGCCCTTGAGACCAATTCTCGGCAGGCGCCCGCTGTCGCGGAATTTCGCTTCAAGGTTGTAGACCATGCTGCCGTCCGGTCTGACCTCAGGGTCGTATGAAGCGTATTCAAGTGTACAATGAACCGGCCAGATGGGGTTGGTGGAGAGAAAGAGAACCACATCCGCTCCGGGTTCAAGCGATATGGCGTCATTGACTCCAAGCCAGATGTTGAGCTTTGCCTGTCCCGGGTCGGTGATGCTCAGGATGCGTTCACCTGTTCTGACAGGCCGTCCATTCCAGTCGTCCTGGTTCCCGTATACCGCTATTCCCGATTTTTCAGCAGCAATCACCGTCCGCGACAACTGTGCCGCCGCATATTCCTCCTCTGCACGAAGCCGTGACACCTTCACCCTCAGGATAGACATCTCCGACATGTTATCCCTCGAAAACACCGCCTGCTGGGCGGCCCTGCGGTACTCAGCCTCGGCAACCATGCGACCCTGCCGTGTCACCGCAAGAGCATTCTCAAGCGTCGTTCTGTCCATGCTCACAATCCGTTGCCCTTTCTTCACATCGCCGTTGGGAGACACATCCACGCTACGCACCACCCCATCGATGGGTGCACGCACCACCCATGGGTTTCGGGCGGAAACTTCCGCCGGTGCAAGAGCAGACATTCTAACAGGGAACAGGGCTACGAACAGGAGACCGCCTGCAATCCAACGGGTTCTCTTCCAGTCTTTACGAAGGAACTCTTTCACCGAAGCAATCGAGAGCGTAGGGCGGTTTTTCGGACGAAGTGCATGAAGGGCATGGCCATAAGCCTCTGAAAGAAACGCGGCAAGGGACGGTTCATGAGCAGCGAAAGGCGTTGCGCGGGCAAGCACGAGAATGCCCGTCAGCTCACCACCGGGAGCGACAATGGGAATGGAGAGCAGATGGGCAGGCAGCCACGAAGCCCAGCTTCGAGCCACATCATCGGGCATATCTTCAGCCGTAATGGCCTTCGGGGACATTTCATCCTTAACACTTTCCTCAGCCGCCACTCTATGCAACTCAACCATAAGGCGTTCAAGCCACTCCACAAACGGGGCATTGCGCTCTGGCAGGCTGACACCCGAAAGGGCTACAACCCTACCAGAAGCCGCTTCCCAGAATGCCGCCTGGCGGCAGGGCACGAGCGAGCCCGTCTCATTCACCATGACATAGCGCAATGCCTGAGGGTCTTCCGCCCTCCGCGCCATACGCCCCAGGTCAAGGAGCTGACTGAGTGCATTGATTCGGGTATCAGCAGCCATAAGAGCGCATCTTACTTGGGCGGATTAAAAATGGCATAACCGCTCAT
NZ_CP041698.1_gap31	1600871	1601962	1091	TCAACCATTGTCCCCTCCATGGTGAAGCGGACGATAGTTAAAGAAGACGCGCCGCTATCGTCAGCGATGTACATATAGGTGCCATCGGTGGCAATACCACGAATGGCGATGCCGGAGGCAGGGCTCCCGTCTGCATTTTTCAGGGCGATGCCTGTCGAGCTTGCCTGCTGGATAAGATCGGAATCGGGATACAGGAACAGCGGGTCATTAGCTCCAGTGAAATTGACAGTATATGTCTGAGTGGCTGTAAGCGACCCGTCGCTCACGCTAACCGTAAAACTGTCCGATGGGGCCGCACCGGCAGGGAGCGCATCAACACTGGCCACAACGGGTACGAACAGGTACTTGCCAGTAGTGCTTTCGATGTATATGGTTCCATAGCTACCGGCCTTGCTGACATCGTAGGTTACGCCTCCGGATGTATAGCCGCCACCCGTGGTACCGGAACTCACCCCGTAAGTCAATGTGGTACCAGCGTCCAAATCATTGCCCGACAGTTGCCCAGACAGGCCACTCGTTGAACCAAGGGTGCTGCTGTTAGCCATATCGGCAACTCCCCCTGCGGACACGGAAGAGATGAGCGGAGCATCGTTCATTCCGTTCACGGTAAACACCAGTTCTGCCGTATCGGTCAGGCCCCCGTCAGAAACCGAATAGGTAAAAGTATCCGTTGCAGACAATCCGACGGCAATAGCATCTGCCGCACTTGTATCAGCGCTGTATGAATACGAACCGTCCGCGTTGATGGTCAAGGTCCCGTAGGTACCGGCAAGCGATTGACCCACTGTACCCGACGTACCGGAATCGGCCTCCGTCCCGGTCCTGATGGCACTCACCGAGAGCTGGTTCACGAGCGTGGGGGAACCGGCCAGTGTCAGATCATAGTCGCCGCTCTCCGACGTCACGGTTCCGTCCTGAGCCCCGGACATGTCCCAATGGGCCGTTCGGGTGGTTGTGCCGTCACCGGCAGTGATACTCACGCCATAATAGGTGCCGCTGAACACCTGGGAGGTGCTCCAGCCGCCGCCGACGCTGTCCTGCTCCTGACCCAGAACCAGCACGCCGTCAGAACCAAGCGAAGAGTTGGTAAA
NZ_CP041698.1_gap32	1606021	1608198	2177	ATTCAGCTCGGTGTTCATGGTCGCGGCGATTTCTGCTCCGGAAAGTTCTCGTGAATAGATGCGCAGGTCGTCTATCCGGCCGTCGAAGAAATAGTTCGATGAATACTCCCAGCGCCCGATGGCGGCCGATGAGGTGACATTTTGCGAAACAGAGCTTCCCAGAACCTGCGTCAACGTCTGCTCTACGCCGTTGAGGTACAGCTTAGACTGCGTGATGTCCCCGTTATTGAAAACTGCCGCCACATGTACCCACCGGTTCTCGAGACCGATCGAACTGATACCCCATATATCGCTTGTCCCCGAATTGAATCCGAAATAATTCGAGGCGAAATAAAGGTCGTACGGAACATCCCATCCGAACGGCATGCCGCCTGCCCCGTCCCAGTTCATCCAGAACGCCACCGTCGTCTTGGCATTGGCGGTCGTCGTGTCCACACCGAGCCCTGACAGGGCGACATAATCATCTGCTCCGTCAAGCACCAGCGCACCGGCACGCTCCGACACGGGAGCACTTTCAGAGGTCCTGTCGGTAGAAACAAAGTTGGTCAAGGTGCCGTTGTTGGCTGAAGGACTCCGGTCATACGCCGTTGTTCCTGAGGGCTCTTCAAAGTCCCAGGACCCCACAAGCCCCTGTTCGGTGCCGGAAAGGCGGGAATAGAGGCTGGTGGTGATTTCGGTATCGGTACGGGCATCGCTCCAGATACGGACTTCATCGATAAGTCCATTGAAATGGGTGCCGGCGGGACGGCCCCCTATGGTAAGCGGTTCAGTCGTTGGCTCAGGCTGACCGGCAAAAGTGCTGGCAGCATAGGTCGAACTCACACCCGCCTCGCTGGTAAGGATTACCTTGAGCGAAGTACCGCTCTTGATGAACGCCAGATGGCTCCACTGGTCCACAGGTGCATCAAGGCCGGTATCGACCCAGACCCAATCAAGTGAGGCGTCGTCGTCATTGAGCGCATAGTAAATGCTTCCATCTTGACGCCACGCTATTTCATAACTGTTTTCCTTATTAAGAATCATCCCCCCATCTGTACTGCTGGAACCGCTCCCCTGCGGCATAATCCAGGCCTCGATGGTGAATGAACCGGAAAGATCCAGGGCGTCGGAATCAGCTACGACTACCTTATCATTCACTCCGTCAAAATCAAGAGCCTGACCGGACCCTACAGCGGGTGCATTGTCGCCAAGGATCCCGCTATAGTCGTCCGACACAATCACATCTGCATCAATCGTACCCACCTCATGTTCGAGTTCCCAGTCACCACCGAGTGCTGCCGAGCCAGTATCATCAGTTGATGCGGCAACATCCGCTCCGGTGATTTGGCTGAAACGCAGAACGAAATCACTGTCCTGACCGATGTCGCAGCCATAGAGCAGTATGTCTCCGTCGGCCGAGAGTGAACGCCCGATGGCGGTAAGCTGCGAAGCGTAGAAGTCTATGGTATCTGTGCTGAGTGTGTCGCTGCCGATCCTGAGGGAACCCGAAGTACCATGGCTGAGGATATGCACGGCGTCGATATCCGTCCGGGTGTTGAGGATTTCGGTGATCTGGCGATGCCGGAACTGCCGGCGTCAATCCGGTACACCTCAACCCTGTCAGGCAGGCCGGAGACGAGGCTGTCGGCCTCAGGAACCGAGGCGTCGACGAACGCTATTTCATGGCGGGCATCAGCGCTGCCGTCTGCAGCGGGAACAATGTCAAGCGGATGAACTTCTGCTGCAGCATCTAACGGGGAGGCAGCTGCATCAGCGCTGTCAGCCGTATCGTAAGTATCAGCCTGCGTTTCAGGGCTGTCCGTGGTCGCATCCTCGGCATCGGCCGTCGGCTCCACCTGCGCGCGTTCAACAGTACCAGCATCGCTGTCGGCCGTAAGGGCTTCCTGAATGAGGTCGCCGGCAAGCACTGCAGCGGCAGCATCAAGGAGTATGCGAGGTTCAAGGGCAAGAAACATCCCTTTACCGCGCCTTTTGTTGTCAAGCGGACCGCTCATGAACAAAGGGGGAAAACGGGAAAATTCATACTACAGTAAAGTTAATATTAATATCACAAAACATATGCAAAGACCGTAGCCCTCAATCCTCACATTTCCTCACATTTCTGACATTGAAGCCTCAATGACAGCGTGCCCGCGAACTCCACGAAACCAAACTCGCGGCGATAGTTTGCATCAACA
NZ_CP041698.1_gap33	1692738	1697623	4885	TCACATTGCTGCCTATGTCAAGAGGCCCCGTGTCGTGCGTCACATGCAGCGTCACATTATCCTGCACGCTCGTCTTCTCCCCTATCCGGATGGGACATACATCCCCCCGCACCACGGCGTTGAACCAGATGCTTGAATGTGCCCCGATCTTCACATCCCCTATTACATAAGCCCCGTCAGTCATGAACACACTCTCATGCAGCTCAGGCCACACACCCTCATACGGCATAATTTTTCCCATCGACAATACTTCTTTTAGATAAGAGGACGCCGTCCCCTGAAAGCCTTTCTCTGTCATTGAAGGTACGCAAACTTCAGGGGAAAACTTTTGCATCTTGCCCTCTCATTGGTATTTTGAATACCTGAAGTCAATGGCACCAATGAGCACGATCTGCATACAGCTATGACCACAAAAAGCATCAATGAAAAATACTGCTCTGCATGCGGAGCACTGATCAGCGCACAAGCTGAAATATGCCCGAAATGCGGCGTACGGCAATCGCCCACGCCCTTTCCCGGCAATCTCGGCAACCTTGCCCCGAACGGAAGAAGCAGGCTTGCGGCAGCACTCTTCGCCATATTCCTTGGCAGCCTGGGCATCCACAAGTTCTATCTGGGAAGGGTTGGCTGGGGCGTCATCTATCTGCTCCTCTGCTGGACCGTCATACCCGGCATTATTGGCTTCATTGAAGGAATCCTGCTGCTCATCATGAGCGAAGAGGATTTCAACGCAAAATACGGCAATGACTGACATGAACTCAATACTCAGCTGCAGCGGCCTGCAGAAGGCATACAACCGCCACCTTGTGGTCAAAGGCTCGTCAATAGAGGTGCGACAGGGAGAAATTGTCGGACTTCTCGGGCCCAATGGAGCCGGAAAAACAACCACATTCTACATGATTGTGGGACTCGTCAAGCCCGACGGGGGCGATGTCTTTCTCGACAGTACGAACATCACCGAGGTACCCATGTACAAACGGGCCCGGCTCGGCATAGGATACCTGCCGCAGGAGGCCTCGGTATTCCGGAACATGACGGTTGAAGAGAACATTCTGAGCGTTCTGGAGTTCACTGATCTCACCAGGCCGCAGCAGCTTGAAAGAACCGAGATGATGCTTGAGGATCTCAGCATCAAAAACATCCGCAAAAGTATGGGCTACGCACTCTCAGGAGGCGAAAGAAGGCGGACTGAAATTGCGCGGGCTCTGGCACTCAACCCAAAGTTCATTCTTCTTGACGAGCCATTTGCCGGTGTGGACCCCATTGCCGTTGAAGACATCCAGCAGATTGTTGAAGGACTGGTGCGCCGCAACATAGGCGTCCTCATCACCGACCACAATGTGCACGAAACCCTCTCCATCACCAGCCACGCCTATCTACTCTTCGACGGCAGCCTCTTCATGCACGGCACCCCCGAAGAGATTGCAAACAACCCTGAAGTCAGGAAAATGTACCTCGGCGAAAAGTTCAGCCTGGAGCGCTACTGAACGGTCAGCCTCTTTGTTCGCGCAACCCAACCACCCCAAGCCTCATGATAGCCGAACATCTTCTTTTCCGGTCCGAAGGCGGTTTCATCCGCATTCCAATCTGGGGACACATCCCTCTCTCCGGGCCGCTGAAAAAAATCATCTCACATCCCTCATTCCTCCGCCTGAAAGGCATCCGGCAACTCTCCTTCTCCCAGCAGGTCTATCCCGGAGCCACCCATACGCGCTTTGAGCACTCAATAGGGGTCTACCACCTCATGAAGCTCATCCTGCAACGAATGCTCACCAACCCGCTGGCCATAAGCCTGCAGAACGGCAACTTCCGCTTCAACGACCACAACTGCCGGGTGCTCCTGTCGGCCAGCCTCCTGCACGACATCGGCCACTACCCCCACGCCCACATTATTGAAGAACAGATTCCCATGTCGGAAGGAGAGGCGGTATTTTCGCACCACGAAGAGCTCTGCGACCACTTCATCTACGAGCAGCACCCCGGAATACCCACCATTGCCGACATTCTCCGCGACGACTGGAAAGTTTCACCCGAAAGTGTGATATCGCTCATCAAAGGCCACGACACATCGCACTTCAGCAAACTCATCAGCGGAACGCTCGATCCTGACAAAATGGACTACCTGATGCGTGATGCCCACCACTGCAACATCCCGTACGGGAGCATTGACATTGAACGGCTCATTGAATCCTTCGTCCCCGACCCTGAACGCGAGCGGTTCGCCATCACCGAAAAAGGGATAGCCCCGCTTGAAAGTCTCATGTTCGCCAAGTACATGATGATGCGCAATGTCTACTGGCACCACACCAGCCGGTCCCTGTCAGCCATGCTACGCCGCCTTCTGCAGGATATTGCCAGCGAAAACCTGCTCCCCCCTGAAACTCTCCGGACGCTCTTTTACGGCAATGCAGACGACCGGGTGCTCCATGAGCTCAAAGAAGGCATAAAAGAGCGGCATCACCCGCTCTCTGAACTGCTTGACGATATTATTATGCGCAGGGTCTACAAACGGGCCATAACCGTCTCTCCCTACCTTGATGACATCGGCACCACCGACGAACAATGGTTCGCATACAACGCCGACACCGAAAAACGGCGTGCGAAGGAAAAAGAGATCTGCCGCTATCTCAATACCCGATTCGGCCTCCGGCTCCACGGCCACGAAGTGGTGATAGACCCTCCCTCAAAAAAGGATATTTTCGACTATGCCGACCTTCGCGAACTCAGGGTCTACCCGACCCGCAGCGAACATGTCCACTACTCCCTCCAGCTCAACAGCCAATACATCCGCTTTGACGACCTTAACGAATCGGTATTCCGCTCCGACTTCATTCTGGCCTTTGAGCGCTACACAAAAAAAATTCAGACTGCTCGCCCGCCCCGACCTCGTGGAACATCTGGTTGACAGCCGCCGGGAGATAATGGAAATGATGAGCCACTAAAGGGAACGGGCAAAAATCATATATTGTTACCGATTACTATCACTACCAACAACAGAAACAATATCATACCAGCATGGAACAGCAGGACAAATTCTACAAAGGGCTCTTCTTCGGCGCCATGTTGGGGACTGTCGGCGGAACCCTCATGGGTCTCCTCTTCGCCCCCTACAAGGGAAGTGAAACACAGCAGATCATTTCCGGAAAAGTGAAGCACGCGATAGACAAGGCAGCCGAATATTACGAAGGCGGAGAGAATGACGACGCCTACAGCAACGAAGCAAAAAAACGCTCGCAGGACATCATCACCACAGCGCGCGAAGAGGCAAAAAAATCCTTGACGAAGCCAACAGCATCATCAAGGACATAAAAGGCCATGCGAAAGCAGAGGAAAACTGAGCTGTGCTGAACTGGACAACTGGCGGCACTGATACAGGGCTGGGGGATGTGCTGCTTCTGCATGCTTTCCCGCTCTCTTCAGGAATGTGGCGACCACAGCTCGAAGCTCTTGCAACAGCAGGATACAGGGCAATTGCCCCGAACAGTTATGGCATAGAAGGCTCCACTGAAAAACAGGAGTGGTCGTTTACAGAATACGCCCACGACCTTGCCATACTGATGGAATCGCTCAACATGAAGAACGCCACCATTGCGGGTCTCTCCATGGGAGGATATCAGGCACTGGAATTCGCAAGGCTCTACCCCGAAAAAACAGCGTCACTTGTACTCGCCGATACCCGGGCAGAAGAGGACGCTCCCGAAGCCGCAGCCGCCCGGCGCGAGTTCATAACCGCAATTGAAAGGGGAGGAGCTGAAGAGGCTGTCAGAAGAATGGTGCCGAACTACTTTTCAGAAAGCGCCCCAAGAGAGCACCCCGAACTCATTGAAGAGGCCTCGGCAATGATTCGCAGCCAAAGCCCCGAAGCCATTACGAGCGCAATGAAAGCCATTATGAGCCGCAGGGACCAGCGGCCCCTGCTTCCGGCAATCACCTGCCCGGCACTTGTCATCTGCGGCAGCGATGACCGCCTGACTCCCCCCGAAACCGCTGCCCTCATCAGCTCTGCCATTGCGGGAGCCCATCTTGAAATCATTCAAAGAGCCGGCCATCTGGCAAATATGGAGCAACCCGAAGCATTCAGTGCTGCACTACTGAATCATCTTCAGCAGCTCAACGGCTGAAACGCCCCCTCACACCTCAAGGCTCTCAAGGAGAGCAAAGAAATTCGGGAACGATACCCCTACAACCGTACTGTCGGAAAGCTCAATAGCCATGCCTGTTGCCCTTGCGGCAATAGCAAAGCTCATGGCAATCCGGTGATCATCAAAACACTCAACCACCACCGGTGACTGCTGTGCCCTCACCCCGCCACTCACACGCATGCCGTCAGGAGACTCCTCACACAGGCAACCCAGCCGCTGAAGGTTGACAGCCAACGCATTGAGGCGGTCACACTCCTTGGTACGCAGTTCTCCGGCATTGCTCACCTCAAAACTGCCCGACGCAAAGACCGAAAGCACCGCAAGCATTGGAATTTCATCAATCACCCGCGCCACAACGCCCGGATCACTGATTGAAAGCGGCTCAAGAACACCGCCGCCGCAGGCAAGAATATCGCCAATATCCTCTCCGCCGACTGTCCTGCGGTTTTCAATAGTAATCTGTCCACCCGCCGCAATCATAATATCCAGAAACGCCGCCCTCGTCGGATTCAGGCAAACATCGCGAATCATGATTTCAGAACCCGGTGCCAAAAGAGCAAGAGCCACAATAAAACATGCAGCCGAAGGGTCGGCAGGAACAAGAAACGGCCTGGCCTCTATACGGCGACGCCCGGGAACCACTATCACCCGCTCTCCATCAACCTCAGAGGCCTCCAAACCAAGCATCAGCTCCGTATGGTCACGCGAGAGCACCGGCTCAATAATGCGGCTTTCGCCCTCAG
NZ_CP041698.1_gap34	1722985	1723615	630	CCGATACCGAAGCAGCATAGGGGCCGTAATCTGTTTCATCGACAACCACAAACGCATCCTCCGCCACCACACTCCGGGTATGCACCAGAAGCGACGGCTCAGCCGCCGCAAGTTCAGTAACCGAAGGAGCCACACTGAGCAGAAGCGTCGTCGTTCCCGACACAGTGCCCGACAGCGAGAGGAGATCCGCACTCCCCGCACCCACATCAAGCCCCACAGAGCCACCTCCGGCATAACCCCCATCCACCCTGAGGGAGCCACCGGCGTTTCCGTCGCGAAGCTCAATGAGCCCGCTATTGGCAAGACTCCCGGCAATCCGGTCACCGTGGCCCGCACCACCCGCCCGAAGCACAGCCCCCTCCAGCACCGACACTTCACCTGAAAATGACCCCAGAGCATCCATTCCGACCGATGAACCCATACCCACATCAAGATGCTCCCACCCCTGCATGGCACTTGAATACGCACCATTCCATCCACTGAACACCAGCCGGTCATCCCCGGTGCCTCCCAGGAGCTCCGGAACCCCAGAAATATCCGCTGTCCCGCTGAGGGTCAGCACATCGTCCCCATCGCCCAGAAAAACGCTGCCGATCAACACCGCTCCGCTGCCAAGCGCCACCCTGTCCA
NZ_CP041698.1_gap35	1764052	1764935	883	AGTCAGGCATGGGCTCTTTCCAACCCGGCTCAGGATTCGCTGAAGCAGAGAGCTGCGGCACCATGCACGCCAGCCCGGTTGCCAAGTATTGCAGGAACAAGCTCAAGACCTTCCTGCATTGAGGGAAGAGTTGAACGGCGCAACTGGCTGAGTGCCGGCCCGAAAACCAGCTCCCCGGCACCTGAAATTCCGCCGCCTATCACAAACTTCCTGATATCCATCAGTGCCGTCACATTGGCCAGACCGGTGCCGAGAATGGCCCCGACCCGCTCCCACACAGCGAGACACACTTCATCGCCGTTGAGCGCTGCCGTTTCAATATGACGGGGAGAAAGGCGCGACAGATCATTACTGCAGTACTCCCCCACTGAAGAACCTGACGGACTTGCGGCAATCATCCGGCGGGCAAGTTCCACAATCCTCTCCTTGCCGATAAGCCCCTCAATGGTGCCGCGAATGCCTGCATGGATACTGGTGCCTTCAAAATCAACAATCATGAACCCTATTTCACCCGCAGTACCGCCCGGGCCGCGATAAAGCTGCCGGTTGAGCACAATGCCCCCTCCAACTCCGGTGCCGAGCGTCACCATGAGAAAATCGCTGAACTCCCGTCCCGCTCCGTACACCGCCTCGCCAAGAGCTGCCGCATTGGCATCGTTGTCGAGAAACACAGGCGCCTTGAGCCCGATGCTTTCAACAAGCGATTTCTGAAGTTCTTCACGAAGAGCAACCACATCCCAACCGGGAAGGTTCGGTGGATAACTGAGGGTTCCGGCCGTGCGGTCAACAGCTCCGGGAACTCCGAGTCCGATCCCGTGGAAATCAGCAGGGTCAAGCGTTACCGAAGCGCTCCGGTAAAGGTCGCCGGCAATGGAGGAAATCT
NZ_CP041698.1_gap36	1789742	1791300	1558	ATGCCCCCGCAACAAGGGAGGCATCAACACCGGGTATGGTAATGTGGGAACCAAGCCTGTACACAAAAAGCAGGAGCAGCGTATAAAGAATCCGCTGACGGAGTTCAGGGATTTTGTTGATGTTCTTTATACTTTCTGTGAGCTTCATGGGTTTTGCTTGGATCAGTTCAGGACTTTTTCACTTTCGGCTTCACTACCTTGACCACTTTGGCCTTAGGCTTGAGAAGTGCATCTTCAACAGAAAGGTCCTTGACTCTTGCTGCTTCCTGAAGCGTACGCTCAGCCTTTACCACACTGCCGCCAGCTGCAACAATTTTTTCTTCAGCCGACTTGCTGAATGCATGTGCGGTAATGGTGATGGCCACAGAAATCTCTCCGTTGCCGAGCACCTTGAAATACTCGCTGTTTGATGCATGGCATAGGTTTTTAAGATCAAGAATGCTGATCTCTTTTCCCACAGCTTCAATCTCAATCCAACGGGCAATCTGCGAAAGATTGACTGTTGTGACAGGCTTCCTGTCAATGGGAGTGAAGCCAAACTTCGGAAGTCTCCTGTAGACAGGAATCTGGCCACCCTCATTAATCGGCCTTTTGTAGCCGCTACGCGACTGCTGACCTTTGTTGCCTTTCCCGGCGGTGGTACCGTTGCCGGTTCCCTGTCCACGACCGACTCTTTTCTTGGTTTTTACCGCGCCTTTTGCAGGACGAAGTGAACTTAAATCCATTGTTTCAATTCCCGACTTGCTATTAGTAAAAATCTCAGACTTCCTCAACCTTCACAAGGTGCTGGACTACTCTGATCTGCCCTTTGGTGCATGCATTGTCTTTCTTCTCAACCGAGTAGTTGGGCCGTCCAAGTCCAAGCGCCTGGATGGTGGCTTTCTGCTTCCTGGTTCCGCCGATAATGCTTCGTACCTGCGTAATCTTTATTTTTTTCTCACTCATGATCGCAATTCAATCAGTTTAGCTTTCAAAAACCTCTGTCAGGCTCTTCGACCGTCTTTCAGCCACATCGTTTGCATCTGAGATGCTTTTCAGACCCTTGATTGCCGCTTTCACCACATTATGGGGATTAGAGGAACCGAGTGATTTGGTAAGCACATCACGCACACCCGCCATTTCAAGCACGGCACGAACAGCACCTCCAGCAATCAGACCTGTACCCGGTGTAGCAGGCTTCATAAGCACTTTGGCTGATCCGTATTTGGCAATGATCTGGTGTGGGATGGTGCCTTTGATGATAGGAACCTTAACCACATTTTTCTTGCCATCCTCAACTCCTTTGGCAATGGCATCCTGAACCTCATTGGCCTTTCCCAGACCATAGCCAACATGGCCCTCTTTATCACCGACTACCACAATCGCATTGAAACCGAACCGTTTACCACCCTTCACAACCTTCGCGGTTCTGTTGATATGGACAAGCTTTTCCTTCAGGTTGAGCTCTCCGGGCCGGATACTTTTAGCTGATGTTTTCGACATGTATCGTTCTCATTGAGATGTTTAAAAGATCAGTCCTGCTTCCCGAGCACCATCAGCCAATGCCTTGACCCTGCCA
NZ_CP041698.1_gap37	1820025	1823869	3844	AGCCGCAACGGCAGGCCCGGGCCTTATCGGAGCTGTCATGGTAGGGCTCTGTTTTGCCCAGTCTATGGCGTGGGCGCTCCAGGTCCCCTTCGTCCCCGTCAACCACATTGAGGCGCACATGTTCTCACCGTTCATTGAAGCGGGCGCCGCCAAAGGGGTTCCAGAAGAACCATTCATATCGCTGACCGTCTCGGGCGGCCACACGCTCCTTTCCATCATCGGAACCGACCTTTCCCGCCGCATCATTGGCCGGACCCTCGACGATGCAGCAGGGGAAGCCTTTGACAAAACGGGGAAAATGCTCGGGCTCAGCTACCCCGCAGGGCCTGAAATCGACCGGCTGGCAAAACAGGGGAACCCCTCATTCCACCGTTTCCCCAGAGCACTCACCGCGCAATCGCAAACAAGCAAAAGCTACCGGGGGAACTACGATTTCAGTTTTTCAGGCCTGAAAACCTCAGTCCTCACCTGGCTGCAGAAACAGTCACCCGAATACATCGACCGGCACCGGGCCGACATTGCCGCTTCCATTCAAGACGCCATTGTTTCTGTGCTGCAGGAAAAACAGTTGCCGCAGCCCTCTGTCACCAGATCAATTCCATCGCCATAGCCGGCGGGGTCAGTGCAAACTCCGCCCTGCGGGACGCCATGGAAAAGGAGTGCTCCCGCCAAGGCATACGGCTGCACCTGCCCGGGCCGGTTTACTCAACCGACAATGCCGCCATGATTGCCGCTCTCTGCGAACTGCAGATCTCCCGCGGCATGCGGCCCGAAAGACGATACAGCACAGCTCCCTTTGCAGGAATGCCAAGCTGAGGGAGCAAAGCCTGATTGAAATAGTCCTGCAAATAGATTACATTTAAAACCACTGAGAACAGCCTTGTGAGCTTTCAGCATTTTTCCTTATAAACCAAAAGACGACACCCCGCATAATGCACGAATTCATCTCAGCACTCCTGCTTTTCGCACCTCCCACAACAGGAGGCGCGGCACCAAACCCCATCATCCAGCTCGTACCGCTGGTCCTCATATTCGTTGTCTTCTATTTTTTCATGATACGCCCGCAGCAGAAAAAGCAGAAGGATCGCGAAAAAGTACTTGAAAGCCTGAAGCGGGGCGACAGAATTGTCACCATCGGCGGAATGCACGGAACGGTTGCCGGCATTGACACAGAAAAAAAGACTGTACTCGTGCAGGTTGCTGACAACACGAAAATCAAGTTCGACCGTTCTGCAGTAGCAAACATCGACAAACAGGAATCAGGCGACAAACTCACGAGCGGAGAATAACGGACAAGCATGCAGCCAACACGAGCAACATTGGTCCTGGAAAACGGATCAGTCTACACAGGAACGGCCTTCGGGCATCAAGGCGAAGCCTCGGGAGAGGTGGTCTTCAACACCTCTCACACAGGATATCAGGAGATTCTTACCGACCCCTCCTATGCAGGGCAGATGGTACTCATGACCTATCCTCTCATAGGCAACTATGGATTCAACCCCACCGACAATGAATCACGGCGGATATGGGCGTCAGCATTCATAGTCCGGGAAATCTCGAATATCTACAGCAACTACGAGGCAACCGAAAGCCTTGACGACACGCTGAAAAAAGCCGGGGTCCTTGGCCTTGCAGGAATCGACACAAGAAAGCTTGTTCGTGAAATCCGTGAAAAGGGTGCGATGAGAGGCTTCATCTCCACCACTGAAACCGATACTGAAAGCCTGCAGAAAAAAGCACAGGCCATTCCCCAAATGACGGGACGCGACCTTGCAAAAACAGTCACCTGCAGCGAGAACTACACTCTTGACACCCCCAATGCGCGTTATCATGTTGCCGCATTTGACTACGGAATCAAAACCAACATCCTCCGTCTCCTCCAGAATGCGGGATGCCGGGTCACCGTTCTCAAAGCCGGAACAACGGCCGAAGAAGTCATAGCCCTGAAGCCCGACGGCGTCTTCCTCTCAAACGGACCGGGCGACCCCTCGGCAGTAGACTATGCCATTGCAGCCATCCGGTCGCTTGCCGACTACAGCCGCACAACCCGTCCGCTGCCCATATTCGGCATCTGCCTCGGCCACCAGCTCCTTGCGCTTGCCCTTGGAGCCACAACCTACAAGCTCAAGTTCGGCCACCACGGAAGCAACCACCCGGTCAAGAACATGGCGACCAAAAGCATTGAGATCACATCACAGAACCACGGCTTCGCCGTCAGCATGGACTCACTGCCCGACTCCCTTGCAATGACCCACCTCAACCTTTACGACAACACCGTTGAAGGCATCATGCACTCGGAGCTTCCCTGTTTCTCAGTTCAATACCATCCTGAAGCTGCTCCAGGGCCACACGACTCGCACTACCTGTTTGACGAGTTCACCGCCATGATGGATCAGGCAAAAAACTGACGCGGAATGAAAAAAAGACTCTTCACCCCCGGGCCCACACCGGTGCCCGAGGAGGTCATGCTCCGCATGGCCGCCCCCATCATACACCACCGGAACCCCGAGTTCATGGAAATCCTCGCCAGGGTCCATGAAAACCTCCGCTATCTCTTCCAGACAACCCAGCCGGTCGTAGCACTCAGCTGCTCAGGAACCGGAGGAATGGAAGCTGCTGTTTCCAGCCTTTTTGGCGAAGGCGACAAAGTCATTACAGTCAATGCAGGCAAGTTTGGCGAACGATGGACAGAACTTGTGCAGCTCTACACCGGCAGCAGCACCGAAGAAACCCTTCCCTGGGGCAGCGCAATCACGCCAGAACGCCTGAAGCAGCTTCTCAAGGAACATCCCGACGCAAAAGGGATATGCCTCACTCACTCGGAAACATCCACAGGCACCGCTTCGGATATTAAAACCCTCAGCGCAGTCATCCGGGAACACTCTGAAGCCCTGGTGCTTGTGGACGGCATCACGGCAATCGGCGCCCATGAGTTCCATTTTGACGACTGGGGAATCGACATCTGCATCACCGGCTCCCAGAAAGGGCTGATGATGCCTCCGGGCCTGGCACTCGTTGCCATCTCAGAGCGGGCACAGGAGCGAATCAATGAACCCGCACGCAAGCCCTCAAACTACTACCTGAGCCTGAAAAAAGCGCTTGAATCCCATGCCGGTGACGACACACCCTTCACTCCCGCTGTCTCCCTCGTCATTGGGCTTGACGAAGCACTGACAATGATACGCAGCGAAGGCATCGAGCATGTCTGGAAACGCCATGAAAGCCTGGCCGCAGCCTGCCGGGCAGGATGCATTGCGCTCGGCATGAAAATCTTCAGCAGCTCCCCATCCTTCGCCGTCACGCCGGTATGGCTCCCCGAAGGGGCTGACTGGACAGAGTTCAACGACGCCCTCAAGCACGACAACGGCATAACCGTGGCCGCCGGACAGGATGCATTCAAGGGGAAGATTTTCCGCATCTCCCATCTCGGCTACTATGACGAACTTGACATGCTCACAGTTATCGGCGCAATTGAACGGGCAATGAAAGCAATTGGCCTGCCCCTAACCCCCGGCACAGGCGTCACGGCAGTCCAGAAGGCATTCCTCGGCAAGTGAAACAAAAAAAATCATTTTGCCGTCAAATGAATAATAAGTAAACTGCTATATTCGGCTTTTATCGCCCGACGCAGCAGAGGCGGGCATCAACACCTAAAACAGCTCACGGAGACCACAATGAAAAAATTCCTTCCTTTTCTGACCATCGGGTTTGTCGTCCTTGGCGGATGCGGACTTGAAAAACCCCCGGCCACACTTGAATTCCCCGGCGAACATGAAGGCGCTGCCAATGAAGCCGTAGAGGCAGCAGCTCCCGAAGCTCCTCTTGATCCCGCGCTTGCCGCCGG
NZ_CP041698.1_gap38	1840314	1845221	4907	AACAACACACTTGAACCACTCTCTTTCATGAAAGCATTTGTTTTTCCCGGACAGGGCTCTCAATACTGCGGCATGGGCCGCGACCTCTACGACAGCTTTCCCGTCGCCCGCGACCTGATGGAGCAGGCAAATGAGCTGCTCGGCTACCGCATCACCGATGTCATGTTCTCCGGTACTGAAGAGGAGCTCCGCCAGACCAACCGGACCCAGCCCGCAATATTTCTCCACAGCATGGCTGCAGCCGCACTGATTAAGAGCAATGGAAGCGGTGGGGCAGCAATGGCGGCAGGCCACAGCCTTGGCGAATACAGCGCACTCTGCTTTGCAGGAGCCATCAGCTTTGCCGATGCCCTCCGCATTGTAGCCCGCCGCGGTGAATTGATGCAGAACGCAGGAAAAGAGAACCCTGGCACCATGGCCGCAATCATCGGTATGGCAGAGGGTGAACTTGAAGGACTTCTCGCCGAAGCCTCCAAAGAGGGGATCGTACAGGCAGCCAACTTCAATTCTCCCGGGCAGATTGTCATTTCAGGCGATATTCCAGCCGTCAAAAAAGCAGTTGAACTCGCTCCCGCCAAAGGGGCAAGAATGGCCAAGGAACTTGTTGTTTCAGGAGCGTTCCACTCTCCCCTCATGCGACCGGCAGAAGCCGAGCTCGCAAAAGCGCTTGAGTCTGTTGAGTTCCGCGACGCGTCAATCCCCGTCTGCATGAACGCCGTAGCGAAACTGGTAACCGACGCAGCAGAAATCAGGAAAAACCTGCTGCTGCAACTCACCAGTTCCGTGCTCTGGACACAGTCCATTGAAACAATGGCAACAGCCGGTGCAACCGAATTTGTTGAAGTAGGGCCGCAGAAAGTCCTGCAGGGGCTCATCAAACGCATCAACCGCAATGCCTCACTCTCGGGCGTAGACACAGCCGAAAGCGTACAGAACATTCTCTCTTAACAACTAACGACACCAGATATGTTTGAAGGAAAAACAGCTGTCATTACCGGAGCCGCCCGTGGAATAGGGCAGGCAATCGCCTGGAATCTTGCCAGAGGAGGAGCCGACATCGTCCTCTGCGACATCAAGGAAGACTGGCTTGCCGAAACTGCAGAAGGAGTCAAAAAAGCAGGAAGGAAAGTCTGGTGCTTTGAACTCAATGTGACCGATGCTGACGCCGTCCAGAAAGCCTTCAACGACATTGCCGACACAACAGGACGGATAGATATTCTCGTCAACAACGCGGGCATCACCCGCGACGGACTTCTCATGCGCATGAGCGAAGAGGACTGGGACGCAGTGCTCAGTGTCAACCTGAAAGGCACCTTCGCCTGCACCAAAGCGGTCAGCCGCATCATGATGAAGCAGCGCTCCGGGTCAATTGTCAATATAGCCTCCATCATCGGCCTCATGGGCAATGCCGGCCAGGCAAACTATGCCGCTTCAAAAGGCGGGGTTATCTCCTTCACCAAATCGGTGGCAAAGGAACTCGCTTCCCGCAACATCCGCGTCAACGCTGTTGCTCCCGGATTCATCTCTTCAAAAATGACCGATGCCCTGTCTGAGGATGTCCGTCAGAAAATGCTGGAAGCCATCCCCCTGAGCAGATTCGGCTCCCCCGACGATGTTGCTGATGTGGTATCGTTCCTTGCCGGCGACCATTCAGCCTATATCACCGGTGAAGTCATCAACATCAGCGGAGGAATGGTCATGTAAGACCGCTTCTGTTTGAGTGCGATTTTTTTCTTTGTATATTGAAAGACATTTTTTTATTCGCCTTTTTATCAACACAACAACCAACCACGGAGAAACACCATGACGGAAGCAGAAATCAAGGACAAAGTATACGACATTATCGTCAGCAAAATGGGCGTCAACAAAGACCAGATCAAGCCGGAATCCAAATTTTCCGATGACCTCGGCGCCGACTCACTCGACACCGTTGAGCTGATCATGGAGCTCGAGAACGAATTTGATGTACAGATCCCCGACGAAGACGCTGAGAAAATCGGCACCGTCCAGCAGGCAATCGACTACATCGTCAAAAAGTAACCTCCCCCCGGGAAGGAAAACTTTTTCCTTATCACGGATCAAATACAGAGCGGCTGCGGGCACATCAACATTTCAGTGAGCCTGCAGCCGACTTCTGCTGTTTCTTCAAGCAAACGCCAAATTTCCACAGATGGGTCAAGAACAGACACGGGTCGTCGTTACGGGCATCGGGGCGCTTACCCCAATAGGCCACACAAAAGAAGCGTTCTGGGACGCGCTGATGAAAGGGACAAGCGGCGGCGCGCCGATCACCTACTTTGATGCGACAGACTTCGCGACAACCTTTGCATGCGAGCTCAAAAACTTCTCTGTAGAAGACTACATCGAAAAGAGAACGGCTGACCGCATGGACCCCTACTGCCAGTATGCCATTGTTTCCTCCGACCAGGCCCTGAAAGACTCCGGCCTCGACCTGGAAGCAATCGACCCTCTCAGAATCGGCGTTGTCCACGGCTCCGGCATTGGCGGCATGACCATTTACGACCAGCAGTTCCGTCAGTACCTGAACCGCGGTCCACGGCGGATCAGCCCGTTTTTCATTCCCATGCTCATCCCCGACATTGCAGCCGGCCAGATATCCATGCGTCACGGACTCATGGGGCCCAACTATGCAACGGCATCAGCGTGCGCAACATCACTCCACGCAATCATGGACGCCTTCATGCTCATACGATGCGGCATGGCCGACTATATGGTATGCGGCGGATCGGAAGCCCCGATCACTCCGATGAGCGTTGGAGGCTTCAACTCCGCAAGAGCTCTTTCAACAGCCAACGAGAACCCCGCAAAGGCATCACGCCCCTACGACCGCGACCGCGACGGATTCGTCATGGGAGAGGGCGCAGGCAGCCTGATTCTTGAAAGCCTTGAAACAGCTAAAGCCCGCGGTGCAAAAATATACGGCGAACTGGTTGGTGTTGGCGCCACAGCCGACGCACACCATCTTACAGCACCCCACCCGGAAGGCAAAGGCGCAATGAATGCCATGAAAACGGCACTTTCCATTGCAGGAATCAAGCCCGAAGACATTGATTATATCAACACCCACGGAACAGCCACCCCACTGGGCGACATTGCAGAAATCACCGCAATCAAGAATGTTTTCGGTGACCATGCAAAAAAACTCAGCGTCAGCTCCACCAAATCAATGACCGGCCATCTTCTCGGCGCAGCCGGAGTTGTTGAATCAATTGCCTGTCTGCTTGCAATGCAGAACCAGACAGTGCCGCCAACCATCAACAACGACAATATCGATCCCCAGATTGATCTGGATATCACCCCGAACGAACCCCGCAAGCGCAAAATCGAATACGCGCTGAACAACGGATTCGGATTCGGCGGACACAACGCCTCACTGATATTCCGCAACGGCTCGTCACTCTGAAACTCTCCCCCTTCTTTTGCGAATGGAGCAACTCTGGCAAAAAATCTCCGCACTCCCCATTTTCAGCGCCGAACTGAAAACAGGGAGTGCGCTGACAGCCACACCGGAGTCCATTGAATTTGTCAGCAGGCTTCTCGGCAGAAAACCGGGAGACATGCGCTTCTATACAACAGCCCTGACCCACCGCTCAGCCGTACACGACCCGTCAACCCCGCTCAATACACACTCAAACCAGCGTCTTGAATTTCTTGGAGACGCTATCCTCGGCCTTGTCATCACCGATTACCTCTTCCGGGAACTGCCCGACAGCCCCGAAGGAGAACTTTCAAACACTCGCGCCAAAATCGTCAACAGGAAATCCCTTGCGGGATTTGCCCGAAGCATCAAGATCGGCGATCACCTCATTCTCGGAGAAAGCGCAGACCACGCCAAAATCAGAGTCAGCGAATCAACCCTCGCCGATGCTCTGGAAGCGTTCATCGGAGCCATATGGCTCGACAGGGGAATCAGTGCGGCAACCTCATTCATCAATGAGCATGTCATCGAACACCGCCGGTTCAACACCTTGATAACAGCCGAAAACAACCACAAAAGCCGGCTGATAGAACACACCCAGGCCCTCCACCTCCCTCCCCCCCGATACAGCGTCATATCGGAAGAGGGCGCAGAGCATGAAAAACGGTTCACCGTCGAGGTCAGCTGCAACGGGAAAGTTCTCGGCAGAGGGATCGCCGCGAGAAAAAAGGATGCAGAACAGCACGCTGCCGCCGAAGCAATGCTCAACCCTGAAAGCATATCCTGAAGAAAAGAGAGCTTTTTCATGGAGATTATGTTGAGCATTTATCGCCTGCGCTCTATATTGAAAAAACACACAAAGCAACACAACTGCCACCAGCCATTCCCCGCACAGCCATGAACGAACCTCTCATCAGCGACATTTCCCGCACAGGAAGGAAAGGGTACTCGCTCAACTCAAGCGACCTGATCCGCACCCCTCACAGTCAGCTGATACCCGGAAAATTTCTCCGCCAATCGCCTGCCGAACTACCCGAAGTACCAGAAAGCGAGGTTGTACGGCATTTTCTCAGGCTCTCCACACTGAATTACCATGTTGACAAAGACATGTACCCGCTCGGCAGCTGTACCATGAAGTACAACCCGAAAATCAACGACGAAACCTGCTCTCTTGAAGGCTTCGCCGCACTGCACCCGATGCAGCCGGAATCAACCGTCCAGGGGGCACTCCAGCTTATGCACGAACTCTCGGGAATGCTCGCTGAAATCACTGGAATGGCCTCCGTCACCCTGCAGCCGGCAGCAGGAGCCCACGGTGAGCTGGCAGGCATACTGCTCATCAAAAAATATCACGAAGCGCAACACAGCAAACGCACAACGCTGCTCGTCGTTGATTCCGCACACGGCACCAACCCCGCCTCAGCCGCACTTGCCGGATACACCATTGTATCGGTGAAAAGCAACGGAA
NZ_CP041698.1_gap39	1853086	1854479	1393	CACAAAAACAGGAAGCGCACGCGCCGTCTCCACCAGTCCGCACTCCTCGAGTGCACAAAAAAGGAACGGCAGATCAAGCGAATGATTCTGGCATAACACTCAATCCATAACCTTACACTACAATGCCAAAAGCAAATAATGCCGTCGCCGCAAAGGCACGCAGAAAGAGAGTTTTAAAGAAAGCCAAAGGGTACTGGGGTTCGCGCGGCAATGTGCTGACCGTTGTCAAGCACGCCGTAGACAAAGCCGAACAGTATGCATACCGCGACCGTCGCGCAAAAAAGCGCACATTCCGCGCCCTCTGGATCATGCGCATCAACGCTGCAGCACGCCTCAATGGCACAACATATTCCCGTCTTGTTGACGCAATGAACAAGAAGAGCGTTGAAATCGACCGCAAGGCAATGGCTGAAATCGCAGTCAAGGATCCCGAGGCCTTCACCACGCTCGTGAAAGCAATCATCGATTAAGCAGAGAACACCGCTCTTCATGGAAAAAAGCATCAGCAGCCTACAGCAGCAGATCAATGCCGCGCCTCTCAACTCCGAGGCAGATATTGAATCGTTCCGGCTGCTTTATACCGTGAGAAAAGGGTTGATAGCAGCCCTTTTCTCTCAGCTGAAGTCAGTTGACCCAACAGACAGACCCCGTATCGGGAACCTGCTCAATCAGCTCAAAGAGAGCGCCGAAGCAAGAATTGCCGAAGCGGCCGAAAGCATAAGCCACCATGAAGAAAGTTCTCAGCCGGTAATTGACCTGACCCTGCCGGGGAGAGTCTCATTCACAGGCAGCGAGCATCCTGTCCAGAAAGTTCTGGGCGAGATGAAACGCATTTTTTCCGCCATGGGATTTGCCATGCAACCGGACCGGAACTGGAGCTTGACAGCTACAATTTCGACATGCTGAACTTCCCCCCCGACCATCCGGCCAGAGACATGCAGGACACATTTTTCATCAAACGGAACGGTAATGAAGATGATGTCCTTCTCCGAACACACACCTCACCGGTGCAGGTTCGGGTTATGCTTGAAGAACCACCACCCATTCGCGTCATCTGCCCCGGAAAAGTCTACCGGAACGAAGCCATAAGCTCCAGAAGCTACTGCGTCTTCCACCAGCTTGAAGGGCTCTATATCGATAAAGGGGTGACCTTTGCCGACCTCAAGGCGACCATATACTCCTTTGCCCACCAGATGTTCGGCTCTGATGTAAAGCTCCGCTTCCGCCCAAGCTTTTTCCCCTTTACGGAACCCTCAGCCGAAGTGGATGTCACCTGTTACCTCTGCGGAGGAAAAGGGTGTAAAGTCTGCAAGAAATCCGGATGGCTCGAAATCATGGGATGCGGCATGGTGCACCCCAATGTCATACAGAACTGCGGCATAGACCCTGAGGT
NZ_CP041698.1_gap40	1859380	1861691	2311	GCGTTACACAAATCTTCTCAGTACCCTTCAGCGCTCTCTTGCTCAGAAATACCCGGCAAGAGAAATACAGACACTTCTCGAACCCTACCTGCAGTTGGCAGATGACGAAGATTTCTGGACTCATGCGCTTGATGGGCTGGCAGTGTTCGGTGCTCCCGGCTTTTTCCATGCCTATCGTTTCCAGGGTTCACCGCGTGAACTTGCAATAGCCGCCGACAGTTTTCACACCAAGCCTCTCTTACGCGTCATGCAGAGTAGCAGACGGTTTCATATTCTCTCTTTGAGCAGGACTACTGCAGCAATGTTTGAGGCTGACCAGTATTCCATTGATGCACTTCAGCTGCCATCGGATTTTCCAGCCACCCTTGAACAGGCACTTGGCAGTGAATTGAGCCACCCTGAAATCACTCTTGCATCATTTGGCCCTGCGGCAGGTGGCGGTGTGAGACGCCACGGCCACAGTTCGCGGAGAGACGAGGAGGAAATTGATACTGAAAAGTTTTTCAGGCAGGTCGACTCAGCAGTTTCCAGAATGTTCAGCAATACCTCCGGTATGCCTCTTATGCTGGCAGCTCTGCCGGAACACCAGGGTCTTTTCCGCAAAATCAGCAAGAATGAGCGGCTTATCAAAGAAGCAATGACGACCGACCCGCAACATCTTTCAGAAGAGCAGCTCAAAAAGCGCGCATGGGAAGCCATGGCGCCGGTTCATGCAGCAAGAATATCCCGCGAAGGTGAGCTGTGCGCTGCTGCCCTTGCCTCAGGAACAGGAACCGATGACCCGGAAACAGCTGCCGTGGCCGCCGCAGAGGGACGCATCGCAGTGCTTCTTCTACGAAGCGACGCCCTGCTGCCAGGAAAACTTGATCCAGCCACAGGAGAAGTCACATTTGCACCGCTTGACAATCCCGGAGTTGATGATCTTCTTGATGATATTGGATCGCTGGTAATGGAGAAAGGAGGAAGGGTTCTTGTTCTCTCAGACGAAGAAATGCCTTCCATAACAGGCCTGGCAGCGGCTTATAGATTCTAGCAGCCTGTCGGGCTTTCCAGAAGAGAAATATTGAGGAAAAAGCCTATTAAAGCATTATATTAAAGTCAGATAGCAGGATTATTCCGTTATTCGGCAACTATTCCCCGATTCACTTTTCTGACGTATGAGAGTTGATTTCGTCCTCCCTGACAGGGACACCCCGTTTCTTTTTCCGCCATCGGTGCAGGAGTGGCTGCCACAAGACCATCTTGCCCGGTTTGTCGTTGATATTGTCGCTCAACTTGACCTCTCATCGCTGAGAAGCTCCTATGCCGGAAGAGGCTCCAATCCGTATGATCCATCCATGCTGCTCGCCCTTCTCGTGTACGGCTACGCGACCGGCGTGAGTTCGAGCAGAAAGCTCGAACAGGCAACCTATGATTCGGTTGCGTTCCGCTATATCACTGGGAACCAGCATCCCGATCATGACACTATTTCGGGTTTCCGCCAGCGGTTTTCGACTGAAGTGAAAAAGCATTTCACCCGGGTTCTCGTCATTGCCGGAGAAATGGGTCTCCTTCGGCTTGGCACCGTAAGCTTGATGGCACCAAGCTCAAGGCCAATGCCTCGAAACATCAGGCAATGAGCTGGCAGCACGCCTGTGCACTTGAAAAGAAACTGAAGGCCGAGGTCGAACAGTTATGGCGTGTTGCCGACCAGGCCGACAACACGCCCGTTGCCGACGGGATGAGTATCCCCGAAGAACTGACCATCCGTGAAAAACGCCTTGAGACCATAGCGGAAGTAAAAAAGAAGATCGACCAGCGAGCCAAAGAGCGGTACGAGCAGGAGAAAGCGGCCTATGATCAGAAGATTGCTGATCGGGAACAGAAAAAGAAAAACGGCAAGAGGGGCGGCGGCAAGCCGCCCAAAGCACCCGAGCCGGGACCCCGCCCGAAAGACCAGGTCAACCTGACTGACGAAGAATCACGGATCATGCCGGCAGGTGGCGGCGGATTCGTGCAGGCCTATAATGCGCAGGGATGTGTTGACAGCGAGACCATGCTGATTGTCGCAACGAACACCACCCAGCAACCCAACGACAAACTACAGATCAAGCCTGCCCTTGCAGAACTTGCGAAACTACCCGAAGTGCTGGGCAAGGTCAAGCAGGTGATTGCCGATACCGGCTACTACAGTGCCTCGAACGTCAATGCCTGCGAGGCCGCAGGCATTGACCCGCTTATCGCCGTGTCCCGTGAGGCGCACAACCAGAGTCTGGAGCAGCGTTTCAGCCAGCCGGGTCCACTTGCAAAAGATGCTGATGCGGTAACGAGA
NZ_CP041698.1_gap41	2013321	2016924	3603	AGGATGAGGAAACCATGCTTGCCGGAAAGGTGCTTGCCGGATCTCCCTCTGCGGTGGGACTGATGGAAACACTGGAAGAGGACGGGTACGGGTTCAATTTCGGAACGAAAGCAACGGCCGAGGACGGGTTCCGTAAAAGGCTCCTCAACATCACTGATCAGCTCCGTTCACTCAGCGGTGCCACATCCCCTGAATGGCTGGAAGAGCGCACAGGGAAAAAAATTGCGGATGTATATGGAGGGGTTGAAGATGCCGAAACCCTTAAAGCCGCCCTGCTGAGGGCTGTTGAAAACACCCTGGAAGCATTTCCCCTCGACATCTCCAACACATACGACTTAAAGGCTGGGCCGAAAAAGAAGGTCTGGAACAACTATCGGCTCTTGAAAAGAGCCTCACGGAGCACCACCCTCGACACCGACTGGAAACTGTGGCATAAGCTGTCCCAACTGCACTTCTACAAAAAAGACGAACCCCTCCCGAAGGACTACAACGACCACATCGTCAAGGTAATCGCAACAGCTGAACGGCTGGTGTATCACCCCGGGCCTCTTGCAGATGCACAGGAGCATGCCGCCAGGCTCTTGAGGGCTGCCGGCGAAACCCTGGCCGGCTACGAAAAAGAAAAGGGGAAACGGGGCCTGCTTGATTTCATGGACATGCTCTCCATATCCTACAGACTCTTCAAGGAACATCCTGAAGTCCTTGCGCTGTTCCGCCGGCGGATGGAGTGCCTGGTCGTGGACGAGTTCCAGGATACCAGCCCCCTGCAGTTCTCGCTTGTCTGGTCGCTGAGGAAAACGGAACCCACAGTACCGGCCATCGTCGTGGGCGATGTGAAGCAGGCAATCATGGGGTTCCAGAATGCCGATGAGCGTCTCTTGGCAGAAATGAGCAATAAGTATCCAACCAGCCCCCTTGAGGGCAACTGGCGCTCTTCACCGGAATTGATGCGGTGGATCAACCAGGTCGGCGGCGCCATGTTCCATGAAGGGTACACCGCCCTGGAAGCGAAAGCCAAGTTCAGAAGCAGCATGGAGCCGCTCGAAATCATAGCCGCAGCGGAACCGCTGAAGGAGGCTGCCTGGGCGTCCTATACCGTCAACAGGATTCAGGAACTGATTGCCACAAAGCAGCAGGTCTGGGACAAGAAACTCAATGTGCCCCGCGATATACGCGGTGGAGACATCGCCATCATCTGCTACAAGAACAAGCGCCTCACATTCTATGCAGAAGCACTCCGTAAAGCAGGCATCAGGTGCCGGCTTGAGGAAGAGGGATGGCTGGACTCCCGGATCGTACAGATTGCATGGCACTGCCTTGCCTATGTGGCCGACCCCGGCGACCGGCATGCCGCGCTATACCTTGCATCCACGGAACTCGGCACAGGCTCCCTGCAGTCGGCACTCACCGGACTGATGGAGGGCGGAGCGGTGGGAGACCGCATCCTGGAGAAACTTGAAGGCGTTGCTGAAAGACCGAAAGACAGGACCGTGGATGCGATCCTCGACGACATCGTCACAACTCTTGACCTGTATGGCACTATTACCGGATGGCCAGACGGGGCGGAAGCACGGGCCGACCTGCTGAAACTGCAGGATGAGTGCATTCAGTTCATGACCTCAAGCCGTGAAGCCCTCTCCAGCGGCGGGTACTACGGCTCCGGCATAAAGACATTCCTTGCATGGCTGAAGGCGAAGATGGAAGCGACGGACAGCGCCGGAAGGGAAAACAACACCCGTCCTTCCCCTTCAATCATTGATGAGGAGGCGGTGCAGCTCATGACCTGGCACAAGTCGAAAGGCGGCGAATGGCCGGTTGTTGCAGTCTGCGGCATGGACGACGGCGAGTTCCCCCGCCTGCCCAACACAAAGGTTGATTATGATGACTTCAGCGACCTTGATACAATCATGGATCATGCCTGGGTCAGGATACACCCGAAATTCCACTCAAAAGAAAAAAGCGACACCTTCGTGGAGGATCTCAAGCCGGAATCACACGAAAACTCCAAACGCCTGCTCTATGTGGCACTGACCAGAGCACGCGAAAAAGTCATCCTTGAATGGCCGGAGTACCTGCCAAAAACCAAGGGAAAGTGGCAAGGAACCTACTGGGCAGAATTCTGCCGGGCAGCAAAGGCAGAGGTTACACCTACAGGCATGAGTATAGAGGGAATGGAGTTCAGCTGCCCCGTCTCGACCATCACCGTGAAAACAGGCATTGAGATTGAAGCTGCGAGCACGGAATCTTCCCTTCCCGTGTTCGGCCGGCGGGCTATCAGGCGCAGCACGATGCCGGAAACGCTCACGCCAGAAGCGGTACGGCCATCTTCACTGCATAACGACTCCGGTGCAGCCGGAACACCCCGTGAGGATATCCAGTACGGCAACGGGTTCTCCATCGATATTCCGGGTGTTGACGACCCGATGGAAAAAGGAAAAATCCTGCACCGTGCGTTTGAACTGCTTTCAGGCCATCCGGAACGGGAGGAACTGCTTAGAGAATCTTTTGAAGGGATGCTTGCAAATGAACAACTCAAGCCGGTCAATGATGCCGTCAGAGCCTTTGACGCATGGCTCGGCTCACGGTTCAGCATAATCAAAAGACACGCAGAACTGCCCCTCCTCGCGCTCCACACTGATGGTTCTGTGGTAGCAGGCTTCACTGATCTCGTAGTGGAGACGGACGACGGGCTCTGGATCGTGGACCACAAGTCAGACCAGGTAACCACAGAAGCCCTTCTTGAGGAACGCTTCACCATCTACCTGCCGCAGCTCCGCTGCTACGCCGACGCACTGGCTGCAGCAAGGCCCGACAAACCGGTAAAAGGACTGATGTTGAACTGGGTGAGCTTCGGGAGGGTGAGCGTGGTTGGCAGTCAATCATGACAACACAGCCATCACGCTTAAGGGAATACCACCACTCAATTGGCCTTACGAGCCCAGCGGCGGCAAAATCCTATCTGGCGGGGGAAGACCTCAGCCATGAAGTTGGGTACATGGATGCACTGAACCGCAGAATCTGTGAAGTTCTTTTTCGTATCAATAAAGTTGTTGACCGCAGAGTCAGACGAGCTGACCTTCAGGGATTTTGTGAGCATAACATCTTCCGGCCATACCGGATTGTTGGCCATGAGGGCCTGCTGCCCCGACTTACCTCCTTTGAACAACGAGCTGAAGATGCCCTGTTTTCATGGCTGAGAGGGTACGCCATCTGCAGGTATTTCATGCCCGCAGTTTCCCGCATCTTTTCCGTTCCTCATGCGTCCATCAGCCAGATAGGAAACAGCGACCTGAAAAACTTTGAGACATTCAGGCGGACTCCTGAAGTCGAGCTTGAGTTCAATCGCGAAGGGAAATGGCTCCGGATTGTTCTGCAGTCAGGGTTCCAGGGAATCAACGACATCAAGGAGCACAAAGTCAGAGACGCTCGAAGGCTCTTTGAAGAGCGGGGAATAAAGACCATCTGCGCCCATATAGACATCTATAACGGTCAAATGGCATTTGTTCCACTTGACCAGATAGCAGAAAACGATGCCCATTTCGTCACCCGCCATCAAATGGAATGGCAAAGCGTCTTGAGCATAGATCAGAATTATTTTAAATG
