gap_id	start	end	length	sequence
NZ_CP084154.1_gap1	79924	80598	674	TATCATACCAAGCCACTTCATCTACATTATCACTTCCAGAATATCTATAGTCAAATGTTCCTTTTTCAATAGCTACTTGTCCACCTCTAGCAAACCAATTCCACTCAACTTCTGTTGGCAATCTAAAGCCTTCTGTCTTTTTAAAATCTGCTATATCGGGACTTATTTTTTCTCCATCTAATTGATTTATTAACAATGTTCCTTTTTTACTTAAATCATAGACAGGTTCTAAATTATACTTCTCACTTAATTTATTACAAAACTCTAAGGCTTCCCACCAAGTAACACTATCAACAGGCTTATATATTCCCTCAAATTTTGAAGGATTATAGTCCATAACTTCTAGCCACATTTTTTGAGTTGTTAGATATCTACATACTTCTAAATCATATATTTCTTTTTCATTATCTGTAAAACAAGGTTTGTACTTCCCACCTTTTACAAATATCATGTCTTTAAATTTCTTTTTCATAGTTTTATTTCCTTTTAATTTTTTATTAAAAATAGTACCTATTGACATAGGTACTATTTTATATCTTTATTCTTTGTTTCTTTTTTTTAATTTTGACATTACTATTGGAGATAGTAATGAGAAAAGAGTTAAAAGTAATAAAACTTTTGAAACTGTACTTTGGAATAGAATTGAATAACTATTATGATTTAAAATAAGTGAT
NZ_CP084154.1_gap2	91637	95629	3992	AGGCTATTAAAAATGATAATTTTGATATAGAGAAAGAACAAGAACAACTTTTACAATATGATACATATATATTTATATCTCCAATTCATTGGTTCTATTGCTCAAGTTTAATGAAAAAATGGATTGATAATGTTTTTACTGAAAGCTTTTTTCGGGATGGAAAAATTAAAGGTAAAAATATAGTTTTCTCATTTACAACAGGAGCACCTGCTGAAATATATTCACATGATGGTTCATTAAAACATACAGTGGAAGAACTTACTTTAGCTATTAGTAGTATTGCATTGTATACTGGTATGAATAAACTAGGCTATGTTGTTAGTAATGATATGAATTTTTGTATAAAAGAGCATGGTAATGAAAGATTACAAGAAGTGTTAAAAAAAGCTGAGAAACATGCAGATAAAATAATTGAATTAGTTAAGTAAATTATAAATTATGGAGTTATGACTATGGTAAGAGAAGCAGTTAAAGAAGATTTAAATGAATTACTGAATTTATATTTATTTTTACACGAAAAAAATATTCCAGAAAATTCAGACTATTTAGAAAATACTTGGAAAAGAATTATTGAAGATACAAATCATCATATTATTGTTAATGAGATAAATGGAAAGATAGTTTCATCTTGTGTTTGTGTTATTATTCCAAATTTGACAAGAAATATACGACCATATGCCCTTATTGAAAATGCAGTTACAAATGATGAATATCGTGGAAAAGGCTATGCAACAGAATGTCTTAATTATGCAAAAAAGATAGCAATTAAAAATAATTGTTATAAGATGATGCTTCTGACAGGGACAAAAAGTGAAAATACACTAGCTTTCTATAAAAGTGCTGGTTACAATAGTGATGATAAAATAGCATTTATACAATGGCTCTAATTTAATAATTTTATAAAAAAGTAAGTTAAAAAAAGACTTACTTTTTTCTTTTTATAATAAGAACAAGTCTAAATATTATATTTTTTATAAATTATTTGTTTTTTTATTTGACAAAATATAAGATATTATTATATAATTATCTTAAAAAAGAAGGTGATAATATAAAAAAGAATAAAGCATTCTCAACTTTTGAAATAATATTATCCATTTTAATTTTTTCATTTTTAATGAATATTGCTTTTATAAAATATAGGGAATTTAAAGAATTAAGAGATATAAATGAAGCTAAAACAAAAATAACAGAAGCCTTTTATTTGGTATCAACAACTTCTTTGAAACAGAAAACAAAGCAGAAATTACAACTAAATCTCTCTGCTAAAAAGATTACAATATCAAATAAATCACTTAAAACACAAGAAATAAAACTTCCAAAAGACTTAATATATTTCCATACATATACATCAAATTTAAATAACTTAGAATTATCATTTACACAAAATGGAAATATAGCAAAGTCATTTTCAATTTACATTTTTAATAGAGCTAAAAAAGTAAGATATAAGATATCTTTTTATGGTTTTGATAGGAGTAAATTTCTAAAAATTAACAATTATCGTAAAAAGAAAAATAATGAAATATCCTATTCAAAGATATCAGATTATCACAAATCAACTAATGAAGATAGAGAAACTTTCTATAAGGATTGGAGGAAAGAGTAGTGAAAAAACTAATGTTACTTTTATTATTTTTATTTATATACATACAAATTTTTTCCCTTCAATCAAAGAAAAATTTAGTTAAAATTGATATTATAGGAAAATCTGGAATAAAAAGCTATTATGTAAATTTTTCTAATGAGCAGAATTTAGATAGCTTTGAAATATATGATACATCAGATTAAAAATAGTTCATTACTAGCCAGATTTCTTAACGGATAAAAATTAAGAATTCGCTGCAAATTCAATAAACTCACTTCGTTCAGACACACTGAGATTTGCTCGGTTCATTCTATTTAATTTTTATTCTAAAATCTGGAATGTAATTCACTTATTTTTAATACATAAGAATTGATAAGAAAGGAATAAAAATGGAAAATAGTTCTGAAAAAATAGAAAAATATTTTAAGAAAACTATCAATAGTACTATGAACAATAATAAAACTTCATATATTGAAGATATAGAAGAGCTATTTATCCGTGAAAATGTAAACTCTAACAAAGGAATTTTCTCAATATTGTTAGAAGCTATAAAGTTTTCAACAAGTGATATCCATATTGAAGCCTTGACAGATAAAATTAGAATAAGATATAGAATTAATGGTATTTTAAAAGAGGTTGCAGAAATTGATAAATCTTTTTTATCCTCAATAGTTTCTAAATTAAAAATCTTATCTTCTCTTGATATAGTTGAAAAAAGAAAGCCCCAAGATGGCAGATTTTCATTGAAATATAAGGGAAGAGAAATTGATTTTAGAACTTCAATTATGCCAACTATGAATGGAGAGAAAATAGTAATTAGAATTTTAGATAAATTCAACTATAATTTTACCTTAGAAGATTTATATTTATCAGAACAAAATAAAAGAATTTTCTATAAGGCTATAAATCAAAATAATGGGATTATCTTGGTAAATGGACCAACAGGTTCAGGAAAATCAAGTACACTATATAGTATTTTAAAATATAAAAATAGAGAAGAAGTCAATATTTCAACTGTTGAAGACCCTATTGAATATCAAATTGAAGGGGTAAATCAAGTTCAATGTAGAAATGAAATAGGCTTAGGTTTTGCAACAATTTTAAGAGCATTGTTAAGACAAGACCCAGATATTTTAATGGTGGGAGAAATAAGAGATAAGGAAACAGCAGAGATTGCAGTTAAAGCTTCACTCACAGGACATTTAGTTTTTTCAACTCTACACTCAAATGATAGTTTAGGTTGCATAAATAGGCTAGTAAATTTGGGAATTGATAGCTATTTATTGAGTTTGGTTTTACAGATGGTAGTATCTCAAAGACTTGTTAGAAAGTTATGCCCTCATTGCAAAAAAGAAGATGAAAACTACAAAGAAAAATTAAAAAGTTTAAATCTTTCAGAAGAAAAATATAAAAATGTAAAATTTTATACTTCAGCGGGTTGTGAAAAATGTATGGGAACTGGCTATATAGGAAGACTACCCATTTTTGAAATAATATATTTTGATGATATTTTAAAAGATATGTTAGCACAGAAAAAGGAGATAAAACAAAATTTTAAAACTTTACTTGATGATGCAATGGACAAGACAAAAGAAGGCTTAACTTCCTTGGATGAGATAATGAGGCAATTATGAAAAATAAAAAAGAAAAAATTTTATTTTTTACCAATGAATTGGCAATAATGCTAAAAAGTGGACTAACTTTTACAACTGCCATTGAAATTATACTAAAAGAAGAAAAGGATAAAAATTTTAAAGAAGTTTTAAAGAAAATCCATAAAAATTTAATAGCTGGAAAAAGTATTTTTGAAAGTTTTAAGAATTTTGACAAGATTTTTGGTAATACCTATTTGTATATGTTGAAAATTGGAGAAGTCAGTGGAAGTATTACAGAAAGATTAGAAGATATTTCCAAATCTTTAGAATTTGATTTAGCAAACCAGAAGAAATTAGGAGGAATATTAGTTTATCCAATAGTTGTTATAAGTTTAACTCTTATAATAGTAACTTTTTTATTGACTTTCATACTTCCAAATTTCATTACAATTTTTGAAGAAAATCAGGTTGAACTACCTTTAATAACAAGAATTTTATTATTTATTTCAAGAAATTTTCATTATATTTTGCTATTTATAATAGCTTTAATTTTAATAATATTTTTTATAAATATGTATATGAACAATAATAAATTAATGAGAATTCAAAAAGATAAGTGTCTTTTAAATATGAGATTATTTGGGGAGTTAAAAAAACTCTCTTTGAGTTCAGATTTATATCATTCATTTTCTATTCTTCTAAGTGTGGGAATTGGGATAATTGAAAGTGTAGATATTTTGTATATGAACAATAATAATTATTATATAAAAGAGAATTTATTAGAAGTCAAAAAATCGTTATTAGCAGGAAAT
NZ_CP084154.1_gap3	218582	222503	3921	TTTCACCAGTATTTTCAAAACGCTTGATTGAACCAAAACTCACCCCCGATTTTTTTGAAAATTCCTCTTGTGTCAATTTTAATTCTTTTCTTCTTTTTCTAACATTTTTTGCTATTTCCAATTGAATTTCTTTTGGTGTTTTAATATTTAAAAAATTTAATTTCATATATAATATATTATCTAAAATTAAAAGGACTAACTTCTATTTCTTATAGAAATTAATCCTTGTTAGTAAGTCAAATAAAAAATAAGATAAAAGTAATAAATGAGGAAAATAAAAATATTATAAATCCTGAAATATATTGTAGATAGTAAATAATAACAGAAACTAAGGCTATCACAAAAATTTCATCTAGCATTTTTTCCCAAGCTCGAAACTTAAATTTTATCTTATGAATAAAAAATGTAAAGAAAATTCCAATCAGTAGAAAAGTCAATACTAATATTATTTTTTTTATTGAAGAGAAAAATAGAGGTTCTTTGCATATATAAAAAGTCAATATTATTAAGTTAGTTAAAGGAAAATACTTTTTTAATTTGTATCTTGTTATAGCTTTGAATTTAAAGAAATCCTTACATAATAAAAGAATATTATAGAAAAATAATAAAATACCATAAAATACTTCTATATAAATAAAAATATTTGAAAAGTTTCCTATACTTAATGTTAATTTATCATTTAAAAATATATAGATGTTACTTAATATTGTTATGATTGCAGCTATGATAACTGTTTCATTGTAAGGATTGTAGTATCTTTTTATCATATACAAGCACTCCTTTTTTCTTTAAGAAAGTATCAACATCATTTAATATTATTCCTTTTTCAGTAATATCTTTTTCAGAGGTTTTATAAATTTCATTGGTATTTTTGTCTATAATGAAATAATTTTTAATGGATGGAGTTTCTACTTTCTTATTTCTTCTGGATAAGAAAAATATTGCAAAGTAATTATCATTCTCTCCAACTTTATCTATTCTTTCAAAATCATCATGAAAAGTTAATAACAATTTTCCTCCAATACCACTCACTAATCTATATTCATTATCCTTATTTTTATCTGTAAAAGTATATATCCTTGTCTCTTTTAACATTGGGAAAACAGAGGTAAAGATAAAAAGGAAAACTAAAAGAAACATAATACTTTTACTTTTCACTATTTTCATAAAAAACCTCCTTAATTTTTTTATAAAAAAAGTTAGGCTTGTATTACTCCTAACTTTCTAAGTATAACATATTCTTTAATTATTTTAAATATCTTCAGGAATTTTCTTATCTCTAAACATCTTATCAGCAATATATATAAAAGGTGTATCACAGATAGCAACAACAAATTTAATTATATATGTTGATAAGAAAATATTAAACATTACTTCTAGTGGATATACTCCATAGAAAGCAATAGTTGTAAATACTATATTGTCTATAAGTTGACTTAACATTGTACTTCCATTATTTCTAAGCCAGATAAACTTTTTTTCAGGAAAGAATTCTCTGATTTTTTCATATAACCAAACATCATGAAATTGAGATATTAAATATGCAGTAAGTGAGGCAATAGCTAATCTTGGTAATAATGAGAATATACTTTTTACACTTTCAAATATAGCTAAACCTTCTGGAACATCAAGAGGTTTAAAGTGTATAGCACATTGCATAATTAAAGTTGTTGCAACCAAAGAGAAAAAACCAATTTTTACTGCTGTGTTAGCAGCTTTTTTACCATAGTTTTCACTTAAAATATCTGTTATTAAAAATCCTCCTGCATACAATATATTTCCAAGAGTTGCTTCCAAACCAAAAAGATTTACAAGTATTACAACTTGTACATTTGCCAAAATTGTTGAAATAGGAACCCAAATATATAGTCCTATTTTACCAAATTTTCTATAAGCAAAAATTATACAAGAAAAATTAATTACCAACATTAAAAACCAAAGAAATATATTATGCATCATTGTTCGAAGACCCCCAAATCTTTATTATCTATTAAAATTTCAATTCTATCATTATCAAAAAGATATTTCATATCTTGTACAAACCATTTTACAAGTTCAACATCTCTTTTTACAGTAGTTCCATTTTCAACAAAAACATTTATTGTTATAGCTTTAAAATATTTTAAACCTAATTCAATATCCTTTTTTATCATTTCTTTTGTCTGTCCCTGAGTTGCTATCAGTAGACAAACTGAATAAATTTTTTCTGATAATTCTTTTAATTTCTTTTCATCTAAAAAAATATTTTTCTTATAGACATTTCTTCTAAAATCGTTATCAAAACTTTCTATCCCTGTTCTAAACCTAATTTCAATTTTTTTCTTTTCATTGAAATAGTCAATAATTTCATCTAAACGAGAAAGATATGAATAAAAAATCTCAAAATACAAAATTTTTATATTCTTCTCATATACTATTTCTCTAATTTTTTCTAAAGTTTTCTTAGGGATTTCAAAGACAGAACCAGAATTTATAACTTCCAAAATACTAAATTCTCCTGTTATTTCTTCTAAAACTTCCAAATTAACTTTATTAATTTCTTCCTCATCATTTGAGTTATCTTCTATGTAATTACAAAAACTACATTTCCCGTAAGCACAAGGAAAAGATTTTAAGAGAACTATTTCCCTTTGAAATTTTCCTTCTACCTTACTATACCTAATTCCCATTTTCCTCCAATACCTATAGCTGATTAATTTAAAATATTATATAAAAATCTATAAAATAAACTTTAAACGAAACTACTGCGGCGTCCATAAATATTTGGAGAGCCTTTGTGGAGCTCGAAAAATATTTATGGCTGACAAGTAGTTGAGATAAAAAAGTAAAAATTGATAAAGTTCCTTTTATATAATATTTTACAAATAAAAAAGGGGACTTGCACCCCAAGTCTAGTTTTTTAAAGATGGTTTAGCTAGCACATCTACATATTAAAATTTCTTTAACAATTCTCTGTATTGTTTTGTTAGCATTTTTACAGTAAATTTTCTAATAAATTGATACCAGAAGAATTGCATTTTTTCCATTCCTCTAACTGAATCTTGTAACATTCTTTTAACAAAATCTTGTTCTTCATAACTCATTTTTATTTCAGTACTTTCTTTTTTAGAAGCTATATCTGTAATATAAGTTAAGAAGTTATATACACCAGCATATTGACTATTAGAAGCTGTATCAGTAAATTGTTTTTTAGCTTCATTTATAAATCTAACAAGAAGTTTTTTATCAGTCTTATCAAGTTTTACAGTATATTTTCTTTTTCCCTTTCCTATTTTTTGAATACTATTCATCATTCCCATCATAGATGACATATTATTCATTTCCATAGGACTTAATGCCCCAGGATTAACTCTTGTAGCTTTCATATTTATCACCCCACTCTTCCAATTATTTTTTCAATTTCTTCTATCGATATTGCACCTTTTCTAAGTATTTTGGGAACATCAGAAGTTAAGTCAATTATAGTTGAAGCTTCTCCTAATTTACATTCTCCAGAATCTATTAAAATATCAACTTTAGACTTTATTGCCTCAGATAATTCATCATAAGATTTAGGAGTAGCTTCCCCTGAAATATTAGCACTTGTTGTGGCTAAAATTCCTCCTGCTAAATCTATAATTTTTATAGCTAAATCTAAATTAGGTATTCTTACACCAATAGTATCTCCACCAGAAACCATAATACTAGGTATATGTTCTTTTCTTTTTAGTATTACAGTTAGTGCACCTGGCCAAAAAGCTTTGGCTAACTTATCTAAAAGTTCCTTGTTTTTATCAGAAACATAGGCAACTTCTTCAACCTTATCAACTGAACTTAAAAGTGCAATAAGAGGAGAAGTAAAACTTCTACTCTTTGCAAGATAGACATTATTTATACTTTGTTCATTAGTAACAATAGCACCTAAACCATAGACAGTATCAG
NZ_CP084154.1_gap4	276380	277980	1600	GGTATATATCGCTTCCCAGTAGAAGAAGGAGCTGAAATCGCACTTAATACTGCTATAAAATTTTTAGATGAAAATCCTAATACTTTTGATTTAATATTATGGGTATTAGATGAAAAAACTTATGTTATATATAAAGAAAAGTATAAAAAACTTATAGAAATGTAAAAATAAAATTAAGGAGAATTTTTTAAGAATAAAAACTTAAAAAATTCTTTTTTTTCTCTAAAAATAGATATAGACTTTTCCTTAAAAAAGTATAAAATGGTATATAAAAGAAAGGAGTTGAAATATTATGTTGAATAAAGAAATATATGTAAATAGAAGAAAAAAATTAAAGGAAAACTTTAAAGATGGGTTAATTTTAATAATGGGAAATAATTTTTCTCCTCTTGATTGTGAAGATAACACATATCCATTTATCCAAGATGCTACTTTTAAATATTATTTTGGTATTGACCACAATGGATTAATTGGAATTATTGATATAGATAAGAATGAAGAAATAATTTTTGGAAATGACTATACAATGTCAGATATTATTTGGATGGGAAAACAAAAGTTTTTAAAAGAATTGGCTCTTGAAGTTGGAATAGAAAAATTTATTGAAAAAGAAGAATTAAAAAAATATTTAGAAAATAGAAAAAGTATAAGGTTTACTAATCAATACAAAGCAGATAATATTATGTATTTGAGTTCAATCTTGAATATAAATCCTTTTAAATTTGATGACTATACTTCTTTTGATTTAGTGAAAGCTATAATAAGACAAAGAAATGTTAAAGAAAAAATTGAAATAGAAGAGATAGAAAAAGCAGTTAATATAACGAAGGAAATGCATCTTTCTGCTATGAGAAATGTAAAAGCAGGTATTAAAGAATATGAACTTGTTGCAGAAGTAGAAAAACAGCCAAGAAAATATAATGCTTATTATTCATTTCAAACTATACTTAGTAAGAATGGACAAATTTTACATAATCATAGCCATTTAAATAACTTAAAAGATGGAGATTTGGTTTTACTTGATTGTGGAGCATTAAGTGATGAAGGTTATTGTGGAGATATGACAACAACTTTTCCTGTAAGCGGTAAATTTACTGAAAGACAAAAGACTATACATAATATAGTAAGAGATATGTTTGATAGAGCAAAAGATTTAGCAAAAGCAGGAATTACATATAAAGAATTACACTTGGAAGCTTGTAAAGTTTTAGCAACAAATATGAAAAAACTTGGACTTATGAAGGGAGAAGTTGAAGATATAGTTAATTTAGGAGCACATGCCTTATTTATGCCACATGGTTTAGGACATATGATGGGGATGACAGTTCATGATATGGAAAATTTTGGTGAGATAAATGTTGGTTATGAAGAAGGAGAAAAGAAATCAACTCAATTTGGTTTATCTTCTTTAAGACTTGCTAAAAAGTTAGAAATTGGAAATGTCTTTACTATTGAGCCAGGAATATATTTTATACCAGAACTTTTTGAAAAGTGGAAAAATGAAAAATTATATGAAGAATTTTTAAATTATGATGAAATAGAAAAGTATATGGATTTTGGTGGAATTAGAATGGAAAGGGATATTTTAATTCAAGAAGAT
NZ_CP084154.1_gap5	279416	281701	2285	CTCACCAAGGCGATGATGGGTAGCCGGCCTGAGAGGGTGATCGGCCACAAGGGGACTGAGACACGGCCCTTACTCCTACGGGAGGCAGCAGTGGGGAATATTGGACAATGGACCAAGAGTCTGATCCAGCAATTCTGTGTGCACGATGAAGTTTTTCGGAATGTAAAGTGCTTTCAGTTGGGAAGAAAAAAATGACGGTACCAACAGAAGAAGTGACGGCTAAATACGTGCCAGCAGCCGCGGTAATACGTATGTCACAAGCGTTATCCGGATTTATTGGGCGTAAAGCGCGTCTAGGTGGTTATGTAAGTCTGATGTGAAAATGCAGGGCTCAACTCTGTATTGCGTTGGAAACTGTGTAACTAGAGTACTGGAGAGGTAAGCGGAACTACAAGTGTAGAGGTGAAATTCGTAGATATTTGTAGGAATGCCGATGGGGAAGCCAGCTTACTGGACAGATACTGACGCTGAAGCGCGAAAGCGTGGGTAGCAAACAGGATTAGATACCCTGGTAGTCCACGCCGTAAACGATGATTACTAGGTGTTGGGGGTCGAACCTCAGCGCCCAAGCAAACGCGATAAGTAATCCGCCTGGGGAGTACGTACGCAAGTATGAAACTCAAAGGAATTGACGGGGACCCGCACAAGCGGTGGAGCATGTGGTTTAATTCGACGCAACGCGAGGAACCTTACCAGCGTTTGACATCTTAGGAATGAGACAGAGATGTTTCAGTGTCCCTTCGGGGAAACCTAAAGACAGGTGGTGCATGGCTGTCGTCAGCTCGTGTCGTGAGATGTTGGGTTAAGTCCCGCAACGAGCGCAACCCCTTTCGTATGTTACCATCATTAAGTTGGGGACTCATGCGATACTGCCTGCGATGAGCAGGAGGAAGGTGGGGATGACGTCAAGTCATCATGCCCCTTATACGCTGGGCTACACACGTGCTACAATGGGTAGTACAGAGAGTCGCAAAGCCGTGAGGTGGAGCTAATCTCAGAAAACTATTCTTAGTTCGGATTGTACTCTGCAACTCGAGTACATGAAGTTGGAATCGCTAGTAATCGCGAATCAGCAATGTCGCGGTGAATACGTTCTCGGGTCTTGTACACACCGCCCGTCACACCACGAGAGTTGGTTGCACCTGAAGTAGCAGGCCTAACCGTAAGGAGGGATGCTCCGAGGGTGTGATTAGCGATTGGGGTGAAGTCGTAACAAGGTATCCGTACGGGAACGTGCGGATGGATCACCTCCTTTCTAAGGAGAATAAGTCTTTCTCTATTCTATTGGTAATGTTCTTTACATTACTTCTGAACATTGGAAACTATATAGTAGAACAAACAAGAAAACAAAATTAACTCTAACAATTTCTTAGAGTTAGCTGTCAAAAAAATAGGTTAAAATAATTAAGGGCACACAAAGGATGCCTAGGTAGTAAGAACCGATGAAGGACGTGGTAAGCTGCGATAAGCCTAGATAAGTTGCAATCGAACGTAAGAGTCTAGGATTTCCGAATGGAGCAATCTATTAAGATGGAGTCTTAATACGAAAGAGGGAACCGCGTGAACTGAAACATCTAAGTAACGCGAGGAAAAGAAAGTAAAAACGATACCCAAAGTAGCGGCGAGCGAAATGGGTCAAGCCTAAACCTTAAATATGTCAAGGATACAGCCGTTGTATTTAAGGGGTTGAGGGACAGAGTGATGAAGAACTGTAAGATATTCAATATAGTGTATTGATGAACTAGAATAGTCTGGAAAGGTTAACCGTAGAAGGTGAAAGTCCTGTATAGGTAAATCCTTACACATATAACTTTGCTCCCAAGTAACATGGAACACGAGGAATTCTGTGTGAATCAGTGAGGACCATATCTCATAAGGCTAAATACTCTTACTAACCGATAGCGCATAGTACCGTGAGGGAAAGGTGAAAAGAACCCCTGGAGGGGAGTGAAATAGAACCTGAAATTGTGTGCTTACAAGCGGTCAGAGCCCATTTGGGTGATGGCGTGCCTTTTGGAGAATGATCCTGCGAGTTACGTTAAACGGCGAGGTTAAGTATAACGGAGCCGAAGGGAAACCAAGTCTTAATAGGGCGATTTAGTCGTTTGGCGTAGACGCGAAACCTGGTGATCTAAACCTGTCCAGGATGAAGCTGTGGTAAGACACAGTGGAGGTCCTAACCCACCGCCGTTGAAAAGTTGGGGGATGAGGTAGGTTTAGGGGTGAAAAGCCAATCGAACCAGGAGATAGCTCGTTCTCTCCGAAATGCATCTAGGTGCAGCCTT
NZ_CP084154.1_gap6	452472	454721	2249	ATTAGAAGATTGGGAGAAATTTCAAGTCCTGACTATGCAATAATAACTAATATAGGAGATTCTCATATTGAATTTTTAAAGACAAGAGATAATGTTTTTAAAGCTAAAACAGAACTATTAGAATTTGTTAATAAAGAAAATACTTTTGTCTGTGGAGATGATGGATATTTAGCAAAATTAGATGTTAATAGAATAGGATTCAATGATAACAATACTCACAAAATAGAAAGTTATGAATTTTCAGATAAGGGTAGTAAATTTGTTTTAGATGGAAAAGAATATAAAATTTCCTTGTTAGGAAAACATAATATTTCAAATACAGCTATTGTAATAGAACTAGCAAAGAAAATAGGTTTAACTGATGAAGAAATACAAAGTGGTTTAAAAGAAATAAAAATCAGTAATATGAGATTTCAAGAAATAAAAATAGGTGAAGATATCTACATTAATGATGCCTATAATGCAAGTCCAACTTCTATGAAGGCTGCAATAGATACTTTAAATGAAATTTATAATGATAAGTATAAAATAGCTATTTTAGGAGATATGTTGGAATTAGGAGAAAATGAAGTAGATTATCATATAGATGTATTAAATTATCTACTTGATAAAAAAATAAAATTGATATATCTATATGGTGAAAGAATGAAAAAAGCTTATGATATATTTATGAAATCAAAATCAGAAGAATATAGATTTTGGTATTATCCAACAAAAGAAGGAATAGTTGAAAGTTTAAAAAATATTAGAATGGAAAAAGTGATTTTACTCAAAGCATCAAGGGGGACTGCTTTGGAGGATATAATAAAACAGTAAAGTAATAAGGGGAAGGGTTAATAATGTTGTATTTTTTAGCAGAGCATTTTGTAAAACTTGAATTTTTAAAGTCAATTTATTTAAGAGCTTTTTTAGGCTTTGTAATTTCTTTCTGTATAGTTTTATTTGCAGGAAGACCGTTTATTAAATACTTAAAAGTAAAAAAATTTGGTGAAGAGATAAGAGATGATGGACCAAGTTCACATTTTTCTAAAAAAGGGACTCCAACAATGGGAGGAGTTTTAATTATAGCTGCTGTACTTTTAACAAGTTTATTTATTAATGACTTAACAAATACTTTAATATTACTTGTTTTACTTTCTACAATTATGTTTGCAGTGATAGGTTTTATAGATGATTATAGAAAATTCACTGTAAGTAAGAAAGGCTTAGCAGGGAAAAAGAAATTATTATTCCAAGGTATAATAGGTTTAATTATATGGGCTTATATATATTTTGTTGGTTTAACAGGTAGACCAATGGTTGATTTATCAATAATTAACCCAATAAGTGCATATCCTTATTATATTGGAGCTATTGGGATGTTCATTTTAATTCAAATAGTACTTATGGGAACATCAAATGCAGTAAACATAACAGATGGACTTGATGGACTTGCAATAATGCCTATGATAATCTGCTCAACAATTTTAGGAGTAATTGCATATTTTACTGGACATATAGAGTTAAGTTCTCACTTACACTTATTTTATACTGTTGGTTCAGGAGAATTGTCAGTTTTCTTAGCTGCAGTAACAGGAGCAGGTTTAGGATTTCTTTGGTACAACTGTTACCCAGCACAGATATTTATGGGAGATACAGGTTCTTTAACTCTTGGAGGAATCTTAGGAGTAATTGCAATTATTTTAAAACAAGAATTAATGTTACCAATACTTGGCTTTATATTTGTTCTTGAAGCTTTATCAGTTATATTGCAAGTAGGTTCATTTAAATTAAGAGGAAAAAGAATTTTTAAAATGGCACCTATTCATCATCATTTTGAATTAATGGGGATACCTGAATCAAAAGTAACAATGAGATTTTGGATAGGAACACTTATATTTGGTATAATAGCTTTAGGTACAATAAAAATGAGAGGTATACTATAATGAAGAAAGCAATGATTTATGGATTAGGAATAAGTGGAACAGGAGCAAAAGAATTACTTGAAAAAGAAGGTTATGAAACTATTGTAGTTGATGATAAAAAAGCTATGACATCAGAAGAAGCATTAAATCATTTAGATGGTCTAGAGTTTTTTATTAAAAGTCCTGGAATACCATATAATGACTTTGTAAAAGAAGTTCAAAAAAGAGGAATTAAAATTTTAGATGAAATAGAAATTGCTTATAATTATATGATAGAAAAAGGTTTAAAAACAAAAATTATTGCTATAACAGGAACTAATGGAAAAAGTACAACAACAGCAAAAA
NZ_CP084154.1_gap7	462149	466286	4137	CAAAAGGACAAGGAGCTGGAGCTTCACCAGAAACTGGAAGACTAGCAGCAGAAGAAGATATTGAAAAGATTCAAGAACTTTTAAAAGGGACAGATATGTTATTCATTACAGCTGGAATGGGTGGAGGAACTGGAACAGGTGCTGCACCAGTAATAGCAAAAGTAGCAAAAGAACTTGATGTATTGACAGTTGCAGTTGTAACTAAACCATTTAACTTTGAAGGTGAAAGAAGAAAAAATAATGCTGAAACAGGAATTGAACTTTTAAGACAAAATGTAGATAGTTTAGTTATAATACCTAATGATAAGTTATTTGATTTACCAGATAAATCTATAACTTTACAAAATGCTTTTAAAGAAGCTAACAATATTTTAAGAATTGGTATCAAGGCAGTAGTTGATCTTGTTTTAGGACAAGGATTTATAAATCTTGACTTTGCTGATATTAAGTCTGTATTAAAAGATTCAGATATAGCTGTGTTAGGATTTGGAGATGGAGAAGGAGAAAATAGAGCTATGAAAGCTGCTGAAAAAGCATTACAATCTCCATTGCTTGAAAAATCAATTCAAGGAGCAGATAAAATCCTTATCAACTTAATGACATCACAAGATGTTGGACTAAGTGAATCTCAAACAGTTACTGATGTGATTAGACAAGCAGCAGGAAAGAAAATAGAAGATGTAATGTTTGGAGTTACAATAGTACCTGAATTTACAGATAGAATTGAAATTACAATCATAGCAAATAATTTTAAAGATAGTGTTGATACAAATACAGATTCTCCTATAAGAATAGATAGCTCAAAACCAGCTGAACCTCTAAGAGAAACTGAAAAGAAGAAAGAACCAGAAGAAGAAATTGATATTCCACCTTGGATGAGAAATAATAAAAGGTTGTTTGTCAAATAGTGTTGATAAAAAAGTTTAAACTTACAATTAACAGAACTAAGAGAATTTTTTTGAGAATAAGATCTTAAAAGATTCTCTTTTTTGTTTAATTAAATCACTTTATTGAATTAAAAAATTAAGCACTAATTGATATAATTCCTGCTTGAATTAATATGCGCTTTTTAAAATTACTAAAATTTGAATATCCAAATGCTGTTCTCTTTATTGACTTAATTTTGTTGTTTAAACCTTCTATCAAACCATTTGTAATGTTTGACTTAAACATATTTTCAATGTGTTTCATATATTTTTTTAAACTCTTTAAAGCTACTAGCATTTGTTTAGATACTTTCTCTTTTTTAGCTAAATTTTTCTTTACAATATTTTCAAATCTTTTAAAGTTATTATGTCTTATTGATTGAAGAATATCTTGATATATATTAAAATTAACATCTAATTCAGGACTCTTTTCTAGAAGATAGTCCACTTTTTGCTTAGTACTAAGTTTGTATTTAAAGCTTGGACAATAATATGATTCTTGACAAAGGTCAGGATAATATTTTTGGAGTAATTTCCAAAATAGTTTTAATTTTCTTTTTAATGAATCATCTTTAAGAGAATTCATAATGGATATTCTAGTTTGGTTAAAAGCTCTACTAACTAGATTAACAATATGAAACTTATCTAATACTATCTCAGACTCAGGAAAAATAGATTTTACCAAACTAATATATGGAGAATACATATCCATACAGATATATTTTACATTATTTCTAGCTTCAAGTGAAAATCTTGAAAAATATTCTGTCAAGGAATTTAATCTTCTATCTTCAACAATATCAATAATATTTTTAGTTTGATAATCAGCAAAGATAAAAGACATAGCACCATCAATATTTTTAACTGACTTAAACTCATCAATGCATATAGTTTCAGGTAAATGGTCTTTATTAACCTTAAAATCAGAGTAGCACTCATCCATAATTCTTTGAACTGAAGAAATAGAAAGATTGTACTTCTTAGCAATAAAAGTAAGAGAAATATTTTCTTGAAGTTCTTGCGCAATAGTGTATTTAAGGTTATTAGAGATATTAGAATTATCTTTAGCAATACTAGTAGAAGGAGAAAAAGTTTTTTTACAATCTTTACAGATATACCTTTGTATACTAAGATTAAGTTCAACATTGTAATTTTGAAAAGGAATAAATTTAATATTACGTTCTCTAGAACCATTTTTAACAATATTTTTAGAGTTACAATGAGGACAAGAACAATAATTAGATTTAAGAAAACCTTTAAAAACTTTAATTACATAATTACCTTTTTGAATAATCTGACAAAAATCTTCTTCTGGAAAAGAGATATTATCATCTTGAATATTTAAGATATTTTTGATAAAATCAGATAGAGACAATGAAATCACTTCCTTTTTGAGTTATTTTTAGCAATTTAATTTTAACAGGAAAATTTTATTGTCTCAACTTTTTTTATTAAAAAATGATGCTAATGGAAATTTCTTCCATCAACACCATTTATTATACAACCTAATAAAAGATAATATTGGTTATTAAGGATTGATTTTTAGTCAATCCTTTTATATTTTTATAATAACTAATTCTTAAATTTTTTGTTAGCTTTTCTATCAAATATTTTTAAAAAAGTAAAATTAAATTTTTAGTTATTAATTATATGAATAAATTTCTTTTAATTCATTTAAAAATATGATAGAATAAAATAAATTTTTATTTTTTAATTAGGGAGGAATTTTTATGCAATTTGATGTAGTTGGTTTTATTTTTAACTCATTAGTGTTGTTGTTTTTTACAATGACTTTAGGAAATCTTTTTGGGGATATAAAGTTCAGGAAATTCAACTTTGGTATTACTGGAACTTTATTTATAGGATTGTTTGTTGGATATTTTTTAACAAAATATGCAGTAACTATACCAGAAGGAAGTAAGCATATTTCAAAGGCTCAAAATATATTAAAAGGAAATATTATAGATAATTCTATTATGAATTTATCACTTCTTATCTTTATAGTAGGAACAGGGCTTTTAGCAGCAAAAGATATGAAATATGCTATTACTAAGTTTGGAAAACAATTTGTTATTATAGCAATATTTATTCCATTTGTAGGAGCAGTATTTTCTTATGGATTCTCACAAGTTCTTAACAATATGAGCCCATATCAAATAACTGGAACTTATACAGGAGCTTTAACAAGTTCAGCAGGACTTGCAGCAGCAACTGAATCATCAGAAGCAGAATCAAGACAATCTGCTACAAACTTTCAAGATTTAAATGAAAAGACTAAAACAAAAATTTTAGCTATCATTAATAATGCAAAAGAAAGAGATGCTAAATTAAAAAATGAAGCAATTCCAGAAAAAATGACACTTGAAAATACTACTACTCTATCAGCTGAAGATACAGAAATTTATGTAACAGAAGCTAAAGCTGGAGTTGGAGTAGGTCACTCAATAGGATATCCATTTGGAGTACTATTCTTAATTTTAGGAATTAACTTTATACCAAAAATATTTAGATTTGATGTAGAAAAAGAAAAAGAAAAATATTTTGCTCAAAAGAAAATTGATTTAAGCAATGATAAAGATGCTGGAAAAAATACAATAAAAGAAGTCAAAATGGACTTTGTAGGTTTCTCAATAGCAGCATTTTTAGGATATTTTTTAGGAAGTATTAAAATTGCAATGGGGCCTTTAGGAACTTTCTCATTAGGAAGTATAGGTGGAGCAATAATAGTTGCATTGATTTTAGGATCTATTGGAAAAATTGGACCTATTAATTTCCGTATGGATTCTGTTGTGCTTGGAAAAATGAGAACATACTTCTTATCTATTTTCTTAGCAGGTACTGGATTAAATTATGGTTTCCGTGTTGTTGAAGCAGTTACTGGTGATGGAATTATGATAGCAGTTGTATCAGCACTTGTAGCAATATTATCTGTTTTATTTGGCTTCTTATTAGGACACTATGTTTTCCATATAAATTGGACTTTATTATCAGGAGCTATAACAGGAGGAATGACATCAGCACCAGGTTTAGGAGCAGCAATTGATGCATTGGATTGTGATGAGCCAGCAATATCTTATGGAGCAACACAACCTCTTGCAACTTTATGTATGGTAATTTTTTCTATAATTATTCATAAATTACCTATCTAAAGTAAAAAATAATATATAAAAAAAGGATTGATTTTAGTCAATCCTTTTTTTGCTTTTTCTAT
NZ_CP084154.1_gap8	469243	471095	1852	TGGACAAGGCTCAAAATTGACAATAGGTGAAGGTGCAGTAGGTCTTTACTCAGCTAATCCTGCTAACTTTCATAATACATTTAAAATTGAAACTGGAAAAACTTTAAATGTAGAACTAGGTAAAAATTCAACTTTTGGACTTTTAAATGGAAATAAAAGTGTTACAGCTTCACCATTATTAAGTAAATATTTGAATAATGGTACAACAGATAAAATTAATATAACTAGTTTTAGTGAAGGAGCAAGTATATTCTATGCAACATTACAAGCAAAAGCAGTTTTAGATACAGATTATACTGTAACAAATGGAGATGCAGAATCAACAGCTGTTTTAGTAGCAAATGATGGTTCAAATGTTGAAATTGCAACTGGAAAAACATTAACAACAAATACTAATGTTGGACTTATTGCAACTGGTGGTAAAAGAACGGTTCCTTCTGTCCCTGTGGCTGAAAATAAAGGAACTCTTATATCTACTAGGCTAGATAAAGGTATAGGAATCTATGTAACATTTGGAACTGGAAAAAATAGTGGAACTATCACAATGAATAATAAAAATGCAGTTGGTATGTTAGCAACTATTGGTTCTAATTTAACAAATAGTAAGAAAATAGAATTAAATGGAGTTTCATCAGCAGGAATCTATGGGGAAGATTCTGGTATGACAAATTTAGGAGTCAATTCTGAAATTATTGTAAATAAAGAAGCTTCTGCAGGAATGTATGCAAAATTAACATCAGCATCAACTGTTGATAAAAATTCAAAGAATGAAGGAAAAATAAAAATTAATGCTGATGGAAATGGAAAATCAGCAGCAATGTATTCAAAAATACAAAGTGGAACTAAAAAATTAAGCACTGAAAATACAGGAACCATTGAAGTAGCTCAAAAAGGGTCAGCAGGGATTTATGCAGATAATATAAGCAGCCAAGTTAATACACAATCAGAAGTTATAAATACTGGCTTAATAAAAATGACTGAAGAAGAGTCAGTTGGAATTATAGGTAAAGAATCTAAAGTTACAAATAGTGCTACAGGAACAAAAGGAATTGAAATATTAGGAACAGGATCAGCAGGAATTTTAGCAACTCTTAGATCAAAAGTAATAAATTCAGGAAGAATAGAAGGAAAAACAGGAACAAATTTAGTTGGAATCTCAGTTGATAATACTTCAACAGTAGAAAATAGTGGATCTATTATAATGAATACTGCTTCTAATACTGGAATATCATCTAAAGGTGGAGATGTAATAAACAGTGGAACTATAACTTTAAGTGGAGCTACATCAACAGGAATTTCTTCTGAAAATGCAAATATAACAAATTCTGCAACAACTGGAATAATAGAAGTAAAAAATGGAAAATCAGTTGGAATTTACGCTAAATTAGCTGGAAATAATAATAAGGTAATTTCTAATGCTGGAAAAATCTCTTTAGAAACACCAACTGGACTAACTCCAACTCCTGAAAAATCAGCAGCTATATATAGTTTAGTTGATAGTGGAAGTGGTATACTAACTACAAATAATACAGGAACTATTGATGTTGATCAAATAGGATCAGCAGGAATTTATGCAAAAAATAGTACAGGAACTAGAGCTAATTCAGTAGTGACAAATAGTGGAATTATTAATGTTACTAAAGAAAAATCAGCAGGAATATTGGGTGAAAAATCTGAAATAACAAATAGTGGAACAGGTTCAAATGGAATAGAGCTAAGTGCTATTAAGACAGCTGGAATAATAGGTAACAATGATTCAAAAGTAACTAATAGTGGAAGAATAGAAACAAAAACAGCAACTCCTGGAAGTGCATCAGAAGGTTTAGTAGGAATTTCATTAAATGATTCAAAA
NZ_CP084154.1_gap9	472352	473192	840	GGAATATTAGCTAATAAAAGAACAACAGGAATTAATGAAAAAAATATTAATGTAAATAGTAAATCATCAGTAGGGATATTAGCAAAAGAAGGTTCTAATATTGAAAATAACACAAGTTCTGGTACTATAAATTTAAAGGAAGAAGATGGAATAGGAATGTTGGCAGATGGAAAAGATGCAAGTGGTAATATATCTACTGCTATTAATAATGCAGGGATTGTTGCTACATCAACAGGAATAAAATCTTTGGGAATGCTTGCTCAAAATCATGGAAAGGCTGAAAATAATAAAAATATTGATATTTTAGCAGAAAAGGGAGTAGGTATATTTGTTTCTGAAACTGGTATAGGAGAAAACAAAACAACAGGAGTAATATCTTTAGAGGACAAAGAAACAGTTGGAATATTTGCAAAAAATAATGGGACTACTGATAGTGCTAAAAATGCTGGGACTATTAATTTAGGTAAAGCTGATGGCTCAACATTGCATGAATCATTAATAGGTATGTTTGCACAAGCAGAAGCTGGAAAAAATGCTAATGTAAAAAATGAAAAAGATATTAATATAAATACAAAAAAATCAGTAGGGATGTATGCAAAAAATGATGCTTCAAATATAACTGATGTAGATTTAGAAAATACAGGAGATATTAATATTAATTCTAAGGAATCAGCAGGAATTTATGCACCTAAAGCTACTATTTCAAAAGTTGGAACAATTACTTTAAAAGATTCAACTGATTCTAATGGTTCTTCAGCTGTATATATTTCAGAAGGAGGAAAAGTTGCTGATACAGCTGGAGCTAAAATTAATTTAGGAACAGCAAATCAAAATAGAGTT
NZ_CP084154.1_gap10	475336	475935	599	AAAATCTATTGGAATTTATTCAATAACTAATTCAGATGTAGAAATGAATGGTGGAAAAATTCATGTAAAAGATCAAGCTACTGGAATTTATAAACAAGAAGGAAAAGTTACTATAAAAGGTGAACTGGATATTGATACACATGTTACAACTACTAAAGATACTGAGCCTACTGGAGTGTATGCAGTAAATGGAGCACAAGTTGATGATCAAGCTACTAAGATTTCAGTTGGAGCAAAATCTTATGGATTTATATTAAATAATAATGATCCAACAAAGGTTAATACTTATATTAGTGAAAACACGGGGACTGTAAATTTAGCAAATGACAGTGTATTCCTATATTCTAATGGAAAAGCAAATATTATAAATAATAGAACAATAAATTCAAATGGTTCTGAACATTTGATAGCTTTCTATATTAAAAATGGTGGAGATTTCACAAATAATGGAATAATAGATTTTTCAACAGGAAAAGGAAATATAGGAATCTATACACCAATGGGTAAGGGAATAAATAAAGGAAAAGTTTATGTTGGAGCAACTGATGATATAGATCCAATGACTGGAAAAGTTTATTCTGATGTTTCAAAAATTGTTT
NZ_CP084154.1_gap11	478270	482327	4057	GGGATTAAAAAAAGTTACTTACCAATTAACTTATGAAGAATGTAGGGAGCTGATAGCAAGTATGTCTTTTGGTTCAAGTTCAACAATATTTGGTCGTGAAAAAAGTGAAGGAGCTTTAAAAGGAATTGTAGATTCTATCTATCAAAGTGCTTTTGGAGAAGATGCTTATCCAACAATTGAAGAAAAAGCAGCAAATTTATTATATTTCATAGTAAAAGACCACCCATTTATAGATGGATGTAAGAGAATCGCTGCTAGTATATTTATATACTTTTTAAATCAAAATAATCTTTTATTTAGAAATGGGGAAAAGATTATTTCTGAGAGTAGTTTGGTAGCAATTACACTACTTCTTGCAGAATCTAAACCAGAAGAAAAGGAAATGATGGTTAAGGTTGTTATGAACTTTTTGGGGTGGTAAAAGGTCAGACAGTGTCTGACAAATTTAATTCCGCAGACACTGTCTGCGGAATGTAAATATTTAAACTTTTCAAAAAACTCACTCATTGAGTGAACAATTGGAATTGTACTATGTGCAGATAAAAGTGATTCAATAGTAAAATATACTTTATCAAAAAATGGGTTGTATAATAAATGGTGTTGATGGAAGAAATTTCCATTAGCATCATTTTTTAATAAAAAAAGTTGAGACAATAAAATTTTCCTGTTAAAATTAAATTGCTAAAAATAACTCAAAAAGGAAGTGATTTCATTGTCTCTATCTGATTTTATCAAAAATATCTTAAATATTCAAGATGATAATATTTCTTTTCCAGAAGAAGATTTTTGTCAGATTATTCAAAAAGGTAATTATGTAATTAAAGTTTTTAAAGGTTTTCTTAAATCTAATTATTGTTCTTGTCCTCATTGTAATTCTAAGAATATTGTTAAAAATGGTTCTAGAGAACGTAATATTAAATTTATTCCTTTTCAAAATTACAACATTGAACTTAATCTTAGTATACAAAGACATATCTGTAAAGATTGTAAAAAAACTTTTTCTCCTTCTACTAGTATTGCTAAAGATAATTCTAATATCTCTAATAACCTTAAATACACTATTGCGCAAGAACTTCAAGAAAATATTTCTCTTACTTTATATTGCTAAGAAGTACAATCTTTCTATTTCTTCAGTTCAAAGAATTATGGATGAGTGTTACTCTGATTTTAAGGTTAATAAAGACCATTTACCTGAAACTATATGCATTGATGAGTTTAAGTCAGTTAAAAATATTGATGGTGCTATGTCTTTTATTTTTGCTGATTATCAAACTAAAAATATTATTGATATTGTTGAAGATAGAAGATTAAATTCCTTGACAGAATATTTTTCAAGATTTTCACTTGAAACTAGGAATAATGTAAAATATATCTGTATGGATATGTATTCTCCATATATTAGTTTAGTAAAATCTATTTTTCCTGAGTCTGAGATAGTATTAGATAAATTTCATATTGTTAATCTAGTTAGTAGAGCTTTTAACCAAACTAGAATATCCATTATGAATTCTCTTAAAGATGATTCATTAAAAAGAAAATTAAAACTATTTTGGAAATTACTCCAAAAATATTATCCTGACCTTTGTCAAGAACCATATTATTGTCCAAGCTTTAAATACAAACTTAGTACTAAGCAAAAAGTGGACTATCTTCTAGAAAAGAGTCCTGAATTAGATGTTAATTTTAATATATATCAAGATATTCTTCAATCAATAAGACATAATAACTTTAAAAGATTTGAAAATATTGTAAAGAAGAATTTAGCTAAAAAAGAGAAAGTATCTAAACAAATGCTAGTAGCTTTAAAGAGTTTAAAAAAATATATGAAACACATTGAAAATATGTTTAAGTCAAACATTACAAATGGTTTGATAGAAGGTTTAAACAACAAAATTAAGTCAATAAAGAGAACAGCATTTGGATATTCAAATTTTAGTAATTTTAAAAAGCGCATATTAATTCAAGCAGGAATTATATCAATTAGTGCTTAATTTTTTAATTCAATAAAGTGATTTAATTAAACAAAAAAGAGAATCTTTTAAGATTTTATTCTCAAAAAAATTCTCTTAATTATGTTAATTGTAAGTCTAAACTTTTTTATCAACACTATTTGACAAACAACCAAAAAATGAAACACAAGTCTTTGTCTCAAAGTATAAAGCATATTTACCAATTGAAGAAGAATTGTTATCAAAAATAGAAAAGGAATATAATATATTGAAACAAGAAGAATTAGGGAAAGATGAGTAAATATAAAATTTCAGATATTATTTGAGGAATTTAGAAGGAATAAAGGTTTATAAAAAATGGTGTTAATATGAAATTTTTTTCATTAACACCATTTTTTACATAACTAGGTGATTTTTATTAAATATTAATATTATTATTTAATAAATTTTTTCTAAGATTTTTTTTTTGATATCTTCAAAATTACAAATATACATCTTTTGAAAACTAATACTTAATTGAGTAGAAATTTTCTCTAATAGACTATCAACATGTCGTGTTATTATAGATATTGTATTTAAATGTCTTGGTAATTCAGGTAATAAACTAATATCCTTTATATTATTTATTTGATTTTTTAGTTCTTCTTCTTTATTTTTCCAATATTGAATATATTTAATTCTTTCTCCAAGATCATAAATATTAGGTTCAATTGAAATATTTTTTTCAAGCTCAGCATCATAAAATTTTCTATCATCATCAGATAATATAATAAAAAGTAATTTATTCATATAATGATCATCTTTCATTAGTTCTGTAATTTCATACATACAATTTTTTGACTTTAAATAACTGTCTGATATAATAGATATTACAAAATCGTGCTGTTTTATTGTTTTCATATATTCTTCTAAGTCATTTTTATATTCTAATTGATCTTCATCTACTATCAAATTAAGATATTTTTCATGTTCTAAATTTACTTTTATAATCTTCATTATAGATTTATCTTTATGACAATATGATAAAAAAACTTTTTGTATCATTATTTCCATTGGAACATATCTATTTCTACTATTTTTTTTCATCATGTATAATATATTGTTATAAGGTATCATTTCTGTAGTCTTTTTAACTTCAATTAAAAATAAATTCTTTCCATCAAGAGAAAATTTTTTAAATTCAACATTACTGTTTGGAAAATTAGAACTTATAAAATTTTTAATTTGATTATCATCATCTGAAAAACCTTTTACTTCTAATTCATTTCCATCATCTTTTACCCCAAATAAAATTAAACCATCTCCATTATTAGAGAAACCAGACACATATTTGCCAAGGCTATCATTGGGTAAACTTGGATAAATATATTTAATTTTTTCAAAATCACAATTATTAATTTTTTGCTTGATTATATTTAAATCAATCATTCACCTATTCTCCTTTTTGGTTAATTCTATTTAAAGGAATCATATTAATTCCTGTCATCACAATTAGTTCAGCTAAGGATATTGACTTAACTACTCCTTTTCCATCATCAATCCATAATTCATAGGATAGTTCATCCATAGCTTCTAATTCTACTTGCTCATAAAATATTATTTTATCATTATCAGCAGGTCTTACAACTATTCTAATATCAACTTCTTGATCATTTATTATTTTTTTTACTTGAAATATATTATCTATTGATTTTTTCCATTCAGAAATATCAGAATTTATTATATATATATCACTTTTTTCTTTTAACTTATTATACACATTTTGAATACTTCTTATTCTTAACTCTTGATATTTTTCAGCTGAATAAATATTATGAACTATTTCATGAAGATATTCTTGACCTTTTAAACTAACTAAGTTCTGATTTTTAATTATTTGAATTATTTCATCCTCTGTTTTTCCAGTTTCCTTTATTAACTCTTCATATCGATCGCTATTTTCTAATCTCCTTCTCATTTCCTCATGATTTGTTAAGTTATAACTTTTTTCATAAAGTTCTAAAAATAATTCTTTAGCTAAAGAAGGACTACTGTTAAACCAATCTGTTAATTTATTATATTTTTTTTGAGTATCTGTTTGTCGCTTAATATTTTTAGATTGCTCTTCA
NZ_CP084154.1_gap12	624170	626959	2789	AAAGAGAAATTGAAGATAATGATAGAAAAATTAGAGATAATAGAAAAAGAGTAGAGCTATTACTTAATTTAAAAGAGTATTTAAAATCTAGTATGTCTTATGCAGAAATAATAGATATTATAGAAAATATGCAATCTGATTATGAAGATAGAGTTGATGACTATATAATAAAGAATGCAGAACTTGGGAAAGAAAGAAGAGAAATTAATAAGACTATAAAAGATTTTAAAAAGTCAGTTAGTTAGGGAGCTAAGTAAATGCCAACTAAAAGTTTAGAAAGATTGATATTAGAATTTAATAAGTTGCCAGGAGTTGGGCAAAAATCAGCAACAAGGTATGCTTTTCATATTTTAAATCAATCTGAAGAAGATGTAAAAAATTTTGCTGAGGCGCTTTTAGCAGTTAAAGAAAATGTAAAAAAATGTCATATATGTGGGAATTACTGTGAAAGTGATACTTGTAATATATGTTCTGACAATGCTAGAAATCATAATATTATTTGTGTTGTTGAAGAAAGTAAAGATATTATGATTTTAGAAAAAACAACAAAATATAGAGGTGTTTATCATGTTTTAAATGGTAGACTAGACCCTCTAAATGGAATTACTCCAAATGAACTTAATATAAAATCTTTACTTGAAAGAATAGCAAAAGATGATATAGAAGAAATAATTTTAGCAACTAATCCTAATATTGAGGGAGAAACTACTGCTATGTATCTTGCTAAACTTATGAAAAACTTTGGAATAAAAATTACTAAATTGGCAAGTGGAATTCCTATGGGTGGAAACCTAGAATTTTCAGATACTGCAACTATTTCCCGTGCCTTAGATGATAGAATTGAAATTTAATAAAAATAGAAAAAGGATGCAAAATAAACTGCATCCTTTATTTTTTAATATTCATAATAAATTACTTCTAAATCTTCTCTTAAAAAAGCTACCTTCTTTTTAGCAGTATCATAACCATATACAATACCATTCTTATCTAGCAAATATATCTTTTTGTATACTTTTAAAGTAGATGTTTCTTTTGATGATTTTTGAGTTTCTGGATCATAACCATAAAATATAAGTTGATATGTATTTCCTTTTTTTATGATTTTAAAACTATCAGCAGTATCAGGATAATCAATTTTTCTTCCTATTATTTTATCAAAATGTGGTTTACCATCAGTAGTCATTTTATCTGCAAAAATACTAAAACTTAATAAAACAAATAAAAATAATAAAAATTTTTTCATAAAATCCTCTCCTTTAAAATAAGTTTTAATTTAACAATATTTAGCAAGAAGTCTCCCACTTCTATAAGTGGAAGATGAATTGCTTTTTTCTTGTTTTTTATTGGATATTATGGTATACTAAAAATGATAAAAGATAAAAATAAGGGAGTGGATATAATGAAGACCAAAATAATTAAAAAAGCATATAAATTCAGAATATACCCTACCTTAGAACAAATTAGTTTTTTTGCTAAGTCTTTTGGTTGTGTTAGAAAGGTTCATAACCTTATGTTAGATGATAGAAAGAAAGCTTATGAAGAATATAAATCAACAGGAATTAAAACTAAATATCCTACTCCTGCTAAATATAAAGAAGAATATCCTTATCTAAAAGAAGTAGATAGTTTAGCTCTTGCTAATGCACAATTAAATTTAGAAAAAGCTTATAAAAATTTTCTTAAGAATAAAGATTTTGGTTTTCCAAAATATAAATGTAAATCCAATCCAGTACAAAGCTATACTACAAATAATCAAAACACAATAAGTATTAAAGATAGATATATAAAACTTCCTAAACTAAAATCACTAGTCAAAATTAAACTACATAGAAAAATAAAAGGTATAATTAAATCAGTAACAATAAGTAAAAATATTATTAATCATTATTTTGTTTCAATATTATGTGAAGAAGAAATAGAAGAATTAGCAAAGACTAATAAAAATATTGGAATAGATTTAGGAATAAAAGAATTTGCAACGATGAGTGACTGTACAAAAGTAGAAAATTTAAAGCTATTAAAAGAATATGAGAAAAAACTGAAAAGAGAACAAAGAAAGCGATCAAGAAGATGTAAACTTGCTAAAGATAGCAATAAAAAACTATCAGATAGTAGGAATTATCAAAAGCAAAAGAAAAAAGTAGCAAAACTACATAATAAAATTAGAAATAAAAGAAAAGACTTTATAAATAAGTTGAGTACAAAAATTATCAATAACCACGATATAATTTGTATAGAAGACTTAAATATAAAAGGAATGTTAAAAAATCATAAACTAGCAAAGAGTATATCAGATGTAAGTTGGAGTGAATTTAGAAGACAATTAGAGTATAAAGCAAATTGGTATGGAAGAAAGATTGTAAAAGTACCTATATTTTATCCAAGTAGCAAGACTTGTTCTAGCTGTGGAAATATAAAAGAAACTCTAAAATTATCAGAAAGAATATATCATTGTGAATGTTGTGGACTGGAAATAGATAGAGATTATAATGCAAGTATAAATATATTAAGAAAAGGTTTAGAAATATTAAAAGAAGAAAAAGTAAGTTAAAAAATCAAAAAACAGGGTAGGGACTACCCAAAGAGCTTGGTAAATATATGTGGCTAATAAAAGTACATACTTCCCAAGAAGCTCCCACTTCTACAAGTGGGAGTAGTTCACTTTAATGATATAAAAGTTTAACATAGTTTTCTAGCATTTTCAAGTAAAAAAAGTTGAAAAGTTGACTAAAATAGTATATAATTAGTTAAGTCTTCTTAGACTTATAATTTTAGAAATTTTAGGAGGC
NZ_CP084154.1_gap13	633746	638481	4735	TTATACAATTTTTAAGGAAATGTCAAGTTTTAACTTGACAAAAGTATATATAGAATATATAATCTTGGTATGATAAAGACTCTATCACACGAGCAATTTTATTGCAGTGGACCAGGATAGGGTTGTTTTTTATTTATAGGAGTTTTATATGAATAATATTGAAAAAATAGCAATAAATACAAGAAGTAATAATGTAAAAAAACCAACAACAATAGAAGAGCAAATAAAATTTTTAAAAAGTAGAGAAGTTGTTATAGAGGATGAAAATTTTGCAAAAAAATTTTTAAGAATTTATAATTATTATTTTGTTACAGGATATCTTCATCCCTATAAAACAAGTGATGATAAATATAAAAATATAAGTTTTAATGGGATAGCTACTCAAATAAAATTTGATATGAGATTGAGAGAAATTTGTATGTATGCTTTAGATATTATTGAGAAAGGATTGAAAACAATAATTGCCTATGAATTTTCTCATAATTATGAAAATGGGAATATAGCCTATGCTTATTCTTTATATTTCCCAAATGATGAAGATAAACATACTAGATTAATGGAACACTATAATGTTTCATTGAATAATAATAAGGAATTTCCATATGTAAAACATAATATGAAAACTTATGGAATTTTACCTACTTGGGTTGCTATAGAATTATTTACTCTTGGAAATATAGAGAAATTTTTCTCTATGTTAGATACTAATACTAAGAAAAAAATAGAGGATATTATAGGCTTTCCTAAAAATAAAATTCAAAATTGGATTGAGAACTTAAGAATATTTAGAAATATGGTAGCTCATAATCAAAGATTGTATAACTTTTCTATTTTGTCAATGCCAAAAAAGGCAAAAGAATATAATAAACAAACTGGAAAGATATTTAATTATGTTATTGTAATGAAATATTTATTTTTAGATAATGAAGATTGGAATACTTATGTTTTACCAAGATTTGAGTATATTTTTGATGATTTTAAAGACGATGTTGATTTAAAATGTATTGGTTTCCCAGATGATTGGAAAAACATTTTAACTAAATAAAAAATAATGAGGAAAAAGAGATGAATATACTGGAATTAACTGCAGATGAAGTGAAAAGATTTTTTTTAGAACATGAAAATTATTTTTCTTTAAAATTACCAGATTATATAAATTTTCAAGAACTTTTAGATAAATTATCTGATGAAATGGGAGAAGAAATTTACACAAGTATTTTAGAAGAAGGCACTCTACCAGATAATTATGATGATATTAATTATACGCTTTATAATAATAAAGATGGTAATTATGATTGGAGACCGTTTCAAATAATCAATCCAGTAATTTATATTTCATTGATAAATATTTTGTCCAAGAAAGATAATTGGGATGAAATTTTAAAAAGATTTAAAGAGATAGACAAGATTTCTGTTATAAAATGTGAAAGTATTCCTGTTGTTGAAGAGGAGAAAGAAAAAATTTTAAACAAACAATCTTCTCAAATATTGAGTTGGTGGGATAAAATAGAGCAAAATTCAATAAAACTTTCTTTGGAATATAATTATATATTTAAAACAGATATAGTAAATTGTTATTCAGAAATATATACTCATTCTATTGTTTGGGCTTTACATACTAAAAAAGTTGCAAAAGAAAAAAGAAAAGATAATAAATTATTAGGAAATAATATAGATAAACACTTACAAGCAATGTCTAATGGGCAAACAAATGGAATACCTCAAGGAAGTGTTTTGATGGATTTTATAGCTGAAATATTATTAAAGTATTCGGATGAGTTAATAAGTTATGAAATAGAAAAAAGCACTAAATTAAAAGAAAAATTTAAAATTTTAAGATATAGGGATGACTATAGAATTTTTGTAAAAGAAATAGAAATTGGTCGAGAAATAATGAAAATAATAACAAAAGTTTTATCAAGCCTTGGATTAAAATTAAATACAACTAAGACAGGATATTATAATGATATAATTCTTTCATCAATAAAAGAGGATAAACTCGAATGGCTTGAAAGAAAAAAAGAAAGTAATTTACAAAAGAGGCTAATTTCTCTTTATAAATTTTCATTAAAATATAAAAATTCTGGTAGTGTCACAAAAGAAATTTCTCAGATAAGGGAAATAATAGAAAAGAAAAAGGATTTTAGTAAAGAAAATATAGAAGTACTAATAAGTATAGTTACAGAGATCATATATAAAAATCCAAGAACTTATCTTGAAGGAAATACAATCTTAAGTTATTTGTTTCCATTAATTGAAGAGAATGAAAGTGAAAAAATAGTAAAAAAGGTTTTTACTAAACTAAGTGGAATTTTAAATTCTGGTTACTTTGAAATTTGGTTTCAAAGAGCAACTTTAAAAGAAGAATTGTTGGATATTAGTTATAATGAAGAAATTTGTCAACTAGTTAATGGAAAAAAAATTAAATTATGGAATGTAGAATGGGTAGCAAGTAAAAAGATAAAGAATATTTTAAAAAAGGTGAAAATAATAAATCAAGTGAGAAAGGAAGAAATGCCCCAAAAGATATCTAGTGAAGAAGTTAAAATTTTTGATAGTTATAATGAAGTTTAAAGTATAATTCTTTCAAATTTGAGAGAACTAAAAATAAAGAGGGAGTGAAAAAAATGGAAAAAGTAAATGGAACAAGCATGGATTTAATACAAGAAAATGTCAAAAAGTTAAAAGAAATTTTTCCAGAAATATTTACAGAAGATCAAGTAGATCTCGATTTGCTAGGGGAGCTTTTATTTAATGGGGGGGGGGTATAGAAAATTAGATACTTCTAAGGAGAGATACTCTCTAACTTGGAATGGAAAAGCAAGAGCAAGACAAATGGCACAAGAAGTAAGTACAGGAACATTAAGACCAGCTAAAGAAGAATCAAAGAATTGGGATAGTACAGAAAATATTTATATAGAAGGAGATAATTTAGAAGTACTAAAATTATTACAAAAGTCATATCATGGAAAAATAAAAATGATATACATTGATCCTCCATATAATACAGGAAAAGACTTTGTATATAAAGATAATTTTAAGGATAATATAGAAAACTATAAAAAAGTAACAGAACAAGTAAGTGAAGAAGGAGCTAAACTAACAACAAATACAGATTCAGATGGTAGATACCATTCAAATTGGTTAAATATGATGTATCCAAGACTAAAGTTGGCAAGAAATCTACTAACAGATGATGGAGCAATTTTCATATCAATAGATGATAATGAAGTAACTAATTTGAAAAAGATGTGTGATGAAATATTTGGGGAAGAAAACTTTGTAGCTAATTTTATAAGAAGAACTATTAATTCAGGAAAACAGGATAGTCTTACTGCTTCAAGTTATCATGAATACTTGCTTACATACTCTAAAAATATAAATGAAATTAAGTTAAATAGAAGAGAGAAAAGTGAAGAAGACAGGCAAAAATTATATCCTTTAAAAGATGAACATGAAAATACAAGGGGAAGATATTATATTTCGCAATTAGATAAGGGAAGTATCCAATATTCAGATAGTTTAAATTATATGATTACGGCACCAGATGGAACAGAAATATGGCCTGGTAAAGGGTTTACAGATAAGACAAAAGTTTTTAGGTGGTCAAAAGAAAAAGTAAAATGGGGAATAGAAAATGATTATATAGTATTTAAAAAACAATTAAATGGTTGGAAGGTATATGTCAAATCGTACGAATATAGAGATAATAATGATAATTATGTATCTCCTTCTAATCCCTACACAACTCTAGATTATGTAAATAAGGAGTTTTCTAATTTTAATTCAAGTTTAGAATTATCAAGAATATTTGATAAAAATAAAATTTTTGATTTTCCAAAGCCTACACTTTTTATAGAGGATATTTTAAAGTATAGTACAAATAAAAATTCATTAATTTTAGATTTCTTCTCAGGTTCAGCTACAACAGCTCATTCAGTAATGCAACTAAATGTAGAAGATGGAGGAAATAGAAAGTATATAATGGTACAACTACCTGAATTGTGTGATGAAAGTTCAGAAGCCTATAAAGCAGGTTATAAAAATATATGTGAAATAGGAAAAGAAAGAATAAGAAGAGCAGGGGAGAAAATAAAGTCAGATGAAAGCCTGCCATTAGAAAATAGAGAAAAATTAGATATAGGTTTTAAAGTATTTAAATTAGATACCTCAAATATAAAAGAGTGGGATACAAACACAGAAGATTTACAACAAACATTGTTAGACTCAATGGAAAATATAAAATCAGATAGAAATTCATTAGATGTCTTATACGAAATCTTATTAAAATACGGACTAGACCTAAATATACCAATAGATGAAAATAAGGACTTCTATTCAATAGGTGGAGGAAGTTTGTTAGTGAGTTTGAATAAAGAAATTAATGATGAAGTAATAGATTCAATTTGTAAAGAATATAGAAACCTATTAGAAATAGATAAAGACTTTAAAACAACAGTGATATTGAGAGATAATTCATTTAAAAATGATGTAGATAAAACAAACGCAATAAAGAAGTTAGAACAAGTTGGAATAAATGAAATTAGAAGTATATAGGAGGGGACAATGAAAATTAAATTTGAAGAGAATTTAGAATATCAGATAGATGCAATAAGTGCGATAACTGATATATTTTCAGGACAAGAAACAGCTAAAACTGTATTCACAGTAGAAAAAAGCAATAATCCTCAATTAAGCATAGTAGCTGATGAAAACGATTTAGGAACTGGGAATA
NZ_CP084154.1_gap14	745794	750585	4791	ATTTTTCTTTCAGTTCATCTATTTTTATATTTTTTATTTTTTCTTCCAAATTAGATACTTTTTCTTTTAATAAATTCTTATCAGTTCTTAAAGAATATAGCTCTTTAATATTTTTATCTACTTTTAGAAGTAGATTATCTAAATCTTCTGCTAAGACATTATTTTTTAGATATTCATTATAAGGATTTTTTAAATCATCAAGTTTATTTTCAAAAGTTTTTATTTCTGATTTTATGCTCTCAATATTTTTATTTGTATCCTCTTTAATTTTCTTTGAATACTCATCAATTTCCTTTAAATTATTTTCTATTGAGTTTTGACTTTTTAAAATCTTTTCCTTTTCTATTTCTAAATTTTTAAGAAGATTTTTTAAATTTTCTCTTTTTTCATCTAAATTTAGATTTCTAAGTTCAACTTCCAATTCTTTTTTCTTTTCTCTTAGCATTTGACTATTTTTAAACTCTTGATTTTCAATGAGTTTTTGAATATCCATATCCAAGTTTTTAATATCTAATTCAATTTCTTTTAAATTAATCTCTTCATTTTTTAAAGAAAGTTCTAAATCTTTTATAGATTTTTCAAGTTCAAAATATTGTTTTCTCTTATCTTCAAAAACTACTTTTTCAACTAGAATTTGAGTTTTTTCTTCTATATTTTTTTTCAAATTTTCTAACTCTTCTGTTTTTATAGAAATTTTAGAAGAGAAATAATCTTCTGCTTCTTTATCTTCTAAGTTTTGACATTTTTCATTTAAAAAAGGACAAATCTTATTTGACAGTTCTTTACTTGATTTTTTCAAGGTTTTTATTTCAGTTTCAAAAATAATTTTTTGTTCTTCTAAAAGTTTTAATTCTTTTTCAAGTTCTTGAAAATTATATAGTTTTTTTTCAAGTTCTTCAATATTAATTATTTTAAATAAGTCATTTTTAGAAACTAATTCTTTTTTTAGAATGTCAATTTCTGTCGTTTTCTTTAATTTATCTTCTAATTTTTTATCTTTAAAATTTTCTAATTTTTCTAATTCATGAAGCAAATTTATATATTTTTTTAATTTTAAATCTAAATCTTCTTCTTTAATTTTAAGTTCAGAGATTTCACTTTCTAAATTTTCTTTTTTCTCAGAATTTTTTGAAATATTTTCTTCTAAATTGCTAATATTAACTTTTAAATTTTTATTAGATAGTTCTAATTTTTCAATATTATTTTGATACTTGATATTTAATTTTTGCTCATCCAATAAATTATCAAGATTTTCTCTTAAATCTTTTAATCTATTTTCAATTTCTAAGTATTCAAGATAGGGCTTTTCAGTTTCTTTAACAATTATTTTTGATTTTTTAGCTTGTTTTGCTTCAACAATATTTTCTTTTAAAAGACTTAAATATTTCTTTATTTTGTTTTCTTCATCTTTAATATTTTTAATTAAATTATTTAATTCTATTTCTGTTGTTTCGTAGTCTTTTATTTTATTTGATAATTTATTTATTATCTCAGTAGTTTCCGAAAAATCTTTATTTAAAGTATTTTTTATAATTTCTTCCACTTTAAGAAAATTTGTAATTTGCTCTTTATCTTCCATATTTTCTTTTAAAAAAGTTATTTCTTTGTCTAAATCTTTTACTTTTTCTTTATATTTATCAACAGCTTCTTTTAAAAAGCTATCATACATTTCTTTATATATTTGAGTATTAAAAATCTTATTAAATATTTCTTCTCTATCCTTTGGCTTAGCTTTAAAAATATTTATAAATTCATTTTGTTTAGCAATAACTATATTTTCATAAGTTTCTTCAAAACCTTTTTTTATTCCACAAAGTTCTTCTAATTTCTCTTGGATATCTCCATCATATTCAGAACCTATAATATCTTTTAAAGTTTGTTTTTTAGGTTTTGTTTTAAAAAATTCAGTTTTTAAATTATATTCTCTACCATCATTAGCTATAAAATCTATATCTACCTTTGAAGATTTTTCACCAAATTTAATATAGTTTTTCCCTGTTTCCTTACCAGTTCTATCCTTAGTATTAAACATAACTGTACTAATAGCTTCAAGTATAGAAGTTTTACCTCTCCCATTCTTACCTAAAATAAGGTTTACTCCTTTGGTAAATTCAACAGTTGTATTAGAATGAGAACGATAATTTTCAAGTTGTACTTTTTTTATTATCATCTTCATTCACCTCCAAAGTTTTATCAAACAATTCTAAAAAACTATCTCTATCATCATTTGAAAATAATTCTTTAAGTCTACCAAAACTTTTAGAAAATTTTTCAATTTCAGAGATATTCCAAGTATTTATTAAATTTTTTTCTAATTCATCTATACTTAAATCAGAGTTATTTTCTTCACTAGCTCCTATATTTAAAATATTTTTAATTAGAATATGTGTTTTTAAAGCTCCATTCTTTTCAGCAATATTTTCTAAGTTTTCAGTATTTATATAGTCATTGTTATTTAGAGATACAGAAATAACTAAGATTTCTTCACCTGTTAAATTTAATTCTTTAATAAAATTTTCAAACTCATCTTCTAAATTTGAAAAATTAGTATATGAAAAATCTTTTTTTATTCTTTTTCTATGCTCTAACTCTATAAATTCATAGTTTAGAGTATCTGTATCAAATAAGACAAAGCCTTTTTTATCAGATTTTTCATTTTGAACATTAGAAAACTCCAAAGAACCTGAAACAAAAAAATAAGGTTTTCCCTTTGGATAAGTTGTAAATGAATGTATATGTCCACCTGCAATATATATAGCCTTATCTTTAAATAAATCTAAAATAGAAGTTGAAACCAGTCCTGGTAAAGTATTTGTACTCCCTGAAATTCCAGTGTGAACCACAACTATATTCTTTTCTTGGGGATTTAATTTTTCAGAAAGTTTAGTCAAGGCTTCATCTATCATAAAACCAGGATAGCCTACTGGATAAAAATTTATATCATCTATTTTTAAATAGTTTTTCTCTCCAAAATCTTTATTATAGTAAAAAACTTTTAAAATATTTTGTTCTTGTAGATATTCAAGCCAAGACTCTTCTAAAATTCTAGAATTATCGTGATTTCCCTCAATAGCTATTATATCTTTTTTGATATTATTTCTTAGTCTTTTAAATAGATATTCAGTTTTAGAAAGTATATCAGGATTAATTTCTTTTTTATCAAAAATATCTCCTGCAATCAAACATACATCAGGTTTTATTTCCTCTACCTTATCAACAAAAGTTGCAAAAGCATTAAAAAAATCCATATATCTTTTTGTGACATAGTCTTTGGTTCCACTAAGTCTTTTACCTAAATGTAAATCTGAACAATGTACTATTTTCATTGTATCCCCCAACAATAGTTTCTAAATTCACAAAGCCCACAGATATTTTGATTATATGGAATTTTAGGAAATTTCTTATTCAAAATATCTTGAACTGTTTTATTTATATTTTCTAAGTCTTCTTTTAAATCTTCATCATCAATAAAAATTTCCTTTTTAGGTTCATCTTCTTCCAAATAATATAGGTAAGTTTTTATCTCCTTATCATATTTTTTTTGAAGAAGTAACTTATATAGTGATAATTGTTGCCTATAATTAGAAGAAAACTCAATTTCATTATATTTTCCAGTTTTAAAATCTATAATTTTAATTTCATTTTCATCTTCTAAAATTAAATCTATTTGCCCATATAGAATATAATTGTTTTCAACCCTAAATTCAGAGGCTTCAACCTTTTTTATATATTTAAAATTATCTTTTTCATCTTCAATATATTTTTTAACAATATCAATTATCCTATCTACATTGTTATCTAAATCTATATTTTGAAATTTATAGATATTTTTCACTAAATTTTCTATATAGTTATCAGAAAAAATCTCTTGTTTTTGCAAAAATGATTTATTTATATGTTCTATTGCCTTGTGAGTTATTATCCCTAAATTAAATACTTTTTTATCATAAGTTGAATATTCTTTTTCTCTCACTAAAAAATATTTCATAGGGCAATATCTATAAAGTGCAATATCAGTTGTATATGATAGAATTCTTCTTTCATCTTTTTTATTAACTTCATCTAAATTTATTTGGTTGATATCAAATTGTAAACTATTTACTCCACGAACTGAATAGAAAAAAGGTTTAAAATTTTCAGATACACCTTTTTCATAACAACTTAAAACTAATAAATTTTTTGCTCTACTAAAAGCTACATAGAATTTTCTATAAAAATCAAAATATTCTTTTTCTATCTCAGAGATTTTAGAATTTGAATTGATAAGTCTATCTATACTTGTCTGTCTTGATAAATCTCCACTTACATTGGGTTTAGAATATAATGAGAATACAATAACTACTGGAAATTCTAAACCTTTTGATTGGTGTATAGTTAAAAATGGGATACAATCATTAGGATAATCTTCCTCAGAAAAAATCTCATCAACTCTTGACTGTTTTAAGATTTCTAAATATTTTGTGAAAAAATATTTAATTATAGAAAAATCATCTTCAATACTTATTTTTTTAGAATGAACATACTTTTGAAAGTTTTTAAATATCTTACTAAGTATAGCTAGATTATGATTAGCCCTTGCTTCAATAGGACCTTCTTCCTTTAAAACATTCTTATAGTAAGAAAAATTTAATAATTCATAAAAAATTTCATTCAAAGAATTAAAGCTATAATCAGAAATATTTTCAATTTTCTCTTTTATCCAAGTTAAAAATTCATTATCTTTTCTAATTTCTATTCTTGCTAAATCTAGACACTCTAATAAATATGTATCAAGTGCTTCTTCTGGGAAAT
NZ_CP084154.1_gap15	805139	807089	1950	AATGCTTATATAGAAGTTGCAGAAGCAGTGGATGATAATGCTAATTTCATAACTGAAAAAAATATAAAAATAAAAAATAAGGAACTTCTTGAAGAATTTAAAAATCTAAAACTTTTAAAAGAAAAGTTAGATTCAGAGAAAAAGGTAAAACTAGAAGAATTTAAAAGAAAAAAAGAAGAATTTAAAGCAGTTAAAGATGAGCTAAAAAAAATAAGAACTGAAGAAAAAAACTATAAAGAAGAATTTAAAAAGATTGAAGAAGAAAGCTATACAAAGCCTTATAGCCAATTTAGAAGTATTGTAAAAAAGCCAATGTTTTATGAGCTTTTAAACAATATTTTTCTAATACTACATATAAAATCTGATGAACAGACTCTAAAAGATATAGAAAATAACATTTTCAATCTACAATCAATAGGAAGAAGCGAAGACTTTGTTGAAGTGATTGAGTGTAAAATGGTTGAGTTACAAGAGTTTGATAGCGAAGTTAAATCTAGTGAGGGATTAACTGCATATCTAAATTATAATGATTTTCAAGCAGGGAAAATCTTTAATTTAGATGTAGATGGAAATACAGTAAAATCTGGAACTAAATACTATTTAGATAAATCTTATCAAATAATTGATAGTAAAAGAGAATTTAAAAAAGTTATAGCTCTGTATAGCAATTATTTTTCTGCTAATAAAAGCTCAGAAAATGTAAAGCTAGATGAGTATGAGGATATTAAATTATTAGTAAACTTTATATAAAACAAAAGAGGGGTTGACATTCCCCTCTTTTTGATGGTTTTTTGAAAAAAAATCCATTAACATTACTGTATATTAATTATATCATAAAATAATTTTTTGTCAAAAAAAGAGCAGGATTAATCTCCTGCTTTTTATATTATAATTTTTTAAAAAAAGTGTTATCTAACATCTGTTATATTTGAATTAATCTAAATTAAAATGAATTTGGTGCAAACAAAGTACAAACAAAAAAAGTATCAGAATACAAAAAAGCCCTCAACTTTTTGCAAGTTCGGGCTTTTTTGTAGAAATTAAACTATAATTAAGGAAACGATACAAGATAAATATAACATTATTTATTTAGTTTGTCAACAACTTTTTATATAAAATTATTGAGATTTATTATTTTATATTGGTATTAAAAATAAAAAATATATTTGAAAATTAAAAATTTTTATAATTTGATTTTTATTTAGTCTAATTAAAAAATTTTTTTAAATCTAAAAAAATTAATAATATAATTTGCATTAGAAGAGTAATCATGTTATACTTTTCTATATATTTACTTATTTATTAGGAGGAGAAATGCAAGAATTATTTGCTAAATATGGAAGTACAGGAATTATTGTAGTTGTTTGGATTGCTATTTTTTATTTTTTAATAATAAGACCTAATAAGAAAAAGCAAAAACAACAACAAGATCTTCTTAATTCTTTAAAAGAAGGAACAGAAGTAATAACTATTGGTGGAATCAAAGGAACAATAGCTTTTGTTGGAGAAGATTATGTTGAAATCAGAGTAGATAAAGGAGTTAAATTAACTTTTAGAAAATCTGCTATTGCAAATGTTATCAACAACAATCAACAATAGAAACGACAAAATCTTGTCGTTTTTATTATTGATATTTTTTCTATGGAGTATTTTTACTCTTAAATAACAAAGTAAAATTAAGGATGTATTAAATTATGAAAAGAAAATTGTTTAGTATTTTTTTCTTTTTTCTTTTATCAGTATTATCATTTTCTGCAAAAGTAAATGATGTAAAATTTTCTAATAATAAATTCTCTATTAACTTAAATGCAAGCGATGGAGAATGTTTAGTGAGTGCTGATGAAGAATCAAGACTTATATATATAGAAATTCAGAATTTAGATAGTAGTTCTTTTGAAAAATTTTCAAGAAATTTAGAACTGGATATCAGGGGTTCTAACTTATTTGAAG
NZ_CP084154.1_gap16	825787	829350	3563	AAAATTGTGGTATAGGAAGAGTTTTTAAATTAAATGTAGAAAAAAATTTAAAAGATTTTATAGAAGAACTTAAACTAAAATTGAAAATTTTAAATCTAAGAGTTATAAGTAATGATTTAAATAAAAAAATTAAAAAGATAGCTCTTATAAATGGTTCTGCTATGAGTTATTGGAGAAAAGCTAAAAAGGAAAAAGTTGATTTATTTATAACAGGAGATATTGGCTATCATGATGCTCTAGATGCTTTAGAAAGTGGCTTAAATGTAATTGACTTTGGGCATTATGAAAGTGAACACTTTTTCTATGAAATTTTAATAGAAGAATTAAAAGATAACAACTTAGAATTTTTAGTTTTTAATAGAGAACCAATATTTAAGTTTTATTAAAGATATGGAGAAATTATGAAAAAAATAATGATTATGTTTTTATTTTTATTATCTTCAATTTATAGTTTTGCTACTATAAATGATAACCTTAATCTTTTAAAAGATGAGGAAAAAAGTGAAATAAATGAAAAAATTGAAGAAATACAAAATGAAAAAGGATTGACAATATTTGTAAATACATTAGCAGAAGATGAAGGCTTTGCTATTTCAGACCCAGAAAGAGCAATGATATTGAATCTTAAAAAGGGAGAGAAAGAAACATATAAAGTTGAACTTTCTTTTAGTAAAGATATAGATGTTGAAGATTATCAAGATGATATAAATACAACTCTAAATGATTCAGCTGAATTATTAGAAAGAAAAGAATATGGAAAATATATTTTAACTGTACTTGATGGTGCAGGTTCTGTCTTACAAGAAGTTAATATTGAAGCTTTAAATCAAATGACAATGACAAAAGAACAAGAAAATAATAGTACACCAATTATGGTTGCAGCCTTTGTTATAATAATTTTATTTATTGTTTACAAAATGTATGCTGCATACAAAGATAAAAGCAATCAAGAAGAAGATGATTAGAAGATATTTTAGGTATTCAAGTTAATCGCTGTCTTAGACAGAGGAAAGTCCGAGCTCCACAGAGCAAAAGGGTAGCTAACGGCTACTAAAAGTAATTTTAAGGAAAGTGCCACAGAAAATAGACCGCCATTTAGGTAAGGGTGAAAAGGTGGTGTAAGAGACCACCAGTTTTTTAGGAAACTAAAAAAGCTTGGTAAACCCCCTTTGGAGCAAGACTAAATAGGAAAGATTAAGGAGTTGCTCGCTCTCTTTCAGGGTAAGTCGCTAGAGATTATAAGTGATTATAATTCGAGAAAAATGATTAACAAATACAAAACTCGGCTTATTGAATGCCTAATTAGATAATATAAAAGCTGTTACTAAAATTGTAACAGCTTTTTTACTTATTGCATATTTATATATTTTAAATAAATATCTCCACTAGGGCTTACATTAATTCCTCTTACATTTGAATGAGATAAGACAGTATCATATTCTTGTAAAAGTGGTATAACAGGTAAGTTATTTAAGAATTCTTCATCAGACTTTATATTACTACCATATTTATAATCAATATAATGGTAAAAATCATTCATATTGTTTGTTCCCACTAAATATTTTTCTATTCTAAAAGTTATTCCTGAATCAGAATTTGAAGTAACTCTTATAGGAATTTTAAATTGCCCTATCCATTCTTTAACAGTTGATAAAAGCAATTTCTTCTCCAATAAATTATTATTTTCAAAATAAGCAACATAAGGAGTTTCTGAAAAATTAAAATTAGAGTTTTCTTTTATTTTTTGAAAATCTTCCTTAGCTTTATTCAATACATCAGAATTTGGATGTGGATGAGAAAAAATAGCTGGAGAGTTATTTTCTAAAATAACTTTTCCCATAAATTCTGGATCACTTACAACATACATGAGTTTTCTAATTTCTGTCTTATCAAAAAACTTTTCTTTATTTTCATTTGGTATAGAAATATACCAATATCTACTTGTAAGAAATACTAGCTTTTCAGGTAAAGTATTTACTTGGTTTAATCTATCAAAAGGCATAGAATAAAAAGGTTCACCAAAATAGTCTATCTCATTACGAGGAAACATTTCATAAGCCATTATTCCATCTTCTACAAGTGAAATTTTAATTTCTTTTAACTTGGTATTAACATTGTCCCAATAGTTCTCATTTCTCTCTAAAATAATTTCATCATCTGTAAAACTAGAAATTTTAAAAGCTCCATTAACAATTTTTTTATCAAGATTTAGATCTCTATTCTCTTTTCTAATTGGATAAAAAATTGGATTACTTACCCATTCATCAAAATTTTTAATAGGATTATTTAAACTAACTATAAGTTTATTATCTTGAACTTTAAGTCCAACAGAAGCTCTATCAGACTTTTTATTATAATAATCTTCAGCACCTTTTATTACAAATAGTCTGTAAATTTCATCAGATTTTGAATTTTCTAAGCTATCAAACCAACTATCTAAATAAGTATTAGCTGTTATTTTTTCTCCATCAGACCATTTTAAATCATCTCTTAAAGTAAAAGTCCATTCTTTATAATCATTAGAATGTTCTATATCTACTACACTTACAAGTCTAACTCCCTCTGTTTTAAGTTCAGTTAATCCTTCAAAAAGTTGAGTTAATAATGCTCTCTCATTTCCAGAATAAGATTGAGGATTTAATTTATATTCTTGCTTGGGCATAACAGTATAAAAAACTTGCTCTACTTTTTCAGTATCATTTATTTTATTCTCTCCACAAGCAAATAATAGACAAGTTAATACAAAAATTGATAATAATTTTAAAATTTTCATTGCTTTCTCTCCCTAAATTTTATAAAATTACTGTAACCTATTTTAACATATATTTTGAAAATTTTATAAAAATAATATTTTATTAAAAAAATATCTTGACTTATAAAATAATATATTATAAAAATATTTATAATGAAATTTTTAGGAGGATTTTATGTTACATTATTTAGAAGTTGGAGGACCTATCCTATGGGTATTAGTTATAATTTCCATTGGAGCTTTTGCTGTTGTGTTAGAAAGAATTGTATTTTTTGCAAGAAATGAAAAGAATGTTGGAAGTAATTTTAAAGATGAAATACTTTCGTTAGTAGCTAATAAAAAAATAGATGAAGCTATTGCTCTTTGTGATACTAAAAAAAGTTGTGTAGCATCTGCTGTTAAAAAGTTTTTACAGAAAGCTCCAAGGGGAATAGATGTTCAAGATTATGAATTTATATTAAAAGAAATTACTATTAAAGAAACATCACCTTATGAAAGTAGATTAAATCTTTTAGCAAGTGTTATAAGTATTTCTCCAATGCTTGGGTTATTAGGAACAGTTACAGGTATGATTAGAGCATTTACTAATATTTCAAAATATGGTACTGGAGATGCAGCTATTGTTGCAGACGGTATAGCAGAAGCACTATTGACAACAGCAGCTGGACTTATGATAGCAATTCCAGTTATAGTTGTTTATAATTACTTAAATAGAAGATTAGAAAAAATGGAAAATGAAATAGATGATGTAGTAACAAATATAATTAATATATTTAGGAGATAAGAATGAGCAAATATAAGAAGAAAAGAG
NZ_CP084154.1_gap17	837460	840893	3433	TTTGGAGGGATAATATGGAAGATAAAAAATATGTAAATATAACAAAAGTATATACAAAAAGAGGAGATAAAGGAGAAACTGATTTACTAGGTGGAAGTGCAGCTAGAAAAGACAGCTTAAAGGTTGAATCTTATGGTTGTGTTGATGAGGCTTCTTCTTTTATTGGAGTTGCAAGATACTATTGTAAAAACAAAGTTATAAAAGAAAGATTAAAAGAAATACAAAATAAATTATTGGTGCTTGGTGGTTTCCTAGCTAGTGATGCAAAAGGTAAAGAAATTATGAAGGATCAGATAAAAGAGGATGATATTAAGTTATTGGAAGAATATATAGATGAGTACAATCAAAAATTACCTCCATTAACACATTTTATTTTACCTGGTGATGATGAAGTAGCAGCTCATTTTCATGTAGCAAGAACTGTTGTAAGAAGAGCTGAAAGAAGAATAGTATCTCTTACATCACAAGAACCTGACTTAAATCCACTTATTCAAAAATATGTAAACAGATTATCTGACTTAATGTTTGTTTTAGCAAGATACTCAGAGGAAGTAGAAAACAAAAAATGGAAGTCTTCAAACTTAAATATCTAAAATAGTTTTACAATAAAAAATGCTTTCCACTATAATTTTGGAAAGCATTTTTTATATTAATGTTTTGTATCTTATAGATCATGTGGAACAAATACAGGTGGTAAAGCTCCTTCTTTTGCTTCAACAATAACTCTTACAAATTGTAAGTTAATTAAAGCTTTTTCTCCTTCATCAGTTTCTATAAGAACAAAACCATCAGCTACATCTAAAATAGTAGCATCTTTAAATTTATGATTTACAGTAGCAATATGACATTTTTTCCAAGCTAATTTTTGCAATAATTCTTTCATTTATAAAACCTCCTACTAAATTAAAATGATATATTTTATTTTAGCACTTTTTAAAATAAAATAAAAGAGAAATTTATAAAAAATAGTTCGTTACTAGCCAGATTTCTTAACAGATAAAAATTAAGAATTCGCTGCAAATTCACTAAACTCACTTCGTTCAAACACAGTGAGATTTGCTCGGCTCATTCTATTTAATTTTTATCTTAAAATCTGGAATGTAACTCACTTATTTTTTAGATTTAGTGTAAAAATTTGATGTTAGTTGTACATTTCATCTAATCTAGCTTGAATAGTTTCATCTTCTAAATATTCATCATAAGTTGTTACTTTATCAACAAGCCCTTTTGGAGTTATTTCAATAATTCTATTTGCAACAGTTTGTATAAACTCATGGTCATGAGCTCCAAATAAAATAGTACCTTTAAATTTTATTAAAGCCTTATTTAATGAAGTAATTGATTCCAAATCTAAGTGGTCACTTGGGTTATCAAATAAAAGTACATTAGCTCCTGAAAGCATTAATTTAGATAACATACATCTAACTTTTTCTCCTCCAGATAATACAGATACTTTTTTAAGAGTTTCATCTCCTGAAAATAACATTCTTCCTAAAAATCCTCTAATAAATGCTTCATGTTCATCTGGTGAGTATGGTCTTAACCAATCAATTAAGTTTACATCTGTATTGTTAAAATATTGGCTATTATCTCTTGGCATATATGCTTGACTAGTTGTAACTCCCCAAGTGTAAGTTCCTGAATCAGGTTCAATTTCACCTGCTAAAATAGATAATAAAGTAGTTTTTACCAAGTCATTTTTAGCTAGGAAAACAACTTTATCTCCTGTTTCTATTGTAAAAGAAACATTGTCTAAAACTTTCACTCCATCAATAGTTTTTGAAAGATTTTCAACTTTTAGCAAGTTATTTCCTGCTTCTCTTTCAGGTTTAAATTCAACAAATGGGTATTTTCTATTAGACATTTGCATATCTTCAAGTTGTAATTTTTCTAATTGTTTCTTTCTTGAAGTTGCTTGTTTAGACTTAGAGGCATTGGCACTAAATCTAGCAATAAATTCTTGTAATTCTTGTCTTTTTTGTTCTAATTTTTTATTCTTATTGTTGATTAAAGTTTTCATTAGTTCATTTGATTCATACCAGAAATCATAGTTTCCAACATACATTTTAATTTTACCATAGTCAATATCTGTGATATGAGTACAAACTTTATTTAAAAAGTGTCTGTCATGTGATACTACAATAACTGTTGAATTTTCAAGTCCCATAATAAAGTTTTCTAACCAACTTATTGCTTTAACATCAAGTCCATTTGTAGGTTCATCTAAAAGTAAAACATCTGGTTCGCCAAAAAGTGCTTGTGCAAGTAAAACTTTTACTTTTTCAGGCTCAGTTAATTCTTTCATCAGTTTATGATGTAAGTCTGCTTCAATTTTTAATCCCATAAGTAAAGTTTCAGCTTCTGTTTCAGCATCCCAACCATTAAGTTCAGCAAATTCTCCTTCAAGCTCTGCTGCTCTTATTCCATCTTCATCAGTAAAATCAGTTTTTGCATAGATGGCATTTTTTTCTACCATAATATCCCATAGCTTCTTATTTCCCATAAGAACGACATTTAAAACTTCTTCTTCTTCATATTGAAAGTGGTCTTGTTTTAAAACAGACATTCTTTTGTTTTTGTCAAATATAACTTCTCCCTCTGTTGCTTCTAATTCTCCTGAAAGAATTTTTACAAATGTTGATTTCCCTGCTCCATTAGCTCCTATAACTCCATAACAGTTTCCAGGAGTAAATTTTAAATTTACATCTTCAAATAATTTTCTACCAGAAAATCTCATTCCAAGACTAGCTGTTGCTATCATTTTTTAACCTCCATAATTTTTTCATTCGTTTTCTATTATATCATAGCTAATCTTTTATTACTATTTTAATTATATTTTTTATTTTATTAAAAAATATAAAAATCAATGTACATTAATTGTTAAAATGCAATATTTTATGATAAAATATAATTAATATAAAACTTTTAATTTGAAAAGAGGTTATTATTATGAAAAAAATTTTAATTATGGGAGGAAATCAATTCGTAGGAAAAGAAATAGTGAAAAAATTTTTAGGAAAAGATTATACAGTTTATGTTTTAAATAGAGGGACAAGAAAAAATATTGAAGAAGTAATATTTTTAAAAGTAGATAGAGATAACTTTATTGAAATGGAAAATATTTTAAAAAATATAGATGTAGACATTATTATTGATGTTTCAGCTTACACAGAGGAACAGGTTAATATACTACATAAAGTTATGAAAAATAAATTTAAACAATATATTTTAATAAGTAGTGCTTCTGTTTACAATAATATAGAATGTACTCCTGTAAATGAAGAAAGTCACACGGGTGAAAATTTAATATGGGGAGATTATGCTAAAAATAAATATTTGGCAGAAAAGAAAACTATTGAAAATTCTAAAATATATAATTTTAAATATACTATATTTAGACCTTTCTATATTTATGGAATAGGAAATAATTTAG
NZ_CP084154.1_gap18	950261	954024	3763	TAGATGGAGAATCAACTTATAACTTAACAAGTGAAGAAGCTTCAAAAAGATTAAAAGGAAAAGCAAATACATCTGTTAAAGTTAAAGTTTTTAGAGAAGTTAATAAGATGACTAAAGTCTTTGAATTAAAAAGAGAGACAATAGAATTAAAGTATGTAAAAAGTAAAATGCTTGAAGGTGGAATTGGGTATTTAAGACTTACTCAATTTGGAGATAATGTTTATCCAGATATGAAAAAAGCCTTAGAAGATCTACAAGCTAAAGGTATGAAAGGTTTGATTTTTGATTTAAGAAGTAATCCAGGTGGAGAATTAGGACAATCAATAAAAATTGCTTCAATGTTTATTGAAAAAGGTAAAATTGTTAGTACAAGACAAAAAAAGGGTGAAGAAAGTATATATACAAGAGAAGGTAAATACTTTGGAGATTTCCCTATGGTAGTTTTAATAAATGGTGGTAGTGCATCAGCCTCAGAAATAGTTTCAGGAGCATTAAAGGATCATAAGAGAGCTACACTTATAGGTGAAAAAAGTTTTGGAAAAGGAAGTGTACAAACTTTATTACCTTTACCTGATGGAGATGGAATAAAAATAACTATTGCAAAATATTATACTCCAAATGGAATTTCTATTGATGGAACAGGAATTGAACCAGATACTAAAATAGAAGATAAAGACTATTATTTAATTTCTGATGGAACTATAACAAATATAGATGAAAATCAACAAAAGGAAAATAAAAAAGAAATAATTAAAGAAGTAAAAGGTGAAAAAGCTGCAAAAGAAGTTGATACTCATAAGGATATACAACTTGAAGCAGGAATAAAAGCAATAAAAGCAATGATAAATAAAAAATAGAGGAGAAAATATGCTATATATAGTTGCAACACCAATAGGAAATTTAGAGGATATGACTTTTAGAGCAATAAGAACACTAAAAGAAGTTGACTATATTTTTGCAGAGGATACAAGGGTAACAAAAAAATTGTTAGATCATTATGAAATTAAAAGTACAGTATATAGATATGATGAGCATACAAAACAACATCAAGTAGCAAATATTATTAATCTTTTAAAAGAAGAAAAAAATATTGCCTTAGTTACTGATGCTGGAACACCCTGTATATCTGATCCTGGTTATGAAGTTGTTGATGAAGCACATAAAAATAATATAAAGGTTGTTGCAATTCCTGGTGCAAGTGCATTAACTGCATCAGCTTCTATTGCTGGTATAAGTATGAGAAGATTTTGCTTTGAGGGATTTCTACCTAAAAAGAAAGGCAGACAAACTCTTTTAAAGCAACTAGCAGAAGAAAAAGAAAGAACAATAGTTATATATGAATCTCCTTTTAGAATAGAAAAAACTTTAAAAGATATAGAAACTTTTATGGGAAAAAGAGATGTTGTTATTATTAGAGAAATTACTAAAATTTATGAGGAAGTTTTAAGAGGTACTACAACTGAACTAATAGAAAAATTAGAAAAAAATCCTATAAAAGGTGAAATTGTTTTACTTATAGAACCACAAGAAAAGGAGCAAAGGGGAGGAAATAAATATGTCAATGACACAGATTAACTGGTATCCAGGACATATGAAAAAAACCAAAGATTTAATTGAAGAAAATTTGAAACTTATTGATGTGGTTTTAGAAATTGTTGATGCAAGAATACCTTTATCAAGTAAAAATCCTAATATAGCAAGTTTAAGTAAAAATAAAAAGAGAATAATTGTTTTGAATAAGTCAGATTTAGTCTCAAAACAAGAACTAGATAAATGGAAAAAATATTTTAAAGAGCAAGATTTTGCAGATGAAGTTGTTGAAATGAGTGCTGAGACAGGCTATAATGTAAAAAAGCTTTATGAAGCAATAGAATTTGTCTCAAAAGAAAGAAAAGAAAAATTATTAAAAAAAGGTTTAAAAAAAGTTAGTACAAGGATAATTGTTTTAGGTATTCCTAATGTTGGGAAATCAAGATTAATAAATAGAATAGTAGGTAAAAATAGTGCTGCTGTTGGAAATAAACCAGGTTTTACAAGAGGAAAACAATGGGTAAGAATTAAAGAAGGGATAGAGCTTTTAGATACTCCAGGAATTTTATGGCCAAAATTTGAAAGTGAAACTGTTGGAATAAATCTTGCAATAACAGGGGCAATAAGAGATGAGATACTTCCAATAGAAGATGTTGCTTGTAGTCTTTTAAGAAAAATGTTAAAGCAAGGTAGATGGGAAAGTTTAAAAGAAAGATATAAACTTTTAAAAGAAGATAAAGATGATAATGTTTTAGAAAATATTTTATCTAAAATTGCATTAAGAATGGCAATGTTAAATAAAGGTGGAGAATTAAATGTCTTGCAAGCAGCCTATACTCTTTTAAGAGACTATAGAGTAGCAAAATTAGGTAAATTTGGATTAGATGAAATATAAAGAGGTGTAAAATGAATAAATTAGATTTAAATTTAAAAGAAGTTCATAGTGAATTAGTTGAATTTTTAAGAGAAAATTTTAAAAAAGCAGGTTTTTCAAAAGCAGTATTAGGTTTATCAGGTGGTATAGACTCAGCACTTGTAGCTTATTTATTAAGAGATGCCTTAGGAAAAGAAAATGTACTTGCTATTATGATGCCATATAAATCATCAAATCCAGATAGCTTAAATCATGCAAAATTAGTTGTAGAAAATTTAGGAATAAACTCTAAAACTATTGAAATAACCGATATGATAGATGCTTATTTTAAAAATGAAAAAGAAGCTACATCTTTAAGAATGGGTAATAAGATGGCAAGAGAAAGAATGTCTATATTATTTGATTATTCTTCAAAAGAAAATGCTTTGGTTGTTGGAACATCTAATAAAACAGAAATTTATTTAGGATATAGTACACAATTTGGAGATTCAGCTTGTGCATTAAATCCAATAGGTGATTTATATAAAACAAATATTTGGGATTTATCAAGATATTTAAAAATTCCAGATGAATTAATTGAAAAGAAACCTAGTGCTGATTTATGGGAAGGACAAACTGATGAACAAGAAATGGGCTTGACTTATAAAGAAGCAGATCAAGTTCTATATAGAATGTTGGAAGAAAATAAGAAAGTAGAAGAAATTTTAGCAGAGGGTTTTAATAAAGATTTAGTTGATAATATTGTAAGAAGAATAAATAGAAGTGAATATAAAAGAAGAATGCCACTTATAGCTAAAATAAAAAGGTAGGTGCTTATGAAAAATCAATTAAAAGAAGATTTGAATGACTTTCTTAAAGAAAAAGAAGAATTAAGAGAAGTTATTGGAAAAATAGGTGGAAATAATAATTCCCAAGCAAAATTAATTACAACACTTTTTGTTGGTATAGTTTTGATAATTTTTGTTACAGGAATAATATTAAAACAATTATCTCCAACAACTACACTTTTGCTTTTAATTTTAATACTTAGTTTTAAGATAATTTGGATGCAACAACAGACTCAAAAATCAATGCATTTCCAATTTTGGATATTAAATTCTATTGAAATTAGAATCAATGAACTAGATAAAAAACAAAAAAAATTGGAAAAAATGATAGAAGAGTTAGAAAAGAAAAAAGAATAAAATTTTTTAAGGACTGTTATAAATTTAATAGTCCTTTTTGTAATAAAATAAAGCTTTTAAAATAAGAATATTATGTTATAATTTAACTAATAACATTTTTAGGAGGATAAAATGAAAAAAAGTTTAGTTCTATTATCAATGCTAGCATTATCTATTTCAGCCTTTGGAGCAAATG
NZ_CP084154.1_gap19	964251	966353	2102	TTCTGCTCTTAGATAAAAATTAGCAATAGCTAAATCAGGAATTATATTAGCAGCTTCACCACCATTTGAAATAATTCCATGTATTCTTGCAGAAGATAAAGTCTGTTGTCTTAGAGCATTAATTGAATTAAATAAATTTAAAACACCATCAAGTGCATTAATTCCTTCATGAGGAGCAGCAGCTGCATGAGCTGTTTTTCCTTTAAAAGTAAATTGAAGAGCTTCCATTGCATGTGACTTTCCACTTCTAATATGTGCTTCACCACAGGGATGAACTGCCATAGCTACATCAATATCATTAAAGATACCAAGTTTAGCCATATCAACTTTAGCACCATTTGTTTCTTCAGCAGGTGTTCCAATAACTAAAATTTCTCCTTGTAAGTCTAACTTTTGAATTAATTCTTTTATTAAAATACCACTTGCAATACTTGTAACTCCATAAGCATTATGTCCACAACCATGCCCAATTTTAGGTAGAGCATCATATTCAGCAAGAATAGCAATTCTTGGACCATTTCCTTTTTTATAACTTGCTTTATAAGCTGTTTCTAAATTAGCGAAGCCTTTTTCAACTTCAAAACCATATTTTTTTAAAATATTTGTGTGAGCTGTACAGGCTTTATATTCTTGCAAGCCCAGTTCTGGATTATTATAGAGATATTCATTTAAATCTTTTAGTTCATTCCTATATTTATCAAAAAGCTCTGATAAAATTTCTTTTTTACTCTCCATGTTTACCTCCTAAATTTATAAAATAAAAAAATCAGTATAACATTGAATGCTACACTGATTGTTAACCAACTTTATTATTAAAAAATTAATATCAAAAAATAGTTATACTAAAAAATAAAGGCATAAACAGTCCTTAGCATACAATTAGACAAGTTATTCAATTTTATAGTAAAAATATTTTTCCTTATCCTTGCTTTACTAAGAAACATTTTGACCCTCCTTAAAATTTATTTTTACTAATATAACATACTATAAAATAAATGTCAAATAAAATTTTAAAAATTTAAATTTATTTTTCCACTAACTCTTATTTTATTTATTAAGCCAAATATTTTCCTAGAATAAAATTAATTTAAAAAAAACAAATAATTAACTAACAGGTATAAAAAAATTTATTTTGCTTTTTAAATATTTATGATTTAATACTAAAACAATATAATTTATTTTAATAGGAGGAAGATGTGTTAAAGTTAAAAAAAATTGGAATAACATTGTTGTTAATGATGATGTCATTGTTAGTTGTTGCTTGTGGTGGAAATAAATCAGAAGGTGAAAAAGCTACTACAGAAGTGAAAGATGAAATAGTGTATGCTAATTTTAGAGATATTAGAGATTTAAATCCACATAACTATGCTGGAGAATTATATGCACAAAATATTTTATATGAAGGCTTAGTAAAAATTAATCCAAAAGGTGAAATTGTTCCTTCATTAGCTGAAAGTTGGGAAATCTCAGAAGATGGTAAAGAATATACTTTTCATCTAAGAAAAGGTGTTGTGTTCTCTGATGGAGAAAAATTTGATGCTAATGCAGTTAAAGCAAACTTTGATGCAATTATGGATAATAAAGATAGACATGGTTGGCTTGAAAGTGTAAGACTTTTTAATAAATTTGAAGTTGTAGATGAAAATACTTTTAAAATTTATTTAAATGAACCTTATTTCCCAATGATGATAGAACTTGGGGTTATAAGACCATTTAGATTTGTTTCTCCAAAGGCATTTAAAAATGGAACAACAAAAGATGGAGTAAATGAATACATTGGTACAGGGCCTTATGTTTTAAAGCAAAATACAGTAGATCAAGAAGCAATATTTGAAGTAAATGAAAAATATTGGGGAGAAAAACCAAAAGTAAAAACAATTAGAGTAAAAGTTATTCCTGATGGGCAAACAAGAGCTTTAGCACTTGAAAAAGGTGAAATAGATTTATTATTTGGAAAAAATATGATAGATGCTGAAACTATGGAGAAATTTTCTACAATGAAAGGGTTTGAAACTAAAATGTCAGAACCACTTTCTACAAGAATGATGATAGTAAATACTACTAAAGGAGCTTTACAAGATAAAAATGTTAGAAAAGCAATA
NZ_CP084154.1_gap20	1030252	1031179	927	TGAAAGAGATGGAGAGTTTAAAAGATATTATTTAAATGGAAATCTTCTTATGAGATACTATTTTGAAGCAGGAAATGTTGAAGGTCCTTGGGAAGATTACTATCCAAATGGAAAACTATTGATGAGTGGACAAATGAAAGCAAATAAGGAAGTAGGAAATTGGAAGTACTATGATGAAAATGGAAACCTACTTGGAGAAGCTCCTTATAATCAAATTCCAAAAGCAATAAGAGATGTAAAAGAAAAAAATATAGATCAATTTTGGAAAGATATAAAATCTGGAAAATAATTTATAAATTAACAAAAAGTGGATAATGTAATGATGAACTTACAATATCCACTTTATTTAATTATATATTTTTTACATATTCATTAATATCAAATTCTTCTAATTCTTTATTAATATCAGCATAAGGTGATAAAGGATGTCTAGGATTTCCTTTTTTAGTTAAATTTCCTATATGAAACCAGTCTCTACTTTTACTAATTTCAAAAATTTCTTTTAGACATACTTTTTTTAAATAATCTCTTTTCTCTATTAAATTCCCCCAACAAACTAATATCTCTGCACTAGGGTAATTTTTAAATATTTCTTTAATTATATTAATATTTTTTTCATGTAGACAATTATCAAAATTTTCGTTTTTATGAAGTTCATTAGGTTCAGGTGTGACTTGTGCATATAAATTTAACATTATCCATCCATCACAATTCCTTTTTTCAACAATTTTCTTTATTTTTAGAATAGTGGGATCAGTTTTTAATGCACCATTTTGAACTTTTGCCCTACTAGGATTGATACCAAAGCAAATTAAAGGCTTAGCACCAGTAACTTCCCCTAGTACAAATCTTTCTTTATCATTTCCATTATAAATATATTTTTCATCAATATAATATTCCATTTTACTTTTAATTTCAACTCCTACC
NZ_CP084154.1_gap21	1112271	1114788	2517	AAAATCCTGATTTTTTAGCTGGGGCTATGAGTTTGGATAGTCCTAAACAAATTATAGAAGCATCTAATGTCATTCCTAAGACAAAAGCTGGAAAAAATAATAATATTTTTATTTTAGATTCATCAGTTATATTAAGAAGTTCGTATAGAATATTTGATGAAATGGAAGTATTAAAAGAAAAATTAAATAAAATAGAAAATAAGTAAAAATCATGTTCATAGTTATTAAACATTTAGGAAAGGTACAAAAAAATTATAATCTATGGAGGGAAAAATGAAAAAATATTTAATGGGATTATCAATACTTATATTTTGTGCAAGTGCTTATGGAGAAGTTATAGACTTAGGAGAAAAAAATATTTATTCAGAAACAGGTTTTGAAAAAAATCTAAGAAACTCTACAACATCACCTTTTATAATTACATCAAAAGATATTGAAACAAAAGGATATACTTCTGTATCAGAAGTTTTAGATTCAGTTCCTGGTGTAAATATACAAGAAGGATTACATCCAGCAGTTGATGTAAGAGGACAAGGTTATCAAAAAGCAAAAGCAACAGTTCAACTTTTAGTTGATGGAGTTCCTGCAAATATGCTTGATACTTCACATATGAATGTACCTATTGATGTTGTTAACATCAATGAAATAGAAAGAATAGAAGTTATACCAGGTGGAGGAGCTGTTCTATATGGTAGTGGAATATCTGGAGGAGTTATTAATATTATAACTAAAAAATACAAGGGAAATAATAATGTTCGTGGAGGAGTAGGATATCAAGTAGGAAGTTTTGCAAATAATAAATTTGATGTTTCTGCTGGAACAAGTGTTGGAAATTTTGATTTTGATGTAAATTATTCAAAAAATAGAAAACATGGATATAGAGATTACGATTTTACTAATTCTGATTATTTTTCTGGAAGAATTAATTATAATATCAGTAAAACAAGTAACATAGCTTTTAAATATAGTGGTTATAGAGATAAATACACTTATCCTAGTTTCTTAACTCAAAAAGAATTAGATGATAACAGAAGACAAAGTGGTAATGATAAAGAAGCAAAAGAAAATAATAGAATAAAAAAAGATGAATTTACTTTAACATATAACACTAAAATAGGAGATAAAAATGATTTGAACATCTTAGGTTTTTATCAAAAAACAGATATTCCTTCTGAATCTATTGAAGATTATACAACAGAATATAAAGGAATGTTAGCAGGACAAGCTGCTGGGCTAAGAGCCGCTCTTAGAAATCCAATGTTACCTCCAAGAGCAAAAACAGCTATGCAAAATAGACTAAATGCTATACTAGCTGAAATAGGAAGTACAAATAGAGTTGATTTTAAAACAGTTTCTCAATTTAAAGATACAAAGAAAGCTATAAAAATTAAAGATAAATTTACTTATGACAATGCTGGAAGTAATGTTGTTGTTGGTTTAGGTTATACTGATAATGATATGGTTAGAGTATCTAAGATGGAATTAGTTGGAAAAAGAGTTATGGCAGATACAAAATTAGATTTAACTAAAAAAACATTTGAAGTATTTGCTTTAAATACTTATAAAGTTAATAAATTTGAATTTATTCAAGGATTAAGATTTGAAAATTCTAAGTATGATGGTACAAGAAAAAATAATACAGATACATTGGATATAAAAAAATCTAAAGACAACTGGGCAGGTTCACTAGCAGTAAATTACTTATATTCAGATACAGGAAATGTGTATATGAAATATGAAAGAGCCTTTACTTCTCCTGCTCCTGGGCAATTAGTGGATAAAGTTGAAACTGCTCCAAATATATATACATATAAGGTTAATAATTTAAAATCAGAAGGTACAGACTTATTTGAAATTGGTTGGAATGATTATTTATTTAATTCACTTTTAAGTGCAGATGTATTCTATAGTGAAACAAAAGATGAAATAGCAACTATTTTTGATGGAGGAAGACCTAATGCACATGGTACAGCATTCAGAAGTACAAATTTAGGAAAAACTAGAAGATATGGTTTTGATTTAAGTGCTGAGCAAAGACTTGAAAACTTTACTTTTAAAGAAGCTTATTCATTTATTGATACTAAGATTTTAAAAGATAATTCTAGTAGCTTTGAAGGAAAACATATAGCTGATGTTCCAAAACATAAATTAGTTTTCTCAGTGGATTATGATATAACTTCTAAATTTACTGTTGGTGCAGATTATGAATACAGAGCTGCTACCTTTATTGACAATGCAAATAAATATGGAAAAGATAAAGCTAAATCAGTATTCAATTTAAGAGCTGATTATAAATTAACTAATTCATTAAATATTTATGCAGGAATAAATAATATATTTGGTGCTAAATATAATAATAGTGTTGGACTTGATAGTGGAGAAAGAATTTATGATCCAGCTCCAAGAATAAACTATTATGCAGGTTTCAAATATAAATTTTAATAAAAGGAAACAAGATGAAAAGAAAATTTTTTTTAATGTCATTGATGATAACTTTTATAGTAATAACACTCTCTC
NZ_CP084154.1_gap22	1117531	1119034	1503	TGATTTAAATGAGATAAAAAAATATTGTAGTGAAGAAGGCTATAAAATTTTTTATGAGAAATTAAAAGAATTTGAAAAAGAAGGATATATAAAAATTGAAGACAATTTTGCTTTTTACGAACTAAAAGGGATTTTTTGGGGAAACAGTTTAGTTGCAAATATTATTGAAAAAATTGGGAGGTACTTATGAAAACATTAATAGTTTATTCTACAATCAGTGGAAATACAAAAGCTGTGTGTGAAAGAATATATGAAGCTTTAAATGCAGAAAAAGAAATACTAAATGTTAAAAATATTAAAAATTTAAAAATAGATGACTATGATAATTTTATAATAGGTTTTTGGTGTGATAAAGGAACTATGGATAAAGATTCTATTGAATTTTTAAAGACTTTGAATAATAAGAATATTTATTTTTTAGGTACATTAGGTGCAAGACCTGACTCAGAACATTGGAATGATGTTTTTGAGAATGCTAAGAAATTATGTTCTGAAAATAATAATTTTAAAAATGGTTTATTGATTTGGGGAAGAATTTCAAAAGAAATGCAAGATATGATGAAGAAATTTCCAGCAGGACATCCTCATGGAGTAACACCTGAAAGAGTTGCAAGATGGGAAGCAGCTTCTACACACCCAGATGAAAATGATTTTAAAAAGGCAGAAGAATTTTTCTCTAATCTATTAAATAATTAAAATTTTATCAATATATTTTACTTTTTTAATAAATAATTATATAATATCCCTATCAAGAGAGGAGATGATTTTATGGCAATTTTAACAATAAAAGTTGATGATAATGTTTTAGAAGAAGCAAAGAGAATTTTTGATGAAATAGGTATAGATACAAATAGAGCTATAAATACTTTTTTAAAAAAATGTGTTTCAGAGAATACTATTCCATTTGATTTAAATATTTCTAGTAAAGGAAATTGGGCAAAAATGTTAGAGAGAAATGCTGAGAAAGAAGAAACTAGAGAAATTGAAAAAAATAAAAATAATCTTGATGAGAATATAGAAGAATTAGCATATGAAGGTCTAGATGTTTAATTTTTACAAAAATTTATTATAATAATGGAGGTTTATATTTATGAAAAAAATTTTATTATCACTTTTAGCTTTTTGTAGTTTTGTTACTTTTGCGGCAGGAGAGCTAAATATGGATGAGGTAAATAAGTATGTTAGCGAAAAATTAAATAAGGATAAGGAAATAACAATTACTTATAAATTGAATAAGGCTAACAATACCTTAGAAGGTTATAGTGAAGAAGGAAAACTTATAGGAGTTAACTCTTTAAAAGATGAACCAGGTATTGCACAAATGGCAGGAATGAAAACTAAAATTTCTGAAAAGAATGGAAAATTAAATCCAGTTTCTGAAATTTATCTTGCTAATGGACAATTAGCTGTTAGAAATACTTATAAATTTAACAGAGATACAAATATATTTGCAACAGATGCTGTAATAGCTTATGTTAATGGAGAAATTCCTTATAGTGCTGA
NZ_CP084154.1_gap23	1223612	1224395	783	TTTGGGAGAGAATAAGATACATCTCCCAAGCCTCCTGTTTTAACAAATGGAAAAGCTTCTCCTGTTGCAAAAAGAACTTTCATTCCTTGCCCTCCATTTTTATTTATTTCTAATATAATCCATTAAATCCTGATATTGTTTTGTATTCCATTTCATACTCTTTTCTATAACTAACGGATATTCTTTTGAAGCAGATAATTTTTCATTTTCATGAATAATATTATTTTTATCTACAATAACATTTTTTAAATGTGCTCCTGCTTTAATATGACAATCTTGTAAAATTACACAGTCTTCTAAAATTACATCTTTTTCTATGATAGCACCTCTTGAAAGTATACTATTTTTAACAGTACCCTCAATTATACATCCATTAGAAACTAGTGAATTTTCTACATCAGCTGTTTCTCTAAAAAGAGTAGGTGGTGTATCTTTTACTTTTGTAAGAATTTTTCTACCTGATTTTACTCCAAAGACATCATCTCTTATTTCTGACTTTAATAAATTCATATTAAAATCAAAATATTCTCTTGTAGAATTTATACATTGTAGATATCCTTTAAATTCATAGGCATTTATATTTAAAGAAGGCAAATTTCTTGCAATTATTTCTGAAAGTACATTATATTTTCCTTCTTGTATACTATCAACTAATAATTTTAACATTAGTTCTTTACTTAAAACAAAAGCATCTAATGAAATATTTTCTTCTTCTTTAAAGAATAAATTTTGCCCTATTCCAATAACACGATTATTTTCATCAATTTTTACTGAAGAACAATG
NZ_CP084154.1_gap24	1244538	1248072	3534	TGTATCCCTATTCAGAGAAAATCTGGGATAACTTTTTTTCTGTTATAAGTATTGATGAATTTTTTATACTTGAAAAAAATTTAAAAGAAAATAATTATTCTTATACTTTAGAAAAACTATTATTAATAAAGGACAAAAAAATTTTAATAGATAGCAATGATTTAGAGTTAGTTCATTCAACTATTAATAAAATTGGGATAGATTCTACATTTGAGATTTTCAAAGAGCATTTTAATGAAAATATTGATAAAAAGAATTTAGAATTTTTTATTACAATATTAAAATATATTTTTGAAGATTATGATATTTCTTCAATTCTCTCAAAAAAATATATTTTAATTGTGAATTTATTTAAAGAAACTTTAAATAAGAATTTAGAAATTTACTTTGAAAAAAATAAAATGGATATTTTTATGTATGCAACAGATATTTCTAAAATACTTGAAAAAAATATTTTACTTATAAATTTTTTACCAGTAAAAGAGATTATTACATATATGAGTGAAAAATATAATAAGTACATTGAAGATGTTAAAATAGCTGAAAGCCAAAATTTAAATACTATTCAAAACTTAATTAATAATGATTTAGAAATTATCAAGAATACAGCCTTACCTGAAAGAAATTTTATGAAGTATTTTATTATTTTTGATTATTTTAAACATAACTCTTTTATAAAAGGTTTAATAAATAATTTAAAAAGTTTAAATGAAAAAAATATTCATCTCACTTGGAATACAAAAGCCAGTATTGGAATTATTACTTTAACTTCATTAATTTTTAAAATAAAAGATAAAGAAAGAAGCATTATTATAACAGATATTAATAAAGTAAAGATGGATAATCTAAGTATTGAATTAGAAACAGATGATAAAACTTATTTGATTCCTATTTTTAATATTAATGAAGGAACTGCTGAAAAAGATGAAGCTGTTAAGGCTTTGGCATTATATATAAAAAAACTTTCTAAATACTGGCAAAACATTAGTATAGATTTAAAAATTTATATTAATAATCATTACAAAGAAATAGACAACTTATTTTCAAAACCAAGCTGTTCTTTAGAATTTATTTTTGATGAAAATTTAAGAACACAAAATATTTTTAGAATATTTTTAAAAAATGGATTTGTAACTGAAAAGGATATTGCTTCAAGAAGAAATTTATTTAATTATATTGCTTCTAGCTTACAGAAATATGCTAAATTAACAAGTAAAATTGAAATTTATCCATTTGATGAAAAAAAGATTTCTGAAATTCAAAATTTAACAAAATCATATCTTGGCAAATCTATAAATTCTGAGATTTTGGCAGTATATTATGAAAATGAATTTTTTGATAGAGATAAAAGTGTTATAGTTCTGACTGAGAGAAGTATAGTTATTTTAACTAACTCATTTGGAGAAATACCATTTAACATAATTAATAATGTGACTTTAAGTGGTTTTTCAAGTCATAGTTTAGAATTTAAAACTACTAAAGGAAATTTTAGTTGCTTATTAAATACAAATGAAGATTCTAATAAAATTTTTGTAGATTTAGTTAAAGAATGTATAAATCTTATAAATTAATTTAACAGGTTGTATGATAAATAGTGATTTTTGAAATTTTACTAATACACTATTAGTCATACAACCTATTTAAAATAATTTAGCTAAATAATATCCCATATAGATACCAATTATAGATAAAACAATACTTCCTAAGCTATATAAAATTGCTAATATAAATTGATTTTTTTCAATTAACTCTACTGTTTCAAGAGAAAAAGTTGAAAATGTTGTAAATCCTCCACAAAGTCCTGTTGTTAAAAATAGCATTAATCTATGGTCTAGTATTTTTATATTTTTAGTAAAATAAGAAATAAAACCAATTACTATTGCTCCTAATATATTAATAAAAATTGTCTTATTATATGGAATTGGTAGAAGATAGAAACTATATCTTAATATAGCTCCTAGTGCTCCACCTAAACCAACATATAAAAATTTAAACATAAAAAATCTCCTAATTAAAAACTTCTTAATTGATTTATAGAAAAGTCCCATTCAGGAGTAATAAGTTCATTTTTTCCTTTTAATGAATACCATACTCCTAATTCTTTATTATTAGGATTTATTAATATTTGTGTTTGTTGTGCAGGCATATAAGATTGTGCCAACATAAATATTTTTTCTCCCTTATCATTTTCTGCCATATCAACAATAATTACAGCATGTCCTGGGCTTCCACCTTTAATAAAAACATCTCCTATTTTCATTTTATCTAAACTTTGCAATTTCATTTCTTTTTCTAGTGAAAGAGTTCCACAATATGAAAAAACTATATTCATATAATTTTTAAAATCTTTATATGTATTTGAAGGATTAGCTTTCTTAACATAAGCACCTTTACCTTGAACACTTATCCTATAACCCTCAATCCATTTTGAATATTTAGCTTCAAAACCAGAAGTAAAATGAAAATTAATTTTATTATATTCCTTTTTAGAATAAAGATATTCAGCTCTAAGTAACATAATAGCATCTGCACATTGGTGTAAATCTTGTTTTCCTATTTCTACATCCAATACACTATCGTAAATTCCACTATTTGGTTTTTCTTTACCATTGTAATATAAAGCTTTCTCTCCATAAGGTTTTAACTTTTGATTTCTTAAAAATTCAGCAAAGCTTCCTTTTTCAACATTTACTCTTTTATATCCACTAGGAACATTATATCTTGTTTCTACTGTCATTCCTTTTTTATTAACATAATTTATTTCTGCATACAAAAAATTTTGTAAACTAAAAAGTAAAATAATTATAAAAAAATTATATATTTTATTTTTCATTAAATCTCCTCAAAAAATATTATAAATTCTCTAAACTTTCATCATAATATAAAATTTTATTAGAATAACTTTTAATCATTTCAATTTTTTCAATTATATCTGACTTTACAAACTGAGGTTTCATAGCAGATATAATTTCCATCATAGATTTTCTTCCTCTGATATAAGTCAATTTAAAATCTTTTAATTCTAAATCTTTTACTAGACTATCTATACAATCCTTTAATGAACCTAGTTCATCAACAAGACCATTTTCTTTTGCTTGACTTCCAAGCCATACACGACCACCAGCAATTTTTTCTAAATCTTCTTCATTGATATTTCTCGCTTGCATAACATGTTCTTTAAATTCACTATACACTTCATTCATGCTATATATAATTTTTTCTTTAGATTCTTCACTTAACTTTGAAGTAATGTCAAAAATATCAAAACCCTTTCCCTTTGAAAAACCTTCCATATTTACTTTTAATTTATTAATTGTTTCAGTAAATTCTGGATATAAGACAACAACTCCTATAGAACCAGTTAATGTTACAGGATTGGCAAATAATTTTTTACCAACAGTTGCAATATAATATCCACCACTTGCACATAAATCTCCCATAGAAATATATATTGGTATATCTAATTTTTTTAATTTTTGATATATTTTCTCACTTTCTAAGGCACTTCCACCTGGGGAATTAATTCTTAAAACA
NZ_CP084154.1_gap25	1253367	1257473	4106	GCCCTGCTGCCATTGTAGCAAGTCCATCACCCAATAATGTTCTATGAACTCCTGGATCCTTAAAGAAATCTTTTCCAACAACAGCTCCATTTGTTGTAATATCTCCTATATGTTCTATAAATACAACCAAAGCTATTGGTGCAAGTGCGATAACCCCTGTAAAAGTAAATTTAGGTAATGTAGTAATAGTTTCAAAAGCACCTGTTGGTAAACCTATCCAACTTGCTTCATGTACTTTTGATAAATCAACATCTCCCATAAAGTATGCAACAGCATATCCAATAGCAACTGAAATTAAAATTGGAACTAATCTAAAAAATGATTTTTTTAAGATACTAATAAATATCATAGTAATAACAACAACTAATGCAATAATTAAACTATCTTTATCAAAAGTATTATTGTTATAACCTGCCATACTTAATGCTACTGGACTAAGTCTTAATCCAATAACCATTATAATTGGTCCTACTACAACTGGTGGAAAAAATGATTTTATTCTTTCAACCCCAAACTTTAAAATAACAAAAGACATAATAACATACACAAGACCAGCAGATATAATACCACCTTTTAATACTGCAATACCTTGTTCTTTAAAAACTAAAGCAGTTGCTCCTATAAAGGCAAATGATGAACCTAAGAATACAGGTACTATTCCTTTTGTTACACTATGAAATATTAAAGTTCCAACACCTGCACAAATAAGTGCTATTGAAGGATTAAGTCCTGTTAAAAAAGGTACTAATACAGTTGCTCCGAACATTGCAAGTACATGTTGCATTCCTAATACTATCTTTGTTTGTAAACTAAGTTTTTCCATTTTTCTTTCTTCCCTCTTTCTTACTTTTAAAAAAGGGATTAAAAAATCCCTTTTATTTTTTTATTTTGTATTTTTTAATTTTTCATAAAATTTTACTGGATCAATAATAAATCTTGTATGAGTTCCTGTTCCAACAACAACTCCATCTTCAAAAACTTCTACATCAAATATAAGTTTTTTCCTATCTATTTCCTTTAAAACAGAAACTATTTTAACAGTTTTTCCAACTAAAGTTCCTTTTAAATGTTTGATATTAACTTCTGTTCCAACTGTTGTTAACCCTTCTTCTAGTCCTTTTTGGGCTAAATGTAAAGAAGCTTCTTCCATCCAAGCTATCATAATAGGAGTAGCTAAAACTTCAACAGATCCTGATGCTGCTTTTGCTGCAGTATCATTTTCAGTTACAATTTTTTCAACTTCTAATTTCATTCCAACTTCTAGCATATAAAAATACCTCCTTGTAAAATTTTCCTTAGTAATTTTATAATAAATAAGTATAAGTGTCAATTTTAATTTTCTTTTATTACACATAAAAGTGAACCAGATTTTATTGAAAGATTAGCTTTATTTTCAACAATAATATTACTTATACACCTAGCTTCACCTTTTTTTATATCTAAGTTTTCAATATTATACTTAAAACCTTCTAGTGTTAAAGCTTTTACTTCATCAGAAAATATTATAAAAGATACTTTTCTATTTACCATACTATTAAATTCATAATTATTATTAATTTTAAAAATTTTTTCTTTTTCAGAAATAAAAATTAAATTGCTATACTTAGCTAACAAATTTATATTTGTAAGTTCATGGTCTATACTTCCACCTAAACCAGCAATACAATATACTATATCATATTTATCTTGGACTTCATTTAAAACTAACTCACTATCAGTATAGTCTTTTTCCACTTTAAATTTTATAAAATTAACATTTTTTTCTTGGTAAAACTCTTTCACTTCATTTCTAATAGAATCTAAATCTCCATAAATTTCTTTTGGTATTAAATCTAATTCATAACAAATATTTGCTCCACCATCAGCACAATAAATATCTCCTTTATTGTTTTCAATAAAATTTAAATAAAAATTTTTATTTCCTCTTAATTCCCCATTTAGAAATAAATAAGCAATTTTCATTAGTCATCATCCTTAGAAGTTTCAACAACAATAAATACTGGAATATGATCTGAAATAATTTCTCTCATTAATTTAGGGTTATCTCCTGAAAAATCTAATGCACCACTTGAACCAGTAAATTCTTGAGAATATTTTTGACTAAAAAAGAAATTGTCATAAGAATTTGCTCTACCTTTAGTACCTATTGTAGTCTTAATAGCAGGGTCTATTGCATAAGTAATTTTATCTGCATGTTTATATAATGGTCTAAAAGACTCATCTAAGGCATATAAATTGAAATCTCCTGCTATAAAAATATCATTTTCATTTTTATCTTTATCTTGGAAATAATCATAGACATCAACCATTTTAAAGTTTTCTGCTTTTCTTTGAGCTTCATTATTTCCATAAATTGTATGAACTAAAACCAAAGTGAAATCAAAATTACCTATTTTAAATGTTGCTCCATAAGGTTCTCTTAAAAGTGGACTTTTACCATCTTTATAGAAACCTTCTGATTTAATAAATTTTACTTTATCTTTTTTATATACATAGGCAAAATATTCTTTATACTTAGATGAACCTACTCCAAATGGTGATATATGATAATCCCATTTTTCATTACCTTGTTTATTAAGTTCATCTACTAACTCTTCAACCCCATCTCTGTTTATAACTTCAACTAAACCAACTATATCAAAACCTTGTAGCAATTTTGCAGTTTGAGGTATGTCTTTTTTTACAGCACCTAATCTTAAAATATTAAAACTTGCTATATATGCTTCATCTGCTGAACTTATATTAGATAATCCAAAAAATAATGCAAATATAACTGATAATAAAAATTTTCCCTTTTTCATTTATTACACTCCTTATAATAACAAAATATATAGGGATATTATACTGTGTTTTTACTATTTTTAGAAGATATAATTTAAAATAAAATATATTTTTTAATAAAGTCAACTAAAAAAAGCTACATTTTTTTTAAAAAATATGTTAAAATTTGTTAGCAAAAAAGTAAGTAGGTGAAAAATAAAAATGATTGCGGCTTTTTTTGATATAGATGGAACAATATATAGAAATGCCTTACTTATTGAACATTTTAAAAAATTAATAAAGTATGAACTTTTTGATGATATACAATATAGGTTAAAAGTGGAAGAAGCATATAATCTTTGGGACACAAGAAAGGGAGACTATGATGATTATTTACTTGACTTAACTCAATTATATGTAGTTGCAATAAAAGGCTTACCTGTAAAATATAATGACTTTATTTCTGATCAAGTTTTGCTTTTAAAAGGGAATAGAGTTTATACATATACAAGACAAATGATAGAATGGCATAAGAAAATGGGGCACAAAGTATTTTTTATATCAGGTAGTCCATCATTTTTAGTTTCAAGAATGGCTAAAAAGATGGGAGTTGATGATTTTTGTGGTTCTATTTATGAAATAGATGAGAAAACTAAAACATTCTCAGGTAAAATATTAAAACCTATGTGGGATTCTATTCATAAACAAGAAGCAATAGAAAATTTTATAAAAAAATATAATATAGATTTATCTAAAAGTTATGCCTATGGAGATACCAATGGAGACTTTTCAATGCTATCTTTAGTTGGTAATCCAAGAGCAATAAATCCTAGTAAAGAATTAATTACTAGAATAAAAAATGATGAAAATTTAAAATCAAAAACACAAATTATAATTGAAAGAAAGAATGTTATTTACAAATTAAATTCAGATGTTGAATTAATTGAATTTTAAAATATAAAATAATAAACAGTGAGGAGATTACAAAATGAAAATAAAAAATGAAGTTAGATATGCTTTACAAATTATTTATTATCTTACTTTAAATAGAGATAAGGATATTATTTCATCAAATGAAATATCTGCTGAAGAAGATATCCCAAGGTTATTCTGCTTACGTATAATTAAAAAATTGGAAAAAGCAGGAGTTGTTAAAATATTTAGAGGTGCAAAAGGTGGCTATGTTCTAACAAGAGATCCTAAAAGACTTACTTTTAGAGATATTATAGAAATTATAGATGATGATATAGTACTACAACCTTGTATAGATAGTTCAACTATTTGCTCTACTAGAGGTGCAGATTGTACTATAAGACATGCATTGAAAAAAGTTCAAGATGACTTAT
NZ_CP084154.1_gap26	1266443	1271383	4940	ATATCAGCTTTAGGTAAAGTTGAAAAATCAATATTATTTATATCATCACATACTATTGGATTTTTAAAGTTTTCTTTATATGTTTGAACTGCATATTTATCAAAATCATTTGCCCACACAATATGAAATCCAGCTCTATGAAATCCTAAATCTAAACCACCAGCACCAGAAAATAAAGAGATTACTTTATATATTTTTTTTCTCATTTTTATACTTCCTATTTTAATTTTTTGATATATTTTTATAATATAACCTCTGTTTTAATATATCAAATTTATTATACCATTTTTTCAAAATTTTTCTATCAAATATATTTTTTAATTAAATAAAAATAATATTAATAAAGGTAGTAAAATTTTCAATACAAAATGATATAATTGATATGGAGGAAATTCTATGAGAGAAGTAAAAAATTTTATTAAAGATAAAAAAATAGATTTGAAAAAGCTTGAAGAATTTGGTTTTAAATTAATAAATAAATCTTATTACTATCATACTTCTTTATTAAAAAATCAATTTAAGATGACTATTAAAATTAGTTTAGATAATTCAATTTTTACTGAAATAATAGATGTAGAAACTAATGAAGCTTATGTTTTACATCTTTTAGAAATGAAAAGAAGTGGTTATAGTGAAAAAGTATATAAAGAATATAGTGAAGTTTTAGAAAAAATAAAAAAAGAATGTTTTGAGGATGAGATATTTAAAGCCAACTATGCAAAAGAAATTATTAATTATATCAAAAATAAATATGGAGATGAATTGGAATTTCTATGGGAAAAATCTCCTAAAAATGCAGTTGTTCGTAGAAAATCTAGTAATAAATGGTATGCAGTAATACTGACTATATCTAAAAGAAAACTTAACTTAGATAGTGACGAAATCATTGAAGTAATTAATATTCATAATAGTCCAGAAGAAATTAAAAAACTCGTAGATTATAAAAAATACTTTCCAGCCTATCATATGAATAAAAAACATTGGTGTACAATTTGTCTTGATGGAACAGTAGAACTTAAAGAAATTTATAAGTTGATAGATATTAGTTATGAATTGGCAAAGTGAGGATAAATAAAATATTGCTAAGTACCTACTATTATTATATAATTATAATATGAGAAAATAGGAGGGATTTTTATGGCTACATTAACAATTAATATAGATGAAAAAACAGCTGAAAATTTTTATGCTTTTTGTGAAGAACTTGGTTTAGATATTTCAACAGCAATGACATTATTTATGAAGACTTGTTTGAGAGAACAAAGAATTCCTTTTGAACTTAAAGTAGCAAAAAAAGAAGTTGTTCAAAATATAAAAACAAAACCTGCTACAATAGAAGAATTATTAGAAAATTATGATATCTAAAAATAGAATGAGGTAAAAATGTTATATATAGTAACAGCATTATATATTGAAGCAAAGCCTTTAATATCATTATTTAATTTAAAAAAAGATAATACTTACACAAAATTTCAAGTATTTTCAATTGAAAATATAAAATTAATTATAAGTGGTACAGGTAAAATAAAATCTGCCACTGCTTTAACATACTTAATTTCAAATAAAGATATTAAAGATAATGACTATATAATAAATATTGGTTTTATAGCAAGTTCAAATAATAATTCTCAATTAGGAGAGATAGTATATATCTCAAAAATTCAAAATGCTTATTCAGATACAACTTTCTACCCTGAAATGATTTATAAACATAATTTCTTAGAAGGAAGTTTAACTACTTTTGATAAAATAATTGAGAATAAAATTGAAAATGTAGAATATATAGATATGGAAGCCTATGGTTTTTTCCAGACAGCTTCTATTTTTTTTAAAAAAGATAGAATTATTGTTTTGAAGATAGTATCTGACATATTAAAAGAAAAAGTTGAGGATAGAATTTTAATTAATTTTAAAGATGATAATTTATTTGATGAAAGCTATAAAAAAATTTATAATTTTTTATTAAAATTTATTAATTTTCTAGATGATAATAAAAATAATTTCAATAATAATGAACAAGATTTGATAAAAAAAGTATTAGAAAATTTAAAATTAAGTGATACAATGACTTATGAGTTTTTTAATATATTAAAATATCTAAAAATAAAATATGGAAATATTGATATATTAAAAAAATATGAAAATATTGAAGTTAATTCAAAAGTTCAAGGAAAGAAAATTTTTGAAAAAATAAAAGAATTTAGTAAGTTAAATAATAAAGTTAAAATTGAAAGAAAAGCTTTAAATAATAAGAATTCTAACTTATTTAATAATAGATTTTCTCATATTTATATTGAAAAGAAAATATTAAATAATAAAAATACTTTAGAAATATTATCTAAATTTAAAGATGTAAAGATAATAGAAATTGATAATTATAAAGAAGTATTTTCAAGTAATAATCAAGACTTTCATTTACAGAAATTGGGACAAAAATTAATTCTTGCCTCTAATAAACCTAATATGATTTATAAAGGTGCAGTTGTTTGTGAAAGTTTTGAAAATGATAATTTTTACTATACTTCTTCTATAATAAATTGTGTCTATGATTGTGAGTATTGTTATCTTCAAGGAGTTTATTCTTCTGGAAATATAGTTATTTTTGTGGATATTGAAAAGGTTTTTGAAGAAGTTGAAGAACTGTATAATAAATTAAAAACTTTATATCTTTGTGTATCTTATGATACAGATTTACTTGCAATAGAAGGTATCTGTGGTTTTTCTGAGAAATGGTATCATTTTATTGAAGATAAAAAAGATTTGAAAATTGAATTAAGAACAAAATCAAGAAATATTGATAAATTTTTAAATTTAAAACCTTTGGATAATTTTATAATTGCTTTTACATTATCTCCTGAAAACATTGCTTTGAAAAATGAAAAATATACAGCTAGTTTTGAAAATAGAGTAAAAGCTATTAAAGAATTACAAGAAAAAGGCTGGAAAGTTAGAATTTGTATTGACCCTTTGATATATAGTGACAATTTTGAAAAAAATTATAGTCAAATGATAGAATATTTATTTAATGAAATAGACAAAGAAAAAGTTATTGATATAAGTATTGGAGTATTTAGAATTTCAAAAGAATATTTGAAAAAGATGAGAAATCAAAACCAAAATTCAGAAATTTTATACTATCCTTTTGAATGTATTGATGGAGTTTATACATATTCTGATAAAACAAAATCATATATGATAAACTTTATTAAAGAACAATTTTTAAAATACATTGATGAGAAAAAAATTTATATTTAGGAGTTTTTATGAAAATTGCTTTAGTTACAGGTTCTACTTCTGGAATAGGCTATGAAATATCAAAAAGATTATTAAAAATGAATTACACTGTCTATGGTATTGGTAGAAATTTTATAAAAAATAATGAGAATATTTTTGAAGAATATGAAAATTTTATCCCTGTTACTTGTGATTTATCTAAACTTGATGACTTAGAAAAAACATTAAACTCCTTAAAAAAGATAAATTTTGATTTAATAGTGAATTCTGCTGGTATAGGATATTTTGGTTTACATGAAGAAATGAATATATCAAAAATTAAAAATATGATATCTATTAATTTACAAACACCACTTGTAATTAGTCAATATTTTTTAAGGACATTAAAAGAAAATAAAGGTATAATAATAAATATTTCATCAGTTACTGCAAATAAAGAAAGTCCTTTAGCTTCTGTCTATTCTGCAACAAAAGCAGGGCTTAGTCAATTTTCAAAAAGTTTATTTGAAGAAGTTAGAAAAAATGATGTCAAAGTTATAACAATTTATCCAGATATGACTAAGACAAATTTTTATGATAATAACACTTATTTTGAATGTGATGATGATGAAAAAGCATATATAAAAATGGAAGATATTGGAAATACAATAGAATTTATTTTAAATCAAAGTGAAAATATAGTTTTCACAGATATAACAATAAAACCCCAAAGGCATAAGATAAAAAAAGTAAAAAGAAAGGAATAATACAAAATGAAAATTTCAATTCTAGGAAGTGGAAGTGGAGGGAATTCAACTTTTGTAGAAATAGAAGACTATAAACTTTTGGTAGATACAGGTTTCAGTTGTAAAAAAACTGAAGAAAAATTAGAAAAGATTGGAAAAAAATTATCAGATATTTCAGCAATTTTAATAACTCATGAGCACAGTGACCATATAAATGGGGCAGGAGTTATAGCAAGGAAGTATGATATTCCAATCTATATTACTCCTGAAAGTTATAGGGCAGGAGCAGTTAAATTAGGAGCGATAGATAAATCTTTATTAAATTTCATCAATGGTGATTTTATCCTTAATGATAAAGTAAAAGTTTCTCCATTTGATGTTATGCATGATGCTGAAAGAACTATTGGTTTTAAATTAGAAACTCAGTTAAATAAAAAAATTGCAATATCAACTGACATTGGTTATATAACAAATATAGTTAGAGAATATTTCAAAGATGTAGATGCTATGGTTATTGAAAGTAACTATGATTTTAATACTCTTATGAACTGTTCATATCCTTGGAACCTAAAAGAAAGAGTTAAAAGTAGAAATGGTCATCTTTCAAATAATGAGTGTGCAAAATTTATTAAAGAAATGTATACAGATAAATTAAAAAAAGTATTCTTGGCTCATGTAAGTAAAGATAGTAATAATATTTCTCTAATAAAAGAAACTCTTGAAGATGAATTTATTGGAATGATTAGAAAGCCTAATTGTGAGATAACAACACAAGACAATGTAACAAAACTATTTGATATAGATGAATAGGTGGTGACTATGGACGAAATATCAGAATTATGGGAAGACTTAAAGTTTGAAGTTGGAAGTATTGGGAATGAACTATTACCCAAAGATAGACAAGAAGTATATATTGGCATGGGAGATAGAAATGCAGATGTTTTATTTGTTGGAAATGACCCAAAGCTTTATTTAGCTGAA
NZ_CP084154.1_gap27	1373970	1375769	1799	AGCAGCAGAATTATGTGAAGAACTTACAAAGGTTTTACCTAAAGGAATTAATAAGTTTTTATTTTCTGATAATGGATCTTCTTGTATTGAGATGGCTTTAAAATTGAGTTTCCAATATCATTTACAAACTGGAAATCCTCAAAAAACAAAATTTATCTCTCTTGAAAACGCCTATCATGGAGAAACAATTGGTGCATTAGGAGTTGGAGATGTAGATATTTTTACTGAAACATACAGACCTTTAATAAAAGAAGGTAGAAAAGTTAGAGTACCTTATATAGATTCTAAACTATCTAATGAAGAGTTTATTAAACTTGAAGATGAATGTATAAAAGAATTGGAAGATTTAATTATAAAAAATCATAATGAAATTGCTTGTATGATAGTTGAGCCTATAGTACAGGGTGCAGCAGGAATAAAAATATATTCTGCTAGATTTTTAAAAGCATCAAGAGATTTAACAAAAAAATATAATATTCATTTGATTGATGATGAAATAGCTATGGGTTTTGGTAGAACTGGTAAGATGTTTGCCTGTGAACATGCTGGAATAGAGCCTGACATGATGTGTATTGCCAAAGGTTTATCATCAGGTTATTATCCAATAGCTATGCTTTGTATTACAACTGATATATTTAATGCTTTCTATGCTGACTATAAAGAAGGTAAATCTTTTTTACATTCTCATACATATTCAGGTAATCCTTTAGGTTGTAGAATAGCTTTAGAAGTTTTAAAAATATTTAAAGAAGAAAATATTTTAAAAACTATAAATGAAAAAGGCTTATATCTTAAAAATAAAATGCAAGAGACTTTTAAAGATAAATCATATATAAAAGATATAAGAAATATTGGACTTATTGGAGCTATTGAATTAAAAGATAATCTTCTTCCAAATATTAGAATAGGAAGAGAAATTTATAACTTAGCATTAAAAAAAGGTGTTTTTGTGAGACCTATTGGAAATAGTATCTATTTTATGCCTCCATATATTATTACTAATGAAGAAATAGATAAAATGCTAGATGTTTGTAAAGAATCTATTGAAGAGCTTCTAAAAATATAAAACATATTTGACAACAAAAAAAACATCTGTTATATTATGTATGTTATATTATTTTTAGAGAAAGTGTATTTACAAAATACATATGGAGGGAAAAAATGAAAAAATTATTATTGCTATCAGCAATATTATCAAGTGGGTTATATGCTGCATCAATTGATCATGTTCAAACATATACTCCTGACTATCTTGCAAATCAAGCTCAGACAGGTATGATCAATGGGGCATCTGCTTATTATAATCCTGCTGGACTTGGAAGATTAGAGAAAGGAAAATATTTCCATACAGGTCTTCAGTTCGCACATGGACATGAAAAAATGTCTTACGGTAAAAAAACACATAAAGCAAAATTAAATCAAGCAATTCCAAATGTTTCTTTAACATTTGTTGATGAAAAAGGTGCTACTTTTTTTAACTTTGGTGCAATTGCTGGAGGTGGAGACTTAGAATATGATGGTGTATCAGGAGTTGATGTATTAACTGACTTAGCTCAATTTAAACCACTAGGAATCTATGATAAAGGTTCAACATTGAAAGGCTCTAATAAATATGAACAAATTACTCTAGGTAGAGCTTTTAATGTAGATGATAAATTATCATTTTCAGTAGCAGGTAGAGTTGTACATGGTACAAGAAAATTAAATGGTAACTTAAATATAGGTGCTAATCCCACTGCTCAATATAAACAAGCAAAAGCACAACAAGTTGCACAAGAAGTTAGTAAAGCAGTGGATGC
NZ_CP084154.1_gap28	1479941	1483819	3878	AAAAATGGATATTGTCTTTATAGAAGCACATGAGGCAATTATTCTAGGAAGATATACATTGAGCCGTAGGGCACATCCTTTAAAAGAAGTAACATTATTAAGAAGTATATTAAAAGAGAAAAAAATATTATTTCCTATAAGGGAAATAGCAGATTTAGTGATAGATACAACAGATACAAAAACTGTTGAATTAGAAAAGAGATTTAAAAAATTTATATTAGCAAAAGATGAAGATAATATAGATGTGAATATAAATATACATATTCAATCTTTTGGATATAAATATGGTATACCTACTGATAGTGATTTAATGTTTGATGTAAGATTTATTCCTAACCCATACTATATAGAGAAATTAAAAGAATTAAATGGTTTTGATGAAGAAGTTAAAGAATATGTCTTATCACAAAAAGAAAGTAAAGAGTTTTACTCTAAATTACTACCACTTCTTGAATTTTTAATTCCACAATATGTAAAAGAAGGTAAAAAACATTTAACCATTTCAATAGGTTGCAGTGGTGGACAACATAGGTCAGTAACTTTTGTTAATAAATTAGCTGAGGATTTAAAAAATAGTAAGGTATTAAATCATATAAATATTTATGTAAGTCATAGGGAGAAAGAACTTGGACATTGGTAAGCTAGATATTCCAGAATCACCTGGGGTATATTTGATGAAAAAAAATGATAAGGTTATCTATGTGGGAAAGGCTAAAAATCTTAAAAATAGAGTTTCTTCATATTTTAATAGAGTTCATGAAAATGAAAAGACTAATGAACTTGTTAAAAATATTGAAGATATAGAGTTTTTTCTTACCAATACTGAAATAGATGCCTTATTATTAGAAAACAATTTAATAAAAAAATATTCTCCTAAGTATAATATACTTTTAAAAGATGAAAAGACTTACCCTTTTATAAAGATAAGTAAAGAAGATTTTCCAAGCATAAAAATTGTTAGGACAACAAAGGCTTTGGATATTAAAAGTGGAGAGTATTTTGGACCATATCCTTATGGTGCTTGGAGATTAAAAAATATTCTTATGAAATTATTTAAAATAAGGGATTGTAATAGAGATATGAAAAAAGTATCTCCAAGACCTTGTTTAAAATACTATATGAAAAGTTGTACTGGACCTTGTGTATATAAGGATATAAAGGAAGAATATAATAGAGATGTTGAAAATTTAAAACAAGTTTTAAGAGGTAATACAAGTAAATTAATAAATGAATTGACAACATTGATGAATAAAGCCTCTCAGGATATGGATTTTGAAAAATCAATAATATATAGGGAACAAATAAAAGAACTAAAATCTATTGCAAGCTCTCAAATAATACAATATGAAAGAGAACTTGATGAAGATATATTTGTATTTAGGACTATTTTAGATAAGGCTTTTATCTGTGTTTTAAATATGAGAGATGGAAAAATTTTAGGTAAATCATCCACTTCAATAGATTTAAAAAATAAAATTACTGATAATATCTATGAGGCAATTTTTATGTCTTACTATTCAAAACATATATTACCTAAAAGTTTAGTTTTAGATGCTGAATATGAAAATGAATTATCAGTTGTTGTTAAAGCCTTAACTAATGAAGAAAGTAAGAAAAAAGAATTTCATTTTCCTAAAATAAAAAGTAGAAGAAAAGAATTACTTGATATGGCATATAAAAATTTAGAAAGAGATATAGAAACTTATTTTTCTAAAAAAGATACTATTGAAAAGGGGATTAAAGATTTACATGATATTTTAGAATTAAAAAGATTTCCTAGAAAAATTGAATGTTTTGATATATCTAATATTCAAGGTAAGGATGCTGTTGCTTCTATGAGTGTTTCTATTGAAGGAAGAGCAGCAAGAAAAGAATATAGAAAGTTTAAAATTAGATGTAAAGATACACCAGATGACTTTTCAATGATGAGAGAAGTTATTGAAAGAAGATATTCAAAGTTACCTGATATAGAATTTCCAGATGTTATATTAATTGATGGAGGTCTAGGACAGATTAATTCAGCTGGTGAGGTTTTAGAAAGATTGGGAAAAATTCATTTAAGTGAGCTTTTAAGTTTAGCAAAAAGAGATGAAGAAATTTATAAATATGGAGAATCTATTCCATATAGTTTAAGTAAAGATATGGAAGCTTTAAAAATATTCCAAAGGGTTAGAGATGAAGCACATAGATTTGGTATAACTTATCATAGAAAACTTAGAAGTAAAAGAATTATTTCATCAGAGCTTGATAAAATAGATGGAATAGGAGAAGTAAGAAGAAAAAAATTACTTACAAAATTTGGTTCACTTTCTGGTATTAAAAAAGCAAGTATTGATGAATTAAAGGAAATAATTCCTGAAAAAGTTGCATTAGAAATAAAAAATAAGATTAAATAAATAATTATAGAAATTTTGAAATAAAAATTATATAATATACATAGTTTATTTTTGGGGGTATATATGATAACAGCATTTTATATGATACTAGCATTTTTGATTTACATATTTTTTACTTACATATATATCAAAAGACTTATAAACCAGTATATTAATGAAGAATTAAAGATTATTTCTGGATTAAAAAATAAGAAACAATTAGATAAACTTCCTGATAATATAAAAACTGAGTACACAGAAACATTGGAAAAAATTATTAAACAAGAAAATGAATTAAATAGTTCAATAGATGAAATTAAAGAATATAGAAAAGAATTAGATGTTACATACAGTACCTTAGTTTCAAAATCTACTCAACTTGAATATACAAATAGTTTATTGGAAAAAAGGGTAAGAAATTTATCTAATCTAAATCATATCTCAAGAGTTGCATTATCAATGTTTAATATTGATAAAATAGTTGATACTTTAGCTGATGCTTATTTTGTTTTAACAGCAACAACAAGAATTTCTATCTATCTTTGGGAGGGTGAAAAACTTGTTAATAAAAAAATAAAAGGAAGTATTGATTTTACTGAGTCTTTCTCTTATCCAATGTATCTTTTAGAAAAATTTACTAATGAAGATTATAGTAAAATTTATTCTGACTTATCAAGAAAAATAACTATTTTAAATGATGAAAAAGTTATTATTACCCCATTAAAAGTTAAAGAAAGACAATTAGGTGTGATACTTTTAGTACAAAATAAAGATCAATTATTAGAAATAAATAATGAAATGATTTCAGCACTTGGAATACAAGCTTCTATTGCTATTGATAATGCAATGAATTATGCTGAACTTTTAGAAAAAGAAAGAATTTCCCAAGAGCTAGAATTAGCTTCATCTATTCAAAAGCAAATATTACCAAAAGGTTTTGAAAGAATAAAGGGACTGGATATTGCTACACACTTTTCTCCTGCAAAAGAAGTTGGAGGAGATTATTATGATTTATCCTTAAAAAATAATAATTTGTCTGTAACAATAGCTGATGTAAGTGGTAAAGGTGTGCCTGCTGCTTTTCTTATGGCACTATCAAGATCAATGTTGAAAACTATTAATTATGTTTCTAATTACACACCTGCTGAAGAATTGGATTTATTTAATAAGATAGTATACCCAGATATAACAGAGGATATGTTTATAACTGTGATGAATGCAGAATATAACCTAGATACTTCTTTATTTACTTATTCAAGTGCAGGACATAATCCCTTAGTAATCTATAAAAAAGAAAATGATACAATAGATCTTTATGGAACAAAGGGGGTTGCTATTGGTTTTATTGAAAACTATAATTATAAAGAAAACTCTTTTGAGTTAAAAAATGGAGATATAATTGTTTTCTATACCGATGGAATTATAGAATGTGAAAATAAAAATAGAAAATTATTTGGAACACAAAGACTTTTAGATATTGTATATAGAAATAAAAATCTTTCT
NZ_CP084154.1_gap29	1485823	1487237	1414	TTCTTATTTCACATTCAAGAGATTTTAAATATTCAAAAGCCTCAGTTCCTAAATATTCTTCCTCTTTATCCGCTCTTAAAAAAAGTTTCTCAGCCTTGATTAAACCTATTTTTGTAGATTTTTGTGCCAAAGGAAATATTTCTTCTATCTGTTCCTCAATTTTTACATTTTTATCAGTGTTATCAATAATTTTTAAATTTTCTAATTCATTTTTAATAGCTATATCAATTACTTTTTCTTCTTGTATAAGCTCTTTAATTTCTGTAAATTTATTAATATTTTTCTCTATATTTTCATTTTTATTTATTTCTGAATTGAAAACATTATAAAATTCATTAATATCAGAATCAATATTGATGAAATCTTCCTGAAAATCAAATGTATTTAATAATTCTTTTAAATATTCAGTTTCTTCTTTTAAAGAAGACATAACTAGTACTTCTGTTGCTCTTGTCATTCCAATATATAATAACTTTCTCAATTCATCTAAAATCTCATAACTTGTTTTATCAGGATAAAATTCTACTAAATCATCAGGACTTAATTCATCTATATTTGGAATAAAAATTACCTTATTTTCTGTACCTTTTGAAGAATAATAAGTTGTAATATTTACAGCATTTGAGTTAATAGATTTGTTCTTTTTAATATATTGTATTGAATATTTTTTTAAATATTTTTCTATCTCTTTCATATTTTTATCTTTTAATGCAATGATTGAAATATCATCATATTTATAGTTAAATTCATCTACTAAAATTTTTATATTTTTACATAAATTTTCAAATCTATCTTCAGGAGCAGAATACTTTATATAGAAAGGTTTTATACCTCTATCTACACTAAAAGTTAAAGTTAGATTCTTATTTTTATTATTTGAATTATCCTCATCAAGTTTCATTTCAGGAACTAATTTTTTAGCTACATCAAAAATTTCTTTTACATTTCTATATGCTCTATTCAGTATAAAACTCTTATTAACATTAATTCCTACTTGCTTTAATGTTCTACTTCCATATATCCAAGCCTGTGCTGAATATATACTTTGATTTTTATCCATAAATAATGACATTGTGTTTCCAGAGGTCTTTGAAATTTCACAAATTAAATTAATAAATCTAAAATGTATTTTAGATAAATCTTGAGCTTCATCAACTATAATATGATTATATTTCTTTATTTTTTGTCTATTTTCTTCTTTTTCATAGTAAAATAAAAATAATAAAGCAATATCATAAAAATCTGTATATCTTAATGTTCTTTCTCTACTACCTCTATATAAATCTAGTATTTTATAAATTTCTTCTTTATCTGTCTTACTTAATTTTGGTTGATTACCTCTACCGAGCCTTGAAGTTTCAATATATTCTTCTTTCTTAGTGTAGCAACAATTTCTTAACCAATCTATTTCACT
NZ_CP084154.1_gap30	1489962	1490486	524	ATATAAGACTCTTGTTAAAAATTCTAAGGCATTTTTTAAGTTTGCAAAATCTATATCTGTTAATAAGTATTTTTTAAAACGAGGTAAATCAAATTCATCTAAGTCATCAAGAAGATATTTGAATTCTGAATATAATTTTGAGATTAATATTTTTAAAGATGATTTTGCTTCTTCCCAAGTTATATCTTTTATTCCTTTCATAGAAATAAATATAACTGGATATTGCCCTTGTTCTTTTATATATACAGATTTTTCTATATCTAAATTATTAAATAATTTTCTATTTTCTTCATTATTTTTTATATCAAAAAAGTGTTTTATTGTAGACATATTAAGTGTTTTTCCAAATCTTCTTGGACGAGTAAATAATTTTATTTTTGAACCATCATTTAAAATTTCTTCTATAAATTTTGTTTTATCAACATAGTAACAATTATTATTAATTATCTCTTTAAAATTCTCTACACCTATTGGAATTTTTTTCATGAAATCCTCCTTTACAATAAATTATTTTTTATATTATA
NZ_CP084154.1_gap31	1506439	1507629	1190	TTACAAATAAGATTTTTGCTTATGCCTTAGCAGTATCAGAAGAAAATGCTAGTATGGGACAAGTTGTAACTGCACCTACTTGTGGAGCTTCAGGAGTTGTTCCTGGTGTTTTAAGGGCTATGAAAGAAGAATATGAATTAATTGAAAAACATATTTTAAGAGGATTAGCTATTGCAGGATTAATTGGAAACTTAGTTAAATACAATGCAACTATTTCAGGAGCTGAAGGAGGTTGTCAAGCTGAAGTTGGAACTGCTTGTTCAATGGCAGCTGCAATGGCAACATATTTTATGGGTGGAAGTATAGACCAAATAGAATATGCAGCTGAAAGTGCAATGGAACACCACTTAGGAATGACTTGTGACCCTGTTGGTGGTTATGTAATCATTCCATGTATAGAAAGAAATGCTATCTGTGCTGTAAGAGCAGTAAATACAGCTGTCTATTGTATGTCTACTGATGGAAAACATACTATAAGTTTTGATGAAGTTGTAAAGACTATGAAAGAAACTGGAAAAGATATGTGTTCTGCATATAAGGAAACTTCTGATGGTGGACTTGCAAAATACTATGATAGAATTTTAGTAGATAATAAAGACTAAAAAATCTTAAAAGGCATTTTATGAAAATAGATTTAATAAGAGTAACTTTAAAAGATACAAAAGAAATTTGGGAAATGCAAGTAAAATCATTTGGGGAATTACTTGATAAATATCAAGATTTTGAAACTAATCCAGCAAGTGAACCTATTTCAAATATTGAAATAAGGCTAAAACAAAGTTTTACATTTTTTTATTTTATTTGTATAGATAATAAAAAAGTTGGAGCTATAAGAATTATAGACTACAAAGAAAAAGGTAAAAATAAAAGAATTTCACCTATATTTATTCTTCCAGAATATAGAAATAAAGGAATAGCTCAATCTGCAATAAAAATTTGTGAAGAAATTCATGGAAACAATAATTGGAAGTTAAGTACAATTTTGCAAGAAAAAGGAAACTGTTATTTATATGAAAAATTAGGCTATCATTCTACTGGAAAGACACAAATCATTAATGATAGACTTACTTTAATTTTTTATGAAAAATAAATATTTAAGTTTATGGAGAAAAAAATGGAAAAATTTACTGTTCCCTGTGTGGCTGCAATTATAGAAAAAATTGTAAATAATGAAAAATATATTTTGATAC
NZ_CP084154.1_gap32	1508893	1512342	3449	TTAATCTTATATTTATATTTTTAAGAGCTTGTAATTCTTTATTTTTATCAACTTTAAATGTCTTTGAAATATTTTCTATAATTAATAAATCTTCTTTCATAAGCTCTCCCTAGACTCTTATTTTAAATTTATAATAGCATTTAATAATGATTTTGTATATTCCTTTTGAGGATTCTTAATAATCTGCTCTTTATCTCCAAATTCAATAATTTCTCCGTTTTTCATAACAGCGATTTTATCTGATATATAAGCAGCAACTCCCATATTATGAGTTACTAAAATAATAGCAGTTTTAAAATTTTCTCTAATTCTTTTTAATTCTTTAATAACTTGTGCTTGTACAGTAACATCAAGAGCACTTGTTGGTTCATCAGCTAGTAATAATCGTGGGCTCTGTGCCATTGCCATAGCAATGGCAACCCTTTGTTTCATTCCACCTGAAAGTTCAAAAGGATAAGATTTTAAAACTCTATCCACATCAGTTAAATTAAGTTTTAATAGATATTCTTTTGCTAACTCAATGGCTTCTTTTTTAGGCATATCATTATGCTCTAAAATATATTCAATAAACTGTTTTTCAATAGTTTTTATAGGATCCATTGTTGAATTAGGATTTTGAAATATCATTCCTATATCTTTTCCTCTAAGTTTATTAAGTTCATTTTTATTTAAGCTAATAATGTCTTTTTCTAAAAAGAAAATATTTCCACTTTCTATTTCTCCACCCATAGGAAGAAGTTTAAGTATCGCTCTTATAAGTGTACTTTTCCCACTTCCACTCTCACCAACTATTGAAATAATTTGATTATCTTCCAATGTAAAATTAACATCTTTAACAGCTTTTATAGAATTTTTATAATTGATATTCAAATTTTTAATTTCTAATAGTGGCTTCATAAAATCACTTTCCTATTTTTTAATTTTTGTGTCAACAGTTAAGAAATAATAATCTATTGGAAAATTATGCATATTTTCTACTTTATTATTAGATACATTTACATTAGCTTGACTTACTATATATGTTCCATACCCTTCATCTATTATTATTTGACTAGCTTCTTTTGTTATTTTTTCACGTTCTTTTACATCAAATGTAGTAGCAAGTTTATTAATTAAATCATCTAATTTTTTATTACTATATTTACCATAGTTTCCACTTCCACCTGTTTTAAAAGCATTATCTAGGAACCATTGAGAATCTCCTGTTGAAACTGTTTGCCAGTTTTGGAATAGAAGATCAAATTGTCCATTCTTTTCAATTTCATCAAGATTTTCAACAACTTTAATATTAACCTTTATTCCTACATTTTTTAATTGAGATTCTAAAAGTTCAGATATGGTTGTACCTCCTCTTCCACTAGCACCAGTATTTCCATAAACATTTAGTTCAAGATTTTTTCCATTTTTATCAACATAGCCATCATTATTTGTATCTTTATAGCCAGCTTCTGCTAAAAGAGATTTAGTTTTTTCTGGGTTATATGTAGCTTTATTTAATTCATCATAACCATAAGGAGCACTAGCTGGGAATGGAGCTCCAACTGCAACTGCTCCTCCTCCAACAACTTTTGCAATAGTATCATAATCCACAGCTGAATTTATAGCAAGACGAATATTTTTATCATTTAAAGGAGCTCTTGCTGTATTCATTGCCATAAATTCAATACGAGTTCCTGTTGTTGTCTTAACAATATAATCTTTATTATCAGTAAATAAAGCTATATCACCAGCTCTTATGCCTTGAGCCATATCAACATCTCCTGATTGTAAAGAAAGAGCTCTTGTATTATCATCTTCTATATCAAACACAGTTATACTATCAAGTGCAGGTTTTCCTCCCCAATAATTTTCATAAGCAACTGCTTCAAATGAAGTAGCTGGTTTAAATGAAGTTACCATATATGGACCTGTACAAATAGGAGTTTCTTTAAATTTAGAAGTATCAGCACTTGTGTCAACTATTATAAACATAGGGTCAGATATATTTGCTAAAAATGCACCATAAGGTTCTTTTGTTTTTATAATTACATATTCTCCATCTACATCTATACTAGCTAATTTTAAAGCACTTTCTCCTCTTTCATTCATTTTTACAGTTCTTTCAATAGAAGATTTTACTGCTTCTGGAGTTAAAGGATTTCCATTTTGAAAAGTTACCCCTTGACGAATATGAAATTTCCAAGTTGTTTCATCAACATTTTCCCAAGAATCTGCTAATTGTCCAACTAATTGTAAGTTTTCATCAACAGTTACTAATGTTTCTCCAACAGCAGCTCTTGTTAATGTCCAACCATCCCAGTCTAATGCTGGATCCAATGTTTCTCCAAACCAATAAAGAGCAATGTTCATATGTTCTCCACTAGCTTGAGCCTCTGTTGACACTGCTTCTTTTTCCTTTTCTTTTTCACCACCACAACTTGTTAAAATTACAACTGAAATAAGGGCCAAAAAAATTCCTAATAATATTTTTTTCTTCACAATTTCCTCCTCTAAATAAAATTAAAATATAAAAATTACTCTTTGGGATCAAGAACATCTCTTAAACTATCCCCAAGTAAATTAAAAACAACTACACAAATAAATATGGCTATTCCTGGGAAAAATAATATCCAAGGAGCTGTTTGAATATATTTTTTACCTTCACTTAACATAAGTCCCCATTCTGCTGTTGGAGGTTGTACCCCTATTCCTAAAAGGGATAAACTTGATAAAGTTAAAAGATTATTTGCAATATCTTGTGTTGTTAAAACAATTAAATAAGGTAAAACATTAGGAGCTAAATATTTATACATAACTCTAATATTGTTAGCTCCACTTAATTTAGCTTGATTTATAAAATCATTATTTTTTAAAGATATTACCATAGCTCTTGTAACTCTTGCATAGTTAGTCCAACTGATTAATGTCATAGCTAAAATTAAATTCTTTAATCCTCCACCAAAAATTGTTACTACTGCTATTACAAAAACTATATATGGAAAAGACATTATCATATCAACTATTCTCATAATGACAACATCAACTACTCCACCTAAATAGCCAGATATAAGGCCAATTACAATACCTATAAAAGCAACCAACAAAGTTACTAACAAGGCAATTAATAAAGAATATCTACCTCCATAAAGTATCCTTGATAAAATATCTCTACCTACATAATCTGTTCCTAATAAATAAGTAGAATTTGGAGCTTGAGATATAGCTTCATAATTTTGATAATCAGGATTATAAGGAGCTAAATAATTTGCAAAAATTGTAATTAGAACTATAAGGATAGCAAATGTCAAAATTATATAAAACTTATAATCAATTTTTTTATTTTTCATCAATTCTCATCTCCTATTTCAATTCTAGGATTAAGATATTTATAAAGAATATCCACAAGAAGATTTATCACAACATAGATTATAGCTGTCCATATAACATAGCCCTGCATTAAAAAATAATCT
NZ_CP084154.1_gap33	1517061	1521355	4294	AATAGATTAAATTTTTATCTTTTTTTAAATAAATAAAGTTGCTTTTTAATTAAAACTAGATTATTATGTATTTAAGATAAAGTTTTGAAAATTAGCCCACAAAGTTTAAAAATTTAACGATTTCTATTTATGGAGGTAGATTTTTATGAAAATGTATGGACTTGAAAAATTAGGAATTAGTAATATGGTAGCAGTGCATTATAATCTAAGCCCTGCACAACTTGTAGAAAAAGCTTTGGCAAATAATGAAGGAATATTAAGTGATACTGGTGCCTTTGTTATATCAACTGGTAAATATACTGGTCGTGCACCAGATGACAAATTTTTTGTAGATACTCCAGAAGTTCATAAATATATTGATTGGGGTAGAAATCAACCTATTGAAAAAGAAAAATTTAATGCAATTTTTGGAAAATTAGTTGCTTATTTACAAAATCGTGAAATTTTTATTTTTGATGGAAGAGCAGGAGCTAATCCAGAATATACTAGAAGATTTCGTGTTATAAATGAATTAGCTAGTCAAAACTTATTTATTCATCAACTATTAATTAGAACAGATGAAGAATACAATGAAAATAATAATATTGATTTCACTATTATTTCAGCACCTAATTTTCACTGTGTACCTGAAATAGATGGAGTAAATTCAGAAGCTGCAATAATAATTGATTTTGAAAGTAAACTAGCTATTATCTGTGGAACAAGATATTCAGGAGAAATAAAGAAAAGTGTATTCTCTATAATGAACTATATCATGCCTCATGAAAATATTTTACCTATGCACTGTTCAGCAAATATGGATCCAGTAACTCATGAAACTGCAATTTTCTTTGGATTATCTGGAACTGGAAAAACAACTCTATCAGCAGATCCTAATCGTAAATTGATTGGTGATGATGAACATGGTTGGTGTGATAAGGGTATCTTCAACTTTGAAGGTGGATGCTATGCAAAATGTATAAACTTAACTGAAGAAAGTGAACCTGAAATTTATCGTGCTATTAAATTTGGAAGCTTAGTAGAAAATGTTGTTGTAGATCCTGTAACAAGAAAAATTAAATATGAAGATGCAAGTATAACTCCAAATACAAGAGTAGGATATCCTATACATTATATTCCTAATGCTGAATTATCAGGAGTAGGTGGAATACCAAAAGTTGTTATATTCTTAACAGCAGATTCTTTTGGGGTATTACCTCCAATCTCAAGATTGAGTCAAGAAGCTGCAATGTATCACTTTGTAACTGGATTTACTGCAAAACTAGCTGGAACAGAATTAGGAGTAAAAGAACCTGTTCCTACATTCTCAACATGTTTTGGAGAGCCATTTATGCCTATGGACCCAAGTGTATATGCTGAAATGCTTGGAGAAAGATTAAAAAAACATAATACAAAAGTATATTTAATTAACACTGGTTGGTCAGGTGGAGCTTATGGAACAGGTAAGAGAATAAACTTAAAATATACTCGTGCTATGGTAACTGCGGTATTAAATGGATATTTTGATAATGCTGAATACAAGCATGATGATATATTTAACTTAGATATTCCTCAATCTTGTCCAGGTGTTCCTAGTGAAATTATGAATCCAATAGATACTTGGCCAGATAGAGATAAATATATTGTAGCTGCTAAGAAATTAGCTAATCTATTCTATAATAACTTTAAAGAAAAATACCCAAACATGCCAGAAAATATTACAAATGCTGGTCCTAAATATAATGATTAATAAAAAATTCTCATAGCCTTATTAATTTAAAGCTATGAGAATTTTTTTTATTGATTGTAATATAAGTTTTCAGTTGGAAAAACTTGATCTGATGTAACATCTATTCCAAGTTTTCTTAAATATTGCTCATCATTTCTTCCTAAAATATGTGTTGAATGAGCTTGTACTCCCTCTAATTGTGAAAGTTTAGATAAAGCAACCTCTGCCATAGGGTTAGTTGCTGCTGTTATACTTAGAGCAATTAATATTTCCTCACAATCAAGTGGAATATGCCTATTTTTTAAAGTCTTTTCTTTTAATTTTATAATAGGCTCTAAAATTGTTGGTGAAATTAATAGAAGTTCATCATCAAAATTAGAAAGATACTTCAATGAATTTAATATAGCTGCTGAGGGAGCATCCATTAGTGATGATTTTTTTCCTGTTATTATTTTTCCATCTGGCATTTCAAATGCAATAGCAGAAACTGTTTTTTGTTTATCACTTTTTTCTTCATTTAAAAGTTCTAATTTTTTTCTAGCAAAAGTTACAACTTTTCTATCTTCTTCTTTTAAACCTAGACTATGCATTATAAATTCTGATCTTTTAAATGTTTCTAAATCAGTATTTCCTTTTTTATAATCACAACCAGTTTTAAAATATCTTCTTATTATTTCTTGTTCTGAGGCTTTTCTAACTACTTCATCATCAGTTATACCAAAGCCCACTCTATTAACTCCCATATCAGTTGGAGATTGATAAATTGATTTTTTCCCTGTTATCTTTTCAATAATTCTTTTTAGTAATGGGAACGCTTCTATATCTCTATTATAGTTTACTGCAATTTCTCCATATTCTTCTAAATGAAATGGATCTATCATATTGACATCATTTAAGTCAACAGTTGCAGCTTCATAAGCTATATTTAAAGGGTGTTTTAAAGGTACATTCCAAACTGGGAAAGTTTCAAATTTAGAATATCCCACATCTTTTCCTCTTTTATATTCATGGTAAAGTTGACTTAAACAAGTGGCAAGTTTTCCACTTCCTGGACCTGGGGCAGTTACAACAACTATTGGTTTTGTTGTTTCTATATAGGCATTTTTTCCATAACCTTCATCACTTACTATTGTATCAACATCACTAGGATATCCTTTTGTTGCATAATGCTTATATACCTTTATCCCTCTTCTTTCAAGCCTTGTTATAAAAAGAGCTGTTGAAGGTCTATCTTCATATCTTGTAATAACCACACTATTAACTCTTAAATCATTTTCTCTTAAATCATCAATAAGTCTAAAAACATCCATATCATAAGTGATACCAAAATCACCTCTGATCTTATTTCTCTCTATATCTCCTGCATAAACACAGATTATAACTTCTATTTTATCTTTAAGTTTATTTAAAACTTTAATTTTGGCATTCTCATCAAATCCAGGTAAAACTCTTTTAGCATGTAAATCCCCTAAAAGTTTTCCTCCAAATTCAATATACAGCTTATCATGGTTATTAACTCTTTCAAGTATATACTTAGATTGTTCTTCTAAATATTTTTCATGGTCAAAACCTATTTTCATCTTGTATCACTACTCCCAAATTTAAAAAAAATAAAAATATTATATATCAAAAAACCATTTACCATTCTACCATATATAATAAAGTTTGTGAATAATTTTTTAAGCTTCTACTTTATTTTTAATAACTGAATAAGCTTCATTTACTATCTCATCATAAGTTAGATTTTCTACTTTTATTTTATCTAAAAATTCAACAGTAATTTTTCCAGGTTTAGGAATTTTTTTACCAGTCGGAAATAAGTCATAAGCACCATCTATAACATAAGGTTGAATATCAACATTTAATTCTTTTGCAATAATAGCAAAAGATTTTTTAAATTTATTCATTTTTCCATCTCTGGTTCTTAATCCTTCTGGATAAATAGCAACATTTTTATTTTCTTTTAAGATTTTAGCAAGTATTTGCATTACTTCTGCAATATCCTTATTCATATCAACCAATACAACATTAGCAGAATTAGCCATAAACTTCATTATTGAACTTTTAAAATGTATTACTGTTGCTAAGAAATAAGTTTTTTTCATAACTTTTAAAGGAACAGAATAATTGAATAAGAAACCATCTAAGAAACTTTGATGATTTGCAACAAAGATAGTAGGTTTTTCAGTTTCAATTTTTTCTTTCCCTTTTACCTTAACTCTAAAAAATGTTTTAAAAAGAATAAAAGATAAAAATTTAAAAATTACTGCTACAAAACTAGAACTTGGTAAATCTGCTTTTGTATCCTTATTTATAATTTCTTTCCAATCTAAGTTTCCTATCTTTTCTTGGTTTCTATTATCTCTTATATAATTAGCAAGTTCTAAAAGAGTAGGATTTTTAGAAATTAAGTTATCTTCTTTAATACCATAATTTAAGTCTAAGAAATGTTGAAATTCAACCATATCTAATGAGTCCATACCTAAATCAATTTCAATATGTGAATCAAAATACACATCTTTTTCTTTAACATTAACAAGGTATTTTTTGATTTTGTTATATTCTTCAAAATCAGGTTCAGGTTTT
NZ_CP084154.1_gap34	1541860	1544640	2780	TTTTATAAGCTATTATAGAAAAATAGTTCGTTACTAGCCAGATTTCTTAACAGATAAAAATTAAGAATTCGCTGCAAATTCACTAAACTCACTTCGTTCAAACATAGTGAGATTTGCTTGGCTCATTCTATTTAATTTTTATCCTAAAATCTGGAATGTAACTCTCTTATTTTTCTTTATAATATTTTTTAAATTATATAGTATAATATTGCTCCTACTAGTCCTGACAAAATAATTAAAGTTATACTCCCTATTTTAAATACTAAGCCTCCTATTAATACTGAAGTAAATATTATATATGATTTATAATCTATAAAGTTTTCTCTAACAAAAAGTGCTATTCCTGCTGCTAAAATTAAACCAACAATAGTTACTCTTAATGATTTAAAAATTCTTTGAACCACTGGTAATTTACTAAATCTTTTCAAAAATATTACTATAAGACTTACAATTATTATAGATGGTAGAACTACACTTGTAGTTGCAATAGTAGAGCCAAGAATTCCTCCTATTCTATATCCAACATGAGTTGCTAAATTTATAGAAATTGGACCAGGTGTAATTTGAGAAACAGCTACAATATCCATAAATTCTTTAAAACTTATCCATTTATTTACATCTACAACTTCGTGTTGCATTAGAGGCAATATTGCATAACCCCCTCCAAAACTAAAAAGTCCAACTTTAAAAAATACAAGAAATAAATTAAAATATGTCATTTTTTATCATCTTCTTTTCTTTCTTTTAATATATAGAAAATATTTCCAAGTATCATAGTAGCTATTATAATAATGATAGGAGAAACTCCAAAATATTTAATCAAAACAGCTACAATAAGTGGTATTACAAAATTATACCTATTTATATTAGCAGACTTACCTATTCTATATACAGAAATCAATATAAGTGCTGTAATAGCGGGTTTCACTCCATTAAATATTGCTACAACCAATGGATGATTTCCATAAGCTAATAGTATTTGACTTAAAAATAAAACTATAAAAAAAGATGGTAAAACTGCTCCTAGCATACCTGCAAACATACCTAAAAAACCTGCTATTTTATATCCTGTAATAAGTGATATATTAACAGCAAGTACTCCAGGAGTTGATTGAGCAATAGCCATACCATCTAAAAATTCTTCATGATCTAACCATTTCTTTTTATTAACAATTTCATCTTCTATTAGAGAAAGCATTGCATAGCCTCCTCCAATAGTAAATGCACCTATTTTAAAAAATAATATAAAAATCTCTATTATTCTATTCTTATTCATTTTTTCCCTTTTTTAATACTGAAATAACTTCTAATAAAATATCATAAGCTAATTCTATTTTACTTTTTTGTTTTATTTCAATTGAGCTCTTATCTTTCTTTATGATCTCAATTGTATTACTATCTGTTCCCATTGTAGAGGCATTATTTGCAACTATGATATCTAAATTTTTCTTTTCTAATTTTTTTAAAGCATTTTCTTTTATATCATTTGTTTCAGCTGCAAAACCAATCAATAGTTGTTTATCTTTTTTCTTACCCATTTCTGCTAAAATATCTGGGTTTCTAACTAATTCTATAACCAAATCTGAATCTGATTTTTTTATCTTTTCTTTTTTATATTCTTTTGGTCTATAATCAGCAACTGCTGCACAAGCTATAAAAATATCTGTATCTTCAAAATATTCATTTACTTTTTCATACATTTCAAGAGCAGATTCCACTGAAATAAAATTTTTAAGTCCCTTTGGTATTTCTAAATTTGTAGGTCCACTGATTAAAGTTACCTCTCCACCTAAATCAATAGCTGCCTGAGCAAGACAATATCCCATTTTACCACTTGAATTATTTGATAAATATCTTATAGGATCTATATTTTCTTTTGTTCTACCACTTGTTATAAGAATTTTTTTATCTTTTAACACAGTATCATAATTTTCTATCTTTGAATAGATACTATATCTCTCAATTTCTGCAACTATGTCTTCTGGCTCACTCATTCTACCCTTTGCCACATAATTACAAGCAAGTAAACCTTCTTCTGCTTCAATAAATCTATAACCATAAGATTTTAATTTATCTATATTTTCTTTAAGAATTGGATTTTCATACATATTTACATTCATTGCAAGAGCAAAAAATACTGGTTTTCTCACAGAAACAGCAGAAAGAATGGTTGTAAGCATATCATCTGCTATTCCATTTGCTACCTTACCAATTATGTTATATGTTGCAGGAGCAATTAAAACCATATCTGCCCAATCAGCAAGTGAAATATGTTCAACTTCATAATGTGGGTTAGTATCCCACATATCAATATAAATCCTATTTCTTGAAAGAGTTTCTAAAGTTAAAGGTCCTATTATTTTTGTAGCATTCTCAGTCATTACAACTTTAACATTATAACCTTTCTTTTTAAGAAGAGACACAATACTTGCTGATTTAAATGCTGCAATACCTCCTGTAACTCCTAATAAAATATTTTTCATATCTTTCCCTTACCTTTTAAATTCTACATTCTTTATAATACTCATCTCTTTTTTGAATAAACTCTTCTATTTGAGGAGTTTTAAAACCATAAGATTTTAAAGATAGAAAATCAAAATTTGTTATATCATCCATATATTCTAAATATAACTCTGAAAATATAGTCATTAATTTTTTAGATTTAGAATAAATTTTTGATAGTTTTTCTCCTTTATTAGTCAAAGTTACAATATCCCAACTAAATTTCCCATTTTTATAATCTAAAAATCTTTGTTTTGCATCATCAAAATTTTTAGTTT
NZ_CP084154.1_gap35	1589558	1590923	1365	AATCCCATAAGTCATGTCCACTTATTAAGATTCCAGGTCTTTTTCCAGCTCCAATTTTTACTTTTGTAATTTCTGGTGTTCCTAAAGCAGATGTATTAGCTTCATCAAGTAATGCCATTACTTTAACTCCATATTCTCCAGTTTTCATTGTTAAAGCAATCAATTGTTCAGCAGTTAAACTATCATCCATAGTTCCTAAAAGAGCTTCTTCAACAAAAGCAAATATTTCTTCACTTGTTTTTCCTAAGTTAAAAGCATGTTCTGCATAAGCAGCTAAACCTTTTAATCCATACATAATTAATTCTCTTAAAGATCTAACATCTTCATTTTCTGTTCTTAAAACTCCAACTACTGATTGATTTTCAGAGAATTTTATTAAATCTTCATCTGATTCATAATACCAATTTACTAAATCAGCTCCATATTTTTCAGCTTCTTTCTTTTCTTCATCAGTTGCTAAGGCTTTTAATTCTTCTCTTAATTTTAATCCTGCTTTTATTTCATCTAATATAGCAGCATCATCAAAGTTAGCATTTGTAATTGTTATAAAAAGTGAATTAATAAGATATCTATTTACCTTTCCTTCTAACAATTCCTTTGCTTTTCCATTTTTTCTAAAAACTGCACTATATGCTGCAACACCTTTTTCAGTGTGTAATAATAAATCTTGTAATCCTGATGTTTCTGCATCCTTTCCACAAACTCCTATAGATGTACATCCAGTTCCTTTAGCAGTTTCTTGACATTGATAACAAAACATTTTATCCATTTTCTTTTACTCCTCCTTAATTACTAAAAATATAGTTTAATATTTCTTGACAATATGATAAGCTATATTTAATTTTATTTCGGTAACATTTGTTACCGAAATAAAAAAAATTTAAAGTTAATATAAAAAAGAGTAAAAATATGATAAAATAATTTCAATTCTTGTAAAGTTAGGAGGGATAAAAATGCATGATGGTTGTTCTGGAAAATTTGATGATGGTATGCAAGTATTAGCAAAATTAAGAATGATGGGATTTAGTAAACAAGATATGCCTTTTCCAATGACATTTACTTGTAAAGAATGTGGAAAAGAAATAACTATGACTACTTTTGAATATGAATGTCCTCATTGTAGTATGATTTATGCTGTTACACCTTGCCATGCCTTTGATGTAGAAAATATTTTAAGTGCTGGAAAAGCAAAAAAATAAATGATAAAGGTTACTTCCATTTTTTGAAAGTAACCTTCTTTCTTTTATATTTTCTCCAATTCTACCTTTTCTACAACAATAGATTTTTGATTTACATAAATAACAAAACCTGGTTTTGCTCCATTAGGTTTAGAGACATTTTTTCTTAAAGTATACTGAACCTCCC
NZ_CP084154.1_gap36	1592372	1594821	2449	TATTTCTATTAAGCACAGACTATATCTTATCCCACAGCTTTATCTGTTTGGGTCTACCCACTTCCACCAGCTTTGGTGTACTTCCCTCAAGAGGAATAGTCGTTGAACCTTACCTTGCGGTCTTGGCTGCTGATTGCCCATTATCTTAACACTTAGGATTTAACCTTATGTCATCTAGTATATTTTTTCTGCTTTCGCCACTTTCACACTTGTACCATATTATTTAGGTACTATGTTGTAGTTATACTAGCTTTAGAGGTTTCCAGCAATTCGAGTAGTATTGGATAGCTTTTTTAAGTTGCTATCTCTACATACATATTTCTATATATGCTGACTATACTTAATGGTCTAACTCATGACTGAAGTCACAAGTATGCGACCATATTTTTAATCAACTGTAACTTTTTCTCCTAGATTAGCCTTAGAAAAGTATGCTGATACTTGAGCAGACTTAACTATTAATTCATCAGTTAATTTAGAAGTTTTAAGAATAATATGAGAACTTGGAATATCTTTTACATGAAACCAATAATCATCTTTTGCTGAAACTTTGAAAGTTAAATTATCATTTTCTAAATTATTTCTTCCATATAAAATTAGATAATCTTCTCCTTCAATCAATCCATATTTAAGTTCTTTTTTAAGTTTAGTTTTCTTCTTATTATATAAACTTTTAATATAATTTAATTTTATTAATTCTTCTTCAATTTCTCTTAAGGAAATTACATCTTGGCTATTTTCAATAAAAAGTAAAGTACTTTCAACATAAGTAATTTCATCTTTTATTTCTTTTTCACGCCTAATAGCATTAGTAAGTCCTCTTTTTACCTTATTATATCTTTTATAGATTCTATCTAGATTTTCATTTGGGCTTATTAAAGGGTCAAGTTCTATTTCAATTTCCTTATTGTTATAAAAATCATAGGCTTTTATGTAATTCATTCCTTTTTTTACGCTATATAAAACAGAAGCTAAAATATCTCCCTTTTCTTTTATGCTATCCATAATTTTAGAATCTTCTATATCTTTTTTAATTAAAGATAATATTTTATTTAATTTTTTTAATTTCTTTTCAAGTAAACTTTCTAATCTATTTTTTAATAGCATAAAACTTGTTGTTGTGTGCTCATAGTCTATATAGAAATTAATCATCTCATCATAAGATGAAAACTCCTTTATTTCATCATAGTCTTTGAAATCTATATCTAAAACCGTTGCTAATTTTATTTTTTTATCTTTAAAATAAATCTTTGCCTTTATATCACTATTTAAAATATTTTTATATTCATCAAAAGATTTAATATTATTTAAAAATTTTCCTACACCTTCAATTTTATTTGTTAAAGGAATTTTATTTTCTAAAAATCTATTAAATTCATTTTCAGTTATATCAACAGGTAATATTTTTTTATCAAACTTAGGTCTTGTGTAAGTTTCACCTGAAAATAATGTTCTATCAAAATTTTCTGAAATATGAAATTTCTTCAATGTATCCAATACTTTATTTTCTTCATCAGTGAAGATAACATTAGATAACTTTCCTATACATTCAAAATAAATTTTATATTTTTTTATCTCACCTAATTCATTTATTCTTGAAAAATGAAAAACTAGGATTCTATCAAACCCTAGCTGTTCTATATCTGTTAACATGGCATTCATTAAATTTTTTCTTAAATTAGAAATTATTGATGAAGCTATATCTAAAATTGGTTGTTCTTTACTTTTAGTAATATAACAAATAGGTAAGCTTGGTATACAAGAAAGTAAGAGTTCAATTTTTCCAAAATGTATTGAAATTGTGTACTCATTATTTTTAAATATTCTATTTATTCTTTTGCCCTCTAAACTTTTTTTTAGCTCTTCCTTCATTTTTGAAAGAGATATACCATCTATATACAACATATTAATCAGCCTTTACTCCTATTAGATTTTTAGCATCTAAAATATCAAGTGTTAAAACTTCTCCATTTTCTTTTTCTATTTTAAATTGTGATTTATCATTAGATTTTAAAACTTTTAAAAGTGTAAAATTTTCTATACTATGACTTAAAAAATAATTTTGAACAATTGGAGTCCCCTTTATTTCAACAATAGAAACCTTTGTTCCTTCCTTAAAATCTGTTATAGTCATAGGTTTGAAATAATCTGTCTTATTTCTTAAAGATTCTAAAATCACTTCAAAAGTGCTAACAAATTGTTCTAAATCTTTGTCAGGTATACTTTCTGTGATAGAAGCCATAATCATTTTGTGATAGTTATTGTGATAAGTTAAAGCATCTACACCTTTTTTAGTAAGTGATACAAATACTTTTCTTCTATCTGTTGTTGATCTTGCTCTATCAATATATCCTTTATCGGATAATTTTGAAATAGCAACAGTCGCTGTTCCCATTGTTATACCAATTTTATCAGCAAGCTCATTCATAGTAAGTTGAGTATTTTCTCC
NZ_CP084154.1_gap37	1596190	1600116	3926	ATAAAATGCCGTAAGTAACAAAAGATTTATTCTTTCAAAATCTATGTTTGGATGTTTTGCTGCAAACTGTATTGCTAGATAATCAACATTTGCAACAATAGGTCTTATAAGCATGTTATCTCTTTTAAATATTTCAACTATTGAATTATCCTCTGAAATTTCAACTCTATCTCCTACAACACAATTATATTTATTATTAGTTTTTTTTAAAATTCCTCTTAATTTACATTCAAAAACTTCATTATTACTTTCTACATAATAGAAGCCTTGAATTTTATTAATTACTACCCCTTGAATTTTCTTACCTCCTTATTCCAATCCATTACTTATTAAGAAATCAAATTTTTGTCCTCTTGATATAGGTTCTCCACTTTTTGGAGATGTTGCAATAATTTGATTTATAGGTAAACTTGATTTTATTCTTTTAACTTCTCCAACTTTCATACCATTTTTATTAAGTAAAGAACTTGCTTCTATATAGTTCATTCCAACTAAGTCATCTAAGAATACTGATGGTGACTCTTTACTTACCCACACTTTCATATTTCTTGATCTTTTTACAATAGTACCTTCTGCTGGTTCTTGTAAAGCAACTGTTCCATAAGGTAAATCAGAATATACTTCCCCCATCTCTCTAATATTTAAAGCAGAATGAGATATAGTTTTCTTAGCTTCATCTATATTAAGTCCTAATAGATTTGGTGCTTTATAATAAAATTCATTAAAATAATATCTTTGAAAGACATTAGAACCTAATTTTATTATTGCTAGTATTAAAACTATATTTAAAATTATTTTTCCTAACTTTTTCTTATCATCTTTTTTTTCTTCTATTTCTATTGCTTCTTCTTCAAATTCTAAGTTATCAAAATCTAAATCATCAATTTCATTTTCTTTTCTAAATTTTTTCATTTGTTTATTTCTCCTATTAATTAACTTTTAAAAAATATTTATTAAATCAAAATATTTAAATAATTTTACCATATTTTATTAATTGATACAAGAGTAAATTTTAAGTATTATTATAAAATAATCTCATTTAATATCAAAATTTTTTATTTATTCAAAATAATGTATTTTGGAAATTTATTTTGAAAATAGAAAAAGATTGAAATTATATTTTTCAATCTTTTTCAAATCACTTTATTTGTATTTTTATCTTTTATTCTTCAAATTTTTCTTCTACATTAAAAATTACTTCATAATCACAATATCTAAAATATTGCTTATTGTTTAGTCCATTTTTATTCCATTTAAATATGCAAATTTAACTATATCTGCACCTAAAAATTCACTTACATTAACATCTATAGATTCTTTAGGTAATTTTTCTAAAGAATGGTACAATCCTCTGTATTTACTTTTTAGTTTATCTTCATTAATAAACTTATTAAAATATTGTTCTGCTTTTTCTTTCCCAGCAAAGAAATAAATATAGTAAAATAAACTTGAACTTTTAGCTTTTTTATTTAATATTTTCTCTATATTTGTTTCAGTATTTTCAAAATCATCACAAATTGGAAGAATATATTTTTGAAGCAATTCTATAATTTCATTTACAGAAGATTGATAACTAGCTCCACCAATTTCAAACCAACGGAAAATTCTTCCTCTATCAATAATAGTTTCTAATTCTCCACCATAAACTAATCCATTATTAATATTTGCTTTTTTCATCAATTTAGATTGTATCAAAAAGTGCACACTAAATCTAACACTAGAAGAATAATTATATCTATTAGATTGAAAACTAATTTCAAAAGTAATATCTTTACTCTTAGAAACTTTTTTTAAGTTTTGACCTTTTTTTGTGGCTTTAAAATCAAGAAAATTATCTGCAATTTCCTCCCATGCACTTTCACATAGTTCTCTAGGTTTCATAAATTCCCCTTTAAAAATTATGTCTAACACAATCAATTAAGAAACACTCATATTCAGGATATAATTTGAGTTCTATCTTAGGTTTATAATTTTCATTTTGAATTTTATTAGACATTGTTATTAATTTTTCTAAATCTTCTTCATAGCTTTTAATATATTCTTCTCTTTCTTCTTCATTAGAAAAATCATCATCTATTTTTGCTTCTTTAATAGCTTCAAGCATCTCATTTTTATATTTATCTATATACTTATTAAACTTCTCACTCTCATTTTTCAACCAAAGAGTATAGAAATAATGATTCCAATCTGCAAAATAAAAACTTTCAATCACTTTCTCACATTCCTCTAAAAATAGATCATATTCTTCTAAGAAGTAATAAACTTCAAATATCTGAAAATCATGAATATCATCAGTAGTTAGATAATAATTTTCATCTTGATTTACTTTAACCTGTTTTAGATAATGTAATGCTCTTTCTTTATTACCTAGATATGCTTCGCAATAAGAAATACTCAATAATAACCTCATTCTATTTGGATATTCAAGCAATAATTCTTCAAAAATTTCTTTTGCCTTTTGATACTGTTTTGCTTCAAATAGACATACTGCATACCCAAAATATATTTCATAATCATTAGTTATTTTTAATGCTTTTTCAAAGTATTTTAGACTTTTGTATAAATCTTCTGTTGTTTTATTATATTCATAATTTGAAAAATAAGTTAGTGCTAAGCCTTTATATGTTTCTACAAAAGGTGAGTTAAGTTTTTCAGCTTCTAATAAATACTTATCTTGTTTTTTATCAGCTTCATAATAGAAACTAAGATTAGTATAAATTCTCGCTTTATCTACATCATTGATTACATCTTTATATTTTAAAATAAAATCTTCTAATAATTTAATTGCAGTTTCCTGATATCCTAATTCTAATTCCACAGAAGCTAGAATACAAATAATATCTACATTAGTTGGATACCTACTTAAAAGTTCATTTAAAAATTTTCTAAATTTTTTAAAAACAGGTACTGTTTGTTCGTAGTTATTAAAAATATTTTCTTTATATTTATCTTCATATTCAGCTTTTAGTTTACTCCAATATTCTTTCATTCTTGTTTTCATAAATTCACCTATTTTTTTAAATAAAATCTACCCTTTTATTTTGAGTATTTTGTAGATAGACACTCAATTTTAACATTTTTATTTAATTTTATAAAGTTGAATTTTTCTATTGACAAATGAAAAATAATATATTATTATTGTTTTATAAAAAATTTAGCACTCTACTTAATTAAGTGCTAACAAGAATTAGGAGGTAAATTTTTATGAATATTAAACCTATTGGAGAAAGAGTTTTATTAAAACCAATAAAAAAAGAAGAAAAAACTAAGAGTGGTATATTACTTAGTTCAAAATCATCTAATACAGATACAAAAAATGAAGCAGAGGTTGTTGCTTTGGGAAAAGGAGAAAAATTAGAAGGAATAAAGGTTGGAGATAAAGTTATTTTCAATAAATTTTCTGGAAATGAAATAGAAGATGGAGATATAAAATATTTAATAGTTAATGCTGATGATATTTTGGCAGTTATTGAATAATCTAGGAGGTAAAATAAATGGCAAAAATTATAAATTTTAATGATGAAGCTAGAAAAAAATTAGAAATTGGGGTTAATACACTTGCAGATGCTGTAAAAGTTACATTAGGTCCAAGAGGAAGAAATGTAGTTCTTGAAAAATCATATGGTGCTCCTTTAATTACTAATGATGGTGTTACAATAGCAAAAGAAATTGAATTGGAAGATCCTTTTGAAAATATGGGTGCAGCACTAGTTAAAGAAGTTGCTATTAAATCTAATGATGTTGCAGGAGATGGAACAACAACTGCTACAATCCTAGCACAAGCTATTGTTAAAGAAGGATTAAAAATGTTGAGTGCTGGAGCAAACCCAATTTTCTTAAAGAAAGGAATTGAACTTGCTGCCAAAGAAGCTATTGATGTTTTAAAAGATAAGGCTAAAAAAATTGAATCTAATGAAGAAATTTCA
NZ_CP084154.1_gap38	1601205	1603601	2396	GCATCTTTACTTCTAACAACAGAAGTTGTTATTGCAAATAAAAAGGAAGAAGAAAAAGCTCCAATGGGTGCTGGTGGAATGATGCCAGGAATGATGTAAAAAAATTCTTGACATTTAGAAAATATCATATATAATAAAATACATAATCTAAGGAAAGGAGTTAGGAAAATGAAACTATATCATTATTATACACAATTTATTTTACAAAATAGCTGGCAAAGCCACTGGATATAGGGTTGTTTCTTAATGTATTTTTCTTAGTACATATAGATACAACCTCCGTTTAATTGGAATGTATCTATGTGGAAAATAAAAAATCATTGATGGTTTACCACATAGAAAAATAAATCTATGTGGTTTTTTATTAATATTACTTTGTTAGATTTAACCACAGAGAGATTATCTGTGGTTTTTTATTTATTATATTAAAATTATTAAATATTAGGAGGAAATTTTATGAAAAAATCTGTTTTATTTTTTGTGCTTTTATTAGTTGTGTTATTAGGTGGATATTACTATATGAATAGTAAAAAAGAAAATACTAATCCAGAAGTTAGTCAAACTGATATTCAAACTACTGATGAGAAAGTAGTTAATATTGGTGTTTTACAATTACTTAGTCACCCTGCATTAGATAGTATCTATAAAGGAATGGTTGAAGAACTTGCTAGACAAGGTTATGAAGATGGAAAAAATATTAAAATTGATTTACAAAATGCTCAAGGAGAGCAAAGTAATTTAGCACTTATGAGTGAGAAATTAGTTAGTGAAAAAAATGACATTCTTGTTGGAATTACAACACCTGCCACTCTAAGTTTAGCTAATGCTACAAAAGAAACTCCAATTATTATGGCAGGAATAACTTATCCAGTTGAAGCAGGACTTATTGCAAGTGAAGATAAACCTGGAAATAATATTACTGGAGTAAGTGATAGAACTCCTATTAAACAACAACTTGAACTTATGAAAGAAATTTTACCTAATCTTAAAAAAGTTGGACTTTTATACACTTCAAGTGAAGATAATTCTATAAAACAAATTGAAGAAGCTAAAAAATATGCTACTGAATTAGGAATTGAAGTTAAATTAGCTTCAATAGCAAATACTAATGATATTCAACAAGTTACTGAAAGTTTAGCTAGTGAAGTTGATGCAATATTTGTTCCTATTGATAATACAATAGCAAGTGCTATGGCAACAGTAGTTAAAGTTACTGATAAATTTAAGATAGGAGTTTTCCCTTCTGCTGATACTATGGTTGCTGATGGTGGTGTTTTAGGTTTAGGAGTTGACCAATATCAAATTGGAGTTGAAACTGCAAAAGTTATAGTAGATGTATTAAATGGTAAAAAGCCTGCTGATACTCCAATCGTTTTAGCTAATGAAGGAGTAATATATTTAAATGAAGAAAAGGCTAAAGAATTAGGAATTGAAATTCCAGAAAATATTAAAGCAAAAGCACAAATAGTAAAGTAGTATTTAGAAAAATAGTTCGTTATTAGCCAGATTTCTAAACGGATAAAAATCAAGAATTCGCTGCAAATTCGGCAAACTCACTTTGTTCAAACAAGCCGAGATTTGCTCGGCTCATTCTATTTAATTTTTATCCTAAAATCTGGAATATAACTCTCTTATTTTTCTAAAATTTTTGTATAAAAGATAGGAAGGAAGAGGAAGATGGATTTAGTTATTTCAGCAATTTCACAAGGATTATTGTGGAGCTTATTATCATTAGGTTTATTTATTAGTTTTCGCATATTAAATATTGCAGATATGACAACAGAGGGAGCTTATCCATTAGGAGCTGCTGTCTGTGTTGTACTTATTCAAAGTGGATTTTCTCCATTTACTGCAACTATAATTGCAATGCTTGTAGGTTCACTTGCTGGACTTTTAACAGCTACCTTTATAAATATTTGTAAAATACCAAGTTTACTTGCAGGTATTCTTACTATGACAGCATTACTTTCTATTAATCTTCGTATAATGAGAAGACCTAATTTAAGTTTACTTAATAAAGAAACTATCTTTGATAGTTTTACTAAATTAAATCTTCCTCCTTACTTTGATATTATTTTATTAGGATTAATAATTTTGTTTATTGTAATATCAGCTATGTTCTTATTTTTCAACACAGAGTTGGGACAAGCTCTTATTGCAACTGGTGATAATCCTAAAATGGCAGTTTCATTAGGAATTTCTACTAAGAAAATGACTACAATCGGACTTATGTTATCAAATTCTATGATAGCCTTAACAGGAGCAATACTTTCTCAAAATAATGGATATGCTGATGTAAACAGTGGATTAGGAGTAATTGTTGTTGCACTTGCAGCTATTATAATAGGAGAAGTTATTTTTACAGATGTCAATTTTTTAACTCGTCTTGTTTGTAT
NZ_CP084154.1_gap39	1610363	1611796	1433	TTTCAGGTTTAGATATATTTTTTGGTATATATTTATCATCAAATTTTATATCATCTGTTTGTAAAGTGGAACCATAACAATATCCTATCCAAAGTGTAAAGTCAAAAAGTCCTTTTAAACAATTTAAAGCAATATTTCTATCTAAAGTAAGAGTTTTTGTTGTATTATCTATTACATTTTTTAAGATATGGGCTGCACTATTTCCAAATTTTCTAATAAGATTAAGTCCATCTACTTGACTTTTGCTTTTAAATAAGCATTGAAAATCTTTATTATTAATAAAATCATTTAAAACTGTGCTATTGTATGGCCTTTGTATATTTTCAAACTTATATACTAAGGCAACACAAAATTCAAGTGCCAATCTTGAGTAAAAAGCACTTGTTCTAGGCTTTGTATAACAATTTTTTTCTGCCTCTAAACACAGTTCATATAAATCAAAAAAATCACCTTTCAAAAAATCAAAATTACTCATTGATTTTGTTCCCCTCCTGATTTTTAGCTTAATTTATCTGAAATTGAAGAAGTATTTTTATTAGCCAATATACTTTCTATGTGAAATCTTCACATTATTTTGGCTAACCATTGCATATTGTAAAGTAGTATCTATTTTTTGATGTCCTAACAACTGTTGAACCTGCTCAATTGGCATTCCTTTGTCTATTGCTTTTGTTGCTAAAGTTCTTCTAAACTTATGAGGATGAACCTTAGTAATATTTAGTTTTCTTCCAAGTTGTCTAAGCATTATTTCAACACCACTAATCTGTAATCTTTTATGTGGTTTTAAAAGAGAAACAAAAAGTGCAGAATTATCATCATCTCTTGTTTTTAAATAATTATGTAGATGTATCTTAGTTCTTGCATCAAAATATACTTTTCTTTCTTTATCTCCTTTACCAAAAACAACACATTCTCTTCCTTCAAAATCAATATCTTCTATATTTAATTTAATTAACTCACCAACTCTCATTCCTGTTGAAGCTAACATATCAATAATGGCTAGGTCTCTAAGAGATTTACAATTATCTCTCATTATTTCCATTGCTTCATCAGAATAAGTTTCTTTTACTACTGTTCCTGTTTTTACTTTGTGTATCCTTCTAACAGGGCTTTTTAAAATATAGTCTTCTTCTTCAAGCCAAGCAAAAAAACTTGAAAAAATTCTTCTAATATTATCTATTGTTATCTTACTTGCATTTCCTTCTTTTTGATAATTATCTAAATATTCTCTCAAATCATTTGTTGTAATATGTTTAATAGATTTCTCTATTTTTTTTAATAAATTTTCTATTGTTGCCTTGTAATATTTTAATGATTTTCTTGAACAACCTTCAACATGTTTAGCTGATAAAAAAGCCTCTAAATATTCAATATTTTGCTTTTCTTCTGTTTCAACTCCTTCTTTTTTTATAATTTCTAAATCATATAAATAG
NZ_CP084154.1_gap40	1617219	1620228	3009	AATTAAAATTGAAAATCCATTTATAATTCCACTGGCAATTTTAAAACCAAATATCTCTTCTGTATGAAAAGGTGCAAAGGCAATTTCTCCTAATAGAACTGTATCTATATCTAAATGTATATTTGCTGTATATTTAGATATAAGAACAACTGCAATACTAAATAAAACTGATAATACTATCCCTATTGCAGCATCTTCTTTTACTAAATTAGTATCTGTTATTAACTCAACCAAATAAACAGTTAAAAGTCCTACCAAAGTTGCTCCTATAATAAGTAAAGGTGAATCTAATTTATGAGTAATAAAAAATGAAAGTACTATTCCTAATAAAATAGTATGGCTAATTGCATCTGTAAGCATACTCATTGACCTTAAAACTAAAAATACTCCTAATAATGAGCAAGCTACTGATATTAAAATAGCAATCAGTTGTATTGTTAATCCTGCACTCATTTTTTATCACCTTTATTTTCTTCTAACCTTAACTTCTTATTTCTTATATAAATTCTATAATTTCTTGCAATTATACCTTTTTTTGAAAATAAAAAACTAATTAAAGCAAAAATTCCAGATACTAATATTATTAAAGGACCTGTTGGCAAGGCTGCATCAAATGTAGAGACAATACTTCCAATAGCTCCTGAAACTCCACCAATTATTGCTGATAAAAGAGTAACAATTGATAATTTTTTACTCCATTGTTTAGCAGCAACAGGTGGTATAACTAACATTGCAGTCATTAGAATTACTCCTGCTATTTGTATTCCAATAATTACATTAATAACTATCATAGTAGAAACTAAAAAATTTATTTTACCACTATTTATTCCAAGTGTTTTTGCATAATCTGCTTCAAATATACTTATTTTTATTTCTTTCCAAAAAAGTATCACTAAAAATATTAAAATTAATCCAACAGCAATTATTAAATAAATATCTTTCACTACCAATGTAGAAGCCTGTCCAAAAATAAATCTATTTAAACCTGCTTTTTTTGCACCAGGTATCTTTTTTAGATATGTTAGTAAAACTAATCCCAGCCCAAAAAATGTTGATAACATTAAGGCAATAGCACTATCAAACTTTACTTTTGTTTTTAATTGTATATAGTGAATTAGAAAAATAGATAAAAGTCCAATTATTAAAGCTCCTAAAAGTAAAATATATAATTCTTTTTTTCTAGTAATTAAAAAAGCAAGGCATATTCCTGCAAGTGAAGCATGAGATATACCATCACCTAGTAAGCTTTCCTTTTTTAAGACTGCAAAAGTCCCAATGATCGCACTAACTACACCTAAAAGTGTGCAACCAAGCGTAACAACTTTAAAAGTATAGCTATTTAAAAAAAGTCTAAATATTTCTGCCATAAATTCCTCTAATCTTCCTAATTATTTTTTGTATGCCATATCTATATTTTCTTGTGTAAAAACTTCTTTTATTTTTCCACTTGCAATGACACTCTTATTTATAAAAGTAACAGTTTCAAAATAAGTTGGTACAGTTTGCAAATCATGATGTACCACAATTAAGGTTTTTCCTTCTGATTTTAATTTTTTTAATATATCTACTATAGACTTTTCTGTTGTTGAATCAACACCTTGAAAAGGTTCATCCATAAGATAAATATCAGCTTCCTGCACTAAAGCTCTTGCAATAAAGGCTCTCTGCTGTTGCCCGCCTGAAAGTTCTGATATTTGTCTATCTTTAAAATCTAACATTCCAACTTGTTCTATTGCTTTTAAAACTTTTTGTTTTTCTTCTTTATTAACTCTTTTAAAAAGTCCAACTCTGCCATAACATCCCATCTCAACTACATCAAATAGTGTTGTGGGAAAATCCCAATCAACACTATTTCTTTGTGGAACATAAGCCAAAGTTTTTCCATTTATTTTTATTTCACCAATTATTTGTTTTAAAAATTTTAATATTGTTTTTATAAGAGTTGATTTTCCTGCTCCATTTGGACCTACAAGTGCCATCAAACTCCCAGCTTCAACATCTAAATTAAGATTCTCCAATGCTATATTTTCACCATAAGCAACTGTTAAATTTCTAATTTCAATAGCATTCATTTATTTCACCTATTTCTAATTCTTATTTTAAAGCATTTGATATAGTATCAGCATTTGCTTTTATTGTTTTTATATATGTTTCTGTATTATTTTCTTTATCCCCCATAGAATCTGAATAAAGTTCTCCACCAATTTCTACATTTCCACCTTTAGCTTTTACTGCTTCTTGTAAGGCTTCTATACTTTTATGATTTACAGAAGATTCAACAAAAATAGCCTTTATATTATGTTCAACTATAAAATTAGCTAAATCCTCAATTTGTTTTGCTCCAATTTCAGAATCAGTTGAAACCCCTTGTATAGCTTTTACTTGTAAACCAAATTGTTCAGCAAAATATCCAAAAGCATCATGTGCTGTAATTAAATATCTTGATTCTTCTGGAATTTCATTTATTTTAGCTTGTATATATTCAGTTGCTTCATCTAAAGATTTTAAATAAGTTTGTAAATTATTTTCAAAATAATCCTTATTTTCAGGCGATATTTCACTTAATTTATCAGCAACAGACTTAGCTTGTATAGCCCAGAATTTTGTATTAAACCAAACATGTGGGTCATAAGTATTTTCATCTTCTTTATGTAAAAGAGATTTATCTAATTGATCCCCTAAATTTAAAATATATTTATTAGATAGATTTGAAAATATATCTGTCATCTTACCTTCAAGGTGTAGTCCTCCATAAACAACTAAATCAGCATTTTGCAACTTTTCTACATCTCCTGCTGTTGCTACATATAGATGAGGGTCCTCTCCTTCTTTCATAAGTCCTGTAACTTCAACCTTATCTCCACCAATTTCTTCAATTAAATTTTGATAATAATTTAAAGTTGTTGTAACTTTTATCTTTTGTATCTCATTAGAAGTTTTAGTTTCTTCTTTTTTCTCCCCACAAGCAACAACAAATAAAGAAATCATCATAACAGTTAATAATTTAAA
NZ_CP084154.1_gap41	1629958	1630854	896	TGCTGATATGATATTTGTTGGAAATTTTGTTGGAAAAGAAGCAACAGGAGCTGTTGGTGCAAGTAGTTTACTATTTACTTGTATTATTGGACTTTTTACAGGAGTTTCAATAGGAGTTGGAGTTGCTGTTTCTCAAAAAATTGGTTCTAAGGATTTAGAAATTGCTTCCAAAGTTTCTCACACAGCTATAACATTTGGTATAATTGGTGGTATTATTTTAACTCTTGTTGGTTTCTTTTCTGCTGAGTTTTTATTGACTTTAATGAATACTCCAAAAGAGATAATGCATGACTCTGTTATATATTTAAAGATTTATTTTTTAAGTATGTTACCAATGATTTTATATAATATTGGTTCAGGAATTATTCGTTCAACTGGGAACTCAAAAACACCATTCTATATACTTATTATAGGTGGACTTACAAATGTACTTGCAAATTATATTTTTATAGTAGTATTTAAAATGGGAGTTTCAGGTGTTGCTATTGCTACAACTTTATCTCAAACATTAACAGCTATTATAGTTTTAACTTATCTATTTAAAAATAAAACTGCAATTAAATTTAAAACTTCTGAACTAAAAATAGATTTTTCCTTATTAAAACAAATTTTATATTTTGGTTTACCTGCTGGAATACAATCAATGCTTATAACCTTTTCAAATATAATAGTTCAATACTATATAAATGGTTATGGTGGAGATGCTGTTGCTGCCTATGCAACATATTTCAAGTTGGAAAACTTTATTTGGATGCCAATAGTTGCAATAGGACAAGCTAGTATGACTTTTTCTGGGCAAAATGTGGGGGCTAATAACTATAAAAGAGTAAAGAAAGGTGCTTTAGTTGCTATACTTTTATCAGGTGGTTTAAGTATTCTTATTGCAACAATAATAT
NZ_CP084154.1_gap42	1633346	1636361	3015	TTTAGTTTTAGCAATAGTGTTTAAAAGCCCTATTGCTTGGTTTGGCCAAATACCAAATGTTTGTGGAGCACTTACTCCTGGTGCACAAGTTATATGAAATACATCTGTACAAATAGTTAAATGTATATAATCATTTCTTTCTAATATTGGTTTTATGTTTAAATCACTTAATTTTAAGATATCTTCAGCTAAATAATATGTTACACCAAAGCTTTTAGCTCTATCAAATAATCTCTTTGTATTTGAAAATCTTTGTATGCCTATAACATTGTAATCAAATTTTATTCCATCTCTTTTACAATCATTTGCTATTTGATAAAACATTGTTCCAGAGTTTGCACCTTTATCATATTCTCTCATATCAAAATGGGCATCAAAACTTATTATCCCAATTTTAGGATTTTTTGATTGTGTTTTTGCATAAGATAAAATTCCATTATATGTACCATAGGCAATATCGTGCCCTCCACCCATACATACAACAAAATAGTCTTTTGATTTTAGCTTAGCAACTACTTCTGCTAATTCTTCTTGAGCTTCTTCTAATTTCCCTCCTTTTACATCAACTGGATCTCTCAAATCATAAAATCTTATATTTGTATCAAATATTGGGAAATTAGATAAGGCTGTTTTTAAATGTTTCCATCCATCAGCAGCTCCTAACCTTCCATTATTTCTTCTTATTCCTTCATTAGAATTATAGCTAACAAAACATACTTTTTTCCCAGTATACTCATCTGCCATTAATTCATCTAAACTTTTAACTTGTACAACTTGATGTATTCTCAGTATGTCTTCATCTGAACCATCAACACGTCCATTCCAATCCATTTTTTATCCCTTCTTTCTTTAACTTATGTTAATTAATTTTGTAGCCCCTAATTGCTTTTCAATTATAGTTTTCATTCCAATTAATTTTCCAACTTGCATTTTTTTTACTATATCATAATAACTAGCTGAAGTATCACAAACTAAAATTTCTACTCCTCTATCTTGCAATCTTTTTAAATAAAGACAACAATCAGAAATAGGTAATGTTAAAAGAACTGCCTCATTTAATAAAAAAATATTTTTAGGTAAAAATTCTAATTCTGATAAAGTATAAATATATGTTTCTAAAAGTACTTTTCCAAGCTGTCTATCACTTCCGATTGCAAGTGAAGTACAAACAAAGCTAATATTATTAGCTTCCTCTAAAATTTTCCTGTCAAATATACCTTCTATTTCTGCAATAAAACAATTTTCTTTATGTAACATATATTTTCTCCAATTCTTTTATTAAATTACCTTTAATTATATAATTTTAATTAAATTTTATCAAGAATTTTATCTTTTTATACTTTTTCATATATAAGAATATAATAATATAGCTTTATTAAAAATCTGAAAAATTTTTAATAAATAATTGTTGACAAATTTAATAGAATATTATATACTTGTTCCAACATCAAAAAATAGATTACTTAAAATAAATAACCATCCAGAGAAACTGAGGGACTGGCCCAATGATGTTTCAGCAACCTACTTAGATGTGTGGTGCTAATTCCAGAGAGATGGAGAGGTCAATTTAAACAGAAAACCAATCCATACTCTATAAGGTGTGGATTTTTTAATTAAGTAAAATTGTATGGTAGAAAGCAGGGGGAAGAATGATTACACTTGAAAATGTAAATAAAATTTATTCCAATGGCTTGCATGCTGTAAAAGATGTTAATTTAAAAGTTAATGAAGGGGATATTTTTGGAATTATAGGTTTAAGTGGTGCTGGAAAATCTTCTCTCATAAGACTTATTAACAGACTTGAAGAGCCTACAAGTGGAAAAATTTTAATTAATGGAGAAGATATTTTAAGTCTTAACAAAACTCAACTTTTAGAAAGAAGAAAGAAAATAGGAATGATATTCCAACACTTCAATTTACTTTCATCAAGAACAGTTGAAGAGAATGTTGCTTTTGCATTAGAAATTGCAAATTGGAATAAAAAGGATATTGGAAAAAGAGTTTCTGAACTTCTAGAAATAGTTGGTTTATCTGATAAAGCTAAATACTATCCTAGTCAATTAAGTGGAGGACAAAAGCAAAGAGTTTCAATAGCAAGAGCCTTAGCAAATAATCCTGATATATTACTATCAGATGAGGCTACTTCAGCACTTGATCCTAAAACAACTAAATCTATTTTGGAGCTTATTAAAGAAATACAAGAAAAATTTTCATTAACTGTTCTTATGATAACTCATCAAATGGAGGTTGTTAAAGAAATCTGTAACAAGGTTGCAATAATGTCAGATGGTAGAATAGTTGAACAAGGTGGAGTACACCATATATTTGCTGAACCTAAAAATGAAATTACAAAAGAATTAATTTCTTATGTACATCAACAAGCTGATACTGAATTAAATTACTTACATCATAAAGGTAAAAAAATAATTAAAGTTAAGTTTTTAGGTACATCTGCACAAGAACCAATTATTTCAAAAGTCATAAAAAAATATGGAATTGATATAAGTGTTCTTGGTGGAGCTATTGATAAACTTGCAACAATGAACATAGGACATTTATATCTTGAACTTGAAGGTGACTTAAATGCACAATCAAAAGCAATAGAACTTATGCAAACTATGGATGTTATAGTGGAGGTGATATATAATGGAGATTAGTTCTTTAATTGAGCCTCTATTTGAAAACTTTGAAAATCCTATTGTAAGTATGCTTGCAGTTTCAACAGTTGAAACTATATATATGGTATTTCTTTCAACAGTATTTTCATTGTTACTTGGTTTTCCAATAGGTGTGTTACTTGTTATAACAAAAGAAGGTGGCATATATGAAATGAAAAAATTTAATGCTATCTTAGGTGTTATAATAAATGCTTTAAGATCATTTCCTTTCATTATCTTGATGATACTTTTATTCCCATTATCAAGATTTGTGGTTGGTTCAACAATAGGTGCAACAGCAGCTGTTGTTCCACTTTCAATAGGAGCTGCACCTTTTGTAGCAAGAATAGTTGAAGGA
NZ_CP084154.1_gap43	1637954	1639704	1750	GTAACTCTGATTGTTTTGTCACTTTTCTTATAGGCACTAACTTTTAAAGTAATATCATCATTATAGCCTATTCCAGTTCCTTCAGCATAATATATTTTTGGCTTAAAGATATCCTCAAAAGCAAAAGCTGCTAGACCTAAAACAATAAAAATAATAACTAGCCATTCTCTAATTCCAAAATCTTTAAAATTCATTGATTACTCCTATCTTTAATTTTGCTTTTCAATATCTTTAACAGCATTTCTAATAGCTCTTCTGAAACCTGCTGAAGTAGAAGTAGCTCCTGCAACACTATCTAATTTATTATAGTTTTGATTCTTTTTGACTTCTTCTATCAATTTTTCAATTGCAGCACCACCAATTTTATCAGTTTCTTGATGTTTTGCAACTATATCAGTAACAACTACCTTACCATCTTTTTTAATTGCTTTTACAGTTAGAACTATAGGTACTCCTTCTTCATTATACCCCTTAGCTTCTGCTTTAGCTTCATATACTTTATCAGCTGCAAAACTTCCTAGACTTAAAACTGCAAAAGAAATTGCCATTAAACTTTTTAAATTTTTCATAATTTCACACTAACCTATCTTGATATAGATTATTCTCCTTCCTTATTTATTTGATATAGCTTCAACTCCTGGTAAAACTTTTCCTTCTAAGAATTCTAAAGATGCTCCTCCACCAGTAGAAATATGAGTAAATTTATCTGCATAACCTAAACTAATTGCAGCAGCAGCAGAATCTCCTCCACCTATTATTGTTACTGCGTCAGTTAAACTTGCTATTGATTCACATACTCCTATTGTTCCTTTTGCAAAGTTAGACATTTCAAATACTCCCATAGGTCCATTCCATACAACAGTCTTAGCAGTTTTTATATAACTATCAAATAGTGTAACAGTTTTTTCACCAATGTCAAGTCCCATTTTGTCATTTGGAATATTATCCACATCAACAGTAGAATATTCAGCATCATTTTTAAATTCACTTGCGACCACTGTATCAATAGGTAAAACTATTTTTCCATTTGATTTAGCTAATAAGTCTTTGGCTAAGTCTAATTTATCATCTTCAACTAATGAAGTTCCAACATTTTTTCCTTCTGCTTTTAAGAAAGTAAACATCATAGCTCCACCAATTAAAATTTTATCAGCCTTAGTTAATAAGTTTTCTATAACTCCTATTTTATCAGAAACCTTAGCTCCACCTAAAATAGCAATTAGAGGTCTTTTTGGATTATTTACAGCTTCACCTATAAATTTTAATTCCTTTTCAACTAGGAAACCAACAGCTGAATTTCCTGCACCGATATTTTCTGCAATTCCTACATTAGAAGCATGAGCTCTATGAGCAGTTCCGAAAGCATCATTTACGAAAACATCTCCAAGTGATGCCCAGTATTTTCCTAATTCAGGATCGTTTTTAGATTCTTTTTTACCATCTAAATCTTCAAATCTTGTGTTTTCAAACATTAAAACTTCACCAGATTTTAAGTTATTGATAGCAGTTTCTAATTTTTCTCCTCTAGTTTCAGGAATGAAAGTAACTTCTTTTCCTAAAAGTTCTGATAATTTTTCAGCTACGGTTTTTAAGCTCTTTGAAGCCTTATCTTCTTCAGTTTTTACTTTTCCTAAGTGAGAGAATAAAATAAGTTTAGCATTTTGTTCTAAAGCATATTTGATTGTAGGTAATGCTTGAATAATTCTGTTTTCATCAGTAATTTTCCCATCTTTCATAGGAACATTAAAAT
NZ_CP084154.1_gap44	1656595	1660199	3604	GTTCAAGATTAGATACAGTTTATGCTATAAATCCATTGATAAAATTAAAAATTGTTGAAAAATATAGTCTGTTGAATGGTGGAAATTATGGTTTTGAAGCTGGTATTTATTATACAACTTTATATTTAGCTGGAATATTATTTATGATGTATAAAATAACATCAGAAAAACAAACAGAAGAAGATATATGGTTAAATTAAATTACTAAAATATTTTGGGAGGATTTATGAGAAAAAATTTTATTTTAGTTACATTTTTATTTTTATTCATCAATATTTTAGGCTTTGCAAATGAAAAAAGTAAAGATATAGATGTTATTTCAATTTTAGATAAAGAAAGAGAGGCATCCTATTTTATTTTAAATTTTTCTTCATTCACTGAATCAAAAGAAATTATGGATTATATAAACACTAATATTAATAAAAAAGGAAGTGCTACATTTATTTTTAATACAAAAGGTATTTTTGATGAAAATGGAAAAGCCATTTATCTTGAAGAAAATACTGATTTTAATGAAAATAATTCTTATAAAATTTCAATAAAATATAAAATAGAAAGTCTAAAAAATAAATCTGGAATTTATATTGATAGTAATATTTCTTCTCAAAATGAAAAAAATCAGTATAAATATAGTATAGAGTTTAATAAAAAATTTTCTGTTAGTGATTTAATGAATATCTTTAGTGGAAAAGAATTTCCTAATATTACTGATACTAATTCTACTGCAATAAAATCACTAAAAAAAGAAATTCTTTATAATAATATATTAATTTTTAAAAGTGATTATCAAAATAAAAAAGGAATCACAACTATATATGAAAATGGAAAATATAGAAAAATAATTTACAATTATACTGATGACTTAAATGGAACTGTAAAAGAATATGATACAAATGGAAAATTAATATCAGAATTTATTTTAAAAGATGGAGAGGTTATTGAAAAATGAGAAGAAAAAATTTTATTATAATATTGCTATTTATATTTATTAATATTTTAAGTTTTTCAAATGAAAAATTACCTAATGTAAACATAAGTATTAATAGTATGAATCCAACTTATAATGAATCATTGAAAGAATATAAAATAAAGTCAGAAAATACAGACTTATTTTATAACTATATTAAAAAAAGGAGTAGTGAAAAGGGAGTAGCTACCACTTATACTAAATTGGAAAAAGGTGAGTTAATTGCTACTGATGAAAATAATAATATTATTTTTATAGAAAAGTTACCTGAAAACATATCTCAAAAAACAACTTATTTTGAATCAAAACAAGTATATCAAGTAAAGAATGGGAAAATGTTAGTAAATACTGATTATGTTCTTGACTCTGATGGAGAAAAAACAAGAATTTTGTCAGAAACTTTATTAAATAAAAATATAAATGGAAAAAATATATTTGAGATTATAGATTTAATGGGAGATTTAAGTATTTCATCAGAAAAAACTTTTGCTAAGATAGAGAATTATAAATCAAAGATTTATGATATAAATAATGGAAATTTACTTTTTTCAACAACATATAAAAATAGAAAATTAGAAGCTGAAAGCCAAGTAGATAAAACTTTTGTTAAAATGACTTATAATTTTGATGATAATAATTTCAATAAAGGTACTGTAAATTTATATGTTGATAATAATTTATTTGCTACTGTAAGAATTATAAATTCTCTTCAAGATGGAGAAATGAAAATATTTTATCCCAATGGAAGAATTATGGCTACTTCTATCTTTAAAAATGGGAAATTAAATGGAGTTTCTAAAATGTATTATGAAAATGGAAAAATTATGACAAAGATGAACTTTAAGGATGATGAACTTGAAGGTGAATCTATTTTGTATGATGAAGATGGAAAAATTATAACCAAACAATTTTATAAAAATGGAGAAGAAGTGATTAAGCAATGAGATGAAAAAATTTTCTTCCTGAAAAATGAAGCTAAAGCCAAGATATTCTGTCTTATTTTTAATATAATAAAGTTTAGGAGAAATTATTATGAAAAAAGAAATTATTTATAATAAATTAGTCAGAGATAATATACTTGAGATTATTTCATGTAATAATCAAAAAAGTAGCTATCATATTGCAACAGATGAAGAATATAAAAATAAGTTACTTGAGAAATTACAAGAAGAAATATCTGAATTTATAATTGACAAAAATGAAGAAGAGTTAGCAGATATTTTTGAAGTTATTGAACATATTATTACTACTTTCAATTTTAATAAAGAAAAAATTTTTGAAATAAAAGAACAAAAAGCAGAGAAGAATGGAAAATTCAGAAAAAAAATAATTCTTGAAAAAGTTTTTAATATAGGAAATAACAATTAGTATAAATTTTTAAATTGATAAACTTAATAAAGAGATTATTTTATATATGAATACAGAGTGATTAATAAATAATTGTGTAAAAAAGTAATATTGGTATTGATAGAAAAAATTTTTATCAATACCATTTTTTATACAACCTTTTTTATATAATCATTTTATTTATCTTTTCTGAAATGACTTCCCCCAAACATTCTAACTAAGACATACAGTGAACTACTCCCACTTGTAGAAGTGGGAGCTTCTTGGGAAGTATGTGCTTTTATTAGCCACATATATTTACCAAGCTCTTTGGGTAGTCCCTACCCTGATATATTTTTTCTAACTTACTTTTTCTTCTTTTAATATTTCTAAACCTTTTCTTAATATATTTATACTTGCATTATAATCTCTATCTATTTCTAGTCCACAACATTCACAATGATATATTCTTTCTGATAATTTTAGAGTTTCTCTTATATTACCACAACAAGAACAAGTTTTACTACTTGGATAAAATGTGGGTACTTTTATAATATTTCTTCCATACCAATTTGCTTTATAATCTAATTGTCTTATAAATTCACTCCAGCTTACATTTGATATACTTTTTGCTAGTTTGTGATTTTTTAACATTCCCTTTATATTTAAGTCTTCTATACAGATTATATCGTGGTTATTGATAATTTTTGTACTCAACTTATTTATAAAGTCTTTTCTTTTATTTTTAATTTTATTATGAATTTTTGCTACTTTTTTCTTTTGCTTTTGATAATTCTTACTATCTGATAGTTTTTTATCGCTATCTTTAGCAAGTTTACATCTTCTTGATAGTTTTCTTTGTTCTCTTTTCAGTTTTTTCTCATATTCTTTTGATAGCTTTAAATTTTCTACTTTTGTACAATCGCTCATTGTTACAAACTCTTTTATTCCTAAATCTATTCCAATATTTTTATTAGTCTTTGCAAATTCTTCTATTTCTTCTTCACATAATATTGAAACAAAATAATGATTAATACTATTTTTACTTATTGTTACTGATTTAATTATACCTTTCATTTTTCTATGTAGTTTAATTTTGACTAGCGATTTTAGTTTAGGAAGTTTTATATAGCTATCTTTAATATGTATTGTGTTTTGATTATTTGTAGTATAACTTTGTACTGGATTAGATTTACATTTATATTTTGGAAAACCAAAATCTTTATTCTTAAGAAAATTTTTATAGGCTTTTTCTAAATTTAATTGTGCATTAGCAAGAGCTAAACTATCTACTTCTTTTAAATAAGAATA
NZ_CP084154.1_gap45	1661574	1662698	1124	ACAAAGGTATCAAAAGGTTGCTATATAAGAAGTTTAATTTATGATATAGGACAAGATTTAGGAACTTATGCAACTATGACAACACTTCAAAGAAAACAAGTTGGAGACTATTCTTTGGAAACTTCATATACTTTAGAACAGATTGAAGAAATGGTTTTAAACAATGATTTTAAGTTTTTGAAAATTGTTGAAGAAATTTTTTCTTATGATAAATATAGTTTACAAACTGAAAAAGAATTGACTCTATATAAAAATGGTAATACTGTAAAAATAAAAGAAAATTTAGAAAATAAAAAATATAGAATTTATTTTCAAGATGAATTTATAGGATTAGCAAATATAGAAAATAATAATTTGTTAAAGGGATATAAATATTATTAATTTTAAATATGAGAGGAAAAAAATGAAGATTAAAAACATAGCAATTATTGCCCATGTTGACCATGGTAAAACAACACTTGTAGATTGTCTATTAAGACAAGGGGGAGTTTTTAAAACTCATGAACTTGAAAAAGTTGAAGAAAGAGTTATGGACTCAGATGATATTGAAAGAGAAAGAGGAATTACTATTTTCTCTAAAAATGCTTCTGTAAAATATAAAGACTATAAAATTAACATAGTTGATACACCAGGACATGCTGATTTTGGTGGAGAAGTACAAAGAATTATGAAAATGGTTGATTCTGTACTTTTACTTGTAGATGCTTTTGAAGGACCTATGCCTCAAACAAAATATGTTTTGAAAAAAGCTTTGGAACAAGGACATAGACCAATAGTTGTAGTAAACAAAGTTGATAAACCTAATGCTAGACCAGAAGATGTATTGTATATGGTTTATGATTTATTTATAGAATTAAATGCTAATGAATATCAACTTGAATTTCCAGTAGTTTATGCTTCAGGGAAAGCAGGTTTTGCTAGAAAAGAATTGACAGATGAAAATACTGATATGCAACCATTATTTGAAACAATATTGGAACATGTTCAAGATCCTGATGGAGATGTTATAAAACCAACTCAATTCTTGATAACAAATATTGCTTATGATAACTATGTTGGAAAATTAGCAGTTGGAAGAATACATAATGGAACTTTAAAAAGAAACCAAGATGTAATGTTAATAA
NZ_CP084154.1_gap46	1670347	1673301	2954	AATATTTCTGATATTTATAAGATGATAGATGAAATGTCTGAAGATGAATTATTTAAACCACATCAAAGAAAATAGGCAGATAACTCAACTAAAACTGCTGTTTGGGAAGTATGTAAATTTATTCATATAAACACTGTTGCACCTTTTGGAACTTTTAGAACAAAAATTAGAAAATGGAAAAAACTTGCTTTATAAAAGAATTAATATATAAGAGGAGAAATTTATGGAAAAAGAAAAATTTTTAAAAGAATATTTAGTTGAAAGAAAGGGAACTAACTCATTAAAATGGGATGCCTTAGATAAAAGATTTGGTAATCCAAATTTAATTTCTATGTGGGTTGCTGATATGGAAATTAAAACTCCAAAAGAAATTGTTGAAGCTTTAAAAGAAAGAATAGAACATGGAGTATTTGGATATTCTTATGTCAGTGATGATTATTACAATGCTGTTATTAAGTGGCACAAAGAAAAACATAATTATGAAATAAAAAAAGAATGGATAAGATTTTCAACTGGAGTTGTAACAGCTATCTATTGGTTTATAAATATTTTTACAAAAGTTAATGACTCTGTTCTTATTTTGACACCCGTTTACTATCCTTTCCATAATGCAGTGAAAGATAATAATAGAAAACTTATTACTTGTGACTTAAAAAATACTGATGGATATTTTACTATTGACTATGATGAAGTTGAAAAGAAAATAGTTGAAAATGACATTAAATTATTTATACAATGTTCTCCACATAATCCAGCTGGTAGAGTTTGGAAAGAAGAAGAACTAGCTAAAATATTAGAAATTTGTAAAAAACATAATGTTCTTGTTATTTCAGATGAAATACACCAAGATATAGTAATGAAAGGCTATAAACATATTCCATCTGCTATTGTAGAAAATGGAAAATATGCTGATAATTTAATAACAATATCTGCTGCTTCAAAAACATTTAATTTAGCAGGATTGATTCATTCAAATATTATTATTAGTAATAATGAACTAAGAAAAAAATATGATAAAGAAATCAAAAAAATTAATCAAACTGAAGGTAATATTCTTGGAATGCTTGCAACACAAGTGGGTTATGAAAAAGGAGAATATTGGTTAGAAAATATAAAAGAATTAATTGAAGATAACTTTAATTATTTAAAATCTGAATTAAATAAAAATATTCCTGAAATTACAGTTACTAATTTAGAAGGAACATATTTAGTATTTTTAGATTTAAGAAAAATTATTCCTATTGATAAAGTAAAAGAATTTATTCAAGATAAATGTAATTTAGCAATAGACTTTGGAGAATGGTTTGGAAAAAATTTCAAAGGCTTTATTCGTATAAATTTAGCAACAGACCCTCAAATTGTCAAAAAAGCTGTTGAAAACATAATAAGTGAGTATAAAAAATTAGACTAAAATACAATGGGGCTGTTGCAAACTAATCCTATTGAAATGAATGTAAAAAATAGGTGAAATTACATTCTAAATTTTAGTTTAAAAATTGAAGCAAATGAGCCGAGCAAATCTCGGTGTGTTTGAGCGTAGCGAGTTTACCGAATTTGCAGCGAATGTCAATTTTTAAACGTTAAGAAATTTAGCTAGTAATGAACTATTTTTTACTTTATTCTTAAATTTGTAACAGTCCCCATTTTTTTCTATATCCATCCTAAATTTTTTAATGTAAGTACCCAACAGAAAATTGTAAATATTGAAAGTATACTTGTAGTTGCAACTATTTCTCCTGCAAGATCTCCATCAGCATTCATCTCTTTTGCCATAGTATATGAAGCAACTGCTGTTGGACAAGCACTCATTGAAAGTAAAGCAACTAATTCTATTCCTTGAAAGCCAATTAATTTTCCAACTCCTATTGTTATTAGTGGATTTCCTACAAGTCTTAATATATTTACAGAAATTAAATACTTTATATTTTTTAACATATTTCCAAATTGTAATTCTGCTCCCAATACTATAAATGCAAGAGGTGTTGCAATTTTTGAAATATCAGATAATGTTTTATAAACTGGCTTTGGAATATTTACTTTTAACACTATAAAGCTAATTCCCAATAAAGTTGCAATAATCAAAGGATTTTTAAAGACTTGTTTTAGGAGTTTTAACTTACTTATTTCTCTACCTGAATAATATTCTAATATTATAACTGCTAGTACATTAAAAGTTGGTATTACAACAATAGTTAAAAGTGAAACAGTTGCTAAACCTTCTTTACCATAAATACTATCTACAATAGCCAAACCAAAGAGAACAAAATTTCCTCTGTAAACACCCTGAATTAAAACTGATAATTTCCTTTTATCTTTAACCTTTGGCATATAGATTAACCAAGCAATAAAAAGTACAACAAGAATAATTATAAAAGCATATCCTAATAGTTTTAAATTATCCATAGAAAGTGCGGATAAATCTCCAATATTATAGACATTTAAAAATAATAAGGTACTCATAAATACTCTAAATACCAATTTATTCATAATATTTAAACTATGCTCATCTACTATTTTAATTTTTTTTAATAAAAAACCTAATGTCATTATAAAAAATATAGGTAATACTACATTGAGTGCTAATAAAAAATTTTCCATACCCCCATCTCCATTTTATGATTATTTTTTTATAATATCATACATTCAAGAGTATTGCAAAGTTATATATTCTTTTTACAAGTTTTTTCTCCATAAGTTATCCAACCCTCTGTTGCTATAAGTAAGCACCATCTTCTATCTTCATCAAAAAAATAATGATGTTCTGGTACATTTTCAAAAAGAAATTCTAAAACCTTAAAAAAATCTTTTCCTGAAAATACTAATTCACTACTTGTTATTCCATCTCCAATATAGTGTATTTCTTTACTTAATAATATTTTCTCCTTTATTTTTTTAAATTCAAAAAATTTTATCATGTCTAAAAAATTATTTTTCTTAAAATCATAACTTATATA
NZ_CP084154.1_gap47	1714234	1718138	3904	AAAAATGAAGATGGCAGTGATAATATCGCTCCATATAGTCAATTTACTAACCTTACTTTTGATCCACCACTAGTTTTATTTTCATCAAATCAAAATGTAATTGGTGATAGAAAAACAACTATAAAAAACATTGAAAGAACTGGTCAATTTGTTTATAACATGGTTTCTTATGATTTAAGAGAAGCTATGAATCGTTCCTCTATTTTTAAAATCCCAAAGGGATATAAAGATAAGTTTGAGTATGCTGGAGTAACTAAAGCAAAAGCAAATTTAATTGATGTTGCTCGTGTTGCTGAATCTCCAATTCAATATGAATGTAAATATATTCAAACTATAAGAATACCAGCAAATGATACATTGGCAACAGTTGATGTTATAATAGGTCAAGTTATTGGAATTCATATAGCAGATGATTATATACTTCCAGATGGAAAAATAGATATTTGCAGAATACAACCTGTTGCTCGTCTTGGATATTTTGATTTTACAGTTGTAAATAATTCATTTGAAATGGCTCCACCTAAGGTTGATGATCCTGAAAATCAAAGATTGGTTGATAAAGGTTTAGAAGGAAAAGTATAATTTACATCTAGGATTTCTCTAATTTATAGTATTAATTTTATGAGGTGATTAAAAAATGATAGTTTTTGTAAACACATCAATTACTACAATAAATTTAATTAAAAAGAATCCTCACTTTGACTTTGAATATATTTTCTTCAATAAAAAGAATAAAAATATTATTTTAGAAACTAATCAAAGTTTGGTTGTTATTTTTGAAGAAAAATATTTAAAAATTAATAATCTATTAAATTTGAAGAAATCTAAAAAACAAATATATTTTATTGGAATTTTTGAAAAAGAAAATATTGATTTAATAAAAAAATTAATAAATTTAGAACTTTTAAATTATATTTTTAATTTTTCTAAAAATTCATTATCAAGTTTGATAAACAAAATCAAATTAAAAAATAATAACAGAAATAATCTTTTTAGTAATCCTATTTATAAATCCATGTTTACCTCATTTTATATTTTTGATTTAATATATGGAGATCTTACAAAATTAAATGCTTTAAATGAAATAACAGGTTTCAAGATGGATGATTTACCCAATAGTGTAATTACTCTAATGATAGATGATTTTTGGGAAATTTGTAGAAAAATGGATAATAGAGATAGATATTCTCTAAAAATGGAATATTCAAATCTAGTAAAAAATGCTATAAACCGTTATCAAATAAAAGCTTTATCTTGTTCACTTGTAGGAACAGATAAAATTATTATTTTAGTAAAATCTCCATATAATTTCTCACTAAATGATATTGCTTTAAAAATAAAAAATTATATAAATGAAAATTCAAAATACACAGTTACACTTGGACTTAGTAACTCATATATTAAAGATATTAGCTATGAATTTTTAATAAATCTTTTAATAGATATTGAAAAATATAAAAAAAATAATGATTTTATATTAGATAATAGTATAAATTTTTTAGAAAAATATTACTATAAAGATTTAAGTCTAACTGAAGTTGCAAATGTTTGTAATATGAGTGATAGTTACTTTAGTAGAAAATTTAAAGAGAAATTTAATATAAACTTTTCAACTTACTTATTGAATATAAGATTAGAAAAGGCTAAGGAATTATTAAAAGAAAAAAATTTGAACATAGAAAATATTTCTGAAATGGTAGGTTTTAAAGATAGCTCTTATTTTAGTAAAAGCTTCAAACAGAAATATGGAATGGCTCCTCATTATTATAGAGATAATTTTAAAGAATTTTAAAAGGAGATGATTATAATGTCTAAAAATATTTATTTTATTTTAACATTTTTAGGTTTCCTGTGGGGTATCTTTGGAGGATACATTATAGCTGATAGCCCCTATCTTTTTTTAGGTTGGATCCCTATATCAGTAATTTCAATAGTTTTAACTGGTTTTTATGCATCTATTATAAATTATTTTTATTTTAAAAATTTCCAAAATGAAGAGAGTTGATGAATATGATAACAATAGTTTGTACTGTCTTATTTTCACTTTTATTAATTGGTGTTGGAATATATGCACACAAAAAAACTGATGACACTGGAGATGAATTCTTTTTAGGTGGAAGATCTATTGGAATTTTTGCAACAATCATGACATTAGTTTTTTCGATTTGGAGTACACTTGCATTTTATGGAGTGGTTGGTGAAGCATATGTAAATGGTGTTGGTTCTCTTGGAATAGCTCAAGGTATATTCTGGGGAGCTGGTTTACAAGTTTTTGTTGGATACAAACTTTGGACTTTAGGAAAAAAATATGGTTTATCTACTCCAGGAGATTTCTTTGGAGAAAGATATTACTCTAATTTTTTTAGATTTATTACTTCTTTAGGGTTAATTTACTTTACTATGCCTTATATTGGAATGCAATTAGGTGGTCTAGGTGCTGGACTTGAAGGAGCTGCACAAGTTCCATCAACAGTTGGAACTATTTTCTTAGCTTTGGTTCTTTTGATTTTTGTTTCTATTGGTGGAATGAAATCTGTAGCTTGGACTGATGCTATACAAGGAGTTGTTTTTACAATAGTTGTTCTTCTTGCACTTTTTGTTCTTATTAAATCTATGCCTGAAGATTTATCAGTAGTAATGAAAAAAGCTACAGAAATTAGACCTGGTTTAAATAGTATTCCCGGTCCTAATAAACTATATACTCCTATTATGAATTTACACCTTGCTATTACAATTGGTTCTTTTGCTGTTTGGCCTCATATTTTTGTAAGATTCTTTATTGCTAAAAAGAGAGAAACTTATAAAGTTTTAGCTGTTGCCTTCCCTATTTATGAAGTTGTTTGTATGGTTCCTTTACTTCTAATTGGAATTATGATTATTCCTTATTTATTTGGAGGTAATTTAAATCCATTAGATGCACAAAAGAGTATACACTGGGCTATGAATGGAATTCCTTTTGGTCACCTATTGGGAACAGGTATTTTCTTAGCTGCTTTTTCAGCTGCTATGTCAACAGCAAGTTCTCAATTATTAGCTTGTAGTTCAATGTTTGTTGGAGACATTTTTTTAAAATTGTATAAAAAAGAAGTTTCTCAAAAAACTGTTGTACTTTTAGGAAGAATTATGACTGTTCTATTTGTTATAATTTCTACTTTCTTTGGAATATATTTCCCTAATATATTTAAAACAGCAACTCACTTTGCTACACCAGGCTATGCACAATTACTTCCTGCTTTACTTGCTGGACTTTTCTGGAAAAGAGCAAATAGAGAAGGAGCTATATTTGGAACATTAGGTGGTTTTGCAACATTGCTTTTAACTTCATTTGTTTGGAAAAATCCATTAGGTGTCACTCCTCTTTTATGGAGTTTAACTGTAAATTGTATCTTACTTGTGGGAATTTCATTAGTTACCGCAAAACCTCCTAAAGAAGTTACTGACAGATTTTTTGAAGCAGTTCAATAATGTATTAAAAATAATTTAGATTTATTTTATATTTGTTTTTTATTCGAAATAATAATACGATAAATATAAAATAAATCTTTTTTTATATTGACAAATTATTTAAATAATTATAAGATTTAAATTATAATAGAATATTATTTTACAGTTTAGGAGGTATGTTATGGAAACGAATAAAAAAGTTGAAAAAGAAAAATTGAGTTTGCTAAATAAGATGCTAAATAAAGTTGAAGTAGTTGGAAATAAAATGCCAGACCCTACAACAATTTTTGTAATCTTATGTATTTTAATTTTTATTATTTCATTTATATTAAGTAAATTTGGGGTTTCAGTAGAACATCCAGGTACAAAAGAAATAATAAAAGCAGAAAATTTACTAAGTTCTGATAATTTGAAAGCTATTTTAGTTTCTACTGTAAAAGTATTCCAAACATTCCCGCCA
NZ_CP084154.1_gap48	1723747	1725885	2138	ATTAAATATTCTAATACTTCATATTCTTTTCCTGTTAACTCTATATTTTTTCCAGCTCTTGTAACAGATTTTTTTGAAATATCAACTATTAAATCATCTATTTGTAATTCATTTGAAATATTACCATATTTTCTTCTCACAAGAGCTCTGATTCTTGCTATTAGTTCTCTAAAATCAAAAGGTTTTACTAAATAATCATCTGCTCCTAAATCCAAACCTTTTATCTTTTCATCTATTCCATCTCTTGCTGTCAACATTAAAACTGCTGTTTCATTTTTATTTGCTCTAAGATTTTTAACTACCTCATAACCATTCATTTTAGGCATCATTACATCTAGTATTATTACATCATAATCGCCATAATTTAAGTATTCAAGTGCTTCTTCTCCATTAAAAACACTATCAACACTAAAATTATTTTTCTTTAAATGTTTAGTAATTATATTGTTTAAATCTTTTTCATCTTCAACCACTAAAATTTTCATTATATCACCTTCTCACATATTCCAAGTATTCTAATATTAATATAAAGATATGAATTGGAAATGAATTATATACTTTCCTTTATAGTTAAAATTTTTCCACTATTAGCATCAATATTTATTTCTTTTTCAGATTTATCTTCTTTAACTTCAACTGTATAATATGCCTTTTTATCTATATTTTTTAATTCTATACTTTTTACTTTTCCATTAAATGAATTATCCAAAGCTATTCTACTTGCTTGTTCAAAAGTAATTGGTAAATTGTAACTAGGATTATATTCATCATCATAATTAGGATCCATTTTATAAACTTCACCTGTATTTACATCAATAATAAATTCTATTTTTTGTCCTTTATTAAAAGTTTCTCCTTCATATACAGTTTTACCTTTATAATTAGCTATTTCTATTTTTGTAACTCTTGATTGAGGATAATTTCTAAAAACTATATCAACCACATCATCATAATTAACTTGGTAAGAAAAACCTAAAGTTGATAAGATTAAAAATAATAATAGTCCTATATTTTTTATTTTTTTCATAAAGAAATCCTCCTTTATTCAAGTACTCCTCTTTTTAAATAAATTTGTCTGTCAGTAACTTGTGATAAATCTCTAGCATGAGTTACCACAACTATACTTTGATTATGTTCCTTATTTATTTTTCTAAAAAGTGAGAATATAAGTTCTCCTGTATCTTCATCTAAGTTTCCAGTTGGTTCATCTGCTAAAATAAGTTTTGGTTTATTAATCATAGCTCTTGCTATTGCAACTCTTTGTTTTTCTCCACCTGACAATTGATTAGGCTTATGCTTTATTCTTTCTGCTAAACCAACTATTTCTAATAGTTCTTTTGCTTCTTTTTCTATTTCTGCTTTATTTTTAAAATTATTTAAAAGTGCAGGTATCATAACATTTTCAAGTGCAGTAAACTCACTCATCAAATAATGAAACTGAAATACAAAACCTAAAAAATGATTTTTAATATTATTTCTTTCCATTTCATTAAGTGAAGAAACTTCTTTATTATCTATCCAGATTTTACCACCATCTATTTTATCAAGTAAACCCATAATATTTAAAAGAGTTGATTTTCCTGAACCTGATTTTCCCAAAATAGATACAAATTCTCCTCTTTTAACTTCTAAATTTAATTTTTTTAAAATATGTAGCTTATTTCCTGTTTCCATATAGAATTTATCTATATCTTCTAATTTCATAATTATATTATTCATATCTAAGTGCCTCCACATTTTCAAGTCTAGCAGCTCTGTAAGCAGGAAATATACTAGAAATTAAAATTACTATAAAATTTGCTCCAACAATAATAGCTATTTCTTTTAAAGAAATTTCTATTGGAATATCCTTTAAATAATAAATATTAGATACTAAATCCACAGCATAGTTTTTAATATAGTAAAGTAAAATTAAAGACACAATTATCCCTAATATTATTCCTATTATTCCCAATATTATTCCTTGTATTAGAAATATTAACATGATATTTTTCTTAGAAAATCCCATTGCTCTCATAATTCCAATATCTTTTGTTTTCTCTCTTACAAGAGTATTTAAAGTTATCCATATCAAGAAACCTGCAACTATTGCTATAAGAGAAAATACTACAAGCATTATAGTCTTTTCCAAAGTCAAA
NZ_CP084154.1_gap49	1727649	1728377	728	TAATCTGATAATAGTTTAACAAAAGGTATATTTAAAGATTTTATAAGTGCCTCTTCTATTTTTACCATACCTGTAAAAGTATTAGTTGAATTTTTGGGATAGAAATTTCCAAAATATATTGGTACATCAGGATAAATACTATCTGGAACTATAAGTCCATCATCTATTGATAAGGCAAAAAGAAATGGTTTCAAAAGTGAAGCAGGAGACCTTTTAGCTTGTAAACCATCAATTTCTCCATTATTTCTTTTATCATAAAAATCTTGTGAAGCAACATAAGCAAGAACTTCTTTAGTTTTATTATCTACAACTAAGACAGCTGCATTATTTATGCCCACATCCTTCATTGCATTTGAATAATCATGTACAATTTTTTCTAATTTCTTCTGTAAATTATAATCTAAAGTTGACTTTATAATTTTTTCAGGATATTTGTTTTTCAAAAATATAGAAAATTGTGGTGCTTTTTTCTCATAATAATAAATTTTATTAGGAAATTTTTCAAGTAAACTAAATTTATACTGTCTTTCATCTATTAATTTTCTATCCAGTAAAGTCTTCAATAGTCTATTTCTTTTAGTTTCAAGTTTATCATTATTCTTTTTTAAATTTAAAATTCCAGGTGAATTTGGTAAAACTGCTAAAAGTGCTGCCTCTGCATAACTTAAATCTTTTACTTCTTTGTTAAAATACATCTTTATAGCCCCAGAATATCCAACTATATTTGA
NZ_CP084154.1_gap50	1734958	1736237	1279	TAAAAAACATTATCTAAATTAGTTTTAGATTTGTATTCTCCATTTGAATTAGTTGTTCCTTCTTCAAGAGTTTGATTTTTAGAACTTATAAATTCAAGCTTTGCTCCTGAAATAGGGTTTAAAGTATTAAGATTTAATAATTTTAAATCTAACTTTGAATTATTAGAATTAGCAACTATACCTATATCTGAAAGTATTATTGTTTTTTCTGCTTTTGCATAGATTACATCACCATCATAACCAAAGCTATTAGGTTCACCATATTTTGATACATCATAATCTATACTATCTTGCCCAATCGCAGATAATTTAACATAATAAATTCCCTTAGTATCTATTGTGTTTGATAAATCTATACTATTTTTTATGACTTGGTCTTCTTTACTGTCTATTTCATATTCTTTTGTAAAAATAACATCTCCTAAGTCATCTTTAAGTTCCCATTCATTAACACCATATTCATTAGCATATAGTTTTAAATATTGAGTTATATTATTTGTATAAACTTTAACAACTTCAAGTTTAACTTTTGTAATATTTACTGAATTAAAGTTAATTTTCTTATTATTTATACTTGGCAAAACATTTCCAGAATCAACAAATGATAGACTAGGTTCTTTTTTACCTAAATATAAATTATATTTTATATAGTCATCTGTCAATGAATTCCCAGAAATTCCTTTTATATCTTTACTAACTTTTATATTATATGGATTATCTTTTTTGAAATCACCTTTTATAATAAGTTTATTTATAAAAGGCATAATAGTTATATCTCCATCTAAACCTTCAACCTCAACCAATTTTTTAAAATCTTGAGTTTTATCCAGTTCTTCTGAAAATAATACTACTATATCTCCTGATATGTTAAACTTCGCATCATTAATATAAAGCACTTGTTGATAATCATCATATCCTTGACTTGTTTCTGTCTGACTACCATCATTTTGTTGGTTTTGCTTATCTTTTTTACAAGCTACTAAAGCTAATGTTAATAAAGATAAGATAAATACTAGCTTTAAAATTTTTTTCATACTCTCTCCTCCATATAATAGTTATTAATTCTTTCTAAAAATTTTTCCCCATAACTTTTAAATTTCTGATTTCCTATACCTTTTATTTTTAACATATCCCACCTATTTCTTGGTTTTTTTTCTGCCATCTCTATAAGAGTCATATCAGAAAAAATAATATAAGGTGCGATATTTTCTTTTTTTGAAATCTCCTTTCTGAGAGAATTTAGTTCTTTAAATAAATTATTTTCATAATAATCAAAGTC
NZ_CP084154.1_gap51	1738812	1740461	1649	AACCTTGCACTATCTAGTATATTTTTTCTGCTTTCGCTACCTTCACATTTGCCTCTTATGAGTAAGATTGCTATGTTGTGGTTATACTAGCTTTAAGAGTTTCCAGCAATTCAGTTTCTTTGTTGCACGGTTTTGCTCCGTGTCTACATACAAGTTTCCCTATATGCTTACTAAAATTTTCGTGCAATTCATCTCACGACTAAAGTCGCGAGTGTTCTTGCACTATTTAATAAAAGGCTTAGAATCTATATCTAATTCTTTATCAAACCCACTATTATCAACTACTTTAAAGTAGATATTATCTCTGTTGAAATAATCTACATAAATAAATGGATTTACTATATTTAATTTTTCTATTATATCTACTTTAATTTTGGGGGTTGCAGTAGCAGTGAAAGCTAAAGTTTGAATTTGGCTTTCTCCTGCTATATATTTCACAAAATCTGCTATCCTTAGATAGCTTCTTCTAAAATTTTCTCCCCACTGGGATACACAATGTGCTTCATCTACTACTACCATAGAAATTTTTACAGTTTTTATAAAGTTTAAGAAAAATTTATTTTCTAATCTTTCAGGTGAGATATATAGTAACTTTATCTTTCCTCTTTTTATTTTAAAAAGTATCTTATTATATTCATCATTATCTAAAGTTGAATTTAAATAACTTGCTTCTATTCCAATTAATCTTAAACTATCTACTTGATCTTTCATCAAAGATATTAAAGGAGAAATTATTATAGTTAGCCCCTCAAAGATTAGTGCAGGTATTTGATAACAGATAGATTTCCCAGCTCCTGTTGTCATTATTCCTAAAACATTTCTTTTCTCTAAGATGGCATCTATTATTTTTTCTTGTCCTTCTCTAAAATTGTCATATCCATAATATTCTTTTAAAATTCTGAGTGCTTCTGATTTCACTTTTTAATCCCACCAAAAATACCATTGTATATTTTTATACAAGCCATCTACTAATCTTTCAAATGTTCCATAACATTGGTCAACTATATCATAACAAAAAGCATAATGTTCTATTGCTAATTTTTTAGTTTCTTCTAATGTTTGAACAGGTCTTTCTACATAGAATTCTATTTCATCATAAGTTATAGCTGCTGGTACTGCTCCATACTTTTCATACCAATATTTAGCAACTGCTATTTGTTCAGCTGGAAAAGGGCATTCATTGTAGCCACCCATTCCAAAATAGCCTAAAACTTCATAAGGATTCTTTGTAGGAACTTTTACTAAAATAACATCATCTTTAAAATTTCCATCATAATCAAATAAAGTTGAAAGTTCTAAATTGTATTTTTCACTGTCATCAAACTTATAATCAATTTCTGAAAAGTATTCATCTATATTTTCTTTTAGATCATCAGTATTTTGTCCTTGAAATTTTTCCAAAAACTTAACTGCATTTATATTCTTATATTTTTTAAGATTTGATTTTACTATATCCATTATATTATCAGTATCTTCATCTTCCATATCTATTTCAAATTTTTCTAATAAGGTATCATCAAGAACTAAAAATACAGGAGTAAAACCTTTTTCTTTCCCCTCTTTATAAGAGGCAAGATATTTCTTTTCTATATCTCTATAATACATATCTTTTATTTCTTCAAATTCAAAATTATATAATTTTTTAAATT
NZ_CP084154.1_gap52	1755253	1756352	1099	ATTAATAGCACTATCTGGTATGCAGAAAATATAAAAACTAGGAAACAGAAAATAAGTATTATAGTTATTAATTTGGTGTTCATTATAGTTCCATCTCTTAGTTTTATTCTTATCAATAGAATACAAAGAAATGAAATAAATAAAAGAACTAGATTAAAAATTAAATTTATAGACATTTTTTCCTCCCTTGAAACTAAGTGACACATGTGTCACTTAGTTCACTTTCTTTTCATCAGCTATCATCTTTTCTATTCTTTCAACAATAGCTTCTCCATTCCAACCTTTGTAATTTAACCATGCTATATTAAATTCTTTTGTATTTAGGTTTTCCAATTCATCACATTTTTCTTTATCTTCTCCAGATGAAGCAGCTACATAAGATAGTTCCAATGGAGATAAAGCCAATTCAAATAGTCTTGAACCCTGTGGATTCTTAAAATAATAATGTTTTTTTTGAAGTGATTGGTAAATTATTTCAATTTCTCTATCATTTAAGTCAAACATCTTATAATAACCCTTTTGCACTTCTGATAATGCTGTTGTATTTGGGAGATAAATTCTTGTATAACAAGCATCCAATATTGCACTTTTGATTTTACTTTCAGCTATATCAGCTAATGATTGTGTTGCGAATACAACAGACACATTATTTTTTCTCATAACTTTTAGCCATTCTCTAATTTTACTTTCAAATCTCGGATTATCTAAGAATAACCATGATTCATCTAATGTAATAAGAGTTGGACTGATTTTATCAATCATATCTGTCTCTATTTTATGGAATAAATAATTCAATGCTGGTGTAATAGCATTTTTAGCCTCGGCTATTTGTTCCATTTCAAAGATTGTATAGTTATTGTTTTCTAAGAAGTCTGAATTACCATCAAAATACTTTGCATAAGGACCTTTTCCACAATATTGTGCCAAGGCATCTTTAATAGTTTTTGATTGGCCGCCAACTAAGTTTGAAAATGAAGATAAAGTCCTCATCTCTGGTGATAAAGATCCTAAAGATACAAGTCCATTCCAAATATATTGCCTTATCTCTGGGGTAATTTGAACAAGATTGTCTTCAAGTAAATTTTCAATAAATTCTTGA
NZ_CP084154.1_gap53	1758234	1758955	721	AACTTTAGATGACTTCTAAATACTTTAAAAAATTTTGTATCTTTCTTTGTAAGATAGACAAGATAGCCATGTGAAAAAGTAAAGAGAATTATTACAATTAATACTACTAATCCACTATCTGTTGAAAAAATAAGGATAAGTGCTAAGAAAAAATTCCCTATAACTGCTTCTCTTGCTCCTCCTGCAACTGTAATATCAGTTGTAAAAGCTCTACAAATTTTTTCTCTTAAATCTAATTCTTCCATATATTCTCCTATGCTATTTGTTTAAATAAATATCTTCTATTTTCATAGTCATAACCTTCTAATTCTATTATTTCTTTTACTTTTCTGCTAAGTCCATCTAACTGAATATTTACAACCATATTAACAGTTCTTGCTATTGTATCTCTTTGAGGATCTCTTGAGACTTCTGTAATATAGCTTTCTAGCTGTAAAAGCCCTAATTCAGCCGAGTCAGCATGTAGAGTACATACTCCTCCAGGATGTCCTGTATTCCAAGCCTTTAATATATTAAGTGCTGCTCCATCACGAACTTCACCTATAACAATTCTTGTAGGTGTCCTTCTTAAAGTAGAAGTCAATAATCTTCTTATAGGAACATTCTCTGTTGCTCTTAAATATAGTACATTTTCGCAATTACATTGGAGTTCATTTGTGTCCTGGATAATAATAACTCTTTGTTTGTATTGGGCTATTTCTTCAAGTAATGCATTACATAA
NZ_CP084154.1_gap54	1802407	1806042	3635	TAGTAAAATTTTATTAAAAGATAAATAATATTAGAGGTATAAAATTTATGAGTAACTTAGACTTTACATTAATATGCATTGTAAAATTTTTTAGCAAAAAAAGAAAAACTCCTCCTAATTTAAGTAATGGTAATTATTATCCTCACCTTGTTATAAAAGGTGATACTGAATATTTAGGGGTATGTTTTATAGATGGAGAAGAAGTTATATTTGATAAAGAAATAATAGCTTCTGCTCTACCTCTATACGAAGGTGTAGATTATTCTGCTCTAACAGAAGGAACTGAATTCATGATAATGGAAGGTGGCAATAAAGTTGGGGAAGGAGTTATTAATGAAATTTTCCAACATATTCCAACTAAAGAATTTAAAAAATAAGAATAGGGCTGTTGCAAACTTATGAATGAAATAAAAAATAGTTCATTGTATAGATTAATTTGCAACAGTCTCTTATTTTTTGGAATATAAAAAACCTCACAGTTTCTATAAAATTTTATTGACCAAAAGAATTTTCACAATTGAAATGGCAAACTATGTTTTATTTTTCTGTTTTTAAAGCATGATTTTGAGCAATAATATCTAAAAATACAAGTGGTTCATCTTTTTCATTACGAAGTCCATGAGATTGATTTGGTCTTGCAATAGTTACATCTCCAGCTCTAACCACTGTTTCTTTTCCAGAACCATCTATAAAGATTCCTTCTCCAGAAACAATAATATAAGTGTCCTCATTATTTTTATGAGGATGCACTCCAATAGATTCACCCTTATTTAGTGTCATCCATCCTATTTCTTTGATAGCTTCATCTTCAGTAGCCATATCTCTTGTAAAGGCAAATTTTCCATGTAAAGTTCCATTTCCTCCTGCTACATTTTGTTTGTCCAATGTTATCAATTCTTCCTTTTTATATACTTGTTTTAAAAGATTTGGATTTTTTTCTTTTGTACTTGCTACTCCAGTCATACAAATTCCTATAAACAATGTAAAAAGTAATATTTTTTTCATAAAATTCCTCCTTAAATAGTTTTTATTTCTTTTTATAAAAATTTCAATTGTGAGAAATTCTTAATTAAATATTGAAATATCATAGTATTTTTAGGCTTTTTTATCTTTTTTAGAATTCTATTTCTTTATATTGATATTATAAAAAGATATTGATTTCTTGTCAATAAAATGTATTTTTTGCCTCTCTTGAAGCTATTTATTTCTTATAAAAAAGGATTTAAAGTTTTTTAACCTTAAATCCTTGATAAATTTTATTTTTTATATAACTTTTTCATCACTAACCATTAAACTTGCAACACCATTTAAGTCTAAACCTGCAAAACAATCTTCTTCATTTTTAGCATTTTTTAATTTGTAGTATGCTGCTTCAGCTATCATAGCTGCATTATCTGTACATAGTTTCATACTTGGGTATATAACTTTAATTCCTTTTTCAGTTGCTTTTTCTGTAAGTTGGCTTCTTAAAAGTGAATTAGCTGCAACACCACCTGCAAGCATAATAGTCTTTACATTTTTTTCAACTGCTGCATCTAAAGTTTTATCACATAAGATATCTACAACAGTTCCTAAAAAAGAAGCTGCTAAATCTTCTTTTTTATACTCTTGATTTTTCATTTTCATATTATTATCAAAATTTATAATAGCAGTCTTAATTCCTGAAAAACTAAAGTCAAATCTTGAAACTTTTGGTTTAGTAATTTTTAAAAAGTTTCTATCTCCCTTATAATACATCTTATCTATTACAGGTCCACCTGGATATCCAAGTCCTAAAACTCTTGCGACCTTATCACAACTTTCTCCCACTGCATCATCTAAAGTTTCTCCAATATTAATAAAATTATGATTTTCATCAATATATATAATATTAGTGTGTCCACCAGATACAACAAGAGAAATACAAGGTAACTCTACATCATGTTCTAAGAAATTTGCATACATATGTCCCTTGATATGATGAACTGGAATAATAGGAATATTTTTTGCATAAGATAAACCTTTTGCAAATGAAATTCCCACAAGTAAAGCTCCAATAAGTCCTGGGGCATAAGTTACTGCAATATAGTCTACATCATCTAAGGTAATTTTAGCTTCTTCTAAACTTTCTTCAAGTACAGTAGCTATATTTTTAATATGTTGTCTTGAAGCAATTTCTGGAACAACTCCACCATATTCTTTGTGAATTTCAATTTGAGAAGAAATATTATTCGATAAAATTTCCTTCCCATCTTTTACAACTGCAATAGAAGTTTCATCACATGAACTTTCTATACCTAAAATAATCATTCTTCTTCCTCCTCCAAAGAAGATATTGCTTTTTTTATATCTCCATACAAGAAGCCTTTTCTTAATATACTTTCAACTTTCTTCTTGTGCTCCTTATTACCTAATTTTATCCAAAGTTGTTTTATTTTTTCTATTTGATGGTCTTTCTCATCTTCAAGAACTTCAGAGACTATTTCCCTATCCACTCCCATTTGATAAAGGATAAAAGATAATTTCTTTGTTCCATAATTAGAATGTTGTGCTGCATAAGATTTTGCTTTTTCATAGTCATCTAAATAACCTTTTTCTTCAAAATCTTCTACAACTTCTTCAACTATATCTGCAAAACCAATTTTTTCTATTAACTTATTTCTTAATTCTTTTTTGAAATAATCTCTTTTAGCTAACATAGTATAAGCTGATAGCCTAATTCTAAAATAAATTAAAGAATAAAAAGTTTCATCATCAAGACTTGTTTTATCTTTTAAATCAAACTTAGAAAACATTTCTTTGGTTAGATAGATAATTTTATCATCACCAAGAATAAGTTTATTTCCCTTAATCATTATTTTCTTCAACTGCATCATCATCTATTTCAAGATTTTCATCATCAGTATCATCAGAAGCAACTTCTTTTTTAGATTTTTTCTTTTTCTTATCAACAGGACCTTTTGCAATAGCTTCTTTTAAATCTGCTTCAACTTGTGCTAATAATTCTGGATTTGTTTCCAATTCTGCTCTCACTTTTTCTTTTCCTTGTCCTATGCTTTGATCTCTAAAACTGAACCAAGATCCAGCTTTTACTATTATATCCTTTGCAACAGCTGCATCTATAATTTCTCCAACCTTTGAAATTCCTTTTCCATATAGTATTTCAAATGCTGCTTCTTTAAATGGAGGTGCTACCTTATTCTTTGTTACTTTTACAACAACTTCACTTCCTATTGGATCATCACCTTGTTTTACTGTACCCATCTTTTTAACTTCCATTCTAACTGACGAATAGAATTTAAGTGCTTTTCCTCCAGTAGTTGTAGTTGTAGGTCCATAAGTTACACCAATTTTTTCTCTGATTTGATTGATAAAAATCATTGTAGTCTTATATTTATTAAGATTTCCTGTTAATTTTCTTAAACCTTTTGACATAAGTCTTGCTTGTAATCCCATTTGTTGATCTGACATTTCACCATCTATTTCTGCTTTTGGAACAAGAGCTGCAACTGAGTCAATTACAATTAAATCTATAGCTCCTGATCTAACAAGAGTATCAGCAATTTCAAGTGCTTGTTCTCCATAATCTGGTTGAGAAATTAAAAGTTCATCTATGTCAACACCTAATGCTTTTGCATAAACTGGATCAAGTGCAT
NZ_CP084154.1_gap55	1814279	1816385	2106	TACTTTCTCTTTTTTAGCTAAATTTTTCTTTACAATATTTTTAAATCTTTTAAAGTTATTATGCCTTATTGCTTGAAGAATATCTTGGTATATATTAAAGTTAATGTCTAATTCTGGACTTTTTTTTAAAAAATAATCTACTTTCTCTTTGCTGCTAAGTTTGTACTTAAAATTTTGGCAATAATATGGTCCTTGACAAAGGTCAGGATAATATTTTTGGAGTAATTTCCAAAATAGTTTTAATTTTCTTTTTAATGAATCATCTTTAAGAGAATTCATTATGGATATTCTAGTTTGGTTAAATGCTCTACTAACTAAATTAACAATATGAAATTTATCTAATACTATCTCAGACTCAGGAAAAATAGATTTTACTAAACTAATATATGGAGAATACATATCCATATAGATATATTTTACATTATTCCTAGCTTCAAGTGAAAATCTTGAAAAATATTCTGTCAAGGAATTTAATCTTCTATCTTCAACAATATCAATAATATTTTTAGTTTGATAATCAGCAAAAACAAAAGACATAGCACCATGAATATTTTTAACTGATTTAAACTCATCAATACACATAGTTTCAGGTAAATGCTCTTTATTAACCTTAAAATCAGAGTAACACTCATCCATAATTCTTTGAACTGAAGAAATAGAAAGATTGTACTTCTTAGCAATGAAAGTAAGAGAAATATTTTCTTGAAGTTCTTGCGCAATAGTGTATTTAAGGTTATTAGAAATATTAGAATTATCTTTAGCAATACTAGTAGAAGGAGAAAAAGTTTTTTTACAATCTTTGCAGATATGCCTTTGTATACTAAGATTAAGTTCAATATTGTAATTTTGAAAAGGAATAAATTTAATATTACGTTCCCTAGAACCATTTTTAACAATATTTTTAGAGTTACAATGAGGACAAGAACAATAATTAGATTTAAGAAAACCTTTAAAAACTTTAATTACATAATTACCTTTTTGAATAATCTGACAAAAATCTTCTTCTGGAAAAGAAATATTATCATCTTGAATATTTAAGATATTTTTGATAAAATCAGATAGAGACAATGAAATCACTTCCTTTTTGAGTTATTTTTAGCAATTTAATTTTAACAGGAAAATTTTATTATCTCAACTTTTTTATTAAAAAAATGGCATTAATAGAAATTTCTTCCATCAACACCATTTATTATACAACCCTCTTTTCTTCATCAGGCATTTCAAGAGTAGCTTTTTCTTTTAAATTTATTCCTTTAAATGTAAGAACTGTTGCTATTTGTTGTCCAGCACTAGTAACTTTAAAACAAACATCAAATCTATCTCGATATTTGTGTCCAACCAATTTCCTATAGCCTTTATATTCTCCTTTTTCAACTGGAACATCATTTAATTCAGTAACAATATTTACTGAAAGTAAAAGTATAAAAATCAACAAAAACCTTTTCATAAAATCCCCTCTAAAAGTTGTAAAATAAAGTGTCACATAAAAAAATAAAAAGAGAACCATAATAGTTTTCATGGTATGATTAAGTCTGCGAAAACAAATCAAAGGAGAAAAGCTATTATGATTCAACAACAGTATACAACAAAAAGAAGAAAAGGACAACATTTAACTTTAATTGAGAGAGGTAAAATTGAAGCTTTCTTAAAAATTAATATGCCTAAAATTCAAATTGCTTCTGAAATTGGTATTAGTACCAGAACTCTTTATCGCGAAATTAACAGAGGAATGGTAAAAGGACTTCTTAATTCTGATTATTCAACTTATGATGCTTATTCTGCTGAGTTTGCACATAAGAAATACTTAGAAGCTATGAAAGGTAAAGAAGGAACACTAAAAATTGGTAAAAACCATAAATTAATAGAGTATGTTGAGAATTCTATGCTTAATGATAGAAATTCTCCATATGTAGCCTTAGAAAATGCTAAAAAAGAAAATATAGAAGTGAATATTTGTTTAAAAACTCTATATAACTACATACATAAGGAATTATTCATAAACTTTTCTGAAGAAGATATGATTTACAAAAAAGATAGAAGAAAACAAGAAAGAAGTCCAAAAAGTATAAGAAAGATTGGAGGCAAGAGTATAGAAGAAAGACCAGA
NZ_CP084154.1_gap56	1835529	1839331	3802	TTTTGTTTGATTTTCATCAATTACAAATTCTTCTGGTCTTATTGAAATAACAACATTCCCTTTAACATTTTTATCTTTAACATTATTTAAACTTATATCACATTTTCCAGCAATTTTTAATACAGAATTATTTAAAGTTCCATTTAACACATTTGTTTTACCTATAAAGGTTGCAACAAATAAATTTGCTGGTCTTTGATAAATATCTTTTGGTTGCCCTAAATGTTGAATTTCACCATCTTTCATAACTGCAATTCTATCACTAACAGCCATAGCTTCCTCTTGGTCATGAGTTACATACACTGTTGTAATCCCAATACTATTTTGAATTTCTTTTATAGCTGTTCTCATTTCTACTCTTAGTTTTGCATCTAAATTACTTAATGGTTCATCCATCAATAGAACATCAGGCTTTATAACTAAAGCTCTTGCTAAAGCAACTCTTTGTTGTTGTCCTCCTGATAATCTTTCAGGCATTCTATCTCTATATTCATCAATTTGCATAAGTTTTAAAAATTTATCTGTTTCTACTTTCATTTCTTCTTTAGAAACTTTTCTATTTTTTAAACCAAATTCTACATTTTGCTCAACAGTTAAATGTGGAAAAATAGCATAGTTTTGAAATACCATTCCAATATTTCTCTTAGCTGGATCTAAATCATTTATTCTTTTTTCATTGAAATAAAAATTTCCATTTTCAATAGAGTTAAAACCTGCTATCATTCTTAATAAAGTAGTTTTTCCACAACCAGAAGGTCCAAGGAGAGTAAAAAACTCCCCTTGTTTTATATCAAGAGATAAATTTTCAATTATGATATTATCTCCATATCTTTTTTGAGCATTTTCTATTTTTATGTTTACACTCATTAATTTTCTCCTAACTATTTTGTTAATATATTAGTCCATCTTTCTTGCCATTCTTTTCTGTGTTCTGCACAGTAAGGAATGTCTTCATAGGCAACTTTAATTTCATCAAATGGTTTTATAAATTCACTTGTATTTTTTATAGCTGTATTTACTGGTCTTGTTGAAGTTTCAGCAACAATTTTTTGTCCTTCATCTGAAATTAAGAAATCTATAAACTTTTTAGCATTTTCCATATGAGGTGCATTTTTAACTATTGCAGCAGCTCCTGGTAACCATACTGCTCCTTCATCTGGATAAACAAGTTTTAAATTTGTTGCTCCATCTTGAAGTAATGTTACTGCTGGATTTTCATAAGTAACTCCAACTGCATATTCCCCATCTGCAGTAGCTTTATATATTTGAGAAGATGAAGATAAAATTGTTCCATCTAATTGTCCAACAAATTTTTCAACAAATTCCCAAGCTTTTTCATCATAAGGTTTTTCTCCCATAACAAGTAACATGTTTGTAAGTTCTGCTATAGCACTACTACTTGCTGTTGGATCTCCCATTGCAATTTTACCTTTTAATTCTGGCCATAATAAATCTTTATATCCAGTAAATTTTTCAGGGTCTAGTCCTAATTTTGCAAATACATCTTTATTTACAAGTAATGCTGCACTACCATCTAGTTTATAGTTTGTAAAGAAACCAGTAGTATTTTTATAAGCATCAGGAACATTTTTTTCATTTTCAGAAGTATAACTTTCCCATAAATCAGGAGTAGTTGCAAGAACACCCATACTTATAGCTCCCCAGTTAATGTCTGCTTGAGGATTTTCTTTTTCAGCAGAAATTCTAGCAAGAACATCTCCACTTCCCATTGATTGTAAAATAACTTTTATTCCAGTAGCTTTTTCAAAAGCTGGAATTATTTTATTTACTTCATCATCAGCATTTGGTGAATAAATTACTAACTCATTTGATCCTTGAGCTTCAGGTGTTGCTTCTGTTTTTTCTTTATCTGAACCGCCACAAGCAACAAACATAAAAATAACACTAATTGACATCAATAAAAATTTAATAAATTTTTTCATTTTTTTCTTTGGAACTTTTAAAGTTCCATCCTCCTTTTTTATAAAATTAATGAATTCAATACGTTATTATTAATTATAGAATAAATTTATGTGTTTATCAAGTATCTAAAAATGTACAATTATTTCTCTTGTTGAAAATACATCTTTATTTTTATTTATTAATTCTAATATATTATTTTTTTCTTCATCAGTTAAAAATGGATAATATAAGTTATTATTTCTTTTTAAAATACCTATGTCACTATAATCAATATATTCAATGTTCTTAGGTATTGAATAATCATCTATAATTTTATTAAAACCATTAATTTCTATATTCTCATTAGAAATAACAAGAATATTATTTGTTATTAGAGAATTAATTTTTTCTATTTCAGTAAAATTTTCAAAAATATAAAAATCTACTTTTTCTTTTTCATCATTTACAGAAAAACTTAAATTCCTATATTTACAGTAACATTTAACAGTGTTAATTATTGTTGTTGCTCCTCTTTTTCTATCCATAATTACTAAAGTTTTTTTCTTATCTTTAAAAATTGAAGCAAGTGCTTTTTTCTGTATTGAATTATATTCAAAATCTCTAATTAAAAGATTTTTAATCTCCTTAAATATTAAAGCATCTTTTAATGGGAAAGATTTTAAAGTTTCATTTTTTAAAGTATCAATTTCTAAATGTAAATTTATATTTTCAGTCTTTAAGTACTTCTTTTTAATTTTTATAGAAAACTCATAATTAAATTTATTTTTCAAAACAGTTAAAATTTTTGCTAAGTTGCTATCTATATTTTCAATAATTGTCCTATCCTTAGTTATAGCCACACCATAATCATTATAAATTAAATTTAAAGGTTCTTCTATATCCAGTCTTTTAGGATATACAACTGTTTCTATTGGGAAAGAAATATCTTTCCCATTAAGTTCTAAATAGTCATCTTCAAAGTCAATATTTTCATTAGAATTTTTGATATCTTCAAGTTGTAATTTACACATATATTTATCTTTAAAAGTTTCTAATTTCAATTTAAAAGCTATATCAATATTTTTTGAATTTGAAATAATATCGTAATAATCGCCACCACCAAAAAATATACAATTTTTAAAATAATAACCATCTTTTTTTATATCTAACATTAAATGCTCGGTACTATTTTTGGTAAATCTTAAATTTTCATATTGACAATTTTTAAAAGCAAAGATAGGAGTATGGTTTTTAGAGCCATAAGGTTCTAATATTTCTAACTCTTTTAAAAATTCATAATTTACTTTATAAGGAGCCAAGATTTTTTCTATTTTTAATTTTTTTGTGAATAAATCTTTATCAAAATTTTTTTCTATATATCTATCTACTCTTTCATAGAATTTTTCTATATTTTCTATTTTTATTGTAAAACCTGCTGCTCCTGAATGACCTCCATATTTAACTAAAATATCTGAAACAGAGTTTAAACATTCAACTATATTTAAACCATCAATACTTCTACAAGAAGCAGTTGCAATACCTTCGTTTTCTTTAATCTCCATAATTATAGTTGGTTTATAGTATTTATCTAAAATCTTTGAAGCAACTATTCCAATAATACCATGATGAAAGGATTTATTTGCAACTAAAATTAAATTTTTATTATATAGTTGTTTTTTCTCAATTTCAGCAATAGACATTTCTAAAATTTTTTTTTGAATATCTTTTCTTTCAGTATTATTTTCTAAAAGTTTATCTATAATAGAAAGACATTTAAAACCATCTTCTTCTATAAATAAACTTACTGCCTGTTTTGCATCTTCCAAACGCCCAGCAGCATTAAAAATTGGGGCAATAATATAACCCACATCATAGGCAAAATATTCTCTTGTATCCCAAT
NZ_CP084154.1_gap57	1846345	1851292	4947	GCTGGTATGGTTATAATGGGACTTATTTATATGGCAGTACCTTATTTTGTTCCAGCAGCTCTGCATTTATACTTTGATTTATTTGCAGGTTTAGTACAAAGTTTTGTTTTTGTTACTCTTTCTATGGTATATGTTCAAGGCTCAATAGGAGATGCAGAGTATACTGATTAGAACTAGGGTATGAAATAATATAATTAAAAAATAAAATATTAGGAGGATTTAGAATATGGATTTATTAACAGCAAAAACAATAGTTTTAGGATGTTCAGCAGTAGGTGCAGGACTTGCTATGATAGCAGGATTAGGACCAGGGATTGGAGAAGGATATGCAGCAGGAAAAGCAGTTGAATCTGTTGCAAGGCAACCAGAAGCAAGAGGAAGTATTATATCTACAATGATTTTAGGACAAGCAGTAGCTGAATCTACTGGTATCTACTCACTAGTTATAGCTTTAATTTTACTTTATGCAAATCCTTTCATAAATCAATTAGGATAATATATTTACAATTTAACCTGATGAAAGGAGGGAAGGTATTGTGCCAATAATATCTATTGATTCTACTTTTTTCTGGCAAATTATTAACTTTTTTCTTCTTTTGTTTATTGTAAAAAAATATTTTAAAGAACCTATATCAAAGATAATAAATGAAAGAAAGCAAAAAATAGAAGCTGAACTTGTTGAAGCAACTAAAAATAAAAAAGAAGCTGAACAACTTTTAAAAGAGGCTGAAGCTCAAATTAATTCTTCAAGAAAAGAAGCAACTGAAATAGTTAAAGCTGCTCAAAGAAAAGCAGAAGAAGAAGCTCACAATCTTATTAAAGAAGCTAGAGAAAATAGAGAAAATATTTTAAAAACAACAGAATTAGAAATTACAAAAATTAAAAATGATGCTAAGGAAGAATTAGGTAGGGAAGTTAAAAACTTAGCTGCTGAACTTGCAGAAAAAATCATAAAAGAAAAAGTTGATGATGCTCAAGAAATCTCGCTTATAGATAAATTTATAGCAGAGGTAGGCGAAGATAAATGATAAAATCTCAAGTAGGAAGAAGATATTCTAAAGCAATTTTTGAAATTGCTGAAGAAAAAAATCAAGTTAAAGAAATTTATGAAATGTTAAATTCTGCTATGGTTCTTTATAGAACAGATAAAGAGTTTAAGAATTTTATTTTAAATCCTTTAATTGATAATGAACAAAAAAAATCAGTTTTAAATGAAATTTTTGGAAAAGATAATAGTGAAAATTTAAATATTTTATTATATATTTTAGATAAAGGAAGAATGAATTGTATAAAATATATAGTTGCTGAATATTTAAAAATTTATTACAGAAAGAATAGAATTTTAGATGTAAAAGCTACTTTTACAAAAGAATTAACTGATGAACAAAAGAAAAAACTTATTGATAAATTATCTCAAAAAACTGGAAAAGAAATCAATCTTGAAATAAAAATTGATAAAGATATTCTAGGTGGTGGAATCATTAAAATAGGTGATAAAATCATTGATGGTTCTATCCGTAGAGAGTTAGATAATTGGAAAAAAAGTTAAGGTCTTAAATGGAGGTGTAACAATTTGAATATTAGACCAGAAGAAGTAAGTTCTATTATAAAAAAAGAAATAGATAATTACAAAAAAAGTTTAGAAATAAAAACTTCTGGAACAGTTCTTGAAGTAGGAGATGGTATTGCAAGAATTTTTGGTTTAAGTAATGTCATGTCTGGAGAACTTCTTGAATTTCCTCATGGAGTAATGGGAATGGCTCTGAATCTTGAAGAAGATAACGTTGGAGCTGTTATCCTTGGTAATGCCTCTCTTATAAAAGAGGGAGATGAAGTAAGAGCAACTGGTAAAGTTGTATCTGTTCCTGCTGGTGAAAATTTACTTGGTAGAGTAATCAATGCCTTAGGAGAACCTATTGATGGTAAAGGTGAAATTCATGCTGATAAATATATGCCTATTGAAAGAAAAGCATCAGGTATCATAGCAAGACAGCCAGTATCTGAACCTTTACAAACTGGTATTAAATCAATAGATGGTATGGTTCCTATTGGTAGAGGACAAAGAGAACTTATTATAGGAGATAGACAAACAGGTAAGACTGCAATAGCTATTGATACTATAATCAATCAAAAGGGACAAGATGTAAAATGTATCTATGTTGCAATAGGACAAAAAAGATCTACTGTTGCTCAAATATATAAAAATTAAGTGATTTAGGTTGTATGGATTATACAATAATTGTAGCTGCAACTGCATCTGAAGCAGCTCCTTTACAATATATGGCTCCTTACTCAGGTGTAGCTATTGGAGAATATTTTATGGAAAAAGGAGAACATGTTTTAATAATCTATGATGATTTATCTAAACATGCTGTTGCTTACAGAGAAATGTCTTTATTACTTAGAAGACCACCTGGACGTGAAGCTTATCCAGGAGATGTATTCTATCTACATTCAAGATTACTAGAAAGAGCTGCAAAACTTTCTGATGAATTAGGTGGAGGTTCAATTACTGCCCTACCAATTATTGAAACACAAGCAGGAGATGTATCTGCATATATCCCTACCAATGTTATATCAATAACTGATGGACAAATATTTTTGGAATCTCAATTATTTAACTCTGGTTTTAGACCAGCAATAAATGCAGGAATATCTGTTTCAAGAGTTGGAGGAGCTGCTCAAATTAAGGCAATGAAACAAGTTGCATCTAAGGTTAAACTTGAACTTGCTCAATATACAGAACTTTTAACATTTGCTCAATTTGGTTCTGATCTTGATAAGGCAACAAAAGCTCAACTTGAAAGAGGACATAGAATAATGGAAATATTGAAACAAGCTCAATACCATCCATTTGCAGTTGAAAGACAAGTTGTATCTTTTTATACAGTTATAAATGGACATTTAGATGATATAGAAGTTTCTAAAGTTAGAAGATTTGAAAAAGAATTACTTGAATACTTAAAAGCTAACACAAACATTCTAACTGAAATAGCTGATAAAAAAGCTTTGGATAAAGATTTGGAAGACAGATTAAAAGAAAGTATTGCAAACTTTAAAAAGAGTTTTAACTAAGGAGTAAACTATGCCTGGAATGAAAGAAATTAAGAGTAGAATTAAATCTGTTCAGTCTACTCGTCAAATTACAAATGCTATGGAAATAGTTTCTACAACTAAATTTAAAAGATATTCAAAATTAGTTACTGAATCAAGACCATATGAAGAAAGTATGAGAAAGATTTTAGGGAATATTGCTTCAGGAGTTAAAAATGAAGGACATCCTCTTTTTGACGGAAGAAAAGAAGTGAAAAGTGTAGCTATAATAGTTATAACATCTGATAGAGGACTTTGTGGAAGTTTTAACAGTTCTACTCTTAAAGAACTAGAAAAATTAGTTGAAAAAAATAAAAATAAAAACATTAGTATTATTCCATTTGGAAGAAAAGCTATTGATTTTATTACAAAAAGAAACTATGATTTTTCTGAATCTTTTTCAAAAATTTCTGCTGATGAAATGAATAAGATTGCTGGGGAGATTTCAGAAGAAGTGGTTGAAAAATATAATAATCATATCTACGATGAAGTTTATGTAATCTATAACAAATTTGTATCAGCTTTAAGATATGATTTAACTTGTGAAAGAATAATTCCTATAGCAAGACCAGAAGTTGAATTAAATAGTGAATATATATTTGAACCAAGTACTGAATATATATTATCAGCACTTTTGCCAAGATTTATAAACTTACAAATATATCAAGCTATTTTAAATAACACTGCCAGTGAGCACTCAGCCAGAAAAAACTCAATGAGTAGTGCTACTGACAATGCTGATGAAATGATAAAAACTTTAAATATTAAATATAATAGAAATAGACAATCTGCTATTACTCAAGAAATAACTGAAATAGTAGGAGGAGCATCTGCTTTATAAAAATAGAAATTTATTTACTTCTTAGTTTATAAAGTAAAAAATGGTTCATTACTAACTAAATTTCTTAACAATAAAAAATCAAGAATTCGCTGCAAATTCGCTATCTGTAAGAAGCTCTAAATGAACAAGTTCATTAAGTGCTTCTAAGATCACTTCGTTCAAACATAGCGAAATTTGCTCAGCTCATTCTATTTGATTTTTTATCTAAAATTTAGAATGTAACTCACTCATTTTTGCTTATATAATTAGTAGGTATATATTCTATTTTATAAAATCAGAAATAAAAATGGTAAGGAGGCAATAATAGGTGAACAAAGGAACTATAACACAAATTATAAGTGCCGTTGTAGACGTTGCTTTTAAAGATGAGTTGCCTGCAATATATAATGCTTTAAAAGTAAAATTAGAAGATAAAGAACTTGTTCTAGAAGTTGAACAACATCTTGGTAACAATGTTGTAAGAACTGTTGCTATGGATTCAACTGATGGATTAAAAAGAGGAATGGAAGTTATAGATACAGGTAAACCAATTACAGTACCAGTTGGTAAAGCTGTTCTTGGTAGAATATTAAATGTTTTAGGAGAACCTGTTGATAATCAAGGTCCTATAAATGCTGAAACATTTTTACCTATTCATAGAGAAGCACCAGAATTTGATGACTTAGAAACTGAAACTGAAATATTTGAAACAGGAATAAAAGTTATAGACTTATTAGCACCATATATTAAAGGTGGAAAAATAGGATTATTTGGTGGAGCTGGAGTAGGAAAAACAGTTTTAATAATGGAACTTATTAACAACATTGCAAAAGGACATGGAGGAATTTCAGTTTTTGCAGGAGTTGGAGAAAGAACAAGAGAAGGTAGAGACTTATATGGTGAAATGACTGAATCAGGAGTTATCACAAAAACAGCTCTTGTTTATGGACAAATGAATGAGCCACCTGGAGCAAGACTTAGAGTTGCATTAACAGGGCTTACTGTTGCAGAAAATTTTAGAGATAAAGATGGGC
NZ_CP084154.1_gap58	1864830	1869344	4514	CTCAATTAAAGAATTTTCTAAAAATCTAAAAATCAAAATGTATTAATATATGTGGAGGTAGTTTTATGATTTTATTAAATCCAGTTGTTCTTTCAGTTATTGTTATGACAGTTCTATGTCTATTAAAGCTTAATGTTCTTTTAGCTTTAATGGTTTCAGCACTAGTTGCTGGTTTTTCTGCAGGTATGCCAATAAATGATATTATGAAGACTCTTATTGGTGGTATGGGTGGAAACTCTGAAACAGCACTTAGTTATATATTATTAGGGACTCTTGCAGTTGCTATCAATAGTACAGGAGTTACAAGTATAGTTTCTAAAAAAATAGCTTCTTTAGTTGATGGTAAGAAAAAACTCTTATTATTATTAATTGCATTTTTTGCATGTTTTTCACAAAACTTAATACCAGTACATATAGCTTTTATCCCTATTTTAATTCCGCCTTTACTAAAATTAATGAACTCTTTAAAATTGGATAGAAGAGCTATGGCCTGCTCATTAACTTTTGGTTTAAAAGCACCTTATATTGCTTTACCAGTTGGTTTTGGAGCAATTTTCCAAGGAATCATTGCTGGAGAAATGACTAACAATGGTATGACAGTTGCACAAGGTGATGTTTGGAAATCTACTTGGATTTTAGGACTGTTTATGATAATAGGTTTATTATTAGCTATTTTTGTTACTTATAATAAGGATAGAGAATATAAAGATTTACCTTTAATAGGAATAGAAGAAGTTAAAGCCGAAAAAATGGAAGCTAAACATTGGTTAGCTTTACTTGCAGCATCTGCTGCTTTTATAATACAAGCTTTATCAGCATTTGAAGTTATAAATATAAGTTCAGGATCTTTACCACTAGGAGCTGTTGTTGCATTAGCAATAATGTTAGTATTTGGTGTTATTAAATGGAAGAGTTTAGATGAATTTATTAATGGTGGAGTTGGACTTATGGGTCTTATAGCTTTCATAATGCTAGTTGCTGCTGGTTATGGAAGTATAATCAGAGAAACTGGTGCAGTTGGAGAATTAGTTGATAGTATCCATGGATTAATAGGAGGAAGTAAAGCTCTAGGAATCTCTGTAATGTTATTAGTTGGACTTTTAATAACTATGGGAATCGGAACATCATTTGGTACTATTCCAGTTGTTGCAGCTATCTATATTCCTCTATGTATAAAACTTGGTATATCAATTCCTGGATCAATTGTTGTTCTTGCAGCAGCAGCAGCATTAGGAGACGCTGGATCACCTGCATCAGACTCAACATTAGGACCAACATCTGGACTTAATGCTGATGGTCAACATGATCATATAATGGATACTTGTGTTCCAACATTTATACACTATAATATTCTACTTTTAATAGGTGGATTTGTAGGAGGAATGTTCTTCTAAAATTGATTCTTACTTAATTATTTTACACAAATAAACTTATAATACTTGGACTGTTACAGCTTATTGTGTAACAGTCCTTCTTACTTATGGAGGTGTGATACATGGAAAATAAAAAATATTCAACATCTGTTTTAATTAAATTTTTAGTCTGTAGTTTGGTAGGAATATTTTTATTCTTTGTTCCTGTAAGTTTTAATGGAAAATCAACAATACCATTAGACCATATAGTGAATCTTGTTTTAAAAGTTCCTTATTTTAAAGAAGTATACGGAACAATAGTTATTTTAGTGGGAGTATTTTTGCCTTTTTATAAAAAAACTTGGAATAAAAATACCACTGCTATTATATTCTCATTGTTAAAAATATTGGCACTTCCATTTTTATTAATGGTTCTATTTAATAAAGGACCTGAATTTTTAATGAATAAAGATGTTATACCATTTATATGGAATAAAATTGTTATCCCTGTAACAACGATAGTTCCTGTTGGTTCAATATTTTTAAGTTTAATAATAAGTTATGGACTTATGGAATTTGTTGGAGTATTTATGAGACCTGTTATGAAACCTATTTGGAAAACTCCAGGAAGGTCTGCAATAGATGCTGTTGCTTCATTTGTTGGAAGTTATTCATTGGCACTTCTTATAACAAATAGAGTTTATAAAGAAGGGAAATACACAGCAAAAGAAGCTGTAATTATTGCAACTGGATTTTCAACAGTTTCAGCTACATTTATGGTAATTGTTGCAAAAACATTAGATTTAATGGATAGTTGGAATTTATATTTCTGGCTTACAGTAATAGTTACATTTTTAGTTACTGCAATAACTGCAAGAATTTATCCAATTAGAAATAAGTCAGATGCTTATTTTGAAAATCAAGAAGGAGATATTGAAAAAGATATTCCTAAAGATAAATTTAAAGTAGCATTTAATGAAGGAATGGAAGTTTGTGCAAATAGTGGCTCTATCTTAGAAAATGTTATTATAAATTTAAAAGATGGGGTTATGTTGGCTTTTAATATAGGACCTTCTCTTATGGCAGTAGGAACTCTAGGAATAGTTTTGGCTAATCACACTCCTATATTTGACTGGATAGGATATTTAGTATATCCATTCACTTTAATATCTGGATTTGAAGAACCTCTTTTAACTGCAAAAGCATTAGCATTAGGAATTGCTGAAATGTTTTTACCTGCTGTTTTAGTTACAAAATTAAGTTTTGAAGTTAAAATGTTAGTTGCAATAACTTGTGTATCAGAAGTTTTATTCTTCTCTGCTTCAATACCTTGTATGATGGCAACAGATATTCCTATAAGTTTTAAAGACTATTTAATAATTTGGTTTGAAAGAGTTGTACTTTCAATTTTAGTTTCTATACCATTAATTTACTTAGTAAAAGTTTTAATGTAAAATAAAAAAATTGTTACAGATATAATTATTGTATCTGTAACAATTTTTATTTTAGAAGAAGTCTTCACAAGATTCAGTTAAATCAGTACAAGCATTTGGATCATACTTTTCTACAGCAACAACCTTTATTTCTTCATCTATTGTTTTCTTTGCAAAAAATCTATCATAGATAGCAAGAAAAATAAATCCTACTCCTAATCCTAAAAAACTTCCAAGTATTGATTGCATCTCTGAAAATCCTAAATGATCAGCCACTATATAACCTAAAATCATAAATATTGGTGGGAAAATATATGCTATAAAAGCTGCTTTAACAACATCTTTTTCAGAAATTTCTAAAGTAACTAAATCCCCCAATTCTACCTTTTGATTTATTTTAAATTCAAAGTTACTTCCCATTTTATTAGTCTCACTACAACAGCTACAATGTGAACAAGAAGAACTTTTATATAATCTTACAGCAACTGTATCACCATTAATTTTAGTAATTATCCCTTTATTAACCATAATAAACACCTCTCTTATTCTTAAATACACTCCAATTATATCACAAATTTTAAAAAAGTATATCTTATAAAATTTGTAAAAAATAAAAAAATATTATATAATAAAAAATCATTAAAAAAGAATTTTTGATTATGTATTAATTGAAAGAAGGAAATGATATGAGAAGATTTCAAAATGCTACTATGGAATATAATGCAAGTAAAAATGATTTAGTAATCAGAGATGTAAATACAAATGGAATATTTTTTGCAATTGAATTCTTTGAAAATACTAAACAAATTAAAAGAGTTTTTACTTTATATCCTGTTAGCATTGAAATAAAAGAAAATAGTATATTAGAATTAAAATTTTCAGTACAAAATGAATCTAACAATCAAAGTTTACTGACTCTTATCCTTGAACTTAATCAACTTGTTGCTGATAAAAGAAGTGTTATAAATATTTCTGATGAAGATTTAAATAATATCACATTAAATTAAGAAAGATGTTTTATTACTGAAAGTACAGTTTATAATTTTTATAAATAATATATTAAAAAAGTCTAAAAAATATCAAATTAAAAAAAATTTTTATAATTGAACGATTTTGATAACTATGTTAAAATATATGAATAGTAAATAAATTTAAACTATAAATCTGGAGGAGAAATGAATAAAAAGAAAATTTTATTATTTATCTTAATGATGGCTATGTCTTTTAATATAAATGCAGCACAAACTGGATCGTTTGCTGAAACAATAAATAATGAAAATATTGAAGTCATTGCTACTTATGATAATGAAATGCCACAAGAAATAAAGAAAGTTTATAAACCCAAACATACAGGAGAAGGTGTTTCATACCTTGATTATATTTTTATTAAAGCAAGAGTATCAAATTTAAGAGAAAAACCTGATCCAAACTCTCAAATTGTTGGAAAATATACTTATGATAGCAAATTGAAACTTTTAGAAAAAATAAAATATCAAGGAAATATATGGTATTTAGCTCAAGATGAAAATGGTGTTAAAGGATACATTGCAGCAAGTCAAACTGAAAAAAGAGATTTTAGATTCCAAATGGCTCTTGATAAAATTCATGATTTAGAAACTTTTATAAATAAATCTCTTGATGATGGTGCAACTTTAATGAGTGTTAATACTTATGCACCAAATCCAAGTAATATAAATCCTAAAAGACAAAAAGATAAATATGGAACAAG
NZ_CP084154.1_gap59	1873023	1873719	696	AATAGATACAATAGTTGATAACTATTTATTAATCTTAGATGAAGTTGAAACTGAAATAGATGACATTGAAAATAAGCTAGTTGAAAGTGCTGATAGAGAAGATTTAGAAAATATTTTAACTTTAAAACAAAATATAGCTATTTTGAAAAAATTTATTTCTCCAATTAGAGAACTAATTTCAAAACTACAAGCAAGAAGCATGTTAAATTACTTCCATGAAGATATGAAATATTATCTAGGTGACTTAAATGACCATGGAATTATAGTTTTTGATACTGTTGATATGCTAAACAATAGAGCAACTGAACTTATTCAGTTATATCATTCAATGATAAGTAATACAATGAATGAAGTTATGAAAATCTTAGCTATTATTTCAACTATATTTATGCCATTAAGTTTTATTGTTGGACTTTATGGAATGAATTTTGAGTATATGCCAGAACTTAAATGGCACTATGGTTACTTTATAACTTTAGGCTTGATGGCAGGACTTGTTATTTTAATGATTATTTACTTTAAAAAGAAAAAATGGTTTTAGAAACTTATTTAAGTTTTCTAAAACCATTTCAATTTTTATTCTTTATTTTCTTTATCACTTGTATTACTATTATCACCAGTAAGTGTATTTTCTAAAGTAGCTTCTTTATTTTCAGTATTCTCAGGAATAACTGGAGAAACTTCAACTTTCTTATA
NZ_CP084154.1_gap60	1998823	2001020	2197	ATATTTTACAAGAAGAAGATATTTTCCTTGTAAAAATGAAAGTTGAAGATTTTTTTGAAAAAGAAACTTGTTTAAAAGAAATTGAAAGAGTTATTGCTTATATAAAAAAAGGTATTGCTAGCTATGATTTATTTCTAGTTACAACAAGTCCAATTGGTGATGAGAAAAAAGCTGATTTACAAAAACTAGCTGAAAACTTAAATACAACTGTTGAAGAAATTTCTAAAATTATAGCCAATACTTTGACTGAAACTGTTGTAAAAATTTTAAAAGAAACAGAAAAATTTGAAGGTGTTTATAGTTCTGGTGGTGATATTACAATAGCTCTTTTAGAAAAATTAAAAGCAATTGGAGTAGAAATTCGTGAAGAAGTCATACCTTTGGCAGCTTATGGAAGAATTATAGGTGGAGATTTTCCCAACTTAAAATTAGTAAGTAAAGGAGGTATGGTAGGTGATGAAAAAACAATAAAATTATGTCTACATAAAATTAAAAATGATATTTAAAAGTTATAAAATTAGGAGGAACATATGAAAACAAAAATAGCCATCCCTATGGGAGATCCTGCTGGTGTTGGACCTGAAATTGTTGTGAAAACAGCTGTTTCAAAAGAAATTTTAGATTTATGTGATTTAGTAGTGATTGGAGATAAAAAGGTTCTTGAAAAAGCCACAGAAATTTGTCAAGTTGACTTAAAAATTCACACTATAAAAAATGTTGAAGAAGGAAAATATGAGAAGGGTATTCTAAATGTAATTGATTTAGAAAATGTAGATATGAATACTTTAGAATATGGACAAATACAAGGAATGTGTGGAAAAGCTGCCTTTGAATATATAAAAAAGTGTGTTGAACTAGCAATGGAACATAAAGTTGACGCTATTGCGACAACTCCAATTAATAAAGAATCTTTAAAAGCTGGAAATGTTAATTATATAGGACATACTGAAATATTAGGAGATTTATCAAATTCTAGAGACCCTTTAACAATGTTTGAAGTTGATAATATGAGAGTTTTCTTCTTAACCCGTCATATGTCATTAAGAAAAGCTTGTGATGCTATTACAAAGGAAAGAGTTCTAGAATATATAGAAAGATGCACAAAGGCTTTAAAACAATTAGGAGTAAGTGGAAAAATGGCAGTAGCTGGATTAAATCCTCACTCTGGTGAACATGGACTTTTTGGAGATGAAGAAGTTAAAGAAATAACTCCTGCAATAGAGGAAGCTCAAAAATTAGGTTATGATGTAGTTGGACCTGTTGGAGCAGATTCGGTTTTCCATCAAGCTCTACAAGGAAGATATGTAGCTGTTCTATCTCTATATCATGATCAAGGACATATTGCTACAAAAACTTATGATTTTGAAAGAACTATTGCTATAACTTTAGATATGCCATTTTTAAGAACTTCTGTTGACCATGGAACTGCTTTTGATATAGCAGGGAAAGGAATTGTAAGTGCTGTTAGTATGATAGAAGCTGTAAAATTAGCTGCAAAATATGCACCAAACTTTAAAAATATAAAATAGAAAGGAAGGGATACTATGGAACAACAAATTTTAATTGGTTTATTAGTTGGTATTATTTGTTTAATTTTTATGATTATAAAAACTAAAATTCATACATTTTTAGCTTTAATAGTTGCAACTATCATAGTTGGAATTGTTGGGGGGATGGAATATCCTCAAATTATTGGTAGTATCACAAAAGGTTTTGGTGGAACTTTAGGAAGTATTGGAATCATAATAGGTTTTGGGGTTATGATGGGACAACTTTTTGAAGTTTCTGGAGCTGCAAAAAAAATGGCTCTGTGTTTCTTAAAAATTTTTGGAAAAGGTAAAGAAGAGCTAGCAATGGCTATAACAGGTTTTTTAGTTTCTATTCCTATATTTTGTGACTCAGGTTTTGTTATTTTAACTCCATTGATAAAAGCTATTTCTAAGGAAACTAAAAAATCAATTGTATCTTTAGGACTAGCTCTTGCATCAGGATTAGTAATTACTCACTCTCTTGTCCCACCTACTCCTGGTCCAGTTGGAGTTGCTGGAATATTTGGTGTTAGTGTTTCAAGTATAATTTTATATGGAATTATAATTTCAATCCCAATGGTATTAGCTTGTTTAGCGTTTGCAAAATATGCAGGAAGTAAAATTTGGCAAATTCCTACTAGTGATGGAAAATGGACAAGAGATAAAAA
NZ_CP084154.1_gap61	2003712	2005395	1683	TTACTATACTATCTATTGCAGTGGGTTGATCTCCAGTTGGCTTATAATCTGAATGTATTTTAAATAAATTATTTTCCATAATCTTTACCTCTTTTCACCTAATCCCCTAAGGGTGAGGAGTTTTTATTTTCTTCTATGCTTCCACCAAAATAATAGTACTATCAATACTAATAAAAGTATTGCTCCACCATTAAAATTGATTGTCTCCACATAAATGACCATAAAATCTCCTCCAGTATAATAAATTTCTACCTTGCTTAAGGGTAGAATAAAAGCGTCCATAGAAATGAACGCCTTTGTCCTAAGCTTAAATTAATATTTACTACACTGGATTTAACCCTTAGGGTTATTACTATATTGATTATATAAAATTATATATAAAATGTCAATAAAAATAAATATTTTCAAAATAAAGCTAGTAGTATTATAATTCTCTAATCTCTTTGTTTTATATTTTTATATATTACAATTATAACTAAAAAAACTATATAAATATATATCAAATTTTTACTCTCATGCTCAACTGATAAATAAGGTAATTCTGCAAAGAAATCTATGAAATAAATTAAAATCTTATATAGAATCTCTATAACTGATTTTAATAAGAATGATAAATAAAAATTTTCTAAAAATAATGCTATATAATTTATTGTAATATAAAAACTTGCTAATGGCAAAAGTATTAAATTTGATATCACTGATAAGAATTGTATGCTATTAAAATAATAAACTGTTATAGGTATTAAGAATATTTGAATAGTTGTTGTAAATAGAATATAATCTAAAATTTTAAATTTCTTATAATTTATCTTTCTAATATAAGGAAAAATATATATTATTGCTATCATAGCTCCATAAGAAAGTTGAAAAGATACAGAAAAAATAACTGTTGGATTAATGAAAATTGATACAACAGCACTTATAAATAAGGTCTTTCCTAAATCAACTTTTTCATAAAATAATTTTCCTAGTAAATAAACTACAGCCATTATATATGCCCTTGTAAATGAAGGACTTTCTTTAACTGAAAGATAATATAAAGTGATTGAAGTTAGAAGTAAGATTTCAATTAGTCTTTTATTTCTTATACTTTTCTTAAAAATAAAATAAAAAATAGCAATAACCAATCCTATATGTAGCCCTGACATGGCAAAAATATGGGATAAACCTATATATCTAATTTTTTCCTTTAAATCTTTTCTTATTCTAGTATTATCTCCTAATAAAATTGCCCTATTTATATTTTTAGTCCCATAAGAATAATCTTCTTCTGCTCTATTAAAAAGAGTTTGAAGATATTTTTCTAAAAAATTATCTTCTATTTTTGTAGATTTAATATCTTCAAGCTCAACAAAATAAATATTTTCATATTCTTTAATAGATTTTACTAAAAAATATCCTTCATATTTCCCATTTTCTTTATATCCCAATTTTCCATATATATTTTTTAAAGGATATTTATTATTAATTTTTAAAACCTTAATTTTCCCATCTTCAAGACTTAAATTTATTCTGTATACTTCTTTTTGAAAAATTTCTGTTACTCTAACTGATAATGAAAATCTAAGCATTAATATAATAAATAAAATCATTAATAAGAATAACTTTTTCATAAGAACTCACCTATATATTATCTTTTCTTGCTATCTGAATATTTATAATAAAAAATAAATGAAATTATAA
NZ_CP084154.1_gap62	2009870	2010767	897	TAAAGAAGAGAGAAAATGGTTGTGTCAAAATAATTGTAAAGAAAATTGATAAAGATATTGAAGTTATAATTGAAGATGATGGAGTAGGCATAGAACAAACTGTCATTGATAATTTAGATAAACAAATACAAGAAAATATAGGTCTTAAAAATGTTCATCAAAGATTAAAACTTCTCTACGGAGAAGGGCTTGATATAAAGAAATTAGAACAGGGAACAAGAATAAAATTTAAAATACTTGGAGGTGTAAAATATGATTAATTGCATAATTGTTGAAGATGAATTACCTGCAAGAGAGGAATTAAAATATTTTCTAAATGAAGAAAAAGAAATTAAACTTATAGCTGAATTTGATAATCCTTTAGATACTTTAAATTTCTTAGAAAATAATACAGCTGATGTAATTTTTTTAGATATTAATATGCCTGATATGAATGGAATTAGTTTGGGAAAAATAATTACTAAAATGTATCCAGATATGAAAATAGTTTTTATAACTGCATATAAAGATTATGCTGTTGATGCTTTTGAAATAAAAGCTTTTGATTATCTTTTAAAGCCTTATTCAGAAAGCAGAATTAAAAATCTTTTAAAATCTTTGGTAAATATGAAAACTGAACTTACATCTTCAATTAAAAATACCAATTTAAAGAAGATAACTGTAAATATTGATGAAAGACTCTATGTTATTTCTTTAAATGATATTGATTATATAGAAGCTTCTGAAAAGGAAACTTTAATATTTTCAAATCAGAAAAAATATGTAAGTAAAATTAAAATTTCTAAATGGGAAGAAATGTTAAAAGGAGATAATTTTTATAGATGTCATAGATCATTTATTGTCAACTTAGATAAGATAACTGAGATAGAACAATGGTTTAATTCATCTTGGATAATA
NZ_CP084154.1_gap63	2012737	2015902	3165	AGAATTAAAATCTGCTGTAGATGATTTTTCTAAAGGAAATTTAGATTTAATTATAAATTCTGCTGGAATATATACTAACAACAGAACTACAAAGCTAACTGACAAAGAAGCCTATGCCATGATAGATATAAACTTGACAGGAGTTTTAAATACTTTTGAAGCAGTAAGAGATATGATGTTTAAAAATAACAGAGGACACATTGCAATTGTTTCATCTGTTGCAGGTTTGCTTGACTATCCAAAAGCTTCTGTCTATGCAAGAACTAAAATGACAATAATGGGAGTTTGTGAAACATATAGATCATTTTTTAGAGATTACAATATAAATATAACTACAATAGTTCCAGGCTATATAGCTACTGATAAATTAAAATCTTTAAGTGAAGAAGACATTACAAAAAAGCCTACTGTACTTTCTGAGGAAGAATCCACAAACATAATAATAAAAGCTATTGAAGAAAAAAAAGAAAAAATAATATATCCATTGAGTATGAAAATTTTAATTTCAATAATAACAAAATTACCAAAGAAAGTTTTAACTTACATTTTAATGAAACAAGCTAATTGGGATAAAAAATAATTATTGAAATTCTCTGGATTTCTTATTATAATATAGAAAGTATTTTTATTTTACATTTTACTAAATAATATTACACTAATGAAAGGAGTTATGGGAATTTACCCATATAAGTTTTTAATATGCCTAATATACTTGAAATGATTGATAAATTTTTAAATTTAAAATTTGCTGGTGAATTAACAGTTGAAGTTGTATGTTTTAGATTAGTTTTAGCTATTATTCTTGGGGGAATTGTTGGCTATGAAAGAGAAAAAAATAATCGTCCTGCTGGTTTTAGAACACATATTTTAGTATGTTTTGGAGCTGCTATTGTATCTATGATACAAGATCAATTAAGACTAAATATTCTTGATTTAGCTAGAACTGAAGGAAGTGCTGTTGCCTCTGTTATAAAGACTGACTTAGGTAGACTTGGAGCTCAAGTAATAAGTGGAGTTGGTTTCTTAGGTGCTGGTAGTATAATGAAAGAAAAAGGTGAAACTATCGGAGGATTAACAACTGCTGCTGGAATTTGGGCAACTGCTTGTGTTGGTTTAGGAATAGGTTGGGGCTTCTACAATATTGCTATTGTTGCAATATTATTTATGATAATAATTATGGTATCTTTAAAAAGAGTGGAATCTAAATTTGTTAAAAAATCAAGATTATTAAAATTTGAAGTTAAATTTTTTGATAGTGATGATTTTGCAAATGGACTTATAGAAGCCTATGAAATTTTTAGACAAAAATCTATAAAAATTTCTGAAATAGATAAATATCAAGATGAAGGTATAGTAACTTTTACAGTGAGTATGAAAGGAAGAAATAATATATCTGATGTTGTTGTTTCTCTTTCATCAATTAAAAATGTTGAATATGTAAGGGATGTATAATGCGTGTTATAGGAATTGACCCAGGTACAGCAATAGTTGGATATGGAATTATAGATTATGATAAAAATAAATATTCAATAGTTGACTATGGTGTTGTACTCACTTCAAAAGATTTGAGTACAGAAGAAAGATTAGAGATTGTATATAATGAGATAGATAAAATTTTAAAAAAATATAAGCCAGAATTTATGGCAATAGAAGATTTATTCTATTTTAAAAATAATAAGACTGTTATTTCTGTTGCTCAAGCAAGAGGTGTTATTTTACTTGCAGGAAAACAAAACAATATTGCTATGACAAGTTATACTCCACTTCAAGTAAAAATTGGAATTACTGGTTATGGTAAGGCTGAAAAAAAACAGGTACAACAGATGGTACAAAAATTTTTAGGACTTTCTGAAATACCTAAACCTGACGATGCAGCAGATGCTTTGGCTATTTGTATCACTCATATAAATTCACTAGGCTCTAAATTAAGTTTTAGTGGAGCAAATAATTTAAAGAAAATAGTAGTTCCCTCTGGTACAAATAAAATATCTCTTGAAGAATATAAAAATTTACTAAAGAAATAAGGAAAATTTATGGAAAATATAAAAATTTTAGTTCTTGATGTTGATGGAACTTTAACAGATGGAAAAATCTATGTTGATGATAAAGATAACTCTTTTAAAGCTTTTAATGTAAAAGATGGTTTTGTTCTTGTAAATTGGTTAAAACTTGGGGGAGAAGTTGCTATATTAACAGGGAAAAAATCTAATATTGTAGAAAGAAGAGCTGAAGAACTTGGAATAAAATATATTATTCAAGGCTCTAAAAATAAAACACAAGATTTAAAAAAATTATTGGATAGATTGAACATAAGTTTTGAGAACACAGCCTATATGGGAGATGATTTAAATGATTTAAGTGTTATGAAAAATGTAGGCTTATCTGGTTGTCCTAAAGATTCTGTACAGGAAGTATTAGAAATCTCTAATTTTATTTCTTCTAAAAATGGTGGAGATGGTGCTGTAAGAGAATTTTTAGAGTACATTATGAAAAATAATGGAATGTGGAAAAAAATCTTAGAAAAATATTCTAATGAGTGATACTTTTGTAAGGAGGGAGGAAAACCATGATTAATTTTGAAAAAATTAATAAAATGATTGATTTAATTGAAGAAAGTCAAATAATGGAAGGACTAACTTTCAATGAATTTGCAATGGAATTTTATTCAGAAGTAAAACTTGTACCTTTATCAAGATATCTAAAAACAAATAACAGAGTAAAAAGAATGCCTAAAATTATGAATATGAGAAAAGCAGGAGAACTTTTATTATTTACAAAAACTGATGATGAGACTTTAAGTTTTTTAAAAAGAAAAGGCTATAGTGAAATACCTAGTCTTGATTATAAGACTATTATGTTACTTAGAAAACTTGACCCTATTGATAACTGGAAAAAAGTTTTAGCTTTCTTCAATGGAGATAAGACAGTAGAAGAAATTAATCTATCAACAAGACCTATTCTATTCCCACAAGAAATTAAAAAACTTGAAGATTATATTAAAGATGAATTAAATTTAAATGATGATGATTTTGAAAAATTTATGAGAACTTGTTCTGTTGCTATTAAGAATAAGGAGATAATGAAGGCTATAAAAAAATTAAGTAGATAATATAAAAAAGGGGAGTTCATTTTCCCTTTTTTCATATATTTATTCTTATAATATAA
NZ_CP084154.1_gap64	2192124	2194604	2480	TTCCTCCCTAATTTTTTATAATATTTTTTGTATTATAAAGTTTAAATTTCCTTATGTCAAATAAAAAAACAGGAAATTGATTGAAATATTTTCAAAAAATTTCCTGAAATTTTAATAATTTTATATTATTATCCTTTTTTTACTAATGGTTTTCCACAACAAGTGAATTCACAACATTCATGAGCTTCATCATGAGTTTCACAATTATCATTAGTTCCACAGTCACATGCTTTTTTCACTTCTATTTCAAAGTCACAACATTGACATCCATATACTTCACCTTTTTTCATATTTTCACAACTTGCCATATTATATCCTCCTTAATTTTTTGTTTGATTGAGTACTTATTCAACTGTACGTTTGTATAGTATCATTAAACAAAAATTTTGTCAACTATTTTTTTACTAATTTTATAAACTTTTATTTTTTACTTGATTTTCTCATTAATTAAGACTAAACTTAATTATGACTATTTAACTTATTTTTTAGTCTAAATATAATAAATGATTTTTGTAAAAAGGAAGTAGTATATATGAGATTAAATAGAAGATTAACATTTTCAGAAGAACTTGGAAATACAATTACACATGGAGTCATGGCAGCTGCTACTTTGATATTATTGCCTATTGGAAGTCTATGGGGATATTTTCATGGTGGTTATGCTGCTGCCACTGGAATAAGTATTTTTATTATGTCTTTACTTTTAATGTTTTTAAGTTCAACTCTTTATCATGCTATGTATCACAATAGTAAACATAAAGCAGTTTTTAGAATTTTAGATCATATCTTTATTTATGTTGCTATTGCAGGTAGTTATACACCTGTTGCTTTAGTTATAATTGGTGGTTGGAAAGGTATTTTAATTGTTGTTATACAATGGGTAATTGTATTATTTGGAATATTATATAAATCACTAGCAACAAGAGCTATGCCAAAATTAAGTTTAACTTTATATTTAGTTATGGGTTGGACAGCAATATTCTTCTTTCCTACACTTGTCAGAAGAGCTAATACTGTTTTTCTTGTAATGGTTATATTAGGTGGTGTTATGTACTCAATAGGTGCTTATTTCTTTGCTCATGATTATAAAAAATACTATCATATGATATGGCATTTATTCATAAATGTTGCCGCTATTCTACATCTGATTGGAATAGGTTTTTTCCTATATAGGAAGTAATTTAAAAAGGGCATAAGCCCTTTTTATTATACATATTTTCTTGCAACTTTTATAACTTCTTCTAATTTTTCATTTGAAAGATTTAAATTCTTCAAATCTTCAATCATATTTTCTACTCTTTGTTCTTTTCCCATTATTGCTTTAAATTGGTCTTTTTTTTCTCTTATAACATTATCTATAAATTTTTTCATTTTTATTCTCCTTCTTATTTAAAACTAAAATTTTTATTGTACCTCAAAAATAAGCTATTACTGATAATAGTCTTTATAAAATATAAAATTTTAATTCTATCTAAGTCAAAGAATAAAAGTATATGTTACCAAGACAGATGTGCACATCTGCCATGTAAGTAGAAAACAACTGATTACGAAGTTTAAACATATTACACATCCCCCTTTACTTTTTTATTTAAGATTTTTAATCTTGACTGATTTAATTATATATTATTTTATCTAAAAAAGCAATAGTAACAAATACAATTACATTAATAACTCTTTCATAATATCAGGATAGTTAGTTATAACTCCATCAACTCCTAACTTTACTAAATAAGCTAAGTCTTCTTCTTTATTTACTGTCCAAACAAAGACTTTTATACCCTTTTTATGTAATATTTCAACATCTTCTTTAGAAATAAGATTTATTTCTGGATGATAACTATAAGATTTTAATCCATTAGTTGATAAATATTTTTCTATTTCTATAAATTCACTATCAGTTAATAATGCTAATTTTAATTTGGGTTCCAATTCTTGCAATCTTTTGATTTTATCATGATGAAAAGAAGAAACAATTATATTATCAAATTTTTCTGGATATTTCTTTAAAACTTCTAACATTTTTTCTTCTATATTACTATGTTTTCTTGCTGTATCTTTAATTTCTATATTTAACATCATATCATTTGGAAGTATATCTAAAACTTCTTCTAAGGTAGGAACAATCTCCCCTATAAAATCTTTTGTATACCATTGTCCTGCATCTAAAGACCTTATATAATCAAAATCTAATTCGTATACAAAGCCTCTACCAGTTGTAGTTCTATCTACTTTCCAATCATGTATAACAACTATTTTTCCATCTTTTGTAAGTTGAATATCTATTTCTATACCATCAGCTTTCATTTCAATAGCTTTTTTAATAGCTGTTAAAGTATTTTCTGGTGCATAACCTGATGCTCCTCTGTGTGCAAAAATTTTCATATAACTCATCTCCTTAATATAATCAAATCATATTTATTTAAAAATATACAGTATATAGTTAAACATATATTATCAATTATCTTTCTTATTGTCAATTT
NZ_CP084154.1_gap65	2281570	2286567	4997	ATTTAAAACTTTTTCATAATACCATAATGCTTTCTCTATTTGATAAGCTTGACACTTTTGATATGGTTTTTGTTGATGAATTAATCCCCAAATTGGTCTTGTTTGAATATTTTCTGAAACTAACTTTTTTAATAATTCATCTTTATTTAAGCCATATTTTTTCTTGTCTACTACAAGTGAGTAAAACCAATAGTTAGGTCTTATTCCCTTTCTAAAAGTTAATAATTGTAAGCCTTCTATTTTATTTAATTCTTCTCTATATAAATAATAATTTTTAGTTTTTGTCTCAATAAAACTTTCTAGTTCATCTATTTGGCTTGTTCCTAATGCTGCTTGTAAATTTAACATACGATAATTATAACCTATTTCATCATGAATAAAATATAATGGATCTTTTTTAGCTTGTGAAGATAAAAACCTTACTTTTTCAACTAAGTCATAGTTATCTCCTACAACCATCCCTCCACCACCAGTAGTAATAATCTTATTTGCATTAAAAGATAAAACTCCTATATCTCCCATAGTTCCTGCAAATTTTCCTTTATATCTATCTTCTGTATAATAAGTTCCTAATGCTTCTGTAGCATCTTCTAAAACTTTTAAATTATACTTTTTAGCAATATCAATAATCTTTTCCATATCTGCCATATTTCCAAAAACATGAACAATTACTAATACTCTTATTTTTCTCTTAGTTTTTTTATTAATTAGTAGTCCATCTATAAAATCACATTCTTCTGAACAAAATTTTTCTAATTTTATGGGATCCATGCACAAACTATCATCACAGTCTATGAATACTGGATTTGCACCCAAATAAGTAATAGGATTTACTGCTGCAATAAAAGTCAATGTCGGTGCAATTACTTCTTCATCTCTGTTAACACCAAGAACTTGGAGAGCCATATGTAATCCAGCTGTTCCACTTTGGACACCAGCTGCATTCTTTACTTTTAAGTATTTTATTACTTTTTCTTCAAACTCTGGTATAAATCTACCTCCAGTAGAAACCCATCCACTTTCTAAACATTCTTCTAAATTTTTTAATATTTCTTTTTTATTTAAATTAGGTATAGATAATCCTATATTTATATTTCTTAATTGAGATAATAAAGATTTATTAATATCTAAATCTTCTATATTTGGTAATATATATGTAACAGTTTTTTTATTATCTATCTTCTTTTGAATTTTTTCTTTTATTTCTTCAGTAGACATTTCTGTTGTTGCAATTATAATAACTTCTATATTCAAATTTTCTACATATTTTTCAATATTATCATAATTTCCTAAAATTAAAATTCCTTTTTTTTCAATGCCAAATTTATCAGAATCTTTATCTAAAATTCCTTTTATATTTAACTCTTTTGTTTGTAACATTTCATCTAGTATCTTTTCACTTGCAAGTCCTGCACCAATAATTAAAGCATTTTTCATAATCTACCTCCTTTAAATTTTTTAACCTTGATAAAAGTCATTTGTATCTAATCTTGGTAAAGCATAATATTTATCCTTATCTAAATCTACAATAGCTACTTCTGTTGTAAAAGCAAGAGGTATCTTATATTTTTTTATAAGCTCTATACTCTCTTCATTATACCCGCCATATGGATAAGACAGCGTCATTTTTTCTGTATTAATTCCTATTTTTTTAAAATAATTTATAGAAGATTTTATTTGAAATTCTTGTTCTTCTTTAGATAATGAATCTAACCAAACATGGTTATGGCTATGGAAACCTATATGCATTCCAAGTTTCTCCATTATTCTTATTTGTTCTGGTGTTAAATAAAGCTCTTCCCAAAAAGCTCTTTCTGATATTATTTTATCTCCTATTGAACAAACATATTTTTTAAATAATTTATCTACTAAATTTTCTCTATAATCTTCAGGTAAAACTACTTGTAACATTCTTTTTATAAAAATAACTTCTTTTTTATCAAAACGAGAAGCAACTGCATACTCTTGAAAATATTCATTATATGAAAGTGATACTCTAATATCTTTGTTAATTTCTAAATACTCCTCTATTTCTTTTAAAATTTTTCCTTCTTCTCCTATACAACTTTCTAAGATAAAATGTATCTTATTAACATCTAATACTTTTTTATCTTGAAAACATTTTGTCGGAATGTAAAAAGAACCTTGAATATTATTTTCTAATAAAACTGGCAGAACATATGTATAATGATCCTTATATCCATCATCAAAAGTCAATAATATAGCCCTTTCAGGAAGTTTTTTCTCCTTAGGATTTTTATAATAAGTAATTATATCTTCTATTTTTATAAAATTATAATTTTCTTTAAAAAATTTAATCTGCTTTTTAAATTTTTCAATATCTAACCCTTTTATATTAGGATATCTACTATTTTTTAAATCTCTAACATAGTGATACATAACAACAGTTACTTCACTCTTCATCTTTCTTCTCCTTAACTATACTAGGTCTATCTTGATCCCCATCACCCTTAAACATTCTGAATTTATCTTTGCAATTAGACATATAATATATCTCTATATTTTCTTGTACAAAGGGTTCAAAATAATTTGGAATAATATTAACATCCTTTTCCACTCTTTCTAAAAAACCACTATTTTCTAAAATCTCATCTTCTATTCCAACTTCATAAATGTCTACATATTCATGTTTTTCTTTTAACATTTTATCTATCAAGTAATTAGTAAGTTCATTAAATTCCTTTTCTTCACCTAAAAAATCTATAATTCTTATACAACTTCCACCATTTTCTTTTACTATTCTATAAACTAAAATAGAATTTGTAACTTTAGACTTCACTAAAATATGATATTTATAGTAAGGGTGTTTAAAGTAACGTTTATTAAAATATTCAGGCGATTTATAAAAATTATATTTTTTTAATTCTTGATAATCTATTAATTTTAAAAGTTCTTCTATATTTTTTACTTCTATTATATCTTTAACATTTTTATAATCTATTTTTTTTATATTTTTTTCTGATATTTTAGCAATTTTATAATCTTTAATTTCTGGATTTAAAATATAAAAATGCTTTAATCTTCCTGTTTTTATTCCTAAAAATTCATATATAGGTATTGTTTTTTTATTTATCCCACAAGAAGATACCGATTTATAATCTGCATTTAGTAAAAACTGTAAACATTTTAGACCATCATCCATTTTCCCAGAATTTTTCCAAATAACTGTCCAGATATCTCCTTTATTATCATAATCAAAATAACCTAATGTAGCAACTATTCTGTCATTATTTTTAGCTAGTATAAAATTACTATTATCTGAAAATTCATAATTAAAATATTTCTTATCTTTAAGATATATATGATTAATATTCCAATTTTCTTCTAAAAATTTGAAAAGATCTCCTTTGTCTAATTTTTTCATATACTCTATCATATTCTATATCTCCTAATATTCTATATACTTTCTCCTCCTGATAAATTAAAATTATTTCCTGTTAAAAATTTACTATTATTTGTTACTAAAAAATCTATAAATTCTACAATTTCTCTTTTAGTAATTAGTTTTTTTAAAGGATGAGTTTCTTTTGACATCTCTTTTACTAAGGGATCTAAATTATTTAAGAGTTTACTATCTATCATTGATGGAGAAATTCCATTGATTTGGATTCCATATTCTCCATATTCAGATACAAGAGATTTTAAAAGACCTAATAAAGCATATTTCATTGAAACATATTCTGCCCAAAATTTTGGTGGTGTAGAAAAAGTTACACTTGATAGAATAAATATAATTTTACCTCTTTTTTGTTTTTTCATTTTTGGTAATATATTTTTTAAAATTTCAATAATTGATAAAAATTGTATTTTAAAATGTATTTCATAATCTTTTATTTCTTTTTTATGAAATCTCTCCATTTTTATTCTTGGAGTTGCAAAATGTAACACTGTACTAATATCATAATCTTTAGATATTTTTATAATTTTATTAGATACATCATCCATATCTGAAAAATCACAAAAAATAGGTACAATTTCTAATGTATTATTTTTTAATTCTTCTAATCTTTCTTTTAAATCATAATAAAAAGCTATTACTATTTTTTCTTGATTTTTTATTAAATTTAAATATTCAAATGCTAAATCTGAGGTAGCTCCTGTTATTAAAATAACTTCTTTCACTCTCTAACACCTACCTTTATTTTTGCCTTAGAAATTACTTTCCCATCTTTTGTTTTTATAGAAGCCTTTATTTCAAGTCTTTTAAATGTGTCATCTTTTTCTGTTATAGTCCCAGATACAACTAATTCTTCTCCTATATATAGAGGATTATTAAAGCTTACTTTTATTTCCTGTAAAAGACAATTTTCACCTGGTAAATATACCCCAACTAATGTAGAATAAAAACTAGAAGTTAACATTCCATAAACTACTCTGCCTTTCATGTTAGATTTCTTTGCATATTCTTCATCACAATGTAAAGTATTGTTATCTCCACTTAATTTTAAAAATAATTCCATTTTTTCTTCTGTTACTATTTCTGTAAATTTAAATGATGCTCCTACATCTAAATCTTTAAATTTATAATAATTCATTTATTCTCCTAATTTTTCTTTTATCGCTTTTACCATATCTCCAACATTTTTATATTTACTAACTTCCTCTAAGTCAAAATTTACTTTAAATTCTTTTTTTATTGCAACCAACAGGTTAATTTGAGCTAAAGAGTCCCAATCTTCAATGTCATTAGCTGTTGTTTCATTTGTTAAAAGAATACCTTCATCATCAAAAACATCTCTAAAAATAACTTCTAGTTTTTTTAAAATATCCATGTTTAATATTCTCCCTTTTCTATCATACATTCTTTTACTTTATAATTTTTAATTTTTAATTCCCATGTAAAAACATTATTTTCTTCCTTTACAAAGTCAAATCCTAAAATCTTATAATGATCTTTTACCATAGAGTTCTTTTTACTTGGAATATATGTTCCTATTAATTTTTCTATTCCTCTTTTTTTAGCTAAATCTACTAAT
NZ_CP084154.1_gap66	2420257	2421179	922	TGCATATCTTTCTCCAGATGCAGTTTCAGCATTCTTTAATTCAGTTGCTTTTCCTTCTGCATCAGTTAAAGTTGCAGTAGCTCCATCAGCAGCAACTACTAATGTAAATTCCTTTCCATCTTCAGTTTTAAGTGAGAATGTTTTAGCTTCTGCAGCAGCTTCAGTTGCTGGTGCAGTAGTTTCTGGTGCTGGTGCAGCAGCTTCAGTAGCTGGTTGTTCAGCTGGTTTTTCTTCTTCTTTCTTTTCTCCACAAGCTACTAAGAATAAACTCATAGCTAGTGCTAACATTGCAAATTTTTTCATTGTTGATCCCTCCTTGATTTTCTTTCGTTATAATACATCATTTTTTAATAAAAATCAAGACTTTTTTTCAAAATTAATTATATTGGTATACATATTTTATTTTTTGTTCTTTTGTATATTTTCTAAAATAAGCGTTTAACTACAAAACTTTTTTCATTTTTAATACAGAGAAATTATCTTTTTACATATTTAAAATTTGAATAATTATTATATAATATATATATCAAAAATATTATTCTCTATATTTTTTCCATAAATTTTTTAACTTCTTCTTTAATTTCTGAAGCTGTTGATAGAGATAAAACTCTTTCAACTAAATTTTGGCACTCTTTTTTATCTAATTTCATAATAATTCTTTTTACTCTTGGAATTGAAATTCCTGACATTGAAAAAGCATCCAAGTCCATTCCAAATAGAAGTGCTACAGCATTTTCATCTCCTGCAAACTCCCCACACATTGAAATTTTTATTCCTCCCTCATGTGCACCATCAATTAACATTTTTATAGCTTGTAAGACACTTGGGTTATATGTATCATATAGATTTGCAATTTTTTCATTTCCTCTATCAACTGCCAAAGTATATTGAGTTAAATCATTTGTTCCTATTGAGAAGAAAT
NZ_CP084154.1_gap67	2485555	2490484	4929	AGGTAAAAATAAGAAAAGATTTTGGATTGAATTATAAAAATTTTAGGGCTGTTGCAACAGCCCCTATATTAATTTTAATATTATTCTATTCAATATCTAATTCTTTTTTTATGGCTTCTTGCAATAAATTAGAAAAATTAAGATTATGGCTCTTACCCATTTCATTCAACCAACTAGGAATAGTTACATTCTTTCTAACAGTAGCACTTTTACATTCATTGACATACTTCATCATATCTAAACTAACTAATGTTTTAAAACTTTCTCCTTCAATATAAAATTCTTTTTCATCTTCTGGAATTTATAATGATACTTTATTTATATCACTAGCCTTAGGTAGTTCTTTTCCTTTTATAAAGTCATCATATAAATAAGTTCCTATATAGTCTTCTGCCATCTCCATAGCTTGTTCTAATGTTTGACCTTCTGTTGCACCATCATCAAAATCTGGGAATACAACTACATAGCCTCCCTCAACTACCTTATGAAATATTGCTGGGTATATTAACATGATAATCATCCCCTTTAATTGAGGTACAAGCAATGCTTATTTTATACACCTCATATTAATAATAATTATTTATATGTATAAAGTCAATATATTACAAATAAAAATAGCACCTATTCCAGTAAGTGCTATTTTGCTTTTCTTTTAAATTTTTATTTCTTTCGCTAATTAATTATAACATAGAAAAAATACAAAATCAATGATATAATTTACTTGCTTTTCTTTCAGTTCCTCTTAATCTCTTTTAAAAAGGAGGTGAAAGAGTGAAACAATTTTTATTTCTAATTGCTATGATAGTAATAATTTTATTATTATTATCTAAAAATATCTATATAACTATTAATCTTTAATAGTATTATTAATATTTTATGTGGGTAGATAGTTCCAGCTTTCTACCTGCTTTTTAGTCTTTCTCCTATTCATATAAACTTTTTAAATCTTTAATAAATTCTTCTGGCTTTAAGTCTCCAGTTAAAGTTAAATAAACCTTTTCCCCTTTTGGTCTATATCCAGATAAATAAGGGAGACTTTGTGAACCTCCATATGAACTTCTAGTTTGATCATAAATAATAATATCAGCTTCTTTCTCTTTCAGTATAAGAAGTTCTTCAAAGTCTATACAATTACTACCATAATCTAAAAAGTCAAACTTATAATTTAGATTAAGATATTTTATTAAATCAGGAAATATTCTTGATAAATCATTCCAAGATAAAGCATCTCCAAAACAAACATATAATAATTTTTTCATTTTACACCTTTACCTTTTTTTATTTCTACTCTATTTTAAAAATCCTCCCAACCATCAATAGAAGAACTCATATTGTAGCTAGTTACTGTTCCTTCAAAGAAGTTAGATTTAACATTACCTTCTCCTTCAGTATCAGCAAATCTTTCTAAGTGTTTATATGGATTTTTATTGAAACCAGAGAATAGAGGTTCCAAACCTAATGATTTTAATCTTTCATTTGCAAGCCATTTTGTATAGGCTTCTGTTGTTTGAGAAGTTATTCCCAATACTCTATTTCCAATTATATGTTCTGTCCAAGCAATTTCTTGTTCAACAGCTGTTTTAAACATAGAGTATATTGTTTCAGCTGAAAAGAAATTAGGAAAATCATTTTTTATTTCTTTAACCATACTTCTAAAAAGTACAACATGTGATAACTCATCTCTATTGATAAGCCTAATAATATCAGAAGTTCCTACCATCTTATTTCTACTTGCAAGCAGATAGAAGAAGTTAAAACCATTATAGAAATACAATGATTCTAATAAGTAGTTTGCTATTATAACCTTAGCAAAATTTTCATCTGATTGTTCATCTATAAAATCTTGATATATCTTTGCAATAAAGCTATTTCTTTCAAATAATACCTTATCATCTCTCCATTTATCATAGATTAAATCTCTACTTTGCTTTGGAAGTATAGACTCTATTATATATTGATAAGATTGAGAGTGTATAGCTTCTTGGAAAGTTTGTATAGCAAGTAACAAATTCACTTCTGGTGCTGTTACATGATCTGAAATATTAGGTATATTATTAGTTTGTATACTATCCAAGAAAATTAAAAATGATAATATACCATCATAAGCTTCTCTTTCAGGCACAGTTAGATTTTCATAGTCATTTTTATCCTGTGTTAAATCAACTTTTTCTGGTATCCAGAAATTTGCCATCATAGTTCTATATAGTTGATTAGCCCATTGGTATCTAACATTATTTAAGTTAAAAAGGTTAGTTGAATTACCTTTTATTATTCTTCTTGCATTTAATGTATCATCACCTTCTGGATTAAATAATTTCTTTCTATCCACTACAGCTTTCACACTCCTCTTTATCTGAGATATTATTTGTATTCTTTTGTATTGTTCTTATATAGTAAACACTCTTACATCCTTCTTCCCAAGCAGTTATTAAAGTGTCATATATATCTTTAGCTTTAATATCTTTATTTAAGTCAAATACCATTTCCATAGACACACCTTGTGTTACCCAAGAACCTATTTTTGCCATTATTTTTACATAACTGATAGGATTTACATTTTTAAATTCTGGATAGAACCAAGCTCTATCTTTTAAATGTTTAACTGTTCTAGGTATCGCACCTCTTTGGTTCTTTTCAATAAAAAATCTTGAAAATGTTGGAGTTACAGATGCAGTTGAACCCATTAGTAATGATGTTGATGTATTAGGTGCTATTGCTGTTAGCTCTCCATTTCTTAATCCATTAGTTTCAACTAAATAAAAGGCTTCATTCCATTCCTCTTTGAACTTAGAATTGGCTTCATACCATTCTCTTTTCTTTCCAAAGAATATAGCTTGATCCCATTTAGATCCTTTAAAAGCCTTATATGCTCCTCTATCTTTTGCTAACAGTGCAGATGCCTTTATTGAATAAAGTGCTATTCTTTCAAATAACTCATTAATTTCATTGATAGACTCTTCATAGATCATGTATTCTCTTGCTAAATAGTCAGCAAGTCCCATAGCTCCTACACCTATTGTTCTATATAGTAAGTTATGTTTATTTGATTCTTTTAATGGTGTTACCGTTAAATCTATTGTATTATCTAAAGCTCTTACAGCTAAGGCAACATGTTTTTCTAATTCCTCAGAAGTAAGTTCTGCTAAGTTTATAGAAATCAAATTACAAGTGTGGATTTCTCCCATTTCACTTCTTCTTATAGAAGTGTTTCCTTCTTCTTCTTCAACAAAATTTATAGTTGGCTTGAAGTTTGAAAAACTTTCCATACATAGATTTCCATTCCCTATCATTCCCATATGTGAATTGTGATTTACTTCGTTTGCTCTATCTTTAAAGAAGATATATGGCATACCTGTTTCTAGTTGAGTTTTCATTATGCTTTTAAATAGCTCTTTGGCACTTAAAACCTTTTTTAACTTTATGTTAGGATCATTCTCTATCTTTTCATATAGATTTTCAAATTCATAGCCATAAAGCTCACAAAGTTCAATTCCATATTTTTTTCTTATTTCATATGGATCAAGTAAAGTCCAAGTCTCATTATTTTTTACTCTTTTCATAAATAAGTTTGAACATACAACTTGTGGATAAATGTCATAAGCCTTTCCTCTTTGGTCTCCATTTTCTGTTTGAAGTTCTAAGAAAGTTTCTATATCCAAATGCCAAGTATCAAGTGCAACTGTTACTGCTCCTGCTCTTCTACCTTGTTGATTTACTGCAACGGCTGTGTCATTTATTATTCTTATCCAAGGAACAACTCCACCACTTGCATTGTAATATCCATTTACCATAGAGCCTTTTGCTCTTATTCTTGAGACATTTACTCCTACTCCACCACCATTTTTACTGATTCTTGCTATTGAATCAATATTATAGAAAATAGATTCTATATTATCATCTATTGCAGTTATAAAGCAAGATGATAAGTTACCATGAGGTATTCTCAAATTAGCAAGTATTGGTGTTGCTAATGATAATTTTCTAAGAGATAATGCATTATAGAACTCTTTTACAATTTCTACTCTTGTTTCTCCTGCCTTTTCATTTAATGCCAACATCATAGATATAGTCATAAATGTTTCTTGAGGTAATTCATAAGTCTTACCATCATGTTTAATTAAATATCTATTAACAAACATATTTGCACCAGCATAGTCATAAACCATATCTCTATTTATATCAATTAACTGTGCAATTTGATTTAATTCTTCTTCTGTATATGAAAGTAATCTTTCATCATAAAGTCCAAGTTCAGTCATTTTTCTTATTGTCTTAGAAAAATCTTCATAAGAAAATCCTCTTGAGTGGTAAACTTCTCTTTCAGCTTCCATCATAAGTAATCTTCCTGCAACATAAGACCAATCACTTTCTTCAAATGTTGTCATAGCCACTGCTGTATTTATTAAAGATGCTTGTATTTTTTGAGTTGTGATATTTTCTTCATAGATTGAGTCTATATTACTTTCAAGCTCAACCATGTTTACTTCTAAACCATCACAAGCTCTTAGAAGTTTTTCTCTAATCTTTTCAATATTTAAGTCTTCAACTATGTTATCTCTATTGATAACTTTTCTTCTCTCCATTGACATTAAATCACCTTTAAAAAGGCTTCCATTGTGTATACATTATCATTGTATTCTATTACTGGTGCACTCATTATTCTTGCTTTACTTGCCACTATCATAAGTGTCTTCATATCTTCAATATATTCAAATTCAATATTTCTATCTGTTAATATTCCTTTCAAAGATGTACATTTACTACAGTTTTCTTTTCCATAAACTTTTATCATTTTTAAAACTCTCCTTAACCTATATATTTTCGATATATTGTATGAAAATAAAATAATAACACAATATATAGTGTTATTGACCTTAATAATTTTATTATAGAAAACAGAAAAAGTAAAGAAAATATTTTACTTTTATT
NZ_CP084154.1_gap68	2499574	2503998	4424	ATTCCTCCTATAAATAATCCTGCTATAACTTCTGGATCAGTTACATCTATTATTAATGGTTCACTTGTTAATTTATCTACTGCTTCTTTATATGCAGCAAATAAAGATAGAGCTGTTAAAGCTGCTGAACCTATTGCAAACCCTTTACCAACTGCTGCTGTTGAGTTACCAACTGCATCTAGTTTATCAGTAGTTTCTCTAACTTCATGTGGTAATTCAGACATTTCAGCAATTCCTCCAGCATTGTCTGCTACTGGTCCATAAGCATCAACTGCTACAACCATTCCTGTTGTTGCAAGCATTCCAACTGCTGCTATTGATATTCCATATAATCCACCTGTTTTGAATGAAACTATTATTGCTATTGCTATAACTATTAAAGGTGCAACTGTAGATTCCATACCTATTGCTAAACCTTCAATTATTGCAGTAGCTGCTCCTGTTCCTGCTGCATCAGATACTCTGTTTACTGCTCTTCTTCCAGTATCAGTATACACTCCTGTGAAGTAAGCTATAACAAGTCCTGCAACAAGTCCTGCAACTATTGCATAGAATATTCCCATATCTAAACCTAAATATTGAATAATTCCATAAGAAGCAATTATAGTTAAAATACCAGCTATTCTTGTTCCCATTTCAAGTTTTGCATGAACTTTACTTCCATCATTAGTTTTAACTGTTAAAGTAGCTATGATTGAAGATATAATTCCAAAAGCTGAAATTAAAAGTGGTGCTGCAACATAAGGAGTTGCATCATCTACTGGTAATAAGAAAGCTAAAGTAATAGTAGCTATTATTGAACCAACATAAGACTCAAATAAGTCTGCCCCCATTCCTGCAACGTCCCCAACATTATCCCCAACATTATCAGCTATTGTAGCTGGGTTTCTAGGGTCATCTTCAGGTATTCCTGCTTCAACTTTACCAACTAAGTCTGCTCCAACGTCTGCAGCCTTAGTATAAATTCCTCCTCCAACTCTTGCAAATAGTGCTATTGAAGAAGCTCCCATTCCAAATCCAGTTACATCATTTACACTGATACCAACTGTTTTTGAAACTAATAATATTAAAGATAACATAAACATTCCTAATCCAACAACTGTAAGCCCCATAACTGCTCCACCAGAGAATGCAACATCAAGTGCTTTTGCAAGCCCTCCTTCTTTTGCAGCTATTGCTGTTCTTCCATTTGCTTTAGTAGCAATTCTCATACCTGCATTACCAGCTATTGCAGAAGTTATAGCTCCTAAAACAAAAGCTCCTGCTGTTGGTGCACTTATGAAAACTCCTAAAGCTGCTGCTACTACAATTACAAACACAATAAGAATTTTATATTCGGCTGATAAAAATGCCATAGCCCCTTCTCTTATTGCTGCTGTTATTTCTTGAACTTTTGGAATATTTATTTGATAATGTTCTACTTTTTTAGCATAGTAAAATGCAGCAAGTAGAGATAATATTCCAGCAGCTAGACCAATGTACATAACTTGTGTTAATAAATCCATTCTTTTTCCCTCCAATTTTTTAATTTATTTGCCCTATTATTATATTTTAATTTCGACATATTTACAAGTTTTTTTATTTATTTTTTACTTCTTCATACTTAAAATTTTTACTTGTAATAATATTCATATCTTTATCCACTATCAATACATCTAAATCTTTTCTGCCATCAACATAACTTATTACCTCATCTATTGGCATTAAAAAGAAAGTTGTTGAAAGTAAATCTGCATCAAAAGCATTGTCACATAATACTACTACCATTTTTTTATCTGTTACTGGATAGCCTGTATCTTTATCTAAGATATGGTGATACATTTTTCCATCTATTTCAACATAGGTTTGATAATCTCCTGAAACTCCCATAGCCCTATCCTTTAAAGGAACTATCCCTATCATATCACTAGGATTTTCTGGATTTTGTAACCCTATCTTCCAAGGCTTATTTTCTGGTTTAGTTCCTATAACTTCTATACTTGAAATTGAAGTTATAAAGGCACTTTTTATACCATCATCTTTTAAAACTTCCCTTGCTTTTGAAATAGCATAGCCCTTTAAAAAAGAACCTGTATCAATCTCTTTAACTGGACTTTCCATAGTAAGAATTCCATCATCAGAAATTTTTACTTTACCATAATCTACAAAAGTTTTTGTAAATTCTATTTCTTCTTTTGTAGGAAGTTTTAAATCTGGAAGTTCTATTGTTTCATCAGTAAAACCCCATAACTCTAAAAGTGGTGCAATAGTAACATCATATTTATGTCCTGATAACTCATAAGCTTTGTTTACTCCTTCAAATAATTTTATTCCTTCTTCATCAAGTTTCACAGTCTTGTTGTCAGAATTATTCAAATTGTAAATCAAACTGCCTTCAGATTTACTATTATATTTTTCATCTATTCTTTGAATTTCATTAAAAGCTTTTTCAATAGACTCCATAGCTTTTTCTTTATTGTCACTATACACTATTATTTTTATGTAAGTTCCAAATAAGAACTTAGATTCTTCAATTTTTTCTACTTTTTTTCCACAAGAAATAAAAAATATACTTAAAATTGATAAAATAAAGACTATAAACTTATTCTTCGTCCTCATAACCAACCTTTCCAGCTAATATTTCTTTAAATACTTTTTTCATTTCAGTATCTTTCTTATCATATTTTGTAAGTGGTAGAGGTTCTCCACCTCTTTCCATTCTTTCTTTTGCTCTTTCTCTTGCTCTTTCTCCACCAACTATTGTAAGAATATATTTATTGGGTATCTTTGCCAATAGTTCATCATAAGTGATATCTTTTTTCATATTATCTCACTCCATTTTCAATTATACTTATTAAATCATTACAAGCTTGCTCAATTTCATTATTTATAATGACTCTATCATATTTATTTTCATATTCAAGCTCTTTTAATGAATTTTTAAGTCTTGCTTGTATTACTTCTTCACTATCCGTGTTTCTTCCTCTAAGTCTTTTTTCTAATTCTTCTTTATTAGCTGTTTTAAAAAATATTAAATTTGCTTCAGGAAATTTATCCTTTACTTGAACTCCTCCCTGAACATCAATCTCCAATAATACTTTTTCGCCTCTTTTTATTCTTTCTTCAACTTCAGATTTTAAAGTACCATAATAATTTCCATGAACATTTGCATATTCTAAGAAATCATCATTTTTTATCTTTCTTTCAAACTCCTCAGCTGTTATAAAGAAATAGTCAACTCCTTCTTGTTCACCATTTCTAGGCTTTCTACTTGTGGCAGATATAGATAAATTTATTCCAAGCCTTTCTCTTACTAATTTACAAACTGTTGATTTCCCTGCTCCACTAGGACCAGAAACAACATATAAAGCTCCCAAAGACATAATATACCTCCACATATCCACTGAAAAATATTTCGTTACTAAGTAGATTTCTTAACGATAAAAAATCAAGAATTCGCTGCAAATTCAGCTAACTTGCTGACAAGTCAGCTTCAAACATGCTGAGATTTGCTCGGCTCATTCTATTTAATTTTTTATCTAAAATCTACAATCGTAACTCAATTATTTTTTCAGTTATTATCATTCTAATCATTGTTACTCAATATTCATTATTTGTTCTCTCATTTTTTCTAATTCATTTTTGCTTTCAACAACTAATTTGGATATTTCATACATATTAGATTTTACTCCCATAGTATTAAATTCTCTAAATACTTCTTGAAAAATGAACTCTATTTTCTTTCCTTGAGAGATTTCATCTATTTCAAACTCATGTTCCAGTTGTTTGAAATGACTTTCTAACCTTGATATTTCTTCTGTTATATCTACTCTATCACTAAATAATAAAACTTCCTTTAAAATATCTTCCTCTTTAAAATTAATATCAGCTCTAATGGAATTTATATTATTTAGTAATCTTTGTTTATAGTTTTCCACAACTTGTGGTCTTAATTCTTTAACTTGTTCTAATTTTGATTTTAGAATACTTAGTTGTTCTTTAAAGAAAACTCTTAATCTATTTCCTTCTTCAACCTTAGTTTTTATAAAGTTTTGAAGTAGTTCTTTAAGTTTCAAATCTATAATTTCTTTGTACTTCTCTTCATCAGTTTCCAAATCTTTTTGTGAAATAACTCCAAAATTTCTAACTAAGAAATCCATTTTATTTGAAAACTTATCATTAAAATCTTCTTCCATCTTATTTAAAATATCCATACAAGATTTTGCTAAATTCTCATCATATTTTAAATTTTTAAGACTTTCATTTTTATTTTCAAATTCAATTCTAAAATCAATAGAACCTCTACTTATTAGAGAGGCAATTTCTCCTCTTATAAAACTTTCAAGTAGGTTTAAATTATATGGAAGTTTGATTTTAGTGGCTAAATTTTTATTGTTTACACTTTTTATTTCCATATTAATTACATAGTTTTCATCTTCATAATT
NZ_CP084154.1_gap69	2505905	2507248	1343	CCTTCATGAGTATGACAATCTTCTTCATTAACAATAACTTCATGAGAAATATCAACAAGTCTTCTTGTTAAATATCCTGAATCGGCAGTTCTTAATGCTGTATCGGCAAGTCCTTTTCTTGCTCCATGTGAAGACATAAAGAATTCCAATACTGTTAGTCCTTCTCTAAAGTTAGCTTTTATAGGAACTTCTATGGTTCTACCTTGTGTATCTGCCATGTTCCCTCTCATTCCAGCTAATTGTCTCATTTGGCTTACATTACCTCTGGCTCCTGATGTTGCCATCATATAAACTGGGTTAAATTCGTCCAAGTTATCCATCATTGCTTTAGTAACTGCTTCAGTTGTTCTTGACCAGACTTCTATTGTCTTTCTATATCTTTCTTCATTTATAATTTTTCCAGATTTGTAATCTTTTTCTATTTGAGCAACTTCTTTATCTGCTTTATTCAATAAATCTTTCTTCTTAGGTGGAACTTCTAAATCTTCTATTCCTACTGAAACTCCTGCAAATGTACCATAGTGGTATCCAAAGTTTTTAACTCTGTTAATAAGTTCTGCTGTTTCAGTAAAGCCATGAGCCTCGTATAGAGATTTAATTAAAGCTTTTATTTCTCCTTTACCATAAGTTTTATGATAATTTCTATCTATTTCTGGTAAAATTTCATTAAATAATACTCTTCCTGGAGTTGTTTCAACTAACTCTCCATTCATTCTAACTTTTATTAGAGCATGAGTTCCAACTTTATCATTTTGATAAGCAGTAATAACTTGTTCTATATTAGAGAATAGTTTACCTTCTCCTTTTTCTCCAGGTCTTTCTTTTGTCATATAGAAACATCCCATTACCATGTCTTGAGATGGAACTGCAATAGGTTCTCCACTAGATGGAGAAATAATATTATTAGGAGCAAACATTAAAAGTTTGGCTTCCATCATTGATTCAGGAGATAAAGTTAAGTGTACAGCCATTTGATCCCCATCAAAGTCAGCATTGAAGGCAGAACAAACAAGAGGATGTAATCTTATAGCTTTACCTTCTATCAATACAGGTTGGAATGCTTGTATTGATAATCTATGTAATGTAGGGGCTCTGTTTAAAAGTACAGGGTGATCTGCTATAACATCTTCTATCACTGCCCAAACTTTATCATCAGATTCTTCAACTAATTTTTTAGCCATTTTAATATTATTAGCTAATTCTCTTCTTACTAACTCTCTCATTATAAATGGTTTATATAATTCAAGAGCCATTTTCTTAGGTATACCACATTGGTTCATCTTTAAAGATGGTCCAACAACTATAACTGATCTTGCTGAATAGTCAACTCTTTTTCCTAGTAG
NZ_CP084154.1_gap70	2508263	2510617	2354	AACCTTTCATTTACTCTTCAAAATCTTCCGCATCTTCATCTATTTCATGAAGCCCAGTCATTTCTATTTCATATTGTGGTGAGTATTCTGTTGGAGTATCTTCAATTCCTATTTCTTCATCTACATTTATAACATTGTCTTCTTCATCACACAATTCTATATCTAATGCTAATGCTTGGAATTCTTTTAAAAGAACTTTAAAAGATTCAGGTAAATCTGATTCTGGCATAGCTTCGCCCTTAATTATAGCTTCATAGGTTTTAGTTCTTCCTGTAATATCATCTGATTTTACAGTTAACATTTCTTGAAGTATATTAGATGCTCCATAAGCTTCTAATGCCCAAACCTCCATTTCTCCAAGTCTTTGTCCACCAAATTGTGCCTTACCTCCAAGTGGTTGTTGAGTTACCAATGAATAAGGTCCTATTGCTCTGGCGTGCATTTTATCTTCAACAAGGTGGTGTAATTTTAACATATACATTATTCCAACTGTAACTTTATTATCAAACTTCTCTCCAGTTCTTCCATCATATAAAGTTACTTTTCCTGTTCTTGGATATCCTTGTTTTTCAAGGTAGTCTTTAACTTGTTCTTCTGTTGCACCATCAAATACTGGTGTAGCTATACAAGTTCCACCATTTAAAGTTCTCATTGCCATACCTAAGTGTACTTCAAGTACTTGTCCTATATTCATACGAGAAGGTACTCCAAGAGGGTTTAACACAACATCTAAGTGAGTTCCATCTTCTAAGAAAGGCATATCTTCTGCTGGTAATACTCTTGAAACAACCCCTTTGTTTCCATGTCTTCCTGACATCTTATCTCCAACAGTTATTTTACGCTTTTCAGCAACTAAAACTCTTATAGATTTATTTACTCCTGCCTTTAATTCATCTCCATTTTCTCTTGAAAGTTCAAGAATATCAACAACAACTCCCTTAGAACCATGAGGCATAGTAAGTGATGTATCTCTTACATCTCTTGCTTTTTCACCAAATATAGCTCTTAAAAGTTTTTCTTCAGCAGGTGGTTCTGTTTCTCCCTTAGGTGCTGTCTTACCAACTAATATATCTCCTGGTCCTACTTCTGAACCTATCATAATTATTCCATTTTCATCTAAGTTTCTTAAAGCACTTTCTGACACATTAGGGATTTCTCTTGTTATTTCTTCATCACCTAATTTTGTAGTTCTTGCATCAATTTCATATTCTTCAATATGTATAGATGTAAATACATCGTCTTTTCTAAGTCTATCAGATATTAAAATCGCATCTTCGTAGTTATATCCTTCCCAAGGCATGAATCCCATAAGAATATTTCTTCCTAAAGATAGATCTCCTAACTTTGTAGCAGGTCCATCTGCAATTATATCTCCAGCTTTTACTTTATCTCCTAAATCTACCAAAGGTGTTTGATGTAAACACATTGATTGGTTAGATCTTTCATAGTTTAAAAGTCTGTATGTATGTTCCTTTTTATCTTTGTCTTCAATTATTATCTTTTTACCATCTACATAAACTACTTTTCCTGATACTTTTGTAGTTACAACTGCACCTGAATCTACTGCAACTTTTCTTTCAAGTCCTGTTCCTATAAAAGGTGCTTCAGATCTCAATAGAGGTACAGCTTGTCTTTGCATGTTTGATCCCATCAATGCTCTGTTAGCATCATCATGTTCTAAGAATGGGATAAGCCCTGCTGATACAGATACAACTTGTTTAGGAGAAACATCCATATAGTTTACTCTTTCAGGTTCTATTTCAACAATTTCATGTCCATATCTACAAACTACTAAACCTTCTAGTTTATTGTTTTTATCAAGCTTAGTATCCGCTTGTGCTATAAATAATCCATCTTCTTCATCAGCTGCAAGATAATGAACATCATCAACTAATGCTACTCCATTTTCTACTTTTACATAAGGTGTTTCAATAAATCCATATTTATTAATCTTAGCATAAGTAGCAAGTGATCCAATAAGTCCAATGTTTGGTCCTTCTGGTGTTTCTATTGGACAGATTCTTCCATAGTGAGAATCATGAACGTCTCTTACTTCAAATCCTGCTCTTTCTCTTGAAAGTCCACCAGGTCCTAAGGCAGATATTCTTCTCTTGTGAGTTAACTCAGCAAGTGGATTTGATTGGTCCATGAATTGTGATAATTGTCCTGAACCAAAGAAATCTTGGATTAAAGCATTTAATGGTCTAGTATTTAATAATGATTGAGGAGTTACTGTTTCTATATCTTGAGTAGTCATTTTTTCTCTAACCATTTTATTCATCTTAGCAAGTCCAGTTTTGATTTGCATAAGAAGTAATTCTCCTACTCCTCTTATACGTCTATTTGATAGATTA
NZ_CP084154.1_gap71	2562907	2563407	500	TGTTTGATATCCTAATTTTTCATAATCTATACTTTCTGTTGCCAAAGCTCCTTTTTCTACAATATCATTTGTTGAAGCTATAACTGGCACATTCTTTTTATTAGCTTTTTGTATAACCAAACTAGCTGATGAATATACTAAATTATCAGTTGGTATATATAGAACATCTATTTGACCTAATAAAGAATCTATTGCTAAATTAATATCATTTACTGAGCTAACACCTTTTTCTACAACAGTAAGTCCTTTTGCTTTTGCAATCCCTTTAAATTTTTCTAATAATAGTAATGAGTTTTGTTCACTAGGATTATATATAAATCCTACTTTTTTTGCATTTGGAAGTAGAGTTTTAATAAGCTCTGCTTGTTTATCCAAAGGTGACATATCAGAAGTCCCTGTTATATTATTTCCCTTTAATCCTGCACTAGCTCCATCTGTTACTGCTGTATAGACTATTGGTATAGTCTTTGTTGCATTAAGTGCAGCTTGGGCACTTGGAG
