gap_id	start	end	length	sequence
NZ_CP144381.1_gap1	7409	10194	2785	TATTACACTTAGGGCAGCGTGGAATAAGCCCTAAAGGAACTTTCATGTCTTTTTGCTTTTCGATCATTTCATAAACAGCTTTATCATTTGAATAAAGTGTGTTATGGCACATTTTTGAGCACTGAAGCAAGTTGTATTTGCCTTGAATATAGAATATTTTGTCTTCTTCAAAGTCTGCAGCTTCTAATGAGTTATCACTATTTGTTGTGATTATGTGATAGTTTTTGCCCTTTAAATATTCTTTTAGTTTCAAAAAGCTTTCACTTGCAGGCTGGTCAAAGTAATTAAGTTTCATAAATCTAGAATGAAATGCCCAATAGTTTTGAATATCATCAAAGTGATAAACACTTGCTTGAAGCATATCTAGAAACTTAAATTCATCAATAAAGTCTTTAAAATTTTGAACAAATCTTTGTCCGCTATAGCCTATTCCATCAGCACTGGTCATTCCCGAACCAATGCCAATTACAATAGCATCAGCTTCATTAATAAGCGAGTCTAATTCTTTAACAGAGTTTAATGTAAGCATATTAAAAGTCTTCTAATTGTTCTAATGTTTTAGGGTCAATGTCGCTTAAAATCATTACTCAGTTTTCACTATCTTTTGGCGAACTTAATAACTTAGGATTAGCCATAGCTTCCTTATTAATTTCAACAACTGTAGCATCAAAAGGCATTTTTAGTGTCAAGATTGCCTTAGAAGCTTCCAAGTTTAAGAAAATGTCATCTTTATGCAACATTTTTTTGTCAGTGTTTTTATATTGAATAAAGCCAATTGTTCCAATGTCATCTTGCATTTCAGGAGTAAATCTTAAATAAAATTGGTCTTTACCTTCTAATTTTTCTACAACTAAATACTTATCAACTTTTTTCATTTTTACCTCTTTTTACATAAAAATCAGCAACATTCTTGACTGCTCTTTTTCGATCATTTATATTAGCAACAGTAGGCAGAATCATTAAGTGATTTATTTTTAGATTTTCACACAAATTATTAAGTTTATTCATGCTTTCATCATCAAAAACATTAAAAATACTTTTGTGCAAACGCAGGAAATTTTTGCGTTGTTCTTCATTAAACACAAATTTTTCAAACACACTATATGGAGGGTAATAAGCAAAATGATTAGGATCAGCAAAAGAACGATAAAAAGCAATTAAATTATGATTTCTCGTTGATGATTCATAGTCAATTCCACTTACCACATTTACGCTAAGTGCAACTTCTGGTGGATTTTCGCCTCATGCTGTTTTATAGGCTTCAATGTATGAATTAATAACATTTTCAGCATACACTTTAGATGGGTTCAAAAACCAGCCATAATTAATTTTAAATTTATGTTGAGCTGCAAAAATTGCGCTTTGTTCAGATGTTACCAACATAACAATGTCAACAGGCTTGTTTATGTTAGGATTTATCCTAAAATCAAACTTTTTCTTGTTGTTTAAATATTCATTAACAGCAATAATTTTTTGCTGATATTCAGTTGAAGTTAATGAAGGTTTTAAAAGCTCAATTGTTTCTTTTGTGCCTATATTTGATCCAAATCCGTAAACAAAACGCTCTGGATGTAATAAATTTAGTGTTTGAATCTGCTCTGCGACATTATATGCTTGATAATTAGCAAGCATAATGCCGCCACACCCTAATTTAATTCCACTAACACTATTAGCTAAATGATCAAGAAGAATAAGCGGACTAGAAATAACCAATGAATTAACATTGTGTTGCTCACTAATTCAAAAAGAATAAAGATTTAAATCCTTAACATATTGACAAAGTTCGATTACTTCTTTGTAAGCTTTTTTATAGTTATTTTGGTTAGTTAATAGCCCATGGTCAAGAATGCTTATCTTCATAAATAAAATTATAAAACTAAAGCGCTATAAAATAGGCATTTTGGAAATTTATACATATTTAAAAAACCAATATATAGAAAAAAAGGCAAAATAAATCATTAAAAACTTATTTTTATATAAATGTATAATAGTGATATGGAAAACAGATTAATAGAAAATCAAAATAGCAGCCAAAATAACTTTAGAAGATTTGAGAACGCTTCATCTGTAGCAAGTAGAAAGAATGCTTTTCTAGGAGCTTCTGTTGGTTGGTTCTCTTATGCAACAGGAATAGCATTTATTAGTGCTATTGTGCTGTTATTACTCTTTCCTAAAGCACTAGATTACTTACAAAGAAATCCATTTATTGGGCTTGGTCTTGCATTAGGCCTTTTAGTGCTCATTTTTATCGAGTTTATTGTAGGCCCAAAAATGAACTTCTGGGCACAGTTAGTAATAATAACTTTAAGCATGATGCTGCTAGGAATTGTTCTTTTATCATTTGCACTTGTAGAATTATTAGGAACCTTTGCTACTGGCGCAAGTATTAAATACCCACCAGCCTTAGCCAAAACATTTGGAGTTATTCTGCTACCAATTGTTATATTATCAATAATTGCAACCTTAGCCTACTTTGATTTAATGAAAATAAAATTTGTGTATGCAATCATAATATTCTTAACCATTAGCTTCTTTTTCATCTTTATATTAAGCGTCTTTATATTCAACTCATGAATTAATGCACTATTTCCATCAATAGGCTTTGCTTTAATGATTTCTTATATGGCATTTGACTGATGATTAATTACTAGATACAATAAAGCATTTAACGCTACAGTAAGTAATGACTCGACCAAAAAAGAGTTTATGAAGCTAACAATATACTTTGGATTTAAATTAGCATACGACTATATATATGCACTTGTATATCTAATAAGATTAGTAA
NZ_CP144381.1_gap2	33139	36898	3759	GTTTCTAATTTCAACCAAAGCATTTTTTTCTGGATAAGCATTAAGCATTTCATCTGTTCCCTCAACAACTTCACGATAAAGTATGTTGCCAAAGGCTCTTTTTTCAACATAGTACTGTTTACTCATTTATGCCTCCATTTGAATCGCCATAATACTTATCAAAAAACATTGATACTTTGCCCTTGTTGGCTGTTTTATAAGCTTTTTTGGCAGAATTATTGCTTTCTGTATCTGTTTTCTTTGAAGGCACATCTCCACCATTTTCAGGATTATTTCTTTTTTCTAGAATGCTTTGTCTTTCATCGTTTAGCTCAGTAGCTATCTCATTATGTTTATCAGCCTTTTGCTTGTAATGATCATATACAGAGTTATCCACTAAAAAGTTATCACCATAAATAGATTTTAAGGTTTCGTCATATTTATTTCATAATTTTCTGATAACTTTAGGTGGCTCGTACTCAGGAGCTTGCTCATTCAATAAATTGCTTTTTACAAAATGAGTTGGAGAAATTTGATACATTGGTGGTTCACCCAAAAAGTCTACATTTAAGGCATAATCGTTACGAACAGCAAATGCATCACCTTCAATATTATTTAAATTTGAAGGCACTGCACCCCTAATAACTTGTAGCCTTTCACCTCTATTATAATCAGGCATTGATGTAATCAAGCCTCAAGTATATGGATGCTGAGCATTGTAAAGAATTTCTTCTTTTGTGCCTGATTCAACAATCTGACCTGCATACATAATATTTATAAAGTCAGATATAGAAGCTACAACACCTAAGTCATGAGTAATAAAGGCAATTGCTATGTTAAAAGTCTCTTGCAACTCTCTAATAATATCAAGAACTAAGGCCTGAACTGTGGGGTCTAGAGCAGTAGTAGGCTCATCCATAACCAAAATTTTTGGTTTTAATGATACAATTGATGCAATTGCAACTCTCTGAATCATACCTCCCGAAAGCTCATGAGGATATTTCTTCATAATCTCTTCAGGATTGTTAATTTTGGTTAATTTTAAGTATTTTAAAGACTCTGAATATGCTTCTTTTTTGCTTTTTACTAGCTTATTAACTAGCATACCTTCCATTATTTGGTTTCCAACTTTCATTGTTGGATCCAATATTGACATAGGGTTTTGGAAAACAGCAGAAATTATTCTTCCTCTTAGTTTAGATTTCTCTCAGTTATATGTTGTAAAGTTTTGCACTTCTAGACCATATAATCTAATTTTGCCACCTTCAATTATGGCATTTGAGCCAGTAAGACCATAGAGCAAGGATGTAATAACAGACTTGCCTGAACCAGATTCACCAATAAGGGCATGAATCTTACCTTCATATATTTTTAAACTTGGGCCTCTAAGCACTAAGTTCTTCTCTTTAGGATTGGCAGGATTTTTGAATGTTAAGTAAATATCTTCAATTTCAGCAGCAACATTAGTTGGGATGCCAAAAACATCTTCAACTTTTGTGCCTGTAAATAAGTCAACTTCGGTTTTGTCTTTTTTAAATATTCTTTTGATTTGCTTGCCAAGGTTTTTTCAGTAGTCAATGAAACTTCTTCAAAAACCTTTATCTTTTTCCGCCTTTATTTCCATCATGTCTAATGGCGCAGGAAAATTATTATAAATAAGCGGTTTAGGAAACTTTTTGTTATAACCTTGCGATTTATTATGCTTAATTTGTGTTTCTTCTTGATTCATATTTTTCCTATCTTTGTCTTAGCAAGCTATCTTGCACTGCACCTGACATTAATTGAATAGAAGCAGTAACTAAAATAAGCATAAATGAAGGCACAAGTACATAACGTGGAAAAACTGTAAAGTTTTTTGATCCTTCACTGATTAAGTTTCCTAAAGTAGCAACGTTTGGGATAGACAAACCTATAAAAGCTAATGATGTTTCTGAAAGAATAATTCCTGGGATGTGAAATACTATTTCTGTAATTAGTAGCGGAATTAAAATAGGCAAGTAATTCATTAATACTTTATATGTTGGAGTTCCCAAAATTTTAGATGCACTAACTCATTCAAATGATTTAGCACGTAATACCTGAGAACGCATTTGGTTAGCAATACCAGCTCATGATGTAAATGATAAGGCAAAGATCATTACTCAGAAAGTTGGTTTAATAATAATAGTAATTGTAATAAGAATGATTATTGATGGTACGTTTGAAATTATTTTAATAATGAAGGTCATTATTTTGTCAAATATTCTAAAGTGACCCATCATAATTCCAATAATTAAGCCAACTATAACTTGAATAAATGTTGCAATAAATGATAAAGCTAGTGAATACCTAAGGCCATATCATAATCTAGCTCATAAGTCCCTACCTACTGAATCTGTACCAAAAATGTGACCGTTTGTAAAGAATGTTTCAAATCTGTTTTCAACAGACAATTCTAATGGGTTGTGTTTGGTTACTAAAGGAATAATAAGAGCTAGCAATATTAATATAACAAGAGTTACAAAACCAAACACACCTGCAAATGAGCGACTAAAACGGTAGAAGAACTCAACAAAAGAATTTTGTTGCTTATGCATTTTGCTAGTTTCATTAAACTCAAATAAATTTCCAACAATTTGTCATTCTTTATAAGCTAAAGGCCTTAAAAATCTGTTTGGTGCCAATTCTTCGCCAAGGACATTATTTGGGCTTTCTTCCCCTTTTTTTCTTTTTTTGTTTCAATTCTTAATTCATTCAGATAACTTAGCCATTTTAGCCCTTTCTTCTTACTCTTTGGTCAATTATTTTGTAAAGCGCATCACGGCATGTATATGAAAGAATTGTTATTAAAGAGAATAAGGTCACCATAAATAAAATTATATTAAAGTCCTTTGAAGTAATAGCATTAAGTAGCAAGCCACCAGAACCAGTTATAAAGAAGATTTGCTCAATAAACACACTACCAATAAAACTACCAAATATAACAACTGGGAAAAATGTTGCAATTGGGAACAGTGCTGGTTTAAGTGCATGAGTTCAAACAAAACGACGTTTTGTAATACCTTTTAGATAACAGAATTTGCAGTGTTGTGAGTTTAGTTCTCTGTTAAGTTCAGTTCTTATATATTTAATATATACAATTATTGAACCTAATGAAAGGGCTAAGCCAGGGAGAACATAAGTTGAGATATCTTTTTCATTAAAAATATATGGAAGATTTAATTTTCTGCCTATCAATAAAAGCCATAAGGCAAATACTAGTGATGGAATTGACGAGAAAATTGAAACAACTAAAGTAGCAATATGGTCAGGAAGTTTATCAGGATTCATGCCTACATAAACTCCTAAAGGAATTCCCATTACTAAAGTAAGCATAACTGAAAAAATTCCAATTAAGAAACTCTTATAAAAACGCACTCACACAAAATCATTAATTCTTTCCCCAGGGAAAACTGATAACGAAATTCCGAAGTCTAAGTGAATTATGTTTTTCAAATAAATGCCATATCTAATAATAAGAGGTTGGTTTAATCCGTATTTTTCTTCAACAGCCCTTCTAGCTGCTTCATCTAAGCCGGCTGTTAAACCTGTGCCACCAGGAACTGAGTTAATTAAGAAGAAGGTTATAGTAATAACAATAAATGCAACTAGGAAAAACTCTAAAATGACTGCAAATGCTTTTAACATACTTGCCACTCAAGGCGATCTTATGTTAAATATTTTTTGGTGTCATTTTAACTTACGTTTAAATTTGTTATCAAAGTCTACTAGTTGCTTTTGTTCAACTAATTTTCCTGATAT
NZ_CP144381.1_gap3	45926	50414	4488	TTTAATTTTGGTTCTTATTTCTGAATTTATTTCACCTAAAACTTTTTTAAGCCTATTAAGTTCCTTAAATAAGTTAGTTTCCAATATAGAATTTTTATCATTTAAGAACATACTTAATTCAGCTTCAAGTTTGTTGAACGGAATTAATAAATGTAAGGCAGGAAGAGAGTTAGAATTAATTTTTTTCTTAATATCATTTAATTCATTAAAGCCTGTTTTATGCCAGTTTCTGAAAAATTTGAGTTGCTCTAATTGCTCAGCAATAACAACTGATTCGGCAAAAAGTTTATCTATTTCCTGATTTAATTTAGTAATTTTTGCAGCACTTTCAGATTTATCATTTAAAGAAGCCTTTTCAGATTTTTTACTCTTTAGAGAATCCTCAACTTTTTTCAAATCATCTGCACATTTCTTTTTAAGTTGGTCATAAACTGACTGCGATTGATTTGTTGCTTTTTCAAAAAATTCTTTAATTATATCTAGCACACGGTCAGCATATGACTTTAAAGTATCTGTTAATGTTTTAGAATCATCAAGCTTGTGACTATTAAGCGCTTCAACTAATGGTTTGTTTGCTATTTTTTCTCATTTTGCTTTAAATGAACTCTCTTTAGTTTCTCTTTTTCTAATTACTTTTTGAGTTTCTTTTAATTTTTTCCCAATAGCAGCTTCATCACCATGTTTTAGTAATGAATATCAGCCAGCATAATCTTCATTGCTTAAAGTCCTAGCAATTTGCTTCTTGTTCTCTTCAACTAAATTAATATACTCTTCAACTTTTTTATTCAAGTTAGCTGATGAGTTGTTAAATGAATTAATTAGCTTTTTATACGCATTTGCTAATTCGCTATTCTCTTTAACATTTTGAGAGCTTAAAAATCTTAATTGGTAGTCTGACAACTGCATTAAAAATGTTGAGTTATATCTTTTTGCAATATTTTTCTTATACTCAGCAATATCTTTTTTAAGTTCTTTAACCAAGTTGATTGCTTTCTGGAAATCAATTTTAGCATTTATAACTCTAGCAATTTTGTTTTTAATGTGGTCATCATTTTCATCAATTTTATCTCTAAGATCTCTAATCTTTTTACCTAGTTCTATTTCTTTTAATTTATCATCAGTTGATTTGCCGGAATTAATTTTTTCAATTAATTTTGAACTTTCAGCAAAAAGTTGAGTTAGTTCAGTGAACTCTGCTTGACTGTGTTTTTTGATAAAACCATTAATTGTTTTGCCTTCTTCATCATTAGTGCCATTTTCATCACCTAAAGCTTTTGTTAAGTATTCTAAGACTACATCAGCATTAGAACTTCAAAATTCATCAAAATTCTTTTTGTTAGTTTTAGGATCTAAAACTTCAGAATATAGCAATGAAAATTCAGCAGGGAACAAGTCCTTGTTTTCAAAATAAGGCGCAACAAGTTTTTTAACGGATTCAACTTTATTGTCAAATTTAGCTATCTCAGCATCTACCTTTGCTAAATCTTCTTTAACAGATTCACGCTTGTCAGAAATTTTGGAATAATCAAAATCAGCCCCCAAGTGTGCATTTTTCTTGCTTAATTCATCTTTTTGGTCATTAACAAACTTAGAGTAAGCAAAAAATTCTGTTGCTCCATCAGGCAAAATATTTTTTCTGTCTTTAACAAATTCATCTAAGTTGTAAAAATCTCTTCAATTTAGTTTTGCTTTAGTATTAGCATCAACTAATGTTTCAATAGAAATTAGTTCATTAGGTAAGTAAGCCACATCGACTGCAAAATAGTCTTTTTCGACAAATTGATCAGTTGGATTTGTTCCAGTAACTAGTCTGTTTAATTGTTGATTAGTCTCAAAAACAGTTTTATCAACTTGCTTTAAAAGCTTAACTTTTTCATCAGAGTTTTTAGATGAAAATGATTCTGCTTGCAATTTATCAATGCTTGGATCATTAGTAAATGAATCATACATTGCAACAAGTGCATTTAATGTTTCAATTTCATCTGTTTTAATGCCAAATTGAGAAGCTAATTTACTTGTAAGCTCAGTTATTTTTCCAGATTTTTTGACTGTGTCTAATAAAGCTGATGCTCTTTTTTTGTTTTCTTCAATAACTTTTGTTAAAGATTCCAAAAGCTTCTTTTGTCCTTCTGAATTAGTTGAGTTGTTCCCATTCCCACTATTTGTAGTATTTTTAAGTGCCTCAAGAAGCTTTGTATCGTCATCATTTAATTGTTTTGTGTTTTTTAAAGTAAATTCTGTGTTTTTTAACTCTTTTTCTAATGTGTGTTTTAGTTTAGGATCAGATTCTGCTTTTTTAATTGCTTCTTTTAATTTGTTTATAACATCTTCAAGTGTTTTAATAAAGTTATTTCTATCCTCAATTCTCTTCTGACGAGTTGTTTTAAATATATTAACATTGATAACACTTTCTGCTCTTGTCTTGTCCGCAATTGCTTTCTTCTTTTGCGCTTCAAGATTTGCCTTATCGCCGTTCATTGCTGTTTTTAGCTTTTCTTCTATTTCTTTTTGAAGTTTTTCAGAGTCTTCAATAACTTTTTTTGCTCCCACATAGTTACGTAAGTCAGCCTCCATATTTTCTATGGTTTGTCTTAATGTTAGTCACTCTCTATATAGCCCATTTAACTCACCAATTGCGGTAGTGATTTTTTTAAGAACTTCTTCAGAAAATTTGTTTGGTGCAAATCTAACTCTAATTTGCTCAATGAAACGAGAAGCTAAGTCTTCAATTAAGTTTTTAGCATCTTTTAATGCTTTATCAAATTGCACATATTTGCCTAAAGTTTTAAATGATTTTTTACCATTTTGCTCTGTTGTTGCATTTAAAATTTCACCAAAAGCACTGTGAATTGTGTATGATGAACCATCTTCAAAATGAATAAGTAAGTGTTTGTCCACTATTTCATTTGTATTGTTGTATTCATTTACTTTAATTTCAGCATTAGCAATAACTTTTTCTTCAAATTTAACATTTTCAGCACTAAAACCATCTAAAAGCTTCAGTGAATCTTTATCTTTGTATTCTTTTAGCTTACTTGCAAATTTTTCCTTAGCTTCAGCCAAATTATTAGCAGCTACAACTAATAAATAAGGTGATTTTTGAACTAATCTGTTCTTTTCAACAATTGAATAAGTAGTTTTTAAAACTTCTTTTTCTCATTCAGGACGTCTTAGTGCATAAACTTTCTGATTTTTTAGATATCTAACATTTGTAATTCCTCTAAAGAATTGCTCATTGATAGTTTTGTTTGAAATATTAGCAAGAGCATTATACTTGCCAATGTTTTCTAAAAACTTTCTTAATTCAGGTTCACTTAATACACTTTTGTTTAGTTTGTAAGTTAGTGAATCTTGAGCATTACCTCTGCCACTTAGGCTAGAGTAAATTGGAAGTGTGCCAAAAAATGCATCAGGAAAAAACTTGATGGTTGTGTATTCTTTGTTTTTGTTTGAGTGTGAACCTAAAGTTATGCTGTTTCCAGTCATTTCAACACCTTTGACAATTGAAAATGACTTAAGAGTGATAATTTCAGGGCCTCAAGACACATTTTTCATGAATCATTCAGTGAATTTGTAAAACTCTAGTGGGCTAACAGCTTCAATGTATTGGTTATAGAAGTTGAATGAACCATATTTTATGTTCAAATATGGCAAAGCATGGTGCTTTGCATAATATTTGTCCAAGTACTCAGTTGAAATTAATTTAGTTTTGCCATCAGTTACAACTTCGGTGAGCGGATCATAGTGCACTTTGTGCTTATTATTGTGTACTTCTAAAAAATATGATTCAGGCTTAGCATTTCTGTCTATAAAAATATTTTTTAATTCAGCTTCATCAGTAAAGTTTTTTCTTCCTAACTTTTCATTTGCAGTTTTTGAATAACCATACATTGCACCAAGTGTTATTGCTGTTATTCCAGCTAAAACACCACCAGAGATTGCATACTTATGTCACACATGTTTTTTAAGATTAATTTTAGGCATAAAGCCTCCATATTAGGCTAATTTATAGCATTATTAGTATCTAAATTATTTAAAAAAGTTTCAGTGTTATGAACTAAGGAGTTGAAAGTTAATAAAAAACAAAATAAAGAAGGATTTTGCCCTACTTTATTTCGCTACTGATAAATTAACAAAACAATAAATATTATTTTTGAAAATACCTAATAAATTAGAGCCAAATTAAAACATCATTAAGAAAATATTCTTAATGTTCATAATTGTGCTCTTTCGATTATATAGGTTGTGAAAATTCATAACATATTTATTTTAAATAAAAAATTAAAAATGTTAACAAAATTTTAAAATTAATTTATAGTTATAAGTTTTATATTTTAATGCAAGCAAAATTTATAAAGCTCAGTGCATAAATTGTTCTATTAAAAATCAAATATTAAAAAGCTGTAAACAATCAATAATTGCTTACTATAATATAATTTTGTTATGTTAAAAATTTATGTTTGTGGGCCGACTGTTTATAACGAACCT
NZ_CP144381.1_gap4	65481	66120	639	TTTCACTGCTCTTTCAAAATCAAAAATATCTAATTTATTACCTATTTCATAATGCGGTAAAACATTTGAAACTAATTTTCTGCCTAAATTATCATGAGTATTTATTACCTGATTATCATTTTCATCTTTACCAACAGGAACTGAATCTAATGATATATTTGGTATGGATATTATTATTTCATAGGCTTTCTGGTCAAATTCATCAGCATTTTTTTCTAATTCAACAACATCCTTTTTTAAATTAGCAGCCTGCAACTTTAATTCATTCATTTTTGCTTTATCATCTTTAAAAGAACCAATTTGCCTACTTAATTTTGACAATTCTGATCTCTTAATTTGAGCATCATGCATAGCAGCTCCTCTTTTGTCAAGATAAGACAAAAGAGTGTCAAAAACAGAAACATCAAAGTTCCTATTTTCTAGTGCTTTTCTCACATAATCACGGTTATCATTTATAAATTTAATACTTAACATAAGACCTCTAAATTTGTTTATATTATTTTACAACTTAAAGTGCTTTATTGACAACTTATAAATCATTAGTGACCATAATGATAAATTTGAAGGCACAGCAATATTAATATCATTGTTTTTTATAAACTCTTTAAGCATTAAAGAACAAATTTGCTGCATTTTTGT
NZ_CP144381.1_gap5	105784	109723	3939	TCGACTTAAGAACTTTAAAACCTCTTGACAAAGAAACTATAGTTTCTTCAGTTAAGAAAACAGGTCGTTTACTAGCAATTTCCGAAGCAGTTGAAACACTTTCAATTAACTCAGAAATTATTACAATCGTTAACGAAGAATGTTTCGACGATCTTATTGCTAAACCAAGAAGATTAAATACAGCTGACGTTACAATTCCTCTTCCTGTATTAGAAAAACAATTCTTCTTTGGCAAAGAACAAATCGCTAAAGTTATTGAAGAAATGTTAGGCTAATTTAATTCATTAGCTAAACTATAAAACAAAAAGTGATTGCGCTTTTTGTTTTATATTATAATTTACGTAGATTTATTTATTAAATCTACGTTTTTAAATTTAAAAACTTAATAATAAATATAACCGTACGGAGGTAAATATGTTATTTAAAGACACTGGCGAAGAAAAGTCAAGCTGCAAAAAAGCAGATGCGCCTGCTGTTGTAGGACAAATTCAAGTTTCAGATGAATTACTTGATTTTTCTGCATTTGCTAAGCCAAAGAAAAAAGAATCATCATGCAAAGAAAGTGGAGCTTGCTCAAAAGATGATGAAAACCTTACACCTCGTGAAAGAGCTATTAGAGCAAGAAAAGAAGGTAAATAATGGCTGTTGAGCTTGCACAAGTTAAACCGCTAGAAGAAAAAGAAGCTCCTATTTCAGGAATTCGTAAGACTATTGCTAAAAACTTAAAAGAAGTTTTAGAATCATCAGCATACTGTTCATTAGTTTTAAAAGCTGATGTTACAAACCTTTGAAATTTACGTGCAAAAGTTAAGGACAAAGTTTTTGCAGAACACAATGTTAAATTAACATTTTTATCATGAATAGTTAAAGCTTCTGCTATCGCACTAAGTGAATATCCATCTTTTGCTGCTAGATGAGATGGTGTTGAAGGTAAAGTTTACTACCCAGGTACATTAAACATTGGTATTGCTGTTGACACACCTTTTGGTCTATTTGTGCCTGTAATTAGAGGCGTTGAAAACTTAAGTATTATTGATATTCAAAAAGAAATTGTAAGATTATCAACTCTTGCTAGAGACAAAAAACTAAAAATGTCAGACATGAGCGGTGGTTGTTTTGCAATTACTAACGTTGGTAGTGCTGGCGTTCTATTTGGTTCACCAATTATGAACAAAGGCAACACAGCTATTTCAGCTACTGGTGCAATCATTGATGAATTAAAATTAAACAAAGAAGGTGCTGTTGAAAACAGAAAAGTTATGTACCTTTCAATAGCAGCTGACCACCAATGAGTTGACGGTGCTGACATGGCTCGTTTCCAAGGTAGAATTAAAGAATTAATCGAAAACCCAGAACAATTAGGAGAATTTTAATATGACAGCAGAATCAAAATGCACAAAGTCATGTGCTACAGGCTGTGCATCTAGTTGTGAAGCATCAAAATCATCTTGCGCTTCAAGTTGCGCAAGCCAATCATCATGCAATTCATCATGCCCAAAGAGCACTTGCTCAGAAGCTAAAGAGTGCTCAGCTTGAAAAGATGAAGGCCTTAAATACGAAGGCGAAGTTGCTGATGAACTTGACTTAATAGTAGTTGGTTCAGGCCCTGGTGGATATTTAGCTGCTGAAATGGCAGGTAAAGCAGGCCTAAAAACATTAATTGTTGAAAAAGAATTCTGAGGTGGTGTTTGTTTAAACATAGGATGTATTCCTACAAAAGCTATGCTTAGATCAACTCATGCATTAGAAGAAGTTATTCATGCAGCTAAATTTGGTGTAGTTGCAAACTTAGAAGACTTAAACATTGACTACCAACAATCATGAGCTAAAATGCATGAACGTAAAGCTAAAGTTGTTGCTAAGCTTTCAGGCGGTGTTAAGTTCTTAATGAAAGCTTCAAAAGTACAAACTGAAGAAGGCGTTGCTAAATTTGTTGGTGCAAGAGAAATAGAAGTTAATGGCAAAGTTTACCGTGGTAAAAACGTTATTTTAGCTACCGGTAGCCACTCAAACAGAATGAAATTCCTTGAAGGATTTGAAAAAGGTTATGAAAGTGGCAAATTAATGACTTCTCGTGAAGCTATTAACAATGATAAGTCATTGCCTGCATCAATGGTCATCGTTGGTGGTGGTGTTATTGGTGTTGAATTTGCACAAATGTATGCATCATTGGGCACAAAAGTAACCATTATCCAAAGAGAAGACCGCTTACTTCCTGGTATTGACAAAGAAATTGTTGACGAATTTGCAAAAATTCTTAAAACTGATTCAAAAATTGAAGTTATTTATGGTGCAACAAGCACAAAACTAGAAGATGATGAAAACTTAGTTTACACAAAAGATGGCAAAGAAGAAAAAATCACTGCTGAAGTTATTCTTAATGCTACAGGTAGAGTTCCAGCATCTGAAGGTTTAGCTGAAGTTGGTATTGAATTAGGTGCAAGAAAAGAAGTTAAAGTTGACAAATTCTTACGTACTAATGTTAAAGGTGTTTATGCTATTGGTGATGTAACTAACCAAAACATGTTAGCTCACGTTGCTTACATTCACGCTGTTACAGCAGTGCACCACATTCTAGATATATATGGCATTCCATATGACCCAGCTACAAAACCTGTGCCTGCATGTATTTACACAAGCCCAGAAATTGCTACAGTTGGTTTAACTGAAGATCAAGCTAAAGAAGCTGGTTTAGACTTTATTGTTTCTAAATACAAATTTGCTACTTTAGGTAAAGCAATTGCTGCTGAAGAAACTAAAGGTTTAATAAAACTAATAGTTCTTAAAGACGGCCACATTGTTGGTGCTTCATTAATGGGTCCTAATGTAACAGACTATGTTGCTGAATTAGCAGTAGCTATCGAAAAAAGAATATGTGTAACAGCTTTAACACACATTATTCATCCACATCCAACATTTAATGAAATTATTTGAGAAGCTGCTAGAAGTGCTTTATCAAAATTAACTGCTGAAAAATTAAATGAGAGAAAAAACAGCTAATCTGTTTTAAGCACTAAGATATGCTTAGTGCTTTTTATTTTGTCTATAATCTAGCTAAAATAAAGCTAGCAAAATAAAACAAGAAAACTGCTTGCAATGTGTTAAAATCTATAATTGCATTTTTAATATTTTATTGTACAATATTAAATATACAGTTCTAGAATTAAAAAAAATAATTATGAAAGGAGCGCATATGGCAAGAAGAGATCAACTCAATGGTAAAGGCCCTCTTGTTGGAAACTTACGTTCTCACTCAATGATCGCTACAAAAAGAAAATTCAATGTAAACTTGCAAAAAATTACTATTACAAATAGTAATGGCACCCCAACAACACTAAGAGTTAGCGCAAAAACAATTAAGACATTGAAGCGTAAGGGTATCCTTTCAGCACAAGCATAATTACCATTTTAATAATAATTAAAAACCAAGCTGCGATTATAAGCTTGGTTTTGTTTTTAATTACCTTCAAGGCCGTTTTTAACTTCAGTATAGAGCTTAGTGCCATAAAGTGATTTTATTATAAGTAGTCCTAGTTCAGTACCTGCTGTAGCTGCCTTACCTGTAAAAAGCTTATTGCTTTGTGACACAAGAGTATCACTTTGTTTTTTGAGCAAGTATTATTAATATTTTCAATTGGAAATGAACTATAAACTTCATTGTCAGTAATTATGCCGTTTTCATATAGTGCATTAGGAGCGTCACAAATTGCAAAAACATATTTATCTAGCTTTTTGAAATTTCTAATTATTTCAAGTGACTCTTTATCTTCTCTTAATTCCTTAGCACCTGCGCCACCAGGAATAAATATTGCATCATAATCAGATTCATCAACTTCGCTAACTAAATTAAGCGTCACAATGCCATGTTGTCCGGTTGCACTCTTATAGCTAGGATTAAAGTATGTAATTTCTTCAATTTGCTTTGATCTTTTTAATACA
NZ_CP144381.1_gap6	114033	116007	1974	ACAGGTACAAATGCTTTATGATTTGCGGACTTTGTAATCCGTGGTAATAAATAATAAAAATATAAAATAAGATAAAATTTAAACTATGTTTAAGTATATATTCAAGAGAATAGCTATGGCTATTCTTACATTATTTATTGTCATAATCTTTTCTTATACACTATTAGCGGCTTTTGGTAAGAATCCATACGATGGGATTTTAGCTGAATACATTAACAATGCTAGGCCAGGTGATGTTGTATTAGAGCAAATTAAAAGAGATGCAGAAAACTATAGAAATACTCCTGTTTTAGTAAAGCTTTTTAATTACCTAGGAGGCTTATTTAAAGGAGATTTCGGAATTCTTTATGGAAAAGTAAAAGGACAAAATGCTTTTGGCCAAAGTGTTGTCTCAGTGTTTTGAGAATATATGCCAAATAGTTTATTTGTCTCACTTCCAGCCTTTGTTATAAGTGCACTTTTAGGAACAACCTTAGGTATTGTAGCTGGTTATAAAAGAGGAACAATTTGAGACAGCATCATAAATGTCTTTGTCTTTATTTTCATAGCTGTACCATCATTTATAATCGCTCCAATGTTTATAAACTTATTTACAAAATTAGGTTTCCCAACTATTTATACAGCTTGGGTAAGGAATGATACATCGGGAACCAATAGTTTTGCAAACTTTTTCAAAAGTATAATTCCGCCAATCTTAGTTGTTTCACTTAGCTCAATGGCTATTTATACACTTTATGCAAGAAACCAAACAGTTACTGTTTTAACTTCAAATTATGTCCTTATAGCTAAAACCAAAGGTTTAAGCACAATGCAAATATTTAGAAAATATGTTTTTAGAAACATATCAATTCCACTTAGTGCAATAATACTTCCTTCATATATTGGTTTACTTTCTGGAAGTATAATTGTCGAGAGATTCTGAGGAGTTGAAGGAACAGCGCTTATCCTAGCATTTGCCTTTCCAAATGCTGAGATAAATATGGTTATGTATAGCATAATACTATTTACCTCATTAAGTGTGTTTACAGACATTTGGGTCGATATTTCATTTGTAATATTAGACCCAAGAATTGTTTATGGTTCAAACTCAGGAATCAACTACTTACACATTTTTAAAGCTTATTTAGTAAGAAAAAGAAAACTAAAAGAATTATTCAAACAAGAAGAAGATTCAACAATTATTCACGAGGAGGTTAAGAGCAACTAATGAATTCCATAGAATTTAATAAAAAGTATGAATTAGACTCTGAATCAGTAGCAAAAATTGTTCCTTCCCAGAGACCTAAGTCTACTAACAGCATTGCTGGAAAACCAAAAGTTTTAATTGTTGAAGTTTTAAAAAGGTTTTTTACAAATCCTGTTGTTGTTATTTCAACACTAGTTTTCTTAACCATAATCCTAACAGCAATTATTGTTACAATTTCGCCAACTTATAAACCTGGTACTAGTATAGCTTCTGATTTTAAGTCTAATAATTACTGAGACCAAGGACTTTCAGATGTTGGAGGCTTGCCCCCCATCTTTGCTCCGCATATTTCAGTAACAAACTCATCAATTATTGAACAAGTCAATACATTTAATGATCCTAATTATGCTTATTCAAAGTACTTGAAGGAATATTTAGACTTTAGATCAGTCGCTTCTGATAGAATTGTGATTGATTATTACAAATACTACTATGCAAGGCAATTAAATGTAGCTATTAATAAGGCCTTTAATGAAGGTTATGTAATTGATGATTCGTTTGTAAATTATTTAAAAACTCAAGTTGACCAATTTACACTTAAAACCTACTTTGGTACAACTTTTTCAGACCGTGACGTTTGATCAACTGTATGAGCTGGCGCACTTGAATCTATTAAAATAGCATTCTTTGTTGCTACAGTGGAAGTTATTATTGGTGTAACAATAGGTGCTTACTTAGGCTTTCATGCTGGCAAATGAATTGATACAGTGTTTATGAGAATGATTGAC
NZ_CP144381.1_gap7	153779	156964	3185	AATGTAACAGGTGCTCTTCACATTGGTCATGCATTAGATCAGCATATTCAAGACACTATTTTAAGGTTTAAAAAATTAGAAGGCTATGACACATTTTATATAGCTGGAATGGATCATGCTGGTATTGCCACTCAAAGCAAAGTTGAAAGAATTTTGATGGAAACTGAAGGAGTTAATAAACATACTTTAGGTAGAGAAAAATTCCTTGAAAGAATTTGAGAATGAAAAGAAGAATATGCTAATAAATTCAGAAAGCAATGACATCTTTTAGGCATTGGACTTGATTTTGAAAGAGAGCGTTTTACTTTAGATAAATTGTCCAATGATGCTGTAAATAAGGTGTTTATAGAACTTTATAACAGGGGATTAATATATAAAGATACTAAAGCAGTCAACTGAGATCCTGTTTTAAAAACGGCTTTATCTAACATTGAAGTTATTAATAAGCCTACTGAGCAAATAATGTACTACATTAGGTACAAAATTAAAAATAGCAGTGATTTTTTGACTATAGCAACTGTTAGATTAGAAACCTTGCTTAGTGATGTTGCAGCAGTTTTCAACCCTAGTGATGAGCGCTACAAGCATTTAGAAAATCAATATGTAATTCATCCTTTAACTAACGAAGCAATTCCTATTATTAAGGATGAATATGTTGACAAAAAATTTGCTTCTGGATTAATGAAATTATCCGCTCATGCTGAAGTAGATATTGATATTATCAAAAAACATAATTTGCAAATAAGAGAAACAATCAATAAGGACGGCAAAATTGACTGCCCTAGCAGCATATTTCACGATTTAACTAGAGAACAAGCTAGAGAGCAAATATCTAAATATTTAAAAGAGAACAATTTAATTGTTAAAGAAGAAAAAACAGTTTCTAATGTTGGTTATTCTGAACGAAGCAATGCGCCAGTTGAAACATTAGTTATGCCACAGTGATTTGTTAAAATGGACACTTTAGCTAAAAACGTCACTGAGCACTTAAAATCAGATGATCAAGTCAAGTTTTATCCTAAACGCTTTATTAAAACAGTTAACAACTGACTTAAAAATATCCATGACTGAACTATAAGCAGACAGTTATGATGAGGACATAGAATTCCAGCTTGATATAAGGATAATGAAATAAAAGTTCAAGTTGATTCGCCTGGAGAAGGATGAGTTCAAGATTCTGATGTGCTTGATACTTGGTTTAGTAGCGGCATAGCTCCATTTTCATTTTTAGGGTGACCAGCAAGTGATGAATTACTTAAAAGATATTATCCAACTAGTTTATTAGTTACAGGCTATGACATTATTTTCTTTTGAGTAGTTAGAATGTACTTTTTTGGTTTAGAATTCACCGGTAAAAAGCCGTTTGAGACTGTTTTACTGCATGGTTTGGTTCGTGATGAGCAAAATCGTAAGATGTCTAAATCGCTTAACAATGGTGTTGATCCATCTAAGATAATTGAAGAATATGGCTCAGATGCACTAAGATTTTTCCTAGTTACAAATTCAACTCCGGGGCTTGATACAAGATTTTCACTTGAAAAAGTAAGAGTTGCTTGAGGATTATGCAATAAATTATGAAATATAGCTCGCTATATTGATATGCTTGATGATGATTCTAACTCTAAACCTAGTGCTGCTGATATTTGAATTAATAATAAACTTAAGCATTTGCAAAATAAAATCACTAAAGCAATGAATAGGTATGAGTTAACAGTAGCAGGAACTGAATTATCAAACTTTATTTACAATGATTTTTCATCTTGGTATATTGAATTACTAAGAATATATCCAAACAAAAAATATGCACTAGAAAACCTAAGAAAGTTGCTTATTATTACCCATCCATTTTTACCTTTTGTAACTGATTATTTATACCAAAGTATCTATAAAACAGAATTATTGGACGAACAGTTTCCTGTATTAAAATTAAGCCGCTCAATGAAAGTGAAAGAGATTGACTTAATAATTAATGTAGTTAAAATCCTAAGAAGATTCAGAGAAGAAAAGTCAATTAGCAAAAAGGAAATAATTAATTATTGAGTTAGTGAAAATCTTTCGGAAGAGTCAAAAAGCGCGATAAATCGTATGACTAATGGCTGCTTAAAGGAAAATGACAACATTCTTTTTACTGATGGCAAGTTAAAAGTGTGAATAGAAGAAAATGAGACTCTTAAAAAAGATCGTTTAATAGATTTAAATAAAAAAATTGAGCAAGTTAAATTTGAAATTGAACGTGCACAAAAAATGCTAAGCAATCCAAATTTTATTAATAAGGCTCCAAAAGATAAAATAGCTTTAGAACAAGAAAAATTACAAAAGTATCAAAAACAATTAGCAGAGTATGAAAAGGAGGTGTAATTGTGACAATATTAAATGGAAAAATAATTGCTGAAGAGAGAACTGTTGAATTAAAAAAAGAGTTTGAAGAAATTACCAAATTAATTGGTAGACAGCCTGTTTTGTCAATTATCCAAGTTGGCGATAACCCTGCTTCTTCGCTTTATATTAAAAATAAAATCAAAAAAGCCGAAGAATTAGGTGTTAAAGCAACGCTTTATAAATTTGACGAAGATATTAGTCAAAATTCATTGCTTAAAAAGCTTGATGTTTTAAATGAAGAATCTGATGGCATCATTGTGCAATTACCATTGCCTGAGCATATTTCTCCTAAAGTTATAATGAACGGCATACGTTTAGAAAAAGATGTAGATGGCTTATGTGAAAAAAGCACATTCAATTTTTATAATGATAAATATGATGAATTAAGCTTTACTCCAGCTACAGCTGCTGCAATCATTGATTTAATTAACTACTATAAAATAGACTTAAACGGCAAAAAAGCTGCTGTCATTGGACGTAGTTATTTAGTTGGTAAGCCTACAGCATTTTTGCTTAAAAAATTAGGTGCCATGGTTTCAACATACAATAAAAACACTGGAATTAAAGGTGTTGAATCAGCTGATTTATTAGTTTCTGCAGCAGGCCAACCTGATTTAGTTAAAAAAGAAAACATTAAAGATGGCGCTTGATTAATTGATGCTGGCACAACTATGATTGAAAGAGAAGGCAAAAAATGTTTTGTTGGCGATGCGTCATTAACTCCTGAAGAGTATCAATTATTAGAAGGCTATACACCAACACCAGGTGGGATCGGCCCACTTACTGTTATTTGATTGTTTAAAAAC
NZ_CP144381.1_gap8	212602	216227	3625	AGGTGTTATTGATAATTTGATGTCAGCTTTTGATTTTACCTTAAATCAAGCTACAGCTATAGCTGAGTTAAGACTTTATAAATTAAGTAAAACCGATGAGCATGCTTTTTTAATTGAAAAGGAAGAGTTAGAAGAAAAAATTAAGCAATGCGAATTGTTATTAAATGATTCAGATGAATTTAACAAATACTTAATTGCTTTATTTAAAGATCTTAAGTCAAAATTTGGTAGGGCAAGACGAACTTCAATTGAAAATGAACAAATAAAAGCCTCTATAAATCAAGAGGATTTAGTTAAAGAAGAGCAAGTATTTTTAGGAATTAGTAAATTTGGATATATTAAAAAAGTTTCTAAAAAAATATATGAATCTAATTTAATTAATACTTATGGCATAAAAGAAGATGACAACATTTTGTTTTATGATAATGCTAGTTCATTAGATAAATTGTTGCTTTTTACAAACTTTGGTAATTATGCTTATTTGCCTGTTTTTAAGGTGCATGAGTCAAAATGAAAAGAGTTTGGAACTCATCTTAGTGACTTTGTTGATTTAACTTCAGGCGAAGAGCTAGTTAGCGCTATCAAAGTTTCAGATTTTGATTCATCTAACTATGTTTGTTTATTTACAAAAAAAGGACAAGGCAAGAAAGTTTTATTAAAAGAATTTGATGTTTCTAGATTTAGTAAAACTTTTGTAGCTATGAAGCTAAAAAGCGATGATGAATTAATCGGAGCCAAGTTATCAAACGGATTAAAAGATGTATTGCTTATAACTAAGAATAATTTTGCTTCATTATATTCAGAAAATGAAGTCCCTATTTATGGTTTAAAATCAAATGGAAATAAAGCTTGCTATTTAGCGAATTATGATGAATTATCAGCATTTGCAGTTGTAAGTTCTAATGATTCTGTTGTATTAATTAATGCTAACAATAGAGCTAAAGTTGTTAATGTTTCAGAAATAACAAAAGTTTCTAAGGCAAACAAAGGCGTTGCATTATTTGCTAAAAGTAGGACTAATAGTCCTATAAAACAGTGCGATTCGTTACAAGCTAGTTCAAAAATATTAATTGTCAACAATCAAGGACAAGCCCATTTTGAAAAAATACAAGATTATGCAAAAGCAGCCTATGCAAAATTTATTAATTTTGATGTTGACGATTTACGCACTGTGTCATTAATTTCTAATTATTCAAGCGACAGTGAAAATTCAAACACTCACTCTTATGATAAAGAATCAGCAGTTGAAGAGCAAATAATGAATGATGCAATTGAAACTAAAAATTCAATTGATTTAACTATTGATGAAATACTTTCAAAAGTAGATGAATTACTAAAGAAAGATAAAAAATAGCAAATTTTAATAAAATTACTAAAACAATTGTTTTATAGGGCTACAAGCTCTATTTTTTATTAATTTTATGAAAATTTCAAAAATTGGTAAAATTAATTATGAAAATATTTTTATATTCATAAACTAACGTTATAAGGAAAATTATGAGCGCATTAACAGATAATAAAAAGGAAAAGTTCCTTTTTGCCATTGATTTAGATGGAACCTTGCTCTCTTCAAGTAGGGAAAACATAGTTCCTGAAAATTGCATTAAAGCTATTCAAAGAGCAAAAGAAGAAGGACATGTTGTATGTATTTTTACAGGTCGTCCTTGAAGAAGTACAAAACCAATATATGACAAATTAGGACTTAATACTGTTGTTTCTAACTATAATGGCGCACAAATTCACAATCCAAAAGATGATAATTTTATTCCTCATATTAAGTATTTAAACTTAAATGAAATGCTTTACATTCTTGGTGATGAAAAAGTAAAAAAAGAAATCTCAAACCTTGCAATTGAAGGACCAGGCTGAGTTCAATTAGAACACCGTGATGATGATATTGAAGCAGTTTTCGGTTTTAGTTCAGCTGAAAAATTTACAGTTGGAATTAACCTTAACAAGGTTCCTTTGAGTCCAACAGGAATTGTTTTTGATGTTAAAGAATCAACTGATGCTGAAGAATTAAGAAGGTATCTAAGAGCTAGATACGGTGACCTTGGTGAATTTTCATATTGATCAAAAGGGGAAGGACTTACACCAGTATTTGATATTACCAATGTTACTGTAAATAAAGGAAGGGCACTTTCTTTACTATCTAGATATTATGGTGTTGATTTGGACCATACTATTGCTTTTGGTGATGGATTTAACGATGTACCTATGTTTAAGGTGGCAACAGTATCTGTTGTTTTAGGTAACGCTTCTGATTTAGTTAAAAGACATGCTACAGTAAGATTGAAGAAAACTAACAAAGATGGTGCTGTAGGTGAATACATTAACAAGTTTTTAGATAATCCTGAAAAGGAAATAGCTAAATCAAAAGTAATGGCACTAAAAATGAGAAAAGTGTCTATTCAGGAAGAAGAATAATTTGAAGTTTTTAGACTTTGATGTTGAAAGCAATTTGCTTGAAAATAAAAGCATAATAGGCGTTGACGAAGTGGGTGTTGGTGACTATTTTGGCCCGCTTTGTGCCTGTGCTGTTTTTATTGATGCTAAAAATATGTCTAAAATAGCACAATTAGGTATTAAAGATAGTAAAAAAATAAGCGATAAAAAGATTAAAGAGCTTGCTGCTAAACTTAAAAGTAGCAAGCTAATTTCTTATTCTTTAGCACACTTAAATCCTTCCGGATACAATAAATTAAATAAAAATTACAATGCTCACACTCTAAAAATGTTTGTGCATCTTAAAGCTATTAATTCATTGAGTGCTAAGTTAAAAAACGATAAACATGATTACATACTTATTGACAAGTATGCATCAGCTGAAAATATGCTAAAGTATTACAATGAGCTAGTTATAAGTAATAACTGAGCTAATTTTAAAGAAATTAATGAAGATGTTTTAATAGCTAACAAAGCAGAAACATATAGCATTAGTGTTGCTGCAGCTTCTATATTAGCAAGAGATCAGTTTTTAACATTGATTGCTAAAATGAATGAAGAATATAACACAATTTTTCCCCTAGGAGCAGGTAAAAAAGTGAGTGAATTCGCTAAGGAATTTTTTGCAAAACACAATTATAGTGAAGATGTGATTTTAAACACATGCAAGAAAAGCTTCAAGATGAAGATTTTAGAATAGCGCTTCGCTATCATGCTAATAAATAATTACTGTTGCAAAGTAACTAGTTATTTTAGGCGCTAATATTTTTTTTATTTTTTTGCTTTTAAAAAATTAAAAAATATTTTGACTTATTTTTTAATTGTGCTAAAATAATTATCAGTGGCCATAGCAAAGGGGATCACCTGATACCATTCTGAACTCAGTAGTTAAGCCCTTTAGCGCCGAAGATACCAGAGATGGGAAAATAGGGAGCTGCTTTTTTTATTTTCTTTTTGGCATATTTAGCTTCATTAGTTTTAAAAATTAAGTTAGTTTTTGAAACAAATATAGCATTATGGCTCTAGAATATAAAAAAAGTTGCCATAATTTTTGCAAACTTGATTATCATAACAATATTGTTTTATACTATTCATATTATAATAATGCGGCTTAGCTTGCTAAGTCAAACTATGCTTTAATGTAAAGGAGAGCAATGTCTAGAACTAAAAGATTATCTAT
NZ_CP144381.1_gap9	220936	222857	1921	GGGGGGTTATAAATATACCTGTTTTAAGGACTAATTTGCTAAGCAGGGGAATTTTTGTAATTGATCTTTTCATAGTTAAGCTTTCCTTTTTAAAAATATTAATAAAACAATTTGCTTGTTTGCGCATATTATATTTCAAGGAGAGTTTATAATGCAAATGCATTAATAAAAGCAAGAAAATTAACAATTTTGCATAAATAATTTCAATTTTTTTCCCGTTTGTGCTTATAAAACAGGATTATTGGTAAAATAATTTTTACGCATTTCAAGAACTAATGATTTTAGTTTTTTAACAAAAAGCACACAAATTTTTGTGTGCTCTTGTTTTTTAATAATCATTTTATACTTTTATCTACGAAAGATCGATTATTTGTTCGTAGACTCTTTTGCCTGGAGTTCCATCTTGTTTAACAAGAATTCATTTAAATAAATATTTTTTATTTTCCTTATTGCCGTGATGTTCAACACTAATTCCGCTTTCAGAAGAATTAAAGAAGTAGCCAATTGTTGGATTTGAACCATGAGTATTGATTTTATCTTTAATATCCTTATTTACAGAGTTGTTTATTGATAACCCTTCCAACTTTAAATTATGAGTTTTAGTAAAAAATACTCCGTTTAATAAAGCAATAGCAGCTGATGAATTTGATGTAGATTTTTTATCAATTGCATCATTCAGCTTTTTAACAAGTTCTTCCTTATTTATATTGTCATCAAGCTCAATTAAATCATAATTATATGCAGTAAGTAGATCCAATCTGTAACCACTTTCTTTAATTTTTCGTTCATACTTTACAGTTGGCGTTTCAGAACTAATTGGAAGTTTATTTATTGGTTCATTTTGTGGAGTGCTGTCTATATTATCTTCTGGTACGCTCTCTAATCTAATTTTTAGTCATCATTCAATGGCTGTGATTTATCAATATATGGAACTGTTTTAGGATTTATAATTATGTTCCCAGGTGCATAATTCTTAAATCCTGTGAGCAACGATTTCTTTAGTTGTATTTCTCTTTTATTTTTGTTAATTATTTTATATTCGAGTTCCAAACTGTTGTTTGTTTGCGTTACTGATGTAAATTCAAGGTCAATATATGAAGGTTTATTAACCTTAATATGATCTGAAACATTGTGAAAAGTAATATCACTAGATAATTTAGCAGCCTTATCTTTTATTTCAAATGAGATATCGTAATTTACTTCATTTGGCACATAACAACTAGATGAAATAACAAGAGGTGTAGTTACAAAGAAGGCTGTTTTAAGGGCAATTTTGCTAAACAGGGGAATTTTTCCATTCATTTTATTCATAATTTAGTTTTCCTTTTTTTCTAAAAAATGTAAAAAAATCAATTTCTATGTTTACAAGAACTATATTTTATTGAAAAAGAATAAATTTAGTTAAATAAAAAGTGCCAAAAAATGACACTTTTTCCACATTAAAACAGCACTATTGGTAAAGGATAGTAATAGGAATTTTAAACTGCTATATTTGACCTCAAAACAAATACTTTATTGCCTGGATTAATAATTAAATCAATTAATTCTGGATAGTCACTAAAAGGACTTCTAAGCCCATTTTGATGCTTAGCAATTTCATTATTTCTTACTACATCAAATAAATTAATTTGGTCTTTTTTGGCTCACTTAGTATATGTATCAAAATACTTATTTACTAATGGTTTATTATCCAAAAACTTAAAAACATCATTACCTTGATTATGCATTTCATATCTGCTAGCATGTGTTATAGCAAAGTAAAGATGCGCTCTAGCAATATCGCCCTTAAATTCATCTATTGGTTCAGCTAAATAACTATCTATTTTAGTTCCATTTTTAGATGTAAATATAGCATCAGCTACTTTACCAAAAGGATAATTATCCCTTTTATTATTTACTAAAATATCAGTAGGTCAAACAT
NZ_CP144381.1_gap10	224017	225872	1855	AGTTTCTGATGTAAGCAATGTTGACCTATTAGCCTATTTTAAAGCTTTAAACTTCAATGTAATTGAAATTAATGAAGCCTCATATGATAATATTGATAAAGCAATTATTGAAGCTAAAAAATCTGATAGACCAACTTATATTATGGTGCACAATATAATAGCCCCATTTACTCCATTTGAGAACACCACAAAAGGTCACCATGGCATTTTAAATAATGAACAAACACTAGAGTTTAAAAAAGCAATTGGATTGGAAAATAAAGTGCCTTTTGAATATGATTCAGATGTATATGAATATGGCAAGGCTATAATGGCTAATAAGGCAAAAGACTATGAAGAATGATTAGTTGAGTTAGATAATCATAAACAACAATTCCCATGAATTCATTCTTTATTATTAGAGACTATTAATAATAAAACAAATTATGACTTTTCAAACATCCTTGTAAAACAGGATGATTTGGCTATTAGGGATTACTTTAAAGCATTTAGTGAAATAGTTGACTTTTTATATCCGTTTTTAATAGGAGGCGGTGCTGATGTTGGTTCATCAACTAAAGTAAGGTTTGCAGATTCGATACTAGACTATGGTCAAAGAATTGACTATGGTGTAAGAGAATTTGCAATGACTGCAATTAATAATGGCATTAATTTATATGGCGGATTAAAAACAGCTGATTCAACTTTTTTAGCATTTTCAGATTATGCTAAAGGAGCGCTAAGATTAGGTGGAATAATGAAACTTCCTGCAGTGCATTTATATTCTCATGATTCTTATTTAGTTGGAGATGATGGTCCTACTCATCAGCCAATAGAGCAAGTTACTGTTTTAAGATCTATTCCAAATTTATTGGTAATTCGTCCTTGTGATAAATATGAATTAGTAATGGGTTTAAATTATGCATATAATAACACAAGCACACAAGTTGCAATAATAGGAACTAGACAACCAATTAAAACAATGCATTCAAGCAAGTTTTCTGAATTTATGGCAGCTAGTTTTGTATATGAAAACAAGGAGTTTGATATATCAATTGTATCATCAGGCTCTGAAGTTGAATTAGCCTATAAAACAGCCTTAGAATTAAAAAATCATGGCATAATTGCTAATGTTATATCAGTTCCAGTGTTACAAAAATTAGTTGATAATGATGAATTAGCTATCAGACTTAAATTAGATAAAAAACCTATTTTTGCAATAGAAGCATCAAACGATCCACTATGATATAAATTAAGCAAATATAACAAAATAGATGGTCATTTTGCTTATGAATACGGATTTTCTGATAAAGGAAATGTTGTATACGATTCTATGGGTTTTAATATCAACAATATAGTTAATAAGGTAAAACAATTCTTGACAAAAAACTCTTAATAACAGACACAAAAATCAAAATACAAAAAATGGACTTACATTTAAAGCCCATTTTTTATTTTTTTAAAATGTGTATTTTTCAGGATGTTCTTTCATCATTTTAGCAACAAATTCTTTTTTAGGCATTTTGCCATATTTATCCATTAATTCCTTGCACTCTTCTAATTCTGCAAAAGCCCATTTTTCATCTTCAAAGCCTAATACTTTAGTTAAGTTTGGCTTCTTTCAGTTTTTGTAATTGTTAAAAAATGTTTCTATATCTAATAAAAAAGGTTCTGGCAACTCTTTTAAGCTATTAATATTTGCTAAACGATAATCATCATCATGTACAGCAATTAATTTTGTATCAGTTTCGCCTGAATCATTCATTTTCATTGCACCAATAATACGAGCATTAACAACAACACCAGGAATAAAAGTTTCAGGGCTATAAAGTAAAACATCTAACTCATCGCCATCTCAATCTAAGGCATTTGGAAT
NZ_CP144381.1_gap11	230877	235172	4295	CTGCTGCACACTTGATTAATACTGCTAGAAAATTAGGCAAGCAAGAAGTATTAGACAAAGGAATTGCTGGCTTTAAGATTTTAATTAACACAGGTAAAAGTGCTGACCAAAGCATTTTCCACACACATGTGCATGTAATTCCATATAAAGAAAAAAGCAAAGACAACTAATAAATTAAGCAAATAATTCTTCAGGCGAAGAATTATTTTTATAATGATTTAGATATTTTCATGGCACTCAGTTTTCAATTTTTTTGGTATATTTATTCATAATGTAGAAATGAGAAATAATGAATAAAAGAAAAATATTATTAATATCTTCATTTGCATCACTAGCTCCCATAGTTGTGGCTGCTAAGTGTACTCCAGATAGTGATAACATTGTAGAATTTAGGCTAGGAATTAAAGATTTAGACTTAAGATTTGCTAATTATGGTGTGGTAAATAGCCAAGAATTAGAAAAAGAGCTTAAGCAAAAGCCACTTAAAGATGGCGAATTTACAATCGTGTATCCTAGTCAGGATGAGTTAAATAAAGAGGCTCAAGTTATCAAAGATTTCTTTGAAAAAGAAGAAACCAAAAAGATTCCTGGATATAAAAATATTTACAAAGAAACCTATGAAACAATTGTTTTGGGCAAACAACCTGTAACTTTAAGTGATTTTACAAACGAGTATTTATGATCTCGTGATTTAGTTAAAATTGTAGATAATGGCAGTATAAAAAGCAAAAATAAATTAAAACTAATAATCAATCAATTTATTGATAATGCTAATGGCTCAACAACTGCACATTTTAGAATAGAGCACAGTGATGATCAAAGAATTTATGAAGTTATTGGCGATTCTAATGGCTATATAGTGCAGTTTAAAGGCAAACTAAAAACCATTTCTGCTAACCACTATCACTTAACTAAGGAAATTATTGAGAACAACAAAAATAATTTAGCTGTTTTATTAAAAGCTAATGAAACAACACAAAGAACATAAAAAATGCCGAAAAGCGGCATTTTATTTTTAATGAAAATGTAGAGTTAAATAAAAAGATTATTTCTTTTCCTTGTGAAGAGTGCTAGCATTGCATTTTGCACAGAATTTCTTTAATTCTACTTTTTCTGGTGTATTTTTTTTGTTCTTTTTGCTAATGTAGTTTTCCATTTTGCAATCAGTACAAAATAATGTAAATCCATCTCTTGGCATTATAAATCTCCGTTTTATTTAACTTATATGTGTATTGCCTAACTAATATTTACATATTATAGTAAAAAAACCAAAAAATGCATATATTTTAAGGCAAATATTAACAAAATGTAATTTAGTAGTAAGCATGGCATTTTTGTGTTTAATATAAAGCTTATTTTAACTTACTAATTACAGCGAAATATTTTGGGAAAAGCACTGCTTTTTCCCATTTTTTTACTTTTTTGTGATTCTCACACGAAAAATACTCATTAACAAAATGAGAAGGGAGCAGGCATTTATATCTAAATTTCAGGCTTTCAATAAAACAAACCTAAAGTTGTCGCCTTCATAAAATAAGTCACCAATCATAAGATAAAGATATATAACTTAATCATTTACCAATTAATTTGGTACTATGAAAATATAATCCTATTAAAATAATGTTATTAAGCATAATATATAATTATTATATTTCTTAGCTATTGATTGGAGAATTATGAAAGTATTATTTGTAAATATGGATGTAAACCTTTTAGGTAATGAAGTTAAAGTTGGGGGGGATGTATTTCCTAACTTTAAAGCTGTGGACGGTGAATTAAATGATTTTGAATTTTATTCATTGCCAAAAGGTAAAAAATTAGTTTTATCAGTTCCATCAATTGACACAGAAACTTGCGACATTGAAGCAACTAAATTTATGAACTATTTCAAAGACAAAGAATATGAAGTAGTGGTTGTATCATATGACACACCTTTTGCACAAAATCGTTGATGTGTTGCAAAAGATAATAAAAAAGTTAAATTAGTTAGTGAATTTAAACACAATGATTTTGGCAAGAAAACACAAACATTATTAGAAGGTGTTGGCCTACTAACTAGAGCAGTATTTGTCTTAGATGAAAACAATAAAGTTGAATATGTTGAATATGTGCCAGTTGTTTCAAATGAGCCTAACTATGAAGCTGCCTTAAAGTACTTTAAATAAGGCACAGCAGTCAAAAAAATGAACCAGAGCAGGTTCATTTTTTATTCACTAGTTTTAGCTTCAATTTTTTTTAGATTATTGATAGCTTTATGAACGCTATCATAAGCAGCAGTTCTTGTTGTGGCCGTGATTTTAGCTATTTCAGCATACGAAAGATTTTCATAGAAATAAAGTCTAAAGGTTTGTTTTTGGGTTTGAGTTAATAATCCTTCATATTTTTCAAAAAGAGAGCACAAATGTTCAATATTTTTAATGTCATTAATGGGATTATTCTTCATTTTTGTCAATTAAATCCTTGGTCATTTCATAAATGAAATTATCTAAGTCAAATTCTTGAAGATCATCAAGTCCTTCCCCTAGGCCTAGATATTTAACATTGATGTTAAATTCATCCTTAATTGATAAAACAATCCCACCTTTTGAAGTACCATCCATTTTAGTTAAGATTATGCCAGTAGGATTAGCAACTTCGCTAAATGCTTTGGCTTGGCTTACACCATTTTGGCCAGTAGTTGCATCAAGAACTAGTAAACACTCATGTGGTGCACCTTCTTGGAACTTATTAATAATTGAGTACATTTTTTTAAGTTCATTCATTAAGTTAATTTTATTTTGCAATCTGCCGGCTGTATCAATTAACAATAAGTCATAATTTTCAGCTTTAGCTTTCTCTAAAGCGCTATAAACAACGCTCGCTGGATCAGCACCTTCTTTTATTGGCTTAACAATATCAGCTCCAACACGTTCAGATCATATAGCAATTTGATCAACTGCACCTGCTCTAAAAGTATCAGCAGCAGCAATTAAAACTTTCTTACCTTCTTTTATATATTTATGTGCAACTTTAGCAATGCTAGTTGTTTTGCCACTGCCATTAACACCAATAAATATTAAGATATTTAATCTGTCATCTTCAACATTAAGTGTTGTATCAACAACACTTTTATTGGTATAAACAACAAACATTTGGTCAGCTATTAGCTCGCCAATATCTTTAGTGCTAGTTAACTCTCTGATCTTAACTTCATTTTTAATATAAGTAATAATTGCATACACTAGCTTAGCACTTATATCGCTCATAATTAAAATTTCTTCTAATTCATCAAAGTACTCTTCGTCAATTTTTTTGTATTTGTTTGAAAGATCCAGCAATTTTGCGCCAAGTGAGCTTGATTTGCTTAATCCAGCTTGGTACTTTTCTAACTTTTGCGAACGCAAAAGTTCTTCTTGCTCTTTTTTCTCTAATTCAGCTTGCTTTTGCGCTAATTTTTCTTCTTTAGACTTCTTTTTTCAACCAAATAATTTGTCTTTTAAATAACTAAAAAATCCCATAATTCAATTTTATATAAAAATATCCTACTAACTAAAAAATAAAAAAACTATAAACATAGTTTATAGTATTAAACATTGACATTAAGTCTTTCAACTTTAGCATTATATTCAATGAATTTTTCTAATTCTTTATTGATTAATTTAGCCTCATCAAGCTTTAAAAAATTATTGTATGCTGCTGCTGTGCTTCATCTTTCGATTACAACAAGTGTGTTTTCGTTTTTTCAGCATAAGTCAAAAGAAAGATTTAATTCTTGTTTTTTAACAAAATCGTTTCAGTTTCTAATCAAGTAAGCAAATCTTTCCTTAGCTTCTTGCCTAATTACCATTTCTTTATAAATTATGTGAATCATTTTTCCTTCCGCTATGCTGGATATCTATTTTTTAATTCTATTATATAGAATAAATTTATCAGCAGTTTTAACTCCATCAAATTTTGAAAAGTTGCTAATATTATCTAATTCAAATGAGTTAACATTTAAAGCTCTAGCTACTTCAGTAATTTTATTAGGCATAACAATTTGCAAGCTTCAAGAAACTGCATAAATGCCATTGAGCAGTCTAACTAAAATGTTTTCTAACTCTTCTTTATGTTCGTGCGCAGTCAAGGTTCAAGGCTTAAGCATATCAATGTATTTATTTAATGCATCAGAAAGATTCATTGAGTACTCAAGTGCTTTATCTAATCTAAATTCATCCATAAGCTCAATGAATTTAGATGAAAATGAGTTAATTTTTTCTTCTATTTCTAAATGTTCAATTTTACTGCTTTGCCTGTAAATTAGCCCTTCTGGGAAA
NZ_CP144381.1_gap12	237298	238016	718	ATTTGTTCATTAGCTTCAAAATCACCATCGCCAATGTTACTTATGTACACCATTGCATCAGTTTTGTTATCAAACTGAATAAACATTCCAAATTTAGTTATGCCAAAAACTTGGCCTTCAAACTCGCTGTTGATTTTGCTTTTAAAATATTCAGCAAACTTAAGATCATTTACATCGCGTTCTAATTGCACTGCATTTTCTTCACTAGCTGAGTTCATAGCAGCTATTTTTTGCAAATTAGCAGCAAATTCATCAACTTTATTTAACTGCTTTTTAAAAACAAAGTCTCACAAGACTCTGTGAACAATAACATCAGGATATCTTCTAATTGGGCTAGTGAAGTGACAATAGCATTCACTGGCTAACCCAAAGTGGCCAATATTATCAGGTGAGTAAACTGCTTTTTGCATTGTTCTTAAGAAAAGCATTTTTAAAAATTCATCATTGCGCTGGCTGTTGATTTGATTTATAATTTTTTGAAATGTTAAAGGAGTAATATGCTTTCTGTTTAATGAAACATTAATTTTAAGTGACTTTAAAACTTCTAAAAAGTATTCTATTTTCTCTTCACTAGGCACTTCATGAATCCGATACATCATAGGCAGCTTAGAGTTAGTTATAAACTTAGCAACTTCCTCATTAGCTCTAACCATGAAGTCTTCAATCATTTTTTCCGATTCGCCTGTTTTTTCGACACTGATGTCTAAAACACGACCAT
NZ_CP144381.1_gap13	250224	251836	1612	CTTTAAGACTAGGTGAAGATAAGATTAAAGCAAAAGATGACACACTTGCACAAAAAATTTATGGCTCGAATGTATTTTATGAGCGCCACCGTCACAGATATGAAGTAACTGATAAATACAGAGTGCTTTTAGAAGATAAAGGCTTTGTTTTTTCAGGAACTCATCCTGAATTAAACGTTGCTGAAATATGCGAAGTTAAAAATCATCCATTTTATTTAGGTGTACAATACCATCCTGAATTTACAACTCAAGTACTTAGATCAAACCCTTTGTTTGACACATTTTTAGCAAAAACCTGAGAAAATAAGCAAAACAAATAAATATTAACTAAGCTCACTTACTAGTGTGCTTTTGTTTTTATGTGTAAAAAATACAAATAATCAATTTAGTACTTTAATACTATAAAACAGCCATATCAGTAAATATTAGTATTTTTATAAAGCACAAGCAAACAGAATTTAAATCGCCATAAAATGAATTTTTTATATAATACATAAACTTATTATAAGTTTATAAATTAGTTTTATTATAATAATCAAACTTATATTTATTCTAGGAGCAATATGTCAGAGATAGATTACAAAGAAACGCTAAACATGCCTAAAACTGATTTTGAAATGCGTGCAAATCTTACTACTAAGGAGCCTTTATTTAGAGAAAAGTGAGAAAAAGACAATTTGTATGCTAGGGTTTTAGAAAAAAACAAAAATAATACTCCATTTGTGCTTCATGATGGCCCTCCATATGCAAATGGTAGCATTCACATTGGTCATGCGTTGAATAAGATTTTAAAAGACATTATTGTTCGTTATAAATCAATGTGTGGTTTTTATTCTCCATATGTTCCTGGTTGAGACACACATGGCTTGCCGATTGAATTAAAAATGCTTACTGATGCCAAAATTAATTACAAAGTTATTTCACCTATTGAATTAAGAAAAAGAGCGTCAGAATATGCTGATATTCAAATTGAAAACCAAATATCACAGTTTAAAAGCTTGCAATTATTAACTGACTTTAAGAAAATTTATAAAACTAAAGAACCTAAATTTGAAGCTGCTCAGTTAAAATTATTCAAAAAAATGGTTTTAGATGGCTTAGTTTATAAAGGTCTTAAACCAGTTTATTGATCACCATCAAGCCAAACTGCTTTAGCTGAAGCTGAAGTTGAATACCATGATGTTGATAGTCCTTCAATTTATGTTGCTTTAGAAATAATTGACCAAAATGGCTCTCAAAAAGTCAAAAACGGCGATAAGTTAGTTATTTGAACCACAACTCCATGAACTTTATTAGCTAATGCAGCAGTTGCAATTGGTGAGAATTTTGTTTATTGTAGAGTTGAGCACAATAACCAAGGATATATTGTTGCTAAAGAATTAGCTAATAAATTTATTGAAATAAGCAAACTTGATAATGCACAAATTAGTGTTGATTTTAACGCTAATGAATTAATAGGCATTAAGTACAAAAGTGTGTTAAATGATTTAGTTTGTCCTGTTGTTATTGGACATCATGTTAGCCTTGAAAGTGGAACTGGATTAGTTCACATTGCGCCTTTATTTGGTGAAGATGACTTTCAAATAGGAACAGCTAATTCATTAGAAATGAT
NZ_CP144381.1_gap14	283608	285275	1667	CGCTACTTCATTAAATAAGCTAACTAATGAAAATGACTATACACCTTTAGCAACTATTGCTCGTAAGTTTGCTAAAGTAGTTGCTGATGATATATTAGGAATAAAAAATGAATTTGTTGGTCATATTCAAAGCTCTATAGTTAAGTCTTTTGATGCTGAATTAGCTTCTTGCGGGCTAAATGAAAATAGTGCCAAAGCTCTAGGTTATGACATTAAGACTGTGTTTATTAAAGACAAAGACCATCCAGGATACTATCCTAATCCAACACTGTTAGCCTTAAAATTAATTGTTAATAAGCAAACAAATACACTTCTGGGCGCACAAATGTATGGCTCTAATCTTTCAGTTTTAAGAATTAATTTTTTAATTAGTTTAATCTGAAACCAAATTAAATTAGATAAATCACTAGCACAAATTGATTTAGTCTACTCACCACCTTTTGCAAGAGTGGTTGACATATTCCATATTGCTATAGAGAAGCTTTTAAAGGAGAATAATGAGTAATAATGTTTTATTAGATAGGTTTTTAGCTATAAGTAGCTGACAGGCTGCTTTAGCAGTTATTCTATTTCTAGCTATCCAGATAGGACTATGATTTACATTTAAGCGCTTTAAATTAAAATTTATTTATAGAGTCTTAATTGGACTTGCAATTGGTTTAGCATTTGGAATAGTTGTGCAAGGAATTAACAAGTTCCCTGAATTTGGGCTAGTTGATCAGTTTAAGCCAGCAATTAAACATGGCGGGGAATTAGTAAAAGAGCCAAATCCAGGTTATCAAAAATGAGCTGAGCAAACTAATATTTGAGTTTCCTTAGCTAAAAATATATTTATTAATGGAATTTTATTACTTACTGCTCCAGTGGTATTTATCGCCATTTTTAGGGTAGTTTCGCGTCCTGGTAATAAAAATGTTGGTCGTATCTCGCTTAAAGGTGTTGCTTTATTATTGCTTAATACAGCTTTTGCCTTTATAGTAACATTTTGAATAGGCTATGCAATCAAAATTGGTGAAGGCTCAAATTTAAGTCTAGAGAATGTAGCTGATAAAAAATTACCAAAAGAAACTCAACCATTACCAGTAATAATTTGAGAATACTTACCAAGCAATATAATTAGCCCATGAGCTGGCACTATGGTTATTTCATTGATAGTAATAGCAGCTTTATTTGGCCATTCAGTAAAAATTTTGTCAAAGAAAAAGCCTGAGCAAATGCAAAAAATTAGAAACTTTATGGATGGTGCTTGAACTATTGTTTCATCTATATTAACTACTTTTATGAAAATTATGCCTCTAGCTGTTATGTCAATGATCGCTTCATCAGTTATAGCAAAACTAATTGGAGCTTTAGCAACAATTGGCAAAGTATTAGGAGTAGGATACTTAGGCTTAACAATTTCATTAGTTTTCTTAACGCTGTTATTATTAATAAACAGAGTAAATGTAATTGCTTGATGAAGACACTGTGCCAAAATTTTAATTCAAGGTTTTGCAACTCAGTCTTCAAACGCAACACTGCCAATGTCAATGGAAACATTAAAAGAAGATGTAAAGCTTGATGACAGTGTTGTTTCAACAGTTACACCTTTATCAACCACAATGGGTCTAATGGGCTGTGCAGGGGTGCAATCTGGTGTAATAACTAGCTTATTATGAACAGGCACT
NZ_CP144381.1_gap15	287383	289158	1775	TCATCTATTGAATCGGAATCTTTTAACTTGTTTTCTTCAAATGTTTTACTAAATTGCTCTTTCTTATACTCATCTTGAATGGTATTAAGAAGAACTTCAATATTATCGGCTACTCTTTTTCAAGCATTAGTTTTGATTCCTCTTTCATATTTATGATATTTATCATCGCCCTTTTCTTTAGATTCTAAATAAGTTTCAATGATGTCATAGTTGTAGTAAGCAAAATAAGGAATCTCAATATCAGGATCAATACCATCTTGAGTATAAGGCAAGTGTTCAGGCTTTTCTATTTTTTTATCAACTCATGATATTCAGGCATTATTAGATGAAAATTTAAAACTAGTGCCATCAGGAATAACAAGAGGTAAAATTGATCACATTCCACCGCCAGATTTATTGCCAATTATAGTTGCAAATTTGTTTTCTTTAGCAATATGAGTTAATAAATTCGCAGCACTGAATGTATCAACACCAGCTAGAATGTATCATTTATATTCGTTAGTATTATCTTTTTCATCATACTTTTTGTCATTGTTAATATCAACTCTAAATCTTGAATAATCTAGAATCCTATTAATTTTTTCATAAGTATAAAGCTGCTGATCTTTGCTTGATAAAAATCCAGCCACCTTTTTCATTGCAACAATTGCTCCACCATTAAGTGATAAATCTAAAATAATACGCTTAATAGGAGTATTTTTTTCTGAATGCTCTTTAATCATTTTCATGGCTTTGGACATTAAAATATAACTATCTTTAGTATGAGCATCCGGCTTGTTAATATCTTCATCACTAGCTACATTGAAATTATCAAGGTAGATAATTGCTATATCATTGTGAAAATTAACGAACTTATTCTTATCTCCTTCTAAAATGTCAAGACGAAGCTTACTTAAGGTATTAAGGTAATAGACAAATTCATTCACTCTTCCGCTTAGTGCCTGACCAAAAGGTTCAGCTCTATAGTCTGCTGGATGAAAGTATGAACCCGATTCAATTGAGCTGTGCAATTCATTTAATTCTTTGTAATAAAAGTCTGTATAAGCTCTACCATTAACAAGTGCATCTGTGCTTAGCATTCTTTCTTTGAGAGTCATCTTAGCTTCATTTGGATCAATTATGCCTGTGTCTTTTATGACTGTTTTAGAGAAGTATTCGTCAAAATCTTTAGCATTCTTTTTTTCTAAAAATTTCTCTTTTATGCCGTAAAAATTATCAAATAAGAATCTGAGGAAGTTGTATGTATTAATTCTTTCTTTAACTGTTTGCTTAGTATTATTACGGCTATTAGTCATAATTTTGTTGTACTCTTTAGGATCTGAGTCTTTATTAACAGTAACGGTAGTGCCTATAAATTTATCATTGTTAAAGTAAATATTATAGTAGCTTTGTGAGCCATAAAGCAGGTTAAAAAGGGAAAAAAGGCATAAAGATATTGCCATCTATTTCCTTAATACTCATGCCATATTTTCCTAAGTCAAGAGTGCTAAATTCTTCATTATCTAATCTAGTTACTTTTTGTTCTAATTCCTTTATATTTCTAGAATAATCAGTAGTTGAAGAACCACGCACTAGGAAAAAAGCTCCTGTTGTGTTCATTTTAATTACGTTTGATCTAGTATCATATATAGCTTTATTAGAGCCTCTAGATCATTCAAACACACCATCAGATACTTTGTTAATCTTTAATTCCGAAGTATTAAAAATTCCACTAAGTTTTGTCAAAAATTCATTGACATTGATATAAAGATCATCAGAATCTTTATGTCTATATG
NZ_CP144381.1_gap16	290519	294278	3759	GGTCGCCAAGATAGTGATTACGTTTGCTTGAAGCTTTAGTTATTTCATCTTGAAGCTCATCTTTTAGCTTTTGAAGTTCTGCTGCAACTGGATCGATATTTTCAGTACCAGGATTATTAGAATCTTTTTGGGCTTTATCCTTATTATCACAAGCAGCTGCTATTGCAGGAAAAGTTAATATTGGCAAAAGCACTAATCCAAACTTTTTCATATACTATTTATCTCCTTTATTAATTAACATTAGTTTTATCAACCAATTTAATTAATTGGTTAAAATCGTCTTCCTTCATATCATTTCATCATTTGCTCTTAACTAGATATTTACTATAAACTTCGATTTCTTCTAAAGCGCCTCAGTGCGATTTGCTTATATCAGTAAATCTAATAAACTTTGGCAAGATTAACTTTTTAATCTTGCTTTCATGAAAACCTTCAAATGATTCTAAGTTTTCAGGTAGTTTGATATCTTTAATTAGTGTTTCATTAAACCCACCTACTTTAATTACCTTTTCAGGAATTATCAATTCGCTAATGTTAGTTGAGTTAAAACCATTTATCTCAACTAAGTTTTTAGGTAACTTAATTTTAGTAATATGTGGATTGTAATTAAACGCACTATTAGTAATAACTTCTAGTGATTCAGGCAAAATAACTTCTTTAATTCCAGACTCTTTGCCTGAAAAGCCACCAAGTACTTTTAAATGACTAGGCAACTTAATTTCTTTTAATCTGTTATTCGAAAAAGTGCCGTCATGAATTATTTTTAGTGTTTCAGGTAGAGTAATTACTTCAACATTAACTAGGTTTTCAAAACCAGCTAATTCAGTTAGTCCTTTGTTCAATCTAATTCTATTTAATTTAGAGTTTCTAAATGATTCTTTATGAATAACTTTAAGTGATTTTGGTGTTTTTAATTTAGTAATTAAAGTACTTGCAAAACCGCCCAAAGTCTCTAATTTACTAGGCAATTTGACTTCTTTAAGCTCTGTTCCATCCAAAGTATTTTTATGAATTACTTTAAGTTGCTCAGGCAGTAAAATATTTTTAATTTTAGTGCCAGCAAAACCACCAAAAGAGTGAAGATTCTTAGGTAAATAAAGAGTAGAAATAGCACTATAATCTAATGTTTCAGCTCATATATCTTTAAGTGATTCAGGAAGAGTAATTTCTTTTATATTTCAGTTTTTAAAACCACCAAAAGAAATTAATTTTTCAGGCAATATTAATTCATTTTCTTTAGCCTGTGGCACTCTCAAATCTAAAGTATTAGGTTCAATGTGTAATAAGTTTTTAGGCAAGTTAATTTCAGAAATAGCTGTTTCAGCAAAGCCACCAAATGAAACTAAAGAATCAGGCAGAGTAATACTATCTATTAAAGTTTTATCAAAAGCGTTTTTTGAAATAGATTCAAGTTTTTGAGGCAGCTTTAGCACTAAAATGCTAGTATTTTCAAAACCACCTAATTTTTTAAGTGATTCTGGTAAGTCAATTCTTTTAATACCTCTTGATTCAGCAAAAGCATTAGGCTTTATTTCAATTAGTCCATCATTGAGTGTCAAGTTATTAATATTAGATTTTTTAAAACCACCGAGCACTTTTAGTGAATTAGGAAGCTTTAATTCAGTTAGATTAAAGTTTAAAAAACTTTCATCTAAAATTTCTTCTAATTGGTCATTAAATTCAATTTCTTCTAAATTATGTAGAGTATTAAATCCTCCTAAAACTTTTAAGTTTTTATTAAATTTGAGTTTTGTTATAGGAGTTTCGTCAAATGAGTTTTCATGTATCTTAGTTAAAGTTTCAGGGAAACTTAATTCTCTAATGCTTGTAGCTTTAAAGCCACCTAATTCAGTTAGCTTATCTGGTAATTTTACAGTTGCAATCTTAGTATTATCAAATGAACCTTTTAAGATTTTGCTAACACTTTGCGGAATATCTAAGTTTTTAATAAATGTATTAGCAAAGCCACCCAAAACTTGTAGATTCTTAGGTAAAGTTATGCTGTCTAAATTAGTGTTATCAAAAGCACCTTGATCTATTATAGTAATAGCATCATGAAATTCTACTTTTTCTAAATTGTAAAAAGTGCTAAAAGCATTTTTGCCAATTTTAGTAAATTCAGCAGGAATTTTGACTTCTTTTGAATTTCTGTCAAACTTTGCTAAAGCTTTTTTGGCTGTAAGAACAGAAGGGTCCTTTTCTTCCGGATCTTCCTGTTCTACAGCACTATTAGTATCTTCAACATATTCTTTTAATTCTTGTTCAGCCTTATTTTCAATTTGTTTAACTTGCTCAGCTACTTTATTTAGTGCTCTTAAAGCTTGTCTGTCGCTTCAAAAATTTGAAAGATTATTTTCATAGTTTTTAATAAGCTCTAATGATTCATCTTCTACTGATTCAAGCTTTAGTCTATGAAGGTCATAGAGCACTTTAGTGCTAGGTTCATAATTGCCACATTTTGCAGCAATTAAGGGAGCTGCAATAAATAAAGGAGCAATAAAAAGATGTCTTTTTAAGTATTTTTTTGCTTTCATTTAGTTCCTCTAAAGGGCTTTGAATTTATTTAGCTTTTTTCTCAATTACTAGTGTTCCTGAGATTAATTTTGACGAAGCACTTGCTTTAATTGTTACTTTTTTGTAAACGTCTTGTGCATTGTTTGTAGTTGCTGTGCTGTCCTTTTCAGCTTCAATTTTTTCAATGTCATTCTTAGTTATTTTTTCTAGTTCCTTAACCTTTTTTAGTAGCTTAACAGCTGATAGACTAGCAAAATTACCATCTTCAAATTCTTCTAAAAATTCTTTTACAAAATTTTCATCAAGTTTAAGTTTGCTTAAATCAACTTTCCCATTTTGGACAGAGTTGCTTTTATTTTTGCTAAGTGTAAATTTACCTTCAAGTCTCTTTGAATCTTTTGAAGCTGTTATAGTTATTGTGCCATTGCTTTTATCAATCTCTAAATCAAAGTCATCATCTTCTAAACCATTTTTAAATAAGTTGTTTAGAGTGAATCAAACACTAGTCTTACTTGAATTATTCTCTTCATCATTTTTTTCATCAAATGATGCAAGAAGATTCATCTTTGTTTTTTCATCAAAATTATAGGTTGATAGGTTAATTTTTATTGAAGCACTATTTTCAAATAGAAACTGTACCCATAATTAGATCAGAAGTTTCAGAAGCACTTATAACAAGTTTTCCTGTGTCGAATTCAACTTTTACATCATCAGTTTTAAGTGTTACTAATCCAGGTATCTTTTTTAGAATATTTACAACATTAGATGTATTTGGCTTGTATTTGGCTTCTGATTGAAGTTCCTTTTTAATATCTTCAGTCATAACCATATTCAACATTACCTTAAATACAAAGTTTAATGTACCAGTAAATTTAGCTGATGTACCTTTAGCAGCAATGGTTAGCTTGTTGCTTTCTTTTTTAATTTCAACATCCTTAGAATCTAAATCTTTTAATTCAAGAAGTTTCTTTAGAACACTAACAATGTCTTCTGTTTTAAGTTGGCTCTTTGTTGTTTCAGTTTGTAACCCCTTTTTAACTTCTTCAGTCAAGGTAATATTATCTAATTCTGTCTTGCTTGAAATGCTTAGTTCGCCCTTAATAACTTTTGAATTTGGAGCTGCTTTTACAGTCAAAGTACTATCTTTGAATGAAACTTCAAAGTCACTTTCAGTTAGTTTAGCAAAATTATTATCTTTTTTAAGAGCAGCAAGAACTTTAGCTTTATCTGGTTTTTCTTTAGCTT
NZ_CP144381.1_gap17	415216	416004	788	TCAGGCACTGCTATTGCTGAAGAGTGAATGTCTGAAGGTAAAGACTGCTTAATTATTTACGATGATTTATCAAAACATGCTATTGCTTATAGAACATTATCACTCTTACTAAGACGTCCACCTGGACGTGAAGCTTATCCAGGCGATGTTTTTTATCTTCACTCACAATTATTAGAAAGAGCTGCTAAAGTTAATTATTCTTATGGTGGCGGCTCAATTACAGCTTTACCAATTATTGAAACACAGCAAGGCGATATTTCTGCTTATATTCCAACTAATGTTATCTCAATTACTGACGGCCAAATTTTTACTCGTGAGAATTTATTCCACTCAGGTCAAAGGCCTGCTGTTGACGTTGGTTTTAGTGTTTCTAGAGTTGGTTCAAGTGCGCAGATTAAAGCCATGAAAGAAGTATCAAGTTCACTTAAGCTTGAGCTTGCTCAATATAACGAAATGCAAGCCTTTGCTCAATTTGGTTCTGACTTAGATGATTCAACTATTGCTATACTAAAACATGGTCATAAAGTTTATGAACTGCTTAAGCAAGAGCAATATTATCCAATTAATCAATTGGCGCAAACGGCTATTTTACTGGGCGTTAAGGAAAAAATCATCAATCCACTTCCTGCTAGTCAATTAAGAAGATATAGAGATGAAGTTATCAAATTTATGACTAAAGAATTAGAAGGCATAAAAATTGGTGAAAAAATTAAGCAAAATAATAATGCCTTAAATAGTAGTATTAAAGAAGAAATTACGACTCATTTAGTCAAAATAGTTAATAAAAT
NZ_CP144381.1_gap18	465393	467540	2147	TAAAAAGAACTGTTGAAATATTTTTTGAATTACTGTTATTATGCCTAATACCATAGGTACTAATGAACCTATAGATAATATAGTCCCCATAAACCACGACTGTGCATTTGCACCACTAGGTAATTTACTATATGTAGAATAAGTCACCCAGTAGGATCCATATTCAGAATCAGGCTTTGACCAAGTAGCGAAAGAAACTCCTTTATCAGCCCACGCTTTATCATAAAGCGAGTCAAATATACTCTGTCCTAAACTAACATTTCCGCCTAAAACTAAGTCAACTAGTATGCTAATTAGTATAGAAAATACATATAAGGCAATTGGTATACCAATTAAAAACAATGTGCCTAGTAGGCTATTTTTCATAGCAATTGAAATAGGCGAAGGTTGATCCGACTTTTGAAATTGCACTTTAACAGCACTAAGTGCAAAAAGAATTGCAAAAACAAAAAATGATATTATTGCCATTCTTAAAAATAGTATTGGTAATTGTGCATTAGCAAATGATTCACCAGGGCTAATGCCAAAAAGTAAATAAGATGGTAAGGCAAAAGTAATCATCTTATATATTCTTACAACAGAATCAAGCAATCACAGCGGAAGTCTAACAGTAACATTAAACAAACCAAGCCATATAGCATAGCCTAACCTTGCAAACATTTTTATTATCCTTTCACTATAATAATTTTTAAAGTTTTATTATGAATTAAATAAAGGGCTAGCTAACTTTTCATACACCCTGTAATATACCCGTTATTACTCCACTTATTGCTCAGGCAATAACAATGAAAATAATAAAACCAGCTAGTCATTTAATTTTCTTTAATTCATTTGCTCTCTGTTCATCAGAATCAGCTTTTGAAGCTTTAAATCAGGCTGTAGCCCCAACAATTAAAATTGCTATTACTAAGATACCTGCTAAAGCACCTAGTGTAATATTTATATATTTTTGTACTGTAGCCGCTAGATCACCTAAATTAGTTTGTAATGTGCTAGTATCAAAAGGCTTAGTTCCACCCATAATATTTATCTCCTTAAAAGTTTTAAATTATTGATATTAATGCACCAATAAATGATGCAATAGTAATTGCACTTAATAAGCCAGTGCTTATTGTTATGCCTAGGCATATTTTTCAACTATGCCCATATAACTCCCTAGCCCTATTTCTAACTACCTTATCTTTTTTAAAGCAGTTTTTAAACTCAATTAATATTAGAGTTATGCTTAGGGAAAATGCTATTAAGCTAAATAGCATAAAAATGAAAATTGGAAAAATTGCTTGAATAGTTTTTCTCCTTTTCTTTTATTAAAAGAAACTAAAAAAGCCAACAATAAAATTTACTGTTGGTATTTACTTATTACTTTAAGAGTTATTCAGGTATAAGATCTAAGATAATTTGCTTTACTAAAGGATCATTATCATCAATTACTTCTTCTAATGAATTATCAACATTTTCATTTAAAGACTTAATCAACTCTTTTTTATGATTCTTTTTCTCTAGATTCATCTTCTTTAAATTCTCAACCAAAATTATTTTGATAGTGCTTAATTATTTCTTTTGCTTTTTTTAAAGCTTCTTCTTTACTTAAAATTCTAGGCTTATCTACTTTATCAGCTACTCTTATATTTTCTCAAATAAAGTCATAGTAAGGCTTTAATTCTTCTTTCTCGAATGCTTCCTTAGTGCCCCTGCTTAATGCAACATACATTGGCTGTATAAACAAATGATACTCATAATATGCCCATCTATAAGCGTCTCTAAAGTCAGTTTTGACTTCTTTATTTAGATCAGTAGGGAATAAGTATAAATTATTAGATTCATCATCAGTAAAGCCGACTAATTGTCCTAATTTCATATATTCTAATACTGTGTCATGAAAGTTATCTAACTTTTCAATTAAGCCTAATTTCTTAAAGTTATCAGTTAGCGACTTTTCTTTATCCCACTCTTGCTTTTGAATTAAAGCTTTTTGCAACTCTAAATAAGTTATTAGCATTCTCCATAATGGATATTGCATTGTATAACGTTTTTAAGTCAAATTATTAACATTAGAATATCAATTTCTAAGAAATACTTTTCGGGATCTAGTTTTTTACCATATAAAAACTCATTATGTAAGAATAATTCATTAGGCTTATTATTTT
NZ_CP144381.1_gap19	486476	487119	643	TGTGAAGCTTAATTCCTAATTTATTCGCAACTTCTAAAGCATCTTGATAGTCTTGCTCTTGTGGACATATATCTTGTGAAATATTTTCATTACCTAGAAAATCATTATTAAGCATTGAGTCTCAGTTACGCATAAAAAGGCCTTCAACCTCATAGCCTTGTTTAAGCAATAAATATGCACAAACAGACGAATCAACTCCGCCTGACATTCCTAAAATTACTTTTTTCTTATTAGACATAATTATTTTTAAATTTTACCATTTATTTGGCTTCTAATTTTCCGATTCCAAGCTCATTTTTAAATATTTTTATTGCTTTACACTTTAGTTTGTTTACTATTGCAAATTATTAGCAAAATATGCTTATGCTATAATAAAAATGAATGTTTTTAAAATTCATAGGAGGTATTATGCCAACACCACATTTAAGTTGTAATAAAGGAGAAATTGCTAAAATAGTTTTAATGCCAGGTGATCCCTTAAGAGCTGAATATATGGCTAAAAAGTTTTTAACTAATCCTAAATTAGTTTCTTCTGTAAGAAATATTTATTTTTACACTGGTGAATATAAGGGCAAATTAGTTACTATAGGAGCTAGCGGTATGGGTGTAGCTAGCATGGGAATCTATGCCTATGAATTGTTTA
NZ_CP144381.1_gap20	644986	649063	4077	ACTGAAATAGAGCCTTTACCAGTTTCATAGGCCTCTTTAATTCCTTTTGTGCCCATGATCATAGCGCCAGTTGGAAAGTCTGGCCCAGGAAGAAACTCCATAATTTCACTTATGCTAATTTCTGGATTTTTAGCTAAAGCTATTGTTGCATCAATAGTTTCAGCTAAATTATGTGGAGGAATGCTTGTAGCCATACCAACAGCGATTCCTGAGCCACCAGAAACTAATAAATTTGGAAAACGCGAAGGAAGAACTGATGGCTCCTTTTCAGTTGCATCATAATTATCGACAAAATCAACAGTGTCTTTTTTAATGCCTTCTAACATTAAAGCAGCAACTTTAGACATTCTAGCTTCTGTATAACGCATGGCAGCAGCTTGATCGCCATCAATCGAACCAAAGTTACCATGGCTATCAATTAAAGGATATCTCATAGAAAAATCCTGAGCCATACGCACCATAGCTTCATAAACAGATGAATCACCATGTGGGTGATATTTACCCAAAACGTCTCCGACAATTCTAGCGCTCTTACGATGTTGTGTACCACTTGTGATGCCTAATTCACTCATATCATAAAGTATTCTTCTATGAACAGGTTTTAATCCATCTCTAGCATCAGGCAAAGCACGAGAAACAATAACGCTCATTGCATAATCTAAAAACGAGACTTTCATCTCTTTTGAGATTTGCATTGGAATTATTCCGTCTTGCTCAGTTTCAACTAATTTTGGCTCAACTTTATATTCTGGCTTATTTTGTGGAATATCTTCTTCATCTTCATCATTATTTTTGTTGTCTTTTGGCTTTTTGAAGGCTATAAAAAGTTCATCTGAAGAATCATTTTCTTCATCATAAGTTTCTTCATTTAATTTGTCACTATCATTGATTAATTTTTCTTTTTCATCATCATTTATTTTAGCCATAAGTAATTCTCTCCTTTATATTAAAAAAGGCGTAATATTATAAATATAATATTAATTTTACCAAAAATAGCACTTTTTTGCATTATAAACTAAGCAAAATTTAGTGAGCTTATAATATTGATTTGTACTGTTACTAAAACATTTTGATTTTTAAGCATTTTTAAATTATTTGATTATATTTCGCTGAATAAATATTATTACATTTTTTGCTGTTTAATACTATGAAACAGACTAATTAGTATAAATTAACAATAAGAAATTTTGTATTCAATTTTTGAACTATTTTTTAGAATAAGTAAAAGATTTAACTTTTCTATATAAAACTTATATGTTGGTTTAATTTTACATTTATTTTTTAACATACTGCTGTATTTAGTATCAAAGTCATAAGTTAAGAATTGCATACTTCTTTCCTTTTCATTATAGTAAACAGGCGATTTATGAATCATTTAGTAAAGTGAACTTTTTAGGGAAAAAAACGGCTATTTTCCTAACTTTTTCTTGTGTTTTTACTCTTGAATATTTTGCACTGACAAGCGAAAAATAAATTTTTATTGCAATTAGATTTAACCCATTTTTTTATGTTTAAATTTAAATTTTATAAAGGAATTTTTATTCTCATGATATTTGTGACGTTCTAAGCAAAAATTTAATATTGCACTGGAGCAAAAAACACCAGCGGTTTGCTGATGCTTTTTTCTAGAGGCAAAAATACATAATAAACATTTATTTTCTATTGAATACAAAACCATTTTCCTAGCAATGTGTATTAATTGCCTATATTAGATTACATAATTTCTTCTATACAAACATTTTCTCTAGTAATGTGTTTTTGATATTTTTAAGACTGTTAAGCTTACGCTGATGAAGGGTGATTAGGGAGTCTAGATGAGAAAATAGATTAGCAATTTTGTTTTGTTCCTGTAAAACAGGCAGATTCAACAAATTATCTTCAAATTGCTTCAAATTAAGAGTATCTCTAACAGACTTATTAGAATTGTTGGCAACAATTTCATTGAAACATTCGCTTTTAAATCATAAATAAATCAAATCAGGATTACTATTAGCAGAAACCTTAAAAACTTCATAAATTGGGCTAACTAAGCCATTTATAGTGTTTTTAAACAATGCAATAGACCCCACATTGATTCTTGAAGGATTATAGGCAAACATGTCAAAAGAAATAATTAATGAATTTTTCTTGTCTGCATAAACGGCCTTGCCGCCATCATCGAAAAATTCTTTTTGATCCACAAATCCTTCTTTATTAGACACTGAATAGCCAATTAAAGCTAAATTTTTGTCATTTTTTTGCCTATAAGGCAATAAAATATCCCTTGCTTTCCACTGTTCTCAAGCGTTAGTAAATTCTTTAAATCTTATGCTTGGAAATTGAGATTTTTCATAACAAAACATCTTATCAAGCAGTCTATTTTTAAGATTTTTTAAGCTAGAAAGCTTACGCTGATGAAGGGTGATTAGGGAGTCTAGGTGAGAAAATAGGGATGATATTTTGGCTCTTTCAATGTCATAATTTGGTAAATTGACTTTTATTTTATCTAGATTAGAAAGAGTGATCATGGCAAAGGTTCCTATTGTTATCTTTCTATTTACTTCATTTTGAAAGTTTTTAGAAGACAATAGATAATAAATAAATTCCACATCATATTTTTGTTTTGGTATTATTCCCAAAATTCCTTGCTTAGTTGCCGTTTTTATCTTATTTATAGCCACATTGCCAATTGTTGCCCCATTTGTAAAAATTATGCTGTTTTCTGGTACCAGTCATGCAGAAGAGTTGATTAATCCATTTTCAGTTATAAAATATTTACCATTTTCAATATATTTATTAACTGTGTCTTCAACCTTTATAAATGGTATCGTCCCGTTCTCATAATACTTTTTTATAGATGTAGAGGGAGTCCCTCCCTCAGATGCAAATTGGTAAATATTGGCAAACTTTTCCTGTTCTCAAGTGTTAGTAAATTCCTTGAATCTGATCTTAGGAAACAATAATTTTTCACTCATAATTTACTTACCACCTAAAATCTTAATAAGTTCATCAATAGCTTTCATATCACTTTCTTGGCCCTTAAGATCTTTTAATAATTCAACTAATTCACGCTCGCTTGCTACTATTTGGTCATTAATATCTTCTAATGTGTCACTGTATTTTTCTGCTAATGATTCAATTTTAGAAATAAAATCATCGACAAGATTTATTCCTATTTGATTAATTTGCTCAATAATAGGAGTTGTTCATTTTTCAATTAAAAGTTCATAAAACTCATCGCCAGAAAGACTTATATACTTGTTGTATGACTCTTCGGTTAAGAAATTAGATAATTCCTTTTTGTCCTTATCAACTTTAGATATTTTGCTTCTAAGCAAACAAATGCTTGTCAGCTTAAATTCTATGCTTTCTTGATCTAGTGAATCTATTTCTTTTAGCATTGATTTATAGGCTTTCTCGATATTTTCATATTTAAATTTGTTGGCCTCAAAATCGTAAATTTCATCAGTTTTATCTTCGTCAGAAATTGACTTGTCTAATTCATCTAATTCATTTTTAAGACTTTCAGATTCATCAAATTTATTACGCATTAGTCAGTATTTATCACTAAAAAATTTTTCTTGAATTAATTCAAGGTTCAAAATATTTGATTTATATCCTTTAGCAGCACTCTTTTTGCTTTTGCTTTCAAGTTTTTCAAGTTCACCATTTAATATTTCAGATAAAGCATTAGTTTTATCTTCGCTCTCTTGGTAATATTTGCTTATTAGCTCAATGTCATCTTTGATTAAGTCAAAATTATTGACGAAAATTTGGTAGATGTCATAAACATCAACTAATGGAATGCTGTCCATATTTTCAAAAATATAATCAGTTAGTGCCTCCTCAAACTCAACAAGATTAATGTGCTCAATTTGCTCAACTGAAGTTACAAAATTTTTGAAAAACTTTAAAAATTTAGCGCTTTTTTTGTCAAAACTATTAATGTATTCAGATACATTTCATTCGCCATTAATAGTTGGATTTATATCTTCTTTAGCAACTTTTAATTCATAATAATTGTTTGCATTTATTTTGAATAATTTGTCTTTTAAGCCTGTAAATAAGCCGAAAAAGTTATCAAGCTTTGCTAACTCT
NZ_CP144381.1_gap21	727480	731130	3650	ATATATATCAACAGTGCTACTATTTTGGCTCTATATCTATACTTATTTATATTAAAATAATTAAAAGTTTACTTTTTATTGATGCAATCGCAATTATAGTAAAGCCATTAATTAAAACATAAGTCTAGCTACTTATATTAATTATTATTTTGCTTATAAATTGTATACAGTATTTCAAAAATAAATAAATCAAGACTTAAATAATCTTAGTTAAATTAATACTTTTACATGTTTTTATAAATTGAAACTCAAAAATAAGCACTGAAAAAGTTCCAATTACCAATAACCCTATAAATAAGGGATATGAAACAGCTTCGGAAAAATTTCCACATGTTTATTTTTTTTATTTATAAATATTTATGTACGTACAAATCATATTCATGGAGTTAATAATTCATAAATAAAAAATGGAAAAGTTTTCTAAGTTAAGAACCTATGGAACTGTGCTAATTGTTTTCATTTCATTATCACTTGCTGGAGCAATACTTGACTTAGCATTCATTGGTGCAGGATTTTCATTTACAAAACTATTTAGTATTTTCTCATTTCCAATTTTTGTAATAGTTATTGTCTTTCTATCGATGATTGTTCATCAAACACCAATTGAAAAAGAGTTTGCTAAATCTAGAAAATTGCTTTTAGTGTCAGTTATTTTAATACCAATTTTAGCATTTTTACAATATTTGTTTCAACTAGCTATTATACCAACGCTTATAATTTCGACTTTTAGTGGAAATGTAAAGCCTTTCATTATAAATCTATTAGTTAGTCTTGCATTTTGAACTTTAATTGTTGCTTTTTACAGTGTTTCTATTGCAAACACAAAAAATCTTAGAAGAGCATATGCAGAAAGAATTAAGCTTTTAACTAGTGCTCAACCTGCTATGAACAATTCAATGCAGCAAGCAATGTAATTGTTTTCAATAATTTAAGCCCTCAATAAGGGCTTTTTTATATAAAATGATTGTTTTAATCACTTATTTCAATTACTAAAAGTGCTATAAAACAGTTTTGTTAGAAAACTGATAACTTAAAAAGCTAAACAATAAATTACTAAAATTACGCACCTGTCTTATGCTATTCTTTAGTAAAATTGCTGCGTTGTTACAAGTTTACTATAACAACTAAACTACATAAATTGCTTTAATAAATCATAATTAAATAAGAGTTTCCCGGAAAATTAACTATATAAAAATACGAAAAATGGCCGATTTTCATTATAGATTGTCATTTTTAAAGACAAGAACAGGGGTTTCAAAAACAAAAGCTCTTGTTTTTTTATTTTACAAATGAAAAATTAGCAAAAAACATATAAAAATTTACTTGTTTTTCAAAAATAACTATATAAAAAAGTTAATTATATATGGCAGTACCAGCAGAAATTAGAGTAATAGAAAGACCAAAAAATACTGTTGTCAAAAAATCAGGTTCAATGTGAGCAGTTATTGAAAGAGTTGGTTGTGTTAGAAAAAATGGAAAGAACCAGCCAGTTGAAGGTAAAGTTATAGGGCATATAATTGACGGCAAATTTGTGCCAAAAGAAAAAGTGAAAATAACTGTTTCAATGAAAAATTTTGGCGACTATTAAATAGCAAAATCAGTTTCAAAGGATCTATTTACTGATTTAAGTAATGTGTATCCACAAAATATGGCAAAGCATATATATGCTATTGCTTTACTTCGTTCTATAAATCCAAGAATGACAAATAACAAATTAGATGAAGTATTTAATGAATCGTTTATGTCAGTTGAAAGTCCTGAACTTAAACTTGGAAAAAATAATGTCTCGTCATTAATAAAATGAATTGGGAAGGACTATTCTAAAGTGCTTAAATTTATTCAAAATAGAGTTAGCAAAATTGATGAAGGCAACAAAATTGCAATTGACGAAATGTTAAAAAATAATAATAGTAAAGTGAATTCATTAAACGATTTTTCATACAAATCAAAGCTAAAAAATAGCAAAAACATCTCTATTTTAATTGCTTTAAACGTAACAACTAGAGATGTAATTTGTTCGTTTCCTTGCTCAGGAAATTGTGTGGATGTCACTAGTTTTCCTGATTTTTTGGAAAAAACAGGCATAAATAAAAGAATAATTATAGGTGATAAAGACATAAATAGCAGTGCGTTAATATCTAATGTTGGTTTTATACATCCGCTTAAAAGATCATTAAAACTCTTAGAAGAAATTGATGCATACAATATGAAAGATAAAATAAAACAGCAAAGATGAACCAACCTGATGTAAGAAGATATTTCACAATGGTCTTTATTACTATGCTTTTAGAAATTTAAAGCAAGCATCAAAAGAAGAACAAGACTTTATGTCAAGTAAAAAATTTTCAATTGAAGGATATGAAAAAATTAAGCACAAATTTGGAACAATTGTATATGTATCAGATCAAGATATCACTTGTGAAGATGCATTGAATTTATACAAGCAAAGGTGAGAAATAGAGCTTGTTAACGATTTTTATAAAAATACATTAGAGTTAGAAACTGTTAGACGACATGATGACTACAATGTTTATGGCGATGAGTTTTTGAATATGCTAACTCTTATAATCGGAAACAGGATCAAGAATAAATTTGCTGACTCAAAAATTTTAGGGACTAAATCCTATTGTGATGTAATGAAAATATTTAAGCAATATAAAAAAATACAAATGCCATATAAAAATGACATTTGGTATGAAACAGAACTCCCAAAAAAGAGTATGGAGCTCATTGAAAAAATCTTGTATAGTTAATTTTTCGGGAAACTTTTATAAGCTCAAAAAAGCTTATTCAGAAAGAATCAAATTCTTATCAGAAAACCAAATCAATAATAATCAACCTGATGCAGTAAATACAGCACAGTAAAAATATAGAAGTAACTGCATATTTTAAAATTTTAATTTTTATAATTATTTATGAGCCTATAAAGGCTCTTTTATTTTTTTAGTAAATTGTTTTTAGGTTGCCTAAAGAGCCTATAAAATAGCCTTTTACAACATATCCTATTATGTTTGATAAACGTATTTTTGAATATAAAGCACAGTATAAGCTATGTAAATTTCAGCACTTGTATAATTATGTTTTTTAGTAAAATTATGTAAATCAGATAAATTCATTAGAATGAATTTGTGACATATGTTAAAACAGGCAGCTTATTTAATAAAGTTAAATTAAAGTCTTGTTTTCGTTTTACTTATATAAAAAAATATTTTATTATTTTTACAAAATTATAGAATGAGGCAATATATATGACAAGATTGAAAAAATTAATGCTTATGTTCAGCTCTGTTGTTACTTTATCAACCCTACCTATTGTTGCTGCTAAATGTGGTGATACTGATAGCAATGCTAAAACTGATGATCCATCTAAGAAAATAGATGATCCAAACAATAATAAAGAAAGTGGAGATCAAAAAAATCCTAATAAAAACCCTAACAACACAGAAAATCCAGATCATAATAATACAGCTGGCAAGACTGATAATGGCAGCAAAGATGACAAAAATAATATGACTCCGAGTGATGACCTTAATGCTCTAAATAAAGACACAGACGAAGAAGAGAAGAGAAAACAAGAAGCCGAAAAAAAGAAAAAAGAAGAGGAAGAAGCTAAGAGAAAGCAAGAAGAGGAAAGAAAAAAAGAAGCTGAT
NZ_CP144381.1_gap22	733967	736856	2889	TCCTTACCAGTTTTTTCATTAACTGCATCCACCATATTAATTCTCTTAAATGGTTTTGATAAATCAACTTCAGTACCATTGTTAACAAAAACTGACTTACCTAATTTTTGACATAAAACCTTAAACAATTCTTCAGTTCTGTCCATCATGCCTTCAACATTAGAATAAGCTTCATAAAACTCAATTGTAGTAAATTCAGGATTATGAGTTGTGTCATATCCTTCATTTCTAAAAATTCTGCCTAATTCATAAACTCTTTCAAGTCCGCCAACTACACATTTTTTAAGCGGAATTTCTGTAGCAATTCTTAAAACAAACTCTTGATTTAAAGAATTGTGATGAGTTGTAAAAGGTTTAGCAGCAGCTCCTGAAACATAGTCTTGTAAGAAAGGTGTTTCAACTTCCAAATAATCTAAATTATCAAAGTATTCTTTAATTCATTTAATAATTTTAGTTCTTAAAATGAACTTATTTTTTGACTCTTCATTAGTAATTAAGTCAACTCATCTGCGTCTGTATCTCTCTTCAGTATCAACAAGCCCATGATATTTTTCAGGTAGTGGCTTAAGTGCTTTAGTTAAAAGTTCTATTTTATTGCACTTTAAGGTAAGTGCATTAGTGTGAGTTTTCATAACAGTACCACTCACTCATAAAATATCACCAATATCAAATGTGCCTACTATTTTAGCTACATTTTCATCACTTTTTTTATTGAAATAAACTTGAACTAAGCCTTTAGAGTCTTTTAATACTAAAAATGGCCCTCTTACAGTCATTAATCTGCCGGCTACATTAACACTAATATTTTTTTCTTCTAATTCTTCCCTAGAAAAAGAGTCATAATTATTAACTATTTCTTGACTTAAAACTAACTTGCCTAAGTCGTAAGCTTTTTTAAATGGAGCAATGTTATTTTCATTATAAAAATTTAATTTATTACGTCTGACTTGCTCTTGCTCAGTATATTTTTCCATTATTAATTATTATCTCCAAAAACAAAAGATTTATATATTTATATATCTTATATAAATATTGAATAATGGTGGCAAAAAATGCCTTCTAGTCCCATTTATTTAATAATTTTAAAATATAATTCATAATGATTGTTATTACTAATGAGGTTAACAAATGGCAAAATACTACAATGGCATACATTACATTTTAGATGAAGAAAATCATCAAGTAATATTAATGAACAATTTTCAAGAGCAACTGCTGGGATCTAATAAATTTTTAAAATTCAAAAAGCTGGGTGGCTCATCTATTTCGAATATTTTAACTCCTGACCGTTTTAATAGTGAATTTAAAGCCTTTTGTCATATTGCAAGGCTTGCCCTTCCGGTTTTGCAAAAAAAATATGTAAATGCTGGTCAAATATTGGAACCTAAAATCATTGAAAATTTGCAAGAATTTTATACCAAAAAATTGCTCAAAAACACTATAATTAAGCATATTGAGGCAAAAGATGTCGATTATGATTACTTTAAAAATTTAGATATTATTGGTGGGGTGCCTGATGCTTTAGCTGAAAATGAAAAAATTGTTTTTGAGATCAAAACAACAAATATAAAAAACTATGATTCTTGAACTTTAAACAATCAAGCTAACAAGTTAAAAAAAGATGGTGTTCCACTTAATTATAAAAAGCAAGCACAGTTATATGCAAGTTTGCTCGGCTATGATTCATACATTATTGTTGGTTGCTTTTTAAATGATGATGATTATGCTAATCCTGAAGATGTAGATGTTGCCAAAAGAAAAATTGAAGTATTTCACTACTCACTAAAAAATAATCCTGATTTGCAAATGCAAATAAAAGATGATATTCAAAAAATAATAGAATTTCACAAAAGATACAGTGTTTATAAAGAAAAAAGATCGCCTAAGTATGACTTAATAAATGACAAAGATCAAGTTGACTACCTTAGATGCAAGAATGAAAATGAAAGAAGAGAACTTTTTAATAAATGAAAACAAATGGGTAAAATAGATGATGACATTCCATTTGAATCATTTTAACAAAATGCCTGTTTTATAGCATTTTTAGAAAAAAGGGGGTAAAAATGAATATATCAATTACATATGTAGCTAATCAACTTAAACTTAACGAAGACCAAGTTTCAACAGTACTTAATTTATTAGATGAAGGAGCTACAGTTCCTTTTATTGCTAGATATAGAAAAGCTTTAACTGGTGGCCTTGATGAAGAAGTTATTCAAGAAATTCACCAAATGTATACTTACAATATTGAACTTAATAAGCGTAAGGAAGCTATTATTAAAATATTGGAAGAAAAGAAGCTTTTAACTGCTGAATTAAAAACCAAAATTGACGAAGTTGATACTAAAGCAGCTTTAGAAAATATTTATGAGCCATTTAAAGTTGGCAAAAAAACTAAGGCAACAGAAGCTATTGCTTTAGGTTTAGAGCAACTTGCATTATCAATTCTAGAGGCCGAAAATCCAAGATTTAATCCTTATAAAGAAGCAGAAAAATATCTTAATGAAAAAGTACAAAGTGTTGAGTTTGCTATTGAACAAGCTCAATACATTATTAGTCAGATAGTGTCACAAGATGTTGCTAACCGTGAAATGGTCAAAAAACAAATATATGACTATGGTTATATCATCACGAAAAAGAAGAAAAATGCTGAGGATGAAAAAGAAACTTTCCATATGTATTATGACCATAAGGAAAGAGTAAGCAAAATTCCTAATCATAGAGTATTAGCAATTTCTAGAGCTGAAAATTTGAAAATAATTAATTACAACATTGAAGAATTTAATCAAGCAAAAATAACATATGATTTAAACCAAAAGTACTTTAAAATAAAGACAACGGGCAAAATTATTCATGCTTCAATTATTGATAGTTTAGAAAGATTAATTC
NZ_CP144381.1_gap23	740547	743168	2621	AATTAAATTACTAACCCTGTCAAGTAGTAGTGCTTGACACCCAAAATATTTATAAAGGAGCTTAACTATGGTTAAAATTAGACTTAAACGTCTAGGAAGCAAGTTTAACGCTTGCTACAAAATTGTAGTAGCAGATGCTCGTGCTCCACGTGATGGAAGATTTATAGAAGCTATTGGTGAATACAACCCTCACTCAAAAGCTCTTAGAATCAATGAAGAAGCTGCTATTCAATGAATTAAAAATGGTGCACAACTAACACAAACTGTTTACAACCTTTTCAAAACTCAAAAACTTAACGAAAAAATCAATTCTGTACTAAAAAGTGAAAAAGTTGCTGCTAAACAAGCATCAAAATAATTTATGAAGATTAATTTTTTAACGCTTTTTCCTAACTATTTTTCCCCTTTTACTGAAGAATCGATTATTGCAAAGGCAATAGAAAATAAGCTTATTGACATAAATATCGTTGACTTTAGATTGTTTAGTTTAGATAAACATCATAAAGTAGATGACGAAACTTATGGCGGTGGTCAAGGTATGCTTTTACAAATTGAGCCAATCGATAGAGCTTTAGATTCATTAGAAAGCAGAGGCGGATATAAAATTTTGGTTTCACCGCAAGGAAAGGTCTTTAACCAACAAAAAGCACGCGAGTTATCTAAATTTGACCAAATTACCTTTATTTCAGGCAGATATGAAGGATTTGACGAACGTGTAACTGAACTAGTTGATGAAGAATTATCAATTGGTGATTATGTGCTTACTGGTGGTGAATTGCCTTCTATGGTAATGGCTGATTCAATAATTAGGCTCATTGATAATGTCATTAGAAAAGAAAGCCACGAATATGAATCATTTGAAGGCGATGGCTTACTAGACTATCCACAATATACACGTCCACGTGAATATAAAGGAATGTCTGTACCTGATGTTCTTTTAAATGGCAATCATGCTGAAATTGAAAAGTGAAGGAAAGAAGCTAAATATAAAAAGACATTAAAAAATCGTCCAGATATTATTGAAAGGATTAATCATGAGAAATAAATTAATCGAATTAGTAGAAGCTAGTCAATTACGTACAGATTTCCCAGAATTTCGTGTTGGAGACAATGTTAGAGTTCATGTTCGTATTCGTGAAGGCGGAAAAGAACGTATCCAAATTTTTGAAGGTTTAGTAATTAGCAAAAAAGAATCAGGTACCAGAGAAACTTTTACAGTTAGAAAAATATCTTTCGGAATTGGTGTTAATAGAACTTTCCCACTACACTCACCACTAATTTCAGCAATTGAAGTTGTTAGATCTAACAAAGTTAGAAGAGCAAAACTTTACTACATGAAAAACCGTGCTGGTAAATCAGCTCGTCTTAAAGAAATTAAGAGATAAAAAAAGCCAAACCGGCTTTTTATTTTTATACCTGTTTTATAGGTGTTTTAGTAATTTATCTTAACTCTTTTTTTACTATCAAATTGATAGTCAACTGCATAAATAACTCCGTCAGAGAGCTCAAGCTTAATTCCTGCTTTTACCACCTTTTTAATTGCAAAAAATAATTTAACTCTCTTGCCATTAATATAAGCAAATGCTCCCGGGTTATATTCATATGCTCTTATTTTGCTTATTGCTTGATCGCAAGTGAAGTCCTTAGTTATCTCAGCATCTTCTTTATTTAATTTAGGACTAAAAGTGACTTTTGATTTGTCTTGCACTTCTCTTGCAAGCTCGCCTTTATCAATTTTATTAAGTCACTCAACGATATGATCGGCTGTAAGTAGGCTTATTTTCTTTAAAAGCGAAGAAGCAACATCAGTTTCACTAATTTCAAACTCTATTTTTGCAAAAACATCACCTGCGTCCATCGCTTTTACCATCTCCATAAGTGACACACCAGTTGTTTTGTCATTATTTAATAAAGCATGCTGAACCGGAGCAGCCCCACGGTATTTAGGCAATATTGAACCATGAACATTTAAGTTTAGTTTTTTAGCTATTTGCAAAACTGAAGTAGGTATCAACTGACCAAAAGCAGCTGTTACTAAATAGTCATAATCTAAAGCTCTTAATTCATCAGCAATTTGTCCTATTTTTTCAGGTTGAAAACACCTAATATTATATTTTTGCGCTAATGCTTTAGTTGGCGTACTGGTTAAAACTCTCCCTCTTTGATTTGGTTTGTCAGGTTGGCTCACAATTCCTACAACTGTGAAATTGTTTATAATTTTTTCAAAAATTGGGACAGCAAATTCAGGAGTCCCTGCTAATAAAATCTTCATAGCATAATTTTAATAAATTATTTAATATAATTTTAGAAGTTATAGACCATTATTGCTAAAGGAGCTTTATGAGTTTGAATCCCATTCACAACAAGTGAGTCAAAGAACGCTCATTGAGCAATAATTCTTTTTATAATATTTGAAAGCCAAGTTACAATAAATCACCCGATTGAATTAATGATGCTTTTTCAGGAAATATTCAAACAGTTGGTAATAAAATTACAGCAGATTTAGATATGGGAACAATTTACTTAAACGAGTATACTACTGTTGCCATTGCTAAGGCTTTTTATAATAATTTTTTAATTAATAGCAAAACTAAAAAAGTTCTGCTTTCGTCTGATAATTC
NZ_CP144381.1_gap24	744617	745242	625	TTATAACCTTAAAGATGAATTTGGCACTAGTGCTGGTGGGCCATCTGAAGTATTTAAAGCATTTTATAAAAAGCTTTATGTAAAAAATGATATTGTTGAATTCGCACGGCCAGCAAATGCAGGTTATATTGCTAGAGCCTCCTTTGTTTTCCTATCGCTTGGAACATTTGTATGATCAATTTTCCAGGCATTGATTTTCAAAAGAGTCATAACACTTCAAGGTGATAAAGTTAAGTGAAGAGGCATATTTGTTGGCACAATTATTGGCATTGTTGTGCAAACAATTACACCTAAATCAATTGGTGGTGACATAGCTACATATTGATATTTAAGAAGACGTAATGTCCCAAGAGCCTCATTGATGTCAGCAATAGTTGTTAACTCATTTATTTGACAGCTTGGTAACATAATCTCAACCGCCATTTTTGTTCCTATTGGTATTAAAACATTTTCTAGTTTTTTTGTTGGTTCAAACCCTAACTCTATTACGTTTATTGTAATGCTTGTACTTGGCCTAATTTTCGACACAGGCTGAACTACACTGCTTTTGGTCATAACTCTTAATAAAAAATTACAACGATTTGCACTTAAAACACTAATTGCAATTATTGAAATTACTCCTTTT
NZ_CP144381.1_gap25	748175	750472	2297	GTGGTCTATAACTCAGATTTTCACATATTTTTTCCGGCTTTAGCTAATGCTGATTCTAATGATACATTGATTGTTTTTTCAAACAATCTTAAGTCAACTGAGTCCCATTTTGTTATTTCAAACGCTCATAAAAATGGTCTTAAAATTATTGCTATTACATCTAAAAATGATAATAAAATCAATAAAAATCTTGATGTGATTATTCAGTACCAAAAAATCCAAAACGATACATTGTTGGTTCCAGTTAGCTCACGGGTTTCTCAGATGCTAATTGGTAACATTTTGTTTGAAGCAATAATTTATAATAATGATGAAAATTATAATAAGCTTAAAAAATCTTCTGCATTAATTGATGAATGAGCAAATATTGATAAAGTGCATCACAAAATGTAATTTTCGTTCAGAACACTGCTCTAATTTTTTATTTATTAGTTTTAGAAATTTCAAAAAATCCTTTTGAATAAACAAAGTCTAAAACTTGGTTTTCATTTGGCTGTTCTTTTTCTTTTATTGCTTTAAAATAGGCTAATGGGACACAAAATATTAAGCCTCTAGCTAAGTGTTTTAAAGACTTATCATTTAAAATAACTCTGACATTTTCATCAACTTCATAAACTAAATAATTATCTTTGTCTTTTAGTGAACTAGGATTGATAGATATGCCTGTTTTTAAGTGTCTTTGGACTGCATTAAACACTTTATGTCTAGAGTCATTATTAAGATCTATTATCCCACCAGGGTAGTAATTAAGTTCTAATTTGTCTATTAAGTTTTCAATTTCTTTAAATGGATATGAAGCTCATGAACGTCTAGAAAAAGTTCATATTGATGGCTGATATCAATATGCATTATTATTAACATAATTAACTCGATAAGTCTTTAATTTAGTTTCCATTTATACCTATTTTTGGCCGTAATAAGCATTTTTGCCATGCTTACGGTTGTAATGTTTTTCTACTAATGCTTTTTGTGCTTCAGGAGCACTATTATTACTTATAATTAAGGTCTTAATTGCCATTTTGGCAACTTCTTCTAATGTTAGTGCTAAATCAACTGCATCTTTAGGCGATTTAAATGATCACACAAAAGGTCCATGTTCTTTAACTAGCGTTGCACTTGTAGCTTTTCAATCAAACTTTCTATTATTAAATGTTTCAATAATAACTAGCCCAGTGTTATGCTCATAGGCACCATTAATTTCGTCAGGAGTTAATGCTCTAGCACAAGGCACAGGTCCATAAAAATTGTCGGCATGAGTTGTGCCAAAACAAGGAATATCCTTGCCAGCTTGTGCAAAAGCAACTGCATTAGTGCTATGTGTGTGCACAATACCTTGAATTTCAGGATGATTTTTATAAAGCAATGTATGAGTTGGTGTATCACTTGATGGCTTATATTTTGAATCATACACATTGTTATCCATATCAGTAATAACCATATCTTCAGGCTTAAGTGTCGCATAATAAACGCCGCTTGGCTTAATAACCATATATTTTCTGTCTTTAGTTATTCCTGAAACATTACCTCAAGTGTGAATAACAAGGTTGTATTTAACTAAAAGCATATTGGCATCATAAACTTCTTGTTTAAGCTTGGCTATTTCATCACTGTATTTTTTGTCAATTTGATTCATATTAATTATCTCCACCAACTAACTCTCATTGCTTGTTATAAAACTCATATGCATCAGCAATATATTTAATCGCTTCTTCTTTGCTTTCTTCAGGCTTATTAAGTGATCACATTTCAATCATTATTGGCTGGTTAAGTTCTAATTTTTTCAAAATATTAAGCATATAGGGAAAATCAACAGTACCTGTGCCAAATGGTGTGTCTCTAAACTTGCCAGGAATTGTGTCTTTAAAATGAAAGGCCACAAGGTGATTTTTAGCAATTTCAAATTCGTTGTATAAGTCTGTTTTATTGGCTCATTGGTAAATATTTCCTAAATCAGGATATATTTGCAAATATGGGCTATTAATCATATTTATATATGTTAAAGCTCTTGTGTTTGTTCCCATAAAACGAGTGTCCATTATTTCAAAAGCTAGACAAACTGAATGCTTGGAAGCTAGTTTAACTGCCTTTTTAATACCTTCGATAAAAAAGCTTCTTGTTTCTTCATCGCCTTTTTCATAATATACATCATAGCCAGCCAATTGCACGGTTCTTATTCCTAATTTCTTAGCAAGAATTATGGCTTTTTCCATAATCTCCATTGCTTTTGCTCTAGTTTCATGATTTTTGGATCCAAAAGGATATTTTCTATGTCCGCTAAGTGTCATTGAATTAAAGTT
NZ_CP144381.1_gap26	878207	878707	500	ATTAAATAACTCTTTGATACTTGATAACCCTAACTCACTTTTTATTCTTTGAATCCCTTTAACTCCTAGCCCAGCCACATTGCTTACTAGCATTTTTTCAATGTCGCTATCATTATCGGGACTAACAATTTTAAAGCTTAGTAATTCATATGTTGAATTTTGATATTTTGAGCGCTTTGAAGCTCTTAATTTAATTTCAATTTCATAAAAACATGAGCTCTTTATCTCTTGTTTATTGGTGTAAATGAAAAAACGCTCTCTCTCAGGACTTGATTCAAAAATTCAGAGCTCTCTTGGAATGTTATTATCAGCTCCGCTTCACTTTACAACTAAAAACTTCCCTTTTAGCCTTATGGCTCCTGAATTACTTTCATTACTCATAAACATTTTTATTAATTATAGAATATTAAAGGCTTATTAAATTAAATTATGTTGGATTATATTTTTAAATTTTTCTCTCATTTTTATCAACACACACATGTGGATAACTATGCAAAAAA
