gap_id	start	end	length	sequence
NZ_CP027206.1_gap1	59657	64061	4404	GCAAGGATCGCAAGGATCTCCACCGAAACCTTCCCAAAGAATCCCGTCAATCATAAGGCTTGGTTCAGCAGGATTCCCCACAGGCAGAGCATGCAAGGAGGAAGCAGAACCCAAAACGGCAAATGCTAATACCGATTTCAAGAGTTTTTTCATTCTTACCTCTAATAAGATTGTATAATTAGCTCTCTTTGTGCCCGCTATCTTTTTCTGGCGGCACTGTGTCCTAGTTAAAGCCAGACAAGATGTCCTGTAGCAATTATGGCTCTGAGGAGTGTCTTGCAAGTAAAAGCAGCCTTAATCGAGAACATGTCGTTCAATGCTCGAGACCATAACAAAATTTTCTTATTCTCGTAAAGTTGATAAGAAAAACGTCTGTCTCAGGAAGAAGCTTTTAAGCGTCTTCTGACCTAGCAATAAAGTAGAGCTCCATTTTTGTATATCTTTTTATGCTTGGTTTTTGCAGACAAAAAAGCCGCGAAATCGAGTGTCGAGCTAAAAATGAAAGTCTGTTAATGCTTAAGAGTTAGAGAGTAGCGCGTTAATTATAAAAGGAAAAACTTAGGACTTCTCTAAATTTCTCAAACCAAAGATTTTTGCTTTTGGAATGGTCCAAAGATGAAAATTTTGGTAAAAGAAGGGACTAAAAACTCAGGATTTTTTTCGGTAGGAAACGATTTTTATTACAAACAAAGAGTTTTTAAACGTCCGTCTAATCAAACAGATTAAACTAACCATATATGAAGAGAAAACGATGTAGATCACTTTCTGTTCCAGAAAAGGCTAACAGGCTACTTGTAGGATTTATTATTGCTTTGTCTATCATTACTTTACGTATATGGCATGTAGCTGTTGTTCAGCACGAGAAAAAAAAAGAAGAGGCTTATCGTCCTCAACGTAGAAGTGTTCCAGAGCATTTTGATCGTGCTGGAGTATGCGATCGATTCGGTAAGCCTTTGGCTGAAAATGTTCTACAGTACAATGTAGGAATTTCTTATCGGGCTATAAGGGATATTCCCACTCGTGTTTGGCATACAGATGAAAACGGGAATAAAAGGCTAGTTCCTGTTCGCAAGGATTATATTAAAAAATTCGCCGATTTTTTGGCTCAAGAGCTTCATATGGATCGTGATTTTGTTGAAGATACGATTCATGCTAAAGCTTCTGTGTTAGGGTCTGTTCCGCATATCATTCAAGCAAACGTATCTGAGCGCACTTTTTTAAAGCTTAAGATGTTGGAAAAAGATTGGCCAGGATTACATGTTGAATCTTCTGTTCGTCGACATTATCCAGAGGGACGTACTGTAGCGGATTTGTTAGGATATGTAGGCCCAATTAGCGCAGAGGAACACAGAAAAATTACTAGGGAACTGGGGAACTTACGAGAATGCATTCGTGCTTATGAAGAGGGAGAAGATCCCAAATTCCCGTTAGGAATATCGAGTATCGATCAAGTTCGTAAGCTTTTGCATGAATTAGAGATGCATGCTTATGGATTGAATTCTTCGATTGGAAAGTTAGGTGTAGAGGCTTTTTGTGACCGGAAATTAAGAGGGTTAATCGGTAAGCGATCTATGCTTGTCGATCGACGGGGGAACTTTATTCAAGAGATGGAAGGTTCTTTAGTTGGAAGCCCTGGGAGGAAAATACAACTAACTATTTCTACAGAATTGCAAGCTTTTGCCCATGAACTTCTTGCGGAGCATGAGCGAGGAGAGGCTTTTCGAGATTATCGACAATGGCGTCATCAACAATATTTACCTCCTTTTTTCCCTTGGATAAAAGGAGGCGCTATTGTTGCTATGGATCCTAAGAATGGCCAAATTCTGGCTATGGCTTCTTCCCCGCGTTACGATAATAATGATTTTATCAATATGAAAGACTCCGCTAATCAAGAGGAGTGTCGTTCTTCCGTTTTACGATGGTTAGAGAATCTTGAATATATAGGAGAGGTATTCGATCGACGTGTTCCTTTGAGAAGAGAGCGATTAGATCCTTTGACAGGGAAATACTTTGATGAGGAACTCTCTTTTTCTTATCGAGCCTTTTTAGACTTTATTCTTCCTGATACTTCGAAAGTAAAGCAGCTATTGTGTGAAAAGGGCTCGGTCGGACTTTCTATCTACTTGCAAAGTAAGGTAGATCAGCTTTTGGAAATATTTGATTCGGAAGCGAAAGATTGTGGACTGGTTTTTGATGTCATTTTCCAAAAAGCAGATGGCCATGAGCCTATAGGAGAGGTCACTTCTCTTAAACGTCAGAAACAGTTTCGGAAAATTTTGGAGGAAAGAAGTGAGGAGATTCAAGAATTTCGAAAACGTTTTGAATCCCTATTTGTTGAGCTTCCAGCCAATTACGATAAAGTACTGTTTTTAGATTTGTTGCGTGCAGCTGTAGATCCAGAAAGAGTTTCGATTTCTTTGCTGTCGGCAATTGGCCATATGTCTGTGTTAGATTTTGTAGATTATCAAGGACATTTCATTGCTCTACGTAAGGCTTTTGCCAAGTTGATGGAGAATATATTTATCGATCAAGACTTTGCTGTTTGGAGGGAAGAACATTTTACGGATTTCCTTAAACAGAAAAGAGAAGAAGAGCTTGCTCGTAAACAAAGATATCCGACGCCTTATGTGGATTACTTAGTTGAAGAGAGAACGCGGCAATATGCTCTTTTTTGCCAAAGGTATATGGACTCATTTATTGCTTTTCTCTTGTCGGATACAGAAATTCCCTCTGATGATCCTTATTATCGAGAACTTGCTTGTTGGCGTCAGGAATTGCGTTCTGGAGCGCATCCAGCCTTAGAATGGCGTGAGCATTACGAGTTTTTACATAAACGTTTATTGCAAACATCCTATGATTTGTGTGAGTTGTTCGCTGCTTTTCGTGAATTCGCAGAACTCAAGCGTCCTTTGTATGGGCAATATCCTCTGACTCTTACACGCAATGTTGAACAAATTGAGCAAGATCTTATCGCCTCTTTTTATCCATTGTATGGTTACGGTTATCTATCCGCGCATGCCTTTGGTCAGGCGGCTACTTTAGGGTCTATTTTTAAATTAGTTTCTGCTTATTCCGTACTTGTGCAACATCTCTCTAGTCCAGAGGACTTATCTAAGCTATTGGTGATCGTTGATAAGCAATCATTAGGGTACCGTTGCGGGAAACCTCATGTCGGATTTTTTAAAGATGGTTCTCCTATAAACTCCTTTTTCAAAGGAGGGATCCTCCCGGGGAATGATTATTCTGGCAGAGGATACATTGATCTTATTTCTGCTTTAGAAATGTCAAGTAACCCTTATTTTTCTCTTCTTGTGAGTGAATACCTTTCTGATCCAGAAGATTTATGTGAAGCTGCTAGGCTTTTCGGATTTGGAGAAAAGACAGGGGTTGGCCTTCCTGGAGAATATGCAGGGAGAGTGCCAGTAGATGTCGCGTATAACCGTTCCGGGTTATACGCGACAGCTATAGGGCAGCATACACTTGTTGTAACTCCTTTACAGACAGCTGTCATGATGTCAACATTAGTTAATGGAGGAAGTGTATATCAACCGAGTTTAATACAGGGAGAGTGGTATGAAGGAAAGTTTTTCCCCGAGACTGTTAAAAAGAAAAGAGATATTTTCTTGCCCGATCCCATCGTGCATCTCTTTAAGAAGGGTATGCATAACGTGATTTGGGGACAGTACGGAACGACAAGATTTATGCGTCAACGATTTGCTCCTGAACAACTGTCTCGTATTATCGGTAAAACGAGTACCGCTGAGGTAATCGCTCGCGTGAGCTTAGATCGTGAACGAGGGCGTATGAAATTGAAAGATGTATGGTTTGGTGCGATTGGGTATGAAGATGAGGCGCTAACGCTCCCTGATATTGTCGTTGTTGTTTATTTGCGACTCGGAGAGTTTGGGAGGGACGCGGCTCCGATGGCGGTGCGCATGATAGAGAAATGGGAAGAAATTCGTAAAAAATCTCTCCATTAATGGAGATTGGCACGCTTTTTGCTCCTGTAGAAGTGAGGTGTTACTTTGACAGGGAACGACTATGGAAGAAGCGGAAAAGCATTTAGCGAAAGAGTTTTTGTGTTCAGGAATTAATTTATTTTTGAGTGGTGAATACGAACAAGCTGAAGAAAGGTTGAAAGAGTCTTTAGAATTAGATCCAGAAGCTGGGTTAGCCTATTGTTATTTGGGAATTATTGCTTTAGAAACAGGACGGACTGCTGAAGCTTTGGTTTGGTGTAAGAAGGGATTGGATGAGGAGCCAGGAGACAGCTATTTACGTTATTGTTATGGTGTTGCCTTAGATAAAGCAGATCGTGTAGAGGAAGCCATTGGCCATTATCAGGCATATGCAGAGCTTCATCCTGAGGACATAGAATGCCTTTTTAGTTTAGGAAGCGCCTAT
NZ_CP027206.1_gap2	65676	69686	4010	CTACCTATTTTAGAATCAATGATAAAGAATCTGGCCAATTTGAGAGGACCCTGATCATTGCTGAGGATGATGCTTATGTAAGTTATCTGGAAGGTTGTACTGCTCCTGCTTTTTCTTCTCACCAATTACATGCAGCTGTTGTTGAGTTAATAGCGAATAATCGTTCCACTATCCGCTATTCAACAGTTCAGAATTGGTATCCTGGGGATCGCAACACAGGAGAAGGTGGGATTTATAATTTTGTTACGAAACGAGGGCTTTGTGCAGGAAAGCAATCTAAAATTTCCTGGTCACAAGTTGAAGTGGGTGCAGCGATCACTTGGAAATACCCGAGCTGTATTTTAAGGGGAGAGAATAGTGTAGGGGAATTCTATTCCATAGCCTTGACTAATGGGAAGATGCAAGCAGATACAGGAACAAAAATGTTACATATTGGCAAGGGTTCTTCTTCAACTATAGTTTCGAAGGGAATTTCCGCTGACGAATCGCATAATACTTTTAGAAGTTTAGTTTCTATTTCTCCACAAGCTGTGGGAAGTTGTAACTATACGCAATGCGATTCTATGCTTGTTGGAGAGCTTTGTGGAGCTTACACAGATCCTCAAATTCTAGTTCACAATGGAGAAAGTTGCGTAGAGCATGAAGCAGCAACTTCTAAATTACGGGAAGAACAACTTTTCTATTTGCGTAGTCGGGGATTCGATACAGAAGAGGCTGTGAGTTTAGTCGTACATGGTTTCTGTAAAGAAGTTATAGAGTTATTGCCTTTGGAATTTGCTCGAGAAGCAACAAAGTTATTAATGATTAAATTAGAAAATAGTGTGGGCTAGAAATGCTTCATCTATACGATTTACACGTGTGTTGTGAAGAAAAAAAGATTTTGGAAGGGTTGTCTTTGTCTATTCGCCCAGGAGAACTCCATATCATTATGGGGCCTAATGGAGCAGGGAAATCCACGTTAGCTAAAGTTCTGTCTGGGGATGACAGTGTAGAGGTAGCTTCAGGGAGGATGACTTTATCGGGAAGCGACTTAATTGAGATGTCTCCGGAGAAAAGGGCTCATGCAGGGATGTTCATTAGTTTTCAACATCCTCCAGAAATTCCCGGAGTCAATAATCGTCTTTTTTTAAAAGAGGCTTGTAATGCTTGTAGAAAAGCTCGTAATCAAGAGGTGTTGGAAGATTCTGCTTTCAATGAGTTGCTTGCGAGTTTAGAAGAAACTTATGGATTCCCAGGATTTCATTTTTTCCCTGATAGAAATGTCAATGAAGGGTTTTCAGGGGGAGAGAAAAAAAAGAACGAACTTTGGCAAATGTTGATCTTGGAACCCAAAATGGTTGTGCTAGATGAACCCGACTCAGGGCTTGATGTAGATGCCCTGAAGGGCATTTGCTCTGTTGTACAAACCTATCGACGTAAACATCCTGAAACTGCCTTTTGCATTGTGACTCATAATCCGAGACTCGGGGATCTTCTTCACCCTGATCATGTACACATCCTTTTGAATGGGAGAGTTGTTTTTTCCGGGGATATGCATCTCATGGAGGAGCTAGAAAGAAAGAGTTATCAAGAATTGTTGGATGTTGTTACCCGGGAGTAAGCTATGAGGGGAACTTATCAGCAAAGGCTAATTCATCCTAATGAGCGATTACTAGAAGCGCTCAGTTCTTTATGGGGCAAATATCAACGTGATCATGTATTTCGAGATGCCTGTTCTTGGCTACGCGAGATTCCTCAGGGAACAAACCCATGGATCTATTGTCTAGGAGGGAGTGAGTTTTTTACTCCTTTTTCTGATCAGAAATCAGCCGATTGCGTATTTGTGAATGGGTATTTTGTGCCCTCTTTGTCTAAGCTGCCTTCGGGTATTCTTGTGGCGCCTTTATGTGAGGCACGAGCTTTTTTTCAGAAGAAACAAGATAAAGATCCATTAGAAAAAGCACACTCTTTGCTTCGCGGAGAAGAGGGGACAGTCATTTACATCCCTGAGGGGCAAAAGTTTGAAGCTCCTCTTGTCGTGCATCACCACTACGTAGGTAGTGAAGAAAACGATTATAAAAAAATGAGTGCGCCTTACTTTGTTTTTATTTTAGGGAAAGGAGCGTCTATATCCATAGAAATGGAAACCATGACAATTCCGCAGAATTTCCATCTCTTTGGGCAAACGCTTGGTTTCCTTGGGGAGGAGGCAGAGCTTATTTTGACTGTAAAATCTTTCCCTAAAGGGACTGAGAGAGTGGTTTGGTCTCATCATGTAGAGGTGGAACGCAAAGGAGCTTGTGCTGTTGTCCAAGAAATGCGTTCTATGGGGAAGGGATGGTTTCGAAATGCTTTTTCTCTTAGAGGAGAATCTGCACATGGAGAATCTTTAGTTAAGGTTTTGGGTGGAGATTGTTTGGGAGTGCATAACACGATGTATCATGATGCACGAGCAACTTCTTCTCGCCAAAACATTCGTTCCATATTAGATGAGGGATATTTTGCTTTTGAAGGAGGAATCCATATTAGCCCTCAAGGCACTTTGTCTAATGCTTATCAGAAGCACGATACTTTGTTATTAAGTAATCGTGCTTCTGCAGCAACTTTTCCTCGATTAGAAATTTTAACCGATGATGTGAAAGCCTCTCATGGGGCAACAGTAGGCTCTTTGAATGCGCATCTTCTTACTTATCTTCGCTCTAGAGGTTTTAGCTTGATGGATGCTAAGCAAACTTTGCAGAAAAGTTTTTTAGCATTGGATATAGAGAAAACGTATTTCCCAAAACTGAAAGACTTGGATCTTTAACGATGTACAATGTGAAAGAAGACTTCCCCATTTTTAGGAATCAGAAAGATCCGTATATTTATTTAGATTCTGCAGCCACTACACATAAGCCTCAGTGTGTGATTGATGCTGTGACAGATTATTATAGCTTTTCATATGCGACTGTAAATCGTGCGATTTACAGTGCATCGCACGATATATCTTCTGCATATTGGCGAGTACGTTCAAAAGTAGCTGCTTGGATTGGAGCACGATATGACCAGGAAATTGTTTTTTACGAGAGGGACGACCTCTTCACTCAATTTACTAGCTATTGCAGCTAATGATAGTTGGTTGGCCGGAGGGACTGTTGTGGTTTCGGAAGCCGAGCATCATGCTAATATTTTGTCCTGGGAAATCGCTTGCCGACGTTCTGGAGCTACAGTAAAAAAGGTCCGAGTGAATGATGAGGGAATCATAGATCTAAGCCATTTGGAAAAATTATTAAAACAAGGTGTGCAACTTGTTAGTTTAGCTCATGTGAGTAATGTATCGGGAGCAGTTCTACCTGTGCAAGAGGTAGCTTTTTTAGTTCACCGTTACGGAGCTTTACTTGCCATAGATGGGGCCCAAGGAGTTGGAAGTGGACCTTTAAATCTTTCGGGATGGGATGTAGATTTTTATGCTTTTTCTGGACATAAACTTTATGCTCCCACTGGTATTGGAGTATTATACGGGAAGAGGGAACTTTTAGAATCTTTGCCACCAGTGGAAGGCGGAGGAGATATGGTGGTTGTATATGATTCAGAATCTTCTCGCTATCAAGAGCCGCCTTTACGCTTCGAAGCCGGGACCCCTCATATCGCAGGAGTGTTAGGATTAGGTGCGGCTATTGATTATTTACAAGCGTTACCTTTTTCTGTGTCAGACCATTTAACAGCGCTTACCCGCTTTTTATATAACCGGTTGCTTACTATACCTGATATTCAAATTGTGGGACCTCAACAAGGAACTCCCCGCGGCTGCTTATGTAGTATCATTATTCCTGGAGTGCAAGCTTCCGATTTAGGTTTTTTGCTAGATGGGAAAGGTATCGCTGTGCGCTCTGGGCATCAATGCTCGCAACCTGCAATGGCACGTTGGGATTTAGGCCATGTTTTACGTGCATCATTGGGGGTATATAATGACCAGCAAGATGTTATTTCATTTGTGGAAGCTTTAGAAGATATTTTACGTTCGTATCGTTAATGATTCCCATTTTAATCCG
NZ_CP027206.1_gap3	163364	165865	2501	AGTTTACGACGAAATTCCTTATTAAATTCCCAAAATCGAATGTTAGTTGTGTGGGTGATACCTATATGGTAGGGAAGATTTTTCTCTTCAAGAATGTTTGTGATCGTTTTTTGTACAACGAAATTAGCTAATGCTGGAACTTCAGGAGGAAAGTAAGCATCCGATGTTCCATCTTTTCGAATGCTAGCAACGGGAACAAAATAATCTCCTACTTGATAATGGGAACGTAGACCTCCACACATACCTAACATGACAGCAGCTAGTGCATTAGGAAGGAAAGAACAAAGATCTACAATAAGAGCTGCTCCAGGGGATCCTAATTTAAAATCAATAATGGAGGTACAGGTTTGGGGAGCATGAGCTGCAGAAAACATAGATCCTCGAGAAACAGGGACCTGATAGATTTCGGCAAAAACATCAACGTAATAAGCAAAATTCGTAAGAAGAAGGTAAGGTTGAAATTCTTGAATGGTAGAGCCTGTATAGCGCTCCAACATGTCGCGAGCAATCGTTCCCTCGCTAATTTTTTTATGAGGTTCAGTCATAAATAATTGAATATTCTAATAATTATGAAATCTAAATATGCAAAGAACATTTAGATAGATCATGTTTTCGTTAGTTTAATAATTACACTGTTTAAAAGTATAGTTTTCTTTTATAAGAAGAAAGAGTTAGTTTTGCGACATTCTTCTGGACAAAGCTTAGGAGAGAACGATAACATGGATCGAGAAAAGATAACGGGTTAAGCGTATTATGGTTCGTGTAAGCACTAGTGAATTTCGTGTAGGATTGCGAGTTGAGATCGATGGCCAGCCCTATGTAATTTTGCAGAATGATTTTGTTAAGCCAGGGAAAGGCCAGGCTTTCAATAGGATCAAAGTTAAAAACTTTTTAACTGGGCGAGTAATAGAAAAAACATTCAAGTCCGGGGAATCTATAGAAACAGCCGATGTTCGTGAACAGCAGATGCGTCTCTTGTATACGGATCAAGAGGGGGCTACGTTTATGGATGACGAGACCTTTGAGCAAGAGCTGATTTTTTGGGATAAACTGGAAAACATTCGGCAGTGGTTGTTAGAGGATACAGTTTACACCTTGGTTCGTTACAATGGGGACGTGATTTCTGTTGAGCCGCCCATTTTCATGGAACTATCTATCGCAGAAACTGCTCCAGGGGTTCGTGGAGACACCGCATCGGGCCGAGTACTGAAGCCTGCTACAACAAACACTGGGGCAAAGATTATGGTCCCTATTTTTATTGAAGAGGGTGAAGTTGTGAAGGTGGATACGCGGACAGGGAGTTATGAGTCTCGCGTATCAAAATAATTAAAAGGGGCGTTAAGCCCCTTCTTTAAGAAGGCGTTCTGCAACTTTCCGAAATAAATGCGAAGGTTCGGGAGCGTCTTTTATTTCTAAATAATCTCTTGTTGACTCTGGCATAGCTGCTAGTTTTTCTATCCAGAATTTTCTTTTCTGCGTTTCTTGTTGGGAAATAGCTCGGTCACGAAGTTTTTTCAACAGGGCGGATTCTGGCGACAATTCTAGTACTTTTTTTTCTTTCATAGTGAGATTTCCAGGTTCGTGGTTTTAAACTTCAGTACAAAGGGCTTATAAAGAGATTGAGGTTTCTTCAATAGAAATTTTTAATGGGGAGTCTGTTTCTGTTAGGTTGGTTAGCGATGCAGTAGAAATTCGGTATTCCCCCTCTGGATACAGATCTATAATATGAAAGCGTGCATTCGAAGGCAGCGTTAATGATCCGCTATTTACAACCAAAGGCGGAAGATGATCAATTTCTACATGATGATCGTGTCCATGTAGGTACATCCGTACAGAAGGGGAATTCATTAATAAAGATTTTAGAGGAGCGTAATTTAGTAAATCGTGAGCAGGCCTTGTTGTGGGAGATAAGGGATAGTGATTTGCTACGATCACGTGTTCCAAAGAGGGAAGAGAAGCAAGAAATTGCTCTAAAGCAACGATTTGAGAATCAGTTACTTCTCCATTTGCTGCACACCAACCGTTAAAGCAAGAACAGTCTAATAGAACTAACCACCAGTTAGGGGTGAGTTTCTGAAAGGCTATGCGATGCGTTTGGAGTTCTTTATTAGGGAAATAAGAATAGAAGGTTTGTTTCTTTAATGCTCGATAAGTGTATACGTCATGGTTTCCTGGAACTATATACACAGGGGCAATGGATTCAATGCGAGAGAGAAATTCTTTAGCTAAGCGGAATTCTGAATCAAGAGCGGTAATGGTAACATCTCCAGTTACGCAGACTCCATTTGCTTCGAGTTGAGCGACAAGTTGGGGGAACCGCTGGGAGATTGCGGGGGCTCGAAAGGACACCCCTCCTACAAGCTGCCTTAGTAATCCTTTGAAACGTTTATTGAAGCATTGAAAAGGATTTTTAGGGAGTACACAAAAATGGATATCGGAGCAATGGATCAGTCTAAAGACAGTCGAGGGTTTTTCTTGCATAGAGAGGTGAAGGTTTTAGG
NZ_CP027206.1_gap4	174546	179361	4815	GGTATTGGTGGGATCGGAATGAGTGCTTTAGCTCATATTCTGCTTGACCGAGGATATAGCGTATCAGGGAGTGACCTTTCTGAAGGGAAAATAGTGGAAACGTTAAAAAATAAAGGCGTGAAGTTCTTCTTAGGAAATCAAGAAGAGCATGTCCCGGAAGAATCGGTAGTTGTATATGGTTCTGGAATTTCTAAAAACAATCCTGAATTTTTAGCTGCTCTGAATAAAGGAAACCGTCTTATTCATAGGGCTGAATTATTAGCAGAGCTTACAAAAGAGCAAATTTCTATCTTTGTCACAGGAAGTCATGGAAAGACAACGGTTTCTTCTTTAATTACAGTCATCTTGCAAGAAGCTGGGAAAACCCCTTCTTTTGCGATAGGAGGGTTAAATGGAGAAGGGATCAATGGGAGTTCAGGATCTGAGTATTTTGTTGCAGAAGCCGATGAAAGCGACGGATCTATTCGGAATTATTCACCAGAATTTTCTGTAATTACCAATATAGACGACGAGCATCTGTCTAATTTTGGTGGAGATCGGGAGCGTTTGCTTGCATCTTTACAAGATTTTTCTACCAAAACTCGTCAGATTTGTTGGTACAATGGAGATTGCTCTCGATTGCGGTCTTGCTTGGTAGGACATACATTTGGATTTACCTCTTCTTGTGATTTACATATTTTAACTTATCGACAAGAGGGGTGGAGATCGTTCTTTACAGTAAGGTATCAGAACGTTTTATACGAGGATGTGGAAGTACGGTTGGTCGGTGAGCATAATGTGATGAATGCTGCGGCAGCTATGGGAGTAGCTTTGTCATTAGGAATAGACGAAGATACGATTAGGGATGCTTTGCAGAGATTCCCAGGGGTTCAACGACGATTACAGAGGAAGAATTCTTCAGAGGTCTTTCTTTTCTTAGAAGATTATGCGCACCATCCTTCTGAGATTGCCTGTACATTGCAAGCTGTTCGCTCTGCCGTGGGATCACGACGCGTTTTAGCCATTTGTCAGCCTCACCGATTTTCTCGTTTAAAAGAGTGTATGGGATGTTTCCCTTCGGCATTCAAAGGTGCTGATGAGGTGTTATTAACAGATGTGTACAGTGCAGGAGAGGCAGAGGAAGATGTCTCTTATAAAGAGTTAGCTCAGTCTATTAGTCGGGAGTCTTTGGTAACATGTGCCTATGTTCCTTTTAGTGAGTTACAGGGCTTTTTAGAAAAGCATATTCGTGTGCATGATGTTTGCGTGGCATTAGGTGCTGGTGATATCGAGGTTTTAGGTGAGAGCTTACGAGATTTTGAACCGAAGAAACTCTCTCTAGGACTTATTTGTGGTGGAAGATCTTGTGAACATGATATTTCTATTCTATCTGCACAAAATATCGCAAAGTATCTTTCGCATTCGTTTTATGAGGTACAGTATTTCTTAATTACCCGTGAGGGGTTATGGAAGACTGGTTCTTCACTAGAATTGTCAGAGGAGACAGGAAAAACCATTTTTGATCCAGAGATAGCAGGAAAATTAAGTAAGGTAGATGTCATTTTACCGATATTGCATGGCCCTTATGGTGAAGATGGGGCTATGCAGGGGTTTTTAGAGACTATTGGGAAGCCCTATACGGGGCCTTCTTTAGTTTTTGCTGCAATAGGAATGAATAAAGTGTTAACCAAGCGTTTTATGAGCGATTTAGGTATTCCTGTTGTGCCTTATCTCCCTCTGACATTAAAGGGATGGAAGCAAGATCAAGAGAAATGTTTAGCTCAGATAAAGGCGGCTTTTTCATTCCCAATGTTTGTGAAGTCTGTGCATTTGGGATCTAGTATTGGCGTTTTTGAAGTTCATGATACTAATGAGTTGCGAGATGCAATTAATGAAGCCTTTGTTCGAGATGATGACGTTTTTATAGAAGAAAGTCGTTTGGGATGTAGGGAAATAGAGGTTTCTTTTTTGGGCGATGGATCTGGAGTCTTTTTTGTTGCAGGAATGCATGAAAGACGAGGCAGAGGCGGGTTTATTGATTATCAAGAAAAGTATGGGCTAAGTGGTAGGGCTAGTGCTCAGATCGTATTTGATGTAGATCTTTCTAAAGAAACGAGAGAACAATTGCTTGGAGTTGCAGAGAAAATTTATCGTCTATTACAAGGAAAGGGGTCTTGTCGTATTGACTTTTTTGTCGATAATGAAGGGAGCTTTTGGTTATCAGAAATCAATCCTATTCCTGGTATGACAACAGCAAGCCCCTTCCTTGCTGCTTTTGTTCGTAAGGGCTGGAATCGCGAACAAATTGTGCATCAACTTGTTATAGATGGATTACAACGATTCGACCAACGCCAACGCTTGATATCGACACCTTTAATAGATCAAGCGTTGGCTGCTCGGTAAGAAGATTCCTGTGTAAGGCAATCGAACTAACTATGATGAGAGCAATTACAGCCATGGCATGTGCCCGCTAAAGTACTGACAGCAACTGAGGATTCTTCTTCAAAGCTATCTTCAATAAAGGAATCCTCTTCAAAATCGTCAGAAGAGTCTGTTGCTGCATGGCCTAGAGATAAAGATTCTTCATCCACAGGAGAGATATTTTCTGGTTGAGCAAGCTCAACAAGGATTTTTTTCTGTAGTCTGGCGCCAACGCGTTTCAGAATAGTTCTTAATGCTTGTATAGTTTGTCCTTTTCTCCCAATGATTTTTCCAATGTCTTCGGAGTCCGCGTGAATTTCCAGCTTAAGAGTTGCGCTGGCTTTATCTTCGGATGATCGAATTTTGACGGAATTGGGATCAGTGACTAAATTTTTCACGATGTACGCTGCAAAATTTTCCATAAAATCCAAATTAATTTGAGAAATAAAAATCTTGATAAGAGTCTCTTGCCCAAGATCATGCGAAGGATATATGAAACTCTAAAAAAGCGTCAATATTTTAGCTTACAGTCTGCTATGAGCTAGTTTTGCGCATAATTCTTAGAAAGAAGAACCTTTTTTACTTACGTTTAAGCAAAAGATAATCTTCGCAACGCAGGTCACAAATGGAAGTAGCTCCAGAGGAAAAAGCTCCAAGATTAAGTGCTTGTTGATAATGTTTGATTCCAGACATAAAAGAATCTTTTCGAAAACGTAATAAAGTTCCAGAAGATAAGCTGACAACAAACTCTGATGGATAGTGATCTATTTGGGATAGATCAATGATGCTTGGAGGGTCTACTTGTAGATTGTTTATTAAAATTTTTATGATGGTGAGAATTTGACTCGAAATATGTGATTGATTAAGAGCTTCTTGTGGAACAAAGACTGTAGGAAGTTGTAATGAATAGAAAGGTAAAGCTGGAAAAGTTTGGCCTTCAAAACCTATGAATGTGTGGGTTTTATTTCCTAAAAAGGCTAAGGGTGCGTGTAAAGCATAGGAAATTGCTAGACCCTTGTGATCAGGAACCTTATCAATAGAAATCTCGGAAAAAATTCCCGTTTGTTTCAAAAAATGTTCAGCCGATTTGGTGGAAAATGTTTGTAGGTGAGGAGGATCATCTGCGGAAAGATGTAATAACTCTGAAAAGAAGGGTTCGGGAAGATGGGGAGGTTCAACGCAAGTGAGGAATAGGGTCTTAATAGGAGTGAAGGACTGTTTAAAAACAAACAAGCTTGGAAGTGTCATCCACAAGCTAATGGGTAAAAAGATAAGAATGCTAATAAAGATACATAGAAACGAGTAGGAAAGAGAGTAAACCGGGCCTTTAGAAAAAAGAAAACGCCATATGTGTGTCAAAAAAGAGAAGTAGCGGGGGAGCAAAACAACCTCAAAAACGCTTCTAGGAGAATCTAAAAAGAATTTCTTTTTTTAGAGAGAAAAAAAGTAAGAAACCCTTATTTGAAAATAAGAGGTAGTAACTCCTTCCGTCAAGAATTTCATTATTAGATTACAAGCTAACTTAGAGGGCCAACTATGGAGTGGATAGCAAGAGAATATAACAATATTTTTATCGTTTCTTTAAAAGGAGACCTAGATGCTGTTACAGTTCCTGCTTTAGAAGAGTTTTTAACAAAAGCCATTGAGAAGGGACGTGTGAATATTCTCCTAAACATGGAAAAAGTTTTTTATATGAGTAGTGCTGGTCTGCGATTGATTCTTTCGTTAGCAAAATTAACAAAAAATCATAGCGGGAAGCTTTGTATCTGTTGTCTTAGAGATGAAGTTGCTGATATCATTCGAGTTGCTGGATTGGATAAAGTAATATCCATCCGTAAAGCAGAACAAGAATCTTTTAGTGATTTTTAAACTATGCCCTTACCAGCTTCTTCGGGATCTGTTGCAGGATTCTCTGTGTGTTCAGATCCTCAAAAATCTTTTTCAAAAATGTTTAAGCGGACGGTGATTTTATTAGCTGGCCCAACAGGATCAGGGAAAACTGCTGTTTCTCTTAAGTTGGCTCCGCTTGTTGATGGAGAGATTATCTCTGTAGACTCTATGCAAGTCTATCAGGGAATGGATATTGGAACAGCAAAGGTCTCCTTAGCTATTCGTCAGGCTGTTCCACATCATCTGATAGATATTTGTCATGTCCAAGAGACTTTTAATGCTGTGGATTTCTATTATCACGCGATACAAGCCTGTCAAGATATTCTATCTCGTAATAAAGTTCCGATTCTTGTAGGGGGAACAGGGTTTTATTTTCATACTTTTTTGTCTGGTCCTCCATCAGGGCCTTCTCCTGACTTTGCATTGCGAGAGCAACTTTCATTGGAAGCTCAAGAACGTGGTATAGGAGCTCTCTATCAAGAGTTAGTGGAGTTGGATTCGGCCTATGCTGCTACTATTACTAAG
NZ_CP027206.1_gap5	184251	187844	3593	GGGGCTCCAATTTTTGCTGAAGTGCTTGGAACCTATACAACGTGCGACGCTTTTCATATTACTGCTCCTAGAGATGATGGTGAAGGAATCACTGCCTGTATACTAGGAGCTTTGAATAAAGCTGGTATTCCTAAAGAACGGGTGAATTACATTAATGCGCACGGAACTTCCACTCCATTAGGAGATCTGTCAGAGGTATTGGCTTTGAAAAAGGCTTTTGGAAGTCATATCAAAAACTTGCGCATGAATTCGACCAAGTCTTTGATAGGGCACTGCTTAGGAGCTGCAGGTGGGGTAGAAGCTGTTGCGACTATTCAAGCCATTCAGACAGGGAAGTTGCACCCAACAATCAATATAGAAAATCCTATAGCAGAAATAGAAGAGTTTGATGTAGTTGCGAATAAATCCCAGGATTGGGATGTGGATGTTGCTATGTCGAATTCCTTTGGTTTCGGCGGACATAATTCAACGATATTATTTTCGAGGTATGAACCTTCATTATGATGAAAACTAAGCACGAATATTCTTTTGGCGTTATTCCTATCCGATTTTTTGGTACTCCAGATAGAAGTACCTTAAAGGCTTGTTTTATCTGCCATACAGATGGGAAACATTGGGGGTTCCCTAAGGGACATGCTGAGGAAAAAGAGGGTCCTCAGGAAGCTGCGGAACGAGAACTTGTTGAAGAGACAGGGTTAGGGATTGTTAATTTTTTCCCAAAAATATTTGTAGAAAATTACTCTTTTAACAACAAAGAAGAAGTCTTTGTGCGTAAAGAAGTGACCTATTTTCTTGCTGAAGTTAAGGGAGAAGTGCATGCTGATCCAGATGAAATTTGTGATGTGCAATGGCTGAGCTTACAGGAAGGTTTACGTCTTTTGAATTTCCCAGAAATTCGTAATATTGTTACAGAAGCAGATAAGTTTGTGCAAAACTATCTATTTGCTTCATAAAGTTCCCTAGGATGAAAAAAACTTGATTAGGAAGGGCTATTATGAGAAATCTCATAATAGCCTTTTCTTTACTCCGCTTTACATAAAAAGATTACAATAATCTTCGTGCGCTAGTCGGATGACTTTTTGGGCTTCTTTTTTCCCATATAAGCCGATAATTTCAATTTTAGCAGGTTTGGCTTGGATTAAACTTTCAGGAGTGGCCTTATACGTTAAAAAATAGTGCTGAATCATGTCCAAAACAGATCCGGGGCAGTCAGAAATATCTTCCATAGCTCCGTAAACGAGATCATCTTCTAGAACAGCAATAATTTTATCATCAGCTTCTCCAGAATCTAAAATACGAATACCTCCAATAGGTCGAGCTTGCAACAGGATATTTCCTTGGGTGATATTCTTTTCTGTTAGTACACAAATATCAAGAGGGTCTCCATCTCCTTTGATGTTGTCTCTATTGCTTTGCTGGCCACTATATTCCCCAGAAAGATCCCCACAATAAGTTTTAGGTAAAAGGCCATATAGGCAAGGGCAAAAATTGGAAAACTTCTGTGGCCGATCGACTTTTAGTAACCCCGTCTCTTTATCCAATTCAAATTTAACCGAATCAGAGGGAGTGATCTCTATATAGCAGCAAAGAGATTCGTAATCATCGCGTGTTAATACTGGTCCATGCCAAGGATGGACTATAGATAATGGTGTTTTAGACATGAGATAACTCTCTATTAAAGTGTTTTGCGAGCAATTATCCTGCGCTAACAGCTTATTCGTCCAATAGTTTTAGCATTCTTGTTGGCTCACAAACTTTTATTTTTAATTATAGAGCTTTCTTTTTGCTTTTATTTTTGTCGTTGTGAAAAAATGCTGAAAAGTTCCTTGCAAAAATCCTCTCAGAAGGTTTTTTGGCAACAAACAAGTGTTTCTGTATTGCAGAATGATATAGGCTGAACATAGAATATGAAATACTCTTTGCAAATAGAAGACCTTCATATTGAAGGATTCGAACAGGTTTTGAAAATTAGTTGTGAGTCTGTGCAGTTGGTGGCTGTAATTGCTATTCATCAGACGAAAGTAGGACCTGCTTTGGGGGGAATTCGTGCTTTTAATTACTCTCAATTTGATGATGGATTACAGGATGCTTTGCGTTTGTCAAAAGCAATGACATATAAGGCTCTTCTTAGTAGTACAGGAACCGGTGGAGGGAAAAGTGTGATTTTCTTACCGGAGGGGCTCTCTAGCCCTACAGAAGGAATGTTAAGAGCTTTTGGTCAAGCTGTGGACTCTTTGCAAGGGAAATATATTGCAGCTGAGGATGTAGGGATCTCGGTTCAGGACATGACGATCATTCATGAGGAGACTCCTTACGTTTGTGGGCTAGCGTCAATAAGCGGAGACCCCTCCATATACACAGCACATGGAGTGTTTTTATGCATTCAAGAGACGGTTGATTACCTGTGGAATGAGGGTATAAAAGGGAAGCGAGTTGCTGTACAGGGGTTGGGTTCTGTTGGGCGTAAGCTGGTGCATGAGCTATTCTTTGCAGGGGCTGATTTAATCGTCTATGACACACGAAAACATCTTCTTGATGAAGTAGTGACTTTATATGGGGCTCAAGTTGATGAAAACATTATCTCGGTAGATTGCGATGTTTTGTGTCCTTGCGCCTTAGGAGGGGTTATTAACGCGTGCAGTGTCGATCAGCTTCGATGTCGAGCGATTGTTGGGGCAGCCAATAACCAGCTTGAAAATACTTCCATAGGGAAAGAGTTAGCAATTCGAGAGATTCTTTATGCGCCAGATTATCTTGCTAATGCAGGAGGCCTATTGAATGTTGCTAGTTCTGTGGGACAGACCTATGCACCTAAAGAAGTCTTAAAAAAAGTAGAGAGTCTACCAAAAACTCTACGACGTCTGTATGAGAAAAGCATTCAAGAGAGCATCGATACAGGGACTCTTGCTAACACTATAGTTGAAGAGCGCTTAGCTGCTTATTCTTAGTGAAGGAAGACTGCTCTTCTGGAGATAGTCTGTTTAAAGTAGACCGGTGACGGAGTCTATATAGAGTTTCCAGGATAGTGTTGTGGATGCGTTCGTTAGCGGAAGCAAGAATCAAAGGGTGTTTTTCCAAATATAAGTTAGGATTAGAAAAAGTAAGTGGGGATCCGGATATATCTGTAACAAGGCCTCCAGCTTCTTCTATAAGAAATACTCCAGGAGCATGGTCTCTGTAATGAGCCCGTGGAGGGGAATAAGGAATACGAATGAAGAAGTCTACGGTATTGTCTGCAACCCATGCATATTTGCTTTGGCTATCAGCGCGAACAGGTCGGGGATGCCATGGGAGGTGTTGACTAAGAATGTGTGTGGTCAAATGTTGGTGGTTTCTAGCTGCCAGAGAAGCTTCGCAGAATTGATGGGTAAGCTGGAAGTCTTCTTGAAGAGAGAAAAGGATAGAACGGGTGGGTGTATAAATTGTGAGCCCTTCACCTTTAGCTGCTGAATACATTTTGAAGGACGCATTGTTTGATGTAGGGTTGGCTATGACAGAAAGAATAGGGGAGTGTTCATAGAACAAGGAAAGAGCAACAGCAAAATAGCGTTGTTTGATGAATCCTGAGGTGCCGTCGATAGGATCTGTTAACC
NZ_CP027206.1_gap6	253190	255070	1880	AGTTTGCTCTCGAAAAGAATTTTTTCGTCGCAAGTTTGTGCTATTTTTCAATTGCAGGAAACGTTGCTAGCTTCTATATATGGTATACAAGAGCCGAGACATTCACAATATCTTGGGTTTAGGGGCTCGCATACTCAAAGGATAATACTCTGATTTTAAGCGTAGGATGAAGGTTCTTTCTGCCATTTTTTTTAATGACGGATAGGGACTGTAGGCTTCTTTGCTTCAAAATAGAATAGATAACGCGTATTCAACGTTTACAAGGATAGTTATGGTCGATCTACAAGAAAAGCAATGCACGATTGTTAAGCGCAATGGAATGTTTGTTCCTTTCGATCGGAACCGTATTTTTCAGGCTTTAGAGGCTGCTTTTCGAGATACTCGCAGAATTGATGATCATATGCCTTTGCCTGAAGATTTAGAAAATTCTATACGCTCTATTACGCACCAGGTGGTTAAGGAAGTCGTGCAGAAAATTACAGACGGACAAGTTGTCACTGTAGAGCGTATCCAAGATATGGTTGAAAGTCAGTTATATATTAACGGATTACAGGATGTTGCTCGCGATTACGTTGTGTATCGCGATGACCGTAAAGCGCATCGGGAAAAATCTTGGCAAAGCCTTTCTGTTATTCGCCGTTGTGGAACGACTGTTCATTTTAATCCTATGAAAATTTCTGCAGCTTTAGAAAAAGCTTTTCGTGCGACCGATCGAATTGAAGGAATGACTCCTGATTTTGTGCGTGAAGAGGTGAATGCATTAACGCAAAAGATTGTTGCAGAGATCGAAGAACGTTGCTCTCAACAAGACAGCCGCATAGATATTGAGCAAATTCAGGATATCGTTGAACAACAGCTAATGGTTGTTGGTCACTATGCTACTGCCAAGAACTATATTCTTTATCGAGAAGCTAGAGCTCGTGTCCGTGATAATCGAGTAGAAGATCAGATCGTAGAGGAGGCTCCTTCAGAGGAAACTTTTGAAGTTTTAAGCAAAGACGGTTCGACATACATGATTACGCACTCGCAGCTACTAGCTCGTCTAGCTCGCGCTTGCAGCCGTTTCCCTGAGACAACAGATGCAGCTCTTCTCACTGATATGGCTTTTTCGAACTTCTATTCCGGCATTAAGGAGTCGGAAGTGGTGTTAGCTTGTATTATGGCTGCTCGAGCTAATATCGAAAAAGAGCCTGATTATGCGTTTGTTGCTGCAGAGCTTCTACTCGATGTTGTGTATAAAGAAGCTTTAGATAGATCCAGAGGTGATGAAGACTTAGAACAAGTTTATCGCGATCATTTTAAACGTTACATCATGGAAGGCGATTCCTATCGTCTGAATCCAGAATTGAAAAATCTTTTTGATTTGGATGCTTTAGCCAATGCTATGGATCTGTCTCGAGATTTACAGTTTTCATACATGGGAATCCAAAACCTGTACGACCGTTATTTTAACCATGATGATGGTCGTCGTTTAGAAACTCCCCAAATTTTTTGGATGCGAGTGGCGATGGGATTGGCATTAAAAGAGCAAGATAAGACTTATTGGGCAATTACTTTCTATAACCTGCTTTCTACATTCCGGTACACGCCTGCTACCCCGACATTATTTAATTCGGGCATGCGACACTCTCAGTTAAGCTCCTGCTATCTTTCTACTGTACAGGACGATTTAGTGAATATTTATAAGGTGATTTCTGATAACGCAATGCTTTCTAAATGGGCAGGCGGTATCGGAAATGATTGGACGGCAATTCGTGCGACAGGAGCTTTAATTAAAGGTACAAATGGAAAAAGCCAAGGGGTTATTCCGTTTATTAAGGTGACTAACGATACTGCGGTTGCAGTTAACCAAGGTGGTAAGCGTAAAGGTGCTGTATGCG
NZ_CP027206.1_gap7	260045	262609	2564	AGGTGTGTAAGAATGAAAAAACTTTCAGAGCTTCATCAACAGAAACTAACTCTTTAAAGTATCGCGCAGGCCCTCCAATGCGAAAAGTAGAGAAGCGGTTTAACGGAACAGATTCTTGGACGGAGAAGGGAAATGCGTTAGTCATAAAATATATTGCAAAGTTGATCGTTGCGAAGAGGAAACACCATACATAACGGTATTTCCTTATGCTCTGTCATCTTAATTTGATAAGGGGTAATGCTAAAGATAAAAATTATATACGGTTAACCACACATAGAAGCGGGCTCTTGAGCTACCTGGTCAAAAATGGAACCTAAAACGGCAAGGATTAGCGAACTTCCTTCCACATAACTAAATTTTTTAATGAGGCGAGTTGTTTCCGCTATAAGAACTGCTGTTGGGATAGGGGAGCTTTCTTGATTCTGCTGATGTTCAAAAAGCATCATGCGTAAAATATTGCGCTCGATAATTGTCAGATTAGCAAGAGTGGTTGTGCGAATTGTCGCATTAAGCAGAGCATCCAGCTCTGACTGGTTGGCCCGAATTGCTTTGCAAAACATTAAGGCGTATAGTACATTTTTTTTTGAAACAGAGGCTTCTGTCATCAGCAGACTAACAAGAGAGTCCTCTCCCTTAGGGGCCATTTCCAGGGCGTACAATGCCTGTAAAACAAGTTCACGCAATTTTTGCTTTGGGAAAGGCCGGCTAGTACACACCACAGCACGAGCACTGTCAGAAGCCATTACTGACATGATCACACCTAAAAAAAGAATACAACGCTATGCACCCTATAACATGAAGGCTCAGCCTTTCCTCCTTTCTTAGGGCGCCGAAATGGAAGGAAGGCACTGAGTATATACCAAGAGTCATTTTTATGAAAGAGTAGACCTACTTATCTGTGATTGATTTGAAAATAAAAAATTTCTTGTCGAAGACTTCTCTTGAATAAGTTTATAGAATTCTTTTGAGGGAAAAAGGAGCGAAGTTTTCGGCGCAATACTTGATAATAATCCTTATCTATAGGTACCATGTAGCAGTCTGGAGCGGAGTCGTTTGGATTACGTCGCGAATGCGAAATTTGGTTTAGACCAAAAGGGAAGCCCTTCTTCTTGGAGAAGAGGGCTATAGTTTTGGGACTCTCCGCCGGCGATTACTAATTTTAGCAGGGTAGATGTGGCTTTAAACCTAAAAATAAATAGGCAGATACGAGCTCCCAGGGTGCGTGTAATAGGTTCTTCTGGAGAGCAGCTAGGCATATTGAGTATAAAAGAGGCCCTAGATTTAGCCAGGGAAGCTGATTTAGACCTTGTTGAGGTTGCTTCAAACTCAGAGCCTCCCGTATGTAAGATCATGGACTACGGGAAGTATCGTTATGACGTAACTAAAAAAGAAAAGGATAGTAAGAAGGCTCAGCACCAAGTGCGTGTCAAAGAGGTTAAGTTAAAGCCTAATATTGATGACAATGACTTTCTTACGAAAGTAAAGCAAGCTAGAGCCTTTATTGAAAAAGGAAATAAAGTAAAAGTTTCTTGTATGTTTCGGGGGCGAGAGTTGGCTTATCCCGAACACGGGCATAAAGTTGTTCAAAGGATGTGCCAGGGCTTGGAAGATGTTGGTTTTGTTGAGTCTGAACCTAAACTAAATGGCCGTTCTTTGATCTGTGTTATTGCTCCGGGAACACTAAAAACTAAGAAAAAACAGGAAAAAGTCCATGCCCAAGATGAAAAGCAATAAGTCCGTTGCGGCGCGTTTCAAATTGACTGGTTCTGGTCAATTAAAAAGAACTCGTCCGGGGAAAAGACACAAATTATCAAAAAGATCTTCGCAACAGAAACGCAACCTGTCTAAGCAGCCTTTAGTGGATCAAGGTCAGGTGGGCATGTATAAGCGAATGATGCTTGTTTAAAGGTAGAGGGTTTTAAATATGGTAAGAGCAACTGGTTCAGTAGCTTCTAGAGCGCGTCGTAAGCGCATTTTGAAACAAGCAAAAGGATTCTGGGGGGACAGAAAGGGGCATTTCCGTCAGAGCCGGTCTTCCGTTATGCGGGCTATGGCTTTTAACTACATGCACCGAAAAGATCGTAAGGGCGATTTTAGAAGCCTTTGGATCTCTCGTTTGAATGTGGCTTCTCGAATTCATGGTTTGTCCTATAGTCGCTTGATTAACGGACTTAAGCAAGCTGGAATTAATTTGAATAGAAAGATGTTGTCTGAGATGGCTATCCATGATCCTCAGGGATTTGCTTTAGTAGCTGCTCAAGCTAAACTCGCTTTGGAAGCTTCTATTCAGGGATAAAGGTTTATGACAATTCAAGAGGAACTTGAGGCTGTTAAGCAGCAATTTAGTTGTGATTTAAGCCTTGTGCATTCTTCTAAAGATCTTTTTGATTTGAAAGTAAAGTACCTTGGTAAGAAGGGAATCTTTCGAGGGTTTGCGGATCAGTTGAGGGAGTGTCCTGTAGAGCAAAAAGCGACTATTGGAGCTTCCATCAATGCTTGTAAGCAGTACATTGAGGAAGTTTTACTTGAAAAAAGTCAGGTCATTTTGGCCAAAGAAGAGGCAG
NZ_CP027206.1_gap8	298655	300911	2256	TAAAATAATAATGGGATTGGGGGAGACTAGTACAAAGGGCTGGGAGTTTTATGATTAAGATAGCACAAAGTTTCAAACCTTACATAATGGAGCCTGGAGTCAAGATCCCTATTCCTGGTTCGACTTTGTACGCACAGGTATTTCCTTCGCTTTGGAGAATATTCTCTGCCTCACATACGCTATTAGACGAGGGAAGAATTCCTGTAAAAGGTCCTTTGAAACGTTTTGTAGTATTTCAGAACTTGAGTCGAGGAGGAGTTGCTGTACTGTCTGAACAGTATAAGTATTACCTTTCTCCTCAAGGATTTTATACCTCTTCTATAGCGGACCTTCCTCACTCTTCTTTTTATCCTGGGGAATATGTTTCTTTTGGAGTGCACAAGCACGCAGATTTGGAAAAAATTCGGAGGAGAAAAGATCTTAAAGAGATCCTTCCTTTCTTATTTCGGCACGGAGTGCTTTTGCAAAAGCAAGCTTTGCAACCTTTAGAAAAAACAGAGGTGTCTCTTCTCTTAAAGAAGTTGGACGAGGTGATCGCTGAAGTTGATAAAGAAAATGTGTATGCTTTATTAGTAAATTTCATTTACTCCGGGTTATCTAAAACTTTGTTGCCGCGTCTGTATGATGAAGAATATCAGGGGATAGTATCAGAAGATCCTAGACAAGGGAATGAGGAAGTTCCTTTTGCATTACTGAGAGCTGCTGCACTCAGTATGCAAAAGATCTTTATTCAAGAGCAGGAAGGAGTTGTGACCTTGTTACCCGTACTTCCCCCCGAATTCCCTTGCGGTCGTTGGGTTGGCCTTTCCCTTGATATTGGGGAAATTTCCTTCGAATGGACTAAAAAAACGATTCGAAGGGTAGTTTTGAAAGCTCATTCTTCAAGAGAAATCGTGGTAACCAGTCCAGGAGTTCGATTGTGTCGTTTCCGTATTGAGGAACAGGGTAAGATTATCTCTTGTAAAATTAAAAAAAATTTAGAAAAGGTGGAGATAAAAGCGGGAACCACGTATCTATGGGACCGTTTTTGTAAATAAACGCAGAAAATGTCGTGGATCCTTTCTTCTTAAATACACAACATGTAGAGCTTCTTGTTTCAGGGAAACAGAGTAGCCCGCAAGATCTTTTAGGAATTGTTTCTGAAAGTCTGAATCAGGATCGGATAGTTCTTTTTCGTCCTGGAGCAAAGACTGTTTTTGTTGAGCTGCAAGGAAAGATTCAGCAAGCAGAATCGCATCATTCAGGGATTTTTTCTCTCCCTGTCACGAAAGGAATTTCTCCTCAAGACTATCGAGTGTATCATCAAAATGGTCTATTAGCTCATGATCCCTATGCATTTCCTTTGCTTTGGGGAGAAATCGATTCTTTTTTATTCCATGAAGGGACCCATCAGCATATCTATGATCGCATGGGTGCTATTCCTTGTGAAATTGGAGGGGTGCCTGGAGTGCGGTTTGTTATTTGGGCTCCGCATGCTCAAAGAGTTTCTGTTGTTGGAGATTTTAACTGCTGGCATGGACTTGTTAACCCTCTTCATAAAGTTTCAGATCAAGGAGTTTGGGAGTTATTTGTTCCTGGCCTCACGGCAGGTTCTTGTTATAAGTGGGAAATAGTTACAGCATCTGGTCAGGTTCTTATCAAATCTGATCCTTATGGTAAATTTTTTGGATCTCCTCCGCAAAGCGTTTCTGTTGTTGTGGATGATCGCTATGAGTGGGGAGATAAAGAGTGGTTAGACGAGCGCTCTAAAAAAGCCGAAGGCCCTATGAATATTTATGAAGTGCATGTAGGGTCTTGGAGATGGCAAGAAGAGCAGCCTTTAAATTATAGAGAGTTAGCTGATCAACTGTCCCTCTATTGTAAGCAGATGCATTATACGCATGTGGAGTTGCTCCCTGTAACAGAGCATCCTTTGAATGAATCTTGGGGATATCAAACAACAGGATATTATGCTCCAACTAGTCGTTACGGTTCTTTTGAGGATTTACAGTATTTTATAGATACCATGCATCAGCATGGTATTGGGGTTATTTTGGACTGGGTTCCGGGACATTTCCCTGTAGATTCTTTTGCAATGAGTAATTTTGATGGTACACCATTATACGAGTATACTAGAAATCCTAGTCCATTGCATCCTCATTGGCATACATATACCTTTGATTATGCCAAGCCTGAGGTTTGTAATTTCTTATTAGGGAGTGCTCTATTTTGGATAGATAAAATGCATATAGATGGTATCCGAGTCGATGCTGTTTC
NZ_CP027206.1_gap9	363589	368199	4610	TCTAGAGTTCTAGCTTTATGCGTGTGTACGGGAGTTTTTAAAGGTTCTAGTAGCAAAACCCTACTCGATAAATTGCGTTCTATAATTTGGACATAGTGTCTAAAAAGTGTTTTAAAAAGCTCTTCCTGTTGGAGGAGCGCGCTTTCTTGAATTGGAATAAAGAAGGTTTCTGTTCCTGTATTATAGAGCTGTTGCAATACCCCCTGCCGAGCTTGGCGAATAACGGGATTCGCTGGAGGTAGTTGGTGAGCATAGCCTACATGACACCTTAACTTATTGGATTTGACTATGTAGGTATGAAGAGTTTCAAAATCAAGAGTGGATAATGTGAGAGAGAAGGGTAGACAATAGTGAGATAGGACGATAGTTTTAGTCTGTTGTGGAGCCGAAGGACCGATCTGAGGTGTCCAATCCATAAAAGCCGAAGATAGGAGTGTTTCTGGATGATCAAAGAAAAACTTTTTATATTCAGAAGAGGTCCCTTTGAAACAGTTTTTTAACTTAGGATCAGGAAGTAGGCTCGAAATACTTGTTGATTCTGTTTTTAAAAAATCAATGAGGGAATCTGAGAGAGCAGGAAGAGATTTCGTATAGGAAATGAGTCGTTGTATTCCGTAGGGGATGAGTTTCCGGCATCCAAAGAAGCTGATTACAGAAACGAGTAAAGCCAAACAGATTCCCGAGGTTATAAAAGCCGGAGGACTGGCAAAAAGGAGGCAACACCCTGTGATCAATCCTATTATCAAAGAGAGCGACGCAGAGAAGACTACAAAAGCCTTAGTCTTTAACTGTTTGGCCGTTAAAGAAAGAATATGTTTGCAGGATGAATAAAGTGGGGGAGGATATTCTACAGGGTACATAAGGTCTGTTGATCTTCCAAATAAATTAAAAAAGATTTTTTAACTAAACTCCAATAACAATTTGTGAGAGGGGAAAAACTTACTCTTCTTACTGCTTTTTTTGGGAATCGAGGGAAAGAGAACAACAACTAGAATAGCCCTTAGCGAACGAACAACTATGCCAAACTCTCTATCGAGATCTAAAAGAAAAAGGATACGCTAAACGAATAAAAAGGACTCCGGAGGATGGGTTCGAACCAACGACCAATGGATTAACAGTCCACTGCTCTACCGCTGAGCTACTCCGGAACAGTTCAAAGCAACATTTTGCATGAGTAGGTAATAAAAAGTCAAGTAATTACGAATGAGATTTTTACTTACGGGGATTTTTTTTCGTTTTAGGGGGATCCTGGAAGCAGATTTTTTCATAACCTTTAGGCACTAGACCAAGTTTATGAATCAGAGCTAGCTCTATTACTTGAGGATTATCCCAAGAAGCTAAATGGGTGCTGAACTCTTGTTGTTTATCCAGGGCTTCTTCTAAACGAGATTTTAAATGAAAAACACGCTGTTGTAATCGTAATTCTTGCACATGCAATTGAGAGATGGCTCTGTCATACACAAAACCACCTCCAAGTAGATAAAGAATGAGCCACCAAGAGCGAATGACAATTTCTTCAACATACCCGAACCAAGAAGTCTGTTTTTTTACTTACCATATTAGTCCAGGAAGATAGGGCTTACACAAAAGGAACTGTAATGCCTTGTTGTTTTTGATATTTCCCTTGGCGATCTGCGTAAGAAACATCACATGCGGAGTCTCCTTCAAAGAAAAGAACTTGAGCAATTCCCTCATTAGCATAAATTTTTGCAGGTAGTGGAGTGGTATTAGAAATTTCGATGGTCACATATCCTTCCCATTCGGGTTCAAAGGGGGTGACGTTTACAATAAGTCCACAGCGTGCATAAGTCGATTTTCCTATGCAAACGGTAAGAACATTGCGAGGGATTCGGAAATATTCTACGCTGCGAGCCAAGGCAAAAGAATTAGGAGGAATAATACAAACATCATCCACGATGGAAATCAAAGCGTCTTCTGTGAAACATTTCGGATCAACTAGGGAATTGTATATATTGGTAAAGACTTTAAATTCTCTAGAGATACGTAAATCATATCCGTAACTGGACAAGCCATAACTAATGAGTTTTTCTCCAGTTTCTGGATGTACTTTTACTTGATTATCAGCAAATGGCTCTATCATACCCTCTTCAATTGCCATTTTGCGAATCCAGTTGTCTTCTTTAATCCCCATAACTTCTCTCGATTATTTTTTATGCCTGTATTTTAGGAACGATTGTAGTTAGAAAAAAGAGCCGGAACTCTCAACACTACAGCATGTGCAATTGTATGAAAAGACGCAACGTTTTAATGTCTTAGTGAAGAGTGTTTTTTCTTTAAATAGTATTTTATATAGGTCAAGGTATTTCCTAATAGTCTTGGGAATACCTTGACTTCGGTTATTATGGGATGTCAAAATAAGATTTCTCGACGTTAGTTAACGAATAAATCTATGACTCATAAAATTTCTGTTTTACACCAAGATAAAAAATTCGATTTTTCTTTGAGGCCAAAAAAGCTAACAGAGTTTTACGGGCAAAAACAGCTAAAAGAACGACTAGATCTTTTTCTTCGCGCAGCAGTTCAACGGAAGGAGGTCCCTGGCCATTGTTTGTTTTACGGCCCTCCAGGATTAGGGAAAACTTCATTAGCACACATTATGGCGAATACAGTAGGAAAAGGTCTAGTAATCGCTTCTGGTCCCCAGTTATTGAAACCATCTGATCTTATAGGACTATTGACTGGGTTACAAGAGGGTGATGTATTTTTCATTGATGAGATCCATCGCATGGGGAAAACTGCTGAAGAGTATCTGTATCCGGCAATGGAAGATTTTAAAGTGGATATTACTTTAGATTCTGGTCCAGGGGCACGTTCCGTACGTCTTGATTTGGCTCCTTTCACTCTAGTTGGTGCGACTACTCGTGCAGGAATGTTGAGTGAACCTTTGCGCACACGTTTTGCTTTTACTGGACGAGTAGATTACTATAACGAGGAAGATTTGGTTGCAATTCTATCTCGCTCTGCGCAGTTGCTTTCTATAGAAGCAAATAAGGAAACTCTTCTAGAGATTGCTAGAAGAGCACGCGGGACTCCACGTTTAGCGAATAATTTGCTTCGATGGGTTCGGGATTTTGCACAAATGCGAGAGGGAAATTGTATTAATAGCGTCGTAGCAGAAAAAGCTTTAGCTATGTTATTAATAGATAACTTAGGGTTAAACGAGATTGACATTAAACTTCTCTCCGTGATGATTGATTTTTATCAAGGGGGCCCTGTTGGGATGAAAACGCTTGCAATGGCTGTAGGCGAGGATGTCAGGACTCTGGAAGATATGTACGAACCCTTTTTGATTTTAAAAGGATTGGTTCAACGAACCGCGAGAGGGCGGGTTGCAACTCCTTTGGCATATGAACATCTTAACAGGAACCCAAAGGACAAGTAGGGAGAAGAAGAAAGTGAAAAAGTTAAATCTACTCGTGCTGTTAGGAGTGTTTTGTGGGGTGGGGGCTGTTGGAGATGCCGATGTTAAGGTATCTGATGCCCTGTCTCAGTCTATTCTTTCCGAACCAAGGATCCGCGTTCTTTTGTTGAGTGAAAGTACGACGGCTTTAGTTGAAGCTAAGGGAGCTTTTTCTGTATTTGGAGATGGCGAGCTTTTGCGAGTTTCTTCTCAAGGACAACGTTGTGCTGCTCATGCATTATATGGAGGGATTCGTTGGGGAGAGAATTATCCTAATGTTGAGTGTTTAAAAATCGAACCTCTTGATGGATCCGCGTCTCTATTTGTTAATGGTATTCAATACAAAGGCTCCGTATACATTCACAAAACAGAGCGTAACTGTTTGTTTGTGGTGAACGAGCTTGCGATAGAAGACTATCTGAAGTCAGTCCTTTCTGTGAAATATTTGAAAGAATTGGATAAAGAAGCTTTATCGGCTTGCGTCATCTTAGAGAGAACGGCTTTGTACGAGCGTCTTCTTGCAGGTAATGCTAATAGCTTTTGGCATGTCAATGCTCAGGAAGATCGTTATGGGGGGTATGGAGTTACATCCCAGTTTTATGGTGTAGAAGAGGCTGTGGATTGGACATCTCGACTCGTGTTGGATAATCCCGAGGGATTAGTTTTCAATGCAGATTATCTGTTGCAATCCAATGTAGATCGTTTAGCTATAGAAGGCTATAATGCGCGGCAAATTTTAGAGAAATTTTATAAAGATGCTGATCTTGTCGTCATTGAGTCTTGGGAAGACAATAATAGAGGTGTTTGAAGAACTTATTAAGTTCTTTTGTGTGTAAGGACCGAACTCTTTATAGGGTTCGGTCTTTTTATTTGGGTTCAATAGGTTTCTTTTTTCTACTAATTGCCACCAAAGAGCTATATGGTTCTAATGAGAGTTTAGGAGATAAGATTTGAGAAAAGAAGCCAGTTGTACTATCCACAATTTTCTCATAGGCTAGATGTTCTTGTCTTAGTTTAGGTAAAGCGATCTCAATACGCTCATTTCCACTGTAGAAAGCTATAAATAGACTGTAATTGGGATGTTTTAATTCAAATGCTAGATAGTGGTCTGGAGTCCATTCTCTAGGCAACCCTTGAGAATTTAGCCAGGTTATTGTCTCCTCTGATAAGAAATTTGTGTTGAATAGTT
NZ_CP027206.1_gap10	381888	384505	2617	AGCTCTTGTAATAAGTCAGGAGTTCAGGTTATTCGATACTCAAAAAAAAGCAAAGTTTGCTTTTTTTGAAAAATAAAAATTTTGTTATGGAAAGCTTTCTAAAAGCGTCACTCTCAACAAATAGATTCGTCTTATGGATTCAGATTTTGCCAAACATGTACATTCATTGGATATCGATTGGATAGAGTCTTTGTTAGAGCGATTTGAGAATCATGAATCCTTAGACGCTTCTTGGAAGTATTTCTTTGAAGGCTATCAAGTTGGGAAAATAGATGGTTGTCCAAAAGCTGATGCTGGGGATCAGGCTTTCGAGGCGTTGCAAGAGAAGAAAGCGCAAAGCCTCTTGATGGTATACCGTTATTACGGTTACTTACAGGGGCAAATTTCTCCAATAGCTTCTGTGGAAGAATCCTCTTTAGTTGCAGAAAAAGTTCAGGGGTTTGATTTGCAGGAGATGATTCCTTCTTTAGGATTACTCCCCCAATCTCATGTTCGTGTCACAGATTTTATTCAGGTATTAAAGGATAAATATTGTCGCAGTATCGCGGTTGAGACATTGACATGCTCTCCTGAGATCCAAGAGTACATTTGGCAACTTATGGAAGGGGAGAAGCCTATCTTAACTAAAGAAGAGTTGCTTTCTAGGTATCAAGCAGTCAAAAAAGCTGTAGCTTTTGAAGAGTTTTTGCAGGTTAAATTTACTGGACAGAAGCGCTTTTCCTTAGAAGGAGGGGAGAGTTTGATCCCCATGTTGGAACATCTTATTGCTTTTGGAGCAAAGCAAGGGACCAATCGTTATGTGATGGGGATGCCGCATCGTGGTCGATTAAATGTTTTAGGAAATATTTTTGGTAAACCTTATCGACAGATTTTCATGGAATTTGAAGACACTCCTCAGATAAGAGGTCTTCAATCAGTGGGGGATGTCAAGTATCACAAGGGGTATGTTGCCGATAGGCCAAAAGAGAATGTCATCATGGCCCTATTACCGAATCCTAGCCACTTAGAAGCAGTAGATCCTGTTGTAGAAGGAGCTGTAGCAGCAATTCAACACCAGGGAGAAGCGGGAAAAGAGCAATCTTGTTTAGCTGTTTTAATGCATGGGGATGCTGCTTTATCTGGTCAGGGGATTGTGTACGAAACCTTCCAATTGAGTGGGATTCCGGGATACTCCACGGAAGGGACCTTACATATTGTAGTGAACAACCAGATAGGGTTTACCGCACATCCACGAGAATCTCGTTCTACTCCTTACTGCACAGATATCGCTAAGATGATGGGAATCCCTGTATTTAGGGTTAATGGTGACGATGTTTTAGCCTGCCTACAGGTTATTGAGTATGCTATGCGTGTTCGCAATCGCTTTCATTGTGACGTGATTATTGATTTATGTTGTTATCGCAAATATGGTCACAATGAAAGTGATGATCCTTCTGTTACAGCTCCGTTCCTTTACGAAGAAATTAAGAAGAAACAGCCCGTTTCATTGTTATTTAAAGAAAGATTGATTAGTTGCCCTGATTGGCAAATCAGTCCCCAAGAGTTGGACAAAATTGATGAAGAGATAGAGCATGTTTTAAACCAAGAATTTGCTTCTTTGAAAGATTCTGGTGTTGAGCAGTTGGATAAAAAAGAATGTATGCATTGCTCTCGCATGGCAGTAGGAGAGCTGCTGGTTGATAATATAGATACTTCTTTGGATAAAGATTCGCTATTTGACGTAAGTGCAAAGCTTTGTGATATTCCGGATCATTTTACTCCTCACACTAAGATTCGCTCCTTGCTAAATAAGCGAATGAGTATGGCCAATGGGGATATTGGTTATGATTGGGGAATGGCAGAAGAAATCGCTTTTGCCTCTTTGTTACAAGAAGGTTTTTCTTTACGTTTATCTGGACAGGATTCTATTCGAGGAACCTTTAGTCAGAGGCAACTTGTTTGGACTGACGTTCGGACAGGCGATACATTCTCACCATTATATCATCTCTCTTCGAGTCAGGGAAGCGTGGAGTTATATAATTCCCCATTGTCTGAATATGCTGTATTAGGGTTTGAATATGGCTATGCGCAACAAGCAGAAAAAACGCTGGTTATTTGGGAAGCTCAGTTTGGAGACTTTTCTAATGGAGCGCAGATTATTTTTGACCAGTATATTTCTTCAGGAATTCAGAAATGGGATTTGCATTCCGATGTAGTAGTCTTGTTGCCTCATGGCTATGAGGGACAGGGACCGGAACATTCTTCCGCTCGTATAGAGCGTTATCTTCAGCTTGCTGCTGATTGGAATTTTCAAGTAGTGCTTCCATCTACTCCAGTGCAATATTTCCGTATTCTTCGGGAGCATACAAAACGGGACTTATCTCTGCCGCTTATTGTTTTTTCTCCTAAAATGTTACTCAGACATCCGCAGTGTGTGAGTTCCATTGAAGAATTTGGGATCAAAGGGGGATTTAAACCCTTCTTGGAAGATGCGAACCCTAATTATTATGCAAAAGTTCTCGTTTTATGTAGCGGTAAAATTTATTACGACTATCGTGCAGCATTGCCAAAAGATTATGAATGCAATTTTGCTTGCATACGAGTAGAGAGTCTGTATCCATTGTATTTAGAAGATTTA
NZ_CP027206.1_gap11	386443	388482	2039	AAAAAATCCGATCCTCCTAAGGAAAGGGAGATTTGCGCATCAGAAGCTTGACTAGCATTTTCTTTATCATTTTGTTTTGGGAAAATTCCATGACGGATAGGGAAGTGTTCCAGCTCGGGGAAAGTTTGCTTATGTAAAGCTTCAGAAGGAGAGGTCATTGGTTATCCTATTCAGGTTCTTTCCATACACCATGTTCTTTTAGCAATTGGATTAATTCTTCTTCAGCATTTTCCATAGGAACATAGGATTTGACGCATTTATGTTTGACGTATAGATCGATCATTCCAGGTTTAGAGCCTACATAGCCAAAATCTGCGTCAGCCATTTCTCCCGGTCCATTAACGATACAACCCATGACAGCAATTTTTAATCCTCCAGGAAGATGCTTGGTTCTTTCTTTAATACGTTGGGAAACCTCAGGAAGGTCAAAGAGTGTCCGACCACATCCAGGACAGGAGATGTATTCTACCGTTGTCGATCGAATGTTTGCGCTTTGTAAAATCGAAAATCCTAAAGTTCTAGCGAGTTTTAAATCAGAAAAATTGAATAGTACGCAGGATCCTAAACCATCTAGAAGTAGGGCTCCTAAACGAATCGACAAATCTATTGCTGCAGAGTTCTTAGAAAGATTAGCCTTTAGAGAAAAGCTCAAACAAACAGGTTGAGAGTAGTTTTGTCGCAAAGCAAAAAAGCGACGGGCTTGATAGATACTTTCTACTTCAAAATACACAAATGGAGTGGCAAGGGTTTTGTCGGATAGCCAAAGTTCCTCATTCATTTCATTAAGAATAGGAGCATCCTCCTTATAAAAGATACGAAGGTGTTTCTCTATTTCGGAAACGATAGCAGAAGAACGCATGGATTTTGGAATGACCACGCCGTCAGGTGATGTAAGATCTTTTTTACCAGTTGTGATATCGACTCCCAAGCACTGGAGAAGCGTATTAGGTTCTATAGTTAGTAAATGATCCTTGGTTAATCCGACCAAAAACCCATAAACATTCTCTACGGGGAAATGTTTTGGAGTTGTTTGAGTAGTAAGTTGTTTTGAATGGTAGATTTCAAAAGGATTGTATTTCTTTGTAGATTTGGAGTATTTCGCTGTTTCCTTAAGAAGATCTAAGCAAACCGGAATTTCAAGGGTTGGGGAGCCGGTTAGAGAACAACGAATCGTGTCTCCAAGTCCTTCGGAGAGTAAGGTTCCTATTCCTACAGAGGATTTTATCATTCCATCCATGCCAGATCCAGCTTCTGTAACTCCTAGGTGTAAAGGATATAACCACTTTCTTTGGTCTAACTCGCGAGCCAAAGCTCGATAAGCTGCCACCATGGTCCTAGGGTTGCTGGATTTCATTGAGAAGACAATATTATGATAATCCATATTGACGCAGACTTCAGCGTATTCCAAAGCGGAGAAGACCATACCCTCAATCGTATCTCCATAACGTTGCATGATGCGCTCGGATAAGGAGCCATGATTGACTCCTATGCGCATAGCTCTTCCTAAGCGTTTACATTTTGCAACGAGCGGAGAGAACTTTTCGAATAAGCGTTCTAAGCTACGAGTGTATTGCTCATCAGAGTAGATCTTCCCAGAAAACATATTACGTTTATCTACATAATTCCCAGGGTTAATGCGTACTTTATCGACGAAATCTGCGACATGTATAGCTGCTTGGGGAAAGAAATGAATATCTGCTACAAGAGGGATTGTTACGTTTTGTTGAACCAGACGGTCTTTTATCTGTTCACACGCACCAACTTCTTTCAATCCTTGAACTGTAACACGGACGATTTCGCATCCACATTCCTGTAGAGCGTAAATCTGTCGAACTGTTCCCTCCACATCCGTTGTGGCGGTTGTTGTCATGGATTGTATTTTGATAGAGTGTTCGCTACCAACAAAAAGATTCCCAACTTTTACTGAGAGAGTTTTACGTCGAAAACCATTTTGTAGATAGGATTCTGCCATGATAAAGCTTCTAACAAATAACTTATTGAATTTCTGAGAGCATACTCCACTCTCCCAAGAAAGAAAG
NZ_CP027206.1_gap12	422384	426582	4198	AGAGATATGGAAGAAATGCTATTGTAAGGGCTTGAACAAGATCCGGTGTCATTAATGGGGAGAATTTGAAGAATTTGAAATCCGCATAGAGTGCACCAGTCAATCATAGGGATCAGATCGAGAAACTCTCCTATTCCGCAGCTGTTTTGAGTATGTATGGAAAAAAGTGGCACACAAATCCCGTGTTTTGGGGAAGTATCGACTTGATTCCAAACTTTTCGAATAGGAGAGTTTTGGATGATACGTAAGGATCGGGATAATAATGGCATAGGTCTACAGGTGATACATCCCCAGAGCATGTAGATCTGGGAGTTCTCCTTTTACAAGAGCTTGAATCCAAATTTTGGCATGTTGAGAAAAAAGTACCAAGTAACGAGATAATTTTTCTCCGTTTAGATAGGTCATATTGATTCGGTCGCACAGATATAATTGATTCGAAATCTCGCCATAAGCCAGGGTGCCTTTAATATTAGATTGAGGGGAACCATTAATAGATAAAGCAGCTCTAAATACCTTTTGTCTAAAAGTATTTTCAGGAAGTTTACCGAGAACAACTCCTGCAACTAAAAATCCTGAATTTCCATCTTCTTCAATTTGTACAGCAACGTCATTATAGCCAAATCGGACGACACAGGCATTATTTTCATCTGGAGAGAGTGGACTATTAAGTTGGGCACTAAGTTCTGTAAGGAGTTGTTCGAATTGATTTTGCATAATAGGAAGCGTTCTTTTCTGGGATTATTTCTATTATTGGTCTGCAGAGTTTGTTGTTGCTGATGGAATATCAGATAGAGACACTGGAGCATGAGGAGGAGTGCCATGGAAGGAAGGTTTGGGGAAATCGCTAGGTTTAGGATAATCTTCGTTATCGGCATTCACGGTATCTAATGTGTTAGTAATTACTGTTGCTAGCTGCTGTTTTTTCTCAGCATTGCCGAATATTCGTGGGGAACAACCATTGAGCGCTCGGTAAAAGAGATTTAAAACTTCAGTTTGAGGAGTAACGTCAGAACCAACAAGGCCATCCAACAATTTTTGAGCTTTTTGGGAGGACGGGAACTTATCTTCCACTAACTTTAAAAAAGTTTGAGCAAGATTACTGGGAGTTAGGGATGGTGGAAGGGTATGTCCTTCGGCTTTTAAATTGTCTTCTAGTCCTTTTGTATTTTTGTCAAAAAAACTGTCTACAGAGTTGAGGGCTTGTAGATTGCTGAGCTCCGTCATATACACTTGCAATTGTGGAGCAGGGATGGAAGGCCCTCCTGATTTGAGATCAGACACCATACCATTTGTTAAAAAATCTATAACAGCTGCTTTTTCTGTAGGAGAATAAGAGGATAGCATCTGACTTAGAGAAGCACAATTAGCCGGAGATGAGGTTACTTGGGTATACAATGCGCGTAATGATGCAGGGGAAGTGTTTGCTTTAGAAGCAAAGGCTTCTGATGCTAAAAGAACGTTGCGCCCTCCTTTGACTGCTTGAGGATTTTGTTGAAAAAGCGTCTGTTTTGCCTGAATAAGAGAGGCTCTTAATTTCCCATCAGGAGGACTCGATTGAATCAGAAAGTCTAGAGCAAGATCTTTAATTGTGGGGTCCGAAAATTTGCCTGACAGCTTCTCAAGAATCTCTTCAGGAGAGGAATCTTCACTCAGAGAATCCTTTAACCCTCGAAAATCTTCTCCAGAAACATCCGAAAGATTTTCTGTGAAGCGCTCTTCAAGAGAAGAGTCTGATTTCTCTTCTGTACTTTCTGATTTTTTTTCGGATTTACTAGTTGTTTTTCGACGAGCTTCTAATGACTGAAATTTGTCTTCTTTCTTTTTGATTCTAGTCGCTGCAGCAGGATTAGCAAGATCCTCACTTCCTTTAATCAAACTGGCTTCAGAAGCTTCCTGAGAGCCTATGATTTCTTGTGCATCCTGAGTAGCTGCTGCAGCTTGCGCTTGTGCTACGTTTACTGTTTGGGTTCCGCCTAACCCTCCAGCTCCTCCGGATGCAGTCATCTCTTCTTACCTCACGGTTAGAAAATTTGAATTCTTCCTAAAGGCTGGATTCTAATTTCAGGTAAGACCTCTTGATAAGAAATCACAGCAATATCAGGAAATTCTGTCTCTATTAATTTTCGTACATAGCGTCTGACGTCAATTGCTGTCAACAGTACTGGGGGTTGGCCTCCAGGAGGTGTTGGGGTAATAGTCATTCGCATGGATTTTAAAATGAGGTTTACGGAATCTGGATCTAAGGCCAAATAAGAGCCCGCAGAAGTTTGTTTAATAGCGCCACGAATCATCTCTTCAATTTCAGGATCTAACAGGTAGACTGAAATTGCTGATTGCCCTTGAGAAAATTTGAAGCTGATATAAAGTTTCAAGGAAGAACGTACATACTCTGTCAGTAATACAGTATCTTTCTCAGTTTGGGCCCATTCGCTTAAAGATTCTAAAATGGTTCGCAAATCTTTGATGGAAATTTGCTCCTGAACTAAACGCTTGAAAATTTCTGTAAGCTTCTGCAGAGGAATAAGGCGTGTAACTTCTTTAACAAGATCAGGGAAAGATCGTTCCATAAATTCAATCATAGAACGAACTTCCTGAATTCCTAGAAACTCTTGAGAGTTTCTATGGAAGAAGTAAGAAAGATGAAGAATAATCACTTCCAAAGGAGACCAGTACTTAATAGCTGCTTTTTCTAAAATAGTAAGAGCATCGGTGCTGACCCAAGTTGAAGGCAAACCTGCAGCATTTTTGTAAGTGATAAAAGGTAGATTATAACGAGAAAGGTTTTCTTCCACTTCGTTTGTTAAAACGTGGTTAGGAGGAATTTTCCCTCGAACATAGGGGACTTCGTTAAGAAGAATCATATAATCATTCCCTTCTAAAGAAGGGGAATCTGTTCGTACGTGGATTCCTGGATAGCGAATTCCAATATCTTGATAAAGAGCTTGGCGCATTTTAGGAATCATATCATCCACAAAGCTTTGCCCTGATTTTGTTCTTTGCTGAATAAGTTTGGAAAGATCTTTACCAAGTTCGAGAATTACAGGAAGAGTAAGCGCATAATCATCGGAGTTTTCTCCTGAGGCCGATGCTCCGTCAGCAGCACCTACGGTAGTAGAAGAACTGGAACTTCCCTTTTTGCCAGGAGAATTTTTCTTGGTGATTAACAAAATACCTAATACTGCAAAAACAACAGCCATTAGGGCAAATGACCATAAAGGGAATCCTTTAAAAAAACCGATTCCTAAGGTAGCTACCGCAGAGAGGAGTAAGGCTCTAGGTTCTTTAACCAACTGGCTAGAAATTTCTTTCCCGAGGTTTGTATCTTTATCACTAGATACTCGAGTAGTTACGATACCAGCGGTTAAAGAGATCAATAGGGAGGGAATTTGGGAAACTAATCCATCCCCAATAGTAATGAGGGTGTAAATGTGAGCAGCTTGAGCCATTGTCATGCCTTTCATTGTGACACCAATGACTAACCCTCCGACGATGTTAATCAAGGAGATGACGATACCGGCAATAACGTCTCCTTTGATGAACTTCATGGCTCCGTCCATGGCTCCGTAAAGTTCACTTTCCTTCTGAATTTGAGCTCGTTTATCGCGAGCTTGTGTGGCATCAATCATCCCCGCACGAAGGTCAGCATCAATAGCCATCTGTTTACCAGGCATCGCATCTAATCGGAATCGAGCAGCAACCTCAGCGACCCTTTCCGCACCTTTAGTAACCACAATAAACTGTATGATGGTGATGATTAGGAAGATAATAAATCCAACGACATAGTTTCCTCCAACGACGAAGTCCCCGAAGGCCTGAATCACGTTCCCTGCATAAGCATGAAGGAGAATTTGTCTGGAAGAAGAGATGTTAATTCCTAATCGGAACATTGTGGTGATTAGGAGTAGGGAAGGGAAAACCGAGAGTTGCAATGCGCTAGGAATATATAAGGCAACCATCAGCAGGAATACGGAGATTGCCAAGTTGATGGTGATCATGAAATCCACCATAACTGGAGGCAATGGCATAATGATCATCAAGACCACGCCCAACATCCACATAGCAAGGATGAGGTCGCTGGACTTGTTTATCATGTTCAGGGCCGCGTCTCCCCCGAATGTTCTACTGACAAAATTGAGTAGCTTGTTCATTACAGATTATCGAATTGGTTAATGTTTTTATTCTCAATGTTTTGCGCATT
NZ_CP027206.1_gap13	536207	540205	3998	TGGAGATATGTTGCTTGATATCGATAAGGAAACCACATTTATTGTTCGAGGAGTAGATGAATCTGATTATGATAAGAAACAAATCTATGTTGTTTTAGATCTGACAACAGAAGAAGAACGTAAATTGCGAACGGATAAGAACATCATTATTATTCCTGGAGGAGAACGATTGAACCGATGATAATCCTTGAGCGCGCGCAAAAGCTTTAATACCTTCTTGATTTGGCATATGCTAATTCAACATAATAAATATTATCAGACCTTACTTTGATCGATAGTTAGGGAATCTCCTCCCACTATCAAATCCTCCCTACTACCCTCGCTTCTTTTGCAAGAGCTCGGAACAATTATCACAATATGACCTGCCAGTTCATATTGTGATAAATAAAAAATTTACGCTAAAGAAATAATATAGAAACTTTCTGTGAATGTGAACAATCTTTGGATACTGACAATGTTCGAGTTAATAAATCCACGTTAGTTTGGATAGCTGTTCTCTTGTGCAATTAAATATTTTATGTGATCAAAAAAAACGATAAAAAGCGAATTAATTTGAAATCAATTAAATAAGCTAATTACAATTTGGAAGCAAAAATTCAACTTTGTTAAAATAAAAAACATGTGTTCCCCCTGTCCACGTCATCTCTTTCCTATAGTCACTGACTGCCCAACTTGCTCTACCCCCCCCCTCAGAAAAAGGCCTCTCTCATCGACAACAGCAGCAGCAGTCGTAGTAACACAATTATTTAAATATCATAGAAAAGATCTCTCCCATCGAGTTATTTATGACTATGATCATGGGAAAAATAAAACACCTCGCAAAATTCAATGTAGCAGCAATCGTCATTCGTTAGCGACTTCTAGCAAAACGTCGTGCTCATCCCGAAAAATTCTTAGAGCACGTAGGACTGGGAGCAGCGTACCCAGACCCATTGCACAACAAGAACTTATTACCTTCATTTCTGCTCAGCAAAAAACAAATAGCAATCCTTTGAAGAGTATTTGTAAGTTTATCGACAGAACACATCAAAATCTACACATTCAAGTATTCTGCTTCAATCATCCCACTATTATTCAACACCTTGTAAAGGCCGCTGCAAGGGAAGTTCGGGTATCTGTTCAATATAGGGATGGAACCGAACTTGAAGAGGCTTGTAAAGACTCTACGATTTGCCTACAAAAACAAAGCGGGCGATCTTTATTCCACAAAAAATCGATGGTTGGTGATAGCCAAAGAGTATTAGCAAGTAGCGGGAACTTTACCCCAGATTCTACTGAGCAAGACATCAATCTCTCACTGCTCATCAATGATTCTGAATTAGCGCGTCACATAGAAACAAACCAATTTGTAACGAGACAAATTGGTAATCAGTTTCTTGTCTACATCCCTATTTTCCGACGCAACAAGGACTTCCGATTAGCAGTTCGCACTATCAAGAAATGTATTGCTCAAGCAAAAAAGACTATTGTTGTTGTTGTGTACATCCTTACCCATCCCGTCATTCTTAAATCCCTTCAAGCTGCCGCTGCAAGGGGTGTAAAAGTAGAAGTAGCTGTCGATACTCGTGAAAGCGAACAGACTCAGAGGACATTAGAACGATTACAACTTTCCCTTCCACTTCGTGTACGCAAGCCTGGTGCTCCACGTGTGCATGTCAAAATGTGTTATATTGACAACAAAATTTTAATTTGTGGATCTGCTAATTGGTCATCTGCAGGACTAACAAGAAACAGAGAAGATTTGTTTGTCATTCGAGGTCTAACAGAAACTCAACGCCAATCCTTATCAGAAATATGGCAATCTGTGGAAGAAAAAACAGAACCGCTAACTGCACAATCTTTGAAACGTCCTCGAGAAGAAGAGGACGATCCTGGAGAAGGGACTTCGAGTGGAATAAGTAGCGCAGGTGCTTCAGCTAAAAAAGCTAAAACTCAGTAAATCCTGTAATCTCAAGAAGACAATCCCTTTTTCGTAAGAAAAGATATTTTCCGTATCCCCTAAGATATTGCTACCCCGCGTCTATGCTACTTTACAAAAAAGCTTTACCCTCAAGCAGATTGTAGTCTTTTTTGATCTTCAAATAAGTACTTAAGTATTCGTGAATACTATTTAAAAGCATTATTTTTGTATCAACATCCACAAATGAAGAGACTATAGCCTCCACATTGAGTTGAATGATTTCTTTAAAAGTTAGAGGTGAAGATGTCACATGAGTTAAATGAGAATCTTCATCAGCAGAGAATCCAGATAAAAGCAACATCGTATTTTGCACAGAAGTTCCTCCCATTTGGGGATTATCAGAACTCAATGTTACGCTGAGCTTATGGTCTCTAAATAATGCAAAGAAAGGATGCTCATCAAGATTGTTAATCATCGTTTTACTGATCTTTTCCAATCCAGAATATTGATGCAATGAAGCCCCAAGTACCAGGTTAATAGCCGGAGCCATAACAAGTGTGATGTTTTTCTCTTGAATTGCATGAATCGTTGGCACATGTTCAATTGCCTGAAACCCATGGGCTATTCTTTGTATAGGTAAAGCTTGTATTGTTTGGTTTAAATATAAAAATCCCGTCCCCTCTCCTGCGTGAGCTTCACAACCAAATCCGTTCTCATAAGCATGATGATAACCCGAAGTTAATTTTGTTGGTGCTGCCTCAGGACAACTTTCTGCTCCGGCAGATTGCAATCCAACAAAGAGATTAGGAAAAAACGATGCGGCTTCATCGAGCCAACTCGCAGCCTCTTCAGAACGTTGTTGTGTAGATTGCTGAAGATTAGAAGAGCCGGTTTTATTAAAACAATTGAGAAAACGAAGGGTAATTCCTTGACTCAGGAAAAGTTGAGAAGCTCTAGAAAATAGATCGTACAATCGTAAGCGAGCTTCTAGAGGTTTAAGCGAAGGATAGATTACATAAGCTATGCGGATATTTTGTTGAACTTCGGTATAAATGATATTATCTTGTATGCATTGTTTTAAGTAATTTTGCAGAACAAGCCACAGATCATTTTCATTCTGGATTCCTCCCGGAGGATGTCTATGCCCCTGTACGGTAGCCATAATCCGATCGAAGCTAGCAAAATCACGGGTGATAATAGCATATTTTAATAAAGAAACATTAGGGTCCCGCTCATAGCGAATACTCTCAAAGTTTCTGAATATTTCAGCATAACTCTTGTGAGGGTTCCCATTCGAGAAAGCTGGAGATACCCATTGATTATTCTTCCACTTTATCAGACCATTTCTGACTCCCAACTCCCAAGCCGTTTCTGGAGAAATAGTTCCTGGAAGATGCACGTGAATATCCGCTTTAGGGAGGCCTTTAATAAACTGATCCGTACAAGGAGTGTCATCGCTCAACTCAGATGTTAACAGTGACAACTGTTGGATAATAAAAAAAAACTTCTTATCGACCATATCTTATTTTGATCTTATTCCCACTCAATAGTTGCCGGTGGTTTATCGGAAATATCGTAAACTACCCTGCAAACTTCAGGGATTTCATTAATGATACGTGAGGAACAACGGTTAAGAAATTCTCTAGATAAAGATGGCCAGCATGCTGTCATAAAATCAGTAGATTCTACTGCACGTAAAGCTATCGTATAACCGTAATGACGGCAGTCACCTTTTACAGCAACAGATTTACATGGCAAGAAAACAGCAAATGCTTGGCTAACCTTGTGGTATAAATTCGCTTTTTTTAGTTCTTCAATAAAAATGCTGTCCGCGTTTTTTACTATTTCTACATATTCCCGACGAACTTCTCCAAGAACTCGGACTCCTAAACCAGGACCAGGAAAAGGATGTCGGGATATTAGGACGTCCGGCAAACCCAGAACTTTACCTAAAGCTCTGACTTCATCTTTAAAAAGAAAACGCAGAGGTTCTAAAAGCTTCAAATTCAACTTTTCTGGAAGTCCACCTACATTATGGTGAGACTTGATTACTTGTGTTGCATCACAAGATTTTGCAGATTCAATTACATCAGAATAA
NZ_CP027206.1_gap14	544477	546978	2501	AATAATTTCTAACGGGCCTTTTATCATTCGGTGTTATGAGCCACAAAATTTTTTGTTGCTTGATAAAAATCCTTTTTATCATGACCAAAAAAATGTTTCTTTAGATGCTGTACGCTTACAAATAGTTCCCGATATTCATACAGCGGTGCAATTGTTTCAAAAAAAATATGTGGATTTAGTGGGGTTGCCTTGGAGCTCCTCCTTCCCTCTAGAAGAACAAAAAAATCTTTCTCAAGATTTTTTGTATGATTATCCGGTGCTAAATTGCACAGTTCTATTCTGCAATGTTAACCACAAACCATTAGATAATCCTTCGCTAAGAGCGGCACTCTCTTTAGCCATTGATCGAGAAACATTATTAAAATTAGCTGGCAAAGGAAGCATTGCTACCAGTTTTGTACATCCTAGTCTATCTAAGATGCCTTTAGATGTTCTTTCGCAAAAAGAGAGAATCTCTTTAGCTAAAAATTACCTAGCGGAAGCTTTAAAAACTGTTCCTCAAGAAGAGTTAAAAAAAATCACACTCATCTACCCCATAGAATCTATTGTCTTGCGAGCAGTTGTTCAAGAGATTCGTCAACAGTTATTTGATGTTTTAGGATTTAAGATTTCTACTTTAGGATTAGAATACCACAGTTTTTTGGATAAACGTTCTAAAGGAGAGTTTTCTTTATCAACAGGAAATTGGGTTGCTGATTATCAACAAGCCAAAGCTTTTCTATCCATCCTTGGTAATGGGACTAAATATAAAGATTATCAAGTGATTGATTGGCAAAATCAAGAATATACGGATATCGTATCTCGACTTTTGGTTGAGGATTCAACAGATTTACAAATTCTAGCAGAACAACTATTGCTCAAAGAATCCCCTCTTATTCCCCTTTATCACTTGGATTATGCTTACGCTAAACATCCTAAAGTCTCTAATCTCCAAACCTCCTCACTCGGAGAAATTGATTTAAAAAGAGTCTCGTTAGTGGAGTAAGTGTGGAAAATGCTCGCAACAAGCAAGATAGGCTCTTAAACCTCCAAGTACGCGACTCCCGTAGTTTCGATATTCAGCACTAACGATGCTCTTACTGCTAAGCATTAATTTTTACAAAAATAAACGAAAATTCTAGGATTTGTGATCAAAGAATTTTTAAATTAAACAATCTACGTTACTTATGACTTCACCTTTATCAACAGCTGCTTCATCCTATCTCCGCACATTACAAAGAGCGTTTCCTCTGGGGGGGGGGGGGGTATCCTACTAATCCTAACTCCGCTCAAACTGCACTAAGAGTACAGACAGCAGCAACATCTTTAGCTATAGTTCCTTACCCCCGTCCTCTGTCCTCAGAGCCGGTAAGCTTTTTCTCTAAACACTGTAAAAATGATGCTCAGAGCATTATTGAAAATGCTATTCTTTCCGCATCTTCTTCTGTTTTTCTGAAAATCTTTAGTCTATCTTCTGAACCCATTGTCCAGGATCTTATCTGCAAATCGGAAGAAAGTATACCAGTAACTATACATTACCAGCATATACCAGAACCTATTGTGAATAAATTGGAGGAAGCCGGGGCAGAACTAATCCGTTGTCACAGAAATAGACGCTCTCTACTCCATAGAAAAACTATGATCCTTGATGAAAAACAAGTGATTACTGGAAGCGCAAACTTCACTAGAAATTCTATAAATAATGACGTAAATCTTTTGGCTCGAGTAAATAACGTGCACATAGCTAATTTGATGCAGAAAAATCAAAAAGGCAAAGCGATTATAGAAAATTCTACTAAAGGAAAACAAACTGTCTGTTACTTGCCTATAAATCATAAAAAATGCGGGAATGAAAGGCAAATTGTGAAAGCAATTAATAATGCCACGAGTTCTATTCAGATTGGAATGTGTATTCTTACACACCGAGGCATTCTCCAAGCTCTTAATGAAGCGGCCACACAACGATCTGTTCTTGTTACAATCATTATCGATTCTCTAGAAAGTCAACAAACCATAGACATACTAAAAGCTCTTGGATCTAAATTAAGAGTACGAGTCGGAACCGGCGATCGCATTCACTGTAAAGCATGTATTCTCGATCATAACACTGCCATTATTGGCTCCGCTAACTGGGCTGCCAGCGGACTAAAAGCTAATAAAGAAGATATTATAATTGTAAATCCTCTTACAGAGCGTCAAAGAGAAGATTTAAGCATTTGGTGGCGGTACCTTTGTGATAATAGTGCTATCTTACCAGAAGACTAAAAACACTATTTTTGTCTCTCTGAAGAGGCCTTATTCTGATTTTGTGGCAAATATAAGTAGATTAGCGATTGCAAAAAAAGCTAAGGCTGAGGCCATTGGCATTGTAATAAATCCTAAAAGAAATAATTTCGTACTGCATGAGACTTTGCCACAAATATCAAGCGTCATTCCTGGAATTTCTTGTAAACAAACTTGGTAAATAGCAATGCAAAAACCAATAAGAGCTAGTGGAAGAGCGTATATTTTAACCGACAAGT
NZ_CP027206.1_gap15	561206	561965	759	TCAAGATTTTTAGGGACGATGATTTCTTCTTTATTTAGCATGGCGATTCTGTCTCCTAAATATCTAAATTACTCATCCGAATGGATAGCGCATGGCTTTCAATAAATTCACGTCGCGGAGGGACTTCTTCTCCCATTAACATTGTAAAGATATGATCCGCCTCCACAGCATCTTTCAAAGAGACGCGAACAAGCGTTCTTTGTTCAGGATTCATTGTGGTATCCCACAGCTGGTCAGCATTCATCTCTCCAAGTCCCTTATATCGCTGAATCTCAATTCCCTTTCGTCCAAGGCCCTTCAAGTAATCTATAACTTCTTTCAAAGTATAACAAGTGTAATTAGGAGTTTTGGAATCTTCTGTAGAAACCGTGATTCCCGTCCCTTTTGGATGAAGATAGTGGCGAATATCATAGCCGTACTCATTCAAATTATGCTGAATCTCCTCAAAGGCTGAAGCCTTATATAACTCTATGATTCTTGCCGCAGCTTCTTCATTAGCGGCAACTGCTGCCTCTTTTTCTTCATTCGAATAAAGATAATTTCCTCCCTGTTTTCCACTTTCTGGAGGGTAATAATATAAGGGGTACGCCCCATCACGGAACATATCTAAAAACTCAGAAAATGGAATCGCTCTCTTCTCTAGAGCAATAATAAAGCTTTCCACTTCCAAAATAAGGTTAACAAACGATTCTAAAGCTGTTCCCTCTAGTTCTCTTGCCGTATCATCGAAAACCACTCGGCTTTCTCGTGTTCCTAAAT
NZ_CP027206.1_gap16	600290	601775	1485	CTCTTTATCCTCCGGATCGACTTTGGTTGACGCGACCATTATTGTTCCTTGTAGCGTAGCAACCATTGCAGCAATTTCTTGCGGTTTATCGGATAATCTTCTCAGAAGGGTTGCAGACGTCGCCTTAAAAGAAAAACGACCTCTTATTCTTGTTCCAAGAGAGACACCTCTATCTGCCATACACCTGGAAAATCTACTTAAGCTAGCTCAAAACGGAGCGGTGATACTGCCTCCTATGCCTACCTGGTACTTTAGACCTGAGACAGCCAATGATATAGCTAACGATATCGTGGGTAAGATCTTAGCAATTTTACAACTAGATAGTCCCTTGATAAAAAGATGGGAGAACCCCCACTAATGAGAGGTTCTTTTTTCATTGATAACTTCATGCAAGTTTTCAATAGCTATAAAAGCACTTGGATCTTCTCTGTGCACGATCTCTTTGAGCTGAGAAAGCTGTAATCGCTCAACAACGATATAAAGAAGATTTCGAGGTTCTCCTGAAAACCCTCCTTCTGCATGCAGGTATGTCAATCCAACCCCTAAAGTCTCCATGAGAATATTTCCTAACTTTCTAGGAGAAGAGGTAATAATCGTTACAGATTTGGTATCTTCAAATCCTAAAATCACCGTATCCATCACTTTGATAGCTACAGCATACGTCAGCAAAGACATGAAAGCCGTATGCCAATTACGGTAGACTATTCCTCCCAAGGAGAAAATAAAAAAGTTCATAAATAAAATAACTTGTCCGACTGTATAGCCTCGTTTCTTATTTATGATAATCCCTAGAATTTCTATCCCGTCAGTGGCTCCTCCGTGGCGGATAATCAATCCTCCACCAGCCCCTAAAATTACTCCACCGAGAACAATGGTCTCTATTTCTGAACCATTAAAGACAAAAGGTTGCATTCCCAGCCACTCAGGTAAGACTTCTATGAGCCATACCGAGCAAGAAAAGATAATAACTGCTGTGATCATTTGCACAACGAAGTACTTCCCTATACGCTTACAAGCCAAAATGATGAAGGGCAAGTTAAACAACACTAAAAATACAGGAAGAAATTGCTTTCCGAAAGAATGGGCCGCGATCATGGATAAGCCAACAATTCCGCCATCGATCAAGTCGTTAGGAGCGAGAACCATGTGAACGCCACAAGCAGCTAAAAAGCCACCTATAATAAACCAGCTAAGAGTTTTAGAGAAATATAGAGGGAAACTAAACTTTGTGAAACGTTTGGTATGAGTCATTGTTCACACCTTTGGTTGAAGATCGCGAGAGACGGGGCTCGAACCCGCAACTTCCGCCTTGACAGGGCGGTGCTCTAACCAATTGAACTACTCCCGCGCAATCTTGGACACGACAGGATTTGAACCTATGACCCCCTGTGTGTAAGACAGGTGCTCTAACCGCTGAGCTACGCATCCAAAAGACTAAGGGAGGAATTTACCAGAATAAATACTTTAAACACAACTCTTTTCTAT
NZ_CP027206.1_gap17	611958	612613	655	GTTCCAACATCTTCTAAATCTTAAAAATCGAGCTGTTCTTCCCAATCTACTTCTTCATATGAATAAATTAGGTTTATCAGGGAAACTTAGAACCCTAAACATGTTAAAAAATAGTGTTTGGGCAAAAGATTTTCTTACTTTAGAACTTCTAAAACGATGGAGCAGCCTTCCTCAACATCCAGCTATCGCCACTGCCATTCACCTTTATTTTGTAGAACACGACTTACTCAGCGTCTCTGATGTTGCAGATGATCTTTATGATCAATCTGGGGATCGCCTGTTCGCAGCTATTCTTACCGTAAGAAAGCACAAACCTTGTGGAGAATATCAGGCCCTTGCTCAAAGACGCCTCACAGAAATTCTTCAATCTGAAGATCCAGAGTTAATTATTAAAGGACTTTCTATCTTATCCTTGGAACGCAAACCTTCGAATTTCCTTACTATCCTTCCATTCCTGACCCATTCAAATGAACGAGTTTTCCTACAAGCTTGTTTGGCTTTAGAAAGCTGTGCAGATAAACAATATAGTCAATATGGATCCGATATTCTGACTGCGCTTCAAAAAACCAAGGATCTACAGGCCTCCATAGCCCTACTTAATGCTTTATCCCCTCTGTTAAACGCTCCTTTAATTCAGGAATTTATTACTATCACA
NZ_CP027206.1_gap18	636369	638797	2428	CAAGACCAGATCTTCTGTATATTTTTTGTATAGCCATGCTTATCCCCATTGCAGAAGAAATCTTTTTCAGGGGAATTCTTCAGACCTTCTTTAAAAACAAACTTTCTAGATGCAAAGCAATCCTAGCTAGTTCCTTTATTTTTGCGGTCACACACACAGAAGCTTCTTTAGGAAGTTTAATTTTTGTTCCAACGCTATTTGTATTTTCGTTATGCACAGGCTTCATCTATGAGAAAGTACAACACATAGCGGCCCCTATCACTCTACACATTCTGTTCAATAGCTGCCAACTAGTCTTGCTGACTTTATAGGGAAATAAAAAGAAAAGTAAGTCAGAGAAGACTCTTAGCACAAAAGGCCTTTCCTTAGGGCTGCTATCTTCCGATCCTGACCCGGTTCAGAAGTCTCTCATCTTAAGAGGTCCCCGACTTACGACATCTTTGGTATCATAAATAGAGTTTTCTCTCAACCTTCTTTACTTGAATCTCAACTAAGAAATTTTTTCTTGCTCTTTCATGCGAGACCAATACTCTGCCGCCTCTTCCAAAGAAATTTGGTTATCTGGATCAAAAACATGAGGAGATCGACGTCGAAGTTTTGCTATAGCTTCAGCAAAAACTTCCTCGGCTTTAAGTTTTCCTTCTCGCTCTAATAAAAAACACAAAGTTAATACTAAAGTAAGAACATCTCCTGCTTCCGAAGCAATTTCTAATGAGGCCTTATTCTCTTTCACAGCATCTGCTAACTCCTGGCACTCTCCCAATATATATCGTAACATAGAATCAATACTTTGCAGATTCGTCCAAGGACAAACTCCTTGCAATGCCATTGCTCGTGAAACTGCTGCCAACTGTAAGATATGACTTTCTTCCATAATCAAAGATCCTCTTCTCCTAAAAATAGGTTGATGCAAGTATAAAAACTACTAAAACTCTTCTCTATTTATATTTTTCTCAGGTCAATTCGATTTTACTAAAGCTTCCAGAACTCTAGAGAAAAAGTAGAATTCTACTAGCATTTTTTATAGATAATAAGAATAATCCGAATCCGCTCACAATAACCCAGATCGAATGTTCTCTCCAGTAATTATTGTTTTAACTGCAGTTTTCGTCCTGTGCTCGGGGTTTATTTCTTTATCGCACATTGCTCTATTTTCTCTCCCCTCGTCTCTTATTGCACACTATAATCACTCCAAGAACAAACAGCTTCGACAAATCGCCAATCTCATGGCTTACCCCAATCATTTACTCATTACCCTGGTCTTTTTCGACATAGGGATTAATATTGGGGTACAAAATTGTATAGCAACGTTAGTCGGAGACTCTGCATCATTTCTAATGACCGTAGGAGTTCCCCTCGCTTTAACGCTTGTTTTAGGAGAAATTATTCCTAAAGTCATTGCTATTCCTTACAATGTTCGAATCGCACGTCTTGTAACTCCCATTATCTTTGTCTCAACTAAAAGCTTCCGTCCTATTTTTGATTGGGCTATTTCAGGCATTAATTTTATCATTCAAAAAATGTTAGTTCATCAAGAGGGTGATTTTATTCAACCTCAAGAACTAAAAGAAGTCTTGCGCAGTTGTAAAGACTTTGGAGTCGTAAATCATGAAGAAAGTAGGTTACTGTTTGGATACCTCTCTATGGAAGAGGGAAGTATTAAAGAAAGAATGAAACCCAAACAGGAAATTGTTTTTTATGATGTCCTTACTCCTATTGAAAATTTATATCGGCTATTTTCTGGACAACGCTACTCAAGAATTCTTGTCTGCAAAGATGGACTACAAAATCTTTTAGGAGTTTGCTCTGCTAAATCTCTTGTCCTCCATAAGGAACAGTTACAATCTTCAGAAGATCTTCTTCCTCTTCTTAGAAAACCTCATTATATTCCTGAAACTGTATCTGCTAAAACAGCTTTATATCACCTAGCTAAAGAAGATAGTGGATTAGGTATCATTATTGATGAATATGGATCTATAGAGGGGTTAATCACCCAAAATGATCTATTTGAAATTGTTTCTAATGAAGTTTCCCATATCCGTCCTGCTTCCAAACAGTTCGCTCACTCAGATAAAAATGTTATCATCGCTGCAGGGACCTATGAGCTTTCTGATTTCTATGATCTTTTTGGAGTAGATCTTCCTACCACTTCTAATTGTGTTACAATCGGTGGGTGGCTTACAGAACAATTAGGAGAAATCCCTGAAACAGGAACAAAATTTGCCTGGGGACAATTTGTATTTCAGGTACTAGATGCAGCTCCTAATTGTGTAAAGCGAGTGTATATAAGGAAAACACATGGAAACTGACTCTCCATTCTTCTGGTTAGGAGTTAATCTCGTCTGCATTTTCGTCCAAGGTTTTTTCTCTATGATGGAAATGGCTTGCGTATCATTTAATCGTGTGCGTTTGCAGTATTACCTTACCA
NZ_CP027206.1_gap19	641636	644653	3017	GCCCCCCCATGCCATCAGCAATAGCGATGATCTGGGAAGCACAATTCACCTGCCAAAAATCTTCATTATTATGTCTGACTAAGCCAACATCGCTTAACCCGAAATATTCAAATTCCGCAACAATCATCACGCCCTCTACGTCTAGGAACTTTCCTTAGACGGTCGATACACTAATCGCTTAAGATCTCCGGAGATATATCAAAGTTTTTTTTAAAAAAGAATGCAAACTTTTGCCCCTACAAACGAGTGGAAAGCAATATTGATTTTTATAAGAATCTTTTTATTCAATAAACGACTAGAAAATGGTTCCCCATTTGTTTACTTTGCCTAAATAAACATCAGTATTTTGCTCTGACCAAAAAACCATACTCAAGTATAGTTAGGGTATTCGAAAGTCGCTTCCCTTTTCATAATCAGTACTTAGAGGCCCCGCACAATGACGACATGGACTTTAAATCAAAATAATCTCACAAAATTTCTAAACCATGCTCAGTTAGAGCCCTCTTTGGAACGAGAAAGCGGCCTAACTTACATTACGATCTCCGCTGGAGAACATGAACTTCCTCTGTTTTTCGTTATTCGTAACGAGGGAGAAGTCTTACAACTTGTCTGCTACTTCCCTTATCAAATACAAGAAGGCCAACGAGATGCCACAGCAAGACTTTTACACCTTGTTAATAGAGACATTGACATTCCAGGATTTGGAATGGACGAAGAACAAAACATTATTTTCTATCGACTAGTCATCCCTTGTTTAAAAGGGGAGATTAATGAAAACTTGCTACGAGTTTATATAGATACGATTAAATTAATTTGTGACAGCTTTTTCCATGCCATAGGGTTGATCTCGACAGGGAATATGGATCTCGATGAATTAAAAAAACAAGCGAACCAGGAAAATAATCAAACTAATTAAATAAGAAAATTTTTTGAGGGACCTGTGCCAGATTTAATTTTTTATGATACGGAAACAACTGGGACACAAATTGACAAGGATCGCATAGTGGAAATAGCTGCTTACAATGGAACCACAGGCGAATCTTTTCAAACTTTGGTAAATCCAGAAATTCCTATTCCTGCTGAAGCAACCAAAATTCATGGGATTACAACTTCAGAAGTTGCCAACGCCCCTAAATTTCCAGAAGCATATCAGCAATTCAGTGATTTTTGTGGCACAGATAACATTCTTGTAGCTCATAATAATAATGCTTTTGACTACCCTTTGTTACTTCGTGAATGTCGAAGACATGGATTGCCCGAACCGCAGCTTCGTACGATTGATTCTTTAAAATGGGCGAAAAAATATCGAACAGATTTGCCTCAACATAGCCTTCAGTATCTTCGTCAAGTCTATGGATTTGAAGAGAATAATGCACACCGGGCTTTAGATGACGTAATTACTCTTCATAGAGTATTTTCCGTATTAGTCGGAGATTTATCTCCAGATCAGATTTATAATCTGCTAAATGAAACATGCCATCCTAGAGTCTTTAAAATGCCTTTCGGTAAATATAAGGGGAAACCTCTTTCTGAAGTCCCTTCTAGTTACATTGCTTGGTTACAAAAAGGAGATTACCTGTTACAACCAGAGAATAAAGAAATTAAAGCAGCTATCGAGGCTTATCAACAACTCAAATGACTTTCTCCGTAGCTTTTTCCCCTTGTCCAAATGATATTTTTTTGTTTAGGTCTTTCTTGGAAAAACATGAAGGGGCCCCTTCTTTGCGCCAAATTATGATCGCGGATATAGCCTCTTTAAATCACCTTGCTTTAGAAACTCGATTCTCTTTAATTAAAATCTCCGCGAGCCTATATCCCCGAATTGCAGATGCCTATCATGTTTTGGATGTTGGAACCACTTTAGGGCACAAGATAGGTCCGTTGGTTCTTTCTAAACATCCTGATAAGCTTTTAAGAACTCTCGCTACTCCAGGTGAAACAACAACGGCACATGCTCTTTGCCGACTGTTCTATCCGCAAACAGAACTAATTCCTATGAAATATCATGAGATCATCCCCGCTATCCTTGCAAATCAGGTAGACGGTGGAGCAGTAATTCATGAAGAACGTTTCTCTTTTCCAAAAGAGTTGTGCCTTGTGGACGATCTTGGTCAACTTTGGGAAGAAAAGTGGCATCTTCCTTTACCTTTAGGATGTATTGCAATCTCTAAAGAGATTTCTGCTGATGACTCTTATCGGTTAAATTATGCCCTTCTGAGATCCTTAAGGAGATCTTTAACAGAAAGCTCTTTGGCTATTCAAAAAGCTTCTGAGTATTCTCGAGATAAAAATGCAGCTACTATCCAACGTTTTATTGATACTTATGTAACGGAAGAAACATTCTGTCTCTCACCTATCGGAAGAGAAGCTCTCTCTACATTATGGACGGCTTGTCGTAATGTTTAAACTTCTTCTCATTTTTGCGGATCCTGTAGAGGCCTCTGAAACTCTTGCTCTTTTTCCTTTTTCCGCTCGTAGCGAATTCCTATATTCTTACTCCACAGAGACTGCTCTACTGGATGTCATAATATTGAAACAGTGGGGACACAAAGGAGTTCTCCAAGCACTAACCCCTACCCCCATCGGGTACGATCTTTGGCTAAATCTAGGATTTGCTGGAGCAGGAAACCCCTGCATACCACTTCTTAGAACCTATACAATTACATCTGTAAGAAAATGCTCTGACCAAATGTCCTTAGGGGAAGAACTCTTAGTAATTCCTGTACCAAAACTCCCTCTAGCGCAATTAACATCAGTAACATCTCCCTATAGAGAAGGCTTTAATCCACACTTACAACTGGTCGATATGGAGGGCTTTTCTATTGCACAGCAAGCTGCTTTAGTCTCATGCCCTTGTTCTATGATCAAAATATCCTCCGATTACACTACTCAGCAAGGAAGAAGCTTCTTACAAAGTAACAAAGCTCGTCTCTCTAAAAAATTAGCAGACGCCTTCTCTGTACTATACGCATCTTTTAATCATAAAAAAGTCGATTCACCACAAGCTACTACTACTA
NZ_CP027206.1_gap20	665946	666889	943	TTATCTACAAGCATGCATTTTTTATGTAATTGAGTATTGGTTATATAAAACTCATGAACTGAGAACTTTTTAGTAGCATGACTGGGGGAAAAGAGAAATCTTTTCCATAAAGCAGGCCTATCCCCAAAAGTCAGTGGGAAATAGTTAATTCGGTTCCCCCAAGCATATGTTTTAGTAATTGACGGGCTCCGATCTGTTCTTCCATTGGTTATTACCCCAATATCCACACCTCTACCCCAACAGGCCGTCATTAAGCTATTGTATATTTTCTCTACAGGAATAAAATACATCTGCGCTATCCGGATTGAATGTTCGGCTTGATCAATCAACCGAACATATTCCTGGGTAATCGCATTACTTGGTTCATCCGGCCCTGAAAAAATACAGCGAATCTTGTCTAAAGGAACAGAAACCGCACAAGAACTTGTTTCTATCTCTGGACAGAAAGACTGTCTTGCTCTTTCCACAGAAAGATTAATAGGATCTATTCCTCTGAAATCATCTAATTTTTTGTTAAACCAGAATTTTTTAGTGAAATTTTCCCATAAAGCATAATGAGCACAAAACTCTTTTCGAAGCAATGCACCTAATTCTTCTGAAACAATCGTGACATCTTGGTCTCGAAGAGCAGTAGGCCGAAGCACTCCCCCTATCATAGCACGAGGAGAATCAGAAATTCCAAGATCAACATCCCCTTTAGAGCACATGAGATCTTCTAAATTCGTGCCCCCAATAAAAACATACTTCCCATCAACGATAGAAAGCTTAATGTGCGTCTCAATCACATTAGGAGCAAAAAGATTACAATAAGGGGGGCAGTCAGAAAATAGGTAAAAGAATCGATCTCTTCGTTTCTCATGAAGAGCTTTCAAATTTTTCCGATCATGCTCATCAATGAGTGTAGGCTGAATCAGCATGTACCCTACAAGCTCAGGAGATTCTT
NZ_CP027206.1_gap21	688559	690038	1479	TTTTCCCATTTAGCAACTACATTTTTTGGAAGAGCTTTCCCTTTATCATACTCACGTTTCTGATCCCCAGAGACATAAGTCCATTCCCCATTGTCATCATACTGCTTATAGGACTTACCAAAAATCAATCCGTGTAAAAAGACATCAGCAAAAGGCTTGGTATCAACCATTGCAGAACACATCAATACCATCCGAGTAACCCAGAAAAAGAGAATATCATGTCCTGTTACTAAGACAGAGGTAGGATAAAACTTTCTTAAATCCGCACTTTCTTCCGGCCAACCAAAACATGTCAAAGGCCATAATCCGGAAGAAAACCAGGTATCTAAAACATCAGGATCTTGATACCATGACTCAGGATCCTGCGCTACCTCCTCAGGGACTCCATCTCCATCGAAACAAATCACATACTCTTCATCATGCTTATTATGCCAAACAGGAATACGATGTCCCCACCAAAGCTGCCGACTAATGCACCAGTCTTTGAGATTATTTACCCAAGTAAGGTAATTTCTAATGAATTCCGGAGGGAAAAGATTAATTTCTTTGCTATTTACAAATTCTCTGAGAGATTCTCTGAATGAATCAACAGAAACAAACCATTGTTTTGAAAGGTAAGGTTCAATAATCGCTCCTGAACGATAAGAGACTCCTACTCGAGATGAATAGGCTTCCTTCCGAACAAACAAGCCTAAAGCCTCTAAAGAAGTGATAATATTCTCTCGAGCCGACTCTTTAGCTAAGCCTGTAAAAATCCCCCCATTCTCATTAATTTCTCCAGTTGGAGTCAAAATATTGATCATAGGAAGCCGATGATTCATCCCTGTCCGATAATCATCTTTATCATGAGCTGGGGTGATCTTAACAGCTCCAGTTCCAAAAGACGCATCAACAGAAAAATCACCAATAATAGGGATTTCCCTATCTACAAAAGGAACAATTACCTTAGCTCCTATCAAATGGCTATACCGTTCGTCTTCAGGAGAAACTGCAATCGCTGTGTCTCCTAACAGAGTTTCCGGACGTGTAGTAGCTACCGTAATAAACTCCTCAGAATTCACAACTGGATATCGGATATAATACAACCATCCTTCTCGCTCCTCATACTCGACTTCATCATCTGCTAAAGCCGTTTGCAAAATAGGATCCCAGTTAACTAGATAGTATCCCCTATAGATAACGCCTTTATCAAACAAAACTTTAAAAGCTTTTTTTACAGCACGATTGGCTTCAGGATCCATTGTAAACCGCTGCCTAGACCAATCACAAGAACACCCTAGCTGACGAAGCTGCGAAAGAATGACATTTTGACTTTTCTCCTTCCACTCCCAAACATGTTTCAAAAATTCTTCTCTAGAAAAATCCGTTCGTCGTTTACCAAGCGAAGATCGCAGATGTCTTTCCACAACAGTTTGCGTAGCAATCCCTGCGTGATCAGTTCCTGGAACCCAGCAAACCTCAAATCCTTTCATACGCTTA
NZ_CP027206.1_gap22	708668	709389	721	TGATTTGATAGGGAAAATTTCTCTGAAGACTTCTTCTAAACCAATGTTTTCTCGCTCTTCAGCTAGCTTCCCAATTTGAAGAAACTGCTTATACGACTTGATTTGAACTTCGACAAGATTAGGAAGATCTAAAATATCTTCTTTCTTTTTGATGCTGACCCGCTCCGGGCACTTGAACATGCGAGCTCTCCTAAGACTTTAAGACTTTTGGCGATACATTCCCTTATTTAGTTTCTCTATAGAGATCCCTAAACAGGCTATGACTAATGCTTTACTGACTAGGACAAGACCGAGCCTATCCAATATTGAAAACTGGATATTCTCAATAAAACTATCCTTTCAACAAACATATCACCTTGATTTCATTAAGAAAAAACCATTGCAACAGAAGTATTCTGTATGCGATGCCAAATACTAAAAATTAAGTCCAGACAAATCCGTTAAGATATACCGGGAACTCTCCTGTGCAGTTAAACGGAAAGAGAAGCTTGTAGAAACCTCCAAGCATCTCTTTTCCATAACAATTACAGTCCTTTAGCAACAGCCTTAGCACCAGCTTCTTGTAACTTCTTAACAGTGTCTTCTGCATCACTTTTAGAAGTTTTTTCTTTAACTGTCTTAGGTAATCCTTCAGTCATTTCTTTAGCTTCTTTCAAAGCTAATCCAGTAACTTCTCTAACAACTTTCAGAACCCCGATTTTCTTATCAGCAGGAACGTCTT
NZ_CP027206.1_gap23	712069	713552	1483	AAGTTTGACATATCTTTTAAGATCTCGCTTAGTTACCCATTCAATCTTCTTAATTTCTTCCATAAAGTCACCCGCAAAAGCTGCTTGCTTTTTTGCGGAAGACACTTTCTTGAGAAACTTTCTTCGATGATCCTGCCCCATAAGCGAATTCTTCTTTCAGTTACCTAATACGAGTGCGGAGGGATTCGAACCCCCGACCGGCGGCTTTGGAGGCCACTGCTCTACCATCTAAGCTACACACCCAAAAGGCAAGGCTACAATAATGCCAAGAAAGCCTTGCCAACACATCGCTTAAATTATGCAATGATCTTAGAAATAGTTCCAGCACCGATTGTACGGCCGCCTTCACGAATAGCAAATCTCATTCCCTCTTCCAAAGCTACAGGGCTGATCAATTGCACTTCAAATTCAACGTTATCACCAGGCATGACCATTTCAACCCCTTCAGGTAAGGTTACAACACCGGTAACATCTGTTGTACGGAAGAAGAATTGAGGTCTATATCCTGTAAAGAATGGTTTATGACGACCACCTTCTTCTTTTTGTAAAACGTAAACAGCACACTTAAATTGTGTATGAGGTTTAACGCTATTTGGCAAACAAACAACCATTCCTCGTTCTACATCATTCTTACCGATACCTCTGAGGAGCAATCCAACGTTCTCTCCAGCACGACCTTCTGGAAGCTCTTTTCTGAACATCTCAACTCCAGTAACGATCGTTTCTTTAGTATCTCTAAGACCAACCAACTGAACTTTATCGGAAACTTTAACGATTCCACGCTCAATACGTCCAGTTACTACAGTTCCTCGTCCAGAAATAGAGAAGACGTCCTCAATAGGCATCAAGAATGGTTTATCAATTTCTCTTTCTGGAGTAGGGATATTGTCATCGACAGCTTGCATCAGCTCTCGAACTTTCTCTATGTAAGCAGCATCCCCTTCCAAAGCTTTCAGGGCAGAACCTCTGATAATTGGGCAACCTTTATACCCTTTTTCTTCAAGAAGCTCAGACAACTCCATTTCAACCAAGTCAACAAGCTCGGCATCTTCTTCGGAAATCATGTCAATTTTATTGAGGAAAACGACGATGTAAGGAACCCCAACCTGTCTTGCCAAAAGAATGTGCTCTTTAGTTTGAGGCATAGCTCCATCTGTTGCGGAAACTACTAAAATAGCTCCGTCCATCTGAGCCGCACCAGTAATCATGTTTTTAACATAGTCGGCGTGACCAGGGCAGTCCACGTGAGCATAGTGACGATTAGGAGTCTCGTACTCAACGTGAGAAGCGTTGATTGTAATACCGCGAGCTTTTTCTTCAGGAGTGTTGTCAATAGAGCTATAATCACGAAAATCAGCCAACCCATCTCCAGACAACGCACGCGTAATAGCAGCTGTCAACGTAGTCTTACCATGGTCAACGTGTCCAATGGTCCCTATGTTGATATGAGGCTTATTACGTTGAAAAGTTTCTTTTGACATCT
NZ_CP027206.1_gap24	816474	817941	1467	AAACTTCCTCCAAAGAGGCCTGCCAAATAGGTACTGTGAACACAGCGCCTAAGGAGGAGCGAATGACATTAGGATTATATAAATCCACTACGGGATCACAAAGAATGACTCCATCGACTCCAGCTCCATCAGCAATTCTCAACAATGCCCCAATATTCCCTGGTTTTTCTGCTTGCTCAACAATCAAATAAAAGGGTTGCTGATTCTTGCGCTGTAATCTCAAAAACTCTTGGCAAGAGAGCCGTTTTTTTTCAAAAACAGCAATGAAATTATCCGGATGCTCCTTAAAAGAGAGCCTCTCTAATATCTCTTTAGGACAAGGTAATTTTTCGATGCCAAGAGCAGTTAGCTCTTTATCAAGATCCCGCTCCTTATCAGATATCAATTCTCCGCAAAACACATGTAAACAATGGTACCCGGAAATCAAGGCCCGGTGAATCTCGCGGAACCCTTCTAATAAAAAGTATGAACTATTACGTGCTCGCTGTCGCTTTAAAGCAAGAGCCGCTTTAACACGAGCATTATTTTTTCCTATAAACTCCATTGCGCAAAAACTCCCGAAGGCAACCGTTGATCTCCCTCACCACAAAAATTCTCTCCCAACCGCCATTTTTGGGAAGAAAGCATAGGAAGCGCCCTTTTAGCTAAGCAATGCAAAAATTCAGGGGTATGTCCTGGCGTATGCGAAGTAATCAACATATGCGAAAAAGAACTAGAAAGCAGCTGTGAACAGGCCTCCAATAATGGGAAAAAATCCCGATCTATTTTAAAGGTTTCTCCATCAGGACCTCGTCCATAAGTTGGGGGGTCCAAAAGAATCACATCATAGGTTTTTCCCCTACGAATTTCTTTTTTTAGAAATGAAAAAACATCTTCTATGATCCAAAAAATTCTTTTTTCTGAAAAAGAATTCCCTTCCACATTTTTTTGAGCCCATTTTACAGCAGCCTTAGAAGCATCTACATGATAGACAGCAGCCCCCTGCTGGGCACAAAAAATAGAAGAAGCTCCAGTATAAGCAAATAAATTCAAGACCTTACAAGAAGGCTTCGATAAAGAGGGGCTTAGATCTTGCCAGAATGTAGCATGCTCAGGGAAAATCCCCACATGACCAAAGGGAGTAAGCTTCAACAAGCATGACACAGAATCAATAGTTATCCACCATTCCTTAAGATGTGAATTGCGGTATTTCCACTCTCCTTTCTCCCCAACACGAACAAACTCAGCAGAATATTGTTTCCACAAAGCTGGTGAAGTTTTTGGCCAAATAGCCGTAGCAGAAGGACGAATTAAAACAACATCCTTAAATCGCTCAAGTTTCTTACCATCCCCGCTATCTAATAATTCGTAATCCATCATTTGCCTATCTTTTCGGCCTGGAACCGCATAACTGTATCCACCTGCATTTTTGTCATCATATCGGGCTCCATATTTACGTGAGAACCAACCTGTTTGTAACCCAAAGAA
NZ_CP027206.1_gap25	824901	826871	1970	TCAAGAAAAACAAAAAAATGCCTGTAAGGATGTTTATCAGGCAATAAACGAATCTGCATCGACTATAAAAGAGTGCCTTCCTTTCATATTTGAAGCTTCTTATTAATTCTATATCAATGACTTGCGACAAATTCTAGAGTCGATAGAAAAGGAGTTTTCCGTTTATAGTTCCTGTTCACAATCGTGCCACAAGCGCTTATAATAAAGGAACTTATGAATCAAGTCATAAAAACCATTGCTCTTTGCTATCAAAAATATATCTCTAGAGCATCTAACAAAACCTTCTCAATACATAATACTCTTTCCCTATCTCTTCTTCCCAAGTGTCTACTTGGATCCCTAATCATCTATACCTCACATGCATTTGGAGAAATGGAATTAGCCATTTCTGGGCATAAATATGGCAAAGACAGAGATGCTTTTACTATGATCTCCTCATGCCCAGAAGGGACTAATTACATGATTAACCGTAAGCTCATTCTGAGCGAATTTTCTTCGCTAGATAAATTCTCATCAGGAGGAGCTTTTAAGAATCTTGCAGGAAAAATAGCATTCTTAGGAAAACACTCCTCTTCCTCGATCCACTTCAAACACCTCAACATTAACGGATTCGGATCCGGAATCTTTTCCGAATCTGCTATCGAATTTTCTGATTTACGCAAACTTGTTGCTTTTGGCTCTGAAAGCACTGGAGGCATTTTTACAGCAAGAGATGACATCTCATTTAAAAATAATCACTACATCGCTTTCCGCAACAATATAGCCAAAGGAAATGGCGGAGTAATTTTACTTCAAGGAGATGAAAGAGGAACTGTATCTTTTACAGATCAACAAGGAGCTATTATTTTTGCCAATAACCAAGCTTTAGTCTCTCCATCTATAAAACATAGTGGGCGTGGAGGAGCTATTAGCGGAGACTTCGCTGGATCTCGAATTATTTTTCTCAATAATCAACAGATCACATTTGAAGAAAATAGTGCTGTTCACGGAGGAGCTATCTACAATAAAAATGGGGTGGTAGAATTTCTTGGCAATGGAGGCACTCTTTCTTTTAAAGAGAACAGCACAAGAGCCAATGGAGGTGCTATATACACTGGTAAATTCAAAGCAAATCAACAAACGGCTCCTATTATATTTTCACAAAATAACGCTAATCAAAAAGGCGGCGCTATTTACGCTCAATACGTTAACTTAGAACAAAATCAGGATGCTATTCGTTTTGAAAATAATTCTGCTAAAGAAGGCGGAGGAGCAATCAGCTCATCTCAATGCGCAATCACAGCCCACAATAGCATCACTTTTTCAAACAATTTTGCGGGAGATCTTGGAGGCGGAGCTATCCTATTAGGAGGGAAACAACCATCGCTATCCTTGGTCGCTCACAATGGAAATATTGCATTTATTGGCAATACTATGCTTCCTGCAACAAAAAAGGCCTCTTTACCTCGAAATAATTCGATCTTAGTCAAAGAATCTCCCTATAAAATTCAATTCGCAGCGAATAAAAATCGCTCTATTATTTTCTTTGACCCAGTAATTGCTTTGTCACCTTCTACGTCTCCCGTAGAGATTAATTCTCCTGAACACGAAACGCCTTTCTTCTCTCCTAAAGGAACTATCGTTTTCTCTGGAGCTAATCTTATAGACGATGCCAAAGAGGATATTGCAAATAGAACTTCTATTTTCAATCAGCCTGTTCTTCTCCATAATGGAACCCTTTCTATTGAAAGCGGAGCTCATCTTGTTGTTCAAAGCTTCAAACAAACTGGTGGACGAATTAGCTTATCTCCAGGGTCCTCACTAGCTCTTTATACAACCAATACACTCTTTCATGGCAATGTTTCTAGCACAGACCCTTTGGAAATTAATGGTTTAAGCCTTGGAGTAGATACTTCTCCTTCCAACCTTTATTCTGAAATCCGCGCAGGCAGCGCTCCTCTCAAATTATCAGGGTCTCCAGATATTCATGA
NZ_CP027206.1_gap26	830065	834929	4864	CTTTTTAATCGATTATGTTGTTAGCACAACGATCGACAAGAATAAGGCAACAAAAAAAGGTGCCGGTGTCTATGCTAAAAAAGCTAAACTATCCCGCATAGACGAACTCAATATCTCCGATAACGCTGCTCAAGAAACAGGAGGTGGCTTCTGCTGTACGGAATCTTTAGAATTGGATACCATCGCCTCTCTATCCGTAACTAAAAATCTTGCTGGGAAAGAAGGTGGAGGACTCCACGCTAAAACATTAAACATTTCTAATTTAAAATCAGGATTATCTTTCTCAAACAACACAGCGAACTCTTCTTCTACAGGAGTTGCAACGACCGCAACTACATCACAATCCCCTACAGTTTCCTCATTCTTACCTCGAGCTACTGCAGGAAGTTCTCCAGCTCCTGCGCAAACAACTCCAACTTATGCCGGAGTAGTAGGTGGAGCTATTTACGGAGAAACGGTTTCCTTCTCCAAATGTAGCGGACTGTGTCAATTTACAGAGAACTCTGCTATTGATAATACTCCTTCTAGCCCCTCGCTAAATGTTCAAGGAGGAGCTATTTATGCCAAAACATCGTTATCCATAGAGGCAGAAGATCCTAGTACCTCTTATGTCTTCTCTAAAAACTCTGTCTCTACAGGGAAAGCGCAAACAACCGGTCAAATAGCTGGAGGAGCTATCTACTCTCCTTCAGTCACATTAAACTGTCAAACAGTATTTTCCGGTAATAGCGCCTCTATGGCAACAACAAATCCCCCCTCCGGAACCTCGCCAAAAGATACTATTGGTGGAGCTATTGCAGGAACCACAATCTCCTTATCTAAAACTTCTCATTTTTCGGAAAATACTGCTGATTTGGGAGCTGCTATAGGAACCTTGTCAGGAGGGTCTTCATCCAATCTTACGGAAAAAATTACCTTATCGAACGGATCATTTACCTTTGAAAAAAACAAAGCGAATAAACGCGGAGTTATCTATGCTCCTAGCGTTTCCATTAAAGGGAACAATATTACCTTTAACCAAAACACATCTACTCATGACGGAAGTGCGATCTACTTTACTAAGGATGCAACAATTGAGTCTTTAGGATCTGTTCTTTTTACAGGAAACAATGTGACTGCAGAACAGGCTAGCTCAACAGCAACTGGAGGACAAACCACAAATACTACAAATTATGGCGCGGCTATCTTTGGAGATCCTGGTACTCAAACTACTGACACCACATTAAAACTGATCGCTTCCTCCGGGAATATTACTTTCAGTAATAACAGCCAAAATACTGCCACAAATAACCCTGCCACTAAGTTCTGTAGTATCTCAGGATACGTTAAGCTCACTTTACAAGCAGCACAAGGGAAAACGATCAGCTTTTTTGACAGCATCCGAACTTCCACCAAGAAAACAGGTCAAGCACAAAATAGTTACGAAACTTTAGATATCAATAAAACAGAAAACAGTAATACGTATGCTGGGACTGTGTTATTCTCTTCCGAGCTCCACGAAGTGAAATCCTATGTGCCACAAAACGTAGTTCTCCATAACGGGACATTAGTTCTTAAAAAGAATGCAGAGCTGCATGTAGTCTCTTTTGAACAGAAAGAAGGCTCCAAATTGATCATGGAACCCGGAGCAGTGTTATCTAACCAAAATATAGCTAACGGAGCGTTGGCTATTAATGGATTAACCATTGACTTATCCAGTTTAGGAGCTCCACAAACGGGAGAAGTCTTCTCCCCTCCTGAATTACGAATTGTTGCAACAACTTCTAACTCTGGAGGAGGTGGTGGAGTTGGAGGTTATGTCACAGCCTCCAAAAATCTCTCCGCAGCATCCCCTACCGTTGCAGCTACAAATCCAACCATGGCAGACAACAAAGTCTTCTTAACCGGCGCTCTGACTTTGATCGATCCAGATGGAAACTTTTACCAAAATCCTATCTTAGGGACAGATTTAACCGATGTACCGTTAATCAAACTCCCTACAACAGCAAATCAAGTTGATGTTTCTAACTTAACACTATCCGGAGACCTTTCTCCTAAGAAAGGGTATACAGGAACCTGGACGCTAAATCCTGATCCACAAACAGGAAAAGTTGTTGCCAACTGGAAATTCGACATGTACCGCCGTTGGGAATACATACCAAGAGATAACCATTTCTATGCCAATTCGATCTTGGGCTCCCAAAACTCCATGATTGTTGTGAAACAAGGGCTTATTAATAACATGTTACATAATGCCCGTTTCGATGACGCTGCTTACAACAACTTCTGGGTCTCAGGAGTTGGAACTTTCCTATCGCAACAAGGTACTCCTCTTTCTGAAGAGTTTAGTTATTATAGCCGAGGAACTTCTGTAGCTATCGATGCAAAACCACGACCAGATTTTATCCTGGGAGCTGCTTTTAGTAAGATGGTAGGAAGAACTAAAGCGATTAAGAAGGTACATAATTATTCCCATAAGGGATCCGAATACTCATACCAAGCCTCTGTTTACGGAGGTAAGTTCCTGTACTTCTTACTTAATAAACAACATGGCTGGGCACTACCCTTCTTATTACAAGGGGTCGTATCCTATGGGCATATTAAGCATGATACAACAACCCTCTATCCTTCTATCCATGAAAAAAATAAAGGAGACTGGGAAGATCTGGGTTGGTTAGTAGATCTACGCGTCTCTATGGATGTTAAAGAACCTTCCAAGAGATCTTCTAAACGCGTTGCTCTTTACGGAGAACTTGAGTACTCCAGCATTCGTCAGAAATCATTCACGGAAATTGACTACGATCCTCGACGCTTTGATGATTGTGCTTACAGAAACCTATCGATTCCTATGGGCTGCTATTTTGAAGGGGCTATCATGAGTTATGATATTCTCATGTATAACAAGCTTTCCTTAGCCTATATGCCATCTATTTACAGAAATAACCCTGTCTGTAAATATTGGGTCCTATCTTCGAATGAAACTAGCAAAGTTGTCTGTGGAGTCCCCACAAGAACATCCGCTCGAGCAGAGTATAGTACACAACTTTATCTAGGGCCCTTCTGGACCTTATATGGGAATTACACCATAGACGTGGGTATGTACACATTGGCACAAATGACGAGTTGTGGTGCCCGTATGATTTTCTAACTTTTTACAGCCAGTCCTTTAAAAAGGGACTGGCTTTAAAGAGATTTTATCAAAATACGCTATGAATAGGATTTTCTATTCTTTTTAGCATTTTCCTTTTCGTTGAGAATCTTGATTTTTTTCGTTTCATAATCTATCTAACGCCTATTTTTTAGGTTATATCTAGGGTATTCAGATTATGAAGTTTTTATCAGCTACCGCTGTATTTGCTGCAGCTCTTCCCTCTATCACAAGTGCTAGCTCCGTTGAATCCCAAATAGAAACAAAAGATCTAAACTCTAGTAGAACAGGATCCTCATCATCGCAATCCTTCACTGAAATAATTCCAGAAAATGGCGCAGAATATAGGGTATCTGGAGATGTTTCATTTTCTGATTTTTCAAATATACCAGAAGAAGCAGAGACTCTTGCTATATCGCACAAAGAACAGCCTAATAACGAAGTAGTACTCTCCGAAGAAAACCACCAAGCATCCTTTCAAGATTCTGCACAAAACCAAACTGAAAATGCCTCTGAAGGAAACTCTCCTAATAGCGAGAATACTAACCAGTCATCTACCACAGAAACCGAGTCTATAACTACTGATGAACAAGTGCAGAATGATAATGAATCTGCAGCTTCTGTACCTACTACTGTAGAAACAGCAACAGCTATGCGCCTCCCCTCTTACCATCTACAAACAGAATCATTAGTAGAAGGGGCTACAGAAGAAGATCAAAATCAACCGAACTCTCAAAATACATCTAGTGGCGGCGGAGCATTTTATAACTCTCAACAAGGACCTTTATCCTTTATCAATGATCCCGATAAAGACAGTTCTCTCACCTTATCAAAAATTCGAGTAATAGGAGAGGGTGGTGCCATTTACTCGAAAGGACCATTAAGCATAACAGGTCTTAAAAAATTAGCTTTAAAAGAAAACTTATCCCAAAAGGCTGGAGGAGCTATTTGTGCAGAATCCACTATTTCAATAAGTAGTGTAGATTCTATCATTTTTTCTAAGAATACAGTCACTCCTCCAGCTGCCAATAAACCTGAACTCCCTAACGATCCCTCTGGGAGTAATGGTAATGATGGTTCTGATGACAGTAACTCCTCAGGTAATACTGACTCAAATGAAAGCAACCCTAACAACAGCGCTTCTAATAACACTGGCTCTGAAAATGAGCTTTCTTCCAGTACCCCATCCGCACAACTTCCCAATCCCGCAACACCATTTTTATCATCTGTTTCTACAAACTCTCAACCTATAGACACAGAACCAGAAAATGCATGGCATGCTGAATCAGGGTCTGGAGGAGCTATCTATTCTAAAGGCAAGCTTTCTATCGCAAGCTCTAAAGAAGTAGTCTTCGATCACAACTCGGCCACCAAAAATGGAGGAGCTATCTTCGGAGAGGAAGAAATTGCTCTCGAAAAAATAGCGTCTCTGAAATTCGATTCCAACACTACCGGTGAAAAAGGTGGGGCTATTCATGCGAAAACAGTTACACTATCTGATATCAAAAACACTTTGATTTTCGTTAATAATACGGCTAAAACACCGGAAGAAAACTCTCTAAAATCTTCTCAACTAAACAACCAAAATCCTTCCGAAGAAGAGCACCAAGATACTAGTGAGGGTGAAGAAAGCCAGTCTCTTGAAACGTCACCTATAACTAATCAAGACTCTGCATCCTCTCATGTAGCCATTTTCCGTTCTATAGCAGCATCCTCCTCTCAATCTAATAGCGAAAA
NZ_CP027206.1_gap27	1019718	1020268	550	TCGCTGGAGATATCGGCCTCCCTTCTTATCTCTATGCACTCTCTGCCCGTAGTCTATTCCTTACTTATGCAAGTTTAGGCTACCCTCTTCCTGATATCTGCCATAAAACTACTCAAAGCTTTGATGAAGCTACTATAGGCAACGAAGCTTCTGTTTCAATGGCTTTTATCGAATATCATCTTGCATCTAGATCATTATCCGTTCTTTCTCAAGGAACAAATCCACCCGCTCTATTCTTAAAACGCCAAGAACAACTTCTTGCTATTTCTGAACAACAATGTATTGAGCCTGGCGATATTCTCGTTTGTCTCACAGGAGGCCCGAATATGACTCAGCATCTAAAAAGACTCCCTATAGAATCCTTGCTCAAAGATTCTCTCTCTCCACTAAACTCTGAAAATTTTGCAGAAATTTTAACAACTATGCTCAAGCATAAAAAACAAACGCAGATTGATGGAGCTGTGGGCTTCTTCTCTTTTATCTAAAACTAGATAATAAACCATTTTCTTTTAGAAAAAGCCTTTTGGTAGCCCACTACGATATCCAGGAG
NZ_CP027206.1_gap28	1072468	1072968	500	CATCAAAATAGGGTCTCTATAGTATAAATACTCCCCATTGACCTTTTGATCGAAATAAACGTATCTGGAAGACTTTTCTAAGGGAGACCCTCCGATACGAGCATCTTCTAAAACTTTAGCAGCAAGCATGGATACTTGCTCTATAGCAAGGTGTGCTCCCCCTAACTCCCCAACAGAATCATCTCCAAAGTTATCCAATACACGGCGATAGAAATCTGCAGCCTTTTGGATGCCTAATTCACAATCTTGAAGGTCTTCACTGAGAAAATCTCCCCCTTCTCCATCTAAAAACTCTTTTAGAAGAAGCGCTCGCAAACCTAAAATAGATCTAGAATATTTAGAAAATAAAGCACCTTTAACGACTTCAGGAAGATTCTTCAGAGCAAATATCGGCGAATCCAAATTAGTCACAAAATGCGATAAACGCTCTCTTTGCTCCTTTGAAAAATCACCTTCTTTGCTCAACATAAGAAAACTCCATAAAGCAGACTAGCCTACCA
