gap_id	start	end	length	sequence
NZ_CP053085.1_gap1	46180	47454	1274	GTAGGGAGCGCGAGTTCGAGGTCTGGGTGCGTGCCTTGATCCACAGCGCGTCGGCGGCCAACGCGCACGAGGGCTCGAGTGTGCTGGACGCTGGCGGCGGCGAATACTTCGTGCTCGTGCGCTTCGCGAGTCCGGAAGCACTCGACCGCTGGCGCGAGTCCGACGAGGTCGTCGCCTTGAGCGCGGACGGAGATACGCTTTCAACCGCGGTAGACTGGCCAATCGTTCGCAGCGGCCTCGAAACCTGGTTTACGGCGCCTGGGCACCGATCGCGTGTCGCGCCACGGTGGAAGATGGCGTTGGTGACGTGGTGCGCGTTGATGCCGCAGGTGCTCCTGCTCAGCGTTGTCATGCCTGAGGGTATTCCACTCGTGCTCGGCGTCGGACTGACCACTGCGATCTCGGTCTCTATGCTCACCTGGGTCGTGATGCCGCGCCTGACCGCGCTCCTCGCCGGATGGTTGTTCAGCCCCGATCAGGAAGGCGCGCGCGCGGTTCGGGCGTGACGGCCCTACCGCGCTAGTGACATCGGTTGCACTTCGCCCGTTCGGGAGCCCCGCCTTCCGAGTGCTGTGGGTCGCTACCGTGGTGAGCACGACGGGCACGTGGATTCACGACGTAGGTGCCACGTGGCTGATGACGGGGCTCACGCCGTCACCGATCATGGTGTCGCTCGTTCAGACAGCCACAACGATGCCGGTGCTTGCGCTCGCGTTGCCCGCGGGTGTCCTGGCGGACGTGCTCGACCGACGACGCGTGCTGATCGCTGCACAGTTGTGGATGACGATCGCGGCGCTTGTGCTGGGTTTGCTCACGCTCTCCGGTAGGACGACACCGGCGACACTGTTGGTCATGACGTTCGTGCTCGGCATCGGTGCGGCGCTCACCGCGCCGGCATGGCAGGCGATCGTGCCCGAACTCGTGGCGACCGTCGATGTTCCGGCAGCGATCACCCTTAATAGCGCCGGCGTGAACGTGGCGCGCGCCATCGGTCCCGCCGTCGGTGGCCTGCTCATCGCGGCGAACGGTCCGGCCCCTGCGTTCCTGATCAACGCGGTCACATTTATGGGAGTAACCGCTGCCTTGGTCTGGTGGAGACGCTCAGTGCCACCGAGCGTGCTGCCGCCCGAACCCCTCGTGGCGGCGCTCGGCGTCGGGCTGCGCTACGTGCGAAACACGCCCCCGCTCATCACGGTACTCGTGCGGACGCTGGCGTTTATTGCCTTCGGGAGTGCGCTGTGGGCCCTGTTGCCGCTGGTTGCCCGCGTACGATT
NZ_CP053085.1_gap2	49615	50444	829	CCATGAACAAGCGCACCTCGCCGCCCAACTCGATCGCTCCCAATGATGGGGATTGCGCAGCAGCGGCCGGAGCACGCAGGCTCGCGGTGGCGACAGCGATCCCGAGCAGTATCACCGAGCTGATGCCGAATCGTCGGCACGATCGGAGAGCGGCGCGCGCGTGCCGGGCGAACCATTCCCATGCAGGTTGCTCGAGTCGCGTATCCATCGCGACCGCACCGGCGCCGGTGAGCGTGAGGGCTCCCGCGATCACGATGTACGTGAGCGCTGGCTCCAGCGCCAGAAATCCGAGCGGCCATTTGTCGATGACGGCCACGACCATGGTGCTCGCAAGTGCGACGGCGGCCGGTCGCGTCGCGAGCCCGAGCAGCAGGCATAGGCCAGCGCCAAGCTGAGCCCCAACGGCGAGCGCCGCGAAGGCAGCAGGCGCAGGGAAGCCCAATGCAGCGACCGTTTCAACGAACGCGCGGTTGCCGACAATCAGCTCCTGCGCCTTGTGTCGTCCGTGGAAGCCAAGGAACGTGGCCGCCACATACCAGCGGAGCAGGGTCGGCCCCCAACGGGCGATGGCTGCACCGCGCGCGGACGGCCTGTCGTCGGCAGAGCGGGTCATGGATGTTCCTCAGTTGCTCGTGACGGTCCGACGCTGTGTCGTCGGTCCGTGGCATCTACGTGAGCGTCGAGTCTCGCCGAACGCTGTTGACGAGTACCGCATCGGGACACCTGGAGCCGCATCGGCTCGCAGTGGCTGCGCCCGCACGCGCACAGGCATGATGACGCGCGCACACCCCGCCGCGCGTCGGGCGTTCGGCGAGTCCTGCAGTATGTC
NZ_CP053085.1_gap3	52296	53488	1192	GGACAAGCGCTGCGCCGCGTCGTGTACGGCCGCGACCAGATCTGCATACGCGCGATGGCTGCGCATCCCGTGTAGCGCCAAGCGCGCCTTGCGGCCGACGTGCTGCGTCATCTGCAAAAGTTCCTGAAAGCGGGCAGACAGCGTTGGCACCGCACGTGCGTGCAGAGCCAGAGCTTCGAGTTGCAGTGCAACACCGGTGAAGTCCTGAAGCAGTCCGTCGTGCAAGTCGCGCGCGATTCGGGTGCGCTCCGCGATCACTGCCTCGTAGCGAGCCTTTCTCGAGCGGCGGAGACGGCGATCGGCGACGCGACGCTCGGTGACATCCACTACGGTCCCGACGAATTCTACGAGTCTCCCGTCTTCGTCGCGCACGGGGTGACCATAGGTCTCCACCCACTTCATCCGTTCGCCGGGAACGAGGATGCGCGTGAGCAGCCGGAGCTCTGTGCCTGCGGAGAACGCGAGAAGTAATGCCTGGTGTACGATTGAGGCGTCGTCAGGGTGCGCGCGCCCAAGTACTGCCTCGTAAGACGGCGTTCCGTCTGCCGGATCGAATCCGTAAATGCAAAACATCTCTCGCGACCAGAAGATCTCCCTTCCAGGGATCTTCCATGCCCAGCTTCCCGTGTGGCTCAGTCGCTGCGCTTCGGCGAGGTATGCCTCGCTCCGTCGCAATTCCTCCTGAGCATGTCGTTCCGCCGTGACGTCCATGGTCGTGCCGATGTACTCGTCCCCGCTTACCTGCCCACCCTCGCTGCGTAAGTGCTTTACGGACCCATCGCGCAGCAGGAGCCGGTATTCCAGCGACAGCGGAGTCATGTCGCGGATGGCGAGGCCGATGGCATCTTCAACGAGTGCGCGGTCCGCGGGATGTACACGATCACGGAAGATCTCTCGCACGGCGTCTGCCGACCAAGGGCGTGTGGACGCGGGCTCGACCTCGAAGATCCGGTAGTGCTCGTCGGACCAGGTCACTGCCCCCGTTAGCCGGTTTCGGCTCCAGCTGCCGGTCCGGGTGATACGCTGTCCTACAGCCAGAAATGCCTCACTGCGTCGGAATGCGTCTTCCGCCTGTCGCCGTTCGGTGACATCTCGCGTGATGCCGAGCAGAAACTGCATCGTGCCATCGCGACTCCATTCTGGCACGAAGCGTGACTCGAAATGCCTCGGCCCGGAGGGCGAGGCGAAGGTA
NZ_CP053085.1_gap4	99956	101756	1800	ACTGGTTCGGCATGGGATACCGAATATACACCGAAACAGGGGATTCCGGCGAGGACCGGAAAGCGGGCACTTCCGCCGCCGTCCTGCCGTTAGATCACGACATGCCTCAGTCCAATCGCCCCTCCCAGCGTCCCGAGCATACGGTGAACAACGTGCTCGAGAATGCCGATACGATGTCCAACGAGGAGTTGGACAAGCTGCCGTACGGCATGATTCAGCTGGACGCGACCGGGCGGATCCTGAACTACAACGCCGTGGAGTCGAAACTGGCGTCGCTGCGCAAGGAAGACGCGATCGGCAAGCAGTTTTTCACCGAGATCGCGCCGTGCACGAAGGTGCAGGAGTTCTACGGGCGCTTCAAGGAAGGCGTGATCCGTGAATCACTCGATACGAGCTTCCGTTTTCACTTTGCGTTCAAGCAGAACCCACGTGACGTGACCGTGCGGTTGCTGTACTCGCGACGGACGCGCACGGTGTGGGTGCTGATCTCGGATCATGAGGGGAAGCCGCTGGAGGGGTGATGGCGGCGCAGCCACCACTTCTCGCCCTCCACGGCGAACAGCACGACCGACGACACCGCCACACACACCGCGAGCTCCCGCCACGACAGCGGCACCGTGTGGAAGATGCGATTCATGGCCGGCACGTAGAGCGTGGCCATCTGCAGCCCGAATGCCGCCACGACGGCATAGAACAGCGCCGGATTGCCGCGTACGCCCAGCGTCCAGATCGAGATCCGCTCGGAGCGAATCGCCATCAGGTGGAACAGCTGCGAGAGCGTGAGCACGGTGAACGTCATCGTCTGCCAATGACTGTTGCCGTCGCGAATGGTGAGCGCCTGCGTGCCCAACGCCAGCGCGGCCATGAGCAGCCCCACGCGCAGCGCATGTTGCCACAGGCCACCCGCCAGTAAGCTCTCCTGAGGGGAGCGCGGTGGACGTTGCATGCTGTCCGGCTCCGCGGGCTCGGCGGCCAGCGTGATGCCGGGTAGGCCATCGGTGACGAGATTCATCCAGAGGATGTGAATCGGCAGCAACGGCAGCGGCAGGCCCAGGAACGGCGCGAGAAAGAGCGTCCATATCTCGCCCGCGTTCGTGGACAACACAAAGCGCACGAAGCGCCGGATGTTGTCGTAGATGCGACGCCCTTCGTGCACCGCCTTCACGATGGTGGCGAAGTTGTCGTCGAGCAGCACCATGTGCGCGGCCTCGCGCGCCACGTCGGTGCCGCCGCGCCCCATCGCGATACCGATGTTGGCGCGCTTGAGCGCCGGTGCGTCGTTCACCCCGTCGCCGGTCATCGCGACATACTGACCACGCGACTGCAGCGCTTTCACGATGCGCAGTTTGTCTTCGGGCGCCACGCGGGCGAACACGCGCACGTCGGTCACGCGTTGCGCGAGGTCTTCGTCGGAGAGCCCGGGGATGTCTTGCCCCGTGAGGACCACATCGTCAGCACGAGCGATGCCCAATCGCGTGGCGATCGCGAGGGCAGTAGCGGGGTGATCACCGGTAATCATGACCACGTGAATGCCGGCCGCCTGACAGGTTTCCACGGCCGCTTTCGCTTCGGCACGCGGCGGGTCGATGAGCCCGATCAGCGCCAGCAGCGTGAGCTCCTGCTCGGCGTGTTCGGCCGAATCCGGCTGCTCGGATAGCGTGCGCGTGGCGATCGCCAGCACGCGCAGCCCGGACACCGCCATCGATTCGGCCTGCTCCAGCACACGCGCCGCGTCGATCGGCACGATCGCATCGGCGCTCCGCATGGAGGTACAGCCGGCGATCACGCGTTCGGGCGCGC
NZ_CP053085.1_gap5	186566	191101	4535	CTCTCGCCGACTGCCGATGGCTGCGAGGTCAGTGGGCAGCCCAGTATGCAGGATGCGATCAAGGATGCCCGCGAGGCGGCTGAACGCGTGCGGATCATCGTGCGTGACCTGATGATCTTCTCTCGCGCGCGGCCGGACGAGCTGATCGGAGCGGTCGACGTGCATCGTGTCTTGGATTCGACGGTTCGTATGGCATGGAACGAAATCCGGCACCGCGCGCAGCTCGTCCGCAACTATGGTTCGGTGCCACTGGTCAGCGCCAGCGAGGCTCGACTCGGTCAAGTGATGCTCAACTTGCTGGTCAACGCGGCGCAGGCGCTTCCCGAAGGACACGCGGAACACCATGCGATCAGCCTCTCGACGTGGTTTGACCGTGACCGGCAGCGGGTCATGGTCGAAATACGTGACACCGGCGTTGGGATCTCGCCGGAACACATCAACCGTATCTTCGACCCCTTTTTCACCACCAAAGACGTCGGCCTCGGCACCGGTCTGGGACTCGCCATTTGCCAGCGGATCGTCACCGATCTCGATGGCGAGTTGACCGTACGAAGCGAGCTGGGGACGGGAACGACGTTCTCCGTTTCCCTGCCGATCGCAACGATGCCGTCGGTCGTTAAACCGCTTCCCGTTCCGGCCAACGAACGCGGGGCTCGCGCGCGCATCCTGATTGTCGACGACGAGGAGCTCATCGTGCGCAGCCTAGTGCGAACGCTCGGGGGAGAGCACGACGTCGTTGGCGTGACCGCCGCACGAGAGGCGCTGGCGTTGCTCGAAGCAGGCGATCGGTTCGACGTCATTCTCTGCGACATCATGATGCCCGAGATGACGGGGGTCGACCTGTACGGTGAGCTGATGCGCATGGCGCCAGACCAGGCGCATCGCATGATGTTTCTGACGGGGGGCGCGTTCACGCCCAGCACGCAAGCGTTTCTCGCGGAATCGAGCAACCTGCAGCTCGAGAAGCCGTACGCGCCAATCCAGCTTCGTGACGCCGTGCAACTCGTGCTTCGCGATGGACGCTCGCCTGCGAATCCGTCGCCCGAGTGCTAGTTCGACTCCGCCGGTGGAGGGACAACGCCGGCCGCCGCCACATCCGGATACACCCACGGATAGCGCGCCTCGCGCCCCGCGCGCAGTAACGACGCCAGCTGCACGTCTCCCCGACACACCGACGGTCCCCACCGCTTGACCCGTCCGGGATCGCCCATCTCCCACGAGAGCAATTCGTCGGTGGTCGGGTCGAATGCCACGAAGTACTGCGTCGGGCTCCGATGGAGCTGCACCACGTCATGATGCCGCAAATCAATCAGCGTGGGATCGAGCAGCGCCGTCATGATCCCTCTCGGCATGACCGGCGTCTTCTCGGCCGGCGCGCGATGGCGACGATCGGCCAACGCCAACTCGCGCTCCACACGCAGCGACTGGATCGCGTCGTGAGCCAGTCGCGACACACTGTGCGGCGCGGGAACTGGGCCGTGACCACGCACCCACGCCAGAACGTGCGCGGCGTACGTCCGCGCAGTGCGCTCGGCGTCGTGCTGACCAGTCGTCGTCGACTGGTCCGGCGGAAGTTCGGGGACGGTCATTGCCTACGGTGCAGAGTGTTTCCAATCGCCGTATCGCGCGCACTTGGTATCCCTACAGCATTGGCGTCGGCGATCCGTGGGGCAAGGGGGGCGGCGCGAATGCCAGCGCGAACTGGCCCGAACCGTCACACCGTGGCACGCGAGGCGAGGCGCTACTTCTTCGCCTGCAGCACCCGCGTCAGCAGCGACTCCCAGACACCGTCGAGCTTCTCGATCGCGGCCGTGTCCACCGACGCGGGATCCAGGCGGTTTGACAGGCGACGCCGGTTGCGATGATACGACTTCTCATACCGCGCCTCCGCCTGCTCGCTGGGCAGATTCTTGGCGTACCACCCGGCGATCACGGCGAGCGTCGCTTCGTTCCACTCGGACGCGGGGAGTGAAAGGTCCTCGTACTTGAGGACGAGTTCCCATTCGAACGAGCGGTGCTCGGCGGTAAACGAACTCTGATCGGACATCGAGCGGCTCCTCTTCGGGAAATGGGGCAGGGAGGCCGCGACCTGCGCCGCCCCCGCAACAGGAACCTAGCGGAAAGCGCGGCCTCCGGTGCTGCCGACGCGGTCGCGCCCGAGCGGGTGGACCGATCCATGCAAGTGAATCGCTACGCTCACCGCGCCGGGCTGCTCTTCAGCCCGCCACGATAACCTTGGATTCGGAGTATCAATGCCACTGACCGCCTCACAGCTAAAGCACCTCGAGAAGCGCCTCCACGAGGAGCGCACCCGTCTCCTTGAGCAGCTTCAGGACTTCGTAGGCGAGGAATCGTCGGAAGACAGCCAGGATTTGGCCGGCGACCTGTCCAAGTTCCCGACGCACGCGGCCGACCTCGGCACCGACGCCGCCAACGAAGAGCTCGAGGCCTCCGTTGCCACCCGGCGCTCGGCGGAGATCGCCGAGATCGACGCCGCGCTGGAGCGCCTGGCCACCGCACCCGAGACCTTCGGGCTCGACGAGCAGTCGGGGGAAGAGATCCCGTTCGAACGACTCGACATCATCCCCTACGCGCGCGCGAACGTCGCCGCGTAGCCGGGTCGTACAGGGCGTGCGCCCGTTGGACCACGTTGCCGCCGATCGATGATACTGTCGATCGGCATTTGCGTGCTCCCGACCCACGGAGTGCTAGCGCCAGGCAGTACCAAACGCCTTGCGCTCAACCGTAGCCGACGCGTTTCTTAGCGTATCACGTCCGCTTCCCTCACGCACCAGCAGAGCCATGGCCATCGAGAACAAGCCCAGTCGCAACGAAGAAGAGTACTTCGCTCGGATCGACGCCGACCTGCGCAAGGAAATGCGCGCCAAGGCCGACGCCGAGCGCGCCGCTCAGGTGGCCGCCGACCGCAACAAGTGCCCGCGCGACGGCACGCCGCTCGTGCCGCGCGAAACGCATCATGTGACCGTCGATACCTGTCCCACCTGTGAAGGCATCTGGCTCGATAAGGGCGAGCTCGAGATTCTCGAGAAGGCACAGGCCGAACACAGCGGGTTCGTCACCAATTTGCTGAACATCTTCAAGTAAGAGGCCGCCATGTCGCTCCGTCTGCGTCCGTCTGCCGTACTCATTGCGGCCTGCGTGGCCGTGCCGTCGCTCACCCTCGCCCAGTCGAAGGGACTCGACGAGAGCGACATCATGCGTCTCAAGTCGGTCGGCGGCGTGGCGATGTCGCCCGACGGCGCGCGCGTGCTGTATGCCATCAGCGCGTGGGAGCATCCGAACGCGAAGGGTGACACCGCTCTGGGCGATCGGCACGAGCGTCGTTCGCACGTGTTCATGGTGCCGGCCGGCGGTGGTGCGCCGCGTCAGCTCACGTTTGGCGAGCGCGGTGAGGCGCAGGCACAGTGGTCTCCCGATGGTCGCACGATTTCGTTCGTGGCGGCGCGCGGTACGGGCACCGGCGAGGATGCGCCGAGGCCGCAACTCTGGCTGCTGCCGGCTGACGGTGGCGAGTCGCGACAGCTTACCACGGTGCGTGACGGCGTCTCGTCGTACGTGTGGTCGCCTGATGGCTCGCGCATCGCGGTCGTGACCACCGATTCGCTCACGCGCGAGCAGGAAGCGAAGGTGCGCCGACGTGACGATCCCAAGGTGTACGAAGACGATTTCCGCTTGAATCACATCTGGGTAGTCGATGTCGCATCGGGCAAGGCGAGCAAGATCACGTCCGGTGCATACACGGTGAGCGGTGTACCGAACTGGTCACCAGACGGGAAGAAGCTGGGCTTCCGCGCGTCACCGACGCCGATGATTCGCGATGAACGTGGCAACGCGTATGTGGTGGATGTCGCCTCGCTCGTGCTGGATGCGATCACGACGACGAACGACGCAGAGACGGCGCCGCAGTTCTCGCCCCACGGCAAGACGCTCGCGTTCACGATGCTGCCTCACGAAATGGCGCCACACAAGGACGGCATCATGCCGCGCACGCTGCGGAACGCGCGTGTGGTCACGTTCGATATCGCGACGCGCGCGCTCACGAATCATGCCCGCGCTGATTTTGATGTGAGTCCGGGCGCACTCCGCTGGTCGCCTGATGGCAAGCAGCTGTGGTTCACCGCCAGCGATCGTGTGTGGAACTCGCTGTATGCATACGACCTTGCGAGCAAGAGCTACAGCAAGCGCACGAAGGATGTCCTGGTGCAGGGACTCTCGCCGAGCAGCGACGGATCGAAGCTCGCCATGGTGCTCGACACACCAGACATGCCGGGTGAAGTGTACGTGCAGAGCGGCGGTGGTACGCCATCGCGCATCACGACCACGAATGCGTGGCTCGGCGAGCGCACCCTCGGTGCGTCGCGCGTGATCACTTGGAAGTCGAAGGACGGTCGCGACGTGGAAGGCGTGTTGCTGCTGCCCGTGGGATACCGTGATGGCGCACGCGTGCCGCTGGTGGTATCGGCGCATGGTGGTCCGACCGGCGCCCACACCAACGGCTTCAAGGGCGGCACCAG
NZ_CP053085.1_gap6	317304	319366	2062	CGCACCACGGCCCGCAGTCAGCCGCTATCGGGCGCGATCACCTGGGCCTTCCTCGGTGGACTGACCACCAACGCGTCACTCGACCGCACGCACCGCGAAGACAGTCGCCCCGGTTCGCTCACCAACGGCGACACGCGGCGCGTCTCGTTCGATGTGGCCCGGCGGTTCAAAGTGCCGAAGCGATTCACCACGCGGAACGCCACGGTGCGCACCTCGCTGTCGTACCAGAGCGAGGAGTCGCAGTCGATCGTGCAGGGATCGTCGTCCACCAACGCGGCCGGCGAGGTCATCACGATCCCGCCGTCAGTGCTCACCGACAACGGCCGTCGGGCGTTCAACTTCAACGCGGATACCGATCTGTCGGAACTGCTCACCTTCAGTCTGACCGGGTCGCGGGTCGTGAACTTCGACCGCAATTTCAACCGGCAGACGTCGAACCTGATCTTCAGTGCGGTGCTGCAGCTCCGCTTCTTTGCGGGTGATCTGAAGTAGCTCCGGCGTTCCGGCGCGTGATAAAGATGATACTGGCGTCGTGCGGGTTACCACCGCGGCGCCGACTGTCACTACCGTGGCATCATGCCCACGCCCGCGGAACGTCAGGCCCTCCTGTTTCTCGCGGCCGTCGCGGTGATCGGCGGCGGCGCACGAGTGCTGAGTACACGCCAGCTCTCCCGCGACGTCGCGGAGGCAGAGCAGGGGCCCGCTCCGAACACCGATCTCGCCACGCGCGCCCTCGACGCGCAGATCGCCGCGGTCGACTCCGCCCGTCGGAGCGGCAAGACGAAGAAATCCGCTACGCGAGCAACATCAAGCCGCCGCGCCCGGCAGTCGACACTCGACAGCGCACGGGTGCCGGAGCCGGTCCTTTCGATCGATGTGAATGAGGCGACGGCCGCAGAGCTGGAGCGTCTGCCACGTGTCGGACCCGCGCTAGCCGCCCGCATCGTGGCGTGGCGCGTGAAGAACGGTCCGTTCGAATCTTTGGAAAGCCTCCGTCACGTGCGTGGCATCGGGCCGGCCACGGCACGGCTGCTCGCCCCTCTGGTGACGTTTTCGGGGCGGCACAGTCCATCCCAAAGTGAGGCACCTGCCTCGCCAGCCCCCGCGCCCCGTACGTGTCCTAGCCGAAATCAGTACTCATGGCTGCTACTGTTTCCCCGCTCTCTGGTCGAGCCACCGAACGGCTCGGCGATCTCCTCGTCAAAGAGGGGCTACTTACTCGCGAACAGCTGGCAAAGGCGCTGCAGGAGCAGTCCAATACGCCCGGCCAACGCATCGGGCTGACCGTCGTCAAGATGGGCATGGTGCCGGAAACGGAAGTCGTGCGCATGCTCGCACGACAGTACCGGATGCCGGCCGTCGATCTGGCACGCTTCGAGGTCGACACGCGCCTGCTGAAGCTGATCCCGGCGGAGCTGGCGTCAAAGCACACCGTGCTGCCGCTCAAGCGCGACGGACGTCAGCTGACCGTGGCCATCGCCGATCCGACCGCCATGTCGGTGATCGACGATCTCAAGTTCATTACGCGCTACGACATCGTCCCCGTGCTGGCAGGCGAGTACTCGATGCGCGCGGCGATCGAGAAGCACTACGAAGCGAACGAAGTGCACATGCAGTCGCTGCTGCAGGACATCGCGGCGGCTGAGGAAGACGACGTCGAAGTCCTGGAGGCCCAGGAAGACGCCCAGGACGCCAGTGTGCTGGCGGCGCAGGTTGATGAAGCGCCCGTCGTCAAGCTCATCAACGCTATCCTCGTCGATGCCGTGCACAAGGGCGCGTCGGACATCCACTTCGAGTGCTTCGAACACGAACTGCGTGTGCGCTATCGCATCGACGGCGCGCTCGCCGAAGTGATGAAGCCGCCCCTGAAGATGCGTGCGGCGCTGATCTCGCGTTTCAAGATCATGGCGTCGCTGAATATCGCCGAACGCCGAGTGCCGCAGGACGGTCGCATCAAGCTGAAGGTTGGCAAGAAGGTCATCGACTTCCGCGTCAGCGTGCTGCCCACGCTGTTCGGCGAAAAGGTCGTGCTTCGAATCCTCGACAAGGGAAACCTCACCCT
NZ_CP053085.1_gap7	328571	332338	3767	GGCTCGCGCACCACGGCGGGTTACCTCCCGCTGAAGGACCACATCCCCGATACCGATGCGGTGGCGGTCCAGCTGCTGAAAGAGGCCGGCGCAATCATTGTTGGCAGGACCAACACGCCGACCCTTGCCATGGACATGCAAACCGACAATCCCGTCTTCGGCAAGACCAATAATCCATGGGACGTTACTCGTACATCAGCCGGCTCCAGCGGCGGATGCGCCACTGCGCTGGCAACAGGCATGACATCCCTTTCGCTGGGAAGTGATCTGGCGGGCTCGATTCGACTGCCTGCGAGCTTTTGCGGAGTCTATGGATTGAAGCCGACCCACGGCGTCGTGTCGTTTGAAGGACACATTGTGCCGCTCCCTGGGGAGATCAATGGCTACCGTACGCTGGCCGTTGCTGGGCCGCTGGCGCGTTCGATTGATGATCTGGCGCTCGCGTTGGACGTACTCACACAACCGACGTCTCAGGACAGAAATATCGCGCCGCTGCTTGCTGACATGGGCGGCAACGTCGACATCGCCAACCTAAAAATTGCATGGACCGATGACTTTGGTGGGGTTCCGGTGAGTGCAGAGATCAAGGACAAACTGCACGCCTATGTGAAGACATTGGCTCAAGCGGGTGCCACCGTCCACAAGCTTGAACCGCAAGGACTGGACTACAACGAAATCTGGGAGACCTGGGGCAGTTTCGTGGGGGCACAAGGCAATTACGACATGTCGAACGTGAAGCGCGCCATCGGTCATCTGTTCTCAAAAGGCACACTGAAAAATCTTCCGATGCAGCGAAAGATTGTGGGCCCGACTTCTGTGAAGAAGCTGATGCAGGCCTTTGAACTGCAAAGCCGGTACATCACGAAGATGGACAACTTTCTTTCGGATTACGACGCGTGGCTGTGCCCAGTCAGCGCGACCACCGCGTTCAAACACCACGCGCACAGCAAGATGCTTGGCGACTTCAAGATCTACGACACGCCGTTGCAAGTGGATGGTGCTGACGTCCACTATTACGTCGCCACTCAGTCGTACACGACCATCTTCTCGACCACCAACAGCCCCGTGGTCTCCATGCCAATCGGCTTGGGCCACTCCGGTCTTCCCGTGAACATCCAGGTCGCGGGCAAACGGTACAGTGACCGGCGATTGCTCAAGGTCGCCAAGGTGCTGGATTCTTACAGCGACAAGTTCCAGTACCCACTTCAGTAATCGTCGGGCATCGTCTCGGGTGGCAGGTCGTCGCGTTCATCACTCAGGCGTCGGCGATCGACCAGATTCTCGCGCACCTCCGGACCCACGCCCCCCGCGAGCCGGACGCTCACGCTTCGACTCGGAGGCCACGTCGCCTGGCGGGGCCAGAGACGGCCTGCCTGAGGTATGTCACGCCGCCTGGCCGGGGGTGACATTGACTCCTGCGACGTCGTGCGCGGAGAACATCAGCATGCAGAACGCTCTCGTTTGACGACGAGACGCCGCGCGTGACTGTGGTTAGCGTTCAGTGGCGTTGGTGAGCACCACAGCCGCATTCCGCCTGAGCCCCACCAGCTCCGCACGCAGCTCCGTCGCAAACGACACGTTCCCCGGACACACCTCTTGGGACATCTGTCGGCAAAACCGTTTTGAGTTGGCGCTCGGGACCGGGAGGCGAACTCTCATCTGGGAGCGGGCTCGGTCGCAGCATTTTGGCTATCAGGTCCGTTGCAAGGTGCATGGCTGCGGCGTTGCATGCTCACCAGTGATGGTATTCTTCGCTCGTATTCGCGCGGCGGCGCATAATGAGCGCGCCGCACAGCGCGCCGCCTCGGACCATGCCTGACGGACCAGGTGAACCTGACCCTTTCAGCGCGCAGGCGGCGCCGCCGCAATAACGCTGCGCATGACGAGCATGAGCATGGCACCTTCGTTTGCGTTCGGCGTGGGCGTGCGCGGCGATGTGGTGGGTCGCATCATGGCGAGGCCATGCGCGACGGCGACAAACAGGTTCGCCAGCGCATCCGCCGTCGCCGGTAGCTCGCGCCCCGCCTTGGCAAACAATGCCGCGACCACTTCGGCCAGTGCGGTGCGCTGCGCGACCTGCAGCGCATCGATCTGAGCAGCCAGTGCGGTGCTGCGCTCTGCCTGTCGACGAATCTCTACACTGAGGCGCGGCCAGTCTGCGTTCGCGCGCGCGGACTGCAAGTCGTGGCCAATGGCATCGAGCACCGACGCGACATCTCCATCCCTCGCGAGGAAGGCCCGGAACGCTGCCTGTTCTCGCTGCTTGTGCTGTTCGAAGAGTTCGATGAACACCGCCTCCTTCGTTGGGAAATTTGCGTAGAACGCGCCCTTTGTATAGCCGGCGGCCGCTGCGATGCGGTCAATCGAAGCGCCAGCATAGCCCTCGGCGGCCAGCACGGCTCGCGCCGCGTCGAGGAGTCGCTCTCGGGTCTCAGCCTGACTCAGCGCCCGGGTGGAACGAGGACGTTTGTCTTGCGCGGACGCCGTGGACGGCTTGGCGAGCGCCCGGCGCTTTTTGCTGGTTTTTGGACTCGCGGGCATGGATGTCGTCGGCAAAATGGTCAGGAACTGCGGTAGTTGAATATCGTGCCCTTGCATTTCAGATACTAGTCAGTATCTATTCACATACTGATCGGTATCTCAAAACCTTTCTCCTCGGCCAACGAGAGGTGCGCTGGTGGCAACAACTCGGATTTTCGTGACTGGCGACGTCTCCGAAACCCTACGCGACAGCGCCGAGTGGTTTCGTTCTCCACTGAGGATTGCCGCATGAACAACGCACTTCGAAACGCACCCATGCATCGCGGCGACGGTGTCCTGCGTTCGTTTGCCCGCCGTGGCTGGCGATTTGGCCTTGGATCGCTTGCGTTGTCGGCCACTCTCGTGGTTCCCGTCGGCGCCACCGGTTCGGGCAATTCGGCCGAGAGCTCGGGCTCTCTGCTCTGGTCGTCGATATTCAAAATGATTGCGCACAAGTGGCCGTCGGTGCAGCAGCTCTCCACCGCTGAACTTGCACAGCGGATAGAGGCTCACGAACCCGTGCTGCTCATCGATACACGTGCGAAAAGCGAGTACCTCGTCAGTCATCTTCCGGGCGCCGTTTGGGCGGAGAGCCCTGCGCAGTTGCGCGACGCCGTACTCAACGTTCCCGCCACGCAGCTGATCGTGCTGTACTGCTCGGTCGGGGTGCGTTCGTCAAAGGCGGCAGACCTGTTGATGCGTGATGGTGGCCATACGGTCGCCAACCTGCGCGGCTCGATCTTTCAGTGGGCCAACGAAGGCCGCGCGCTCGAAGCCGATGGCCGGCCCACTGCAGTGGTGCATCCGTACAATCGGTTCTTCGGACAGCTCCTCGAACCTCGCCTGCGGGCACCGGGCGCGCCGTGATTGACGCCGTCACACTGGCCTCGTGGCGCGCGCCGGCCTCGATCGGCGTGATGTCGCTGCTCTTCGGGTGGGAAACGGCCCAGCCGTTCCTCGCGCTGTTCGCGCGCGCGCCGCATCCATGGCGAACGCGACTGCGTCACGCCGCCACCAACATCGGTATCGGCGTGCTCAACGGACTGGCGATCCGGTTCGGATTTCTGGCGCTCTGGATTGCGACGATGCAGTGGGCGGCGACCGCGGGCGTGGGCCTGCTCCAGTGGCTCTCCGTGGCGCCGGAATTTCGCTGGATCGTCGTGCTCTTTCTGCTCGACGCATGGACGTACGCCTGGCACCGGTTGAATCACACCGTCTCATTCTTTTGGCGTTTTCATCGGCTGCAC
NZ_CP053085.1_gap8	352304	356488	4184	ACGGACTGACAAGCAGGGCCACTCGCTCCGTGAGTTGCGTGCCCGCGTCGGGATGCGCATCCGCGCGAACACTGCCAGACAGGGTGACCGGCCCGAGCTTCTGCTCGGTGGTGACGAACGCACCCGGCACGAGCCAACGGTGATCGAAGGCGCTGTTCAGCGCGTTCCGATACTGGTCGAGCTGCAGCACGCCGCCGACCACGAATACGCGCCTGGATCCCTCGAACGTACGCGTCGTTTCGAGGAAGCCCGTCGTCGTGCGGTCGTCCTCGCGCGCGCCGGTGCCAAAGGTGCGCGCACGCGCCGTATTCGCCACCGCGAAGCGCAACGACGCGCTGCCTCCGTTCTGTAGTGGAATCCGCGCGGTGCCTCCCACATCTGCGCGATCACTGCGCAGTGCCTCACGGAACGGCGCGCCATTCACCGTGAACGCGCTGCCGACCGAGCCCCCGGTGCGATCATCGTGGCCGGCGCCGGCGGTCAGGAACAGCGAACGGCCGTGCGAGTCCACCGCGCTCAATCGCGGGCGCACGCTCCACCGCGTGGCGCGCGCCTGGTCGGCCCAGCCGTCGTTGTCGACATCCTGCGCGGACTGCGTCGTGCCGGTGCCGAGCAGCGACACGCCCACGCCCTTGCTGAGGCGATGGCTGAGCCACGTCGCGGCATCGGTCACGCCCATCGTGCGGCGATTCAACAGCACTTCCTTGCTTCCCGTGGGCGGCTTCGACACGAGGTTGATTACGCCGCCCAGAGATTGCCCGCCGTACAGCGCCGACGCGGCGCCCTTGATGATCTCGACGCGCTGCAGGTCCACCGGCGAGACATCGAGCGGGCCGAGCGCACTTGAGCTCGCACCATAGAGCGGCAAGCCGTCAGCAAGCATGAGCGTGTATTCGCCTGGCAGTCCGAGAATGCGCACGCTGCCGGTGCCGAGGCCGGGTGCGGTGGCCTGCACGCGCAGTCCCGGCGTCTCGTTCAGCAGCATGCTGATTCCGCTCGGCGCCATCAGTGTCTTCTCATCGACCTCCATCTCGTCCACCACTTCCACACGGATGGGCGACTCGCCAGCCAATCGTTCGGTGCGCGTGGCGCTCACGCGAACCTCGGGCATCGCCATCGTGCTCATGGCATCGGAGCCCGTCGCCGGCGCGCCCATCGACGCCGTGACATTCGCGGTCACGAGGCTGTCCCGCACCACAAGCACGGCGAGGCGGAGTGGAAGGAAACCTGTGCGCGTCACCGTCACGAGCTGGCGTCCTGACGGGAGGGTGAGTCGCGCGATGCCGACGCTGTCGGTGGTGGCGCTGCGTCCCGCGGCCTGCACGAGAAAGCCGGAGCGCATACCCATCGACTCTTGGACGGTGATCTGCACGCGACCACTGTCGGCCGGTTGGGCGCGAAGGGGGGCGGCCAGGCCGACGAGCCACACCGCGGCAATAGAGAGCACGGCGAGCGCCGTGGATCGGGACAGAGGCATGGGAGAATCGTAAGGCCTGCGCCGCGGGTTTGCGTCGCTGTCTATGTTGTCCGGGTACCCCCACGAGGACTTCCAATGCGCGTCCGCTCCCGCCGCCTGGCGATCAGCACCGCTGCCGTCTCCCTGGCCGTCTCGGCCGTCTCCGTTGCCCTGTCGGTGGCCGCGCCGGCCGCGCTGTCCGCCCAGCGCCGCCCCGGCGTGGCGATGGGCTTCTACACCACCACCGGGTTGCTCACCGGTGAGGTCGAAGGAGGAGCGGTCAGCGCGAGCACCTCGCGGGCAGAGGCGCCGAATTTCGCGTTGTCGGCGCTGCTGACGGCCCCGCTCAAGCGCATGCCGAAGCGCGCCTGGGTTGTCGGGCTGCGGGCCACGCCGCTCAACCTGGGCAACAACGGGTCCTGCTACATCGTCCGCGGCAGCGCCGACTGCCAGAATCGCCGCTTCGAGGAGCAGGTGCAGCTCCTGACCGGCGGTGCCTTCGATATCCGCTCCACGGTCCTGCGCGTCATGGTCGGCCCGGCGCTTTTCGGCGTCGAAGGGCAGGGCGGGCGAGTCGGCACCGCGGTGCGCCTCGACTTGGCATCCCCACGACTGCGCGGCTCCACGCCCACGATCTTTTATAGCGGTTCCTTTCTCGGGAGCCAGAGCGGCGAGTCACTTTCGATCGGCACGCTGGGCATCGGCTTCCGCTGGGTGCGCAAGAAGTAGCACAACGCTTGGAACATATAGTATTGACGCATAGTATAAAATAATAGTATTCATGTGTAGTGCAATTTCCTCACCGCGAGGCTCGATGAAGACCCATCTGTTTTTTATCCTGATTTCCCTGGCCGCCGAGCCACGATACGGCACGGCCATCCAGGATGACGTGCGCAGTCTCAGCGACGGCAGCGTGCGTCTGTGGCCGGCCACGCTGTACGGATCCCTCGAAGAGCTGGTGCGCGTGGGTTGGATCGAGGAGGTGGCCGACGACGATCGTCCGGACGGCGGGTCGGGACGCGAGCGCTTCTATCGTCTCACCGGTGGCGGGCGCACCGCCCTAGAGGCAGAGAGCGCTCGACTCGACTCGATGGTGCGGCTGGCGCGTGCGCGTCTCACACCGCAGGGGCTCAGCGTATGAGCGGTCACCACACGTCCGACTCGACGCATCGCGGCTGGCGTCGTGTGTACGGCGCCCTCTCGGTGTTGATGCCAAGCGCGATGCGCGACAAGCATGGCGCGGCCATGAGCGAGCTGTTCGTGCGTGAGCTCGAGCGCAGCGCAGGCTCCGGCCGTGCGGCCGTAATCTGGACCGCGGCCGTTGGCCTCGGCGACTTGGTACAACGCGGACTCTACGAGCGCGTCGTCGAAGAACGCACGGCGATGACGGCACCGAACCGGCAACTGCTCCGACAGTTGAGCAAGGGGTACGTCGTGGCCTTCGTCGCATTAACGAGTGTGTTGCTCGCGACGTACGCGTGGCGGCAGGTCGAACGGTGGAGCGCGCACGCGATTTCGCCGACCACGTTGATCGAGCTCCTTGTATTTGCGATACCATTCACCGCCGCGCTCACGCTGCCCATGGCGATGTTCATCGCCGTACTCTCGACAGCGAGTCGTTCCGCGGCCACGAGTGACGGCGCCGCCGCACGGCTTCGACGAGCACCGTTGATTGGACTTGCCTCCGCCCTTGCGCTGTTCGCCTTTGCGTGGAATGCCGAGGTCGTCCCGCGCGCGAACGCACGGCTCGCGGCGCTGCAGTCGAATCAACCGGTGGCGGCACCCAGCGATCGCACCATGACGTTGGGCGAGCTGCGCACCGCCGCACGACGCGCGGCGCAACGACCGGTGACCGCGGCGGGCACCACGAGGCTGGCGGAAGTGGCGAGCTACGGCATCGAGATTCACAAGAAACCCGCGATTGCGGCGGCGTGCGTGGTGCTCGCATTGTTGGCGCTCGCGATCTCGCAGCGCGCACCACGCGCCGGTGTGATCGTGCAGCTGCTCGCCAGCGGGGTGGTGTTCACGGTCTACTACGCGATCATCATGGCCGGAGAAGCGCTTGCCGAGCGGCTCGTGCTGTCACCGATGCTGGCCATGTGGTCCGCGAACGGGGTGTTGCTGGGCATCGCGCTGCTCGCGATGCGACGACGACGGGACTCGACAGACTGGCGAGGCGTTGTATCCGAGCGTATATAACGCTCGGTACCCGCCCGTCCTATCCCGTCCGCTTCCGAAGATGCCGTTCCAGAAACGCTACGTCCTGCACGGCCGCGCGTCGCAACGTCTCCTCGATCGAGCGGTAGCGTTCGACGATCTGATGGCCAAACGGCGTCAAGGAAGCGCCGCCGCCGTGCACGCCGCCGTGCGCTGCCTCGGTCACGGGCTCTGTGAACATGTCGTTCATCGTCTCGACCAGCAGCCAGGCCCGTCGATACGACATCCCCATCATGCGCGCCGCGCCGCTGATGGAGCCCTCGGCTGCGATGGCCTCGAGGAGCGCGACTTTGCCAGGGCCGAGCCGTTCCGCGTCGTCGAACAAGATGCGTAGGAAGAACGTGGTCATGGCGTGGGATCAGTGGATACGACGTGGAGTGGCGACGGCCATGCTGCTGCCCGTGGTAGTCGCCACGGCGCACAGTCAGAGCGCGGCAAGCGGCATCATCGGCACCGTACGTGACTCAGTGGGCCATCCGATCGATGCGGTGGTCGTGGAGGCGCGCGACGG
NZ_CP053085.1_gap9	358537	362173	3636	CTACGTCGACCGCAATCTGCGCAACGTGCCGGCGTTTGTGCTCACGGCCGAGGGCAACCGTGCGGTGTGGGTGCCGGCGAACACCATCCCTGCAGCCACCGGCGTGACCGACGTGCGGAACGCGTCGCAGCATCCGGCCTACGCGCGTGTCCTCGCGCTCGAGTCGGGTGCGCGTGCGGAACAGGTCGCGGTGACCGGCGAGGTCGCCTTTCGCCTTGGTGATCGCGCGCAGGGCACGATGGGCTATGCCTGGTCGCGCGCCCGTGACAACTCCAGCTACGGCTGCTGTCTGGCGCGCACGACGACCACCTTCACCCCCGTGGTCGACGATCCGCGAGCACTCGGGCAAGCGTGGGGGGTGTCCGATTTCGACGCACGGCATCGACTGACGGGGGCGCTGAGTGTGCGTGCGCCGTTCAAGCTGGCGATCACCGCGCGCTACGTGGGCACCACCGGGCGCCCATTCTCGCTGGTGGTTGACGGCGACATCAACGGCGATGAGGCGAACGGCAACGACCGTGCCTTTCTCTTCGACCCGGGGAATCCGACCACGCCGGCCGATGTCGCGGCCTCCATGCGTCGGGTGCTTGCCAACCCCAACAACCTGGCGCGGCGATACATCGCGTCACACTTGGGGCAGGTCTCGGGGCGTAACACGATCACCACGCCATTCACCAACCGGGTCGATGCGCGCATCGCGCGCCAGTTCCGGGCACGTGGCAGTGGCGCGCTGCGAAGCGCCGAGCTGATCATCGATGTGTACAATGTCGGCAACCTGCTGAATCGACGCTGGGGGGCGCAGTATCTGCTTCCGGTCGGGATTTCGTCGCAGAACCCGGTGGTGAACCGGGTGCCACTGTTGCGCGTGGTCGGGTTCGATCCGGCCACCCAGCGGTATCGCTACAGCGTGAACGAGTCGGCGGGCGTGTTGCCCAAGGGGGGAGATCCGTATCAGGTGCAGATCGGCGTGCGGATCGCGCGCTGAAGGCTGCGCTGAACGGCCGCGCGCTAGATTGCTCCACATGGATCGCAACGCACCCTGCCCCTGTGGCTCCGGCAAGAAGTTCAAGAAGTGTCACGGCGCCGCCGTGCCCCCCGAAGCGGCGGCGCTACCCGCCGAGGCGCGCGCGGAGTGGCTGCGCGGCGACGTCGTGCTGCAGCGCCAGAAGCGCGTGGGGCAGGAACTCCTCGACTGGGCCGAGAAGAAGATGGGCGCCGAGTGGATCGATGCGTCGCTTGACGCGTGGGGCGTGACGGAAGATGAAGACATCGACGAAGGGGTCGCCGATCTGTTCACCACTTGGTCGCTCTTCAACTACGAGCCCAACTCTCTCGGCAGGCCTATCGCCGCCGCCTGGCTTGATGATGCGGCGGGCAAGCGCGCCGATGTCGACACGCGCGCCCTCGTCAGCGCCGCCTTGCGCGCACCGCTTGGCCTGTGGGAAGTCGAGACCGTCGAAGCTGGGGTCGGCGCGACGATCACGGATCGATTCAGCAATACCACCTGCTTCGTCCACGAGCCGGATCTCACGCACGACCTCGGCCCGAGCGAGTTTCTACTCGCCTATGTTGTCGAGGCCGATGGCGTGCGTGTGTTCTCGGGGTTGCACGCCGACACGCTGGTGATCGTCGACGGCAAGGAACTGCTGGCCGATGTGTGCGCCGATGCCGGGGTTGGCGCCGCGCCACTGCCCGCCGAGCTGCAGCGGGACGCGTCGTGGCAGATACGAGTCTCGCGTCGCTTCTCGGAGACGGCGGCCATCGCGTATGACGATGGGGCGCATGAACACGGTGAGGACGACGACATCCGCTGACCGACGCCGCTGAGATCTATGCGGGCTGCATGGGCAGCTGGATCGCCTGGGCACGTGTCCGCGTGTCGTCGTCGGCATCTTCGAGGAGTCGACGGATCAGCGGGATCGCACTGCGCGGCTGACGCGGTGAACCAGGTCGCGTGCGGTCGCCGACGATTGACAATGCAGCGCACGCAGGTGGTGCGCCTCCTTGCTGAGTCGCAGCGCGGCGATCGCCTCGCTCGGCGGCGCCTCGCGATTGGCCAAAAGCACGCCGGCGTCCAGCTCGATGCGGACGGCGCCTTCGCCACGCTGCTCTTGCACTCGCGCAACTAGCGCCGAGAGGCCAGCACCGCGATCGTCGCCGGCGAGGCGACCGAGCAGATCCGACAAGCCGCACGCGAAGGCGATGCGCACGCCCTTCTCACGGCGCGAGCGGAGGCCGCCCTTTCGTGCTCACTGGCTTCACGCGTGCGCCGTCTCATGCCGAACGGCCGCGCGGGCCAGTGACGTGAGCGCATCGAGCGCGATGACACACAGCGCGTGGTCGGCACGCTCACGAAGGCACCCTTCCAGTCGTCCGGCGGCAGCGCTAATCGTCGGAAAGCCGTACCCGCCCGCCGAGCCTCTGAGTTTGTGCGCTTCCACCAGCACGCGATCGAGCTCGCCGGCGTTCCAGCTGTTATGCATCGACTCCACCCGCTCGTCGAGACGGACCAGGAAATCCCCGATCAACTCGCGCATCTCCGGGTCGCCCTCGAACTGACTCGGTAGCGTGGCGGCCACGTCACGGTGCATGCCTGCGTTCGACAGCCAGCGATGGCACGTCCGTATCAGTACCGATCGATTGATCGGCTTTGTCGCATAGTCATCGCACCCCGCTTCGATGCATCGCTCCCGGTCTTCGGACATCGCATGCGCGGTCAGGGCAACGACTGGAATGCTCCAGCCACGTTCCCGCACGGTCCGCGCTAAGCTGTAGCCGTCCAGTTCCGGCATCTGCATGTCGGTGATCAGCAGATCGAACGGCGACGGAGAGCCCTGCTGCGCGTCGAGGAGGTCGAGAGCAATCCGTCCGTTGTCGGCGACGGTGACCTGTGCTCCCGCGTTACGGAGATGGTGCACGATCAGGCGCTGATTGTCTTCTCCGTCTTCCGCCAGCAGGATCCGACCGGACAACGTCGGCGTCTCCGCCTCGGCACCGAGCGGCGCTTGGGTGACACTGCGCGCGATGCACGCCGCGAAGGTATCCAGTCGGATGCTGCCGGGCACCTCATGCAACGGAATCTCGAATGCAAAGCACGATCCGACGCCCGGCGCGGTCCTCTCGAGGTGCACAGCACCGCCGAGGAGTACGGCCAGTCGTTGCGAGATCGTCAGGCCGAGGCCGGTGCCGCCGTGGCGACGGGTCACTGACGCATCGGCTTGCGAGAATGGCTGAAAGAGTCGTGCTGCCTGTTCCGGTGTCATGCCTGGGCCGGTATCGGTCACGGCGAGTCGTAGTACTTCACGGCCGCCAGCAACCGCGACACTCGCGAGGATTTCGACCTGTCCCTGCTCGATGAACTTGACGGCATTGCCGGCGAGATTGAGCAGAATCTGGCGCAGGCGCGTCGGGTCGGTGAGGATGCGCTCGGGAATCGGGGTCAGCACACGCGTCTGCAGCGACACGCCCTTCGCGACGGCCCTTGCGCGCACGATGCTGTCCACGTCGCAGAGGATCTGTGCCACTGAGCTGTCGAGATGTTCGGACACGACCTTGCCGGATTCCAGCTTCGACAAGTCCAGAATGTCATTGATCACGGCCAGCAGGTGCTCGCCGGCGCGTTCGATCGTATCGACG
NZ_CP053085.1_gap10	389071	393632	4561	CGTCGGGCAGCCAGCAGTTGGCCAACGGCGCCTCGACGCAGGCCGCCAGCGCTGAAGAGATCAGTGCATCGGTCACCGAATTGCAGACGTTGGCGCAGCGCGCCGCGACCCAGTCCGTTGAAGTGCAAGCTGCCGCGCGGCTCGCGCAGGAGAGCGTGCAGCTCGGTGCCGAATCCATGGTGGCGATGGGAGAGGACATGCTACGCATCAAGCAGTCGGCCGATGCGACGCAGCGCATCGTGAAGACCATCGACGAGATCGCGTTCCAGACGAACCTGCTCGCGCTCAACGCCGCCGTCGAAGCGGCGCGCGCCGGTGACGCCGGTCGCGGCTTCGCCGTCGTCGCCGAAGAAGTGCGCGCGCTGGCGATCCGTTCCGCCGAAGCGGCCAAGCAGACGGCCGCCCTGATCGAGGAAGAGATTCAGAATGTGGGTCGTGGCGTGGCACGCGAGCAGTCGGTGCGCGAGCAGCTCGTCACCGCACGTGCGCAGGTGGAGCGCGTGGGCGTTGTCGTCGAGGAGATCGTGACGGCGTCGGCTATGCAGGCACGGGGACTCGATGAGGTCAGCCGTGGTGTAGCGCTGATGAGCGAGGTCACCCAGACGGTGGCCAGCAACGCCGAGGAGAGTGCGGCCGCTTCCGAAGAGCTGCTGGGGCAGGCCGGTGCGCTCGCGGAGGCGGTGCGCGGGTTCAAGACGCGTGATATCGAAACGCGTCAGGACGACACGCGCTCGTTGAATGCGCGTCGCCGAAAGGTCGCGTAGAGTGGCGCCGCCTTATTTGGACCAACGATAGCTCGCGCGGGTTGTCGAACGGGTTTCGATCGCGCCGGTCAGCGGCGACTGCATATTCACCGACACGTCGGTCACCGACTCGGCCGGTCGTAGTGTACGGCTCTCCACCAACATCGTCGTGAGCGAGGTGGTTTCCGGCACTGGGACGTTGTCGAGCATCGACTCGTCGGCGATGCCCATCTGCTTGAGCATGGCGAGCATGGCGGGTTTCATCGTCTCGCGCGTGATCACGAGTTTGGTCCCGAACTTCCAGCATGCCGACAGCTGCGAGTCAGCGGGGCAGTCGGCCGTCCCCTCGTAGCGCACGACACGCCTGGCCTGAAACGTCAGTCCGTCAGCGCCGGGGAAGGGCAGATCGGACATGCGCACCAATGTGTCGCCAACCGCCCAGCTTCTGGCTGTAAAGTCGGCGTTGGTCGTTTCCCATCCAAGGGCGACGGTCGCGGCGATCGACTGGATACTCATCGACTTCCTGACCGCCGCTATCGTGGCGGGCGGAGCGCTTGCCAGCTGCTGAAGCAGGGGTGCCAGCAACGCCTCCATCTGCTGTTTCGTGGCGAGCGTGTCGTCGAGACGTAGGAACACGCCGCTGGTGGACACGATGTACGTGGAGCGCATCGCGGCCATCGCCGCTGAACTGATTCCCGATGGACCGGTCGTTGGTCCCGATTCCACCGTGCCCGGGCCGGTCTGCACTTGCAATCCCTCGGCGTGGCGGGCCACCGCCAAGCGCGAGCGGGTCACGGTGACGGTGGAGTCGGGCTGACCGGGTACGTTCGACTTCGCGACGGTGCGCGTGACGAGATCAGCCGAGGTACCCGCCGGCCACGCGAACTTTGGTGCCACGGCCTGCGCGGAGAGGGCGGACCACGCCGGCGCGAGGGCCAGCACGGCGGCGAACAGGGGGAACTGACGGGAGAGGAGAAGCATGCGCATTTGGAAGGAGAAATGAGTCAACAGGTGGAGCATTCCCCAGCATTCTAGTCGTCTGTTCCGGCGCCGCGCGACTGATAATGCAGACTCAACTATCTCAGCACTTGACTAAAGCGTCGTTCGGCTGCTAACCTCCGCAAACAACTGAGATCGTGGTCATTTGCCGCCTATTGCCGCCACGTAAAACAACGAGCTAAAACGCGACTGCCCGGGCGAACCAATAGCTCGGGCTTTGTCGTTTGGGACGGCGCCATCGCTACCGGAGCTCCTCATGTCCACGCGCCCCATCGCCATCTATCACGAGCACCCTGACTGGTTCCGCCCGCTGTTCGCGGAGCTGGAGCGTCGCGGGATTGCGTACGAGCGGCTCGATGCCGCCGCGCACGAATTCGAGCCGGCCAACACCGACACGCCGTACTCGCTGGTATTCAACCGGGCCAGCCCGTCGGCATATCTGCGCGGTCACGCCCAAACCACGTTCTACACGCTGCACTGGCTACGTCATCTGGAGCGGCTCGGCGTTCCCGTCGTGAATGGTGCCGACGCCTACGCACTCGAACTCTCGAAGGCTACCCAACTCGATCTGCTGCGAGAACTCGGACTTCCGTACCCGCGTTCGCGCGTGATCAACGATCCGTCGCGTGCGGTGGCCGCCGCTCGCGGCTTCCGCTATCCCGTGTTGGTCAAGGCAAACGTAGGCGGCAGCGGCGCCGGCATCGTGAAGTACGACTCGGAGCAGGCACTGGCTGATGCCGTGGCGGCCGGTGTGGTGGACCTTGGCGTCGACGGCACTGCGCTCGTGCAAGAGGCGGCGCCGCTGCGCGAGGGGCACATCACGCGTGTGGAGACGCTCAACGGCAAGTACCTCTACGCCATCAACGTGTTTCCGGCCGCGGGCTCGTTCGATCTCTGCCCGGCCGACGCGTGCCAGACCACGAATGGTGTAGAACTCGTGCGCGGCGCGTGCGCCATCGACGCGCCCAAGTCGGGCATGCGCGTGGAGCGCGCCGATCCGCCTGCACACATCATTGCCGAAGTCGAACGCATCGCGCAGGCTGCCAAGATCGACGTGGGTGGCATTGAGTATCTCGTCGATGACCGCGACGGCCAGCACTACTTCTACGACGTCAACGCGCTGTCCAACTTCGTGGCCGACGCGATCAACGTGGTCCGCTTCGATCCGTTCGAACGCTTGGTGGACTATCTGGCGGAACGTGCCGGCGTGCTCGACGCGGTGGGGGCATAATGCGTTTCGGCTACTGGCTCCCGGTGTTCGGCGGCTGGCTACGCAACGTGCCCGACGAGGGCATGGAGGCGAGCTGGCCGTATGTGCAGCGACTCGCACGGCGCAGCGAAGAGATCGGCTACGACCTCACGCTCATCGCCGAGCTCTTTCTCAACGACATCAAGGGCATCGACGCGCCCGCCCTCGACGCGTGGTCGACGGCGGCCGCGCTGGCCGCGGTGACCAGCCGCCTCGAGCTCATGGTGGCCGTGCGTCCCACCTATCACCATCCCGCCACGCTCGCCAAGCAGGCCGCGAACATCGATCGGATCAGCAACGGGCGTCTCTCGCTGAATGTGGTGTCGAGCTGGTGGAAGGATGAAGCACGGCGCTACGGCAGTCAGTTCGACGAACACGACGATCGCTACGCGCGCACGGCCGAATGGCTCGACGTGTTGCATGGCGCATGGTCGCAGTCGTCGCTGAGCTACCACGGCAAGTACTACCAGGTCGACGAGCTGATCGTGCAGCCGAAGCCGATCGGCAGCCGTGGCCGCCCGCATCCGGTGTTGTACGCCGGCGGCGAGTCCGACGCCGCGAAGTCACTGATTACGCGCGCCTGCGATGCGTACGTGATGCACGGCGATCCGCCCGATCGCGTAGCACCGAAGGTGGCCGACATGCAGCGCCGTCGTGACGCGGCTGGTCTTGCGCCGATGCAATACGGCATGGCTGCCTACGCCATCGTCCGCGATACCGAAGCCGATGCGCAGCGCGAGCTCGAGCGCATCACCAACGTGCAGCCGGGCTCACCGGGCTTCAATAACTATCAGGACTGGATCGCCAACACGCAGCTCGATCAGCACCTCTCGCTGCAGGATTACTCCGTGTCAAACCGCGGCCTGCGCGCTGGTCTGGTCGGCACGCCCGAACAAGTGGCCGATCGGGTGCGCGAGTTCGAGGCGGCCGGTGTCGGGCTGTTGCTGCTGCAGTGCAGTCCACAGCTTGAAGAAATGGAGCGATTCGCCGAGCAGGTGATGCCGCTGGTCCGCTCGCCGAATGTGCTGGCGGCCTAGGTCGCCACCGCGAAAGGCAACAGCGACAGCGGGAACACGGAGTCGGCGGATTTCACCGGTCACACAGATAAGCAAAGGGCGCTTTTGCTTATCTGTGATGTCTGCGTCATCCGCCAACTCCGTGTTCCCGCTGTTGTTTTTGCCGTTGCCTTTTGCTGTCGCCGTTTCGACCTGTCGCCACGCAACCAAACAGGTAATTTGGGTCCATGCCCAGACACGCCCAGCTCGCCACCGCTCTCCTCTTCGCCGCTGCGTCAGCGACGTCGCTCTCCGCGCAATCAGCCCGTCGACCCTTTCGGATTGAAGAAGCGACCATCGCGCAGATTCACGCCGCATTCAAGGCGAAGACACTCACCTGTCGCGCGCTCACGAAGGCATATCTCGATCGCATCGAGGCGCTCGACAAGCGTGGCCCGGCCATCAACGCGATCATTCTGGTGAATCCCGATGCGTTGGCCGTGGCCGATTCGCTCGACAAGCGATACGCAACTGGCGGGCCCACCGGCCCGCTACACTGCGTTCCGATGATCGTA
NZ_CP053085.1_gap11	484729	486840	2111	TGGAAACGCGTACGTCCGCGCCAGGCTGGGTCGGTGATGTGCGGTCGCCGTCAGTGGGAGCGGGAGAGATCTCGGGAGAAGTGGTGCCGATGCCGGGGTTCGGACTGATGCGTGGCATCGAACCTCGAGAGCAGGGACCGCAGGCCACGGTGATTACACTCGGGCCCGGAATGACGATGGCGGAGATCGAGCGGCTGGCAATTCAGGCGGCGCTGCGGGATACCGCTGGGAACCGACGGAAAGCGGCCGATCTGCTGGGAATCGGGGAGCGTACGCTCTATCGGAAGCTCCGCGAGTACGACGGCGAGGACCCAGAGCAGGGAGACGAGGGGGACGCCCCCTTCGACGAGACTTGAGGTCTGGGACGATACGTCCATGCCGGACAACGCCTTGTGAAATTCTGAGTCTTGCTGGAACGCGACTCTGGTCACATATTAGCTCCGCAGAGAACCGAACACAGGTGTTTGGTATGCATCAGCCGCGGAGACACTTCTGTCCATACCCGTCAATTTCGGCATGACGTCCCCTCAGACCCCCTCCGGTATGATTGCCGGGAGTGTGCTGCCTATCCGTCGGGCCGAAGAGCTGATTGCCACCCTTCCCGGGGTGTTGTCGGTTCGTATCGTACCGAACGAGACAGGCGCCGTGGATGAGATCCACGTGCTGACCACCGACCTGGTCCTCCCGAAGAATACGGTTCGCAACATCGAGAGCGCGCTGATGGCGCAGCTCGGTCTCCGGGTGAATCACCGAAAGATCTCAATTGCGACCACATTGGACGCTCCGCGGGCGGCCGATCTGCCGCCGGCGGCTCAATCGCCGGCGGGCTTGAGCGCGATGGCCGGCGGTGCGGCGGCGCCAGTGGCGCCCGCTCCCGCAGTTCCGGCCACTGCATCCGTTGCGTCTGCGTCCCCCGGTGGTCACATAGGGGGACCTCCGCGTGCCGCGGCGGCCATTTCGCCGCTGGGCGACGCGACGCCCTCTGGTCGTCGTGTGTTGGTCTTCGAGGATGTGGAAGTTCGTCGCTCGCGTTCACGTGGTGTGCTGTGCCGGGTGACGCTGAGCCGTGACGGGCAGGAGTTTGTGGGTGAGTCGGAAGGTCAGGAAAGCGAGCGATCGCGGATCGACCTGGCGGCTCGCTCGACGTTGTTGGCGATCGTATCGGCCACGAAAGCGACGCCGGGCGGAGAACGCTCGTTGGCGCTGGAAGGGTCGAAGCTGATCGACGCCTTTGACCGTGAGTTCATTTTCGTCAGCGTGGCGGCGCGCGTCGGACGCGAGCCGGTGGTACTGACTGGAAGTTGTGAAGTGCGTGAAAGTGCCGAAACGAGCGCGGTGCTCGCGGTGCTGGATGCGACGAACCGCTGGATGCACATCGATCGTTAGCTCATTCGTGGAGCGCCGCGGGTTGGCGCTTCTTTCGTCCCCCTCATCGTCTAACGAGACGAAACAACAAGTGTCCCCGTCAACCGAACCAGAGCGGAGCTGAGCGGGCAGGCCAAGCAGTAGGAGCGGAGCCAACCTCGTCAAGCATGTGGAGTCCCGAGCGGGACACACGTGACTACCCCGATGGGAGGTGACGCAAAGATGGAATTCGTGGCCCAGCTCGTGAATGCGATGTGGTCGTTCGTGTTGGCTGATCTTAAGCTTTGGGGCTGACCTAAAGCACTAGGTTGACGGGGACCGGTTTTCTCTATGTCCATGAAGACAAGCGTAATCGCCTATGTGTATGCGATCGTGGCAGCTGCCGCTGCCTCGCTTGTCGGGCTGTATGTGTATCAGCCGGACGTAAATGTTCTATTCTTGGCGGGCGCTGGTTGGCTGACGTTGGTTGCTTTCCTAGGGACTGTTCTTAGCTACCGGGTACAGGGAAGCACTTTTGGCGCAGTTTCATTTATCCCGTTCTTAACTGCGTTTGTCCTGTATCCATCGTGGGCCACCGTTGCGATCGTCGGTACGGGTGCGTTCATCGCTGAGATGATCAAGCCCAAAATGGCGATCAAGCGCGCCTTTAATGTGGCGCAGATCGTACTTGCGGGATGTTTTGCGATCGCTGTCTACATAACGCTTGGTGGGTTACCGCTACTCCTTGATCCGGAGTTTCAGGCGAT
NZ_CP053085.1_gap12	494258	495876	1618	ACGGAGCCACGGCGACGGGTAACATCGCCGTGACCGCCACGCTTGCCCTCATCACGGCGGTGGTCGTCGAGGTCGCCGGTATCCGCGCCAACGGTATCGGCTACCTGAGCACGATTTTCTACTGGAACAAGGATCTGCCGATCGTCATGCGCGTCATGATGTTCTTCATCATGTCGCCGGTCGAAATGGTGGGCAAGATCTCGAAGCCGTTCGCGCTCACCATTCGTTTGTTCGCGAACATGACCGCCGGGCACATTCTGCTCCTCGCGCTGATCGGTCTCATCTTCGCCTTCCAGTCGTGGGCGTTCGCCGGCGTGCCGGTCCTCATGGCCACGGTGATCAGCTTGCTCGAATTGTTCGTCAGCTTTTTGCAGGCCTTCATCTTCACGCTGCTGGCCTGTGTGTTTATCGGACAGATCCGCGAAGCGCACCACTAGCACCTGTTGAACTCGTTCGGCGGAATCTCCCACCGCCTGCGAGAGACGTAGCCGATCGAGCGATCGGTGATTCCCGTTGGGCTTCGGCCCGCTGACGGGACGCGCGGTACCTGGTACCGCCGCCGGGAGTGCATTTCTCAACGACTATTTTTCGGAGTGTTACGATGGAAATCATGGGTCTCCTCCAGGCCGCTGCGCCGGTTGTTCAGGATCCGAAGGGCATGGCCATGATCGGCGCCGGCATCGCTGCCGGTGGTGCCGCGATCGGCGCCGGCATGGGTATCGGCCGCATCGGTGGTTCGGCGGTTGAGGGCATGGCGCGTCAGCCGGAAGCCGCGGGTCGTATTCAGACCGCCGCGCTCATCCTGGCCGCGCTCATCGAAGGCGCCGCGCTGTTCGGCGTCGTCGTCGGCTTCCTGATTCAGGGCAAGATCACGTTCTAACGTGATCGCGCGCGCGGGGCGTCCATCCGGGCGCCCCGCCGCACTCTCTTCTTCTCGTGGACCTCTCCATGCTCGCTCTTTCCGCCCGCCGTATCGGCGCGCTCGCTGCTCTGCTCGCGGTCACCGCCTCTCCGGCGCTTGCGTCGGAAGCCGCCGAAGGACCGCCCAATCTGCTCGACCCAAATGTCGGCGTGATGGCGTGGACGCTGGTCATCTTCGTCCTGCTGATGGTCGTGCTGTCGAAGTTTGCCTTCAAGCCGCTCTTCGCTGCCGTCGAGGCGCGCGAAAAGGCGCTCGAGGATGCGATCGAAGGTGCCAAGCGCGATCGTGCCGCTGCCGAGTCGCTGCTCACGCAGCAGAAGGCCCATCTCGAAACCGCGCGTACGGAAGCGCAGCAGATCATCGCTGACAGCCGCGCCACGGCCGAGAAGATGCGGACCGATCTGCTCGCGCAGACCAAGACACAGCAGGAAGAGATGATCGAGCAGGCCCGCCGTGCGATCGAAGGCGAGAAGGCTGCCGCCATTGCCGCGCTGCGGACGGAAGCGATCGACCTCGCCATCGCCGGCGCTTCGCGCGTGGTCGAGCAGAATCTCGATTCGACCGGTAATCGCAAGATTGTCGAGAGCTTCCTGGCCTCGCTCGACGGCGCCAAGGGTACGCGCTGATGCCGGCCGGCGTGCAGGGCGAATCGGTCGCCCGTAACTACGCCGAGGCGCTGCTGGACCTCGCGCGCAA
NZ_CP053085.1_gap13	580626	584544	3918	ACCGCTGGCGGGTGCTCACCCTTCGCCGGGCGGCCGGCGTGCGCTGTACGGGCGCCTGGGAGCTTGTACACGGCAGTATCGAGCCGGGCGAGCTGCCGGCCGCCGCGGCGCGCCGGGAAGTCCTGGAGGAAACCGGCATGGTGGTCCAGCGGCTGTACACGCTCGCCGTGAACCCATTCTACCTGACGCCGCGCAACACGATCCAGATGGCCGTCGTTTTCGCCGCCGTCGTGGAGCACGCCAGCGTGGTGATGCTGAGCAACGAACACGATACCACGGCCTGGCGCACGCCCACCGCGGCCATCAAGCACCTCGCCTGGCCGCGCGAACACGAAGCCGTGCGCTACGCGATGCATCTGCTGCGCGATGGCGATGCCGGTGCTGTAGAAGACGTGCTGCGTGTTCCCGACGCCTGACGCCTGACGCCGCGCCGCAGTTGCAGGTCAGGCGGGCGGCTTCGGTGCGGCCGCGGCGCGCGAGCGCACCAGCGACCGTTCGCGCTCGATGCGCTGGATGACGCGGTTCCAATCGGTCACACTGGGCGTGCTCTCCATGAGCGCCGAGATCGGTTGATTCACGTCGATCTGCCCGTCGAAAATCAGCAGCGCCGACTGCACTTCACGCTGTTTCAGGCGGTACTCGCCGAAGCCCGGCGTGATCGGCAGCATGTCGAGCGGACGAAAATCACGCCCCGTGTTGTTGATGATGAACTCCTGCGGCGAGAAGCGCGTTTCGCCCTGTTCCTGTGCAAAAAAGCTCACGTACCAGATCGAGTAGCTCGGCAGCCGGTTCCGCTCCTTCACTGCGAGCAGGTCGCGATCCTTGCTGGTCACGAGCTCACGCAGCGACCGGTACGAGTCGGGAGACAGCAGCCGGATGATCCGCTCGTCGAGCGGGATGGCGCGCACTTGCAATCCGTTTGCCGGCGAGACTTTGAGCGCGATGTCGTCCTGACGCAGCGTGCCGAAGCCGGCGGGAATCCAGTTCGGATCGAGGGTGTCCCCCTGCGTGCCCGACTGACCGGCCGGCGGCATGACCGGCGGGACCTGCGCCACGATGGCGGACGTCGACGCGCAGGCGCCGACGACGCACACGAGCGCAGCCAACAGGGTGTGCTTCGCTGACAACATCACGTCGCCTCCGATTCAGACGGTTCGTCTGGCTGGTCCTCCGGAATCTTCCAGTCGGGCAGCGCCAGCAAGTCGATCAGTGCCGACGCCAGTTCATCGCGACCGAGGCCCGTGGTGGCACTGAACGGGACGATCTGATCGATGTCCAACCCGAGAAACTTCGAGAGCGTTTCGAGACGCGGCTTCACTTCGAGCTTGCGCAGCTTGTCAATCTTGGTCACCGCGAAGATCGTCGGCACTCCGAGATCGGCGAGGAAGTCGAGCATCGTGAGGTCGTCTTCGGTGGGATCATGGCGCACGTCGAGCAGTTGCACCACGCCCCGCAACAACGGGCTGTCCTTCAGATACCCTTCGATCAGCGGGCGCCACTCCGCCTTGCGCGCCTTCGAGATCTTCGCGTAGCCGTACCCCGGAAGGTCGGCCAGGCAGAACAACTTGTTCACGTTGAAGAAGTGAATCTCGCGCGTACGCCCCGGCGTGTTACTGACACGCGCAAATGATTTGCGACGCATGAGCCGATTGAGCAGCGACGACTTGCCCACGTTGGAGCGGCCGGCGAAGGCGATCTCCGGCAAGTCGGGGTCGGGACGCCATCCACCTTGCTTCGCCATCGGCCCGAGATACTCCAGGCTCTTGATGACCAACGGGTCGATGCGCGGCGCGACGACCGGCGTGCCGGCGTCGGCGACCAGGGGAGACGAATCGCTCACGTGGGGCGCTCCATCTCGGAATCGATCACCATCGCATCACTCACTTCGGGCAGGGGAGAACGCAGCGCCAACGCGAGCACTTCATCCATCGTGCGCACGGGATGCCACGTCACTTCGTTCCGGACATCTTCGGGCAGCTCCGCCAGATCCTTGGCGTTGCCCTGCGGCACGATCACATGCGAGATGTGATGACGGTGCGCAGCCACGCCCTTTTCACGTACGCCGCCAATAGGCAACACACGGCCCCGCAACGTGATCTCGCCCGTCATCGCCACGTCTCCACGCACGGGGATGCCCGTGAGTGCGCTGGTGAGTGCGGTGGCCAGCGCGATACCGGCCGACGGTCCGTCTTTCGGGGTCGCGCCGGCAGGCAAATGCACGTGAATATCGCGCGTGCGATGGAAGTCGGCTGGCAGCCCCATCGCATGCGCACGCGAGCGCACGTAGCTGAGCGCGGCGGCCGCTGATTCCTTGATCACATCCCCGAGCGTACCGGTGAGTTGCAAGCGTCCGCGTCCGGGCACGACACTCACTTCGATCTCGAGCAATTCGCCACCCACATGCGTGTAGGCGAGTCCCGACGCCACACCCACCTGATCGCGGAGGCCGCTCTCTTGTTCATCGTGCGGGGCTGGGCCCAGCATCGACGGCAGTTCGTCCTTGGTGATGACAACCTTCGCCTCCGGCGCGAGGGACCGGCGCGCGAGCTTTCGCGACAAGCGCGCGATGCGACGGTCGAGATCGCGTACACCGGCTTCACGCGTCCATCCACGGATCAGCGCCGAAAGCACGTTCGGTTCGAGCGTGACCTGTTCCGGCGGAATGCCATGCGCCGCCAACTGGCGCGGCAACAGGAAGCGACGGGCGATCGTGATCTTTTCCGGCTCGAGGTAGCCCGGCAACCGGATGATCTCCATGCGATCGCGCAGCGCCTCGGGAATCGACGCCAGCGAGTTGGCCGTCGTCAGGAACAGCACCTGCGACAGATCGTAGTCGACTTCGAGGAAATGATCGTTGAACGCGTGATGCTGTTCTGGATCGAGGACCTCGAGCAGCGCGGCCGCCGGATCACCGCGCCAGTCGCTGCCGAGCTTGTCGACTTCGTCGAGCAGAATAACCGGGTTGATCGTTTCCGCGCGCCGCATCGCCTGAATGATACGACCGGGCAGGGCGCCGATGTACGTGCGTCGGTGACCGCGAATTTCCGCTTCGTCGCGTACACCGCCGAGCGCCATACGCACGAACTTGCGGCCGAGCGCATGCGCGATGGATTTGCCGAGTGATGTCTTGCCGACGCCGGGCGGACCGACCAGGCAGAGAATAGGGCCGGGCAGGTGACCGACGCGGCCAAGCACCGCGATGTAATCGAGGATGCGTTCCTTCACTTCCTCGAGGCCGTAATGATCGGCTTCGAGCACCGAGCGCGCGTGATCGAGATCGATGGTGTCGTCGGAGCGTGCGGTCCACGGCAGATTGAGCGCCCAGTCGAGCCAACCACGGGTCACCGTGGCATCGGGCGACATGGGCGAGCTGCGCTTGAGCTTTCGCAGTTCACGATGCGCCCGCGTGGCCACGGCCAGCGGCAATCCGCGCTCGACGACCTGCGTGGAGAGGTCCTCGAACTCATCGCCGTCTTCCTGCCCGAGTTCCTTGTGAATCGCGCGCAGCTGCTCCTGCAGGTAGAACTCGCGCTGATTCTGAAAGAGCGATCCGCGCACCTGTTCATCGAGCTTCTTCTCGAGCTTGAGTAGCTCGAGTTCGCTGCCAAGCACCGTGACGAGCTGGGACGCCAGCTCGGCCAGCGTGGGCGCCTCGAGCAGGCGCTGCCGCTGTTCGATGGGCACCTGCAAATGGGCGGCGATGCCGAAGGCAATGCGCTGTTCATCGTCGAGCGCCTGCAGCAGCCCGACGACCTCGGGAGGCAGACGCCGCTGGAGGCTGGCGTACTCCTCGAACATGGTGAGCGCGTGCCGCAGCGTGGCGTGCGCCTGGTCGCGCGGAACCGATTTCGCGCTGATCGGGCGTAACGGCAACGGCGTGACGCGCGCCTCGAGCAAGGCACTGCTGCGCGAGGACGT
NZ_CP053085.1_gap14	733557	737183	3626	ACGCGATTGCCTGTGCGTCGATCGTGGCCAAAGTGACCCGTGACCGGCTCATGCACGCGCTCGCGGCGCGACACGACGGCTACGCGTGGGAGCGGAACAGCGGCTACGGTACCGCTGCGCACCGAGCCGCGCTCGACGAACGCGGGCTTACGCCGCATCATCGTCGTAGCTTCTGTCTCGACGAGCAGGTATCCCTGCTGCTCGACGCGATGACCCCCGATGACCTCGGTGTCCCCTCACACGGCCTTTACACGGAGTAGGTACATGAACGATGCGACTGGTGGGTCCGATCTCGCGAGCGTGGCGTCCATCTTCCGGCCCGGGCTGCTCGACGGACAGGTCGCGCTGGTCACCGGTGGCGGCACCGGTATTGGTCTCGGTATTTCGCAACTGCTTGCCGAGCTCGGCGCGCATGTGGTGATGGCCAGCCGCAAACCGGCGAACCTCGAAGCGGCGCGCGCCGACATCGAATCGCGCGGTGGCAAGGTCAGCGCCGTGCAGCTCGACGTGCGCGATCCGGAGCAGGTGAAGGCCGCGGTCGACGGCATCGCACAGCAGCTGGGGCGTATCGACGTGCTCGTGAACAACGCGGCCGGCAACTTCTACGCACCGAGTGCGACGCTGTCGCCGAATGCGTGGAAGAGTGTGGTCGAGATCGATCTCTACGGTACGTTCTACTGCTCGCAGGCGGTGTATCCGATCATGGCGGCGCAAGGCGGCGGCCGCATCGTGAGCACGTCGATGACGTTGCACTATCGCGGCTGGCCCATGATGGCACACGCGACCGCCGCGAAGGCCGGTGTTGATGCGCTCACGCGTACGCTCGCGGTGGAGTGGGCGCCGCAGCGTATTCGCGTGAATGCGATCGCACCTGGGCCTATCCCCACCGAAGGCGTGCGCAAGGCGTTCACGCCGCCGGCCGACAGCGGCGTGCCTGACGTATTCGCCGCCGCCGATGCGCGCATGGCCGAGTACGCGAAGAAGGGGATTCCACTCGGGCGATGGGGCTCGCCGCGCGACATCGCGAACATGGTTGCGTTTCTCGCATCACCGGCAGGCGATTGGATTACGGGATCGATCTTCGTGATCGACGGCGGCGAGTGGCTCGCGAAAGCACCAAGCTGAAGCACCACCTGACGCCCGGATCGTGTCAACCGCTTCATGTGCTCGGTGACGCCGCACACGACGACGGCAAAGTGGTACGAAATGTGTGATATGAGGCACTTCGAAAGTCGCGCTGTATGGCGAGGTTCATCTCGTGGTTCGCGTTATGCATGAAGCATAGATCGCGAGCCCGATGGATAGACGTCGATACTCGAGTTTCACCTCACGACTGGACAAGGAGACTTCATGCGACAGGTAAAGTATGTGGCGATGGTTGCGCTCGCGGCGAGCACGTTGGGCGCCTGTGCCACGAAAGGCTTCGTGCGTAAGGGACTCGAAGAACAGCGCGTTGCGCTGAGCACTGAGAAGACCGAGCGCGTCGCTGGTGATGACGCGCTGCGCACGGATGTGAACGGTCTGCGCACGGATCTCAACGCGCTGCGGAACGACCTGACCACGATGCGTACCGAGTTCGGCGCCAAGATCACGGCCATGGAAGGACAGGTGAAGTTCGCGATGCCCGTGCACTTCGCGTTCGATGACGCTGCGGTGCGGCAGGACGATCAGGCCGCGCTCGAAAAATTCGCGCAGGTTGCCAACCAGCATTACAAGGGCGCGACGATTACGATCGAAGGTTTCGCTGATCCGGCCGGTTCGGCGGACTACAACCTGCGTCTCTCGCGTGAGCGGGCCGATGCGGTTCGTGACTACCTCGTGACGAAGGGCCTTGATGGTACGGCGCTGCGCACGGTAGGTTATGGCAAGACGCGTCTGGTTCGCCCGGGCGCACAGGGCACTGCCGATGGAGCCGAACTCAATCGTCGCGTGACCTTCGTCATCGAGACGCCGGCTGGTGCCGCTACGGTGGCTGCCTTGTCGGGCATGAACTGAATCGGATGACGTTGGTGTAGGACAACGCGATGGCCGGCTCTTTTCGGAGAGCCGGCCATCGTTGCGTTTCTGACCGGGAGCTTCGCGTTGCTGCTGTCATCGGTACCTTCGCTGTCCGATCGCCTGACGGCCGAAGGCGAGGCCAATGCCCTCCACGCGCTGGGCGAGGTATCGCTCCCGCCACGCCTGCGCGCGGACGCCGCCACGAGTGTTCTCGACATCACGGAGTGGTTTGGCGAGACGAGCGGTGGCATACGCACGTATCTGCTCGAGAAAGCGCGCTACGTAGATGCGCGCCCGTGGTTGCGTCAGACGATCGTCGTGCCGGGCCATCGCGATCGCGTGGTAGACGGCGATGGCGTGCGCTTGTATCGCTTGCGCGGACCACACATCCCGGGACAGCGTCCCTATCGATTCATGCTGGCCACGCGCAGCGTCTCGCGCGTACTGCGCCACGAGCGGCCCGATCTGATCGAAGTCGGCAGTCCGTTCATCATTCCGTGGATTACCAAGGCAACCGCCCAGTCGCTCGACATCCCCATGGTGTGTTTCGCGCACACCGATGTGCCACGACAATTCGCGCCGAACGCCGAGCGCGATGGCACGCTCCGACGCGCACTTGCGCGCGCCTCCGCGTGGTACCTGCGCCGGCTCGACCGACTCTTTCCGCTCACGATTGTAGCCTCCGATTATGCGGCGACAGAGCTCGCTCGGATCGGGATCGACCGCGTGGCCAAGGTCCCGCTCGGCGTCGATCTCGAACGGTTCTCGCCGGAACGACGCGAGCGCGCACGAGACACGCGCCGCCGATTCCAGTTGCCCGAGGGGCCGTTGGCGGCCTTCGTCGGCCGATTCGCTCGCGAGAAGGAACTGGGCGTGGTCCTGGATGCGTGGCGCGACGTTGAGCGTCGCTGTGGTGCGCGGCTGGTACTGGTCGGCGCGGGCCCGATGGAGTCGATGCTCAAGGCGCATCCGTACGGACACCGCGTCACGTTCATCCCATTTCTCCGCGATCGCGATGCGCTCGCCGATTTGCTCGCGGCGTTCGATCTTTATGTCGCGGCCGGCCCACTCGAAACCTTCGGACTGTCCGCCATCGAGGCGATGGCGTCGGGCACACCCGTCCTCACGGTGCGCCACGGCGCGGTCCTCGAGCATGTGCGCACGGGAGGCGGATCGTCGTACGAGCGCGGCAGCGCGGGATCTTTGGCCGATGAAGCGGTGCAGCTCTTTGCCTGCGATCTGTCGGCGCTTGGGGAACAGGCGCGCCGTCATGCGGAACGCGCGCATGCCTGGGATACGGTGTTCGACCGTCTGTTTGCCGTGTACCGCGGCGTGCTGGAGCGCTGAGTGATGCCGACAGACACGGGGGCCTCGGTGCGCGCCGACGGGCTGCGTCTCGCGCTGTTCACCGACACGTACGCGCCGCAGGTGAATGGTGTCGCGCGGACGTTGGAGCGCCTGGTCGCGGCCCTTGAGGCGCGGGGCGGGGTCGTGCGGGTATTCGCGCCCTTTGATCCCGAGGGGCAGGAACACGATGCGGTGGAGCGCTTCGGAAGTCGGGCATTCTGGGCATACCCGGAACTTCGGCTTTCATGGCCATCGTCGACGCGCGTGGAGCAGGCGCTGGC
NZ_CP053085.1_gap15	750130	753965	3835	ACTGTTTGGCGCGTGCATGCAACAGATGCGTCAACGCCTCAAGGGTATCGGTGAATGCACCGCGCGCACCGGCTACGCCCTGACGCGCCGCGGCTTTGATGCGTTCGGCCGTGCCGTCCGGTGTGGACGGTTGCAACGCGGCGTCGAGAATACGCCGCGCCGCCGTGAACGCCGCCGCCATCGATTCGCCAGCGAACAACTCGCCGGGTGCGCCATTCATCCGCGCCAGCGCTTCGTCGCGTGGAACGCGCGCGAGCTTGCGCACCACCACCGCGTCGTCGAGAAACGCGTCGATGTCAGCGCGGCTGAGGGTGGGCACGCGTATCGCGACCACGCGCGACTTGATGGTGGGAAGCAGATTGCCCGGCTCGCTGGTGGTCAGAATGATCGTCGTGCCCGGCGGCGGCTCCTCGAGCAGCTTGAGAAAGGCGTTAGCCGCCTGATCGGCGCCTTCCTGCGACACCATGCGCTCGGCGTCGCCGACCACGAACACCGCCCGGCGCGCCATCGCCGGGCGTAGCGACGCCTGATGCACCAGCGCGCGCACGGTGGCGACATAGAGCCCCTCCGTACCGATCGAGGGCGCCCACAGCCCCTCCGCCTCCATGCGCTCGGCGATGGCCTCGCTGTAGTCCGCCTTCACGTCATCCGGCGACGCGTCGCCATCCTTGAGACGCGGACGCGGAAAGAACCAGTGCAGGTCGGGGTGCATGCCGCGCACGGTGTATCGGCAGTGCTGGCAGTCGCCGCACGGTTCGTCGAGGCGTTCCGACAGCGCCCGCTCGCAGAGCAGGTATTGTCCGAGCCAAAGTCCGAGGCGCTGCTTGCCGACACCGCGGCGACCTTGCAGCATGATGCTGGCCGGCAGCCGGTCATCGGCGGCCGCCGCCGTGAGCCGATGCCGCAGGGCGGCATGTCCGTAGAGCGGGCGAAGCGACATGCGCGCAATATGCAGGGATCACGGTCCTCCCCGTCAGTCCGCCTTCATGACTCCGATGACTCAGTTTTCTGGTCGCAGCACCCGCCTCGTCGCCGTCGGGCTCGCGGTGGTCGCAGCGTCGGCACCGCTGGCCGCCCAACAGCGCGCCCGCGCCATCGGGTTGGCTCCCGGGGTCTTCGCGCCCGGTCCCAACAACGCCATCACCGATGTGGCCGGCGTGCGCGTCGGCCATGAGACGGTGACGCTCGGCGACTCCGTTCGAACGGGAGTTACCGCCATCATTCCACACGGGGGCGATCTCTATCGCGATCGCGTACCCGCGGCCCTGCATGTGGGCAATGGCTTCGGCAAGCTGCTCGGCGTCACCCAACTGCGGGAGTTGGGTGAGCTCGAGACTCCGGTGTTGCTCACGTGCACGCTGTGCATCTGGCAAGCGGGTGACGCGCTCGCCCAGTACATGCTGGCGAAGCCGGAGAACGCGAATGTGCGGTCGATCAACCCCGTCGTGGGTGAAACGAACGATGGGCAGCTCAATGCCACTCGGGCGCGGCCGGGTATAGCCGCGGCCGTGAACCGCGCACTGGCGAATGCCGACAGCGGACGGGTTGCGGAAGGCAGCGTCGGCGCCGGGCATGGTACCGTGATGTTCGGCTGGAAGGGCGGCATCGGCACGTCGTCGCGGAAGCTGCCCGCTTCCCTGGGCGGCTACACCGTTGGCGTGATCGTGCAGGGCAACTACGGCGGTGTGCTACAGATGGCCGGCGTGCCGGTTGGGCAGCTGTTGGGTCGTTACGCATTCCAGCGTGATGTGGAACGGGCGGCGGGCACTCCGCCGGGGGCGGGCGGCTTCGGCGACGCGGGCGCCGAGCAGGGTGACGGGTCGTGCATGATCGTGATCGCCACTGACGCGCCGGTGCTCTCCCGCAACCTCGAGCGGATGGGGGCCCGGGCGGTCATGGGGCTCGCGCGCACCGGCTCCAGTGCGTCGAACGGCTCCGGCGACTACGTGATTGCCTTCTCGACGTCGCCGCGCGTGCGTCGTTCGCCCGATGCGACGCTGTCCACGAACGACGAACTGGGGAACGAAGCCATGTCGGCGCTGTTTCAAGCGGTGACGGAAGCGACGGAGGAAGCGTTGTACGACGCGCTGCTGATGGCGACCCCGGTCTCGACGCGGGCCGGACGCGTGAACCCATTGCCACGCGATTCCGTGCGCGTGCTGCTGCAAGCCCGCGGTATTCGCGCCCCTCGATAACGGACACGATCATGGATTCGGCCTCTCTCCGCATGACCACGGCTGACCGTAGCCGTGTCGACTCGCGCTCGACGACACGCGCACTCCCGTGGCAGCTGGCGGCGGTGGTGTTTGCAGCCACCAGTGTGATCGTGGGTCTCATCTGGGATATCTCGTGGCACATGACGATCGGCCGCGACACGTTCTGGACGCCGGCCCATCTGGCGATCTACACCGGCGGGGCGGTCGCCGGGCTGGCCTGCGGCTTCGAAGTCTTGCGTCGCTCATTCTTCACGAAAGGCGCGCCCGACGACGGGGTCACCGTGTGGCGCCTGTTCAACGGGCCGCTGGGTGGATGGCTCTGTATCTGGGGGGCGGTCGCGATGCTGACGTCGGCGCCGTTCGATGACTGGTGGCACGCCGCCTACGGACTCGACGTCAAGATCATCAGCCCGCCGCATGCCCTGCTGGCGTTGGGCTTCATCACGATTCTCGGCGGCGCGCTGATCATGGCGGTGGCGGAGCAGGGACGCGAAGCAGATCGGAGCGCCGATCGCGCCGCGGAGGCATCGGGAGTGGCGCCGTACATCGTGGCCTACACGGGTGGACTGGTGCTCGCGATGCTGTCGATCTTCACGACCGAGTATCACGATCGCGAAGCGATGCACCTTGGCAGCTTCTACGTGGTCTCGGCCCTCGTGTTTCCGTTCGCACTCGTGGCGGCTGCGCGCAGTACGCGGCTTCGATTCGGCGCGACGGCCACGGCGCTCGTCTACACGCTCGTCATGTGTGCGCAGGCCTGGGTCCTGCCATTGTTCGAGGGATCTCCCAAGCTCGGACCGATCCGCACCGCCGTCACCCATATGGTGTCGTTGGACTTCCCGCTGCTGCTGTTGCTCCCGGCCATCGGTATCGACCTGCTCATGCCGCGTCTTCGTGAACGTCATGCGTGGGTGCAGGCCGCCGCGTTGGGTGTGCTGTTCCTGGCGGTGCATGCGGTGACGCAGTGGCCGTTCGCGAACTTTCTCGTGAGCGATGCGTCGCGGAACTGGTTCTTCAACACCGACAATATTCCCTACATGATGCCGCCGGACTGGCTGCGCCCCATGCGCCAGTTCGCCATCGAGCCGATCTCGCGCACGGTGAGCGCATTCGGGTTGGCGTGCCTGATTGCGGTGTTGTCGGCGCGTGTCGGACTCGGCTGGGGCGACTGGCTACGCTCGGTGCGCCGGTGACGCGCGTTCGTTCGGTGCGCACCATCGCGCGGTTGTCGCGAATGGGTGCTCGGCTCACGCTGCTCAGCAGCGCGCTGTTGGCGTTCGTGCTCCTGTCGGCGCATGTGGGCACCAATCAGGTCGTGTTCGAAGGACAGGCCGGCGGCTATCCCGTACGCGTGCTGATCAATCCGCCCGGAGTGGTCCCGGCTCAGGTGCCCATTGCGGTGCGTGTGCTGAGCGGAACGCCTTCGCGCGTCACAGTGCGTGCGGCGCAATGGAACGTGGGCACGAAAGGCGCGCCACCGGCGGAAGACGCCGCGATCGTGCCCGGCGATCCCGGTGTGTGGGCGCACGACCTGTGGATCATGACGGCCAGCATCTACGCGGTGTACGTCGCCGTCGAGGGTCCGGCGGGCAACGGAACGGTGGTGGTGCCGATGCAAA
NZ_CP053085.1_gap16	757423	760938	3515	GAGGCCGATCGACAATCGTACGAGATCGGGCGTCACTCCGGCGGCGCGCCGTTCCGTCTCGCCAAGCTGCTCGTGCGTGGTCGTCCACGGATGGATCACGAGGCTCTTCGCATCACCGACGTTGGCCAGCAGCGAGAACAGCTTGGCCTCCACGATGAAGCGTCGCGCCGCGGCTTCGCCGCCGCGCACACCGAAGGTGAGCACTCCACCGAAGCCACCCTTGAGATGCGCCACCGCCTGCGTGTGTGTGGGATGCGAGGCGAGTCCCGGATAGCGCACCCACGACACCGAGGGATGCGACTGCAGAAATTCGGCGACCTTGAGTGCATTGGCGCTGTGCTGACGGATGCGCAGCGGAAGCGTTTCGAGTCCCTGCAGGAACAGGAAGGCGTTGAACGGCGACAGCGCCGCGCCGATGTCGCGCAGCAGCAGTACCCGCAGGCGCACGGCGAACGCGATGTTCGCGCCGTTCACATTGCCGAAGGCCTCGGAGAAGCGAAGGCCGTGGTACGCCGGCTCGGGATCGTTGAAGAATTTCCGAAACCGTGCGGTGGCGCCCCAGTCGAAGCGGCCGCTGTCGACGATCACGCCGCCGATCGACGTGCCATGTCCGCCGATCCACTTCGTCGCGCTGTGCAGCACGATGTCGGCACCATGATCGATTGGACGCGTGATGATCGGCGCGAACGTATTGTCCACCACCAGCGGTACGTTGTACTCGTGCACCAGCTTGGCCAACGCGGTGAGATCGGGCACGTCGAGCGCCGGGTTGCCCACGGTTTCCACGTACACGGCCTTGGTGTTTTCGTCGATCGCCGCGGCAACGGCCTTGTGATCGTGAATGTCCACGAAGCGCGTGCGAATGCCGAGGCGAGGGAGCGTATGGGTGAGCAGGCTGACGGTACCGCCATACAACGACTGTGACGCCACGATGTTGTCGCCGGCCTCGGCGAGGTTCAGCAGCGCCAGCGTCTGTGCGGCCTGGCCGCTCGCGACGGCTACCGCCGCCACGCCACCCTCGAGCGCGGCAATGCGCTGCTCGAACACGTCGGTGGTCGGATTGTTGATGCGCGTGTAGATGTTGCCGAAGGCGCGGAGACCGAACAGATCGGCGGCGTGTTCGGGGCTGTCGAACACGAAGGAACTCGTTTGATAGATCGGCACGGCGCGGGCGCCGGTGGCACCGTCGGGCTTTTCCTGGCCCACGTGCAGGGCGAGCGTGTCGACGGCCTGCTGACGGGGTGCAGAAGTGGTGGAATCGGACATCGTGGCACTCTCCAAATTGGGTGAGTGCCGCCCAACAACACGAACGCGCCCGGGCGGATAGATGGCCGCCGGGCGCTATCGCAGTTTAGCTCCTTGTTTTACGTGGCGGCAATCGGCGGCAAATCACCACGGAAGCGACACCGGCGAATGCCGATGGCCCTTCACCTTCAGTTTTTCTGTTCGAATCTCGAGGATCGACTGCCTGAAACGACTGACGGCCATCGCCGATTTCTCGTCGAAGGCCGTCAGGACCTCGACTTAGACGGATAGTCAGTGCCACAGGCACTGAGTGCGCGGCCCGTCAAATCGGGGAAACCGCCGCGCACACGTCAGTATCGTCCGATTCCGCGAAATCTGCAACCCCCTGCGCGCCGCAATGCTTCAGGTCGGCTCGACGCCGGCAATGACGCGGAAGGTGTCGCGAGCGATCAACAGCTCTTCGTCGGTGGGCACCACCCACGCCGCGAGCGGGGACTCGTCGGTCGAGAAACGTCCCTCGCGACCATGTGTGAGCGCCTCGTTCGCCGTCGGGTCGACGTGCAGTCCGGCCCACTGCAGGCCGTCGCAGATCTGTCGGCGGATCTCGGGCGAGTTCTCTCCGACGCCGCCGGCAAACACGATGGCGTCGGCGCCCCCCATCGCGGCGAGATACGAGCCCACATACTTTCGCGCGCGATAGCAAAAAATGTCGATGGCCAGCTTCGCGCGACGATCCTGATGCTCGTCCGCTTCGGCGAGCAGATCGCGCATATCGTTGGTGAGGCCGGAAATGCCGAGCAGTCCCGACTGGTTGTTCAGCAGCGCTTCGACCTGCGGCAGCGTGAGCCCTTCTTTCGCCGCGATGTAGTCCAGCAGTGCGGCGTCGATGTCACCGGAGCGTGTGCCCATCACGAGTCCTTCCAGCGGCGTAAAGCCCATGCTCGTGTCGATCGATGCGCCGCCCTTGATCGCGCAGGCTGAGCAGCCGTTGCCAAGATGCAGCGTCACGATGCGCACATCGGCGCGGTCGCGGCCGGTCAGTGTGCGCCAGCGATAGGCGATGGAACGGTGCGACGTGCCATGAAAGCCGTAGCGACGCACTTTGTGCCGACGGTAGAGCGGGTACGGAATCGCGTACAGGTAGGCGTGTTCCGGCAACGTGTGATGAAATGCCGTGTCGAACACCGCTACCTGCGGCACACCGCTGCCGAGCGCCGCACGCGCCGCTTCGATGCCGCGGAGGTTGTGCGGATTGTGCAGCGGCGCGAGTTCGATCGTTTCCTCGATGCCGTGCAATACACTGCTGTCGATCGCGACGCTGCTGCGGAATCGCTCGCCGCCATGGACCACACGATGACCCACCGCGTGCAGTTCGCCGCGGCTGGTGAGGCCGGTACCGCTCTCTTCCGACGTGACGAACCCTACCAGCCAGTCGACTGCCGCGCGCAAATCGCGCAGCGATGCTGTGCGCTTGCGCGAGACACCGTCGGCACCGCGAATCGTGATGATCGACTCGCCGCCTATGCGCTCGATCTGACCGCGGATCAGGCGCTCGTCACGGTCAGTATTGATCCGATCCGCGTCGGTGACGACCACCTGAAATTTCAGGGTCGCCGAGCCCACGTTGAGCACGAGAATGTTCACGGCTGCACGCGTTCGTGGGGAACGGAGATCGGAAGGGCAGGGTGCACTAGAACGGCTTGTACAGCGCCATGTACACCGCCAAGCCGGCCAGCAGCGGGAGCACGAGCAAGAACGGCTTGGCCAGTCCCGGCTTGCGGTACGGCAGCAGTACCACGGCGCTGAGGATCACCCACACGATGATCTTGACCCATAACCATCCCGGAAAATTGGTGCCGTGCATGAATCCGAGTCGGGCCAGCATGCCGAACCCGCCCACAAGGATCAGCAGGGCACCGAGGCCGTGAATCGAACCGATCAACGGGCGCGTGGAACTCGTACCCTTGGAGCCCCCGTTCGCTGCATGCGTCGCCACGCCACCGATGGCGACGAACAGCATGGCGATGCCGATGACGTGCAGAATTTCGTAGAAGTCGCGCGGAAACATGTGGGGGTCAGTTAGTGGAGCGAGCGAGCACGGGCTCGTGCACATCGAAGCTCGCGATCGTTTCCGGCGACAGGCGCCGGTAGCTCTCGAGTACGCGCCCGAGGGCCTGCTGGGCGCTCTCGCCGACCGCTGAGAGATGGCCCATCTTGCGGCCGCCGCGCGCGCCGGCCTTGCCATACAAATGCAAGCGACTGCCGGGTAC
NZ_CP053085.1_gap17	789894	793205	3311	CCCACGTGCTGCGCGGGTTCAGCACGTCGCTCGGCACGCCATCGATGGCATTGGGCAGGTGCAATCCAAAGATCGGATCAGCGGCGAAGCTCGCGTTGGCCAACGAGCCGTCGAGCGCCGCACGCACCATCGTGCGCGTGTAGCTCAGCTTCATGCGCTGACCAACGCCGTATGCGCCGCCGCTCCAGCCGGTGTTCACCAGCCACACCTGCGAGCCGTGCGTACGCAGCAGTTCGCCCAGCATCTCGGCGTACTTCGTGGGGTGCCACACCAGGAACACGGCGCCGAAGCAGGCCGAGAACGTGGCCTGAGGCTCCGTGACGCCGCGCTCGGTGCCGGCCACCTTGGCTGTGTAGCCCGACAGGAAGTAGTACATCGCCTGCTCGGGCGTGAGCTTGGCAATCGGCGGCAACACACCGAAGGCGTCGGCGGTGAGGAACACCACGTTCTTCGGGTGTCCACCGCGGCCGCTCGGCACGTGGTTCTTGATGTAATGGAGCGGATACGACGCGCGCGTGTTTTCGGTGATCGACTGATTGGCGAAGTCCACCGAACGCGACGGCTCGTTGAGCACGACGTTCTCGAGCACCGTGCCGAACATCTGCGTGGTCTGATAGATGTCGGGCTCGTTCTCGGGCGACAGGTTGATCACCTTCGCGTAGCAGCCACCTTCGAAGTTGAACGTGCCTTCGGACGACCAGCCATGCTCGTCGTCGCCGATGAGACCGCGCGTGGGGTCGGCCGAGAGCGTCGTCTTGCCCGTGCCCGACAGACCGAAGAACAGCGCCGTGTCGCCGGCGGGGCCGATGTTGGCCGAGCAGTGCATCGAGAGCACACCCTGCTTCGGCAGCAGGTAGTTCATGACCGTGAACATCGACTTCTTGAGCTCACCGGCATAGCGCGTGCCGCCAATGAGGATCGTCCGCTCGGCGATGTTGAGCACGATGAACGTGGTCGTGCGCGTGCCGTGCTTTGCCGGGTCGGCCTGGAATTCCGGTGCGTGATACACCGTGAAGTTCGGCGCAAACGTGGCCAGCTCTTCGACCGCCGGGCGGATGAACATGTTGCGCACGAACGACGCGTGCCACGCATTGGGCAGCACGTACCGCACGCTGAGACGCGTGGCCGGATCGGCGCCGCAATACAGGTCCTGCACGAACAGTTCGGGCAGCGTGTTCAGATACTGCTTCACATCGGCTTTCAGCGCTTCGTAGTGCGCCTGCGCCATGGGCTGATTCACCTTGCCCCAGTCGACATCGGCCTCACTCGACGACTCCTGCACCACGAACTTGTCGTTCGGCGAACGGCCCGTGTGCGGCGACGTGACCGCCACGAACGGCCCCATTTCAGCCAACCGCCCCTCGCCACGACGGATCGCCGCCTCGACGAGTTCGGAAGCGACGAAGTTCCAGTGAACCTCGCCGCTCGGTTTGAGGCCCTGGGGAGCGAGGCCTTCAAGGCTCTCGCGACGAACGGCAGCGGACGGGGTGACCTGTGTCGCCATGGTGCGACCCTCACGGAAAACGGACGGCGGGACAGGCGCAGTCGAGCGCGCACGGTGCAGCGCTTGACCTGTCCTGCGGGAGGTATGCTTCAGAGATGTGAAACTGCGAGCGACTGGTTCGGCCTTCATTCGGTCGAGCAGCGAACCGAGAATGAAACATGACGGACGAGGCCCGCTGGCTCAAGCGGATTTGCCCCTTTTCCTGCATGAATTCTCAGTACGGTTGCATGGCACCTGCCCGCGTCAGAGCGTAATGTCGGCCGCTCGCCCCAGGAGATTTCGCAGCGTGTTGCGATCGCGATCGGTGGGTGCGCTCACGGTCGGTCGCGTGTACATCACGTCGGTGGTTTGCGGACTATGGCCACCGATACCCACGGCGTGCCCCATCTCGTGCGCCACGAGCGCATCGAGCGACGCCTGCGTCGCGGTCGTGGACATGTCCACGCGAATCACGATCGCTGCGCTCAGCACGGATGAGGCAATCGGGCGCAGACGTTCGGCCCGACCATTGACCGCACAGAAATACGTATAGCCCGCTGCACCTGACGGGTTGAACGGGCATGAGCCGGTCACCACGGGTTGCGCCAGGCTGCGGTCGTATACAATCACATCAGCTACATCGCGGTTCGTCACGACTTCGAGCGTGAACTCACGGACCTGCGGTACGGCGTTCCACGCCACCACCGCGCGCTGCGTCGCAAGCGCCACACTCACGCTGCTCGCCGGTATCGGCTCCACGAACACGCGCACCTTGGCGCCTGTGGTCCAGCGGTACAGCAGGCCCCCCGTAAGCTCGGTAGGATCGTATGCGAAATCCGGTCGGACCGCCGTGGGATTGTCGCAGGCGGCGGCGAGCAGGGCGATGCCGATGAGATGCCGGCCGGCGTGGAACCGACAGCGGGATGCGTGTGATCGAGCGCGAGGGCGGAACATTTGTGAAAGCTGTCTGTCAGACGCCGGATCTTCCATAGCCCGTTGCGTCGTTTTCCCGGAACCGACACGTTACAGAGATGGCTCGCACGCGCTCCCCACTGCTCACGCGCTTCCTGTTCCTGTTGGCCTGGTTTCAGGTCATGGGGCCGGCCGTGTCGTCGGTGGCCGACGCCTGGCGACTCGACAAGCGCGAAGCGTACGTGCACATGGAGTCGGAGACGGGACCCGGCTGCGTGCTCGTGCATGGGCACGACTGTCTCCTGTGCAGTGTGGCGACCGGCCCGAACGGCACGTCAACGAGCGCGCCGCGCACCCCCATCGTTACCGCGCGCGTCATCGCGCCCGTCAGCCTCGAAGCCCCGCGTCGCGAGGGTGTCGGTCGCGGCACTGCTTCTCAGCGTGCTCCTCCGATGATGTCGGTCTGAGTTGTCGGCCATGCCACGTGCATGGCCCCGGACCATGCGATCGCGTCATCTACGCGTCGCGCACATCACATTTCTGGAGTTGTCATGCTGCCGAACTTTTCGCGCCGCGACGTCGCCTCGGCGACCGTCGCGCGTCCGGCCGCGGGCCGTCGTATCAGCCCGCGGACCGTCTTCTCGCTGTTCACCCCTCTGGTGGTAGCCGCGCTCGCGATCGCGAGTGTCCCGACGCGCGGTGAGGCTGCCTCGCTGGCGCCGACCGCCGCCTCCGAGGCCGTGGTGAATGGCATCGTCAAAGACACGGCCGGAGCGCCGCTGTCGAACGTTCAGGTCGTGGTCAGCGGCGCGAACCGCAATGCGCTCACCGACGAGCGGGGTCGCTTCGCCATCGAGGGATTGCCGCCGGGCGTGTATCACCTCGACTTCATTCGCATCGGCTACTCCGCCGCGCA
NZ_CP053085.1_gap18	941751	946594	4843	GCGAGGTCGCATTCGTCCTTCAACAACTGCAGCACCTGCTTCGCGCCTGGCTGGCCGTTCACCGCGAGCCCCCAGAGCACCGGGCGTCCAAGGAGGACGGCCTGGGCACCCATGGCGAGCGCCTTGATCACATCGGTGCCTCGGCGAATGCCACCGTCCACGAGCACGGTGCCGCGCCCGCGAAGGGCGTCGGCCACCCCGGGTAACGCGCGGGCGGTGGGGATCGCGGTGTCGAGCTGACGGCCGCCGTGGTTGGATACGATCACGCCGGCCGCGCCGTGCTCGATGGCCAGCACCGCATCGTCGCCTCGGACGACGCCCTTCACCAGAATAGGGAGCGTCGTAATCGACCGCAGCCAGGCGAGGTCGCGCCACGCGATCGACGGATCCCAGTGTCGATCGAAGAACTCCGCCAGCGCCGAGATCTGCGACCCAGTTACATCACGATCAGCGGCGAGCGTGTCACGCAGCGTTACCCCGAGATTGGGCACCGGCACGTCCGGCGGCAGGTGAAGGCCGTTGAGGAGATCGCGCTCCCGCCTTCCCAGGAGCGGCGCGTCAACGGCCAGTACGAGTGCCGTGCACCCCGCGCGCTCGGCCCGCCGCACGAGCTCCGCCGTTACGCCGCGATCGCGATAGATGTAGAGCTGAAACCAGAGGGGACCCGACGTGCCGGCGCGCACGGCCTCGATCGTCCGGTTCGACAGCGTCGAGAGAATCATACCCGCGCCCGTCGCCTCCGCCGCCATCGCCGTGGCGACCTCGCCGTCCGCATGCGCGAGCTGCTGGAACGCCATCGGGGCCACGAACACGGGCCAATCGAGGGTGTGCCCAAGGACTTCGGTGCGCTGTGAGCGCTCGGAGACGTCCCGCAGCACCCGATATCGCAGGGTGATGTCATTCCAGGCCGCGTGTGCCGCGCCCAGCGCCACCTCGTCGTTCGCGCCACCGGCGTAGTAGTCGTAGACCATGCGCGGCAGCACGTCGGCGGCAGCGGCCTCAAAATTGTGCAGATTGATCAGTGGCGTCGACGTGGGCATGCTTGAACATTGCACCGGTCGAGCCATTGCGCACGCGTCTCTTCATCAGGTCAGTGCCCCGTCCATGATTCACGCCCAGCACGATCCGGCGCTCGTTGTCCGCCTTGTCCGCCAGCTACCGCTGCACTACGCGGACGGCGCGGACCCCTCCGTTGATCGCCCAGCGCACGTGCGGGCTGGTTCCGGATTGGCGTGGGTTGGCGAGCGGCTCGCCATCGTGCAGGACGACGCCAACTTCATCGCCTTGGTTGATCCCGCGTCGGGTCATGCGACCGCCGTGGTGCTGCCAGCCGGCGAAAGCGGGGTGCGCCAGTTCGATACGGGTCGCGGCAACAAGAAGCAGAAGTTCGATCTTGAAGCACTGGTCAGCGTTGATTCCCCCGACGGCCCCTTCTTGCTGGCCATCGGCTCCGGGTCGTCCAAGCGCCGCGAGCGCATGGTCACGGTGAAGCGCGCTGGTGAAGCCGACGAAGCGCTGTCGCTCATCGCGGCGCCGGGACTTTACGATGTGCTGCGTCAGGCGACCGATTTCTCGGGGAGTGACATGAACATCGAAGGCGCGGTGTGCATCGGCGATGTGTTACGACTCTTCGGGCGCGGCAACGGGGAGGCGAGCAAACGCCATCTGCCCCTCGACGCCACCTGTGATCTGCACTGGCCCTCGGTACGGGATTATCTCGACGCGCCGGATAGCGTGGAGCCGCCCATGCCCCGGCGGTTGCGACAGTATTCCCTCGGCGAGGCCAACGGCGTGCGCCTGAGTTTCACCGACGCCACGGTCGCGTGGGGCGATCGGTCGGCGCAGCCGGTAGTGCTCTACACGGCCGCCGCCGAAGGCTCACCTGACTCCCGGCGCGACGGCGAGGTGGCCGGTAGCGCCATCGGCTTCCTCGACCCGCGTTGTGAGGGGACGGTGATGCGCTACGCGTTGTTACGCGACATGCAGGGTGAGCTGCTGCCGCTCAAGGTCGAGGGAATCGCCTGCGGTCGCGCCGACCAGCGCCAGGTCTTTGTGGTGCTCGATGTCGACAATCCCGACGCACCGTCGATGCTGTGCGAGTTGCGTCTGGAGGGTCCGTGGCCGTCGCTGGATACACCCGGATAGCGCTCAAGACGATTCGCTGATAGAACAGTGTAGCTCGACCTCCACTCCTCGCCCGCCCCCGACCATGCTTCGATTCCCGCTCGCGCTGCTGTTGGCCTGTTGTCCCGCCATCCTCCAGGCGCAGGCGCAGCCTGTGCCGATCACGACCGCCAAGCCGGGATGGAAGTGGACCATGGACAGTGTACACACCGTGGTCAACGAAGTCCGCGCCGGCCGCTCGCTGCAGCCGGCGGCGTGGCCGAATGGGTCGCGCGTCGCGGTGCTGCTCTCGTTCGACGTCGACAACGAGACGATCGCGATCCGCTACGGTGAGCCCACGGTGGGATCGTTGGCTGAGATGCAGTACGGCGCACGTGTAGGATTGCCGCGCATCATGCGCTTGCTCGACAAGCACGAGATTCCCGCGTCGTTCTTTATCCCCTCGGTGAGCCTGGCGATTACGCCATCGATGGCCGATCTGATCAAGAAGAGCGGTCGACATGAATTTGCCGTGCATGGTTGGATTCACGAGCTGAACATGACGCTCCCCGATTCGGCCGAACGCGCGTTGCTCGCGAAGGCCGTCGCCGAACTCACGGCGCTGACCGGGCAGAAGCCAACCGGCTACCGCGCACCGAGCTGGAATTTCAGTCCGAATACGTTGGCGATTCTTCGTGACATGGGCTTCCGCTACGAGAGCTCGCTCATGGCCGATGATGCACCCTACGAGTTGGTGCAACGCGGGCAACCCACCGGACTCGTGGAGTTGCCGGTGCAATGGATTCTCGACGATGCGCCGCTGTTCGATCCGCGCGGCGAGCGCTACATGAATCCGCGCGATGTCGCTCGCGTCTGGATGGACGAGTTCGACAAGGCGTACGAGGAGGGTACGATGTTCGTGCTCACGCTGCATCCCCATGTGTCGGGGCATCGCTCCCGTATTGTGGCCCTCGAGCTGCTGATCGCGCACATCCAGGCCAAAGGGGCCGGCAAGGTGTGGTGGGCCACGCACGCGGAGGTCGCCGAGTACGTGCGCAAGGCGTCGAAACTCGGCGAACCGAGGGCCCGATAGTGCGCGCCCTGCTTCGCTCGGCGACGTTGTCGCTCCTCGTCGGTGCCACGCCGGCGTTCGCGCAGCGCGTGGATTGGGCGAATACCAGTGGAGATCCCGGCGCTATGCGCTATGCGCCTCTGGCGGACATCGACCGCAACAATGTGGGTCGACTCAAGCTCGCCTGGCGGTGGAACACCGGCGAGCGCAGCGTGCGAGCCAGCGCGAATCAGAAGGCCGCGCGTCCCGGATTATTTCAGGCGTCACCGATCGTGCTCGGCGATACCATGTACGTCTCAACGCCGTACGCGGCGGTGGCCGCGCTCGACGCGCGCACCGGTCGCGAGTTGTGGAAGTTCGATCCGGAAATGTGGCGCACCGGACAGCCGTCGAACGGCACCGGTTTCGTGCACCGTGGCGTGGCCACGTGGGCATCGTCAACGCAGCGACGGATCTTCATCAATGCACGTTGGAAGTTGATCGCGCTCGATGCCGCCACGGGCAAACCCATCCCGTCGTTCGGCGTAAACGGCGAAGTCGATCTCACGAAAGAGCTTCGTCGCGCCGTGAACCAGTTGCAGTACACGAACACCTCTCCCCCGGTGGTCTATGGCGACCTGGTGATCGTGGGGAATGGCGTGGGCGATCGCATTCGCTATCGCAACGATCCGCCCGGCGACGTGCAAGCGTTCGATGTGAACACCGGCAAGCGCGTCTGGAGCTTTCACACGGTGCCCGATTCCGGCGAAGTCGGCTGGGACACCTGGGAAGACGGCTCGTACAAGTACATGGGGCACACCAACGTGTGGGCACCAATGAGCCTCGACGCGGCGCGTGGATTGTTGTTTCTGCCGGTGTCAACACCCACAAACGATTGGTATGGCGGCGATCGCAAGGGCGACAACCTTTTCGCCGAATCCGTCGTCGCGCTGAATGCCAAAACGGGCGCGCGCGTCTGGCACTATCAGATCGTGCATCACGGACTGTGGGACTACGATCTGCCGGCACCGCCGGTGCTAGCCACTATTACCTGGAACGGTAGGCCGCGCGATGTCGTGGCGGTTCCGTCGAAGACTGCATGGATCTACGTGTTCGACCGTGAGACCGGGGCGCCGATCTGGCCGATCGTGGAGCGCCCGGTGCCCAAGAGCGACGTGCCGGGGGAGCGTGCCGCACTGACCCAGCCGATGCCGACCAATCCCGCCCCGTTTACCCGCCAAACGGTGAGCGAGAACGATCTCATTGATTTCACGCCGGAGCTCAGGCGTCGCGCGCTCGAGGTGTTCTCGAAGTATCGCAGCGGTCCGATTTTCACACCGCCCTCGCTCGAAGGCACGATCGTGATGCCGGGCTCGATCGGCGGGGCAGGCTGGGGCAGCACGTCGTACGATCCCGAATCGCACACGCTGTACGTGAAGGGCACCGACAACCCGGTCGTCTATCGGGTGCAGAAGGGCGTGCCGAATGACACCATCGGATTCGAGTATACCGTCGATTTGGTGCGCAGCGGACTTGGCGTAACGGCCGATCCCGACTCGGGAAAAGCTGATCATGCGCCGCCCGAGCAGCTGCCGTTGATCAAGCCGCCATATGGCACCATGACCGCGATCAACCTCGACACCGGCAAGCGACGCTGGCAGGTGACCCTCGGCGATACACCGGCGATCC
NZ_CP053085.1_gap19	989190	992757	3567	CTCGATCAGCGTCTCTACGAGGGCGGTGGGTGACACCAGCCCTCGCGCGATCTGCGCATCCAGCGCATCGATGCGCGTGCCCTCCATGAACTCGAGCACGAGCACGTCGCGTCGAGTGAGCGCTGTTTCCACCCGCGGAATACGCAGGCGAGGCTCATCCGAAAAGCGCTCGCGCATGCGCATGCACTGCATCGCTTCGCGTTCGAAGTCCATCTCCTCGCGTACGTGCAGATCGAACTCGTCGAGCACCACGCGAAAGCCGAGCACATGGTGGTGTGGAAAGCGCGCATAGACGGCGTTCACGATCGCCCGCGCCAAGCGGACGTCGCGCACGACGACCGCTTCCACGTTGGGGCGGAGCACCTTCACCACGACATCGCGCCCCTGATAGCGCGCGCGGTGCACCTGTCCCAGCGAACCGGCCGCTAGCGGCTCCGGGTCGAGATGGTCGACGATGCGGTCGGGATCGGCCTGCCACGCGTGCTGCAGCGCCGCACGGATCTGCGTCCACGGTACCGGCGGTACGCGATCGGTCAATGTGCCGAGGGCGGCGAGATACGGCTCCGGCACGAGGTCGGCTCGAGTCGCAAAAATCTGCGCGAGTTTGACGAACGCCGGACCGAGCACTGCAATCTCGTGCACCATACGGCGGGCGCGGCGTTCGTGGAACGCCGGCGTGCGAGCCACGGGTCCTCCCCAACGAACCCAGCGGCGACGGTCGCGAAAAAACGACACGACGAGCGGCACCAATCGCCAGAGAATGACGACCAGCCGCGGCAGGTCACGCCACGGCATGCGCCATCGTGTTACGGATGATCTGGTCGGCATCGAGCCCGGTCAGGCGCGACGTCGTCGTCCAGAGCTGCTCGGCGCGGGCGTCGTCGCGCGCGGTGCGAGAGGGACTCACACGGCGTCGCTTCACCCAATAGTCGCCCGACCCCTCAAGTGCCTCCGGCGCCGAGGAAAGCCACACCAGCGTGTCGGCCCCCTGAGACGGCGTGACTGATACCACGTCCATGACACGGCGGAGTAGGCGCCCCATCCGCCCGTTGTTTGTGGCAAACCGGGTGCTGACGACGCCGGGATGCAGCGCGTGCGTCACGACGCGTGAGGGATCGCAACGCCGTGCAAGCGCGCGTGTGAACCAGATGTTGTAGAGCTTTGAATTGGCATACTGCTTCCATCCGCCGAAGCGGCGCTCCAACTGCAGATCGTCGAGCGACGGATTCGCGTTCTCGTGCGCTCGACTGGACACGCTCAAGACGCGCGCTGGCGCGCCGGGTCGCGACGCCGCCACCAAGGGCGCCAGGAGCCTCAGCGTCAGGGTGAAGTAGCTCAGGTGGTTCAGCGCAAAGGTTCGCTCGAAGCCGTCGGGTGTCACCTCCCGATCCAGAAACATGGCGCCGGCATTGTTGGCCAGGACGTCAATGCGGGGCAAGCGGGCCAGCAAACGGTCGGCCACGTCGTGGACCGCCTCCTGACGCGACAGGTCGGCGATTTCCCAGGTGATCGCTCGCTGGTCACCGGCAGTGCCGGACACCGCGCCAACCTCGCTCATGATCGAACGCGCCGCGGCTGCCGTTTTTGCCTCGTTGCGCCCGATCATCACCACCGATGCGCCGGCGGCCACATACGCGCGCACGGCCGCTTTGCCGATGCCATCGCTGGCGCCGGTCACGACGACGGTCTTGCCCGCGAATTCGCTCGGACTCGATAGGTTCGGCATGGGTTCGTTGAGGGTAATGCTGCGCGCCGGCAGGTCGTACCCCGTCAACGACGCAAGAACGTCGTCGGTTCGCACGAATTGGCGAATCGACGACGCGAGACCCTGCGAGAACCCATCAACTGGACGATCAGCGCTCGACCACCGTCCGCTCAGTTCGCGATAGCAGCGATCGCGATCGGGCCGAGTGTGCCCGCCGTTGCCGTTGCGGTCTGCTGTCCGGCCTGAGGGCCGAGGGTCCAGCGTACCGTGACCTCACCGAGCGCGTTGGTGACCGCCGACTGGGGCGAAATGCTGCCGCCGCCGCTCGTGATGGAGAGACCGACCGTTTGGCCGGGAATCGGGACGTTGAATCCGCCCGTTACCCGCAACACGATCTGGACGGTCAGCGCGGCACTCGCCTTGCCGGTCTGATTGTTGCCCTGCGCAATCACCAGATCGCTTGGCAGGATGCCGTTGGCGCTCAACGTTACCGGATCCAGACCGGGGGCTGTACCGGTCATGGTCTGAACCTGCGCGCCTGGGCCAAGGGTCCAGCGCGCCTTCACTTCGCCGTTGGCGTCGCTGACGACCGTGCCCGGATCGACCGAGCCGCCGCCCGCGAGCACATTAAAGCTCACCGGGATCTTTCCCATGGGGGCGCCATCGGTGCCGATGACCCGCAGCACGACGGGCGTGGGAAGCAAGGTCCCCGCGGCAGCCGTCTGCAGGTGTCCCTGCACGATCGTCAGCTGCGCCGCAGCCGGTGCCTCCACGGTCTTCGTGCAACCGGGGAACGCCAGGAGCGTCGGGACGGCCGTAAACAGTACGGCAAGCAGATATGTGGGTCGGGCGGAACGCATGGTCTCGTCGGTCGGGGTACTCCTCTCCGGCTACCAGTATCGGCCGGTCGTCCCACCGAGTTGAGCACGACTTTTTCCGTGGCGCGGTCGAGCGCCGGACCCTCCCGTCACCTAGATTGGTGATCCCATGACCGTCACTCCCCTGCACGCTCCACGACCGCTTCGGTCGACCGACTCCGAGTTGCCAGACGGGGTCCGCTGGCCCACCGGACTGGGTCCTGATATCCCGCCCGCGCGCAATCCGGGCACGGCGCTCGACCTCGCGCTCGTTCGGGCGACGAAGGTCAATCGCAGCGCCGTCGAACGCCGCGTCGCCTCGCTGGGTGGCCGGCGCACGGTCAAGAAGGAGTGGCAGGCCGCCTGGCTGTTGCGCGCCATCACCTGCATGGACCTGACCACGCTCGCTGGCGATGACACGCCCGGCAATGTGCAGCGGCTCTGCGCGAAGGCGCGCCATCCGTTGCGTGGCGATATCGTTGATGCGCTCGGTGTGCGCGACCTCGGACTGACGGTCGGTGCGGTCTGCGTGTATCACCAATACGTCGCCACCGCCGCTGAGGCCCTGAAAGGCTCGGGCGTCCCCGTGGCAGCCGTCTCCACGGGCTTTCCGGCCGGCCTCTCGCCGTTCGAACAGCGACTCGCCGAGATCCATGCGTCGGTGGCGGCCGGGGCGACGGAAATCGACATCGTTATAACACGCGCCCACGTGCTGACCGGCAATTGGCAGGCGCTCTACGACGAAGTGCGCGCCTTCCGCGACGCCTGTGGTGAAGCGCACCTGAAGACGATTCTCGGCGTCGGTGAACTTGCCACGCTCACCAACGTCGCCCGGGCTAGTCAGGTCGCGATGATGGCCGGCTCCGACTTCATCAAGACCAGCACCGGCAAGGAAACCAGCAACGCCACGCTGCCTGTTGGGCTGGTAATGACACGCATGATCCGCGACTTCGGATCGCGTACTGGCTTTGAGGTAGGGTTCAAGCCCGCCGGCGGTATCCGTAC
NZ_CP053085.1_gap20	998102	1001080	2978	CGCACGCGCCGATGCCGTTCGCGGCGTCGAACAGACAGAGGTCGTCGAGTCCGGTTTGTACGCGCGCGTAGCGCCAGCGGTGCGCCGCGGCATGACGTACGGTCCCCGCAATCTGCAATTGCGCGAGTAACGCGTCCGCGACGAGTGTCGCGACAACCGCCGGTTCGGCCTCCACGTTCTCGGCACTCCAGTTGCCTTCGCTGTGCACTACCCAGGCTTCGTCGCTGCTTCGCCCTGGACGCGACGACTGACGCCACGCGCGGTGCACGACGGGCGAGTCCGTGCGCAGTTCGCCACCCACGAGTGCTTCGCTCACGATCGTGGGCGGTGGCCCATCGAATACCACCATGGTGCTCCAGCAGGGGAGCATGCTCACGCTGGCGAGAGACGCGGCGAGTGCCCCCATGGCTCCGTTCGCGTGCTCGACGGTACTCAGCAGTGCGGCCGCTTGCGGTGCCGGCGTCGCCACCAAGACGATGTCAGCGTCGTGCTGGCCCCCTTCGCGGTCGGCGATGGCCCATCCTGAGCCCGCACGGGACATCGACGCCACGTGCACGCCGGTACGGACGTGCAGATCGCGCGCCAGATGCTTGGCCAACGCATTCATTCCGCGCACCCCGACCAGCGCTCCCGCAGCGACCTCACGCAGCACGTCGTCCTCGATCCATGACTCCACGAAGCGCAACAGTCGAGAATCGTCGAGTCGGATGGATGGCGCACCGTGGTCGAACTGCCAAGTTCCTTCGCGCCGCGTACTCATCCGCCCGCCCACGCCCCGACTCTTATCCAGCACGGTCACGGCGATGCCGTGATCATGCAACGTGCGCGCACAAGCGAGCCCGGAGATGCCCGCGCCGATCACCGTGACGCGTGGTGACAGGCCAGCCGACCGGCTCACGTGTGCACGATACGCCGGAAAGCTCATGCGCTGCTGGTGCTCGTCCGATCGCCGCGGTCGAACCGTGCCAAGCACCGCGACTTCAGGCGAGAACGGTCGGTCGAATTGTCCAAGGCACCAGAGCAGTCCGCCGTAACTGGCAGGATCGCGCCCGTCCAGCGCATAGCGATGGTTCAGATCGATCAGGCGTTCCAGCGACTCCGACGCATTTGACGACCACATCGGAATCGCCTTGCCCCACGTCATACGCACGTTGTTGTGCAACTCGCCGTGGACGCGTAGCGATTGCTGTGCCGTGTCCCACAACTCGTCGCCTGTGCAGCTGCGCGCAAGCGTCTCCCACGAGTGCCGCGTGCGGGTGTCCGGCTCGTGTCGTGCCAGCGTCTCCCGCGCCCAGGCGGGAACGGCGTCGAGCGTATCCGGTGCATCGTGCCAATAGCAGAAGGCGTAGGCGAGTTCGCGCCACACGAGCAGCTCATCGAGGTACTTGTCGGCTCCTTGCCCCCCACGCGCGGCACACTCCCGCACGATGCGGAACGTGGACACCATGCCGTAGTGGAAGTACGCCGACATGCGACTCACGCCGTCGATGCTGGCGTCGTTGCGCTTGGCCGCGTAGCGGTCGAGACGACCCGTGCGCACGAACTCACGCCAGCGCGCGTAGCCGGCCTCGGTGCCACCCGCCGTATGCGGCACCGGCCCGATGCCGTGGTCGATCTCGCAGTGCGCAACCATGGCGGCGATGTCGGCGTCGGCCAATCGGAGTGGCTCGAAGGGCAGGTCGTCCGGTACGAACGCGGGCGTGTGCGGAGTCACATCGGTCCAGTCGGCGGATACCCGTGCCGTGCGCAGTGCCGCGGTCGCGTCGCGAAACGCAAACGCGCGCGTGTGCGCTTTGCCCACGAGCGGCATTGGTACCACGCAGGCCGTATCTACGCTCCACACCGGACACGTCGTGGCCTCGGCGAGCGCATCGGTGAGCCAGTCCAAGGGAGCCACCGGCAACGTCTCCGTCACCACCAGCGCAGCGCGAGCGGCCAATGTGCGGAGGGCCGGCCCCCGATGTCCGGGGCGTTCCAGGTGAAAGGCGTAGCCGATATCGCGTGCCGCACACTCCGCCTCGACGTCACGCGCACCTTCGAGAATGAACGTATGGTGTCGGTCCGACGCGTAAGGATACTTCTCCGAGAGCGCGTGATACACGAAGACCGGCACGCCGAGTTGTTGGCCGGCGGCCAGCGCGACATCCAGCGCCGGGTTCTCGTGGGCGCGCACGGCCGTGCGCATCCAGTAGATCACGAAGCGACCGCTGGAGGCGGAGGCAGAGGGAGCCGAGTGGTCGGTAATCCGCTCGGCGAGGTGGCTGGGAAAAGAGTCGGGTCGGAGCACGCTGAACAACGCGCTCCGACCCGATCTCGTGCCAACAAACAGCTGGTGCCGCCTATCCTCGCTTCTTAGCGTGCGGCGGCTCAGGCGGGGATTCGGGTCCGATGCCATCCGGATCGAAGTGCTTCTGGTCCGTCAACAACTTCGCGAACGACCAGGCCGTCAGGCCGAGCACGAAGGTCCAGCTGACCGCCATAAAGGCAATGGCTCCAACAGACATCAGGACTCCGCTCGGTTGGTGTCGATCTCGACGAAGCCCTTGCGGTCGTCGTAGCCGTTCTTCTTCCACGCCGTGCGGATGAAGAACAGGAAGACGATCACGAAGAGCACCAGGATGCCACGCGAGATCGTGATGTACGGCATGTCGACGTCCGAGACCGGGCTCGAACTACCCGCCGAGCGCTGGTTCAACAAGATCGGCAGCGCCTCGTCCTTCCCCCACCACGTAAGAATGACGAGCAGGTAAATCGGCGTCACGTAGGTCATGATGAACTTGAAGATCTTCGGGATGTTGATATCCGCGCCCATGTGGATCGATTTCCACGCGTTTTCGGGCTTGAATATCCACACGAAGATGATGACTTCGGTGATGGCCACAAGCACCAAGCCGAACGTACCGACCCAGTAGTCCCACTCGTCCAGGAAGCCGTGCCCGAGCCAGTGCACGTGCAGCATACCGATGCAGAAGCAAATG
NZ_CP053085.1_gap21	1048963	1050454	1491	ATCGTGTTCTTTGCCTACATCGGTTTCGACGCGATCTCCACTGCCGCTGAAGAAACCAAGAATCCGCAGCGGAATCTGCCCATCGGTATTCTCGGCGGCTTGGCCATTTGCACGCTGATCTACGTGATCGTCGGTTTCGTCGCCACCGGCCTCGTACCCTACGAACAGCTGCGCAGCAGCGACCCGCTGGCCAAGGCGCTGTCCATTGCCGGTCTCTCCACGGCGAGCTGGATCGTCGCCGCCGGTGCCGTCGTGTCGATGTCCGCCGTGTTGCTCGTGTTTCAGTACGGTCAGCCGCGGATCTTCTACGCCATGGCGCGCGACGGGTTGCTGCCGAAGTTTGCCGCCAAGCTGCATCCGAAGACGCGTACACCCCACGTCACCACGATCATCACCGGTGTCGCGGTGGCACTCGGCTCGCTGCTCGCCGATGACGCCGCGACGTATGACCTGACCAACATCGGCACGCTCGCCGCGTTTTCCGTGGTGTGCATCGGTGTGCTCGTGCTGCGCATTCGCGAACCTGAGCGGCATCGTCCGTTCCGCGTCCCCTTCGTATGGCTCGTGACGCTCGGCGGCGCCGCCGCCTGCGTCTTTGTCATGCGCGGGCTCCCGTCCAGCGCCTGGAAGGCGTTCGCCGTGTGGATGGTCATCGGACTGTCCGTGTATTTCCTCTACGGGTACAAGAACTCGGTGCTGCGTCGCGGGAACGCACCGGTCTCTCCCGAATAAGTCATCAGCCGTACCACGACTCCTCAAACCAGCATCATGGCTCATCAGTCATCCAGCGCGTCGCCTGCGGCAACGAGCAAGGGCTTCCTCGGGATCGGATTTTCGGCGTGGATCGTCATCTCGATGATCGTCGGCATCCTGATCGGCTGGCTCGCGCCCGATTTCGCGCCGAACCTCAAGCCGTTCGCGAACATCTTCCTGCGCATGATCAAGTCGTTGATCGTGCCGCTGCTGTTCAGCACCTTGGTGGTCGGCATTGCCGGTCACGGTGATGACATGAAGAAGGTCGGCAAGCTCGCGCTCCGCTCGATCATCTATTTCGAAGTCGTCACGACAGCGGCGCTCGCGATCGGCCTCATCGCCGTCAACTTCGTGAAGCCGGGTCTCGGCCTCTCGATCGCCCCCGCCGCCGGCAGCACGGAAGAGTTCAAGGCGCTGGCCGCCAAGACGCCGACGTTCGCGTCGGTCCTCGAGCACACCGTTCCGCAGAGCTTCTTCGAAGCGGCCGCGCAGAACGAAGTGCTGCAGATCGTCTTCTTCGCGATCATCTTTGCCGTTGCACTCTCGCGAGTGGAGGGCCCGTCCAAGAAGATCATGCTCGACGGCCTGCAGGCGCTCAGCGAAGTGATGTTCAAGTTCGTCGGCATCGTGATGACCTATGCGCCCATCGGTATCGGCGCCGCCATCGGTGTCACCGTCGGCAAGAGCGGTCTCGGCGTATTGCTCAGCCTCGGCAAACTCGTGGCCACGCTGTATGTG
NZ_CP053085.1_gap22	1095839	1096888	1049	CTTCGCCGCCGACGCGCGTCCCGCGTCGGTCGAAGAAGCGCAGTCGATCGCCCTCGAGGCTGGACGTGCGGCGTTCGACCAGAAGCTCGACAGCCTGAACGCGGTCACCGACGAGAGCGGGCAGGGCTTCGCCGATCGCCTCCTCTCGCTCGTCACGCTCAACGTGATCGACGAGAAGTGGAAAGATCATCTCTATGATCTCGACCAGTTGCGCGCCTCGATTCACTATCGGTCGTGGGGCCAGAAGGACCCGCTCGTCGAGTACAAGCAGGATGCCTACACGATGTTCGAAGATCTGATGCACGATCTCGCGAACACGTTCACCGAGCGCTTCCTCAAGGCGCAGTTGGTGTTCGAGCCGTCGCCGATGGAGAGTTTCGAGCCGGCACCACCGATGGACGACTTCCCGCGGCAGGACACGCGTCCGACCAAGCGGTACAACGCCCTTGGTATTCTCGAGGACATCCCGGCCGAGGAACTCGAGTTCGTCGACGCGATCGACGAGGAACTCGACGAGGACTTCGACGAGGCGACGGACGAGGGAAGCGCGGCGCCGGCTCGGCCGGTCGTTCGCGGTACCCCGGCCGTGGTGGGTGCCGGACCGGTGCGGTCCCTCGAGGTGGGCAGGGGATCCTTGCCGCCGGGGTGGGAATCCACGCCGCGGAACAACGCCTGTCCGTGTGGCTCCGGGAAGAAGTTCAAGAAGTGCCACGGGGTGAATCTCTAGGCGCTCCGCGCCGGGTTGGGCCATCCCGACGCAGCCGCTGACAGGCGGCTGACGGGGATGTCGCAACGTGGGGCAACCCACGAGCGGGCCTGGCCCGGCGCGACGGAGCGGAGAGGCGGAGGGGGGTCGCGTCGGGTACGCCGCCGGGGGCGGCGAGATCGGCCAACTAGGGCTGGTGGAACTGGAACCGTGAAGTGCTGGTATATTTACGGAACCCCTTTCCGTGAGCGCCTCCAATGCGTACGAGGTTTGTCTGCGGCCTATTGGCCGTACTTGCTCCCGTTGTCTCGCTGCCTGCACAATCCACTGGCGGCGACGGTTT
NZ_CP053085.1_gap23	1098821	1103662	4841	CGGTGACGCTGGTCGGACGGCGAAGCCGCGAGGCAGCGGCGGGAATTAACGTGCTTCCATGACATGCCTCCCTTCTGCAGGAGGTACAAAGGCGGGCAATCCTCAGGATTGCCCGCCTTTTTGTTTCTCTACGACACAATTTGTCATTCAACGGTTGACACTCGGCTGCGGATGGGTTTATATCCCCGACCCGCCGAGACGGTTGAACGTAGCCGACTCGACCATGGCATTTCGATGCCTGTGGAGGTGTGGGGGTTCTCGTTCACTGGCTTTGGCTGGTGTGTCGTTGCTTCAGCGGGCCGCAGTCCCTCAGGCATAGCCGAGCAGGGACCGGTGCGAAGCGCGGCAAGCGCAGTCCTTCAGTGGACGCGCTGCGGCCGATCGGGCTGCGAGCGATGCGGTATTCGTGCTGGTCACGAACGCGCTTCGAACTCGTAAAAAAGCTCAACCGGACGCCTTGACGAGAGAAGCACGGCGGTTTATTAATACGATCTGCCGCAGAGAACGCGGCGAAACGAAAAAGGTAACTGACGCAGCCGCAAGCGGTTGCGATCATATAGCAGGGAAGTAGCATCGCTGTTTGACAATCGAAGTTCGAGATCGATGGATGTGCGGGACGGTATCACTGACCTGCGGCTTCTTCAGGGCTGCAGCGAGATATCAAATCTGTTGATTAGTAAGTGATTCGGCGCTGGATCGACTTCGGTCGGTCGCGCTGATGAGCCACTCAAGATTCTACTTAGATTCTTATCTATTGGAGAGTTTGATCCTGGCTCAGGACGAACGCTGGCGGCGTGCTTAACACATGCAAGTCAAGGGGATCCGCAAGGGTAACCGGCGAACGGGTGCGTAACACGTGAGCAATCTGCCTAGATGTGGGGGATAGCCGGCCCAACGGCCGGGTAATACCGCATACGCTCACTACCTGGCATCGGGTGGTGAGGAAACTTTCGAGGCATCTAGAGGAGCTCGCGGCCTATCAGCTAGTTGGTGGGGTAACGGCCTACCAAGGCGGTGACGGGTAGCTGGTCTGAGAGGATGGCCAGCCACATTGGGACTGAGATACGGCCCAGACTCCTACGGGAGGCAGCAGTGGGGAATATTGCGCAATGGCCGAAAGGCTGACGCAGCGACGCCGCGTGGGGGATGAAGCATTTCGGTGTGTAAACCCCTGTTGCTCGGGACGAACAAGCCTTTTCGAGGGCTCTGACGGTACCGAGTGAGGAAGCACCGGCTAACTCCGTGCCAGCAGCCGCGGTAATACGGAGGGTGCGAGCGTTGTCCGGAATCACTGGGCGTAAAGGGCGCGTAGGCGGTCTGCTAAGCGTGTGGTGAAAGCTCGGGGCTCAACCCCGAGTCGGCCATGCGAACTGGTGGACTAGAGCACTGTAGAGGCAGGTGGAATTCCGGGTGTAGCGGTGGAATGCGTAGAGATCCGGAAGAACACCGGTGGCGAAGGCGGCCTGCTGGGCAGTAGCTGACGCTGAGGCGCGATAGCGTGGGGAGCAAACAGGATTAGATACCCTGGTAGTCCACGCCGTAAACGATGGGTACTAGGTGCTTGGGGGAGCGACCCCCCGAGTGCCGGCGCTAACGCATTAAGTACCCCGCCTGGGGAGTACGACCGCAAGGTTGAAACTCAAAGGAATTGACGGGGGCCCGCACAAGCGGTGGAGCATGTGGTTTAATTCGACGCAACGCGAAGAACCTTACCCAGGCTTGACATGTATGAGAAAGCCTCTGGAAACAGGGGCCCCTCTTCGGAGCTCATGCACAGGTGCTGCATGGCTGTCGTCAGCTCGTGTCGTGAGATGTTGGGTTAAGTCCCGCAACGAGCGCAACCCTTGTCTCTAGTTACCAGCGCGTCATGGCGGGGACTCTAGAGAGACTGCCGGTGCCAAACCGGAGGAAGGTGGGGACGACGTCAAGTCATCATGGTCCTTACGTCTGGGGCTACACACGTGCTACAATGGCAGGTACAGAGGGCTGCGAAGCGGCAACGCGGAGCCAATCCCCAAAGCCTGCCTCAGTTCGGATTGTCGTCTGCAACTCGACGGCATGAAGCTGGAATCGCTAGTAATCGTGGATCAGCGACGCCACGGTGAATACGTTCCCGGGCCTTGTACACACCGCCCGTCACGCCATGGAAGCTGTGAGCGCCCGAAGTCGGTGCCGGAACCCGCAAGGGGCCAAGCCGCCTAAGGCGAGCGCAGTGACTGGGGCGAAGTCGTAACAAGGTAGCCGTAGGGGAACCTGCGGCTGGATCACCTCCTTTCTGGAGTGATGAGTAGGTCGGTGGTGCGGGGGATCCCTTCGGGGCAACCCGGCGCCATGGCAGACTGAAAGTCCCAGATATATCGCCCGTTCTGCACATCCTCGATCTCGAATTCGATTGTTGACCGCCGCTCTTCGGAGTGACGGTCTCTAGCGGTGTCTGCGCTATTTGACAACGGAAGTGGGAAGTGATCGTGGGTACTACAGATTCCAGCGGATCTCGTGCGCGCAAGCGGGCGAACCGGGACGAATCTGCTAGGACGAAGAACCTCAGTGAGGCGGCAACGTTTCGAGGTCTGGGCCCGCAAGGGTGCAGATCGCGTGATGTTTCAGCTTTACTTGTTCGAAAAGCGTATGGTTTGCCTGACAAGATGGGAAAGAGTCAAGCGAACGAAGGTATGTGGGGGATGCCTGGGCACATAGAGGCGATGAAGGCCGCGGTAAGCTGCGATAAGCTTGGGGGAGCGGCACACACGCATTGATCCCAAGATGGCCGAATGGGGAAACCCGGCCGGACGCGAGTCCGGTCACCGCGCAAGCGGAGCAAACCAGGGGAACTGAAACATCTAAGTACCCTGAGGAAGAGAAATCAAACGAGATGCCCCGAGTAGTGGCGAGCGAAACGGGTACAGGCCAAACCGGTCTCCTTGTGGGACCGGGGTTGTAGGACCTACGGACGCGCAGTGCGAAGTCAGTCGAAGTCCTCTGGAACGGGGCGCCATAGACGGTGATAGCCCGGTAGGCGAAGATCATGCACACTGCGTAGTAGAGTTCCTGAGTAACGCCCGACCCGAGTAATCGGGCGTGAAGCCGGGGGGACCACCCTCCAAGCCTAAAGACTCCTATGTGACCGATAGTGGACGAGTACCGTGAGGGACAGGTGAAAAGCACCCCTGTGCGGGGAGTGAAAGAGATCCTGAAACCACATACCTACAAGCGGTAGGAGGCTGGGCATCGCAAGGTGTCACGGCTGACTGCGTGCCTTTTGCATTATGATCCGGCGAGTTACTCCTCAGATGCGAGGCTAAGCTGCTCAGCAGCGGAGCCAGAGCGAAAGCGAGTCCTGTAACGAGGGCGCATGAGTATCTGGGGGTACGACCCGAAACCAGGGCGATCTACCCATGAGCAGGGTGAAGCTGAGGTAACACTTAGTGGAGGCCCGAACCGGTATGGGTTGAAAACCATTCGGATGACTTGTGGGTAGGGGTGAAAGGCCAATCAAGCCTGGAGATAGCTGGTTCTCCCCGAAATCTATTGAGGTAGAGCCTCGAGGCGTGTCAGCAGGGGGTAGAGCGACTGGAAGGGCGCGGGGGGTCGTAGACCCTACCAACCCCTACCAAACTCCGAATACCTGTCTGATGGACCTCGGGAGGCAGTCGCTGAGCGATAATGTCCAGCGGCGAGAGGGAAAGAACCCAGAACCACAGCTAAGGCCCCGAAGTGGCTGCTGAGTATAGCGAAGGATGTCGTCGTGCAGAGACAACTGGGAGGTTGGCTTAGAAGCAGCCATTCCTTGAAAGAGTGCGTAATAGCTCACCAGTCCAGCGTGATGGCGCCGAGAATGGTCGGGATTAAGCAGCCCGCCGAAGCTTGGTCTTCAGACTTTGTCTGAGGGGTAGGGGAGCGTTCCCTGTGCGTTGAAGTGGGGGTGGAAACCAACCCATGGAGCGAAGGGAAGTGAGGATGCCGGATTAAGTACGCGCAAATGCGGGTGAGAACCCCGCACACCGTAAACCCAAGGATTCCTGCGCCATGGCAATCAGCGCAGGGTGAGGCGGACCCTAAGGCGAGGCCCCAAAGGCGTAGTCGATGGATAGCCGGTCAAAATTCCGGCCCCGTCTTGTAGTCGTTGAAGCATCCAGGGACCCTGGAACGAAGCGCGAGCGGCTTTGTGGATGGCCGTTCAAGGGCGTAGGCGCAAGCCGAGACCTGAGTACGAGGCTGCAGGGCAACCTAAGGCCAAGTCGTGTGGAGTCGGCAGGCAAGAAAAGCTGGGTGGGGAGACTATGAGATGTCCGTACCGTAAACCGACACAGGTGGGTTAGGCGAGTAGCCTCAGGTGAACGAGTGAAACGTGGTCAAGGAACTCGGCATAATGATCCCGTAACTTCGGAAGAAGGGATGCCCCCTTTGGTTGCCAGACTTGCTCTGGTTGCTCGAGGAGGCCGCAGAGAATCGGCTCAAGCGACTGTTTAGCAAAAACACAGGTGCGTGCCAAGCCGCGTAAGGCGCCGTATACGCACTGACGCCTGCCCGGTGCCGGAAGGTTAAGGGGAGAGGTTAGCCGCAAGGCGAAGCTTTGAGCCGAAGCCCCGGTAAACGGCGGCCGTAACTATAACGGTCCTAAGGTAGCGAAATTCCTTGTCGGGTAAGTTCCGACCTGCACGAATGGCGTAACGACTTGAGCACTGTCTCGACCACGCGCTCGGCGAAATAGCAGTCTCGGTGAGGATTCCGAGTCCCCGCGACAGGACAAAAAGACCCCATGCACCTTTACTGCAGCTTGTCATTGGCGATTGTATAGGACTGTGTAGCATAGGTGGGAGCCGGTGAGTCGGGGGCGCTAG
NZ_CP053085.1_gap24	1108191	1112723	4532	CATCGCACGGCCGATTTCGGCATTGCGGCGCACTGGCTGTACAAAGAGTCGTCACGCAGCGCTGATGATCTTGATCGTCAGCTGGCGTGGTTCCGCCAGGTCCTCGAACTCCAGCTCGATGCCGAGACGCCGGGCGAGTTTCTCGAGTTCCTGAAGCTCGATCTGTACCAGGACGAGATCTTCGTGTTCACGCCGACCGGTGACGTCATTCAGTTGCCGAAGGGCGCGACGCCGCTGGACTTTGCATTTGCCGTTCACACGCAGGTCGGAGCGCACTGCGCCGGTGCGAAGGTCAACGGCCGCATCGCCCCGCTGTCACGCGAGCTGAAAAACTCGGAGACGGTCGAGATCCTGACCAATCCGAACGCGAAGCCCAGTCGTGACTGGCTGTCGCATGTCCGCACGGGTCGTGCGCGTCACAAGATCCGGCAGATGCTGCGCCTCGAGGAGCGTTCGTCGGCCATGCGCCTTGGACGCGAGATCATCGAGCGCGAGTTGCGCCGTCGCCGACTGCCGAAGATCGACGACCATGGACTGCAGCCGATCGCCAAGCTGCTCAAGCTGAAGGATGCGATGCACCTCATCGCGTCGGTCGGTGCCGGCGATGTGCACGTGATGCAAGTGCTGAAGGCGCTGCACCCCGATCTCGAGACAGCCGAACCGGTCGAGAAACAAAGTACGCTCGAGCGCTTCGTCGATCGGGTGCGTGGCACCGGCAAGGGTATCCGCATTCAGGGTGCCGATGGGTTGCTCGTCCGCTACTCGCAGTGCTGTCAGCCGGTGCCCGGCGATCAGGTCGTTGGCTACGTCACGCGTGGTCGCGGCGTCAGTATTCACCGCGGGGACTGTCCGAACCTGCTGCTGCTCGCGCACGAGCCCGAGCGACGGCTCGACATCGATTGGCACGAGATGGCAGGGGAGCGGTTCATCGTGCGTCTCGCGATGGAAGGCACCGATCGTCGCGGACTGTATGCGGACGTGGCGGCGGCGGTGAGCGCCACCGGCACCGACATCAAGAGCCTGGAACTGAAGACGACCGATGGTCGCGTCACTGGGGCGGCCATGGTCGAGGTCGAGAACCTCGCCCATCTGGAGCGCATCATGAAGGCGGCTCGTCGCGTCAAGGGTATCGCGGCGGTGTCCCGACGCGAGAAAATCACGGCTGAGCCGTAGCCGGCGGACTCGGCTGGGGGCGTGGACGCTACCCGAAGAAAAGCCGATCTCGCTATATTGCTGATATGTCAGCCCCGTTTCGACTCCAGAGTCCCTTCGCCCCCGCCGGCGATCAGCCGCGCGCGATCATCGAACTTTCTAAAGGGCTGACGAGGGGCGACCGCTTTCAGACGCTGCTCGGCGTGACCGGGTCTGGCAAGACCATGACGATGGCCAACGTCATCGCGCAGTGGGGGCGGCCGACGCTGGTGCTGTCGCACAACAAGACGCTGGCGGCGCAGCTGTACGGTGAGCTCAAGTCGTTCTTCCCGACGAACGCGGTCGAGTACTTCATCTCGTACTACGACTACTATCAGCCGGAAGCGTACGTCCCCTCGAGCGATACGTTCATCGAAAAGGACGCGAGCATCAACGAGGATATCGATCGACTCCGGCTGCGGGCGACGTCGTCGTTGATGGAGCGCGACGACGTGGTCATCGTCTCGACCGTATCCGCGATCTATGGCCTCGGCGATCCGGTGTCGTATCGTGAGCGCATGGTCGCGCTATCGAAAGGCCAGCAGATCGCGCGCGATGACATCCTCCGCGCGCTCGTCGGCATTCAGTATTTGCGCAACGATGTCGCATTCGATCGCGGTACGTTCCGCGTACGAGGCGACACGGTGGAGATCTATCCGGCCTACGAAGAGCAGGCGGTACGACTCGAGCTCTGGGGGGACGAAATCGAGCGCATCTCCAAGATCGACCCGCTTTCCGGCGAGACGATCTCGACGCTCGAGCGCATGGCGATCTATCCGGCGAAGCACTTCATCACGAACCGCCCCACGATCGAACGGGCGAGTGTGGCTATTCGTGAGGAGCTGGCGGAACGGCTGGCCGAGTTGCGCACGCAGGGCAAGTTGCTGGAAGCGCAGCGGCTCGATCAGCGCACGAATTTCGATCTCGAGATGCTCGCCGAGATCGGCACCTGCGCCGGCATCGAGAATTATTCGAGACATATTAGCGGCCGCGCGGCCGGCGAGCGCCCTGCGTGTCTGCTCGACTATTTCCCCGATGACTATCTCGTCGTGGTCGACGAGTCGCACGTGTCGCTGCCGCAGATTCGCGGGATGTACAACGGCGATCGCGCGCGCAAGCTCACGTTGGTCGACTACGGATTCCGGCTACCCAGTGCGCTCGATAATCGACCGCTGGTCTTCGACGAGTTCATCCAGTTGGTTCCGCGGCTCGTGAATGTCTCGGCGACGCCGGGGGAACTGGAGCTGCAGCTCTCGGAAGGCGTGGTCGTCGAGCAGGTCATCCGCCCCACGGGCCTCCTGGACCCGGTTCTGGAAATTCGTTCGGTGAAGGGGCAGGTAGACGACCTGCTCCACGAGATTCGCATTCGCGAGCGAAAGGGCGAGCGGGTACTGGTTACGACGCTCACCAAGCGGATGTCGGAAGACCTAACCGACTATCTGCAGCAGGTGGGTGTTCGGGTGCGATACATGCACTCCGATATCGACGCCATCGAGCGCATGGAAATCGTGCGTGGGTTGCGCCTCGGTGAATTCGATGTGTTGATCGGCATCAACCTGCTCCGCGAAGGACTCGACATGCCCGAGGTCTCGCTGGTGGCGATTCTTGACGCCGACCAGGAAGGCTTCCTGCGCAGCGATCGGTCGTTGATTCAGACGATCGGACGCGCAGCGCGCCATTTGAACGGAATGGCGATCCTATATGCCGACCGCATCACCGGGTCGATGCAGCGTGCCATCGACGAGACCGATCGTCGTCGGACGATTCAGCGTGAGCACAACGAGAAGCACGGGATCACACCGCATGGCGTCCTCAAGAGCATCGATGACGTCCGGTTAATTACGCGGGTCGCCGACGCGCGCGCGCCGCACGAGGAGGCCACCCCGACAACCAAGCGACTTGGCGCCGAGAGTGCGCCGCGCTCGCGCGAGGACCTGCAGACACTCGTGGGGGAGCTGGAAGTCGCCATGCGCGAAGCGGCGATCGCCCTCGATTTCGAGGCAGCGGCTCGATTGCGCGACCAGCTCTTCGAAGTCCGAACCGCACTCGGCGAGAAGCCGGAGCAGGCACGCGGCAACACGGCCGCTCCCAAGCGCCCCCCCGGCAGCGCACCGATGCGGCGCGCCGGAGGCAAGCGTGGCCGCTGACTCGCTAGGGTACCTGCTTGGTCGAGGCGCTCCGCGCGCCCCCGATCGGGATTCGCTGGAGGCGTGGGGACGGGCACTCGGGGCGGTACTCCCGCGTCCGGTAGTGATCACGCTCGAGGGTGACCTTGGAGCGGGCAAGACCACCCTGGTGCGAGCGATCTGCGTCGGAATCGGCGTCGCTGCCATCGAGGCGGTGACGAGTCCGACCTTCTCCATCATTCAACAGTACGACGCACCGCGAGGCCCCGTCATTCACGCCGATCTGTATCGACTCCGATCGGACGCGGAGCTGGAGATGTTGGGATGGGATGAGCTGGTTGAGGGCGCACCCGTGTTACTGGTCGAATGGCCCGATCGCGCCGTGAATACGCTGCCGCGTGACACCATTCACGTGGTGCTCGGTCATGATCCGGAGAACGCGGATCGGCGGTTACTCCGCATCCACGCGCCCACGATGCGCTGAATCGGCTGGTATGTCGGGATCGGGTTCGCGCCGGTGACTGTCCGACGTGTCTCGTCGTCTGAGGAATGGTGGGGCACGGCATGTCGGTCGGTGTCTCCCGCATCCCTTGCGTCATCGCCATGCCCGTCGCCGGCCCACGCGGCTCGTTCATTCGTCTCGCCGAAGTGATCTCGGCGCTGACATACGCGCTCGACCTCACCGAGGGACAGCGCCCTGGACACACGCTCCGCACCGCGCTGATCGCGATGCGCCTCGGTCGCGAGCTCAATCTCGATGGCGACACGATGGGGGCACTGTACTACGCGGCCCTCTTGAAGGATTCGGGGTGCTCCAGCAATGCGGCGCGCATGTCGGCGCTGTTCGGCAGCGACGATCAGGACGTGAAGCGCGACATGCGTCTGGTCGATTGGCACGATCGCTGGAAGCTCGCAATGCGCACCGCGAAGAACTGCGGCGTGGGTCGAAATCCGATCGCCCGCGTGTCGCACTTTTTGCGCATCGCGCGTACGCCGTCCATGACGCGGGAAATCATCCAGACGCGATGCGAACGCGGCGCCCAGATCGCGCTCGTACTCGGGTTCCCCGCCGCAACGAGCGAGGCGATCGCTCACGTTGACGAGCACTGGTGCGGACTGGGTCACCCGGTCGGACTCGCCGGCGACGAAATTCCGATGCTCTCGCGTATTCTGCTGATTGCGCAGACGCTCGAGGCCTATTGGAGCGAGAACGGC
NZ_CP053085.1_gap25	1138001	1140502	2501	CGAGCACGTAACTGACCTGTGCGCTGTCGTGACGGTCACGGTAGATCTGCCATAGGCGCTCGTCAGACACGTAGGCGTCCGAGGCGATCTGGTCGAACAGCTTCTGCTTCGGGATCTCGTTGCGGTAGTACGCCTCGAGACCGGCGAGCATGCCCGACTGCCGCGCCATCGGGCTGGCGAGCAAACGCTGGTACTTCGAGAGGTCAAAACGCCCGTCCGTTTGCAGATCCGGAGACTGCATGGCCTGCGGCGGTGGAGCGAGTCGTGCCGCTTCGAGGATTTCGTCGTCAGTAACCGTGATGCCGCGACGCTTGTATTCCTGTTGGAGCAGCAGCTCCGTCACCAGTTCGTCGTACGCACGGTCTTCGAGCGTCTTACGCTCGTCGAGCGTGAGTCCCCGGCCGAGCTGCTGTTGCTGCTGCTGCTCGAGGGAATTCACGGCATTCTGCCACGACGTCAGCAGGATCTCTTCGCCGTTCACCGTCGCAATGGCGGTGGTGGTCGTCACGGGCGAGCGGCCTGCGAGACCCGAGGTCTCGTACAAAAGGAAACTGCCGACGAAAGCCACGATCAGCACGATCCAGATGTATTTCGCGGCGCTCCGCATCGATTGCAGCACGGGGCGAGACTCCTTGGGGCGGAAAAGCTGGACAAACAGAAAGGCACACGCACCTCCATGGGAGAGGCGTATGCCGCAGAGTCTTTCAAGCTAGCCGCCGCGAGTCGCGAATAGCAAGACAAGCGGAGACGATGTACCACATCACCACGAATGACTTCCCGGAACGGCCACCGCTAATAAGTTGTTGCGTGGGGCCTGTCACACAGACGGAACGGGCGCCTCGCATCGGGCCGGGAAACATCACTACGAGGGCACTGGACGGATGAGCACTGCTGCCCGGATCGACGAGCTCCGGAAAAAGTTCGAGGAAAACCCGCGTCGCTACTTCGCCCCCTTGGCGAACGAGCTGCGGAAAGCAGGAAATCTGTCGGAGGCAATTGCCCTCTGCCGGGAATTCCTGCCAAAGCAGCCCGAGCACATGAGCGGGTACATCGTGTTTGGCCAGGCACTGTACGAATCGGGCGATCTGTCCGAGGCGCGTACGGTGTTCGAGCAAGCGCTTGCCCTCGACCCGGAAAATCTGAAGGCCCTCCGCCACCTGGGCGATATCGCCAAGTGGGAAGGGGACACCGCTGGCGCGCGCCGCTGGTACGAGCGCGTGCTGGAAGCGGACCCGCGGAACGACGACATCGCGGCGCAACTGGCGACGCTCGCGACGCCGGTGCACGTGGTGCGGGCCGTGCCGGAGCCCGAGCCGGCGGTCCCGCCGGTCTCGGCGTTCTTCGCGCCTCCCGCCGCGTCGTCGCCCGCATTCACGCCGGCGTTCTCCATGGCGCCCATCGGGCTGGGAGCGATTCCGACGCCTGATGCCGCGCTACGTGCCGTCGACTTCGACGAGATCAACGCCCGACTCCGTGAGCCCGACATGCCGCCGCCGGAGGCCGCCAGGGCGCCCGAGCCGTCGGCTGATTCGTCGGCAGACGTCGCCGCCGTACGCGAGCCGGAGCTCCTCGATCTCGACGCGATCGAAGCTGCCGGGGGAGATGTCGAACCGGATGTCGCCGCTGAGACAGAACCGGAGGCGGTCACACAGGATGTTGTCGCATCGGACTTAGCGCTTGCAACAGAGACGGTCGACGAAACGGCGAGTGACGACCCGTTCGGCTTCAGCGACGTGTCCTCCGCCGAGGTCCCGTTCGAGGAAGGGTTGATCGCGCCGGAATGGCCAGATACCTCGGAGCTGGTCGCTCGCATCGCCACGCCGCGCAGCGTGACGCCGTCGTTCGTCGCGGCGCTCACACCGGAAGCAGTCGCCGCTTTCGGCGCTGAGCCCGGTGAGTCGATGCGGATCCGCGCGCTCGATGAGGACGCACTCCTGGCTGATATCGACGCGCAGTTCGGCCAATACGACGCGCAGGCGACCGCCGACTCGGTCGTGATCGAGGGCGCCGGCGAACTCCCCTCCGAAGCGAATACGCTTCCCGAAGACGCGGGGATCGTCGACCTCGACAGCGACGTGAGCGAGGTAGAGTCGCACGACGAGATCGCAGAGACGCTCAACGCGATGGACGCGGTTGAGGTCGAGGCGGAGGCGGAGGCCGAGGTCGAGGCCGAAGAGGTGACGGAGGTCGAAGAGGCGACGGAGGTCGAGACACGAACTCTCGTTCAGGCCGAAGAGACGGGCGCGAACGACGCGAACGACGCGAACGACGCGATCGATGATGCGGAGCCGGAGTGGATCGTTGCGACGGCACCCGCGCCGACGCACGCGGATGCGGATGAACTGCCGTGGCTCGCGCCGGCGCCGGAGCCCGAAGCGGTGGCCGTCGAGGACGTCGCGGTGCCAGAGGTTGGGGCCGAATCCGTCGCAGTCTTCTCCGACGCCGACGCCGCCGACGCAGATGCGGAGTCGGATTCGGTCGAGGCGAGTTTTGCCGACGTG
NZ_CP053085.1_gap26	1158192	1161939	3747	GGGGCATTGCTCGCCGTATCCACTGACGACGCGCGCGATCGTGGGCTGCGGGCCGATATCGTCGTGCGTGAGGTGGCGGCGACCGTCGGAGGGCGTGGCGGTGGGAAGCCGCACATGGCCCAGGCTGGTGTCGAGGCCGACAAGCTGGACGCGGCGATCGCCGCCGCTGCAGAGATCTTCGCTCGCCTGGCAGCCGCCGGGTGAGCGCGACGAACGGCACGGTGAGCACCACGGACACGAGCGTGACTACGGTTGGCGGCTGGTTTGATGGCCTGACACCGGCGCCCCCAGAAGGGCTCCGCGTTCGGCTCTCCGCGTTGCTGGAACCGTTCGCGCATCTGCCGGTGCAGCAGGTACCGGAGGCGTGCCTCGACGCGGGCGAGCGATTGCTCGACGCCTTGCTCGCGTCTGGGTCGACATCACGAACGACCGCGCTCGACCTGCTCGCGGTCGATTCGCTGGTGACCTACGCCTTCCAAGCGGCCGCCGACGAACCAGCGCTGATGGATGCTCGTGCCGCTCGCGCACTCGCCAGAATCGCGGCGCTCCCCGGATCGTTGGGCGCCTGAGCCGCCGCCCGCGAGCGATGTTCGCCGCATCGCCGCGCCACGTCAGCAGGAGGGACGCCCCATGATCGACATTCATTCGCACCTGCTGCCGGGCGTCGACGACGGTTCGCCGTCGCTGGAGGTCTCGATCCCCGTGCTTCAGCGTTTCGCGACGCAGGGCGTGACGGTGCTGGTCTGCACGCCGCATCTCAATGCGAGTCAGGCCGCCAGCGCGCCCTACGCGCGTCACTGCGAACTGCTGGAGCAGCTGCGGGCCGTGGCGCCGGTCGGCTTGGAGATTCGCCTGGGCTGGGAGATCATGCTCGACAGCCCGGGGGTCGACCTGACGGCTCCCGAGTTCTGCCTGGGGAACTCCCGCGCGCTCCTGGTGGAATTCACCCGCGGCGGACTGCCTCGAGGGGCGACGACCGAGCTCCGTCGGATTGCCCGGAGCGGGAGGACGCCGATTCTGGCGCATCCGGAGCGATACTTCGGCTGCACGCTGGAGCTGGTGCGGGAGTGGCGAGCGCTCGGCGTGGTCATCCAAACCGACGCCTCAGTCCTCATGGGACGTGGGGTGCCGGCTGATCTGGCAAAGGCCATGCTGGCCGATGGACTGATCGACATCCTCGCATCGGATAATCACGGCGATGGCCGATCGCTGGGCACGGCACGTGATTGGCTCGCCGAGCGGGGAGCCGACGAGCAGATGGACCTACTGCTTCGGGCGAACGCCGAGCGGGTGCTGGGCGACGAGGATCCGCTGCCGGTCCCGCCCCTTCGGGACGGCCTGGTTGGACGCATCAAGCGCATATTCGGTCGCTGAGGCGATCGATACCTGAACCAATACCCAGCCTATGACCCACGCCGATCAAGGCCCTCAGAACCCGCCAAACGCGGCCGTCGCCCCATTGCTCGCCGCCCTGACTGAGCTGGCCGCGACTGCCGAGCGCGTCGTGCGTGACCTCGCGCCGGAGATCGAGCGCGCGCTGGAGATGGTGCGCATAACGGTAGGTCAGGGGGGAACGCTGCTGTTTTGCGGGAATGGCGGATCGGCCGCCGATGCCCAGCATATGGCAACGGAGTATGTCGTCCGGTACATGCGAAGCCGTCGCGCCTACCCGGCGATCGCCCTGACCACTGACACATCGTTGATTACCGCCGCAGGAAACGACCTCGGCTTCGATCACATTTTTTCTCGGCAGGTCGAGGCGCTCGGAAGACGTGGAGATCTCCTGATCATTCACTCGACCAGCGGAAATTCTCCGAACGTACTGCGCGCGGCTGAGGCAGCCAGGGAGAAGGGCATCCCGGTGCTGGCGTTGACGAAGCGGGACGGCGGCGCCCTGCGTCTGCTGGCCGATCACACGATTGTGGTACCGACGGATCGGACCGATCGGGCGCAGGAGATTCATCTCTGCATCCAGCACGCGATCTGTGACGCGATCGAACAGACGCTTTGAAAAGCTGTTTGCCGATACGTTCTAAGTCCTACCAGAAAAAGAGTTAGTCCACATAGTCTCATGTACTTTCACCGGGAAGGCTCGGCGTGATTTCATTGAAAGGGAAGCGAGCGCTGGTCACGGGCGGGTCTCGAGGGATTGGCGCCGCCGCGGCGCGTCTGCTCGCGCAGGCCGGGGCCGATGTGGGAATCGCCTACCGCAGTCGTGCGGACGAGGCGGCACAGGTGATCGCCGATCTCACAAATCACAAAGTGAATTGTTTTTCGCACATGGGTGATTTGTCCACAAAAGAGGCGAACGATGCCTTTGTGGATAAAGCCGTGATGCTGCTTGGCGGTGTGGATATCTATGTGGGAAACTCTGGTTTTTGGCCGCCGGATCCGTTGCCGGTTTCCCTGCTCGACGACGACCGGTGGCGCTTCACCATGGCCACCAACCTCGATGGCATGTTCTATGGAGCGCGGGCGGCAGCGCGGGTCATGAGCGACGGTGGTCGCATGATCTTCGTGTCCAGCACCGCGGGGCAGCGCGGTGAGGCGGGGCACGCCGACTACGCGGCCACCAAGGGCGCTATGATCTCGTTCGTGAAGTCGCTCGCGGTCGAGCTCGGCGGTCGCGATATCACCGTGAATTCCGTGGCGCCCGGTTGGGTCGATACGGAGGCCGTGGAGAAGCCGTTCGCTGCCGGTCGCGACCGGATCGAGGCCGCCATCCCGTTGGGGCGCGTCGCATCGCCGTCGGACATTGCCGGACCGATTCTCTTTCTGGCCAGCCCCCTGGCTCGGCACGTGACGGGCGAAATCCTGAATGTGAACGGTGGGAGCGTGCTCTGCGGATAGCGAGCTCAGCGTCTGACCCGAACCTTCGCGCCCCCGGCCAGGTCATCGAAATCGCTCGCACTCTGCAGCGGGCGGGATTCGAAACCTGGTGCGTCGGCGGAGCCGTGCGCGATGCGCTGTTGGGGGAAGCCCACCTCGACTGGGATCTCGCCACAGCCGCGACGCCGACCCAGGTGCGGAAGCTGTTCCGTCGCACCGTGCCGGTTGGGATCGAGTTCGGAACGATCGGCGTGCTCGATCGCGACAACCTCATGCATGAGGTCACGACTTTTCGCCGGGATGTAAAGACCGACGGTCGACACGCCGTGGTGGAGTTCGGCGCTTCACTGGACGAGGACCTGGCGCGTCGCGATTTCACGATCAACGCCATTGCGTACGATCCGATCGATCATCGACTGCACGACCCGTTCGGCGGCCAGATCGATCTGGCCCGACGGGTCGTACGAGCAGTCGGCGACGCCGACGCACGGATGCGCGAGGATCGGCTGCGCGCCCTTCGCGCGATCCGCTTCGCGGCCCGCTTCGGTTTTGAGATCGCGCCCGACACTTGGACGGCGATCGTGGAGAGTGCACCGTTTCTGAACCGGTTGTCTCCTGAGCGGGTCAAGCAGGAACTCGAGAAGACGATGGAGCAGGTACTCGCCCCGTCGACGGCGTTCGTTCGCTGGCGAGACGCGGGAGCGTTCGCCTCTCTGGTGCCGGCGCTCGCCGATGTGGGTGACGAGACGTTGCGCGCCATCGACGCCCTACCTCGTCCGGGCTTGGCCGGTCGTCCGCTCCGGAAGACCCTGCGCATCGCGGCGCTGTTCAGCGAGGTCGGCGGCAAGCCGGCCGAGCGGGCGCTGCGCGACCTCCGCTTTTCGAATCAAGACACGGCCAACGTGTCGGCCCTCGTGG
NZ_CP053085.1_gap27	1192241	1193654	1413	CCCGTCACGCTGATGTGCGACGTCTGCAAGGTCGATCGCCTGCAGGCCGACGCCGCCGAACGCATGGCCGTCGCGCTACTCTCCAGCCACCCTGAGTTCGTCCGACTGCCCAGCGGGCATTGGGCGCTGGCGGCGACACCGGCGTCGGCGTCCGCTGTGTCGACCGGCCCCGGGCGCGACGACATCGGCTCCGAGAGCGCGCCGTCCGGCTCACTCCTCGATGTGAACTTCGCCGTCGTCGACGTGGAAACCACCGGGACGAGCCCCATCGCTGGCGACAAGATCACGGAGATCGCGATCGCGCAGGTGCGCGGTGGTGCGGTCGTCGACGTCTACGCGCAACTGGTCAATCCGCAGCGTCCGATTCCGCCGTACATCACGCAGCTCACGCGGATTTCGTGGGAGATGGTGCGCGACCAGCCCACGTTTCGCGAGATCGCGCCCGCGGTGGTGGAACGGCTCGCCGGCCACGTCTTCACGGCCCACAACGCGGCCTTTGACTGGCGCTTCGTCGGCGAAGAACTCGACCGCGGCATCGGTCATCTGCTGGCCGGCCCGAAGCTCTGCACGGTGCGGCTGGCGCGCGTCCTGCTGCCTTCGCTGCCGCGTAAGTCGCTCGACCACGTGACGCGCTACTTTGGCATCGAAATCGAAGCGAGGCACCGGGCCGAGGGCGACGCCGTCGCGACGGCGCAGGCGCTCGTCCGGATGCTGCGCATCGCGGCAGACGAAGGCGTCGACTCCTGGCCCGCGCTCGAGCGCCTGTTGTCCACACCCACGGCCAAGCGTCGACTCACCGCGAGCGATCGCCGCCGTCGCGCGTTCCCGCTTCCTGCTTCCGAGGATTACATCGCGTGAGTTTCCCGCATCCGTTGCTCGACACCCGTACGCTTGGTCGCTGGCGTATCCACGCCATTCAGGCCGGCGGCCAGCAACTCGACGGCGGCGCCATGTTCGGCGTCGTCCCCAAGACGCTTTGGGAGCGTCGCCTGGCGTCCGACGCCAAGAACCGCATTCCGCTCGGCATGCGCTGTCTGCTGGTGGAGCACGATGACGGTTTGGTGCTGATCGACACCGGGCTGGGCAACAAGGAGAATCCGAAGTTCCACGAGATCTACGGCGTTGAGAACGACGGCACCGAAGGACGCACGGCCCTGGAGGATGGGATCCGGGAGGCGGGGTTCACGCCGGACGACGTGCGGCTCGTGATCAATACGCACCTCCATTTTGACCATGCCGGCGGCAACACCTGGCGGAATCCCGCCGGTGACGTGCAGTCGACGTTCCCCAACGCGCGATTCGTCGTCCAGGCCGGCGAGCGTGCCTACGCCGAGCATCCAAACGAGCGGACCTCCGCCAGCTATTTCCCGGCCAACTGGGCGTCGATCGTGGCGGCCGACCGATTTGACTTCA
NZ_CP053085.1_gap28	1278722	1282108	3386	TGAGTATCGAAAATCTGGGCTAGTCCGACGTCGCGCCTGCGGGCGTTGGGCAAAACTTTAGCAGGCTTGTCTGGACGTGGGCTTTCTGTTGGCCAGCGGACAGAGACCTCAATCAACAGAATACGCACGTAGACGCTGGGGTCGATTCAGTCTCGGACAGGGGTTCGATTCCCCTCACCTCCACTTGGGCGCCTCACCGCATTCGCGGTGGGGCGCTTTTGTTTATTCGACCGTCGCGACCGTCGTGGTCGAGCGCCATTGCGCCGGCAGTTGCTTCAGCAGACGCGCCTTGAACTTGTGGTAGTCCACCGTGATCGTGTGGCGCGGCGTGTCGAGCTGCGGATAGTCCGGGGCGGCCAGTTCCTCGGCAATCGCCCCTTCGAGGTCCCTGGGGGGCACCCACGCGCCGGAGAGGCGCCTCGCGAGCACCTTCGCCTGCAACTCGGCTGCCGGCCAGATGCAGCCCAGCGGCTGGAAAAGGCCCACGAACGAGAGCGTCGGAAACCGCGCTGGAAACATGCGCAGGTAGAGGGGCACCGGACCGCGCGAAAAGTCGACAACGTCAGGCGCGAGAAACGGGTGTGCGATCCAGTAGCCGGTGCACGCGACGATGATGTCGTAGTCCGCCTGCGTGCCATCCCCGAAATGCACGGTATGTCCATCGAAACGCGCGACATCCGGGCGCGGCGTGATGTGTCCGTGGCGCAGCGCGTAGAAGAGCTCCGAGTTCACCGTAGGATGCGTCGCACCAAACGCATGATCCGGCTCGGGCAGTCCGTAGTCGCGATTAGCGCCTTGCAACAGGCGCAGTAAAAATTGATTGATCCTCGCACGTACCGCGCGAGGCATCCATTGCGTACGCTGCCCGACGACGTCACTCGGCTGACCGAACAGAAACTTGGGCACGATCCAGTACCCGCGGCGCCACGACAGGTCTGTGGTGGTCGAAACTCGAGCCGTTTCGACGGCGACATCGCACGCCGAATTTCCGCCGCCGATGACGAGCACCCGTCGGCCGGTGAACCCCGCGGCGCGCTTGTACTCGTGCGAGTGCATCATCGTGCCGCTGAAGTCGCCGGGATATGACGGCATACGCGGGCGCCAGTGATGTCCGTTGGCCACGACCACCGCGTCGAAGCGCTCGTGTGACTCGACCTCGCCCACGCGAACCGTCATCGCCCACTGCTCGCCGGGCAGCGGCTCCACCCGAACGACATCCGTCCCGAAACGCACGTGCGGCGTGACGCCGAAATGTTCGGCGTAACTCTGGAAGTACTGCGCAAGTTGCACGTGCGACGGGTAGTCTGGATACCACGATGGCATTGGAAAGTCGTGGTACTGCGACAGCGTCTTCGAGCTGATGATATGCGTCGTTTCAAAGACGCTCGAGTGCGACGTCTCGAGCCGGAACAGCCAATTGCCACCGACTGCTTCGTTCCGGTCGAAGCAGACGACGTCAGTGAAGCCTGCATCCAGCAGGTTCTTGACCGCGGTGATGCCGGATGGTCCGGCACCGATCACGGCGATGCGTGCGCTACGCGCCAACATGCTCAGGCGAGAGCGGCGTGTGCAGCGGCCAGGCGGGCGACCGGCACGCGATATGGCGAACAGGATACGTAGTCGAATCCGACCTCATGACAGAAGGCGACACTTTGTGGCTCACCGCCATGCTCGCCGCAAATGCCCACCTTGAGATCGGCACGTGTGGCGCGACCGTCGCGCACGGCCCACGAGATCAGCTTGCCAACCCCCTTACGATCGAGAACCTGAAACGGATCCTCGGCCAGGATGCCCTTGTCGATGTAATGCGGCAGGAAGCGGCCGGCATCATCGCGGCTCAGGCCGAACGTGGTCTGCGTGAGATCGTTCGTGCCGAACGAGAAGAAGTCGGCCTCGGTGGCAATCTCGCCAGCCGTCAGCGCCGCCCGCGGTAGCTCGATCATGGTGCCGATGAGATACGGCACACGCTCACCCATGACACCCATCACCTGATCGGCCGCCCGTTCGATGATCTCGCGCTGATGACGGAGTTCGGACACATCTGATACGAGCGGCACCATGATCTCCGGTCGCACGTCGATGCCACGACGATGCGCGCGTACGGCCGCCTCGAAGATCGCACGCGCCTGCATTTCCGTGATCTCGGGGTACACGATGCCGAGACGGCACCCGCGATGCCCAAGCATCGGATTGGTCTCATGCAGCGCCGCGACGATGCGGGCGAGTTCGGGGCGGGTGAGCCCCAGCGACTGCGCCAGCATCGTCGACTCTTCGCCACCATGCGGCAGAAATTCATGCAGTGGCGGATCAAGGAGGCGGATGGTCACGGGAAAACCGTCCATCGCCTGAAAGATTCCTTCGAAGTCGGCGCGCTGCATCGGCAACAGCTTCTCCAGCGCGCGACGACGCCCACCCAAGTCGCGTGCGACGATCATCTCACGCATGGCGGTGATGCGCTCGCCCTCGAAGAACATGTGCTCGGTGCGGCACAGTCCGATGCCTTCGGCGCCGAAGTTGCGCGCGACACGTGCGTCGCGCGGCGTGTCGGCGTTCGCTCGTACACGAAGACGACGGTCCTCGTCGGCCCAGCCCATGAGCTTCGCAAATCCACGATAAGTCGGCGCGTCGGCCGCTGACAGGGCACCGTTGTTCACGCGCATCACTTCGCTGGGCTGCGTGGGCAGGTCACCCGCGAAGACGCGGCCCGTGCCTCCGTCCAGCGTGATCCAATCACCCTCGTTGATCACGTGCTCACCGATGCGCATCGATCGCTGCTCGTGCGAGATCTCGAGCGCGGTGCACCCCACGATTGCGCACTTGCCCATGCCACGGGCAACGACGGCCGCGTGGCTGGTCATGCCCCCGCGGGCGGTCAGTACCGCGCGCGCGGCAACGATGCCATGGAAGTCCTCCGGCGTCGTTTCTTCGCGCACCAGAATGACCTGCTCGCCAGCCGCATGACGCCGCTCGGCCACGTCGGGGTCGAACACCACGATGCCGCTGGCTGCGCCGGGGCTAGCCGGCAGCCCGACCGCCAACGCGGTGGCCCGCACGTCAGAACTGATGACAGGGTGCAAGAGTTGGTCGAGCTGATTCGGCTGCATGCGGAGCACGGCCTCGCGCTGCGAAATGAGACCCTCGTCCACCATGTCGAGTGCAATGCGCAGGGCGGCGGCTGTCGTCCGCTTGCCCGTGCGCGTCTGTAGCAGATAGAGCGTGCCGCGCTCCACCGTGAACTCGATGTCCTGCATGTCACGGAAATGCTTCTCGAGGCGATCCTGCGTGGCCATCAGCGCGGTGTACGCCGCGGGCAGCATCGTTTCCATGTCATCGATGTGGAGCGGCGTACGGATGCCGGCGACCACATCTTCACCCTGCGCGTTGAC
NZ_CP053085.1_gap29	1290837	1295749	4912	AACTTGCGCGCCGCCGGCGCGACGTCACCGAACGCATGCACGTGCGCCATGACGTCGTGGCGGAACTTCTTCTCATAAACGGCGACGGACTCGAAGTCGATGTCGTCGAGGTGCGCGCGCATCTCGTGGATCGCGGCGTCAGGAATAGCGATACCGAGACTCTGCTGCGCTTCGGCCAGCGCCAGCCAGAGGCGACGCCAAAGGCCGTACCGCATCTGGGGGCCCCACAGCGTGAGCATGGCGCGCGACGCATAGCGGTCGGCGAGAGGCGAGGCGTACGAGGTGCGGTCGGGTGCGGTCACGTAATCAGCGGAGAGAGAACGACGTCTGGAGATACTGTCGATTGCGCTCGAATACCACGTACACAGGACCGCGAGCGCCGTATCGGTCGATGGCAGCCGACGCCGCCTCGGCCGAATTCACTCGCGACTGTCCCACCTGCACGATCACATCGCCGTCCTGTAGCCCGATTTCATCGCGAATCCGATCGGAGACGCGATACACGAGCGCTCCGGCGTTCGACGCGACGCCGCGTTCCTGGCGAATGACATCGGTGAGCGACACCAGCTGGAGTTCGCGCAGCACGGTGACCTTGGGCGCGCTCACTTCCGGCGCGTCCGCGACCTGCAGCGAGAATCGCTGCTCGGCACTGCCACGACGAACAGTTACCGGCAGCTGTTCGCCAACGCGCAGATCGAGTAGTCGCGCTTCCCAGTCGAACGGATTCTTCACAGGGCGCGTACCGGCAGCGATCACCTGATCACCCGCTCGGACTCCGGCGCGATCGGCCGGGGAGCCGGGCACCACGCGGGCGACGATCGCGCCCACTGCGGCCGCTTCGCGCGCGCTCTGCACGTCGGGCGTTTGCAGTCGAATCCCCACCCACGGCTGCCGCACCGAGCCGTGATCAAGCAGGTCTTCCACGATGCGCTTGGTGCGGTCGATCGGGATGGCGAATCCGAGCCCCACCGATCCGCCGCTTGGCGAGTAGATCGAGCTGTTCACACCGACCACCTCGCCGGAGGCGTTCACCAGCGGTCCACCGGAATTCCCAGGGTTGATCGCGGCATCGGTCTGAATCATGTCGACGTACACGCCGCCGCCATCGCCTCGTCCGGCGAGGTTGCGACCAACGGCACTCACGACGCCCACCGACACACTGGGCTCGCTGTTCCCGAGCACGAAGCCAAACGGGTTGCCGATCGCGATCGACCACTCGCCCACGATCAATGTGGACGAACTGCCAAGGGGAGCCACCGGCAGATTCTTCGCTTTGATCCGCACCACGGCGAGATCGTTCGTTTCATCGATGCCGACCACCGTGGCGTCGTACGACGTGCCATCGCGCATGCCGATCGAGACCTTCGTGGCGCCCGAGATCACGTGGGCGTTGGTCACGATGATGCCGTCACTCCGCACAACGAACCCGGAGCCGATGCCGGCATTGCGACGCTCCCCGGTGCGCCCGCCCATGAAATACTCGAAAAAGTCGACCGGGACCTTCTGCACCGTTTCCGTCTGCACCGTGACCACGGCGGGAGCCACGCGTTCCACGGCCGTCGTAATCGCGGTTCGTCGCGACCCATCGATCGTCTGTGCGGGAACGGGACCGACCGGTTTGACCGGCGCTGGGGGAAGCGTGCGGGCCTGCGCGTTCGACGTGCTGGGGTTCGCCCCTTCGCAGCCGATCAGGGCAAGCGCGACCACAAGGGTAAGCGTCGAGCGTTGCACGATCACTGAAATCCTCGAATCACGAGGCATCGGCGTAGAGCTCGGCCGGATACGTGACCTCGCGCAGCGACAGGCCGTGGGCCGGTGCCGGAGCGGGCGTGCCCGAATTGTCAGGTGCGACGAGGAGCCGCGCGATCGTTCCGCGCGGTCGCCGTCCCTGAGCCACCTCAACCATCGTTCCGACTAGAAAACGCACCATGTGATGGAGAAAACGGTTCGCCGCAACTTCGAACACCCAGCCGCCGTCGCGCTCGACCCACCGCGCATGCTGAATCACGCAACGGTGGTGATCATCGACCGGCGCCGTGTGAGCGACGGCAAACGCCCGAAAGGTGTGTTCGCCCAACACACTGTCGGCTTCTCCCTGGAGTGCCGCCGGATCGAGTGGGTGTCGGATCGACCACTCATATCGTCGACGGAACGGGGAGCGTGCCGCCTCATCCGTCCCGATAAGATAACCATATCGACGCGCGATGGCGCTGCGCCGCGGGTGAAATTCCGGCACCATCCGGTGCGCCTCCGCCACCCAGATATCATCGGGGAGAGTGGCATTCATTGCCCGACGGAGGGTCGCTGGCGTCCAACGCTCCGGCACCCGGACGCCGACGCCCTGGCCGTGCGCGTGGACCCCCGCGTCGGTTCGCCCCGCGCCAATGGCGGGAACCGCGGTCGCGCACAAACGCTCGAGGGCGATTTCCATATCGCCTTGCACGGTGCGGACGACGGGCTGACGCTGCCAACCGGCGAAGCGCCCCCCGTCATACTGCGTTACCAGGAGGATCGGTCGCGGGTCCATGACCTGGGGGAAGCTAGGCACCAGACGCGTTCGCTTCAACTGATTCGCCTTCAAAGGCGCTCGACTATTGCGCTGTCGCGTCCGCTGACGTTTCCTCCACTCGCCATGCCTCCTCGCTCACTTGCTTCGCTGGCGTACGCGCTGTCCGCCACATCCGATCTCGACGGTGCCCTCATCGCTCTAGGTGAGTGCCTCGCCGAGTTGGATCGCGGCGCGTCGGTCGCCCTGCTGCAGTATGACGCGCGACGCGACATGCTGAAGGACCGGCTCACGCCCGTCGGCGCGCAGGTAGTCCGGACGTCGATGGAGACGACCTTCGATCACTTGCCCGAGGCGGCCCGCGCCAAGATCCTGGCTGGCGGACCGTTCGTAGACGTGAGCGACCGCTCCGCCGATTACGCCCGACTGTGCGGCTTTACGGCCGCACTTGACGGCGGCATTCTGGCCGTCCGCGGGTTGAAGGTGGAGGGGCTGCTGGGCGCCGTGCTGGCACTATACGAGCCGCGCAAGATTTTCGGGACCCGCACAACCGAGCGGTTGGCGCCGGCCGTCGCGCTCTTCGACCTAGCCTACGTGCGCCTCGCTGAGCGCGATGCCCGCGAAGAGGCCGTCCGTACGCTCGAGGACGTGACGCAGCGGGTACATGGGGAATACGTCAGGAAGCTCACGGCGTTGGAAGCGGAGCTGCGTGAAGTGCGCAACACGCCGCAGCACATCAGCGCGCTGAATCCGGCGGAGGCGATCGCCATTCAAGCGGACGCCGCCCGGTCGGGCGAGGAGGCCCGTCGGGCGCTGCGCCGGGCCGAACTCGCCGATCAGCAACTGACGTCGGCCGTCGGTCAACTCGAGCAGGCGCATGTCGAGCTGCATCGGCGGAGTGAAGCCCTTCGCCAGCGGACACGTACGTTGTATCTGTTGGACCGTGCGCTCTCGCTCGACGCGGAGACCACCGACTCGCGGAAACTGGTGGACGGTCTGCTCGCGTTGGTTGGCGATGATATGCAAGCACAGCGATGCTCCCTCATGCTGCGGGCACCCGAGCCAGACTACCTCTACCTCGCGGCGGCACGCGGTATCGCGCCGAACATCGTGGAAGGGATGCGAATCCGGATCGGTGAGGGTGTTGCTGGCCGGGTCGCGGCGGCACGAGAACCCTTGCTTGTCCAGGATGTCCGAGAAGCGTCGCAGCACCCGCTGCTTCGTGACCAGTACTTCACGACCGGCAGCTTCATCAGCTTCCCGCTCGTGTATCACGACGAATTGGTCGGCGTCCTCAACCTCACAAATCGCGCCCAGCGTGGCATCTATACCGACGAAGACGTCGAGCGCGTGCGACTGCTGGGTCTCGTGATCTCGCTTATCATGTCGCGGAACGCGCTCCCGGAGCGCCTGCTCGAGTCGATCAATGTCCGCTGACGCGTTAACGCAGGCCATTCGACGCTTGGCCGCGCACGAGTCGCTCGATGCGGAGAGCGTGCGTCGCGCGTTCGGTGTCATCATGCGCGGCGAAGGCACGCCGGTGCAGGTCGCGGCACTCCTGATGGCGCTGCGCGTGAAGGGCGAAACGCCCACGGAAGTGGCCGGGGTCGTCGAGGCGCTCCGTGAAGCGATGGTCGTTCTGTCGGCTGATCGCCCTCACGAGTTGGTCGATACGTGCGGAACAGGCGGGGGAGCACTCACCACCTTCAACATCTCGACGGCCGCGGCACTCGTCGCCGCCGGCATGGGTGTGCGCGTCGCCAAGCACGGGAACCGGTCGTTCACGTCGCGATCAGGGAGCGCCGACGTGCTCGAGGCGCTCGGCGTCGTCATCGACACGACGCCACCGGCAATGGCCGCCACGCTGGCCGACGCGGGCATCGTTTTCATGTTTGCCCCGCTGATGCACCCGGCGTTGCGGCACGTTGGCCCCGTCCGGCGCGAGCTCGCCGTCCCGACGGTGATGAACATCGTGGGCCCGCTGGCCAATCCCGCGCGCGCCGGTCGGCAGGTCGTGGGAGTCGCGGAACGTGCACGTCTCGAACTGTTGGCCGACGCGCTGTCTGAACTGGGAACGGTCCGGGCCATGGTCGTGCACGGCGAGCCAGGCCTCGACGAGATCTCGCCGCTCGGCCCGACGCACGTCATGGAGGTGCACGACGGTCGCACGACGCCCTGGACGATTGATCCCTCAGCCTATGGCATTTCGGGGATTGCGCTGGACGACCTGGCCGGAGGTGATCCGGCGCACAACGCGACGCTGATCGAAGACGTCCTCAGCGGCGGCGGCTCGGTGGGCGCGCAGTCGGCGGTGTTGCTGAATGCGGCCGCGGCGCTGTACGTGAGTCGTGAGGCTGGCAGCTACGCGGACGCTGTCGACACGACGCGGCGGGCGATGGCCGACGG
NZ_CP053085.1_gap30	1297835	1299928	2093	CGGACTTCGGGACGCGGTCGAGGCACTTCGGGAGTCCGTACCGGGGATTCGTATCATCCTCGCGGGCGGACTGCGTCCGGGAAATGTGATCGAAGCCATTCGATTGCTTTCTCCGGACGTCGTAGACGTATCTTCAGGGGTGGAGTCCGAGACGGGTGTCAAGGATTCGGTGTTAGTCGAACAGTTCGTCGCGGCCGCACGCTCGGCCGCAGGGATGCAGCGATGACCATGGTGGATACAACGACCGGCGCGGTTGCGCCGACAGATCGTTTTGGCCCGTTCGGCGGACGATACGTTCCGGAAACGCTCATCCCGGCGCTCGATGCGCTCGAGGCGGCGTTCGAAGAGACGCGGCGCGACGCAGCATTTCAGGCGGAGCTCGATGCGCTGCTGCGTGAGTATGTCGGACGGCCGACAGCGCTCTCGTTCGCGCCGCGCCTGAGTGCGCGGATTGGCGCACCGGTCTGGATGAAGCGCGAAGATCTGTGTCATACCGGCGCGCACAAGATCAACAACACCGTCGGGCAGGCGATGCTGGCGCGACGGATGGGGAAGCGCCGCATTATCGCCGAGACGGGCGCCGGACAGCACGGTGTGGCCACCGCGACGATCTGCGCGCGCTTTGGCCTGGAATGCGTGGTGTACATGGGCGAGGAGGACATGCAGCGTCAGGCGCTGAATGTGTTCCGTATGCGTCTCCTCGGTGCCACGGTGGTGCCGGTCCTGTCCGGGACGCGCACGCTCAAGGATGCCACGACCGAAGCGATTCGTGATTGGGTCGGCTCGGTGAACGACAGCCATTACATCATCGGATCGGTGGTCGGCCCGGCACCGTACCCGCGCATGGTGCGCGAGTTTCAGTCGGTCATCGGACGCGAAGCTCGCGCCCAGATGCTCGCGCGCGCCGGGGTGTTGCCGAAGACGGTCGTGGCGTGTGTCGGCGGCGGCTCCAATGCGATGGGTATCTTCGCCGGCTTCGTCGGCGACGCGGGTGTGGAACTCGTCGGCGTCGAAGCGGCAGGCGAGGGGCTGCACACCGAGCGTCACAGTGCGTCGATCACGCGCGGGACACCTGGTGTGTTGCATGGGTCGCTCAGCTATCTCCTGCAGGATGCGAACGGACAAGTGCATCCGGCGCACAGCATCTCGGCTGGCCTCGACTACCCCGGCGTCGGCCCCGAGCACGCGTGGTTACATGACAGCGGTCGCGCCGAGTACGTGTCGATCGACGATACGGAAGCGCTGCGCGGCGTCGCCTTGCTGAGCCGACTCGAGGGCATCATCCCCGCACTCGAAACGGCGCACGCCGTGGCATGGATCGAACGGGAAGCGGGGCGCTGGTCCGAGCAGGAGCCGGTCTTGTTGTGCGTAAGCGGCCGCGGTGACAAGGACATCGGTACGATCAATCAGTACACGCTGCCCGAGGTATGACGACGACGGGGCACGAAGTGGCCGTCTCGCCGCAGGCGGTGGCGGCGATCGAGGATGCGCTCCGCGCATTCGCGAAGGCGCTTCGTGCCATTCAGTTGTATCTGCCGAATAACCCAACGCGAGCGACCGCCATCGAACAGGCCCGGGGGGCGTTCGGCAAAGTGTGGCGGGTTGCGAACCCGCTCGAGATCCAGATCAAAGACGCGTCATTCGTGTGGGAGGAGCGCACCGTGTACCTCGATGCGGAGCGCGGCACGGACGGGTTGCCGTGGCTGTTGTATCGCGATGGTTTGCGGTCGCTGCACCTCCACAGCGGATTCGAAACAACCGACCTCGAGGCACTGCTCGCCATTCTGCACAAGGCGCGCACCGCGTTACCGGATGACGATGATCTCGTGACGCTCCTCTGGGTCGCCGACTTGGCCACGATCGAGTATCGACACGTCGAGCACGATGCGATCGGTGATATGCCGGTCATGAGCGGCACGGATCGCCCAGGAGTCGCGGTATTCGCGAGCGGTGTGGCGCCGCTGGCGGTGCCGGCGGCGGAATCGGCGGCGCCCGGCGAGGGGCCGCCCCCAGGCATGGTCCGAGTGGAGGACTTCGACACCACGCTGTATTTCCTCGACACGCGTGAGGCGACGTATCTGCAGGAGGAACTC
NZ_CP053085.1_gap31	1301122	1305115	3993	ACGCCGCGGAGCGCGTCGAACTGGCCGACGGACACTGTCGTCTGCGACGGATTGGCGACTACCTGTTCGTCAACGAAACGCGACTGCGGCTCACGCTCGACAATTATGCCGCCGTCGCATATGTGCTTGGTCTCCTCCGCGAAGCGGGGCTCGGCGGGTTGGCCGTCATCGCCCATACGACGCCGCGGGACTGGGTCGTGCTGCTCTCGTTTCTGCAGTCGCCGCCCCTCGAGTATCCGGAAGAGGATCGACTGCAGCAGTTGTCGACGCGCGTGGAACAGGCCGGGGTCACCTGCTTCGAGTTCTATCCGCCCGTCGACGAAGCCGACCAGCAGGAGACGGAACTCGACGCGAAGGAGCGCGCCCGGCAAACGTACGTGCGGTCGCTCGATGTCACTCGCGATGTCATAACATCGGCGCGACTCGGACGCAGCGCCGGACTCAAGCGCGTGAAGCGGGCGGTGCAGGGGATTGTCGATGCCATCCTCACCGATGCGGCGTCGCTGATCGGCTTGACCACCCTTCGTGAGTTCGACGAGTACACGTTCGTGCACAGTGTGAACGTGAGTATCCTGTCAGTGGCACTCGGCCGCCGTCTCGGACTGACAAAACCGCAACTGTTGGACCTCGGGCTGGCGGCCCTCCTGCACGATATCGGCAAGTCGCGGGTCCCGCTCGAACTGCTCAACAAACGAGGTTCGCTCGACGACGACGAGCGGGCAATCCTGCAAACGCATACCTGGCAGGGCGTGCTCTCAATGTTCGCCATGCCGACCGGGTCAGCGCGTCCGTGGCGCGCGATGACCACGGCGTATGAACATCACATGCGCATCGACCTCACCGGCTATCCCAAGCCGTTTCGGTCGCGCCGTCTGACCTTGTACAGCAAGATCATCGCGGTGGCCGATGGCTTCGATGCCGCCACGACGACGCGCGTCTATCAGGACGTGCCATGGACGCCGGCGGACGTGTTGCGCGGCATGCGGGACAACACGCGCCTCGGACTCGATCCCGTGGTCGTGAAGGCATTCATCAATCTTACGGGCATTTATCCGGTCGGCACGCTCGTGGTCCTCGACACCTTCGCGCTCGCGATGGTGGTCGCGGCCAATCCTGATCCGACCGCGCTGTCGCGTCCGCTCGTGCGCATGATCACGGATGCCCAGGGCAACCGTCTTCAGGATCTCCAGATCTATGACCTGACATCATGCGACGCATCGGGCCAATTTTCCTATACCATCATTCGGACCGAGGATCCTCAACGCTATGGCATCAACATCGGTGATTACTTCGCCTGACGTTTCCGTCCCGTCCGCCTCACGGCTGTCCGCGCGCTTTGCCGCGCTGGCGGCCGAAGGGCGTCGGGCGCTTGTCTGCTATGTCACGGCAGGACATCCCGACCCCGAGCAGAGTGTCACGCTCCTCCGTGGCATCGCCGCGGCGGGCGCCGACGTGATCGAGGTGGGCGTACCATTCTCTGATCCGATGGCCGACGGTCCGGTTATTCAGCAAAGCTCGCAAGTAGCGCTCGACCACGGTGTGAGCCTCGAGCGCACGCTGCAGATCGTGAGCGAGGCCGCGCTCGACGTGCCGGTGGTGCTGTTCAGCTATCTCAATCCGATCATCGCCGGTGGACCGGACGTGCTGGCGCGCGCGCGCGCCGCCGGTGTCGACGGCGTCCTCGTCACCGACCTCCCGGTCGGTGCCGATCCCGCGCGTGAAGCATGGTTTGGTGAGAGTGGACTCGACTTCGTGCGCTTGGTGGCGCCGACCACGCCGGCCCCGCGCATGGAGGAGATCGCGCGACACGGCGGCGGATTCGTGTATCTGATCAGCCGACTCGGTGTGACCGGGGAACGGGCGTCGCTGCCCGACGATCTGCCGGACACGGTCGCGCGGCTCCGCGCGTCCACGTCGCTGCCGATCTGCATCGGCTTTGGCATCTCGACCCCGGAGCAGGCCAAGGCCGCGGCGCTGTTGGGTGATGGCGTCGTCGTCGGAAGCGCGCTCGTGCGCGCCGCGGGGCGTTCAGTGCAGGACGCCATCGCCCTGACAGCAGCGCTGCGCGCTGCAATCGACGAAATCTGACGACCGCTGTGACGTCTGATTCGCACCTCGACGGGTCGCACCTCGAGCTGCCGGCCTGGTCGATCGTCACGGACAAACGGCGTGCGCACATCGCGCGCGTCGTGGCCGTGTTGCGTACGTGGGCCGCGGCGCTGGCGCTCTCGCCGGCCGAGGTGCAGGCTTGGGTGGATGCCGGCACGTGGCATGACGCATTGCGGGACGCCGACGAACCGATATTGCGCGCAGCGACCGGCGATCACACGCGGCCGTTCGGCATGCTGCACGGCCCGGCGGCCGCGATCCGGCTCGCCGCGCTCGGCGAAGCGCGTCAAGAGGTCCTCGACGCGATTCGTTGGCACACTGTTGGGCAGCCCGACTGGGCTCGCGTCGGTCGCGCGCTGTACATGGCGGATTTTCTCGAACCGGGCCGCTCGTTCATGCAAGCGGATCGCGCATTTCTCGCCAGCTCGGTGCCTTTCGCCTTCGACGATGTCTTCCGTCAGGTGGTTCGGATGCGGCTCGAGTGGGCGATTCGTGAAGGGAAGGGGCTCGCGCTCGAGACGGTCGCGCTGTGGGAGACGGTGCGATGAGTACGTCGCCCGGGTGGCCGTCGATGCCCGCGCCGGACGTGCCGCGTCGCACGCGGCGTGGCTGGTTGATTCTCGCGCTGTTGACCGTTGTCGTGGTCGGCGCCGGCGCGGCGTGGTGGCTAGATCGGGGCGCGCCCGTGGTCGCGTCCGCGAACGGCACGATGGCGGCCGTCGATGATTCGCTTGCTCGTGCGCCGAACGACAGCCGCGTGCGCGTGCGCGTACTCAATTCATCGGGCACGCGCGGCTACGCGCGACGCGCCACCCTCGAGCTGCGCGACCGGGGGTTCGACGTCGTCGAGTACGAGACCGAAAGGGGCAAGCCTCGCAATGGCACGCTGATCGTATCGCATACGGGCCATGGGGACTGGGCCGACCGACTGCGCCGCGCCGTAGGGACCGGCAGCATCGAGGCGCGCCCCGATTCACTACGCTACGTGGACCTCACCATCTTCGTGGGTCGTGACTGGAAGCCGTCGTCCGAGACGCTCCGTCCTTAACTGACCACAGGCCGCGGCGATATCCAGTCCGCGGCTGCGACGGACGGCGGTTTCCACCCCACGTGCACGCAACGCCCGTGCGAAGGACGAAATCGCCGATGCCGTCGACGGGACGAAGCCCATCGTTCCGCCGGGGTGCAGTGGAATCAGATTCACGAACGCGCGGCACTCGCGCGCCAATTGCGCCAGCTGAGCCGAGTGCGACGGCTGGTCATTGACGCCGCCGAGCATCACGTATTCGAAGGTCACGCGTCGATCGAACTTGGCCGCCGCGGCAATGACGTCAGCAAGCGGATACTTCGTGTTGACCGGCATCAACGACTTGCGCAGCTCGTCACTGGGCGCATGAATCGAGATCGCGAGTCGGAACTGCTCGGGACGCTCGGACAATGCCACGATGCCCGGCAGCACGCCGACCGTCGAAATCGTGATGTGGCGCGCGCCGATGCCCAGCGCGCGGGGGTCGTTGAGCAGCGAAAGCGTCGGATCAACCGCCTTCCAATTCATCATCGGCTCGCCCATGCCCATGAACACGATGTTCGTGGGAATGATCGGCGGTGACAGCAGTCGCAACTCGCGGACCTGTCCGGCGATTTCCGATGGCGTGAGGTTGCGCTGAAAACCCATCGCGCCAGTGGCGCAAAAGGCGCACTGGAGCGCGCACCCAGCCTGTGAGGAAATGCAGAAGGTGATCCGGTCGCCGTCGGGAATGGACACCGTCTCGATGAGCTGACCGTCCGCCATTCTGAACAGGAACTTTTCGGTGCCGTCGGTCGATGTCTGTCGCGTCGCGAGTTCGAGCTGGGGAAGCGCGAACGACTTCGCGAGTGCTTCTC
NZ_CP053085.1_gap32	1306311	1309291	2980	ATGAACTTCCCTGATTCGCCCCGTCCGGAGCGCCGCGCGTAATGTCGTCTTCGCCAGAACAGTCCGTGCTCGCCACGTCCCTTCGTACCGACACCTGCGGCCTACTGCGCGCGCAGGATGTGGGTCGCACCGTTCGCCTTGGCGGATGGGTGCACCGGAGCCGCGATCTGGGCGGCCTCGTGTTCATCGATCTGCGCGACCGTACGGGTCTGGTGCAGTTGGCCTTCGGGCCGGCATGGAGCGATGCGGAGACGTTGCGCATCGCGGCGGCCGTGGGTGTGGAGTCGGTCGTGTTGTGCGAGGGTGAGGTCGTCGCGCGTGAGCCGGAACGTCAGAATCCCGATATGCTCACCGGCACGATCGAAGTACGCGTGACGTCGCTGCGTGTGGTCGGTCCCGCCGTCACGCCGGCGCTGCCGGTGGCCCGTGGACGCGGCGAAAAGATGGCGGCCGAAGAACTGCGCTTGCGTCATCGGTATCTCGACCTGCGCCGTCCGGAATTACAGGAGAATCTGGTACTGCGCCATCGGCTGCTGCAGGTCTCGCGTCGGTTTCTCAGCGATCGCGGCTATCTCGAACTCGAGACGCCGATTCTCACCAAGCCGACACCGGAAGGCGCGCGCGACTACCTCGTGCCGAGCCGTGTGCACCCGGGTGAATTCTACGCGTTGCCGCAGTCGCCGCAGATCTACAAGCAGCTGTTCATGTGTTGCGGCTTCGATCGCTACTTCCAGATCGCGCGCTGCTTTCGCGACGAGGATCTTCGTGCCGATCGGCAGCCGGAGTTCACGCAGATCGACATCGAAGCGTCGTTCATCGAGCGCGAAGATATTCTGGCGCTCGCCGAAGGGTTGATCGGCGCGCTCTGGACCGAGGCGGGCCACAGCATCCCGGCGCACTTCGATCGGATGAGCTATCGCGATGCCATGGAGTTCTATGGCTGCGATCGCCCTGATCTGCGATACGACCTCAGACTCGCCGACTACACCGCCGTCTTTGCCGGCCTCGATTTCGCGGTGACCACGAGCGCCATCGCCAACGGCGCGCGCGTGCGCGGACTGATCGTGCCGGGCGGTGCCGCCTGGAGCCGCAAGCAGGTGGACGAGTTGGAGGCGCTCGCCAAGAGCGCGGGCGCGGGTGGCCTGCTGCGGCTGCGGCACGCCGACGGCGCCTACGACGGCCCGTTGGCCAAGTTCCTCACCGACGATGCACGCGCGGCCTTCGCGCTCGCCGACGGCGATCTCGCCCTGTTCGTGGCCGCACCCGATCGCGTCTCCAGTCCCGCGCTCGATCGCGTACGGCAGGAGTGTGCGCGACGCCTCGAGCTGGTCGACGACAAGCTGCAGCGCTTCATCGTCGTGATGGACTTTCCGATGTTCGAGGAAGATCCCACCACCGGTTCGCTCGCGGCCGTGCACCACCCGTTCACGGCGCCCCATGCCGAAGACATGCAGACGTTCCCCGACCAGCCGGCACGTTGGCGTGCGTTGGCCTACGATGTCGTGCTCAACGGCACCGAACTCGGTGGTGGCAGCATCCGCATCAGCGATCCTGCTATGCAGTCGCGCATGTTCTCTCTGCTCGGGATCGGTGATGTCGCCGATCAGGAGCGGCGCTTCGGCTTCCTGCTCGAAGGTCTCCGGGCCGGCGCACCGCCGCATGGTGGTATCGCCTTCGGCTTCGATCGGATCGCCATGTTGCTGTCCGGCGCGCCATCACTGCGCGACGTCATCGCGTTTCCGAAAACGACCGCGGCGCGCTCGCTCTTCGAGGGGGCGCCGGTTGCCGTGCCGCCGGAAGATCTGGCGGAGTTGCACCTTACCGTCACCGGGAGCGACGCGTGACGGGCAATGATCGCGCACCCGAGACAGTCACCACGCGCGTCTCGGTCGAGGGCGCGGATATGCAGGTGCTCGCGGGCGCCAACGACGCCAATCTCGTGGAACTCGGGCGCGCCACCGGCACCCGCGTCGCCCTACGCGGTGACAGTCTCACGATCACTGGTGATCTCGACAACGTCACGCGCGCGGAGCCCATCGCGACGGCGATGGTGACGCTGGTGCGCGAGGGCAAGTCCCTGAACGCCGACGATGTGCTGCGGTTGTCGCTGACCGAACGACCGGCCGACGCACCGGCGGCGACCAACGGCGCACTCGTGCTGCCGGGAGCGCGGCGCGGCGTCCAGCCGAAAACGCCTGGACAGGCCGAGTACCTCAAGCAGATCGGCGAGCATGACATCGTGGTCGGCGTCGGCCCGGCAGGGACAGGCAAGACGTATCTTGCCGTCGCCGCGGCGGTCGATGCGCTCATGCGGAAGCGCGTGCGGCGCATCGTGCTGGCGCGTCCCGCCGTCGAGGCGGGTGAGAGCCTTGGCTTCTTGCCAGGCGACATGCAGGCCAAGATCGATCCGTATCTGCGCCCGCTGTACGACGCCCTCGATGATCTCATTCCGGTGGAACGCCTTCAGAAGCTCATTGAAACGCGCACCATCGAAGTCGCGCCGTTGGCGTTCATGCGCGGTCGTACACTCAGCGATTCGTTCGTCATTCTCGACGAAGCGCAGAATGCGACGGGGCTGCAGATGAAGATGTTCCTCACGCGTCTGGGTGTGAACTCGAAGATCGTGATCACGGGCGACAAGACGCAGGTCGACTTGCCGCGACGAGAAGACTCGGGACTCATGCAGATCGAACGCATTCTGCATGGCATCGAAGGGATTTCGTTCCACTACTTCACCGATGCCGACGTGGTGCGCCATCGTCTGGTGCGAGACATCATTCGCGCGTACAACGCCGATGCGGCCGGCGCATGAGCCGTATGCGTGAGGATCCCCGCGCCGTGTCGGTGCAAGCCGACGGGGTTCGCGTACCGGTCGCCGCCGATCGCCTCGCCGAACTGTCGCGCCGCGTCCTCCGCGCGCTCAAGGTGTCGCGCGCCATGATCAGCGTGACATTCGTCTCGTCGCGCGCCAGTGCCACGC
NZ_CP053085.1_gap33	1314695	1316347	1652	CTCATGTTCGCGGGATCGAAGTGGCGGGAGCCGGAATGTTTGAGGAGCACCGTCTGTCGCGCCGCTGTGACGGCGTCATTCCAGTCCACGATCTTCATCGACCATTCCGCGAAGTCGCGCGTACTGATCTCCTCGACGCTCAACACTTGGCAGTTCGAGTGTCGCGGATCGGTGGCGATGTGATGGTACAGCGCGTTCACGGCGAGCCGCTCTCCTTCGAGCGCCTGCAGGAACTGGCCACCGCCGTAGCACAGGATGCCGGTGATCGCGCGCTCGCGGTTCGTCTCGGCCGCGGTGTCCATGATCGTGATGAAATCACGGTAGCGCAGGTCCTCACGCGCATCGCTTGTATAGATCAGACGGATTGTATGCACGGCATTCCCACTCACGTTCGAGATCGGTCCTTCCCGTCAGCGACCCCGGCGGCGGGAGGCTAGGCGACTTGTGTGGGACCGTGGGGTTATCTAGCGTGTCCAGATGAAGACGACCAGCCCTTGGTGGGCAACACACTTTGACGCGCAGTACCTCCACGAGTACGAACCCCTGTTCAATCTCGTACAGGATCGTCGCGAGGTATCGCGTCTGCTCGACGTGCTCGAGCTGCCCTCGGGCGCGCGCCTGCTCGACTGCCCCTGCGGTCAGGGGCGCCACGCGCACCTGCTGGCCGAAGCGGGTTTCGATGTCGATGGACTCGACTACTCCAAGCCGCTGCTCGAGGTCGCCAAGCGCCGAGGCGCTGGTAAGACCCTGCGATACACCCAGGGCGACATGCGGAAGTTGCCGGCCAAGTGGACCGGCCGTTTCGATGCCGTGCTCAACCTCTTTACGTCCTTCGGGTTCTTCGACGATCCCTACGATGACCGGAAGGTCCTGGCCCAGTTTGCGCGGGTCCTGAAGCCGGGGGGCGTGCTGATCTGGCACGGCGGCAGTCGTGACGGCGTCATGGCGCGCTTTCTGTCCCGTGACTGGTGGAGCACCGAGGACGGGACCGTGTTCGGTCAGGAACGGCGTTTCGACCCATTGTCGGGCTTCCTTGAGATCACGTCCACCTGGCGCGGTCCAAAGGGAGACGGGGAGCGCACGCACCGCATCCGCCTGTATTCGGCGTCGGAGTTGGCGGCCCGAATGCAGGAGGTCGGTCTGGTGGTCGAGCAGGCGTTCGACGCGTGGACCGAGCGCCCGCTGACACGTAAATCCAGCGAAATGCTGCTGGTGGCGCGTAAGGACGGGTGAGTAGCTTGAAGGGCTGCCGCGCGGAATCCTCGCGTCGGCGGCGCCCGACCCCGGGTCCTTTCCCGTTTGCCCTCCGATGACTCGACCGATTCGCGTGCTCGTGGCCAAGCCTGGCCTCGACGGCCATGATCGCGGCGCCAAGGTGGTGGCTGCCGCGCTCCGTGACGCCGGCATGGAAGTGATCTACACCGGTTTGCACCAGACTCCCGAAATGATCGCCTCGGCGGCCATTCAGGAAGACGTGGACGTCGTGGGCCTCTCGATTCTGAGCGGCGCCCATATGACCCTCTTCCCGCGTGTCCGCGACCTCCTCGTTGAGGCAGGACGCGACGATATCCTGCTGACTGGCGGTGGGATCATTCCGAAGGAAGACATGGATGCCCTCCAGCAGCGCGGCGTGGCCCGCCTGTTCGGTCCGG
NZ_CP053085.1_gap34	1318395	1319625	1230	GGTGACGGGCGATGATATTCTCGCCAGGCTCGATGACCTCATGGCCGCCGGCCATGAACTCAAGAACATGGACACCGGTGAGCCACTCTCGACGATTCGCGATCGCGTGATGTCGGCGAACGCATACATCGGATCTGAGCCGATCGTCGAAGCGCTCGCACAGGGTGCGAACGTCGTCGTGATCGGGCGCAGCACCGATACGGCGCTCACGATGGCACCGCTGCGTCATGAATTTGGATGGGCGGCAGACGACTGGAACAAGATGGCCTCTGGCATCATCGCCGGGCACATTCTCGAGTGCGGTGCGCAGTCGTCGGGTGGCAATTGCATGCACGAGTGGCGCACCATCCCCGACATGGCGAACGTCGGCTACCCGATCGCCGAGGCCTCCGAAGACGGCACGTTCGTCATCACGAAGCACGCCGGTACGGGCGGACGCGTGAGCGTGCCGAGCGTGTCCGAGCAGCTGGTGTACGAGATGGGCGATCCGCATGCGTACATCACGCCCGATGTAGTCGCCGATTTCACCAGCATTCAGCTCGCGCCCGATGGTGAGAACCGCGTGCGCGTGCACGGCATCACCGGCGGTCCGCCGACCCCGTTCCTCAAGGTGTCGATCGCGTATCGCGCGGGGTACAAGGCCGTGGGATCGCTGGTGTACTCGTGGCCCGACGCGATGGAGAAGGCGCAGATGGCTGATCGCATTCTCCGCGAACGTCTCGACAATCTCGGACTGAAGTTCGATCAGGTGCTGACGGAGTTTGTCGGCGCCACATCGACGCACGGGGCATTGGCGGGCGACGGCCATGACGCGCCCGAAGTGATGTTCCGCATCGGCGTGCGCGGTGAAAATCGCGCCGACATCGAGCGGTTCACCCGTGAGATCGTGCCGTTGGTGCTGAATGGCCCGCCGAGCGTGACCGGTTTTGCTGGCGGTCGCCCGAAGGTGGAAGAGATTGTGGCCTACTGGCCTGCGCTGCTCGACAAGCGAGCCGTGTCCACCGCCGTCACGATCATGGAGTAACGGCCATGCACATTCGCTTGCTCGATATCGCACATGCCCGCAGCGGCGACAAAGGCGACACCGCCAATGTCGGCGTGATTGCGCTCAAGCCCGAGTGGTATCCGACCCTCGTGACGTACGTGACGCGCGACCGCGTAGCGCAGCACTTCTCAGGACAGATCAACGGCGGCGTCGACCGCTTCGAACTGCCCAACCTCCACGCCCTG
NZ_CP053085.1_gap35	1321367	1326365	4998	CGTGTCGGTGCCCTGCGTATTGATGTGCGTGTGTTCGGGCACAGCGGCGGCCCGCTCAAGACGATCTGGAATTCCGGCGAGATGGAAGTCACGGTGCGTGGCGAAGTCCCGCTGAGCGTCGCCAGCAAACGTGCGCTCGATGTGCCGCAGCTTCGTGAACAGCTCGGACGACTGGGAGGCACGGCCTTCAAGCTGGGAACGGTTGACGTGGCCGGTTTGGCCGACGGACTGTTCCTGCCGGTAAGCGAACTGAATCGCATCCGTCAGGACGCGGTCGCGCAGCTCGAAGAGCAACTCGGCTGGGCGCGTCAGAGTGATGTGGCGGTGCGTGAAGCGCGCATCGCCGAGGTGGTCGACACGGTTGCGTCGTCGATCCCGTCGGCGGTCACCGACGCGTCCTTTGCGCTGCGTGCCATCGTGTGCGATCTCGACACCGCGCGCGAGGCCGCCGCGGGTGGCGCAACGGAGATCGTGCTGGATCCGTTCTTACGCCATCCCACGCCACCTCTCGCCCGCGTGCACGCGCTACGCGAGGAACTCGCCGCGGCTGGCGTTACGCTGCGTCTCCGCACGCCAACGATCGTGCGCCCCGAGGAACGCAAGCGACTTGAGAAGTGGCTGGCACTCGACCTGCCGCTGCTGACCGGCCATCTGGGCCTGCTCGCCGAGTTTGGTGGGGCAGGGCGAGATGTCATCGCCGATTACGCGACGAACGTGTTCAACCAGCACACGGCACAGCTGCTGTTCGAGCTCGGGGCGTCGCGACTGGTTGCGTCGATCGAGCTGACGACCGAGGAACTCGGGCAGCTCACCGACCCGTGGCGCGGCCGCAATTTCGACGTGCTCGTCTACGGGCGTACTGAGGGCATGACCATCGAGCATTGCGTCCTGTCGGCGGCGTTCGATCGCGAGCCGACCACGTGCCGCGATCTCTGCGTGCAAAAGCACACCAACGTGTCGTTGACCGATCCAGCCGGTTACACCTTCGCGGTGGCCACCGACTCGGCGTGCCGCAACCGACTGCTGCATTCGCGCCCCATCGATGGATCTGAGTATCTGCCGGACCTCTGGGCACAGGGCGTGCGCGGCTATCAGATGGTCTTCAACGTTCCTGGTGATCCCGTGCAACAGATTGTTCGTGCCTATCGCGACATGCTCGATGCGCTTGCCGGCAACGTCTTGCCGGAGATGACCGCGACCCGCCGCCTGCTCGACGGCGCGTTTACACGCGGGCATTTTGCGAGGGCCGTCTGACATGAAGCGACTGTTTCGCACTCTCATGCCGCTGCTGCCGATCGGGCTGGCGATCCTCGCCGGGATCGACGCCGTTACGGCCTTCCAGACTGAACGTACGGGGCGTGGCGCGTTCAAAGTGCTGAGCGTGCTGGTGTGGTTGTTCATCGCATACATGCTGTACGAGACCAACAAGCGCATTCCGACCGACGAGAAGTAGTTGGCGTTGGCGTGATGACGCGCGCGTTCTTTGGATGACGTGCGCGACGGAGGGATGCGCTAGCGTGCGGCATGCCGATCGCACGCACCACATCAGCCGGTTACGGCACGCTGGAACTCGCCCGCGTCACGCTGCGTGAGACGTTTGGCTATCCGGATTTCCGGCCGCCGCAGATCCGTGCGGTGCAGTCGGTGGTCTCCGGTCGCGATGCGCTGCTCGTACTCCCGACCGGCGGTGGCAAGTCACTCTGCTATCAGGTGCCCGCGCTCGTCCGAAACGGACTGACGGTGGTGATCTCGCCGCTGATCTCGCTGATGAAGGATCAGGTCGATGCGCTCCAGCGCAAAGGCGTGTCGGCGGCGTTCATCAATAGCACGCTGAGCGTGAGCGAGGTCGCGGACCGTATGGCGCGGGCGCGCGACGGCTCGCTCAAATTGCTCTATCTCGCGCCCGAGCGACTGGAGGCCGGCCGCGTGCTGCAGCAACTCGTGGAGGTCGGCGTGCAACTGCTGGCCGTCGACGAAGCGCACTGCATCAGCGAATGGGGACACGACTTCCGGCCGAGCTATCGGCGAATCGGCCTGATTCGCGAGCGACTGGGTACACCGCAAACCGTTGCCCTCACAGCAACCGCCACACCCGATGTCCGGAGGGACATCGTGCGTCAACTCGCGCTCCGTGACGTCGAGGTGGTCGTGGCCGGTTTCGATCGTACTAATCTCACGTATTACGTGACACCGGTGCGCACGCAGCCCGATAAGGACCGAGCAGCGATCCGTCTGCTTCGCACCTTCGACGCGCCCGCGATCGTGTACGCACCCACGCGCAAGGCGGTGGAACGCGTGACGTCGGTCTTGGTGCGCGGTCGAATCCGCGCCGTCGCCTATCACGCCGGATTGGATGACGCGCTGCGCCAGCGCGCGCAGGATGCCTTCATGCAGGAGCGCGCCCGCGTGATCGTGGCCACCAGTGCGTTCGGTATGGGCATCGACAAGCCGGATGTCCGCCTGGTCGTTCATCACTCCATGCCCGGCTCTCTCGAGGCGTATTATCAGGAAGCGGGACGTGCCGGTCGCGACGGCGAGCCGAGTACGTGCGTGTTGCTCCACGCATATCCCGATCGCTTCACGCACGAATTCTTCATCGGCAGTGCACACCCGGAGCGATCCGTCATTGAGCGCACATGGCGGATGCTGCGATCGCTCGTCGACCGGCACGGACTTGTCGCATTCACCGTTGACGAGCTGGCGAAGCGGGCGCCGGCGTCACTAGGCGAGCGCAAAGTCGGGGCGGCCCTTCGCGTACTGATCAAAGCCGGCGCCTGCAAAGCCGAGGCGGCACCTATGGGTCGCGTCTCCGTCCGGCTCCTCGCATCTCCGGAACGGATCATCGGCGAGCTCACGGGCGACCGCGCGTTCGATCGGGAAGTGCTCCGGGCGCTGTGGCGTGCGGTCGGCAGCAAACTGGAGCTCGGTGCGACCATTGACCTCGACCGGCTATCTCGAGGGCTCGGTGGATCGATGGCGCTCGTCCCTGTTTTGGAGCGGCTGGCAGCGCAGCAGTTCGTCACGTGGACGCGAACGGGGGCAGCTGTGCGCCTCGATCCGCGCGCGAAGCGCGCGGACTGGCTGCCGGTCGAGTGGACGGCGATCGATCGGCGGCGCAGATCCGATCTGAACCGTCTCGATGCAATGCAGCGATATGCGCAGACGCGCTATTGCCGAAGAGCGTTCGTCCTGCGCTATTTCGGAGACCCCGAAGTGCGCTCCCAGTGCGCTGCCTGCGATCGTTGCTTGGGCACCACTGAAGTCCTTCCACCGGCCAGCACGAAGCAGTCCGATCGTGGCCGGTCCCGCCCGCTCTGACCTCGACGTCTTCCATGGACGATAGTCTTTATTTCAACGAGCAGCATCTCGCCGTGCGCGACATGGTCCGCAGTTTTGCGCGAGAGCAGGTTGCCCCCGTCGCCTCGCAACACGATGAGGACTCGACGTTCCCCTGGGTGAATGTGAAGGCCATGGGTGATCTCGGACTCCTCGGTATTCCGTGGTCCGAGGATGTCGGTGGTGCCGGATTCGATACGATCAGCTTCATGATCGCGATCGAGGAGCTCGCGAAAGTGTGCGCCTCGCATTCCATCACGATCAGCGCGCACACGACGCTGGGCACCTCGCCCATCGTGAATTTTGGTACGCCGGCGCAGATCGCGCAGTACGTGCCGCTGCTGGCCAGCGGCAAGGTCCTTGGCGGCTTCGGTCTCACCGAAGAGAGCGCCGGAAGCGATGCCGGCGGCACGCGTACGACGGCGGAGAAGAAGGACGGCTACTACCTGCTGAACGGCTCCAAGCGGTTCATCACGCATGCCGGTGTCGGTGAGGTGTTCGTCGTCACCGCGGTGACCGACCCGTCCAAGGGCACGAAGGGCATCTCGTCCTTCATCCTGAACAAGGAGAGCTGCGATCTCGAGCAGTGCCGTGTGCTAGGCGTCGGTCACGACGACTCGTTGAAGCCGATGAAGGGCTTCACGTCGGGCAAGAAGGAAAACAAGCTCGGATGGCGCGCGTCCGACACGCGGGAACTGTTGTTCGACAACGTCGAAGTGCCGGCGGAGAATCTGTTGGGCACCGAGGGCCTCGGCTTCATCAACTTCATGAAGACGCTCGATGCCGGACGTATCGGGATCGCTTCGCTCTCGATCGGCATTGCGCAGGGAGCACTCGAGGAGTCGCTCAAGTACGCGTCGGTCCGCAAGCAGTTCGGGGCGGCCATTGCCACGTTTCAGGGCATCCAGTTCCAGCTGTCCGACATGGCGACGGAGATCGAAGCCGGCCGCCATCTGGTTTATCACGCGGCGTGGCTGGCCCAGCAGGGCAAGCCGTTTGGCAAGGAAGCCGCGATGGCCAAGCTGTTCTGCTCGGAACTGGCGATGCGAGCCACGATCAAGGCTATCCAGATCCACGGCGGGTACGGCTACACGAAGGACTATCCCGTTGAGCGCTACATGCGCGATGCGAAGATCTGCGAAATCGGCGAAGGGACGAGCGAGATCCAGCGTATGGTGATCGCGAGGCACCTGCTGAAGGGACTGATGGACTGAGTCACCGGGACGGACCGCCCTGGGTGTATTGCGGGAGACGTTCGGTCCCGTGTACTCTTCCTTGGTAGTTCGTTTTGGCAGGACCCCGCAGTTTCCGTAGCCGTCGCTTCCGGCGCCGGCGGCCCGTGCGACTCACGGGCCGTTTGCGTTTGTGGTGGGGGCGGATCGGCGCCAGCGTGCAGCCATCCGACGCCTTCCACACGTCCCACCGCACGACACACCCCGTGTGTCGATCGCGGGCAATCGCGTTTGTCCTGAGGCCTGCGCCTCCCGCCGCTATCGAAGCGCGGGACGGTCCGCGGTATTCGGGCGCGAGTCGCCCGTCCGATCAGTCGTGCTGGCTGGGGGAGCCCCGTGACGTCGTCCGTGTCGCCGCCTTCTGGCGCGCTCGGGCAGCCTCTGTTCGATCACCGTGTTCGTCGCCGCATCGGTCCAGTGGGGTCGCCAC
NZ_CP053085.1_gap36	1327377	1331922	4545	GCTACACGGGCAAGCGTGACCCCGAGAAGACGGTGTTCAAGACGAACACCGAGGCGGCACGTGAAATTGCCCGTCAGCTCCGGTTGCGCGACGTTGGCGGCATCATCGTCTGTGATTTCATCGATATGGAAACGCAGGGGAATCGCGACAAGGTGATTCACGAGCTGCGTACGCACCTCGGTCGAGATCGCGCCCGTACCAAGGCGCATGCGGTCTCCGACCTGGGCCTGGTGGAGATGACGCGCCAGCGCGTGCGGCAGAGCCACTGGCAAAGCATGACCGAGTCGTGCCCTACCTGCAGCGGAACCGGTCGTGTGTTCACGCCCGAAACGATCGTCCGGCGGACGGAGCGGGCCGTGCGCCGTATGTCGGCGGAGGGACGCCGCGAGCCGGTGATCCTCCGGCTCCATCCGGAGGTCGCCCTTCACGTGCTCGAGCAGGAACACGACTTCGTGAAGCGCTTGGAGAAGCTGGCCGGATTCCCGATCGAGCTGCGGGACGATCCTTTGCTCCGACCGGATGAAATGAAGCTCGTTATGCGGGGCGCCCAGCGGGACGTCACGCAGCAGTACGCCCTGGCCTGAAACCGGCCAAAAACTCACGTTCCCACATGCGCCTGAGGCTGGTCTCAGGCGCTTGACAGCTAAAGCGAAGCCGGATAAGCTTTAAGGCTACGTTTGAAGCCTGCAGAATACGATTTAACAGATAGAGCCATGAGCTACGCGATCATTCGCACCGGCGGCAAGCAGTTCCGTGCCGAGCCGGGCAAGTCCCTCAGGATTCCCTCGTTGCTGGGCGATGCCGGCACGGCCGTCGAGTTCAACGACGTCCTTATCGGCAACGACGGCACCGGTGTCCGCATGGGCGTGCCCACGCTCAGCGGTGCCAAGGTCACCGGCGAGATCGTGAAGCACGGCCTCGAAGACAAGATCATCGTCTTCAAGTTCAAGCGCCGTAAGAACTATGCCCGCAAGCAGGGTCATCGGCAGAAGTTCACGGAAGTCCGCATTAACGAAATCACCCTCGGCTGATCGCCGGCGGCGCGCCTCACTGTCGCGCCTCCTTTTCCGGAGTAAGAGCAATGGCACATAAGAAAGGCGTCGGCTCATCACGCAACGGTCGCGATTCGAATCCGAAGTTTCGCGGCATTAAGAAGTACGGTGGTGAGTTCGTAACGGCTGGCAACATCATCGCGCGTCAGTGCGGTACGAAGTGGCATCCCGGCAGCAATGTCGGCATGGGCACGGACTACACGATCTACTCGCTCGTCGATGGCGTCGTGCAGTTCCAGCACCACAACAAGAAGAAGTACAAGATCAGCGTGCTTCCCGTCGAGTTCGTCGAGATGATCGTCGAGGAAGTGGTCGAGGCCTGAGCCTCACCGCGCGTTCGTTGTATTCAGGAAGCCTCCGCCTCGCGGGGGCTTCTTGCGTTCTCCGGCGTAACTTCTCCGCGTCGCTTCACGTAGGTTCTCTGCATCACTCACACTTTGCGGAGAAGCGAGTCATGGCGATCTGGGATAAGGTCAAGCAGGGGATCGATAAGGCCGGCAAGGCCGCGCAGGACGTCTTCGACGAGGGCAAGCTGCGCCTCGACGCCTATCGCGCCCGCGAACAGACTGATAAGGCGGCCGAGGCGCTCGGCTACGCTGTGTTCCGTGCCGCTGATGCAGGCGGTGAGCTCGCCGCCGATGCGCGCGAGCGGCTCATCGCGGCCATGCGGGCGCTGGATGCCGAGGCACGTCGCCTTGAGACTGAGCTGGCCGCGGCGCGCGCCGCCAACGGCACGACGGAGGCTGACACGGCCGCCGGATCGGTGCCGACGGCCCCCGTGCAGCCGCCTGTGCAGCAGTCCGCGCCGCCGACGGATACTCAGGGATAGAACGCCGCCCGGATGGTCGCTGGCACATCGGTGCAAAGGCCATCCACGCCCCATGACGCGAGCAGATGCGCGCGCACCGGATCGTTCTCGGTCCACGCGATGACCTTGGTCCCGCGTTCGTGAGCCGAGATCACGAGCGCTTCGTCGATGAGATGGGTGTATTGCCAGAGTGCGCCCGGCGCGGTGGGGCGAAGCATGCCGGCCGGGTCAATGAGATACGAGTCGGACAAGAACCCGATTTCGGTCGTCGGACGAATCATCCGGACCGCCGCGGGAATGCGGTGGTCGAACGAATGCACCGCCGTTCGCACGGTGGGGTGGCGGTCGAGCAGGGCGGCGACCGCCGCCTCGATGCGCGGGGCCTTCACCTCGATGTAGACCGTGGCCTTCGTCCCGACCAGCGCGAGCACGTCGTCGAGCAGCGGTACCGGATGCCCGCCGCGAAGCTGTGCGCGGCGGAGCTCAGGCAGGGTCAGCTCTCGGATCGCGGCGGCGCCCCCGGCGTCGCCACCCCGCTCGAGGGTGAGCACCGGGTCGTGGTGCACGACCACGTGGCCGTCGGCCGTGCCGTGTACGTCGAGCTCGATGCCGTCCGCCTGCTGTTCGAGGGCACGGGTGAAGGCGGCGAGAGTGTTCTCGAGGCACTCGCGTGACGAGCCGCGATGGGCGATGATGTCTGGTATATGCATGTCTGCTCTCCCTGTCGCGTCGTCGTTGCCCGAGTCCCAGCCCGAACCGCTCCGGCGGCCAAGCTGCGGTGCCCGACCTCGTCAGGTCAATGGCGTGCCACGGCCTTAACGATACCCGCCGGGCGTCGTCCAATAGGTCGAAGCGTATGATCCAAGCCGAACAGACCGATGACGCGTCCGTCGATAGCGCCCTCATTGCGCAGTGGATAGCGGGTGACGAGCGGGCCGCCACGGCGATAGTCGAACGGCACGCGGGCGCTCTGGCGCGCTTCGCGGTCCGTTTGGGGGTCGAGGAGGATGTCGACGAGTTGGTGCAGGACACGTTCATCAGGGCATTTTCGGCGCTCGGCTCGTTTCGGTCGGATAGTTCGCTTCGCACGTGGCTGTTCACCATCGAACGTCGTCTCGTCATCGATCGGCGACGATCGACGGCCAGACGGGGACGCGAGGTCGAGGTAGACGACGGTCATGCGGCCACCGAGTACGACGCGCTCGACGCCTTGGTGGCTGACGAAGCGGCGCAGCGGATGGCGTCGGCGATCGGTCGATTGACACGCATGCAGCGTGAGGTGTTCACGCTGCGTGTGCAGGAAGGGCGGAGTTACAAGGAAATCGCGGAGATCCTCGACAGTTCCGAGGGCGCCGCCCGGGTGCACTACCACAACGCGATGCGAGCCGTGAAGGAGTTTCTCGATGACTGAGTGCCGGACACCGGAGATGCAGGACCTGTTACCCGACTATGTGTCGGCGTCGCTCGATGCGACCGCCGCGGCATTGGTGGAGCAGCACCTGTCGATCTGCGACCCGTGTCGCGACGACATCGCCCTGTTGCGCCTGGCGCGCGCGGTTCGCCCAACGGCCGTGACGGTCGACGTTGCGAAAATCGTGGCGAATCTGCCGCGGCCTACGCCGACGTTGAGACTCGTCCGCTCGTCCAGCGATGCGTCGACGGAGTCCACCTCGTCGCGAGCAACAGCGGCCGCCATCGTGTCGCGTCCGCGACGTCGCTGGTCGTCCTCGGTGTGGCAGGTTGCGGCGGCGGTCGGGGTGATGGTCGTCGGTGGCACCTCGCTGATCGTCTCGCGGAGCAGCCCGACCAGTCTCACCGGCGCCCGCTCGAGCGACGCCCAGTTGGCGGAAGCTGCCGAGAGTGCCTTGGCGCGGACGCCGGCGTCGGCGACGCTGCCCGCGGCGACGGTGGCGGTACTGGATTCGCCCTCGAACATCGGCACCGCTGGTCGCGACACAAAGGTCTCGGTCTCGTATGGCGATCTCGGTGATTACTCCGAGGCTGAGCTGCAACGCATGCTCGATCGCCTCGAGAAATGGGATGGTACCAGCTCGGCCGAGCCGTTGCCGACGTTGCCTGTTGTTTCGACTTCTGGAGGTTCCGCACCATGATTTCGCCGCGATGCCGTTGGCTGGTCGCCGTCGCACTTGTCGCGATGAGCGGTTCGCCCGACGTGGCGTTCGCGCAGGGCATGCCGCCTCGCGCGAACGATCGCGCGGGCGCGTCTCGCATGAATGATCAGCAGCGCGAGGTCCTTGAGAAGCGCTTCAAGGAACGCATTGATGCGATCGTCAAGGCGCGTCTGCGTCTCACCGACGATCAGCAGGTCAAGCTGCGCGAGGTGGCCTCACGCGCGGAGGAATCGCGGCGCGTGTTGCGTCGTGAGGAGTTCGTCCTGCGGACCTCACTGCGCGAGGAGATGAAAGCCGGCGACAAGGCGAACGAGTCCAGGGTCGGAGAACTGCTCGACCAGATGCCTCGCTTGGAGCGTCGAAAGCTGGATTTAATGGAGTCCGAGCAACGCGATCTGGCGAAGTTCCTGTCGCCGACGCAGCGGGCGCGCTACTTCGGGCTGCAGGATGAGCTGCGCCGGGGCATGCAGGACCTGCAGCGTCGACGCATGGGTATGGACGATTCGACGTCCGGCCCGCCTGACAGTCGCGGCTACCGGCGACGCGGGACTCC
NZ_CP053085.1_gap37	1343350	1347547	4197	GGTTGCGGAAACCGACTCGACGCCCGCCGTCGTAACGGACACGATTCGTGGGCGCACGCAGCAGCTGTTGGCGGCAGGGTATCGCACGTCGCGCTGGTCGGTGTCGATGACGGATCGCGTGCGACCGATCGACGGCACGGCATTCCATGCGCCCGCGGTACGTGGTCGACTGGGTGGCTCACGCTACGCGATCGGTGCATTCGCCGAAGAGAATGGGGCGGACTCCACGCGTCGCATCGATTTGTCGGCCCGTGCGCAGCCGTTTTCGTGGCTGATCCTCACCGGCGCGCAGAGCACACGCACCCCGGACTCGGCGACCGGTCGCGTGAGTGGAAACACGTTGCGGGCCGAGGCCGCGCTCAAGGTCGGCCGACTGTGGATCGGCGGCGGCGTCATCCGGGACAACGCCAATCGCTTCGAGTCGCCAGTCATTTTGGGCACGCCCGCGGCGCTCGTGTCGTCGGTCGATGCTCAGGGTGTCCTGGCCTCGGCCGCCGGTCGTCTCTACAAAGACGTGCGCCTCGATGTGCAGGCGATTCGATGGGATGGATCGCAGTACAATCGGCCGCAGCTGCACGTGCGTACGGAGATCGCGTTGATCAGCGATTGGCGCCGCCGATTCCCTCGTGGTGAGTTCTCGATCAACGCGCGAATCTGGCATGAGTTGCGCGACGGCGTGCCGTTCTTCTACGGCACGGAGGCCGGCAGCAGTACGCCTGATGTGCGCATCACCGAGCGCGCGAATGTCATGACCGGCTTGCTCGAACTGCGCATCCAGCGCGCGACACTGTTCTACCAGTACCGCAACCTGACCGGCGGTGCGTACGAGCAGATTCGCGGCATTACCATGCCGCCTGCCGTGCAGATGTACGGCGTGCGTTGGGAGTTCTGGAACTGATGCGGTTGACCTACTCGGACGTGCGCGTTTCATTGCCGATCGCATGATTCGTTCAATGACGGGCTTCGGCCAGGCGGAAGGCACAGTCGGCACCTCCCGGGTGCTGGTCGAAGTGCGCACGGTCAACCATCGCTTCTTCTCGCCCAGCATCAAGTTGCCGGGCGCCTATGGGCGCTGGGAAACCGAGGTGCGCGAGGCGATGCGCCTCAAGGTCAGTCGCGGGCACGTGACGTTGACCGCTCGGAGCGAGCGACTGGCCACCCAGGCCATCGCCATCGACGACGAGCGGTTCGCCGCGGTCGTCTCGCAGCTGCGCGATCTGCACGATCGGCACGGACTCTCCGGGGGCATCGATCTCGCCACGGTGTTGCGGATGCCTGACGTCATGTCGGCGCCGCGCGAGGAGGAGGACACCGGCACCGTGGCGGACCTCATCGCCGTCGTGGACCGGGCGCTCGACCACCTGGGGCGCGCCCGAGCCGAGGAGGGCGCGCGGCTCGCGGCGGTCTTGCGGGAGCGGTTGGATCTGGTGGACGCGGCGTTGCAGCGCATTGCGCTCCGGGCGCCCGAACGCCTGCTGGCCCAGCGGGATCGCCTTCGGGCCGCCGTGAAGGAGCTGGCCGATGGGCTGGCCGTGGACGAGGTCCGTTTGGCGCAGGAGATCGCCATTCTGGCCGATCGCATGGATGTGAGCGAAGAGCTCGATCGGTTTCGGTCGCACATCACCGCGTTTCACGGCGTTCTGGCCGACGCGGACGCGGGCGGGGAACCGGTGGGCAAGCGCTTGGGCTTTCTCCTTCAGGAAATGCTCCGGGAGGCGAATACCACCGGCAGCAAGGCGGCCGATGCCACGATCCTTCACGACGTGGTGGGCGTGAAGGAAGAGCTGGAGCGTATCCGGGAGCAGGTCGAGAACCTCGAGTGAGCCCATTTCCGGTCATCCTGTCCGCCCCCTCCGGGGGTGGAAAAACCACAATTGCGCGTCGCGTGCTGGAGCGGCGGGCCGATGTGGGTTATTCTGTTAGCTGTACGACGCGTGCTCCACGGGATGGTGAGGTGGACGGACGCGACTACCGCTTTATCAGTCTCGAAGCGTTTGCGGCCGCGCGCGATGCGGGCGAATTCGCGGAGTGGGCTGAAGTGCACGGCAATTTCTACGGAACGATGCGATCCGAAATTCAGCGGGTGCTGAGTGGCGGGCAGCATGTCCTGATGGACATCGACGTTCAGGGGGCACGACAGTTCCACATCGCGTTTCCCGATACGGTGCTGATCTTCGTGTTGCCGCCGTCGGGCGAGGTGCTGAAGTCACGGCTCTCGGCGCGGAAAAGCGAGAATCGTGAGCGGTTGCTCGTACGCCTGCGGAACGCCCGTGCGGAGTTGGGAGAAGTCGGGCGCTACCACTACGTGGTGGTGAACGATGATCTCGAGCGGGCGGTCGATCAGGTCAGCGCAATTATCGATGCGGAAGGACTGCGGCACGACCGGGTAGATGAAGTCGAGGCGCAGGTCGAGGCGCTCATCGCGCAGCTCGAACAGGAAATTCACGTTTTCAGCAAGGGCGACTGACGCATGCAGGTTTTTACTCCGTCCGACGTGTCGAAGCACGCGGCCAACAAGTATCTGAGCGTGCTCATCGCGGCGAAGTTCGCGCGCGTGCTCAACGAATTCCCCCGCGATCGCTCGGCGCACGAAAAGAAGCTGACGACGCGCGCGCTCGAAGAGCTCGCTCACGGTGAGATCGAGTATCGCGTGGTGCCGCGCCGACGTCCGGGCTGAGTTCACACCGCTTGCTGGACCCCGCGCCGCGCCGTGACGATCGTCCCGGCGCGGCGCCTTTTCTCTCCCCTCAGCGCCCTCGCCTGCTCCTGTGCGTCCTTTCGACCGTCAGCGCATTCTGCTCGGGGTCACCGGCGGCATCGCGTCCTACAAGGCCGCGTGGCTGGCGCGCCTGCTGACGCAGGCTGGTGCCGAGGTCGACGTGGTGCTCACGCGCGCGGCATCGGAGTTCATCGGCGCAATCACGTTCGAGGCCCTCACCGGCCGGCCGGTGCACACCGCGCTCATCGCGCCGGGGCATGCGCTCGATCACATTAAGCTCGCCCGCGCGGCGCAGCTCGTGGTCGTGGCACCAGCGACCGCTGATTTTCTCGCGCGCGCGGTCGGTGGGCACGCTGATGATCTGCTGTCGGCCTGCTTGCTTGCGACGAGCGCACCGGCGCTGCTCGTTCCGGCGATGAACGATCGCATGTGGGCGCATCCCCAGGTGCGGCGCAACGCTGACGCGGCGCGGGAAATTGGATACCACGTGCTCGATCCCGACAACGGCGCGCTCGCGGTCGGCGAGGGCAGTGGCCCCGGCCGCATGCCGGAACCCGAGACCATTGTGGCGTACTGCGCGCGATTGCTCGAGCCGCCGACGGTGCTGGAAGGTCGCTCCATCGTCGTCACGGCCGGTCCGACGCGTGAGCCCCTCGATCCGGTGCGCTTTCTTTCGAATCGGAGTAGCGGAAAAATGGGCGTGGCGATTGCCGCTGCGGCATGGCGACGCGGTGCCGATGTTACGCTGATTGCTGGCCCACTCGATGTCGCCACGCCTCCTGGTTTACGAATCATCACCGTCGAGACGACGTCGCAGATGCGTGACGCCGTGTCGCAGGCGCTGCCTGGCGCTGCCGCGCTCGTCATGGCCGCAGCTCCTGCGGATTTTACCGCGGCGTTGCCGGCAAGCACCAAGATCAAGAAGGCAGACGCTGGCGATGCACTCGCGCTCGTGCGCACCGATGATATTCTCGCCACAACCCGAGAGTCGCGCCCAGCGTCCTGCGTGACCGTGGGTTTCGCCCTCGAAACGGGCGATGCCCGGGTCGAGGCGCGTCGCAAACTGGTCGACAAGGGGCTCGACTTCATCGTCGCCAATGACGCGCTCGAAGACGGTGCCGGTTTTGGCGTTGATACGAATCGTGTGACGATCGTGCACGCGGACGGACGCGAAGAACAGCTTCCGCTGCAAAGCAAAACGCAGGTAGCGGATCAGATTCTCGACCGCGTTGAGGTGCTGCTGCATGGACGCTAAGGATCGTCTCCGCCGGTATCTCGAGCAGCGCCGTGAGCTGGGCGAGTCTGAGCTCGTGCTGGATAGCCTCTCCGTCGAGGACGTGATGAAGATGGTCGGCGCGAAGTCGTCCGCGCCGAAGATTGCCGACGCGCCTGCAGCGCCGGCTACAAAATCGAAAGTGCGGACACCGGTCGAGCGGGACGCCGACGCGCCACCGCCCGAAGCGCCGAGTGATCTGCCG
NZ_CP053085.1_gap38	1364237	1367541	3304	CTTCGTGTACCACGACACGCCGCGCCGCGCGCACTCGATCGCCGCGCAGGGTGGTATTAACGCCGCCAAGAACTATCAGAACGACGGCGATTCCATTCGTCGGCTGTTCTACGACACGATCAAGGGCGGCGACTTCCGCGCCCGTGAAGCCAATGTGTATCGCCTCGCGCAGCTGTCGGTGAACATCATCGATCAGTGCGTTGCCCAGGGTGTGCCGTTCGCGCGTGAGTACGGCGGTCTGCTGGCCAACCGCTCCTTCGGCGGTGCCCAGGTCTCGCGTACGTTCTACGCCCGTGGTCAAACTGGTCAGCAGCTGCTGCTCGGTGCGTACTCGGCGCTCGAGCGTCAGGTGTCGCTCAAGGGCGTGGAGATGCACACGTTCGAGGAAATGCTCGATGTCGTCGTCGTCGACGGGCATGCACGCGGTATCGTGACGCGTAACCTGCTCACCGGCAAGATCACGTCGCATGCGGCCGATGCCGTGGTGCTCGCCACGGGCGGGTACGGCAACGTGTTCTACCTCAGCACGAACGCCATGCTCTCGAACACGACAGCGACGTGGCGCGCGTACAAGAAGGGTGCGGCATTCGCCAACCCGTGCTACACGCAGATTCATCCGACGTGCATCCCGGTCAGCGGCGATCACCAGTCGAAGCTGACGCTCATGTCAGAATCGCTCCGGAATGACGGCCGCGTGTGGGTGCCGATCAAGCGCGGCGACAATCGCGAGCCCTCGGCGATCCCAGAGGCGGAGCGGGACTACTTCCTCGAACGCAAGTATCCGAGCTTCGGCAACCTCGCGCCGCGTGACATTTCGTCGCGTGCCGCCAAGGAAGCGTGCGACGATGGCCGTGGCGTTGGCCCGGGCGGCCTCGGCGTGTATCTCGACTTCGCCGATGCCATCAAGCGGCTTGGCAAGAACACGATTGCCGAACGGTACGGCAATCTGTTCGACATGTACCAGCGCATCACGGATGAGAATCCGTATGAGCGGCCGATGCGTATCTATCCGGCTGTGCACTACACGATGGGTGGCCTGTGGGTGGACTACAACCTCATGAGCAGCATCCCCGGCCTGCATGTCGCCGGCGAGGCGAACTTCTCCGATCACGGCGCGAACCGTCTCGGTGCATCCGCGCTCATGCAAGGACTGGCCGATGGCTACTTCGTATTGCCCTACACGATCGGTGATTACATCGCCGGTACGAAGCTGGCCAAGGTCGATAACACGCACGCCGAGTTCAAGGCGGCGGAAGAGTCGGTGCGCGCGCAGACCAAGCGCTTCCTCGACATCAAGGGTAAGCGCTCGGTCGACTCCTTCCACAAGGAACTGGGCAAGATCATGTGGGAGTACTGCGGCATGGCGCGCACCAAAGAGGGACTGACCAAGGCGCTGGAGCTTATCCCGGCGCTCAAGGCGGAGTTCTGGAGCAACCTGAACGTGCCGGGCAGTGGCGATAATTTGAATCAGGCGCTGGAGAACGCCGGACGCGTGGCGGACTTCATCGAGCTCGGTGAGTTGATGTGCCGCGATGCACTGGCCCGCGAAGAATCGTGCGGCGGTCACTTCCGCGTCGAATACCAGGACGCTGGCGAGGCGAAGCGAAACGACGACGACTTTGCCTACGTGGCCGCCTGGGAATTCGCGGGCGAAGGCAACGCGCCGATTCTCAACAAGGAACCCTTGGTGTACGAGAACGTGCACCTCTCCACCCGGAGCTACAAGTAATGAAGCTCACACTGAACGTCTGGCGTCAGCCGGCCTCGCAGGCTCCGGGCAAGCTCGAGACGTACACTCTCGATGGTGTCAGCGCGGACATGTCGTTCCTCGAGATGTTCGATCTGCTCAACGAGCAGCTCACGACGGAAGGGAAGGTGCCGGTCGCCTTCGCTCACGATTGCCGCGAAGGCATTTGCGGTTCGTGCTCGATGATGATCAACGGGCAGGCGCATGGGCCATGGGCCGGTGCGGCTACGTGTCAGTTGCACATGCGTGCCTTCAAGGACGGTGACATCATCACGGTCGAGCCATGGCGCGCATCGGCGTTTCCGATCGTGAAGGATCTGGTAGTGAATCGCGGATCGTTCGACCGCATCATTCAGGCGGGCGGATACGTGTCGGTGAATACCGGCGGCGCGCGTGATGCCAACTCGATTCTGATCGGCAAGGACACGGTCGAGGAGGCCATGGACGCCGCGGCTTGTATTGGTTGCGGCGCCTGCGTGGCCGCGTGCCCGAACGCGTCGGCATCGCTGTTCACCGGGGCCAAGATCACGCACCTCGGCATGTTGCCGCAGGGGCAGCCTGAGCGTGACACGCGCGCGCTGGCCATGGTCGAGCAGATGGATATCGAGGGCTTCGGACACTGCACGCTGGTCGGTGAGTGTCAGGAAGCGTGCCCGAAGGAGATCAGTATCGACGTGATCAAGAAGATGAATCGAGACTATCTCGTGGCGAGCGCCAAGCGGCAGGAGCCCAAGGCGGCTAGCGCCAGCTGATCGATTTGGGTCTGAGTGGCTGCGAGATCGGGGGGGCGTCGCTTCGGCAACGCGCCCCCGATTTTTGTCGTATGTTGGAGTATGCGAGCTCCCTCTCTTTTTCGCTCGATCGTCTCGTTGCTGCTGACGCCGCTCCTGATCGGGTGCGCCGAGCACGCTCCGGCTCCCACCGCAGGCAACGCGGAACGCGGCCTCGCGCTGGTGACGGCTTTTCGCGACTCGCTGCCGGAGCACAGCGGCAATGCGCTGCGCTGCGTAAGCTGCCATCTCGACAACGGCACACGGCCGACCGCGATGTCGTGGCAGGGGACCGCCGCGCGGTATCCGCGTTATCGCGCACGTCCCGGCTATGAAGAAACGTTGGCGCGTCGCGTGAACGAGTGCATCGCGCGCAGCTTGGCGGGGCGCATGCTGCCGGAAGACGGTCAGGACATGCGTGACATGTTGGCGTATCTCGAGACGATGCGGTCGTCACCTCGTCCGGCGCCAGTCGATTCCGTGAAGCTGGTTGGGGTCGCGGCGCGCGGCGACATCGGCTACGCGGGGCAGTGTGCCCGCTGCCACGGTGCCGGCGGGGCGGGGGTGCCTGCGATGGCGGCGCCAGCGGTGTGGGGAAGTGAGAGCTACGCCATCGGCGCCGGCATGGCGCGGCAGTATACGCTCGCCACATTCATTCGCCATAACATGCCGTTCGATCACGCGGACACGCTCACCGCGCAGGAAGCCGCCGACATCGCCGCGTTCGTGTTGACGCGGCCGCGCCAGGATCATCCCGGCAAGGAGCGCGACTGGCCGAAGGGGGACC
NZ_CP053085.1_gap39	1461559	1466263	4704	GGCACGAAGCACCTCGTCCGCATCAGCGTCGAACGCCTCGGCGAAGCGTCCCGCCGAGACGATCACAAGTACCGGGACGATCGCGGTGTAGGCATCGCGCTTGAGGCGACGGCACGTGCCGACCGCGAGCGCCTCCCAGTCGGCATCGCCACGCGCGTCGATCAGGATGAGTCTGGGACGCGACTTCATCGCCTGGGGGCAGACGCCCGCGGCATCGGCGGTCTGCTGCAGAGGAATGCCTGACGATACCCACCACGCGGTCAACCACGACGGTTCATCCTGACCGAGGGTCAGGTGAACCGCGACGTGCTCGTTGAAGCCGGGTGTGGTCATCGTCGAAGCGTGGATCGGGAGTGAGGGTGGGCGGAAGCCCCTCGGAGCGAGCGGAAGTGTGGAACCTCGCTCAAGAAAGGACGATCACCTCATCCCGTTCGCCACGATGTGTCGGCGGTCACATCAACCGTCACAAAACGAAGATGACGGCGGGCCCCGAGCCGAAAAGGCTGTCTAGCGGCGCTCGGGGACGAGACGAATGGCGGTTCGCAGCTGACGCCGCCCATCGCGAGGGTCACCCACCGGTTCGACGACGGTGTGAATGCTCTCCATGCTCATTCCGACCACGCCGGCGCCCCCAAAGCGTCGCACGCGGACGCTGACATACGCGTCGATCAGGCTGACCAAGTGATTGGCCCCGATCAGTCCGACGTAGTTCACCGCGCGCTGTACACTCCGGTTCGCGCTGGCAATGGTTTGTGCGTAGACATCTCGCTGGAGCTGCGCGTCGCGCCAGCTCCACTGAAACGCGGCCGGCACCGCCCGCGACTGGTAGAACGCGAGCGCTCGCTGGTACTCCGCACTGCCGACGGCAGGTGCGACGGCCGGATTGAGCCAGTACGTTTCGCGCGCCAGCAGCCAACGCGCCCCATTGTAGGTCGATTCGTCGGTTTCGGGATCAATGCTACCACCGGGAATACGATCGAAGGCACCGCTCTCGAGGTACTTCTCCATCGACTCGTAATAGTCCCAGCTGCCGCGCGGGCGCTCGCCCCCGAACGGCTGTCTGGCGACCTCAAATGCCAAGGCGCGATACGCATCGCGATCCCGATTGGCGTCCCGTCGCGCGCGGACCTGCTGCAGGATGAGATAGCCTTCGGCCACGAGATAACCCACGCTGCGCTGCTGTCCCATCGCGAACTGACCGGCACCGGGCACCACACCCGAGAGGACCGGCGCCCACCACGGCGCTCGAGCTCCCGAGGCCGGACGCCAGGCCTGACTGACGGCGGCGGGAATGGCGGCGCTGTCCGCGCGTGCCGTCGGTGGCGCCACGGCCACGCGGAGGGCCACCGGTGTCCCGCCTTGCGCCAGCGCGACGGATGCGGTGAGGCACACATACAGACCGCTCGCCGCGATGCGGATTCGGCGACGCATCAGAAGCGGGCCCGCAGCGAAATGTACGTGGGTGGCTCTCCGAGCTGCGACGATGCCGCATCGAACCGACGAGCAAGATCGAGCGCAAAGCCACCACGTTGAAAGCCGAAGCCGATGGACGGCCCCTTGGCGTCGCCAGGCTGCAGCTTGTAGCCCCCGCGAAGGAACGCGACATCCCGATACCCCAGAACGACACCAACTCCACCGGCGGCCCCGTTCAGGGCGGCGGCGCTCTGCACGTCCAAGGTGACATCGAGCGATGCCCCGGCCGCGGTGAGAGACTGCACCGGCACTCGTGCCATGCCGCCAACCTGAATGATGCGAGGAAGCGGATCCGCCTGCTCGGCATCCTTCACCTGCAACGCGGGGCCAAGATTGCGCACCGACGCGCCGATCGTGATCGGGAGACTCGTGGGCAGCACATACTGTGCGCCCAGATCCAGGGCGCTCGTGGAGCCCGAGATGACCGGCACGTTGCCGCAAATGCCCGTGCACTGGAATCGCAGCATGATGAACTTGTACGTCACGCCAGCGCTCAATCGTTTCCCGACGGGTGTCGCGTACGAGAGCGCGAGTTGGTAGTTCCGATTCGTGATCGTGCCGATCTCGGTGCCATTGACGGGGTCCGTCGCCGCCTGGTCGCCGTAGTTCACCAAATACGCCGATGCTGCCACGGTCCCGAGAACGCGCGATGGGATCGCAAATGTCAGCATGTCGCTGGTGGCGATCAGCGTCTGCGAGTGGTGCACGGCCAGTTCTTTCTTGCCGATGCGCGCGAGGGCGGCGGCATTCCACCACATCGCTTCCGTACCCAAGGTGGAATCGGCGACGACCGCTTCACCTTGCGCTACGGCGTGCGCGCCGAACGGCACCAACAGAAATAGGCCACCATTCTGCGCGTGCGCCGACGTCGCGGCGCTCGCGCTGACCGCGACGACGGCAAGCGCACGTACACACCGCTCGATCCACGGCCGACCGCGTCTCACGTCTTTTCGTTCGGGTCGCCGTACCCCAGGCGCAACACGGCATTGCGATTCCGACGCCAGTTCGGGAGCACCTTCACCCACAGATCGAGATACACGGGCTGCCCGACGAAGCGCTCGATTTTCTCGCGCGCTACGCGGCCAAGCTTCTTGATCTGCTGTCCGTTGGCTCCGATCACAATCCGTTTCTGGCTGTCGCGTTCGACGTGCAACACTGCCCGAATGTACAGCGGAGTAGAGCCCTCGCGGAACTCCTCAATTTCACACGCGAGCGCATGGGGCAATTCGTCACCGAGTTGTTCGAGCGCGGTTTCGCGCACGAACTCGGCACAGAAGAACTTCACCGGTTGCGTGGAGAGTTCATCGGCCGGGTACAGGTACGGACTCTCGGGCAGTCGCTCCGTGATGGCGTTGACCAATCGATCCATGCCATCACCCGTGTGTGCCGACAGCAGTACGGCCTCGGGATAGTGCTCGAGCAGCGCAAACTTTTTCGGCTCGTCGATCAAGTCGATTTTATTGAGTGCGAGCAGCACCTTGGCGCGCGGTGCGCGCTCGAGACCGGCCGCGGTGGCGAAGTCGGCGGGAATGGTGGCCGTGGCATCGACGACATGCACGAGCACATCGGCGTCGCGCACCGCGGCGAGCGCCGCATTGCGCATCGCGCTATGCAGGGTGTCTTTCGGTTCGAGCAGACCAGGCGTGTCGAGAATGACCATCTGCGTGTCATTCTCGGTCCGCAGCCCGAGGATGCGGTGGCGAGTACTCTGCGCCTTGCTCGACGTGATCGCGAGCTTCTCACCGACGAGTCGGTTGAGCAGGGTGGATTTGCCGGCATTGGGGAATCCGGCGACCGTAACGATACCAGCCCGTGTCATGAACTCAGGTTCGGGTGAATACGACTTGGGAGTGAAGGGTAGTGATACACAGAAGCCCCCGCCACCGGAATCCGTGAGGATCGGTGACGGGGGCTTCACAAGGTGCCGGCATCGGCCTACTCTCCCGCGGTCTCTCGACCGGAGTACCATCGGCGCTGCTTGGCTTAACGACCGTGTTCGGGATGGGAACGGGTGTGGCCCAAGCGCTCTAGATGCCAGCGATTTCTGTGCGCACTTGCGTGCGAAATCGGTCCTACAGGTCCATCGATTTTCAAGGCTCCGCGGTCGCCTGAGGGCGTCGCGCGCGTTGACAAACGGATCGGGAAGTGATCTTGGGTGGGCCGTCGCCGAAGCGAGGCGACCCTGACGTACGCATGCTTTGCGAATTCTGTTTGGTGTTGCTTGGTCCCCTGAAACAACCAGGGGGGAGTCAAGCCGCACGGGCGATTAGGACAGCTGCGCTCGGAACGCCTCGCGGCGCTTCCACGTGCTGCCTATCGACGGAGTAGTCTCCTCCGGCCCTTTAGGGAGCTCAAGGCTCCAGGGAGAATTCATCTTGGGGGGCGCTTCCCACTTAGATGCTTTCAGCGGTTATCGCCACCGATCATCGCTACCCGGCGTTGCAGCTGGCGCCACAGCCGGGACACGAGCGGATCGTCCGACTCGGTCCTCTCGTACTAAAGTCCGCTCCCCTCAATTCTCCAACGCCCACGACGGATACAGACCGAACTGTCTCACGACGTTCTGAACCCAGCTCATGTGCCACTTTAACCGGCGAACAGCCGGACCCTTGGGACCTTCTCCAGCCCCAGGATGTGACAAGCCGACATCGAGGTGCCAAACCGCGCGCCGTCGATGTGAACTCTCGGGCGCGATAAGCCTGTTATCCCCAGCGTACCTTTTATCCGTTGCGCGATAGCCGATCCACACCGGGCTACCGGATCACTACGGCCGACTTTCGTCTCGGTTCGACCCGTCGGTCTCACCGTCAGGCTGGCTTCTGCCGTTACACTCTATAGGCGCGATTACCGACCGCGCTGAGCCAACCTTCGCGCGCCTCCGTTACTCTTTCGGAGGCGACCGCCCCAGTCAAACTGCCCACCTGCCACGGTCCCGGATAGGGTTTGCCTACCGCGGTGAGGCGATCATACAGCACAGGGTGGTATTTCACTGGTGCCTCCTCGAGGGCTAGCGCCCCCGACTCACCGGCTCCCACCTATGCTACACAGTCCTATACAATCGCCAATGACAAGCTGCAGTAAAGGTGCATGGGGTCTTTTTGTCCTGTCGCGGGGACTCGGAATCCTCACCGAGACTGCTATTTCGCCGAGCGCGTGGTCGAGACAGTGCTCAAGTCGTTACGCCATTCGTGCAGGTCGGAACTTACCCGACAAGGAATTTCGCTACCTTAG
NZ_CP053085.1_gap40	1467749	1469181	1432	CTATCGGTCACATAGGAGTCTTTAGGCTTGGAGGGTGGTCCCCCCGGCTTCACGCCCGATTACTCGGGTCGGGCGTTACTCAGGAACTCTACTACACACAGTGCATGATCTTCGCCTACCGGGCTATCACCGTCTATGGCGCCCCGTTCCAGAGGACTTCGACTGACGTCGCTGTGTGCGTCCGTAGGTCCTACAACCCCGGTCCCACAAGGAGACCGGTTTGGCCTGTACCCGTTTCGCTCGCCACTACTCGGGGCATCTCGTTTGATTTCTCTTCCTCAGGGTACTTAGATGTTTCAGTTCCCCTGGTTTGCTCCGCTTGCGCGGTGACCGGACTCGCGTCCGGCCGGGTTTCCCCATTCGGCCATCTTGGGATCAATGCGTGTGTGCCGCTCCCCCAAGCTTATCGCAGCTTACCGCGGCCTTCATCGCCTCTATGTGCCCAGGCATCCCCCACATACCTTCGTTCGCTTGACTCTTTCCCATCTGGTCAGGCAAACCATACGCTTTAAAACTCGTAAAGCTGAAACATCACGCGATCTGCACCCTTGCGGGCCCAGACCTCGAAACGTCGCCGCCTCACTGAGGTTCTTCGTCCTAGCAGATTCGTCCCGGCTCGCCCGCTTGCGCGCACGAGATCCGCTGGAATCTGTAGTACCCACGATCACTTCCCACTTCCGTTGTCAAATAGCGCAGACACCGCTAGAGACCGTCACTCCGAAGAGCGGCGGTCAACAATCGAATTCGAGATCGAGGATGTGCAGAACGGGCGATATATCTGGGACTTTCAGTCTGCCATGGCGCCGGGTTGCCCCGAAGGGATCCCCCGCACCACCGACCTACTCATCACTCCAGAAAGGAGGTGATCCAGCCGCAGGTTCCCCTACGGCTACCTTGTTACGACTTCGCCCCAGTCACTGCGCTCGCCTTAGGCGGCTTGGCCCCTGCGGGTTCCGGCACCGACTTCGGGCGCTCACAGCTTCCATGGCGTGACGGGCGGTGTGTACAAGGCCCGGGAACGTATTCACCGTGGCGTCGCTGATCCACGATTACTAGCGATTCCAGCTTCATGCCGTCGAGTTGCAGACGACAATCCGAACTGAGGCAGGCTTTGGGGATTGGCTCCGCGTTGCCGCTTCGCAGCCCTCTGTACCTGCCATTGTAGCACGTGTGTAGCCCCAGACGTAAGGACCATGATGACTTGACGTCGTCCCCCACCTTCCTCCGGTTTGGCACCGGCAGTCTCTCTAGAGTCCCCGCCATGACGCGCTGGTAACTAGAGACAAGGGTTGCGCTCGTTGCGGGACTTAACCCAACATCTCACGACACGAGCTGACGACAGCCATGCAGCACCTGTGCATGAGCTCCGAAGAGGGGCCCCTGTTTCCAGAGGCTTTCTCATACATGTCAAGCCTGGGTAAGGTTCTTCGCG
NZ_CP053085.1_gap41	1531549	1534095	2546	TTCCACGCCGCGATTCATCGGGCCAGGGTGCAGGATGAGAATATCGCGCGGCGCCTTCTCGAGCCGCGCGCGGGTAACGCCATACACGCGATTGTATTCGCGCAACGACGGGATGTAGCCAGCTTGCATGCGCTCGAGCTGCAACCGCAGGACGTTGAACGCATCGGCCCACTCGACCGCTTCTTCGATGCGATCGAACACGGTCACGCCCATCTCGCCGATGGCGTTGGGCAACAGTGAGCGCGGACCGCACACGGCGACTTCAGCGCCGAGCTTGGTGAGGCCCCAGATGTTGGAGCGAGCGACACGCGAGTGGAGCACGTCACCGACGATGCAGATGCGGCGTCCGGTGAGATCCCCAAGGTGATTGCGCAGCGTGAGGATATCGAGGAGCCCCTGCGTGGGGTGCTCGTTCGTCCCATCACCCGCATTGATAACGTTGGACTCGATGCGTTCGGCGAGGAACTGTGCGGCCCCGGATGCACCATGGCGGATGACCACCATGTCGATCTTCATCGCCTCGAGATTGCGCGCCGTATCGACCAGCGTTTCGCCCTTCGAAACGCTCGATCCGGCGGACGCGACGTTGACCGTATCGGCGCTGAGCCGCTTTTCGGCGAACTCGAACGAGATACGGGTGCGCGTGGACGCCTCGAAGAACAGGTTCACGATCGTGGCGCCGCGCAACGTCGGTACCTTCTTGATCGCGCGTTCGGAGATTTCGCGGAACGGAACGGCGGTGTCGAGCACGAGCCGGATCTGATCGGCCGAGAGCGGCGCGAGTCCGAGGAGATCCTTACCGAGCGGGCCGGCCATAGTCTCAGGCCTCGTCGTCGCGCGCGGCGATCAGCACTTCGTCACGTCCGTCAAGTTCCTCGATGAACACGTCGACACGCTGGCCGGGATTCACTTCGACCTTACGGCCGATGACATCGGCATGGATGGGCAACTCGCGACCGCCGCGATCGATCAGCACGGCGAGGGCGATGCGCGCCGGTCGTCCAAAATCCGCCAGTTCGTCGAGTGCTGCGCGGACGGTGCGTCCGGTATAGAGCACATCATCGACGATGACGACGTTCTGGTCGTCGAGCGTCCATGGCAGCTGCGTGGTGCCGACGACGGGACGCGGCCCGACCGTTTGCAGGTCGTCGCGATAGAGCGTGATATCGAGCGCACCGCTGCTGATGTCGACGCCTTCCTGCGCTTTGATGATGCGCACGATGCGCTCGGCGAGTTGCACGCCGCGGCGCTGGATTCCGACGAGCACCAAGTTTTCGGTACCCGCATTCAATTCGACGATCTGGTCGGCCATGCGACGCAGCGTGCGATCAAGCGCGCGGGCATCGAGGACGATGGAAGGCTTTCGAGGCATGGCGACAATATAGCGCGACCATGCCTCTCACACGCCTCTCACATGCTTACCACTCGTGATGGCTGCGCGGCGGCTGCGCGCCAGCGGCCGGCCGCTGCGTCCAGAGCCCGGAGAGCGGCGACAAATGTCGGGCGGCGGTGCGAGCGGCACGCAGGCGAGACTTGTCGATATACGGTATCGTGGACGTCGCGGCATACATCGCGATGTCGGCGGCTGCCTCCATGGTGGCCTGGGCAAATCCGTGTGACCAGTCGGGGCCATACGGGTGCGAGTCGGCGCGCTCCTCGACACCCATTCCAAAGGCCACGCACTTGTCCGCCGCCTCGCGCAGATTCCGGCTGGACGCCAAATGGGCAACGACAACGTGGAAACCGTCGCGACGTCCCATGTGGTACGTCGGCGACTGCAAGGCCTCACCAGCCGGCGGCTCGACAACGCCCGATGCGATTCCCGTAAGCATCACGCACAGCTGCGAGAAGTAGCCACGGATCGGATCAATCGGCGGCTCTTCGAGAATACGGGACATGGCTCTTCCGGCTCGGGTCGTCGCGACGGCCGCCATTCGGCGACTTCGCATACGGGTAAGGGGGCAAGTGACGTGCCGAACCTTTTCAAGCCCATATCCGTGCGATTTCCCTCTCATTCCCCTCTGAACCGTCACAGATGGGTTCGCCACACGTTGCGTAGCTCCCACCATAGGTGAGGCAAGCGCGCTACAGCGGACCCATCCCGGCGACCGGCCTATTCCTTAACCGGCATAGAGGTTCAGGTCGGTGCCGACGGCGTCGGCCATCGCCATCGTGGTCTCCCAATCGGGATGCCGGATCGTGAGATACCCGTCGGACAGCAGGGTGCTCTTCCAATCGCGCCGCGGAGCGCCGATCGGCAGGAGATCCACCACGCAGATCGCGTCCCCGAAACGTTGACGGAGCTGCTCGAGCCCTACGATGCGCTGGATGCGGCCCTGCCCGTGCGCCCGCTTCGTAATGCAGGCGGTGTTGTACTTCCGCTCGATCTTCTGCGAGAAGGTGCCGTGGAGCTCTGCCTCGGCCCACCCGTTGAAGAGATCCATGTCGCCGGAGTAGTTCATCAGATCGACCGTGCGCGCGCCGGGCGGACGGGCCGCCACTTCGCCGAAAACGGCTTCACCGTCAGCCTTGAGATACCACTCCAT
NZ_CP053085.1_gap42	1535413	1539830	4417	GGCGTCGATCTCGCGCGGCAGCAACACCGTCCACTGGATCCACGAGTTCTCGACGACGTCGAGCGGCGTGGGCCCGTAGCGCGTGAGTGAATGCCAGATGGCCTCGCCGTTAACTGACACGGTTTCCAGCGAGTACTCGGTCCCGCGCAGGAACTCTTCGGCGAGCATTGGATTGGCTGCCGTCGCACGGTAGTTCGCGAGCATCGCGTCGAGCGATGCCACATCACGTATGCGCTGCGTAGCGATCGCCCCAGCGCCGGCGGGAGGCTTGAGGACGATAGGAAATCCGACCTCGGCGATGAACTCCAACGCGTCTTCGCGAGAGGCGATCAGCCGATGTCGCGCCACCGGCACGCCCGCCGCCCGCAACGCATCCTTCATTCGCGCCTTGTCGCGAAAGTTGTGCGCGGCCTCGCTGCTGAGCCCCGGAATACCGAGTCGTTCCCGCACGCTGGCCAGCGGCTGCTGGAGCTGCTCGTAGGCCCCAAAGCAGCGGGCGATCGCGCCGTGCGTGGCACCGAGGGCGCGCACCGCCTGCTCGAGCGACGACGCGTTCGTCACGTCATCGACTTGCCAGTGCGCGGCCAGTCGCGCGGCGACATTCGGCGTCAGCGCCGTCAGCGGTTGTTGCGCAATGACGCCCAAACGCACGTGCGGCACGTTGAGCGCGGCCTCGATCATCTGAGTCGCCGCCGGCGAGAAGATTGGACAGACGAAGATGACGAACATGGCGGCGCTCAATTGGGAAAGATCGAGAGTGGATCGAGTACGGATACACAATCGCGGTGCTGCCCAAAGGGCAACACCGCGACCGATGCCTACTTCGTGATTCGACTTACTGGCAGACCCAAGCGCCGCCGCGGGCCGTTGCCGTGGCCTTGACACCCGTCGCCGAATCGGCGGCGGTGAACGTTACCGTTTCATTGGCGCCGTCTTCCTGGCTGCTGGTGGTGCACGGCACCACCTTGCGCACGGTGAAAACGCCCGTGCTGTCGGCGTCGACCAAACCGAAGTCCTGCGGCTTGCTGGCGCCGGGTGCGCGCGAGGCGGTGAGCTTCACGCGGGCAGCGGCGGGCCAGTTCTTCCCCTTGAAGTTGATGCGGGCGCCCTGCGGCGACCGCTCGGCTTCGATGGAAATCTGTGGCTTTGCCTGTCCAGTGATCGCGCTGGCCGCCGTTGCGGCGAACGAAAGCGCGCTAATTGCCAACGCCGGGCCCAGCATGCGGCGCACGAATGCCTGCATCGCACATCCTCCTAGTAAGGTGACGCCATCGGACATATGCCGCGACGTGAATATGAAAATGGAGAGCGAGAGGAGAGAACGCAAACTGGTACCCCATCTCCCGCTGACTGCCTCATCACGTTCGTGCGCCCGGTCACAGGCGTATCACGGGTCGGTTACCGCTCCAGCTTGAAGCCGGGATCGATGGAGGGGCGCTTCGGCGTCGTCGCCACGTACCAGCCCGTGAGGTACATCCACTGCGTCATGCGGGTGAGCTTCGGATAGTCGATGGCCGATGGCTTGTCGCGCGGCGTGTGGTAATCGGGATGCAGGTTGGTGGAGTACATGACGGCCGGCACGTTCATTCGTGCATACGGCACGTGATCGCTGCGGAAGTACCAGCCTTCAGGATGCGTGGGGCGATCCCAGATCGAATCGAGCTTGAAGGCTCCGGTGAGCGTGTTCGCCCTCAGCGCCATATCAACAAGTTCTGTTGAGTTGCGGTGTGGCGGCTGGATGCCAAGCAGGCTGGCGGAATCGGGGTTGTTGCGGCCGATCATGTCGCCGTTCAGCACCGCAACGATGTTCTGCAGGGGCACGACGGGATGCGCGGCATGATAGCGCGAGCCAAGCAGACCAAGTTCTTCCGCACCGTGGTACACGAAGAGCACCGAGCGCTTGCCTGGCTGCTTCACGAACGCGCGGGCGATGGCGAGCAACGCGACACTGACGGTGCCATTGTCGTCGGCACCAGCCCACACGGAATCGCCGTCGATGACATACCGCACGCCGTCGTGGTCCTGGTGTGAGCTGTACAGCACATACTCGTCGCGCAGCTTCGGATCGGTACCGCGCACCACGCCGATGATGTTGCTGGACGGTGTGGTGAAGTGCTCGACGCGGACGTGCATCTCGGCCATGGCGCCGGCCTTGAGCGCGGCCGCCGTGGCGCCGCGCACGAGGAAAGACGGCGTCGGTGCTGTGCGCGCCGACTGCGGACGCGCGGCCTGTGTGGCCTGACCGGCGAAGCGCGGCGCGCCTCCGTCCACGTCATACGTGCCACGCTCACGAAGTACTCCGAGCCCATCAAACGCGACATCGGTGATCGAGTCGGCCACGAGGATGATCGCAACGGCACCACGGCGTTGTACCCTTTGCGTGGCGGCCGTGATCGCCGCATTCGCGTAGCGCACTTCGGCGGAGTTCGTGGTGGTGCGAATCGAGGCGGCAGGCGGGGTGGTGATCTGTAGCGCCGCAATCTTGCCGCGCACATCGATCGTGGTATCGGCGCCCGTGCCTACCCACACCACCGGGGCGCTCACATCGGCGTTGGCGGAGCCCAGCGGCACGAAGTCCTTCCACACGACGAGCGGCTTGTCGCCGAGTGCGCCCGTCGTGGACACGGTGGAGACGCGCGTCCGCACCATGTTCCACCACTGGAAGTAGCTGCCGTCCTGTCCCATCGGCTTCACGCCGATGCTGCGCAGTTGGTCGGCCACCCAAATGGAGGCCCGCATCTCGTCCGGCGTGCCGGCCTCGCGTCCACGCATACCGTCACCGGCCATCGCGTACAGATCCCGTTCGAGGTCGGTGCGCTTGATAGCGGACATCGCCAGCGGAACGCCCGCGGTGGCGGTGGATTTGCCCTTGGCGGTGGCTTGCGCCGACAGCGCCAGCCCTGGGGCCAAGGTCGCAGCGAGGGCCGCGAGCCGCATGATTCGAGGAGAGAACATCAGGGTTCGGGCCGGTAGGAGCGAAGAGTGTGCGCGGAAATGTCCGCATCGAGAAAATACACGGGCTTGAGCTGACCGCGGGCAAACATCGCGGCCTGATCACTGTAGTGCGGCGACGTCGAGTCGGCGCTCTGTCCGTAGGCGAGAACCGAATACGCGCGGGGCGCACGCGCTCCGAACTCCACAGCGAGAATCCAGCCGTCGCCCGAGTTGGCGTTGCGGGAGCCGTCGGGGCGCTGCTCGTAGGAAAGCACGCGGAAGCAGCCGAGGGCGCCGCTGCAGCCGCCAACGGGTTCGTCCACGGGCCCACGCCGCACGCGGTGCACATCGCCCCATGCCACGTCGACCGTCTTGTAGCGACGCTGCATGTCGTCGACGGCCCAGCTGAAGGCGTCGACGGCGCGAGCCGGCTGACCGAGGCCGCGCGGCGTGGAGGTCAGCTTCTCCCACGACCACTTTTCGGCGTAGGCCGAGTCGCGCGCCTGCGACTGATAGCGGCGCCACCAGGTCTCGAAGAGCAATCCTCCGCGACTGGTCGGCGCGACGGTGTTGTCCCACTGCTCGAGCACGGCGAGTGCCTGGGCGACCGCCGGCGTGGGTGAGGATTTCTTCAGCGCCGCGACGAGATCGGGCTTCACGCGGTCGGCGAGCAGCATGCGCATACTGTGCTTTCGCACCAACACGTCTTCGAGCGAGAGTTTGTCTTTGCCGCCGATGAGCTGCAACGCATGCTGGCTGCGCAGCCGTAGTTCCCCGCGCTCCACGTTGTCGGGATACCGTGCCGTGTCGAGCAGGGCGTTCAGATTGGCAAAATGCGGCGCATCGTTCTCGTTGTGCACGTAGCCGCCGCGAGGGTTGAGCGTCTGCGGCAACGAATCGAGCGCGATTAATCGCGTCCACACGTCGGCTGATCCGCGCGCGGGAATCGGCATCGAGTCCCCGCCCGATCGTGTGGGCAGCCGCGGCACGGTGCCCATCCAAATGGTGAGGATGTTGCCGGCGCGATCGGCGTAGGTGAGGTTGGACGTGGCGCGGGCGCGGGTGGCGAGCGCCCCCTTCCACTCGACAAGACTGCCCGCGCGCATCATGGCCAGGAACTGCGCCCCGGCGCGATACTCGCCATCGGGGCCAGCGCGCACGACATAGAGCTTGTTCGAGGTGCGATACACGACCGGGCCCAGTGGTGTGAAGGCCATGCGGCGTGTTTCGCTCACCAGCGAGTCGTCCGTGCTGCCGATGCGATACGGGAGCGTGATGGACTCGTACCGAATGGGAATGGTGGTGCCGTCGAACCGATAGCGATCCGGATTGGTGGGATCGAGGTCGAGCTCATAGACCTCGTCGAGATCCGGCGCGTTGTTGGTGGTGGCCCAGCCAAGATCCTTGTTGAAGCCACCGATGACCGAGAAGGCGCTGCCGATGCGGAAATCGCCGTAGAAATCGAGCTTTCCCGGCACGGTCA
NZ_CP053085.1_gap43	1542054	1543056	1002	CCCCGGTTTCAAGTACAACCTGACAGCCACCGGTGATACGCTGTTCGGTTGGCGCCAGTTCACGACGCGCGACATCTATCAGTCGGAGTCGGTGCAGAACATCAATCGCATGATTTCGTCGATCGGATCGAATTACCGCCCGACGGATTGGCTGGCGGTGCGCGGCAACTTCGGCCTCGACTACGTGAACCGGGTCGACACGCAGCTGTGCCGGTTCCAGAACTGCCCAGACATCGGCACCGATCGCCTCGGCTACAAGCGCGACAACCGTACGAACTTCTACACGTACACGGTGGACGCCGGCGCGACGGCTACGAAGTCGCTCACGAACGCGATCGAGTCGAAGACGACCGTCGGCGTGCAGATGTACCAGAGCATCTTCGACCGCAACGGCGCCACGGGCCTTGTGTTGCCGCCCGGCGCCACGACGGTGACGGCCGGCGCGACGGCGCAAGCCGACGAGTCGTACAGCGAGAGCCGCACGCTGGGCGCCTTCGTGGAGCAGAACGTCGGCTTCAACGACCGCCTGTTCCTGACGGCCGCGCTGCGGTCGGATCGCAACAGCGCGTTCGGTGCGAACTTCAAGACGGTGTTCTATCCGAAGATCGCCGCGTCGTGGGTGCTGTCGCAGGAGTCGTTCTTCCCGAAGCCGCAGTGGCTCGATCAGCTGCGCTTGCGTTCGGCCTACGGTGCGTCGGGCGTGCAGCCCGGCACGATCGACGCCGTTCAGTACTACTCGGCCACGGCGGGGCGTCAGGAGAGTGGCGACGTCCCTGCCCTCGTGTACTCGACGCTCGGCAACAAGAATCTGCGTCCGGAGCGCTCGACCGAAACGGAAATCGGGCTGGACGGCACGTACTGGAACGGCCGCGTCAACACCGAGATCACGTACTACAACAAGCTGTCGAAGGATGCGCTGGTGAGCAAAGTGCTGCCGCCGTCGCTCGGCACCGGCGCCACCGCACGCCTCGAGAACCTGGGCTCGGTGCGTAATCGCGGTTA
NZ_CP053085.1_gap44	1544334	1547995	3661	ACGGTGGTCGACGGTACGGAGTCCTACGGTACGCCGCTGACCACCGCCGCCGCATTCACGCGGGCCCTGGCTCACGCGGACTCCGGCCTAGCGCTGGTGACCGGCACGACGGTCGACGACGTACGCGTGCGCAGCGCGTTGCAGGTGATCAAGGGTCGGATTCTCCTGGGCCTCAACCGCCCGGCCGACGCGGCGACCGCGGTTACCGGAGTGGCGACCTCGTTCCAGTATCTCACGTATCACGCGCTGACGACCACGAGCAACCAGTTCTGGAATTTCAACAATCTGGCTGGTCGCTACAGCGTGAGCACGAGCGAAGGCGGGAACGGCATGAACTACGCGCTGGCGAACGATCCGCGCGTGCCGGTGTGCGCGGGCAACGACGTGGTCTGCCGGACGATCGGCGTGACGAAGGCCAGCCGCGACGACCTGAGCACGCCGTACTACGTGCAGCGGTTGTGGCCGGCGCGTGAGTCGTCGGTGGCAATCGTGTCGGGTCAGGAAGCCCGCCTGATCGAAGCCGAAGCGCAGTTGCGCGCCGGCAACACGGGCGGCTCGCTGACCACGCTGAACGCGCTGCGTGCGACGTTCACGGGCCTGACGCCGCTGACCGACGCGGGAACGGAAGCCACGCGGGTGGATCAGCTGTTCCGCGAGCGGGCGTTCACGTTGTTCGGGCGTGGCACGCGAACGGGCGACATGCGTCGTTTGATCCGACAGTATGCGCGGACGGCGGCGACGGTGTTCCCGACGGGTGCGTGGCACAAGGGTGGCAACTACGGCACGGACGTGACGTTGCCGCTGCCGTTGGCGGAGACGAACAATCCGAACGCGGGCGCGGGCGTGTGTATCGACCGTAACCCGTAGGGCTGCTTTGACTGCGTGGTCTGAAAAGAAGAGGACACGGGGGCGCGTTTGGCCTTCGTGTCCTCTTTGGTTTTGTGGAGGGACCCGGATACGCGATTCCGCAAGCGCCGCACGTTTTTGGGAACGAAGTTCGGCGTAAAGTTTCGGGCTAAAAGACTACGCGCGTGAGCCCGCGCCGATTCCGCACGTGTCAAGTAGCCTCTACCGCACGTGTGTTACCAACTACGGATCACATCCGCCGGGCGGGTTGCCGATCAGTTCATACGCGTTCAGGCCCGTGAACATTCCGCCACTGGTGATGTTGATTCGCGCGCCACGCTGCTTGGTAAGATCGGGCTGCCAGGTGGCTCGGGCGTTAATCGAGAATTCATCGATCGGCGCCACGTTGTCCGTGAGTGTCGCGGTAAACACGTCGGTCCCAGGCGTGACCGTCCCACGGAAACGCGCCGCACACCTCAGGGTGCCGTTCACCACCGCTGCGAACGACAGAAACACCGTTGACCCGCTCTGCCGCACTCGCCACACTTGGGATCCGTTAGCAATGGACCACGCACCGTTGAAATCCTTCAGCGAAACGGAACCCGGTATGAGGTTACTGACGCCGTTGGAATGCGTGCCAGAACAGTCGGAGCCCGCGTAGGTAGACGCGATGGTTCTGGTCGCTAGCGTCACGGTTGCGGCGCCGCTCAGCAGGCCGAGACATGGGCTGAACTGGTTCAGCGAAAAATTGAGCAACTGACGGCCGGCCAATGTGGCGGATACGGACCCACGCACTCCGTTGAATTGCATGACTTCGTAGGTCCCGCTCACGCCGTTTTGGTTTTGCGTCAAGCGCACGTTGAGCGGTACGTTGACCGGGAACGACGTACCACTGGGTGTCTGAATGCGACTTGAGAACTGCCCGGCGTAACTGCCGGTGACGTCGAGCGAGTTGCCGTTCACATCATACGACGCACAGACATCTTCGGCGCCAGCCAAGGCCAGACAGGCCACCAGATTGACCATGAAGACACTGTTGCCCTGCGCAGTCACGGCCACCGAGAAGATGCCTTGGGCATCACTGTTGGATGGGGACGATTTGGCAAAGGTGGCGCCGCTGGAGGTAAACCGGACCCTCACAGGCATGGGCCGGGGCGTCGGGCTGCTACCGAACTTGAGCGCGAAGGCCACATCGAGATCGTTCGGGAAATCCGACTGCACCGGGTCGGGAAAGTTGGATGAACTGACGACCAGGGATGCGCACAACTGCGCGAGTACGGTGGCGCGTTGCAATGCGCCATTGGCGATGCCGTACAACTGCGCCACTGACTGCCAGAACAGTACATTTTGCATGGCGGTGAGACTTTGCTGGGCGGAGCAGAGTTGATTGTTACCCTCAATAGCGCGCTGCAACTTTGGCAGTGCGGCAGCCCTCCATTGTGTCTGGCGATCTCGGATCGCCGGGTCATTGGAGACGAGCGCGAAGACGCCAGTTACAAACGGGCCGGTGTCGCTCCACATATCGAAACTCGACACGGCGGTGAGAAGTGCGGCATCCGTATTTGCATCATTCAGCTGCGGAAGCACTCCAAGGTCAAACCATTCGACCAACCGACGAACCATGGCCGGGACGTCAGGTGGCGTAACGGCGGCAAGCGAATAGAACGCTTGTGCCGCGAGTTCGGCATCAATCGAGGGGATGATTGGAAGAGGGCTGAGCGACTGCAGGTCGGCAGACGTTCCAAACGCCGCGCCAGCAGCGGTGAAATGTCCAACGAGCACCGCCACTTCGTTCACTCGGGCAACCGCCACTTCGCGCGCCGCCTTGGTGCCGTTGTCCGTCATGCTGAATCCAGTCAGCACCAACCCGGCCCGCGGCGGCGCAGTCACCCCGATGCGCAGCGTTGCATTACGCGCAAATGCCAAGCCGGATGGCTGCAAATCCACCGCGGCCACCATACCACCGGTCAACGGCAAATTGCCGATACTCGCGATCGGAGTCATGCGGATCAGCGTATTCGCTTGTAGCGCGTTCGCCGGAATCTCAAGGCGATAGCTGACACCGGCGGCCGACGTGGTGAGCACACCACCCGCTGGGCCGACGGTCGCGCTCGTGGCAGCCGCCGTGTTCAGAATGGTCACCGCGGGAAGTCGCACGGTGATCACGGCCGTCGCGGCGCGCCCATCGACTGTGGCAGACACGGTGGTGACACCGGCCGTGAGCGCAGTCACCACACCGGTAGCACTGACGGACGCCACGGCGACGGCGCTCGACGTAAACGTGACCGTCTTCCCGACGACGGCCGAGTTGTCGCCGAACGTCAGCAGCGGAACGAGCGTGACCGTTTCGCCCGTGACCAGTGCCCTCGCCGAAATATTGAGAGCGATGCTGGACACGCGACGCGCAATGGTCAGCGCGGTGGTGGTGCTCACCCCCCCGACGGTTGCCGAGATGATGGCCGTACCGGCGCTCAGCGCGGTCACGCGCCCTGTGTTCGACACCGTTGCCACGCTTGGCGCATTCGACACCCACGTCGCAGCACGAACGCTGCTCGTACCGTTGGAGAGCGTCGTGGTGGCCTGCAAGTCGCGCACATCGCCCTCTACCAAGGCTAACGCGGATGGTGCGATCACCACCGTGCTCACTGCCAATACGACCACGCTGGCCACACCGGTTTTGCCGCCAACGGTGGCGCTTATCGTGGTCGTTCCCGGCGACACCGCCAGGACGTTGCCATCACTGGATACGGTGGCGACCGAGGCCGCGCTTGAGGTCCATGCCGTGGGGAGCGTCGTCGTGGTCGAGCCGTTGGAA
NZ_CP053085.1_gap45	1549111	1551231	2120	ACGAGGAGCGAGATCAATGATTGACGGCACAGACCGCGCATTGTCCGACGTGCTCACACTGGACCGGGTGACGAAGCGCTTTGGCGGCACGACGGCGCTGGACAGTGTATCGCTATCGATTCCGCGCGGCACGATCGTGGGGTTGGTTGGACGAAACGGATGCGGCAAGACGACGCTGCTGCATCATGTCACGGGCATGGTGCTGCCGTCGGCGGGGGCGGTGCGCACGTTCGGCGTCAATGCCGGCTCGTTGGGCAGCGGCGAACTGGCGCGGATTGGCGTGGTGCATCAGCACGCACGGTTTCTGGAGTGGATGAGCGTCTATCAGCTGGTGCGCTACGTGGCGACGTTCTACGTGCGCTGGGATGCGGCGCTCGAGAAGGAGCTGATCGAACGATTGGCTATCGGGCTGGACACGCGGGTTGGGGCACTTTCACCGGGCAACGTGCAGCGGTTGTCGCTGCTGCTGGCGCTGTGTCATCACCCTGAGTTGCTGTTGCTGGATGAGCCACTCAGCGATCTCGATCCCACGGCGCGTCAGGAGGTGCTGGCGGTGTTGTTGGAGCGCTTCGATGCCGACGGGCCCACCATCGTGATTTCGTCGCATCTATTGCAGGACATCGAACCGGTGGTAAGTCGCATTGTGTGCCTGGATCGCGGGCGCGTGACGGCGGATGCCGAGCTGGATGAACTGAAAGAGACCTATGAAGAGTGGATCGTGACACCGGTGTCGGTCGCGCTGGACGCCTCGTGGAGTGCGCCGTGGGTGGTAAGCAGCGAGCGCACGGGCAGCGCGATGCGCTGGGTGGTTCGGGGCATGCGGGGGCGGGCGGCGGCGATCGGCGCCGAGTTGGGGGCGGAGATCGTGGTACGTCCGCTCAACCTCGATCGCTTGTTTCCGGTACTCACGCAACTTCCGTCGGCGCCGACGAGTGCGTCGGAACTCGCGGCGGCGGGTCGGTGAGCTGACCATGTACATCGGGGCATTGTTCCGGCTGTTCTGGCGGCCGGCGGCACTGTCGGCGCTGTTCCTGACGTCGCTGGCTGCGATGGCGCCATTTGCGATGTTCGGCGAGCAGGTGCGCGCGGTGCAGTCGGCGGTGCACTTGGGGCTCACGTTGCCGCTCATCGTGGGAGTGCTCGCGTCGAGCGCGGCCGACGAGTTGTTGAGGCAACCAGGGAGCTGGATGCTTCCGGGGCTCAGGAGGTCACTGGCTGCAGGTGACGTGTTGATGGTGCTCGCGCTCAGTGCGATCGTCGGTGTGGTGGCGTGGCGTGCGGGCGGAGCCGCTTTGGCGGTGGGTGTGGCGATGATTGCCCCGTTCTGGTACGCGGTTGGTGGTGCTGCCCGGCTGGCGGCGAAGCGGCCGAAGTTGATTGGCGCTTCGGCGCTGGTGGTGCTCGCAATGGCGGCGGCTCCGGCCCTGTATACGCGGGCGGTCACCGGTGCCCTGCCCTTGGCCGCTGCCGTCGCCGCCTGCGCGACGGTGCTGCTGATGCGGGCGCGGTGGTCGCCCGGCGTGGCGCGGATGCGGGCAGCAGTGGGCGAGCCGGAGGCGCTGCTGTCGGGTTCGACGGCGGTCTTCTCGCGTGCGCGCGCGATGAGCCCGCCGGGGCACCTCGACGAAGGGCGTATGCCCACGCTTGCGTTCTGGGTGCGGGCGGCGGCGTACGAGCACATGGCCGGCGGGCGGACGGCGTTCACGGTGAGCGGCGTGATGATGGCGGTCATTACGCACCTGTTCCAAACGCCGGTGCCGCTCGCGCTGATGTCGGTCTCGCAGCGCGGACTGCAGTTGGGTAGCGCGTTGGTATATCCGATCAGTCGCCGCGAGCGCGCTACGATTCTGTACGTGTGCAACGCGATCGACATTGCGTTGCTGGCGTGTTGTTTTACCGTGACCTACGTGGCGTTGCGGGCGGTACATGCGCCGACGGTGTCGTTCATGGCGTCACTCGCGCAGGGCGTGTGGCCCGTGATGTTGGCGGCGGCAGTGGCGTTGGCGCCGATTCTGCAGTGGGCGCGGATACGGGGCCCGATCCCGCCGTCACGCGCGTACCGCTTCATGGGATATGCGTTTGCGTTCATGTTCGCCACGATGGCGCTCGGATTTGGCGCG
NZ_CP053085.1_gap46	1570268	1573078	2810	CGCGCTGCGATGGGGTCCCGAAGCGGCGCAAGGCATCACCGCCGATGGGATGCTCGATCTTGAGTACGTCGGCGCCGAATTCACCGAGCATCGTCGCACAGAACGGGGCCGCGATGACTGTCGCAATGTCCATCACGCGAATGCCGGCCAACGGCAGCGGGGTCCGATCGGGTTCAGAGGCAATAGGCATCAGTGTCGCCGTCAGATGATTTTTCTGGTGTGCAAGCGCTTCAACTCGGCGTCGGCGAGTCCCAGCAGATCACGCAGGACCTGATCGGTGGCATCACCCAACGTGGGTCCAAGATTGGTAATGCGACCAGGCGTGGCGGACAGCGTGGGCACAACGCCGGGCACGACGACCTCGCCCGTCGCGTCTTCTGTTACGCGCACCAGATTACCGCGGGCGGCGAACTGTTCGTCTTCAAAAATGTCCGCGATGCTGTTCACCTTCCCCACCGGCACCTCTTCCTCCAAGCACCGGCGCAGGACCTCTTCCCGCGGGCGGGCCGCGACCCAATCAATCACCAGCTGATTCACCTGATCGCGGGCGGCGAGTCGCTTCCGCTGATCCCCATAGAGACTGCTTGACGACAGGTGCGGCTGATCCATCGCGACCGCCAGCCGTTCGAACATCTTGTCCGTGGTGCAGGCGATGGCGATCCACTTGTCATCCCGCGTGCGAAAGTGACCATGCGGGCAGGCGACGAAACTGCCCGACCCCTCGCGCTCACGAATCTTGCCGTTCGCGCCGTACACCGCGGCGATTTCCTCCAGCACACGAAAGACCGACTCGTAGATGCCCACGTCGATCACTTGGCCATGGCCGGTGGCCTCACTGTGCCGCAGCGCAATGAGTACGCCGATCGCGCCGAACAAGCTGGCGATGTAATCACCCAGCGGTACGGTTCCGGGGAGTACCGGCGTCTCGCCCGGGAAGCCGGCGAGGTAGTTGAGCCCACCGAACGCCTGCGCGATATGGGCAAACCCCGAGCGCCGTCGGTACGGACCCGTTTGCCCGTATCCGGACACCCGCAGCATCACCAGCTTGGGATTGGCAGCGCGGATATCCTCCCACCGAAGGCCCCATTCCTCGAGCGTTCCCGGCCGGAAGTTTTCGATCAGGACATCGGATTTGGCGAGCAGCTTGAGAAAGAGCTGCACGCCTTCCGGTTGCCGCAGGTCGATCGTGACCGACTTGCGATTTCGCCCTTCACTCAACCACTTGAGCGTGGCGTCGGCCCGCGGCGATGGCGTACCGAAGCGTCGCATCGGATCACCAGCAATGGGGTGTTCAATCTTGAGCACTTCGGCGCCAAATTCGCCCAGGATCGATGCGGCGTACGGACCCGCGAGAAAATTACCGACATCAACGACGCGCACTCCGCGCAACGGCAGTGGCGTGGCGGGTTTGGCTTCAGGCAACTCCGGAGACCCCACGTGACGTGCTCCACATCGAAGACGGGACGGACATGACCACGGACGACCTGGCGAGCTGGCGCGGACGATCGGAAACGGTGCACGACGAATTGGCGTCGGCGCAGCTGCTCGCCGCCGCTGCCACCTTTGACGATGCCATCTTAACGTCCGACCGGCCCGCCACGATACCAGCGCTCTGGCATTGGTTCTACTTTTTGCCGCGCGCGCCGCACGCTCGGCTGTCACCGGATGGCCACCCCGAGCGTGGCGGATTCATGCCGCCCGTGCTCTTACCGAGGCGGATGTTTGCCGGGTCGCGTATGACGTTTCACGCACCGCTTCGCTTGGCCACGCCGGCACGTCGGGACGGCGTGATCCGTGAGGTCACGATGAAAGATGGAAAATCCGGGCCACTGGCGTTCGTGACCGTGGGGTACCGTATTTGGCAAGACGGGGTGCTGTGCCTCGAAGAGGAACAGGACATCGTGTATCGCGAACAGGGCGCGCCGGTGGCGGCACCGGTGCCGATCGCGCTCCCCGTCCCTCCCGCACACGCCATCACGCGCGACGTGACACCCGATCCGCGTCTGCTCTTTCGTTTTTCGGCGCTCACGTTCAACGCCCATCGCATTCACTACGACCGCGAGTACGCCACGCGCGTCGAGCAGTACCCCGGGTTGGTGGTACACGGGCCACTCACCGCGGTACTGCTTGCCAATCTCGTGCGACAGCACACGGCACGTGAGCTGGCGACCTTCTCGTTTCGCGGTGTCGCACCGTTGTTCGATCTCGCGCCGTTCCGCCTGGTGGCAATTCCCGATGGGGATACGGTGACGTGCCAGGCGCTCGGGCCCGACGGCAGGATCGCCCTCGAGGCGACAGCGACGCTCGCGCCGGCCTGAAGGCCCACCATGGCGTCACGGCACAACCTTTCCGCCGCCGCCCATGAGCTGGCGCATGAAATACGTGTACTCGAGCGCTGTCGTGTGCGCCTGTTGCTCAGCGTTGGCGCCCGACCCGTGGCCACCTTCGATCACTTCGTAGAACAGATACGGCATCCCGAGGTCCGCCATCTTCGCGGCAAACTTGCGAGCGTGCTGCGGTCCGACGCGATCGTCCTTGGTGGTGGTCCAGATGAGCGGCGTGGGATATGTCACGCCGGGACGGAGGTTGTGGAACGGCGAGATCGATGCGAGGAACGCGCGCTCGTCCGGCTTTGACACGGAACCGTACTCGCCTACCCATGACGAACCTGCCTGGATCTGCTCGAAGCGCAGCATATCGAGCAGCGGCACCTGAATGTCCACTGCGTTGAACAGCTCGGGATGCTGCGTCATCTCGACACCCATCAGCAGACCGCCATTGGAGCCGCCCATGATGCCCAATCGTCGCGG
NZ_CP053085.1_gap47	1608399	1611879	3480	GTATCAGGTCTTCCTGAAGCTAGGACGCGTACACGGGGCCGTCAAGCAACATTCCCCGGCAGTCGGACGGGTTACCAGCGCCCCTGCTCCCATACCCCGAACGCGCGCAACTCGCGGCTGTCGGGGAGGTGCTGAGTGACGAACTCCCTCAGAAGCCGCTGATGCGCCCGACAGTCGGCAGGCTCGACCGCGGGCTGCTCTCCCCGAATCCAGGCGGAAATGACCTCGCGAGCGGAGGCGGGCAGCCGACGACCGGATGGCGCCATTTTGGCACACAAGGGGCAGAGAACCCCGCCGGCGGCGTGACTGAAGCGGGCGTCCGCCTCCGGGGGGATCTCGGCGTGGCATTCGGCGCACCGATCGATGCTCGGCATAAAGCCGACCTCGCTCACCAGCCGCCAAAAGATGCCGAGGGTCAGGGCCACGGTATCGGCCTCTGAGGCCTCGGCGATAGCGTCCAGCCCCGCCGCGACCCCCTGATAGACCCGAGGCGCCGCCTCGTCGTGCACCACCCGCAGGACGCACTCCACGAGGGCGCTGGCGGCGGTGAACCGGCCGAGGTCGGTGGCCAGACCGGCCCGCGAACGGGTGACGTCGAAGGCGTTGAGGGCGTGCAGGTCGCGGCCTGGTTTGACCTGGATCTGCGCCTGCCCTTCCGCGAAGAGATCGACGCCACTGCCGAACCGTTTCTTCGATGAGCGGGCCCCGCGCGCGACCACCGACAGCACGCCAGCCTCACGAGTCGCCAGACGCAGGATGCGCGACGACTCGAGGTACGGCACGGCGTGCAGCACGATCGCGTCGGTGGTGATCAGGGACATGTGTGGAGCTTAGCGACTCCGCAGACGACCCGCCTACTCTGCAGACGGCGCCGACGGCAACTACGGACGGATGGCCATGTCCACGCCGCCCTGATTCGCCGGCACGCGACGGACCTCGGTACCGGTCGGGCTGAACACGAGCAGCGACGTCACGGATCCCGTGCCGTTCTGGATGCAGTGCAGCCGGCCGAGGGCATCGGCCTGTCCACTGCCGCAGGTGACCGCGGTTCCGGTGGCTCCGGTGAGTACCAACCAGTCGGCCGACGCCGAGGTGACGAAGCTCAGATCGGCCGGGCGCACCTTGATGATACGGTTGGTGAACGAGGCGAGATCCTGGTACAGCGTGACGTACAGGAAGCCGTCGAGGCCGAGCTTGACGCCGGCACCGTACGTGTTGGCCGGCATCCTCTTGGCGGTGAGCACGCGCTTGCCGCGCAGATCAACCTTGGTGATGCCACCGGTGGAGATGAGCGTGTAGGGGAAGGACGCGAAGCTGGCATCACCACCGGCGCTGATGTAGGCCACGTCGCCGTCGACGAGTGCCGACGCACCGGATCCGCGCAGACCGGGCAACAGGATCGTGTCACGCGTGGTCCCGGTGTTTGGCACGCGAATGAGTCGAACGTCACCCTGCACCGCGTAGTTCACTTTGCAGTTGGCGTTGGCGTCGACGATCCAGGTGGCGTTGTCGAATTGAAACAGATCGGTCGGGCACGTGCCGACATTGCTGATGCGCGTGCTGGTGACCGTGCCGGCGCCAGCGAACGAGAGCAGCGCCACGCTAGAGGAATCGCGCAGGGCCGCTCCGATGAGCGTCTGTCCGCCGGTTCCGCTGAGCAGGCGCGCACGCGAGGGGTTGCTGCGCGTGGGAAGCTGAATGCGACGCGTGGTGGATGTGCGCACGTCCGTGACGTACAACAAGTCACCCGCGCCACGACTGGACACGGCGAGTACGGTGTCGCGCAGCAGCGTGAAGCCACCGGCATCGAACTCGGTGGTCGGGGCGAGCGTCAGCTTCGTACTGGCGCTGCCGGTGTCACCGAGGAACGTGAGACCGGGCTGAATGAAACCGTCGAGCACGATGATACCGCGCGGCGGCTGCGGCGTGCTGTTGTTGATACCATCATCGCCGCAGGCGGCGATGGTCGAGAGCAGTGCTGCCGTGGTGACGGCGAACGCGCGGCTGCGAATAGACGAGCGAGAACGGACCTGCGGGATCATCGTGGGGAGTGTTGCAGAGTGAACGAAATCGCCCAGGAGCGCCCGGGCGACGGAAAACCGCGGACCGACTGCCACGAGGCATCGGCGGCGTTCTCGAGCGAGAACGCGACCAAGGCGTCGAAGCGGGGCCACGGCCAGTGGGGCAGCGCGCGCAGCTGCTGCGCGACGGTGATGTCGACGAGCGACACGGCTGCCAATTCGAAATCGGGGTTGCGTGGGCCGGCGGTATATGGCCGGGCACCCATGCCGCGCCACACGATCGTGGCGTGCTGCGCCGCGGTATTAAGCTGCAGCTGTGCCCCGCCGGCGAGACGGGGGACATACGGGGTGGGGATATGCAAACCGTTGGTGCTGAGCATCGCATCGTATGCAGTGACCCACGTCGAGAGCGAGGCGATACCCGATGCCACTTCCGCGCGTGACTCCACGCCGCGGAGCCGTTCCACGCCGACGTTGGCGGGACTCCAGCCGAAGTTGCCGGGAAACCACACGATGGCGTCGCGTGTGTTGCGCGCGACGAGTGTGCCTTCGATGCTCGCGTGGCGACGCGCTCCACCGGCGATCACGCGCAAGCCGCTGCTGACGTCGAGATCGACGCGCTCGGGCGAGAGTGCCCGCACGAAGAGACGCTGCGGCGACGAGAAGTAGAGGTCGTACAGCGTTGGCACACGAACAGCTTGGGCGGCGCGTCCGAACGCGATCAGCCGCGCCCGCTCGCCAATGCGCACGATGCGGCGTTCCGCGCCGATCGAGGCGGTGGGCAACAATCCATTGCCCTCGATGAGATCCGCACGCGCCCCGACATCCACGCTCCATCCTGCGTCGCCGAGCGCGCTCCATGCGCGCTGCACGCTGCCGAAGCCTCGACTGCGTCGTTGCGTGATACCACCGGTCGCCGTGAGGCGATCAGCGCCGCCTCCCATGCGCCACGTGATGTCGCGTATCGCTCCGCGCCACTCGGCATCGGCAGCCCAGGCCACCGCGCGTGAATTGAGTGCAGGACGAGTGGGATCGACGTAGCGCAGCTGCATACGGCGGATACCAGACGACAGCGTGGTGCTGCGCGCAGTGGTTTGGGCACGCGCCAGCAGCCGATCGGTATGTGAGCGGTCGGCATCGTAGGCGCGCACGTTGGCGGGACCCACCATGCCGCGCTCGCTGGTGGAACCGAGCAAAGAGAATTGCGCGCGGCTGCCAATCACCCCAAGCGACAGGGTCGCGCGTTGTTCATCGTTGTTGACGCGCGCCTCACGCTGCGGCAGCACGCCGGCGTCATTGATAAATCCAAAATCGTTGGTCGCTGTGCGCCACGCGGCGCTGGCATGCCAGAGTGCGCCAGCGGACGACGCGTGCCACGCGCCTTCAACCGTCTGCTGCCCGAAGGCGCCCACGCGCAACGACGCCACGCGCTGCGCCGACGACGTGAGCGCCAACACGC
NZ_CP053085.1_gap48	1619964	1622581	2617	CGGCTTCGGTGGCGATGGCCGCGATGCAGTTGCGATCGAGCTGCATCGTGAGCGACGGCGTGAGATCGTGCGTGACGAGAATCGCGTGCGCGCCCGGCGGCACGTCGACCGGGTCGTGATCGGGGAGATCGAGCAGCATGGAGAGCACGCGAATGTGCACGTCCATGAGATCGCCGACTTTTTCGCGTAGCATCGGCGCCGAGTGGCGGGCGAAGTGCTGCCGCCATTCGAGCAGAATGATGTCGAAGGCCTTCTCGGCGCCAAGGTTCTGGCGGATGAGCGCCTCAGAGCTGCGGGAGAGTTCTCCATCGTCGAGAATGGAGATCTGCACATCGAAGATGGCCGCTTCCTCCGGGCCCGCCTGCTGCTCCGCTCTCGCGCGCAACAGGCGCAGGCGATCACGGGCGCGTTCAAAGGCGTCGTGCAAACGCACGATCTCCGCATCGATGGCGCTGTCATCGATGAGGCGATGCTTCACTTCGGGCACTTCCCACCGCAGGAGGTGCACCGGTCCGACGACGATTCCCGGCGACGCGGGAATGCCGCGGAGCACTGACTGCATCAGCTCTCCCCGAACCGCGCCGCGACGAGCGCCGCCAGCGACTCCAACGCATCGTCGGCATCGGGCCCGGACGCGCGCAGGGTGATCATGGCCCCGTGTTCGGCGGCCAACATCATGACACCCATGATGCTCTTGCCATTCACTTCGAGGTCATCGCGCGAGATCGTGATGTCGCTCTTGAAGCGTGACGCCGCCTTGACCATTTCGGCGGCCGGCCTGGCATGGAGTCCATGCTTGTTCACGATTTGAACCGATCGTTCAGCCATTAACGGACCACCGAGTAGAGGACGAAGGCCGCGAGCAGGAACAGGACGACGCGCCATCCCTCGGCGCGCCCCTGCAGTCGCACAAGGAGCACGGCCAAGAGCGGCGTCGCGACAGCGACGCCCACGGGAATGGGAGTCAGCGGCGCCGGTCCGCCCATAGCACGATGGACCGCGAGGGGCAGCGCCAAGCCACCCAACACAGCCGATACCCGTCCAATGTAGCGCGGACCGTGCTGAAGCACCGGATGCCCGAGGGCCGTGGCGACGCGAAGCCCGTGCCGCCAGCCGGCGCGGAGGGCCCAGTCGCGTAGGGCGAGATGCCCCACGTTGTACAGGACGAGAAAGCCGAGCACGACCAGCAGCGCCGACGCGCCGACACCGAAGAGCAGCAGCGCCACGAGCGAGCAGGCCGGCAACCAAGCGGCCCAGACGAGGCGATCGCCGACGCTGCCGAGGGGACCGCAGAGCGCCGTGCGGAAGCGCTCAATGCGCTGCGGAGCGACTTGCTCCACTTCAGCCCGGGCGAGGGCGCCAATGGCGAGGGAGGCGAGATAGGGGTGGGCGTTGAAGTAGACCGACTGCCGCGCCAGTGCCTCACGGTAGAGCTGCCCGTCCACGCCACCGGGGAGCTGTCGCAGGGCGGGTTCGACGCAGAAGCCCACCCCATTGCCGACCAGGATCTCGTAGTTCCACGAGCCCTGAATGGCCAGGCAGCGCAGATACATGGACAGGCGCAGGGCGGTGTCCATTTCCGGCGCCGACGCCATGCCCGGCACGGGCATGCTGACCGTGTCGGTGCGCAGCGCGTTCTGACCGAGCAGTTCGTCAGGCACCGAGCACCACCATCAACGTGCCCATGGCCAGGGAGATCAGGAACAGTCGGCGGGTGCCACTGATGGCGTGAAAATCCTTCCAAACAGCGGCGGCGGCAACTGCAGCCACGCACGTGACCACGATGGCGCGCGAGAGGTCCTCAGGCACGTTCCAGCGGCCGTTCACCCGTTCAGCAAGGAGATACCCGGGAATGAAGCAGAGCGCGCCCAGTAGTGCCGCCCGAACGAGATCGAGCGTCATGCCGAACACCTGAAGCCCGACGACCGTATTGCGATTGCCGGCGGCGAGCTGACCAAGACGTGGACGCGCAAAGCTGGCGATGATCTGGCGATGCTTGATCATGGTCAGCCCTCCGATCCACGCCGTGGCGATGCCGAGCGCGACCGCGACGGCAAAGGCACCGGCCAAGGGCATCGATCCCGCGGTGACACCGGTGGCAGCCACGGCACCGGCCACGACTGATGCACTGCCCCACTCGGGATAGCGGGAGGCGCCGACCGGCAAGGCTTCAAGCGCCAGACACTCGAGCGCCGCACCGCAGACGAGACCGGCCATCGGCGCGCCGACGAAGGCGCCACCCAGCGTCGCGGCCACAATCGGGCGCGAAAACATAGCCTGCGGGAAACTGACCACGTCGAGCCCGCAGACACCGGCCAGGAGTGACAACGGCAGGATGTCGAGCCACCATGTCGGCGCCGCCATCACGCGCCCGTGGTGGACGTCAGCAGTTCGCCGAGCGGCACCGGGCGGGCGCTGGGCACATCTTGCGCCGACACATCGACCCCCTGCGCGGCAATGTCACGCAGCCCCTGCTCTTCGGGGGGCGTGAGAAACACGAATCGCAGCCGCTGCACGCGACCAGGCGAGTGATGCACGCCGCCCACGTTCACGGCGCGGATGCGCCCGTCGGCCTGGGCGACGAGTCGGCCCATCGTGCCGATGTCGCCGACGAGCA
NZ_CP053085.1_gap49	1624211	1624933	722	AGGCGTCGACTCACCCGGTGCGATCCCCGTCGGTCGGGACGCGCCGCGAGCGGCGCACACGTGACACCTGGCTTTCAAGCCGGTGTACGGCAGCGCTCAGGGCCGGCGCGAACGCACGCGCATCGGCATGGACGAATAGCTCTCGCGATCGCGCGCGTTGCAGCACGATCTCGACGCGGCGGGTCTCACCGTCTCCGACGAAACGCACGATGGCGTTGGCAACGCGATGCAATCGCTTCGCGAGGCGGATGACGGCGGCTTCGGCCTGTGCACGGAGCGATTCCGTGACTTCGGCATGGTGCGCGTGCAGGATGATCTCCATCAGCGACCTTCCTCCTTTCCCACCACCTGGCGGAGGTGAGCTTCAGTCTCTGTGGCGGCGTTGTCCCAGGTAAATGCCTCGGCGAAACGCCGCGCGGCGATCCCCAGGCGTTCGACGAGCGCTCGCTCGCCGCTGAGGTACCGCATCGACTCGGCCATCGCAGCGACATCGCCGTGCGGAACGAGAAAGCCTGTCTCGCCATGCCGCACGGACTCGCGAATACCCGGAGAATTCGACGCAATCACCGGAGTCCCGCTTGCCGCTGCCTCCAGATTCGTAATCCCCCATCCCTCTTTAGGTGATGCGAACACAAACGCCCAAGCCCGTCGAAGAAGGGCGCACTTCTGAGTCTCGTCAATACGTCCTAAAAACCGTACCCGCGAGTCCACCCCAAGGGTTC
NZ_CP053085.1_gap50	1632950	1636466	3516	AGGTCGACGCCTTCGCCGGTGACCGTGGTCGCGTCGATTTCACCGACGCGGAAGATGCCGCACATGCGCGCGTGCGCCATCTGCACGTAGTACACCGGATTCTCTTCCGATTGGCTGCGCGCGAGATCGACATCGAACACGAGCTGCGAGTCACCCTTCCGCATAAGGTAGAAATAGCGCACGGCATCGCGACCGACTTCATCGATGAGATCACGCACGGTGACGTACGAGCCGGCGCGCTTGGAGATCTTCACTTCCTCACCACCCTTCATGACGGTCACCATCTGGTGCAACACGTAGTCGGGATAGCCCTTGGGAATCCCGATCGCGAGTGCCTGCAGACCAGCCCGCACACGCGTGATCGTGCTGTGGTGATCGGCACCCTGCACGTTGATCGCGCGGTGGTAGCCGCGATCCCACTTCGTGACGTGATAGGCGACGTCGGGCACGAAGTACGTGTAGTCTCCGCCCTTGGCCGCGCTCTTCTTCATCACGCGATCCTTGTCATCACCGAAGTCGGTAGTGCGGAGGAACAGCGCGCCCTCCTCCTCGTACGTGTGCCCCGACTGCTTCAGTCCGTCGACCGTCTTGTTGACCGAGCCATCGGTGTAGAGCGAGCTCTCGAGGTAGTACGTGTCGAACTTGACGCCGAACGCCTGCATGTCGAGGTCCTGCTCATGGCGCAGCGCGGCGACCGCGAACGCCTGCATCGCGGCGAGATCATCACACGCCGCGTCTTCCGGATGGTCGACGACGTAGCGCTCGGCGATCTCACGGATGTAGTCGCCGTGGTATCCGCCTTCGGGAATCTCGAGCGGCGCTCCACCGATGGCGCGCACCTGCGCCTGCGTGCTCTTCGCGAGATTCGCGATCTGCGCGCCGGCGTCGTTGTAGTAGAACTCGCGATCGACCTTCCAGCCGGTGTACTCCAGCAGCGTGCTGATGGCATCGCCGAGGGCGGCCTGACGGCCGTGGCCGACGTGCAGCGGACCGGTGGGATTGGCCGACACGAACTCCACGACCACGCGTTCGCCATGGCCGATATCGAGCCGTCCGAAGGTGTCGGGCGACTCGAGAATGGTAAGCAGGCCGCGCGCTTGGAATCCGGGATCGAGGCGGAAATTCAGGAACCCCGGGCCAGCGATTTCGGCGGCCGTTACGCCGACGCTGGCTTTGTCCATCGCGGCGATAAGCGCTTCCGCAATGTCGCGCGGCTTCTTGCCGAGCGGCTTCGCGAGGGTCATAGCGAGATTGGTCGCCCAATCTCCGAACGACGGATCACGCGGCCGCTCGAGAATGGGAGAAACGTCGTCGGGCGCACCGAGCGTGCGCGCGGCGCGCGAGAGCTCGGCGCGCAGGGCGTCGGCGTGAGTCACGGAGTCCGGGATGTCGAGAAAGAGTACGCGCGAACGGCTCGCGTCATTCGGATGACGAGGACGGCGTGCTGGTCGACGGCTTCGACTCGCTCTTGCTGTCGCTCTTCGTGTCGCTTTTGGTGCTGCTTTCGGCGGACGAGGACGCGCCACTGGTGCGCTGGTCCTTCTTCCCGTCCTTGCCGTAGTCCGTGATGTAGAAGCCGGAGCCCTTGAACAGGAGACTGGCGCCACCGGAGATGATGCGCGTGGCCACCCCCGTGCCATCGGGCGTCGGAATGCTTTCCGGAACCTCTGAGATCTTGAACCGCGCCTCGATGATGGACCCGTCGGGGCAGCGGAACTCGTAAGTCGGCATGGCTACGTTACTTGGCTAGGGTCAGACAGCCTTGAAACGTAGCCCAGCCGGTCTCGCGGTTCAACCGGTACGGCTCAGGTCACCGTGAGGGTCGTGGCGCCGGGCGTGTAGATCACGGTGAGCGTGGAGAGATTGTCTGCGCGCTGCGGCGACGACTGCCAGACGCCGGCGCCGTTGAACAGGGCGCCATGATTGGGACACCGGAAGCTGGTGCCGTTCACCACGTTCACCGTCGTGCCGGCATGAGGACAGCGCATGGAGAAGGCGGCAAAGCTGGTGGCGCTGAGGCGCGAGACGGCCACGGGCCCCCCGTTCACATTGCCGACACTGCCGGCGACGCCGCCCACGTTGGCCAGGGCCGGCCAGGCGGCAAGGGTGACTACCAGTCCGGCGGCGGTCACGGTGAGGGTCACCGCAATCGTGCGTGACGCCACGCCGTTACCACTGACGGTGATCGTGGCCGTGTAGCTGCCGGCGGCCAGGGCGCCGACACTCGGGCGCACGGTGAGGGTGGCCGGCGCCGTGGTCTGATTGAGTGTGGTCGTGATCCAGCCCGTCGCGCCGGCACCGTAGGACACCGTCGCGACCAACCCGGCCAAGGTGCCGCCGCCGCTGTTGTTGCACTGCACCACCTGCGCGGCCGGCGTACTGCCGACCGGCGCCGTGAAGGACAGCGCCGCTGTCGATAGTTGCAGCGCGGCCGGTGTGGTCGGATCCTGCACCAGCAGCGAGACGCTCAGTGTTTGCGCACCGTTGCTGACGCCGGCACCGGATATGGTGACGGTGGCCGTGTAGTTGCCGATCGGCAGCGTGCCGCGCTGCGCCGACAGCGTCAACGTGGAAGGCGCCGACGCCTGACTGAGCGCCAGCGACAGCCAGCCGGTACGCTGCCCCGGTCCGTACGTAAGTGTGACCGCCAGTCCACCAAGAATGCCACCGCCGTCATTCGCAATCGCGACCGTCTGCGCAGACGGGGCGTTGCCAGTGAGCGTCGTCAGGAACACGACCGACGTGCGGTCGAGACCAAGCACCGGGGGCGTGAGGGCACCGCCGATCATGAGCGATCCGTCGGCGCTCTGTCGCACGTCGAGCGCCGTGAGTCCGGCGGTCGGTTGTCCGCTCAGCCACGTGCCGTCATTCGCGAAAACGGCCTCATGATTCGGGCACCGCAGTCCGGTGGCGGTGACATCCACGATGGAGCCGCGATGCGGACACACCAGCGAGAGCGCGCGGAACTGCGCCGAACCGACGCGCTCTACCACGACAGGGGCCGAGGTGCCGGAGACGACGACGGCACGGCCGCCGACCGAGGCGAGTTCAGGAACCGTGGACGGATCGAGCCGGAAGGGCGCCGGGATGGCGTCGAGCACCTGCTCGGGGCCGCTAATGATCCCGTCGCCGCAGCCGGAAACCAGGACGCCGAGGGTCAAGGCCGAGGCCGAGGCCAGAAACTGGCGCCGATCGACCCGATGGCAGCCACCACAGGGCGACGGATCAGAGGGCGACAGCTCGGTTGCGAGCGGGGACGACGGATCAAACGACGGATCGTGAGGCATACTGGATGTTAACGGGGAACCGCATCCTGTCGAGTTCGTACATCACGAAGTCGTTCATCGATTCGTCACGCGAGGATCATGCGGGTGTCACGTTCTTCGCGTGCACACCGGCTCGCGAGGCTGCATGTTGGCGAGACGGTCGGGATGTTCACGGTGCCGACCGCTCCTGCAAGACTCATTGGAGCGCCCCGCATGTTCTCGACCTGCCTGTACTGCCACGGTTCCCTCG
NZ_CP053085.1_gap51	1658734	1662486	3752	ACGGGTCGCACGTATCTCTTCCTGGGCGACGAAGAGATGAACCGCGCCGGCCGCGTCTGGGAAGGCACGAACTATCGCGCCACACTGGGCAGCGCCGGCGGCGTCGCGCAGACCTCGGGCGGATACGTGCACATCGTGGACGCCACCGATCCGATGCATCCGCGCAAAGTCGGCCGCTACCACCTCGAGGATTACGGCGCGCACGACATCATTGTCGAAGACGACATTCTGTACCAAGCCTACTACGACGGCGGCGTGCGCGTGGTCGACGTGAGCGGTGAACTCATGGGCAACCTCGCAGATCAGAAGCGAGAGATCGCCGTGTTCAAGCCGTACGATCCGAAGGCCTTCACGGCGAACGCACCGTTCGTCATGAACGCGATGCCATGGAAGGGTCAGGTGCTGTTCACCGACTTCAATTCCGGACTGTGGTCGGCGAAGCTCGAGCCGAAGGCGAAAGCGATTACGCCGTAACACATACAAAGACGGCGACGGCAACGGCAACGGCGAAAAGCAAAGGCAACAGCCGGAACACGGATTAAGTCAGATGGCACCGATCACACAGATAAGCAAAAGCCTTTGATCAAAAACGCGAGGCGAAGGCGCGGTACGGCTTATCTGTGCAATCGGTGATATCGTTTTCAAATCCGTGTTCCCGCTGTTGCTGTTCGCGAGTTAGACGCGCGCCGATGTCGATTCGCGATCGCCGCTGGACGTGACAACCGTGCCCTGCACGTGCTGTACGAACGACTCAGCACAGAATGCATTGAAATCACGCTGCATGGCGTCGTGCTCCCGCTCGCCCATCTTGCCAAGCTCGGCCAGTCGGGCATCACCGAGGCGCTCACCAGCCGCCGCGAAGGTCGCGAACGTGTCCTGCGACTGGCGGATCATGACGATGTCGCCGACGACACGCAGGAAGTCGGTACCACGCAGGGAATCGACGACATCGCGTGCTTTGCCAATCGCCGAGCCCAGTACGTTCTTGAGACCGCTTCCACCATCCGATCCGATCGTCGTGCCGTAGGCCTCGAGCATTGTTTGGTGCTCCTCGAGAGCCGGGATGTGCTTCTCGCACAACTGCCGATAGGTGGGATCGTCGGCCTGTCCCGCATGATCGCGCAGACTGCCGATCAAGGCGTTGTGCTGCGAGATCGCGTTGTTCAGCTGCGCGCGAAGGAAATCGCGTCCTGTATCCATGGTCATGCTCCATCGTGAAAGGTGCGAACACGGGTTGCACAGCCCGTGCCGCACCGATCGCGATGCCGATCACATTGTCGGCTGATATCGACCCCACACCTGCTCGAGCGTGTCGGCAATTTCGCCAACCGAGGCGCGCAGGCGTACCGCGTCGATGATGCGCGGCATGAGCGGCGCGCGCGCACCGACATGGGCCGGGAGATACTCCGGCGCGATCTCGAAAATCGCCTGCAACGCGGCCTGCACGGCGGCGTTGTCGCGCGAGGCCTTTACCTGCTTCAGTCCGGCCACCTGCCCCACTTCCAGCGCGCTGAAGTCCGGGGAGGGAATGATTGGCGGGTCCTGTCCGTCGCCGAAACGATTCACCCCCACCACCACGGTTTCGCCCGCTTCGACACGAAGCTGGTACTCATACGCGCTACGTCCGATCTCTTCCTGGAAGAAGCCGGCGCGAATCGCCGCGGCGGCACCGCCGAGGGCGTCCACACGCTCCAGCAACTCGAGCGCGCGCGCTTCGACGGCATCGGTGAGCTGCTCCACATACCAACTGCCGGCGAGCGGGTCCGCGGTCTGTGCCACGCCAGACTCATAGCCCACGATCTGTTGCGTGCGCAGCGCGAGCGTCGCGGCTTCGGCGGTCGGCAGCGCCAGCGCCTCATCGTAGCCATTCGTGTGCAGCGACTGCGTGCCGCCCAGTGTGGCCGCGAGCGCCTGGACGGTAACGCGCACCACATTGTTGAGCGGCTGCTGTGCAGTGAGCGTGACACCACCGGTCTGCGTGTGAAAGCGCAACTTGCAGCTGGTGTCGTTGGCGCCGAAGCGTTCGCGCATGAGGCGCGCCCACAATCGCCGTGCGGCACGGAACTTCGCGACTTCTTCGAACAGATCGCTGTGCGCGGCGAAGAAGAACGACAAGCGCGGCGCGAACGCGTCGACGGCCAGACCCGTGTCGACCGCCTGCTGCACGTAGGCGATGGCATCGGCGAACGTGAACGCCACTTCCTGCACCGCCGTGGCACCCGCTTCGCGGATGTGGTATCCCGAAATCGAAATCGGATTCCACTGCGGCACTTCAGCGGCGCAGAAGCGGAACATCTCGGCCGTGAGCGCGAGCGACGGATCGGGCGGATAGATGTACGTGCCGCGCGCGATGTACTCCTTGAGAATGTCGTTCTGCACGGTACCCGACAGCGCGGAGCGGGCGATCCCACGCTCTTCGGCCACCACGATGTACATGGCGAGCAACGTCGATGCCGTGGAGTTGATCGTCATCGACGACGAGACTTTGTCGAGCGGAATGCCGTCGAGCAAGACGTGCATGTCGTCGACGGTATCGATGGCGACGCCGACGCGGCCCACTTCTCCGCTCGCGCGCGGCGAGTCGGAATCGATGCCCATCTGCGTGGGCAAGTCGAAGGCGACCGAGAGTCCCGTCTGCCCCGCTTCCAGCAACAAGCGGAATCGCTCGTTGGTGGAGCGTGCCGTACCGAAGCCCGCGTACTGGCGCATCGTCCAGAGACGACCGCGGTACATCGTGGGCTGCACGCCACGCGTGAAGGGAAACTGACCGGGATCGGCCAGGTCACGGGTGTAATCAACGTGGACGTCGTCCGGACGGACGACGCCTGGGATCGGAATGCCGGAGGGGGAGAGTCGCTCGCTCATCCCCCCAATCTAGCGATCAGGACGCGACTGTCGGAGTCGGCGCTGCGGTTCGCGTTCCACGCCGCTCCGGAATGCCCGGTGCGACGTACTGCGGCAGCGGGAACTCGGCGACCGTTTCCACTTCGGCTTTGCTGCCGAGGTAGAGCGGCGTCCGCTCGTGTAGTTCGGTGGGCTGCACGTCGAGGATGCGACCGAACCCGTTGGTGGCCAAGCCACCCGCCTGCTCGGCGATGAACGCCAATGGATTCGCCTCATACAACAGGCGCAGCTTACCCTTGGGCGCCTTCTCGTTGGCCGGATAGCAAAACACGCCGCCACCGAGGAGGTTGCGATGGAAGTCGGCGACGAGTGATCCCACGTAGCGCACGTTCAGCGGCGAGCGCTGACCGTCCAGCCCGCGATAGCGACGCATGAGCGCGCGCGTGGGTTCCGGCCAATCCTGTTCGTACGCGTCGTTCACCGACAGATACCGCGCACGGGTCGGGATCTGAATGTTCGGGTGCGACAGCAGAAACTCGCCAATGGACGGATCGAGCGTGAAGCCGTGGGCGCCCTGTCCGGTGGTATACACCAGCATCGTACTCGAGCCGTAGATGACATACCCGGCGGCCACCTGACGGCGACCCGGCTGCAGCATGTCCTCCATCTCGCCACGCGCACCACGGGTGATCTTCTGATACACCGAGAAGATCGTTCCCACCGGCACGTTCACGTCGATGTTGGACGAACCGTCGAGGGGATCGAACAGCAGCACATACTTGCCGGCGCGAAAACCTTCGGGAATGTGGATGATGTCCGGCTCCTCTTCGGACGCCATCGCGCACAAGCGACCGCCATGGTCGAACGCTTTGACGATGATCTCGTTCGAAATCACGTCAAGCTTCTGC
NZ_CP053085.1_gap52	1665054	1669684	4630	GGCCAACGTGACGCCCGCGCCGGTGGCGACGCGCTCGACTGCCGCCGCCCGACAGAGGCGCGCATCGTGAGTGGCCGACGCACTCGCGAACACGCCGGCGAGGCCGAGCCCGGCGAGCGTCAGACTCGTGAGCCCCCCCACGTGCCGCGCCCGCCATCCCGGACGCGCCGCCAGGCCGGCGAACAGCATCGCGACGACGAAGGCCGCCGCCGACTCGACGCGTGCGAGCCATGGCGAACCCATCGCCGGTTCGCCGAACGTGGCGCCGACGAACAACCCGAGCAGCCACCAGCCGGCGGCGTGAATCAGGAGTGGCATCCCCCACGGTGGCGAACCGGCACCGGTAATGCAGTACCGGATCCACGCACACCGTTACCGGTCGACGCCGCAACGCCACCGAAAACGACTACTCCCGCGTGCACCACGTTCTCGACACGAAAATGCGCCTCCTCCCCCTCCACGCCTCTTTCGGAAGTATCAAAACGGCCGCATTCTAGCATGAAAGAACCGTTCGCCCCACTCACTCATTGGGAGATCCGATGCGGATTGAAACATTCGTCGCGGCTGCAGCAGTCGGCGTGATGACGGCTGGTAGCGCGCACGCACAGCCTGCGACCGGCACCGTCGCGGGCAAGGTGACGGAGGTCGGCGGTGGTGCCGTCGTAGGTGCCAGCGTGTTCATCACGGGAACGCAATCGGGATCACTGACCCGAGGCGATGGTGGCTACCGCATCGCACTTCGGCCGGGCCGCTACGAGATTCGCGTACGGCTGGTCGGGTACGGCCTGGCGCGCGACTCCGTCACCGTGACTGCAGGCGGCACCGTGACGAAGGACTTTCGGCTCGAGAAATCAGCTACGACGTTGGGGGCGGTGGCGGTCCTCGGTTCGCGCACGCAAGAACGTACCGTGCTCGACGCGCCGGCCCCGATCGACGTGCTCAGTGCGACCGAGTTGCGGGCCACCGGCCGTGTAGAGACCGCACAGATGATTCAGATGATCGCCCCGTCGTTCAACTTTCCACGCGCCACCGTTGGCGACGGTACGGACCACGTACGACCAGCAACGCTGCGCGGACTCGGCGCCGATCAGGTACTGGTGCTGATCAACGGCAAGCGTCGGCACACGAGTGCGCTCGTCAACGTGAACGGCTTCGTGGGACGTGGTCAGGCTGCCGTCGATCTCAACGCGATTCCGGCGGGCATGATCGATCGGATCGAAATTCTCCGTGACGGCGCCGCGGCCCAGTACGGATCGGACGCCATCGCCGGCGTGATCAACATCATTCTCAAGGGCAATGCGCCGACGGAGTTCACGGCGTCGGTGGGCCAGACGAACACCACGCTCGAGGGCAACCCAGCGCTTCCCAGCAGCATTCAAAACTTCAAGAAGACGCTGAACGACGGCAAAGTCTTCCAAGCGAATGGCACCTGGAGCACGGATTTTGGCGGCGCGGGATTCCTCGCGCTAGGCGCGGAGTATCGTGACCGAGGCCCCACCAATCGCTCCTTGCCGGATACGAGGCAGCAATATTTCACCGGCGATTCGAAGAATGCAAATGCCGCGGCCATCAATCATCGCCAGGGCGATGCGGACACGCGTGACGCCACGGCATTCATGAATTACGGACGGACCCTGTCCAACGGCGCGCAGGTCTACTCCTTCGCCGGCATCGGCCGCCGCGATGGTGAGGCGGCAGGCTTTTGGCGCCGCGCGCAGGACGACCGCACGGTTCGCGCGATCTATCCCGACGGCTTTCTGCCGTTGATCACGTCGACCATCTGGGATTACTCCGGCACGCTCGGCGTGAAGGGCGACGTGGGCAAATGGAAGTACGACGTGAGCTCGGTGGCCGGTCGCAACACGTTCGCCTTCGACATCGCCAATTCTGCCAACGTTACGCTGGGTGCGGCGAGCCCGCGCGAGTTTTACGCCGGTACGTTGGGCTTTACCCAGAGCACGACGAACGCCGACTTCTCACGAGAACTGAACATCGGCCTTCGGAAGCCGCTCCAACTCGCCACGGGCGCCGAGGTGCGCTACGAGCGCTACGACATTACGGAGGGCAACCCGGATTCGTATCGCGACGGCGGCGTGCGGATCCTCGACGGCCCGAATGTCGGCCGCCAAGGCGCGGTCGGCTCCCAGGTGTTCCCCGGCTTTCGTCCCACGGATGCAGGCGCGCACTCGCGCAGCAACGTCGGCGCCTATCTCGAAGCCTCGAACGAAATAACCGATCGGTGGCTGCTGAGCGTCGCGGCGCGCGCCGAGAACTATTCCGACTTCGGCAGCACCGCCACTGGCAAGGTGGCCACGCGCATCTCGTTGCTCGATCAAGTCAAGCTTCGCGGAGCCGTGAGCACCGGTTTCCGTGCGCCGTCGCTGCACCAGCAGTGGTTCTCCTCTACCGCGACGAACTTCATCAACGGGCAGCCGTTTGACGTGCGAACGCTCCCCGTGACCGATCCGATTGCCCGTGCCCTCGGGGCCGAAGATCTCAAGCCGGAAAACTCCGTGAACTGGAGCGGTGGCTTCGCGATCGAGCCCTCCAAAAACTTCTCGTTCACGGCTGACTACTACAACATCTTCATCAGCGACCGCATCGTCTTCTCGGAGAATTTCACCGGAGCGCAGGTCTCGGCGCTGCTCGCCTCGAAGGGACTCGCCGGTGTCTCAGGCGGCCGCTACTTCACCAACGCCATCAACACCCGGACGCAGGGCGCGGACTTCGTGGCGAACTACGGCGTGACACTGGGCACGCTTGGCTTCGTGCGCCTGACCGGTGCGTACAACACGACCGAGAACCGCGTCACCTACGTGAAGCCCACGCCGACGGCCCTGTCGTCGCAGTCCGAAGCGTTGTTCGGTCGGGTTGAACGCGGGCGCATCGAAGTCGGACAGCCGCGATCGAACGTGATGGTGTCGGCGAACCTCTCACGCCGGGCGCTCGACCTCACGCTTCGCGCGCAGCGCTTCGGTGAAGTAGTGTCGCGCGGCACCGCGACGAACGGCACGCTCGACAACGTATACGGCGCCAAGGTCATCACCGATGCCTCCATCGCGTACACGTTTCCCCGACAGCTCCGATTGACGATCGGCGCCGACAACCTGTTGGATGTCTATCCCGGCTACAACTCGGCGCTGACCAACAACGGCGGCATCTTTCCGTACAGTGGTGGCAGTCCGTTCGGCTTCAACGGCCGATATCTCTATGCTCGGCTGAATATCACGCGCTGACGACCGTCTGCCATGACGCAACGCGAGGGCCAACGGGAGATTCCCGTTGGCCCTCGCCGTTTGTCGGATACCGCAACGAACCGGCGTCGCTACCCGGCCATCATCGGCAACGGCTTGCGTTCGGTCTGCTCGACAACCGGCGTCCCCATGAACGTCGCGCCGGTGGTGCCGCTCAGCTTCACGGTGAGATAGTCGCCGATCGCGCCGGCGTCGGCCGGCACCATGATGGTCTTGAAATCACGCGAGCGCGCCTGCAGCAGTTCGCCGTCGCGCGCCACTTTCTCGATGAGCACTTCGACGGTATCGCCGAGTCGGCGCATGTTGTTCTCACGCGAGATCCCACGCACCGTCTTCAGCAGCAGCTCGAAGCGCGTCGCGACGATGTCGTCGGGGATCGTCCACTCGGCAGGCATGCGTGTCGCCGGTGTTCCTTCGCGCGGCGAGAACTTGAACATGAAGGCGTCGTCGAAACGCACTTCCTGACAGAGCGACAGTGTATCGGCGAACTCTTCGTCGGTCTCGCTGGGAAAGCCGACGATGATATCGGTGGTCAGGGCCAATCCGGGAATCGCGGCCCGCATGCGTTCCACGCACGCGAGATAATCCTCTCGCGAGTAGCGACGCAGCATCTTCTTGAGCATCGACGTCGAGCCGCTCTGCATCGGCAGATGGATGTGCCCACAGACCGTGGGCACTTCGGCCATCGCGGCAATCACACGATCAGAGAAGTCGTTGGGATGCGGGCTCGTGTAACGCACGCGGCGGATGCCGTCCACAGCGCCGACGGCGCGCAGGAGGTCGGCGAAATCGTGCGTGCCATCGTTGTACGAGTTGACCGTCTGTCCAAGCAGCACCACTTCCGTGAGCCCTTGGTTCACGACCTCGTGCACTTCGCGCACGACCTCGTGGAGCTTGCGGCTCCGCTCGGGGCCCCGCGTGGTCGGCACAATGCAGTACGTGCAGCGATAGTCGCAGCCGCGCTGCACCGGGATCCAGGCCTTCACTCCCTCGAAGCGACGGGCGACGACGTCTTCGTAGTGCTCTTCGAGATCGAAGTCGGTGGCCGTGAATTTCTCCCCGCGGCGCGCGCCATCGAGCAGTTCCGGCAACGCGCGATAACCATCGGGACCAACCACGATCGACACGTGCCGGGCCTGCTCGAGCACGCGAGGACCAAGCCGCTGCGCCATGCAGCCGGTCACGCCCATGACGCTGCCGGGTCGCATGAACTTCTTGAGTTCACCGAGTCGGCCGATCACACGCGTTTCCGCGTTTTCGCGAATGGCACAGGTGTTCACGAGAATCACGTCGGCACCATCGGGCACATCCACGGCGTCGTAGCCGCTCGCGACGAGCTTGCCGTACATGAGTTCCGAATCGGCCACGTTCATCTG
NZ_CP053085.1_gap53	1672203	1677105	4902	GGTAAAGCGAACGCGCTCAGGCATTCTCGAGCGAAGCAGGCGTGAATGGCGCGGGCAACAGTTCCGCCAGCGACCAGCACGCCGTGAGCCCATCCGGGGTCACGGCGAAGATTTCGAGCGCTGGGGCGAACTCCACCAGCGCCTGTCGGCAAATTCCACACGGTGGCGTCGGCGAAGCCGCCGCTGACGTGATTACGATGCGCACAAAACGACGCGCCCCATCGGCGATCGCTGCACCGAGCGCAACGCGCTCCGCACAGATCCCCGCCGGGTACGACGCGTTCTCCACGTTGCAGCCCGCATACACGCGCCCGTCATCCGTCTCCAGCGCGGCGCCCACGGGATAGAGCGAGTACGGACACCACGCATTCGCGCGCGCCGCGTCTGCCGCGGTGCGCAGATGGGCGATGCTCATGCGTGCAAAAGGCCCGGCAGGAACGACGTGCCGCGGCCGCGCCACGAAAGACCGAACCAGTCGGCCACCGTTGCGCCCAGATCCGAGAACGTATCGCGCTCTCCCACGCTCCCACCGCGCACCCGCGCGCCGGCCACCAGCACCGGCACGCGCTCGCGCGCGTGGTCGGTGGATGGCGTTGTAGGATCGTTGCCGTGATCGGCGGTAATGAAGAGCAGGTCGTCCTCCCGAAGTGCTGCCAGCAGGCTGGGCAGGGCGCGATCGAACGCTTCGAGCGCCCCCTGAAAACCACGGACATCGTTGCGATGCCCGAACAGCTGATCGAAATCTACCAGATTGGCAAAGCAGAACCCACGAGGAGCCGAATTCAGCCACTCGAGAAGGGCCGAGACCCCCTCCGCGTTGTCGACCGTGTGCCGGGACGTGATGCCGCGACCGGCGAACAGGTCGTCCACCTTCCCCACCCCGGCCCGCGGAATCCCCGCCTCGGCGAGGGCATCGAGCAGTGTCTCGCCGGGCGGCTGAAGGGAGTAGTCGCGTCGGTTGGCGGTACGCTTCCAAGCCCCCGAAGTTCCCACGAACGGGCGCGCGATCACTCGCGACACGTCATGCGGGGCCACCAACTGCTCCCGGGCGATCTCGCAGGCGCGATAGAGCTCCGAGAGCGGGATCGACTCCTCGTGGGCGGCGATCTGGAAGACCGAGTCGGCCGAGGTATATACGATCCAGGCTCCGGCCTCACGGGCCTGCTCAGCGAAATCGGTAATCACCGCGGTCCCGCTGACCACGCAGTTGGCAATGACCGGACGGCCGGTCGCCCGCTCGAACGCCTCGATCACGCTGGAGGGAAACCCCTGCGGATAGGTAGGGAACGGCTTGGCCAAGTGAAGTCCGGCGAGCTCCCAGTGTCCGGTGGTCGAGTCCTTTCCAGAGGAACGAGGAAGCAGCGTGCCCCAGGCACCGATGGGATGCGCGGCCGGCTCGACGCCGGGAATCGGTGCGATATGCCCGAGACCGAGGCGCGCCATGTTCGGCAGGTCGAGGCCGCCCACCGCCCGTGCCACGTTGCCAATCGTGTCACTGCCGCTGTCGCCGTAGGCCGCCGTGTCGGGGGCCTCGCCGCAGCCCACGCCGTCGAGCACCAGAATCAAGGCGCGACGACCGGCGGTATCCGCCGCGGTATCGGGTACGGAACCGGTGGTGGTCATGACGGGCTCGGTAGAAGGGGCCGGGACGGCACGCGCAGCGGGAGGCCAACCAACAGCTCGTAGGGCGACAGATCGGCCAGCTCAGCCACCTGCTCCGTGCTGATCGTGGCCACCCCGTCGGTGCCGATGAGCGTGGCGATGTCGCCGACGGCACACGGCACGTCGGTCACGTCGACCATGATCATGTCCATGGTGACACGACCCGCGACCGGACACCGTACCCCACCGATCAGAACCTCGCCGCGATTGGAGAGTTGCCGCCGATATCCATCGGCGTATCCGGCGGAGATCGTGGCAATGCGCGACGGTCGCGCGGCCGTCCACGTGGCGCCATAGCTCACTGTCTCGCCGGGAGCGACCTCGCGGAGATCGATGACGCGGGCCCGCAGATGCACCACCTGCCGCAAACCGAGCAACTCGCTGAACATGCCCGCATAGACGGCAATGCCGGGACGGGCCAGCGAACCGGGCGAGAGGCGCGTCCGACTGGCGATCCCGGCGCTGTTGTCACTGTGCCGGAGCACGGCGGGCGGCAGGGCGTCCCCGAGCGCCAGCATGGCGTCGACGAAGCGCGCGTCCTGCTCGTCGCGGGAGTCGATGTCTTCGTCGGCCGAGTGAAAGTGCGTGAACACACCCTCGGGGGGATGGGCGCGGAGCACGTCACGGAGTTCCTCGACCTGATCCCAGCGCACTCCAGCGCGCGCCATGCCGGTATCGATCGACAGATGGTATGGCCGCAGCTCGCCTCCCTGCCCGGCATCGGCCCAGGCGCGAATATCGGGCACACGATGCAAGGCCGGTCGCACTCCCAAAGCGTGGGCGCGCGGCAACTCCGACGCCAACAACGGCGTGAGGCAGAGAATGCGGCCGCGGCACCCGGCATCGCGCAATTCGGCCGCTTCGTCGAGCGAGGCAACGCCGAGACCCCATGGGGCATCAGGGGCCGCCGGCGTGCGATCGAAGGGTACGCCAAGGGCCCTGCTGACCATTGCCGCACCGACGCCGTAGGCATTCGCCTTGACCATCACGATCAGCGGCACGCCGGCCCGCGCGCGCAGCTGACGGACGTTGTGGCGCACTGCCTCGAGATCGACGTCGAGCCAGGCGCGATCGGTGGCGGGATATATTGACGCGGTCACTCGCACATCCTAAGCAGCCAACGACGTACGGAGAAGCGATGCAACGGACGATGGACGACGCGCTGGACCTGATGCGGGATCTGCGGGCCCGCTGCGAGTGGGACCGGGTGCAGACGCACAGCTCGCTCCGCCCGTACCTGATCGAGGAAGCGCACGAGGTCGACGACGCGATCGCGCAGGGCGACGACCCGACGCTGCGCGACGAGTTGGGTGACTTGTTCTTGCAGGTGCTCTTTCACTCGGTGGTGGCCGAAGAGCGCGGGGCGTTCACGATGCAGGACGTCGCCGGTGCACTGGTCGCCAAGATGCACGCGCGGCATCCGCATCTGTACGGCGACGGCATCAAGCGCAGCTGGGAGTCGATGAAGGCCGAAAAGGCCAAACGTTCGACGCTGGAAGAGGGGCTCCCGGCGGGGCTCCCGTCGCTGCATCGGGCCCACCGGTTGCAGGACCGCGCCGCCGGCGTGGGCTTCGACTGGCCGAATGCCCTCGGTCCGCTGGAGAAAGTGCGCGAGGAGATCGACGAGCTGGCCGCGCACGTGAACGCGGATGGTCAGGTGGCCGATCAGGACGCGTTCGAGGCCGAGCTGGGCGACTTGCTCTTTGCCGTCGTGAACCTGGCGCGCAAGACCGGCGTGCACGGCGCGCTGGCCCTCGACCGGACGAACGCCAAGTTCGTGCGACGCTACGCCGCGATGGAAGCGTTGGCGAACGCCGATGGGGTGGAGCTCACGGCCCTCTCGCTCGAGGAGCAGGACCGGTACTGGGACGCGGTCAAGAGATCGGAGCGGTCAGGGTGAGAGCCGTCCCATCATCCGCGGGAACGCGATCACTTCGCGGATATGCTCGATGCCGCAGATCCACGCGATCGTGCGCTCGAGTCCGAGTCCGAAGCCTGAATGCGTGAACGTGCCGTACTTGCGAAGGTCGAGATACCAGCCGTACGCCTCGACCGGGAGCCCTTCGTGCGTGAGACGCGCGAGGATCTTGTCGTAGTCGTCTTCGCGCTGTGAGCCGCCGATGATTTCGCCGCGGCCTTCCGGCGCCAGCAAATCGGCGCAGCGCACCGTGCGCGGATCGAGCGGGTTCTCCTTCATGTAGAACGCTTTCGCTTCCTTCGGATAGTTCACGACGAACACCGGGCGCTGATACTCGTCGACGATGAGCGCCTCATCGGGCGCGCCGAGGTCGTCGCCCCAGACGATGTCGCTGCCCTTCCCTTGCGCCAACTTCACGGCGTCGCCGTAGTCGAGGCGCACGAAGGGCTGCGACACGCAATCGAGCTTGGATGTGTCGCGCTCGAGCACCTTGAGCTCTTCCTGTCGACGCTCGAGCACACGCTCCACCAGGTAGCGCACGAACGCTTCCTGCAGATCCATGTTGTCGTCTTGATCGTACCACGCCATCTCGGGTTCGATCATCCAGAACTCGGTGAGGTGACGACGCGTCTTCGACTTCTCGGCGCGAAAGGTGGGGCCGAACGTGTAGATGCGGCCCATCGCCGCCGCGAGCGCTTCGCCGTACAGCTGCCCCGTCTGCGCGAGGTACGCCGTACCTTCGTCGAAGTAGTCGGTGCTGAACAGGCCGGCCCGTTCACCGATCGCCGCGGTGAGAATCGGCGTATCGCAGCGGATGAAATCGCGCGCGTAGAAGAAGTCGTGCACGGCCTGTTCCAGCTCGTGTCGCACGCGCATGATCGCGACCTGACGCTGACTGCGCAGCCAGAACGTGCGGTTGTCGAGCAGGAAGTCGATGCCGTGCTCTTTCGGCTGAATCGGATAATCGTTCGGACTCGCGCCGATCACCTCGAGCGTCTGCACGCCCATCTCGAAGCCGCCGGGCGCGCGCGCATCGGCGCGCACTTCACCCGTGAGCGCCACCGACGCTTCCTGCGTAAGTTCGGCGAACGCGTTCCACGACGCCTCAGGCACCTCGGACTTGACCAACACCGCCTGCAGAATGCCGGTGCCGTCACGGGCCACGACGAAAGCGACCTTGCCCTTGGAGCGCAGGTGAGTGACCCAGGCGCGAACGGTGACGACGGCGCCGACATGGTGCTTGAGGTCGGCGATACGGGTGCTGGATTGGTTCATCGGACGAGTTGAGGGAGAGCCGTGAAGCTACACCGTTGCCCGCTCGC
NZ_CP053085.1_gap54	1715247	1717189	1942	GCGTGCCGGCCACGTTGCGCAGGATCGCCAGACGCATCTCGTAGTCGGGCGCACCCACATCGACGACGAGCCCGCCGATGAGCCGCGACAGCAGGCGTTGATCGACATCGGGTATCTCGGACGGCTGACGATCGCTGGTGAGCACCAGCTGACGACCCGAGCCCTGCATGATGTTGAACAGGCGCAGCAGTTCGGACTGCGTTTCGCGCTGTCCGGTGAGGAATTGCACGTCGTCGAGAATGAGCAACTCGACCTGCTGATAGTGCTCGATGAACAGCTGTCCCTGGCCGCTCGCGATCACGCGCTGCAGATGCTCGGCCACGTCCTCGCCCGACGTGAACTCCACACGCAGATCGGGCTTGCCCGCACGCGCCTGATGGGCGATCGCCGCCACCAGATGCGTCTTGCCAAGTCCCGAGCCGCCGTAGACGAACAGTGGGTTGTAGGTGCTGCCCGGTGCCTCGGCCACGGCGCGCGCGGCCGACACCGCGAGGCGGTTCGACGAGCCGACCACGAACGTGTCGAAGCGATAGTTCCCGTCGAGCGGGCCGCTCATGCGCTCCTCATGCGTCGCTTCCCGCGACGCCGGTGAGCACATCGGTGGTCACGTGCCCGGTGTGCAGCGACGGCGTAAAGGCCGGCGTGCGGAGGGCGAGCGCCGCCCGATGGGCTGTTTCCGTGCCCTCGTCCGCGCCGAGCCGCTTGAGCACGCGCATGCCGAGCGAACGCAGGGTGTCGAACACGCCCGGGCCGTGGAGCGCATCGCCGGCGAACTCAGGGACGGCGCGGAAGTTCAGCGCGACCGACAGTTCCGCGACGCTGGCGGCCAGCGACGCGGGCAAGTCCTGCTTGTTGTACTGCATCACGATGGGCAGATCACGCGCATCGACGCCGTGTTCCGCGAGATTCGCGTGCATGTCCTGCAGGCTTTCGAGATTGTCGTCCCACCGATGGCGCTGACTGTCGGCGACGAACGCGATGCCGTCGGCGCCTTGTAGCACGAGCTGGCGAATCGCGCGGTAGTACGGCTGACCCGGCACGGTATACAGCTGAAAGCGGACGCGATAGGCGCCCACGGTGCCAAGATCGACGGGGAGATAGTCGAAAAAGAGCGTGCGGTCGCGACGGGTGGCCAGCGACGTGAGCTCGCCGACCTGCGTGCCCGGCAACGCCGAGTGCAGGTAGGTGAGATTCGTCGTCTTGCCAGACCGTCCGGGCCCGTAGTAGACCAACTTGCAGGTGATCAGCCGTGTGGCATGATCGACAATGGGCATGCGCCCGCTCCTCTCCTCGCCGCCGGTGTCGCCGCGCCCGACGGGCACGAGGTCACCGGATGTCTCCTACGCCGTTACGGATGCAGCAGCGCGTGCAACCGGGCTGTCAGCGCGATCGCTTCGCGCACGCGATCTGCGTCAGCGAACGGCTCGGGCACCCGAAGGGCAGCGTGCCAGTGCGTCATCGCATCAGCGAAGTCACCGCGCCGGGCCGCTTCGTCACCGAGCCGGCACAACGAGATGGCTTCGGCGCGCGGTGCGATTCCGGCCGTCTCCCCTCGCGGCAAGGACGGCTCAGCCGCCTGCGAGGCAACCGGTGGCGACGCCAACCACGGTGTGCGTCGACGGGGGAATCCTTCGGGGGAGATGACCCCCAGTTCGACAGGATCGAAGAGCGAATCTTCGTCGTGCGACAGTAACGCGTCGTCGGGTGTGGCTGAGGAGTGCCGCGTGTGCACCGCCGTGGGGATCCAGAGATCGCCAGCGATCTCCCGACCCTCGGGAGCGGGAATCGCTGCCATCGCGGGTGGCGTGGGATTCCGCCGGGGTGCCACCGGTCCATCGCGCAGCGCCAATAGTCCTGCCCCGATCAGACCGTGGACCTGCTCCGCCACGTCCAACAGGTTACGCCCGAGCGAGTCGGCGAGCATCAGCAGATCGCGCTGCCC
NZ_CP053085.1_gap55	1742773	1744921	2148	CCGCAGCGATAAACCAGCGTGACCAGCATCGCCGGTTGCACGAAGCGTTCGGAAGACGTCTGGTCGCGGAACTGGGGCGAGAACGACGCCACGTCGTAGCCGTCCTGCTCCACCGCGTCGACCACGGCACCGACCAAACCGGGTGCGGGAACGGTGTCGGCATCGATGCCGAGCACCCACTCGCCCTTCGCCTGCCGCAGGCCCGTCTCGAGCGCCCAGACCTTACCGACCCAACCCGCGGGGAGCGGTTCATCGGTGACCAGTCGAATACGCGGATCACGCGCCGACGCGGCCTCGACCAGCTCACGGGTGCCGTCGGTGGAGCGGCTGTCCACCACCAGCACTTCGAGCATCGGAGACGTTTGCGCGGTGAGCCCCGCGAGACACGGACCGATGCGCTTCGCTTCGTTGAGCGTGGCGACGATCACGGTCACCGTCGTGTCGGTGCGCGGCGTGAGTCGGGGCGCGATCGGTGGACGGCGAGTCCGTCCCGGCATGAGGCGCGTGAGGAGCAACAGCAACATCGGCACCTGCACGGCGAGCAGCGCGAGCCCCAGGCCACGTGCGACGTCAACCACGGAGATGGTCGCGTTCATAACACCGGCTCGCCAGACACGCGCGTGCGTACCGCTGGCGCGACGACCGGCTCGGCCATCGCGAGTCGAGCGACCGCCTTCGCCATGTCACCGAAGATGAACAGGTGTGCCGGATACATCGCGTACCAGTAAAGAAGTCCGAAAAGACCGCGCGGCGCGAAGAGCGCCGTCTGAATCAGCCGTGTGCCCTCGCCTTCGGGCACGGCCGAAAACTGCAACCACGCCTGTCCAGGCACGCGCATTTCAGCGCGCAGGCGTAACAGGCGCGGGCGCTCGACCATCTCCACCCGCCAAAAGTCGACCGCCTCTCCAAGATACAACCAAGCGGGGTCGCGGCGCCCGCGCCGCAGCCCGGGTCCGCCCACCATCCGGTCCAGAAAGCCCCGGATCTTCCAGAGCCAATTCCAAGCCAGCCACCCTTGATCGCCTCCCAGCCGACAGAAGGCCCGAAACACCTGATCGGGGCTGGCATCCACATAAATCGTGCGCGTCTCCTCCAGCACACCCTCCCGGTCACGCAGTTCGTACGACGCGCCACCGCCCAGCGCGTCGCTCCACCGCGACTCCACGGCGTGTGCGGTCAGGCGCGAGAGGGCACGCTGGACCGCGGTGCGATAGGCCATCGGGCGCACGTCGGGAAACAGCTCACGGGCCTTGGTGGTGTCGGCCAGCACCGGATGAGCGATGCCCTCAACCAGCGGCGTGGCCAGGCGCGACGGGATCGGCGTGACCTTATCGATCCAGAGGGCGGCCAGTCTCGGCGACATCACCGGCACGGCGATAATCGTGCGACGAAGACCGCGCACCTCGGCGTAGCCGTGCAGCATGTCGCGGAACGAAAGGACGTCGGCGCCGCCGATCTCCACGATGCCGGACGGGCCATGCTCGCGGGCGCGAACCAAATACGTGAGCACGTCGCGCACCGCGATCGGTTGCACCTGATTCGTGATCCACTTCGGCGCGATCATGAACGGCAGGCGCTCGGCCAGGTAGCGTACCATTTCGAACGACGCCGACCCCGAACCCACAATCGGCCCCGCGCGGAACTCCGTGGTTGGCAGTCCGCCTCGCAAGATGGCACCCGTCTCTCCGCGGCTCTGGAGATGCTCGCTGGCGTCGTGCGCATCCGGCACGAGCCCGCCGAGGTAGATGCAGTGCTTCAGGGCACGCCCCGCCTGCACGAAATTCCGGGCGGCCACCCGGTCGCGCTCGGCGAAGTCCGTGGCGTGCGTCATGCTGTGCACGAGGTAATACGCCTGATCGACGCCGTCGAGCGCCCGGGCGAGCGAGGCCGCGTCGAACAAATCGCCGGTCACCACCTCGACATCGTGTTCCCACCACCGCCCGTGAATGCGGCGCGGGTCACGGACCAGCAGCCGCACCGGCACGCCCCGCTCCACCAATCGAGAGGTGAGGCGGCCGCCGATGTAGCCTGTGGCGCCGGTGACAAGCACGGTCATGCGGTGGGGACGGTGGCGGGTTCGGTGATCGGCACGTACGCTACCTAACGCTACGCCTCTTCCCTCCCCGCCGTTCCAATCTGCATGCCTCG
NZ_CP053085.1_gap56	1806551	1807327	776	ACCAGCGCCCACCGTGGTTTCGTGCAACAGTCGAGAGCCGTGCTTCGCGGCCAGCGCCCGCAGCGACTCCACCTCGGCCCGGGGCGCGGACAGCGGCCGCTTGTTGGCCATCACGATATCCATGTTGGCCAGAATCGCCGCGCGAATAGCCGGCAACGTTTCGTGCGCTGTGACGTCGACCAGTACCGGACGCGCCAGCGCGTGAGTGCCGATATAGGCCACCGCCTCGGCCGCCGTGCCTTTGTGCCCACCGCTCATCGTCGCCAAGCTGCCACCAGATTCCTTGGCCTTCGCGTAGCTGGCCAGCTGTCGTGCCGTGAGTCCATCGGGTTCGAACACGAAACCGCTGCGATCGATGAGACCCACGATCGTGGGCTTCACACGGCGCCGCACACGTGGCAGCATCCGCAGCAGCTCCCGCCCGATCAGTCCCACTCCCATCAGCACCACGTCCAGACGATCTTCTTCGCGCAGTCCGCCGCCGCCGATCTTGTCGAGCTGAAATTCGTCGTGCACGGCCTGCGCGGCCACTTCCGCATCGGGTTCGGCAATCACCACCGAGATGTTCAGCTCACTCGAGCCTTGCGCAATCGCCACGATGTTCACGCCGGCGGTGGACAGCGAAGTGAACATCCGCGAGGCAATGCCCGGCGATCCGGCCATGCCGAGTCCAACGACCGCCAGGGTGGCCATGCCGCGCTGTACGTCCATTCCTTCGAGTTCACGCCGCGAAAGTTCGAGCGCAAACGCCTTCTCGAGCGCTACGCGCGCCTCGG
NZ_CP053085.1_gap57	1927631	1931876	4245	GCGTGGGCATGATGCCCCCGGCGCTCACCTGTGCCGGACCCACCATGCCGGCCGGCGGACTGGGTCCCGTCGAGCAGAACCTGGCGTGGCGCGCCGCCGTGGCCTACACGGCGGCGAGCGGATGGAACACGGGCTGGGAGATCGAGATCGACAAGCAGATCCCGGTGGGCGGCGGTCTCGGTGGTGGCAGTGCCGACGCGGCGGCGGTGTTGCGCGCGCTGGAGGCGTTGAGTCCCGCACCGCTGGGCATGGAGCGGTTGCTGCAGATCGCCGGGACCCTCGGCGCCGACGTGCCCTTTCTCGTGAGCGGCGAATCCCTGGCGTGGGCGTGGGGACGCGGTGATCGACTAATGCCGCTGCCGACGCTGCCGACGGCCGCTGTGCTACTGGCGGTGTTCCCCGATGGTGTGAACACCGGCGCGGCCTATGGCGCGTTTGCACGGGCGCGCGAGGCCCGCGGCGACACGGTGCAGGCGTGTGCCTATCCGGCGTCGGCATTTGCGTCGTGGGAATCGATCGCCGCCGTGGCCGCCAACGATTTCGAACCGGTCGTGAGCGAGATGCACGCGGGCGTCGCGCTGGTGCTGCCGTGGTTCCGCGAGATGGCGGCCACGGCTCGGCGCAACGGCTCCGCCGCCATCGGCATGATGAGCGGCAGTGGCGCCACCTGCTTCGTGCTGCACACCGGTGGCGTCGGCATGCAGGTGAACCTCCCGGTCACCTTCCTGCAGACGTTGACCCGCTGATCAGAACAGCGCGACGCGCTTCTGAATCATCTCGGCCAACTGCGCTTCGAACACGCCGGTTGATCCGCACGCCACCGGATCTTTCGACACACCTTCCACATCCTGTGCGCCGGCAAGCATGCCAATCCGGATGCGCGTTTCCGTGGCGGTCACTGGCTCCAGCCAGACAAAGACCGCCATCGTCACGCGCCAACCGTCGGCGTGCGAGCCGCTCATGCCCTGCCCGCAATTCAGATATGTCGACAGACGTTCGCGCCCGAGCTTGCGAATCATGCGCGCGCTACCGCTGCCGAGTACGCGCATGGCGGGATCCTGCGTCGTCACGGGGATTTTGAGTTCCATGAGGACGGCGTTGGCGGCCTTGTAGGTCACCTCACGCGACGCATGCACGACCACCGGCGCCGTGGCGACCGAGTCGACGGACATCGGCGTGAAGTAGCCGAGCAATCGCAGGCGGATTGGCGGAGACTGCGCCCGTGAGACAGCCGGCGTCGCCACGCACATGACGGCGAGCATCGTGAACAGCACTCGGGACAGCGGCATGCGCAGACTCGGCGTGAAATCGTGAGACCAATTGGCGAACGAATGCATCGGAGGTATGACCTACGGCATCACCGCGCGTTTGCGAATCTCGTCGGTCAGAAACGTTTCGAGAGCTCCCGTAGATCCGCACGACAGGGCATTCTTGGACACGCCTTCGTTGTCGTTCGAGCCAGCCACCACCGCGACGCTCACGCGCGACAGGGCCGGGCCAGCCGAATCAACCCAGACGAACAATGCCATCGTGATGCGCCGCACGTCCGCGTGCGCACCGAGGGTGCCCATGCCGCATTCGAGGTATCTCGACAGCCGCTCGCGGCCGAGCATCCGGACCGCGATGAAGCCTCCATTACCCAACAAACCATTGTGCGGCTCATCGACGCCGAGCGGAACTTTAAGCTCGGTGAGCACGGCCGCGGCGGCCTTGTAGGTGAGCGCCGGTGATGCCGGCACCGACGCCGGAGCGCTGGCGACAGAGTCGACCCAGATCCACCGCGCGTTGCCCGGCATGCGCACCCGGATGGGCTGTCGCTGCGCCGACAGTTCGCTGGCCGTGCCGGCAGCAAGTACGGCATACACGACCATCGCGACAAGCACTCGGAGAGCAAACGACATTGGCAAAAGACTCGGATGGGCGTCGTGGGAGAAGAATCGCTGCGGGAATTTATCACGCGGCGGGGAGATACACCTCGAACGTCGTACCGCTCCCGACCGTCGACTCCAACACGACGTCGCCGGCGACCTGCTTCGCGATGCCGTGAACGGTTGCCAAGCCGAGTCCGGTACCCTGCCCCAGTGACTTCGTCGTGAAGAATGGTTCGAAAATGGAATCGCGAATAGCGGCCGGAATGCCCGTGCCCGTATCGGCCACGACGAGTCGGACGTAGTCGCCCGGCGCGAGCGAACCACGCGGGCGCCCAGCTTGCGGCAACGATACCAGATCGAGCGACACGGCGATCCGACCGCCGGCATCGATCGCGTCGCGCGCGTTCGCCACGAGATTGATGACGATCTGCTCGAACTGCGCGGGATCCATCAGTAACGACACGCCCGTGGCAGAGGCGGAGAGTTGCAGCTCGATCGACGCGCCGGTCATGACGCGCAGCAGCGCGTCGAGCGAGTGCAGTCGAGAAACCGGATCGAAGCGCTCTGGCGCGGTTGGACGGGCCCGCGCGAACGTCAGCAACTGCGCCATCAACGAACGCCCGTGCTGCATTGCCGCACCGACCTCGCGATGGGCATCGCCGCGCACCTCACCGCCCGCATCACGCGGCAGACGCTCGCGCAGCGACTCCAACGACAGTCCCAACACTTGCAGGACGTTGTTCATGTCATGTGCAACCGCAGCAGCCATCCGTCCGAGGCTCTCCATGCGCTCGCCTTGCGCGATTCGCCGTTGCGCGTGCGCCAGCTCCGACGCCTGCCGTTCGACCAACACGACTTCCTCGGCCGTGCTGGCGAGCAACGCGAACACACCGGCCGCCGAGAGGCACAGCAAGTCCAGCGTGACAATCACGATCACGCCCGACAGCGGTAGGTCGGGCATACCGACGCGGAGTCCAACGAGCACAGCGAAGAACTGCCGCACCGCGAGCGCCGTCAGGCCGACAGACATGAGTTGCAGAGCGGTGCGATGTTGGCGCGCTCGCTGCCACGCGCGCCAGGACAATACGGCCGGGATCGACAGCACGAGGAGCTGCGTCACTCGGCTCCAGCTCACCGTGACCACGCGCCAATCGGGAAACAGCGCGGCCGATCCGAACACGCCAGCGGCATGAAACAGCAGCACCGCGGCGCCCCAACGCGTTGCCTGAGGTATCACCGAGGGGAGCGCCACTCCCGGCTGCAACAACGACGCAATGGCTCGTTGCACGAAAGGGATACCGGCAGCCATCACGGCAACCAGCGACGTCGTGATCAGCCGCGACAGGGTCCGATCGTTCCAGACCGCGCCGCTCCACGACGAGAAGATGTTCAGGAACGCGGCGAGCGCGAGCAGTCCCCAGTAGCCGGCAATGGCCCGCATGGCCGGCCGGTCGAAATGCCGCGCCACGCCGTGCTGCGCGGCGGCGAACCCGATGATCACGGCGCTCTGCAGCAGCGTCGAACCCAGGTTGATCTGATCGAACGACGGCAGCGAATCGAACCCGCTCAACGACGCCAATGAGACTCCGGACCACACGGTGATGAGCGAGCGCAGCGTCGCGACGTCTTGGCTAAGGTAACCCTGAATGGGCGATGTCGCTTCCCCTACCGTGTCGCCGAGGATCGATGCTCACGCCAGCGCCAGCTGCGCGGCGGGTGCGCGGCGATCATCCGCCTGTCGGTACTCTCCGTGGTCCTGTAACTCCCACGCGGTGCCGTCCCGCAAATAGGCGTCGAGAATCGCATCGAGCCGTGACTGAAATGTCGCTCCGGGCACCGGAACGAGCACCTCGACGCGCCGACGGAGATTGCGTGAGCGCAGGTCCGATGACCCAATGAGATACTCCGGACTCCCTCCATTCTCGAACCGGTAGATGCGCGAATGCTCGAGCAGGCGCCCCACGATCGACGTCACCCTGATGCGGTCCGACACGCCGGGAACGCCGGGCCGCAGAATACAGATGCCGCGAACGATCAGATCAACCTGCACGCCGGCCTGTGATGCCCGCTCGAAGGCCTGCACCATTTCGCGATCCCCGAGACCGTTGATCTTGATCGTGATGCGCGCGGGCTTCCCCGTTCTGGCATGCTGGATCTCACGTTCGATGTGTTCCAACAAGCCTTTCAGCAATTGATGTGGGGCCACCAGAGCACCATGCGGAAGGGCAGCCGGCGGCGCATGCCGCTCGGTCAGACCGGCGAACAGCACGTCCATGGCATCGGCGAGCTCGGCGCGCGCCGAGAACAGACTGAGGTCGGTATACTGCCGTCCCGATCGCGGATTGTAGTTGCCGGTGCCGACGTGGACGTACCG
NZ_CP053085.1_gap58	1934965	1938497	3532	AGCGACCCCCTCGCGCCGGCGTATCCGAGTGGGCCCACCGGATTCGCCCCCGTGCCTCTGCACGCGCTGCCCTTCCCCAGCACCGTCGTGGCCAGCCGCAACGACGAGTACGTGACGTTCGCCCAGGCCGAGCAGTACGCCGCGGCGTGGGGCAGCAAGCTGTGGGATCTCGGCGAGGCCGGGCACATCAACGCCGACGCCGGCTTCGGCCCGTGGCCCGAGGGCTGGCGCGCCGTAGAGGAGATGGCCGCGGCGCCGCAGTGTCGGGTCGCCCGCTACAGCGACGTCGCGGCACTGACCGCGTTGATCGACGCGTCGGTACGCCGGTTGGCGGCGGGGTACTACACCGACGCGCAGATCGCGTCGTCGCTGGCGTACGTGTTCGGCGTCGACTCGAGTCTCATTCACGATCGCAGCTACTTCGTACTCGAGCAGCACGGCGAGATCGTGGCCGGCGGTGGCTGGAGCGATCACCAGACCCTGTTCGGCGGCGACCAGTTCCATAACCGCGGCGAGGGACGCCTGAACCCCACCACGTCACCGGCGCGGATCCGTGCGTTCTACGTACACCCCGACCACGCCCGGCGCGGCTACGCCAAGCGCCTCTTGCGCGTCTGCAGTGCCGCCGCGCGACGCGCGGGATTTACCTCGCTGTCGCTGATGTCGACGCTGCCAGGTGAGCCACTCTATCGGGCGCTGGGGTTCGTGCCTGACGTGGGAGTGGACTATCCCATGCCCGACGGGACGACACTGCCGCTGATTCCGATGACGAAAGGGATCGCGTAGGGCTCGACAGCAACGGCAACGGCAATGGCAACGGCAACAGCCAGAACACGGAGGCCACCGATCGCACCGAAGCTGCCACAGATAAGCAAACAGCGCCTTTTGTTTATCTGTGATCGTTCGGTGCGATCGGTGGCCTCCGTGTTCCGGTTGTTACGGAGCTTTCGAAGGCACCGCGAACCGTTCGAATTACAATCGGCCCAGCCGGAAACCGGAGAGCTCAAAGCAGTGTTTCATTACTGAGGCATGTTCTGCCCAAGCAATCCGTTCCTTTCCGACACCAAACCCAATCCATGAACGCTTCCGCACACACCGCCCGCCTCGCCGCCGGCGTTGCCCTGCTCTTCTCTGTCACCGCCGCCGGCGCGCAGACCACGCAGCCCGACTACGCCGCGGCCATGCACCGCGAGCACATGAACGAGACCCCGACCGCATCCGCCGGCGCCCGCATCGCGCCGCGCCTCGATGTCGTGGGCGAGACGGTGACCTACGCCACCATCAACGGGAAGGCCATCAAGGGCTTCCTCGCCAAGCCGGCCGCCGGCGCCAAGACGGGCAAGGCGATCATCATGGTGCACGAGTGGTGGGGCCTGAACGAAGGCATCCAAGCCATGGCCAAGCGTTACGCCGGTGAAGGCTACACCGTGCTCGCCGTCGATCTGTTCGGATCGGTTGCCACCACGCCCGATGCCGCAATGAAGCTGTACCAGGCGGGTATGGCGGATATTGCTGGTGGTGAGAAGAACCTCGGTGAGGCCATCACGTACCTCAAGAAGGCCGGCGCGACGTCGGTCGGCTCGGTGGGCTACTGCTACGGCGGTCACTGGTCGCTCCGCACCGGCCTCGTGGGCGGCGCCAACCTCGACGCGGTCGTGATGTACTACGGTGCACCGATCACCGATCCGGCGCAGCTCGCGCGTCTCAAGGCGCCGGTGCTGGGCCTGTTCGGTGGCAAGGACACCGGCATCCCGCTCGATAGCGTGCGCGCGATGGAAGCAGCCATGAAGAGGGGCGGCCGCAAGGTCACCATCAACGTGTACGAGAACGCCAATCACGCGTTCGCCAACCCGACCGGCCAAGCGTACGACAAGGCGGCGGCCGAAGATGCGTTCGCCAAGACCGTGGGCTTCTTCAAGGCCAACCTGAAGTAGCTCGCACGGCCCACGCGTGACCTGATCCGTCGGTGGCGATACATTCGTGACATGACTACTCGTCGCGATTTTCTCGTCACCGGCGGCGCCGCACTCGGCGCGCTGGCGATCGGTCCCAGCGCTCTGCGGGCACTGCCCGGATTCAAGCCGCTCCCCGCGCTCTACACCGACGCGGCCACACGCGAACTCATGATGGAGGCGCTCGACGCCGCCAAACGCTACGGCGCCTCATGGGCCGACGTGCGCATCTCGCGCAATCGCAACAACAGCATCCAAACGCGCGAACGCCAAGTCACCGACGTCGTCGACACCGACACGATGGGTTGTGGTGTGCGCGTGCTGGTTGATGGCTGCTGGGGATTCTGCGCGACGCAGGAGCTCACCAAGGAAGGCGTCGGTACGGCCGCGCAGGAAGCGGTGGCCATTGCCAAGGCCAATCGCATTGCGCGCGACCGTCGCGTCGAACTCGCACCCTCGCCGGCGCATCCGAACGCCACGTGGCGCAGCGCCTATCAGATCGACCCCTTCACCGTGCCGGTGGAAACCAAGGCTGATCTGCTTCTGCGCGCCAACGCCGAGGCACTGAAAGTGCCCAACGTGCGCTTCGTGAACTCCGGTCTCTCGTTCGTGAAGGAAGAGCGCAACTACGCGAACACCGACGGCTCGGTGATCACGCAGGACTACGTGCGCAGCTGGGTCACCATGAGCTGCACCGCCGTCGCGCCTGATCGCTCCGGCACGGCCGTGCGGGGCCCCGAAGTGGTGCAGCCGGCCGGTCGCGGCTGGGAATACGTGCTCGAAGCCGACATCGTGAAGAACGCCACCAAGTGGGGTGAGGAAGCCGCCGAGAAGCTCACGGCCAAGCCGGTGGAACCGGGCCGCTACGATCTCATTCTGCATCCGTCGCAGCTGTTCCTCACGATTCACGAATCGCTCGCGCACCCCACCGAACTCGATCGCGCCATGGGCTACGAAGCCAACTACGCCGGCACCAGCTTCATGGCACCGCCGGAGAAAGTGCTCGGCTCGCTCAAGCTCGGACCGCCCATGATGAACCTCGTGGGCAATCGCAACGAAGTCGGCGCGCTCGCCACGATCGGCTACGACGATGACGGCGTGCAACCCGACACCTTCCACATCGTGAAAGACGGTATTCTCAACGACTACCAGACCACGCGCGAACAGGCGCCGTGGCTGTCGTCGTGGTACGCCAAGAACGGCAAGCCGGTGCGCTCGCACGGCTGCTCGTACGCGCAGAGCTGGGCCGACGTGCAGTTCCAGCGCATGCCGAATGTGTCGCTGCAGCCTGGGGCCAAGGACCTCAGCTGGGATGATCTCATCGCCGCCACCGACAAGGGCATCGCCATGATCGGGCGTGCGTCGTACTCGATCGATCAGCAGCGTTACAACGCGCAGTTCGGCGCGCAGCTCTGCTACGAAGTGCGCAAGGGCAAGATCGTGGGCCAGGTGAAGGACGCCGCATACCAGATGCGCACGCCCGACTTCTGGAACACGCTCGACATGCTCGGCGGCAAGAGCAGCTACGAGTTCGGCGGCACCTTCAACGACGGCAAGGGCCAGCCCGGACAGGCGAATGC
NZ_CP053085.1_gap59	2064831	2067249	2418	TTCGTCGGCGATCACGAACGAGACGTTCATGAACGCGAACTCGCCCTTCGCCCGTCCTCGACAGGTACAGGCCGTCGCGACGGAAGCCGCCTACTTCACGATCAAGAAGTTCAACGTCACGCTCGGGCGTGCCTTTGGTCCGCAGGAAGTGAACATCGGCGCGCGTGTGCTCGTGATCGGTGTCGACGTGGCCGAGCACTTCTTCAAAGGCCTCGACCCGATCGGCCGCGAGCTGCGCATGAACGGCGTGCCCTATGAGGTGATCGGCGTGATCGAAAAGCAGGGATCGGTGTTCGGCTTCTCGCTCGATAGACTGGCGATTGCGCCGTACACGAGTCCCCTGCACCGCGCGATCCGGCCGCGGGGGGACATCGAAGCGATGATCGTGCAGGCCCCCACCAAGGATCTAGTATCCGACGGTATGGATGCCGCGCGCGAGGCGTTGCGGGCCTCGCGAAAGATGCCTCCTGGCAAAGCTGACAACTTTGCGCTCGAAACACAGGACGAAGCGATGGCCTTCTTTGACGGCATCAAGTCGAAGATGGTCATCTTCGGCACGGCGCTGCCCGCCATCGGTCTGGTCGTCGGCGCGATGGTGATCATGAACATCATGCTGGTGGCAGTTGCCGAGCGGACACGTGAGATCGGCGTGCGTAAGGCGCTTGGTGCGCGACGCCGTGACATCATGTCGCAGTTCCTCGTTGAATCGGCTACGCTGAGCGTGGTAGGCGCAGCAATCGGCATCGGGCTGGGGATCGGCTTGGCGGCGACCATTGCCGCGCTGACACCACTGCCGGCGGCGGTGGCACCGTGGTCGATCGTGGCGGCACTGGTGGTCGGTGCTGGCGTAGGCATTGCGGCCGGTATCTACCCGGCGAGCCGGGCAGCCCGGCTCGATCCCATCACAGCTTTGCGGCAGGAATAGCGATGCGATTCGTGGACCGTATTCTCCTCGCGTTGGAAGGCATCGGCATGGCGCTCGATGCTATCCGGGCCAATAAGGTGCGCGCCGGTCTCACGATTGCCGGGGTGGCGATCGGTGTGTTCGTGGTGGTGGCGATGGGCGCCACGGTGCATGGCATCAAGCAGAGCTTCCAGTCCGACCTCGATGAGTTCGGCGCCACGTCGTTCCAGGTGAGACGGCGCGGCGTGGGCATCAACACTTGCGACGGCTCCGACGACAGCTGCCCGGAACGGCGCAATCCGGCCATCTCGCTCGTCGAGTGGCGCGCGATTGCCGATCTCCCCGAGGTGGAGACGGCCACGGCCTGGTTGTCGGGTCAAAGCAACTTCGATTACCGCGATCGCCACGTGACCAACGTGGGCTACGACGCGCAGAGCACTGACTGGATCAAGACCGACGTCGCCGACATCTCGCCAGGCCGAAGCTTCTCCGGCTCGGAGCATGATGCGGGCGCTCAGGTGGTCCTTGTGAACGACACGCTGAAGAATCGTCTGTTCGGCGACTCCGACCCGATCGGCAAGCAGATCGCCATCGAAGGGAAGCAGTTTACGGTGATCGGCGTGTTTCACACCAAAGCCGGCTTCCTGAAAACGATGGATGGGCGCGGCCCCGATAAACCGCGCGCCATCCTGCCCATGATGACCGCGTACCGGCACCTCGACGTGTGGCGTCGGGGACTCATGATGATGGTGAAGCCCCGCGGTAACGTGGCGCAGGCGCAGGTGATGGACGACGTGACCGAGCTGCTCCGTTCGCGCCGCGGTTTGAAGCCGGGACAGATCAACAACTTTGCCCTGGTCGCTCAAGACCGGATGATGGAGACGTTCGACCAGCTGTTCGGCGCGATCTTCATGGTCGGGCTGGCGTTGTCGGCGGTCGGACTGCTAGTGGGCGGCGTGGGGGTGATCGCGATCATGATGATCTCCGTGACCGAGCGAACCCGTGAAATCGGCGTGCGGAAGGCCTTGGGAGCCACTCGTGCGACGATCCTGTGGCAGTTCCTCGTCGAGGCGGCCACCCTCACGTCGATCGGCGCCTCGGTGGGGCTCATCATCGGCAGCATCCTCGCGTGGGTCGTGCGGACCAACACACCCGTTCCCACGTCCATTCCAGCTTCTGCGATCATCACGGCGATCGCGGCCAGTATCGCCACCGGCGTCATCTTCGGCATGCTGCCCGCACTGCGTGCCTCTCGCCTCGATCCGGTGGAAGCGCTGCGGCACGAATAGCAGAGGGCGGCTATTATTCAGGGGTGAAGACACGAGACGCCATTGGGCTGGCACTGACCCAGATTCGAGTTCAGAAACTCAAGAGCGCCTTTACCCTGCTTGGGGTGACCATTGGCGTCATGTTCCTCATCGCCGTGGTCTCCATCGTTGAAGGGATGGGCCGATACGTCGAAGAGGATTTTGCCGCGCGCCTGATCGGCAGTAACACCTTCACGTTACGACGGT
NZ_CP053085.1_gap60	2086532	2089043	2511	TCACGGCGACCTGAAGAAGCAGTTCGCGCAGGTGAAGATCCCCACGCCGCTTCCTCCGGCTGGTGAGTCACCACCGGGTCCGCTTCCGTGGCAGAACGTGCAGGTGCTGAACGACATCTCCGTCGGTGAGTTCAACCGCACGATGGTGGCCATGAGCACCTGGGTGGCCGGCACCGGCAACTGTGCCTACTGCCACAACATCGCGAACCTCGCGGCCGACACGCTGCCCAACGGCAAGCCCCTGTACACGAAGCTCGTGGCCCGTCGCATGCTGCAGATGACCCGCCAGATCAACGGCCAGTACTCGCAGCACGTGAAGAACACCGGCGTCACCTGCTACACCTGTCACATGGGCAAGCCGCTGCCGAACGGCCTCTGGTTCTACTCGAGCCAGACGGACTATCTGCGGCACTATCTCGATCGGGATGGCGCGCGTGTCGTGACACGGGATGTGGCGCCGTCCAACGCGAATCGCAGCTCGGTGAAGCAGACGGAATGGACGTACGCGCTCATGATTTCGCAGTCCCGCTCTCTCGGCGTGAACTGCACGTACTGCCACAACACCCGTCAGTTCGCCAGCTGGAAGGAAGCACCGCCGGCCCGCGTTACCGCGTACCATGGCATTCTCATGCTGCGTGACGTAAACCAGAACTACCTGTCGCCGCTGCAGCCGGTCTATCCGTCGGTGCGCCTCGGCACGCAGGGCGATGCTCCGAAGGCGCAGTGCGTGACGTGCCACAACGGCAACTATAAGCCGCTGTACGGGGCGCAGATGGTGAAGGACTACCCTGCCCTCTGGGGTCGGGCGGATTGGAACGGCGTGCCCTTCCAGGGGCTCTCGCCGAAGGCGGACACCACGTCTGCCGGTGCGGCTCCGGCCGCTCCTGCCGCCGCCGCACCGGTACCGGCCGTGAAGCGCAGCAGTGCGCGGACCGTGCCTGCGCCGACCGTGATTGGCGGTGCCGTGGGCAGCCCGAACACGCCGAAGTAAGAGCAGTACCGCGCTTCCGCGCACAGGGCCCCTGGCCCACCGCGCGATCGACCCCGTAGTGCCGACTCGGTACTACGGGGTTTCGCGTATCGGCAGTGTGCGGCAGACATCCGGATCGTGACGCACCAACGTAGAGTTCCTGTATCCGCGCGTGACGTCGTCGTCCACGAAACCTCCGTCGCCCCGTCCGCATTCATCTCGCGAGAGCCGGTGCATCGGCCGCCCCCTTTTCCGCCCTCCGAGCGAGCCTTCCCGTGTCCACCCGTCGCCTTCCCGTTTACATCCTCGCCGACGTTTCCGGCTCGATGCAGGGTACCCCCATCGAGTCCGTGAAGTCCGGGATCCGGCAGCTCCATCGCGATCTGCTCGGTGATCCGCAGGCGATCGAGAGTGCCTATCTCTCGGTGCTCACGTTCTCGAATTCCGCCCAGCAGCTCGTACCGCTGACGGAAGTCGCGATGTTCAATCCGCCGGAGTTGCAGGCCAGCGGACAGACGAACTTCGGAGACGGCCTGCGCCTATTGCTCGAGGTGTTCGAGCGCGAGTTGGTGCGCACCACAGCCGATCAGAAGGGTGACTGGCGTCCGCTGGTCTTTATTCTCTCCGACGGCGCGCCCACCGATGTCGACTGGCCCGTCTATGCGCAGCAGCTCCGCGAACGGCGCCCGGCCAACATCATCGCCGTCGCGTGCGGCGACCAAGCCGATGTCGAGGCGCTCAAACAGGTCACCGAGATCGTGATTCAGATGCAGGACATGTCGCCCGACGCCTTCAAGGCCTTCTTCCGCTTCGTGTCGGCGTCGGTGAAACAGACGAGCGCGAAGGTGGGCGCGATGGCCGACGGCGGTGGCATAACGCTGCCGCCTCCGCCGCCCGGCATCACGATCGTACCGTAAACGCGTGCCCGACGAAACTTCGGAATCCGAGACACGCGATACGCTGCTACCCGAGGTCCCGGTGGCAGCACCGGTGGCCGCGGAGCCCGCGCGCGCCATCTGGACGGTCACCCCGCCGATCTCGCCGTGGTGCCCTGCGGAATGGAGCGCGCATCTCGACGCGGTCGCTCCGGGGCTGGTGCGCCCCGACGCGCACGGCCCACTGGCCGAGGCCACCGGCATGCGCGCGGCCCGCGACGGCTGGTCGTTGCTGGTGGCCTCGCGACGCGGCCGCCTGCACGCGCATCGTGGCGATCATCGGGAAGATGCCGGTCAGCTGCTCCTCTTCGATCACGGCTGGTGCGCCGCAGTGGCCGATGGCGCGGGTTCAGCCACGTACAGTCGCCTCGGCGCCGCGATTGCCACGCACGTGGCGACGCACACGGTACGGGAGACCTTGCACCACGGACACGCCGACACCACGCAACCGTCGCTGCTGGGTCGCGCCCTCGAGGCCGGTGCCACGGCGGCCAATCATGCGCTACGCGACTTCGCCGCGAAGTGTGGGCTCGCGCTGCGCGATCTGCGCACCACGTTGCTCGTCGCCGCGCATCACGGCGGCCGAATCGGCTTACTACAGGTGGG
NZ_CP053085.1_gap61	2107944	2111895	3951	CGGAATTGCGCAGAAGTTGTCAAGAAAAGTTTACGTCAACCTTTCTTGACAATCCTTTGAGATAGTCACAATGTAGGCAAGTCAGTCGATCACGCTGAAAAAGGCGTTCCGATCGGGAATTCGTTCTTGCGCCCAGGAGACTACGCGGCAATGTTCGGCGCTTCCCTCCAGCCTGCCGCTTCCGGTCGCCCTCCGGTGATCCGCGGCCCGGGCACAAGCCACGACGTGATGGAATCGCCTACGGCCCCCCGTCGATCCGACCGCCTCGAGCGCACGATAGAGAATGAGCTGGTGCCTCGCCTGTTGGCTAGCCACCGGGCTGGGCCTGTGTCACCGGCCCTCTCTATGGCCATCGCCCGGGAGCTCTCGGAGCACGACGTGGACACGTTCGTCGCGGCGATTCGCAGCCCGGATAGCGAGCGGGCCGAACAGTTTATCCGGGCCGTGCTGGCCGAAGGTGCGTCGGTCGAGGCGGTGTACCTCGATCTCTTGGCCCCGTCGGCCCGTCGACTCGGCGAGATGTGGGAGAGCGACGAGTGCGATTTCGTCGAGGTGACGGTGTCGCTGGGACGCATGCAGCGCCTGCTCCGTGACTTGTCTCAAGTGTTTTTGGCCGACGCGTCCCGCACGGAACCGGTCGGCAGTGTGGTGCTCACCTGCATTCCCGGCGAGCAGCACACCCTGGGGATCATCATGGTCGGTGAATTTCTGCTCCGTGACGGGTGGCGTGTGATGGTCGGCGCCCCGTGGTCGGAAAGTGATCTGCTCACCATGGTGGGAACCGAGTGGTACGACGTCATCGGATTCTCCGTGGGGAGCGAAAGTCGCCTGCCGCTGTTGAAGCGCGATATTCGGCGAATCAAGTCGGCGTCGCGGAATCCGCACGTGCAGTTCCTGGTCGGTGGCCAGGTGTTCAGTGATGATCCGAGCCTCGCCGACGAAATTGGCGCGAACGCGATTGCCGGAGACGCCCGTGAGGCGGCGCCGATCGCGCGTCGACTGCTCGAGGCCTCAAGACGCGCTGCGTTCGATGCGCCTCGGGAGGCGATAGGCGATCATGGCAAGTTCAGTGACGCCCTTGAGCGCGACTGACGCCGGGTTTGGCGACCTCGACGCCAAGACCGCGGCTTCGCTGCTCGCCGTAGCGGGGGATATTGCCCTCGTCATGGATAGCGCGGGCGTCATTCGTGACGTCGCGCTGTCCGGCGCGGAGTCCCAGTTCGACGGCGCGACGCAGTGGATCGGTCGCCCGTGGATCGAGACGGTCACGCCTGACAGCCGAGCCAAGATCGATACGCTCCTGAAAGAGGCGCTCTCCTCCGGCGTGTCGAAACGCCGTCAGGTGAACAATCTCCTCATCGACGGCATCGATGTCCCGATGTCGTACACCGCACTGCGGATGGGGCGCGACGGTGGACTCATCGCGGTCGGCCGCGATATGCGCCACGTCTCCGCCCTTCAGCAGCGCCTGGTCGAGGCGCAGCAGGCCATGGAGCGGGATTATTGGCGCCTGCGACACGTCGAGACGCGGTATCGGCTGCTCTTCCAAATTGCCAGCGATGCGATTCTCGTCATCGACGCCACGACGCTCAAAGTGCTCGACGCCAACTCGGCTGCGGGTCAGGTGTGGGGGGATACGCCGGATCGCCTGATCGGGCGCACCTTCCCGTTTGGCGCGGATGCGGCCGGCACGCACCTGCTCGAGGAACTCACCGCCACGGCGCGCAGCGCGGGCCGAGCCGGCGACGTGTTGGTCACGATCGCGCCCGGGGGACGATCGTATCACGCCTCGGCGTCGTGCTTCCGTCAGGAATCCGCGACCCTGTTGCTGGTGCGCCTCGCGGCGGCGGACGTGGGGCCCTCGGTGAGCGCGGCCGCCGATTCCCCGCTCCGCGTGATCGATTTGATCGAACGCTCGCCCGACGGGTTTGTCGTGACCGATCTCGAGGGCCGCGTGTTGACCGCGAATCGCGCGTTTCTCGATATCACGGAACTCGCCAGCGAAGAGCAGCTCCGCGGCACGCTGTTTTCGACTTACATCGGTCGACCGGGCGCTGACTTCCCGGTCTTCACGACCATGCTGAAGAAGAACGGCGCGGTCCGACTGATGGCCACGTCGGCGCGAGGCAGTCACGGCCACCAGAGCGAGGTGGAAGTCTCCGCCGTGTGGGCGCCCGAGAGCGAGGAACCCTGCATCGGCTTTACCGTTCGCGATATCGGTCGGCGCCTGGCGGCAACGCCGCAGGGGGCGCGAGACCTGACGCGCGCGGTCGAGGAGCTGACGACATTGGTGGGGCGCGTCTCGCTGCGCGACCTGGTTCGGGATACCGTCGATCTGGTCGAGCGGCACTTTATCGAAGCGGCCCTCGAACTCACCAACGACAACCGGACGTCGGCCGCCGAGGTGCTGGGCGTGAGCCGCCAGAGCCTCTATGTGAAGCTCCGACGACATCGTCTCGTGGCACCCGGGAGCGGAGAAGAGCCCCCGGTGAGCTGAAAAGCGGGTGACAACGGCCGGTTTACACCGGCCGTTTGTCATTCCCAGGGTTCGGACTCGAGAGTCTTCGACTTCCGAACAACTTTACTCTGTTGCAAATGCAGACTGTCAACTAAACTAGACGCCTATGAGCGTCAGCTTTTCCGTACAGTCTGCGCCGGCGCGCCCGGATCCTAAAGCGATCCTGACGCTGCTCAAGCCAGTGACGTGGTTCCCTCCGATGTGGGCGTTCACCTGCGGGGCGATTTCCGCCGGTGTGCCTCTCGCCGAGCGTATCCCCCTCCTCGCGCTCGGTATCGCGATCACGGGGCCGCTCGTGTGCGCGTCGAGTCAGGCCGTGAATGACTGGTTCGATCGACACGTCGATGCGATCAACGAACCCAATCGCCCGATTCCGTCGGGGCGTATCCCCGGTCAGTGGGGACTCGCGATCGCCATCTTCTGGACGGCGTTGTGCCTGTTGGCCGCGCTCCCGCTCGGCGTGTTCGGTGTGTCCGCCGTCGGGATCGCCCTGCTCTTCTCGTGGGGCTACAGTGCCCCCCCGTTCCGTTTCAAGCGGAACGGCTGGATCGGCAACACCGCCGTGGGCTTCACCTACGAGGGACTCGCCTGGGTCACCGGTGCCGGCATCATGCTTGGCAATCAGGTGCCACCCATGCCATTGCTGCTGCTCGCCACGCTGTACAGCATCGGCGCGCATGGCATCATGACGCTGAACGACTTCAAGGCCATGGAAGGTGATCAGCGTATGGGCGTGAATTCGCTGCCCGTGCTGCTCGGCGCCGACGGTGCTGCCCGTGTGGCCTCGCTGATCATGCTGCTGGCGCAGGCCGCCGTGATCGCGTTGCTGGTGTCGTGGAACCGGCCGTGGCACGCGTTCGCGATCGGCGTGCTCTCGCTGGTGCAGGCGATCATGATGTGGCGCTTTGTGCAGTCGCCGCGTGAGCGCGCACTCTGGCTCAGCGCCCTCGGTGTCCCCTTCTATGTAAGCGGCATGATGATCGCCGCCTTCGCCGTGCGGACCCTGCCGATCATCGCCGAGGCCAGCAAGTGAGCTGGTGGCAGCTCTCGCGACTCGGTCTGGTCCAGGCCGCGATCGGGGCCGTCGTGGTGCTGTTGACCACGACGATCAATCGCGTGATCGTGGTTGAGTTGTCGCTGCCGGCGACCGTGCCGGGGCTGCTGGTGGCGCTGCATTTTGGTGTACAGCTCATTCTGCGTCCGCGGCTCGGCCATGATAGCGACCGGAGTGGTCGCCGTACGCCGTGGATTCTCGGTGGATTGGCCGTGTGCGCGCTGGGTGGCGTTGGCGTCGCGGCAAGCATTCCGGTTATGGCGACCAACGTGGCGCTCGGAATCGCACTCGCGTCGATCGCCAGCGTGATACTGGGCGCGGGCGTGAGCGCGGCCGGCACGCCGCTCCTCGCGCTCATGAGTGAGCGGGCGCACCCGAC
NZ_CP053085.1_gap62	2118762	2122317	3555	GGATGGTCACGTCGCCATCACCTGCTTCGTCGGTGGCGCTCGTATGCCGGAGCGCGCGCGCGAAGACACTGACTTGTTGGTGGAGCGCGTGCTGATCGACCTGCGTCAGCTATTGGGTGTACGCGGCGAACCAATCTTCGCCAAGCACGTTTACTGGTCGCGGGGCATTCCGCAGTACACGGTCGGCTATCAGGCGGTGAAGGACGCCGCGGACGAAACCGAGTTGTCCAACCCGGGACTCTATCTCGCTGGCAACTACCGCAACGGTGTTTCAGTGGGAGACTGCGTGGCCAGCGGACACCAGATCGCCCACCGGGTCGCGAACTACCTCGCCCGAGCAGGCTGATCGGGCGGCGGGTCGGCATCACCGCACTGAGTGCGGTTGCCGACCGACGGGCGAGCGCATAGCGTCCGTGCATGACCGCACTCGATCTCCTCTGTATTGCGCCACACCGCGACGACGCCGAACTCACCTGTGGCGGGACGCTCATCAAAGCGGTCGACGCCGGCCATCGCGTTGGTGTACTCGACCTGACGCAGGGCGAGATGGGCACCAAGGGCTCGGCTGAGCTGCGAGCGGCCGAGGCCGCGCACGGGGCCCGCGTGATGGGGGTGCACGTACGTGAGAACCTCGGACTCCCTGACGCCGGAATCAGCAATACCGACGACACGCGCGGCCGCCTGGTGCAGGTACTGCGCCGACTGCGTCCCCGCGTCGTGATCATTCCGGCACCGCGTGGCCGTCATCCCGATCATCGCCGCACCACCGAGCTGGCGCGCGACGCGTGCTTCCTGAGCGGACTCGCGAAGTATCAGCCGGGTGATCACCCGGCCTTTCGTCCATTCAAGCTGTTGCACGTCGTCACCTACCGTGAAGACGCGGTGAAGCCATCGTTCGTCGTCGACATCAGCGCGCAGTTCGCACGCAAGCTCGAGGCGATCAAGTGCTACGGGTCGCAATTCGACGGGACGACGCAGGCGGGGGAAGTGTATCCGAATGGTGAGCCGCTGTATGACATTGTCACGCATCATGCGGCACATTACGGCTCGCTCATTCGCGTGCAATACGGCGAACCCTTCTACACCGACGAAACCCTGCAGATCGACGACGTCACCACCCTGGGCGTCTCCACGTTCTGAGTGCACTCTCCTTTTCCGCCGATCATTTCGCATGAGTGAAGCCGCGCACGCACACACGTCGAGCATCGACTACGGCAGCTATTTACGGCTGCCGGAGCTTCTGGAGCTCCAGACACTGCAGTCGTCGCCGGAGCATCCCGACGAACTGCTGTTCATCGTGGTGCATCAGGCCAGCGAGCTGTGGTTCAAGGTATTGCGCCACGAAATGGACACGATGATCACGGCGCTCGAAGGGTTCGACACGATGCGGGCGTTGCTCGCCGTTCAGCGTGTGAACGTGCTCACCGAGATCGTCGCCCAGCAGCTCACGGCGCTCGACACGCTGCCTCCGCAGCGCTTCGCGCAGTTTCGCGGCTATCTCGGATCGAGCAGCGGTTCACAGAGCGCGCAGTTCCGTGCGATCGAAGCGACCGCCGGTTTGCGCGACCCGCACTTCTTGGCGGCCATCACCGAGCACGGCGAGCCACCCGCCGTGGTGAAGGAAGCCTTGGCCCGTCCGGTGCTGCAGTCGCTGGTGTTGGGGCTGATCGAACACGAGAAGATGGAGCTGGCCGAGCTGTACATGGGCCCCGGTCCAACGCCGATGTTCCTGTTGGTCGAGGGGCTGCTGGAGTTCGAGCAGCGGTTCGCGCGCTGGCGCTTCCTGCATGTGCAGTTGGTAGAGCGCATCATCGGCCCGGGGACGTTTGGAACCGGCGGTACGCTCGGGGCGAAGTATCTCTCGCGCACGGTGAGCCACCGGTTCTTCCCGGAGCTGTGGGCGGTGCGGTCGAAGTTCTATGGAACTGCGAAGTAAGGGGTAGGGAGTTCGGGGTAAGGAGTCATCGTGTTCTTTGATATCAGTGTACCGTTCGCCGCTGCTACGCCGCCTTGGCCGGACGACGTCGGCTTTTCGTGCGGGTGGACGTGTCGGCGCGAAGAAGGCAGCAGCGTGAATTTGGGTGTGTTGCATTCGAGTGCGCATGTGGGCACGCACGCGGATGCGCCGTTGCATGTGCACTCGTCGTGGCCGGCGTCGGAGTCATTGCCGGCGTCGGTGTTCGTGGGCGAGGTGCAGCTCATCGCGCTGCCGGCCGACCACGATGCGGCGAGCGACATCACGGTTGAGGTGCTGCAGCGGCTGTTGGGCGCGCATGTGCCCACGCGGGTGATCGTGCGCACGGGGTGCTCGGTGGCGTCGGGGACCTTTCCCGCGAACTGGCCGGCGCTGACTGCCGACGCGGCGACGTGGCTGGTGCAGCACGGGCTCACGTTGTGGGGTGTGGATGCCCCCAGTGTGGACCGACGTACGAGCACGGCATTGCCGGTGCACAACGCGATTTTCGGCGGCGGGGCGTTCGTGCTGGAGAATCTCGCACTCGAAGTCGTTCCGATTGGACGCTACGAGCTGCTGGCGCAACCGCTGGCGGTGCACGGCGCGGACGCGGCGCCGGTACGAGCGCTGTTGCGCGCGATACGCGAGAAGTAGCGCGCGCGGCCTACGGCTCTTTGAGACGTCCGATCTGCGTGGTGATGGCGTCGGGTACCAACAGCGAGTCGGCGATGACCGCGATGCCCTCGGCTTCGGCCCACGCGCGTTCCAGCTGCGCCAGCTCACCTTCGAGCGCCTGACGTTCGGCGTCTTCGTTGATGGCCATTTCAAAGGCGAGTCGCGCGGCAGCCGGAATGGCCGAGAGATCACCGGTATCGCCGAAGGTGCTCTTGGCGGCCCACTCGCGGCGCATACCGGCGGCCCATTTGCCGTACCGCTCCGGGCCACCGGCTTGTTCGATGAGCTTGACGCCGTCGCCGATCACGTTGCGGCGCGCGCCGCCGCGATTGATGAGCGGCATGAGACGACGCAACAACGGCACGGCGTCGGCGCCATGCAATTGCACGCGTCCCAGTTCGTTCTTGCCTTCTTGCTTACGCGCCATCGACCAGTAGCCACCATTGCGCACGGTGGGATCCGGGCTGTGATAGTGCGCGGCATAGCCGATATCGATGGCCCATCCGGCGGCACGGTCGCTGGCGATGATGCGCGGGTTGCCGATCGGCATGAAGCGACCACCGTCTGGATGATCGAGCGGCTTCTGTGCCATCAGGTTCGAGGACAGAAGCGTGTACATATTGAGCGCGTGTACGGCTGGCATCAGTGCCGCGATTCCAACGCCGGTGGCGACGGCGCCACTGATCAGGAGCCCCGCCGCCGCGGTGACGCCAACGCCCGTGGCAATGGCCTTCACACGGCGGCGTCCGAACTGATCGCCGTAGCGCCACGCCGCGAACTCGGGACGCTGGGGCGCGCCGATGCGGACAAGCTCTGTGCCATCAGCGAGCCGGGCGAGTCCGATGTTATCAGTGCTGACGCGCACGCGCGTGTCGCGAAAGGCTCGCTCACTCTGTTCGATCGCTTCCCAGCGCTCGTCGAACGGC
NZ_CP053085.1_gap63	2232468	2236099	3631	TCGAGGCGCGTGAGTGGATTGTCGCACACCATCAGCATCGGCGCGAAGAACGCGCCTTTCTCGCGATCGGCACCGACTACGTCGAAGTCGCCACCACCGAACACCAGTTCCGCGCCGTGGCGGATCATCTCGGCGGCTGATCGCACCGCGTTCACCTGCGCGCGACTGGCCAGCGGTCCCATGCGAACGCCTTCCGCCGTCGGGGCGCCGATGGTCGTGGAGGCGAGGCGCTTCGAGAGCGCCTTGATCACGTCTTCTTCGAGACCGGCGGGCACGATCGAGCGACGGATGGCGGTGCACTTCTGCCCCGCCTTCGTGGTCATCTCGCGCGTGACTTCCTTGATGAACAGATCGAACTCTTCGGTACCCGGCACGGCATCAGGGCCGAGAATGGAGCAGTTGAGCGAGTCGGCTTCCATGTTGAAGCGCACGGAATTCTTCACCACCGCCGCGCCACTCTTGAGCTTTTGGCCAGTAGCCGCCGACCCGGTAAACGCCACGACGTCCTGCTCTTCGAGATGATCGAGCATGTCGCCGGCACTGCCGCACACCAGCTGAATCGCGCCATCGGGAAGAATGCCCGTGTCGACGATCGTGCGGAACACCGCCTCGGCGAGATGACTGCCGGCCGTGGCCGGCTTCACGATGCACGGCACACCAGCCAACAGCGCAGGGGCGAGCTTCTCGAGCATGCCCCACACCGGGAAGTTGAACGCGTTGATGTGCACGGCCACGCCCTCGATGGGCACCAGAATGTGCCGGCCCACGAACGTGCCGTTCTTCGACAGCGGCTCGGTGGGGCCTTCCACGTGGAAGCACTCGTTGGGAAACTCGCGACGTCCGCGGCTGGAATACGCGAAGAAGGTGCCAATGCCACCCTCGATGTCCACCCACGAATCGGTCTTCGTGGCGCCGGTGAGATACGACAGCGCGTAGAAGTCATCCTTGCGCTCCATCAGCACCTTGGCGATCGCCTTCAGCATCGCCGCGCGCTGATGGAACGTGAGCGCACGCATCTTCGGGCCGCCCACCGAGCGGGCATAGTGCATCATCGCCTTGAAGTCGAGGCCGTCGCTGGACGTCTCACCGATCTTCTCACCGGTCACCGCGTCGAAGAGGTCGGCCTTGCGGCCGGTGCCTTCGACCCACTGACCCATCGCATAGTTCTTGAGCATGTACATCACGTGGTTCCTCCCTCGCGGGTGTCCTTCCAGTTCTTCAACACGCTCGATTGCGTGGGGCGATCAACGGGGATTTCGCGCAGCGGCTCGACTTCGCGCCAAGTCGCGCGCATGGCCGCCGGCAACTGCTGATACAATTGCGTGCCTGACGTTTTCCAGTCCAGCATATCATCGGTCACGTCCTTCACGATCTTGGCGGGATTCCCCACCACGACTTTGCGCGGCGGAATCTCCATACCGGTGGGAACGAAGCAGAGCGCACCGACCACGCACCCCGCGCCGACCACCGCGTTGTCCATAATGACGGCGTTCATGCCGATGAGCGCGTTGGCCCCGATGCGCGCGCCGTGCACGATGGCACCATGGCCGATGTGCGCACTGGCTTCGAGACGCACCACGACACCGGGGAACATGTGAATCGTGCAATTCTCCTGCACGTTGCAGCCATCTTCGATCACAATGCCGCCCCAGTCACCGCGAATGGCGGCGCCAGGCCCAACGTATACGTCGGCGCCGATGATCACGTTGCCCGTGACCGATGCCTGCGGATGCACGAACGCCGACTCATGCACCACGGGAATGAAACCGTCGAACGCGTAGATCACGGTGGTCAGACCCGCTCGATGATCATGGCGAAACCCTGGCCCACGCCGATGCACATCGTGCAGAGCGCGTAGCGTGCGTTGCGACGATGCAGCTCACGGGCCGCGGACAGCGCGAGCCGCGCGCCGCTCATGCCCAGCGGGTGCCCGAGCGCGATGGCGCCACCGTTGGGGTTCACCCGTGCGTCGTCATCGGCCACGCCAAGCTCACGAAGACAGGCCAGCCCCTGCGCAGCGAAGGCCTCGTTCAGCTCGATCACGTCCATCTGATCCAGCCGAAGCCCGGCCCGTGACAGCGCCAACCGCGTGGAGGGCACCGGGCCCATGCCCATGATACGCGGCTCAACACCGGCCGCTGCGCTCGACACTATCCGCGCTATCGGTGTGAGACCAAACTGCGACGCCGCACCGCCCGAGGCGATCAGCAACGCGGCGGCGCCGTCATTCAGGCCACTGGCGTTGCCCGCCGTGACCGAGCCCATGCCGTCATGCCGAAACGCCGGCTTGAGCTTGGCGAGCGTCTGCATGGAGGTGTCGGGGCGCAGGAACTCGTCCTGAGACACCACGACCGGATCACCCTTCCGCTGCGGGATCGACACCGGCACGATCTCCTCGGCCAGCCGGCCCTCGCGCTGCGCGGCAGCGGCCTTTTGCTGCGATCGCACGGCGAAGGCATCCTGATCGTCGCGTGACACGCCGTACTGCGCCGCCACGTTCTCGGCCGTCTCGCCCATGGAGTCGGTGCCGTGCAGCTGTTTCATCTTCGGATTCACGAAGCGCCAGCCGAGGCTGGTATCGAAGAGCTGTACGTCGCGGGCGAAGGGCGTCGCGCCCTTGGACATCACGTACGGCGCACGCGTCATGCTCTCCACGCCACCGGCGACATACAGCTCGCCTTCGCCGGCCTTGATGGCGCGGGCCGCACTGGCCACCGCGTTCAGCCCTGAGGCACACAATCGGTTCACCGTTTCACCGGGTACCGTGACCGGTAATCCGGCCAGCAGCGACGCCATGCGGGCCACGTTGCGGTTGTCTTCACCGGCCTGATTGGCACAGCCGAGAATCACGTCGGCAATTTGCGCCGGGTCGAAACTCGCCGACGTCGCCATCACGCGCGCGAGCAGGGCGGCGATCGCATGCGCCGCCAGATCGTCAGCGCGTACATGACTGAGCGCGCCGCCGATGTTGCCGATGGGCGTACGAACGCCATCGATGATGTATGCGTCGTTCATGAGGTCCGGGTCACAGCTGATGAGGAGTCGCCGTACGATACACCGTGCCGCGAAAATGTCCGACCACTTCGTCGGCCTGATTGCGAACGCTGACATCGCAGAACGCCAAACGCTTCGTGGTGCTCTGTTCGACGGCGGTAGCGGTGAGCACATCGCCCGGCCGCACGGCGACGGGAAAGCTGATCGAACAGTCGACGGCGACACTCAGCAAGCCGCAGGCGTTCGTGGCAAACGCGAGCGCGCTGTCGGCCAGCGAAAACATGATGCCACCGTGCGACGTGCCGAAACCGTTCACCATCTCGTCGCGAATGGTCATGCGCAGCACCGACTTGCCCACGGCGGCCTCGAGCACTTCGATGCCGAGCCACTGCGAATAGAGGTCACGCGCCATCAAGGTGTTGACGACGTCTACCGCCGAAGGCGTGGTCATCAGTACCGCCGAGGATCGAGCAGGGAGGCGCCGGCCTGCACAGCCCGGCGCAAGCGGATGCTGGGGCGATAGCGATCGTCACCGGTTTCCGACTGCAGCACCTGCATCTGGGCCAGCACGTTCGGCGCACCGATCTCGTCGCCCCACTGCAACAAGCCACGCGGATAGTTCACGCCCGTGGTCATG
NZ_CP053085.1_gap64	2240533	2242385	1852	GCCGTGTAGTGGCCCTTGGGGTCGCCTGCCGACCCCAGCCATATCACCTCTGGTCCCGGTCGAGATCACGGCCGGGACCAACTGTGACGTATCGCACCGCCGCCAAACGCCTTACGATTCTACCGCCCTGCCCGGACAATTCCTGGGCGGGCGTCCGGGCCATTGCTGTGCCCGTTCCTTGGCACTTACGCACAGGATTCTATGACAAAACGACTGATCGGTCTCTCGCTGCTGACGGCGATGGCGGCGGTCCCCACGGCCCAGGCTCAGAGCCTCGGCGAACGCATCGAAGTGGGTGTGTTCGGGCAGTACACCAAGATCGACGACAAGCTGCGCATCGATAACGTGGCCGGTATCGGCGCGCGCGCGGGTCTCTCCGTCTATAAGTGGTTGGGTGTCGAAGGTGACATTCAGGTCGGCAGCACGAAGGCCAACCGGGCCCCGAACGAAGACATCACCTATCGCCCGTTCCGCGGTCTGGCCACGCTGACCGTTCCGTTCGTCCCGTCCAAGAAGGCCGCGCTGGTGCTCGGTGCCGGTTACGTGAACTCGGTGTACTCCGGGCGCAGCACGGCCAACGAATACGAAGAGGGCTTCTCGGCGCTCGTCGGCTTGAAGCTGTGCGGCAGCGGCAAATGGGGCGCTCGCTTGGACGGCATCATGGACAACAACCCGTCGCCGAACGAGCAGAACCTCGAAGGCACGTCGCGCAACTTCGGCGTCCGCGCCGGTGTGACGTATGCGCTGCGCGGTGGCTGCGCGTCCGTCGAGCAGTTCGACTGGGCACTCAAGATCGATCCGGCCACGGCCACGATCAATCGCGGCAGCAATCGTCAGTTCGCGCTGTCGGCCGCCGACATGAAGTCGCGTCCGATCGAAATGCGGAAGGTGATGAACCTGACGTGCTCGTCGAGCGACGCGTCCGTCGCAACCGTAGACAACACCGCGAAGGTGACGGCCGTGAAGAACGGCACCGCCACCATCACGTGCAAGGGCATCGTGAAGAAGATCGAGCGCTCGGCCTCGAGCACGGTCACGGTTCCCGCGCCGGCGTGGACGTTGACGCTGACGCCGACGAGCGGTTCGGCCGATGTGGGCAAGACGCTCTCCTTCTCGTCGAAGGCCACCGACGCGGATAACGTCGATCTTGGCACGATCACGTGGAGCTCGGCCAACGCGTCGATCGCGTCGGTCAGCAACGGCACGGTGACGTGTAACGCGGCCGGCAGCACGACCATCACGGTCACGAAGACCGCCTACGGGACCACGCAGACGCAGTCGGCGATGGTGACATGCAAGGCGCTTCCGGCAGCGCGTGTCGCGCTCGACGAGACGCTGTTCAACTTCGACAAGGCCGTCGTGCTGAAGTCGGGTATGGACACGCTGAAGGTCGTGCTCGACGCCATGAAGCGCATTCCGAGCCTGCGTATCTCGGTGGAAGGACACACCGACTGGTACGGCGACGAAGGGTACAACAACAACCTCGCCAAGACCCGCGCCGCCGCCGTGATGGCGACGCTGCTCAAGATGGCTGGCCCGGATGCCGCCTCCATCAAGGATCGCATTGTTTCCTCGAGCTTCGGCGAACAGTGCATCATCGCGCCGAACGGTGATGCCGATCCCGGCCCGCCGCGTCCGCGCGTCTCGGCGGCCAACAAGGCCGCGCAGGCGCCAAACCGTCGCGTGGAAATCTGGCAGCTGCTGGACGGCAAGGGTGCGCCGACGGCGTGTCGCTCAGCCGACGAACGTGCGGGTCACGTGCCGTTTGGTGATCTCAAGTAAGGCTTGGAACTGAAGTTCTGAAACTGCCAACGGCTTAGGAGGCAGGGCGGAGATGAAAAGGGAGGAGGAT
NZ_CP053085.1_gap65	2422561	2424823	2262	GGAGTCGCCGGTGTCGCCCTCGGACCCAAGAAGGGTCCATTCGACCTCTCCGGCACGCTGGGCGCCGGGTTCGGTTACGGACTCTCGAGTAATCTGCACATCGCACTCGTGCAGGAGTTCGGCATAGGCTGGCATTCCAAGTCCGATCTCCCCGATGGCATCGGTCGCACCTGGCGCGTGCGCACCACGCGCGCGTCGCTGCGCTTCGGATTCGGCTCACACCGCTGATGTCCGCTCCCAACACCCTCTTCACCACGCACGCATGACTGTTTCCAAGGCGCTCGTTCTGTCGCTGTCGATCTCCGTGTTGGGTGCGTGTGCGCAGAGCGCCACCCCGGCCGCCACCTCCAGCGCCGAACCAGCGCGTGAACCGGCGCGCTTCCCCGACGGGTGGCGTCTCCCCGCTGGTGCGTCGTCCACCTTCGCGTCGCAGGCAATCGCGGTCAGCAACAGCCCCTCGGCGAGCGCAGCGGCCGCCGAGATCATGAAGGCCGGCGGCAATGCCGTCGATGCCGCGGTCGCCCTCGGCTTCGCGTTGGCGGTCACGTGGCCGGAGGCGGGCAACATCGGCGGCGGCGGATACTCCATCGTGCACATGGCCGACGGACGCACCGCGGCGATCGACTATCGCGAAGTCGCGCCGCTGGCGGCGACGCGCAACATGTATCTCGATGCGAACGGGAAAGTCACCGACCGCAGCATCGAAGGGCATCTCGCGAGTGGTGTGCCGGGCGCTGTGGCCGGGCTGAGCATGCTGCTCGAGAAGTACGGGACGATGTCGTTGTCGCGTGTCATGCAGCCGGCCATTACACTCGCGCGTGAGGGGTTCGTGATCGACACCGCGCTGGCGGGGTCGATGTCTCGCGCCGCGACCACGGTTTCGCGCAACAGCCCGGTCACGCCGTACTTCCCGAACGGCAAGGCGCTCCCCGCCGGTGCACGGTTGGTGCAGCCCGATCTCGCGCGCACCCTGCAGGCGATTGCCGACAATGGCGCCAAGGCGTTTTACGAGGGCTGGATCGCCGACTCGCTGGTGGCCGAACAGCGGCGCGGTGGTGGTGTGATCACGCGTGCCGATCTCAAGGCGTACACGCCGGTGCCACGCACGGCGATCGCGAGTACGTACCGCGGCTATCGCCTGCTGGCCATGCCGCCCTCGTCATCGGGCGGCGTGACGATGACGGAAGCCCTCAACATTCTCGAGCAGTACAGCACCGTGCCGGCGTACGGCAGCACGCGTTGGTTCCATTTGGTCGGCAGCGCGTTTCAACGCGCGTTCATCGATCGCAACAGCAAGCTCGGCGACCCGGCCTTCGTGAAGGTGCCGATGGAGCAACTCACCAGCAAAGCGTATGCAAAGACGTTGGCCGCCACGATCAACGATACGCGAGTGACGAGCACGAAGGCGCTCGAGCCGATGATGCAGCAGCCCGTACGCGAACCGGAACACACGACGCACTACGCCGTCGTCGACAAGAGCGGCAACGCCGTGTCGACCACCACCACGTTGAACAACTCGTGGGGCTCGGGCGTCTGGGTGCGCGGCGCCGGTTTCATGCTGAATGACGAGATGGATGACTTCGCCGTGCAGCCGGGTACGGCGAACATGTACGGCTTGGTGCAGGGCGAGGCGAACGCCATTCAGCCCGGCAAGCGCATGCTGAGCGCGATGTCGCCGACGATCGTCCTCGACAAGACCGGTCGCGTGTTCCTGGTGGTCGGCGCTGCCGGCGGGCCCACGATCATCACCGGCACCACGCAGGTAATCTTGAATGTGATCGACCATCACATGTCACTCGCCGACGCGATGCGCGCGCCACGCGTGCATCATCAGGCGCTGCCCGATTCCCTGACGTACGAGGACGGTGGCATCCGTCCCGCCGTGCTCGACTCGCTCACGAAGATGGGATACTCCATGCGGAAGTTGCGCGCACTCGTGAACATCAACGCGATCATGCGCGTGAAGAACGGATGGGAAGGAGTACCGGAGCCGAGGCGGAGCGGGGGAGCAGTCGGGTATTGAACTGATGAACGGCGCTAAGAGTTACGGGCGCTAAGAGTGAACGGCGCTAAAGTAAACGGCGCGAAGAATAAGGGGCGTGAACGGCGTCGGAAGAAAGCAGAGCCCCGTGACCAATGGTCACGGGGCTCTCTTTCCGATGCGGTTGCGTTCGCACCGCAGTTTACTCTTAGCGCTTCTTACCTTAGCGCCGTTTACTCTTAGCGCCGTTTATTCTCAGCGCCGTTCGTTGTTCGAATTAC
NZ_CP053085.1_gap66	2444425	2448866	4441	GCTGCGCGCACCGCGCGCGCCAGCAGCGCCGCCGAATCGGCGCGTGATGCGGCGTCGATCACGATCAGCGACGACATCCGAGCGCTCCGCTCACTGCACCGTGCGCCTGCCAGCGCAGAACCCGCCGCCAGCAGCGCGATCACGCGCAACAGCAACAGCGGCAAGTCACTCGGCTTAGCCTGACGCGCCACCGCGCGCGCGTCGCGTTCCGGCACGAAGCGCGCCGTCGGCAGCAAGAGTACACGCGGCTGTCGCACCGAAAGAAAGTGCAGCGCCGTGATCGTCAGCGCGGCCGCCAGTGCAAGGCCGAAAATCCATGGAGCGGCGAAGCCGATCACAGGGCCAGCCCCGCGACGACCGCACGGACCGCACGCGCCGGCGTCACGTTTGTCGGCACTTCGGTGTAGCCGGCGCCGAGCGCGCGCCACTGATCACGCACCTGCGCGCGGAATGCATCGAAGCGCGACGCGTAGCCGCGCTGCACATCAGGGCTCGTCACGCGCCAGATGGCGGCATCCTCCGGATCCTGCGCACGGAAGATCCCGGCAGGGAGCGTCAGCTCCTCGCGGGCCACGATATGCACGCACTCCAGCATCGCACCGCCCGCTGCCAGCACCGACGCGTTCTTGATCGTGGCCTCATGATCACCGAGGCAGTCGGTCACGAGGACGCAGCGCGCGGACACGGGGATCAGCATGAGTGTGGCCGCCAGCGTACTGGTGCCGCCGGCCTGCACAGCATCCAGCGACCTGGCGATCTCGCGCACGGTGCCTCGGCGAGTGCGCGGCGGCATGCGCAACACGCCGTCCGCATGCATGGCGAGCACGCCCACTGGATCACCCGATGCGTGCGCCACGGCCGCGAGTCCCACGGCAACGGCACACGCCATCCGCCACTTGCTCATCCCCACTCCGTCTGGGAAGTCCATGCTCGCACTCCCGTCGAGCACGATCCAGGTGGGTAGCAGCGCGCGATCATCGCTCAACCGCACGAAGGCACGATCGCTCCGCGCCAGCAGCTTCCAGTCGAGCGCGCGCGGGTCATCGCCCTGTCGATACAGGCGATACTCGGTGAACTCGCCCGCCGTTCCGCGCTGCCGCGAGCGGTGCGCGCCCGATGGTGCCGCGGCCACGGCCCGGCGTGCTGGCCAACGCACGCCGCGCAGGGCATCGAGCAGCGGCCCGTAATCCGCGCTCATCGGCGCGTAGGCGTACGCCGCGCGTTCATACCGCGCGATCAGGCCGGCAGCGCGCTGCCTGGCGCTGCCACGTGCGACAACAGCGCCTCGATGATCGGTTCCGCCGAGACGCCGTCCGCCTCCGCCGCGAAATTCGGCAGAATGCGATGACGTAACACCGGCATCGCGACGCGTCGAATGTCTGCCGGCGAGACGGCAGCCCGACCAGCGAGCAGCGCGCACGCCTTCGCCCCGAGAATCAGCGCCTGCCCCGCGCGCGGTCCGGCACCCCATCGGACGTACTGTCGTACGATGCCCGGTGCCGACGCCTCCTGCGGACGCGTCGCCCGTACGAGCTTGGCCGCATACGTGAGCACCAGCTCACTGCAGGGCAACTCGCGCACCAGGCGTTGCAAGGCCAACGCGTCGTCCGCCGAGAACACCGCCTCGATCGGCGCGCCACGCTTGCCCGTGGTCGTGCGGAGAATGGAGATCTCGTCGGCTTCGGTGGGATAGCCCACACGGATGTCGAACAGGAAGCGATCCAGCTGCGCTTCGGGCAGCGGATACGTGCCTTCCTGTTCGATCGGATTCTGCGTCGCCAACACGAAGAACGGCTCCGGCAGCTTCATCGTCTTGCCGGCCGCGGTCACGCTGTGTTCCTGCATTGCCTCCAGCAGTGCCGCCTGCGTGCGTGGCGGCGCGCGATTGATCTCGTCAGCCAGCACGATGTTCGCGAACACCGGTCCGTGCACGAAGCGGAACGCGCGTGCACCGCCGCCGCTCTCCTCGAGAATCTCGGTGCCCGTGATGTCGCTCGGCACGAGGTCCGGCGTGAACTGGATGCGACGAAACTCGAGCTGCATCGCGTCCGACAACGACTTGATCATCAGCGTCTTGGCGAGTCCGGGGACGCCCACGAGCAAGGCGTGTCCACCGGCCACCAGCGCCATCAGAATCTCATCGACCACCGCATCCTGACCCACGATGCGCTTCGCAATCTCTCCGCGCAGCCGTTGGACGGCCGCGATCAGCGACTCAGGCGACCGTTCGCTCACCGAACCGGCCGACGACGACGTCCCGTCACGAACAGCGTCGACGCATCGCGCGCCCCCGCCGACTGGAGCGACTGCGACTCGTTCGTCACCTCGGCACCGTGCAACTTGACCATGAAGCTGTCGATCTGGTCGACATCGGGGAGCAACAGCGCCATCGCGGCCTGCTTCACGTCGCGCACGCGCGTTTCCGGCGTCGTTTCGACCCGTACCGCATCCCACACCTCGGCCGCCTGCACGCGCACCGTCCACACGACGGGGGCCTGCTCACTGGCGATGCGTACGATCTCCGGACGCACACGCAGCGAATTCACGAAATGCGTGGTGCTGACCGTCATGACACACCGTGCGGCAGGGCAGCGACAGCAGCCGCGTCCGGCGTCGCCACGGATACTGCCGGCGCCGTCGGCAACGAGTCGAGAAAGCGGGCCAGCTGCTGATCGAACATATACGTCGAACCAGATACCGACGTGCCGGCATCGGTCACGCGCGCCGCGATCACCAGCTCTTCGCCACCCTGCCCTCGCAGGACGAGGTGCGAGGGGCCCTGCTTCTCGATGAACGTCGCGTAGACCCCGCTACGGCGCGTGAAGAAACGCGCGGCCCTCGCGAGGACGTCCGCGATCGACAGTGAGGTGAGACGTTCCTGCAATTGGCGATTCGACTGCTGGTGCATACGGGCGATCCGGATTGAACGAGAAAACTGGAGGGTCGACGGGTGCGGATCAGAGATCCACTTCGACGGGGAAGACCAACGTCCATCCGCCCTCGTCTTCTGACCCACTGGCCGATTGCTCGACGCGCATCTGACCGCCAAGGCGCCCGGCAAGGACGGTGGCCAGCGGCTGATCGAGTGCCGTCACCGCCCCCCGCACGCCCGCAAACGGGTCGTGCGCCGGACGGCGCAGCGTCTCCTGAAGTATACGTGAAGGCACCGAGGGAGGTTGATCCGCCACCGCGTCCATCGAGGCGTCGCGCCACCCGACCTGCAGGGCGATGAACCCTCGTCCCAGTCGCACCCCGGTATTCACCGTCCCGCCCTCCATACACGCGGACCGTACCGCCAACCCGACGACCAATTCCAGGAGACGGGACAGCCAGTGCAAGTCGCCACGGATCATCGGCAAAAGCACCGTTGGCTCGTCCACGTGAATCGGCACCATCGGGGCCCGGATGCGCCACGTGGACACGGCGGAGAGCAGCGGCTCCCGTGGGTCCACGTCGGCCGCTGCCGCCGAGAAGTCATCGCGTGTGACCAGGTCGTAGTCGCGGGCCGCGACGGCCAGCGCATGGACGGCGGCCAAGCGCATTGAGGCGTCAGCGGTCTCACCGGGAGCCGCCAGCGTGAGCAACGCCGACACCACGTCGTGCACGGTCTGATCACGCGCCCGTTCGGCGCTGTTCCACACCGCCGCCTGTCGCTCGAGCTGCGCATTGGCTTCGGCCAGCGCCGCATTCGCGCGTCGCAGCGCATCGGTGCGGCGCGACTTATCAGTCGCTGCCGCCAACTGATCGGCCACCACCCGCACCAACGCGCGCTGCTCGTCGCGCACCGGTGTGGCGTCGGCGAAATAGAAGGCGATCGCCCCGATGGGCCCGTCCGCCGTTTCCATCGGCGCCGCGATGATCGACCGGAAGCCCAGCTCCGAGGCCACTTCGTGCCACGCACCAAGCGACGCATCGGCGAAGAGATCGGCGACCTCGACCAATCGTCGCTCCGCCACGGCCACACCACTGGGCCCGTCGCCGACGCGCACGCGCAGCGCGCCGATCCAATGACGGTGCTTCGACGGCCACTCATGCTGTGCCACCGGCCGCAGCAGTTCCCCGTCGTCCCCGAGTTCCATCACCAGCGAGAACGCCGCGCCGAGGATCGGGGTGACCCGATCGAGCGCGAATTGCTGCACATCACTCGGGCGATCAGCCAGCAGGAATGCGTGCGCGATCTCGCGCACCGCGAGCAGTTCGCGCGCGTCACTCACCTCAGGAGGCCCGAGGGCGCTTCGGGGAAAGCGGCCGCACCTCGAGCCGATGCACGAGCATATGCGGGGGTGCCTCAATCGCGAAACCGACGGCATCAGCCACGTTCTGCGGCTCGAGCATCCACGTGCGATTCGTGCCGGCGGGGAACAAGTCGGTATCCACCGAGCCGGGCGTGATCACCGACACACCGACACCGGCATCGCGCACTTCCAGCATCAGCGACTCC
NZ_CP053085.1_gap67	2522696	2525414	2718	AGGATTCACGAGCATCATTGCCGTCAACGAGATGGGATGCTCGTCGATCCCGGGTCGCGGACGCGTGAAGTCCGGCGCGGTGTGTGCCACCGCGTTCCTCGACGGCGACGACATCGTGCGCTCGATCCGCATCGAACGGGTCTTTCCGTTCATCGACGGCGAAGCGTTCCGGAAGGTATTGGTGCAGCGCTACGGGCCTGTAGCCGACGCCGCGCAGCGTACTGGCTATACGCTGGCGTGGGGTCCCGTCACCGACAGCACGACAGCCTACCTCCGCAGCGGCCCGCACAATGCGCTCACCGCCACGTGGAGCGAAGACGAGGACATGATGTCACGGAGCCTCAACGCCGCCCCACGCATTCGTGTGACGCTGCAACTGACCGACGCCACTTGGATCGCCGCACAGTCGCGCTAGCCGACTGCCTACTTACTGTCACGACTTCGAGGACTGAACGATGCGACATCAGCTATTCACGGCGGCCGCGTTCGTCGCTATCGCCGCCGCATTACCGCTCAGCGCGCAGAGCGCGGGATGCGCCGGCCAAGCCAGCTGCTACGAGACCACGAATTTGACGGCCGTTGTCTCTGATCTCCGGTCGAGTGTATCGGGCGCGAATCGCGTGATCACCGCCACGATCCGCATTCAGAATCGCACACCGCGACCCCTGACGCTCGGCTATCTATCGGGATCCGGCGTCGTGACCGACGACCAAGGCAACCGCTACGAAGTGGCCAGCCCGGAATCCGTTCGCGGCATCGGATTGATCACCAGCAACAGTTTCGACGCGAAGTTTCAGCTGCAACCCGGCGAGCGCGCCGATGCGCGCGTGGAGTTCCTGTTCCGTCCGGCGTCGCGCAACGTCATTCTGGGAACGACGTATGCCATGGACATTGCGTTACGCGAGATCAATCCGATTGCGGGTAATCAATGGCGACTAGGGCGTGAACACGCGCTGCGGTTTACCGGCTTCGACGGTAAAGGCGTGACGGCGCAGATGGCCACTGGCAACGCGGCGGCGGCGACAGCAGCGACCTCGTCAACGCCGAGCAGCACCGCGATGGCGGGCGCCGCACAGGTGGCGATGGCTGATGAGATCAATGTCTGCGCGGGAGTCGAGCGGTGCTACGCCAGTGGACCCGTGCGCGTAGACATCGTGCAGATGAGCGCCGGCGATATTGGTAACGGGCGCTATCACGGCGTTCGCTTGAATGTCCGTGTGCGCAACATGTCGAACGAGCCCATCATCATTGGCTACAAGGGCACGTCGAGCGGCGCGATCGACAACCTCGGCAACCGCTACTACTTCGGCCGCCCCGGGACGCACGACGTGAGCGCGAGCGGTATCGGAGTGGTCACGGGCCAGGCAGCCGACCCACAGTTCGCGCTGCGTCCCGGCGAATCACGCAACGCGACGTTCAATGTGACACGGTTTGATGCCGGGCGAGCCGAGCGCGGCACGTCGTTCACGTGGAACGCCACGCTGGTTCAGCTCGAAATCACCCCCAGCCGGCAGATCCGCACCGGGCGCGAGTTCGCGGTGCAGGTCGCCGACGTAACACCCTCAGCCGGCGATGCGGTGAAGGCCGCCGGCAGCGACGCCGCGAACAAGGCGGCCAAGGGGATTCTCGACGCGCTGTCGGGAAAGAAGAAGAAGCCACCGGTCCGCTAGCAGAAAGGCCGCGAGCGAGCGGTCGGAGCGCGGCATGAACGCTTCGTCCCTAACTTCTATCTCTCAGGTGTAATTGCGCGCTGGTCCCTGGCCCTCATGTTTCGTGCGTGAATGCGCGGGACAGCCGAGATCGCACGATCCTGATCGTGGAGGACAACGAGGACAATCGCGCCATCTATGGCACGATGCTTCGGGCGCGCGGGTACGCGGTGCTCGAATCGACCGACGGCGAGAGCGGCGTTGCGACCGCGCGTCGTGAATGCCCCGACCTCGTCCTCATGGATATCGGGCTGCCAATAATGGATGGGTTGGATGCCACGCGCCTGCTCAAGTCTGATCCGACGACGGCGACGATTCCAATCGTGGTGCTGACGGCCCACGCACTCCGCGATGAACGGCAGCGCGCCCAACTGGCGGGCGTGACCGGCTATCTCGTCAAGCCCGTGTCGAGTGACGAGCTCGTCGCGGCCGTCGAGCGTGCGCTCGGCGGAGACAGGTCGTCACCGCCGCCGCCCGACGGCCCGCAACCGCGAGGTTAACAAGAACGTGCCGTTCACGCAGACCGCCCCGCTGCCCGACGCGCCCGTGCGTCCTGCGCGCTCACTGGACCGACGTCTTCCGCTGATGATCTCGGTGCTCCTCGCGCTGACACTTGGCGCGTTCGGGCTGCTTGCCTTCACGACCGTATTACGCACGGCGACCACGGCAGCGGCCGCTCAGCTCCGCACCGTGATCGCCCAGACCGCTGAATCCTCCAATCGATCGGGAGCAGCGCGACTCGATTTCATCAAATCCATCGCGTCAGACTCGATCGTGGCGCGAATTGCCAGCGCTGGTAACGACGCGCGCTCCGTAGCCGGCGACAGCGCTCGCATGGCGGCGATGCTCCAGCGTCGGCGTCTCTCCAACGACAGTGTCACGCAGGTCACCCAGCTCGTGCTTCGCCGCGACGGCGGGACACAGGTGCTCCGTGGTTCGACGCCAAGCGCGACCGATCGGGCGTGGCTCGACGTTACAGCCCGTCTCGCCGCAGAACGAAACGAAGCGC
NZ_CP053085.1_gap68	2561407	2562991	1584	GCGACCGGACGCCACTTCGAGTCCTGAGGGCATCCGCCGCAGGTCACGAATCGTCGCACCCGAAACCGCGGCGAGTGCGGCGAACTCGGGGTCGTCACCGAGCATCGTGTGCAGGCCGCTCCAGACATCGAGTCCGGCGCGCAACGCGTCGCAGACGATGGAGCGCCACGCGTCGGGGAACTGTCCGCCGGCGGGCGCGATGCCGATCAGTAGCGCATTGGGCAGATGGATCATGCCGGCCGCGAAGCTGTCGACGACCGGAATGTTGCCACCAAACCCAAGCACGTCCTGCGCCTTGCGACCGGCCGTTCTACTATCGAGAACGGCGGCCACCTCATCCGGCACATAGCGGATGCAGGCGTTTGCTGTCTTGGAGCTGAGCGGGCCGAAGCTGCCTTCGGCGAGGATCAGAAAGCGACGCGACAGAGCCATGATGCGGAGGGGCGAATTCACCGACGGCGGCCCCTGATAGGGAGCCGCCGTCGGCGACCGGAAGGGAAACCGGTAATCTACCGCTGAGCCACGATCTCGCGAATTACGACCTCGGCTGAATGCTGCTGAGCCGTTCGATTTCCGCGATCAATTCCGCTTCTCCCGTCTTGGCCTGTTCCTTAGCGGCGGCCGCAGCGGCTTGGGCGGCAGCGGCCTGAGCGGCGGCAGCGGCTTGAGCAGCAGCGACCGCGGCGGCATCCGGACCCGCGGCGAGCTGCGCTGGCGCGGCGGCCGAGGCCGCCTCGGTAGCTCCAGCGGCGAGTTGACGCGAGGCGGCCGGTGCACCGGCGCCCAGCATGCCCATACGCTGCTTGAGCTGCAGCAACTGCTGATCGGCATTCACGCCGCCCGACGCACGCTCGAGCTGCTTGAACTCGCCGGCCAGCCGATCGCCGCTGAACTCCTCGTCAATCTCCTGGGCCGCCTGCAGCTGCCGCTCGTTGGCCGTGATCTTCTCTTCCATGCGGTTGAACGCATCGAACGCCGAATTGTCGGAGAGTCCGGACATCGTCTGCGAGATACGCGCCTGCGCCTCAGCACGACGTTGACGGGCGAGCAGCAGATTCTTCTTGCGCTTCGCTTCTTCGATCTTGTCGTTCAGGTCACGGAGCGACTGCTTGAGCTTCTCCGTTTCCATGCGGTGCGTTTCCCACGTGCTGGCGAGCTGCTGGCCATGCTCGAGGTGTTCCTGCCCGCGAAGTAGCGCCTGCTTCGCGAGATCGTCGCGGCCCTCCTGCACGGCGAGCATGGCCCGCCGCTCCCATTCGTCGGCCAGCTTGAATTCAGCGTCGGCCTGATCCTTCAGGCGCTTTTCGTCAGCGATGGACGCGGCAACCTGCTGCTTGGCCTTGGCCAACTGGTTGCGCATGTCGACGATGATCTGATTGAGCATCTTCTCGGGGTTTTCCGCCGAGGAAATGAGCTCATTCAGATTCGACTTGATGAGAGTCGAAAGACGATCGAAGATACCCATGGTTCAGCGAGCCTCGCGGAAGGCGGCCAGCTCACGAAGATGCGATGTGAGCGAGAGAGTCATGCTTTCGTACGACGCGAGAAATTCCTCGAAATCGAGATGCGCGAGTTCGAGTGCCT
NZ_CP053085.1_gap69	2565831	2568889	3058	GAGGCGGCACGCACCTGCAGTATGCGAGCTGCTCGGTCCGACCATAACGGGACCGATGATATCGAGGAGAGAGACCATGCGGGGAATCTACTTGCGGTCGGTGCCGTACAACAGAAAGCAGGCGCCCGGCGATACTCGCCGGACGCCTGCTTCAGACCTGCGTCACAGCGCGTGATTACGCGTTGTTGCGACGACGGCGCGCCATCATGCCCAAGCCAGCGAGGCCCGAGGCCATCAGGATGTACGTGCCCGGCTCGGGGACTACCGTGGAGACGTTCGAGATCTCAAAGCGCAGGTCGTTGTAGTCGAAGTCTGAGATCGGCACGATGGTACCCGAGCGGTCCTCGAAGCTGAAGGCTGTCGTGAAGGTTCCTCCGCCCGATGCTGCCAAGCCGGAGCCGGCTGAAACAGCCATGTGGAGAGCGTTGTCAGGATTCCGCGATGCGAGGCCGCTGTAGAACCTGAAGTTGGTGAACGTCGGCCCTACGCCCTGCGTCGTGTTGGTTAAACGAAAGAACACGTTTTGCCCTGAGGAGACATTCCCGATCTGCATTTGCGTGCCGGGCGCCGAGGCGCCTACACCGTTGTTAGTGAACAGATCTGTCCACGTACCGGCTGCGTTAAAGCTGCCGATAGCGCCGATCTGGTAGGCCAAAGTGCTGCGATCTGCGGCCTCGGAGCCAACAAAGCGCACCGTGACGATGCTGTTGTTTCCGAGGAAATCCACGGCCGTCGGGACCTGCGCGCTCACGCTCGCTGCGCTACCGGCGACGAACAGCGACGCGGCGGCGAGACGGTGCATTGAACGAACTAGGGATGTGAGCTGCATTTGGATTGCTCTCTCGGTTGGAAGTCTCTGTGCGACTGCAGTGCGCAATCGTGACGTCAACCACACTAGAGCAATAGCCGTGCCCCATCTACGATAGCGTGATGCATTGTCCCGTCCGCTTCACACGGTGACATATCGCACGTTGATCGGACGCGACGCCGTCACACTCGGCATCGACAATTCATTGCAAGAATTTTGACCTACTGCAATTGGCAAAATGCGATGCAGCCTCGCGACTGCTCGTGCAACGCCGCCAGCGCTCACGCACCAGTGCTTGACAGCATCGGCGCCAGATAGCGCCCGGTGTGGCTCTCCTTCACGCGGGCGACCTCTTCCGGAGTGCCCTGTGCCACGATGGTACCGCCGCGCACGCCACCTTCCGGTCCCAGATCGACGATCCAGTCGGCGGTCTTGATCACATCGAGATTGTGCTCGATCACCAACACCGTGTTTCCGCGCTCGACCAGCTTGTGCAGCACACCCAACAACACGCGAACGTCCTCGAAGTGCAACCCGGTGGTCGGCTCGTCCAGGATGTACAACGTGCGACCCGTATCACGCTTCGAGAGCTCGGTCGCCAGCTTGACGCGCTGCGCTTCGCCACCCGAGAGCGTCGTCGCGCTCTGTCCAAGGTGGATATACCCCAATCCGACATCGCGCAGCGTTTCGAGCTTCTGCAGGATCCGCGGCTGATTTTCGAACACCGTGCACGCCTCCTCGACAGTGAGATCGAGAATCTCGGCGATACTGCGCCCTCGGAAGTGCACTTCCATCGTCTCGCGATTGAAGCGTTTGCCCTTGCACACATCACAGGGCACGAACACATCGGGGAGAAAGTGCATTTCGATCTTCACGAGTCCGTCGCCCTGACAGCTCTCGCACCGTCCACCCTTGACGTTGAACGAGAAGCGACCGGGTCCGTAGCCGCGAATCTTCGATTCAGGCAGTTCTGCGAAGAGTTCACGAACCGGCGTGAAGATGCCGGTATACGTGGCCGGATTCGAGCGTGGCGTGCGACCGATCGGGCTTTGGTCGATATCGATGATCTTGTCGAGATGCTCCAAGCCAGTAATGCGCGTGTGTGCACCTGGCAGCACGCGTGCCCGGAAGAAGTGACGCGACAGTGTGCGCTGCAGAATATCGGTGACGAGCGTGGACTTGCCCGACCCTGAAACGCCGGTGACCGCCACGAACAAACCCAGCGGGAACTCGGCGGTGACATCGCGCAGGTTGTGCTCCCGCGCTCCTTGCACGGTGAGCATCCGTGCCACGTCTCGCTTACGGCGCTGCACCGGTACGTCGATGCGGCGGGTGCCGCGCAGGTACTGCCCCGTGATTGATGCCGGCGTATCGATGACATCCTGCACGGATCCCGCGGCGATCACTTCACCGCCGTGCTTGCCGGCGCCGGGGCCGAGATCGATGAGGTAATCGGCCTCACGGATCGTCTCCTCGTCGTGCTCGACGACGATCACGGTGTTGCCGAGATCGCGGAGCGCCTTGAGCGTAGAGAGCAACCGGCCGTTGTCGCGCTGATGCAAGCCGATGCTGGGCTCGTCGAGGATGTACAGCACGCCAACGAGACGCGATCCGATCTGCGTCGCGAGCCGGATGCGCTGCGCTTCGCCTCCTGACAGTGACTCGGCGCTGCGATTGAGTGTGAGGTAGTCGAGCCCGACATCCACCAGAAAGCGCAGCCGCTCGCGCACTTCCTTGAGAATCGGACCGGCAATACCGGGATCGAGTCCCGGATGACCAGCGCTGCGCACGGGCACGGTTTCGAAGAACGCCAGCGAATCGACGACGCTGCGTTCGACGACCTGCCCGATGTTGAGACCGTGCACGGTTACCGCCAGCGATTGAGGGCGCAGCCGTCGGCCTTCGCACGCCGGGCACGGTCCCGCCACCATGAACGACTCGAGATCGAGCCGTACACCGTCAGAGCTGCTCTCGTCATAGCGACGCTGCACATGCGCGACGATGCCTTCCCAGGTGCTCTCGGCGGCCGCCTTCGCGGCGGTCTTGGCCGCCGTCTTCGCCACCGCTCCCTTCACCGCCTTCTTGACCGCCTTGCGCGCACGCGGCGGCGCATCACCGACACCGTGCAGCAGCTGCTGACGCACCTTGGCCGGGATCTGTCCCCATGGCTTGTTGAGATCGAAGCCCAACTGCTTGGCGAGACCGGGCAGGATCACCTTCCGCATGTAGCCGTCGGGCTCTCCCCAGGGC
NZ_CP053085.1_gap70	2571473	2572691	1218	AGTGGGTGGCCGAGTCGATCGTGAAGTTTCTCGATGGGCGAAGTGTGTGGTCGCCGATGCTGCGCCTGTGGGGCGTCGCGACCCTGTTGATTGTGGTCGGCCAGCTGCTGCACGGTCGCGGATGGCACCGCGCGTACAGCATGGCCCAGGAAGGGGCGAATTCGCGGGCGAAGCAGCGCACAGGACGGCCGTTCCTGGACCGCATGCTGTCTTTCCTTGGCACCACGCGGCGAGAACTCGTGCTGAAAGAACTTCGCGTATTCATGCGCGACAGTACCCAATGGTCACAGCTGGTCATGCTCGCCGTGTTGCTGGTGGTGTACGTCGCGAACGTGCGGTATCTGCCGTTGTCGGGCGCCGGCATGACGGAGCTCCTGCGCAACGTGATTCCGTTCCTGAATCTCGCCTTGGCTGGCTTCGTACTCGCGTCGATCGCGGCGCGGTTCGTGTTTCCGAGTGTCAGTCTCGAAGGACGCGCGCTCTGGCTCCTGCGTTCGAGCCCCCTGCGCATGTCGGACCTGCTCTGGGCGAAGTTCTGGGTGGGCGCGGTGCCGCTGCTGATGCTGGCCTTGGTGCTGGTCGGATGCACGAACCTGATGCTCGGCGTCCGGACCTTCGTGCACATCGTGTCGCTGACGGCGATCACGGCACTGGTGTTCCCGCTCACGGCGCTGGCGCTGAGCTACGGCACGTTCTATCCGCAGTTCGACACGGAGAATGCCGCCCAGATCCCGACGTCGTTCGGCGGACTGCTGTTCATGATGACGGCCATCGTGTTGATCGGTGCGGTGGCCTATCTCACCGGTCGGCCGGCCGCGCGATTCGTGGTGGCCGAGCACTTCGGGTGGGCACGCACGCCGACTGACATGCTACTCCCGTTCGCGCTGGCCGCCACCGCCTGTGTGGCGGCCACGGTGGCCCCACTCATGATGGCTCGTCGTCGGCTGGACGCGACCGAACGGGCCTGACGGCGCACGGTCGTCCCGCTTTGTTCTTTCCGGTGTCCGGCCACTAGGTTCTTGCGCGATGGCCACACGACGCCCTGCCCCGATCGACCTGACGGTCGTACCTGCTGCCGCGACGGCGTTTCGCCGTCGGCTGCACGCCTGGTTCAAGAAGCATTCGCGTGACTTGCCCTGGCGGCAGACGCGCGACCCGTACCGGATCCTGGTGTCGGAGCTGATGCTCCAGCAGACCCAGGTCTCGCGCGTCCTCGAT
NZ_CP053085.1_gap71	2576227	2579145	2918	GCGAACAGCGCGGCGCGGGATGGGCGAGATCTCATGGGTACCGGTGCAGAAGTGCGAGTGTAGAGGTAGAGCCATATGGTAGCGACGCAACAAATCCATTGTAAGGAATAGAAAAGCGGCGTGACGGTGATGTTACCCGTCACGCCGCTGAGACCGTCAAACGACTACTACACAAGAGCTTACGAGCGGGACGAAACGCATGAAATATGCCCCATGCGAGATATCCGTGACGCTCTATTCCGCTCCGGGAACGCGCGGTGACGCCCGCCGCGATTCAGGCCGCCGCGAGCTGATCGCCGCAGCCGCTGCAGAAGCGGGACCCGACCAAATCCACGCTTGTGCCGCACTTCGCGCAGGCGCCCGGCAGGTAACGTCCACAGCTCGAGCAGAACGTCGCGTCGGGCTCCGGCCGCGGGCCGCACACGCCGCAGGAGCGCTGATTCTCGCGCGCCCGACGGATCGCCGCTTCCACGGGGTCGGCGGCGTCGGCAGGGCTCAAAGCCACGATGGCCACGGCGACCGGAGCCGCCGCCGCATCCCGCACGTCGGCCGCACGTAACTCCGCCAGCGCTTCGCGCGTGTACCGCGTCTTGAGCTCGGCGTAGTCGCTGTCCGATAGCTTACCGGTCTCGCGATCAAACTCGATTTCGCGAAGCGCGGCCACGGCACCGTCCAGCTGCTCTTCTGCTCGGCCCGAGCGCTTGGCCCGCGCAGCCTTCACGCGCGCCGCTTCCGTCGCCGCTTTCTTGTCGTCGTCCGCCCGCACTTCGGCCTCACCGCTCAACAGCGGCGAGAGGACCAGCGTGAGGGCGCCAAGAGCCAGCACCGTCCCCAGGACCAGCGGAACGGAGCCTTCCGGCATCGCGACCAGCGACATCAGCGCTCCTCCCGCAAGGCCGCCTGGAGGCGCGCCAATTCATCGGGCGTCGCATCGATCGACGTGTCGATCTCCACCGGCGCCGAGGCACGCTTGGCCGCCGCCACGTCGGCATTCCGACGCCAGCCGCGCAGCAGCGCGCCGATCGCAACGGCACCGAGCGCGATCGCGGCAAACGGCGCAAACCAGGCCAGCAAGTTGAACCCCTGCTTCCGCGGCTGCATGAGGATGAAGTCCCCGTACGTCTGCGTCATCGCGGCCATGATTTCGTCGGCGTTGTAGCCGCCTTCCACCAGCCGCTGAATATCGCCGTGCACCGCTGGGGAGATGCCACAATTGAAATCGGTCGTGCGGCACGTGTAGATGTCGAGCGTGCACGGACACGGACAGGCGAGGTTACGCTCGAACGCTTCGAGTTGCTTCTCGTCCATCTGCTTCACGGCGTTCGACTTGGCCGGTCGCACCACCGGCTTGTACGAATCGGAGGTCATCTCTTCGCCGCCGGGCGCGGTCGCGGCCTGCGGCGTGGCGGCGTCCTGCGCCCACCCCGTACGCGCCAGTACCAGCGACCCGACGGCGATCACGGCAACCGATCCCGCGCGAGAGAGAAACTCCCGGCGTGAGCCGCCCGACGATTCGCGTACCGTGCTCACGCGCCCGCCCCGACCAACGTCATGGTCGACTCCGACGGCAGTTCCGCCACGTAGCCACCTTCACGCTCCGCTCGGACTGCTTGCGGCCACATCACGATCAATCCACCGAACGCCATGATGATGCCGCCGAACCACACCCACCACACCAGCGGGTTGAAGTTGATGTGAATCGCCGCCGTTTCCCGGTCGACCGCTCCGGTGAACACGAGATACACATCTTGCTTCGGCGACTCGAGAATGCCGACTTCGGTGGACGGCTCGAACGTGGGCTCGCCCGCGGCGTTCACGTGCTGACGCTTCTCGCTCGAGAGGATCCCCATGCTCTTGCCGTCGCGCGTGACACTGAACGACGCGGCCACGACCCGACGGTTGAGCTGCTCGAACGACGAGATGCCCTGACTCGTGAACACCCACTCGCTGCCGTACGAATCCTTCGCCTTCACCGACTCGCCAGCCTTGAGCGTGGCCGTGAGGTCCTTCTTGAACATCAGACCGGCGAAGGCGCAGAAGAGAATGACCACGCCGAAGTGCACGATATAGCCGCCGTAGCGACGACGGTTGCGGCCGATCAGGCGCATGGAGGCGCCGAACAAGCCCTCGCCGTACATCCGGCGACGCGCGCCGATGCCCTTGACGAACTCCTGAATGATCGTGCCGAAGACGAAACCGGCCAGCAGGTACGACACCAGCGCATACATCTGGCGCATGCCCATCGCGAACAGCACCGCGAAGGTGACCACGCCGGAGATGACCGGCCAAGTGAACTGCCGCTTGAGATTCGAAATGGATGCGCGACGCCACGCGATCAGCGGGCCGATGCCGGTGAGCGCGAGCAGCAGCAGACCGAGCGGGCCATTGACCGCATTAAAGAACGGCGGACCCACCGTGATCTTGTCGCCCTTCACCCACTCGCTGAGAATCGGGAAGAGCACCCCCCACAGCGTGGCGAAGCAGATACCGACCAGCACGAGGTTGTTGTACAAGAACGCCGCCTCGCGGCTCACCATGCTTTCGAGTTCGGCGTTCGCCTGCAGATCGTTCAGGCGCGTGGACACGAGATACGCGGTGCTGATCGCGGCGACGATGAGGAAGCCGAGGAACCAGTCACCCACGGGCGACTGCGCGAAGGCATGGACGCTCTCGATGATGCCGCTACGCGTGATGAACGTGCCGAGGATCGTGAGCAGGAACGACATCGCCACCAGTGTCACGTTCCACTTGCGCAGCATGCCGCGCTTTTCCTGGATCATGATGCTGTGCAGGAACGCCGTGATCGTGAGCCAGGGCAGGAACGACGAATTCTCGACGGCATCCCAAGCCCAGTAGCCGGCCCAGCCGAGTTCTACGTACGCCCACCACATACCAAGCACGATGCCGATGGTCAGGAA
NZ_CP053085.1_gap72	2582553	2583931	1378	GCAGGCGATTCACGGCCCACGACAGATTCACCGCCGTGGGGCGTGCCGCGATGAGCCGCTCGGCGTAGTTCGCCAACTCCGCCCGCGCGCGATCGCCGTGCCCCTCACTTTCGTGATGGAGCGCCACCGCCAGCCCGATGGCGGCCGCGACGCCGATGGCCGGCGCGCCGCGAACGGCCAGGGTGCGAATGGCGTCGATCACCTCATCGAGCGTGACGAGGTCCCGCATCACCTCGGCGCCGGGGAGGTGACGTTGATCAAGAATGCGGAGCGCGCGATGGTCGGGCGACCATCCGACGGCGAGGAGGGGAAGCACGGGCCAAACGTAGCAGGCCGGAGCGTCGATGCCAGCGTCCCGTGTAGATTTCACGCTCCGCACTTTTCACCCCGCTTTGCACCCGTCCGCCATGTCCTATCAGTTCCTGAGCTTCGACGTCTCCGACCGCATCGCCACGATCACGGTCAACCGTCCGGACAAGCTGAACGCGCTCAACGATGCCACCATCGCCGAGCTCGGGGTGGCCATCGATGAAGCCAACGCGCGCGACGACGTGGGCGCGGTGCTGCTCACGGGAGCGGGCCGTGCGTTCGTGGCGGGCGCGGATATCTCGGAGCTCGAAAGCCAGTCGCCGCTGGAGGCGCAGCGCCGAGCCCGGGCTGGTCAGGTGATCTTCCGGCGCTTCGAGACGAGCCCCAAGCCCACCATCGCGGCCATCAATGGATTCGCCCTCGGCGGCGGCTGTGAGCTGGCGATGGCCTGTCACATGCGCATCGCGAGCGAGAAGGCGAAGCTCGGCCAGCCCGAAGCCAAGCTCGGCATCGTGCCGGGGTACGGTGGCACGCAACGCCTGCCCCGCTTGATCGGACGTGGCGCCGCGCTGCGCCTGCTGCTTACGGGCGACATGATCGACGCGGCCGAAGCGCATCGACTTGGCCTGGTGGATCAGGTCACGACGCCCGACGAGCTGATCACCACCGTGCGCGCCGTACTCACGAGCATGCTGGCCAACGCGCCGCTCGCGATCGCCGGCTGCATCGAGGCGGTGAACCGCGGACAGGATGTCCCGCTTGAAGAGGGGTGCACGATCGAGTCCGACTTCTTCGGCTTGCTCTCCAGCACGGCCGACATGAAGGAAGGGATGCGCGCGTTCCTCGAGAAGCGCCCTCCCCACTTCACCGGGCGCTGATCGCACCGACGACGTGCTCGCCCGCCTGGTCGCCAAGGACTACCGCAATTTCACGCAGCTCGACCTCGAGGTCCCCTCGACCGGGCTCGTGATCATTGGCGAGAACGGTCACGGCAAAACGAACCTGCTTGAAGCCGTCGCGTATCTCGCGTTGCTGCGATCGTTTCGCGGCGCGCGAGACGCTGACGTCG
NZ_CP053085.1_gap73	2602547	2607006	4459	AGCACCATGCCCTCGACGGGAGGGATTTCAGTCCAGCCATAGGCGCTCATCCGTAGGTCCGTCCACCTCACCCGCGCGCCCAAGGCCACGAGAGTGCGGTACGCGTCCGGATAGTCGCCCTGCAATCGAATGGCGACGCGACGCGTGCCCGTCCGGCGCGCCAGATCCGCCAGATTGCCCAGCAACTGCGGCAGACTGCTTCGACGGGCCAGCACGAGCTTGAGGACGCGCAGTTCGTCCCGTGTCCGCCCCTCGACCAGCGGCGCCGTATGGCACACGGCGAAGCCGGTGGGCGCGTCGAGCGGCCCCATCAGAATGGTGTCACCCAGCGTTAAACGATCAGTGAGCTCGAGTTCACGCGTGAAGTCGTACCCCGGCATCACGCGCATCGTGAGCTCGCGGCACGCGGCAATCGCGGCTTCCTTTTCGAGTGCGGACAACCGCGACAGCAGCTCTGGGCCCCGCTCGCCGAGCGCCGCATCAAGCGTGAGCGTGACCGTGAGATGTCCGGGAATGAAGCCGAGATTCGAGTAGAAGCCGATGTTGTCCATCGTGCGTGGCATCGTCTCGAGTCCGATCACCTTCACCGACTGCTGACGCAGCCACCGCATGCCGCTCTGCACGATGATCTTGCCAAGTCCCGCGCCTTGGCTGTCGGGGCGGACGCACAGCGGCCCCATCCAGCCTTCGGTCCCCGAATGGTGGACGATGTTGAACGCGGCGATGCGCCCGCGTTCGTCGCGCCAGCACAACGCACCGTCGCCCGCATCTTCGATCGCGTAGCGCCAGATCGCCGGATTGAGCGGCGGCACGCGCACGCCGGTCATACCGTCCTTCCGATAGCGCTCCGTGAACGCCTCGGCGAACACCTCGTTGAGTTGCGGGATATCCTCGACGGTCGCCACCATCGGCCCCTCGAGCGGACGGGCACTGCGCCAAGTGCGCGACGACACGGTCACGCTTCCGCCAGCGACAGCGTATCGCCACTGCCGGCCCCGAAGAGTTCGGTGTCGAGTGGCTCGTCGACCAACACGGGCGCGCTGGTGTGCACCACACTGCACCCGCGCGTTTCGTCGAAACGCACCAGCAGCACACGATCGAGTCCTTCCCGGACCTGTTCGATGTGCGTAATCACGATGACCTGCTCGAATCGATCATGCAGATGCCGCAGGAGTTCGACCACATTCGCCCGACGTGTTTCGTCGAGTGACCCGAACACTTCGTCGAGAATCAGCAAGGAAAATGCCTGTCCGGCCCGTTCGGCGATCATCTGCGAAATCGCCAGTCGCAGCACGAGATTGCAGAGATCTTCTTCGCCACCCGAGATCACGGGCTTGGGCAGCCCCTCTTCCATCACGAGCACTTTGTACTCTTCGTCGAACTCCAGCGCACTATATCGTCCGTCGGTCAGTCCGTCGAGGAATCCGCTGGCGATTTCGGCCAGTTCCGGGCGCAGCTGGAAGTTGAGATCCGTGCGCAGATCGGTCAGCGCGCGATCGAGCTCATCATGCAGCTGCTTGTCCTTCTCGAGTGCATCGAGTGTTTCCTGCAGACGCGCGAGATCGCGCCGGCCCTGCTCGGCGCTGTCGAGTGCCGCCCGCGCCCGCTCCGCTTCACCCGCTGCGCTGACGGCATCGAGCTCAGCACGGCGGGCCTCGGCGGCGGCGCGCTCATGCGCGTCACGTACGCGCTGATACGACGTGTCATCCATGCCGAGCGCGGTGCGCTGCCGTTCGAGCTCGACGACCTTCGTGCGCGCCGCATCGCGCAACACCGATACGCGCCCGCGCTCGGTGCGCGTGACATCCTCGCGCTCCACGAGCCCGCCCACCCGCGCCGCCTTCGTTTCAAGCTCCTGCAATCGCACCACGTCCTCGCGGAGCGCGCGATGCCGATGCGCATCGTAGCCCAGCGGCAACGCCGCCAGCTGCTCCGTGGCCTGTGCGAGTCGCGCGGCGAGATCGGTTCGCGAGTCGGCCACCTGCGTCGCCTCGACCAGCGCGTTCTGGATCCGCAGCAGCCTCCGCTCGGCGGCGGAGAGCTCCGTCTGCATGGTGCGACGCTGCTCGTCCAACGCCTCGATGGCGGCCGGCACCGCGGCGAGCTGCTCGACGCGCTGGCGGTAGTAGTTGCCATCAATACGCACGGTCTCGATCTGCTCGTTGAGCAGGTCGAGCACGCCCCGATACGACGCGCCGAGCGGCCGCCCGCAGGTCGGGCACGGTGACTCCTCGCCAAGTCCTTCGAGCGTATCACGCTGCTCGGTCAACTCCGAGTACTGGCGTCGGAGGGCTTCGAGACGCGTCTCGGCTTCCTGTCCGTCCCTCGTCCAGGCTTTGCTCTCCGCGTCGAACGTTCGCTCGACCTCGGTCAGTGTGCCACGAAGCGTCGTGATCTGCAGTTGCGTATCACGCTCCAGCGTCGGCGCCGATTCCAGTCGGGCGGCGCGCTCAGCGAGCTTGGCATCTTCCTCGGCCACCGTGCGCACGCGTTCCATGAGCGCCTGCCGACGCGCATCGGCCGCCGCGAGCTGCTCCAACGCTTCCAGTTCGGACCGCAATGAGAGCAGCGGCAGAATGGCATGCCGCAACGGCGCGAGTTCGCGGTGCGCGAGCGCCACGGCATCGAGCTCGCGATCGAGCCGATCGACTTCGCGGGCGAAACCCATCGCCTCGCTCTCGGCCACGCGTAGCTCGGCCAGCAGCTGCTGCATCTGATCTCGCTGCGCCTGGGCATCGAGCCACTGCGGCGCGACGGCGCTCAGCCGCTCGGACGTGCCGACGCGCGCGACTTCGGCTTCCGCTGCGCGCGTGCGCGCGACGGCGAGTCGCGCTTCCGCGTCGGCCACGCCGCGCCAGATGGCATCGGCGTCGGGCATGCCCTGTTTCAGTCCATTGATCTCGGCCATCAGCGCGCGACGACGCTCGCGCGCAATCTCCTGTGCTCCGCTGATGCGGTCGTAACCCAGCACACGCGAGAGAAAGCGGGCCCGCTCCGCCGCACCGAGCGAGGCCATGACATCGAGCTCTTTCTGTCCGGTGAAGTACGTGTGAAAGAACTCGGAGCGCGTCATGCCGAGCCGCCGCTGCAGCAACTCCGTGGCGCCGGTGATCGTGTTGGCGATCGGCACATCGCCGCCGTCGAGAAAGACCTCGGCGTTCGTGAGGCCGCGCATCACCCGATAGCGGTGGCCGGCGAGCTCGAACTCCAGCTCCACCTTCACTGAGGCGCGCGGCGCCGCGCGCGAGAAGCGGATGGAATCGCGTGTGCCGCGCGCCGCCGGTGTGCCGTACAACGACCACGCGATCGCTTCCAGCAGCGTGGACTTGCCGGAGCCGTTGGGGCCGATGATGCCCGTCAGGCCGCGTTCGAATTCGATGCGGGTGTCGGCGTGCTGGCGGAAGTTCTGCAAACGGAGTGAGATCAGTCGCATCCGTCAGCCCTCCAGCACAGGAAGGGCGGCCATGGCCGCGTCTTCGGCCTGCTGCAGATACCGCAGGCCGAGGGAGACCAAGGCCTCGCGATCGACGCCGGGCGGCAACGGCCGCTCGTTGAGGCGCTCCGCGACCAGCTCCGGCAGCGTAGCCCGACGACCCGGTGCGCCTTCGCCCTTGCCGCGACGAGCCAACACTTCCGGCCGTCGCGCGTCGAGATGAAAGTGCGTCGCACGCCGTCGGTACTCACGCAGCGCGTCGTGACTGAGTTCGCGCACGATGTGGCGCGCAATGTTGCGCACCGTCACCCGCACGACGCGATCGTCGATGCCGCCGATCGCACTGTCCACACGCGCGCGCAGCGCGCTGTCGACTTCGGCCGCGCCCATGCCACTCGCATCGATCGGCTCGAGATCGAGTAGCGGGCGCGATGGCGCCACCGGATGAAAGCGATGCGCGCCCGACACCAGATCGTGTTCGATGAACCCCTTGCCCGGGATGCGCTGCTCGCGTTCCTCGCGCAACTCGCCCCAGGGGTTCGAACTCGTGTAGTCGAGTGATCCGCTGTAGTAGGCGCGCGTGGCCACCTCGCGATAGACGTGATAGTGCCCGAGCGCGACGTAACTCCACTGCTCGGCGTGCAGCTCTGCCGGATCGATCTCGATGGCCGCGCGATCGGCCGGGGCCGCGTGCGCGGGCAGCATACCGGCGATCTCACCGTGCAGCAGCAGCACCGTGTGATCGAAGCCTTCGGGGGGCACGAACGGCGGTCGGTCGATGCCGGGAACATCGGGCACCGCCAGTACCGCGAGTGAACGCCCGGCGAAGGTGAACAACTCGGCCTTGGCATCGGCGACATACACACCGATTTCGCGGAACAGCCGCAGGATGCATCCCGTTTCCGACGTGCGCGGCGCATCGTGATTGCCCGCCACCATCACGACCGGGGTGTCGGGGAGTCGATCGCGCAGGGCGGAGAATGTGCGGAAGGCGTGCAGAATGGCGGGGTTCGACGGGCGCACGGT
NZ_CP053085.1_gap74	2615631	2616907	1276	GCCGCGTCGCGACGCCGGTGATCGTCCGCCTCGCGGCAACGATCGTGGCAATGATCGGGGGGAGCGGCCTGCCCGTCCGTCCTTTGGCGGCGACCGGCCGGCCCGCCCGTCGTTCGGTGGTGACCGTGGTCCGCGTCCGGAAGGCCGCGGCGGCCCGCCGCGTGGTGGCAATGACCGTCCACCGCGTGCCGACGAAGAGCGTCGCGCCTTCGGCGACCGTCCCGTGCGTGAGCGCGCGGAAGGTCGGGAGGAGTGGTCGGAGCGTGGGGCGCGCATGCAGAATGCGAGTCGGAAGCCGCGTCCGAACACCGACGCGAATCCTGAAGGGAAACCCGACGGGAGCGTCGAGAGCTGATCATGAGCGGCAGCTTTCAGGTCTCTGGCGGGTGGATGGAGGTCGTCGCTGGCTCGATGTTCAGCGGCAAGACCGAGGAGCTGTTGCGGCGCGTGCGGCGGGCGACGATCGCCCGCAAGCGCGTGCAGGTGTTCAAGTCGCACCTCGACGACCGGTACGCCGGCCTGTGGAATGTCTCCAGCCACGACCGGCGGACCTTCGAGGCGATTCCCGTCGACTCGTCGTCGCAGATTCTGCTGCGTCTCGACCCGATGGCACAGGTGATCGCCATCGACGAGGCGCAGTTCCTCGATGCCGGGATCGTGCAGGTGGCGTCGAGTCTGGCCGACCGTGGCCGGCGGGTCATTCTCGCCGGCATCGACAGCGACTTCCGCGGTGAGCCGTTCGGGCCGATGCCGCAGCTCATGGCGGTCGCGGAAATGGTCGACAAGCTGCACGCGATCTGCGTGCTGTGCGGATCGCCGGCCAGTCGCAATCAACGACTCATCGGCGGCAAGCCCGCGCCGTATGACTCACCCACGATCATGGTGGGCGCGGCCGATTCGTACGAAGCGCGCTGCCGCGCCTGTCACATCGTGCCACGTCCGAACGAAGGACAGCAGCAGCTGCTGTAGTCAGTTGGCCGCGCGCGCGCGGGCCAGGGACATCGCGTCGGCGAGCTGACCGCTGGTGAATGGCTTGCTCACGAAGGGCACACGTCGCGCGTCGATCGCCGCTCGCGCTCCCGGATTGATGCTGTAGCCGCTGACCGCCACCATCGGCAGGAGCGGATACCGGACGGCCACGGTCTCGATCAGCTCGATACCGTTCATGCCCGGCATCGTCAAATCGGTGACCATCACCGAGACGTCGGCGGCGTGCGAGGCCAGGACTTCGAGCGCATGCTGCGCAGACGGTGCCACCACGACCGCGTGCCCCAGT
NZ_CP053085.1_gap75	2617908	2619045	1137	CCGCTGCACGCCCATCAGTGACCGCGCCTGGCTCTGGCCGGTCTGTAGGGCGACGATGGCGGGATGTGTCTCGGGAGGCCACGGCGTACCGTCTTCACGCAACGCGCTCCACTCGCGATCCACCAGCTTGAGTCCCAGCAGTTGTGCGCCCGTCAATCCCAGAATGCGCTCGGCACTGGGGTTGTAGGCGCGAATCGCGCCCGTTTCGTCGTGTACCACGACACCTTCCTGCATGCCGGCAATAACAGCGCGGAAGCGCGCTTCCGACTCGCGCAGCTGTCGTTCGACGCGCACACGATCGGTGATGTCCTGAATGATGATGTGCAACACGCGACGCCCCGCGATCGCGACCACGCCGATGAACGCCTCGACCTGACGCAGCTCACGATTGGCGACGCGATGCTCACGCTGCACGCGCAGCCCGGTTCCCGTAGCGATGGTCGAGGTGGTGTCGCGCCAGTGCTCGAGGGCGACCGCTTCGAGGTCCGTCACGTACATCGCCCGCATCGTGTCACGCGGCCAGCCATAGAACGTTACGGCGGCCGGATTCACGTCGACGATGCGGGCCGTCTCGATGTCGGCGAGCAGCTGTACCGCACCATTGTTCTCGAAAAGCTCGCGATGTCTCGCTTCGCTCTCCTCGAGCGCGAGGCGCTCGAGTTGCCGCGGCGTAATGTCACGCGAGGCGATCGCGACGGTGTCCTCGAGCACGGGTACGAGCTGACGTTGCAGCCAGCGGAGCGGCTGCTCGGCCGTTGGTGCGTGCTGCGTCGTTTCCAACGGCGCGCCGGTGATGAGGACCGAGCAGCACTGTTCCCACAGATTCCAGTCACGGCTGTTCGGGAACATCTCCATCAGCGAATGACCGAGGAGCTCTTCACGCGAACGCTTCACCATGCTGGCGGCCCGGGCGTTCACATCGAGAATCTCGAAGCGATCGATCGTGCCGTCGCCGGTGCGGTGGGCGCGAGCAATGACGAAGGCGTCGAGTCCTGCCTCGATAACGCCGCGAAGTCGACTCTCCGATTCGCGCAACGCCTGTGATGCCTCCGCTTCCTCGGTGACGTTGCGCGCGAGCCCCAGCAGATGGGTCGCAGTGCCGTCGGCATCGCGGATCGCACTCAGGCGCGTTTCGAG
NZ_CP053085.1_gap76	2784850	2788297	3447	GGCGCGAAGCGCTGCGACGTCGAGTGATGCAGTCATGATCGGCTCAGCGGAAACGTCCGCGTTCGGGAGAGAGGAGACATCGGTTTACGGCATGCGACGGGCGCCGCGCGGATCGAGCGCGTCGCGCAAGGCATCGCCGAGCAGATTGAAACCGAGCACCGCGACACCGATTGCCAGGCCCGGTGCGAGACTCGTCCACGGCGCATTGCGCAGCTGCGAGAGATCACGGCCATCGGCGATCATCGCGCCCCAGCTCGGCGTGGGCGGCTGCACACCGAGGCCCAGGAACGACAACGCCGCTTCCGCCATGATCGCGCCGGCGATGCCAAGCGTGGCCGCGATCACGACCGGCGCAATCACATTCGGCAGCACATGGCGCAGCAGGATCCGGCGGTCGCGTGCCCCGAGTGCCCGCATGGCCTGCACGTACTCCAGTTCACGCACTACCAGCACCTGCCCGCGCACCAATCGCGCCATACCGGCCCAGCCCACGACGCCGATCACGGTGCACACCACGGTGAGCGAGGGTTCGAACGCCGCCGCCATTGCGATCAGCAGCAACAACGACGGAAACGCGAGCGTGACGTCGGCCAGCCGCATGATGATCTCTTCCGTCCACTTACCGCGATATCCCGCGACAAGCCCAAGCACGAGACCGATCGACAGCGAAATCCCCTGTGACGCGAGTCCGACCAGCAGCGAAATGCGGGCACCATGCACCAACCGCGACCAGACATCGCGTCCCTGCGCGTCGGTGCCAAGCCAGTGCGCGCCACTCGGCTTCTGCAGCGCGTTGCGGAGGTCGATCTGTATGGGATCGGCGCCGTCGATGAGCGGCGCTAGCAGCGCTGCCACAATCAACAGTGCGATCACGCCAAACCCGAGACGGGCCCGACGATCGTCGCGCAGGCGCGTCCACGCGGCATTTCCCGACGCATTGGCCGCTTCGCTTCCGATGGCGGGCGTCATGCTCACGCCGTGCTCAGTGAGGCACGGATCGCAGCCGACGCCACGCGCGAACCGGAGGCCCTAGACAGCACCTCGGCTGCATCGTCCACGAACCGCTGCCAGTCGTGCTGTCTCGATGCGCGCGCCCTCGCGGCATCGCCCATCGCGTCGTACTCATGGCGGTCCGACATCAACCGGGCCAGCTCGGCGACGATGGCCGGGACATCGGCATCCGACGTTACGAAGCCGGTGATACGCGATGCAACGATCGACGCAAACGACAGCGCGGACGGCACGACGACGGGAATGCCACGCTGCATGGCGGCGATGGTAGCGATGGCGCCCTCGTCGCCGTCGGCGGTGATCCACACGGCCGCGGCCTCAACGTCGTCAGCCAGCAGCAGCGCCTCGAGCGGCGCAATCTGCACGAAGGCGGTGAGCCCGAGCGAGGCTGCATGCACCCGCGTGGACTGCAACGCCGCAAGATCGCCGAGCAGCACGATGCGCAGCGACGGATGCCGACCCACCAGCCTCGCCGCGGCCCGTAGTGCCACGGCGGTACGCTCGTCGTGCTCGGCCGGCGGCACGATCCACAACGCAGTGGGAACGGTCTCACCGGCTGGCGTATCGCCACGCAGGTGCGGTGACGACGGCCCCGGCCAACTCACCGCGATCGGATCGCGACCCCACGACGTGAGGCGCGTGCGCGAGCCGGCCAATCGCGTACGCCACGTGCGCGCGGCAGGATGCCGATCGGGTGCATCCTCACCGACGGCCCACCGTCGGACCACTCCACCACGGCGCCCGGTGGCCAGCGCGGCCAAAAGGGCATCGGGTTCACTCTGCACCAACACCGCATCGGGGCGCAGCGCGGCCACGATCCCGCGTGCACTGCGAATACGCGCAAAGGCGCCCTGACCCGTAATGCCGCGCACCGGCAAGCGCGGGAAGGTGGCTTCGACGGAGCGCTCCAGCGCGCCGTGACTCAGGCACGCCACGGTCACGATGTCACCGCGGGCCGCGAGCTCCGCGCCCAGCGTGATCGGCAGGCGAACGTCAGGCGTCCACGACGCCGCCGTGGTGAGAATGAGAACACGCACGGATCACTCGCTACCGCGATTGAACTGCAAGGCATGCAGACGCGCGTACGCGCCATTCCGTTCCAGCAGATCGGCATGCGTACCCTGCTCCACCAGCTGCCCGCGCTCGAGCACGAGAATGCGATCGGCGTGCTGGATCGTGGCCAGGCGATGGGCGATCACGAACACCGTGCGCCCTTCGAGCAGACGGTCGATTGCCTCCTGCACCAGCCGCTCGCTTTCCACATCGAGTGCCGAAGTGGCCTCGTCGAGAATGAGAATTGGCGGGTCGGACAGGAGCGCCCGCGCGATGGCCAGGCGCTGACGCTGCCCGCCCGACAAGCGTGATCCGCGCTCGCCGAGGTTGGTATCCCAGCCTTCGGGCAGTTCCTGAATGAACGACAGCGCATTGGCCGCGCGAGCCGCGGCGTCGAGCTGCGCCTGCGTGACCTGCGTGCGGCCAAAGGCGACGTTGGCGCGCACGGTGTCGTTGAAGAGCACGGTGTCCTGGCTCACGATACCCGTGAGCGAACGCAACGCGTCGAGCGTGATGTGGCGCAGGTCGACACCGTCGAGCGTGATACGGCCTCTGGTGGGTTCGAGAAAGCGAGGCAACAGGTCGATCAGTGTGCTCTTACCGGCGCCACTCGCGCCCACGAGGGCGACGACTTCACCCTTTCGCGCCGAGAACGACACATCGGACAACGCCGGCGCATCGTCGCCATACGCAAACGTCACGTGCTCGAACTCGAGCGAGGTCGCAAACGTCGGCACGGTGATGGTGCCGCGATCTGCCGCCGTCTCCGTGGGCGAGTCGAGCACCTCGAAAATCCGCTCGGCGCTGGCCAGCGACTGCTGCGCCGCCGCCGGTACCTGCGACAGCTGCTTGAGCGGCTGCAACAGGCGCATCACCCAGATCAGGAACGTCACCAGCAGCGCGCCGTCGAGCGACTTCTCGACCAGCACGAGCCGCGCACCGAACCAGAGAATCGCCACGGCCATCACGGCACCGAGCGTTTCCGTGACCGGGCCCGACATCAGCGCGAGTCGACCGATGCGCACGTAGCCCTTGGCGAACGCCGCATTACGCGTCACGAAACGCTGCTCTTCGCGCACCTCGGCGCCGTAGGATTTGATGAGACGGATGCCGCTCACCACTTCCTGCACCATGCTGGTGATCTCGCCCTGCTCATTGCCCATGCGGCGATGGCCTTTGCGCAATTTGCGCAGCACGGGTTGCAGCGAGAGCACCGTGAGCGGCACGACCACCAGCGACGCCAGCGACAACTTCCACGACACGGCGAACATGATCGCGATGGTGGACACCACCTGTGCGGTACTCCAGATCGACCGGGTCACCAATTCAGTGACGACGGCCTTGGCGTTCGTGGTGTCTGTGAGCATGCGGGAGATCACCTGG
NZ_CP053085.1_gap77	2789309	2793135	3826	AGGAGCCTGAACCTTGAGCTCCTCGAGATGCGCCACCAGCAAATCGCGCTCGTGCATATTGAGCGTTTCGTCGTCCTTCTCGCCCCACCAGTCGGGGAAGCGCGCGGCGATTTCCCCAGGGAAGAGCCCGCTGAACAGCGCGTTGCGCGCGTACGGTGTGGCGGTCGGGAGAATCGAGTAGTAGTGCGTGGTTTCCACATCGTACAGCGGAGCCAGTAGCGGCTCCAGCACGCGCCACTGATCGACCCGTAGGCAGTCGATGACCACGAAGATCGCCTTGCGATCACGCGCCAAGACCGGCATCACGAATTCGGTGACAACGTCTACCGACAGTGGCGGACGGTCGCCTTCGAGCTCACGGAGCCAGCGCGGATACTCGGTGCGCATGAACGTGGCGAACTCGCGATGCATGTCGGGATACAGCCCGCGCAACGACTCGTGCAGCCCCAGCTCGCCGGCCGCGGCGAGATCGACGTCCCACTGCATGAGCTCCGCGAAGCGCTCGATCCAGCCGCGCCAGTCGAGCCCCGCGTAGCGCTCGGACTCGATGGCACGGAACCGTTCCACGAACGCGCGGGCCAACGCCTGCGAGCGAATCAGCGGACCTTCGAGGATGCGCGTGACGACTGTCAGCACCTGTCGCGGGGTGACCGGCTTCACGAGGTAATCGCGGATGTTCACGCCGATCGCTTCCTTGAGCGTCGCGTCCTCTTCGCTCTTGGTGACCATCACGACGGGCATGGTCGGCAGCATCTCGCGGATGTCCTTGTAGGCATCGAGTCCGCGGGTACCGGGCATCTGCTCGTCGAGCAGCACCAGATCGTACGGGCGACGTCGCAGCAGCTCGAGCGCGTCGTCCGCGTTCGTCGCCGTCTCGACGCGATAGCCCTTGTCTCCGAGCAGGAGTCGATGCGGCTCGAGAAGCTCCGCTTCGTCGTCCACCCAGAGAATCGTTTTTGCCATCAGCGCCATCTAGTAAGGTACCTGAGCGGCGGGACTACGGTCCAGCGGGGTCGCCCCGGCTACCGCGCCGCGCCGCGCCGGACGCAATCGGACGCGTTACATTCGGACCGTGCACGCTGAATCCCTTCCCTACGCGCTCGAACCGCTCCGCTTCCCGTTCCCTGCTCTCGCGTCGCTGGCCGGACGCCTGCCGCTGGGTGGCGGACGTGAGGTGGCCCTGGCCGCACTCATGACCGCCCGGTTGGCGCAGGGCGTGATGACCGGCGACGCGCTCCATACCGGTGAGCGGGTCACCCGCGCGGCCGCTGCCAAGGTGTGGCTGGCCTCACTCGCGCTCCCGGCGACGACGCGCGTTCCGTTTGCCCGCTGCGTCGAGTCCACGACCGGCACCTCGCTGCAGGTGGCGGGTGCGATCCGCAGCCTCGTCGCAGCCGCCGGCACGCATCTCGACGGCCCCTCGGTACAGGAACTCGAGAAGCTCGCGCGCCTGCTCGCGGGCTCATGACCCACCGCACCGATATCTCGCCGCTGACCCGCGTCGTGGCGCGCCTCGACCGGGCCAGCGTCGGTGATGTCGACCCGGGTCTCGTCCCCACCCGATTCCCGTCGATCGATCGCGCCATCGGCGGTGGGATGCGCCGCGGCGACCTGATCGTCGTCGGCGGAGACGACAGCGCCGGCTGCTCCGCTCTTGGCCTCGCCATCGCCTTGCGCGTGTCCCCTCGTGCGTTGCTGCTCACCGGTGAAATGCAGGCCGAACGCGCCTACGAGCGCGCCCTCGCGATGGGGGCGAAGGTACCGCTGGAATCGATGCGCCTTGGCGTCGTCAGCGAGGAAGAACGCGCCCGGCTCGCCACCGTCGCGGTTACGCTACGCGACCGGGCGCCGGTCATCGAAACGATCACGTCCGGCACCATGGCCGCCATCGATCGTGCGGTAGAAGCGACGCCCGACGCCTCGTTGGTGGTGGTCGATCCGCTGGAATGCCTGCTGGATCGCGATTCGGGTCGCGACGAAGCACTCGGGTTCGCGGTGCTGTCGCTCAAGCGACTCGCGCTGCGACGCAATGTGGCGGTATTGCTGACGACACACCTGCCGCAGTTGGATCGCGTGCGCCACGATCGCCGTCCCCGTCTCACGGATTTCGGATTGGGCGGAGCGATCGGGACCCACGCCGATCTGGTATGGGGGCTGTATCGCGAAGAGCTGTACGAGGCCGATCTCGGGGTGTCCGGAGCTGCGGAGTTGCTACTGCTGAAGAACCGGGATGGGGCGAGAGGATACATCGATCTGTATTTCGACCAGCGGTACAGCCGGTTCGAGGATGTACTCGAGGAGTGAAGAGGCGGAGGTAGCCTCCCCGCCCTTTTTGACCCACAACCCAGAACCCATTACCTCGAGCCCCCAGCTCGTAGCCCACAGCGGCTGTGAGCTGTTGGCTTGAGGTTTGAGGTACTGGGTGGTGGGTGGTGGGTCACCAGCTCAGAAGACCAGAATTCAAGAACCCACAACCCAGAACCCATTACCTCGAGCCCCCAGCCCATAGCCCACAGCGCCTGTGAGCTGTTGGCTTGGGGTTTGAGGTACTGGGTGGTGGGTGGTGGGTAACTAGGACAGAAGACCAGAATTCAAAAACCCACAACCCAAAACCCACGACCCAAAACCCCCAGCCCATAGCCCACAGCCGCTGTGAGCTGTTGGCTTGGGGTTTGAGGTACTGGGTGGTGGGTTTTGGGTTTTCCGTAACGGGAACCAGCCCACCCAGCAGGGCGGCATTTCAACACCCCACCCCCTCTCGGCATTATTTTCCCCGACATCGATTTGGCAACACCCATATCCGCATTCACGGGGCAGGGCGATGGCAGGACATAGCAAATGGAAGACGATCAAGCGCGCGAAGGCAGCCACCGACAACAAGCGCGGAGCGCTCTTCACGCGACTGATCCGCGAAATCACCATGGCCGCCAAGCTTGGCGGGGGTGATCCGGGCGGCAATCCTCGCCTGCGCACCGCCATCGACAACGCAAAAGCCGTGTCGATGCCCAAGGACAACATCGACCGCGCCATCAAGAAGGGCACGGGCGAACTGGAAGGGGTGGACTACGTCGAAGTGCTCTACGAGGCCTACGGCCCGGGCGGCGTCGCGATCATGATTCAGGCGGTGACCGACAACCCCACGCGCACCGTGGCCGATGTGCGGCACAAGCTGTCGCGCAACCATGGCAACATGGGCTCCAGCAACTCGGTGGCCTATCTGTTCGAGCGGAAGGGGCAGATGTCGGTGTCGGCCGAGGGCGTGAACGAAGACACGCTCATCGAGGCCGCGCTCGAGGCCGGCGCGGACGACGTGGTGCGCGACGATACCGAGTTTACGATCACCACCGAGCCCGGTACGCTGCACGCGACGAAGGAAGGGCTCGAGTCGAAGAAGTACAAAGTGGCCGATGCCGAACTGGCGTGGGTGCCCAAGAGCACCGTCAAGGTGGAAGGCGCGGCGGCCGACCAGCTCATGAAACTGCTCGAAGCGCTCGAAGAGCTCGACGACGTGCAGAAGGTCGACGCGAACTTCGAGATGGACGACGACGCGATGGCCGAGGCGTGAGTCCGTCGCTGGTGCTCGGGATCGATCCGGGCACCGCCGTCACGGGGTACGGTGTGGTCGCGTACGACGGCCGCATCGCCACCCTCGTGGAGTGCGGCGTCATCCGCACGACCGCGAATGACCCGCTGCCCCAGCGTCTACTGGAGATTCACGAAGGCGTCGAGGAGATCCTCGCGCGGCACCGTCCCGACACGATGTCGGTCGAAGACGTGTTCTACGCCAAGAATGTGCGCACGACGATCGTCCTCGGCCACGCGCGCG
NZ_CP053085.1_gap78	2895120	2899910	4790	CGATGTTAGCGTCTCCCTAGATGAAGTCACGAACTCTATTCACGTTCGGATGATCCGGCGCGAAGATAGTGGCAGGTCGTGTACCACGGATGCAGAAGAGTCGTACAAGCTCAATGAATTTGACAGGCTACATTGGATCTCGTAAGACTTCTCGGGAAGCGATCGCTACCGGTCGTGCATGCAGCTTTCTCTGCGAAGCTGTGCCGACCAGGACGCAAGCCCTGGCACGCCCCGTCAACATCTGACGGGCGAAGCTTTGCTTTCGGAGCTTCGGCCCCGCGCCCTTGAGAACGAGCTGTCTCAGGTCCTCTGGACCTGCTGTCAAGTAGCTGCCTGCTCAATCTCGATGGAGTTGAACTACGCCAGCGTGGATGCCCTCAGATTCGGGAGTAGCTGCGCTCGATCGGGTCAACTTCGCCCGCGCGCGCGGCGTACGCCTGCCGCGCGACCCGCTCCGGCCTAAGCGACTGGGAGAAACTCTCCATGGCCACGTTGAACCACACGTTGGCGGACCGCCTCTTGGAGCAGATAGTGCCAGTGCGTCGAGCACCCGGTGAAACTGCTCGGCGCATAGCGCCCTACCCGGGTCATGCGCTAGCTCACTGGGAGCTTCGCTAGGGCACTACATAGCCGTCAGCAGTGCGTCGGCCACCAGCTGCACGGTCAGAGTCTCCAACATCGACATGTCGACCGCGCGCCGCGAATAGCTCTCGAGCACAACGGCGACATACATCCACCCCTCGGTCGTCCACAGATACGTAAACTCTGCGACCCACTCTTGGTCGGACGCCATGACCGTAACGTCACGATCCATCAGATTGGGGGCGATCGAGTGAGGCGATCGCGCGCGCGTGATCCGCGGACCACGCGCGTCGACGCGGACACGCTTACAGTCTCTGCGCTCGCTCCACGCGCTCGAAGTAGCACATTGAGACTTCGAAGTCGTCCGCGCTGACGTCGCGGCAGAGGAGGCAAGCGCCGTAGATCCGATAGATCAGGAGAGAACGACAACTCATCGCGAGAGTCAGAACGGCGTCATCCGTCCATCGGGCGCTCTGGGGTTGCCTTCCCTATAGGTGGGAATCCGCTCAATGACAGACAGCGCACACAACAGAGCATCTCCACAGGCCCGGTCCATCGATGCTTCGGCTCAATGACAAACGCTCATCGACGCCTTGGTACAGCAGTCGGCGGCCTTCGTTAGGTTGATGCGCTCGATCCGTGACATCGCCACCCTGTAGCGGCGCCGTCTCAGCTCGACCTGATTCAACTTGGCACTCTGGCGACTAGTCGCCGACGCAGCCGCATCGCTCGTCGCCATCTGAATCGATGTCTGGAGCAGGGTGACGCGAATCGAGCGATCGCGCTCCGCCTGCTCCATCGAGATGCCCTTCAACGCTACCAGCCGGCCGGCTGCTTGCTCAAACCCTTCGCTGAACTAGCGGCCATGGCTACCTCCCACTCCGTCGCATCCCGGAGAAAAGTGAGTACGGAATGCGGGCAAGCTCACTCACGCGTTCGCTCTACCGAGCGGAACGCCAGAAGAAGTAGCGGTAGGACGTTGTGTACTGCTGATTAAACTGCTTCTGCCCGTAGAGAAACTGCCCGCGAACTCCACCATTGAACAGCGAGTCCGCGCGTTGACGAAACACGACGTCACCTGTTTGCGCGTAGATCCAAGCGTAGCTGTTGACAACCAGATTATTGAGCTCTGGATAGGAATCAGGATCCGTTGAGTTAGGCGGGCAGCCTGGCGCGTACTCCACCGCCTGGCTGGCTACCTTCCACCGGCTCCACATGTAGTCAGCGGACTTCCTTACCTTCGCAAGAATCGCGGGATTTGGACTATGGTGGATATAGGCCTGAATTAGCGATTCGTTGAGCATGCCATCCATGTATGTCAGACCGGCACTTAGAGGTGCGCAGATGATTGGGTATCTCCACGCGCCGTCGGCTGCCTGAAGGCCTAGAACAGTTGAGACAAACGTGGAGATCTCCGCCGCCGTCGCAATTGCTTCGTTTCCGCGGGCCTGCAGACGCCAACTCCAAAGTTGCGCGGCAAGCGTTCGGGCTAAGATTCTAGAGTCGATATCCGGATGGCCAACGATACGAGCGTTATCACGAAAGTAGCGAAGCACTTCGGCGACACGTCCGACGGCGAATCGTGACATTTCATCCCCCGTCAACTGATAGTGCAGCGCGACGCCATCGATCTGCGACCAGTGAGGAGAGGTTCCGTACGCATTCGGCTCAAGATACCCCTTCCGATACGCGAGCACTTGGCGCGTCCCTCGAGTCCAATATTCAGGGTTACCCGTTCGAACCCACTGCGCGTAGTACACTTGCGCGCGATCATAGTAGTTCTGTTCCCATTGGTCGGAGTAAGTCGCCCAATGAAGATCAGCGAATGTCCGAAAGTCTGCGTCATACTTTGACGCAAACGATGAGATTGCGCTCGTACTTTCAACGGATCGCGTCGCGCCGACCAAGTCAGTCTGAACTAGATAGTTCGGATCAGTCGGCAGGATCACTGCATCAGGCATCCCCGGATTATTTACCTGTGGAGGCAGGTCGCCCAAAGTGCGGCTCGATCCCAGAACTATCTCTGCTGCAACGGGTATACCCGAGGCCAGCGCGTATGGAAACTGCAGCAAAATAGAAGTGAGCGATCCATCTGGATGGCGCCCCTGCAATGCCGCGACAAAAATCCGCTGCTCGACTCCACCAACAAACACGCGAACAGCGCTAACGTCAGTGTCCCGTAAAGCGCCGGCCACCAATGGCACTCCGCTCGACACGAGTGCGCTTCCAGAACCAACGGAGATCCGCGTCAGCGCCGCCACAATCCGATTCCCGCCTACTGGCGGAGGAGGCACGACCGTTGCCGACACTGTTACGCTGATCTCGCCCGATGCGCCCAGCTCACTCGAGACGCGAATCTTTGCTTCGCCCGAGGCCAGCGCTGTAATCAGTCCACTCGTCGTAACAGTAGCGACCGATGAACTCAGCGAGCTGTAAGATAAAGTGCTTCCCGTGTCCAGTGGAATTATACGCGCGGTGTCGCCCCTCGTCAGCGCGAATGTCGAGGCCGCAAAGCGAAGTGCCGCAGGTCCGGTTCCTACAATAACGAGGAAGGAGTCGACGGCGGCTGGCGTACGCGCAATGACGTAAACAGCACCATTTGCCAGGCCAGTCACGACCGCGTACTGTCCGCCGTTTGCCTGAGGTACGATCGATGCAATCGCTGGATTCGACGAGCGCCACGATGGCTGCACGGTGCTACGTGACTTGCTCTTCAGCGACGGGGAAACCCAAAGTGTCCTTTGTTCTCCAATTGCTATCGCAGCCTGCTGACGAACCATTGCCGACGCGTCGATGTTGACAGCTTCGGCTTGCGCACTCGCTGGCTCGTTGACAGTCGCTCCATCGGCACATGCACATAGCAGGACGACAGCCGTTAGCTCTAGGATCATCCGGTTGAAACTCCAAAAACGTACCACTTGCCCTCCAGGGCGACTGAGCGGCTCGACTAGCATGGCGACGAGAATCCTTGGTCGCGTTAGCCTCGTAGCTTTGCGTCACCGGCTTTCGCCGGTTTTGCCTTTGCAGGCTCGTTGGGCAGATTTCCACCAGCGGAATTCTGAACCGACCAGAACCACAGGATTGACGGATACCACAGAGGAAGGCAACGAGGCAATCCAATGGTGTGACGGAGATTACGATCGCTGTAACTGTTGCCCCTATTTGCCGATTCGCCGGTCGCCCGCAGCAACTCACCTAGGCTTCAGCACTAGTAAACCGTCCCCCTAAACATCCCGGGCTCCGACTCAGTGTGTCCGCCGTTCTATGCATTTCGGAGGATCCATAGGGTCCAATGACTCTAAGCCTCCAAAAGTCGAGGCGCCACGGTGAAGCCGGCCATAGACAGTTCGCCTTTTTTGAGCACACTTGCCCACTCGAATGAGCTTCGGACACATGTCGTACGGACGGCCCAAGCCGAATGAGTCCATTGTCGGGTCGGTCGGCCGAAGATCTTGATCCGCCTGTCTCGATGTAGCCCGGTCGGCAGGACCTAGAGTCCAGCTAACTTTCGCCGGCAGCGCGCCCTTCGCCAATCGTCTCAGATTCTTGAAAGTGGCGAAGGAGGCAAAGTACCGCGTTCGATTAAAGGGGTCTTCCGGGAATTTAGGGATGGCGGCGTGACATCGGGCGCGCCGCTCGGCATCGTAAACGGCACGGAGGTGAGCCATGACCGAGCCGGTATCGGATGCCCTGCTGAAGCTGCTGGGCGAGTGGGAAGGGTTTGACGTCGAGCGGGTCGAGACGGAGGCAGAGGGCGATGACGTGTTCGGGGCGCCCGCGCCGCGCTTGGTGTTGATGTTGCGCGCGAAGGCCGGTGCCCCGAAGCGATGCAGCCAGTGTGGCGCGATCGTCGAGAAGATTCACGACGTGAGTGAGCGCCGCGTGCGCGACCTGCCGCTCGGCGAGTGGGACACGTGGCTCGTGTTTCCGCGGGCGCGCCTGCAGTGCCCGCGCTGTGGGCCGACCGTCGAGGCGGTGCCCTGGCTCGATCGCTATCAGCGCATGACGACCCGGCTCGCGGAGAAGATCGCGCGGCTCGCGCAGGTGCTGCCGATCAAACAGGTTGCGGCGTGGTTCGGCGTGGGCTGGGACACGGTCAAGCAGATCGATCAGCGCGCGCTCGCGCAGCGCCTTGGCGCGGCCGAGGACCACCTCGATGGGCTGCGACGGATCGCGATTGATGAATTCGCCATTTGCCGGGGGCACCA
NZ_CP053085.1_gap79	2953614	2957161	3547	TCCGATGTCGAGCTGGTTGTCGGCGTACTTCGGGCGCCGCAACTATCTCACCGGCTCGATCACGATTTTCGTGGTCGCCTCCTTCTTCTGCGGCGCCGCGACGTCGCTCTGGGGATTGGTGTTCTGGCGCGTGATTCAAGGGCTCGGCGGCGGCGCACTGCTCTCCACCGCGCAGACCACGCTGTTCGAAGCGTTCCCGCCCCACGAGCGCGGCATCGGCCAGTCGATCTTCGGCGTGGGCGTGATGGTCGGCCCCACCCTCGGCCCGACACTCGGTGGCTACATCGTCGATGCCTACGCGTGGCCGTGGATCTTCTACATCAACGTGCCGCTCGGCATTTTCGCCGGCTATCTCGTGTGGACGTACGTGCGCGACGCGGCACACCAGGTAAAGGCGACCTCGGTGGACGTGCTCGGCATCGTGTTGCTCACGCTGGCCGTTGGTTCACTGCAGTGGATGCTGGAACGCGGCGAACGGTTCGACTGGTTCGAATCGCGCTTCGTAACGGGACTCGCAATCACGAGTGTGGTCTCGGCCGTACTGCTGGTGTGGCGCGAGCTCACGATCGACGAACCGATCATCGACTTCCGCATTCTGAAGTCGCGGCAGGTCGCGCCCGGCGTGATGTTCGCGACCTTTCTTGGTTTGGCGCTGTACGGCTCGGTCTTCGTGCTGCCGGTGTTCCTGCAACAGCTGCACGGTTACACGGCGCAGCAAACCGGCATGGTGATCCTGCCGGGCGCGTTGGCCTCGGCATTCACGATGGCGTTCGTAGGGCGCATCGCGAACAAAGTCGATGCCCGTCCGATGATTGTGGTCGGCGCGTTCCTGTTTCTCGCGTCGATGGTGCAGATGTCACGCCTGACGCTCGACTCCGGGCAGAGCGACCTATTCTGGCCGCTGATCCTGCGCGGCGTGGGGCTGGGGTTCATGTTCGTACCGCTCACCAGCGCCACGGTGTCCGGCCTGCCGATGCGCCTGATCGGCCAAGGCACCGGCATGTTCAACCTCATGCGTCAATTGGGCGGATCGCTGGGTATTGCGATCATGGCGACGATGCTGGCGCGACAAACGGTCGTGCAGAAGCAACTGCTCACCGAACACGTGGGCTCGTACGACCCCACCACGATGGCGCGACTGGGCGGACTGACCCGCAGTCTCGTGGCCCGAGGAATCGATGTGTCGATCGCGAAACAGCAGGCCTTGATGATCATGGACCGCCAGATCGCGACGCAGGCGAGCGTGATTGCATTCTCGCGGATCTATCTGATTTCAGGGATTCTGCTGGTGGCGGCACTGCCGCTGCTGTTGATCTGGAAGACAGGGAAAGCGGCTGCGATCAAGGTGGATTTGCACTGATTGCTTTGGGCTTTGGGCTTTGAGCTGTGGGACGCTGTGGGCTGTCGGCTTGGGGTTTGAGGTGTTGGGTACTGGGTTGTGGGTTTTACGACCCAGGGACCTGTCAGGAATTCTGTGTATGAGTCGTGAGCATCGGGTCACGACGTCGCCACGAGTCGGTCGCCGAAGAGGAGCTTGAGATGTGGGAAGGCCGCGCGCCAGTACTTGTCGGGCTTGGCCTTCCACTTCTTGCCGATGTTGCGCAGCGCGAGATAGAGCAGCTTGCCGGCCGCTTCATCACTCGGGAAGTGGCCGCGGGTCTTGATCACTTTGCGAATCTGCATGTTCAGGCTCTCGATCGCATTCGTGGTGTAGAGCACGCGGCGGATTTCCAGTGGGTAGGCGAGGGCCGGCGCGATGCGCTCCCAGTGCCGCTCCCAGATGGCGACGATCGCTGCGTGGCGCTGCCCAAGCGGACTCTCCGCAAAGCGCTGCAAGGCGAGACGCCCAGCCGCCTCGGTGGGCGCGTGGTAGATCGTCCGCAGCGCCGCCGCGACGAGCGAGAGCTTCCGCTCGGTCCACGACACGTAGTGGAGGCTTTGACGCACGAGATGCACGATGCACTGATGAATCACCGTGTGCGGAAACACCGTCTGCAGCGCGTCTGGGAGCCCCGTCAGGCCATCGATCAGCGCGATCAGGATATCGGCCACGCCACGGCCCTGCAGCTCGCGAAACACGCGGTGCCAGAAGGCGGCGCCCTCGGTTTGCGCGATCCAAAAGCCGAGCACTTCCTTCGTGCCATCCAGCTGCACGCCGAGCGCGAGATACACCGCCTTGTTTTGCACGACGCCTTCGTCGCGGATCTTCACGCGCAGCGCATCGAAGGCGACGGCCACGTACGTCGACTCGAGCGGCCGCTGCTGCCACGTCTCGACTTCGGCCAGCACCTCGCTCGTGATCGTGCTGATCAAGTCGGGCGAGACCGGGATCTGATAGCGCTCCTCGAGAAACGCCTGGAGCTCGCGCGTGCTCAAGCCGCGCGCGTACAGCGTACAGCATCAGCACCGTCTCGTCGAAGCCCGGCAAGCGGCGGGCGCCCTTGGGCACAAACTGGGGCGCAAAACTGCCGTCGCGGTCCCGCGGGATGTCGAGCGCAATCGACCCGCTCTCGGTCAGCAACGACTTCGGGGTAAAGCCATTGCGGGCATTGCCATCCGGCCCGCGCTCCCCGCCCTCGGGATAGCCCAAGTGATGCGTGAGCTCAGCCTTGAGCACCCGCTCCGCCATCGCCTTCTGCAACTGCCGCCAGACCAGCTGGAAGTCGGCGGAGGTCTGCACCCCCCGCCACCAACTGGTCGAGAATCTCGGGCGTCAGCCCTGCGGGCAGCGGCTCCGCCGCCGCCCGTTTCCGTCGAGCCATAACCACCTCCGTCCTACAAGGTTATGACTCATACACAGAATTTCCGACAGGCCCCGACCCAGTACCCAGAACCCAATACCTCAAGCCAACAGCCCACAGCCGCCCGAGCCCGACGAGCCCGCCCTCCCACCCCCGCGCCCACAGCGTCCCGACCGTTAGACTTGGGGTTTCCCCCTCTTGCCCACTAGATGTCGTGATGCCCCTTCCCTCCCGCTCTGACGCGCTGGCGCTGGTCCATGAGTGGACCGCCTCTGAATCCCTCCGCAAGCATATGCTTTCGGTGGAGTGCGCGATGCGGGCTTACGCCACCCGGCTGGGGGAAGACGTCGAGCTGTGGGGGATCACCGGCCTCGTTCACGACTTCGATTACGAGCGATATCCCAACGCTTCGCTCGGGGCGGATGTCGAACATCCGGCAGAGGGCGTACGGGTGCTTCGGGCGGCGGGCTGGCCTGAGGAGCTGTGCGAGGCGGTGCTGGGGCATGCGGAGTACACCGGGGTTCCCCGGGTCACGCTGCTGGCCAAGGCCTTGTTCGCCGTGGACGAGCTCACGGGGTTGATTACCGCGAGCGCGCTGGTGAAGCCCTCCCGAGCCGTGGCAGACGTGGACGTGGCCGGAGTGCGCAAGAAGATGAAGGACAAAGCCTTTGCCCGGGGCGTGAACCGGGACGACATCATTCAGGGGGCCGCCGCCCTCGATGTCCCCCTCGACGAGCATATCGGCATCGTGCTGCAGGCCATGCAGGCGGATGCGGTGCCACTGGGGCTTGCGGGATTGGCGCCCC
NZ_CP053085.1_gap80	3141471	3144578	3107	GTGTGAGTTGCGCGAGGGAGCGAACGGCGTGTCGCGCAGCCTGCTGATTACTGGGGGCGCCGGCTTCATCGGCGGGAACTTCGTGCACTATTGGAGCGCGCGGTATCCCGCCGACGTGGTGATTGTGCTCGACGCGCTCACCTACGCTGGAAATATCGCCACGCTGCGAACACTGATCGACCGCGGGCGTGTGCACTTCGCACATGGTGACATCAACGACATCACGCTGGTCGACGCACTGCTCCGCCAACACGACGTCGACACGGTCGTTCACTTTGCCGCGGAAACGCACGTTGACCGGTCGATCACCGATCCGTCGGCCTTTGTGCGGACCAACGTCCTCGGCACACAGGTGCTGCTCGAAGCCTGCCGGCGCGTCTGGTGCGAGCATGGTGCCTGGCGCGCCGGCGCACGCTTCCATCACGTCTCGACCGATGAGGTCTACGGGTCACTCGACGCCGATGATCCGCCGTTTTCCGAGACGACCCCCGTTGCCCCGAATTCGCCGTACGCCGCGAGCAAGGCAAGCGCCGATCATTTCGTGCGCGCATACGCACACACGTATGGGATGACCGCGTCGATCAGCAACGCCTCGAACAACTACGGGCCGTATCATTTTCCCGAAAAGCTGATTCCGCTCACGATCGTCAATGCGCTGCACGGCGAACGCATTCCCGTGTACGGCGATGGACAGCAGATCCGCGACTGGCTGTACGTGGACGACCATTGCGCTGCGATCGACCTGATCCTGCACAGTCCCCACGGGAGCGTCACCTATAACGTCGGTGGTCGTGCCGAACACCGGAATCTCAGTATCGTGCGCCAACTCTGCGCGCTGCTCGACGAACGGTTCGCGCGTGATGCGTCACTCGCCACGAGCTTTCCGGACTGCCCGGCCTCTCGTGGCGTCGACTGTGCGTCACTGATCACCTTCGTTGACGATCGCCTCGGCCACGACCGCCGCTATGCCGTCGACCCGTCGCGCATCGCAGCGCGCCTCGGCTTCGAGCCTCGCGAGACACTCGCCTCCGGCCTCGCGCGCACGGTTGATTGGTTCCTGACCAACGAAGCCTGGTGGCAACGATAGGCGGTCGAGTTTCAAGGGGTCAGAGTCGTTGAAACTTGACGTTCAACGACTCTGACCCCTTGAAGCCCTACACCCGCGACAACAACACCTCGACCGGCAGTCCACCATTCGCCGTGCGCAACACCGCATCGAACGTGAGGCGTGTCTGCGCGGCCAGCACGCGATCGGGCACCAGAAGCCCAAGCTGCCACGCGCGGCCTCCGGCGCGTACGACGTCGCCCAGTCGGGCGTACAGCGATCGCAGATCAGCGCCATCACTGATGCGGAGTCCGTACGGCGGATTGGTCAGGAGCAAGCCGGCCGTGCCGATCGCATCGAGCGACGTGTCCGACAGCGAGCCCTGTTCGATCACGAGATCCTGCAGCACACCGGCACGCTCCGCGTTGGCCACGGCCGCCTTGCACGCGCCGGCATCGCGGTCGCGCATCACGATCGGTACGCCCATCGAGGGCAGCTGTTCGGCCTTCGCGGCTGTACGGACGCGCGCGTGCATGGGCGCATCGGCACCGGGCCACTGCTCCATCACGAACTCACGACCGAGCCCGGGGGCCATGCGACGGATGCGCAGCGCCGCTTCGATGCCGATCGTGCCCGAGCCGCAGAAGGGGTCCACCAGCGGCATCTGACCGTTCCAATCGCAGGCGGCCAGCATCGCCGCCGCCAGCGTCTCGCGCAGCGGCGCCTTCGCGATGGCCTGACGCCAGCCGCGTCGATGCAGCAGCGCGCCTGAACTGTCGGCGCTGATCGTGCACCGATCGTGGTCGAAGCGCACCACGATCAGCTGCGTGTTGCCGTCGTCGTCCTCCTCGTCATCCCTGGCCCGACCGAGCGCCTGCGCGCCCTTGATGCTGTTGGTGATGCCGCGCGCCACGCGTTCGGCCACCGCATCCGAGTGATAGAGCCGCGACTTGCGACAGGTCACGCGCAGTCGCACGGCCGCGCCGGGCGACAACACCTGATGCCAAGGCACGCGCGCCGCCATCTTCTCGAGCGTCGCAAAGTCGCGCGCCTCGAACTCTGCCAGACGCACCAGCACGCGGCTCGCCAATCGCGACCACAGGTTCACCGTGAACAGCTGCTCGGCGGTGGCATTGAAGGACACGCCGGCCGGACTGACATCGCGGGGCGTGACCCCCAGCGCGACGCATTCGGCCGCCACCAGCGGGGCCAGCCCAGGGGCGGCAATCGCAAACGCATCAAAGCCCGACGGAAGCTCCGTGGGGATCGGCGTGGTGTTCGGACGGGTGGCGCGAGCCGGTCGGGCCGGTCGCGCGGGGATGTAGTTGTCGGGCTTATGCGGCTTTGACACTCATTTCGCGACGCCGGAGTGTGGGGTAGGGCGTCCGGGCACCTCGGGCGAGCAGCAGATGCCAGAAGTCTTCGGCATCCAGCGGCGGCGCGAACAGGTAGCCCTGTCCGAGCTCGCAACCGAGGGTGAGCAGGTGGCCGCGTTGCGCCTCCGTTTCGATACCCTCAGCCACGGTATTCATCCGCAACGTCTCTCCAAGTGCCACGATCGCGCTGGCCAGGACCGGTCCTTCGCCTCCCTTATCGATGACATCCACGAACGCCTTATCGATCTTCAGGATGTCGATCGGATAGCGCTGCAGATAACTGAGGGAAGAATAACCTGTCCCGAAGTCGTCGATGGCCAGCGAAATCCCGAGCGCCTTCAGCGCGTTCAAACGCGACATCGACAGCTCGGTGTTGTGCATCAGCATGCTCTCGGTGATCTCCAGCACGAGCTGGGCGGCCGCTAGCCCGGAATCCGCCAGTGCCTGTCGGACATCCTCGACGATCCCGGGCTCCTGCAACTGACGCCCGGAGAGGTTTACCGTGATCCGCACCGGCAAGCCGCGCTCGTCGGTCCAGCGCTTCGCCTCACGGCACGCCCGGCGCAACACCCAGCGACCGATCGGTACGATCAGTCCCGTCTCTTCGGCAATCGGGATGAACAGGCCAGGCGGGACGGTGCCGCGATCGCGACACATCCAGCGCACCAGCGCCTCGGCGCCGATGA
NZ_CP053085.1_gap81	3204257	3206144	1887	CGTCGCCGCTGCGGATAGCGCGCACGGCGGGGACGCGGCTGCCGCTGAAGGCGAGCATGCTGCGCCGGCTGAAGGTGGCAAGGAGGGCGGAGCCGCCGAGGCCGCGATCCACGTGCTCGACAACATGGTGCTGAATCCGGCTGGCAGTGGTGGCTCGCGCTACCTCCTGCTCACCGTCGCGATCGAAGTCGGCTCGCCCGCCGCGATCGAGAGCTTCAAAGCACGCGACGCCGAACTGCGCGACATCGTGCTGACCACACTGGGCACGAAGCCCGTCGAGCAGCTCACCGATATGGCCACGCGCGAACAGTTCAAGGTCGAAATCATGAAGGCCGTGGACGAGCGCTTCGGCAAGAAGTCGGTGAAGCGCATCTACTTCCCGCAGTTCGTCGTTCAGTAAGTCACGCCGCACCGACCACCCGATGAGCTCAGAAACTCTCAGCCAGCACGACATCGATCGCCTCCTCGGCGGCGGCTCGCGCCAGTCGCCCACGGCGGCGGCGGCGATGGACGTGCAGGTGTACGACTTCCGTCGTCCGCACCGCGTCTCGAAGGAACGCCTGCGCACGCTCGAAGCGATGTACGAGCGGCTGGTAAAGGGCCTGGAAGCGTGGCTCATCTCGCGTGTGCGCGGACAGATCGAAGTCCGGCTGCAAAGCGTCGAGCAGTTCTCTTTCGGTGAGTTCACGCTCTCGCTGCCGATGCCCTGCTCGTCGTTCATCTTCGACATCACGGGCACGGGGCAGAAGGGCGTCATCGACGTCGGCCCCGAGTTCAGCACCTACATCATCGATCGCCTGTTCGGTGGCGAGGGGACGGGCAGCGCGCTCACGCGTGCGCTTACCCCCATCGAGCGAATGGCCGTCCGGTCGGTCGCCGACAAGGTCAGCGGTCTCCTTCAGGAGATCTGGCAGGACCATGTCTCGATGGACCTCAACATCACGGGCTTCGAGTCGTCGCCCGAAATCCTGCAGGTCGTCAACCGCGAAGATCCCGTGCTCGTGGCGAACGTCGAGTTCACCACCGGCAACGTGAGCAGCCTGTTGCTCATCTGCCTGCCCTTCTCGGTGCTCGACAAGTTCTTCACGTCGAGCGGCCAGCAGCGCAATGCCTTGCTCACCACCAGCGATCAGGAACGCGAGACCACACGTCAGCGCAGCGAGTCGGCGCTTCGCGCCACGAAGGTGCCGCTCACGGCGCGCCTTCCTGACTTCCAGCTCTCCATGCGTGACATCGCCGGCATTACCGAAGGCACCATCATCCCCACCGGCATTCCGACCGACGCGCGCGTCATCGTGCGCGCCGGTACGCAGGAACGCTTCATCGGCCATCCCGGCCGCGTAAGCGGAAATCTCGCGGTGCGCATCCTCGATGCCGTACCCAGCGCCACGACCTCAGACTCACGGACGACCTCCGCATGAATCCCGCCGAAATCGACGCGCTCGTCGCCAGCGCGCAGGCCGCCAAGGCGGCCGGTCAGCCCATCTCGTCGCTCATGGACGAATCGGCTACGCCCTCCGCGGCGCCGGTACGCGCGCCGCAGCTCACCGAGTTCGAACAGACGATGATGAGCACCACGGAGGTGCCGATCGGCATGCTTCTGGATCTCACCCTCCCCGTCTCCATCGAGCTGGGTCGTACCTCGATGACGGTGCAGGAAATTCTGCGCCTCGGTCGTGGCTCCGTGATTCAGCTCGATCGCCTCGCCGGCGAGCCGATCGACATCTATGTCGGTGACCGCCGCTTCGCTGAAGGCGAAGTCGTGGTGCTCGGCGAACACTTCGGCGTGCGCATTACGCGCGTGCTGGCCAATCCGGCCGCCTCCAGCGCTGCCAACGCAGCCTGAGACCTGACATGCTGACCGCTGCACTTGGTGTCATCGCTGCT
NZ_CP053085.1_gap82	3208983	3213738	4755	GGCGTGATGAAGACCCGCATGCAGCCGATCGGCAATATCTGGAGCAAGCTCCCGCGCGTCGTGCGCGATCTCGCGGTCACCTGCAGCAAGCAGGTCACGATCCAGATGGAAGGCGCCGAAACGGAACTCGACAAGACCATCATCGAGGCGATCAAGGATCCGCTCACGCATATCGTGCGCAACTCGATCGATCACGGTATCGAGTCTCCCCGCGACCGCGTGCTCAATGACAAGAGCCCGGAAGGCCGCCTCTTGCTGCGCGCCTTTCACGAAGGTGGACAGGTCAACATCGAGATCACGGATGACGGCAAGGGCATCGATCCCGTACGCCTTCGCGCCGCCGCCGTCGACAAGGGTGTCTTGACCGCTGAAGCGGCCGCCAGGCTCTCCGATCGCGAAGCACTGCATCTCATCTTCGCGCCCGGCTTCTCCACGGCTGCCAAGGTGACGAACGTGTCGGGCCGCGGTGTCGGCATGGACGTCGTCAAGACAAACATCGAGAAGATCGGCGGCACGGTCGACGTCACCAGCACCGTCGGCGTCGGTACGACACTGCGCATCAAGATTCCGCTCACGCTGGCGATCATCCCCGGTCTGATCATCACCTCCGGGGCCGAACGGTTCGCGATTCCGCAGGTCAGCCTGCTCGAGCTCGTGCGCATGGAGCACGAGGAGGCGAAGACGCGCATCGAGATGATCTACGACTCGCCGGTCTATCGCCTCCGCGGCAAGCTCCTGCCGCTCGTCCATCTCAACCGCACCCTCGGACTGGCGCGCACCCCCTGGCCGAACGAGCCGGGCGCGCCCGATGTGGCGACCAGCATCGTCGTGCTGCAAACCGACGGCGTCCCCTTCGGCCTGGTCGTGGACCATATCAACGACACCGAGGAAATCGTGGTGAAGCCACTCGGCAAGCAGCTCAAAGGTATCTCCAGCTTTGCCGGTGCCACCATCATGGGAGACGGCCGGGTCGCGCTGATACTCGACGTGCATGGACTCGCACAACGGGCCGGCGTCCTCGCCACCGATCGTGACCGCCACGCCGCCGAACAACGCACGGAACAGCGTGCCGCCGGCGAACCGATGCAGACGCTGCTGGTGTTCTCCAGCGGCGGCGATCACCGCATGGCGCTGCCGTTGTCGGAAATCGCGCGTTTGGAAGAGTTCGAACCGACACTGGTGGAACGCACCGGCCGGTATGACGTCGTGCAGTACCGCGATCAGATCATGCCGCTGGTGCGCCTCGGCAACGTGCTCGAGGGCGTCAGCTCCAACGCCGCCGCTGACGACATGATGCAGGTCATCGTCGTGTCGCACAACGAGCAGTATGTCGGCCTCGTGGTCGACCGGATCGTCGACATCGTCGAAACGACCGTGTCTGTCCAGCAGCGTCGCCGCCCCGGCACCGTGCTCGGTTCAGCGGTCATCCAGAACAAGGTCACCGACATCCTCGATATCCGACGCTTGGTGCAGGACGTGGATGAAGAGTTCCTCGCCATCGCACCGACAGGAGGCTTCGCGCTCCATGGCTGATGCAACGCAGTACTGCACCTTCTGGGTGGACACACTCTATCTCGGCATCGACGTGCACTCCGTTCAGGAAGTGATGCGCACCCTCGAGATGACGCCGGTGCCGCTGGCCTCGGCCTCCGTGGTCGGTCTGATCAATCTGCGTGGACAGATTGTCACCGCGATCGATCTGCGTCGGCGCCTTGGCCTGCCGCCGCGTCCCGACGATCAGGAACCGATGAACGTCGTCATGCGCACCGACGACGGCGCCGTCAGCCTTGTCGTCGACGAGATAGGTGATGTCATCGAGGTCAGCAACGACACGTTCGAACGTGTCCCGGATACGATGCAAGGCGAACACCGCGCGCTGATCCGCGGCGTCTACAAACTGAACAAACAGCTCCTGCTGATTCTGGACGGCGCCAAAACGGCGCTCCCGGAGCTGTCCTACGCCGCCAACTGACGTTCTCTGCCCCTCCCTCTCGTACAGGAACTCCGCACATGACGCCCGCTACGACCACCAAGCGCTCCACCCGCGGCCGCACCAACGGCACCGGCGCAACACCGACTGCCGATCTGGCGCCCGCGAGTGTGAACCACGCGCAGGCGGTTGTCGACGCCATGTCACGTTCGCAGGCGATGATCGAGTTCGATCTCGACGGCACGATTCTCCACGCGAATGACCTCTTCTGCAAGACGATGGGCTATCGGCCCGACGATGTGGAGGGGCAGCATCATCGTATCTTCGTCGATCCGGTGTACGCAGCGGGCGCAGATTACGCCAAGTTCTGGAGCGACCTGCGGACCGGACAACCGTTCGTCGCCGAGTTCACGCGTCGGCGCCGTGACGGCAGCGACGTCATGCTGCACGCGAGCTATATGCCCGTACTCGACGACAGCGGCCGCCCGATCAAAGTCGTCAAGGTCGCCACCGACATTACCGCGACCAAGACGCGTGATGCGGACCTCTCGGGTCGCCTCGACGCGCTCAATCGCGTGCAAGCCGTCATCGAGTTCACGGTCGACGGTACCATTCTGCATGCAAACGACAACTTCCTGGCGACGCTCGGATACCGCCAGGATGAGATCGTGGGTAAGCACCACCGCATGTTCATCGAGCCCGCCTATGCGGCCAGTGCCGAGTATGCGCAGTTCTGGGCTAAGCTCGGCGCCGGCGAATTCCAGAAGGCCGAGTACAAGCGTCTCGGCAAGGGCGGCAAGGAAGTCTGGATCGAGGCCTCGTACAACCCGATCTTCGATCCGAAGGGCCGAGTGGTCAAGGTCGTGAAATTTGCGATCGACGTCACGCAGCAGAAGCTCAAAACCGTGGAAGCCGAAGGACAGCTTCTCGCCATCAGCCGTGCACAGGCGGTCATCGAGTTCAATCTCGACGGCACGATCATTACGGCGAACGACAACTTCCTGAACGCGCTCGGCTACCGGCTCGAGGAAATCCGCGGGCAGCACCACCGGATGTTCATCGATCCGGCCTACGCATCGTCTAGCGAATACCACACGTTCTGGGCCGACCTCAACGCCGGCAAGTTTCAGCAGGCCGAGTACAAGCGCTTCGGCAAGGGTGGCCGTGTCGTGTGGATCAACGCCAGCTACAACCCCATTTTCGATCTCAACGGTAAGCCGTTCAAGGTCGTGAAGTACGCCACCGATGTGAACGAGCAGAAGCAGTTACTCGCACTCGTCAGCAACAGCGCGAGTTCGCTGGCCAGTGCCGCGGAAGAGCTCACGGCGTCGAGCCACACGATGAGTGCGACCGCAGAAGAGACGAGCGCTCAGGCCAACGTGGTCTCGGCCGCCTCCGAGCAGGTCAGCCGCAATGTGTCGACGGTGGCCACCGGCACTGAGGAGATGAGCGCCAGCATCCGCGAGATCGCGTCGAACGCTGCCGAGGCGTCGAAGGTGGCAAGCCACGCGGTCAAGGTTGCCGAAACGACCAACGACACGGTGGCGAAGCTCGGCGTGTCGAGCGCCGAGATCGGCAAGGTGATCAAGGTCATCACCTCGATTGCCCAGCAGACCAACCTGCTCGCCCTCAACGCCACGATCGAAGCGGCGCGCGCCGGCGAAGCCGGCAAGGGATTCGCGGTCGTCGCCAACGAAGTGAAGGAGCTGGCCAAGGAGACCGCGAAGGCCACCGAAGACATCAGCCAGAAGATCGAAGCAATCCAGAAAGACACCAGCGGAGCCGTGTCGGCGATCCGTGAGATCTCGCAGATCATCGACAAGATCGCCGAGATCCAGACGACGATCGCGAGCGCGGTGGAAGAGCAGACGGCCACCACGAACGAGATGGGACGCAACGTCACCGAAGCCGCCAAGGGCTCGTCGGAGATCGCCGAGAACATCACCGGTGTCGCACAGGCGGCGATTGCCACCTCGCAGGGCGCGGCCGACTCGCTCCATGCCTCGTCGGAGTTGGCCCGCATGGCCGCTGAGCTGCAGAGTGTCGTGAGCCGGTTTCAGTTCTGATGCGAGCCCTCATCGTCGATGATTCGCGCGCGATGCGTGCCGTGATCGGCAAGATGGTCAGTGAGATGGGTGTCACGACCACCTTCGCCGCCAACGGCCGCGACGCCATCGATCAGTTGAACGCGCTCGGCAAGCCCGACTTTGCACTGGTCGACTGGAACATGCCCGAGATGAACGGCTTCGAGTTTCTCGTGGCCGTCCGTGCCGATCCGCGCTACGCCGATCTGCCGCTGGTGATGGTCACCACCGAGACCGAGATGAGCCAGGTCGTGAAGGCGCTCGAACACGGCGCGAACGAATACGTGATGAAGCCGTTCACCGCGGATATCCTCCGCGACAAGCTGGACATGCTCGGACTCGTTCCGGCGGTCTGAGCATGCGTCGCATTCGCGTGCTGGTGGTGGATGATTCCGTCGTCGTACGTCGGCTCGTGACCGACGTACTCAGCGGCGATCCTGACATCGAAGTGGTCGGGATCGCCGCGAACGGCCGCATCGCGCTGCAGAAGATCGCGCAGCTCGCGCCGGACCTGGTCACGCTCGACATCGAGATGCCGGAGATGGACGGCCTCACGACCATCTCCGAGATCCGGAAGACGTGGACGCGCTTGCCGGTGATCATGTTCAGCACGCTCACCGCGCGCGGTGCCGAAGCGACCCTGGAGGCATTGTCACGCGGTGCCACGGATTATGTCACCAAGCCCGCCAACGTCGGCAGCGTCACGGTCGCGCAGCAGCGGATACGCGACGACCTCATCCC
NZ_CP053085.1_gap83	3340067	3343087	3020	GGTTTGGTCACGTGATGGGACACCGGCCGCATACAGAAAGGTTGGAATCTGTAAGGGTATAGGAGGGACGGCTGCGCAGCAATCGACCGGCACCAATGGTAGGCCACAAGGTCGACAACCGCTGATGGCCGCCTCGCAGGCCCCCGTACTGCTTACACCATAAAAGTGCCTTTCGGCACGTCCAGATGACGGATTACCGTGTCCGAACGCGCACCCGCATCACAGCCGACGCGAGGCACAGGGTCGCCACCCCCGTGAGCCACAGTGCGATGTCGGGCGCGACGGCAGGCAGTTCCGACCACCTGACCCCGAAGAGCCGCGGCGGTACGATCACCATCGCCGCACCCGCGACCACGTCCAACGCCGCCAATAGTCGGGCTCGGCTTCGGGAGGGGCGCTCGGGAGCACGACGTAAGCGCCACAGGCCGCGAATGGATCACGAGAAGGCCCAACAGGATGACCGTCAACGCCAGCCAGCGCGTCCGATGCTGGGAGGTCGGTGGCGGCAGCGGGGTACCCACGAGGTAGGCAGCGATGTCGTCTGCCAACCGATGGCTGGTCGGCGCGAGCGGGATTGGGAGTCCCGTCGACGCATTCGTGAGTACGACGACGCCCCACTTTGAATCGGGCAGCATCACCATCTTGCCGCGGAAGTTCGGCGTAATGCCGCCGTGATGGACGGCGCGGACTCCACCGATCTGTCCGTCGCGCCACCCGAAGGCATACGAGAAGCCTTCGGACGGGGCGCCGCCGGTATGCATCGCCGCCACCGACGCCGCGCTCACCACCCGCGTGCCGTCGTACACGCCCTCCTCGAGTTGCGCGATCAGGAACTGCGCCATGTCCTGCGCGCTGCTGATCAGCGCCGCCGTAGGCAGGCGATCGTGCTCGAAGGGGAGGGTGGTCTCGCGCGGATAGCCGAGCACATACACGTGTCCCTGCGCCATGCCCTGCGCAATGGCGCGCGTCCGATCGGTGTGACTGTGACTCATCTGCAGCGCCTCGAAGATCCGTCGCTCGACATAGTGCGCGTACGTCTCTCCAGTCACCGCCTCTATCACGGCGCTGAGCACGAGATAGTTCGGGCTCGCGTACTCGTGTGCCACACCCGGCGCCCGCGCTAACGAGGTCCGGGCCAACGCGCGAACGTGATCAGTCAGGCTGCGCGACTCGCCCGAAGCCCGCGTCGCACGCGTAGGAATGCCGCTCGTATGCAAGAGCAGGTGGCGCACCGTGATCTGCCCGCTGGCCGTACTGTCGGCTACGCGAAACCACGGCAGATAGCGCTGTACCGGCGCATCCAGCTCCACGCGCCCGCTGTCCACCAACTGCATGATCGCGAGCGCCGTGAACGCCTTGCTCATCGATCCGAGCGTGAAGATGGTGTTCGGCGACACCGGGCGACCGTAGCCATCCGTGCCAAACCCGCGAACATGCACCACGTGCCCATCATGCACGATCGCCACCGACGCGCCGGGCAATCGGTCGGCTCGCATGACCTGCGTCACGAACGAGTCAATCGCAGCAAAATCCGGAGTGGACTGCGCGTCGAGCGGGTGATTCGACAGCATCAGCGCACTCACGAGGACGGCCACGGGATAGCGGGTCATCCGCTCCCGTACGGCGATACCGGTGTCCGGGTTCCGGTTGGTCGGCCGCGGGCCATCCGTTGGGACAACAACGGAAACGGACTGTTCCTGACTGACACGGATACGAACCGGTAGGAACCGATATCAACAGATCAAACAGCAAAGACATTCTTGATAATGCCGACGCCGGTCGCGCAGTCGGGGCAGATCCATGGCGTCCGTTCGTATCGGTTCGTATCCGTGTCAGGCAGGAACCGTTTGTTTCCATTCCGATCCGTCACCACGACAACACGGACCTATCCGTCGCGCAACGCCAGCGACCGCGATCCCGTCACCGTGACCAAGGCCATGCGGCGCAGATGCACCGAATCCGCCGCCGCCACGTAGGCCGACGTCTGCGCCGTCGACACGAGCGCCCGCGTGAGTTGGGCCAGCCCGCCGCAGACGTAGCGGTTGCACAGATTCGACCGCAGCGCCCGCGGCAGATTGCACCCGGCCGTCGTGTGAAACACACACGAGCCCCGGTAATGACGGGTCGGCAGGTGCGAGGCATATCGTTCTTCCAGCGACTCGGGCGTCACCGTTTCGCCGTCGTCCGTGAGCTGGGCCCGTACCCGCATGATGCTGTCAGCGTGCAGAAAGCCATGCGTCCCGCCCGCCGTGCAGCACTCGCCGCGGCAGGTCCCGCAGCTCGCGCCGATGATATCGGGCATCGCCGGGATCGACTCCGGCAGCGCCCAGCCGGCGTCTTCGCGCGCCTGCGTCGCTTCCGCACTCATCGGCGCACTGTTGTCCCGCACCGCCTCGCCGAATGCCTCGGCGATCGTGCCGCGCAGCTTCTCCAGAAACGCGTCGTGCGACTCCTCGGGGAGTTCGGTCGTGTTACGCGAGTTCGCCGGCAGCAGGATCACCGGCAGCTCCGGCAAGCCGTATTCCGCGCGGTCGGCGAGGGCGAGCTGTTCGGCCTGCGTGGTGAGACGAGCATTCCGGGCCCGCTGGGCCGCGATCGGACTTTCGCGCGAAGACATCTCGCAAACTACCCGGCACGGATCGAGCGCCGATATGGTTGATTCTGCCATATGTCGAAATCCCGCTGGACCATCCCCGTCGGCGCCATCCTCGTTCACCTGGGCATCGGCTCAGTGTACGCCTGGAGCACGCTCAACCGCCCGATCATTGCCGCGCTTCCCCCGCAGCCGTGGTGGGGGAGCCCGCCGTATACCACGTTCACCGCCGCGCTCGTGCTGCTCGGCCTGAGCGCGGCCACGATGGGACCGTGGGTCGAGCGGCGTGGCGCGCGGGTCGCGGCGAAAACGTCGGCCCTGTTCTTCGCGGGTGGGCTCGCGCTTGGCGGCCTTGGCCTGCTCTGGCAGCAGCCGCTGCTGCTTTTTCTCGGGCTCGGCATCCTCTGCGGGATCGGCTGCGGGATCG
NZ_CP053085.1_gap84	3344840	3349123	4283	ACGTGCCGCTGGCCGACCTCGCAGCGCTGGGTGAGCGTGAACTCAAGCTCGCGCAGGATCGATTCCGCGCCGCCGCACTGCGATTGGCGCCCGGTGCCGATCCGCAGGCCACGTGGCTCACGATTCGCCGCAATCATCCGAAGCGCGGCGAGGTGGTAGCGGCCGCGCAGGCCGTCGTCGATTCACTTACACGCTTCATCGCGACCAAGAATCTGGCCGTGGTGCCTGAGGGCGAGCACGTCGTGGTCAAACCGGCGCAACCGTTCTCGCTGGGCTTCGCCTCGATGCACGCGTCACCGCCGCTCGAGAAAACGCCGGTGCAGAGCGTCTTTTACATCACGGACGCCGACTCGGCCGATGCCCCCGCGCAGCAGGAAGCGTGGCTCGAACGCTTCAACTTTGCGTCACTCGCCATCACGTCGGCGCATGAAGCGATGCCGGGGCATTGGTTGCACTCGGTGCACATGCGGCAAACGCCGGGCAAGATCCGGCGCATCTGGATCGGACTGAATCCGTTTCCGCAGCCATCGTCAGGTCAGGACGGCTGGGCGCACTACTCGGAAGAACTGGTGGTCGAGCAAGGCTTCATGAACGGCGACCCGCGCTACGAGTTGGCCCAGCTCAGCGATGCCCTCACGCGCATCTGTCGACTGTTGTCGGGTATCCGCCTGCACACCGGCGAATGGACGCTCGAACAGGCGCAGGCCTGCTTTGAGCAACAGGCGTACGTGGCCGCTCCCGCCGCCAAGCGCGAAGCGCAGCGCGGCACCTACGACCCGACCTACGGCGGCTATTTCCTGGGCAAGCGCGGCATGCTCACGTTGCGGCGCGACGTGAAGGCGGCGCAGGGCGACCAATTCAACCTTCGCGATTTTCACGAACGCGTCATGAAGAACGGCATCGCGCCGATCTGGGCGCACCGGCAGCTCTTGATGCCGGGTGACACCTCACGGGTAATTCAGTGACCGCCAGTAACGACATCGTTCGTGTTGGAGTCCTTGGCGCCGGTGCCTGGGCACAGTTCGCGCACCTGCCTGGTTGGAAGCGCGATCCGCGCTGCACCATTGTCGCGATCGCCGATCCGATCGTCGAGCGCGCCCGCGAGTTCGCGGCGCAGTTCGAAATTCCGAACGTGTATGCCACGCATGAAGAGCTGATTGCGCGTACCGATATCGATGTGGTCGACGTGTGCACGCCCAGCGCGACGCACTTCTCGCTGAGTTGCGCGGCGCTCGAAGCCGGCAAGCATGTGCTGTGCGAGAAGCCAGTGGCCTATGATTTCACCGAGACGCGACGGGCGGCGGCGTTGGCCGCCAGCAAAGGTCTGAAGACCAAGCTCGGATTCACCTTTCGCTACTCGCCGGCGATGCGCTACATGAAAGCGCTGATCGACGAGGGCTATATCGGCACGCCGTTCATCTTCAACGGCTACGAACAGAATTCGCAGTGGCTCGATCCACAAACGCCGCTGCGTCAGGTCGACCATGAGGCCGACCAGACCGAGATTCACGTGTCGTCGCTGGAAGGGTACGGCGCGCCGATCATGGACATCGGCCATCTCTTCATGGGCAGTCGCTTCAAGTCGGTCGTCGGCACGATGAAGAACTTCATCCCCGAGCGCATGGTGCGTGCGACCGGCACGATGATGCGCATGAATATCGACGATGGCGACATATTTATCGGCGAGTTCGACAACGGCGGCATTGGCTCCATTCAAACCAGCTTCGTAACCGTGGGGAATTATCCCGGCATCGAAGCGCGCGTGTACGGCAGCAAAGGCGCACTGATCTGCCGTCTGGTGGAAGAGAACGGCATCTGTGAAACGCTGAAAGGGGCGACGGCCGACTCGGTCGAGTTCAAGGAGCTCGAGATTCCGCAGCGCTTCTACCCCGCGGGCGGCAGTGCGCGTGAATCGTGGCGCTCGCTGTTCTACGCGAATCTCATCGGCTCGTTCATCTCCGAGATCCGCGGTGAAGTGGAAGGCAACGAAGGCAATTTCGAAGATGGTGCGCACGTGCAGGAGCTCATCAACGCCGTCGAGCGCTCGTTCCGTGAGCGACGCTGGGTGAACATTCCGCTCGAACAGCCTCCAGTCGCGGGATCGGCATCCTGAGCCACGACACGACCGTCGCACTCGATCGTTTTCTCTCGCACTACTTCGAGCGACACCCTGTGAACGCTACGTTCACCGGGCTGCACACGCATGACCATCGTCTCCCCGATTGGTCGCGCGATGCGCGAGACACCGAAGTGGCCGAGCTGGCCGAGCTGCACGACGCACTCTTCAGCACGTCACCGCGCCGCGGCGACAACGCCCTCGCCACCGATATCGATGCCGTCGACGCCGAGTTGGCGCGCGCCAACATCGACGTCCGCATTCTCGAGACGCAGAGCCGTTTCTTCCACGACCGGAATCCCGTGCTCTGGACCGGCGAGGCGATCTTCAGCGTCGTATCGCTGTTGCTGCGTCCCACGCACCCGATCTCGTCCTGCACCACGGCGATCACGGCACGACTCCGCGCGATCCCGGCGTTCCTTGGCGCAATGCAGACGGCGCTCACCGAGCCGGTACCCGCGATCTGGATCGATCGTGCCACCCGTGAGGCGCGCGTATTCGCCGGATTTCTGCGGGGGCAGTTGCGCCTCTGGTGCGACGAGCACCAGATCGACAGTGTGGAGCGTCAGTCGATCGCCGCGGCAGCGGCGGATGCGGCGCAGGCCTTCGACGGTGCGGCACATTGGCTCTTCCTGTTGCCGCACGATGTGCATTCTGGCTACGCGATCGGCGTCGAGGCATACGACATTCTGTTGCGGCGCGGGCATTTCTGTGCGCAGTCGTCTGCCGAGTTGCTGCAGCGCGTGATGGGGGAGATGCCCGCGGCCCAGACGCGCTTCCACGCGCTCGCTACCGAGGTCGCCGGTTCGCCCGAAGCACTCGGCGCGAAGCTGGCCGACGATCGCCCCGCCGAAGCCGACTATCTCGCCACCTTCACGTCGCAATTCGAAGCGTGCCGGGAGCTCGCCCTGAAGCACGACCAGGTAAGCTGGCCCGATTGGCCACTGCGCTACGTGCCCATTCCCGTGTGGGCACGCGACATCGCGCCACAACTGTATTTCCTGTTCTATCGCTCGCCGGCGCCGTACGAACCCCGCCCCGAGCACCTGTACCTGGTAACCCCTGTCGACGACACCATCGCCCCCGACGAGCGGGAGCGCCGACTGAAAGCATGGAACCACAGCACGATCACGCTCAATCACGTCGTGCATCACGGCGCGCTCGGCCACCATGTACAGAACGGCCACGCCACGCATCGATCGCACTCGCGCATCGGCAAGATTGCCGCCGTCGACTGCGCGAGTCGTATCGGAATGTTCCTGGGTGGATCCATGGCCGAGGGCTGGGCGTGCTATGCCACCGAACTCGCCGACGAACTCGGATTTCTTACCCCGCTCGAGCGAGCCGCGGAACAGCAGAGTCGTGTGCGTATGCTGGCGCGCGCGATCGTCGACATCCGGTTGCACACGGGTGGATTCACCTTCGCAGAAGCCGTGGCGTACTACGTGCAGGAAGTGGGCATGCCGGAAGCTGCGGCCGTGGGCGAAGCGACCAAGAACTCGATGTTCCCCTGCACCGCGGTGATGTACTGGCTCGGCACGCAGGGCATTCTCGATCTGCGGGACACCTTGCGCGAGCGAGCAGACTATTCGCCGCGGCACTTTCATGATGCGCTGTTGAGCCGGGGAGCTATTCCCGTGGCGCTCGCCGCGCGACTTCTTACGGCAACTCCATGATGCGTTGGTCGGTACGCCTGTCCCGTCGGTCAGCTCGATCCTCGGCGCTTGGCGTCGCGGCCGCACTCTGTGCGTCACTCGCGGCCTGCGGCGGTGAGACTTCCCGCAGCGGACCATCCAACGAGCTGCTCATTGTGGGCTACGACCGTGAGCCTGATACGATGAACCGTTACGCCACGCATATCCTCGAAGACATCGAGTCATGCGTGGTAGAGGGACTCGTCACCAACGACGAGGAGATGAAGATCATTCCCGTGCTGGCCTCCGAGATCCCGACCACGGAGAACGGCGGCGTGATCGTGCGCCCGGACGGCGGCATGGATGTCACGTGGAAATTGCGCCCCGGCGTGAAGTGGCACGACGGCGTGTCGCACACATCGGCCGACGTGAAGTTCACGGTCGATGCCATCAACAAAGGCGACTGGAAGCCGGAAAGCGTCGACGGATTCGATCGCATCTCGTCGGTCGATACGCCCGACTCGCTCACGGCG
NZ_CP053085.1_gap85	3351630	3354047	2417	GGATGGAAACGGCACGGGTCGTCCGCGCGGAAGTGCAGTCGTTGTCGTCGCTCGATTTCGTGCAGGCCGCGCGGGCGATCGGGGCGAATCCGGTCGGCGTGATCGTACGCCATATCGTTCCCGGCATCATTCCCGCAGCGACGGTTGCCACGACACTCGCCATCGGTCGCGGCATCCTGCTGGAGAGCACGATGAGCTTCTTCGGCGTCGGCGTGCAGCCTCCGACGGCCAGCTGGGGCAACATGTTGTATCAGGCGCAAACCGCGATGACCAGCGAGCCCTGGCTCGCGATCTTCCCCGGCCTGTTCATCTTTGCCACGGTGCTCGCCTGCAATGCGGTCGGCGACGCCATCGGTTCGTCTCCTACTCAACGCCGGGCCACCTGATGACCTTCCCGCTTCCATTCGCTCCGCGTCGCATCGCCATCGGCGCCAACGCGCATGTGGGCATCGCCGAGTCGATTCGTGCGCGTCGTCCCGACCTCGAACTGCGTGGCAAGGTGTTCACCGAGATCACGGCCGATGACCTCGAGTGGGCGGAGGCGTACATCGGCTTCAAGCGGCCGCCGTCGGTCTCGGATATGGGCAACGTGCGCTGGATCCAGTGCACCGGTGCCGGCGTCGATTCGTGGATGGCGTCCGATCTCGATCCACGCATCCTGCTCACGCGCAGTCCCGAATCGTTCGGTCCGATGATCGCCGAGTGGGCGGTGTCGCGCATCTTCGCGATACAGCTGCAGGTGCTGGAGTTGGCCGCAGCGCAGCGCGAGCGGCGCTGGGCGCCACGTGACATCGCGCGGGTGGCGGGTACGCGCGCGCTCGTCGTCGGTACGGGCGACATCGGCCGCGCGATCGCGTCCTCGTTACAGGCGCTGGGCGTGCATGTGACCGGCGTCTCGCGCAGCGGCGCGGCCAGCAGCCCGGCGTTCAGTGCGGTACACGCGTCGAGTGAACTCGCCGACCTGGTGGGCAACGCCGACTGGATCGTGGTTGCCGTGCCAGACACGCCGGCCTCGCGCGGACTGATTTCCCGCGAGGTGCTGTCGCGCTGCCGGGGCGCGGTGCTCCTGAATGCGGGCCGCGGCTCCGTAGTCGAGGAAGCGGCGCTGCCCGACGCGCTCGAAAAGGGCTGGCTGCGTGGCGCCGCGCTCGATGTGTTCGCCACCGAACCACTGCCGGCCGACTCGCCGCTCTGGAGCGATCCGCGCGTCATGGTGTCGCCACACATTTCGGGCCTTACTACGATCGACGGCGCCGCGCACGGGTTTCTGGAATGCCTCGACTCCCTCGAGCGTGGTGAATTGCCGAAGTGGGTGGTCGACCGCGCGCGTGGGTACTGACGCACCAGCGCACGCGGCACACGCACCTCAGTCGCGAAGCCGCACCCCACGCTGACGCTCGCGATTCACCTCGAGCTGCAGCACATCGGGACGTCCGTAATGACCCATCGCGTCGAAGTTCTGCCGTTCTTCGCGTACACGCGTGTGGTCGATGTCGGCCGTGATGAGACGTTCCTCATGGGCCACCGGCGCCACGATCCACTGGGCGTCAGGACCGGCGATACACGATCCGCCTTCCCCCATCACCTCCGGCAGCACGCGCTGCAGCAATGCGAAGTGCGGCGTATGCTCGGGCACCTGATCACGCCGCAGCAGCCCTGATACCGACATCACGTACGAGCGTCCCTCGCGCGCCATGAAGCGGGTGATGTCCTCCGTGTTGCGCACGCTGCCGGGCCAGATGGCGACGTGGAGATCTTCTCCCTGCCCGTACAGGCTCGCCCGTGCCAACGGCATCCAGTTCTCCCAGCAGTTCAGCGCCCCCAGCGTGAACGCGCCCACGCGGTGCGTGCGCAGACCGTGTCCGTCACCCGGCGCCCAACTCAGCCGCTCCTCGTATGTCGGCATGAGCTTCCGATGCACATTCACGATCGTACCCGCCGCGTCGATCGTGACGAGGCTGGCGTAGACACTATGTCCGCCTCGGTCGAGCGGGCGCTCGATGACACCGAGCACGACCGTGATGCTCCGGTCTCGGATGGCCGCGCACACCTCGTCCAAGTGTCCGGCTTCGATCTGGACGGCCTGATCGAGATAATGGGCGTGCAACGACTTCTGTACGGCCGCGTCGAAACGGGCTCCGTCGGTCCACTCGATCCACCACGGATAACCTGGGACGAACGCCTCCGGGAAGACGAGGAGCTGCACACCGTCGTCGGCGGCGCCGTGAATCGCCGAGATCACTTTCGCGAGCGTGCGGTTGCGATCGAGCCAGACCGGCGCCATCTGGGCGCCGGCGATACGGAGGGTATCAGCAGTCATGCCCAACGATACCACGCGCCACACGGTCGGCAATACGATATCTTCGGGTGGTGAACGCCCCGTGAACTTCAACCCGATCGCCGTGACTACTCCGACC
NZ_CP053085.1_gap86	3549010	3552726	3716	TGCTCGCCCCACGCCACACCACCACCGGTACGAAACGCGTTGAGCGTCTTCTCCTCGTCGAACCACATCGACGCCGGCGCGTTCCACGCGGGTGGAACGAAAACCGGGCTCTCCTCATCGGCTAACACCATGGCCTGCTCGGGCGACAACTCGTAGCTGTCGCTGACCGCATGATAGTCGACGTAGCCGCCGGCGGCCTGAGCATTCAACCACTCACGCACGTACCGCTCGGCGCAGCCCGCGCGGGCCGCCAGCTCTGTAGCGCTGATGGGCCCGGCGCCCCACATTGCCTTGTAGAGCCCTAGTTTCGAGCCGAGGCTGACCATCACGCCGCCGTATGCCGACGCGAGATCGCCGACAGCGCGCATGACAAATGCCTCGAGCCTGGCCTGATCTATGACGGGTGCGGTCATCGTTGCGGACATCGTATTGAACTCCTTTCGTGAGATGTTGGCATGCAAAGCGCAGCGAGATGTGCGTGCTGCACTCGATCATGATCACCACCGCGCGATGCCGACTACAGCGTTGAATTCACCCTCGATCGGTTCATTTCTGCCACGACCCCGCGACGCCGCTGTGTCGAGTTCAGTCGCGTGGCTCGGCCAATGACCGCATCCCTCCACGCTGGCGCCACGTCCCGGCATGTAAGCCTGGTCGCCATTCCCGACGCTGTCGTCTCGACGCTGGCCGGCATCTATGACGTGATGAACGGCGGCGCGATGCTTACGCTCTCGGCCGCCGGTGCGCCCTCACCGTTCCATGCCGACATCGTTGGTGAGCAAACCGGGCCACTGCAGCTGGCCAGCGGACTCCCCATGCAGGTGCAGCGCGCCATCGACACCATTGAGACGACGGACATCGTGATTGTCCCGTCGGTGTTGCTGCAGCCCGGCGGATGGGAGACGGGACGCTATCCAGCGTTGGTGCAGTGGCTGCGCACGATGCACGAGCGCGGTGCCATACTATGTTCGGCCTGCTCCGGCATCTTTCTGCTCGCGGAGACCGGCTTGTTCGACGATCGTGACGCGACGATGCATTTCGCCTATGCGCGATCGTTCTCGCAAACGTTTCCCCGCGTGGCGATTCACGCCGAGCGGGTGTTGGTGATCTCCGGACCGCGCGAGGATCTGGTCAGCTCCGGTGCATCGACCACGTGGCATGACATGGTGCTGTATCTGATCGCGCGATACGCCGGTGCCACCACCGCGCAGGAAGTGGCGCGCTTGTTTGCCTTGCAGTGGCATCAGGACGGCCTGACGCCGTACATCATCTTCGAAGGGCGCACCGACCACGGCGACGCCGAGATCGCGGGCGCGCAGGAATGGCTGCGCGATCACTTCTCAGTGGCGAATCCTGTGCATGAAATGATTAACCGGTCTGCGTTAGCCGAGCGCACCTTCAAGCGGAGATTTGCGGCAGCAACTGGCATCACGCCGATCGCCTATGTGCAGCGGCTACGGATGGAAGATGCGAAGCGGCGGCTGGAACGGACCGACGCCAGCATCGAGGACGTCTGCTGGCGCGTGGGTTACGAGGACGCGGCGTTCTTCCGGCGCCTGTTTCAGCGTACCACGGGGATGGCGCCTGGCGCGTACCGCAAGCGTTTTCGGATTCCGGAGTTCGCGCGACCGTAGGGATGACCCAACCGGCGCCGATTGTCTCAGACATGTTCTGCGCCAACGACGTGGTTTCGCGCCCCAACCGTGAGCGCGACAACGATCACCAGCGCGGCGACGGCGTAGGTGCCCTGCATGCCGGCGCGAACGGCGGCCGCGTGGGCCCGCGTGAGGTCGTCACTTCGCGAGGCGAGTGCGAACACCGCACCCATGACGGCGGCGCCCGTGATGAGGCCGAGATTGCGTGAGAGGTTGAGCAGTCCTGATGTCACGCCGCGCAGTGCCGCTGCGGCGCCTGACATGACCACCGTGTTGTTGGCCGTTTGAAACAGGCCGTATCCGGCGGTCATGATGGCGATCGGAACGAGGTAGCCCGGCAGGCCGACGTTCGCCGGCAGGATCGCGAGCAACAGCGAGCCCAACGCGATGCCGAGCAGACCCAGTAGCGTCGTGCGCGGCGCGCCGATGGCGTCGGCTAGTCGGCCTGAGGGAACGCCGATCACGGCAGTCACGATGGGTCCGACCGACATTGCGAATCCCACCGACGTGGCACTGAGGGTCAGCGAGCGCGAGAGATAGAACGGACCGACCACCAGCGTCGACATCATCACGGTCGACACCAGCACGTTCATGGCGAGACTCGAGCGCCGTACGCGATCACGGAACATCGCCAGCTGGATGAGCGGCGACGCCACGATCGATTCCACGTGGACGAGCAGCGCGATGCCGCACACCGCCGCGGCCAGCAGCAGCGCATTCAGCACGCCCAAGTGTCCGCGCCCGATGGTCACGGCGAGGGCATACGCGGCGAGCGTCAGCGCCAAGAGCACGGTGCCGGCGAGGTCGAAGCGCTGTCGCTTCGCCGTCGCGTGCCGATCATCTTCGGTGGAGCGCGCCGGGAGGTAGCGATGCGCGAGCAGGAGCGCAGCAATGCCGAGCGGCACGTTAAGAGCAAAGAGCGCGCGCCAGCCGAACCACGCGATCAGGAGTCCGCCAACACTCGGCCCCGCCGCCGTGCCCATCGCCGACATGGTGCCGAGCAAACCCATCGCGCGTGCCGTTTGCGCGGGCGGAACGGTCTCGCTGATGAACGCGTGCGTGAGCGCCATCATGACGGCCGCGCCGACGCCTTGCAGGGCGCGGGCGGCAATGAGTTGAGCGAGCGTATTGGCGAGCCCGCAGAGCACCGACGCGGCCGTGAAGAGTGCGAGACCGGCCAGCAACAGGCGACGGCTGCCGAGGATGTCGCCGAGTCTGCCCGCGCTCACGATGAGCGTCGTGATGGCGAGCAGATACGCCAGCACGATCCACTGCACGCCCTGGAACGATGCGTGGAACGCGTGCGCCATGCTCGGCAACCCCACGTTGGCGATGCTGGTGCCAAGCGATGACAGCAGCATCGATAACGACAGTGCCGCCAGCGCGCCGCGGAGGGAGCCCGTGGGCGCCTCCACAGCACCAGACGCAGCAAGTACAGCAGTGTCCACCTACGCCGTCCTCGCGGCGGGTGGGTTGATGAACGTACGGAATCGCTGCTGGACTGTCGGAATCACCCCCCACACCATCGCGGCCACCATGGCCGGCGCCACCAGGAGCGTGCGCTGCCAGATGGACCAACCTGATGTGAGCGGAACCACGACGTACAGAATGGCGGTGATGGTCGGGTAGGCCCCGAGCAACACGAGCAGCGCGAAGCGCGGCCGGGAGAATCGAGTGGATGCGTTGATGTGTGTCATGGACGAACCATTCACTGCATCACGCATGGCGCAAAGCGCATGTATTGCACACAATACCTGCATAGAACGCCATGTACCCAAGGTTCGCACAGGGCCCGCCGCCATGACTGCTCCCGACTTCAATCTCCTGCTCACGCTCGACGCGCTGCTCACCGAGCGCAGTGTCGCACGCGCCGCCGACCGCCTGGGGCTCAGCCCTTCGGCCATGAGCCGCGCCCTCGCGCGCCTGCGCGCCGTGACGGGCGATCCGCTGCTGGTGCGCGCCGGACAGCGACTCGTGCCAACGCCGCGCGCCCTCGAGTTGCGCGATCAGGTGCGTCACCTGGTCGACGAGGTGGGCGCGGTGCTACGACCGGCCGAAGCC
NZ_CP053085.1_gap87	3573948	3575254	1306	GAGAACGCATACTTGGAGAATTAACATTGGGGCTCTGGGACAAGATCATCGAGGGCGCCGCCGCGCACGACGCAAAGAGCGCTGAGAATGATGTTCGTCGCGCGGTTGAGCGAAGCCGCGCAATTCTTGCCTCGACCCCTCCCGGCCGAGCGCGGCTTGCGCGGGCGGCGGGCGAACGGGTGTTTCAAATCGATCTACCCCTCAGTACGACTACCGCAGCCGTTGTTCCCATGGTTGGTGCGCTCACAAACAGCACAGGCGCCAATCATGGGAGCACCATTGACTTGATCGAGCGTGAGGGATGGCGGCTTGAGCACGTTGGCTACGTTTTTCGCGCGACGGGTAGCGAGTCTCGTGACAAGTTTCTCGCAAGTGGACAACAAGAGGCGATATCTGGGGAGATCATCGGCATCTATCTCTTTCGCGTCGCGGCGCTCGACGTCGAGGAGATCACTCTCACGGAACAATCGCTTGAGTCGGATGCCCAGCCGCCTATTGAGTCATCCATGCTCGTCGATTCGAGCGGATGGCCTTGATAAATTGTATCGTTGGGATCAGATAGGCTGTTCGCTTTCTGCTTCATAGCGTGGCCCGCGCACGCTCCGTCTACGAATGCGCCCGCCCCGTCACGCGCACGGTCTGCTGCAACGAACCCAAGCCTACGCCGACTCCGCAGTACAGAAACCCACTTTTCGAAACGGGTACTTTGCCATGCGCCGAATGTTTCGCTTGATTTCGATTATCCCCGTACTGCTTTTGACCAGTAGCTTTGCTCTGGTGACGAGCGCGTGCGGCGACACGACAGGACCGAGTGGCGACAAGTGCACAAAGGGTTGTAGCTGCGGTCGGGCGTGCATCGACTGCTCCAAGAACTGCACTAAACTGGCATCCTCGTACTGGACGGGAGTGACACCGGACTCCTTGCTTCCTTAGGGATGAACTGGGCAGGGCCGTCGACAAACGCCTCAACTCGATCCGCTGCTCGACGCTGCAAGTTCGATGATCTTCACAGTGTGGTCGCCCGATTCGGCGGCCACCGTCGTCGATCCGCGACAAATCCATGATGGCGTGTACCGAATCGTGCGTTCCGCCGCCCGTGTTTGTCGCAGAATTCTGGCGACTTGTCTGGGTTGATCTTGGCCGCCAGTCGAGCCGAATCCCTTCAGTTCCTTCCGTTTGAATCCGGCGAAGGCAACGTCTGCCGATTTCGCACGCGACTCGCCAGCGTCACGACGTTCTAGTGCGCAATCGAATCGCGAAACAGTGGGTTGATCGTCGAGTCGTTCACGGCCGGCCGCACCACGCG
NZ_CP053085.1_gap88	3577217	3579255	2038	CGAGGATTCGTGGCGAGAAGGAGAACTCTGCTTGAAGTCCAGTCATGATCGCGATTGGTTGGTTTTCTTAACGTCTGCAGCCGCGCAACGATAGTACTCAAACGCACGGTTTCCAATCCTTTACTTACGGCGTGCGTGATCGATCGCTGATTCGATGTGGTCATCAAGCTCCGCTGCAGCAGCGTGCAGGATCCTTCGAATCTCATCAGTCTGCCGCATGAAATCACAGTACTTCTTAAGCGCTTTATGTGGATCGCGCTCGTCTCGTAGCCGCCTAACTCGCTTGCGCCAGCTTGGAATGGGGTCATTCTTCACTGGCCAGTTGTAGTTTTTGCTCAGCCACTCGACAAGCTGGAAGACATTGCTTGCGCGGCTGCCGTTCTCCTTCGCATACGACCTACCTTGCTCCGAAGCCGCCAACTTCCAAACTTGGACGCGGAGGACTGCGCCCTCACGCGACGTACTCTCAGGAGCGTCGTCCGCAAGGAATTGAATCGTGTCATCGGCCCGCTGGACGGTTGACTCCATGTCCGCTGCTAGATCGGAGATTAAGTTGACTTTCATCGACGCGGCTACATCGAAGAGTCGCTGATATGCCGCGTTGAAGCGCTCTTCAGGATGACCTCCGGAGAGTTCACCAAGATATTTTCGCGCGCGATGCGACAGGACATCCGACGTACTCAGGATCCAGAACCGCGGCTTGTAGGCTTTCAGTAACTCGCACGTGATCGTGAGGTAGAAGAGGGTAAGTGAATGAAGTATGCCCTCATGTCGTAGCCCTCGATGATACGCGGTGTTGCGGAACGCGTGGAGATAAAGAATGGATTCGCCGGCAACAGTGCTTAACAGGGCGAGCTTAACCGCCAGTCGAATTTTGTCGGCGAAGTTCTGACCCAGTGCTTCATCAACGACCCGCTGGTCGTACTTCGGTTTGCCAAGCGTAGTCCAGAGACCGTTTTCCGACGCCCGATCCTCTGCGAATCGATGAAGTGTCAGTTCTACAACATTGTCGATAAGCATCAACGCAAAGCGATCAAAGTTTCGATCCTGCACCGCGAGTTGATCCAGAGCTAGATCAAGCTGATCGATCCCGTCCGCGAGAAACTGAATCATTCGATGAGCACGATGACGGACCCTGTTTGACTGAAAATTCCGATCACGCTAGGGGCCTCCTAACGCTCGCGTCCTGCGGCAGACGCCCACACGGACACCAGCGGGGCCTTCGCACCGTCCTTGAGGCTACCGCGAACGCCCCGCGATCGCTATGCGGATCTTCGCAGCGCTTGCCTGCAGCAACGCAATAATATTCCCAACGAGACCCGGCGGCGAGATACTCGTCGAACCCAGCTCCTTCGGAGGCATCCGAGATGTTTTACTCCGGTATCGATCTCCACAAGCGGACCATGGTCATTCAAACCATCGATGCCGCTGGCATCGTGGTGCGGATGGCTGACCTACCGACGAATCGTGCGGCGGTCACCGCCTACTTTGCGACCCTCGACGGCCCGCACCGAGCCGTCTGTGAGTGCACCAGCATGTGGTACTGGGTGCCGGATCTGCTCGTCCCACAGAGCATTGACCTACGCCTTGCCCACGCGAAGGATCTCAAGGCGATCAGCTAAGCGAAGGTGAAGACCGATGCCATGGATGCCGCCACGGTGGCGCAGCTACTGCGCGTGCAACTAATTCCGGAGGCGCACATGATTCGCGTGGGGACCCGCGAAGTGCGCATCCTTTTGCGGGCGCGGTTACTGCTGGTGAGTCGGCGCCTGGAATGCCAGCGAGCTATCGGGGCGATGCTCGAGCAACGCGGCGCTGGCTGCCGCACTGCCGGAGCTGCCGCGCCCGCACGCGGAGCTACACGAGGCACAACACACACTGCTCAAGACGCAGATTTGCCGCCTCGATCACGAACTCCGCTATTGCGTCCTGGCGACGCCGGAAGCGCAGCGCCTTGCGAGTGTGAATGGTATCGGCAAGATCGTCGCGTACCCCCTGCCGCCCGAGATCGATGGTATCACGCGCTTTCCCAGCGTCC
NZ_CP053085.1_gap89	3642865	3647105	4240	GCAGATAGAGGAACGGCTTCTCGTAGTTCGTGCAGGCGGGCTGCCGCAAGATGTAGAGGCCCTCCCGGTACTCATGTATACGGAACGTTGGGCGGGCGTCACAGGTTATGCCTCCGGCGTACCACGTGACGGGCATACTGCTCCCACTCGACCGCGACCGCGCCACCGTGCCAGCGCAGGCGACCAGGGCGAGGCTGCACGTGAACGCGCGAACCAGCGTTTTAATACACATCGCTCTCCCGCTTAGATTTTTCTGATGCCAGGACGCTGGAGCTGGACCGATGCAGCCATCTTCATCGTCTTTTTCGTGACGATTCGCTGCGTGCTTATCTGGCTCGCCACCAAGGCCTTCGTCATGATGATCCCCGACGGCGACGCCTGCCCGATGTGCGACGACGAAACGCTGGCGATCGAGCGGGTGGGCGGGTGGCGGGTGCTTGGTGAGCGCTTCCGCCGCAGCTGGTGCATTGGCTGCGGCTGGGAAGGGGTGCTCCGGCGGAGCGACGTGTGGTTGTCAGCCGAACGGCATCGCAAGCTGGTAAATCAGATCGAGGCATCCATGGCGAAGAGCCGGAGCCATTCGGGCCAGTTGCCGCTCAACTCGAAGAAATCGTCGTAATACACGAGCCCGGCCCCCTCGAGGCGCTCGATCAGCTCACCGAGCGTGTCCTCACCGACCAGGGGTCCGATGGCGATCAACGACCCTTCGATCCGGAATTCGTCGGGTGTGAGCCCCAGCGCTTCGTCCACCTGAGCGCGGGTCATCTCTACGCGTTCGAACGCCGACTTCCGGATCAGCAGGGTGGGCGCAGTATTCGGGAGGATCAGCGGCATGAGCGGGCGTGGTCGGCAGGTGAGGATCGGGCGATGTCACTGGGACATAGCGGGATATAGCGGCTTCTGGCGGGATATAGCGGCTTCTGGCGGGATATAGCAGCGCAGACGGTCGCGGCGGAACTGGCTTGCCACCGCGTCTACCTTGAAGCGATATGACCGTGCCCCCGACCCACCATCTGCACTCCGCCACCAGCGCCGCGTTCGAGGCGTCGTTCGAGGCGTCGTTCGAGGCGTCGTTCGACGTCGTCGTGATCGGCGCCGGACACGCCGGGACTGAGGCGGCCGTCGCGGCGGCCCGTTCGGGCGCCTCGGTTGCACTGATCACCGGCGCCCTCGAGCAGATCGGACAGCTCTCGTGCAACCCGGCCATCGGTGGCATCGCCAAAGGCACGGTGGTGCGTGAAGTCGACGCCCTGGGCGGCATCATGGCGCGCGCTACCGACCTGGCGTCGGTGCAGTTCCGGATGCTGAACCGTGGCAAAGGACCAGCCGTGTGGGCACCGCGGGCGCAATGCGATCGCGGGCTCTATCGACGTGCGGTGCGACAGCTGCTCGAAGCGCAACCAAACCTCGTCACCATCCAAGGCATGGTGGCACGACTGCTGTTCGACGGGACCGGCGAGCGCGTGTCCGGCGTGGAAACGCTGGAAGGGCGTCGCTTCGGCGCGCGCGCGGTCGTGCTCACCACCGGCACGTTCGGTCGCGGCAAGATGCACATCGGCACCGGGACGCAGATCAGCGGCGGTCGCGCCGGCGAAGCGTCATCGGTGCTGCTCGGCGAGCAACTGGATGCACTCGGTCTCACCACCGAACGCTTCAAGACGGGGACGCCGCCGCGCATCGATGGTCGCAGCGTGCGTACCCGCGATCTCGAGTTGCAGCACAGTGAGATCGAACAGTTCGACTATTCGTGGTCGCATTTCTGGAGCACGCCGCGCGCGAATGTCGTCGACTGCGCACGGCGCACGCGGCATCCGGCGCAGATGCCCTGCTGGCTCACGATGCTCGACGAGGCCGGCACGTCGATCATTGCCACGCATCTCGCCGAGTCGGCGATGTATGGTGGTGCGATCGCATCGCGTGGTCCGCGCTATTGCCCGAGTGTCGAAGACAAGGTCGTGAAGTTTCCCGACAAGGCGCAGCATCAGCTCTTTCTCGAGCCGGAAGGTCACGATACGAGCGAGTTGTATGTGAACGGGTTGTCGACGTCGCTGCCGGCACCGGTGCAACTCACGATCCTGCGCAGCGTGCGCGGACTCGAAGACGTGCGCATGACGCGCGCGGGCTACGCGATCGAGTACGACTACTATCCGCCCACGCAGCTCTCGTCGACACTCGCGTCGCGCGCCGTGTACGGGTTGTATTTCGCCGGTCAGGTGAACGGCACCACCGGTTACGAAGAAGCAGCCGGTCAGGGCGTGATCGCCGGACTGAATGCCGCCCGTTGGGTGCAGGAACGCGAGCCCGTGATCCTCGGTCGCGAGACGAGCTACATCGGTGTGCTGATCGACGACTTGGTCACGCGCGGTGTCGACGAACCGTATCGGCTGTTCACATCACGCAGCGAATTTCGCCTCACGGTGCGGCAGGACAACGCACTCGCGCGGCTCGGCGAGATCGCCGATGGCCTCGGGCTCCTGGCACCGGATGAACAGGCACAAATGGGCTTACGATTGGGCGCGGTGCGAGAAGCCTACGCGCTGGCGGAACGCACGAGCATGACGCCTGCCGTAGCCGACCCGCTGCTGCTGGCCGTGGGGTCGGCGCCCCTGCAGCACGCAGTGCGCGCGATCGAACTCACGCGCCGCCAGGACGTGTCGCTACAAACCCTCTTCGCCGCCGCCGGCGTGGGCGACGCGCTCCCGGTGGACGCGGTGGTCGGCGCGGAGCTCGAGATCAAATACGAGCGCTACTTCGAGAAGGAGCGCAATCGCGCGATTCGACTCAAGGCTCAAGGGTCGGTGTCGTTGCACGAGACGCTGAATTACGAGGCGATGACCACGATCTCGATCGAAGCGCGCCAGAAGCTGACGCGCATCCGGCCGGCCACACTGGCCCAGGCGGGTCAGATCCCCGGCATCAGCCCGGCCGATCTGCAGAACTTGTTGATGGAGCTGCGGCGAACGCTGCCCGAGTAGTTCGTGGTGCGTGGTGCGGGGTTCGCGTCTGCGGACGGCGCTGGGTTGGCTGAAAGCACGGAGGTTCACGCGAAGGGCGCGAAGAGCCGCGAAGCTTCGCGAAGAACAGCCATTGTAAAAGTTAGGCTTTGGTGCCGTGCCGACGTATCGCACGGGGCCCACTCAAAGTATTTGCTGTTCTTCGCGTCTCTTCGCGGCCCTTCGCGAACTTCGCGTGAACCAGCTGGCTGTCCGACGGCACCGAGCACGCCGAAAGCACCGCGGTTTGACGCCAAGGGCGCGAAGTACGCGAAGAACGGCAGCGCGCGTGTGCAAGTTTTTCGGATCTGTTCGTCTCCGAAGAGTGGGCTCGCCGTACCCGGGTGACCAGCCTCGACGCGGCCAACGTGATGCCGAATGATGCGACTATTAGTATTGATGATGGCGTTATAGTGTGTAGATACTGTATTGACAAACGACCACGTTCTGCAACTTATTTTGTACGGTTCGCCATCAAACTGTGCCGAATTTGACCGAATCGGCAACTTCGGGGTATAAGCGATCTACCAGCACTCGCCTTCTTTATAGATGAGGAGTTTCACCATGATTATTCGTTCGTCGAACCGGGCCGTTCGCCCGCTAACGGCCGCCGCCTTCGTGCTCGGCGCCCTCGCCGCGCCCGCACTTGCCACGCACGCCGCCGCGCAGATGTCCATGCCGCAGCCTCCGCCTCAGATCGTCGTTACCGGTCGCGGTGAAGTGCAGGTGGCACCAGATCGGGCGCAGGTGCAGGTCGGCATGGAAACCCAGGCCAAAACCGCCGCGATTGCGTCGCAGGAAAACAACAAGAAGCAGACGGCGATCCTGGCCGCCATCCGCGCACTCGGCATTCCCGCCGCACAGATCCAGACGCTCAACTACAGCGTCATGCCAATCCAGCGATACGATGAGAAGACCCAGCGCGTCGTGATCGAGGGCTACCGGGTCAGCAACATCGTGCAGGTCGAGACCGATAAGATCGAACAGGCCGGCCCGATCATCGACGCGGCCCTCACCAACGGCGGCAATCGCGTGGCTGGACTCGACTTTCTGGTGAAGGATCGGGCAAAGGCGCAGGAAACGGCGCTCACAAAGGCCGTCGAGAGCGCCCGTCGTCAGGCGGAGGTTGCCGCCAAGGCGGCCGGCGGGCAGATCGCCGAACTGCTCGAGCTCAATATCAACGAGTACGAGCGCCCGCAGCCCCGAGCAGTCATGGCGATGGCGAAGATGGAGATGGCCGACGCGTC
NZ_CP053085.1_gap90	3780622	3783477	2855	TGCTCTATCGTGAACGCGAGATCACGCACATCGTGAGCGATGCCGCGCCGGTCGCGGTGATCACGACGTCGGCGCAGCTGGGTGACCTGCCGCAAGGTGTGATCTCCTGGAGCCTCGAAGCCTTGGTGGCCGAGGCGGCGTCGCAGGCAGTCACGCGCAGCACCGTGTTGTGTTCGGCCAATACGCCGGCCGCGCTGGTCTATACGTCGGGCACCACTGGCGCGTCGAAGGGGGCCGTGCTCACGCATGGCAACTTCGCCGCGAATGCGCTGGCGCTCACCAGTGCCTGGGAGTTCACCAGCGACGATCGCTACCTCGCGGTGCTGCCGCTCTTTCACGTACATGGACTCGGTAACGGGCTGCATGTGTGGCTGCTCAGCGGCTGCCACATGCGGCTCGCCGAGCGGTTTGAGCATGAGCGCGCGGCCGACTGGTTCGAGACCTACCAGCCCACTGTGTTCTTCGGTGTGCCAACGATGTTAGTGCGGTTGCTCGACGTGGCGCCGGAGCGCGCGGCCGCGATCGGCACGCGCACGCGGTTGTTCGTGTCGGGCTCGGCGCCACTGCCGGCACCCGTGATGGACGCCTTCCGTGAGCGGTTCGGCCACGTCATTCTCGAGCGCTACGGCATGACCGAGACGCTCATGAACGTCAGCAACCCGTACTACGGTGAGCGGCGCGCTGGAACCGTGGGTTTTCCAATGCCGCTGACGGCGGTGCGTATCGTCGACGAAAACGGTCAGGACGTGCCCGACGGCACGAGCGGAGAGTTGTGGGTGCGCGGGCCGAATGTGTGCGACGGCTACTGGCGTCGACCGGAGGCAACGGCGGCGGCGTTCACGGACGGCTGGTTTCGCACCGGGGACGTGGGTGTGCGCGCGACCGATGGCTACATCACGCTGGAAGGTCGGCGCAGTGATCTGATCATCTCGGGAGGCTTCAACATTTATCCACGCGAGATCGAAGAGTTGCTGGCCGAGCAGGAGGGCGTGCGCGAAGCAGCCGTGGTGGGTGTGAAGGACGCGGTGCGTGGTGAAGTGCCGGTGGCCTATGTGGTGTGTGACGCGGCCGTCGACCTGGACGCGCTCGCGCAGCAGGTCCGCACCCAGTTGGCGTCGTTCAAGGTGCCGCGCGGTTTCGTGCGGGTGGATGCACTGCCGCGCACGGCGCTGGGCAAAGTGCAGCGGCATCTGCTGCCGCCGTGGACGATCTCGTGAGCCGGACGGCATGAGCGAGCCCGCATGAGTCCCGCGCTGCTGTCACTGCTGGCCCTGCTGCTGGTGGTGGCGGCCAGTCTCACCTCACGCGTGAATGTCGGCGTGCTGGCGGTGGCGCTGGCCTGGGGCATCGCGACGTTCGCGGCCGACTGGAAAGTCGAACAGTTGATGGCGGTGTTTCCCTCGTCGCTGTTTCTCACGCTGTTGGGGGTGACCCTGCTGTTCGGCGTGGCGCAGGCCAATGGCACGATGCAGGCCGTCTCGCAGCACGGCGTACGGCTCCTCGGCGGGCGGTCCGCCCTGTTGCCCCCGTTCTTCTTCGTGCTGGCCTGCCTGATCTCCACCAGCGGACCGGGCGCCATCGCGACCACGGCACTCCTGGCCCCCTTGGCGATGGGCATCGCGCATCGGGCGAAGGCGCCGATGTTGCTGATGGCCCTGATGGTGGGGAACGGGGCGAACGCCGGCAACCTGTCGCCGATCAGCGCTATCGGTGCGCTGGTGCAGACCCTGATGGCGAAGGCCGGGCTGGGCGGCCATGCGACCGAGGTCCTGGTCATGAACTTCGCGGCGCACGCGATCGTGGCGATCGCGGCGTGGGCGATGTTCGGCGGACCGGCGATGCTGAGCCACGGTCGCGTGGTGGTCGACGAGGAGCGCACCCCCTTCACGCGCGCTCACTGGACGACACTGGCCGTCGGCGTCCTCTGGGTGAGCAGCGTGCTGCTGTTCAAGTTCAACCCCGGGCTCACCGCCTTCGCCGCGGCGGCGGTGCTGGTATTGATTGGTATCGGCGACGACAGCGCAATGCTGAAGCAAGTGCCTTGGCCGGTGATCGTGATGGTGTGCGGGGTGAGCGTGCTGATCGGCGTGCTGGAGAAGACCGGGGGCATGGATCTCTTCACGACGCTCCTGTCGAAGCTGGCCACGCCCGGCTCGGTGAACGGGGTGATCGCCGGCGTGACGGGCCTGATCTCGACCTATAGCTCCACCTCGGGCGTCGTGTATCCGGCGTTTCTCCCGGCGGTGCCGGGGCTGGTCGCCAAGCTCGGTGGCGGCCACCCGCTGCAGATCGCGATCAGCATCAACGTGGGTGCGGCGTTGGTCGACGTCTCACCGCTCTCGACGATCGGCGCCCTGTGCATCGCGGCTGTTCCGGCCGGTCACGACACGAAGCAGCTGTTCCGTCAGCTCCTGATGTGGGGCTTTGCCATGACGATCGTGGGTGCGCTCTTCTGTCAGTTCCTGGTGCCAGTATTCATTCGCTGACGATGTCCTGCTGTTCAACTGACCACTCGGAATTCATGGTATGGCTGCTGCGGACAAGCTGACCCGCTGGTTCGATCTGATCGCGGCGCTCCTGCGGCGCCGGAACGGTGGGACGTTCGAGGAGTTTCGTTACGATGTGCCGGCCTACATCACCGCCGCGGTGAACGAGGCGAGCATCATGCGCACCTTCGAGCGTGACAAGGACGAACTCCGCGCCTTTGGTGTCGCGATCGAGACACTGCCCGACGGCGACGGCGGCGAGTCGCGCTACCGGCTCCGGCCCGATGAGTTCTATCTACCGTTGCTCGCGCTGTGTGAATCGCGCATCGTTTCCGCGCTCGAAGTGCGAACCATAGCGCGCCCGAAAGG
NZ_CP053085.1_gap91	3786686	3790908	4222	CACGGCACGTATCACAAGCTGTTGAAGGGCGGTGTGCGTGTGTTCGAGTATCAGCGCGCGACGTTGCATGCGAAGACGGTCGTGATCGACGGGCACGCCAGCTTGATTGGCTCGTCGAACCTCGATTTCCGTTCGTTCTGGCTGAACGCGGAGTGCAACGTTCTGGTGTTCGACGACGAGTGTGGCGCCGGCATGGAAGCGAGCTTTGAGGCCGATCTAAAAGACAGTCACGAAGTCACGATGGAAGAATGGCGACAGCGCACGTGGTCTCACCGAGTGTTCGACCGCCTCGCTCGCGCGCTACGCTTGGCCCTTTAGCGGCGCAGCCGAATGGATTGTACGGGATTCCCTGACGAGGACCACAGGACTCCCCGATAGAGCGCGTGTGTGGAAAGTGCGACCCTCTTCTGCAGGGCTACGCAACCCGCTGCCCGTCGCTCTACGAGGTTCCCGCCCATGTTCGTTCGCGCTCATGATCCCGTCATGCACTCGGAGTATCTGCCGCCCGGCACCGATGGACCCGTGCTCGTCGCGTGCGACGGTGCATCGGCTTCGAGTGAGGCCCTGTTCAACGCGGGTCGGTTGGCGATCCGGGCGCTCGGTGGTCCACTTCAGGTCCTCGGCGTCTGTGAGCCGACACCCGGCGTGGCCGCCGGGATGGACGTGTTGCTGGTGCCGGCGGAGCTTGACGAGGCGCGCCGCGCGTTAATGGTCGAAGACGTGCGTCGTGCGATCTCGATCTCGGCCGCCGGTGATCCGGCGTGGGACGTGGACGTGCAGCTGGGCTCTCCCGCACGACTGTTGGCGACGGAGGCATTCCGCCGCCATGCGTCGGTCATCGTGATGGGTATCGGCCGCCATAACCCGCTCGACCGATTGTTCGGCACGGAGACGACGCTCGCCACGCTCAGGGAATCGCGCGTGCCGGTACTCGCCGTGTGCCCCAGCTTCCCGACGACCCCGACGCATGCGGTGGTCGGACTCGATTTCAGTGCGGCCAGCGTACAGTCAGCCCGTCTTGCCGCTCGCCTCCTGGCCCCCAACGGACGCCTCACGCTCGTACACGTACGTCCGCGCTTCGAACATCCGTCGGCAGATTGGCAGGCCTGGGACGCCGACTATGGCCGCACGCTGCCGCCCCTGTTCGATCAGGTCCGCACGCAGCTCGATCCGCCCGAAGGGGTGACCGTGGACACCGTCACCGTGCGCGGCGATCCCGCGTCGTCCTTACTGTCGTTCGCGCAGCAGGCGCAGTGCGATCTCATCGCGGTCGGCACGCAGCGTCACAGCTTCCTCGAGCGCCTGATGGTGGGCTCGGTCGCAACGCGTGTGTTGCGCACGGCGCGTTGCGGTGTGCTCGCGGTGCCATCGGCCGCGTGATGGCCATCGGCGGCGTGATTTCAGCGACTCGGGGATGCGGAAAACTGCGGTTCCTGCCTGACACGGATACGAACCGGTATGAACAGATAGAAACCGATCACCGTCGTTGTGCGACGAGATCGGAGGCTCAACGGCTGTTCAATTTAAGAATTGGACGACTCACGTCTCGCCGCGCCGGTGCGATTGCACAGGGCAAATCCATTTCTGTCCGTTGCTATCGGTTCGTATCCGTGTCAGGCAGGAACAGTCTGTTTCTGTTGTTATCATCCGATTCGCGTTGCCGACGCTACACATGCGCTAGAACACCCGCACGTTGATGTAGCGCTTCGGGTTCTTCTTCACGTCGGCCACGAGCGCGCGCAATTCACGCACGAGCGAGTCGCTCTGCTGGTACAACGCCGGGTCGTTCACCATCAGTCCAAGCGTGCCGCGACCCGAATTGACCTTGTTGAACACCGAATCGGCTTTGGCCACTGCACTGGCTAGACGGCCCTCCGTACGATCGAGTCCCTCGGCCACTTCGCGCAGGCGTGTGGTCGCCGCGAGCAGCTCCTTGGCCGCCGTCTGTGAGTTGTTGACGATGACCTGGAGTTCGCCACGGCTCGTCGCCGAGTCGACGCGTGACGAGAACGCGTTCAGGTTGGCCGCTGCGGCGTTGATGCTCTTGAGCCCGAGCTGCACGTCGCTGCTGATGTGATCGAGGTTCTTCGACTGCAGCTCCACCGTGGAGGCCAACTGCGCCGAAAGCCGAGAGAAGTTGCGGATCGATTCACGCAGTTCGCGCGCGGCCTGCTCATCGAACGCCACCTGCACCCGGTCGGCGACCTTGGCCACATCACCGGCGATGCGACCGGCCACCGTGGTCAGTTGCGCGATGTCGGGAAGCACGGCCCCGGCCAGCGTGTCGCCGGAAGCGCGCGACTCATTGATGGCGGCACGCAGCTCACGGTCGGCTGGCAAGCCGGTCGCGTCGGTGATCGTGGCCTGCCATTCGCCGAACAGGCTGGCGGCCGCGAGTAGCACGACCGGATCGGACGGCAGCGTGACACCACGATCGATGCCAAGCGTGAGCACCACCCATCCGCGCTCGCCGAGGGCGATCGATTCGATATGTCCGGAACGCACACCGCGAATCACCACCGGGTTACCGAGCGCGACGCCACCCACGTCGCGCGTGCGCACCACGAGATGTCGGGTCTTGCCGCGAAGATCGGCCTGCTTGAGCCAGAGGACCGCGCCGATGACCACGATCGTCACCACCAGCACGGTGGCGCCGACCACGAAATCGCTGGCCCGTCGGGAGGTGGTCATAAGGCGTGTGGAAAGAGAAGCACGTCCATGGGTTACCGAAGTGTACGGCCAGAGAGCCAGACCAGCGCCCAGAAAGCATCGAGTACGAGAATCATGACGGCGGAAATCACGACCGCGCGCGTGGCGCCGCGTCCCACGCCCTGTGCCCCGCCTTCCGTGTTCAACCCGGCGCGGCAGCCGATCAACGAGACCGCCGCACCGAAGCTCGCCGACTTCACGAGGCCATAGCGCACGTCGAAGTCGGTGAAGAAGATGCGCGCTCCCTTCAGGAACTGCGGTGTGGTGATATCGAGCAGCACCAACGACGCCACCCAGCCCGACAGCAGACCAACCAGCATCGCCACGGCCACCACGACAGGAAACATCAGCGTTGATGCGAGTACGCGCGGCACCACGAGATGACTCATCGGATCGAACGTGAGCGTTTCGAGTGCATCGATCTGTTCGGTCACGCGCATCGTGCCCAACTCGGCGGCGATATTCGCTCCAACGCGTCCGGCCAGCGCCAGACCCGTGAGCACCGGAGCGAGTTCGAGGGTGATGGTCTTCTGGACCAGCGTGCCCACAAAATACGGCGGCACGAGATCACCCACGGAGTAGCTCGCGAGCAGCGCCAGCACGATGCCGGTGAACAGCGCAATGAAGATGCCGATCGGGAGTGACTCGACACCGAGTACGCGCGCGTGCGTGCTGAACTCGGGGATCCAGTCCTTCGTGTCACGCATGGCCCGAAACGTCGCCGCGACGAATCGCGCGCCGGCACCGATCTGATCGAAGAACGATCGTGTGGTCCGGCCGACGGCGCTGATGCGCTGATGCAGCGAATTCACGGCCACCCGATGCAGATGCCGCCGAGAGAAAGATCAAGCATTAGTGGCAATGGTAGCACCGATCCCACCCCACGGGAGGGGCAAATCCCCGAGTTGACGGCATCCCGATTGACGGAGTAGGACAAGGGTGCTATCCTTTCATCCGGATATACGGATATATTAAAAACATGACCTCGCCACGCCTTGCAATCCACGACCGTATGGTCGAGCTCGCCGACGCCACCCGGTGTCGGCTGCTTTCGGCGTTGGAGCGGCAGGAACTGACCGTCGGCGAACTGGCCACCGCCCTGCAACTGCCGCAGAGCACGGTGAGTCGGCATCTCAAGATACTGGCCGACGAAGAATGGATCGCCTCGCGGGCTGAAGGGGCGAGCCGATGGTATCGCCGGAATCCGCAGCTCGACGCCGACATGCGGGCCCTTTGGGACATCGTCCGATCGGCCGTCGGCAGCACGCCGGCGGCGCTCCAGGACGCCGCCCGGATCGATGCAGTGATCTCGGCCCGACGCGCCGGCACGCAGGCGTTCTTCGCCACCGCCAGCGCGGAATGGGATGCGCTGCGCAACGACATGTTCGGCGCGCGCGCTGACCTGAGCGCGGCGCTCGCGCTCCTCGATGAGTCAGTGATCATCGGCGATCTGGGCTGCGGCACCGGTGCCCTCGCCGCCGCGCTGGCCCCGCACGTGGCGCACGTGCATGCC
NZ_CP053085.1_gap92	3793732	3796255	2523	TGGACGTTGCACTGGCGCCGCATGGCATTGGGCGGCTCGATCTGGCGATCGGCGAGGCGCAACGCACGACGGTCTCGATTCCCGGAGAGACCGATTCATCCAACGCGACGGCAGCCGACTCAATGGCGCCCATGGAGATCGAGGTGCTGCGCGGAGCCGGCAGCATACAGGGCGTGATTCGTTCAGTCGCGAGCGGCAGCAGCAATCCACCGCTGGCCAATGCGCGCGTCACCGTGTGGGGGACTGGACTCGAGGTGCGGAGCGCGAACAATGGCCGATTTGCGATGAGCGGACTGCCCACCGGCAGTTACATCGTGGAAACCGTCGCCATCGGCTATCAGCCGGTGCGCGAGGTGGTCGAGCTGCGTGCTGACGCTACGGTGACCGTCGAGACGCGCCTCGAACGCCTGCTCATGCTCGACACCGTGCAGGTGCGCGCACTACGGCGGCGTGCACTGGGCCCGAGCATTGCTGGATTCGAGGAGCGTCGGCAACGCGGCTTCGGCAAATTTCTCGGACCGGAGGAGCTCGACCGCCGCGTCGCTTCGCAGGCGTCCGACCTGCTCCGCATGATCGCCGGCGTGCGCATCGTGCCCGGCCCCGACGGGTATCGCGTGCTGCTGCGCGGAGATTTCAAAGGCTCGTGCGCGCCGACCATGTTCCTTGATGGCATGCGCATTCTCGACATGGGCGGCGTAAACAGCATCAACTCGTACGTGTCGCCGATGGAGATCCGTGCGATCGAGGTGTACGTGAGTGGCGCCGCGACGCCACCAGAATTCTCGAATGGCTTGAGCACCTGCGGCAGCATCGTGATCTGGACCGGGGCGCGTCGTTAGTCGCCACCCCGGTTGATCTGCATCTGCGTCGGTCCGTTCGCCTCGCCCGCCACGCGCGGGCGATTGTGCACCAGCGGCACCGGATTGCCGAATTGCCACTGCGAATTCTTGCGATCTTCGGCGGATACTTCCGACATGCGCTGCAGGAAGGGGAGCAGCGCCTTCTGTTGTGGCGTGACGATGGTGTCCATGATGTCTACCTGCGACCAGAAGATCGGCCAGTACAACTTGGTGGTGGCTTGTACGCTGTCGAGCGCCGCCTTGCCTGCCACCCCTTCGGGTTGCACGGCGAGGAAGTCGCCGAGCGCCTTGTAGATGACGCGGACCTTGGCGGAGTACAGTGAGTCGGCCTTCAACAAGGCGTCGATCTGCGGCTTGGTGAGAAACAAGGAGTCGCTCTCGCCCAGGATCATGCGATGTACGTTCGACGTGTTGCGCAGATAGAGCGCGGCGATCGAGTCGGTGCTGCGACGCTGCCACGTGTTCTTGGCCACGCGCACCGGCTCCAGGGCCCGTCGCAATTGCTGCATGTCGTACGGCACGGACAGATCGACCGAGAAGTCGAGCGTGACGCGGAACGGCTGCCGCGACAGCGTGCGAAAGGCACGGGTGTCACCGAAGCGCGGATTCACGTCGTAGCGGAACTGCTGCGTGGCCGCGTTGAAGCCCTTGGGCAGCAGCAATACCGGATCGGGCGTCGCCCGCGTGCCCCAGCCGCGGAGTCCATTCGCGCCGTGCAACGCCTGATCGAGTCCGGCCAGCGGGTTCTCGAGCACGATGTTGGCCGTGATGCGTCGTCCCGACGGACGCCAGTTGATGCGCGGCTGAATCTGCATGTTGAGCTGCTGCGTCCACGAGCCACGGCAGCTCATACGACCGGCCACGGTGCCCTGCTGTGCCTCGAGACATTCGCGCACATTGGCGGGAGCGGCCGACAGCAGCGCGCGCATCTGCGCCGCCGTGCTCGCGTCACTCTCGGTCGCGGGATTGGGCACGAAGGCGCGGTCATTGGCGCGCCCGTCGCCGTTGATGTCACTGCGTACGATCGGGGTGAACGGCAATCCCGACTGCAGTCGGCCGAACAGCGTAATCGTACCGATCTTGGGGAGCCCGATACCACCTTGAACCACCAGCGCGTGCCGTGCGTCGTTCGGGCCGGTGCCCCATTCCGTCACGCGCGGGTCACCAAAGCCACCGCCGTCGAATCCGCGATACTGCTGACGCACCTGCTGCAGCGTGTATGATGCCGACGTGTAGAACTGCACGCGTGGACGGAAGCGGAACACATCGGGGGCGATCGTCCCGGTGATCTGTCCACCGTAGCCGCGCAGGTCGCTGGTGCGCAGCGCCACGCGTCCGAAGGCGTTGCTGATGCGCGACTCACCCGCTGACACCGAGCCCGTGTTGGGATCGATCGCCCCGGTGCTCACGAATATCGGGCGGCTGTTCTCGCCCGGCAGTGTGAAACGCGACACACCGGCGAAGTTGGCGTCGAGCGTGCTGGGTTGCGAGAGATCGTACGAGCCGAGCGCGTCCACTTTCACCATCACCTTCCGGATGTTGGTGGCCCAGTTCAACGACGCGCGCCAACTGCGCGGCACATCGAACCCGCGATCCACCAGCGTGACGCTCGGCGCGCGTTCGGAGAGCGCCCCGGAGCCGTCGGCACAGGCGCTGGGCAGCG
NZ_CP053085.1_gap93	3813720	3815243	1523	CCGCGCTTCTGCGCGACGGCGATCGAGGGAGCGAAGGCGGCGGCCACCATCGCGGCATACAGTGCGACGCGGGGCAGGCGTGCGGTCTCTCTGCATCGAGAATTCATGCGACGTCTCCTGAGGCGGAAGCCGAGCGGGGCAGCGTCACGCGGAAACAGGCGCCGTGGGCTCGATCGGTCGACGGACGCAGACCAATATGCCCGCCGTGCGCATGGGCGATAGCCTGTGCGATGGCGAGGCCGAGTCCGGCGCCGCCGCCGTGCCCGCTGGCGTCGTCGTCGGGTTGGGACGAAGCGCCGTGCACGAAGCGCTCGAAGAGCCGGTCACGTAGGGCCGACGGCACGCCGGGCCCCTCGTCGTCCACGTCGATCTGCACGAGCTGATCGGTGGCATCGACGCGCACGTACACCGTGCTGGATGCGGGCGCGTGCTTGAGCGCGTTGTCGAGCAGATTCAGCACCAGACGGTGCAGCAGCACGCTGTCGCCATGTATGCGCAGCTCGGCGGTCGCGGGTGATTCGCTGAGCTGCAGTGAGACGCTTCGCGATTCGGCCAGCGACCGCACACTGCGCGCGGCCGTCGCCACCAGCTCGGCGATCGCCACCTCGCGATACTCGCCGATCGGACTGCCGGCGTCGACGCGCGCCAGCAGGAACAGATCGTCCACGACGCGCGAGAGACGCACCGATTCCTGCTGAATTACCTGCAGGGCTTCGCGATACTCCGTTTCATCGCGGGTGCTGCGACGCAACGTGACATCGGCCTCGCCGCGAATGATGGCGATCGGCGTCCGCAATTCGTGAGAGGCGTCGGCCACGAACTGTCGCTGCGTGCGGAACGCGTCGCCCACGCGACCCAGCAAGCCGTTCACGATGTGGGCCAGTCGACCGAGCTCGTCGTGCGGATTCACGACCTGCAGCCGATCGTCGAGATTCGCGGCGGTGATGCTGGCCGTGCGCGTCGTGATCGCGTCGAGCGGGGCGAGACTACGACGCGCGAGGGCGTAGCCGGCGATCACCGACGCGAGCAGCGCGAGCGGAATCGCCAACAGCAACGTGGTGCGTACGGCGCGCAGCAGCAGCCGATCGTCTTCGAGCGAGTGCAGCGCGGTGACGAGGAGGGGAGGCTCTCCGGGATCCTGCACCATCGGCGCGAGTCGCGTGACGCCGGCGCGCCAGTCGACACCGCGCATGTGAATGGTACCGACGGCAACCTGACGCTCGTCGGCAATCTCGGTGGCACGCGTCTGCACGATGTCGCGCAACAGCGTACGCACTTCATCGGGCAGGAGCACCGCGTCGTCGATCGTGTTGATCGATGTGCGCGACGGTCCGGGCTGACGGGCCGCCATGAGCTGCGCGCCTTCGTCGGCAATGAAGACTTCGAGATCGCCGACACGCAGTTCGCGCAACACGGCTTGCTCGGTTTCGCCACGCACCTCTTCCACATCGCCGCGGGCCTGCGCCGCCGCTCGTTCGGCGCGGATCGCACCGGCGACCACGCGCGCCGACTCGCGCACGGCG
