gap_id	start	end	length	sequence
NZ_CP133761.1_gap1	11717	15676	3959	ATCCGCATTGAATCCCGCCCCTCCAAGGTCATCAACTGGGAGTACGTCTTTTACATAGACGCCGTAGGCCACATTCAGGAATCCCCCCTACGGGAAACCCTCCCGGAGCTGGAACAGCACTGCTCCATGCTGAAAATCCTGGGCAGTTACGCGGATACGGACGTCATTTGACCGGCTTAATCTTTCTCCCCCCGCTTCATACCACCCTGAAAAACCATGAAAATCGCTACGATTGCCGCCCTGGCCCTCACCCTGGCACTTCCCTCTCTGGCCCAGCAGTCCGCCACTAAAATCGTTACGGAGAACGGGCAGCCCACGCTGGCCCTGGATGAACAGTTCGCGGCCCGGCTGCGCAGCGGCAGGACGGAACAAAACGCCCCCGCCACGGTTCCCTCGGAATTCTCGGCAGCCGCCCCCGGACTTCCCCTCCCCGCGGACGCCAACCACGCCGCTGTGAAGGAAACGGCGGAAGAGCGCAACCGTCGCATGGAATGGTGGAGGGACGCCAAATTCGGCATGTTCATCCACTACGGCCTGTATTCCGGGCTGGCCGGGGAATGGAAAGGCAAGCCCGGCGGTTCCGAATGGATTCAGAAAAACGTGGAAGTGGACACGGATTCCTACGCTGCGGAAGCCCTGCCCCTGTTCAAGCCCAAGGAAGGGCTGACGGAAGAATGGGCCCGGCTTGCCCGGGACGCAGGGTGCCAATACGTGGTGCTCACCAGCAAGCATCATGAAGGCTTCGGCCTGTTTGACAGCGCCCAGACGGATTACGACTCCAAAAGCGCCGTGAACCGGGACATTATCCGCGAATACGTGGACTCCTGCCGCAAGCGCGGCTTGAAGGTAGGCCTTTACCACTCCGTCATCGACTGGCACCACCCGTCCTATGACAACACCATCTGCCCGGACCTCTGCTATCCCGCGGGACAGGCGGAAATGCTTAAAAGGAAAAACATCCCGCGGGACCACGCCGCCTACCAGAAGTACCTGCACGCCCAGGTCCGGGAGCTGATGACCCGTTACGCTCCCATTGACATCATGTGGTGGGATTATTCCCAGGGAGCCATGGAAGGGGCCAGGGGCTGGAAAGCGCCGGAACTGATGGACATGGTGCGCTCCATCAATCCCGGCGTCATCATGAACAACCGCCTGTACGCCTATTCCGGCCTGAACCGGGACCAGGCCGGCACGCTGGACCTGCGCTGCGGGGACTACATCACCCCGGAACGCTTCATCCCCCGGCGCGGCTATCCCGGCGTGGACTGGGAATCCTGCATGACGGTGAGCGACAAATGGGGCTACAACCGGTATGACACCAACATCAAGTCTCCGGAAACCGTCATTGAAAAACTGGTGGAATGCGTCACCAAGGGAGGCAACCTCCTGCTGAACGTGAACCCGATGGCGGACGGAACCGTTCCGGAAAAAGTGGCCGCCACCATGCGCGGCGTGGGCCAGTGGCTCAAGATCAACGGGGAGGCCGTGTACGGCACGCGGGCCTTCACGGAACTGGACCAGCCCGCCTCCATCAACCGGCAGGGGGACATCTTCGTCTTCCTGGTTCCGCCGCCGGACAAGGGACCGGCCCAGCCTCCCAGCGAAGGGACCATGAAGGAACTGACGGAAGGCGCGGAATACGCCCGCATGCAGCCGCTGGATTCCACCGGATACGAGGACGAGGAAGGAACCTCCGTCTCCCTCCCCGCAGGCTACTCCAAAGCGGTGCTGCTGGGAGACAACACCGCCCTGCCCGTCGTCAACGGAACGGTTCTGTTCAAGGCGCACGAACACTCCAAAACGCCCTGTTCCGTCATCAAACTGAGCAAATAGCCCTCTTTTCCACTCATTTTCCTTATGGAGGAAGACCTTTTTTCCCTGGCGGCCGGCAAGCAGCCGTCACAGCAGGCAAAGGATGAAGCGGGATCCCAAGCCGGAGAACCGCAGGAAAGCGCCGCCCCCGTCCAGCCCGGCAAGACGAAGGAAGACGTGCGCAACCGCGTGGACTACCTGCGTTCCGAACTGCGCCGCCACAACCGGCTGTATTACGAACAGGCGGAACCGGAGATCTCCGATGCGGAATATGACGCCCTGTTCCTGAAGCTTGAAAAACTGGAAAAGGCCCATCCCGAACTGGCGGAGCCGGATTCACCCACGCGCCGTGTGGGGGGGCGCCGCTCCAGGGCTTCAACCAGATCAGGCACGCAGTGCCCATGCTGTCCATTGACGACATTTTCGAGCAGCGCGACGCCCCTGTTCCGGACGAGGAACTGGTGGAATTCTACAACAAGCTGGTCAAGGCGCTGAAAACGGAAACGGTGCCCGTCTCCGTGGAACCCAAGATTGACGGGGTAGCCCTCTCCATCATGTACCGCGACGGGCGGCTCGCTTATGCGGCCACGCGCGGGGACGGAGACGTGGGGGATGACGTGACGGCCAACGTCCGCACCATCCGCAGCGTCCCCCTCACCCTTCCCGCTGGGGCCCCTCCCGTGCTGGAGGTGCGCGGAGAGGTCTTCATGCCCAATGAAGCCTTTGCCAAACTAAATGAGGAACGGGACGCGGAAGGTCTCCCCGCCTTCGCCAACCCGCGCAACGCCACCGCCGGAACCCTCAAGCAGCTGGACCCCCGGCAGGTGGCCGCCCGTCCCCTGGCCTTCCTGGCCCACGGGCTTGGCGCGTATGAAGGGCCGGAACTCACGAATGTAAAGGATTTCTGGGACATGCTCCGCCACTGCGGCATTCCCTGCAATGATCCGGTGTATTATACGGACAGCCTGGAATCCACCCGTCAGGCCGTGCGGGACATTGACAGGCTCCGCCACACGCTCCCCTACGGCACGGACGGCGCCGTCATTAAAATCAGCTCCATGGCCACCCGGGAGGCCCTGGGAGCCACGGCGCGCGCCCCCCGCTGGGCGGCGGCGTACAAATTCCCCCCGGAACAGAAGGAAACCGCCCTGCTGAACATCATCGTGCAGGTGGGCCGCACCGGGGTGCTGACGCCCGTGGCGGAACTCAAGCCCGTGCTGCTGTCCGGCTCCACGGTGGCGCGAGCCACCCTTCACAACCAGGATGAAATCGACCGGAAGGACGTCCGCATCGGAGATACCGTGCTGGTGGAAAAGGCGGGGGAAATCATCCCCGCCGTTCTGAAAGTGAACCTTTCCAAACGTCCGGCGGATGCCAGGCCCTACAGCATTCTGGAAGCCACGGGGGGCCTGTGCCCCGCGTGCGGCAACCCCATCATGAAGGAGGAGGGAAAAGTGGCCTGGCGCTGCACCAACTTCACCTGTCCTGCGCAGGCCGTGTCGGGCATCACCCACTTCTGCTCCCGCTCCGCGCTGGACGTGGAAAGCATCGGCTCTTCCGTGGCGGAAGCTTTGAGAAGCTCCGGCCTGGCTGCCTCCGCGCTGGACCTCTTCTCCCTGAAGCTGGAACAGCTCGCCAACCTGAACCTGGGCACGCCGGAGGAACCGCGCCGCTATGGGGAAAAGAACGCCCAGAAAGCGCTGGACGCCCTGCAAAACGCGCGCGAGCTTCCGCTGGAACGCTGGCTCATCGCCTTCGGCATTCCCCTGGTAGGGGAAGTAGTCGCCAAGGCGCTGGCGGACACGCACCCGGACCTGGAGCATGTGGCGGACTCCTCCTACCTCCGGGACATCGTGCGCCTGGACGAGCTGATGGAACAAGCCGCCAAAACCAACCCCAACACCCGTGAAAACAGAAAGGCGGTGAAGGAAGGCGCGCTTTCCGCAGAGGCGGTGCAGGAGCGCCATCAGGAACTGACGGATGAAATCGACCGCCTGACCGCCCCCTATCTGGAAACGGGCTACCTGCGCAAGAACACGGCCAAGTTCAGCTATGGCTCCGAAATCGGCGTGGCGGCGGCCAAATCCCTCCAGAGCTTTTTCACCTCCGCAGCGGGGAACCATACGATGGACGTTCTGCGCGGCCTG
NZ_CP133761.1_gap2	18737	19509	772	ACGGATATTCTGCGCCGTGCTTATATCGTGCTGTTCCCGCCAAATGGTGCTTGGTTGTTGATTTTTGATAGTCATTTGCGGTTGGCGGAATACGGGCGTCTCCGTATTGATCCTTTCAGTATCGCTCCTGCGGGCTTCTTTTTGTTCCGCTATTGTCGTGATTCCGTCAGTTCATTGCAGCCGAGGCGCATTCACAGACACATCAATAAACATGGTATCAACCACATTCAGGGAGCTTGGCTTGTCGGCTCCCATTCTCCGCCAGCTGGAGAAACTGGAGTACAAGACCCCCACCCCCATCCAGGCAGCCTGCATCCCCCTGCTGCTGCAGAACAAGGACCTGATGGGACTGGCGCAGACCGGAACCGGCAAAACGGCCGCGTTCGCCCTGCCCCTCATTCAACAATTTTCAGAACATCCCAGAAAGCCGCTTGCCCGCCAGGTAAGGGCGCTCATCCTGAGCCCCACCCGGGAACTGGCCGCGCAGATTCATGACAACATCTGCGCCTATGCCAAAGGGCTGAACCTGTCCACCGCCGTCATCTTCGGCGGCGTGGGGTACGCCCCCCAGTTCAAGAAGCTGGCCGGCGGCCTGGATATTCTGGTAGCCACGCCCGGCAGGCTGATTGACCATCTGGAACGCCAGACCGTCAACCTGGGCGGTGTGGAAACCCTGATTCTGGACGAAGCGGACCACATGCTGGACATGGGCTTCGCTCCGGCCCTGAAAAAGATCGTCGCCAAAATCCCGAAGAAACGCCATACCCAGATG
NZ_CP133761.1_gap3	29433	31326	1893	GCACTACGCCGGAAATCACGCACCCCACCACGCCCAGAAACACGCTGCGGCGTTTGAGCAGCGTCCGAACCTCCACATGGGTGGAAGACAGGGCGCCCGCGGAATCAGACTCCAGGCGGGCAAACAGCAGGGGAATCATGCCCACTGCGGACAGAACGCATACCTCCGTCACCACCAGGGACATGTCGCTGGGAAACCAGCCCAGGAGGAGCTGGCCCAGCACCGTTCCCAGATAATAAACCACCAGGTAGGAGGCCAGAAGAATGCCGCGGGTTTTCAGTGTTCCGGCCCTCAGCAGGGCGCTCTCCACCACCACCCAGACCAGGGCGCAGCTTATCCCCGTCAGCAGCCGGAGGCCGCTCCAGGCCAGCGCGCCTGGAAACACAAGCAGCAGCAGGGTGGACGCCGCGCATAAAACGCACGCGTACTGGTAGCTCCCCTTGAAGCCGGCCTTGCGGATCACCCCGCCGGCCATCAGCGTGCCCGCCAGGTTCCCCAGAAAGAAAAAAGCCCCCACCAGCCCGGCCTCCCAGGTGGCGGCGTCAGACTGTTCCATCCACAGCGGAACCACCGTATTCAGAACGGCAAACGCCACCGTCTGAAAAAGAAGCCCCGCCAGCAGCAGGGCAATAGGCCAGGTAAATGTACGCATCACGATAAAGCGGGGACTATAGCACCAAAGCCGCAGCAGTCAACCGCCTCTTCCTCCGGAAATAAAAACAGGGAAAGCATTCCCGCAGAACAATACATAAATTATTGATAATAAACTATCAATAAACCATTAAAAAATATAGTGGACTGTCATATCCCCCGGCGCAGGGAGGCGGGCAGAATCTTCATCTGCTCCCGGTACTTCGCCACCGTGCGGCGGGCGATGTTCACCCCCTGCTCCTGAAGCGCGGCGGCCAGCCTGGCGTCACTGAGGGGCTTGGAAGAATCTTCCTCCGCAATCAACCGCCGCATCAGCTCCTGAACGGCGCCGGACGCCACGGCCTCCGCGCCCGCTCCGCCCAGGGAAGCGCCCCCCTCCGCCGGAACGCCCGCGCTGAAAAAGGCCCTTAGCTCCTTCATCCCCCACTTGCACAGCAGGTACTTGTCCCGGCACGCACGGGAAACCGTGGACACGTGCACCCCCATTTCCTCCGCCACCTCCTCCATGCCCATGGCCTTCAGCCGGGACGGCCCGAACCTGAAAAAATCCTCCTGCCGCCGCACGATGGCGCGGGCCAGGCGCAGCACGGTCTCCTGCCTCATGTCCAGGGCGCGCAGCAGTTCCTGCCCTTCCCGGAATGCCTTGCGGAGATACTGCCGGAGCTCCCGGCTGCCGGAGCTCTCCGCCATCAGCTCCATGTACCGTTCATTCATGGACAGGCGCGGCAGGTACTCGGAAGTGAGGACTACATCCAGACCCCCGGAAGGCCCTTCCTCCACGATGACGTCAGGCAGCAGATGGGGATTGCCGCCGGGAGCATAGGCGCAGCCGGGGTCCGGCGTCAGGCTGCGGATCACTTCCAGAGCCTCCGCCACGGCTTCCGGCTCCACGTCCAGCAGGCGCGCGGCCTCCTCATACTTGTGCGCCGCCAGCTCCCGCCAGCAGCGCTTGACCAGGCGGAAGGCGAGCGAACGCTTCAAGCCGCGCTGTTCAAGCTGAATCAACAGGGAATCCCTCAAATCCGCCGCTCCCACGCCGGGAGGGTCCATCCCCCTCAGCACGTCCAGGGCTTCCTCCATATCCCTCATGCTGAAGCACTCCCGTTCTTCCAGCTCCTGCGGGGACTCCGTCAGGAAGCCGCGGTCGTCCAGGGCGTCAATCAGCAGGAACAGGGCGTCCCGGGCGCGCCCGGTCAGCGCGGAATGCTGCGCCTGGTCCGTCAAATGGGTTTTCAGGGATTC
NZ_CP133761.1_gap4	32469	36584	4115	CTACATGAAAAAATACTGCAAGTAATCCTCTCCTTTCTTCTTCACCGCATGACGGACGGAAGAAATGTCCCTCTTCCAGCATTCAGTTTATGGAGCCGTAGCGCCGGGAATATCATTGGGGGAAATTTACGGCTCCTGCAGAAACATTTTCAGGCCTTTATGCTTGAGAATTTCACTACTCAGGATTAAATTACTTCGCTTAATACCCTTTGAAAATGAAATTTATTCTCGTTAGTGTAGCTATCTTCAACGTATTATGTGTATGTTCCGGACTTAGAGAACTGTGTTTTGATGAATGGTTCCATAGCACATTTTCTATTATATTTTCATCTATTGCCGCATTACTTTTTACCGTCTCATTCATTTTCTTAAGCAAGAAAATATGCAAGTAATCTAAAATATTGACTTTGAGTAAATTAATGAATAAACAAAATTTTTATCTATCAAGGGGAAATTCTAAAAACAGAGAACACCACGAATTTTCCCATTCTCATTATCTTCTTCATGACAATCGCTATTCCGTTGAATTACTGCACCTGGGCGTAAAAGAAACCGCCAACGCCAAATTAACTGATCCCCCGATCACGCAAAGGCTGTTATTCAGCAGTTTTTGCATTTGAAAAGAGTAATATTGCATAGGCGAATCTCCTGACGAAAAACGGGAAAGTCTCTCTACAACAGACTTCCATGCATTTGGGCAGTCCCTCATGGGGAATGTGCCGATTCTTCTCTCTCCCATGCACCCGGAACCCGGAAAAAACCGCGTGGAACAAAAAAATTGCTTTTTCCCGGGGATGTCCTAGAGTGCCTCTCCGCAATGAGCATGCCGCTTGCCGACTTGTTATTCCTGGCTTTTGCCCTCTCCGTAGACGCCTTCGTCGTGGCGTTCTCCTACGGCTTGCTCATTAAGCAAAAACGTTTGAGCAACGGAATCAAGCTTTCCCTCTCCACCGGGGCGGGACAATTCCTGATGCCCGTGCTTGGCTTCCTGCTCACGGGAACCGTGCACCAGTACATTGCGGCCTGGGACCACTGGCTGGGCTTTGTCGTCTTCACCTTCCTGGGGGTCAACGTCATCCGCGAGGGCTGGAACCACCGCAACGAAGAAGAGCAGATGCCCCACGTCACCAGCCTGACGCTGCCCACTCTTCTGGCCGTGGGAATTGCCACCAGCATAGACGCGCTGGTGGCGGGCGTCAGCATCTATCTCTCCTCCGCCCAGTGCGGCACCACCCCCACCCTCCACGCCGTTCTTCTTCCCGCCGCCGCCATCGGCTTCACCACCTTCCTGTGCACGGCGGCAGGCTTCTTCCTGACCCGGCGGCTGCACCGCTTCCCCACGTTCCACCTGGAAGCGGGGGCCGGGCTCATCCTCATCGGCCTGGGCGTCAAAATGCTCTGCGACCATTTGTGCTGAAAAATGCTCCGCAGCGCATGATAAAAATACTGTTCCGGCGCCGTAGTAAGTCGGAAAACAAACTGGCTCCGGCCCCTTTTTTCCGCTATCCTTAAACAAGCTTTTCCACATGAATATTTCACACCTTCTTCTCTGCACCGCCCTGCTCGCCGCACCCGTCTGCATGGCGCAGGATCTGACGGAACCTGAAACGGAAGCGCCGTCCGCCGCCGGCCAGCTTCCTGCCCCCCTGGCGCAGAAAATAGCCGCGGGCGACTTTGCCGGGCTGCAAACGGAACTCCGCTCCTCCCTCCTGAAGGCTGGGGAACAAACCAAATCCGGGCAAAAACTGCTTCAGGACAAGCAATACCGCCACCTGCTGAACATTCACGAACTCCTGCGCGTCACGGGACCGGACAACGTGAAGGCCGTTTTCTCCAAAAGCCCGCAGGACGCGGCCTTCATCAAGGCCTTTTTACAGGACCCGGCGTGGGTGGAACTCTACCTGGGCGCGGGCCTGATTCCGGAAAACTCCCCGGAAGGGCTTCAAATCCTTTCCGACATCTGGAAGGCGGACGGTAAAAACGCGGACTTCCGGGACTACCAATCCCTCGCCACCGGACTTGCCTCCGTCTTTTCCACAGGCCCCATGGCGGGAAAGCTGAAAACCAACTCCGCCAACAGCAACCCGGTGCGCCGTTACCAGATATTCAAGAAACTGCATCAGGAAAACAAGCTGCATCCCGGCTTCATCAAGCTGCGCCCGTGGGAAATGCGCTTCGTCGTGGGCCATACGTGGGACGACAAATCCTACGAATGGAGCAATGAGCACGTCAACCTCCCCTGGCGGCGCTATACGGACGCCTGCTGGGCCGCCCCCTACACGGGCAACAACTTCTTCGGAGACACCATCCAGGGGCCCCTCTTCTACGTGCCGTGGCGCGACGTCAACACCTCCGCGGAAAACACTCAAGTCATCGGCGGCGTCTGCGGCGGCCTCTCCTACTTCGGCACCATGGCGGCCCAGGCCCACGGCATCCCGGCCTACCCGGTGGGGCAGCCCGGCCACTGCGCCTATGCGGTGCGCGTGAAGCGCGGGGAATGGAAAGGCGGCTTCGGCGGACCGGACGGAGGCATGCACAACCACATCTTCGGCAGCCAGGCCCCCACCTCCTACCTGCTGATGGAAAACGTCTTTGCGGACAACGCCAAGGCGGACCAGGCCTACCTGTGGGCCGCGCAGGCCCGCCTGGACGAAGCCGCCGGCAACAAGGACAAGGCCATCCAGGCCTGGGGGGAAGCGCTCAAGCAAACCCCGCTGCACCCGTTCTTCCGCACGGAGCTTCAGCGCCTGCTGATGGAAAAGGAAGGCATGCAGCCCATCGACTGGTACGTGTACGCCAAGGACGCCCTCTCCCACTACAAGGGGAACGGCTTTGCCGCGTTCGACATCCTGAAGGACGTGCAGAACAAGTTCCTGATGGACATCCCGTCCGAAGACCGGATCGCCTGGTTCCGGGACCTGCATGAAACCATCGCCACCACTCCCACCTCCTGGGCGGTCAAATTCCAGCCCGTGCTGGACTCCCAGTCCGCCTTCCTGACCAATCCGCAGGAAAAGGCGGCCTATCTGGAAACGGTCCTCTCCACGCACCTGAAAACGGGGGACGGCACCAACTTCGGCCAGGCGCTGGAATGGGCCGTGAAAACCTTTGTGGAAAACGGCCAGGCGGACGTCTTCTCCAACGCCTTCGCCAAGGTAGCCCAGCAGACGGGGGAAGCCGGAGCCTCCGGAAAAGCTCCCGATCCCAAGAAGCTGAAGGAAGCCTACGGCAAAGCCATCTATGCCACGGAAATGGCCCGCTCCATTCCGGCCTTCCAGACCCTGAGCAAGGCGGCCGCCTCCTTCTCTGACGCCGATACGTCTGCCAACACGGTCAATGCCGCCATCCCCCAGGGTTGGAAGCTGGTGCCCGCGGACGGCATGGTCAGGTGCTCCACCACCTGCCAGTGGGACAGCCCGTGGGACCACATCAACCTGCTGCGCCCCTGCGGCGGCTCCCAGCATACGGACAAGGAAGCGAACCCCAACGTCATTGTGGAACTGAAAAATGGCGTGAACCTGGCCGGGCTGGTGGTCACCAAGCGCAACGGCAATGAAGACCGGATGAAGAAGATGGAAGTCTCCACCTCCACGGACGGAGCCACCTGGTTCCCCCTGGCCGCCACGGAAAACATGCCCAAGGAATGGGTCATCACCGCTCCGGAAGGCACCAAGGCCAAGTGGATCAAGGTGGAAGCCAAGAACGCCCAGCCGGAATTCATGCACCTGCGCCACATCCTCGTTTACGAAAAATAACCCCTGCACCCTTTTCCATTAACGCCATGTTTCATCATCTCAACATCGTTCCCGGCCTGCTGGCCGCAGCCCTCCTCCTGTCCGCGCCCGTCCAGGCGGCCCTCCCGGCCTACAGCGCCGTGAAGGACGAGGCCAAAACCGTCAACAAATACATGATCGTCGTGTGGGCCGGCACGGACTGGTCCCCCAAATCGCGCGAAGTCACCCGCGCCGTGGAGCACCTGGCCAAGGACTCCCCGGAACCCGTCCTCTGGTGCATCCAGGATGAACGGGAGGAAATGACGGAAGAGGAAAAGAAGCTGCCCAAGCCTCCCGGTGAAATCTGGAACATCCCGGCCATCCAGGTGGTTTCCCCCGCCG
NZ_CP133761.1_gap5	102111	106195	4084	TTCCGGACACAACGGAAACGCCGTGAGGGACTACCAAAACATGGCCCACAGGGAAGGCTGGCATCGGCTTCCCGCATCCTGCTTCCTCACACCGGACGGACAGCCGGCGCTCCAGTACAGCCTGCTCCGGCAGCATCCCTCACTCACCCTCACGGAAAAGCGGGATAACCGGCAGCCCGTCACCCTCTCCTGGAACAACGGAAAACTGGCCGTAGCATGCAGAAATACGGCTGCCATCGCCATGCCCTCCTGCGGACGCATGGTCCTCTTTACCGTCCGGCAGGACGGCATCGTACGCTACCAGGATAAAAAAGACGGCATCCCCCAGCAAAACGGGGGTGGATGGGACATGCTGATTGCTGTGCATGGAAACACCTGCCTCATCTGCTGGAACCGGGGCGCAGGCCTTCCGCCTCCTGCCGCCCGGAACAAACGGCTTCCCCCCGCTATTATATCTTCACGATGGAAAAACGGAAGGGCCCTCTGGCACCCGTCTTCTCCTTAATTCCCCACTCCGGCTCAAACACGCAGCCATGAACTATGAAGCCAGATTCGGCGGCATAGGCCGCCTGTATGGAAGGAGCGGGCTGGACATCCTCAGGAACTCCCGCATGGCCGTCGTCGGCATTGGCGGCGTGGGTTCCTGGGCGGCGGAAGCCCTGGCGCGGTCGGGCGTCGGCGCCATTATCCTGATGGACCTGGACGACCTCTGCATCACCAATACCAACCGGCAAATCCACGCTCTGGAAACCACGAATCGGACAATCCAAGACGGAAGCCATGGCCGCCCGCCTCCGGCAAATCAACCCGGAGGCGGAAATCATCTCCATCAACAGTTTCTACACGGCCTCCAATGCGGAAAAACTGCTGGAGACGAAACCGGACGTTATCATTGACGCCATTGACTCCCTGATTCCCAAGGCCCATCTTATTGCCTCCTGCTACCGCAGCAAACAGCCGCTGGTCACCTGCGGCGGCGCGGGAGGACGCGTCAACCCCGCAAAAATAGAAATAGGCGACCTCTCCCGCACTAAGGGAGACCCCCTGCTCTCCAGCCTGCGCTACAAGCTCAAAAAAGACTACGGCCTACCGCTGGGGGAAAAAGCCCGGAAACTGAAAATCCCCTGCGTCTTCTCCCAGGAAACTCCCGTCTACCCCACCTGCGACGGAGAAACCTCCTGCACGCGCGACCCGGAATTCCAGGGGAAAATGGGCTGTGACTCCGGATTCGGCTCCATCACCCACATCACGGGCACCTTCGGCTTCTTCGCGGCTTCCGCCGCCATTCAAACGCTCTTAAACAAGAAAAAAACACCATCACAGCCATGAACAAACTCCTGCTTCCCCTGCTGGGGGCCGTCCTCCTTCCCGCATTGACCCAGTGCAACTCCCTGGAAAAAGACATCGCCGGCATCAACGCCCGCAATGCGGAAATCGCCCGCGAACCCAGGGGCAACTACTTCGTCGGCCGCCGTTACCATGTGCCGGCAACGCGTTTCTGGGGGTACCTGCGCCAGCCGGGCCAGACCTGGAGAACGGCCCAGCTCGTCATCATGGATGAAAGCTCCTGCCGGACTCCGGACCGCCTGCCGGAATACGCCGGGAGCCCGCGCTACGCCTATGATAACAACTATGAATACAGGGTCTACGGCAAGTACACGGGCAAATACGGCTACGAGCCTAACTCCAACCTGAGGCTGCCCATCTTCAAGCCGACCAGGTTTGAAGCTGTCAGCACCGATCCCGGCTGGCTCTTCAAACCCTCGGAAAAATATGACACCAAGGCCGTCACCCTGCGCCCGGCCATCATGCCCGTGGCTACCTCCCTCCCGGTCCGCTAAGAAAATCCCTCTTCAAAAAACGGAATCGAAAGGATAAAAAAGAAGAAAAAGCTTGATATCTTCGTTCCTCTGCGCTAAAAACTCCCCGCCTTAAGGCACCCATGCTCGGGTGGCGGAATTGGTAGACGCGCTAGACTAAGGATCTAGTGTCGATAAGACGTAGGGGTTCGAGTCCCCTCTCGAGCACCATATAACCTTCTTTAAGTTAATTACTTAGAGATGGTTACTTGTTTTTGGGAGAGAGGAGCCAAAAATTTTATTTTTTGACGAATTGGGGGACATTCAGGGGACATACTTGTTGTCGAAAAGCATTGTAAAATAAGAAGAAAATACTCTTTTCTCTAGATGAAAATCTACACTAATTTGTAGCTGTCTACAATGTAATGACGAAGAACCCAATTTCTTGGGTTATCGGAGATATTCAATTATCTTTGCTCCATGTACTCAAATCGTACATAGCTCTCTCGAATAGATGATAGTTTCCGGGTACCCATGTGGCTTGGACACTCGGGAACCAACATGACGGAAAAGCACTACCGGGAAGGCGTTCGTGCTGCCGAAGGCAAAGCATGGTTCAATGTGTTGCCGGAAGAAACAGGTCATCAACATGCTGTTTTTGTTGATCTCCATCTTCAGATGTAGTAATCGATTTCTGTTGTCCGTTAGTCGCCATCGAGCGCAGGACTCCTTGACTCTCTCAAGCGTTTCATTGGGTTTTCTATAAACCCGGGACGTACAAGGAATGGTGGTCTAGCTCCTCATACCAGTTCTTTGAGTTCCACCTCCAGCGAGTTCGCCGGGGTTCCACGACAGGGGCATTTTTCATATTACTTAATAAGGTTAATTGTCCTGCGTTCTTGATGAAGGCAGGCACTCCGGCATAGCCGGGAAGGAGACTCGCTGAGTCTCATCACACTTGAACGGGATATCCAAACGAGATCCCTCAACTTTACTTTAACACCCCTTCAGCACAAGTACCTGAAGGCACCATTTTACCACCGAAACCTATTCCAGCTTCACAATCAACAATGAATAATTCTGCTATATATATTACTGTAGGTAATCCGTACCAAAATTCATCAGAAGTTCCTCTTACCCACGAAGACGCAATTCATGAATTAGCCAAAGATGCTTTCACGCTAAACGGTATCACCTCTCTTCCCAGAATCACTGTGGACAAGATGGTTTTTTCTGCTACTTACACATTACAAATCGACCCTGCATTTTCGACCATTCAAGAGAAACACTCCATTCTCAAGCATTTGGTCGAGACACTCAGTAGCTCGACCAACTGGAAGGAAAATACGCCCTATCCAAGGGGACTAATATACGGAGGATACTCCGACATTGAGGAAGAAGAAAAGGCATCACGAAAGCCACGTTTTAGTGAAACGAGTATCAGGAAAATTGGTTACAAGGTACATCCAAGAAAAGATTATCAGCCTTATTACTGCACAGGACGATTCCCGGATAAATTTTCCTTTATCTCACCAGCAACTCTGGCGGAACCAGCAAAGCCTGATACATTAACTAAACAGCTTCATCTCCCGGTAGAAGATGAGAAAAGCTTCGATCAAGGCCATTTTTACAACTATATGAATATTTGGATAAAGACGGCGCCATTATACACTGCGAGCTGAAGTGGACAGTCAACATATTCTGCAACCCGCAAAGATCACTTTACCATCACCCGGAGCTTTCGACAGAATGGAGTAATACGCCAGAGGGAGTAATACGTTCGTTCTACAGGAATCCTGAGATCAAAGCAAACAAGGACAACATCATTCCCGGAGACATGAATCAGGATATCTTTATCCAAGGGATGAAGAACACATGTGCTGGAGTATTGCGAATTGCCCACGAATCTTTGGTTCATGCTGTTAATGAAACTCGGATGAAGGAATTCGTGTGTGATGGCTATTTATCTTGGGAGAGCTCTTTGTCTAGTGGTGACATCAAGCTCGTTGAGACAGACTGGGCATTTCCCTGCAATGATGCTCCCTGTTTTATTTCAACCTTGCGCAAAGTGTTAAAGTCGACTGGGAAAAAAGTTACATCCCGAGATTACGGGAAAAACAATGCTACTGACGAACCTCGAAATGCGGTTGTCGCCTACTGCAAAAGAGGAGTAGAGCTGTCTATTTACGCAGAAAGCTTGAACATGATCCGTGCAGAGCTGCGACAAAAAGGAAAAACAGGACTTAATGCGTACAGGATAGGCGGATGTTCTATGGCAACATATG
NZ_CP133761.1_gap6	145210	148948	3738	GGGGCTTTCTTTTAGCTAGTCAGAACAATAATAAGTTCCATCAGCCGTACTACTAATTCGGGGTTAAGTATCACATGTTACACCTCCTTTCTTTAGTCCGGGACCAACCCGGCAAGCGGATATACAGGAATATCCCCTTTATTACAATTTATTTACAACCGCGCAAACTGAAAGTGCATCCAGTCATAATCCCGCTCCCGCCCCAGGGACACGCCGCCTTCATCTTCCACGAACTCCCAAAAGGCATCATAATCCGTTCCAGAAAGGCGTGCCTGCGGCCGATGAACTTTTAGGCCGTTATGGTCAGGGTCCATTCTACCGCAATCCCCCAAGAATGCATTGACGGCCGGCTAATGGTCATTCGGTAGCTTCCGCCATTGCGCCAGGCCGCCGCCCCTTGGCTTCTCAAGCTGCTGCCCGGACACAGGAAGTGCTGCACTCCTTGGCAAAAGTGACAGTTAGAGTTAGAGTTTAGACAACAAAAAAGCCGTACCCTGTGAGGACACGACTAGAGAGAGGAAGGCAATGTGACTTATCAGGCGTATCTATTTGTAAAAGAAAAAGAAATGAGCGTAAGAATTGCTAAAATTCCAATGATTGCGTATCCTGTGAATTGAGCGTTTCTCAGTCTTTGCTGATGCTTATCTTGAATATCCATTTTTTGCTTGTTGATGTCACGGCGGACGTCGCTAAGCCTGGTTTCTAAAGAATTTTTTGCGTCCAGTAGGTCGTTAATTGTGTTCTGAAGCTTTTTAACGGAGAGTTTGTGTTCCTCGTGGAGTTTTAGAAGGTCCTGGTGTGCTTTTTCTCCTACGGGCACTTTTGCCACGAATTCTTCAGAGTGTTCAAGGTGTGCAACTGGTTTATTATGCGGAGAGTTCAATTGCATAAATTTTTCTTCCGCCCGGTCCATTTGGACCAATTCTTTTTCCATAGTATCTATGGATTCCATGAGTTTTCTGTTTTGCAGGGCAACCGCTTTGTTCATGTTCCTGTGCTTTTTTTCCATGGCTTCCTTGGCTTCAATGATCGCATAAGAGGTTCCACGGCCTCCAGCCCTTCCGCTTGCCATTGATGCGCGGGCGGCGGACCTCATAGCGTCTTCCCGTCTTGCTATGTCTTCCGTATCACGTTTAATGATGTCAGCAAGTTTCCTATTATTAAGAGTTATCTGTTGTTTATTTTTATCAAGTAATTTAGCTATTCTGCCCGTCGTGTTTTAAAAGTCGCCAGCGTGACTTCCCATTCCTTAGCAGTTAATTCACGGTTAGCTAGTGCTGTTTCCACAGCGGCCTTTTTACGGCGTAAAGCCCGTTCCGCGTTCTGTTGTGCTGTTCGTTCCTGTTGTGCTTGTGTTTGTTTGAGGATAGTTTCTAACGCATCCCTCTTGTTCCGGAATGTTTCTTCTTCCAGGTCAAGAGTGTCATAAGATTCCTTTATCTTTCTCTCCAGATTATTGATTTTGGGCTCTGTAGTGAGTTGCAGCTTTTCCAGTTGAGAGTTCAGTTCATTTACGTTCTGGTCGTGTTGTACTGTCAAATGGTTATTGTACCATACTGTTCCAATGATGGCTAGGATAGTAAGGATGGATAGCAGATAGCGCATAGTTTTTGTAGCAGATACCGCCGTTATATATTGGCATTATTTGGCATGCAAGTTTTTTGTATTGGCTTGGTATTGGTGAATCAGGTTGTTTTCACACTTTCAAGAATGAGGGAGGGAACTCCCGTAAGTACGCTTTTTTGCGGCCTTGGTTAAATAGTTCTTGCCTTTTGCGCGGTGGTTGTGTTTACTCCGTCGCGCAGTCCCTGCAAACCTAATGTCGCGTTCGTCTAGCGGTCTAGGACTCCCGCCTTTCACGCGGGCAACACGGGTTCGAGTCCCGTACGCGATGCCAGTTTTTTCTTTTCCTTCCGTCTTGAACCGGAATCTTTTTTACGCCATCCCCCCGGTATGTTTCTGGATTTTTCCACCCGTTGTGGTATGGTTACTTCCGCCATGGCAGCCCAGAACGAAATTATGCTGAACGGAGCCCCGTATGGACTGGCGGAACCCTGTTCCGTTTCCCGGCTTCTGGAACTCTTGAACATGAACGGCAAACCCGTCGTCGTGGAGCACAACGGCTCCGCGCTCCTGCCGCAGGATTTTTTTCCGGGTTACGGTTTCTCCCGGAGACCGGGTGGAAATCGTCTCCATCGTCGCCGGCGGCTAGGCTCCCTTTTTCCTTTATTTCCCTTCCCAATCCGTCACCGCCATGCCCTCCATCCACGTCATGTCCCCCACTCTTGCCAGCCAGGTGGCGGCGGGCGAGGTGGTGGAACGCCCCGCCTCCGTCGTGAAGGAGCTGGTGGAAAACAGCCTGGACGCCGGAGCCAGATCCGTGCGGGTGGAGATACGCCGCGGAGGCGTGGGCCTGATCAAGGTGACGGACGACGGCTGCGGCATGTCCCGGGAAGACGCGTGCCTGTGCGCCAAGCGGCACGCCACCAGCAAGCTTTCCTCCCTGGAGGACCTGTTTGAAATCACTCACCTGGGCTTCCGCGGGGAGGCCATTCCCAGCATTGCCAGCGTCTCCCGCTTCAAGCTCTGCACCAGGCAGCAGCAGGCACTGGAGGGCTGGGAAGTACGCATCGACGGCGGGCTGGAGCACGAGCCGAGAAGTTCCGGCGTCTCCCCCGGCACCGCCATTGAGGTCTCCGACCTGTTTTACAATACCCCGGCACGCCGCAAGTTCCTGAAATCCGCGGAGACGGAGGCTTCCCATGTGGAGCACCAGATACGCCTGCATGCCCTGGCCTATCCCCAGGTGCGCTTTACCTACAAGCGGGACGACCAGCTCGTCTTCGACCTTCCGGCCACGGCGGACCTGCGCGTCCGCATCTCCGCGCTGACGGATGCGGCTACGGCGGCAGCCCTGATTCCGATAGAAACGACCATCGGGCCCGGCATTTCCGTCACGGGCTTCCTGCTCCCGCTTTCCGAGGCCAGGCGCACCAGAAAGGGGCAGTACGTCTTCATGAACACCCGCCCCGTGGAGGACCAGCTCATCAACCGGGCCATCCGGGACGGTTACGGCGGTTTTCCCACCGGGCTGCATCCGGCGCTCTTCCTGTACATGGAGGTGGAGCCCGCGCTGGTGGACGTCAACGTGCACCCCGCCAAGAAGGAGGTGAGGTTCCGCCGTTCCGCGGACGTGGTTAATACCATTGTGGAGGCGATTGCCAACACCCTCCAAAAACACGCCCGGCAGGAAATTCACGCTTCCGCCGCCGTGCCGGAGACGGACGGCGGCCCTCCGGAACCGCCTTCCGCCGCGCCGCATGGGGAAACACCCTCCCGGGCGGACAATTCCCAGGCCTTCCCTCCGGCAAAACCCCGCACGGCCCCCGCTCCTTCCTCCAAACTCCCTTCCCTTTCTTCCCCCGCCCCCAGCAGGCAATCACGGGAGGCTGTTCCTCTTCCCCCCCTGCGCCCCATTCCCCTGAAGCAGGTTCCCGCCACCCAGGGGAAACTGGATTTCCAGCATCAGGCGGAGGGCGGCGGCGCAAGGGACGCCTGCGGAAAGGCCGCTCCGGAGAGGGACGCCACCGCCGGGTTCACCTATATGGGAACCCTCCACCAGCAATTCGCCCTGTTTTGAAACGCCGGAGGGCCTGGTGCTGATGCATCCCAGGGCCGCGCGGGAACGCATCATCTTTGAACGGCTGCGGGCGCACCGGGAAGCGCCCATGCCGTCCC
NZ_CP133761.1_gap7	185117	187331	2214	CCCCGGGAAAGCGGGCCACGATGCCGTGGGCCATGCGCTCCAGCGCACGGGAAATCCCCGGGCCGTCCAACACGATTTCCTGTGACGGAGGAGGAGTCATCTGATGGGAAAGGAGTGAACGTTACAGGCCGGCCAGCTTCAGGATGCGGTGGGCGGCCATGGCGGCATTGACGGGGGTCTTCTTGTGCAGGCCCACCGTGGTGCAGGGCACTCCGCCCGGGCACTGGGCGATCGCCAGCAGGGCGTCAATGCCGTTCAGGGGGCCTCCGGGAACGGGCACGCCGATGACCGGAAGGGAGCAGCTCATCACCACCACGCCGGGAAGGGCGGCGGACAGCCCGGCCACAGCCAGAATGACGGCCTTTTCCCCGCTGGCTTCCAGCTCACCCAGGAACTTGACCAGCTCCGGGAGGTCGCGGTGGGCGGACAGGACGGTTTCTTCATACGGAACATTCTCCTGCGCAAAATACTCGCGGGCGGGTTCCATAAAGGGCTTATCATTCGGGCTGCCGTAGATGACGATGACTTTCATGGCTGTGTGTGCGGTTGTGAAACTTGCAGATTATGGCCCCAAGCCCCCTGCCCTGGCAAGACTTAACCTTCAAAAAAAACGGCGGGGGCCGCGGGCGTGAAGGATGCCCGGACGGAGGCGCAAAAACTCCGGAACGGCCTCACCGGGCACACGCCTTTTCCCCCATTTCACCCATCTCTTTCATGGTCTGCCTGTGAAACCGCCTCTTCCCCTGTTCCGCGTCTCCACTGCCCGGAGCTTCCGGAAGGGTCTCCCGCATCCTCCGGAATAACCGCCTTGCCTGACTCAAGGTCCTTTTTCCACTGGTAAAGGCGCTTCAAAAGGTCAGGGGCGCTTTCCCCCTCCCTCTTCATCGTCCCACGGTCCAGCCAGTCAATCAACGCATTCATGGAGCGGCCCAAATCATATTGATGGTCAAACCGTTCCCTGGCCTCGTCCAGACTGGCCATGAGATTCTGCACAACGGATATGTCTTTCCGGGAAAAATCTCCCTTCCAGTATTCATCCACCATCTTCAGGACGTCAATATACGACTCCCGGAAATCAGGCGGACATTCCGCCTCAAACCGTTCCGGCATGAGGTCAAACATGCTTTTACTCCTGTCACCGGACGGAGTTCCCCGTTCCAGGGAAATAATTTCACAGCACAATTCAAGCATGACACGGTACTTGAGGATAGCCGCGCGGGCTTTCCTGAACTGCTGCACTTCCAAATCCACATTCGGCATGAGCGGTTCCACAACGTCCTGTCCGCTCAATACGCCACAACCGCATCCCCATGCCATACCCGCCAGGGAAAACCATTTGAATAATTTCATCGCCTTTTCAGCGGTGAAAACCTTTTTTCTTTCCCGCACCGGAAACAGCAACAAGCCCAGCCTTCTCATCCTTCCTTCCTCTCTTGGGATATAAACTCCACAGGAACAGCCAGTTTCCCGGACTCCAAATCCTTCTTCAACCGGAGCAAATCCTTCAGGAATATTTCAGGGGCATCATTCCTTTTCCCGGTCTCCAACCGCTTATCAAGCCATTCATTGGACAAATAAATCGCTCGTTCTATTCCATACCGCTCATCCAGGCGTTTCATCACAGCCTCTATCGCAGCACATTCCTTTTTCCCTTGCGGCGTCTCCATCCATTCGGGATTTTCATTCAACGCGGCTTTTATTTTTTCCACATGCTCCATCCATTCTTTCCGGAACATCTCCGGACACCCGGCTGAAATATTTTCAGGAAGCAGATTCAGCAGCCGCTTGCAAAGCAGCCCCGCATTAACATTTCCCTTAATATCAGATTCCAGGATGGCAATCCGCCCGCACAAGGTCCAGAAAAACATGTACCTGGCAACGGCGGCACGTTCCCGGGCAAATTCCGGCGTCTGCCGGTACCTGTCCACATTCGGCATGGAGGGTGACGCCACATCCTGCCCCTGCGCCATTCCCAGGCAGCAGCCCGCCAAGCCTGCGGCTAAAATCAGCTTGATCATTAGTTGATAAGAGCATCTGCCGGGGATAAAGTCCATCCTTATTCCTCCTTCTCCCCACACTTTTTCTCCGGAGAGACAGCCCCTTCTTTTTCCGGAGGAGGAAGACTGCGTTCCACATCCTCCATCTGCTCCATCAGGGCCGTGATGAGCGCTTCCCGGTCTGTGGCCGCTTTCATCTGCCTTCTGAGCTCCCGGT
NZ_CP133761.1_gap8	335086	338685	3599	GCCCTGGGGAATACCATTTACGTGGGCAAGGCCAAGGACCTCCACCGCCGCCTGGGCAACTACTTTTCCCCCACGGGGGCCACCCTGTCCAACCACAAGACAAGGGCGCTCATCAATGCCATTGCGTCATTCGACTACTTTGAAACCAGGAACGACCAGGAGGCTTTTCTGCTGGAAAGCAAGCTCATCAAGCAGTACCGCCCGCATTACAACATCCAGATGAAGGATGACAAGCGCTATCCCCTGCTGAAGATTCCCAAGGGGGAAAAACTGCCGCGCTTCCAGCTGGCGCGGGTGCGCAAGGACGACGGAGCGCGCTACTTCGGCCCCTTTGTCCACTCCCAGGCGCTTTACGCCACGCAGGAATGGCTGAACCGGCATTTCCGGCTGCGGACCTGCAAGGCCAAAAATCCGGGTCTCCACGAGTTCAAGCACTGCCATGCGGACGTGATACGCAACTGCTCCGCCCCGTGCATCGGGCGCATTTCCGTGAGCGACTATAACCGGAACTTCGACCAGGCGGCGCGCCTGCTGGAGGGGACCGGCAAAAAAAGCACTCTGGACGAGCTCACCCGGGAAATGATGCAGGCCTCCGACGAGCTGGACTTCGAGCGCGCAGCGTACCTGCGGGACATCCGGGACAACCTGGTCAAGGTTCTGGAGCCCGCGCGGCGGTTCCAGAAGGGAACGCCCAACCTGCCCGGCACCGTGCGCCCGGAAGAAGACATGAAGGAACTGGGGCTGGCCCTGGGCCTGGAAGAGCCTCCAGCCATCATGGAATGTTTTGATATTTCCAACGTCTCCTCCAACCACATCGTGGCCTCCATGGTGCGCTTCACCAACGGCAAACCGGACAACAAGGCCTACCGCCGCTACCGCATCCGCACGGTGGACGGGCAGAACGACTTCGCCTCCATGTCTGAAGTGATCCGGAGGCGCTACTCCCGCATTCTGGCGGAGAGCGACGCCGTAGCCTCACGGCCCGCAGACATGACCCTGTACCAGTGGCTCAAGAAGCTCAGCGGAGAAGGAAAAGCCCCCATCAAGGTTCCGGACCTGGTGGTGGTGGACGGCGGCAAAGGCCAGCTCTCCTCCGCCCTGGCCGATCTGGAAGCCATCGGACTGGGTGACATGCCCATCGTCGGCCTCGCCAAGCAGCGGGAGGAAATCTTCTTCCCCCACCAGCCACAGCCCCTCTGCCTGCCGCACAGCACGGGAGCCCTCAAGCTCATGCAGCGCATCCGCGACGAAGCCCACCGCTTCGCCAACGGCTATAACGAACTGCTTTACCGGAAGCGCATGCGGGAAAGCGCCCTGGACGACGCCCCGGGCATGAGCGCGGCAAAAAAAAGCATGCTGCTGGAAAAATTCAAGTCCGTGGCCGCCATCAAAAGGGCGGACCCGGCTTCCATCGCCGCCATCCGCGGCATTTCGGAAACCTGGGCCCGCAACCTGCTGAACTACCTCAATTCATCCTCCAACTCCTGACTTCTCATGCAATTCCTGATTCTGGCCGCAGGCAAGCCGGCCCTGGGCTATGCCCGGGAAGGCGTGGAACTCTACCTCAACCGCCTCAAGCCTTTCGGCAAGACGGAACTCAAACTCGTCAAAGACGGAAGCTCCAAAGACGTTTCAGAACGCCTGCTGGCCGCCAGCGAGGGCTGCCTGCGCATCGCCATGGACGAACGCGGAGAACTCTGGACCACGGAGAAGCTGGTCAAACTGGCGCGGGACTGGCAGATGCGTTCCGTGCGCCGCATCGCGTTCCTCATCGGGGCCTCGGACGGCCACACGGAAGAACTGCGTTCCCGGTGCGGCCATATCCTGGCCCTGAGCAAATTCACCCTCCAGCATGAGCTGGCGCTCGTCGTCCTGCTGGAACAGCTTTACCGCTGCCATACCATTCTGGCGGGAACGCCGTACCACCGGTAAACGGCTAAAGCTTTCCTTGCTGCCGCGGTGAGTCCATCAAGGCTTTCACCGTCACGGAAACGGCCGCGAGCACGGCCACACCCCATGCCATGGAGTCGCCCGCAATTCCCGTGGCAAACGCCGGAAAAGGATTGAACGCCACCGCAAGGGAACCAAACACCCAGCCCCAGCCGGGAAAGCCTTTCTTAAAGGCCACGTAAGCCAGATAGAAATACAAGGCCACGCCTGCAAATTGAAACAAAGGGAAAGCGGGACCGTATTCCACCTTCCTGAGGCCGGAGACATTGCCCGCCATGCGATGGGAATGTTTCAGAAAAGAGGCTATCACCAGAAAAAGCGGAGCAAGCAGTAAAGGAGCAATAGGGAAAACGCTTCTTTCCGTTTTTTCTTCTTCCGGAGAAGAATCCGGAATTCCGTCCTGCTGCCGACCTTCTTCCATAATAATTAATCGTAACAGCAACCAGCTTCCCCTGCAACGAAAAAGGAGTACTCCGCAGGGAGCACTCCTTTTCCGAGAAAGAAATGGTAAAGCCAGTTCCTTCGCAGCCAGCCAAGCTTAGCGCTTGGAGAACTGGTAACGCTTGCGGGCGCCGGGACGACCGGGCTTTTTACGTTCCTTCATGCGGGAATCACGGGTCAGAAGACCGAATTCACGCAGCTGGGCGCGGGAAGCTTCATCAACCTGAACCAGAGCGCGGGCAATCGCCATGCGGATGGCGCCCACCTGGCCGTGAATGCCGCCGCCCTTGGTGACGACGTTCACGTCGAATTTGTTCATGGTGTTGGTAACCTGGAAGGGCTGGAGAACGGCGTTCTGCAACTGGACGGTGGGAAGGTATTCTTCAAAACCGCGACGATTGATCGTGATGCGGCCGGCACCTTCAGTAAGCCAAGCGTGTGCAATGGCGGTCTTGCGGCGGCCGGTGGCGTTGTATGGGGTTGTCTGACTCATGTCTGGGGAAATCAATTAGAGAGTGATGGCAGTGGGCTGCTGGGCTTCATGAGGATGACCGGCGCCGGCATAAACCTTCAGCTTGGTCATTTGCTGACGGCCCAGGCGGGTGTGGGGCACCATGCCCTTGACGGCCAGTTCCAGAAGAAGTTCGGGGCGGCGGGCGCGGATTTTCCGCGGAGTGTCCACCTGCTTGCCGCCGACGTATCCGGAGAAACGGGTGTAAATCTTGGCGTTTTCCTTGTTGCCGGTCAGCACCACCTTGTCCGCGTTCACGATAATGACAAAGTCGCCACAATCAACGTGGGGGGTGAAAATTGTCTTGTTCTTGCCACGCAAAATGTTAGCCGCTTCAACGGCAACACGGCCGAGCACCTTGTCGGCAGCGTCTATAACATACCATTTGCGCTCTACTTCTTGCGGTTTGGCTGAGAAGGTCTTCATGGTTCAATTCTTCGTTCTCGTTTTTCGGCATCCTGCCGTAATCTTCCAATTCGGGGGCGCATTCCTAATGATTATTCGCGTAAATGTCAAATACTTTTTCTCTTTTACTCCCCTTTTGCGGCCTTTTTTCCGTCCCTTCCGCAGAATCGCGGCTTAATTGCGGCGTTTCCACATTCAGGACTTGCCCTCGTGGAAATATGGCCTATTATTCGCCTGCGCGAAAATTCGTACACGCGCGTTCATTTTAACCTTACAAGGAGAATCCTATCAG
NZ_CP133761.1_gap9	343197	343766	569	CCTGGTCCGCCTTGAGCTGGCGAAGGGCCGCATTGTTCACGACAAGCTGTTCCGTTTCAGCAACGATGGCGTCATGCTTGCCCTGCTCCGCCTGCTTGACTACTTCCAGCTGCTTGGATTCTTCTTCCAGTCCCTTGATCTTGTCCGCAATGGCCTGGATACTTTCCATGTCCTTGCTCTTGGACTGAAGTTCCGCCAAGGCTGTTTGTTGCGCCTGGAGGTCCGTCTTCTTGGCCTCATTGGCGGCGGCCAGCTCCTGGTTCTTGGCTTCCAGCTCGTCCTTCTGCTTGGTCAGGGCGTTGATATCGTTCGTCAAAGCCTCATTCTTCACCAGGAAGTCGACATATTTTGTCTTTTCTTCCGTAAACTCGCCGCGAAGACCGTTCAGGTTCTTATAACGGGAGACGCATTCCTTACGCTCCTTGGTTAGAGCTTCCTCGTTATCAAGATAATACATGGCTCCGCCGAGAAGAGCAATGACCAAGGCTGCTATTGATACTTTGACCCACATAGGAAATAATAGAGATGAGAAGGTTCCTGTTACTTTTGTGAGATTGGCATGAACATTT
NZ_CP133761.1_gap10	492129	494830	2701	TCCCCGTTTTCAGCGTGCAGTACCACCCGGAAGCCGCCCCCGGCCCCAGAGACCCCCAGTACCTGTTCCGGGACTTCAAGCAGATGATTGCGGCCAGCAAACGGCAAACCGCCCGCTGACAGTGGCATTCCTCTTCCATGACCAGAGCATTTTCCTCGTCACCATGGGAAAAATGCGCTATTTATGCCCGGGCACATGAATTGCGGCTCCGGCGGAGGTTTTTCCTTTCATTCATCAACCTCCCCAACCAACAAACCATCTACACACAGCACATGAGCAAAATCGCATTAATCTCCGGCATCACGGGACAGGACGGTTCTTTTCTCGCAGAGTTCCTGATTGACAAGGGCTATGAAGTACACGGCATCCTGCGCCGCTCCTCTTCCTTCAACACGGGCCGCATCGAGCATCTTTACCTGGACGAGTGGGTGCGGGACATGAAGAAAAACCGGCTGATCAACCTCCACTATGGCGACATGACGGATTCCAGCTCTCTGATCCGCATCATCCAGACCGTGCAGCCGGATGAAATCTACAACCTGGCGGCCCAGAGCCATGTGAAGGTCAGCTTTGACGTGCCGGAATACACGGCGGAAACGGACGCCGTGGGCACCCTCCGCATGCTGGAGGCCGTCCGCATCCTGGGCATGGAAAAGAAATGCCGCATTTACCAGGCTTCCACGTCCGAACTCTTCGGGCTGGTGCAGGAAGTTCCCCAGAAGGAAACCACGCCGTTCTATCCCCGCTCCCCCTACGGCGTAGCCAAGCAATACGGCTTCTGGATCACCAAGAATTACCGCGAATCCTACGGCATGTTCGCCGTCAACGGCATCCTGTTCAACCACGAGAGCGAACGCCGCGGGGAAAACTTCGTCACCCGCAAGATCACGCTGGCGGCGGCCCGCATCGCCCAGGGCATGCAGGACAAGCTTTATCTGGGCAACCTGAACGCCCTGCGCGACTGGGGCTACGCGAAGGATTACGTGGAATGCATGTGGCTGATTCTCCAGCACGACAAGCCGGAAGACTTCGTCATCGCCACCGGGGAGATGCATACGGTCCGGGAGTTCTGCACGCTGGCCTTCCGTGAAGCCGGAATTGAGCTGGAATGGGAAGGCGAAGGCGTGGAAGAACGCGGGCGCGACAAGAAGACGGGCCATATCCTGGTGGAAGTGGATCCCAAGTACTTCCGCCCCTCCGAGGTGGAACAACTGCTGGGAGACCCCACCAAGGCCAGAACCCTCCTCGGCTGGAACCCCACCTCCACCCCGTTTGAGGAACTCGTGCGCATCATGGTCCGCCACGACATGGAATACGTCAAAAATCCCGTCAATTCCTGAGATGGAAAAAAACAGCAGAATATTCGTGGCCGGACACCGCGGCCTCGTGGGCTCCGCCATCTGGAAATCCCTGGAAGACAGGGGTTATTCTAACCTGATCGGGCGGACGCACCGGGAACTGGACCTGGAGGACCCGGCGGCCGTGCGGGAATTCTTTGACCGGGAAAAGCCGGAATACGTCTTTCTGGCGGCGGCGTTCGTGGGCGGCATCATCGCCAACTCACGGTACCGGGCGGACTTTATCTTCCGCAACCTCCAGATCCAGCAGAACGTCATCGGGGAAAGTTTCCGGCACGGCGTCTCCAAGCTCCTCTTCCTGGGGAGCACCTGCATCTATCCGCGAGAGGCACCCCAGCCCATGAAGGAGAGCGCCCTGCTCACCTCCCCGCTGGAATACACCAACGAGCCCTACGCCATCGCCAAAATCGCAGGCCTGAAAATGTGCGAGAGCTTCAACCTCCAGTACGGCACCAACTACATCGCCGTGATGCCTACGAACCTGTACGGCCCCAATGACAACTTCCACCTGGAGAACAGCCACGTGCTGCCCGCCATGGTGCGCAAGATTCACCTGGCCAAGCGCCTGATGGAAGGGGACTGGGACGCCGTGCGGAAAGACCTGGACGCGCGGCCTGTGGAACAGGTGGACGGGACGGCGCCGGAAGAAGCCATCCTGGACGCGCTGGCCAAATACGGCATCACCCCCGGTTCCGTGGAACTGTGGGGAACGGGCACGCCCCTGCGCGAATTCCTGTGGAGCGAAGACATGGCGGACGCCTGCGTCCACGTGATGGAACAGGTGGATTTCAGCCAGCTGAAAGGGGAAGACCGGGAGGTGCGGAACTGCCATATCAACATCGGCACCGGAAAGGAAATCTCCATCGGCGATCTGGCGCGCCTGATAGCCGCCACGGAAGGCTACCGGGGAGAACTGGTATTCAACGCGGACAAGCCGGACGGCACCATGCGCAAGCTGACGGACGTTTCCAAGCTGCATTCCCTGGGCTGGACCCACCGGGTGGAGCTGGAAGAAGGCGTGGAGCGCATCTACCGGTGGTATCTGGGCCAGGCGGAAGCCGCCGGAAACTAAGCCGCCCAGCATCTCCGGCAGCACGCACTCCTCCATGACCCATTTTCCAGACAGCCAGGATACGGCGCCCGTCAAACCCAGCCTGTGGGCGCTGAGCCCCCTGCTGGTTTTCTTCCTGCTTTACCTGGTCATCTCCGTAGCCGTACAGGATTTTTACGCCGTTCCGGTGACGGTGGCCTTTACGGCGGCGGCAGTCTGGGCCGTGCTCATCACCCGCGGGAAAAGCATGGCGGAACGGGTGGACCTGTTTTCCTCCGGCGTAGCCAACCGG
NZ_CP133761.1_gap11	514311	514977	666	CGCCGTTTACCGCCTCCCCGGTGCCGTGGCACCGCAGGCAGAGCGTGTTATCCTCCTGCGGAAGCTTCAGCGTTCCCGTATGCGGGTCATGGCAGTCCAGGCAGGTGACGCCCGCCTTGCCCATGCGGCTCAGGCGCAGCCCGGTTTCGCAATAATCCTCATCCCTCTGCATGCCGTTGGGCCAGAAAACGCCGGGCTGTACGGGAAGCACGAGCTGGAAATGGTTGTCAAAACGGTCGCCAACGGCAAAATCGTGATCGAATTCATCCCGCCGGGCATGGCAGGACGCGCAGTTGTCGTGAATTTGCTCCGGCGTCAGCTTGTTTTTGGTGGAAATCATGCATCCCGTTCCCGCCTCCGGCTTATCCAGCAAGGGGCCGTGGCACTGGATGCAGGTCACGCCGGGTTCTGTCCAGGTGGAGGCATAGCGGTCCTTGACCGGATCATAATTTTTATGGAACAGGGACATGTGGCACCACGCGCACTGCGTGTTCCAGTTCATGCCGCGGCCCGTCCAGTGCCCCCAGTCCCCTGGTTGCCGGGCATCCTTGCCAAAGATATCAAACCATTCCTTGCGGTTCACGTCCCACGCGGCGCTCAGGGTATGATAACCGCCGTCCTTGGCGGGAACCAGGTACTGCACCAGGGGGATTCTCCCCGTGGCCC
NZ_CP133761.1_gap12	528222	531587	3365	CATCCTTCTCTACGGACGCCTCTGACTTTACAAGCTCCTTCTTCCCGGAGGAAGCTGAATTTGCGCCAGCCCGCTGGGCGGACGGCTTATGCACCGTTCTGAAAATACCGGACGGCTTTTTCTGAAGCTCGTGAATATTCCAATCCCCGTCTCTGACAATCACGCGGGTTCCCACGGGAGCCACTTCAAACAGGTTCTTCGCCACCAGATGGGGGATGCGGATGCACCCGTGGGAGGACGGGCGGCCGGGCAGGTACCCCTCATGAATGCCTACAGCCCCGTTCACCCTCATGAAATAGGGCATCTTGGCCGGTTCAAACCTTTCTCCGGGCCGTGCGGCATCCTTCCGTATATCCCCGTCCCGCAGCTCCCCGGCGGCATTGATGAACGCGCCGTAATAGGAATGGTGGTCCGCATCCTTGGAGGCGATGCGGAAATAGCCGGAGGGCGTCATGCCGGAACTCCTTCCGGAACTGATGGGCGCATACGCGATGCGGTGCGTCCCGCGGTACACGTACATCATCTGCTTCTTCTTGTCCACCACGACCAGGAGCTTTCCGGGCAGGGACGGATCGTCCTCCCATTTGAGCAGGTGTCCCGGAATGGTTCCGCTTTCCTCAAAATACCCGGTCATTTCCTCCACCGGAACATTGGAAGAGGAAGAAGGGGAAGAGCCCCCACCCGTGGTGCCGCAGGAGGAAAACAGGAACGGAACGCACAGGCAGGGAACCAGCAGATGGAAAAGGGGTAACTTCATCTCGGGGAGTCGCATCACTGCGTTAGACAACGGAAAGCCGGAAAAAGGAACCGCTTTTTGACAAAACTGTCAACCATCAATCAAAAAAATCTCTTCCCGGCCCCGTTTTCCTTCCATCACCACATCCGTGCGCGCCTGCCGCGGCCCCGGTCATTCCCGGGCCCGTGGAGCAGTCCATGGGACCACGCCTCTGCAAATGTGCGCGCGGCATCCGCCGTATGGGAATGTCCGTCATGCACGGGGCTCTCCACCACGGAACCGCCCGCACCCGGCGGCCTGGACCTGTACAATTCCAGATGTTCCACGCCGCCGGGCTCTTCCTCTCCGCGCACGCCGCGCACCCTTTCCTGGGTGCGGGCATGGAAGAAGCTGCGCTCCAGCAGTTCCCGCAGCGTATTGATGCCGCGCCAGACGTCCGTGGTCCTGGGAACGACGCGCACGTTCGCCAATCCCAGACGTGACATGTTCTCCACGTAGGAAATGCCGTGGGCATCCCTCCGCGCGGCGTCGTGGGGCAGCAGATGGGCCGTTACCGCCACGCCGTGCGCCTTCTCCCATTCCTTCATTTTTTCCACATAATGGGCCAGGGGCTGCTGGTTGGCGGCGTAATGGTCCAGCCAGTGGAAGCTGTCCCCCATCACCTGCACAAGCCAGATGGCCGTATGATCGCTCAACCCCAGGTCCCACGCCGTGAAGGTGGGGGCGTCCGGGTCCGCCGCAAACTCCGTCCCCACGCGCCCGCGTTCCCGCAGGGCCATGATGCGGCTGCCGTAAATGCTCCCCTCCTCCCCGGTGGAGAAAGCTTCCTGCGGCGTTCCCGGGTACTCCTGCTTCATGGCCGCCCCCATCACGCGGGCCATCCTGGCGTACCACCTTTTCTGGCCCGCATCCAGCGCCACCCCGGTTTCCCGTTCCAGGGAAAGGAAGTACTCGTCCAGTTCCCGGCTCCATCTGCCGCGCCCCGGCAACGTGTACTCCTCCTGGTCAAACCAGCTAAAGAAGAAGAACCGGAAATCCAGGGGAGAAAGCTCGCTCTTGCCCATGTTCTCCATGGCCTGGCGCGTCAGTTCGTAATTCACGCCGTACCGGCCGCCCTCATGGGTGCTCTCCTTCAGGATAAAGCCGCCGGGGGGCACCGTATTGATCGCCCCCGTGCGGATTTCCCTGGCACGCCACGGGGCGTGCACGGAAACATGCGCCAGCTCGGAAACGTGCAGGAACTGCATGGTGCCCCCGCGCAGGTTCGTCCCCACGCGCACGTCGCTCCCGTTGGCGAAAGCCAGGCGGTTGCGCGCAGACGTGCAGGGCCGCCATTCCCCCTTCTTCTCCACGCCGGACAGGCTCTTGATTCTCTCTCCCAGCCGGGCCAGGGCCACATCCATCGCGGAAGGGTCGGGCGGCACGTAATCCAGATGGTCCCAGGCGAAACGCAGCTTGGCAAGCTTCTGCTGGGCGTCCGGCAGGCTCTTATCAATAATGCCGCAATGGAAATTGGACCGGAACAGGCTCATGTCCAGCATCAGCATGGCCACATACGTGGAAATGCCCAGTTGGCGCGCCTTCAGGATGTCGTTCCTGTACCACAGCCGCTCATGCAGCCGCCGCTGCGCCCTGTTCAGGGAGAAGCGCTGGAGCTGCCCGGCCTTGTTTTCTATCCAGTACAGGTGCTCCAGCCTCCAGAGCTGGCTGGACAGGACAGACTGCCAAGGCTGGCTCCAGGATTCCGTCAGATGATTAGAAGTTTCCATGTTCCTCCACTAGTTCTTTCAGCAGGACTCCCTCCCTGGTCATTCCCTTCAGGGCCTCCGTCCCCTTGTCCAGGGGCAGGCGGTAGGCCAGGGGATCGTTCAGCACGTGGGAGACGAAGCGCAGAGCCTGAACCATCACGGGATCAAGCAGGTCAAGCTCCCCCCTCAGATAGCCTGAGCGTACCCCCAGCTCTTCATACAGCCTGACGACGTCTTCCATGAAGCACCCAACGGCCTGCTCCCTGTTCCACCACCAGCGTTCCTGCGCATCCGCATCCCCCAGCGTTTCCAGAATCCGGCCCAGGGACCGGGCGCGGCTCTCCCGAGCGGTTTCCAGAGAAGGCTCCTCTCCCGCGCCTGTGAAGCGCTCCAGCGGAATATAGGAATCCCGCTCGGACGCCGCAGGCAGACCCCGGCTGTCCAGGTAAACGCCGTTCCACGCATGCACCACATACGGAGCGCGCGCCTGCCGTACGGGGCTTTCCGGAATGCCCGGCATCAGGCGAACGGTATGCCCCGGATCGTCCGGGTCACGGTAAATCACGCAGTTGGCGTACATCGCGCGCGCCTCCTCCGGATCAGGCAGGAAGGGGAGCATGCCCCCTCTCATTTCCTCCTGCCTGCGGTCCAGAACATCAATCAGGGAGGCGGCTTCATCCAGGGGAAGTTCCCGGCTCCAGGCCGTTGCCACCCCTTCGGGGGCCGTCCAGGAATCAATCCGGTAGGTTCTTCCTTGCCAGATGACGCCGGACTCCGCGGCTTCCGGCCGGGCTGCAAAATCCCGCCTCACCACGTCCAGCGTTTCCACCGCACGGATTACCTCCGGACGGCTGCGCCATGCGGCAGGGGCAGGAACGCCG
NZ_CP133761.1_gap13	537322	539012	1690	CCCGCATCCGTTTCACCACCGCGTACGATGGACGCCCCTACCTGGGCTGGCAGAGCCAGCCGGGAGGCCGCACCGTACAGGACGCCCTGGAACGCGCCTTTTCCGCCCTCTTCGGCTCCGCCGTCCGCATCCACGGCTCCGGCAGGACGGATGCCGGCGTGCATGCGCTGGGCCAGGTCTTCCATGTGGATGCGCCGGACACCCACCGCATTCCTGCGGACAAATGGCCCACCGCCCTCAATACCCGCCTGCCCCGGACCATACGGATCACCCATGCGGAATACGTTCCCCCAGGCTTTCACGCCCGGTTCAGCGCGGCGGGAAAAACCTACCGCTACTGTATCTCCCGTGCGCCTGTCCTCAGCCCTTTTGACGCCGGGCTGGCCTGGCACCGTCCACTGGCCTGGAGCACGGACATTCTGGAGCAAGCCGTCCGGCTCTTTCTGGGAACGCATGACTTTACGGCCTTTGCGGCCCTGCGCGGCAATGAACCGCGCCCCATCCCGGCGGACTACTTCCTCCGCACCATCACGCAGGCGCAGGTGGTGCAGGAGGGGGAACGTGTCTTCATCACCCTCACCGGAACGGGCTTTCTCTATAAAATGGTGCGCCTCATGGCAGGAGCCGCTCATGAAGCCGCGCGGGGAAAAATCACGCTGGACGAACTGGCGCGCCTCATTAACTACCCACGCCCGGATGATAAAAGCCCGTTCTGCGCCCCGCCGGACGGGCTCACGCTGATGCAGGTCCACTACGCGGAGGAAGCCCCCGGAAACAAGCAGGAATGAGGTAAAAACAGGCTGCTTCCCCCCCTAGCTGCGCGCCGCGCCGTACAGGCCTTCCCGCCTGATCAGGCTCTCCACCTCCGGATTCAAATGAGGCACGGGGCATACGCCCGTACGCAGATCATGCCGCACACGGGTGGAAGAAGCGGGCTCATCCCCCTCAATGAAAACGGCGCGCACCCCTTCCCTGGGCGCCGGTTCACCGCCGCGGTGGTACACGATGAACGTCACCAGCCCGGCCAGGTGCTCCCAGCGGCCCCACTGTTCCAGGGAATCCCACTGGTCCTTGCCCATCAGCCAGAACAGCTCCGCGCCGGGATAACGGTCCGCTACGCACTCCGCCACTCTCCAAGACCACGAAGGCGGCGGAAGATTCAAATCCGTCCGGTCAAGCACGGCCCAATCCAGTCCCCGAAGCGCCAGATCAATCATCCGGCAACGCTGGTCATCCGTCACGGCGGGGGCCTGCTCCTTCAGCGGAGACAGGGAGCACGGCATGAACAGCACACGGTCCAGCCCGCAGTACTCACGCGCATGCGCAGCCACACGAACGTGCCCTTCATGCACGGGATCAAACGAACCGCCGAAAATGCACAGCTTCACCGTCCGTCATCCGTCAAAAAATCAAAGTCCTTCCGTGCCCTTGTAAGGCAGGAACCCGCCGATGGGCACGCGCACCATCCTCTTTTCCAGAGGCAGGCGGCGGAAGCGGGTGATGAAATCCGTCAGGCGGCCGTAATTGCGCTCCGTCTTGGGAATACCCTGCTGGCCGCAATTCACGTCCGGATTGTAATGCAGTTCAATATGAAGGTGGGCCGGATACATGCCGCGGTTCGTGCCGATGGTGCCCACCTGGGTGCCGCGGAGCACCAACTGCCCCAGCACGACGTTAATATCATTCAAAT
NZ_CP133761.1_gap14	540966	544075	3109	CAGAAGCTGCGCCTGCGCATCACGGGCAGCCAGGCCACGCCCTGCATCTCTGAATTCTCCCTCTTCCGCCAGCCGGCAGGCGCCGTGCGGCCCTCCATCTTCCGCCGCGGAGACAACCTCATCATCCTTGCGGACGGCAAGAACAAAATCCTGTACACGACGGACGGCAGCGAACCCAAGGAAGGCTCCCCCGTCTATAGACAGGGCGCCAAATTTGCGGAAAGCGGCACTGTCAAGGCTCGCTGCCAATTCTCCAACGGCAAGCTGGGTCCCGTCAGCCAGGCCAAATTCGGCATCAGCAAAACCGGGTGGAAGGTGAAAAACGCCACTTCCGGAAACGCTGCGGCGGCCATTGACGACAATCCGGAAACCTCCTGGTTCGCCAAGGCTGAGGCGCCCCAATCCTTTGTGGTGGATATGGGCAAACCCTACCAGGTCTCCAGCTTCTCCTACCTGCCCAGGCAGGATGGAAAAACCTCCGGAATGACGGACAAATACCAGTTTGAAGTGAGCCCGGACGGAAAAACCTGGACGAAGGCGGCGGAAGGGGAATTCTCCAACCTCCGCGCCAATCCCATCGAGCAATCCGTCAACCTCAAGAACGTCAAGGAACCCGTACGCTACTTCCGCTTCACCGGCACGAACTCGCTGGACGGCAACAGTGCTTCCGCTGCGGAAATCAACGTCTTCGGCACGCCCGCAGGCAAATAAAATCCATTCACTTAGCTGCATGAAGGCGTTCCGGCTTTTTCAGGCCGGAACGCCTTTCTCATGACACGGCCTGTTTGCAAACCATGTTCCGGCGTGGAAAAGAAAAGCCATTCCTTCCCGGCTGGAAAACCGGAATGGAGAACGGGACCGGAGTTCAACTCCGCTTGCGCCGCATCAGCAGGCAGGCGATGCCGAACATGCCCAGCATGGCGGAAGACGGTTCCGGAACGGCCTCCGCCTTCAGAGACGCCGGCAAACGCAGCGTCTTGGGATCGGGAGAAGACGTCGGCACCGTATTTTCAGTAAGCAGGGAATCCAGAGAAAGCTCTTCCTTCCCGGAATCAGCCACAGCCTCATCTCCGGCCGCCTCTGTCCCTCCGTCGGGCTTCCTGTCCGGAGAAACAGGCGTCTCCTTGTCGTCTGACGGCTTGGAGCTGGCCTCATTATCCGGAAGACTTGGTTTAAGCTGGTTGGCGGCAAACCCGTTTCCCCTGCCGGGAGGCCCTCCGTAAAATCCTCCGCCGCCGCCATGGGAAACCATCGCGCCGGACAAGGGGCCGTACACGGCCTCCCGCACCAGGACTTCCTCACAATGGGGCATATAGGATCTTCCATAGGAAAACATGGCTACCACTTCCCGTTCCAGCTTCCAGGATACGTCTTCATCCAGCTCTTCCCGGGCCTTTACCTGCACGGGAAGAGCCATCCCAAGGGCCTGGAGCTGGTTTCTCTCCAACACGGAAAAAGCCTGCACTACATTCCCGCGGGAGGAAACAAAACGGTACACGGTATAATAACCGGAAGGAAAAGAGGGGGAGGAAATAGTCAGGGCTCCGCCTTCATTGATCTCCTTGACCATAGCGGGAGACAAGGACATGACGCCCTTCATTTGAACCACCTTCTCCTCACCAGGGGCGGCGGCTCCGGAGGGTGAACCGGAAGGCAGGGCGGCGCATGCCAGTGGCGCCGCTAAGGATAACAGGGCAATCACAATCTTGGTCATGATAAGTGTATTGAAACCATGACCACTCCGTAGCGCACAACGGATGACCCATAAATGACAATAGCTCACGGGCCGCGCCTTTCCGCTGCCCCATCATGCGGCTATCCGGCGGCAGATATAAAAAATAGCTAATCAAATGCAATCCAAACAAACATGGGGAAATCCAACAACGTTTTTTACTCCTTGTTCCCGGACCAACCGTGGCCGCTGCCTCTTTTTACCGGGCCGGCCATTTCTGTCATACGGTGTGGACCGGCGGTTCGGAATGCTCCAGATTCCAGTGAAGGGGCATGAAAAAGGACGCATCCCTAAGGATGCGCCCTGTGCAAATCATGCTAACGGAAAAAACTTATTCCTGGCCGCTGAAATCAGGCGTGAGAATCAGGAACTGGTCACTGACATCCTTGCCCCTTCTCTTGGGAATGAAGGTGTCCTGAAGGTTGTCGTTGTCATCCAGTTCCAGAGTCTTGGCGCTCTGGGCGGTCGTGAAAATCAGAACCTTGCCGCGGAAGCTTTCCGGGTCAAAGCGGACGGCGTTGCCAGCCACGACGGTGCTGCCGTCTTCACCGGGGAGCACGGAAGTAACCATCAGGGGATATTCACCCACGGAGCTGCCAATGCCTACCTTCTTGTTATTGTCACCCTTGCGCATGACGTAGGAGAAGCCCACTTCACCGGGGGTCAGGGCCTTGCCGTCATAGATTTCACCGTCGGGAGTAACGGTGGAACCGCCGGAAGGAGTCTGCACCTTGGCGTAGAAGTTGCTTTCGGAAACGGACTCATTGCCCAGAAGCTGGCGGAAGTAGTCATTGGAGGTATCCCCCTGGAGCGCGCCCAGGCCGCTCATGTAATTGTGCTGCGCCACCACGCGGTCCGCGGTGATGTCATCGGGGAAGTTGCCCAGCTTGCTGTTGGACTTGAACTCGTTCATCGCCACACCCACGTTCTTCATGTTGGTCAGGGCCTGCATCTGGTCGCCCTTGTTGATCTGGTTCAGAATCGGACCGTACGCCACGGAAGCCAGCAGGGCGATAATGGCAATAACAACCAAAAGTTCGATCAGGGTGAACCCCCTGCGTAACTGGCGTGTTGCAAAAGATACTTTCATTGTTGGATATGATGGAATGTTTACAGTTTAAGAAAACCGTACGTGGTTATCTATGTTCGTCTCTACTATTAACGTGATTTCCCAGTCAGGACAAGCATATTCTCATAAAAATGTTGGGCCTGGAAGGGCGCCGGGATTCCTCCGCGGCCCCCGTTTGCCGGGAGCCGGAACAATCCCGCGCCATGGGAAATTCATGCCTGCCTGCCGCTGCCGAAAAAGGCGCTCAGCCCTTCCAGCGCGTCGGCGTCCGGCTTGTCCGCATCGGCGATCACCTGGCGCTGAAGCCC
NZ_CP133761.1_gap15	545123	548487	3364	GCGCCTCTGGGAAAAGCTGCGGGAACGGTACGGACCCGGCTTCACCTGCGCCAAGCTCTTCTGGTGGTACAACATGTACTCCACGGCGGACTGGACCATCACGCCGCGCCCCATGTACCCGGCGGACGGCCGCAAGGTCTTCGACATCTACACCCAGCCCATGGAACTCCGGGAGACCATTAAAAAAGACCTGGGGGAATTCCCCTTCCCCACCTTCTGGGGCCCCATGGCCGGCATCCAGTCCTCCCGATGGATAGCGGACTCCGCCCGGTGGGTGGAACGGAAACACCGCCCTGCCCTCAACCTCATCTACCTGCCCTACCTGGACTATGACCTTCAGAAATTCGGCCCTTCCTCAATGCAGGCGGCCCGGGCGGCGGAAGCCATGGACGGTTTGCTCTGCGACCTGGTCGACTTTCTGGAACAGGAAGGCGTCACCCCCGTTATCCTCAGTGAATACGGCATTTCCGACGTCTCCCGCAGCATTGCCCTCAACCGCCTCTTCCGTGAACGGGGCTGGATCGCCGTCAAACCGGAAATGGGTACGGAAATGCTGGACTGCGGCGCCTCCCGGGCCTTTGCTGTGGCGGACCATCAGACAGCCCATATTTACATCAACGACCCTTCCGTGAAGGAAGAGGTGAAAACGCTGCTCGCCGCCACCCCCGGAGTGGAGGAAACCAGGGAAACGGACTTCTCCGGCCTGAATCCTGCGGCGCAGGAACGCCTGCCGGACTTCACTGCCGTCGCGGCCCCGGATGCGTGGTTCACCTACTACTACTGGCTGGACGACGCCAGGGCCCCGGACTTCGCCCGCTGCGTAGACATCCATCGCAAGCCCGGCTACGATCCGGCGGAAATGTTCTTTGACCCGACCCTCTCCTTCCCCATGTTCCACGCCGCCGCCTTCCTGCTGAAAAAAAAGCTGGGCTTCCGCGCACTGATGAAAATCATTCCCCTCAACGGAGACCAGGTGAAAGGCTCCCATGGCAGGGACCGGGTACCCGCAAACCAGCAGCCCGTATTCATCGGCCCGGCATCCCTGCCGGAAATCCGTTCCGCGCAGGACGTGCATGAGGCCATCCTCTCCGCCTTTGAAAAAGAGTGACGGCAGGAAGCCTGCCTGTCAGCGGGCGTCCGGGCGGGGATCATATTCCAGGCCCGGAACCTCCCGGTAATGGACACCATCCCACAGGACGGGAATACAGCAGAAAAACCAGCTTCTCTGCCCGTTGTCCCCCTTCCAGTGGCCGAACACGCTGCGTATCAGTACGCGGTTCAATCCCTTGCGGAGCTTCACCTTCACGGGGGGACGGAAGAAATACCCCTCCCAGGTCAGGGGGGCTTCTTCAATGCGGCCTTTTCCCCAATCCGTCCAGGGCAGGCTCCTGAACGGCCACCTGGGCGGATTCACGCGCTTTCCGTTCAGCCACACGTCCCCGCCGGAAAAATCCCAGCTCCCCTGCTCCGGAGCACGGGCACTGCGGTACCCGCCTGAATGCCCCCACATGCCGTTCAGGCCAACCATCAGCCACACTTCCTGATCCTTCGGGCTGCGGATGGAAGTCAGCGCATAGCAGGTTCCGCTGCCCTTTCCCACGTCCCCCGACATCAGCGTGGGCCAGTGGTCCAGCCGGTACTGGTTCCGGTGCATATTGAACATCGCAAAAAGGTGCCTGATATGCACGGCTCCACCGTAAACAGGCGTCTTCTTCCACTCCAGCGTCCTGTCCCCGTCCCGGTAGAAAGGCGCAATCTTGCGCTCCGGTTCAAAGGACGTGTCATTCTTACCCCGGTGGTCGAATGGCCCTATCAGGCTCCAGGCCATATCCGCCTGCTTCACGTACGCAAAGGGAACGTCCCGGAAAAACCGGTCACGGTGGGAAGCCAGCCGTTGTTCAAACTCCCGGAACTCCGCCCATCCGGCCGTTCCCCTGGGAGGGAGCTGCGCCATGTAATCCTTCCGCTTGGTGGCGCTCCCGCGCCAGACGCGCTCCGCAAACGTCAGTACGCAGGGGTAAAGGGGATACTGTTCCAGCACCCTCTTCTCACTGCTCAGGTTCCCGTCGCACCACACGGGCATGATGGCTCCCAACGCCTTCTCATCCCCCTGCGGCACCTCGCAGGGCTGCTGGAAAAACACTTGGTATACGCCGGACTGGGAATCAGCCCAGTCAATGTAAAAGCCATTGCTGTCAATGCGCTTCATTCCCTTGTCCATCCGGGCTCCGGCCTCGCTCTCGCCCCAGCACATCAGCACGGAATCCTTATCGTGCGGGCCACCCGGCGACCACACGATCACCTCCTTGCCCTTCCCGCGGATATACTCCGCCATGCGCGGAATAAAATCCTTCATCGTAATGTGCACCTCGTCGGACCCCATGTGAAAAAACCTTCCTGGAAACAGGGCAACGGTCTCGTCCACGACATCCTTCAGTATGGAAATGCCCTTCTCCGTCTGCATGCCGGTCTTCATGGCCTTGGCGAACGGCTGGCTGTGCCCCGGCATGTCGATCTCCGGAATCACCTGGATATTCAGCCGGGCGCAATAATCCGTCAGGTCCTTCAACTGTTCCTGCGTATAAAATTTGCCCGGTAACCGTGACTTCCAGTGAAAAGCGCGGTCTGTCAAAGCCGGATACTTCTTCACCTCCAGCCTCCACGCGGGATCATCCGTCAAATGCAGATGCAGCGTATTGATCTTGTAGCGGGAAACCCGGCGCATCAGCTCCTTGATAAACGCGGGAGACATGTAATAGCGCCCCACGTCCAGCATCATACCCCGCAGGGCGAAGGCGGGTTCGTCACTGATCTGCACGGACGGCATGAAAAAACCTTCCTTCTCTTTGGAAACCAGCTGCCGCAGCGTTTGCAGGGCATTGAAAAAACCGCCAAAGTCCCCTGCCCTGACAGTTGTCTTTTCCGGCGTGACGGACAGGACATACGCTTCTCCCTCAATTCCGGCGTCCAGGCTTAACTCCCATGTCAGGGAACCTTCCTCAAAAACATCCTTGCTCACGGCAGCCGGAATGCCGGATATCCTGAATACATCCTTCATTTCCCTCACCAGGTCATCTCTGCGGGGAACATCCCGGCCCAAATGTACATGAACGCTTTTAAAACGCGTGCTACCCTTACCCCTGACGACTTTGGAAGGATAGGGAATCAGCGCAGGGGAGGAAAACTCCGGCACAGGCGCAGTTACCACCTCCCCTGCCAGCAGCTCCCACGGGAAACAAACCAGCAGGGCAATAAAAAACCGTACAGGAATGCTGAAAACTCTGGACAAAAACATTCCTTATTTACGCCCTCCCGTCTCAATTCCTGTCAAAACAGGACTTCCGGAGCTGAAAACCTGTCCCTC
NZ_CP133761.1_gap16	559369	560261	892	GCCGCATGCGGCAGCCCCCGGCGGAACCCGTTACTTCCAGATCACTTCAAAAATATTCACGGAGCTTCCCTTCTTCCCGGTCAGGCCAAGGGCCTTCACCGGCTTCTTGACGGACTTCAGGCTGAACGTATTCACCTTCCTGCCCTTGGCCAAATTGCCCACGGGAACCCACCGTCCGTCGGCCCCGCAGGCCAGCACGGAAGCTTCCTTACCGTCGGACAGGACAATGGCGGAATTCGCACGGGGGGAATCACAGGGAATCTCCACCTTCTCCGGAGACAGCTCCACCGGGAGGAACGTAGCCAGGTTGAAATCCCCGGCGGCTCCGTTGTCGGCAGACTTTCCTCCCTTGTTGGCAAGATTCAGCTTGAACTCTTCCAGGGTCACCTCCTGTGGGGAGGATCCGGCGTTCAACAGCCTGATGCCTTTGATCACGCCGCCAATCTCCGCAGAACCGTCCGCCTTCAACGGAACCTCCGTCCAGGACTTTCCGTCCATGGAAATGTACAATTTGGCCCACTTCATGTCCGGCGTCTTCAAATTGACGGAGGCGGACTCCACGGATGCTCCCGCCGGAATTTGAAGCCCCAGGGACTTCTTCGGCGGCAGGGGATGCACCTCCATGATGCGCTTCAGGGAAATATCCTTGTCCCCGGCTTCAACCACAGCAGTCTTGAACGCCGGAGCGTCCGTCAGCACGGAAGGAGCGGCGGGGGCATTCACCTTGAAATCCCGGATGGCCGTCCACACGTCGGACTTCCCGCCCGGAACACCCTGCGCCGTAGCACGGTAGCGTACAAAACGGCCCTTCTTGCCATTTCCCTGGTACTCCACGCGAAGCCCGCTGGACTCCGGCATCAGGGGCGACCAGGACTGCCCGTCCATGGATACC
NZ_CP133761.1_gap17	566049	570959	4910	GAACCTATCGACCGCGCTCTTAAGCGCCTCAAAACAAAACTGGATGTTGAAGGCATTCTGGATGAAATGCGCCGCCGCCGCGCCTTTGAAACCCCGATGGACGAACGCCGCCGCAAGGCCCGTTCCGCCAGCAAGCGCAACAAGGTAAAATGGCGTTACAGCAACAAGAGCGAAGAAGCCGCTCCCGAAACCGCTGAAGCTCCCGCTTCCGCTCCTGAAGCTTAAATCAGTATTGGTTCGGGAATAGAACCCATTTCAATGAGGGCAACCCTTTCTCAAGGTTTGCCCTTTTTGCTTCCCTCAGCACATGAATCAATCCGCCCAGCTCTTCTCCCGCGCGCGCGCCGTCATCCCCGGCGGCGTCAACTCCCCCGTCAGAGCCTTCCGCAACGTGGACGGCGACCCTTTCTTTGTCCAATCCGCCAAGGGAGCCTACATCACTGACGCGGACGGACGCCAGCTCATTGACTACATCGGCACCTGGGGCCCGGCCATTCTGGGCCACGCTCCGCAGACCGTTCTGAACGCCGTCCATGCCGCCGTGGACAGGGGGCTGGGCTACGGCATCCCCGCGCCGGCGGAGGTGGACATGGCGGAAATGATTACGGGCATGGTGCCCTCCGTGGAAAAAGTGCGCATGGTCAACTCCGGAACGGAAGCGACCATGTCCGCCATCAGGCTGGCGCGCGGCTACACCGGACGCCGCAAAATCATCAAATTCATCGGCTGCTACCACGGCCATGTGGACTCCCTGCTGGTGGCGGCGGGCTCCGGGGCGCTCACCTTCGGAGAACCGGACAGCGCAGGCGTACCCAGGGAAATGACCCAGCTCACCATTACGGTGCCCTACAACGACCGGGAAGCGGTGAAAAAAGCCTTTGAACTCCATGGGAGCGACATCGCCGCCGTCATCCTGGAGCCCTTCCCGGCCAACGCAGGGCTTTACTTCCCGCAGAACGATTTTCTCCATTTTCTGCGGGAAATCACGCTCCGGCACGATTCCCTGCTCATCTTTGACGAAGTCATGACGGGCTTCCGCGTCGCGCCCGGCGGCGTGCAGCAGCTTCACGGCATCACTCCGGACCTCACCTGCATGGGAAAGGTCATCGGCGGCGGCCTCCCCGTGGGGGCCTTTGGAGGCCGTGCGGAAATCATGGACTGCCTCTCCCCGATCGGCCCCGTGTACCAGGCGGGCACCCTCTCCGGCAACCCCGTCGCCATGGCGGCGGGCCTTGCCCAGCTCCGGGAGCTCCTGGACGGAAACGCCTACGACCGCCTGGAACAGCTCGGCGCGCGTCTGGAAGAAGGCATCCGCGAGGCCATCCGGAAGCACGGCAGGAACTACACCTTCCACCGCGCAGGCTCCATGTTCTGCCTCTTCTTCACGGAGCAGGAAGTCTATGACCTGGACTCCGCGCAAAAAGCCTCCAAGGAACTCTTCAAACCCTTCTTCTGGAACATGCTGGAACAGGGCGTCTACTTTGCCCCCTCCCCGTATGAAACGGGCTTCATCTCTACGGCCCATACGGAAGAAGACATTGACCGTACGGTGGAAGCAGTCCATGTCAGCCTCTCCAAACTGGGATAATGCCCCTTATTTGAAGTGACAGGCCACTTTCCTTCCCCTATAAGGATGCCATGAGACAAATGACAGGGTCCATGCTGCTTCTGTCCGCAGCAGCCGTCGCAGCCGCCCCCCTGGCGGATGCGGAGGAAAGGACGATCCAGCTCACGGAAGCGGAAAAACAGGAAATCCAAGCGGCAAATGAAAAGCTGCTGGGACTTACCCTCCGCTTCCTGCACGACTCCTGGCCCCTGGAAATCATGTTCGCCGGAGAGGCTCAACAGGAATTCCACTCCATCCTCCAGTGCTACCGGATGCTGGAGCAATTCCGGGAGACTGGCAACCTCATGCTTCAGGCTCCGGACCGCAACACGCCCCTGCACCTCTGCATTGCCCTGGGATTGAATCAACTGGCCATCCGGATGATAGAAGCGGGCGCTCCCGTCAACGCCCAATCCATCTTCATGCATGACGGCACTAAGGAACCGGGAGACACCCCCTCACCTGGGCCTGCCTCTCGGGCCTTTACATGAACTCCACGGCGGAAGACAGGCTGCCGCTGGTGCAGTCCCTGCTCAAGCACGGGGCCGACCCGGACCAGCCGGGACCGTGGGGCGTCACCCCGTTCATGTACTCCGCCGCCCTCAATGACTCTGATCCGGGACAGGAAAAAATAGCCCTGGCCCTGCTGGACGCCGGTTCTCCGGACCTCAAGCGCAGGTTAAACGCCCAGGCGCGCGGAGTCGGCTTCCTCAGCCTTTCCCCTGCCATTTACGAACGGCTCATCAAGGCAGGCTGCGACGTCAACGAACGCTTCTTTGAAAGCAAGCAGTCCCCCCTGCATCTGGTCTGCACCAAGGAAAAACCGGCGGAACGCCTCATCCCCCTCATTGAACTTCTCATCAAGGCGGGAGCGGACCCCAACCAGCCGGACGTGGACGGCCTGACGCCGCTGATGGCCTGCAACTCTCCGGAGATAGCCGTTTGCCTCATGGACAACGGCGCCAATCCCGCCCTTCGCAACGATGACGGCCAGACCGCCTATGACTTCCACATAAAAAACGGGTATCCCCCCATTGCGGAAGCCATTAAAGACTGGCAGGCCAAACAGAAAAAAGCACCGCGTACCGAGTAGCGCCATCTTCCTTTCCAGTGAAAGCGGAAAAAGGGGTCTGGCCGTTCCCGTCCGCCATGGGTCTTTCAAGCGAGCCGCAGCAGAGCCTTGGCCTGCTCGTTCCTGGATTCATCCCCGGACCTCTCCGGTACAAAAGAGACCTTACGCAAGCCGCCTCTTCCGGTCTTTAAACACGCCCGGCATGCTCCTTCCGGAAATGCCGGAAGCCCGGAACAGCCAGGTTTCCGGAGCCATGGAGCAAACATTTTCCTCTGGCGGAACATGAAAAAGCCGCCCCCCGGACGGGGAGGCGGCTTTGAAAACCACAGGAGGGAAGATTATTCTTCCGCTTCAATGCCTTCACCGATCATCTTGAGATCTTCCGGCATCTTGCCTGTTGTGAAGTAGCCTTCGATTTCCTCCAGGGAACGGCCCTTGGTTTCAGGCAGGAAGAAGGTCACCGTAATGAAGTACAGCACCGTAATGCCGCCCAGCGTAAAGAACACGCCGGAATAGCCGCAGCTTCCCACCCACGGAAGGAAGGAACCGGCAATGATCGTGGAAACAAGCTGGTTGATCAGCAGCGCAATCGCCATGCCGTTGGAACGGATGCGGGCGGGCATCAGTTCGGACAGGGCCAGCCAGACGCACACGCCGGGGCCAGTGGCATAAAACGCGATGAAGATGATGAAGAAGGCGGTCACGCCCCAGCCCATGGAGGTATCCGGCTTCTCGCCCAGTTCCGCCTTCAGGATGGAAACGGGCTTCATGGCATAGCCGTCCTTGCCGTTCACCACCATCTTGTTGGTGGAATCCGGAACGGCCTTGATCACGGCCAGGGAAGCCTTGTCCTCTTCCTTCTTGATATCCTTGGCATCCTTGGTCAGCTCGGAAAATTCCACCACGGAAAGCTGGGTGGAAGAACCCATCAGGAACTGGTACCAGGCGGGATTGGCTTCCGGCTGGTCATAGGTGATGATGAGCTGCATCCTGTTGATGTCCTTGTCGCCCATGCCGTTCTTGGCAAGCAGGTTCTTGACGAAGGGGGAATCGGGCGTGCGTTCCAGCTGCAGCGTGCGGATGGAGCCTACGTCCTTGCCCTGGTCAAACTCCTTCTGGACGGAAGGGCTCTGGGCGGCCAGCAGGGCGGCCACGTCCGTGGTCACGTCCTTGCGGGCTTTTTCCACATTATTGAACAGGAACCCGGTGCCGAGCAGACCCACCACAATGCCGGCAGTGCCGATCTTGAGCAGGAACTTGCGGCCCTTGCGGTCCACCAGGATCATGGCGACGATGGTCATCAAGCAGTTCACCACCTTGATGGTGAAGTCCGCCCAGTTGGCGGTGGTGCCTTCCAGGCCGGCCTGCTGGAACACCTTCACGGAGTAATTCAGCACGGAGTTGATACCCGTGGCCTGCGTAAACGCCAGGACGAGGACCGCCAGAACAAAGGGATACACATACTTGCGCTGAAGAAGGGATTCACCGGAAGAACTCTGCTTCTTGAGCTCTTCAGCCTTCTGCTTCTCTTCCTCTTCAATGTGGACCATTTCATCAAACACCTCCTTGGCGCGCACATCTCCATAACTGCGCACCAGCACGGCCATGGCTTCATCCTTGCGGCCGCGGCGGAACAGGTAGCGGGGGGATTCACTCAAACGGAAGGAACCGAAAAACAGGAAAAGGCCGGGAACGGCGCAAACCCAGAAAATGGCCTGCCACGCAAAAATCTTGGCGGAAGTCAGCGTTTCCTCGCTCGCGCCGGAATTTTCCACGCCGCCCACATAACTGGCGGCAAGCAGACCGACTACGGCGGCGAACACCAGGCCCACCGTCAGCAGGAACTGGAACATCCCCGTCCCTTTGCCACGGGATTCCGCGCTCAAACACTCAGCCAGGTACAGGGGAACCACCACGCCTACAATACCAGCGCTGGCGCCCTGGAGAATACGGCCCAGCAGCATGATGCCGAACACTTCCTGGGACAGGCAGATCACGGGAATACTCACCGTGAACAGGGCGGCGGCTACGGTAATCAGCGCCTTGCGTCCCAACTTGTCCGCCAGATACCCGGCAAACAGGGAAGAAAGCACGCTGCCGAACAGCACGGCCGCCACCACCTGGGAAAGCTGGGAGGGATTGAAACCAGCCGTCTGCTCAATGTAGGGGAGCGCCGCAGCAATCACGCCGACGTCCACACCGTAGAGCAGGCCGCCCAAACCGGCCATGATG
NZ_CP133761.1_gap18	572085	575456	3371	CTGCAAAGTCACGTTCCCCATCTTGGCTACCACGTCCACAAACTCCTTAAACGTGATGGGAGTAGGAGTAATAACGAACAAGCCGCCGCCCGTGCCTTTGCGGTCATAAAAAATCGGCTCGTCTTCAGACTGGGCCATCCTCTTCAAATACGCCTTCACCATGTCCCGGTTGGCCGCATTCACCCCGACCACCCACACGCCCAGAACACCCTGGGCCTCTTTCCGGTCAATGGCGGCAAACAGGGGCTTCAAATCCCCTTCCCCGTAATTCTGAACGGAAGCGTTCTGTTCGGCCAGTTGTTCCAGGCTCATGCTGGTAAAGCCGGAGACGCCTTCCTCCTCCTCAGCCTGGGCGACCGCTTCCTTCCCGCCGAGCAGGGAGGGATTCATTTTGACCGGATACACGAAAGGCAGGGAGGCAATGCCCCCCGCCACCAGAAAGCCCAGCAAAATGAAAACAATCTTGTGCCTGCGTCCGGCGCAGGCCATCAAGCCCCCCGCAAGACAGGCGAAAAACAGGGCGAACGCCTTTTGCTGAGGCTGCTGCAGCATGGAAAGGAAAAAGGTCCCGTCCATCTCGGAAGAGGCATTGTAAAAAAGCCAGACGCAGCCGGCGGCGATGACCAGGGAGGCGCAAAGGCACATCAGTTGAATCAGCCCCGTTTCCATCAAGGCGCTCTGAATGGCCTCCCGGCGGTCTTTGGGGGTATGCACGGTAACGGCCTTCTTCGCCCTGGCAAAAGGCTTCTTGGGGATCAGCTTTTCCCTGTCGCAAAGAAACTCATGGCCGCATTTGCTGCAATTCACCATGGAACCCTCCGCAGCGGAAGGAACATTGATATGTCGTTTGCACTGTGGACAATTCAGATTCACCGGAGTTCAATATGCACGTTTTTGATTCTTTTGCAATACCTGTCTTTCAAACTTTCCTTTTGCCGGTTATTCTGCATAAATTTTCAAGGATGTCCCATTGAACTCCAGCTCAGCCGCTTTCCCGAACCATCCTGTTCCACCTCTTTTTTCCTGAACTTTAAATTTAACCTAGGTATCTTACATTTAAAATATTCTATAACTGACAACCATTCCTCAGAACCTTGAACACAAGGCGAAGCGGCCGACAACATTTTTTCCTAGTAAAAGACTGGGGATTTTTTAGCCAACCTTCATCAGAAATCCACATTCCCAAACATTCCTATATATAAATTATTTAAATTTTATAACCGGTGCCTTCCGGGAAAAGATAAAAAACTCTCTTTATCCGCCGTATTCCTCCCCATGTCATTCCGAGTGAACACGCTTGCAGAGAAGGAAATTTGGTAGTAGAATTTTCGCCATGTCATTGCAGCCTGCCGAACGCCGAGATTTCATCCGCGATATGATTTCTGATGACCTTGCCTCCGGCAAGCATCAGGCACCGGTAACCCGCTTTCCTCCGGAACCCAATGGTTACCTCCATATCGGACATGCCAAATCCATCTGCCTCAATTTCGGTATCGCCCAGGAATTTCCGGGCGCGCGCTGCCACCTGCGCTTTGACGACACCAACCCCAGCAAGGAAGACCAGGAATATGTGGACAGCATCCAGGAAGACATCCGCTGGCTGGGCTTCGACTGGGGGGACAATCTCTTTTTTGCCAGCAACATGTTCGATTTCTTTTACGAATGCGCCGTCGCCCTCATCAACAAGGGACTGGCCTACGTGGACGAACAGACGGTGGAGGAAATACGCGCCCAGCGCGGCAACGTGAACGTGCCCGGCCAGGAATCCCCCTACCGGAACCGTTCCGTGGAAGAAAACCTGGCACGCTTTCAGGCCATGAAAAACGGGGAAATCCCGGAAGGAAAAGCCATTCTGCGCGCCAAAATAGACATGGCCTCCAGCAACATGAACATGCGGGACCCCGTGCTGTACCGCATCATGTTCGCGGAACACCACAACACGGGCGGCACATGGTGCATCTATCCCATGTACGACTTCGCCCACCCGCTGGAGGATGCCTACGAGCACATCACCCACTCCCTCTGCACGCTGGAATTTGAAAACCACCGTCCCCTGTACGACTGGGTGATTGAAAACTGCCCCGTGCCGGCACGCCCGCGCCAGACGGAATTCGCCCGCCTCAACCTCACCTACACCGTCATGAGCAAGCGCAAGCTGCTCCAGCTGGTGCAGGAAGGGCACGTCAGCGGCTGGGACGATCCCCGGATGCCCACCGTCTCCGGCATGCGCCGCCGCGGCTACACGCCCGCCGCCATCCGCAACTTCTGCCAGACCATAGGCATCACCAAATTCAACGGCTTCACGGACGTGGCCCTGCTGGAATACAGCGTAAGGGAAGACCTGAACGCCAACGCTCCGCGCCGCATGGCCGTGCTCAATCCCCTCAAGGTAACCATCACTACTCTGCCGGAAGGCTCGGAGGAAATGGCGGAAGTGCTGAACAATCCGGAAAAACCGGAGGAAGGAACCCGCCGTCTTCCCATCACCCGGGAAGTCTGGATTGAACGGGACGACTTCATGCTGGACCCGCCCAAGAAATACTTCCGACTGGCTCCCGGCCGCACAGTGCGCCTCCGCGGCGGCTACTGCATCACCTGTACGGACTACCGGCAGGATGCGGACGGAAACATCACGGAAATCTTCTGCGAGCATATCCCCGGCACCATCGGCTCCAACCCTCCGGAAGGAATCCAGTGCCGGGCGGCCATCCACTGGGTAAGCACCAGGGACGCCGTGGACGGTGAAATCCGCATCTACGACCGCCTCTTCACGGAAGAAAACCCGGATGCCGCGGAAGAAGGTTTCCTCTCCGTCATGAATCCCAGCTCCCTGACCGTCATCACGAACGCCAAGCTGGAACCATCCCTGGCTGAAGCGGAACCTGAATTCCGCTGCCAGTTTGAACGCCTCGGCTACTTTGTGGCGGACCGCAGGGACCATGTACCGGGCAAACGCGCCGTCTTCAACCGCACCGTGGCCCTTAAGGACTCCTGGGCCAAAAAGCAAAAATAACCTCCTCTCCTTTCACCCCCTTTATGGACAACCAACTTCAATTCTGCACCGTTGACGAAGCCGTGGAAGAAATACGGCAGGGACGGATGATCATCGTTACGGACGACCCCGGTCGTGAAAACGAGGCTGACCTCATCATTGCCGCCGAATTCGCTACGACGGAAGCCATCAACTTCATGGTCACCCACGCCAGGGGCCTCGTCTGCGCCCCGCTTTCCCCGGAACGGGCGGACGCCCTCCAGCTCCCGCTCATGACCTCCGTCAACCGGGAAAACATGTCCACCGCCTTCACCGTCTCTGTGGATGCGGCCCATGACATCACCACGGGCATCAGCGCCGCGGAACGCGCCCTGACCAT
NZ_CP133761.1_gap19	598942	601722	2780	CATCCACACGGATTTTGAACGCGGCTTCATCGCTGCGGAAGTGGTGCATTACGACGACCTGGTATCCTGCGGCGGCAAGGCCGGAGCGCGGGAGCACGGCAAGCTGCGCATTGAAGGAAAGGAATATGTCGTCAAGGACGGAGACGTGGTCGAATTCCGCTTCAATGTTTAGCCCAAAGCTTTACCGGAATTCCATTGACTTTTCCTGATGCAGAGAGCAGATTGCTCATAACCTTCACATCGCCTCATGACTGATCCCGACGTCAAATCCACCCCTTTGGCAGCCAAGCACGTTGAACTGGGAGCCAGAATGGTTCCCTTCGCCGGCTGGAACATGCCGGTGCAGTACACCGGCATCCTGGACGAACACAAAGCCGTGCGCGAAGCCTGCGGCATCTTTGACATCTCCCACATGGGCCAGTTCACGGTGGCCGGCGCCGCAGCGGCTGCATGGCTGAACTCCATGCTGACCAATGACATCAATAAACTGGACATCGGCCAGGGGCAATACTCCATCATGCTCAATGACCGGGCCGGAGTCATTGATGACCTCATCCTGTACCGGATGGAGCCGGAAACCTTCTTCGTGGTGGTGAACGCCTCCAAGATTGACGAAGACTTCGCGTGGCTCTCCGCCCACAAGCCCGCGGACGTGGTCCTGGAAAACCATTCCGACGAATATGTGGGCCTGGCCGTCCAGGGCCCCAAATGCGGAGAAATCTTCGCCCGCGTCATTCCCGGCGTGGAGCTCCCCCCCCGCAACGGCATCTCCCGCATCACGGTGGACGGAACGGACCTCCTCGTCTGCCGCACCGGCTATACCGGGGAAGACGGCTTTGAATTCTTCTGTCCGGCCCGGGAAGGCGTCAAATGGTTTGAAGCCTTCCTTGACGCAGGCGCCAAGCCCTGCGGCCTGGGCGCGCGCGACAGCCTGCGCCTGGAAATGTGCTATCCTCTGAACGGTTCCGACCTCGCTCCGGACAAAACGCCTCTGGAAGCCGGGCTCGGCTTCTTCTGCGCGCTGGATACGGACTTCACCGGCGCCGACATTCTTCGTGAACAGAAAGCCAACGGCCTCACCCAGCGCCTGGTGGCTATTGAATACACCGGCAAGGGAGCTCCTCCCCGCGCCCACTATGCCGTTCACGTTCCCGGAGGAGAAGCCATCGGAGAACTTACCAGCGGCGTGCTCTCTCCTTCACTGATGAAGGGCATTGCCCTGGCCTACCTGCCTGTCGCCCATGCCAAGGTCGGCACCGAGCTGGAAATTGACGTAAGGGGAAGGAAATTCCCTGCCGTGGTAGTTAAAAAACCCTTTTATAAGAAAGGTTGACACTACGGCGCAAAAATAAACTGACAAACACTGCATTTTACTACACTCTCACCTCAAACAATTACATCTTATGCACGACGTACCAGAAAATCTGCTGTATTCCAAGGATCACGAATGGATTGAAATTGACGGGGACATCGGCACCATCGGCATCTCAGACCATGCACAGGCCGAACTCTCCGATGTAGTCTTTGTAGACCTTCCCGAAGTAGGCGCCACCGTTGCCGCCGGCGACCCCGTCGCCGTCGTGGAATCCGTCAAGGCCGCCAGTGACGTGTACACCCCGGTTTCCGGTGAAATCCTGGAAGTGAATGAAGAACTTTCCAATGATCCCTCCCTCATCAACTCCGATCCCTACGGAGCAGGCTGGCTGTACAAAATCCGCCTGGACGTTCCCACGGAAACGGAAGACATGATGAACGCCACGGACTACGAGGAATACTGTTCCTGACCCGTTCCTCCCTCCCCCGCCCCGGTGATTCCATCCCGGGGCATTTTGAATTTAACCCGGCCCCCGCGGCCGGGCTCCATTACCTGCCAGATACCACATGAATACCCACTCAGACTTTGCCAGACGGCACATCGGCCCCCAGGGGGAAGAACGCCGGGAGATGCTTGACAGCCTCGGCTACCAAACTCTTGATGAACTCATTGCGGACATCGTTCCCGCAGACATCCGGATGCAGGATCCCCTGGACCTGCCCGCAGCCAAATCGGAAACGGAAGCCCTGGAGGAACTCCGTTCCATCCTCCGGAAAAACAAGCTTCTGAAAACCTTCATCGGCCAGGGCTACTACGGCACCATCACGCCCTCCGTCATCCTGCGCAACGTACTGGAAAATCCCGGCTGGTATACGGCCTACACGCCCTATCAGCCGGAAATCGCCCAGGGACGCCTGGAAATGCTCATGAACTTCCAGACCATGGTCTCCTCCCTGACGGGCCTGCCGGTGGCGAACGCCTCCCTGCTGGATGAAGGCACCGCCGCCGCGGAAGCCGTCACCATGTGCCGGAACGCGCGCCCCAAGGCAAACACCTTCTTTGTGGCGGACACCTGCCACCCCCAGACCATCAGCGTCATCCGCACCCGCGCCGCCTTCCAGGGCGTCAACATCCTGGTGGGGGACTGGACCTCCTTTGACCCCGCCTCCGTCGGCGCGGATCTAGCCGGGGCGCTCGTCCAGTATCCGGACACGCTCGGCCGCATCTGCGACTACACGGACTTCTTCTCCCGCGTGCATGCCACGGGCGCGCTCTGCGTCGTGGCGGCGGACCTGATGGCCCTCACCGTCATCCGGGAACCCGGCGCCTTCGGGGCTGACATCTGCATTGGCAACACGCAGCGTTTCGGCGTTCCGATGGGCTTCGGCGGCCCCCACGCCGCCTACATGTCCTGCACGGACGCCCTGAAGCGCCGCATGCCCGGCCGCCTCATCGGCATGTCCAT
NZ_CP133761.1_gap20	611052	613022	1970	GGCTGATCCCAACAAGGAAGTGACCGTCACCTTCGGAAGCTCCTCCCTGAAAACAAAGGCGGATTCCAAGGGAAAATGGAGCGTCACCCTGCCCCCCATGAAACCCAGCGCAGAGGGACAAACGCTGACGGCCACCCAGAACGGAGACTCTTCCAAGCTGGACGACGTGCTGGTGGGAGAAGTGTGGCTGGCCTCCGGGCAGTCCAACATGCTGTTCCGCCTGAACCAGACCTCCACGGCCAAGGAAGACATAGCCGCCTCCGCGGACGAGCAGCTCCGCTTGTTCAACAACGTCCCACAGGCCCACACGAACAACGCCCCCTATTCCGACAAGGATTTTGACGCCGTCACTACGGACAAATTCTATAAGGGGCAGTGGGCCGTCAGTTCCCCCGCCGCCTCGGGCCCGATGGCGGCCGTCGGCTACTACTTCGGCAAAAAAACTCCGTGAAGGGCTCGGCATTCCGGTAGGCATCATCCATTCCTCCCTGGGCGGCTCGGAAATAGCGGCGTGGATTCCCCGGCAGGTCATCAATGCCAACAGCAGCTTCCGCACCCTGCGCGGCAACCACTGGCTGGACTCACCCCTCATCTCCGACTGGGTAAGGGGACGCGCCAGAAAAAACATCTCCCCGCGTCTGGACCAGGGGTCTCCGGACCATCCCTACAAACCGGCGTTCCTTTATGAATCCGGCATCGCGTGGATGACAGCCCTCCCCATCACGGGCGTCATCTGGTACCAGGGCGAATCCGACGCTGAAATCATTGACAACGAACAGAACGGCATGCTGCTGAAAACCATGATCTCCTCCTGGAGAAAAGCCTTCCGCAATCCGGAAATGCCCTTCGTCATGATTCAGCTCCCCCGCATCAACGATCCGTCAAAAATCCGTGCCGGCTGGCCGGAATTCCGGGAAATGCAGGACACGGTAGCCAAAACCGTCCCGCAGGTCTACAGCGTCAACACCATTGACCTGGGTTCCACCAACGCCGATGTCCACCCCCCCTTCAAGCGTCCCGTGGGAGAACGCGCGGGGAACACGGCACTCAACAAGGTTTACGGCAAAAAGGTTCCCTGTGAAGGCCCCTCCTTCAAAGCCTTCAAACCCTCCGGCAGCGCCCTTCTGATCCAACTGGAACACGCCAAAGACCTGACCACGACGGACGGCAAGGAACCGGCCCAGTTTGAAATTGCCGGGGCGGACGGCGCTTACCATCCCGCCACGGCGGAAATCACGAACAGGAAAGGCAGCACCGCTGTCATCCGCCTCACCTCCCCGGAGGTCAAATCCCCCAAACACGCACGGTACTGCTGGAACCGCTTCGTGACCCCCAACCTGGTCAACGGCGACCAGCTCCCCGCCCGCCCCTTCCGCACGGATGCGCCCACTCCTAAAAAATAACCCTTCTCACTCCACCATACCATGAACCTTCATCTTCTCTTCGCTTCCCTGGCCGCGGCCCTTTCCCTGGGCACCGCGGCACAGGCCGTCCCCACCAAAGTAGCCTGCGTGGGGGACAGCATCACCTTCGGCTCCGGCCTCCAACCCGGAGATGCCCGGTATCCGCAGGTGCTCGGCACGCTGATGGGCCCGGACTTTGACGTCCGGGGATTCGGCAACCCCGGAAAAACGGCGGGCGACTATCCGGGCCAAGTGGGCCGCTGGTACGGCAGCACCAAGGAACACAAGCAATCCCTGGAATTCAAGGCGGACGTTTACATCTGCAACCTGGGCATCAACGATACGGGCCGCTGGTGGGACCCCAAGCTGTTCGCCAAGGGTTATGACGACCTGTTCAATGCCTGGAAATCCGCCAATCCCAAGGCCAGATTCTTCGCCTGGGGCCTGCTGGGTCCGGACTACCGCGGCCCGCTCAACAAAAAGGCGTTCCCCGGCAACTGCTACCCGGATGTGCGCAAATACGCAGGCTCGGACAACGGCTCCGCGGCCAACCGTCCGGAAGCGGAA
NZ_CP133761.1_gap21	617949	618891	942	CTAACCTTTATTACACTTAACATCAACGACGATGGATAAACAATCCACAGAACATAACGAGGAAACTCTGGTTGCCATGCTGGCATCTTTCCGTAAGGAAGCTTGTTACCATGACAACTTTGAAGAAGATTTCCTCCGCAATTTTCATCTTAGAAAGGAAACCGATCCGGCTACCCACTCTGCTTGGAAATTGTTACTCGAACGCCTGGACAACTATCTGCAGAACTTTCGTGGCTGGCAGTGGGTCTATGCTTCCATGTCCATCGTGACATTGGCTGCGGTAGGCGTTATTATCGCATCCGGGAACATGGATGATCCTTCCGACTCTTACGCATCCTCCACCAAGGATAAGGAAGAGATTCTCCTGAAGGAAAAAGCGGTTCCCGTAAGTAAGGAAACTATTGAACAACCCTCAACCGAAGTCGCCCCTGCGGAAAAACCCGAATTCACCACGGGAGCGCCTTCATATGAAACATCGGCCAACGACAATCAGCTGAAAACTGATTCCAATACCGATAAAAAACCGGTATCCCGAGTTCTCATCGAGATGTAACAATCCATGATGAACCTGGCTCCGATATTGGCGGGCATAGCCGTTGCAGGCTTGATTTATCAAGCGGCGGCCGTGCCTGCCCCTTTTAAGGTAGAAGCCATTCCCCACCAGGCGGAAGGAGAGCCGTACACGGCCATGGCGGCGCAGGTCGGAAAAGACATGCTCGCCTCCCTGATTCCCTACCGGGTCTTTAAAAACGGCGGTGTGACCTACTACCTTGGGGACAAGGACACCCCTCCCCTTCAGGTATGGGCCCAGGAAAAGCTCACGGGCCTGACGATTTTCAAGGTGGACGCTGCCCGCATACACGACGGGCAGGCGGTTGTGACGCCCTCCGGCCTTCTCAAGCGCGGCGACAAGCTGGCCTTTGCCAGCAGCCGGAATGAAAC
NZ_CP133761.1_gap22	766505	768696	2191	GACAACGGGCATGAACTTTACTACCGCACGGACAAGGAGCGGGGCCGCGGCCTCAACTGCCACGGCGGCGTTCTGGACGGCACCGGGGAGCTGCTGGACGTTTTCCGCGGCAGCCGCGGGCTCATCGGCCAAAAGAACGCCATGGTCAACCTGGCCGGGCTGAAATGGACCAACCATGAAGGGGGCATCCGCGTTCCCCTCATCGTCTCCTGGCCCGGGACCGTGCCGCACGGGAAGGTTTGCCGCAGCCTGGTAGCCAACTACGACCATATGGCCACCTTTGCCGAGCTGGCGGGAGTGGGCATGCCGGAAGGCAAGGATTCCGTTTCCTATAAAAACATGCTCTTCGGCAAACCTTCCAGCCAGCGCGATTACGTAGTGGTGGACCACACGGTCATCACGGGGGACGGCTGGAAGCTCACGCACAAGCAGGACAAGTGGCTCCTTTTTCAAATCAGCAGCGACCCGGAGGAAAGGCACAATCTGGCGGAAACAAGGAAAGACCAGTTGGAAAGGCTCCAGGCCATTTACAGAAAGGAAGCGGGAAGCCCCAGAAAAGACAGGCAAAAGCCGGAACAACCCCGGAAAACCGCCCTTTTTCCGCCGCTTGCTTTTGCAGGTTGAAACTTGAACGTTCCGCATGTAGAGTTCCCCGGTGAAGAACAATCCCCCCACCTCCCGCCAGACAGCCCTGACCTGCCTGATGCGCTGGCATGAAGGCCGCTCCTTTGCGGAAACCCTCGTGGACCGGGAATGTTCGCGGGCTGCGCTTTCCACGGCGGACAGGCATCTGGTGCAGGCCCTCGTCTTCGGCGTGCTGCGCAACCAGACCTGGCTGGACCATGTGATCGACTCCCTGCGGAAAGGCAGGCTGGACCTGGAAATGCGCCTTATCCTCCAACTGGGGCTGTGCCAGCTTTTCCTGCTGGGGATGGCAGACCACGCCGCCGTGTATGAAACCGTCAATCTTGCGCCCGCACGCCTGCGGGGGCTTGTCAACGCCATCCTGCGCAACGCGCTTCGGCGGGAGAAAGCCATCCTGGAGGAACGGGAAAAACTGCCGCTTCCCGTTCTTTATTCCACCCCGGCGTGGCTGGTGCAGCGGTGGACGCAGCAGATGGAGCCGCAAACGGTCCGCGCCCTGCTCCACTGGAACAACACCACGCCGCGCCTGTACGTCCGCGCCAATCCGCTGGTCCCCGTGAACGGCATGCCAGCCTCCCTGGCTCCGCTGGACCGCGCTCCCGGCTGGTTCTCCGTAGACGGCGCCCTGCCGCTGGAAGAGATCAAAGCGGGCTCCCTTTACGTGGCGGACCCCTCCACCCGCTACGCCATCGACCTGCTGGCTCCCCGGCCCGGCGAGGAAATCCTGGACGCCTGCGCCGCCCCCGGCGGCAAATCCGCCGCCATCATCGCCGCTACCGGAGGCAAGGCGCGCCTGACCGCCACGGACCTCCATGAACACCGTCTGCCCACCTTGAAGGAAAACCTGGACAGGCAGGGTTCCTCCTCCGTCCGGACGGCGCAGGCGGACTGGTCCCTCCCCTGCCCTCCGGAATGGGAACGCCGTTTTGACGCCGTGCTTCTGGACGTGCCCTGTTCCAACACCGGGGTCATCCAGCGCCGCGTGGACGTGCGCTGGCGCCTGACCCCGCAGGAAATCCGCCGCCTGGCCGCCCTCCAGAGGAGCATTCTTGAAAACGCCTCCCAGGCCGTCAAGCCGGGCGGCAGGCTGGTTTATTCCACCTGTTCCATTGACGCGGAGGAAGACGGCCTGGTGGTCAGGGATTTTCTGCAAAACCACCCGGAATGGACCCTGAAGGAGGAAAAACTCATCCTTCCCCATGAGGAAAAATCGGACGGCGCGTATGCGGCCCTTTTGATCTGTGCTTGACCTCGGCCCCAATTTGGCAACAATGCGTGCTCCTGATTAATCTCATTCCACTATGTCCCGCAAACCCATCATTGCCGCCAACTGGAAGATGAACATCGGCCCCGCCGAAGGCGCCCAATTCATCGAAAGCTTCAAAAACCTCGTTAAGGGAAAAGACGTCGCATGCGACGTGGTCGTCATTCCCCCCTTCACCACCATCCCCTCCGTGCTGAACGCCCTGAACGGCTGCTCCTGCACTGCCGTAGGCGCCCAGAACGTCTCCCAGTATGACAACGGAGCCTACACCGGGGAAATCTC
NZ_CP133761.1_gap23	771700	773608	1908	TGGAAAAACAAAAACAGCTCGGAATCGTCCCTCCCTCCGCCAAGCTGGGCATGGCCGGAAAATTCAATCCTTCCGGCTATGAAAAGGCCACAGCAGAGCGTAAGGACTACCTTTCCAGGTGCATGGCCACCTACGCCGCCCAAATCTCCATCATGGACCGCGGCATAGGCCGCATCCTTGCGTCCCTGGACCGCCACCGCCTCAGCGGCAACACGATCGTCATGTTCCTGTCAGACAACGGCGCAACGGCGGAAATGCCCCAGAACAACAGGAACAAGAAAACCGTTCTTCCCATCGGTCCGCTGGGGGAAGCCGGCTGCCGGGACGGGTACGGCCCCATGTGGGCGGCCGTGTCCAACACCCCCTACCGCCAGTATAAGATTGAGACCTTTGACGGCGGCTTGTCCGCGCCTTTCATCATCCGCTACCCTTCCAGAATCCGTCCCGGCGCGCGCTATCACTCCCCCTTCCTGCTTCAGGATCTCGCCCCCACCTGCCTGGCGTGGGCGCAGCTTCCGGTTCCCGTCCACATGGACGGCAAACCGCTCAACGCCTACTGGGCCAATCCCGGAAAGCTTCCTCCGTCCAGGGTATGGGACTACATTCCCGGCACCTGCCCTTCCCGCACCATTTTCTGGGAGCACCAGAGGAACCGCGCGGCCCTGACCAGCCAATTCAAACTGGTGGCTCCCAACCGCGGCCCCTGGCAGGTATACGACATCAGGGACAGGACGGAACAAAAAAACCTCGCTTCCAGGCACCAGCCGCTTATTGAACAACTGTCCGCACAGTACAGGAAGTGGGCAGAAGAAAACCATGCCGAATAATGCGGCACGGCGGGTAGCCTGGCAGGCGCGCACGGAACATTACCCAGGGGCAAGCCCTGACGTTCCGGCACCGCAGCCACCGGAGCCGTAACCCGCATCATTTCCGGGAAAAAGCCGGAAGAATATTTGTTCCCCCCTTGATATCCGGGGGCCCATTCACCATTCCTTTTCCCCATCCGGATATTGACGGACAATTCCGCAAGGAGTCCGGCCCTCCGGACGGAGCTTGCTCCGGCTCTCCATGCTTTTACCCTGTAAACAAAGATATTCCATGAATCAAAATAAAACACATCAAAACACTGCGATTTAACAAATCGTTTCCCAAATGGAAAACTCTTATTTTTTCCTAACAATTATTGGAACAAAGGAAGCCTTATCATTCAAAGAAATATCGTATTAGAATGCTTCTAAATTAACAAAAAACTCATTGATTATAAATAAACTTAATTTAAGATGGCATAAGAAAAAACCTCTCCGCTTCCTGCTTTCATTCCGCACCATTTCAACCTTCAATATGGAATATTTTTGATAATCAACAAATAACACACCTTTAACAAGACTTGTACAGCATCACCTTCTTTTCAACCAACCTTTCTCCCGCATCTTTCTTATGTTCAAAGAGCCCTCCTTCCTCAAAAAAGCAAACCTGTTCCAGCCCATCCTGGTCGTTGTGATCTCCATCATCGGAGGGACGCCCATGGAAGGCGCCAACACGGGAAAAATCGTCCTGCTGGTTATCCTGGGCGCCGCTTTCATCGTGTGGCACGTGGAATGCCAGAGGCTGATCAACAGGAACCGGGAGATGAAGAAACAGGCCTGCACCCTGAAAAACCGCAGTGCGGCTCTTTACAAAAAAACCTACGCCGCCCTCAGCGGGGAATATGAAAACTTCGCCAACAAGCTGAATGGAGAAGACCGCCGGGAGAAAAAAGCGGACGGCTCCCGCGCAACGACGGAAAGCTTCAACTCCGCCTGCCTGTTCCTGTGTTCCACCATCGCCGCAGCCCTGGCCGAATATAAAAGCTCCCTCATCTTTGAAGTGCTTTACATCCAGGCGGAGCGGCAGCAGGGCCAGACCTTC
NZ_CP133761.1_gap24	779714	780355	641	CGAAACGCACCAGAATATCGCCGTTCAGGTTCAACCTGCCGGAATCAGCGATGTCCTCCAGCCCCTTGACGGCCAGCAGGGGATGCTCCTGCAGCTCGGAGGGCAGGATGGAGCAGTCAAAATACAGGAAGGAGGAATCAGATACCGTCACGGAACCGTTCACCACCGCCGTTTCAGGAACCGCAACGGCCCCTGCCCCCGTACCGGCGTTTACGGTCCTGTCCGTCACGATGTGGAGCGCATAACCGGGATTGATGGTCATGCCTCCCCCCGCGGCGCCCCACTCCTGCGCCGTGCCGTCGGAGGCGATGCCCCGCGTCACTCCCAGATTCAAGTTGGTTCCTCCGTACAGGACGGCGCTCGTTTTCACGTTGAGGCTGTTGAAGCCCAGCGTCCCCTCCTGGAGCACCAGGCGGTTGACCGCGGCCGTATGGATGTACTGTGCTCCCGCGCCCGTCTTGGTCAGGGAAAGGGTTTCCCTGCTTGCGGCCGTCACCTTGCCGGAGGTAGCGGAACCATACGTGGATGCCGTCCCGAAGACACCGGCAAAATACAGCTTTTCCGTACCGTTCACGTCCAGCGTCAGCGTACTGTTGGAGTTGGTCAGCACGCGCAGCGTATCCACTTCGCTCCCCACGGTG
NZ_CP133761.1_gap25	838560	839724	1164	TCCAGCCATTTAAAAGGAATGCCCCGCATGCGTCTCCTGCATGCGGGGCATTTAATTATCCGTCCGGGCCGGAGGAGGGATGTGAAATTCAACCAGCGCCTGTTTCCGGCCCCTTTTCAGCCACACCGCCTCCGGAGAATCACGCTTCCGCTATTTCCGCACAGATCAGCGTGGCGTTATCCTGGTTGGGCGCGCCGTCACGGTTGATGCCTTCCAGCACGGACCGCACCAATTCCTCCGCGGACAGCATGGACAAGTACCGCATCCCCGCCGGGCCCAGGGAGTCCAGATAAGGCCCCACTCCGTCGCTGGCGACCAGAAGGCGGTCCCCGGGAACCAGAGGGAAGCACTCTTCCCGCAGATCCACCAAAGGCACTTCCCTCCCCATCAGGGCGGAGGTCAGGGAATGGCGGGAAGGATGGCTCAAGGCCTCCTCCCGGCTGATGGAACCTTCATCCGCCATGCGTTCCAGCTCCGCGGAATACTGGTGCAGGTCATTAAGCAGAAACATTTTTTCCTCCCGGATGAGCAGCAGAAGGGAATCTCCCACGCTGACCCAGCGCAGCCCTTCCGGCCCTATCCAGGCCGCTACCAGCGTCGTGCCCATCTCGTCATCCTTCCCCCTCTTCTTCCGGACCGTACGCACCTGTTCATTGGCGGCGGTCACTGCGTCTTTCATCCTCTTGCCGGGAGACCGGTTTTCCCGCTCAAACGCCTGAAAAAAACCTTCTATAGCCGCGCGGCTGGCCAGCTCCCCTCCGGTATAGCCCCCATGCCGTCCGCCAGGACCAGCACCAGGGCGTCATCCCCGGCCAGGATGGAAAAGGAATCCTGCTGATTGCTGCGGGCGCCCAGAATCTGGTCCCCATGCAATCCGGAAACCATAAAAGGTTCTTGGGAAAAAGGCTGCTGCGTCATGGCGGTGAGCCATCGTAGCACGGCAGGCCCACCGGGATAAAGCAAGAATAACGTGAGAGAAGAAGCCATGTCTGCATCCCGGGATGATTTTTCCGGAGTCGGAAAAGCAAATATCAATGCGGGGCCGTAGAAATCCGGACGACACGTATCGCGAAATCTCGTTCGTCAACGGGAAGAACAGGGAACTTTACATGGCTCCCAAAGCCCTGGATTACTCCCAGCTTCATGACCTTTTTTCCCGCTACG
NZ_CP133761.1_gap26	886154	890417	4263	CACTTCATCCGGTATTGCCGCCAGTTAAATGTTCCCAAGGCGGCAATCTTGGCAGGATCCCCTTCCAGGAAGACGGGAGAGCCCACCGTTTTCTCCTGGGGCGTGGCTGCCGCCTGGGCGATCTCAATGAGAGGAGCGATTCCGGTTCCGTCCTGGGAAACTGTCAGATAAATGCTTTTTTCTTCCGTAGTTTCGTTGGGAGGCACTGTAACCCGGAAGGAGCCATTGTTGCCGTTGATGATGTTGGAGATGGAGATGCCGTCGTTCTCAAAGGCTTTCCAGCCCTGCCCGATTTCGCCCGGGTTGAAGTAGGAGACGACGGAGAACGCATATTGTCCGCCGGCAGCCGGGACGGAAACCGAGGAAGGAGTCACGGAGAACACCCAGGCTGAATTGTCGGGAACCCGGTCCGTGAGCGTCATGTTGATGGATACCAGCAGGCACAAATAACCGTCTTCCGGCGACGGAGGAGGAATGAAGTTCTCCGTTTCAAATTGGTAGCCGGCAAGGACGGACGTGAATCTCCATTGAGGCTGGTCGGCAAACTGCATGTACAGAGTGCCGTTCTGGTTGGTTGCCATCCAGACAGCCAGGTTTTCCTGATACCTGGCCATTTCTTCGTAGTCCTTAAACCAGCGGTAAAAGGCAAAGGTGCGGTGTTCTACGGCAGACCCCAATCCTTCCGCAAAAGCCCTCGTGCCGTCCACCAGGGACGTTTCAAAGACTTCTATGTCTCCGCCGAACCGGGGAGGCTCCGGCGTGGCATCCCAGAGGTTGAGGAGTTGGAGCGTGTTTCCGGCTCCGGAAACGTACCATGCGGAGTATGGGGCCTCGTAGATCATGATCGTCTACAGCTTGGAATAGGCCTTCACTCCTTCCGCAATGGCTTCGGCAATGCGTCCGGGATGGTCCTTCATCAGGGCGGCGTTTTCAGGATTGGTGATAAAGCCGCATTCGCACAGCACCCACGGGCAGCGGGTCCTTTTCAGGACGGCAAGGCCCGGGCGCGACTGCACGGTATTGGCCCGGCCGGGAAGCAGGCGGGAAAGAGGTTCCGCGATGCACATGGCCAGCCTGCTGCCCTTGACGCTGCCCGGGTAAAAACATACATGGGCGCCATGCGGGCCGGGATTTGGGACGTTTATGATTTCCGGCCCTGTTTCAGTTTCCACCGTTTTTTCAGTACTGGCGCTGTCGCAATGAAGGGAAATGCCGAAGTCATAGCCGCCTTCATTGGCGGCCTTGATGGTGGCGTTCAAATCCTGGGCATTGCTCATGCCCGGAAAGTCAATCACGTCCACCTTGGCGCCCAGCTGCCGCAGCATGGGGGCGAGGCATTCGGCGATCGTCACGGCGACGGCGTGTTCTTCAAGCCCGTTCCCACGGGCTCCGGTGTTGTTGGCATGGCCTATATCAATGGCTATTTTCCTGGGTATTCTCCTTTAATTGATTGGTTATTAATATGTATGAACTTGTAAGAAAAACTTTACAGTTGACTATTTTTCAAGCTTCCGCTCGATATTCTCTATTCTGACGGCAAGAAGCTGAATAGCCTTTGCCATCTCTACCTGGGCCTGCGTCTGCATCGTCATCAGATCGCAAAGTCGGTCGTTGTGATGTCCCATGACATCTCCGATGTACCAGCACGCCCCGCCGCAAATGACCAACGACAGCATGACGCAGGCAAGCATGGGTGAAGCCTTGGCAAAATCCAGGAAACGCGCCGGTACTTCGGAGAGTTTGCACATGGTTATTTTTTGCTGGGGATTACCTGCACCACGGGCTCAACTTCCGTCTTGGGCTGGGCCTGGGAATAGGAGATATGCCCCTGCTCAATGACGAGGCAGGAACCGTCCTTGCAGACCTCGGTGCGTCCTGGCGTCACGTCTACGGAGTGCCCGCAGCCCTGGAAGAGAGATAAGCCGAGCATCCCCACAGCGGCGGAAGCCAAAGCCAGGAGAGCTTTTTTCCACCAGGTGGAAGCCCCGGAAGCCTTGATGCCGAGATAGTCTTTGATGTCCTCAACGGCGTGCTTGCCGATGATGGTGAGGGCCTGGTCTGCGACGTGATACCACGCTTGCCTGACATAGGCCGGTTCATCTTCCCAGCCCGTTTCTTTCGGGGCGTGGGATATGGCGGATTGGTACATGTTGTACATTTCCTTGGCTATCGCCTCGGCATGATTGCATTGATTATTAGTAGTCATATGATTATGTTGTTATTGGTGAAGTATTTGAAAAATGCCACGGCGGCGGGGTCCGTGATGATGAATTCCGGGTAGTCCGCAGACGTGAATGTCCGGCGCCCACCATCCGCATTGACGGCCTCAACCGTAAGGATCACCGCCTCTGTGGACTGGTAATTGTCTGCATCTCCAGTCGGCGCCTGGAATACCCAGTTGCACCGCACCCAAACCTGCACCGCTTGCCAGTCCTCGTCCATGCCGGCGATCGCGGCCACCGCTGCTTTCAAGGCCGGGGCTTGGTCGGCGGGTATATCCGCTTGTGTATAGCAGAGGGAGAGTACAAAGCCGTTATTGTCTGGAAATCTGGCGGTCATAACAAATTCGTTCCACTGTCCGGGCTTAGGGAACTGTAAATGTATCTCTTGCATGGTGTTATTGCGCTAATTGGTTGATTTCTACAACGGCGGCCTCGGCGTAATGGTGGCCGACAAACGCCCACACCTGCCGCGGTTGTCCAGTCGTGTTTGCCGCCAGCGTCAGGACAACCTGGCCGCCGCCGGACCCTATTTCTTCAGAGGATTGCGTGCACCACACAGCGGCGGGGTCATGTCCGCACATGGTATCGTTCAGCACATAGATAGCCTCGGAGAGGGTGGAAGACGCCGTCAATGTCACCTCGCCGCCAGAGGCCGGAACTTCCTGAGCAGAAGCCGTTACTTCTGGAACTGGTTTAGGTGTCACGCCCTCCATTACCGTGTCCTTCATGAGGACCCAGGAGTTGGTTATGCCCAGTGAGGGTGCATTGTCTATCCTCATTCCTCCCATCCGGAGGCCCGCCTGATAAGTCCCGCTGACTTCGTGCGCCTTGAATTTGGTTGTAAGGCATGCTGTGTTGCCGGCGCCCCAAAAGGAGGAAGCCATATCCATTACATATTGCTTGTCCACAAACAAAGCCCAGCGATTGTAAATCTCCTGGTCATCGGGGTTGGGTGGCGTCATGGCCGCGGAGACGTAGGTAAAAGCCGGAGCCAATGCCCAAACATAATGGGAATCTACCTTGAGGGGTCCGTAAAACGTCCCCCTTATCAAGGCCGACTTATTGCTCCCCAGATACCCCATAGGGTAGGTAGTGATCTGATACGCCGGCACATTGTCGCCCCCTCTCGCTCCATTGACTGTATTGTTTTGCGGATACCTGTAATTTGCATTATCCCAGGCATAATCCACCCAGTGCACAGGATGTGAATAGCAGGACGCCAGCGGATCGACAGTCGTAGCGTACCCCTGGGCAGTGCTGCCCAAGAGAACCGACACCTTGTCGGAGCCAAGTATCCGCCAGGCGCAAGCGGCAGCATATTCGTTATTTCTATTGTTGCCCATGTAATTGGCAAATTTCCATGATCCCGTGGATTTGCCGATAACAGAAACACCCCCGGCCGCCGTCATGGTTAATACCATATCGCACAAGTCGTTATTAAATACTCCCTTCTTCAGGGAGGCGTTAGCGGTAGCAATTGCGTAGCTTGTGTTCAACGACTGGGCTTCCACCAAGGCGGTCACCCATGACGGAATGACGGATTCCAGAAAATAGTTGGTGCGGCTCCATTGGCCGGCAGCCGTCATGGTTATCATTCCCTCATAGGAAATGGCATTCTGCCCTGTGGCGGGCAGCGGCACACGGACTCCTTCGATTGCGGTGATCGTGGCGTCGTAGGTCTGCGGCTGCGTCCAGTTATAAGACCCGTCCGGATTAACATCCCCGGTATCTCCTTTCTCGCCACGGGGTCCTTGGGGACCCTCCGGCCCCTCGGGGCCTTGCGGGCCGGCAGGACCCTGCGGTCCGGTTTCTCCAATGTCGCCTCTTGGTCCCTGTTCTCCGGTCGCTCCCTGAGGACCTTGAGGTCCTGCGTCGCCCCTGGGACCCTGAGGGCCTTCGGGGCCGGTTTCGCCCGGTTCCCCCTGCGGGCCTGGTGGGCCTTCGGGACCGGCGTCTCCTTTGGGGATGGTAAACGACAACAGATAAGAGCCCGCTTCCGAGCCTTTCACGGCTTCCGCTGCGGCAGGAGTGCCAGGCTCGC
NZ_CP133761.1_gap27	993885	994667	782	GGGCCGTGACTTTACGCTGGATTTCGGCACCTTTACGGCGGCGGAACACGGTTCCTGGACCGCTACGGACCTCACCAACTTCTGGACCAACGGAAAAACCGTCACCTTCACCGGCACGCTGGATATGAACAGCCTTTCCGGAAGCGGAACGATTGAACTGGCTTCCATCAAATCCGCCCAGCAGGGAGGCAACCTCAATCTGGACCTGAGCGGCCTGAACATCGCCAGCAACTCCCAGGTACAGGCGACCGTGACGCAGGTCACGGAAAACGGCGTCACCAAGGTACTGATCAACTATGAAACCGTTCCGGAACCCGCAACGGCCACGCTGAGCCTGCTGGGACTGGGCTCCCTGCTGTTAAGAAGAAAGAGACAGTAGTCTCCGCCCCAGCACCGATTTTACCCCGGCTTGCTCCCCAAAGGGAAAGCCGGGGTTTTCTTTTGCCGGCGGGGTCAATTTTCACAAGCATTTCCCCATTCGCCAACGCGGCCGCTCCGGGGCCGCGCAACGCCGCCCCGAACGGAAAAACGGAAGCTTCCCCGCGCAGGTCAGAACTCGCAGTTGCGCGGCGTGCGGGCAAAGGGCAGTACGTCGCGTATGTTCGTCACTCCGGTCACGAACATCAGCAGGCGTTCAAACCCGGCTCCGAATCCGGCGTGCGGAACCGTGCCGTAGCGGCGCAGATCCGCATACCAGCGGTAGGCTTCCTCATTCATGCCCATGCGGCGCATGTTTTCCTCCAGAATGTCCAGCCGTTCCTCACGCTGGCTTCCCCCTACGA
NZ_CP133761.1_gap28	1055981	1057440	1459	TATGGCATGGCAGGTGCCGTTCCCCTTCTGCTATGGAGTCTATTTACCGTGATTCCTTCGCTGGCCGTCACATGCAGGCGCCTGCATGACACCAACAAAGGCGGAATTATGCTGCTGCTTTATCTGGTTCCGCTGATAGGGAGCATTATTCTTCTCATTTACTGCTGTGAAGACAGCCAGCGGGGAACGAACCAATACGGACCGTCGGAAAAATACCCGGGGTTGCCGTAATTTTCCGGAATTTCCTTTTGCCAAACAGCTTTCCGGTTCACTGGAAAAGTTAGCGGCACATGCCATGGAAAAGCCGTACAGTCCTGCACTTGTCTTGCGTTTTGGGGGGAAATGCTTCATATTCAGAACATGTTTGTTGACAACATCCGCATATTTGCCAGGGCAGGAAAGGGAGGAAACGGGCTGGTCAGCTTCCGCAGGGCCAAATTCGTGCCCAAGGGCGGTCCGGACGGAGGAGATGGCGGCGATGGCGGAAGCGTCATTCTGGAAGTGGACCCGCACACGAATGATCTGCGCTCCTTTTTCTACGACCCCAAATTGATCGCCACGGATGGAGTAGGCGGACAAAGCGCCAAAAAGCATGGCAAAAACGGCAAATCCGTCATCGGGAAAGTTCCTCCCGGCACCATCATCTACCGCAGCAATGCCTCCTCCATGGCGGAGGCGACCTGGCTGGAACGGGAAGGCGAAGGCATCGAGCTGGAAAAAATTGCGGACCTGACGGAAATCGGCACCCGGTTCACGCTGTGCCAGGGCGGCATCGGCGGCAAGGGCAACTGGCATTTCCGCTCTGCAACCAACCAGGCGCCTACGGAAGCCGAGATGGGAACGGAAGGGGAGGAAGGCGTCTTCTTCATGGAACTGCGCCGCATTGCGGATGCCGGACTGGTGGGCTACCCCAACGCGGGCAAAAGCACCCTGCTGGGAGACATCTCGGAAGCCAAGCCCAAAGTCGCCAACTATCCCTTCACCACGCTCCAGCCCATCATCGGCGTAGTGGAATTCGACAGCTTCCGCCGCTGCGTTGTGGCGGACATTCCCGGCATCATTGAAGGCGCGCACAACAACCGCGGCCTGGGGCATGAATTCCTGCGCCACATCACGCGCTGCAAGGTGCTCGTCTTCGTTCTGGACATGGCCGGCAGCGAAGGCCGCGACCCCATTGAAGACCTTCAAAACCTCCGCACGGAAATCAAGCTGTACAGTGAAGACCTGGCCAAACAGCCCTGGTTCGTCGTCGCCAACAAAATGGACCTGGAAGGGGCGGAAGAAAACCTGGCCAACTTCCGCATGCGTTTTCCTAAGGTGGACGTCATCCCCCTTTCCGCGCTCAACGGAGAAGGCATTTCCCGGCTCAAGAGCAAGCTTGACGAACTTGTAGGCTATAAATTCGTTCGTTAAAACCATCCGTTCAACCCTCTCTCCCTTCCACATGACCGCTCCGCTT
NZ_CP133761.1_gap29	1071251	1072772	1521	GTGCGCGAACTGGGCTACATGGCCAAACTGTACGCGCTGGAAGACCTGGACCAGATTCACGAACCCGGCGCCGTCATCCTTTCCGGAGGCCCCAAAAGCACCACGGACGCAGACGCTCCGGACATTGACTTTGAATGGCTCAAGAGCCTGAACGTCCCCGTCCTGGGCGTGTGCTACGGCATGCAGCTGCTGAACATCAAGCACGGCGGTTCCGTGAAGGCCAGCAACAAGCGGGAATACGGCCCCGCCGCCCTGCTTCCGGAAGCCTGCACAGGCCTGTACCGGGACATGTCCCCCTCCTCCCAGGTATGGATGAGCCATTCGGATACGGTGGACCACCTGGCGGAAGGCTGCCAGGTGATCGCCCGCAACGCGGAAGGCGTCCCCGTCTCCCTCCAGTGGGGAGAAGCAACTTTCGGCATCCAGTTCCATCCGGAAGTGACCCATTCCCATGAAGGGCGCACCATCCTGCGCAACTTCCTCTCCTGCGCCGCCAACCTCAAGAAATTCGATATCGGCGACTTCAAGAGGCAGCTCATCCGGGAAATCCGGGAACGCGTGGGCAGCAAGCAGGTGGTCTGCGGCGTCTCCGGCGGCGTGGACAGCACCGTGCTGGCCGTCCTGCTGCATGAGGCAGGCGTGAACATGCGCGCCATTTTCGTGGACAACGGTCTGCTTCGCAAGAATGAGGCCGATGAGGTACGCGCCAATTTCGCCCGCATGAACGTGGAAATTGAAACGGTGGACGCTTCCGAACGCTTCCTGACGGCCCTGGCCGGGGAAGGCGACCCGGAAAAGAAGCGCCGCATCATCGGCGGCCTGTTCATCGACGTATTCTGGGACGCTGTGGGAGACGCGGAAATGCTCGCCCAGGGCACCCTTTATCCGGACGTGATTGAAAGCGCCTCCAACGCCAAGTCCAAGGCCTCCGTCATCAAGACACACCACAACCGCGTGGAGCGCGTGCTGGAACTCCAGGCGCAGGGGAAGGTGCTGGAACCCCTGGCGGAATTGTTCAAGGACGAGGTGCGCGAACTGGGCGCCTCCATGGGCATCCCTCACGACATCCTGTGGCGCCACCCCTTCCCCGGCCCCGGCCTGGCCGTGCGCTGCCCCGGCGTAGTCACCAGGGACCGCCTGGACATCATCCGGGAGTGTGACGCCATCTTCATCGGCAACCTGAAGAAATACGGCTGGTATGAAAAGGTCTGGCAGGCCTACGCCGGCCTCATCCCGGTGAAAACGGTGGGCGTGAAGGGAGATGAACGTTCCTATGAATGGGCCACCAACCTGCGCGCCATCGTGTCGGAAGACGCCATGACGGCGGACTGGGTAGAACTGCCTCCGGCCCTGCTGCGTGAAACCAGCAACCGCATCCTCAATGAAGTGAAGGGCATCAACCGCGTCCTTTACGATATTTCCACCAAGCCCCCGGCCTCCATTGAGTGGGAGTAATACTATACCGCCCCTAAAAGGGAGGCTGTAAAGTCCCATGAATACAGGTCTTTCGATCTCTATTGC
NZ_CP133761.1_gap30	1079196	1082465	3269	TCATCATTTCCGGGCTCAGCAGGCTTTCCGAGCTCTTGACGTGCTGGCGGTTGATCAGCATGCCCAGCACCAGGCAAAGAATCATGAAGGCGGAGCCGAAGTACACCGTAGCTTTTTTCAGCACATCCGTAGTCCGCGCGCCGAAGGCCTGGTCCGTGATGGCGGCGCCGAAAGCGGCTCCCAGCCCTTCCTGCTTGGGTCTCTGCATAAGCACCACGCCCAGGAGGAGAAGTGACACAATCACCAGAACGGCAAAGAGTAACTGAATGCTGATATTAAGTGAATTTGCTAAAAAAAGGTTCATGAACGCGGGGAGTATGTGTGAATTCAGATGGTTTGTAAAGTCTAGGAAATGATTTCGTTATGCTCGTTGCAAACGATTTTCTTGGGAACGATGGGCTTGTCCGACAGGGCAAAGCTCATGATAACCACCCGTTCGCCCGTCTTGATCAAATGGGCCGCGCCGCCGTTCATGATGATGTTCCCCGTACCGGCAGGCCCCTGCAGGGCATACGTTTCCAGACGGTTTCCGGACGTGACGGACGCCACGAGGACCTTTTCTCCGGGCCACAGGTCCACAGCGGCCATCAAATCGGCAGGAATTTCAATACTGCCTTCATATTGAACATCGCCACGGGTAATCATGGCGCGATGGATTTTTGATTTTAACTGCTCAACCAACATGACGTCCGAACAACAAACCCCCGATCGCTCTTTCGGTCAAGCCGTCATCCTCCATTTTACGGTTTTCTGTGTCTTACTTATCCCGTCTCAACACCTCAGCGGCCTGGGCGGCGTCCAGCGCAAGCTGGCTTTTCAGTTCTTCCAGGGAGGGGAATTTGGTTTCCGCCCTCAGGAACCGGACCGGCACCACTTCCATTTCCTGCCCGTAAATGTCCCCCGGCTGGCCGAACAAATGCGTTTCCAGCAACAGTTCCCCCCCTCCCCTTCCACCGTGGGACGCACCCCCAGGTTGGCGACGCCCCCATATTCCGCGCCGTTCACCCGGGCGCGTACGGCGTAAACGCCATGAGGAGGCTGCAACCCGCAGCCGGGCTTCATATTGGCCGTGGGGTAGTCCAGCAGGCGTCCCAATTGGCGTCCATGAATCACCGGGCCCCTCCAGCGGTAGGGACGGCCCAGCATGCCGGCCGCCTGTAAAAAATCCGCCGCACGCACGGCTTCGCGAATCCGGGTGCTGCTCACGCGCTCCCCGTCCCGCAGGATGGGCGGAACGGCCGTCACCCGGAACCCGTAGCGGCCGGACAAAAGGCGCAGGGTTTCCACATCGCCCGCGCGGCCTCGGCCAAAGTGCCAGTCTTCCCCCACGGCAATCTCCGCCACGCGGCAGGAGGCGCAGAGCTCCCTGATGAATTCCTCCGGGCTCATGGAAGCCAGCCGGGAGGAAAATTCCAGCGTCAGCACCATCTTCACCCCCAGCTCTTCCATCAGGGCGAACTTTTCCGCATCCACCGCCATAATGGCAGGCGGCACGCTTTCCGGGCGGACACGGGCCAGCGGATGAGTGCGGAACGTCAGCACGGCGGCAATGCCTCCGTCACGGGCCGCGCCTTCCACCGCTGCGGCAATCACTCCGGCATGCCCCAGGTGCAGCCCGTCAAACATCCCCATGGCCCAGTGCACGGGGGAAGAAACACCCTTCAGTTCCTTAAACTCCCGGTAAATGACCATGCTGCTACCTGGCAATCAGAATGTCCGCCAGCTCCTCCAGGGAAAGCATGGCCCGGAACAGCTCTTCCCTGGGGGCGGTTTTCAGGGTATCCACCGTAACGGCGCGCTCCAGCGTAAAAGAACCGGACCTGATGCGCCGGAGGGCGCTCAAATGCGCTCCGCAGCCCAGCGCCTTCCCGATGTCATACGCATAGGAACGCACGTAAAAACCCTTGGAGCATTGAACGGTAAAGTCCACTTCCGGAACGGCCACGCGGGAAATTTGATGGCCGAACACCTCCACGGGCCGCGGCTCCCGCACAACTTCCTGCCCCTTGCGGGCCAGCTTGTACAGCGGGACGCCGTCCTTTTTAATGGCGGAAACCATCGGGGGAATCTGCTCAAAAGCGCCGTCAAACCGGTCAAACGCCTCGCGCACGGCCTGTTCCGTCACGCCGTCCACGGAATACTCCGCCACCACTTCCCCCATGGCGTCCTGGGAAGAGGTCTCCACTCCCAGCGTCAGGGTTCCGGCGTATTCCTTGTGTTCGCACATCAGCTTGTCCTGAAGCTTGGTCGCCTTTCCCACCACCAGCATCAGCAGCCCCGTAGCCATGGGGTCCAGCGTGCCGCAGTGGCCGATCTTCTTAATCCCCAGGGAGCGGCGCGCAATCGCCACCACGTCGTGGGAGGTCATGTCCTGCGCCTTGTCAATCAACAGGACGCCCGAGGGAGCTTGCATGGAATCTGAAGCGTTCATGAAATCTGCTGTTGGAGCACGCGTTCCACTTCCTCCTGCATGGCCTTCAGGATGGTGAGGCGCACTTCTTCAATGGGTCCCCTGATGCGCACTCCGGCGGCCATGGCATGTCCGCCGCCTCCAAAACGGGAGGCAAGCTCCGCCACGGATATTTCAGGGGTCTTGGACCTCAGGGAAATGCGGATACGGGGATCGTCCTCCGCCTCCTCCAGATAAGCGGCCAGCCAGACTCCCTGCACGGAACGCAAAAGGTCGATCAGGCCTTCCGTGTCCTCCGGACGGCTGCCGATCCGTGCCTTCGCCTCATTCGTCAGGCAGAACGTGCAAATCCTGCCGTCCGGCGTCAGCCTCATGCCGTTCAGAGCCTCGCGCATCAGCTGCATCTTCACCCAGGGCTTTTCCTGGTAAAGCTGGCGGTTGATGTCCTGGACGTCAACGCCCATCCGGATCAAATCCGCGGCCAGCTCCATCACGGCCGCCGTCGTCATCTGGTACTGGAAGGAACCCGTATCCGTGCTGACGGCCACGTATAGGGCGTCACGCATTATCGGGGTAACGGGAACGCCCAGATACTTGAAAAAATAATACAGCACCGCACCCGTGGCGCACTCGTCCGGCAGAACGCATTGCACGTCCCCGAACAATTCATTAGTCTGGTGGTGGTCGATGTTCGCCCACACCTTCACTCCCGCCAGGGCCTTCAGACTGCGTTCGCCCAGCCTCTTGAACGCGCCGTTGTCCACGGAAACGGCCACTTCCACGTCCACCGGCTCATCGGGCGTGGGGATGATATTTTCCACGCCCGGCATAAAGGCCAGATTGGAAGGCACGCCGTCCT
NZ_CP133761.1_gap31	1127123	1131085	3962	CGTATAAAAGGAAACCACATCGCCCACCAGCACGGGAGCTTCAAACGTCAGGCTGCTGACTGCACGCGTCACGATGTAGCGGCTCAACGCATAACGCATGGCCGTATTGGCTCCCGCCAGGTCCACCTGGCTCATCACCCAGCCGCCGAACACTTCCCCGCTCTGATTGGTGTCCGCAGGCATCGGTTCCACGCGCAGGGCGGGAATGCGTCCCTCCGGAAGCTGGGTATGGTGGTATGTATTTTCCATAAATAAGAACAATTATAAATTAACGGGCTCATGCTCATCTATCCCGGCCCTCTTGTAAAGAGCAAAACGCGGAAACGGAAGGCGGACAGCCCCGGAGGATTCCTCCAAGAAAGGGGAATACGTTTTCGCAGGACAATAAAGTATTGACGATAGATGTGTTATCAGTTTAAAAGGAACCATGCGGATTCCTCCTTCCCCGCCCATTGCCCTCGTCTCCCTTTCCCTGCTGGCCGTGCCGGTTTCCATGGCTGATACAACAGACTCCGGAACCTCCCCTTCCATTCAAAATGAGGGAAAAGAAAAAAAGGCGCCTCAATTCAAACTCACGCTGAGGGAATATACCCATCCCGGCGGAGAAGCTACCTGCGTGTTACGGGACAGTTCCTTCCCTTATCCCAAAGATTACATGCTGCAGGATTACCTGGCGGCCCTGGAGCAATTCCTGGAAGAACAGCAGGCCAGGGGAATGCCGCTGGAAAAAATCACTTGCTTTTCCACGCCTTCCCTGGGACGGGCAAAGGACGTCCAGGAAAAATTCAAGCAGCTGGCGAGGGAGGGGAAAAGCCGTGTCTCCAAAAAGGACGGCCATTACATGAGCGTCTGCGTGAGGCTGGTACGGGAGGAAAAACTGCTCGCCCCCTACAGGGAAACCTTCAAGCGCTTCGGATTGGAGGTGGACGACACCCTTTTTGGAGAATCCAAAATGGCAAGGGCTCCCTTGGACGTGCCGGGAAGAAAAACCCCCGTCTATTATTTTACGGGAGGGATGGTGAACCTGAAGCTGGCTCCCCTGAAACCGCTGGAACAAAAGGCTCCATAAAAAATAAAAATGCGCCGGGACAAGCCGCTTTTACACCGGACGGTTGAATTTGTGCGTCTTATCCCGGCCTTTTTTACAATGGCCCGCAAGGACGGTTGTCCATTCCTTATGGACCGCGACCATGAACCCAAAATGAAAAAAGTGGACGGGGAGGAACATCCCGCTTCCGACTTCGCCTATGTTCCCGACCCGGAAAAGCCCTCCACCTGGAAACTGCCGATTTTCAACATGCATCATGTAGGGGGCGCCCTGGCCGCCATGACCAGTGACTACCGCGGCAATCCCGTGGAAATCCCGGAAGGAGACCGCCACGCCGTCATGAAAAAAATCCTGGCCCGGAAAGCGGAGCTGGAACAGGAAAAAAGCTGACTCCGGCTTCTTGCATTCCTTTTTTCTTGCGCCTGGAAACAAGCCGGGAAAGATGGCTTTCTCCCCCGGCTCCCTTGATTCTTTGCCATCCGGCAGGGTAAAACCTGCCGGACTTTTTTTGTTCCGCCGCCTGCTGCGCGCCGCGGGAAGCTCCGCAATTGTCCCCCCCACTTATAAAAGAGGCAGACCTTCACCTCTTTTCTCCCCTTTATCCATGTAATGGCATGGCCTTCCACCGCCGCCTGTGATAGAATCCCTCCACCCCTTATTCCGGGAAAACGGGAACGGCGCGGCGTTCAGCCGCCTTTTCCCGGACAACGGCTGCCGAATTTCCCGCAAAGGCGGAATACCCGGAACGCCATTCCTTCCTCTTTAAACGCCATGACCGGAGAAAAAGTGAAAAAATGCCTTTGGCTCTTCTGGATCAACCTCTTTATCGGGGCATTCACGTTCGGGGGCGGCTACATTGTCGTGCCGATGATCAATAAATACTTTGTCTGGAAAAAACGGCTGTTTTCCAAAGAGGAGCTTCTCTCCATGGCCGCCATCGCGCAATCCACGCCCGGAGCCATTGCCGTCAACCTCTCCGCGCTGGCGGGGCACCGCACCGCAGGCATGGCCGGAGTCATTTGCAGCTGCCTGGGCGCCATCATCCCGCCGCTGGTCATTCTTTCCATCATCACCGTCTGGTATGACGCCTTCAGTTCCAATCCCGCCGTGGAAGCGGTCCTCCGGGGAATGCAGGCAGGCGTGGCGGCCCTCATTGTGGACATAGTCGTGGACATGTGGCAGATGATCCTGCGCAGAAAATCCGCCCTGCTGAACGCGCTGGTTCCGGGCGCGTTCCTCGCCAGCTTCGCCTTTCACGCCAACATCGCCGCCATTCTGGCCGTGTGCTGCCTCCTGAGCCTGTGGCACGTCCGGAAAACGCTGGGAAGGAGGGCCGGATGACTCAGGCATTATGGCAGCTTTTCAGCGTCTTTCTCCAGATCGGAGCGTTCAGCATCGGAGGCGGCTACGCCGTCATCCCGATGATCCGGGACCAGGTGGTCATTCACCAGGGCTGGATTACCCAGAAGGTTTTTACCGATATCATCACGATTTCCCAGATGACGCCAGGCCCTCTGGCCATCAACACCTCTACCTTCGTCGGGCTGCAAATCGCCGGCATTCCCGGCGCCGTGGCGGCCACCCTGGGCTGCATCATTCCCGGCGTGGCGGCGGCGCTGCTGCTGCACCTTTTCTTCCAAAGGCATAAAAAATCCGCTTATGTTTCCGGGGTGCTGGAAGGGCTGAAAGCGGCTTCCGTGGGCCTGATCATGTCCGCGGGCGGCACCATCCTGCTGCTGACCTTCTGCGGCACCTTTGACTGGCACGCCATCGCGGAAGTGGACTTCCCGAGCATTCTCCTGTTCGGCGCGGCCCTGTTCGTCCTGCGGAAATGGAAAATGAACCCCATCCTGCTGATGACCCTGACGGGAGTGGCCGGATACTTCATTTACGGACTGTCCTGAAATCCGGCGCGGACGCGCTGAAAAACGGAGGAAGGTTCCCGCCCTCCCTCGGCGCAAATAGGATGAAAGGATCAAATCATTTGATCATCAAGCGGGTTAATCAGCACAATATAGCGGCTTTTCCCGAAAACGGATTGGAGAAATTCAACAGGATTCAAGGAAGACCAGTGAATGAACGGCTCTATCAGGATCAATGGAAATAACATTCAGAATAATCCTATATAAGTGAATATCAATGACATGCTGAAATAAAAGCATGTCTTCCCTTGAACAGGCCATCCAAATCCCGGTCATCACGGATAGGAAATGCGGAACACCGGAGAAAGGGACGCAGCCAGCTATCTTACGCATGGCGGGCGGCGCCTTCCTTCTCCCGGCAGTTTCACGCCAAAACATGACTGATGAAAAAATGAGTACTAAAGACATTCACGAAATGCAGGACCCGCGCGACGAATTCCGCCAGGAAGGGTATGAAAAACAGCAGCAGAAAGCTCCCGGGCTCCAGTCCGAAATGGAACCCGTGCCGGACGCCGGAGAACAAAGCTATCATGGCTGCGGCAAGCTCCGTGGACGGAAGGCCCTGGTCACGGGGGGAGATTCAGGCATAGGCCGTGCGGCCGCCATTGCGTATGCACGCGAAGGAGCCGACGTAGCCCTGAACTACCTTCCCGAAGAACAGAGCGATGCCGAGGAAGTGGCGGAGCTCATCAGGAAGGAAGGGCGGAACGCCGTTCTGCTGCCGGGCGACCTCAGCGATGAAGCCTTCTGTCAAAAACTCGTCAGGGACGCTCTGGAAAAACTTGGCGGCCTGGACATTCTGGCCCTGGTGGCCGGCAAGCAGGTAGCGGTGGAGGACATTCAGGACATTACCACGGAGCAATTGACTAAGACATTTGAAGTGAATGTTTTCTCCCTGTTCTGGATTGCCAAGGAAGCCCTTCCGCACCTCAAGCCGGGAGCGAGCATCATCACGTGTTCTTCCATCCAGGCCTACCAGCCCGGCAAGAACC
NZ_CP133761.1_gap32	1132337	1133543	1206	ATCCGGTGATGCCCGCGGCATTGCAGCCGAACCCCATGCACATGGTCAGCGCCTGCTTGCCGCAGCCGCAGCACTTCTGGAACACCTTGTCCATGTTGAACGCCACGCGGGGCAGATAACCGGAATCCTCCAGCAGCGTGAAGAGGGGGAAAAAGATGGCCATGGGCGGCAGCATGACGGACACGACCCACGCCACCACGCGGTAAACGCCCAGCACCAGCACGCCGTGCAGCCATTCCGGAGCATGCGCCAGGCGGAACAGGTCCGTCAGCGCCTCCTGGCCTTTTCCAAGCAGGTCGGCCAGCCATTGGGAAGGATAATTCGCCCCCACGATGGTGATCCAGAAAATCAGCACCATCAGGGCGAACATCAGGGGATAAGCCGTCCACCGCCCCATCAGCACCTTGTCGATGCGCCTGTCGCGCCCCAGCCCCCCTCCGTCCGGCAAAGCGACCACTCCCCTGCACAGGCGTTCCGCCTGTTCCACGAATACCGCCGCCACGCGGTCGCCAAAAGAACTGCCTGAAGAACCGGCCTCCGCGGCGGCGGCCTCACGGAGAATCTCCTGCACCTCCTTCTCCTCTCTCAAACCGGTTCCCGCGTACTGCTCCAGAAGCCGCAACGTTCCCTCGTCCCCTTCCAGCAGCTTGACGGCTGCCCAGCGGGGCGACAAACCGCGCCACGGAAGACGCCCGGCCAACATTTCCAAACGCGCCAGCCACGGTTCCACGTGCTCCCCATAGGGCAGCCGGAGGGGGGGCCGCCTCTCTCCGGACCACGCCATCCGCTGCACCGTATCAGCCAGAACGTCCAGGCCTTCACCTTTCGCCGCCGATGCCGGAACCACGGGAACTCCCAGGCGTTTTTCCAAAAGCGGGCAGTCGATGCGGATGCCCTTCCGCCGGGCCTCATCCATTAAATTGACGCAGACCACTACATTTCCCGTCGTTTCCATCACCTGGAGGGCCAGGTTCAAATCCCGTTCCAGATTGGTGGCGGAACAGACGACAATGACGGCATCCGCGTCACCGAAACAAATGAAATCCCGTGCCGCCTCTTCATCCGAAGAACAGGCCAGCAGGGAATACGTGCCCGGCGTATCCACCAAAAGGTACTCCCGGGGACCGCGCCCCACAATGCCTTCCGCGCGGACGACCGTCTTGCCGGGCCAGTTCCCGGTATGCTGCCTCAGCCCCGTCAGCGCAT
NZ_CP133761.1_gap33	1259731	1260440	709	AAGGGCGGGGCGCAACAGGTCAAAGCCTGCGTTCAGGCCCAGCAGGCTGACTTCCGCTCCTTCCGCCAGCCCCAGGCTGAACCCGGCGAGACCCCATAAATTGATGCGGATGCCCGTGCCGCTTTCCGTCCGTCCGGCAATGCCGCCGGGCAGATAATCCTTCCCCACCGCATGAGGCGGAAGCTCCACCGTCAGATCCGGCACTTCCCTCATCAGCGCGGCGGTGAACGTGTTGCTGTTGGGGCCGGGAATGATCCAGTAGGTATCGGCATAGGGGTAATCCTGCGCCGTGCGGCTGATGACGGGAATGGCCTTTTCCGCCGCTGCTCCGCGCAATTCCTGAATCAATTCCGGTTCCGCGCCGAACCATTTGCGGTCCGGAATGTCCCGCGCGATGGAAACGCTGGTTCCCCGGGAGGGAAGCTGGTAGCCCATGACCTGGTACACGGTGTAAAAGCCGGCATTCTTCTCCTTCACGGCTATCCAGGTGTGCACGGCGAAATACCTGCGCCAGCCGAAGGCGCGTGCCGAATAAACCTGGACGACGGCTTCCGGTTCTTCAGCGGGTAGAGGGGCCAGGCTGCTGCTGCTGCGGTCCGCAGTTTTCCAGTCTTCCGCAGGGTGGAAATAAACCAGGGCTGCGCCCAGGAGCAGGAACGCCATGAACAGCCAGAAAACAAAGCGCCATTTATTCCGTGAGGGGTGCCTG
NZ_CP133761.1_gap34	1285711	1290148	4437	CCGTAAAGACGGAAGACGGCTCCTACCTGGGCCGCGTGAATTAAACGTTCCCTTTTCCTGTTATTTGAAGAGTCCCGTCCGGGTTTTATCCGGCCGGGGCTTTTTCATGAGGGGACGGCACGGAAAAAGACCAGAAGACGGGCCGGAGTACGGGCTTTACATTTGAAGCCGCGTCCAGTAAGCCATTCTCATTGTAATATTTTACTCCATGAAAAAGTTTATTGTCTTGTTGTGGATAGGGCTGCTGGCCGCTTTTCTGCCGGCGGATTGTGCCGCCGCAGTGAAGCTGGCCTGTCTGGGGGACAGCATCACCGCCGGGATGGGGGTTAAAAAGGAAGACTGCTGGGTATCCCGGATTGCGAAGACCCTGGACAGGAAGGCGGAAGTAGGAAACTTCGGCGTATCGGCGCGCTGCCTGCTGTTCAAGGGGGACCGCCCCATCACGCGGGAGAAGGCTTATCAGGACGCGCTGGCGTTCAAGCCTGACATGCTGTTGATAGGCCTGGGCACCAATGACAGCAAAAAAGTGAATTGGAGCCACAAGGATGATTTTGTAAACAATTACAAGGAGATCATTACGGAATTCCGCAAGCAGAATCCCAAATTGAAGGTATACTGCCTGCTGCCCATTCCCTCCCAGGAGGCCAGGGAAGGGGGATCAGCAGGGAATGCATTGAAAAGGAAATCATTCCGCTCATCCGGCAGGTGGCCAAGAGCACCAAATCCAGGGTGATCGACCTCAACAAGGTGATGAAGGACAAGGGCTCCCTGCTGGTGGACGGCGTGCACCCCAATGCGGAAGGGCACGCCCTCATGGCGGAGCACATTCTCCTGGTGCTCAAGGGGAAGGCTGCCGAGTAACAGGCCGCCCCCGTTCCCGAAGGCAGGGACTTTTATATGAATTGGAAGGGGTTAAAGAAACTGGATGGACCTTACGGATACGGCGAAGCCGGAATTCCCTTTTTGCTCTATCCGTTCCATGCGCCCCTGGCCGTTCACGTTCCCTATTCGTCTAGCGCTTTCTGAAGGCGGGACAGTTCCACGGGAGCATCCTTTTTCTTCTCTGTCCGGTAGGGAATGGTGCCCTTGTGGGGGGAATCCTTCTTCTGGTATATGCGGACGTAATCTATTTCATACTTCTGGGGCAGGGGCAGTTTATTCAGATCGCCTCCTGTGGCGCCCATGGCCAGGTTCAGGATGATGAAATGGGGCTGACGGAAGGGATTGGCGACTTCCTTGTAAACGGCGTTGACGGTGTTGTCCAGGGGCGTCCTGTTCAGCAGGATGTCGTCCGCATACAGGCGCACTTCCTTTTCATCCCAGTCCATGCGGAAGACATGGAAGCTGTCCGCCCAGTCCGCATGCCTTTCCTGGAGCCATTTGAGCGGCGTGTAGGTAGTGCTCCATTTGCCCACGTGTTTTTTGGGGGAGGCCCAGCAGAGGTTGGCCAGGTAGGTGGACTGGTAGTACTCCATGATGTCTATTTCCCCGCACATGGGCCATCCTTCCTTGACGCCCATGGTCCAGAAGGCGGGCCACATGCCCTCCCGCGGGCTGAATCTGGCCCGGATTTCAAACCGCCCGTACAGCCAGGAAAACTTGCCGCGCGTGGTCAGGGAGGCGGAGGTGTAATCCGCTTCCTTGCGCGTCGTCTGCCAATTCTTTCCCGCCGGGTCATAATGGGGATTGGCGTGTTTTTCCTTTTTGCCTTCAATAATCAGCATGCCGTCCTCGCACCGGGCGTTTTCCGGCTGGTACCACTGTTCCTCCTTGTTGCGGACGAATCCGTGTTCGTAATTCCACTTGGCGGGGTCCGGGCGGCCGTCCTTGTCGAACTCGTCGTGCCAGACGAGTTCGTAATCGGAATAATCCGCTTTTTCCACCACCCTCTCGGTTTTTTTGACGCCGTCCCCGTGCAGGGTGTAAAGCTGGGCATGGAGGGGGGCGGACAACAGGGCCGTGCAGGCCAGGACTCGGAACAGGGTGGGAGCGGTCATTATGAAGGGATGAAGGTGTTTGTTACTGTTACGGGGCCGCGGGCGTTTTTTTGTCATTTTTTATTGGAAAAGGGTGAAGCCGCGAAAGCGGCTTGAGAAACGGGATTGATGGGATTAGTTTCACCTAACAACATGGGAGCCTTCTTTGGTCCCGGAAAATCAAACACTCCGTTTTAACGACAATGGAAGAAAAGAACTATCTTGTTTCCGGCATGCATTGCGCCGGTTGTGCTGCCAAGGTGGAGCGCGCCGTGGAGGGATTGGAGGGGGTGGAGCGCGTAGAGCTGAATTTGCTGACGGGGCGGATGACCGTTCTGTTTGAAAAGCCAGATTCGCCCGCCAGGGGGCGCATTGCGTCCGTAGTGGAGAAAGCCGGCTTCCACCTGGCGGACTGGCGGGAGGAACCGTTTTCCGGTGCGGATGGGGAGGAAAGCCAGGGGCAGGAGGAAACGGGAGGCTCCCGCCTCGTTTGGTCCGTTCTGCTGCTGGCGCCTCTGATGTATCTGTCCATGGGGCCCATGTGGCACTGGCCCGTTCCGGGAGGGGGCTGGGGGCTCTGGATGAATTTGTGGGCGCAGTGCATTCTGGCGGCCGCGATTCTGTGGCTGAACCGGCATTATTTAATCAACGGCGTGCGCCAGCTTGCCGCGCTGTCTCCCAATATGGATTCCCTGATCGCCATCGGCTCCGGTTCCGCCTTCCTGTACGGGCTGTATCTGTTGATTGCGGCGCTGTGGCAGGGCGCCAACGTGGACGGAATGGAACTGTATTTTGAATCCGCGGCCATGATCGTCACCCTGATTTCCCTGGGGAAATATCTTGAACGCCGTTCCTACCGCAAGACGAACGCCGCCGTGAAAGGGCTGGTGAAGCTGGTTCCCCAGGAGGCCCTGGTTTGGCATGACGGCGCGGAGCGCGCCGTCCCGCTGGATGAACTTCATTCCGGGGACCTGGTGGTGGTGAAAACCGGGCAGAGGATTCCGGTGGACGGCGTCATTGAAGAAGGGCAGGCCGCGCTGGATGAATCGGACCTGACGGGGGAAAGCATGCCGGTGGACAAGACGGCGGGAGACCGGGTGATCAGCGGCACGTTCAACCGGGCCGGGTATCTCAAGGTACGTGCGGAACGCGTGGGCAGGGACTCCACGCTGGCCCGCATGATCCGCCTGGTGGAGGAGGCCAGCCAGTCCAAGGCTCCGATTGCACGGCTGGCGGACCGGGTGTGTTATTTCTTTGTCCCTGCGGTGATTGCGATTGCCCTGGTGTCGTTGGTTGCGTGGCTGGCTGCCGGGGAGGGATTTTCCTTCGCCCTTGCCAGGGCGATTGCGGTGCTGGTGATTTCCTGCCCCTGCGTTCTGGGGCTTGCCACGCCCATCGCCATCATGGTAGGGACGGGCAGGGGCGCGCGGCTGGGCATCCTGTGCAAGTCCGCCGGAGCTTTGGAGGCTTTGAGCCGCGTGGATACCGTCGTTTTTGACAAGACGGGCACCCTGACTGAAGGGGAGCCCCGTGTGGTGGCCGTTCTGCCGGAGCCGGGCATGAATGCGGATGAACTGGTGGAAATGGCGGCGGCTTTGGAGCAGGGATCGGAACATCCGGTAGGGAAAGCCGTTTATGAACACGCCAGGCTGCTGGAACTCCCCATCCGCGCCGTGGCGGATTTGTCCGTTGTGCCGGGCCGCGGCATTTCCGGCGTAGTGGACGGCGTGCCCTATGCGGTGGGCAATCCCGGCTTCATGCAGGACAAGGGCATCTCCTGGAAGGAGGAGGAAGGCCGCCTCCGGGAGTTCATGCGGCAGGGCGCGTCCCCGCTGTATGTAGGGAGGGGAGACCGTCCTGCGGGAGTGATCATGGTGGCGGATTCCCTGAAACCGGACAGCCGGGCGGCGGTGGATTATCTGAAGCGGATGAACCTGCGCGTGGTCATGCTGACGGGGGACAATGCCGCCACGGCGCGGCACATGGCCGGGGAACTGCATATTGATGAAGTGATTTCCGACGTGCTTCCGGATGAGAAGGCCTCCCATGTGATGAAGATGGAGGAACGCGGGGACAAGGTGGCGATGGTGGGGGACGGCGTGAACGACGCCCCGGCGCTGGCCTGCGCCCGGGTGGGCATCTCCATGAAGTCCGGAACGGAGCTGGCGATGGAGTCCTCCGACATCGTGCTGATGAAGAGCAATCCCGTGGGCGTGGCGGAAGCCCTTCAACTGGGCCGCACCACCCTGCACATCATCAGGCAGAACCTCTTCTGGGCCTTCTTTTACAATATCATCGGCATTCCGCTGGCCGCCGGGTGCCTGTATCCGGCCTTCGGCCTTACGCTGAATCCCATGATTGCCGCCGGGGCCATGAGTTTAAGCTCCCTGTGCGTGGTGTTCAATTCCCTGCGGCTGCGCGGCTTCAAGCCCCGTCTGGAAAAATAAGGCGGCCTCTTCCT
NZ_CP133761.1_gap35	1291534	1292387	853	GCTTGATGATCAGGTTGCCGTCTTCGCAGGGCGGCACGCCGTGTTCGTTCAGAATGGCGTGCACCGGGGAGGAGTCCGGCAGGTGGAACACGGCCTCCACGCTGCATTGCTGTTCTCCGGACCGGATGAGCGTTTTGTCCGCGCGTTCTCCCAGCGCCAGGCGTATGGCGCCGATGATGACGGATTTGCCCGCCCCCGTTTCCCCCGTGATGCAGATGAAACCGGAGCTGGGTTCCCAGAGCAGCTGGTCCACGAGGGCCAGGTTTCTAATTTTCAGCAATGTAAGCATTCGGGCTTTGGATTTTGAATGCATTATGGCATCATTTGCTCTAAACGCAATCATGACCTCTGTGATGAACATTCTCTTTCTGGGCACCGGAACGTCCACCGGAGTTCCGCAGATAGGTTGCTCCTGTGCGGTCTGCACGTCCCGGACCCCAGAAACAAGCGGTTGCGTTCTTCAGTTTACGTGGAGGCCGCGGGCACCCGCATTCTGCTGGATTCCTCCCCGGATCTGCGTCAGCAGGCCCTGCGGGAAAACATCACGGACGTGGACGCCGTGCTGTACACGCACGCCCATGTGGACCACGTGGGCGGCTTTGACGATCTGCGCGCCTTCTGCTGGCGCAGGTCCGGCGGCCTGCCCCTGTACGCCTCACCGCAGACGATGGAAGCCCTGCGGACCATGTACGGCTGGGCGTTTGAACCGAAACCGGGCCGGAGCGGCTACGTCAGGCCGGAACCTCACGAAGTGAGGGAGCCGTTCCGCGTAGGGAGCGTGCTGGTGACGCCTCTTCCCGTAATGCATGCCGGGGTGGAGACTTATGCCTACGTGCTGGAGGCGGAAGGGCAG
NZ_CP133761.1_gap36	1339447	1342396	2949	TCATCGTACTCTGTACTTTGCATCGTCGTCATGGCCCCTATGTCGCGGCGCGTGGCAATCGTCCTTCCCGCCGCATCATAGCTGTAGGAATTAATCGTTTCTGGCGTAGTCTCGGTAGCCGAGCGGATGGTTTCCACCAGCTGCTTGGCCGAGTTGTACCCATAGCTGGTGGTGATGCCGTCTTCATCGGTTTCCCTCAACGGCCCACAGCACATCCATTCCGTCGTACTGGTTCTGCCGTTGCCCCTCGTCGTCTTGACGAGCCTCTGCTCGTCATCATATTCATAGTCCTCCGAGGCAATCAGCGACCAGCCTTCTCCGGTGTGAACGTATTGTTCTTTCCTGGTGGTGGCGCCGTTTTCAGCAATGTATTCTATGTTCCGGGTACTTTGTCCGGGAACGATACTTCCATTAGCCTGCACAGTCTCCGTCACCTTGTGGAGAGCCCCGTATTCCGCGGCGGCTTCGTAAGTATAAACGGTTTGCACCCCGTCAATACTCTGGCTCATCTTTTGCCTGCCCCGGGCGTAGGGATATTCGGCTCCTTCCCCATAAGTCTCTTCTACACTCGTATGAACCTGGTCGGAACCCAGGGCGGTTTCCGTGACCGTGGTGCGGTTCACCTGCGGGCTGTCTTCATAGGTGTAAGTGCGTTTGAGAAGCGCCGTTTCCGTCCCATCCTCGGCAATGATTACTTCAGTTTCCGTAGCGGGTCTGAAGTCATTGAAGCGCAGGTCGGCGTAAGTGGTTCGGGTCCCTCTCTCCCCGCCTCCGGCCCAGGGAGCAGCGGAGAGCACGGTTTTGCCCTGGTCATCGTACTCGTAGCGCGTATAGCCGCCATTGGGTTTGAGTTCCAGGGACACCCGGAACTGGTCGTTGTAGGTATAGAGGGTGGTCTGGGCCAGAGAGGTCTTGTATCCCTCCGTCCGGCTGATGGTCAGCCAGCCGCCGTCGGTATACTTCTTCACTGTCCGGGTACAGGAGGAGGGTGTTTCCTCGTTGATGCCCTGAATAGTTTCAAGGCGCTCCCACTTGGAATCGGGCAGGGCGTTGCGTTCAATGGTGCGAACGATGCGCTCCTCTCCCTCCCCCTTGACGATGGTCACCTTGTTGCCTTCTTCGCGGCGTTCGATGAAATGCGGCTCCTGACCGGCGCGCCGGTTGGTGATATGGGTGACCTTGACTCCGTTTTCAAGCGAGGTTTCATAGACGGCCGTTTTGTAGGGCTCTCCGGTAACGGTGAATCCGCCTTCCCCGTCTGGGATGGTCTTGCCGGGAGCATACCACTCCAGGGTGAGCCTGTCGCCTTCGGGAATGCTTCTCATCAACCCCTGGGCGCGGGAATAAACGCTGGCAAGGGAGCCGTTTTGATGGTAAGTGACCTGGACCTTGCTGAAGTACTCCTCGGCAGAGATCACATGGCCCGAAGAGCTGGTGACCGACACGACCTCTCCGGTGGCTGCCGAGAAGCGCAGGACCATGCCGCCGGGAAGAACCATGTCCATGAAGGCGGGAGTACCCTGGAGGTTGGGAGTAAGATCTTCGTTGAGAAGCCTCACACGGTAGTTGACCTTCCTGGAAGAGCCGATGGGAGAAGCATCGCTGCTTCCCTCGTTAGCTTTGAAATAGAGATGGCTTCCGGAGGGGCGCTTGACGGTGACGCGGCGCTCGTCAGCCGAGAAGGAAGCGCTCCAGGCCATGGGGTGGTTGTAGCGCATGGAAAAGCCGCTGGAAGCCGGGGCATTAGTGGTGGCAGAGCGTGCCGTCCTGATGAACTTGGCGGGAGCCGGAGGCGTGGGTCCTGCCGGGGAGGAAGGGTTGATGCAGGCGTTGCCCTGGCAATCCTGCTCTCCCTCGGGATCCCCCGGAGTGGGCTGTGTCTGGACACAGTGTTCGTCCCCTTCCTCATTGCACTCACATTCACAGGGGCAGGGTTCCTCTTCCTGGTCCGGCTCGCTGGAAGAAGAGGAAAGGGAACTTGAACTGCTGCTGGAAGATGAGCTTGAGCTCGAAGAACTTGATGACGAAGAGCTGCTGCTGGAAGACGAGCTGGAAGAAGACGATGAACTCGAACTGCTCGAGGAGGAGCTGGAAGACGGAGCGCTGCTGGAAGAATCCGGCTCCTGGGGCGGCAAGGAACTGCTGTGGAAACTGGAAGACGACCAGCTGCTGGAAGAAGATGACGAGGAAGAACTCGAACTGCTGGAAGACGACGAACTGGAAGAAGAAGGCGGCGCGCTGCTGGAGGAATCCGGAGGCTCGGGAGCCGAAGAACTCTGCAGGGAGCTGGAAGACGAACTGTTGGAGGAGGAAGAGCTCGAACTGCTGGAAGAAGAACTCGAGCTGCTGCTGGGCTTGGGATCAAACTCAAACGAATCTCCTCCCCCTGCCGAACTGCTCGACGAATCTCCTTCTTCCACCTCCTGGTACAGGTTGACCAGAGTCAGGACGGTTTCTCCTTCCTTGCCGGCAGGCGTGTTTTCCGCCAGCAGGTAATAGTCCAGGTCGGGCTCTCCTTCCTTGTCGCTTACCAGGGCAATGCAGAACTCCTGTTGGTCCTCCGCGGCAGGCTGGTGTTGGTGGACGATATGGCACCAGTAGTATCCCTGTTCAAACTGGATCTGGCGGCGGAGAGGCGTGGAAGAGCCCGGCTCCGTGGAGAGTTCCATATCCTTGGCGGGAATGGAAAGGGAGATGGAAGAGTGGGCGTGGAGGTGGAGAAAACAGGTGGCGGGAGCCATGACCTTGAGGTACCCGAACCATTCGTGACGGGTGGGGGAGGAAGCAGTTCGTTTGGGGATAAGGACAGGAGCGGAGAGGCCGTTGACCAGGAAGTCGCCCTGGGGCTGCCCGTTGGGGTACATGGGAATGAAGGGATAGACGGTGTCCATGGCGCCGATGTTGAAAGTGTTGTTCATGGTATTAAATTAAGAATTATGAAATAGTTGC
NZ_CP133761.1_gap37	1370016	1371073	1057	TGCCGGACAAGGTAACGGTAAAGGTTAACGGCTCTTCCGTTCAGGTGGAAGGCCCCAAAGGCAAGCTTTCCTGGACGCTTCCGGAAGGCATCACCGCCTCCGTTGAAGGCAATCAGCTTTCCGTTGACCGCGCTGGCGAAAGCCGCCAGCTTCGCGCCCTGCACGGCACGAACCGTTCCCTGTTGAACAACATGGTCATCGGCGTTTCCGAAGGCTTCGTCAAAAACCTTGAAATCGTCGGCGTCGGTTTCCGCGCCGCCGTGAAGGGCAACATCCTGGACCTGAACCTGGGCAAGTCCCATCCGATCAACCAGGTAATTCCCGAAGGCCTCAAGGTGACCGTGACCGAAAACACGAAAGTGACGGTCGAAGGCATCGACAAGCAGGTCGTAGGCCAGTTTGCCGCTGAAGTCCGTGCGTACTATCCCCCGGAACCCTACAAGGGCAAGGGCGTGCGCTTCGCCGGTGAAGTTATCCGCCGCAAGGAAGGCAAGAGCGTCGGTAAGTAATTCAGGTAATAACTATTACAACATATTTATACACGATGAGTACTATCAATCGCAAAGCCATCCGCGCCAAGGTTCGCCGCCGCATCCGCAGAAAGCTCTCCGGAACGGCTTCCCGCCCCCGCCTGGCTGTCTATTTCTCCAACCGTCACGTCTATGCCCAGATCATCGACGACACGGTGGGCAAGACCATCTGCTCCGCTTCCACGGCCGATGCCTCCATCGCCGATCCTTCCAAGCTCGCCAACCGCGCCTCTGCCACCAAGGTAGGCAACCTGATTGGTGAACGTGCGAAGGCCGCCAATGTCACTGAAGTCGTCTTCGACCGCGGTGGCTTCAAGTTCTGCGGCAAGGTGAAGGCCCTGGCCGATGCCGCCCGCGAAACTGGTTTGAAATTCTAATTGAAAGATTCCCTAAATGAATAACGAAACGGAAAACACTGCTCCTGCTACGGAAGCCGCCGCTCCCGCTCAAGCGCAGCAACCCGCACAGGGCGGCCGCGACTTCCGCGGTCCCCGCGGACCCCGCCGTGACGGCCAGAATGGCCGCGG
NZ_CP133761.1_gap38	1373263	1374132	869	CCTCCGGCTACTACATCATTTCCGGCCTCATGATCTTCTTCTTCTCCTACTTCTGGGTGGCTACCATGTTCCAGCCCTCCCAGATCGCGGAAGACCTGAAGCGCAACGGCGGCTACATCCCCGGCATCCGCCCCGGACCTCCCACCGCCCTTTTCCTGGACCAGACCATGCAGAGGCTGACCTTTGCCGGTTCCGCATTCCTGACCCTCATCTACTTCCTGCCTTCCCTGCTGAACATCGGGGGCAGCATCCCCTACCTGGTCACCCAATTCTTCGGGGGCACCAGCCTTCTGATTCTGGTCGGCGTGCTGCTTGACATGATGCGCCAGGTGGAAACCACTCTTCTCTCCCGCAACTACGATGGCTTCCTGAAAAAAGGCAAGCTCAAGGGCAAATACGGTCACATCCAGGGTACCGGAGCCGCCGCAGGCAGCCGCACGGTCACCGTCATGTGGGTCGTCATCGCCCTGCTGGTGCTGGCTGGTGCCATCGCCTACAATGCCATGCAGTAAGGAACGCCATTCCCTCTTCCGAAAGTAAAGACATGAAGGATCTCAAGCATTTCATCCTGGTTGGGCCTCCCGCATCCGGCAAAGGAACCCAGGGCCGGTTTCTGGCTGATACTTTCAACCTGAACTCCCTGAGCACCGGCTCCCTGCTGCGGCGGGAAGTGGAATCCTGCACGGAGCTGGGACGGAAAGCCCTGGGCTATATGGACAAGGCCATGCTGGTTCCGGACGAGATCGTCAACGACATGGTGCGCGGCTGGCTTTCGGAAATGGACAATGACGCATGGCTGCTGGACGGCTATCCCCGCACGGTTGCGCAGGCGGAAGCCCTGGACCATTTCCTGACCCAGCGCGGAACCT
NZ_CP133761.1_gap39	1550483	1552412	1929	TGTGTCCCTGTATGAGGCCTCCGCGGTCCATGACTTGCCGGATGTGGCGGTGGACCGGATGCTCTTTGACCTGAAGCGTTCCGGTTCCGTCCGGGAACAGGGCATGGGGTACAAGTATTACAAGGTGCGCCCCCTGTTCCGGATGGAGGAAATCCTGTGCGGCCGCGATGGGGAGGAACGTTCCCGGCTGCAATGGATGGACGGCCACCGGGAGGGGGAAGTGGAGGCTCTGGCCGCGGAATGGGGGATTTCCTGGGAAGAAGCCGGCGCATGGCTTGACGAGCTGGTCCTTTCCGGGGAATGGAAGGTGGACCTGCGCCAGACAGCCCTTCACCTGCATTCGGAAGGGTTTGATGCGGAAGAAGCCGCGGAGGAATTCGCGCAGTATTTTTCCCGGTCCCGGCTGAACGGGCTGGAACGCTGGAAAACGTGCGTTTCCACGCTGACGTCTTCCGCCTGCCTCAACAGGAGCCTGGACGCCTACTTCGGCTTCCGGGAGCCGTCCGGACCCTGCGGGCATTGTCCGGGGTGCTGCGGCGCAGTACCTGCGGAGATGGAATTGGAGGAACCCGGACCGCTTCCGGAAGAACTGCGTTCCGCCGTCATGGAGCTGGCGGCGCAGAGGAAGCCCGCGCTGGCCCGCCCTTCCCAGTTGACGCGTTTTCTGCTGGGGCTGGCTTCTCCGGCGGCCATGCGCGCGCGGCTGTGGGGGCACCCCCTTTACGGGACGCTGGCGGACAGAAGCTGGGAGGACGTGTGGATAGAGGCCCGCGCCCTGTTGGGGAATTAGCGGTCAGCTGCCGCCTTTGGCGGCCTCATAAGCGGCAATGATGCGCTTGCAGGAGTTTTCCGCATGCAGCAGGGAGCACCAGTAGCGGGAAATTTCCTCCGGGCTGCGTTTTCCTTCATCCCAGGCGCGGATTTCCTCCAGCAGCGCCCCGGAGACGCTTTCCGGGGTGTCTTTTGGGCTGAGCGTGCCGGAATCATGGGAAACGTACCATTGCAGGCAGTTCAGCAGGGGCGTAAGGCGCGGACCAACGACGGAAGCCCCGGCGCAGAGCGCTTCCGCGGAGGCGACGTGCGTTCCCTCGGACCGGGAGGTGCAGAGGCTGATTCTGGCTTGGGAGTATTTCTTTTGCAGCTCCGCGTTGGGCAGGTAGCCGGCCAGGCGGATGCGGGCGCGGAGGTCTTCCGGAAGATTGCCGTGCCATTCCCGGAGGAGGGGAGGGATGTTCCCGTAGATTTCCGCTTCCCAGTGCGGTGCGCGGGGCAGGGCCTGTTCCAGCGTGGCCATCAGCAGGAAGGGGCGTTTGTAGAGAAGGTCGTCCCAGCGGCCCACGGCCATGATGATGTTGCGTTTCTCCCCGGCATAGCGGCAGGTGGAGGAAATGGGGTTGGGAATGAGGGCCAGTTTCCGGACGATGGATTTTCCGTAGAGCCATTCCCGGTCCTGAATGGATTTGACGGCTGCCGGCATGGGGAAGGCTACCATGTCCCCCTGGTCCAGGTGTTTTCTTCTTCCCCGGCTGGCCAGGTTCCAGGTGTGCTGTTTCAGCAGGCGCAGCAGGAAAAAGGCGGTGCCCCTGATTTTTCCGCGGGCGAAGACGTCCCTGGTCCACATGTTTTCCGCGATGGGGAGCCAGTATTGCCACGGAAAAAACAGTCCGGAGGAATCCATGTACACCACCAGGAAGATGCCCGCGTCATGGATGGCCCTGGCGATGGGAAGATATTTGCCCGTGCCCCAGGCGTACAGGACCAGTCCGTCAATGCCCAGGGATTTCCACCAGGCGGCGTCTTCCAGGTTGGCGTACTCCGTGCGGATGAGGTCGGGGTCGTCCCCCTCCTGGACGGGCGTGGGCATGATGGCCCTGCTTTCCAAGCCGATCCGCTGGAAGGCTTTGCAGAAAGCCCCGGAATCACGGGAAA
NZ_CP133761.1_gap40	1596460	1597956	1496	CGGCGCATCTGGTTGGTGAGGTAGTTTTGCGTGACGTTGCGCAGCAGGATGCGTTTTTCCTTGATCGGGGTGTCCGTGATGGCGCTGTCCAGGTGCCACGCCGTGATGCCGTTTTGCACTCCGCCGGGGGAGTTGGCGGCGCTCAGCGTAAATTCCTTGGTGACGGGGCCATCCGTGTCAAAGGCTTCCTGAACATGCCCCAGCAGTTCCTGGTTGCACACCAGGGCTCCCACTTTGCGTCCTTCCAGCCTTTCTTCCTGAAAGAGTTCTTTGGCCAGCGTATTGGCCAGCACGATGTGCCCGGCGGGACCGATGAGCAGGAAGGCCTCACCCAGAGCTTCCAGAAAGCGCCGTTTGTCCACGATGGCCTGTTCCTGGGCTTCCTCTCCGCGTTTCAGCAGGCGTTGGGCGTCCCGCAAGGCCTTTTTCCGGGCTTTCATGGCGGACCGGCATACCTGGACCAGGTGCCAGTTCAGGTACAGGGAGGCCAGAACAAGGATGATGAGGATGTAGTCGATGGCCGACATGGAACCGGAGCGTTAGACCTCTTCCTCCGGGGGACGCCGCCCCGGCAGGGTAAAGCGGTAGCCGATGCTGCGGACGGTTTCAATGCAGTCCGCATAGGGTGCCAGTTTCTGGCGCAGCCGTTTCATGTGCGTGTCCAGCGTGCGGCTCTGGGCCTGGTGGCTGTATCCCCACACGCAGCTGAGCAGGTCGTTGCGGTTCAGGGTCTGGCCTTCCCGTTCAATCATGTAGATCATGAGCTTGAATTCCGTGGCCGTCAGGTCCACTTCCTCCTTGTCGATGTAGAATTTGAGGGCGTTTTTGTCAAACGTGAAGGGCCCGTATTCCGCGATGACGCTGCCCGGCGTGTGTTCGCACCGTTTCAGCACGCTGCCTACGCGCAGCACGAGTTCCTTGGGGCTGAATGGCTTGGTCACATAGTCGTCCGCTCCCAGCTCCAGTCCCTGGATGCGGTCTTCCGCCTGGGCCTTGGCGGTCAGGAAGATGACGGGAATGTTCTGCGTGCGGCTGTCCCGGCGCAGCTCTCTCAGTACGCCGTGGCCGTCCATGCCCGGCATCATCTGGTCCAGCAGAATCAGTTCCGGCCTGTCCCTGCGCGCCACTTCCAGCGCGGTCAGGCCGTCATAGGCCGCCAGGGGCGTGTGGCCTGCGCGTTCCAGGTTGTAGGCCACGAGGTCTGAGATGGCGTGATCGTCTTCAGCGATAAGAATGGTTGCCATGGCTGTTTTTTACGATGAAGGAAGGGGCGGTGTCCCGATATTAGATGTGACGATTCGTTCACATTTCCCCGTCCGGAAGGGTGTTCCGGACAGCTAAAGTCTTTCCTTATGCAAACAGACTGTAACGGAGGCGTTTCCGTTTTGCAAGACTGGCCTAGATTCAACTTCTCTTCCCTGCGTCATGTGATACACTTGTGCCGCAACAGTTATATTGTTATGCGAAGCGATAGAGTTAAAGCAGGGTTCGAGCGT
NZ_CP133761.1_gap41	1599295	1603736	4441	GCGCGGAAGTGGCGCTTATCACGGACGGCCGTTTTTCCGGAGCCACCCACGGAGCCTGCATCGGCCATATTTCCCCGGAAGCGGCGGAAGGCGGCCTGATCGGCCTGTTGCGGAACGGGGATATTATTGAGTATTCCATTCCGGACCGTACGCTGAACGCCCATTTGAGCGAGGATGAGATTGCACGCCGCCGTGCGGAGTGGCAGCCCACGTACAACAAGGTTTCCTCCTCCTGGCTGAGCCGTTACCGCCACCTCGCCACGAATGCCAGCAATGGCGCCGTTCTCCGGCGCGGGGAATAATGGCTCCCTTTTAAATGGCAGCCGCTTTCCCTGGTGGGAAAGCGGTTTTTTTATGCCTGCCTCCGGTTCACAGGCGGCTGGCAAGCGGTATGGCCGGATTAGCCTGCCCGGCAGGAATGAGCGGACGCCGGTACATTCATGCCGGAGGCGACCGCCATAAAAGGTCTGTCCGGTTAAAGCGGAACCGCTTCCCTCAACAGGAAGCGGTTCCTAATCAACAATTCATACTTTCCCGGGAAATTTTTCTATTTGGAGATTTTGAAGGGGCCGCCCATTCCTTCCGGGGAGAGAACGGTGGATTCATATTTGGTTGCCGAGTAGTAGCCCTCCGTTGCGGAAGTAAAGGTCATTTCTCCGGAGCTGGTGATGGTGGAGGGATGTTCCCCTCCGTCAGTCAGCGTCATGGAGAACCGGGCGGAAGCCGGACCCGGCGCATAGGAGTACGTTCCGGAAAAGCGGCCGTTCCCCGTTTCCAGCGTAGTGGGGGAGATGATTTTGTAGGAGACTCCATGGCCGTCCGTCATGCTGATGACGGAGCCTGTTTCCAGTGTTTGCGGGGGCTGGACTCCGGAGGAGTCCGATTTGCCGGAGCTGCCGCCGCAGGAGGCCAGCAGGACCGCACAGCCCAGCGTCAGGATGGGGCGGATTATTGTTGAAGAAGGCATGAAGAGAAGGGTTGAGGATTGCCTCCCCGGTCCCGTGGGGAACCGGGGAGACTGGAATAGGAACGCCCGTTAGAATGAGTAACTGACGGAGCCGTTGATTCCCTGGGCCGTCAGCCCGGCCCTGCTTTCCAGGGAGTACCCGATGCGGGCTCCCCATCTGCTGCCGAAGGCGGCGCTTACCCCTGCGTTGACGCGCAGGGCGGTGCGGCCTACGTTAACGCCGCGCGCCGTCCAGGTTCCCAGCTCACTGCTGACGGTTCCCTTGGGGTTGAGGCGGCTGAGGTCCTGCGCCACGGCAACCGTCACGCTGGGCGTCAGCGTGGTTTTGGCGCCTGCCGCATAGGTGCGGGAGAGAGTGACGCCTACGGGCAGCGTCCAGTTCTGGGCGCGTGCTCCGCTGAAGGTCCGGGCCAGGTCTCCGTGTTCGGAGAAGCTGTCCGTCTTCCCGGTCATGAATTCCAGCCCGGCAAACGGCGCGATGACCAGTTTGCTGCGGAGCTGTTCCGTCCAAGTGGCATAGACGGCGGCTCCGAAGGAGTCGGAATCAAATTTCCCGCTGGCGGAGGTGTCCGCCATGCGGGCCTTTCCGTCAAAGGACGTGGTGCCGAAGGCGGCATAACCGTCCAGGGCCAGCTTGGAAGCCCCTGCGGGCGTGTAGCGGCCGTAAAGCATGGCCATGAAGGAGTCCGCGTCATAGCTGGACAACCCTCCCTTGTCCTGGAAGGTTCCGTAGGACTGGCCGATGGCTACCCCAGCCAGGGCGGAGGAGGAGAGCTTGCAGTCCGCGCCCACGGCATAGCCGCCTGCGTCGTATTTGTAGCCGTCGATGCCGCTCCGTGCGCTCTGGTTCGTCCAGGAACCCAGTCCGCCCACCCATACGGAGCCGCGGCCTGAGGCCACCGGCGCCATGGCGATGGGGGAGCCCTTCGCGTCTGCGGACTGGATCGGCTTCGCCGCCGGAGCGTTCAGCCCCTGTGCGGCGGAAATGGCTCCCTGCGTCCTGCCCAGGGCGGCAAAGCCCTTGAGGGCGTCATTGGAGGCCCACGCCGCGTTGACCACGGTTTCACCGCTGACGGATTGAATCATGGCTGCCGCCGCGTCCGCGCTGGAGGTTCCCAGGAGGGTTTCAAAGAACCTGTGTGCGGCTGAACCGTCCCGGACTCCCGTCCGGGCCTGTTCCATGCCGGCTGCCGCGCCGGAGACGTTTCCGGAATATCCCTGCATGGGGGCGGCTACTCCGTGCATGTTCTGCGTCAACCGGATGGTTCCGTCTTCATGAAGTGCGGCGTTAGTGGAGACAAAGGCGGAGTTGAACAGGGGCAGTTCGCTGACATCGGCTCCGGTGATGGTGATGTTGCCCACGGAAGAAGTTCCGGCTGCGGTGTGGGTGAGGTCCCTTCCGTCGCCCGTTTCACCGGCATTCCAGAGCTTGATGGAGGAATGGCCGTTGAACGTGATGCCATTGAGGAGGAGGGAAGAGCCCTCGCCCATTTCAATCACGGCGTTTCCGTTGAGTTCCAGCGTGTCGCCGGCCAGGGTGGAATCCTCCGTCAGAATAACTCCTCCTCCGTTGATTTCATAGTCCGTCAGGTCTTTAACGCCCAGTTGCGCGCTTTCCAAGACCATGGTGTCATCCAGATGGCCCACGATCAGGGAACCGGCTCCGGAATCCTGGATGAATGTTCCTCCGAATCCGTTGTCTTCCGTGTCCCGGCCGCCGTAGAGCAGGTCGCCGCTGCCCGTCTGCACCAGCGTGGCGGAACCGCGCGTCCACGGACCGCCGTCAAGGGAGTAGTAGTCCGCGTCGGAAATCCCGCTGTTGATGATGGTGACATCGTCCGCGGCGGAGTCCACCAGGATGACGGAGCCGTCTTCGGCGAAAATGTCGTTGGCTTCTTCCCCGGCCATATTGCCGTCAAAGAAGGCTCCGGAGCCAATCAGAAGAAGACGGTCTTCCATCAGATGGATGGCCCCTCCCAGTCCGGCGGCGGTGTTGTCCGTGAAGGTGACATTTTTGCCTATCCAGATATTGGCGCCTTCATTTTCAAATAAGTCGTCCACATTATCGCCCTCCTGCATTGCAAGATTGGTCGTCAGCTCGGAGGCGATGGCTCCGCCGTTGGCCCCGGCCGTGTTGCCGGAGAAGACGGAACCGTTCCCTACCGTGATATCCAGCACTTCCGTGGTCAGTTTGGAGGTGCGTTCCCCGTTTTCATAGGTGATGGCCTCGGCAATGTTGTTCTGGGCGAAGACGGCTCCGCCGGACCCGGCGGCCGTATTGCCGATGAAGCGGTTGTTTTCTCCAATGAGAATGTCTCCGTGCGCGTAGAGGGCGCCCCCTCTGGAAATATCCATGGCGGCGGACCTGCCCGGGGCCTTGCTGTTCATGAACGTGTTGCTGCGGCCCGTGGTGATTTTGTTTTCACGTTCCGTAACGGTAACGGTTCCGTTGAGGATGTCTCCGTTTTCATCCGTGTCAATGATGCTGGCGTGGACGAGGCTGTTATCCGCATCGCTGAAGGCGCTCATGTGGTAGACGGACGCTTCTTCCGTTCCCTGATAGGTCACGTTGTCCCCTAGTATGATGGTGTTTTCCGCGGCTACGGTGGTCATGGTCAGCGTAGCGTTGTCGCCAATGACTACGTTCCCGCCATAAGTTCCTTCCGTGTATTCGCCGGAGGCCAGCACATAGTCGCCGTCCGCGTTCTGCTTGAGCGTTCCTTCAAAGGAGATGGTTCCGCGGGAGGAGGCGCCTTCGTCGTCAATGGCTCCCACCGTATCCCCGGCCCAGATATCGGCCATCTGGCTGCCGGAAAGGTCGTTGTCCCCGGTGATTTCAGTATTGCTGCCGATGTAGATGTCTCCGCCTTCCGCATAGATATCCACGTCGTCCAGCGTGGAATTGGCCCCGATGGAAACGGTGGCCTGGTCTCCTACTGCGGTGGTTATGCGGACGGTACGGGTTCCGTCTTCCCCTTCAGCCATGGAGAAGGAATTCAGTTCCACGGATACGGCATCCAGCGTGACGGATGCCAGCTTTGCCCCTTCTCCGATGAAGATGGAGCCTTTCGCGTCCATGTCATAATTTTCAATGGAGCTGCCGCTGCCGATGGCGATGTCGCCATACAGCCCCATGGATTCTTCCGTGCTGGTTCCCGGCAGGTAGGCCCCGTCTTCATCTTTTCTGGTAATGCCATGGGAAAGGACGAGGGCTCCCGTCGTAATTTCCGCCCGGTCCGTGGCTTTCAGGATGCTGTTGTTTCCCAGCAGTATTTCGCCGCCCGTGAACCGGTCTCCATCGCCTGCGGTGCTCAGATCGGTATCCGTCATCGTCACGGCTCCCGCGCTGAAGTCAATTCCTCCGCGGGCGCCCACGGATTCCGACTGGCCGATCAGAGTGCCGGACTCTTCGTTTTCGTAAACGGACGTGGTGTTGACGGCGCCTGTGGAGACGAGGGTGGAATCAGCCAGGGC
NZ_CP133761.1_gap42	1646127	1649760	3633	GATTAAAACGCCTTCCCTTGACCGGCTGGCGAAGGAGGGCGTGTTCTGCTCCCGGGCGTATGTAACGGCGCCGATGTGCTCCCCCTCCCGCATGGGGCTGCTGACGGGCCGTTTTCCGAAGCGCTACGGCATTACTACGAATCCCAATATCCAGGTGGATTACCTTCCGGAGTCCCATTACGGGCTGCCCCAGACGGAGAAGCTGATTCCGGAGTATTTGAAGCCTTGCGGGTACCGGAGCGCGGTGTTCGGCAAGTGGCATCTGGGCCACACGCAGGGGTATACGCCGCCGGAACGCGGCTTCACGCGCTGGTGGGGGTTCCTGGGAGGTTCCCGGTCTTATTTTCCCGTGAAGAAGGAGGCTGAAGGCCTGAATCCCTCCATGATTGTGTCCAATTTTACGGATAAGACGGATATTACCTACCTGACGGACGATATTACGGACAGGGCGGTTGAGTTCCTCCAGGAGTCCAACAAGGATAAAAAGCCGTTTTTCATGTTCGTTTCCTACAATGCTCCCCATTGGCCCAACGAAGCCAAACCGGAGGACATCGCCAAATTCAAGAACGTGCAGGACAGGGAGCGCCGGATTTATTGCGCCATGGTGTATGCGATGGACAAGGGAATAGGCCGCATTCTGGATGCCTTGAAGAAGAACGGTCTGGAAAAGGACACGATTGTCGTGTTCCTGTCGGACAACGGCGGCGCTCCGGAAGCGTCTTCCTGCAACGCTCCTTTCCGGGGTGCCAAGAGGCAGCATTTTGAGGGGGGCGTACGCGTGCCTTTCATCATCAGGTATCCGGCGGACAAGCGGCTGATTCCCGGAAGCGTCTGCAAGCAGCCCGTTTCCACCGTGGACCTGCTTCCGGCCCTGCTGAAGGCAAACGGACGTCAAATCCCCAAGAAACTGGACGGCATGGATATTCTGGAGCTGGTGGCGAACAGGGGAACGCCTGTTCCGCGCACGTTGTTCTGGTGCACGGATTATACGTCCGCCGTGCTGGACGGGGATATGAAGTACCTGCTGGTGCCGGACCGCGCTCCGCAGTTTTACAGCGTTACGGATGACCCCCAGGAGCAGAAGGATTTATATTTTTCCAGGCACCAGGATGCGGATTCCCTGGCCAGGAAGCTGGGAACGTACCTGACCACGACGCCCGCGTGCCGTTTCCCGGACAGCATCAGCTGGTCCGCCAAGCTGATGAGGGAGTACGACAAGGCCACCCCGGACAAACAGCCTGAATGAGGCCGCATTGGGTCTCGCCGGGGGCCCTGCGCTGCGGTCAATACGCAGCGGCGCCTGCCGGCAGGGTAGCGGGGATGCGGAACCGTCCCTTTCCGCCGCGCGGCATGGTTGCCATTCCCGTGGCTGCCCCTATCCCGCTGCGGATAACCGGGCTGGATGGAGGCCGGGTGGGATCAAACGCCCTGGTTTGGACTGGAACGTTCCGTTGACCGGTACGGGACATGGTTTTCATGGTCCCGTTTTTTCGTTAAAAAAGCGCCTTATTTCAGGCGCTTGGGTTCCGCGATGCGGAGGATATGTTCACCGGGAAGGGCCAGATTGCCCTTGTCCCGAGCGATCATTTCAAAATAATGGGGGTCCTGGGAAATCCAGATGAATTCGTTTTTAGCCTGTTCCATCTGCTCCCTGGATTTTTCCAGATGCGCCTGGAGGAAGGAACGTTCATGCTCCAGAGAGCGCAGGTCCTTCCATGGCTTGAAACACACCAGGGAAAGCAGCATGGTCAGGCACAAGGCCAGGACGATGGCAAAGAGGCGGAGAGCCCTCTGGACGATCAGGGCACGTTTCTCCCGGCGGATTTCAAGCTCCGCCAAGGTAAAACGATGGTAATAGCGGCGTCTCCAGAGCATTCTTTGCAGTTAAACAAAACATTTTTGATCATAAAATGTGGATTTTGCCACCATAAACTGCGTCATCTCCCAGCTCTTCTTCAATTCTAAGGAGCTGGTTGTATTTGGCCATGCGGTCGGAACGGCTCAGGGAGCCGGTTTTGATTTGCCCGGCATTGGTCGCTACGGCAATGTCCGCAATGGTGGCGTCTTCCGTTTCCCCGGAGCGGTGGGAGATGATGGCGGAGTATTTGTTGTCCTTGGCCAGTTCCACCGTGTCCAGCGTCTCCGTCAGGGAGCCGATCTGGTTGACCTTCACCAGCACGGCGTTCGCCACATGGCGGGAAATGCCCTGGTTCAGGAATTCCACGTTCGTTACGAAGAGGTCGTCCCCCACCAATTGGGTATTGTGGCCCATGGCTTTGGTGAGCTGTTCCCAGCCCAGCCAGTCGTTTTCCGCGCAGCCGTCCTCAATGGAGATGATGGGGTATTTTTTCTGGAGCTCCTGGTAGTAGGCCGTCAGTTCCTCCGCCGTTCTGCCGCGGCCGTCCGATTTCTTGAAGACGTACAGGTTCTGAGAAGGGTCGTAGAATTCGGAGGAAGCCACGTCCAGGGCAATGAAGATGTCCGTGCCCAGCGTGTAGCCGGCGCGTTTCACGGCCTGGGCGATGCATTCCAGGGCGTCATCAGCGGATTTCAGGGAAGGGGCAAAGCCGCCTTCATCCCCCACGGCGGTGGACAGGCCGCGGTCGTGCAGCACGTCCTTGAGCGCATGGAAGACTTCCGCGCCGTAGCGCAGGGCTTCCCGGAAGGTGGGCGCGCCCTTGGGCATGATCATGAATTCCTGGAAGTCAATGGGGGAGTCCGAATGAGCGCCTCCATTGATGATGTTCATCATCGGGACGGGAAGCACCTTGGCGTTCGGGCCGCCCAGGTATTTGAAGAGGGGAAGATTGAGCTGGATGGCGGCGGCCTTCGCCACGGCCAGGGAAACACCCAGGATGGCGTTGGCCCCCAGGCGGGACTTGTTGGGCGTGCCGTCCAGGTCGATCATGATTTTGTCAATGGCCGGCTGGAGGGTGGCATCGTGCCCGGAGACTTCCGGCGCGATGATCTTGTTGATGTTTTCCACGGCCTTGAGAACGCCCTTGCCGCCGTAGCGCTTGGCGTCCCCGTCCCTGAGCTCCCAGGCTTCATGCTCCCCGGTGGAGGCTCCGCTGGGGACGGATGCGCGTCCGATGGCTCCTCCGGCCAGGGCCACGTCCACTTCCACGGTGGGATTGCCCCGCGAATCGATAATTTCACGGCCGCGGACGTCGATGATTTCCAGTTCGTTCATGATCATAAGATTTTTTATTGTCTTTTTTGGACCATGGAACGGCTTTTTTCGTTCCAGGGAACCACGTCATGACCGTGAAAATTCCGGGTTCAAGCGCGAAACTGACGCAGAACGGCGGCGATGTATTCAAGAGTCTCCGGGTCTGAAATGCCGCCGGAAAAGTAAAACGGCCTTCCGGAAGGCTGGGGCACGGAGATGCGGCAATAGTCCGTCTTTTCCCCTCCCTTGCGCTCCATCATGATCGGGGCCTGCGCGGGAAGGAGAAAATCCCATGTGCTCCCCACCGGACCAATGCCCCGGAAAAGAGACGCTTTACCCGGTTCCACCCGGAGAACGGCTTTTCCCAGCATCATGTCAACGCAGAGGAAGATGATGAAGGCTTCCGTGACGGCAAAGAAGGTGGTGAAGACGGGCAGCGCGAAGTCCGTTTTCCCCGGCCC
NZ_CP133761.1_gap43	1676226	1679537	3311	AAGAGCATGTGCGCCAGGCGAAGGAAAACGGCATCAAGCCCATTGACCTGGTCTGCGTGAACCTGTACCCCTTTGAGGAAACCGTCGCCAAGCCGGACGTCACGCTGGAAGAAGCGATTGAAAAGATCGACATCGGCGGCCCGTCCATGCTCCGTTCCGCCGCCAAGAACTACGCCTCCGTCACCGTCGTGTCCGATCCCGCGGACTACGCGCGCATTCTGGATGAAATGCAGACCCACAAGGGAGACACGACCCTGAAAACCCGCGAAAACCTGGCAGTGAAGGTGTTCATGCGCACCTCCAATTACGACAACGCCATTACCAACTACCTGGGCCACCAAAGCGCGGAAAGCACCAAGGGCAGCTTCTGCATCTGCGCGCCCCTGTACCAGGAACTGCGCTACGGGGACAACCCCCACCAGGAAGCCAGCCTGTACGGCAGCTTCGGGGACATTTTCAACCAGCTCCAGGGCAAGGAGCTTTCCTACACGAACGTGCTGGACATCGAAGGCGCCGCCGAGCTGATCACCCAGTTCCGCCGCCCGACGGTGGGCATCCTGAAGCACACGAACCCCTGCGGCGTGGGCCAGGATGACGAGGACCTGCGCAACGCCTGGCAGAAAGCCTTTGAAACGGACACGCAGGCCCCCTTCGGCGGCGTGATCGTGGTCAACCGTCCGATGACGGAAGGCCTGGCCCGCGTGCTGAGCGCCATTTTCACGGACGTCATCATCGCCCCGGAATACGATGCGGAAGCCCGCGCCCTTCTCCAGAAGAAGAAAAACTGCCGCATCATCCGCATGAACACGGAAGCCTGGATGAAGGCGCGCCGCGAACCCATCATCCGCTCCGCTCCCGGCGGCTTCATGACCATGAAGCGGGATACGGACGTGATGGGCCTGGACAATCTGGAAGCCAAGGTTGTGACCAAGCGCCCCCCGACGGAAGAAGAACTTACCGCCATGCGCTTCAACTGGCGCGTCGTGAAGCAGGTGCACTCCAACGCCATCGTCTTCGGCGGCACGGACCGCACGCTCGGCATCGGCGCCGGGCAGATGAGCCGGGTGGATTCCGCCCGCATTGCCGTCTGGAAGGCCGGACAGGCCGGCCTGGACCTGAAGGGCAGCGTGGTGGCTTCCGACGCCATGTTCCCGTTTGCGGACGGCCTCCAGGTAGCCATTGACGCCGGGGCCACCGCCTGCATCCAGCCCGGCGGTTCCATCCGGGACGAGGAAGTGATCGCCGCTGCGGACGCCGCGGGGATTGCCATGGTGTTCACGGGGCACCGCCATTTCCTCCATTAATTTGAATGATCGGCCCCGTCCCCTTGTCTTAAAACCGATATGTTGCTAGGTGTAAATATAGACCACATCGCCACGCTGAGGCAGGCCCGCTATGCGACCATGCTTGATTCCTTCAACGTGGAGCCGAGCGTTTTGGACGCCGCCTACGCGGCGCAAAGGGGCGGGGCGGATTCCATCACCCTCCACGTCCGGGGGACCGCCGCCACATGCAGGATGCGGACGCCCTGAGCGTCCGTGAGAGCGTGGCCCTTCCCCTGAACCTGGAAATGGGGAATACCCCGGAGATGGTGGACTTTGCCCTTCGGCTGAAACCGGACTATGTCTGCATGGTTCCGGAAAAGCGTGAGGAAATTACTACGGAAGGCGGCCTGGACGCCGTCTTTCATGAAAAGGAACTGGCCCCCACCATGGCAAGAATGGCTGACAACGGCATTCAGGTGAGCCTGTTCATTGATCCGGAGCTGGCCCAGGTGGACGCCGCCGCCCGTCTGGGAGCGCCCATGGTGGAGCTTCATACCGGATGCTTTGCCAACCACGCCGGGAAGGAACGCACGGCGGAGCTGGCCCGTTTGAAACGCGCCGCGGAGCTGGCCCACTCCCTGGGCATCCAGGTGAATGCAGGCCATGGCATCAACTACCAGAATCTGGAACAGCTGATGGACGGCGTGCCTTACCTGCATGAGCTGAACATAGGCCATACGATCGTAGCCCGCGCCCTCTTTGTGGGGATGGAGCAGGCCGTGAGGGAAATGCGCCAGGCGATCGACCGCCTGAGCTGATATTCCCGTTTCAACTTTAACCCCCGGTTGCAGGAACATGAGCCGTATTGCAGGATTGGGAATGGATTTGATCGACCTGGACCGCGTGCGCCAGGCCCTCCAGAAAAACGGGGAGGCATTTGCCCTGCGTATCTGCACCCCGGATGAATGGGCCTATTGCCGGAAGCATGCGGACCCCGTGCCGAGCCTGGCGGCCCGTTTTGCGGCCAAGGAGGCCGTGGCGAAGGCCCTGGGAACGGGAATAGGGGAAAAATGCGCTTTTACGGATGTGGAAGTGGTGCGCAATGATGCGGGCGCTCCCTCCATCCTGCTGCACGGCACAGCCGGAGTGACGGCCCGGGAGCAGGGCGTCACGGGCTGGTTCCTGACCATGACCCATTCCCGCCTGAGCGCCGCAGCCGCCGTCATCGCCCTTGCCGAAGCCCCGGAATTTTCCTGACGCTTCAGAATCGCCGCAAGCCTTGGCCGCTCCCGGGACCGTTTTCCCTGAACCAAAGCCGGCTGGAACATACCGGGTCCTGAGCCCAGGAAATTTCTACAGGATGCCTTGCCAGCGGCGCCGATGAATACCGTGTTCCTACAGGTTTTCAAGGTTCTTCTTGATGACTTCCCTATTCAGTTCGCGGAGGGCGGCCAGAGTTTCAAAACTCGGCGCTTCGGAAAAATCGGTTTCCAGTTCTTTCACTCTCTTTTCATAGTCCGCCGCATGGCCGCCATCCCTTTTCAGGATGGAGATGTTTTTCCGGGTTTCATCCGCAAGCTCTGAAAACGTCTTCCGGTCGGGGATCGGGCTCCAATTGATGGACTTCAGGAAGCTCTCCACCTCCGGAACCGTCACGTTGAAGAATTCCGGGCGCACCTCCTCCGGCTTCCGGTCTTTGAAATAACTTATGGCAAAACTGAAGCTGTCCGACTCCGGCTTCAGCTCAAATTTGATATCATCTCCATGAATCCGGATCTGGCGGAGGGATTCTTTTTCAAAAACGATGAACGTGCCGAACTCCTTGTAAGCATAGCGGTTGAAGTTCATTACCCCGTTTCCCCCGGTTGTTTTCGTCAGAACCCAGTCCGGCTTTCCGCATGGTTTTTCCCCGTCTCCTTCTTTCAGGGCGAATTGCGACTTCAGTTCCGGCTTCCCGTAACCGTGAACCGGCGACGCCCAGACTTCATACAGTTGTCCGGGATAACTGACCTTGACGAACAGCCAGTCCGGGCGATCCTTGAACTG
NZ_CP133761.1_gap44	1690310	1693442	3132	TCAATGCCCTGACCCAGCAGGCCAAGCAATTGGACAAGGCCATGGAAAAAATGAAGCTCACTTCCGAACAGGCCATCCGGATCACCAAACTGAACGGAGATGCCCAGGATACCATCGTGGACATGCTGGAAAATTGCGAACGCATTCAGAAGGACAAGCTCATGACGCCCGCCCTGCTCAAGGCGGTGAACAATTTCGCTGACGCCGCCAACATTGAAGTGGTGGAAACGATTACGACCGTGGAACAAATTGTGGAAGACTAAATGATCAGCTTGTAAAGACCTTTGACTGGTAGGGCCGCTCCCTGAAAGGAGCGGCCTTATTCTTTGGTGGGAAAGGCGTCTTTAACAAGTCTTCCGGCGGGATTTCATGCTTCCATGGCGGGGTTGGGATTCCCGGCCGGGGCCAGGTATCCCGTTCCGGGGTCCGTGCCCAGGGAGGAAAGAAGGCTCCTGTGGCGCGGCAGGGATTTGGCGCGGGAGACGGCGGCGGCGGGGTCCAGCACGTTGCCGAAGGTGATGGCGCCCATAGGGCAGGCGAGCTGGCAGGCTGTTTGCGCCGCGCCGTCCGGCAGGAGCAGGTCTTTCTCCGTCACGTGGATGGAAGTGGAGGGCTGGCCCGGGTGTTCCTTCATCAGGCGGGATTTGTGCCTGATTTTGGCGCGTTCCACCATCTGGACGCAGTAGGTGCATTTTTCCATGACGCCGCGGGAGCGGACGGTCACGTTCGGATTGCGCTGGAGGCGCGTGGCTTCCCCGGAGGCCTTGGCATAATCAAAAAAGTTGAAGCGGCGCGCCTTGTACGGGCAGTTGGTGGCGCAGTACCGGGTACCCCAGCACCGGGCATATACCATGGCGTTCAGGCCCTCCGTGGTATGGACGGTGGCGTTCACGGGGCACACGGACTCGCACGGGGCCTTGCCGCACTGCTGGCAGGCCACGGGAATGGCGGTGAGTGCCCCTGCCTCCGTGAAATACCGGTCAATGCGAATCCAGTCCAGCGCGCGTCCCTTCGCCATCTGGTCACGGCCCACCACGGGAATGTTATTTTCCGCCCGGCAGGCGATCACGCAGGCATTGCAGCCGATGCAGCGGGACGTGTCGATCGCCATCCTCCATTGGTACACGCCCTCCGCGCCGGACGGCGTGAACGGAGCCGGAGAGGCGCCGGACTGAAGGGCGAAGGGGGAGGGCTGCACGACGGGGCTTTGAACAGCTTCCGTACGTTCCGGAAGGGCGCGCAGGGCGGCCTGTTCCGGGGAATTCCACAGCCTGCCGTTTTTTTCACCTGACTGCGGAATGCATAACCGTCGGAATTCTCCTGCCTCTCCGCTACGTGGTTCATGCCGCCATACCCCAGGGGAAGAACCATCAGATTCTCCGCCACTCCGGGAATGGGGCAAAGGATGGCTTCCATCCGTCCGCCGGGGACGGTCAGAGTGCAGAGCATCGGCCCGGAATCCACGCCTCCCAGCCGCCGGAAGGTGGCGGGGAAACCTGTGCGGACGCCGCCCAGCTGACGCCCGTTACGGGGTCCGGGCATTCCTGCATCCAGGCGTTGCGCTTCCAGCGGCCGTCCCCGATGGAATAATCCGGGCAGAATTGCAGTTCCAGCAGGCCGTTTTCCAATCCGCTTCCGCCGTTGCCGGAGGGAGCAACGGGCGCTTGCTCCATGGCGGTTCCGAGGGCTGTTTCTTCCTGCGGGGACAGGGGGGGATAAGCCGTTTCTTCCGAATAGCCGTGCTGGAGCGCCTGTGTCCAGGCCGCAGTCTTGTTTTCCGGATTCACGGCGCGTTCAAAACATTTGCGCGCCCGGTGGTAAACGGGGGAAAGGTGCGTGGGCGAATTGTCCGCCGTGATGAGGTGTCCCTTGGTGGAAAGCAGCCCGGAAAGCACTTCTTCCGCAGAAATGCCCCCGTACAGGGGAAGAATGACGGGCTGGCGGTAGCAGAATCTGCCGCGGCAGTCCCGTTCCACTCCCCATGATTCCAGAAAATGGGCCGCCGGCAAATGCCATCGGCAGGCGCGTGAGGTTTCATCCTCATACATCCCCAGATGAATGCTCTCCGTTCCGTTCAGGGCTTCCGCCAGTGCGGAGCCGTGCCCGGAATCCAGCACGGGATTTCCGAATCCAGCAGGAAGGCGATATCCACCTCTTTCTTCCGGATATCCCGGATGAAATCCTCCAGCGTTCCGTGGGGCGGCGTGGACGGAGCCTTCAACAACTGGACGCACGTTCCGATAGAGCCGAGAAGGAGGTTGAGCTTCCAGACGCTTGCGGACAGTTCCGGATGATTGTCCCCCAGCAGGACCACGCTTTCTCCGGGATGGCTGGATAAATCGTCCGCGCAGTGGCGGAGCCAGGTGAATTCCCTTTCCGTCAGGGAGCGGTCCGTCTGCCGGGGAGGCTCTAGCGTCTGAAGGGAGGTTTTTTTACCGGAGAGATAGCGGAACAATTCCTCCAGAAAGACCGCCAGGCGCGCGGGGGAAACGGGCAGCCTGTGGTCGGCATGGGCTCCGGTCAGGGAAACGCGGCCCTCCACGGCGTAAAGGCGCGTGCGGTTCCGGTTTTCTTCCTTGTAATGGAGGCCCTCCGGGGAACGGGCGGCAATGAAATCACGCGTATTGCCGTAGGGATTCTCATGAAGGAAATCGCAATCCAGGGCAAGGATGCGTTTGGCGCGTGCGAAACGCACGCGGAAGCGGGCCTTCTGCGGCAAGCCTGCCTGCATGCCGGAGCCCGGCGTGGGAACGGGAGAATAGCGGTAAATCCGCACGCCGGGGTTTTTCCTGCCGATTTCCTCCAGCATGGAGTGCATCAGGGGAGAATCCGTGGCGGGAAGAAGGATGCCGATATGGCCGCCGTCCCGCAGGTTGCGGGACCAGGAGGAAAAGGCTCCGCGGAATTCGTCCCCGGAAGCCGGCTTGCCGTTAAAGAGGATATGCTTGCTGCGGCCTGGGTCGTAAAGGTCCAGAATGGAAGCCTGGGCCGTGGCCGGCAAGCCCGGGCCTTCCGGATATTGCAGGGAGGGAAGCAGCTTGACGGGACGCCCTTCATAACAGGCGGCCAGCACGGGCAGCGCGCTCCCGCCCATGGCCAGGCAGGTGGCGTAAGCCGTTTCCACGCCGGGCA
NZ_CP133761.1_gap45	1784605	1786796	2191	GCGCGCGCTTCAGGCGTGGTCAGGTTGGCCGGCACCTTGACGGGGGCCTGCTGGAGCGGGGCCACGTGAACGCGCAGGTAGCCCACGTTGTTGAGGGACGTGGCGGTCACTTCCCCCGCCTTATTAGAGGAGATGACCTGCTGGTTCAGCTGGGTGATGAGCATTCCGTTGTCCGGAATGTTGGCAATTAATGCGCCAAAGGCAATTGGAACCATCAGAAGAGGTTCGTACTGCTTGGCTACACCCAGGTACAGGAGAAGAACGGCAATGCCCCACATCCCTACCATTTGCCATGATAGGGAGAAGATGCCCATCCCCTGTAAAAAGGTGATTAATGAATCAAAAAGACTCATATGGAATAATTATTGTAGCGGTTTTTAGTCTGAGTCGGAGTCCGGACCTGTGTTAGGGGGACCGGACGGCTCCCGCCGGGATTAACCAATCTTGGCCAGCGCCTGTCCTTCCTGAACCGTGTCGCCCGCGCTTACGCAGAAAGCGGTGAGCGTGCCGGAGGCGGGAGCGTAAATGATGGTGTTCATCTTCATGGCTTCCAGCGTCAGGATCTGGTCACCGGCCTTCACGGCGGTGCCGGGGGCAACGTCCAGGGAAACGACTTTGCCGGCGAGCGGGCTGGGCACGTCTCCTGCGCCGGCGGCGGCCGGGGCGGGGGCGGGCGTGGGAGCCGGAGCGGGCGCCGCGACAGGGGCGGAGGCTGCGGGTGCGGGAGCCGGGGCTGCAACGGGGGCCGGAGCCGGGGCGGAGGTAGTGGAGGAGACCTGGTCCAGGAGTTCTACGGATACGTCAAATACCTTGCCGTCTACGGTGATGCGAAGTTTCTTCATAATAATGTATGGTATGGAATATTAAGTTAAATGATTCCCGCCGGGGGCGGGGGTAAGGGTGAATAATGCAGTGGTTCAATGACTGGGCCGGATGCGGTGGGAGGCGAAGATTTCCGCCCTGCCTGCGGCCGCATAGCCGGAGCCCGGGGATTGCTTGATTTCCACGATGCGGTGGCTCATGCCGTCCAGGCCTGCGTCCACGGCGGCGGAGATGACGGCCACCATTTCCGGCGTGAGCTCCGTCATGGCGGAGTCCACGGCTGCGGAGAGGATGGCGAGCATTTCCGGAGTCATGCCCGGCTTGCCTGCTGCCGCAGGGGCGGCGGCAGGCACAGGAGCGGGAGCGGCGGAGGCCGCTGCGGCCTTGGCTTTGGCCTTGTTCTGGATGGAAGCGGCAATGGAGCCGCTGATGGTCAGAATGACGGCCAGGCCACCCAGGCACATCATGACCACCAGGATGCCGACGATCTGGTAGTCCAGATTCTCCATGATGTTGGCCATGCCCTGCGCAAAGGCGAGTGTCGTAAGTAACATATGAATCCGTTAAGATGGATGTTAGAGCGGAATGTTGCCGTGCTTCTTGGCCGGACGCACTTCCTTCTTGTTCAGGAGGGTGCGCAGTGCGAAGGCGATCTTGGCGCGGGTTTCTTCCGGATTGATGACTTCCGTGATCTGGCCCATGCCGGCCGCCACGTACGGGTTGTAGAAGGCCTCCCGGTATTCTTCCAGAAGTTCTCCCTGGCGCTTGGCCTTTTCCGCGGGGTCTTCCACGGCTTTCAGCTCGCGGCCGTAAAGCACCGGAACAGCGCCTTCCGCGCCCATCACGGCGATTTCCGCGCCGGGCCAGGCGAAAACGGCGTCAGCGCCCAGGTCCTTGCAGCACATGGCGATATAGGCGCCGCCGTAGGCTTTGCGCATGATCAGGGTGACCTTGGGCACCGTGGCCTGGGAGTAGGCGAAGATGAGCTTGGCGCCGTGGCGGATGATGCCGCCGCGTTCCTGGTTCTTGCCGGGCAGGAAGCCGGGCACGTCCACCAGGTTCACCAATGGGATGTTGAACGCGTTGCAGAAGCGGATGAAGCGGGCGGCCTTGTCGGAGGAGTCGATGTCCAGGCAGCCGGCCTTCACGTTGGGCTGGTTGGCGATGATGCCGACCACCACGCCGCAGACCCGGCCGAAGCCGACGACGACGTTCTTGGCGAAGTCCTTGTGCACTTCCAGGAAATCCCCGTCATCCACCAGGCGGCTGATGATGGGCTGGACGTCCAGGGGCGTGCGGTTGTCGCCGGGAATCAGGTCGCTCATGCCTTCGTCCGCGCTCAGGTCAAGCGGGGTGTCCAGCTTGTGGG
NZ_CP133761.1_gap46	1854427	1855864	1437	TCTACGTTCTTCCTGATTCATACGTACCTATGACCAGGTTGGAGCGGATTTCGCTCATTCATACACCAATATCTTGTGGATAAGGTTGATTTTAAGGGGAGAATACTAAAAATATGGGAGTCTGTGGGAGGATTAGTACTCTAAATCCAGCCAAAGCTGCTCCCAGATTCCTTGCCGCTGTTCTTCCTGGGGGTGGGAGACGGACAGCCCCAGAAGGCGGAACGTGCGGTCCCCGGAATCCAGGTCTTCCATCAAAGTCCGGGCCAGGGGCAGGATGTCCTCCTTCTCCGTCAGGGAATCCGGAACGGTCATGCAGCGGGACTTCTGGACGAAGTCCGGGAATTTAACCTTCAGGGTAAGCGTGTTGCCCCGGAAGCCGGAGCGCGCCAGGCGCCCCGTGAGCTCTTCCACCAGCAGGGGAAGGTGTTGTTCCAGGGCCTCCGCCCTGGTGACGTCTGCCCGGTAGGTTTCTTCACAGCCCACGGATTTGCGGATGCGGGAAGGTTCCACGGGGCGGTCGTCCATGCCGCGGGCGAAGTTGTAGAAGATCCCCCCTATCTTGCCGAAATGGCGGAGCAGGAAATCCAGGCTGCGTTCCCGGAGCTGCGCCCCGTTGGTGATGGAGAGGGCGCGCATGCGTTCGGCGGTGGCGTGGCCGACGCCCCAGAAGGCCTCAATGGGGAGCCGCGCGATGAATTCCTCCGCGCGGGAGGGATGAATGGTGAACAGGCCGTCCGGCTTGCGGTAGTCGGAAGCGATCTTTGCCAGGAATTTATTGTAGGAAACGCCAGCGGAAGCCGTCAGATGAAGTTCCTGCCTGATTTCCCTCTTGATGCGCCGTGCAATGTCGACGGCCAGCGGAATGCCCGGCTTGTTTTCCGTAACGTCCAGAAAAGCTTCATCCAGGGAAAGGGGTTCCACCAGGTCCGTGTAACGGTGGAAGATGGAGCGTATCTGCGCTGAAACGGATTTGTACACGTCCATGCGGTTGCGGGTGAAAATCAGCTTGGGGCAAAGCTTCATCGCCTTCATGGAAGGCATGGCGGAACGCACGCCGAAGCGGCGCGCCTCATAGCTGGCCGCCGCCACCACGCCGCGCATCTCCGGTCTTCCTACGGCGATGGGCTTGCCGCGGTACTCGGGATGGTCGCGCTGTTCGATGGATGCGTAAAAGGCATCCATGTCCACATGGATGATTTTTCTCTGTTTCATGGGTGCGCTTCATGATCCCGGTTAAAGCGGAAATCATGAGGAAAGGAGCGGCCGCATCATAACGCGATTTGCCTGCCAAGTCCAGTTGGACAGGGTAAAGAAAGGCTTGAAAATGAAAGAAAGGGAGGTTTTTGGAAAAGGCGGCGATTTTGAATGAAACGGTTTGGAGGAAGGTGGTTGAGCACCGGAATTTCCAGAGGAAAATGGAGCGCCGTCAGACTAATA
NZ_CP133761.1_gap47	1874186	1875328	1142	AGGGATTGATGCGCTTGCCATACGGAGGGGAAAAATGGGAGCAGCAAAAAGGAAACGGGCTGCCTGATACAACAAATTTCTATGCTCTTCTCGAAGACAGGCAGGGGCGTATCTGGGTGGGGACAGACAATAAAGGAGTGGCTGTGTGGAATGGGAAATCATGGCAACAGTACAACCAGTCAAATGCCTTGCCGGGGGAGAGGATCTTCGCCATGGCTGTATCTCCTGTCAGTGGAGATGTGGCTATTGCTACTTCCGGCGGCCTGACTGTTTATCAACCGGAAACGGAATCATGGAAAGATTACACAAGGGCGGAAGGTTTGCCGGAGGACCAGATTGCTTCTCTCTCCTTTGATCGAAAAGGAACTCTTTGGGCAGCTTTTCAAACTTCCGGAGTGGCTTCAGCAGAACCTTCCAACGGATATTCACGGTGGAATGTAGTGCAGACAAAGTGGTATTGGGATACGCTGCAGAGAGTTCGCCAACCATTTGAAGCCAGAGGGAAAGGCCTGCCTTCAAATTTTTGCAACGCGATTTGTGCCGAATCGGGCTGGATTTGGGTAGGCACCAATTCCGGACTCGGGTACTCTAAAAATAAAACAGACTGGAACTTTCTGAGGGGCAGGGACTATGGGGCGAAAAATGAAGGACTATGGAAACCGGATGAGAAAACGTCTGTCCGGCATGCTCAAAAACTCTTGAAAATGAACCGTAGGGAAAACAATGACGATTCTCTTTTGCCGGAGGATTATATCACCTGTTTTTATCCGTCTTCCCAAGGGATGTGGATAGGATTCAGGGAAAAGGGCGTTTCTTTTGTGCGGAAAAATTTACAAAAAATTCAGACTGTGGATATGCCCTGTGACGATGAAGTGGAAAAATTGGTCAGCGTGACCAGTTTTGCTTCTCTGCCGGATGGCAGCTTGTATGCCGGAACGTATGGAAAAGGATTATTGCATTTGGGCCATGTAGAGAGAAAACGGATTTTCCCGTTGAATGATGTGAAGCATCCTTCTTTCCCGGGCATTGGACAACTGTCGGAACTTTTAAAAACCAGGACAGCAATTGATGGAATGAAAAAAACAAATCCCCCTGCAAAAGCCCTTTTCTGGTATGAAGACTGGGCTACCCGGGGCGACTGG
NZ_CP133761.1_gap48	1880738	1883151	2413	GGCCGCCTACCGCCTGCTGGTGGAACGCATGAATGCCTTGGGGCCGGACTGGAATTATCCCATTCATCTGGGGGTGACGGAAGCCGGGGGCGGAGAGGACGGCCGCATCAAGAGCGCGGTGGGCATCGGGTCCCTGCTGACGGACGGCATTGGGGATACCCTGCGCGTTTCCCTGACGGAGGACGCCGTGCGGGAAGTGCCTGTGGCCTACCGCCTGTCCAATCCGTTCCAGCCGTCGGAGCGTTCCGATGATCCCGTTTCTTCCTTCCCCGAACCGGAGTTGAGCTATGATCCCCTGAAGTTTTCCAAAAGGCAGGGAGGGCTGGCGATGTGTTACGGGGTGCGCCTGGGCTGGGAGCAGCCCGTGCGCGTGGTGGTGCCGGATGCGGGGTTTTACGCCCTCCAGACGGAACGGGATGCGATGGGGGACATGATGCCGGAGCTGGCCTTCGGCCAACTGGAGGCCATTGAGGTGGACCCCCGCTGCGGTGACGAGCTGGAGCCGCTGAAGGAACTGGCCGAACCGTCCGTTGTCACCGTGAAGAACGGCCTGGACATGGAACCCGTGTATGCGTTCCGCCTTCTGGCTTCCCGCATGGAAGACAGGCACCTGATTCTGCTGAAGGATACGCTGATGCCCGGTTCCGTTTCCGATGAGGACGTGCCGCTGGTGGCCGCCCGCAATATCGGCTCCCTGCTGAGCGACGGCATTGGAGATGCCGTGCTGATTCAGGGGGAATCGGATCCCCGGCTGGCTTCCTTCCTGGGATTCAATATTTTGCAGGCTACGGGGACGCGCCTGACGCGTGCGGATTACGTTTCCTGCCCGTCCTGCGGACGCACCTTGTACAATATTCAGGAGGCGACGGCCCGCATCCGGAAGGCTACGGAGCATTTGAAGGGCGTGAGGATTGCCGTGATGGGGTGCATCGTGAACGGTCCCGGCGAGATGGCGGACGCCGATTTCGGCTATGTGGGCGGCGCGCCGAACAAGATCAACCTGTACGTGAAGCACACCCCCGTCAAGTTCAACATTCCCCAGGAGGAGGCCGTGGAGCGGCTGGTGGACCTGATCAAGGAGTACGGGCGGTGGGTGAACCCCAAGTGAGGCTTTTAACGATTCCGGAGAGGTTCCAGCATGGGAAGGATGTTTATCAGCGGCGGCCACGGCGGTTTGGCGCGGGCTGCCGTGGAGTGTTTTACCGCCGCAGGATGGGAGGCGGATGCTCCGTCACACGCTGAACTGGACGTAGGGAACCGTTCCGCCGTGCGCCGCTGGTTTGACGAACATGCTCCGTATGACCTGGCGGTGTGCGCCGCCGGAATTACCAGAGACAGGCCATTCCTGAAACAGACGGAGAAGGAGTGGGACGAGGTGATGAACGTGAATGTGACGGGAGCCGCCTGGTGCGCCCGCTGTGCCGCCGCAGCCATGGCGAGGGAGAAGCGGGAGGGGCAGGTGGTAATGGTGGGTTCTTATGCGGCGCTTCGCCCGGCTCCGTCCCAGGCGGCCTATGCCGCTTCCAAGTCTGCGCTGGAAGGCTTGGTGAAGAGCCTGGCGCGGGAATGGGGAAAGGAGGGAATACGCGTTAATCTGGTGCTGCCGGGGTTCATGCTGACGGAGATGACGGCCGGGTTGAGGGAGAGCGTGAAGGAGTCTGCTTTGTCCAGGCATGTTCTGGGCAGGTTTAATACGCCGGAGCAGGCCGCGGCGTTTATTCTGTTTTTGCAGGAAGTCCTCACGGCAGCCTCCGGGCAGGTGTTCGATTTGGATAGCCGGATTGCCTGATCATGGGCAGCGGATTTCTTATCCGTGGTCAAGTTCCAAGCTTGAGGGAAAAGTATTTGAGAAAAAACCTCCGCTGGTTTAAGGGTATTCCGCCGGGAACGGCAGGCTTCCGGCTTTCGGATAAAGCATAAAATCCCAGGAGTGAGAAAGCGGCATATCCTCCTGTTCATATATCTTTTCAAGGACCGGGAGGCCCTTGTTCCCAGGGATTTCCTATTCTTTTTACACATGGCGTATCATGCTGCATCCCTGTGAAGAAAGGCTTTTCTTTCGGAAAACCTTTCCATCATTGATGAAAACGCGGATAAGAAATCCGTTGAAATATCCCCATGAGCTTGCTGTCGGCTGGTGATCAGGGAAAAGGAAAGTCTTCTTCCTATGGTAGTCTGGATATTCCCCTGTCGCGGAATTATGGAATAGACGCCTTGCGCATTGTCGCCATGATGCTGGTTTTGGTTCTTCATCTTTTGGCCGCCACTCATGTATTGCCGCTGGACAATCATGATTCCGCTTCCTACCGGGTAGGGTGGCTTCTGGAGATTGCCGCCTATTGCGGGGTGAATTGTTATGCGCTGATTACTGGGTATGTATGCTGTGACGGGACGTTCAGGTATGAACGCGTGG
NZ_CP133761.1_gap49	2009761	2011959	2198	GATGGATGCCGTCTGCGCCGCGTGGATGGACCTCTTCCGTCAATTAAACTCTTCTTCATCATGCTAACCTTTATTTTCATAAAAACATGCCGCTCGTTTCCATCATCATTCCCTGCTACAACGTAGCCCCCTTCATGAAAAAATGCCTGGATACCGTCTGTGCCCAGACGCTCCGGGACATTCAAATCATCTGCATCAACGACGGCTCCGGGGATGGAACCCTGGACATCCTGAGGGAATATGAAGCCGCGGATGAACGGTTCGTCGTCATCGACCAGCCGAATGCGGGCGTGGCGGCGGCGCGGAACGCCGGGCTGGATGCGGCTTCCGGGGAATACATCGGCTTTGTGGACCCGGACGACTACATTTCCCCCGTCATGTTCCAGCGCCTGTATCTGGCGGCGGAGGAATACCGGGCGGACGTGGCGTGCATGGGGGCGACGATTGCGGGGGACATGCCCCTCTCCGTCCGCTGGAGCATGCTCAACGGCCTGCAATGCCCGGAATGGCATTGCGGTAACTATGACTTCACGACGATGGGGCCGTTCAGCGAACTGTGCTGGGACAAGCTGTACCGGGCGGAATTCCTGAAAAAGACGGGTCTTCGCTTCCGGTCCGGAATGAAGCAGGGCAGTGACGCCCTCTTCAACAACCTGCTCCAGCCCTATGTGAAAAGAATCGTGAAAATACCGGACTGCCTGTACATCTACCGTCCTACCCGCCCGGACTCCCTGGTGAACGTGTACAAGGCCCCGGACAAAAAGGGTTCCGGCTTTTATCCGGCTCTGGAACGCATCGACCTGATTGCGGCGGCCTACCGGGAACAGGGCGTGCTGGAAAGAGCCGGGATTACGGTGCTGAACTGGCTGAACGGCAGTATCCAGCTCTTTTCCTCCAACCTGTTGAACCAGACGGCGGCAGAAAAAAAGGAGGCCCTGGACGCCGTCCGGGCGCTGCTGGACAAATATGAATGGCGTGAGTTCGTCAAATCCCCGGAATCCCCCTTCCGCCTGCTGAGACACATTGCCAAGGGGAACGATCTCCGCGTGCGGTGCGCCCTCTTCGGCATCTACCGGGTCCTGCATTCCCGCATGGGGAACAGGCTGGTGGACCTCTGCACCCGCATCATCAACCTGCGCGGAAGCGCCCGGTAGGGTAGGGGTGGTGCCGGAATGCCTTACTTTCTGGAAGAAAAGGCCGCGTCCGGCTGCGGGCGGAGCAGGCAATCATAAAACGGAGTGTAAAGCAGATTGTTGGGAATCAGGTAAATATACCCTTCCCGGGAATCATAGACCATGTTGAACCGTTTCAGCAGGTTGTTGCCCATGACGCCGTCCATTTCCGCGATGCTCTGAATACCGCTGGTGACGGTGGAGAAGGCGCCGGGGATGAGCGGAAGCTTGCAGCCGCCCAGTTGGATGCTGTCGAACATGACGTTTTCCAGAACCCCGGTATGGGAGTCCGAACTGGAAATGCGGGAAGTGGAAAAGGGCTTTTGGCTGCCCAGCAAATGATGTTTTTTGATGAAAGGCGTATTGAGGTCCAGAACGCGGTCGGAGCCGGTATCCACGGATAAACGGAGCTGGTGGGTTTTTCCGTTGACCGTCACTTGTGCGGGGACAATCGGAACGCCCATCACGTACTCAATCTTCAGGCGGATGGCATTCGCCGGCGGCGTATAGGAACCGTGCGGGTACAGGTAAATCTTCCGGTCCGTGTAATTCACTTCCGTTACCTGCCGTTGGATGAACCAGAGGCCCAGCACGCCGTCCCACTGGTCCGGTGAATAGGGAATGGCAATAAAGGGAACGTGCTCCAGGCTTCGTCCCCCGATGGTGAATTTGTTCTCCGTGCTTCCGCGTACTTCATCGGACCCCGTGGCGCCATGGTTGACGACGGTCTCGTTGAATTCCATTGGAACGCCTTTCAGGGAATTGGTGCTGATGACCATGGATGTGGCTCCGGTATCAAAAAGAAAACGCAGGGGACGGCTGCCATTGACGCTCCCCTTCACGTAAATACGGCTGGCAGTGCCCAGCTCAAAGGGAATGCTGCCGCTGGGGGTATTCGCTCCCTGGGCGGAGAGAAGGGAAACCAGTGAAATGGTGAGAAACGACAGGATTTTTTTCATATGAGTTACTCCCTGTGTCAATGAAGTTGTTTTTCCGGAACAGGCGGCTGGAGCATTTGGTGGTACT
NZ_CP133761.1_gap50	2013697	2017764	4067	GGCGCTGCCGCATGGCGTGGCCGCTTCCTATGCCCGCGGCCTGGTGGACCGCGGCGTGCGCGTGATTGACCTGAGCGCGGATTTCCGCCTGGACAGCCCGGAAGTGTACGAGGAGTATTACGGCAACGCCCATCCGGATACGGCCCTGATGCAGGAGGCCGTGTATGGCCTTCCGGAGTGGCGCAGGGAGGAGATTGCCCGGGCGCGCATCGTAGCTTCCCCCGGCTGCTATCCCACCAGCATCCTTCTTCCCCTGATTCCCCTGTTCAAGGCCGGCATTCTGGAGCCGGAGGACGTCGTGGTCTGCTCCGGCAGCGGCGTGAGCGGCGCAGGGCGCAAGGCGTCCATTCCCCTGCTGTTCTGCGAGTGCAATGAGAGTTTCCATGCTTACGGCGTGCCGAAGCACCGCCATTTGAGCGAGATTGAGCAGGAGCTTTCCCATGCCGCCGGGAAGACGGTGGTGATGTCCTTTACCCCCCATTTGATTCCCGTGAATACGGGCATTTGCTCCACCATTACGGCCAGGGTGAAGAAGGGAGCGGATCCCGAGTCCGTCGGCCGCCTGTTGGAAGAAGCTTATGCGGCGGCTCCGTTCGTGCGCCTTCTGGGCCGCAACCAGCCTGCGGATACCAAGAATGTGACGCGGACGAATTGCGTGGACATCGGCTGGGCCCATGATCCCCGGACGAACCGCGTGATTCTGATGAGCGCGGAGGATAATGTGGTGAAAGGCGCGGGCGGCCAGGCCGTCCAGTCCTTCAATATCATGTGCGGGTTCGATGAAACGGAAGGCTTGTGGGTCCTGTAGTTTTTTGATACGCTGGAAGGCACTTCAAGACGATGAATGATTCATCCTATATTCCGGTTGACGGGGGCGTTTGCGCGCCTCAGGGCTTTGTGGGGAGCGCCGTAAGCTGCGGCATCAAGAAGCCTACGGCCACGCGCCTGGACCTGGCCCTGATTTATTCCACGGAACCCTGCGTTTCCGCAGGCACGTTCACGACCAACCGAGTGCAGGCCGCCTGCGTGAAGGTGAGCCGGGAGCACCTCCGGAAGGGGAATATCCGCGCCATCGTGGCGAACAGCGGGAATGCGAACGCGTGTACCGGAGCCCAGGGTGTGGAAGACGCCAGGGGCGAGTGCAGGAGCGTTGCGGAACTTCTTGGGCTGAAGCCTGCGGAAGTGGCCGTGTGCTCCACCGGCGTGATCGGCCTGCCGATGCCCATGATGCGCATTTACCCGAAGTTCCCGGAATTGGCGGAAGGCCTTTCCCGCGACAAGGGGCACGAGGTGGCCCAGGCCGTGATGACCAGCGATACGAAGGAGAAGATCATTGCCATTGAGTTCATGGTGCAGGGCAGGCCCGTGCGCATCGGCGCGTGCTGCAAGGGCGCGGGCATGATCAATCCCTGCATGGCTACCATGCTGTGCTTTATTACGACGGACGCGGGCATTTCCCGCGACGTGCTGGAGCTGTGCGTGCAGTCCGGCGTGAAAAGTTCCTTCAATTGCATCACCATCGACGGCGACATGAGCACGAACGACACGGTGCTGGTGATGGCGAACGGCGCTTCCGGCGTGAAGCTGGAATCCCCGGAAGATATTTACGCGTTCCAGCAGGCTCTGGCCCATGTGATGCTGGAGCTGGCCAAGCATATCGTGCAGGACGGCGAACGCGTGACCAAGTTTGTGACCGTGCATGTGACCGGAGGCCGTACGGAGGATGAAGCGAAGAAGGCGGCGGAAGCCGTCGCCAAGTCATCCCTGGTGAAGAGTTCCTGGAACGGGAACGATCCCAACTGGGGGCGCATTATCCATGCCGTGGGCTATTGCGGTGCGAAGGTGGATGAAGAGAAGATCGACATCGACATCGCCGGATTGGCCGCCTGCCGCGGCGGCATGCAGGCGGATACTCCGTCGGACGATTTGCGGCAGGCCGTGCAGGTTTCCGCATTCCAGGTGGATATCAATTTGAACCGGGGCGAGTTTTCCCATACGGTGTACACCACGGATTTGTCTCCGGAGTATGTGGACTTCAACCGTTCCGAGTACGCGTATTGGAACCAGGCGAAGGCCGATGGCCTGACGCATTAACCGCCGCAGTCATGGCACCGGGAAAGTGCCGTCATGGAAGAGCGGAGGGAGCTGTTCCCTCCGCTGAAATGCTGATGGAAGTGCGGCGCCTTCTGGATGAAGGCGCTCTCCGGGCTTCCCGGGCGCAGCGTTCCTGCACGGGCGTGGCGGACTGTTGCCGGTTCCGGCTGACAGGAGAGACGCCGCATGTGACGCTGGGGGAGGCGTGGATGGCCTGGAAGGCGTGGCGCGCCGCCGGACGCACGCGCGTGGAGCTGCCGCCGGACGGAAGCTGCCCATTTCTGAACGGGCAGGGGAAGTGCATGATTTACCAGGGAAGGCCGCTGGCGTGCCGCACTCATTTCTGCATGTCTGCGGGTGGGGCCTTGCCCCGGCGGGAAGTGATTGATCTGATTCGCGCTCTTGAGGATATTGACGTCGTGCTGGGCGGCGATGGCGCAACACGGCTACCGGAGGCGGTGGAAAGGTTGTCCCGGAAAGGCCCGGCGGACGGTGGGAGGAAGAGGCGGCGGTGATGGAATGCAACGGCTTCTTGATGAAGGCCGGGGGCCTTCAATCCCAGGCGGACGTTTTTTCTTTAAGCCATGGGGATATGTTTTTTCCCTGCGTTTTTTGATGGCTGCTGCGCTGCGAAAAGGGATTCTCCGATTCTTGTAAAAAGAAGAAGCGTTTTTTCAGGCCTCCGCATCCGGTTTTTTCTCTTTTTCCTGCTTGGAGGCCAGGTGGCGCAGGGCGCTGGCGGCCTTTTTGTTGCCGTGCCTGACGGCTTTCTGGTACCATTCCGCCGCCTGTTCGTCATCCTGCGGAATGCCGTAGCCGTGGGCGTAGCAGTTGCCCACATTGAACATGGCTGTGGCGTTGCCCTGTTCCGCCGCCTTGAGATACCATTTCAAGGCTTCCTCCCGGTTGACGGGCGTTCCCTTGCCGTTCAGGTGGCACCACCCCAGGTTGAGCTGGGCCGTTGTATGGCCCTGTTCGGCGGCCTTGGTGTACCAGTGGACGGCTTTGGCCATGTCCACTTCCATGCCCCGGCCGTTGCCGTAGCACCAGCCCAGCGTGTATTGGGCCGTGATCTGGCCCTGGAGGGCTGATTTGTGGTACCATACCAGCGCCTTGTCGATATTCGGCTGCACGCCGAAACCGTTTTCATAACACCAGCCCAGGTTATACTGGGCCGTAGCGTGGTTCTGCATGGCGGCCTCCTCATACCAGTAGGCGGCTTTTTGCGGATTCCGGGAGTGCCGCTTCCATTGCCGTAGCACCAGGCCAGGTTGTACTGGGCACGGGGATCCCCCTGTTCCGCGGCCTGCTTGTACCAGTACACGGCCTGTTCCCAGTTTTTCTGGCTGGCGCTGTTGGCGTAAATCCAGCCGAGGTTGAGCTGGGCTACCGCGTGACCCTGTTCCGCCGCTTTTTTGTACCAGGTGATGGCCTGGTTTTCGTCTTTTTCCACGCCCAGCCCGTTGATATAGCAGAATCCGAGGTCGAATTGCGCGGTGGGATGGCCTTGCTCGGCGGCTTTCCGGTACCAGTAAAAGGCTTTGTCATTGTCCTGCGGGGCGCCTATGCCGTTGGAGTAGGCCCAGCCAAGGTTGAGCTGGGCTGTCACGTGGCCCAGTTCCGCCGCCTGCTGGTAGCAGTAGAAGGCTTCCTGCTGGTTTTCTGCTACCCCGCGCCCCTGTTCATAACTGATCGCCAGTTGAAACAGTGCCTGGGCGTCTCCTTTCAGGGCTATCTGCTGAAGGGTTTCTATGTCGACGGAATAGGTCGAGACGGTGCTTTCCAGCTCGCCGTGGTTGTTGGAAGCGTCATTCATTTCACAGGTAACCGCACTGGAGAACATTGGAACAATTCATGCTCTTCTGAACTTATGCGTTTCCCGATTCTGCACATTTCCCCGGCAAGAATCAAGACCCGTTTTTGAGAGAGAAAGGAGTTCGGATGGCCTTACCGCAGGATGCGCCTGCGGCGGG
NZ_CP133761.1_gap51	2075800	2079998	4198	CGGGTTTTTCATGCCCGCGGCGGAGCTCGTTTTCCGGAGGTCCGCAGGGGGTGGCTTCCTCTTAACGGGTACACGCACAGAAGGCTTGACCTGCTGGCGAATTTCTCCACAATCCCTTGCCGTATTACTCACACCCAATCCGGATTGAAATGTCTATGAATCTCCTGGCATCTGCCGACACTCTCCCCGCGGCTGGCGGAATGTCCGCTCCTCTCGCGTTTATTTACGATCTCTTCAACAACCCTCTCTTCATTTTCATTGGCGGTCTGGTATTGCTGGGTGTGTTTTTCTGGTACCTGGGTTCCGACCAGGACAAGGTCAAGCGCAACGCCGGCACGATCTTCATCATCGGCATTGCGTCCTTTTCCCTGTTCTCCCTTTTCCAGCAGGGCTTGAAATACGGCATTGACATTGCCGGGGGCGTCTCCTTCACGCTGAGCGTAGAACCGAACATCGGGGATGACGGCAAGCCCATTCCGCTGACGGACCAGGCCATGGAGCAGGCGTGCGTGATCCTGACGGAACGGCTCAACAGCACCGGAGCCAATGACGTCATCATCCGCCCGAAGAAAAAGGACAACCTGAACCTCATTGAAGTGCAGATTCCCGCCGCGGACCCTGCCAAGCGCGAGGAAACCAAGGCCATCCTGACCAAGGTGGCCAAGCTGCAGATTCTCCCCGTCCATCCGCGCAACAATGAACTGGTGGCGGAAGGCCGCATCCGCGTTCCCGGCTACAGGATGTATGAATACACCTTCAAGAACGGCAAAAACGAGGACGTCACGGAAAAAATCTTCCTGGAAAAACGTGAATCCCTGACGGGCAAGGACATCGTGCGCGCCGGGGTGGACCTGGCCCGTCCCGGCCATGTCAACGTCACCCTGAGCAACGAGGGGGCGGACAAGATGTACAACCTGACTTCCCGCATGCAGCTGGGCCACGACCGCATGGCCATTGTTCTGGATGACGTGGTCAAGAGCGCGCCTACGGTTCAGGCCATTCTTTCAAAAAGCTTTGAAATCAGCGGACTGGATGCGCCCGGCGAGGCGGAGGCCCTGACGAAGGTGCTTTCCAACCCCCTCACCAACAAGCTCAACTTTGAATCCGCCAGCGAAATCTCCGCCTCCCTGGGTCATACGGCTCTCCTTCAGGGGGAATACGCGGGCATCACGGGGCTGATTCTCTGCTTCATCATGATGATCATCTACTACCGCTTTGCCGGTCTGGTGGCTATCATGGGCCTGACGATCAATGCCCTGCTTCTTCTGGGGCCATGTCCATCTTCGGGTTTGAGCTGACGCTGCCGGGTATTGCCGGTATCGTGCTGACCCTGGGCGTGGCGGTGGACGCGAACGTGCTGATTTACGAACGCCTGAGGGAAGAAAAGGAAATGGGGCGCCCCTTCCGCGTGGCTATCCGCAACTCCTTTGACAAGGCTTTCTCCGCCATCTTTGACTCCAACATCACCTCCCTCATTACCGCCGTCATCCTGTACTGGATGGCCACCGGCACCATCAAGGGCTTTGCCGTTACGCTGACGGTGGGCGTCATCACCTCCATGATCGGGGCGATTCTCGTCACCCGCGTCCTGTTCTACTGGGCGGATACCATCGGCATGATGAAGGACCTTAAATTCCTGAATCTCTTCAAGAAGAAGAGCAACATCAACTTCATGGGCCAGAAGGTCTGGTCCTGCTCCCTGTCCGCCATTCTGCTGCTTATCTGCATCGTGGTGGGGGCCATGAAGGGCAAGGACTGCCTGGGCATGGACTTTACGGGCGGTTCCTCCATCTCCTACCTGGTCAACAAGGGAGACATCTCCTTCCGGGAAGTGGAAGGTGTCGTGAACAAGCTGGCCCTGACCCAGAAAGCCACTGTGCAGGAAGTGGCGGAATCCACGGACAGCAGCAAGGTGAACATCCTGATCAACTTCTCCGACAACGCCCTGGACAAGGCGGCCATCACCACGGCCCTGGACAAGGCGTTCCCCGTGCTGGACAACGCACCATTCAGCGAGGAAACCATCGGGCAGTCCATGGGATACGATACGCTCATCACTTCCGCCTGGGCACTCTTCTTCGGCATTCTGGGCATCATGGTTTACCTGACGGTGCGGTTTGAATGGACCTTCGCCATCGGCGCGGTCATCGCCCTGACGCATGACGTCCTGCTGGTGCTGGGGCTGGTGATCATCAGCGGCACTGAGCTGAACGTCATCCACATCGGCGCGCTGCTGACGGTGGCCGGCTATTCCATCAATGACAAAATCATCGTGTTTGACCGCATTCGCGAATTCCTCCGCTTCTCGGACCCGAATGAAAGCGCGTCCCAAATCATGAATGAAGCCATCAACCAGACGCTTTCCCGCACCATTCTGACCTCCCTTTCCACACTGGCCGTGCTGGTGTGCCTGTACTTCTTCGGCGGCCCTTCCATGGAGGACTTCGCCTGGACGATTTCCGCAGGTATTCTGATCGGCACGTACTCCTCCATTTTCATCGCCTCTCCGGCGGCCCTCCTCTTCTCCCGGAAGCACGGTCTGCATGAGGAAGTCAAGCAGGCCATGAAGGCCGGAGCCTGAGGCGCGGCAGGAAATTGATTCGTTAACTCTGACCGGGGGAGGCCGCATGCCTCCCCCGGTCTGTTTCTTGGTGGAAGGAAGGGGAAGGGTTAAGTAAGTCCGAGAGAGTTTGCTAGGTAAGAGGGGTAAGAGGGGTAAGAGGGGTAAGAGGGGTAAGAGGGGTAAGAGGGGTAAGAGGGGTAAGAGGGGTAAGAGGGGTAAGAGGGGTAAGAGGGGTAAGAGGGGTAAGAGGGGTAAGAGGGGTAAGAGGGGTAAGAGGGGTAAGAGGGGTAAGAGGGGTAAGAGGGGTAAGAGGGGTAATGATGGGAATTCCCTATAATCCCTAAAGTTCCCTATGATTCCTATAACCCCTAATTCCTTTTCCCTTTTCCCTGATAAGAAAAACCCCGCCTGCCGTAAGGCAGACGGGGCCGTCTCTCTGTTTCTGCTATGCGTTTCTGCGGGTGAACTTATTCATCATCCCCTTCTTCCTGGACCGGAGCGGGGGGGAGGGGCATGTCGTTATTGCCGCGGGCTGCCTTCCTGGCTTCCCTGCGTGCGGAACGGCGCGCTTCCAGAGCCTTGGAGGCGTCAGCGTTGAGCTGTGCCATTTCAGCTTCATTCAGCTTGCCGTCCTTGTCGGCGTCATACTTTTCCTCAATCAGGATCCAGCCGGCCGCCATGATGGGGGCGCGGTTGGGATCAAGCTGGGGGCGGGGGCCGTCCGGGCGGTTGCCGCGGGGACCGCGGTCACCGTCTCCGCGGCGTCCTTCACTGCCTCTGCGACCTTCCGGTCCCCTGGGCGCGCGGGGTCCTTCAGCCCTGGGGCCTCCGGGACGGCGCGGGCCATCCATCTTGGGCGCACCCGGTCCCTTGGGACCGCCGGGCGCGGCATGATGCGGGCCGGGCTGGCCGTGATGGGGAGGGATAGCCTGCAATTCTTCCGGGGAAAGCTTGCCGTCGCCGTCCTTGTCAAACTTCTTGATCATGTTGGCAGCGTGGGCTTCCTGGCGGGCTTTCATTTCCTCCATGCGCTTGGCGGCTTCCGGATGGTCCTTGGCCCAGTCCTCCCGCATGGCTTTCTTTTCCTCGTCGGAAAGCTTGCCGTCGCCGTCCTTGTCATACTTCTTAAGCATTTCGGCCTTGCGGGCTTCCTGGCGGGCCTTCATTTCTTCCATGCGCTTGGCGGCTTCCGGATGGTCCTTGAGCCATTCTTCCTGCATGGCCTTTCTTTCCTCCTTGGAAAGCTTGCCGTCGCCGTCCTTGTCGAACTTCTTCAGGATGGCTGCCTTCCTGGCTTCCTGGGCTTTCTTGACGTCCGCCTGGAGAACGGCTATTTCCTCGTCGGAAAGCTTGCCGTCCTTGTCGGTGTCATACTTGGCCATGACCAGTTCTTCCCCGATGATCATGATGCCGGGATCAATTCTCCTCATTTGGAGATTGGCCCGTTCCGGACCTGGGCCCTGGCGGTCCCTGCCTCCGGCGCGGTGGCGGGGGCCTTCCCTTCTTTCAGGAGGGGGCTGCATTTCCGGAGCGTCGGAAGGTGCGTCCGGGGCGGGGGGCGGCGGCGCGTCCTGAGCGAACGCGGAGCATGCGGCAAAGGCCGCGGCGATAATCATTTGCTTGGTCATAACTTTG
NZ_CP133761.1_gap52	2121416	2122852	1436	CGTTGCATGGTCTCCCTCCATATGAATCGCTCCGCCAGAGGAGTTGGAGGAGTTGGAGGAGTAGTTGGAGGAGGAGTCTGAGTAAGCATAATTCCCGGAGAAGGTAGCGTTGTCCTCCAGCGTCAGCATTGCATGGTCTCCACGCATATAAATCGCTCCGCCAGAGGAGGTGGAGGTGGAGGCGATGGAGTAGGTGCCGGACTTGGAGAAAGTATAATTCCCGGAGAAGGTAGCGTTGCTCCCCAGGGTCAGCGTTGCATGGTCTCCCTCCATGTAAATTGCTCCGCCAAAGGAGGTGGAGGGGTAGTTGGATAAGTGGGAGGTGGAGTCGGAGAAAGTATAATTCCCGGAGAAGGTAGCGTTGTCCTCCAGAGTCACCGTTGTATCATCTCCACTCATAGCAATCGCTCCGCCAGAGGAGGAGGAAGAGGAGTAGTTGGAGGAGGAGAAAGCATAATTCCTGGAGAAGGTAGCGTTGTTCCCCAAGGTCAGCGTTGCATGGCCTCCCTCCATATCAATAGCTCCTCCGTAAGCACTATTGTTTGAATTATCAACATGGTTATTGAGAAATTGAACCTTTCCGGTGATTTCCAGAGATACGTTATCATCTGCTGTGCGTATCACTCCTGCGGTGCCATTGCTCCAGATGACGGAGTCCATCTCCAGCGTGTACTCTCCCGCTCCCAGGTCGTACAAGGGATTCTTACCCAGGCCGGATAAGTCTACGGCACAGAGTGCAGCCGGATCAGCGGAGCGGAAGTTGACAGGAACGGTTAGACCGGTAGTCAGGGAGGCGTCATCGTTGTTCAGAATCACCGTATCCCCGGCAACTAGGGCGACGGAGGAGACCAGTTCCTCCAGGGTGGAGTATATGTTATTGTCTGGATCGGAATATTGAGATGCGTCTACCATGAAGTCCGCCGCGGAGGCGGAGAAGGACAGGGAAATAATGGGAACCAGCAGAGAGGCCAGGAGGCTGCGGCGCAGCAACAAAGGAAGGATGGGTTTCATGATCAATAATAAGAATAAATATAGCCTTATGGCAAAGAGCAGAACTAAATAGCGGATTTCTAATCCGTATTTTTCTTCAGCCGCAGGAAGAAACTCAAGCAGGTACCATTTGAGAAATATCGGGTAACAGGATTGATTGTTGGAAAACTATGTATTTCTATGTGATTAAGTATTTTGGGGCATTAAGAAATTTACCGCGGCAAAAAAGAAAAGAATGAAGCATGGGGTTCTGAAAGATGAAGGGGTTTCGCTCAGCGCTTTATTTCAGAAGAGGAATTTGTCTTAAAATAATTCCCTATCATTGTAGTAGGATTGACATCGGATTAGAAATCCGTCACATGCCGGAAAAGGAGAAAATAATCATAGGACCCCGGAAGGAATAAACAGCTGGAATTCCTCTGTTGTGCTTGGAGGAGATTGATTGA
NZ_CP133761.1_gap53	2200619	2202214	1595	CAGGCGCTGGGCCAGCACCCCTTCCAGGGAGGCTGCCACCAGGAAAGGTTCGCAGCCCATGTCCACCAGTCGCGTAATGGCGCCGGCGGAGTCGTTCGTGTGCAGGGTGGAGAGCACCAGGTGGCCCGTCAGGGATGCCTGGATGGCGATCTGGGCGGTCGCCATGTCTCGCATTTCCCCCACCAGAATGCGGTCCGGGTCCTGTCGCAGGAAGGCGCGGAGCACCATCGGGAAATCCAGGCCAATAGCTTCATTGATCGGGATCTGGATAATGCCGTCGATGTCGTATTCCACGGGGTCCTCCGCCGTCAGCACCTTGGAATCAATGGTATTGATTTCCCGCAGGGCGGCATACAGCGTGGTGGTCTTGCCGGCGCCGGTGGGACCGGTGACGATGAAAATGCCGTTGGGTTTGTGGACCGTATCCAGAATATATTCATGAATATGCGGGGGGAGCCCCAGGTTGTCCAGGTTCAGGTTGACGGAAGAGCGGTCCAGCACGCGGAGCACCACGGATTCACCGTACTGGGTGGGCAGGGAGGAAACACGCATGTCCACCGCCCGGTTCCCTATCTGCTTGACGATTCGGCCGTCCTGCGGAACGCGGCGTTCCGCGATGTTCATGTTCGCCATGACCTTGACGCGGGAAATAACCGGGACGGACAGGTGAACGGGCGGCGGCTGCATTTCATAAAGGGAGCCGTCCACGCGGTAGCGGATTTTGAATTCCTTTTCAAAGGGTTCAAAGTGAATGTCGGATGCTTTTTCCTTAATGGCCTGCGTGATGACCAGGTCCACAAAGCGAATGACGGGCGCGGCGGCGGAATCTTCCGTTTCATTGTTGACCTGCATGTTGTTGAGCTCCTGCATCAGGTCCGTCATGGCGGCGGATTCCCCGCCGTACAGTTCGTTGATGCGTTCGGAAATCTGGTAATCCGGAGCGATGAGGACGTGGATGTCTTGGCCGAGGGCGAAGCGCAGGTCCTCCACCGTCTGCGGATTCAGGGGGTCCACCAGGCAGACGTACAGGCCTTCCGGGCCGTGCCGCACGGGCAGGGCGCCGTGCAGGCGCACGAGCGTGGCCGGCATCATGTTCTGCACGTTCGGGTCCGGCTGGAAGTTGTCCAGCGTAATGAATTCCGTCCCCAGGTCGCTGGCGATCATCTGCCAGATATCGTCCTTGCTGCCGATGATGCCGAAGTCTGCCAGCACTTCCGGCAGCTCCTTGCCGGAGACGGTCATTTCCTCCTTGATGTCCTTCGCCAGGGATTTGTCGATCATTCCCCGGCCGATAAAAAGTTCCAGTGTAAGATTGGTGTCCATAATAATCAGAATGAATTGCGGGGGAAAATCAGTTGGCGTCTCCCATGGTGACGTTCAGCACTTCTTCCGGAGAGGTGAGGCCGGCCAGCACCTTGCGCACGCCGTCCTCTCTCAGGGTTCTCATGCCCAGTTCCCGGGCGCGCTGGCGCAGCTGGGGGGAGGTCAGGTTCTCGTTGATCATGCGTCGCACTTCGTCGTCGATCTCGAAAATTTCAAACAGGCCCATCCGTCCCTTGAACCCGCCGCCGCGGCAGAAGTCGCAGCCGTGGGGG
NZ_CP133761.1_gap54	2205461	2207277	1816	CCAGGAAGCCGCGGGCGGCATCGTTCTTGACAACGTTTTCACGCAGGGTATCGAACTTGGAGATTTCCTCTTCCGTGGGGGGCATGCCGGCCAAGTGCTTGTTGCGCAGTTCTTCTCCGTAGGCGTTTACTTCTTCAAAAAGCTTGGTTGCCTCCGGATTCTGGAAAAAGAGGCCGATTTTTGCCTTGGAGGCCACAACCTGGTCTTCCTTGGCAAGCAGGTTGCAAAGGGCTTCCGTGGCGGCGCGCAGGTTGTCATTGAGAACGGGGGTATTCATATAAGATTCATTTAATCATGCCTTTCCGGACAGGGCAACCCGGTTGCGAGGCATGGCGTACATTTCCGTGTCACGGCCTGTTGCGGATTACAAATCCGAAGTCAATACTACTTTTTCATATCAAATGCATTTCTCCAACTCTACCCATTATTTCCCCGGATATTCTTAACAAGAAGAATATTTGTTAGAAATTGTCATATATGCTTGAATATGATGAATATTCTTCTTACATTCGCATTGTTGCCTATCTAGTTCGGATTTGTAATCCGCACAATCCCACTTGTTGCTACCCAACCTATGACAGGGAAAAATGATTCCATGGCTATGCTGGGGTGGAAAATCCCGCTGACGCTTCTTATCTGGTCCGTTATCGTGATTGGAGCGTGTTCGGATACCTCTCCCTTGTACTCCTTTTATCCATCTCCGGACCCTTCCATTTTTTTCATGTTCGGGCGGGGGCTGCTTCACGGGCTTCTCCCCTATGTGGAAATGGCGGACAGCAAGGGGCCCCTGCTGGTTTGGATTTATTATGCCGCCGCGTGGATTGACGGGCATTCATTTGCCGGAATATTCCTCATTCAGTGCGTAACCCTTTTTACGACGCTTCTGCTGGCTTGCGGGACGGCGCGTTTTTATCTGTCACAACGCGGCAGCCTGCTGGCTTCCATGCTGTTGTGCCTGTTTCTGTTTGATTCGTTTCCCTTCCAGCGCGGGGGAGGGGTGGAGGAATTGTGCTGGCCGGGGATGGCGGCCGTGGTTTACGGGCTGGTCCGGTATTTCCGGATGCGGGACAGGCGCAGCCTGCTGTTTCTGTTCGGCACGGCCGGGGTATTTGCCGGGGCAGCCTCCATGATGAAGTTCTCCATAGCCTTTCCCGTGTGCGCTTTAGGCGGGGTTCTGTGCCTGTGGCTGTGGTGGAACGGGCGGAGAAAAGAAGCGGCGGTGGCTTTAGGGGTGGCGCTAGCCGGCTTCCTGGCCGTGGTTGTCCCCTGTTCGGCCTGGCTGGTATCCAACGGTGTTTGGAAAGAAGCGATGAATGAGTACCTGTTGTGCTCCGTGCGTTATGGAACGGTGTCCCAGGATACCACATGGTGGGCCAGGCTGCTCAGGCCGGCTCCGGTCCGCTGCCTGTCCGACGTACTGATGTGGGTGGCCGTCATCTGGGCTCTGGCGATAGCGGGCTGGCGTCAATTAAAAACGCAAAAGGCGCTCCTCTTTACGGCCCTGCTGTATATCTTCTTCAAGGTGGAGATGTTCAGCGTGTACAACTACTATTACAATTCCATCCTTTCACCCATGATGATCTGGGTGACTATCTTCTTTGTGGCCCGGGCGGAACGGCGCTTTTCCCTGTGCATGCCGCGGATGGCGGCCGCAACGCTGGCAATCGCCTGCCTCACGGGGACCGGAGTGGCTGCCGGGCTGACGGGCGCCGTCCGGAAAGGAGACTTTGTCTGGAATGGCAGGGAGTTTTATTCCCCCGCCGTCCGGGAACGGCTGGCCTCTTTTTCCGAAGCCTCCGTCCTGTATCTGGGCTGG
NZ_CP133761.1_gap55	2213810	2214916	1106	CTCAAACTGTTCCGCAGTGAGCTTCCAGCCGTTTTCCGGCGTGGTTTCCACGATGACGGGAATGCCGCCGCACATGCGGACCATTTCCGGATAGCTGACCCAGTACGGGGAGGGGATGATGACTTCGTCTCCCTCGGAGACGGTCGCCATGATGGCGTTGAAGCAGGCGTGCTTGGCGCCGGCGCCCACGGTGATCTGGCTGGGATCATATTCCAGATTGTTTTCCCTCTTGAGCTTGTCGGCAATGGCCTGGCGGAGTGCGGGCAGACCGGCGGAAGGGGTGTACTTGGTAGCTCCGTTATTCAGGGCCGTGATGGCTGCCTGCTTGATGTTGTCAGGAGTGTCCATTTCCGGCTCACCGCCTGCCAAACCGTAAACTTCTTCACCGGCGGCCTTCATAGCCTTGGCCCGGTTGGTCACCTTGAGGGTCAGGGAAGGGGTCAATGCAGCAATGCTGGGGGAAATCATGTCCATTGTTGTGGTGCGATCGTAGAATTTTGATGCCCTGGCGGAAAACAGGCTATTCCCCGCACAGGCGGAAAAACTTTACTCACTGAGCGCACCCCTGGCAAGGAGAATGCTTGTGAAGACCATTCTTTTTCTTGCGGAGAGCGCGCCTCCCCTCGCGGAAGGGAAGTTTCAATGTCAGCGTTTCATGAATTTGGCCCGTACCGCGTCCAGTTCCGGCGTCTTGAACAGGAAGGCCGCCGCCAGGTAAACGATCCCGGCGCAGCCGCAGACCAGGGAGATGCCCAGGAGCCTGGCCGGGAAGGACCAGTCCAGAAAGCCCTGGAGGAACCACGTTTTACCCGCCCAGCACACGGCTCCCAGCAGGACTCCCGCCGCCAGAATGCGGCCCAGGCCAGAGAACAGCGTCCGTCCGTCCACGCCGCCCAGCTGGCGGCGCAGGTAAAGGAAGTAGAAGAGGAAGTTGAAGGTGGTGACCACGGAGGTGGTCAGCGCCAGCCACGCCGCATTTTTATGCAGGCCGTAGACAAAGTAGTAGTTGAGGCCAATGCTGATGGCCAGCGCCACGGCGGCGGCGATCAGGGGAACCCAGCGTTTTTCCAGGGCCAGGAAGACGGGCTGCACCACCTTGGTCCCGG
NZ_CP133761.1_gap56	2242911	2244146	1235	AGCATGCCGTCGCTTTCTCCCATGCGGGGGACGATGTCCACCATGTCCGTGCCGATTTGCGCGGCCAGGTGGCGGACCATGTAAAGTTCTTCGTTGGTCATGCGCCCGGAGGCGATGATGGCGAGCTGGTGCGGGGAGACGCGCTTGACGGCTTCCGTGACGGAGGCCAGGGCGGGTTCCCAGGTGGACGGGCGGTGGGGCGCTCCCGCGTCCGTGCGTATGACGGGCTGGGGAATGCGCGTTTCCGCGTTGATGTATTTGTAATTCAGGCGGTGGGAGTCCGGCATCCAGCAGGAGTTCACGGCGTCGTTCGGGCGCGGGGTGATGCGGTACACCTTGTCTTCACGCGTCCAGAGGATGATGTTGGTGCCCGTGCCGCAGTCCACGTCAATGGTCTTGGTTTCCTTCAGGAACCAGACGCGCATCTTGAAGCGGAAGTCCTTGGAGGTAAGAGCGCCTACCGGGCAGAGGTCCACGGTGTTCAGGGAGTAGTTGCTGTCCAGCTCACGGCCCGGATAGACCGTGATGGCGTTGAAGGTGCCGCGCTGGGCCATCGTGAGAACTTCGTCATGCATGATGTCGCGCATGAAGCGCACGCAGCGGCCGCAGAGCACGCAGCGCTCCTGGTCCAGGTTCACGCGCGGGCCGATGCTCAGGTTCTTGCCCTTCTTGGTCTTCTTTTCCTCATAGCGGCCTTCCACTTGGCCGTAGTCGTTGGAGTATTCCTGGAGCTTGCATTCCCCGGCCTGGTCGCAGATGGGACAGTCCAGCGGGTGGCTGGTAAGCAGGAATTCCATCACGCCGCGGCGCGCCTCGCTGGCGAGGGGGCTGTCCGTACGGATGCCCATGTTTTCCGCCACCGTGTTCGCGCAGGAGATGATGGGGCGCGGCATCCACTGGATGCGCTGGTAGCCGTTTTCATCATAGGAGGGAGTCTGGCCCGGAGCCAGCCGGGGCGGCATCCCCTGTTCCACCATGCACATGCGGCAGGAGCCGACGACGGCCAACTTGGGGTGGTAGCAGAAGCACGGGATGGGAACGCCTACGGAACGGCAGGCGTCTGCAATCCGCGTGCCGCGCGGGAACCGGTGCCACGTTCCGTTGATCTGGACGTTCACCTTGCCTTCCTCGGCGGCAATGTCTTTGGGGAGTTTGGAAGCTTCTTCACTCATGATGACGGATGGGAGGGAAATGGTATTGAAAAGTGGTGTTGCGTTCTGCTGTTAGCGGGTGAG
NZ_CP133761.1_gap57	2248291	2252143	3852	ATACTGGGCATTCACCAGGCCGAAGCCGGAAACGCGCATTTCCACCTGTTTGGGATCGAAGGCTGGTTCACGGGCCAGGGAAATGGAGATGTCCGGGTTCTGGTTTTTCACCACGGTATTGGCCGCCGGGTAGACAGGCTGGGCCGGGGCCGGATAGGAATTCAGGCTGTTCCCGCTGCTGCTATTGTTGCCGGGAGTGGCCGACGGCGTTTCCGGAGCCGTGGGCACGTTGAAATTCAGGGCTCTGGTGAATGTCTTGGGATCCTTGCCAAAAACCATGTAGCGGTGAACCCGCCAGCGGTCCGTGTCCTTGGTTACTTTCTTGGGAATCACCGTGAAGGCCGCCTGGAATCCGGCTTCCTCCGCCTTGGTGATCATGTCCGGCAGGACGAATCCGCCCGGGTAGCAGTAGGCTTCCACGGCGGAACCGGGGAATTTTTCCTGAAGGATTTTCCGGGAATTGCTTATTTCCGCCGTAGCCAGGTCCAGAACCGCCTGGGTTCCCTTCCGCTGGGCGGCGCGCCATGATCTGGGGTACAGGTGGCTGACGGAGTGGCTGCCCAGCGTGGCGCCGTTATCCAGCATTTCCTGGATTTGGTCATGGCTCATGGCGGAGCCGCGGCCCGTGATGAATTTGGTATAGGGGAAAACGGTGAACGGGAATCCCGTTTCCTTCAGGATGGGGTAGGCATCCGTGTAAACGCTCTTCCAGCCGTCGTCAATGGTGATCATCACGCATTTGGCGGGGAGCTGCCTGCTTCCCAGTTTCCATTCCAGGAATTCCTTCATGGAAATGACGGGCACGCCGCTGGCCTTCAGGGCCTGCATCTGGGCGCGGAACACGTCCGTATTCATGCGCATTTCCGTGGCGGGAAGGGTACGGCTGAAATCATGATAGCCCAGGATGGCAACGCGGGTTTCATGCTGGGGAACCGGAACGGGGGAAAAGGCCGTGGGAGGAATGACCGGGACCGGGCCTGCGGGCTGCACCGGGGCATGCAGGTTCGTTTCCCCGGGAATAGGCTCCGCATTCGGGATGGGCTCCGCCTGGGGGATGGAGGAAACCGTTTCTCCGGGAATGGGTTCCGCCATGGGAATGTTTTCATTCCTGCGGTTGGCTTCAATCAGTTCCCTGACGGGGACAACGCCGGCGGCAGGGTTCCCCTTGATAGTGCCGCCGATGACCGGTCCGGGCGCGAGGGGAAGGGGAGTGGCGGGCGGCAGGTCGGGCGGAAGCTCCGCGCACGCGACACCGGCTGCAATCAAGAAAATGGAAAGGAGGCCTGGGGCGGAGCGCATACCTGCAACTACTATTTTTAAGTTTCCTGTTCAACCTTAAACTCAGGCAGGCATGACAGCCTTTTCCCTGCCGTGCGCGCTCCTTTTCAGGTCCGTGCGGGCTTTTCCCGCCTGAACGCGTTCCCGTTAAAAAGCATACAGACTCATTTTCAGCTCGCGGAAGAAAGGGGAGGTGTTTAGTCTGTCCGCAGACATGAGCTGTATTTGTCATTTCTTCAAAGTTCTGGCGCGCCGTGCGGGTCTGCTCACTACCGTGGCTGCCGCCGCCTTTTTCCTGGGGGCTCCTGCCGGTGAAGCTTCAGCTCGCGCGGCGGAACCTGCCTATCCCGCTACGGAAGTGGGGGGGGAATCACAGTACAGCCATTTTCCCATTCCCCTGAACCAGTACAAGCCCGCGCCGCCGGATGCCAGCCTGTCCCAGGTGCTCACGGAGCGCAACAAGCAGTCCGGCGGGTTCAACCTGGCCGTGACGCTCGTGTTCCTGGGGGCTATTATCCATACGTTCCTGGCCGGGCGGTTTGAACGCTATTCCCACAAGCTGGCCCTGCGCTACAAGGAAAAGCTCAAGGAAACCAACTTCCGCGTGATGCACCCGGAGGAGCGTCTTCCGGTCTCCTTCGCGTCCGCCATCTTCCATTTCCTGGGGGAAGTGGAAGCCGTGTTCGGCATCTGGATCATCCCCTTCATGTTCGTGTGCTGGAAGTATTATTCCTTTGAGGACTTCTCGGCCTACTTGAATTACGACTGCTCCTTCACGGAGCCCATGTTCGTGATGATTATCATGATCATCGCCTCTTCCCGCCCCATCTTCAAGCTGGCGGAATCCGTAGTCAACTACGGCGCCAAACTTGGAAAATCTTCGCCCGGGGCCTGGTGGATTTCCGTGATGACCCTTGCCCCCCTGCTCGGCTCCCTGATTACGGAACCTGCCGCCATGACGATCGGCGCCCTGATCCTGAGCAAGAAGTTTTACGACCTCAAGCCGAAGAAGACCCTGATGTATGCAACGCTGGGGCTGCTTTTTGTGAATATTTCCATCGGGGGCACCCTGACGCATTTTGCCGCCCCCCCCGTGGTGATGGTGGCGGAAAAGTGGGACTGGGGTCTTGCGCACATGATCCAGCACTTCGGCTGGAAGGCCGTTTCAGCCATCATCATTTCCAACCTGGCCTACTTTTTCCTCTTCCGCAAGGAATTCGCCCGCCTGGCCGCCCAGCAACGCGAGTTCAACGAGTTTGACGACGCCGTTCCCCAGTCCTGGGAAGACCGCAATGACAAGATACCGGCGTGGGTGACGCTGGCGCACGTCTGCTTTCTGACCTGGACGGTTCTCTTCGCCCATGAGCCGGTCATGTTCATCGGCAGCTTCCTCTTCTTCATTGGCTTTACGGTGGCTACCCCGCAGTACCAGAACCAGATGTCCCTGCGCGTTCCCATGATGGTGGGCTTCTTCCTGGCGGGCCTGGTCATTCTGGGCGGCGTCCAGGCCTGGTGGCTGGAACCGGTGCTGACGCGGCTGGGGGACTACGCCATGATCGGGGCCACGCTGCTGACAGCGTTCAACGACAATGCCGCCGTCACCTTCCTGGCGTCCACGGTTCCCAACCTGCCGGAAGCCGTCAAGTATTCCGTGGTGGCCGGCGCCGTGACGGGCGGCGGCCTGACGGTAATCGCCAACGCCCCCAACCCGGCGGGGCAGGCCATTCTGGGCAAGTACTTCAAGGGCATCAATCCCCTGTGGCTGTTTGCCTGGGCGGCTTTTCCCACCGCCATCGTGTTCATCTTCTTCACCTGCTTCGGCCATTAAGGGCCGGAACCGGAGCTTACTCTTATGTTTACCGGACTCGTTGAAACAACAGGAACCGTGGAAGGGTTTACGCCCATCAACGGCGGAGCCAGACTGACGCTGATTATTCCATTCGGCCATGAACTTTCCCTGGGGGATTCCGTCGCCGTCAACGGTTGCTGCCTGACGGTGGACGCCCTGGACGGTGAGCGCGTCTCCTTTGACCTGCTTTCCCAGACCCTCCGCGTCACCAGCCTGGGAAACCTCCAGCCGGGGGGGCTGGTGAACCTGGAACGCGCCATGTCCGCCATGGACCGCTTCGGCGGCCACTTCGTGATGGGGCATGTGGACAATACCGGAACTATTACGGCCCTGGAGCCCGTGGGGCAGGACCACCGCCTGGAAGTGCGCATTCCGGATGAACTGGCCCGCTACTGCATTGACAAGGGCTCCATCACCATTGACGGCATTTCCCTGACGATTGCGAATTTGAACGGCTCCCTGCTTGAATTCTGGATCACGCCCCATACCTTCGGACGCACGAACCTGCAACGCGCCGTTCCCGGCCAGCCGGTGAACCTGGAAGTGGACATGCTGGCCAAGTATGTGGAAAAACTGTTCGCCTCCCGGGGAAATACAAGAATATCGTTCTAGAATAAATTAATTTACGGAATTATATAGAATAATCTTGTAACGTCGTTTTTCTTTTCTGCCGATGGTATTTGAATGACAGCTACAGAAGAATGTTGGTCGGAGCAAGATTAAAG
NZ_CP133761.1_gap58	2254008	2254808	800	TTTTCCGTTGGGCCACATCAGCATCCGTTTCAGGAAGCGTTCATTGTTGACGGTGACCTTCGGGAAGAGGCGCCTGCTGGATTCCTTGAGCGCCCTGATGGCGTCTTCGCCCTGCAGCGGCGTGCGGTCCGAACCGCCGATGACGGCGCGCAGCCATGCGGTCTGGGGCATGTCATAAGCTTCCACGGCTTTGAAGGGCATGCGTTCACGCCAGTTGGCGCCTCCCGTGGTGCCGGGAATGTTCAGGCGCTTGTTGACGTCAAAGAGGGCGGGCCAGAGGATGGCCGCGTAACGGGAGTTGGAACGGAACAGGGCATTGTACATGGCCGTCTTGATTTCCAGGTTCCAGCAGGAGAGCCATGTTTCCGGCTGCATGCCGGCGAAGTCCGCAAACCATTTCAGCAGGCGCGCTCCGTCTTCCGCCTGGTGCACAATGCTTTCCTGCTCCGGGCCGGACGGCGTTTTGGGAGAGGTGCCGTCCCACAGGCCCAGTTTCTGCGCACGCTCAATCTTGGCGTAGCTGTCATTCCAGGTCTGCATGATGGTTTCAAAGTCATGCGTGCCGAACGCCGCAAAGGAGCATTCATGGTATTCCTTTCCGGGGGTGATGGTGCCGTCCGTCCTGATTTCCCAGTGGGGTATCTTGAAGCCGGGAATGTTAAGCTGGCGCATGTTCGGGCGCACGTAATCCGGCACGCAGCCCAGGTCTTCCCCCACCACGCTGACCCCGGGGGCGGCGGAGAGCAGGAGGCGCAGGTACAGGTCTCCGTCCGTCAGGTTCAGGTTGCGGTCCACGGCGT
NZ_CP133761.1_gap59	2264590	2267319	2729	CTGAATGAACCCGCGCCCTCCCTGCATTATTACTTCCCGGTGTGGGACGGCATGGCCTCCCGGTAAATCTTTGACGCGTCCGCTGTCACGGACCGGGCATTTTATCCTTTGATTTTTTTCCGACGGAAATAGGATGGCGGAATACTGAAGAATTTGACCAGATGAAAGAAGAACATTCCCATGATTCCGCCATGCAGCCCGAAGCCTACCGCTGGGCTGCCGTAATGGCCCTCCCTCTGCGTCTGGTAGTAGGCTGGACGTACTTCTCCGCGTTCTGGCGCCGCCTGGTGCTGGAAAACAAGCTGATTCCGGATGATCCGGGATACATCGGCGTCAAATTCAACCACTTCCTTCCCAATGCGCTGGGAATCAAGCCGGTCATTGAATATCTGGTGACGCACCCGTCCGAACTCTGGTGGTTCATGGTGGCGTTTACCATCATTGAATTCCTGGTGGGGCTGATGCTCATGCTGGGGCTGCTGACGCGCCTGGCGAGCGTGGGCGTTTTCTGCCTGGCGCTGGGCATTCTGCTGGGTTCCGGCTGGCTGGGAACCACCTGCCTGGACGAATGGCAGATAGGCATTCTGGGCATGTGCGCCGGACTGCTCCTGTTCCTGACCGGGGGCGGTTCCTGTTCGCTGGACGGCAGGCTTTCCAAACTTCCGTGCTGCGCGCGCCGTTCCTCCCTGTTTGCCTGGGTGGGGTCCGGTCCGCTGCCGCTGGGATACGGCCGCATGGCCCGCGTTTCCATCTGGGGAGCCGTGTTCATGATGCTGGTCACGCTGGGAACCAACCAGTTCTTTCATGGCGGCGTATGGGGGCCGCTCCATAACAAATCCGTGAAGCCCCTGCTGGAAGTCAGCGGGGCCTCCCTGTCCGGGCAGGAATTGCGCTTCAACGTATTCCGCACGGAAGGCGTGGATACCTACGGCTCCTTCCTCGTCCGCATCAGGCTGACGGACGGCCAGGGCAACACCCTGTGGAAAATGGAGGCGGACCAGCTTTCCGCGCTTCCCCCCTCCGCTATGGAGAACGCTTATCTGGCAAAGGTCAAGCCGGGCGCCTTCGGGCTGGTCGTTCCGCTGGGGGCCAGGGCCGGCGTAACACTCCCCGCCGCGCTTTCTGCGGTTCCGGAAGGTCCGCTTTCCGTAGTGCTGACGGATGTAAGCGGCAAGGAATGGTCCGCCCCGGTCCGGAAGGCCGGCGGCGTATGAGCGGCCCCGGAAGAAGGAGAAAGGCAGGATAAAAGGAAAGAATTCCCGGCTGGGGATTCTTTCCGGAGGTGGCTATGTTTGTCCGTGCTGCGCTGTTTTTCATCTTCGAGAGCTTCTTTGTTTCAAAGCGATACGTTCCTTTCCATCTTGACAGAATAAAGGGAGGGGATAAAAGGGGAGTAATGAAAACTACCCTGATCATACTCTGTCTCGTCTGCTTTTCGGCCGTTTCCCCGGCGGAAGAAACCTTGAAATACCTTCTCAAGGAAAGGGAACGGCTTTTATCCAGCATGGCTGAACTGGCGCAGGAACAGTACAAGTCCGGCATGGTTCCCTGGGAGGAAGTGACGCGGGCCAACTTGAACTTGCTGGAATTCCGCCGAAACAACGCCGGATCTCTGAAAGAAGCCATCGCCGTCCAGAAGGAACTGGTCAAGTATCTGGAGCAGCTCTTTCGGGATGCGGAAAAGGCCTATGCTTCCAGCGTGGGAGATAAAATGATGGTTCTCAAGGGCCGGGACGCATGGCTTGCCGCCAAGTGCACCCTGTTGTCCATGGAGAGCCGTTTGGGAGGGGAAGGGAAGTAGCCGGAAGCTGCGGCCGCACGGTGGCGGTATAAACGGCATTTGTTCATGCCGGGTTTTTCCATGCCGCTGAAAGGCGCGCATGGCTGTTGTGAATGATGGTTCCCCGTATTGGGAAAGCCCCTGTTTTCTTTCCGGACGCGGGAGGCCAGGGTATTCGTGCAGCGTTTGCCGCTGGACGCGTCCTTTCCGGATGCGGCGGCAAACCGCAACCCATGTTGAAACATCATGTCTGACGAGAAAAATAATGATTCATCCTTCCATTTTCCGGAATCGGATGAAAAGCAGTTCCTGGAAAAAATGGAACGGCTGGAAGGCAAGCTGGATGATCTGGAGCAGCAAGTGCTCCAGGCTCTGTCTGAAGTGGAAATCCCGAATACCTGGCTGGAGGAATGGGAGAAGTTTACGAACTCTGCGCCTGAATCCGGTGAACGGGAAATCAGGAAGTGGGTGGAAACCCAATTGGGCAAGCTGAAGGGGTTTGAAGCCCTGGACCAACTGGAACAGAACCAGATCGCGTCTCTATACCAGGACGCCCTCCTGTTCTCCCGGGAGATTTTGTCCAGAAAAGAGCAATTGGGCGGCACGCTGACGGATGAAGAACGTGATGTGCTGAATTATATTCAAAATTCAATTCGATAAATACCATGACTCCATTACTTCATCTCAGGCACTTGTTTGACTTTATAGCAACCAGGTATTTTTCCCGCCAGGATGGAAAGCGCAGGCTGGATGCCTTTCTCGTTCAGGAAGGCCATGCGGCGCTTCCTCATTATAATTATATCATGGAAAGACTTTCGGGGTTGCCTCTGACCCGGCATTCCGCTCTGGTCCAGATATTGGCCGGCATTATGACGGCCAGGATAAGTTGTCGCCTTCATTACAGGGACAATACGCATTATCCTGCCCTCATTCCCACTTGGATCACTTT
NZ_CP133761.1_gap60	2323217	2324197	980	GAGTTCAGGAACATTCCCCCGCCGGAATGGCCCGTGAAGGGAACTCCGGCGCAGGTGAAGCTGTCCGCGGACAAGAAGGCCATCAGCCCGGCTGACGGCACGGACGACGTGCACGTGACCGTGAAGGTGGCGGATGCCTCCGGCAGGCAGGTAGCCAATGCCGTTCCGGTAACGCTCACGGTGGAGTCCGGCCCCGGGGAGTTTCCCACCGGCAAGAGCATCACGTTCACGCCCGGGACGGACATTGACCTCATTGACGGCTGCGCGGCTATTGAGTTCCGGTCTTATTACGCCGGGAAAACGGTCATCAAGGCGTCTTCCCCGGGATTGAAGGGGGACAGCATCCAGATTGTTTCCCGGAACGCCCCGGCGTACGTGGCGGGCAGGAGCGCGGAAACCCGGGAGAGGCCCTACAAGCGTTTTACCGCGCAGGAGAGGGACGCCCAGGTGGCGCGGTACGGGCAGTCCGGAACCGGAGCCGGAGAGAAGGCGAACCTGGCGGTTTTGAGGCCTTGTTCCGCTTCCTCCAATCTTCAGGACGCGATGAAGGCGTCCGATGGCGACGGCGCTTCCGCATGGGTGCCGTCCGCAGAAGACAGGGAGCCATGGTGGAGGCTGGACATGGAGTTTGAGTTCAGCCTGGACCGCGTGGAGGCGAAAGCCGCCGGAATATGGAAAGGGCAGCCTCCCGTGGTGCAGGTCAGCAAAGACGGCAAAACCTGGAAGGATGTGAAAACCGTTCTTCTGAAGGACGGGGCCGGATTGACCGCCGCGTGTTCCGGGGAGGCGAAGGCCAGGTATGTCCGCATCCGGCTGTCGCCGGGGCAGGGGATTGCGGAAGTGGCCGTGTGGCCGGCGGATGCCTCATGAGGGGGCCTGTTCCTCCGGAGCGGGGGGCTTTTTCCGGCTCCTCCGCGTGCCGGAGCTTCCGGAATCCTCCTCTGCCCGCTGGCGGCGCAGTTTGTCCCAGTATGCCAGCC
NZ_CP133761.1_gap61	2339869	2344705	4836	TTAATAGAAAGAGGTCCATTTGATGGAAAACATCCTACTGTCAAATCGTGTTCCTTTGGAGAGTGTTGTCAAGAGAATATAAAAAGATTTTTCCAATGGTTCACGGCATCCAAAACACGTCGTGAAAGAGATTTTACAGATTATTGGAGAAAGTATGGTACAAAAGAATCATGGGATAATCATCGTACGGAATTTTTGAAAGCTAGGTTAAATGCAGTGAACTGCACTAAGATTATTTCTATAAAATAATTAATTCATTACGATACATCCTGAATTGGAAGTAGTACGTGAATGGATAGACGAAGTGGCGTTGCTTACTGGTCCTGGACCATTTCAAGTTCTAATTTCGGATTCTGGGCCTGTGCAAGAACCGGTTGGCAGTGGATGGGATGCATTTTGGGAAGGTGCATTAGCAGGAGCGCTAGCTGCTTTCATTGGTGGACAATTGGGGCCTCAAATTGCATTACCGGAGGAAATCGGTACTGTCCCAATTGGTGCTATTGTAGGAGGAGTTATGGCTTTATAATAAAAAGAATTAATTAATGGCAAAGATTGAAAAAAACATGATTGAAGCTCTCCTTGCACGGCCAACAAGCAAGCAGGTACTGGCCTTTGAAGGAGTCTTTTTGGAAGATTTAAATGATTATGTGAAATGGGCAATTGATTCTTTACATAATTCCCTGGGCGAAGAAATGGACGAAGCCCTGCTTTTGTTGAGTTCGCATTTTGGAGAGCTTTCAATTAATTATTTTGAGTTGCAGGACGATCTCCGAGCATTTGCCTCAGCCGCCAGAATAATTCCTCCAAAAGGCAAGGATGCCGTTAGGCTTTATTGTCTTGGATGTCTTCAAGATGTTGTCTGTGGTTTGAAAGGAGGAGTAGAATCTGAAAAAGACATGCTTCAGCATTTATCAGATTTACTTGGAAACTATACAGGGGTGGATGAATTTGGATTGATTCCGGAAATGGAATACCATTGGTGGCATCTTCAACAAGGAGAATCCCATGACGATATTGTAGGAGATTTTTGCAGGGAAGCAGAAAGACTAGTTCATTTGTTGCATGTAAAATTACATCGCGAGGGCGAATATTGGAAAATTACAGTAGAATAATTTTTAATATAAAGTATGTAATTACTGATGATTTTATTTATAGATATAGTGTTCCGGAAAAAGTTTCAGAAATTATATCTATATAAACACACGAGTGTTTCTTCTGGAAATTATTGCTTTCAGTTTTCTGCTTCTTAACCGAGAGCTGTTAACTGATAAAAGAAAACCCTGAAAGGATTAAGCTTTCAGGGTTTATTTATTGGTACCGCCGGTGGGACTCGAACCCACACTCTTTTGGAACTCGATTTTGAGTCGAGCGCGTCTACCATTCCGCCACGACGGCACGTGAAGTGGAAGAATTAAGCGGCAAGAGGGCTGTGGAGTCAAGAATTTCCTGTGGAATGTGGGAAGCCTGCCGAAAAAACGGAGGGAATCCACAGTGGATTCCCTCCGGAATGTTTCCGAATGGGAAGAACGTTTAGAACGAGTAGCGCACGGTAGCGTTAACGCTCTGGTTGGTCATGTGTTCCCTCTGTTCCAGATGGTAGAAGGCTCCGGCGCTCCAGGCGCTGGAAATGACCCAGTTCAGCCCCGCATGGACGATCAGGGCGTGGCGTCCCGGATGGACGCCGTCTACCCGGAAGGGCGTGCCGAAGGCGTCCGTTTTCACGGAAGCGTTGCGGCGGGAGACGTCTCCGGCGTAGGCAACCGTCATCTGCGGCAGCAGGTACTGGCCCCTGCCGACGGCGATCTGCTTCTGCCAGGTGACGCCGGCGGGGATGCTCCAGTTCTGCACGGAGCCGTCCTGGTACCAGGCGGTGCCGGAACCGGAACGCTCCCCGAAGGAACCCTGGGAGCCGTGCAGGAATTCAATGCCTGCGAAGGGTTTCAGCACATCCGTGCTGCTCAGGCGGATGTTCCAGGTTCCCTTCAGGCCGAAGCCGTACACGTCATCGTTCCAGGAGGCGGTGGCGGGTCTGCCGCCCAGCGTGCCGTCCGCATCGTTGTCCATGCGGCCGTAGGTGAAGTAGCCGTCAATGTCCACGCTGTTTCCACGGAGCAGGTCGCGGTGGTAACGCTGGTAGAGGGCCAGCATCAGGCCGTCCTGGTCTGCCTTGAACTGCTTGTCCGCGGAGTGGAAGGAACCGAAGGTCTGGCCGAAGGCCGCGCCGGATATCCAGTTTTTCGTCCAGGCGTAGTCCATGCCCACGGCATAGCCGCCGCCCTTGTAGTCAAAGCCGGAGGCTCCCGTGGCGGAGGAGACGTTCATGAAGTCCCCCAGCCCGGAGAACCAGATGTTGCGCGCTCCCGGTCCGCGGAAATCCAGTTGGGAAGCCGCCGTATGGGCGAAGCTGTCCACCACCCGGACGGAGGACCACAGCGTGTTGGCGATGCGGGAGGCTTCCTCTCCGCGCAGGGCCTTCACGGCGTTGATGTTGACCTTGCCGCTGAAAATCAGGTGCAGGCCGTCGTCGGAAACCGTGAAGCCGGTATCCGTGACCAGGTCCGTGCGGCCCTTCAGCGTGGGGTCGATGCCGGTGAGGTCCCACAGGGATCCGTCCGGATCAATGACCGTATCGGGGTCCAGGTTGACCAGGGAGAGGGAGAAGCTTTGTTCCTTGCTGAAAAGCAGGTTGTCTCCAATGACCACATTGACGTGCGCTCCATCCACATGGTAGGAGGAAGAGACGTTCATTTGGGAATAGGTGTCCGCTCCGGTATGGGCGGCGTCCGCCGCCGCCGTTCCGTTCACGATGAACGTGAGTTCCTGCACTCCCCCCCACGCGTTCAGGCCGCCTTCATAGTTGTGGTAGCCTGCGGAGGAGCCGGAGCCGATCACGATTTCACTGCCGTAATAGGTAACCTCTCCCTTGAAGGCGCCGGAACCGGAGACGGTAGAACCGCTGTTGGTTTCCACGCCGGATAGAACGGTGGAGCCGTTCAGCACCAGATGCCCCGGATTAGCCGGATGGGCGAATGCCTCACCCAGGCGGATGCTCCCGCCTTCCACGCCCAGACTGGCGTCCCAGCCGTCCAGAACGAGGGTGGCGTTGTTGCTGATGACGACGTTTTCCGCCGCATAGGAACCCCTGGCGACAACCTTCACATCCTGTGCCGTGACGTTGAGGTTCGCGAAGGCGCCTCCGTCGGCGGCGGAGGCGCTGTAGCCTGCCGTGCCGGAGTGTTCCCAGTTCAGGGTCTGTTCCTTTTCATCCTTGCCCGCCAGCGTCAGTTGTCCGGAAACGCCGCTGACGGCTCCGGAGGAAATGACGGCGTCCGACTGGCTCAAGTCAGCCTCCCCGCCTTCCAGCACGATGCCGTGCTCAGGCAGGTTTTCCCCGATGATGACCTTGGAGCCTTCCCCCACATGGATGCTTTCTCCGGGGTTGACGACGATGGGGGCGCCTTCACCCAGGAATACCTGGCCCTGGAGGCGGTAGCTCATGCGGTAGTTTTCCAGTTGGAAGTTGTCCACCCTGGCTCCGTACATGGCGGTGATGCCGTTCTTGATCTGGTCCAGCGTGACGACCCAGGCGGAATCCGTGGCGTTGAGCACCGTGGCGCCTACCGTGGCGTTTTGCGCCAGGTCCAGAGTTACGTTCAGGCCGTCAAAGCCCACTTCCAGGGCCGTTCCCGCCGCATTCTGCACCAGGGTCCCGTTGAGCAGCGTCATGCCTTCCGCAATGGTGAGCGTGCCGCTGCCGGAGATGGAGCCCTGGTTGTTGACGACGGCCCCGTCACGGAGTATCTGGGAGTTCCCGGTCAAGGTGACGGCAGAGCCGTGGCCCACGTTGACCCGGTTGAACAGGCCGGCAGTTTTTTCCGTGGAGATGGTCCAGTTCGCTTCGTTGTCCGCACTGCCCACGTTGAGCGTGACGGAGGAATGGTGGGTGGCCGTATCGGACTTGCTGGTGTTGACGGTTGTCCTCACCGTATAGTCAAACAGTCCCGGAGCGGCGTCCGTTCCGGACAGCAGCGTAATGGTATCCACGGAGCCTTCCGCTCCGGAGCCGCCCAGTTCCCAGATGCCGCTGATGGAAGCTCCGGCGTGGACGGTGACGTTGTCCGCCGTGTTTTCCGTGGAGAAGCCGGAACCCGTATTGGACCCGCTGTACAGGGCATACCCCGTTGCTTCGTCCCCCGTCGCCGTTGCTTCAATGACGCCGGTGGAACCGATGGTCGTCGTGATGCCGGCTCCTCCCATCAGGGCCGCCGCCGTGCTGCCGGCAGTTGCCGCTCTGACGGTTCCGTTGATAGTGCCGGTGGTCAGGGAGAATTCCGCCAGCAGCCCGTAGGCTTCCGCAGCTCCCGTGGAGGAGGCGGAGATGAAACCGCTGATGTTTCCCACGGACAGGGAGCCCGTGGAACGTGCCCCGGCGGCCGTTCCGGCCATGGCTTCCGCCCGGATGGAGCCGCCCACATTGCCGATGGTAATATTGGAATGGGTCTGGTAACCCCCTTCTTCTCCGGCGAAGAGGCCGTAGGCGTCCATGCCGTTGGTCGTGGCGGTAACGCTTCCCGTTGCTCCCATGTCGCCCAGCGTGATGTTTTCCCTGGCTTCAATGCCGATGGCGGAAAAGTCCTCGCTTTCATCATTGGAGCCGGAGGCTGCGGTGATTTGACCGTCCAGCCGGGTAATGTTCACCTGCCCGTAGTTGGACTGGATGCCTCTGGCTCCGTAGCCGCCGGCCGTCGCCGCGGAAATGCTGCCGGTGGAGGAAAAGGTGCCGATGTTGACGTCCTTGTAGCGCGGGCCCTGGTAGTCCATGGTATTTCCGTAGGC
NZ_CP133761.1_gap62	2378739	2383676	4937	CTGGTTTCGTGATTTTGTCCAGCGTTTGACTTTATCCAAAAGCAAGCGTCCTGTTCCATTCCTCCTGCATCCCCGCATGACGAAAAAGTCTATGATGCAGGCATATTTATGAGGAACTACGGAAGGATAGGGAGGTGGCGCGTTTTCTTCAACATGCACGAATCCGATAACGGCATCGTCTCTTTCCGCGATCATGATATCGCCGCTGCCGCTTTCAATCACAGGATTCGGGCAATCTCCCGTTTCAGTTGCCGCAACGCAATTTTCCGGTAGCTGGGCAGCATTACAGGCAAAAAAATCATCGTATAGAGCGCTTGTTTTTTGGACATCCTCCCTTGCAGCCGACCTTATCTTGATGTTCATGCGCTCCTGATAGCCGAACTGTTCTGCCGGCCATTCTCCGGAAAAGTGTTTTCATGGGGAAAACGTGCCGGAGAATGGCCGGAAAAGTTCCTGAATAAGTTAATTGGCGGGGGGAGGGGTAAAGGTGCGGGCCGCCAGCTCCTTGTCCATGAGCAGCATTCCCTGGCCTTCTCCCTTGATCATGCGCAGTTTGCTGATGATGTCCTTGACGGTTTCTTCCTCTTCCACCTGTTCACTGACAAACCAGTGCAGGAAAATATCCGTAGCGAAGTCCTTTTCCTCCTTGGAGAGGCGGACCAGGTCATTGATGCGGCGCGTGACCTCCTGTTCGTGGGACAGCGTTTCTTCAAACATTTCCAGAATGTTGGACCAGCTCGCGGCCGGGGCATCGATGGACAACATGGTAAACTGGCCTCCGCGCGCCAGAAGGAAATCGTAAAATTTCAAGGCATGGGCGGTTTCTTCCTGGTACTGGACGCGCATCCAGTGGGCGAACCCCGTCAGGCCGGCGTCCTGCAGGTAGGCGGACATGGCCAGGTAAAGGTTGGCTGAATACATTTCCCATTTGATTTGCTCATTAAGAGCGGTTGCCATTGTTGTACTGATCATATGTAAAATCCTGTTGATTTCCTTTTCTTCTACAAAACAAAGTCCGCAGAATCAAGATAATCCTGCGGACTGTATGACGGGGGAATTCGGGAAAGGCGTCAGGCTTTTGCGGCAACCGTCTCTGGAACATTTTCCGCAGGAAGCTCTTCCTCCACGGGAGGGGCGGCTGCTTCCGCAGGCTCGGCTGCCGTGTCAGTTTCTTCAGCGGGTTCCTCCCGGGCTGCCGGGGCTTCGGAAGAAGGGGTGTCCTCCTTCTGCTCCTGGGGCGCGGCGGCTTCCGCCACCGGCATGTCCGGATCCTTCTCTTCCGGTTTCTGCTTCTCCTTGGGAGCCTTTTTGGGAGAGGGGGCCTGGGCCGGAACGGCCTTCGGACGGCTGACGGTGTTGTTGGAGAAAACCAGAATGTAGCCCTGTTCGGACAGCCAGAACAGGTCGCGGACCAGATTCTGCTGTTTTTCCGTAGCCTGGGCCACTTCCTCTTCCGTGGCCTTTTCCGGGTCCGGCACGGGGGCCAGCTCCCTGAGCATGGCGTCCACGCCCTTGCCCGGATTGTTGGCCGCCCAGGTGGCGATGGACATCAGGGAATCCGAAAGAACGGTGCCTTCTTCCATGGCCTTGGGGCGTGCCGGGCCGGTGTAATGGTTGCCCTTCCACTTGAAAATGGGCATGTGGTGGCGCGCCAGCCCGTGGCAGAGGTTCGGAATCAGCATGCTGGGATGGCGGCGCGTGGTGCCGGACAACTGGATCAGGTGCGCCCACAGGCCGGGGGAAAGATGGTTTTTCTTCACGGCTCCGTTGACGAACACCTTGTCCGTGACGTCATAGCACTCTTCAAAGTGGTTGGACTCGAAATCCTGTTCCACGGCGGCGGGGGATTCCAGAAGAACCTCGGAGGCGCCTTCGCGGACGGGCTTCCAGGCGGTGCGCTTGGAAACGGCTTCCTGCCATGCCTGCACGGCTTCCTCGCTCTTGTCCGTCACGATCTTGGAACGGAATGCCTCAAAGGGCATGCTGGCAAACTTGGTGCGGTGCAGGTTCATCAGGGCGGACTGGTAGCCGTGCCAGTTGACGGGGCCCACCAGTTCATTGTTCAGGGAACACTTGGCAATCGCCTTGAAATCGCCCTTGGGCGCTTCCACTTCCTGTTCCACGGACTCGTAATACTTGGGCATCCAGGAAGACTGCCAGAGATGCTTGACGGCCTCCTGGCGGGAAATGAAGCAGGCTCCGTCGCCGTGCTTGCAGTGGTAAAGGTCCGGGCCGTTCTCCTGCTTCATGAACACCAGGTCATAACGGTCGTAGGAACCCATGACCACCTTGGCAAGGTCCAGCAGGGAAATAGTGCGGCGGTGCTTCTGCACCTCCTGGTGCAGGGCGGCCAGGCCGGAATCCACGGGGCGCAGCTCCACGCGCAGGCCTTCGGCCGGTTCCGCCATGGGCGGGCGGGGCGCCTGTTCGCGGCGGTCTCCGTCGCGGCGCGGGCGGAAGGAACCGCGGGTGCGGTCTTCCCGGTTGAATCTTCTTTCACCATTCTGACCGTCAAAACGGCGTTCCCCCGGGGCTGGCGTCCTTCGCGGCTGTCGCGCCGCGGACGGCGGTCGCCTCCCTGCCTGTCGCCGGACCTGCGTTCCGGATAGGACGCGGAACGTTCCTGACGGGCTCCCGGTCTCGCCCAGGCCGGACCGAATTGGAAGTCGGCCAAGCCGGAAAGGTCCGGAATTTGCTGCTTGGGGTCTGTGGAAGGAGTTTCTTCGGTCATCATGTACGGGTTGTTTCAATAGCAACTAAATGAGGTAGATGGCAATCATTTTACGTGCAAACAGGCCGAAAATTGTTCAAAATGTCATGAAATGCATCTGGAAACGCAAATATTTCCGGTGCATTCTTCCAATCCAACCTTTGTCAAATTCTCTATTATGGATAAAATACGTCAACGCCTTTCCGATCTTGGTTACGCCATTTACGATGCGCCCGCGCCCGTGGGTTCCTACGTGCAATGCGTGCGTACGGGCAACCTGCTTCACCTCTCCGGCGGCATCTCCGTGAACGGGGAGGACAAATACTTCGGCAAGGTAGGGCAGGACTTGACGGTGGAAGAAGGGCAGGCCGCCGCGCGAGCCGCCGTTCTGAACCGCCTGGCCGTCATCGTGCAGGCCGTGGGCTCCCTGGAAAAGGTTTCCCGCATTGTGGCCGTGAACGGATTTGTGAATGCCGGCCCGGATTTCTACGACCATCCCAAGGTGCTGAACGGCGCGTCCGACCTGCTGGTGGAAGCCTTTGGCGAAATCGGCCGCCACAGCCGCACGGCCGTGGGCGTGTCCGCCCTGCCGCTCAACGTGGCGGTGGAAATAAGCATGGTTGTGGAAGTCTGCGGCTAGGGATTTAAAAACCGGAAGGGGATTCGTGCTTGAATCCCCGCGGCATTCCTGTAGAGTGCCGTCCGGTCAATGCCCTCGTGGCGGAATGGTAGACGCTGCAGACTTAAAATCTGTTGTCCGCAAGGACGTACCGGTTCGAGTCCGGTCGGGGGTACTTCGCTGAATAACAATAAATTATGTAGATAAAAGGCTCGCTTCTGGCGGGCCTTTTCCGTCTTCAAGCATACGGAAATTACCGCTTTTACTTGTATCTCCGGTCAACAATAGTTACCTGAAGAATGTGTTGAAAGGAGCCTCCCCCAGTACTGCCGGGTGGGGTATTCTCCCTGTTTTGCGATGAAATCATCTGGTTTTCCGTAAAAGGCCCCGGGGCATTTATGTTCAAGCGTCCCTTGCAGGATTGTGTAGTGACGCTGTCCGGGGTCCCGGACAGCCGGGCACATGGAATTTTGGGTAGGAGCCATTTTTTGTTAGAGGTCCGGTGTTGGCCCATTCCTTCTCTTATTGACCAAAAGGTTTTTCCATTTTATATTGGAACCCATTCCGGGGGTCTCCCTGCCGGGTTTCCGGTACCCATCCCCACACCCTATGATGACCATGAATTTGAACAAACTCTCCGTTTGGGCGGTGGGCGCCTGCCTGTGTGCGGCTTCCATTTCTCACGCCGCTGCCGCTGGAATTGACTCTTACGATGCCGCTTTAAAGAAGGTAAAGGAAGTGAAGGCGGCCCTCGACCCCTTAAAGTCAAAAAACAGGCTGAAGAACTGGGTGAATCTCGGGTTGCAGCTGGAAGGCTTGAAAAAGGGAAGCGACGTGAATGGCAGGGACGCGATGACCTGGTCTCCACTCGCCTGGGCGGCGTATGTGGGAGATAAGGAGATTTTTGATTACCTGCTGTCCAAAGGCGCCAACCCCAAGGCTGTGGACCAGTACGGCATTTCCATTTTCATGAGAGCCGTGGAAGGGGGCAATATGGACATTGTCAAGTATTTGATGGAAGAATGCAAATATGACGCCAATGAAAAGGACCGGGAATTCGGCACGACCGCCCTGATGAGAGCCGCAACGTGCAGGCGCAATGACATTCTTGCCTACTTGATTGACAGGAAAGCCAGCGTGAAAGCCAGGGACAAGGGAGGCCGGAATGTGCTGGCGTATGCCGCTGATGGCCGGAATATGGATGGAATGGAAATGCTGGTGGCTAAAGGAGCGGATTTGAATGGCACGGACAAGGAAGGCCACTCCATTTTGATGAAGGCTTCCGAGCGGGGATGCCTGGATATGGTCAAGTACCTCGTCAAAAAGGGAGCCAAGGTAAAGGGAAAGACCAGGCATGGAAAAACCGCGCTGATCTATGCCGCGGAGGGCGGTTATCTGGACGTGGCGGGATTTCTGGTGGATCACGGAGCGGACATTAAGGCAAAAAATAAATGGGGTGATACGGTGCTGGATATCAAAACGGTGGATCCTGCGGTTAAGAACTATTTACATTCAAAGCTTAAAGTGAAATAGAGCGTCTATGCTGGCAGGAGCCGTTTATTGGATGGGAAAGCATTTGGACCGTGGCTGGAACAGGAAGGGCAGGAT
NZ_CP133761.1_gap63	2541086	2542239	1153	GCTCCACGGCAAAGGACATCACGCTGCGCACGCCGCCGTTCTTCTGCGGGTCGAATATCGGGAGCTTGCTTGCTTCCTTGACAAAGATGTCCGTTTGTTCCGCCAGGTATTCCGTGCCCTTGCCGTCGCGGTCTTCCAGCATGAAGGTGACGCCGTTGGCGGAGCCCACCCCTGCAATGGCCGGGGGCTGGAAGCACATGGGGATGCCTTCCGGAACCTTGGTGCTCAGCAGGGCGTTGAGCTGGGCGGTGACCGCCTTGGCGCTCTGGTCCGGATTGGGGCGTTCCTCCCAGGGCTTCAGCATGACGAAGAAGAAGGCGTTGTTCGTGCTCTGCACCCCGGTCAGCAGGCTGAAGCCGGAAATGGCGATCACGTCCTTCACGTTCGGGTTCTGGCGGATGAGGTCTGAAACCTTGTCCGCGGCGGCCGTTGTCAGCTGGAGGGAGCGGGCTTCCGGCATGATCAGGGCGGAGAACAGGTAACCCTGGTCTTCGTCCGGCAGGAAGCCGTTGGGAATCTGCTTGGCTACGGGCAGGATGGCGTACGCGATCAGGGCCAGCAGGGGAATGGAGATGATGAGCTTGCGGGTCAGGAAGTGGCACACCTTGGTGTAGCCGCTGGCCGTAGCGTCATAACCGCGGTTGAAAATGCGGTAGAAGAATTTCAGCGGGCCGCCCTTGTTCGGGTCCTTGGGCTTGAGCAGGATGGCGGAGAGGGCCGGGGACAGCGTTAGCGCGTTGAACGCGGAAATCAGCATGGAAATGGCGATGGTCACGGCAAACTGCTGGAACAGCGTGCCCGTAATGCCCGGCAGCAGCAGGGAGGGAAGGAACACCGCCGCCAGCACCAGGGCGATGGCGATGACGGGGCCGGACACTTCCTCCATGGCGGCGAAGGCCGCCTGGCGCGGAGTCAGCCCGCGTTCCATGTGGGATTCAACGGCTTCCACCACCACGATGGCGTCATCCACCACCAGGCCGATGGCCAGCACCATGCCCATCAAACAGATGGTATTCAGGGTGAAGCCCAGGAGCGGGAACAGCGCGAAGGTGGCGATGATGGAGACCGGCACGGCAATGGCCGGAATCAGCGTGGCGCGCCAGCCCTGGAGGAAGACGAACACCACCAGCACCACCAGCAGGAGGGCTTCCAC
NZ_CP133761.1_gap64	2549106	2550009	903	CTGGACAACCACGCATAAATAAGGGTAGCTTCCCAGGTTTGCGGATTGTTGCCGTCCATTGCGGAAAATGAGTTCCTGACTGAATGGAATGATCAGCACTGGAAGCTATCCTTTGGAACCGGGCCATTCCGGGAATGCAGATAAATACCTCCATTCCCGCTGTATGACCGGCAGTTGATTTCTCATGACCGTCCATAAATAATTAAGGCAAAGAGGCTGGTTTAACATCATCCATAATAGATGGGGAGGCATCGTATTGCGGTTGTAGGCCTCTACAAATTCCTCGCCGCAGCTGCGTACAAAACTCAATTCCCAAAGCTGGGAGGTCAAGTTAAAGCTTCGTTCCATTTCACACCATTCCACCAGCCGCCGATAGCTGTAAATGTGGCTGACCTCCTCCCGGTTAATTTCCACCAATACCATCTTGTTGTTTGAAGACGGCATAGAGAGCAAATTGGCGTCGGCATGGATCGGTTGGGCTAGTATCAACCCAAAAAAATGCAACAAATGAACACAACGAAACAATTAACAAATATCCTTTTCATTTTTCCTTCTTGGAAAATCTTATTATAATGTAAATCAATAAATATGTCCGTTCATTATTGCAATTGAATTTAAAAATCTTCCACTTGATAATGTATTTTATGTAGAGAAACTCTTTCTTTGAAATGGTTATATTTTTCTTTTTCTGGATTGCATCAATCTTTGTTGAAATCTTGTTTCACGAGAATTTTTTTATTACCGTTTTCAAGGATTAAAAAAACGGGAATTGACTAAAAGTTCGACTTTTTATTTTCCAATAGGATTCTGATTTCTTCCGTTTCCTCATCCTGTACCTGTTCTGTCATCCCTCTGTTTTTGCCAAGATCCATGAAATAGTAAATAACTTTTTGTAAATCAGAT
NZ_CP133761.1_gap65	2641892	2643769	1877	CGTATCCGCGGGCCTTGAAGGCTTCCAGGTACGGGCTGTTTTCCAGGTGGGAGCGGGAGGGGCCGGTGAGCGCGTAAATGGCAGTCTGCCCTTCCTTCATGCGGGTGATGTATTCCTCGAAAGAGGTCGTTTTCCCCGCATCCGTGGCGGTGGACTCAAAACGGAGCAGCTTGCCCAGGGATTCCTTGTTCGGCCAGGAGGTGACCACCCCTTCCTTCAGGTAGCGGGAAAACTGTCCGTAGAATTCCTTATAGGTTTCTTTTTCGTCCCTGGCAAGTTTGTCCAGGTGCTTGATGAAGCGCTTGGTGATAATGTCGCTGATCTTGCGCACCAGGGAATTGTCCTGGAGCATTTCGCGGGAAATGTTCAGGGGCAGGTCCTCGCTGTCCACCACGCCGTTCAGGAAGCGCAGCCATTCCGGAAGCAGGCCTTCCGGCTTGGCGTCAATCAGCACGCGCTTGCAGTACAGGGAGACGTTGGCGTCCACGCGGCCGAAGCCGAACATTTCCGGATTACGCTTGGGGATGAAAAGCAGGGCATTCAGCATGATGGGGGCGTCCGCGCTGAAATGCATGTAGGACAGGGGCTTTTCATCCGTGTGGGAGATAAACTGGTAAAACTCGTCGTATTCCTCCGGCTTCACGTCTGATTTGGACTTGGACCAGATGGCCTGGACGGTGTTGATGTGCTCTCCGTTGAAGTTGATGGGGAAGCCCACGAAGTTGGAATAACGGCGCAGGAGCTCCTTCACGCGGTATTCCTGGGAAAACTCCTCATACTCATCCTTCAGGTGGATGACGATGCGGGTGCCGCGGTCCAGCGGTTCGTCAAGGGTTTCAATGCTGTAGCCCTCCCGTCCGTTGGAAGTCCAGCGCAGGGAGGCCGCCTCCGGCTCCCAGGAATGGGTAAAGACCTCCACCTGGTCCGCCACCATGAAGGAGCTGTAAAAGCCCACGCCGAACTGGCCGATCAGGTCCGCGCCGCCTTCCTGCTTCTGCTTGAGGGCCTCCATGAACTTCTTGGTGCCGGAATGGGCGATGGTCCCCAGGTTTTCCACCAGGTCCGCTTCCGTCATCCCTATGCCGGTGTCCGCGATGGTGATGGTCTTGTTCTCCTTGTCCGTGGTGATGCTGATTTCCAGAGGCTTTTCCGGCTGGTAGATGTTGGAATCCGTCAGTTGTTTCAAGCGCAGCTTCTCCAGGGCGTCGGAAGCGTTGGAAACGAGCTCCCGCACAAAGATTTCCCGGTCGCTGTAAAGGGCGTTGATGACAATGTCCAGCAGCTGCCGGACTTCCGCCTGGAATTGATGCGTTTCTGTATTCATATGGAAAAATGTGTTACGGGTGCCATTATAGGGACCTCGTCAAGGGGATGGACAGTTTTTAAGCGGTGGCAGGAACGCCCCATGTCACAAAAACGGCCTTTTTCCGTCCATGTTCCCACTGGAGGATTTTTCCTTGAAACAATTCAGGAAACTGATCAGTATAGTTTTATAAACATGATCCTCTTACCATTCTTGAAAAAGGGAGCCCTTTTGCTCGCTCTCTGCGGCATGCTGGGCGGCGGCGTGCTTTCCGCCCAGGAGACCGGGTCCGTTCCGATTACGGAAGCGGGCCTGAAGGCGCTGGATTCCAACGTCTTCACCAATGACTTCATGCTGGCGCTGAAACCCAGTGTCACGCGTGACCGCATCGCCAAAATCAAGGATCCCTTCGTGCGCGGGCTCGCCCGCCAGATGGCGGAGAAAAAATATGACCGCAAGGCGCGCGCCATCACGGCGGAACCGTACGAACCGGTCAAGGACCTGGCGGACCGCCTGCGCACCAGCCAGTACAGCAAGTTTGAAAACCCCACCGGCATCTTTTTTGAGGAAGGGG
NZ_CP133761.1_gap66	2673029	2677073	4044	GCCTCTCCTTCTTCTGGCCCAGGGCAAGAACTACTTCATGGAAGTGGCCAAAATGCGCGCCGCCCGCGTGCTGTGGGCCAAGCTCATCAAGCAGTTCAACCCCAAGAACCCGAAATCCCTGGCCCTGCGCACGCACTCCCAGACTTCCGGCTGGTCCCTCACGGAGCAGGACCCGTTCAACAACGTGACCCGCACCTGCATTGAAGCCCTGGCCGCCGCCTGCGGCCACACGCAGTCCCTGCACACGAACTCCCTGGACGAAGCGATCGCCCTGCCGACGGACTTCTCCGCCCGCATCGCCCGCAACACCCAGCTCCATCTTCAGGATGAAACCACCATCTGCAAGGTGATCGACCCGTGGGGCGGCTCCTACTACGTGGAATACCTGACCAATGAGCTCATCCGCAAGGGCTGGGCCCACCTTCAGGAAGTGGAAAAACTCGGCGGCATGGCCAAGGCCATTGAAACCGGGCTGCCCAAGATGCGCATTGAAGAAGCCGCGGCGCGCCGCCAGGCCGCCATTGACTCCGGCAAGGAGCCCATCATCGGCGTCAACAAATACCGTCTGGAACAGGAAGCCAAGATGGACATTCTGGAAGTGGACAACACCACCGTCCGGGACGCCCAGATCGCCCGCCTGCAGAAGCTGCGCGCGGAACGTGACTCCGCCGCGTGCGAAGCTGCGCTGGAAGCCCTGTCCGAATGCGCCCGCACGGGGGAAGGCAACCTCCTTGACCTTGCCATCAAGGCGGCCAAGGCCCGCGCCTCCCTGGGTGAAATCTCCTCCGCCCTGGAAAAACACTTCGGGCGCCACAAAGCACCAATCAAACTCATTACCGGCGTGTACGCTCAAACCTATGGTCAAGATCCGCTGGTGGAGGAAGTCCGCAAAATGACGGACGACTTCGCCGAACGCACGGGGCGCCGTCCCCGCATCCTCGTCGCCAAGATGGGCCAGGACGGCCACGACCGCGGCGCCAAGGTGGTCTCCTCCGCCTATGCCGACCTCGGCTTTGACGTGGACGTAGGCCCGCTCTTCCAGACGCCGGAAGAAACCGCCAAAATGGCGATTGAAAACGACGTGCACATGATCGGCATGAGCTCCCTGGCCGCCGGCCACAAGGTGCTGCTGCCCGCCCTGGTGGAGGAACTCGCCAAGCAGGGCCGTCCGGACATCCTGGTCTTCTGCGGCGGCGTCATCCCCGCCCAGGACTATGACTTCCTGAGGGAACACGGTGCGGTGGCCATCTTCGGCCCGGGCACCAACATCCCGGAAGCCTCCAAGGAAATCATGGAAGCCCTCAACGAGCAGTACGCCGACTAAGGCCCTCGTTGGAAAAACAGCATCAATCATCAGGGAGCCGGATCACGGGATCCGGCTCCCTTTTTTGTGAGCTCCCCGGACTCTCTCCATAGGGAGCTTTCATCCGGAATGGCAGTGAATGGACCTGATGAACAGAGTGGACTTAATCTTTACTTTGTCCATGAAGTCCATGAAGTCCATGAAGTCCATGAAGTCCATGAAGTCCATGAAGTCCATGAAGTCCATGAAGTCCATGAAGTCCATGAAGTCCATGAAGTCCATGAAGTCCATGAAGTCCATTTCCGCGGCAATGGAACAACACTGCCTCCACAGAACCCTCTGGTCCAAAACCCCCCTTTTCTTGCTTTTGCATTGCCCCTTGCGGTCAAATTCCGTAGTCTCGTCCCGCCGTGAGCCGCACCTACCGCCATTGCCTGGACTGCAAAAAAGGATTGATTCCTGCCGAGACCGACATCTTCCGCGTGATTGACGGGGAAGGGGACGGGCGCCTGGGCGTATTTGTGGACCAAATGGGGGACCGCGTTCTGGTCTCCACGCGGGACTGCCCCATCCCCACGGATTTGGAACGCGAACTTCGTGAACTGGGCATGCCCGTATTCCACAAAAAGCTGGAACAGAACCAGAAAGAAGCGCCCGTGCAAATAGCCGGACCGGAACTCCCCCTGCAATTTACGGTCACGGAGCAGGGCGTGCGTTTCAAAATAGACATGTCCACCGGTTATTCCCAGGGAATCTTTCTGGACCAGCGCGACCACCGCCGCCAGGTGAGGGAACGGAGCAGACCCGGCATGAGGGTGCTGAACACCTTCGCCTATACCGGGGCCTTTTCCGTATATGCCGCCCTGGGAGGGGCTCAGACGACCACGCTGGACCTGGCGCAGCCCTGCCTGGACTGGGCCAGGGAAAACTTCAGCCTGAACGGCATTGATCCCTCCACCCAGTACTTCTGCAAGGGGGACGTCCGCCGCTGGCTGGAACGGTTCGCCAGGCAGGGCCGCTCCTTCCACGGCATTATTCTGGACCCCCCCACGTTCTCCCGGGATGACCGGGGAAGGGTGTTCCGGGTGGAATCCCACTACGGGGAACTGGTGGCCCAGGCGCGCGAATGCCTGGAACCCGGCGGCTGGATGCTGTGCACCAGCAACTGCCGCAAGCTGAGCCATGAGGACTTCCGCAGGATGGTGGCGGAGGCTCTTCCCGGCTTCCGGCTGACCCATGATCCCATGCCTCCGGACTTCACCGGAGAGGATTATCTGAAAAGATTGTGGATAGATTGGAAATGAATATTTTATGAAAAATTTTCCTCACCTCCGCTGACGCATTTTATCCTTTTGAAAGCCCTCCCGGTCTGGTAGGAAACCGCCCAATTACTTTTTCTATGAAAAAACTAGCCTATGTTGCGGGACTCTTCGCGCTTACGTGCGCCCCTCTGCTTGCCGCCCTCTATGAAAACCTGGAGGTGGGAATGGACAAGGACCAGGTGCTGAAAACCCTGAGGCAGAGCAAGCAGCTTGAAGGGCCGCCCACGGACGCCCTCCTTTCACGCACCGGCCTCAACGGCGTATTTAAGACCAAACAGTCCATCGGCGGCCAGACCTTTTCCCTGAACTTTGACTATGACCCCTCCGGCGGCTTGAGGGCCGTTGTCTTCTACTCCCGGAGCAAATGCCGCGGTTCCGAGTATGAAACCAAATTGAAATCCGCCTACAAGGCTCTTCTGGTGGGCCTGACGGAAAAATTCGGGGAACCGGCGAACATGCCGGAATGGGTGGCCAAGGAATCCCTTCAGGAAGGCCGCATCCAGTACATGCACATGTGGAGGGTATCCCCCGGCGTCTTCCTGATGTCCGGCCTGGGCAACATGGGAGCCATGGAAGGGTATTTCCCCCTCTTCCGCTTTTCCGGGCCGTCCGGCATGCCCCCCAAATCCAAAAGGGACCGGGAGGAACTGAAGAGGGAATGGGCCGCCATCCCGGAATTCCCCGGATTGAAGGAGGCGGAACTCCACATCTCCGATGCCGTGCGCGCCATGGGCACCAAAAAATATGAAGACGCCTTTGAATGCTTCCAGCAGGCGGCGGAACTGGGCAGTCCCCGCGGCTACTGGGGCATGGCGTTCCTGTCTGAGCTGGGCAAATACGGCGTGAAGCGGGACAAGAAAAAAGCGGATGAAATGAACCGCAAGGCCGCTGCTGCGGGCTATGCCGCCTCCGCCTCCAAATTTGGCGCCACGTGGCCGGATGCCGCGCGGGCCCTGGGCCTCTCCGCCACGGCAGCCAGGGAACAGCTCCATATGCGCCAGCGGGCGGCTGCGGAAGGCTATGCCTCGGAACAATACAACATGGGCATCATGTACCACACCGGTTTTGGCATGCCCAAGGACCCTGCCAAAGCCCGTGAATGGTTCCAGAAGGCGGCGGACCAGGATGACGTGCAGGCCAAAAGCATCCTGAAAAAACTCCAGTAACTCTTTTTCCAATCCATTACTATCATGAGCCTATACGCACAACAACTCGTTCGCTACCCTGAACTGGGCATCTCCCTTGACTTTTCCAAACTTCCTCTGGACGACGCCTTCCTGTCCTCCATGCAGGGGCGGATAGACAGGGCGTTCGCCGACATGAAGGCGCTGGAATCCGGCGCCATTGCCAACCCGGATGAAAAACGCATGGTGGGCCACTACTGGCTGCGCAACTCCGCACTGGCTCCCACGCCGGAAC
NZ_CP133761.1_gap67	2679591	2681732	2141	GGCGCCCGCGAATCCATGCCCGGCATGATGGACACGATTCTAAACCTCGGCCTGAATGAAAAATCCGTGGAAGCCATGGTAAAGGCCACCGGCAACCCCCGCTTCGCATGGGACTGCTACCGCCGCTTTGTCCAGATGTACGGCGACGTGGTGCTGGGCGTGCAGAAGAACCCGGATGAAGACCACGAACCCTTTGAAGCCGCCATCGCCGCCATCAAGGAAGAACGCTACGGCAACGCGGACGTGGAAGACACCAAGCTCTCCGCGGATGACCTGAAGGAACTGGTCTCCCGCTTCAAGGCGCTGGTGCTGGAACGCACCGGCCATGAATTCCCGGAATGCCCCTGGGAACAGCTTCAGGGCGCCATCGGCGCCGTGTTCGGTTCCTGGAACAATGACCGCGCCATCGTTTACCGCCAGAAATACGGCATCCCGTCCGAATGGGGCACCGCCGTCAACGTGCAGGCCATGGTGTTCGGCAACACGGGTGAAGAATCCGGTTCCGGCGTGGCGTTCACCCGCAACCCCGCCTCCGGGGAAAACGAATTTTACGGTGAATTCCTGATGAATGCCCAGGGTGAAGACGTGGTGGCCGGCGTGCGTACGCCTGCTCCCGTAGCGGCCCTTCACGACGTGATGCCCGCCGCCTTCAATGAACTGATGCGCATCCGCGAAGTGCTGGAAAACCACTTCCACGACATGCAGGACTTTGAATTCACCATTCAGGACCGCACCGTGTACATGCTCCAGACCCGCAACGGCAAGCGCACCGGCGTGGCCGCTTTCCGCATCGCCTGTGAAATGGTGGAGCAGGGCCTGATCGACTGGAAAACCGCCGTGCGCCGCATCCCCGCGGACCAGGTGGACCAGCTGCTGACCCCCATCTTTGACCGTGAAGCCATCAAGCAGGCCAAGATGCTCACCCGCGGCCTTCCCGCCGGCCCCGGCGCCGCCACCGGCCGCATCTACCTGAATGCGGAACGCTGCGTGGAAGCTGCGGACAACGGTGAAAAAGTGCTCCTGGTCCGTCTGGAAACCTCTCCGGAAGACCTGCGCGGCATGATTGCTGCTGAAGGCATCCTGACCGCCCGCGGCGGCGTTTCCTCCCACGCGGCCCTCGTTGCCCGCCAGATGGGCAAGGTCTGCGTCTGCGGCGCTGATGAAGTCATCGTGGACTACAACAACCGCACCGTCACCGTTGGAGGCATGACCTTCAATGAAGGCGACTACATGTCCATCGACGGAACGAGCGGCCTGGTGTACGCCGGCAAGGTGGAAACCTCCCCCTCTGAAATCATCCAGGTGCTGATCTCCAAGACCATGAAGCCGGAAGACAGCCGCACCTACCAGAACTTCGCCAGGCTCATGCAGTGGTGCGACGACTGCACGAAGATGAAAGTGCGCACCAATGCGGACTCCCCCAAGCAGACGGAAACCGCCATCGCCTTCGGCGCTACCGGTATCGGCCTCTGCCGCACGGAGCACATGTTCTTTGAAGGGGATCGGATCGACTTCGTCCGTGAAATGATCCTTTCCACCAAGAAGAGCGACCGCGTGGCCGCCGTTTCCAAGCTCCTTCCCTACCAGAAGGGCGACTTCAAGGGCATCTTCAAGGCGCTCAAGGGCCTGCCGGGCACCATTCGCCTGCTGGACCCGCCCCTGCACGAATTCCTTCCCCAGACGAAGGAACAGCAGCTTGACCTGGCTCAGAAAATCTGCATGCCCGTGGAAGTCATCATGCGCCGCGTGGCTGAACTCCACGAGTTCAACCCGATGCTCGGCCACCGCGGCTGCCGCCTCGGCATTGCCTATCCGGAAATCACGGAAATGCAGGCCCGCGCCATCTTTGAAGCCGCTGTGGAAGTCTCCCAGGAAGAAGGCTTCGCCGTGGTGCCTGAAATCATGGTTCCCCTGGTGGCTTTCAAGAAGGAGCTGGACATCCAGAAAGCCATCATTGACAAGGTGGCCAAGCAGGTATTTGAAGAAAAGGGCGCCAAGGTGGACTACCTCGTCGGCACCATGATTGAAATCCCGCGCGCCGCCGTCACGGCTGACGAAATCGCGGAAACCGCCCAGTTCTTCTCCTTCGGCACCAATGACCTGACCCAGACGGGCCTGGGCATGAGCCGCGACGACTCCGG
NZ_CP133761.1_gap68	2683801	2684616	815	TTCCATGATGGCTGAATTGAATTCGCGGGCATGTTCCGGATCCACCAGATTTTCCGCGCGGGTCCACAGGTACTTCAACCCTTCCGTGGAATCCACAGGCACGGAATAATTGTCAATGCGGGCCAGCACGCGCGCCACATTGGCGTCTACGATGGGGGCGGCCTTGTTGAAGGCGAAGGAAAGCAGGGCCCCAGACGTATACGGGCCGATGCCCGGCAGGCGTTTCAGCCCTTCCGGGTTGTCCGGGAACTCTCCGCCGAATTCGTGGACAATCTCCCTGGCGATGGCCTGGAGGGAACGCACGCGGCGGTAATACCCCAGCCCCTCCCAGGAGCGCAGGGCCGTCTGTTCGTCCACGGAGGCCAGGTGCCCGGGAGTGGGGAACTGGCGCATCCACCGTTCATACCTTCCCAGAACGGTGGGAATGGTGGTCTGCTGCAGCATCAGCTCGGAAACCAGGATGTGCCATGGGTCCGTGGTCCGGCGCCACGGGTAATCCTTCCCCTCCCGCCGGAACCACTCCACCAGCGCGTTCCGGAAAGCCCGGATGTCAAAATCGGGTTTGGTGTCAGGCATGCTTTTGTTCAAGGGCTTGGCGCATGACGGAAATGTCCGGCTTGATGCCGAACCAGCGTTCAAAGGAAAGGGCCCCCTGGTGAATCAGCATGGAGAGGCCGTTGGAGACCCTGGCTCCCTGGAAGCGGGCTTCCATCTGGAAAGCGTCGTCATGCGTCTGTAAATCATACACCAGGTGGTGGGCGGAAAGCAGGGCGGACGGCACGGGGGACGGGTCCGTAGGTTTCAGTCCCAGGGAC
NZ_CP133761.1_gap69	2695642	2696612	970	TGTCTGACTCGTCCACCATCACGGCAATCTTGATCTCCGAGGTGGAAATCATGCCGGTCTTGATGTTGGCGTCCGCCAGGGCCTTGAACGCGGTAGCTCCCACGCCGGAGTGGGAGCGCATGCCGATGCCTACCAGGGAAAGCTTGGCAAGACCCGCTTCCGTTTCCACCTTCACGGTGGAACCCAGGGCGGCCATGACCGGCTTGAGGGCAGCCTGGGCGCGGCCCAGTTCGTTGGAGGGCATGGTGAAAGACTGGCGGACGTAGCCGTCATGAGCGGTATTGGCCAGAATCATGTCCAGGTTAATTTCCGCTTCTGCCAGGGCGCCCAGTATCTGGGCCGTGTAGCCAATCTGGTCCGGAATGCCGGTAATGGTAACGCGGGCCTGGTTGCGGTCAATGGAAATGCCGCGGATGACGACGGCTTCCATGGAGGGAGTTTCTTCTTGCACGATTGTACCGGGGTTGGTGTTCATGGAGTTGCGAACTTCAAAGACGACGCCGAATTTTTTGGCGAATTCCACGGAGCGCGACTGCATCACCTTGGAACCGTTGGAGGCCATCTCCAGCATCTCGTCATATGAAAGGGTTTGTATCTTCTTGGCGTCTTTCACCACGCGGGGATCACAGGTGTACACGCCGTCCACATCTGTAAAAATCTGGCACACGTCCGCTTTCAGCGCGGCCGCGATGGCGATGGCGGAAAGGTCGGACCCCCCGCGGCCCAGCGTCTGGACCATTCCTTCTTCCGTGGCTCCCTGGAAGCCGGCGCAGATGAGGATGTTGCCTTCCAGCAGGTACTTGTTCATCAGCGTGGGGTTGATGCTGTGGATGCGGCCACGCGTATGGCTACCGAAGGTCGTGATGCCCGCCTGCGCCCCCGTGAAGGACATGGCTTTTTCCCCCAGCTCGTGCAGGGCCATGCAGAGCAGGGCGATAGACTGCTGCTCTCCGGTGGCCATCAGCACGTC
NZ_CP133761.1_gap70	2697711	2702158	4447	CAGATCAGGGAATTCTGCAGGCTCTGGATGATGGGGATGCCGCCTCCGGCGGAAGCTTCAAAATAAATGGGCGTGCCCATTTCCGCGGAAAGCTTGAAAATCTCCGCGCCGTACTCCGCCAGAAGAGCCTTGTTTCCCGTGACGACGGGTTTCCCGGCGCGGAGGGCCAGCGTCACCAGCTCGTAAGCCTGGCGCGTGCCGCCGATCAGTTCGATGACGATGTCTATTTCCGGGTCATTCACCAGGTCCTGCCAGTCGTCCGTCAGCAGCTCCTGGGGAACGGCGGTTTCCCTGGGTTTTTCCAGATTGCGCACGGCGATGCGCTTGATTCTGAAAGGAATCTTGCTCCGGGCTTCCAGAAGGGAGTGGTTGCGGCACAGCGTTTCATAAACGCCGGAACCGACCGTTCCCAGCCCGGCAAGCCCAAGTTGTATAGGTTTTTCCGTCATTCCTGCCGGGGGATTATGCAAAAAAATCCCTGTAACGCAAGAGCTTTTACCGTCTGGAAATGCCACGTGACCCTCGTCCGGAGGGCGTGGAAACGGGGGAAAGTGGAAAGGGTGGCCGTTACTCCGTTCCCCTGGCTCCTCCGGATAATCTCCGGAAGTGCCCGTTCCGTTTTCTGTTCCAAATTTTGTAAGGGGGAAATCCTTCTGTATTCTCCAGAAATAAATGGAGTGGGGGGGGGGACGCCATGTTCATTCTGCCGTTGCCTGGGAATGGAAGCTTGATTAGTTCCTCCTGAGCGCTTCAAGCTATCCTTTCTGTCCACCAGGCTTGTCTGGTTTCCTGGCTAGCGTATTTAAAACATTTTCCGCAGCACAGCGGCGGGGAATTTCTCTCTTTCTTTGTGCCGTCCGGAGTCTAAAGGGGCCGGAACCCTTATTCCCGGCGCACGGCCGTGAATGAACATGCGGGAAGGACGGCTTCCTTACGCCCGGTGGCATCCCTGGTGCGCTGCAGGTTCACGAAGGTTCCGCCAGGACAACCGCCGTGCCGCAGGCCGGCAATTCACTGGGGCCGGGGGAAATCTCACTGCTGGCGAAATCGGGCAGGGAAACGGCGCCGGAAAAAGGCAGCAAAAAACCCTCCTTGAAGAGAGGGTTGGATTGGCAGCCCCACCAGGACTCGAACCTAGAAATACTGAACCAAAATCAGGTGTGTTACCAATTACACTATGGGGCTGTCTTGCACTGGCATTCCTGCCGTTGCGGGGCGTAGTAAACCATACGGGGCGTAGTCTGGCAAGAGAAAATGTCCCGGTTCCGGCGTTTGGCGGTCAATGTTCCGGCTTGATGATGCGGGTATAGCTCAACCGTTTGAACATCAGCATGGGAATGGCTACTCCGATCACCAGGGAGAAGATGATGAAGAACGCCGTGATGCCGTTCTTGCAAATCTCTACAATCAGCCGGTTCATGGTGGCCGTGTCCTGGTTCTCCTGCATGAACTGCATCAGGGCCAGGATGGTCTTGTAGGCGTACACGCCCGGAATCATCGGCAGCAGGGAGGGGAAGGCGAAAATCTCCGCCGGGCACTTCACCAGCTTGGCCGTCATGACGCCCAGCATGCCTATGGTGAAGGCGGCGATAAAGGTAGCGCTGGAAATGTCAATGGACCAGGAATGCAGCATGTAAAACCGGAAGGCGTGGCCGATGGCCGCCAGCAGGGCGGAAACGGCAATGGCGCGCTTGGGCGGATTGGAGATGACGGCAAACCCCGTGGCGGCAATGGCGGCCATCAGGCCGTCCAGGAGGATGGAGGAAAGAAAATCCGGACTCATAAGCTGTTTACCCCCACGATGAGCATGGTTGCGGAAAGGCCGATGGTGATGCAGGAAATCATCATGATGGAATGGACGCCGCGTGAGATGCCCATCAGGATGTGGCCGTGCATCAGGTCCATGATGGAATTGATCATCTGAACGCCGGGAACCAGGAACAGGACGCTGGTGGCCAGGGCGATCTGAGGCGTGGAGCCGAGCTGGAAGATGACGGCGCACGCGGCCGCCATGGAAGCGGCGAAGGCGGAAAGGATAATGACGCCCAGCGGATTGTACTTCAACCGGGAAAGCTGCTGTTTTACCAGGAAGCCCAGCAGGGTGGCGGCGAACACGGTCAGCATGGCCCACAGGTCCCCGTTGAACAGGCGGCAGAAGGCGGCGTTGCCCACGCTGACCAGAAGCAGGTCCGTCCAGCGGGAAAACCTCTTGGTGCGCACGATGGAGCGGAACGCCTGCTCCATCTCCGCAATGCTGACGTTGTTGTCCACCGGGAGCCAGCTCAATTCGCTGAGTTGCTGGATCAGGTTCAAGTTGAACGCCAGGGGCTTCAGCTTCCGGACGGAGGTGCGGCGCAGCGTCTCGTCATCCTTGCAGATCAGGCTCATGGTGATATTGCGCTGGAAAATGGTCATATCCGCACTGTACCCGTACGCGGCGGCAATGCGGGAAATATTGCGCACGGCGCGGTTGGTGTGCACCCCTGCGCCCATAAGCGTGGTGGCGTACTCCAGCAGGAACTCTGAAAGGGCCTGTATTTGGTCGGTATGCTGCATAAAGGGGAAAGGCGGAATAAAAACGGGAAAGTCAGGAATGGGCGGCCTGTCTTCTGGCGGCGTAATCCTTCTGCTGGTCCTCCCCGGTGACGCCCACGGAAAAATAGGTGCTTTCCGGGTGGGAGAACACGAGGGCGCAGACGGAGGAAACGGGCTGCATCATCCAGGTCTCCGTCAGGTTCATGCCCGCTTCCTCCCGGGCATGAAGCAGGCCGAACACGGTTTCCTTCTCCCGGTGGTCCGGCTGGCTGGGGTAGCCGCAGGCGGGGCGCACCCCTGACTCTTCCGGAATATTCCACAAAAGGCGCAGCTTGCCATGGGCGATGGAAGCGAAAGCCTCCACCAGGCGGTCCGCCAGGGAGCTGACCAGCAGGGCGCGGTAGGAATCATTCCTGGCTTCCCATTCCTTCGCCCAGCGCCTGGACCCGTGAATGCTGACGGCCATGGCCCCCACATAATCCTTCACCCTCTCGGGAGCGATGAAATCCGCCAGCGCCAGCCTGGTCTTTCCCTGCTTGTTCAACTGCTGGCGCTGGGTCAGCAGGATGGCCTGCGGAACGTTTCTGGATTCATCCGTCCAGACGGTGATGTCGTCATGGCTGGCCGTGGAATTGGCCGGGAAAATGCCGATGACGCCGCGGGCCTGGTAGCGGTTCTCCTTTACGGCCTGTTCCAGCAGGTCGCGGGCGTCCTGGTACAGGGCCGCGGCCGCCTCCGCCTTGGAAGGATCCTTCGTCCGGAATTCCTGGGCGGCGCGGTTCCAGGAGCCGTGCAATTCCCAGGCGTGGAAAAAGGGGGTCCAGTCAATGCGCTCAATCAGCTCCTCCACGGTCACGTAATAGCGCGGATTGTCACTGCAGCAGCCGCAGCTCACGGAGCTGTGCAGACTGCCGATGGAAACCGTCCCCAGCCGTGCGGGCACGGGGGGAACGTAGCCGTCCGCCGCCCCCTTCCAGCGCAATTCACGGGCTTCCTCCAGGGGCAGGAGGTCGCGGACGGGCTTGTTTTCATGCCTGTTGCGCAACTCCTCCTGCCGGGCCTTCACGGCGGCGATGTAGGAATCCTTCTTCTCGCTCACCAGGGAGGCGGCCGCGGGCACCACCTGGGAGGCGTCTACCGTGTGCACCACGGCGCCCTTGTAATGGGGGGCGATTTTCAGGGCCGTATGCAGGGCGGACGTAGTGGCGCCACCCACCATCAGGGGAATGGTCATCCCCCGGCGTTCCATCTCCGCGGCCACGTGGGACATCTCCTCCAGGGAAGGGGTGATCAGGCCGGAAAGCATCACCAGGTCCGCCTGTTCCGCCTCCGCCCGGTCCAGAATGGTATCACAATGGACCATCACGCCCAGGTCAATCATCTCAAAACCGTTGCACCCCAGCACCACGCCCACGATATTCTTGCCGATGTCGTGCACGTCCCCCTTCACGGTGGCGATTACGGCCTTCCCCGTCTTGGAGGAGCCCTTGCTGTCCTCTTCAATATACGGGGTGAGCCACGCCACGGCCTGCTTCATCACGCGGGCGCTCTTCACCACCTGCGGCAGGAACATCTTGCCGTCCCCGAACAATTGGCCCACGGCCTTCATGCCGTCCATCAGCGGGCCTTCAATCACGCTCAGCGGGGAACCCAGCTCCTGGAACGCCTCCGCCGTATCCGCGTCCACAAACTCGGTAATGCCCTTGATAAGGGAATACTCCAAGCGTTTGGCGACGTCCTGTTCCCGCCATTCCAGCACGGGCTTCTTCTCCGTTCCGGCCTCCGTCTTCTCCGCAGCCAGCTTTTCCGCGTAATCCGTCAGTCGTTCCGTGGCGTCCGGATCCCGGTTCAGCAGCACATCTTCAATCAGCTTCAGCCTGTCCTTGGGAATATTATCGTACACCTCCAGCAT
NZ_CP133761.1_gap71	2760618	2762080	1462	TTCAAGGCGCCGGCGGAAGGTTTCCTCCGTCATGGAAAGGAGGGCGTCCGCGGAAAAGGACTCGCAGGTGAAGGAGGCCGCCACCGTGCCGTACACAATCCCCCTCTTCACTTCCTCAAAGGATGGAAGGACGGGGGGCAGGGTGGCCAGGTAGCCGGCCAGCGCCCCCAGGAACGTATCTCCCGCCCCGGTGGGGTCCACCAATGTTTTCAGGGGATAGGCGGGACAGCGGAAAATTTGCAGATTGCCTGCGGAATCCCGCCCCAGAAGCGTGGCGCCGTATTCCCCCTGTTTCACCACGGCATATGCGGCGCCCTTGGAAAGCAGGAATTCCCCGGCTTCCAGCACGGTGGACGCCTGGGCGTACTCCTTCGCCTCGTCCTCGTTCATCATGGTGATATGGGAGCGGCTGATGACGGCGTCCAGCAATTCCGGCTGGCGGCGCAGCCACTTGTCCATGGAATCGGAAAGCACCAGTGCCGCGTCCGGGCACTGTTCCATGCACTTGAGCTGCTGGGCCGGAACCATGCAGCAGCACACCAGGACGGGATGGTTACGCAAGGACTCCGGAACGTGCACGTTCCATTCCAGCATCACGGCATCATTGGCGCAGACGGTCCTGCGCTTGTTCATGTTGTCAAAATATTCCCCGGTCCAGGAAAAGGAAGGACCCTTCTTGCGTTCCACGCCGTCCATGCACAGCCCCTTGGCCGCAAGGGCTTCTTCATAATGGGAGGGGAAATCCTCTCCGATGATGCTGACGGCGTCCACCCGGTCCGCAAAAAGCAGGGCGGCCACCGCCGCAAAGGACACCGAGCCGCCCAGAACTCCCTCCGCCCGGTTGCGGGGAGTGAGGATGGTGTCTATTCCAATGGTTCCGGTGACAAGGAGGGGCTGGGACATGGAAAAAAGGAAATACGTATTCAAACGCCGGGATCAAGAATAAAAGGCTGGAGATATGGAAAAAACGGGTTATTTTACCTGTACGCGCTTAAAGGAAATGAGGCTCTTCCCTGGGAACGCACCCTAAACCGCCTGCACGGCAGGCTGATGGCTTCTGTATCACACCGGATGCAGAAGCTTTGTATTCGGTGAAGGACATCCCCATACGAACATGAACGCCTTTACACCAATTTCCTCCGCCTTCTGCCGCCTTTCCCGGCAGCATCCGGCAACGGCATCCCTGGAATCTCGCCCGGAGTCTTATTCCCGTTCAACCGGAGAAAAGCCGCTATGATGAAAATACTGCTGATGGTCGGGCTGGGAAGCTTTGCGGGCGGCGTGCTGCGCTTCCTGCTGACCCGTTTTGTCCAAATCAACTCCATGAGTTCCTTTCCATGGGGAACGACGGCGGTCAACTTGCTGGGATGCCTGGTCCTTGGCGTTCTCTACGGGCTGTTCAGCCGGGGTCTGCTGCTGCATACGGAAACGCGGCTTTTTCTTACCGTAGGCCTGTGCGGCG
NZ_CP133761.1_gap72	2763143	2764413	1270	GTCAAAGCCCTGGTAGGCCGTCAATTTGGGCGGTACGGAAAGCATCAGCTCCGGATCCACGATGGACATGGTGGGGAAGGTGCCCTTGAAGCCGAAGCCGATCTTCTCCTGCGTATCCTCCTTCGTGATGACGGTCCACGGATCCGCTTCCGTTCCAGTCCCTGCCGTGGTGGTGATGCAAACGATGGGAAGGGGCTTGTTGGGAATGGGAAGGCCCTTGCCGGAACCGCCCTGGATGTAATCCCAGTAGGTTCCCGGATTGGCAGCCATCACGGCGATGCTCTTGGCGGAATCCATGCTGCTGCCTCCGCCCAGGCCGACGACGAAATCACAACCTGTCTCCCTGGCAAGCGCGGCGGCCTCCATCACGTGCTCCACCACGGGGTTGGGCTGCACCTTGTCGAAAACGACGCTCTCCACTCCCTGGTTCTTCAACAAAGCCTGCACCCGGTCCAGATACCCGAGCCGCCTGACGGACGTGCCGCCGATGACAATCAGGGCCTTGGCGCCGGGCAGGGGAGCGGAACCAAGATTGTCCAAAGAACCCGCGCCAAAGAAAATTTGCGCGGGCATGAAAAATTGAAATGGCTGATACATGGCCCTACTGTATAAAACAGCGGCTCCGGACGTCAAGGATGCTCTGTGCATTCCATCAACTCCGGAGCCGCCGTGCAGGCAACAGCCTTTACTGAAAAGCGTTATGCGTCTTCAAAAAAATCGTCGCTCCGGGTGGGGTCCGGCTTGGGCGGCTTCGGCACATCCGTGCCGATGGCTCCGGGATCGTCCATTTCACGGCTGGTCGTGATCGTGGTGGGCGGCGTCTTCCTTCTGGGAGGCCGCACCGCGGGACGAGGGGAGGCTGAAGAGGAGGAGGAAGAACCGTCCGCCATGGTTTCATCTTCCGAGGAAGCGATCATACTCTTCATGCTCTGGACCAGCTTGTCCCGGAGGGTGCGGATACCTTGTTCCCGGCGCACCGGGTCTACCGTCGTCCGGATCAGCGTCATCATGTTCCGCGTGGCGTTCGCCTGGTCGCCCAGGTCAAAGCAATCCAGTTCGCAGCGCCAGCGCAGGCGGTCCAGGACGGAGGAATCCTGTTCGTCAAACTCGTCTTCGGACGCATTGGCAATGCGTCCCTGCATGCCGGACTTCTTGCCGGTGGAAATGGCATGGCTTACCTTGCCGAGAGCCACTTCCATGGAAATTCTCTTGCCCCATGCCTGCCGGAGGGCGGGAAGATTGCGCGTCTTGCGGTATCCCGTGAAGAAAA
NZ_CP133761.1_gap73	2765713	2767223	1510	AGTGAAATAAACGCACTGGACTTTGATTTTAAAAGATATATGCCCGCAGAAGGCACATGGATGAGAATAGCTTTATTATCCCCTGGGATGGAAGCGGTGATGAATGGCATTCAGCCGCTGCTGTTCCAGATGCGTATAAATCTGGGTGGTGGAAATATCGGCATGCCCCAGCATTTCCTGAATGATGCGGAGGTCGGCGCCGTTCTCCAGCAGATGCGTGGCGAAGGAATGCCGGAGGATATGCGGGAAGACATGCTGTTCTATTCCCGCGGCCCTGGCGCGTTCCCGGAGAATCTGGCGTACCCGTTCCCTGGTCAGCGGCCGTCCGCGCACCGTCAGGAAAATATGGCTTTTCGTCCCCGGCTTGACCAGCCTGGGCCTCCCTTTCTCCAGATACGTCCTCAACGCCTCCAAGGCGGACCTACCCACAGGCACCAGCCGCGTTTTCTCTCCCTTCCCCAGCACGCGGACAAAGGCATCATTCATATCCAAACTCTCTAATTTGCAACTGATTACCTCACTTACGCGCATGCCGCAGGCGTAAATCATCTCCAGCAGGGCCCTGTCTCTACAGCCGAGAGGAATATCCTGAACGTCAACACTTTCAAGCAGTGTTGAAACGGTTTGCTGATCCAGCACATGGGGGAGCGACAGCCCCTGCCGGGGCATTTCCAGAAAGGCGGAGGGGTCTTTTTCCAGCATCCCCATCCCGGCCAGCCAGCGGAAAAAGATGCGCAAATGCACCATTTCCACCCGCATGGAGCTGCGGGCCATGCCGCGGGCCTGCAAATGCCGGAGGAACTCCGTAAGCGTGCCGATGTCCACACGGGAAAGATCAGCGTCTTCCGTACCCAGAAACCGGGCGAATTCCTCCAGCGTCTGCCTCACGGAAAGCTGGTAGGCGGCGCTCAAGCCTTTCTCTGCGGCCAGAAAACGGATGAAGCGTTCCAGATGGGCTTTCATGGTGTTACCTCCCCTGCCCGTTAAAACCGTTCCACCAGGAACAGGAACTCTGTCACGTTCTGCGGGCGGTTCCTCAAATTCCGGCTGCCGCGGAATGTGGCGTATGGCGTTTCCAGCGTGACGATATGTCCCAGACGGCCAAGGAAATTCGTCATTTCCTCATAACTGATGAAGCCCTCCGAACTGTACGAAAGGAGAATGAACTTGGCCGGGCAGTCCTCCAGCAGCCGGAACAGGGCCGCTGGGGCATGCTGCCGGCTGTTGTACGTGGAGCGTTTCCAATCCGCGGGAATGCCGGAAACACGGCTGGTTTCCGCCGGCTTCTCATAGGAGGACAGCAGGTTCAGCATGAAATAGTTGGAACCGTACGGATGCTGATTGTAGGGAGGGTCCAGGTACACCACATCCATCTCCGGCAATTCCGCGGCCAGTTCATTGGCGTCACGGCAGTGGATGGAAAACCGGCAGTTAAACCGGGAAAACACGGGGAACGGCAGTAAAATATCCCCCAGGATGCGGGAAAGAGCGTTGCCGGCCGTTCCGCCGA
NZ_CP133761.1_gap74	2802535	2805638	3103	CCGCTCTCTCCTTCCAGCATCACGCCCGCGGACCCCAGAATGTGGCCGGCATCGTAAAACGTGGCCAGCACGTTCTGGCGGAAGCCCACGCGGAACACCTCGTTGCAGGACTTGGCATGCCAGGCGTCGCTCAGCCTGTCCAGGTCGTTATGGGTGAAAAAGGGATACTCCACAATGCCCAGGTCCAGCCTCTTGGCGCTCATCACATTCACGGAATTGTGCAGCATCACTTCAGACAGGGCGGCTGCGGCGGGCGTCATGAATACTTCCGCCGCGGGCTGCTTCTCCTGAAGCACGGGCAGCGTTCCCAGGTGGTCCAGGTGGGAATGGCTTAAAAAAACGGCTTCCACGGAATTGGGCTCCATGGAATCAAAATCCGGCATGGCCGCCATCCCCTCCCTCTTGGGGTGCATCCCGCTGTCAAGCACGATCCGGGTGCCGTCCATTTCAAGCAAATAGCAATTGGCTCCAATCTCCTCGGCCCCGCTGATATTCGTAAAACTGATCATTATATGCCGCAGGAGAGTACCCCGTGCCCTCCGCCGTGTCAATGCCGCCTTCATGTTTGCGGGAGCGGGACGGCCCCGTTCCCGGGAATGGCCGCGAATCAAGGGAAAACCGCCCTGTTTCATCTTCCACGGGATCATTCAGCCCCCGGAATCCGTTTGGCTGGCAGTTCCGCACAAACGTCCTTAGGGCAGCATCATTTCATAATCAATGTAGTCCCCGAAAAAGGCGGTATGGCTTTCGTTCCTCCTTTTCCCGCAAACCTTGAAACCTGCGCCTTCATACATCCGCCGGGCGGGAACCGAGCGGCCATTCGTGGTCACAATGATTCTTTTCGCCCCCCTTTTCACGATTCTTTGAAGCGCCTCCCGGAGCTGCATCCTGCCATACCCATGGCCCTTGCAGGAGGTGATGATGCAGTTGTGGCCTATCTCCACATATTCGGGCATCTTCCTCGGGTCCCACGACGCCAGCCCGGCGGCCTTGCCATTCAAGACGGTTATAAAACCGTATCGGTCCGCAATCTGCGGGTTATCAAAGAAAAAATCATCAAACTCCTTCCAGTCTGCACCGCAACAATCTTCCCATCTCCCGTCAAAGGAATAGGCGTCCGACAGTAATTCAAACAACGTTCCCCGCTTAAAGCCGCTTACTTTCCTGAATTCAATGTTTCCGTGGTTCATGAACAAAATAATTAGGGATTAAGGCAACTGGGAGTCCCCGCCGGAAGATTCTCCTTTTTATCCTGCAACAGGCGCAATTTGCCGCTCCACGGCTTGTTCCGGAGAATGCGAACCCTTTCACAATAGGTATCCGACTCCTTCTGCGATTGCTTCAGGACGTCCGGATTACGTTGGACATAAGCCATTCTTGCATCGAAGGGAACGCTTCCCTCCAGCAATATCCAGAAAGTATAATCTATAATTTCATAAGCCCAGCTCTTTTCCAGTGCCAGCGCCTGGTTTTCATCCGTCATCCGTTCAAGGATGCCGATGGACATTTTTATGGATTTAATAATTTGATGCTGGTAGCTTTGTAAAACTGATTCCTGCAAAAGGGAAAGAGCCTGGGGGGTGTTTTCCTTCACCAGAGAGGGAGAAGCTCCCGCATCACGCCACCGCCGGGGTTCTTCTTCCGCTCCGGAGGGGATCAGGAGGGGAATAATCCCGCAGCAGGGCGTGCCTCCTGCAGAAGAAGTGAACCCCGCAGGCTTCTTTTCCAAAGCCACGGTCATCGGTTCCGGCAATTCATGACTGTTGAGGGAAATAATATCGATTTCCCACCTGCTCCGCTTGTGCATGACTCCTGTAAAATAAACGGGAGCCAAATGGGGTGATTCATCATTGATCCAGACGGAAGAATCAACCTGCTCCCTGCCGCTATCAGGGGGAGAACTCTCGGCTTCACCTGCCAGCAAAGGCGAAAGCACTGCACCGAACAACATGTACAGAGAAAACAAAAACCACTTGTTCATCAGACGATTCCAGCACATCGCAAAAGGAAGTGCAACAAGATTCGGAGAAACGGAAGCAATTCCCCATGGAGCCCTTTCCTTTCCCTGCCGCGTTCTCTTGTCGGCACGCCATACCGTTTCTTCCTTCCGGCATCTATTTGGTGCCTGATTCTCTTTCCCCTCTGCCGGTTTGAATGTCATGAAGGGATATTCTGGAAAGAAGGTTCTCCCATATAACGTATTTGCCGTAAACGTTCCACTCTCTTTTAAACGGCAGGACACATACTCCCAGCGGCATCCGGGAATTGCTCTGGACGCAGCCGGAAGCGCATGAGATAATTTCAGAAAAGCTCCCTGATGAAAGAAAAGCCACCCATCAAAGACGATTACAGGCGGTCCCTGCTCTATGTTGCTTCCCAGACAAATAGCCGGGAGGCCATGATTGTGGCGCTCGTTATCATAGGCGGTATCATCTTCTCCTGCCTGCATTCATGCCTTTTCTCCCCGTAACGGAGCGTTCCTTTTCCATTTCCCGCAACTTCACCCTTGCAGCCCCATGAAAAACAAGCTTCCCATTCCACCCAACGGGCCCAGGCAGCAATTCCTGACCAGGGCCATCAATTATTTCCGCAGCCGGGAAGGAGAACCGCGCCTTTTCACTAAACGCAAGCTTGTTCTCCTGGTGCTGACGGCTCTTTATGCCTTTTCCCCCATTGACCTGATTCCGGATTTCATTCCCGGAGTAGGCCAGATAGACGACCTGACCGTCATCGCCTTCACATTCCTGGCCCTGTTCATGCCTCCCCTCAAGAAGGACGGTTCCCATGAAGACCCGGAACCCTGAGTTCCCGTCCCGTACAACGTTTCATGAGTGATACCCCACCATCCTCCTTCCTGCATTCCCCTGCTGTCGTCGTTCTGGTTAAAGGCGCCGTCCTGATCGGGGCCCTGGCCATGCTGTTCTGGGGCGTGCGGTCCTGCATCACCGCCCCGGTGGAAAAACCGATGGAGGTGGCGGAAAAGTTGATTGAAGCAGGCAGGGAGGTAGGCCTCACCCTGATCAACAAGGGGTTTTCCTCCGACCACGGCGGCGTGGCCCTGATCGTGCAGAAGGACGAGAAGGTAGCCAACCTGGTGACCGTG
NZ_CP133761.1_gap75	2807317	2811706	4389	CCGCAAAAACGGTCACGTTCGACCTCGCGGAAATGATTCCCGGTTCCACGGAGCTTTCCTGCTCCGCCTACGGCGACAAGCTGGTGGAAGCCCTGAGCTGACCTTTTCCCCGGCCACTTTCATCCGGCTGCCTTCCCGGTACACGGTGCGGAGGGCAGCCTTTTTTTTGCAGAGGAACCGATACCCGGGCCATCTCCATCAAACATTTCAAATACCATCCCATGAAGAAGAACATGAACAGAATGAACATCGTCTGCCTTGGAGTCAGGGACATGAAGAAGGCGCTGCAATTTTACCGTGACGGACTCGGTTTTAAAACGGATGAGACGGGCGACCATCCGGACGTCGTCTTTTTCAGCACTCCCGGCACCAAACTGGAGCTGTATCCGCTGGATTTGCTGGCAAAGGACATCAACGGAGAGAATCCTCCGCCCATCGGCGCCGGGTTCGGAGGAATTACGCTTGCCTATAATGCAAAAACGAAGGAGGAGGTAGTTGAAGTCATTGAACTGGCGCGGAACGCGGGAGCCAGGATCGTCAAGGAACCCCAGGATGTTTTCTGGGGCGGCTTCCATGGCTATTTTGCGGACCCGGACGGCTATTACTGGGAAGTTGCCTGGGGACCGAACGATGAATTTGACGACCGGGACATGCTCGTCCTGTAAGCCGGAACTATTTAAATAAAAGGGCTGCCGCACTTGGATATGGTGCGGCAGCCCCGTCATGTTTCCTGGGAAACGGCGTCAGTCCGTCACGGAAACTCTTTTCATTCAGACGCTCCCTTTTTCCGTCAGTTCGCAGGGTTCCGACGGAACGGTCCGTTCAGGCGCCGCTTCCCGGGATTTCCGGGAAGGCAAAGCGGCGGGGGAAAGTTCCGCGGAGCCTCCGGCAAGTTCTTCCACTAGGGCGGCAACCATGTCCATGGGCCGTATTGGACCAGGAGCCTACGGAAACACAGGAGTTCCCTACCTTGATATGATCCCCAGGGCGGCTCCGACGGACATGGAGCCCGCAATGGTGCCCCGGTCATCCCTGGTGGAAGATTGATAACCTATCACGACATTGTCAGTGCCATTGTCGACGCTGGCATTTGTCCCGATAACAACGTTTTTGTCCGAAGCAATGGCGGACGTATTTTCCAAATTCATGGAATGGCATTTGCCTCTGTTTCCGCCGCGTATTCAAGAAGCGTAAAGCGTGGAATTTTTCTGCAACCGCCCTCCTGCATTGCTTGAAACCGTGCAGAAAAAACATGCCGCGCGGAGAGCGGCCGGCAACCGTAATGACATGTGCCGTTACAGCTCCCGGCGGATGGCGTCCATCTGTTCCGGCGTGTAGGCCGCCTTTTCCACTCCGCCGAACTGGCGGCGAAGGAACGTGAGCAGGTTCGCCAGGTCACGGGAATTCGTCACGCCGGGCGGCAGCATGGTGGAATTCCATTCCTTCCCGTTCACCGTGATCGGCCCGGTCAGCCCCTGGAGGATGATTTTGACGATTTCCGCATCAGGCTTTTCCTTCAGCCATTCGGACCCGGCCAGGGGCGGATAGGTCACCTTGTCCCCCATGCCGTCGTTGCCGTGGCAAATGGCGCATTTGGAAAGGTACACGCCCCTTCCTTTTTCCATGACGGCGGCCGCACGGGCTCTTTTCAGGCGTTCCATGTCCACCGTGGGAGGATGGGCGGCATAGTCCGGATGAATGTGGGACAGGCCAGGAAAAGAATGAATCCGGTCGCGTTTCCGGGAGGGTTCCACTCTCCTGAGGGAAGCAAGATAGTTCAACAGCCGTTCCCCGCGCCCGGAAGGCACCAGTTCCCGGCCCTGCTCCATCCGGACAGGCAGGGCATCCAGGGAAGGGGCATTCCCCTCCACCGGGCGTTCTTCAAACATGCCGGGCATGGAGGGGCACACGGTCCAGGGCTTTTTAAACTGCGGTTCCCGCGGGTTGTAAAGATGAAGGGCCAGCCATTCCCTTACCTGCGCGGCGCGGCGCGTGCCGCCGGATACCGCGTCTTCATATTCCAGCCTGCCTGCGGCGTATTCCGCCGCATTGCTCAAATCCGGCCCTACCGCCGCCACGCCCGCCTGCGGAGCGCCCTCCCCGTTGAATTCGGCATCCATGTCTTCCGGCTCGCTGACCCGGTAAGGGAAATCCGGGTCCGTGCCGCGGTCGATTGCCGTCTGCCAGTCCTTCCCGGACATGGAACGCCGGATGATCTGGGTGTGGCACAGGGCGCACCCCTCAGCGGCATAAATCCTGGCTCCTGCCGCATCCTGGACGGGCCGCCTGACCTCCAGTGAGTCCGGCGCGGGAGCATGCAGCAGGACAGCCGCCGCCGTAGCCAGCAACAGAACAGCCGCAACGGCGGCAATGAAGAAAAGACGCTGCGGAACCGGAGTTTCCATTTCCGGGTTCCCGGCATCCGCCGGACGCCACAGGCAAAGGCTTCCCGCCAGGCACAGAGCCATGGCAACGGCATGGACGCAGGCCGCCATGCCCACCCAGCCGCTCATCAGTTCCGCGCGCCGGGCTTCCGGAAAAGCCTGAACATCCACCGCGGCAACCACGCCCACGGCATAAGCCAGAAGCACGCCGCAAACGCCGGCGCCCAACAGCCACCATGCCGCAGGAAACCGCACGGGCCCCTTCCTTCCGGCCATCATCAGCGCTCCGGCTCCCAGCAGGATCCACAATTCCGCCTCATGCCACGCGGACAGGGAAAACTGCATCAGCTCCGGCCACGCCCCGGCAAACACGTCCCACACTGCCAGCAAGGCAAGCAGGGAAACCGCGGCTTTCAGCCACGTCCCGGTCTCCGGACCGGATTTCATCCAAAGATACACCGCCATCAGCACGGCGGGAACCGCGGCGCACCACGACCAGACGGCCCCGGCTTCCGCCAGCGCCCAGGGCACGGGAAAACCCCGGAGCCCCCCCAGACCGCCTACCACCGGAGCCGCCGCCAGCACGGCGGCCATCCAGACGGCCAGTATTCCAAAACCGCGGCCTTTGGCCATGTTCAAGCGGAACGCCGCCGCTCCCAGCGCGGCAAACATCAGCCCGCAGGACAGGCTGCCTTCCAGGGAGGAGGCGTCCAGCAGGCCGTTCATGGACAAAGCCTGCGTATAACCCAGCGCCAGAAGGGCCGCCGCCGTGCATCCCGCGGAGGAACTGAACAGCAGCCGCACGGGCCACGGGAACGGCCGGAACCACGCAGCGCACGCCTTGCCGGCGGCAAGGATGGCAAACACCGGGCAAACCCACCAGTCAAAGGGCATCAGGAGCAGGCCGCTTCCGTCTCCCGTCATAATCGTGGCCATCCCCAGCACAACGCAGAGGTGCCAGAGCCATTCCGCGGGTTTCAGCCGCCTGCATCCGTTCTCCGCCATGAAAGAAAACAGGACGGGGAGGGCCCATCCGTACACCAGCGCACCGTAAAAGGAGAACATGAGGCGCCCAGCCGGCCACGGCAGCGGAACACCCGCCACCAGTCCGGAGGCATGGACCAGGGACCACACCAGCCCCAGCACGCAGGCCGCCGCCAGCCAGAACAGGGGCAGCCACTCGTCCGGACGGCGGCGGAACAGGGAAGAAACGGCGGCGGGAACATTCATCGTGATTCGGGAAATACCCTGCGGACGCTCAAGGCCCCCAGGAAGGAAAAACAGCAGACCAGGCCCATCGCCACCAGGAGCAGGACGAGGGGGAGCCACGTGCCCCACGCAGCCGGTTCCAGCCCAAAGCCGGGGCAGAACATCCAGCACGCTTCCAGCAGGGAGCCAAGCAGGATGCAGACGCAGACCGCGCCCAGCGCAGACGGGCGGCGTCTCAACGCGGGAAAGAGCAAAACGAGGAAAGGCACCAGAAGCTGGAGCGCCAGAGCCGCGGACAGGAGCCCGGACCAGGAGAAGGCGGCGTCATAAAAAGACATTTCAGCCGGAAGGGAGGCATACCATGTAATCATGTACTGGGAGTACGTGATGTATGCTTTCACCAGCACCATGGCCGTCAGCATGCCGCCCAGGCGCGGCCACGGCAATCCCTTCCCTCCGTCCAGCTTCCTCAGGCACGCCGCGGCCAGCACCGCTAATGCCAGAGACGCCAGCAGGGCATACGCAACCATGTACACGGGGAACATGGAAAGAACGGCCCTTCCCGTCCCTGCCAGCATGTCAATCCCCAGCACGCCCAGCATCATCACCGTCACAATCATGCAGAAAGCGGCGCTCCCCCGGCGGAAGGAAGGCTGCCAGACGTTTTTTTCCGCCGCCAGCGTCTCCCATACCTGGGCCATGCTCCAGGCCAGCACTACGATGATTCCCATGCGCACATACAGCCACGCCGGATTCCACCACGCGGGATCAGCCAGGTCCAGCACGCCGAAGGCCT
NZ_CP133761.1_gap76	2814935	2819075	4140	AGGCCGGAGGCCTTCGCTCCCGGGAGAAGCTCCACAAACATTCAAATAGCTGGAATTCCCTGCCACAGCATTTTAACATGGCCCCCGCATGGACATAAACACGCTGACTTCCGGAGCCCTGATCAGACACCCTTCCCGCGGCCTTCTTCTCGGGACCGGGCCCTTCCGGGAATCGGCCGCCCCCCGGATTCCGGCCCCGCCTTCTATGTCAACACGTTCCGCCTGGATGACCCGCAGCCGTGGAAAATACCGTCCGCCCTGCATCCCATTCCGGAACCGGAAAGCCCCACGCCGCCCGCTCCGGAAATCCTGTGGACGGAACCGTCCCCGGACGCGTATGCCCAGGTATTCGCGGAAATGATTGAACAAATCGCCTCCGGACATCTGGTGAAAAGCGTTCCGGCAACGCCCCAGTTTGGAGAGATGCAGCCTCCCCACGTTCCCCGTGAACTCATCCTGCGGGCCGTCAACGGTTCCCCGCTTCATTACCCCTATGCCTGGTGGACGGAGCAGGAAGGCTTCTGCGGAGCCACCCCGGAAACCCTGTTCCACCAGCAGGGACGACGCCTGACGACCATGGCCCTGGCCGGAACGGCGCGGCCGGAAGACGAGGGCGTCTTCATCAATGACGACAAGGAAATCCGCGAACATGAAATCGTGGCCGGCAGCATCCTTTCCCGCCTGTCCCCCTACGGCAGCGTCACCAGAACGGCCCGCAGCGTGCTGAACCTGGATACCCTGATCCACTTTGCCACCTACCTCACCCTGGAAGCGGACGAACTGCTGCCGCCGGACCACTGGATACGGCTGCTCCACCCCACTCCGGCCCTGGGATCCCAGCCCCGGACGGAGAAGACACTCGCCCAGTTGGACGACTGGCGTTCGCGCCTCCGCTGTCCGTCCCATTTCGGCGCTCCGTTCGGATTTCTGGAAGACGGAGACTTCTTCTGCCTGGTGGGCATCCGGTCCATGTACTGGCAGGGGCGGCGGCTCGCGCTCTGCACCGGGGGCGGGGTGGTGGCCTCCTCCACCCTGACGCATGAATGGCGGGAGCTGAAATTAAAGCGGGATACGGTCAGGCGCAGTTTCCTGCTTCCCTGACATTCCCGCCTGTTATTCCTCCGTCCAGCAGGCGGAAAGCGTCTCAAACTTGCCCTCTACCGGGATTCTCCATACCCGGCCATCCCTCGCCACGCCACGGCAGGGAACGCCGTCCATGTGCGCGCTGAGGGCAATCCCGGCAGGCAGGCCGTGCAGAACAACCTCCGCGGACTCATGGAACGCGCAGGGGTCCCCTTCGCACTTCCACGCCAGTTCCAGGGAATGGGAACCGGTGCCGCGGTAAAGGAACTCATGAACGGCGCATTCCCCGTTCCGGTACGCATAGCCGTCCCCCGCATCCTCATACAGGTGGGAGGCCACTTCCTCATCCGGCGCCCACCAGACGTCCAGTGTCAGCGGGGGCCGCGGCAGTTCGCCTGCGTGCTGCTGCACCGGCCAATGGGGAATGACCGCCCCGCCGCGCACGTACACGGGCAGGAAGGAAAGCGGGCATTTCACCCAGACATCCTTTCCGGTATCCTCCATCAGGCTGTCCGTGTGGTAGGAATACCAGACGCCTTCCGGGATGTAGAGGAAGCGGCCGCCTTCCTGCGGCTCATGGATGGGAATGACGTACAGATGGTCGCCGAAGAAATATTCCGCCCCCCGCCAGTAGGTGTCCCTGTTCCTGAAGCATTGAAGGGCCAGGGAGCGCAGCACGGGCATCCCCGTCTCCGCGTAACGGCGGAACTGCGTGTAAATGTAGGGAAGCAGGCGGTAGCGGCCCTCAATGGCGGCTTTCACGTATGCGGTGGCCTCCTGTCCGAACACCCAGGGCTCCTGGCCTCCGAATTCCCCGGAGGAATGATTGCGGAAAAGCCCGTGGAACGCGGCCATCTGCATCCAGCGGCAAAACAGCTCCGGCGTGGGATGCCCCATGAAGCCCCCCGCATCCGCCCCCGCGAAGGAGATGCCCGAGGCGGCAAGCCGCTGGCACTGGAAATTGGCCAGCTTCAAATGCTCCCAGCTGGACCGGTTGTCCCCCGTCCAGGTGGCGGCAAAGCGCTGCAATCCGGCAAAACCGGACCGGGACAGCAGGAAGGGACGCCTGTCCGGAGCGTGGCGCTTCATGCCCAGCCAGGAGGCTTCCGCCATGCACTGCCCGTAAATGTTATGGGCCTTTTCATGGGAACAGGGCATGCCGTCGTACTCATGCCGCGTATCCATCGGGAACGTGCGGTCCGGAAAGACGACAGGCTCGTTCATGTCGTTCCAGAGGCCGCGCACGCCCACCTCTTCCAGATCATGCCTGAACAGGTCCGCCCACCAGCTGCGGACGGCCGGGGCCGTGAAATCCGGAAAATTGCAGAGTCCCGGCCAGACTTCCTCCGACAAAAGATTGCCCTCCGACCGCCGGCAGAAATAATTCCGTTCCAAACCCTCCGCCCAAACAGGATTGGCGGGGTTGATCTTCACGCCGGGATTCACGATCAGGACCGTCTTCACGCCGTCCTCCTCCAGAGAGCGGACCATCCCCGCCGCATCGGGGAAATTGTGCCTGTCCCACGTAAACCCCTCCTTCTGCTCCATGTAATGGTGGTCCAGATGGACGGCGTCGCACGGGATGCCCAGGTCCCGGAACCGCTCCACCAGGTTATACACGGCCTTGTCCGGATAATAGCTCCATTTGGACTGGTGGTAGCCCAGCGCCCACAGCGGCGGCAGTTCGGGCGTGCCGGTAAGGCGCGTGTAGGCGGCTACGATGTCCAGAGGGCTGCGGTCATAAATGAAGTAATAATTCATCAGGCCGCCGAACGACCCGAAAGCCAGCACCTTTTCATCCGAGGCGCCGAAGTCGAAGTACGAGCGGCACGTATTGTCAAACAGCAGGCCGTACGCCTTCCCTTCCCGCAGGCTGAGGAAAAACGGAACGCTCTTGTAGAGAGGATCCGATTCCTCGTGAAAATCATAATGGTCCGCCCCCCACATGGAGAAATACTTGCCCCTCAGGTTCAGGGCGCAGGGCTTGTCCCCCAGCCCGAAAAAATGCTCCGTGTCCTGAAGCCTTTTCCGTATCCACACGCGGGCGTCCCCCGTCCAGTCCTTGGACTCCCGGCCAAAGCCGCCTTCATCCGCCAGCAGGGGTTCGTCCGTGACAATATCGTAAAAATCCACCTTTTGCTCCTCCGTACGGATGCGAATCCGCAGCAGGGACGTTTCAATGACATGCACTTCGGCTTCGTCATACTCCCGGACCTCCGCGCCGGGGGCGGAATACCCGGGGCTGACGGCATAGCTGGGCTCATCTTCCGGCACCGGTCCGGTGAAATACGTCACGCGGACAATTCCATCGTCCGCAAGGCACACGCTGAGAGTTATTTTAGAAACCGCATTGGTGTATTCCCATTTGACGAGACGCCCCCGGAGAGGGGGCGTTTTTCGTCTTTCAGGGATGTTGGGAGAGGTGCACATTGAAGCCAAACAGAAGAGAGAATCAAAAGCGTTCGATTCAGATTAAATTAATTTCATGACGAACGCAAGATTGAACTAAACCACCATTTTTCTTTTCATTATTAGGACAAAATTACTCATATTACTCTAGACCGAACATGAAAAATCTGGTTTTATTGCGTTGGTGCACAACACGGCATGAGGCCGCTTCCTTCCCGACACCGACAACCCACATCAACCAATGAGCACAATCCGAGTTCTTACATTAGGATGGGAATTCCCACCCCTGGTTAACGGGGGGCTGGGCATTGCCTGCCTGGGCCTTTCCAAGGCGCTGGCAAAAAAAGTGGATTTAAGAGTGATCGTCCCCAAGGCCGATCCTTCCGTTCTTTTTGACGGGTTCCAGCTCACTGGTCTCAACAACGTCTCCTATCGGGAAGTGGAGCAAGTGGACCGGAAGTATTCCTATGACAGCTTCGCCCTGGTGGAGCACGCCCCCATTGAACTGGACCCCTACACCACCGTGGAGGGGGAATCCGGCGTGGTGCAGTTCACCAAGGAAGGCCGCATCACCTTCTCCAAGACGCATGAAGCGGACCTCCAGCTATTCAAAAACAAGGAGGACCTCTATGCCGGGGACCTGGCCCT
NZ_CP133761.1_gap77	2842738	2845944	3206	GCCAGGGCCAACAAGCACCAGCCCCTGCCCGGTGACGTACCCTCCCCCATCAATCCGCCGCTCGGCTCCGCCTTCGGCCACCGCATCCAGCACCCCTCCTATCCGGAAACAGTGGGTGCGGACCTCACCCCCGTGGAAATAGAGCCGGGCCACTGGGTAGCCCCGGACCCCTGCTCCCTGGAGCCGGAGGACTGGAACAAGGTGCGCCAGCGGTAAAAGCGCGGAAAAACGTCGCATCCGTTACCTATTGGAAAAGGCGCTCCCAGAAGTAAAACCTCCAATTTCAAGAAAATTCCGGCTGCTAAGAGGTATGGCGGAAATGCTGATTAACCATGAATTTACGGTTCCGGCAGCCTGGGGATGACGGCCTCCCCGCCCTTCATAACTAAAAATCCATCCAGAGCGCAGCCAAGGAAATTTTCTCCGGCCGGCGGACAGCATACCCCAACAAAAAGCCTCTGTTCCGCTTAGGAAAAACACCCATGAGGGGAACAACTCCCTCACTCCCGGAAGAGTCACCGCCTTTAAAGGCGATAGCGGAAACACCGGTTCACCGCAGCTTTGCGGCTTCGGTGCCTGCCATCCCGTCAAAAAAACAAACGAGCGCGAAACAGCCCGCGTCCCCTTACACGTAAATCCGCGGCACGCGGGCACTGATGCTGGTCAGCACGTTGCTGGGGATGGTACTGGCGCGGCGCGTCAGCTCCTCCCAGCTTACATTAGGGCCCATGATCTCTACCAGGTCCCCGGTCTCCACCTGGTCCATGTAGGTGACGTCCACCATAATCTGGTCCATCGTCACACGGCCCAGAACCGGGCAGTACTGTCCGTTGATATACACGCGCGCTCCCTGGTTGGAAAGATACTGGAGGTAGCCGTCCGCATAGCCGATGCCGATGGTAGCCACCTTCGTGCTCCCCTTCGTCATATAGCAGTGGTTGTAGGAAACCCCGTGGTTGCCCGGCAGCGTGCGTATCAGGGTAATGCGGCTGTACAGGGTCATCGTGGGCCGCAGCTCCTTGTTGTACGGGGACGGCATGGGGGAATACCCGTACAGGATTCTGCCCAGCCTCACCATGTTGGCGCAGGGAACCTTGTAATTGAACACGGCCGCGCTGCTGCACAGGTGCCGGAACTTGTACTGGTGCCCCAGGGAAAGTTCGTTCACGGCCTCCGCAAAGCCGCTGATCTGCCCGTGCGTGAAGGAAATATCGTCGGAAGCCGCGGACAGGTGGGAAAACACGCCCTCCAGATCCAGATGGCTGAACTGCTTGAGCTTTTCCGTCAGGCCGTGCAATTCACTGGGAAGAAAGCCGCTGCGGCCCATCCCGGTATCCACGCCCAGATGGACATGGACGGGCTTGTTGTAAAGGGCGCCCAGGGAATTGAAATGTTCCGCCTCCTCCACGCTGGAAAGGGCGGCTCGCCAGCCGTTCTGCACAATCTCCTCCCGTTCTCCGGCAAAACAGGGACCGAGAATGAACGGGCATGTCTTCACCCCAGCATCCCTCACCCGGCCAGCCTCCGCCACCGTGGCAACGCCGAAAAAAGCGCAGTCTTCACCATCCAGAGCCTTCACTACCCCTTCCAGTCCGTGCCCGTAGGCCTCCGCCTTCACAATGGCCATCAGGCCGTGGTCCGGCATCACGCGGCGGACGACGTTCAAATTGTGCCTCAACGCATTGGTATCAACCTGGGCCCATGCTCTGGGAGGGCTTGTGCAACTCATGCCCGGAGTGTAGGAAGACGGTTGATGCTGTACAAGCCGGAATTGAGCCACCTTCCCACTTTCCGGAACGGAATCCGGACAAAGCCGCACATCAGTCAGGAGGAATGAATCCGGGAATCTTGACGGAAGGAAAGTATTCCCTCTTTTTCACCTGCCTTCAAAAAACTCCTTGCCAATCCCCTGCATGAACGATATATTCCCACCCGCACTGCAAATGCGCGGTTAGCTCAGTGGTAGAGCACATGCTTCACACGCATGGGGTCACTGGTTCGAAACCAGTACCGCGTACCATCTTCATAAACGCCTCGGAATCAAGCATTTCGGGGCGTTTTTCTTTCTCGAAATTGCTCAACTAGCACCATACTAGCACCTTGTTTTTTCTGATTCACACCTGTTTGAAGTTGTCCAAGATGATTCTGAAAATTGGCGGGAGTTTCCTTCATGATCAGCTCCATGGTCTGATCTTGACGTGCTCCGCCATCCTCCCTAAACTTCCTCTTCGTAAACCACAACTGCAATGGCTGAAAAGAATAACGCCAACATTGGCTTTGAAAAACAAATATGGAACGCCGCCTGCGAACTGTGGGGGCACATCCCCGCCGCAGACTATCGTAAAGTCATCGTCGGCCTGATTTTCCTGCGCTACATCTCCTGCGCCTTTGAACGGAAATTCCAGGCGCTCCTGGCGGAAGGGGAAGGCTTTGAAAACGACCGTGACGAATATCTAGCGGAAAACATCTTCTTTGTCCCGGAAAAAGCGCGCTGGTCCGCCGTGGCCGCGGCAGCGCACACGGAAGAAATCGGCAAGGTCATTGATGAAGCCATGCTTGCCATCGAAACCGAAAACAGGAGCCTGAAAAATGTCCTTCCCAAAAACTACGCCAGCCCGGATATGGACAAACGGGTGCTGGGCAACGTCGTGGACATCTTCACCAATATGGACATGGGGGATGCTGAGGTGGGGAAAGACCTGCTAGGCAGGACCTATGAATACTGCATCGCTCAGTTCGCCGCCTATGAAGGCGTGAAAGGCGGCGAATTCTATACCCCCGCTAGCATCGTCAAAACCATCGTCGCCATCTTGAAACCCTTTGACAACTGCCGGATTTACGACCCGTGCTGCGGCTCCGGAGGCATGTTCGTGCAGAGCGTCAAATTCCTTCAGGCGCACAGCGGGCGGAAAGACGGCATCGCTGTTTACGGGCAGGAAAGCAATGCGGATACCTGGAAAATGGCAAAAATCAACATGGCCATCCGGGGGATTGAAGCCGACTTCGGCCCCCACCAGGCGGACACCTTCTTCAAAGACCTGCATCCTTCCCTTAAGGCGGACTTCATCATGGCCAACCCTCCCTTCAACCTCTCCAACTGGGGACAATCCCAGCTGCGGAATGATGTCCGCTGGAAATACGGCATCCCCCCCGCGGGCAACGCCAACTACGCCTGGATCCAGCACATGATCCACCACCTTGCCCCG
NZ_CP133761.1_gap78	2862784	2866541	3757	GCGTTCGGATAACGGTCATACACCGCCTTGAACGCTTCTTCCCTGCCCAGGTTTTCCCGGATGGCTACAAATTCCATTTCCGGCGTAATGACGCCCTGGCGGGCGTAATGCCGCTGAGTCACAGGCGTGCCCCCCGCAGCCCGGAGGCAGCGGCCCTGGTCCGTTTCCGCCTCCTCCACATCACCGCGGGCCCGGATCCACGCGGCGCGCAGGGCGGGAAGCCCCTGCTCCGCGGTTCCCTCATAAGCCGCATCCCCCCACGGTCCGGAACAATCGTACACGCGCACGGGGTCATTGGAGTGGGCGGTGCCATCTGGCAGCAGGGTATCGCTCAGGAGGATTTCCCTCAAGGGAACCTGCACGTCCGGATGCAGACGGCCCGGAATATAAATGCGTCGGGAGCCGGGATAGGTCAAATTGGCGGTGTCGTTCATGGAATGGATGCTGTTCTGTGCCGGCAGGGGAACAGCGGAAACGAGACCTTCCCGAGAAACGGGGCATGCCCGTTCAATCGAACTCCCTGCGGCGGAATTATCCGCATCAGGTTTGAAGGGTTCTGCGGGAACAGCATGCCGTTCCCGCAATCTCAGCCTTTGTTTGGGCACCCCTGCCGAACTTGGGAAAAAGATAGCACGGGCTCCCGTCCCATCCAAGCGTTTTCCGGTCCGGGTGCCAAACCCACGGCGCAGGAGCGTCGCATGCCAATGCGGCAACTTGCTATCATGCGTCCGCAGGGTGCGCGATACTCCCCTCTCCCCCCGTTATGGAGCTGTTCCCTCCGCGCCGTGGGGAGCCATGCTCTTCTTGCTCCCCCATTTCAGCAGAAAGACGGAATTGACGATCACGACGACGGAGCCTGCATTATGGACCAATGCGCCCGCCACGGGATTCAATATTCCGCCCACCGCCAGCATGATGGCGATGAAGTTCAGGGCCATGGAAAACGTCAGATTGCACTTGATCGTTCGCATCATGCGTCTTGCCAGGCGCAGCAGATGGGGGAGTTCCCGTATATCGTCGCTTACCAGGACAATGTCCGCGGCGTCCACGGCAATGTCACTGCCTATGCCTCCCATCGCAATTCCGGCATGGGAGGTTTTCAGGGCCGGGGCGTCATTGATTCCGTCCCCGATCATGCACACCCGGTTCCGTTCCTTCTGGAATGCGTCAATCCAGTTGAACTTGTCCTCCGGCAGGCAGTCCGCGTAAACCCGCTCAATGCCTAGCTGCCCGGCTACATGGGCCGCGGCATTCCCATGGTCTCCGGTCAGCAGCACGGGAACCACCCCGGTTTCCGCCACTTCCCGGATGGTGGAGACGGCGTCCTCCCGCAGGGTGTCCGACAGGGCGATGAAGCCTGCGGCCTTACGGTCCATGCCGAGGAAAATCACGGTGCATCCCTCCCTTTGGTACTGTTCCGCCGCCCTTCTGACTTCGCCGGGCACCTCCAGCCCGTTTTCCCGGAACAATTCCAGGTTCCCGGCCATCAGTTCCCTCCCGTCCAGGACGGCCTGGACGCCTCTCCCCGGAATCATGCGGAACTGTTCCGGCTGGGGAAGCTCCCGCGTTTCTCCCTTCCGGTAACAGCGGACGACCGCCTTGCCCAGAGGGTGCTCCGACTGCAGTTCCGCGCAGGCGGCATACCTGTAAAGCACCTGTTCGGGAGGTCCGGCAGAAAACTGCGTACCGCCGCCACGCGGGGCGTCCCGTGGGTAAGCGTTCCCGTCTTGTCAAAGGTGAGGTGGGATACGGAGGCCAGGCGTTCCAGGGCATCCCCCTCCCGCACCAGGAATCCATGCCTGGTGGCGTTTCCGATGGCCGCCATGATTGCCGTGGGGGTAGCCAGCACAAGCGCGCAGGGGCAGAATACCACCAGGATGGTGACGGAGCGGATCAGTTCGCCCGTGACCAGCCAGGCCAGCCCTGCGGAAGCCAGGGCAATGACGACGATCCAGGTGGCCCAGCGGTCCGCCACGCTCACGATTCCGGCCTTTCCCGCATCCGCGGATTGGACGAGACGGACCATGCGCTGAATGGAACTGTCCTCCCCGGCCCTGGACGCCTTCATGTCAAAGGCTCCGAACTGGTTGACCGTTCCGCTGGAAACCTCGTCCCCGGCTTCCTTGTCCACCGGAAGGGGTTCACCCGTCATTACGGCCTGGTTGATGGAAGTGTGGCCGGAAAGAATCACTCCGTCCGCCGGAACCGTCTCTCCGGGCAGCACGCGGAGGACGTCCCCCGCACATACCTGTTCCGCCGGAATGACCTCCTCCCGGAAGCCGTCCACTTTCCGGGCGGTAGCCGGGGTCAGATGAACCAGCTTTTCAATTCCCGCCCGGGCTTTGGCCACGGTCAGGTTCTCAAGCAGCGCGCCGAGCTGCATGATGAACGCAATTTCCGCCGCGGCAAAGTCCTCCCCGATGATGACGGAAGCGACCAGCGCGATGGAAACGAGCACATCCGCCTTGATGTCCCAGGCCGCCGCCAGTCCAAGCACGGCTTCCAGCACGATGGGAACGCCGCACAGCACAATGGCTATCCACGCGACGCCAAAGGGAAGCGGTTCAATATCAAGCATGCTCAACAGCAGCGCGAATCCGGAAACGGACAGCAGCGCGACGTCGCGCCTTGTCCCTCCCCATTCCAGCAGTTTTTCCAATCGGTCCAGCATATGATTCTCCTTTCCATACCCATGCAGGTACGGGTTTTATATACCTATAGGGGTATAGGTTTGTCAAGATGAGACGAAAAAATCCCCGGAAATGGCGGTTGAAAAAAGGCTCTTGCCCCCTCCTGCTAAATCATGTTGGCAAACCGTTCGACCGCCTTGGTAAAGCGTGCGATGGTCTGCTCCGGGTCTCCGTGCTCCAGTCCGTCCCGGACGCAATGGCTGATATGCCCCTCCAGCACGACCTGGCCCACCTTGTGCAATGCGGACTTGGCGGCATTGAGCTGGGCAAGCACATCTTCACAGGGAACGTCCTCGTCAACCATCCTGTCGATCGCCTGCACCTGTCCGATGATTTTCTTGAGGCGGCGATGCAAATTTTCAGAATTCATGCATTGTTTCATTGCGGCGTTTCCTTATACTGTTAGGGGTATCTGTATCATCAAGTTATCAGGCAGACAGGAAATGCTGTCAAGAACAGAGTCCTCCCGCAGGCGCGTACCATCCGGAAGGGCCTACTGTGTCCGGCCTCCCTTCTTTCCTCCTTATTCCAGGCGCAACAATCCCTTCCCGCCCCCGCATGAAGACCGGAAGAACGAAGTTCCGGCCTTCCCCCGTCAAACGGGTCCGGTTTCCATGGCGGGAGCCGTATACAGGCGTTCCCGGGCATGATGACCGCCCGTCGCCATTGTCAGCAGTTCCCACCCGCATTTTTCATAAAACCCCGCCAGGTCCGTCACCAGATAGAGACGGGGATATCCGAGCGCGGCCAAATCCTTCCGCACAAAGTCCAGGATGGACGCGGCCACGCCCCTGCCGCGATGCCTTTTTTCCACAAATAGCGCGCATAAGTTGGGGGCTAAATCCTTCCGGTCATGGAAATCGTTTTCAATCACTCCGGCACCCGCAATGATTGCCCCCTGTCCGTTCATGACCACGTACCATTGCGGAATGCCCGTTTTCCGTTCCATGCATTCCTTCATGCTTTCCTCATAGGCCTCTACGGGAACGTCCCACTTGGAGCCGAACCAGACGGAAGCTGTGGAAAGGAATTCAGGATGATTCCTTAAACAGACCAATTTACCGGCG
NZ_CP133761.1_gap79	2868276	2872102	3826	TGGAATAAACGATGGTGGACCACGGCACGCCCTTGCCGTCCCAGTACTGGGCGGCAAAGACCAGCGTGCCGTCCTTCATGCAGATGCCGTTGCCGGGCCGTTGAACAGAATGCGCCAGTCCTTGTCCTTGGTCTGTTCCGTAATGTTGATGGGCTTGGACCAGGTAAGGCCGTCGTCATCGCTGTACGCCAGCACCAGCTGCCCGCAGGCTTCCGGGGAATTGTCCCCGGACTTGCTGCCCCAGATGGAATGCTTGTGGCTCCAGATGGCGGCCACCCAGATGCGGCCCGTCTTTTCATCCACCAGAATGGCGGGGTCCCCCACGCCCTTGGTAGCCCCCAGGGAGGGGTCAATCTTGGAATCGTCCATGGCGATCTTGACGTCGGACCAGGTGCGGCCCCCGTCCGTGGAGCGGCTCACGCCCACGTCAATGTTGGCCGGAAGGTCGCCGGAATGGTTGTAACGGATGTCGTAAACGGCCAGGAGAGTCCCTTTCCTGGACCTGTCCAGGCCGGGAATGCGGTAGAACTTGGAGTTGAAATCCCCGTGCTTCACTACGGCCACGCCGATGCGCTGCGCCACCGGGGCGGCATTGGCCACCTTCATCAGCTTGTTCCCCGCCACAACGCTGGCCGGGCGCACCACCACCCTGCCGTCCAGGGAGGCGCCCTTCTTCATCGTCACGCATGCCCACAGGTAATTGTCGCCGGGGTCCAGCTCCAGCTTCCCCTTCACGGAAACCTGGGGCCTGGAGGAGCCGGAAAGCTTCACCGTACCCAGTACCTGGGAGGCATCCTTCGGAAACGGGTCTTCCCCGTGCTGAATGGGCGGAGCCTCTTCTCCCCGCACCACCGTCACGGATTCAATGTCGGAAAGCTTCGTCGTGCCCGTAAAATCCAGATTGACGGCCGTCAGGAACTGAGGATTAAGACAGCCGTCCGTTTGAACCTTCAGGGAAAGAACGGGACTGCACGGGATGCGCACCATCACCGGATAGGCGGAAGAAGCCATCTCCACCTGCGGATTCACCTTCATGGGGATGCAGGGCACGATGAACAGGTCGTCCAGCTTCAACCCCTTGTTCTCCGGCGACGTCAGCTTGAACACCAGGGAGCGCGTTCCGGCGGGAACGCCGGCCTCTATCCTGGTATTGAAGCCGCCCGTCCTGATGTCCTTGCCGTCATAAATCTTCTTTTCCCCCTTGGGCCCTACGGCCACAATGGAAAATTCAAAGGGGGCCTGTCCGGTCCAGCGCTCCGCCCAGGCGGACAGCCGTACTTCCCTGGAAGGAGTATCCTTCAAGTCCAGCTTCAGTTCGGTATCCTGCCCGCCGAACATCCGCAGGGAAGATTTCCCGGATTTTCCCCCTCCCCCGATTTCCGCCACGCCGTCCCGGCAGGACATGGGGCCGTACTTGGTGGAAAGCGTGGTAAACTTGCCGTGTTTGGCCTGCTCAAAGCTTTCCGTACCCAAGGCAGCGGGAACAGACATGCCCAGGGCACACAGCAGGGCAAGCCCCGTTAATGTATTCAAAGGTAAACGCATCGTATTTATGGTGTGTTTCGCAGGACAATACGCAGCGAACCGGAACAATCTTGCCCGGAGCTGCGTCATTGCCAGCCTGTTTCCTAACACACGCTTTTCCGCCGCGTCCAGCCTTGCCTGGGAGGCCTGTAGAAAGACCAGTCCTCAACCCTCCGTTTTTCCACTGGAAGGAGCCGCCGGCTCCATGGAAATCACGGGACGTTCTGGAAAGGAGCTGGAATCCCGGTGCATGTAGTAATGGGACCAGTGAAGGACAACCTTGTCCCCCGGCTTCAGGGCGGCTACCTTTTTCAGGATGTCCGCCCCCTGCAGGATGGGCTTGTGCGCCGGATTAACGTCGATCATCAGCTGCTCCTGCTTTTCATCCCCGTACTTGCCGGGTTTCCGGTAATCCAGATACTTGATAATCCGGAAGGCGGCGAAATCCTTGGCGTGGTCGCACTTGTCCGGACAGAGGGAGGTAAGGAACCTGCACTTGCGGTGAATAATACCCGTAAACTCCGCCTCCGCCACATGGTCTGACAGCAGTTCTCCGGACGGCAGCGTCACGCCGCTTTTTTCATCCGTCTTTTCCGGATTGGCGACGGGGGAATCTTCCGCCTGAACGCCCCAAAAACCGGCCAGCCCAAGACAAACGGCAAGAATGCACTTCTTCATCAGCCCATCCTTAGCCGCCTCGGAAACAGGAGTCAAGAAGAAGCCGGGTCTCCCGTGAACGCTGACAGGATATCCCAACCCAAACATACCGCTTTGTTTTATTTGTCAACATGTTGGATGATTTCTGGACTCTTTTCCGTTTCCAGATTGACGCACCGCCGTCCTTGTGAGAGATTGACAAAAGCAATATGGACAAAAACCGTACCTCTACCGTGCCGATCGTTCCCAAACAGTACCGGCTGCCGTTCTTCATGCTGGTCTCCTGTTTTGCGCTGTGGGGGCTGCTGAACAACATGACGGACAACCTGGTCCCGGCATTCAGCAAGATCTTCATGATTAACGCTTCGGAATCCGCAGGGGTGCAAATCTCCTTTTACGGGGCGTATGCGGTGCTTGCCATCTTCGCCTCCATCCTGCTGGAGGAATTCTCCTACAAGGCTGGGGTGCTCATCGGGCTGGGGTTCTACATGATCGGCGCGCTGTGCTACATACCCGCCGCCATCGGGCAAAGTTTTGACATTTACCTGGTAGCCATCTTCGTGCTGGCGGGCGGCCTCTCCATCCTGGAAACCACCTGCAACCCGTTCGTCCTCTCCATGGGGTCCCAGGAGACGAGCGTACGCCGCCTGAACTTCGCCCAGGCCTTCAACCCAATCGGCTCCCTGACGGGCATCTTCCTGGCCAAATACTTCATCCTGGCGCATTTGAATGATGCGGACATGGACACCCGCAAGGCCATGGACCCGGAACAACTGAACGCCATCGTCAGCGACGAGCTCTTCTGGGTGTGCGTTCCCTATGTGGGCCTGGTCGCCATCGCCGCCGTCATCTGGTTCTTCTTCTGCCGCTACAAGTCCGACGATGAAAGCGTGCCCACCCGGGAAAACACGCAGCCCCTTTCCTCCAAGCTCGGCCGCCTGGGCCTGTGCGTCGCCTTCATCCTCATTCCCTTCCTGTTCCAGTACTACTCCACCTTTGAATTCAGCATGGTGCAGCAGATCCTGATCATGATGATCGGGCCCATCGCCTTCCTGCTCATCATGCCGGACTACCGCTGCCAGCTCATGAAGCTGGTGAAGCTGCCGCGCTACTTCTGCGGCGTGGTGGCCCAGTTCTTCTACGTGGGCGTGCAGATCGCCGTCTGGACGTGGACCATCAAGTACATCATGTCCGTCTTCCCCGGCATGCAGGAAGCGGCGGCCTCCAACTACTACATCTTCTCCATCGTTCTGTTCATCGCCTGCCGCGCCATCACCACGGCGCTGATGAAAAAATTCAACCCGGCCAACATGATGTCCCTCTTTGCCATCGCGGGCATCCTCTGCTGCCTGGGCACCATGTACCTGCCCAAGGAAATCTCCGTCTGGACGCTGGTGGGCATCTCCGGCTGCATGTCCCTGATGTTCCCCACCATTTACGGCATCGCCCTGCGCGGCCTGGGTTCCGAAGTGAAACTGGGCGCCGCGGGCCTCATCATGGCCATTCTGGGGGGCGCGGTCATCACCCCGTACATGGGCTCCTTCATTGACAACACCACGGTGAAAAACCAGGTGGCCTACTTTGAATCCATTGACCGCCCCCTGATCGCGCAGGCGGAAGCAGCGGACTCCCGCAAATCCGTCTC
NZ_CP133761.1_gap80	2873518	2874288	770	TCCAGGGCCAGCGCCACTGGACGGACTTCTACCCGAACGGAGACATTGCGGAAACCCTGCTCAACTCCACCTTTGACTGGAACGGCCCGCGCGCGCCGATGCCCTTCGCCACGGAAAACGACTCCCTGAACGGAGCCTGCCTCCTCTTCGGCTACCTGCTCACCGGACAGGCCAACGTCTTTGCGGACGTGCGCACCTACTGGAGCCCGGAAGCCGTGAAGCGCGTCACGGGCTACAAGCTGGAAGGCCATGCCAAGGACGGCATCATCCACCTCATCAACTCCGGCTCCGCGGCCCTGGACGGCTGCATGGCCTGCACGGACAAGGACGGCAAGCCCGTCATGAAAAAGCACTGGGACGTTACCCCGGACGACGCGAAAACCATGATGGAACAAGCCGTCTGGTGCCCGGCCAACCGGGAATACTTCCGCGGCGGCGGCTACTCCGTCCACTACGTCACCAAGGGCGGCGCGCCCGTCACCATGATGCGCCTGAACATCGTCAAGGGCCTCGGCCCCGTCCTCATCGTGGCGGAAGGCTGGTCCGTGGACCTGCCCGCCAAGGTGCACAAGACCCTGGACGAACGCACCGATCCGGGCTGGCCGACCACCTGGTTCGCCCCGCGCCTGACCGGCAAGGGAGCCTTCACGGACGTCTACAGCGTCATGGCCAACATGGGCGCCAACCACGGAGCCTTCACCTACGGCCACATCGGCGCAGACATCCTGACGCTCGCTTCCATGCTGCGCATCCCCGTATACGCCCACAAC
NZ_CP133761.1_gap81	2978783	2981574	2791	GCTGGAGTACCTTACGGGCAAGCGTGTGGCGTGGGGGCAAAAGATACGCCGCCGCGATGAGGAGACGGGCAAGATGATCCATCTTAACCAGCGGGATATGCGCAGCATCCTGGCCCTGTGGGGAGCTACCGTCGGGTACTCGCCCAAGGGGACGACGCTCGTCGTCGAAAACGGAACGGCGGCTATCAGCAAGGAACTGGAAGACCTGCTCTACCATGCCAGCGGCGGCCTGATCAAGGTGGACCGTTCCGGCATCGGAGGCGTGCGCCAGACTCTCAAGCAGGGCCACGGTGGCCGGGGCGTGGGCAACCCGCGCCACAAGGCGGCGCTGGAAAGCTACCACAACCTGCAGCACAACCGCATCAGCCATCTGCCGGGAGCCACCGGCCACGACCGCACGCCCCCGGAAACCCTGCACGGGCTGGTACGCGCCGAGGAGCAGCTCATCAAGGCGATGGACAAGCTGCCCGCGGACAAAGCCGGTCAACTCAAGCACTACATGCTGACCATGGACGAGCTGAGCCGCGAGTTGACCAAGATAGTCAGCGACATCAACACGCGCACCGACCACAGACTGGAGGGCTGGGAGCGATGCGGGTTCATGGTCGAGGAGCTGCGCCTCTCGGCCTCCGCCTCCTGGACACCATCCTCCGAGGTGGAGCCGTCCATGGCCGCCCAGATCATCCGCACCGCCTGCGAAACCGGGGCCGACCTGGTGCGCCGGCGCCGGATGAGCCCCTCCGAGGCATGGGCCTGCGAGGAGGCCAAACCGGGCAACAGGCTCATCAAGCTGCCCCCCTGGTGCATCTGCCAGATCCTGGGCACGGACATGGCCCGCCCCATCAAGGTGGCCAGCGCCTACATCCGGATGCGCGACAAAACCATCCGTGACGAAGACCTGATTTACGAGGCCCGCGTGGCGACTCCTGACGGAGCCGTCCGGGTTCTGGCCCACGGCACGTACCAGGGCTACGTTAACCCCTACGATGACAATCAGCTCTTTGTGTGCGGGCAGGACGGGCGCGTCATCGGTACGGCCTCCCTCGTGCAGAGGGTCTGCACGGCGGATACGCACGCCGTGGAGCAGGCCATGGGCAAGGCGGCCGGATATCGGGAGCAGCAGCTGGAATATGCCCGCATCATCGGAGCCAATACCGAGGCGGACATCGTCCGCAAGCGCGAGCACAACAGGCGCCTGATGGAGGGCAAGCCGGTGACGGCCGCCGAGTATGCCCAGGCATACTCCCTCACCCCCACTCCCGCCGATAAGCGGACCGTGACCAGGGCAGCCACGGCGGCGGCCGAGTCCATGCCGGACATCAGCCTCATCCCCGCCAGCGGCAGCAATGACGACGAGCTGCCCCACGACCTGCCCGATGTAAGATTTTTATAACATAACAGACACAATAATAACAATATGGACGATATTACAAAAATCAACAACAATGCCAACCTGAGCAGGTATCTGGACCGCATTCAGGATACGCCGTACAAACCGGCTCACAAGAAGATGCTCACCGACCTGATCAACTACGCAGTAGACCATGACTGGACGCTGCGCACGCTGGCCGACAAGCTGCCGGTGAGCACGACGGTCATGCACCGCCTGCTGATTGGCGCTTACCAGGCCCCGACCGGCCCTCACCTTTCCAAGCTTGATGACCTGTGCGGCCTGCTGGCCCTGCGCCAGCAATCAGCGTCTGACGGGCCGTTTATCGAGACGGCTCTGGCGCGCTACGTGATGCAGATTGCCGAGCTGACCCACGTCAATCAATACGCCTCCATGCTGGTGGGCAAAACGCAGTGGGGCAAGACCTGGGCGCTCAAGGAGTACGCCCGCCGCCATCCCGGTACGGTTATCCTGGTGCGCTGCCCGGTGGTCACCAGTCCAGGACGGCTGCTCTACCGCATTGCCGCCCAATTAGGCCTGTCGGTCAAAGGCAACACCGAGTTCCAGATTGCCAAGATTGTCAACCGCCTGACTCCGGAGCACCTGCTCATTGTCGACGAGATCCACCACGCGCTGGACAGCGACAAGACCGGACGCAAGGGCATTGAACAGCTGCGGGAGATTTACGACGAGACCCAGTGCGGCATGCTCCTGGTGGGTACGCCCGTCCTGGCCGAGTACGTCGAAAAAAATGACAAGTGGAAAGGCATCCTGGAGCAAACCTCCAAGCGAGGGGCGGCCAATATCTACCGCCTCCCGGACCATATCGAGACCCGCGACCTGGAAACCCTGTGGACTTATTACGGCTATCCGTCCCCCAGCCGGGCCATGCTGGCCACCCTCAAGCAGCAGGCCAATTTGTACGGATTCGGCAAGACCACCAAGCGCCTGCGCAAAGGGGTGGAGGCCGCCAACAATGCCGGGGTGGACCTTACCTGGGACTACTACCTGGCCGCCGTCAAGAAGCTCGAAGAAATGGAAGCCGGCAAGATGCCGGAATACGTATAACCCCTCAAAAAAATCATGCGCAAGAAGACCATCAAGTACAGCATCGTTGACCTGGGAGGCACCCGATATGTGGTCCTCCGCCTGGCTGACCTCGACGCCCTCATCACCACGCATCACAGCCTTTCCCTGGAACTTATCTCGGTATTGAGCGAGGCGCAGTGGGAACGGCACCGGCAGCTGCTTTACATTACCCAGCATATCCATGTTGATCGGGTCAGCCATTGCAAGGTGGCCCTCCTGACCAAGACGGACTATGACTGCCTCAATATGGCCATATCCCATCTGCACGACCTGCTGGGCAATATCCGCCTGGCCAACATCACCGTCGGCCCC
NZ_CP133761.1_gap82	3047683	3048890	1207	GCAGACGGATGCCCTCTGCCATGTCTATTACGCGTCGGACGCCAACCACGTGCAATACCTGGTCCGTGAATTCTGTCCGCAGGGCCTTGCCGTGCGCGATCCGGAAAGCGGAAAACTGCGTTATCCGGAAACTACGGACATCGAACAGGAAGTCCTTCCGCTGAAAAACGATTTTGAAGCCCAGTTCCGCACCGGCTCCCTGGGGGAAATTCCCGCCCTGGGCACCATGTACCTGGTTTATGCCCTGCCCGGCGTTCATCCCGCCGCGGAGCAGTCCCCGCTTCCGGCTACTCCCGTGGAGCCCCTCCAGCGCGACCAGAGAACCCTGGCCACTCCCGCAGCAGGAGCGCCCCCCGTCCATGCGGTACCCCTTTCCCAGCCCCGGAAAAAGAAAAGCTCCGCCGGCATCTGGATCCTTATCCTGATTCTGCTGGGAGGCGCCTGCGCCGCTTATTACTACACGCAGAAGCCTGCGGAGGACTCCGCCGCCCCGCAGGAACCGTCCAGTACGCAGCCCAAAAAAGAGAAGAAGGAAGCACCCAAACCGGAAAAGAAAGCCGCCCTGCCTGCTGCGGAAGTGGAAGACCCCTTTGAACAGGAAAGCGCCGCCGCGGAGGCCCCCCCGGGTGGAGCAGCGGAACAGCCGGAAGAAACGCCGTCCGCCAGTGCCCCTGAGGAACAGGACGAAGACGGCTCCGCCACTCCCGCGGAAGAACCTGCTCCCGAACCTGAACAGCCTGCCGGAGAGGCGGACGCTCCGGCAGACGACGCCACGTCTGCGGAACAGCCGGAACCGGAAACTCCCACCAAACAGAAGGATGCTCCGGCCCTGGCGGCACAAGCTGCCGTCAAACCCGCCTCCCCCGGCCGTCCGCGCGGAAAAGCCGCCAGGCAGACCACCAACATGGGGGACGTCAACGCCTACGTGAAAAAAATTCGCCAAGGCCATGACGCTGAACCAGTGGAGGAAGCAGTACGCCAACCTGTACACGAGCTGGTTCGGCAACTCCGAGGAAGTGGCCAAGGGCTGGATCACCACCTTCGGCCCTCTGGGCTTCCGCGCCCGCGGCCTGGACGCCTCCTGGCCGGACACGAACTTCCGGGGCTTTTTCCCAAAAACCCTGCTGGACCCCAATGGGGAACCCGTGGCGAACCTCTACATGGTCACCCAGGTGATTGAAGGCTCCCCTGCTGAAAAATACGTGAA
NZ_CP133761.1_gap83	3098013	3099590	1577	GCCGCGTACGGGGAGCGCATCATTCCGTTTGACCGGGAGGACCCCACCAGCGAGGTAATGGCCCGCACCATTTTCAACTTCGCCCGGCATGCGCTGGAAAAGGCCAGGGAAGGTTCCGGCGAATACCCCGTGCGGGACTGCGTCACCCTGGAACGCGTGCGCGTGTGGGAGACCAGCAGTTCCTGGGCGGAATACGGAGAATAGAAGCGCGGGCTATTCCTTCCGCCACGCGTTCCGCCGGGAATGCCGTTTCAACCGCATTTCACGGTTCTCCTTTCAGGACGGTTACCCGGTTGCCGGGCAATTCCCCCGCATACGGTCTGCGGAGGCTTATCCCTTAAAAGGGGTTGAATGAGATCATGCGCTTCTGCGTCCAGTGCCCGTACGTAGAGGAATACACATCCGTAATTTCACGGGCCCATTCGTCAATGGTGCGCTGGTGGTGGGCGTATTTTTTAAAATCCTTGGTATCCACGCCCAGCAGGGCGCTGTGGTCTTCCTCGTAGTCCGCAAATTCGGAAACGATGCGTCCGTCCTCATCCCGCAGGCGTCCCGCCATGGCGATGTGGCCCTTTTTGATGAACCGCTTGACCAGGCCGCCCCCCTTGATGCCGCTCAACGCCGTGACAAAAATGCCGGCTTTGGCGTTCGTGGGCGTGATGGAGATGATGGCGAGCTCCAGCGTATAGGCCCCCTGGTTCCCGGAGGCACCATCTCAAAGTGCGGATTTTCCGCAACTTCCTTTTCCATGCTGGCCGTGACGCTCTTCCGGAAGTATTCCGCCAGACGGTGCAGGGCATCAAATCCTTCCGCGGTATCCGGCCTCACATCCATGTGCACCGTATCCACCGGAACGACGGCCATCAGGACTTTTTTGCCGTCCACGCCGTTTACCTTGTCATTCCAGATTTTTTTATCATCAGCATTCCAGTAGGCATCAAACGGGATATGGGAGTCGCAATTTTTTACCTGATGAGTCACGAAGCCCGTCCGGGGCACATGCTTGAAGTTATTGGAGCAAGCCACTACCGCCATGCCGCCAAGCAGCACGAGCGCCATCAGGGAAGCGAGGAACAGGAACCGGTGTTTCTTCATAAACAGGCAATCAGCTAGAGTCATTTCATACATGACCCGGCATCCGCTGTCAATAAAACCCAGGAAACAAACCGCTCAAGACCGGAAACCGGAGCCTTCCTCGTTGAGGCGGCAGGAGAGGGAACGCAGATTTCCGGCATCCCCCCGGTCAGGAAGAAGGGAAACGGAAGGAAATTCCCCCTCCCTGCATCCGGAAATATCCCGGCAGGGATGTTGACAAGGGTGGAAACTTTTTATCAGAAGCGCACGGGAGGAGACAGGGGCCTCCGGCCTGTTTTCCCTGTTACCGTTCGCGAGAACGGAGCCGTCCGGGAATGCTAAAAGGAAAAGGCGCGGCAGGTCCATGAAAACCCTTTTAAAGGAACGGCCACCCGGGAGGGGCCTTAATCCTCTTCATCCATGGGACGGTATTTCACGGCCAGTTTTTCCAGAAGCTTCAGGGCCAGGGCGGCACGGCTGCGGAAGGATTTATAGTCCCGCGG
NZ_CP133761.1_gap84	3183877	3186298	2421	AACCCGTTGACATAGATCTTTTTCAATGTGGTGCTCATGAAATAATGGAGTTAGATGTTGAACGAATTCATTGATGGACGCTAGCACGCTGCCTTTTAAGCTGGCAATGGGTAAATTTTGAAAATATGGCAAAGAAATACGTGCCACCGGAGAAGAATCCCCTCCCTTTTCCCACGTTGCCATCCGCCTCAAAAACTCACCAAATATCATAACGTTCCCGACGTGTTTACGTTGCTGGTTTTTGATTCATGGTAGTCGCAACCATTGAACAAACATCATTTCATTACCATGAACAACACTTTCAATATCGGCGCCATGGACACCGTCTATCCCTTCATTCCCATGTACCCCAACGGACAGCCCCAGGGCAACTTCCTGGTCAACGGACTCTCCGCTCCCGTCCTTATCCCCAAACGAACTGCTTCCAACAACACCCGGCACGAATAGTCCGGATACCTCAAGGTCATGGCTCCCGCCACCTGTTTTCTCCACCTTCACGCCCACTCCTCCATCTCCCTTTCCATCCCCACCAAGGATCTGGAACTCTCCACGGAGCCGGGTTCAGACGCATGGTATAACCGAACATCATTGCTTATATTAATTTTATTATTTATTTTAAATATATTATATTTTTTATAAGTATTTTATTATATGATGAAGAAAATCAAAATTTGAGTAAATATTATAGCTTGCACTCTTTCTCTTATTTTCATGATTATAGCATCTTCAATGTGCTGGGTGAAGCCGTGGACGAACGCGGCGCGCTCTCCTGCTCCGGCATGAAAAGCATTCACCGCAGCGCTCCGCCGCTGGACGAGCAATCCACCAGCACGGAAGTGCTGGAAACGGGCATCAAAGTAATCGACCTCATCTGCCCTTTCGCAAAATCGGCGCCTTCGGCGGCGCGGGGGGGGGGAACGCACCCGTGCAGGGAACGACTTGTACAATGAAATGATAGAATCCGGCGTGATTAACCTGGAAAAGCCGGAGGAATCCAAGGTGGCCCTGGTCATTGATGGTTTTACAGTGAGCCAGACGAACCATGCGGGCATTCATTCCTCGCAGGAACGCTCCTATACCTCTACAGGCATGATTCTGCATCAGACGGATGCCCGGGGCAATGCCACAACGATTGAAACTGACTTAGACGGACGACCAGTCAAATCCACGGATGCAGCCGGCAACGTAACCACCACCAGCTACCTGCCCTGCTGCGATGCTGTGGCTTCCATCACCGATTCCATGGGAGGTACTACTTGCTATTCCTACGACATCCAGGGAAGAAAGATAGCCGAATACGGCACGTCCCTCCAGCCGGCCAGTTTCGCCTACGATGAAGCCGATCGTATGGTCTCACTGACTACTTTCAGGGTGGACGAAGGGGACATCATCACTGATCCTTCCGGCCGCGCCGACGGGGACACTACCACCTGGCTCTACGACGAGGCCACGGGAATGGAACTGAAGAAAACCTATGCCGACGGCTCCTGCGTTCTCAGAACCTACGACCAGTTCAACCGTCCGGAAACCGTCACCAAGGCCAGAGGCATTGTCACGACGTACGCCTATGCTCCATTGACAGGAGAACTTGTCTCCGTCTCCCACAGCGACGATACTCCGGGATGGGAGTTCTCCTGCAATCATCTCGGGCAGATGACTTTTATCCGGGACGCCTCCGGCCTCCGGGAACTTTCCCATGACAGTTACGGCAGAATGGTTCGGGACACTTCCTTTGGAACGGTAGAAAGCAGCCTTCAGGAAGACTTCGACACGTTCGGACGTTCCACCGGCTACCGCCTCATGACCGGAACCCGCACGGTGCAGCACTCCCATCTTGACTACGATCGGAAAGGTGGCATGATTGGGATGAATCTGGATGGTTTGGCCTCTTCCTTCACTTGGGAATACGATGAAACCAGCGGCTTCCTCAACCGGCTCACCTACCCCAACGGCATGGTTCGCAGCAACATCTATCTACCATCCCAAGCTCAACCTCGTGGCTTCCATTGGCTATGAGAAGCAGGGAAATGGAGGCATGGCCGCCGGCCATGAATACCAGTATGATGCCCTGACGCGTCCAGTTCAACGCCGGGACTCCTGGGATGGAACCACTCCTGCCACGCTAAGAGATTTTACCTACAATAGCCGCAGTGAATTGACTGGAGATCAACTCAGGGAGAGAGGCAGCTACAGCTACCGGTACGACAACATCGGCAACCGCAAGACTGCACGGGAACTGGAGGAAGAAGTATCCTACAATGCCAACCGGCTCAACCAGTACACGGACATTACCAGAAATACGGAACCATTCATTCCCACTTACGATGCAGACGGTAATCAGACCAGGATCAAGACCTCGACAGGCATTTGGAAAGTGAGCTATGATGCCAATGACCGCCCTGTGTTATTTTACTCAAGAAG
NZ_CP133761.1_gap85	3191339	3194806	3467	GGTTCCAGCTCCCGGCGGATGTATTCCGCCGTGGGGGAGTTCTTTTTGGCTATCTGCTCCGGGGTTCCTTCCGCCACGATGGTTCCTCCGGCTTCACCGGGGCCGGGGCCCATGTCGATGATGTAGTCCGCCTCCGCCATGATTTCCGTGTTGTGTTCGATGACGATGACCGTGTTTCCCTGGTCCGCCAGACGGTGCAGCACATCGATGAGCAGCCGCACGTCTCGCGGATGCAGGCCGATGGAAGGTTCTTCAATGAGGTACAGGTCGCCAGGCAGTTCCTTGCCCTTCATCAGGGCGTTCCGGCTGACGCGCCGCCCCTTGATGAGCTCCGTCACCAGCTTGAGCCGCTGGGCTTCCCCGCCGGAGAGCGTATTGGAAGCCTGCCCCAAGGTCAGGTAGCCCAGGCCGGTTTCCGCCAGCAGTTTGAGCGGGTCTGAGATGCGGGGCTGGCTTTCAAAGAATTCCGCCGCTTCCGCAAAGTCCATCTGGAGCACGTCCGCAATGGTTTTCCCCTTGTACCTCACGGTCAGGGTGGCGGCGTTGTAGCGCTTGCCCCGGCAGGTTTCACACGGCACGTAGCAGGGGGCAGAAAGTCCATTTCCAGCTTTTGCATGCCCGTGCCCTTGCAGGATTCACAGTTACCCTGCCCCGTGTTGAAGGAAAAGCGGCCGCGGTCGAAGCCCAGTCTGCGGGCGTCCGCCGTTTGCGCGAACAGGGTCCGGATGTCGTCCAAAAAGCCCACATAGGTGGCGGGCGTAGAACGGGGCGTCTTGCCGATGGGGCTTTGGTCCACGCCGTACACCATGCGCAGCGTGTCAAACCCGGAGGAGGTTTTCCACAGCTTTTTCTGGTCCCGAGTGAGCTTGTCGCCGATGGCCTGGCGCGCCGCCAGCCGGATGGTTCCCGTCATCAGGGAGGTTTTCCCCGCGCCGGATACGCCGGTGAGCACCGTCAGCCGCCCCTTGGGAATGGCCGCATTCACGTCCTTCAGGTTGTGCAGGCGGCAGCCCTCCACCCGCAGCCACGCGGTTTCATCTTTTCTGGCCGGAACCCTGCGCCTTTTCCCGCGGTAGGGATGGCGCGGCTTATGATGCAGGGCCGCGCCCGTGACGGAGTCCGGCATGGCTGCCAGTTCCTCAAAGGTGCCCTGAGCCATAATCCTGCCGCCATGGATGCCGGCTCCCGGCCCCATGTCCACAATGTGGTCCGCACGCTTCATGGTGTCTTCATCATGTTCCACGACCAGCAGGGTATTGCCCCGGCGCTTGAGTTCATCCAGTGTACCCAGCAGCAGTTCGTTGTCCCGCGGATGCAGGCCGATGGTGGGTTCATCCAGCACGTAAAGCACGCCGCGCAGGTGGGAGCCCAGCTGGGATGCCAGGCGGATGCGCTGGGTTTCCCCGCCGGAAAGCGTCGTGGCGCTGCGGTCCAGGGAGAGGTAGCCCAGCCCCACCCGCTGGAGGAAGTTGAGGCGCTGCGTGATTTCCGCCACCACGTCACGGGCAATGAGAGCTTCCTCCCGTTCAAATTTCCATCCTTTGACCAGTTCCGCGGCGGCTACGGCAGGCAGGGAGGCGATTTCACCGGGAGTCACTCCCTGAAGCCGCACGGCGCGCGCAAATTCATTCAAACGCACTCCCTGGCAGGCGGGGCAGATTTTCACCCCTTTGTCATCGTCCGCCTGCCGCGCCAGTTCCTTGTCATATTTCAGTTCGGCTTCCAGCAGAGATTGCGCCTGGTCTTCCTTCATCTTTCCCTTGCCCACGATGCCATGCCCGCGGCACACAGGGCACCACCCGCGTGGAGAGTTGAAGGAGAACGTGTACGGTTCCAGTTCCGGGAAAGATTGCCCGCAGGAGGCGCACGCAAGCTTGGTCCCCATCAACTCCGGCCGGCTGGAACCGGGCGGAAGCACTTGCAGGAAACCTTCCCCCATTTCCAGCGCGGCATGCACCGCTCCGGCAAGTTTTTCCGGGGTCCAGGAGGCCTCCGGACGTGAAACGACCAGGTCCAGGTCATGGCTGGAATAACGGTCCAGCGGCTGGAATCCGCTCAACGGAACCAATTTGCCATCCACCCACATTTCCTCATATCCCTTTCCTTCCGCCCAGCGGGCCAGGTCCGCGTAATGCCCCTTGCGTCCCCTGACGAGGGGAGCCAGCAAGGCCAGACTGCCGTGTTTTTTCAGCTGCCGCACCACCAGCTCCACCACTTCGGATTCCGATCTTTTGCCCACCGGCACGCCGCACTGCGGGCAGTAGGCCTGCCCCAGCTTGGCATATAGCAGACGCATGAATTGCCAGATTTCCGTCACGGTGCCCACAGTGGATTTGGTGCCGCCGCGGGACATGTTCTGTTCAATGGCCACCGTGGGGGGCAATCCGGTCAAGCGGTCAATGTCAGGGCTTTCCAGTTGTTCCGTGAATTGCCGGGCGTACGGGGACATGACGTCCATGAAACGCCGCTGCCCTTCCGCAAAAAAGATGTCGAAGGCCAGGGAGCTTTTCCCGGAGCCGGAGAGCCCGGTCAGCACGGTCATTTCTCCGCGCGGCACGTCCAGGTCCACGTTTTTCAGGTTATGGTGGCGCGCTCCCCGCAGGGCCATCACGCCTTCCGGTATGTCCACGTCAGCGGATTCCGGCATAGCGGCGTCCGCCGGATCGTAAACGGAAGGGCGCCCTTCCAGCACATCCCGGAGGTATTTGCCCGTATATCCCTTCCCGGAGGCTACAATTTCCTCCGGCGTTCCCGTGGCTACCACATGGCCGCCGCCTGCGCCGCCTTCCGGCCCCAGGTCGATCACGTAGTCCGCGGATTTGATGAATTCCGGGTTGTGCTCGATGACCAGCAGGGTGTGCCCCTGCTCCACCAGTTCCCGGAACACGGCCAGCAGAATTTCAATATCGGCAAAGTGAAGTCCCGTTCCCGGCTCGTCCAGAATCAGCATCTTGGGGCTGTTCGCGCCGGATCCAATCTGGTCCAGCAGGATTTTAGCCAGCTTCAACCGCTGGTTTTCCCCGCCGGAGAGAGTGTTCAGCGGCTGCCCCAGGGTCAGGTGCCCCAGCCCTACGCGCTGAAGCACGCCCAGCTTGGAAGCAATGCGGGAGGCCTTGGCCCCTTTTTCCGCTCTGAAGTATTCCAGCGCGGCCGCCACCGTCATGCCGAGCACGTCCGCAATGTTCCTGCCGTCGCGGTACACGCTCAGCACTTCACTTCCGTACCGGGAGCCGTGGCACAGCGGGCACTGCACGAAGATATCTGAAAGAAATTGCATTTCCACCTTTTCACTCCCCATGCCCATGCAGCGCGGACAGCGGCCGTCGCCGCTGTTGAAGGAGAAGAAACCGGGCTTCATGCCGCGCGCACGGGCCGTTTCCGTCTCCGAGAAGAGGGAACGTATTTCTTCAAAGACCCCGGCATAAACGGCAGGAGTGGAGCGCGGGGTCCGGACGATGGGGCTCTGG
NZ_CP133761.1_gap86	3196699	3198328	1629	ACAGCGTGTGCATGGCCAGACTCGTTTTCCCCGATCCGGAAGGTCCCGTCACCACTGTCAGCCGCCCCAGGGGAATGTCCACATCCACATTCTGCAAATTATGCTCACGGGCGCCGCGGATGCGGATGCGCCCATCCTCACAATGACTCATAGGGTAATTATATCATCAATTTGGAATCATTCCAAGAGAAGTACCTGTCATGAACCATGGGCCATCACACGGTTCCACAACAAAACCGGCCAAAAAAAAGTTTACGTTTATCCTCTTTCCCAACTGATCGTCTGCCTCTTTCCATGTATGACGCAGCCGGAATGCAATGGCATGCGCCTCCCGTTTCATGCCTAGTGCTCAAGCGCCGGCTTACATGCTCATGCACGGGCATTCTTCAATTAATGCAGGCAAAATTTCCTCCTCCGGACAGGAACGGAAGTCTTCCGGAACCGGAAGTATCATGGCCGGAGGACCGCCTTCCGGAATCTCCATGGAAGGCAGCCGCACGGGCAACATTTTTCCGGGGCGCCTGTTCCATGAATAAGACCGGCCATGATCGTTCCCATCAATCCGGATGAGCACGGCCCTTCCGGCACGAATCATCTGGCTGTCCTGTTTGATCTCCACGTCTATCAATGCTCCTTTCAACGCGGAGCATCGAATCTCCAAGGAGACGGAAGAAAACCTTTTCCGGCTCGTAACCGCGTACATGAATGGGGAAGGAAGAGAACTCTTTCCCCTTTCTTCCAAAGGATAACAATAATAGGTGACGGATTCGATATCCGAAATCCACTTTCCATGAACATATTGTTCCCGGTCCGGCCTGAGCCAGGGAAACAGGTATTCCACGGAATCATCCAGAAACGCAGTTTTCCTGTTCCTCAACGAAAGCCTCATCCATTTGAAAAACAGCTGTTCATCATCACAATAACGGCGCAAGAGCCAATAGGCTCCCAGAACGGCCATGCATCGGTTGATGAGGACGGCGTTTTCCCCGTTCCCTCCATCGTCCAGCCATGTTTCCTTCATCGCGCCGGAAGCGTTGCAAATCACATGGAAACGCAAAGAACGCTGCGGATCTACCCTATCCAGCATATCATCCAGAATATCCTTTTGCCGCGCCTCCACGATGCACTCCGCCAGTGAGAAAAACTTCCCCCCGTTCTCCAACCCGTGAACCATGCTGGAAAATCCGGCATTTTCCAGCCGCACCATGCCCGCCTTCGGCAGGTAAGAAGCGTCATGTTCCATCACCAGGCGCGTTCCCCGAATTTCATCGGGCATCCTCTCCATCAGGATGCGGTACGCTGAAAAGCCGACGGCGCAAACGGCCAGCACCGCACATCCCATCCCCAAAAGAGGCTTCATTCCGCCTTCATACCACAAACAAGCGCCTCCACACAGGAATTTCCGTTAACATTCAGATAACAAAAACGTCTCTGAACGGAACCTCCCTCCATTACTATTTATGTTTCTCCCACCCTCCCAAATTTATTCCGCACAGGGTAATATCCACGGAATCCGTTCCCTCGGGCCATGGGACAACAAGCCTGTAACCGTCCGCATAAGGCACCTTCCGGGAAGCTCCGGGAGTGGAATGAGTATACAGAGCAATGCGCATTTCATTCCCCTTCATG
NZ_CP133761.1_gap87	3207999	3208499	500	CCTCTTGTCAACCATCCCGGCTGCCCCCTTTCGGAACCTCTCCGGGACCTTCTGGTCCGGTGCCTGTAAGTGCTTGATTTACGGCGGCGTAATTGTTTCCTTTTCGTCACACACCCCAATAACAAAGTAGTAATTCACTGATAATAAAATAATTATAGTGTCATTCAAAGAATATACTCAGGAGGACTAAATTATTGAAGGAAGCAAGACTAAAATATTTTTTGGTGTGGAACCCCCGTGGAACGTAGAGCCGCGGAACGATGACTCACGCTGCTTCAAAAAGATATTTTTTCCTCAGGCGCAAATCAGTACTTTGGCGCTTCCGTCGACCGGGGTGTCGAGCTGAAAGCGGATGAGTTCGCCTTCTCCATCCCGATGGACGCCACGAGCTGTCACGGCTGCGGATGAACCCATTCCGGTTCCATCCGCGGGCGGCCTCGTAGCGAGACGGAAGGCCTCACAGCCATTTATAACCAGCAACATCTTTTATTTTCACAACA
